-48.4 439.7 1864.7 05 0.9969900250 -0.0258283094 -0.0731014460 0.0265376586 0.9996095300 0.0087488685 0.0728469342 -0.0106624756 0.9972861409
-43.3 240.7 1866.8 0.9969900250 -0.0258283094 -0.0731014460 0.0265376586 0.9996095300 0.0087488685 0.0728469342 -0.0106624756 0.9972861409
-40.5 44.9 1870.4 0.9972108006 -0.0142048225 -0.0732726231 0.0155117018 0.9997300506 0.0172977094 0.0730071291 -0.0183860455 0.9971619248
-185.2 238.4 1856.4 0.1495873630 -0.7125088573 -0.6855324507 0.9870999455 0.0675943345 0.1451369822 -0.0570732728 -0.6983996630 0.7134287357
-224.9 -23.6 1871.6 0.0923231095 -0.7075831294 -0.7005730271 0.9607607126 0.2481218725 -0.1239934042 0.2615631223 -0.6616355777 0.7027254701
98.7 242.9 1877.2 0.2163885385 0.9159626961 0.3379176557 -0.5463427901 0.4004563093 -0.7356250882 -0.8091263771 -0.0254380405 0.5870838165
149.2 115.4 1688.4 -0.4012607932 0.9159626961 0.0014584843 0.9138838053 0.4004563093 -0.0667170212 -0.0616943650 -0.0254380405 -0.9977708459
-133.4 -154.3 1866.8 0.9420241117 0.0588789843 -0.3303390145 -0.0967183858 0.9903466105 -0.0992932916 0.3213038445 0.1254865229 0.9386250377
-156.5 -542.2 1817.6 0.9464613199 0.0000000000 -0.3228172660 -0.0000000000 1.0000000000 -0.0000000000 0.3228172660 0.0000000000 0.9464613199
46.3 -154.1 1883.8 0.8542926311 -0.0113578746 -0.5196682811 -0.0350097530 0.9962337017 -0.0793268904 0.5186120272 0.0859618336 0.8506774306
50.7 -543.9 1850.2 0.8548166156 0.0000000000 -0.5189301372 0.0000000000 1.0000000000 0.0000000000 0.5189301372 0.0000000000 0.8548166156
-250.9 -294.2 1797.9 0 0 0 0 0 0 0 0 0
49.5 342.5 1673.0 0 0 0 0 0 0 0 0 0
-156.5 -918.9 1817.6 0 0 0 0 0 0 0 0 0
50.7 -920.6 1850.2 0 0 0 0 0 0 0 0 0
-48.4 437.2 1864.0 06 0.9972490072 -0.0212575812 -0.0710108578 0.0222442858 0.9996662736 0.0131332595 0.0707079843 -0.0146767152 0.9973890781
-44.2 239.2 1866.9 0.9972490072 -0.0212575812 -0.0710108578 0.0222442858 0.9996662736 0.0131332595 0.0707079843 -0.0146767152 0.9973890781
-41.7 43.5 1870.5 0.9973845482 -0.0130574582 -0.0710886717 0.0143475244 0.9997409582 0.0176669899 0.0708395690 -0.0186407287 0.9973135591
-186.3 237.2 1856.8 0.1433880031 -0.7145584822 -0.6847233772 0.9880716801 0.0640989691 0.1400202960 -0.0561626256 -0.6966329813 0.7152259946
-224.1 -23.1 1871.6 0.0929849297 -0.7097741365 -0.6982653141 0.9599806666 0.2499861121 -0.1262699664 0.2641797960 -0.6585800052 0.7046144009
97.8 241.3 1877.0 0.2257434428 0.9156271815 0.3326661289 -0.5514808893 0.4016068280 -0.7311503291 -0.8030621409 -0.0184066035 0.5956109762
150.0 113.9 1691.4 -0.4018879235 0.9156271815 0.0106281266 0.9131369591 0.4016068280 -0.0699487031 -0.0683152601 -0.0184066035 -0.9974939823
-127.8 -152.3 1867.3 0.9415608644 0.0749591291 -0.3283965886 -0.1129974052 0.9887210727 -0.0982965752 0.3173243999 0.1296601743 0.9394112229
-157.2 -539.5 1816.5 0.9476301670 0.0000000000 -0.3193698823 -0.0000000000 1.0000000000 -0.0000000000 0.3193698823 0.0000000000 0.9476301670
52.3 -149.4 1880.5 0.8553450704 0.0143273920 -0.5178605318 -0.0489176549 0.9973848462 -0.0532026514 0.5157439709 0.0708391517 0.8538091183
46.6 -539.7 1852.8 0.8563703299 0.0000000000 -0.5163621306 0.0000000000 1.0000000000 0.0000000000 0.5163621306 0.0000000000 0.8563703299
-250.3 -293.6 1797.2 0 0 0 0 0 0 0 0 0
49.8 341.6 1674.4 0 0 0 0 0 0 0 0 0
-157.2 -916.2 1816.5 0 0 0 0 0 0 0 0 0
46.6 -916.4 1852.8 0 0 0 0 0 0 0 0 0
-49.6 438.3 1863.1 07 0.9978453517 -0.0193003435 -0.0627068803 0.0202673674 0.9996847510 0.0148219792 0.0624010414 -0.0160609465 0.9979219437
-45.7 240.7 1866.3 0.9978453517 -0.0193003435 -0.0627068803 0.0202673674 0.9996847510 0.0148219792 0.0624010414 -0.0160609465 0.9979219437
-43.4 44.9 1869.9 0.9979540706 -0.0122490739 -0.0627506003 0.0133773908 0.9997557402 0.0175924934 0.0625197813 -0.0183959398 0.9978742003
-187.9 238.8 1857.4 0.1337396652 -0.7196573019 -0.6813274026 0.9902116656 0.0693383664 0.1211322471 -0.0399315730 -0.6908585429 0.7218863964
-223.6 -25.7 1868.1 0.0738797933 -0.7174088359 -0.6927238703 0.9622910619 0.2336317003 -0.1393276304 0.2617971301 -0.6563084722 0.7076167464
96.4 242.6 1875.2 0.2400152832 0.9174565673 0.3172791898 -0.5283139348 0.3976416588 -0.7501769662 -0.8144182563 0.0124309435 0.5801451802
151.9 120.5 1687.0 -0.3966935277 0.9174565673 0.0301272720 0.9167416692 0.3976416588 -0.0382864326 -0.0471059978 0.0124309435 -0.9988125563
-129.3 -153.6 1867.7 0.9446284175 0.0681578368 -0.3209854364 -0.1062798202 0.9890115857 -0.1027649418 0.3104540706 0.1311889589 0.9414922595
-156.0 -541.0 1816.3 0.9500090480 0.0000000000 -0.3122224212 -0.0000000000 1.0000000000 -0.0000000000 0.3122224212 0.0000000000 0.9500090480
50.9 -151.0 1880.5 0.8595981002 0.0060033794 -0.5109354258 -0.0472147949 0.9965862632 -0.0677245334 0.5087846518 0.0823395923 0.8569471240
48.6 -541.2 1848.3 0.8605578542 0.0000000000 -0.5093526840 0.0000000000 1.0000000000 0.0000000000 0.5093526840 0.0000000000 0.8605578542
-244.5 -296.7 1794.3 0 0 0 0 0 0 0 0 0
52.3 350.6 1675.2 0 0 0 0 0 0 0 0 0
-156.0 -917.7 1816.3 0 0 0 0 0 0 0 0 0
48.6 -917.9 1848.3 0 0 0 0 0 0 0 0 0
-50.2 436.9 1859.2 08 0.9877602458 -0.0454893634 -0.1491993368 0.0458125398 0.9989492297 -0.0012718380 0.1491004080 -0.0055789296 0.9888063073
-40.5 223.5 1860.4 0.9877602458 -0.0454893634 -0.1491993368 0.0458125398 0.9989492297 -0.0012718380 0.1491004080 -0.0055789296 0.9888063073
-37.5 27.8 1866.6 0.9885404110 -0.0158551689 -0.1501214504 0.0203975718 0.9993780255 0.0287668183 0.1495719850 -0.0314992741 0.9882489443
-180.8 220.6 1839.2 0.1680188179 -0.6601949334 -0.7320603132 0.9802654982 0.0334288441 0.1948384494 -0.1041594297 -0.7503499985 0.6527830362
-222.9 -25.0 1865.3 0.0574659444 -0.6623762846 -0.7469640970 0.9628647566 0.2344721407 -0.1338442564 0.2637975216 -0.7115339041 0.6512529254
99.8 226.5 1881.6 0.2302504331 0.9174215198 0.3245342076 -0.4437271357 0.3957860768 -0.8040271401 -0.8660778999 0.0411229543 0.4982147515
152.0 126.0 1685.4 -0.3957139254 0.9174215198 0.0418113656 0.9183169007 0.3957860768 0.0068910187 -0.0102263875 0.0411229543 -0.9991017580
-131.2 -152.1 1867.8 0.9138716459 0.0553311706 -0.4022151828 -0.1047808751 0.9892522693 -0.1019846722 0.3922493756 0.1353453696 0.9098472595
-152.8 -539.6 1814.8 0.9189300537 0.0000000000 -0.3944205344 -0.0000000000 1.0000000000 -0.0000000000 0.3944205344 0.0000000000 0.9189300537
49.2 -149.7 1879.1 0.8119193316 0.0010105358 -0.5837687850 -0.0436134301 0.9973087907 -0.0589321889 0.5821381807 0.0733083412 0.8097783923
48.8 -540.2 1850.4 0.8126926422 0.0000000000 -0.5826926231 0.0000000000 1.0000000000 0.0000000000 0.5826926231 0.0000000000 0.8126926422
-239.1 -296.2 1791.0 0 0 0 0 0 0 0 0 0
52.0 358.1 1682.8 0 0 0 0 0 0 0 0 0
-152.8 -916.2 1814.8 0 0 0 0 0 0 0 0 0
48.8 -916.9 1850.4 0 0 0 0 0 0 0 0 0
-52.6 435.4 1851.7 09 0.9791826010 -0.0645868629 -0.1924318075 0.0658738241 0.9978279471 0.0002906104 0.1919950545 -0.0129607795 0.9813103080
-38.3 214.6 1854.6 0.9791826010 -0.0645868629 -0.1924318075 0.0658738241 0.9978279471 0.0002906104 0.1919950545 -0.0129607795 0.9813103080
-34.0 19.1 1865.4 0.9806266427 -0.0226504710 -0.1945720911 0.0328318812 0.9982461333 0.0492623262 0.1931150109 -0.0546961166 0.9796504378
-177.7 209.8 1827.2 0.1789682508 -0.6250526309 -0.7597891688 0.9761932492 0.0166261103 0.2162644714 -0.1225443333 -0.7804055214 0.6131476760
-223.6 -41.0 1858.7 -0.0385078788 -0.6471934319 -0.7613526583 0.9475149512 0.2183509022 -0.2335344255 0.3173839748 -0.7303858995 0.6048172116
101.0 219.3 1882.0 0.2392307520 0.9132349491 0.3298038840 -0.3994201422 0.4021566212 -0.8238528967 -0.8850040436 0.0653606430 0.4609726667
156.3 127.1 1677.7 -0.4049340785 0.9132349491 0.0450594202 0.9136193991 0.4021566212 0.0597467162 0.0364418440 0.0653606430 -0.9971960783
-123.5 -169.8 1859.3 0.8932412267 0.0892197192 -0.4406358302 -0.1321752220 0.9889112711 -0.0677066445 0.4297089577 0.1187195033 0.8951289654
-158.5 -556.9 1812.8 0.9011476040 0.0000000000 -0.4335124493 -0.0000000000 1.0000000000 -0.0000000000 0.4335124493 0.0000000000 0.9011476040
54.5 -166.0 1886.2 0.7850422859 0.0182703920 -0.6191726923 -0.0879656821 0.9927230477 -0.0822376981 0.6131644845 0.1190260202 0.7809367180
47.3 -554.4 1839.7 0.7880973220 0.0000000000 -0.6155506372 0.0000000000 1.0000000000 0.0000000000 0.6155506372 0.0000000000 0.7880973220
-212.8 -306.3 1769.8 0 0 0 0 0 0 0 0 0
53.3 359.3 1686.9 0 0 0 0 0 0 0 0 0
-158.5 -933.5 1812.8 0 0 0 0 0 0 0 0 0
47.3 -931.0 1839.7 0 0 0 0 0 0 0 0 0
-52.9 429.9 1849.5 10 0.9714061618 -0.0457874537 -0.2329668105 0.0417432711 0.9988803267 -0.0222628824 0.2337253094 0.0119015053 0.9722298384
-42.5 203.0 1846.8 0.9714061618 -0.0457874537 -0.2329668105 0.0417432711 0.9988803267 -0.0222628824 0.2337253094 0.0119015053 0.9722298384
-35.9 8.9 1868.7 0.9706301093 -0.0353758037 -0.2379616201 0.0607902482 0.9930959940 0.1003240570 0.2327696830 -0.1118432954 0.9660793543
-180.5 194.2 1813.8 0.1722046584 -0.8978923559 -0.4051356614 0.9719298482 0.0879434273 0.2182161063 -0.1603055447 -0.4313412607 0.8878326416
-223.8 -50.7 1854.2 -0.0621960759 -0.8978923559 -0.4357992411 0.9446699619 0.0879434273 -0.3160136044 0.3220718801 -0.4313412607 0.8427422047
95.5 211.9 1879.8 0.2667215466 0.9112304449 0.3138768077 -0.3365308940 0.3932318389 -0.8556376100 -0.9031093717 0.1225877330 0.4115405977
156.5 134.9 1673.2 -0.4009808004 0.9112304449 0.0941988751 0.9149469137 0.3932318389 0.0907793194 0.0456788838 0.1225877330 -0.9914059043
-118.1 -179.4 1858.7 0.8700843453 0.1117373630 -0.4800708294 -0.1516473591 0.9874085784 -0.0450257808 0.4689950049 0.1119777039 0.8760734200
-161.9 -565.9 1814.9 0.8802649379 0.0000000000 -0.4744825363 -0.0000000000 1.0000000000 -0.0000000000 0.4744825363 0.0000000000 0.8802649379
58.6 -173.3 1893.5 0.7574486136 0.0325875580 -0.6520810723 -0.1220757589 0.9882088900 -0.0924161151 0.6413806677 0.1496037394 0.7524955869
45.9 -559.9 1835.0 0.7631564140 0.0000000000 -0.6462138295 0.0000000000 1.0000000000 0.0000000000 0.6462138295 0.0000000000 0.7631564140
-206.4 -315.9 1763.8 0 0 0 0 0 0 0 0 0
55.2 366.1 1684.7 0 0 0 0 0 0 0 0 0
-161.9 -942.6 1814.9 0 0 0 0 0 0 0 0 0
45.9 -936.6 1835.0 0 0 0 0 0 0 0 0 0
-54.4 431.1 1846.9 11 0.9635105133 -0.0361218862 -0.2652219832 0.0267483070 0.9988861680 -0.0388707444 0.2663306594 0.0303581338 0.9634035230
-45.7 190.8 1839.6 0.9635105133 -0.0361218862 -0.2652219832 0.0267483070 0.9988861680 -0.0388707444 0.2663306594 0.0303581338 0.9634035230
-32.6 -2.9 1863.6 0.9597393274 -0.0682708994 -0.2724693716 0.0986033529 0.9901682734 0.0992178917 0.2630168200 -0.1220897064 0.9570351243
-182.2 176.6 1802.3 0.1685348302 -0.9028693438 -0.3955034912 0.9685445428 0.0771623850 0.2365742624 -0.1830776483 -0.4229337573 0.8874737024
-224.4 -66.2 1848.1 -0.0633094534 -0.9028693438 -0.4252280593 0.9491724372 0.0771623850 -0.3051518500 0.3083238602 -0.4229337573 0.8520935774
90.7 204.9 1876.9 0.2918680310 0.9040706158 0.3122008145 -0.2995187044 0.3963888884 -0.8678504229 -0.9083510041 0.1597878039 0.3864793181
156.9 137.0 1671.0 -0.4067820311 0.9040706158 0.1310903430 0.9127662182 0.3963888884 0.0986596420 0.0372325294 0.1597878039 -0.9864490032
-116.8 -190.9 1869.8 0.8536216617 0.1165147349 -0.5076951981 -0.1774016470 0.9814241529 -0.0730428621 0.4897537529 0.1524169296 0.8584348559
-162.4 -574.9 1810.1 0.8673795462 0.0000000000 -0.4976471663 -0.0000000000 1.0000000000 -0.0000000000 0.4976471663 0.0000000000 0.8673795462
58.2 -179.7 1911.6 0.7394945025 0.0308322310 -0.6724561453 -0.1676778644 0.9759007692 -0.1396487355 0.6519448161 0.2160254866 0.7268431187
46.2 -560.8 1827.2 0.7501147389 0.0000000000 -0.6613076925 0.0000000000 1.0000000000 0.0000000000 0.6613076925 0.0000000000 0.7501147389
-206.6 -333.1 1761.4 0 0 0 0 0 0 0 0 0
54.2 367.3 1680.4 0 0 0 0 0 0 0 0 0
-162.4 -951.6 1810.1 0 0 0 0 0 0 0 0 0
46.2 -937.5 1827.2 0 0 0 0 0 0 0 0 0
-57.2 431.2 1845.6 12 0.9880763888 -0.0364919677 -0.1495773643 0.0368836932 0.9993195534 -0.0001553053 0.1494812518 -0.0053635123 0.9887500405
-49.2 212.6 1846.8 0.9880763888 -0.0364919677 -0.1495773643 0.0368836932 0.9993195534 -0.0001553053 0.1494812518 -0.0053635123 0.9887500405
-39.7 18.0 1863.2 0.9869232774 -0.0512263253 -0.1528343111 0.0631039441 0.9952669144 0.0739028081 0.1483251601 -0.0825808495 0.9854846597
-188.6 203.3 1825.9 0.1291633099 -0.9459496140 -0.2974829674 0.9897246361 0.1044225544 0.0976783186 -0.0613348372 -0.3070426881 0.9497172236
-225.6 -80.1 1843.5 -0.0900195390 -0.9416627884 -0.3242957294 0.9490988851 0.0175747648 -0.3144875169 0.3018406034 -0.3360987306 0.8921490312
90.2 221.9 1867.6 0.2918102145 0.9086285233 0.2987323403 -0.3938602507 0.3987682760 -0.8281654119 -0.8716197014 0.1240083352 0.4742372930
155.3 134.0 1673.1 -0.4020657539 0.9086285233 0.1128597334 0.9156091809 0.3987682760 0.0514167771 0.0017138672 0.1240083352 -0.9922797084
-111.4 -196.4 1865.6 0.9054996371 0.1433295608 -0.3994083107 -0.1829412133 0.9811246395 -0.0626652986 0.3828875721 0.1298116595 0.9146289229
-168.6 -588.1 1813.7 0.9210433364 0.0000000000 -0.3894601464 -0.0000000000 1.0000000000 -0.0000000000 0.3894601464 0.0000000000 0.9210433364
64.6 -183.6 1907.9 0.8098769188 0.0585196540 -0.5836735964 -0.1650823206 0.9775342941 -0.1310516596 0.5628918409 0.2024898976 0.8013430238
41.6 -568.6 1828.1 0.8211431503 0.0000000000 -0.5707222819 0.0000000000 1.0000000000 0.0000000000 0.5707222819 0.0000000000 0.8211431503
-200.3 -347.2 1758.6 0 0 0 0 0 0 0 0 0
53.7 365.3 1673.5 0 0 0 0 0 0 0 0 0
-168.6 -964.8 1813.7 0 0 0 0 0 0 0 0 0
41.6 -945.3 1828.1 0 0 0 0 0 0 0 0 0
-59.3 430.8 1846.4 13 0.9838882089 -0.0773249865 -0.1611980349 0.0774661824 0.9969802499 -0.0054183016 0.1611302197 -0.0071563930 0.9869071841
-42.3 211.3 1848.0 0.9838882089 -0.0773249865 -0.1611980349 0.0774661824 0.9969802499 -0.0054183016 0.1611302197 -0.0071563930 0.9869071841
-42.8 16.4 1862.2 0.9864376783 0.0011108759 -0.1641324013 0.0107517233 0.9973920584 0.0713685006 0.1637836397 -0.0721652806 0.9838531613
-182.1 209.7 1824.9 0.1586005092 -0.9402903914 -0.3011642694 0.9831759930 0.1224110350 0.1355748177 -0.0906138644 -0.3175997138 0.9438853264
-226.0 -62.4 1849.9 -0.0977470800 -0.9352347851 -0.3402667344 0.9490663409 0.0153062781 -0.3147043288 0.2995306551 -0.3536971509 0.8861036897
97.4 213.0 1871.1 0.2586924732 0.9134814143 0.3140539229 -0.3703295887 0.3940683007 -0.8411695361 -0.8921514750 0.1013007686 0.4402316809
154.5 131.4 1674.5 -0.3960522413 0.9134814143 0.0932431445 0.9182277918 0.3940683007 0.0395966060 -0.0005734009 0.1013007686 -0.9948557019
-121.4 -177.9 1867.3 0.9023180008 0.0981395170 -0.4197509289 -0.1423685551 0.9869460464 -0.0752906054 0.4068825543 0.1276953965 0.9045111537
-160.2 -567.9 1816.8 0.9116038680 0.0000000000 -0.4110698402 -0.0000000000 1.0000000000 -0.0000000000 0.4110698402 0.0000000000 0.9116038680
56.9 -168.8 1891.1 0.7991394401 0.0273613334 -0.6005226970 -0.0996891782 0.9911638498 -0.0875004306 0.5928222537 0.1297906637 0.7948057652
46.2 -556.8 1840.3 0.8031402230 0.0000000000 -0.5957900882 0.0000000000 1.0000000000 0.0000000000 0.5957900882 0.0000000000 0.8031402230
-198.4 -329.6 1765.6 0 0 0 0 0 0 0 0 0
53.7 364.9 1674.4 0 0 0 0 0 0 0 0 0
-160.2 -944.5 1816.8 0 0 0 0 0 0 0 0 0
46.2 -933.5 1840.3 0 0 0 0 0 0 0 0 0
-59.7 432.3 1849.9 14 0.9931906462 -0.0643809810 -0.0970948711 0.0653163567 0.9978435636 0.0064828345 0.0964681208 -0.0127805742 0.9952540398
-46.3 223.9 1852.5 0.9931906462 -0.0643809810 -0.0970948711 0.0653163567 0.9978435636 0.0064828345 0.0964681208 -0.0127805742 0.9952540398
-42.3 28.6 1861.3 0.9948779345 -0.0219035875 -0.0986820981 0.0262741949 0.9987204671 0.0432100147 0.0976093709 -0.0455814824 0.9941804409
-187.3 219.9 1838.7 0.1368780583 -0.9604629874 -0.2424359918 0.9893267155 0.1202006266 0.0823675618 -0.0499700382 -0.2511227131 0.9666645527
-225.3 -54.8 1852.6 -0.0758798197 -0.9579226375 -0.2768148482 0.9486368299 0.0161583312 -0.3159542382 0.3071326017 -0.2865712941 0.9074946046
94.8 227.8 1866.3 0.2714962661 0.9136176705 0.3026425540 -0.4509710371 0.3985584080 -0.7986089587 -0.8502440453 0.0803363323 0.5202222466
155.4 127.2 1676.6 -0.3984621465 0.9136176705 0.0808123872 0.9170096517 0.3985584080 0.0156365987 -0.0179225840 0.0803363323 -0.9966066480
-133.3 -177.3 1862.1 0.9332096577 0.0536801293 -0.3553001285 -0.0919675753 0.9915257692 -0.0917528421 0.3473639488 0.1183007285 0.9302382469
-154.4 -566.9 1815.6 0.9371814132 0.0000000000 -0.3488423526 -0.0000000000 1.0000000000 -0.0000000000 0.3488423526 0.0000000000 0.9371814132
44.7 -176.5 1890.2 0.8388270736 -0.0243936051 -0.5438511372 -0.0514627285 0.9909688830 -0.1238236576 0.5419600606 0.1318546981 0.8299961686
54.3 -564.0 1838.6 0.8399400711 0.0000000000 -0.5426791310 0.0000000000 1.0000000000 0.0000000000 0.5426791310 0.0000000000 0.8399400711
-203.9 -321.9 1766.1 0 0 0 0 0 0 0 0 0
54.9 358.3 1672.1 0 0 0 0 0 0 0 0 0
-154.4 -943.6 1815.6 0 0 0 0 0 0 0 0 0
54.3 -940.7 1838.6 0 0 0 0 0 0 0 0 0
-61.5 434.0 1847.1 15 0.9962967038 -0.0594236441 -0.0621423759 0.0610897839 0.9978125095 0.0252628606 0.0605052300 -0.0289655682 0.9977475405
-49.4 231.2 1853.0 0.9962967038 -0.0594236441 -0.0621423759 0.0610897839 0.9978125095 0.0252628606 0.0605052300 -0.0289655682 0.9977475405
-42.6 35.9 1861.7 0.9973881841 -0.0353631340 -0.0629787073 0.0381046794 0.9983534813 0.0428755879 0.0613587983 -0.0451633893 0.9970934391
-191.1 225.7 1844.3 0.1186895892 -0.9706050158 -0.2093767673 0.9918893576 0.1062407643 0.0697742701 -0.0454789102 -0.2159600556 0.9753424525
-223.5 -45.1 1856.7 -0.0352545567 -0.9705100060 -0.2384689301 0.9520827532 0.0399214961 -0.3032238483 0.3038018346 -0.2377321720 0.9225984216
92.3 236.7 1861.6 0.2766199708 0.9164026976 0.2892879248 -0.4880425036 0.3932905793 -0.7791900039 -0.8278260231 0.0743547156 0.5560354590
154.2 127.6 1676.5 -0.3936798871 0.9164026976 0.0722652376 0.9191936255 0.3932905793 0.0201406479 -0.0099642938 0.0743547156 -0.9971820712
-128.4 -168.1 1861.6 0.9450077415 0.0684555247 -0.3198034167 -0.1020238027 0.9907566309 -0.0894002914 0.3107274175 0.1171115264 0.9432567954
-155.3 -556.8 1815.6 0.9499647021 0.0000000000 -0.3123573065 -0.0000000000 1.0000000000 -0.0000000000 0.3123573065 0.0000000000 0.9499647021
50.8 -163.7 1878.5 0.8585056067 -0.0006547009 -0.5128037333 -0.0398713164 0.9968867302 -0.0680229291 0.5112518072 0.0788442269 0.8558067679
51.1 -553.2 1847.7 0.8591887951 0.0000000000 -0.5116586685 0.0000000000 1.0000000000 0.0000000000 0.5116586685 0.0000000000 0.8591887951
-213.5 -313.0 1771.2 0 0 0 0 0 0 0 0 0
54.6 359.9 1673.9 0 0 0 0 0 0 0 0 0
-155.3 -933.4 1815.6 0 0 0 0 0 0 0 0 0
51.1 -929.9 1847.7 0 0 0 0 0 0 0 0 0
-61.8 433.3 1846.2 16 0.9888795614 -0.0836609453 -0.1229556501 0.0855270922 0.9962859750 0.0099691804 0.1216649637 -0.0203743577 0.9923620820
-43.4 215.0 1850.6 0.9888795614 -0.0836609453 -0.1229556501 0.0855270922 0.9962859750 0.0099691804 0.1216649637 -0.0203743577 0.9923620820
-37.0 19.5 1859.2 0.9916342497 -0.0333778337 -0.1246891245 0.0385765620 0.9984740615 0.0395137817 0.1231799796 -0.0439932980 0.9914087653
-184.3 209.4 1833.1 0.1554755270 -0.9532542825 -0.2591015399 0.9825084209 0.1220088899 0.1406804472 -0.1024915501 -0.2764418125 0.9555497766
-223.6 -39.3 1859.1 -0.0115532028 -0.9536579847 -0.3006708026 0.9530242085 0.0805156454 -0.2919966578 0.3026736677 -0.2899200618 0.9079289436
97.4 220.5 1868.1 0.2497209013 0.9196718335 0.3030564487 -0.4110826850 0.3840576410 -0.8267471194 -0.8767271638 0.0818747655 0.4739683867
152.5 129.7 1674.5 -0.3864038587 0.9196718335 0.0699699745 0.9222170115 0.3840576410 0.0448941290 0.0144153638 0.0818747655 -0.9965383410
-126.1 -162.4 1865.0 0.9227464199 0.0781399533 -0.3774031699 -0.1206934378 0.9885636568 -0.0904155523 0.3660219908 0.1289807111 0.9216246009
-156.7 -549.9 1814.5 0.9295415282 0.0000000000 -0.3687173724 -0.0000000000 1.0000000000 -0.0000000000 0.3687173724 0.0000000000 0.9295415282
53.8 -155.8 1875.7 0.8251908422 0.0095190760 -0.5647738576 -0.0507783964 0.9970598221 -0.0573871806 0.5625669956 0.0760336891 0.8232479692
50.1 -545.8 1846.0 0.8262567520 0.0000000000 -0.5632936954 0.0000000000 1.0000000000 0.0000000000 0.5632936954 0.0000000000 0.8262567520
-220.4 -307.5 1773.9 0 0 0 0 0 0 0 0 0
54.4 363.9 1678.2 0 0 0 0 0 0 0 0 0
-156.7 -926.6 1814.5 0 0 0 0 0 0 0 0 0
50.1 -922.5 1846.0 0 0 0 0 0 0 0 0 0
-59.7 432.5 1844.7 17 0.9846903086 -0.0842226744 -0.1526157260 0.0848910585 0.9963879585 -0.0021429963 0.1522449553 -0.0108455233 0.9882832766
-40.7 207.5 1847.2 0.9846903086 -0.0842226744 -0.1526157260 0.0848910585 0.9963879585 -0.0021429963 0.1522449553 -0.0108455233 0.9882832766
-34.3 12.3 1860.4 0.9871455431 -0.0330327600 -0.1563731432 0.0431479886 0.9971591830 0.0617396533 0.1538894922 -0.0676932111 0.9857665300
-181.0 201.3 1825.3 0.1680959165 -0.9423149824 -0.2894584537 0.9787173271 0.1244725212 0.1631531566 -0.1177120432 -0.3107233942 0.9431833625
-224.7 -52.8 1855.9 -0.0127543863 -0.9424546361 -0.3340906203 0.9519402981 0.0908097550 -0.2925119400 0.3060179353 -0.3217651248 0.8960023522
99.7 213.8 1869.1 0.2379999012 0.9198827147 0.3117239475 -0.3730196655 0.3829025030 -0.8451284170 -0.8967788815 0.0848613083 0.4342651069
151.9 132.0 1672.5 -0.3856279552 0.9198827147 0.0714622959 0.9224823713 0.3829025030 0.0491110720 0.0178133324 0.0848613083 -0.9962335229
-120.0 -179.2 1856.7 0.9077371359 0.1076406687 -0.4054957032 -0.1431744546 0.9879821539 -0.0582440346 0.3943530917 0.1109269038 0.9122394919
-162.2 -566.1 1813.3 0.9171864986 0.0000000000 -0.3984582126 -0.0000000000 1.0000000000 0.0000000000 0.3984582126 0.0000000000 0.9171864986
58.7 -172.4 1878.7 0.8061822057 0.0267784540 -0.5910610557 -0.0760689527 0.9953756332 -0.0586585999 0.5867570043 0.0922509134 0.8044911623
48.2 -561.9 1842.6 0.8085248470 0.0000000000 -0.5884620547 0.0000000000 1.0000000000 0.0000000000 0.5884620547 0.0000000000 0.8085248470
-221.1 -320.9 1769.7 0 0 0 0 0 0 0 0 0
54.3 365.5 1677.0 0 0 0 0 0 0 0 0 0
-162.2 -942.8 1813.3 0 0 0 0 0 0 0 0 0
48.2 -938.6 1842.6 0 0 0 0 0 0 0 0 0
-60.2 432.1 1845.5 18 0.9918220043 -0.0701903105 -0.1065946296 0.0722941905 0.9972550273 0.0159982368 0.1051791087 -0.0235735755 0.9941738248
-45.3 220.9 1850.5 0.9918220043 -0.0701903105 -0.1065946296 0.0722941905 0.9972550273 0.0159982368 0.1051791087 -0.0235735755 0.9941738248
-37.3 25.6 1860.7 0.9932336807 -0.0417447463 -0.1083709151 0.0471344031 0.9977510571 0.0476567931 0.1061377749 -0.0524423309 0.9929675460
-186.5 214.2 1835.4 0.1398656964 -0.9576565623 -0.2516574562 0.9881315231 0.1186925173 0.0975096822 -0.0635109320 -0.2623089254 0.9628916979
-225.0 -57.4 1852.9 0.0021224576 -0.9583876133 -0.2854622602 0.9584463239 0.0833823979 -0.2728150487 0.2852650881 -0.2730212212 0.9187400341
95.9 227.7 1865.6 0.2548284829 0.9167666435 0.3075733483 -0.4274712205 0.3921074867 -0.8145674467 -0.8673700690 0.0760962218 0.4918114841
153.0 131.9 1671.2 -0.3930374682 0.9167666435 0.0711369216 0.9195176363 0.3921074867 0.0271845907 -0.0029713935 0.0760962218 -0.9970960617
-117.1 -186.7 1859.8 0.9257762432 0.1165306866 -0.3596650958 -0.1508515775 0.9861609936 -0.0687772781 0.3466730416 0.1179284155 0.9305432439
-162.7 -572.9 1813.6 0.9364930391 0.0000000000 -0.3506861329 -0.0000000000 1.0000000000 0.0000000000 0.3506861329 0.0000000000 0.9364930391
61.0 -178.9 1887.4 0.8338880539 0.0346531309 -0.5508446693 -0.0919404849 0.9928041101 -0.0767263547 0.5442220569 0.1146261171 0.8310735226
47.5 -567.5 1842.6 0.8374350071 0.0000000000 -0.5465368629 0.0000000000 1.0000000000 0.0000000000 0.5465368629 0.0000000000 0.8374350071
-225.6 -327.3 1772.5 0 0 0 0 0 0 0 0 0
53.8 364.0 1670.4 0 0 0 0 0 0 0 0 0
-162.7 -949.6 1813.6 0 0 0 0 0 0 0 0 0
47.5 -944.2 1842.6 0 0 0 0 0 0 0 0 0
-60.4 431.6 1844.9 19 0.9946838617 -0.0616259016 -0.0825001821 0.0640282407 0.9975882769 0.0267947949 0.0806499645 -0.0319346897 0.9962307811
-47.8 227.8 1851.4 0.9946838617 -0.0616259016 -0.0825001821 0.0640282407 0.9975882769 0.0267947949 0.0806499645 -0.0319346897 0.9962307811
-39.3 32.3 1860.3 0.9955600500 -0.0438661799 -0.0832823664 0.0474532805 0.9980071783 0.0415913872 0.0812919438 -0.0453587472 0.9956576824
-189.5 221.0 1839.9 0.1247682050 -0.9655891061 -0.2281897068 0.9905242324 0.1079152152 0.0849476233 -0.0573993623 -0.2366261929 0.9699037671
-223.4 -48.2 1855.4 0.0089992052 -0.9663736820 -0.2569842935 0.9635686874 0.0770803615 -0.2561132312 0.2673095167 -0.2453172207 0.9318611026
93.9 234.6 1863.0 0.2613425255 0.9173591733 0.3002536893 -0.4624983370 0.3920413852 -0.7952350974 -0.8472280502 0.0689619258 0.5267341733
152.8 130.2 1671.8 -0.3918421865 0.9173591733 0.0700849444 0.9198761582 0.3920413852 0.0114649683 -0.0169587042 0.0689619258 -0.9974751472
-118.8 -174.0 1861.4 0.9368318319 0.0970146060 -0.3360569477 -0.1294415295 0.9887147546 -0.0754192770 0.3249476850 0.1141549051 0.9388171434
-156.8 -561.2 1816.7 0.9447802305 0.0000000000 -0.3277046382 0.0000000000 1.0000000000 0.0000000000 0.3277046382 0.0000000000 0.9447802305
60.3 -165.4 1880.5 0.8482937813 0.0330086835 -0.5284960270 -0.0703090429 0.9962394834 -0.0506307893 0.5248373747 0.0801078305 0.8474246264
47.4 -555.3 1849.1 0.8503983021 0.0000000000 -0.5261394382 0.0000000000 1.0000000000 0.0000000000 0.5261394382 0.0000000000 0.8503983021
-225.9 -319.5 1780.2 0 0 0 0 0 0 0 0 0
53.7 362.9 1667.5 0 0 0 0 0 0 0 0 0
-156.8 -937.8 1816.7 0 0 0 0 0 0 0 0 0
47.4 -931.9 1849.1 0 0 0 0 0 0 0 0 0
-62.0 433.7 1845.1 20 0.9965842962 -0.0606208965 -0.0560790412 0.0623866245 0.9975923300 0.0302891806 0.0541078672 -0.0336843058 0.9979667664
-49.8 232.9 1851.9 0.9965842962 -0.0606208965 -0.0560790412 0.0623866245 0.9975923300 0.0302891806 0.0541078672 -0.0336843058 0.9979667664
-40.2 37.5 1859.5 0.9971915483 -0.0492557026 -0.0564173870 0.0513577163 0.9980155230 0.0364343077 0.0545108318 -0.0392294489 0.9977422357
-191.8 225.6 1844.1 0.1134575680 -0.9725678563 -0.2030742466 0.9923356175 0.1008545235 0.0714030489 -0.0489633568 -0.2096190155 0.9765564203
-222.4 -42.5 1857.3 0.0218341611 -0.9732105732 -0.2288765460 0.9638093710 0.0813307613 -0.2538835406 0.2656968236 -0.2150500119 0.9397652149
92.1 240.3 1859.6 0.2726586461 0.9088946581 0.3155436218 -0.4986903667 0.4139837921 -0.7615283132 -0.8227789402 0.0502787121 0.5661332607
153.9 127.4 1673.4 -0.4136097729 0.9088946581 0.0532680340 0.9102739692 0.4139837921 0.0043282495 -0.0181181803 0.0502787121 -0.9985708594
-120.7 -167.4 1861.8 0.9463805556 0.0922972932 -0.3095884919 -0.1212253198 0.9897494912 -0.0755004957 0.2994465828 0.1089821681 0.9478684664
-156.8 -555.0 1819.1 0.9534119368 0.0000000000 -0.3016714156 0.0000000000 1.0000000000 0.0000000000 0.3016714156 0.0000000000 0.9534119368
59.1 -158.8 1876.4 0.8629050851 0.0250844248 -0.5047431588 -0.0549494326 0.9975029230 -0.0443678312 0.5023698211 0.0660205781 0.8621286750
49.2 -549.3 1850.6 0.8642107844 0.0000000000 -0.5031299591 0.0000000000 1.0000000000 0.0000000000 0.5031299591 0.0000000000 0.8642107844
-228.6 -314.0 1782.5 0 0 0 0 0 0 0 0 0
49.0 358.2 1668.8 0 0 0 0 0 0 0 0 0
-156.8 -931.7 1819.1 0 0 0 0 0 0 0 0 0
49.2 -925.9 1850.6 0 0 0 0 0 0 0 0 0
-64.2 437.0 1845.2 21 0.9977714419 -0.0590740368 -0.0310234725 0.0601058491 0.9976313114 0.0334518179 0.0289738551 -0.0352419615 0.9989587069
-52.4 237.4 1852.2 0.9977714419 -0.0590740368 -0.0310234725 0.0601058491 0.9976313114 0.0334518179 0.0289738551 -0.0352419615 0.9989587069
-42.4 42.0 1859.4 0.9981969595 -0.0513274446 -0.0311181117 0.0524138063 0.9980062246 0.0351625383 0.0292512663 -0.0367301553 0.9988970160
-194.5 229.9 1848.1 0.1052931845 -0.9780132174 -0.1800097227 0.9938010573 0.0969931111 0.0543300733 -0.0356758237 -0.1846144497 0.9821633101
-223.0 -38.6 1857.7 0.0222653579 -0.9787561893 -0.2038151771 0.9634259343 0.0754611939 -0.2571304440 0.2670481503 -0.1906357259 0.9446392655
89.8 244.9 1856.4 0.2863973677 0.9043876529 0.3163217902 -0.5265305042 0.4243932366 -0.7366518974 -0.8004637361 0.0444220901 0.5977327824
154.6 125.7 1675.2 -0.4241541028 0.9043876529 0.0466501079 0.9054633975 0.4243932366 0.0051446543 -0.0151452273 0.0444220901 -0.9988980293
-120.7 -162.6 1862.2 0.9538817406 0.0913125575 -0.2859574556 -0.1197272688 0.9892911315 -0.0834773034 0.2752726376 0.1138643771 0.9545993209
-156.5 -550.1 1817.6 0.9607928991 0.0000000000 -0.2772670686 0.0000000000 1.0000000000 0.0000000000 0.2772670686 0.0000000000 0.9607928991
59.4 -153.3 1872.1 0.8755986094 0.0246569142 -0.4824096859 -0.0481375344 0.9981789589 -0.0363532193 0.4806348383 0.0550528429 0.8751910329
49.7 -544.2 1850.5 0.8766148686 0.0000000000 -0.4811926782 0.0000000000 1.0000000000 0.0000000000 0.4811926782 0.0000000000 0.8766148686
-229.2 -309.9 1782.5 0 0 0 0 0 0 0 0 0
46.9 355.7 1671.4 0 0 0 0 0 0 0 0 0
-156.5 -926.8 1817.6 0 0 0 0 0 0 0 0 0
49.7 -920.9 1850.5 0 0 0 0 0 0 0 0 0
-64.7 438.1 1845.7 22 0.9982175231 -0.0573461577 -0.0165285468 0.0579038151 0.9976904988 0.0355073437 0.0144541655 -0.0364011191 0.9992327094
-53.3 239.2 1853.0 0.9982175231 -0.0573461577 -0.0165285468 0.0579038151 0.9976904988 0.0355073437 0.0144541655 -0.0364011191 0.9992327094
-43.3 43.8 1859.9 0.9985423088 -0.0513960421 -0.0164820962 0.0519426465 0.9980486035 0.0346548259 0.0146688120 -0.0354604349 0.9992634058
-195.5 231.8 1850.9 0.0980681032 -0.9811983705 -0.1662299782 0.9946780205 0.0913383886 0.0476755537 -0.0315959975 -0.1700207591 0.9849338531
-221.9 -35.0 1859.4 0.0250095502 -0.9817845225 -0.1883445978 0.9625127316 0.0745484456 -0.2607905865 0.2700809538 -0.1747618169 0.9468445182
88.9 246.6 1855.1 0.2992616892 0.9031188488 0.3079266250 -0.5390775204 0.4263046384 -0.7264019251 -0.7872978449 0.0513879545 0.6144276857
156.9 124.1 1676.2 -0.4263922274 0.9031188488 0.0506561138 0.9044852853 0.4263046384 0.0130636608 -0.0097968997 0.0513879545 -0.9986307025
-122.5 -158.2 1863.9 0.9584625959 0.0820604190 -0.2731584013 -0.1122948304 0.9889357686 -0.0969324559 0.2621817887 0.1235804111 0.9570729136
-154.6 -545.6 1815.5 0.9645635486 0.0000000000 -0.2638506591 0.0000000000 1.0000000000 0.0000000000 0.2638506591 0.0000000000 0.9645635486
57.8 -148.7 1869.2 0.8826977611 0.0201385114 -0.4695094526 -0.0408799462 0.9985845685 -0.0340240896 0.4681597054 0.0492265075 0.8822716475
49.9 -539.8 1849.9 0.8834362626 0.0000000000 -0.4685513675 0.0000000000 1.0000000000 0.0000000000 0.4685513675 0.0000000000 0.8834362626
-228.9 -306.2 1783.3 0 0 0 0 0 0 0 0 0
50.1 350.9 1673.7 0 0 0 0 0 0 0 0 0
-154.6 -922.2 1815.5 0 0 0 0 0 0 0 0 0
49.9 -916.5 1849.9 0 0 0 0 0 0 0 0 0
-65.0 439.0 1845.0 23 0.9984579682 -0.0545481779 -0.0103053609 0.0549121089 0.9977234602 0.0391484722 0.0081464220 -0.0396539941 0.9991802573
-54.2 240.4 1852.9 0.9984579682 -0.0545481779 -0.0103053609 0.0549121089 0.9977234602 0.0391484722 0.0081464220 -0.0396539941 0.9991802573
-44.6 44.9 1860.4 0.9987429380 -0.0490676239 -0.0102410708 0.0494227111 0.9980581999 0.0379101448 0.0083610239 -0.0383686312 0.9992286563
-196.5 233.3 1851.7 0.1022272855 -0.9818447828 -0.1597822011 0.9940468073 0.0947415978 0.0538054854 -0.0376906134 -0.1643313766 0.9856848717
-223.8 -32.4 1861.8 0.0166862290 -0.9826995134 -0.1844539791 0.9591028094 0.0678662062 -0.2748017311 0.2825657129 -0.1723249257 0.9436422586
88.1 247.4 1854.1 0.3111122549 0.9030541778 0.2961457968 -0.5196622014 0.4225455523 -0.7425674796 -0.7957137823 0.0771260634 0.6007421613
159.1 128.9 1672.6 -0.4240297079 0.9030541778 0.0684980303 0.9056426287 0.4225455523 0.0355902687 0.0031964032 0.0771260634 -0.9970162511
-123.4 -156.4 1865.5 0.9601254463 0.0782446340 -0.2683970034 -0.1096068919 0.9885286689 -0.1039106473 0.2571876645 0.1291854233 0.9576876760
-154.1 -543.6 1814.9 0.9659452438 0.0000000000 -0.2587466240 0.0000000000 1.0000000000 0.0000000000 0.2587466240 0.0000000000 0.9659452438
57.0 -147.0 1868.2 0.8855152130 0.0177560113 -0.4642709792 -0.0387534089 0.9986100197 -0.0357235372 0.4629913568 0.0496258177 0.8849724531
50.1 -538.2 1848.7 0.8861808777 0.0000000000 -0.4633394182 0.0000000000 1.0000000000 0.0000000000 0.4633394182 0.0000000000 0.8861808777
-228.5 -302.6 1782.2 0 0 0 0 0 0 0 0 0
52.7 356.0 1673.4 0 0 0 0 0 0 0 0 0
-154.1 -920.3 1814.9 0 0 0 0 0 0 0 0 0
50.1 -914.8 1848.7 0 0 0 0 0 0 0 0 0
-62.3 438.0 1842.6 24 0.9988824725 -0.0446531251 -0.0154873952 0.0453537032 0.9978027344 0.0482979864 0.0132967094 -0.0489464216 0.9987128973
-53.5 240.1 1852.3 0.9988824725 -0.0446531251 -0.0154873952 0.0453537032 0.9978027344 0.0482979864 0.0132967094 -0.0489464216 0.9987128973
-45.4 44.7 1861.3 0.9990206361 -0.0414974466 -0.0153523609 0.0421529114 0.9980896115 0.0451695919 0.0134486090 -0.0457725003 0.9988613725
-195.8 234.1 1850.4 0.1080078334 -0.9804226756 -0.1646380126 0.9931268096 0.0988950208 0.0626013055 -0.0450938605 -0.1702678502 0.9843654633
-224.6 -30.7 1862.5 0.0129723847 -0.9813973308 -0.1915489435 0.9580284953 0.0670636743 -0.2787182927 0.2863793373 -0.1798937023 0.9410765767
88.9 246.1 1854.3 0.3203449249 0.8984736204 0.3002069890 -0.4973081350 0.4292304516 -0.7539534569 -0.8062652946 0.0922297835 0.5843200684
161.5 133.4 1671.4 -0.4307236671 0.8984736204 0.0849836171 0.9024746418 0.4292304516 0.0360653922 -0.0040737507 0.0922297835 -0.9957294464
-125.2 -155.1 1867.2 0.9585201740 0.0731559545 -0.2754765153 -0.1069009304 0.9882184267 -0.1095288917 0.2642182708 0.1344343573 0.9550477266
-153.9 -542.2 1814.5 0.9640444517 0.0000000000 -0.2657410502 0.0000000000 1.0000000000 0.0000000000 0.2657410502 0.0000000000 0.9640444517
55.3 -146.1 1868.7 0.8828203082 0.0100025078 -0.4696043432 -0.0346996002 0.9984302521 -0.0439661779 0.4684273899 0.0551093183 0.8817815781
51.4 -537.2 1847.1 0.8833522797 0.0000000000 -0.4687096477 0.0000000000 1.0000000000 0.0000000000 0.4687096477 0.0000000000 0.8833522797
-228.3 -300.6 1781.8 0 0 0 0 0 0 0 0 0
53.6 359.5 1670.4 0 0 0 0 0 0 0 0 0
-153.9 -918.8 1814.5 0 0 0 0 0 0 0 0 0
51.4 -913.9 1847.1 0 0 0 0 0 0 0 0 0
-61.0 438.5 1843.5 25 0.9990032315 -0.0425416194 -0.0135189779 0.0431148931 0.9980380535 0.0453999639 0.0115610659 -0.0459375829 0.9988774061
-52.5 240.5 1852.6 0.9990032315 -0.0425416194 -0.0135189779 0.0431148931 0.9980380535 0.0453999639 0.0115610659 -0.0459375829 0.9988774061
-44.9 44.9 1860.9 0.9991443753 -0.0391334258 -0.0133803841 0.0396641307 0.9983294606 0.0420123525 0.0117139444 -0.0425071269 0.9990274906
-194.9 234.8 1850.9 0.1080810204 -0.9806792140 -0.1630543619 0.9933861494 0.1001414731 0.0561746806 -0.0387608372 -0.1680473536 0.9850165844
-223.8 -30.5 1861.3 0.0153566152 -0.9817850590 -0.1893733591 0.9603461623 0.0672140196 -0.2705874741 0.2783872783 -0.1777086705 0.9438856840
89.9 246.1 1854.2 0.3274725080 0.8930591345 0.3085565567 -0.4857328832 0.4392242730 -0.7557417750 -0.8104476333 0.0976085886 0.5776220560
163.6 136.7 1671.7 -0.4394477010 0.8930591345 0.0965977684 0.8980374932 0.4392242730 0.0247132201 -0.0203577206 0.0976085886 -0.9950166345
-127.5 -154.6 1869.0 0.9595722556 0.0617278628 -0.2746102810 -0.0982205570 0.9877590537 -0.1211807057 0.2637685537 0.1432540119 0.9538891315
-151.7 -541.5 1812.9 0.9642346501 0.0000000000 -0.2650501430 0.0000000000 1.0000000000 0.0000000000 0.2650501430 0.0000000000 0.9642346501
53.1 -147.0 1871.5 0.8836420178 -0.0002946743 -0.4681631625 -0.0321339332 0.9976032376 -0.0612796172 0.4670591354 0.0691931695 0.8815146685
53.2 -537.7 1844.4 0.8840985894 0.0000000000 -0.4673004746 0.0000000000 1.0000000000 0.0000000000 0.4673004746 0.0000000000 0.8840985894
-228.1 -301.1 1782.8 0 0 0 0 0 0 0 0 0
54.0 360.8 1666.6 0 0 0 0 0 0 0 0 0
-151.7 -918.2 1812.9 0 0 0 0 0 0 0 0 0
53.2 -914.4 1844.4 0 0 0 0 0 0 0 0 0
-61.0 437.2 1846.4 26 0.9990992546 -0.0412719399 -0.0098646227 0.0415854901 0.9985551238 0.0340333246 0.0084457481 -0.0344128944 0.9993720055
-52.9 239.5 1853.2 0.9990992546 -0.0412719399 -0.0098646227 0.0415854901 0.9985551238 0.0340333246 0.0084457481 -0.0344128944 0.9993720055
-45.3 43.9 1859.7 0.9992125034 -0.0384421349 -0.0098294504 0.0387484990 0.9986988902 0.0331520811 0.0085422248 -0.0335068479 0.9994019866
-195.3 234.0 1852.0 0.1102539897 -0.9811432958 -0.1587509960 0.9932006598 0.1027559415 0.0547148027 -0.0373704545 -0.1637041122 0.9858013988
-224.5 -29.3 1861.9 0.0123044718 -0.9823923707 -0.1864237785 0.9579429030 0.0650360584 -0.2794919610 0.2866950333 -0.1751443297 0.9418759942
89.5 245.0 1854.4 0.3356547654 0.8898248672 0.3091077209 -0.4885013103 0.4449998438 -0.7505608797 -0.8054206371 0.1009298041 0.5840469003
165.4 134.6 1672.3 -0.4442992508 0.8898248672 0.1039705724 0.8953568339 0.4449998438 0.0176436082 -0.0305671692 0.1009298041 -0.9944238663
-127.5 -154.2 1868.2 0.9605250955 0.0639061406 -0.2707536817 -0.0995691121 0.9877572060 -0.1200902537 0.2597644031 0.1423083991 0.9551286697
-152.6 -541.1 1812.4 0.9653221369 0.0000000000 -0.2610617280 0.0000000000 1.0000000000 0.0000000000 0.2610617280 0.0000000000 0.9653221369
53.1 -147.0 1870.3 0.8852561116 0.0003849479 -0.4651037157 -0.0311632510 0.9978015423 -0.0584887937 0.4640586972 0.0662717074 0.8833218813
53.0 -537.8 1844.3 0.8856862783 0.0000000000 -0.4642841816 0.0000000000 1.0000000000 0.0000000000 0.4642841816 0.0000000000 0.8856862783
-228.0 -299.1 1781.1 0 0 0 0 0 0 0 0 0
55.7 355.8 1664.8 0 0 0 0 0 0 0 0 0
-152.6 -917.8 1812.4 0 0 0 0 0 0 0 0 0
53.0 -914.5 1844.3 0 0 0 0 0 0 0 0 0
-61.7 443.6 1849.8 27 0.9992443323 -0.0381085053 0.0076483851 0.0378698632 0.9988548756 0.0292374641 -0.0087538231 -0.0289257262 0.9995432496
-54.1 245.5 1855.6 0.9992443323 -0.0381085053 0.0076483851 0.0378698632 0.9988548756 0.0292374641 -0.0087538231 -0.0289257262 0.9995432496
-47.2 49.8 1860.9 0.9993439913 -0.0353845954 0.0077109095 0.0351600125 0.9990022182 0.0275377855 -0.0086776288 -0.0272486042 0.9995909929
-196.6 240.5 1856.8 0.1001952961 -0.9845507145 -0.1435994357 0.9948646426 0.0970576629 0.0287087783 -0.0143278223 -0.1457384825 0.9892193675
-223.9 -30.7 1860.7 0.0141264116 -0.9857252836 -0.1677678674 0.9566426873 0.0621406808 -0.2845581472 0.2909213901 -0.1564741135 0.9438647032
88.3 250.5 1854.3 0.3450657725 0.8816127181 0.3220072389 -0.5167546868 0.4648514092 -0.7189421058 -0.7835139632 0.0816835612 0.6159818172
167.7 131.6 1674.0 -0.4642285407 0.8816127181 0.0851522088 0.8852847219 0.4648514092 0.0135700703 -0.0276195779 0.0816835612 -0.9962755442
-128.1 -155.2 1865.5 0.9653441906 0.0600550063 -0.2539764345 -0.0921839699 0.9888974428 -0.1165502295 0.2441572249 0.1359236389 0.9601625204
-151.7 -542.5 1812.3 0.9694721699 0.0000000000 -0.2452012897 0.0000000000 1.0000000000 0.0000000000 0.2452012897 0.0000000000 0.9694721699
52.5 -148.2 1867.1 0.8931202888 -0.0014113381 -0.4498156607 -0.0209463891 0.9987797737 -0.0447233468 0.4493299127 0.0493653417 0.8920009732
53.1 -539.4 1847.7 0.8933163285 0.0000000000 -0.4494284987 0.0000000000 1.0000000000 0.0000000000 0.4494284987 0.0000000000 0.8933163285
-227.8 -300.2 1778.7 0 0 0 0 0 0 0 0 0
51.1 353.8 1667.1 0 0 0 0 0 0 0 0 0
-151.7 -919.2 1812.3 0 0 0 0 0 0 0 0 0
53.1 -916.0 1847.7 0 0 0 0 0 0 0 0 0
-61.7 445.3 1847.0 28 0.9993500113 -0.0357737914 -0.0044482811 0.0359114595 0.9987009764 0.0361483693 0.0031493385 -0.0362846181 0.9993365407
-54.6 247.2 1854.2 0.9993500113 -0.0357737914 -0.0044482811 0.0359114595 0.9987009764 0.0361483693 0.0031493385 -0.0362846181 0.9993365407
-48.1 51.5 1860.9 0.9994395971 -0.0331870802 -0.0043665385 0.0333158784 0.9988738298 0.0337805413 0.0032405434 -0.0339070857 0.9994197488
-197.0 242.4 1853.8 0.1009360626 -0.9827693105 -0.1548431069 0.9945415258 0.0955346227 0.0419560485 -0.0264402404 -0.1582327783 0.9870477915
-224.3 -26.7 1860.9 0.0123854857 -0.9837659597 -0.1790282130 0.9582098126 0.0628507957 -0.2790765464 0.2857981026 -0.1680901051 0.9434326291
87.9 251.9 1854.7 0.3520663679 0.8735213876 0.3361691236 -0.5149651766 0.4806951284 -0.7097486258 -0.7815754414 0.0767632276 0.6190696359
169.1 133.1 1674.4 -0.4802177846 0.8735213876 0.0796949789 0.8767704368 0.4806951284 0.0143456357 -0.0257777683 0.0767632276 -0.9967160821
-130.6 -149.0 1867.0 0.9623820186 0.0537983403 -0.2663204074 -0.0881304145 0.9890132546 -0.1186835617 0.2570094168 0.1376898587 0.9565498829
