-58.2 450.9 1845.4 55 0.9993097782 -0.0180302970 -0.0324789509 0.0168259386 0.9991743565 -0.0369804315 0.0331189036 0.0364084169 0.9987880588
-53.5 189.6 1835.9 0.9993097782 -0.0180302970 -0.0324789509 0.0168259386 0.9991743565 -0.0369804315 0.0331189036 0.0364084169 0.9987880588
-40.5 -2.8 1867.7 0.9969124198 -0.0670082048 -0.0409330800 0.0727455020 0.9843975902 0.1602170169 0.0295585711 -0.1627000421 0.9862326980
-195.5 179.2 1831.8 0.1250049770 -0.7039601803 -0.6991522312 0.9845368266 0.0008488229 0.1751756966 -0.1227232516 -0.7102389336 0.6931807995
-227.0 -69.5 1862.8 -0.0258595534 -0.7255769968 -0.6876549125 0.9462192655 0.2041449547 -0.2509858906 0.3224908710 -0.6571627259 0.6812758446
88.4 200.0 1840.0 0.5741984248 0.6159394383 0.5393651724 0.0102065140 0.6533573270 -0.7569808960 -0.8186525106 0.4401622713 0.3688701689
213.4 202.2 1661.8 -0.7322657108 0.6159394383 0.2905263603 0.6808744073 0.6533573270 0.3309595287 0.0140335038 0.4401622713 -0.8978085518
-120.6 -193.0 1886.0 0.9380678535 0.1054944322 -0.3299995065 -0.1626615822 0.9751111865 -0.1506632417 0.3058920801 0.1950105876 0.9318802953
-161.7 -573.1 1810.0 0.9507297277 0.0000000000 -0.3100209534 0.0000000000 1.0000000000 0.0000000000 0.3100209534 0.0000000000 0.9507297277
59.6 -182.5 1889.4 0.8640202284 0.0294490252 -0.5025951266 -0.0886294544 0.9915943146 -0.0942630619 0.4955945015 0.1259899288 0.8593675494
48.1 -569.6 1840.2 0.8674338460 0.0000000000 -0.4975525439 0.0000000000 1.0000000000 0.0000000000 0.4975525439 0.0000000000 0.8674338460
-219.8 -335.9 1772.0 0 0 0 0 0 0 0 0 0
27.1 375.4 1665.4 0 0 0 0 0 0 0 0 0
-161.7 -949.8 1810.0 0 0 0 0 0 0 0 0 0
48.1 -946.3 1840.2 0 0 0 0 0 0 0 0 0
-56.9 449.9 1843.3 56 0.9979680181 -0.0130384481 -0.0623689257 0.0099893501 0.9987511635 -0.0489524752 0.0629293025 0.0482299775 0.9968519211
-53.4 180.0 1830.3 0.9979680181 -0.0130384481 -0.0623689257 0.0099893501 0.9987511635 -0.0489524752 0.0629293025 0.0482299775 0.9968519211
-37.5 -10.6 1870.3 0.9938416481 -0.0822076797 -0.0743012950 0.0955181420 0.9754606485 0.1983754486 0.0561700054 -0.2042509019 0.9773057103
-194.9 166.3 1822.4 0.1292930692 -0.6785930395 -0.7230454683 0.9815398455 -0.0160534121 0.1905828118 -0.1409355253 -0.7343389988 0.6639905572
-227.7 -83.1 1858.2 -0.0725040212 -0.7083700895 -0.7021074891 0.9430199265 0.1805187464 -0.2795110643 0.3247408569 -0.6823670268 0.6549187899
88.1 193.7 1838.2 0.5582781434 0.6247987747 0.5458498001 0.0417331643 0.6359434128 -0.7706064582 -0.8286035657 0.4529927969 0.3289584816
208.3 202.7 1659.8 -0.7297681570 0.6247987747 0.2776056230 0.6819208264 0.6359434128 0.3613308370 0.0492175892 0.4529927969 -0.8901545405
-117.4 -202.2 1896.7 0.9261102080 0.1093715727 -0.3610508144 -0.1849249303 0.9657951593 -0.1817758828 0.3288200200 0.2351118028 0.9146583080
-160.1 -579.3 1804.9 0.9423635006 0.0000000000 -0.3345908225 0.0000000000 1.0000000000 0.0000000000 0.3345908225 0.0000000000 0.9423635006
62.6 -188.8 1902.2 0.8484397531 0.0407787561 -0.5277187228 -0.1226815730 0.9850269556 -0.1211246699 0.5148777962 0.1675083488 0.8407388330
46.7 -573.6 1836.7 0.8548976183 0.0000000000 -0.5187967420 0.0000000000 1.0000000000 0.0000000000 0.5187967420 0.0000000000 0.8548976183
-207.3 -348.3 1766.9 0 0 0 0 0 0 0 0 0
21.8 377.0 1672.3 0 0 0 0 0 0 0 0 0
-160.1 -956.0 1804.9 0 0 0 0 0 0 0 0 0
46.7 -950.3 1836.7 0 0 0 0 0 0 0 0 0
-59.2 452.0 1844.3 57 0.9986048341 -0.0142534059 -0.0508447103 0.0111250039 0.9980580211 -0.0612894222 0.0516195558 0.0606382675 0.9968241453
-55.2 170.3 1827.2 0.9986048341 -0.0142534059 -0.0508447103 0.0111250039 0.9980580211 -0.0612894222 0.0516195558 0.0606382675 0.9968241453
-35.6 -19.9 1868.6 0.9927399158 -0.1003223211 -0.0663539246 0.1119811982 0.9722473025 0.2054152638 0.0439046882 -0.2113543302 0.9764229059
-196.6 154.3 1821.0 0.1130222157 -0.8697090745 -0.4804498851 0.9869432449 0.0424201079 0.1553821862 -0.1147565618 -0.4917384088 0.8631478548
-225.4 -97.4 1850.3 -0.1444392949 -0.8697090745 -0.4719569981 0.9308081269 0.0424201079 -0.3630382121 0.3357580900 -0.4917384088 0.8034051657
86.2 186.3 1833.4 0.5785281658 0.6104255915 0.5410043597 0.0625190139 0.6281332374 -0.7755901217 -0.8132628798 0.4825237691 0.3252295554
209.2 199.6 1660.4 -0.7319751978 0.6104255915 0.3026431203 0.6801179051 0.6281332374 0.3780056834 0.0406441428 0.4825237691 -0.8749393225
-111.3 -210.2 1905.2 0.9272304177 0.1313858181 -0.3506872356 -0.2131944001 0.9550728202 -0.2058737576 0.3078829646 0.2656569481 0.9135833383
-162.6 -583.4 1801.4 0.9490492344 0.0000000000 -0.3151278198 0.0000000000 1.0000000000 0.0000000000 0.3151278198 0.0000000000 0.9490492344
68.2 -192.7 1915.3 0.8533580899 0.0614079423 -0.5176959038 -0.1663538367 0.9731993079 -0.1587751210 0.4940712452 0.2216127366 0.8407029510
44.2 -572.8 1828.7 0.8654167056 0.0000000000 -0.5010528564 0.0000000000 1.0000000000 0.0000000000 0.5010528564 0.0000000000 0.8654167056
-184.8 -358.7 1756.0 0 0 0 0 0 0 0 0 0
22.0 373.5 1670.8 0 0 0 0 0 0 0 0 0
-162.6 -960.1 1801.4 0 0 0 0 0 0 0 0 0
44.2 -949.4 1828.7 0 0 0 0 0 0 0 0 0
-59.6 453.5 1844.3 58 0.9991257191 -0.0078405803 -0.0410641879 0.0049363244 0.9975098372 -0.0703544170 0.0415135510 0.0700902045 0.9966764450
-57.3 167.8 1824.2 0.9991257191 -0.0078405803 -0.0410641879 0.0049363244 0.9975098372 -0.0703544170 0.0415135510 0.0700902045 0.9966764450
-38.6 -21.4 1870.4 0.9938060045 -0.0954352394 -0.0569363348 0.1061290205 0.9670125842 0.2315670848 0.0329584926 -0.2361753583 0.9711513519
-198.9 152.7 1819.5 0.0899548829 -0.8279197216 -0.5535856485 0.9921490550 0.0260048006 0.1223275363 -0.0868814960 -0.5602434278 0.8237590194
-222.8 -110.9 1842.6 -0.2007767111 -0.8279197216 -0.5236770511 0.9189791679 0.0260048006 -0.3934476674 0.3393611908 -0.5602434278 0.7556198239
84.3 182.9 1828.9 0.5993763208 0.5996350646 0.5302695632 0.0677819103 0.6220505834 -0.7800376415 -0.7975924015 0.5034787655 0.3321979940
210.6 197.2 1660.7 -0.7293673158 0.5996350646 0.3293343484 0.6837030649 0.6220505834 0.3815798461 0.0239460319 0.5034787655 -0.8636757135
-105.7 -220.4 1905.9 0.9224211574 0.1651421636 -0.3490949869 -0.2479503006 0.9462862611 -0.2075161189 0.2960741222 0.2779754698 0.9138215184
-170.3 -590.4 1797.3 0.9521542788 0.0000000000 -0.3056177199 0.0000000000 1.0000000000 0.0000000000 0.3056177199 0.0000000000 0.9521542788
73.6 -200.0 1913.9 0.8546079993 0.0803204477 -0.5130240917 -0.1803608537 0.9723697901 -0.1482126415 0.4869446456 0.2191931903 0.8454816937
42.2 -580.3 1828.1 0.8688568473 0.0000000000 -0.4950634241 0.0000000000 1.0000000000 0.0000000000 0.4950634241 0.0000000000 0.8688568473
-166.4 -368.9 1747.3 0 0 0 0 0 0 0 0 0
24.4 371.7 1666.8 0 0 0 0 0 0 0 0 0
-170.3 -967.0 1797.3 0 0 0 0 0 0 0 0 0
42.2 -956.9 1828.1 0 0 0 0 0 0 0 0 0
-59.1 451.7 1840.8 59 0.9984651208 -0.0147261536 0.0533907376 0.0154182902 0.9998020530 -0.0125749614 -0.0531949885 0.0133788539 0.9984945059
-55.5 209.2 1837.5 0.9984651208 -0.0147261536 0.0533907376 0.0154182902 0.9998020530 -0.0125749614 -0.0531949885 0.0133788539 0.9984945059
-44.1 16.9 1866.5 0.9969026446 -0.0630252957 0.0470419079 0.0553481430 0.9871851206 0.1496733725 -0.0558722802 -0.1466060877 0.9876157641
-196.8 200.8 1845.8 0.0726700202 -0.8777884841 -0.4735043943 0.9970009327 0.0766026899 0.0110054305 0.0266112685 -0.4728840888 0.8807227015
-219.8 -115.0 1837.4 -0.2349984199 -0.8561289907 -0.4602378607 0.9121303558 -0.0306321923 -0.4087540507 0.3358480930 -0.5158534646 0.7880997658
85.7 217.7 1829.3 0.6024258137 0.6319870949 0.4875197709 -0.1111913398 0.6712861657 -0.7328106165 -0.7903921008 0.3872560263 0.4746716022
213.8 194.0 1661.3 -0.7203313708 0.6319870949 0.2858585119 0.6931437254 0.6712861657 0.2625388801 -0.0259717014 0.3872560263 -0.9216063619
-114.3 -203.2 1906.3 0.9552585483 0.1290806532 -0.2661189437 -0.1936515123 0.9530343413 -0.2328619361 0.2235625088 0.2739776969 0.9353908300
-166.5 -588.8 1795.5 0.9736901522 0.0000000000 -0.2278761119 0.0000000000 1.0000000000 0.0000000000 0.2278761119 0.0000000000 0.9736901522
64.7 -186.5 1904.7 0.8991470337 0.0524145812 -0.4344966412 -0.1303135306 0.9798341990 -0.1514704973 0.4177954197 0.1928150356 0.8878453374
43.7 -580.4 1827.2 0.9068801403 0.0000000000 -0.4213886559 0.0000000000 1.0000000000 0.0000000000 0.4213886559 0.0000000000 0.9068801403
-153.8 -371.4 1742.9 0 0 0 0 0 0 0 0 0
30.6 370.3 1654.7 0 0 0 0 0 0 0 0 0
-166.5 -965.5 1795.5 0 0 0 0 0 0 0 0 0
43.7 -957.0 1827.2 0 0 0 0 0 0 0 0 0
-59.0 454.3 1842.5 60 0.9993092418 -0.0343175456 0.0142592220 0.0345627367 0.9992524385 -0.0173199996 -0.0136541817 0.0178008731 0.9997482896
-50.3 200.5 1838.0 0.9993092418 -0.0343175456 0.0142592220 0.0345627367 0.9992524385 -0.0173199996 -0.0136541817 0.0178008731 0.9997482896
-41.8 6.9 1862.3 0.9989477396 -0.0450475663 0.0086118281 0.0436301380 0.9912824035 0.1243207529 -0.0141371004 -0.1238141954 0.9922047257
-192.1 194.1 1840.2 0.1163645610 -0.7925807834 -0.5985607505 0.9914759398 0.0571359918 0.1170938388 -0.0586069673 -0.6070841551 0.7924733758
-223.0 -69.3 1855.7 -0.2018298209 -0.7925807834 -0.5753958821 0.9148991704 0.0571359918 -0.3996185064 0.3496057689 -0.6070841551 0.7135998011
91.5 206.9 1835.8 0.5629082918 0.6378462315 0.5256295800 -0.0648178980 0.6680645943 -0.7412748337 -0.8239738345 0.3831995130 0.4174029231
211.6 193.1 1660.1 -0.7191222906 0.6378462315 0.2757087350 0.6947385073 0.6680645943 0.2665110826 -0.0141981402 0.3831995130 -0.9235564470
-123.6 -177.8 1895.8 0.9496005774 0.0932080522 -0.2992841005 -0.1545278430 0.9698894620 -0.1882432848 0.2727267146 0.2250036746 0.9354108572
-160.1 -557.8 1807.6 0.9611454606 0.0000000000 -0.2760424316 0.0000000000 1.0000000000 0.0000000000 0.2760424316 0.0000000000 0.9611454606
55.4 -167.7 1884.4 0.8829111457 0.0149300955 -0.4693026543 -0.0653437451 0.9936753511 -0.0913207233 0.4649710655 0.1112940758 0.8783026338
49.6 -555.5 1840.9 0.8848021626 0.0000000000 -0.4659669101 0.0000000000 1.0000000000 0.0000000000 0.4659669101 0.0000000000 0.8848021626
-166.3 -326.6 1757.4 0 0 0 0 0 0 0 0 0
28.1 370.3 1656.4 0 0 0 0 0 0 0 0 0
-160.1 -934.4 1807.6 0 0 0 0 0 0 0 0 0
49.6 -932.2 1840.9 0 0 0 0 0 0 0 0 0
-57.9 455.0 1838.9 61 0.9997601509 -0.0214630906 0.0043507000 0.0215044208 0.9997218251 -0.0096868929 -0.0041415794 0.0097781289 0.9999436140
-52.2 189.3 1836.3 0.9997601509 -0.0214630906 0.0043507000 0.0215044208 0.9997218251 -0.0096868929 -0.0041415794 0.0097781289 0.9999436140
-38.8 -4.2 1860.7 0.9975662827 -0.0697007850 -0.0018090615 0.0693816245 0.9897608161 0.1247384921 -0.0069038328 -0.1245604306 0.9921879768
-194.1 179.3 1837.4 0.1234410107 -0.8365159035 -0.5338572264 0.9891769290 0.0607235879 0.1335727125 -0.0793179646 -0.5445675850 0.8349579573
-225.5 -72.1 1857.5 -0.1826174110 -0.8365159035 -0.5166159868 0.9061249495 0.0607235879 -0.4186289907 0.3815605938 -0.5445675850 0.7468987107
89.6 199.3 1835.2 0.5563198328 0.6389884949 0.5312268138 -0.0156566426 0.6472333074 -0.7621311545 -0.8308207393 0.4156714678 0.3700731397
207.2 196.0 1659.6 -0.7167931199 0.6389884949 0.2791080475 0.6970915794 0.6472333074 0.3084678054 0.0164593644 0.4156714678 -0.9093658924
-124.0 -189.3 1885.5 0.9495255947 0.0940140560 -0.2992700040 -0.1509720534 0.9732345343 -0.1732686311 0.2749702036 0.2097043991 0.9383045435
-160.8 -570.5 1803.4 0.9605352283 0.0000000000 -0.2781584561 0.0000000000 1.0000000000 0.0000000000 0.2781584561 0.0000000000 0.9605352283
55.8 -181.4 1882.3 0.8808172345 0.0172478389 -0.4731421769 -0.0712133273 0.9927936196 -0.0963819921 0.4680701494 0.1185889468 0.8756980300
49.1 -569.6 1835.9 0.8830592036 0.0000000000 -0.4692615569 0.0000000000 1.0000000000 0.0000000000 0.4692615569 0.0000000000 0.8830592036
-174.1 -327.0 1750.2 0 0 0 0 0 0 0 0 0
24.6 373.6 1663.8 0 0 0 0 0 0 0 0 0
-160.8 -947.1 1803.4 0 0 0 0 0 0 0 0 0
49.1 -946.3 1835.9 0 0 0 0 0 0 0 0 0
-56.5 454.0 1836.6 62 0.9999648333 -0.0075015393 0.0037552153 0.0075246370 0.9999526143 -0.0061749383 -0.0037087160 0.0062029776 0.9999738932
-54.5 185.1 1834.9 0.9999648333 -0.0075015393 0.0037552153 0.0075246370 0.9999526143 -0.0061749383 -0.0037087160 0.0062029776 0.9999738932
-38.8 -8.2 1861.0 0.9967516065 -0.0805013478 -0.0024139250 0.0801049545 0.9878502488 0.1331731677 -0.0083360225 -0.1329339296 0.9910898209
-196.4 173.6 1836.2 0.1121633872 -0.8317111731 -0.5437608957 0.9918887019 0.0607782267 0.1116366982 -0.0598006621 -0.5518718958 0.8317819834
-226.0 -88.0 1851.9 -0.1898936182 -0.8317111731 -0.5217249990 0.9029045105 0.0607782267 -0.4255225360 0.3856213391 -0.5518718958 0.7394143939
87.4 196.6 1833.7 0.5525369048 0.6438357830 0.5293188691 0.0055533955 0.6322065592 -0.7747799754 -0.8334699273 0.4310340583 0.3457419872
204.1 197.7 1657.6 -0.7132806778 0.6438357830 0.2769587040 0.6997908950 0.6322065592 0.3325771987 0.0390299894 0.4310340583 -0.9014911652
-115.6 -203.3 1884.6 0.9470649958 0.1244437099 -0.2959419191 -0.1780545115 0.9706531167 -0.1616449803 0.2671412528 0.2057821006 0.9414293766
-164.3 -583.3 1804.1 0.9624443054 0.0000000000 -0.2714793086 0.0000000000 1.0000000000 0.0000000000 0.2714793086 0.0000000000 0.9624443054
64.3 -190.8 1883.0 0.8808251619 0.0511078350 -0.4706751406 -0.0942725912 0.9931815863 -0.0685787350 0.4639609456 0.1047776416 0.8796373606
44.3 -579.2 1842.1 0.8847655058 0.0000000000 -0.4660364687 0.0000000000 1.0000000000 0.0000000000 0.4660364687 0.0000000000 0.8847655058
-172.5 -342.1 1743.4 0 0 0 0 0 0 0 0 0
22.4 376.0 1667.6 0 0 0 0 0 0 0 0 0
-164.3 -960.0 1804.1 0 0 0 0 0 0 0 0 0
44.3 -955.9 1842.1 0 0 0 0 0 0 0 0 0
-55.7 451.7 1837.4 63 0.9999722838 0.0059074075 0.0045317844 -0.0058154939 0.9997823834 -0.0200338624 -0.0046491465 0.0200069528 0.9997890592
-57.3 178.0 1832.0 0.9999722838 0.0059074075 0.0045317844 -0.0058154939 0.9997823834 -0.0200338624 -0.0046491465 0.0200069528 0.9997890592
-38.3 -14.6 1861.0 0.9952714443 -0.0970791578 -0.0032198357 0.0964774936 0.9841729403 0.1486463249 -0.0112615852 -0.1482540965 0.9888851643
-199.1 164.3 1833.6 0.1016659364 -0.8208504319 -0.5620218515 0.9931759834 0.0512969941 0.1047379375 -0.0571441501 -0.5688349009 0.8204641342
-225.6 -94.8 1848.5 -0.2040796429 -0.8208504319 -0.5334379673 0.9038651586 0.0512969941 -0.4247309864 0.3760043979 -0.5688349009 0.7314694524
84.4 191.8 1830.3 0.5502211452 0.6498365402 0.5243750215 0.0181289930 0.6185351610 -0.7855479717 -0.8348221779 0.4417314827 0.3285502493
199.6 195.6 1655.5 -0.7055950761 0.6498365402 0.2825738788 0.7069839835 0.6185351610 0.3429109454 0.0480541773 0.4417314827 -0.8958594203
-113.3 -208.4 1887.2 0.9463173151 0.1363764405 -0.2930614650 -0.1894736439 0.9685805440 -0.1610946208 0.2618841231 0.2079740614 0.9424242377
-166.7 -587.7 1805.8 0.9637753367 0.0000000000 -0.2667154670 0.0000000000 1.0000000000 0.0000000000 0.2667154670 0.0000000000 0.9637753367
66.6 -193.9 1885.5 0.8815505505 0.0589717887 -0.4683918953 -0.1015316322 0.9926329255 -0.0661154315 0.4610422552 0.1058406830 0.8810435534
43.6 -582.4 1844.1 0.8861297965 0.0000000000 -0.4634371400 0.0000000000 1.0000000000 0.0000000000 0.4634371400 0.0000000000 0.8861297965
-168.1 -349.4 1742.6 0 0 0 0 0 0 0 0 0
19.7 375.9 1667.8 0 0 0 0 0 0 0 0 0
-166.7 -964.3 1805.8 0 0 0 0 0 0 0 0 0
43.6 -959.1 1844.1 0 0 0 0 0 0 0 0 0
-55.1 451.0 1840.9 64 0.9996606112 0.0192677714 0.0175336022 -0.0186001528 0.9991244674 -0.0374744460 -0.0182403009 0.0371356010 0.9991437793
-60.4 176.3 1830.6 0.9996606112 0.0192677714 0.0175336022 -0.0186001528 0.9991244674 -0.0374744460 -0.0182403009 0.0371356010 0.9991437793
-40.1 -16.0 1861.0 0.9945573807 -0.1037799567 0.0092402287 0.1010548025 0.9824182391 0.1569788605 -0.0253690276 -0.1551907063 0.9875587225
-202.1 161.9 1834.3 0.0836076215 -0.8278587461 -0.5546707511 0.9959388971 0.0507633649 0.0743561536 -0.0333994403 -0.5586349368 0.8287408948
-224.4 -103.3 1843.2 -0.2248758078 -0.8212630749 -0.5243641734 0.9054973722 0.0226166565 -0.4237487614 0.3598685861 -0.5701012015 0.7385656238
81.3 190.8 1827.0 0.5748413801 0.6401371956 0.5096879601 0.0093105938 0.6177313924 -0.7863340378 -0.8182119131 0.4567628205 0.3491375148
201.6 192.7 1655.7 -0.7084671259 0.6401371956 0.2971510291 0.7046111822 0.6177313924 0.3491861224 0.0399674959 0.4567628205 -0.8886902332
-109.4 -215.7 1890.8 0.9462094307 0.1565952897 -0.2831354141 -0.2121011317 0.9610299468 -0.1772979200 0.2443375885 0.2278143018 0.9425496459
-170.7 -592.0 1801.6 0.9682390690 0.0000000000 -0.2500262558 0.0000000000 1.0000000000 0.0000000000 0.2500262558 0.0000000000 0.9682390690
70.4 -198.3 1888.6 0.8864481449 0.0731408298 -0.4570121765 -0.1188403293 0.9902979136 -0.0720212385 0.4473105073 0.1181545705 0.8865398169
41.8 -586.0 1842.4 0.8927748799 0.0000000000 -0.4505030513 0.0000000000 1.0000000000 0.0000000000 0.4505030513 0.0000000000 0.8927748799
-161.1 -358.3 1741.9 0 0 0 0 0 0 0 0 0
20.8 372.6 1665.9 0 0 0 0 0 0 0 0 0
-170.7 -968.6 1801.6 0 0 0 0 0 0 0 0 0
41.8 -962.7 1842.4 0 0 0 0 0 0 0 0 0
-54.6 450.9 1838.1 65 0.9995862246 0.0197587647 0.0209030565 -0.0190889575 0.9993128181 -0.0317718498 -0.0215164647 0.0313596874 0.9992765188
-60.0 178.3 1829.5 0.9995862246 0.0197587647 0.0209030565 -0.0190889575 0.9993128181 -0.0317718498 -0.0215164647 0.0313596874 0.9992765188
-41.3 -13.4 1864.6 0.9953551292 -0.0954214483 0.0127615053 0.0915496051 0.9791902900 0.1811215132 -0.0297788195 -0.1791119277 0.9833779335
-201.8 165.2 1833.8 0.0828630850 -0.8278065920 -0.5548602939 0.9961687922 0.0531859361 0.0694191828 -0.0279548950 -0.5584868193 0.8290422559
-224.5 -106.9 1841.4 -0.2386595607 -0.8164375424 -0.5258054733 0.9071989059 0.0057263039 -0.4206629395 0.3464559317 -0.5774053931 0.7393046021
81.8 191.3 1825.3 0.5734512806 0.6457532644 0.5041392446 -0.0132461740 0.6226026416 -0.7824259996 -0.8191325665 0.4420052767 0.3655860424
201.5 188.5 1654.3 -0.6995751858 0.6457532644 0.3059367239 0.7143847346 0.6226026416 0.3194063306 0.0157806464 0.4420052767 -0.8968736529
-109.7 -217.4 1893.6 0.9447813630 0.1567996293 -0.2877534330 -0.2146809250 0.9595813751 -0.1819770932 0.2475888878 0.2337037474 0.9402565360
-171.1 -593.1 1802.1 0.9673355222 0.0000000000 -0.2534994185 0.0000000000 1.0000000000 0.0000000000 0.2534994185 0.0000000000 0.9673355222
70.0 -199.1 1888.9 0.8862457275 0.0705304295 -0.4578143656 -0.1167368144 0.9904472828 -0.0733940005 0.4482644796 0.1184889078 0.8860131502
42.4 -587.0 1842.5 0.8923467994 0.0000000000 -0.4513504207 0.0000000000 1.0000000000 0.0000000000 0.4513504207 0.0000000000 0.8923467994
-157.3 -362.4 1743.8 0 0 0 0 0 0 0 0 0
23.5 370.3 1658.3 0 0 0 0 0 0 0 0 0
-171.1 -969.8 1802.1 0 0 0 0 0 0 0 0 0
42.4 -963.7 1842.5 0 0 0 0 0 0 0 0 0
-54.0 451.1 1836.7 66 0.9996394515 0.0164050423 0.0212556962 -0.0158108622 0.9994876981 -0.0278266892 -0.0217013042 0.0274805855 0.9993867278
-58.5 177.7 1829.2 0.9996394515 0.0164050423 0.0212556962 -0.0158108622 0.9994876981 -0.0278266892 -0.0217013042 0.0274805855 0.9993867278
-38.6 -13.8 1864.7 0.9947847128 -0.1012670249 0.0121820262 0.0973265246 0.9781655669 0.1836292595 -0.0305116270 -0.1814859360 0.9829201102
-200.2 163.8 1833.5 0.0831967816 -0.8277308941 -0.5549232960 0.9962154031 0.0550209358 0.0672874674 -0.0251635127 -0.5584212542 0.8291757703
-222.6 -103.7 1840.3 -0.2345797569 -0.8164268732 -0.5276547670 0.9098477364 0.0067191231 -0.4148878455 0.3422709405 -0.5774098039 0.7412479520
83.3 191.6 1824.8 0.5594711900 0.6537915468 0.5094591379 -0.0172529221 0.6237108111 -0.7814647555 -0.8286702037 0.4284173548 0.3602280319
199.2 188.0 1653.1 -0.6937118173 0.6537915468 0.3021928966 0.7201808691 0.6237108111 0.3038492799 0.0101731140 0.4284173548 -0.9035236835
-112.6 -213.3 1902.3 0.9465171099 0.1394494027 -0.2909625769 -0.2060870826 0.9551508427 -0.2126380801 0.2482609004 0.2612292171 0.9328053594
-167.2 -587.2 1800.0 0.9672811031 0.0000000000 -0.2537070811 0.0000000000 1.0000000000 0.0000000000 0.2537070811 0.0000000000 0.9672811031
67.3 -196.8 1896.9 0.8864542842 0.0582806133 -0.4591319561 -0.1214076579 0.9865809083 -0.1091707870 0.4466083050 0.1525170505 0.8816345930
44.5 -582.9 1837.2 0.8930605054 0.0000000000 -0.4499365985 0.0000000000 1.0000000000 0.0000000000 0.4499365985 0.0000000000 0.8930605054
-156.5 -360.0 1743.9 0 0 0 0 0 0 0 0 0
22.3 371.6 1655.7 0 0 0 0 0 0 0 0 0
-167.2 -963.9 1800.0 0 0 0 0 0 0 0 0 0
44.5 -959.6 1837.2 0 0 0 0 0 0 0 0 0
-53.2 451.8 1836.0 67 0.9995951056 0.0207489319 0.0194717180 -0.0200649593 0.9991967678 -0.0346877798 -0.0201758128 0.0342830345 0.9992085099
-59.0 172.0 1826.4 0.9995951056 0.0207489319 0.0194717180 -0.0200649593 0.9991967678 -0.0346877798 -0.0201758128 0.0342830345 0.9992085099
-39.6 -18.8 1865.6 0.9950249791 -0.0991169140 0.0100582018 0.0950439423 0.9746772051 0.2024127990 -0.0298660323 -0.2004498094 0.9792486429
-200.8 158.5 1830.6 0.0777291656 -0.8261570334 -0.5580526590 0.9964809418 0.0467683002 0.0695591569 -0.0313676149 -0.5614956021 0.8268849850
-221.2 -103.8 1838.9 -0.2431492805 -0.8142262697 -0.5271754861 0.9094046354 -0.0022911895 -0.4159061611 0.3374338746 -0.5805431008 0.7410182953
82.8 185.6 1822.1 0.5557217598 0.6537076831 0.5136532187 0.0112217441 0.6118862629 -0.7908661366 -0.8312926292 0.4452656209 0.3327027857
197.2 187.9 1651.1 -0.6888601184 0.6537076831 0.3132699430 0.7247305512 0.6118862629 0.3167977333 0.0154075185 0.4452656209 -0.8952659369
-108.7 -214.1 1903.0 0.9421443939 0.1579482555 -0.2956625521 -0.2246320695 0.9521744847 -0.2071332484 0.2488059998 0.2615647018 0.9325660467
-170.6 -586.9 1800.5 0.9668536186 0.0000000000 -0.2553313375 0.0000000000 1.0000000000 0.0000000000 0.2553313375 0.0000000000 0.9668536186
71.1 -196.6 1897.4 0.8835304976 0.0732785463 -0.4626057446 -0.1380714625 0.9845439792 -0.1077470481 0.4475601614 0.1590704620 0.8799923062
42.4 -582.0 1835.2 0.8920745850 0.0000000000 -0.4518882334 0.0000000000 1.0000000000 0.0000000000 0.4518882334 0.0000000000 0.8920745850
-152.8 -360.0 1743.8 0 0 0 0 0 0 0 0 0
21.3 372.9 1655.0 0 0 0 0 0 0 0 0 0
-170.6 -963.6 1800.5 0 0 0 0 0 0 0 0 0
42.4 -958.7 1835.2 0 0 0 0 0 0 0 0 0
-52.2 451.5 1835.1 68 0.9995667338 0.0268523861 0.0120557128 -0.0263143256 0.9987384677 -0.0427670106 -0.0131889004 0.0424312428 0.9990123510
-59.7 175.5 1823.4 0.9995667338 0.0268523861 0.0120557128 -0.0263143256 0.9987384677 -0.0427670106 -0.0131889004 0.0424312428 0.9990123510
-44.5 -13.5 1871.3 0.9969593287 -0.0777898505 0.0045696860 0.0742783472 0.9664090872 0.2460409999 -0.0235556792 -0.2449534386 0.9692486525
-201.7 164.9 1826.7 0.0616080537 -0.8198344707 -0.5692766309 0.9976907969 0.0342443660 0.0586552694 -0.0285930969 -0.5715756416 0.8200510144
-218.6 -108.8 1834.5 -0.2556530833 -0.8074823618 -0.5316143036 0.9090849161 -0.0136890514 -0.4163859189 0.3289469779 -0.5897328854 0.7375696301
82.4 186.1 1820.1 0.5478255153 0.6566480994 0.5183632970 0.0117548248 0.6135096550 -0.7895997167 -0.8365100622 0.4386561513 0.3283774555
193.2 188.5 1650.9 -0.6892421246 0.6566480994 0.3062002063 0.7242879868 0.6135096550 0.3146630228 0.0187661108 0.4386561513 -0.8984590173
-110.1 -218.2 1907.6 0.9353033304 0.1516837925 -0.3196869791 -0.2298933566 0.9472924471 -0.2231280059 0.2689921558 0.2821862698 0.9208768010
-169.5 -589.1 1797.1 0.9610440731 0.0000000000 -0.2763951719 0.0000000000 1.0000000000 0.0000000000 0.2763951719 0.0000000000 0.9610440731
69.8 -201.1 1902.2 0.8751877546 0.0683487579 -0.4789309204 -0.1477433145 0.9804363251 -0.1300637275 0.4606715739 0.1845890284 0.8681639433
43.0 -584.9 1829.9 0.8848989010 0.0000000000 -0.4657831788 0.0000000000 1.0000000000 0.0000000000 0.4657831788 0.0000000000 0.8848989010
-146.6 -364.9 1741.9 0 0 0 0 0 0 0 0 0
18.1 372.6 1655.6 0 0 0 0 0 0 0 0 0
-169.5 -965.8 1797.1 0 0 0 0 0 0 0 0 0
43.0 -961.6 1829.9 0 0 0 0 0 0 0 0 0
-52.4 454.8 1835.2 69 0.9997739792 0.0207896326 -0.0044518718 -0.0209840983 0.9985619783 -0.0493316650 0.0034198826 0.0494139344 0.9987725019
-58.2 177.4 1821.5 0.9997739792 0.0207896326 -0.0044518718 -0.0209840983 0.9985619783 -0.0493316650 0.0034198826 0.0494139344 0.9987725019
-41.6 -10.5 1873.5 0.9962909818 -0.0847764760 -0.0147397639 0.0856408998 0.9602687359 0.2656117976 -0.0083634984 -0.2658889592 0.9639673829
-200.1 165.2 1822.6 0.0646211803 -0.8095272183 -0.5835150480 0.9969794154 0.0271280073 0.0727746934 -0.0430834927 -0.5864552855 0.8088349700
-217.6 -104.7 1834.3 -0.2525233328 -0.7996943593 -0.5447209477 0.9132387042 -0.0109560546 -0.4072775245 0.3197295666 -0.6003073454 0.7330785394
83.8 189.7 1820.3 0.5353713036 0.6698961854 0.5144090652 -0.0249972567 0.6213446259 -0.7831385732 -0.8442468047 0.4064111114 0.3493956327
190.8 184.7 1651.5 -0.6875704527 0.6698961854 0.2801534832 0.7257273793 0.6213446259 0.2953821421 0.0238035154 0.4064111114 -0.9133802056
-119.3 -209.2 1921.3 0.9332410693 0.1175168529 -0.3394862711 -0.2129021585 0.9420787096 -0.2591530979 0.2893679440 0.3141296506 0.9042061567
-165.3 -577.8 1798.4 0.9551390409 0.0000000000 -0.2961578071 0.0000000000 1.0000000000 0.0000000000 0.2961578071 0.0000000000 0.9551390409
60.9 -195.8 1917.1 0.8681173325 0.0364524983 -0.4950187504 -0.1445924789 0.9726186395 -0.1819503903 0.4748319089 0.2295302600 0.8496178389
46.6 -576.1 1827.4 0.8773369789 0.0000000000 -0.4798747897 0.0000000000 1.0000000000 0.0000000000 0.4798747897 0.0000000000 0.8773369789
-146.5 -362.0 1744.2 0 0 0 0 0 0 0 0 0
15.5 369.6 1657.6 0 0 0 0 0 0 0 0 0
-165.3 -954.4 1798.4 0 0 0 0 0 0 0 0 0
46.6 -952.7 1827.4 0 0 0 0 0 0 0 0 0
-51.6 456.5 1835.7 70 0.9995362759 0.0304445047 -0.0005537435 -0.0304267481 0.9979194403 -0.0568418764 -0.0011779314 0.0568323694 0.9983830452
-60.4 169.6 1819.4 0.9995362759 0.0304445047 -0.0005537435 -0.0304267481 0.9979194403 -0.0568418764 -0.0011779314 0.0568323694 0.9983830452
-39.7 -18.6 1869.0 0.9942846298 -0.1060254797 -0.0125183407 0.1057277396 0.9615796208 0.2533501685 -0.0148241911 -0.2532257140 0.9672936201
-202.0 154.5 1821.5 0.0561046340 -0.8144426942 -0.5775251985 0.9973178506 0.0184834935 0.0708201230 -0.0470042452 -0.5799495578 0.8132952452
-216.6 -103.9 1833.7 -0.2512121201 -0.8051727414 -0.5372051001 0.9155684114 -0.0175926313 -0.4017772079 0.3140492141 -0.5927793384 0.7416102290
81.3 184.7 1817.3 0.5510832667 0.6669195294 0.5015232563 -0.0320130549 0.6174771786 -0.7859371305 -0.8338359594 0.4170615077 0.3616314530
190.6 178.3 1651.8 -0.6923621893 0.6669195294 0.2754141092 0.7204096317 0.6174771786 0.3158036768 0.0405537076 0.4170615077 -0.9079730511
-115.1 -206.1 1926.3 0.9364557266 0.1243595853 -0.3280020058 -0.2232953757 0.9324679375 -0.2839766741 0.2705361247 0.3391729295 0.9009838700
-163.8 -571.0 1793.6 0.9607129693 0.0000000000 -0.2775438726 0.0000000000 1.0000000000 0.0000000000 0.2775438726 0.0000000000 0.9607129693
64.9 -190.6 1924.8 0.8732400537 0.0540556908 -0.4842827618 -0.1668734848 0.9669098258 -0.1929732710 0.4578264654 0.2493259460 0.8533648252
43.8 -568.9 1827.3 0.8856584430 0.0000000000 -0.4643372297 0.0000000000 1.0000000000 0.0000000000 0.4643372297 0.0000000000 0.8856584430
-145.8 -361.8 1745.2 0 0 0 0 0 0 0 0 0
15.3 360.8 1662.1 0 0 0 0 0 0 0 0 0
-163.8 -947.7 1793.6 0 0 0 0 0 0 0 0 0
43.8 -945.6 1827.3 0 0 0 0 0 0 0 0 0
-51.8 458.1 1836.0 71 0.9996609092 0.0260267984 0.0008040744 -0.0259369332 0.9979936481 -0.0577580445 -0.0023057181 0.0577176064 0.9983302951
-59.3 173.1 1819.5 0.9996609092 0.0260267984 0.0008040744 -0.0259369332 0.9979936481 -0.0577580445 -0.0023057181 0.0577176064 0.9983302951
-43.6 -14.0 1874.5 0.9967375398 -0.0802527219 -0.0085919341 0.0794299170 0.9564451575 0.2808977664 -0.0143250963 -0.2806637883 0.9596992135
-201.3 161.8 1821.5 0.0506804511 -0.8119066954 -0.5815831423 0.9983639717 0.0257498082 0.0510521904 -0.0264739618 -0.5832189918 0.8118834496
-215.3 -114.2 1828.8 -0.2468888015 -0.8016800284 -0.5443849564 0.9188980460 -0.0153055806 -0.3941980004 0.3076885641 -0.5975573659 0.7404410243
82.7 184.5 1817.6 0.5477836132 0.6693086028 0.5019552708 -0.0411692224 0.6208181977 -0.7828728557 -0.8356064558 0.4081798196 0.3676289618
190.0 176.4 1653.8 -0.6873606443 0.6693086028 0.2820661962 0.7259533405 0.6208181977 0.2959333360 0.0229588952 0.4081798196 -0.9126127958
-108.8 -216.3 1919.8 0.9281481504 0.1524983048 -0.3395368457 -0.2486445755 0.9328479171 -0.2607118785 0.2769781053 0.3264032304 0.9037389159
-168.5 -581.4 1792.1 0.9582419395 0.0000000000 -0.2859587073 0.0000000000 1.0000000000 0.0000000000 0.2859587073 0.0000000000 0.9582419395
70.9 -197.2 1917.2 0.8667210937 0.0788961872 -0.4925138652 -0.1839417368 0.9683739543 -0.1685742587 0.4636377692 0.2367007285 0.8538224697
40.0 -576.1 1824.6 0.8817665577 0.0000000000 -0.4716860652 0.0000000000 1.0000000000 0.0000000000 0.4716860652 0.0000000000 0.8817665577
-145.7 -373.1 1742.1 0 0 0 0 0 0 0 0 0
16.3 359.9 1659.6 0 0 0 0 0 0 0 0 0
-168.5 -958.1 1792.1 0 0 0 0 0 0 0 0 0
40.0 -952.8 1824.6 0 0 0 0 0 0 0 0 0
-51.7 458.8 1840.1 72 0.9994798303 0.0131501891 0.0294462759 -0.0128516071 0.9998642802 -0.0103062857 -0.0295778085 0.0099224932 0.9995132089
-54.9 216.0 1837.7 0.9994798303 0.0131501891 0.0294462759 -0.0128516071 0.9998642802 -0.0103062857 -0.0295778085 0.0099224932 0.9995132089
-46.9 24.6 1870.5 0.9987345338 -0.0425668061 0.0267842002 0.0374348015 0.9848530293 0.1693019420 -0.0335851423 -0.1680850387 0.9852002263
-197.0 210.5 1842.8 0.0559081547 -0.8276215792 -0.5584951043 0.9975304008 0.0701189637 -0.0040499633 0.0425129384 -0.5568894148 0.8294979334
-215.0 -110.6 1829.1 -0.2515615225 -0.8056432605 -0.5363354683 0.9198648334 -0.0267130490 -0.3913248479 0.3009410799 -0.5917984247 0.7478028536
87.3 221.5 1832.6 0.4842164814 0.7070276737 0.5154088140 -0.2342800945 0.6723355055 -0.7021949887 -0.8429989815 0.2192643583 0.4911984205
189.6 172.0 1654.5 -0.6923501492 0.7070276737 0.1440942585 0.7212589383 0.6723355055 0.1665849239 0.0209004693 0.2192643583 -0.9754415751
-120.9 -192.9 1917.3 0.9432958961 0.1032433808 -0.3154896200 -0.1908093840 0.9463427663 -0.2608202100 0.2716333568 0.3062290251 0.9123809934
-162.3 -572.3 1794.6 0.9609513283 0.0000000000 -0.2767174542 0.0000000000 1.0000000000 0.0000000000 0.2767174542 0.0000000000 0.9609513283
59.3 -181.1 1913.3 0.8794027567 0.0336642414 -0.4748868644 -0.1384563446 0.9724655151 -0.1874585003 0.4555004239 0.2306026220 0.8598498702
45.8 -569.6 1821.1 0.8879550695 0.0000000000 -0.4599302411 0.0000000000 1.0000000000 0.0000000000 0.4599302411 0.0000000000 0.8879550695
-144.1 -369.8 1744.4 0 0 0 0 0 0 0 0 0
15.0 353.9 1659.8 0 0 0 0 0 0 0 0 0
-162.3 -949.0 1794.6 0 0 0 0 0 0 0 0 0
45.8 -946.3 1821.1 0 0 0 0 0 0 0 0 0
-50.7 460.8 1838.2 73 0.9992797375 0.0090161543 0.0368600227 -0.0101822931 0.9994496107 0.0315726288 -0.0365550704 -0.0319252089 0.9988215566
-52.7 239.1 1845.3 0.9992797375 0.0090161543 0.0368600227 -0.0101822931 0.9994496107 0.0315726288 -0.0365550704 -0.0319252089 0.9988215566
-49.9 45.7 1868.7 0.9992091060 -0.0156279765 0.0365642682 0.0111089833 0.9926292300 0.1206803992 -0.0381807536 -0.1201787591 0.9920178056
-194.9 237.4 1851.0 0.0840408504 -0.8315751553 -0.5490171909 0.9963202477 0.0794285238 0.0322044790 0.0168271828 -0.5497034192 0.8351903558
-220.5 -65.2 1845.9 -0.2238718122 -0.8148502707 -0.5346966386 0.9240462780 -0.0030314284 -0.3822686374 0.3098708093 -0.5796635747 0.7536379695
89.6 240.8 1839.6 0.4408909380 0.7319135666 0.5195360780 -0.3226249516 0.6693747640 -0.6692163944 -0.8375728726 0.1274361461 0.5312548280
186.5 169.9 1655.5 -0.6728131175 0.7319135666 0.1078196391 0.7395344377 0.6693747640 0.0708960742 -0.0202819500 0.1274361461 -0.9916393757
-130.6 -162.5 1899.8 0.9487026930 0.0674764961 -0.3088852763 -0.1366582960 0.9685012102 -0.2081582546 0.2851099968 0.2396920323 0.9280409813
-157.2 -545.2 1805.1 0.9576874971 0.0000000000 -0.2878101468 0.0000000000 1.0000000000 0.0000000000 0.2878101468 0.0000000000 0.9576874971
49.7 -156.8 1892.6 0.8810521960 -0.0025514863 -0.4730122089 -0.0674575791 0.9890866876 -0.1309845448 0.4681842923 0.1473124772 0.8712648749
50.7 -546.4 1834.6 0.8830636740 0.0000000000 -0.4692531824 0.0000000000 1.0000000000 0.0000000000 0.4692531824 0.0000000000 0.8830636740
-157.4 -325.4 1758.6 0 0 0 0 0 0 0 0 0
16.6 356.6 1650.4 0 0 0 0 0 0 0 0 0
-157.2 -921.8 1805.1 0 0 0 0 0 0 0 0 0
50.7 -923.1 1834.6 0 0 0 0 0 0 0 0 0
-50.1 461.9 1838.7 74 0.9986600876 -0.0189003944 -0.0481752194 0.0201035552 0.9994948506 0.0246136766 0.0476856790 -0.0255491883 0.9985355735
-45.5 220.4 1844.9 0.9986600876 -0.0189003944 -0.0481752194 0.0201035552 0.9994948506 0.0246136766 0.0476856790 -0.0255491883 0.9985355735
-40.4 25.9 1860.0 0.9984674454 -0.0251439512 -0.0493003838 0.0288332496 0.9967205524 0.0756093264 0.0472375900 -0.0769149363 0.9959180355
-187.2 216.5 1838.3 0.1404810697 -0.8028613925 -0.5793778300 0.9865787029 0.0643196553 0.1500848979 -0.0832319781 -0.5926858783 0.8011215925
-223.5 -38.2 1859.8 -0.1808602214 -0.8028613925 -0.5680696964 0.9210320711 0.0643196553 -0.3841391802 0.3449485600 -0.5926858783 0.7278282046
96.2 224.3 1851.6 0.3918015957 0.7433601618 0.5421320200 -0.2406681329 0.6515313983 -0.7194342613 -0.8880148530 0.1514015943 0.4341741502
182.9 171.0 1655.0 -0.6596990824 0.7433601618 0.1105111837 0.7515130639 0.6515313983 0.1036093384 0.0050175497 0.1514015943 -0.9884595871
-131.5 -158.1 1884.6 0.9241326451 0.0562436581 -0.3779094517 -0.1294882298 0.9766740203 -0.1712912619 0.3594602942 0.2072306722 0.9098591805
-152.8 -528.1 1806.1 0.9319790006 0.0000000000 -0.3625122905 0.0000000000 1.0000000000 0.0000000000 0.3625122905 0.0000000000 0.9319790006
45.9 -149.5 1884.1 0.8389774561 -0.0266303755 -0.5435141921 -0.0492009893 0.9909986258 -0.1245030686 0.5419373512 0.1311967075 0.8301152587
56.2 -532.2 1833.4 0.8399947882 0.0000000000 -0.5425944924 0.0000000000 1.0000000000 0.0000000000 0.5425944924 0.0000000000 0.8399947882
-172.6 -297.2 1762.8 0 0 0 0 0 0 0 0 0
15.3 361.9 1656.3 0 0 0 0 0 0 0 0 0
-152.8 -904.7 1806.1 0 0 0 0 0 0 0 0 0
56.2 -908.9 1833.4 0 0 0 0 0 0 0 0 0
-48.5 461.4 1837.5 75 0.9958025217 -0.0109389303 -0.0908715129 0.0124630444 0.9997907281 0.0162216909 0.0906750485 -0.0172861367 0.9957305193
-45.7 211.8 1841.8 0.9958025217 -0.0109389303 -0.0908715129 0.0124630444 0.9997907281 0.0162216909 0.0906750485 -0.0172861367 0.9957305193
-41.2 17.9 1864.9 0.9954280257 -0.0234955642 -0.0925797224 0.0341347270 0.9927709699 0.1150678471 0.0892068818 -0.1177019402 0.9890340567
-187.2 206.9 1829.2 0.1420588493 -0.8623114228 -0.4860435128 0.9832736850 0.0663890094 0.1696036011 -0.1139831766 -0.5020074844 0.8573192954
-224.4 -51.1 1859.1 -0.1410711408 -0.8623114228 -0.4863311052 0.9206252098 0.0663890094 -0.3847618401 0.3640715778 -0.5020074844 0.7845000625
95.7 216.7 1854.5 0.3760429919 0.7380686998 0.5602198243 -0.1905078590 0.6532624364 -0.7327720523 -0.9068067074 0.1688275337 0.3862626553
179.0 174.5 1653.6 -0.6668701172 0.7380686998 0.1026588678 0.7443413138 0.6532624364 0.1385791600 0.0352177620 0.1688275337 -0.9850162268
-122.2 -175.8 1865.3 0.9049252272 0.1011304185 -0.4133799076 -0.1517100781 0.9841965437 -0.0913302079 0.3976108134 0.1453609169 0.9059668183
-161.0 -553.8 1809.5 0.9155223966 0.0000000000 -0.4022670388 0.0000000000 1.0000000000 0.0000000000 0.4022670388 0.0000000000 0.9155223966
56.0 -167.6 1877.1 0.8150720596 0.0210092254 -0.5789785385 -0.0716303587 0.9953291416 -0.0647222847 0.5749144554 0.0942257643 0.8127698898
47.9 -554.0 1840.5 0.8171711564 0.0000000000 -0.5763950944 0.0000000000 1.0000000000 0.0000000000 0.5763950944 0.0000000000 0.8171711564
-184.8 -310.0 1756.7 0 0 0 0 0 0 0 0 0
9.3 363.9 1662.6 0 0 0 0 0 0 0 0 0
-161.0 -930.5 1809.5 0 0 0 0 0 0 0 0 0
47.9 -930.7 1840.5 0 0 0 0 0 0 0 0 0
-48.0 459.3 1837.9 76 0.9957044125 0.0084273573 -0.0922049433 -0.0078318035 0.9999460578 0.0068189651 0.0922574401 -0.0060675424 0.9957166910
-50.1 203.4 1839.4 0.9957044125 0.0084273573 -0.0922049433 -0.0078318035 0.9999460578 0.0068189651 0.0922574401 -0.0060675424 0.9957166910
-38.3 10.3 1866.9 0.9935627580 -0.0608448163 -0.0955557972 0.0734002888 0.9882703424 0.1339182556 0.0862867311 -0.1400700063 0.9863746762
-191.4 193.0 1827.2 0.1361159980 -0.8895887733 -0.4360094666 0.9826407433 0.0652330965 0.1736716628 -0.1260541081 -0.4520801604 0.8830254078
-226.3 -58.5 1859.5 -0.1120720729 -0.8895887733 -0.4427998066 0.9283214211 0.0652330965 -0.3660108447 0.3544843495 -0.4520801604 0.8185135126
91.2 213.9 1851.6 0.3989083171 0.7246918082 0.5618664622 -0.1766853034 0.6619901657 -0.7283895016 -0.8998079896 0.1912871003 0.3921158016
178.4 175.2 1654.9 -0.6800099015 0.7246918082 0.1113923118 0.7319275141 0.6619901657 0.1614035219 0.0432271957 0.1912871003 -0.9805818200
-124.9 -181.5 1877.1 0.9070935249 0.0885009468 -0.4115202129 -0.1524104327 0.9803659320 -0.1251146346 0.3923676312 0.1762106419 0.9027720690
-159.2 -561.6 1808.8 0.9178161025 0.0000000000 -0.3970057368 0.0000000000 1.0000000000 0.0000000000 0.3970057368 0.0000000000 0.9178161025
53.8 -173.7 1894.8 0.8181663752 0.0095191495 -0.5749027133 -0.1003130525 0.9868919253 -0.1264185905 0.5661634803 0.1611016840 0.8083966970
50.1 -557.7 1832.1 0.8223142028 0.0000000000 -0.5690336823 0.0000000000 1.0000000000 0.0000000000 0.5690336823 0.0000000000 0.8223142028
-194.7 -319.7 1759.8 0 0 0 0 0 0 0 0 0
5.0 361.8 1665.9 0 0 0 0 0 0 0 0 0
-159.2 -938.3 1808.8 0 0 0 0 0 0 0 0 0
50.1 -934.4 1832.1 0 0 0 0 0 0 0 0 0
-47.9 456.5 1837.6 77 0.9958013296 0.0204718765 -0.0892220959 -0.0203256700 0.9997901917 0.0025470366 0.0892555192 -0.0007228436 0.9960085154
-53.0 202.9 1837.8 0.9958013296 0.0204718765 -0.0892220959 -0.0203256700 0.9997901917 0.0025470366 0.0892555192 -0.0007228436 0.9960085154
-38.7 9.8 1866.1 0.9929633737 -0.0735211447 -0.0928354412 0.0859470218 0.9867165089 0.1378538013 0.0814670920 -0.1448627114 0.9860922694
-194.4 190.6 1826.2 0.1254895180 -0.8808777332 -0.4564064443 0.9855709076 0.0580168739 0.1590096951 -0.1135888174 -0.4697749317 0.8754479289
-227.7 -71.3 1856.4 -0.1270323247 -0.8808777332 -0.4559794366 0.9270765185 0.0580168739 -0.3703554273 0.3526923358 -0.4697749317 0.8092710376
88.3 215.1 1849.3 0.4178112447 0.7170899510 0.5578671098 -0.1826212555 0.6677838564 -0.7216053009 -0.8899905682 0.1996164322 0.4099634886
178.6 175.6 1656.9 -0.6873188019 0.7170899510 0.1156496182 0.7250491381 0.6677838564 0.1684295088 0.0435501635 0.1996164322 -0.9789058566
-115.3 -190.6 1885.1 0.9054936767 0.1202330515 -0.4069708288 -0.1899093837 0.9724414349 -0.1352483630 0.3794939518 0.1997541040 0.9033729434
-162.1 -569.3 1807.3 0.9222776294 0.0000000000 -0.3865281641 0.0000000000 1.0000000000 0.0000000000 0.3865281641 0.0000000000 0.9222776294
63.6 -176.5 1901.4 0.8204423189 0.0467881747 -0.5698116422 -0.1475698948 0.9802047014 -0.1319920272 0.5523563623 0.1923788786 0.8111059070
45.3 -558.8 1826.4 0.8295242190 0.0000000000 -0.5584707260 0.0000000000 1.0000000000 0.0000000000 0.5584707260 0.0000000000 0.8295242190
-192.0 -332.2 1757.1 0 0 0 0 0 0 0 0 0
3.2 360.7 1668.1 0 0 0 0 0 0 0 0 0
-162.1 -946.0 1807.3 0 0 0 0 0 0 0 0 0
45.3 -935.4 1826.4 0 0 0 0 0 0 0 0 0
-47.3 457.3 1840.9 78 0.9997211099 0.0137023041 -0.0192336589 -0.0132308155 0.9996140003 0.0244305693 0.0195609890 -0.0241692793 0.9995164871
-50.5 230.9 1846.4 0.9997211099 0.0137023041 -0.0192336589 -0.0132308155 0.9996140003 0.0244305693 0.0195609890 -0.0241692793 0.9995164871
-44.3 36.6 1865.3 0.9992437363 -0.0333902873 -0.0199250896 0.0351292603 0.9949070215 0.0944769979 0.0166689977 -0.0951054990 0.9953276515
-192.3 225.7 1844.2 0.1218551844 -0.9102332592 -0.3957609832 0.9915997982 0.0942191482 0.0886145458 -0.0433716401 -0.4032346606 0.9140682220
-229.0 -73.3 1857.3 -0.1501646489 -0.9010472894 -0.4068959653 0.9229972363 0.0197203290 -0.3843009472 0.3542974591 -0.4332722723 0.8287028670
91.4 236.1 1848.6 0.4173319936 0.7209283113 0.5532597899 -0.2952084243 0.6833426952 -0.6677534580 -0.8594684601 0.1153479293 0.4980048835
183.1 171.2 1659.7 -0.6878795028 0.7209283113 0.0841676071 0.7258245945 0.6833426952 0.0788757429 -0.0006515680 0.1153479293 -0.9933249354
-117.8 -183.1 1885.2 0.9303511381 0.1125786230 -0.3489596546 -0.1698805988 0.9757360816 -0.1381293833 0.3249421120 0.1877903044 0.9269020557
