35.5 482.3 2309.6 2 0.9693704247 -0.2455016524 0.0070679924 0.2404221594 0.9544075727 0.1769275665 -0.0501817539 -0.1698090434 0.9841985106
86.4 284.6 2344.7 0.9693704247 -0.2455016524 0.0070679924 0.2404221594 0.9544075727 0.1769275665 -0.0501817539 -0.1698090434 0.9841985106
88.5 85.9 2343.1 0.9994547367 -0.0105325347 0.0312942527 0.0107875802 0.9999098778 -0.0079922713 -0.0312072523 0.0083255032 0.9994782805
-54.3 283.1 2349.1 0.3068740070 -0.8757536411 -0.3726713061 0.6772164106 0.4760476947 -0.5610316396 0.6687347889 -0.0802130848 0.7391614318
-126.3 124.2 2192.2 -0.4824452400 -0.8757536411 0.0173823312 -0.8690029383 0.4760476947 -0.1349537373 0.1099114046 -0.0802130848 -0.9906994104
227.0 286.2 2340.3 0.1685432345 0.5025162697 0.8479802608 -0.9830207825 0.1490101516 0.1070796996 -0.0725483745 -0.8516298532 0.5190986395
272.7 19.2 2320.6 -0.0764231980 0.5100636482 0.8567348123 -0.9498553276 0.2240504026 -0.2181199193 -0.3032068312 -0.8304435611 0.4673640132
-2.5 -111.6 2345.8 0.9954226613 0.0952163860 0.0082174484 -0.0953956991 0.9951195717 0.0252333432 -0.0057747164 -0.0259017516 0.9996477962
-40.4 -507.3 2356.1 0.9999151826 0.0082429647 0.0100821285 -0.0086861420 0.9989612103 0.0447330177 -0.0097029228 -0.0448167995 0.9989480972
180.7 -112.3 2337.8 0.9448860288 0.0122737447 0.3271693289 0.0192713905 0.9954793453 -0.0930023789 -0.3268318176 0.0941816568 0.9403780103
175.9 -508.1 2300.3 0.9487182498 -0.0237636790 0.3152284324 -0.0473778546 0.9752195477 0.2161068916 -0.3125524223 -0.2199594080 0.9240826964
-2.4 347.3 2164.0 0 0 0 0 0 0 0 0 0
251.7 -242.0 2237.2 0 0 0 0 0 0 0 0 0
-42.8 -798.1 2369.1 0 0 0 0 0 0 0 0 0
184.9 -880.9 2384.4 0 0 0 0 0 0 0 0 0
35.7 482.3 2309.2 3 0.9680947065 -0.2501140237 0.0153486729 0.2437802106 0.9542157054 0.1733307391 -0.0579983927 -0.1640588790 0.9847440720
87.4 285.4 2343.0 0.9680947065 -0.2501140237 0.0153486729 0.2437802106 0.9542157054 0.1733307391 -0.0579983927 -0.1640588790 0.9847440720
89.1 86.6 2342.5 0.9992187023 -0.0084234327 0.0386133604 0.0085269623 0.9999604821 -0.0025172797 -0.0385906324 0.0028445676 0.9992510676
-53.2 284.2 2348.5 0.3154015243 -0.8771472573 -0.3621250093 0.6830456257 0.4747492671 -0.5550331473 0.6587644219 -0.0722895935 0.7488682866
-126.9 124.6 2194.6 -0.4801693857 -0.8771472573 0.0070718261 -0.8692747951 0.4747492671 -0.1377477050 0.1174676865 -0.0722895935 -0.9904420972
228.0 286.6 2337.6 0.1661080420 0.4990476966 0.8505054712 -0.9847933054 0.1284658462 0.1169557422 -0.0508944131 -0.8569993973 0.5127980709
272.9 20.4 2323.8 -0.0792290941 0.5096597075 0.8567203283 -0.9486554265 0.2254604250 -0.2218567729 -0.3062279820 -0.8303099275 0.4656284451
-1.1 -113.8 2344.3 0.9948935509 0.0997324586 0.0154991103 -0.1001581475 0.9945290089 0.0296711922 -0.0124551337 -0.0310720410 0.9994395375
-40.8 -509.2 2356.7 0.9998327494 0.0064252811 0.0171224363 -0.0072050551 0.9989211559 0.0458755344 -0.0168092009 -0.0459912308 0.9988003969
182.2 -111.8 2338.6 0.9425314069 0.0162800141 0.3337206841 0.0175472721 0.9950218797 -0.0980994850 -0.3336564302 0.0983177349 0.9375537038
175.8 -507.4 2299.5 0.9467082024 -0.0211204123 0.3213993609 -0.0547809526 0.9727516174 0.2252850980 -0.3173998594 -0.2308858037 0.9197549224
-3.3 348.4 2164.3 0 0 0 0 0 0 0 0 0
251.1 -240.6 2239.6 0 0 0 0 0 0 0 0 0
-42.6 -800.1 2370.1 0 0 0 0 0 0 0 0 0
183.8 -879.3 2387.8 0 0 0 0 0 0 0 0 0
36.8 483.7 2309.0 4 0.9681053758 -0.2504042089 0.0083490014 0.2456006557 0.9550661445 0.1659186929 -0.0495205894 -0.1585762650 0.9861040711
88.6 286.3 2341.8 0.9681053758 -0.2504042089 0.0083490014 0.2456006557 0.9550661445 0.1659186929 -0.0495205894 -0.1585762650 0.9861040711
89.6 87.5 2342.3 0.9995486140 -0.0049962108 0.0296249073 0.0049078371 0.9999833107 0.0030550407 -0.0296396762 -0.0029082673 0.9995564222
-52.1 285.6 2345.9 0.3241213858 -0.8741856813 -0.3615864217 0.6864520311 0.4803350568 -0.5459503531 0.6509446502 -0.0712575316 0.7557734251
-127.0 126.8 2195.4 -0.4855908453 -0.8741856813 -0.0009692235 -0.8644276261 0.4803350568 -0.1484693438 0.1302553266 -0.0712575316 -0.9889165163
229.2 286.9 2337.6 0.1628472507 0.5072939396 0.8462467790 -0.9857096672 0.1211122423 0.1170824021 -0.0430956520 -0.8532201648 0.5197673440
273.2 20.5 2325.9 -0.0783870965 0.5187456608 0.8513274789 -0.9483525157 0.2244983315 -0.2241160274 -0.3073807955 -0.8249263167 0.4743559659
-0.9 -113.0 2345.5 0.9943571687 0.1059319824 0.0056809103 -0.1060458869 0.9940108657 0.0263947379 -0.0028508394 -0.0268482342 0.9996354580
-43.1 -508.2 2356.1 0.9999670982 0.0002028202 0.0081102215 -0.0006015947 0.9987888932 0.0491972268 -0.0080904216 -0.0492004864 0.9987561703
182.4 -111.4 2338.4 0.9456081390 0.0158325434 0.3249224722 0.0159961190 0.9953436852 -0.0950530767 -0.3249144554 0.0950804576 0.9409518242
176.1 -507.2 2300.6 0.9492274523 -0.0200168546 0.3139532208 -0.0511169545 0.9748973846 0.2167074382 -0.3104099631 -0.2217529714 0.9243761301
-2.4 348.8 2162.0 0 0 0 0 0 0 0 0 0
251.7 -240.3 2241.4 0 0 0 0 0 0 0 0 0
-43.1 -800.4 2370.5 0 0 0 0 0 0 0 0 0
183.8 -879.8 2385.4 0 0 0 0 0 0 0 0 0
34.9 486.3 2310.4 5 0.9643490911 -0.2640655041 0.0173281189 0.2577777803 0.9521582723 0.1641499698 -0.0598454587 -0.1538310647 0.9862831831
90.4 286.0 2342.7 0.9643490911 -0.2640655041 0.0173281189 0.2577777803 0.9521582723 0.1641499698 -0.0598454587 -0.1538310647 0.9862831831
89.5 87.2 2342.3 0.9992096424 0.0043061646 0.0395156741 -0.0042069266 0.9999877810 -0.0025941681 -0.0395263620 0.0024258783 0.9992156029
-50.2 286.6 2348.3 0.3300733268 -0.8677030802 -0.3716758490 0.6876071692 0.4907742143 -0.5351047516 0.6467209458 -0.0789431706 0.7586303353
-127.2 126.1 2197.4 -0.4970122874 -0.8677030802 0.0083735939 -0.8592445254 0.4907742143 -0.1443590224 0.1211512238 -0.0789431706 -0.9894899726
231.0 285.4 2337.2 0.1576310545 0.5016552806 0.8505847454 -0.9868921041 0.1101988479 0.1178989038 -0.0345888548 -0.8580199480 0.5124503970
273.4 20.3 2327.9 -0.0678882152 0.5141791105 0.8549918532 -0.9491793513 0.2306924313 -0.2141018361 -0.3073268235 -0.8260755539 0.4723868966
-1.1 -111.8 2345.6 0.9937309027 0.1106561869 0.0159413759 -0.1109957770 0.9935711622 0.0222775117 -0.0133737465 -0.0239072759 0.9996247292
-45.1 -506.8 2355.2 0.9997798204 -0.0077792774 0.0194895621 0.0067128357 0.9985076189 0.0541987680 -0.0198821034 -0.0540560037 0.9983399510
182.3 -110.9 2340.2 0.9426902533 0.0162531752 0.3332730830 0.0196299963 0.9943815470 -0.1040193886 -0.3330912590 0.1046002060 0.9370747209
175.8 -506.2 2298.6 0.9471324682 -0.0193521027 0.3202585578 -0.0568707548 0.9722470641 0.2269390225 -0.3157621920 -0.2331546694 0.9197462201
0.6 347.2 2166.2 0 0 0 0 0 0 0 0 0
254.7 -240.8 2243.4 0 0 0 0 0 0 0 0 0
-42.9 -799.0 2371.0 0 0 0 0 0 0 0 0 0
183.2 -877.9 2387.7 0 0 0 0 0 0 0 0 0
33.3 486.3 2310.1 6 0.9627593756 -0.2695773244 0.0205546021 0.2626592219 0.9506462812 0.1651720554 -0.0640667975 -0.1536220908 0.9860505462
90.2 285.7 2342.5 0.9627593756 -0.2695773244 0.0205546021 0.2626592219 0.9506462812 0.1651720554 -0.0640667975 -0.1536220908 0.9860505462
90.0 87.0 2342.6 0.9990636110 0.0009888441 0.0432542264 -0.0010033727 0.9999994636 0.0003141803 -0.0432538912 -0.0003572862 0.9990640283
-50.4 285.9 2348.6 0.3347537816 -0.8614894152 -0.3818060160 0.6849785447 0.5007176995 -0.5292317271 0.6471045613 -0.0843666121 0.7577189207
-127.9 127.2 2198.7 -0.5073498487 -0.8614894152 0.0207860470 -0.8556045890 0.5007176995 -0.1312348396 0.1026494876 -0.0843666121 -0.9911333919
230.8 285.6 2336.4 0.1573397070 0.4987587929 0.8523402214 -0.9871021509 0.1052600294 0.1206220165 -0.0295560658 -0.8603255153 0.5088874698
273.4 18.4 2328.4 -0.0692741647 0.5110355020 0.8567635417 -0.9518922567 0.2231160849 -0.2100483775 -0.2984999120 -0.8300974965 0.4709945917
-3.0 -111.2 2345.4 0.9938940406 0.1086499244 0.0192297660 -0.1090594679 0.9937981367 0.0217092875 -0.0167517941 -0.0236739200 0.9995793700
-46.2 -506.3 2354.8 0.9996576309 -0.0120203942 0.0232413076 0.0106429663 0.9982302189 0.0585078374 -0.0239034630 -0.0582404472 0.9980163574
180.3 -112.0 2338.2 0.9414055347 0.0112982281 0.3370875418 0.0247291923 0.9944365621 -0.1023934931 -0.3363690376 0.1047296971 0.9358886480
175.9 -507.4 2296.5 0.9468802214 -0.0209707096 0.3209020495 -0.0603271350 0.9685732126 0.2413017750 -0.3158774078 -0.2478429824 0.9158576727
2.3 346.9 2172.3 0 0 0 0 0 0 0 0 0
254.3 -243.4 2246.3 0 0 0 0 0 0 0 0 0
-42.7 -799.6 2371.9 0 0 0 0 0 0 0 0 0
183.9 -877.6 2391.3 0 0 0 0 0 0 0 0 0
33.5 484.7 2309.4 7 0.9649804235 -0.2614108622 0.0218446143 0.2539409697 0.9517866969 0.1720932722 -0.0657784641 -0.1605193913 0.9848384261
88.6 284.2 2343.2 0.9649804235 -0.2614108622 0.0218446143 0.2539409697 0.9517866969 0.1720932722 -0.0657784641 -0.1605193913 0.9848384261
90.5 85.4 2342.3 0.9988820553 -0.0094936937 0.0463092029 0.0096967351 0.9999443293 -0.0041617891 -0.0462671146 0.0046061845 0.9989184737
-52.0 282.9 2349.7 0.3333217204 -0.8682287335 -0.3675261736 0.6798295975 0.4914258420 -0.5443641543 0.6532444358 -0.0684067756 0.7540504932
-128.1 127.7 2200.6 -0.4961330891 -0.8682287335 0.0055510029 -0.8614259362 0.4914258420 -0.1282417923 0.1086153090 -0.0684067756 -0.9917274117
229.2 285.6 2336.7 0.1634403914 0.4962936342 0.8526311517 -0.9861474633 0.1069698483 0.1267697960 -0.0282907821 -0.8615393639 0.5069019198
273.4 18.5 2329.1 -0.0627771914 0.5058656335 0.8603249192 -0.9582799673 0.2103002369 -0.1935801208 -0.2788520753 -0.8365845680 0.4715588689
-1.9 -111.8 2346.6 0.9936565757 0.1104418188 0.0211947728 -0.1106456444 0.9938219190 0.0086944690 -0.0201035962 -0.0109844264 0.9997375607
-45.8 -506.9 2351.0 0.9995601773 -0.0098717324 0.0279647335 0.0078942655 0.9975184798 0.0699610561 -0.0285859760 -0.0697095245 0.9971576929
181.5 -111.9 2338.7 0.9399520159 0.0146676591 0.3409912884 0.0227789376 0.9941526651 -0.1055540070 -0.3405456245 0.1069831252 0.9341216683
175.6 -507.2 2296.1 0.9454897046 -0.0202770662 0.3250200450 -0.0634032860 0.9674981236 0.2448008358 -0.3194200993 -0.2520640194 0.9134739041
-0.6 349.0 2172.7 0 0 0 0 0 0 0 0 0
256.2 -245.0 2252.4 0 0 0 0 0 0 0 0 0
-42.9 -799.2 2371.4 0 0 0 0 0 0 0 0 0
183.4 -877.1 2392.5 0 0 0 0 0 0 0 0 0
37.2 481.9 2302.1 8 0.9718353152 -0.2338763922 0.0289477240 0.2228349894 0.9519548416 0.2100632340 -0.0766857564 -0.1976962984 0.9772591591
85.9 283.8 2343.2 0.9718353152 -0.2338763922 0.0289477240 0.2228349894 0.9519548416 0.2100632340 -0.0766857564 -0.1976962984 0.9772591591
89.3 85.0 2342.8 0.9982740283 -0.0171893202 0.0561561957 0.0172984358 0.9998493195 -0.0014575307 -0.0561226830 0.0024264294 0.9984209538
-54.6 281.3 2351.1 0.3441836238 -0.8701415658 -0.3526914418 0.6766424775 0.4903016984 -0.5493261814 0.6509167552 -0.0495769419 0.7575285435
-132.8 127.6 2203.2 -0.4926397800 -0.8701415658 -0.0126352618 -0.8628631234 0.4903016984 -0.1227660477 0.1130189374 -0.0495769419 -0.9923552275
226.4 286.2 2335.3 0.1743456572 0.4876616597 0.8554470539 -0.9844627380 0.1047612578 0.1409190148 -0.0208969153 -0.8667244315 0.4983493984
273.7 19.2 2329.7 -0.0426328592 0.4946535826 0.8680438995 -0.9649133682 0.2049203813 -0.1641640663 -0.2590842247 -0.8445859551 0.4685615301
0.7 -114.2 2345.6 0.9924552441 0.1185920909 0.0311212875 -0.1190333590 0.9928086996 0.0127249584 -0.0293884054 -0.0163334236 0.9994345903
-46.4 -508.9 2352.1 0.9992219210 -0.0122537743 0.0374893434 0.0097444914 0.9977455735 0.0663986132 -0.0382184610 -0.0659816340 0.9970886707
184.0 -112.4 2337.2 0.9361865520 0.0205282383 0.3509036303 0.0175089333 0.9943305254 -0.1048820168 -0.3510672450 0.1043330804 0.9305194020
175.8 -507.8 2295.7 0.9414964914 -0.0208812617 0.3363752961 -0.0661635920 0.9672045708 0.2452297807 -0.3304644227 -0.2531387806 0.9092381597
-5.4 350.7 2174.0 0 0 0 0 0 0 0 0 0
262.0 -246.0 2258.5 0 0 0 0 0 0 0 0 0
-42.9 -796.9 2371.2 0 0 0 0 0 0 0 0 0
183.8 -877.6 2392.4 0 0 0 0 0 0 0 0 0
39.9 485.3 2305.4 9 0.9858707190 -0.1666709781 0.0167237222 0.1619565785 0.9739254713 0.1588685066 -0.0427664295 -0.1539152861 0.9871581197
73.9 286.7 2336.8 0.9858707190 -0.1666709781 0.0167237222 0.1619565785 0.9739254713 0.1588685066 -0.0427664295 -0.1539152861 0.9871581197
84.4 88.6 2344.4 0.9981055260 -0.0536638796 0.0300918426 0.0524672642 0.9978514910 0.0392371677 -0.0321328081 -0.0375839993 0.9987767339
-66.5 279.2 2341.5 0.3645982146 -0.8655372858 -0.3433851302 0.6987034678 0.4980661571 -0.5135597587 0.6155335903 -0.0526814051 0.7863479257
-145.6 127.7 2207.9 -0.4997569025 -0.8655372858 -0.0329887569 -0.8519385457 0.4980661571 -0.1616501957 0.1563448459 -0.0526814051 -0.9862965941
214.2 294.1 2332.2 0.2130333185 0.5008936524 0.8388816118 -0.9770362973 0.1128185689 0.1807539612 -0.0041029095 -0.8581244349 0.5134254098
273.9 20.4 2331.1 -0.0370258465 0.5068137050 0.8612601161 -0.9647223353 0.2066700459 -0.1630899608 -0.2606528699 -0.8369153738 0.4812823534
1.2 -115.3 2347.4 0.9924791455 0.1224071532 0.0012880006 -0.1224071011 0.9922576547 0.0210050531 0.0012931403 -0.0210047383 0.9997785687
-47.5 -509.8 2355.8 0.9998651743 -0.0152464574 0.0060999086 0.0148532903 0.9980876446 0.0600032024 -0.0070030796 -0.0599045083 0.9981795549
184.3 -112.2 2337.1 0.9437317848 0.0220551584 0.3299755752 0.0170641150 0.9931972027 -0.1151875108 -0.3302713037 0.1143368557 0.9369354248
175.6 -507.0 2291.7 0.9489426017 -0.0228691492 0.3146187365 -0.0634595230 0.9631385207 0.2614135742 -0.3089997470 -0.2680320144 0.9125118852
-16.3 348.0 2167.5 0 0 0 0 0 0 0 0 0
263.7 -244.9 2259.4 0 0 0 0 0 0 0 0 0
-43.1 -797.4 2373.0 0 0 0 0 0 0 0 0 0
184.3 -875.2 2394.1 0 0 0 0 0 0 0 0 0
41.9 485.2 2300.6 00 0.9906678796 -0.1306944340 0.0386791267 0.1236199513 0.9810999632 0.1488655359 -0.0574039854 -0.1426947862 0.9881007075
68.4 286.2 2329.6 0.9906678796 -0.1306944340 0.0386791267 0.1236199513 0.9810999632 0.1488655359 -0.0574039854 -0.1426947862 0.9881007075
82.4 88.7 2344.0 0.9964631200 -0.0702729374 0.0460756943 0.0666397586 0.9948677421 0.0761403814 -0.0511898287 -0.0728006065 0.9960319400
-71.7 276.8 2336.8 0.4160467088 -0.8427889347 -0.3414849639 0.6784214377 0.5377351642 -0.5005849600 0.6055158973 -0.0234039947 0.7954890132
-159.5 133.7 2209.1 -0.5329830647 -0.8427889347 -0.0750724226 -0.8276969194 0.5377351642 -0.1604951620 0.1756326258 -0.0234039947 -0.9841775298
208.6 295.5 2322.3 0.2387634218 0.4855480194 0.8409727216 -0.9703368545 0.0854697526 0.2261444032 0.0379262306 -0.8700218797 0.4915522039
273.6 31.1 2332.6 -0.0324152447 0.4935945272 0.8690878749 -0.9655706882 0.2090937048 -0.1547676921 -0.2581132650 -0.8441826105 0.4698225856
3.5 -114.4 2354.9 0.9922122955 0.1240934283 0.0107498802 -0.1240850240 0.9922705293 -0.0014475401 -0.0108464193 0.0001023679 0.9999411702
-45.8 -508.8 2354.9 0.9998087883 -0.0073703523 0.0181118958 0.0063163936 0.9983211756 0.0575750433 -0.0185058378 -0.0574496351 0.9981768727
186.5 -104.6 2348.9 0.9377813935 0.0290893745 0.3460055292 0.0233574826 0.9889425039 -0.1464483440 -0.3464396596 0.1454183459 0.9267324805
174.9 -497.7 2291.1 0.9435883760 -0.0289666597 0.3298514187 -0.0583429523 0.9660364389 0.2517332733 -0.3259403706 -0.2567771077 0.9098507762
-22.9 345.8 2164.1 0 0 0 0 0 0 0 0 0
264.7 -234.4 2261.6 0 0 0 0 0 0 0 0 0
-43.7 -797.6 2371.5 0 0 0 0 0 0 0 0 0
186.0 -866.9 2389.3 0 0 0 0 0 0 0 0 0
43.4 484.7 2297.2 01 0.9865552783 -0.1626806706 0.0156096034 0.1574432701 0.9716940522 0.1761314124 -0.0438209362 -0.1713057607 0.9842429161
77.6 280.6 2333.2 0.9865552783 -0.1626806706 0.0156096034 0.1574432701 0.9716940522 0.1761314124 -0.0438209362 -0.1713057607 0.9842429161
87.8 82.6 2343.9 0.9982593060 -0.0515038408 0.0287342649 0.0498529151 0.9972143173 0.0554819182 -0.0315117538 -0.0539528541 0.9980461597
-62.8 273.7 2337.7 0.5048993230 -0.8115217686 -0.2941242456 0.6325299740 0.5797058344 -0.5136603713 0.5873520970 0.0733043849 0.8060049415
-171.2 137.9 2211.6 -0.5629755259 -0.8115217686 -0.1564957798 -0.8092970848 0.5797058344 -0.0947593525 0.1676207930 0.0733043849 -0.9831224680
218.0 287.6 2328.7 0.2133657038 0.5035059452 0.8372316957 -0.9767725468 0.0926063657 0.1932343394 0.0197616518 -0.8590144515 0.5115697384
273.5 33.2 2333.8 -0.0269326922 0.5107066035 0.8593330979 -0.9644006491 0.2129544318 -0.1567856967 -0.2630702853 -0.8329640627 0.4867903590
5.0 -114.9 2363.2 0.9916213751 0.1290091127 -0.0066101602 -0.1290776432 0.9915703535 -0.0112774400 0.0050995466 0.0120361745 0.9999145865
-46.3 -509.1 2358.5 0.9999753833 -0.0069836364 0.0006367892 0.0069485153 0.9989914298 0.0443607345 -0.0009459462 -0.0443552211 0.9990153909
187.7 -102.7 2353.7 0.9445345998 0.0374032743 0.3262749314 0.0174864996 0.9863560200 -0.1636949182 -0.3279459774 0.1603209227 0.9309933782
172.9 -494.7 2290.0 0.9490808845 -0.0408563465 0.3123719394 -0.0441953018 0.9644814730 0.2604270875 -0.3119170368 -0.2609717250 0.9135652781
-26.0 346.7 2168.4 0 0 0 0 0 0 0 0 0
266.1 -232.1 2261.5 0 0 0 0 0 0 0 0 0
-44.3 -797.6 2371.3 0 0 0 0 0 0 0 0 0
188.5 -863.4 2389.8 0 0 0 0 0 0 0 0 0
43.0 482.9 2296.5 02 0.9833000898 -0.1819476783 0.0039925072 0.1780921072 0.9665171504 0.1847369820 -0.0374712907 -0.1809408665 0.9827798605
81.6 277.7 2334.9 0.9833000898 -0.1819476783 0.0039925072 0.1780921072 0.9665171504 0.1847369820 -0.0374712907 -0.1809408665 0.9827798605
91.9 79.4 2343.4 0.9984584451 -0.0514780283 0.0207532384 0.0505341142 0.9977660179 0.0436950102 -0.0229562093 -0.0425789058 0.9988293648
-58.9 270.6 2338.2 0.5419605970 -0.7967708111 -0.2672732174 0.5974093676 0.5889365673 -0.5442938209 0.5910844207 0.1353142709 0.7951787710
-174.0 143.6 2212.6 -0.5701861978 -0.7967708111 -0.2001097947 -0.8068769574 0.5889365673 -0.0458617061 0.1543932557 0.1353142709 -0.9786995053
222.1 284.7 2331.7 0.1957129985 0.5123943686 0.8361509442 -0.9806021452 0.0928963348 0.1725968570 0.0107623022 -0.8537108898 0.5206360817
274.1 24.0 2334.5 -0.0320306532 0.5210279822 0.8529384136 -0.9604585171 0.2200978100 -0.1705178618 -0.2765744627 -0.8246737719 0.4933758676
6.6 -120.0 2357.5 0.9923421741 0.1228760853 -0.0125898430 -0.1229749843 0.9923821688 -0.0074050007 0.0115840379 0.0088965297 0.9998933077
-42.3 -514.5 2353.9 0.9999530315 0.0081967413 -0.0051764068 -0.0079149278 0.9986001849 0.0522973314 0.0055978289 -0.0522539020 0.9986181259
189.6 -110.9 2351.6 0.9467337728 0.0383505970 0.3197254539 0.0115795424 0.9881862998 -0.1528194696 -0.3218090236 0.1483816355 0.9351052642
174.4 -503.7 2292.6 0.9508656263 -0.0320708044 0.3079383969 -0.0515834317 0.9643076658 0.2597111464 -0.3052764833 -0.2628349364 0.9152726531
-26.2 352.8 2172.5 0 0 0 0 0 0 0 0 0
265.3 -240.1 2258.4 0 0 0 0 0 0 0 0 0
-44.6 -800.3 2368.9 0 0 0 0 0 0 0 0 0
186.6 -872.3 2393.1 0 0 0 0 0 0 0 0 0
40.9 481.6 2303.1 03 0.9818611145 -0.1895988286 0.0010080948 0.1869371235 0.9689379930 0.1619063616 -0.0316740349 -0.1587811112 0.9868056178
81.2 275.5 2336.9 0.9818611145 -0.1895988286 0.0010080948 0.1869371235 0.9689379930 0.1619063616 -0.0316740349 -0.1587811112 0.9868056178
91.7 77.2 2343.5 0.9984748960 -0.0526096523 0.0167381167 0.0520152226 0.9980618358 0.0341612436 -0.0185028855 -0.0332385078 0.9992761612
-59.3 268.2 2339.5 0.5609727502 -0.7833711505 -0.2676551342 0.5683870912 0.5995404124 -0.5634602308 0.6018685102 0.1639540941 0.7815838456
-178.6 147.3 2211.5 -0.5823325515 -0.7833711505 -0.2172981799 -0.8001631498 0.5995404124 -0.0170347653 0.1436235905 0.1639540941 -0.9759566188
221.7 282.8 2334.3 0.2008555532 0.5163750648 0.8324745297 -0.9795804024 0.0981460810 0.1754696071 0.0089040156 -0.8507197499 0.5255440474
275.6 20.1 2336.7 -0.0393332839 0.5257048011 0.8497572541 -0.9578624964 0.2223115116 -0.1818708926 -0.2845212221 -0.8211041689 0.4948086739
10.6 -123.4 2353.9 0.9908543229 0.1342065930 -0.0140112480 -0.1341826469 0.9909530878 0.0026393021 0.0142387012 -0.0007350974 0.9998983741
-42.8 -517.4 2354.2 0.9999517202 0.0066654803 -0.0072178021 -0.0062762736 0.9985924959 0.0526653752 0.0075586829 -0.0526175313 0.9985861182
193.7 -114.2 2349.7 0.9473721385 0.0447854996 0.3169863522 0.0009330204 0.9897757769 -0.1426292360 -0.3201331198 0.1354187131 0.9376441836
175.9 -507.7 2295.8 0.9505410790 -0.0300617684 0.3091406226 -0.0531145595 0.9649115801 0.2571468055 -0.3060236573 -0.2608484626 0.9155914187
-26.6 356.1 2174.0 0 0 0 0 0 0 0 0 0
264.8 -243.3 2258.4 0 0 0 0 0 0 0 0 0
-44.7 -800.2 2369.1 0 0 0 0 0 0 0 0 0
187.4 -876.5 2395.6 0 0 0 0 0 0 0 0 0
41.8 479.9 2306.5 04 0.9812700748 -0.1925817132 0.0046117813 0.1897800863 0.9705483317 0.1483894885 -0.0330530591 -0.1447349340 0.9889182448
82.4 275.2 2337.0 0.9812700748 -0.1925817132 0.0046117813 0.1897800863 0.9705483317 0.1483894885 -0.0330530591 -0.1447349340 0.9889182448
93.2 76.8 2342.3 0.9983298182 -0.0543097071 0.0196995214 0.0537463650 0.9981597066 0.0280800983 -0.0211882908 -0.0269744210 0.9994115233
-58.1 267.7 2340.0 0.5719460845 -0.7790753841 -0.2567474246 0.5611001253 0.5998854637 -0.5703543425 0.5983681083 0.1821509153 0.7802414298
-179.8 148.3 2212.6 -0.5840070844 -0.7790753841 -0.2279851437 -0.8000857830 0.5998854637 -0.0004396388 0.1371074915 0.1821509153 -0.9736645222
222.9 282.8 2334.0 0.1976519972 0.5160542130 0.8334397078 -0.9801802039 0.0923910886 0.1752445549 0.0134332916 -0.8515585065 0.5240874290
275.7 20.8 2337.6 -0.0388287976 0.5255910754 0.8498507738 -0.9590505958 0.2191927582 -0.1793780029 -0.2805606127 -0.8220149279 0.4955574572
10.6 -125.9 2351.8 0.9911138415 0.1325694770 -0.0108922357 -0.1326061040 0.9911651015 -0.0027098644 0.0104367584 0.0041301614 0.9999369979
-42.1 -520.0 2350.2 0.9999595881 0.0087995473 -0.0018428032 -0.0086617395 0.9978628755 0.0647662506 0.0024087785 -0.0647476763 0.9978987575
193.8 -116.4 2348.4 0.9465093017 0.0387718305 0.3203386664 0.0070813159 0.9900199771 -0.1407492161 -0.3225987852 0.1354888678 0.9367885590
178.4 -510.0 2294.5 0.9503584504 -0.0160447657 0.3107432723 -0.0652248785 0.9662095904 0.2493686229 -0.3042441905 -0.2572577596 0.9171989560
-26.7 358.1 2176.7 0 0 0 0 0 0 0 0 0
265.0 -242.9 2260.4 0 0 0 0 0 0 0 0 0
-44.6 -800.4 2368.4 0 0 0 0 0 0 0 0 0
184.5 -879.4 2392.9 0 0 0 0 0 0 0 0 0
41.8 481.3 2308.6 05 0.9791430235 -0.2031414211 0.0035303815 0.2007320523 0.9699226618 0.1376833320 -0.0313933864 -0.1341030300 0.9904699922
84.6 276.8 2336.9 0.9791430235 -0.2031414211 0.0035303815 0.2007320523 0.9699226618 0.1376833320 -0.0313933864 -0.1341030300 0.9904699922
93.4 78.3 2342.4 0.9988675714 -0.0443465225 0.0172318928 0.0438406914 0.9986262321 0.0286998693 -0.0184809603 -0.0279119108 0.9994395375
-56.0 270.7 2339.5 0.5733078122 -0.7819591165 -0.2446592301 0.5665026307 0.5940380692 -0.5711335540 0.5919399858 0.1888352334 0.7835485339
-180.5 147.6 2210.9 -0.5832732320 -0.7819591165 -0.2198461741 -0.8041719794 0.5940380692 0.0206439998 0.1144542396 0.1888352334 -0.9753161073
225.2 283.0 2334.3 0.1902337819 0.5172892809 0.8343997598 -0.9817313552 0.0969235152 0.1637356430 0.0038257297 -0.8503044248 0.5262772441
276.1 19.9 2335.3 -0.0406800844 0.5251114368 0.8500606418 -0.9631675482 0.2057177424 -0.1731717288 -0.2658070028 -0.8257955313 0.4974016547
12.4 -126.5 2349.6 0.9912419915 0.1315874308 -0.0111380741 -0.1313956976 0.9911929369 0.0164846964 0.0132091595 -0.0148768285 0.9998020530
-39.9 -520.5 2355.6 0.9998884201 0.0135906544 -0.0062042857 -0.0132390019 0.9984758496 0.0535784923 0.0069229961 -0.0534903742 0.9985443950
195.6 -116.6 2345.7 0.9476625919 0.0441277586 0.3162093163 0.0027428914 0.9892407060 -0.1462711841 -0.3192617595 0.1394830495 0.9373453856
178.0 -510.0 2290.3 0.9514961243 -0.0157894045 0.3072552383 -0.0692672133 0.9620481133 0.2639423013 -0.2997618020 -0.2724227905 0.9142913818
-26.8 359.5 2180.8 0 0 0 0 0 0 0 0 0
265.0 -245.0 2262.2 0 0 0 0 0 0 0 0 0
-43.7 -800.0 2370.5 0 0 0 0 0 0 0 0 0
184.1 -877.7 2394.4 0 0 0 0 0 0 0 0 0
44.8 482.5 2308.2 06 0.9846684337 -0.1742972434 -0.0069710170 0.1736882180 0.9759628177 0.1316394210 -0.0161409359 -0.1308319718 0.9912731647
81.3 278.6 2335.5 0.9846684337 -0.1742972434 -0.0069710170 0.1736882180 0.9759628177 0.1316394210 -0.0161409359 -0.1308319718 0.9912731647
92.5 80.3 2343.7 0.9983922839 -0.0565690063 0.0035804145 0.0563726239 0.9975492954 0.0414427109 -0.0059160129 -0.0411742441 0.9991344810
-59.2 270.6 2336.4 0.5852528214 -0.7817789912 -0.2151759863 0.5665522814 0.5841091871 -0.5812357068 0.5800841451 0.2182613909 0.7847702503
-183.8 150.1 2212.9 -0.5718800426 -0.7817789912 -0.2485452890 -0.8111525774 0.5841091871 0.0291201528 0.1224120632 0.2182613909 -0.9681824446
221.8 286.5 2334.7 0.1988872439 0.5242525339 0.8280115724 -0.9800212979 0.1076545566 0.1672386676 -0.0014639179 -0.8447306156 0.5351897478
275.6 21.3 2334.3 -0.0337520465 0.5301286578 0.8472452164 -0.9649734497 0.2033910453 -0.1657055765 -0.2601673603 -0.8231620193 0.5046952367
10.6 -124.2 2349.7 0.9919446111 0.1239447147 -0.0261455011 -0.1235406399 0.9922015071 0.0165481530 0.0279926620 -0.0131848194 0.9995211959
-38.7 -518.7 2354.9 0.9996033907 0.0187289212 -0.0210318118 -0.0174972359 0.9982040524 0.0572935864 0.0220670868 -0.0569028631 0.9981358051
193.9 -116.2 2346.3 0.9515256286 0.0392818823 0.3050505817 0.0054828515 0.9894866347 -0.1445202082 -0.3075205088 0.1391872317 0.9413065910
178.3 -509.6 2290.9 0.9552177787 -0.0133078331 0.2956043482 -0.0669965968 0.9633191228 0.2598609626 -0.2882195115 -0.2680282891 0.9192879796
-32.5 364.6 2180.6 0 0 0 0 0 0 0 0 0
266.3 -244.1 2262.7 0 0 0 0 0 0 0 0 0
-44.0 -803.9 2371.2 0 0 0 0 0 0 0 0 0
183.3 -877.8 2393.4 0 0 0 0 0 0 0 0 0
46.9 483.6 2308.5 07 0.9910968542 -0.1318523884 0.0184927210 0.1289017797 0.9850031734 0.1146869659 -0.0333371386 -0.1112821475 0.9932295680
73.9 281.9 2331.3 0.9910968542 -0.1318523884 0.0184927210 0.1289017797 0.9850031734 0.1146869659 -0.0333371386 -0.1112821475 0.9932295680
88.0 84.0 2342.8 0.9972251654 -0.0704345629 0.0241036993 0.0688922405 0.9958336353 0.0597430803 -0.0282112528 -0.0579167455 0.9979227185
-66.4 272.3 2335.3 0.5786755085 -0.7887362242 -0.2074363381 0.5820606351 0.5775761604 -0.5723732710 0.5712618232 0.2104778439 0.7933215499
-186.9 151.1 2216.3 -0.5550383925 -0.7887362242 -0.2642490864 -0.8162825108 0.5775761604 -0.0094120800 0.1600476205 0.2104778439 -0.9644085169
214.2 291.6 2327.3 0.2194016427 0.5050501823 0.8347378373 -0.9754741192 0.0980391204 0.1970749944 0.0176958032 -0.8575037122 0.5141733289
274.6 23.3 2332.2 -0.0262419898 0.5102694035 0.8596141934 -0.9695503712 0.1964531243 -0.1462132037 -0.2434820086 -0.8372761607 0.4895765185
12.1 -123.2 2352.5 0.9921802282 0.1244982034 -0.0088661807 -0.1244649515 0.9922150970 0.0042104679 0.0093213543 -0.0030740143 0.9999518394
-37.4 -517.6 2353.7 0.9997754693 0.0211210623 -0.0017072759 -0.0209772158 0.9979086518 0.0611415133 0.0029950792 -0.0610919707 0.9981276393
195.3 -112.8 2351.4 0.9445294738 0.0451097339 0.3253140152 0.0079549095 0.9870895743 -0.1599715799 -0.3283303380 0.1536857039 0.9319763184
177.4 -505.2 2290.3 0.9487358928 -0.0241353791 0.3151470423 -0.0616644025 0.9637861252 0.2594489753 -0.3099962473 -0.2655819058 0.9128902555
-40.0 367.0 2174.0 0 0 0 0 0 0 0 0 0
267.4 -243.3 2265.2 0 0 0 0 0 0 0 0 0
-43.4 -802.0 2371.1 0 0 0 0 0 0 0 0 0
186.6 -873.7 2391.8 0 0 0 0 0 0 0 0 0
48.6 484.8 2308.6 08 0.9935223460 -0.1066297069 0.0392864682 0.1020209864 0.9892345667 0.1049128547 -0.0500503592 -0.1002252251 0.9937050939
70.2 284.3 2329.0 0.9935223460 -0.1066297069 0.0392864682 0.1020209864 0.9892345667 0.1049128547 -0.0500503592 -0.1002252251 0.9937050939
84.8 86.5 2342.4 0.9964228272 -0.0731112510 0.0423827097 0.0700009465 0.9950361252 0.0707315579 -0.0473436005 -0.0675117075 0.9965946078
-70.0 274.4 2335.6 0.5808130503 -0.7939880490 -0.1795527637 0.5993186831 0.5663475990 -0.5657451749 0.5508841276 0.2209828496 0.8047938943
-189.5 151.2 2222.3 -0.5359779596 -0.7939880490 -0.2868982553 -0.8236702681 0.5663475990 -0.0285957996 0.1851888597 0.2209828496 -0.9575341344
210.4 294.1 2322.3 0.2325919867 0.4903914928 0.8398911357 -0.9718302488 0.0834125355 0.2204275429 0.0380383432 -0.8675013185 0.4959783852
273.9 28.5 2332.7 -0.0222310945 0.4963917732 0.8678138852 -0.9703702927 0.1981835663 -0.1382198334 -0.2405976355 -0.8451736569 0.4772780240
10.5 -120.2 2356.8 0.9921767116 0.1246968508 0.0060079461 -0.1246096045 0.9921181202 -0.0131921610 -0.0076056132 0.0123403063 0.9998949170
-39.1 -514.6 2351.9 0.9997835159 0.0133634508 0.0159467217 -0.0143896993 0.9977107048 0.0660779178 -0.0150271850 -0.0662930831 0.9976870418
193.4 -107.6 2351.6 0.9385778904 0.0431263372 0.3423618376 0.0116688674 0.9876251221 -0.1563982517 -0.3448700607 0.1507869214 0.9264599085
176.3 -500.2 2291.7 0.9431778193 -0.0212829299 0.3316060603 -0.0646403655 0.9671306610 0.2459265441 -0.3259404302 -0.2533876002 0.9108005166
-47.3 369.6 2173.2 0 0 0 0 0 0 0 0 0
267.8 -238.3 2266.5 0 0 0 0 0 0 0 0 0
-42.9 -800.1 2370.9 0 0 0 0 0 0 0 0 0
184.4 -869.9 2388.6 0 0 0 0 0 0 0 0 0
49.2 484.0 2309.2 09 0.9933145046 -0.0935750753 0.0676018223 0.0867002010 0.9913703799 0.0983254835 -0.0762192607 -0.0918070376 0.9928555489
68.1 284.0 2327.7 0.9933145046 -0.0935750753 0.0676018223 0.0867002010 0.9913703799 0.0983254835 -0.0762192607 -0.0918070376 0.9928555489
83.0 86.2 2341.3 0.9947424531 -0.0750451908 0.0696823224 0.0698799863 0.9948203564 0.0738191232 -0.0748611614 -0.0685616136 0.9948341846
-71.9 274.2 2338.3 0.5753025413 -0.7948453426 -0.1929969937 0.5981876850 0.5697840452 -0.5634869933 0.5578516722 0.2087270766 0.8032649159
-190.3 151.0 2223.4 -0.5348376036 -0.7948453426 -0.2866523266 -0.8203088641 0.5697840452 -0.0493914075 0.2025884688 0.2087270766 -0.9567606449
208.0 293.8 2317.2 0.2419290096 0.4702498913 0.8487257361 -0.9685808420 0.0650876388 0.2400308251 0.0576329194 -0.8801298738 0.4712215960
273.6 31.0 2332.8 -0.0173260402 0.4778372943 0.8782774806 -0.9691146612 0.2080964148 -0.1323353350 -0.2460011542 -0.8534444571 0.4594736397
7.9 -117.7 2360.1 0.9915836453 0.1255549192 0.0315877385 -0.1248076037 0.9918754697 -0.0246190578 -0.0344221443 0.0204694644 0.9991977215
-42.0 -512.0 2352.0 0.9990826249 0.0040661697 0.0426300839 -0.0067796321 0.9979459643 0.0637013763 -0.0422835015 -0.0639319569 0.9970580935
190.7 -104.9 2351.4 0.9291430712 0.0366056897 0.3679037988 0.0194662008 0.9888627529 -0.1475518495 -0.3692075908 0.1442584693 0.9180823565
176.2 -498.0 2294.1 0.9348325729 -0.0209862590 0.3544681370 -0.0680961460 0.9691284895 0.2369659245 -0.3484982252 -0.2456613779 0.9045438170
-48.1 369.1 2169.5 0 0 0 0 0 0 0 0 0
268.9 -235.6 2265.2 0 0 0 0 0 0 0 0 0
-43.2 -798.8 2370.3 0 0 0 0 0 0 0 0 0
184.2 -868.5 2388.0 0 0 0 0 0 0 0 0 0
47.4 479.9 2309.0 10 0.9890945554 -0.1235215589 0.0802148208 0.1128910333 0.9856203198 0.1257306039 -0.0945917964 -0.1153039187 0.9888161421
72.5 279.4 2332.4 0.9890945554 -0.1235215589 0.0802148208 0.1128910333 0.9856203198 0.1257306039 -0.0945917964 -0.1153039187 0.9888161421
85.0 81.2 2340.3 0.9941237569 -0.0632757023 0.0878300145 0.0595061220 0.9972178340 0.0448958874 -0.0904264748 -0.0394056439 0.9951232076
-67.3 271.0 2345.2 0.5711422563 -0.7918242216 -0.2163584083 0.5717815757 0.5728870034 -0.5872532129 0.5889502168 0.2116953433 0.7799504399
-187.6 150.6 2221.2 -0.5441011190 -0.7918242216 -0.2774317861 -0.8191354275 0.5728870034 -0.0285955407 0.1815797091 0.2116953433 -0.9603196979
212.4 287.8 2319.7 0.2427819818 0.4603618979 0.8538874984 -0.9685187936 0.0650967360 0.2402785569 0.0550298020 -0.8853413463 0.4616734684
275.0 37.8 2333.9 -0.0225292370 0.4694296122 0.8826824427 -0.9662328362 0.2164612710 -0.1397805363 -0.2566836774 -0.8560259342 0.4487016201
6.7 -117.9 2361.8 0.9915109277 0.1196510568 0.0508888289 -0.1179551110 0.9923974276 -0.0351278633 -0.0547050275 0.0288270619 0.9980863333
-40.9 -512.5 2350.4 0.9980201721 0.0071196994 0.0624907687 -0.0110855969 0.9979299307 0.0633483678 -0.0619103871 -0.0639156997 0.9960330725
189.2 -105.1 2348.1 0.9231745005 0.0334292613 0.3829247355 0.0270177331 0.9881037474 -0.1513970196 -0.3834304512 0.1501116157 0.9112889767
175.9 -498.0 2288.4 0.9308364391 -0.0331305265 0.3639312088 -0.0672063529 0.9633758068 0.2595964968 -0.3592031002 -0.2661003768 0.8945187330
-42.3 369.3 2172.7 0 0 0 0 0 0 0 0 0
268.8 -228.0 2263.3 0 0 0 0 0 0 0 0 0
-42.9 -797.5 2368.6 0 0 0 0 0 0 0 0 0
188.5 -866.2 2390.1 0 0 0 0 0 0 0 0 0
44.8 477.9 2310.4 11 0.9871981144 -0.1412663758 0.0740518868 0.1308102906 0.9827316403 0.1308711022 -0.0912608206 -0.1195089594 0.9886298776
73.7 277.1 2334.8 0.9871981144 -0.1412663758 0.0740518868 0.1308102906 0.9827316403 0.1308711022 -0.0912608206 -0.1195089594 0.9886298776
85.6 78.8 2339.9 0.9946392179 -0.0600067042 0.0842143148 0.0575875454 0.9978631139 0.0308693964 -0.0858867317 -0.0258542169 0.9959694147
-66.3 269.0 2346.9 0.5423786640 -0.8058203459 -0.2376530766 0.5626042485 0.5584568977 -0.6095919609 0.6239405870 0.1969250143 0.7562530637
-179.6 151.5 2216.6 -0.5414540768 -0.8058203459 -0.2397520244 -0.8295256495 0.5584568977 -0.0036114857 0.1368013918 0.1969250143 -0.9708274603
213.6 285.3 2322.7 0.2330740392 0.4623662531 0.8555080295 -0.9719449282 0.0821581781 0.2203929871 0.0316152908 -0.8828745484 0.4685434699
274.7 30.7 2331.0 -0.0222788434 0.4707382023 0.8819916248 -0.9632721543 0.2260319442 -0.1449701488 -0.2676012814 -0.8528277278 0.4484132528
6.4 -122.4 2356.4 0.9914561510 0.1208214536 0.0491618253 -0.1193656996 0.9923488498 -0.0315525532 -0.0525979064 0.0254147388 0.9982923269
-41.6 -516.9 2346.3 0.9980461597 0.0067786360 0.0621119998 -0.0115901818 0.9969299436 0.0774361119 -0.0613964014 -0.0780047029 0.9950606823
188.8 -111.4 2339.8 0.9243487120 0.0328650735 0.3801306784 0.0194339287 0.9909348488 -0.1329302788 -0.3810535073 0.1302613616 0.9153306484
175.7 -505.4 2288.0 0.9313473701 -0.0314235501 0.3627735376 -0.0706407949 0.9617501497 0.2646629512 -0.3572141826 -0.2721197605 0.8935037255
-35.1 372.8 2180.1 0 0 0 0 0 0 0 0 0
268.5 -234.2 2257.4 0 0 0 0 0 0 0 0 0
-43.5 -798.6 2368.4 0 0 0 0 0 0 0 0 0
187.7 -873.0 2392.1 0 0 0 0 0 0 0 0 0
43.2 476.9 2309.6 12 0.9796529412 -0.1881109625 0.0699602664 0.1768662333 0.9739279151 0.1420660913 -0.0948604420 -0.1268018484 0.9873817563
81.2 279.9 2335.2 0.9796529412 -0.1881109625 0.0699602664 0.1768662333 0.9739279151 0.1420660913 -0.0948604420 -0.1268018484 0.9873817563
88.2 81.4 2340.9 0.9959776402 -0.0350132547 0.0824783072 0.0325201862 0.9989783764 0.0313792191 -0.0834927335 -0.0285707880 0.9960987568
-58.9 275.3 2347.0 0.5525853634 -0.8047233820 -0.2169555724 0.5678427219 0.5540474653 -0.6087577939 0.6100853086 0.2131939828 0.7631148100
-181.4 149.4 2211.8 -0.5417467356 -0.8047233820 -0.2427565753 -0.8322299123 0.5540474653 0.0206086803 0.1179143861 0.2131939828 -0.9698683023
221.4 284.5 2323.5 0.2061413825 0.4643221200 0.8613423705 -0.9782846570 0.0783968344 0.1918674558 0.0215617865 -0.8821898103 0.4704000354
274.9 30.2 2329.1 -0.0278673712 0.4739522338 0.8801094890 -0.9621213675 0.2261480093 -0.1522482783 -0.2711934149 -0.8510149121 0.4496974349
6.3 -124.8 2353.0 0.9912947416 0.1224260777 0.0484422296 -0.1220262274 0.9924643636 -0.0111383265 -0.0494408086 0.0051301415 0.9987638593
-42.4 -519.3 2350.9 0.9983162880 0.0027522899 0.0579401627 -0.0066458182 0.9977231622 0.0671141520 -0.0576235242 -0.0673862100 0.9960615635
188.7 -114.2 2337.2 0.9263700247 0.0310790669 0.3753301203 0.0150663881 0.9927332401 -0.1193889529 -0.3763131797 0.1162532195 0.9191700220
176.4 -508.8 2291.0 0.9324309230 -0.0262438972 0.3603940308 -0.0712699369 0.9644108415 0.2546218336 -0.3542501926 -0.2631025314 0.8973761201
-36.8 371.6 2180.3 0 0 0 0 0 0 0 0 0
267.3 -234.4 2254.5 0 0 0 0 0 0 0 0 0
-43.2 -797.5 2369.7 0 0 0 0 0 0 0 0 0
186.4 -877.5 2391.6 0 0 0 0 0 0 0 0 0
44.7 477.9 2309.7 13 0.9775809050 -0.2012893707 0.0617908426 0.1906030029 0.9706673026 0.1465451568 -0.0894763321 -0.1314822435 0.9872722030
85.4 281.7 2336.3 0.9775809050 -0.2012893707 0.0617908426 0.1906030029 0.9706673026 0.1465451568 -0.0894763321 -0.1314822435 0.9872722030
89.8 83.1 2341.2 0.9969108105 -0.0219460577 0.0754136890 0.0200110376 0.9994532466 0.0263193641 -0.0759500712 -0.0247289520 0.9968049526
-54.8 278.9 2346.9 0.5598422885 -0.8071386218 -0.1873603612 0.5778908730 0.5423859358 -0.6098029017 0.5938171148 0.2331196070 0.7700886130
-179.4 150.3 2214.8 -0.5223239660 -0.8071386218 -0.2751453221 -0.8401210308 0.5423859358 0.0037605851 0.1461996436 0.2331196070 -0.9613953233
225.7 284.5 2325.6 0.1861357093 0.4690676630 0.8633244038 -0.9825223088 0.0905171111 0.1626547873 -0.0018495313 -0.8785113692 0.4777179062
274.4 27.6 2325.1 -0.0326242559 0.4776482284 0.8779452443 -0.9628668427 0.2205183208 -0.1557534486 -0.2679983675 -0.8504256606 0.4527173936
3.8 -120.1 2354.3 0.9928865433 0.1116080880 0.0414727293 -0.1112660766 0.9937354922 -0.0104726413 -0.0423817560 0.0057836366 0.9990847707
-40.6 -515.2 2352.0 0.9987246394 0.0096620219 0.0495549627 -0.0127565209 0.9979625344 0.0625147447 -0.0488499776 -0.0630671680 0.9968129992
186.5 -114.2 2338.9 0.9296495914 0.0305145178 0.3671791553 0.0146338111 0.9927201867 -0.1195511669 -0.3681541979 0.1165139228 0.9224353433
174.3 -508.8 2292.6 0.9348041415 -0.0389739573 0.3530188203 -0.0543864556 0.9665297270 0.2507236600 -0.3509748876 -0.2535769641 0.9013963342
-42.2 371.0 2176.4 0 0 0 0 0 0 0 0 0
265.4 -237.3 2251.4 0 0 0 0 0 0 0 0 0
-43.3 -797.9 2369.8 0 0 0 0 0 0 0 0 0
189.2 -878.3 2389.5 0 0 0 0 0 0 0 0 0
47.1 477.6 2309.2 14 0.9782664180 -0.2000255138 0.0546316653 0.1900381893 0.9703006744 0.1496734023 -0.0829476416 -0.1360383630 0.9872250557
87.3 282.7 2336.5 0.9782664180 -0.2000255138 0.0546316653 0.1900381893 0.9703006744 0.1496734023 -0.0829476416 -0.1360383630 0.9872250557
90.5 84.0 2340.1 0.9974799752 -0.0165248103 0.0689970478 0.0152481822 0.9997034073 0.0189885199 -0.0692903623 -0.0178885888 0.9974361062
-53.1 280.6 2346.3 0.5666108131 -0.8065403104 -0.1686562598 0.5864360929 0.5385084152 -0.6050631404 0.5788305998 0.2439291924 0.7781090140
-179.5 149.8 2217.2 -0.5120244026 -0.8065403104 -0.2955059707 -0.8425623775 0.5385084152 -0.0098687224 0.1670919806 0.2439291924 -0.9552899003
227.6 284.9 2326.8 0.1781084687 0.4740211070 0.8623116612 -0.9838595986 0.1011498943 0.1476108432 -0.0172520764 -0.8746843338 0.4843858778
274.2 27.3 2322.3 -0.0322130322 0.4814505279 0.8758810759 -0.9631308913 0.2192362398 -0.1559307277 -0.2670978010 -0.8486111164 0.4566375911
2.7 -117.4 2353.0 0.9940069318 0.1033071950 0.0357472412 -0.1030297279 0.9946326613 -0.0095236460 -0.0365392342 0.0057835421 0.9993155003
-38.4 -512.8 2350.7 0.9989261627 0.0149819404 0.0438418277 -0.0180108398 0.9974173903 0.0695283785 -0.0426869318 -0.0702433437 0.9966161251
185.6 -113.7 2339.1 0.9322301745 0.0280892309 0.3607740998 0.0159256980 0.9928320646 -0.1184517071 -0.3615153134 0.1161698326 0.9251006842
174.4 -508.5 2292.9 0.9373912215 -0.0384096876 0.3461536765 -0.0534425862 0.9662656188 0.2519417703 -0.3441534042 -0.2546673715 0.9037162066
-45.5 370.3 2173.4 0 0 0 0 0 0 0 0 0
265.4 -237.6 2248.8 0 0 0 0 0 0 0 0 0
-42.7 -798.5 2370.9 0 0 0 0 0 0 0 0 0
189.1 -877.9 2390.3 0 0 0 0 0 0 0 0 0
48.0 481.3 2309.0 15 0.9792902470 -0.1397219449 0.1465210468 0.1208479255 0.9840331674 0.1306695044 -0.1624389589 -0.1102566049 0.9805391431
75.9 284.6 2331.0 0.9792902470 -0.1397219449 0.1465210468 0.1208479255 0.9840331674 0.1306695044 -0.1624389589 -0.1102566049 0.9805391431
84.3 86.3 2339.1 0.9872052670 -0.0410332792 0.1540846378 0.0340452865 0.9982803464 0.0477207266 -0.1557778120 -0.0418642946 0.9869045615
-62.5 280.0 2352.9 0.5350700617 -0.8201039433 -0.2028040886 0.5908628702 0.5348642468 -0.6039878726 0.6038054824 0.2033464164 0.7707588077
-180.5 149.7 2219.7 -0.4982616305 -0.8201039433 -0.2813625038 -0.8422383070 0.5348642468 -0.0674903393 0.2058398277 0.2033464164 -0.9572252631
214.3 289.2 2309.2 0.2233442664 0.4027345181 0.8876498342 -0.9736515284 0.0491593853 0.2226793617 0.0460443422 -0.9139957428 0.4031025469
274.3 27.7 2321.5 -0.0340495892 0.4177828431 0.9079086781 -0.9583658576 0.2440472096 -0.1482425481 -0.2835057676 -0.8751562238 0.3920790851
2.3 -116.1 2350.0 0.9875404239 0.1026168317 0.1193050742 -0.1023488268 0.9947131872 -0.0083879065 -0.1195350736 -0.0039273370 0.9928222299
