82.2 457.5 2089.8 1 0.9948811531 0.0268986747 -0.0974061713 -0.0281188041 0.9995421171 -0.0111749517 0.0970609784 0.0138566932 0.9951819777
75.7 217.9 2086.5 0.9948811531 0.0268986747 -0.0974061713 -0.0281188041 0.9995421171 -0.0111749517 0.0970609784 0.0138566932 0.9951819777
70.0 25.0 2107.4 0.9951398373 0.0294106789 -0.0939770415 -0.0189610198 0.9937273264 0.1102112681 0.0966289416 -0.1078937277 0.9894552827
-60.2 220.5 2073.3 0.1078799143 -0.7957072854 -0.5959965587 0.1652469933 0.6055077314 -0.7784945965 0.9803342819 -0.0145027051 0.1968103498
-81.8 187.5 1877.3 -0.6049395800 -0.7957072854 0.0299680885 -0.7956895828 0.6055077314 0.0154438391 -0.0304346830 -0.0145027051 -0.9994315505
211.7 215.3 2099.7 0.7707235217 0.4529499412 0.4481312335 -0.4927269220 -0.0222387258 0.8698998094 0.4039869308 -0.8912585378 0.2060407102
352.9 125.0 2173.7 -0.5226274133 0.4529499412 0.7222858667 -0.8165302277 -0.0222387258 -0.5768741965 -0.2452324033 -0.8912585378 0.3814699054
-22.7 -165.9 2115.6 0.9726015329 0.0351041146 -0.2298127562 -0.0300176218 0.9992216825 0.0255930386 0.2305323035 -0.0179933980 0.9728983045
-36.3 -553.8 2122.6 0.9735288024 0.0400026403 -0.2250365466 -0.0113204578 0.9917959571 0.1273289472 0.2282838225 -0.1214108840 0.9659947753
155.7 -169.5 2131.6 0.9940230250 0.0699478164 -0.0838181674 -0.0727035776 0.9968936443 -0.0302857701 0.0814393684 0.0361986347 0.9960207343
128.5 -556.5 2117.5 0.9945953488 -0.0709983185 -0.0757581443 0.0768783763 0.9940043092 0.0777506083 0.0697837621 -0.0831545517 0.9940903187
70.4 387.6 1884.9 0 0 0 0 0 0 0 0 0
207.1 -102.7 2105.3 0 0 0 0 0 0 0 0 0
-51.3 -923.9 2167.9 0 0 0 0 0 0 0 0 0
155.0 -927.3 2148.5 0 0 0 0 0 0 0 0 0
80.7 451.5 2086.4 2 0.9947756529 0.0253736004 -0.0988813564 -0.0253972113 0.9996769428 0.0010201529 0.0988752916 0.0014964873 0.9950987101
74.9 220.1 2086.1 0.9947756529 0.0253736004 -0.0988813564 -0.0253972113 0.9996769428 0.0010201529 0.0988752916 0.0014964873 0.9950987101
70.3 27.0 2105.5 0.9950689077 0.0232703947 -0.0964173973 -0.0133743044 0.9946903586 0.1020405218 0.0982799754 -0.1002478302 0.9900966883
-61.1 221.9 2072.6 0.1031625494 -0.7953529358 -0.5973033309 0.1749312282 0.6056550741 -0.7762609124 0.9791611433 -0.0244059432 0.2016129792
-81.7 187.0 1877.3 -0.6054471731 -0.7953529358 0.0291117299 -0.7957246304 0.6056550741 -0.0020497607 -0.0160013847 -0.0244059432 -0.9995740652
210.8 218.2 2099.5 0.7637562156 0.4579331279 0.4549435973 -0.5046315789 -0.0159114506 0.8631881475 0.4025212526 -0.8888442516 0.2189350575
353.3 124.1 2174.6 -0.5217442513 0.4579331279 0.7197778821 -0.8143417239 -0.0159114506 -0.5801675320 -0.2542252243 -0.8888442516 0.3812157512
-24.8 -166.2 2119.7 0.9723272920 0.0306176916 -0.2316077501 -0.0269006565 0.9994539022 0.0191907622 0.2320688516 -0.0124293007 0.9726199508
-36.7 -554.2 2124.6 0.9729319215 0.0403288342 -0.2275457382 -0.0140262675 0.9931448102 0.1160459816 0.2306658626 -0.1097132191 0.9668279290
153.5 -169.6 2137.0 0.9939483404 0.0689435005 -0.0855190679 -0.0726157650 0.9965333939 -0.0405969769 0.0824237093 0.0465613306 0.9955090880
126.7 -556.4 2119.0 0.9928308725 -0.0907270312 -0.0778171048 0.0957998559 0.9933321476 0.0641372129 0.0714792535 -0.0711322650 0.9949024916
70.2 386.6 1881.3 0 0 0 0 0 0 0 0 0
207.7 -103.0 2103.6 0 0 0 0 0 0 0 0 0
-51.8 -924.8 2165.5 0 0 0 0 0 0 0 0 0
160.6 -927.0 2145.5 0 0 0 0 0 0 0 0 0
78.9 453.1 2086.2 3 0.9937361479 0.0042550880 -0.1116709486 -0.0041444502 0.9999906421 0.0012228643 0.1116751060 -0.0007523897 0.9937444925
77.9 220.7 2086.4 0.9937361479 0.0042550880 -0.1116709486 -0.0041444502 0.9999906421 0.0012228643 0.1116751060 -0.0007523897 0.9937444925
73.2 27.6 2105.0 0.9936032295 0.0242786910 -0.1102867275 -0.0134366192 0.9950949550 0.0980075821 0.1121252626 -0.0958987698 0.9890558124
-57.8 222.6 2071.0 0.1294153780 -0.7913565636 -0.5975002050 0.1759283543 0.6113322377 -0.7715712190 0.9758590460 -0.0052640354 0.2183378488
-83.5 187.7 1877.5 -0.6111319065 -0.7913565636 0.0165102687 -0.7912711501 0.6113322377 0.0127633046 -0.0201935843 -0.0052640354 -0.9997822046
213.7 218.9 2101.7 0.7613946795 0.4497024417 0.4669538438 -0.5155022740 -0.0167883392 0.8567237258 0.3931101263 -0.8930206299 0.2190400809
353.6 124.1 2173.9 -0.5254559517 0.4497024417 0.7222629189 -0.8134733438 -0.0167883392 -0.5813598633 -0.2493133396 -0.8930206299 0.3746424913
-23.3 -164.9 2116.2 0.9691160321 0.0300904904 -0.2447625101 -0.0236493051 0.9992933869 0.0292132478 0.2454686016 -0.0225225631 0.9691428542
-35.0 -552.8 2124.9 0.9690411091 0.0521201231 -0.2413355857 -0.0250970293 0.9931954741 0.1137230322 0.2456206679 -0.1041454896 0.9637552500
155.0 -167.3 2133.8 0.9922206998 0.0760093257 -0.0985935852 -0.0796335489 0.9962660074 -0.0333545655 0.0956901759 0.0409464501 0.9945686460
125.5 -554.1 2117.9 0.9902474284 -0.1058155969 -0.0906259194 0.1119040400 0.9915938377 0.0649548769 0.0829908624 -0.0744628087 0.9937644601
70.2 386.7 1882.6 0 0 0 0 0 0 0 0 0
207.0 -102.8 2104.4 0 0 0 0 0 0 0 0 0
-54.5 -923.5 2163.8 0 0 0 0 0 0 0 0 0
165.0 -924.1 2145.7 0 0 0 0 0 0 0 0 0
77.5 456.5 2088.1 4 0.9925642014 -0.0151279671 -0.1207784489 0.0142290685 0.9998642802 -0.0083015682 0.1208876446 0.0065212753 0.9926447868
81.1 221.0 2086.5 0.9925642014 -0.0151279671 -0.1207784489 0.0142290685 0.9998642802 -0.0083015682 0.1208876446 0.0065212753 0.9926447868
73.6 27.9 2105.0 0.9920813441 0.0386237986 -0.1195109040 -0.0267634690 0.9946975112 0.0993002355 0.1227125525 -0.0953153819 0.9878545403
-54.4 224.6 2069.8 0.1541915089 -0.7898669243 -0.5935783386 0.1858370751 0.6132252216 -0.7677365541 0.9704068899 0.0080696000 0.2413406819
-84.8 188.0 1878.8 -0.6131036878 -0.7898669243 0.0146338250 -0.7892596722 0.6132252216 0.0320002772 -0.0342497900 0.0080696000 -0.9993807077
216.6 217.3 2103.3 0.7637712955 0.4493446946 0.4634034336 -0.5098354220 -0.0203491095 0.8600312471 0.3958803117 -0.8931266665 0.2135497779
351.9 127.0 2173.5 -0.5121897459 0.4493446946 0.7319501638 -0.8249797225 -0.0203491095 -0.5647958517 -0.2388934791 -0.8931266665 0.3811228573
-20.5 -164.4 2113.5 0.9663552642 0.0350439772 -0.2548124492 -0.0286273062 0.9991737604 0.0288481861 0.2556128800 -0.0205830038 0.9665600657
-34.1 -552.3 2121.5 0.9666317701 0.0537005961 -0.2504780293 -0.0237351954 0.9923498034 0.1211546585 0.2550679147 -0.1111667976 0.9605115056
157.5 -166.8 2133.6 0.9904432297 0.0837053284 -0.1096160412 -0.0876814649 0.9956356883 -0.0319615975 0.1064622924 0.0412674434 0.9934599996
125.0 -553.3 2117.6 0.9891740084 -0.1067264900 -0.1007188484 0.1138206869 0.9912041426 0.0675218180 0.0926265717 -0.0782547146 0.9926210642
70.4 387.8 1887.4 0 0 0 0 0 0 0 0 0
209.1 -103.1 2106.8 0 0 0 0 0 0 0 0 0
-54.1 -922.7 2163.0 0 0 0 0 0 0 0 0 0
164.9 -923.3 2146.8 0 0 0 0 0 0 0 0 0
76.8 456.6 2087.0 5 0.9919392467 -0.0257635508 -0.1240677610 0.0254796557 0.9996678233 -0.0038746714 0.1241263747 0.0006822346 0.9922661781
82.9 221.2 2086.9 0.9919392467 -0.0257635508 -0.1240677610 0.0254796557 0.9996678233 -0.0038746714 0.1241263747 0.0006822346 0.9922661781
73.6 28.1 2104.3 0.9912543297 0.0478926077 -0.1229679435 -0.0362475179 0.9947931767 0.0952502638 0.1268894523 -0.0899599567 0.9878290892
-52.5 226.1 2069.5 0.1628915220 -0.7923381925 -0.5879340768 0.1942798197 0.6099844575 -0.7682280540 0.9673271179 0.0109141031 0.2532966137
-84.4 188.1 1880.2 -0.6096966863 -0.7923381925 0.0216823630 -0.7910751700 0.6099844575 0.0460335165 -0.0497000217 0.0109141031 -0.9987045527
218.3 216.2 2104.2 0.7604888678 0.4515779614 0.4666197300 -0.5173166394 -0.0130005460 0.8556953073 0.3924794793 -0.8921369314 0.2237220258
352.7 124.8 2173.5 -0.5234981179 0.4515779614 0.7225143909 -0.8135580420 -0.0130005460 -0.5813383460 -0.2531265318 -0.8921369314 0.3741906583
-22.8 -162.8 2112.5 0.9655985236 0.0238866657 -0.2589381039 -0.0188440233 0.9995816946 0.0219392721 0.2593538463 -0.0163050927 0.9656447172
-32.0 -550.8 2118.8 0.9649060369 0.0678043365 -0.2536906600 -0.0298022237 0.9881232977 0.1507453769 0.2608988583 -0.1378945857 0.9554668069
155.0 -167.6 2134.5 0.9907674789 0.0721061677 -0.1148063466 -0.0774361789 0.9960842729 -0.0426581912 0.1112808809 0.0511545129 0.9924715757
127.0 -554.2 2114.6 0.9903749824 -0.0916897357 -0.1036839187 0.1017252505 0.9901654720 0.0960431919 0.0938580632 -0.1056660488 0.9899622798
70.8 389.5 1892.9 0 0 0 0 0 0 0 0 0
206.7 -102.1 2103.0 0 0 0 0 0 0 0 0 0
-57.3 -919.5 2170.3 0 0 0 0 0 0 0 0 0
161.2 -923.7 2154.1 0 0 0 0 0 0 0 0 0
76.7 454.3 2088.5 6 0.9915087223 -0.0327881649 -0.1258387864 0.0318140797 0.9994463325 -0.0097431997 0.1260885596 0.0056570228 0.9920028448
84.3 221.2 2087.2 0.9915087223 -0.0327881649 -0.1258387864 0.0318140797 0.9994463325 -0.0097431997 0.1260885596 0.0056570228 0.9920028448
74.5 28.1 2104.5 0.9908663630 0.0508599170 -0.1248885244 -0.0390685983 0.9946994781 0.0951133966 0.1290640086 -0.0893654376 0.9876012802
-51.0 226.6 2069.5 0.1688664258 -0.7940083742 -0.5839819312 0.2002169341 0.6077711582 -0.7684578300 0.9650892615 0.0128436508 0.2616060674
-83.9 187.6 1881.7 -0.6077896953 -0.7940083742 0.0119338222 -0.7932633758 0.6077711582 0.0367072932 -0.0363989286 0.0128436508 -0.9992548227
219.7 215.9 2104.8 0.7566132545 0.4559549391 0.4686592519 -0.5240149498 -0.0058672037 0.8516888618 0.3910814524 -0.8899835348 0.2344880104
352.7 123.8 2173.5 -0.5300576687 0.4559549391 0.7149433494 -0.8050772548 -0.0058672037 -0.5931409597 -0.2662508488 -0.8899835348 0.3701889217
-24.5 -161.8 2110.4 0.9651950598 0.0204538517 -0.2607300282 -0.0119456882 0.9993444681 0.0341752879 0.2612581253 -0.0298712216 0.9648066759
-32.4 -549.7 2122.0 0.9641116858 0.0670289695 -0.2568963170 -0.0304170009 0.9891207218 0.1439271271 0.2637487650 -0.1309478134 0.9556617141
153.1 -168.3 2133.1 0.9910795689 0.0644876510 -0.1166301891 -0.0690831617 0.9969685078 -0.0357947536 0.1139683053 0.0435326323 0.9925301671
128.1 -555.3 2116.2 0.9911225438 -0.0777726099 -0.1078310534 0.0873228684 0.9923851490 0.0868699774 0.1002538353 -0.0955149084 0.9903666377
70.7 389.4 1890.9 0 0 0 0 0 0 0 0 0
204.8 -100.7 2099.3 0 0 0 0 0 0 0 0 0
-57.4 -918.8 2170.9 0 0 0 0 0 0 0 0 0
157.1 -925.6 2151.9 0 0 0 0 0 0 0 0 0
76.7 454.2 2094.2 7 0.9913461804 -0.0349895395 -0.1265245378 0.0307121854 0.9988940358 -0.0356012769 0.1276302785 0.0314073488 0.9913244247
84.9 221.1 2086.9 0.9913461804 -0.0349895395 -0.1265245378 0.0307121854 0.9988940358 -0.0356012769 0.1276302785 0.0314073488 0.9913244247
74.7 28.0 2104.3 0.9907214642 0.0524625182 -0.1253740191 -0.0405615829 0.9945873022 0.0956603363 0.1297139823 -0.0896873772 0.9874869585
-50.5 226.6 2069.2 0.1651873887 -0.7958118916 -0.5825775266 0.2037451267 0.6054858565 -0.7693339586 0.9649875760 0.0083869314 0.2621614337
-82.6 186.9 1881.2 -0.6055101752 -0.7958118916 0.0063985931 -0.7955447435 0.6054858565 0.0222577583 -0.0215872470 0.0083869314 -0.9997317791
220.3 215.5 2104.6 0.7664593458 0.4397725463 0.4681240618 -0.5158600807 -0.0127317822 0.8565782309 0.3826596439 -0.8980189562 0.2171027064
357.6 123.1 2173.2 -0.5512822866 0.4397725463 0.7090048790 -0.7931892276 -0.0127317822 -0.6088421345 -0.2587251663 -0.8980189562 0.3558416367
-24.2 -161.4 2110.3 0.9648928642 0.0313476585 -0.2607663572 -0.0176447313 0.9983455539 0.0547253042 0.2620504200 -0.0482029058 0.9638496041
-36.3 -548.9 2129.0 0.9654356837 0.0274244063 -0.2591945827 -0.0021769668 0.9952628613 0.0971963555 0.2606323063 -0.0932725742 0.9609219432
153.4 -168.4 2133.4 0.9908533096 0.0674287230 -0.1168893725 -0.0712463334 0.9970431328 -0.0287906006 0.1146024317 0.0368552022 0.9927275181
127.2 -555.5 2119.1 0.9913546443 -0.0717727467 -0.1098394170 0.0794856623 0.9945461750 0.0675273538 0.1043937504 -0.0756742135 0.9916528463
70.6 388.3 1886.7 0 0 0 0 0 0 0 0 0
203.9 -98.1 2101.1 0 0 0 0 0 0 0 0 0
-46.6 -919.9 2163.8 0 0 0 0 0 0 0 0 0
154.0 -926.6 2147.4 0 0 0 0 0 0 0 0 0
77.0 453.9 2100.1 8 0.9917843342 -0.0342501514 -0.1232506856 0.0265910700 0.9976427555 -0.0632597432 0.1251268089 0.0594626553 0.9903572202
85.0 220.5 2086.2 0.9917843342 -0.0342501514 -0.1232506856 0.0265910700 0.9976427555 -0.0632597432 0.1251268089 0.0594626553 0.9903572202
74.0 27.7 2105.6 0.9909822941 0.0568770058 -0.1213225126 -0.0439860933 0.9933494925 0.1064048856 0.1265676469 -0.1001088545 0.9868935347
-50.4 226.5 2068.9 0.1680314541 -0.7933523059 -0.5851132274 0.2032600641 0.6086816192 -0.7669367790 0.9645987749 0.0099393427 0.2635345161
-83.3 186.7 1880.1 -0.6087614894 -0.7933523059 -0.0012309242 -0.7932779789 0.6086816192 0.0147231352 -0.0109313931 0.0099393427 -0.9998908639
220.4 214.5 2103.5 0.7725007534 0.4306594133 0.4666636884 -0.5072926879 -0.0235101599 0.8614530563 0.3819642365 -0.9022082686 0.2003087550
361.1 122.1 2173.1 -0.5647084713 0.4306594133 0.7040147781 -0.7868139744 -0.0235101599 -0.6167423129 -0.2490543723 -0.9022082686 0.3521252275
-24.2 -161.4 2110.1 0.9660073519 0.0210635755 -0.2576550245 -0.0103925318 0.9990335107 0.0427081026 0.2583056092 -0.0385786518 0.9652926326
-32.4 -549.2 2125.1 0.9650208354 0.0614961423 -0.2548587322 -0.0290533192 0.9911979437 0.1291609406 0.2605583370 -0.1172385067 0.9583133459
153.3 -168.7 2133.3 0.9911762476 0.0678965673 -0.1138406396 -0.0710777640 0.9971791506 -0.0241174828 0.1118820235 0.0319962129 0.9932062626
126.9 -555.8 2120.9 0.9911162853 -0.0774141178 -0.1081460863 0.0836550221 0.9950082898 0.0544093922 0.1033941954 -0.0629730001 0.9926449656
70.4 387.0 1882.8 0 0 0 0 0 0 0 0 0
203.7 -97.3 2103.6 0 0 0 0 0 0 0 0 0
-55.3 -918.6 2168.8 0 0 0 0 0 0 0 0 0
155.8 -927.2 2144.4 0 0 0 0 0 0 0 0 0
76.6 454.0 2100.0 9 0.9897540212 -0.0435770266 -0.1359707564 0.0356220938 0.9975383878 -0.0604001060 0.1382681131 0.0549376830 0.9888699651
86.8 220.7 2087.2 0.9897540212 -0.0435770266 -0.1359707564 0.0356220938 0.9975383878 -0.0604001060 0.1382681131 0.0549376830 0.9888699651
77.0 27.8 2106.5 0.9895101190 0.0503475741 -0.1354061216 -0.0361033008 0.9937458634 0.1056681350 0.1398794055 -0.0996710807 0.9851393104
-48.4 225.6 2068.1 0.1742149442 -0.7951935530 -0.5807893872 0.2036139965 0.6061527133 -0.7688434720 0.9634264112 0.0156871583 0.2675133944
-82.5 185.8 1879.6 -0.6062796116 -0.7951935530 -0.0096042184 -0.7952374816 0.6061527133 0.0132769188 -0.0047360975 0.0156871583 -0.9998657107
222.0 215.8 2106.3 0.7741807699 0.4243183434 0.4696787000 -0.5133631825 -0.0131543558 0.8580706716 0.3702734411 -0.9054175019 0.2076455504
360.5 123.9 2172.6 -0.5577261448 0.4243183434 0.7133691311 -0.7915199995 -0.0131543558 -0.6110016704 -0.2498753071 -0.9054175019 0.3431929946
-25.8 -161.2 2113.7 0.9622749686 0.0243943706 -0.2709830403 -0.0146373911 0.9991717339 0.0379690565 0.2716848254 -0.0325701907 0.9618349671
-35.3 -549.1 2126.4 0.9620245695 0.0494968183 -0.2684376538 -0.0199382827 0.9935371876 0.1117421910 0.2722336650 -0.1021465510 0.9567940831
151.7 -169.1 2136.4 0.9899079800 0.0622005090 -0.1273314953 -0.0666029975 0.9973099232 -0.0306102894 0.1250849962 0.0387820266 0.9913877845
127.6 -556.3 2121.3 0.9893152118 -0.0807371661 -0.1213957518 0.0881334841 0.9944857955 0.0568374544 0.1161374599 -0.0669291914 0.9909755588
70.3 386.1 1880.8 0 0 0 0 0 0 0 0 0
205.0 -96.9 2102.9 0 0 0 0 0 0 0 0 0
-53.8 -919.6 2164.4 0 0 0 0 0 0 0 0 0
157.7 -927.4 2146.3 0 0 0 0 0 0 0 0 0
77.0 455.9 2101.0 0 0.9880537987 -0.0410223231 -0.1485493183 0.0322312899 0.9976103902 -0.0611113533 0.1507012695 0.0555933677 0.9870149493
86.5 224.6 2088.1 0.9880537987 -0.0410223231 -0.1485493183 0.0322312899 0.9976103902 -0.0611113533 0.1507012695 0.0555933677 0.9870149493
78.2 31.5 2107.0 0.9880050421 0.0426467136 -0.1484158486 -0.0275145471 0.9943464994 0.1025571153 0.1519505084 -0.0972433537 0.9835928082
-48.5 228.3 2067.4 0.1672567576 -0.8036549091 -0.5711076260 0.2097832412 0.5950122476 -0.7758552432 0.9633359313 0.0099582216 0.2681131661
-81.1 187.4 1879.4 -0.5950952768 -0.8036549091 0.0006406298 -0.8035238981 0.5950122476 0.0175988339 -0.0145245725 0.0099582216 -0.9998449087
221.4 220.8 2108.9 0.7697787285 0.4104880393 0.4888151586 -0.5327835083 -0.0085605606 0.8462082744 0.3515428901 -0.9118257761 0.2121115178
360.6 124.5 2172.4 -0.5568349361 0.4104880393 0.7221041918 -0.7942156196 -0.0085605606 -0.6075757742 -0.2432209700 -0.9118257761 0.3307828307
-21.4 -161.9 2113.4 0.9583973289 0.0372959636 -0.2829903662 -0.0278847758 0.9989182353 0.0372130163 0.2840721309 -0.0277737305 0.9584005475
-35.9 -549.6 2124.1 0.9593495131 0.0359729193 -0.2799187601 -0.0072621019 0.9946613908 0.1029369310 0.2821273208 -0.0967196971 0.9544891119
155.9 -168.3 2138.4 0.9876433015 0.0728524327 -0.1387560070 -0.0772641674 0.9966538548 -0.0266711395 0.1363486499 0.0370624401 0.9899674058
127.6 -555.2 2124.0 0.9868447781 -0.0903379545 -0.1340762526 0.0956747234 0.9948353767 0.0338964500 0.1303216666 -0.0462782420 0.9903911352
68.6 389.5 1883.1 0 0 0 0 0 0 0 0 0
205.3 -97.0 2104.6 0 0 0 0 0 0 0 0 0
-49.3 -920.7 2160.2 0 0 0 0 0 0 0 0 0
161.3 -926.5 2141.3 0 0 0 0 0 0 0 0 0
77.5 452.7 2095.0 1 0.9865556955 -0.0427334122 -0.1577395499 0.0380612127 0.9987459779 -0.0325239971 0.1589315981 0.0260829758 0.9869449735
87.3 224.5 2089.0 0.9865556955 -0.0427334122 -0.1577395499 0.0380612127 0.9987459779 -0.0325239971 0.1589315981 0.0260829758 0.9869449735
78.6 31.4 2106.7 0.9864836335 0.0448525846 -0.1576016247 -0.0296991859 0.9948194027 0.0972227231 0.1611458510 -0.0912279859 0.9827051759
-47.5 228.5 2067.0 0.1737807393 -0.8082801104 -0.5625687242 0.2060420960 0.5884599090 -0.7818321586 0.9629885554 0.0199545342 0.2688027322
-81.3 188.4 1879.4 -0.5887849331 -0.8082801104 0.0039496389 -0.8075702786 0.5884599090 0.0393083170 -0.0340963379 0.0199545342 -0.9992192984
222.0 220.4 2111.0 0.7725397348 0.4004573524 0.4927638769 -0.5349398255 -0.0076216478 0.8448557854 0.3420843780 -0.9162837267 0.2083325535
360.8 124.3 2172.5 -0.5584283471 0.4004573524 0.7264927626 -0.7948438525 -0.0076216478 -0.6067661047 -0.2374468893 -0.9162837267 0.3225572109
-18.6 -159.0 2112.3 0.9552748799 0.0475401133 -0.2918730080 -0.0388498977 0.9986141920 0.0355013944 0.2931562662 -0.0225743540 0.9557979703
-37.0 -546.6 2121.0 0.9579372406 0.0260515735 -0.2857929468 0.0128503414 0.9909782410 0.1334055364 0.2866899967 -0.1314666718 0.9489601254
158.4 -163.9 2139.5 0.9857715368 0.0783445761 -0.1487164497 -0.0850414783 0.9956055880 -0.0392099917 0.1449910402 0.0512991622 0.9881021976
128.0 -550.4 2119.6 0.9866657257 -0.0825633332 -0.1402641684 0.0915928856 0.9940365553 0.0591782480 0.1345417500 -0.0712363496 0.9883440137
67.8 393.0 1888.0 0 0 0 0 0 0 0 0 0
205.0 -97.4 2106.2 0 0 0 0 0 0 0 0 0
-46.7 -916.2 2170.1 0 0 0 0 0 0 0 0 0
158.8 -921.3 2146.2 0 0 0 0 0 0 0 0 0
77.9 454.0 2092.5 2 0.9876794219 -0.0342479423 -0.1526970565 0.0308218319 0.9992184639 -0.0247489195 0.1534253210 0.0197375957 0.9879630804
85.8 223.7 2087.9 0.9876794219 -0.0342479423 -0.1526970565 0.0308218319 0.9992184639 -0.0247489195 0.1534253210 0.0197375957 0.9879630804
75.1 30.7 2105.8 0.9869437218 0.0549276583 -0.1514100581 -0.0400980972 0.9942479134 0.0993140265 0.1559942216 -0.0919461027 0.9834692478
-49.1 229.2 2066.6 0.1678020805 -0.8109056950 -0.5606018305 0.2097429633 0.5850121975 -0.7834338546 0.9632498622 0.0138795413 0.2682480216
-81.3 189.0 1881.7 -0.5851052403 -0.8109056950 0.0091549242 -0.8102073073 0.5850121975 0.0363984592 -0.0348714590 0.0138795413 -0.9992954135
220.6 218.3 2109.2 0.7776803970 0.4068464339 0.4792589843 -0.5202757716 -0.0114086652 0.8539221287 0.3528828621 -0.9134253263 0.2028000504
361.4 124.0 2173.1 -0.5595975518 0.4068464339 0.7220295072 -0.7934529781 -0.0114086652 -0.6085246205 -0.2393386960 -0.9134253263 0.3291977644
-18.5 -159.1 2110.0 0.9566528797 0.0530783422 -0.2863529623 -0.0430897810 0.9982264638 0.0410760269 0.2880253196 -0.0269566122 0.9572433233
-39.1 -546.6 2120.5 0.9597835541 0.0183155239 -0.2801429927 0.0202462729 0.9907556176 0.1341395229 0.2800100744 -0.1344167590 0.9505401254
158.2 -164.4 2138.9 0.9865090251 0.0776989236 -0.1440932602 -0.0841147527 0.9956936836 -0.0389722213 0.1404446512 0.0505668148 0.9887964129
128.1 -550.9 2119.3 0.9875361919 -0.0783451796 -0.1365076303 0.0859711096 0.9949972630 0.0508861020 0.1318380386 -0.0619875789 0.9893312454
67.5 395.0 1890.5 0 0 0 0 0 0 0 0 0
205.3 -97.3 2106.4 0 0 0 0 0 0 0 0 0
-45.9 -916.3 2170.6 0 0 0 0 0 0 0 0 0
157.3 -922.3 2142.4 0 0 0 0 0 0 0 0 0
77.6 456.1 2085.7 3 0.9900332093 -0.0350989364 -0.1363904029 0.0360776819 0.9993379116 0.0047100661 0.1361347735 -0.0095837712 0.9906439781
85.8 221.8 2088.0 0.9900332093 -0.0350989364 -0.1363904029 0.0360776819 0.9993379116 0.0047100661 0.1361347735 -0.0095837712 0.9906439781
75.3 28.8 2106.1 0.9892906547 0.0543275326 -0.1354714185 -0.0409026220 0.9941479564 0.0999843478 0.1401105225 -0.0933724418 0.9857233763
-49.3 227.4 2068.8 0.1537114680 -0.8164044619 -0.5566475987 0.1960145980 0.5773403049 -0.7926263213 0.9684787393 0.0127246957 0.2487710118
-79.1 189.3 1880.9 -0.5772902966 -0.8164044619 0.0148208421 -0.8153718710 0.5773403049 0.0429752469 -0.0436418541 0.0127246957 -0.9989662170
221.0 216.2 2107.1 0.7766272426 0.4204576313 0.4691113532 -0.5124732852 -0.0113952020 0.8586275578 0.3663621247 -0.9072406292 0.2066234797
362.2 123.0 2173.7 -0.5667577386 0.4204576313 0.7085202932 -0.7841372490 -0.0113952020 -0.6204828024 -0.2528130114 -0.9072406292 0.3361548185
-24.0 -158.6 2109.7 0.9618295431 0.0358221829 -0.2712945938 -0.0280757919 0.9990811348 0.0323822945 0.2722053230 -0.0235294364 0.9619514942
-37.9 -546.5 2118.8 0.9636199474 0.0297829099 -0.2656117678 0.0089771496 0.9896048903 0.1435323209 0.2671255171 -0.1406950355 0.9533356428
152.9 -165.8 2137.6 0.9893339872 0.0684533566 -0.1285785288 -0.0745860487 0.9962654710 -0.0434971228 0.1251208335 0.0526233464 0.9907449484
126.3 -552.6 2117.2 0.9877678156 -0.1002565399 -0.1194292605 0.1098272577 0.9910072088 0.0764375404 0.1106918901 -0.0886191353 0.9898959398
67.3 396.2 1891.9 0 0 0 0 0 0 0 0 0
204.1 -95.7 2103.2 0 0 0 0 0 0 0 0 0
-49.0 -915.8 2171.3 0 0 0 0 0 0 0 0 0
163.7 -922.3 2150.2 0 0 0 0 0 0 0 0 0
75.9 457.0 2081.8 4 0.9893668294 -0.0406351797 -0.1396496594 0.0445895530 0.9986848831 0.0253039263 0.1384377778 -0.0312617831 0.9898775816
85.4 223.0 2089.2 0.9893668294 -0.0406351797 -0.1396496594 0.0445895530 0.9986848831 0.0253039263 0.1384377778 -0.0312617831 0.9898775816
75.0 29.9 2106.1 0.9888004661 0.0538328215 -0.1391966641 -0.0409628712 0.9947549701 0.0937261134 0.1435121149 -0.0869745314 0.9858192801
-49.7 228.6 2069.6 0.1598188132 -0.8110952377 -0.5626565814 0.1957300305 0.5847035050 -0.7872810960 0.9675472379 0.0156935323 0.2522023320
-81.0 190.2 1879.8 -0.5848974586 -0.8110952377 0.0044105486 -0.8105778694 0.5847035050 0.0329435952 -0.0292992573 0.0156935323 -0.9994474649
220.5 217.4 2108.8 0.7632973790 0.4308890104 0.4813644588 -0.5339705944 0.0013547090 0.8455019593 0.3636654019 -0.9024038911 0.2311161011
358.4 120.9 2174.5 -0.5561033487 0.4308890104 0.7106924057 -0.7871543169 0.0013547090 -0.6167546511 -0.2667155862 -0.9024038911 0.3384227753
-23.9 -160.5 2111.7 0.9612351656 0.0230060332 -0.2747683227 -0.0154025313 0.9994372725 0.0297983084 0.2752992213 -0.0244110543 0.9610486031
-32.8 -548.5 2121.2 0.9609602690 0.0526503213 -0.2716308534 -0.0208604429 0.9927204847 0.1186205372 0.2758989334 -0.1083232760 0.9550632834
153.4 -167.8 2136.8 0.9887088537 0.0716845915 -0.1315905750 -0.0776840523 0.9961332679 -0.0410326011 0.1281403452 0.0507917851 0.9904545546
125.5 -554.6 2117.1 0.9869455695 -0.1054638773 -0.1217204407 0.1159364805 0.9898316264 0.0824143887 0.1117909923 -0.0954503492 0.9891369939
67.2 395.6 1887.2 0 0 0 0 0 0 0 0 0
203.3 -98.6 2100.1 0 0 0 0 0 0 0 0 0
-52.4 -918.7 2161.6 0 0 0 0 0 0 0 0 0
164.9 -923.9 2152.7 0 0 0 0 0 0 0 0 0
78.6 464.6 2091.4 5 0.9943376780 -0.0256596208 -0.1031222045 0.0240989197 0.9995758533 -0.0163521860 0.1034980491 0.0137744620 0.9945342541
84.9 220.4 2088.0 0.9943376780 -0.0256596208 -0.1031222045 0.0240989197 0.9995758533 -0.0163521860 0.1034980491 0.0137744620 0.9945342541
74.2 27.4 2105.8 0.9933156967 0.0550504886 -0.1014560983 -0.0452300422 0.9942877293 0.0966754258 0.1061985865 -0.0914403573 0.9901315570
-50.8 226.6 2073.5 0.1514028460 -0.8120024800 -0.5636746883 0.1786111146 0.5833352804 -0.7923496962 0.9722012281 0.0192854330 0.2333512902
-81.2 190.7 1878.2 -0.5836523175 -0.8120024800 -0.0013989992 -0.8116359711 0.5833352804 0.0310972035 -0.0244349223 0.0192854330 -0.9995154142
220.5 214.2 2102.5 0.7555934191 0.4665450156 0.4597981870 -0.5129889250 -0.0150402039 0.8582634330 0.4073339701 -0.8843695521 0.2279681414
355.2 122.8 2175.2 -0.5391032696 0.4665450156 0.7012156844 -0.7975049615 -0.0150402039 -0.6031248569 -0.2708384693 -0.8843695521 0.3801801801
-24.0 -159.5 2110.1 0.9709457159 0.0231563095 -0.2381767184 -0.0158589203 0.9993456006 0.0325094983 0.2387736589 -0.0277877338 0.9706776142
-33.0 -547.5 2120.9 0.9709806442 0.0429228023 -0.2352747470 -0.0150587391 0.9927833080 0.1189728081 0.2386834770 -0.1119773537 0.9646197557
153.1 -166.9 2135.8 0.9928961992 0.0723107681 -0.0944893882 -0.0764254108 0.9962453246 -0.0406737402 0.0911934674 0.0476061925 0.9946946502
125.0 -553.6 2117.3 0.9906996489 -0.1072528735 -0.0837316811 0.1151300520 0.9887270331 0.0957282111 0.0725206509 -0.1044779420 0.9918795824
66.5 396.1 1884.3 0 0 0 0 0 0 0 0 0
204.8 -99.6 2099.6 0 0 0 0 0 0 0 0 0
-49.0 -917.9 2162.6 0 0 0 0 0 0 0 0 0
165.1 -922.7 2156.3 0 0 0 0 0 0 0 0 0
77.1 466.3 2091.2 6 0.9945794344 -0.0275128819 -0.1002737805 0.0266528558 0.9995956421 -0.0099066393 0.1005057916 0.0071803574 0.9949105382
83.9 221.7 2089.4 0.9945794344 -0.0275128819 -0.1002737805 0.0266528558 0.9995956421 -0.0099066393 0.1005057916 0.0071803574 0.9949105382
74.8 28.8 2108.8 0.9939638972 0.0469256453 -0.0991651863 -0.0365538672 0.9939121008 0.1039350852 0.1034387052 -0.0996828526 0.9896280766
-51.9 226.7 2075.3 0.1359197199 -0.8048769236 -0.5776668191 0.1619853228 0.5932858586 -0.7885256410 0.9773876071 0.0136026442 0.2110174894
-79.3 194.0 1877.9 -0.5934413075 -0.8048769236 0.0007304535 -0.8046366572 0.5932858586 0.0239120442 -0.0196796209 0.0136026442 -0.9997137785
219.6 216.7 2103.6 0.7546008229 0.4645102322 0.4634737074 -0.5164871812 -0.0152115244 0.8561598063 0.4047451317 -0.8854370713 0.2284349501
352.6 125.6 2174.9 -0.5196887255 0.4645102322 0.7170451880 -0.8142640591 -0.0152115244 -0.5802953243 -0.2586457431 -0.8854370713 0.3861392438
-25.4 -161.6 2114.0 0.9717117548 0.0171963088 -0.2355430573 -0.0099645369 0.9994426966 0.0318585783 0.2359596491 -0.0286102798 0.9713416100
-32.1 -549.6 2125.2 0.9704532027 0.0586118847 -0.2340624779 -0.0377735458 0.9949918985 0.0925432146 0.2383144051 -0.0809674859 0.9678070545
152.4 -169.7 2133.1 0.9936802387 0.0649968833 -0.0915152580 -0.0688577443 0.9968370795 -0.0396794789 0.0886467546 0.0457302481 0.9950128198
127.2 -556.7 2115.3 0.9925697446 -0.0920130983 -0.0796170160 0.1014735699 0.9870379567 0.1243348494 0.0671445876 -0.1314900368 0.9890409112
71.0 397.8 1882.9 0 0 0 0 0 0 0 0 0
207.7 -101.4 2102.8 0 0 0 0 0 0 0 0 0
-53.9 -920.7 2155.4 0 0 0 0 0 0 0 0 0
161.5 -924.9 2164.4 0 0 0 0 0 0 0 0 0
77.9 464.6 2089.6 7 0.9941855669 -0.0309014954 -0.1031510457 0.0308328755 0.9995219707 -0.0022600302 0.1031715795 -0.0009335538 0.9946631193
85.4 220.1 2089.8 0.9941855669 -0.0309014954 -0.1031510457 0.0308328755 0.9995219707 -0.0022600302 0.1031715795 -0.0009335538 0.9946631193
76.5 27.2 2109.1 0.9936903715 0.0458512418 -0.1023575887 -0.0351995975 0.9940016270 0.1035458818 0.1064913198 -0.0992896035 0.9893438220
-50.3 225.0 2075.3 0.1537162513 -0.8056603074 -0.5720863342 0.1542738378 0.5914353728 -0.7914567590 0.9759973884 0.0334018134 0.2152055353
-81.0 194.2 1880.4 -0.5923328996 -0.8056603074 -0.0072938656 -0.8050118089 0.5914353728 0.0464775227 -0.0331312455 0.0334018134 -0.9988927245
221.2 215.3 2104.4 0.7620279789 0.4461709559 0.4693025053 -0.5158479810 -0.0198218934 0.8564507961 0.3914259374 -0.8947281837 0.2150515467
358.6 122.3 2174.9 -0.5514293909 0.4461709559 0.7048808932 -0.7935181260 -0.0198218934 -0.6082236767 -0.2573996782 -0.8947281837 0.3649751246
-23.3 -160.9 2118.9 0.9706765413 0.0272294283 -0.2388422191 -0.0233529322 0.9995458722 0.0190457031 0.2392523587 -0.0129095512 0.9708715677
-33.9 -548.9 2123.9 0.9701453447 0.0600766279 -0.2349654883 -0.0328655206 0.9924626946 0.1180576831 0.2402869910 -0.1068108529 0.9648075700
154.7 -167.5 2137.4 0.9927672744 0.0739605352 -0.0945671424 -0.0780845657 0.9961166382 -0.0406745784 0.0911915898 0.0477646254 0.9946871996
126.0 -554.2 2118.8 0.9914386868 -0.0989734530 -0.0851683095 0.1056081429 0.9914005399 0.0772782415 0.0767874122 -0.0856111050 0.9933652282
69.0 398.0 1888.8 0 0 0 0 0 0 0 0 0
204.9 -98.8 2103.2 0 0 0 0 0 0 0 0 0
-56.3 -919.1 2163.7 0 0 0 0 0 0 0 0 0
162.9 -923.8 2150.8 0 0 0 0 0 0 0 0 0
77.4 465.0 2089.8 8 0.9944199920 -0.0309769157 -0.1008429527 0.0305688102 0.9995170236 -0.0055900672 0.1009674072 0.0024762258 0.9948866367
85.1 217.2 2089.2 0.9944199920 -0.0309769157 -0.1008429527 0.0305688102 0.9995170236 -0.0055900672 0.1009674072 0.0024762258 0.9948866367
75.7 24.1 2106.7 0.9938113689 0.0484419428 -0.0999615341 -0.0389248841 0.9947108030 0.0950538814 0.1040374115 -0.0905746371 0.9904405475
-50.7 222.5 2074.9 0.1411740482 -0.8048762679 -0.5764062405 0.1274647266 0.5921692252 -0.7956684828 0.9817447066 0.0388562791 0.1861922592
-78.8 197.1 1879.6 -0.5934306979 -0.8048762679 -0.0037769307 -0.8035495281 0.5921692252 0.0603631213 -0.0463482589 0.0388562791 -0.9981693625
220.8 211.9 2103.4 0.7756317258 0.4402079582 0.4523410201 -0.4922731817 -0.0266438853 0.8700329065 0.3950475156 -0.8975004554 0.1960367262
362.6 121.9 2175.6 -0.5670232177 0.4402079582 0.6962051392 -0.7832816839 -0.0266438853 -0.6210957170 -0.2548616827 -0.8975004554 0.3599145412
-21.4 -162.6 2118.8 0.9712849855 0.0242624413 -0.2366787642 -0.0218709223 0.9996798038 0.0127251595 0.2369117290 -0.0071833734 0.9715046287
-30.8 -550.7 2121.6 0.9703679681 0.0684678853 -0.2317287475 -0.0367049314 0.9896531701 0.1387060136 0.2388279885 -0.1260902733 0.9628407955
156.7 -168.9 2137.9 0.9925159216 0.0801938251 -0.0920928270 -0.0844450891 0.9954900146 -0.0432274677 0.0882109180 0.0506807379 0.9948117137
125.5 -555.4 2118.2 0.9912781715 -0.1030510440 -0.0821466073 0.1090914458 0.9913635254 0.0727836415 0.0739367157 -0.0811103210 0.9939590096
72.0 401.3 1891.4 0 0 0 0 0 0 0 0 0
204.5 -96.5 2104.5 0 0 0 0 0 0 0 0 0
-56.3 -919.9 2168.6 0 0 0 0 0 0 0 0 0
164.0 -925.2 2148.5 0 0 0 0 0 0 0 0 0
80.3 469.7 2094.9 9 0.9948139787 -0.0171871558 -0.1002485156 0.0148115074 0.9995927215 -0.0243939850 0.1006269455 0.0227826443 0.9946633577
84.6 218.4 2089.1 0.9948139787 -0.0171871558 -0.1002485156 0.0148115074 0.9995927215 -0.0243939850 0.1006269455 0.0227826443 0.9946633577
74.2 25.3 2106.5 0.9937432408 0.0534157455 -0.0980871692 -0.0441237465 0.9945396185 0.0945730135 0.1026032642 -0.0896533206 0.9906739593
-51.2 224.4 2075.1 0.1293775439 -0.8054307699 -0.5783966780 0.1286628842 0.5920035243 -0.7955989838 0.9832127690 0.0285144560 0.1802210212
-77.0 198.7 1879.1 -0.5926597118 -0.8054307699 0.0059739850 -0.8039723635 0.5920035243 0.0562167019 -0.0488152839 0.0285144560 -0.9984007478
220.4 212.3 2103.2 0.7763432264 0.4273960590 0.4632751048 -0.4997272789 -0.0305825416 0.8656427264 0.3841404319 -0.9035470486 0.1898389161
364.8 119.4 2174.6 -0.5822311044 0.4273960590 0.6916209459 -0.7738860846 -0.0305825416 -0.6325860023 -0.2492132336 -0.9035470486 0.3485619724
-22.8 -165.5 2115.0 0.9715959430 0.0281465258 -0.2349660695 -0.0234224964 0.9994639754 0.0228723865 0.2354838997 -0.0167192258 0.9717344046
-33.7 -553.5 2121.5 0.9712746739 0.0616133958 -0.2298462838 -0.0288130790 0.9892420173 0.1434225738 0.2362103462 -0.1326801330 0.9626010060
155.3 -172.5 2133.6 0.9933518767 0.0728431270 -0.0891397893 -0.0750202090 0.9969541430 -0.0213171616 0.0873154774 0.0278627276 0.9957909584
127.0 -559.4 2122.8 0.9917247295 -0.0960652977 -0.0851676017 0.0990371034 0.9945890307 0.0313740894 0.0816927999 -0.0395492129 0.9958725572
74.1 403.6 1891.5 0 0 0 0 0 0 0 0 0
202.4 -96.4 2105.1 0 0 0 0 0 0 0 0 0
-56.7 -922.7 2171.0 0 0 0 0 0 0 0 0 0
162.8 -930.2 2137.6 0 0 0 0 0 0 0 0 0
81.0 463.6 2091.9 0 0.9970595241 -0.0128640132 -0.0755435377 0.0121114338 0.9998724461 -0.0104118967 0.0756678358 0.0094663398 0.9970881343
84.2 219.5 2089.6 0.9970595241 -0.0128640132 -0.0755435377 0.0121114338 0.9998724461 -0.0104118967 0.0756678358 0.0094663398 0.9970881343
73.3 26.3 2105.0 0.9957292080 0.0558389090 -0.0735210106 -0.0496489666 0.9952713847 0.0834855810 0.0778350979 -0.0794787854 0.9937931299
-51.8 226.2 2079.0 0.1146197021 -0.8059853911 -0.5807321668 0.1317556500 0.5917543769 -0.7952780724 0.9846333265 0.0146397902 0.1740198433
-75.3 199.3 1877.6 -0.5915093422 -0.8059853911 0.0224554520 -0.8042206168 0.5917543769 0.0552804917 -0.0578433797 0.0146397902 -0.9982182980
220.2 212.7 2100.2 0.7735604048 0.4346463382 0.4611797929 -0.4958031774 -0.0381555371 0.8675963283 0.3946941197 -0.8997926116 0.1859834343
367.1 118.5 2175.2 -0.5923745036 0.4346463382 0.6783619523 -0.7646682858 -0.0381555371 -0.6432934999 -0.2537218928 -0.8997926116 0.3549626470
-25.2 -163.8 2114.8 0.9770959616 0.0256388579 -0.2112488747 -0.0242291931 0.9996635318 0.0092591457 0.2114152014 -0.0039286837 0.9773884416
-35.1 -551.9 2116.3 0.9784245491 0.0332649834 -0.2039088309 0.0035464342 0.9841035604 0.1775602698 0.2065739334 -0.1744524837 0.9627531171
152.9 -171.7 2133.1 0.9959385395 0.0631194711 -0.0642052814 -0.0646103024 0.9976807833 -0.0214127246 0.0627048165 0.0254740808 0.9977069497
128.4 -559.0 2123.3 0.9949368834 -0.0803719610 -0.0603402480 0.0827455372 0.9958488941 0.0379226133 0.0570418537 -0.0427234918 0.9974572062
75.6 404.4 1892.4 0 0 0 0 0 0 0 0 0
201.9 -94.7 2104.5 0 0 0 0 0 0 0 0 0
-47.5 -918.7 2181.3 0 0 0 0 0 0 0 0 0
158.4 -930.5 2139.2 0 0 0 0 0 0 0 0 0
80.2 461.1 2091.4 1 0.9972834587 -0.0165446419 -0.0717770904 0.0160689782 0.9998449683 -0.0071993819 0.0718850717 0.0060264398 0.9973947406
84.2 220.0 2090.0 0.9972834587 -0.0165446419 -0.0717770904 0.0160689782 0.9998449683 -0.0071993819 0.0718850717 0.0060264398 0.9973947406
73.6 26.9 2106.3 0.9960549474 0.0545869693 -0.0699633062 -0.0483518839 0.9949543476 0.0879090428 0.0744089782 -0.0841793790 0.9936684966
-51.9 226.6 2079.8 0.1102891341 -0.8004562259 -0.5891571641 0.1319816858 0.5993187428 -0.7895554900 0.9850975275 0.0093214363 0.1717439145
-74.6 199.5 1877.0 -0.5990146399 -0.8004562259 0.0212449990 -0.7993053198 0.5993187428 0.0439099073 -0.0478804857 0.0093214363 -0.9988095760
220.2 213.4 2100.2 0.7714269757 0.4287961125 0.4701428711 -0.5028102994 -0.0420423262 0.8633737564 0.3899772167 -0.9024224877 0.1831705272
367.1 117.7 2174.4 -0.6029943228 0.4287961125 0.6727048159 -0.7571483850 -0.0420423262 -0.6518886089 -0.2512452304 -0.9024224877 0.3500135839
-26.8 -162.5 2113.5 0.9779064059 0.0243708622 -0.2076177746 -0.0215243399 0.9996409416 0.0159587543 0.2079321593 -0.0111373318 0.9780798554
-36.2 -550.6 2117.8 0.9789111018 0.0346318819 -0.2013299167 0.0002552959 0.9853175879 0.1707312763 0.2042866498 -0.1671821326 0.9645294547
151.6 -171.4 2127.4 0.9960682988 0.0647062585 -0.0605064668 -0.0658177808 0.9976942539 -0.0165592115 0.0592954718 0.0204765070 0.9980304241
126.5 -558.7 2119.5 0.9941961169 -0.0922632739 -0.0553311482 0.0955735669 0.9935818911 0.0605038702 0.0493937433 -0.0654409081 0.9966332316
78.2 403.4 1889.2 0 0 0 0 0 0 0 0 0
198.9 -93.4 2104.3 0 0 0 0 0 0 0 0 0
-49.1 -918.1 2180.2 0 0 0 0 0 0 0 0 0
160.9 -929.3 2143.9 0 0 0 0 0 0 0 0 0
82.4 458.7 2096.2 2 0.9967586398 0.0012982682 -0.0804392770 -0.0033450003 0.9996739030 -0.0253149122 0.0803801790 0.0255019274 0.9964379668
82.1 221.1 2090.1 0.9967586398 0.0012982682 -0.0804392770 -0.0033450003 0.9996739030 -0.0253149122 0.0803801790 0.0255019274 0.9964379668
72.6 27.9 2106.5 0.9957717657 0.0491954051 -0.0775786489 -0.0423366465 0.9952465296 0.0877035111 0.0815244913 -0.0840482563 0.9931211472
-53.9 226.9 2079.0 0.0889372602 -0.8013710976 -0.5915188193 0.1397346407 0.5980376005 -0.7891927958 0.9861868024 -0.0124670239 0.1651671231
-72.2 198.1 1876.3 -0.5974711180 -0.8013710976 0.0288554076 -0.8012696505 0.5980376005 0.0178317223 -0.0315464474 -0.0124670239 -0.9994245172
218.2 215.3 2101.3 0.7733724117 0.4159835279 0.4783855975 -0.5090073347 -0.0423691198 0.8597187996 0.3778976500 -0.9083845615 0.1789715588
367.0 117.4 2174.0 -0.6083877683 0.4159835279 0.6758860946 -0.7554041743 -0.0423691198 -0.6538879275 -0.2433699071 -0.9083845615 0.3400125504
-26.3 -161.9 2116.0 0.9764575958 0.0195764340 -0.2148192227 -0.0183410849 0.9998018146 0.0077426136 0.2149282247 -0.0036203160 0.9766231179
-33.9 -550.0 2117.4 0.9766851664 0.0470233448 -0.2094632387 -0.0137810260 0.9874362350 0.1574158520 0.2142338008 -0.1508591026 0.9650623798
152.2 -170.6 2129.3 0.9956372976 0.0641856343 -0.0677240193 -0.0656718910 0.9976418018 -0.0199502427 0.0662837997 0.0243107695 0.9975045919
127.3 -557.9 2119.9 0.9946141839 -0.0826310739 -0.0625681281 0.0862254947 0.9946375489 0.0571077988 0.0575137325 -0.0621951930 0.9964054823
79.6 401.6 1884.3 0 0 0 0 0 0 0 0 0
197.3 -93.3 2106.1 0 0 0 0 0 0 0 0 0
-51.4 -918.4 2173.7 0 0 0 0 0 0 0 0 0
158.1 -929.0 2143.1 0 0 0 0 0 0 0 0 0
82.2 454.8 2106.1 3 0.9958915710 -0.0079212449 -0.0902065262 0.0016695019 0.9976034760 -0.0691703632 0.0905382633 0.0687355846 0.9935181141
84.1 222.0 2090.1 0.9958915710 -0.0079212449 -0.0902065262 0.0016695019 0.9976034760 -0.0691703632 0.0905382633 0.0687355846 0.9935181141
73.9 28.9 2106.4 0.9948598146 0.0523339696 -0.0866898820 -0.0446234383 0.9950662255 0.0886112675 0.0908995569 -0.0842873901 0.9922866821
-51.8 228.1 2077.6 0.0990294665 -0.7928602695 -0.6013033986 0.1435793936 0.6093353629 -0.7798047066 0.9846715927 -0.0091111381 0.1741805524
-72.2 198.7 1875.5 -0.6089108586 -0.7928602695 0.0244981926 -0.7927318215 0.6093353629 0.0169308167 -0.0283513870 -0.0091111381 -0.9995564818
220.0 215.9 2102.5 0.7667405605 0.4133924544 0.4911370873 -0.5233064890 -0.0406467915 0.8511745930 0.3718322814 -0.9096452594 0.1851654053
365.4 116.7 2173.0 -0.5988946557 0.4133924544 0.6858803630 -0.7646436095 -0.0406467915 -0.6431702971 -0.2380028963 -0.9096452594 0.3404410183
-26.2 -161.5 2115.5 0.9742009640 0.0296536144 -0.2237255275 -0.0262967162 0.9994926453 0.0179697108 0.2241448909 -0.0116228638 0.9744865298
-37.7 -549.5 2120.0 0.9751486778 0.0320174545 -0.2192258090 -0.0043371310 0.9920717478 0.1255977303 0.2215090543 -0.1215256527 0.9675563574
152.2 -169.1 2130.1 0.9947229028 0.0674633831 -0.0772984400 -0.0693173707 0.9973617792 -0.0215551220 0.0756403282 0.0267994981 0.9967749715
126.0 -556.3 2119.7 0.9934225082 -0.0897654146 -0.0710908920 0.0944745168 0.9933434129 0.0659047291 0.0647017062 -0.0721875206 0.9952902198
82.0 399.3 1882.7 0 0 0 0 0 0 0 0 0
198.4 -96.6 2106.6 0 0 0 0 0 0 0 0 0
-49.6 -919.6 2165.3 0 0 0 0 0 0 0 0 0
159.5 -927.0 2146.6 0 0 0 0 0 0 0 0 0
83.1 455.6 2118.5 4 0.9976898432 0.0054376270 -0.0677157417 -0.0100110639 0.9976769090 -0.0673837662 0.0671920255 0.0679059997 0.9954265356
82.0 241.4 2104.0 0.9976898432 0.0054376270 -0.0677157417 -0.0100110639 0.9976769090 -0.0673837662 0.0671920255 0.0679059997 0.9954265356
74.2 48.0 2106.4 0.9970478415 0.0394846164 -0.0658526346 -0.0385481045 0.9991375804 0.0154322889 0.0664051846 -0.0128482357 0.9977099895
-54.2 246.6 2094.8 0.0855196416 -0.7888440490 -0.6086143851 0.2266163826 0.6102423072 -0.7591109276 0.9702223539 -0.0730030984 0.2309526801
-73.4 195.6 1876.8 -0.6092823148 -0.7888440490 0.0806234404 -0.7920727134 0.6102423072 -0.0150069557 -0.0373616852 -0.0730030984 -0.9966316819
218.1 236.3 2113.1 0.7430128455 0.3727934361 0.5558389425 -0.5973173380 -0.0052617281 0.8019877076 0.3019004464 -0.9278994203 0.2187664509
366.4 117.1 2173.3 -0.5980948806 0.3727934361 0.7094417214 -0.7659054399 -0.0052617281 -0.6429316998 -0.2359478325 -0.9278994203 0.2886715233
-25.4 -160.3 2114.6 0.9792283177 0.0294386744 -0.2006123215 -0.0256049577 0.9994370341 0.0216786396 0.2011375725 -0.0160916671 0.9794307947
