152.0 497.3 2224.2 21 0.9986272454 0.0523024723 -0.0028369233 -0.0523687974 0.9958732128 -0.0741216615 -0.0010515301 0.0741684735 0.9972451925
139.3 255.5 2206.2 0.9986272454 0.0523024723 -0.0028369233 -0.0523687974 0.9958732128 -0.0741216615 -0.0010515301 0.0741684735 0.9972451925
133.1 57.1 2197.0 0.9995166659 0.0310422312 -0.0016780155 -0.0310866591 0.9984395504 -0.0463907458 0.0002353248 0.0464204885 0.9989219308
-6.7 260.0 2206.1 0.4636131525 -0.3833949566 -0.7987935543 -0.2183336318 0.8243017793 -0.5223571062 0.8587160707 0.4165751338 0.2984491587
-119.2 313.0 1997.8 -0.9235568047 -0.3833949566 0.0071499981 -0.3386790752 0.8243017793 0.4536772370 -0.1798313260 0.4165751338 -0.8911373615
285.3 250.9 2206.2 0.5068542957 0.4867909551 0.7114304304 -0.8458159566 0.1215140894 0.5194513202 0.1664153785 -0.8650253415 0.4733254910
405.2 50.9 2245.6 -0.4885324240 0.4867909551 0.7241343856 -0.7830536366 0.1215140894 -0.6099683046 -0.3849196136 -0.8650253415 0.3218198419
37.8 -140.9 2184.2 0.9975793362 0.0487995706 0.0495387986 -0.0576367006 0.9788215756 0.1964340806 -0.0389037468 -0.1988138258 0.9792647958
18.4 -529.9 2263.2 0.9985258579 0.0314634405 0.0442291163 -0.0355224572 0.9949190617 0.0942029953 -0.0410404392 -0.0956352502 0.9945700765
221.1 -145.3 2185.4 0.9847388268 0.0943299606 -0.1462575942 -0.0786808655 0.9908866882 0.1093290448 0.1552377194 -0.0961528867 0.9831866026
183.6 -539.1 2223.6 0.9870983958 -0.0508415885 -0.1518283933 0.0586864054 0.9971390963 0.0476401374 0.1489719301 -0.0559357665 0.9872580767
117.5 399.8 2043.9 0 0 0 0 0 0 0 0 0
278.3 -152.5 2145.6 0 0 0 0 0 0 0 0 0
6.3 -910.0 2299.7 0 0 0 0 0 0 0 0 0
203.0 -919.8 2244.9 0 0 0 0 0 0 0 0 0
150.9 496.9 2219.0 22 0.9990503192 0.0420759134 -0.0113170538 -0.0425854959 0.9978725910 -0.0493637659 0.0092159528 0.0497988276 0.9987167716
141.5 274.8 2207.9 0.9990503192 0.0420759134 -0.0113170538 -0.0425854959 0.9978725910 -0.0493637659 0.0092159528 0.0497988276 0.9987167716
135.5 76.4 2200.3 0.9994804859 0.0303273760 -0.0109091578 -0.0307227783 0.9988009334 -0.0381151736 0.0097401440 0.0384305343 0.9992138147
-4.5 279.3 2206.5 0.4927041829 -0.3355578184 -0.8028969765 -0.1291089356 0.8842608929 -0.4487912655 0.8605657816 0.3247824907 0.3923555017
-123.5 310.5 1998.7 -0.9420145154 -0.3355578184 -0.0030925639 -0.3161136806 0.8842608929 0.3437366188 -0.1126088798 0.3247824907 -0.9390609860
287.5 270.4 2209.3 0.4768695831 0.5012990236 0.7220073938 -0.8650215268 0.1218754798 0.4867074490 0.1559909731 -0.8566479087 0.4917531610
407.5 52.6 2248.6 -0.4987133443 0.5012990236 0.7070956826 -0.7683493495 0.1218754798 -0.6283196807 -0.4011536837 -0.8566479087 0.3243918419
35.3 -138.4 2187.7 0.9983423948 0.0424582027 0.0388549380 -0.0485231914 0.9839842319 0.1715240479 -0.0309500434 -0.1731251031 0.9844134450
18.4 -529.4 2256.5 0.9987603426 0.0335771553 0.0367473885 -0.0378824137 0.9916161299 0.1235407665 -0.0322911553 -0.1247797012 0.9916588664
218.6 -144.2 2187.8 0.9837818742 0.0864377618 -0.1571677476 -0.0715760663 0.9926202893 0.0978867263 0.1644690037 -0.0850497410 0.9827087522
184.3 -538.6 2221.6 0.9860435128 -0.0484727956 -0.1592750698 0.0607433133 0.9954734445 0.0730947331 0.1550109982 -0.0817494839 0.9845245481
116.5 391.0 2027.4 0 0 0 0 0 0 0 0 0
278.0 -147.0 2144.4 0 0 0 0 0 0 0 0 0
5.6 -908.1 2304.2 0 0 0 0 0 0 0 0 0
202.8 -918.7 2252.8 0 0 0 0 0 0 0 0 0
150.8 496.6 2216.9 23 0.9989045858 0.0403206348 -0.0237470493 -0.0411602110 0.9985039234 -0.0359965675 0.0222601164 0.0369345695 0.9990697503
142.3 284.8 2209.0 0.9989045858 0.0403206348 -0.0237470493 -0.0411602110 0.9985039234 -0.0359965675 0.0222601164 0.0369345695 0.9990697503
135.7 86.3 2202.2 0.9991645813 0.0333262086 -0.0236535687 -0.0341081209 0.9988578558 -0.0334613286 0.0225114133 0.0342401527 0.9991600513
-3.7 289.8 2205.7 0.5101199746 -0.3174676597 -0.7993696928 -0.0725230053 0.9102021456 -0.4077652395 0.8570402861 0.2659818828 0.4412885606
-127.1 307.3 1998.3 -0.9481697679 -0.3174676597 -0.0137234591 -0.3087507486 0.9102021456 0.2760525942 -0.0751466528 0.2659818828 -0.9610445499
288.2 279.8 2212.3 0.4756418169 0.5071723461 0.7187079787 -0.8656853437 0.1249372661 0.4847468734 0.1560567915 -0.8527408242 0.4984770417
408.0 61.9 2251.6 -0.4898000360 0.5071723461 0.7091348171 -0.7723351121 0.1249372661 -0.6228075027 -0.4044680893 -0.8527408242 0.3305127025
37.8 -119.3 2191.7 0.9985824823 0.0459052436 0.0269394759 -0.0499079078 0.9834538102 0.1741486341 -0.0184993949 -0.1752462685 0.9843508005
19.5 -510.1 2261.4 0.9990428090 0.0375187844 0.0224909540 -0.0392188653 0.9959713221 0.0806409493 -0.0193747953 -0.0814458281 0.9964894056
221.1 -124.9 2193.5 0.9804030657 0.0979316533 -0.1709361374 -0.0843691230 0.9928113818 0.0848967060 0.1780214161 -0.0688112602 0.9816177487
182.2 -519.4 2220.9 0.9828495979 -0.0596670769 -0.1744891554 0.0689450353 0.9964843392 0.0475977398 0.1710356921 -0.0588115789 0.9835079908
115.1 386.2 2017.5 0 0 0 0 0 0 0 0 0
280.8 -138.8 2146.5 0 0 0 0 0 0 0 0 0
5.2 -890.2 2292.5 0 0 0 0 0 0 0 0 0
205.0 -899.9 2243.3 0 0 0 0 0 0 0 0 0
150.0 496.4 2215.3 24 0.9988297820 0.0387788936 -0.0289013479 -0.0396045223 0.9988070726 -0.0285641570 0.0277591851 0.0296753552 0.9991740584
141.9 289.6 2209.2 0.9988297820 0.0387788936 -0.0289013479 -0.0396045223 0.9988070726 -0.0285641570 0.0277591851 0.0296753552 0.9991740584
134.9 91.1 2202.7 0.9989597797 0.0351735912 -0.0290198904 -0.0360923074 0.9988434315 -0.0317662880 0.0278689936 0.0327806398 0.9990739226
-4.0 294.9 2205.1 0.5179811716 -0.3143568933 -0.7955346107 -0.0438681655 0.9190371633 -0.3917222023 0.8542664051 0.2378033549 0.4622536600
-129.1 305.5 1998.7 -0.9492085576 -0.3143568933 -0.0135229295 -0.3078714609 0.9190371633 0.2461419404 -0.0649483353 0.2378033549 -0.9691394567
287.9 284.4 2213.2 0.4723470807 0.5107902884 0.7183185220 -0.8677994609 0.1268248707 0.4804576337 0.1543124467 -0.8502991796 0.5031688809
406.6 66.1 2252.0 -0.4630017281 0.5107902884 0.7243774533 -0.7927874327 0.1268248707 -0.5961572528 -0.3963804245 -0.8502991796 0.3462280035
37.4 -109.0 2193.4 0.9989459515 0.0408378467 0.0209572390 -0.0435438268 0.9875432849 0.1512024701 -0.0145213967 -0.1519556642 0.9882806540
21.2 -501.4 2253.7 0.9984495640 0.0521244258 0.0195330549 -0.0540585369 0.9916624427 0.1169752851 -0.0132729281 -0.1178498492 0.9929426908
220.7 -115.3 2197.5 0.9790620208 0.1011994928 -0.1766243726 -0.0881251991 0.9928610325 0.0803795755 0.1834978312 -0.0631315336 0.9809908271
180.5 -509.8 2222.6 0.9821479917 -0.0555622093 -0.1797167510 0.0653753802 0.9966498017 0.0491453111 0.1763840318 -0.0600170195 0.9824900031
114.5 384.5 2015.4 0 0 0 0 0 0 0 0 0
286.4 -139.7 2149.1 0 0 0 0 0 0 0 0 0
1.3 -879.8 2298.7 0 0 0 0 0 0 0 0 0
201.7 -890.6 2245.5 0 0 0 0 0 0 0 0 0
147.5 497.0 2214.5 25 0.9989932179 0.0348000899 -0.0283114668 -0.0356045589 0.9989616275 -0.0284251645 0.0272928700 0.0294045620 0.9991949201
140.0 280.1 2208.2 0.9989932179 0.0348000899 -0.0283114668 -0.0356045589 0.9989616275 -0.0284251645 0.0272928700 0.0294045620 0.9991949201
133.1 81.8 2197.7 0.9989827275 0.0344325006 -0.0291189142 -0.0359066166 0.9980161190 -0.0517155789 0.0272804499 0.0527085289 0.9982372522
-6.0 285.3 2204.2 0.5279043913 -0.3608380556 -0.7688386440 -0.0730891600 0.8825975060 -0.4644132555 0.8461530209 0.3013595641 0.4395537376
-133.9 303.0 1999.0 -0.9325048923 -0.3608380556 -0.0151815247 -0.3466955721 0.8825975060 0.3175277412 -0.1011769250 0.3013595641 -0.9481274486
285.9 274.8 2212.1 0.4892152846 0.4907675982 0.7209823728 -0.8592588902 0.1295334101 0.4948689342 0.1494743377 -0.8616079688 0.4850661457
404.3 66.9 2248.3 -0.4487037659 0.4907675982 0.7468681931 -0.8100973368 0.1295334101 -0.5718071461 -0.3773687780 -0.8616079688 0.3394474089
36.3 -104.0 2193.6 0.9992269874 0.0332260504 0.0210101623 -0.0358330011 0.9896186590 0.1391794533 -0.0161676649 -0.1398247331 0.9900442958
23.1 -497.2 2249.1 0.9981189370 0.0575422235 0.0211544726 -0.0599902421 0.9878329635 0.1434822381 -0.0126407994 -0.1444814056 0.9894267917
219.6 -110.7 2198.7 0.9801899791 0.0964017138 -0.1730153710 -0.0800979733 0.9918709993 0.0988746434 0.1811406165 -0.0830577537 0.9799436331
181.3 -504.7 2231.7 0.9818542600 -0.0531295091 -0.1820424795 0.0532844812 0.9985712171 -0.0040430306 0.1819971651 -0.0057303719 0.9832823277
103.7 391.4 2024.8 0 0 0 0 0 0 0 0 0
287.8 -143.4 2150.3 0 0 0 0 0 0 0 0 0
1.2 -874.3 2304.3 0 0 0 0 0 0 0 0 0
201.5 -885.7 2233.9 0 0 0 0 0 0 0 0 0
147.0 495.8 2214.7 26 0.9989997149 0.0323167928 -0.0309054479 -0.0332092755 0.9990329742 -0.0288141649 0.0299443789 0.0298116915 0.9991068840
139.9 276.2 2208.1 0.9989997149 0.0323167928 -0.0309054479 -0.0332092755 0.9990329742 -0.0288141649 0.0299443789 0.0298116915 0.9991068840
134.1 77.9 2195.9 0.9990735650 0.0289200805 -0.0318698287 -0.0308027770 0.9977073669 -0.0602595992 0.0300540514 0.0611854494 0.9976738691
-6.1 280.7 2203.7 0.5389285088 -0.3850590289 -0.7491899729 -0.0866614357 0.8593382835 -0.5040113926 0.8378818035 0.3365519643 0.4297521114
-137.1 301.7 2000.0 -0.9226316214 -0.3850590289 -0.0219188333 -0.3671023548 0.8593382835 0.3560527265 -0.1182656214 0.3365519643 -0.9342087507
285.8 271.7 2212.5 0.4817613363 0.4968905449 0.7218073010 -0.8642823100 0.1334650218 0.4849774539 0.1446446776 -0.8574886918 0.4937520027
403.1 61.3 2247.7 -0.4331362844 0.4968905449 0.7519925237 -0.8180862665 0.1334650218 -0.5593943000 -0.3783224225 -0.8574886918 0.3486907780
34.7 -113.2 2184.7 0.9993018508 0.0326274708 0.0182001013 -0.0351421423 0.9862525463 0.1614651531 -0.0126816975 -0.1619920135 0.9867105484
21.7 -505.0 2249.1 0.9985098243 0.0514132828 0.0182963181 -0.0537261926 0.9849336147 0.1643752307 -0.0095695890 -0.1651132852 0.9862281680
217.9 -119.8 2189.7 0.9805698991 0.0904831216 -0.1740561128 -0.0707276165 0.9906641245 0.1165429279 0.1829763055 -0.1019679084 0.9778150320
182.0 -513.4 2230.2 0.9813976288 -0.0582907721 -0.1829230636 0.0606425405 0.9981329441 0.0072845086 0.1821569204 -0.0182419177 0.9831002355
97.4 395.0 2030.1 0 0 0 0 0 0 0 0 0
290.6 -151.2 2149.4 0 0 0 0 0 0 0 0 0
2.1 -881.1 2312.1 0 0 0 0 0 0 0 0 0
204.2 -894.5 2237.2 0 0 0 0 0 0 0 0 0
146.2 496.3 2213.7 27 0.9991407394 0.0341289155 -0.0235169753 -0.0348144434 0.9989616871 -0.0293850489 0.0224896781 0.0301785283 0.9992914796
138.6 274.3 2207.0 0.9991407394 0.0341289155 -0.0235169753 -0.0348144434 0.9989616871 -0.0293850489 0.0224896781 0.0301785283 0.9992914796
133.1 76.0 2195.4 0.9993142486 0.0278573278 -0.0243922118 -0.0292237494 0.9979130626 -0.0575805902 0.0227372646 0.0582539365 0.9980428219
-7.3 278.6 2203.7 0.5411971211 -0.3911752105 -0.7443706393 -0.0911259502 0.8527159095 -0.5143653154 0.8359436393 0.3462044895 0.4258411825
-139.1 300.7 2000.2 -0.9197837114 -0.3911752105 -0.0313035510 -0.3750276864 0.8527159095 0.3636341989 -0.1155516431 0.3462044895 -0.9310157299
284.6 270.0 2210.3 0.4732683599 0.4963001013 0.7278071642 -0.8700559139 0.1340020448 0.4743903577 0.1379123181 -0.8577468395 0.4952277541
400.7 56.7 2244.1 -0.4341973960 0.4963001013 0.7517704964 -0.8172530532 0.1340020448 -0.5604827404 -0.3789064288 -0.8577468395 0.3474194407
36.8 -117.5 2181.0 0.9989358783 0.0383386165 0.0256364942 -0.0422453247 0.9836450815 0.1750934124 -0.0185043719 -0.1759901196 0.9842180014
21.5 -508.3 2251.0 0.9979871511 0.0583894327 0.0247443300 -0.0614893213 0.9864147305 0.1523320973 -0.0155135868 -0.1535470039 0.9880195856
220.0 -123.1 2186.5 0.9811784029 0.0975232273 -0.1666679084 -0.0775560513 0.9894477129 0.1223859563 0.1768446416 -0.1071563512 0.9783881903
181.3 -516.3 2229.1 0.9821389914 -0.0671261325 -0.1757754982 0.0718171597 0.9972079992 0.0204563141 0.1739115864 -0.0327146426 0.9842177033
93.9 395.8 2029.4 0 0 0 0 0 0 0 0 0
287.9 -155.6 2145.7 0 0 0 0 0 0 0 0 0
-0.8 -885.1 2309.6 0 0 0 0 0 0 0 0 0
206.9 -897.1 2241.6 0 0 0 0 0 0 0 0 0
144.6 495.0 2207.2 28 0.9991555214 0.0277664699 -0.0302855801 -0.0278290417 0.9996113181 -0.0016464663 0.0302280933 0.0024878946 0.9995399117
138.4 271.7 2206.7 0.9991555214 0.0277664699 -0.0302855801 -0.0278290417 0.9996113181 -0.0016464663 0.0302280933 0.0024878946 0.9995399117
133.4 73.5 2194.1 0.9991662502 0.0254731346 -0.0319054499 -0.0274281427 0.9976732731 -0.0624159425 0.0302412845 0.0632390082 0.9975401163
-7.5 275.7 2202.3 0.5544513464 -0.3781981766 -0.7413162589 -0.0980410501 0.8548870683 -0.5094664097 0.8264209628 0.3551537693 0.4369143546
-142.1 299.5 2001.7 -0.9235339761 -0.3781981766 -0.0636484027 -0.3748094141 0.8548870683 0.3587282598 -0.0812581778 0.3551537693 -0.9312695265
284.4 267.7 2211.1 0.4735124111 0.4929335117 0.7299332619 -0.8713496327 0.1411711127 0.4699154496 0.1285915822 -0.8585378528 0.4963636994
399.7 55.5 2242.4 -0.4406028390 0.4929335117 0.7502570748 -0.8103699684 0.1411711127 -0.5686573982 -0.3862249255 -0.8585378528 0.3372581005
35.9 -119.6 2181.8 0.9991647601 0.0367050283 0.0179600082 -0.0392890200 0.9837316871 0.1752951145 -0.0112336176 -0.1758543253 0.9843521118
21.3 -510.5 2251.6 0.9979527593 0.0617491342 0.0166544337 -0.0634806976 0.9880442619 0.1404947340 -0.0077798883 -0.1412643492 0.9899413586
219.2 -125.0 2185.9 0.9800711870 0.0957444906 -0.1740503311 -0.0752577186 0.9898287654 0.1207279339 0.1838390678 -0.1052233353 0.9773081541
181.2 -518.3 2227.8 0.9810613394 -0.0619347095 -0.1835286468 0.0650653318 0.9978194833 0.0110795572 0.1824422479 -0.0228110775 0.9829519391
90.5 393.9 2022.2 0 0 0 0 0 0 0 0 0
285.3 -155.1 2142.1 0 0 0 0 0 0 0 0 0
-2.2 -888.0 2305.6 0 0 0 0 0 0 0 0 0
204.8 -899.5 2236.5 0 0 0 0 0 0 0 0 0
143.6 495.3 2203.5 29 0.9989961386 0.0220346656 -0.0390024744 -0.0215386115 0.9996822476 0.0130934166 0.0392785892 -0.0122402133 0.9991533160
138.7 271.2 2206.2 0.9989961386 0.0220346656 -0.0390024744 -0.0215386115 0.9996822476 0.0130934166 0.0392785892 -0.0122402133 0.9991533160
133.8 72.9 2193.7 0.9988637567 0.0246976055 -0.0407581963 -0.0271968190 0.9977087379 -0.0619482398 0.0391348377 0.0629863441 0.9972468019
-7.2 275.2 2200.5 0.5647587180 -0.3743640184 -0.7354584932 -0.0882230178 0.8586930633 -0.5048394799 0.8205268383 0.3499968648 0.4519268572
-143.6 296.5 2002.3 -0.9230929017 -0.3743640184 -0.0880401731 -0.3809433281 0.8586930633 0.3428241611 -0.0527415387 0.3499968648 -0.9352649450
284.6 267.2 2212.0 0.4677360058 0.4797843099 0.7423139811 -0.8772499561 0.1494130939 0.4561888278 0.1079608202 -0.8645708561 0.4907766581
398.8 53.0 2238.3 -0.4339397848 0.4797843099 0.7625636458 -0.8160263896 0.1494130939 -0.5583696365 -0.3818339705 -0.8645708561 0.3266803920
36.7 -122.2 2178.8 0.9991389513 0.0403302126 0.0097351586 -0.0414454080 0.9809314609 0.1898835301 -0.0018914795 -0.1901235133 0.9817583561
20.7 -512.0 2254.3 0.9981780052 0.0598674119 0.0075202608 -0.0603337102 0.9888587594 0.1360815465 0.0007103743 -0.1362873316 0.9906690717
220.0 -127.3 2184.3 0.9783058167 0.0978456885 -0.1826033890 -0.0760623366 0.9895228148 0.1227157563 0.1926974207 -0.1061642915 0.9754982591
181.1 -520.5 2226.5 0.9800972939 -0.0546618551 -0.1908438653 0.0616746359 0.9976148605 0.0309974123 0.1886942983 -0.0421507061 0.9811308980
88.3 392.2 2015.6 0 0 0 0 0 0 0 0 0
286.1 -159.0 2139.1 0 0 0 0 0 0 0 0 0
-2.2 -889.9 2306.4 0 0 0 0 0 0 0 0 0
201.9 -901.6 2242.6 0 0 0 0 0 0 0 0 0
143.8 500.2 2208.6 30 0.9981912971 0.0213471558 -0.0561999381 -0.0216721445 0.9997516870 -0.0051795705 0.0560754165 0.0063881753 0.9984061122
139.2 287.3 2207.3 0.9981912971 0.0213471558 -0.0561999381 -0.0216721445 0.9997516870 -0.0051795705 0.0560754165 0.0063881753 0.9984061122
135.0 88.8 2197.6 0.9981464744 0.0210643951 -0.0570957065 -0.0237844083 0.9985934496 -0.0473863482 0.0560172312 0.0486565046 0.9972435236
-6.5 290.7 2199.1 0.5764485002 -0.3886040151 -0.7188143134 -0.0070233154 0.8772892356 -0.4799107313 0.8171032667 0.2816922665 0.5029827952
-144.2 292.4 2003.9 -0.9184786677 -0.3886040151 -0.0733749047 -0.3931688070 0.8772892356 0.2752851844 -0.0426059142 0.2816922665 -0.9585583806
285.0 283.8 2215.5 0.4149008393 0.4853035808 0.7696347833 -0.9067885280 0.1510308683 0.3936042190 0.0747789219 -0.8612027168 0.5027305484
392.6 48.8 2234.8 -0.3970499337 0.4853035808 0.7789940834 -0.8394848108 0.1510308683 -0.5219721198 -0.3709670901 -0.8612027168 0.3474381864
37.3 -122.8 2177.6 0.9988941550 0.0464388393 -0.0073418594 -0.0440883003 0.9794496298 0.1968111992 0.0163306650 -0.1962698698 0.9804139137
18.8 -512.0 2255.6 0.9988135099 0.0476310477 -0.0101430183 -0.0457948111 0.9895001650 0.1370849460 0.0165660176 -0.1364578009 0.9905073643
220.5 -127.8 2184.8 0.9746051431 0.0991689116 -0.2007744163 -0.0762069002 0.9899597764 0.1190470234 0.2105643600 -0.1007234454 0.9723771811
181.1 -521.3 2224.8 0.9767144918 -0.0488354154 -0.2089113593 0.0561323352 0.9979979992 0.0291397125 0.2070700675 -0.0401878618 0.9775003195
87.6 391.6 2014.7 0 0 0 0 0 0 0 0 0
289.5 -169.1 2138.5 0 0 0 0 0 0 0 0 0
0.6 -890.1 2307.8 0 0 0 0 0 0 0 0 0
199.7 -902.6 2240.2 0 0 0 0 0 0 0 0 0
143.0 502.8 2210.2 31 0.9981579781 0.0172494706 -0.0581640899 -0.0180644616 0.9997454882 -0.0135153057 0.0579161532 0.0145411137 0.9982155561
139.4 295.5 2207.2 0.9981579781 0.0172494706 -0.0581640899 -0.0180644616 0.9997454882 -0.0135153057 0.0579161532 0.0145411137 0.9982155561
135.9 96.9 2199.3 0.9981276393 0.0175234005 -0.0586019717 -0.0198109802 0.9990550280 -0.0386854783 0.0578686930 0.0397740081 0.9975315928
-6.4 298.3 2198.7 0.5839729309 -0.4040289819 -0.7040853500 0.0446973331 0.8820303679 -0.4690678120 0.8105416298 0.2424521744 0.5331408978
-145.5 287.7 2005.6 -0.9124585986 -0.4040289819 -0.0646525398 -0.4073377550 0.8820303679 0.2368510216 -0.0386691689 0.2424521744 -0.9693924189
285.2 292.6 2215.6 0.3952746093 0.4879669547 0.7782327533 -0.9159817696 0.1459206790 0.3737440109 0.0688144788 -0.8605785370 0.5046475530
385.5 60.3 2233.1 -0.3217903078 0.4879669547 0.8113810420 -0.8864085078 0.1459206790 -0.4393030107 -0.3327626288 -0.8605785370 0.3855821788
39.3 -107.4 2182.8 0.9984932542 0.0537027642 -0.0112777539 -0.0509486832 0.9836096168 0.1729634851 0.0203815233 -0.1721282899 0.9848636985
18.0 -498.2 2251.2 0.9994534254 0.0304514654 -0.0128680402 -0.0282899719 0.9892213941 0.1436686218 0.0171042606 -0.1432260573 0.9895421863
222.4 -111.7 2193.1 0.9735177159 0.1008968726 -0.2051416636 -0.0809119344 0.9913227558 0.1035975367 0.2138142735 -0.0842556283 0.9732339978
182.3 -505.7 2226.6 0.9762413502 -0.0374882556 -0.2134185135 0.0413395092 0.9990524650 0.0136098908 0.2127060890 -0.0221091546 0.9768660665
87.3 391.6 2015.4 0 0 0 0 0 0 0 0 0
302.3 -168.8 2147.1 0 0 0 0 0 0 0 0 0
6.3 -876.1 2305.9 0 0 0 0 0 0 0 0 0
196.6 -887.3 2235.0 0 0 0 0 0 0 0 0 0
140.3 500.5 2211.5 32 0.9987936020 -0.0293690115 -0.0393550582 0.0282130335 0.9991632104 -0.0296134260 0.0401918441 0.0284673739 0.9987863898
146.6 284.8 2205.3 0.9987936020 -0.0293690115 -0.0393550582 0.0282130335 0.9991632104 -0.0296134260 0.0401918441 0.0284673739 0.9987863898
137.9 86.6 2196.1 0.9982475638 0.0440926738 -0.0394669659 -0.0458501764 0.9979435802 -0.0447924770 0.0374107845 0.0465235487 0.9982163906
0.9 291.5 2199.9 0.6016676426 -0.4163403511 -0.6816573739 0.0245846361 0.8626572490 -0.5051911473 0.7983680964 0.2871988714 0.5292685032
-145.2 285.5 2006.0 -0.9066412449 -0.4163403511 -0.0682814866 -0.4176305234 0.8626572490 0.2853195071 -0.0598865114 0.2871988714 -0.9559971094
292.4 278.1 2210.8 0.3597334027 0.5588968992 0.7471452951 -0.9287142754 0.1373256445 0.3444291949 0.0898982137 -0.8177871704 0.5684561729
376.1 62.1 2231.7 -0.2118550241 0.5588968992 0.8017179370 -0.9298179150 0.1373256445 -0.3414386213 -0.3009254336 -0.8177871704 0.4905792475
40.9 -99.8 2186.1 0.9985048175 0.0531768091 0.0126623455 -0.0545188114 0.9856220484 0.1599275917 -0.0039758482 -0.1603788137 0.9870475531
19.8 -491.4 2249.8 0.9992564917 0.0367106013 0.0117798736 -0.0380230434 0.9889078140 0.1435814053 -0.0063782493 -0.1439225525 0.9895684123
224.0 -103.4 2196.7 0.9777434468 0.1010038778 -0.1838911474 -0.0853142589 0.9921585917 0.0913388506 0.1916747689 -0.0736174211 0.9786936641
183.8 -497.6 2225.9 0.9810984135 -0.0327473581 -0.1907185316 0.0371004120 0.9991251826 0.0192977767 0.1899197400 -0.0260087531 0.9814550877
87.4 392.7 2021.4 0 0 0 0 0 0 0 0 0
321.6 -177.2 2154.3 0 0 0 0 0 0 0 0 0
5.8 -869.2 2304.8 0 0 0 0 0 0 0 0 0
196.4 -879.4 2235.9 0 0 0 0 0 0 0 0 0
138.7 496.4 2213.1 33 0.9976612926 -0.0568149164 -0.0379998423 0.0555088483 0.9978590012 -0.0345855616 0.0398834608 0.0323953517 0.9986790419
151.1 277.5 2206.0 0.9976612926 -0.0568149164 -0.0379998423 0.0555088483 0.9978590012 -0.0345855616 0.0398834608 0.0323953517 0.9986790419
138.2 79.6 2193.9 0.9971615672 0.0649412572 -0.0380980745 -0.0671090409 0.9960181117 -0.0586877279 0.0341351181 0.0610778704 0.9975491166
5.5 287.3 2201.1 0.6091891527 -0.4294153750 -0.6667016149 0.0097274510 0.8446899652 -0.5351674557 0.7929652929 0.3195328712 0.5187530518
-143.8 284.9 2006.7 -0.9009438157 -0.4294153750 -0.0624718070 -0.4251516163 0.8446899652 0.3251844347 -0.0868698806 0.3195328712 -0.9435848594
296.7 267.7 2211.0 0.2919898033 0.5626613498 0.7734043002 -0.9550998807 0.1290448457 0.2667051256 0.0502608158 -0.8165535331 0.5750775337
365.9 41.3 2222.9 -0.1147566512 0.5663706064 0.8161220551 -0.9568024874 0.1579051912 -0.2441207319 -0.2671327293 -0.8088821173 0.5237841606
37.6 -107.4 2183.5 0.9990022182 0.0402883478 0.0192713812 -0.0428930111 0.9857321978 0.1627642810 -0.0124389166 -0.1634284854 0.9864767790
21.6 -499.1 2248.5 0.9982599020 0.0559133217 0.0187321343 -0.0580919981 0.9870388508 0.1495980620 -0.0101248203 -0.1504259408 0.9885694385
220.6 -115.8 2190.4 0.9799339771 0.0906411037 -0.1775205284 -0.0734557360 0.9921600223 0.1011077613 0.1852932870 -0.0860390365 0.9789094329
184.6 -510.1 2224.6 0.9823561907 -0.0345765352 -0.1837954372 0.0401541218 0.9988363981 0.0267109293 0.1826580018 -0.0336197913 0.9826015234
88.0 394.2 2029.0 0 0 0 0 0 0 0 0 0
336.4 -204.7 2154.2 0 0 0 0 0 0 0 0 0
0.2 -876.2 2305.9 0 0 0 0 0 0 0 0 0
197.8 -891.7 2237.4 0 0 0 0 0 0 0 0 0
137.8 501.2 2212.9 34 0.9974090457 -0.0635591745 -0.0336965509 0.0624010973 0.9974590540 -0.0343732163 0.0357956626 0.0321814567 0.9988408685
152.5 270.7 2205.5 0.9974090457 -0.0635591745 -0.0336965509 0.0624010973 0.9974590540 -0.0343732163 0.0357956626 0.0321814567 0.9988408685
138.9 73.0 2192.6 0.9970964193 0.0682544932 -0.0337639302 -0.0702802017 0.9955375791 -0.0629733577 0.0293150451 0.0651634485 0.9974439144
6.9 281.0 2201.2 0.6150698066 -0.4325381815 -0.6592418551 -0.0165018030 0.8288550377 -0.5592199564 0.7882999778 0.3548380136 0.5026660562
-144.0 285.0 2007.9 -0.8979225159 -0.4325381815 -0.0815222189 -0.4315882325 0.8288550377 0.3559928238 -0.0864103884 0.3548380136 -0.9309260249
298.1 260.5 2209.8 0.2277783006 0.5631381869 0.7943503261 -0.9735506773 0.1168138459 0.1963508576 0.0177815519 -0.8180647492 0.5748512149
354.7 18.8 2214.2 -0.0315231793 0.5646593571 0.8247218132 -0.9780763984 0.1525080502 -0.1418019682 -0.2058465332 -0.8111110330 0.5474724770
33.9 -112.0 2178.7 0.9992634058 0.0289492216 0.0251915399 -0.0331146568 0.9822140932 0.1848213077 -0.0193930529 -0.1855193675 0.9824492335
22.4 -502.2 2252.4 0.9978641272 0.0608092025 0.0238632616 -0.0635693371 0.9880473018 0.1404329687 -0.0150384158 -0.1416499913 0.9898025990
216.7 -124.3 2184.9 0.9820724130 0.0787948593 -0.1712460071 -0.0595005639 0.9915790558 0.1150244027 0.1788672954 -0.1027730554 0.9784907699
185.4 -518.3 2225.8 0.9840001464 -0.0208273046 -0.1769462824 0.0276475046 0.9989632964 0.0361659750 0.1760096103 -0.0404794477 0.9835557938
86.8 396.0 2030.1 0 0 0 0 0 0 0 0 0
346.5 -235.0 2160.8 0 0 0 0 0 0 0 0 0
-0.8 -879.8 2306.5 0 0 0 0 0 0 0 0 0
193.4 -900.0 2241.2 0 0 0 0 0 0 0 0 0
136.0 500.6 2209.9 35 0.9973884821 -0.0703400820 -0.0163851995 0.0697288513 0.9969416261 -0.0352880619 0.0188172534 0.0340533853 0.9992428422
152.7 263.6 2201.8 0.9973884821 -0.0703400820 -0.0163851995 0.0697288513 0.9969416261 -0.0352880619 0.0188172534 0.0340533853 0.9992428422
141.3 65.8 2187.7 0.9982166886 0.0574652925 -0.0161624812 -0.0584585406 0.9958493710 -0.0697611645 0.0120865507 0.0705815926 0.9974327683
6.9 272.1 2200.0 0.6273849607 -0.4038645029 -0.6657939553 -0.0705138370 0.8220201135 -0.5650758147 0.7755101323 0.4014677405 0.4872450233
-146.2 289.4 2010.6 -0.9071255922 -0.4038645029 -0.1183920130 -0.4166389704 0.8220201135 0.3881943524 -0.0594573021 0.4014677405 -0.9139412045
298.5 255.1 2203.5 0.1649623364 0.5565361381 0.8142818809 -0.9862695932 0.0866135284 0.1406070739 0.0077250893 -0.8262963295 0.5631826520
341.0 1.2 2205.5 0.0762455687 0.5522912145 0.8301572204 -0.9863829017 0.1634599864 -0.0181534160 -0.1457234621 -0.8174688220 0.5572337508
33.9 -118.4 2177.0 0.9989123940 0.0243007224 0.0397934839 -0.0314470790 0.9812455773 0.1901794076 -0.0344256796 -0.1912239492 0.9809425473
24.3 -508.3 2253.0 0.9966363907 0.0723851845 0.0384227559 -0.0770057365 0.9875873923 0.1368986368 -0.0280363951 -0.1393969357 0.9898396134
216.8 -131.3 2182.3 0.9846219420 0.0796167552 -0.1555018425 -0.0621194728 0.9915007353 0.1143129468 0.1632814258 -0.1028953418 0.9811991453
185.1 -525.3 2223.2 0.9867922068 -0.0264025498 -0.1598251760 0.0359391645 0.9977228045 0.0570752323 0.1579542905 -0.0620653741 0.9854939580
84.9 395.5 2025.8 0 0 0 0 0 0 0 0 0
360.7 -254.1 2167.8 0 0 0 0 0 0 0 0 0
-3.4 -885.6 2306.2 0 0 0 0 0 0 0 0 0
195.2 -906.4 2246.9 0 0 0 0 0 0 0 0 0
135.9 504.1 2211.3 36 0.9973506331 -0.0718121827 -0.0116060404 0.0711198747 0.9961183071 -0.0518677495 0.0152857257 0.0509049147 0.9985865355
153.3 262.0 2198.9 0.9973506331 -0.0718121827 -0.0116060404 0.0711198747 0.9961183071 -0.0518677495 0.0152857257 0.0509049147 0.9985865355
141.7 64.0 2188.4 0.9982239008 0.0584331043 -0.0116005260 -0.0589660704 0.9968685508 -0.0526891612 0.0084854085 0.0532796197 0.9985435605
7.5 270.7 2197.7 0.6449324489 -0.3877879679 -0.6585458517 -0.0910322443 0.8165856600 -0.5700008869 0.7587985396 0.4275609851 0.4913413823
-149.5 292.8 2013.0 -0.9112934470 -0.3877879679 -0.1384367794 -0.4093148112 0.8165856600 0.4070003629 -0.0447843447 0.4275609851 -0.9028764963
299.1 253.4 2200.2 0.1183541194 0.5532125235 0.8245897293 -0.9929648042 0.0689727515 0.0962477326 -0.0036287725 -0.8301798701 0.5574837923
330.6 -10.6 2199.2 0.1395900100 0.5447769761 0.8268812895 -0.9874889851 0.1384425908 0.0754924119 -0.0733490661 -0.8270741701 0.5572864413
38.3 -126.7 2172.6 0.9982550144 0.0388702266 0.0444520228 -0.0472703949 0.9771841168 0.2070669383 -0.0353890732 -0.2088068724 0.9773163795
22.9 -514.9 2255.5 0.9974985123 0.0573364906 0.0413436368 -0.0623220690 0.9893420935 0.1315986663 -0.0333575942 -0.1338460892 0.9904405475
221.4 -137.4 2174.8 0.9844554663 0.0910911262 -0.1501661539 -0.0700975433 0.9877222180 0.1396107972 0.1610397398 -0.1269143373 0.9787537456
185.2 -529.8 2225.2 0.9869703054 -0.0276490338 -0.1585092247 0.0344491713 0.9985930324 0.0403142348 0.1571715623 -0.0452494659 0.9865341187
83.8 397.6 2024.4 0 0 0 0 0 0 0 0 0
366.9 -267.2 2180.2 0 0 0 0 0 0 0 0 0
1.0 -892.9 2306.7 0 0 0 0 0 0 0 0 0
195.8 -911.3 2242.5 0 0 0 0 0 0 0 0 0
135.9 504.3 2212.5 37 0.9977691770 -0.0659898445 -0.0100987274 0.0652202889 0.9958492517 -0.0634873211 0.0142463287 0.0626870543 0.9979315400
151.9 263.7 2197.4 0.9977691770 -0.0659898445 -0.0100987274 0.0652202889 0.9958492517 -0.0634873211 0.0142463287 0.0626870543 0.9979315400
142.8 65.4 2188.0 0.9989044666 0.0456561930 -0.0102668731 -0.0460902080 0.9978309274 -0.0470009483 0.0080987196 0.0474226624 0.9988420606
6.0 270.4 2196.2 0.6485002041 -0.3825520873 -0.6581044197 -0.1135265231 0.8062711358 -0.5805502534 0.7527012825 0.4511992633 0.4794371724
-150.6 297.8 2014.5 -0.9108503461 -0.3825520873 -0.1549373269 -0.4109990299 0.8062711358 0.4254487753 -0.0378348231 0.4511992633 -0.8916208744
297.8 256.9 2198.6 0.0986959636 0.5524989367 0.8276497126 -0.9950481653 0.0646220520 0.0755194128 -0.0117600206 -0.8310047388 0.5561410189
324.8 -15.2 2195.3 0.1575296074 0.5456900001 0.8230472803 -0.9870983362 0.1111998186 0.1152018681 -0.0286582075 -0.8305763602 0.5561669469
38.6 -128.6 2177.0 0.9981166124 0.0444833674 0.0422427468 -0.0523381494 0.9766953588 0.2081512362 -0.0319990255 -0.2099701166 0.9771839976
20.9 -516.7 2260.4 0.9982025027 0.0473153479 0.0367834233 -0.0505665578 0.9943658710 0.0931641832 -0.0321680829 -0.0948567316 0.9949710369
221.7 -139.5 2178.5 0.9836928248 0.0952278376 -0.1525782943 -0.0757293031 0.9887650013 0.1288753599 0.1631365865 -0.1152191088 0.9798525572
183.8 -532.3 2224.3 0.9853960276 -0.0543003082 -0.1613881737 0.0596848279 0.9978045821 0.0287016015 0.1594753414 -0.0379148684 0.9864735603
83.6 403.5 2024.2 0 0 0 0 0 0 0 0 0
365.9 -273.0 2187.9 0 0 0 0 0 0 0 0 0
2.8 -896.4 2296.6 0 0 0 0 0 0 0 0 0
204.6 -913.4 2238.8 0 0 0 0 0 0 0 0 0
135.3 499.9 2213.2 38 0.9979941845 -0.0592924170 -0.0221817940 0.0576750338 0.9960466027 -0.0675628260 0.0261000656 0.0661479682 0.9974684119
149.4 263.3 2197.4 0.9979941845 -0.0592924170 -0.0221817940 0.0576750338 0.9960466027 -0.0675628260 0.0261000656 0.0661479682 0.9974684119
144.3 65.0 2186.7 0.9994148016 0.0258412305 -0.0224127825 -0.0270158146 0.9981866479 -0.0537922494 0.0209820811 0.0543662682 0.9983006120
3.5 267.2 2194.4 0.6500650048 -0.3695070744 -0.6639879942 -0.1576308012 0.7892262340 -0.5935271978 0.7433491945 0.4904962182 0.4548026323
-151.9 304.9 2016.7 -0.9160473347 -0.3695070744 -0.1559545249 -0.3979747593 0.7892262340 0.4676944315 -0.0497330017 0.4904962182 -0.8700230718
295.4 259.3 2200.5 0.1017964408 0.5627068877 0.8203648329 -0.9946082234 0.0739809051 0.0726725608 -0.0197979845 -0.8233394027 0.5672038794
322.8 -9.0 2195.2 0.1026473865 0.5617061853 0.8209443688 -0.9942234755 0.0839507058 0.0668727532 -0.0313560143 -0.8230664730 0.5670788288
42.1 -128.6 2177.8 0.9982978106 0.0523277782 0.0257546511 -0.0565738529 0.9761542082 0.2095766217 -0.0141738318 -0.2106769234 0.9774529934
21.3 -516.5 2261.5 0.9988085628 0.0444744714 0.0200866703 -0.0463503636 0.9933537841 0.1053562164 -0.0152675081 -0.1061617211 0.9942316413
225.3 -137.1 2179.3 0.9801340699 0.1069480851 -0.1670308262 -0.0860164315 0.9880505800 0.1278954446 0.1787130833 -0.1109872907 0.9776213169
182.8 -529.7 2223.4 0.9823789597 -0.0604692623 -0.1768475175 0.0665945560 0.9973614216 0.0289027486 0.1746331602 -0.0401705354 0.9838138223
84.6 407.6 2029.5 0 0 0 0 0 0 0 0 0
349.7 -269.3 2187.0 0 0 0 0 0 0 0 0 0
4.3 -895.9 2302.1 0 0 0 0 0 0 0 0 0
205.9 -910.7 2238.7 0 0 0 0 0 0 0 0 0
134.6 499.0 2213.5 39 0.9988855720 -0.0470397100 -0.0038648939 0.0465393439 0.9952682853 -0.0852943957 0.0078588296 0.0850194693 0.9963483214
146.0 258.0 2192.9 0.9988855720 -0.0470397100 -0.0038648939 0.0465393439 0.9952682853 -0.0852943957 0.0078588296 0.0850194693 0.9963483214
144.4 59.5 2187.0 0.9999548197 0.0081123719 -0.0049558640 -0.0082546100 0.9995340109 -0.0293884557 0.0047151442 0.0294280350 0.9995557666
-0.0 259.3 2192.2 0.6502168179 -0.3516301811 -0.6734792590 -0.2124530375 0.7669335604 -0.6055383086 0.7294393778 0.5368139148 0.4239681661
-153.9 309.6 2019.5 -0.9180712700 -0.3516301811 -0.1830338091 -0.3946315050 0.7669335604 0.5060424209 -0.0375650190 0.5368139148 -0.8428639770
292.0 256.8 2193.5 0.1181058809 0.5499740839 0.8267886639 -0.9926693439 0.0438727513 0.1126179099 0.0256634429 -0.8340286016 0.5511240363
323.2 -5.2 2200.3 0.0348820500 0.5490285754 0.8350753784 -0.9964644909 0.0830105320 -0.0129526360 -0.0764314160 -0.8316711187 0.5499830246
47.5 -130.8 2173.9 0.9971145988 0.0661623403 0.0372163467 -0.0727514550 0.9728611112 0.2196553349 -0.0216734242 -0.2217290699 0.9748674035
21.2 -517.4 2262.1 0.9986153841 0.0433399603 0.0298160221 -0.0464432091 0.9925345778 0.1127747595 -0.0247057788 -0.1140033603 0.9931731224
230.8 -135.8 2177.8 0.9806084633 0.1189983115 -0.1557126194 -0.0998511910 0.9870551229 0.1255066693 0.1686320305 -0.1075248197 0.9797967672
183.5 -528.0 2220.5 0.9848744869 -0.0542091057 -0.1645710915 0.0628337711 0.9968854785 0.0476578586 0.1614750326 -0.0572776273 0.9852132201
83.4 411.6 2029.2 0 0 0 0 0 0 0 0 0
332.3 -265.9 2180.3 0 0 0 0 0 0 0 0 0
4.7 -896.6 2305.6 0 0 0 0 0 0 0 0 0
204.2 -908.9 2242.4 0 0 0 0 0 0 0 0 0
132.8 496.2 2207.6 40 0.9990999699 -0.0415926017 0.0083228461 0.0420787632 0.9965981245 -0.0708630681 -0.0053471536 0.0711495057 0.9974513054
142.8 257.3 2190.6 0.9990999699 -0.0415926017 0.0083228461 0.0420787632 0.9965981245 -0.0708630681 -0.0053471536 0.0711495057 0.9974513054
143.0 58.7 2187.5 0.9999738336 -0.0012084654 0.0071296622 0.0013167746 0.9998835325 -0.0152062718 -0.0071104551 0.0152152628 0.9998589754
-3.3 257.1 2191.6 0.6650866866 -0.3211571872 -0.6741793752 -0.2285923809 0.7719042301 -0.5932195187 0.7109186053 0.5486546159 0.4399691224
-159.7 310.9 2024.4 -0.9206949472 -0.3211571872 -0.2217630893 -0.3901554048 0.7719042301 0.5019388795 0.0099785896 0.5486546159 -0.8359895349
288.8 257.5 2189.5 0.1318485290 0.5424594283 0.8296708465 -0.9890282750 0.0157332737 0.1468862742 0.0666264072 -0.8399346471 0.5385820866
323.4 -2.2 2207.0 -0.0157764573 0.5451206565 0.8382091522 -0.9930213690 0.0894476622 -0.0768616349 -0.1168747172 -0.8335722089 0.5399053097
51.2 -138.2 2180.7 0.9962273836 0.0745392516 0.0444392301 -0.0820095614 0.9761083126 0.2012139261 -0.0283791665 -0.2040992826 0.9785387516
21.6 -526.0 2261.8 0.9980924726 0.0484771729 0.0382278934 -0.0527835935 0.9912313819 0.1211370453 -0.0320203044 -0.1229237840 0.9918994308
234.6 -139.7 2181.6 0.9809481502 0.1252043694 -0.1485415548 -0.1092903391 0.9878067970 0.1108751521 0.1606124192 -0.0925286189 0.9826709032
184.8 -532.3 2218.3 0.9869037867 -0.0445162728 -0.1550458074 0.0540324785 0.9968700409 0.0577114485 0.1519914269 -0.0653331578 0.9862201214
75.0 410.4 2021.8 0 0 0 0 0 0 0 0 0
319.3 -262.2 2176.4 0 0 0 0 0 0 0 0 0
3.1 -904.7 2308.8 0 0 0 0 0 0 0 0 0
201.8 -913.1 2243.3 0 0 0 0 0 0 0 0 0
133.0 498.1 2210.2 41 0.9995154738 -0.0290613603 -0.0111485431 0.0283115394 0.9976516962 -0.0623663664 0.0129348142 0.0620205179 0.9979910254
139.4 277.5 2196.5 0.9995154738 -0.0290613603 -0.0111485431 0.0283115394 0.9976516962 -0.0623663664 0.0129348142 0.0620205179 0.9979910254
141.2 79.0 2190.1 0.9998912811 -0.0089432131 -0.0117231486 0.0085620349 0.9994456768 -0.0321714953 0.0120043671 0.0320676230 0.9994136095
-6.6 276.3 2194.7 0.6814025044 -0.3124929667 -0.6618450284 -0.1521838903 0.8240167499 -0.5457440019 0.7159125209 0.4725934565 0.5139306188
-164.2 311.5 2029.2 -0.9223539829 -0.3124929667 -0.2271811664 -0.3821916878 0.8240167499 0.4182414711 0.0565035529 0.4725934565 -0.8794673085
285.4 278.7 2198.2 0.1369936615 0.5581558943 0.8183488250 -0.9892193079 0.0339279436 0.1424572170 0.0517484359 -0.8290421963 0.5567864776
324.3 -1.8 2212.9 -0.0204911791 0.5615345836 0.8271995187 -0.9885294437 0.1124480888 -0.1008216515 -0.1496318430 -0.8197770119 0.5527892709
51.6 -140.0 2185.1 0.9965869784 0.0786718130 0.0250031780 -0.0820289701 0.9777445197 0.1930982769 -0.0092553273 -0.1944902241 0.9808607697
20.4 -528.5 2262.4 0.9988253713 0.0442352593 0.0197777450 -0.0464151539 0.9906343818 0.1284103096 -0.0139122512 -0.1291774511 0.9915239215
235.0 -139.8 2183.8 0.9778497219 0.1263479292 -0.1668715626 -0.1103455201 0.9886506200 0.1019503325 0.1778588891 -0.0812785700 0.9806936383
184.8 -532.7 2216.1 0.9833831787 -0.0550223067 -0.1730031222 0.0649404451 0.9965230227 0.0521975830 0.1695295572 -0.0625651255 0.9835371375
69.2 408.2 2014.9 0 0 0 0 0 0 0 0 0
318.9 -261.2 2173.6 0 0 0 0 0 0 0 0 0
3.5 -907.1 2311.8 0 0 0 0 0 0 0 0 0
205.8 -913.4 2240.0 0 0 0 0 0 0 0 0 0
132.5 500.3 2205.5 42 0.9997417331 -0.0227158535 0.0006470692 0.0227229968 0.9988609552 -0.0419575162 0.0003067686 0.0419613868 0.9991191626
137.3 289.0 2196.6 0.9997417331 -0.0227158535 0.0006470692 0.0227229968 0.9988609552 -0.0419575162 0.0003067686 0.0419613868 0.9991191626
139.9 90.5 2190.5 0.9999194741 -0.0126808034 0.0004446945 0.0126884691 0.9994532466 -0.0305324756 -0.0000572751 0.0305356588 0.9995336533
-8.7 287.2 2196.6 0.6944818497 -0.2924702466 -0.6573857665 -0.1220693663 0.8525189757 -0.5082424879 0.7090796828 0.4332118630 0.5563573241
-169.6 315.5 2032.3 -0.9251845479 -0.2924702466 -0.2418568134 -0.3668361902 0.8525189757 0.3723473847 0.0972870067 0.4332118630 -0.8960260749
283.4 290.9 2196.6 0.1748633683 0.5492691398 0.8171451688 -0.9810490608 0.0268489029 0.1918903589 0.0834600031 -0.8352140784 0.5435549021
331.9 18.6 2219.8 -0.0550019853 0.5560206771 0.8293465972 -0.9838531613 0.1115002781 -0.1400021762 -0.1703164876 -0.8236556649 0.5409099460
51.4 -120.3 2182.6 0.9968664050 0.0706610903 0.0355588198 -0.0761293545 0.9790968895 0.1886097491 -0.0214881599 -0.1907257885 0.9814081192
23.3 -509.4 2258.4 0.9978525639 0.0577988699 0.0308147911 -0.0611852109 0.9904516339 0.1235391870 -0.0233801343 -0.1251593083 0.9918611646
234.7 -118.8 2184.8 0.9792433977 0.1293146908 -0.1560770422 -0.1148991436 0.9885184765 0.0981293321 0.1669746041 -0.0781593844 0.9828583598
183.3 -511.6 2215.9 0.9853625894 -0.0564469621 -0.1608549953 0.0669571012 0.9959088564 0.0606819354 0.1567716002 -0.0705640912 0.9851108193
64.9 408.5 2007.6 0 0 0 0 0 0 0 0 0
317.5 -239.7 2175.0 0 0 0 0 0 0 0 0 0
1.2 -887.8 2306.3 0 0 0 0 0 0 0 0 0
204.9 -892.2 2242.9 0 0 0 0 0 0 0 0 0
133.0 502.5 2209.1 43 0.9998663664 -0.0159880109 0.0034070017 0.0161345191 0.9986926913 -0.0485036708 -0.0026270705 0.0485521592 0.9988172054
136.3 296.0 2199.1 0.9998663664 -0.0159880109 0.0034070017 0.0161345191 0.9986926913 -0.0485036708 -0.0026270705 0.0485521592 0.9988172054
138.5 97.5 2190.6 0.9999340773 -0.0109915491 0.0033278959 0.0111235250 0.9990283251 -0.0426462181 -0.0028559142 0.0426804237 0.9990847111
-9.8 294.4 2199.5 0.7010681629 -0.2686310112 -0.6605609655 -0.1177939475 0.8699787855 -0.4788125753 0.7032979131 0.4134903252 0.5782713294
-173.2 321.8 2035.6 -0.9304392934 -0.2686310112 -0.2492389381 -0.3454318941 0.8699787855 0.3518716991 0.1223089471 0.4134903252 -0.9022561908
282.3 297.6 2198.7 0.2160220295 0.5449028611 0.8101946712 -0.9724824429 0.0459266864 0.2284044325 0.0872486755 -0.8372404575 0.5398296714
340.7 34.7 2222.3 -0.0724660903 0.5496184826 0.8322668672 -0.9835239053 0.0991870016 -0.1511379927 -0.1656183004 -0.8295067549 0.5333752632
50.8 -109.2 2184.5 0.9973375201 0.0623232760 0.0378642827 -0.0677191764 0.9841651320 0.1638083011 -0.0270556360 -0.1659363061 0.9857652783
26.0 -500.2 2250.4 0.9969320297 0.0688619614 0.0372100137 -0.0737939849 0.9853892922 0.1535003036 -0.0260960162 -0.1557752490 0.9874477386
234.1 -106.9 2184.5 0.9800736904 0.1289843023 -0.1510581672 -0.1144116521 0.9882330894 0.1015152112 0.1623745561 -0.0822095722 0.9832985997
182.9 -499.7 2217.1 0.9860977530 -0.0527427793 -0.1575734913 0.0612908043 0.9968724847 0.0498872101 0.1544494778 -0.0588514730 0.9862463474
63.2 409.6 2004.5 0 0 0 0 0 0 0 0 0
321.7 -223.9 2178.7 0 0 0 0 0 0 0 0 0
-0.3 -876.6 2309.9 0 0 0 0 0 0 0 0 0
203.0 -880.6 2239.6 0 0 0 0 0 0 0 0 0
133.9 503.0 2210.9 44 0.9999576807 -0.0087530389 0.0028300134 0.0088883908 0.9986074567 -0.0520012751 -0.0023709033 0.0520242266 0.9986429811
135.7 299.0 2200.3 0.9999576807 -0.0087530389 0.0028300134 0.0088883908 0.9986074567 -0.0520012751 -0.0023709033 0.0520242266 0.9986429811
137.2 100.5 2190.5 0.9999672771 -0.0075856494 0.0028093411 0.0077153761 0.9987456203 -0.0494741611 -0.0024305235 0.0494942181 0.9987714291
-10.4 297.9 2200.7 0.7098111510 -0.2557996809 -0.6563038230 -0.1205132082 0.8738921285 -0.4709449112 0.6940062642 0.4133752286 0.5894711018
-175.2 325.8 2039.5 -0.9377592802 -0.2557996809 -0.2348916531 -0.3282017112 0.8738921285 0.3586031199 0.1135394052 0.4133752286 -0.9034543037
281.8 300.1 2200.0 0.2515551150 0.5429131985 0.8012273908 -0.9632650018 0.0600188598 0.2617599070 0.0940241590 -0.8376413584 0.5380673409
349.3 41.6 2225.2 -0.0851863995 0.5479677916 0.8321505785 -0.9788118005 0.1100553274 -0.1726709455 -0.1862007231 -0.8292280436 0.5269821286
49.0 -102.0 2182.4 0.9976465702 0.0566518866 0.0386250317 -0.0623148233 0.9841422439 0.1660750657 -0.0286040585 -0.1680911332 0.9853563905
