156.4 491.2 2193.6 61 0.9957796931 0.0903010219 -0.0163877700 -0.0901574418 0.9958841205 0.0092996350 0.0171600860 -0.0077829077 0.9998224378
137.2 278.9 2195.2 0.9957796931 0.0903010219 -0.0163877700 -0.0901574418 0.9958841205 0.0092996350 0.0171600860 -0.0077829077 0.9998224378
134.7 80.5 2187.9 0.9997552037 0.0118415076 -0.0186889153 -0.0125023583 0.9992861748 -0.0356491096 0.0182534363 0.0358740389 0.9991896152
-8.5 280.7 2192.5 0.5770324469 -0.4833038449 -0.6583698988 0.0486294217 0.8250147700 -0.5630149245 0.8152721524 0.2928617299 0.4995630980
-144.5 269.2 2000.5 -0.8709118366 -0.4833038449 -0.0890504569 -0.4871243834 0.8250147700 0.2864619195 -0.0649802089 0.2928617299 -0.9539442062
282.9 277.2 2197.9 0.6417757869 0.4298857450 0.6350764632 -0.6735545397 -0.0799788311 0.7347977161 0.3666717410 -0.8993340135 0.2382230014
424.8 128.3 2279.0 -0.5267965794 0.4298857450 0.7332691550 -0.8311672211 -0.0799788311 -0.5502403378 -0.1778944731 -0.8993340135 0.3994395137
42.6 -132.6 2177.2 0.9981067181 0.0604216270 0.0114973001 -0.0615048073 0.9794481397 0.1920899153 0.0003453759 -0.1924333721 0.9813099504
18.6 -521.8 2253.7 0.9993569851 0.0349964760 0.0078021456 -0.0357211307 0.9905818701 0.1321800500 -0.0031028281 -0.1323737651 0.9911950231
225.8 -129.2 2169.7 0.9792407751 0.1118277609 -0.1690624356 -0.0872695372 0.9853821397 0.1463080347 0.1829524040 -0.1285167933 0.9746854901
181.4 -520.7 2220.8 0.9820636511 -0.0534461103 -0.1808160990 0.0601609498 0.9976803064 0.0318541899 0.1786941737 -0.0421609096 0.9830009341
74.3 391.6 2016.8 0 0 0 0 0 0 0 0 0
286.1 -90.5 2232.2 0 0 0 0 0 0 0 0 0
5.2 -900.2 2304.3 0 0 0 0 0 0 0 0 0
201.8 -901.9 2236.9 0 0 0 0 0 0 0 0 0
157.9 492.2 2190.2 62 0.9965513945 0.0699452460 -0.0446425192 -0.0692430958 0.9974534512 0.0170873608 0.0457240157 -0.0139372479 0.9988569021
143.4 284.9 2193.1 0.9965513945 0.0699452460 -0.0446425192 -0.0692430958 0.9974534512 0.0170873608 0.0457240157 -0.0139372479 0.9988569021
137.7 86.4 2189.5 0.9985315800 0.0281951446 -0.0462564752 -0.0289509948 0.9994567037 -0.0157525428 0.0457871966 0.0170685835 0.9988054037
-2.2 289.0 2186.3 0.6084770560 -0.4693774581 -0.6398753524 0.0875907168 0.8411208391 -0.5337074399 0.7887226939 0.2687015831 0.5529158711
-146.1 268.3 1999.9 -0.8761435151 -0.4693774581 -0.1098058745 -0.4814884961 0.8411208391 0.2463424355 -0.0232675821 0.2687015831 -0.9629424214
289.0 280.7 2199.8 0.6029735804 0.4333821833 0.6697781086 -0.7167531252 -0.0743240342 0.6933548450 0.3502682447 -0.8981401920 0.2658126056
421.9 122.8 2277.0 -0.5232555270 0.4333821833 0.7337462306 -0.8321573138 -0.0743240342 -0.5495362878 -0.1836242527 -0.8981401920 0.3995326161
40.8 -116.8 2178.9 0.9982798100 0.0572465472 -0.0126598207 -0.0536387861 0.9789338112 0.1970061958 0.0236710515 -0.1959882528 0.9803205132
18.1 -505.8 2256.8 0.9994353056 0.0285581890 -0.0177062750 -0.0264615100 0.9936820269 0.1090682000 0.0207091980 -0.1085380763 0.9938765764
223.7 -119.0 2182.3 0.9742881060 0.1051608697 -0.1992583126 -0.0835217834 0.9899551272 0.1140743271 0.2092529386 -0.0944988504 0.9732847214
182.0 -512.2 2219.8 0.9770580530 -0.0569730289 -0.2052111328 0.0695187822 0.9960936308 0.0544483922 0.2013074160 -0.0674652681 0.9772019982
74.9 389.7 2005.7 0 0 0 0 0 0 0 0 0
284.2 -96.2 2228.6 0 0 0 0 0 0 0 0 0
7.1 -885.4 2298.3 0 0 0 0 0 0 0 0 0
203.7 -892.6 2245.6 0 0 0 0 0 0 0 0 0
159.0 492.1 2189.5 63 0.9962537885 0.0599368811 -0.0623369962 -0.0589686297 0.9981105924 0.0172596164 0.0632537007 -0.0135190310 0.9979059100
146.8 287.8 2192.2 0.9962537885 0.0599368811 -0.0623369962 -0.0589686297 0.9981105924 0.0172596164 0.0632537007 -0.0135190310 0.9979059100
139.4 89.3 2190.6 0.9973015189 0.0369540080 -0.0634360239 -0.0373708531 0.9992868900 -0.0053968388 0.0631913543 0.0077529340 0.9979712963
1.2 293.2 2183.0 0.6286490560 -0.4572067261 -0.6290965080 0.1080591455 0.8524370790 -0.5115410686 0.7701451778 0.2536001801 0.5852891207
-148.1 267.5 2000.0 -0.8810643554 -0.4572067261 -0.1211922988 -0.4729941189 0.8524370790 0.2227725089 0.0014557241 0.2536001801 -0.9673080444
292.3 282.3 2201.5 0.5733637214 0.4455694556 0.6875477433 -0.7465366125 -0.0616137907 0.6624853015 0.3375456333 -0.8931246400 0.2973068058
419.8 116.3 2276.6 -0.5315435529 0.4455694556 0.7203674912 -0.8209568858 -0.0616137907 -0.5676562190 -0.2085456997 -0.8931246400 0.3985437155
40.6 -109.5 2181.8 0.9979981184 0.0558800101 -0.0296174251 -0.0498497970 0.9832422733 0.1753556728 0.0389199816 -0.1735282093 0.9840595722
18.4 -500.1 2250.7 0.9990658760 0.0297082718 -0.0313811637 -0.0248948224 0.9892690778 0.1439686865 0.0353214741 -0.1430529803 0.9890845418
223.4 -114.7 2190.2 0.9705384970 0.1007848904 -0.2188548446 -0.0831407532 0.9926084280 0.0884085223 0.2261474133 -0.0676081181 0.9717440605
183.4 -508.9 2217.1 0.9743097425 -0.0372511819 -0.2221099734 0.0506845079 0.9971942306 0.0550886914 0.2194346637 -0.0649309829 0.9734641314
74.6 387.0 1999.7 0 0 0 0 0 0 0 0 0
280.0 -99.7 2221.7 0 0 0 0 0 0 0 0 0
7.0 -877.9 2305.4 0 0 0 0 0 0 0 0 0
197.6 -889.8 2241.9 0 0 0 0 0 0 0 0 0
159.4 491.9 2194.6 64 0.9947395325 0.0547206812 -0.0865962207 -0.0548035949 0.9984961152 0.0014214041 0.0865437686 0.0033318575 0.9962424636
148.3 289.0 2193.9 0.9947395325 0.0547206812 -0.0865962207 -0.0548035949 0.9984961152 0.0014214041 0.0865437686 0.0033318575 0.9962424636
139.9 90.6 2190.3 0.9952839017 0.0421850607 -0.0873517916 -0.0435825475 0.9989495873 -0.0141526405 0.0866630077 0.0178929102 0.9960770011
3.0 295.4 2181.3 0.6344699860 -0.4559106231 -0.6241741180 0.1170805618 0.8548929095 -0.5054209232 0.7640287876 0.2475957274 0.5957821608
-147.5 267.6 2000.0 -0.8822014332 -0.4559106231 -0.1177545264 -0.4708702266 0.8548929095 0.2178058475 0.0013675058 0.2475957274 -0.9688624740
293.6 282.7 2206.6 0.5674307346 0.4346758425 0.6993420720 -0.7599046230 -0.0506599769 0.6480575204 0.3171235919 -0.8991609812 0.3015661538
419.0 114.7 2276.7 -0.5398789048 0.4346758425 0.7208243012 -0.8137845397 -0.0506599769 -0.5789544582 -0.2151405662 -0.8991609812 0.3810827434
40.6 -105.8 2183.2 0.9971948266 0.0533545539 -0.0524949208 -0.0442105606 0.9857832789 0.1621010453 0.0603974462 -0.1593255103 0.9853768349
19.4 -497.5 2246.5 0.9978855252 0.0387356170 -0.0521924645 -0.0294813216 0.9854020476 0.1676711887 0.0579254106 -0.1657779515 0.9844604135
223.3 -112.6 2194.8 0.9642445445 0.1067684218 -0.2425549626 -0.0919117257 0.9931755066 0.0717956945 0.2485651672 -0.0469349623 0.9674773812
180.9 -507.1 2213.4 0.9688745737 -0.0464448147 -0.2431560904 0.0643379465 0.9957321882 0.0661665872 0.2390452474 -0.0797512829 0.9677277803
74.2 386.0 1999.7 0 0 0 0 0 0 0 0 0
276.9 -99.4 2220.1 0 0 0 0 0 0 0 0 0
4.6 -873.8 2309.8 0 0 0 0 0 0 0 0 0
198.7 -887.5 2243.9 0 0 0 0 0 0 0 0 0
159.4 493.6 2197.2 65 0.9949393868 0.0830675587 -0.0565275736 -0.0836302936 0.9964674115 -0.0076592080 0.0556916520 0.0123478649 0.9983716607
141.1 274.7 2194.5 0.9949393868 0.0830675587 -0.0565275736 -0.0836302936 0.9964674115 -0.0076592080 0.0556916520 0.0123478649 0.9983716607
138.4 76.4 2186.3 0.9982265234 0.0131234890 -0.0580650270 -0.0154357925 0.9990981817 -0.0395550281 0.0574935637 0.0403811596 0.9975288510
-4.5 276.9 2186.0 0.5949010253 -0.4644810855 -0.6560107470 0.0316824280 0.8290535212 -0.5582709908 0.8031743169 0.3113319576 0.5079206824
-143.0 269.6 1999.1 -0.8799538612 -0.4644810855 -0.0996919945 -0.4716432095 0.8290535212 0.3003713191 -0.0568667911 0.3113319576 -0.9485982060
286.8 272.6 2202.9 0.6009700894 0.4407136738 0.6667881012 -0.7251689434 -0.0501601845 0.6867415905 0.3361026049 -0.8962451816 0.2894470990
419.0 112.9 2276.9 -0.5429725647 0.4407136738 0.7148092389 -0.8099659681 -0.0501601845 -0.5843279362 -0.2216663361 -0.8962451816 0.3841986656
40.3 -103.9 2178.8 0.9981016517 0.0550943650 -0.0275273900 -0.0496207103 0.9841128588 0.1704688221 0.0364819318 -0.1687792838 0.9849784970
18.4 -494.9 2245.8 0.9988926053 0.0378418937 -0.0279559027 -0.0328017026 0.9861146212 0.1627944857 0.0337281749 -0.1616971940 0.9862638712
222.7 -111.9 2194.7 0.9714967012 0.1021746099 -0.2139029950 -0.0887772962 0.9934924245 0.0713540837 0.2198015898 -0.0503305309 0.9742454290
182.1 -506.6 2214.7 0.9762424231 -0.0311203562 -0.2144347131 0.0463046506 0.9967343807 0.0661545768 0.2116756886 -0.0745122284 0.9744954109
79.5 388.8 2013.5 0 0 0 0 0 0 0 0 0
276.1 -100.2 2218.6 0 0 0 0 0 0 0 0 0
3.9 -871.6 2307.6 0 0 0 0 0 0 0 0 0
194.0 -887.4 2243.1 0 0 0 0 0 0 0 0 0
158.9 492.7 2192.0 66 0.9929966331 0.1149419397 -0.0273137726 -0.1145234182 0.9932847023 0.0164275654 0.0290185697 -0.0131844506 0.9994919300
133.2 270.3 2194.9 0.9929966331 0.1149419397 -0.0273137726 -0.1145234182 0.9932847023 0.0164275654 0.0290185697 -0.0131844506 0.9994919300
134.1 71.9 2185.7 0.9995159507 -0.0045973798 -0.0307690930 0.0031799905 0.9989383817 -0.0459567532 0.0309477095 0.0458366647 0.9984694719
-12.6 269.8 2190.4 0.5588653684 -0.4859130681 -0.6719806790 -0.0041332431 0.8086969852 -0.5882108808 0.8292481303 0.3315081596 0.4499443173
-141.9 270.7 1998.6 -0.8706514835 -0.4859130681 -0.0765144452 -0.4810823500 0.8086969852 0.3384803236 -0.1025950089 0.3315081596 -0.9378574491
279.1 270.8 2199.5 0.6414299011 0.4402349591 0.6283000112 -0.6825296879 -0.0465037487 0.7293769121 0.3503155112 -0.8966774940 0.2706445158
422.5 118.2 2277.8 -0.5317414403 0.4402349591 0.7234944701 -0.8182001114 -0.0465037487 -0.5730497241 -0.2186313272 -0.8966774940 0.3849282563
44.3 -120.6 2172.9 0.9980459809 0.0623742417 -0.0036927650 -0.0606602021 0.9814022779 0.1821260750 0.0149840638 -0.1815461963 0.9832682610
19.5 -510.6 2245.1 0.9988455176 0.0478514098 -0.0042260275 -0.0463908426 0.9837005734 0.1737268865 0.0124702230 -0.1733302772 0.9847847819
227.2 -123.4 2183.5 0.9762247205 0.1130126789 -0.1849685907 -0.0946164653 0.9899126887 0.1054543778 0.1950204372 -0.0854460970 0.9770700932
182.3 -516.5 2217.4 0.9804618359 -0.0417308807 -0.1922320575 0.0498958752 0.9980377555 0.0378293134 0.1902761906 -0.0466817841 0.9806200862
78.4 392.4 2024.6 0 0 0 0 0 0 0 0 0
282.5 -97.2 2220.3 0 0 0 0 0 0 0 0 0
1.2 -886.4 2311.3 0 0 0 0 0 0 0 0 0
198.3 -897.7 2235.3 0 0 0 0 0 0 0 0 0
158.7 492.5 2197.4 67 0.9909369349 0.1334414333 -0.0154051390 -0.1335404217 0.9910276532 -0.0055821901 0.0145220235 0.0075888075 0.9998657703
128.5 268.0 2195.7 0.9909369349 0.1334414333 -0.0154051390 -0.1335404217 0.9910276532 -0.0055821901 0.0145220235 0.0075888075 0.9998657703
130.4 69.7 2184.4 0.9997783899 -0.0099369530 -0.0185598675 0.0088759689 0.9983689189 -0.0563982017 0.0190900210 0.0562209636 0.9982358217
-17.5 266.7 2192.8 0.5384252071 -0.4942966998 -0.6824727654 -0.0178834312 0.8030050993 -0.5957038403 0.8424835205 0.3329468966 0.4235184491
-141.7 270.8 1998.4 -0.8665775061 -0.4942966998 -0.0686602443 -0.4854290187 0.8030050993 0.3457477689 -0.1157674491 0.3329468966 -0.9358121157
274.5 269.3 2198.5 0.6640231609 0.4357941151 0.6075826883 -0.6598419547 -0.0406636521 0.7503033280 0.3516843021 -0.8991273046 0.2605536580
422.8 121.9 2277.1 -0.5180453658 0.4357941151 0.7360112071 -0.8282455802 -0.0406636521 -0.5588879585 -0.2136311829 -0.8991273046 0.3820101619
43.4 -126.8 2173.7 0.9980258942 0.0622091815 0.0086237229 -0.0626779795 0.9778914452 0.1994987875 0.0039775916 -0.1996454746 0.9798601270
18.6 -515.4 2253.0 0.9993790984 0.0350339264 0.0037403360 -0.0352281965 0.9918382168 0.1225396618 0.0005832373 -0.1225953475 0.9924565554
226.5 -126.2 2179.4 0.9786070585 0.1116191447 -0.1728276163 -0.0945604295 0.9900722504 0.1039967388 0.1827198416 -0.0854292884 0.9794464111
182.2 -519.5 2213.3 0.9828332663 -0.0510462597 -0.1772935241 0.0630928874 0.9960181713 0.0629847571 0.1733724326 -0.0730894804 0.9821404815
77.7 393.7 2027.8 0 0 0 0 0 0 0 0 0
286.5 -96.1 2220.8 0 0 0 0 0 0 0 0 0
5.3 -893.8 2299.8 0 0 0 0 0 0 0 0 0
201.6 -899.9 2241.2 0 0 0 0 0 0 0 0 0
158.7 489.7 2198.1 68 0.9886338711 0.1503380984 -0.0012295922 -0.1503429711 0.9885879159 -0.0095323129 -0.0002175097 0.0096088275 0.9999538064
125.0 268.3 2195.9 0.9886338711 0.1503380984 -0.0012295922 -0.1503429711 0.9885879159 -0.0095323129 -0.0002175097 0.0096088275 0.9999538064
128.9 69.9 2185.5 0.9997971654 -0.0197307989 -0.0040432434 0.0194923393 0.9984391332 -0.0523385033 0.0050696130 0.0522490740 0.9986212254
-21.0 265.4 2195.2 0.5247495174 -0.4930723608 -0.6939146519 -0.0216038749 0.8071885705 -0.5898981690 0.8509824872 0.3245400488 0.4129195809
-142.1 270.4 1998.7 -0.8667916059 -0.4930723608 -0.0745115802 -0.4877487719 0.8071885705 0.3324871957 -0.1037953570 0.3245400488 -0.9401597381
271.0 271.1 2196.7 0.6754465103 0.4408108294 0.5911495686 -0.6448699832 -0.0357123315 0.7634574771 0.3576516509 -0.8968893290 0.2601439059
424.5 124.5 2278.0 -0.5127431154 0.4408108294 0.7367362380 -0.8301532269 -0.0357123315 -0.5563904047 -0.2189523429 -0.8968893290 0.3842517734
40.7 -129.5 2171.4 0.9982559681 0.0552491099 0.0207992345 -0.0584389232 0.9747408032 0.2155579627 -0.0083644781 -0.2163974941 0.9762694836
18.8 -516.8 2257.4 0.9992979169 0.0344945118 0.0146215679 -0.0358690619 0.9935601354 0.1074787080 -0.0108199809 -0.1079277098 0.9940998554
224.0 -127.8 2175.0 0.9808251858 0.1112153158 -0.1600408703 -0.0945419297 0.9896134734 0.1082915142 0.1704222709 -0.0910844728 0.9811522961
179.8 -521.0 2211.2 0.9846127033 -0.0590933934 -0.1644559205 0.0710386634 0.9951719046 0.0677232295 0.1596599221 -0.0783638880 0.9840568304
76.8 393.6 2024.9 0 0 0 0 0 0 0 0 0
289.6 -93.9 2220.3 0 0 0 0 0 0 0 0 0
5.6 -896.1 2298.6 0 0 0 0 0 0 0 0 0
202.4 -901.2 2241.1 0 0 0 0 0 0 0 0 0
157.7 487.4 2192.4 69 0.9882308841 0.1529000998 0.0046182801 -0.1529576033 0.9880831242 0.0171968713 -0.0019338409 -0.0177008808 0.9998414516
123.8 268.4 2196.3 0.9882308841 0.1529000998 0.0046182801 -0.1529576033 0.9880831242 0.0171968713 -0.0019338409 -0.0177008808 0.9998414516
130.0 70.1 2186.0 0.9995179772 -0.0310437214 0.0003662359 0.0310206190 0.9981594086 -0.0521108694 0.0012521535 0.0520971119 0.9986412525
-22.1 263.9 2196.2 0.5235314965 -0.4813701808 -0.7029918432 -0.0251830854 0.8159984350 -0.5775052905 0.8516340852 0.3200457096 0.4150785208
-143.3 269.7 1999.1 -0.8712630272 -0.4813701808 -0.0958302990 -0.4853680432 0.8159984350 0.3139496744 -0.0729286373 0.3200457096 -0.9445909858
269.8 273.0 2196.5 0.6766452789 0.4357213080 0.5935471058 -0.6457917690 -0.0360416435 0.7626624107 0.3537006676 -0.8993597627 0.2569978237
424.1 125.7 2277.2 -0.5074166059 0.4357213080 0.7434213758 -0.8351222873 -0.0360416435 -0.5488823056 -0.2123655677 -0.8993597627 0.3821686804
41.2 -130.2 2174.6 0.9982745647 0.0546954572 0.0213614237 -0.0578957871 0.9775362015 0.2026598752 -0.0097969910 -0.2035469264 0.9790161848
19.4 -518.7 2255.5 0.9988914132 0.0440475680 0.0166052803 -0.0457071215 0.9919238687 0.1183127239 -0.0112597859 -0.1189405471 0.9928375483
224.5 -126.7 2175.5 0.9821955562 0.1036882699 -0.1566545367 -0.0860752836 0.9895913601 0.1153254658 0.1669818759 -0.0997880772 0.9808972478
183.3 -519.9 2215.2 0.9861728549 -0.0322430506 -0.1625531167 0.0418734103 0.9975427389 0.0561699420 0.1603425890 -0.0621999241 0.9850996733
76.0 391.9 2017.4 0 0 0 0 0 0 0 0 0
290.5 -94.1 2221.3 0 0 0 0 0 0 0 0 0
2.6 -897.5 2300.9 0 0 0 0 0 0 0 0 0
195.6 -900.8 2238.9 0 0 0 0 0 0 0 0 0
158.7 488.4 2190.6 70 0.9943202734 0.1064226627 0.0011704112 -0.1064289808 0.9942426682 0.0124235004 0.0001584691 -0.0124775041 0.9999221563
136.1 277.9 2193.2 0.9943202734 0.1064226627 0.0011704112 -0.1064289808 0.9942426682 0.0124235004 0.0001584691 -0.0124775041 0.9999221563
133.9 79.5 2187.5 0.9999392033 0.0109559288 -0.0012593344 -0.0109877046 0.9995234013 -0.0288476069 0.0009426819 0.0288596898 0.9995830059
-9.8 279.5 2193.0 0.5754238963 -0.4783618152 -0.6633681655 0.0436944924 0.8279297352 -0.5591270924 0.8166872859 0.2927495539 0.4973123372
-145.5 269.2 2000.5 -0.8705319166 -0.4783618152 -0.1155170798 -0.4909316003 0.8279297352 0.2711429298 -0.0340644047 0.2927495539 -0.9555822015
282.0 276.3 2193.4 0.6368262768 0.4617953598 0.6174118519 -0.6718190312 -0.0605540983 0.7382359505 0.3783007562 -0.8849170804 0.2716804743
424.8 125.7 2278.3 -0.5093748569 0.4617953598 0.7261420488 -0.8348568082 -0.0605540983 -0.5471263528 -0.2086895406 -0.8849170804 0.4163777232
44.5 -131.1 2175.5 0.9973279238 0.0676521435 0.0275723338 -0.0716786385 0.9790856242 0.1904035360 -0.0141144702 -0.1918711066 0.9813186526
17.6 -520.1 2251.7 0.9991581440 0.0332975686 0.0239640325 -0.0363035686 0.9897004962 0.1384735852 -0.0191063825 -0.1392269880 0.9900761843
227.8 -125.4 2175.7 0.9812756181 0.1139179915 -0.1553087085 -0.0969671458 0.9888882041 0.1126830429 0.1664195806 -0.0955132768 0.9814182520
182.5 -518.3 2213.7 0.9864823222 -0.0338843949 -0.1603261679 0.0452243760 0.9966858029 0.0676180944 0.1575036198 -0.0739547089 0.9847453237
74.1 393.0 2009.0 0 0 0 0 0 0 0 0 0
290.8 -94.1 2223.3 0 0 0 0 0 0 0 0 0
4.9 -898.1 2304.9 0 0 0 0 0 0 0 0 0
195.5 -899.1 2241.9 0 0 0 0 0 0 0 0 0
158.1 488.5 2189.2 71 0.9966611266 0.0815607607 0.0037993402 -0.0815919861 0.9966256022 0.0089536300 -0.0030562549 -0.0092337308 0.9999526739
141.2 282.3 2191.1 0.9966611266 0.0815607607 0.0037993402 -0.0815919861 0.9966256022 0.0089536300 -0.0030562549 -0.0092337308 0.9999526739
135.0 83.9 2187.4 0.9995003343 0.0315305889 0.0022243129 -0.0314831734 0.9993266463 -0.0188440699 -0.0028169798 0.0187646262 0.9998199344
-4.7 286.9 2191.4 0.6064180136 -0.4661449194 -0.6441786289 0.0738023371 0.8396382332 -0.5381085873 0.7917135954 0.2787768543 0.5435743332
-149.4 269.3 2002.5 -0.8741311431 -0.4661449194 -0.1363953501 -0.4856885672 0.8396382332 0.2431342453 0.0011869520 0.2787768543 -0.9603551626
287.1 277.7 2190.7 0.6057581902 0.4831375480 0.6321670413 -0.6943679452 -0.0669166371 0.7165021300 0.3884715736 -0.8729835749 0.2949399352
423.5 121.4 2278.2 -0.5168105960 0.4831375480 0.7067424655 -0.8266385794 -0.0669166371 -0.5587404370 -0.2226556540 -0.8729835749 0.4339633584
40.1 -117.9 2181.6 0.9980872869 0.0515878238 0.0340651274 -0.0568962395 0.9820537567 0.1798143238 -0.0241775550 -0.1814085841 0.9831105471
19.6 -508.1 2253.7 0.9985425472 0.0440168492 0.0312302951 -0.0476337634 0.9908181429 0.1265324652 -0.0253739804 -0.1278356761 0.9914707541
223.4 -119.9 2181.9 0.9824703336 0.1060351431 -0.1533251852 -0.0930221528 0.9916145205 0.0897079259 0.1615516841 -0.0738727301 0.9840954542
181.2 -513.9 2211.2 0.9872121215 -0.0430517383 -0.1534884870 0.0570779331 0.9944679737 0.0881789401 0.1488431394 -0.0958121270 0.9842081666
73.0 392.8 2002.2 0 0 0 0 0 0 0 0 0
287.5 -96.2 2219.6 0 0 0 0 0 0 0 0 0
2.8 -886.6 2302.5 0 0 0 0 0 0 0 0 0
197.7 -893.7 2247.8 0 0 0 0 0 0 0 0 0
158.9 492.8 2188.5 72 0.9976637959 0.0677757189 0.0085672140 -0.0678562671 0.9976499677 0.0094900997 -0.0079038823 -0.0100492686 0.9999182820
145.0 289.0 2190.5 0.9976637959 0.0677757189 0.0085672140 -0.0678562671 0.9976499677 0.0094900997 -0.0079038823 -0.0100492686 0.9999182820
136.9 90.5 2188.4 0.9991303682 0.0410242379 0.0074483794 -0.0409406871 0.9991005659 -0.0110433046 -0.0078947227 0.0107287597 0.9999113083
-0.9 294.9 2191.6 0.6382792592 -0.4553301632 -0.6207044721 0.0935002267 0.8461995125 -0.5245989561 0.7641055584 0.2768046260 0.5826851130
-154.6 272.4 2007.7 -0.8741291761 -0.4553301632 -0.1690344959 -0.4839207828 0.8461995125 0.2230852544 0.0414594673 0.2768046260 -0.9600313902
290.9 283.0 2189.4 0.5787096620 0.4800141156 0.6593038440 -0.7217667103 -0.0749036148 0.6880714297 0.3796682358 -0.8740571737 0.3031107485
421.4 120.3 2275.0 -0.5118842721 0.4800141156 0.7124330997 -0.8330603242 -0.0749036148 -0.5480874777 -0.2097259164 -0.8740571737 0.4382227063
37.1 -111.7 2183.9 0.9981741905 0.0455075800 0.0397165269 -0.0513740033 0.9854496717 0.1620175391 -0.0317656100 -0.1637621224 0.9859883189
19.0 -503.2 2248.9 0.9984208941 0.0408442616 0.0385677665 -0.0457838066 0.9894626141 0.1373592764 -0.0325510278 -0.1389081478 0.9897701740
220.3 -117.4 2183.4 0.9842121005 0.0967534930 -0.1482070684 -0.0841618627 0.9924687743 0.0890085697 0.1557027847 -0.0751299262 0.9849427342
181.9 -511.8 2213.3 0.9876241684 -0.0445863456 -0.1503682286 0.0550898947 0.9962695241 0.0664242357 0.1468456537 -0.0738859475 0.9863960743
68.8 396.1 1997.1 0 0 0 0 0 0 0 0 0
286.7 -99.0 2219.8 0 0 0 0 0 0 0 0 0
3.4 -881.2 2302.0 0 0 0 0 0 0 0 0 0
198.9 -892.3 2241.5 0 0 0 0 0 0 0 0 0
157.2 493.0 2187.6 73 0.9952458739 0.0896218047 0.0381259322 -0.0906649008 0.9955269694 0.0265682992 -0.0355742946 -0.0298986733 0.9989196658
138.2 282.9 2193.9 0.9952458739 0.0896218047 0.0381259322 -0.0906649008 0.9955269694 0.0265682992 -0.0355742946 -0.0298986733 0.9989196658
136.3 84.4 2189.0 0.9993225932 0.0094387261 0.0355700254 -0.0085551897 0.9996531010 -0.0249102265 -0.0357928090 0.0245890431 0.9990566969
-7.6 284.1 2199.1 0.6370761395 -0.4441070855 -0.6300023198 0.0387795977 0.8347666860 -0.5492364764 0.7698247433 0.3254742324 0.5490322113
-159.1 274.9 2016.1 -0.8739640713 -0.4441070855 -0.1973718405 -0.4836267233 0.8347666860 0.2631915212 0.0478742123 0.3254742324 -0.9443382025
284.1 281.7 2188.8 0.6033036709 0.4630259573 0.6493316889 -0.7084049582 -0.0628447235 0.7030028105 0.3663156331 -0.8841139674 0.2900954187
420.9 121.0 2271.8 -0.5054078102 0.4630259573 0.7281276584 -0.8381475806 -0.0628447235 -0.5418109894 -0.2051135898 -0.8841139674 0.4198462963
37.1 -104.2 2187.0 0.9970356226 0.0458430573 0.0617931560 -0.0544248074 0.9878974557 0.1452463418 -0.0543867685 -0.1481788605 0.9874639511
18.9 -496.7 2245.9 0.9971674681 0.0418946370 0.0624647513 -0.0514303595 0.9858008623 0.1598487645 -0.0548809990 -0.1626085788 0.9851632118
220.3 -111.7 2185.6 0.9877309799 0.0970698968 -0.1223314703 -0.0869626924 0.9925422072 0.0854254737 0.1297113895 -0.0737391114 0.9888060689
181.7 -506.1 2214.9 0.9908943176 -0.0444205143 -0.1271032691 0.0492248759 0.9981774688 0.0349093713 0.1253209263 -0.0408481397 0.9912750125
64.8 398.8 2003.8 0 0 0 0 0 0 0 0 0
287.9 -99.5 2217.8 0 0 0 0 0 0 0 0 0
2.9 -873.3 2308.0 0 0 0 0 0 0 0 0 0
198.7 -887.3 2230.5 0 0 0 0 0 0 0 0 0
155.9 491.2 2188.7 74 0.9974491596 0.0603781454 0.0380747542 -0.0609172806 0.9980560541 0.0131613892 -0.0372060761 -0.0154472264 0.9991882443
143.5 285.9 2191.9 0.9974491596 0.0603781454 0.0380747542 -0.0609172806 0.9980560541 0.0131613892 -0.0372060761 -0.0154472264 0.9991882443
139.9 87.4 2188.6 0.9991599321 0.0178478640 0.0368904956 -0.0172268972 0.9997056723 -0.0170825981 -0.0371845253 0.0164327379 0.9991732836
-2.4 288.4 2197.3 0.6923116446 -0.4317071736 -0.5782157779 0.0565266386 0.8312813640 -0.5529701710 0.7193812132 0.3501431048 0.5999087691
-167.0 275.0 2026.3 -0.8774293661 -0.4317071736 -0.2091569453 -0.4770209789 0.8312813640 0.2853458822 0.0506823994 0.3501431048 -0.9353240728
289.4 283.4 2186.5 0.5885458589 0.4358432293 0.6809217334 -0.7277873755 -0.0811353251 0.6809865236 0.3520501554 -0.8963580132 0.2694493234
422.1 119.3 2265.9 -0.5249200463 0.4358432293 0.7310947776 -0.8319150805 -0.0811353251 -0.5489392877 -0.1799338460 -0.8963580132 0.4051741362
42.9 -113.3 2187.2 0.9959208965 0.0635064021 0.0640978366 -0.0722922012 0.9866907597 0.1456544697 -0.0539947525 -0.1496941149 0.9872569442
17.6 -505.3 2246.7 0.9972059131 0.0374371558 0.0646442622 -0.0470456183 0.9869227409 0.1541759223 -0.0580269843 -0.1567863673 0.9859264493
226.0 -114.8 2180.7 0.9863199592 0.1126737446 -0.1203225777 -0.1018742248 0.9904935360 0.0924351066 0.1295937449 -0.0789128169 0.9884220958
181.2 -508.4 2212.1 0.9911254048 -0.0443699099 -0.1253068298 0.0506566614 0.9975889325 0.0474369526 0.1228999346 -0.0533635952 0.9909833074
56.6 396.5 2013.4 0 0 0 0 0 0 0 0 0
284.0 -99.6 2218.5 0 0 0 0 0 0 0 0 0
3.3 -882.4 2306.6 0 0 0 0 0 0 0 0 0
198.2 -889.5 2232.5 0 0 0 0 0 0 0 0 0
155.8 490.1 2188.2 75 0.9980775714 0.0459752232 0.0415627509 -0.0462274253 0.9989177585 0.0051269163 -0.0412820578 -0.0070383991 0.9991227388
146.4 286.8 2189.7 0.9980775714 0.0459752232 0.0415627509 -0.0462274253 0.9989177585 0.0051269163 -0.0412820578 -0.0070383991 0.9991227388
141.3 88.2 2186.5 0.9988420010 0.0255306512 0.0407782532 -0.0248629358 0.9995497465 -0.0167984366 -0.0411887653 0.0157651175 0.9990270138
0.5 290.4 2195.7 0.7446752787 -0.4229195416 -0.5163310766 0.0625721738 0.8144454360 -0.5768564939 0.6644873619 0.3972628117 0.6329603791
-174.9 275.6 2039.2 -0.8673267365 -0.4229195416 -0.2624563873 -0.4907943606 0.8144454360 0.3095150590 0.0828564391 0.3972628117 -0.9139568210
292.3 283.1 2183.7 0.5838117003 0.4299505949 0.6886990070 -0.7385373116 -0.0711083934 0.6704522967 0.3372336328 -0.9000478387 0.2760206461
424.1 116.3 2259.8 -0.5422769785 0.4299505949 0.7218574286 -0.8173850775 -0.0711083934 -0.5716863275 -0.1944667548 -0.9000478387 0.3899956346
44.8 -109.6 2188.6 0.9953665733 0.0667801872 0.0691792369 -0.0763071179 0.9863731861 0.1457570791 -0.0585028604 -0.1503605992 0.9868987203
18.2 -501.6 2248.4 0.9966388941 0.0438452773 0.0691992715 -0.0535983220 0.9878237247 0.1460530609 -0.0619529486 -0.1492711157 0.9868535399
227.9 -112.8 2181.9 0.9856923223 0.1206233576 -0.1177313700 -0.1120830625 0.9907366037 0.0766708404 0.1258890629 -0.0623781644 0.9900812507
180.0 -506.4 2206.7 0.9918382168 -0.0495355166 -0.1174868420 0.0590205826 0.9951514602 0.0786771327 0.1130198911 -0.0849691257 0.9899529219
46.7 401.0 2018.0 0 0 0 0 0 0 0 0 0
281.5 -98.7 2208.7 0 0 0 0 0 0 0 0 0
1.5 -879.0 2305.4 0 0 0 0 0 0 0 0 0
198.9 -886.4 2239.1 0 0 0 0 0 0 0 0 0
152.6 489.2 2189.0 76 0.9932937622 0.0681368411 0.0934070200 -0.0681201443 0.9976714253 -0.0033709193 -0.0934192017 -0.0030145869 0.9956222773
138.0 274.2 2189.6 0.9932937622 0.0681368411 0.0934070200 -0.0681201443 0.9976714253 -0.0033709193 -0.0934192017 -0.0030145869 0.9956222773
134.1 75.6 2185.7 0.9955180883 0.0190990809 0.0926229805 -0.0171940867 0.9996247888 -0.0213218369 -0.0929954574 0.0196337048 0.9954729080
-7.3 276.7 2203.2 0.7401534915 -0.4196561873 -0.5254155993 0.0047764089 0.7846204638 -0.6199579835 0.6724210382 0.4563544393 0.5827440023
-178.2 275.6 2047.9 -0.8550676107 -0.4196561873 -0.3045457006 -0.5104204416 0.7846204638 0.3519114852 0.0912709609 0.4563544393 -0.8851046562
283.2 271.7 2176.1 0.6528675556 0.4044874907 0.6404325366 -0.6787409782 -0.0629454553 0.7316752076 0.3362657726 -0.9123747945 0.2334471792
432.1 116.9 2252.8 -0.5835828781 0.4044874907 0.7041454911 -0.7858811021 -0.0629454553 -0.6151656508 -0.2045040429 -0.9123747945 0.3546129465
44.7 -108.1 2187.1 0.9905738235 0.0673237517 0.1192938685 -0.0842794850 0.9860797524 0.1433305889 -0.1079837158 -0.1520335525 0.9824588299
17.9 -500.0 2247.5 0.9923405647 0.0310206041 0.1195738241 -0.0486476012 0.9878731370 0.1474450231 -0.1135499403 -0.1521326602 0.9818156958
227.8 -112.7 2179.6 0.9903591871 0.1211307645 -0.0672017261 -0.1166050956 0.9908735752 0.0676224679 0.0747795701 -0.0591344647 0.9954451919
179.7 -506.4 2203.1 0.9964014888 -0.0567363873 -0.0629689097 0.0629697293 0.9928019643 0.1018778309 0.0567354783 -0.1054763570 0.9928020239
40.4 406.1 2024.5 0 0 0 0 0 0 0 0 0
278.7 -89.6 2199.0 0 0 0 0 0 0 0 0 0
6.1 -877.5 2305.7 0 0 0 0 0 0 0 0 0
201.4 -885.6 2243.4 0 0 0 0 0 0 0 0 0
151.1 484.4 2188.4 77 0.9884945750 0.0907904357 0.1209776476 -0.0908418968 0.9958522320 -0.0051012379 -0.1209390014 -0.0059472928 0.9926421046
131.5 269.5 2189.7 0.9884945750 0.0907904357 0.1209776476 -0.0908418968 0.9958522320 -0.0051012379 -0.1209390014 -0.0059472928 0.9926421046
131.6 70.9 2183.8 0.9927858114 -0.0006705082 0.1198996827 0.0041737491 0.9995715618 -0.0289693661 -0.1198288873 0.0292608049 0.9923632741
-13.4 268.8 2207.1 0.7532398105 -0.3937817514 -0.5268450379 -0.0545107387 0.7608574629 -0.6466255188 0.6554833055 0.5157827735 0.5516427755
-182.7 281.1 2059.7 -0.8524087667 -0.3937817514 -0.3439988792 -0.5122523308 0.7608574629 0.3983635306 0.1048658267 0.5157827735 -0.8502771854
276.3 270.1 2172.2 0.7194205523 0.3639482558 0.5915874243 -0.6136705875 -0.0658850893 0.7868084908 0.3253343403 -0.9290860295 0.1759452522
444.2 126.9 2248.1 -0.6097825170 0.3639482558 0.7040646076 -0.7708660364 -0.0658850893 -0.6335808635 -0.1842032820 -0.9290860295 0.3207309246
39.2 -121.5 2190.3 0.9882224202 0.0531681441 0.1434909552 -0.0747130066 0.9859787226 0.1492108107 -0.1335457563 -0.1581741124 0.9783386588
18.0 -513.3 2253.1 0.9893491268 0.0314011984 0.1421347260 -0.0493850298 0.9909488559 0.1248256117 -0.1369285733 -0.1305154413 0.9819451571
221.5 -124.6 2173.2 0.9938331842 0.1040635481 -0.0382934622 -0.1003190875 0.9909384847 0.0893139541 0.0472407900 -0.0849216059 0.9952670932
180.1 -518.2 2207.0 0.9969722629 -0.0672285184 -0.0390716195 0.0702483878 0.9941624403 0.0818912461 0.0333381109 -0.0843880251 0.9958751202
35.5 412.2 2032.9 0 0 0 0 0 0 0 0 0
284.0 -75.7 2199.7 0 0 0 0 0 0 0 0 0
6.0 -891.9 2303.0 0 0 0 0 0 0 0 0 0
205.8 -897.9 2239.2 0 0 0 0 0 0 0 0 0
149.3 484.0 2187.6 78 0.9913300276 0.0638755187 0.1148245335 -0.0635607094 0.9979574084 -0.0064046090 -0.1149990931 -0.0009492477 0.9933651686
136.0 276.7 2187.8 0.9913300276 0.0638755187 0.1148245335 -0.0635607094 0.9979574084 -0.0064046090 -0.1149990931 -0.0009492477 0.9933651686
133.1 78.1 2183.7 0.9933476448 0.0145985708 0.1142251268 -0.0122007336 0.9996908903 -0.0216632616 -0.1145060658 0.0201255195 0.9932186604
-9.0 278.5 2204.5 0.8192106485 -0.3486331105 -0.4553557634 -0.0127918394 0.7826987505 -0.6222692728 0.5733500123 0.5155944824 0.6367354989
-193.9 281.4 2075.1 -0.8433935046 -0.3486331105 -0.4088304341 -0.5019397140 0.7826987505 0.3680206537 0.1916868836 0.5155944824 -0.8351158500
281.0 274.9 2171.1 0.7252646685 0.3366570175 0.6005440950 -0.6174316406 -0.0678464994 0.7836931944 0.3045806289 -0.9391798973 0.1586560309
448.6 132.3 2241.5 -0.6164070964 0.3366570175 0.7118316889 -0.7698732018 -0.0678464994 -0.6345802546 -0.1653406173 -0.9391798973 0.3010042906
40.7 -128.1 2188.9 0.9882245064 0.0600745603 0.1407246590 -0.0822307169 0.9841142893 0.1573439538 -0.1290367693 -0.1670630425 0.9774658084
16.9 -519.1 2255.2 0.9902806282 0.0153096970 0.1382384151 -0.0318570957 0.9924671650 0.1182963103 -0.1353860050 -0.1215504184 0.9833087921
222.6 -127.3 2166.9 0.9936455488 0.1041813865 -0.0426001996 -0.0997765213 0.9904671907 0.0949703231 0.0520882383 -0.0901163369 0.9945681691
181.2 -520.8 2202.7 0.9980571866 -0.0469738767 -0.0409303345 0.0512565412 0.9925220609 0.1107821539 0.0354203917 -0.1126648709 0.9930015206
22.3 410.0 2026.0 0 0 0 0 0 0 0 0 0
286.5 -70.2 2198.0 0 0 0 0 0 0 0 0 0
11.0 -898.3 2301.7 0 0 0 0 0 0 0 0 0
199.1 -899.8 2245.7 0 0 0 0 0 0 0 0 0
146.9 485.5 2187.7 79 0.9926238060 0.0440062582 0.1129666790 -0.0431821905 0.9990198016 -0.0097325444 -0.1132842451 0.0047826064 0.9935511351
138.0 281.9 2186.7 0.9926238060 0.0440062582 0.1129666790 -0.0431821905 0.9990198016 -0.0097325444 -0.1132842451 0.0047826064 0.9935511351
134.6 83.3 2183.0 0.9934936762 0.0167510472 0.1126486808 -0.0145658301 0.9996899962 -0.0201937053 -0.1129520237 0.0184214972 0.9934296608
-7.1 284.0 2203.2 0.8649557233 -0.3199789226 -0.3866071403 0.0121338656 0.7834758162 -0.6213037968 0.5017014742 0.5327092409 0.6815544963
-200.5 281.3 2091.0 -0.8259003162 -0.3199789226 -0.4642221034 -0.5061700940 0.7834758162 0.3604961634 0.2483556271 0.5327092409 -0.8090366721
283.1 279.8 2170.2 0.7250598073 0.2980452478 0.6208520532 -0.6347407103 -0.0605535693 0.7703489065 0.2671936452 -0.9526291490 0.1452765018
449.8 133.8 2231.7 -0.6151039004 0.2980452478 0.7299426198 -0.7753400207 -0.0605535693 -0.6286343336 -0.1431608498 -0.9526291490 0.2683331370
39.1 -119.4 2190.2 0.9888883829 0.0520615242 0.1392458975 -0.0734625980 0.9854498506 0.1532704532 -0.1292403638 -0.1617967337 0.9783244729
18.4 -511.0 2254.5 0.9903502464 0.0180423856 0.1374078095 -0.0347107276 0.9921796322 0.1198948622 -0.1341700405 -0.1235074326 0.9832315445
221.2 -121.6 2169.2 0.9936062098 0.1036432013 -0.0447746329 -0.0993803144 0.9910830259 0.0887581706 0.0535745583 -0.0837409571 0.9950463176
180.0 -515.4 2202.5 0.9978767037 -0.0476883948 -0.0443605557 0.0516415611 0.9943526983 0.0927136317 0.0396886766 -0.0948076248 0.9947041273
11.9 411.5 2027.1 0 0 0 0 0 0 0 0 0
288.0 -70.1 2194.0 0 0 0 0 0 0 0 0 0
11.5 -890.1 2301.7 0 0 0 0 0 0 0 0 0
198.2 -895.2 2238.7 0 0 0 0 0 0 0 0 0
146.1 486.4 2193.7 80 0.9912701845 0.0376747511 0.1263489872 -0.0340983458 0.9989575148 -0.0303508658 -0.1273607314 0.0257776156 0.9915214181
138.5 284.6 2188.5 0.9912701845 0.0376747511 0.1263489872 -0.0340983458 0.9989575148 -0.0303508658 -0.1273607314 0.0257776156 0.9915214181
134.3 86.0 2181.9 0.9917887449 0.0207008962 0.1262006015 -0.0163480733 0.9992384315 -0.0354300663 -0.1268379241 0.0330760069 0.9913718104
-6.4 286.9 2207.0 0.8978490233 -0.3031798601 -0.3192946315 0.0280233417 0.7630470395 -0.6457351446 0.4394107163 0.5708249807 0.6935971975
-205.0 280.7 2109.8 -0.8155400753 -0.3031798601 -0.4929262996 -0.5176208019 0.7630470395 0.3870761395 0.2587722540 0.5708249807 -0.7792276740
283.3 282.2 2170.0 0.7200462222 0.2162763327 0.6593618393 -0.6635281444 -0.0635655820 0.7454460263 0.2031350583 -0.9742607474 0.0977352858
447.9 130.5 2216.4 -0.6119049191 0.2162763327 0.7607870102 -0.7864015102 -0.0635655820 -0.6144363880 -0.0845281854 -0.9742607474 0.2089761347
40.2 -114.0 2189.7 0.9868789911 0.0494771302 0.1536941528 -0.0723589435 0.9864781499 0.1470544487 -0.1443400830 -0.1562460959 0.9771146774
20.5 -506.0 2251.8 0.9878155589 0.0259012040 0.1534585357 -0.0480433255 0.9886440635 0.1423894167 -0.1480278075 -0.1480271518 0.9778423905
222.4 -116.7 2169.0 0.9940448999 0.1051257402 -0.0286936853 -0.1020341292 0.9903654456 0.0936232358 0.0382594466 -0.0901379660 0.9951941371
180.6 -510.2 2204.8 0.9987617731 -0.0393141359 -0.0304846335 0.0415538400 0.9961881042 0.0766980723 0.0273531098 -0.0778698549 0.9965882301
6.5 415.0 2042.7 0 0 0 0 0 0 0 0 0
287.2 -76.0 2194.2 0 0 0 0 0 0 0 0 0
10.7 -883.7 2308.3 0 0 0 0 0 0 0 0 0
195.6 -890.7 2234.5 0 0 0 0 0 0 0 0 0
143.5 486.2 2196.7 81 0.9869137406 0.0316329822 0.1581159532 -0.0250134524 0.9987323284 -0.0436816327 -0.1592972875 0.0391549766 0.9864538908
137.2 285.4 2188.9 0.9869137406 0.0316329822 0.1581159532 -0.0250134524 0.9987323284 -0.0436816327 -0.1592972875 0.0391549766 0.9864538908
133.0 87.0 2180.6 0.9872049689 0.0207253639 0.1581037641 -0.0139012896 0.9989283681 -0.0441465266 -0.1588492841 0.0413838252 0.9864351153
-6.9 287.4 2212.1 0.9237799644 -0.2759881318 -0.2654451132 0.0291947182 0.7419506311 -0.6698185802 0.3818091452 0.6110153794 0.6934565306
-208.6 281.1 2128.7 -0.8076441288 -0.2759881318 -0.5210964084 -0.5236662626 0.7419506311 0.4186680019 0.2710804343 0.6110153794 -0.7437577844
281.3 283.4 2165.7 0.7281868458 0.1592703462 0.6666160226 -0.6679246426 -0.0531932972 0.7423254848 0.1536899358 -0.9858009219 0.0676459372
448.8 129.8 2201.0 -0.6053611040 0.1592703462 0.7798531055 -0.7940513492 -0.0531932972 -0.6055187583 -0.0549582243 -0.9858009219 0.1586699784
39.3 -111.0 2187.0 0.9820228815 0.0356235616 0.1853698194 -0.0639841110 0.9867131114 0.1493426710 -0.1775867194 -0.1585186571 0.9712542295
25.1 -503.1 2250.0 0.9816539884 0.0434003882 0.1856658757 -0.0733685121 0.9847540259 0.1577230394 -0.1759899855 -0.1684514731 0.9698719382
221.1 -114.0 2163.7 0.9945458174 0.1041818187 0.0049782833 -0.1041501760 0.9894152880 0.1010450646 0.0056014690 -0.1010124385 0.9948694110
179.7 -507.2 2203.9 0.9987980127 -0.0489388928 0.0027333167 0.0485657267 0.9956341386 0.0797121376 -0.0066224071 -0.0794835761 0.9968141913
2.5 417.9 2057.9 0 0 0 0 0 0 0 0 0
289.7 -78.9 2186.6 0 0 0 0 0 0 0 0 0
8.5 -879.2 2314.3 0 0 0 0 0 0 0 0 0
198.4 -887.6 2234.2 0 0 0 0 0 0 0 0 0
141.3 485.9 2198.8 82 0.9807621837 0.0275164433 0.1932572275 -0.0175289325 0.9984299541 -0.0532012545 -0.1944177151 0.0487901829 0.9797046781
135.8 285.9 2189.0 0.9807621837 0.0275164433 0.1932572275 -0.0175289325 0.9984299541 -0.0532012545 -0.1944177151 0.0487901829 0.9797046781
131.9 87.4 2179.4 0.9809445143 0.0194421299 0.1933127642 -0.0097743934 0.9986590147 -0.0508394800 -0.1940419525 0.0479811952 0.9798191190
-7.4 287.3 2217.3 0.9459780455 -0.2510569394 -0.2051729411 0.0411105491 0.7205669284 -0.6921656132 0.3216138184 0.6463387012 0.6919615865
-214.4 278.3 2146.9 -0.7950434089 -0.2510569394 -0.5521560907 -0.5343881249 0.7205669284 0.4418287277 0.2869412601 0.6463387012 -0.7070438266
278.9 284.5 2160.7 0.7288926840 0.1332493871 0.6715355515 -0.6725445986 -0.0441117957 0.7387407422 0.1280593872 -0.9901003838 0.0574633852
448.0 128.4 2190.4 -0.6167279482 0.1332493871 0.7758165002 -0.7857118845 -0.0441117957 -0.6170178652 -0.0479945876 -0.9901003838 0.1319005936
38.4 -110.3 2187.0 0.9751040339 0.0303773116 0.2196573317 -0.0642263070 0.9868027568 0.1486447603 -0.2122430503 -0.1590518802 0.9641863704
26.3 -502.4 2250.2 0.9741144180 0.0557184294 0.2190810591 -0.0859622434 0.9876439571 0.1310341209 -0.2090730667 -0.1464749277 0.9668679237
219.3 -112.8 2157.9 0.9936184883 0.1050618812 0.0410395898 -0.1087717712 0.9888049960 0.1021437049 -0.0298487414 -0.1059558317 0.9939227700
177.6 -505.7 2200.0 0.9971920848 -0.0618354231 0.0422418527 0.0567015782 0.9919212461 0.1134776995 -0.0489175357 -0.1107638776 0.9926421642
-6.8 417.8 2072.0 0 0 0 0 0 0 0 0 0
285.8 -78.2 2177.7 0 0 0 0 0 0 0 0 0
5.0 -879.6 2306.1 0 0 0 0 0 0 0 0 0
201.2 -884.5 2242.3 0 0 0 0 0 0 0 0 0
138.2 483.7 2200.8 83 0.9699140787 0.0202826932 0.2426010072 -0.0055071847 0.9980962873 -0.0614283755 -0.2433851063 0.0582442023 0.9681794047
134.1 284.0 2189.1 0.9699140787 0.0202826932 0.2426010072 -0.0055071847 0.9980962873 -0.0614283755 -0.2433851063 0.0582442023 0.9681794047
131.2 85.7 2178.2 0.9699993730 0.0143592637 0.2426830828 -0.0005943034 0.9983912110 -0.0566981770 -0.2431067973 0.0548529662 0.9684473276
-7.3 284.1 2224.6 0.9575179219 -0.2403777540 -0.1593047082 0.0573314205 0.7000769377 -0.7117621303 0.2826173306 0.6723918319 0.6841174364
-214.1 271.7 2163.5 -0.7705652714 -0.2403777540 -0.5902945995 -0.5588748455 0.7000769377 0.4444672465 0.3064116240 0.6723918319 -0.6737960577
275.6 284.0 2153.7 0.7639838457 0.1177364439 0.6344026923 -0.6337113380 -0.0480788164 0.7720740438 0.1214025840 -0.9918802977 0.0378794782
455.2 135.0 2182.2 -0.6310823560 0.1177364439 0.7667288780 -0.7748160362 -0.0480788164 -0.6303558946 -0.0373524465 -0.9918802977 0.1215657741
38.1 -110.1 2187.7 0.9632076025 0.0327902921 0.2667506039 -0.0736173391 0.9867585301 0.1445270479 -0.2584793568 -0.1588470340 0.9528672695
25.0 -502.3 2250.8 0.9624904990 0.0517636612 0.2663316727 -0.0897531584 0.9871104360 0.1325043738 -0.2560398579 -0.1514383107 0.9547303319
217.8 -111.9 2152.1 0.9900585413 0.1074642614 0.0907497630 -0.1164795905 0.9880744219 0.1007046849 -0.0788453668 -0.1102740243 0.9907689095
175.1 -504.6 2195.9 0.9931508303 -0.0731224492 0.0911293849 0.0635153279 0.9925261736 0.1041996554 -0.0980676338 -0.0976978540 0.9903725982
-12.9 417.7 2083.5 0 0 0 0 0 0 0 0 0
289.2 -68.8 2172.4 0 0 0 0 0 0 0 0 0
5.3 -879.4 2308.7 0 0 0 0 0 0 0 0 0
203.1 -883.7 2233.3 0 0 0 0 0 0 0 0 0
132.9 481.7 2200.3 84 0.9550569057 0.0059443582 0.2963629663 0.0114462050 0.9983136654 -0.0569103174 -0.2962014973 0.0577448234 0.9533783197
131.7 282.6 2188.7 0.9550569057 0.0059443582 0.2963629663 0.0114462050 0.9983136654 -0.0569103174 -0.2962014973 0.0577448234 0.9533783197
131.5 84.2 2178.1 0.9550686479 0.0009901790 0.2963829637 0.0148388026 0.9985805750 -0.0511529036 -0.2960129380 0.0532525033 0.9536983371
-7.4 280.4 2231.9 0.9653571248 -0.2261884809 -0.1300938576 0.0640453175 0.6887170672 -0.7221959829 0.2529502511 0.6888450980 0.6793442369
-217.8 266.5 2176.8 -0.7571964264 -0.2261884809 -0.6127743125 -0.5691826344 0.6887170672 0.4491101801 0.3204445839 0.6888450980 -0.6502366066
270.9 284.7 2145.6 0.7835580707 0.0877363086 0.6150927544 -0.6131591797 -0.0507194400 0.7883294821 0.1003622785 -0.9948517084 0.0140546970
458.0 138.3 2169.6 -0.6297594905 0.0877363086 0.7718194723 -0.7766265273 -0.0507194400 -0.6279162169 -0.0159447975 -0.9948517084 0.1000793949
39.5 -112.7 2189.5 0.9481580257 0.0347369313 0.3158950508 -0.0806804597 0.9877531528 0.1335453391 -0.3073873818 -0.1521086395 0.9393486977
