128.7 463.2 2201.1 19 0.4631477296 -0.0219651312 0.8860088587 0.0650314912 0.9978402853 -0.0092566730 -0.8838919997 0.0619056858 0.4635758698
133.0 264.6 2188.8 0.4631477296 -0.0219651312 0.8860088587 0.0650314912 0.9978402853 -0.0092566730 -0.8838919997 0.0619056858 0.4635758698
136.3 66.2 2179.0 0.4634169936 -0.0166186187 0.8859844804 0.0510983877 0.9986616373 -0.0079950439 -0.8846658468 0.0489774197 0.4636459351
65.3 257.2 2318.0 0.8892863989 0.3275533020 0.3191842437 0.0008430423 0.6967229247 -0.7173398733 -0.4573500156 0.6381896734 0.6193100810
-114.6 257.0 2410.5 -0.2416296899 0.3275533020 -0.9134133458 -0.5912204385 0.6967229247 0.4062457383 0.7694631219 0.6381896734 0.0253072511
200.7 272.1 2059.5 0.7383517623 -0.6084051132 0.2909981012 -0.4439912140 -0.1137182489 0.8887856603 -0.5076499581 -0.7854370475 -0.3540906012
390.7 157.9 1928.9 -0.3924170732 -0.6084051132 0.6898202896 -0.8171245456 -0.1137182489 -0.5651332736 0.4222751260 -0.7854370475 -0.4525177777
97.6 -135.9 2251.0 0.4744634032 0.1126311719 0.8730399013 -0.1058475822 0.9918843508 -0.0704392716 -0.8738883138 -0.0589883067 0.4825345874
52.8 -530.1 2274.5 0.4800596237 0.0932375863 0.8722668886 -0.0533237979 0.9955984354 -0.0770734251 -0.8756136894 -0.0095127439 0.4829184115
182.1 -126.7 2088.5 0.6144086123 0.0103886807 0.7889195681 -0.1618622988 0.9803050160 0.1131490767 -0.7722063065 -0.1972161084 0.6039893627
177.9 -516.3 2166.8 0.6137976646 -0.0281660371 0.7889607549 -0.1062602624 0.9873219132 0.1179161891 -0.7822794914 -0.1562118530 0.6030229330
-53.8 405.8 2216.9 0 0 0 0 0 0 0 0 0
288.8 -54.4 2038.6 0 0 0 0 0 0 0 0 0
17.2 -910.3 2278.1 0 0 0 0 0 0 0 0 0
188.7 -893.5 2226.5 0 0 0 0 0 0 0 0 0
128.9 464.8 2200.4 20 0.4726267457 -0.0231294408 0.8809591532 0.0668727607 0.9977145195 -0.0096818069 -0.8787217736 0.0634880513 0.4730933011
133.5 266.1 2187.8 0.4726267457 -0.0231294408 0.8809591532 0.0668727607 0.9977145195 -0.0096818069 -0.8787217736 0.0634880513 0.4730933011
136.7 67.7 2177.9 0.4729274213 -0.0160676669 0.8809548616 0.0515601896 0.9986250401 -0.0094654709 -0.8795915246 0.0498986803 0.4731056094
64.4 258.6 2316.3 0.9031475782 0.3043832183 0.3027793467 0.0104594138 0.6894278526 -0.7242788076 -0.4292028546 0.6572975516 0.6194714308
-121.6 256.4 2404.7 -0.2644380927 0.3043832183 -0.9151083827 -0.6017584801 0.6894278526 0.4032070339 0.7536306977 0.6572975516 0.0008542005
202.6 273.6 2059.3 0.7330535650 -0.6117866039 0.2972367406 -0.4501543045 -0.1087731943 0.8863010406 -0.5098956823 -0.7835084796 -0.3551349342
389.0 159.2 1929.7 -0.3849851787 -0.6117866039 0.6910163164 -0.8243308067 -0.1087731943 -0.5555601120 0.4150483012 -0.7835084796 -0.4624384642
97.1 -136.9 2250.4 0.4850345254 0.1067235842 0.8679583073 -0.0933242142 0.9931741953 -0.0699683949 -0.8695010543 -0.0470644347 0.4916836917
54.7 -531.6 2269.1 0.4838534296 0.1055611894 0.8687592745 -0.1047368273 0.9925485849 -0.0622696467 -0.8688590527 -0.0608617067 0.4913041890
182.2 -127.6 2088.2 0.6225223541 0.0122728813 0.7825058103 -0.1581432521 0.9812226295 0.1104212552 -0.7664572001 -0.1924877018 0.6127738953
177.3 -517.5 2164.7 0.6216995716 -0.0324062370 0.7825851440 -0.1151348129 0.9845092297 0.1322329044 -0.7747474313 -0.1723119318 0.6083378792
-55.0 408.1 2214.8 0 0 0 0 0 0 0 0 0
288.9 -55.0 2037.5 0 0 0 0 0 0 0 0 0
14.5 -910.3 2292.4 0 0 0 0 0 0 0 0 0
189.7 -893.7 2230.5 0 0 0 0 0 0 0 0 0
128.3 465.7 2200.6 21 0.4789064825 -0.0259478856 0.8774823546 0.0697500706 0.9975276589 -0.0085700005 -0.8750905991 0.0653086826 0.4795323312
133.4 266.7 2187.6 0.4789064825 -0.0259478856 0.8774823546 0.0697500706 0.9975276589 -0.0085700005 -0.8750905991 0.0653086826 0.4795323312
137.0 68.3 2177.1 0.4792347252 -0.0178493075 0.8775052428 0.0547907725 0.9984515905 -0.0096135838 -0.8759748936 0.0526863523 0.4794706404
63.4 258.7 2315.5 0.9022878408 0.3115911782 0.2979725003 -0.0074868593 0.7023562789 -0.7117862105 -0.4310691655 0.6400051713 0.6360603571
-124.5 260.3 2405.3 -0.2601750493 0.3115911782 -0.9139036536 -0.5847356915 0.7023562789 0.4059308171 0.7683704495 0.6400051713 -0.0005370909
203.4 274.7 2059.6 0.7284271717 -0.6230368614 0.2849894762 -0.4457463324 -0.1150810048 0.8877311349 -0.5202923417 -0.7736804485 -0.3615445197
387.6 162.0 1928.1 -0.3700821102 -0.6230368614 0.6891040206 -0.8280332685 -0.1150810048 -0.5487415791 0.4211889803 -0.7736804485 -0.4733057916
96.5 -135.5 2248.6 0.4904468954 0.1040395945 0.8652384877 -0.0998364165 0.9930192232 -0.0628137290 -0.8657335043 -0.0555755086 0.4974101186
55.2 -530.1 2270.7 0.4920634627 0.1083164290 0.8637946248 -0.0854899138 0.9934458137 -0.0758745670 -0.8663515449 -0.0365106240 0.4980983138
183.3 -126.0 2087.3 0.6280754209 0.0189556833 0.7779215574 -0.1692102700 0.9791085124 0.1127583385 -0.7595322132 -0.2024530619 0.6181614995
175.7 -515.2 2167.7 0.6267942786 -0.0400993638 0.7781522870 -0.1057040989 0.9850666523 0.1359056234 -0.7719815969 -0.1674387455 0.6131954789
-60.1 405.1 2215.0 0 0 0 0 0 0 0 0 0
291.5 -53.1 2037.5 0 0 0 0 0 0 0 0 0
13.8 -909.3 2284.6 0 0 0 0 0 0 0 0 0
191.1 -891.5 2231.7 0 0 0 0 0 0 0 0 0
127.2 466.3 2200.7 22 0.4774547815 -0.0284142587 0.8781967759 0.0704339966 0.9974982738 -0.0060190060 -0.8758287430 0.0647287071 0.4782616496
132.9 266.7 2187.7 0.4774547815 -0.0284142587 0.8781967759 0.0704339966 0.9974982738 -0.0060190060 -0.8758287430 0.0647287071 0.4782616496
137.0 68.3 2177.0 0.4777768850 -0.0208968334 0.8782326579 0.0573964454 0.9983235002 -0.0074705677 -0.8766041994 0.0539766960 0.4781753123
63.1 258.3 2315.8 0.9087093472 0.3093912005 0.2802220583 -0.0191655960 0.7015196085 -0.7123923898 -0.4169892073 0.6419869661 0.6434071064
-128.9 262.4 2403.9 -0.2825756073 0.3093912005 -0.9079802632 -0.5767924190 0.7015196085 0.4185459614 0.7664604187 0.6419869661 -0.0197778381
202.7 275.1 2059.7 0.7314772606 -0.6223781705 0.2785434127 -0.4440329671 -0.1247694194 0.8872808814 -0.5174705386 -0.7727082372 -0.3676224053
387.7 162.8 1928.8 -0.3717043996 -0.6223781705 0.6888260245 -0.8216780424 -0.1247694194 -0.5561275482 0.4320660532 -0.7727082372 -0.4650171399
96.6 -135.1 2247.0 0.4892747700 0.1081628203 0.8653964400 -0.0992331505 0.9927397370 -0.0679749250 -0.8664658070 -0.0526175946 0.4964558482
53.6 -529.7 2267.9 0.4899556339 0.1009859443 0.8658783436 -0.0926420093 0.9936745763 -0.0634692907 -0.8668107986 -0.0491195768 0.4962119758
184.5 -125.1 2086.3 0.6272686124 0.0253639072 0.7783898115 -0.1767860949 0.9780160785 0.1105950549 -0.7584726214 -0.2069813013 0.6179627776
174.4 -513.8 2168.6 0.6260379553 -0.0406884663 0.7787303329 -0.0964087099 0.9869375229 0.1290722638 -0.7738099098 -0.1558805257 0.6139376760
-59.2 404.7 2214.8 0 0 0 0 0 0 0 0 0
291.1 -50.7 2041.0 0 0 0 0 0 0 0 0 0
15.0 -909.1 2286.6 0 0 0 0 0 0 0 0 0
190.0 -890.9 2228.1 0 0 0 0 0 0 0 0 0
126.7 465.0 2200.7 23 0.4779455960 -0.0296544824 0.8778887391 0.0694128424 0.9975796342 -0.0040926076 -0.8756425381 0.0628927946 0.4788471758
132.7 265.3 2188.1 0.4779455960 -0.0296544824 0.8778887391 0.0694128424 0.9975796342 -0.0040926076 -0.8756425381 0.0628927946 0.4788471758
137.3 66.9 2177.6 0.4782556295 -0.0231213924 0.8779162765 0.0576879643 0.9983214736 -0.0051337592 -0.8763239384 0.0531004518 0.4787866771
62.8 256.9 2316.2 0.9170709252 0.2956735194 0.2675034404 -0.0114591410 0.6901658177 -0.7235605121 -0.3985594213 0.6604909301 0.6363191605
-133.7 259.3 2401.6 -0.3025594950 0.2956735194 -0.9061097503 -0.5881539583 0.6901658177 0.4215993881 0.7500217557 0.6604909301 -0.0349146649
202.5 273.7 2060.1 0.7342058420 -0.6238269806 0.2679210305 -0.4374295473 -0.1328549087 0.8893846273 -0.5192275047 -0.7701879740 -0.3704231977
387.5 163.5 1929.3 -0.3635678887 -0.6238269806 0.6918513775 -0.8230038881 -0.1328549087 -0.5522809029 0.4364435673 -0.7701879740 -0.4651102424
97.4 -135.3 2246.7 0.4890424013 0.1150055379 0.8646451831 -0.1083100662 0.9916047454 -0.0706322417 -0.8655093908 -0.0591076128 0.4973930418
51.6 -529.4 2270.2 0.4927070439 0.0935407802 0.8651530743 -0.0727297366 0.9951537848 -0.0661767349 -0.8671506047 -0.0303166099 0.4971224666
185.0 -124.8 2085.9 0.6284390688 0.0201350134 0.7775981426 -0.1643281877 0.9805395603 0.1074167714 -0.7603029609 -0.1952861845 0.6195181608
177.0 -514.4 2163.5 0.6281452775 -0.0192496367 0.7778578997 -0.1324773878 0.9824520350 0.1312924773 -0.7667354345 -0.1855193377 0.6145725250
-58.5 405.5 2215.1 0 0 0 0 0 0 0 0 0
293.1 -50.4 2042.7 0 0 0 0 0 0 0 0 0
15.9 -909.5 2281.7 0 0 0 0 0 0 0 0 0
184.3 -889.6 2234.3 0 0 0 0 0 0 0 0 0
125.0 466.0 2200.2 24 0.4800268710 -0.0349443518 0.8765575290 0.0675613731 0.9977112412 0.0027757431 -0.8746483326 0.0578889996 0.4812890887
132.0 266.5 2188.7 0.4800268710 -0.0349443518 0.8765575290 0.0675613731 0.9977112412 0.0027757431 -0.8746483326 0.0578889996 0.4812890887
137.3 68.1 2179.5 0.4804667830 -0.0266489275 0.8766079545 0.0533034354 0.9985777140 0.0011413264 -0.8753916025 0.0461778492 0.4812038839
61.8 258.7 2316.6 0.9120107293 0.3034039736 0.2760116458 -0.0176847577 0.7013875246 -0.7125607729 -0.4097848833 0.6449818611 0.6450385451
-133.5 262.5 2404.3 -0.3022519648 0.3034039736 -0.9036535621 -0.5710909963 0.7013875246 0.4265098274 0.7632160783 0.6449818611 -0.0387244821
202.2 274.3 2060.8 0.7270441055 -0.6217482090 0.2912662923 -0.4662040174 -0.1356174052 0.8742206693 -0.5040443540 -0.7713864446 -0.3884613514
387.0 155.8 1932.6 -0.3807310164 -0.6217482090 0.6844509244 -0.8083622456 -0.1356174052 -0.5728511214 0.4489926398 -0.7713864446 -0.4509640336
98.0 -136.8 2247.4 0.4939926565 0.1161336452 0.8616752625 -0.0933725387 0.9923940897 -0.0802216306 -0.8644378781 -0.0408279076 0.5010790825
51.9 -531.1 2263.6 0.4926100969 0.0966420770 0.8648673892 -0.1081483886 0.9929090738 -0.0493506938 -0.8635040522 -0.0692233667 0.4995687306
185.7 -126.2 2086.7 0.6310815811 0.0260497387 0.7752789259 -0.1674017757 0.9804596901 0.1033221111 -0.7574382424 -0.1949877441 0.6231108308
175.4 -515.8 2164.1 0.6303766966 -0.0302806441 0.7756986022 -0.1286021769 0.9813584685 0.1428183317 -0.7655630112 -0.1897858828 0.6147313714
-57.7 405.6 2213.1 0 0 0 0 0 0 0 0 0
288.1 -54.2 2049.3 0 0 0 0 0 0 0 0 0
15.0 -910.2 2290.1 0 0 0 0 0 0 0 0 0
186.9 -890.7 2236.6 0 0 0 0 0 0 0 0 0
124.3 464.5 2193.5 25 0.4931878746 -0.0383973122 0.8690750003 0.0560751371 0.9983509183 0.0122871036 -0.8681136370 0.0426736511 0.4945276976
132.0 265.3 2185.0 0.4931878746 -0.0383973122 0.8690750003 0.0560751371 0.9983509183 0.0122871036 -0.8681136370 0.0426736511 0.4945276976
137.8 66.8 2178.7 0.4936711788 -0.0290527344 0.8691632152 0.0417627357 0.9990807176 0.0096747857 -0.8686453104 0.0315224715 0.4944306612
59.9 259.2 2311.9 0.9028762579 0.3230232000 0.2836731672 -0.0236869026 0.6962348819 -0.7174231410 -0.4292474687 0.6410249472 0.6362653375
-132.7 264.2 2403.4 -0.3016567528 0.3230232000 -0.8970279694 -0.5662606359 0.6962348819 0.4411416054 0.7670411468 0.6410249472 -0.0271086190
204.1 271.4 2058.1 0.7359470129 -0.6177349091 0.2771021724 -0.4506584406 -0.1415181905 0.8814077377 -0.5052613020 -0.7735477686 -0.3825373352
389.8 157.7 1930.6 -0.3840821087 -0.6177349091 0.6862102747 -0.8040698767 -0.1415181905 -0.5774462819 0.4538199604 -0.7735477686 -0.4423474371
98.5 -135.3 2250.6 0.5088342428 0.1206705198 0.8523651361 -0.0916213691 0.9920943379 -0.0857572034 -0.8559750319 -0.0344586596 0.5158675909
50.6 -529.5 2264.3 0.5080016255 0.0895513371 0.8566883206 -0.1011243463 0.9939034581 -0.0439296812 -0.8553994298 -0.0643156916 0.5139604211
186.7 -125.5 2090.0 0.6433851123 0.0264949445 0.7650840878 -0.1573051363 0.9826501012 0.0982539281 -0.7492067218 -0.1835667640 0.6363902688
176.1 -516.0 2163.0 0.6433023810 -0.0245911330 0.7652171850 -0.1538673490 0.9749387503 0.1606839001 -0.7499912381 -0.2211102694 0.6233966351
-56.9 406.5 2210.7 0 0 0 0 0 0 0 0 0
290.0 -51.2 2048.5 0 0 0 0 0 0 0 0 0
16.4 -909.1 2288.9 0 0 0 0 0 0 0 0 0
185.5 -888.3 2247.4 0 0 0 0 0 0 0 0 0
123.9 464.8 2196.6 26 0.4824771881 -0.0382169783 0.8750743866 0.0569596402 0.9983020425 0.0121936593 -0.8740545511 0.0439607613 0.4838347733
131.6 265.6 2187.9 0.4824771881 -0.0382169783 0.8750743866 0.0569596402 0.9983020425 0.0121936593 -0.8740545511 0.0439607613 0.4838347733
137.4 67.1 2181.6 0.4829825461 -0.0294769034 0.8751336932 0.0420491360 0.9990609288 0.0104443757 -0.8746197820 0.0317541622 0.4837684631
61.0 259.5 2315.6 0.9175617099 0.2847478390 0.2774871886 -0.0129470536 0.7189456820 -0.6949456334 -0.3973824978 0.6340628862 0.6633636951
-134.4 262.3 2400.2 -0.2755895257 0.2847478390 -0.9181334972 -0.5721247792 0.7189456820 0.3947027922 0.7724788785 0.6340628862 -0.0352226160
202.1 271.8 2060.1 0.7449358106 -0.6080996394 0.2743820250 -0.4492581189 -0.1532091498 0.8801670671 -0.4931914508 -0.7789363265 -0.3873246908
387.6 159.9 1937.3 -0.3771799803 -0.6080996394 0.6985342503 -0.8076185584 -0.1532091498 -0.5694552064 0.4533073604 -0.7789363265 -0.4333251119
98.2 -135.6 2252.1 0.4987893105 0.1196403056 0.8584261537 -0.0881533995 0.9922936559 -0.0870760307 -0.8622286320 -0.0322405845 0.5054922104
50.7 -529.9 2264.9 0.4964334667 0.0887110606 0.8635300398 -0.1168794855 0.9925372005 -0.0347713940 -0.8601703644 -0.0836672708 0.5030971766
188.8 -127.9 2092.8 0.6339948177 0.0332772471 0.7726209760 -0.1676853895 0.9812198877 0.0953370035 -0.7549385428 -0.1900004148 0.6276684403
175.6 -517.8 2168.3 0.6331005692 -0.0343499631 0.7733070254 -0.1252144873 0.9813132286 0.1461016536 -0.7638750076 -0.1893262863 0.6169688106
-65.0 406.4 2205.6 0 0 0 0 0 0 0 0 0
292.3 -44.1 2051.8 0 0 0 0 0 0 0 0 0
16.8 -909.1 2296.9 0 0 0 0 0 0 0 0 0
188.7 -892.5 2240.6 0 0 0 0 0 0 0 0 0
123.7 465.0 2198.2 27 0.4792106748 -0.0372569151 0.8769087791 0.0564569533 0.9983380437 0.0115636000 -0.8758822680 0.0439662002 0.4805176556
131.2 265.8 2189.4 0.4792106748 -0.0372569151 0.8769087791 0.0564569533 0.9983380437 0.0115636000 -0.8758822680 0.0439662002 0.4805176556
136.8 67.2 2183.5 0.4797621071 -0.0282037631 0.8769451976 0.0396298617 0.9991597533 0.0104535138 -0.8765031695 0.0297380164 0.4804767072
61.1 260.0 2317.5 0.9147906303 0.2851237357 0.2861163020 -0.0161707569 0.7336174846 -0.6793701649 -0.4036045074 0.6168547869 0.6757171154
-135.5 263.5 2404.2 -0.2423176765 0.2851237357 -0.9273546338 -0.5674916506 0.7336174846 0.3738429844 0.7869150639 0.6168547869 -0.0159631558
201.3 271.6 2061.4 0.7509363294 -0.6020715833 0.2713012397 -0.4370469153 -0.1451201141 0.8876543045 -0.4950601757 -0.7851432562 -0.3721095026
389.2 162.2 1937.5 -0.3704544306 -0.6020715833 0.7073000073 -0.8203234673 -0.1451201141 -0.5531813502 0.4356982410 -0.7851432562 -0.4401330650
99.0 -135.3 2255.4 0.4953312874 0.1172169894 0.8607596159 -0.0916764811 0.9923750758 -0.0823841989 -0.8638532162 -0.0381039418 0.5023004413
52.4 -529.6 2270.6 0.4943102300 0.1063806787 0.8627517223 -0.1014326140 0.9927625060 -0.0642961040 -0.8633474708 -0.0557289384 0.5015231371
187.5 -127.5 2095.0 0.6313168406 0.0273760539 0.7750416398 -0.1591229290 0.9826866388 0.0949044526 -0.7590249777 -0.1832416803 0.6247428060
176.7 -518.1 2167.9 0.6309408545 -0.0227249973 0.7754980326 -0.1338857263 0.9813852310 0.1376869380 -0.7641912699 -0.1907004267 0.6161534786
-74.0 407.5 2204.5 0 0 0 0 0 0 0 0 0
294.3 -48.0 2049.1 0 0 0 0 0 0 0 0 0
11.7 -908.7 2291.9 0 0 0 0 0 0 0 0 0
185.3 -892.9 2240.7 0 0 0 0 0 0 0 0 0
123.2 465.4 2199.0 28 0.4885630310 -0.0380722433 0.8716976047 0.0602530837 0.9981347919 0.0098242825 -0.8704457283 0.0477226861 0.4899457097
130.9 265.9 2189.4 0.4885630310 -0.0380722433 0.8716976047 0.0602530837 0.9981347919 0.0098242825 -0.8704457283 0.0477226861 0.4899457097
136.8 67.4 2183.0 0.4891527891 -0.0299573038 0.8716834784 0.0429388136 0.9990252256 0.0102381902 -0.8711405396 0.0324210152 0.4899623096
59.4 259.7 2316.7 0.9102085829 0.2931179702 0.2925786078 -0.0225506108 0.7404845357 -0.6716949344 -0.4135357738 0.6047846675 0.6806053519
-134.4 264.5 2404.8 -0.2193461359 0.2931179702 -0.9305746555 -0.5636128783 0.7404845357 0.3660916984 0.7963842154 0.6047846675 0.0027826414
202.3 272.2 2062.2 0.7426486015 -0.6021907330 0.2929835320 -0.4614061117 -0.1430293620 0.8755838275 -0.4853632152 -0.7854354978 -0.3840750456
388.6 156.5 1940.4 -0.3776354790 -0.6021907330 0.7033901811 -0.8157656193 -0.1430293620 -0.5604186654 0.4380843937 -0.7854354978 -0.4372335374
98.4 -135.0 2258.0 0.5049819350 0.1148484871 0.8554549217 -0.0865849406 0.9928489923 -0.0821824372 -0.8587760329 -0.0325688645 0.5113149285
52.7 -529.5 2270.9 0.5042082071 0.1049172953 0.8571851850 -0.0940480605 0.9933599234 -0.0662643686 -0.8584457040 -0.0472055711 0.5107274652
186.4 -127.7 2097.2 0.6396359801 0.0246551018 0.7682824731 -0.1588558853 0.9821490645 0.1007376239 -0.7520841956 -0.1864815950 0.6321344376
176.6 -518.0 2171.3 0.6391436458 -0.0252889358 0.7686715126 -0.1151791140 0.9850401878 0.1281777918 -0.7604138255 -0.1704589278 0.6266694069
-78.7 407.6 2202.6 0 0 0 0 0 0 0 0 0
291.2 -54.0 2053.5 0 0 0 0 0 0 0 0 0
12.7 -909.0 2289.0 0 0 0 0 0 0 0 0 0
186.2 -894.3 2236.5 0 0 0 0 0 0 0 0 0
123.7 463.8 2199.4 29 0.4865269065 -0.0306759961 0.8731268644 0.0488598272 0.9987747073 0.0078645935 -0.8722983003 0.0388344899 0.4874295890
129.8 264.5 2191.6 0.4865269065 -0.0306759961 0.8731268644 0.0488598272 0.9987747073 0.0078645935 -0.8722983003 0.0388344899 0.4874295890
134.7 65.9 2186.3 0.4869035184 -0.0248658024 0.8731017709 0.0353110693 0.9993379116 0.0087690298 -0.8727416992 0.0265604854 0.4874591827
58.7 259.4 2319.1 0.9118287563 0.2957819104 0.2847479284 -0.0396361277 0.7537184954 -0.6560010314 -0.4086530209 0.5868743062 0.6989858747
-133.0 267.7 2405.0 -0.2056306750 0.2957819104 -0.9328607321 -0.5497230291 0.7537184954 0.3601568937 0.8096422553 0.5868743062 0.0076104770
200.9 269.7 2064.1 0.7457932234 -0.5935598612 0.3024551868 -0.4652576745 -0.1391408741 0.8741710782 -0.4767889977 -0.7926704884 -0.3799286187
390.3 151.5 1943.0 -0.3971763849 -0.5935598612 0.6999554038 -0.8059943914 -0.1391408741 -0.5753371716 0.4388894737 -0.7926704884 -0.4231424630
97.9 -135.1 2256.5 0.5024413466 0.1177974790 0.8565491438 -0.0915223584 0.9923556447 -0.0827884525 -0.8597536683 -0.0367970578 0.5093815923
51.1 -529.4 2271.1 0.5030735135 0.0941500664 0.8590999842 -0.0849611387 0.9946210384 -0.0592503101 -0.8600573540 -0.0431828462 0.5083666444
187.6 -127.2 2096.7 0.6370645761 0.0307138897 0.7701982856 -0.1548676640 0.9839307666 0.0888607055 -0.7550925016 -0.1758888066 0.6315840483
175.4 -518.2 2166.6 0.6366168261 -0.0269495659 0.7707092762 -0.1326343268 0.9806709886 0.1438491791 -0.7596888542 -0.1937993169 0.6207371950
-81.0 406.6 2200.4 0 0 0 0 0 0 0 0 0
287.5 -57.1 2056.7 0 0 0 0 0 0 0 0 0
15.1 -909.4 2287.6 0 0 0 0 0 0 0 0 0
185.7 -892.8 2240.6 0 0 0 0 0 0 0 0 0
123.7 465.4 2199.6 30 0.4782000184 -0.0217194799 0.8779823184 0.0380159616 0.9992690682 0.0040141717 -0.8774278164 0.0314577632 0.4786761701
128.1 266.1 2193.3 0.4782000184 -0.0217194799 0.8779823184 0.0380159616 0.9992690682 0.0040141717 -0.8774278164 0.0314577632 0.4786761701
131.5 67.5 2189.0 0.4784125984 -0.0174089745 0.8779625893 0.0271565840 0.9996185899 0.0050233142 -0.8777151704 0.0214392487 0.4787028730
58.2 262.1 2321.5 0.9230275750 0.2610413432 0.2826261222 -0.0188814141 0.7644518614 -0.6444042921 -0.3842702210 0.5894665122 0.7105389237
-135.2 266.1 2402.0 -0.2048159242 0.2610413432 -0.9433493018 -0.5528754592 0.7644518614 0.3315752149 0.8076999187 0.5894665122 -0.0122485496
198.0 270.1 2065.1 0.7584072948 -0.5852249265 0.2869324088 -0.4456185400 -0.1443052739 0.8835157752 -0.4756495655 -0.7979272008 -0.3702292144
393.4 155.2 1942.5 -0.4010400474 -0.5852249265 0.7047543526 -0.8037489057 -0.1443052739 -0.5772032738 0.4394935071 -0.7979272008 -0.4125016928
95.0 -135.9 2261.1 0.4963308275 0.1112270057 0.8609786630 -0.0730767697 0.9935913682 -0.0862320289 -0.8650523424 -0.0201179255 0.5012781024
50.8 -530.7 2269.1 0.4943793714 0.0901130661 0.8645626903 -0.0960900262 0.9941817522 -0.0486764424 -0.8639188409 -0.0590112247 0.5001619458
184.3 -129.4 2101.0 0.6289169192 0.0243698545 0.7770904899 -0.1455911100 0.9855188727 0.0869239345 -0.7637190223 -0.1678054035 0.6233575344
174.6 -521.0 2167.7 0.6279284358 -0.0415636189 0.7771604061 -0.1151048020 0.9826315641 0.1455546319 -0.7697121501 -0.1808527857 0.6122381091
-83.1 406.8 2196.4 0 0 0 0 0 0 0 0 0
289.4 -53.2 2056.5 0 0 0 0 0 0 0 0 0
16.4 -910.5 2291.7 0 0 0 0 0 0 0 0 0
190.5 -896.4 2236.8 0 0 0 0 0 0 0 0 0
123.2 465.3 2200.2 31 0.4821875989 -0.0193245858 0.8758548498 0.0337511413 0.9994242191 0.0034698418 -0.8754175901 0.0278879832 0.4825622141
127.0 265.9 2194.6 0.4821875989 -0.0193245858 0.8758548498 0.0337511413 0.9994242191 0.0034698418 -0.8754175901 0.0278879832 0.4825622141
130.1 67.2 2190.8 0.4823507071 -0.0154607464 0.8758417368 0.0243772119 0.9996939301 0.0042218226 -0.8756389618 0.0193141811 0.4825799763
56.6 262.3 2322.5 0.9229980707 0.2691121697 0.2750511765 -0.0413199551 0.7799616456 -0.6244617701 -0.3825796247 0.5650119185 0.7310228348
-135.2 270.9 2402.0 -0.2091641277 0.2691121697 -0.9401218295 -0.5253216028 0.7799616456 0.3401427269 0.8247954845 0.5650119185 -0.0217695553
197.5 269.5 2066.7 0.7610476017 -0.5772148371 0.2960228920 -0.4478642642 -0.1374114454 0.8834792972 -0.4692804515 -0.8049479127 -0.3630905747
389.3 156.6 1948.4 -0.4156747758 -0.5772148371 0.7028779984 -0.7990283966 -0.1374114454 -0.5853816867 0.4344744682 -0.8049479127 -0.4040926099
91.1 -133.7 2265.3 0.5025131702 0.1032757312 0.8583790660 -0.0528732575 0.9946524501 -0.0887183249 -0.8629512787 -0.0008031697 0.5052865148
50.1 -528.9 2265.6 0.4973740876 0.0920706764 0.8626366854 -0.1211178973 0.9919835329 -0.0360426307 -0.8590398431 -0.0865540653 0.5045383573
178.9 -128.7 2104.3 0.6323919892 0.0061134999 0.7746244669 -0.1248926520 0.9876915812 0.0941654444 -0.7645143867 -0.1562943757 0.6253717542
176.4 -521.1 2166.4 0.6326980591 -0.0225076210 0.7740714550 -0.1363580376 0.9807215333 0.1399705112 -0.7622989416 -0.1941099316 0.6174315214
-82.1 404.4 2192.4 0 0 0 0 0 0 0 0 0
283.3 -47.2 2059.2 0 0 0 0 0 0 0 0 0
14.9 -907.7 2298.7 0 0 0 0 0 0 0 0 0
185.0 -895.7 2240.5 0 0 0 0 0 0 0 0 0
121.5 467.2 2199.5 32 0.4896806777 -0.0238077380 0.8715767264 0.0338743106 0.9993919134 0.0082673915 -0.8712435961 0.0254756771 0.4901893735
126.2 267.6 2194.4 0.4896806777 -0.0238077380 0.8715767264 0.0338743106 0.9993919134 0.0082673915 -0.8712435961 0.0254756771 0.4901893735
130.0 69.0 2191.2 0.4899024069 -0.0191957802 0.8715659380 0.0235668644 0.9996837974 0.0087707033 -0.8714586496 0.0162432864 0.4901998937
54.7 264.2 2321.7 0.9267533422 0.2581933141 0.2728816867 -0.0382930562 0.7875280380 -0.6150879860 -0.3737135828 0.5595853925 0.7397312522
-136.9 272.1 2398.9 -0.2113621980 0.2581933141 -0.9426888227 -0.5191459060 0.7875280380 0.3320950568 0.8281385899 0.5595853925 -0.0324136466
197.8 271.1 2067.1 0.7611638308 -0.5701886415 0.3090542257 -0.4562121928 -0.1320218295 0.8800231218 -0.4609772861 -0.8108360767 -0.3606172502
386.9 157.7 1952.5 -0.4230951965 -0.5701886415 0.7041841745 -0.7988450527 -0.1320218295 -0.5868703723 0.4275945127 -0.8108360767 -0.3996345699
88.9 -133.6 2267.2 0.5107225180 0.0993674919 0.8539839983 -0.0486371629 0.9950470328 -0.0866939425 -0.8583687544 0.0027411869 0.5130258203
49.5 -529.1 2266.1 0.5059845448 0.0924649611 0.8575720787 -0.1100659519 0.9930310249 -0.0421292894 -0.8554911613 -0.0730727166 0.5126355886
177.4 -129.2 2106.6 0.6394910216 0.0075199460 0.7687617540 -0.1259374022 0.9874692559 0.0951011404 -0.7584134936 -0.1576321870 0.6324247718
174.4 -521.6 2169.3 0.6395643950 -0.0420761779 0.7675851583 -0.1276217997 0.9788334966 0.1599925756 -0.7580699921 -0.2002861649 0.6206572056
-82.9 404.6 2187.6 0 0 0 0 0 0 0 0 0
279.8 -44.5 2060.8 0 0 0 0 0 0 0 0 0
14.1 -908.4 2294.1 0 0 0 0 0 0 0 0 0
190.5 -895.5 2245.8 0 0 0 0 0 0 0 0 0
119.0 468.5 2200.6 33 0.4984604120 -0.0317133702 0.8663321733 0.0441678092 0.9989618659 0.0111557022 -0.8657866120 0.0327033177 0.4993436337
125.3 269.1 2194.1 0.4984604120 -0.0317133702 0.8663321733 0.0441678092 0.9989618659 0.0111557022 -0.8657866120 0.0327033177 0.4993436337
130.3 70.5 2189.9 0.4988434613 -0.0252666827 0.8663237095 0.0307333581 0.9994620085 0.0114529412 -0.8661470413 0.0209118128 0.4993516207
52.4 264.6 2320.6 0.9298799038 0.2626382411 0.2575743198 -0.0558061339 0.7928013802 -0.6069198251 -0.3636056185 0.5499883294 0.7518668771
-135.3 275.8 2394.0 -0.2191058248 0.2626382411 -0.9396881461 -0.5061058998 0.7928013802 0.3395921588 0.8341759443 0.5499883294 -0.0407846346
198.2 273.6 2067.6 0.7541872859 -0.5726351142 0.3213885427 -0.4744313955 -0.1367900670 0.8695995212 -0.4540004730 -0.8083177209 -0.3748414218
387.8 154.3 1953.4 -0.4155036211 -0.5726351142 0.7067147493 -0.8015356660 -0.1367900670 -0.5820902586 0.4299968779 -0.8083177209 -0.4021506906
88.9 -131.8 2267.9 0.5191388130 0.1038749814 0.8483542204 -0.0496066920 0.9945757985 -0.0914226398 -0.8532491326 0.0053769969 0.5214757919
47.6 -527.1 2265.7 0.5144797564 0.0902314335 0.8527419567 -0.1123259142 0.9929710627 -0.0373006053 -0.8501138091 -0.0765946135 0.5209988356
178.8 -127.5 2108.0 0.6480657458 0.0123370858 0.7614845037 -0.1254847795 0.9879326820 0.0907886848 -0.7511753440 -0.1543917507 0.6417934299
173.9 -520.1 2169.4 0.6474395990 -0.0417648777 0.7609715462 -0.1084746942 0.9832813144 0.1462570280 -0.7543574572 -0.1772387475 0.6320848465
-79.6 404.4 2182.1 0 0 0 0 0 0 0 0 0
281.2 -51.3 2063.7 0 0 0 0 0 0 0 0 0
13.2 -906.5 2295.0 0 0 0 0 0 0 0 0 0
189.8 -895.7 2237.1 0 0 0 0 0 0 0 0 0
118.0 467.4 2200.7 34 0.5093190670 -0.0347384475 0.8598763347 0.0471217223 0.9988116622 0.0124403676 -0.8592867255 0.0341827348 0.5103507638
124.9 268.0 2193.9 0.5093190670 -0.0347384475 0.8598763347 0.0471217223 0.9988116622 0.0124403676 -0.8592867255 0.0341827348 0.5103507638
130.6 69.4 2189.4 0.5097310543 -0.0284433421 0.8598635197 0.0340933092 0.9993360639 0.0128462724 -0.8596580029 0.0227674488 0.5103623271
50.5 263.0 2319.4 0.9430425763 0.2453401834 0.2246749848 -0.0542711467 0.7797756791 -0.6237022877 -0.3282153308 0.5759844780 0.7486765981
-137.0 273.8 2384.7 -0.2602794170 0.2453401834 -0.9338430166 -0.5193452835 0.7797756791 0.3496146202 0.8139625788 0.5759844780 -0.0755432919
199.4 273.0 2068.3 0.7614232302 -0.5703817606 0.3080573380 -0.4579528272 -0.1369415075 0.8783656359 -0.4588178992 -0.8098837733 -0.3654783666
392.0 157.1 1952.2 -0.4131939113 -0.5703817606 0.7098841071 -0.8043247461 -0.1369415075 -0.5781943798 0.4270041287 -0.8098837733 -0.4021887481
89.6 -131.0 2265.2 0.5280858278 0.1078470871 0.8423148990 -0.0653570071 0.9941223860 -0.0863086879 -0.8466721773 -0.0094727818 0.5320305228
46.8 -526.0 2269.0 0.5260899067 0.0861091241 0.8460583091 -0.0903623030 0.9948887229 -0.0450681709 -0.8456146121 -0.0527418703 0.5311818719
181.1 -125.3 2106.4 0.6578879356 0.0196777601 0.7528587580 -0.1248213276 0.9886817932 0.0832339451 -0.7426998615 -0.1487314254 0.6528980136
173.3 -518.2 2165.5 0.6578326225 -0.0439785831 0.7518790364 -0.1235800460 0.9784610271 0.1653541476 -0.7429563999 -0.2016925961 0.6382287145
-70.6 406.2 2177.1 0 0 0 0 0 0 0 0 0
285.3 -50.5 2062.5 0 0 0 0 0 0 0 0 0
13.9 -906.1 2289.1 0 0 0 0 0 0 0 0 0
190.1 -891.9 2242.5 0 0 0 0 0 0 0 0 0
117.8 466.2 2200.2 35 0.5154793859 -0.0332515314 0.8562566042 0.0447462611 0.9989280701 0.0118540553 -0.8557329178 0.0322037600 0.5164147019
124.4 267.0 2193.8 0.5154793859 -0.0332515314 0.8562566042 0.0447462611 0.9989280701 0.0118540553 -0.8557329178 0.0322037600 0.5164147019
129.8 68.4 2189.8 0.5158797503 -0.0271723848 0.8562299609 0.0315037519 0.9994224906 0.0127355345 -0.8560815454 0.0204044506 0.5164378881
49.1 262.4 2318.9 0.9466118813 0.2505070269 0.2029091567 -0.0724167079 0.7785696387 -0.6233659387 -0.3141364753 0.5753916502 0.7551441789
-136.3 276.6 2380.4 -0.2707329690 0.2505070269 -0.9294890165 -0.5142909288 0.7785696387 0.3596305847 0.8137619495 0.5753916502 -0.0819509849
199.8 271.6 2068.7 0.7703599930 -0.5587481260 0.3071580231 -0.4460743368 -0.1280755997 0.8857845664 -0.4555909932 -0.8193883300 -0.3479075134
394.9 158.6 1953.3 -0.4144074619 -0.5587481260 0.7183780670 -0.8126989007 -0.1280755997 -0.5684339404 0.4096180797 -0.8193883300 -0.4010184705
89.5 -132.3 2263.7 0.5332095027 0.1047252417 0.8394761682 -0.0752788335 0.9942454100 -0.0762180015 -0.8426272869 -0.0225546192 0.5380247235
47.9 -527.4 2272.6 0.5341137052 0.0901047587 0.8405972123 -0.0655705780 0.9957240820 -0.0650696084 -0.8428659439 -0.0203638691 0.5377381444
183.0 -126.0 2106.0 0.6629095674 0.0245284177 0.7482975721 -0.1300643981 0.9880391955 0.0828358904 -0.7373154759 -0.1522395760 0.6581709385
173.2 -518.7 2166.5 0.6627140045 -0.0447476394 0.7475344539 -0.1256459653 0.9774189591 0.1698978841 -0.7382568717 -0.2065183967 0.6421268582
-67.3 407.6 2173.0 0 0 0 0 0 0 0 0 0
287.6 -51.9 2059.4 0 0 0 0 0 0 0 0 0
13.5 -907.6 2280.4 0 0 0 0 0 0 0 0 0
190.3 -892.1 2245.4 0 0 0 0 0 0 0 0 0
116.5 466.0 2200.5 36 0.5213916302 -0.0353532806 0.8525848389 0.0458191819 0.9988598824 0.0133983586 -0.8520864844 0.0320789479 0.5224170685
123.6 266.6 2194.1 0.5213916302 -0.0353532806 0.8525848389 0.0458191819 0.9988598824 0.0133983586 -0.8520864844 0.0320789479 0.5224170685
129.5 68.0 2189.7 0.5217701197 -0.0296140052 0.8525719643 0.0341777876 0.9993205667 0.0137946550 -0.8524011970 0.0219413843 0.5224277377
47.4 261.6 2318.6 0.9494287372 0.2408043742 0.2014901489 -0.0672716796 0.7828305364 -0.6185877919 -0.3066912889 0.5737504363 0.7594411373
-136.5 274.7 2378.0 -0.2491364479 0.2408043742 -0.9380534291 -0.5214832425 0.7828305364 0.3394577205 0.8160797954 0.5737504363 -0.0694561750
199.8 271.6 2069.6 0.7722344398 -0.5552089214 0.3088640571 -0.4446955621 -0.1251396984 0.8868967891 -0.4537618458 -0.8222427368 -0.3435361385
396.9 158.1 1953.8 -0.4239071012 -0.5552089214 0.7155737877 -0.8079919815 -0.1251396984 -0.5757508278 0.4092086852 -0.8222427368 -0.3955567479
87.9 -133.1 2264.2 0.5390813351 0.1126067117 0.8346921802 -0.0741572976 0.9935193062 -0.0861396939 -0.8389827013 -0.0154622151 0.5439383388
43.2 -527.9 2270.4 0.5395351052 0.0772148818 0.8384150267 -0.0684180632 0.9965135455 -0.0477469116 -0.8391786814 -0.0316016003 0.5429369211
182.5 -127.3 2107.2 0.6683818102 0.0188903809 0.7435784340 -0.1252366304 0.9882639647 0.0874651521 -0.7331995368 -0.1515833735 0.6629034281
175.0 -520.1 2167.4 0.6686986685 -0.0239201225 0.7431486845 -0.1364236772 0.9785674214 0.1542541832 -0.7309108377 -0.2045326382 0.6511034369
-73.1 407.3 2170.4 0 0 0 0 0 0 0 0 0
286.9 -51.5 2059.9 0 0 0 0 0 0 0 0 0
13.7 -908.5 2282.4 0 0 0 0 0 0 0 0 0
184.2 -893.9 2245.6 0 0 0 0 0 0 0 0 0
116.4 467.5 2200.6 37 0.5294774175 -0.0340829231 0.8476390839 0.0483098887 0.9987825155 0.0099835312 -0.8469473720 0.0356632955 0.5304793119
123.3 267.8 2193.5 0.5294774175 -0.0340829231 0.8476390839 0.0483098887 0.9987825155 0.0099835312 -0.8469473720 0.0356632955 0.5304793119
129.2 69.2 2188.3 0.5298039317 -0.0297571719 0.8475979567 0.0380900949 0.9992107153 0.0112711499 -0.8472643495 0.0263135862 0.5305192471
45.9 262.2 2317.3 0.9469475150 0.2400297523 0.2137196064 -0.0568906479 0.7796782851 -0.6235905886 -0.3163128197 0.5783489347 0.7519698739
-139.5 273.4 2379.2 -0.2446119934 0.2400297523 -0.9394416809 -0.5279652476 0.7796782851 0.3366814852 0.8132758737 0.5783489347 -0.0639912859
200.6 273.4 2069.7 0.7710408568 -0.5533334017 0.3151478171 -0.4480614066 -0.1197654754 0.8859442472 -0.4524787068 -0.8243047595 -0.3402714133
397.4 159.0 1954.3 -0.4272269905 -0.5533334017 0.7150518894 -0.8087206483 -0.1197654754 -0.5758708119 0.4042870700 -0.8243047595 -0.3963251114
87.5 -133.7 2263.6 0.5465031266 0.1106075197 0.8301206231 -0.0745568424 0.9937295914 -0.0833233297 -0.8341316581 -0.0163547080 0.5513228774
43.6 -528.6 2270.1 0.5462788343 0.0807007179 0.8337066770 -0.0773517042 0.9959549308 -0.0457219295 -0.8340240717 -0.0395117104 0.5503114462
183.2 -127.4 2107.2 0.6751129031 0.0207694173 0.7374219894 -0.1295646876 0.9874042273 0.0908068642 -0.7262476087 -0.1568487436 0.6693003178
175.0 -519.8 2169.5 0.6753481627 -0.0266796462 0.7370163202 -0.1373943388 0.9772987366 0.1612759382 -0.7245879173 -0.2101792693 0.6563512683
-77.7 406.8 2173.6 0 0 0 0 0 0 0 0 0
286.5 -50.9 2059.2 0 0 0 0 0 0 0 0 0
12.7 -909.1 2285.1 0 0 0 0 0 0 0 0 0
185.2 -893.2 2249.8 0 0 0 0 0 0 0 0 0
116.7 469.7 2206.7 38 0.5269711018 -0.0326892994 0.8492543101 0.0609590411 0.9981400967 0.0005944595 -0.8476942182 0.0514564626 0.5279836655
123.3 269.9 2196.4 0.5269711018 -0.0326892994 0.8492543101 0.0609590411 0.9981400967 0.0005944595 -0.8476942182 0.0514564626 0.5279836655
129.1 71.4 2188.4 0.5273233652 -0.0294083934 0.8491556048 0.0496316701 0.9987604618 0.0037684543 -0.8482138515 0.0401578136 0.5281292796
46.3 262.6 2320.3 0.9566502571 0.2152351886 0.1961990148 -0.0502641909 0.7855793834 -0.6167159677 -0.2868688703 0.5801197290 0.7623433471
-148.7 272.9 2378.8 -0.2529956698 0.2152351886 -0.9432216287 -0.5289060473 0.7855793834 0.3211283982 0.8100935817 0.5801197290 -0.0849089846
200.3 277.2 2072.5 0.7561757565 -0.5531604290 0.3495880961 -0.4848068058 -0.1147693023 0.8670584559 -0.4395004213 -0.8251312375 -0.3549616933
396.6 151.3 1958.4 -0.4301278293 -0.5531604290 0.7134448886 -0.8088871837 -0.1147693023 -0.5766537786 0.4008636177 -0.8251312375 -0.3980788887
86.5 -132.8 2260.7 0.5422192216 0.1115766242 0.8327958584 -0.0793737248 0.9935134053 -0.0814304128 -0.8364796042 -0.0219489764 0.5475583673
42.2 -527.6 2269.5 0.5426688194 0.0736869425 0.8367083073 -0.0734257922 0.9964926839 -0.0401365869 -0.8367312551 -0.0396550931 0.5461760759
183.7 -125.8 2105.3 0.6727249622 0.0200162269 0.7396218181 -0.1302553266 0.9872255325 0.0917570069 -0.7283369303 -0.1580669135 0.6667384505
175.7 -518.2 2168.2 0.6733325720 -0.0187352747 0.7391023040 -0.1526710391 0.9746097922 0.1637905240 -0.7234050035 -0.2231250107 0.6533761621
-84.6 407.0 2173.3 0 0 0 0 0 0 0 0 0
284.9 -58.8 2062.5 0 0 0 0 0 0 0 0 0
14.0 -908.4 2284.6 0 0 0 0 0 0 0 0 0
182.9 -890.5 2253.4 0 0 0 0 0 0 0 0 0
116.0 470.2 2203.2 39 0.5331308246 -0.0333519503 0.8453751802 0.0562496446 0.9984090328 0.0039159758 -0.8441607952 0.0454643257 0.5341587067
122.7 270.3 2194.1 0.5331308246 -0.0333519503 0.8453751802 0.0562496446 0.9984090328 0.0039159758 -0.8441607952 0.0454643257 0.5341587067
128.8 71.8 2187.1 0.5334455371 -0.0306881368 0.8452775478 0.0464353971 0.9988970160 0.0069604767 -0.8445588350 0.0355377607 0.5342821479
44.7 263.5 2317.5 0.9577625990 0.2162152231 0.1895830929 -0.0595849492 0.7941920757 -0.6047384143 -0.2813190520 0.5678995252 0.7735306621
-150.2 275.6 2374.8 -0.2646030784 0.2162152231 -0.9398064613 -0.5122249722 0.7941920757 0.3269319236 0.8170745373 0.5678995252 -0.0993948504
200.6 277.1 2070.8 0.7542473078 -0.5496103764 0.3592205644 -0.4981746078 -0.1226443574 0.8583591580 -0.4277066886 -0.8263696432 -0.3663060963
395.0 148.7 1960.5 -0.4292055666 -0.5496103764 0.7167363763 -0.8071857691 -0.1226443574 -0.5774162412 0.4052576125 -0.8263696432 -0.3909980059
86.6 -131.6 2258.2 0.5475720167 0.1089866310 0.8296304941 -0.0898350477 0.9934077263 -0.0712088197 -0.8319221735 -0.0355379395 0.5537531376
43.3 -526.3 2272.3 0.5496474504 0.0792946815 0.8316249251 -0.0657871962 0.9965019822 -0.0515347049 -0.8328023553 -0.0263843518 0.5529413223
183.3 -122.5 2102.7 0.6779812574 0.0199149735 0.7348093390 -0.1409138888 0.9846146703 0.1033307388 -0.7214462161 -0.1736011505 0.6703565717
175.4 -513.7 2171.6 0.6778613329 -0.0226665530 0.7348402739 -0.1352470964 0.9786214232 0.1549462676 -0.7226425409 -0.2044170946 0.6603040099
-83.7 404.5 2169.2 0 0 0 0 0 0 0 0 0
283.5 -61.0 2065.8 0 0 0 0 0 0 0 0 0
13.0 -907.1 2282.4 0 0 0 0 0 0 0 0 0
184.1 -887.6 2249.7 0 0 0 0 0 0 0 0 0
115.4 471.0 2201.5 40 0.5386773944 -0.0353982747 0.8417681456 0.0566008538 0.9983802438 0.0057632690 -0.8406087160 0.0445402525 0.5398084521
122.5 270.8 2192.6 0.5386773944 -0.0353982747 0.8417681456 0.0566008538 0.9983802438 0.0057632690 -0.8406087160 0.0445402525 0.5398084521
128.5 72.3 2185.7 0.5390527248 -0.0301580187 0.8417319655 0.0451660715 0.9989559054 0.0068663638 -0.8410601616 0.0343163945 0.5398520231
43.8 264.2 2315.4 0.9633320570 0.2094583213 0.1676858515 -0.0687962472 0.7968958020 -0.6001867652 -0.2593422532 0.5666429996 0.7820852399
-154.7 278.4 2368.8 -0.3141851723 0.2094583213 -0.9259669781 -0.4939196706 0.7968958020 0.3478511572 0.8107595444 0.5666429996 -0.1469172537
201.2 277.4 2069.7 0.7531508803 -0.5418698788 0.3730158210 -0.5082828999 -0.1193579063 0.8528787494 -0.4176269174 -0.8319439292 -0.3653177023
394.8 146.8 1962.4 -0.4380787015 -0.5418698788 0.7172615528 -0.8046524525 -0.1193579063 -0.5816254020 0.4007761180 -0.8319439292 -0.3837287724
85.9 -130.9 2257.5 0.5530001521 0.1163590923 0.8250160217 -0.0910226479 0.9927104712 -0.0789988935 -0.8281942606 -0.0314087458 0.5595602989
39.7 -525.4 2269.9 0.5538247824 0.0586032681 0.8305683732 -0.0778292045 0.9967962503 -0.0184353050 -0.8289877772 -0.0544325449 0.5566114783
183.8 -122.4 2102.6 0.6825582981 0.0281666461 0.7302882075 -0.1449126452 0.9846323729 0.0974649936 -0.7163200974 -0.1723535210 0.6761506796
172.6 -513.7 2171.0 0.6811223626 -0.0479685217 0.7305966020 -0.1026199162 0.9817473292 0.1601289809 -0.7249424458 -0.1840411872 0.6637675166
-75.1 403.4 2163.6 0 0 0 0 0 0 0 0 0
281.0 -62.2 2066.5 0 0 0 0 0 0 0 0 0
17.3 -906.1 2290.7 0 0 0 0 0 0 0 0 0
190.9 -888.6 2241.3 0 0 0 0 0 0 0 0 0
114.7 471.5 2200.6 41 0.5397065282 -0.0338201299 0.8411735892 0.0536989458 0.9985409379 0.0056933700 -0.8401388526 0.0420973860 0.5407351851
121.5 271.6 2192.2 0.5397065282 -0.0338201299 0.8411735892 0.0536989458 0.9985409379 0.0056933700 -0.8401388526 0.0420973860 0.5407351851
126.9 73.1 2185.7 0.5400574803 -0.0269349758 0.8411970139 0.0421609320 0.9990987182 0.0049231919 -0.8405714631 0.0328068435 0.5407063365
42.6 265.5 2315.0 0.9645022154 0.2049405873 0.1665377170 -0.0669463649 0.7998042107 -0.5965160131 -0.2554479241 0.5641919374 0.7851330042
-150.5 278.9 2366.2 -0.3216528594 0.2049405873 -0.9244126678 -0.4893774688 0.7998042107 0.3475958407 0.8105856776 0.5641919374 -0.1569660157
200.4 277.8 2069.4 0.7550935745 -0.5339460969 0.3804408610 -0.5121046305 -0.1180212647 0.8507760167 -0.4093683958 -0.8372410536 -0.3625533879
394.7 146.0 1964.1 -0.4428717494 -0.5339460969 0.7202542424 -0.8044715524 -0.1180212647 -0.5821481943 0.3958410621 -0.8372410536 -0.3772761524
85.0 -130.3 2256.1 0.5546709299 0.1120173708 0.8244951367 -0.0844229981 0.9933594465 -0.0781648383 -0.8277758956 -0.0262505878 0.5604444742
40.5 -525.1 2266.5 0.5539192557 0.0640847608 0.8301003575 -0.0967647657 0.9952317476 -0.0122627607 -0.8269280791 -0.0735318810 0.5574791431
183.9 -122.0 2101.8 0.6829670668 0.0299900752 0.7298332453 -0.1433211267 0.9852370024 0.0936327353 -0.7162506580 -0.1685485989 0.6771826744
172.0 -513.6 2168.8 0.6819081903 -0.0479908772 0.7298616767 -0.1165701151 0.9779610634 0.1732154489 -0.7220890522 -0.2031970918 0.6612853408
-68.8 403.2 2160.2 0 0 0 0 0 0 0 0 0
279.7 -63.1 2066.9 0 0 0 0 0 0 0 0 0
16.0 -905.2 2294.6 0 0 0 0 0 0 0 0 0
190.3 -887.1 2246.4 0 0 0 0 0 0 0 0 0
114.2 472.2 2200.2 42 0.5516611934 -0.0362360142 0.8332808018 0.0573567003 0.9983389378 0.0054415758 -0.8320938349 0.0447923318 0.5528231859
121.5 272.2 2191.2 0.5516611934 -0.0362360142 0.8332808018 0.0573567003 0.9983389378 0.0054415758 -0.8320938349 0.0447923318 0.5528231859
127.2 73.6 2184.2 0.5520535707 -0.0288436804 0.8333095908 0.0453144573 0.9989624023 0.0045574238 -0.8325763941 0.0352450311 0.5527877808
40.8 265.5 2312.8 0.9584705234 0.2196535170 0.1818971485 -0.0670615956 0.7935099006 -0.6048510075 -0.2771948576 0.5675335526 0.7752861977
-145.0 278.5 2366.6 -0.3315351307 0.2196535170 -0.9175166488 -0.4864036739 0.7935099006 0.3657232225 0.8083909750 0.5675335526 -0.1562361419
202.1 278.8 2069.6 0.7471957207 -0.5380706787 0.3901006281 -0.5240683556 -0.1160456613 0.8437332511 -0.4087186456 -0.8348732591 -0.3686946630
394.6 143.7 1964.3 -0.4548133314 -0.5380706787 0.7096652389 -0.7939444780 -0.1160456613 -0.5968128443 0.4034810662 -0.8348732591 -0.3744191527
82.7 -129.3 2256.3 0.5657563210 0.1106987745 0.8171080351 -0.0894159153 0.9933402538 -0.0726634935 -0.8197100759 -0.0319526345 0.5718867779
