-37.2 462.4 1849.5 5 0.9953433871 0.0948408619 -0.0172255579 -0.0955897346 0.9941806197 -0.0496737249 0.0124142170 0.0510890000 0.9986169338
-64.4 177.5 1834.8 0.9953433871 0.0948408619 -0.0172255579 -0.0955897346 0.9941806197 -0.0496737249 0.0124142170 0.0510890000 0.9986169338
-60.0 -13.5 1877.5 0.9997141361 -0.0227213092 -0.0074397367 0.0237960145 0.9757428169 0.2176229656 0.0023145906 -0.2177377939 0.9760045409
-206.8 174.1 1834.5 0.0946169496 -0.7723181844 -0.6281498671 0.9938299060 0.0365956500 0.1047037840 -0.0578770787 -0.6341809034 0.7710154653
-231.8 -88.7 1849.8 -0.2508062422 -0.7723181844 -0.5836273432 0.8996641040 0.0365956500 -0.4350462258 0.3573523164 -0.6341809034 0.6856485605
78.1 180.9 1835.1 0.7678394914 0.3878029883 0.5099326968 0.1847943813 0.6280655265 -0.7558999658 -0.6134114265 0.6746425629 0.4105896652
242.1 220.4 1704.1 -0.8507837057 0.3878029883 0.3546489775 0.5255159736 0.6280655265 0.5739047527 -0.0001807963 0.6746425629 -0.7381445765
-148.2 -202.8 1917.0 0.9970429540 0.0253559165 -0.0725425333 -0.0455478281 0.9552983642 -0.2921138108 0.0618929490 0.2945541739 0.9536283612
-158.2 -576.9 1801.7 0.9980788231 0.0000000000 -0.0619572513 0.0000000000 1.0000000000 0.0000000000 0.0619572513 0.0000000000 0.9980788231
32.5 -200.3 1917.4 0.9479357004 -0.0591694750 -0.3129166663 -0.0073937871 0.9782340527 -0.2073728740 0.3183758855 0.1988897920 0.9268655181
55.6 -583.2 1839.5 0.9479616284 0.0000000000 -0.3183845878 0.0000000000 1.0000000000 0.0000000000 0.3183845878 0.0000000000 0.9479616284
-161.2 -342.1 1749.2 0 0 0 0 0 0 0 0 0
18.0 358.8 1704.0 0 0 0 0 0 0 0 0 0
-158.2 -953.5 1801.7 0 0 0 0 0 0 0 0 0
55.6 -959.9 1839.5 0 0 0 0 0 0 0 0 0
-34.9 463.4 1851.9 6 0.9938281178 0.1097230986 -0.0163264237 -0.1105553657 0.9917792678 -0.0644313768 0.0091225989 0.0658386871 0.9977885485
-66.1 181.1 1833.1 0.9938281178 0.1097230986 -0.0163264237 -0.1105553657 0.9917792678 -0.0644313768 0.0091225989 0.0658386871 0.9977885485
-52.7 -6.5 1885.7 0.9975961447 -0.0686671510 -0.0093122227 0.0686366111 0.9606544375 0.2691320479 -0.0095347036 -0.2691242695 0.9630582333
-208.1 171.4 1834.7 0.0934059620 -0.7273146510 -0.6799181700 0.9946734309 0.0382697694 0.0957089588 -0.0435902178 -0.6852363348 0.7270151973
-233.2 -95.8 1846.4 -0.2769310772 -0.7273146510 -0.6279510856 0.8971862793 0.0382697694 -0.4399911463 0.3440435529 -0.6852363348 0.6419386268
75.9 190.9 1831.6 0.7851770520 0.4187304080 0.4562475681 0.1100872383 0.6306349039 -0.7682319880 -0.6094077229 0.6534251571 0.4490631819
237.9 213.6 1705.8 -0.8367805481 0.4187304080 0.3527933061 0.5474821925 0.6306349039 0.5500571132 0.0078418637 0.6534251571 -0.7569504976
-145.9 -206.7 1919.9 0.9981082082 0.0328253992 -0.0519860946 -0.0471170023 0.9515790939 -0.3037716746 0.0394974537 0.3056464195 0.9513255358
-158.8 -579.4 1800.2 0.9992179275 0.0000000000 -0.0395413712 0.0000000000 1.0000000000 0.0000000000 0.0395413712 0.0000000000 0.9992179275
35.6 -201.5 1921.2 0.9549919963 -0.0469679981 -0.2928895056 -0.0154224206 0.9781877995 -0.2071491480 0.2962303162 0.2023428530 0.9334371686
54.0 -585.5 1841.7 0.9551056027 0.0000000000 -0.2962655425 0.0000000000 1.0000000000 0.0000000000 0.2962655425 0.0000000000 0.9551056027
-155.2 -348.4 1749.5 0 0 0 0 0 0 0 0 0
17.0 358.1 1707.9 0 0 0 0 0 0 0 0 0
-158.8 -956.1 1800.2 0 0 0 0 0 0 0 0 0
54.0 -962.1 1841.7 0 0 0 0 0 0 0 0 0
-33.3 462.4 1852.1 7 0.9927607179 0.1174190119 -0.0252762251 -0.1188563481 0.9907198548 -0.0659341887 0.0172997303 0.0684611127 0.9975037575
-66.6 181.4 1832.7 0.9927607179 0.1174190119 -0.0252762251 -0.1188563481 0.9907198548 -0.0659341887 0.0172997303 0.0684611127 0.9975037575
-51.0 -6.3 1885.3 0.9966459870 -0.0796436295 -0.0188055206 0.0817667916 0.9598886967 0.2681937516 -0.0033087181 -0.2688319087 0.9631814361
-208.6 169.8 1833.2 0.0621559881 -0.7235857248 -0.6874302626 0.9977663755 0.0281610824 0.0605737083 -0.0244714897 -0.6896598339 0.7237198949
-225.3 -98.2 1839.8 -0.2742422819 -0.7240542769 -0.6328796148 0.9043101072 0.0297026895 -0.4258415103 0.3271305859 -0.6891031861 0.6466238499
75.3 193.0 1832.1 0.8001602292 0.4228471518 0.4253750741 0.0494311191 0.6603074670 -0.7493668199 -0.5977459550 0.6206402183 0.5074499846
240.4 203.2 1708.8 -0.8327484131 0.4228471518 0.3573938310 0.5532438159 0.6603074670 0.5078536272 -0.0212453660 0.6206402183 -0.7838075757
-129.4 -200.3 1939.3 0.9950355887 0.0822785348 -0.0559857935 -0.0966117010 0.9336125851 -0.3450127244 0.0238818992 0.3487088084 0.9369267821
-161.5 -565.1 1803.0 0.9997121096 0.0000000000 -0.0239941403 0.0000000000 1.0000000000 0.0000000000 0.0239941403 0.0000000000 0.9997121096
51.2 -187.5 1937.7 0.9554444551 0.0077551003 -0.2950690687 -0.0825917870 0.9667479396 -0.2420268357 0.2833804786 0.2556134760 0.9243144989
48.1 -565.5 1837.8 0.9587199688 0.0000000000 -0.2843519747 0.0000000000 1.0000000000 0.0000000000 0.2843519747 0.0000000000 0.9587199688
-148.0 -352.9 1747.7 0 0 0 0 0 0 0 0 0
20.8 349.1 1703.2 0 0 0 0 0 0 0 0 0
-161.5 -941.8 1803.0 0 0 0 0 0 0 0 0 0
48.1 -942.1 1837.8 0 0 0 0 0 0 0 0 0
-31.6 459.7 1851.2 8 0.9908977151 0.1328044236 -0.0220156014 -0.1339059323 0.9891794920 -0.0599425696 0.0138167432 0.0623449758 0.9979590178
-69.0 181.4 1833.6 0.9908977151 0.1328044236 -0.0220156014 -0.1339059323 0.9891794920 -0.0599425696 0.0138167432 0.0623449758 0.9979590178
-50.9 -6.5 1885.2 0.9956037402 -0.0924044847 -0.0153164249 0.0931695402 0.9602025747 0.2633067966 -0.0096238572 -0.2635762393 0.9645905495
-210.8 168.1 1835.0 0.0384022556 -0.7283471823 -0.6841313243 0.9992618561 0.0272973478 0.0270298421 -0.0010121393 -0.6846643090 0.7288578153
-221.1 -100.6 1835.3 -0.2633899450 -0.7277178764 -0.6332870126 0.9124751091 0.0251099486 -0.4083609879 0.3130733967 -0.6854168177 0.6574106812
72.9 194.7 1832.2 0.8106992841 0.4256280661 0.4020043015 0.0150208520 0.6712964177 -0.7410367727 -0.5852701068 0.6067964435 0.5378261805
241.8 197.8 1710.3 -0.8306841254 0.4256280661 0.3588936627 0.5558108687 0.6712964177 0.4903421104 -0.0322206616 0.6067964435 -0.7942039371
-125.5 -201.4 1938.2 0.9948222041 0.0903368816 -0.0465618260 -0.1010707915 0.9274196029 -0.3601077199 0.0106513388 0.3629492223 0.9317480326
-160.8 -564.2 1796.2 0.9999426603 0.0000000000 -0.0107061630 0.0000000000 1.0000000000 0.0000000000 0.0107061630 0.0000000000 0.9999426603
54.8 -186.5 1937.7 0.9578996897 0.0239626523 -0.2861013114 -0.1011530608 0.9607810974 -0.2582009137 0.2686935663 0.2762705982 0.9227558374
45.4 -562.3 1829.6 0.9628382325 0.0000000000 -0.2700788379 0.0000000000 1.0000000000 0.0000000000 0.2700788379 0.0000000000 0.9628382325
-147.0 -357.6 1747.2 0 0 0 0 0 0 0 0 0
23.7 343.7 1701.8 0 0 0 0 0 0 0 0 0
-160.8 -940.9 1796.2 0 0 0 0 0 0 0 0 0
45.4 -939.0 1829.6 0 0 0 0 0 0 0 0 0
-30.5 461.3 1856.7 9 0.9866661429 0.1607999653 0.0251659863 -0.1581826955 0.9838030338 -0.0843197629 -0.0383169875 0.0792146325 0.9961209297
-76.7 178.8 1834.0 0.9866661429 0.1607999653 0.0251659863 -0.1581826955 0.9838030338 -0.0843197629 -0.0383169875 0.0792146325 0.9961209297
-51.8 -9.2 1882.0 0.9913778901 -0.1273242980 0.0309577230 0.1155211926 0.9607763290 0.2521183789 -0.0618442409 -0.2463683188 0.9672011137
-217.7 162.4 1842.8 0.0030737866 -0.7645238042 -0.6445881724 0.9992983937 0.0264086407 -0.0265571196 0.0373262465 -0.6440542936 0.7640686035
-218.5 -102.5 1832.9 -0.2597647309 -0.7590832114 -0.5969212055 0.9137983322 0.0066467039 -0.4061138630 0.3122417629 -0.6509596705 0.6919223666
64.4 195.3 1825.2 0.8384589553 0.4140909016 0.3542813361 -0.0017604578 0.6521542668 -0.7580842376 -0.5449618697 0.6349987984 0.5475335717
241.8 195.0 1709.9 -0.8287563324 0.4140909016 0.3764195740 0.5586198568 0.6521542668 0.5124828219 -0.0332691595 0.6349987984 -0.7717964053
-122.8 -202.9 1937.7 0.9944804907 0.1042201519 0.0121133989 -0.0925832465 0.9259838462 -0.3660359383 -0.0493651293 0.3628940880 0.9305219054
-163.6 -565.3 1795.7 0.9987702370 0.0000000000 0.0495780706 0.0000000000 1.0000000000 0.0000000000 -0.0495780706 0.0000000000 0.9987702370
57.2 -185.9 1936.0 0.9727081060 0.0306954086 -0.2299929410 -0.0925441384 0.9602827430 -0.2632348835 0.2127781510 0.2773351967 0.9369155169
45.2 -561.8 1827.5 0.9769003987 0.0000000000 -0.2136952132 0.0000000000 1.0000000000 0.0000000000 0.2136952132 0.0000000000 0.9769003987
-145.3 -359.9 1744.9 0 0 0 0 0 0 0 0 0
25.3 340.9 1701.2 0 0 0 0 0 0 0 0 0
-163.6 -942.0 1795.7 0 0 0 0 0 0 0 0 0
45.2 -938.5 1827.5 0 0 0 0 0 0 0 0 0
-30.6 459.2 1860.0 0 0.9865418077 0.1624432355 0.0186396223 -0.1601298451 0.9829109907 -0.0907988846 -0.0330707543 0.0865921378 0.9956948161
-76.6 180.7 1835.5 0.9865418077 0.1624432355 0.0186396223 -0.1601298451 0.9829109907 -0.0907988846 -0.0330707543 0.0865921378 0.9956948161
-50.4 -8.3 1878.9 0.9907320738 -0.1338146478 0.0233149771 0.1250849813 0.9657263756 0.2274342775 -0.0529499240 -0.2224100828 0.9735142589
-217.7 162.9 1843.0 0.0001295028 -0.7609807849 -0.6487744451 0.9989080429 0.0304090865 -0.0354689807 0.0467198528 -0.6480613947 0.7601537108
-217.7 -108.6 1830.3 -0.2661929429 -0.7529323101 -0.6018589735 0.9138541222 0.0014838930 -0.4060399532 0.3066136837 -0.6580963135 0.6876752973
64.5 198.5 1828.0 0.8285213113 0.4274286032 0.3617419004 -0.0213189386 0.6696264148 -0.7423920035 -0.5595515370 0.6073756814 0.5639120936
240.2 194.0 1709.2 -0.8304446340 0.4274286032 0.3573044538 0.5563479066 0.6696264148 0.4920136333 -0.0289598070 0.6073756814 -0.7938867211
-116.5 -207.6 1935.7 0.9913932085 0.1303075999 0.0126261013 -0.1166691035 0.9231287241 -0.3663627505 -0.0593953691 0.3617364764 0.9303864241
-167.5 -569.0 1794.1 0.9982101321 0.0000000000 0.0598037764 0.0000000000 1.0000000000 0.0000000000 -0.0598037764 0.0000000000 0.9982101321
62.5 -186.7 1924.6 0.9716868997 0.0513825491 -0.2306173891 -0.1036300883 0.9698551893 -0.2205487192 0.2123331130 0.2382032126 0.9477203488
42.4 -566.1 1831.4 0.9769468904 0.0000000000 -0.2134825289 0.0000000000 1.0000000000 0.0000000000 0.2134825289 0.0000000000 0.9769468904
-142.7 -366.0 1743.9 0 0 0 0 0 0 0 0 0
23.5 339.2 1701.7 0 0 0 0 0 0 0 0 0
-167.5 -945.7 1794.1 0 0 0 0 0 0 0 0 0
42.4 -942.7 1831.4 0 0 0 0 0 0 0 0 0
-31.7 460.2 1865.6 1 0.9928155541 0.1193048507 0.0091454834 -0.1187059507 0.9916676879 -0.0500408113 -0.0150393918 0.0485956743 0.9987053275
-60.5 221.3 1853.9 0.9928155541 0.1193048507 0.0091454834 -0.1187059507 0.9916676879 -0.0500408113 -0.0150393918 0.0485956743 0.9987053275
-52.9 29.1 1876.4 0.9991312027 -0.0384944417 0.0159682482 0.0363580212 0.9924102426 0.1174734831 -0.0203691293 -0.1167908534 0.9929476380
-202.2 216.4 1857.5 0.0526305959 -0.7417333722 -0.6686266661 0.9953789115 0.0928168148 -0.0246145502 0.0803172290 -0.6642413735 0.7431907654
-219.3 -107.3 1831.4 -0.2693072557 -0.7210733891 -0.6383782029 0.9157967567 0.0133511052 -0.4014200866 0.2979763746 -0.6927300692 0.6567611098
81.2 226.3 1850.3 0.7337862849 0.5173544288 0.4403431118 -0.1696960181 0.7671827674 -0.6185740232 -0.6578456759 0.3791766763 0.6507412195
238.3 189.9 1709.5 -0.8210868835 0.5173544288 0.2411652356 0.5698658824 0.7671827674 0.2944205105 -0.0326980501 0.3791766763 -0.9247463942
-125.8 -186.0 1915.6 0.9946408272 0.1017469317 -0.0183622129 -0.1026854441 0.9514465928 -0.2901811004 -0.0120543735 0.2905115187 0.9567955732
-167.2 -573.9 1797.2 0.9999265671 0.0000000000 0.0121184327 0.0000000000 1.0000000000 0.0000000000 -0.0121184327 0.0000000000 0.9999265671
57.7 -177.2 1911.6 0.9632427096 0.0439798981 -0.2650080621 -0.0914617032 0.9812605381 -0.1695951223 0.2525831759 0.1875993609 0.9492145181
40.2 -568.0 1836.9 0.9672970176 0.0000000000 -0.2536463141 0.0000000000 1.0000000000 0.0000000000 0.2536463141 0.0000000000 0.9672970176
-143.4 -365.3 1747.5 0 0 0 0 0 0 0 0 0
25.0 338.0 1701.0 0 0 0 0 0 0 0 0 0
-167.2 -950.6 1797.2 0 0 0 0 0 0 0 0 0
40.2 -944.6 1836.9 0 0 0 0 0 0 0 0 0
-33.4 458.5 1864.5 2 0.9918494821 0.1190408990 -0.0454297177 -0.1208694801 0.9918671250 -0.0398764536 0.0403133184 0.0450425074 0.9981713295
-62.6 215.0 1853.4 0.9918494821 0.1190408990 -0.0454297177 -0.1208694801 0.9918671250 -0.0398764536 0.0403133184 0.0450425074 0.9981713295
-59.9 21.4 1873.4 0.9991998672 -0.0130916974 -0.0377925858 0.0169375595 0.9945052862 0.1033072025 0.0362324566 -0.1038646549 0.9939312339
-204.4 212.8 1848.6 0.0952200517 -0.7060378194 -0.7017433643 0.9953606725 0.0577613562 0.0769463554 -0.0137933902 -0.7058146000 0.7082623243
-229.3 -47.7 1852.2 -0.2286611199 -0.7066869140 -0.6695578694 0.9233969450 0.0603713989 -0.3790690601 0.3083052933 -0.7049460411 0.6387479305
79.2 217.3 1858.2 0.7184769511 0.5380762219 0.4407548606 -0.1630482078 0.7463121414 -0.6453166008 -0.6761701703 0.3917807937 0.6239404082
232.6 182.5 1713.8 -0.7989489436 0.5380762219 0.2686161399 0.5997049809 0.7463121414 0.2887423337 -0.0451061130 0.3917807937 -0.9189522266
-141.3 -158.7 1895.6 0.9963140488 0.0484757274 -0.0707698464 -0.0626885742 0.9746090174 -0.2149592042 0.0585526228 0.2186033428 0.9740555286
-160.4 -543.0 1809.4 0.9982775450 0.0000000000 -0.0586680137 0.0000000000 1.0000000000 0.0000000000 0.0586680137 0.0000000000 0.9982775450
40.8 -156.6 1893.9 0.9471377134 -0.0196236335 -0.3202266097 -0.0186660569 0.9930663109 -0.1160643548 0.3202838600 0.1159062907 0.9402042031
48.5 -546.1 1848.4 0.9473027587 0.0000000000 -0.3203396797 0.0000000000 1.0000000000 0.0000000000 0.3203396797 0.0000000000 0.9473027587
-165.0 -307.6 1765.4 0 0 0 0 0 0 0 0 0
25.9 337.6 1702.1 0 0 0 0 0 0 0 0 0
-160.4 -919.7 1809.4 0 0 0 0 0 0 0 0 0
48.5 -922.8 1848.4 0 0 0 0 0 0 0 0 0
-37.2 458.6 1859.4 3 0.9927757978 0.0999485627 -0.0663815662 -0.1014463082 0.9946483374 -0.0195802599 0.0640692934 0.0261729732 0.9976021647
-61.9 213.4 1852.9 0.9927757978 0.0999485627 -0.0663815662 -0.1014463082 0.9946483374 -0.0195802599 0.0640692934 0.0261729732 0.9976021647
-61.7 19.4 1875.1 0.9982136488 -0.0009796119 -0.0597372539 0.0077907336 0.9934625626 0.1138922274 0.0592351556 -0.1141541749 0.9916955233
-203.8 212.4 1844.7 0.1217901185 -0.6892099380 -0.7142525911 0.9917151332 0.0548847765 0.1161409467 -0.0408439003 -0.7224799395 0.6901843548
-236.0 -49.7 1855.4 -0.2012496591 -0.7016907930 -0.6834680438 0.9186717868 0.1069197133 -0.3802766800 0.3399128616 -0.7044133544 0.6231060028
80.0 214.4 1861.2 0.6911787987 0.5685960650 0.4460609257 -0.1831762940 0.7349095941 -0.6529581547 -0.6990839243 0.3696030676 0.6121072173
225.5 175.9 1714.0 -0.7799228430 0.5685960650 0.2615700066 0.6244743466 0.7349095941 0.2644611597 -0.0418587327 0.3696030676 -0.9282464385
-150.3 -169.9 1887.6 0.9954216480 0.0029232420 -0.0955363512 -0.0230911635 0.9772800207 -0.2106906921 0.0927498639 0.2119321227 0.9728732109
-151.4 -553.6 1804.4 0.9956871271 0.0000000000 -0.0927745998 0.0000000000 1.0000000000 0.0000000000 0.0927745998 0.0000000000 0.9956871271
30.8 -169.1 1895.1 0.9374532700 -0.0696100593 -0.3410803378 0.0191245563 0.9886218905 -0.1492013633 0.3475854099 0.1333463043 0.9281180501
58.0 -556.1 1842.9 0.9376247525 0.0000000000 -0.3476489782 0.0000000000 1.0000000000 0.0000000000 0.3476489782 0.0000000000 0.9376247525
-179.4 -308.1 1759.8 0 0 0 0 0 0 0 0 0
25.2 336.3 1703.3 0 0 0 0 0 0 0 0 0
-151.4 -930.3 1804.4 0 0 0 0 0 0 0 0 0
58.0 -932.8 1842.9 0 0 0 0 0 0 0 0 0
-40.1 457.8 1856.8 4 0.9967192411 0.0751684383 -0.0300073568 -0.0748539343 0.9971285462 0.0114718499 0.0307835117 -0.0091880448 0.9994838238
-56.9 235.8 1858.9 0.9967192411 0.0751684383 -0.0300073568 -0.0748539343 0.9971285462 0.0114718499 0.0307835117 -0.0091880448 0.9994838238
-60.8 41.0 1874.8 0.9994472265 0.0198890660 -0.0266388971 -0.0176410358 0.9964665771 0.0821169391 0.0281779990 -0.0816016123 0.9962666035
-199.0 238.2 1855.0 0.1375842839 -0.7093481421 -0.6913000345 0.9904799461 0.0953727365 0.0992651358 -0.0044823661 -0.6983761191 0.7157168984
-239.1 -50.5 1856.3 -0.1875780225 -0.7125571370 -0.6760745645 0.9214861393 0.1106707528 -0.3723106980 0.3401143253 -0.6928306222 0.6358521581
85.3 233.3 1862.7 0.6425856352 0.6353262067 0.4283040464 -0.3318864703 0.7346175313 -0.5917671919 -0.6906048656 0.2381127924 0.6829108596
220.4 163.5 1717.5 -0.7435279489 0.6353262067 0.2086308897 0.6651987433 0.7346175313 0.1335952133 -0.0683873817 0.2381127924 -0.9688268304
-153.0 -173.4 1890.6 0.9974713922 -0.0085316142 -0.0705547631 -0.0065225209 0.9775884151 -0.2104242891 0.0707687736 0.2103524059 0.9750608206
-149.7 -556.7 1808.1 0.9974926114 0.0000000000 -0.0707702786 0.0000000000 1.0000000000 0.0000000000 0.0707702786 0.0000000000 0.9974926114
27.6 -173.1 1901.8 0.9456856847 -0.0750419050 -0.3163024783 0.0214810912 0.9852903485 -0.1695329994 0.3243718743 0.1535304040 0.9333869815
57.0 -558.8 1841.7 0.9459039569 0.0000000000 -0.3244467378 0.0000000000 1.0000000000 0.0000000000 0.3244467378 0.0000000000 0.9459039569
-186.3 -309.9 1760.6 0 0 0 0 0 0 0 0 0
30.5 333.4 1700.1 0 0 0 0 0 0 0 0 0
-149.7 -933.4 1808.1 0 0 0 0 0 0 0 0 0
57.0 -935.5 1841.7 0 0 0 0 0 0 0 0 0
-43.9 457.2 1857.0 5 0.9983738065 0.0542349927 -0.0175601728 -0.0537350178 0.9981684089 0.0277914051 0.0190352760 -0.0268026125 0.9994595051
-55.3 246.5 1862.7 0.9983738065 0.0542349927 -0.0175601728 -0.0537350178 0.9981684089 0.0277914051 0.0190352760 -0.0268026125 0.9994595051
-60.4 51.3 1874.6 0.9995400310 0.0256176777 -0.0162312686 -0.0245832596 0.9978344440 0.0610087626 0.0177590214 -0.0605816841 0.9980052710
-197.6 249.9 1860.3 0.1476660520 -0.7171318531 -0.6811142564 0.9890292287 0.1042888686 0.1046185270 -0.0039926423 -0.6890904903 0.7246642709
-238.4 -23.5 1861.4 -0.1525868773 -0.7190936804 -0.6779538989 0.9355576634 0.1159826741 -0.3335864246 0.3185108006 -0.6851658821 0.6550561786
87.0 243.0 1865.2 0.5828069448 0.7002730370 0.4122544527 -0.4463599324 0.6998081207 -0.5577018857 -0.6790426373 0.1410186589 0.7204268575
211.1 147.9 1720.5 -0.6945450306 0.7002730370 0.1649995148 0.7135437727 0.6998081207 0.0335245132 -0.0919916853 0.1410186589 -0.9857237339
-155.8 -151.2 1887.6 0.9979171157 -0.0153507637 -0.0626564547 0.0036961210 0.9832848310 -0.1820363253 0.0644035414 0.1814255714 0.9812934995
-149.7 -536.4 1816.5 0.9979239106 0.0000000000 -0.0644039810 0.0000000000 1.0000000000 0.0000000000 0.0644039810 0.0000000000 0.9979239106
24.9 -154.8 1892.9 0.9465770721 -0.0812970325 -0.3120619953 0.0403965861 0.9899715185 -0.1353681684 0.3199374974 0.1155301630 0.9403684139
56.7 -542.2 1847.7 0.9473503232 0.0000000000 -0.3201988637 0.0000000000 1.0000000000 0.0000000000 0.3201988637 0.0000000000 0.9473503232
-195.5 -286.7 1771.7 0 0 0 0 0 0 0 0 0
33.8 330.2 1697.0 0 0 0 0 0 0 0 0 0
-149.7 -913.0 1816.5 0 0 0 0 0 0 0 0 0
56.7 -918.9 1847.7 0 0 0 0 0 0 0 0 0
-47.3 457.1 1857.2 6 0.9992942810 0.0345554538 -0.0147277992 -0.0339961797 0.9987490773 0.0366680659 0.0159764569 -0.0361414999 0.9992189407
-54.4 251.8 1864.6 0.9992942810 0.0345554538 -0.0147277992 -0.0339961797 0.9987490773 0.0366680659 0.0159764569 -0.0361414999 0.9992189407
-58.2 56.4 1874.3 0.9997041821 0.0196270924 -0.0143620903 -0.0188842323 0.9985631704 0.0501490794 0.0153257353 -0.0498630293 0.9986384511
-196.8 254.5 1862.4 0.1556071043 -0.7195342183 -0.6767990589 0.9877578020 0.1057100669 0.1147166491 -0.0109980796 -0.6863642931 0.7271747589
-238.4 -10.0 1865.4 -0.1015911177 -0.7241713405 -0.6820961237 0.9451994896 0.1435888261 -0.2932237685 0.3102856278 -0.6745058298 0.6698990464
88.0 249.1 1866.7 0.5309030414 0.7430284619 0.4074932039 -0.5132873654 0.6645643115 -0.5430380702 -0.6742981672 0.0791394413 0.7342063189
202.5 138.4 1721.3 -0.6569267511 0.7430284619 0.1278906763 0.7468153834 0.6645643115 -0.0249210242 -0.1035086066 0.0791394413 -0.9914751053
-156.1 -141.2 1884.5 0.9980739951 -0.0169402454 -0.0596768185 0.0060336208 0.9839400053 -0.1783973426 0.0617405064 0.1776936799 0.9821471572
-149.5 -526.6 1814.9 0.9980921745 0.0000000000 -0.0617416315 0.0000000000 1.0000000000 0.0000000000 0.0617416315 0.0000000000 0.9980921745
24.6 -145.8 1887.8 0.9462243915 -0.0895198509 -0.3108787239 0.0516173802 0.9904183745 -0.1280900836 0.3193666041 0.1051552221 0.9417788386
59.6 -533.6 1846.6 0.9474874735 0.0000000000 -0.3197928965 0.0000000000 1.0000000000 0.0000000000 0.3197928965 0.0000000000 0.9474874735
-209.9 -275.8 1778.2 0 0 0 0 0 0 0 0 0
35.6 328.2 1695.0 0 0 0 0 0 0 0 0 0
-149.5 -903.3 1814.9 0 0 0 0 0 0 0 0 0
59.6 -910.2 1846.6 0 0 0 0 0 0 0 0 0
-49.4 454.8 1857.2 7 0.9994475245 0.0244466569 -0.0225170292 -0.0234890040 0.9988475442 0.0418552309 0.0235143006 -0.0413032062 0.9988698959
-54.4 252.4 1865.6 0.9994475245 0.0244466569 -0.0225170292 -0.0234890040 0.9988475442 0.0418552309 0.0235143006 -0.0413032062 0.9988698959
-57.5 56.8 1874.3 0.9996253848 0.0156449359 -0.0224576723 -0.0146266278 0.9988883138 0.0448129736 0.0231338032 -0.0444677062 0.9987429380
-196.8 254.4 1862.3 0.1536479443 -0.7152614594 -0.6817575693 0.9880303741 0.1016282514 0.1160501614 -0.0137203801 -0.6914280653 0.7223150134
-237.3 -6.1 1865.9 -0.0600230508 -0.7209520340 -0.6903805733 0.9521749020 0.1662328094 -0.2563779056 0.2996000946 -0.6727516651 0.6764946580
88.0 250.3 1868.9 0.4873928130 0.7797610760 0.3929642141 -0.5387958884 0.6227133870 -0.5673860908 -0.6871296763 0.0648123920 0.7236381173
195.1 132.0 1718.0 -0.6187905669 0.7797610760 0.0952413157 0.7822931409 0.6227133870 -0.0156664234 -0.0715241134 0.0648123920 -0.9953309298
-152.6 -137.1 1882.6 0.9977291226 -0.0084645413 -0.0668203682 -0.0031881190 0.9850249290 -0.1723825336 0.0672788620 0.1722040921 0.9827610850
-149.3 -523.0 1815.1 0.9977341890 0.0000000000 -0.0672792047 0.0000000000 1.0000000000 0.0000000000 0.0672792047 0.0000000000 0.9977341890
28.1 -140.6 1885.4 0.9442905784 -0.0799214840 -0.3192613721 0.0443923250 0.9921319485 -0.1170620844 0.3261051774 0.0963678733 0.9404087663
59.4 -529.1 1847.6 0.9452224374 0.0000000000 -0.3264269829 0.0000000000 1.0000000000 0.0000000000 0.3264269829 0.0000000000 0.9452224374
-220.5 -273.9 1781.7 0 0 0 0 0 0 0 0 0
37.6 331.0 1699.8 0 0 0 0 0 0 0 0 0
-149.3 -899.6 1815.1 0 0 0 0 0 0 0 0 0
59.4 -905.8 1847.6 0 0 0 0 0 0 0 0 0
-50.9 453.8 1860.2 8 0.9996017814 0.0195229463 -0.0203761030 -0.0187461693 0.9991154671 0.0376409069 0.0210929420 -0.0372439437 0.9990835786
-54.8 252.7 1867.7 0.9996017814 0.0195229463 -0.0203761030 -0.0187461693 0.9991154671 0.0376409069 0.0210929420 -0.0372439437 0.9990835786
-57.6 57.0 1874.8 0.9996907711 0.0142226582 -0.0203975178 -0.0134742083 0.9992474318 0.0363727137 0.0208994858 -0.0360866264 0.9991301298
-197.2 254.6 1864.8 0.1469043195 -0.7171603441 -0.6812489629 0.9891465306 0.1045084670 0.1032817215 -0.0028732731 -0.6890275478 0.7247294188
-236.2 -7.9 1865.5 -0.0369811468 -0.7219880819 -0.6909165382 0.9555204511 0.1768898070 -0.2359888107 0.2925972044 -0.6689119935 0.6833327413
87.7 250.7 1870.7 0.4642077684 0.8019964695 0.3759159446 -0.5490364432 0.5935877562 -0.5883983374 -0.6950324774 0.0667475238 0.7158733010
191.5 127.9 1715.2 -0.5901047587 0.8019964695 0.0926176906 0.8046613336 0.5935877562 -0.0131813064 -0.0655480921 0.0667475238 -0.9956144691
-151.6 -137.3 1880.8 0.9979110956 -0.0026644142 -0.0645468682 -0.0086227348 0.9847154021 -0.1739575118 0.0640237927 0.1741507053 0.9826354980
-150.6 -520.7 1813.0 0.9979447722 0.0008380970 -0.0640742555 -0.0012063356 0.9999829531 -0.0057085888 0.0640683770 0.0057741515 0.9979287982
29.7 -140.0 1885.0 0.9452303052 -0.0724827051 -0.3182545304 0.0389160439 0.9931030869 -0.1105975434 0.3240759671 0.0921549350 0.9415318370
58.1 -529.0 1849.0 0.9459468722 0.0000000000 -0.3243216574 0.0000000000 1.0000000000 0.0000000000 0.3243216574 0.0000000000 0.9459468722
-225.8 -276.8 1783.2 0 0 0 0 0 0 0 0 0
41.5 332.5 1698.5 0 0 0 0 0 0 0 0 0
-150.9 -897.4 1810.8 0 0 0 0 0 0 0 0 0
58.1 -905.6 1849.0 0 0 0 0 0 0 0 0 0
-52.1 452.1 1862.3 9 0.9996623993 0.0163808390 -0.0201684404 -0.0156436712 0.9992228150 0.0361812413 0.0207454432 -0.0358535163 0.9991416931
-55.4 252.3 1869.4 0.9996623993 0.0163808390 -0.0201684404 -0.0156436712 0.9992228150 0.0361812413 0.0207454432 -0.0358535163 0.9991416931
-57.9 56.6 1875.8 0.9997116923 0.0129452618 -0.0202213414 -0.0122822253 0.9993938208 0.0325759798 0.0206307862 -0.0323182233 0.9992646575
-197.9 254.1 1866.5 0.1444352120 -0.7169677019 -0.6819792986 0.9894902110 0.1094582453 0.0944884866 0.0069030668 -0.6884593368 0.7252421379
-236.1 -7.9 1864.7 -0.0341322385 -0.7213575244 -0.6917212605 0.9554876089 0.1793924868 -0.2342259288 0.2930502295 -0.6689257622 0.6831250787
87.1 250.6 1872.4 0.4472438097 0.8150914907 0.3682374656 -0.5482010841 0.5751236081 -0.6072136760 -0.7067167759 0.0697043836 0.7040544748
189.4 125.2 1710.7 -0.5732039213 0.8150914907 0.0840422735 0.8180648685 0.5751236081 0.0016614599 -0.0469804518 0.0697043836 -0.9964607954
-151.1 -137.4 1879.9 0.9978871346 -0.0102378884 -0.0641594678 -0.0008493983 0.9853667617 -0.1704452932 0.0649656057 0.1701396555 0.9832761288
-147.1 -522.2 1813.5 0.9978872538 0.0004190467 -0.0649677888 -0.0006057259 0.9999957681 -0.0028537400 0.0649663135 0.0028870634 0.9978832603
30.0 -139.9 1883.7 0.9452765584 -0.0683807805 -0.3190240264 0.0385538600 0.9943505526 -0.0988966599 0.3239843547 0.0811850876 0.9425725937
56.7 -529.3 1851.9 0.9459798336 0.0000000000 -0.3242253959 0.0000000000 1.0000000000 0.0000000000 0.3242253959 0.0000000000 0.9459798336
-226.5 -276.9 1782.2 0 0 0 0 0 0 0 0 0
43.7 333.1 1698.8 0 0 0 0 0 0 0 0 0
-147.2 -898.9 1812.4 0 0 0 0 0 0 0 0 0
56.7 -906.0 1851.9 0 0 0 0 0 0 0 0 0
-53.2 450.5 1868.3 0 0.9995255470 0.0138845155 -0.0274942685 -0.0132833235 0.9996712804 0.0219292901 0.0277897064 -0.0215536710 0.9993814230
-56.0 251.3 1872.6 0.9995255470 0.0138845155 -0.0274942685 -0.0132833235 0.9996712804 0.0219292901 0.0277897064 -0.0215536710 0.9993814230
-58.5 55.5 1876.2 0.9995384216 0.0128329927 -0.0275364127 -0.0123184379 0.9997478127 0.0187753141 0.0277704131 -0.0184274428 0.9994444847
-198.4 253.1 1868.6 0.1391063333 -0.7128105760 -0.6874231100 0.9901124239 0.1127862930 0.0834066346 0.0180787686 -0.6922284961 0.7214518785
-235.4 -10.2 1863.8 -0.0299437866 -0.7170075774 -0.6964219809 0.9554371834 0.1841714680 -0.2306959778 0.2936718166 -0.6722953320 0.6795408726
86.5 249.6 1876.5 0.4316043258 0.8331422806 0.3458203077 -0.5406409502 0.5457960963 -0.6401671767 -0.7220976949 0.0893343166 0.6859987378
187.5 123.0 1707.5 -0.5462763906 0.8331422806 0.0863485783 0.8373377919 0.5457960963 0.0311772320 -0.0211536475 0.0893343166 -0.9957770109
-151.0 -138.0 1880.2 0.9973732233 -0.0114262747 -0.0715268478 -0.0004303368 0.9865272641 -0.1635964513 0.0724324808 0.1631975025 0.9839309454
-146.5 -523.8 1816.4 0.9973732829 0.0002095222 -0.0724330246 -0.0003135305 0.9999989271 -0.0014245560 0.0724326521 0.0014435240 0.9973722696
29.9 -140.2 1883.9 0.9426108599 -0.0694660693 -0.3265872002 0.0380166322 0.9940864444 -0.1017197967 0.3317219615 0.0834664404 0.9396775365
57.1 -529.6 1851.2 0.9432927966 0.0000000000 -0.3319619596 0.0000000000 1.0000000000 0.0000000000 0.3319619596 0.0000000000 0.9432927966
-227.0 -279.3 1781.1 0 0 0 0 0 0 0 0 0
50.6 332.9 1702.2 0 0 0 0 0 0 0 0 0
-146.6 -900.5 1815.8 0 0 0 0 0 0 0 0 0
57.1 -906.3 1851.2 0 0 0 0 0 0 0 0 0
-52.5 449.1 1869.8 1 0.9990594983 0.0144488038 -0.0408825353 -0.0136862500 0.9997282624 0.0188711248 0.0411440879 -0.0182938483 0.9989857078
-55.3 250.5 1873.4 0.9990594983 0.0144488038 -0.0408825353 -0.0136862500 0.9997282624 0.0188711248 0.0411440879 -0.0182938483 0.9989857078
-58.2 54.7 1876.3 0.9990571737 0.0144766234 -0.0409297049 -0.0138475997 0.9997822642 0.0156103801 0.0411467776 -0.0150288837 0.9990400672
-197.7 252.5 1867.5 0.1447771192 -0.7040553689 -0.6952306628 0.9894045591 0.1107288972 0.0939024687 0.0108695906 -0.7014593482 0.7126265764
-236.2 -10.7 1864.7 -0.0331671983 -0.7090202570 -0.7044076920 0.9538266063 0.1880569756 -0.2341995388 0.2985210121 -0.6796505451 0.6700450182
87.0 248.6 1879.3 0.4058636427 0.8507922292 0.3338073492 -0.5230023265 0.5157377124 -0.6785890460 -0.7494953275 0.1008325964 0.6542854905
183.0 124.9 1702.0 -0.5197183490 0.8507922292 0.0777526572 0.8541832566 0.5157377124 0.0662235171 0.0162424706 0.1008325964 -0.9947708249
-151.4 -139.1 1877.3 0.9962812662 -0.0131300204 -0.0851543695 0.0000579173 0.9884222746 -0.1517280042 0.0861606672 0.1511588395 0.9847473502
-146.3 -526.0 1818.1 0.9962812662 0.0001047608 -0.0861606076 -0.0001665584 0.9999997616 -0.0007100492 0.0861605108 0.0007217595 0.9962810278
29.3 -141.4 1882.3 0.9380591512 -0.0665677935 -0.3400201499 0.0365328714 0.9949026108 -0.0939899608 0.3445436358 0.0757462308 0.9357094765
55.4 -531.1 1852.6 0.9386857748 0.0000000000 -0.3447737992 0.0000000000 1.0000000000 0.0000000000 0.3447737992 0.0000000000 0.9386857748
-226.9 -279.4 1780.6 0 0 0 0 0 0 0 0 0
53.4 338.0 1706.1 0 0 0 0 0 0 0 0 0
-146.3 -902.6 1817.8 0 0 0 0 0 0 0 0 0
55.4 -907.7 1852.6 0 0 0 0 0 0 0 0 0
-52.3 447.6 1871.0 2 0.9931012988 0.0089989612 -0.1169139817 -0.0099651273 0.9999208450 -0.0076819905 0.1168356016 0.0087940572 0.9931123257
-54.3 228.7 1869.1 0.9931012988 0.0089989612 -0.1169139817 -0.0099651273 0.9999208450 -0.0076819905 0.1168356016 0.0087940572 0.9931123257
-50.8 33.0 1872.8 0.9929671288 -0.0179710165 -0.1170184314 0.0199303869 0.9996797442 0.0155954808 0.1167006865 -0.0178180225 0.9930073023
-195.3 225.9 1852.5 0.1624663025 -0.6539117694 -0.7389208674 0.9856908917 0.0734617114 0.1517132223 -0.0449246727 -0.7529958487 0.6564899087
-234.5 -12.0 1863.4 -0.0223053899 -0.6633432508 -0.7479827404 0.9549645782 0.2072866708 -0.2123084664 0.2958802283 -0.7190326452 0.6288456917
86.8 231.5 1885.7 0.3947569132 0.8634150624 0.3141359389 -0.4346490800 0.4767185748 -0.7640808821 -0.8094733953 0.1650872976 0.5634705424
178.1 130.9 1698.4 -0.4907159507 0.8634150624 0.1170993000 0.8695509434 0.4767185748 0.1289207935 0.0554887503 0.1650872976 -0.9847168326
-149.1 -143.6 1874.2 0.9879295230 -0.0013429149 -0.1548980176 -0.0200234242 0.9904658794 -0.1362951100 0.1536042392 0.1377515644 0.9784836173
-148.6 -527.5 1820.8 0.9881265759 0.0000523803 -0.1536419392 -0.0001072045 0.9999999404 -0.0003485464 0.1536419094 0.0003608791 0.9881265163
29.3 -142.3 1883.0 0.9108230472 -0.0688700154 -0.4070113599 0.0307455081 0.9945638776 -0.0994859412 0.4116503894 0.0781003237 0.9079891443
56.3 -531.9 1852.4 0.9112538695 0.0000000000 -0.4118450880 0.0000000000 1.0000000000 0.0000000000 0.4118450880 0.0000000000 0.9112538695
-228.2 -281.0 1780.0 0 0 0 0 0 0 0 0 0
56.1 347.2 1712.2 0 0 0 0 0 0 0 0 0
-148.6 -904.2 1820.7 0 0 0 0 0 0 0 0 0
56.3 -908.6 1852.4 0 0 0 0 0 0 0 0 0
-51.4 447.2 1871.2 3 0.9885539412 0.0293997191 -0.1479754150 -0.0331802331 0.9991813898 -0.0231443904 0.1471738368 0.0277893376 0.9887201786
-58.3 213.8 1864.7 0.9885539412 0.0293997191 -0.1479754150 -0.0331802331 0.9991813898 -0.0231443904 0.1471738368 0.0277893376 0.9887201786
-48.9 18.7 1875.2 0.9876996875 -0.0485621877 -0.1486304551 0.0558279455 0.9974209666 0.0451071709 0.1460566372 -0.0528500751 0.9878635406
-198.7 205.8 1844.0 0.1389776021 -0.6292569637 -0.7646704912 0.9888209701 0.0460561886 0.1418163776 -0.0540211350 -0.7758315206 0.6286232471
-232.7 -36.3 1857.2 -0.0168270823 -0.6431108713 -0.7655882239 0.9521282911 0.2234442085 -0.2086251229 0.3052353263 -0.7324486971 0.6085640788
82.1 221.8 1885.3 0.4082624614 0.8661447763 0.2882966995 -0.3790372908 0.4481461942 -0.8096269369 -0.8304532170 0.2212650776 0.5112624168
175.0 135.5 1696.3 -0.4729594588 0.8661447763 0.1615629196 0.8780539036 0.4481461942 0.1678877771 0.0730113164 0.2212650776 -0.9724767804
-135.6 -166.4 1865.4 0.9821860194 0.0495542176 -0.1812593937 -0.0694582686 0.9920263290 -0.1051634103 0.1746028066 0.1158799976 0.9777963161
-154.9 -552.3 1820.3 0.9845618010 0.0000261901 -0.1750373691 -0.0000573694 1.0000000000 -0.0001730694 0.1750373691 0.0001804394 0.9845618010
42.2 -160.9 1887.1 0.9019768238 -0.0117268376 -0.4316251576 -0.0300838687 0.9954950809 -0.0899135768 0.4307351410 0.0940849185 0.8975607157
46.8 -550.2 1850.3 0.9023852944 0.0000000000 -0.4309301972 0.0000000000 1.0000000000 0.0000000000 0.4309301972 0.0000000000 0.9023852944
-228.0 -304.6 1771.2 0 0 0 0 0 0 0 0 0
57.1 354.5 1714.5 0 0 0 0 0 0 0 0 0
-154.9 -929.0 1820.2 0 0 0 0 0 0 0 0 0
46.8 -926.8 1850.3 0 0 0 0 0 0 0 0 0
-52.1 447.5 1872.2 4 0.9857621789 0.0419064239 -0.1628398746 -0.0487783849 0.9980699420 -0.0384325087 0.1609150171 0.0458283797 0.9859036803
-62.6 198.4 1860.8 0.9857621789 0.0419064239 -0.1628398746 -0.0487783849 0.9980699420 -0.0384325087 0.1609150171 0.0458283797 0.9859036803
-46.7 3.6 1869.5 0.9830694795 -0.0813316107 -0.1641937643 0.0873948932 0.9957208633 0.0300356802 0.1610482931 -0.0438768566 0.9859707355
-202.4 185.9 1837.9 0.1174394786 -0.6199609041 -0.7757940292 0.9913266301 0.0267841574 0.1286626905 -0.0589868538 -0.7841753960 0.6177293062
-231.0 -55.4 1852.2 -0.0041483375 -0.6350774169 -0.7724373341 0.9525439739 0.2326034606 -0.1963559687 0.3043728471 -0.7365950942 0.6039742231
77.2 210.9 1883.7 0.4342007041 0.8582827449 0.2735333443 -0.3219689429 0.4314566851 -0.8427224755 -0.8413119316 0.2778414488 0.4636791945
174.3 138.9 1695.7 -0.4677141011 0.8582827449 0.2111735344 0.8804715276 0.4314566851 0.1965071410 0.0775464550 0.2778414488 -0.9574918747
-128.0 -182.4 1872.3 0.9782994390 0.0792248771 -0.1914514750 -0.1030705422 0.9876524806 -0.1179787368 0.1797406822 0.1351515353 0.9743856192
-158.9 -567.7 1819.6 0.9835360646 0.0000130950 -0.1807118952 -0.0000291832 1.0000000000 -0.0000863678 0.1807118952 0.0000902196 0.9835360646
49.5 -171.3 1898.9 0.8973552585 0.0150529565 -0.4410521090 -0.0758131817 0.9898183346 -0.1204657257 0.4347481132 0.1415381134 0.8893598914
43.6 -558.1 1843.6 0.8999452591 0.0000000000 -0.4360029101 0.0000000000 1.0000000000 0.0000000000 0.4360029101 0.0000000000 0.8999452591
-229.9 -323.8 1766.5 0 0 0 0 0 0 0 0 0
57.3 359.1 1715.1 0 0 0 0 0 0 0 0 0
-158.9 -944.4 1819.5 0 0 0 0 0 0 0 0 0
43.6 -934.8 1843.6 0 0 0 0 0 0 0 0 0
-51.7 447.1 1871.7 5 0.9847853184 0.0463359021 -0.1674838960 -0.0543156229 0.9975810647 -0.0433797538 0.1650687307 0.0518167354 0.9849199653
-63.6 191.4 1858.5 0.9847853184 0.0463359021 -0.1674838960 -0.0543156229 0.9975810647 -0.0433797538 0.1650687307 0.0518167354 0.9849199653
-45.4 -3.0 1871.1 0.9811309576 -0.0928063020 -0.1696142554 0.1022672504 0.9936029315 0.0479025804 0.1640835553 -0.0643446892 0.9843456745
-203.2 176.8 1835.1 0.1086143106 -0.6135165691 -0.7821766734 0.9928843975 0.0283094607 0.1156684011 -0.0488214791 -0.7891742587 0.6122258306
-230.6 -73.3 1847.4 -0.0136009734 -0.6291973591 -0.7771265507 0.9537099004 0.2253448665 -0.1991410106 0.3004204929 -0.7438617945 0.5970068574
76.1 206.0 1881.8 0.4555189312 0.8523297310 0.2569757700 -0.2968821228 0.4175830185 -0.8587697148 -0.8392636776 0.3148943484 0.4432584345
176.9 140.3 1696.2 -0.4601681232 0.8523297310 0.2485544980 0.8849016428 0.4175830185 0.2063334286 0.0720719770 0.3148943484 -0.9463863969
-119.3 -199.5 1863.6 0.9744318724 0.1150525659 -0.1929907352 -0.1321244538 0.9881582856 -0.0780147612 0.1817295998 0.1015188619 0.9780942202
-164.2 -585.4 1823.9 0.9830490947 0.0000065475 -0.1833425313 -0.0000147071 1.0000000000 -0.0000431447 0.1833425313 0.0000451098 0.9830490947
57.8 -183.2 1892.8 0.8950250149 0.0477828830 -0.4434490502 -0.0921030864 0.9926156998 -0.0789369717 0.4364026487 0.1114935875 0.8928168416
39.1 -571.2 1849.2 0.8988455534 0.0000000000 -0.4382655025 0.0000000000 1.0000000000 0.0000000000 0.4382655025 0.0000000000 0.8988455534
-226.8 -342.0 1762.8 0 0 0 0 0 0 0 0 0
61.1 363.0 1714.3 0 0 0 0 0 0 0 0 0
-164.2 -962.0 1823.9 0 0 0 0 0 0 0 0 0
39.1 -947.9 1849.2 0 0 0 0 0 0 0 0 0
-52.0 447.6 1871.5 6 0.9853608608 0.0634564385 -0.1582315415 -0.0725980327 0.9959694147 -0.0526733920 0.1542513072 0.0633895993 0.9859960675
-68.7 185.6 1854.8 0.9853608608 0.0634564385 -0.1582315415 -0.0725980327 0.9959694147 -0.0526733920 0.1542513072 0.0633895993 0.9859960675
-48.4 -8.1 1874.0 0.9815484881 -0.1033137739 -0.1608998924 0.1173452660 0.9898416400 0.0802722424 0.1509721875 -0.0976719409 0.9837009907
-208.5 168.9 1833.4 0.0877877027 -0.6191715002 -0.7803332806 0.9949142933 0.0156635530 0.0994995609 -0.0493845008 -0.7850995660 0.6173976064
-230.6 -81.9 1845.8 -0.0282077976 -0.6387984157 -0.7688568830 0.9520853162 0.2171562314 -0.2153525501 0.3045289218 -0.7380919456 0.6020650864
71.1 202.3 1876.3 0.4868916571 0.8402152658 0.2386939973 -0.2696147859 0.4044988751 -0.8738927245 -0.8308094740 0.3611356616 0.4234815836
176.7 143.8 1696.1 -0.4520057738 0.8402152658 0.2995481193 0.8903566599 0.4044988751 0.2089154422 0.0543670543 0.3611356616 -0.9309270978
-115.7 -207.0 1868.9 0.9729853272 0.1342018247 -0.1878547817 -0.1522821635 0.9846479297 -0.0853146240 0.1735214442 0.1116168052 0.9784845114
-168.2 -592.0 1825.3 0.9844665527 0.0000032738 -0.1755723804 -0.0000071829 1.0000000000 -0.0000216298 0.1755723804 0.0000225549 0.9844665527
61.3 -188.2 1898.6 0.8980337381 0.0579066649 -0.4360988140 -0.1072030514 0.9902211428 -0.0892723203 0.4266647995 0.1269206852 0.8954598308
38.7 -575.6 1849.0 0.9032390118 0.0000000000 -0.4291378558 0.0000000000 1.0000000000 0.0000000000 0.4291378558 0.0000000000 0.9032390118
-222.7 -350.1 1760.0 0 0 0 0 0 0 0 0 0
62.2 369.4 1709.9 0 0 0 0 0 0 0 0 0
-168.2 -968.6 1825.3 0 0 0 0 0 0 0 0 0
38.7 -952.3 1849.0 0 0 0 0 0 0 0 0 0
-52.3 446.5 1867.4 7 0.9949111938 0.0326137617 -0.0953310356 -0.0341502130 0.9993110895 -0.0145297628 0.0947914943 0.0177113991 0.9953395724
-59.8 216.1 1863.3 0.9949111938 0.0326137617 -0.0953310356 -0.0341502130 0.9993110895 -0.0145297628 0.0947914943 0.0177113991 0.9953395724
-49.2 21.4 1876.7 0.9938192964 -0.0554000773 -0.0961980671 0.0614771582 0.9962180853 0.0614006929 0.0924326479 -0.0669351742 0.9934666157
-201.0 207.2 1850.3 0.0979820192 -0.6624220610 -0.7426954508 0.9948974848 0.0832363516 0.0570145883 0.0240515377 -0.7444922924 0.6671977043
-230.3 -90.9 1843.1 -0.0633742139 -0.6735619307 -0.7364088893 0.9483097196 0.1892694682 -0.2547268271 0.3109540343 -0.7144867778 0.6267505288
81.3 224.9 1876.3 0.4468548894 0.8591251969 0.2494485825 -0.3800411820 0.4347261786 -0.8164446354 -0.8098700047 0.2700315714 0.5207624435
180.0 141.0 1697.5 -0.4607990682 0.8591251969 0.2226389945 0.8866639137 0.4347261786 0.1576079726 0.0386179760 0.2700315714 -0.9620767236
-120.4 -200.1 1878.5 0.9833099246 0.1200927347 -0.1366722584 -0.1379085034 0.9819603562 -0.1293641925 0.1186710447 0.1460533589 0.9821332097
-168.8 -595.4 1819.7 0.9927959442 0.0000016369 -0.1198174134 -0.0000029763 1.0000000000 -0.0000110001 0.1198174134 0.0000112774 0.9927959442
59.1 -187.5 1904.9 0.9204245806 0.0485640354 -0.3878918290 -0.1046334952 0.9866549969 -0.1247546002 0.3766568303 0.1554136723 0.9132229686
40.0 -576.7 1843.6 0.9255048633 0.0000000000 -0.3787357807 0.0000000000 1.0000000000 0.0000000000 0.3787357807 0.0000000000 0.9255048633
-212.5 -357.9 1755.6 0 0 0 0 0 0 0 0 0
63.5 365.1 1707.3 0 0 0 0 0 0 0 0 0
-168.8 -972.1 1819.7 0 0 0 0 0 0 0 0 0
40.0 -953.4 1843.6 0 0 0 0 0 0 0 0 0
-52.7 445.3 1865.8 8 0.9913440347 -0.0077316775 -0.1310620755 0.0077161202 0.9999700189 -0.0006265469 0.1310629994 -0.0003901673 0.9913739562
-50.9 211.8 1865.9 0.9913440347 -0.0077316775 -0.1310620755 0.0077161202 0.9999700189 -0.0006265469 0.1310629994 -0.0003901673 0.9913739562
-42.7 16.7 1876.8 0.9903180599 -0.0420378968 -0.1322987676 0.0488943048 0.9976008534 0.0490093008 0.1299211085 -0.0550034530 0.9899975657
-191.7 204.8 1847.5 0.1489959657 -0.6371853352 -0.7561713457 0.9883427620 0.0717676952 0.1342681944 -0.0312850401 -0.7673618793 0.6404505968
-231.2 -57.3 1855.8 -0.0845272094 -0.6522243619 -0.7532984614 0.9448558092 0.1875858605 -0.2684382200 0.3163900971 -0.7344487309 0.6004018784
89.9 218.8 1884.3 0.4062144756 0.8681051135 0.2852776349 -0.3578717113 0.4383952916 -0.8244618773 -0.8407839537 0.2328155488 0.4887527823
180.1 139.3 1697.6 -0.4617104530 0.8681051135 0.1822552532 0.8853580356 0.4383952916 0.1547601968 0.0544482768 0.2328155488 -0.9709955454
-129.8 -172.8 1881.3 0.9815605283 0.0813446492 -0.1729796827 -0.1042310670 0.9863305688 -0.1276241690 0.1602336019 0.1433007121 0.9766218066
