59.8 475.1 2291.4 2 0.9789400697 -0.1522704810 0.1359780729 0.1313934922 0.9797337055 0.1511873454 -0.1562436670 -0.1301367134 0.9791079164
90.4 277.7 2317.6 0.9789400697 -0.1522704810 0.1359780729 0.1313934922 0.9797337055 0.1511873454 -0.1562436670 -0.1301367134 0.9791079164
90.4 79.0 2315.2 0.9889180064 0.0005132555 0.1484616697 0.0012315633 0.9999312758 -0.0116604874 -0.1484574527 0.0117141055 0.9888494015
-48.5 277.6 2338.5 0.3318942785 -0.8604233265 -0.3866753876 0.5583921671 0.5095781088 -0.6546207666 0.7602922916 0.0013483906 0.6495797038
-125.0 148.9 2163.3 -0.5070477724 -0.8604233265 -0.0507370867 -0.8564082980 0.5095781088 -0.0830361024 0.0973007083 0.0013483906 -0.9952540994
229.4 277.9 2296.7 0.1704490632 0.4202411771 0.8912600279 -0.9844002128 0.0325753540 0.1729019433 0.0436274000 -0.9068275690 0.4192379117
273.3 24.4 2308.0 -0.0663332567 0.4455831945 0.8927796483 -0.9496071339 0.2465141267 -0.1935898513 -0.3063431680 -0.8606314063 0.4067769051
0.7 -118.0 2329.7 0.9898265600 0.0750069693 0.1209020242 -0.0750755817 0.9971698523 -0.0039939797 -0.1208594292 -0.0051234425 0.9926564097
-29.1 -514.4 2331.7 0.9906082153 0.0455538072 0.1289192587 -0.0604227632 0.9916551113 0.1138822809 -0.1226556748 -0.1206023768 0.9850942492
181.8 -117.2 2302.9 0.8986218572 0.0149432700 0.4384694695 0.0066791414 0.9988379478 -0.0477294996 -0.4386731982 0.0458193682 0.8974778056
175.8 -514.3 2284.7 0.9056459069 -0.0387504324 0.4222604334 -0.0791772529 0.9628480077 0.2581755817 -0.4165770411 -0.2672490776 0.8689312339
4.8 368.2 2138.4 0 0 0 0 0 0 0 0 0
255.1 -236.8 2223.7 0 0 0 0 0 0 0 0 0
-42.1 -798.6 2366.3 0 0 0 0 0 0 0 0 0
190.6 -882.3 2386.9 0 0 0 0 0 0 0 0 0
61.0 473.9 2293.6 3 0.9793949723 -0.1555542052 0.1287958473 0.1366454065 0.9800184369 0.1445401311 -0.1487061381 -0.1239625216 0.9810809493
92.4 276.4 2318.6 0.9793949723 -0.1555542052 0.1287958473 0.1366454065 0.9800184369 0.1445401311 -0.1487061381 -0.1239625216 0.9810809493
91.6 77.6 2315.6 0.9899989963 0.0041119470 0.1410146058 -0.0019874517 0.9998824596 -0.0152033074 -0.1410605460 0.0147709996 0.9898907542
-46.9 276.7 2338.4 0.3230952919 -0.8635046482 -0.3872584999 0.5591706634 0.5043254495 -0.6580151916 0.7635034919 -0.0039419853 0.6457916498
-121.5 147.4 2162.0 -0.5030886531 -0.8635046482 -0.0355182178 -0.8607838750 0.5043254495 -0.0686071813 0.0771553591 -0.0039419853 -0.9970113039
231.6 276.1 2298.7 0.1603305936 0.4248313308 0.8909615278 -0.9867873192 0.0476408154 0.1548584104 0.0233425684 -0.9040181041 0.4268564582
273.3 19.1 2304.8 -0.0527260303 0.4435661137 0.8946893811 -0.9554674625 0.2380871028 -0.1743458509 -0.2903479040 -0.8640391231 0.4112595916
-0.3 -119.7 2326.4 0.9907320142 0.0715667456 0.1154481247 -0.0742365792 0.9970598817 0.0189888533 -0.1137497202 -0.0273833387 0.9931319952
-28.8 -516.0 2337.3 0.9917219281 0.0449861400 0.1202656031 -0.0560396984 0.9943488240 0.0901661441 -0.1155297384 -0.0961593911 0.9886385798
180.9 -119.6 2299.2 0.9018705487 0.0157784037 0.4317182004 0.0030902692 0.9990715981 -0.0429696441 -0.4319953918 0.0400871821 0.9009844661
174.6 -516.8 2283.2 0.9084402323 -0.0515100770 0.4148288965 -0.0702514350 0.9594507813 0.2729814947 -0.4120692313 -0.2771297097 0.8679850698
7.8 368.8 2142.1 0 0 0 0 0 0 0 0 0
258.8 -243.6 2225.0 0 0 0 0 0 0 0 0 0
-41.4 -796.2 2364.4 0 0 0 0 0 0 0 0 0
194.3 -883.5 2389.1 0 0 0 0 0 0 0 0 0
60.9 474.1 2293.7 4 0.9790689945 -0.1666383445 0.1168571860 0.1488247365 0.9778084755 0.1474509537 -0.1388349235 -0.1269734055 0.9821418524
94.5 277.1 2319.3 0.9790689945 -0.1666383445 0.1168571860 0.1488247365 0.9778084755 0.1474509537 -0.1388349235 -0.1269734055 0.9821418524
92.7 78.3 2316.3 0.9914878607 0.0093145864 0.1298657358 -0.0072876704 0.9998442531 -0.0160742868 -0.1299952418 0.0149910413 0.9914012551
-45.0 278.1 2337.6 0.3250419497 -0.8704482913 -0.3696856499 0.5654484630 0.4922223389 -0.6618045568 0.7580341697 0.0060760500 0.6521865129
-120.1 147.4 2162.4 -0.4903905988 -0.8704482913 -0.0428578630 -0.8681516051 0.4922223389 -0.0634821951 0.0763535649 0.0060760500 -0.9970622659
234.0 276.0 2301.0 0.1487922221 0.4338127971 0.8886322975 -0.9887931943 0.0541808158 0.1391131133 0.0122022284 -0.8993725181 0.4370128214
273.3 15.0 2304.2 -0.0459105931 0.4506888390 0.8914997578 -0.9557704926 0.2397169322 -0.1704069227 -0.2905080616 -0.8598926663 0.4197495580
-0.0 -120.9 2325.6 0.9914825559 0.0778720379 0.1043946967 -0.0801254213 0.9966300726 0.0175617039 -0.1026753262 -0.0257767923 0.9943808913
-31.0 -517.1 2335.8 0.9931517243 0.0372122191 0.1107469350 -0.0487978719 0.9933989048 0.1038142741 -0.1061527282 -0.1085075438 0.9884117246
181.5 -121.3 2299.7 0.9066212773 0.0177242905 0.4215728641 -0.0028296395 0.9993503094 -0.0359305963 -0.4219357967 0.0313825421 0.9060823917
174.5 -518.6 2287.2 0.9115946889 -0.0488520600 0.4081771970 -0.0644373000 0.9636598825 0.2592439651 -0.4060086012 -0.2626272440 0.8753193617
6.3 371.2 2142.7 0 0 0 0 0 0 0 0 0
260.6 -247.9 2224.3 0 0 0 0 0 0 0 0 0
-41.6 -801.9 2366.9 0 0 0 0 0 0 0 0 0
193.2 -887.0 2387.6 0 0 0 0 0 0 0 0 0
65.0 477.4 2294.2 5 0.9825716019 -0.1536158323 0.1046669632 0.1383540779 0.9804212451 0.1401153207 -0.1241416484 -0.1231922358 0.9845874906
96.4 277.3 2319.4 0.9825716019 -0.1536158323 0.1046669632 0.1383540779 0.9804212451 0.1401153207 -0.1241416484 -0.1231922358 0.9845874906
93.8 78.6 2315.6 0.9931570888 0.0127825243 0.1160846949 -0.0104802614 0.9997365475 -0.0204213895 -0.1163151488 0.0190650504 0.9930293560
-43.4 278.8 2335.7 0.3357277513 -0.8788098693 -0.3390871882 0.5861375332 0.4767012000 -0.6551325917 0.7373802662 0.0211944673 0.6751452684
-120.8 143.6 2165.7 -0.4720440209 -0.8788098693 -0.0697687119 -0.8750017285 0.4767012000 -0.0844270363 0.1074541435 0.0211944673 -0.9939841032
236.1 275.9 2303.0 0.1407099962 0.4457388818 0.8840348125 -0.9900463820 0.0606720075 0.1269922256 0.0029692070 -0.8931045532 0.4498393536
273.3 14.0 2303.8 -0.0420093052 0.4601809084 0.8868307471 -0.9585151672 0.2319025844 -0.1657404304 -0.2819289267 -0.8570033312 0.4313483238
-0.1 -119.8 2325.2 0.9930234551 0.0742393136 0.0916128755 -0.0768200457 0.9967322946 0.0249679182 -0.0894599110 -0.0318314321 0.9954816103
-29.6 -516.0 2337.8 0.9944665432 0.0406244770 0.0968809649 -0.0502458178 0.9938145876 0.0990347937 -0.0922584757 -0.1033546552 0.9903566241
181.7 -121.1 2301.3 0.9123694301 0.0194076393 0.4089075327 -0.0037263117 0.9992279410 -0.0391112454 -0.4093508720 0.0341601856 0.9117373228
174.0 -518.4 2287.7 0.9166705012 -0.0494523942 0.3965723813 -0.0587423630 0.9648637772 0.2561000586 -0.3953030705 -0.2580549717 0.8815572262
0.9 369.2 2138.0 0 0 0 0 0 0 0 0 0
261.8 -249.6 2226.2 0 0 0 0 0 0 0 0 0
-41.2 -798.7 2367.2 0 0 0 0 0 0 0 0 0
192.9 -887.3 2386.4 0 0 0 0 0 0 0 0 0
66.5 479.6 2294.0 6 0.9808031917 -0.0973886251 0.1689396203 0.0798455998 0.9909708500 0.1077099070 -0.1779039651 -0.0921531320 0.9797233939
86.1 279.8 2312.6 0.9808031917 -0.0973886251 0.1689396203 0.0798455998 0.9909708500 0.1077099070 -0.1779039651 -0.0921531320 0.9797233939
88.2 81.2 2315.1 0.9847089052 -0.0097721983 0.1739334464 0.0072846203 0.9998619556 0.0149345547 -0.1740553826 -0.0134391505 0.9846441746
-52.2 279.0 2337.1 0.3031391203 -0.8958382607 -0.3249314725 0.6035493612 0.4443567097 -0.6620236635 0.7374516129 0.0045730737 0.6753845215
-121.9 140.1 2167.5 -0.4391171634 -0.8958382607 -0.0681903437 -0.8867605329 0.4443567097 -0.1272904873 0.1443325281 0.0045730737 -0.9895187020
224.4 280.7 2288.1 0.1804744750 0.3950963914 0.9007373452 -0.9820307493 0.0210071132 0.1875481755 0.0551777147 -0.9183994532 0.3917880356
274.0 11.0 2303.2 -0.0444160961 0.4161069095 0.9082303047 -0.9564017057 0.2449745089 -0.1590072662 -0.2886572778 -0.8756954670 0.3870845437
0.2 -119.2 2322.4 0.9860240817 0.0790471882 0.1466561407 -0.0842854157 0.9959946275 0.0298444852 -0.1437096000 -0.0417883545 0.9887372255
-31.2 -515.2 2339.0 0.9878775477 0.0361546539 0.1509661078 -0.0497345999 0.9949512482 0.0871690735 -0.1470523626 -0.0936206132 0.9846881628
182.4 -121.1 2301.1 0.8868660927 0.0205670856 0.4615685940 -0.0038144218 0.9993005991 -0.0371988453 -0.4620108604 0.0312297773 0.8863242269
174.2 -518.4 2288.7 0.8928800225 -0.0510895140 0.4473870099 -0.0735408813 0.9636583328 0.2568157315 -0.4442487955 -0.2622068822 0.8566741347
-9.2 367.7 2130.4 0 0 0 0 0 0 0 0 0
261.7 -252.0 2223.9 0 0 0 0 0 0 0 0 0
-41.6 -800.4 2365.9 0 0 0 0 0 0 0 0 0
193.8 -886.8 2388.9 0 0 0 0 0 0 0 0 0
66.5 483.6 2293.9 7 0.9834098220 -0.0685904548 0.1679298133 0.0538976900 0.9944328666 0.0905442834 -0.1732054055 -0.0799911171 0.9816319346
80.3 283.6 2310.0 0.9834098220 -0.0685904548 0.1679298133 0.0538976900 0.9944328666 0.0905442834 -0.1732054055 -0.0799911171 0.9816319346
84.8 85.1 2315.9 0.9851101637 -0.0219490249 0.1705175787 0.0164561309 0.9993011951 0.0335600935 -0.1711350381 -0.0302543305 0.9847829342
-58.2 281.4 2334.1 0.2776489556 -0.8966158032 -0.3449509740 0.6210719347 0.4414683282 -0.6475920081 0.7329261303 -0.0344361141 0.6794360876
-121.2 140.3 2167.6 -0.4412989020 -0.8966158032 -0.0365433060 -0.8844333887 0.4414683282 -0.1512721479 0.1517657191 -0.0344361141 -0.9878164530
218.8 285.9 2285.9 0.2048006356 0.3989893496 0.8937920332 -0.9751798511 0.0046699448 0.2213649154 0.0841482803 -0.9169436693 0.3900427818
274.0 23.3 2308.5 -0.0391921438 0.4216279387 0.9059215188 -0.9560694695 0.2477598637 -0.1566723883 -0.2905084491 -0.8722642660 0.3933953643
0.2 -118.0 2333.6 0.9866684079 0.0846531540 0.1389936954 -0.0847757608 0.9963872433 -0.0050488515 -0.1389189512 -0.0068017542 0.9902803898
-33.4 -513.9 2336.3 0.9887279272 0.0284034796 0.1470045000 -0.0431390814 0.9942467809 0.0980429053 -0.1433739960 -0.1032793969 0.9842648506
180.5 -116.8 2301.7 0.8884425163 0.0135263540 0.4587885737 0.0076168762 0.9989935160 -0.0442031436 -0.4589247108 0.0427664854 0.8874452710
175.1 -514.0 2284.7 0.8959726691 -0.0382553227 0.4424584508 -0.0831272379 0.9642288089 0.2516996264 -0.4362600148 -0.2622963190 0.8607426286
-8.5 366.2 2128.8 0 0 0 0 0 0 0 0 0
263.2 -239.6 2228.6 0 0 0 0 0 0 0 0 0
-41.6 -799.6 2366.0 0 0 0 0 0 0 0 0 0
189.8 -882.6 2384.9 0 0 0 0 0 0 0 0 0
64.1 482.3 2293.8 8 0.9833294153 -0.1093544066 0.1452749819 0.0927154794 0.9888229966 0.1167598888 -0.1564194560 -0.1013441980 0.9824776649
86.6 279.3 2314.7 0.9833294153 -0.1093544066 0.1452749819 0.0927154794 0.9888229966 0.1167598888 -0.1564194560 -0.1013441980 0.9824776649
88.3 80.6 2317.0 0.9884409308 -0.0080307322 0.1513935775 0.0061173867 0.9998954535 0.0130997403 -0.1514829546 -0.0120221870 0.9883867502
-52.4 278.5 2336.0 0.2906946838 -0.8866598010 -0.3596262038 0.5995649099 0.4617138207 -0.6537141800 0.7456665039 -0.0255880170 0.6658278704
-119.2 140.7 2164.6 -0.4613743424 -0.8866598010 -0.0311146844 -0.8795716763 0.4617138207 -0.1147779748 0.1161350980 -0.0255880170 -0.9929037690
225.6 280.0 2293.3 0.1922197044 0.4181142449 0.8878243566 -0.9783520699 0.0109624173 0.2066568732 0.0766734779 -0.9083282948 0.4111701250
274.3 32.4 2312.7 -0.0353551432 0.4394265413 0.8975824714 -0.9557926059 0.2474719584 -0.1588020474 -0.2919083238 -0.8635171652 0.4112512469
-1.1 -114.9 2337.6 0.9893543124 0.0823360905 0.1199949905 -0.0808752626 0.9965792298 -0.0170019232 -0.1209843904 0.0071162996 0.9926288724
-33.8 -511.0 2334.7 0.9913110733 0.0247375499 0.1291915923 -0.0385350175 0.9936812520 0.1054166853 -0.1257675141 -0.1094791219 0.9860004187
179.5 -112.0 2306.2 0.8976436257 0.0085011357 0.4406400621 0.0186764076 0.9981820583 -0.0573040023 -0.4403261542 0.0596681461 0.8958529830
176.1 -508.8 2282.4 0.9061742425 -0.0313997045 0.4217371941 -0.0846747085 0.9635751247 0.2536793649 -0.4143409133 -0.2655881643 0.8705081940
-1.0 366.0 2134.8 0 0 0 0 0 0 0 0 0
264.5 -230.5 2232.4 0 0 0 0 0 0 0 0 0
-41.0 -799.1 2366.5 0 0 0 0 0 0 0 0 0
188.1 -877.2 2384.0 0 0 0 0 0 0 0 0 0
60.1 477.9 2293.8 9 0.9805559516 -0.1532637030 0.1225570068 0.1370098740 0.9817906618 0.1315879077 -0.1404929757 -0.1122377887 0.9836993217
91.4 277.8 2316.7 0.9805559516 -0.1532637030 0.1225570068 0.1370098740 0.9817906618 0.1315879077 -0.1404929757 -0.1122377887 0.9836993217
90.7 79.1 2317.4 0.9912133217 0.0036644924 0.1322222501 -0.0041704904 0.9999849796 0.0035501472 -0.1322072595 -0.0040703849 0.9912137389
-48.0 278.5 2335.3 0.3019959331 -0.8770055771 -0.3737106323 0.5908688903 0.4798319042 -0.6485640407 0.7481126189 -0.0249502752 0.6631025672
-117.2 143.2 2164.1 -0.4794068635 -0.8770055771 -0.0320973285 -0.8703970909 0.4798319042 -0.1103190184 0.1121517196 -0.0249502752 -0.9933778048
230.8 277.2 2298.1 0.1674973220 0.4335438311 0.8854289651 -0.9845097065 0.0263491720 0.1733388305 0.0518196598 -0.9007471800 0.4312415123
274.2 22.3 2311.5 -0.0339369252 0.4530720115 0.8908277154 -0.9545089006 0.2495141625 -0.1632649899 -0.2962449193 -0.8558437228 0.4239934981
-0.7 -118.6 2333.2 0.9916273952 0.0792497173 0.1019539461 -0.0788088217 0.9968547821 -0.0083515244 -0.1022951379 0.0002467299 0.9947540760
-32.2 -514.9 2333.1 0.9932556152 0.0344167762 0.1107194200 -0.0467946567 0.9926939607 0.1112156138 -0.1060828194 -0.1156466082 0.9876093864
180.6 -117.6 2305.4 0.9062222242 0.0130762346 0.4225995243 0.0119631523 0.9983283877 -0.0565444343 -0.4226324856 0.0562974438 0.9045509100
175.4 -514.5 2283.0 0.9138190746 -0.0408655480 0.4040602446 -0.0763743371 0.9598807096 0.2698072493 -0.3988754749 -0.2774148285 0.8740362525
6.0 366.9 2135.2 0 0 0 0 0 0 0 0 0
264.8 -240.2 2230.0 0 0 0 0 0 0 0 0 0
-42.0 -797.8 2366.1 0 0 0 0 0 0 0 0 0
191.0 -881.4 2389.1 0 0 0 0 0 0 0 0 0
59.9 476.3 2294.3 0 0.9784849286 -0.1750428528 0.1092118695 0.1595658213 0.9775999784 0.1372482330 -0.1307898313 -0.1168688461 0.9844976664
95.6 276.8 2318.1 0.9784849286 -0.1750428528 0.1092118695 0.1595658213 0.9775999784 0.1372482330 -0.1307898313 -0.1168688461 0.9844976664
93.1 78.1 2317.2 0.9925752282 0.0126012536 0.1209779233 -0.0119645614 0.9999104738 -0.0059878528 -0.1210425496 0.0044959462 0.9926371574
-44.0 278.5 2335.2 0.3013678193 -0.8759879470 -0.3765933812 0.5816737413 0.4818511307 -0.6553435326 0.7555349469 -0.0215550512 0.6547536254
-113.7 144.0 2160.4 -0.4812222123 -0.8759879470 -0.0327157527 -0.8700662255 0.4818511307 -0.1039435118 0.1068173796 -0.0215550512 -0.9940449595
235.2 275.1 2301.1 0.1507377326 0.4440613985 0.8832256794 -0.9876691699 0.0294364560 0.1537629962 0.0422811769 -0.8955127001 0.4430229366
275.0 14.8 2312.2 -0.0410653390 0.4653036892 0.8841980100 -0.9519632459 0.2505390942 -0.1760572344 -0.3034462333 -0.8489538431 0.4326635599
-0.9 -119.2 2330.3 0.9929185510 0.0740693733 0.0928788185 -0.0753884837 0.9970960617 0.0107703544 -0.0918113515 -0.0176960770 0.9956191778
-30.3 -515.5 2337.4 0.9942097068 0.0419329703 0.0989379883 -0.0515731797 0.9939489365 0.0969832242 -0.0942725167 -0.1015242115 0.9903562665
180.9 -120.0 2306.1 0.9111222029 0.0153449243 0.4118505716 0.0120602315 0.9978860021 -0.0638601258 -0.4119598567 0.0631513894 0.9090110064
174.8 -516.8 2280.9 0.9191626906 -0.0461080298 0.3911699951 -0.0753155053 0.9542251229 0.2894512415 -0.3866102397 -0.2955139577 0.8736155033
9.8 367.4 2133.0 0 0 0 0 0 0 0 0 0
263.7 -247.0 2228.8 0 0 0 0 0 0 0 0 0
-42.2 -798.0 2366.2 0 0 0 0 0 0 0 0 0
192.5 -881.5 2393.9 0 0 0 0 0 0 0 0 0
60.7 473.7 2295.5 1 0.9777289629 -0.1840727627 0.1008130014 0.1699061394 0.9762194753 0.1346380413 -0.1231988147 -0.1145107597 0.9857531786
97.9 276.3 2318.7 0.9777289629 -0.1840727627 0.1008130014 0.1699061394 0.9762194753 0.1346380413 -0.1231988147 -0.1145107597 0.9857531786
94.3 77.5 2316.8 0.9934209585 0.0182311907 0.1130593196 -0.0170646254 0.9997907877 -0.0112774419 -0.1132412702 0.0092739323 0.9935242534
-41.9 278.7 2334.6 0.2994855940 -0.8763899803 -0.3771591187 0.5783256888 0.4811520576 -0.6588111520 0.7588463426 -0.0208163746 0.6509369612
-111.7 143.7 2157.6 -0.4807063043 -0.8763899803 -0.0293608326 -0.8713071942 0.4811520576 -0.0965218842 0.0987178385 -0.0208163746 -0.9948977232
237.7 273.8 2302.8 0.1399476528 0.4500478804 0.8819702864 -0.9898074865 0.0398575291 0.1367205232 0.0263776258 -0.8921145201 0.4510387480
275.0 10.2 2309.8 -0.0429213494 0.4687815309 0.8822707534 -0.9548609257 0.2405617386 -0.1742717028 -0.2939359248 -0.8499258161 0.4372959137
-0.4 -119.6 2327.4 0.9935286045 0.0742322057 0.0859679803 -0.0760215223 0.9969485998 0.0177259035 -0.0843898207 -0.0241466090 0.9961401820
-29.9 -515.9 2337.0 0.9948543310 0.0430739261 0.0917033330 -0.0521061122 0.9937724471 0.0984949023 -0.0868896842 -0.1027663872 0.9909032583
181.7 -121.8 2305.2 0.9143700004 0.0170172174 0.4045218229 0.0062685707 0.9984015822 -0.0561695509 -0.4048310518 0.0538955256 0.9128018022
174.9 -518.8 2283.7 0.9212321639 -0.0535492636 0.3853099644 -0.0673835501 0.9535421729 0.2936269045 -0.3831328154 -0.2964621186 0.8748254180
11.8 367.7 2132.2 0 0 0 0 0 0 0 0 0
263.2 -252.4 2228.9 0 0 0 0 0 0 0 0 0
-42.2 -799.3 2366.3 0 0 0 0 0 0 0 0 0
195.4 -883.3 2397.1 0 0 0 0 0 0 0 0 0
63.7 477.9 2294.7 2 0.9804928303 -0.1725884527 0.0940588042 0.1592378169 0.9780176282 0.1346286088 -0.1152265146 -0.1170246676 0.9864218831
99.3 276.1 2318.8 0.9804928303 -0.1725884527 0.0940588042 0.1592378169 0.9780176282 0.1346286088 -0.1152265146 -0.1170246676 0.9864218831
95.2 77.3 2316.4 0.9942058325 0.0207173023 0.1054776758 -0.0193390623 0.9997139573 -0.0140728150 -0.1057390571 0.0119514363 0.9943220615
-40.6 278.8 2333.7 0.3102763891 -0.8767052293 -0.3675819635 0.5837610364 0.4808881283 -0.6541939378 0.7503010035 -0.0115991049 0.6609945893
-112.7 143.2 2159.3 -0.4800662398 -0.8767052293 -0.0304030124 -0.8731738925 0.4808881283 -0.0794603303 0.0842837319 -0.0115991049 -0.9963743091
239.2 273.4 2303.9 0.1332123727 0.4563542902 0.8797699809 -0.9909207821 0.0450464711 0.1266760230 0.0181786101 -0.8886571527 0.4582116902
275.0 7.6 2308.8 -0.0424847342 0.4724636078 0.8803256154 -0.9592269063 0.2271416336 -0.1681976020 -0.2794258296 -0.8515778780 0.4435497224
-0.4 -119.6 2325.4 0.9939503670 0.0762954131 0.0790045410 -0.0782789513 0.9966816902 0.0223171469 -0.0770396814 -0.0283665285 0.9966244102
-30.7 -515.9 2336.6 0.9955857396 0.0399100371 0.0849482715 -0.0486395694 0.9934594035 0.1033082828 -0.0802696198 -0.1069841012 0.9910152555
181.8 -122.8 2304.6 0.9173809290 0.0188957602 0.3975616097 0.0022141824 0.9986146688 -0.0525725633 -0.3980042338 0.0491093397 0.9160681963
174.3 -519.8 2285.0 0.9229941964 -0.0498709530 0.3815685809 -0.0638065413 0.9580068588 0.2795560062 -0.3794870377 -0.2823751569 0.8810527325
11.2 368.4 2137.6 0 0 0 0 0 0 0 0 0
263.3 -256.2 2232.0 0 0 0 0 0 0 0 0 0
-42.1 -797.8 2367.0 0 0 0 0 0 0 0 0 0
193.4 -886.0 2393.0 0 0 0 0 0 0 0 0 0
68.0 479.2 2295.2 3 0.9840449095 -0.1540798992 0.0889662877 0.1420376152 0.9814568162 0.1287159473 -0.1071491167 -0.1140257120 0.9876827598
99.8 276.4 2318.8 0.9840449095 -0.1540798992 0.0889662877 0.1420376152 0.9814568162 0.1287159473 -0.1071491167 -0.1140257120 0.9876827598
95.6 77.6 2316.3 0.9949066639 0.0211032089 0.0985667333 -0.0197865535 0.9997017384 -0.0143166035 -0.0988394544 0.0122933881 0.9950274825
-40.2 279.2 2332.7 0.3363894522 -0.8789540529 -0.3380559981 0.5956780910 0.4766342342 -0.6465194225 0.7293899655 0.0161097795 0.6839084029
-118.3 140.9 2163.5 -0.4722640514 -0.8789540529 -0.0663805753 -0.8746031523 0.4766342342 -0.0888208076 0.1097086668 0.0161097795 -0.9938332438
239.8 273.6 2304.9 0.1304729581 0.4620788693 0.8771886826 -0.9913548231 0.0484249406 0.1219451055 0.0138704451 -0.8855157495 0.4644022584
275.0 6.2 2308.6 -0.0430741198 0.4776264727 0.8775064349 -0.9595677853 0.2247647345 -0.1694416255 -0.2781623006 -0.8493254781 0.4486334324
-0.1 -119.6 2323.7 0.9945429564 0.0748328269 0.0726934448 -0.0771735385 0.9965680242 0.0299392808 -0.0702035278 -0.0353859104 0.9969048500
-29.8 -515.8 2337.8 0.9959794879 0.0451852456 0.0773506835 -0.0523970537 0.9942019582 0.0938987508 -0.0726593658 -0.0975741819 0.9925723672
182.3 -123.2 2304.3 0.9201024771 0.0193832386 0.3911978304 0.0008250666 0.9986765981 -0.0514234267 -0.3916768730 0.0476375856 0.9188688397
174.6 -520.2 2285.4 0.9257830977 -0.0497895218 0.3747621179 -0.0655608401 0.9551266432 0.2888510227 -0.3723270297 -0.2919830978 0.8809758425
3.4 366.2 2135.2 0 0 0 0 0 0 0 0 0
263.2 -257.7 2232.1 0 0 0 0 0 0 0 0 0
-42.6 -797.5 2365.4 0 0 0 0 0 0 0 0 0
193.7 -885.4 2397.0 0 0 0 0 0 0 0 0 0
70.6 480.0 2295.0 4 0.9854243994 -0.0933125168 0.1422377378 0.0788596794 0.9914381504 0.1040746570 -0.1507313848 -0.0913408846 0.9843459129
89.5 279.3 2313.5 0.9854243994 -0.0933125168 0.1422377378 0.0788596794 0.9914381504 0.1040746570 -0.1507313848 -0.0913408846 0.9843459129
89.7 80.7 2317.1 0.9892456532 -0.0004178748 0.1462628841 -0.0023221041 0.9998250008 0.0185620096 -0.1462450475 -0.0187020246 0.9890716076
-49.6 279.8 2334.1 0.3242459297 -0.8807936311 -0.3450611532 0.6053861380 0.4734981656 -0.6397711039 0.7268921137 -0.0014520648 0.6867501140
-124.1 140.6 2167.0 -0.4686622620 -0.8807936311 -0.0675153211 -0.8713524342 0.4734981656 -0.1286250502 0.1452604979 -0.0014520648 -0.9893923998
228.5 278.9 2292.9 0.1681347191 0.4219751060 0.8908802867 -0.9831946492 0.0065768273 0.1824419051 0.0711267740 -0.9065835476 0.4159894586
274.8 8.4 2312.5 -0.0411142446 0.4446906447 0.8947401047 -0.9562295079 0.2421460152 -0.1642876267 -0.2897149026 -0.8623314500 0.4152706861
0.1 -119.3 2323.0 0.9897309542 0.0815235749 0.1174162775 -0.0856384486 0.9958615303 0.0304287579 -0.1144496873 -0.0401716307 0.9926164746
-32.3 -515.3 2338.9 0.9918166399 0.0382076465 0.1218191534 -0.0489491224 0.9950539470 0.0864386782 -0.1179140136 -0.0916942656 0.9887812734
182.7 -122.9 2304.8 0.9000557661 0.0190242268 0.4353592992 0.0022865909 0.9988266826 -0.0483737551 -0.4357687831 0.0445345677 0.8989561796
175.1 -520.1 2287.1 0.9061402678 -0.0572438985 0.4190858901 -0.0639641210 0.9608601928 0.2695482075 -0.4181129336 -0.2710549533 0.8670125604
-3.4 365.0 2129.6 0 0 0 0 0 0 0 0 0
263.5 -254.6 2232.8 0 0 0 0 0 0 0 0 0
-43.2 -800.6 2365.2 0 0 0 0 0 0 0 0 0
197.0 -887.3 2390.7 0 0 0 0 0 0 0 0 0
72.6 481.1 2294.4 5 0.9860230088 -0.0598337390 0.1554945409 0.0464126915 0.9949893355 0.0885558426 -0.1600140333 -0.0801011771 0.9838594198
84.6 281.2 2310.5 0.9860230088 -0.0598337390 0.1554945409 0.0464126915 0.9949893355 0.0885558426 -0.1600140333 -0.0801011771 0.9838594198
86.8 82.6 2317.6 0.9874913096 -0.0106675522 0.1573121846 0.0048785866 0.9992981553 0.0371395499 -0.1575979739 -0.0359075218 0.9868503213
-54.3 280.6 2332.7 0.3100895584 -0.8957860470 -0.3184521794 0.6290186644 0.4444782138 -0.6377888322 0.7128674388 -0.0025407164 0.7012942433
-124.4 138.4 2171.5 -0.4376625717 -0.8957860470 -0.0775810406 -0.8810235262 0.4444782138 -0.1619773805 0.1795801669 -0.0025407164 -0.9837400317
223.5 281.8 2288.3 0.1929178387 0.4142121077 0.8895004392 -0.9752328396 -0.0190063901 0.2203624547 0.1081829891 -0.9099819064 0.4002865851
275.0 21.6 2317.2 -0.0393032692 0.4402492642 0.8970149755 -0.9567291141 0.2424414307 -0.1609084010 -0.2883133888 -0.8645246029 0.4116705358
-0.7 -117.6 2334.1 0.9889192581 0.0800688714 0.1250104904 -0.0812318623 0.9966862798 0.0042253477 -0.1242579222 -0.0143333636 0.9921464324
-32.5 -513.8 2339.8 0.9907383323 0.0358411372 0.1309695393 -0.0470215082 0.9954149127 0.0832957551 -0.1273836195 -0.0886826813 0.9878809452
180.6 -118.2 2307.3 0.8950808048 0.0129963569 0.4457145333 0.0132956132 0.9983528256 -0.0558106080 -0.4457056820 0.0558810532 0.8934336901
175.4 -515.1 2285.1 0.9029180408 -0.0484967642 0.4270680547 -0.0721773282 0.9623959661 0.2618863881 -0.4237091839 -0.2672865689 0.8654642701
-11.7 365.1 2125.3 0 0 0 0 0 0 0 0 0
264.2 -241.6 2237.9 0 0 0 0 0 0 0 0 0
-42.9 -800.2 2365.3 0 0 0 0 0 0 0 0 0
193.9 -883.0 2387.2 0 0 0 0 0 0 0 0 0
72.1 483.2 2288.1 6 0.9877792597 -0.0497569665 0.1477037370 0.0350359641 0.9943051934 0.1006461382 -0.1518704444 -0.0942412242 0.9838973284
82.1 283.8 2307.0 0.9877792597 -0.0497569665 0.1477037370 0.0350359641 0.9943051934 0.1006461382 -0.1518704444 -0.0942412242 0.9838973284
86.2 85.5 2318.7 0.9886102676 -0.0205755066 0.1490849704 0.0114945369 0.9980397224 0.0615189783 -0.1500585079 -0.0591046326 0.9869088531
-57.0 282.2 2328.1 0.2933902442 -0.8971595764 -0.3301921785 0.6391064525 0.4409323931 -0.6301758289 0.7109606862 -0.0261404924 0.7027457356
-122.8 138.9 2168.7 -0.4390183091 -0.8971595764 -0.0486583561 -0.8836171031 0.4409323931 -0.1574782729 0.1627381891 -0.0261404924 -0.9863229394
221.1 285.4 2285.8 0.2033860683 0.4210845828 0.8839241266 -0.9704207778 -0.0332355313 0.2391212434 0.1300679594 -0.9064122438 0.4018695652
275.1 27.8 2320.4 -0.0354296640 0.4493798912 0.8926379085 -0.9554634690 0.2466177940 -0.1620778292 -0.2929749191 -0.8586252928 0.4206284881
-1.5 -116.3 2339.1 0.9905871153 0.0756363645 0.1140888631 -0.0746909529 0.9971278310 -0.0125447782 -0.1147100180 0.0039052893 0.9933913350
-31.6 -512.7 2337.5 0.9919623733 0.0356831066 0.1213976070 -0.0470607579 0.9946292043 0.0921850353 -0.1174561530 -0.0971571505 0.9883139729
179.6 -115.5 2310.2 0.8984523416 0.0046819993 0.4390461147 0.0245471541 0.9978435636 -0.0608736761 -0.4383843541 0.0654694289 0.8963999748
177.7 -512.2 2284.1 0.9077401161 -0.0293072518 0.4185079932 -0.0860462263 0.9633442163 0.2540944815 -0.4106140733 -0.2666628063 0.8719444275
-10.6 364.7 2127.1 0 0 0 0 0 0 0 0 0
265.4 -235.0 2239.8 0 0 0 0 0 0 0 0 0
-41.9 -801.6 2365.8 0 0 0 0 0 0 0 0 0
188.9 -880.4 2386.0 0 0 0 0 0 0 0 0 0
70.8 481.5 2290.9 7 0.9878463149 -0.0781953633 0.1343320906 0.0637652203 0.9920428395 0.1085586697 -0.1417519748 -0.0986735672 0.9849720597
86.7 279.9 2311.0 0.9878463149 -0.0781953633 0.1343320906 0.0637652203 0.9920428395 0.1085586697 -0.1417519748 -0.0986735672 0.9849720597
88.7 81.4 2320.2 0.9905199409 -0.0096889045 0.1370271146 0.0031985862 0.9988658428 0.0475063063 -0.1373319924 -0.0466176495 0.9894274473
-52.7 279.4 2330.3 0.3038070500 -0.8839770555 -0.3553671837 0.6111751199 0.4669623375 -0.6390705109 0.7308667898 -0.0230374485 0.6821312308
-121.3 141.3 2165.2 -0.4664009511 -0.8839770555 -0.0324762799 -0.8773478270 0.4669623375 -0.1104852855 0.1128316596 -0.0230374485 -0.9933469892
226.1 280.3 2291.6 0.1937602013 0.4322075248 0.8807119727 -0.9736202359 -0.0255508535 0.2267394215 0.1205014288 -0.9014121294 0.4158552587
275.3 33.1 2322.2 -0.0329427011 0.4582324624 0.8882216811 -0.9567703605 0.2424921542 -0.1605864614 -0.2889727056 -0.8551143408 0.4304349124
-0.4 -113.8 2344.2 0.9918845892 0.0779314339 0.1004575044 -0.0747225359 0.9965785146 -0.0353249907 -0.1028667167 0.0275318753 0.9943140745
-31.3 -509.9 2333.3 0.9931665659 0.0375466906 0.1105008051 -0.0493895449 0.9930886626 0.1064684540 -0.1057395637 -0.1111984923 0.9881569147
181.0 -111.8 2316.6 0.9042720795 0.0061726705 0.4269120991 0.0273961332 0.9969960451 -0.0724450946 -0.4260768592 0.0772058144 0.9013865590
178.5 -508.1 2285.9 0.9128609896 -0.0345871672 0.4068028331 -0.0737822279 0.9660233259 0.2476996779 -0.4015482366 -0.2561301887 0.8792930841
-2.1 365.5 2136.3 0 0 0 0 0 0 0 0 0
266.2 -230.1 2242.8 0 0 0 0 0 0 0 0 0
-42.3 -800.3 2365.8 0 0 0 0 0 0 0 0 0
191.7 -877.4 2383.9 0 0 0 0 0 0 0 0 0
68.0 484.2 2285.4 8 0.9869556427 -0.1103216633 0.1172507852 0.0927232578 0.9848999977 0.1461999863 -0.1316093206 -0.1334210336 0.9822819233
91.2 277.1 2313.4 0.9869556427 -0.1103216633 0.1172507852 0.0927232578 0.9848999977 0.1461999863 -0.1316093206 -0.1334210336 0.9822819233
91.1 78.5 2319.9 0.9923381209 0.0004393168 0.1235508844 -0.0044797342 0.9994640946 0.0324265584 -0.1234704256 -0.0327315852 0.9918082952
-48.4 277.8 2330.8 0.3146948516 -0.8756628036 -0.3663083613 0.5920996070 0.4827251732 -0.6452863216 0.7418795228 -0.0138227651 0.6703907251
-119.9 143.2 2162.2 -0.4823184311 -0.8756628036 -0.0241576396 -0.8727763295 0.4827251732 -0.0723733082 0.0750361159 -0.0138227651 -0.9970850348
230.8 276.4 2296.0 0.1716769785 0.4426650107 0.8800992370 -0.9808436632 -0.0066677444 0.1946824193 0.0920473784 -0.8966622949 0.4330404997
274.6 26.1 2319.5 -0.0287296381 0.4632515907 0.8857610226 -0.9607629180 0.2317672521 -0.1523762345 -0.2758789361 -0.8553840518 0.4384163916
-0.2 -117.4 2342.1 0.9932073951 0.0762962997 0.0878515095 -0.0739979595 0.9968327880 -0.0291324873 -0.0897959694 0.0224337708 0.9957075119
-30.6 -513.7 2333.2 0.9944852591 0.0383334346 0.0976197645 -0.0490592569 0.9927246571 0.1099589020 -0.0926944464 -0.1141416579 0.9891306162
181.5 -116.9 2316.8 0.9103581905 0.0108700125 0.4136783779 0.0220173579 0.9969667792 -0.0746491104 -0.4132350385 0.0770655349 0.9073575139
177.1 -513.2 2286.2 0.9176381230 -0.0484048799 0.3944582045 -0.0590211377 0.9649492502 0.2557135224 -0.3930099607 -0.2579338551 0.8826172948
4.0 367.4 2143.0 0 0 0 0 0 0 0 0 0
266.7 -238.2 2243.6 0 0 0 0 0 0 0 0 0
-41.6 -798.6 2365.9 0 0 0 0 0 0 0 0 0
195.7 -882.1 2384.8 0 0 0 0 0 0 0 0 0
67.9 482.2 2282.1 9 0.9867269397 -0.1310419142 0.0959059447 0.1136498302 0.9791202545 0.1685446352 -0.1159898564 -0.1554078311 0.9810172319
95.4 276.6 2314.7 0.9867269397 -0.1310419142 0.0959059447 0.1136498302 0.9791202545 0.1685446352 -0.1159898564 -0.1554078311 0.9810172319
93.0 77.9 2319.5 0.9944336414 0.0119931689 0.1046798453 -0.0144465128 0.9996377230 0.0227099545 -0.1043695584 -0.0240958016 0.9942466617
-44.5 278.7 2329.4 0.3274469674 -0.8717316985 -0.3645029068 0.5916451812 0.4899466634 -0.6402407289 0.7367051244 -0.0060115084 0.6761873960
-118.9 144.2 2162.0 -0.4893113375 -0.8717316985 -0.0256570410 -0.8698278069 0.4899466634 -0.0578950718 0.0630395487 -0.0060115084 -0.9979929328
235.3 274.6 2300.0 0.1512095332 0.4574789405 0.8762697577 -0.9863175154 0.0109279733 0.1644942015 0.0656767786 -0.8891533017 0.4528718889
274.5 18.5 2317.1 -0.0324196555 0.4758537710 0.8789266944 -0.9615928531 0.2249609083 -0.1572633982 -0.2725585401 -0.8502680659 0.4502844214
0.1 -119.7 2337.7 0.9945769310 0.0760739073 0.0709192902 -0.0758606121 0.9971021414 -0.0056999903 -0.0711473972 0.0002890980 0.9974657893
-30.2 -516.1 2337.6 0.9961813092 0.0376190394 0.0787880719 -0.0456696302 0.9936316013 0.1030075997 -0.0744112656 -0.1062124670 0.9915552735
182.1 -120.6 2315.0 0.9184055924 0.0107129123 0.3954951763 0.0175947305 0.9975384474 -0.0678785518 -0.3952488005 0.0692986697 0.9159563780
177.9 -517.2 2287.5 0.9245159030 -0.0337064676 0.3796500564 -0.0640586764 0.9681714177 0.2419515252 -0.3757216930 -0.2480079085 0.8929307461
7.2 368.4 2145.7 0 0 0 0 0 0 0 0 0
265.6 -246.0 2242.1 0 0 0 0 0 0 0 0 0
-40.9 -800.6 2368.0 0 0 0 0 0 0 0 0 0
190.7 -887.3 2382.3 0 0 0 0 0 0 0 0 0
68.7 482.3 2280.9 0 0.9875527024 -0.1364022791 0.0783205330 0.1206334233 0.9763625264 0.1793427020 -0.1009319797 -0.1676622927 0.9806641340
97.4 276.8 2316.2 0.9875527024 -0.1364022791 0.0783205330 0.1206334233 0.9763625264 0.1793427020 -0.1009319797 -0.1676622927 0.9806641340
94.2 78.1 2319.2 0.9959530234 0.0161686484 0.0884090066 -0.0174315982 0.9997564554 0.0135319103 -0.0881686881 -0.0150182573 0.9959923625
-42.7 279.3 2328.6 0.3324950039 -0.8758636117 -0.3497285545 0.5934023261 0.4825125635 -0.6442478299 0.7330216765 0.0066794497 0.6801725030
-118.3 144.5 2162.2 -0.4812899828 -0.8758636117 -0.0349705406 -0.8744800687 0.4825125635 -0.0496615171 0.0603704415 0.0066794497 -0.9981536865
237.5 274.3 2303.8 0.1404302567 0.4701775312 0.8713279963 -0.9892330766 0.0300106630 0.1432387382 0.0411984995 -0.8820614815 0.4693295360
274.4 14.5 2314.6 -0.0328349918 0.4858605266 0.8734193444 -0.9620479345 0.2214984447 -0.1593806893 -0.2708978057 -0.8455045819 0.4601482451
-0.5 -119.4 2333.8 0.9956910014 0.0738836527 0.0560411625 -0.0742962360 0.9972220659 0.0053118453 -0.0554930232 -0.0094526038 0.9984143376
-29.9 -515.8 2337.6 0.9971615076 0.0410907641 0.0630912781 -0.0475276671 0.9934232235 0.1041703597 -0.0583958961 -0.1068732515 0.9925563335
181.9 -122.1 2314.6 0.9248098731 0.0111591481 0.3802659810 0.0151831284 0.9976906180 -0.0662033558 -0.3801265657 0.0669991449 0.9225046635
177.5 -518.8 2288.0 0.9305962920 -0.0336395167 0.3644982576 -0.0633023903 0.9659757018 0.2507664263 -0.3605321050 -0.2564359009 0.8968039155
5.9 370.1 2146.6 0 0 0 0 0 0 0 0 0
265.4 -250.1 2240.1 0 0 0 0 0 0 0 0 0
-41.7 -801.7 2368.3 0 0 0 0 0 0 0 0 0
190.3 -888.0 2386.0 0 0 0 0 0 0 0 0 0
69.6 484.5 2287.4 1 0.9883430600 -0.1369845420 0.0664319173 0.1261229068 0.9811105132 0.1466805935 -0.0852700248 -0.1365921646 0.9869506359
98.5 277.5 2316.2 0.9883430600 -0.1369845420 0.0664319173 0.1261229068 0.9811105132 0.1466805935 -0.0852700248 -0.1365921646 0.9869506359
94.9 78.8 2319.0 0.9970626831 0.0178939216 0.0744703338 -0.0189111419 0.9997369647 0.0129766967 -0.0742185414 -0.0143468995 0.9971387982
-41.8 280.2 2326.6 0.3406657577 -0.8826558590 -0.3238293529 0.6067749262 0.4695041776 -0.6413969398 0.7181720138 0.0220104493 0.6955174208
-119.7 141.5 2162.4 -0.4662550390 -0.8826558590 -0.0593705513 -0.8805405498 0.4695041776 -0.0649166778 0.0851738080 0.0220104493 -0.9961229563
238.8 274.9 2305.7 0.1340150833 0.4808773994 0.8664853573 -0.9906268120 0.0416894071 0.1300788820 0.0264287293 -0.8757961988 0.4819570482
274.2 12.7 2312.7 -0.0354111902 0.4958171248 0.8677046895 -0.9608188272 0.2219458371 -0.1660337746 -0.2749058306 -0.8395864367 0.4685310721
-0.3 -119.1 2330.2 0.9964678884 0.0722128227 0.0428602546 -0.0729386359 0.9972141385 0.0156172393 -0.0416130871 -0.0186882466 0.9989590049
-29.1 -515.5 2337.7 0.9977331758 0.0462172367 0.0489131473 -0.0509913079 0.9935442209 0.1013398543 -0.0439137258 -0.1036042795 0.9936487079
182.4 -122.3 2314.0 0.9300424457 0.0149370003 0.3671483696 0.0122212153 0.9973632097 -0.0715347454 -0.3672488034 0.0710173473 0.9274076223
176.4 -518.8 2285.8 0.9357082844 -0.0353006832 0.3510040641 -0.0635436326 0.9618410468 0.2661278248 -0.3470046222 -0.2713221014 0.8977594972
0.5 368.6 2140.4 0 0 0 0 0 0 0 0 0
264.5 -251.6 2237.1 0 0 0 0 0 0 0 0 0
-42.3 -799.4 2367.3 0 0 0 0 0 0 0 0 0
189.9 -886.5 2389.5 0 0 0 0 0 0 0 0 0
70.9 482.4 2283.6 2 0.9893395305 -0.1342666000 0.0563892461 0.1237867326 0.9793221951 0.1600152999 -0.0767079443 -0.1513292193 0.9855026007
98.8 279.4 2314.9 0.9893395305 -0.1342666000 0.0563892461 0.1237867326 0.9793221951 0.1600152999 -0.0767079443 -0.1513292193 0.9855026007
96.3 80.7 2319.8 0.9978181124 0.0127666639 0.0647767112 -0.0143090719 0.9996237159 0.0234033410 -0.0644535571 -0.0242791716 0.9976252913
-41.6 281.4 2324.0 0.3529791534 -0.8872449994 -0.2969881892 0.6296296120 0.4600447714 -0.6260394454 0.6920782328 0.0339863151 0.7210219502
-121.4 139.0 2167.5 -0.4528473914 -0.8872449994 -0.0878947824 -0.8826614022 0.4600447714 -0.0962686762 0.1258494407 0.0339863151 -0.9914669991
239.2 277.4 2305.9 0.1306252033 0.4878791273 0.8630822897 -0.9911704063 0.0442723632 0.1249849200 0.0227668397 -0.8717877865 0.4893544018
274.1 12.2 2312.0 -0.0361456126 0.5024115443 0.8638727665 -0.9610810876 0.2194410414 -0.1678355634 -0.2738916576 -0.8363183141 0.4749263823
-0.1 -118.2 2328.7 0.9964997768 0.0769340843 0.0327016786 -0.0776081160 0.9967859983 0.0198660474 -0.0310681984 -0.0223344266 0.9992676973
-30.7 -514.5 2337.5 0.9984915853 0.0389222614 0.0387245081 -0.0425998941 0.9941569567 0.0991825983 -0.0346378274 -0.1006826460 0.9943154454
182.9 -121.7 2315.0 0.9334131479 0.0180077273 0.3583512008 0.0096654026 0.9971153736 -0.0752825662 -0.3586731553 0.0737333447 0.9305465817
175.7 -518.2 2285.7 0.9381777048 -0.0482921638 0.3427688181 -0.0497097522 0.9611608982 0.2714748979 -0.3425661027 -0.2717306316 0.8993391395
-4.6 366.8 2135.1 0 0 0 0 0 0 0 0 0
264.2 -252.2 2236.6 0 0 0 0 0 0 0 0 0
-41.8 -798.5 2366.3 0 0 0 0 0 0 0 0 0
194.2 -885.6 2389.6 0 0 0 0 0 0 0 0 0
70.8 483.9 2289.2 3 0.9916333556 -0.0872905478 0.0950978771 0.0756961182 0.9899606109 0.1193654761 -0.1045626253 -0.1111682504 0.9882855415
88.6 282.4 2311.8 0.9916333556 -0.0872905478 0.0950978771 0.0756961182 0.9899606109 0.1193654761 -0.1045626253 -0.1111682504 0.9882855415
90.4 83.8 2319.3 0.9950448871 -0.0092574377 0.0989946425 0.0054082880 0.9992214441 0.0390803032 -0.0992793515 -0.0383512639 0.9943202734
-51.4 281.6 2325.8 0.3119446039 -0.8925084472 -0.3257595301 0.6398388147 0.4508046210 -0.6223997474 0.7023509741 -0.0142793562 0.7116876245
-121.3 138.2 2168.3 -0.4475997984 -0.8925084472 -0.0555257834 -0.8813777566 0.4508046210 -0.1412389874 0.1510882676 -0.0142793562 -0.9884171486
228.5 283.1 2297.8 0.1674445719 0.4581602514 0.8729556203 -0.9844160676 0.0294390321 0.1733734608 0.0537338629 -0.8883819580 0.4559497237
274.3 13.8 2312.5 -0.0376283675 0.4758251011 0.8787346482 -0.9590653181 0.2297915816 -0.1654978096 -0.2806738317 -0.8489913344 0.4477006793
2.2 -116.7 2330.5 0.9946049452 0.0806250721 0.0652728379 -0.0813389421 0.9966515303 0.0083497157 -0.0643810779 -0.0136138918 0.9978325367
-29.9 -513.0 2335.9 0.9965227842 0.0411979705 0.0724225640 -0.0483621024 0.9937986135 0.1001269892 -0.0678484142 -0.1032813340 0.9923353791
185.3 -119.4 2318.7 0.9199042916 0.0159180816 0.3918197453 0.0201812889 0.9959299564 -0.0878417864 -0.3916233182 0.0887134671 0.9158390164
178.9 -515.3 2283.4 0.9278554320 -0.0292424392 0.3717918992 -0.0790342167 0.9588595629 0.2726571560 -0.3644693792 -0.2823706865 0.8873718977
-5.8 365.5 2129.3 0 0 0 0 0 0 0 0 0
263.9 -250.0 2235.3 0 0 0 0 0 0 0 0 0
-41.7 -796.9 2365.4 0 0 0 0 0 0 0 0 0
190.1 -881.8 2391.3 0 0 0 0 0 0 0 0 0
70.4 482.9 2284.5 4 0.9907906651 -0.0907591060 0.1004819795 0.0750595629 0.9857891202 0.1502859443 -0.1126938611 -0.1413597912 0.9835230112
89.3 278.4 2313.8 0.9907906651 -0.0907591060 0.1004819795 0.0750595629 0.9857891202 0.1502859443 -0.1126938611 -0.1413597912 0.9835230112
92.4 79.8 2320.2 0.9941603541 -0.0159650426 0.1067255139 0.0123818535 0.9993399382 0.0341526307 -0.1072003171 -0.0326317325 0.9937018156
-50.6 276.7 2328.9 0.3023058772 -0.8867440224 -0.3497087359 0.6172327995 0.4616753757 -0.6370867491 0.7263847589 -0.0232566223 0.6868946552
-118.4 138.3 2166.0 -0.4610730708 -0.8867440224 -0.0331159681 -0.8797413707 0.4616753757 -0.1136264801 0.1160464361 -0.0232566223 -0.9929714799
229.1 280.1 2298.7 0.1738946438 0.4529502392 0.8744122386 -0.9829042554 0.0252845548 0.1823729575 0.0604967475 -0.8911771774 0.4496035576
274.3 24.9 2314.4 -0.0374373011 0.4720551968 0.8807737231 -0.9570289850 0.2366988510 -0.1675384939 -0.2875655293 -0.8491981626 0.4429091513
1.1 -115.3 2336.0 0.9944312572 0.0764008909 0.0725905672 -0.0762178302 0.9970771670 -0.0052925819 -0.0727827549 -0.0002695868 0.9973477721
-29.3 -511.7 2336.1 0.9958845973 0.0420308039 0.0802950934 -0.0500517450 0.9936625957 0.1006453261 -0.0755560249 -0.1042500362 0.9916769862
183.6 -114.3 2317.8 0.9165732861 0.0086458419 0.3997732103 0.0274999086 0.9960361719 -0.0845910907 -0.3989199698 0.0885276645 0.9127024412
180.1 -510.3 2282.6 0.9252322912 -0.0266594794 0.3784632683 -0.0796060860 0.9616820216 0.2623558939 -0.3709555864 -0.2728681266 0.8876569867
1.1 366.3 2135.9 0 0 0 0 0 0 0 0 0
264.0 -238.3 2235.3 0 0 0 0 0 0 0 0 0
-41.4 -797.5 2366.1 0 0 0 0 0 0 0 0 0
190.3 -877.9 2386.9 0 0 0 0 0 0 0 0 0
68.8 481.7 2290.1 5 0.9898927212 -0.1052291617 0.0950747356 0.0927396268 0.9875066876 0.1273967773 -0.1072927937 -0.1172919422 0.9872846007
90.5 277.8 2314.3 0.9898927212 -0.1052291617 0.0950747356 0.0927396268 0.9875066876 0.1273967773 -0.1072927937 -0.1172919422 0.9872846007
93.4 79.1 2319.0 0.9947575927 -0.0143972877 0.1012427807 0.0119294338 0.9996178150 0.0249389689 -0.1015631333 -0.0236004591 0.9945490956
-49.4 276.1 2328.6 0.2941245437 -0.8807078600 -0.3712739646 0.6043512821 0.4723153114 -0.6416212320 0.7404392362 -0.0356633626 0.6711764932
-115.5 140.4 2162.4 -0.4734669626 -0.8807078600 -0.0135147767 -0.8757020831 0.4723153114 -0.1003201529 0.0947359875 -0.0356633626 -0.9948633909
230.5 279.5 2300.1 0.1673000753 0.4589017332 0.8725937605 -0.9842942953 0.0271572936 0.1744339615 0.0563507602 -0.8880718946 0.4562377930
274.5 20.4 2314.9 -0.0366184413 0.4798835516 0.8765676618 -0.9517406225 0.2507116497 -0.1770127565 -0.3047112226 -0.8407469392 0.4475439787
4.5 -120.0 2336.5 0.9940347672 0.0853812173 0.0678594187 -0.0852796212 0.9963473678 -0.0043978682 -0.0679870471 -0.0014153919 0.9976851940
