-45.6 460.2 1845.2 35 0.9998863935 0.0149019463 -0.0022537971 -0.0150079168 0.9981906414 -0.0582256801 0.0013820434 0.0582528897 0.9983009100
-49.6 192.4 1829.6 0.9998863935 0.0149019463 -0.0022537971 -0.0150079168 0.9981906414 -0.0582256801 0.0013820434 0.0582528897 0.9983009100
-43.4 0.1 1864.4 0.9994841814 -0.0318301320 -0.0042699995 0.0320820697 0.9835426211 0.1778052300 -0.0014598374 -0.1778504997 0.9840564132
-191.9 187.8 1829.8 0.1411535442 -0.8571802974 -0.4952954650 0.9841057658 0.0670351908 0.1644448191 -0.1077566296 -0.5106350780 0.8530183434
-228.5 -66.9 1857.7 -0.1430786401 -0.8571802974 -0.4947427809 0.9214665294 0.0670351908 -0.3826299608 0.3611480594 -0.5106350780 0.7802716494
92.8 197.0 1829.3 0.5915206671 0.5949507952 0.5441845655 0.0914798751 0.6210445762 -0.7784183025 -0.8010834455 0.5102324486 0.3129346669
223.2 217.2 1652.7 -0.7440106869 0.5949507952 0.3041079640 0.6657100320 0.6210445762 0.4136832654 0.0572565943 0.5102324486 -0.8581284881
-137.5 -188.8 1889.2 0.9880229831 0.0474506803 -0.1468297094 -0.0765340030 0.9769490361 -0.1992816180 0.1339890957 0.2081322968 0.9688796997
-156.0 -569.8 1808.0 0.9909294248 0.0000000000 -0.1343832463 0.0000000000 1.0000000000 0.0000000000 0.1343832463 0.0000000000 0.9909294248
43.1 -187.0 1888.2 0.9249060154 -0.0360947810 -0.3784784973 -0.0074130609 0.9935818911 -0.1128716916 0.3801234663 0.1072013900 0.9187023640
57.1 -574.7 1846.3 0.9249314666 0.0000000000 -0.3801339269 0.0000000000 1.0000000000 0.0000000000 0.3801339269 0.0000000000 0.9249314666
-188.2 -326.3 1756.0 0 0 0 0 0 0 0 0 0
35.3 385.3 1667.2 0 0 0 0 0 0 0 0 0
-156.0 -946.5 1808.0 0 0 0 0 0 0 0 0 0
57.1 -951.4 1846.3 0 0 0 0 0 0 0 0 0
-45.8 460.4 1845.2 36 0.9997894168 0.0198333226 -0.0052659363 -0.0201615058 0.9971950650 -0.0720800012 0.0038215797 0.0721709952 0.9973849654
-51.2 186.5 1825.4 0.9997894168 0.0198333226 -0.0052659363 -0.0201615058 0.9971950650 -0.0720800012 0.0038215797 0.0721709952 0.9973849654
-40.6 -4.3 1867.0 0.9984487295 -0.0547190979 -0.0102962628 0.0556570515 0.9755996466 0.2123855501 -0.0015765156 -0.2126291394 0.9771317244
-193.4 178.5 1825.7 0.1306321323 -0.8290147185 -0.5437553525 0.9858990908 0.0507658646 0.1594548821 -0.1045862362 -0.5569177866 0.8239564896
-227.5 -78.3 1853.0 -0.1900651753 -0.8290147185 -0.5259370804 0.9110111594 0.0507658646 -0.4092450142 0.3659698069 -0.5569177866 0.7455928326
91.0 194.4 1825.1 0.6020780206 0.5840892792 0.5443727970 0.1098879278 0.6146919131 -0.7810751796 -0.7908392549 0.5300881863 0.3059081435
222.7 218.5 1652.0 -0.7477722764 0.5840892792 0.3157155216 0.6615167260 0.6146919131 0.4295921624 0.0568524040 0.5300881863 -0.8460344672
-127.5 -195.5 1898.9 0.9858117700 0.0811412707 -0.1469395906 -0.1131998822 0.9677479267 -0.2250549346 0.1239392459 0.2384953499 0.9632024765
-159.1 -573.4 1805.8 0.9921893477 0.0000000000 -0.1247410476 0.0000000000 1.0000000000 0.0000000000 0.1247410476 0.0000000000 0.9921893477
53.1 -189.4 1898.8 0.9266026616 -0.0007620025 -0.3760411441 -0.0536550209 0.9894984365 -0.1342163831 0.3721944094 0.1445417553 0.9168309569
53.4 -575.8 1842.3 0.9279392958 0.0000000000 -0.3727312982 0.0000000000 1.0000000000 0.0000000000 0.3727312982 0.0000000000 0.9279392958
-174.0 -334.6 1750.0 0 0 0 0 0 0 0 0 0
33.3 386.1 1666.4 0 0 0 0 0 0 0 0 0
-159.1 -950.0 1805.8 0 0 0 0 0 0 0 0 0
53.4 -952.4 1842.3 0 0 0 0 0 0 0 0 0
-47.5 461.1 1846.3 37 0.9997219443 0.0115726283 -0.0205438808 -0.0131356465 0.9968938231 -0.0776539221 0.0195814073 0.0779021904 0.9967687130
-50.8 178.5 1824.2 0.9997219443 0.0115726283 -0.0205438808 -0.0131356465 0.9968938231 -0.0776539221 0.0195814073 0.0779021904 0.9967687130
-36.4 -11.3 1869.3 0.9968196154 -0.0737383738 -0.0302202012 0.0787088722 0.9703443050 0.2285537422 0.0124708191 -0.2302054465 0.9730621576
-192.8 167.3 1822.5 0.1197564304 -0.7880861163 -0.6038034558 0.9888114929 0.0401970372 0.1436523944 -0.0889393464 -0.6142511368 0.7840824723
-224.0 -90.6 1845.7 -0.2331382334 -0.7880861163 -0.5697076321 0.9040372968 0.0401970372 -0.4255593121 0.3582779467 -0.6142511368 0.7030878067
91.2 189.8 1825.9 0.5872625113 0.5877907872 0.5564393401 0.1414052993 0.6023944020 -0.7855733633 -0.7969487309 0.5400212407 0.2706469297
220.6 220.9 1650.2 -0.7480220199 0.5877907872 0.3081640005 0.6589378715 0.6023944020 0.4504684508 0.0791449323 0.5400212407 -0.8379219174
-120.1 -200.3 1908.6 0.9815078974 0.1049993709 -0.1600542516 -0.1437160671 0.9565150738 -0.2538200915 0.1264433563 0.2721287906 0.9539172053
-161.1 -574.0 1802.3 0.9918038845 0.0000000000 -0.1277697384 0.0000000000 1.0000000000 0.0000000000 0.1277697384 0.0000000000 0.9918038845
60.3 -190.1 1908.3 0.9217157960 0.0262521505 -0.3869764507 -0.0945891291 0.9827976823 -0.1586239785 0.3761553466 0.1828099936 0.9083433747
50.0 -574.0 1836.9 0.9258670211 0.0000000000 -0.3778494596 0.0000000000 1.0000000000 0.0000000000 0.3778494596 0.0000000000 0.9258670211
-158.4 -344.9 1744.9 0 0 0 0 0 0 0 0 0
30.2 388.7 1670.3 0 0 0 0 0 0 0 0 0
-161.1 -950.7 1802.3 0 0 0 0 0 0 0 0 0
50.0 -950.7 1836.9 0 0 0 0 0 0 0 0 0
-48.7 458.8 1847.3 38 0.9988234043 0.0063174060 -0.0480826572 -0.0105966069 0.9959511161 -0.0892694220 0.0473240241 0.0896738991 0.9948462248
-50.5 171.5 1821.4 0.9988234043 0.0063174060 -0.0480826572 -0.0105966069 0.9959511161 -0.0892694220 0.0473240241 0.0896738991 0.9948462248
-34.3 -17.1 1871.0 0.9946374893 -0.0832614303 -0.0613497086 0.0960185081 0.9638238549 0.2486442626 0.0384278372 -0.2532016039 0.9666500092
-192.2 157.7 1816.0 0.1046635136 -0.7709697485 -0.6282126904 0.9910141230 0.0279521756 0.1308040172 -0.0832860321 -0.6362580657 0.7669674754
-219.5 -100.9 1837.7 -0.2472017556 -0.7709697485 -0.5869386196 0.9075740576 0.0279521756 -0.4189606607 0.3394122124 -0.6362580657 0.6928023100
91.1 185.2 1826.8 0.5830739737 0.5892781019 0.5592638254 0.1540695131 0.5956963301 -0.7882946730 -0.7976762056 0.5457996130 0.2565452158
219.1 219.0 1651.7 -0.7479877472 0.5892781019 0.3053941727 0.6576023102 0.5956963301 0.4611996710 0.0898526832 0.5457996130 -0.8330841660
-112.1 -208.3 1913.1 0.9736711979 0.1322393268 -0.1856801957 -0.1790193170 0.9478483200 -0.2636960149 0.1411256790 0.2899935544 0.9465660453
-163.8 -579.0 1799.8 0.9896585941 0.0000000000 -0.1434429288 0.0000000000 1.0000000000 0.0000000000 0.1434429288 0.0000000000 0.9896585941
68.0 -194.0 1915.4 0.9100370407 0.0571328774 -0.4105708003 -0.1394960135 0.9748984575 -0.1735335141 0.3903503418 0.2151949108 0.8951635361
45.7 -575.0 1831.3 0.9190226793 0.0000000000 -0.3942046463 0.0000000000 1.0000000000 0.0000000000 0.3942046463 0.0000000000 0.9190226793
-149.9 -356.4 1742.2 0 0 0 0 0 0 0 0 0
27.6 387.4 1674.7 0 0 0 0 0 0 0 0 0
-163.8 -955.6 1799.8 0 0 0 0 0 0 0 0 0
45.7 -951.7 1831.3 0 0 0 0 0 0 0 0 0
-49.1 456.8 1845.8 39 0.9979103208 0.0060557746 -0.0643299520 -0.0117884474 0.9959518909 -0.0891117230 0.0635298938 0.0896838605 0.9939420223
-50.9 167.9 1819.8 0.9979103208 0.0060557746 -0.0643299520 -0.0117884474 0.9959518909 -0.0891117230 0.0635298938 0.0896838605 0.9939420223
-34.2 -19.7 1873.0 0.9931994677 -0.0857274979 -0.0787756965 0.1037788615 0.9585716128 0.2652742565 0.0527708456 -0.2716455162 0.9609494805
-192.4 153.1 1812.3 0.0914605632 -0.7546406388 -0.6497326493 0.9930939674 0.0209762380 0.1154311970 -0.0734801218 -0.6558029652 0.7513475418
-216.7 -110.8 1831.8 -0.2556086779 -0.7546406388 -0.6043026447 0.9111297131 0.0209762380 -0.4115854502 0.3232751191 -0.6558029652 0.6822138429
90.6 182.8 1827.2 0.5805708766 0.5986589789 0.5518558025 0.1499408484 0.5875781775 -0.7951537967 -0.8002844453 0.5443888903 0.2513673604
217.4 215.5 1652.4 -0.7383736372 0.5986589789 0.3105024397 0.6682647467 0.5875781775 0.4562609494 0.0907002315 0.5443888903 -0.8339149952
-108.0 -214.5 1917.1 0.9676834941 0.1491611153 -0.2033215761 -0.2029272467 0.9392758012 -0.2767336071 0.1496971399 0.3090500236 0.9391905069
-166.3 -582.0 1796.2 0.9882450700 0.0000000000 -0.1528779417 0.0000000000 1.0000000000 0.0000000000 0.1528779417 0.0000000000 0.9882450700
71.7 -197.0 1924.0 0.9021286368 0.0688014627 -0.4259463251 -0.1658790559 0.9666370153 -0.1951847076 0.3983064890 0.2467373013 0.8834436536
44.8 -575.0 1827.5 0.9148021936 0.0000000000 -0.4039020836 0.0000000000 1.0000000000 0.0000000000 0.4039020836 0.0000000000 0.9148021936
-144.7 -367.3 1740.8 0 0 0 0 0 0 0 0 0
28.1 386.9 1675.6 0 0 0 0 0 0 0 0 0
-166.3 -958.6 1796.2 0 0 0 0 0 0 0 0 0
44.8 -951.7 1827.5 0 0 0 0 0 0 0 0 0
-48.0 454.1 1846.0 40 0.9975750446 0.0157633722 -0.0677903891 -0.0222581699 0.9951183200 -0.0961459726 0.0659438744 0.0974217132 0.9930561185
-52.6 167.3 1818.0 0.9975750446 0.0157633722 -0.0677903891 -0.0222581699 0.9951183200 -0.0961459726 0.0659438744 0.0974217132 0.9930561185
-36.1 -20.1 1872.1 0.9931598306 -0.0844218358 -0.0806630850 0.1032981202 0.9573270082 0.2699157000 0.0544341691 -0.2764017582 0.9594993591
-194.1 152.6 1810.2 0.0768077672 -0.7496803999 -0.6573278308 0.9948109388 0.0135041764 0.1008406878 -0.0667216182 -0.6616622806 0.7468274832
-214.9 -117.1 1828.3 -0.2634770274 -0.7496803999 -0.6070907116 0.9110513330 0.0135041764 -0.4120717347 0.3171203434 -0.6616622806 0.6794393063
88.9 182.1 1825.7 0.5745092034 0.6123840213 0.5430699587 0.1594815105 0.5670268536 -0.8081127405 -0.8028105497 0.5508778691 0.2280982137
213.9 216.8 1651.0 -0.7234748602 0.6123840213 0.3187004030 0.6828684211 0.5670268536 0.4606205821 0.1013650075 0.5508778691 -0.8284073472
-107.2 -216.8 1921.4 0.9662069678 0.1519178450 -0.2082427442 -0.2091340423 0.9342795014 -0.2887641788 0.1506884843 0.3225566149 0.9344785810
-166.7 -582.5 1795.1 0.9880558848 0.0000000000 -0.1540960222 0.0000000000 1.0000000000 0.0000000000 0.1540960222 0.0000000000 0.9880558848
72.3 -197.9 1930.9 0.9002569318 0.0684327930 -0.4299469590 -0.1769971699 0.9598001242 -0.2178434432 0.3977555037 0.2722144723 0.8761790991
45.5 -573.4 1824.4 0.9146987796 0.0000000000 -0.4041362703 0.0000000000 1.0000000000 0.0000000000 0.4041362703 0.0000000000 0.9146987796
-140.7 -373.7 1739.0 0 0 0 0 0 0 0 0 0
28.6 391.7 1677.0 0 0 0 0 0 0 0 0 0
-166.7 -959.1 1795.1 0 0 0 0 0 0 0 0 0
45.5 -950.1 1824.4 0 0 0 0 0 0 0 0 0
-47.4 454.6 1845.2 41 0.9980994463 0.0260606557 -0.0558420904 -0.0312457811 0.9950733185 -0.0940891504 0.0531149507 0.0956551582 0.9939964414
-54.9 168.3 1817.6 0.9980994463 0.0260606557 -0.0558420904 -0.0312457811 0.9950733185 -0.0940891504 0.0531149507 0.0956551582 0.9939964414
-36.6 -18.8 1872.4 0.9932412505 -0.0936291516 -0.0685962588 0.1090019792 0.9555038810 0.2741000652 0.0398802347 -0.2797246277 0.9592516422
-196.4 152.8 1812.0 0.0683966652 -0.7586189508 -0.6479345560 0.9957637191 0.0119051151 0.0911750570 -0.0614533909 -0.6514258385 0.7562194467
-215.0 -117.6 1828.6 -0.2685127258 -0.7559744120 -0.5969955325 0.9106600285 0.0028083969 -0.4131469429 0.3140051067 -0.6545951962 0.6876815557
86.7 183.9 1823.3 0.5865970254 0.6053805947 0.5379760265 0.1466930956 0.5738582611 -0.8057094812 -0.7964829206 0.5515441895 0.2478184104
214.0 215.7 1650.4 -0.7306330800 0.6053805947 0.3157366216 0.6755436659 0.5738582611 0.4629550874 0.0990759581 0.5515441895 -0.8282408714
-109.4 -216.9 1921.3 0.9708321095 0.1413669735 -0.1936503053 -0.1938340366 0.9381468892 -0.2868950367 0.1411149502 0.3160629272 0.9381848574
-164.7 -584.3 1797.5 0.9896005392 0.0000000000 -0.1438430250 0.0000000000 1.0000000000 0.0000000000 0.1438430250 0.0000000000 0.9896005392
70.2 -198.2 1931.1 0.9067198038 0.0616462529 -0.4172037244 -0.1706574261 0.9582787752 -0.2292984575 0.3856620789 0.2791083753 0.8794107437
46.0 -573.4 1821.9 0.9202190042 0.0000000000 -0.3914037943 0.0000000000 1.0000000000 0.0000000000 0.3914037943 0.0000000000 0.9202190042
-139.3 -374.1 1740.2 0 0 0 0 0 0 0 0 0
27.3 388.3 1675.7 0 0 0 0 0 0 0 0 0
-164.7 -960.9 1797.5 0 0 0 0 0 0 0 0 0
46.0 -950.0 1821.9 0 0 0 0 0 0 0 0 0
-47.4 454.6 1845.2 42 0.9985399246 0.0262158811 -0.0472308844 -0.0307728294 0.9946617484 -0.0984941423 0.0443966426 0.0998037606 0.9940161705
-54.9 168.9 1816.5 0.9985399246 0.0262158811 -0.0472308844 -0.0307728294 0.9946617484 -0.0984941423 0.0443966426 0.0998037606 0.9940161705
-43.7 -18.7 1871.0 0.9969374537 -0.0573327690 -0.0531847849 0.0698268339 0.9588233232 0.2752853334 0.0352119431 -0.2781559825 0.9598903060
-196.9 158.9 1811.5 0.0650783107 -0.7634416223 -0.6425898671 0.9960377812 0.0105839428 0.0882992893 -0.0606102161 -0.6457901597 0.7611054182
-214.9 -117.6 1828.4 -0.2739337087 -0.7582579255 -0.5916124582 0.9108744860 -0.0071308133 -0.4126218855 0.3086551130 -0.6519157290 0.6926311851
87.1 178.8 1821.6 0.5891265273 0.5943865180 0.5473889112 0.1657577008 0.5741243958 -0.8018139005 -0.7908567190 0.5631037951 0.2397077829
214.5 214.7 1650.5 -0.7375811934 0.5943865180 0.3204350770 0.6682170630 0.5741243958 0.4731459618 0.0972619802 0.5631037951 -0.8206425905
-108.0 -215.8 1923.6 0.9687976241 0.1434812844 -0.2020996511 -0.1992538422 0.9358152747 -0.2907708287 0.1474077702 0.3219672143 0.9352048039
-164.2 -582.2 1797.5 0.9886215925 0.0000000000 -0.1504240781 0.0000000000 1.0000000000 0.0000000000 0.1504240781 0.0000000000 0.9886215925
71.5 -196.0 1930.8 0.9038931131 0.0670728758 -0.4224671423 -0.1752963215 0.9589728117 -0.2228056639 0.3901903033 0.2754494548 0.8785665035
45.3 -571.6 1822.9 0.9181093574 0.0000000000 -0.3963271379 0.0000000000 1.0000000000 0.0000000000 0.3963271379 0.0000000000 0.9181093574
-137.8 -374.2 1741.4 0 0 0 0 0 0 0 0 0
27.2 384.4 1675.2 0 0 0 0 0 0 0 0 0
-164.2 -958.9 1797.5 0 0 0 0 0 0 0 0 0
45.3 -948.2 1822.9 0 0 0 0 0 0 0 0 0
-47.5 453.9 1845.2 43 0.9989607334 0.0239304360 -0.0387911424 -0.0277720559 0.9944244027 -0.1017290205 0.0361404382 0.1027006134 0.9940555692
-54.3 168.5 1815.8 0.9989607334 0.0239304360 -0.0387911424 -0.0277720559 0.9944244027 -0.1017290205 0.0361404382 0.1027006134 0.9940555692
-45.1 -19.6 1869.2 0.9979379177 -0.0474109799 -0.0432674848 0.0574002862 0.9608587027 0.2710272968 0.0287242699 -0.2729519904 0.9615987539
-196.5 160.4 1811.7 0.0680040345 -0.7685364485 -0.6361817122 0.9955631495 0.0107075823 0.0934845284 -0.0650343001 -0.6397163868 0.7658547759
-215.2 -113.2 1829.6 -0.2724878788 -0.7629556656 -0.5862158537 0.9109819531 -0.0085202400 -0.4123582542 0.3096163571 -0.6463946700 0.6973604560
87.8 176.7 1819.9 0.5922159553 0.5902331471 0.5485482216 0.1683163643 0.5751349926 -0.8005556464 -0.7880037427 0.5664314628 0.2412582189
215.9 213.1 1649.4 -0.7411672473 0.5902331471 0.3198373616 0.6641326547 0.5751349926 0.4776479304 0.0979739651 0.5664314628 -0.8182643056
-122.5 -212.7 1922.3 0.9747559428 0.0998265147 -0.1997136176 -0.1571364105 0.9421733022 -0.2960026860 0.1586159170 0.3199126720 0.9340754151
-161.6 -581.4 1797.2 0.9870177507 0.0000000000 -0.1606111974 0.0000000000 1.0000000000 0.0000000000 0.1606111974 0.0000000000 0.9870177507
57.6 -200.1 1928.7 0.9071770310 0.0142823653 -0.4205067158 -0.1302738637 0.9598458409 -0.2484445274 0.4000732303 0.2801642120 0.8726106882
52.0 -575.5 1819.1 0.9149743915 0.0000000000 -0.4035119414 0.0000000000 1.0000000000 0.0000000000 0.4035119414 0.0000000000 0.9149743915
-138.4 -369.9 1742.3 0 0 0 0 0 0 0 0 0
27.5 381.9 1674.3 0 0 0 0 0 0 0 0 0
-161.6 -958.0 1797.2 0 0 0 0 0 0 0 0 0
52.0 -952.1 1819.1 0 0 0 0 0 0 0 0 0
-48.5 453.1 1845.8 44 0.9993116856 0.0187971629 -0.0319815837 -0.0220881384 0.9941341281 -0.1058744416 0.0298038460 0.1065079793 0.9938650727
-53.9 168.7 1815.3 0.9993116856 0.0187971629 -0.0319815837 -0.0220881384 0.9941341281 -0.1058744416 0.0298038460 0.1065079793 0.9938650727
-45.0 -19.6 1868.3 0.9982942343 -0.0451377481 -0.0370296240 0.0534577891 0.9616706967 0.2689455748 0.0234707054 -0.2704663277 0.9624432921
-196.1 161.1 1812.0 0.0724507347 -0.7720430493 -0.6314272881 0.9951318502 0.0135487393 0.0976166651 -0.0668092296 -0.6354258060 0.7692662477
-215.9 -110.8 1830.2 -0.2683333755 -0.7663459182 -0.5837046504 0.9117526412 -0.0064362390 -0.4106893539 0.3109732568 -0.6423959136 0.7004449368
88.4 176.3 1818.6 0.5925741792 0.5937686563 0.5443295240 0.1686480939 0.5693241358 -0.8046290278 -0.7876634002 0.5686025023 0.2372288257
215.9 212.6 1649.1 -0.7403618693 0.5937686563 0.3151239157 0.6633171439 0.5693241358 0.4856752455 0.1089710966 0.5686025023 -0.8153628111
-125.9 -212.9 1920.1 0.9767491221 0.0888855159 -0.1950909644 -0.1440607309 0.9460518956 -0.2902281284 0.1587691009 0.3115850091 0.9368602633
-160.7 -583.2 1798.1 0.9870451689 0.0000000000 -0.1604426950 0.0000000000 1.0000000000 0.0000000000 0.1604426950 0.0000000000 0.9870451689
54.4 -202.5 1925.3 0.9090849757 0.0043484396 -0.4165880382 -0.1121729016 0.9655724168 -0.2347066104 0.4012252986 0.2600981295 0.8782751560
52.7 -580.3 1823.5 0.9148589373 0.0000000000 -0.4037736356 0.0000000000 1.0000000000 0.0000000000 0.4037736356 0.0000000000 0.9148589373
-140.3 -367.7 1742.6 0 0 0 0 0 0 0 0 0
27.6 381.4 1676.8 0 0 0 0 0 0 0 0 0
-160.7 -959.9 1798.1 0 0 0 0 0 0 0 0 0
52.7 -957.0 1823.5 0 0 0 0 0 0 0 0 0
-50.3 455.6 1850.0 45 0.9997091889 0.0095177935 -0.0221580658 -0.0121236295 0.9926258922 -0.1206105053 0.0208467245 0.1208440587 0.9924525619
-53.1 168.8 1815.1 0.9997091889 0.0095177935 -0.0221580658 -0.0121236295 0.9926258922 -0.1206105053 0.0208467245 0.1208440587 0.9924525619
-43.8 -20.0 1866.5 0.9984276295 -0.0476098545 -0.0295903701 0.0536979772 0.9638120532 0.2611184716 0.0160877444 -0.2622968256 0.9648531079
-195.4 161.1 1812.8 0.0759301409 -0.7769826651 -0.6249260306 0.9950358272 0.0186095294 0.0977618545 -0.0643296838 -0.6292468905 0.7745385766
-216.0 -109.6 1830.3 -0.2654862106 -0.7701171041 -0.5800316930 0.9122252464 -0.0059414022 -0.4096459746 0.3120291531 -0.6378749013 0.7040976286
89.2 176.4 1817.4 0.5996314287 0.5922656059 0.5382040143 0.1653986126 0.5662848949 -0.8074433208 -0.7829977274 0.5731866360 0.2416023165
216.0 211.4 1651.8 -0.7388136983 0.5922656059 0.3215211034 0.6655403972 0.5662848949 0.4861866236 0.1058790684 0.5731866360 -0.8125556707
-126.4 -212.7 1919.1 0.9784449935 0.0875320956 -0.1870389432 -0.1403763443 0.9462059736 -0.2915282547 0.1514592767 0.3115002215 0.9380978942
-160.7 -583.3 1797.1 0.9882302284 0.0000000000 -0.1529739946 0.0000000000 1.0000000000 0.0000000000 0.1529739946 0.0000000000 0.9882302284
54.0 -203.1 1923.4 0.9122895002 0.0023018150 -0.4095394015 -0.1037089825 0.9686894417 -0.2255775034 0.3961972594 0.2482649088 0.8839639425
53.1 -582.3 1826.2 0.9172355533 0.0000000000 -0.3983452618 0.0000000000 1.0000000000 0.0000000000 0.3983452618 0.0000000000 0.9172355533
-141.2 -366.7 1742.4 0 0 0 0 0 0 0 0 0
27.3 381.4 1678.9 0 0 0 0 0 0 0 0 0
-160.7 -959.9 1797.1 0 0 0 0 0 0 0 0 0
53.1 -959.0 1826.2 0 0 0 0 0 0 0 0 0
-51.1 454.7 1847.1 46 0.9999125600 0.0098968847 -0.0087720826 -0.0108435722 0.9932577014 -0.1154192835 0.0075706472 0.1155043095 0.9932781458
-54.0 165.2 1813.5 0.9999125600 0.0098968847 -0.0087720826 -0.0108435722 0.9932577014 -0.1154192835 0.0075706472 0.1155043095 0.9932781458
-45.6 -23.3 1865.9 0.9989647269 -0.0428677537 -0.0152248312 0.0453788489 0.9625306129 0.2673492432 0.0031937051 -0.2677633464 0.9634793997
-196.3 158.7 1813.0 0.0749709606 -0.7474027276 -0.6601276398 0.9949716926 0.0119779194 0.0994378179 -0.0664131418 -0.6642632484 0.7445425391
-216.4 -107.8 1830.8 -0.2684279084 -0.7474027276 -0.6077298522 0.9091514349 0.0119779194 -0.4162934124 0.3184181750 -0.6642632484 0.6762870550
88.4 171.6 1813.9 0.6132415533 0.5773589015 0.5390653610 0.1865102053 0.5573166609 -0.8090810180 -0.7675602436 0.5967032909 0.2340864390
216.6 210.6 1653.5 -0.7405402064 0.5773589015 0.3438849747 0.6652332544 0.5573166609 0.4968529344 0.0952096283 0.5967032909 -0.7967937589
-124.7 -213.6 1916.4 0.9798408151 0.0898806304 -0.1784191877 -0.1399917006 0.9460487962 -0.2922225893 0.1425281167 0.3113088310 0.9395597577
-159.9 -584.1 1794.5 0.9895855784 0.0000000000 -0.1439455897 0.0000000000 1.0000000000 0.0000000000 0.1439455897 0.0000000000 0.9895855784
55.8 -203.9 1919.3 0.9164305329 0.0090634366 -0.4000910819 -0.0995165780 0.9735007286 -0.2058950365 0.3876228631 0.2285041958 0.8930478096
52.2 -585.0 1829.8 0.9210025072 0.0000000000 -0.3895566463 0.0000000000 1.0000000000 0.0000000000 0.3895566463 0.0000000000 0.9210025072
-140.8 -364.0 1741.1 0 0 0 0 0 0 0 0 0
26.8 381.1 1677.9 0 0 0 0 0 0 0 0 0
-159.9 -960.8 1794.5 0 0 0 0 0 0 0 0 0
52.2 -961.7 1829.8 0 0 0 0 0 0 0 0 0
-52.5 462.3 1845.7 47 0.9975598454 0.0014718382 0.0698014721 0.0018767850 0.9988511801 -0.0478836969 -0.0697917640 0.0478978530 0.9964110255
-52.9 217.6 1834.0 0.9975598454 0.0014718382 0.0698014721 0.0018767850 0.9988511801 -0.0478836969 -0.0697917640 0.0478978530 0.9964110255
-48.0 25.5 1864.4 0.9973183870 -0.0297146663 0.0668808296 0.0188544262 0.9873371124 0.1575118899 -0.0707143322 -0.1558285058 0.9852496982
-194.5 214.3 1844.2 0.0669073164 -0.7969718575 -0.6002993584 0.9968903065 0.0784993991 0.0068923030 0.0416301675 -0.5988937616 0.7997456789
-216.3 -110.5 1830.6 -0.2650433183 -0.7769939899 -0.5709924698 0.9069332480 0.0002160488 -0.4212743342 0.3274509609 -0.6295080185 0.7046244144
88.8 220.9 1823.8 0.6161017418 0.6234880686 0.4813328087 -0.0686361715 0.6512585878 -0.7557455301 -0.7846704721 0.4325793087 0.4440354109
221.1 206.2 1655.3 -0.7416636944 0.6234880686 0.2473814189 0.6677426100 0.6512585878 0.3605302274 0.0636770278 0.4325793087 -0.8993444443
-129.6 -190.9 1909.0 0.9921725392 0.0708413720 -0.1028358340 -0.0964519307 0.9577990770 -0.2707728744 0.0793141425 0.2785721123 0.9571347237
-158.8 -586.1 1794.1 0.9968200326 0.0000000000 -0.0796856657 0.0000000000 1.0000000000 0.0000000000 0.0796856657 0.0000000000 0.9968200326
50.4 -183.3 1902.5 0.9421418905 -0.0093192374 -0.3350848556 -0.0512828156 0.9838395119 -0.1715515256 0.3312684596 0.1788099706 0.9264384508
54.3 -588.9 1828.8 0.9433832169 0.0000000000 -0.3317049146 0.0000000000 1.0000000000 0.0000000000 0.3317049146 0.0000000000 0.9433832169
-141.7 -366.0 1738.4 0 0 0 0 0 0 0 0 0
31.8 376.6 1671.5 0 0 0 0 0 0 0 0 0
-158.8 -962.8 1794.1 0 0 0 0 0 0 0 0 0
54.3 -965.5 1828.8 0 0 0 0 0 0 0 0 0
-54.7 466.7 1845.5 48 0.9971426725 -0.0049116369 0.0753816739 0.0052382573 0.9999777079 -0.0041357819 -0.0753596798 0.0045188330 0.9971461892
-53.6 244.3 1844.5 0.9971426725 -0.0049116369 0.0753816739 0.0052382573 0.9999777079 -0.0041357819 -0.0753596798 0.0045188330 0.9971461892
-50.4 50.4 1863.7 0.9970666766 -0.0190083925 0.0741399825 0.0115757287 0.9949780107 0.0994221792 -0.0756575093 -0.0982723162 0.9922794700
-195.5 242.3 1855.4 0.0789555088 -0.8028371334 -0.5909472108 0.9966115952 0.0772780180 0.0281688683 0.0230522137 -0.5911688805 0.8062183261
-219.4 -58.6 1848.4 -0.2105685472 -0.7938313484 -0.5705196857 0.9212592244 0.0340890586 -0.3874523640 0.3270202875 -0.6071817875 0.7241463661
88.2 246.3 1833.6 0.5826738477 0.6681895256 0.4626163840 -0.2173471153 0.6766143441 -0.7035291791 -0.7831037045 0.3093797266 0.5394745469
218.2 197.8 1658.9 -0.7197325230 0.6681895256 0.1884351969 0.6931853294 0.6766143441 0.2483689338 0.0384595729 0.3093797266 -0.9501605630
-133.9 -156.2 1896.9 0.9942647219 0.0535532869 -0.0925729051 -0.0721252263 0.9748914838 -0.2106763124 0.0789661333 0.2161448598 0.9731627703
-155.4 -547.3 1810.1 0.9968609214 0.0000000000 -0.0791723281 0.0000000000 1.0000000000 0.0000000000 0.0791723281 0.0000000000 0.9968609214
45.5 -152.3 1880.3 0.9423851967 -0.0267009586 -0.3334624171 -0.0058159968 0.9953511953 -0.0961359963 0.3344791234 0.0925365537 0.9378489852
56.2 -550.7 1843.3 0.9424011707 0.0000000000 -0.3344847858 0.0000000000 1.0000000000 0.0000000000 0.3344847858 0.0000000000 0.9424011707
-160.1 -317.7 1756.4 0 0 0 0 0 0 0 0 0
35.7 373.6 1668.7 0 0 0 0 0 0 0 0 0
-155.4 -924.0 1810.1 0 0 0 0 0 0 0 0 0
56.2 -927.4 1843.3 0 0 0 0 0 0 0 0 0
-55.2 465.6 1844.9 49 0.9984758496 -0.0229438227 0.0501948893 0.0219964571 0.9995708466 0.0193455201 -0.0506172068 -0.0182119254 0.9985520840
-50.3 254.4 1848.7 0.9984758496 -0.0229438227 0.0501948893 0.0219964571 0.9995708466 0.0193455201 -0.0506172068 -0.0182119254 0.9985520840
-44.8 59.7 1861.9 0.9983780384 -0.0291312300 0.0489153750 0.0257487465 0.9973249435 0.0684103891 -0.0507774018 -0.0670399144 0.9964573979
-192.4 250.6 1856.0 0.1034027264 -0.7902029753 -0.6040588617 0.9945790172 0.0754446387 0.0715585873 -0.0109728044 -0.6081836820 0.7937204838
-221.6 -29.4 1859.1 -0.1523848027 -0.7927181721 -0.5902345181 0.9282867908 0.0901710987 -0.3607668877 0.3392085731 -0.6028823256 0.7221291065
91.8 258.2 1841.5 0.5456478596 0.6929882765 0.4712065458 -0.2824443579 0.6814684868 -0.6751487851 -0.7889826298 0.2353038639 0.5675724745
216.2 193.8 1661.6 -0.7060741782 0.6929882765 0.1456929445 0.7074810266 0.6814684868 0.1872733384 0.0304930788 0.2353038639 -0.9714434147
-127.8 -143.2 1883.1 0.9935699105 0.0200794861 -0.1114257500 -0.0395061783 0.9837772846 -0.1749901325 0.1061044112 0.1782669276 0.9782447219
-135.7 -532.5 1812.6 0.9941794872 -0.0172143802 -0.1063524187 0.0168606956 0.9998489022 -0.0042238967 0.1064090580 0.0024061354 0.9943194985
42.1 -136.1 1871.9 0.9331834912 -0.0461571924 -0.3564239740 0.0139298169 0.9956187010 -0.0924626067 0.3591302037 0.0813196599 0.9297379255
60.4 -530.3 1839.7 0.9332740307 0.0000000000 -0.3591650426 0.0000000000 1.0000000000 0.0000000000 0.3591650426 0.0000000000 0.9332740307
-178.7 -290.3 1763.8 0 0 0 0 0 0 0 0 0
37.9 372.4 1669.3 0 0 0 0 0 0 0 0 0
-129.2 -909.0 1811.7 0 0 0 0 0 0 0 0 0
60.4 -907.0 1839.7 0 0 0 0 0 0 0 0 0
-54.1 461.5 1844.6 50 0.9983330965 -0.0386607274 -0.0428533256 0.0387905613 0.9992449284 0.0022020307 0.0427358374 -0.0038606648 0.9990789294
-45.1 228.4 1845.5 0.9983330965 -0.0386607274 -0.0428533256 0.0387905613 0.9992449284 0.0022020307 0.0427358374 -0.0038606648 0.9990789294
-39.6 33.1 1853.5 0.9986611009 -0.0270702746 -0.0440820828 0.0288200025 0.9988017678 0.0395529605 0.0429585539 -0.0407704487 0.9982446432
-186.7 224.4 1839.4 0.1432404220 -0.8808963895 -0.4511138201 0.9837262630 0.0767712742 0.1624464095 -0.1084658802 -0.4670414031 0.8775576949
-222.0 -18.2 1866.1 -0.1032231227 -0.8808963895 -0.4619161189 0.9318445921 0.0767712742 -0.3546432853 0.3478658795 -0.4670414031 0.8129339814
96.5 232.3 1851.6 0.5255078673 0.6882550716 0.5001463890 -0.1831160337 0.6655824184 -0.7235112786 -0.8308489323 0.2886260748 0.4757993519
215.1 191.0 1664.1 -0.6982215643 0.6882550716 0.1969557703 0.7157356739 0.6655824184 0.2114769667 0.0144597944 0.2886260748 -0.9573327303
-124.3 -145.6 1871.3 0.9781082869 0.0602869019 -0.1991725862 -0.0899492651 0.9855672121 -0.1434099376 0.1876522303 0.1581858695 0.9694141746
-147.4 -523.9 1810.6 0.9820039868 -0.0086068641 -0.1886640787 0.0082252985 0.9999622107 -0.0028053252 0.1886810958 0.0012030223 0.9820376635
50.7 -136.4 1867.9 0.8965806961 -0.0170531180 -0.4425519407 -0.0170360636 0.9971908927 -0.0729392767 0.4425525963 0.0729352906 0.8937715888
57.3 -522.1 1839.6 0.8967108130 0.0000000000 -0.4426168501 0.0000000000 1.0000000000 0.0000000000 0.4426168501 0.0000000000 0.8967108130
-193.0 -280.1 1768.4 0 0 0 0 0 0 0 0 0
39.0 371.6 1667.7 0 0 0 0 0 0 0 0 0
-144.2 -900.5 1810.2 0 0 0 0 0 0 0 0 0
57.3 -898.8 1839.6 0 0 0 0 0 0 0 0 0
-54.8 458.7 1846.4 51 0.9990772605 -0.0427522324 -0.0041050338 0.0428105406 0.9989651442 0.0153582413 0.0034441864 -0.0155198080 0.9998736382
-45.6 242.4 1849.8 0.9990772605 -0.0427522324 -0.0041050338 0.0428105406 0.9989651442 0.0153582413 0.0034441864 -0.0155198080 0.9998736382
-38.8 47.0 1856.6 0.9993919134 -0.0345265642 -0.0048657726 0.0346761085 0.9987847209 0.0350242518 0.0036505919 -0.0351716802 0.9993746281
-187.6 237.6 1849.3 0.1338362396 -0.8957197666 -0.4239976406 0.9896364212 0.0983362794 0.1046408340 -0.0520345047 -0.4336082637 0.8995978236
-224.8 -37.9 1863.8 -0.0773864910 -0.8951904178 -0.4389139712 0.9317655563 0.0916907340 -0.3512914777 0.3547171056 -0.4361501634 0.8270120025
96.4 247.3 1850.3 0.5190369487 0.6991685033 0.4916951060 -0.2521081269 0.6748816967 -0.6935244799 -0.8167264462 0.2360045016 0.5265545845
215.0 189.7 1663.7 -0.6957297921 0.6991685033 0.1646922231 0.7182680964 0.6748816967 0.1691911668 0.0071453610 0.2360045016 -0.9717257023
-121.6 -163.2 1856.9 0.9838814735 0.0880960301 -0.1556159407 -0.1032181308 0.9904025197 -0.0919177905 0.1460248381 0.1064985991 0.9835317731
-156.2 -552.2 1815.0 0.9891368151 -0.0043032290 -0.1469348371 0.0041681407 0.9999905825 -0.0012272598 0.1469387263 0.0006014828 0.9891453981
55.6 -158.7 1864.1 0.9135399461 0.0087524876 -0.4066548347 -0.0313002169 0.9983166456 -0.0488282479 0.4055429101 0.0573349409 0.9122760892
52.1 -550.0 1841.7 0.9139877558 0.0000000000 -0.4057417214 0.0000000000 1.0000000000 0.0000000000 0.4057417214 0.0000000000 0.9139877558
-203.0 -300.0 1764.0 0 0 0 0 0 0 0 0 0
39.6 370.8 1665.5 0 0 0 0 0 0 0 0 0
-154.6 -928.9 1814.8 0 0 0 0 0 0 0 0 0
52.1 -926.6 1841.7 0 0 0 0 0 0 0 0 0
-55.3 457.4 1845.4 52 0.9976373315 -0.0447633155 -0.0521153100 0.0447024070 0.9989976287 -0.0023343724 0.0521675646 -0.0000008229 0.9986383319
-44.7 219.6 1845.4 0.9976373315 -0.0447633155 -0.0521153100 0.0447024070 0.9989976287 -0.0023343724 0.0521675646 -0.0000008229 0.9986383319
-38.0 24.0 1850.7 0.9980166554 -0.0336363167 -0.0532108881 0.0350356437 0.9990584850 0.0255869944 0.0523001328 -0.0274005234 0.9982554317
-186.5 214.6 1837.9 0.1443050951 -0.8782892227 -0.4558333755 0.9819919467 0.0703426078 0.1753388196 -0.1219336912 -0.4729270041 0.8726237416
-221.8 -25.8 1867.8 -0.0197613221 -0.8820077777 -0.4708202481 0.9439446330 0.1387423873 -0.2995314300 0.3295117915 -0.4503473938 0.8298248053
97.2 224.5 1852.8 0.5014576912 0.6939288974 0.5167232156 -0.1418858320 0.6551150084 -0.7420867682 -0.8534685373 0.2988094091 0.4269711375
208.7 192.9 1663.0 -0.6957640052 0.6939288974 0.1854053885 0.7169221640 0.6551150084 0.2384259105 0.0439887643 0.2988094091 -0.9532984495
-120.9 -158.1 1859.2 0.9749934673 0.0936121941 -0.2015551180 -0.1128170937 0.9898884892 -0.0859829187 0.1914680451 0.1065716445 0.9756959081
-156.9 -538.8 1818.2 0.9812401533 -0.0021515484 -0.1927773207 0.0020532161 0.9999976158 -0.0007098625 0.1927783936 0.0003007322 0.9812422991
57.9 -150.2 1862.8 0.8929460645 0.0149351852 -0.4499158561 -0.0291144401 0.9992730618 -0.0246119294 0.4492211938 0.0350761749 0.8927317262
52.2 -536.3 1849.3 0.8933247328 0.0000000000 -0.4494117200 0.0000000000 1.0000000000 0.0000000000 0.4494117200 0.0000000000 0.8933247328
-216.3 -290.9 1775.2 0 0 0 0 0 0 0 0 0
32.3 374.8 1674.1 0 0 0 0 0 0 0 0 0
-156.1 -915.5 1818.1 0 0 0 0 0 0 0 0 0
52.2 -912.9 1849.3 0 0 0 0 0 0 0 0 0
-54.3 454.6 1846.3 53 0.9971737266 -0.0295026526 -0.0690954477 0.0278313812 0.9992992878 -0.0250270888 0.0697853938 0.0230333321 0.9972960949
-47.1 210.3 1840.7 0.9971737266 -0.0295026526 -0.0690954477 0.0278313812 0.9992992878 -0.0250270888 0.0697853938 0.0230333321 0.9972960949
-37.9 15.2 1853.2 0.9962536097 -0.0473290533 -0.0723785758 0.0517356545 0.9968404174 0.0602708273 0.0692973286 -0.0637895837 0.9955545068
-188.9 202.9 1830.9 0.1442299336 -0.8672283888 -0.4765634239 0.9806751013 0.0609338880 0.1859125197 -0.1321897507 -0.4941680133 0.8592577577
-225.3 -44.7 1864.2 -0.0102966391 -0.8725427389 -0.4884292781 0.9422438145 0.1550623029 -0.2968708873 0.3347695172 -0.4632762372 0.8205513358
94.6 217.7 1850.5 0.4998483360 0.6878623366 0.5263051391 -0.0933961570 0.6469275355 -0.7568103671 -0.8610625863 0.3291355073 0.3876093328
205.0 197.1 1660.5 -0.7012043595 0.6878623366 0.1875042617 0.7094076872 0.6469275355 0.2796881199 0.0710852519 0.3291355073 -0.9416032434
-120.7 -178.0 1849.3 0.9699100256 0.1066776812 -0.2188479155 -0.1216679886 0.9909805655 -0.0561645590 0.2108825296 0.0811013505 0.9741412401
-162.1 -562.5 1817.9 0.9771592021 -0.0010757558 -0.2125058919 0.0010192321 0.9999994040 -0.0003755338 0.2125061750 0.0001503635 0.9771597385
58.5 -170.9 1860.3 0.8842023611 0.0279733092 -0.4662656188 -0.0312515497 0.9995113015 0.0007011968 0.4660573900 0.0139515232 0.8846445084
47.7 -559.6 1854.8 0.8846344948 0.0000000000 -0.4662851393 0.0000000000 1.0000000000 0.0000000000 0.4662851393 0.0000000000 0.8846344948
-222.4 -309.8 1770.1 0 0 0 0 0 0 0 0 0
26.6 377.4 1678.6 0 0 0 0 0 0 0 0 0
-161.7 -939.2 1817.8 0 0 0 0 0 0 0 0 0
47.7 -936.3 1854.8 0 0 0 0 0 0 0 0 0
-53.7 454.3 1845.3 54 0.9988607168 -0.0034364148 -0.0475969948 0.0018404450 0.9994359016 -0.0335342214 0.0476853810 0.0334084146 0.9983035326
-52.8 195.9 1836.7 0.9988607168 -0.0034364148 -0.0475969948 0.0018404450 0.9994359016 -0.0335342214 0.0476853810 0.0334084146 0.9983035326
-36.1 1.7 1853.0 0.9950002432 -0.0848875195 -0.0526173301 0.0889186487 0.9928445220 0.0797070339 0.0454746969 -0.0839871839 0.9954286814
-194.3 183.3 1830.3 0.1286318749 -0.8751146197 -0.4665063918 0.9844309688 0.0558567718 0.1666603684 -0.1197893843 -0.4806811810 0.8686749339
-225.7 -56.7 1859.5 0.0008347353 -0.8798543811 -0.4752427042 0.9453846216 0.1556025445 -0.2864187956 0.3259557784 -0.4490480721 0.8319306970
88.8 208.5 1843.1 0.5333312750 0.6752677560 0.5094813108 -0.0578159988 0.6299808025 -0.7744556069 -0.8439283371 0.3835852444 0.3750297725
204.9 196.0 1659.4 -0.7020927668 0.6752677560 0.2260070741 0.7083781958 0.6299808025 0.3183151484 0.0725678429 0.3835852444 -0.9206498861
-118.3 -186.1 1858.5 0.9734150767 0.1133648157 -0.1990263462 -0.1320521683 0.9877417684 -0.0832373127 0.1871504486 0.1073063165 0.9764527678
-162.5 -571.1 1816.6 0.9820102453 -0.0005378731 -0.1888267994 0.0005140008 0.9999998808 -0.0001753935 0.1888268590 0.0000751811 0.9820103645
61.2 -176.4 1871.7 0.8940010071 0.0324782319 -0.4468863606 -0.0533336625 0.9979921579 -0.0341637805 0.4448795021 0.0543765388 0.8939381838
48.6 -565.6 1850.5 0.8952751756 0.0000000000 -0.4455135763 0.0000000000 1.0000000000 0.0000000000 0.4455135763 0.0000000000 0.8952751756
-225.9 -322.8 1767.7 0 0 0 0 0 0 0 0 0
26.6 375.8 1677.8 0 0 0 0 0 0 0 0 0
-162.2 -947.7 1816.6 0 0 0 0 0 0 0 0 0
48.6 -942.2 1850.5 0 0 0 0 0 0 0 0 0
-54.2 455.1 1845.3 55 0.9987550974 0.0024728125 -0.0498208739 -0.0050647692 0.9986359477 -0.0519666672 0.0496244133 0.0521543026 0.9974052906
-54.9 186.3 1831.2 0.9987550974 0.0024728125 -0.0498208739 -0.0050647692 0.9986359477 -0.0519666672 0.0496244133 0.0521543026 0.9974052906
-36.6 -7.8 1849.1 0.9940321445 -0.0935245529 -0.0561542995 0.0981617644 0.9914077520 0.0864579156 0.0475858711 -0.0914541557 0.9946716428
-196.4 172.3 1824.5 0.1211685762 -0.8731263876 -0.4721954167 0.9865561724 0.0533762686 0.1544601470 -0.1096591949 -0.4845630229 0.8678557277
-226.9 -75.6 1852.1 -0.0106993653 -0.8778881431 -0.4787462354 0.9490643740 0.1418592781 -0.2813410461 0.3149005473 -0.4573711753 0.8316545486
86.6 200.2 1838.0 0.5447326303 0.6779520512 0.4936064780 -0.0423985310 0.6101126671 -0.7911794186 -0.8375372887 0.4100530744 0.3610924780
202.5 191.2 1659.8 -0.6931338310 0.6779520512 0.2448397726 0.7163395286 0.6101126671 0.3385560811 0.0801449493 0.4100530744 -0.9085335732
-109.1 -201.3 1864.8 0.9674787521 0.1503644288 -0.2034093589 -0.1725832373 0.9802846909 -0.0962131917 0.1849320233 0.1281892657 0.9743549824
-167.8 -584.0 1814.8 0.9822140932 -0.0002689353 -0.1877642572 0.0002570939 0.9999999404 -0.0000874182 0.1877642870 0.0000375904 0.9822140932
70.3 -185.1 1873.3 0.8915220499 0.0636817068 -0.4484786689 -0.0799703971 0.9966444373 -0.0174531154 0.4458623230 0.0514248535 0.8936231136
45.4 -574.4 1853.2 0.8943865299 0.0000000000 -0.4472949207 0.0000000000 1.0000000000 0.0000000000 0.4472949207 0.0000000000 0.8943865299
-223.9 -342.8 1763.4 0 0 0 0 0 0 0 0 0
26.0 373.6 1680.2 0 0 0 0 0 0 0 0 0
-167.7 -960.6 1814.8 0 0 0 0 0 0 0 0 0
45.4 -951.1 1853.2 0 0 0 0 0 0 0 0 0
-55.3 457.5 1849.3 56 0.9991681576 0.0071574664 -0.0401474908 -0.0101340776 0.9971743226 -0.0744356811 0.0395012759 0.0747806132 0.9964173436
-57.2 184.1 1828.8 0.9991681576 0.0071574664 -0.0401474908 -0.0101340776 0.9971743226 -0.0744356811 0.0395012759 0.0747806132 0.9964173436
-38.0 -8.8 1854.9 0.9939636588 -0.0979200751 -0.0494766235 0.1035939530 0.9861631393 0.1294238269 0.0361188315 -0.1337680668 0.9903542399
-198.8 169.4 1823.7 0.1138896570 -0.8741845489 -0.4720492661 0.9882256389 0.0508169271 0.1443181932 -0.1021726504 -0.4829275310 0.8696790934
-228.1 -85.1 1850.0 -0.0340805985 -0.8792725205 -0.4750983119 0.9475305080 0.1227556616 -0.2951559424 0.3178434968 -0.4602292180 0.8289539218
84.4 198.8 1833.9 0.5576114058 0.6804506779 0.4754539132 -0.0463242419 0.5973808169 -0.8006186485 -0.8288085461 0.4244090617 0.3646277189
201.1 189.1 1660.4 -0.6837657094 0.6804506779 0.2635362446 0.7258833647 0.5973808169 0.3409245014 0.0745507851 0.4244090617 -0.9023963213
-108.0 -211.1 1862.5 0.9671611190 0.1557196230 -0.2008750886 -0.1755533814 0.9808003902 -0.0849210247 0.1837944984 0.1173966154 0.9759290814
-168.9 -594.6 1816.6 0.9824166894 -0.0001344673 -0.1867015064 0.0001285939 1.0000000000 -0.0000435699 0.1867015064 0.0000187951 0.9824166894
71.5 -193.2 1871.2 0.8935293555 0.0676827878 -0.4438742399 -0.0793365315 0.9968180656 -0.0077095986 0.4419400692 0.0421041958 0.8960559368
45.0 -583.2 1854.7 0.8963547349 0.0000000000 -0.4433375001 0.0000000000 1.0000000000 0.0000000000 0.4433375001 0.0000000000 0.8963547349
-218.5 -351.9 1760.5 0 0 0 0 0 0 0 0 0
27.0 373.9 1679.4 0 0 0 0 0 0 0 0 0
-168.8 -971.2 1816.6 0 0 0 0 0 0 0 0 0
45.0 -959.8 1854.7 0 0 0 0 0 0 0 0 0
-56.5 458.4 1852.3 57 0.9989019036 0.0040496644 -0.0466747470 -0.0085430201 0.9952986240 -0.0964764431 0.0460646152 0.0967692509 0.9942402840
-57.6 184.8 1825.7 0.9989019036 0.0040496644 -0.0466747470 -0.0085430201 0.9952986240 -0.0964764431 0.0460646152 0.0967692509 0.9942402840
-37.0 -6.2 1861.8 0.9925878644 -0.1052259281 -0.0608016960 0.1145521328 0.9771696925 0.1789335608 0.0405851230 -0.1845722497 0.9819806218
-199.0 168.5 1820.0 0.1111331657 -0.8667506576 -0.4862023592 0.9880607724 0.0438372195 0.1476964802 -0.1067022607 -0.4968114495 0.8612740636
-228.1 -90.5 1847.9 -0.0790696219 -0.8719910383 -0.4830937684 0.9424213171 0.0925802737 -0.3213580549 0.3249463141 -0.4806874990 0.8144626617
83.8 201.1 1831.4 0.5703101158 0.6756262183 0.4671997428 -0.0752714276 0.6093553305 -0.7893163562 -0.8179734945 0.4149882793 0.3983768523
201.9 185.6 1662.1 -0.6893207431 0.6756262183 0.2614692450 0.7217598557 0.6093553305 0.3282510936 0.0624473542 0.4149882793 -0.9076811075
-108.6 -211.3 1877.7 0.9629698396 0.1493816227 -0.2244419754 -0.1819674969 0.9743745923 -0.1322192550 0.1989394277 0.1681642979 0.9654759765
-167.0 -592.1 1812.0 0.9793192148 -0.0000672336 -0.2023213357 0.0000639418 1.0000000000 -0.0000228060 0.2023213357 0.0000093976 0.9793192148
71.0 -192.5 1884.3 0.8863728642 0.0639597774 -0.4585327208 -0.1010205373 0.9932655692 -0.0567305721 0.4518162906 0.0966056585 0.8868649006
46.0 -580.8 1846.5 0.8909305930 0.0000000000 -0.4541395009 0.0000000000 1.0000000000 0.0000000000 0.4541395009 0.0000000000 0.8909305930
-205.9 -355.6 1756.5 0 0 0 0 0 0 0 0 0
25.3 370.5 1678.1 0 0 0 0 0 0 0 0 0
-166.9 -968.8 1812.0 0 0 0 0 0 0 0 0 0
46.0 -957.4 1846.5 0 0 0 0 0 0 0 0 0
-56.1 456.6 1848.3 58 0.9988346696 0.0047251750 -0.0480306409 -0.0089997351 0.9959753752 -0.0891740993 0.0474159718 0.0895024464 0.9948573112
-57.4 181.3 1823.5 0.9988346696 0.0047251750 -0.0480306409 -0.0089997351 0.9959753752 -0.0891740993 0.0474159718 0.0895024464 0.9948573112
-38.2 -9.1 1864.1 0.9932295680 -0.0983230546 -0.0618676245 0.1089316010 0.9733180404 0.2019551843 0.0403600261 -0.2073272020 0.9774387479
-199.0 165.8 1817.8 0.1022731215 -0.8651635647 -0.4909503460 0.9897925258 0.0392626859 0.1370006651 -0.0992519557 -0.4999504685 0.8603479266
-226.0 -95.9 1844.0 -0.1408414841 -0.8663690090 -0.4791330099 0.9321273565 0.0470426865 -0.3590621352 0.3336200118 -0.4971837997 0.8009406924
84.1 196.8 1829.3 0.5776730180 0.6651971936 0.4730820358 -0.0618337914 0.6135625243 -0.7872214317 -0.8139228821 0.4255041480 0.3955701888
202.7 184.1 1662.2 -0.6949933767 0.6651971936 0.2729412317 0.7170997858 0.6135625243 0.3306190372 0.0524603240 0.4255041480 -0.9034346342
-106.1 -207.6 1894.1 0.9591744542 0.1517859399 -0.2386323810 -0.1969761103 0.9640098810 -0.1785646230 0.2029403746 0.2182794958 0.9545518756
