-60.0 442.2 1845.9 65 0.9978419542 -0.0186469704 0.0629585087 0.0180545654 0.9997873306 0.0099653238 -0.0631309450 -0.0088071292 0.9979664087
-56.0 232.4 1847.8 0.9978419542 -0.0186469704 0.0629585087 0.0180545654 0.9997873306 0.0099653238 -0.0631309450 -0.0088071292 0.9979664087
-54.2 37.4 1861.4 0.9980105162 -0.0111285057 0.0620578080 0.0067462856 0.9974972606 0.0703826100 -0.0626857430 -0.0698239207 0.9955878258
-198.0 231.2 1856.7 0.1079177931 -0.8801516294 -0.4622627795 0.9940027595 0.1037919447 0.0344348177 0.0176712926 -0.4632066190 0.8860741258
-228.5 -50.0 1851.7 -0.1218961626 -0.8741416931 -0.4701250792 0.9444975853 0.0434242338 -0.3256358206 0.3050666749 -0.4837257266 0.8203314543
85.9 233.6 1838.8 0.6499513984 0.6190360785 0.4408600032 -0.0783651769 0.6315960884 -0.7713269591 -0.7559246421 0.4667769372 0.4590176344
231.0 216.1 1670.1 -0.6993049979 0.6190360785 0.3574449122 0.7137903571 0.6315960884 0.3026379347 -0.0384170339 0.4667769372 -0.8835402727
-140.0 -168.2 1887.0 0.9714342952 0.0312758870 -0.2352387458 -0.0746730864 0.9812090397 -0.1779120564 0.2252540290 0.1903958768 0.9555155635
-152.2 -552.9 1812.4 0.9741540551 0.0000000000 -0.2258846909 0.0000000000 1.0000000000 0.0000000000 0.2258846909 0.0000000000 0.9741540551
39.9 -163.9 1878.3 0.9072009921 -0.0355118141 -0.4191959798 -0.0012083997 0.9962068796 -0.0870079324 0.4206957221 0.0794402361 0.9037169814
53.9 -555.2 1847.1 0.9072016478 0.0000000000 -0.4206960499 0.0000000000 1.0000000000 0.0000000000 0.4206960499 0.0000000000 0.9072016478
-194.2 -315.7 1765.9 0 0 0 0 0 0 0 0 0
54.2 396.5 1660.4 0 0 0 0 0 0 0 0 0
-152.2 -929.6 1812.4 0 0 0 0 0 0 0 0 0
53.9 -931.9 1847.1 0 0 0 0 0 0 0 0 0
-59.9 443.0 1845.1 66 0.9992437959 -0.0387554131 0.0031311312 0.0387708209 0.9992355108 -0.0050197975 -0.0029341932 0.0051373979 0.9999824762
-51.0 214.0 1843.9 0.9992437959 -0.0387554131 0.0031311312 0.0387708209 0.9992355108 -0.0050197975 -0.0029341932 0.0051373979 0.9999824762
-51.5 18.6 1852.4 0.9999947548 0.0023318608 0.0022370648 -0.0024281039 0.9990272522 0.0440303199 -0.0021322162 -0.0440355204 0.9990276694
-193.1 214.3 1844.2 0.1437749416 -0.8527084589 -0.5022121668 0.9885616302 0.1003958210 0.1125461087 -0.0455490127 -0.5126489997 0.8573892117
-229.6 -36.7 1855.8 -0.1164724380 -0.8495104313 -0.5145543814 0.9410290718 0.0713033155 -0.3307266831 0.3176451921 -0.5227311850 0.7911091447
91.1 213.6 1843.6 0.6281067729 0.6084730625 0.4850179851 0.0091183605 0.6175161600 -0.7865053415 -0.7780737281 0.4984318912 0.3823177814
230.7 215.7 1670.6 -0.6973251700 0.6084730625 0.3788114786 0.7158690095 0.6175161600 0.3258917034 -0.0356258750 0.4984318912 -0.8661965132
-142.2 -161.0 1878.5 0.9558200836 0.0175670497 -0.2934270203 -0.0673131496 0.9847685695 -0.1603116840 0.2861414850 0.1729806215 0.9424440265
-149.0 -543.6 1811.3 0.9579929113 0.0000000000 -0.2867919803 0.0000000000 1.0000000000 0.0000000000 0.2867919803 0.0000000000 0.9579929113
37.6 -155.8 1868.1 0.8784888983 -0.0461493991 -0.4755286872 0.0166015476 0.9976713657 -0.0661530271 0.4774742723 0.0502201840 0.8772093654
55.7 -546.5 1848.4 0.8786099553 0.0000000000 -0.4775401056 0.0000000000 1.0000000000 0.0000000000 0.4775401056 0.0000000000 0.8786099553
-196.8 -301.7 1766.4 0 0 0 0 0 0 0 0 0
54.3 396.7 1661.6 0 0 0 0 0 0 0 0 0
-149.0 -920.2 1811.3 0 0 0 0 0 0 0 0 0
55.7 -923.2 1848.4 0 0 0 0 0 0 0 0 0
-59.9 441.9 1845.7 67 0.9979598522 -0.0489822663 -0.0409495942 0.0478213876 0.9984387755 -0.0288639888 0.0422994867 0.0268468354 0.9987441897
-48.2 205.0 1839.3 0.9979598522 -0.0489822663 -0.0409495942 0.0478213876 0.9984387755 -0.0288639888 0.0422994867 0.0268468354 0.9987441897
-46.6 10.4 1857.2 0.9989669919 -0.0093921628 -0.0444610454 0.0134162745 0.9957518578 0.0910943821 0.0434165932 -0.0915967822 0.9948492646
-190.2 203.0 1833.2 0.1620749831 -0.8261158466 -0.5396891236 0.9826030135 0.0848529786 0.1652006358 -0.0906806290 -0.5570750833 0.8254964352
-231.5 -47.2 1856.3 -0.0941919461 -0.8288295269 -0.5515156388 0.9395421743 0.1091917530 -0.3245576918 0.3292239606 -0.5487429500 0.7684352994
93.8 207.1 1845.4 0.6088745594 0.6193343997 0.4956780672 0.0376253612 0.6016062498 -0.7979061604 -0.7923737168 0.5044748187 0.3430000544
228.1 215.4 1670.6 -0.6903347969 0.6193343997 0.3739823699 0.7233326435 0.6016062498 0.3389096856 -0.0150917312 0.5044748187 -0.8632944822
-142.0 -177.9 1860.1 0.9422023296 0.0246442594 -0.3341367841 -0.0610999241 0.9932062030 -0.0990362689 0.3294260800 0.1137279347 0.9373070002
-151.6 -564.7 1815.8 0.9439659715 0.0000000000 -0.3300427198 0.0000000000 1.0000000000 0.0000000000 0.3300427198 0.0000000000 0.9439659715
38.1 -176.5 1860.1 0.8566559553 -0.0456704982 -0.5138625503 0.0263787042 0.9986485243 -0.0447810404 0.5152132511 0.0248069167 0.8567029238
56.0 -567.6 1850.4 0.8569541574 0.0000000000 -0.5153926015 0.0000000000 1.0000000000 0.0000000000 0.5153926015 0.0000000000 0.8569541574
-205.0 -311.7 1763.6 0 0 0 0 0 0 0 0 0
53.9 397.9 1666.8 0 0 0 0 0 0 0 0 0
-151.6 -941.4 1815.8 0 0 0 0 0 0 0 0 0
56.0 -944.2 1850.4 0 0 0 0 0 0 0 0 0
-60.5 442.6 1850.0 68 0.9988199472 -0.0314028747 -0.0370482244 0.0288368072 0.9972771406 -0.0678734034 0.0390787683 0.0667249560 0.9970058203
-52.7 196.8 1833.5 0.9988199472 -0.0314028747 -0.0370482244 0.0288368072 0.9972771406 -0.0678734034 0.0390787683 0.0667249560 0.9970058203
-47.6 3.2 1859.9 0.9987208843 -0.0266909581 -0.0429436713 0.0322258957 0.9904779196 0.1338468045 0.0389622562 -0.1350595057 0.9900711179
-194.9 192.2 1828.1 0.1369062364 -0.8270934224 -0.5451359153 0.9859755635 0.0607568696 0.1554375589 -0.0954406410 -0.5587710142 0.8238118887
-229.5 -57.3 1852.2 -0.0503105335 -0.8331004977 -0.5508288741 0.9493624568 0.1313690394 -0.2853999734 0.3101287186 -0.5372948647 0.7843050361
89.4 201.5 1839.0 0.6321880221 0.6062570214 0.4824839830 0.0692947730 0.5759740472 -0.8145257235 -0.7717101574 0.5483670235 0.3221134245
227.7 216.6 1670.2 -0.6914374232 0.6062570214 0.3928953707 0.7224143147 0.5759740472 0.3825852871 0.0056474721 0.5483670235 -0.8362187147
-135.0 -186.3 1870.7 0.9422267675 0.0510731153 -0.3310593665 -0.0942823067 0.9887884259 -0.1157943681 0.3214336932 0.1403175890 0.9364781380
-155.0 -572.2 1816.0 0.9464426637 0.0000000000 -0.3228719234 0.0000000000 1.0000000000 0.0000000000 0.3228719234 0.0000000000 0.9464426637
45.0 -182.7 1878.7 0.8615737557 -0.0209751967 -0.5071988702 -0.0297278576 0.9953464270 -0.0916609541 0.5067611933 0.0940506086 0.8569408655
53.2 -571.5 1842.0 0.8619547486 0.0000000000 -0.5069852471 0.0000000000 1.0000000000 0.0000000000 0.5069852471 0.0000000000 0.8619547486
-215.4 -324.4 1765.0 0 0 0 0 0 0 0 0 0
52.8 399.3 1671.6 0 0 0 0 0 0 0 0 0
-155.0 -948.8 1816.0 0 0 0 0 0 0 0 0 0
53.2 -948.2 1842.0 0 0 0 0 0 0 0 0 0
-60.2 442.6 1851.6 69 0.9995000362 -0.0196041949 -0.0248069800 0.0174101088 0.9961632490 -0.0857651010 0.0263931584 0.0852903277 0.9960064888
-55.3 191.7 1830.2 0.9995000362 -0.0196041949 -0.0248069800 0.0174101088 0.9961632490 -0.0857651010 0.0263931584 0.0852903277 0.9960064888
-49.6 -1.1 1862.2 0.9990933537 -0.0292424969 -0.0309414957 0.0339130349 0.9860147834 0.1631709188 0.0257372465 -0.1640722901 0.9861125350
-197.6 186.9 1826.5 0.1222762913 -0.8320340514 -0.5410802364 0.9892624617 0.0582012795 0.1340612471 -0.0800519660 -0.5516629219 0.8302166462
-229.3 -69.8 1847.3 -0.0557276458 -0.8372615576 -0.5439554453 0.9524285793 0.1189121082 -0.2806059420 0.2996234596 -0.5337162614 0.7908051014
87.0 196.6 1833.8 0.6402367353 0.6094549894 0.4676126242 0.0835996717 0.5498347878 -0.8310793042 -0.7636151314 0.5711797476 0.3010742068
224.9 214.6 1669.2 -0.6810128689 0.6094549894 0.4059385359 0.7319390774 0.5498347878 0.4024262726 0.0220615603 0.5711797476 -0.8205285072
-132.6 -193.7 1882.6 0.9444680214 0.0581744686 -0.3234128952 -0.1148082986 0.9805983305 -0.1588896960 0.3078948259 0.1871967167 0.9328227043
-155.4 -576.6 1809.5 0.9507547021 0.0000000000 -0.3099442720 0.0000000000 1.0000000000 0.0000000000 0.3099442720 0.0000000000 0.9507547021
47.6 -187.3 1889.7 0.8685128093 -0.0142908348 -0.4954606593 -0.0580718927 0.9897665977 -0.1303448975 0.4922531247 0.1419785619 0.8587950468
53.2 -574.0 1834.2 0.8699809909 0.0000000000 -0.4930852652 0.0000000000 1.0000000000 0.0000000000 0.4930852652 0.0000000000 0.8699809909
-213.6 -337.9 1763.0 0 0 0 0 0 0 0 0 0
52.0 400.4 1674.8 0 0 0 0 0 0 0 0 0
-155.4 -953.3 1809.5 0 0 0 0 0 0 0 0 0
53.2 -950.7 1834.2 0 0 0 0 0 0 0 0 0
-60.3 441.8 1853.5 70 0.9992834926 -0.0242936481 -0.0290224291 0.0212021004 0.9945119619 -0.1024523005 0.0313520916 0.1017635614 0.9943144321
-54.1 188.6 1827.5 0.9992834926 -0.0242936481 -0.0290224291 0.0212021004 0.9945119619 -0.1024523005 0.0313520916 0.1017635614 0.9943144321
-46.7 -3.7 1863.4 0.9985572696 -0.0379626267 -0.0379764177 0.0442621745 0.9823266268 0.1818659008 0.0304011423 -0.1832844317 0.9825897217
-196.3 182.2 1823.2 0.1269219071 -0.8272657990 -0.5472861528 0.9882006645 0.0577688441 0.1418528855 -0.0857339501 -0.5588327646 0.8248367310
-229.5 -75.8 1845.6 -0.1079392135 -0.8306286335 -0.5462648273 0.9453039765 0.0843775645 -0.3150885403 0.3078140616 -0.5503966808 0.7760888934
88.2 194.9 1831.8 0.6362533569 0.6119676232 0.4697630405 0.0865608007 0.5484385490 -0.8316985369 -0.7666087151 0.5698339939 0.2959734201
223.5 213.3 1668.8 -0.6767587662 0.6119676232 0.4092593193 0.7359734178 0.5484385490 0.3969361782 0.0184585229 0.5698339939 -0.8215524554
-134.1 -197.2 1891.9 0.9426378608 0.0545173958 -0.3293352127 -0.1223909929 0.9743147492 -0.1890271157 0.3105708957 0.2184917778 0.9250984192
-155.4 -578.1 1806.5 0.9497783780 0.0000000000 -0.3129234612 0.0000000000 1.0000000000 0.0000000000 0.3129234612 0.0000000000 0.9497783780
46.4 -190.8 1896.6 0.8668985367 -0.0201480538 -0.4980773330 -0.0660111979 0.9857432842 -0.1547667682 0.4940946102 0.1670457572 0.8532093763
54.2 -576.3 1831.2 0.8687934279 0.0000000000 -0.4951746464 0.0000000000 1.0000000000 0.0000000000 0.4951746464 0.0000000000 0.8687934279
-199.1 -341.7 1759.1 0 0 0 0 0 0 0 0 0
51.5 400.4 1673.5 0 0 0 0 0 0 0 0 0
-155.4 -954.8 1806.5 0 0 0 0 0 0 0 0 0
54.2 -953.0 1831.2 0 0 0 0 0 0 0 0 0
-60.4 441.2 1853.4 71 0.9988985062 -0.0373622775 -0.0283870492 0.0341731273 0.9938269854 -0.1055465639 0.0321552753 0.1044602320 0.9940090775
-50.9 187.5 1826.7 0.9988985062 -0.0373622775 -0.0283870492 0.0341731273 0.9938269854 -0.1055465639 0.0321552753 0.1044602320 0.9940090775
-43.0 -4.5 1864.4 0.9983903170 -0.0401766747 -0.0400321968 0.0471123233 0.9804662466 0.1909616739 0.0315780118 -0.1925403029 0.9807808399
-193.2 180.8 1822.2 0.1279035360 -0.8244679570 -0.5512651205 0.9892538786 0.0663565248 0.1302825958 -0.0708337873 -0.5620047450 0.8240953684
-227.2 -82.4 1841.1 -0.1580215394 -0.8219310045 -0.5472281575 0.9366679192 0.0506390929 -0.3465383649 0.3125417531 -0.5673316121 0.7618743181
91.4 194.2 1831.2 0.6271435618 0.6152161360 0.4777029157 0.0825702772 0.5573347807 -0.8261719346 -0.7745147943 0.5575724840 0.2987303436
222.7 211.5 1669.0 -0.6737287641 0.6152161360 0.4093881845 0.7389636040 0.5573347807 0.3785640895 0.0047324682 0.5575724840 -0.8301147819
-129.5 -200.0 1896.5 0.9407701492 0.0710524097 -0.3315163553 -0.1435833424 0.9692764878 -0.1997171342 0.3071406186 0.2354881465 0.9220682979
-157.3 -579.2 1804.4 0.9506202340 0.0000000000 -0.3103564680 0.0000000000 1.0000000000 0.0000000000 0.3103564680 0.0000000000 0.9506202340
51.0 -191.8 1902.0 0.8666369319 -0.0029610740 -0.4989304841 -0.0875913426 0.9835493565 -0.1579824388 0.4911905527 0.1806154102 0.8521208167
52.1 -576.7 1831.3 0.8699807525 0.0000000000 -0.4930857122 0.0000000000 1.0000000000 0.0000000000 0.4930857122 0.0000000000 0.8699807525
-182.8 -345.7 1753.2 0 0 0 0 0 0 0 0 0
51.2 399.7 1670.2 0 0 0 0 0 0 0 0 0
-157.3 -955.8 1804.4 0 0 0 0 0 0 0 0 0
52.1 -953.4 1831.3 0 0 0 0 0 0 0 0 0
-60.7 441.3 1853.3 72 0.9989815950 -0.0394338965 -0.0219261870 0.0367862619 0.9932208061 -0.1102685854 0.0261258651 0.1093497053 0.9936599135
-50.6 186.7 1825.3 0.9989815950 -0.0394338965 -0.0219261870 0.0367862619 0.9932208061 -0.1102685854 0.0261258651 0.1093497053 0.9936599135
-42.6 -4.8 1865.2 0.9985578060 -0.0409727693 -0.0346917473 0.0471757725 0.9781031013 0.2027036846 0.0256267749 -0.2040479630 0.9786254168
-192.9 180.0 1821.7 0.1194797754 -0.8269178867 -0.5494828224 0.9908497930 0.0643179938 0.1186585054 -0.0627792031 -0.5586322546 0.8270361423
-225.0 -86.0 1838.5 -0.1870264113 -0.8203497529 -0.5404141545 0.9303717017 0.0286642723 -0.3654952943 0.3153245449 -0.5711433291 0.7578692436
91.7 193.4 1828.9 0.6344594359 0.6110219955 0.4734061360 0.0797022879 0.5574815273 -0.8263545632 -0.7688360214 0.5620200038 0.3049995601
223.4 209.9 1669.4 -0.6708369255 0.6110219955 0.4202736318 0.7415784001 0.5574815273 0.3731967211 -0.0062633837 0.5620200038 -0.8270999193
-125.4 -200.7 1899.2 0.9408844709 0.0852029771 -0.3278366923 -0.1585409939 0.9660617113 -0.2039351463 0.2993346155 0.2438549697 0.9224606156
-158.8 -578.8 1803.8 0.9529368281 0.0000000000 -0.3031689525 0.0000000000 1.0000000000 0.0000000000 0.3031689525 0.0000000000 0.9529368281
55.0 -192.1 1904.9 0.8691469431 0.0111955106 -0.4944272339 -0.1041160747 0.9814800620 -0.1608001888 0.4834702611 0.1912368089 0.8542160392
50.7 -576.3 1830.1 0.8738964200 0.0000000000 -0.4861122072 0.0000000000 1.0000000000 0.0000000000 0.4861122072 0.0000000000 0.8738964200
-172.4 -347.7 1749.8 0 0 0 0 0 0 0 0 0
52.5 398.9 1667.8 0 0 0 0 0 0 0 0 0
-158.8 -955.5 1803.8 0 0 0 0 0 0 0 0 0
50.7 -953.0 1830.1 0 0 0 0 0 0 0 0 0
-60.4 441.3 1853.3 73 0.9989614487 -0.0421084277 -0.0174045097 0.0398956686 0.9928753376 -0.1122803539 0.0220084582 0.1114693731 0.9935241342
-49.3 180.1 1824.0 0.9989614487 -0.0421084277 -0.0174045097 0.0398956686 0.9928753376 -0.1122803539 0.0220084582 0.1114693731 0.9935241342
-43.3 -10.9 1866.7 0.9990850091 -0.0308546163 -0.0296172556 0.0365628153 0.9754460454 0.2171824276 0.0221889541 -0.2180665880 0.9756816030
-191.7 174.9 1820.8 0.1193016693 -0.8277248740 -0.5483052731 0.9910362959 0.0658379346 0.1162428856 -0.0601178445 -0.5572583675 0.8281599879
-223.1 -86.4 1836.6 -0.2064651847 -0.8177959323 -0.5371982455 0.9248754382 0.0160716921 -0.3799304366 0.3193392456 -0.5752838254 0.7530411482
93.1 185.3 1827.1 0.6290898919 0.6084433198 0.4837795496 0.1251667738 0.5349492431 -0.8355612159 -0.7671891451 0.5861962438 0.2603743076
223.1 211.1 1668.6 -0.6704468727 0.6084433198 0.4246148467 0.7417137027 0.5349492431 0.4045862854 0.0190204307 0.5861962438 -0.8099457622
-124.8 -200.6 1902.9 0.9400448203 0.0863598585 -0.3299358487 -0.1636435837 0.9629867673 -0.2141898274 0.2992264628 0.2553399205 0.9193829894
-158.6 -577.7 1802.9 0.9528902769 0.0000000000 -0.3033152819 0.0000000000 1.0000000000 0.0000000000 0.3033152819 0.0000000000 0.9528902769
55.7 -192.1 1907.5 0.8692194223 0.0165343340 -0.4941500127 -0.1137586311 0.9793149233 -0.1673355848 0.4811617136 0.2016651630 0.8531205058
49.2 -575.5 1828.5 0.8748989105 0.0000000000 -0.4843056202 0.0000000000 1.0000000000 0.0000000000 0.4843056202 0.0000000000 0.8748989105
-165.0 -346.8 1746.8 0 0 0 0 0 0 0 0 0
52.3 400.1 1673.4 0 0 0 0 0 0 0 0 0
-158.6 -954.3 1802.9 0 0 0 0 0 0 0 0 0
49.2 -952.2 1828.5 0 0 0 0 0 0 0 0 0
-60.7 441.2 1853.8 74 0.9991239309 -0.0418228805 -0.0014985922 0.0413132608 0.9913990498 -0.1241817325 0.0066793412 0.1240110323 0.9922583699
-49.2 170.8 1820.0 0.9991239309 -0.0418228805 -0.0014985922 0.0413132608 0.9913990498 -0.1241817325 0.0066793412 0.1240110323 0.9922583699
-47.2 -19.0 1868.0 0.9998863339 -0.0100234840 -0.0112643978 0.0124797514 0.9694033265 0.2451559156 0.0084624281 -0.2452686131 0.9694182277
-191.7 169.0 1818.7 0.1101773903 -0.8341899514 -0.5403591990 0.9924948812 0.0633190721 0.1046162695 -0.0530547947 -0.5478301048 0.8349056244
-220.8 -92.9 1832.7 -0.2272504121 -0.8202846646 -0.5248717070 0.9182562232 -0.0010149761 -0.3959854245 0.3242880404 -0.5719545484 0.7534621954
93.2 172.5 1821.2 0.6362885833 0.5903986692 0.4965544045 0.1918318421 0.5023566484 -0.8431122899 -0.7472197413 0.6317176819 0.2063865513
223.4 211.8 1668.4 -0.6689125299 0.5903986692 0.4516474605 0.7425315976 0.5023566484 0.4430402219 0.0346822403 0.6317176819 -0.7744223475
-127.5 -205.2 1907.4 0.9414595962 0.0766839832 -0.3282886147 -0.1605464816 0.9582571983 -0.2365754694 0.2964434028 0.2754318416 0.9144717455
-157.5 -580.4 1799.5 0.9538324475 0.0000000000 -0.3003393114 0.0000000000 1.0000000000 0.0000000000 0.3003393114 0.0000000000 0.9538324475
53.1 -198.6 1911.4 0.8728106618 0.0086747780 -0.4879819155 -0.1119397655 0.9767466784 -0.1828534156 0.4750485122 0.2142209858 0.8534859419
49.7 -581.1 1827.5 0.8783309460 0.0000000000 -0.4780530930 0.0000000000 1.0000000000 0.0000000000 0.4780530930 0.0000000000 0.8783309460
-156.8 -351.5 1741.4 0 0 0 0 0 0 0 0 0
52.9 400.9 1677.2 0 0 0 0 0 0 0 0 0
-157.5 -957.1 1799.5 0 0 0 0 0 0 0 0 0
49.7 -957.8 1827.5 0 0 0 0 0 0 0 0 0
-58.2 439.8 1851.5 75 0.9993203282 -0.0368623845 -0.0002877465 0.0365764685 0.9924810529 -0.1168052331 0.0045913025 0.1167153195 0.9931548238
-48.2 171.9 1820.0 0.9993203282 -0.0368623845 -0.0002877465 0.0365764685 0.9924810529 -0.1168052331 0.0045913025 0.1167153195 0.9931548238
-39.9 -17.7 1867.8 0.9989780784 -0.0426681750 -0.0149081014 0.0450164415 0.9687947035 0.2437423021 0.0040428499 -0.2441643327 0.9697254300
-190.5 165.5 1819.4 0.1072616950 -0.8351334929 -0.5394876599 0.9935635328 0.0701603815 0.0889325663 -0.0364199020 -0.5455543399 0.8372837305
-219.1 -99.2 1829.1 -0.2438241988 -0.8156765699 -0.5246155262 0.9164908528 -0.0168869644 -0.3996990621 0.3171660006 -0.5782616138 0.7516775727
94.0 178.3 1820.6 0.6345189214 0.6003177166 0.4868309796 0.1716956794 0.5046530962 -0.8460767269 -0.7535955906 0.6204384565 0.2171399891
222.6 213.1 1667.9 -0.6703864336 0.6003177166 0.4361200035 0.7405673265 0.5046530962 0.4437175691 0.0462821871 0.6204384565 -0.7828882933
-135.6 -209.8 1915.3 0.9469877481 0.0468860231 -0.3178300261 -0.1405759901 0.9500328898 -0.2787039280 0.2888816595 0.3086084723 0.9062605500
-153.9 -581.5 1794.5 0.9564857483 0.0000000000 -0.2917790413 0.0000000000 1.0000000000 0.0000000000 0.2917790413 0.0000000000 0.9564857483
45.1 -207.6 1916.8 0.8783251047 -0.0212235469 -0.4775924683 -0.0937966034 0.9719464183 -0.2156902850 0.4687720239 0.2342427522 0.8516942859
53.4 -588.0 1825.2 0.8822144270 0.0000000000 -0.4708478153 0.0000000000 1.0000000000 0.0000000000 0.4708478153 0.0000000000 0.8822144270
-150.4 -357.3 1739.8 0 0 0 0 0 0 0 0 0
52.0 401.6 1679.7 0 0 0 0 0 0 0 0 0
-153.9 -958.1 1794.5 0 0 0 0 0 0 0 0 0
53.4 -964.6 1825.2 0 0 0 0 0 0 0 0 0
-59.6 441.1 1856.9 76 0.9996496439 -0.0251271427 0.0083170813 0.0259962324 0.9911586642 -0.1301103830 -0.0049742446 0.1302810162 0.9914646149
-52.8 172.5 1821.6 0.9996496439 -0.0251271427 0.0083170813 0.0259962324 0.9911586642 -0.1301103830 -0.0049742446 0.1302810162 0.9914646149
-45.4 -17.8 1867.0 0.9992755055 -0.0379146151 -0.0033087176 0.0376478396 0.9720048904 0.2319249511 -0.0055772555 -0.2318814993 0.9727280736
-195.1 167.1 1822.4 0.0769192502 -0.8423658609 -0.5333884358 0.9969719052 0.0588535517 0.0508262068 -0.0114224600 -0.5356827378 0.8443420529
-216.0 -103.9 1825.5 -0.2452298552 -0.8222702742 -0.5135503411 0.9207018614 -0.0316465273 -0.3889814913 0.3035958111 -0.5682166219 0.7648264170
89.6 177.8 1820.8 0.6428805590 0.5988897681 0.4775307775 0.1694622636 0.4967798889 -0.8511711359 -0.7469853759 0.6281247735 0.2178809047
219.9 212.2 1669.4 -0.6633185148 0.5988897681 0.4487087727 0.7471855283 0.4967798889 0.4415014386 0.0415012054 0.6281247735 -0.7770050764
-121.7 -211.3 1915.3 0.9458978176 0.0997873545 -0.3087390363 -0.1858260483 0.9466298223 -0.2633640766 0.2659811676 0.3064872622 0.9139581919
-160.7 -581.4 1795.4 0.9626649022 0.0000000000 -0.2706959844 0.0000000000 1.0000000000 0.0000000000 0.2706959844 0.0000000000 0.9626649022
58.8 -203.2 1916.0 0.8821256161 0.0292729624 -0.4701036811 -0.1237656996 0.9774004221 -0.1713781357 0.4544627964 0.2093597502 0.8658129573
47.3 -585.3 1834.2 0.8889604211 0.0000000000 -0.4579840302 0.0000000000 1.0000000000 0.0000000000 0.4579840302 0.0000000000 0.8889604211
-147.0 -363.2 1740.0 0 0 0 0 0 0 0 0 0
51.4 402.0 1679.9 0 0 0 0 0 0 0 0 0
-160.7 -958.0 1795.4 0 0 0 0 0 0 0 0 0
47.3 -962.0 1834.2 0 0 0 0 0 0 0 0 0
-61.5 442.7 1859.6 77 0.9995040298 -0.0293574203 0.0113943033 0.0306264460 0.9904043078 -0.1347639859 -0.0073286444 0.1350461096 0.9908121824
-53.6 176.8 1823.3 0.9995040298 -0.0293574203 0.0113943033 0.0306264460 0.9904043078 -0.1347639859 -0.0073286444 0.1350461096 0.9908121824
-41.6 -13.5 1867.9 0.9981099963 -0.0612201504 -0.0053411308 0.0608259588 0.9718105197 0.2277818173 -0.0087542702 -0.2276761979 0.9736975431
-195.8 168.1 1824.6 0.0756280571 -0.8440295458 -0.5309373736 0.9971265793 0.0616890304 0.0439663529 -0.0043558874 -0.5327368975 0.8462697268
-216.3 -101.7 1825.7 -0.2397941053 -0.8235576749 -0.5140540600 0.9258953333 -0.0347880162 -0.3761750162 0.2919189036 -0.5661647916 0.7708701491
88.6 185.4 1822.1 0.6476837993 0.6189698577 0.4442769289 0.1075260714 0.5030165315 -0.8575619459 -0.7542836666 0.6032003164 0.2592402697
217.9 206.9 1671.5 -0.6479820609 0.6189698577 0.4438418448 0.7610539198 0.5030165315 0.4095989764 0.0302696265 0.6032003164 -0.7970151305
-128.2 -211.5 1912.9 0.9513717294 0.0767417252 -0.2983328998 -0.1586563736 0.9522098303 -0.2610069513 0.2640453875 0.2956470549 0.9180810452
-158.2 -584.0 1797.3 0.9635765553 0.0000000000 -0.2674327493 0.0000000000 1.0000000000 0.0000000000 0.2674327493 0.0000000000 0.9635765553
52.4 -204.7 1911.9 0.8863653541 0.0060074339 -0.4629474580 -0.0972594917 0.9800200462 -0.1734971106 0.4526555240 0.1988078654 0.8692401648
50.0 -588.1 1834.1 0.8905875683 0.0000000000 -0.4548117518 0.0000000000 1.0000000000 0.0000000000 0.4548117518 0.0000000000 0.8905875683
-148.7 -362.5 1743.5 0 0 0 0 0 0 0 0 0
52.6 401.1 1679.2 0 0 0 0 0 0 0 0 0
-158.2 -960.7 1797.3 0 0 0 0 0 0 0 0 0
50.0 -964.7 1834.1 0 0 0 0 0 0 0 0 0
-62.0 443.0 1856.4 78 0.9972177744 -0.0327741690 0.0669520721 0.0373469479 0.9969702959 -0.0682304129 -0.0645130351 0.0705410317 0.9954205155
-54.3 210.8 1840.0 0.9972177744 -0.0327741690 0.0669520721 0.0373469479 0.9969702959 -0.0682304129 -0.0645130351 0.0705410317 0.9954205155
-45.3 17.8 1863.7 0.9970403314 -0.0492702872 0.0590171255 0.0416471921 0.9913984537 0.1240751222 -0.0646227002 -0.1212500036 0.9905161858
-196.1 204.5 1849.3 0.0667122379 -0.8759567142 -0.4777544141 0.9950433373 0.0937965736 -0.0330298804 0.0737444758 -0.4731828272 0.8778722882
-216.5 -99.6 1826.8 -0.2431736737 -0.8481163979 -0.4707071185 0.9231299162 -0.0533542037 -0.3807682395 0.2978215814 -0.5271166563 0.7958959341
87.5 217.2 1830.7 0.6329923272 0.6678927541 0.3914587200 -0.0716402382 0.5540238619 -0.8294125795 -0.7708361745 0.4969676137 0.3985408545
217.3 202.5 1672.7 -0.6391967535 0.6678927541 0.3812436759 0.7690413594 0.5540238619 0.3187992871 0.0017056655 0.4969676137 -0.8677673936
-123.3 -199.9 1906.8 0.9668621421 0.0930507928 -0.2377374470 -0.1527513415 0.9569870830 -0.2466631979 0.2045594603 0.2748040259 0.9394882321
-160.3 -580.8 1797.5 0.9783433676 0.0000000000 -0.2069885433 0.0000000000 1.0000000000 0.0000000000 0.2069885433 0.0000000000 0.9783433676
56.4 -189.3 1900.4 0.9116355777 0.0224668328 -0.4103849530 -0.0861232802 0.9867792130 -0.1372936517 0.4018747807 0.1605054736 0.9015179873
47.4 -582.0 1836.5 0.9150354266 0.0000000000 -0.4033735096 0.0000000000 1.0000000000 0.0000000000 0.4033735096 0.0000000000 0.9150354266
-148.0 -359.6 1742.9 0 0 0 0 0 0 0 0 0
53.8 399.1 1673.1 0 0 0 0 0 0 0 0 0
-160.3 -957.5 1797.5 0 0 0 0 0 0 0 0 0
47.4 -958.7 1836.5 0 0 0 0 0 0 0 0 0
-62.5 443.7 1859.4 79 0.9981125593 -0.0589928851 0.0170640089 0.0600215346 0.9958878160 -0.0678593814 -0.0129906181 0.0687555075 0.9975489378
-48.8 212.5 1843.4 0.9981125593 -0.0589928851 0.0170640089 0.0600215346 0.9958878160 -0.0678593814 -0.0129906181 0.0687555075 0.9975489378
-45.6 18.3 1862.6 0.9997925758 -0.0173527524 0.0106612043 0.0162118301 0.9949450493 0.0991038531 -0.0123270368 -0.0989104584 0.9950199723
-190.9 210.0 1845.2 0.1089487150 -0.8503357768 -0.5148390532 0.9939644933 0.0998782814 0.0453754887 0.0128368409 -0.5166753531 0.8560851812
-221.3 -68.0 1841.7 -0.2109609097 -0.8323933482 -0.5124615431 0.9248347878 -0.0002156166 -0.3803690374 0.3165061772 -0.5541852117 0.7698717713
93.3 214.9 1841.5 0.5857796669 0.6963359118 0.4147028923 -0.0778953284 0.5576845407 -0.8263899088 -0.8067183495 0.4517789781 0.3809216022
214.9 198.7 1674.1 -0.6269896626 0.6963359118 0.3492854238 0.7790130377 0.5576845407 0.2865774632 0.0047630761 0.4517789781 -0.8921172023
-128.0 -174.6 1890.1 0.9559095502 0.0727294609 -0.2845124900 -0.1263618767 0.9764353037 -0.1749480665 0.2650841475 0.2031860650 0.9425740242
-156.6 -558.9 1810.1 0.9636338353 0.0000000000 -0.2672261894 0.0000000000 1.0000000000 0.0000000000 0.2672261894 0.0000000000 0.9636338353
51.5 -166.6 1875.8 0.8888592124 0.0037629823 -0.4581649601 -0.0354719758 0.9975301623 -0.0606242418 0.4568052292 0.0701384321 0.8867973685
50.0 -558.8 1848.3 0.8894189596 0.0000000000 -0.4570929110 0.0000000000 1.0000000000 0.0000000000 0.4570929110 0.0000000000 0.8894189596
-162.0 -328.3 1752.5 0 0 0 0 0 0 0 0 0
53.7 399.1 1675.3 0 0 0 0 0 0 0 0 0
-156.6 -935.6 1810.1 0 0 0 0 0 0 0 0 0
50.0 -935.5 1848.3 0 0 0 0 0 0 0 0 0
-61.9 444.2 1860.8 80 0.9972097874 -0.0720264241 -0.0196185410 0.0702840313 0.9944412112 -0.0784016103 0.0251564737 0.0768039823 0.9967287779
-44.6 205.4 1842.4 0.9972097874 -0.0720264241 -0.0196185410 0.0702840313 0.9944412112 -0.0784016103 0.0251564737 0.0768039823 0.9967287779
-39.7 10.8 1859.8 0.9992918968 -0.0253707878 -0.0277860388 0.0277397893 0.9956910610 0.0884861201 0.0254213475 -0.0891942456 0.9956898093
-186.7 201.5 1838.8 0.1391452104 -0.8311077952 -0.5384221673 0.9897511601 0.0990870371 0.1028321609 -0.0321139544 -0.5472125411 0.8363773823
-223.5 -60.4 1847.3 -0.1745415628 -0.8231201172 -0.5403780937 0.9251000881 0.0508744642 -0.3762998879 0.3372314572 -0.5655838251 0.7525888085
97.5 209.4 1846.0 0.5542646050 0.7133042216 0.4289380312 -0.0584823415 0.5474404693 -0.8347986341 -0.8302834034 0.4376140535 0.3451425731
212.2 197.3 1674.3 -0.6190509796 0.7133042216 0.3285924196 0.7848801613 0.5474404693 0.2902965844 0.0271850079 0.4376140535 -0.8987518549
-133.4 -175.1 1881.3 0.9472060800 0.0550548844 -0.3158632219 -0.1097963974 0.9812805653 -0.1582188904 0.3012397289 0.1845465302 0.9355197549
-155.0 -560.3 1808.9 0.9529676437 0.0000000000 -0.3030720651 0.0000000000 1.0000000000 0.0000000000 0.3030720651 0.0000000000 0.9529676437
46.7 -172.0 1877.8 0.8714043498 -0.0182444733 -0.4902260900 -0.0249226224 0.9963712692 -0.0813827515 0.4899320006 0.0831350014 0.8677875400
53.8 -562.9 1845.1 0.8716750741 0.0000000000 -0.4900842309 0.0000000000 1.0000000000 0.0000000000 0.4900842309 0.0000000000 0.8716750741
-174.4 -320.7 1752.4 0 0 0 0 0 0 0 0 0
53.0 399.1 1681.2 0 0 0 0 0 0 0 0 0
-155.0 -936.9 1808.9 0 0 0 0 0 0 0 0 0
53.8 -939.6 1845.1 0 0 0 0 0 0 0 0 0
-61.6 443.8 1857.0 81 0.9966431856 -0.0744048730 -0.0341514871 0.0718644112 0.9949268699 -0.0703991726 0.0392162763 0.0677085817 0.9969341159
-43.6 202.8 1840.7 0.9966431856 -0.0744048730 -0.0341514871 0.0718644112 0.9949268699 -0.0703991726 0.0392162763 0.0677085817 0.9969341159
-38.1 8.5 1862.0 0.9986578226 -0.0283191707 -0.0433660410 0.0328648426 0.9936100841 0.1079765633 0.0400311276 -0.1092568561 0.9932071567
-185.8 198.1 1835.0 0.1501743197 -0.8212131262 -0.5505058169 0.9874750972 0.0973423421 0.1241668835 -0.0483799465 -0.5622574687 0.8255458474
-225.7 -64.4 1847.8 -0.1573556364 -0.8175619245 -0.5539239049 0.9249974489 0.0744237229 -0.3726135492 0.3458597362 -0.5710110664 0.7445316911
98.6 207.6 1846.3 0.5439229012 0.7194970846 0.4318238497 -0.0487756953 0.5408442616 -0.8397073150 -0.8377164006 0.4356735349 0.3292715549
210.5 197.5 1674.0 -0.6160507798 0.7194970846 0.3206328750 0.7866470218 0.5408442616 0.2977817357 0.0408406146 0.4356735349 -0.8991777301
-125.4 -185.2 1874.1 0.9406817555 0.0865240246 -0.3280723393 -0.1328444779 0.9836642146 -0.1214786842 0.3122021854 0.1578553766 0.9368091822
-159.3 -570.6 1812.3 0.9490936399 0.0000000000 -0.3149940073 0.0000000000 1.0000000000 0.0000000000 0.3149940073 0.0000000000 0.9490936399
54.8 -180.2 1878.0 0.8640913963 0.0166611113 -0.5030590892 -0.0579978302 0.9960906506 -0.0666312352 0.4999822676 0.0867518112 0.8616796732
48.3 -570.4 1844.1 0.8655483723 0.0000000000 -0.5008252859 0.0000000000 1.0000000000 0.0000000000 0.5008252859 0.0000000000 0.8655483723
-181.4 -324.8 1750.5 0 0 0 0 0 0 0 0 0
52.5 399.3 1684.5 0 0 0 0 0 0 0 0 0
-159.3 -947.3 1812.3 0 0 0 0 0 0 0 0 0
48.3 -947.1 1844.1 0 0 0 0 0 0 0 0 0
-61.9 442.7 1860.7 82 0.9988616705 -0.0439787023 -0.0184711479 0.0419684909 0.9943132401 -0.0978763103 0.0226705801 0.0969896913 0.9950271845
-50.7 189.1 1835.9 0.9988616705 -0.0439787023 -0.0184711479 0.0419684909 0.9943132401 -0.0978763103 0.0226705801 0.0969896913 0.9950271845
-40.5 -4.1 1864.1 0.9982043505 -0.0517894216 -0.0300986357 0.0555762276 0.9881864190 0.1428247541 0.0223462507 -0.1442410499 0.9892902374
-192.8 181.3 1832.8 0.1322796345 -0.8295412064 -0.5425527692 0.9893855453 0.0772831514 0.1230590120 -0.0601523295 -0.5530720949 0.8309590816
-226.0 -66.7 1847.9 -0.1446398199 -0.8292503357 -0.5398362875 0.9281408191 0.0754058883 -0.3645113707 0.3429780006 -0.5537669659 0.7587543726
91.5 197.0 1839.0 0.5796898007 0.6990599632 0.4186584949 0.0037305271 0.5115117431 -0.8592681885 -0.8148286939 0.4996708035 0.2939102650
209.2 197.8 1673.6 -0.6128641963 0.6990599632 0.3683919609 0.7885959744 0.5115117431 0.3412801623 0.0501384661 0.4996708035 -0.8647630811
-123.0 -188.3 1879.4 0.9446898699 0.0955263153 -0.3137447238 -0.1433466673 0.9806914330 -0.1330263168 0.2949792445 0.1706428677 0.9401426911
-160.5 -572.5 1812.5 0.9545479417 0.0000000000 -0.2980574071 0.0000000000 1.0000000000 0.0000000000 0.2980574071 0.0000000000 0.9545479417
57.3 -182.4 1886.3 0.8723253012 0.0246471930 -0.4883043468 -0.0772329196 0.9931357503 -0.0878432095 0.4827874005 0.1143410206 0.8682410121
47.6 -571.3 1841.5 0.8749386668 0.0000000000 -0.4842337966 0.0000000000 1.0000000000 0.0000000000 0.4842337966 0.0000000000 0.8749386668
-185.2 -328.1 1751.3 0 0 0 0 0 0 0 0 0
52.3 399.6 1686.4 0 0 0 0 0 0 0 0 0
-160.5 -949.2 1812.5 0 0 0 0 0 0 0 0 0
47.6 -947.9 1841.5 0 0 0 0 0 0 0 0 0
-60.9 441.4 1862.0 83 0.9993070960 -0.0321824476 -0.0186987966 0.0298008583 0.9927940965 -0.1160681173 0.0222994108 0.1154304519 0.9930652380
-52.7 187.0 1832.4 0.9993070960 -0.0321824476 -0.0186987966 0.0298008583 0.9927940965 -0.1160681173 0.0222994108 0.1154304519 0.9930652380
-44.1 -5.4 1866.4 0.9985884428 -0.0439502113 -0.0298253074 0.0484588295 0.9837643504 0.1727987081 0.0217465349 -0.1740000844 0.9845054746
-195.0 180.1 1829.3 0.1117390171 -0.8279701471 -0.5495269299 0.9929300547 0.0707348362 0.0953232571 -0.0400541127 -0.5562930703 0.8300202489
-224.9 -85.9 1840.0 -0.1597354412 -0.8261417747 -0.5403465033 0.9287192822 0.0597738549 -0.3659338355 0.3346118331 -0.5602828264 0.7577058077
89.6 193.9 1835.5 0.5919342637 0.6900665164 0.4164397120 0.0220982637 0.5025938749 -0.8642401695 -0.8056832552 0.5207759738 0.2822532654
208.9 198.3 1673.1 -0.6139987111 0.6900665164 0.3831628859 0.7874848247 0.5025938749 0.3567450643 0.0536024868 0.5207759738 -0.8520088792
-120.6 -202.1 1890.1 0.9403815866 0.1080184206 -0.3225127459 -0.1686965078 0.9715033770 -0.1665014476 0.2953369915 0.2109816670 0.9318062067
-162.9 -582.3 1807.5 0.9540550709 0.0000000000 -0.2996312976 0.0000000000 1.0000000000 0.0000000000 0.2996312976 0.0000000000 0.9540550709
59.6 -192.1 1893.9 0.8703349829 0.0335076340 -0.4913189411 -0.0980705321 0.9894921780 -0.1062419191 0.4825963378 0.1406499743 0.8644757867
46.5 -579.5 1838.8 0.8745507598 0.0000000000 -0.4849339724 0.0000000000 1.0000000000 0.0000000000 0.4849339724 0.0000000000 0.8745507598
-179.9 -347.4 1745.8 0 0 0 0 0 0 0 0 0
51.8 399.8 1686.8 0 0 0 0 0 0 0 0 0
-162.9 -959.0 1807.5 0 0 0 0 0 0 0 0 0
46.5 -956.2 1838.8 0 0 0 0 0 0 0 0 0
-61.2 442.2 1862.6 84 0.9993395209 -0.0298233666 -0.0207636096 0.0269928500 0.9917481542 -0.1253273338 0.0243299548 0.1246840805 0.9918981194
-53.5 183.9 1830.2 0.9993395209 -0.0298233666 -0.0207636096 0.0269928500 0.9917481542 -0.1253273338 0.0243299548 0.1246840805 0.9918981194
-42.6 -7.9 1867.1 0.9978687763 -0.0555230416 -0.0342793092 0.0609785691 0.9804658890 0.1869980991 0.0232269894 -0.1886898726 0.9817619920
-195.7 175.3 1826.9 0.1067596525 -0.8263547421 -0.5529378653 0.9932117462 0.0628022403 0.0979097709 -0.0461824648 -0.5596371889 0.8274499774
-224.1 -89.5 1839.2 -0.1832444817 -0.8224378228 -0.5385327339 0.9245523214 0.0419986472 -0.3787335157 0.3341024220 -0.5673025250 0.7526907921
88.7 192.6 1833.4 0.5997545719 0.6830148101 0.4168755114 0.0292102192 0.5019394755 -0.8644093275 -0.7996506691 0.5306105018 0.2810895145
208.8 198.5 1673.3 -0.6152435541 0.6830148101 0.3936573565 0.7869002223 0.5019394755 0.3589496017 0.0475757271 0.5306105018 -0.8462795615
-125.8 -202.1 1898.4 0.9412736297 0.0851401091 -0.3267339766 -0.1569481939 0.9671159983 -0.2001347989 0.2989501655 0.2396619171 0.9236833453
-159.1 -580.5 1804.6 0.9530853629 0.0000000000 -0.3027015924 0.0000000000 1.0000000000 0.0000000000 0.3027015924 0.0000000000 0.9530853629
54.7 -193.4 1902.2 0.8700292706 0.0142129408 -0.4927951694 -0.0960467011 0.9853177667 -0.1411523074 0.4835536480 0.1701379865 0.8586203456
49.1 -579.0 1835.6 0.8740702271 0.0000000000 -0.4857995808 0.0000000000 1.0000000000 0.0000000000 0.4857995808 0.0000000000 0.8740702271
-172.5 -349.9 1745.1 0 0 0 0 0 0 0 0 0
51.6 399.5 1685.5 0 0 0 0 0 0 0 0 0
-159.1 -957.2 1804.6 0 0 0 0 0 0 0 0 0
49.1 -955.7 1835.6 0 0 0 0 0 0 0 0 0
-61.0 442.0 1862.5 85 0.9996307492 -0.0202182699 -0.0181542151 0.0178288650 0.9922088981 -0.1233028620 0.0205057450 0.1229336634 0.9922029972
-55.7 179.0 1829.9 0.9996307492 -0.0202182699 -0.0181542151 0.0178288650 0.9922088981 -0.1233028620 0.0205057450 0.1229336634 0.9922029972
-41.1 -12.8 1866.2 0.9966593981 -0.0747360513 -0.0329331718 0.0795373917 0.9797738194 0.1836220324 0.0185438730 -0.1856280267 0.9824451208
-197.7 167.7 1827.2 0.0958247110 -0.8291913271 -0.5506899357 0.9946975708 0.0590138026 0.0842268392 -0.0373418592 -0.5558409095 0.8304495215
-222.9 -93.9 1837.0 -0.2049888074 -0.8213112354 -0.5323790312 0.9221025705 0.0203291178 -0.3864112198 0.3281866908 -0.5701180100 0.7531659603
86.3 190.3 1832.5 0.6077935696 0.6753279567 0.4177549183 0.0410021544 0.4986859262 -0.8658124208 -0.7930358052 0.5433640480 0.2754082084
208.7 198.6 1672.9 -0.6138142347 0.6753279567 0.4088572264 0.7884743214 0.4986859262 0.3600285053 0.0392459743 0.5433640480 -0.8385792971
-121.9 -205.3 1901.9 0.9426758885 0.1003076360 -0.3182773888 -0.1724854112 0.9629314542 -0.2073928714 0.2856762111 0.2504024804 0.9250338674
-161.2 -582.2 1803.9 0.9570196271 0.0000000000 -0.2900230587 0.0000000000 1.0000000000 0.0000000000 0.2900230587 0.0000000000 0.9570196271
58.4 -194.3 1906.0 0.8735751510 0.0296113826 -0.4857876301 -0.1157652587 0.9821418524 -0.1483098269 0.4727206826 0.1857971102 0.8614026904
46.8 -578.7 1833.3 0.8794882894 0.0000000000 -0.4759204984 0.0000000000 1.0000000000 0.0000000000 0.4759204984 0.0000000000 0.8794882894
-165.2 -353.5 1744.6 0 0 0 0 0 0 0 0 0
51.8 400.1 1682.9 0 0 0 0 0 0 0 0 0
-161.2 -958.9 1803.9 0 0 0 0 0 0 0 0 0
46.8 -955.4 1833.3 0 0 0 0 0 0 0 0 0
-61.5 443.0 1862.4 86 0.9997777343 -0.0164139047 -0.0132329836 0.0146201104 0.9919465184 -0.1258109510 0.0151914600 0.1255895197 0.9919659495
-57.1 181.5 1829.2 0.9997777343 -0.0164139047 -0.0132329836 0.0146201104 0.9919465184 -0.1258109510 0.0151914600 0.1255895197 0.9919659495
-43.2 -9.8 1868.7 0.9970847964 -0.0710866749 -0.0277228765 0.0752116293 0.9768601060 0.2002188563 0.0128484787 -0.2017202675 0.9793589115
-199.2 170.7 1827.4 0.0822922662 -0.8311124444 -0.5499818921 0.9963654280 0.0564297177 0.0638088882 -0.0219970401 -0.5532339215 0.8327354789
-221.8 -103.0 1833.5 -0.2271225601 -0.8188191652 -0.5272101164 0.9180526733 0.0006182003 -0.3964579999 0.3249533474 -0.5740512013 0.7515787482
84.9 192.2 1831.1 0.6151239276 0.6750311852 0.4073762596 0.0324797556 0.4945584536 -0.8685372472 -0.7877611518 0.5474895239 0.2822898924
208.7 198.7 1672.6 -0.6148980260 0.6750311852 0.4077171683 0.7872020006 0.4945584536 0.3684087098 0.0470474064 0.5474895239 -0.8354889154
-116.5 -211.7 1900.8 0.9403179884 0.1249315739 -0.3165346086 -0.1956014335 0.9595841169 -0.2023323625 0.2784639001 0.2521713972 0.9267510176
-165.4 -587.4 1802.1 0.9588394761 0.0000000000 -0.2839487791 0.0000000000 1.0000000000 0.0000000000 0.2839487791 0.0000000000 0.9588394761
63.6 -197.4 1904.2 0.8742773533 0.0509363003 -0.4827469289 -0.1314584315 0.9821623564 -0.1344460398 0.4672876894 0.1810042858 0.8653783202
43.7 -581.9 1833.3 0.8819310069 0.0000000000 -0.4713784754 0.0000000000 1.0000000000 0.0000000000 0.4713784754 0.0000000000 0.8819310069
-157.9 -361.5 1741.9 0 0 0 0 0 0 0 0 0
51.6 399.8 1684.6 0 0 0 0 0 0 0 0 0
-165.4 -964.0 1802.1 0 0 0 0 0 0 0 0 0
43.7 -958.5 1833.3 0 0 0 0 0 0 0 0 0
-59.6 444.2 1862.8 87 0.9995610714 -0.0103480648 -0.0277592447 0.0067537688 0.9919333458 -0.1265807301 0.0288451854 0.1263376921 0.9915677905
-56.8 173.4 1828.3 0.9995610714 -0.0103480648 -0.0277592447 0.0067537688 0.9919333458 -0.1265807301 0.0288451854 0.1263376921 0.9915677905
-39.1 -17.7 1867.2 0.9949404001 -0.0902248174 -0.0441936255 0.0971666202 0.9759799838 0.1949914545 0.0255390294 -0.1982990205 0.9798088074
-198.6 159.5 1824.7 0.0855475143 -0.8244460225 -0.5594375730 0.9957891703 0.0521819592 0.0753722712 -0.0329478234 -0.5635297894 0.8254384398
-220.8 -99.6 1833.3 -0.2277501076 -0.8127524853 -0.5362492800 0.9206811190 -0.0004661892 -0.3903153241 0.3169797659 -0.5826089382 0.7483920455
84.9 187.2 1832.0 0.6053723693 0.6754162312 0.4211142659 0.0712496713 0.4809675515 -0.8738384843 -0.7927469611 0.5590019226 0.2430412918
206.8 201.6 1672.3 -0.6155810356 0.6754162312 0.4060454965 0.7851113677 0.4809675515 0.3902183473 0.0682650954 0.5590019226 -0.8263514638
-119.4 -207.8 1907.1 0.9392791390 0.1124190018 -0.3242169917 -0.1908877194 0.9563125372 -0.2214231640 0.2851606011 0.2698672116 0.9197038412
-163.4 -582.2 1801.4 0.9568742514 0.0000000000 -0.2905023992 0.0000000000 1.0000000000 0.0000000000 0.2905023992 0.0000000000 0.9568742514
60.8 -194.2 1909.4 0.8707315326 0.0376926735 -0.4903119802 -0.1273660660 0.9803214073 -0.1508238167 0.4749783576 0.1937761605 0.8583975434
46.1 -578.1 1833.5 0.8778812289 0.0000000000 -0.4788784683 0.0000000000 1.0000000000 0.0000000000 0.4788784683 0.0000000000 0.8778812289
-156.7 -359.0 1744.0 0 0 0 0 0 0 0 0 0
48.9 403.0 1689.8 0 0 0 0 0 0 0 0 0
-163.4 -958.9 1801.4 0 0 0 0 0 0 0 0 0
46.1 -954.7 1833.5 0 0 0 0 0 0 0 0 0
-60.1 443.1 1860.0 88 0.9986122847 -0.0153577393 -0.0503752530 0.0085948762 0.9912371039 -0.1318149567 0.0519581996 0.1311990619 0.9899935126
-55.8 165.8 1823.3 0.9986122847 -0.0153577393 -0.0503752530 0.0085948762 0.9912371039 -0.1318149567 0.0519581996 0.1311990619 0.9899935126
-44.5 -25.1 1865.1 0.9963065386 -0.0581870526 -0.0631470084 0.0702468082 0.9752427340 0.2096830606 0.0493828245 -0.2133444697 0.9757281542
-197.7 155.8 1816.3 0.0786866099 -0.8112437725 -0.5793892741 0.9958714247 0.0375793129 0.0826314241 -0.0452611707 -0.5834992528 0.8108514547
-218.6 -108.5 1828.3 -0.2349867225 -0.8010822535 -0.5504983664 0.9227209091 -0.0058063637 -0.3854249120 0.3055606484 -0.5985261202 0.7405397892
86.0 175.8 1830.4 0.6046780348 0.6643573642 0.4393105805 0.1231109053 0.4669809937 -0.8756554723 -0.7868978381 0.5835735202 0.2005835027
207.4 200.6 1672.4 -0.6144934297 0.6643573642 0.4254728556 0.7857384682 0.4669809937 0.4056400657 0.0708022267 0.5835735202 -0.8089678288
-111.4 -217.5 1903.7 0.9236173630 0.1500317007 -0.3527342975 -0.2303105146 0.9528039694 -0.1977919042 0.3064115942 0.2639224529 0.9145801663
