-57.1 460.8 1843.6 65 0.9999975562 -0.0011634580 0.0018857254 0.0013277091 0.9959785938 -0.0895817950 -0.0017739175 0.0895840749 0.9959776998
-56.8 179.7 1818.3 0.9999975562 -0.0011634580 0.0018857254 0.0013277091 0.9959785938 -0.0895817950 -0.0017739175 0.0895840749 0.9959776998
-37.3 -7.7 1871.6 0.9948855042 -0.0996087864 -0.0167600028 0.1004046947 0.9571034312 0.2717938721 -0.0110320011 -0.2720865607 0.9622095227
-198.5 165.4 1819.8 0.0623262972 -0.7918325663 -0.6075496674 0.9972117543 0.0243763868 0.0705300346 -0.0410381146 -0.6102515459 0.7911440730
-215.6 -107.1 1831.1 -0.2696500719 -0.7847128510 -0.5581349134 0.9006392360 -0.0003953910 -0.4345673323 0.3407898843 -0.6198593378 0.7068498135
84.9 194.0 1816.7 0.5986761451 0.6760482788 0.4295876920 -0.1076582223 0.5993680954 -0.7932008505 -0.7937232256 0.4286217988 0.4316095114
200.0 173.3 1664.1 -0.6825396419 0.6760482788 0.2776658535 0.7285634875 0.5993680954 0.3315918148 0.0577480309 0.4286217988 -0.9016366005
-105.8 -208.7 1918.8 0.9610347748 0.1594054997 -0.2258362919 -0.2218794078 0.9321027398 -0.2862760723 0.1648686528 0.3252297044 0.9311519861
-168.2 -573.6 1791.5 0.9856017828 -0.0000002626 -0.1690832078 0.0000002526 1.0000000000 -0.0000000806 0.1690832078 0.0000000367 0.9856017828
73.9 -189.2 1921.7 0.8944759965 0.0774733722 -0.4403527677 -0.1797555387 0.9640858173 -0.1955160648 0.4093905687 0.2540402710 0.8762778640
43.6 -566.3 1822.3 0.9092870951 0.0000000000 -0.4161694050 0.0000000000 1.0000000000 0.0000000000 0.4161694050 0.0000000000 0.9092870951
-139.6 -360.9 1735.1 0 0 0 0 0 0 0 0 0
24.6 360.6 1679.0 0 0 0 0 0 0 0 0 0
-168.2 -950.2 1791.5 0 0 0 0 0 0 0 0 0
43.6 -943.0 1822.3 0 0 0 0 0 0 0 0 0
-56.3 458.5 1842.9 66 0.9998685122 -0.0161872599 -0.0009519951 0.0160468016 0.9962160587 -0.0854170397 0.0023310606 0.0853905380 0.9963448048
-51.8 181.3 1819.2 0.9998685122 -0.0161872599 -0.0009519951 0.0160468016 0.9962160587 -0.0854170397 0.0023310606 0.0853905380 0.9963448048
-36.9 -6.7 1871.8 0.9969292283 -0.0762893260 -0.0176648591 0.0782297179 0.9601939917 0.2681558728 -0.0034957391 -0.2687143683 0.9632135630
-193.9 170.2 1819.7 0.0773072839 -0.7491606474 -0.6578615904 0.9959892631 0.0282193478 0.0849060044 -0.0450438112 -0.6617869735 0.7483375072
-215.2 -104.6 1832.1 -0.2668687999 -0.7491606474 -0.6062502265 0.9015594125 0.0282193478 -0.4317340851 0.3405461907 -0.6617869735 0.6678819656
90.2 192.5 1818.7 0.5696934462 0.6809478998 0.4601731002 -0.0720643476 0.5991506577 -0.7973864675 -0.8186916709 0.4211038053 0.3904042840
199.7 178.6 1661.3 -0.6883806586 0.6809478998 0.2498840541 0.7198818922 0.5991506577 0.3504119217 0.0888940692 0.4211038053 -0.9026458263
-107.6 -204.2 1925.8 0.9590479136 0.1501248777 -0.2401866019 -0.2189308256 0.9309248924 -0.2923150659 0.1797119230 0.3329284191 0.9256685376
-166.4 -568.7 1795.5 0.9828925133 -0.0000001313 -0.1841800660 0.0000001257 1.0000000000 -0.0000000422 0.1841800660 0.0000000184 0.9828925133
72.2 -186.0 1923.8 0.8893997073 0.0691546649 -0.4518692195 -0.1765982956 0.9637281895 -0.2001025230 0.4216410816 0.2577704489 0.8693521619
45.1 -563.3 1823.0 0.9036015868 0.0000000000 -0.4283738434 0.0000000000 1.0000000000 0.0000000000 0.4283738434 0.0000000000 0.9036015868
-140.0 -358.6 1736.2 0 0 0 0 0 0 0 0 0
23.1 363.3 1684.1 0 0 0 0 0 0 0 0 0
-166.4 -945.3 1795.5 0 0 0 0 0 0 0 0 0
45.1 -939.9 1823.0 0 0 0 0 0 0 0 0 0
-56.3 456.5 1839.6 67 0.9997466803 -0.0043406980 0.0220846329 0.0059019183 0.9974498749 -0.0711261332 -0.0217195768 0.0712384582 0.9972228408
-55.1 179.8 1819.8 0.9997466803 -0.0043406980 0.0220846329 0.0059019183 0.9974498749 -0.0711261332 -0.0217195768 0.0712384582 0.9972228408
-39.3 -7.9 1873.4 0.9967247844 -0.0805583149 0.0070717237 0.0755229592 0.9585430622 0.2747570574 -0.0289125182 -0.2733231187 0.9614876509
-197.0 169.1 1824.0 0.0663486272 -0.7651785612 -0.6403902173 0.9971919656 0.0285116248 0.0692481399 -0.0347286239 -0.6431865096 0.7649216056
-215.0 -100.8 1833.4 -0.2595237792 -0.7635449767 -0.5913091302 0.9042991996 0.0227662008 -0.4262917042 0.3389547467 -0.6453532577 0.6845647693
86.9 190.6 1815.7 0.5888429284 0.6655358076 0.4586132169 -0.0491135009 0.5958316922 -0.8016061783 -0.8067539334 0.4494960308 0.3835380673
200.5 181.1 1660.1 -0.7010958791 0.6655358076 0.2559816539 0.7056313157 0.5958316922 0.3834958375 0.1027082354 0.4494960308 -0.8873580694
-112.0 -201.7 1924.7 0.9661119580 0.1342957169 -0.2204367518 -0.1986019611 0.9322378039 -0.3024730980 0.1648786217 0.3360020518 0.9273174405
-164.6 -566.8 1793.1 0.9857478142 -0.0000000657 -0.1682297289 0.0000000632 1.0000000000 -0.0000000201 0.1682297289 0.0000000092 0.9857478142
68.1 -187.6 1924.1 0.9003272653 0.0545288846 -0.4317840338 -0.1597740650 0.9642572999 -0.2113766819 0.4048247635 0.2592960596 0.8768594265
46.8 -565.1 1822.5 0.9120437503 0.0000000000 -0.4100929797 0.0000000000 1.0000000000 0.0000000000 0.4100929797 0.0000000000 0.9120437503
-141.9 -355.6 1737.9 0 0 0 0 0 0 0 0 0
21.3 361.5 1686.3 0 0 0 0 0 0 0 0 0
-164.6 -943.4 1793.1 0 0 0 0 0 0 0 0 0
46.8 -941.8 1822.5 0 0 0 0 0 0 0 0 0
-56.0 456.1 1837.4 68 0.9990146756 0.0014972617 0.0443562828 0.0012712306 0.9980553389 -0.0623210073 -0.0443633348 0.0623159856 0.9970700145
-56.4 179.0 1820.1 0.9990146756 0.0014972617 0.0443562828 0.0012712306 0.9980553389 -0.0623210073 -0.0443633348 0.0623159856 0.9970700145
-37.6 -9.5 1869.6 0.9949360490 -0.0962480232 0.0289576557 0.0856762677 0.9627798796 0.2563484013 -0.0525528751 -0.2525692880 0.9661505818
-198.1 166.8 1827.6 0.0623833500 -0.7813345194 -0.6209868789 0.9978404045 0.0360073298 0.0549365133 -0.0205637142 -0.6230729222 0.7818933725
-214.9 -101.5 1833.1 -0.2619173527 -0.7739728093 -0.5765113831 0.9055917263 0.0094025088 -0.4240461886 0.3336208761 -0.6331490278 0.6984407306
85.3 191.3 1812.7 0.5964572430 0.6662724018 0.4475710690 -0.0584581047 0.5921996236 -0.8036679626 -0.8005132079 0.4531894326 0.3921707869
198.8 180.1 1660.3 -0.6997674704 0.6662724018 0.2576947808 0.7065321803 0.5921996236 0.3874426484 0.1055355817 0.4531894326 -0.8851449490
-113.5 -202.4 1929.5 0.9726362824 0.1271046698 -0.1944816560 -0.1862090975 0.9270704985 -0.3253712058 0.1389420033 0.3526820838 0.9253704548
-163.3 -565.4 1791.4 0.9899503589 -0.0000000328 -0.1414153427 0.0000000319 1.0000000000 -0.0000000092 0.1414153427 0.0000000046 0.9899503589
66.6 -188.8 1924.2 0.9120799899 0.0504779443 -0.4068932533 -0.1524184793 0.9630166888 -0.2221878618 0.3806294203 0.2646711469 0.8860419989
46.8 -565.9 1820.6 0.9228626490 0.0000000000 -0.3851292431 0.0000000000 1.0000000000 0.0000000000 0.3851292431 0.0000000000 0.9228626490
-141.1 -356.6 1739.2 0 0 0 0 0 0 0 0 0
20.3 360.3 1687.2 0 0 0 0 0 0 0 0 0
-163.3 -942.1 1791.4 0 0 0 0 0 0 0 0 0
46.8 -942.6 1820.6 0 0 0 0 0 0 0 0 0
-57.7 458.8 1837.4 69 0.9982314706 -0.0018093220 0.0594188906 0.0051675714 0.9983941317 -0.0564133041 -0.0592214018 0.0566205867 0.9966378212
-57.2 182.8 1821.7 0.9982314706 -0.0018093220 0.0594188906 0.0051675714 0.9983941317 -0.0564133041 -0.0592214018 0.0566205867 0.9966378212
-38.5 -6.1 1869.6 0.9944168925 -0.0958201960 0.0441985577 0.0818763599 0.9648666978 0.2496568859 -0.0665678829 -0.2446442097 0.9673251510
-198.9 171.2 1831.2 0.0577580146 -0.7902067900 -0.6101124883 0.9983247519 0.0436184518 0.0380153768 -0.0034278475 -0.6112861037 0.7914022803
-214.8 -103.0 1832.1 -0.2539734840 -0.7801920772 -0.5716623068 0.9112036824 0.0052031400 -0.4119232893 0.3243537247 -0.6255183816 0.7095924020
84.4 194.5 1812.2 0.6111682057 0.6636447906 0.4313340187 -0.0871237293 0.5980523229 -0.7967075109 -0.7866911292 0.4493428767 0.4233297706
201.7 177.8 1661.3 -0.6992956996 0.6636447906 0.2656333745 0.7092999816 0.5980523229 0.3731313050 0.0887639895 0.4493428767 -0.8889386654
-108.7 -205.7 1923.7 0.9730600715 0.1446719766 -0.1795106530 -0.1958389282 0.9295322299 -0.3124370873 0.1216600537 0.3391752243 0.9328231215
-165.3 -569.7 1790.9 0.9922744036 -0.0000000164 -0.1240623891 0.0000000160 1.0000000000 -0.0000000043 0.1240623891 0.0000000023 0.9922744036
71.1 -190.2 1914.2 0.9178609252 0.0662944615 -0.3913264275 -0.1438432634 0.9744856358 -0.1722989082 0.3699195087 0.2144361138 0.9039782882
45.1 -571.3 1830.4 0.9275065660 0.0000000000 -0.3738069236 0.0000000000 1.0000000000 0.0000000000 0.3738069236 0.0000000000 0.9275065660
-143.2 -359.6 1740.8 0 0 0 0 0 0 0 0 0
22.2 359.9 1684.1 0 0 0 0 0 0 0 0 0
-165.3 -946.4 1790.9 0 0 0 0 0 0 0 0 0
45.1 -948.0 1830.4 0 0 0 0 0 0 0 0 0
-58.6 458.6 1842.3 70 0.9955155849 -0.0070405067 0.0943355933 0.0087608453 0.9998025894 -0.0178346373 -0.0941914022 0.0185811184 0.9953806996
-57.0 221.0 1837.9 0.9955155849 -0.0070405067 0.0943355933 0.0087608453 0.9998025894 -0.0178346373 -0.0941914022 0.0185811184 0.9953806996
-46.8 28.7 1864.6 0.9945105314 -0.0543259196 0.0894285440 0.0413337797 0.9891170263 0.1412056088 -0.0961264148 -0.1367340535 0.9859328270
-198.5 214.9 1851.9 0.0547400154 -0.8127722144 -0.5800042152 0.9969372153 0.0769813806 -0.0137860579 0.0558544509 -0.5774731040 0.8144968152
-215.6 -98.0 1834.4 -0.2414766699 -0.7961999774 -0.5547563434 0.9143268466 0.0048466530 -0.4049480557 0.3251083493 -0.6050141454 0.7268166542
84.5 227.2 1823.9 0.5822274685 0.6943293214 0.4229870141 -0.2632802427 0.6532443166 -0.7098981142 -0.7692169547 0.3019580543 0.5631399751
207.2 171.7 1661.9 -0.6962389946 0.6943293214 0.1820935160 0.7159114480 0.6532443166 0.2464602143 0.0521729887 0.3019580543 -0.9518924952
-116.6 -188.2 1913.6 0.9829087257 0.1164390966 -0.1425917894 -0.1530116498 0.9474037290 -0.2810936272 0.1023617014 0.2981075943 0.9490278959
-163.3 -568.1 1794.1 0.9946209788 -0.0000000082 -0.1035814360 0.0000000080 1.0000000000 -0.0000000020 0.1035814360 0.0000000011 0.9946209788
63.5 -177.0 1900.4 0.9319494963 0.0440406203 -0.3599034846 -0.1024754643 0.9841210246 -0.1449295878 0.3478057981 0.1719483435 0.9216641784
45.9 -570.0 1831.7 0.9368817210 0.0000000000 -0.3496464789 0.0000000000 1.0000000000 0.0000000000 0.3496464789 0.0000000000 0.9368817210
-147.6 -355.6 1742.8 0 0 0 0 0 0 0 0 0
29.2 354.8 1675.2 0 0 0 0 0 0 0 0 0
-163.3 -944.8 1794.1 0 0 0 0 0 0 0 0 0
45.9 -946.7 1831.7 0 0 0 0 0 0 0 0 0
-59.0 461.2 1839.3 71 0.9939274788 -0.1096815616 0.0088399276 0.1092145890 0.9931133389 0.0424032286 -0.0134299025 -0.0411802828 0.9990614653
-33.8 232.8 1848.8 0.9939274788 -0.1096815616 0.0088399276 0.1092145890 0.9931133389 0.0424032286 -0.0134299025 -0.0411802828 0.9990614653
-46.8 40.4 1865.0 0.9976575971 0.0679505020 0.0078776060 -0.0683810264 0.9937510490 0.0882204846 -0.0018337528 -0.0885525197 0.9960698485
-174.3 242.7 1849.6 0.1611894220 -0.7520841956 -0.6390519142 0.9868463278 0.1147283614 0.1138934195 -0.0123400586 -0.6490044594 0.7606844902
-223.0 -55.2 1853.3 -0.2088145465 -0.7435432673 -0.6352479458 0.9184579849 0.0740070567 -0.3885330558 0.3359039426 -0.6645798683 0.6674594283
106.8 222.9 1847.9 0.4555860460 0.7154506445 0.5296902061 -0.2416578382 0.6720840335 -0.6999318004 -0.8567630053 0.1908753663 0.4790863693
205.1 170.8 1663.1 -0.6912778020 0.7154506445 0.1013178900 0.7205762863 0.6720840335 0.1705075502 0.0538956076 0.1908753663 -0.9801335931
-129.9 -160.5 1895.3 0.9659072161 0.0654307678 -0.2504836023 -0.1179395691 0.9725158215 -0.2007565498 0.2304636240 0.2234541327 0.9470769763
-155.7 -544.2 1807.1 0.9726958871 -0.0000000041 -0.2320833802 0.0000000039 1.0000000000 -0.0000000015 0.2320833802 0.0000000006 0.9726958871
49.8 -154.5 1877.0 0.8890715837 -0.0068118176 -0.4577174485 -0.0340252109 0.9961400628 -0.0809153616 0.4565018713 0.0875134841 0.8854080439
52.5 -546.5 1842.5 0.8895866871 0.0000000000 -0.4567663372 0.0000000000 1.0000000000 0.0000000000 0.4567663372 0.0000000000 0.8895866871
-164.2 -313.8 1758.8 0 0 0 0 0 0 0 0 0
28.4 354.9 1676.8 0 0 0 0 0 0 0 0 0
-155.7 -920.9 1807.1 0 0 0 0 0 0 0 0 0
52.5 -923.2 1842.5 0 0 0 0 0 0 0 0 0
-58.7 461.3 1841.8 72 0.9974730611 -0.0709259138 0.0041168523 0.0706545413 0.9963892698 0.0470782816 -0.0074410578 -0.0466684438 0.9988827109
-43.4 247.0 1851.8 0.9974730611 -0.0709259138 0.0041168523 0.0706545413 0.9963892698 0.0470782816 -0.0074410578 -0.0466684438 0.9988827109
-47.7 53.0 1864.6 0.9997333884 0.0228057057 0.0036096983 -0.0229986496 0.9974139333 0.0680916086 -0.0020474861 -0.0681564733 0.9976725578
-184.9 250.3 1852.3 0.1479818076 -0.7573330402 -0.6360409260 0.9881273508 0.0863637924 0.1270653009 -0.0412998423 -0.6472927928 0.7611217499
-224.1 -11.0 1863.3 -0.1480064690 -0.7606356740 -0.6320818663 0.9322201014 0.1061160937 -0.3459841311 0.3302419186 -0.6404473186 0.6933739781
98.1 243.7 1851.3 0.4653806984 0.7144609690 0.5224618316 -0.3091133237 0.6843039989 -0.6604369879 -0.8293791413 0.1458547115 0.5393112898
203.6 173.6 1663.3 -0.6957387328 0.7144609690 0.0741160065 0.7169153690 0.6843039989 0.1332681477 0.0444970056 0.1458547115 -0.9883047938
-150.7 -142.2 1879.3 0.9705435634 -0.0053605256 -0.2408661693 -0.0368448384 0.9846899509 -0.1703766733 0.2380917966 0.1742326617 0.9554869533
-148.6 -527.8 1811.0 0.9712029696 -0.0000000021 -0.2382535636 0.0000000019 1.0000000000 -0.0000000008 0.2382535636 0.0000000003 0.9712029696
27.7 -155.6 1877.9 0.8858667612 -0.1018448472 -0.4526231885 0.0448851474 0.9898452163 -0.1348768175 0.4617634118 0.0991668254 0.8814423084
67.5 -542.5 1839.2 0.8867604733 0.0000000000 -0.4622292519 0.0000000000 1.0000000000 0.0000000000 0.4622292519 0.0000000000 0.8867604733
-182.5 -273.0 1770.4 0 0 0 0 0 0 0 0 0
27.2 355.4 1674.6 0 0 0 0 0 0 0 0 0
-148.6 -904.5 1811.0 0 0 0 0 0 0 0 0 0
67.5 -919.1 1839.2 0 0 0 0 0 0 0 0 0
-59.0 461.1 1838.5 73 0.9878060818 -0.1348636895 -0.0777880698 0.1398851126 0.9881507754 0.0631677434 0.0683473051 -0.0732788742 0.9949667454
-29.8 247.0 1854.4 0.9878060818 -0.1348636895 -0.0777880698 0.1398851126 0.9881507754 0.0631677434 0.0683473051 -0.0732788742 0.9949667454
-42.2 52.7 1865.1 0.9948964715 0.0642854646 -0.0777711645 -0.0594728515 0.9962593317 0.0626924410 0.0815104619 -0.0577472113 0.9949981570
-170.5 255.5 1843.0 0.1932843775 -0.7047403455 -0.6826288700 0.9771736264 0.0757528692 0.1984772384 -0.0881638229 -0.7054094672 0.7032955289
-223.4 -12.0 1867.1 -0.0901777372 -0.7181047797 -0.6900677085 0.9364976287 0.1746258438 -0.3041018844 0.3388806880 -0.6736700535 0.6567561030
110.9 238.5 1865.8 0.3950287402 0.7119933367 0.5805323124 -0.2680983245 0.6937665939 -0.6684393883 -0.8786783218 0.1084130183 0.4649419487
202.4 176.4 1662.5 -0.7004340291 0.7119933367 0.0495747328 0.7126010656 0.6937665939 0.1043438986 0.0398988649 0.1084130183 -0.9933049083
-142.7 -137.1 1876.5 0.9445093274 0.0401529372 -0.3260213435 -0.0964255631 0.9826672077 -0.1583266407 0.3140132129 0.1809777766 0.9320100546
-158.4 -521.6 1805.7 0.9489311576 -0.0000000010 -0.3154833019 0.0000000009 1.0000000000 -0.0000000005 0.3154833019 0.0000000001 0.9489311576
36.9 -141.8 1875.7 0.8448643088 -0.0637108460 -0.5311734080 0.0117900716 0.9948596954 -0.1005741954 0.5348507166 0.0787089765 0.8412726521
61.8 -530.7 1844.9 0.8449230790 0.0000000000 -0.5348878503 0.0000000000 1.0000000000 0.0000000000 0.5348878503 0.0000000000 0.8449230790
-198.1 -275.1 1771.9 0 0 0 0 0 0 0 0 0
26.5 355.4 1672.5 0 0 0 0 0 0 0 0 0
-158.4 -898.2 1805.7 0 0 0 0 0 0 0 0 0
61.8 -907.3 1844.9 0 0 0 0 0 0 0 0 0
-59.4 460.5 1842.4 74 0.9814900160 -0.1539604217 -0.1139012352 0.1594646275 0.9863581061 0.0408497266 0.1060581654 -0.0582568161 0.9926518798
-25.2 241.7 1855.3 0.9814900160 -0.1539604217 -0.1139012352 0.1594646275 0.9863581061 0.0408497266 0.1060581654 -0.0582568161 0.9926518798
-46.3 47.9 1865.0 0.9875224829 0.1081800610 -0.1144396365 -0.1013252884 0.9927845001 0.0641254187 0.1205509901 -0.0517296605 0.9913583994
-165.2 256.1 1838.3 0.2190756649 -0.6834805608 -0.6963190436 0.9674888849 0.0597341917 0.2457582057 -0.1263768971 -0.7275205851 0.6743461490
-223.7 -2.0 1872.0 -0.0273384899 -0.6956804991 -0.7178309560 0.9496282339 0.2061885446 -0.2359925359 0.3121839166 -0.6881242394 0.6550009251
114.8 227.3 1872.4 0.3686127067 0.7170937061 0.5915245414 -0.2215071172 0.6857610345 -0.6933010817 -0.9028063416 0.1245326996 0.4116216004
200.4 175.8 1662.6 -0.6945371032 0.7170937061 0.0582654811 0.7180213928 0.6857610345 0.1190675646 0.0454263985 0.1245326996 -0.9911750555
-155.5 -137.3 1867.8 0.9270833135 0.0725059062 -0.3677763045 -0.1281954050 0.9832838774 -0.1293012500 0.3522534072 0.1670202613 0.9208809733
-183.7 -519.7 1802.8 0.9348751903 0.0238003712 -0.3541778326 -0.0223346110 0.9997166991 0.0082262466 0.3542732894 0.0002199109 0.9351419210
34.2 -146.3 1882.4 0.8214321733 -0.0819682106 -0.5643849969 0.0000360317 0.9896248579 -0.1436752975 0.5703062415 0.1179991737 0.8129126430
66.3 -533.2 1836.2 0.8214321733 0.0000000000 -0.5703062415 0.0000000000 1.0000000000 0.0000000000 0.5703062415 0.0000000000 0.8214321733
-216.0 -268.6 1784.4 0 0 0 0 0 0 0 0 0
26.1 356.0 1674.0 0 0 0 0 0 0 0 0 0
-192.7 -896.1 1802.8 0 0 0 0 0 0 0 0 0
66.3 -909.9 1836.2 0 0 0 0 0 0 0 0 0
-60.0 460.7 1844.3 75 0.9769988060 -0.1658464372 -0.1340458393 0.1701858640 0.9851772189 0.0215095039 0.1284916401 -0.0438274667 0.9907416701
-21.7 233.4 1854.5 0.9769988060 -0.1658464372 -0.1340458393 0.1701858640 0.9851772189 0.0215095039 0.1284916401 -0.0438274667 0.9907416701
-51.0 40.4 1863.3 0.9794513583 0.1503666788 -0.1344055831 -0.1423627436 0.9875202775 0.0673539639 0.1428560317 -0.0468355864 0.9886347055
-160.7 253.6 1834.2 0.2524294853 -0.6690279841 -0.6990571618 0.9575281739 0.0686699748 0.2800432146 -0.1393525004 -0.7400580645 0.6579474807
-226.8 3.2 1870.6 0.0366585590 -0.6722299457 -0.7394343019 0.9594469070 0.2306221873 -0.1620958149 0.2794955969 -0.7035057545 0.6534231901
117.4 213.1 1874.7 0.3472422063 0.7261573672 0.5933955908 -0.1686061472 0.6708015800 -0.7222169042 -0.9224938154 0.1507340521 0.3553652167
196.8 174.5 1663.7 -0.6829122901 0.7261573672 0.0795380250 0.7290968299 0.6708015800 0.1358053386 0.0452618152 0.1507340521 -0.9875376225
-161.9 -137.4 1863.4 0.9187582135 0.0092219235 -0.3947128952 -0.0656039417 0.9893953204 -0.1295879483 0.3893320560 0.1449547261 0.9096201062
-165.5 -522.7 1807.0 0.9207829237 0.0118993428 -0.3898938000 -0.0110003613 0.9999291897 0.0045385561 0.3899202049 0.0001099477 0.9208486676
21.2 -154.8 1885.1 0.8013200760 -0.1325997263 -0.5833553076 0.0335791521 0.9835581779 -0.1774422973 0.5972926617 0.1225994974 0.7925975323
73.1 -539.2 1837.2 0.8017722368 0.0000000000 -0.5976296663 0.0000000000 1.0000000000 0.0000000000 0.5976296663 0.0000000000 0.8017722368
-237.0 -265.9 1792.2 0 0 0 0 0 0 0 0 0
25.2 357.7 1675.1 0 0 0 0 0 0 0 0 0
-170.0 -899.3 1807.0 0 0 0 0 0 0 0 0 0
73.1 -915.9 1837.2 0 0 0 0 0 0 0 0 0
-60.1 457.4 1840.8 76 0.9743441343 -0.1792436987 -0.1361074001 0.1847150624 0.9823761582 0.0285899043 0.1285841018 -0.0529974923 0.9902814627
-18.7 230.6 1853.0 0.9743441343 -0.1792436987 -0.1361074001 0.1847150624 0.9823761582 0.0285899043 0.1285841018 -0.0529974923 0.9902814627
-51.7 38.2 1863.7 0.9761784673 0.1687515676 -0.1363762915 -0.1590862125 0.9840999842 0.0789864212 0.1475369781 -0.0554092526 0.9875032306
-157.5 253.3 1832.0 0.2749393880 -0.6640557647 -0.6952972412 0.9503721595 0.0781850889 0.3011309206 -0.1456058472 -0.7435839176 0.6525962949
-228.6 7.7 1869.7 0.0614221580 -0.6631988883 -0.7459185719 0.9600625634 0.2436334193 -0.1375596523 0.2729600966 -0.7076792717 0.6516768932
120.2 208.0 1874.0 0.3339624405 0.7500271201 0.5709014535 -0.1566512734 0.6414162517 -0.7510296702 -0.9294780493 0.1613832712 0.3317016363
195.2 172.8 1665.1 -0.6535760760 0.7500271201 0.1014772654 0.7561818957 0.6414162517 0.1295151412 0.0320507027 0.1613832712 -0.9863712192
-171.5 -140.0 1859.1 0.9151656628 -0.0508218892 -0.3998611271 -0.0004420310 0.9918923378 -0.1270800531 0.4030776620 0.1164760590 0.9077233672
-151.7 -526.5 1813.7 0.9151473045 0.0059491443 -0.4030756354 -0.0054665976 0.9999822974 0.0023476912 0.4030824602 0.0000549690 0.9151636362
7.7 -165.2 1884.8 0.7922334075 -0.1815099716 -0.5825979114 0.0747371092 0.9764108658 -0.2025738060 0.6056240797 0.1169440597 0.7871108651
78.7 -546.8 1839.1 0.7944552898 0.0000000000 -0.6073226333 0.0000000000 1.0000000000 0.0000000000 0.6073226333 0.0000000000 0.7944552898
-245.8 -262.1 1793.0 0 0 0 0 0 0 0 0 0
30.5 363.4 1673.2 0 0 0 0 0 0 0 0 0
-153.9 -903.1 1813.7 0 0 0 0 0 0 0 0 0
78.7 -923.5 1839.1 0 0 0 0 0 0 0 0 0
-59.5 458.9 1842.5 77 0.9913113713 -0.1060509160 -0.0778135136 0.1096712202 0.9930016398 0.0438175425 0.0726220608 -0.0519707315 0.9960045815
-36.8 246.0 1853.7 0.9913113713 -0.1060509160 -0.0778135136 0.1096712202 0.9930016398 0.0438175425 0.0726220608 -0.0519707315 0.9960045815
-51.5 51.9 1863.4 0.9941204190 0.0750535950 -0.0780486241 -0.0705535263 0.9957674146 0.0589020588 0.0821390897 -0.0530491322 0.9952080250
-177.5 255.9 1842.0 0.2055240124 -0.7056571245 -0.6780914068 0.9730790854 0.0735103786 0.2184336782 -0.1042925268 -0.7047299147 0.7017683387
-229.7 8.6 1868.5 0.0685236976 -0.7040457129 -0.7068409920 0.9612367153 0.2362618893 -0.1421418488 0.2670739293 -0.6697013974 0.6929441094
103.8 236.1 1865.4 0.4001808465 0.7609069347 0.5107601881 -0.2810701430 0.6323788166 -0.7218701839 -0.8722699285 0.1453191787 0.4669341147
195.5 171.7 1665.7 -0.6414979696 0.7609069347 0.0974729806 0.7668070793 0.6323788166 0.1100178063 0.0220734589 0.1453191787 -0.9891385436
-174.2 -140.1 1861.0 0.9412693977 -0.0725148544 -0.3297779858 0.0279644355 0.9900533557 -0.1378852129 0.3364965320 0.1205650717 0.9339347482
-145.9 -526.8 1813.9 0.9416238070 0.0029744010 -0.3366537094 -0.0028100316 0.9999955893 0.0009754688 0.3366551399 0.0000274829 0.9416280389
8.2 -163.7 1885.7 0.8320046663 -0.1798163801 -0.5248183608 0.0901768208 0.9772670865 -0.1918780208 0.5473905206 0.1123169586 0.8293060660
79.2 -549.6 1841.4 0.8354083300 0.0000000000 -0.5496298075 0.0000000000 1.0000000000 0.0000000000 0.5496298075 0.0000000000 0.8354083300
-249.0 -261.9 1793.3 0 0 0 0 0 0 0 0 0
33.5 365.3 1671.2 0 0 0 0 0 0 0 0 0
-147.0 -903.5 1813.9 0 0 0 0 0 0 0 0 0
79.2 -926.3 1841.4 0 0 0 0 0 0 0 0 0
-59.1 460.4 1839.4 78 0.9787722826 -0.1564999670 -0.1323352307 0.1638092548 0.9854090214 0.0462119617 0.1231721565 -0.0669087172 0.9901272058
-24.4 241.7 1854.3 0.9787722826 -0.1564999670 -0.1323352307 0.1638092548 0.9854090214 0.0462119617 0.1231721565 -0.0669087172 0.9901272058
-43.5 47.6 1865.7 0.9862751365 0.0976264402 -0.1331554800 -0.0883658305 0.9933518171 0.0737812370 0.1394732445 -0.0610022061 0.9883450270
-164.2 254.1 1834.4 0.2462503165 -0.6661586165 -0.7039840221 0.9594218135 0.0645959452 0.2744761109 -0.1373701096 -0.7430074215 0.6550338864
-229.9 -2.0 1871.1 0.0597265735 -0.6666616201 -0.7429636717 0.9582390189 0.2468136400 -0.1444335133 0.2796618342 -0.7033102512 0.6535625458
115.4 229.2 1874.1 0.3379599750 0.7562596798 0.5602270365 -0.2314871699 0.6437590718 -0.7293750644 -0.9122481942 0.1168141887 0.3926292062
193.3 175.9 1663.9 -0.6517799497 0.7562596798 0.0570457205 0.7568416595 0.6437590718 0.1129823253 0.0487202741 0.1168141887 -0.9919580817
-156.0 -135.9 1865.6 0.9230644703 -0.0099628568 -0.3845162690 -0.0428436175 0.9907808900 -0.1285210401 0.3822517991 0.1351072639 0.9141277671
-152.1 -522.7 1812.9 0.9239207506 0.0014871528 -0.3825809956 -0.0013792699 0.9999988675 0.0005562614 0.3825814128 0.0000137410 0.9239217639
25.5 -146.0 1879.5 0.8071742654 -0.1086516082 -0.5802280307 0.0392766669 0.9906223416 -0.1308616400 0.5890051723 0.0828387290 0.8038722873
68.1 -534.4 1847.0 0.8077975512 0.0000000000 -0.5894600153 0.0000000000 1.0000000000 0.0000000000 0.5894600153 0.0000000000 0.8077975512
-246.7 -271.7 1792.3 0 0 0 0 0 0 0 0 0
29.2 366.4 1676.2 0 0 0 0 0 0 0 0 0
-152.7 -899.3 1812.9 0 0 0 0 0 0 0 0 0
68.1 -911.0 1847.0 0 0 0 0 0 0 0 0 0
-58.8 458.9 1837.3 79 0.9729759097 -0.1702267081 -0.1560153812 0.1789651215 0.9828851223 0.0436844528 0.1459089369 -0.0704252273 0.9867881536
-20.8 239.4 1853.1 0.9729759097 -0.1702267081 -0.1560153812 0.1789651215 0.9828851223 0.0436844528 0.1459089369 -0.0704252273 0.9867881536
-44.6 45.8 1865.6 0.9800832868 0.1215736717 -0.1570240706 -0.1093003005 0.9904025197 0.0845951140 0.1658015698 -0.0657474846 0.9839649796
-160.0 254.9 1829.5 0.2428770363 -0.6537024379 -0.7167174220 0.9571672082 0.0414502397 0.2865533829 -0.1576125175 -0.7556156516 0.6357698441
-224.5 0.6 1871.3 0.0779751539 -0.6519119740 -0.7542749643 0.9613092542 0.2496674955 -0.1164071411 0.2642051578 -0.7160146236 0.6461568475
118.4 223.9 1876.7 0.3160412908 0.7510399818 0.5797041059 -0.1917334944 0.6489741206 -0.7362546325 -0.9291695952 0.1215381548 0.3491021395
191.3 179.8 1662.6 -0.6581940055 0.7510399818 0.0521494634 0.7504389286 0.6489741206 0.1251958609 0.0601834431 0.1215381548 -0.9907605052
-151.7 -138.5 1864.6 0.9116406441 -0.0095356498 -0.4108776152 -0.0435243547 0.9918689132 -0.1195895895 0.4086771011 0.1269059181 0.9038130045
-147.9 -526.4 1815.0 0.9125103951 0.0007435639 -0.4090528786 -0.0006813203 0.9999997020 0.0002978877 0.4090529978 0.0000068704 0.9125106335
27.2 -153.0 1889.3 0.7949186563 -0.1052975282 -0.5975087881 -0.0006550677 0.9846749306 -0.1743983775 0.6067156792 0.1390239447 0.7826675177
68.4 -538.3 1834.9 0.7949188352 0.0000000000 -0.6067157984 0.0000000000 1.0000000000 0.0000000000 0.6067157984 0.0000000000 0.7949188352
-246.5 -270.0 1796.9 0 0 0 0 0 0 0 0 0
26.4 367.7 1677.7 0 0 0 0 0 0 0 0 0
-148.2 -903.0 1815.0 0 0 0 0 0 0 0 0 0
68.4 -915.0 1834.9 0 0 0 0 0 0 0 0 0
-58.8 459.4 1836.8 80 0.9704093337 -0.1781316400 -0.1630179733 0.1869292408 0.9815506935 0.0401957892 0.1528502554 -0.0694791973 0.9858039618
-18.4 236.7 1852.6 0.9704093337 -0.1781316400 -0.1630179733 0.1869292408 0.9815506935 0.0401957892 0.1528502554 -0.0694791973 0.9858039618
-46.6 43.5 1865.0 0.9759071469 0.1440868378 -0.1638419181 -0.1310461909 0.9874762893 0.0878493711 0.1744479388 -0.0642619729 0.9825671911
-157.2 255.3 1827.7 0.2629243433 -0.6488884091 -0.7140130401 0.9500828981 0.0452919230 0.3086925745 -0.1679679900 -0.7595344186 0.6284061074
-226.3 5.6 1871.9 0.0809740350 -0.6461619735 -0.7588925362 0.9617606401 0.2505268753 -0.1106919572 0.2616479099 -0.7209098339 0.6417393684
120.4 218.1 1877.4 0.3035911322 0.7428668141 0.5966417193 -0.1574888378 0.6567074060 -0.7375178933 -0.9396966100 0.1299394965 0.3163637817
190.1 181.9 1661.6 -0.6674715877 0.7428668141 0.0512894839 0.7414677739 0.6567074060 0.1376987398 0.0686096400 0.1299394965 -0.9891453385
-156.9 -138.1 1863.2 0.9063888788 -0.0303987134 -0.4213491678 -0.0225067586 0.9925161004 -0.1200218052 0.4218443632 0.1182696298 0.8989213705
-145.0 -526.4 1817.0 0.9066199064 0.0003717787 -0.4219480753 -0.0003385115 0.9999999404 0.0001537569 0.4219481051 0.0000034352 0.9066199660
20.5 -157.1 1893.0 0.7862800956 -0.1266929209 -0.6047416925 0.0096006868 0.9811389446 -0.1930651367 0.6177956462 0.1459973305 0.7726663947
70.1 -541.1 1835.8 0.7863163352 0.0000000000 -0.6178240776 0.0000000000 1.0000000000 0.0000000000 0.6178240776 0.0000000000 0.7863163352
-249.1 -265.3 1798.2 0 0 0 0 0 0 0 0 0
23.3 367.3 1678.8 0 0 0 0 0 0 0 0 0
-145.2 -903.1 1817.0 0 0 0 0 0 0 0 0 0
70.1 -917.8 1835.8 0 0 0 0 0 0 0 0 0
-58.8 459.5 1836.0 81 0.9600279927 -0.2221888304 -0.1702303588 0.2315646559 0.9721117020 0.0371038094 0.1572388709 -0.0750400349 0.9847055078
-7.6 235.3 1853.4 0.9600279927 -0.2221888304 -0.1702303588 0.2315646559 0.9721117020 0.0371038094 0.1572388709 -0.0750400349 0.9847055078
-47.0 44.2 1864.9 0.9644245505 0.2017401904 -0.1708394736 -0.1876390874 0.9776155949 0.0951806605 0.1862170994 -0.0597384088 0.9806908369
-144.6 261.9 1826.8 0.3071850836 -0.6372526288 -0.7067859769 0.9383907318 0.0792890564 0.3363571167 -0.1583040506 -0.7665652633 0.6223483682
-228.1 7.0 1869.8 0.0808131322 -0.6327465773 -0.7701305151 0.9634923935 0.2474580109 -0.1022104397 0.2552482784 -0.7337549329 0.6296443939
129.5 208.6 1879.9 0.2653929591 0.7388165593 0.6194486618 -0.1210366338 0.6629358530 -0.7388275862 -0.9565128088 0.1211036444 0.2653623819
190.0 181.0 1661.9 -0.6721532941 0.7388165593 0.0485799424 0.7378526926 0.6629358530 0.1268442869 0.0615092814 0.1211036444 -0.9907323122
-163.0 -137.9 1861.6 0.8975098133 -0.0449357741 -0.4386991560 -0.0059785368 0.9934637547 -0.1139912307 0.4409539998 0.1049310267 0.8913748264
-145.4 -526.8 1820.6 0.8975260258 0.0001858885 -0.4409614503 -0.0001675972 1.0000000000 0.0000804281 0.4409614503 0.0000017176 0.8975260258
13.5 -161.2 1893.0 0.7701640725 -0.1515511274 -0.6195801497 0.0290655792 0.9786930084 -0.2032614648 0.6371832490 0.1385362297 0.7581591010
72.8 -544.3 1838.8 0.7704896331 0.0000000000 -0.6374525428 0.0000000000 1.0000000000 0.0000000000 0.6374525428 0.0000000000 0.7704896331
-250.8 -264.4 1797.9 0 0 0 0 0 0 0 0 0
21.4 366.1 1677.3 0 0 0 0 0 0 0 0 0
-145.5 -903.4 1820.6 0 0 0 0 0 0 0 0 0
72.8 -921.0 1838.8 0 0 0 0 0 0 0 0 0
-59.3 459.4 1836.7 82 0.9556087255 -0.2399946451 -0.1709227413 0.2490348816 0.9679235220 0.0332514532 0.1574599743 -0.0743411034 0.9847232103
-4.0 236.3 1853.8 0.9556087255 -0.2399946451 -0.1709227413 0.2490348816 0.9679235220 0.0332514532 0.1574599743 -0.0743411034 0.9847232103
-48.1 46.0 1864.6 0.9590635896 0.2254359424 -0.1713933498 -0.2114789188 0.9726583958 0.0959806070 0.1883446574 -0.0558054261 0.9805161953
-140.4 266.4 1827.0 0.3332807124 -0.6355002522 -0.6964649558 0.9278414249 0.0898891911 0.3619809747 -0.1674343348 -0.7668502927 0.6196017861
-227.8 23.1 1870.9 0.0796988979 -0.6307439804 -0.7718873620 0.9656106830 0.2410954535 -0.0973087475 0.2474754453 -0.7375872731 0.6282681823
132.5 206.2 1880.6 0.2709447742 0.7286900878 0.6289671659 -0.1264979094 0.6746951342 -0.7271758318 -0.9542469382 0.1174614578 0.2749828994
194.2 177.4 1663.3 -0.6816301942 0.7286900878 0.0662649870 0.7311191559 0.6746951342 0.1012482271 0.0290699136 0.1174614578 -0.9926518798
-173.4 -129.9 1859.6 0.8931347728 -0.0769470483 -0.4431585371 0.0247129854 0.9921649098 -0.1224666461 0.4491097927 0.0984274447 0.8880385160
-143.3 -518.2 1821.1 0.8934071660 0.0000929441 -0.4492478967 -0.0000834227 1.0000000000 0.0000409877 0.4492478967 0.0000008588 0.8934071660
0.7 -163.6 1893.2 0.7597489357 -0.2009072155 -0.6183993816 0.0616866313 0.9690482020 -0.2390403748 0.6472837925 0.1434637010 0.7486266494
79.2 -542.6 1837.1 0.7611985803 0.0000000000 -0.6485188603 0.0000000000 1.0000000000 0.0000000000 0.6485188603 0.0000000000 0.7611985803
-250.3 -249.0 1801.2 0 0 0 0 0 0 0 0 0
22.7 361.3 1670.6 0 0 0 0 0 0 0 0 0
-143.3 -894.9 1821.1 0 0 0 0 0 0 0 0 0
79.2 -919.2 1837.1 0 0 0 0 0 0 0 0 0
-59.2 456.8 1838.0 83 0.9546799064 -0.2485127598 -0.1637916863 0.2568873465 0.9659193754 0.0317592472 0.1503169835 -0.0723959282 0.9859836102
-2.6 236.8 1854.5 0.9546799064 -0.2485127598 -0.1637916863 0.2568873465 0.9659193754 0.0317592472 0.1503169835 -0.0723959282 0.9859836102
-47.0 46.4 1863.8 0.9600151777 0.2265825719 -0.1644116342 -0.2147791982 0.9728186727 0.0865660384 0.1795570701 -0.0477925129 0.9825859666
-139.3 267.4 1828.9 0.3494027555 -0.6363165379 -0.6877638102 0.9235827327 0.1102448478 0.3672070801 -0.1578375101 -0.7635099292 0.6262108088
-227.0 35.6 1868.5 0.0965093896 -0.6290276647 -0.7713689804 0.9663888812 0.2447499037 -0.0786768347 0.2382823974 -0.7378493547 0.6315060258
134.1 206.2 1880.0 0.2806302309 0.7227031589 0.6316223741 -0.1395774484 0.6817987561 -0.7181007266 -0.9496129751 0.1133605316 0.2922064066
197.6 174.7 1665.1 -0.6871414781 0.7227031589 0.0744092986 0.7264303565 0.6817987561 0.0863102674 0.0116445413 0.1133605316 -0.9934856892
-178.8 -125.1 1858.5 0.8950968981 -0.0902189389 -0.4366486371 0.0331118554 0.9900608063 -0.1366863698 0.4446404278 0.1078892946 0.8891876936
-143.4 -512.7 1816.2 0.8955877423 0.0000464720 -0.4448849857 -0.0000418108 1.0000000000 0.0000202901 0.4448849857 0.0000004294 0.8955877423
-5.6 -163.2 1892.5 0.7583773732 -0.2221645862 -0.6127859950 0.0815237239 0.9650685191 -0.2489911765 0.6466975212 0.1388726681 0.7499977946
81.4 -540.8 1838.1 0.7609100938 0.0000000000 -0.6488572955 0.0000000000 1.0000000000 0.0000000000 0.6488572955 0.0000000000 0.7609100938
-254.2 -236.6 1801.4 0 0 0 0 0 0 0 0 0
24.1 358.1 1668.1 0 0 0 0 0 0 0 0 0
-143.5 -889.4 1816.2 0 0 0 0 0 0 0 0 0
81.4 -917.5 1838.1 0 0 0 0 0 0 0 0 0
-59.4 455.9 1836.6 84 0.9645447731 -0.2169218957 -0.1503271163 0.2245209217 0.9738274217 0.0353628658 0.1387216747 -0.0678606480 0.9880036712
-9.6 232.6 1852.2 0.9645447731 -0.2169218957 -0.1503271163 0.2245209217 0.9738274217 0.0353628658 0.1387216747 -0.0678606480 0.9880036712
-50.5 41.5 1863.4 0.9663185477 0.2087122798 -0.1505576819 -0.1968223602 0.9762874246 0.0901321173 0.1657992452 -0.0574632175 0.9844838977
-147.2 260.6 1828.6 0.3262269199 -0.6501455903 -0.6862118244 0.9306585193 0.0936627463 0.3536975384 -0.1656824201 -0.7540145516 0.6356188655
-226.0 35.8 1868.6 0.1305266470 -0.6378365755 -0.7590305209 0.9700575471 0.2403206825 -0.0351329185 0.2048197985 -0.7317175269 0.6501064301
128.0 204.5 1875.8 0.3218340874 0.7109431624 0.6252860427 -0.1306474507 0.6874522567 -0.7143813372 -0.9377387762 0.1482202411 0.3141284883
200.2 175.2 1665.4 -0.6955872774 0.7109431624 0.1035284922 0.7184287310 0.6874522567 0.1061583459 0.0043016570 0.1482202411 -0.9889450073
-178.1 -124.6 1856.9 0.9033785462 -0.0860732794 -0.4201173782 0.0292300843 0.9897310138 -0.1399217695 0.4278467000 0.1141222566 0.8966177106
-144.4 -512.2 1812.2 0.9037646055 0.0000232360 -0.4280298650 -0.0000210918 1.0000000000 0.0000097517 0.4280298650 0.0000002147 0.9037646055
-4.6 -163.3 1889.3 0.7685711384 -0.2182606161 -0.6013823152 0.0915793106 0.9678588510 -0.2342274636 0.6331757903 0.1249462962 0.7638565302
80.8 -542.2 1840.4 0.7718144655 0.0000000000 -0.6358478069 0.0000000000 1.0000000000 0.0000000000 0.6358478069 0.0000000000 0.7718144655
-262.8 -237.2 1811.0 0 0 0 0 0 0 0 0 0
25.2 356.0 1666.5 0 0 0 0 0 0 0 0 0
-144.4 -888.8 1812.2 0 0 0 0 0 0 0 0 0
80.8 -918.9 1840.4 0 0 0 0 0 0 0 0 0
-58.4 456.9 1835.9 85 0.9666883349 -0.2249276042 -0.1221525893 0.2292848527 0.9730949998 0.0226853322 0.1137635112 -0.0499373823 0.9922520518
-5.1 226.6 1847.8 0.9666883349 -0.2249276042 -0.1221525893 0.2292848527 0.9730949998 0.0226853322 0.1137635112 -0.0499373823 0.9922520518
-54.4 37.8 1861.6 0.9601343274 0.2519802451 -0.1210291460 -0.2403032184 0.9651986957 0.1031787843 0.1428161860 -0.0699817985 0.9872720242
-141.8 260.8 1827.4 0.3399425447 -0.6661898494 -0.6637998223 0.9259659648 0.1137150675 0.3600775898 -0.1643959731 -0.7370617390 0.6555257440
-227.6 27.0 1868.9 0.1363479048 -0.6541728973 -0.7439536452 0.9705204964 0.2388626188 -0.0321646631 0.1987439692 -0.7176367044 0.6674566269
131.5 192.4 1868.1 0.3207055032 0.6987944245 0.6394014955 -0.0648787543 0.6896800399 -0.7212018967 -0.9449543357 0.1898098439 0.2665210962
200.8 178.3 1664.0 -0.7065960765 0.6987944245 0.1113926992 0.7068462968 0.6896800399 0.1571935415 0.0330206491 0.1898098439 -0.9812654257
-178.6 -131.9 1859.6 0.9122366905 -0.0851444304 -0.4007175863 0.0251216386 0.9879486561 -0.1527296156 0.4088924825 0.1292588711 0.9033820033
-145.3 -518.8 1809.0 0.9125246406 0.0000116180 -0.4090216756 -0.0000106456 1.0000000000 0.0000046541 0.4090216756 0.0000001073 0.9125246406
-4.0 -167.4 1889.6 0.7799555063 -0.2199515700 -0.5859101415 0.0995381698 0.9678863883 -0.2308422029 0.6178685427 0.1217262298 0.7768018842
82.1 -546.4 1841.9 0.7838483453 0.0000000000 -0.6209523678 0.0000000000 1.0000000000 0.0000000000 0.6209523678 0.0000000000 0.7838483453
-266.0 -246.3 1812.9 0 0 0 0 0 0 0 0 0
23.8 355.3 1672.3 0 0 0 0 0 0 0 0 0
-145.3 -895.4 1809.0 0 0 0 0 0 0 0 0 0
82.1 -923.1 1841.9 0 0 0 0 0 0 0 0 0
-57.9 457.4 1835.6 86 0.9660239220 -0.2404326797 -0.0948152766 0.2439182252 0.9694228172 0.0268934499 0.0854500309 -0.0491068885 0.9951315522
-1.4 229.6 1847.1 0.9660239220 -0.2404326797 -0.0948152766 0.2439182252 0.9694228172 0.0268934499 0.0854500309 -0.0491068885 0.9951315522
-51.5 41.1 1863.2 0.9621025324 0.2559158504 -0.0941581875 -0.2455603480 0.9632435441 0.1089129224 0.1185698137 -0.0816638842 0.9895818233
-138.4 264.6 1830.2 0.3598277569 -0.6750008464 -0.6441256404 0.9196023345 0.1399229765 0.3670872748 -0.1576562375 -0.7244276404 0.6710805297
-229.2 32.5 1870.0 0.1110925898 -0.6667962074 -0.7369133234 0.9653952718 0.2484506369 -0.0792734995 0.2359458506 -0.7026059031 0.6713229418
135.5 194.6 1864.1 0.3043656945 0.6969088912 0.6493685842 -0.0615233853 0.6946712732 -0.7166914940 -0.9505663514 0.1781849414 0.2543102801
199.9 181.6 1662.9 -0.7107306123 0.6969088912 0.0958123133 0.7021979094 0.6946712732 0.1560446918 0.0421908647 0.1781849414 -0.9830920696
-190.3 -129.3 1862.4 0.9189720750 -0.1205856428 -0.3754323423 0.0610079654 0.9841093421 -0.1667539775 0.3895745873 0.1303378791 0.9117256403
-143.1 -514.5 1811.4 0.9206870198 0.0000058090 -0.3903017342 -0.0000053692 1.0000000000 0.0000022178 0.3903017342 0.0000000537 0.9206870198
-17.0 -172.7 1888.3 0.7834237814 -0.2754197717 -0.5571275949 0.1501967311 0.9537739158 -0.2603003383 0.6030656695 0.1202467307 0.7885763049
90.7 -545.6 1841.2 0.7924127579 0.0000000000 -0.6099852324 0.0000000000 1.0000000000 0.0000000000 0.6099852324 0.0000000000 0.7924127579
-260.5 -239.1 1803.7 0 0 0 0 0 0 0 0 0
21.7 357.7 1673.5 0 0 0 0 0 0 0 0 0
-143.1 -891.1 1811.4 0 0 0 0 0 0 0 0 0
90.7 -922.3 1841.2 0 0 0 0 0 0 0 0 0
-55.9 455.5 1831.4 87 0.9708655477 -0.2292270809 -0.0698214546 0.2325587273 0.9715887308 0.0439520404 0.0577627383 -0.0589091107 0.9965907931
-2.3 228.4 1845.2 0.9708655477 -0.2292270809 -0.0698214546 0.2325587273 0.9715887308 0.0439520404 0.0577627383 -0.0589091107 0.9965907931
-51.8 39.7 1861.5 0.9649558663 0.2531561852 -0.0690806583 -0.2454261184 0.9638346434 0.1038690284 0.0928774178 -0.0832748339 0.9921890497
-139.7 263.4 1832.0 0.3543895185 -0.6911594868 -0.6298465133 0.9225603342 0.1484995782 0.3561324775 -0.1526124179 -0.7072809935 0.6902630329
-226.0 38.7 1869.2 0.1269967556 -0.6818908453 -0.7203448415 0.9671887159 0.2462328970 -0.0625729859 0.2200405449 -0.6887628436 0.6907878518
135.1 193.5 1858.5 0.3130098879 0.6884883642 0.6542236209 -0.0519121699 0.7002104521 -0.7120466232 -0.9483301044 0.1889154613 0.2549137175
199.9 182.7 1662.3 -0.7192765474 0.6884883642 0.0928709656 0.6926040053 0.7002104521 0.1732194126 0.0542303249 0.1889154613 -0.9804947972
-188.4 -125.2 1868.5 0.9292211533 -0.1154975891 -0.3510104120 0.0538802557 0.9820951819 -0.1805158854 0.3655747771 0.1488266587 0.9188066721
-143.2 -509.7 1810.2 0.9305729270 0.0000029045 -0.3661066294 -0.0000027127 1.0000000000 0.0000010384 0.3661066294 0.0000000268 0.9305729270
-14.7 -169.6 1890.0 0.8005783558 -0.2580665648 -0.5408104062 0.1398543268 0.9580559134 -0.2501391768 0.5826792121 0.1246213242 0.8030905724
86.3 -544.5 1841.2 0.8085244894 0.0000000000 -0.5884625316 0.0000000000 1.0000000000 0.0000000000 0.5884625316 0.0000000000 0.8085244894
-261.8 -233.6 1807.2 0 0 0 0 0 0 0 0 0
19.4 356.5 1675.9 0 0 0 0 0 0 0 0 0
-143.2 -886.4 1810.2 0 0 0 0 0 0 0 0 0
86.3 -921.2 1841.2 0 0 0 0 0 0 0 0 0
-57.7 460.8 1834.4 88 0.9692603350 -0.2391223609 -0.0579212569 0.2412405014 0.9699125290 0.0327528045 0.0483466238 -0.0457189493 0.9977837205
-0.6 229.2 1845.3 0.9692603350 -0.2391223609 -0.0579212569 0.2412405014 0.9699125290 0.0327528045 0.0483466238 -0.0457189493 0.9977837205
-50.7 40.6 1861.4 0.9650111198 0.2558632195 -0.0573371537 -0.2494282722 0.9631953835 0.1002005786 0.0808645263 -0.0823931620 0.9933137894
-138.1 264.8 1833.8 0.3594495356 -0.6953052878 -0.6223717332 0.9221436977 0.1624649316 0.3510785997 -0.1429932415 -0.7001112103 0.6995693445
-227.3 35.8 1869.3 0.1289216280 -0.6873093843 -0.7148321867 0.9693858624 0.2392545938 -0.0552117415 0.2089744359 -0.6858302355 0.6971130371
136.9 193.7 1856.8 0.3117236197 0.6859012246 0.6575468779 -0.0602425747 0.7049033642 -0.7067404985 -0.9482611418 0.1806953847 0.2610554695
200.6 181.4 1663.0 -0.7220417261 0.6859012246 0.0905276164 0.6901482940 0.7049033642 0.1637272388 0.0484874882 0.1806953847 -0.9823431969
-188.5 -126.8 1869.5 0.9333752990 -0.1152056754 -0.3399091065 0.0503487773 0.9797461033 -0.1938106567 0.3553526998 0.1637840718 0.9202712774
