39.3 472.4 2301.7 2 0.9849158525 -0.1726785749 -0.0110859778 0.1730098128 0.9816817045 0.0798035115 -0.0028974558 -0.0805177316 0.9967489839
73.1 280.8 2317.4 0.9849158525 -0.1726785749 -0.0110859778 0.1730098128 0.9816817045 0.0798035115 -0.0028974558 -0.0805177316 0.9967489839
84.4 82.6 2317.4 0.9983650446 -0.0571326204 -0.0017544016 0.0571316518 0.9983664751 -0.0005971378 0.0017856519 0.0004959297 0.9999982715
-67.3 272.8 2317.3 0.2286881208 -0.8849547505 -0.4056560695 0.7826322317 0.4149454534 -0.4640119374 0.5789546967 -0.2113654912 0.7874872088
-116.9 103.1 2191.7 -0.4487360716 -0.8849547505 0.1244629696 -0.8811719418 0.4149454534 -0.2266191840 0.1489023715 -0.2113654912 -0.9659982920
213.4 288.8 2317.6 0.2279973775 0.5250569582 0.8199587464 -0.9724884629 0.1641322374 0.1653083712 -0.0477853529 -0.8350902796 0.5480335355
271.7 40.2 2305.4 -0.0646656826 0.5270623565 0.8473627567 -0.9625726938 0.1910141110 -0.1922692060 -0.2631961107 -0.8280814290 0.4949837625
8.4 -127.0 2319.8 0.9922549129 0.1212772876 -0.0268704910 -0.1198000684 0.9914836884 0.0510690175 0.0328351669 -0.0474543944 0.9983335733
-39.9 -521.2 2338.7 0.9997171760 0.0095387017 -0.0217843372 -0.0074865515 0.9956924915 0.0924140736 0.0225720108 -0.0922248438 0.9954823256
190.8 -108.0 2322.0 0.9509852529 0.0430337414 0.3062273562 -0.0123906415 0.9947771430 -0.1013157964 -0.3089879751 0.0925554708 0.9465516210
173.7 -503.5 2285.2 0.9525945783 -0.0437916815 0.3010745645 -0.0395134985 0.9633979201 0.2651474774 -0.3016658425 -0.2644745409 0.9159972072
-0.2 332.2 2153.0 0 0 0 0 0 0 0 0 0
253.9 -224.5 2233.0 0 0 0 0 0 0 0 0 0
-42.6 -803.5 2364.8 0 0 0 0 0 0 0 0 0
190.5 -871.8 2386.3 0 0 0 0 0 0 0 0 0
39.2 471.9 2297.8 3 0.9887228012 -0.1425170898 -0.0460017100 0.1456229091 0.9866243601 0.0732549801 0.0349463224 -0.0791277736 0.9962517619
67.4 276.6 2313.4 0.9887228012 -0.1425170898 -0.0460017100 0.1456229091 0.9866243601 0.0732549801 0.0349463224 -0.0791277736 0.9962517619
83.5 78.7 2318.4 0.9958834052 -0.0812710896 -0.0401400141 0.0821715221 0.9963902831 0.0213137753 0.0382629260 -0.0245244019 0.9989666939
-72.5 265.0 2308.1 0.2286524922 -0.8787479997 -0.4189510643 0.7837222219 0.4214468002 -0.4562478065 0.5774924159 -0.2240190506 0.7850592136
-119.3 104.6 2190.0 -0.4601633847 -0.8787479997 0.1266948730 -0.8726946115 0.4214468002 -0.2465496212 0.1632598490 -0.2240190506 -0.9608130455
207.4 288.2 2318.7 0.2421455234 0.5451865196 0.8025816083 -0.9683144689 0.1878816187 0.1645222008 -0.0610950403 -0.8169897199 0.5734066963
271.4 32.3 2302.6 -0.0594433919 0.5452317595 0.8361750841 -0.9632073045 0.1886127889 -0.1914598942 -0.2621033490 -0.8167909980 0.5139594674
4.2 -120.9 2317.2 0.9912122488 0.1132261232 -0.0683970749 -0.1096649915 0.9925135970 0.0537623279 0.0739723295 -0.0457891114 0.9962085485
-40.8 -515.5 2335.4 0.9980469942 0.0060377587 -0.0621750429 0.0006727849 0.9942213297 0.1073475629 0.0624638908 -0.1071797386 0.9922755361
187.2 -110.4 2317.5 0.9618476033 0.0330367573 0.2715838552 -0.0086244214 0.9958504438 -0.0905955434 -0.2734498978 0.0847968534 0.9581412673
174.1 -506.3 2283.8 0.9638280869 -0.0338053182 0.2643721700 -0.0450203493 0.9570200443 0.2865061164 -0.2626948953 -0.2880447805 0.9208808541
0.1 331.1 2147.6 0 0 0 0 0 0 0 0 0
255.0 -232.6 2230.5 0 0 0 0 0 0 0 0 0
-42.6 -803.2 2366.5 0 0 0 0 0 0 0 0 0
187.0 -872.1 2393.9 0 0 0 0 0 0 0 0 0
40.8 469.6 2298.3 4 0.9899871349 -0.1291352510 -0.0570048578 0.1322238743 0.9897365570 0.0542070158 0.0494197570 -0.0612016506 0.9969012141
66.5 273.0 2310.4 0.9899871349 -0.1291352510 -0.0570048578 0.1322238743 0.9897365570 0.0542070158 0.0494197570 -0.0612016506 0.9969012141
85.2 75.3 2316.9 0.9940513968 -0.0945905522 -0.0539860986 0.0961691216 0.9949870706 0.0274268817 0.0511211455 -0.0324555263 0.9981649518
-73.3 259.4 2303.3 0.2226209790 -0.8916788697 -0.3941429853 0.7839314938 0.4040712416 -0.4713574052 0.5795612931 -0.2040470541 0.7889699340
-117.6 103.4 2187.9 -0.4432007670 -0.8916788697 0.0920970589 -0.8710128069 0.4040712416 -0.2793978453 0.2119193971 -0.2040470541 -0.9557483792
206.2 286.5 2317.6 0.2498229295 0.5549931526 0.7934551835 -0.9670428634 0.1846078485 0.1753512919 -0.0491592847 -0.8111119270 0.5828214288
271.7 33.3 2304.7 -0.0586257912 0.5556707382 0.8293328881 -0.9604381919 0.1951709688 -0.1986623853 -0.2722525895 -0.8081697226 0.5222453475
8.3 -126.7 2319.9 0.9887227416 0.1242998764 -0.0835280046 -0.1202716157 0.9913959503 0.0516607352 0.0892307460 -0.0410320945 0.9951654077
-41.1 -520.8 2336.2 0.9970611930 0.0043023066 -0.0764883459 0.0038948569 0.9942839146 0.1066976190 0.0765101761 -0.1066819653 0.9913451076
190.8 -111.5 2326.9 0.9650062919 0.0433284342 0.2586222887 -0.0130923791 0.9929856062 -0.1175083593 -0.2618996799 0.1100103259 0.9588046074
173.5 -506.2 2283.1 0.9664600492 -0.0358539373 0.2543019056 -0.0409468450 0.9560270309 0.2904061079 -0.2535316944 -0.2910787463 0.9224938154
-2.4 329.8 2132.8 0 0 0 0 0 0 0 0 0
255.5 -230.8 2229.8 0 0 0 0 0 0 0 0 0
-42.4 -803.9 2366.6 0 0 0 0 0 0 0 0 0
187.2 -871.6 2394.4 0 0 0 0 0 0 0 0 0
42.9 468.4 2297.5 5 0.9913508296 -0.1179527119 -0.0575381741 0.1207894906 0.9914879799 0.0485950187 0.0513164923 -0.0551247224 0.9971598983
66.5 270.5 2308.5 0.9913508296 -0.1179527119 -0.0575381741 0.1207894906 0.9914879799 0.0485950187 0.0513164923 -0.0551247224 0.9971598983
86.0 72.9 2316.1 0.9935836196 -0.0983875543 -0.0557810254 0.1002938077 0.9944280386 0.0324651375 0.0522760525 -0.0378513187 0.9979150891
-73.3 256.4 2301.2 0.2292292714 -0.8892821670 -0.3957666159 0.7763852477 0.4122819006 -0.4767070115 0.5870944262 -0.1979921609 0.7849326134
-118.7 102.6 2184.9 -0.4514001012 -0.8892821670 0.0735881403 -0.8608436584 0.4122819006 -0.2982814610 0.2349173129 -0.1979921609 -0.9516369700
206.2 284.7 2315.9 0.2497909367 0.5552450418 0.7932890058 -0.9670878649 0.1840328723 0.1757070124 -0.0484308004 -0.8110702038 0.5829405189
271.6 31.7 2303.2 -0.0630646497 0.5559136868 0.8288442492 -0.9598113894 0.1937838495 -0.2030022740 -0.2734683752 -0.8083364367 0.5213513970
12.8 -131.2 2318.8 0.9869466424 0.1363891661 -0.0856403857 -0.1320186108 0.9897311926 0.0548022836 0.0922354013 -0.0427808091 0.9948177934
-41.4 -524.7 2335.8 0.9969100952 0.0030802125 -0.0784908235 0.0052564275 0.9943752289 0.1057839990 0.0783751681 -0.1058697104 0.9912865162
195.1 -113.5 2328.1 0.9648740292 0.0541326590 0.2570753098 -0.0238524582 0.9925503135 -0.1194777116 -0.2616278231 0.1091490686 0.9589772224
173.5 -508.1 2284.7 0.9654812813 -0.0351579785 0.2580887377 -0.0377191342 0.9615330100 0.2720873058 -0.2577268779 -0.2724300921 0.9270160198
-1.5 326.2 2123.9 0 0 0 0 0 0 0 0 0
254.2 -232.3 2228.0 0 0 0 0 0 0 0 0 0
-42.3 -804.6 2365.6 0 0 0 0 0 0 0 0 0
187.0 -875.6 2388.9 0 0 0 0 0 0 0 0 0
41.7 469.4 2297.7 6 0.9933575988 -0.1113474965 -0.0290239714 0.1126659885 0.9924417138 0.0486396998 0.0233886912 -0.0515866317 0.9983946085
63.9 271.2 2308.0 0.9933575988 -0.1113474965 -0.0290239714 0.1126659885 0.9924417138 0.0486396998 0.0233886912 -0.0515866317 0.9983946085
83.8 73.6 2316.0 0.9946128726 -0.0998361483 -0.0278912745 0.1008574143 0.9941754937 0.0379843377 0.0239366125 -0.0405927524 0.9988890290
-76.0 257.0 2304.6 0.2155388445 -0.8859521747 -0.4106479585 0.7775542736 0.4101107717 -0.4766744375 0.5907219052 -0.2165592164 0.7772706747
-118.9 102.2 2187.0 -0.4540637136 -0.8859521747 0.0944186524 -0.8620910048 0.4101107717 -0.2976713181 0.2250004411 -0.2165592164 -0.9499878287
203.8 285.4 2311.3 0.2546964884 0.5331296921 0.8067852259 -0.9661120772 0.1764497906 0.1883955151 -0.0419178344 -0.8274286389 0.5600042343
271.2 29.7 2300.2 -0.0683505610 0.5341719985 0.8426081538 -0.9614067078 0.1903473437 -0.1986580640 -0.2665058076 -0.8236675262 0.5005462170
14.4 -133.9 2318.9 0.9889230132 0.1362777352 -0.0588188022 -0.1332206577 0.9896622896 0.0531116761 0.0654486865 -0.0446874797 0.9968547821
-39.8 -527.4 2336.6 0.9986752272 0.0092949532 -0.0506106429 -0.0035794664 0.9937163591 0.1118702069 0.0513324514 -0.1115408465 0.9924331903
196.6 -115.5 2328.4 0.9571614265 0.0584172718 0.2836008072 -0.0256602727 0.9926967621 -0.1178755984 -0.2884155810 0.1055487022 0.9516700506
173.4 -510.2 2286.5 0.9579465389 -0.0363902524 0.2846297920 -0.0425475352 0.9629475474 0.2663114369 -0.2837747037 -0.2672224045 0.9209039807
-1.1 325.9 2128.6 0 0 0 0 0 0 0 0 0
252.4 -234.7 2226.9 0 0 0 0 0 0 0 0 0
-42.4 -806.2 2367.9 0 0 0 0 0 0 0 0 0
187.3 -878.3 2388.6 0 0 0 0 0 0 0 0 0
42.6 466.9 2298.7 7 0.9806475043 -0.1951605231 -0.0155835757 0.1957549453 0.9787186384 0.0615614988 0.0032375611 -0.0634206906 0.9979816079
81.5 271.6 2311.4 0.9806475043 -0.1951605231 -0.0155835757 0.1957549453 0.9787186384 0.0615614988 0.0032375611 -0.0634206906 0.9979816079
86.6 73.6 2316.9 0.9995932579 -0.0259921551 -0.0117338048 0.0263026152 0.9992858171 0.0271288902 0.0110202860 -0.0274264868 0.9995630980
-58.7 267.9 2309.9 0.2839017510 -0.8875757456 -0.3627796173 0.7777767181 0.4344394207 -0.4542309642 0.5607701540 -0.1532045752 0.8136738539
-119.4 101.7 2190.0 -0.4575675428 -0.8875757456 0.0533029921 -0.8699118495 0.4344394207 -0.2334861308 0.1840797067 -0.1532045752 -0.9708980322
221.7 275.3 2312.8 0.1949015856 0.5336492062 0.8229410052 -0.9796116352 0.1475948989 0.1362964958 -0.0487273894 -0.8327270150 0.5515354276
270.9 28.4 2300.6 -0.0701996982 0.5375632048 0.8402962685 -0.9597892165 0.1931271106 -0.2037316561 -0.2718026340 -0.8208091855 0.5023899078
12.4 -133.3 2321.9 0.9903933406 0.1316916049 -0.0421704426 -0.1300057322 0.9906855226 0.0405058973 0.0471119322 -0.0346343741 0.9982889891
-40.0 -527.2 2335.7 0.9994820356 0.0055942396 -0.0316910185 -0.0018089782 0.9929841161 0.1182338148 0.0321301073 -0.1181152463 0.9924799204
194.8 -114.8 2326.3 0.9556041360 0.0505167134 0.2902909219 -0.0186720472 0.9935957193 -0.1114402935 -0.2940614223 0.1010724753 0.9504274130
174.7 -509.8 2286.1 0.9573931694 -0.0287800804 0.2873500586 -0.0551903769 0.9584477544 0.2798784673 -0.2834649384 -0.2838126719 0.9160228968
-0.7 327.5 2142.2 0 0 0 0 0 0 0 0 0
251.6 -235.6 2225.8 0 0 0 0 0 0 0 0 0
-41.5 -806.8 2369.0 0 0 0 0 0 0 0 0 0
185.7 -876.1 2394.6 0 0 0 0 0 0 0 0 0
44.4 470.2 2296.2 8 0.9903749228 -0.1382398009 -0.0068770652 0.1383837014 0.9879763722 0.0689392835 -0.0027357745 -0.0692274123 0.9975971580
72.0 273.1 2310.1 0.9903749228 -0.1382398009 -0.0068770652 0.1383837014 0.9879763722 0.0689392835 -0.0027357745 -0.0692274123 0.9975971580
81.4 75.0 2317.6 0.9988518357 -0.0477425642 -0.0039602290 0.0478583239 0.9981390238 0.0377902351 0.0021486564 -0.0379363783 0.9992778301
-68.4 266.4 2309.8 0.2555982769 -0.8788337708 -0.4028904736 0.7884363532 0.4306564629 -0.4392073452 0.5594975948 -0.2053928673 0.8029795885
-121.7 101.9 2193.1 -0.4650728405 -0.8788337708 0.1065760776 -0.8693501353 0.4306564629 -0.2424156517 0.1671453714 -0.2053928673 -0.9643008709
212.3 279.8 2310.3 0.1967800260 0.5235169530 0.8289798498 -0.9791033864 0.1491886824 0.1382002085 -0.0513242520 -0.8388520479 0.5419346094
266.1 12.2 2296.3 -0.0559576601 0.5281763673 0.8472889066 -0.9579223990 0.2108770013 -0.1947191209 -0.2815197706 -0.8225330710 0.4941518009
0.3 -126.9 2321.5 0.9947615862 0.0957242623 -0.0358648822 -0.0943148583 0.9947733879 0.0391232371 0.0394224748 -0.0355357006 0.9985905290
-37.7 -522.2 2335.6 0.9994517565 0.0159278028 -0.0290250126 -0.0126693472 0.9939414263 0.1091783047 0.0305881333 -0.1087507233 0.9935983419
183.2 -122.1 2323.4 0.9536280632 0.0162864458 0.3005466461 0.0130366897 0.9953629375 -0.0953032672 -0.3007051349 0.0948019996 0.9489936829
176.7 -517.6 2285.8 0.9583392143 -0.0219117608 0.2847908139 -0.0625911579 0.9567101598 0.2842323482 -0.2786903083 -0.2902164161 0.9154813886
-1.6 326.4 2149.9 0 0 0 0 0 0 0 0 0
250.7 -251.3 2218.9 0 0 0 0 0 0 0 0 0
-42.2 -802.3 2366.3 0 0 0 0 0 0 0 0 0
185.1 -883.3 2396.7 0 0 0 0 0 0 0 0 0
42.8 475.4 2302.5 9 0.9920871854 -0.1151014268 0.0501460657 0.1127408296 0.9924831390 0.0476106517 -0.0552491806 -0.0415804088 0.9976064563
65.8 277.3 2310.8 0.9920871854 -0.1151014268 0.0501460657 0.1127408296 0.9924831390 0.0476106517 -0.0552491806 -0.0415804088 0.9976064563
78.3 79.2 2316.5 0.9966591597 -0.0633637309 0.0515319593 0.0617591776 0.9975729585 0.0321566314 -0.0534444526 -0.0288666319 0.9981535077
-74.1 268.6 2318.3 0.2231768966 -0.8716014624 -0.4364664853 0.7812643647 0.4277092814 -0.4546325803 0.5829391479 -0.2395322174 0.7764059901
-121.5 102.7 2194.6 -0.4689163566 -0.8716014624 0.1429278105 -0.8698901534 0.4277092814 -0.2456743568 0.1529985666 -0.2395322174 -0.9587574005
205.7 286.0 2303.3 0.2093071640 0.4805390537 0.8516294360 -0.9774207473 0.1286136657 0.1676518768 -0.0289679114 -0.8674910665 0.4966086149
263.9 14.0 2295.2 -0.0564480871 0.4879430830 0.8710483313 -0.9580570459 0.2190423012 -0.1847895831 -0.2809632123 -0.8449449539 0.4551127851
-0.6 -127.5 2325.0 0.9951065183 0.0968992710 0.0193271916 -0.0974462181 0.9947971702 0.0297117904 -0.0163475852 -0.0314497575 0.9993716478
-39.1 -522.9 2337.5 0.9995763898 0.0134712812 0.0257987846 -0.0159038249 0.9952027202 0.0965329111 -0.0243745986 -0.0969023183 0.9949954152
182.4 -118.7 2325.4 0.9349396229 0.0138808032 0.3545353115 0.0213987753 0.9952094555 -0.0953949317 -0.3541610539 0.0967751220 0.9301636815
176.9 -514.3 2286.9 0.9416341782 -0.0173870083 0.3361886442 -0.0771070793 0.9609755874 0.2656697333 -0.3276882768 -0.2760862410 0.9035468102
0.3 328.6 2154.9 0 0 0 0 0 0 0 0 0
248.4 -249.5 2218.0 0 0 0 0 0 0 0 0 0
-42.9 -801.1 2364.6 0 0 0 0 0 0 0 0 0
183.5 -881.6 2392.4 0 0 0 0 0 0 0 0 0
43.4 476.7 2305.1 0 0.9941654205 -0.1045469344 0.0265530162 0.1037221774 0.9941310287 0.0307441317 -0.0296113826 -0.0278106164 0.9991745353
64.2 278.3 2310.7 0.9941654205 -0.1045469344 0.0265530162 0.1037221774 0.9941310287 0.0307441317 -0.0296113826 -0.0278106164 0.9991745353
79.1 80.2 2314.6 0.9968320727 -0.0746829212 0.0273556020 0.0740973949 0.9970120788 0.0218278598 -0.0289040338 -0.0197317302 0.9993874431
-75.8 267.9 2314.8 0.2110426128 -0.8667393923 -0.4519113004 0.7848033309 0.4258533120 -0.4502584636 0.5827046633 -0.2596378028 0.7700931430
-120.4 102.3 2191.8 -0.4732524753 -0.8667393923 0.1574639827 -0.8665398955 0.4258533120 -0.2603028417 0.1585581750 -0.2596378028 -0.9526004195
204.3 288.7 2306.6 0.2291657627 0.4971563518 0.8368504047 -0.9724930525 0.1537840813 0.1749504805 -0.0417165384 -0.8539239168 0.5187231302
266.7 23.8 2295.3 -0.0621076822 0.5012933016 0.8630455732 -0.9600170851 0.2064882368 -0.1890231669 -0.2729648054 -0.8402783275 0.4684256315
-0.3 -124.6 2327.1 0.9956057668 0.0935358405 -0.0044990815 -0.0934106857 0.9953677654 0.0227488074 0.0066060694 -0.0222285818 0.9997310638
-37.5 -520.3 2335.9 0.9998058677 0.0194888171 0.0029041166 -0.0196827874 0.9946601987 0.1013097018 -0.0009142029 -0.1013471931 0.9948506951
182.1 -113.3 2317.2 0.9427046180 0.0095015224 0.3334932327 0.0192219056 0.9963871241 -0.0827236399 -0.3330743611 0.0843943283 0.9391161203
178.3 -509.4 2283.7 0.9487562776 -0.0083548678 0.3158983588 -0.0813482255 0.9595035911 0.2696948647 -0.3053588867 -0.2815724611 0.9096553922
2.1 326.6 2150.8 0 0 0 0 0 0 0 0 0
249.7 -240.2 2220.2 0 0 0 0 0 0 0 0 0
-43.0 -801.4 2364.5 0 0 0 0 0 0 0 0 0
181.5 -876.2 2391.3 0 0 0 0 0 0 0 0 0
43.7 475.5 2307.5 1 0.9937649965 -0.1015983671 0.0459223427 0.1005328000 0.9946208000 0.0249524564 -0.0482104458 -0.0201801769 0.9986333251
63.9 276.9 2311.5 0.9937649965 -0.1015983671 0.0459223427 0.1005328000 0.9946208000 0.0249524564 -0.0482104458 -0.0201801769 0.9986333251
80.3 78.9 2314.9 0.9955299497 -0.0823414698 0.0462604761 0.0814282969 0.9964517355 0.0212923065 -0.0478495732 -0.0174302161 0.9987024665
-76.0 265.4 2318.2 0.2041705847 -0.8754003048 -0.4381650984 0.7679460049 0.4208084941 -0.4828862548 0.6071023941 -0.2378959805 0.7581768632
-119.3 102.7 2189.6 -0.4666740596 -0.8754003048 0.1260539740 -0.8640198112 0.4208084941 -0.2763874531 0.1889050752 -0.2378959805 -0.9527435899
203.9 288.4 2304.8 0.2401843071 0.4829468429 0.8420652151 -0.9703213573 0.1445278227 0.1938765645 -0.0280697737 -0.8636400104 0.5033269525
268.4 27.9 2297.2 -0.0618635789 0.4881213009 0.8705805540 -0.9602922201 0.2086429000 -0.1852214187 -0.2720509768 -0.8474702239 0.4558317065
2.6 -124.7 2321.2 0.9946062565 0.1025097594 0.0158141311 -0.1030320078 0.9939972758 0.0367936082 -0.0119474996 -0.0382245146 0.9991977215
-38.1 -519.8 2336.4 0.9995837808 0.0177060496 0.0227755103 -0.0199953187 0.9943167567 0.1045673192 -0.0207945984 -0.1049792022 0.9942569733
185.2 -111.1 2315.9 0.9358240366 0.0195887219 0.3519227505 0.0104404232 0.9964757562 -0.0832287371 -0.3523128331 0.0815616697 0.9323214889
177.4 -507.2 2283.5 0.9410343766 -0.0126034589 0.3380761445 -0.0791102871 0.9634026289 0.2561189532 -0.3289314508 -0.2677620351 0.9055979252
1.2 325.7 2140.9 0 0 0 0 0 0 0 0 0
251.4 -236.2 2222.4 0 0 0 0 0 0 0 0 0
-43.2 -800.9 2366.1 0 0 0 0 0 0 0 0 0
182.3 -875.5 2385.8 0 0 0 0 0 0 0 0 0
45.5 474.9 2309.1 2 0.9942350388 -0.0942156836 0.0511865579 0.0931174979 0.9953792691 0.0234368723 -0.0531581603 -0.0185353961 0.9984140396
64.3 276.2 2312.8 0.9942350388 -0.0942156836 0.0511865579 0.0931174979 0.9953792691 0.0234368723 -0.0531581603 -0.0185353961 0.9984140396
80.4 78.1 2315.7 0.9953695536 -0.0810935125 0.0516066290 0.0802262574 0.9966019392 0.0186637379 -0.0529447757 -0.0144371092 0.9984930754
-75.7 264.9 2320.3 0.1979539841 -0.8786202073 -0.4345581234 0.7566385269 0.4188041985 -0.5020967722 0.6231471300 -0.2294113934 0.7477018833
-118.3 102.4 2186.4 -0.4611236751 -0.8786202073 0.1240625083 -0.8689380884 0.4188041985 -0.2637226284 0.1797541231 -0.2294113934 -0.9565870762
204.3 287.5 2305.4 0.2425062060 0.4781555533 0.8441315293 -0.9696412086 0.1476335973 0.1949366778 -0.0314121135 -0.8657780290 0.4994413853
269.1 28.2 2297.0 -0.0623864420 0.4831662178 0.8733031154 -0.9601477385 0.2097986341 -0.1846641898 -0.2724412978 -0.8500205278 0.4508223534
5.4 -126.6 2322.8 0.9938784838 0.1085962579 0.0203066878 -0.1091066375 0.9936903119 0.0259859581 -0.0173565820 -0.0280424803 0.9994560480
-37.8 -521.7 2333.9 0.9992578626 0.0248477887 0.0294322707 -0.0279471911 0.9935317039 0.1100623310 -0.0265070871 -0.1108032018 0.9934887886
187.9 -111.7 2314.0 0.9336673617 0.0301528089 0.3568698764 -0.0007511200 0.9966121912 -0.0822410733 -0.3581406772 0.0765177459 0.9305269122
175.9 -507.9 2283.6 0.9379387498 -0.0228572488 0.3460468352 -0.0723001659 0.9630128145 0.2595745623 -0.3391807079 -0.2684842944 0.9015945196
0.4 326.0 2140.2 0 0 0 0 0 0 0 0 0
252.0 -235.8 2222.0 0 0 0 0 0 0 0 0 0
-44.7 -800.3 2365.0 0 0 0 0 0 0 0 0 0
184.7 -876.0 2386.2 0 0 0 0 0 0 0 0 0
45.5 472.1 2302.0 3 0.9923372865 -0.1205096394 0.0272790026 0.1188189313 0.9912864566 0.0568613820 -0.0338936523 -0.0531844087 0.9980093241
69.7 273.7 2312.6 0.9923372865 -0.1205096394 0.0272790026 0.1188189313 0.9912864566 0.0568613820 -0.0338936523 -0.0531844087 0.9980093241
86.2 75.7 2316.7 0.9960379601 -0.0834465623 0.0307414457 0.0827551112 0.9963017106 0.0231192932 -0.0325569808 -0.0204836819 0.9992599487
-70.5 262.1 2317.2 0.2364157885 -0.8859273791 -0.3990492523 0.7557845116 0.4257752597 -0.4974988997 0.6106532216 -0.1839786619 0.7702301741
-120.5 102.2 2188.0 -0.4537938535 -0.8859273791 0.0959367156 -0.8777095675 0.4257752597 -0.2198665291 0.1539382786 -0.1839786619 -0.9708011150
209.8 285.4 2308.0 0.2246521711 0.4947062433 0.8395220041 -0.9736190438 0.1492923796 0.1725621969 -0.0399666429 -0.8561410904 0.5151942968
269.4 26.9 2297.4 -0.0613021441 0.4997137487 0.8640186191 -0.9585993886 0.2116976976 -0.1904501170 -0.2780812979 -0.8399227858 0.4660477936
5.2 -127.4 2323.4 0.9939349294 0.1099651381 -0.0010271859 -0.1099000871 0.9935931563 0.0263564978 0.0039189006 -0.0260837562 0.9996520877
-38.5 -522.4 2333.8 0.9996748567 0.0241109580 0.0082968250 -0.0248805471 0.9935673475 0.1104756296 -0.0055797813 -0.1106461361 0.9938442111
187.8 -112.6 2313.7 0.9407584071 0.0289134718 0.3378426731 -0.0057842014 0.9975812435 -0.0692689344 -0.3390283287 0.0632111803 0.9386501908
176.3 -509.2 2288.6 0.9435933232 -0.0247536972 0.3301801682 -0.0596925728 0.9681446552 0.2431722879 -0.3256815672 -0.2491650432 0.9120571613
-3.9 327.7 2148.5 0 0 0 0 0 0 0 0 0
252.6 -236.8 2220.9 0 0 0 0 0 0 0 0 0
-45.3 -801.8 2364.9 0 0 0 0 0 0 0 0 0
185.8 -879.3 2383.8 0 0 0 0 0 0 0 0 0
44.1 472.1 2305.4 4 0.9933887124 -0.1084486619 0.0376523323 0.1069708988 0.9934863448 0.0392692946 -0.0416657813 -0.0349819735 0.9985190034
65.8 273.6 2312.4 0.9933887124 -0.1084486619 0.0376523323 0.1069708988 0.9934863448 0.0392692946 -0.0416657813 -0.0349819735 0.9985190034
83.1 75.6 2315.8 0.9954113364 -0.0871708468 0.0394655839 0.0864003748 0.9960427880 0.0208277777 -0.0411249846 -0.0173223652 0.9990038276
-74.3 261.5 2318.1 0.2188461870 -0.8873984814 -0.4057465792 0.7581665516 0.4164075553 -0.5017850399 0.6142392159 -0.1978097260 0.7639250159
-120.6 100.9 2188.0 -0.4457201958 -0.8873984814 0.1177176163 -0.8845496178 0.4164075553 -0.2101826668 0.1374972761 -0.1978097260 -0.9705492258
205.8 285.8 2306.6 0.2394033968 0.4864515066 0.8402683735 -0.9701746106 0.1537628323 0.1873984039 -0.0380418114 -0.8600708842 0.5087542534
270.7 22.9 2296.3 -0.0686697587 0.4912069440 0.8683318496 -0.9584213495 0.2091604769 -0.1941143125 -0.2769710124 -0.8455575705 0.4564202428
11.5 -130.0 2323.7 0.9917246103 0.1281592399 0.0075852815 -0.1283023208 0.9914669394 0.0230603069 -0.0045651649 -0.0238426831 0.9997053146
-39.5 -524.1 2333.2 0.9996079206 0.0205229204 0.0190465953 -0.0225284453 0.9934673309 0.1118709445 -0.0166262519 -0.1122561768 0.9935401678
194.2 -114.8 2317.8 0.9371538758 0.0459006242 0.3458840549 -0.0180990845 0.9963697791 -0.0831850097 -0.3484466672 0.0716969669 0.9345825315
175.9 -510.9 2289.3 0.9391130209 -0.0290116463 0.3423814476 -0.0575906262 0.9690442085 0.2400763184 -0.3387477696 -0.2451767623 0.9083712697
-6.0 328.3 2152.7 0 0 0 0 0 0 0 0 0
251.8 -240.7 2220.1 0 0 0 0 0 0 0 0 0
-45.2 -801.6 2364.6 0 0 0 0 0 0 0 0 0
187.0 -881.3 2383.0 0 0 0 0 0 0 0 0 0
43.2 473.8 2307.1 5 0.9940804243 -0.1069115624 0.0193394199 0.1063739881 0.9939603806 0.0269688573 -0.0221059006 -0.0247520022 0.9994491935
64.6 275.3 2312.0 0.9940804243 -0.1069115624 0.0193394199 0.1063739881 0.9939603806 0.0269688573 -0.0221059006 -0.0247520022 0.9994491935
83.2 77.4 2315.0 0.9953982830 -0.0936379954 0.0203512311 0.0933008194 0.9954940081 0.0169316754 -0.0218449757 -0.0149549739 0.9996495247
-75.5 262.2 2315.1 0.2190525830 -0.8871458173 -0.4061875343 0.7719573975 0.4121818841 -0.4839295745 0.5967392325 -0.2075534612 0.7751282454
-121.4 100.3 2190.0 -0.4432965815 -0.8871458173 0.1282984316 -0.8861573935 0.4121818841 -0.2117337584 0.1349564195 -0.2075534612 -0.9688696265
204.6 288.4 2308.9 0.2447055131 0.5018766522 0.8296017647 -0.9688725471 0.1596475840 0.1892053038 -0.0374861918 -0.8500779271 0.5253211260
270.9 26.2 2298.8 -0.0762086585 0.5059624910 0.8591822982 -0.9571489692 0.2043260634 -0.2052234560 -0.2793886960 -0.8380052447 0.4687100947
9.1 -130.3 2323.0 0.9925953150 0.1210276634 -0.0103346864 -0.1206872389 0.9922701716 0.0288879965 0.0137510467 -0.0274268240 0.9995292425
-39.0 -524.8 2333.9 0.9998694062 0.0161585789 -0.0003512832 -0.0160211269 0.9937631488 0.1103544757 0.0021322637 -0.1103344336 0.9938922524
191.7 -114.4 2315.5 0.9438917637 0.0291662365 0.3289645910 -0.0046337969 0.9971641898 -0.0751136243 -0.3302225173 0.0693747774 0.9413502216
180.1 -510.8 2287.9 0.9469997883 -0.0064899111 0.3211686909 -0.0767441913 0.9662742019 0.2458140105 -0.3119323254 -0.2574336529 0.9145633578
-7.2 328.7 2155.2 0 0 0 0 0 0 0 0 0
249.9 -237.1 2222.0 0 0 0 0 0 0 0 0 0
-43.5 -801.0 2364.6 0 0 0 0 0 0 0 0 0
182.6 -880.1 2386.3 0 0 0 0 0 0 0 0 0
43.9 473.2 2309.4 6 0.9942455888 -0.1019318104 0.0329492055 0.1013925299 0.9946899414 0.0176475924 -0.0345730968 -0.0142052379 0.9993011951
64.2 274.7 2312.3 0.9942455888 -0.1019318104 0.0329492055 0.1013925299 0.9946899414 0.0176475924 -0.0345730968 -0.0142052379 0.9993011951
82.7 76.7 2314.0 0.9951253533 -0.0927507430 0.0335081741 0.0923978910 0.9956506491 0.0119329700 -0.0344692282 -0.0087787164 0.9993671775
-75.8 261.7 2317.1 0.2111666650 -0.8892887831 -0.4056773782 0.7635633945 0.4091906548 -0.4995337129 0.6102291346 -0.2042755187 0.7654357553
-120.6 99.8 2187.7 -0.4387892187 -0.8892887831 0.1289554387 -0.8893095255 0.4091906548 -0.2041850835 0.1288121343 -0.2042755187 -0.9704014659
204.2 287.7 2307.4 0.2508138120 0.4943746626 0.8322776556 -0.9677346945 0.1494763047 0.2028456926 -0.0241240300 -0.8563004732 0.5159142613
271.0 30.1 2301.0 -0.0749257058 0.5001574755 0.8626868725 -0.9557663202 0.2107346952 -0.2051868439 -0.2844237983 -0.8399008512 0.4622442126
10.5 -129.1 2320.0 0.9926199317 0.1211932972 0.0042199879 -0.1212667152 0.9919947982 0.0352235809 0.0000826562 -0.0354753733 0.9993705750
-37.7 -523.5 2334.1 0.9997106791 0.0193203595 0.0143271834 -0.0208771955 0.9927999377 0.1179509014 -0.0119451731 -0.1182158887 0.9929160476
193.1 -111.9 2316.0 0.9392057061 0.0376793593 0.3412813246 -0.0114246961 0.9968395233 -0.0786158890 -0.3431648910 0.0699374527 0.9366677999
178.1 -508.2 2288.2 0.9419751167 -0.0220136102 0.3349601030 -0.0663751066 0.9659315348 0.2501412630 -0.3290550411 -0.2578598559 0.9084222913
-7.7 328.6 2154.6 0 0 0 0 0 0 0 0 0
250.4 -232.8 2222.8 0 0 0 0 0 0 0 0 0
-43.1 -801.9 2367.2 0 0 0 0 0 0 0 0 0
186.5 -877.4 2386.7 0 0 0 0 0 0 0 0 0
43.3 473.6 2309.6 7 0.9942417145 -0.1005264372 0.0371188372 0.0998634994 0.9948137999 0.0193063468 -0.0388671309 -0.0154883582 0.9991243482
63.4 274.8 2312.7 0.9942417145 -0.1005264372 0.0371188372 0.0998634994 0.9948137999 0.0193063468 -0.0388671309 -0.0154883582 0.9991243482
82.0 76.9 2314.6 0.9949026704 -0.0935187116 0.0377219208 0.0930841491 0.9955717921 0.0131203402 -0.0387818776 -0.0095421486 0.9992021322
-76.6 261.7 2318.2 0.2166734338 -0.8930755854 -0.3942950368 0.7717776895 0.4040369689 -0.4910328686 0.5978392363 -0.1979143471 0.7767999172
-123.0 96.5 2190.1 -0.4402894378 -0.8930755854 0.0925265476 -0.8753480911 0.4040369689 -0.2655557692 0.1997772306 -0.1979143471 -0.9596452117
203.4 287.9 2307.2 0.2553593814 0.4910802543 0.8328455687 -0.9666468501 0.1471677423 0.2096080780 -0.0196336135 -0.8585929275 0.5122818351
271.3 30.9 2302.0 -0.0709494278 0.4972435832 0.8647051454 -0.9556983113 0.2143825293 -0.2016948760 -0.2856691480 -0.8407074213 0.4600045383
9.8 -129.7 2318.9 0.9922773838 0.1237878576 0.0078877266 -0.1239791214 0.9917658567 0.0320889615 -0.0038505539 -0.0328190625 0.9994539022
-39.4 -524.0 2332.0 0.9997149110 0.0134606361 0.0197221506 -0.0158600267 0.9917697906 0.1270475835 -0.0178496931 -0.1273241490 0.9917005301
192.4 -112.7 2312.6 0.9375006557 0.0404745601 0.3456216455 -0.0176758915 0.9974694252 -0.0688642561 -0.3475342989 0.0584511161 0.9358437061
176.3 -509.3 2289.4 0.9398955107 -0.0300777107 0.3401349783 -0.0623135008 0.9642774463 0.2574608326 -0.3357283175 -0.2631812692 0.9044457674
-10.5 320.1 2139.1 0 0 0 0 0 0 0 0 0
251.8 -231.9 2223.4 0 0 0 0 0 0 0 0 0
-43.2 -800.8 2367.5 0 0 0 0 0 0 0 0 0
187.8 -877.9 2390.0 0 0 0 0 0 0 0 0 0
44.4 472.6 2310.2 8 0.9947935343 -0.0935086831 0.0405207984 0.0929266214 0.9955440164 0.0160217527 -0.0418384112 -0.0121728759 0.9990502596
63.1 273.9 2312.6 0.9947935343 -0.0935086831 0.0405207984 0.0929266214 0.9955440164 0.0160217527 -0.0418384112 -0.0121728759 0.9990502596
80.7 75.9 2314.3 0.9952335358 -0.0885420740 0.0408722572 0.0881133899 0.9960359931 0.0121769141 -0.0417884067 -0.0085174805 0.9990901947
-77.0 261.5 2318.5 0.2168359458 -0.8955122828 -0.3886386156 0.7716286778 0.4010878205 -0.4936777353 0.5979726911 -0.1928376257 0.7779732347
-124.0 94.2 2188.8 -0.4390983880 -0.8955122828 0.0724597126 -0.8668575883 0.4010878205 -0.2961190045 0.2361154854 -0.1928376257 -0.9523985982
203.2 286.3 2306.7 0.2589842677 0.4881787300 0.8334318399 -0.9656665325 0.1490728259 0.2127567381 -0.0203787182 -0.8599178791 0.5100253820
271.3 32.4 2301.4 -0.0640373230 0.4935519397 0.8673555851 -0.9578602314 0.2134656906 -0.1921878606 -0.2800053656 -0.8431125879 0.4590840042
9.3 -129.6 2320.1 0.9924768806 0.1219549999 0.0107982447 -0.1222189963 0.9920900464 0.0286324881 -0.0072209560 -0.0297368336 0.9995316863
-39.2 -524.0 2331.9 0.9996412396 0.0133847147 0.0232009292 -0.0162878036 0.9914016128 0.1298367232 -0.0212636106 -0.1301680356 0.9912639260
191.8 -112.5 2312.9 0.9366703629 0.0423995927 0.3476361334 -0.0142483069 0.9964359999 -0.0831401274 -0.3499222696 0.0729216710 0.9339362383
175.0 -508.6 2284.0 0.9397337437 -0.0433423333 0.3391487896 -0.0591297783 0.9563844204 0.2860637605 -0.3367553055 -0.2888775766 0.8961839080
-12.4 314.4 2128.9 0 0 0 0 0 0 0 0 0
253.7 -231.1 2224.4 0 0 0 0 0 0 0 0 0
-42.9 -799.8 2368.1 0 0 0 0 0 0 0 0 0
191.5 -874.1 2394.3 0 0 0 0 0 0 0 0 0
43.5 475.9 2309.5 9 0.9946044087 -0.0939335153 0.0440291204 0.0930266157 0.9954156876 0.0222175308 -0.0459142514 -0.0180017725 0.9987831712
62.2 277.0 2313.1 0.9946044087 -0.0939335153 0.0440291204 0.0930266157 0.9954156876 0.0222175308 -0.0459142514 -0.0180017725 0.9987831712
79.7 79.0 2315.4 0.9951184392 -0.0880168676 0.0446360894 0.0874008164 0.9960514903 0.0155741973 -0.0458306335 -0.0115969395 0.9988819361
-77.8 264.7 2319.5 0.2066205740 -0.8915249109 -0.4031020403 0.7636376619 0.4045108557 -0.5032181740 0.6116907001 -0.2038486749 0.7643822432
-122.5 99.4 2187.1 -0.4410441518 -0.8915249109 0.1032636613 -0.8777739406 0.4045108557 -0.2566784322 0.1870639473 -0.2038486749 -0.9609645009
202.3 289.3 2306.6 0.2589950562 0.4848362803 0.8353773355 -0.9657014012 0.1465516090 0.2143442631 -0.0185040142 -0.8622391820 0.5061632395
271.4 31.7 2301.7 -0.0546374284 0.4901203513 0.8699406981 -0.9589616656 0.2170040905 -0.1824875325 -0.2782215476 -0.8442104459 0.4581501186
7.0 -130.2 2319.8 0.9922515750 0.1234308630 0.0141989291 -0.1238003373 0.9918824434 0.0290284492 -0.0105006620 -0.0305613577 0.9994777441
-42.1 -524.6 2332.0 0.9996311665 0.0052512847 0.0266449582 -0.0086601339 0.9915438890 0.1294826716 -0.0257396940 -0.1296656579 0.9912236333
189.6 -114.0 2312.2 0.9358794093 0.0256087538 0.3513885438 -0.0003471352 0.9974214435 -0.0717662647 -0.3523203135 0.0670425892 0.9334750772
179.4 -510.5 2285.5 0.9403611422 -0.0189903397 0.3396473825 -0.0769217238 0.9607095718 0.2666836381 -0.3313668966 -0.2769051790 0.9019531608
-11.2 321.1 2139.9 0 0 0 0 0 0 0 0 0
256.4 -232.1 2225.2 0 0 0 0 0 0 0 0 0
-43.5 -799.4 2367.9 0 0 0 0 0 0 0 0 0
186.7 -877.6 2391.3 0 0 0 0 0 0 0 0 0
42.5 475.7 2308.6 0 0.9952291250 -0.0965592191 0.0139742931 0.0962380916 0.9951136112 0.0220721718 -0.0160372797 -0.0206220094 0.9996587038
61.8 277.1 2312.7 0.9952291250 -0.0965592191 0.0139742931 0.0962380916 0.9951136112 0.0220721718 -0.0160372797 -0.0206220094 0.9996587038
79.6 79.1 2315.5 0.9958691597 -0.0896187127 0.0145992711 0.0893938690 0.9958774447 0.0153886434 -0.0159181952 -0.0140199894 0.9997749925
-78.3 264.5 2315.0 0.2056290209 -0.8879949450 -0.4113169909 0.7692337632 0.4064846933 -0.4930006862 0.6049761772 -0.2150236666 0.7666607499
-121.5 103.0 2187.9 -0.4410328567 -0.8879949450 0.1302113384 -0.8852157593 0.4064846933 -0.2261929959 0.1479293257 -0.2150236666 -0.9653401971
201.9 289.7 2310.5 0.2607711554 0.5062519908 0.8220142126 -0.9649611115 0.1623759717 0.2061167359 -0.0291283485 -0.8469610214 0.5308564305
271.2 33.4 2302.8 -0.0448293835 0.5094986558 0.8593028784 -0.9601219296 0.2156404704 -0.1779468060 -0.2759641409 -0.8330128193 0.4795137942
5.9 -127.0 2321.9 0.9927712083 0.1189891323 -0.0157149341 -0.1184811741 0.9925015569 0.0300482605 0.0191725120 -0.0279691238 0.9994249344
-41.4 -521.6 2333.0 0.9999753833 0.0051548560 -0.0047572614 -0.0045426437 0.9926699996 0.1207709759 0.0053449478 -0.1207463965 0.9926689863
188.5 -111.0 2313.5 0.9458896518 0.0287114847 0.3232157826 -0.0040633343 0.9970477223 -0.0766771212 -0.3244630694 0.0712147579 0.9432137609
177.1 -507.4 2285.2 0.9493659735 -0.0320810378 0.3125301301 -0.0599214435 0.9580220580 0.2803624570 -0.3084051013 -0.2848938406 0.9075912237
-10.0 326.8 2150.5 0 0 0 0 0 0 0 0 0
258.8 -230.6 2226.9 0 0 0 0 0 0 0 0 0
-42.8 -797.2 2366.5 0 0 0 0 0 0 0 0 0
189.4 -873.5 2394.1 0 0 0 0 0 0 0 0 0
41.9 474.4 2308.2 1 0.9952395558 -0.0946868062 0.0230797101 0.0942419544 0.9953552485 0.0196576007 -0.0248338263 -0.0173889454 0.9995403290
60.7 275.9 2311.7 0.9952395558 -0.0946868062 0.0230797101 0.0942419544 0.9953552485 0.0196576007 -0.0248338263 -0.0173889454 0.9995403290
78.4 77.9 2313.8 0.9957470298 -0.0890309066 0.0236916635 0.0887409151 0.9959695935 0.0130246151 -0.0247557703 -0.0108668022 0.9996344447
-79.4 263.5 2315.2 0.1999265999 -0.8867604733 -0.4167556167 0.7653885484 0.4068980217 -0.4986124933 0.6117268801 -0.2192940563 0.7600660324
-120.8 104.7 2188.3 -0.4401125610 -0.8867604733 0.1412686259 -0.8882566094 0.4068980217 -0.2131528854 0.1315336227 -0.2192940563 -0.9667518139
200.8 288.4 2308.2 0.2672172785 0.5014317632 0.8228979707 -0.9634910822 0.1538506001 0.2191230208 -0.0167280994 -0.8514083624 0.5242366195
271.3 34.5 2303.8 -0.0411418974 0.5055038929 0.8618428707 -0.9593874812 0.2209402621 -0.1753883362 -0.2790752649 -0.8340570927 0.4758842289
6.1 -127.1 2319.8 0.9924581647 0.1224945337 -0.0046789194 -0.1221771687 0.9915512800 0.0435750149 0.0099770902 -0.0426747240 0.9990391731
-42.6 -521.3 2336.8 0.9999921322 0.0010856212 0.0038083803 -0.0015056405 0.9936978817 0.1120815724 -0.0036627012 -0.1120864302 0.9936916828
188.8 -110.6 2316.9 0.9428927898 0.0315238051 0.3316012323 -0.0041883918 0.9965550303 -0.0828284100 -0.3330699503 0.0767094344 0.9397765994
176.2 -506.9 2286.4 0.9462679029 -0.0354464538 0.3214352131 -0.0570069328 0.9601241946 0.2737000287 -0.3183194101 -0.2773176134 0.9065140486
-9.3 329.9 2154.9 0 0 0 0 0 0 0 0 0
260.0 -229.3 2227.0 0 0 0 0 0 0 0 0 0
-42.9 -799.6 2368.1 0 0 0 0 0 0 0 0 0
189.8 -873.8 2392.4 0 0 0 0 0 0 0 0 0
41.0 473.0 2308.5 2 0.9951343536 -0.0982679576 0.0071461881 0.0981817544 0.9951014519 0.0115522062 -0.0082463939 -0.0107943714 0.9999077320
60.6 274.5 2310.6 0.9951343536 -0.0982679576 0.0071461881 0.0981817544 0.9951014519 0.0115522062 -0.0082463939 -0.0107943714 0.9999077320
79.0 76.6 2312.0 0.9956431985 -0.0929413363 0.0075151715 0.0928834975 0.9956471324 0.0077105896 -0.0081990911 -0.0069789607 0.9999420047
-79.5 261.4 2311.8 0.1912610829 -0.8964599371 -0.3997233510 0.7614315748 0.3924949765 -0.5159163475 0.6193877459 -0.2056872398 0.7576619387
-118.5 106.2 2185.6 -0.4226024151 -0.8964599371 0.1332919449 -0.8968836069 0.3924949765 -0.2038319707 0.1304107755 -0.2056872398 -0.9698895812
200.7 287.6 2309.5 0.2691349983 0.5131936669 0.8149838448 -0.9627881646 0.1649791747 0.2140578926 -0.0246022157 -0.8422672749 0.5384984612
271.4 34.5 2303.0 -0.0360400751 0.5160883069 0.8557768464 -0.9599927068 0.2200760245 -0.1731489599 -0.2776961029 -0.8277798295 0.4875094593
4.8 -128.2 2318.3 0.9930132627 0.1162799001 -0.0200917348 -0.1152738556 0.9922895432 0.0455341935 0.0252315290 -0.0429000072 0.9987607002
-41.4 -522.7 2335.3 0.9999183416 0.0046611461 -0.0118972575 -0.0032631515 0.9933682680 0.1149298176 0.0123540629 -0.1148816124 0.9933023453
187.5 -111.9 2313.7 0.9478214979 0.0310017150 0.3172905445 -0.0100561250 0.9976726174 -0.0674402416 -0.3186428547 0.0607305989 0.9459273219
175.1 -508.6 2289.6 0.9500251412 -0.0344966948 0.3102614880 -0.0495221280 0.9646360874 0.2588913739 -0.3082203269 -0.2613181472 0.9147202373
-11.3 333.8 2152.5 0 0 0 0 0 0 0 0 0
261.5 -229.5 2226.6 0 0 0 0 0 0 0 0 0
-42.8 -802.4 2367.7 0 0 0 0 0 0 0 0 0
188.3 -877.3 2389.5 0 0 0 0 0 0 0 0 0
41.0 472.2 2309.1 3 0.9946682453 -0.1027818695 0.0084239682 0.1026666611 0.9946292043 0.0131274844 -0.0097279921 -0.0121926311 0.9998783469
61.6 273.7 2311.6 0.9946682453 -0.1027818695 0.0084239682 0.1026666611 0.9946292043 0.0131274844 -0.0097279921 -0.0121926311 0.9998783469
80.9 75.8 2313.0 0.9952133298 -0.0973176137 0.0089250384 0.0972459167 0.9952270389 0.0081446776 -0.0096750604 -0.0072377687 0.9999269843
-78.5 260.0 2312.9 0.1944831908 -0.9024433494 -0.3844116628 0.7468244433 0.3903036416 -0.5384387374 0.6359477043 -0.1823707521 0.7498742342
-118.5 106.5 2182.2 -0.4167503119 -0.9024433494 0.1091567799 -0.8981748819 0.3903036416 -0.2023486793 0.1400039196 -0.1823707521 -0.9732111096
201.6 287.4 2310.2 0.2663115263 0.5124396086 0.8163846135 -0.9635877609 0.1626406908 0.2122418582 -0.0240162257 -0.8431806564 0.5370936394
271.6 34.1 2303.9 -0.0342892557 0.5158236623 0.8560082912 -0.9582448602 0.2263258845 -0.1747667193 -0.2838856280 -0.8262581229 0.4865248501
6.2 -129.9 2314.2 0.9931567311 0.1153114811 -0.0185194351 -0.1142976657 0.9922508001 0.0487276539 0.0239947829 -0.0462774672 0.9986404181
-39.7 -524.4 2332.6 0.9998713136 0.0128868772 -0.0095559089 -0.0115892878 0.9920592308 0.1252365857 0.0110939359 -0.1251097172 0.9920808673
188.9 -112.9 2312.7 0.9471041560 0.0363102183 0.3188657165 -0.0152500477 0.9975484014 -0.0682977736 -0.3205638826 0.0598223843 0.9453359842
174.4 -509.5 2288.9 0.9489224553 -0.0390402265 0.3130846322 -0.0472532474 0.9635375142 0.2633677423 -0.3119507432 -0.2647098303 0.9124776125
-12.3 335.4 2146.5 0 0 0 0 0 0 0 0 0
262.2 -229.4 2225.8 0 0 0 0 0 0 0 0 0
-43.3 -802.4 2367.6 0 0 0 0 0 0 0 0 0
189.3 -877.8 2390.1 0 0 0 0 0 0 0 0 0
40.4 472.8 2309.0 4 0.9942163825 -0.1060875207 0.0167102944 0.1058767959 0.9942938685 0.0130293947 -0.0179971997 -0.0111848051 0.9997754693
61.6 274.3 2311.2 0.9942163825 -0.1060875207 0.0167102944 0.1058767959 0.9942938685 0.0130293947 -0.0179971997 -0.0111848051 0.9997754693
81.5 76.5 2312.4 0.9948296547 -0.1000796705 0.0172639377 0.0999595672 0.9949617982 0.0076874290 -0.0179463141 -0.0059219864 0.9998214245
-78.4 260.2 2313.7 0.1942716539 -0.8969561458 -0.3971501291 0.7370769382 0.4006270170 -0.5442568660 0.6472836137 -0.1869965196 0.7389561534
-119.1 106.1 2178.4 -0.4280857444 -0.8969561458 0.1105092764 -0.8926972151 0.4006270170 -0.2063726634 0.1408342123 -0.1869965196 -0.9722129703
201.6 288.4 2308.7 0.2594996691 0.5082407594 0.8211889267 -0.9655764699 0.1523433179 0.2108402699 -0.0179450307 -0.8476336598 0.5302783847
271.0 30.0 2303.9 -0.0305312555 0.5124197006 0.8581922054 -0.9576406479 0.2309704572 -0.1719798744 -0.2863429189 -0.8270905018 0.4836620986
8.9 -131.0 2315.3 0.9927777648 0.1194481477 -0.0111548509 -0.1189029738 0.9920640588 0.0408776365 0.0159490854 -0.0392560624 0.9991018772
-38.5 -525.4 2330.9 0.9998877048 0.0149786584 -0.0004370626 -0.0147962747 0.9914874434 0.1293590069 0.0023709664 -0.1293380111 0.9915977120
191.6 -113.1 2313.6 0.9442132115 0.0425776727 0.3265708983 -0.0181150157 0.9968209267 -0.0775876790 -0.3288362026 0.0673434734 0.9419828057
174.6 -509.4 2286.8 0.9461990595 -0.0357574448 0.3216033876 -0.0539681688 0.9625167251 0.2657987177 -0.3190529346 -0.2688548565 0.9088026881
-10.3 332.9 2142.6 0 0 0 0 0 0 0 0 0
262.6 -233.4 2225.1 0 0 0 0 0 0 0 0 0
-42.7 -803.3 2367.2 0 0 0 0 0 0 0 0 0
188.3 -877.4 2389.6 0 0 0 0 0 0 0 0 0
40.0 474.4 2308.9 5 0.9940546155 -0.1081661060 0.0124682318 0.1079857573 0.9940491319 0.0143307103 -0.0139441323 -0.0128991175 0.9998195767
61.6 275.7 2311.4 0.9940546155 -0.1081661060 0.0124682318 0.1079857573 0.9940491319 0.0143307103 -0.0139441323 -0.0128991175 0.9998195767
82.0 77.9 2313.3 0.9946354628 -0.1026419327 0.0128417779 0.1025063396 0.9946736693 0.0108067505 -0.0138826035 -0.0094324136 0.9998591542
-78.3 261.3 2313.4 0.1900266260 -0.9020263553 -0.3876058757 0.7369462848 0.3919075131 -0.5507437587 0.6486910582 -0.1809887290 0.7392178178
-118.3 106.3 2177.0 -0.4189930260 -0.9020263553 0.1038906574 -0.8957502246 0.3919075131 -0.2098570615 0.1485810727 -0.1809887290 -0.9721968770
201.6 290.1 2309.5 0.2551684678 0.5103406310 0.8212438822 -0.9666005969 0.1556543857 0.2036048770 -0.0239223726 -0.8457683921 0.5330136418
270.5 29.0 2303.0 -0.0275481381 0.5137903094 0.8574733734 -0.9593922496 0.2273092419 -0.1670241505 -0.2807270288 -0.8272544742 0.4866645038
10.1 -130.5 2315.2 0.9919846058 0.1253606528 -0.0158514325 -0.1245977506 0.9913030267 0.0423524641 0.0210229047 -0.0400379412 0.9989770055
