64.2 441.4 2086.7 6 0.9748714566 -0.2110461146 -0.0713106617 0.2116701156 0.9773404002 0.0012235177 0.0694365725 -0.0162871070 0.9974533916
110.5 227.3 2090.3 0.9748714566 -0.2110461146 -0.0713106617 0.2116701156 0.9773404002 0.0012235177 0.0694365725 -0.0162871070 0.9974533916
80.3 35.8 2099.9 0.9851220846 0.1555752009 -0.0730121806 -0.1512503773 0.9865826368 0.0614652149 0.0815950185 -0.0495076217 0.9954351783
-24.0 247.9 2079.1 0.5641503930 -0.7328826189 -0.3802859485 0.2867615819 0.6058214903 -0.7421240211 0.7742751837 0.3096181750 0.5519370437
-146.7 185.6 1910.8 -0.6497722864 -0.7328826189 -0.2016906291 -0.7581685185 0.6058214903 0.2411655784 -0.0545575395 0.3096181750 -0.9492945075
245.0 206.6 2101.4 0.7247837186 0.4873366356 0.4870231748 -0.5265679955 -0.0640420914 0.8477173448 0.4443137050 -0.8708625436 0.2101992220
370.6 115.4 2178.4 -0.5889980793 0.4873366356 0.6446582675 -0.7603791952 -0.0640420914 -0.6463142633 -0.2736873329 -0.8708625436 0.4082812965
-35.7 -141.5 2099.9 0.9785401821 -0.0208274405 -0.2050007731 0.0263900757 0.9993529916 0.0244378839 0.2043591440 -0.0293234382 0.9784566760
-27.7 -529.5 2111.3 0.9776843190 0.0424672924 -0.2057422698 -0.0048816069 0.9836828709 0.1798447967 0.2100226730 -0.1748270988 0.9619386792
140.9 -167.0 2113.3 0.9977301359 0.0331934504 -0.0585903190 -0.0322926529 0.9993462563 0.0162551664 0.0590915792 -0.0143262325 0.9981497526
128.0 -555.0 2118.8 0.9948756695 -0.0841718465 -0.0560136884 0.0889481828 0.9920440316 0.0890891030 0.0480692536 -0.0936148986 0.9944474101
18.7 378.5 1924.7 0 0 0 0 0 0 0 0 0
206.3 -96.7 2102.1 0 0 0 0 0 0 0 0 0
-43.5 -896.6 2176.5 0 0 0 0 0 0 0 0 0
159.4 -924.9 2153.7 0 0 0 0 0 0 0 0 0
63.1 442.4 2087.8 7 0.9745553136 -0.2110712081 -0.0754377842 0.2111291438 0.9774309397 -0.0072975256 0.0752755180 -0.0088152718 0.9971237779
110.3 223.7 2089.8 0.9745553136 -0.2110712081 -0.0754377842 0.2111291438 0.9774309397 -0.0072975256 0.0752755180 -0.0088152718 0.9971237779
80.7 32.2 2101.2 0.9852013588 0.1527413875 -0.0777712762 -0.1473194361 0.9865178466 0.0712706223 0.0876087323 -0.0587586947 0.9944204688
-24.2 243.8 2077.8 0.5670349598 -0.7327890396 -0.3761537373 0.2838198245 0.6025211215 -0.7459320426 0.7732513547 0.3162096441 0.5496305823
-146.9 182.4 1910.6 -0.6473100185 -0.7327890396 -0.2097855806 -0.7605220079 0.6025211215 0.2420217246 -0.0509506091 0.3162096441 -0.9473201632
244.9 203.6 2101.8 0.7321707010 0.4864265025 0.4767760038 -0.5134792328 -0.0657170191 0.8555818796 0.4475100040 -0.8712465167 0.2016538233
370.2 115.6 2178.4 -0.5889866352 0.4864265025 0.6453557014 -0.7611998320 -0.0657170191 -0.6451791525 -0.2714213729 -0.8712465167 0.4089742005
-38.1 -142.2 2102.2 0.9774698615 -0.0270091221 -0.2093398869 0.0329195708 0.9991502762 0.0248004291 0.2084921598 -0.0311330501 0.9775283933
-27.6 -530.1 2114.2 0.9763938189 0.0458521359 -0.2110750526 -0.0133876139 0.9881765842 0.1527344137 0.2155826241 -0.1463031471 0.9654633999
138.3 -169.3 2116.8 0.9976134300 0.0265996829 -0.0637174621 -0.0260985065 0.9996216297 0.0086851967 0.0639243796 -0.0070015383 0.9979301691
128.0 -557.3 2119.5 0.9942557216 -0.0873520449 -0.0618479252 0.0918373168 0.9930331707 0.0738311186 0.0549677424 -0.0790869594 0.9953510761
19.4 377.7 1923.7 0 0 0 0 0 0 0 0 0
206.0 -96.7 2102.7 0 0 0 0 0 0 0 0 0
-44.7 -898.8 2168.8 0 0 0 0 0 0 0 0 0
160.6 -927.8 2149.0 0 0 0 0 0 0 0 0 0
62.6 441.8 2082.4 8 0.9723553658 -0.2152260989 -0.0905693918 0.2173474729 0.9759919643 0.0141330427 0.0853532031 -0.0334273688 0.9957898855
110.8 223.4 2089.9 0.9723553658 -0.2152260989 -0.0905693918 0.2173474729 0.9759919643 0.0141330427 0.0853532031 -0.0334273688 0.9957898855
80.1 32.2 2102.5 0.9831154346 0.1578821540 -0.0925055146 -0.1506742090 0.9853124619 0.0803531185 0.1038331538 -0.0650581941 0.9924646616
-23.5 244.0 2075.7 0.5813223124 -0.7328851223 -0.3534738123 0.2967746556 0.5954673290 -0.7465543747 0.7576206923 0.3290866613 0.5636602044
-149.9 179.4 1910.9 -0.6348439455 -0.7328851223 -0.2446478307 -0.7724734545 0.5954673290 0.2206884325 -0.0160594806 0.3290866613 -0.9441631436
245.1 202.8 2104.1 0.7328059673 0.4808419645 0.4814420342 -0.5162189007 -0.0680904761 0.8537456989 0.4432983696 -0.8741593957 0.1983226240
370.9 114.2 2180.2 -0.5964995027 0.4808419645 0.6426346898 -0.7561157942 -0.0680904761 -0.6508859992 -0.2692160010 -0.8741593957 0.4041881263
-37.2 -146.1 2104.8 0.9744021893 -0.0212889090 -0.2238015532 0.0275801495 0.9993063807 0.0250222404 0.2231136262 -0.0305542070 0.9743134975
-29.0 -534.1 2116.6 0.9731301069 0.0501578413 -0.2247263938 -0.0170635730 0.9890112281 0.1468523145 0.2296227217 -0.1390717775 0.9632924795
139.3 -172.5 2120.5 0.9962678552 0.0352249444 -0.0788009614 -0.0339840241 0.9992771745 0.0170339625 0.0793440267 -0.0142924152 0.9967448115
125.6 -560.4 2126.0 0.9911390543 -0.1067968383 -0.0789794624 0.1080644056 0.9940721989 0.0119410129 0.0772360265 -0.0203700736 0.9968047142
13.4 378.2 1915.0 0 0 0 0 0 0 0 0 0
204.5 -96.7 2105.1 0 0 0 0 0 0 0 0 0
-47.7 -903.2 2168.5 0 0 0 0 0 0 0 0 0
165.4 -930.7 2133.6 0 0 0 0 0 0 0 0 0
62.3 438.4 2080.2 9 0.9731554985 -0.2017905861 -0.1106747463 0.2066494375 0.9778162241 0.0342257284 0.1013131365 -0.0561778322 0.9932671785
107.1 221.4 2092.7 0.9731554985 -0.2017905861 -0.1106747463 0.2066494375 0.9778162241 0.0342257284 0.1013131365 -0.0561778322 0.9932671785
77.2 29.9 2100.2 0.9817897677 0.1540123224 -0.1112162620 -0.1484767348 0.9873006940 0.0564982332 0.1185053140 -0.0389563590 0.9921889305
-27.0 241.7 2076.5 0.5722599626 -0.7426695824 -0.3477936685 0.3008600771 0.5846589804 -0.7534302473 0.7628903985 0.3265207112 0.5580165386
-151.2 176.5 1911.0 -0.6181845665 -0.7426695824 -0.2574679852 -0.7860317826 0.5846589804 0.2008181661 0.0013894273 0.3265207112 -0.9451889992
241.2 201.1 2108.8 0.7545023561 0.4622736573 0.4658639431 -0.5054150224 -0.0435537286 0.8617764711 0.4186666906 -0.8856670260 0.2007786781
370.7 114.4 2180.7 -0.5996372104 0.4622736573 0.6532520652 -0.7511566281 -0.0435537286 -0.6586856246 -0.2760414481 -0.8856670260 0.3733563721
-38.6 -145.6 2105.8 0.9698899388 -0.0176096242 -0.2429062277 0.0303099528 0.9983560443 0.0486469343 0.2416502386 -0.0545446463 0.9688292146
-31.7 -533.1 2127.0 0.9693166018 0.0353257731 -0.2432641089 -0.0180110205 0.9971665740 0.0730370730 0.2451549321 -0.0664146096 0.9672063589
137.5 -172.6 2124.4 0.9949366450 0.0269836485 -0.0968142003 -0.0262326729 0.9996151328 0.0090215765 0.0970203727 -0.0064362013 0.9952616096
127.1 -560.6 2126.9 0.9905889630 -0.0967301801 -0.0968336239 0.0979873016 0.9951530695 0.0083009209 0.0955613330 -0.0177112669 0.9952659607
8.7 379.8 1910.6 0 0 0 0 0 0 0 0 0
203.4 -95.1 2103.7 0 0 0 0 0 0 0 0 0
-44.9 -904.3 2151.7 0 0 0 0 0 0 0 0 0
163.1 -931.7 2133.5 0 0 0 0 0 0 0 0 0
61.2 435.7 2078.1 0 0.9732628465 -0.2032375932 -0.1070228517 0.2082660645 0.9773338437 0.0379981138 0.0968744084 -0.0592713803 0.9935302138
105.7 221.8 2091.1 0.9732628465 -0.2032375932 -0.1070228517 0.2082660645 0.9773338437 0.0379981138 0.0968744084 -0.0592713803 0.9935302138
77.6 30.0 2101.4 0.9835470915 0.1448529512 -0.1079477444 -0.1379252523 0.9880270362 0.0691321120 0.1166692823 -0.0531059690 0.9917500019
-28.6 240.6 2075.1 0.5738357306 -0.7448490262 -0.3404592872 0.2965166569 0.5764712095 -0.7614189386 0.7634071112 0.3359775245 0.5516598821
-151.6 177.1 1911.5 -0.6099029779 -0.7448490262 -0.2705888152 -0.7924402356 0.5764712095 0.1992973983 0.0075401859 0.3359775245 -0.9418398142
240.1 202.9 2107.0 0.7558075190 0.4559906423 0.4699229002 -0.5041527152 -0.0527057126 0.8620046973 0.4178336859 -0.8884225488 0.1900535524
370.2 116.1 2178.9 -0.6011357903 0.4559906423 0.6562836766 -0.7543557882 -0.0527057126 -0.6543465257 -0.2637859881 -0.8884225488 0.3756624758
-40.6 -148.4 2097.2 0.9706810713 -0.0208808575 -0.2394623756 0.0342959724 0.9980584383 0.0519920327 0.2379118055 -0.0586802773 0.9695125818
-32.5 -535.8 2119.9 0.9701589346 0.0322392955 -0.2403170019 -0.0039007419 0.9930680394 0.1174759716 0.2424384803 -0.1130329520 0.9635596275
135.3 -175.0 2118.4 0.9954784513 0.0187199637 -0.0931249857 -0.0168747175 0.9996461272 0.0205629412 0.0934769735 -0.0188985057 0.9954420924
128.0 -563.1 2125.7 0.9915560484 -0.0903209969 -0.0930521041 0.0929599106 0.9953703880 0.0244176462 0.0904158875 -0.0328615792 0.9953618050
6.8 382.9 1909.5 0 0 0 0 0 0 0 0 0
202.5 -94.3 2105.3 0 0 0 0 0 0 0 0 0
-44.5 -905.6 2162.0 0 0 0 0 0 0 0 0 0
161.7 -934.4 2138.0 0 0 0 0 0 0 0 0 0
62.8 437.5 2077.5 1 0.9725027680 -0.2011348903 -0.1174014509 0.2062439620 0.9779440165 0.0329993069 0.1081747338 -0.0563052557 0.9925361276
106.9 222.8 2089.9 0.9725027680 -0.2011348903 -0.1174014509 0.2062439620 0.9779440165 0.0329993069 0.1081747338 -0.0563052557 0.9925361276
78.0 31.3 2101.9 0.9816620946 0.1492068619 -0.1186458841 -0.1403180063 0.9868623018 0.0800850466 0.1290363818 -0.0619683005 0.9897017479
-27.2 242.0 2072.3 0.5864273310 -0.7401245832 -0.3291178048 0.3130258620 0.5818253756 -0.7506623864 0.7470728159 0.3371865749 0.5728764534
-152.4 175.1 1912.7 -0.6179000735 -0.7401245832 -0.2653583288 -0.7862564921 0.5818253756 0.2080382556 0.0004179858 0.3371865749 -0.9414377213
241.0 203.6 2107.5 0.7533898354 0.4527582824 0.4768790901 -0.5089356303 -0.0577523895 0.8588650823 0.4163991809 -0.8897609711 0.1869147420
369.6 116.8 2178.6 -0.6005519032 0.4527582824 0.6590503454 -0.7573496103 -0.0577523895 -0.6504508257 -0.2564352453 -0.8897609711 0.3775795996
-38.5 -149.3 2101.2 0.9682084918 -0.0094430186 -0.2499663979 0.0259535443 0.9976862669 0.0628375337 0.2487946600 -0.0673273429 0.9662133455
-34.9 -536.6 2127.4 0.9679747224 0.0227391273 -0.2500157058 -0.0057522552 0.9976369143 0.0684651211 0.2509817183 -0.0648343489 0.9658181667
137.7 -174.1 2122.1 0.9942363501 0.0237838067 -0.1045387611 -0.0228066612 0.9996843934 0.0105328262 0.1047562808 -0.0080879387 0.9944650531
128.4 -562.1 2125.2 0.9908315539 -0.0860497877 -0.1041552350 0.0892154723 0.9956698418 0.0261179637 0.1014567837 -0.0351707600 0.9942180514
8.7 380.1 1912.6 0 0 0 0 0 0 0 0 0
202.1 -94.4 2107.0 0 0 0 0 0 0 0 0 0
-43.4 -908.1 2151.5 0 0 0 0 0 0 0 0 0
160.5 -933.7 2138.4 0 0 0 0 0 0 0 0 0
62.2 437.7 2075.7 2 0.9651125669 -0.2180709839 -0.1449233443 0.2250684947 0.9737640619 0.0335815065 0.1337980032 -0.0650276095 0.9888728261
110.1 224.0 2090.0 0.9651125669 -0.2180709839 -0.1449233443 0.2250684947 0.9737640619 0.0335815065 0.1337980032 -0.0650276095 0.9888728261
80.5 32.7 2104.1 0.9773815274 0.1520436406 -0.1469969451 -0.1390333027 0.9857089520 0.0951189324 0.1593584269 -0.0725300163 0.9845528603
-23.4 243.0 2068.3 0.6151832342 -0.7258291841 -0.3077687323 0.3208971918 0.5871086717 -0.7431880236 0.7201212645 0.3584346473 0.5940959454
-154.6 174.5 1914.7 -0.6307693124 -0.7258291841 -0.2744122148 -0.7759446502 0.5871086717 0.2306801677 -0.0063246111 0.3584346473 -0.9335333705
243.5 205.0 2111.8 0.7479046583 0.4394407570 0.4975242913 -0.5330989361 -0.0489691421 0.8446345925 0.3955301940 -0.8969358206 0.1976411492
368.0 116.3 2177.6 -0.5982483625 0.4394407570 0.6700676680 -0.7607976794 -0.0489691421 -0.6471390128 -0.2515666187 -0.8969358206 0.3636212051
-38.9 -147.7 2102.4 0.9605792761 -0.0203223825 -0.2772623599 0.0360989794 0.9979988337 0.0519155152 0.2756524682 -0.0598778576 0.9593906403
-31.1 -535.1 2125.6 0.9599503279 0.0377137847 -0.2776204050 -0.0182561725 0.9972127676 0.0723421201 0.2795749009 -0.0643765554 0.9579632282
136.9 -172.8 2125.5 0.9907895923 0.0222914740 -0.1335631758 -0.0216043014 0.9997448921 0.0065921624 0.1336760521 -0.0036459065 0.9910183549
128.3 -560.9 2126.9 0.9871397018 -0.0879190192 -0.1335118115 0.0899013281 0.9959110618 0.0088804476 0.1321851313 -0.0207691304 0.9910074472
10.6 377.8 1916.3 0 0 0 0 0 0 0 0 0
201.1 -95.9 2107.4 0 0 0 0 0 0 0 0 0
-45.1 -906.8 2149.6 0 0 0 0 0 0 0 0 0
161.1 -932.6 2134.7 0 0 0 0 0 0 0 0 0
64.8 439.2 2081.9 3 0.9623777270 -0.2253790200 -0.1517675370 0.2297037691 0.9731943011 0.0113609321 0.1451387852 -0.0457950830 0.9883509278
114.1 226.4 2091.9 0.9623777270 -0.2253790200 -0.1517675370 0.2297037691 0.9731943011 0.0113609321 0.1451387852 -0.0457950830 0.9883509278
80.0 35.7 2101.7 0.9724400043 0.1755165160 -0.1534743309 -0.1650900841 0.9831633568 0.0783270672 0.1646380275 -0.0508312844 0.9850434065
-18.7 248.9 2069.4 0.6213251352 -0.7276475430 -0.2906616032 0.3495514691 0.5893985629 -0.7283015251 0.7012623549 0.3509108424 0.6205583811
-155.1 172.2 1915.6 -0.6320635676 -0.7276475430 -0.2665046155 -0.7748622894 0.5893985629 0.2284682393 -0.0091669103 0.3509108424 -0.9363639951
246.9 203.9 2114.3 0.7480120659 0.4426254928 0.4945306778 -0.5357102156 -0.0371867679 0.8435826898 0.3917812109 -0.8959351778 0.2093028426
368.2 117.0 2177.9 -0.5930212736 0.4426254928 0.6726131439 -0.7615868449 -0.0371867679 -0.6469950676 -0.2613641918 -0.8959351778 0.3591503203
-36.6 -146.2 2103.9 0.9585393667 -0.0167138074 -0.2844695747 0.0284813568 0.9988988638 0.0372802503 0.2835332453 -0.0438366681 0.9579599500
-30.1 -533.9 2120.9 0.9570254087 0.0541919433 -0.2848958373 -0.0214163903 0.9929097295 0.1169258207 0.2892122567 -0.1057995409 0.9514003992
138.5 -171.1 2132.4 0.9895032048 0.0260446705 -0.1421444863 -0.0277840383 0.9995612502 -0.0102652842 0.1418147683 0.0141068799 0.9897927046
128.4 -559.1 2126.9 0.9862703681 -0.0854117051 -0.1413348764 0.0889004394 0.9958678484 0.0185453203 0.1391668618 -0.0308554322 0.9897881150
11.6 376.5 1918.0 0 0 0 0 0 0 0 0 0
202.8 -95.5 2105.0 0 0 0 0 0 0 0 0 0
-50.3 -904.0 2160.3 0 0 0 0 0 0 0 0 0
160.3 -930.8 2138.5 0 0 0 0 0 0 0 0 0
66.6 441.1 2084.9 4 0.9632278085 -0.2257241458 -0.1457421333 0.2284666598 0.9735493660 0.0021396233 0.1414041966 -0.0353581607 0.9893202782
115.8 228.8 2092.6 0.9632278085 -0.2257241458 -0.1457421333 0.2284666598 0.9735493660 0.0021396233 0.1414041966 -0.0353581607 0.9893202782
80.7 38.1 2101.2 0.9724082351 0.1808711588 -0.1473356932 -0.1718955934 0.9825071096 0.0716356859 0.1577152014 -0.0443327762 0.9864889979
-17.0 252.3 2071.1 0.6190248132 -0.7313088179 -0.2863488793 0.3657175303 0.5910737514 -0.7189453840 0.6950244308 0.3403222263 0.6333417892
-155.0 170.7 1916.2 -0.6313611865 -0.7313088179 -0.2580125630 -0.7754250765 0.5910737514 0.2221435606 -0.0099510849 0.3403222263 -0.9402562380
248.7 205.3 2114.1 0.7391731739 0.4514429271 0.4998222589 -0.5461531281 -0.0325104855 0.8370542526 0.3941316903 -0.8917075396 0.2225260735
368.6 116.7 2178.1 -0.5965550542 0.4514429271 0.6635671854 -0.7541620135 -0.0325104855 -0.6558831930 -0.2745209038 -0.8917075396 0.3598553836
-41.1 -140.3 2096.8 0.9596593380 -0.0347108841 -0.2790145278 0.0489998907 0.9978114367 0.0444001481 0.2768627405 -0.0562807024 0.9592598677
-27.7 -527.6 2118.7 0.9574552178 0.0662891567 -0.2808651626 -0.0330201313 0.9920330644 0.1215734035 0.2866865098 -0.1071268916 0.9520161152
133.0 -169.9 2126.3 0.9906348586 0.0109935170 -0.1360943764 -0.0109158391 0.9999395609 0.0013170361 0.1361006349 0.0001808825 0.9906949997
128.8 -558.0 2126.2 0.9872384071 -0.0831604972 -0.1358110458 0.0871816948 0.9959051013 0.0239240695 0.1332653761 -0.0354589969 0.9904458523
12.1 376.0 1918.8 0 0 0 0 0 0 0 0 0
202.2 -93.6 2101.5 0 0 0 0 0 0 0 0 0
-52.4 -897.6 2158.6 0 0 0 0 0 0 0 0 0
159.8 -929.7 2139.5 0 0 0 0 0 0 0 0 0
66.5 442.5 2081.9 5 0.9638025761 -0.2203136384 -0.1501547545 0.2265652269 0.9736577272 0.0256674141 0.1405444592 -0.0587581657 0.9883292913
114.1 232.5 2094.6 0.9638025761 -0.2203136384 -0.1501547545 0.2265652269 0.9736577272 0.0256674141 0.1405444592 -0.0587581657 0.9883292913
80.3 41.5 2101.3 0.9731344581 0.1738071442 -0.1509979069 -0.1662892848 0.9841783643 0.0611624122 0.1592393219 -0.0344099216 0.9866401553
-18.9 255.2 2072.9 0.6109338999 -0.7346698642 -0.2949914336 0.3764327168 0.5973678827 -0.7081313729 0.6964612007 0.3215770125 0.6415060759
-155.8 170.8 1916.8 -0.6308495998 -0.7346698642 -0.2495775372 -0.7759051323 0.5973678827 0.2027876824 0.0001075944 0.3215770125 -0.9468834400
247.0 209.8 2116.4 0.7335726023 0.4434307516 0.5150150061 -0.5664157867 -0.0198535547 0.8238804340 0.3755588233 -0.8960887194 0.2366021723
369.4 115.2 2179.0 -0.6004859805 0.4434307516 0.6654214859 -0.7488003969 -0.0198535547 -0.6624981761 -0.2805610895 -0.8960887194 0.3439629078
-41.5 -137.1 2095.7 0.9587385654 -0.0300763138 -0.2826938629 0.0436284952 0.9981744289 0.0417657159 0.2809216380 -0.0523759089 0.9583004713
-29.8 -524.6 2116.0 0.9577772617 0.0431922451 -0.2842483521 -0.0060277991 0.9914506674 0.1303426772 0.2874480188 -0.1231258586 0.9498493075
132.7 -167.9 2123.9 0.9902050495 0.0111251418 -0.1391766518 -0.0110243335 0.9999381304 0.0014952357 0.1391846687 0.0000537398 0.9902664423
128.4 -556.1 2123.9 0.9868218899 -0.0833219886 -0.1387084275 0.0891162530 0.9953671694 0.0360892788 0.1350587904 -0.0479748659 0.9896754622
11.2 376.2 1916.7 0 0 0 0 0 0 0 0 0
201.9 -93.6 2100.8 0 0 0 0 0 0 0 0 0
-45.9 -894.4 2162.0 0 0 0 0 0 0 0 0 0
159.5 -927.6 2141.8 0 0 0 0 0 0 0 0 0
65.6 441.2 2078.5 6 0.9673090577 -0.2183478177 -0.1289859265 0.2258900851 0.9730237126 0.0468882099 0.1152684242 -0.0744920298 0.9905372858
112.8 231.0 2094.5 0.9673090577 -0.2183478177 -0.1289859265 0.2258900851 0.9730237126 0.0468882099 0.1152684242 -0.0744920298 0.9905372858
80.7 39.6 2099.8 0.9778289199 0.1649168432 -0.1290468127 -0.1597999781 0.9859265089 0.0491205566 0.1353314817 -0.0274098199 0.9904211760
-20.8 252.8 2076.1 0.6002761722 -0.7411175370 -0.3006881475 0.3703858554 0.5908080935 -0.7167705894 0.7088602185 0.3188896775 0.6291474700
-155.6 169.6 1916.8 -0.6205826998 -0.7411175370 -0.2561678588 -0.7840722799 0.5908080935 0.1902011931 0.0103846062 0.3188896775 -0.9477349520
246.3 209.2 2113.0 0.7312380075 0.4411850870 0.5202372074 -0.5675064325 -0.0296628699 0.8228344321 0.3784539998 -0.8969257474 0.2286847532
369.3 113.7 2176.7 -0.6012252569 0.4411850870 0.6662461758 -0.7517690063 -0.0296628699 -0.6587590575 -0.2708718777 -0.8969257474 0.3495033383
-40.6 -134.6 2093.7 0.9646351337 -0.0327960066 -0.2615406215 0.0444154777 0.9982656240 0.0386387557 0.2598198354 -0.0488887541 0.9644187689
-27.8 -522.2 2112.7 0.9631252289 0.0539860837 -0.2635816336 -0.0128799621 0.9877907038 0.1552533656 0.2687450349 -0.1461335123 0.9520615339
133.8 -164.4 2122.2 0.9930984378 0.0125147514 -0.1166143715 -0.0131664695 0.9999017119 -0.0048199790 0.1165425852 0.0063221129 0.9931655526
128.9 -552.6 2119.8 0.9899193048 -0.0822331011 -0.1153145060 0.0908668116 0.9932770133 0.0717217773 0.1086413488 -0.0814770311 0.9907363653
8.7 377.2 1914.1 0 0 0 0 0 0 0 0 0
201.6 -95.9 2101.1 0 0 0 0 0 0 0 0 0
-48.0 -890.7 2167.2 0 0 0 0 0 0 0 0 0
159.6 -923.2 2150.2 0 0 0 0 0 0 0 0 0
63.1 438.5 2075.7 7 0.9711623788 -0.2158574611 -0.1012383699 0.2227462232 0.9728754163 0.0624302663 0.0850162879 -0.0831803903 0.9929014444
109.5 229.6 2093.6 0.9711623788 -0.2158574611 -0.1012383699 0.2227462232 0.9728754163 0.0624302663 0.0850162879 -0.0831803903 0.9929014444
79.7 37.9 2099.3 0.9829848409 0.1536164731 -0.1007114574 -0.1496537179 0.9876756072 0.0458329022 0.1065109447 -0.0299812034 0.9938594103
-24.7 250.0 2079.0 0.5894429684 -0.7456738353 -0.3106887639 0.3570094407 0.5854726434 -0.7278503180 0.7246387005 0.3181074262 0.6113153100
-156.3 170.4 1917.3 -0.6129134893 -0.7456738353 -0.2613571584 -0.7899630070 0.5854726434 0.1821544617 0.0171896555 0.3181074262 -0.9478988051
243.7 209.2 2108.1 0.7318785787 0.4588483274 0.5037975311 -0.5461590886 -0.0471416302 0.8363538980 0.4075094461 -0.8872631192 0.2161022425
369.1 115.6 2177.9 -0.5948049426 0.4588483274 0.6600494385 -0.7581195235 -0.0471416302 -0.6504094601 -0.2673234940 -0.8872631192 0.3759019375
-38.9 -137.4 2093.0 0.9715881348 -0.0364990570 -0.2338467687 0.0460381322 0.9983100295 0.0354622267 0.2321572453 -0.0452205464 0.9716265202
-24.7 -525.0 2110.6 0.9685506225 0.0769802630 -0.2366088778 -0.0379668362 0.9855251908 0.1652228236 0.2459028959 -0.1510433704 0.9574537277
136.3 -166.0 2117.3 0.9958551526 0.0246676169 -0.0875441805 -0.0248688757 0.9996899962 -0.0012088474 0.0874872208 0.0033809622 0.9961599112
126.7 -554.1 2116.0 0.9916377664 -0.0972396433 -0.0848470107 0.1050083190 0.9901612401 0.0924874917 0.0750187710 -0.1006237343 0.9920922518
5.7 379.1 1912.8 0 0 0 0 0 0 0 0 0
203.2 -95.9 2103.4 0 0 0 0 0 0 0 0 0
-53.4 -892.6 2166.9 0 0 0 0 0 0 0 0 0
163.0 -923.5 2153.5 0 0 0 0 0 0 0 0 0
63.1 441.2 2082.8 8 0.9766573310 -0.2001128495 -0.0780727714 0.2026078701 0.9789308906 0.0253841635 0.0713481531 -0.0406097881 0.9966244698
106.9 227.0 2091.7 0.9766573310 -0.2001128495 -0.0780727714 0.2026078701 0.9789308906 0.0253841635 0.0713481531 -0.0406097881 0.9966244698
78.1 35.2 2099.4 0.9857716560 0.1484904885 -0.0787704587 -0.1446902007 0.9881113172 0.0519691706 0.0855509117 -0.0398324244 0.9955372810
-27.8 246.7 2080.1 0.5763261914 -0.7444877028 -0.3370254040 0.3220446110 0.5859344602 -0.7436182499 0.7510894537 0.3200294673 0.5774476528
-153.9 176.3 1915.7 -0.6186696291 -0.7444877028 -0.2509700060 -0.7856509089 0.5859344602 0.1985787749 -0.0007874845 0.3200294673 -0.9474072456
241.5 207.2 2103.4 0.7343280911 0.4746167660 0.4852846265 -0.5201358199 -0.0659202859 0.8515357971 0.4361432493 -0.8777205944 0.1984580755
369.2 116.7 2179.3 -0.5965797901 0.4746167660 0.6471719146 -0.7572889328 -0.0659202859 -0.6497445107 -0.2657178938 -0.8777205944 0.3987487257
-38.2 -140.4 2095.6 0.9766884446 -0.0347480737 -0.2118307352 0.0416365825 0.9987363219 0.0281441882 0.2105851024 -0.0363080092 0.9769010544
-24.7 -528.1 2109.7 0.9738077521 0.0752381086 -0.2145640254 -0.0410050564 0.9863054156 0.1597505063 0.2236449867 -0.1467680633 0.9635570049
137.9 -167.2 2114.7 0.9973999858 0.0307218209 -0.0651880428 -0.0300572254 0.9994859695 0.0111516425 0.0654971302 -0.0091632754 0.9978106618
125.9 -555.2 2118.2 0.9933891296 -0.0960955620 -0.0627983809 0.1011681184 0.9913737774 0.0833252668 0.0542494804 -0.0891276076 0.9945417643
9.8 384.1 1915.9 0 0 0 0 0 0 0 0 0
202.8 -94.5 2105.2 0 0 0 0 0 0 0 0 0
-52.8 -896.2 2164.5 0 0 0 0 0 0 0 0 0
161.8 -925.1 2151.5 0 0 0 0 0 0 0 0 0
62.7 440.6 2080.4 9 0.9806100726 -0.1876796782 -0.0563933104 0.1895452887 0.9814214706 0.0297405105 0.0497639142 -0.0398529321 0.9979655743
104.3 223.3 2089.2 0.9806100726 -0.1876796782 -0.0563933104 0.1895452887 0.9814214706 0.0297405105 0.0497639142 -0.0398529321 0.9979655743
77.6 31.3 2099.1 0.9888563752 0.1374657303 -0.0571511239 -0.1340736896 0.9891846776 0.0594803169 0.0647095218 -0.0511550270 0.9965921044
-30.7 241.6 2080.4 0.5572177768 -0.7436799407 -0.3693893850 0.2967743874 0.5938291550 -0.7478582263 0.7755213380 0.3070945740 0.5515972972
-150.6 177.8 1913.6 -0.6300513744 -0.7436799407 -0.2235517800 -0.7761533856 0.5938291550 0.2120209485 -0.0249241646 0.3070945740 -0.9513525963
239.3 205.0 2098.1 0.7313396931 0.4892987907 0.4751093984 -0.5030829310 -0.0833239704 0.8602120280 0.4604886770 -0.8681266308 0.1852197349
368.4 116.2 2179.3 -0.5973455906 0.4892987907 0.6354250312 -0.7572882175 -0.0833239704 -0.6477435231 -0.2639939785 -0.8681266308 0.4203133881
-39.0 -143.6 2099.5 0.9812841415 -0.0289232656 -0.1903808266 0.0362654887 0.9987222552 0.0351949260 0.1891196221 -0.0414404757 0.9810792208
-27.8 -531.4 2115.6 0.9799967408 0.0511235520 -0.1923349649 -0.0248616375 0.9903204441 0.1365553737 0.1974544376 -0.1290420741 0.9717817903
137.5 -169.6 2114.8 0.9986299872 0.0294545852 -0.0432495773 -0.0289162155 0.9994969964 0.0130213881 0.0436113626 -0.0117529351 0.9989794493
126.1 -557.6 2119.3 0.9937334061 -0.1038535014 -0.0413322151 0.1067419201 0.9914379716 0.0752128139 0.0331672095 -0.0791533664 0.9963105321
17.0 384.3 1920.3 0 0 0 0 0 0 0 0 0
201.7 -95.0 2105.7 0 0 0 0 0 0 0 0 0
-46.9 -900.8 2163.7 0 0 0 0 0 0 0 0 0
164.8 -927.6 2148.9 0 0 0 0 0 0 0 0 0
62.9 442.9 2084.7 0 0.9771114588 -0.1998787671 -0.0728125349 0.2000756562 0.9797694087 -0.0046540629 0.0722697377 -0.0100204768 0.9973347783
108.5 219.6 2087.0 0.9771114588 -0.1998787671 -0.0728125349 0.2000756562 0.9797694087 -0.0046540629 0.0722697377 -0.0100204768 0.9973347783
79.0 28.2 2099.5 0.9855407476 0.1520364136 -0.0747952461 -0.1463156044 0.9862504601 0.0768229812 0.0854467377 -0.0647684708 0.9942353368
-26.1 239.6 2075.3 0.5801437497 -0.7285547256 -0.3641994894 0.2762416601 0.5966271758 -0.7534763217 0.7662400603 0.3365174830 0.5473866463
-149.1 181.0 1912.8 -0.6465755701 -0.7285547256 -0.2261593342 -0.7611915469 0.5966271758 0.2542114556 -0.0502741635 0.3365174830 -0.9403342605
243.1 199.6 2098.6 0.7347033620 0.5097994208 0.4475662410 -0.4775268435 -0.0799661949 0.8749705553 0.4818496704 -0.8565686941 0.1846914887
370.2 117.0 2182.0 -0.5945332646 0.5097994208 0.6217996478 -0.7523954511 -0.0799661949 -0.6538398266 -0.2836042345 -0.8565686941 0.4311133027
-37.6 -148.6 2103.2 0.9780648351 -0.0147027848 -0.2077812105 0.0227733292 0.9990740418 0.0365029275 0.2070521116 -0.0404340960 0.9774940014
-31.9 -536.5 2118.9 0.9775140285 0.0330604576 -0.2082627267 -0.0067266966 0.9920195937 0.1259043366 0.2107631564 -0.1216723397 0.9699354172
139.5 -172.7 2114.8 0.9975668192 0.0320129991 -0.0619324930 -0.0307662729 0.9993063807 0.0209806506 0.0625611916 -0.0190241691 0.9978597760
127.1 -560.6 2122.2 0.9927912951 -0.1030728891 -0.0611668378 0.1058673710 0.9933909178 0.0443464331 0.0561916679 -0.0505023263 0.9971418977
23.8 384.5 1926.2 0 0 0 0 0 0 0 0 0
204.4 -92.8 2102.9 0 0 0 0 0 0 0 0 0
-44.2 -906.6 2164.3 0 0 0 0 0 0 0 0 0
165.6 -931.3 2141.0 0 0 0 0 0 0 0 0 0
65.5 444.6 2088.3 1 0.9758471847 -0.1972433031 -0.0939005762 0.1953638196 0.9803050756 -0.0288962610 0.0977508053 0.0098535614 0.9951621294
110.8 219.5 2086.1 0.9758471847 -0.1972433031 -0.0939005762 0.1953638196 0.9803050756 -0.0288962610 0.0977508053 0.0098535614 0.9951621294
80.1 28.4 2100.5 0.9826845527 0.1583164781 -0.0962650180 -0.1497604549 0.9845761657 0.0904518142 0.1091002524 -0.0744689107 0.9912373424
-23.4 239.9 2071.2 0.6041682959 -0.7124589086 -0.3569074869 0.2698292434 0.6043481827 -0.7496368885 0.7497818470 0.3566027582 0.5573703051
-151.1 182.9 1912.7 -0.6620153189 -0.7124589086 -0.2326757014 -0.7473948002 0.6043481827 0.2759787440 -0.0560063720 0.3566027582 -0.9325758815
245.0 199.1 2101.0 0.7354182601 0.4997563064 0.4576064050 -0.4867537618 -0.0802014172 0.8698496819 0.4714135528 -0.8624449968 0.1842766702
369.6 116.6 2180.8 -0.5983055234 0.4997563064 0.6263179183 -0.7519497871 -0.0802014172 -0.6543235183 -0.2767707109 -0.8624449968 0.4237765968
-38.8 -150.1 2104.4 0.9732226133 -0.0225791018 -0.2287530899 0.0306352247 0.9990269542 0.0317274891 0.2278141230 -0.0378858112 0.9729673266
-30.0 -537.9 2119.1 0.9717815518 0.0529469103 -0.2298634350 -0.0225204788 0.9908566475 0.1330260038 0.2348050326 -0.1240955815 0.9640886188
137.7 -176.3 2119.7 0.9961493611 0.0239809304 -0.0843290612 -0.0226972885 0.9996119738 0.0161478762 0.0846835747 -0.0141716553 0.9963071346
128.4 -564.4 2125.2 0.9922814369 -0.0912648737 -0.0839542970 0.0941738933 0.9950616956 0.0313601494 0.0806776285 -0.0390243940 0.9959760308
27.7 384.8 1927.8 0 0 0 0 0 0 0 0 0
202.7 -93.1 2103.6 0 0 0 0 0 0 0 0 0
-49.8 -907.7 2165.4 0 0 0 0 0 0 0 0 0
162.4 -935.7 2139.7 0 0 0 0 0 0 0 0 0
67.5 446.6 2088.1 2 0.9767096043 -0.1870078892 -0.1051970795 0.1850906461 0.9823284745 -0.0277893674 0.1085349172 0.0076711457 0.9940630198
110.5 220.6 2086.4 0.9767096043 -0.1870078892 -0.1051970795 0.1850906461 0.9823284745 -0.0277893674 0.1085349172 0.0076711457 0.9940630198
79.3 29.6 2101.4 0.9812298417 0.1605303437 -0.1068551168 -0.1505986899 0.9839867353 0.0953421891 0.1204493344 -0.0774603635 0.9896928072
-23.5 241.1 2069.9 0.6191510558 -0.7016617656 -0.3525943756 0.2675937414 0.6106564999 -0.7453135252 0.7382720113 0.3671095967 0.5658488870
-155.2 184.2 1912.9 -0.6692087054 -0.7016617656 -0.2446027845 -0.7416908145 0.6106564999 0.2774769068 -0.0453266539 0.3671095967 -0.9290726781
244.5 200.0 2102.8 0.7380434275 0.4908806980 0.4629558027 -0.4917078912 -0.0785865262 0.8672067523 0.4620771110 -0.8676752448 0.1833696365
370.7 116.0 2181.8 -0.6019575000 0.4908806980 0.6298280358 -0.7505672574 -0.0785865262 -0.6561043859 -0.2725729942 -0.8676752448 0.4157446921
-38.7 -149.3 2105.1 0.9706899524 -0.0249084830 -0.2390408814 0.0327235200 0.9990500212 0.0287798923 0.2380969375 -0.0357586108 0.9705829024
-29.0 -537.1 2119.0 0.9689556360 0.0580282286 -0.2403283566 -0.0246570464 0.9899004698 0.1396031231 0.2460020930 -0.1293434352 0.9606004357
137.3 -176.1 2124.7 0.9951952100 0.0219764765 -0.0954126567 -0.0213932376 0.9997457266 0.0071315672 0.0955451205 -0.0050561158 0.9954122305
128.8 -564.2 2126.6 0.9917462468 -0.0855658650 -0.0954874605 0.0863119662 0.9962612987 0.0037031758 0.0948135927 -0.0119143212 0.9954237342
26.5 385.6 1925.2 0 0 0 0 0 0 0 0 0
202.8 -93.4 2105.8 0 0 0 0 0 0 0 0 0
-50.7 -906.6 2167.3 0 0 0 0 0 0 0 0 0
160.7 -935.9 2131.1 0 0 0 0 0 0 0 0 0
68.6 444.0 2088.6 3 0.9714580774 -0.2168493569 -0.0961536691 0.2147507817 0.9761514664 -0.0317869820 0.1007535383 0.0102306465 0.9948588014
117.8 222.6 2086.2 0.9714580774 -0.2168493569 -0.0961536691 0.2147507817 0.9761514664 -0.0317869820 0.1007535383 0.0102306465 0.9948588014
82.4 32.3 2099.9 0.9782515168 0.1826657951 -0.0982710272 -0.1741317660 0.9806540608 0.0894188806 0.1127036512 -0.0703620464 0.9911342263
-15.8 246.4 2070.9 0.6380618215 -0.6972332597 -0.3267152011 0.2737393081 0.6020000577 -0.7501084805 0.7196831703 0.3891808093 0.5749734044
-156.4 186.0 1912.3 -0.6648733020 -0.6972332597 -0.2679724991 -0.7460314035 0.6020000577 0.2846630812 -0.0371571220 0.3891808093 -0.9204117060
251.4 198.8 2101.6 0.7170210481 0.5105336308 0.4745905399 -0.5028143525 -0.0927224681 0.8594069481 0.4827613533 -0.8548437953 0.1902196556
372.0 114.2 2182.8 -0.6060565710 0.5105336308 0.6099597216 -0.7440396547 -0.0927224681 -0.6616702676 -0.2812479436 -0.8548437953 0.4360523522
-39.7 -147.9 2105.6 0.9724557400 -0.0212003794 -0.2321214378 0.0289404783 0.9991311431 0.0299902316 0.2312839478 -0.0358818807 0.9722243547
-31.5 -535.8 2119.5 0.9710575342 0.0523084737 -0.2330472916 -0.0199335087 0.9900683761 0.1391665190 0.2380123436 -0.1304932386 0.9624560475
136.0 -174.9 2127.2 0.9956890941 0.0263611581 -0.0889289156 -0.0266354252 0.9996433854 -0.0018986416 0.0888471529 0.0042591160 0.9960361719
125.8 -562.9 2125.5 0.9912518263 -0.0976600721 -0.0887824073 0.0983664766 0.9951437116 0.0036059823 0.0879990980 -0.0123076495 0.9960445166
23.4 387.7 1922.3 0 0 0 0 0 0 0 0 0
203.0 -93.3 2104.4 0 0 0 0 0 0 0 0 0
-51.0 -905.4 2168.3 0 0 0 0 0 0 0 0 0
162.2 -934.3 2130.1 0 0 0 0 0 0 0 0 0
68.2 441.9 2083.3 4 0.9703295231 -0.2180534303 -0.1044670865 0.2199085355 0.9754992127 0.0064401454 0.1005032659 -0.0292222686 0.9945074916
116.5 225.9 2089.7 0.9703295231 -0.2180534303 -0.1044670865 0.2199085355 0.9754992127 0.0064401454 0.1005032659 -0.0292222686 0.9945074916
79.8 35.6 2100.4 0.9762268066 0.1893510967 -0.1054864675 -0.1819535047 0.9803731441 0.0759039372 0.1177885905 -0.0549058206 0.9915196300
-16.8 250.7 2073.7 0.6329141259 -0.7054727674 -0.3189481497 0.2788875103 0.5920456052 -0.7561109662 0.7222475410 0.3896026313 0.5714615583
-157.6 188.7 1913.0 -0.6433322430 -0.7054727674 -0.2973749340 -0.7655856013 0.5920456052 0.2517154515 -0.0015188849 0.3896026313 -0.9209818244
249.9 201.0 2105.8 0.7223699093 0.4925995767 0.4853115976 -0.5167564154 -0.0818115547 0.8522145748 0.4595046639 -0.8664020300 0.1954557747
372.5 113.3 2183.8 -0.6076172590 0.4925995767 0.6230143309 -0.7450602055 -0.0818115547 -0.6619608402 -0.2751118839 -0.8664020300 0.4167264700
-40.7 -142.4 2103.5 0.9704220295 -0.0282210186 -0.2397595644 0.0357698612 0.9989900589 0.0271911714 0.2387500554 -0.0349630788 0.9704514146
-29.8 -530.3 2117.1 0.9681064487 0.0670037344 -0.2414134145 -0.0317528322 0.9886185527 0.1470548511 0.2485190034 -0.1346991807 0.9592155218
134.5 -173.6 2123.7 0.9952154160 0.0178913511 -0.0960526839 -0.0167871621 0.9997835159 0.0122915488 0.0962518081 -0.0106202867 0.9953003526
127.6 -561.7 2127.8 0.9909218550 -0.0936382189 -0.0964662954 0.0928662717 0.9956004620 -0.0124710575 0.0972096547 0.0033993786 0.9952580929
15.1 394.2 1913.4 0 0 0 0 0 0 0 0 0
203.0 -94.5 2107.1 0 0 0 0 0 0 0 0 0
-54.8 -899.3 2167.3 0 0 0 0 0 0 0 0 0
162.5 -933.3 2126.5 0 0 0 0 0 0 0 0 0
67.9 438.4 2075.1 5 0.9687700868 -0.2170655578 -0.1198627874 0.2246167213 0.9729828238 0.0534018837 0.1050327271 -0.0786573291 0.9913532138
114.5 229.4 2092.0 0.9687700868 -0.2170655578 -0.1198627874 0.2246167213 0.9729828238 0.0534018837 0.1050327271 -0.0786573291 0.9913532138
79.2 38.7 2100.5 0.9758957624 0.1822225153 -0.1200931817 -0.1752531677 0.9822863936 0.0663307384 0.1300528497 -0.0436851718 0.9905441999
-18.8 253.3 2074.3 0.6262845993 -0.7109691501 -0.3198287785 0.2771935463 0.5865219831 -0.7610228062 0.7286503315 0.3879624009 0.5644057393
-158.4 191.5 1911.9 -0.6384500861 -0.7109691501 -0.2947953641 -0.7696360350 0.5865219831 0.2522942126 -0.0064694569 0.3879624009 -0.9216524959
247.8 205.4 2109.8 0.7256065011 0.4821693301 0.4909255803 -0.5342768431 -0.0548262410 0.8435297012 0.4336397350 -0.8743607998 0.2178296447
371.3 114.5 2183.6 -0.6053366661 0.4821693301 0.6333089471 -0.7423237562 -0.0548262410 -0.6677945256 -0.2872681022 -0.8743607998 0.3911140859
-44.4 -138.3 2100.5 0.9661808014 -0.0457484052 -0.2537748814 0.0524175353 0.9984333515 0.0195767283 0.2524816990 -0.0322169140 0.9670651555
-26.6 -525.9 2113.0 0.9633440971 0.0747027621 -0.2576579154 -0.0345555134 0.9869997501 0.1569629759 0.2660338581 -0.1423058659 0.9534018040
130.5 -170.9 2121.6 0.9938212633 0.0129317520 -0.1102366447 -0.0130316690 0.9999150634 -0.0001859219 0.1102248803 0.0016213406 0.9939053655
125.5 -559.1 2121.0 0.9883274436 -0.1058564782 -0.1095592603 0.1112051159 0.9928272963 0.0439020023 0.1041261107 -0.0555731058 0.9930102825
12.2 397.1 1913.6 0 0 0 0 0 0 0 0 0
202.5 -92.5 2103.4 0 0 0 0 0 0 0 0 0
-54.5 -894.3 2166.1 0 0 0 0 0 0 0 0 0
164.9 -929.0 2141.7 0 0 0 0 0 0 0 0 0
68.2 437.3 2071.0 6 0.9727089405 -0.2071187794 -0.1045900136 0.2155512422 0.9734563828 0.0769434720 0.0858773813 -0.0973881111 0.9915344715
112.6 229.0 2091.9 0.9727089405 -0.2071187794 -0.1045900136 0.2155512422 0.9734563828 0.0769434720 0.0858773813 -0.0973881111 0.9915344715
79.5 37.9 2099.9 0.9798574448 0.1703141183 -0.1042714790 -0.1647382826 0.9845108390 0.0599977635 0.1128748655 -0.0416117497 0.9927374721
-21.3 251.5 2076.5 0.6255908012 -0.7044377923 -0.3352664113 0.2765001059 0.6020522118 -0.7490532994 0.7295092940 0.3758996427 0.5714154840
-161.5 189.6 1913.0 -0.6565691829 -0.7044377923 -0.2696003616 -0.7539175749 0.6020522118 0.2629474699 -0.0229166355 0.3758996427 -0.9263769388
246.4 206.5 2107.3 0.7235361934 0.4706646800 0.5049456954 -0.5434414148 -0.0626625493 0.8371050358 0.4256369472 -0.8800841570 0.2104400694
369.6 114.0 2179.8 -0.6028450727 0.4706646800 0.6442457438 -0.7511743307 -0.0626625493 -0.6571229696 -0.2689144611 -0.8800841570 0.3913270235
-43.6 -136.2 2097.3 0.9700106382 -0.0468263850 -0.2385093421 0.0544879399 0.9981855154 0.0256277621 0.2368765175 -0.0378550850 0.9708020091
-25.4 -523.7 2112.0 0.9663439393 0.0851854384 -0.2427401990 -0.0448787473 0.9849374890 0.1669852287 0.2533086240 -0.1504712850 0.9556114078
131.2 -167.6 2120.6 0.9955536127 0.0115142176 -0.0934905335 -0.0105103515 0.9998818040 0.0112229325 0.0936086997 -0.0101904124 0.9955568910
126.8 -555.8 2124.6 0.9912062883 -0.0936042666 -0.0935323089 0.0947188810 0.9954755306 0.0075396602 0.0924033821 -0.0163326357 0.9955877066
11.9 388.6 1919.0 0 0 0 0 0 0 0 0 0
201.5 -95.5 2104.8 0 0 0 0 0 0 0 0 0
-57.2 -891.3 2168.2 0 0 0 0 0 0 0 0 0
161.6 -926.7 2130.7 0 0 0 0 0 0 0 0 0
70.2 445.1 2079.5 7 0.9774118662 -0.1880817711 -0.0963912904 0.1920465529 0.9808114767 0.0335695334 0.0882278681 -0.0513228737 0.9947772622
112.0 227.2 2090.9 0.9774118662 -0.1880817711 -0.0963912904 0.1920465529 0.9808114767 0.0335695334 0.0882278681 -0.0513228737 0.9947772622
80.3 35.9 2099.7 0.9817818403 0.1635398865 -0.0967424959 -0.1580780745 0.9854965210 0.0617082380 0.1054311544 -0.0452911630 0.9933946729
-22.1 248.8 2076.5 0.6288819313 -0.6952787638 -0.3479869962 0.2649888992 0.6124442220 -0.7447771430 0.7309503555 0.3761641979 0.5693962574
-162.3 189.7 1913.6 -0.6701660156 -0.6952787638 -0.2597401738 -0.7415485978 0.6124442220 0.2738936841 -0.0313561074 0.3761641979 -0.9260222912
246.1 205.6 2105.3 0.7213318944 0.4693101943 0.5093409419 -0.5425655842 -0.0741768479 0.8367319703 0.4304681420 -0.8799123168 0.2011254430
368.6 113.5 2178.4 -0.6018486619 0.4693101943 0.6461626291 -0.7560365796 -0.0741768479 -0.6503126025 -0.2572680116 -0.8799123168 0.3994589150
-41.3 -138.4 2097.9 0.9723488688 -0.0360773653 -0.2307294160 0.0423032306 0.9988605380 0.0220918562 0.2296694815 -0.0312415902 0.9727671146
-27.3 -526.2 2110.0 0.9700362682 0.0670227408 -0.2335327715 -0.0258873980 0.9842383862 0.1749417931 0.2415769994 -0.1636543423 0.9564819932
134.2 -167.9 2118.1 0.9962054491 0.0157175940 -0.0856014118 -0.0144934691 0.9997838736 0.0149030825 0.0858171582 -0.0136058712 0.9962180257
128.1 -556.0 2123.4 0.9928167462 -0.0839001238 -0.0852978006 0.0869999826 0.9956519008 0.0332919136 0.0821337178 -0.0404736735 0.9957991242
12.8 383.4 1921.8 0 0 0 0 0 0 0 0 0
200.7 -97.4 2106.6 0 0 0 0 0 0 0 0 0
-52.3 -893.5 2171.1 0 0 0 0 0 0 0 0 0
159.4 -927.3 2138.5 0 0 0 0 0 0 0 0 0
71.1 447.4 2083.7 8 0.9833709002 -0.1677132249 -0.0696703270 0.1687843204 0.9856048822 0.0097404122 0.0670338199 -0.0213376973 0.9975225329
109.1 224.2 2088.6 0.9833709002 -0.1677132249 -0.0696703270 0.1687843204 0.9856048822 0.0097404122 0.0670338199 -0.0213376973 0.9975225329
79.6 32.7 2099.2 0.9858452678 0.1522941440 -0.0701111630 -0.1477404684 0.9868127108 0.0661316067 0.0792580396 -0.0548372753 0.9953446984
-25.5 244.4 2077.8 0.6219220757 -0.6889299750 -0.3722746670 0.2460266501 0.6232285500 -0.7423321605 0.7434270978 0.3700832427 0.5570947528
-162.9 190.1 1913.6 -0.6800493002 -0.6889299750 -0.2508154809 -0.7324460149 0.6232285500 0.2740602195 -0.0324929506 0.3700832427 -0.9284301996
243.7 204.0 2099.4 0.7247742414 0.4879641235 0.4864086211 -0.5145217180 -0.0861942619 0.8531341553 0.4582245052 -0.8685974479 0.1885967702
369.6 114.7 2179.0 -0.5967543721 0.4879641235 0.6370048523 -0.7591638565 -0.0861942619 -0.6451672316 -0.2599122822 -0.8685974479 0.4218815565
-39.4 -141.2 2099.0 0.9782524109 -0.0354512818 -0.2043659389 0.0422363169 0.9986886382 0.0289333425 0.2030722201 -0.0369357765 0.9784668684
-25.6 -528.9 2113.4 0.9752523303 0.0768957287 -0.2072917968 -0.0426385216 0.9853833318 0.1649291217 0.2169442177 -0.1520089060 0.9642761350
136.5 -169.5 2117.9 0.9980421066 0.0219239071 -0.0585768893 -0.0214723069 0.9997347593 0.0083279405 0.0587439351 -0.0070538549 0.9982481599
128.0 -557.7 2120.6 0.9945204854 -0.0873878002 -0.0573787950 0.0907805637 0.9940946102 0.0594537780 0.0518444180 -0.0643368810 0.9965806007
12.9 379.5 1922.0 0 0 0 0 0 0 0 0 0
203.2 -97.1 2106.5 0 0 0 0 0 0 0 0 0
-54.3 -896.7 2170.1 0 0 0 0 0 0 0 0 0
160.6 -928.4 2144.6 0 0 0 0 0 0 0 0 0
71.1 448.1 2090.4 9 0.9822564721 -0.1675098985 -0.0843368694 0.1660438776 0.9858224392 -0.0241572801 0.0871877670 0.0097250240 0.9961444139
109.6 221.0 2088.1 0.9822564721 -0.1675098985 -0.0843368694 0.1660438776 0.9858224392 -0.0241572801 0.0871877670 0.0097250240 0.9961444139
80.8 29.4 2100.2 0.9851958156 0.1487123221 -0.0852870792 -0.1424306035 0.9869162440 0.0755632371 0.0954083875 -0.0622970946 0.9934869409
-24.9 240.4 2075.1 0.6356946826 -0.6799033284 -0.3655458093 0.2307077497 0.6192343235 -0.7505483031 0.7366588116 0.3927853405 0.5505029559
-163.4 190.2 1914.6 -0.6807789803 -0.6799033284 -0.2725278437 -0.7320868969 0.6192343235 0.2838972211 -0.0242640581 0.3927853405 -0.9193100333
244.2 201.5 2101.1 0.7358190417 0.4789467752 0.4787278473 -0.5034889579 -0.0858127922 0.8597296476 0.4528457224 -0.8736395836 0.1780017316
371.0 114.7 2179.2 -0.6002795696 0.4789467752 0.6405267119 -0.7581796646 -0.0858127922 -0.6463742852 -0.2546135187 -0.8736395836 0.4146393836
-38.3 -145.6 2102.7 0.9755059481 -0.0241577048 -0.2186425626 0.0298904702 0.9992896914 0.0229497291 0.2179328352 -0.0289229266 0.9755350947
