72.6 441.8 2069.4 92 0.9957158566 0.0506919995 -0.0773321092 -0.0453662649 0.9965751767 0.0691365674 0.0805719271 -0.0653321072 0.9946053624
61.4 222.5 2083.8 0.9957158566 0.0506919995 -0.0773321092 -0.0453662649 0.9965751767 0.0691365674 0.0805719271 -0.0653321072 0.9946053624
67.3 29.9 2107.4 0.9965852499 -0.0302733723 -0.0768205747 0.0393074974 0.9921209216 0.1189580560 0.0726140365 -0.1215714663 0.9899230003
-74.7 217.1 2073.9 0.2017827034 -0.8563479185 -0.4753441215 0.3041303456 0.5161194205 -0.8007031083 0.9310147762 0.0170014817 0.3645853400
-111.6 161.6 1903.9 -0.5160852075 -0.8563479185 -0.0180102941 -0.8565111756 0.5161194205 0.0030527201 0.0066812718 0.0170014817 -0.9998331666
197.5 227.8 2093.7 0.7603105307 0.4782588184 0.4395411611 -0.4581819177 -0.0847826377 0.8848057389 0.4604316056 -0.8741169572 0.1546684057
378.0 119.1 2203.0 -0.7033356428 0.4782588184 0.5259158611 -0.6330231428 -0.0847826377 -0.7694761753 -0.3234202266 -0.8741169572 0.3623795509
-16.0 -164.7 2117.7 0.9943258762 0.0385570712 -0.0991432741 -0.0393017195 0.9992118478 -0.0055680475 0.0988504514 0.0094329547 0.9950575829
-31.0 -552.6 2114.0 0.9934082627 0.0685778409 -0.0918535143 -0.0541253090 0.9869739413 0.1515021622 0.1010467187 -0.1455319077 0.9841798544
162.5 -160.0 2132.4 0.9929932356 0.0927462727 -0.0732291341 -0.0963298529 0.9942383766 -0.0470166057 0.0684465989 0.0537413247 0.9962062836
126.5 -545.9 2111.6 0.9941518307 -0.0895975903 -0.0602859333 0.0945592225 0.9918650389 0.0852190033 0.0521600954 -0.0904212222 0.9945367575
19.0 378.4 1902.2 0 0 0 0 0 0 0 0 0
197.7 -43.2 2120.1 0 0 0 0 0 0 0 0 0
-56.6 -920.9 2168.3 0 0 0 0 0 0 0 0 0
159.9 -916.1 2145.3 0 0 0 0 0 0 0 0 0
72.9 438.6 2065.2 93 0.9955363274 0.0660220683 -0.0674425960 -0.0604839809 0.9948694110 0.0810961127 0.0724507123 -0.0766549334 0.9944218993
58.5 221.8 2081.9 0.9955363274 0.0660220683 -0.0674425960 -0.0604839809 0.9948694110 0.0810961127 0.0724507123 -0.0766549334 0.9944218993
65.8 29.5 2107.2 0.9970691800 -0.0373475887 -0.0667702183 0.0456602462 0.9907668233 0.1276567280 0.0613860488 -0.1303313375 0.9895683527
-77.7 215.5 2073.5 0.1661184877 -0.8525323868 -0.4955735803 0.2833724022 0.5226293802 -0.8040886521 0.9445129633 -0.0068578953 0.3284025788
-107.9 164.0 1901.7 -0.5224010944 -0.8525323868 0.0169007592 -0.8524374962 0.5226293802 0.0144504784 -0.0211523343 -0.0068578953 -0.9997527599
194.7 228.0 2090.3 0.7619758248 0.4658118188 0.4499023855 -0.4630331695 -0.0938279405 0.8813606501 0.4527616203 -0.8798952699 0.1441916972
375.3 118.3 2197.6 -0.7026991844 0.4658118188 0.5378040671 -0.6435645819 -0.0938279405 -0.7596189380 -0.3033784330 -0.8798952699 0.3657128215
-16.1 -166.1 2124.5 0.9949787259 0.0451018102 -0.0893487409 -0.0473755971 0.9986008406 -0.0234922599 0.0881641880 0.0276072491 0.9957233071
-33.6 -553.7 2113.8 0.9950713515 0.0582945533 -0.0802171677 -0.0458270237 0.9877265692 0.1493187100 0.0879371017 -0.1449066550 0.9855298996
162.5 -159.1 2137.5 0.9932953119 0.0966556445 -0.0634205639 -0.1000064835 0.9936284423 -0.0519732609 0.0579929687 0.0579672642 0.9966326356
124.9 -544.8 2115.0 0.9935949445 -0.0996475667 -0.0532863326 0.1022761837 0.9935429692 0.0491111428 0.0480484590 -0.0542465076 0.9973708987
24.7 380.4 1907.1 0 0 0 0 0 0 0 0 0
195.1 -46.7 2119.8 0 0 0 0 0 0 0 0 0
-55.4 -922.4 2167.8 0 0 0 0 0 0 0 0 0
162.1 -915.4 2135.2 0 0 0 0 0 0 0 0 0
73.0 438.5 2065.1 94 0.9950850606 0.0673572123 -0.0725856572 -0.0614815317 0.9948688149 0.0803496838 0.0776253417 -0.0754920915 0.9941203594
58.3 221.8 2081.5 0.9950850606 0.0673572123 -0.0725856572 -0.0614815317 0.9948688149 0.0803496838 0.0776253417 -0.0754920915 0.9941203594
66.1 29.6 2107.7 0.9966166019 -0.0398646854 -0.0718763396 0.0490920395 0.9900915027 0.1315628141 0.0659194365 -0.1346462369 0.9886986613
-77.8 215.1 2072.5 0.1478121281 -0.8536286354 -0.4994693995 0.2825942636 0.5204155445 -0.8057966232 0.9477826953 -0.0220406875 0.3181543052
-104.5 164.1 1901.5 -0.5196968913 -0.8536286354 0.0351179652 -0.8537763953 0.5204155445 0.0152823757 -0.0313214101 -0.0220406875 -0.9992663264
194.5 228.5 2090.5 0.7618680000 0.4699472785 0.4457653463 -0.4627008140 -0.0867422149 0.8822606206 0.4532826245 -0.8784220815 0.1513588727
376.7 117.8 2199.0 -0.6981943250 0.4699472785 0.5400687456 -0.6454083920 -0.0867422149 -0.7588964105 -0.3097945452 -0.8784220815 0.3638708293
-16.3 -166.9 2127.0 0.9949519038 0.0336216539 -0.0945529863 -0.0369936824 0.9987322092 -0.0341386013 0.0932853222 0.0374641307 0.9949343204
-29.3 -554.6 2112.4 0.9935293794 0.0743483454 -0.0858588964 -0.0591746978 0.9841072559 0.1674252599 0.0969421566 -0.1612612456 0.9821389914
162.3 -158.7 2138.0 0.9933851957 0.0925032720 -0.0680364221 -0.0959020033 0.9942082763 -0.0485051461 0.0631554872 0.0547091216 0.9965030551
126.4 -544.7 2116.7 0.9941456318 -0.0896617696 -0.0602925867 0.0917307138 0.9952544570 0.0324651860 0.0570955835 -0.0378058068 0.9976526499
27.8 381.5 1909.5 0 0 0 0 0 0 0 0 0
197.7 -47.7 2119.5 0 0 0 0 0 0 0 0 0
-57.1 -921.8 2172.6 0 0 0 0 0 0 0 0 0
159.9 -916.0 2130.8 0 0 0 0 0 0 0 0 0
72.4 437.2 2064.0 95 0.9950697422 0.0634896085 -0.0761920288 -0.0572112724 0.9949944615 0.0819324628 0.0810125098 -0.0771694705 0.9937211871
58.7 222.0 2080.7 0.9950697422 0.0634896085 -0.0761920288 -0.0572112724 0.9949944615 0.0819324628 0.0810125098 -0.0771694705 0.9937211871
65.9 29.8 2107.2 0.9964539409 -0.0371170528 -0.0755108893 0.0469695404 0.9899756312 0.1331993788 0.0698099732 -0.1362737566 0.9882084727
-77.5 215.6 2071.2 0.1655080318 -0.8703184128 -0.4638458192 0.3158905804 0.4923361540 -0.8110599518 0.9342485070 -0.0122875851 0.3564109504
-107.4 158.4 1902.1 -0.4924388528 -0.8703184128 0.0070600817 -0.8703157306 0.4923361540 -0.0124748172 0.0073811300 -0.0122875851 -0.9998972416
194.8 228.4 2090.3 0.7599895000 0.4716725647 0.4471475184 -0.4663022757 -0.0835438222 0.8806716800 0.4527451098 -0.8778071404 0.1564495564
374.9 117.9 2197.5 -0.6955296397 0.4716725647 0.5419995189 -0.6471543312 -0.0835438222 -0.7577675581 -0.3121374547 -0.8778071404 0.3633521497
-15.5 -166.9 2127.9 0.9939565659 0.0493918918 -0.0980344862 -0.0515481979 0.9984784722 -0.0195842553 0.0969180167 0.0245194007 0.9949902892
-34.6 -554.5 2118.4 0.9952270389 0.0414360315 -0.0883529186 -0.0279930215 0.9885472655 0.1482924223 0.0934856907 -0.1451113522 0.9849888682
163.1 -158.1 2139.7 0.9930522442 0.0922279507 -0.0730840862 -0.0965030491 0.9936823249 -0.0572939776 0.0673382580 0.0639487505 0.9956787229
127.3 -543.9 2114.9 0.9947047830 -0.0823910013 -0.0614337698 0.0862413943 0.9942863584 0.0629048422 0.0558999702 -0.0678698793 0.9961269498
17.5 379.2 1900.2 0 0 0 0 0 0 0 0 0
196.5 -48.0 2117.5 0 0 0 0 0 0 0 0 0
-50.1 -923.2 2172.5 0 0 0 0 0 0 0 0 0
158.0 -914.8 2140.2 0 0 0 0 0 0 0 0 0
71.0 435.2 2063.0 96 0.9953802824 0.0401805714 -0.0871988460 -0.0327869765 0.9958732724 0.0846255124 0.0902393013 -0.0813755840 0.9925900102
62.4 221.7 2080.4 0.9953802824 0.0401805714 -0.0871988460 -0.0327869765 0.9958732724 0.0846255124 0.0902393013 -0.0813755840 0.9925900102
67.4 29.2 2105.0 0.9958829284 -0.0257498883 -0.0869143829 0.0364449807 0.9916371703 0.1238044500 0.0829995796 -0.1264623255 0.9884929657
-73.7 216.7 2069.1 0.2091992050 -0.8735632300 -0.4394576550 0.3349346817 0.4862287939 -0.8070937395 0.9187243581 0.0216537546 0.3943052888
-111.8 155.7 1901.8 -0.4856661558 -0.8735632300 -0.0318702310 -0.8737385273 0.4862287939 -0.0127505166 0.0266346056 0.0216537546 -0.9994106889
198.4 226.7 2091.8 0.7588210106 0.4686721563 0.4522577226 -0.4707623720 -0.0851780847 0.8781386614 0.4500815868 -0.8792560101 0.1559983045
374.7 117.3 2196.3 -0.6969661713 0.4686721563 0.5427564383 -0.6472063661 -0.0851780847 -0.7575411797 -0.3088075221 -0.8792560101 0.3626938462
-16.2 -166.6 2127.4 0.9928911328 0.0432367958 -0.1108951569 -0.0464608297 0.9985644221 -0.0266541746 0.1095835194 0.0316169746 0.9934746027
-33.0 -554.2 2115.1 0.9931753278 0.0575113446 -0.1014652774 -0.0417731479 0.9876621366 0.1509256810 0.1088933498 -0.1456571370 0.9833240509
162.3 -158.1 2139.9 0.9923471212 0.0889573246 -0.0856376961 -0.0941359475 0.9938417077 -0.0584560223 0.0799102262 0.0660702512 0.9946100116
127.8 -544.0 2114.2 0.9942551851 -0.0782056525 -0.0730785877 0.0835990757 0.9937543869 0.0739149898 0.0668415949 -0.0795996636 0.9945833683
11.1 376.7 1895.0 0 0 0 0 0 0 0 0 0
195.9 -48.6 2117.1 0 0 0 0 0 0 0 0 0
-54.4 -922.7 2169.4 0 0 0 0 0 0 0 0 0
157.0 -914.8 2143.9 0 0 0 0 0 0 0 0 0
70.1 435.3 2064.5 97 0.9948467612 0.0258484986 -0.0980394408 -0.0182169098 0.9967905283 0.0779533684 0.0997397676 -0.0757656842 0.9921247363
64.6 222.3 2080.7 0.9948467612 0.0258484986 -0.0980394408 -0.0182169098 0.9967905283 0.0779533684 0.0997397676 -0.0757656842 0.9921247363
68.9 30.0 2106.2 0.9949468374 -0.0220881384 -0.0979436561 0.0346612297 0.9910917282 0.1285913587 0.0942308009 -0.1313364208 0.9868491888
-71.3 217.6 2067.8 0.2169005424 -0.8813856244 -0.4196588099 0.3551161885 0.4716795981 -0.8071002364 0.9093110561 0.0260328464 0.4153018594
-111.1 152.5 1901.2 -0.4707458913 -0.8813856244 -0.0394672640 -0.8815736175 0.4716795981 -0.0186097268 0.0350182503 0.0260328464 -0.9990475774
200.5 227.1 2093.5 0.7572114468 0.4823898077 0.4403758645 -0.4629566669 -0.0792346075 0.8828323483 0.4607623518 -0.8723657131 0.1633282304
373.8 121.1 2199.0 -0.6822064519 0.4823898077 0.5494492054 -0.6586679220 -0.0792346075 -0.7482502460 -0.3174129128 -0.8723657131 0.3717890382
-16.8 -166.5 2122.1 0.9916073680 0.0423054695 -0.1221681833 -0.0448829159 0.9988223910 -0.0184219871 0.1212449595 0.0237506423 0.9923384190
-33.2 -554.2 2112.9 0.9920909405 0.0553510077 -0.1126582474 -0.0368529297 0.9864114523 0.1601073146 0.1199894845 -0.1546892375 0.9806496501
161.6 -160.0 2136.9 0.9914137125 0.0871780068 -0.0974618345 -0.0930303186 0.9940187931 -0.0572014004 0.0918921977 0.0657771602 0.9935940504
127.8 -545.9 2111.4 0.9931998253 -0.0807549730 -0.0838615596 0.0880162641 0.9923266768 0.0868386775 0.0762054026 -0.0936293378 0.9926863909
7.8 375.1 1892.4 0 0 0 0 0 0 0 0 0
198.9 -47.8 2117.6 0 0 0 0 0 0 0 0 0
-53.9 -922.4 2170.6 0 0 0 0 0 0 0 0 0
157.9 -916.2 2146.3 0 0 0 0 0 0 0 0 0
71.9 434.9 2066.2 98 0.9952437878 0.0313978903 -0.0922171250 -0.0252978262 0.9974597692 0.0665887892 0.0940736160 -0.0639391914 0.9935098886
65.2 221.4 2079.9 0.9952437878 0.0313978903 -0.0922171250 -0.0252978262 0.9974597692 0.0665887892 0.0940736160 -0.0639391914 0.9935098886
68.9 29.3 2107.9 0.9955961108 -0.0192210022 -0.0917549133 0.0321874879 0.9893425703 0.1420041770 0.0880475789 -0.1443321705 0.9856042862
-70.8 217.0 2067.9 0.2188722342 -0.8850355148 -0.4108613729 0.3594536185 0.4645913243 -0.8092885613 0.9071317911 0.0294451974 0.4198153615
-111.0 151.0 1901.3 -0.4636543989 -0.8850355148 -0.0416740291 -0.8853793144 0.4645913243 -0.0160725918 0.0335862078 0.0294451974 -0.9990019798
201.2 225.8 2091.9 0.7555165291 0.4935589731 0.4308065474 -0.4509503245 -0.0852158368 0.8884717822 0.4752247632 -0.8655274510 0.1581885964
373.2 123.1 2200.2 -0.6807687879 0.4935589731 0.5412517190 -0.6571933031 -0.0852158368 -0.7488893270 -0.3234978318 -0.8655274510 0.3823759258
-16.0 -165.5 2123.2 0.9921302795 0.0436984636 -0.1173370853 -0.0467972048 0.9986212254 -0.0237837061 0.1161359921 0.0290875826 0.9928073287
-32.9 -553.2 2111.9 0.9922319651 0.0626306087 -0.1074853763 -0.0452151895 0.9864953160 0.1574246734 0.1158934310 -0.1513418257 0.9816640615
162.3 -159.3 2140.1 0.9916848540 0.0888351649 -0.0931099728 -0.0943761319 0.9939096570 -0.0568924583 0.0874888524 0.0652067512 0.9940290451
127.8 -545.2 2114.8 0.9933270812 -0.0808868408 -0.0822110847 0.0858266205 0.9945947528 0.0584383123 0.0770398229 -0.0651042610 0.9949001670
6.1 374.6 1892.8 0 0 0 0 0 0 0 0 0
198.7 -45.4 2117.2 0 0 0 0 0 0 0 0 0
-56.3 -921.4 2168.4 0 0 0 0 0 0 0 0 0
158.0 -916.3 2139.0 0 0 0 0 0 0 0 0 0
72.0 433.7 2060.1 99 0.9960013032 0.0078918943 -0.0889895335 0.0000827448 0.9960087538 0.0892555565 0.0893387496 -0.0889060125 0.9920253754
70.3 218.9 2079.3 0.9960013032 0.0078918943 -0.0889895335 0.0000827448 0.9960087538 0.0892555565 0.0893387496 -0.0889060125 0.9920253754
70.5 26.8 2107.0 0.9960469007 -0.0014224858 -0.0888174474 0.0140824011 0.9897555709 0.1420758963 0.0877054632 -0.1427650303 0.9858630300
-65.8 217.0 2067.3 0.2450840175 -0.8791812062 -0.4086247683 0.3653216660 0.4741589129 -0.8010701537 0.8980389237 0.0470500253 0.4373927116
-110.7 150.1 1902.8 -0.4727983773 -0.8791812062 -0.0591781810 -0.8803744912 0.4741589129 -0.0106788334 0.0374484919 0.0470500253 -0.9981903434
206.3 220.8 2091.3 0.7515537739 0.5253400803 0.3989795744 -0.4268159270 -0.0739145428 0.9013128281 0.5029861331 -0.8476759195 0.1686727554
373.5 125.9 2203.1 -0.6630699635 0.5253400803 0.5332504511 -0.6598881483 -0.0739145428 -0.7477194071 -0.3533919752 -0.8476759195 0.3956761956
-16.5 -165.6 2128.0 0.9924733043 0.0333652198 -0.1178281158 -0.0374430828 0.9987679720 -0.0325656235 0.1165963933 0.0367323607 0.9924998879
-29.5 -553.3 2113.8 0.9915370345 0.0681961849 -0.1104698032 -0.0527503565 0.9891435504 0.1371585876 0.1186241806 -0.1301705092 0.9843698144
161.9 -159.8 2143.8 0.9915578961 0.0879185945 -0.0953063816 -0.0950063542 0.9928280711 -0.0725686476 0.0882427171 0.0810107216 0.9927993417
127.7 -545.2 2112.4 0.9933699965 -0.0816615298 -0.0809159726 0.0880192444 0.9930291176 0.0783949569 0.0739500672 -0.0849973634 0.9936331511
9.1 373.1 1893.3 0 0 0 0 0 0 0 0 0
203.5 -43.2 2112.5 0 0 0 0 0 0 0 0 0
-54.9 -922.4 2162.4 0 0 0 0 0 0 0 0 0
158.2 -915.7 2144.1 0 0 0 0 0 0 0 0 0
71.9 434.6 2062.0 00 0.9955118299 0.0283411555 -0.0902937055 -0.0206689015 0.9961836338 0.0847994760 0.0923524275 -0.0825526118 0.9922983646
65.8 221.7 2079.7 0.9955118299 0.0283411555 -0.0902937055 -0.0206689015 0.9961836338 0.0847994760 0.0923524275 -0.0825526118 0.9922983646
68.9 29.5 2106.8 0.9958180785 -0.0159168560 -0.0899613276 0.0282853916 0.9900373220 0.1379350871 0.0868695751 -0.1399028450 0.9863472581
-70.2 217.8 2067.8 0.2105051577 -0.8803778291 -0.4249970317 0.3710319996 0.4741592407 -0.7984411716 0.9044461250 0.0103884675 0.4264613092
-108.7 149.9 1902.4 -0.4736059010 -0.8803778291 -0.0251465440 -0.8800899386 0.4741592407 -0.0247943532 0.0337518640 0.0103884675 -0.9993762374
201.9 225.5 2091.5 0.7554098964 0.4969553649 0.4270728827 -0.4563986957 -0.0686163008 0.8871257305 0.4701660275 -0.8650590777 0.1749763489
369.7 124.1 2196.0 -0.6624032855 0.4969553649 0.5605865717 -0.6739762425 -0.0686163008 -0.7355595827 -0.3270748854 -0.8650590777 0.3803877532
-18.4 -166.5 2126.8 0.9926622510 0.0333557986 -0.1162283346 -0.0370159112 0.9988799095 -0.0294752568 0.1151149720 0.0335612707 0.9927850366
-31.4 -554.3 2113.8 0.9917210937 0.0674101338 -0.1092940718 -0.0526589565 0.9897640347 0.1326432973 0.1171168387 -0.1257898360 0.9851195812
160.0 -164.0 2142.6 0.9923548102 0.0820145234 -0.0922252685 -0.0879902169 0.9941456914 -0.0627066046 0.0865424946 0.0703421235 0.9937617183
128.2 -549.9 2115.2 0.9933290482 -0.0812281370 -0.0818497539 0.0859269351 0.9947478771 0.0556166060 0.0769022331 -0.0622786917 0.9950916767
11.4 373.2 1893.9 0 0 0 0 0 0 0 0 0
199.9 -48.6 2112.2 0 0 0 0 0 0 0 0 0
-56.5 -923.7 2160.8 0 0 0 0 0 0 0 0 0
158.5 -921.1 2138.5 0 0 0 0 0 0 0 0 0
72.7 435.2 2064.0 01 0.9953054786 0.0437058173 -0.0863524824 -0.0374279805 0.9966273308 0.0730278790 0.0892529860 -0.0694530457 0.9935845137
63.4 222.1 2078.8 0.9953054786 0.0437058173 -0.0863524824 -0.0374279805 0.9966273308 0.0730278790 0.0892529860 -0.0694530457 0.9935845137
67.8 30.1 2106.5 0.9960615039 -0.0229209606 -0.0856508762 0.0348153226 0.9895291328 0.1400714815 0.0815434679 -0.1425017864 0.9864298701
-72.7 217.4 2067.7 0.1857896149 -0.8813771605 -0.4343460798 0.3667449653 0.4722992182 -0.8015183210 0.9115812182 -0.0103804497 0.4109889269
-106.7 150.3 1901.0 -0.4723143578 -0.8813771605 -0.0096672289 -0.8805301785 0.4722992182 -0.0400003456 0.0398212150 -0.0103804497 -0.9991528988
199.4 226.9 2090.0 0.7582544088 0.4933423698 0.4262200892 -0.4554132223 -0.0670118034 0.8877546191 0.4665287435 -0.8672500849 0.1738626361
368.2 125.5 2193.8 -0.6502299905 0.4933423698 0.5777666569 -0.6906627417 -0.0670118034 -0.7200655341 -0.3165216744 -0.8672500849 0.3843062818
-17.2 -165.2 2126.2 0.9929276109 0.0419619195 -0.1110583544 -0.0460253954 0.9983518720 -0.0342804044 0.1094368473 0.0391494669 0.9932224751
-33.5 -552.7 2111.0 0.9927814007 0.0643050373 -0.1012420356 -0.0483105071 0.9870165586 0.1531810462 0.1097778827 -0.1471842378 0.9829982519
161.2 -160.1 2141.8 0.9925519228 0.0852687806 -0.0870053992 -0.0911070555 0.9936851859 -0.0654919967 0.0808715597 0.0729310140 0.9940527678
128.1 -545.9 2113.5 0.9942227602 -0.0784424245 -0.0732660219 0.0845222622 0.9928795099 0.0839417502 0.0661597401 -0.0896494016 0.9937735796
12.7 372.8 1890.9 0 0 0 0 0 0 0 0 0
201.5 -51.5 2112.7 0 0 0 0 0 0 0 0 0
-57.5 -921.1 2165.9 0 0 0 0 0 0 0 0 0
157.4 -916.3 2146.9 0 0 0 0 0 0 0 0 0
71.6 436.2 2059.5 02 0.9959684610 0.0395254940 -0.0805269703 -0.0325049534 0.9957039356 0.0867011473 0.0836079270 -0.0837340802 0.9929744601
63.1 221.0 2077.6 0.9959684610 0.0395254940 -0.0805269703 -0.0325049534 0.9957039356 0.0867011473 0.0836079270 -0.0837340802 0.9929744601
67.9 28.9 2105.1 0.9964807034 -0.0246047769 -0.0801300406 0.0356531404 0.9895779490 0.1395147443 0.0758621916 -0.1418806314 0.9869725704
-73.1 216.1 2067.2 0.1815972924 -0.8848433495 -0.4290392399 0.3648840487 0.4657780528 -0.8061702251 0.9131714106 -0.0101512400 0.4074492455
-106.4 149.1 1899.4 -0.4657535851 -0.8848433495 -0.0112178642 -0.8838521838 0.4657780528 -0.0430832393 0.0433469526 -0.0101512400 -0.9990084767
199.2 225.9 2087.9 0.7565361857 0.4973502457 0.4246124625 -0.4478152692 -0.0791741535 0.8906137943 0.4765653312 -0.8639295101 0.1628229320
369.7 125.0 2195.3 -0.6559580564 0.4973502457 0.5677691102 -0.6860390902 -0.0791741535 -0.7232439518 -0.3147529066 -0.8639295101 0.3931366503
-17.0 -165.1 2126.9 0.9937449694 0.0370675884 -0.1053419039 -0.0409340225 0.9985563159 -0.0347810872 0.1039005741 0.0388755985 0.9938276410
-31.4 -552.8 2111.8 0.9925223589 0.0737326294 -0.0972771123 -0.0597396716 0.9883979559 0.1396445781 0.1064448655 -0.1327890754 0.9854118824
161.5 -158.9 2141.5 0.9929561019 0.0858982876 -0.0816066936 -0.0916895494 0.9933182597 -0.0700843781 0.0750412866 0.0770731941 0.9941974282
128.1 -544.5 2111.5 0.9949049354 -0.0761461854 -0.0660747886 0.0823675394 0.9918510914 0.0971959233 0.0581352524 -0.1021431237 0.9930695295
10.8 371.6 1888.5 0 0 0 0 0 0 0 0 0
201.5 -50.9 2114.6 0 0 0 0 0 0 0 0 0
-58.9 -921.7 2161.3 0 0 0 0 0 0 0 0 0
156.6 -914.6 2149.7 0 0 0 0 0 0 0 0 0
74.4 441.4 2064.2 03 0.9950398207 0.0494434237 -0.0863196403 -0.0440829471 0.9970432520 0.0629398525 0.0891763791 -0.0588224381 0.9942773581
63.4 220.7 2077.2 0.9950398207 0.0494434237 -0.0863196403 -0.0440829471 0.9970432520 0.0629398525 0.0891763791 -0.0588224381 0.9942773581
67.9 28.5 2103.9 0.9960805774 -0.0231432971 -0.0853686929 0.0345609635 0.9902704358 0.1347962618 0.0814184621 -0.1372183710 0.9871889949
-72.6 216.0 2066.1 0.1778608263 -0.8945664167 -0.4100200236 0.3533729911 0.4469331801 -0.8218140006 0.9184187651 0.0012785207 0.3956075013
-105.2 151.3 1897.9 -0.4463385344 -0.8945664167 -0.0230827741 -0.8935166597 0.4469331801 -0.0433445014 0.0490909927 0.0012785207 -0.9987934828
199.5 225.5 2088.4 0.7552228570 0.5160509348 0.4041409492 -0.4335809052 -0.0690920874 0.8984619379 0.4915750623 -0.8537667990 0.1715699136
373.0 125.9 2201.3 -0.6550894380 0.5160509348 0.5518597960 -0.6740119457 -0.0690920874 -0.7354822755 -0.3414171636 -0.8537667990 0.3930859864
-16.6 -166.4 2125.9 0.9928403497 0.0453330092 -0.1105122119 -0.0493665896 0.9982005358 -0.0340388454 0.1087702662 0.0392507538 0.9932916760
-34.2 -553.9 2110.6 0.9938548207 0.0460675210 -0.1006498039 -0.0311963521 0.9889954329 0.1446194947 0.1062044576 -0.1405908763 0.9843550324
161.9 -160.0 2139.5 0.9926249981 0.0861322507 -0.0853041559 -0.0909999534 0.9943356514 -0.0549148545 0.0800910220 0.0622725338 0.9948404431
128.5 -546.0 2115.3 0.9944614768 -0.0739953592 -0.0746398047 0.0786733031 0.9949824214 0.0618100017 0.0696916357 -0.0673398226 0.9952931404
7.1 376.1 1885.6 0 0 0 0 0 0 0 0 0
205.1 -46.9 2113.8 0 0 0 0 0 0 0 0 0
-51.4 -922.9 2163.1 0 0 0 0 0 0 0 0 0
156.1 -917.1 2140.4 0 0 0 0 0 0 0 0 0
74.8 441.6 2060.6 04 0.9950316548 0.0518702120 -0.0849789903 -0.0452446751 0.9959167838 0.0781196579 0.0886840895 -0.0738866925 0.9933155775
63.3 221.5 2076.9 0.9950316548 0.0518702120 -0.0849789903 -0.0452446751 0.9959167838 0.0781196579 0.0886840895 -0.0738866925 0.9933155775
68.4 29.2 2102.8 0.9961054325 -0.0258746669 -0.0842877626 0.0368145779 0.9907059073 0.1309444755 0.0801162422 -0.1335375309 0.9878001213
-72.7 216.5 2066.0 0.1733372062 -0.8903966546 -0.4208894968 0.3359919488 0.4551828802 -0.8245713711 0.9257773161 0.0015134123 0.3780662417
-104.3 155.3 1897.4 -0.4545516372 -0.8903966546 -0.0240119938 -0.8893274069 0.4551828802 -0.0436498523 0.0497955345 0.0015134123 -0.9987583160
199.4 226.6 2087.9 0.7474009395 0.5240032673 0.4084267914 -0.4376765490 -0.0741575062 0.8960691690 0.4998310506 -0.8484817147 0.1739185452
375.7 123.3 2205.8 -0.6682243347 0.5240032673 0.5281068087 -0.6534903646 -0.0741575062 -0.7532933950 -0.3555651307 -0.8484817147 0.3919849396
-16.8 -166.8 2123.2 0.9930019975 0.0489298329 -0.1074846238 -0.0497766025 0.9987468123 -0.0052077482 0.1070951074 0.0105215237 0.9941931367
-35.8 -554.4 2119.1 0.9940474629 0.0395814814 -0.1015034914 -0.0289866123 0.9941748977 0.1038077325 0.1050210893 -0.1002475694 0.9894043803
161.7 -160.6 2137.8 0.9928880930 0.0854390413 -0.0829060972 -0.0897028744 0.9947556257 -0.0491393656 0.0782728791 0.0562268049 0.9953451157
128.5 -546.8 2116.0 0.9949047565 -0.0683900192 -0.0740766004 0.0721406490 0.9961804748 0.0491959788 0.0704291463 -0.0542892441 0.9960383773
10.1 379.3 1884.8 0 0 0 0 0 0 0 0 0
204.5 -44.1 2114.6 0 0 0 0 0 0 0 0 0
-50.6 -925.1 2156.5 0 0 0 0 0 0 0 0 0
154.0 -918.5 2136.2 0 0 0 0 0 0 0 0 0
74.7 442.6 2062.8 05 0.9939581752 0.0583792068 -0.0929463729 -0.0517299101 0.9960325360 0.0724097639 0.0968048424 -0.0671641678 0.9930346608
61.8 223.1 2077.6 0.9939581752 0.0583792068 -0.0929463729 -0.0517299101 0.9960325360 0.0724097639 0.0968048424 -0.0671641678 0.9930346608
67.5 30.4 2100.6 0.9952962399 -0.0293739457 -0.0923178419 0.0400046185 0.9925014973 0.1155005246 0.0882328898 -0.1186503768 0.9890081286
-74.2 217.6 2065.5 0.1613332182 -0.8786881566 -0.4493091404 0.3311816752 0.4770765603 -0.8140740991 0.9296721220 -0.0174657516 0.3679737151
-103.4 157.6 1897.1 -0.4773926437 -0.8786881566 0.0018365992 -0.8782341480 0.4770765603 -0.0332070217 0.0283024199 -0.0174657516 -0.9994468093
197.8 228.5 2089.6 0.7507327795 0.5087033510 0.4214512706 -0.4502287805 -0.0728579760 0.8899358511 0.4834193885 -0.8578535318 0.1743360013
376.5 121.3 2204.7 -0.6820611358 0.5087033510 0.5253699422 -0.6421428919 -0.0728579760 -0.7631148100 -0.3499216735 -0.8578535318 0.3763538003
-15.9 -166.4 2121.6 0.9925238490 0.0424560308 -0.1144287512 -0.0437708274 0.9990010262 -0.0090009710 0.1139322966 0.0139423199 0.9933906794
-32.3 -554.1 2116.2 0.9927304387 0.0533296317 -0.1078989431 -0.0400577523 0.9917665720 0.1216322929 0.1134971753 -0.1164258942 0.9866931438
162.6 -159.8 2135.9 0.9915952682 0.0944702625 -0.0883978456 -0.0986769199 0.9941247106 -0.0444846228 0.0836760104 0.0528335683 0.9950914383
126.0 -545.7 2115.4 0.9928159118 -0.0893318728 -0.0796011388 0.0930691510 0.9946629405 0.0445400067 0.0751974583 -0.0516284369 0.9958312511
17.4 379.8 1890.0 0 0 0 0 0 0 0 0 0
201.7 -43.3 2115.1 0 0 0 0 0 0 0 0 0
-52.2 -924.1 2159.6 0 0 0 0 0 0 0 0 0
159.3 -916.9 2134.7 0 0 0 0 0 0 0 0 0
74.5 441.8 2063.9 06 0.9931592345 0.0649978966 -0.0970052034 -0.0583902411 0.9958737493 0.0694693998 0.1011203006 -0.0633300170 0.9928565025
60.2 223.1 2077.8 0.9931592345 0.0649978966 -0.0970052034 -0.0583902411 0.9958737493 0.0694693998 0.1011203006 -0.0633300170 0.9928565025
67.0 30.4 2100.1 0.9947417378 -0.0346753225 -0.0963666141 0.0453927405 0.9927441478 0.1113490462 0.0918063298 -0.1151378900 0.9890980124
-75.7 216.9 2065.2 0.1527618617 -0.8673578501 -0.4736603796 0.3205760121 0.4968596995 -0.8064498901 0.9348233938 -0.0286493730 0.3539553285
-103.1 159.4 1897.5 -0.4970684052 -0.8673578501 0.0247662161 -0.8677113652 0.4968596995 -0.0144033432 0.0001875182 -0.0286493730 -0.9995895028
196.1 229.3 2090.3 0.7515990138 0.5102544427 0.4180183411 -0.4524497390 -0.0623447113 0.8896079659 0.4799876511 -0.8577607870 0.1840062737
378.3 119.7 2206.6 -0.6918401122 0.5102544427 0.5108793378 -0.6222224236 -0.0623447113 -0.7803540230 -0.3663284779 -0.8577607870 0.3606243134
-16.0 -165.8 2115.7 0.9924113750 0.0375235379 -0.1170967519 -0.0371932834 0.9992955327 0.0050050123 0.1172020733 -0.0006118184 0.9931079149
-30.5 -553.7 2116.0 0.9918219447 0.0608703084 -0.1121786535 -0.0477103516 0.9920470119 0.1164752245 0.1183763817 -0.1101705953 0.9868381023
162.4 -158.6 2131.6 0.9918185472 0.0906866044 -0.0898438618 -0.0936845243 0.9951581359 -0.0297242682 0.0867132545 0.0378980599 0.9955121875
127.2 -544.9 2116.8 0.9931823015 -0.0812234133 -0.0836162791 0.0845066458 0.9957541823 0.0364994071 0.0802966505 -0.0433166958 0.9958293438
23.4 380.3 1897.4 0 0 0 0 0 0 0 0 0
201.0 -39.8 2112.8 0 0 0 0 0 0 0 0 0
-53.2 -923.8 2157.1 0 0 0 0 0 0 0 0 0
157.5 -916.5 2133.0 0 0 0 0 0 0 0 0 0
75.3 440.2 2065.9 07 0.9925128818 0.0742115229 -0.0970096663 -0.0688212812 0.9959543347 0.0577806793 0.1009051874 -0.0506717376 0.9936048388
59.1 223.0 2077.0 0.9925128818 0.0742115229 -0.0970096663 -0.0688212812 0.9959543347 0.0577806793 0.1009051874 -0.0506717376 0.9936048388
66.5 30.4 2099.6 0.9946476817 -0.0381727926 -0.0960146338 0.0489645712 0.9924241900 0.1126796529 0.0909859538 -0.1167778745 0.9889815450
-76.8 216.3 2064.5 0.1470466107 -0.8610975146 -0.4867117703 0.3156617582 0.5071840882 -0.8019488454 0.9374086261 -0.0357124284 0.3463952541
-103.0 160.1 1897.6 -0.5070250630 -0.8610975146 0.0379027575 -0.8618168235 0.5071840882 -0.0060099442 -0.0140485270 -0.0357124284 -0.9992633462
195.0 229.7 2089.4 0.7549988627 0.5107657313 0.4112117290 -0.4511554837 -0.0504634157 0.8910174966 0.4758523405 -0.8582376242 0.1923349351
377.8 120.4 2204.7 -0.6874100566 0.5107657313 0.5163194537 -0.6235033274 -0.0504634157 -0.7801904082 -0.3724392653 -0.8582376242 0.3531531692
-15.4 -166.3 2114.3 0.9923037291 0.0429440476 -0.1161426455 -0.0417929180 0.9990502000 0.0123295952 0.1165618226 -0.0073807626 0.9931560159
-32.1 -554.1 2117.1 0.9924085140 0.0516199246 -0.1116277426 -0.0398141965 0.9936200976 0.1055172011 0.1163623556 -0.1002717987 0.9881322384
162.8 -158.2 2130.7 0.9918789268 0.0905523226 -0.0893112794 -0.0937105492 0.9950909019 -0.0318181887 0.0859916285 0.0399292000 0.9954953790
127.7 -544.5 2115.2 0.9936446548 -0.0780741796 -0.0810848475 0.0826714262 0.9950594306 0.0549741387 0.0763921812 -0.0613281615 0.9951899648
26.8 380.7 1901.2 0 0 0 0 0 0 0 0 0
201.6 -39.4 2109.2 0 0 0 0 0 0 0 0 0
-51.3 -924.9 2154.5 0 0 0 0 0 0 0 0 0
156.8 -915.8 2138.1 0 0 0 0 0 0 0 0 0
74.7 441.4 2066.9 08 0.9925295711 0.0709099174 -0.0992818773 -0.0660737678 0.9965010881 0.0511840247 0.1025639549 -0.0442417264 0.9937420487
59.1 222.3 2076.7 0.9925295711 0.0709099174 -0.0992818773 -0.0660737678 0.9965010881 0.0511840247 0.1025639549 -0.0442417264 0.9937420487
66.8 29.6 2099.2 0.9943802953 -0.0392563082 -0.0983195826 0.0502206758 0.9924777150 0.1116505936 0.0931970030 -0.1159608290 0.9888718128
-76.7 215.4 2063.9 0.1470505893 -0.8580223918 -0.4921115041 0.3067569435 0.5125494599 -0.8019932508 0.9403596520 -0.0330250338 0.3385750055
-102.8 161.0 1897.0 -0.5117378235 -0.8580223918 0.0438406318 -0.8586102724 0.5125494599 0.0090221679 -0.0302117150 -0.0330250338 -0.9989978075
195.0 229.2 2089.4 0.7548640370 0.5081238151 0.4147173166 -0.4474993348 -0.0632619187 0.8920438886 0.4795045555 -0.8589575887 0.1796309203
379.5 119.8 2206.6 -0.6910647154 0.5081238151 0.5140425563 -0.6251665950 -0.0632619187 -0.7779232860 -0.3627620339 -0.8589575887 0.3613801301
-15.2 -166.7 2114.2 0.9915872216 0.0546013266 -0.1173604429 -0.0512705743 0.9981967807 0.0312168431 0.1188533008 -0.0249370858 0.9925986528
-36.4 -554.1 2123.8 0.9927583337 0.0333677679 -0.1154014096 -0.0258867312 0.9975017309 0.0657282770 0.1173063070 -0.0622649305 0.9911419153
163.0 -157.9 2130.5 0.9916902184 0.0903396904 -0.0915927216 -0.0938343778 0.9949868917 -0.0345860310 0.0880090669 0.0428931750 0.9951957464
128.0 -544.2 2113.8 0.9937518835 -0.0762693509 -0.0814870298 0.0821335316 0.9940738082 0.0712137148 0.0755726993 -0.0774615854 0.9941269755
28.6 381.5 1904.8 0 0 0 0 0 0 0 0 0
202.3 -40.5 2113.6 0 0 0 0 0 0 0 0 0
-48.8 -926.1 2147.1 0 0 0 0 0 0 0 0 0
156.4 -915.2 2142.7 0 0 0 0 0 0 0 0 0
76.3 442.1 2066.5 09 0.9922066927 0.0723973960 -0.1014122590 -0.0675930828 0.9964573383 0.0500393286 0.1046757102 -0.0427945890 0.9935852289
60.4 222.1 2075.9 0.9922066927 0.0723973960 -0.1014122590 -0.0675930828 0.9964573383 0.0500393286 0.1046757102 -0.0427945890 0.9935852289
66.5 29.4 2098.5 0.9944700599 -0.0316882953 -0.1001259238 0.0429974645 0.9926764369 0.1128924936 0.0958152786 -0.1165733635 0.9885494709
-75.5 216.2 2062.8 0.1463508904 -0.8570535183 -0.4940047860 0.3067986369 0.5140821934 -0.8009957075 0.9404551983 -0.0343335569 0.3381792307
-101.8 161.1 1894.0 -0.5130603313 -0.8570535183 0.0472059660 -0.8576570749 0.5140821934 0.0119926967 -0.0345461294 -0.0343335569 -0.9988131523
196.2 227.9 2089.0 0.7533622980 0.5091180205 0.4162259996 -0.4469799697 -0.0678100437 0.8919701576 0.4823423922 -0.8580213189 0.1764800251
380.4 118.7 2206.9 -0.6913738847 0.5091180205 0.5126411915 -0.6259804964 -0.0678100437 -0.7768849730 -0.3607639074 -0.8580213189 0.3655800521
-14.7 -167.5 2113.3 0.9915112257 0.0490494594 -0.1204143912 -0.0468644314 0.9986823201 0.0209129490 0.1212814897 -0.0150922723 0.9925034046
-33.7 -555.2 2119.2 0.9913064241 0.0608739369 -0.1166444644 -0.0503078289 0.9945352077 0.0914813876 0.1215758622 -0.0848179609 0.9889515638
163.5 -158.5 2130.0 0.9912884235 0.0913246050 -0.0949057937 -0.0952621400 0.9947338104 -0.0378120542 0.0909528285 0.0465235785 0.9947679043
128.0 -544.7 2112.0 0.9935851097 -0.0759805143 -0.0837594792 0.0824717656 0.9936164021 0.0769731328 0.0773763359 -0.0833871439 0.9935086966
30.1 381.5 1902.9 0 0 0 0 0 0 0 0 0
203.1 -41.8 2114.4 0 0 0 0 0 0 0 0 0
-56.4 -926.0 2150.8 0 0 0 0 0 0 0 0 0
156.4 -915.6 2143.1 0 0 0 0 0 0 0 0 0
77.6 447.1 2072.2 10 0.9916185737 0.0741610527 -0.1057956740 -0.0721048862 0.9971287251 0.0231348779 0.1072076112 -0.0153125906 0.9941187501
60.9 221.9 2075.7 0.9916185737 0.0741610527 -0.1057956740 -0.0721048862 0.9971287251 0.0231348779 0.1072076112 -0.0153125906 0.9941187501
67.0 29.1 2098.2 0.9941002131 -0.0312433597 -0.1038683727 0.0429539233 0.9927236438 0.1124931648 0.0995979235 -0.1162910312 0.9882088304
-74.9 216.0 2062.1 0.1498107165 -0.8631089926 -0.4822858870 0.3069164455 0.5042900443 -0.8071516752 0.9398718476 -0.0271014888 0.3404503763
-102.0 160.6 1892.4 -0.5038405657 -0.8631089926 0.0344615057 -0.8635182381 0.5042900443 0.0052727996 -0.0219295938 -0.0271014888 -0.9993920922
196.7 227.7 2089.3 0.7498801947 0.5199428201 0.4090711474 -0.4431039393 -0.0644244850 0.8941523433 0.4912622571 -0.8517681360 0.1820780635
380.9 118.9 2210.0 -0.6886352301 0.5199428201 0.5054117441 -0.6216061711 -0.0644244850 -0.7806761265 -0.3733460605 -0.8517681360 0.3675646484
-16.4 -167.2 2112.6 0.9913186431 0.0431808084 -0.1241882816 -0.0409880653 0.9989562631 0.0201589316 0.1249291375 -0.0148936883 0.9920538664
-33.2 -555.0 2118.4 0.9910628796 0.0575147681 -0.1203597113 -0.0455931723 0.9939863086 0.0995615050 0.1253621578 -0.0931841284 0.9877251983
161.8 -159.5 2129.7 0.9914139509 0.0867100284 -0.0978760049 -0.0899615586 0.9955140352 -0.0293033067 0.0948960483 0.0378567874 0.9947671294
128.1 -545.9 2115.1 0.9929193258 -0.0782922134 -0.0893395320 0.0841593295 0.9944007397 0.0639089346 0.0838357210 -0.0709751695 0.9939487576
26.7 381.1 1898.0 0 0 0 0 0 0 0 0 0
204.3 -40.5 2114.2 0 0 0 0 0 0 0 0 0
-54.7 -925.8 2153.1 0 0 0 0 0 0 0 0 0
157.3 -917.1 2141.5 0 0 0 0 0 0 0 0 0
79.9 451.8 2074.6 11 0.9922695160 0.0789129063 -0.0957806110 -0.0785063431 0.9968814254 0.0080116270 0.0961141288 -0.0004303083 0.9953702092
61.6 221.2 2074.7 0.9922695160 0.0789129063 -0.0957806110 -0.0785063431 0.9968814254 0.0080116270 0.0961141288 -0.0004303083 0.9953702092
68.0 28.9 2100.1 0.9951344728 -0.0325423554 -0.0929964334 0.0443047136 0.9908665419 0.1273599267 0.0880024582 -0.1308604330 0.9874872565
-74.3 215.2 2062.7 0.1719891131 -0.8764250278 -0.4497765601 0.3261367083 0.4814907312 -0.8135118484 0.9295453429 -0.0067734662 0.3686455190
-105.4 156.2 1894.7 -0.4815150201 -0.8764250278 -0.0047431746 -0.8761572242 0.4814907312 -0.0226975959 0.0221765358 -0.0067734662 -0.9997311234
197.6 227.2 2086.7 0.7485699654 0.5126634836 0.4204987288 -0.4431445003 -0.0849218145 0.8924187422 0.4932200313 -0.8543795347 0.1636140794
379.4 119.6 2206.5 -0.6872200370 0.5126634836 0.5146889687 -0.6371052265 -0.0849218145 -0.7660843134 -0.3490351439 -0.8543795347 0.3849805593
-16.0 -167.4 2111.9 0.9924519658 0.0451185517 -0.1140324771 -0.0433631502 0.9989002943 0.0178290233 0.1147114933 -0.0127496421 0.9933170080
-33.6 -555.2 2116.8 0.9925398231 0.0553198718 -0.1086479053 -0.0418099612 0.9915370345 0.1229075640 0.1145276502 -0.1174480915 0.9864529371
162.1 -159.7 2129.7 0.9916991591 0.0933801085 -0.0883905813 -0.0963928327 0.9948776960 -0.0304433592 0.0850950181 0.0387108736 0.9956205487
125.8 -546.0 2114.7 0.9923002720 -0.0941264406 -0.0805007592 0.0983790979 0.9938620329 0.0505947210 0.0752443448 -0.0581247471 0.9954696298
16.3 377.7 1889.1 0 0 0 0 0 0 0 0 0
203.3 -43.7 2117.1 0 0 0 0 0 0 0 0 0
-54.2 -925.1 2160.7 0 0 0 0 0 0 0 0 0
161.0 -916.9 2136.4 0 0 0 0 0 0 0 0 0
78.1 453.6 2081.8 12 0.9928843975 0.0631677508 -0.1009475887 -0.0661153942 0.9974699616 -0.0261225477 0.0990420878 0.0326108597 0.9945487380
63.4 221.7 2074.2 0.9928843975 0.0631677508 -0.1009475887 -0.0661153942 0.9974699616 -0.0261225477 0.0990420878 0.0326108597 0.9945487380
68.0 29.4 2100.3 0.9949175715 -0.0238426458 -0.0978291705 0.0366732739 0.9906334877 0.1315309107 0.0937768072 -0.1344501376 0.9864730239
-72.5 216.7 2061.4 0.1658342630 -0.8748306632 -0.4551596344 0.3036838472 0.4844239652 -0.8204325438 0.9382297993 -0.0021688014 0.3460060358
-102.2 162.4 1893.7 -0.4844140410 -0.8748306632 0.0037841874 -0.8748301864 0.4844239652 0.0023569094 -0.0038950476 -0.0021688014 -0.9999900460
199.3 226.7 2087.0 0.7458063960 0.5230309367 0.4125668705 -0.4405720830 -0.0772660151 0.8943859339 0.4996689260 -0.8488042355 0.1728073359
380.2 119.8 2208.2 -0.6858965755 0.5230309367 0.5059490800 -0.6293312311 -0.0772660151 -0.7732865810 -0.3653601408 -0.8488042355 0.3821562231
-14.8 -167.4 2117.6 0.9908568859 0.0600447282 -0.1208189875 -0.0600291081 0.9981895089 0.0037722753 0.1208267510 0.0035148708 0.9926673770
-38.2 -554.9 2116.2 0.9932480454 0.0305563491 -0.1119136512 -0.0153284790 0.9907976985 0.1344802827 0.1149930134 -0.1318568140 0.9845762253
163.5 -159.5 2133.4 0.9909507036 0.0937037319 -0.0961056277 -0.0981226265 0.9942739606 -0.0423233025 0.0915894657 0.0513704419 0.9944709539
127.1 -545.5 2113.4 0.9928004146 -0.0840257406 -0.0853638202 0.0897731185 0.9937810898 0.0658779815 0.0792975053 -0.0730670616 0.9941695333
20.3 383.7 1894.7 0 0 0 0 0 0 0 0 0
204.4 -41.5 2114.6 0 0 0 0 0 0 0 0 0
-49.6 -924.5 2165.4 0 0 0 0 0 0 0 0 0
158.4 -916.4 2140.7 0 0 0 0 0 0 0 0 0
75.2 446.3 2072.9 13 0.9943164587 0.0490220115 -0.0945072025 -0.0487283543 0.9987974167 0.0054139234 0.0946589485 -0.0007779727 0.9955094457
64.1 219.8 2073.1 0.9943164587 0.0490220115 -0.0945072025 -0.0487283543 0.9987974167 0.0054139234 0.0946589485 -0.0007779727 0.9955094457
70.2 27.3 2097.7 0.9951285720 -0.0313771367 -0.0934588611 0.0428730547 0.9913982749 0.1236583218 0.0887749046 -0.1270627975 0.9879139662
-71.9 213.9 2060.9 0.1682987064 -0.8640064001 -0.4745191932 0.2823337018 0.5034689307 -0.8165823221 0.9444380403 0.0034569872 0.3286713064
-101.5 164.2 1894.7 -0.5034702420 -0.8640064001 0.0032605948 -0.8639234900 0.5034689307 0.0124612954 -0.0124082472 0.0034569872 -0.9999170303
200.0 225.6 2085.2 0.7433396578 0.5312746763 0.4064398706 -0.4342392087 -0.0789143369 0.8973342776 0.5088049173 -0.8435162902 0.1720401496
380.9 120.0 2209.0 -0.6862904429 0.5312746763 0.4967420101 -0.6238726377 -0.0789143369 -0.7775316238 -0.3738828301 -0.8435162902 0.3856059015
-16.5 -166.2 2118.0 0.9919292331 0.0536302440 -0.1148922145 -0.0530934595 0.9985596538 0.0077293469 0.1151412502 -0.0015669401 0.9933478832
-37.3 -553.8 2118.6 0.9932898879 0.0427537709 -0.1074584275 -0.0285982676 0.9911045432 0.1299766451 0.1120595261 -0.1260313541 0.9856768250
161.8 -159.6 2134.8 0.9920476675 0.0882623419 -0.0897286534 -0.0922692567 0.9948678017 -0.0415267684 0.0856028944 0.0494757295 0.9951001406
127.5 -545.8 2115.6 0.9932975173 -0.0826242939 -0.0808283240 0.0871609077 0.9947130680 0.0543033928 0.0759142116 -0.0609844960 0.9952476621
25.7 382.4 1897.9 0 0 0 0 0 0 0 0 0
205.0 -40.0 2113.1 0 0 0 0 0 0 0 0 0
-53.2 -923.6 2165.6 0 0 0 0 0 0 0 0 0
158.4 -917.1 2138.3 0 0 0 0 0 0 0 0 0
75.7 445.3 2075.4 14 0.9915239215 0.0572770126 -0.1166177765 -0.0573452748 0.9983505607 0.0027725368 0.1165842190 0.0039384421 0.9931730032
62.9 222.2 2074.5 0.9915239215 0.0572770126 -0.1166177765 -0.0573452748 0.9983505607 0.0027725368 0.1165842190 0.0039384421 0.9931730032
68.4 29.5 2097.9 0.9929777384 -0.0279710107 -0.1149472818 0.0414102003 0.9923567772 0.1162461713 0.1108171940 -0.1201898456 0.9865464568
-72.7 216.5 2059.4 0.1586548537 -0.8617087007 -0.4819613099 0.3041995168 0.5070598125 -0.8064446449 0.9393036366 -0.0186660439 0.3425788879
-100.4 163.4 1895.3 -0.5066640973 -0.8617087007 0.0273777768 -0.8618559241 0.5070598125 0.0097296331 -0.0222662799 -0.0186660439 -0.9995778203
198.6 227.8 2089.7 0.7508907318 0.5087618828 0.4210991263 -0.4535667300 -0.0661945865 0.8887606263 0.4800420105 -0.8583586812 0.1810525656
378.7 119.0 2204.8 -0.6920041442 0.5087618828 0.5121441483 -0.6245713830 -0.0661945865 -0.7781573534 -0.3619956076 -0.8583586812 0.3635650575
-12.9 -168.9 2114.4 0.9889038801 0.0619467050 -0.1350247115 -0.0588530153 0.9979071617 0.0267883241 0.1364015788 -0.0185444672 0.9904800653
-36.9 -556.3 2121.6 0.9904026985 0.0473358817 -0.1298531145 -0.0339321680 0.9940443635 0.1035589799 0.1339818090 -0.0981588960 0.9861103892
165.4 -161.3 2130.3 0.9892900586 0.0967761576 -0.1092680842 -0.1000813618 0.9946609139 -0.0251678191 0.1062490419 0.0358339734 0.9936936498
127.9 -547.4 2116.4 0.9914401174 -0.0818941295 -0.1016852409 0.0872772485 0.9949453473 0.0496628545 0.0971041620 -0.0581125543 0.9935762286
27.9 381.7 1900.9 0 0 0 0 0 0 0 0 0
201.3 -41.1 2112.0 0 0 0 0 0 0 0 0 0
-54.6 -927.1 2158.2 0 0 0 0 0 0 0 0 0
158.4 -918.7 2138.1 0 0 0 0 0 0 0 0 0
74.3 445.2 2076.2 15 0.9917498827 0.0190090574 -0.1267707944 -0.0185385738 0.9998161793 0.0048901993 0.1268404424 -0.0024997049 0.9919199944
70.1 224.3 2076.7 0.9917498827 0.0190090574 -0.1267707944 -0.0185385738 0.9998161793 0.0048901993 0.1268404424 -0.0024997049 0.9919199944
71.4 31.5 2098.8 0.9919924736 -0.0067978445 -0.1261139661 0.0210601296 0.9934731722 0.1121050641 0.1245287731 -0.1138633564 0.9856610298
-65.4 221.5 2059.7 0.1724302620 -0.8643258810 -0.4724495709 0.3306229413 0.5025931001 -0.7988045216 0.9278773069 -0.0184645969 0.3724282384
-96.3 162.2 1893.4 -0.5014088154 -0.8643258810 0.0391148366 -0.8639823198 0.5025931001 0.0305737108 -0.0460844971 -0.0184645969 -0.9987668991
205.6 227.2 2093.8 0.7450015545 0.5124918818 0.4269950390 -0.4632874429 -0.0630224794 0.8839643002 0.4799348116 -0.8563762307 0.1904791892
380.1 118.7 2206.2 -0.6927381754 0.5124918818 0.5074109435 -0.6196620464 -0.0630224794 -0.7823343873 -0.3689617217 -0.8563762307 0.3612298369
-15.1 -166.8 2111.3 0.9875217080 0.0543255545 -0.1478161216 -0.0510718934 0.9983636737 0.0257215425 0.1489715874 -0.0178513322 0.9886803031
