66.5 448.8 2087.5 32 0.9947291017 -0.0104821222 -0.1020005047 0.0153431613 0.9987775087 0.0469897762 0.1013832539 -0.0483071096 0.9936739206
68.6 244.5 2097.4 0.9947291017 -0.0104821222 -0.1020005047 0.0153431613 0.9987775087 0.0469897762 0.1013832539 -0.0483071096 0.9936739206
69.0 50.5 2103.8 0.9947916865 -0.0019133668 -0.1019107625 0.0052541122 0.9994571805 0.0325227566 0.1017932147 -0.0328888185 0.9942617416
-67.2 243.8 2083.5 0.1701935977 -0.8586717844 -0.4834427536 0.5841798186 0.4830133617 -0.6522515416 0.7935792804 -0.1714084744 0.5838245153
-102.8 121.3 1917.2 -0.5021578670 -0.8586717844 0.1025682688 -0.8597861528 0.4830133617 -0.1657281369 0.0927642286 -0.1714084744 -0.9808230996
204.4 245.2 2111.3 0.7634539604 0.4341040254 0.4782172441 -0.5020155311 -0.0669928268 0.8622600436 0.4063476622 -0.8983683586 0.1667810231
364.9 139.6 2196.7 -0.5976923704 0.4341040254 0.6740308404 -0.7675523162 -0.0669928268 -0.6374757886 -0.2315755635 -0.8983683586 0.3732386529
-19.2 -151.4 2104.5 0.9905627370 0.0280804038 -0.1341527402 -0.0273342859 0.9995989799 0.0074006501 0.1343067586 -0.0036638386 0.9909330606
-30.1 -539.4 2105.9 0.9890832305 0.0759107023 -0.1263010949 -0.0497726053 0.9788303375 0.1985291392 0.1386978328 -0.1900755018 0.9719229341
159.4 -151.0 2117.1 0.9902887940 0.0970377922 -0.0995579138 -0.0991797671 0.9949279428 -0.0167841390 0.0974242613 0.0264952760 0.9948902130
121.7 -537.2 2106.8 0.9894577265 -0.1157443821 -0.0870436132 0.1245835796 0.9867328405 0.1041019186 0.0738395825 -0.1138486564 0.9907503128
22.8 336.4 1894.0 0 0 0 0 0 0 0 0 0
211.7 -57.2 2137.3 0 0 0 0 0 0 0 0 0
-58.5 -904.3 2176.8 0 0 0 0 0 0 0 0 0
164.9 -905.0 2149.2 0 0 0 0 0 0 0 0 0
67.0 448.3 2089.2 33 0.9926238656 -0.0058403937 -0.1210937575 0.0106720803 0.9991708398 0.0392903015 0.1207638830 -0.0402928144 0.9918631911
68.2 247.1 2097.3 0.9926238656 -0.0058403937 -0.1210937575 0.0106720803 0.9991708398 0.0392903015 0.1207638830 -0.0402928144 0.9918631911
68.2 53.1 2103.4 0.9926440716 -0.0002487464 -0.1210690588 0.0040538460 0.9995054603 0.0311838798 0.1210014299 -0.0314452872 0.9921541214
-67.4 246.6 2080.8 0.1716627330 -0.8520412445 -0.4945276976 0.6031017303 0.4878108799 -0.6311171651 0.7789738178 -0.1899112016 0.5976064801
-103.3 120.2 1917.6 -0.5136429667 -0.8520412445 0.1009784937 -0.8490623236 0.4878108799 -0.2028143704 0.1235477999 -0.1899112016 -0.9739967585
203.7 247.7 2113.9 0.7668486238 0.4430209100 0.4644089341 -0.5016227365 -0.0377035290 0.8642644882 0.4003970921 -0.8957180977 0.1933164597
365.0 142.2 2198.1 -0.5736287236 0.4430209100 0.6889721155 -0.7797449827 -0.0377035290 -0.6249609590 -0.2508940995 -0.8957180977 0.3670711815
-19.7 -144.0 2101.0 0.9878262281 0.0297524724 -0.1526896358 -0.0261310022 0.9993288517 0.0256704781 0.1533509195 -0.0213680379 0.9879407287
-31.2 -531.9 2109.3 0.9868215919 0.0676949844 -0.1469711661 -0.0428155772 0.9851487279 0.1662794650 0.1560447514 -0.1577955037 0.9750643969
158.5 -143.1 2119.3 0.9875957370 0.1016139761 -0.1197050065 -0.1055935845 0.9940326810 -0.0273686089 0.1162096560 0.0396692008 0.9924321771
119.0 -528.9 2103.9 0.9862608314 -0.1284988672 -0.1038151681 0.1403340846 0.9832689762 0.1161397249 0.0871544108 -0.1291128695 0.9877924919
25.0 332.4 1886.7 0 0 0 0 0 0 0 0 0
218.0 -57.7 2133.8 0 0 0 0 0 0 0 0 0
-56.4 -899.3 2168.2 0 0 0 0 0 0 0 0 0
166.9 -895.7 2152.0 0 0 0 0 0 0 0 0 0
68.6 451.0 2089.6 34 0.9895274043 -0.0021339646 -0.1443294138 0.0076398896 0.9992634654 0.0376048572 0.1441428661 -0.0383136980 0.9888148904
69.0 251.2 2097.3 0.9895274043 -0.0021339646 -0.1443294138 0.0076398896 0.9992634654 0.0376048572 0.1441428661 -0.0383136980 0.9888148904
69.0 57.2 2103.5 0.9895306230 -0.0000511063 -0.1443230063 0.0046805395 0.9994852543 0.0317375399 0.1442470998 -0.0320807770 0.9890215397
-66.1 250.6 2077.6 0.1783873141 -0.8471807241 -0.5004625916 0.6237992048 0.4907175899 -0.6083344221 0.7609549761 -0.2036690265 0.6160084605
-103.7 119.1 1917.2 -0.5204476714 -0.8471807241 0.1068598256 -0.8435732722 0.4907175899 -0.2181293964 0.1323570311 -0.2036690265 -0.9700518250
204.1 251.8 2117.0 0.7592693567 0.4264973402 0.4915384948 -0.5263750553 -0.0416634530 0.8492311239 0.3826739788 -0.9035287499 0.1928637624
364.8 140.5 2197.9 -0.5842926502 0.4264973402 0.6904361844 -0.7752248049 -0.0416634530 -0.6303099394 -0.2400595546 -0.9035287499 0.3549749553
-20.6 -141.3 2098.7 0.9838008881 0.0328954794 -0.1762206107 -0.0309405588 0.9994255304 0.0138305649 0.1765743345 -0.0081541585 0.9842535257
-33.4 -529.2 2101.9 0.9849065542 0.0481501147 -0.1662549078 -0.0121819032 0.9774289727 0.2109127641 0.1726578325 -0.2057040632 0.9632627368
157.1 -140.6 2120.4 0.9846115708 0.0991184041 -0.1439293176 -0.1054093093 0.9937499166 -0.0367424712 0.1393878907 0.0513485521 0.9889056087
118.7 -526.3 2100.5 0.9840199351 -0.1272551566 -0.1245428249 0.1440031677 0.9801478982 0.1362833977 0.1047276184 -0.1520401537 0.9828101993
26.3 329.8 1884.1 0 0 0 0 0 0 0 0 0
215.0 -58.2 2136.4 0 0 0 0 0 0 0 0 0
-51.3 -893.4 2178.5 0 0 0 0 0 0 0 0 0
166.1 -891.9 2157.2 0 0 0 0 0 0 0 0 0
69.2 450.8 2088.8 35 0.9884549975 -0.0021253822 -0.1514997184 0.0080622099 0.9992228746 0.0385835841 0.1512999684 -0.0393595584 0.9877039790
69.6 251.9 2096.6 0.9884549975 -0.0021253822 -0.1514997184 0.0080622099 0.9992228746 0.0385835841 0.1512999684 -0.0393595584 0.9877039790
69.7 57.9 2103.4 0.9884579778 -0.0003512579 -0.1514948010 0.0056608533 0.9993845820 0.0346181802 0.1513894051 -0.0350762047 0.9878516793
-65.4 251.2 2075.9 0.1844190061 -0.8381550908 -0.5133085251 0.6268681288 0.5025548935 -0.5953779221 0.7569847703 -0.2119777501 0.6180934310
-103.9 120.3 1917.9 -0.5342611074 -0.8381550908 0.1098229066 -0.8347033858 0.5025548935 -0.2251861393 0.1335488707 -0.2119777501 -0.9681064487
204.6 252.7 2117.3 0.7610843182 0.4243552089 0.4905846417 -0.5236003995 -0.0445045978 0.8508008122 0.3828750253 -0.9044014812 0.1883208007
365.5 142.1 2198.2 -0.5843995810 0.4243552089 0.6916645169 -0.7763893604 -0.0445045978 -0.6286802888 -0.2360015064 -0.9044014812 0.3554733396
-19.6 -137.3 2096.8 0.9826417565 0.0283388216 -0.1833360493 -0.0256433841 0.9995256066 0.0170567613 0.1837324351 -0.0120593281 0.9829022884
-30.6 -525.3 2101.5 0.9823566675 0.0681157187 -0.1741711199 -0.0298615564 0.9764936566 0.2134674937 0.1846174896 -0.2045001984 0.9612991214
157.6 -136.4 2122.6 0.9832758307 0.1006757915 -0.1517664641 -0.1080131233 0.9933084846 -0.0408823416 0.1466350555 0.0565913878 0.9875705242
118.5 -522.0 2100.7 0.9833688140 -0.1242479831 -0.1324695945 0.1413169503 0.9816073179 0.1283612549 0.1140844971 -0.1449466646 0.9828403592
28.9 327.7 1884.7 0 0 0 0 0 0 0 0 0
215.6 -57.0 2137.7 0 0 0 0 0 0 0 0 0
-56.0 -889.4 2177.7 0 0 0 0 0 0 0 0 0
164.9 -888.3 2154.7 0 0 0 0 0 0 0 0 0
69.7 451.3 2094.4 36 0.9944168329 0.0117062246 -0.1048719287 -0.0106299520 0.9998850226 0.0108158123 0.1049864814 -0.0096406424 0.9944269061
67.2 238.6 2096.4 0.9944168329 0.0117062246 -0.1048719287 -0.0106299520 0.9998850226 0.0108158123 0.1049864814 -0.0096406424 0.9944269061
68.3 44.6 2102.6 0.9944756031 -0.0057195383 -0.1048117578 0.0090062171 0.9994815588 0.0309115201 0.1045806184 -0.0316847116 0.9940115809
-68.5 237.3 2082.2 0.1508574933 -0.8506345749 -0.5036494732 0.5502363443 0.4955173135 -0.6720882058 0.8212684989 -0.1757367253 0.5428025723
-99.0 126.1 1916.1 -0.5143625140 -0.8506345749 0.1088668406 -0.8535459042 0.4955173135 -0.1610029340 0.0830092654 -0.1757367253 -0.9809312224
202.9 239.8 2110.7 0.7777981758 0.4585403800 0.4298496842 -0.4579793811 -0.0549033470 0.8872657418 0.4304473698 -0.8869759440 0.1672983170
366.2 143.7 2201.0 -0.5883487463 0.4585403800 0.6660228968 -0.7667810321 -0.0549033470 -0.6395564675 -0.2566955686 -0.8869759440 0.3839023709
-18.8 -136.6 2096.7 0.9903200865 0.0245220717 -0.1366192847 -0.0219783485 0.9995564222 0.0200966820 0.1370514929 -0.0168994814 0.9904197454
-28.3 -524.6 2103.2 0.9892069101 0.0671765059 -0.1302191764 -0.0409188122 0.9800052047 0.1947190017 0.1406960189 -0.1872889698 0.9721766710
158.3 -135.5 2123.8 0.9894158244 0.0992390886 -0.1058673039 -0.1054830253 0.9928936958 -0.0550945029 0.0996474549 0.0656785741 0.9928528070
119.8 -521.0 2098.3 0.9902825952 -0.1114227995 -0.0832188502 0.1229898930 0.9809938073 0.1500822008 0.0649145991 -0.1588588655 0.9851649404
29.3 338.9 1895.4 0 0 0 0 0 0 0 0 0
215.3 -52.9 2135.2 0 0 0 0 0 0 0 0 0
-53.3 -890.2 2173.1 0 0 0 0 0 0 0 0 0
161.4 -887.1 2157.6 0 0 0 0 0 0 0 0 0
70.2 450.6 2097.2 37 0.9965540767 0.0260180663 -0.0787593424 -0.0262174830 0.9996551275 -0.0014988226 0.0786931887 0.0035585295 0.9968925118
64.4 227.6 2096.4 0.9965540767 0.0260180663 -0.0787593424 -0.0262174830 0.9996551275 -0.0014988226 0.0786931887 0.0035585295 0.9968925118
67.8 33.7 2104.9 0.9967566729 -0.0174091570 -0.0785687342 0.0208158456 0.9988688827 0.0427507125 0.0777356103 -0.0442475341 0.9959916472
-71.7 224.8 2085.8 0.1130307540 -0.8640492558 -0.4905537367 0.4777168036 0.4801667929 -0.7356809974 0.8712121844 -0.1511911899 0.4670444429
-94.0 130.3 1913.6 -0.4928699136 -0.8640492558 0.1024606600 -0.8680363297 0.4801667929 -0.1263043433 0.0599349663 -0.1511911899 -0.9866858721
200.4 230.4 2107.0 0.7908474803 0.4616782665 0.4017628431 -0.4241547883 -0.0597755648 0.9036147594 0.4411948919 -0.8850311041 0.1485496908
364.8 142.3 2198.7 -0.5770257115 0.4616782665 0.6737169027 -0.7780163884 -0.0597755648 -0.6253938079 -0.2484589219 -0.8850311041 0.3936852813
-19.6 -150.3 2099.3 0.9934895039 0.0274995696 -0.1105550975 -0.0253197663 0.9994572997 0.0210729614 0.1110745966 -0.0181365367 0.9936465621
-30.2 -538.3 2106.4 0.9927502275 0.0598652624 -0.1042261273 -0.0390192531 0.9806911349 0.1916309893 0.1136856750 -0.1861748844 0.9759172797
158.4 -148.6 2118.0 0.9922782183 0.0969550684 -0.0773540959 -0.0994248539 0.9946300983 -0.0287339110 0.0741528124 0.0362029523 0.9965895414
120.8 -534.6 2104.0 0.9910805225 -0.1179395393 -0.0620452799 0.1247070134 0.9849373102 0.1197777390 0.0469841771 -0.1264468580 0.9908600450
29.3 347.4 1898.6 0 0 0 0 0 0 0 0 0
216.8 -57.2 2135.0 0 0 0 0 0 0 0 0 0
-52.6 -904.3 2175.8 0 0 0 0 0 0 0 0 0
164.8 -902.0 2151.2 0 0 0 0 0 0 0 0 0
71.0 454.6 2098.6 38 0.9970272183 0.0232312568 -0.0734649077 -0.0240804218 0.9996528029 -0.0106941219 0.0731909648 0.0124313962 0.9972404838
65.6 222.2 2095.7 0.9970272183 0.0232312568 -0.0734649077 -0.0240804218 0.9996528029 -0.0106941219 0.0731909648 0.0124313962 0.9972404838
67.6 28.3 2105.5 0.9972718358 -0.0104237869 -0.0730766281 0.0140939243 0.9986553192 0.0498887748 0.0724583343 -0.0507826060 0.9960777760
-70.6 220.3 2085.8 0.1067066714 -0.8718770146 -0.4779583514 0.4411798418 0.4723089039 -0.7630757689 0.8910521865 -0.1294403076 0.4350530803
-91.5 133.7 1910.9 -0.4812814295 -0.8718770146 0.0905466229 -0.8752422929 0.4723089039 -0.1042842641 0.0481570736 -0.1294403076 -0.9904171228
201.8 224.1 2105.6 0.7919504046 0.4655115008 0.3951121569 -0.4118673205 -0.0704340488 0.9085176587 0.4507547915 -0.8822346926 0.1359487176
364.5 139.4 2198.2 -0.5918158889 0.4655115008 0.6580676436 -0.7659584284 -0.0704340488 -0.6390201449 -0.2511208653 -0.8822346926 0.3982464373
-18.0 -162.0 2106.5 0.9940094948 0.0276691187 -0.1057332084 -0.0265157167 0.9995727539 0.0122990906 0.1060283408 -0.0094218217 0.9943184853
-28.8 -550.1 2110.2 0.9926289916 0.0686945841 -0.0998438001 -0.0505239442 0.9833961129 0.1742968261 0.1101592556 -0.1679675877 0.9796181917
160.4 -158.3 2120.4 0.9927091002 0.0959829241 -0.0729105398 -0.0981623158 0.9948064685 -0.0269123036 0.0699487552 0.0338731557 0.9969753027
123.1 -544.4 2107.3 0.9923511147 -0.1082019210 -0.0594271012 0.1140679866 0.9877700210 0.1062964424 0.0471988283 -0.1122621298 0.9925570488
29.0 352.8 1898.8 0 0 0 0 0 0 0 0 0
212.8 -56.9 2133.8 0 0 0 0 0 0 0 0 0
-54.4 -917.0 2172.9 0 0 0 0 0 0 0 0 0
163.5 -913.0 2149.2 0 0 0 0 0 0 0 0 0
71.4 453.8 2093.8 39 0.9966003895 0.0269923601 -0.0778404400 -0.0266644061 0.9996306300 0.0052496456 0.0779533908 -0.0031562294 0.9969519973
65.1 220.7 2094.5 0.9966003895 0.0269923601 -0.0778404400 -0.0266644061 0.9996306300 0.0052496456 0.0779533908 -0.0031562294 0.9969519973
68.0 26.9 2105.8 0.9968783855 -0.0149293691 -0.0775278732 0.0193831529 0.9981850386 0.0570165738 0.0765359402 -0.0583413243 0.9953585267
-71.1 218.0 2084.1 0.1012870297 -0.8693055511 -0.4837859273 0.4228175282 0.4777975380 -0.7700226307 0.9005366564 -0.1265598536 0.4159522951
-90.8 135.7 1908.8 -0.4871070087 -0.8693055511 0.0838726461 -0.8715879917 0.4777975380 -0.1097448021 0.0553276204 -0.1265598536 -0.9904147983
201.2 223.3 2105.0 0.7918143868 0.4761689603 0.3824828267 -0.4041432738 -0.0610474199 0.9126562476 0.4579281509 -0.8772321939 0.1441022605
366.0 139.2 2200.3 -0.5971095562 0.4761689603 0.6455410719 -0.7547841668 -0.0610474199 -0.6531264186 -0.2715899050 -0.8772321939 0.3958567679
-19.6 -166.8 2108.9 0.9933159351 0.0368677899 -0.1093811840 -0.0326755308 0.9986702204 0.0398756154 0.1107058525 -0.0360349938 0.9931997061
-33.9 -554.3 2122.9 0.9930292964 0.0489907265 -0.1072039753 -0.0388893113 0.9947775006 0.0943682045 0.1112672687 -0.0895413011 0.9897484183
159.0 -164.2 2121.8 0.9934237003 0.0855072588 -0.0761438906 -0.0865197182 0.9961990118 -0.0100925649 0.0749914870 0.0166141409 0.9970457554
125.8 -550.9 2115.4 0.9929831028 -0.0943031758 -0.0713545159 0.0976120457 0.9942339063 0.0443938486 0.0667565987 -0.0510474034 0.9964625835
31.2 354.0 1894.9 0 0 0 0 0 0 0 0 0
213.0 -54.3 2130.6 0 0 0 0 0 0 0 0 0
-52.1 -924.4 2156.2 0 0 0 0 0 0 0 0 0
160.9 -921.2 2134.4 0 0 0 0 0 0 0 0 0
73.5 457.3 2097.4 40 0.9914788008 0.0185403135 -0.1289418042 -0.0174442213 0.9998015165 0.0096249497 0.1290946603 -0.0072936448 0.9916054606
69.5 241.4 2098.9 0.9914788008 0.0185403135 -0.1289418042 -0.0174442213 0.9998015165 0.0096249497 0.1290946603 -0.0072936448 0.9916054606
70.1 47.5 2105.7 0.9916756153 -0.0023940417 -0.1287388951 0.0069236541 0.9993721247 0.0347484760 0.1285748780 -0.0353505611 0.9910695553
-65.8 240.5 2081.4 0.1102973074 -0.8638526201 -0.4915213287 0.5030903816 0.4750293791 -0.7219744921 0.8571665883 -0.1676477939 0.4869903624
-88.4 137.4 1905.8 -0.4902845621 -0.8638526201 0.1156708002 -0.8692622781 0.4750293791 -0.1368583441 0.0632783994 -0.1676477939 -0.9838140607
204.8 242.2 2116.5 0.7778252363 0.4365979433 0.4520731568 -0.4841533601 -0.0423853025 0.8739559650 0.4007286131 -0.8986577392 0.1784119904
365.8 142.0 2199.4 -0.5909510255 0.4365979433 0.6783503294 -0.7666841149 -0.0423853025 -0.6406239271 -0.2509429753 -0.8986577392 0.3597803414
-18.4 -168.5 2110.3 0.9865043759 0.0341067761 -0.1601432711 -0.0298292618 0.9991330504 0.0290396977 0.1609948874 -0.0238708332 0.9866665006
-31.7 -556.3 2119.6 0.9857416153 0.0621743910 -0.1563580483 -0.0434920937 0.9917979240 0.1201886684 0.1625482440 -0.1116746366 0.9803605676
160.2 -165.1 2124.0 0.9881688356 0.0868745595 -0.1263930351 -0.0893207937 0.9959071875 -0.0138063012 0.1246763170 0.0249324813 0.9918841720
126.4 -551.7 2114.3 0.9881541133 -0.0979458392 -0.1181443259 0.1072390899 0.9913974404 0.0750395656 0.1097781658 -0.0868203416 0.9901570678
34.2 354.8 1889.9 0 0 0 0 0 0 0 0 0
214.3 -54.5 2135.1 0 0 0 0 0 0 0 0 0
-54.8 -925.8 2161.2 0 0 0 0 0 0 0 0 0
162.9 -921.1 2146.7 0 0 0 0 0 0 0 0 0
71.8 454.9 2098.7 41 0.9960256219 0.0222235695 -0.0862500742 -0.0217223167 0.9997412562 0.0067459173 0.0863776803 -0.0048455549 0.9962506890
67.0 235.2 2099.7 0.9960256219 0.0222235695 -0.0862500742 -0.0217223167 0.9997412562 0.0067459173 0.0863776803 -0.0048455549 0.9962506890
67.9 41.2 2104.4 0.9962753654 -0.0047103707 -0.0860997960 0.0067922282 0.9996911883 0.0239026528 0.0859606192 -0.0243984330 0.9959997535
-68.9 234.3 2088.0 0.0939591900 -0.8618590236 -0.4983680546 0.4638035595 0.4808366895 -0.7440983057 0.8809415102 -0.1612299979 0.4449123144
-88.3 138.7 1906.5 -0.4944435358 -0.8618590236 0.1128035188 -0.8673880100 0.4808366895 -0.1281957924 0.0562466197 -0.1612299979 -0.9853127599
202.8 236.1 2111.4 0.7823934555 0.4577788115 0.4222546816 -0.4532277882 -0.0464873910 0.8901817203 0.4271358550 -0.8878499269 0.1711066514
366.3 141.4 2200.7 -0.5951149464 0.4577788115 0.6605125070 -0.7579343915 -0.0464873910 -0.6506722569 -0.2671584487 -0.8878499269 0.3746316433
-18.1 -147.0 2101.0 0.9924752712 0.0367791094 -0.1167907566 -0.0319028944 0.9985504150 0.0433506668 0.1182158589 -0.0392985046 0.9922099710
-32.3 -534.6 2116.3 0.9919577837 0.0568407588 -0.1130881682 -0.0417827703 0.9904580712 0.1313280016 0.1194738746 -0.1255466938 0.9848675132
159.4 -145.9 2124.0 0.9924618006 0.0893342346 -0.0838984996 -0.0918893591 0.9954004884 -0.0270963572 0.0810919777 0.0346014798 0.9961058497
124.7 -532.3 2110.6 0.9923211336 -0.0997619256 -0.0731184483 0.1059979573 0.9905486703 0.0870501474 0.0637430921 -0.0941321105 0.9935169816
35.8 356.4 1892.4 0 0 0 0 0 0 0 0 0
213.7 -52.9 2132.2 0 0 0 0 0 0 0 0 0
-53.5 -903.9 2163.1 0 0 0 0 0 0 0 0 0
161.9 -901.8 2145.7 0 0 0 0 0 0 0 0 0
71.9 452.7 2100.3 42 0.9966150522 0.0365851186 -0.0736207739 -0.0369009078 0.9993146062 -0.0029333730 0.0734629929 0.0056401170 0.9972819686
63.9 233.7 2099.1 0.9966150522 0.0365851186 -0.0736207739 -0.0369009078 0.9993146062 -0.0029333730 0.0734629929 0.0056401170 0.9972819686
66.9 39.7 2105.2 0.9971980453 -0.0151340654 -0.0732597932 0.0174225885 0.9993767738 0.0307008531 0.0727495030 -0.0318912044 0.9968402386
-72.2 231.3 2089.2 0.0578575097 -0.8613701463 -0.5046721697 0.4296852648 0.4777853191 -0.7662191391 0.9011232257 -0.1725186557 0.3977615237
-84.0 143.7 1905.5 -0.4866875112 -0.8613701463 0.1455224007 -0.8735089898 0.4777853191 -0.0932909325 0.0108295567 -0.1725186557 -0.9849467278
200.0 236.1 2109.0 0.7844811678 0.4669904113 0.4080554843 -0.4430239499 -0.0384280868 0.8956857920 0.4339574873 -0.8834269643 0.1767418236
365.8 142.5 2200.7 -0.5790968537 0.4669904113 0.6682565212 -0.7682986856 -0.0384280868 -0.6389369369 -0.2726975977 -0.8834269643 0.3810417056
-20.3 -153.4 2101.4 0.9940932989 0.0271775983 -0.1050707102 -0.0255369730 0.9995305538 0.0169286523 0.1054814681 -0.0141454712 0.9943206310
-30.8 -541.3 2106.9 0.9925312400 0.0720650405 -0.0984294862 -0.0515180007 0.9789930582 0.1972777992 0.1105786115 -0.1907334775 0.9753938317
157.9 -152.2 2116.8 0.9926968217 0.0980107486 -0.0703340694 -0.0994971395 0.9948760867 -0.0179421529 0.0682151616 0.0248091575 0.9973621368
119.9 -538.4 2107.2 0.9892426729 -0.1341363490 -0.0583636574 0.1394281834 0.9852939844 0.0987700522 0.0442567058 -0.1058450863 0.9933972955
38.6 363.7 1902.7 0 0 0 0 0 0 0 0 0
217.3 -54.5 2130.8 0 0 0 0 0 0 0 0 0
-57.7 -905.7 2177.9 0 0 0 0 0 0 0 0 0
169.9 -905.8 2146.6 0 0 0 0 0 0 0 0 0
71.3 452.0 2100.6 43 0.9968695641 0.0468000993 -0.0637247041 -0.0476546474 0.9987922907 -0.0119559290 0.0630882084 0.0149552803 0.9978958964
60.9 229.9 2097.3 0.9968695641 0.0468000993 -0.0637247041 -0.0476546474 0.9987922907 -0.0119559290 0.0630882084 0.0149552803 0.9978958964
66.2 36.0 2105.0 0.9976138473 -0.0276859254 -0.0632461309 0.0301323216 0.9988210797 0.0380598307 0.0621178448 -0.0398747660 0.9972719550
-75.4 225.8 2088.9 0.0238287225 -0.8635499477 -0.5036999583 0.3894068897 0.4720665216 -0.7908953428 0.9207575321 -0.1772982031 0.3475210369
-80.1 148.3 1905.6 -0.4759312272 -0.8635499477 0.1666461080 -0.8791866302 0.4720665216 -0.0646840632 -0.0228101313 -0.1772982031 -0.9838927984
197.1 234.0 2105.8 0.7902462482 0.4616721272 0.4029512703 -0.4253544509 -0.0600907356 0.9030297399 0.4411172867 -0.8850129843 0.1488878131
365.6 143.3 2199.9 -0.5722232461 0.4616721272 0.6778048277 -0.7825302482 -0.0600907356 -0.6197060347 -0.2453712076 -0.8850129843 0.3956577182
-19.5 -155.8 2104.9 0.9950193763 0.0298934877 -0.0950937122 -0.0285268277 0.9994697571 0.0156991519 0.0955125913 -0.0129082380 0.9953445196
-31.1 -543.7 2109.9 0.9935176969 0.0705510676 -0.0891352668 -0.0541788526 0.9831975698 0.1743192226 0.0999359861 -0.1683599949 0.9806465507
159.1 -152.7 2117.9 0.9933930039 0.0974255353 -0.0606519021 -0.0988327488 0.9948899150 -0.0206435807 0.0583307520 0.0265015811 0.9979454875
121.2 -538.9 2107.6 0.9912713170 -0.1230962053 -0.0472070761 0.1276885271 0.9855414033 0.1113724560 0.0328150019 -0.1164281219 0.9926568866
40.0 370.1 1911.4 0 0 0 0 0 0 0 0 0
219.0 -57.3 2137.0 0 0 0 0 0 0 0 0 0
-57.3 -910.1 2172.6 0 0 0 0 0 0 0 0 0
167.2 -906.6 2151.0 0 0 0 0 0 0 0 0 0
70.7 449.3 2098.8 44 0.9967677593 0.0494327061 -0.0633276924 -0.0502169728 0.9986793995 -0.0108520510 0.0627076104 0.0139970994 0.9979338050
59.7 226.5 2095.7 0.9967677593 0.0494327061 -0.0633276924 -0.0502169728 0.9986793995 -0.0108520510 0.0627076104 0.0139970994 0.9979338050
66.6 32.8 2105.4 0.9973862767 -0.0355233960 -0.0629178733 0.0385756753 0.9981030822 0.0479806364 0.0610940866 -0.0502823293 0.9968646765
-76.6 221.2 2087.4 0.0045271348 -0.8678365350 -0.4968291819 0.3596490324 0.4650022388 -0.8089656830 0.9330766797 -0.1750218272 0.3142216802
-77.4 151.1 1905.3 -0.4665050805 -0.8678365350 0.1709758043 -0.8838247657 0.4650022388 -0.0512517095 -0.0350260288 -0.1750218272 -0.9839413166
195.9 231.8 2104.0 0.7835801244 0.4633616507 0.4138818085 -0.4389353096 -0.0585894287 0.8966063857 0.4397021532 -0.8842303157 0.1574762911
367.6 135.5 2200.4 -0.6116583943 0.4633616507 0.6412253380 -0.7431545258 -0.0585894287 -0.6665498018 -0.2712845802 -0.8842303157 0.3801860511
-17.7 -160.5 2107.2 0.9948878288 0.0348225981 -0.0947922170 -0.0332351588 0.9992804527 0.0182745960 0.0953603834 -0.0150307389 0.9953293204
-31.2 -548.4 2113.0 0.9934069514 0.0717842057 -0.0893851295 -0.0578620806 0.9870488644 0.1496213526 0.0989679396 -0.1434628814 0.9846947789
161.0 -155.1 2118.3 0.9936728477 0.0942025855 -0.0611566305 -0.0958562195 0.9950889945 -0.0246868674 0.0585307255 0.0303929131 0.9978228211
124.4 -541.5 2106.5 0.9932075739 -0.1068097427 -0.0461557917 0.1118768454 0.9856274724 0.1265781075 0.0319726430 -0.1308820993 0.9908822179
40.3 374.2 1914.2 0 0 0 0 0 0 0 0 0
211.1 -54.6 2131.0 0 0 0 0 0 0 0 0 0
-58.0 -916.5 2166.5 0 0 0 0 0 0 0 0 0
164.2 -909.2 2155.3 0 0 0 0 0 0 0 0 0
70.4 448.1 2099.4 45 0.9960137606 0.0460273698 -0.0764070526 -0.0474917814 0.9987190366 -0.0174599122 0.0755055398 0.0210190192 0.9969238043
60.2 226.4 2094.7 0.9960137606 0.0460273698 -0.0764070526 -0.0474917814 0.9987190366 -0.0174599122 0.0755055398 0.0210190192 0.9969238043
66.4 32.7 2105.3 0.9966030717 -0.0319217928 -0.0759163946 0.0359272771 0.9980008602 0.0519947857 0.0741048679 -0.0545456335 0.9957576394
-75.9 221.5 2084.6 0.0153678898 -0.8624696136 -0.5058754086 0.3699007034 0.4749450088 -0.7984990478 0.9289441705 -0.1748524308 0.3263270259
-78.9 149.7 1904.4 -0.4830173552 -0.8624696136 0.1511302590 -0.8756009340 0.4749450088 -0.0880354047 0.0041492973 -0.1748524308 -0.9845858812
196.4 231.3 2104.8 0.7798448801 0.4760461152 0.4064751863 -0.4447087348 -0.0356629938 0.8949649930 0.4405407012 -0.8786969185 0.1838902682
368.8 132.9 2202.3 -0.6212584376 0.4760461152 0.6224291921 -0.7208277583 -0.0356629938 -0.6921961308 -0.3073196113 -0.8786969185 0.3653031886
-15.9 -164.4 2109.7 0.9932149649 0.0424858592 -0.1082541347 -0.0413781144 0.9990658760 0.0124596739 0.1086823717 -0.0078957826 0.9940451980
-32.3 -552.2 2112.8 0.9929497838 0.0629010722 -0.1004695445 -0.0456799380 0.9851793051 0.1653331518 0.1093801484 -0.1595780700 0.9811069369
162.8 -157.5 2120.6 0.9926981926 0.0946577489 -0.0747678280 -0.0967370868 0.9950037003 -0.0246886518 0.0720572993 0.0317412019 0.9968953133
126.1 -543.8 2108.3 0.9932578802 -0.0994003415 -0.0596515499 0.1062506661 0.9863855243 0.1255165935 0.0463630296 -0.1310083717 0.9902965426
42.6 369.9 1903.3 0 0 0 0 0 0 0 0 0
209.8 -51.5 2123.6 0 0 0 0 0 0 0 0 0
-55.8 -919.7 2172.3 0 0 0 0 0 0 0 0 0
163.1 -911.9 2157.2 0 0 0 0 0 0 0 0 0
70.2 449.5 2100.2 46 0.9923811555 0.0265799034 -0.1203043908 -0.0273693595 0.9996132851 -0.0049143028 0.1201272458 0.0081695160 0.9927248955
64.7 239.9 2098.5 0.9923811555 0.0265799034 -0.1203043908 -0.0273693595 0.9996132851 -0.0049143028 0.1201272458 0.0081695160 0.9927248955
67.3 46.0 2104.4 0.9926789999 -0.0130623346 -0.1200741380 0.0166756641 0.9994363189 0.0291370749 0.1196258515 -0.0309260786 0.9923372865
-70.8 237.7 2082.2 0.0490062684 -0.8561296463 -0.5144321322 0.4517623484 0.4783545136 -0.7530522943 0.8907912970 -0.1954967976 0.4102095068
-80.6 147.4 1904.1 -0.4946445227 -0.8561296463 0.1495621651 -0.8680745959 0.4783545136 -0.1327532828 0.0421102867 -0.1954967976 -0.9797998667
200.1 242.1 2114.8 0.7673165202 0.4559374154 0.4509395361 -0.5008649230 -0.0130140614 0.8654276133 0.4004493952 -0.8899166584 0.2183771580
369.8 131.4 2203.3 -0.6250539422 0.4559374154 0.6335839629 -0.7164886594 -0.0130140614 -0.6974773407 -0.3097605109 -0.8899166584 0.3348084986
-16.6 -164.3 2109.2 0.9874402881 0.0469488427 -0.1508557647 -0.0429696366 0.9986398220 0.0295317527 0.1520370543 -0.0226786248 0.9881145954
-34.9 -551.9 2118.0 0.9879973531 0.0521673150 -0.1453953385 -0.0332852565 0.9910339713 0.1293977797 0.1508420557 -0.1230051443 0.9808753133
161.9 -157.8 2122.5 0.9884623885 0.0956500024 -0.1174445227 -0.0987116620 0.9949044585 -0.0205216240 0.1148831844 0.0318779983 0.9928674102
124.8 -544.1 2110.1 0.9888308644 -0.1044320315 -0.1063366011 0.1139629409 0.9895903468 0.0878826305 0.0960519165 -0.0990194902 0.9904388785
43.6 365.3 1893.5 0 0 0 0 0 0 0 0 0
209.7 -52.2 2123.9 0 0 0 0 0 0 0 0 0
-54.3 -921.5 2163.9 0 0 0 0 0 0 0 0 0
163.7 -913.3 2147.1 0 0 0 0 0 0 0 0 0
68.7 450.1 2100.6 47 0.9899930954 0.0105372034 -0.1407216787 -0.0105163110 0.9999443293 0.0008921238 0.1407232434 0.0005966765 0.9900487661
66.6 246.6 2100.5 0.9899930954 0.0105372034 -0.1407216787 -0.0105163110 0.9999443293 0.0008921238 0.1407232434 0.0005966765 0.9900487661
68.3 52.5 2103.9 0.9900125265 -0.0087535148 -0.1407074630 0.0112319738 0.9997952580 0.0168297514 0.1405313462 -0.0182420872 0.9899081588
-68.6 245.1 2081.3 0.0713353455 -0.8511209488 -0.5201004148 0.4890269339 0.4843033850 -0.7254673839 0.8693468571 -0.2025916278 0.4507690072
-83.1 145.5 1904.2 -0.5048378110 -0.8511209488 0.1439858228 -0.8609243631 0.4843033850 -0.1557544321 0.0628330335 -0.2025916278 -0.9772454500
201.7 248.0 2119.6 0.7563673258 0.4380718470 0.4857998788 -0.5367627144 -0.0088414811 0.8436868787 0.3738906682 -0.8988964558 0.2284532338
371.6 127.5 2203.6 -0.6333970428 0.4380718470 0.6378881335 -0.7126019001 -0.0088414811 -0.7015129328 -0.3016731739 -0.8988964558 0.3177709877
-18.9 -149.4 2099.6 0.9848780632 0.0335553735 -0.1699685156 -0.0252138395 0.9983803034 0.0510004237 0.1714045554 -0.0459436402 0.9841288924
-31.9 -536.8 2117.4 0.9836825728 0.0668423846 -0.1670351624 -0.0462260954 0.9911546707 0.1244009733 0.1738729328 -0.1146496832 0.9780713916
158.8 -146.5 2121.0 0.9862228036 0.0926048905 -0.1370727569 -0.0962743461 0.9951463342 -0.0203726981 0.1345208436 0.0332886092 0.9903514385
122.8 -532.8 2108.1 0.9861489534 -0.1064498052 -0.1271953434 0.1170035601 0.9900173545 0.0785860941 0.1175601259 -0.0923799053 0.9887596369
44.0 362.2 1888.4 0 0 0 0 0 0 0 0 0
209.2 -55.1 2126.3 0 0 0 0 0 0 0 0 0
-56.8 -906.6 2160.2 0 0 0 0 0 0 0 0 0
162.5 -902.3 2142.5 0 0 0 0 0 0 0 0 0
68.7 451.0 2100.3 48 0.9884083271 0.0036418126 -0.1517752558 -0.0030598026 0.9999870658 0.0040680612 0.1517881006 -0.0035565032 0.9884066582
68.0 250.5 2101.0 0.9884083271 0.0036418126 -0.1517752558 -0.0030598026 0.9999870658 0.0040680612 0.1517881006 -0.0035565032 0.9884066582
69.1 56.5 2103.5 0.9883981347 -0.0055769901 -0.1517829746 0.0074926708 0.9998992682 0.0120521644 0.1517004818 -0.0130495960 0.9883403778
-67.0 249.5 2080.3 0.0876162872 -0.8477562070 -0.5230992436 0.5105418563 0.4891237020 -0.7071810365 0.8553773165 -0.2051035166 0.4756702483
-85.0 144.5 1904.2 -0.5120598674 -0.8477562070 0.1382176876 -0.8555648327 0.4891237020 -0.1696077287 0.0761804581 -0.2051035166 -0.9757710099
203.0 251.5 2121.7 0.7498596907 0.4346435368 0.4987940192 -0.5545551777 0.0017706109 0.8321450353 0.3608033061 -0.9006008506 0.2423615456
373.8 125.2 2203.9 -0.6410288811 0.4346435368 0.6325875521 -0.7017951608 0.0017706109 -0.7123765945 -0.3107499480 -0.9006008506 0.3038957119
-18.5 -142.5 2094.9 0.9830415845 0.0283608120 -0.1811764687 -0.0219766777 0.9990680814 0.0371482782 0.1820611805 -0.0325366445 0.9827487469
-29.5 -530.2 2107.5 0.9816747904 0.0734467432 -0.1758412719 -0.0434330218 0.9846898317 0.1688179076 0.1855482459 -0.1580869704 0.9698352218
158.7 -140.5 2120.0 0.9840041995 0.0986351669 -0.1483470947 -0.1035872251 0.9942800999 -0.0260151830 0.1449325532 0.0409659110 0.9885931015
120.5 -526.5 2104.1 0.9841620922 -0.1157087460 -0.1342998296 0.1300191134 0.9861289859 0.1031731442 0.1204989105 -0.1190006435 0.9855551124
44.1 360.2 1885.0 0 0 0 0 0 0 0 0 0
209.4 -54.7 2124.2 0 0 0 0 0 0 0 0 0
-56.9 -897.3 2166.4 0 0 0 0 0 0 0 0 0
163.6 -894.4 2148.5 0 0 0 0 0 0 0 0 0
68.0 452.6 2100.6 49 0.9941733479 -0.0005248486 -0.1077920794 -0.0001743071 0.9999790192 -0.0064766277 0.1077932194 0.0064576794 0.9941523671
68.1 241.0 2099.3 0.9941733479 -0.0005248486 -0.1077920794 -0.0001743071 0.9999790192 -0.0064766277 0.1077932194 0.0064576794 0.9941523671
69.7 47.1 2105.6 0.9941256046 -0.0078004990 -0.1079510823 0.0112854373 0.9994333982 0.0317093842 0.1076425686 -0.0327413864 0.9936503768
-67.5 239.5 2084.6 0.0887858644 -0.8491874933 -0.5205743909 0.4685744047 0.4968042672 -0.7304953933 0.8789511323 -0.1790701747 0.4420167208
-85.7 144.0 1905.3 -0.5141559839 -0.8491874933 0.1205164865 -0.8551796675 0.4968042672 -0.1478285342 0.0656610355 -0.1790701747 -0.9816427827
203.8 242.5 2113.9 0.7545419931 0.4614846110 0.4665815830 -0.5177576542 -0.0182297956 0.8553330898 0.4032287300 -0.8869609237 0.2251820415
377.1 123.6 2206.5 -0.6530256271 0.4614846110 0.6004910469 -0.6837153435 -0.0182297956 -0.7295210958 -0.3257159293 -0.8869609237 0.3274286091
-18.2 -138.2 2092.4 0.9900192022 0.0283772331 -0.1380459964 -0.0230240617 0.9989254475 0.0402219333 0.1390390396 -0.0366421081 0.9896087646
-29.3 -526.0 2106.6 0.9882383347 0.0762738213 -0.1325415522 -0.0511980802 0.9817368984 0.1832249463 0.1440961957 -0.1742840409 0.9740951657
158.8 -136.9 2119.6 0.9893268347 0.0981678665 -0.1076824814 -0.1028751507 0.9939273000 -0.0390539058 0.1031947210 0.0497149266 0.9934179783
120.7 -522.8 2100.3 0.9901948571 -0.1074081510 -0.0893175378 0.1186124757 0.9842057228 0.1314159334 0.0737916976 -0.1407215595 0.9872953892
44.2 360.0 1888.7 0 0 0 0 0 0 0 0 0
209.7 -51.7 2123.1 0 0 0 0 0 0 0 0 0
-57.7 -892.2 2171.6 0 0 0 0 0 0 0 0 0
160.7 -890.0 2152.8 0 0 0 0 0 0 0 0 0
66.7 454.0 2101.3 50 0.9965116978 0.0093393140 -0.0829287171 -0.0109677948 0.9997554421 -0.0192033183 0.0827290937 0.0200458784 0.9963704348
64.7 234.5 2096.9 0.9965116978 0.0093393140 -0.0829287171 -0.0109677948 0.9997554421 -0.0192033183 0.0827290937 0.0200458784 0.9963704348
67.0 40.6 2106.1 0.9964820147 -0.0115816770 -0.0830025673 0.0154912677 0.9987928271 0.0466139019 0.0823625028 -0.0477357320 0.9954585433
-71.3 232.4 2085.7 0.0693658441 -0.8472697735 -0.5266139507 0.4356550574 0.5006157160 -0.7480565310 0.8974369168 -0.1775324643 0.4038429856
-85.2 145.0 1905.5 -0.5138972402 -0.8472697735 0.1343262345 -0.8571113348 0.5006157160 -0.1214248985 0.0356338210 -0.1775324643 -0.9834696054
200.7 236.5 2108.1 0.7621290684 0.4575420916 0.4580551386 -0.5002328157 -0.0329932421 0.8652621508 0.4110065997 -0.8885756135 0.2037324756
375.7 121.7 2202.5 -0.6564071774 0.4575420916 0.5998206735 -0.6866393685 -0.0329932421 -0.7262491584 -0.3124995232 -0.8885756135 0.3358234167
-17.6 -147.9 2102.3 0.9926031828 0.0403176472 -0.1145136356 -0.0388580002 0.9991328716 0.0149511322 0.1150171310 -0.0103907706 0.9933091402
-33.2 -535.6 2106.3 0.9929778576 0.0529181026 -0.1058049500 -0.0323176458 0.9816960692 0.1876923889 0.1138006225 -0.1829550266 0.9765126109
160.3 -145.9 2121.5 0.9914761782 0.0990325734 -0.0846615210 -0.1031583548 0.9936088920 -0.0458225124 0.0795825198 0.0541654713 0.9953556061
121.9 -531.7 2100.5 0.9919712543 -0.1087002084 -0.0646322966 0.1169099212 0.9830915928 0.1409359723 0.0482197031 -0.1473605931 0.9879067540
44.5 361.3 1896.5 0 0 0 0 0 0 0 0 0
207.4 -54.4 2122.4 0 0 0 0 0 0 0 0 0
-53.0 -901.8 2174.6 0 0 0 0 0 0 0 0 0
162.4 -898.6 2155.5 0 0 0 0 0 0 0 0 0
67.3 454.5 2101.1 51 0.9970357418 0.0180264078 -0.0747979209 -0.0200856403 0.9994370937 -0.0268702507 0.0742714405 0.0282929651 0.9968366027
63.2 230.8 2094.8 0.9970357418 0.0180264078 -0.0747979209 -0.0200856403 0.9994370937 -0.0268702507 0.0742714405 0.0282929651 0.9968366027
66.1 37.0 2104.8 0.9971055984 -0.0143819610 -0.0746566653 0.0181892924 0.9985548258 0.0505710840 0.0738214552 -0.0517826602 0.9959262013
-72.9 228.4 2084.7 0.0559188612 -0.8471472859 -0.5284075141 0.4133923054 0.5013856888 -0.7600783706 0.9088343382 -0.1759368926 0.3782411218
-84.0 146.3 1904.3 -0.5105205178 -0.8471472859 0.1473439485 -0.8598298430 0.5013856888 -0.0964626595 0.0078419307 -0.1759368926 -0.9843702316
199.4 233.3 2104.9 0.7660547495 0.4495130479 0.4594542384 -0.4897779226 -0.0546993054 0.8701296449 0.4162664413 -0.8915974498 0.1782588959
374.8 121.1 2200.2 -0.6580422521 0.4495130479 0.6040847898 -0.6952675581 -0.0546993054 -0.7166665792 -0.2891079485 -0.8915974498 0.3485262990
-19.8 -154.6 2108.0 0.9938021302 0.0317534767 -0.1065318212 -0.0312196091 0.9994902611 0.0066757225 0.1066894978 -0.0033084655 0.9942868948
-32.1 -542.5 2109.3 0.9930424094 0.0628864095 -0.0995591879 -0.0445215628 0.9832092524 0.1769670844 0.1090163365 -0.1713032871 0.9791683555
158.6 -151.9 2122.7 0.9926521778 0.0943803266 -0.0757229179 -0.0974566415 0.9945137501 -0.0380071849 0.0717203543 0.0451076180 0.9964042902
121.9 -538.0 2105.2 0.9917452335 -0.1139398515 -0.0588141978 0.1207480878 0.9842141271 0.1293927431 0.0431427732 -0.1354263276 0.9898476601
44.8 363.3 1902.4 0 0 0 0 0 0 0 0 0
206.1 -57.1 2126.1 0 0 0 0 0 0 0 0 0
-55.6 -909.4 2173.2 0 0 0 0 0 0 0 0 0
164.5 -905.3 2155.8 0 0 0 0 0 0 0 0 0
67.0 453.5 2099.6 52 0.9968152642 0.0166510958 -0.0779878944 -0.0187342707 0.9994848967 -0.0260564461 0.0775138512 0.0274345092 0.9966137409
63.2 228.7 2093.4 0.9968152642 0.0166510958 -0.0779878944 -0.0187342707 0.9994848967 -0.0260564461 0.0775138512 0.0274345092 0.9966137409
67.2 35.0 2105.5 0.9967293739 -0.0205441341 -0.0781570002 0.0253269318 0.9978344440 0.0607041307 0.0767406300 -0.0624850690 0.9950911999
-72.9 225.3 2082.9 0.0540500730 -0.8493618369 -0.5250362754 0.4003367126 0.5001286268 -0.7678554058 0.9147726893 -0.1686886549 0.3670626879
-83.5 147.2 1904.6 -0.5080118179 -0.8493618369 0.1432078630 -0.8613399863 0.5001286268 -0.0892459452 0.0041797487 -0.1686886549 -0.9856605530
199.4 232.2 2103.9 0.7658784986 0.4538386762 0.4554784000 -0.4866367579 -0.0538653992 0.8719422221 0.4202556312 -0.8894543052 0.1796002388
374.2 121.0 2199.8 -0.6547722220 0.4538386762 0.6044036746 -0.6971976161 -0.0538653992 -0.7148523927 -0.2918712497 -0.8894543052 0.3516848385
-20.4 -158.4 2108.3 0.9936106801 0.0252666976 -0.1099975631 -0.0246738140 0.9996727705 0.0067480118 0.1101320684 -0.0039908374 0.9939089417
-30.2 -546.4 2109.8 0.9915711880 0.0764255896 -0.1046217680 -0.0585161000 0.9846134782 0.1646577716 0.1155960709 -0.1571478397 0.9807864428
158.2 -155.2 2121.5 0.9926663041 0.0916929990 -0.0787783489 -0.0942327455 0.9951235652 -0.0291426629 0.0757220164 0.0363524407 0.9964661002
122.6 -541.5 2107.4 0.9914928079 -0.1128316224 -0.0648923442 0.1196497008 0.9863515496 0.1131131724 0.0512439199 -0.1199152470 0.9914607406
45.0 365.1 1903.6 0 0 0 0 0 0 0 0 0
206.4 -57.7 2125.0 0 0 0 0 0 0 0 0 0
-58.7 -913.9 2168.5 0 0 0 0 0 0 0 0 0
164.7 -909.6 2152.1 0 0 0 0 0 0 0 0 0
66.8 451.5 2099.3 53 0.9949154258 -0.0009777398 -0.1007090956 -0.0019032849 0.9995917678 -0.0285073388 0.1006958559 0.0285540707 0.9945074320
67.0 228.0 2092.9 0.9949154258 -0.0009777398 -0.1007090956 -0.0019032849 0.9995917678 -0.0285073388 0.1006958559 0.0285540707 0.9945074320
69.8 34.2 2104.5 0.9947457314 -0.0143110277 -0.1013710648 0.0202689096 0.9981114268 0.0579890385 0.1003497392 -0.0597390309 0.9931571484
-68.8 225.2 2079.2 0.0691195056 -0.8531566262 -0.5170553923 0.4005788565 0.4984116554 -0.7688448429 0.9136515260 -0.1539792866 0.3762064576
-82.2 147.7 1902.4 -0.5049062371 -0.8531566262 0.1311238855 -0.8631667495 0.4984116554 -0.0808021724 0.0035832361 -0.1539792866 -0.9880675673
202.9 230.7 2106.6 0.7656241655 0.4503057599 0.4593956769 -0.4901294112 -0.0541910753 0.8699634671 0.4166447222 -0.8912283778 0.1792181134
374.7 120.7 2200.1 -0.6496754289 0.4503057599 0.6124920845 -0.7045994401 -0.0541910753 -0.7075330019 -0.2854146063 -0.8912283778 0.3524917960
-18.0 -160.9 2110.8 0.9906440377 0.0290233456 -0.1333491802 -0.0283473246 0.9995738864 0.0069656922 0.1334945261 -0.0031204286 0.9910446405
-29.3 -548.9 2112.0 0.9880632758 0.0872591734 -0.1269517243 -0.0653510317 0.9837015271 0.1675126851 0.1394996345 -0.1572166979 0.9776619077
160.5 -156.4 2124.5 0.9906442165 0.0905534029 -0.1020988002 -0.0938625187 0.9951891899 -0.0280766450 0.0990651920 0.0373972170 0.9943779707
125.4 -542.7 2110.0 0.9919013381 -0.0883437917 -0.0912529007 0.0960784107 0.9918092489 0.0841629878 0.0830701888 -0.0922488198 0.9922648072
45.3 365.6 1901.5 0 0 0 0 0 0 0 0 0
208.1 -59.9 2126.9 0 0 0 0 0 0 0 0 0
-61.9 -916.1 2170.6 0 0 0 0 0 0 0 0 0
158.3 -912.7 2144.4 0 0 0 0 0 0 0 0 0
66.0 450.2 2100.1 54 0.9915868640 -0.0061024646 -0.1292992085 0.0042593540 0.9998854399 -0.0145263523 0.1293730438 0.0138534084 0.9914992452
67.3 240.0 2097.2 0.9915868640 -0.0061024646 -0.1292992085 0.0042593540 0.9998854399 -0.0145263523 0.1293730438 0.0138534084 0.9914992452
69.6 46.1 2103.4 0.9914839864 -0.0117318491 -0.1296990961 0.0157895889 0.9994160533 0.0303018801 0.1292678565 -0.0320917256 0.9910902977
-68.1 237.9 2079.6 0.0733128339 -0.8510299921 -0.5199742317 0.4535778463 0.4927870631 -0.7425820231 0.8881961107 -0.1814079881 0.4221359491
-82.8 146.9 1901.2 -0.5078437328 -0.8510299921 0.1335765570 -0.8602407575 0.4927870631 -0.1309457719 0.0456139818 -0.1814079881 -0.9823494554
202.7 242.1 2114.8 0.7591328621 0.4269008338 0.4913989604 -0.5311521888 -0.0301520508 0.8467397690 0.3762905896 -0.9037955999 0.2038598955
375.7 121.0 2200.6 -0.6562332511 0.4269008338 0.6221845746 -0.6979770064 -0.0301520508 -0.7154850960 -0.2866810560 -0.9037955999 0.3177537322
-16.5 -161.3 2107.0 0.9863517284 0.0380528271 -0.1601944566 -0.0349553935 0.9991442561 0.0221103169 0.1608987302 -0.0162088890 0.9868378043
-31.3 -549.2 2113.3 0.9856278896 0.0704243630 -0.1535515040 -0.0459550470 0.9864577651 0.1574460566 0.1625601202 -0.1481267512 0.9755166173
161.7 -157.7 2125.0 0.9871381521 0.0958050787 -0.1279830635 -0.1002190858 0.9945573807 -0.0284915697 0.1245568693 0.0409514606 0.9913670421
124.5 -543.8 2109.1 0.9888141751 -0.0919722840 -0.1174205914 0.1010925695 0.9921042323 0.0742261410 0.1096667126 -0.0852662101 0.9903044701
45.0 363.3 1889.8 0 0 0 0 0 0 0 0 0
207.4 -58.0 2127.1 0 0 0 0 0 0 0 0 0
-57.5 -917.3 2168.6 0 0 0 0 0 0 0 0 0
158.8 -914.0 2140.9 0 0 0 0 0 0 0 0 0
66.7 451.7 2101.0 55 0.9896778464 -0.0066782497 -0.1431543529 0.0058509256 0.9999636412 -0.0061994321 0.1431905478 0.0052978550 0.9896809459
68.1 247.8 2100.0 0.9896778464 -0.0066782497 -0.1431543529 0.0058509256 0.9999636412 -0.0061994321 0.1431905478 0.0052978550 0.9896809459
69.8 53.8 2103.7 0.9896375537 -0.0084944200 -0.1433366984 0.0111645479 0.9997786283 0.0178343467 0.1431534737 -0.0192498285 0.9895132780
-67.1 246.4 2080.4 0.0851116702 -0.8479810953 -0.5231482983 0.4904696941 0.4926900864 -0.7188156843 0.8672920465 -0.1954087764 0.4578427076
-84.6 145.6 1902.2 -0.5131084323 -0.8479810953 0.1328452528 -0.8554916382 0.4926900864 -0.1593440324 0.0696691796 -0.1954087764 -0.9782441258
203.2 249.3 2119.5 0.7488096952 0.4240934253 0.5093415380 -0.5564525127 -0.0152168497 0.8307400346 0.3600619733 -0.9054905772 0.2245933264
376.1 120.8 2202.6 -0.6579761505 0.4240934253 0.6222637892 -0.6921950579 -0.0152168497 -0.7215500474 -0.2965357304 -0.9054905772 0.3035676777
-16.8 -149.2 2098.1 0.9842740297 0.0378632285 -0.1725426465 -0.0311525147 0.9986553192 0.0414373018 0.1738795787 -0.0354105234 0.9841300845
