-57.2 446.4 1864.0 95 0.9991986752 -0.0225174278 0.0330895707 0.0223606974 0.9997369647 0.0050990311 -0.0331956856 -0.0043550394 0.9994393587
-52.8 246.8 1864.9 0.9991986752 -0.0225174278 0.0330895707 0.0223606974 0.9997369647 0.0050990311 -0.0331956856 -0.0043550394 0.9994393587
-49.1 51.1 1867.8 0.9992772341 -0.0190877505 0.0328733809 0.0185864344 0.9997072816 0.0154885994 -0.0331594013 -0.0148664061 0.9993395209
-195.2 244.1 1869.6 0.1068324968 -0.8638362288 -0.4923147559 0.9940406680 0.1035912186 0.0339417011 0.0216794200 -0.4930069745 0.8697552085
-224.1 -25.4 1863.8 -0.0597161762 -0.8645756841 -0.4989417195 0.9434571266 0.1143887416 -0.3111332953 0.3260715902 -0.4893097878 0.8088592291
89.6 249.5 1860.2 0.5199046731 0.7604331374 0.3891536593 -0.2677293122 0.5776666999 -0.7711175084 -0.8111844063 0.2967197597 0.5039218664
206.4 189.4 1678.1 -0.5979559422 0.7604331374 0.2533576190 0.8010701537 0.5776666999 0.1568050534 -0.0271165129 0.2967197597 -0.9545795321
-134.2 -146.6 1875.0 0.9652522802 0.0509585142 -0.2563031018 -0.0848557875 0.9887744188 -0.1229824051 0.2471589297 0.1404578388 0.9587408900
-154.1 -534.1 1819.9 0.9687463045 0.0000000000 -0.2480536103 0.0000000000 1.0000000000 0.0000000000 0.2480536103 0.0000000000 0.9687463045
46.4 -142.3 1869.6 0.8966129422 -0.0198788792 -0.4423686862 -0.0052779736 0.9984411001 -0.0555649400 0.4427836537 0.0521550551 0.8951103091
54.2 -533.6 1849.2 0.8966254592 0.0000000000 -0.4427898228 0.0000000000 1.0000000000 0.0000000000 0.4427898228 0.0000000000 0.8966254592
-207.3 -290.8 1772.0 0 0 0 0 0 0 0 0 0
55.6 391.4 1671.2 0 0 0 0 0 0 0 0 0
-154.1 -910.8 1819.9 0 0 0 0 0 0 0 0 0
54.2 -910.2 1849.2 0 0 0 0 0 0 0 0 0
-57.2 446.7 1863.7 96 0.9990831017 -0.0253739208 0.0344840884 0.0251450911 0.9996589422 0.0070534451 -0.0346512981 -0.0061798724 0.9993803501
-52.2 247.8 1864.9 0.9990831017 -0.0253739208 0.0344840884 0.0251450911 0.9996589422 0.0070534451 -0.0346512981 -0.0061798724 0.9993803501
-47.9 52.1 1867.2 0.9991618991 -0.0222529322 0.0343557186 0.0218367409 0.9996840954 0.0124422684 -0.0346217453 -0.0116816238 0.9993321896
-194.6 244.7 1869.8 0.1198376790 -0.8637778163 -0.4894148111 0.9926543236 0.1125038862 0.0445001572 0.0166228209 -0.4911525249 0.8709149361
-227.1 -24.8 1865.3 -0.0297033750 -0.8645156026 -0.5017275214 0.9504670501 0.1309443712 -0.2818970978 0.3094028533 -0.4852487445 0.8178040981
90.2 251.0 1859.9 0.5184265971 0.7588449717 0.3941930234 -0.2652396858 0.5809420943 -0.7695155740 -0.8129463196 0.2943817377 0.5024516582
206.5 191.5 1677.6 -0.6019211411 0.7588449717 0.2486870289 0.7982067466 0.5809420943 0.1592867374 -0.0235988274 0.2943817377 -0.9553965330
-135.8 -146.0 1873.6 0.9660555720 0.0466682538 -0.2540840805 -0.0791758671 0.9897017479 -0.1192543507 0.2459020764 0.1353236586 0.9598019123
-154.1 -533.8 1820.6 0.9690979123 0.0000000000 -0.2466764897 0.0000000000 1.0000000000 0.0000000000 0.2466764897 0.0000000000 0.9690979123
44.9 -142.6 1867.5 0.8971636295 -0.0217483882 -0.4411625564 0.0023552845 0.9990084171 -0.0444592312 0.4416920245 0.0388481431 0.8963252902
53.4 -534.0 1852.3 0.8971661329 0.0000000000 -0.4416932464 0.0000000000 1.0000000000 0.0000000000 0.4416932464 0.0000000000 0.8971661329
-218.8 -292.2 1778.3 0 0 0 0 0 0 0 0 0
54.3 393.3 1671.6 0 0 0 0 0 0 0 0 0
-154.1 -910.5 1820.6 0 0 0 0 0 0 0 0 0
53.4 -910.6 1852.3 0 0 0 0 0 0 0 0 0
-57.5 448.2 1867.5 97 0.9982448220 -0.0220557712 0.0549621098 0.0220266953 0.9997567534 0.0011347990 -0.0549737662 0.0000778265 0.9984877706
-53.1 249.7 1867.5 0.9982448220 -0.0220557712 0.0549621098 0.0220266953 0.9997567534 0.0011347990 -0.0549737662 0.0000778265 0.9984877706
-49.6 53.9 1868.0 0.9983282685 -0.0180526655 0.0549068190 0.0178658515 0.9998328090 0.0038913509 -0.0549678877 -0.0029038887 0.9984838963
-195.4 247.1 1875.3 0.1122092530 -0.8737576008 -0.4732407033 0.9930704236 0.1153480560 0.0224947874 0.0349324048 -0.4724854529 0.8806459308
-226.0 -23.6 1865.8 0.0009183018 -0.8741142154 -0.4857196212 0.9557033181 0.1437292248 -0.2568521500 0.2943302095 -0.4639679790 0.8355258107
89.1 252.2 1859.6 0.5242587924 0.7409934998 0.4196205735 -0.2712847888 0.6124234796 -0.7425240874 -0.8071910143 0.2754381001 0.5220886469
207.5 191.0 1677.4 -0.6282063723 0.7409934998 0.2372454405 0.7771242857 0.6124234796 0.1449665278 -0.0378754213 0.2754381001 -0.9605723619
-133.9 -145.5 1872.5 0.9708693027 0.0483889692 -0.2346726805 -0.0789236799 0.9893228412 -0.1225207299 0.2262383997 0.1374728531 0.9643222690
-152.8 -533.1 1818.7 0.9739072919 0.0000000000 -0.2269463241 0.0000000000 1.0000000000 0.0000000000 0.2269463241 0.0000000000 0.9739072919
46.8 -141.6 1866.2 0.9060174823 -0.0121842865 -0.4230647981 -0.0037106255 0.9993184209 -0.0367269367 0.4232239425 0.0348450802 0.9053547978
51.5 -533.0 1852.6 0.9060237408 0.0000000000 -0.4232268631 0.0000000000 1.0000000000 0.0000000000 0.4232268631 0.0000000000 0.9060237408
-226.2 -292.5 1782.9 0 0 0 0 0 0 0 0 0
48.9 387.1 1667.8 0 0 0 0 0 0 0 0 0
-152.8 -909.8 1818.7 0 0 0 0 0 0 0 0 0
51.5 -909.7 1852.6 0 0 0 0 0 0 0 0 0
-58.5 448.0 1865.9 98 0.9978123307 -0.0182711203 0.0635350049 0.0178121720 0.9998110533 0.0077825133 -0.0636651963 -0.0066337911 0.9979492426
-54.8 250.0 1867.2 0.9978123307 -0.0182711203 0.0635350049 0.0178121720 0.9998110533 0.0077825133 -0.0636651963 -0.0066337911 0.9979492426
-52.2 54.2 1868.7 0.9978858232 -0.0137298396 0.0635243356 0.0132193686 0.9998769164 0.0084491791 -0.0636325255 -0.0075915651 0.9979445338
-197.0 248.1 1876.3 0.1081928536 -0.8775752783 -0.4670716524 0.9933226705 0.1143604219 0.0152236596 0.0400546007 -0.4655999541 0.8840883970
-226.5 -22.6 1865.3 0.0094042150 -0.8776921630 -0.4791325927 0.9591367245 0.1434216946 -0.2438994348 0.2827866375 -0.4572600126 0.8431755304
87.4 251.9 1858.1 0.5278677344 0.7354925275 0.4247427583 -0.2795051634 0.6226707697 -0.7308611274 -0.8020178080 0.2670801878 0.5342617631
206.4 188.9 1677.3 -0.6344555020 0.7354925275 0.2377329171 0.7712767720 0.6226707697 0.1319593340 -0.0509742312 0.2670801878 -0.9623252153
-136.4 -143.5 1873.5 0.9729211330 0.0403809249 -0.2275824994 -0.0717921481 0.9887155890 -0.1314813346 0.2197050303 0.1442596018 0.9648413658
-152.2 -530.8 1817.0 0.9754381776 0.0000000000 -0.2202734202 0.0000000000 1.0000000000 0.0000000000 0.2202734202 0.0000000000 0.9754381776
44.1 -140.2 1863.6 0.9093178511 -0.0249432698 -0.4153539538 0.0120655326 0.9993625283 -0.0336001776 0.4159272611 0.0255417731 0.9090391397
53.8 -531.7 1853.6 0.9093840122 0.0000000000 -0.4159575403 0.0000000000 1.0000000000 0.0000000000 0.4159575403 0.0000000000 0.9093840122
-229.2 -292.7 1785.7 0 0 0 0 0 0 0 0 0
46.5 383.2 1664.4 0 0 0 0 0 0 0 0 0
-152.2 -907.5 1817.0 0 0 0 0 0 0 0 0 0
53.8 -908.3 1853.6 0 0 0 0 0 0 0 0 0
-58.0 447.9 1864.6 99 0.9977940321 -0.0127958898 0.0651412234 0.0120381759 0.9998553991 0.0120111220 -0.0652854964 -0.0112004438 0.9978037477
-55.5 250.0 1866.8 0.9977940321 -0.0127958898 0.0651412234 0.0120381759 0.9998553991 0.0120111220 -0.0652854964 -0.0112004438 0.9978037477
-53.6 54.2 1868.8 0.9978261590 -0.0098951571 0.0651537552 0.0092035448 0.9998981357 0.0109066954 -0.0652550459 -0.0102833407 0.9978156090
-197.7 248.7 1876.1 0.1102635637 -0.8781172037 -0.4655664265 0.9932520986 0.1142968237 0.0196610056 0.0359480977 -0.4645927250 0.8847945333
-227.7 -21.7 1866.3 0.0128384167 -0.8781501651 -0.4782128334 0.9599375725 0.1447074115 -0.2399574965 0.2799196541 -0.4559738040 0.8448271155
86.7 251.3 1857.5 0.5329397917 0.7296076417 0.4285415709 -0.2755154073 0.6284877062 -0.7273887992 -0.8000414968 0.2695846260 0.5359642506
207.3 189.0 1676.5 -0.6421716809 0.7296076417 0.2351345122 0.7651849389 0.6284877062 0.1396250278 -0.0459076725 0.2695846260 -0.9618818164
-139.7 -142.8 1875.9 0.9734497666 0.0307444967 -0.2268265784 -0.0627980530 0.9887876511 -0.1354822516 0.2201179862 0.1461294293 0.9644657969
-151.7 -530.1 1818.7 0.9753749371 0.0000000000 -0.2205533087 0.0000000000 1.0000000000 0.0000000000 0.2205533087 0.0000000000 0.9753749371
40.7 -140.4 1864.4 0.9096906781 -0.0389381610 -0.4134569764 0.0207287632 0.9986110330 -0.0484386906 0.4147688150 0.0354937762 0.9092342854
55.9 -531.5 1850.5 0.9098861814 0.0000000000 -0.4148579538 0.0000000000 1.0000000000 0.0000000000 0.4148579538 0.0000000000 0.9098861814
-231.3 -292.0 1787.5 0 0 0 0 0 0 0 0 0
45.6 381.7 1665.0 0 0 0 0 0 0 0 0 0
-151.7 -906.8 1818.7 0 0 0 0 0 0 0 0 0
55.9 -908.2 1850.5 0 0 0 0 0 0 0 0 0
-58.3 448.8 1863.4 00 0.9976448417 -0.0116955554 0.0675870180 0.0108034993 0.9998498559 0.0135491239 -0.0677353367 -0.0127870375 0.9976213574
-56.0 250.8 1866.0 0.9976448417 -0.0116955554 0.0675870180 0.0108034993 0.9998498559 0.0135491239 -0.0677353367 -0.0127870375 0.9976213574
-54.3 55.0 1868.1 0.9976766109 -0.0084149148 0.0676063001 0.0076454924 0.9999031425 0.0116316238 -0.0676976293 -0.0110877156 0.9976442456
-198.2 249.7 1875.6 0.1146622896 -0.8788650632 -0.4630861282 0.9928408265 0.1170860901 0.0236209333 0.0334613323 -0.4624792337 0.8859984875
-229.4 -20.3 1866.5 0.0024266883 -0.8789935708 -0.4768274426 0.9594925642 0.1363809109 -0.2465243042 0.2817234397 -0.4569141567 0.8437187672
86.2 251.9 1856.3 0.5316926241 0.7343163490 0.4219980836 -0.2840312719 0.6240079999 -0.7279699445 -0.7978904247 0.2671956420 0.5403492451
205.9 187.9 1676.6 -0.6389511228 0.7343163490 0.2291744202 0.7682940960 0.6240079999 0.1426122785 -0.0382841378 0.2671956420 -0.9628815055
-141.8 -142.5 1876.7 0.9740924835 0.0261366926 -0.2246344984 -0.0572182424 0.9894641042 -0.1329917908 0.2187918127 0.1423994899 0.9653251171
-152.1 -530.1 1820.9 0.9756909609 0.0000000000 -0.2191508412 0.0000000000 1.0000000000 0.0000000000 0.2191508412 0.0000000000 0.9756909609
38.6 -140.8 1864.9 0.9104436636 -0.0483580977 -0.4107966125 0.0263916217 0.9979102015 -0.0589804128 0.4127903283 0.0428567529 0.9098172784
57.5 -531.6 1848.1 0.9107608795 0.0000000000 -0.4129341543 0.0000000000 1.0000000000 0.0000000000 0.4129341543 0.0000000000 0.9107608795
-230.1 -290.6 1787.1 0 0 0 0 0 0 0 0 0
45.1 381.3 1667.0 0 0 0 0 0 0 0 0 0
-152.1 -906.7 1820.9 0 0 0 0 0 0 0 0 0
57.5 -908.3 1848.1 0 0 0 0 0 0 0 0 0
-57.8 449.1 1862.9 01 0.9994035959 -0.0330585726 -0.0099785207 0.0329388045 0.9993860722 -0.0119374301 0.0103670293 0.0116016306 0.9998789430
-50.5 227.4 1860.3 0.9994035959 -0.0330585726 -0.0099785207 0.0329388045 0.9993860722 -0.0119374301 0.0103670293 0.0116016306 0.9998789430
-47.3 31.6 1864.6 0.9998009205 -0.0167676378 -0.0108134700 0.0169978440 0.9996230602 0.0215604268 0.0104478765 -0.0217399392 0.9997090697
-192.5 224.9 1858.8 0.1502387524 -0.8397766948 -0.5217311382 0.9883053899 0.1136442795 0.1016729698 -0.0260908250 -0.5309049487 0.8470296264
-229.7 -19.4 1865.3 -0.0007069451 -0.8403293490 -0.5420756936 0.9618046880 0.1478141546 -0.2303968072 0.2737356722 -0.5215338469 0.8081282377
91.6 229.9 1861.8 0.5117805600 0.7322821617 0.4492700100 -0.1912579983 0.6069341898 -0.7713956833 -0.8375566006 0.3088588119 0.4506719410
204.8 187.6 1676.4 -0.6345943809 0.7322821617 0.2470887899 0.7727206349 0.6069341898 0.1858324111 -0.0138848750 0.3088588119 -0.9510065317
-142.0 -143.8 1875.6 0.9541708827 0.0242337976 -0.2982793748 -0.0646587312 0.9898678064 -0.1264158040 0.2921936214 0.1399086416 0.9460700154
-151.5 -529.2 1821.2 0.9561717510 0.0000000000 -0.2928063571 0.0000000000 1.0000000000 0.0000000000 0.2928063571 0.0000000000 0.9561717510
37.6 -140.3 1864.2 0.8757644296 -0.0506638624 -0.4800727963 0.0265428983 0.9980266690 -0.0569050387 0.4820084870 0.0370928831 0.8753810525
57.4 -531.1 1849.7 0.8760730624 0.0000000000 -0.4821783602 0.0000000000 1.0000000000 0.0000000000 0.4821783602 0.0000000000 0.8760730624
-229.5 -290.3 1788.1 0 0 0 0 0 0 0 0 0
44.9 382.3 1672.9 0 0 0 0 0 0 0 0 0
-151.5 -905.9 1821.2 0 0 0 0 0 0 0 0 0
57.4 -907.7 1849.7 0 0 0 0 0 0 0 0 0
-56.6 448.1 1858.6 02 0.9980410933 -0.0293992832 -0.0552232713 0.0276883915 0.9991202950 -0.0314951986 0.0561006255 0.0299044605 0.9979771972
-49.6 210.3 1851.4 0.9980410933 -0.0293992832 -0.0552232713 0.0276883915 0.9991202950 -0.0314951986 0.0561006255 0.0299044605 0.9979771972
-48.4 15.4 1866.9 0.9983260036 -0.0079936422 -0.0572822168 0.0124806594 0.9968432784 0.0784075707 0.0564746298 -0.0789912343 0.9952743053
-191.5 208.3 1843.4 0.1519321650 -0.8140775561 -0.5605304241 0.9855600595 0.0818876103 0.1482085586 -0.0747527629 -0.5749540329 0.8147636652
-229.6 -38.6 1862.1 0.0039191637 -0.8166416287 -0.5771318078 0.9606987834 0.1632690579 -0.2245018482 0.2775653303 -0.5535699725 0.7851864696
92.3 212.3 1859.5 0.5243529677 0.7136439085 0.4645066261 -0.1049206406 0.5955076814 -0.7964686155 -0.8450121880 0.3688943386 0.3871321678
206.6 189.4 1675.2 -0.6435279846 0.7136439085 0.2767384648 0.7653648257 0.5955076814 0.2441051155 0.0094042486 0.3688943386 -0.9294237494
-133.7 -166.8 1867.6 0.9372508526 0.0558975376 -0.3441457152 -0.0947914869 0.9907369018 -0.0972368792 0.3355225325 0.1237574294 0.9338676333
-155.6 -553.5 1819.3 0.9414902329 0.0000000000 -0.3370401859 0.0000000000 1.0000000000 0.0000000000 0.3370401859 0.0000000000 0.9414902329
46.1 -162.6 1869.9 0.8543658257 -0.0112976916 -0.5195491910 -0.0172652509 0.9985946417 -0.0501062386 0.5193850994 0.0517792031 0.8529701233
50.5 -553.4 1849.6 0.8544932008 0.0000000000 -0.5194625258 0.0000000000 1.0000000000 0.0000000000 0.5194625258 0.0000000000 0.8544932008
-230.7 -309.3 1783.9 0 0 0 0 0 0 0 0 0
44.6 382.1 1677.6 0 0 0 0 0 0 0 0 0
-155.6 -930.2 1819.3 0 0 0 0 0 0 0 0 0
50.5 -930.0 1849.6 0 0 0 0 0 0 0 0 0
-56.3 448.1 1855.9 03 0.9965909719 -0.0341192149 -0.0751151666 0.0306032207 0.9984036684 -0.0474718586 0.0766149536 0.0450112596 0.9960442185
-47.8 198.5 1844.7 0.9965909719 -0.0341192149 -0.0751151666 0.0306032207 0.9984036684 -0.0474718586 0.0766149536 0.0450112596 0.9960442185
-48.2 4.5 1868.7 0.9969568849 0.0009320984 -0.0779493600 0.0086536771 0.9924250841 0.1225459725 0.0774731264 -0.1228476018 0.9893969893
-189.7 197.1 1833.6 0.1556118578 -0.7997436523 -0.5798233151 0.9833126068 0.0694108307 0.1681619734 -0.0942404568 -0.5963155627 0.7971991301
-229.4 -54.3 1857.7 -0.0030821681 -0.8035734892 -0.5951975584 0.9619090557 0.1603177786 -0.2214254439 0.2733523846 -0.5732083917 0.7724704742
94.1 199.9 1855.7 0.5240653753 0.7099848390 0.4704008996 -0.0463449545 0.5752772093 -0.8166445494 -0.8504161239 0.4061744213 0.3343870938
205.4 190.0 1675.1 -0.6392692327 0.7099848390 0.2953918278 0.7684331536 0.5752772093 0.2802974582 0.0290747415 0.4061744213 -0.9133328795
-136.9 -181.4 1877.0 0.9282386303 0.0506913587 -0.3685152531 -0.1022707969 0.9872716069 -0.1218011007 0.3576503694 0.1507488340 0.9216078520
-156.7 -567.3 1818.1 0.9331313968 0.0000000000 -0.3595355451 0.0000000000 1.0000000000 0.0000000000 0.3595355451 0.0000000000 0.9331313968
42.9 -178.3 1887.4 0.8435440660 -0.0253570471 -0.5364609957 -0.0396568291 0.9932169914 -0.1093039960 0.5355938077 0.1134770811 0.8368167281
52.8 -566.4 1843.1 0.8442081809 0.0000000000 -0.5360154510 0.0000000000 1.0000000000 0.0000000000 0.5360154510 0.0000000000 0.8442081809
-228.6 -325.3 1780.7 0 0 0 0 0 0 0 0 0
44.2 383.8 1682.5 0 0 0 0 0 0 0 0 0
-156.7 -943.9 1818.1 0 0 0 0 0 0 0 0 0
52.8 -943.0 1843.1 0 0 0 0 0 0 0 0 0
-56.5 446.7 1856.1 04 0.9975795150 -0.0170043688 -0.0674240291 0.0123729762 0.9975728393 -0.0685226023 0.0684255585 0.0675225034 0.9953685999
-52.0 185.7 1838.4 0.9975795150 -0.0170043688 -0.0674240291 0.0123729762 0.9975728393 -0.0685226023 0.0684255585 0.0675225034 0.9953685999
-50.7 -7.3 1869.7 0.9975076318 -0.0071475497 -0.0701957643 0.0182786752 0.9870706797 0.1592401117 0.0681499988 -0.1601263136 0.9847411513
-194.1 183.0 1828.7 0.1388293207 -0.8037157059 -0.5785909295 0.9852160215 0.0528705902 0.1629544050 -0.1003785655 -0.5926598907 0.7991735339
-229.0 -65.0 1854.0 -0.0154164974 -0.8090869188 -0.5874867439 0.9623142481 0.1475359052 -0.2284390330 0.2715024352 -0.5688685775 0.7763214111
90.0 188.4 1848.1 0.5598810315 0.6941925287 0.4523603916 -0.0135650774 0.5535575747 -0.8327004313 -0.8284619451 0.4600768983 0.3193431497
206.1 185.6 1676.4 -0.6305891871 0.6941925287 0.3470648229 0.7759101391 0.5535575747 0.3025515974 0.0179087128 0.4600768983 -0.8876984715
-138.5 -190.7 1885.6 0.9308733940 0.0456449017 -0.3624793589 -0.1073640212 0.9825328588 -0.1519940197 0.3492101431 0.1804044396 0.9195142984
-156.4 -575.0 1815.0 0.9362853169 0.0000000000 -0.3512403667 0.0000000000 1.0000000000 0.0000000000 0.3512403667 0.0000000000 0.9362853169
41.4 -188.7 1899.7 0.8499265909 -0.0350677930 -0.5257328749 -0.0582608841 0.9854096770 -0.1599169970 0.5236701965 0.1665473580 0.8354827762
55.1 -573.6 1834.6 0.8513727188 0.0000000000 -0.5245612264 0.0000000000 1.0000000000 0.0000000000 0.5245612264 0.0000000000 0.8513727188
-224.7 -336.1 1777.5 0 0 0 0 0 0 0 0 0
46.6 381.8 1680.9 0 0 0 0 0 0 0 0 0
-156.4 -951.7 1815.0 0 0 0 0 0 0 0 0 0
55.1 -950.3 1834.6 0 0 0 0 0 0 0 0 0
-58.7 447.9 1856.2 05 0.9998077154 -0.0145998839 0.0130905705 0.0149095599 0.9996036887 -0.0238793977 -0.0127367452 0.0240699798 0.9996291399
-55.3 218.0 1850.7 0.9998077154 -0.0145998839 0.0130905705 0.0149095599 0.9996036887 -0.0238793977 -0.0127367452 0.0240699798 0.9996291399
-54.2 23.6 1869.0 0.9998934865 -0.0087117758 0.0117119327 0.0075714351 0.9955328703 0.0941117406 -0.0124794943 -0.0940130427 0.9954927564
-197.3 216.6 1852.5 0.1076560318 -0.8484237790 -0.5182541013 0.9941362739 0.0971953347 0.0473936088 0.0101620182 -0.5203174353 0.8539124727
-229.3 -78.9 1849.5 -0.0511580519 -0.8489569426 -0.5259799957 0.9583482742 0.1064480469 -0.2650234401 0.2809830606 -0.5176301003 0.8081507087
86.7 219.5 1848.8 0.5666099787 0.7214285135 0.3981131017 -0.1810175031 0.5803349018 -0.7940050960 -0.8038567901 0.3778257668 0.4594147503
207.7 180.9 1677.2 -0.6244296432 0.7214285135 0.2993802726 0.7810462117 0.5803349018 0.2306039333 -0.0073765735 0.3778257668 -0.9258473516
-140.5 -189.9 1891.1 0.9569606185 0.0444438979 -0.2867946029 -0.1000234112 0.9781666398 -0.1821684390 0.2724366486 0.2030141950 0.9405123591
-158.4 -583.4 1809.4 0.9617838860 0.0000000000 -0.2738097608 0.0000000000 1.0000000000 0.0000000000 0.2738097608 0.0000000000 0.9617838860
39.3 -184.9 1897.2 0.8874350786 -0.0379151925 -0.4593707025 -0.0401294343 0.9864715934 -0.1589446664 0.4591825902 0.1594873518 0.8739079833
54.6 -582.3 1832.9 0.8881504536 0.0000000000 -0.4595527649 0.0000000000 1.0000000000 0.0000000000 0.4595527649 0.0000000000 0.8881504536
-214.9 -348.7 1770.3 0 0 0 0 0 0 0 0 0
48.9 379.5 1675.3 0 0 0 0 0 0 0 0 0
-158.4 -960.0 1809.4 0 0 0 0 0 0 0 0 0
54.6 -959.0 1832.9 0 0 0 0 0 0 0 0 0
-59.1 447.2 1855.2 06 0.9993563294 -0.0101733282 0.0344013236 0.0099710086 0.9999319911 0.0060476069 -0.0344605073 -0.0057006986 0.9993898273
-56.9 233.4 1856.5 0.9993563294 -0.0101733282 0.0344013236 0.0099710086 0.9999319911 0.0060476069 -0.0344605073 -0.0057006986 0.9993898273
-56.0 38.3 1869.1 0.9994052649 -0.0062055509 0.0339205004 0.0040003527 0.9978969693 0.0646961778 -0.0342506431 -0.0645220056 0.9973283410
-199.0 232.5 1861.4 0.1114815399 -0.8604017496 -0.4972732067 0.9936327338 0.1047172695 0.0415722877 0.0163042229 -0.4987414777 0.8665974140
-230.7 -49.7 1856.7 -0.0706164986 -0.8590947390 -0.5069216490 0.9573392272 0.0843846649 -0.2763708234 0.2802051306 -0.5048123598 0.8164861202
85.2 234.2 1851.5 0.5584587455 0.7386621833 0.3774943948 -0.2663066387 0.5906252861 -0.7617365718 -0.7856237292 0.3248691857 0.5265504718
207.1 176.1 1680.2 -0.6159913540 0.7386621833 0.2737386227 0.7871622443 0.5906252861 0.1775876731 -0.0304996427 0.3248691857 -0.9452670217
-143.6 -165.6 1886.6 0.9638053179 0.0301986560 -0.2648912668 -0.0747525766 0.9843198061 -0.1597704440 0.2559128702 0.1737889051 0.9509500861
-155.6 -556.2 1817.7 0.9665094614 0.0000000000 -0.2566308975 0.0000000000 1.0000000000 0.0000000000 0.2566308975 0.0000000000 0.9665094614
36.3 -163.0 1881.2 0.8946647048 -0.0493294783 -0.4440064132 0.0030066133 0.9945272207 -0.1044345200 0.4467281699 0.0920989215 0.8899167180
55.8 -557.1 1844.7 0.8946686983 0.0000000000 -0.4467301965 0.0000000000 1.0000000000 0.0000000000 0.4467301965 0.0000000000 0.8946686983
-210.8 -319.3 1777.8 0 0 0 0 0 0 0 0 0
50.1 376.6 1672.4 0 0 0 0 0 0 0 0 0
-155.6 -932.9 1817.7 0 0 0 0 0 0 0 0 0
55.8 -933.8 1844.7 0 0 0 0 0 0 0 0 0
-59.9 446.6 1854.8 07 0.9987213016 -0.0115807075 0.0492097884 0.0104610277 0.9996818900 0.0229501501 -0.0494599119 -0.0224060193 0.9985247850
-57.5 240.5 1859.4 0.9987213016 -0.0115807075 0.0492097884 0.0104610277 0.9996818900 0.0229501501 -0.0494599119 -0.0224060193 0.9985247850
-56.0 45.1 1869.3 0.9987634420 -0.0088437609 0.0489226878 0.0063428520 0.9986764193 0.0510406718 -0.0493093245 -0.0506672487 0.9974975586
-199.7 239.4 1866.4 0.1170212850 -0.8683598042 -0.4819307625 0.9930810332 0.1071043089 0.0481532663 0.0098024970 -0.4842312336 0.8748851418
-231.9 -34.1 1863.7 -0.0676132590 -0.8674456477 -0.4929163158 0.9512951374 0.0928876773 -0.2939549088 0.3007757664 -0.4887841344 0.8189163804
84.7 241.5 1852.3 0.5459213257 0.7634453177 0.3451393247 -0.3184532523 0.5701002479 -0.7573461533 -0.7749564052 0.3035407066 0.5543515086
204.5 171.6 1682.2 -0.5867024660 0.7634453177 0.2700582743 0.8086521626 0.5701002479 0.1451459527 -0.0431493036 0.3035407066 -0.9518409371
-145.6 -154.3 1883.8 0.9681230187 0.0179020856 -0.2498345226 -0.0593415722 0.9854387045 -0.1593396217 0.2433440983 0.1690859199 0.9550882578
-152.6 -542.8 1817.2 0.9698321223 0.0000000000 -0.2437736839 0.0000000000 1.0000000000 0.0000000000 0.2437736839 0.0000000000 0.9698321223
34.6 -152.8 1876.0 0.9003636837 -0.0565566905 -0.4314470589 0.0165584981 0.9952524304 -0.0959086716 0.4348230064 0.0792085677 0.8970256448
56.9 -545.0 1844.8 0.9004871249 0.0000000000 -0.4348826110 0.0000000000 1.0000000000 0.0000000000 0.4348826110 0.0000000000 0.9004871249
-212.9 -302.0 1779.0 0 0 0 0 0 0 0 0 0
55.4 377.2 1671.2 0 0 0 0 0 0 0 0 0
-152.6 -919.4 1817.2 0 0 0 0 0 0 0 0 0
56.9 -921.6 1844.8 0 0 0 0 0 0 0 0 0
-61.1 446.8 1854.5 08 0.9990740418 -0.0257839393 0.0344419479 0.0247212797 0.9992157817 0.0309311859 -0.0352124646 -0.0300510954 0.9989279509
-55.8 244.7 1860.6 0.9990740418 -0.0257839393 0.0344419479 0.0247212797 0.9992157817 0.0309311859 -0.0352124646 -0.0300510954 0.9989279509
-51.7 49.2 1869.0 0.9991805553 -0.0217384696 0.0341416150 0.0202428065 0.9988457561 0.0435585380 -0.0350491032 -0.0428317226 0.9984673262
-198.1 241.8 1865.6 0.1183599532 -0.8620889187 -0.4927409291 0.9929514527 0.1058530509 0.0533159412 0.0061950493 -0.4955782890 0.8685411811
-230.4 -29.0 1863.9 -0.0483963937 -0.8624300957 -0.5038572550 0.9523822665 0.1121935919 -0.2835147977 0.3010412455 -0.4935857952 0.8159333467
86.5 247.7 1855.6 0.5269572139 0.7809395790 0.3353348970 -0.3560639620 0.5611240864 -0.7472336888 -0.7717088461 0.2743595243 0.5737528205
204.2 168.1 1683.2 -0.5728712678 0.7809395790 0.2489013970 0.8184968233 0.5611240864 0.1232990995 -0.0433754288 0.2743595243 -0.9606484175
-144.8 -149.5 1883.2 0.9651931524 0.0165900495 -0.2610113919 -0.0607266501 0.9849272966 -0.1619582772 0.2543903589 0.1721713543 0.9516525269
-151.3 -536.5 1815.5 0.9669777751 0.0000000000 -0.2548607290 0.0000000000 1.0000000000 0.0000000000 0.2548607290 0.0000000000 0.9669777751
35.6 -148.0 1873.5 0.8941233754 -0.0548795573 -0.4444452822 0.0205291081 0.9964422584 -0.0817395449 0.4473499060 0.0639611781 0.8920689821
57.1 -539.4 1848.3 0.8943118453 0.0000000000 -0.4474442005 0.0000000000 1.0000000000 0.0000000000 0.4474442005 0.0000000000 0.8943118453
-216.8 -297.2 1779.1 0 0 0 0 0 0 0 0 0
58.8 375.8 1672.1 0 0 0 0 0 0 0 0 0
-151.3 -913.2 1815.5 0 0 0 0 0 0 0 0 0
57.1 -916.0 1848.3 0 0 0 0 0 0 0 0 0
-61.1 446.1 1853.9 09 0.9992032051 -0.0311296806 0.0249777716 0.0302317962 0.9989103675 0.0355537012 -0.0260573309 -0.0347702503 0.9990555644
-54.9 246.3 1860.9 0.9992032051 -0.0311296806 0.0249777716 0.0302317962 0.9989103675 0.0355537012 -0.0260573309 -0.0347702503 0.9990555644
-49.7 50.7 1868.4 0.9993320704 -0.0267690793 0.0248761363 0.0257852860 0.9989041090 0.0390606485 -0.0258944929 -0.0383931212 0.9989271760
-197.3 242.6 1864.5 0.1159990579 -0.8585256934 -0.4994775355 0.9932492971 0.1001390442 0.0585492626 -0.0002488424 -0.5028973818 0.8643460870
-228.6 -25.3 1864.6 -0.0193209574 -0.8597284555 -0.5103858113 0.9559410810 0.1336742043 -0.2613576055 0.2929219902 -0.4929484725 0.8192670345
87.4 250.0 1857.2 0.5169536471 0.7922485471 0.3241930306 -0.3732800484 0.5494539142 -0.7475041151 -0.7703381777 0.2654101849 0.5797727704
203.1 166.5 1684.8 -0.5580819249 0.7922485471 0.2467524856 0.8283400536 0.5494539142 0.1093302220 -0.0489624105 0.2654101849 -0.9628915191
-137.8 -147.4 1880.3 0.9625604153 0.0388013721 -0.2682757378 -0.0814399421 0.9853739142 -0.1496855617 0.2585439086 0.1659297645 0.9516419172
-153.0 -533.9 1815.2 0.9657684565 0.0000000000 -0.2594055831 0.0000000000 1.0000000000 0.0000000000 0.2594055831 0.0000000000 0.9657684565
42.7 -143.6 1873.6 0.8912090659 -0.0253219083 -0.4528854489 -0.0066235340 0.9976075888 -0.0688127279 0.4535444379 0.0643262267 0.8889092207
52.6 -534.7 1848.4 0.8912286162 0.0000000000 -0.4535543621 0.0000000000 1.0000000000 0.0000000000 0.4535543621 0.0000000000 0.8912286162
-223.1 -294.4 1782.1 0 0 0 0 0 0 0 0 0
61.7 376.3 1672.4 0 0 0 0 0 0 0 0 0
-153.0 -910.6 1815.2 0 0 0 0 0 0 0 0 0
52.6 -911.4 1848.4 0 0 0 0 0 0 0 0 0
-61.5 444.9 1849.6 10 0.9994012713 -0.0322306864 0.0125809889 0.0315939374 0.9983525872 0.0478950702 -0.0141039547 -0.0474689119 0.9987731576
-55.1 245.7 1859.1 0.9994012713 -0.0322306864 0.0125809889 0.0315939374 0.9983525872 0.0478950702 -0.0141039547 -0.0474689119 0.9987731576
-49.3 50.2 1868.2 0.9994803071 -0.0296643693 0.0126142427 0.0290437732 0.9984809160 0.0468222499 -0.0139840338 -0.0464315526 0.9988235831
-197.5 241.6 1861.0 0.1152778268 -0.8530757427 -0.5088937283 0.9931780100 0.0899274126 0.0742326155 -0.0175625458 -0.5139794350 0.8576226830
-228.4 -24.7 1865.8 -0.0044715940 -0.8548887968 -0.5187919736 0.9565080404 0.1476633996 -0.2515707612 0.2916716337 -0.4973536432 0.8170477152
87.4 249.9 1857.1 0.5204711556 0.7935544252 0.3152476847 -0.3792687356 0.5456231236 -0.7472955585 -0.7650261521 0.2693822086 0.5849515200
203.7 165.1 1686.0 -0.5527801514 0.7935544252 0.2543726563 0.8314635158 0.5456231236 0.1047081649 -0.0556999743 0.2693822086 -0.9614211917
-134.8 -146.8 1878.1 0.9590053558 0.0488246977 -0.2791503668 -0.0908345953 0.9860335588 -0.1395952702 0.2684359252 0.1592291147 0.9500464201
-154.0 -533.3 1815.7 0.9629863501 0.0000000000 -0.2695502639 0.0000000000 1.0000000000 0.0000000000 0.2695502639 0.0000000000 0.9629863501
45.7 -142.1 1873.3 0.8860747218 -0.0164261404 -0.4632513523 -0.0183497313 0.9973456264 -0.0704623386 0.4631791413 0.0709354281 0.8834213614
52.2 -532.9 1845.5 0.8862239122 0.0000000000 -0.4632571340 0.0000000000 1.0000000000 0.0000000000 0.4632571340 0.0000000000 0.8862239122
-227.1 -294.1 1783.6 0 0 0 0 0 0 0 0 0
64.0 375.3 1671.9 0 0 0 0 0 0 0 0 0
-154.0 -910.0 1815.7 0 0 0 0 0 0 0 0 0
52.2 -909.6 1845.5 0 0 0 0 0 0 0 0 0
-61.8 445.1 1851.4 11 0.9992398620 -0.0290678423 0.0259757061 0.0279375352 0.9986901283 0.0428657383 -0.0271876976 -0.0421074592 0.9987431169
-56.1 246.5 1859.8 0.9992398620 -0.0290678423 0.0259757061 0.0279375352 0.9986901283 0.0428657383 -0.0271876976 -0.0421074592 0.9987431169
-51.2 50.9 1867.9 0.9993503094 -0.0249557570 0.0260038674 0.0238547102 0.9988401532 0.0418245308 -0.0270174686 -0.0411770418 0.9987865090
-198.5 243.1 1863.7 0.1011190414 -0.8604803681 -0.4993480444 0.9948707819 0.0861165524 0.0530667529 -0.0026607681 -0.5021528602 0.8647748232
-225.9 -26.8 1864.4 0.0147527363 -0.8617254496 -0.5071603656 0.9583019614 0.1569485217 -0.2387981415 0.2853765190 -0.4824898243 0.8281085491
86.3 249.9 1856.0 0.5267267227 0.7910423875 0.3111444414 -0.3831146061 0.5476745367 -0.7438251376 -0.7588030696 0.2725886106 0.5915347338
204.4 164.0 1685.9 -0.5514629483 0.7910423875 0.2648406327 0.8312713504 0.5476745367 0.0950819328 -0.0698326305 0.2725886106 -0.9595930576
-133.8 -147.8 1878.5 0.9621458650 0.0534177236 -0.2672487199 -0.0938035026 0.9855972528 -0.1407089680 0.2558832467 0.1604514271 0.9532990456
-154.8 -534.0 1815.6 0.9664070010 0.0000000000 -0.2570165098 0.0000000000 1.0000000000 0.0000000000 0.2570165098 0.0000000000 0.9664070010
46.8 -142.5 1875.8 0.8919631243 -0.0146992980 -0.4518691301 -0.0237988513 0.9965590835 -0.0793955922 0.4514813423 0.0815719068 0.8885440826
52.6 -532.9 1843.9 0.8922158480 0.0000000000 -0.4516092539 0.0000000000 1.0000000000 0.0000000000 0.4516092539 0.0000000000 0.8922158480
-230.0 -296.7 1784.0 0 0 0 0 0 0 0 0 0
65.1 373.9 1668.3 0 0 0 0 0 0 0 0 0
-154.8 -910.6 1815.6 0 0 0 0 0 0 0 0 0
52.6 -909.6 1843.9 0 0 0 0 0 0 0 0 0
-61.9 445.3 1852.4 12 0.9988688231 -0.0247303583 0.0406135656 0.0229799859 0.9988101721 0.0430137292 -0.0416289866 -0.0420317724 0.9982486367
-57.0 247.1 1860.7 0.9988688231 -0.0247303583 0.0406135656 0.0229799859 0.9988101721 0.0430137292 -0.0416289866 -0.0420317724 0.9982486367
-52.9 51.5 1868.5 0.9989531040 -0.0209456626 0.0406691805 0.0192943048 0.9989899397 0.0405811220 -0.0414781012 -0.0397539549 0.9983482361
-199.3 244.4 1866.6 0.0958569273 -0.8674874306 -0.4881362915 0.9953460693 0.0884041637 0.0383526385 0.0098828478 -0.4895409048 0.8719243407
-225.5 -27.1 1863.9 0.0209239740 -0.8681073785 -0.4959352016 0.9606217146 0.1549258232 -0.2306596190 0.2770704925 -0.4715798199 0.8371645212
85.4 249.9 1854.8 0.5353617668 0.7832138538 0.3161705434 -0.3847582638 0.5593841672 -0.7342005372 -0.7518967986 0.2714136839 0.6008208990
204.9 164.0 1686.9 -0.5621548891 0.7832138538 0.2656274736 0.8236019611 0.5593841672 0.0936438963 -0.0752446204 0.2714136839 -0.9595170021
-136.6 -146.8 1878.4 0.9663316011 0.0365005434 -0.2546976805 -0.0777278244 0.9850502014 -0.1537351608 0.2452785969 0.1683562398 0.9547222853
-150.9 -532.7 1812.4 0.9692640305 0.0000000000 -0.2460229099 0.0000000000 1.0000000000 0.0000000000 0.2460229099 0.0000000000 0.9692640305
44.0 -142.5 1873.4 0.8980773091 -0.0207039043 -0.4393500984 -0.0138451234 0.9970658422 -0.0752865374 0.4396196902 0.0736959800 0.8951555490
52.1 -533.1 1844.6 0.8981633782 0.0000000000 -0.4396618307 0.0000000000 1.0000000000 0.0000000000 0.4396618307 0.0000000000 0.8981633782
-231.4 -297.7 1785.9 0 0 0 0 0 0 0 0 0
62.9 372.1 1667.9 0 0 0 0 0 0 0 0 0
-150.9 -909.3 1812.4 0 0 0 0 0 0 0 0 0
52.1 -909.7 1844.6 0 0 0 0 0 0 0 0 0
-62.5 444.3 1848.8 13 0.9993407726 -0.0222682152 0.0286730826 0.0207868181 0.9984840751 0.0509656481 -0.0297645293 -0.0503360257 0.9982886910
-58.1 246.4 1858.8 0.9993407726 -0.0222682152 0.0286730826 0.0207868181 0.9984840751 0.0509656481 -0.0297645293 -0.0503360257 0.9982886910
-54.7 50.8 1867.9 0.9994297624 -0.0176975820 0.0287556797 0.0163382534 0.9987688661 0.0468379334 -0.0295491964 -0.0463414080 0.9984885454
-200.5 244.1 1863.0 0.1005644724 -0.8618025184 -0.4971751869 0.9948864579 0.0824010447 0.0584035590 -0.0093645807 -0.5005061626 0.8656823039
-227.8 -25.9 1865.5 0.0139669925 -0.8632044792 -0.5046612024 0.9586227536 0.1550814807 -0.2387303412 0.2843367159 -0.4804453850 0.8296534419
84.3 248.8 1854.6 0.5472159982 0.7759255767 0.3138377368 -0.3717340529 0.5612533689 -0.7394649982 -0.7499122620 0.2879829109 0.5955647826
206.7 165.7 1686.9 -0.5648187995 0.7759255767 0.2809256017 0.8214193583 0.5612533689 0.1013160273 -0.0790567398 0.2879829109 -0.9543667436
-139.1 -145.9 1880.0 0.9632591605 0.0296949428 -0.2669269443 -0.0737413093 0.9849147797 -0.1565409750 0.2582518160 0.1704730690 0.9509179592
-150.7 -531.7 1813.2 0.9658889174 0.0000000000 -0.2589568496 0.0000000000 1.0000000000 0.0000000000 0.2589568496 0.0000000000 0.9658889174
41.5 -142.4 1872.5 0.8924092650 -0.0314765312 -0.4501276314 -0.0028786014 0.9971465468 -0.0754355043 0.4512176514 0.0686150789 0.8897722363
53.8 -533.0 1845.6 0.8924130201 0.0000000000 -0.4512195289 0.0000000000 1.0000000000 0.0000000000 0.4512195289 0.0000000000 0.8924130201
-231.8 -295.9 1785.4 0 0 0 0 0 0 0 0 0
63.8 373.4 1666.9 0 0 0 0 0 0 0 0 0
-150.7 -908.3 1813.2 0 0 0 0 0 0 0 0 0
53.8 -909.6 1845.6 0 0 0 0 0 0 0 0 0
-61.8 444.6 1846.5 14 0.9994683266 -0.0195262320 0.0261110645 0.0180687699 0.9983264804 0.0549342111 -0.0271400250 -0.0544332080 0.9981485009
-58.0 247.0 1857.3 0.9994683266 -0.0195262320 0.0261110645 0.0180687699 0.9983264804 0.0549342111 -0.0271400250 -0.0544332080 0.9981485009
-54.9 51.4 1867.1 0.9995360970 -0.0155470688 0.0261883158 0.0142087759 0.9986211658 0.0505358018 -0.0269378908 -0.0501402542 0.9983788133
-200.4 245.0 1861.2 0.1074453071 -0.8600717783 -0.4987304509 0.9940664172 0.0843805224 0.0686432198 -0.0169549622 -0.5031465888 0.8640347719
-229.6 -25.3 1865.8 0.0145176519 -0.8613944650 -0.5077290535 0.9585872889 0.1564332247 -0.2379896790 0.2844286859 -0.4832475781 0.8279927969
84.5 249.0 1853.5 0.5512426496 0.7739384174 0.3116902709 -0.3659569919 0.5600008965 -0.7432862520 -0.7498046756 0.2956658602 0.5919245481
208.1 167.0 1685.4 -0.5679686666 0.7739384174 0.2800551951 0.8203193545 0.5600008965 0.1160824001 -0.0669905245 0.2956658602 -0.9529396296
-141.5 -146.2 1879.6 0.9625664949 0.0250182152 -0.2698886693 -0.0694270432 0.9852696061 -0.1562809646 0.2620032132 0.1691683829 0.9501243830
-151.3 -532.2 1813.3 0.9648947120 0.0000000000 -0.2626369596 0.0000000000 1.0000000000 0.0000000000 0.2626369596 0.0000000000 0.9648947120
39.1 -143.3 1874.3 0.8909746408 -0.0425673053 -0.4520533085 0.0031111497 0.9961447716 -0.0876694024 0.4540424049 0.0767048076 0.8876721859
55.8 -533.4 1844.2 0.8909789324 0.0000000000 -0.4540445805 0.0000000000 1.0000000000 0.0000000000 0.4540445805 0.0000000000 0.8909789324
-233.7 -295.4 1785.6 0 0 0 0 0 0 0 0 0
64.3 374.7 1668.4 0 0 0 0 0 0 0 0 0
-151.3 -908.8 1813.3 0 0 0 0 0 0 0 0 0
55.8 -910.1 1844.2 0 0 0 0 0 0 0 0 0
-61.0 443.4 1846.9 15 0.9992852211 -0.0245201848 0.0287723821 0.0229388718 0.9982742667 0.0540586263 -0.0300482549 -0.0533599779 0.9981231689
-56.2 246.1 1857.5 0.9992852211 -0.0245201848 0.0287723821 0.0229388718 0.9982742667 0.0540586263 -0.0300482549 -0.0533599779 0.9981231689
-52.0 50.5 1866.9 0.9993559122 -0.0212905500 0.0288880188 0.0198575072 0.9986004829 0.0490180813 -0.0298912097 -0.0484128632 0.9983800650
-198.6 243.3 1861.7 0.1226124689 -0.8603178859 -0.4947921634 0.9922257662 0.0955575779 0.0797291547 -0.0213112757 -0.5007213354 0.8653461337
-231.4 -22.7 1867.4 0.0014083191 -0.8615428805 -0.5076828003 0.9570283890 0.1483848989 -0.2491558492 0.2899909317 -0.4855159819 0.8247299790
86.3 248.9 1853.2 0.5448501706 0.7778457999 0.3131999969 -0.3655706942 0.5564888716 -0.7461087108 -0.7546498179 0.2920207083 0.5875606537
207.9 167.3 1684.7 -0.5665318966 0.7778457999 0.2720248997 0.8220342994 0.5564888716 0.1207467765 -0.0574564599 0.2920207083 -0.9546846151
-142.2 -145.4 1879.4 0.9636693597 0.0234674718 -0.2660650313 -0.0667100251 0.9857102036 -0.1546775103 0.2586331367 0.1668071896 0.9514642954
-151.4 -531.6 1814.0 0.9658208489 0.0000000000 -0.2592105567 0.0000000000 1.0000000000 0.0000000000 0.2592105567 0.0000000000 0.9658208489
38.4 -142.9 1874.5 0.8922357559 -0.0461042635 -0.4492101371 0.0086267758 0.9963331223 -0.0851229355 0.4514874816 0.0720744953 0.8893617392
56.5 -533.1 1846.3 0.8922689557 0.0000000000 -0.4515042901 0.0000000000 1.0000000000 0.0000000000 0.4515042901 0.0000000000 0.8922689557
-231.8 -292.3 1785.7 0 0 0 0 0 0 0 0 0
64.4 375.6 1670.2 0 0 0 0 0 0 0 0 0
-151.4 -908.2 1814.0 0 0 0 0 0 0 0 0 0
56.5 -909.8 1846.3 0 0 0 0 0 0 0 0 0
-61.7 445.4 1846.6 16 0.9988856912 -0.0270561688 0.0386700332 0.0248987786 0.9981635809 0.0552223176 -0.0400931239 -0.0541979484 0.9977249503
-56.4 247.2 1857.4 0.9988856912 -0.0270561688 0.0386700332 0.0248987786 0.9981635809 0.0552223176 -0.0400931239 -0.0541979484 0.9977249503
-51.5 51.7 1867.0 0.9989414215 -0.0247145947 0.0387965403 0.0227477886 0.9984728694 0.0503432453 -0.0399815068 -0.0494074188 0.9979781508
-198.7 244.0 1863.0 0.1151925325 -0.8654013872 -0.4876588285 0.9932613373 0.0940466151 0.0677281395 -0.0127493627 -0.4921744466 0.8704032302
-229.8 -24.2 1866.5 0.0069306698 -0.8664992452 -0.4991302490 0.9568768144 0.1507067233 -0.2483429164 0.2904112339 -0.4758849740 0.8301775455
86.0 250.5 1851.7 0.5511699915 0.7753106356 0.3083910644 -0.3715632558 0.5589925051 -0.7412611842 -0.7470960021 0.2939741015 0.5961768627
208.6 167.8 1685.4 -0.5686081648 0.7753106356 0.2749147713 0.8203909993 0.5589925051 0.1203579307 -0.0603605099 0.2939741015 -0.9539055824
-138.2 -146.9 1879.1 0.9659299254 0.0370649509 -0.2561357319 -0.0797496289 0.9841598868 -0.1583329141 0.2462099195 0.1733652353 0.9535854459
-152.7 -532.3 1811.2 0.9690163136 0.0000000000 -0.2469966114 0.0000000000 1.0000000000 0.0000000000 0.2469966114 0.0000000000 0.9690163136
42.5 -143.3 1873.7 0.8972904086 -0.0288521722 -0.4404968619 -0.0032460338 0.9974035621 -0.0719412491 0.4414288104 0.0659820586 0.8948670030
53.8 -533.9 1847.9 0.8972951174 0.0000000000 -0.4414311349 0.0000000000 1.0000000000 0.0000000000 0.4414311349 0.0000000000 0.8972951174
-231.8 -293.8 1784.7 0 0 0 0 0 0 0 0 0
64.4 375.9 1670.1 0 0 0 0 0 0 0 0 0
-152.7 -909.0 1811.2 0 0 0 0 0 0 0 0 0
53.8 -910.6 1847.9 0 0 0 0 0 0 0 0 0
-60.5 442.7 1845.9 17 0.9991791844 -0.0294545777 0.0278106127 0.0278683137 0.9980530143 0.0557985939 -0.0293999910 -0.0549777560 0.9980546236
-54.6 245.1 1856.8 0.9991791844 -0.0294545777 0.0278106127 0.0278683137 0.9980530143 0.0557985939 -0.0293999910 -0.0549777560 0.9980546236
-49.3 49.5 1866.5 0.9992359877 -0.0272972807 0.0279700905 0.0258697234 0.9984046817 0.0501883812 -0.0292954743 -0.0494264551 0.9983480573
-197.0 241.4 1861.0 0.1221343949 -0.8596842289 -0.4960102737 0.9923737049 0.0973842293 0.0755695552 -0.0166623816 -0.5014572144 0.8650220037
-229.8 -24.8 1865.5 0.0011136231 -0.8607902527 -0.5089586377 0.9577056170 0.1473698616 -0.2471478134 0.2877475917 -0.4871573448 0.8245477676
87.8 248.7 1852.6 0.5453167558 0.7784594893 0.3108544350 -0.3654944003 0.5545565486 -0.7475833297 -0.7543497086 0.2940541506 0.5869315863
208.5 167.8 1685.6 -0.5615896583 0.7784594893 0.2803888321 0.8245862126 0.5545565486 0.1119133681 -0.0683714375 0.2940541506 -0.9533401728
-137.0 -145.9 1880.3 0.9632678032 0.0393103361 -0.2656497359 -0.0828474984 0.9844768643 -0.1547308713 0.2554434836 0.1710556895 0.9515716434
-152.4 -531.5 1813.3 0.9665907621 0.0000000000 -0.2563246787 0.0000000000 1.0000000000 0.0000000000 0.2563246787 0.0000000000 0.9665907621
43.6 -141.8 1873.1 0.8927907944 -0.0251600239 -0.4497683644 -0.0096862065 0.9971359968 -0.0750068799 0.4503673911 0.0713220015 0.8899900913
53.5 -532.4 1845.1 0.8928326964 0.0000000000 -0.4503885210 0.0000000000 1.0000000000 0.0000000000 0.4503885210 0.0000000000 0.8928326964
-230.1 -294.6 1784.4 0 0 0 0 0 0 0 0 0
66.1 376.9 1668.3 0 0 0 0 0 0 0 0 0
-152.4 -908.2 1813.3 0 0 0 0 0 0 0 0 0
53.5 -909.0 1845.1 0 0 0 0 0 0 0 0 0
-61.3 444.1 1846.1 18 0.9992073178 -0.0326454006 0.0227808356 0.0313716643 0.9980375767 0.0541919693 -0.0245052483 -0.0534343384 0.9982706308
-54.8 245.7 1856.7 0.9992073178 -0.0326454006 0.0227808356 0.0313716643 0.9980375767 0.0541919693 -0.0245052483 -0.0534343384 0.9982706308
-49.2 50.2 1866.3 0.9993243814 -0.0287284814 0.0229238942 0.0275652893 0.9983917475 0.0495383963 -0.0243101902 -0.0488730222 0.9985091090
-197.3 241.8 1860.2 0.1163134351 -0.8580238819 -0.5002661943 0.9930218458 0.0905928090 0.0755017847 -0.0194618180 -0.5055571198 0.8625736237
-228.6 -25.6 1865.4 0.0119061125 -0.8590732217 -0.5117142200 0.9597401023 0.1534442157 -0.2352739722 0.2806371450 -0.4883114696 0.8263139129
87.6 249.7 1853.3 0.5374162197 0.7835049033 0.3119356930 -0.3780853748 0.5544856191 -0.7413482070 -0.7538138032 0.2804742455 0.5942212939
206.5 166.0 1686.5 -0.5512383580 0.7835049033 0.2868037522 0.8285563588 0.5544856191 0.0777180865 -0.0981360450 0.2804742455 -0.9548316598
-134.3 -148.4 1878.8 0.9618092775 0.0443974100 -0.2700958848 -0.0890458748 0.9838344455 -0.1553723961 0.2588315010 0.1734895408 0.9502145052
