128.3 497.1 2189.2 1 0.9957908988 0.0248200204 0.0882294253 -0.0255371537 0.9996492863 0.0070084226 -0.0880245343 -0.0092320517 0.9960755110
122.1 248.2 2191.5 0.9957908988 0.0248200204 0.0882294253 -0.0255371537 0.9996492863 0.0070084226 -0.0880245343 -0.0092320517 0.9960755110
129.7 49.8 2185.3 0.9953523278 -0.0380593278 0.0884604454 0.0406669155 0.9987841845 -0.0278638974 -0.0872924104 0.0313318074 0.9956898689
-23.3 242.3 2204.3 0.8617227077 -0.4304480255 -0.2686047256 -0.0300060287 0.4852349460 -0.8738688231 0.5064915419 0.7610923052 0.4052219093
-204.2 248.6 2097.9 -0.7569229603 -0.4304480255 -0.4917134941 -0.6534027457 0.4852349460 0.5810438395 -0.0115126083 0.7610923052 -0.6485413909
267.5 254.2 2178.8 0.6654975414 0.4647947550 0.5840195417 -0.7026253343 0.1260928810 0.7002986670 0.2518544197 -0.8763939738 0.4104910791
410.9 102.8 2233.0 -0.3911181390 0.4647947550 0.7943503261 -0.8587637544 0.1260928810 -0.4966138899 -0.3309854567 -0.8763939738 0.3498316705
44.6 -150.2 2186.7 0.9892932773 0.0676976442 0.1292895973 -0.0917062163 0.9775160551 0.1898745596 -0.1135286018 -0.1996982843 0.9732583761
17.7 -538.6 2266.0 0.9918253422 0.0372838192 0.1220346019 -0.0488480292 0.9944497943 0.0931852534 -0.1178829819 -0.0983846411 0.9881417155
227.2 -143.1 2171.5 0.9928612709 0.1081845164 -0.0502257273 -0.1003103703 0.9851824641 0.1391162276 0.0645317286 -0.1330849528 0.9890015721
184.2 -534.6 2224.4 0.9971719980 -0.0420469791 -0.0622901060 0.0436943173 0.9987239242 0.0253238436 0.0611458309 -0.0279739518 0.9977367520
-0.9 424.1 2101.0 0 0 0 0 0 0 0 0 0
312.5 -113.2 2149.7 0 0 0 0 0 0 0 0 0
3.5 -918.3 2303.6 0 0 0 0 0 0 0 0 0
200.3 -916.0 2235.1 0 0 0 0 0 0 0 0 0
128.7 498.2 2188.5 2 0.9959263206 0.0320973583 0.0842643827 -0.0331202820 0.9993933439 0.0107693635 -0.0838675946 -0.0135163534 0.9963852167
120.6 246.5 2191.9 0.9959263206 0.0320973583 0.0842643827 -0.0331202820 0.9993933439 0.0107693635 -0.0838675946 -0.0135163534 0.9963852167
128.4 48.1 2184.5 0.9956525564 -0.0393465050 0.0844266936 0.0423400365 0.9985257983 -0.0339639336 -0.0829658657 0.0373909064 0.9958506823
-24.8 240.3 2204.0 0.8611555099 -0.4165132344 -0.2914239764 -0.0627085492 0.4818636477 -0.8739994764 0.5044589639 0.7709242105 0.3888405859
-205.1 253.4 2098.4 -0.7606454492 -0.4165132344 -0.4979309142 -0.6491465569 0.4818636477 0.5885712504 -0.0052129244 0.7709242105 -0.6369055510
266.1 252.7 2179.8 0.6762486100 0.4726778269 0.5650340319 -0.6891686320 0.1349512190 0.7119233012 0.2602582872 -0.8708409071 0.4170153141
409.9 106.1 2235.1 -0.3809511364 0.4726778269 0.7946394682 -0.8598057628 0.1349512190 -0.4924654067 -0.3400150239 -0.8708409071 0.3550013006
46.0 -152.4 2187.1 0.9895092249 0.0724106729 0.1250127107 -0.0947069451 0.9785752892 0.1828142554 -0.1090966463 -0.1927359700 0.9751670361
17.2 -541.3 2263.7 0.9924186468 0.0265567880 0.1199997887 -0.0408543423 0.9921364188 0.1183056831 -0.1159143373 -0.1223112792 0.9856996536
228.5 -145.0 2171.1 0.9927669168 0.1077205613 -0.0530103743 -0.0990187600 0.9843401313 0.1458417326 0.0678903908 -0.1395378262 0.9878866673
185.7 -536.2 2226.5 0.9973130226 -0.0319643207 -0.0659167469 0.0335488543 0.9991707206 0.0230729561 0.0651245713 -0.0252223909 0.9975583553
-1.2 427.4 2099.8 0 0 0 0 0 0 0 0 0
314.4 -109.4 2149.9 0 0 0 0 0 0 0 0 0
7.1 -920.1 2310.4 0 0 0 0 0 0 0 0 0
197.9 -917.8 2236.1 0 0 0 0 0 0 0 0 0
128.6 495.8 2188.1 3 0.9944582582 0.0335414112 0.0996377990 -0.0347599015 0.9993403554 0.0105179278 -0.0992192850 -0.0139230406 0.9949681759
120.2 246.7 2191.6 0.9944582582 0.0335414112 0.0996377990 -0.0347599015 0.9993403554 0.0105179278 -0.0992192850 -0.0139230406 0.9949681759
127.3 48.2 2184.8 0.9943749905 -0.0357976221 0.0996839106 0.0389957651 0.9987792373 -0.0303207655 -0.0984768122 0.0340374634 0.9945570827
-25.0 241.0 2206.0 0.8592614532 -0.4120129049 -0.3031751215 -0.0665452853 0.4976062477 -0.8648466468 0.5071898103 0.7633042336 0.4001563489
-207.3 255.1 2098.4 -0.7724686265 -0.4120129049 -0.4832572639 -0.6350460052 0.4976062477 0.5908507705 -0.0029663001 0.7633042336 -0.6460323930
265.5 252.3 2177.2 0.6815311313 0.4704754353 0.5605071187 -0.6803339720 0.1252179742 0.7221261263 0.2695570290 -0.8734834194 0.4054203928
410.0 108.1 2234.4 -0.3778182566 0.4704754353 0.7974373102 -0.8659703135 0.1252179742 -0.4841651917 -0.3276413083 -0.8734834194 0.3601081073
44.9 -154.2 2184.6 0.9878401160 0.0662742183 0.1406399012 -0.0922332257 0.9780287147 0.1869569123 -0.1251594275 -0.1976552159 0.9722486734
18.6 -542.9 2263.2 0.9897670150 0.0433870070 0.1359370500 -0.0601456687 0.9907417297 0.1217098683 -0.1293978840 -0.1286404282 0.9832130075
227.6 -146.5 2169.4 0.9935651422 0.1064638942 -0.0386493430 -0.1002294570 0.9853846431 0.1377358139 0.0527483597 -0.1329756975 0.9897146225
185.3 -538.1 2222.3 0.9983593822 -0.0326048769 -0.0470686331 0.0353271365 0.9976789355 0.0582123883 0.0450613759 -0.0597796850 0.9971939921
-0.9 424.8 2099.2 0 0 0 0 0 0 0 0 0
315.9 -107.6 2152.8 0 0 0 0 0 0 0 0 0
2.0 -921.3 2312.3 0 0 0 0 0 0 0 0 0
197.7 -919.0 2245.1 0 0 0 0 0 0 0 0 0
127.7 493.6 2187.4 4 0.9935365319 0.0310979504 0.1091700718 -0.0327796489 0.9993695021 0.0136432452 -0.1086769626 -0.0171336196 0.9939294457
120.0 246.4 2191.7 0.9935365319 0.0310979504 0.1091700718 -0.0327796489 0.9993695021 0.0136432452 -0.1086769626 -0.0171336196 0.9939294457
127.6 47.9 2186.4 0.9932752848 -0.0381871164 0.1092976108 0.0408585109 0.9989159107 -0.0223063659 -0.1083273068 0.0266220998 0.9937587380
-25.1 240.4 2207.5 0.8634185195 -0.3954623938 -0.3132379055 -0.0754042789 0.5127647519 -0.8552113771 0.4988213181 0.7620248199 0.4129109979
-209.2 256.5 2101.2 -0.7810868621 -0.3954623938 -0.4832316041 -0.6242492795 0.5127647519 0.5893938541 0.0147010144 0.7620248199 -0.6473809481
265.1 252.3 2175.9 0.6685773134 0.4849303663 0.5637791157 -0.6902161837 0.1224869341 0.7131609917 0.2767778337 -0.8659327030 0.4165987670
404.1 108.8 2233.4 -0.3572020233 0.4849303663 0.7982789278 -0.8760481477 0.1224869341 -0.4664081633 -0.3239542246 -0.8659327030 0.3810697794
43.3 -153.9 2187.1 0.9869496822 0.0618139654 0.1486922354 -0.0888860598 0.9790943861 0.1829574853 -0.1342744082 -0.1937865019 0.9718112946
18.7 -543.0 2264.1 0.9885976911 0.0421764031 0.1445536315 -0.0600522347 0.9907582402 0.1216218919 -0.1380881220 -0.1289158911 0.9819940925
225.6 -146.7 2169.1 0.9940625429 0.1047559604 -0.0294258334 -0.0993871689 0.9842270017 0.1463537663 0.0442931280 -0.1425602436 0.9887945652
184.0 -537.9 2225.7 0.9981236458 -0.0454534292 -0.0410270058 0.0468864739 0.9982983470 0.0346702300 0.0393813103 -0.0365287885 0.9985563159
-1.3 422.6 2097.3 0 0 0 0 0 0 0 0 0
316.4 -106.3 2153.9 0 0 0 0 0 0 0 0 0
2.6 -921.5 2313.4 0 0 0 0 0 0 0 0 0
201.4 -919.1 2239.7 0 0 0 0 0 0 0 0 0
126.3 491.8 2187.6 5 0.9938188195 0.0241154805 0.1083633006 -0.0258458257 0.9995594621 0.0145917637 -0.1079636663 -0.0173023082 0.9940042496
120.3 245.9 2191.9 0.9938188195 0.0241154805 0.1083633006 -0.0258458257 0.9995594621 0.0145917637 -0.1079636663 -0.0173023082 0.9940042496
127.6 47.4 2187.5 0.9934139252 -0.0366387405 0.1085652709 0.0387762450 0.9990921617 -0.0176426806 -0.1078203097 0.0217362382 0.9939327240
-24.8 240.2 2207.6 0.8635038137 -0.3716418743 -0.3409450054 -0.1122137457 0.5174995661 -0.8482937217 0.4917003810 0.7707635760 0.4051595330
-210.6 264.4 2101.8 -0.7914502025 -0.3716418743 -0.4852720201 -0.6105766892 0.5174995661 0.5994916558 0.0283318665 0.7707635760 -0.6364910007
265.5 251.6 2176.1 0.6630637646 0.4934327006 0.5629126430 -0.6939524412 0.1232308373 0.7093970776 0.2806715369 -0.8610100746 0.4241287112
402.2 108.4 2234.0 -0.3495072424 0.4934327006 0.7964727283 -0.8783841729 0.1232308373 -0.4617958069 -0.3260151744 -0.8610100746 0.3903534114
44.1 -154.3 2191.0 0.9871397614 0.0628587306 0.1469824910 -0.0874093920 0.9820656180 0.1670531482 -0.1338457018 -0.1777524650 0.9749304652
19.1 -544.6 2261.7 0.9884213209 0.0471497141 0.1442227215 -0.0655756220 0.9898856878 0.1258020848 -0.1368324608 -0.1338029653 0.9815160036
226.2 -146.9 2171.2 0.9933298230 0.1110037416 -0.0312091261 -0.1056529135 0.9846026301 0.1392665207 0.0461876914 -0.1350402534 0.9897630215
182.1 -538.1 2224.8 0.9974107742 -0.0574880466 -0.0432071015 0.0588247553 0.9978075027 0.0303293895 0.0413687937 -0.0327925086 0.9986056685
-1.4 425.8 2094.3 0 0 0 0 0 0 0 0 0
317.0 -105.9 2154.5 0 0 0 0 0 0 0 0 0
1.1 -922.8 2312.8 0 0 0 0 0 0 0 0 0
204.1 -919.3 2237.4 0 0 0 0 0 0 0 0 0
124.1 493.2 2187.2 6 0.9948112369 0.0089848973 0.1013405845 -0.0095613003 0.9999407530 0.0052034743 -0.1012878269 -0.0061454223 0.9948381782
121.8 242.2 2188.7 0.9948112369 0.0089848973 0.1013405845 -0.0095613003 0.9999407530 0.0052034743 -0.1012878269 -0.0061454223 0.9948381782
128.7 43.7 2185.0 0.9942227006 -0.0346081927 0.1016045287 0.0363549255 0.9992204309 -0.0153898522 -0.1009927094 0.0189947654 0.9947057962
-23.4 236.9 2203.5 0.8717491031 -0.3376496732 -0.3550299108 -0.1586810946 0.4909954071 -0.8565884829 0.4635448754 0.8030667305 0.3744461536
-211.2 271.1 2103.6 -0.7968603373 -0.3376496732 -0.5010052919 -0.6032191515 0.4909954071 0.6285302043 0.0337682888 0.8030667305 -0.5949314833
267.1 247.5 2174.0 0.6789405942 0.4852165580 0.5510032177 -0.6736857891 0.1133759394 0.7302693725 0.2918682694 -0.8670125604 0.4038590491
405.6 110.1 2233.5 -0.3589196503 0.4852165580 0.7973340750 -0.8783476949 0.1133759394 -0.4643826783 -0.3157246411 -0.8670125604 0.3854959905
43.8 -154.7 2193.1 0.9880778790 0.0627640635 0.1405803263 -0.0864820853 0.9817211628 0.1695416421 -0.1273695529 -0.1796780229 0.9754449129
18.9 -544.9 2264.5 0.9897478223 0.0440784134 0.1358539313 -0.0580379292 0.9932358861 0.1005686894 -0.1305020899 -0.1074223295 0.9856113195
226.0 -147.6 2173.3 0.9937392473 0.1047096550 -0.0389644057 -0.0987901911 0.9864112139 0.1312759817 0.0521807894 -0.1266047955 0.9905798435
184.4 -539.6 2223.6 0.9982961416 -0.0368834734 -0.0452158414 0.0400595367 0.9966375828 0.0714754239 0.0424275436 -0.0731649622 0.9964169860
-0.9 430.3 2094.7 0 0 0 0 0 0 0 0 0
317.4 -105.6 2156.0 0 0 0 0 0 0 0 0 0
2.0 -924.3 2305.6 0 0 0 0 0 0 0 0 0
198.5 -920.0 2251.6 0 0 0 0 0 0 0 0 0
121.6 495.3 2187.5 7 0.9954319596 -0.0011156566 0.0954673514 0.0006590865 0.9999881983 0.0048138727 -0.0954715908 -0.0047289613 0.9954209328
121.9 241.6 2188.7 0.9954319596 -0.0011156566 0.0954673514 0.0006590865 0.9999881983 0.0048138727 -0.0954715908 -0.0047289613 0.9954209328
128.8 43.0 2185.5 0.9948018193 -0.0345705189 0.0957818553 0.0359587967 0.9992712140 -0.0128057078 -0.0952693522 0.0161833428 0.9953199625
-23.4 236.4 2202.6 0.8738119602 -0.3213841319 -0.3649176657 -0.1786270291 0.4858323634 -0.8556046486 0.4522665739 0.8128217459 0.3671182394
-212.1 274.9 2105.0 -0.8011226654 -0.3213841319 -0.5048907995 -0.5971509218 0.4858323634 0.6382614374 0.0401651785 0.8128217459 -0.5811261535
267.2 246.9 2174.8 0.6493862271 0.4648315310 0.6018547416 -0.7158615589 0.1066148356 0.6900547147 0.2565925419 -0.8789567351 0.4019892514
404.2 95.9 2228.9 -0.3563333452 0.4648315310 0.8105295897 -0.8862523437 0.1066148356 -0.4507660270 -0.2959447503 -0.8789567351 0.3739676178
44.4 -158.2 2190.4 0.9887425900 0.0648709312 0.1348324865 -0.0877160653 0.9813437462 0.1710858196 -0.1212185249 -0.1809868217 0.9759865999
18.6 -548.2 2262.4 0.9902796149 0.0422841609 0.1325078905 -0.0605541915 0.9887131453 0.1370384395 -0.1252177358 -0.1437302828 0.9816629291
226.8 -151.6 2171.9 0.9942204952 0.0978507847 -0.0441684201 -0.0908548981 0.9860598445 0.1393964738 0.0571927577 -0.1345779151 0.9892511368
187.9 -543.4 2225.4 0.9983097315 -0.0200148523 -0.0545625910 0.0217381679 0.9992774725 0.0311758146 0.0538991876 -0.0323092118 0.9980235696
-0.4 432.7 2094.4 0 0 0 0 0 0 0 0 0
314.2 -128.1 2154.1 0 0 0 0 0 0 0 0 0
2.5 -925.7 2317.2 0 0 0 0 0 0 0 0 0
195.5 -924.7 2237.7 0 0 0 0 0 0 0 0 0
121.1 495.8 2187.6 8 0.9966508746 0.0087701511 0.0813026577 -0.0092078652 0.9999450445 0.0050103818 -0.0812542439 -0.0057422249 0.9966768622
118.9 242.4 2189.1 0.9966508746 0.0087701511 0.0813026577 -0.0092078652 0.9999450445 0.0050103818 -0.0812542439 -0.0057422249 0.9966768622
127.5 43.9 2185.8 0.9957126975 -0.0435386449 0.0816127658 0.0447293706 0.9989169240 -0.0128180096 -0.0809662938 0.0164135415 0.9965816736
-26.6 235.8 2200.9 0.8765831590 -0.3084039092 -0.3694441617 -0.1940479577 0.4759974778 -0.8577713966 0.4403945506 0.8235978484 0.3574062288
-213.0 277.1 2107.2 -0.8037011027 -0.3084039092 -0.5088728666 -0.5935431719 0.4759974778 0.6489475369 0.0420842506 0.8235978484 -0.5656107068
264.3 248.9 2177.2 0.6592661142 0.4621159732 0.5931416154 -0.7109267116 0.1262159050 0.6918473840 0.2448498160 -0.8777917624 0.4117404521
406.3 95.8 2230.0 -0.3769693971 0.4621159732 0.8027096987 -0.8679836392 0.1262159050 -0.4802852571 -0.3232622147 -0.8777917624 0.3535295725
44.4 -158.8 2191.0 0.9907582998 0.0653345734 0.1188670024 -0.0845050290 0.9828081131 0.1641558558 -0.1060983986 -0.1726836413 0.9792463779
18.4 -549.4 2259.6 0.9922016859 0.0398431458 0.1181028932 -0.0578014217 0.9865699410 0.1527703255 -0.1104299128 -0.1584054977 0.9811793566
226.9 -152.2 2173.5 0.9934571981 0.0978594646 -0.0588750727 -0.0884551257 0.9854210019 0.1453312635 0.0722387731 -0.1391725987 0.9876297712
188.0 -543.9 2228.8 0.9972984791 -0.0191015545 -0.0709282905 0.0204174425 0.9996317625 0.0178738926 0.0705607533 -0.0192737803 0.9973212481
0.0 434.4 2096.1 0 0 0 0 0 0 0 0 0
312.6 -120.0 2149.6 0 0 0 0 0 0 0 0 0
3.2 -926.2 2320.1 0 0 0 0 0 0 0 0 0
195.3 -925.5 2236.2 0 0 0 0 0 0 0 0 0
122.2 496.8 2187.7 9 0.9971407056 0.0147652095 0.0741105825 -0.0153418919 0.9998562336 0.0072181080 -0.0739933476 -0.0083344663 0.9972239137
118.4 244.4 2189.8 0.9971407056 0.0147652095 0.0741105825 -0.0153418919 0.9998562336 0.0072181080 -0.0739933476 -0.0083344663 0.9972239137
127.7 45.9 2186.7 0.9961279035 -0.0468042903 0.0744216144 0.0478392653 0.9987807274 -0.0121846879 -0.0737605840 0.0156977829 0.9971524477
-27.1 237.4 2200.6 0.8899860382 -0.2787523568 -0.3608627617 -0.1955084056 0.4816833138 -0.8542585373 0.4119481444 0.8308299184 0.3741930127
-217.1 279.1 2112.6 -0.8057519794 -0.2787523568 -0.5225523114 -0.5880324841 0.4816833138 0.6497684121 0.0705802366 0.8308299184 -0.5520327091
264.0 251.4 2179.0 0.6411904097 0.4460515082 0.6244300604 -0.7343485355 0.1204832420 0.6679940224 0.2227263898 -0.8868606687 0.4048099816
406.4 88.3 2228.5 -0.3865817785 0.4460515082 0.8072128296 -0.8677611947 0.1204832420 -0.4821558595 -0.3123219609 -0.8868606687 0.3404895961
44.9 -158.7 2190.0 0.9915593863 0.0656051636 0.1118300781 -0.0845213532 0.9811408520 0.1738354564 -0.0983165503 -0.1818202138 0.9784044623
18.8 -548.6 2262.3 0.9930559993 0.0470650643 0.1078179479 -0.0596226789 0.9914137125 0.1163786426 -0.1014148220 -0.1219988987 0.9873354435
227.5 -150.5 2175.2 0.9923155904 0.1025996283 -0.0691600963 -0.0939057916 0.9884439707 0.1189965159 0.0805698782 -0.1115875617 0.9904830456
186.7 -543.2 2219.5 0.9968758225 -0.0261247866 -0.0745390579 0.0310759004 0.9973319173 0.0660557002 0.0726144910 -0.0681656972 0.9950278997
-1.5 436.5 2093.7 0 0 0 0 0 0 0 0 0
308.1 -132.3 2149.1 0 0 0 0 0 0 0 0 0
0.8 -927.1 2308.8 0 0 0 0 0 0 0 0 0
196.7 -923.7 2245.5 0 0 0 0 0 0 0 0 0
121.1 496.8 2188.2 0 0.9967620969 0.0234976895 0.0768972337 -0.0240613073 0.9996899366 0.0064110956 -0.0767227411 -0.0082405852 0.9970183969
115.2 245.4 2190.3 0.9967620969 0.0234976895 0.0768972337 -0.0240613073 0.9996899366 0.0064110956 -0.0767227411 -0.0082405852 0.9970183969
126.5 47.1 2185.4 0.9953701496 -0.0570655204 0.0773423538 0.0587805100 0.9980689287 -0.0200800728 -0.0760471225 0.0245333277 0.9968023896
-30.2 236.8 2201.4 0.8941637874 -0.2494326532 -0.3718259037 -0.2002028823 0.5200724006 -0.8303273320 0.4004871547 0.8168892264 0.4150927961
-221.0 279.6 2115.9 -0.8139061332 -0.2494326532 -0.5247285962 -0.5696705580 0.5200724006 0.6363962293 0.1141588911 0.8168892264 -0.5653845668
260.6 254.0 2179.2 0.6312248707 0.4291231334 0.6460715532 -0.7486896515 0.1196071357 0.6520413160 0.2025312632 -0.8952918053 0.3967790604
406.9 80.5 2226.2 -0.4117753506 0.4291231334 0.8039243817 -0.8562961221 0.1196071357 -0.5024451017 -0.3117659092 -0.8952918053 0.3182052076
45.7 -157.0 2190.3 0.9914054871 0.0654805824 0.1132585108 -0.0847121626 0.9810350537 0.1743388027 -0.0996947661 -0.1824348122 0.9781505466
19.7 -546.8 2262.8 0.9923023582 0.0613402575 0.1075795516 -0.0716009885 0.9929690957 0.0942637250 -0.1010410041 -0.1012409180 0.9897176027
228.4 -148.2 2176.8 0.9918086529 0.1093171239 -0.0660706609 -0.1004890800 0.9870907664 0.1247147843 0.0788512006 -0.1170538217 0.9899903536
185.0 -540.4 2223.3 0.9962012172 -0.0439983681 -0.0751484856 0.0471079871 0.9980837703 0.0401202850 0.0732392594 -0.0435079709 0.9963649511
-0.7 433.8 2085.0 0 0 0 0 0 0 0 0 0
301.1 -139.6 2146.0 0 0 0 0 0 0 0 0 0
-3.8 -926.0 2301.5 0 0 0 0 0 0 0 0 0
201.8 -921.3 2239.9 0 0 0 0 0 0 0 0 0
122.5 496.7 2188.5 1 0.9966758490 0.0244623143 0.0777098015 -0.0252778344 0.9996350408 0.0095280251 -0.0774483681 -0.0114606880 0.9969304800
116.3 246.6 2191.4 0.9966758490 0.0244623143 0.0777098015 -0.0252778344 0.9996350408 0.0095280251 -0.0774483681 -0.0114606880 0.9969304800
127.2 48.2 2186.1 0.9954339862 -0.0547467917 0.0781915709 0.0566439517 0.9981464148 -0.0222530756 -0.0768283531 0.0265805479 0.9966899753
-29.1 238.3 2202.6 0.9025651813 -0.2287947685 -0.3647314906 -0.1853612512 0.5581118464 -0.8087968826 0.3886094689 0.7975989580 0.4613226354
-226.3 278.8 2117.6 -0.8305081129 -0.2287947685 -0.5078476071 -0.5393418074 0.5581118464 0.6305724382 0.1391640902 0.7975989580 -0.5869150162
261.8 254.9 2180.1 0.6276216507 0.4171288610 0.6573389769 -0.7538051009 0.1145502031 0.6470363736 0.1945992261 -0.9015995860 0.3863280416
408.5 78.7 2225.6 -0.4276118875 0.4171288610 0.8019673228 -0.8506273031 0.1145502031 -0.5131388307 -0.3059105277 -0.9015995860 0.3058381677
46.6 -156.6 2187.5 0.9908857942 0.0700127780 0.1150807217 -0.0901002437 0.9795588255 0.1798512787 -0.1001364514 -0.1885808706 0.9769390821
18.8 -545.9 2262.5 0.9931802750 0.0452455431 0.1074514017 -0.0540370382 0.9952994585 0.0803680122 -0.1033100262 -0.0856262818 0.9909567237
229.1 -145.8 2173.6 0.9913188815 0.1149348319 -0.0638502315 -0.1057704017 0.9855934381 0.1319779456 0.0780992359 -0.1240787655 0.9891940951
183.5 -537.5 2222.9 0.9954227805 -0.0609278642 -0.0736292824 0.0643853098 0.9968858361 0.0455318838 0.0706258342 -0.0500641167 0.9962457418
-0.4 425.6 2079.8 0 0 0 0 0 0 0 0 0
298.0 -141.1 2146.6 0 0 0 0 0 0 0 0 0
1.5 -926.0 2295.2 0 0 0 0 0 0 0 0 0
206.7 -918.1 2242.0 0 0 0 0 0 0 0 0 0
122.8 496.6 2187.6 2 0.9971291423 0.0347645171 0.0672672614 -0.0353304930 0.9993494153 0.0072422461 -0.0669717267 -0.0095980400 0.9977086782
114.1 245.5 2190.0 0.9971291423 0.0347645171 0.0672672614 -0.0353304930 0.9993494153 0.0072422461 -0.0669717267 -0.0095980400 0.9977086782
126.0 47.3 2183.6 0.9959084988 -0.0598398745 0.0677156746 0.0618819445 0.9976773262 -0.0284700654 -0.0658547506 0.0325439572 0.9972983599
-31.4 236.5 2199.7 0.9002083540 -0.2290277183 -0.3703663647 -0.1895936877 0.5595347881 -0.8068302870 0.3920193613 0.7965344787 0.4602756500
-225.0 277.2 2115.3 -0.8395491242 -0.2290277183 -0.4926495552 -0.5276783705 0.5595347881 0.6391215324 0.1292779893 0.7965344787 -0.5906099081
259.6 254.5 2180.4 0.6302977800 0.4126538038 0.6576029062 -0.7529581189 0.1185500249 0.6473020911 0.1891528070 -0.9031404853 0.3854328394
408.2 77.0 2225.0 -0.4321931601 0.4126538038 0.8018265963 -0.8473000526 0.1185500249 -0.5177146792 -0.3086934984 -0.9031404853 0.2984050810
46.8 -155.3 2187.8 0.9919977784 0.0695569739 0.1053670719 -0.0892746672 0.9765673280 0.1958221197 -0.0892772451 -0.2036617249 0.9749622941
19.2 -543.4 2268.8 0.9944546819 0.0460971296 0.0945247933 -0.0515779108 0.9970760942 0.0563825630 -0.0916493386 -0.0609452948 0.9939245582
229.4 -144.9 2173.8 0.9907091260 0.1137908027 -0.0744784325 -0.1035300940 0.9861558080 0.1295307279 0.0881867483 -0.1206165254 0.9887743592
184.2 -536.8 2221.7 0.9954851270 -0.0459889956 -0.0830322728 0.0505017005 0.9973118305 0.0530917011 0.0803674310 -0.0570452698 0.9951316118
2.6 420.3 2080.3 0 0 0 0 0 0 0 0 0
296.2 -142.6 2145.0 0 0 0 0 0 0 0 0 0
1.6 -924.2 2292.1 0 0 0 0 0 0 0 0 0
201.7 -917.7 2243.5 0 0 0 0 0 0 0 0 0
121.6 495.3 2187.2 3 0.9966310859 0.0410543755 0.0710003003 -0.0419418775 0.9990589023 0.0110540604 -0.0704796687 -0.0139947068 0.9974150658
111.4 247.3 2190.7 0.9966310859 0.0410543755 0.0710003003 -0.0419418775 0.9990589023 0.0110540604 -0.0704796687 -0.0139947068 0.9974150658
125.0 49.1 2185.2 0.9950977564 -0.0683679506 0.0714585483 0.0701295957 0.9972854853 -0.0224387441 -0.0697304755 0.0273401029 0.9971911311
-33.9 237.0 2200.9 0.8903650641 -0.2519872785 -0.3791470230 -0.1823498458 0.5657030344 -0.8041943908 0.4171313643 0.7851639986 0.4577323794
-223.3 275.8 2112.2 -0.8299456835 -0.2519872785 -0.4976871908 -0.5435915589 0.5657030344 0.6200712323 0.1252930909 0.7851639986 -0.6064809561
256.8 257.5 2180.5 0.6337712407 0.4066133201 0.6580270529 -0.7513365746 0.1213260368 0.6486704350 0.1839222312 -0.9055084586 0.3823964298
407.8 78.5 2224.3 -0.4278819561 0.4066133201 0.8072066903 -0.8504290581 0.1213260368 -0.5119085908 -0.3060840368 -0.9055084586 0.2938825786
46.6 -156.7 2183.2 0.9917995930 0.0695123225 0.1072456762 -0.0904197469 0.9746947289 0.2044368535 -0.0903209224 -0.2124575078 0.9729871154
18.9 -544.0 2267.6 0.9942994714 0.0438362025 0.0971951410 -0.0512129702 0.9958865047 0.0747480616 -0.0935186595 -0.0792996064 0.9924544692
229.2 -145.3 2171.1 0.9909713268 0.1120743081 -0.0735879391 -0.1026773974 0.9873284698 0.1209952608 0.0862159207 -0.1123470142 0.9899216890
184.7 -537.7 2215.7 0.9963423014 -0.0380437262 -0.0765163302 0.0452620089 0.9944544435 0.0949300528 0.0724805146 -0.0980461091 0.9925389290
1.6 423.1 2078.2 0 0 0 0 0 0 0 0 0
296.7 -142.1 2144.9 0 0 0 0 0 0 0 0 0
2.2 -924.4 2297.9 0 0 0 0 0 0 0 0 0
199.2 -917.3 2253.2 0 0 0 0 0 0 0 0 0
123.6 494.9 2189.0 4 0.9968692064 0.0464114882 0.0640141070 -0.0467835553 0.9988957047 0.0043248096 -0.0637426972 -0.0073060771 0.9979396462
112.2 248.6 2190.8 0.9968692064 0.0464114882 0.0640141070 -0.0467835553 0.9988957047 0.0043248096 -0.0637426972 -0.0073060771 0.9979396462
126.2 50.5 2186.3 0.9954325557 -0.0705770999 0.0642872229 0.0718833432 0.9972463250 -0.0182348825 -0.0628232285 0.0227727760 0.9977648258
-33.2 238.1 2200.0 0.8894751072 -0.2571277022 -0.3777822256 -0.1772046834 0.5679341555 -0.8037719131 0.4212274551 0.7818799019 0.4595990479
-221.8 275.7 2110.6 -0.8207108974 -0.2571277022 -0.5102146864 -0.5555031896 0.5679341555 0.6073442101 0.1336033344 0.7818799019 -0.6089450121
257.6 259.1 2181.6 0.6125770211 0.3968790770 0.6835469604 -0.7731407881 0.1210747659 0.6225706339 0.1643249691 -0.9098504782 0.3810110092
404.5 73.8 2221.0 -0.4263465106 0.3968790770 0.8128441572 -0.8535203934 0.1210747659 -0.5067976117 -0.2995522916 -0.9098504782 0.2871245742
47.3 -155.5 2186.2 0.9922575355 0.0745434463 0.0993392766 -0.0935049802 0.9748097658 0.2024913430 -0.0817424953 -0.2102122754 0.9742324948
17.7 -542.9 2269.7 0.9956769943 0.0297362525 0.0879948586 -0.0355120078 0.9972651005 0.0648169890 -0.0858267844 -0.0676616579 0.9940099120
229.9 -142.6 2173.4 0.9903183579 0.1122477129 -0.0816698223 -0.1021410376 0.9876417518 0.1188735515 0.0940038115 -0.1093808264 0.9895449281
185.3 -535.1 2216.9 0.9951812625 -0.0443726033 -0.0874373913 0.0503153242 0.9964851141 0.0669763014 0.0841581449 -0.0710529983 0.9939159155
0.6 426.3 2074.4 0 0 0 0 0 0 0 0 0
293.7 -147.8 2143.2 0 0 0 0 0 0 0 0 0
6.4 -923.8 2295.6 0 0 0 0 0 0 0 0 0
202.2 -915.6 2244.0 0 0 0 0 0 0 0 0 0
124.9 492.3 2189.4 5 0.9962641597 0.0604244955 0.0616978854 -0.0607827716 0.9981431961 0.0039449856 -0.0613449514 -0.0076804161 0.9980870485
110.2 248.9 2191.2 0.9962641597 0.0604244955 0.0616978854 -0.0607827716 0.9981431961 0.0039449856 -0.0613449514 -0.0076804161 0.9980870485
126.1 50.9 2186.2 0.9948656559 -0.0800360143 0.0619395822 0.0814494193 0.9964637756 -0.0206369907 -0.0600688457 0.0255759768 0.9978665113
-35.2 237.0 2200.0 0.8748582602 -0.2656020820 -0.4050660729 -0.1959379166 0.5707336068 -0.7974154949 0.4429800510 0.7769933343 0.4472694993
-217.6 277.9 2107.6 -0.8142413497 -0.2656020820 -0.5162039399 -0.5643264055 0.5707336068 0.5964887738 0.1361862868 0.7769933343 -0.6146011949
255.5 260.8 2182.5 0.6094083190 0.3865223527 0.6922585964 -0.7783598304 0.1254580319 0.6151554585 0.1509219408 -0.9137071371 0.3773086667
402.9 72.6 2219.0 -0.4240356386 0.3865223527 0.8190202713 -0.8556099534 0.1254580319 -0.5021871328 -0.2968592346 -0.9137071371 0.2775136828
49.0 -154.3 2187.5 0.9922150373 0.0806208998 0.0949188694 -0.0983291343 0.9748843908 0.1998295039 -0.0764244869 -0.2076071352 0.9752223492
16.9 -541.7 2270.0 0.9963424802 0.0202215891 0.0830223113 -0.0256502740 0.9975652099 0.0648512840 -0.0815087706 -0.0667436421 0.9944353104
231.5 -141.1 2176.0 0.9894040227 0.1165734082 -0.0865468457 -0.1074261442 0.9887860417 0.1037391946 0.0976695418 -0.0933425799 0.9908319116
185.2 -534.0 2213.1 0.9956040382 -0.0374455750 -0.0858512446 0.0467957333 0.9928709269 0.1096244976 0.0811342523 -0.1131600663 0.9902585745
3.7 431.3 2070.6 0 0 0 0 0 0 0 0 0
292.7 -149.7 2141.9 0 0 0 0 0 0 0 0 0
9.2 -922.9 2295.5 0 0 0 0 0 0 0 0 0
199.5 -912.9 2256.2 0 0 0 0 0 0 0 0 0
126.6 496.1 2196.1 6 0.9948412180 0.0711157769 0.0723427832 -0.0697510615 0.9973386526 -0.0212223865 -0.0736594945 0.0160669200 0.9971539974
109.0 248.9 2192.1 0.9948412180 0.0711157769 0.0723427832 -0.0697510615 0.9973386526 -0.0212223865 -0.0736594945 0.0160669200 0.9971539974
126.5 51.0 2187.0 0.9934743643 -0.0881902725 0.0723265260 0.0898011699 0.9957721829 -0.0193254333 -0.0703164339 0.0256943293 0.9971937537
-36.1 235.8 2202.4 0.8655635118 -0.2740444541 -0.4191652238 -0.2000209987 0.5781570673 -0.7910284400 0.4591203034 0.7685272098 0.4456169903
-219.3 278.1 2105.2 -0.8104695678 -0.2740444541 -0.5177245736 -0.5690312982 0.5781570673 0.5847544670 0.1390774101 0.7685272098 -0.6245185733
254.1 262.0 2181.8 0.6053146124 0.3880544901 0.6949877143 -0.7824904919 0.1299984604 0.6089408994 0.1459549218 -0.9124221206 0.3823389113
402.6 70.1 2217.6 -0.4284764230 0.3880544901 0.8159789443 -0.8510600924 0.1299984604 -0.5087210536 -0.3034875095 -0.9124221206 0.2745564282
50.7 -154.5 2186.6 0.9913206697 0.0826875940 0.1022064090 -0.1009271964 0.9768509269 0.1886159033 -0.0842442289 -0.1972942501 0.9767178893
17.9 -542.7 2265.0 0.9948767424 0.0354153067 0.0946891531 -0.0452307276 0.9935890436 0.1036099643 -0.0904127285 -0.1073620021 0.9901004434
233.2 -139.6 2175.6 0.9896802306 0.1214770749 -0.0760025531 -0.1123392954 0.9870228767 0.1147419289 0.0889547765 -0.1050197408 0.9904836416
184.9 -531.8 2217.3 0.9960505366 -0.0350057520 -0.0815958604 0.0406440124 0.9968231916 0.0684954450 0.0789389089 -0.0715413094 0.9943090677
0.7 432.5 2067.4 0 0 0 0 0 0 0 0 0
291.2 -151.0 2138.8 0 0 0 0 0 0 0 0 0
4.4 -922.0 2306.0 0 0 0 0 0 0 0 0 0
198.3 -912.2 2244.6 0 0 0 0 0 0 0 0 0
126.5 496.0 2197.9 7 0.9964597225 0.0631318241 0.0555192046 -0.0617592037 0.9977496862 -0.0261025857 -0.0570421740 0.0225813519 0.9981163740
111.0 250.9 2192.4 0.9964597225 0.0631318241 0.0555192046 -0.0617592037 0.9977496862 -0.0261025857 -0.0570421740 0.0225813519 0.9981163740
128.1 53.0 2187.6 0.9947415590 -0.0861123875 0.0554423817 0.0873040035 0.9959920645 -0.0194376800 -0.0535463467 0.0241758097 0.9982726574
-34.3 238.2 2200.2 0.8635340333 -0.2746699452 -0.4229247868 -0.1995697767 0.5840530992 -0.7867997885 0.4631207883 0.7638313770 0.4495339394
-216.5 280.3 2102.5 -0.8120085001 -0.2746699452 -0.5149744153 -0.5663445592 0.5840530992 0.5814944506 0.1410533488 0.7638313770 -0.6298139095
256.3 263.7 2184.5 0.6120713949 0.3852587938 0.6906115413 -0.7779126167 0.1362907887 0.6134140491 0.1421991736 -0.9126886129 0.3831173778
404.4 75.5 2219.0 -0.4222584963 0.3852587938 0.8205323815 -0.8533815145 0.1362907887 -0.5031548142 -0.3056758344 -0.9126886129 0.2712228000
53.0 -155.1 2188.3 0.9927099943 0.0844350830 0.0860089734 -0.0992889255 0.9774372578 0.1864353716 -0.0683266893 -0.1936160028 0.9786952138
19.4 -543.5 2265.3 0.9953356981 0.0560514405 0.0785177276 -0.0639978945 0.9926570654 0.1026460454 -0.0721877143 -0.1071922407 0.9916142225
235.2 -138.6 2175.4 0.9871866107 0.1307969242 -0.0914043933 -0.1191730350 0.9852534533 0.1227740869 0.1061149612 -0.1103079915 0.9882164598
183.2 -530.1 2219.2 0.9941383600 -0.0453614071 -0.0981389955 0.0524527840 0.9961013794 0.0709276125 0.0945390165 -0.0756595284 0.9926419258
3.9 434.0 2064.2 0 0 0 0 0 0 0 0 0
294.7 -146.2 2139.5 0 0 0 0 0 0 0 0 0
-2.0 -922.6 2306.2 0 0 0 0 0 0 0 0 0
200.5 -910.5 2248.1 0 0 0 0 0 0 0 0 0
126.5 494.9 2199.8 8 0.9960055947 0.0459500216 0.0765602067 -0.0435314663 0.9985080361 -0.0329659991 -0.0779607669 0.0295015406 0.9965198040
115.3 251.8 2192.7 0.9960055947 0.0459500216 0.0765602067 -0.0435314663 0.9985080361 -0.0329659991 -0.0779607669 0.0295015406 0.9965198040
129.5 53.6 2187.8 0.9944963455 -0.0717169866 0.0763783604 0.0733568594 0.9971269965 -0.0188821573 -0.0748047531 0.0243811123 0.9969000816
-29.9 241.1 2203.6 0.8677307367 -0.2782781720 -0.4118309021 -0.1715667099 0.6099520922 -0.7736428976 0.4664850235 0.7419701815 0.4815308750
-218.7 278.4 2102.1 -0.8311755657 -0.2782781720 -0.4813610017 -0.5400575995 0.6099520922 0.5799105763 0.1322306991 0.7419701815 -0.6572635174
260.5 262.5 2181.7 0.6039406061 0.4070861638 0.6852273941 -0.7801505923 0.1259392202 0.6127841473 0.1631589383 -0.9046657681 0.3936482966
404.1 77.0 2220.5 -0.4171662033 0.4070861638 0.8125596642 -0.8554764390 0.1259392202 -0.5022941232 -0.3068101108 -0.9046657681 0.2957150340
54.0 -152.9 2187.7 0.9900553823 0.0893198624 0.1086844802 -0.1078816950 0.9779025912 0.1790754646 -0.0902878419 -0.1890196949 0.9778137207
18.5 -541.5 2262.8 0.9939144850 0.0422859974 0.1017145440 -0.0530522242 0.9929940104 0.1055860221 -0.0965371206 -0.1103396565 0.9891945124
236.4 -136.9 2177.8 0.9888155460 0.1325733513 -0.0683235005 -0.1231199354 0.9841366410 0.1277361512 0.0841740668 -0.1178955138 0.9894520640
183.8 -528.0 2224.7 0.9958721995 -0.0417612754 -0.0805890262 0.0446056761 0.9984319210 0.0338229649 0.0790501684 -0.0372780748 0.9961733818
6.0 424.4 2066.3 0 0 0 0 0 0 0 0 0
295.7 -145.3 2140.8 0 0 0 0 0 0 0 0 0
2.4 -920.8 2304.9 0 0 0 0 0 0 0 0 0
199.7 -909.1 2238.9 0 0 0 0 0 0 0 0 0
125.7 492.4 2200.3 9 0.9951703548 0.0354853682 0.0915246531 -0.0325482711 0.9989123940 -0.0333866291 -0.0926098451 0.0302464142 0.9952429533
117.2 252.8 2193.0 0.9951703548 0.0354853682 0.0915246531 -0.0325482711 0.9989123940 -0.0333866291 -0.0926098451 0.0302464142 0.9952429533
129.4 54.5 2188.2 0.9939208627 -0.0614715442 0.0913378373 0.0634606108 0.9978028536 -0.0190320481 -0.0899672285 0.0247127041 0.9956380725
-27.9 243.5 2206.2 0.8591575027 -0.2942076325 -0.4186767638 -0.1663697809 0.6131361723 -0.7722597122 0.4839105904 0.7331479192 0.4778333008
-214.9 279.7 2100.8 -0.8337118626 -0.2942076325 -0.4672969282 -0.5397064686 0.6131361723 0.5768716335 0.1167966127 0.7331479192 -0.6699646711
262.4 262.0 2179.9 0.5805976987 0.4271568954 0.6931402087 -0.7965189815 0.1215864420 0.5922619700 0.1687123477 -0.8959652781 0.4108313620
401.4 71.3 2220.3 -0.4181367457 0.4271568954 0.8016849160 -0.8520290256 0.1215864420 -0.5091789961 -0.3149733245 -0.8959652781 0.3131103218
52.6 -151.2 2189.9 0.9883810878 0.0860637873 0.1252833009 -0.1077693328 0.9780501723 0.1783355772 -0.1071851179 -0.1897652000 0.9759613276
18.4 -539.9 2265.3 0.9921959639 0.0411166400 0.1177140623 -0.0526499562 0.9939290881 0.0966074094 -0.1130272597 -0.1020511165 0.9883372188
235.0 -137.8 2176.2 0.9904679060 0.1273367554 -0.0525226779 -0.1199760586 0.9848517179 0.1251912266 0.0676684901 -0.1176964268 0.9907414317
184.3 -529.2 2222.9 0.9974462390 -0.0361362733 -0.0616050698 0.0394560136 0.9977853298 0.0535509884 0.0595334992 -0.0558449216 0.9966629744
9.0 424.7 2069.5 0 0 0 0 0 0 0 0 0
292.8 -150.1 2138.5 0 0 0 0 0 0 0 0 0
2.7 -919.6 2304.3 0 0 0 0 0 0 0 0 0
198.1 -910.2 2244.3 0 0 0 0 0 0 0 0 0
125.3 493.9 2200.5 0 0.9947116375 0.0272619929 0.0990227014 -0.0242457204 0.9992084503 -0.0315373577 -0.0998040885 0.0289697014 0.9945852757
118.8 253.8 2193.6 0.9947116375 0.0272619929 0.0990227014 -0.0242457204 0.9992084503 -0.0315373577 -0.0998040885 0.0289697014 0.9945852757
128.6 55.4 2188.4 0.9938704371 -0.0493862219 0.0989069268 0.0517115034 0.9984394908 -0.0210842788 -0.0977113098 0.0260696672 0.9948732853
-26.4 246.2 2207.8 0.8428867459 -0.3211769164 -0.4317259490 -0.1612719744 0.6146597862 -0.7721300125 0.5133548975 0.7204434276 0.4662917554
-210.0 281.4 2096.0 -0.8376404047 -0.3211769164 -0.4418189526 -0.5392991304 0.6146597862 0.5756298900 0.0866892859 0.7204434276 -0.6880742908
263.9 261.3 2179.3 0.5694429874 0.4421629608 0.6929838061 -0.8035607934 0.1217164397 0.5826449990 0.1732765138 -0.8886377215 0.4246153831
400.9 68.1 2221.0 -0.4211657345 0.4421629608 0.7919036150 -0.8465577960 0.1217164397 -0.5181939602 -0.3255138397 -0.8886377215 0.3230537176
50.5 -149.6 2191.5 0.9877424240 0.0788098127 0.1347365528 -0.1016935408 0.9797585607 0.1724286079 -0.1184202209 -0.1840168983 0.9757634997
19.2 -538.9 2264.7 0.9905508161 0.0509213321 0.1273425668 -0.0622028150 0.9943304062 0.0862431154 -0.1222289652 -0.0933492556 0.9881021976
232.8 -137.9 2175.0 0.9913862348 0.1234218106 -0.0438221209 -0.1173869669 0.9857350588 0.1206097752 0.0580828749 -0.1144267246 0.9917322993
183.7 -529.7 2220.5 0.9978522658 -0.0417346843 -0.0504885875 0.0450620092 0.9967572689 0.0666660592 0.0475425795 -0.0687979981 0.9964971542
13.9 425.5 2072.9 0 0 0 0 0 0 0 0 0
291.4 -151.8 2136.4 0 0 0 0 0 0 0 0 0
-0.2 -918.8 2300.3 0 0 0 0 0 0 0 0 0
199.7 -910.4 2246.8 0 0 0 0 0 0 0 0 0
125.7 494.7 2201.1 1 0.9952182770 0.0311348047 0.0925806984 -0.0285499413 0.9991682768 -0.0291149784 -0.0934101790 0.0263325870 0.9952794313
118.3 254.6 2194.8 0.9952182770 0.0311348047 0.0925806984 -0.0285499413 0.9991682768 -0.0291149784 -0.0934101790 0.0263325870 0.9952794313
128.1 56.2 2190.3 0.9944806695 -0.0495565645 0.0924786404 0.0514358468 0.9985132217 -0.0180482250 -0.0914467350 0.0227053296 0.9955511093
-27.0 247.1 2208.2 0.8194022775 -0.3462245166 -0.4568462372 -0.1699247360 0.6144471169 -0.7704416513 0.5474536419 0.7089310884 0.4446472526
-204.4 283.8 2089.7 -0.8345375657 -0.3462245166 -0.4285739958 -0.5469270945 0.6144471169 0.5686171651 0.0664668456 0.7089310884 -0.7021387815
263.5 262.1 2181.5 0.5608693361 0.4380650222 0.7025130987 -0.8122107983 0.1267105937 0.5694366097 0.1604343951 -0.8899682164 0.4268692136
400.2 64.2 2220.5 -0.4273594320 0.4380650222 0.7908621430 -0.8416302204 0.1267105937 -0.5249790549 -0.3301855624 -0.8899682164 0.3145377636
47.3 -147.7 2192.2 0.9894219041 0.0686606243 0.1277888715 -0.0896986946 0.9818778038 0.1669434160 -0.1140106171 -0.1766399741 0.9776501656
20.0 -537.9 2262.4 0.9906452894 0.0616968609 0.1217183620 -0.0724208578 0.9936818480 0.0857416764 -0.1156593338 -0.0937545374 0.9888544083
229.5 -138.2 2174.3 0.9919586778 0.1159962416 -0.0506243929 -0.1092380881 0.9867001772 0.1203736588 0.0639139861 -0.1138755828 0.9914370179
183.4 -530.4 2219.6 0.9977310300 -0.0336770676 -0.0582974628 0.0368288308 0.9978690147 0.0538610704 0.0563593507 -0.0558858886 0.9968452454
18.3 429.8 2072.0 0 0 0 0 0 0 0 0 0
289.1 -154.5 2134.8 0 0 0 0 0 0 0 0 0
-3.6 -917.6 2298.2 0 0 0 0 0 0 0 0 0
196.3 -911.6 2240.9 0 0 0 0 0 0 0 0 0
126.9 493.5 2202.5 2 0.9984544516 0.0205058884 0.0516551808 -0.0186568424 0.9991766214 -0.0360273011 -0.0523514226 0.0350078978 0.9980149269
122.0 251.8 2194.0 0.9984544516 0.0205058884 0.0516551808 -0.0186568424 0.9991766214 -0.0360273011 -0.0523514226 0.0350078978 0.9980149269
130.3 53.3 2189.8 0.9977928400 -0.0419537686 0.0514714308 0.0429756306 0.9988971353 -0.0189090576 -0.0506213605 0.0210793391 0.9984954596
-23.7 245.5 2201.4 0.8318774700 -0.3406792283 -0.4380839169 -0.1725351661 0.5915114880 -0.7876203060 0.5274575353 0.7307885289 0.4332859516
-203.6 282.8 2087.3 -0.8150796294 -0.3406792283 -0.4685967267 -0.5732263923 0.5915114880 0.5670323372 0.0840042159 0.7307885289 -0.6774152517
267.6 258.1 2186.6 0.5624893904 0.4237923622 0.7099335790 -0.8135937452 0.1308267564 0.5665240884 0.1472102851 -0.8962613344 0.4183834791
400.5 65.8 2221.4 -0.4278835952 0.4237923622 0.7983205318 -0.8432233930 0.1308267564 -0.5214006901 -0.3254072964 -0.8962613344 0.3013730049
46.7 -147.0 2194.2 0.9937687516 0.0666822270 0.0893148929 -0.0811104700 0.9822492599 0.1691373587 -0.0764510334 -0.1753277928 0.9815372825
20.2 -537.3 2263.9 0.9945707321 0.0610104799 0.0843014941 -0.0692260563 0.9927518368 0.0982419774 -0.0776966736 -0.1035444587 0.9915854931
229.1 -137.5 2177.4 0.9888293147 0.1180811524 -0.0909586400 -0.1074171662 0.9876155853 0.1143546775 0.1033353060 -0.1033067331 0.9892671704
182.2 -530.0 2218.5 0.9941760898 -0.0461042523 -0.0974080786 0.0520159677 0.9968990088 0.0590479635 0.0943836570 -0.0637708455 0.9934912920
13.1 435.3 2064.9 0 0 0 0 0 0 0 0 0
289.3 -153.3 2136.8 0 0 0 0 0 0 0 0 0
-3.1 -916.7 2303.5 0 0 0 0 0 0 0 0 0
199.8 -910.9 2242.9 0 0 0 0 0 0 0 0 0
126.5 493.2 2201.6 3 0.9987451434 0.0209428612 0.0454920456 -0.0193396136 0.9991860390 -0.0354011022 -0.0461964160 0.0344768800 0.9983372092
121.4 251.0 2193.3 0.9987451434 0.0209428612 0.0454920456 -0.0193396136 0.9991860390 -0.0354011022 -0.0461964160 0.0344768800 0.9983372092
129.6 52.5 2189.0 0.9981207252 -0.0412345678 0.0453287140 0.0421450958 0.9989247322 -0.0193180349 -0.0444834046 0.0211921129 0.9987853169
-24.4 244.9 2199.8 0.8253621459 -0.3430393636 -0.4484432042 -0.1790399551 0.5942500830 -0.7840992212 0.5354642868 0.7274550796 0.4290537536
-204.0 283.8 2083.2 -0.8089860082 -0.3430393636 -0.4773527384 -0.5804731846 0.5942500830 0.5567026138 0.0926959738 0.7274550796 -0.6798651218
267.1 257.2 2186.8 0.5645812750 0.4249671996 0.7075668573 -0.8128708601 0.1376150697 0.5659532547 0.1431396902 -0.8946871161 0.4231383204
402.0 63.1 2220.9 -0.4472403228 0.4249671996 0.7870063186 -0.8273938894 0.1376150697 -0.5445010662 -0.3396990299 -0.8946871161 0.2900682390
47.2 -149.1 2190.2 0.9941589236 0.0676339045 0.0841054246 -0.0817979872 0.9805592299 0.1783612221 -0.0704070851 -0.1841990501 0.9803639650
20.3 -538.8 2263.4 0.9949751496 0.0613210462 0.0791466385 -0.0697858334 0.9915846586 0.1090401337 -0.0717941448 -0.1140155345 0.9908814430
230.1 -141.2 2180.9 0.9883816242 0.1158821732 -0.0983520150 -0.1058078110 0.9891288280 0.1021219343 0.1091169268 -0.0905290321 0.9898979664
184.0 -534.3 2216.9 0.9943616986 -0.0311229210 -0.1013712958 0.0389353149 0.9963455796 0.0760235190 0.0986347646 -0.0795418024 0.9919396639
9.7 437.1 2058.7 0 0 0 0 0 0 0 0 0
285.8 -151.9 2132.7 0 0 0 0 0 0 0 0 0
-3.1 -917.7 2307.0 0 0 0 0 0 0 0 0 0
195.9 -914.9 2247.3 0 0 0 0 0 0 0 0 0
126.3 490.1 2203.2 4 0.9982618093 0.0136462292 0.0573335625 -0.0112726493 0.9990740418 -0.0415208377 -0.0578470752 0.0408023633 0.9974913001
123.0 250.2 2193.4 0.9982618093 0.0136462292 0.0573335625 -0.0112726493 0.9990740418 -0.0415208377 -0.0578470752 0.0408023633 0.9974913001
130.4 51.7 2188.4 0.9976708889 -0.0372951180 0.0571124256 0.0386518426 0.9989917278 -0.0228374619 -0.0562031157 0.0249917731 0.9981065392
-22.7 244.6 2201.6 0.8196232915 -0.3411550522 -0.4602508843 -0.1807428151 0.6083583236 -0.7728079557 0.5436447859 0.7165984511 0.4369633496
-204.3 284.6 2081.1 -0.8012465239 -0.3411550522 -0.4915458262 -0.5868351460 0.6083583236 0.5343450308 0.1167414859 0.7165984511 -0.6876467466
268.7 255.9 2185.2 0.5690631866 0.4103122354 0.7126085758 -0.8093464375 0.1263038367 0.5735901594 0.1453458816 -0.9031562209 0.4039596021
404.6 62.6 2219.9 -0.4766920507 0.4103122354 0.7774371505 -0.8145832419 0.1263038367 -0.5661284924 -0.3304827511 -0.9031562209 0.2740254402
46.3 -149.8 2188.9 0.9930367470 0.0675978959 0.0964808911 -0.0838628486 0.9808168411 0.1759698987 -0.0827348828 -0.1828357428 0.9796561003
19.4 -539.6 2261.5 0.9943137169 0.0542777628 0.0916198567 -0.0641347393 0.9920453429 0.1083176658 -0.0850118101 -0.1135777608 0.9898853898
