125.8 490.0 2184.8 1 0.9837645292 -0.1139115468 -0.1386775970 0.1201059669 0.9920667410 0.0371230766 0.1333486885 -0.0531763732 0.9896415472
152.9 254.0 2197.4 0.9837645292 -0.1139115468 -0.1386775970 0.1201059669 0.9920667410 0.0371230766 0.1333486885 -0.0531763732 0.9896415472
137.1 56.1 2189.0 0.9873266220 0.0792732462 -0.1374841034 -0.0843341947 0.9959434271 -0.0313762017 0.1344390959 0.0425731689 0.9900069237
8.7 266.3 2177.8 0.2549080253 -0.8236767054 -0.5065358877 0.4790541232 0.5626090765 -0.6737790108 0.8399577737 -0.0709064156 0.5379992723
-46.3 163.1 1996.8 -0.5555894971 -0.8236767054 0.1134767383 -0.8257046342 0.5626090765 0.0410228297 -0.0976325944 -0.0709064156 -0.9926933646
297.1 241.7 2217.1 0.5539506674 0.4979844689 0.6671957374 -0.8013108969 0.1014462411 0.5895841718 0.2259192467 -0.8612317443 0.4552365839
413.9 72.7 2264.7 -0.4971550107 0.4979844689 0.7105268240 -0.7803241014 0.1014462411 -0.6170923710 -0.3793826699 -0.8612317443 0.3381547630
29.1 -136.5 2169.0 0.9980129600 0.0242457744 -0.0581569932 -0.0103664603 0.9736052752 0.2280027270 0.0621500611 -0.2269468009 0.9719220996
19.4 -523.4 2259.2 0.9971511364 0.0444642045 -0.0609311461 -0.0387196802 0.9949672818 0.0924166813 0.0647337362 -0.0897941664 0.9938544035
210.3 -153.7 2191.3 0.9575743675 0.0662535802 -0.2804671228 -0.0407316759 0.9945597649 0.0958741009 0.2852933109 -0.0803826898 0.9550635219
184.0 -548.8 2223.3 0.9575515389 -0.0520636104 -0.2835215032 0.0672960058 0.9967514873 0.0442467779 0.2802968323 -0.0614484362 0.9579445720
97.6 376.9 2022.1 0 0 0 0 0 0 0 0 0
284.7 -130.1 2166.1 0 0 0 0 0 0 0 0 0
2.5 -903.5 2293.5 0 0 0 0 0 0 0 0 0
203.9 -929.5 2246.7 0 0 0 0 0 0 0 0 0
123.6 492.9 2185.8 2 0.9834465384 -0.1105929539 -0.1435342133 0.1163918078 0.9926673174 0.0326270983 0.1388733983 -0.0487932153 0.9891073704
150.0 256.6 2197.4 0.9834465384 -0.1105929539 -0.1435342133 0.1163918078 0.9926673174 0.0326270983 0.1388733983 -0.0487932153 0.9891073704
136.3 58.5 2190.0 0.9874281287 0.0688682571 -0.1422774047 -0.0734645650 0.9969240427 -0.0273026638 0.1399594694 0.0374117643 0.9894502163
5.7 267.3 2177.0 0.2369956076 -0.8227364421 -0.5166602731 0.4806040525 0.5614657402 -0.6736289263 0.8443061113 -0.0886619091 0.5284754038
-45.9 162.6 1993.0 -0.5550741553 -0.8227364421 0.1224637926 -0.8271866441 0.5614657402 0.0227690469 -0.0874921530 -0.0886619091 -0.9922117591
294.2 245.9 2217.8 0.5495730639 0.4968399107 0.6716543436 -0.8059480190 0.1035485268 0.5828597546 0.2200391740 -0.8616424799 0.4573346078
413.0 71.7 2265.4 -0.4987606108 0.4968399107 0.7102027535 -0.7784386277 0.1035485268 -0.6191211343 -0.3811445534 -0.8616424799 0.3351134658
30.9 -134.0 2168.2 0.9973931909 0.0296828318 -0.0657704994 -0.0143997623 0.9750165343 0.2216651440 0.0707069710 -0.2201402336 0.9729022384
19.1 -521.5 2255.7 0.9968686700 0.0399245620 -0.0682558939 -0.0308187176 0.9910863042 0.1296074688 0.0728220046 -0.1270980686 0.9892133474
211.9 -149.5 2192.9 0.9552548528 0.0743996501 -0.2862741053 -0.0475144573 0.9938774705 0.0997495651 0.2919427156 -0.0816840976 0.9529412985
182.4 -544.5 2225.3 0.9547449350 -0.0577582344 -0.2917637825 0.0636742041 0.9979121685 0.0108134625 0.2905300558 -0.0289019234 0.9564293027
97.1 375.7 2015.6 0 0 0 0 0 0 0 0 0
283.3 -130.6 2166.3 0 0 0 0 0 0 0 0 0
3.8 -899.9 2304.2 0 0 0 0 0 0 0 0 0
204.4 -925.5 2236.4 0 0 0 0 0 0 0 0 0
123.3 497.3 2192.8 3 0.9842506647 -0.0689989626 -0.1627568603 0.0714777336 0.9973977208 0.0094164656 0.1616836041 -0.0209016539 0.9866212606
138.5 277.6 2197.4 0.9842506647 -0.0689989626 -0.1627568603 0.0714777336 0.9973977208 0.0094164656 0.1616836041 -0.0209016539 0.9866212606
133.7 79.2 2191.9 0.9864946604 0.0240709875 -0.1620148718 -0.0282533374 0.9993231297 -0.0235600173 0.1613380909 0.0278192926 0.9865069985
-5.4 281.7 2173.8 0.1796130687 -0.8091685176 -0.5594510436 0.5424408317 0.5558944345 -0.6298724413 0.8206686974 -0.1903357655 0.5387719274
-45.0 162.1 1992.8 -0.5530850887 -0.8091685176 0.1983513236 -0.8299517632 0.5558944345 -0.0464914590 -0.0726429820 -0.1903357655 -0.9790277481
282.4 273.5 2220.9 0.5378651023 0.4894921184 0.6863662004 -0.8214159012 0.1211137846 0.5573216081 0.1896761209 -0.8635559678 0.4672194719
413.4 73.4 2267.1 -0.5123370886 0.4894921184 0.7056261301 -0.7614098787 0.1211137846 -0.6368567348 -0.3971973956 -0.8635559678 0.3106530309
32.1 -132.8 2169.7 0.9948624969 0.0315005444 -0.0962096304 -0.0087004872 0.9734455347 0.2287533581 0.1008606926 -0.2267410755 0.9687185287
19.5 -519.7 2259.8 0.9940779805 0.0439047776 -0.0994051918 -0.0334367231 0.9939493537 0.1046264544 0.1033973247 -0.1006830707 0.9895311594
213.2 -146.3 2195.4 0.9477201700 0.0724872947 -0.3107604980 -0.0450289175 0.9944918156 0.0946491286 0.3159096241 -0.0757076740 0.9457639456
184.4 -541.5 2225.5 0.9481276274 -0.0408453606 -0.3152549267 0.0500498116 0.9985226989 0.0211530030 0.3139252067 -0.0358341970 0.9487712383
96.8 374.9 2011.4 0 0 0 0 0 0 0 0 0
280.4 -124.4 2163.9 0 0 0 0 0 0 0 0 0
2.8 -899.2 2298.3 0 0 0 0 0 0 0 0 0
200.0 -922.9 2239.1 0 0 0 0 0 0 0 0 0
123.7 498.8 2196.8 4 0.9846990108 -0.0423354991 -0.1690430045 0.0420032963 0.9991021156 -0.0055422653 0.1691258550 -0.0016429003 0.9855930805
132.7 287.1 2197.1 0.9846990108 -0.0423354991 -0.1690430045 0.0420032963 0.9991021156 -0.0055422653 0.1691258550 -0.0016429003 0.9855930805
131.6 88.6 2192.1 0.9856503606 0.0057188324 -0.1687028855 -0.0099264169 0.9996600747 -0.0241079945 0.1685076654 0.0254366696 0.9853720665
-11.2 288.6 2172.5 0.1496728808 -0.8008238673 -0.5798958540 0.5717169046 0.5486090779 -0.6100556254 0.8066832423 -0.2402274758 0.5399564505
-44.3 161.8 1993.7 -0.5514707565 -0.8008238673 0.2335833758 -0.8319251537 0.5486090779 -0.0832385123 -0.0614865795 -0.2402274758 -0.9687673450
276.6 285.7 2221.7 0.5661541224 0.5067698359 0.6501183510 -0.7964886427 0.1331835240 0.5898033381 0.2123094648 -0.8517314792 0.4790388048
418.5 86.0 2274.9 -0.5118893385 0.5067698359 0.6936523914 -0.7484770417 0.1331835240 -0.6496493220 -0.4216057360 -0.8517314792 0.3111303449
38.6 -116.5 2171.7 0.9931038022 0.0450191386 -0.1082502753 -0.0225248728 0.9794005752 0.2006667703 0.1150542274 -0.1968446076 0.9736604691
20.7 -505.6 2249.9 0.9926441908 0.0491675697 -0.1106347442 -0.0328610651 0.9889358878 0.1446582377 0.1165231615 -0.1399585903 0.9832771420
219.3 -121.7 2201.3 0.9436122179 0.0862290785 -0.3196256459 -0.0616392903 0.9943617582 0.0862862915 0.3252638876 -0.0617192984 0.9436069727
185.0 -516.8 2225.8 0.9450307488 -0.0318780877 -0.3254238069 0.0363633893 0.9993088841 0.0077082985 0.3249531686 -0.0191180911 0.9455368519
96.5 374.4 2009.4 0 0 0 0 0 0 0 0 0
285.6 -108.3 2165.4 0 0 0 0 0 0 0 0 0
1.9 -883.0 2303.4 0 0 0 0 0 0 0 0 0
197.2 -898.5 2233.1 0 0 0 0 0 0 0 0 0
123.6 497.9 2196.8 5 0.9940241575 -0.0427548215 -0.1004389375 0.0423151553 0.9990831614 -0.0065047769 0.1006249562 0.0022158162 0.9949219823
133.3 270.0 2196.3 0.9940241575 -0.0427548215 -0.1004389375 0.0423151553 0.9990831614 -0.0065047769 0.1006249562 0.0022158162 0.9949219823
129.4 71.7 2186.6 0.9948126674 0.0189078636 -0.0999513865 -0.0237368569 0.9985964298 -0.0473470166 0.0989158675 0.0494739451 0.9938651919
-11.6 273.4 2181.9 0.1307920665 -0.8218455911 -0.5544937253 0.5012290478 0.5373690128 -0.6782358885 0.8553729057 -0.1892205030 0.4822165072
-40.8 161.6 1991.1 -0.5316425562 -0.8218455911 0.2047586292 -0.8427650332 0.5373690128 -0.0313313939 -0.0842813775 -0.1892205030 -0.9783109426
278.2 266.7 2210.6 0.5894942284 0.5281800628 0.6111648083 -0.7615573406 0.1111515686 0.6384949088 0.2693083584 -0.8418260813 0.4677625895
415.8 88.9 2273.5 -0.4927882850 0.5281800628 0.6915096045 -0.7672404647 0.1111515686 -0.6316545010 -0.4104896784 -0.8418260813 0.3504669070
40.1 -109.0 2171.7 0.9982351065 0.0462253056 -0.0372816138 -0.0383033939 0.9809132218 0.1906360835 0.0453822389 -0.1888716072 0.9809525609
21.7 -498.7 2246.7 0.9977886677 0.0540050901 -0.0387450941 -0.0471974239 0.9861376286 0.1590754688 0.0467988811 -0.1568950415 0.9865058661
220.0 -114.3 2199.9 0.9635218978 0.0948967561 -0.2502402961 -0.0755993202 0.9934527278 0.0856530443 0.2567301095 -0.0636105910 0.9643875360
182.6 -505.7 2225.0 0.9654608369 -0.0465859920 -0.2563495934 0.0521275364 0.9985298514 0.0148609215 0.2552804053 -0.0277105104 0.9664698839
94.4 375.9 2012.5 0 0 0 0 0 0 0 0 0
287.9 -110.3 2166.9 0 0 0 0 0 0 0 0 0
1.1 -875.3 2306.6 0 0 0 0 0 0 0 0 0
200.4 -887.1 2235.6 0 0 0 0 0 0 0 0 0
122.8 497.1 2198.8 6 0.9965032339 -0.0493793935 -0.0674013048 0.0480928048 0.9986308217 -0.0205804426 0.0683252662 0.0172669590 0.9975136518
134.4 262.0 2194.7 0.9965032339 -0.0493793935 -0.0674013048 0.0480928048 0.9986308217 -0.0205804426 0.0683252662 0.0172669590 0.9975136518
128.7 63.6 2185.4 0.9973466992 0.0281388741 -0.0671401694 -0.0312095359 0.9984933734 -0.0451331474 0.0657690167 0.0471088104 0.9967222214
-11.0 266.5 2185.1 0.1194201633 -0.8308764696 -0.5434916019 0.4676837027 0.5299481750 -0.7074085474 0.8757915497 -0.1697033048 0.4518738687
-37.7 162.0 1989.6 -0.5173211694 -0.8308764696 0.2049954236 -0.8479924202 0.5299481750 0.0079858769 -0.1152722314 -0.1697033048 -0.9787303805
279.8 257.5 2204.3 0.5891575217 0.5647600293 0.5778750181 -0.7441506386 0.1005626097 0.6603991389 0.3148544431 -0.8191051483 0.4795137644
413.0 89.3 2275.4 -0.4715903401 0.5647600293 0.6772360206 -0.7751958966 0.1005626097 -0.6236653328 -0.4203259051 -0.8191051483 0.3903753161
34.5 -124.5 2167.8 0.9994199276 0.0339416750 -0.0027934660 -0.0326938331 0.9791697264 0.2003939301 0.0095369825 -0.2001863569 0.9797114134
21.0 -513.5 2247.4 0.9985817075 0.0530763678 -0.0041739736 -0.0517218485 0.9857066274 0.1603349298 0.0126243085 -0.1598916501 0.9870538712
216.1 -130.4 2184.6 0.9730419517 0.0845067054 -0.2145878971 -0.0600107722 0.9911728501 0.1182161570 0.2226837575 -0.1021516994 0.9695240855
182.7 -522.3 2225.0 0.9735213518 -0.0545906201 -0.2219821811 0.0601145104 0.9980255365 0.0181993116 0.2205503881 -0.0310617685 0.9748808742
94.0 377.9 2018.9 0 0 0 0 0 0 0 0 0
290.5 -112.1 2166.3 0 0 0 0 0 0 0 0 0
0.7 -890.1 2308.5 0 0 0 0 0 0 0 0 0
203.5 -903.6 2236.8 0 0 0 0 0 0 0 0 0
122.4 494.7 2198.3 7 0.9969729185 -0.0474475063 -0.0615933016 0.0465484820 0.9987886548 -0.0159507263 0.0622755140 0.0130353682 0.9979738593
133.5 259.3 2195.2 0.9969729185 -0.0474475063 -0.0615933016 0.0465484820 0.9987886548 -0.0159507263 0.0622755140 0.0130353682 0.9979738593
128.8 60.8 2186.5 0.9978379607 0.0237508304 -0.0612804592 -0.0263718236 0.9987559319 -0.0423222259 0.0601990297 0.0438468046 0.9972229004
-12.1 263.1 2186.4 0.1084730998 -0.8333388567 -0.5420147181 0.4492095709 0.5274806023 -0.7210928798 0.8868169785 -0.1652590036 0.4315612614
-36.2 163.1 1989.1 -0.5117396116 -0.8333388567 0.2089711428 -0.8492321968 0.5274806023 0.0238519832 -0.1301050037 -0.1652590036 -0.9776309133
279.2 255.4 2204.0 0.5903378129 0.5567427278 0.5844132304 -0.7460793853 0.1000905558 0.6582913399 0.3080046475 -0.8246328831 0.4744614959
411.5 88.2 2273.0 -0.4650857151 0.5567427278 0.6882824898 -0.7849770784 0.1000905558 -0.6113860607 -0.4092753232 -0.8246328831 0.3904795945
31.8 -131.9 2170.2 0.9996151328 0.0276727583 0.0019366192 -0.0274726041 0.9778706431 0.2073986828 0.0038455306 -0.2073720694 0.9782545567
20.8 -520.5 2252.6 0.9983490109 0.0574386790 -0.0001427281 -0.0569052733 0.9894096851 0.1335301101 0.0078110094 -0.1333015263 0.9910447598
214.1 -138.4 2181.5 0.9745092392 0.0781317875 -0.2103025764 -0.0553987361 0.9921736121 0.1119040698 0.2173999250 -0.0974010527 0.9712107182
183.2 -531.7 2220.1 0.9758776426 -0.0448650159 -0.2136584222 0.0603203736 0.9959699512 0.0663727596 0.2098195553 -0.0776596516 0.9746510983
94.1 379.4 2022.2 0 0 0 0 0 0 0 0 0
290.7 -115.7 2166.7 0 0 0 0 0 0 0 0 0
-1.2 -898.4 2303.5 0 0 0 0 0 0 0 0 0
200.3 -911.9 2249.8 0 0 0 0 0 0 0 0 0
121.0 493.0 2200.0 8 0.9966288209 -0.0485386997 -0.0661438107 0.0471759699 0.9986440539 -0.0220119152 0.0671225488 0.0188173112 0.9975672960
132.4 258.8 2195.6 0.9966288209 -0.0485386997 -0.0661438107 0.0471759699 0.9986440539 -0.0220119152 0.0671225488 0.0188173112 0.9975672960
128.9 60.3 2187.3 0.9976708889 0.0177821703 -0.0658532381 -0.0205036774 0.9989535213 -0.0408842303 0.0650573149 0.0421392396 0.9969913960
-13.2 261.8 2186.1 0.1013975590 -0.8290188313 -0.5499511957 0.4485346675 0.5315228105 -0.7185402513 0.8879950047 -0.1738139689 0.4257388115
-35.7 162.6 1989.7 -0.5163643956 -0.8290188313 0.2146988511 -0.8469017744 0.5315228105 0.0155217228 -0.1269851327 -0.1738139689 -0.9765569568
278.1 255.8 2205.1 0.5827764273 0.5522190928 0.5961759686 -0.7598438859 0.1101913154 0.6406989694 0.2881127894 -0.8263849020 0.4838171899
410.4 83.3 2270.5 -0.4711991251 0.5522190928 0.6877684593 -0.7764706612 0.1101913154 -0.6204442978 -0.4184073210 -0.8263849020 0.3768598735
32.6 -135.2 2172.3 0.9994421005 0.0331434943 -0.0041277581 -0.0316028520 0.9784167409 0.2042104602 0.0108069163 -0.2039660811 0.9789183140
19.4 -524.0 2253.4 0.9989394546 0.0455636121 -0.0066276146 -0.0443238206 0.9905914664 0.1294754744 0.0124646286 -0.1290443987 0.9915604591
215.4 -140.4 2183.0 0.9736226201 0.0754125938 -0.2153415382 -0.0510939993 0.9918931723 0.1163499132 0.2223700583 -0.1022782400 0.9695827365
185.4 -534.1 2223.6 0.9748830199 -0.0385096371 -0.2193630189 0.0525349565 0.9969062209 0.0584644601 0.2164329141 -0.0685202330 0.9738900065
95.8 378.2 2022.0 0 0 0 0 0 0 0 0 0
288.0 -118.4 2161.8 0 0 0 0 0 0 0 0 0
2.0 -902.4 2302.7 0 0 0 0 0 0 0 0 0
200.1 -914.8 2249.8 0 0 0 0 0 0 0 0 0
119.8 491.8 2200.4 9 0.9961645007 -0.0545658097 -0.0684024543 0.0530900359 0.9983199239 -0.0232115313 0.0695540905 0.0194910150 0.9973877668
132.7 255.4 2195.8 0.9961645007 -0.0545658097 -0.0684024543 0.0530900359 0.9983199239 -0.0232115313 0.0695540905 0.0194910150 0.9973877668
129.1 56.9 2186.7 0.9975137711 0.0184311811 -0.0680186301 -0.0214838572 0.9987816811 -0.0444248542 0.0671169609 0.0457757078 0.9966945052
-13.0 258.5 2186.0 0.0978361294 -0.8200340867 -0.5638902187 0.4275560081 0.5462877154 -0.7202538848 0.8986790180 -0.1706278026 0.4040571749
-34.4 164.8 1988.9 -0.5337390900 -0.8200340867 0.2065591067 -0.8375856876 0.5462877154 0.0044650314 -0.1165021807 -0.1706278026 -0.9784239531
278.4 252.3 2205.6 0.5886326432 0.5519171953 0.5906767249 -0.7552922964 0.1150064543 0.6452186108 0.2881756425 -0.8259302974 0.4845553637
412.1 80.8 2271.0 -0.4910346866 0.5519171953 0.6739972830 -0.7557036877 0.1150064543 -0.6447367072 -0.4333553314 -0.8259302974 0.3606137335
33.9 -136.3 2172.9 0.9993601441 0.0352668576 -0.0059632864 -0.0333129615 0.9784497619 0.2037800699 0.0130214589 -0.2034510374 0.9789985418
19.9 -525.1 2253.8 0.9985878468 0.0524306856 -0.0085614827 -0.0508656390 0.9901189804 0.1306791455 0.0153284846 -0.1300591230 0.9913877249
216.7 -140.2 2184.7 0.9726814628 0.0803601667 -0.2177911848 -0.0579989217 0.9925446510 0.1071970686 0.2247818559 -0.0916369483 0.9700906277
184.8 -534.4 2221.1 0.9746798873 -0.0332411565 -0.2211201638 0.0483712256 0.9968175292 0.0633641556 0.2183101624 -0.0724556223 0.9731859565
102.2 379.1 2018.7 0 0 0 0 0 0 0 0 0
284.6 -115.5 2158.5 0 0 0 0 0 0 0 0 0
-0.2 -903.4 2303.5 0 0 0 0 0 0 0 0 0
197.5 -915.2 2248.8 0 0 0 0 0 0 0 0 0
120.8 489.7 2201.1 0 0.9950280786 -0.0593512245 -0.0799788162 0.0574468672 0.9980123639 -0.0259070173 0.0813574642 0.0211836770 0.9964598417
134.9 253.2 2196.1 0.9950280786 -0.0593512245 -0.0799788162 0.0574468672 0.9980123639 -0.0259070173 0.0813574642 0.0211836770 0.9964598417
130.9 54.7 2187.1 0.9966256618 0.0198949911 -0.0796332210 -0.0234056227 0.9987837076 -0.0433971100 0.0786729753 0.0451145396 0.9958791137
-10.7 256.6 2184.6 0.1124387532 -0.8270114660 -0.5508263111 0.4280458689 0.5405828953 -0.7242560983 0.8967353106 -0.1543444693 0.4147813022
-35.2 163.2 1988.9 -0.5293233991 -0.8270114660 0.1893906742 -0.8412382007 0.5405828953 0.0094048306 -0.1101592556 -0.1543444693 -0.9818567634
280.4 249.8 2207.5 0.6019018292 0.5616066456 0.5677254200 -0.7377997041 0.1190609708 0.6644366384 0.3055581152 -0.8187932968 0.4860162437
414.8 85.1 2275.7 -0.4830385149 0.5616066456 0.6717676520 -0.7562690377 0.1190609708 -0.6433362961 -0.4412832558 -0.8187932968 0.3672147095
33.9 -139.6 2171.5 0.9990237951 0.0407224260 -0.0171227846 -0.0365137495 0.9793613553 0.1987916082 0.0248646699 -0.1979723275 0.9798921943
17.7 -528.8 2250.1 0.9993733764 0.0301775020 -0.0184973292 -0.0267086569 0.9858679771 0.1653812826 0.0232267175 -0.1647836119 0.9860562086
216.8 -143.6 2183.7 0.9701736569 0.0792143792 -0.2291028500 -0.0563664138 0.9929140210 0.1046161577 0.2357665449 -0.0885821357 0.9677640796
185.4 -538.1 2218.9 0.9725578427 -0.0303614363 -0.2306715995 0.0510681793 0.9951280951 0.0843330547 0.2269873172 -0.0937987566 0.9693701863
99.9 377.9 2017.1 0 0 0 0 0 0 0 0 0
289.3 -111.3 2161.1 0 0 0 0 0 0 0 0 0
6.2 -905.2 2313.0 0 0 0 0 0 0 0 0 0
197.0 -918.2 2254.7 0 0 0 0 0 0 0 0 0
120.9 487.2 2199.4 1 0.9944667816 -0.0655746982 -0.0820719898 0.0634741038 0.9975920320 -0.0279499441 0.0837071687 0.0225858446 0.9962344170
136.2 254.0 2194.1 0.9944667816 -0.0655746982 -0.0820719898 0.0634741038 0.9975920320 -0.0279499441 0.0837071687 0.0225858446 0.9962344170
131.0 55.4 2188.2 0.9962868690 0.0259918571 -0.0820785463 -0.0283436831 0.9992166162 -0.0276192166 0.0812963694 0.0298430715 0.9962430596
-9.3 258.1 2182.3 0.1201475486 -0.8302272558 -0.5443227887 0.4411938787 0.5358279347 -0.7198863626 0.8893326521 -0.1536592990 0.4306696057
-35.5 161.9 1988.3 -0.5255402327 -0.8302272558 0.1858230829 -0.8443048000 0.5358279347 0.0061499132 -0.1046750247 -0.1536592990 -0.9825639725
281.7 249.8 2206.0 0.5972078443 0.5576145053 0.5765490532 -0.7397835851 0.1051708311 0.6645745039 0.3099402785 -0.8234106898 0.4753229320
414.3 85.6 2274.8 -0.4797496200 0.5576145053 0.6774262786 -0.7686711550 0.1051708311 -0.6309387684 -0.4230661094 -0.8234106898 0.3781665564
35.6 -141.6 2170.9 0.9989639521 0.0416407920 -0.0183578860 -0.0369549915 0.9776970148 0.2067433894 0.0265574101 -0.2058507949 0.9782229662
19.0 -530.1 2252.7 0.9986515045 0.0478706509 -0.0200898349 -0.0438975878 0.9852296114 0.1655161530 0.0277164672 -0.1644110531 0.9860024452
218.3 -145.9 2185.3 0.9684162140 0.0913952589 -0.2319848090 -0.0684893653 0.9921155572 0.1049570516 0.2397482991 -0.0857536197 0.9670403600
182.0 -540.1 2219.4 0.9697915912 -0.0554609671 -0.2375464141 0.0665187463 0.9970310926 0.0387840532 0.2346901596 -0.0534137413 0.9706016183
98.1 376.6 2014.9 0 0 0 0 0 0 0 0 0
289.7 -114.0 2164.9 0 0 0 0 0 0 0 0 0
0.7 -906.4 2315.5 0 0 0 0 0 0 0 0 0
203.2 -920.6 2239.8 0 0 0 0 0 0 0 0 0
121.4 491.5 2200.6 2 0.9949390292 -0.0661732703 -0.0756134391 0.0635268390 0.9972981811 -0.0368869789 0.0778500736 0.0318968147 0.9964547157
137.4 249.9 2192.9 0.9949390292 -0.0661732703 -0.0756134391 0.0635268390 0.9972981811 -0.0368869789 0.0778500736 0.0318968147 0.9964547157
131.7 51.3 2187.1 0.9967072606 0.0287745018 -0.0758066177 -0.0308667794 0.9991701841 -0.0265744478 0.0749790445 0.0288268514 0.9967683554
-8.2 254.4 2181.9 0.1252290308 -0.8349858522 -0.5358324051 0.4313729405 0.5321863294 -0.7284882665 0.8934400082 -0.1399157345 0.4268354774
-35.3 161.1 1988.6 -0.5224339962 -0.8349858522 0.1728045642 -0.8465394378 0.5321863294 0.0121932151 -0.1021453813 -0.1399157345 -0.9848806858
283.0 245.4 2203.8 0.5922796726 0.5647310615 0.5747030377 -0.7398092747 0.0985924751 0.6655537486 0.3191975057 -0.8193646073 0.4761876166
412.8 83.2 2273.8 -0.4787878096 0.5647310615 0.6721912026 -0.7695315480 0.0985924751 -0.6309522390 -0.4225913286 -0.8193646073 0.3873735070
34.5 -140.5 2174.8 0.9993113875 0.0350892097 -0.0120641980 -0.0320515782 0.9801204205 0.1957976073 0.0186947491 -0.1952760965 0.9805701375
20.5 -530.0 2252.4 0.9977273345 0.0661232397 -0.0129553257 -0.0629504323 0.9833043814 0.1707330644 0.0240284503 -0.1695294976 0.9852321744
217.2 -145.7 2189.7 0.9703109860 0.0848307014 -0.2264958769 -0.0644681677 0.9933062792 0.0958459154 0.2331104577 -0.0783985704 0.9692848921
183.5 -540.4 2220.9 0.9718886018 -0.0425288118 -0.2315681279 0.0509598590 0.9982334375 0.0305466298 0.2298599333 -0.0414886028 0.9723389745
97.3 375.9 2014.6 0 0 0 0 0 0 0 0 0
288.4 -116.7 2164.0 0 0 0 0 0 0 0 0 0
-4.7 -905.6 2317.2 0 0 0 0 0 0 0 0 0
199.7 -921.6 2236.7 0 0 0 0 0 0 0 0 0
120.2 492.8 2200.2 3 0.9946802855 -0.0710476637 -0.0745875537 0.0682010949 0.9968675971 -0.0400446504 0.0771989971 0.0347446725 0.9964101315
137.6 248.8 2191.7 0.9946802855 -0.0710476637 -0.0745875537 0.0682010949 0.9968675971 -0.0400446504 0.0771989971 0.0347446725 0.9964101315
131.7 50.3 2186.9 0.9967386127 0.0298775025 -0.0749633536 -0.0315945111 0.9992624521 -0.0218240041 0.0742560253 0.0241212584 0.9969474673
-8.0 253.4 2180.8 0.1293256134 -0.8357691169 -0.5336337090 0.4328227043 0.5317595601 -0.7279397249 0.8921543360 -0.1368275285 0.4305099547
-35.8 160.6 1989.5 -0.5222682953 -0.8357691169 0.1694869995 -0.8467983603 0.5317595601 0.0128167653 -0.1008381918 -0.1368275285 -0.9854490757
283.2 244.2 2202.5 0.5880373120 0.5704103708 0.5734493136 -0.7406468987 0.0948205963 0.6651700735 0.3250451088 -0.8158683181 0.4782307148
411.9 82.1 2273.7 -0.4771231413 0.5704103708 0.6685697436 -0.7702849507 0.0948205963 -0.6306109428 -0.4231012166 -0.8158683181 0.3941374123
34.6 -144.4 2174.5 0.9993466735 0.0344898514 -0.0108041642 -0.0315327793 0.9781049490 0.2057094425 0.0176624954 -0.2052343488 0.9785534739
20.8 -533.1 2256.1 0.9974141121 0.0706811100 -0.0130090304 -0.0681252629 0.9875034690 0.1421121061 0.0228911042 -0.1408583820 0.9897651076
217.4 -150.0 2188.3 0.9707804918 0.0839643553 -0.2248004824 -0.0604973473 0.9921631813 0.1093267053 0.2322182953 -0.0925323963 0.9682522416
184.0 -544.3 2225.0 0.9725067616 -0.0334433578 -0.2304606438 0.0425521210 0.9984926581 0.0346665643 0.2289538831 -0.0435200557 0.9724639654
96.8 375.5 2015.1 0 0 0 0 0 0 0 0 0
287.9 -118.1 2163.7 0 0 0 0 0 0 0 0 0
-6.1 -910.2 2309.9 0 0 0 0 0 0 0 0 0
196.8 -925.7 2241.7 0 0 0 0 0 0 0 0 0
119.3 490.2 2197.5 4 0.9934044480 -0.0754130930 -0.0863742530 0.0730845481 0.9968799949 -0.0298154876 0.0883532390 0.0233062152 0.9958165288
137.5 248.6 2191.8 0.9934044480 -0.0754130930 -0.0863742530 0.0730845481 0.9968799949 -0.0298154876 0.0883532390 0.0233062152 0.9958165288
131.1 50.0 2186.9 0.9957248569 0.0322709084 -0.0865483284 -0.0342742428 0.9991755486 -0.0217614118 0.0857747123 0.0246347561 0.9960099459
-7.9 253.6 2179.3 0.1370254755 -0.8338013887 -0.5347890258 0.4374441504 0.5353208184 -0.7225470543 0.8887444139 -0.1349329799 0.4380941093
-36.8 161.3 1991.8 -0.5255282521 -0.8338013887 0.1691014916 -0.8445158601 0.5353208184 0.0149866538 -0.1030194387 -0.1349329799 -0.9854847193
283.0 243.6 2204.4 0.5898867249 0.5673659444 0.5745689869 -0.7430711985 0.1029206291 0.6612507105 0.3160361350 -0.8170087337 0.4823048115
411.9 81.1 2273.4 -0.4741506577 0.5673659444 0.6732584834 -0.7703492641 0.1029206291 -0.6292609572 -0.4263134301 -0.8170087337 0.3882700503
34.3 -145.4 2175.3 0.9991660714 0.0344777629 -0.0218734629 -0.0294845160 0.9798354506 0.1976187080 0.0282458439 -0.1968089789 0.9800348878
20.6 -534.8 2253.5 0.9975295067 0.0660542995 -0.0239112545 -0.0621399768 0.9884505868 0.1382173151 0.0327649415 -0.1363900006 0.9901132584
217.1 -151.2 2188.9 0.9692017436 0.0718360618 -0.2355578691 -0.0464861654 0.9926808476 0.1114622355 0.2418407798 -0.0970792174 0.9654473662
188.6 -545.7 2227.5 0.9707756042 -0.0060458835 -0.2399129272 0.0169528741 0.9989128709 0.0434246138 0.2393895686 -0.0462227687 0.9698227048
96.7 375.8 2018.0 0 0 0 0 0 0 0 0 0
288.7 -119.0 2162.7 0 0 0 0 0 0 0 0 0
-4.6 -912.4 2305.6 0 0 0 0 0 0 0 0 0
190.9 -927.2 2245.1 0 0 0 0 0 0 0 0 0
120.0 491.9 2199.1 5 0.9898780584 -0.0780807957 -0.1185108572 0.0750798881 0.9967385530 -0.0295855161 0.1204343960 0.0203882717 0.9925119281
139.2 246.3 2194.1 0.9898780584 -0.0780807957 -0.1185108572 0.0750798881 0.9967385530 -0.0295855161 0.1204343960 0.0203882717 0.9925119281
130.3 48.1 2184.8 0.9919378161 0.0453763120 -0.1183231995 -0.0505424105 0.9978787303 -0.0410305895 0.1162103862 0.0466801338 0.9921270609
-5.6 253.8 2177.2 0.1451269388 -0.8351173401 -0.5305818915 0.4402339458 0.5347547531 -0.7212706804 0.8860768676 -0.1289043576 0.4452543259
-36.1 161.3 1991.0 -0.5216126442 -0.8351173401 0.1746403724 -0.8442596197 0.5347547531 0.0355387554 -0.1230688021 -0.1289043576 -0.9839907289
284.0 238.9 2211.0 0.6000373363 0.5452394485 0.5853794813 -0.7465254068 0.1186660156 0.6546893716 0.2874978185 -0.8298387527 0.4782391191
411.4 80.5 2272.0 -0.4719161987 0.5452394485 0.6928268671 -0.7747119665 0.1186660156 -0.6210795045 -0.4208520353 -0.8298387527 0.3664031029
33.4 -145.4 2174.2 0.9983289242 0.0315286443 -0.0484283529 -0.0203253329 0.9760786891 0.2164655179 0.0540947467 -0.2151194513 0.9750884175
20.9 -533.2 2259.6 0.9959923029 0.0730057731 -0.0516669527 -0.0672615767 0.9921612144 0.1053184420 0.0589508042 -0.1014211625 0.9930954576
216.0 -151.7 2189.9 0.9617370963 0.0735872760 -0.2639065683 -0.0482432507 0.9936887026 0.1012688726 0.2696930766 -0.0846623182 0.9592173696
186.8 -546.5 2223.5 0.9633198380 -0.0185573120 -0.2677134275 0.0313958563 0.9985488653 0.0437552556 0.2665129304 -0.0505553968 0.9625045657
96.6 376.1 2022.3 0 0 0 0 0 0 0 0 0
288.7 -120.8 2162.7 0 0 0 0 0 0 0 0 0
-7.0 -912.1 2298.4 0 0 0 0 0 0 0 0 0
193.9 -928.0 2242.8 0 0 0 0 0 0 0 0 0
120.0 492.6 2199.4 6 0.9882151484 -0.0824704766 -0.1289552003 0.0785557032 0.9962893724 -0.0351635590 0.1313766539 0.0246189944 0.9910267591
140.2 249.3 2193.4 0.9882151484 -0.0824704766 -0.1289552003 0.0785557032 0.9962893724 -0.0351635590 0.1313766539 0.0246189944 0.9910267591
131.1 51.0 2185.5 0.9905874133 0.0458162166 -0.1289860904 -0.0505263656 0.9981613159 -0.0334827416 0.1272148788 0.0396847799 0.9910809994
-4.5 256.7 2174.9 0.1507162303 -0.8345103264 -0.5299784541 0.4563825428 0.5342897773 -0.7115120292 0.8769262433 -0.1346365064 0.4613820612
-36.1 160.9 1990.6 -0.5215936899 -0.8345103264 0.1775741726 -0.8447872400 0.5342897773 0.0294786654 -0.1194763109 -0.1346365064 -0.9836658239
284.8 241.9 2212.0 0.5834371448 0.5393181443 0.6072372198 -0.7658703923 0.1165432110 0.6323449612 0.2702657282 -0.8339985609 0.4810434282
409.6 78.2 2269.8 -0.4749244153 0.5393181443 0.6954011321 -0.7757506967 0.1165432110 -0.6201842427 -0.4155208766 -0.8339985609 0.3630272150
30.4 -145.5 2164.8 0.9979897738 0.0243062638 -0.0585291423 -0.0103122145 0.9735020995 0.2284454256 0.0625308976 -0.2273826301 0.9717957973
20.7 -532.3 2255.2 0.9953936934 0.0743171871 -0.0605665110 -0.0655796081 0.9886316657 0.1353023350 0.0699332580 -0.1307071596 0.9889514446
212.2 -154.8 2186.1 0.9591766000 0.0689950138 -0.2742624283 -0.0411267206 0.9935046434 0.1060993895 0.2798013389 -0.0904885381 0.9557839632
184.8 -549.6 2222.1 0.9596377015 -0.0454010628 -0.2775504887 0.0624764748 0.9966389537 0.0529860742 0.2742120028 -0.0681878105 0.9592487812
96.6 375.9 2021.1 0 0 0 0 0 0 0 0 0
286.2 -123.4 2161.8 0 0 0 0 0 0 0 0 0
-7.6 -909.8 2305.1 0 0 0 0 0 0 0 0 0
202.1 -930.2 2248.1 0 0 0 0 0 0 0 0 0
119.8 492.2 2199.1 7 0.9860692620 -0.0982667506 -0.1342050880 0.0935636759 0.9947717190 -0.0409277789 0.1375252604 0.0278009064 0.9901080132
143.8 249.5 2192.3 0.9860692620 -0.0982667506 -0.1342050880 0.0935636759 0.9947717190 -0.0409277789 0.1375252604 0.0278009064 0.9901080132
133.1 51.2 2187.1 0.9894310236 0.0536759198 -0.1347040832 -0.0566882454 0.9982181787 -0.0186247360 0.1334643662 0.0260640290 0.9907107949
-0.7 257.8 2172.8 0.1710436940 -0.8363485932 -0.5208311081 0.4598780572 0.5352743268 -0.7085150480 0.8713530898 -0.1183317751 0.4761736691
-36.7 161.1 1989.7 -0.5242715478 -0.8363485932 0.1601884216 -0.8440645933 0.5352743268 0.0321924724 -0.1126688719 -0.1183317751 -0.9865613580
288.3 241.2 2211.8 0.5589283109 0.5439301133 0.6258907318 -0.7867451310 0.1093900800 0.6075079441 0.2619756162 -0.8319698572 0.4890756011
406.4 75.1 2267.1 -0.4735918045 0.5439301133 0.6927126646 -0.7784489393 0.1093900800 -0.6181027889 -0.4119805992 -0.8319698572 0.3716155887
31.2 -142.7 2166.0 0.9977062941 0.0266873855 -0.0622092672 -0.0112449806 0.9715774655 0.2364546806 0.0667514801 -0.2352127880 0.9696490169
20.6 -528.7 2259.4 0.9956319928 0.0670477152 -0.0649732649 -0.0590831973 0.9913042188 0.1175801456 0.0722917542 -0.1132277250 0.9909356236
212.8 -151.9 2189.3 0.9572778940 0.0683950111 -0.2809646130 -0.0446423441 0.9949322343 0.0900941491 0.2857027352 -0.0737022161 0.9554799199
185.7 -547.3 2218.6 0.9589511156 -0.0399017818 -0.2807501256 0.0686144531 0.9932808876 0.0931939930 0.2751451135 -0.1086319983 0.9552456737
96.5 375.5 2018.3 0 0 0 0 0 0 0 0 0
283.3 -127.2 2160.1 0 0 0 0 0 0 0 0 0
-5.0 -907.3 2302.7 0 0 0 0 0 0 0 0 0
200.9 -926.4 2260.0 0 0 0 0 0 0 0 0 0
120.2 493.6 2199.9 8 0.9841159582 -0.1029212549 -0.1446479112 0.0974037200 0.9942387938 -0.0447413810 0.1484193951 0.0299414620 0.9884711504
145.3 250.9 2192.6 0.9841159582 -0.1029212549 -0.1446479112 0.0974037200 0.9942387938 -0.0447413810 0.1484193951 0.0299414620 0.9884711504
134.1 52.6 2188.2 0.9877622128 0.0565230772 -0.1453648806 -0.0591710284 0.9981503487 -0.0139537025 0.1443073004 0.0223843288 0.9892796874
1.0 259.5 2171.5 0.1838706136 -0.8337463140 -0.5206329226 0.4642082453 0.5405306816 -0.7016674876 0.8664307594 -0.1126660705 0.4864196479
-37.7 161.8 1989.2 -0.5308940411 -0.8337463140 0.1517186314 -0.8408555984 0.5405306816 0.0280797910 -0.1054200009 -0.1126660705 -0.9880247712
289.6 242.2 2213.7 0.5413283110 0.5377834439 0.6463378668 -0.8053203821 0.1106389686 0.5824243426 0.2417080253 -0.8357918262 0.4929799736
405.8 69.4 2265.6 -0.4912858903 0.5377834439 0.6851475239 -0.7645156384 0.1106389686 -0.6350392699 -0.4173176289 -0.8357918262 0.3567884862
31.7 -141.9 2169.7 0.9969413280 0.0290305894 -0.0725621656 -0.0125367129 0.9758312106 0.2181658447 0.0771419108 -0.2165888399 0.9732103348
20.2 -529.7 2255.8 0.9951334000 0.0645405501 -0.0744580328 -0.0530106761 0.9876269102 0.1475903690 0.0830623209 -0.1429250389 0.9862418771
213.2 -152.3 2194.2 0.9538872838 0.0685144961 -0.2922409773 -0.0482250676 0.9959345460 0.0760833696 0.2962657213 -0.0584816188 0.9533134699
186.0 -548.1 2217.4 0.9563431740 -0.0274324585 -0.2909556925 0.0571273975 0.9939260483 0.0940609202 0.2866081297 -0.1065760627 0.9521015286
97.3 375.6 2016.0 0 0 0 0 0 0 0 0 0
278.1 -129.2 2157.2 0 0 0 0 0 0 0 0 0
-4.4 -906.8 2310.3 0 0 0 0 0 0 0 0 0
196.4 -927.6 2258.1 0 0 0 0 0 0 0 0 0
120.2 495.8 2200.3 9 0.9856878519 -0.1039029509 -0.1327538788 0.0981781781 0.9939626455 -0.0489824601 0.1370418221 0.0352478810 0.9899379611
146.3 246.0 2191.5 0.9856878519 -0.1039029509 -0.1327538788 0.0981781781 0.9939626455 -0.0489824601 0.1370418221 0.0352478810 0.9899379611
133.5 47.7 2186.7 0.9889584184 0.0644999966 -0.1334202737 -0.0671294555 0.9976269603 -0.0152997691 0.1321168244 0.0240872651 0.9909414649
1.8 255.8 2172.2 0.1836362779 -0.8255082965 -0.5336794853 0.4358491898 0.5550056100 -0.7085226178 0.8810864091 -0.1024933234 0.4617162645
-36.5 164.8 1988.2 -0.5470854640 -0.8255082965 0.1386852413 -0.8315162063 0.5550056100 0.0234436803 -0.0963240340 -0.1024933234 -0.9900589585
290.7 236.2 2210.8 0.5483523607 0.5424911380 0.6364064217 -0.7952188253 0.1028253436 0.5975399613 0.2587214112 -0.8337447643 0.4877836406
408.3 65.6 2266.3 -0.5165051222 0.5424911380 0.6625148058 -0.7418932915 0.1028253436 -0.6625868082 -0.4275707603 -0.8337447643 0.3493607044
32.3 -140.3 2170.5 0.9977347255 0.0323928520 -0.0589588135 -0.0187764876 0.9756973982 0.2183162719 0.0645978451 -0.2167146802 0.9740954041
19.4 -528.1 2256.6 0.9966023564 0.0552573390 -0.0610762984 -0.0455903597 0.9876842499 0.1496708691 0.0685945079 -0.1463778615 0.9868476391
213.4 -151.2 2196.9 0.9571081996 0.0736010820 -0.2802263200 -0.0551315472 0.9957892299 0.0732419044 0.2844370008 -0.0546511151 0.9571357369
184.2 -546.9 2218.7 0.9583582282 -0.0482907258 -0.2814559639 0.0666524023 0.9962019324 0.0560285449 0.2776813209 -0.0724551380 0.9579370022
103.6 377.6 2012.9 0 0 0 0 0 0 0 0 0
274.2 -127.0 2155.2 0 0 0 0 0 0 0 0 0
-1.7 -905.4 2312.5 0 0 0 0 0 0 0 0 0
202.6 -927.2 2246.3 0 0 0 0 0 0 0 0 0
120.0 498.2 2200.6 0 0.9873443246 -0.0995690152 -0.1234390289 0.0940780863 0.9943307042 -0.0495553166 0.1276733875 0.0373152532 0.9911140800
145.7 242.1 2190.9 0.9873443246 -0.0995690152 -0.1234390289 0.0940780863 0.9943307042 -0.0495553166 0.1276733875 0.0373152532 0.9911140800
133.6 43.9 2184.1 0.9904462695 0.0605704822 -0.1238848418 -0.0643562153 0.9975674748 -0.0267847832 0.1219611242 0.0345016494 0.9919350147
1.0 251.5 2173.1 0.1745853424 -0.8197684884 -0.5454351902 0.4095601737 0.5642077923 -0.7168891430 0.8954219222 -0.0982301980 0.4342469275
-35.3 166.4 1987.1 -0.5559019446 -0.8197684884 0.1376685202 -0.8251697421 0.5642077923 0.0276482347 -0.1003388092 -0.0982301980 -0.9900923967
290.4 232.7 2208.8 0.5824422836 0.5471345186 0.6011695266 -0.7589043379 0.1010261402 0.6433178782 0.2912476063 -0.8309257030 0.4740646482
414.3 71.2 2270.8 -0.5257852674 0.5471345186 0.6513015032 -0.7309283614 0.1010261402 -0.6749351025 -0.4350787699 -0.8309257030 0.3467980921
30.0 -144.3 2169.8 0.9983474016 0.0275346357 -0.0504408106 -0.0162549429 0.9771978259 0.2117076814 0.0551199466 -0.2105379105 0.9760305285
19.0 -532.7 2253.5 0.9975690246 0.0469163805 -0.0515256189 -0.0374404490 0.9844671488 0.1715303212 0.0587728620 -0.1691841930 0.9838305116
211.3 -156.7 2194.0 0.9605500102 0.0657314807 -0.2702278793 -0.0460731126 0.9958516955 0.0784644410 0.2742644846 -0.0629187748 0.9595937729
185.2 -552.4 2219.0 0.9619466066 -0.0381831378 -0.2705564201 0.0601681694 0.9954834580 0.0734334216 0.2665305436 -0.0869179145 0.9598993659
107.7 378.6 2012.9 0 0 0 0 0 0 0 0 0
277.8 -118.7 2157.8 0 0 0 0 0 0 0 0 0
1.1 -908.7 2318.1 0 0 0 0 0 0 0 0 0
199.8 -932.6 2252.2 0 0 0 0 0 0 0 0 0
120.8 496.8 2193.7 1 0.9869328737 -0.0925937966 -0.1318708509 0.0912804380 0.9956969619 -0.0159830526 0.1327833384 0.0037369707 0.9911380410
144.0 248.3 2192.7 0.9869328737 -0.0925937966 -0.1318708509 0.0912804380 0.9956969619 -0.0159830526 0.1327833384 0.0037369707 0.9911380410
132.7 50.1 2185.1 0.9896957278 0.0564157888 -0.1316042095 -0.0609493107 0.9976693988 -0.0306750648 0.1295669377 0.0383801647 0.9908276200
-0.6 257.2 2173.8 0.1654741466 -0.8128571510 -0.5584635735 0.4301579297 0.5690540671 -0.7008149624 0.8874584436 -0.1242607906 0.4438206851
-35.2 167.3 1988.2 -0.5625876188 -0.8128571510 0.1508591622 -0.8223000169 0.5690540671 -0.0003720165 -0.0855446309 -0.1242607906 -0.9885551929
288.5 239.4 2211.7 0.5997029543 0.5290550590 0.6003807783 -0.7483736873 0.1051238477 0.6548937559 0.2833605409 -0.8420509100 0.4589739740
417.5 78.4 2272.6 -0.5153096318 0.5290550590 0.6742082238 -0.7485869527 0.1051238477 -0.6546499729 -0.4172212481 -0.8420509100 0.3418723941
30.8 -148.4 2166.0 0.9978451133 0.0292899814 -0.0587134548 -0.0158721674 0.9760102034 0.2171453834 0.0636651143 -0.2157455534 0.9743719101
19.1 -536.3 2251.8 0.9967417717 0.0540058389 -0.0599101372 -0.0427572802 0.9835882783 0.1752882302 0.0683934912 -0.1721555144 0.9826926589
212.4 -160.2 2188.4 0.9584570527 0.0695711076 -0.2766223550 -0.0443689674 0.9943580031 0.0963510051 0.2817648947 -0.0800748542 0.9561362863
184.8 -555.3 2220.2 0.9589265585 -0.0493051447 -0.2793365419 0.0669212043 0.9963026047 0.0538764857 0.2756473422 -0.0703571290 0.9586805701
109.4 378.7 2010.2 0 0 0 0 0 0 0 0 0
283.7 -116.0 2164.3 0 0 0 0 0 0 0 0 0
-1.5 -912.1 2317.6 0 0 0 0 0 0 0 0 0
203.6 -935.9 2247.1 0 0 0 0 0 0 0 0 0
120.8 497.2 2190.7 2 0.9894517660 -0.0797460675 -0.1209371760 0.0801120624 0.9967841506 -0.0018405798 0.1206950396 -0.0078673614 0.9926584363
140.6 249.9 2192.7 0.9894517660 -0.0797460675 -0.1209371760 0.0801120624 0.9967841506 -0.0018405798 0.1206950396 -0.0078673614 0.9926584363
131.8 51.5 2184.8 0.9917514324 0.0440578163 -0.1203662381 -0.0484437309 0.9982553124 -0.0337568782 0.1186689809 0.0393094197 0.9921554327
-4.3 256.9 2175.3 0.1512809098 -0.8194246888 -0.5528627634 0.4310225844 0.5580113530 -0.7091141343 0.8895693421 -0.1310209185 0.4376070201
-36.3 165.7 1987.1 -0.5481821895 -0.8194246888 0.1674498022 -0.8297077417 0.5580113530 0.0144358594 -0.1052679941 -0.1310209185 -0.9857749343
285.4 242.8 2210.0 0.5942858458 0.5274503827 0.6071411967 -0.7554779053 0.1072111428 0.6463426948 0.2758214176 -0.8427940607 0.4621911645
413.7 79.7 2269.5 -0.4964852631 0.5274503827 0.6894189715 -0.7660926580 0.1072111428 -0.6337253451 -0.4081720710 -0.8427940607 0.3508470953
30.8 -142.6 2165.6 0.9983569384 0.0270020701 -0.0505402461 -0.0147326430 0.9733175635 0.2289888561 0.0553748794 -0.2278680205 0.9721161127
20.0 -529.4 2256.1 0.9967520237 0.0607149564 -0.0529060662 -0.0531532839 0.9895310402 0.1341753751 0.0604986474 -0.1309274435 0.9895442724
212.3 -153.8 2189.4 0.9608192444 0.0736243054 -0.2672187984 -0.0501185879 0.9943333268 0.0937516317 0.2726069391 -0.0766857415 0.9590645432
183.0 -548.9 2219.8 0.9599447250 -0.0711453632 -0.2710064054 0.0841021910 0.9957889915 0.0364850573 0.2672694623 -0.0578158721 0.9618858099
104.1 378.3 2014.0 0 0 0 0 0 0 0 0 0
284.8 -119.2 2163.5 0 0 0 0 0 0 0 0 0
-3.1 -907.2 2306.1 0 0 0 0 0 0 0 0 0
210.2 -929.2 2241.9 0 0 0 0 0 0 0 0 0
120.6 494.3 2186.7 3 0.9897463322 -0.0779810846 -0.1196708605 0.0801327601 0.9966958761 0.0132670021 0.1182408854 -0.0227205232 0.9927249551
139.8 248.5 2192.3 0.9897463322 -0.0779810846 -0.1196708605 0.0801327601 0.9966958761 0.0132670021 0.1182408854 -0.0227205232 0.9927249551
131.9 50.2 2182.5 0.9921475649 0.0398148075 -0.1185665354 -0.0453607142 0.9979813099 -0.0444483571 0.1165574864 0.0494775921 0.9919507504
-5.1 255.1 2175.3 0.1413747966 -0.8155670166 -0.5611271262 0.4172120988 0.5631089807 -0.7133318186 0.8977456093 -0.1332618743 0.4198738635
-34.8 167.4 1986.6 -0.5515997410 -0.8155670166 0.1748948395 -0.8261320591 0.5631089807 0.0203487426 -0.1150806174 -0.1332618743 -0.9843768477
284.8 241.9 2209.4 0.5848773122 0.5349985957 0.6096680164 -0.7632444501 0.1085891277 0.6369193792 0.2745476365 -0.8378453851 0.4718460143
411.3 76.7 2268.8 -0.4914137721 0.5349985957 0.6872329116 -0.7666912675 0.1085891277 -0.6327660680 -0.4131549597 -0.8378453851 0.3568165302
32.1 -142.4 2166.1 0.9983190894 0.0303528346 -0.0493727922 -0.0177234560 0.9709680080 0.2385517806 0.0551801249 -0.2372757345 0.9698739052
20.1 -528.2 2260.4 0.9969213009 0.0580743998 -0.0526804887 -0.0514496118 0.9915118217 0.1194035932 0.0591676198 -0.1163256019 0.9914472103
214.0 -151.3 2187.9 0.9612233639 0.0780900642 -0.2644837201 -0.0522040948 0.9932547808 0.1035358161 0.2707848549 -0.0857139081 0.9588162899
183.0 -546.0 2222.0 0.9607939124 -0.0612637959 -0.2704105377 0.0676189288 0.9976096153 0.0142394677 0.2688917816 -0.0319660641 0.9626398087
106.9 379.7 2016.2 0 0 0 0 0 0 0 0 0
283.6 -122.4 2161.4 0 0 0 0 0 0 0 0 0
-2.1 -906.9 2304.9 0 0 0 0 0 0 0 0 0
206.4 -927.0 2234.2 0 0 0 0 0 0 0 0 0
120.1 492.7 2185.3 4 0.9889682531 -0.0764312148 -0.1268858314 0.0794584677 0.9966577888 0.0189629849 0.1250123829 -0.0288359430 0.9917360544
138.8 249.3 2192.3 0.9889682531 -0.0764312148 -0.1268858314 0.0794584677 0.9966577888 0.0189629849 0.1250123829 -0.0288359430 0.9917360544
130.7 51.0 2182.2 0.9912181497 0.0409205630 -0.1257461309 -0.0469108522 0.9978826642 -0.0450508147 0.1236363798 0.0505540445 0.9910390377
-6.0 256.2 2174.2 0.1289080977 -0.8117088675 -0.5696589947 0.4113391936 0.5664691329 -0.7140817642 0.9023207426 -0.1422721595 0.4069101512
-33.1 169.6 1984.3 -0.5538180470 -0.8117088675 0.1855107397 -0.8238621950 0.5664691329 0.0190732758 -0.1205680594 -0.1422721595 -0.9824571013
283.6 242.5 2210.4 0.5865368247 0.5308737755 0.6116760373 -0.7636818886 0.1109707579 0.6359838843 0.2697490156 -0.8401538730 0.4705071449
411.0 76.6 2268.9 -0.4834841192 0.5308737755 0.6960000992 -0.7745548487 0.1109707579 -0.6226959825 -0.4078086317 -0.8401538730 0.3575382829
33.0 -143.9 2162.0 0.9979433417 0.0323637202 -0.0553327464 -0.0170897264 0.9662740827 0.2569481432 0.0617823973 -0.2554740608 0.9648398757
20.2 -527.9 2263.5 0.9963753819 0.0605279356 -0.0597699992 -0.0543386526 0.9934781194 0.1002423242 0.0654476508 -0.0966311619 0.9931661487
