-60.0 439.1 1836.2 5 0.9910553098 0.0084397150 -0.1331846118 0.0041343179 0.9955775142 0.0938526466 0.1333876997 -0.0935637876 0.9866374731
-61.7 240.9 1854.9 0.9910553098 0.0084397150 -0.1331846118 0.0041343179 0.9955775142 0.0938526466 0.1333876997 -0.0935637876 0.9866374731
-63.1 45.8 1871.4 0.9910549521 0.0072558350 -0.1332571954 0.0040858933 0.9964030981 0.0846414417 0.1333920211 -0.0844287947 0.9874605536
-203.0 240.4 1835.9 0.1310776621 -0.8442223668 -0.5197184682 0.9905616641 0.0903373137 0.1030860618 -0.0400775857 -0.5283254385 0.8480955362
-238.3 -26.7 1846.7 -0.0096473368 -0.8461787701 -0.5328117609 0.9575701952 0.1456668824 -0.2486773580 0.2880385518 -0.5126037598 0.8088703156
79.5 241.5 1873.9 0.6064715981 0.7824738622 0.1411623806 -0.5975040793 0.5656428933 -0.5683633685 -0.5245770216 0.2603511512 0.8105777502
201.8 121.0 1768.1 -0.5283785462 0.7824738622 0.3294703364 0.8243750930 0.5656428933 -0.0213029012 -0.2030315399 0.2603511512 -0.9439255595
-154.2 -150.5 1875.4 0.9823572636 0.0122932624 -0.1866094768 -0.0382578894 0.9899445176 -0.1361842155 0.1830588877 0.1409208328 0.9729495049
-159.0 -538.2 1820.2 0.9830769897 0.0000000000 -0.1831929982 0.0000000000 1.0000000000 0.0000000000 0.1831929982 0.0000000000 0.9830769897
24.9 -149.8 1900.4 0.8950912356 -0.0643945560 -0.4412086308 -0.0067847488 0.9874348640 -0.1578808576 0.4458314478 0.1443112642 0.8834073544
50.1 -536.6 1843.9 0.8951117992 0.0000000000 -0.4458417296 0.0000000000 1.0000000000 0.0000000000 0.4458417296 0.0000000000 0.8951117992
-235.6 -296.5 1765.5 0 0 0 0 0 0 0 0 0
65.8 333.3 1715.8 0 0 0 0 0 0 0 0 0
-159.0 -914.9 1820.2 0 0 0 0 0 0 0 0 0
50.1 -913.2 1843.9 0 0 0 0 0 0 0 0 0
-60.3 439.4 1835.8 6 0.9914434552 0.0092233308 -0.1302107573 0.0031236049 0.9955387712 0.0943014324 0.1304996312 -0.0939012617 0.9869915843
-62.1 241.3 1854.4 0.9914434552 0.0092233308 -0.1302107573 0.0031236049 0.9955387712 0.0943014324 0.1304996312 -0.0939012617 0.9869915843
-63.7 46.1 1870.8 0.9914418459 0.0080310386 -0.1303019822 0.0029377239 0.9964808226 0.0837697014 0.1305161864 -0.0834355801 0.9879291654
-203.4 240.9 1835.8 0.1341819912 -0.8455874920 -0.5166981816 0.9900649786 0.0922800824 0.1060928926 -0.0420298651 -0.5258005261 0.8495688438
-239.5 -25.6 1847.2 -0.0158712287 -0.8474119902 -0.5306985974 0.9575805068 0.1398533881 -0.2519536018 0.2877284884 -0.5121854544 0.8092455864
79.2 241.7 1873.0 0.6074444652 0.7828794718 0.1345767528 -0.5977258086 0.5620536208 -0.5716813803 -0.5231969357 0.2668246627 0.8093636632
201.5 121.3 1767.7 -0.5241041780 0.7828794718 0.3352827728 0.8268623352 0.5620536208 -0.0198586825 -0.2039938569 0.2668246627 -0.9419082403
-154.1 -149.7 1875.9 0.9828670621 0.0131427310 -0.1838466525 -0.0378262624 0.9906064272 -0.1314079463 0.1803926229 0.1361107826 0.9741315842
-159.3 -537.8 1822.6 0.9835709929 0.0000000000 -0.1805218160 0.0000000000 1.0000000000 0.0000000000 0.1805218160 0.0000000000 0.9835709929
25.0 -149.0 1900.0 0.8962402344 -0.0651907250 -0.4387522638 -0.0060800128 0.9872427583 -0.1591062397 0.4435272515 0.1452650428 0.8844103217
50.6 -535.7 1843.1 0.8962568045 0.0000000000 -0.4435354471 0.0000000000 1.0000000000 0.0000000000 0.4435354471 0.0000000000 0.8962568045
-235.1 -295.4 1766.1 0 0 0 0 0 0 0 0 0
66.6 334.2 1715.2 0 0 0 0 0 0 0 0 0
-159.3 -914.4 1822.6 0 0 0 0 0 0 0 0 0
50.6 -912.4 1843.1 0 0 0 0 0 0 0 0 0
-60.0 439.6 1835.5 7 0.9920328856 0.0094195735 -0.1256266981 0.0024832529 0.9955449104 0.0942560509 0.1259548664 -0.0938170627 0.9875898361
-61.9 241.5 1854.2 0.9920328856 0.0094195735 -0.1256266981 0.0024832529 0.9955449104 0.0942560509 0.1259548664 -0.0938170627 0.9875898361
-63.2 46.3 1870.7 0.9920421243 0.0070866249 -0.1257069111 0.0035991946 0.9964105487 0.0845756233 0.1258550584 -0.0843550190 0.9884557128
-203.2 241.0 1836.2 0.1418431401 -0.8473342657 -0.5117666721 0.9887826443 0.0968429819 0.1137113199 -0.0467904881 -0.5221552253 0.8515659571
-241.3 -24.6 1848.8 -0.0301215742 -0.8489130735 -0.5276734829 0.9555532336 0.1304381490 -0.2643934488 0.2932758033 -0.5121840239 0.8072526455
79.5 242.0 1872.1 0.6130717993 0.7790164948 0.1314394772 -0.5939903855 0.5642138720 -0.5734440684 -0.5208823681 0.2734886110 0.8086318970
202.2 123.1 1767.9 -0.5264541507 0.7790164948 0.3405574262 0.8255010247 0.5642138720 -0.0145157995 -0.2034552842 0.2734886110 -0.9401116371
-154.9 -149.3 1875.3 0.9837816358 0.0057548732 -0.1792780012 -0.0311467331 0.9897821546 -0.1391443014 0.1766454130 0.1424715370 0.9739087820
-157.1 -537.0 1819.5 0.9842591882 0.0000000000 -0.1767311543 0.0000000000 1.0000000000 0.0000000000 0.1767311543 0.0000000000 0.9842591882
24.4 -148.8 1898.9 0.8979962468 -0.0681936815 -0.4346864820 -0.0004424247 0.9877764583 -0.1558765024 0.4400028586 0.1401688308 0.8869894147
51.1 -535.7 1844.0 0.8979963660 0.0000000000 -0.4400028884 0.0000000000 1.0000000000 0.0000000000 0.4400028884 0.0000000000 0.8979963660
-232.9 -293.8 1766.2 0 0 0 0 0 0 0 0 0
67.3 334.8 1715.7 0 0 0 0 0 0 0 0 0
-157.1 -913.7 1819.5 0 0 0 0 0 0 0 0 0
51.1 -912.4 1844.0 0 0 0 0 0 0 0 0 0
-58.9 439.4 1835.9 8 0.9919882417 0.0087142186 -0.1260295063 0.0033336401 0.9954649806 0.0950700492 0.1262864321 -0.0947285071 0.9874604940
-60.6 241.4 1854.7 0.9919882417 0.0087142186 -0.1260295063 0.0033336401 0.9954649806 0.0950700492 0.1262864321 -0.0947285071 0.9874604940
-62.1 46.2 1871.4 0.9919866920 0.0076933950 -0.1261078119 0.0031503753 0.9963276982 0.0855638683 0.1263029873 -0.0852755085 0.9883195758
-202.0 240.9 1836.7 0.1494577676 -0.8460490108 -0.5117259026 0.9876880646 0.1035618559 0.1172487810 -0.0462029316 -0.5229492784 0.8511106372
-242.3 -25.1 1849.2 -0.0452599525 -0.8469697833 -0.5297109485 0.9542309642 0.1202634797 -0.2738247514 0.2956261933 -0.5178598762 0.8027616739
80.8 241.8 1872.7 0.6124336123 0.7784677744 0.1375242621 -0.5845214725 0.5630590916 -0.5842080712 -0.5322214961 0.2774028182 0.7998675108
203.3 124.9 1766.3 -0.5315531492 0.7784677744 0.3338250518 0.8264116049 0.5630590916 0.0028706403 -0.1857285351 0.2774028182 -0.9426306486
-154.3 -149.1 1875.9 0.9836739898 0.0068114400 -0.1798308045 -0.0329594091 0.9891997576 -0.1428200155 0.1769157797 0.1464154571 0.9732745290
-157.0 -536.6 1818.5 0.9842087030 0.0000000000 -0.1770119518 0.0000000000 1.0000000000 0.0000000000 0.1770119518 0.0000000000 0.9842087030
25.0 -148.5 1898.6 0.8983814716 -0.0590623915 -0.4352267981 -0.0096756946 0.9880155325 -0.1540507823 0.4391094744 0.1426074803 0.8870434165
48.2 -535.5 1842.7 0.8984234929 0.0000000000 -0.4391300082 0.0000000000 1.0000000000 0.0000000000 0.4391300082 0.0000000000 0.8984234929
-229.5 -293.9 1765.9 0 0 0 0 0 0 0 0 0
67.5 336.0 1718.8 0 0 0 0 0 0 0 0 0
-157.0 -913.3 1818.5 0 0 0 0 0 0 0 0 0
48.2 -912.2 1842.7 0 0 0 0 0 0 0 0 0
-58.5 439.2 1835.6 9 0.9920110703 0.0084774075 -0.1258655638 0.0033980936 0.9955817461 0.0938374177 0.1261049509 -0.0935154557 0.9875993133
-60.2 241.3 1854.2 0.9920110703 0.0084774075 -0.1258655638 0.0033980936 0.9955817461 0.0938374177 0.1261049509 -0.0935154557 0.9875993133
-61.6 46.1 1870.7 0.9920123219 0.0071619186 -0.1259375066 0.0035557381 0.9964024425 0.0846728608 0.1260908693 -0.0844443217 0.9884180427
-201.6 240.8 1836.2 0.1398111731 -0.8473541141 -0.5122927427 0.9891343713 0.0957684964 0.1115420833 -0.0454541408 -0.5223211646 0.8515365720
-239.2 -25.6 1848.4 -0.0297969766 -0.8489487767 -0.5276345015 0.9560591578 0.1298182756 -0.2628651857 0.2916556895 -0.5122823715 0.8077770472
81.2 241.8 1872.2 0.6158108115 0.7758044004 0.1374940574 -0.5804164410 0.5646992922 -0.5867124796 -0.5328168869 0.2815000415 0.7980375290
205.2 124.9 1764.8 -0.5369739532 0.7758044004 0.3313404918 0.8251591921 0.5646992922 0.0150685180 -0.1754175127 0.2815000415 -0.9433909059
-153.3 -149.2 1876.7 0.9836590290 0.0135858301 -0.1795281172 -0.0395651199 0.9890851974 -0.1419334561 0.1756403148 0.1467171758 0.9734600782
-158.6 -536.6 1819.3 0.9844298363 0.0000000000 -0.1757779568 0.0000000000 1.0000000000 0.0000000000 0.1757779568 0.0000000000 0.9844298363
26.0 -148.6 1899.6 0.8987332582 -0.0551095158 -0.4350189567 -0.0139178578 0.9879860878 -0.1539148539 0.4382748604 0.1443829238 0.8871689439
47.6 -535.6 1843.0 0.8988202810 0.0000000000 -0.4383172989 0.0000000000 1.0000000000 0.0000000000 0.4383172989 0.0000000000 0.8988202810
-230.8 -294.9 1766.3 0 0 0 0 0 0 0 0 0
67.5 336.6 1719.8 0 0 0 0 0 0 0 0 0
-158.6 -913.3 1819.3 0 0 0 0 0 0 0 0 0
47.6 -912.3 1843.0 0 0 0 0 0 0 0 0 0
-58.4 440.9 1835.4 0 0.9918630719 0.0097316718 -0.1269368231 0.0024448389 0.9954342246 0.0954189971 0.1272858381 -0.0949529186 0.9873106480
-60.3 242.9 1854.3 0.9918630719 0.0097316718 -0.1269368231 0.0024448389 0.9954342246 0.0954189971 0.1272858381 -0.0949529186 0.9873106480
-62.0 47.7 1871.1 0.9918649197 0.0083021186 -0.1270238161 0.0026501813 0.9963078499 0.0858113766 0.1272672415 -0.0854499340 0.9881808162
-201.7 242.5 1836.2 0.1328830868 -0.8475033045 -0.5138873458 0.9900970459 0.0898231193 0.1078869998 -0.0452756248 -0.5231347084 0.8510465026
-237.7 -25.9 1848.5 -0.0184859447 -0.8495296836 -0.5272167921 0.9565448761 0.1384447813 -0.2566222847 0.2909986675 -0.5090504289 0.8100539446
81.0 243.3 1872.5 0.6184530258 0.7723696232 0.1447791904 -0.5815682411 0.5737723708 -0.5766832829 -0.5284829736 0.2724525332 0.8040369153
207.5 124.3 1764.4 -0.5424906611 0.7723696232 0.3303771317 0.8190075159 0.5737723708 0.0034492344 -0.1868972033 0.2724525332 -0.9438427091
-152.7 -149.3 1875.9 0.9833527207 0.0182848796 -0.1807847470 -0.0437390096 0.9894891977 -0.1378334463 0.1763642877 0.1434462368 0.9738166332
-159.8 -536.9 1819.7 0.9842946529 0.0000000000 -0.1765332222 0.0000000000 1.0000000000 0.0000000000 0.1765332222 0.0000000000 0.9842946529
26.7 -148.7 1898.7 0.8982959390 -0.0526574403 -0.4362242818 -0.0162428804 0.9881348014 -0.1527277678 0.4390906394 0.1442802697 0.8867821693
47.3 -535.8 1842.1 0.8984144330 0.0000000000 -0.4391485751 0.0000000000 1.0000000000 0.0000000000 0.4391485751 0.0000000000 0.8984144330
-232.5 -295.3 1766.5 0 0 0 0 0 0 0 0 0
67.3 336.0 1716.1 0 0 0 0 0 0 0 0 0
-159.8 -913.6 1819.7 0 0 0 0 0 0 0 0 0
47.3 -912.4 1842.1 0 0 0 0 0 0 0 0 0
-59.4 441.3 1836.4 1 0.9932233691 0.0087877959 -0.1158885807 0.0020252774 0.9956771731 0.0928595364 0.1162036434 -0.0924649686 0.9889119864
-61.1 243.7 1854.7 0.9932233691 0.0087877959 -0.1158885807 0.0020252774 0.9956771731 0.0928595364 0.1162036434 -0.0924649686 0.9889119864
-62.8 48.6 1871.1 0.9932181239 0.0083580222 -0.1159648374 0.0014221423 0.9964647889 0.0839993581 0.1162569448 -0.0835946053 0.9896950126
-202.7 243.5 1838.1 0.1307287663 -0.8532982469 -0.5047693253 0.9905146956 0.0906827748 0.1032339185 -0.0423154421 -0.5134770870 0.8570593596
-238.0 -24.0 1849.6 -0.0174127091 -0.8551477790 -0.5180917978 0.9561944008 0.1371971816 -0.2585908771 0.2922141254 -0.4998992383 0.8152984977
80.4 243.9 1871.3 0.6169161201 0.7724962831 0.1505457014 -0.5926611423 0.5818424821 -0.5569669008 -0.5178487301 0.2543792725 0.8167765141
207.2 122.2 1764.9 -0.5431076884 0.7724962831 0.3290646076 0.8129420280 0.5818424821 -0.0241779014 -0.2101411223 0.2543792725 -0.9439978004
-153.3 -147.6 1876.3 0.9853380322 0.0121695045 -0.1701788455 -0.0370574221 0.9889059663 -0.1438462585 0.1665403396 0.1480435878 0.9748576283
-158.0 -535.0 1818.3 0.9860153198 0.0000000000 -0.1666548103 0.0000000000 1.0000000000 0.0000000000 0.1666548103 0.0000000000 0.9860153198
26.1 -147.2 1899.3 0.9027070403 -0.0581441820 -0.4263088703 -0.0108924657 0.9874207973 -0.1577388793 0.4301178157 0.1470355392 0.8907183409
48.8 -533.9 1841.7 0.9027606249 0.0000000000 -0.4301433563 0.0000000000 1.0000000000 0.0000000000 0.4301433563 0.0000000000 0.9027606249
-233.1 -293.4 1767.2 0 0 0 0 0 0 0 0 0
66.9 332.2 1710.6 0 0 0 0 0 0 0 0 0
-158.0 -911.7 1818.3 0 0 0 0 0 0 0 0 0
48.8 -910.6 1841.7 0 0 0 0 0 0 0 0 0
-59.1 440.0 1836.3 2 0.9930143952 0.0099379523 -0.1175737679 0.0009640143 0.9957302213 0.0923063010 0.1179890856 -0.0917748287 0.9887648821
-61.1 242.7 1854.5 0.9930143952 0.0099379523 -0.1175737679 0.0009640143 0.9957302213 0.0923063010 0.1179890856 -0.0917748287 0.9887648821
-62.8 47.5 1870.9 0.9930127859 0.0091219731 -0.1176537424 0.0007924543 0.9964699149 0.0839470923 0.1180041730 -0.0834537670 0.9895001054
-202.6 242.6 1837.7 0.1366196871 -0.8520312905 -0.5053490996 0.9895411134 0.0935361534 0.1098152846 -0.0462976433 -0.5150666833 0.8558988571
-238.9 -20.8 1850.0 -0.0235507600 -0.8536588550 -0.5202999115 0.9566106796 0.1319445074 -0.2597819269 0.2904158533 -0.5038424730 0.8135117888
80.5 242.8 1871.3 0.6125199795 0.7734044790 0.1632936150 -0.5919505954 0.5857098103 -0.5536592603 -0.5238451958 0.2424655855 0.8165761828
206.2 121.3 1763.8 -0.5421235561 0.7734044790 0.3285537362 0.8093653321 0.5857098103 -0.0432639793 -0.2258976996 0.2424655855 -0.9434938431
-154.2 -146.7 1876.9 0.9850785136 0.0029392808 -0.1720805168 -0.0302626137 0.9872338176 -0.1563761830 0.1694240719 0.1592504233 0.9725918174
-155.3 -533.4 1814.6 0.9855298996 0.0000000000 -0.1695017070 0.0000000000 1.0000000000 0.0000000000 0.1695017070 0.0000000000 0.9855298996
25.4 -146.5 1898.0 0.9014904499 -0.0621215589 -0.4283175170 -0.0040640840 0.9883866310 -0.1519056559 0.4327799380 0.1386822164 0.8907686472
49.7 -533.6 1843.6 0.9014979005 0.0000000000 -0.4327835143 0.0000000000 1.0000000000 0.0000000000 0.4327835143 0.0000000000 0.9014979005
-232.3 -290.3 1768.2 0 0 0 0 0 0 0 0 0
66.6 329.6 1705.7 0 0 0 0 0 0 0 0 0
-155.3 -910.1 1814.6 0 0 0 0 0 0 0 0 0
49.7 -910.3 1843.6 0 0 0 0 0 0 0 0 0
-59.4 441.5 1835.8 3 0.9925852418 0.0102673732 -0.1211163253 0.0009156181 0.9957661629 0.0919176862 0.1215472892 -0.0913470387 0.9883733988
-61.5 243.2 1854.0 0.9925852418 0.0102673732 -0.1211163253 0.0009156181 0.9957661629 0.0919176862 0.1215472892 -0.0913470387 0.9883733988
-63.4 48.0 1870.3 0.9925796390 0.0098477388 -0.1211966723 0.0003653487 0.9964690804 0.0839594379 0.1215955541 -0.0833807141 0.9890713692
-202.9 243.2 1836.7 0.1368631124 -0.8505855799 -0.5077131391 0.9892365336 0.0905760005 0.1149218976 -0.0517642833 -0.5179769397 0.8538268805
-239.4 -20.2 1850.4 -0.0257178843 -0.8524109721 -0.5222395062 0.9565688968 0.1307588965 -0.2605341673 0.2903696299 -0.5062584877 0.8120269775
80.0 243.3 1871.3 0.6014544964 0.7799506783 0.1730013043 -0.5972790122 0.5828049183 -0.5509956479 -0.5305754542 0.2280687690 0.8163787723
203.5 120.6 1762.3 -0.5357257128 0.7799506783 0.3235350549 0.8101248741 0.5828049183 -0.0635306835 -0.2381086349 0.2280687690 -0.9440810084
-154.4 -147.7 1876.5 0.9844484925 0.0007883011 -0.1756717563 -0.0294374842 0.9865906239 -0.1605377942 0.1731895506 0.1632125229 0.9712708592
-154.7 -534.2 1812.6 0.9848753214 0.0000000000 -0.1732646525 0.0000000000 1.0000000000 0.0000000000 0.1732646525 0.0000000000 0.9848753214
25.1 -147.6 1897.9 0.8996087313 -0.0662488714 -0.4316424727 0.0002830808 0.9885141253 -0.1511280537 0.4366967678 0.1358339190 0.8892946839
51.1 -534.8 1844.7 0.8996087909 0.0000000000 -0.4366967678 0.0000000000 1.0000000000 0.0000000000 0.4366967678 0.0000000000 0.8996087909
-232.1 -289.7 1768.6 0 0 0 0 0 0 0 0 0
66.4 328.0 1701.4 0 0 0 0 0 0 0 0 0
-154.7 -910.9 1812.6 0 0 0 0 0 0 0 0 0
51.1 -911.5 1844.7 0 0 0 0 0 0 0 0 0
-59.0 441.3 1836.0 4 0.9928056002 0.0104975309 -0.1192761883 0.0006470058 0.9956645966 0.0930141285 0.1197354943 -0.0924221203 0.9884945750
-61.1 243.3 1854.4 0.9928056002 0.0104975309 -0.1192761883 0.0006470058 0.9956645966 0.0930141285 0.1197354943 -0.0924221203 0.9884945750
-62.9 48.1 1870.8 0.9928112030 0.0088589378 -0.1193624660 0.0012237534 0.9964537024 0.0841342956 0.1196845099 -0.0836755410 0.9892795682
-202.6 243.1 1837.4 0.1431227475 -0.8509574533 -0.5053585768 0.9881949425 0.0946752131 0.1204463467 -0.0546497814 -0.5166314244 0.8544620275
-240.6 -19.2 1851.9 -0.0333446860 -0.8525651693 -0.5215561390 0.9548751116 0.1269222051 -0.2685223222 0.2951298356 -0.5069747567 0.8098610640
80.4 243.5 1871.5 0.5960368514 0.7844585180 0.1713619381 -0.5917635560 0.5733968616 -0.5665968060 -0.5427300930 0.2363068461 0.8059796095
202.4 122.4 1760.4 -0.5320497155 0.7844585180 0.3186659217 0.8179972768 0.5733968616 -0.0457871296 -0.2186401486 0.2363068461 -0.9467605352
-155.0 -147.2 1875.7 0.9847993851 0.0038312802 -0.1736532152 -0.0308383647 0.9877302647 -0.1530943811 0.1709359884 0.1561224461 0.9728343487
-156.5 -534.1 1814.5 0.9852679968 0.0000000000 -0.1710173339 0.0000000000 1.0000000000 0.0000000000 0.1710173339 0.0000000000 0.9852679968
24.4 -147.1 1897.6 0.9005741477 -0.0678459033 -0.4293752313 -0.0007133376 0.9875133038 -0.1575338840 0.4347018003 0.1421772391 0.8892806172
51.0 -533.9 1842.0 0.9005743861 0.0000000000 -0.4347019196 0.0000000000 1.0000000000 0.0000000000 0.4347019196 0.0000000000 0.9005743861
-231.2 -288.2 1768.7 0 0 0 0 0 0 0 0 0
66.9 330.6 1704.7 0 0 0 0 0 0 0 0 0
-156.5 -910.7 1814.5 0 0 0 0 0 0 0 0 0
51.0 -910.6 1842.0 0 0 0 0 0 0 0 0 0
-58.0 440.6 1836.2 5 0.9929018021 0.0099533843 -0.1185199991 0.0012144537 0.9955917597 0.0937845185 0.1189310104 -0.0932627469 0.9885127544
-59.9 242.9 1854.7 0.9929018021 0.0099533843 -0.1185199991 0.0012144537 0.9955917597 0.0937845185 0.1189310104 -0.0932627469 0.9885127544
-61.6 47.7 1871.1 0.9929061532 0.0083464030 -0.1186071783 0.0016933173 0.9964393973 0.0842949823 0.1188884228 -0.0838978514 0.9893566966
-201.4 242.7 1837.7 0.1392696053 -0.8514545560 -0.5055977702 0.9889990091 0.0938949138 0.1143008545 -0.0498489253 -0.5159543157 0.8551644087
-238.4 -20.0 1851.0 -0.0297788177 -0.8531612158 -0.5207966566 0.9549439549 0.1296387911 -0.2669753730 0.2952884734 -0.5052818060 0.8108606339
81.6 243.1 1871.6 0.5878036022 0.7876092792 0.1848204136 -0.5839430094 0.5711718202 -0.5768650770 -0.5599085093 0.2311587930 0.7956557274
202.2 123.3 1756.8 -0.5371642113 0.7876092792 0.3018712699 0.8202587962 0.5711718202 -0.0306308046 -0.1965454668 0.2311587930 -0.9528564811
-154.3 -147.1 1876.4 0.9849354625 0.0069965273 -0.1727807820 -0.0330543742 0.9883743525 -0.1484032869 0.1697337925 0.1518788189 0.9737161994
-157.1 -534.3 1816.9 0.9854739904 0.0000000000 -0.1698265821 0.0000000000 1.0000000000 0.0000000000 0.1698265821 0.0000000000 0.9854739904
25.1 -146.9 1898.0 0.9011747837 -0.0663590133 -0.4283462167 -0.0039194222 0.9869238734 -0.1611392349 0.4334381819 0.1468934864 0.8891308308
51.1 -533.5 1840.5 0.9011816978 0.0000000000 -0.4334414899 0.0000000000 1.0000000000 0.0000000000 0.4334414899 0.0000000000 0.9011816978
-230.0 -289.1 1767.8 0 0 0 0 0 0 0 0 0
66.0 331.3 1706.9 0 0 0 0 0 0 0 0 0
-157.1 -911.0 1816.9 0 0 0 0 0 0 0 0 0
51.1 -910.2 1840.5 0 0 0 0 0 0 0 0 0
-57.5 439.3 1836.2 6 0.9929127693 0.0091613773 -0.1184919178 0.0019477877 0.9956360459 0.0933007225 0.1188295856 -0.0928702727 0.9885619283
-59.3 241.9 1854.6 0.9929127693 0.0091613773 -0.1184919178 0.0019477877 0.9956360459 0.0933007225 0.1188295856 -0.0928702727 0.9885619283
-60.9 46.8 1871.0 0.9929122329 0.0080986079 -0.1185734048 0.0018911662 0.9964727163 0.0838957503 0.1188345999 -0.0835253596 0.9893946648
-200.8 241.7 1837.7 0.1409422606 -0.8513064981 -0.5053834915 0.9887572527 0.0952879712 0.1152360737 -0.0499442481 -0.5159432292 0.8551655412
-238.4 -22.4 1851.0 -0.0364614055 -0.8530263901 -0.5205925107 0.9527272582 0.1275642216 -0.2757501006 0.3016310930 -0.5060368776 0.8080503345
82.2 242.2 1871.6 0.5859681964 0.7877207398 0.1900983006 -0.5783861279 0.5708763003 -0.5827260613 -0.5675480366 0.2315087169 0.7901220918
202.2 123.8 1755.4 -0.5399574041 0.7877207398 0.2965502739 0.8207411170 0.5708763003 -0.0220059790 -0.1866281033 0.2315087169 -0.9547636509
-153.0 -147.6 1876.8 0.9849349260 0.0086181024 -0.1727104336 -0.0351738818 0.9878624082 -0.1512965113 0.1693102568 0.1550921202 0.9732833505
-156.3 -534.6 1816.0 0.9855448008 0.0000000000 -0.1694150865 0.0000000000 1.0000000000 0.0000000000 0.1694150865 0.0000000000 0.9855448008
26.6 -147.3 1898.3 0.9016106129 -0.0617084764 -0.4281242788 -0.0101842694 0.9864685535 -0.1636340618 0.4324287474 0.1518943459 0.8887820244
50.7 -533.7 1838.8 0.9016573429 0.0000000000 -0.4324511588 0.0000000000 1.0000000000 0.0000000000 0.4324511588 0.0000000000 0.9016573429
-228.2 -290.8 1766.1 0 0 0 0 0 0 0 0 0
65.4 331.7 1708.1 0 0 0 0 0 0 0 0 0
-156.3 -911.2 1816.0 0 0 0 0 0 0 0 0 0
50.7 -910.4 1838.8 0 0 0 0 0 0 0 0 0
-57.1 439.9 1835.7 7 0.9935243726 0.0087384591 -0.1132829115 0.0018549033 0.9956576824 0.0930714607 0.1136043072 -0.0926788896 0.9891939759
-58.8 242.6 1854.1 0.9935243726 0.0087384591 -0.1132829115 0.0018549033 0.9956576824 0.0930714607 0.1136043072 -0.0926788896 0.9891939759
-60.4 47.4 1870.5 0.9935203195 0.0081622545 -0.1133609787 0.0013830093 0.9964757562 0.0838695765 0.1136460379 -0.0834829062 0.9900076389
-200.4 242.4 1837.9 0.1375864744 -0.8542273045 -0.5013637543 0.9893022180 0.0937369764 0.1117789522 -0.0484883115 -0.5113795400 0.8579859138
-237.5 -23.9 1851.0 -0.0429968908 -0.8559058905 -0.5153410435 0.9513886571 0.1223809794 -0.2826348841 0.3049767911 -0.5024420619 0.8090371490
82.8 242.8 1870.3 0.5736870170 0.7958422303 0.1936966926 -0.5876730084 0.5646639466 -0.5794782639 -0.5705468059 0.2186088413 0.7916353345
200.5 122.2 1753.2 -0.5340854526 0.7958422303 0.2852856815 0.8247301579 0.5646639466 -0.0312213637 -0.1859378219 0.2186088413 -0.9579338431
-152.2 -148.6 1876.6 0.9857791066 0.0105556063 -0.1677145362 -0.0365625545 0.9875886440 -0.1527476758 0.1640206277 0.1567075253 0.9739301801
-156.3 -535.4 1815.2 0.9864386320 0.0000000000 -0.1641303599 0.0000000000 1.0000000000 0.0000000000 0.1641303599 0.0000000000 0.9864386320
27.3 -148.2 1898.1 0.9036114812 -0.0604073256 -0.4240721762 -0.0067420248 0.9878781438 -0.1550850272 0.4282999039 0.1429957300 0.8922507763
51.0 -535.2 1842.1 0.9036320448 0.0000000000 -0.4283096194 0.0000000000 1.0000000000 0.0000000000 0.4283096194 0.0000000000 0.9036320448
-225.4 -291.9 1765.1 0 0 0 0 0 0 0 0 0
65.1 331.3 1706.0 0 0 0 0 0 0 0 0 0
-156.3 -912.1 1815.2 0 0 0 0 0 0 0 0 0
51.0 -911.9 1842.1 0 0 0 0 0 0 0 0 0
-57.1 440.6 1835.5 8 0.9943978190 0.0098238820 -0.1052447781 0.0000039967 0.9956682920 0.0929766074 0.1057022810 -0.0924561545 0.9900903702
-59.1 243.1 1853.9 0.9943978190 0.0098238820 -0.1052447781 0.0000039967 0.9956682920 0.0929766074 0.1057022810 -0.0924561545 0.9900903702
-61.0 47.9 1870.0 0.9943899512 0.0095716929 -0.1053420603 -0.0008014086 0.9965505004 0.0829845443 0.1057729870 -0.0824345723 0.9909675121
-200.8 243.2 1838.8 0.1327064037 -0.8587516546 -0.4949086905 0.9900248647 0.0910056084 0.1075580716 -0.0473262072 -0.5042455196 0.8622625470
-236.4 -22.2 1851.5 -0.0426918603 -0.8606321216 -0.5074344277 0.9498865008 0.1224577129 -0.2876105011 0.3096660972 -0.4942837358 0.8122748733
82.6 243.0 1868.9 0.5684369206 0.8016859889 0.1848756969 -0.5905060172 0.5540253520 -0.5868207216 -0.5728717446 0.2244003564 0.7883288860
199.6 121.5 1751.1 -0.5264294147 0.8016859889 0.2831460238 0.8322259188 0.5540253520 -0.0213534627 -0.1739888340 0.2244003564 -0.9588390589
-151.8 -147.9 1876.5 0.9869999290 0.0114351166 -0.1603134573 -0.0363806747 0.9874711633 -0.1535483897 0.1565490812 0.1573845595 0.9750499725
-156.3 -534.7 1814.9 0.9876537323 0.0000000000 -0.1566527784 0.0000000000 1.0000000000 0.0000000000 0.1566527784 0.0000000000 0.9876537323
27.8 -147.6 1897.1 0.9066252708 -0.0616262034 -0.4174120426 -0.0035424468 0.9881297946 -0.1535805166 0.4219218493 0.1407186389 0.8956451416
51.9 -534.7 1842.0 0.9066309929 0.0000000000 -0.4219245017 0.0000000000 1.0000000000 0.0000000000 0.4219245017 0.0000000000 0.9066309929
-224.4 -289.8 1764.2 0 0 0 0 0 0 0 0 0
65.9 332.8 1706.9 0 0 0 0 0 0 0 0 0
-156.3 -911.4 1814.9 0 0 0 0 0 0 0 0 0
51.9 -911.4 1842.0 0 0 0 0 0 0 0 0 0
-56.2 440.6 1835.4 9 0.9948272705 0.0120310457 -0.1008661017 -0.0025238523 0.9955824018 0.0938580930 0.1015497223 -0.0931180194 0.9904628396
-58.6 243.2 1853.9 0.9948272705 0.0120310457 -0.1008661017 -0.0025238523 0.9955824018 0.0938580930 0.1015497223 -0.0931180194 0.9904628396
-60.8 48.0 1870.1 0.9948232174 0.0113274110 -0.1009872705 -0.0028677532 0.9965016246 0.0835241452 0.1015800908 -0.0828021541 0.9913754463
-200.4 243.6 1839.4 0.1385310888 -0.8602294922 -0.4907283783 0.9891674519 0.0958941877 0.1111397743 -0.0485477112 -0.5008088350 0.8641953468
-237.3 -20.1 1852.3 -0.0387017876 -0.8616935015 -0.5059510469 0.9512825608 0.1232213378 -0.2826268673 0.3058817089 -0.4922405779 0.8149451613
83.2 242.8 1868.3 0.5686765909 0.8014183044 0.1852987111 -0.5860638022 0.5528289676 -0.5923759937 -0.5771794915 0.2282735109 0.7840631604
199.9 122.5 1749.9 -0.5272598267 0.8014183044 0.2823575437 0.8331894279 0.5528289676 -0.0132455211 -0.1667106450 0.2282735109 -0.9592177868
-152.7 -147.2 1876.6 0.9876625538 0.0047077909 -0.1565264165 -0.0289725848 0.9877852201 -0.1531042010 0.1538936943 0.1557502598 0.9757348895
-154.6 -534.1 1815.6 0.9880773425 0.0000000000 -0.1539583355 0.0000000000 1.0000000000 0.0000000000 0.1539583355 0.0000000000 0.9880773425
27.0 -147.4 1895.7 0.9079542756 -0.0644165501 -0.4140888155 0.0016088856 0.9886440039 -0.1502678692 0.4190661609 0.1357701272 0.8977472186
52.3 -534.6 1842.5 0.9079554677 0.0000000000 -0.4190666974 0.0000000000 1.0000000000 0.0000000000 0.4190666974 0.0000000000 0.9079554677
-226.4 -288.1 1766.1 0 0 0 0 0 0 0 0 0
66.3 333.8 1707.6 0 0 0 0 0 0 0 0 0
-154.6 -910.8 1815.6 0 0 0 0 0 0 0 0 0
52.3 -911.3 1842.5 0 0 0 0 0 0 0 0 0
-56.8 439.8 1836.8 0 0.9952940941 0.0101395305 -0.0963680670 -0.0015509878 0.9960498214 0.0887824073 0.0968876109 -0.0882151425 0.9913782477
-58.8 242.4 1854.3 0.9952940941 0.0101395305 -0.0963680670 -0.0015509878 0.9960498214 0.0887824073 0.0968876109 -0.0882151425 0.9913782477
-60.7 47.1 1869.8 0.9952904582 0.0096093668 -0.0964599997 -0.0019188902 0.9968326092 0.0795052573 0.0969184712 -0.0789457262 0.9921564460
-200.7 242.7 1840.5 0.1315880567 -0.8632539511 -0.4873163104 0.9903164506 0.0925332904 0.1034935489 -0.0442482345 -0.4962158799 0.8670708537
-235.4 -18.9 1852.2 -0.0354812555 -0.8648427725 -0.5007874370 0.9519878030 0.1232186034 -0.2802435160 0.3040728867 -0.4866869450 0.8189477921
83.0 242.1 1868.1 0.5686058998 0.8021818399 0.1821856797 -0.5882914662 0.5513440371 -0.5915513039 -0.5749787092 0.2291812897 0.7854141593
199.3 121.8 1750.6 -0.5231663585 0.8021818399 0.2877520323 0.8340220451 0.5513440371 -0.0206631459 -0.1752259731 0.2291812897 -0.9574819803
-152.9 -146.9 1877.1 0.9884155989 -0.0003738064 -0.1517712623 -0.0250151064 0.9859193563 -0.1653400213 0.1496960223 0.1672212332 0.9744886756
-152.8 -533.1 1811.6 0.9887249470 0.0000000000 -0.1497428864 0.0000000000 1.0000000000 0.0000000000 0.1497428864 0.0000000000 0.9887249470
26.9 -147.4 1895.5 0.9098246694 -0.0627511740 -0.4102211595 0.0023894755 0.9892773628 -0.1460293084 0.4149860144 0.1318808496 0.9002189040
51.5 -534.9 1843.8 0.9098272324 0.0000000000 -0.4149872065 0.0000000000 1.0000000000 0.0000000000 0.4149872065 0.0000000000 0.9098272324
-225.4 -287.1 1766.5 0 0 0 0 0 0 0 0 0
66.3 333.9 1706.0 0 0 0 0 0 0 0 0 0
-152.8 -909.7 1811.6 0 0 0 0 0 0 0 0 0
51.5 -911.6 1843.8 0 0 0 0 0 0 0 0 0
-57.4 440.0 1836.1 1 0.9960052371 0.0103364848 -0.0886942968 -0.0022245776 0.9958415627 0.0910747424 0.0892668590 -0.0905136168 0.9918864369
-59.5 242.5 1854.0 0.9960052371 0.0103364848 -0.0886942968 -0.0022245776 0.9958415627 0.0910747424 0.0892668590 -0.0905136168 0.9918864369
-61.2 47.3 1869.8 0.9960098863 0.0089590205 -0.0887923017 -0.0017484729 0.9967163205 0.0809541568 0.0892260000 -0.0804758891 0.9927549362
-201.4 242.8 1841.3 0.1248502433 -0.8674989939 -0.4815163016 0.9912793040 0.0884388760 0.0976931080 -0.0421639085 -0.4895141423 0.8709753752
-234.5 -19.9 1852.5 -0.0306811184 -0.8693874478 -0.4931776524 0.9512588978 0.1260832101 -0.2814418972 0.3068634570 -0.4777745605 0.8231441379
82.5 242.3 1866.7 0.5696758032 0.8041334152 0.1698202491 -0.6098329425 0.5521023870 -0.5685831308 -0.5509749055 0.2203460783 0.8049063683
199.2 117.3 1753.8 -0.5109127760 0.8041334152 0.3038708866 0.8313782215 0.5521023870 -0.0631919429 -0.2185825855 0.2203460783 -0.9506152272
-152.5 -147.9 1876.5 0.9895437360 0.0014864963 -0.1442254037 -0.0249781590 0.9866042137 -0.1612087637 0.1420537531 0.1631256044 0.9763251543
-153.1 -534.4 1812.6 0.9898526073 0.0000000000 -0.1420980841 0.0000000000 1.0000000000 0.0000000000 0.1420980841 0.0000000000 0.9898526073
27.4 -148.3 1894.0 0.9127474427 -0.0645423457 -0.4033936560 0.0070535997 0.9897835255 -0.1424038261 0.4084634483 0.1271333396 0.9038776159
52.7 -536.0 1844.2 0.9127701521 0.0000000000 -0.4084736109 0.0000000000 1.0000000000 0.0000000000 0.4084736109 0.0000000000 0.9127701521
-225.9 -287.9 1766.0 0 0 0 0 0 0 0 0 0
68.9 329.4 1698.1 0 0 0 0 0 0 0 0 0
-153.1 -911.0 1812.6 0 0 0 0 0 0 0 0 0
52.7 -912.6 1844.2 0 0 0 0 0 0 0 0 0
-56.9 440.7 1835.7 2 0.9959854484 0.0086902156 -0.0890923887 -0.0005250949 0.9958265424 0.0912643746 0.0895136744 -0.0908512101 0.9918333292
-58.6 243.1 1853.7 0.9959854484 0.0086902156 -0.0890923887 -0.0005250949 0.9958265424 0.0912643746 0.0895136744 -0.0908512101 0.9918333292
-60.2 47.9 1869.7 0.9959836602 0.0080724489 -0.0891705081 -0.0007381698 0.9966338277 0.0819785595 0.0895321146 -0.0815834850 0.9926369786
-200.5 243.2 1840.9 0.1290424317 -0.8670500517 -0.4812195897 0.9905598164 0.0900721177 0.1033358127 -0.0462528542 -0.4900114834 0.8704880476
-234.7 -19.1 1853.2 -0.0343967788 -0.8688938022 -0.4938020110 0.9500265121 0.1249654219 -0.2860651016 0.3102683723 -0.4789647460 0.8211737275
83.4 243.0 1866.5 0.5687112808 0.8044840693 0.1713850796 -0.6161730289 0.5547057986 -0.5591352582 -0.5448837280 0.2123836428 0.8111688495
200.8 115.7 1753.9 -0.5108259320 0.8044840693 0.3030877709 0.8285815120 0.5547057986 -0.0758561045 -0.2291495800 0.2123836428 -0.9499387741
-153.0 -147.7 1877.5 0.9895222783 0.0007539520 -0.1443782896 -0.0243862569 0.9864920378 -0.1619840264 0.1423058957 0.1638076603 0.9761742353
-153.3 -534.2 1813.3 0.9898166656 0.0000000000 -0.1423482299 0.0000000000 1.0000000000 0.0000000000 0.1423482299 0.0000000000 0.9898166656
27.1 -148.1 1893.6 0.9123025537 -0.0719176084 -0.4031524360 0.0128482953 0.9890007377 -0.1473513097 0.4093152285 0.1292491555 0.9031919241
55.2 -535.5 1843.0 0.9123778939 0.0000000000 -0.4093490243 0.0000000000 1.0000000000 0.0000000000 0.4093490243 0.0000000000 0.9123778939
-225.0 -286.8 1765.8 0 0 0 0 0 0 0 0 0
70.8 326.6 1695.6 0 0 0 0 0 0 0 0 0
-153.3 -910.8 1813.3 0 0 0 0 0 0 0 0 0
55.2 -912.1 1843.0 0 0 0 0 0 0 0 0 0
-56.1 439.7 1837.0 3 0.9961913824 0.0096615050 -0.0866564512 -0.0020443134 0.9961569309 0.0875624046 0.0871694162 -0.0870517641 0.9923827052
-58.0 242.4 1854.2 0.9961913824 0.0096615050 -0.0866564512 -0.0020443134 0.9961569309 0.0875624046 0.0871694162 -0.0870517641 0.9923827052
-59.7 47.2 1869.6 0.9961946011 0.0085877813 -0.0867328048 -0.0016959131 0.9968553782 0.0792239606 0.0871404260 -0.0787753910 0.9930765033
-200.0 242.6 1841.8 0.1276473552 -0.8682512641 -0.4794224203 0.9909451604 0.0913521722 0.0983994156 -0.0416391380 -0.4876417518 0.8720502853
-233.8 -20.1 1852.8 -0.0358877778 -0.8699075580 -0.4919074178 0.9502148628 0.1227493435 -0.2863987982 0.3095217645 -0.4776959717 0.8221939206
84.0 242.2 1866.6 0.5637993813 0.8063580394 0.1786533147 -0.6055055261 0.5506643653 -0.5745710135 -0.5616879463 0.2157672048 0.7987184525
200.1 117.5 1751.0 -0.5147453547 0.8063580394 0.2912455201 0.8330932260 0.5506643653 -0.0521956831 -0.2024669349 0.2157672048 -0.9552233815
-151.8 -147.2 1877.6 0.9898438454 0.0010185177 -0.1421551704 -0.0247884393 0.9858912826 -0.1655411869 0.1399809420 0.1673837304 0.9759036899
-152.2 -533.4 1812.0 0.9901481271 0.0000000000 -0.1400239766 0.0000000000 1.0000000000 0.0000000000 0.1400239766 0.0000000000 0.9901481271
28.3 -147.4 1893.7 0.9134635925 -0.0655861571 -0.4016001821 0.0085231876 0.9897928238 -0.1422586143 0.4068311751 0.1265251637 0.9046987295
54.0 -535.1 1844.2 0.9134967923 0.0000000000 -0.4068459570 0.0000000000 1.0000000000 0.0000000000 0.4068459570 0.0000000000 0.9134967923
-223.7 -287.9 1765.6 0 0 0 0 0 0 0 0 0
69.3 329.1 1699.6 0 0 0 0 0 0 0 0 0
-152.2 -910.1 1812.0 0 0 0 0 0 0 0 0 0
54.0 -911.8 1844.2 0 0 0 0 0 0 0 0 0
-55.8 439.3 1836.1 4 0.9959991574 0.0087292474 -0.0889353529 -0.0006625525 0.9959115386 0.0903314203 0.0893602669 -0.0899110958 0.9919328094
-57.6 241.4 1854.0 0.9959991574 0.0087292474 -0.0889353529 -0.0006625525 0.9959115386 0.0903314203 0.0893602669 -0.0899110958 0.9919328094
-59.3 46.2 1869.9 0.9959940314 0.0085594030 -0.0890089944 -0.0012508027 0.9966443181 0.0818444118 0.0894108489 -0.0814052150 0.9926625490
-199.5 241.6 1841.2 0.1331682503 -0.8668122292 -0.4805233777 0.9898957014 0.0924991518 0.1074729711 -0.0487108827 -0.4899800122 0.8703716397
-234.5 -18.6 1854.0 -0.0417375565 -0.8684049249 -0.4940960109 0.9489398599 0.1203109398 -0.2916134596 0.3126837015 -0.4810386300 0.8190425634
84.4 241.2 1866.7 0.5662119389 0.8049765825 0.1772476733 -0.5915771723 0.5466085672 -0.5926681757 -0.5739690661 0.2307200879 0.7857020497
200.3 120.1 1749.2 -0.5138505101 0.8049765825 0.2965979278 0.8366999030 0.5466085672 -0.0339463912 -0.1894490123 0.2307200879 -0.9543989301
-151.4 -147.9 1877.2 0.9895194173 -0.0047868416 -0.1443203092 -0.0203824304 0.9848135114 -0.1724147946 0.1429539174 0.1735493988 0.9743945599
-149.5 -533.7 1809.2 0.9897250533 0.0000000000 -0.1429836154 0.0000000000 1.0000000000 0.0000000000 0.1429836154 0.0000000000 0.9897250533
28.7 -148.3 1893.0 0.9127500057 -0.0638389066 -0.4034997523 0.0065028374 0.9898598194 -0.1418987364 0.4084668458 0.1268941760 0.9039096832
53.7 -536.0 1843.2 0.9127693176 0.0000000000 -0.4084754884 0.0000000000 1.0000000000 0.0000000000 0.4084754884 0.0000000000 0.9127693176
-222.8 -285.9 1766.0 0 0 0 0 0 0 0 0 0
70.1 332.1 1701.2 0 0 0 0 0 0 0 0 0
-149.5 -910.4 1809.2 0 0 0 0 0 0 0 0 0
53.7 -912.7 1843.2 0 0 0 0 0 0 0 0 0
-55.6 440.4 1835.7 5 0.9962347746 0.0063465852 -0.0864640027 0.0015796821 0.9958225489 0.0912958756 0.0866822228 -0.0910887122 0.9920630455
-56.9 241.9 1853.9 0.9962347746 0.0063465852 -0.0864640027 0.0015796821 0.9958225489 0.0912958756 0.0866822228 -0.0910887122 0.9920630455
-58.2 46.7 1870.1 0.9962299466 0.0063808090 -0.0865171030 0.0008238597 0.9965505004 0.0829841942 0.0867481679 -0.0827426165 0.9927881956
-198.9 241.8 1841.5 0.1329974681 -0.8676940799 -0.4789766669 0.9901224971 0.0946813300 0.1034066156 -0.0443751551 -0.4879983962 0.8717157841
-234.1 -20.0 1853.2 -0.0368074924 -0.8690305352 -0.4933874011 0.9512516260 0.1208171248 -0.2837667763 0.3062116504 -0.4797803164 0.8222197294
85.1 242.0 1866.2 0.5660875440 0.8052971959 0.1761853844 -0.5898875594 0.5450172424 -0.5958094001 -0.5758277774 0.2333507240 0.7835622430
200.7 121.6 1748.6 -0.5141828656 0.8052971959 0.2951480448 0.8379839659 0.5450172424 -0.0271860734 -0.1827536523 0.2333507240 -0.9550646544
-151.0 -148.9 1877.8 0.9899528027 0.0018186708 -0.1413865536 -0.0256629065 0.9856216908 -0.1670069993 0.1390499175 0.1689574420 0.9757655859
-151.7 -535.0 1811.6 0.9902789593 0.0000000000 -0.1390957385 0.0000000000 1.0000000000 0.0000000000 0.1390957385 0.0000000000 0.9902789593
29.1 -149.1 1894.0 0.9142575860 -0.0617094375 -0.4004060626 0.0020827076 0.9890342355 -0.1476716399 0.4051280320 0.1341759861 0.9043605924
53.3 -536.5 1841.4 0.9142595530 0.0000000000 -0.4051289260 0.0000000000 1.0000000000 0.0000000000 0.4051289260 0.0000000000 0.9142595530
-223.7 -288.0 1767.0 0 0 0 0 0 0 0 0 0
70.4 333.9 1702.3 0 0 0 0 0 0 0 0 0
-151.7 -911.6 1811.6 0 0 0 0 0 0 0 0 0
53.3 -913.2 1841.4 0 0 0 0 0 0 0 0 0
-55.2 442.5 1840.0 6 0.9968854189 0.0071319770 -0.0785400495 -0.0008573274 0.9968236089 0.0796366334 0.0788585395 -0.0793212727 0.9937250614
-56.6 244.2 1855.8 0.9968854189 0.0071319770 -0.0785400495 -0.0008573274 0.9968236089 0.0796366334 0.0788585395 -0.0793212727 0.9937250614
-58.0 48.8 1869.9 0.9968819618 0.0070359111 -0.0785927922 -0.0013463279 0.9973883629 0.0722128004 0.0788956210 -0.0718818232 0.9942879081
-198.6 244.4 1844.5 0.1333540082 -0.8712746501 -0.4723316729 0.9905582070 0.1018829197 0.0917298272 -0.0317993425 -0.4801045358 0.8766347170
-234.2 -19.7 1853.0 -0.0310906544 -0.8720241189 -0.4884744287 0.9539079070 0.1200559735 -0.2750386000 0.2984845936 -0.4745107591 0.8280981183
85.5 244.0 1867.0 0.5682185888 0.7985990047 0.1984118968 -0.5825262666 0.5606839657 -0.5884698033 -0.5811977386 0.2187993228 0.7837958932
203.7 122.9 1746.2 -0.5319344401 0.7985990047 0.2815766335 0.8275974989 0.5606839657 -0.0267566834 -0.1792433560 0.2187993228 -0.9591656327
-149.5 -148.5 1878.4 0.9909939170 0.0008850616 -0.1339038312 -0.0239478312 0.9850281477 -0.1707221121 0.1317479461 0.1723912805 0.9761781096
-149.8 -534.4 1810.9 0.9912782311 0.0000000000 -0.1317857355 0.0000000000 1.0000000000 0.0000000000 0.1317857355 0.0000000000 0.9912782311
30.7 -148.4 1894.1 0.9173116684 -0.0568077564 -0.3940966129 -0.0016411395 0.9892221689 -0.1464131474 0.3981665075 0.1349532604 0.9073318243
52.9 -535.9 1841.2 0.9173129201 0.0000000000 -0.3981670439 0.0000000000 1.0000000000 0.0000000000 0.3981670439 0.0000000000 0.9173129201
-225.4 -288.4 1768.9 0 0 0 0 0 0 0 0 0
68.4 333.3 1700.6 0 0 0 0 0 0 0 0 0
-149.8 -911.0 1810.9 0 0 0 0 0 0 0 0 0
52.9 -912.5 1841.2 0 0 0 0 0 0 0 0 0
-55.7 442.4 1837.6 7 0.9962338209 0.0059901765 -0.0865001976 0.0012505362 0.9965143800 0.0834116414 0.0866983458 -0.0832056701 0.9927538633
-56.9 244.2 1854.2 0.9962338209 0.0059901765 -0.0865001976 0.0012505362 0.9965143800 0.0834116414 0.0866983458 -0.0832056701 0.9927538633
-58.0 49.0 1869.2 0.9962323904 0.0056744236 -0.0865378752 0.0010071967 0.9970327616 0.0769719407 0.0867178664 -0.0767690986 0.9932706356
-198.9 244.1 1841.8 0.1331800520 -0.8680815697 -0.4782232046 0.9900800586 0.0947334543 0.1037644222 -0.0447722450 -0.4872986078 0.8720868826
-234.1 -17.9 1853.7 -0.0334969759 -0.8692588806 -0.4932209551 0.9536995888 0.1197836325 -0.2758784592 0.2988896072 -0.4796257317 0.8249995112
85.1 244.4 1866.5 0.5832611918 0.7847098708 0.2098494470 -0.5748176575 0.5812717676 -0.5759407878 -0.5739259720 0.2152987421 0.7900983691
207.1 124.1 1746.5 -0.5469974875 0.7847098708 0.2915890217 0.8127429485 0.5812717676 -0.0396495126 -0.2006058246 0.2152987421 -0.9557216167
-149.5 -146.4 1876.8 0.9899755716 0.0007355486 -0.1412365884 -0.0243068691 0.9859537482 -0.1652403921 0.1391312033 0.1670169830 0.9760880470
-149.7 -532.6 1811.4 0.9902681708 0.0000000000 -0.1391723305 0.0000000000 1.0000000000 0.0000000000 0.1391723305 0.0000000000 0.9902681708
30.8 -146.6 1891.1 0.9141340256 -0.0556066632 -0.4015804529 0.0025456739 0.9913165569 -0.1314723343 0.4054040909 0.1191610470 0.9063377976
52.5 -534.9 1844.4 0.9141370058 0.0000000000 -0.4054054022 0.0000000000 1.0000000000 0.0000000000 0.4054054022 0.0000000000 0.9141370058
-224.7 -286.6 1769.5 0 0 0 0 0 0 0 0 0
67.2 332.0 1695.2 0 0 0 0 0 0 0 0 0
-149.7 -909.3 1811.4 0 0 0 0 0 0 0 0 0
52.5 -911.6 1844.4 0 0 0 0 0 0 0 0 0
-55.9 443.3 1836.5 8 0.9964712858 0.0054847184 -0.0837548077 0.0018683681 0.9961659908 0.0874632224 0.0839134008 -0.0873110741 0.9926405549
-57.0 245.0 1853.8 0.9964712858 0.0054847184 -0.0837548077 0.0018683681 0.9961659908 0.0874632224 0.0839134008 -0.0873110741 0.9926405549
-58.0 49.7 1869.4 0.9964691401 0.0052130320 -0.0837979764 0.0014639219 0.9968401194 0.0794209167 0.0839472041 -0.0792631656 0.9933127761
-199.0 244.8 1841.9 0.1321645081 -0.8693107963 -0.4762681127 0.9902438521 0.0943906307 0.1025059298 -0.0441542678 -0.4851692319 0.8733047843
-234.1 -18.5 1853.6 -0.0295230877 -0.8705066442 -0.4912703335 0.9543159008 0.1216531545 -0.2729133368 0.2973374724 -0.4768843353 0.8271467686
85.0 245.2 1865.8 0.6007397175 0.7677341700 0.2229262441 -0.5650779605 0.6050351858 -0.5609093308 -0.5655074716 0.2109898031 0.7972983122
211.9 125.8 1746.3 -0.5640537143 0.7677341700 0.3040192127 0.7943591475 0.6050351858 -0.0540917590 -0.2254704237 0.2109898031 -0.9511290193
-149.2 -146.4 1876.4 0.9903617501 0.0026189222 -0.1384799331 -0.0250721313 0.9866933823 -0.1606471539 0.1362165213 0.1625707895 0.9772490859
-150.2 -532.9 1812.7 0.9906731844 0.0000000000 -0.1362593472 0.0000000000 1.0000000000 0.0000000000 0.1362593472 0.0000000000 0.9906731844
