117.7 488.8 2177.1 1 0.9954628348 -0.0878740028 0.0364956297 0.0844778046 0.9927071333 0.0860002562 -0.0437866598 -0.0825269818 0.9956264496
139.6 241.5 2197.6 0.9954628348 -0.0878740028 0.0364956297 0.0844778046 0.9927071333 0.0860002562 -0.0437866598 -0.0825269818 0.9956264496
133.6 42.9 2192.8 0.9987564683 0.0301296841 0.0397211909 -0.0291397665 0.9992558956 -0.0252694953 -0.0404529944 0.0240806043 0.9988912344
-6.3 245.7 2203.5 0.6484099627 -0.5504609346 -0.5258871317 0.2682276070 0.8116742969 -0.5188822746 0.7124735117 0.1953909695 0.6739464998
-123.3 197.3 2075.0 -0.8209607005 -0.5504609346 -0.1517113298 -0.5687923431 0.8116742969 0.1328915507 0.0499885753 0.1953909695 -0.9794506431
285.4 237.2 2191.7 0.5433716774 0.3194166720 0.7763505578 -0.8346616626 0.1064913943 0.5403698087 0.0899284557 -0.9416117072 0.3244692683
404.1 54.9 2211.4 -0.5362987518 0.3194166720 0.7812532783 -0.7989047766 0.1064913943 -0.5919550061 -0.2722770274 -0.9416117072 0.1980722994
33.9 -151.6 2194.0 0.9955094457 0.0396447927 0.0859608054 -0.0549283624 0.9814906120 0.1834639311 -0.0770963356 -0.1873617619 0.9792608023
18.2 -541.7 2268.4 0.9959282875 0.0400875583 0.0807458013 -0.0456019156 0.9966665506 0.0676482245 -0.0777647868 -0.0710549429 0.9944364429
216.9 -155.8 2181.7 0.9892694354 0.0827961415 -0.1203776225 -0.0705277026 0.9921949506 0.1028348058 0.1279523969 -0.0932413712 0.9873875976
184.0 -550.0 2218.8 0.9911636710 -0.0487716049 -0.1233529076 0.0572474115 0.9961676598 0.0661261752 0.1196551025 -0.0726035014 0.9901572466
86.5 342.7 2062.2 0 0 0 0 0 0 0 0 0
264.7 -152.6 2140.6 0 0 0 0 0 0 0 0 0
2.9 -922.5 2295.6 0 0 0 0 0 0 0 0 0
202.6 -929.8 2246.5 0 0 0 0 0 0 0 0 0
118.2 488.6 2175.4 2 0.9954127073 -0.0911637023 0.0290287249 0.0882033482 0.9919657111 0.0906871855 -0.0370628797 -0.0877107456 0.9954562783
140.9 241.5 2197.3 0.9954127073 -0.0911637023 0.0290287249 0.0882033482 0.9919657111 0.0906871855 -0.0370628797 -0.0877107456 0.9954562783
134.6 43.0 2192.9 0.9989713430 0.0317089371 0.0324169435 -0.0309785921 0.9992601871 -0.0227891933 -0.0331155844 0.0217615180 0.9992145896
-5.0 246.1 2202.1 0.6601852179 -0.5436988473 -0.5182152390 0.2696319818 0.8155034781 -0.5121061206 0.7010378838 0.1983574927 0.6849819422
-124.2 197.4 2075.5 -0.8225623369 -0.5436988473 -0.1666816324 -0.5647101402 0.8155034781 0.1267146319 0.0670348555 0.1983574927 -0.9778346419
286.8 237.0 2192.4 0.5254924297 0.3203277290 0.7881928086 -0.8462868333 0.1015230119 0.5229642987 0.0875002518 -0.9418509603 0.3244386911
403.1 49.7 2211.8 -0.5458191633 0.3203277290 0.7742555141 -0.7928356528 0.1015230119 -0.6009199023 -0.2710960507 -0.9418509603 0.1985540241
36.0 -153.0 2191.7 0.9958504438 0.0448259115 0.0791991577 -0.0589816533 0.9806660414 0.1865885854 -0.0693039224 -0.1904856265 0.9792405963
18.2 -542.7 2267.4 0.9966198802 0.0370664038 0.0733134821 -0.0421300828 0.9967423081 0.0687734857 -0.0705254599 -0.0716297328 0.9949348569
219.1 -158.3 2184.3 0.9879505634 0.0877151191 -0.1275134683 -0.0746445805 0.9917823076 0.1039039046 0.1355795413 -0.0931337327 0.9863793850
184.3 -552.4 2221.3 0.9900164604 -0.0478531979 -0.1325800419 0.0540832505 0.9975756407 0.0437933467 0.1301629543 -0.0505264923 0.9902043343
86.3 341.9 2058.4 0 0 0 0 0 0 0 0 0
261.2 -156.3 2141.4 0 0 0 0 0 0 0 0 0
4.0 -923.6 2294.8 0 0 0 0 0 0 0 0 0
202.5 -933.1 2240.6 0 0 0 0 0 0 0 0 0
118.1 487.6 2175.1 3 0.9951677322 -0.0942616463 0.0274942424 0.0914046764 0.9916234612 0.0912583321 -0.0358660966 -0.0883042440 0.9954476357
141.6 239.5 2197.2 0.9951677322 -0.0942616463 0.0274942424 0.0914046764 0.9916234612 0.0912583321 -0.0358660966 -0.0883042440 0.9954476357
133.5 41.0 2192.3 0.9986832738 0.0411561616 0.0306245219 -0.0403634198 0.9988449216 -0.0260689184 -0.0316620469 0.0247984827 0.9991909266
-4.2 245.4 2201.8 0.6600784659 -0.5411209464 -0.5210418105 0.2660869658 0.8170686364 -0.5114650726 0.7024914026 0.1989646703 0.6833146811
-123.9 197.1 2074.4 -0.8220360279 -0.5411209464 -0.1773272306 -0.5638260245 0.8170686364 0.1204119623 0.0797310844 0.1989646703 -0.9767578840
287.5 233.6 2192.6 0.5144107938 0.3287923932 0.7920082808 -0.8530882597 0.1021795645 0.5116637349 0.0873040706 -0.9388582706 0.3330511749
401.3 44.9 2211.9 -0.5576473475 0.3287923932 0.7621843815 -0.7813117504 0.1021795645 -0.6157201529 -0.2803237736 -0.9388582706 0.1999091804
36.7 -152.8 2191.6 0.9957340360 0.0466588698 0.0796030983 -0.0608512275 0.9805862904 0.1864072084 -0.0693601593 -0.1904559433 0.9792423844
18.1 -542.5 2267.3 0.9964762330 0.0406040028 0.0733922049 -0.0455297269 0.9967312217 0.0667375103 -0.0704424903 -0.0698438734 0.9950676560
219.9 -158.4 2185.6 0.9874964356 0.0904851779 -0.1290860474 -0.0789977685 0.9926664829 0.0915016830 0.1364189535 -0.0801600739 0.9874027967
183.9 -552.9 2217.4 0.9903215170 -0.0501827225 -0.1294022650 0.0618807375 0.9941944480 0.0880235061 0.1242337525 -0.0951790810 0.9876775146
85.9 341.0 2054.1 0 0 0 0 0 0 0 0 0
256.4 -158.1 2139.0 0 0 0 0 0 0 0 0 0
2.6 -923.3 2294.0 0 0 0 0 0 0 0 0 0
203.0 -932.2 2253.7 0 0 0 0 0 0 0 0 0
118.2 487.9 2174.9 4 0.9940672517 -0.0967667848 0.0496641211 0.0919389799 0.9915336967 0.0916959047 -0.0581167676 -0.0865858197 0.9945477843
142.6 238.3 2196.7 0.9940672517 -0.0967667848 0.0496641211 0.0919389799 0.9915336967 0.0916959047 -0.0581167676 -0.0865858197 0.9945477843
133.5 39.8 2192.3 0.9975626469 0.0458040871 0.0526383258 -0.0445661992 0.9987070560 -0.0244553816 -0.0536904261 0.0220498852 0.9983141422
-3.1 244.8 2204.6 0.6547778249 -0.5397923589 -0.5290465355 0.2591899633 0.8178802729 -0.5137046576 0.7099905014 0.1992388666 0.6754386425
-123.7 197.1 2073.8 -0.8218070865 -0.5397923589 -0.1823660433 -0.5632749796 0.8178802729 0.1174444035 0.0857580006 0.1992388666 -0.9761912823
288.2 231.8 2188.9 0.5029498935 0.3545570970 0.7882453203 -0.8576609492 0.0917787850 0.5059588552 0.1070470959 -0.9305191636 0.3502499163
401.1 39.3 2212.9 -0.5804530978 0.3545570970 0.7330507636 -0.7585926056 0.0917787850 -0.6450689435 -0.2959922850 -0.9305191636 0.2156911194
33.7 -153.8 2190.2 0.9940125346 0.0378431082 0.1025035679 -0.0577299930 0.9783741236 0.1986235082 -0.0927703083 -0.2033517957 0.9747008085
18.7 -542.6 2271.0 0.9945510030 0.0407451987 0.0959587619 -0.0461835116 0.9974093437 0.0551509447 -0.0934630334 -0.0592821389 0.9938562512
216.9 -161.2 2184.4 0.9907906055 0.0836012587 -0.1065119430 -0.0733129159 0.9925706983 0.0971009359 0.1138383970 -0.0883979946 0.9895588160
183.6 -555.6 2219.5 0.9924530387 -0.0561057739 -0.1090373397 0.0635956675 0.9957596064 0.0664712414 0.1048455536 -0.0729038864 0.9918127060
85.6 340.5 2052.0 0 0 0 0 0 0 0 0 0
250.4 -157.7 2136.0 0 0 0 0 0 0 0 0 0
3.1 -923.7 2293.7 0 0 0 0 0 0 0 0 0
205.1 -935.7 2247.4 0 0 0 0 0 0 0 0 0
119.2 487.4 2175.3 5 0.9945530891 -0.0973736942 0.0371825807 0.0934637114 0.9910424948 0.0953900814 -0.0461379997 -0.0913952738 0.9947453141
143.5 239.8 2198.2 0.9945530891 -0.0973736942 0.0371825807 0.0934637114 0.9910424948 0.0953900814 -0.0461379997 -0.0913952738 0.9947453141
134.9 41.3 2193.8 0.9982391000 0.0434179157 0.0404175743 -0.0424745306 0.9988113046 -0.0239144769 -0.0414078496 0.0221556481 0.9988966584
-2.3 246.0 2204.2 0.6615966558 -0.5398489833 -0.5204353333 0.2645495236 0.8174558282 -0.5116439462 0.7016433477 0.2008210123 0.6836428046
-124.2 197.2 2074.9 -0.8226889372 -0.5398489833 -0.1781740040 -0.5628799200 0.8174558282 0.1221973971 0.0796812326 0.2008210123 -0.9763820171
289.3 233.6 2192.1 0.5069774389 0.3534115851 0.7861769199 -0.8560805321 0.1001048684 0.5070554018 0.1004991084 -0.9300963879 0.3532996774
403.6 40.6 2214.8 -0.5754263997 0.3534115851 0.7375531793 -0.7606419921 0.1001048684 -0.6414068937 -0.3005132973 -0.9300963879 0.2112166882
32.9 -154.5 2192.9 0.9953158498 0.0363444537 0.0895850733 -0.0525518358 0.9811806679 0.1858032495 -0.0811462179 -0.1896407753 0.9784945846
18.5 -544.4 2268.3 0.9953313470 0.0453053527 0.0852228850 -0.0522121899 0.9953746200 0.0806430578 -0.0811751336 -0.0847162306 0.9930930138
215.8 -162.7 2183.1 0.9894428849 0.0827400163 -0.1189827472 -0.0714847445 0.9928166270 0.0959432274 0.1260663867 -0.0864248946 0.9882499576
182.9 -557.3 2217.4 0.9908618331 -0.0599584617 -0.1208214685 0.0691637024 0.9948946834 0.0734912157 0.1157982126 -0.0811761022 0.9899501204
85.7 340.9 2054.6 0 0 0 0 0 0 0 0 0
254.1 -156.9 2136.7 0 0 0 0 0 0 0 0 0
1.1 -924.7 2300.6 0 0 0 0 0 0 0 0 0
205.8 -937.3 2248.4 0 0 0 0 0 0 0 0 0
118.9 486.4 2175.6 6 0.9951003790 -0.0926041827 0.0346367210 0.0888570622 0.9912695885 0.0974113941 -0.0433550291 -0.0938563943 0.9946413040
141.9 239.9 2198.9 0.9951003790 -0.0926041827 0.0346367210 0.0888570622 0.9912695885 0.0974113941 -0.0433550291 -0.0938563943 0.9946413040
133.9 41.4 2193.9 0.9984704256 0.0402550474 0.0378997028 -0.0392602496 0.9988739491 -0.0266366359 -0.0389292873 0.0251079407 0.9989264607
-3.9 245.6 2204.6 0.6594907641 -0.5401995778 -0.5227392316 0.2624111772 0.8170915246 -0.5133242607 0.7044233680 0.2013600022 0.6806187630
-123.8 197.9 2076.6 -0.8296037912 -0.5401995778 -0.1412161440 -0.5572223067 0.8170915246 0.1478672326 0.0355086923 0.2013600022 -0.9788734913
287.8 234.1 2193.2 0.5066325665 0.3664962947 0.7803870440 -0.8561890721 0.1075104773 0.5053531528 0.1013102755 -0.9241871834 0.3682584167
402.9 39.5 2216.2 -0.5828680396 0.3664962947 0.7252208591 -0.7477049828 0.1075104773 -0.6552700400 -0.3181228638 -0.9241871834 0.2113666832
34.7 -153.3 2193.2 0.9953975677 0.0412677117 0.0864911005 -0.0566629283 0.9813104272 0.1838998795 -0.0772854909 -0.1879543215 0.9791323543
18.3 -543.2 2267.9 0.9956715703 0.0453531593 0.0811250284 -0.0509981401 0.9963177443 0.0689212903 -0.0777005032 -0.0727601945 0.9943181276
217.8 -161.1 2185.6 0.9888026118 0.0851190537 -0.1225728393 -0.0751241818 0.9936313629 0.0839825496 0.1289407313 -0.0738339797 0.9888998270
184.0 -555.9 2214.9 0.9911118746 -0.0541213006 -0.1215243414 0.0660185367 0.9931790233 0.0961092487 0.1154938638 -0.1032778770 0.9879245162
88.8 340.7 2067.5 0 0 0 0 0 0 0 0 0
251.5 -154.7 2133.6 0 0 0 0 0 0 0 0 0
1.0 -923.9 2295.7 0 0 0 0 0 0 0 0 0
204.6 -935.3 2254.4 0 0 0 0 0 0 0 0 0
118.2 487.0 2175.2 7 0.9956327677 -0.0816408545 0.0452783778 0.0769400224 0.9922752976 0.0973134860 -0.0528733730 -0.0934047773 0.9942232966
138.5 240.6 2198.4 0.9956327677 -0.0816408545 0.0452783778 0.0769400224 0.9922752976 0.0973134860 -0.0528733730 -0.0934047773 0.9942232966
131.2 42.1 2193.9 0.9981670380 0.0368499272 0.0480072387 -0.0357286893 0.9990730882 -0.0240082983 -0.0488474444 0.0222490560 0.9985584021
-7.3 245.8 2205.5 0.6476837397 -0.5445239544 -0.5329159498 0.2673961520 0.8174110055 -0.5102338195 0.7134459019 0.1879704744 0.6750274301
-123.0 198.1 2078.0 -0.8313414454 -0.5445239544 -0.1111983210 -0.5557007790 0.8174110055 0.1517757624 0.0082491916 0.1879704744 -0.9821400642
284.3 235.4 2191.2 0.5227071047 0.3670653403 0.7694415450 -0.8453112245 0.1060972735 0.5236337781 0.1105721593 -0.9241246581 0.3657422662
404.8 40.6 2216.7 -0.5913091898 0.3670653403 0.7180643678 -0.7402982116 0.1060972735 -0.6638538241 -0.3198624253 -0.9241246581 0.2090015262
34.4 -153.5 2192.5 0.9946547747 0.0396766625 0.0953288749 -0.0563273057 0.9822549224 0.1788925529 -0.0865393952 -0.1833059639 0.9792394042
18.6 -543.9 2265.4 0.9947060347 0.0455546379 0.0921122655 -0.0552238785 0.9929051995 0.1053072736 -0.0866615102 -0.1098365784 0.9901644588
217.5 -160.7 2185.4 0.9903413653 0.0812716037 -0.1123337895 -0.0708678216 0.9930751920 0.0936982185 0.1191709042 -0.0848323703 0.9892430305
185.2 -555.4 2219.1 0.9926605225 -0.0399589390 -0.1141418591 0.0482955277 0.9962900281 0.0712304264 0.1108721048 -0.0762201771 0.9909076095
91.1 341.2 2075.9 0 0 0 0 0 0 0 0 0
251.1 -151.8 2133.6 0 0 0 0 0 0 0 0 0
1.2 -923.0 2307.3 0 0 0 0 0 0 0 0 0
200.4 -935.8 2248.2 0 0 0 0 0 0 0 0 0
117.5 487.5 2174.5 8 0.9956483245 -0.0774829760 0.0517761558 0.0720320344 0.9923832417 0.0999346226 -0.0591250211 -0.0957701951 0.9936459661
136.9 238.6 2198.5 0.9956483245 -0.0774829760 0.0517761558 0.0720320344 0.9923832417 0.0999346226 -0.0591250211 -0.0957701951 0.9936459661
132.0 40.0 2194.6 0.9981796741 0.0248286817 0.0549620502 -0.0237281509 0.9995064735 -0.0205863696 -0.0554460585 0.0192447472 0.9982761741
-8.9 242.1 2206.6 0.6118640900 -0.5681521893 -0.5502958298 0.2520409822 0.7995106578 -0.5452138186 0.7497317791 0.1948996335 0.6323894858
-117.3 197.4 2073.7 -0.8151971102 -0.5681521893 -0.1125025004 -0.5791834593 0.7995106578 0.1591517478 -0.0004754714 0.1948996335 -0.9808230996
282.7 235.1 2190.4 0.5403026938 0.3671441972 0.7571513653 -0.8329002261 0.1052441522 0.5433239341 0.1197924688 -0.9241908789 0.3626581728
405.9 45.3 2217.7 -0.5873411298 0.3671441972 0.7212736011 -0.7442162633 0.1052441522 -0.6595951915 -0.3180763721 -0.9241908789 0.2114204615
32.3 -153.2 2194.0 0.9943571687 0.0368207060 0.0994888693 -0.0540908426 0.9827398062 0.1769086719 -0.0912577659 -0.1812918484 0.9791860580
17.7 -543.7 2266.0 0.9948823452 0.0309908967 0.0961697772 -0.0403085612 0.9945154786 0.0965100452 -0.0926513970 -0.0998926088 0.9906750917
215.4 -159.7 2185.0 0.9913069010 0.0755412579 -0.1077224538 -0.0667248219 0.9942942262 0.0832274258 0.1133949161 -0.0753161609 0.9906911850
185.4 -554.9 2215.0 0.9940345287 -0.0255967621 -0.1060198396 0.0368172340 0.9937620759 0.1052681133 0.1026639789 -0.1085434929 0.9887762070
93.3 347.1 2073.8 0 0 0 0 0 0 0 0 0
253.3 -148.1 2135.0 0 0 0 0 0 0 0 0 0
5.8 -923.6 2304.2 0 0 0 0 0 0 0 0 0
195.1 -934.3 2256.4 0 0 0 0 0 0 0 0 0
119.8 487.4 2180.6 9 0.9968480468 -0.0604739673 0.0513510257 0.0564932376 0.9955274463 0.0757203996 -0.0557004698 -0.0725807473 0.9958059788
135.0 238.3 2198.8 0.9968480468 -0.0604739673 0.0513510257 0.0564932376 0.9955274463 0.0757203996 -0.0557004698 -0.0725807473 0.9958059788
130.9 39.7 2194.5 0.9983683825 0.0204233602 0.0533245280 -0.0192412753 0.9995597005 -0.0225878824 -0.0537623689 0.0215249956 0.9983217120
-10.9 241.1 2206.6 0.5935240984 -0.5662651658 -0.5719028711 0.2412367910 0.8030998707 -0.5448260903 0.7678111196 0.1854033917 0.6132631302
-115.7 198.5 2071.1 -0.8167093992 -0.5662651658 -0.1110386103 -0.5770271420 0.8030998707 0.1485609263 0.0050502149 0.1854033917 -0.9826495051
280.8 235.5 2190.9 0.5715485215 0.3551507294 0.7397298217 -0.8103735447 0.1026378646 0.5768536925 0.1289457232 -0.9291573763 0.3464672863
407.9 55.3 2219.6 -0.5549318790 0.3551507294 0.7522755861 -0.7767238617 0.1026378646 -0.6214221716 -0.2979105115 -0.9291573763 0.2188970149
35.5 -156.4 2195.9 0.9943288565 0.0438948870 0.0968676805 -0.0600941442 0.9833954573 0.1712367535 -0.0877428204 -0.1760868281 0.9804563522
18.1 -547.2 2265.9 0.9950106144 0.0363275185 0.0929200500 -0.0446934141 0.9949747324 0.0895981267 -0.0891982242 -0.0933040082 0.9916340113
218.6 -160.8 2185.7 0.9901513457 0.0863562822 -0.1101946384 -0.0782904327 0.9940643907 0.0755420327 0.1160641015 -0.0661708638 0.9910351038
184.3 -555.8 2212.0 0.9926183224 -0.0554458089 -0.1078639328 0.0665158704 0.9925686121 0.1018978506 0.1014125496 -0.1083203331 0.9889298081
96.2 348.2 2069.8 0 0 0 0 0 0 0 0 0
263.9 -146.3 2142.3 0 0 0 0 0 0 0 0 0
4.2 -927.4 2301.5 0 0 0 0 0 0 0 0 0
205.4 -934.8 2253.4 0 0 0 0 0 0 0 0 0
120.8 487.7 2177.2 0 0.9977372289 -0.0514869988 0.0432373658 0.0473500937 0.9946520925 0.0917886496 -0.0477320589 -0.0895336568 0.9948393703
133.7 238.8 2199.6 0.9977372289 -0.0514869988 0.0432373658 0.0473500937 0.9946520925 0.0917886496 -0.0477320589 -0.0895336568 0.9948393703
131.5 40.1 2194.8 0.9989001751 0.0108765662 0.0456083901 -0.0097593321 0.9996485710 -0.0246477835 -0.0458604433 0.0241755676 0.9986552596
-12.2 240.2 2206.3 0.5812984109 -0.5694999099 -0.5811729431 0.2361886650 0.8015872240 -0.5492475033 0.7786572576 0.1820102036 0.6004707813
-114.5 198.7 2069.3 -0.8118197322 -0.5694999099 -0.1289128810 -0.5832172632 0.8015872240 0.1315882951 0.0283953920 0.1820102036 -0.9828865528
279.6 237.4 2192.9 0.5758760571 0.3489900827 0.7393055558 -0.8079723716 0.1050305292 0.5797837973 0.1246891320 -0.9312220812 0.3424589038
407.9 57.3 2220.7 -0.5470227003 0.3489900827 0.7609021664 -0.7840051055 0.1050305292 -0.6118043661 -0.2934316099 -0.9312220812 0.2161559165
35.3 -157.2 2195.1 0.9950325489 0.0470617749 0.0877237320 -0.0619483590 0.9825158715 0.1755703837 -0.0779273063 -0.1801325828 0.9805506468
16.6 -547.7 2266.7 0.9960906506 0.0287642349 0.0835223198 -0.0365753882 0.9949423671 0.0935516283 -0.0804089606 -0.0962407663 0.9921048880
218.4 -160.7 2185.3 0.9894771576 0.0834575891 -0.1181939170 -0.0744140446 0.9940956831 0.0789704919 0.1240867525 -0.0693442076 0.9898453951
185.2 -555.8 2212.8 0.9927481413 -0.0361048765 -0.1146629974 0.0498948954 0.9915468693 0.1197717413 0.1093693897 -0.1246242672 0.9861577749
96.2 350.0 2062.0 0 0 0 0 0 0 0 0 0
265.9 -146.3 2144.5 0 0 0 0 0 0 0 0 0
5.6 -927.8 2303.5 0 0 0 0 0 0 0 0 0
199.0 -934.4 2260.4 0 0 0 0 0 0 0 0 0
120.2 489.0 2182.0 1 0.9982561469 -0.0493631512 0.0323714167 0.0467570126 0.9959461689 0.0768444464 -0.0360334702 -0.0751968548 0.9965174198
132.5 240.5 2200.7 0.9982561469 -0.0493631512 0.0323714167 0.0467570126 0.9959461689 0.0768444464 -0.0360334702 -0.0751968548 0.9965174198
131.7 41.9 2195.6 0.9993894696 0.0038966320 0.0347202793 -0.0029856588 0.9996509552 -0.0262508187 -0.0348104462 0.0261311289 0.9990522265
-13.5 240.9 2205.8 0.5731674433 -0.5690013170 -0.5896749496 0.2368153036 0.8039227128 -0.5455518365 0.7844728231 0.1730484962 0.5955305099
-114.0 199.4 2068.3 -0.8108848929 -0.5690013170 -0.1367596537 -0.5835104585 0.8039227128 0.1149951369 0.0445118025 0.1730484962 -0.9839069843
278.5 240.1 2195.7 0.5825245976 0.3447273672 0.7360897660 -0.8039752245 0.1111887097 0.5841754079 0.1195363700 -0.9320944548 0.3419224024
408.5 60.7 2222.3 -0.5331237316 0.3447273672 0.7726203203 -0.7940875292 0.1111887097 -0.5975466967 -0.2918973565 -0.9320944548 0.2144663632
37.7 -157.6 2194.2 0.9957464337 0.0512858555 0.0765426308 -0.0652050525 0.9791937470 0.1921662241 -0.0650946647 -0.1963398010 0.9783728123
17.4 -546.7 2272.2 0.9970738888 0.0321989618 0.0693319216 -0.0367216542 0.9972108006 0.0649779886 -0.0670463219 -0.0673338398 0.9954752326
221.0 -159.4 2185.8 0.9874559641 0.0903832838 -0.1294663399 -0.0806362554 0.9936352968 0.0786556974 0.1357514858 -0.0672293529 0.9884592891
185.0 -554.3 2212.5 0.9917790890 -0.0267771445 -0.1251286864 0.0424992554 0.9912812114 0.1247211471 0.1206980348 -0.1290137023 0.9842700362
95.9 350.4 2056.8 0 0 0 0 0 0 0 0 0
270.0 -145.6 2146.5 0 0 0 0 0 0 0 0 0
5.1 -927.6 2297.9 0 0 0 0 0 0 0 0 0
195.3 -932.9 2261.8 0 0 0 0 0 0 0 0 0
123.9 464.3 2194.7 2 0.9990559220 -0.0326769873 0.0286255535 0.0317858905 0.9990122914 0.0310502555 -0.0296119098 -0.0301110540 0.9991078377
131.2 240.7 2201.4 0.9990559220 -0.0326769873 0.0286255535 0.0317858905 0.9990122914 0.0310502555 -0.0296119098 -0.0301110540 0.9991078377
132.0 42.0 2196.2 0.9995521307 -0.0038724313 0.0296729729 0.0046513584 0.9996452332 -0.0262264851 -0.0295608845 0.0263527595 0.9992155433
-14.8 240.0 2205.7 0.5775426626 -0.5683043599 -0.5860670805 0.2778686583 0.8118848801 -0.5134510398 0.7676154375 0.1336902082 0.6268121600
-116.9 190.9 2070.1 -0.8132803440 -0.5683043599 -0.1249208078 -0.5789201856 0.8118848801 0.0754610971 0.0585364439 0.1336902082 -0.9892928600
277.2 241.3 2197.1 0.5765004158 0.3537354171 0.7365585566 -0.8067343831 0.1033046022 0.5818141699 0.1297183931 -0.9296232462 0.3449257016
408.0 58.3 2226.5 -0.5336922407 0.3537354171 0.7681431174 -0.7939239740 0.1033046022 -0.5991768241 -0.2913028002 -0.9296232462 0.2257061750
39.3 -156.5 2193.6 0.9958415627 0.0585700050 0.0697794631 -0.0708806887 0.9793056846 0.1895685941 -0.0572323948 -0.1937263012 0.9793847799
16.0 -545.7 2270.6 0.9977286458 0.0242832880 0.0628317893 -0.0292554516 0.9964082837 0.0794651061 -0.0606764369 -0.0811227858 0.9948555231
222.6 -157.0 2187.2 0.9863994122 0.0932921767 -0.1353247315 -0.0834601000 0.9935622811 0.0766053274 0.1416002214 -0.0642692372 0.9878354073
185.5 -551.9 2212.7 0.9910715818 -0.0271067806 -0.1305464804 0.0436572284 0.9911152124 0.1256372184 0.1259809881 -0.1302147657 0.9834495187
92.9 340.2 2055.0 0 0 0 0 0 0 0 0 0
269.3 -147.9 2150.8 0 0 0 0 0 0 0 0 0
6.7 -926.3 2301.5 0 0 0 0 0 0 0 0 0
195.9 -930.6 2262.5 0 0 0 0 0 0 0 0 0
128.2 448.3 2201.0 3 0.9995359182 -0.0142912809 0.0269026626 0.0142831653 0.9998978972 0.0004938381 -0.0269069728 -0.0001093537 0.9996379614
131.2 237.0 2201.0 0.9995359182 -0.0142912809 0.0269026626 0.0142831653 0.9998978972 0.0004938381 -0.0269069728 -0.0001093537 0.9996379614
131.0 38.4 2195.1 0.9996318817 0.0012795732 0.0271012504 -0.0004655301 0.9995491505 -0.0300221406 -0.0271274466 0.0299984720 0.9991817474
-14.8 237.1 2205.0 0.5817629695 -0.5727064013 -0.5775458813 0.3032986522 0.8116109967 -0.4992969930 0.7546931505 0.1153036281 0.6458663344
-118.0 183.3 2071.1 -0.8138234615 -0.5727064013 -0.0984824300 -0.5798040032 0.8116109967 0.0715181231 0.0389705375 0.1153036281 -0.9925655723
277.3 237.0 2197.1 0.5860557556 0.3498147130 0.7308681607 -0.7985500693 0.0964905769 0.5941441655 0.1373184770 -0.9318364859 0.3358934224
407.8 59.0 2227.7 -0.5294901133 0.3498147130 0.7728323936 -0.8002020717 0.0964905769 -0.5919173956 -0.2816324532 -0.9318364859 0.2288316637
41.1 -157.0 2193.7 0.9958617091 0.0600422658 0.0682234690 -0.0716606453 0.9804718494 0.1831384152 -0.0558951460 -0.1872694641 0.9807170033
17.2 -546.7 2268.1 0.9975157976 0.0319587588 0.0627760589 -0.0380085558 0.9944927096 0.0976707637 -0.0593088977 -0.0998141542 0.9932368994
224.4 -156.2 2188.2 0.9856284261 0.0991376340 -0.1367783397 -0.0888704360 0.9928857684 0.0792458802 0.1436615139 -0.0659514442 0.9874268174
185.0 -550.8 2214.5 0.9906614423 -0.0233201087 -0.1343356818 0.0374030061 0.9939484000 0.1032840461 0.1311141402 -0.1073440835 0.9855386019
92.8 333.5 2061.1 0 0 0 0 0 0 0 0 0
270.3 -148.9 2154.5 0 0 0 0 0 0 0 0 0
5.0 -926.6 2306.2 0 0 0 0 0 0 0 0 0
193.9 -930.5 2255.5 0 0 0 0 0 0 0 0 0
126.1 443.0 2203.1 4 0.9994592071 -0.0169774182 0.0281607583 0.0172592513 0.9998030663 -0.0097953072 -0.0279889125 0.0102760438 0.9995554090
129.6 238.0 2201.0 0.9994592071 -0.0169774182 0.0281607583 0.0172592513 0.9998030663 -0.0097953072 -0.0279889125 0.0102760438 0.9995554090
131.4 39.4 2195.9 0.9995546341 -0.0092719868 0.0283652805 0.0099927280 0.9996280670 -0.0253739338 -0.0281194653 0.0256460793 0.9992755055
-16.4 236.5 2205.2 0.5762271881 -0.5756413341 -0.5801717043 0.3200799227 0.8121154904 -0.4878701866 0.7520046830 0.0954227522 0.6522142887
-118.4 179.9 2072.1 -0.8144741654 -0.5756413341 -0.0725869313 -0.5798104405 0.8121154904 0.0654853135 0.0212529134 0.0954227522 -0.9952099323
275.6 239.4 2196.9 0.5849378109 0.3383569419 0.7371311784 -0.7997480035 0.0892315060 0.5936673284 0.1350961477 -0.9367776513 0.3227951527
408.1 58.2 2227.5 -0.5247563720 0.3383569419 0.7811180353 -0.8084456325 0.0892315060 -0.5817674994 -0.2665454149 -0.9367776513 0.2267183810
39.0 -160.2 2191.6 0.9964584708 0.0503147803 0.0673713535 -0.0623929314 0.9795528054 0.1912679821 -0.0563701950 -0.1947941035 0.9792230129
19.0 -549.4 2269.0 0.9969127178 0.0486709140 0.0616127364 -0.0538595952 0.9948759079 0.0855634660 -0.0571325719 -0.0886177495 0.9944258332
222.4 -160.3 2186.6 0.9863136411 0.0933099911 -0.1359363496 -0.0814798772 0.9925900698 0.0901440978 0.1433404088 -0.0778342709 0.9866080284
185.3 -554.7 2217.6 0.9907025695 -0.0190375671 -0.1347069442 0.0331206545 0.9941203594 0.1030910760 0.1319523156 -0.1065941826 0.9855081439
93.1 330.5 2066.6 0 0 0 0 0 0 0 0 0
271.8 -151.8 2158.3 0 0 0 0 0 0 0 0 0
0.5 -929.5 2302.9 0 0 0 0 0 0 0 0 0
192.6 -934.5 2258.3 0 0 0 0 0 0 0 0 0
133.0 441.0 2202.7 5 0.9998680353 -0.0021958929 0.0160970446 0.0023612017 0.9999446273 -0.0102577023 -0.0160736274 0.0102943564 0.9998177886
133.4 239.0 2200.6 0.9998680353 -0.0021958929 0.0160970446 0.0023612017 0.9999446273 -0.0102577023 -0.0160736274 0.0102943564 0.9998177886
133.1 40.4 2197.0 0.9998687506 0.0018388927 0.0160984155 -0.0015500063 0.9998378754 -0.0179391429 -0.0161287934 0.0179118346 0.9997094870
-12.6 239.3 2203.0 0.5812287331 -0.5878417492 -0.5626857281 0.3575989604 0.8056492805 -0.4722840488 0.7309556603 0.0732892305 0.6784781218
-116.3 175.4 2072.5 -0.8068528771 -0.5878417492 -0.0585703328 -0.5904471874 0.8056492805 0.0479722396 0.0189870596 0.0732892305 -0.9971299767
279.5 238.8 2198.2 0.5882918239 0.3398969471 0.7337456942 -0.7966074944 0.0875901803 0.5981174111 0.1390293539 -0.9363749623 0.3222930729
408.4 64.3 2228.7 -0.4975211024 0.3398969471 0.7980870008 -0.8281757236 0.0875901803 -0.5535818934 -0.2580654025 -0.9363749623 0.2379164398
41.6 -160.2 2193.4 0.9964323640 0.0621918067 0.0570501313 -0.0718208328 0.9798784852 0.1862255484 -0.0443204902 -0.1896585524 0.9808492661
16.9 -549.6 2268.8 0.9980938435 0.0360562541 0.0500863194 -0.0400220901 0.9959446192 0.0805763006 -0.0469779186 -0.0824272707 0.9954892397
224.9 -158.4 2188.3 0.9834955931 0.1041944474 -0.1479187906 -0.0918627679 0.9918844104 0.0879010633 0.1558771431 -0.0728620738 0.9850854874
183.5 -552.5 2217.2 0.9882737994 -0.0391017050 -0.1476007551 0.0529254489 0.9944506884 0.0909217373 0.1432264745 -0.0976674035 0.9848589897
93.4 328.9 2067.6 0 0 0 0 0 0 0 0 0
279.2 -150.8 2161.7 0 0 0 0 0 0 0 0 0
3.1 -930.1 2300.3 0 0 0 0 0 0 0 0 0
198.5 -932.4 2254.5 0 0 0 0 0 0 0 0 0
131.5 440.4 2203.4 6 0.9997687340 -0.0044610715 0.0210372731 0.0047365548 0.9999034405 -0.0130634168 -0.0209769662 0.0131600397 0.9996933341
132.4 240.0 2200.8 0.9997687340 -0.0044610715 0.0210372731 0.0047365548 0.9999034405 -0.0130634168 -0.0209769662 0.0131600397 0.9996933341
132.9 41.3 2197.4 0.9997754097 -0.0024587763 0.0210506357 0.0028153232 0.9998527765 -0.0169247370 -0.0210059229 0.0169801991 0.9996351600
-13.6 239.6 2203.8 0.5408414006 -0.6102720499 -0.5788424015 0.3850358725 0.7914682031 -0.4746845961 0.7478221059 0.0338540077 0.6630354524
-112.2 169.4 2067.6 -0.7918833494 -0.6102720499 -0.0221071616 -0.6106696725 0.7914682031 0.0257030707 0.0018112499 0.0338540077 -0.9994251728
278.4 240.4 2197.7 0.5706844330 0.3486029208 0.7435020208 -0.8093642592 0.0858099461 0.5810044408 0.1387399882 -0.9333341718 0.3311171532
406.5 58.8 2228.8 -0.5054684281 0.3486029208 0.7892893553 -0.8213660121 0.0858099461 -0.5639100075 -0.2643095553 -0.9333341718 0.2429563701
41.0 -158.1 2194.9 0.9965194464 0.0575400554 0.0603169948 -0.0673320442 0.9821824431 0.1754539907 -0.0491466597 -0.1789045781 0.9826381803
18.1 -548.5 2266.0 0.9972880483 0.0476178639 0.0561169013 -0.0533683039 0.9929458499 0.1058791876 -0.0506793037 -0.1085869074 0.9927942753
224.4 -158.4 2192.0 0.9842965603 0.1012355611 -0.1446086913 -0.0907755271 0.9928743839 0.0772025213 0.1513939053 -0.0628632382 0.9864725471
184.1 -553.0 2217.0 0.9896243215 -0.0247587822 -0.1415300369 0.0401195697 0.9934779406 0.1067335159 0.1379643679 -0.1113042012 0.9841632247
93.1 327.8 2067.1 0 0 0 0 0 0 0 0 0
275.2 -154.6 2160.2 0 0 0 0 0 0 0 0 0
-0.0 -927.7 2307.5 0 0 0 0 0 0 0 0 0
193.6 -932.5 2259.5 0 0 0 0 0 0 0 0 0
130.1 440.5 2202.5 7 0.9996272922 -0.0061353617 0.0266014840 0.0064508528 0.9999096990 -0.0117903445 -0.0265267435 0.0119575523 0.9995765686
131.4 240.8 2200.1 0.9996272922 -0.0061353617 0.0266014840 0.0064508528 0.9999096990 -0.0117903445 -0.0265267435 0.0119575523 0.9995765686
132.4 42.1 2197.4 0.9996326566 -0.0051319739 0.0266123246 0.0054984041 0.9998908639 -0.0137143508 -0.0265390389 0.0138556380 0.9995517731
-14.7 240.0 2204.0 0.5257675648 -0.6169975996 -0.5855616331 0.4009673595 0.7868759036 -0.4690964818 0.7501957417 0.0118446387 0.6611097455
-110.1 167.2 2067.8 -0.7866957784 -0.6169975996 -0.0205840673 -0.6171103120 0.7868759036 -0.0010906397 0.0168700274 0.0118446387 -0.9997875094
277.4 241.6 2196.3 0.5649318099 0.3567810953 0.7440156341 -0.8125339150 0.0835426450 0.5768962502 0.1436686367 -0.9304450154 0.3370926380
406.2 56.4 2229.0 -0.5188242793 0.3567810953 0.7768710256 -0.8105484247 0.0835426450 -0.5796825886 -0.2717216611 -0.9304450154 0.2458443791
41.7 -157.6 2195.9 0.9962140322 0.0575734116 0.0651377663 -0.0682997108 0.9818908572 0.1767074019 -0.0537845269 -0.1804872751 0.9821056724
18.8 -547.9 2267.6 0.9969561100 0.0499122813 0.0598934852 -0.0552357994 0.9943365455 0.0907955840 -0.0550224669 -0.0938274786 0.9940668941
225.0 -157.1 2192.1 0.9848130345 0.1042699292 -0.1388202161 -0.0929963142 0.9919994473 0.0853746235 0.1466115862 -0.0711682737 0.9866306782
183.6 -551.3 2220.3 0.9889227152 -0.0444006957 -0.1416348666 0.0530750714 0.9969009161 0.0580651499 0.1386177987 -0.0649392307 0.9882145524
93.3 326.8 2063.4 0 0 0 0 0 0 0 0 0
271.4 -154.2 2158.4 0 0 0 0 0 0 0 0 0
-0.3 -927.7 2303.5 0 0 0 0 0 0 0 0 0
200.6 -931.8 2245.1 0 0 0 0 0 0 0 0 0
130.3 466.8 2188.1 8 0.9992094636 -0.0122080389 0.0378340147 0.0105986353 0.9990423322 0.0424509794 -0.0383160263 -0.0420164317 0.9983819127
133.1 238.6 2197.7 0.9992094636 -0.0122080389 0.0378340147 0.0105986353 0.9990423322 0.0424509794 -0.0383160263 -0.0420164317 0.9983819127
132.8 40.0 2192.9 0.9992691875 0.0016793760 0.0381865911 -0.0007445599 0.9997000098 -0.0244812742 -0.0382162482 0.0244349521 0.9989706874
-12.8 238.7 2203.3 0.5377855301 -0.6142386198 -0.5774925351 0.3931129873 0.7886508107 -0.4727495015 0.7458209395 0.0272180233 0.6655901670
-110.6 167.2 2067.7 -0.7877278924 -0.6142386198 -0.0468579978 -0.6148380637 0.7886508107 -0.0020210762 0.0381960198 0.0272180233 -0.9988995194
279.1 238.5 2192.2 0.5654364824 0.3721368909 0.7360677719 -0.8092027307 0.0776074976 0.5823813081 0.1596012115 -0.9249276519 0.3450163007
406.7 55.9 2228.2 -0.5345975757 0.3721368909 0.7587618828 -0.7966907620 0.0776074976 -0.5993837714 -0.2819384336 -0.9249276519 0.2549892366
41.7 -157.0 2197.1 0.9951141477 0.0604698472 0.0780465901 -0.0730695054 0.9826827645 0.1702806056 -0.0663981885 -0.1751514524 0.9822999835
17.7 -547.6 2266.7 0.9966875911 0.0322971307 0.0746373832 -0.0408812724 0.9923480153 0.1165081039 -0.0703033805 -0.1191734523 0.9903813004
225.1 -156.0 2192.2 0.9865276814 0.1041681245 -0.1261434853 -0.0943884328 0.9922196865 0.0811842978 0.1336188763 -0.0681840628 0.9886844158
183.7 -550.4 2219.3 0.9910771847 -0.0397849567 -0.1272128671 0.0490979217 0.9962722063 0.0709298030 0.1239167154 -0.0765428022 0.9893360734
92.7 325.9 2057.9 0 0 0 0 0 0 0 0 0
267.8 -151.1 2154.9 0 0 0 0 0 0 0 0 0
5.3 -926.6 2312.2 0 0 0 0 0 0 0 0 0
198.9 -930.8 2248.5 0 0 0 0 0 0 0 0 0
133.2 479.2 2188.0 9 0.9987145066 -0.0054242834 -0.0503980033 0.0073789889 0.9992243648 0.0386806391 0.0501491018 -0.0390027985 0.9979798794
134.4 263.5 2196.4 0.9987145066 -0.0054242834 -0.0503980033 0.0073789889 0.9992243648 0.0386806391 0.0501491018 -0.0390027985 0.9979798794
134.2 64.8 2196.7 0.9987343550 -0.0000763085 -0.0502956845 0.0001515440 0.9999988675 0.0014920512 0.0502955131 -0.0014977849 0.9987332821
-10.9 263.3 2189.1 0.5296527147 -0.6399799585 -0.5566809177 0.5253086686 0.7627807260 -0.3771158755 0.6659720540 -0.0926888287 0.7401959300
-108.8 166.2 2066.0 -0.7669911981 -0.6399799585 0.0463693365 -0.6414282918 0.7627807260 -0.0820690244 0.0171528962 -0.0926888287 -0.9955473542
279.7 263.7 2203.7 0.5295388103 0.3377098739 0.7781649232 -0.8417346478 0.0953996107 0.5313960314 0.1052210554 -0.9364032149 0.3347798884
408.6 58.8 2229.3 -0.5291096568 0.3377098739 0.7784568071 -0.8035456538 0.0953996107 -0.5875485539 -0.2726854384 -0.9364032149 0.2208884507
40.9 -157.8 2191.7 0.9984425306 0.0550648905 -0.0089635998 -0.0522259250 0.9790240526 0.1969373673 0.0196199138 -0.1961625069 0.9803751111
18.9 -547.6 2269.8 0.9985244274 0.0523405261 -0.0144723263 -0.0506935976 0.9939751625 0.0971778557 0.0194714721 -0.0963008031 0.9951618314
224.5 -151.9 2189.9 0.9721218348 0.0989800245 -0.2125608623 -0.0766214654 0.9908643961 0.1109817773 0.2216039598 -0.0916010812 0.9708248973
184.6 -551.6 2226.9 0.9749246240 -0.0269051045 -0.2209029794 0.0315699875 0.9993463159 0.0176133476 0.2202846855 -0.0241455901 0.9751367569
89.8 332.3 2061.6 0 0 0 0 0 0 0 0 0
271.2 -149.9 2158.5 0 0 0 0 0 0 0 0 0
-1.0 -927.1 2306.5 0 0 0 0 0 0 0 0 0
194.8 -932.8 2236.1 0 0 0 0 0 0 0 0 0
134.9 482.8 2181.4 0 0.9999220967 -0.0064161867 -0.0107069071 0.0071909041 0.9972351789 0.0739613101 0.0102027543 -0.0740325376 0.9972036481
136.4 252.0 2198.5 0.9999220967 -0.0064161867 -0.0107069071 0.0071909041 0.9972351789 0.0739613101 0.0102027543 -0.0740325376 0.9972036481
133.5 53.5 2193.6 0.9998494387 0.0133776646 -0.0110511808 -0.0136483246 0.9995995164 -0.0247903466 0.0107151177 0.0249374434 0.9996315837
-9.3 253.9 2197.0 0.5217133760 -0.6621884704 -0.5378862619 0.4722397327 0.7492451668 -0.4643504322 0.7104961872 -0.0117534241 0.7036029100
-107.2 165.3 2063.7 -0.7493033409 -0.6621884704 0.0071385344 -0.6622263789 0.7492451668 -0.0093768416 0.0008607237 -0.0117534241 -0.9999305606
282.0 250.2 2200.0 0.5538645387 0.3650855422 0.7482957840 -0.8202931285 0.0852732211 0.5655508041 0.1426648349 -0.9270604253 0.3467069864
406.6 65.7 2232.1 -0.5108843446 0.3650855422 0.7782735229 -0.8141127825 0.0852732211 -0.5744118094 -0.2760753334 -0.9270604253 0.2536560595
42.8 -133.5 2192.5 0.9978416562 0.0571060702 0.0324178673 -0.0619148612 0.9826633334 0.1747550964 -0.0218762718 -0.1763850600 0.9840781093
20.1 -524.3 2262.6 0.9984242320 0.0480081290 0.0290572420 -0.0511087701 0.9917486310 0.1175691187 -0.0231732074 -0.1188689321 0.9926394820
224.6 -136.0 2199.6 0.9788760543 0.1071396768 -0.1741342843 -0.0952864438 0.9926141500 0.0750842243 0.1808926612 -0.0569055118 0.9818552136
182.3 -527.5 2222.0 0.9832357764 -0.0368366204 -0.1785790324 0.0432844423 0.9985390902 0.0323442779 0.1771266907 -0.0395317450 0.9833937883
88.7 338.4 2063.5 0 0 0 0 0 0 0 0 0
273.9 -145.7 2160.4 0 0 0 0 0 0 0 0 0
1.7 -903.1 2308.0 0 0 0 0 0 0 0 0 0
196.4 -908.7 2237.1 0 0 0 0 0 0 0 0 0
137.2 487.7 2184.6 1 0.9999622107 0.0009565522 0.0086428458 -0.0014670375 0.9982419610 0.0592526458 -0.0085709728 -0.0592630841 0.9982056022
137.0 246.8 2198.9 0.9999622107 0.0009565522 0.0086428458 -0.0014670375 0.9982419610 0.0592526458 -0.0085709728 -0.0592630841 0.9982056022
132.9 48.2 2194.5 0.9997670650 0.0201300848 0.0077805896 -0.0199510641 0.9995490909 -0.0224392824 -0.0082287863 0.0222788248 0.9997179508
-8.9 249.6 2200.1 0.5172472000 -0.6707082391 -0.5316067934 0.4445546269 0.7413415313 -0.5027762055 0.7313183546 0.0237313192 0.6816232800
-105.7 166.4 2063.2 -0.7416636348 -0.6707082391 -0.0092486916 -0.6707116961 0.7413415313 0.0236335080 -0.0089947497 0.0237313192 -0.9996778965
282.8 244.0 2197.6 0.5575132966 0.3714765608 0.7424176931 -0.8138016462 0.0678520650 0.5771681070 0.1640298367 -0.9259596467 0.3401366472
406.2 63.8 2234.0 -0.4974101186 0.3714765608 0.7839568257 -0.8275761604 0.0678520650 -0.5572376251 -0.2601937950 -0.9259596467 0.2736748457
39.2 -143.6 2187.8 0.9972805977 0.0510230325 0.0531795770 -0.0604447275 0.9791148305 0.1941148937 -0.0421645790 -0.1968014389 0.9795362949
18.9 -532.8 2266.0 0.9980730414 0.0400040038 0.0474328399 -0.0440930724 0.9950950742 0.0885530263 -0.0436577089 -0.0904738456 0.9949414730
221.7 -147.3 2188.6 0.9835036397 0.0976783559 -0.1522482187 -0.0823029578 0.9911425710 0.1042240039 0.1610801220 -0.0899742097 0.9828315377
183.1 -539.5 2224.2 0.9863752127 -0.0440712385 -0.1584979892 0.0505443141 0.9980346560 0.0370417163 0.1565540135 -0.0445482023 0.9866642356
88.5 342.0 2065.5 0 0 0 0 0 0 0 0 0
277.0 -151.2 2166.4 0 0 0 0 0 0 0 0 0
3.6 -912.8 2300.5 0 0 0 0 0 0 0 0 0
199.9 -920.7 2241.3 0 0 0 0 0 0 0 0 0
138.4 489.2 2185.7 2 0.9994627237 0.0070720850 -0.0320033729 -0.0054768389 0.9987510443 0.0496621467 0.0323146172 -0.0494601876 0.9982532263
136.8 267.3 2196.7 0.9994627237 0.0070720850 -0.0320033729 -0.0054768389 0.9987510443 0.0496621467 0.0323146172 -0.0494601876 0.9982532263
133.4 68.7 2197.4 0.9993314147 0.0166603625 -0.0325444229 -0.0165356267 0.9998548627 0.0040981635 0.0326079763 -0.0035572811 0.9994618893
-8.9 269.6 2191.9 0.5101886392 -0.6628509760 -0.5480293036 0.5326729417 0.7438040376 -0.4037513137 0.6752533317 -0.0859310403 0.7325631380
-107.6 166.6 2061.4 -0.7454854846 -0.6628509760 0.0698569864 -0.6663065553 0.7438040376 -0.0528311692 -0.0169407185 -0.0859310403 -0.9961570501
282.6 265.0 2201.4 0.5006368756 0.3629962504 0.7858730555 -0.8561144471 0.0731898844 0.5115773082 0.1281826794 -0.9289116859 0.3474078774
404.6 56.4 2232.6 -0.5038501620 0.3629962504 0.7838168144 -0.8231775165 0.0731898844 -0.5630471110 -0.2617514431 -0.9289116859 0.2619335949
37.2 -148.4 2190.9 0.9986551404 0.0506033450 0.0112781478 -0.0518206991 0.9809326530 0.1873119473 -0.0015844920 -0.1876444817 0.9822357297
17.1 -538.3 2265.5 0.9996255040 0.0263886359 0.0072443327 -0.0270223990 0.9936507344 0.1092154011 -0.0043162913 -0.1093702614 0.9939917326
220.3 -151.2 2189.6 0.9763437510 0.0946877152 -0.1943890303 -0.0750389621 0.9915219545 0.1060817465 0.2027856410 -0.0889855027 0.9751715660
182.6 -545.8 2225.0 0.9780916572 -0.0518716834 -0.2016085833 0.0576765016 0.9980698228 0.0230215527 0.2000252903 -0.0341452658 0.9791955948
88.2 341.6 2065.8 0 0 0 0 0 0 0 0 0
273.7 -157.5 2164.6 0 0 0 0 0 0 0 0 0
7.0 -917.8 2307.2 0 0 0 0 0 0 0 0 0
202.4 -927.1 2238.0 0 0 0 0 0 0 0 0 0
138.8 489.0 2186.2 3 0.9978228211 0.0066005173 -0.0656206906 -0.0036572507 0.9989860654 0.0448720716 0.0658503324 -0.0445343852 0.9968352318
137.4 277.1 2195.7 0.9978228211 0.0066005173 -0.0656206906 -0.0036572507 0.9989860654 0.0448720716 0.0658503324 -0.0445343852 0.9968352318
134.9 78.5 2198.7 0.9977582693 0.0117291156 -0.0658849999 -0.0106934579 0.9998140335 0.0160498954 0.0660609975 -0.0153093785 0.9976981282
-8.2 278.6 2186.0 0.5129756927 -0.6580581069 -0.5511945486 0.5747578144 0.7402408719 -0.3488508463 0.6375808716 -0.1378513873 0.7579496503
-108.9 165.7 2060.8 -0.7481045127 -0.6580581069 0.0854349658 -0.6635308266 0.7402408719 -0.1084910631 0.0081509724 -0.1378513873 -0.9904193878
282.9 275.7 2205.3 0.4858180583 0.3729078472 0.7905191779 -0.8666573167 0.0880542770 0.4910717905 0.1135159358 -0.9236807823 0.3659617007
403.5 60.5 2233.5 -0.5029257536 0.3729078472 0.7797470093 -0.8173896074 0.0880542770 -0.5693159103 -0.2809624374 -0.9236807823 0.2605262697
38.4 -128.4 2195.2 0.9984745383 0.0500578657 -0.0232973192 -0.0449754484 0.9821363688 0.1827166826 0.0320275500 -0.1813901514 0.9828895330
18.5 -518.7 2267.3 0.9985855818 0.0449209623 -0.0284420196 -0.0425780825 0.9960268140 0.0782160386 0.0318425521 -0.0768944025 0.9965306520
221.4 -130.9 2201.2 0.9677246213 0.0975869596 -0.2323485762 -0.0847611129 0.9943060279 0.0645835400 0.2373280972 -0.0428049564 0.9704860449
182.6 -525.9 2218.2 0.9715918899 -0.0421801060 -0.2328733951 0.0574547462 0.9965913296 0.0592005737 0.2295825034 -0.0708984807 0.9707034826
87.7 340.2 2058.7 0 0 0 0 0 0 0 0 0
272.9 -151.8 2160.5 0 0 0 0 0 0 0 0 0
1.3 -899.0 2296.6 0 0 0 0 0 0 0 0 0
198.7 -906.4 2245.3 0 0 0 0 0 0 0 0 0
140.5 490.2 2188.0 4 0.9980674982 0.0102124633 -0.0612944178 -0.0077645625 0.9991677999 0.0400429107 0.0616523474 -0.0394896045 0.9973161817
138.4 282.7 2196.2 0.9980674982 0.0102124633 -0.0612944178 -0.0077645625 0.9991677999 0.0400429107 0.0616523474 -0.0394896045 0.9973161817
135.9 84.1 2199.9 0.9980297685 0.0122774737 -0.0615288839 -0.0111147733 0.9997538328 0.0192036144 0.0617495067 -0.0184818991 0.9979205728
-7.3 284.3 2187.2 0.4868809581 -0.6643911004 -0.5670374036 0.5949361324 0.7275561094 -0.3416330218 0.6395294666 -0.1710164547 0.7495034933
-106.8 162.7 2056.5 -0.7403728366 -0.6643911004 0.1021396741 -0.6719669700 0.7275561094 -0.1382843256 0.0175625384 -0.1710164547 -0.9851116538
284.1 281.2 2205.2 0.4815845788 0.3800289631 0.7897178531 -0.8682843447 0.0845507905 0.4888082147 0.1189900190 -0.9211021066 0.3706915677
403.8 65.3 2234.8 -0.4995557368 0.3800289631 0.7784741521 -0.8193322420 0.0845507905 -0.5670501590 -0.2813161016 -0.9211021066 0.2691321671
41.1 -119.1 2195.8 0.9981118441 0.0581592135 -0.0197548624 -0.0539610200 0.9839121699 0.1703086644 0.0293420665 -0.1689211130 0.9851927161
18.0 -510.1 2262.9 0.9992577434 0.0304775909 -0.0235599484 -0.0278486535 0.9941001534 0.1048301831 0.0266159195 -0.1040962636 0.9942110181
