78.2 489.3 2203.3 1 0.9739731550 -0.1839458644 0.1324394643 0.1865735352 0.9824115634 -0.0076040342 -0.1287113279 0.0321158245 0.9911619425
123.6 247.1 2195.4 0.9739731550 -0.1839458644 0.1324394643 0.1865735352 0.9824115634 -0.0076040342 -0.1287113279 0.0321158245 0.9911619425
124.1 48.5 2189.8 0.9909344316 -0.0026684732 0.1343200654 0.0064299363 0.9995989799 -0.0275777243 -0.1341926157 0.0281913858 0.9905541539
-21.2 246.2 2215.0 0.6014601588 -0.6716087461 -0.4326515794 0.4081668556 0.7238702774 -0.5562478304 0.6867645383 0.1579668820 0.7095075250
-135.8 168.4 2084.1 -0.7247899175 -0.6716087461 -0.1536920965 -0.6861209273 0.7238702774 0.0724561810 0.0625909343 0.1579668820 -0.9854586720
268.3 248.0 2175.8 0.6084417105 0.1760185957 0.7738320827 -0.7915772200 0.0650562793 0.6075962782 0.0566056073 -0.9822347760 0.1789152622
407.8 66.6 2188.8 -0.5288932323 0.1760185957 0.8302345872 -0.8353088498 0.0650562793 -0.5459183455 -0.1501037478 -0.9822347760 0.1126220673
34.7 -150.4 2191.1 0.9835868478 0.0416609012 0.1755598038 -0.0739337727 0.9806042314 0.1815189272 -0.1645924449 -0.1915194243 0.9675896168
18.1 -540.1 2267.2 0.9841991663 0.0486590005 0.1702478379 -0.0627012029 0.9949719310 0.0780986995 -0.1655916274 -0.0875394195 0.9823015332
216.7 -149.0 2168.6 0.9960878491 0.0854478702 -0.0225307159 -0.0816998184 0.9876488447 0.1336970776 0.0336765647 -0.1313332915 0.9907661080
182.7 -541.5 2220.8 0.9984019399 -0.0478265397 -0.0301036257 0.0491416268 0.9977965355 0.0445772670 0.0279053170 -0.0459853709 0.9985522628
61.9 355.5 2067.0 0 0 0 0 0 0 0 0 0
270.4 -150.4 2149.8 0 0 0 0 0 0 0 0 0
-0.5 -919.8 2300.6 0 0 0 0 0 0 0 0 0
201.0 -922.6 2238.3 0 0 0 0 0 0 0 0 0
78.8 487.5 2202.5 2 0.9741691351 -0.1841874421 0.1306502968 0.1864855438 0.9824424386 -0.0054717641 -0.1273485720 0.0296948161 0.9914134145
123.5 249.1 2195.3 0.9741691351 -0.1841874421 0.1306502968 0.1864855438 0.9824424386 -0.0054717641 -0.1273485720 0.0296948161 0.9914134145
124.7 50.4 2191.1 0.9912195206 -0.0059472187 0.1320926398 0.0087314304 0.9997515678 -0.0205085091 -0.1319378614 0.0214817915 0.9910252094
-21.3 247.8 2214.6 0.6041536927 -0.6661126614 -0.4373697042 0.4127882123 0.7310879230 -0.5432460904 0.6816188097 0.1476630569 0.7166529298
-137.0 168.7 2084.0 -0.7279283404 -0.6661126614 -0.1625245214 -0.6803785563 0.7310879230 0.0509457514 0.0848841071 0.1476630569 -0.9853883982
268.3 250.3 2176.1 0.6399378777 0.1491085738 0.7538210154 -0.7662966251 0.0508401506 0.6404723525 0.0571755394 -0.9875130057 0.1467959285
413.1 77.0 2189.0 -0.5212635398 0.1491085738 0.8402683735 -0.8446027637 0.0508401506 -0.5329741836 -0.1221903861 -0.9875130057 0.0994363949
33.8 -150.7 2196.5 0.9840711951 0.0457966663 0.1717746407 -0.0748722106 0.9831409454 0.1668174416 -0.1612389982 -0.1770213991 0.9709095955
15.6 -541.4 2266.8 0.9855369329 0.0217619687 0.1680576503 -0.0383411720 0.9946381450 0.0960465521 -0.1650663912 -0.1011009514 0.9810869694
215.5 -149.6 2171.9 0.9962756038 0.0817396641 -0.0274501722 -0.0781136751 0.9903947711 0.1140898466 0.0365121737 -0.1115207002 0.9930911064
183.1 -543.1 2216.2 0.9986789227 -0.0417998433 -0.0298861936 0.0441897959 0.9954538345 0.0843734965 0.0262235273 -0.0855826959 0.9959859252
61.7 354.4 2060.9 0 0 0 0 0 0 0 0 0
277.7 -142.4 2157.3 0 0 0 0 0 0 0 0 0
7.3 -921.1 2305.4 0 0 0 0 0 0 0 0 0
199.0 -923.1 2248.9 0 0 0 0 0 0 0 0 0
78.5 486.9 2201.2 3 0.9729135036 -0.1865810156 0.1364802271 0.1881079078 0.9821467996 0.0017381893 -0.1343679428 0.0239819027 0.9906412959
123.3 251.2 2195.4 0.9729135036 -0.1865810156 0.1364802271 0.1881079078 0.9821467996 0.0017381893 -0.1343679428 0.0239819027 0.9906412959
124.4 52.5 2192.6 0.9904288650 -0.0057249954 0.1379053742 0.0075828508 0.9998874068 -0.0129503552 -0.1378157139 0.0138721215 0.9903607368
-21.4 250.1 2215.5 0.6040758491 -0.6643502712 -0.4401489794 0.4243750572 0.7356495857 -0.5279446244 0.6745355725 0.1321303248 0.7263218164
-138.6 167.8 2084.7 -0.7287743688 -0.6643502712 -0.1659115702 -0.6768150926 0.7356495857 0.0272222478 0.1039676741 0.1321303248 -0.9857648015
267.9 252.3 2175.3 0.6509562135 0.1316495389 0.7476124763 -0.7572669983 0.0439341068 0.6516259909 0.0529405773 -0.9903222919 0.1282930374
414.4 81.8 2187.2 -0.5091830492 0.1316495389 0.8505298495 -0.8541575074 0.0439341068 -0.5181551576 -0.1055821553 -0.9903222919 0.0900789350
35.0 -149.0 2198.9 0.9833084345 0.0432247780 0.1767373383 -0.0716008022 0.9849230051 0.1574800014 -0.1672656238 -0.1675059646 0.9715780616
17.8 -540.5 2265.5 0.9838076830 0.0452106670 0.1734313220 -0.0617018081 0.9939462543 0.0909047946 -0.1682715565 -0.1001338661 0.9806415439
216.8 -147.5 2174.7 0.9959611297 0.0867667422 -0.0230850261 -0.0839174539 0.9910008907 0.1042837426 0.0319256410 -0.1019253209 0.9942796230
182.3 -541.2 2215.2 0.9986910224 -0.0454872251 -0.0233911313 0.0476235598 0.9937677383 0.1007852927 0.0186609086 -0.1017673388 0.9946331978
61.4 353.5 2056.2 0 0 0 0 0 0 0 0 0
282.2 -140.0 2159.8 0 0 0 0 0 0 0 0 0
0.6 -920.0 2303.7 0 0 0 0 0 0 0 0 0
199.7 -920.8 2254.1 0 0 0 0 0 0 0 0 0
79.0 487.9 2201.0 4 0.9767366052 -0.1676591784 0.1337013245 0.1673288345 0.9858047962 0.0137846852 -0.1341145337 0.0089080799 0.9909257889
118.2 257.0 2198.9 0.9767366052 -0.1676591784 0.1337013245 0.1673288345 0.9858047962 0.0137846852 -0.1341145337 0.0089080799 0.9909257889
123.2 58.4 2195.1 0.9903177619 -0.0252017453 0.1365123391 0.0275242273 0.9995062947 -0.0151519477 -0.1360630840 0.0187626388 0.9905225039
-26.4 253.0 2218.7 0.5880160332 -0.6654172540 -0.4598445594 0.4402263761 0.7402211428 -0.5082060099 0.6785557270 0.0963975787 0.7281961441
-140.3 167.7 2087.4 -0.7307651639 -0.6654172540 -0.1523223519 -0.6723131537 0.7402211428 -0.0082252817 0.1182254776 0.0963975787 -0.9882966280
262.9 261.0 2179.0 0.6463462710 0.1090864837 0.7552063465 -0.7625977397 0.0584963113 0.6442226768 0.0260991976 -0.9923095703 0.1209979802
413.7 83.1 2185.1 -0.5087770820 0.1090864837 0.8539590240 -0.8543113470 0.0584963113 -0.5164594054 -0.1062921956 -0.9923095703 0.0634322315
34.7 -146.9 2202.5 0.9842398763 0.0389884599 0.1724871695 -0.0686738491 0.9831095934 0.1696451455 -0.1629595757 -0.1788168699 0.9702931046
19.2 -537.6 2273.6 0.9844141006 0.0574040338 0.1662338376 -0.0657234117 0.9968235493 0.0449809581 -0.1631237119 -0.0552053452 0.9850599170
216.4 -145.5 2177.2 0.9959254861 0.0861480236 -0.0266637858 -0.0830951333 0.9915291667 0.0998251140 0.0350376591 -0.0972027406 0.9946476817
182.1 -539.6 2215.9 0.9979331493 -0.0581238978 -0.0274055302 0.0604009368 0.9939924479 0.0912728086 0.0219357591 -0.0927394852 0.9954487681
61.2 353.1 2054.8 0 0 0 0 0 0 0 0 0
281.5 -138.8 2157.5 0 0 0 0 0 0 0 0 0
-2.7 -918.0 2294.6 0 0 0 0 0 0 0 0 0
204.3 -919.2 2251.3 0 0 0 0 0 0 0 0 0
78.0 488.9 2200.4 5 0.9775276184 -0.1643838733 0.1319761276 0.1628703773 0.9863964319 0.0222567748 -0.1338394284 -0.0002616110 0.9910029769
116.5 258.3 2200.4 0.9775276184 -0.1643838733 0.1319761276 0.1628703773 0.9863964319 0.0222567748 -0.1338394284 -0.0002616110 0.9910029769
123.2 59.8 2195.3 0.9900884628 -0.0339910686 0.1362696886 0.0371515676 0.9990949035 -0.0207165331 -0.1354421675 0.0255738329 0.9904551506
-28.2 252.9 2220.2 0.5802486539 -0.6642747521 -0.4712224007 0.4426671565 0.7428906560 -0.5021545887 0.6836353540 0.0827798694 0.7251139283
-140.2 167.3 2088.1 -0.7358016372 -0.6642747521 -0.1316625178 -0.6693732738 0.7428906560 -0.0072730104 0.1026421264 0.0827798694 -0.9912679195
261.1 263.7 2180.6 0.6590307951 0.1101308390 0.7440091372 -0.7517750263 0.0666757450 0.6560401320 0.0226428863 -0.9916781187 0.1267349869
416.2 86.8 2186.0 -0.5217865705 0.1101308390 0.8459373116 -0.8453187346 0.0666757450 -0.5300853848 -0.1147822514 -0.9916781187 0.0583051555
37.4 -142.7 2203.9 0.9843724966 0.0434616096 0.1706514806 -0.0720647499 0.9836267233 0.1651820242 -0.1606782824 -0.1748985946 0.9713871479
20.2 -533.6 2273.4 0.9848437309 0.0575153716 0.1636302620 -0.0644006953 0.9972347617 0.0370853804 -0.1610448062 -0.0470612049 0.9858244061
219.1 -137.6 2178.9 0.9955839515 0.0900694653 -0.0264602881 -0.0866549388 0.9901496768 0.1099753603 0.0361050665 -0.1071967855 0.9935820699
183.3 -531.1 2221.5 0.9987502694 -0.0380349867 -0.0324227028 0.0394300446 0.9982736111 0.0435326174 0.0307109673 -0.0447566435 0.9985257387
63.6 352.8 2059.7 0 0 0 0 0 0 0 0 0
280.6 -132.8 2156.2 0 0 0 0 0 0 0 0 0
-1.8 -914.4 2291.4 0 0 0 0 0 0 0 0 0
197.8 -912.0 2238.6 0 0 0 0 0 0 0 0 0
79.5 490.3 2202.1 6 0.9756474495 -0.1684281826 0.1405134797 0.1692098081 0.9855589271 0.0064533148 -0.1395712346 0.0174800996 0.9900577068
119.6 256.0 2197.9 0.9756474495 -0.1684281826 0.1405134797 0.1692098081 0.9855589271 0.0064533148 -0.1395712346 0.0174800996 0.9900577068
123.0 57.4 2194.0 0.9896160364 -0.0171804391 0.1427059174 0.0198057443 0.9996593595 -0.0169964544 -0.1423653066 0.0196463596 0.9896191955
-25.0 253.1 2218.7 0.5931096673 -0.6629144549 -0.4569085240 0.4408757985 0.7422711253 -0.5046405196 0.6736835241 0.0978672728 0.7325111032
-140.5 167.2 2087.5 -0.7393807769 -0.6629144549 -0.1177306846 -0.6696049571 0.7422711253 0.0257434566 0.0703223795 0.0978672728 -0.9927118421
264.1 258.9 2177.1 0.6814697385 0.1035635918 0.7244815826 -0.7309814095 0.0482079275 0.6806924343 0.0355691947 -0.9934538603 0.1085553095
418.2 93.6 2185.2 -0.5084367990 0.1035635918 0.8548489213 -0.8558943272 0.0482079275 -0.5148988962 -0.0945352763 -0.9934538603 0.0641288087
39.2 -142.1 2202.7 0.9818719029 0.0604679026 0.1796419621 -0.0900751203 0.9827485085 0.1615295857 -0.1667755246 -0.1747826338 0.9703798294
15.2 -532.6 2272.1 0.9847391248 0.0318998098 0.1710883528 -0.0397129953 0.9983094335 0.0424404182 -0.1694452614 -0.0485871695 0.9843412042
220.8 -135.3 2177.8 0.9952133894 0.0958850011 -0.0188769940 -0.0933736786 0.9899877906 0.1058561280 0.0288380086 -0.1035868227 0.9942022562
182.7 -528.7 2219.0 0.9988527894 -0.0407302752 -0.0251831301 0.0417194255 0.9983248711 0.0400871672 0.0235081837 -0.0410918035 0.9988787770
65.8 354.1 2067.9 0 0 0 0 0 0 0 0 0
286.1 -128.7 2160.6 0 0 0 0 0 0 0 0 0
3.0 -913.9 2290.7 0 0 0 0 0 0 0 0 0
198.2 -910.0 2234.7 0 0 0 0 0 0 0 0 0
80.5 489.7 2201.4 7 0.9772318602 -0.1759986877 0.1185002401 0.1765044332 0.9842796922 0.0062967651 -0.1177456006 0.0147624183 0.9929340482
123.3 250.2 2197.8 0.9772318602 -0.1759986877 0.1185002401 0.1765044332 0.9842796922 0.0062967651 -0.1177456006 0.0147624183 0.9929340482
125.6 51.6 2192.7 0.9925429821 -0.0112604313 0.1213741452 0.0142938141 0.9996061325 -0.0241503473 -0.1210543960 0.0257051568 0.9923129678
-21.6 248.2 2215.5 0.6349687576 -0.6524896622 -0.4136084020 0.4249545038 0.7421160340 -0.5183410645 0.6451576352 0.1533656418 0.7484989166
-142.4 167.4 2092.8 -0.7429431081 -0.6524896622 -0.1493076831 -0.6663370132 0.7421160340 0.0725175440 0.0634866729 0.1533656418 -0.9861279726
268.3 252.3 2180.1 0.6826693416 0.1039839461 0.7232910395 -0.7301824093 0.0588485710 0.6807132363 0.0282186065 -0.9928364158 0.1161013618
418.0 92.1 2186.3 -0.5099235773 0.1039839461 0.8539117575 -0.8539073467 0.0588485710 -0.5170871615 -0.1040202528 -0.9928364158 0.0587843843
35.7 -143.0 2203.2 0.9859045744 0.0464949757 0.1607182622 -0.0738917068 0.9828518033 0.1689447463 -0.1501071453 -0.1784391552 0.9724336863
17.2 -533.6 2274.1 0.9871856570 0.0457146242 0.1528875679 -0.0514089987 0.9981156588 0.0335000679 -0.1510680318 -0.0409305841 0.9876756072
217.1 -139.4 2177.1 0.9951234460 0.0910838246 -0.0378554016 -0.0861448050 0.9894772172 0.1162491217 0.0480454750 -0.1124211848 0.9924983978
181.0 -532.6 2221.8 0.9974266887 -0.0543661863 -0.0467363633 0.0552188866 0.9983269572 0.0171507318 0.0457257517 -0.0196873285 0.9987599850
67.3 355.4 2074.9 0 0 0 0 0 0 0 0 0
285.5 -129.7 2159.3 0 0 0 0 0 0 0 0 0
-0.3 -914.8 2289.7 0 0 0 0 0 0 0 0 0
201.7 -913.8 2229.3 0 0 0 0 0 0 0 0 0
81.3 489.7 2200.6 8 0.9757473469 -0.1796429753 0.1250818223 0.1811933517 0.9834469557 -0.0010361499 -0.1228251979 0.0236750152 0.9921458960
125.8 246.6 2194.7 0.9757473469 -0.1796429753 0.1250818223 0.1811933517 0.9834469557 -0.0010361499 -0.1228251979 0.0236750152 0.9921458960
125.1 47.9 2191.9 0.9919909239 0.0032158263 0.1262682080 -0.0014119177 0.9998956919 -0.0143732242 -0.1263012588 0.0140798269 0.9918919802
-19.1 246.8 2213.2 0.6601738334 -0.6433097720 -0.3877152205 0.4202649295 0.7441910505 -0.5191888809 0.6225335002 0.1798117906 0.7616559267
-144.9 166.7 2094.6 -0.7462078333 -0.6433097720 -0.1712496281 -0.6620055437 0.7441910505 0.0890416652 0.0701610595 0.1798117906 -0.9811957479
270.6 246.3 2176.3 0.6803331375 0.1239901409 0.7223387361 -0.7314704657 0.0532791205 0.6797884107 0.0458014831 -0.9908520579 0.1269426793
418.0 87.9 2186.2 -0.5201840997 0.1239901409 0.8450058699 -0.8468586802 0.0532791205 -0.5291424394 -0.1106296182 -0.9908520579 0.0772871748
36.8 -148.3 2198.7 0.9845149517 0.0471175946 0.1688496321 -0.0791739225 0.9788795710 0.1884840131 -0.1564025432 -0.1989338100 0.9674521089
18.1 -537.2 2277.7 0.9857183099 0.0568005629 0.1585340947 -0.0609377213 0.9979131222 0.0213544052 -0.1569903195 -0.0307101365 0.9871225357
218.8 -145.7 2176.5 0.9953394532 0.0905551836 -0.0331527553 -0.0866024271 0.9906130433 0.1057629883 0.0424189381 -0.1023989618 0.9938385487
182.8 -539.4 2217.2 0.9984875321 -0.0387967192 -0.0389552861 0.0404019207 0.9983295798 0.0413012169 0.0372878611 -0.0428126156 0.9983870387
67.9 355.5 2074.6 0 0 0 0 0 0 0 0 0
282.9 -132.1 2157.5 0 0 0 0 0 0 0 0 0
-3.6 -918.4 2289.5 0 0 0 0 0 0 0 0 0
197.6 -920.6 2233.5 0 0 0 0 0 0 0 0 0
83.0 488.4 2201.7 9 0.9784394503 -0.1685311049 0.1193880364 0.1701976508 0.9854025245 -0.0038288410 -0.1169999912 0.0240658522 0.9928402901
124.5 246.0 2195.8 0.9784394503 -0.1685311049 0.1193880364 0.1701976508 0.9854025245 -0.0038288410 -0.1169999912 0.0240658522 0.9928402901
126.6 47.4 2194.0 0.9927489161 -0.0108637381 0.1197146177 0.0118395640 0.9999021888 -0.0074430262 -0.1196220517 0.0088064251 0.9927804470
-20.5 244.3 2213.2 0.6619987488 -0.6393332481 -0.3911658227 0.4111420810 0.7461298108 -0.5236911774 0.6266736984 0.1858581752 0.7567937970
-145.8 166.5 2094.6 -0.7475221157 -0.6393332481 -0.1801767349 -0.6597421765 0.7461298108 0.0896133855 0.0771424249 0.1858581752 -0.9795436859
269.5 247.8 2178.3 0.6744738221 0.1007465944 0.7313926220 -0.7379614711 0.0620532222 0.6719838381 0.0223148167 -0.9929750562 0.1162003800
416.6 86.8 2183.2 -0.5240306258 0.1007465944 0.8457198143 -0.8450800776 0.0620532222 -0.5310263634 -0.1059787348 -0.9929750562 0.0526211560
33.6 -150.6 2200.7 0.9866259694 0.0361251831 0.1589471549 -0.0645138621 0.9820479155 0.1772563457 -0.1496903002 -0.1851400137 0.9712445736
19.2 -540.8 2274.3 0.9865675569 0.0602015629 0.1518560946 -0.0654896349 0.9974003434 0.0300605986 -0.1496516317 -0.0396018103 0.9879453778
215.5 -150.9 2177.6 0.9956105947 0.0835439712 -0.0421900898 -0.0789664313 0.9918006659 0.1004774868 0.0502384454 -0.0967048481 0.9940444231
182.3 -545.0 2216.0 0.9977537990 -0.0497155190 -0.0448973700 0.0527032837 0.9962911606 0.0680166408 0.0413493700 -0.0702300966 0.9966734648
68.2 355.4 2072.5 0 0 0 0 0 0 0 0 0
280.4 -132.8 2155.6 0 0 0 0 0 0 0 0 0
-3.8 -921.9 2289.4 0 0 0 0 0 0 0 0 0
201.2 -925.4 2242.8 0 0 0 0 0 0 0 0 0
84.2 487.9 2201.2 0 0.9810807705 -0.1538874954 0.1174696833 0.1552002430 0.9878808856 -0.0020555523 -0.1157297269 0.0202479865 0.9930743575
121.8 246.8 2196.3 0.9810807705 -0.1538874954 0.1174696833 0.1552002430 0.9878808856 -0.0020555523 -0.1157297269 0.0202479865 0.9930743575
125.5 48.1 2194.1 0.9928329587 -0.0186932888 0.1180394366 0.0198483709 0.9997658730 -0.0086175008 -0.1178507060 0.0108986292 0.9929715395
-23.2 243.9 2213.5 0.6580483913 -0.6378862858 -0.4000916779 0.4141416848 0.7503715754 -0.5151981711 0.6288552880 0.1733306944 0.7579561472
-146.5 166.3 2095.7 -0.7480749488 -0.6378862858 -0.1829887927 -0.6571982503 0.7503715754 0.0709431320 0.0920559391 0.1733306944 -0.9805519581
266.8 249.7 2179.1 0.6761213541 0.1018899828 0.7297111154 -0.7364389896 0.0628772080 0.6735755801 0.0227484088 -0.9928065538 0.1175483838
416.1 87.0 2184.1 -0.5182706118 0.1018899828 0.8491254449 -0.8485057950 0.0628772080 -0.5254373550 -0.1069274321 -0.9928065538 0.0538668334
37.8 -152.3 2203.3 0.9867359996 0.0449368842 0.1559896469 -0.0730922520 0.9809920788 0.1797557026 -0.1449469477 -0.1887730509 0.9712647200
19.9 -542.2 2278.3 0.9872766733 0.0625120997 0.1462088823 -0.0649847314 0.9978117943 0.0121921413 -0.1451267898 -0.0215383619 0.9891785979
219.8 -150.2 2181.3 0.9945903420 0.0934227780 -0.0454116836 -0.0890784711 0.9919717908 0.0897604823 0.0534327812 -0.0852297097 0.9949275255
182.7 -544.4 2215.2 0.9978051782 -0.0475395136 -0.0460952111 0.0512295775 0.9952745438 0.0824873298 0.0419559814 -0.0846677274 0.9955255389
68.2 355.0 2069.3 0 0 0 0 0 0 0 0 0
281.5 -133.5 2156.3 0 0 0 0 0 0 0 0 0
-4.0 -923.4 2286.5 0 0 0 0 0 0 0 0 0
200.9 -924.5 2247.5 0 0 0 0 0 0 0 0 0
84.6 486.9 2200.0 1 0.9818452597 -0.1526411623 0.1126080230 0.1536156088 0.9881306887 0.0000236818 -0.1112750545 0.0172750968 0.9936394691
121.5 248.3 2195.8 0.9818452597 -0.1526411623 0.1126080230 0.1536156088 0.9881306887 0.0000236818 -0.1112750545 0.0172750968 0.9936394691
125.5 49.7 2193.2 0.9933306575 -0.0200739577 0.1135396212 0.0214257911 0.9997131824 -0.0106984107 -0.1132922992 0.0130597353 0.9934758544
-23.6 245.2 2212.4 0.6561022401 -0.6377486587 -0.4034928083 0.4216559231 0.7532076240 -0.5048609376 0.6258882880 0.1611052603 0.7630917430
-146.6 166.1 2095.0 -0.7481550574 -0.6377486587 -0.1831409782 -0.6554895639 0.7532076240 0.0548793487 0.1029439494 0.1611052603 -0.9815536737
266.6 251.4 2179.3 0.6728866100 0.1040425450 0.7323924899 -0.7392133474 0.0570206456 0.6710530519 0.0280565750 -0.9929369688 0.1152780727
415.8 87.5 2185.5 -0.5066229701 0.1040425450 0.8558669686 -0.8560833931 0.0570206456 -0.5136827230 -0.1022469401 -0.9929369688 0.0601811185
38.2 -152.3 2202.8 0.9872189760 0.0498335622 0.1513778716 -0.0769042522 0.9809079766 0.1786205769 -0.1395864487 -0.1879792362 0.9722033739
18.4 -542.1 2277.5 0.9885671735 0.0522274747 0.1414469033 -0.0554979816 0.9982727766 0.0192738138 -0.1401959807 -0.0269034784 0.9897581935
220.3 -148.7 2181.2 0.9943478703 0.0943019688 -0.0487794988 -0.0890231431 0.9909012914 0.1009433270 0.0578548200 -0.0960302800 0.9936956167
182.8 -542.5 2219.3 0.9970406294 -0.0559405871 -0.0527321510 0.0590243265 0.9965198636 0.0588586479 0.0492560491 -0.0617969446 0.9968726039
68.1 354.2 2065.5 0 0 0 0 0 0 0 0 0
284.2 -134.9 2158.9 0 0 0 0 0 0 0 0 0
-1.6 -923.5 2287.8 0 0 0 0 0 0 0 0 0
204.1 -923.1 2242.9 0 0 0 0 0 0 0 0 0
85.2 489.1 2201.4 2 0.9824033976 -0.1492670029 0.1122626364 0.1510594785 0.9884955883 -0.0075854817 -0.1098388582 0.0244103372 0.9936496019
121.6 248.5 2195.4 0.9824033976 -0.1492670029 0.1122626364 0.1510594785 0.9884955883 -0.0075854817 -0.1098388582 0.0244103372 0.9936496019
126.3 49.9 2192.9 0.9933634996 -0.0239907447 0.1124872565 0.0252928995 0.9996284246 -0.0101630362 -0.1122016460 0.0129407179 0.9936012030
-23.5 244.8 2211.8 0.6591619849 -0.6364535689 -0.4005400538 0.4218350351 0.7538821101 -0.5037032962 0.6225437522 0.1630602181 0.7654088140
-147.2 165.7 2095.0 -0.7480702400 -0.6364535689 -0.1879300773 -0.6548304558 0.7538821101 0.0534680858 0.1076471582 0.1630602181 -0.9807260036
266.7 252.2 2179.0 0.6659896374 0.0965491086 0.7396864295 -0.7455724478 0.0541538298 0.6642206907 0.0240730587 -0.9938539267 0.1080502421
415.1 86.0 2184.4 -0.5020468235 0.0965491086 0.8594342470 -0.8595395684 0.0541538298 -0.5081920028 -0.0956071392 -0.9938539267 0.0558000207
38.4 -151.0 2201.0 0.9875513911 0.0480648354 0.1497730613 -0.0754192322 0.9802713990 0.1827016473 -0.1380367130 -0.1917230338 0.9716934562
19.3 -540.5 2277.2 0.9877908826 0.0680378303 0.1401428431 -0.0719954520 0.9971313477 0.0233604312 -0.1381514221 -0.0331648663 0.9898557067
220.6 -147.0 2180.3 0.9941755533 0.0954884589 -0.0499686487 -0.0899076536 0.9905033112 0.1040180773 0.0594266392 -0.0989196673 0.9933193922
182.6 -540.7 2219.6 0.9966176748 -0.0613691732 -0.0546537824 0.0643545389 0.9964295626 0.0546496771 0.0511048399 -0.0579820536 0.9970087409
67.5 353.6 2064.1 0 0 0 0 0 0 0 0 0
284.6 -137.3 2159.6 0 0 0 0 0 0 0 0 0
-6.7 -921.5 2289.9 0 0 0 0 0 0 0 0 0
206.1 -921.3 2241.7 0 0 0 0 0 0 0 0 0
84.9 488.8 2194.1 3 0.9776513577 -0.1524212807 0.1447950304 0.1514469236 0.9883052111 0.0177938435 -0.1458138376 0.0045325854 0.9893016815
122.3 246.8 2193.0 0.9776513577 -0.1524212807 0.1447950304 0.1514469236 0.9883052111 0.0177938435 -0.1458138376 0.0045325854 0.9893016815
127.9 48.2 2188.3 0.9885562062 -0.0284902416 0.1481381208 0.0316380523 0.9993200302 -0.0189358834 -0.1474979073 0.0234059878 0.9887853861
-22.1 242.1 2214.5 0.6594991088 -0.6313114166 -0.4080524445 0.4009715021 0.7546039224 -0.5194177628 0.6358323097 0.1789381504 0.7507985234
-145.5 167.1 2095.4 -0.7477841973 -0.6313114166 -0.2055838257 -0.6534647942 0.7546039224 0.0596379973 0.1174842045 0.1789381504 -0.9768206477
266.6 251.4 2171.4 0.6612335443 0.1285204142 0.7390890718 -0.7479481101 0.0370024480 0.6627249718 0.0578255877 -0.9910163283 0.1205938682
414.1 84.6 2184.3 -0.4990314543 0.1285204142 0.8570006490 -0.8611525297 0.0370024480 -0.5069981813 -0.0968707427 -0.9910163283 0.0922103003
40.0 -151.1 2200.6 0.9810079932 0.0610065274 0.1841237694 -0.0953424200 0.9783231616 0.1838305444 -0.1689176708 -0.1978940368 0.9655593038
15.8 -539.9 2279.2 0.9840660095 0.0403776243 0.1731581688 -0.0476503298 0.9981390834 0.0380495004 -0.1712995917 -0.0456942655 0.9841587543
222.2 -146.5 2180.0 0.9951648712 0.0970461592 -0.0151305683 -0.0952909961 0.9913083315 0.0907049179 0.0238016229 -0.0888245404 0.9957628846
183.6 -540.4 2215.3 0.9991238713 -0.0390420258 -0.0150738386 0.0402585156 0.9950107336 0.0912843570 0.0114347059 -0.0918112248 0.9957107902
67.5 353.2 2062.0 0 0 0 0 0 0 0 0 0
284.4 -139.2 2159.2 0 0 0 0 0 0 0 0 0
0.3 -921.1 2296.7 0 0 0 0 0 0 0 0 0
198.5 -920.3 2250.4 0 0 0 0 0 0 0 0 0
85.3 487.5 2190.4 4 0.9785615802 -0.1485725492 0.1426305324 0.1445461661 0.9887586236 0.0382461771 -0.1467095017 -0.0168095417 0.9890367985
121.5 246.5 2194.5 0.9785615802 -0.1485725492 0.1426305324 0.1445461661 0.9887586236 0.0382461771 -0.1467095017 -0.0168095417 0.9890367985
127.9 47.9 2189.3 0.9884568453 -0.0321617275 0.1480494887 0.0357079282 0.9991340637 -0.0213568304 -0.1472344100 0.0263968464 0.9887493253
-22.9 241.3 2216.0 0.6533611417 -0.6302924156 -0.4193456173 0.3938873708 0.7560665607 -0.5227007866 0.6465075016 0.1763374209 0.7422487140
-144.1 168.2 2096.1 -0.7493705153 -0.6302924156 -0.2029171586 -0.6518477201 0.7560665607 0.0588044859 0.1163548529 0.1763374209 -0.9774286151
265.8 251.7 2173.0 0.6610415578 0.1171341315 0.7411502600 -0.7485287786 0.0341782980 0.6622208953 0.0522374138 -0.9925277829 0.1102715433
414.0 83.9 2184.7 -0.4914311767 0.1171341315 0.8630034924 -0.8664759398 0.0341782980 -0.4980475008 -0.0878343508 -0.9925277829 0.0846976191
42.9 -153.3 2197.1 0.9807210565 0.0690184981 0.1828186959 -0.1014112756 0.9794667959 0.1742427796 -0.1670388728 -0.1894234270 0.9675829411
15.5 -542.5 2272.4 0.9841464162 0.0307012368 0.1746805906 -0.0438269712 0.9964566827 0.0717864707 -0.1718576998 -0.0783041194 0.9820047617
224.1 -147.4 2170.1 0.9948155284 0.1008398086 -0.0131684327 -0.0987299085 0.9887146950 0.1126748845 0.0243819375 -0.1107906103 0.9935446382
184.0 -540.3 2214.1 0.9990670085 -0.0408676453 -0.0139621682 0.0421094932 0.9935924411 0.1048849747 0.0095863026 -0.1053750589 0.9943863153
67.3 352.1 2063.3 0 0 0 0 0 0 0 0 0
286.3 -141.2 2161.9 0 0 0 0 0 0 0 0 0
3.8 -923.0 2302.3 0 0 0 0 0 0 0 0 0
199.7 -919.8 2254.4 0 0 0 0 0 0 0 0 0
86.5 485.0 2190.6 5 0.9813504815 -0.1374859512 0.1343461275 0.1333051026 0.9902804494 0.0396782830 -0.1384955645 -0.0210292749 0.9901397824
119.5 247.2 2195.6 0.9813504815 -0.1374859512 0.1343461275 0.1333051026 0.9902804494 0.0396782830 -0.1384955645 -0.0210292749 0.9901397824
125.7 48.6 2190.5 0.9897246361 -0.0313099474 0.1395165622 0.0346059985 0.9991748333 -0.0212612394 -0.1387357563 0.0258708820 0.9899914861
-25.1 242.1 2215.9 0.6440283060 -0.6215564609 -0.4459765553 0.4022878408 0.7710273266 -0.4936409295 0.6506858468 0.1385077834 0.7466080189
-142.5 168.7 2097.2 -0.7598372698 -0.6215564609 -0.1905645132 -0.6363980770 0.7710273266 0.0226797126 0.1328337193 0.1385077834 -0.9814126492
264.1 252.2 2175.4 0.6604788899 0.0870125070 0.7457858324 -0.7499889731 0.0290470384 0.6608122587 0.0358360596 -0.9957836866 0.0844433755
413.5 82.6 2183.5 -0.4874996841 0.0870125070 0.8687766790 -0.8704719543 0.0290470384 -0.4913601875 -0.0679898709 -0.9957836866 0.0615815260
43.6 -153.9 2197.5 0.9824706316 0.0666802302 0.1740838140 -0.0960045457 0.9814611077 0.1658833027 -0.1597953439 -0.1796883196 0.9706583023
17.1 -543.9 2268.9 0.9847744107 0.0460021868 0.1676400155 -0.0601107553 0.9949743748 0.0800795406 -0.1631136835 -0.0889372528 0.9825904965
224.9 -147.3 2170.5 0.9944483042 0.1029274240 -0.0218757130 -0.0999256298 0.9888713956 0.1102187485 0.0329767987 -0.1074209064 0.9936665893
184.0 -540.3 2213.2 0.9990718365 -0.0365308709 -0.0228232834 0.0386595875 0.9941247106 0.1011013985 0.0189958680 -0.1018899009 0.9946143031
69.2 346.1 2060.2 0 0 0 0 0 0 0 0 0
286.8 -143.6 2165.8 0 0 0 0 0 0 0 0 0
-0.5 -923.9 2302.9 0 0 0 0 0 0 0 0 0
197.9 -920.1 2252.1 0 0 0 0 0 0 0 0 0
87.0 485.0 2189.7 6 0.9834374785 -0.1313846409 0.1248552725 0.1271640956 0.9910244942 0.0412273742 -0.1291512847 -0.0246674381 0.9913180470
118.3 248.4 2195.6 0.9834374785 -0.1313846409 0.1248552725 0.1271640956 0.9910244942 0.0412273742 -0.1291512847 -0.0246674381 0.9913180470
125.0 49.8 2190.9 0.9909691811 -0.0334740840 0.1298442483 0.0362403728 0.9991624951 -0.0190000124 -0.1290995032 0.0235340316 0.9913523197
-26.4 243.1 2214.4 0.6223996282 -0.6274419427 -0.4679052830 0.4184719920 0.7719511986 -0.4785107970 0.6614377499 0.1020196900 0.7430289984
-141.0 166.1 2092.7 -0.7606993318 -0.6274419427 -0.1662925184 -0.6356633306 0.7719511986 -0.0048460308 0.1314103156 0.1020196900 -0.9860645533
263.1 253.7 2176.7 0.6614567041 0.0890379697 0.7446793318 -0.7493879795 0.0389084034 0.6609870195 0.0298786592 -0.9952679873 0.0924602076
413.6 83.1 2183.5 -0.4872109890 0.0890379697 0.8687334061 -0.8698304892 0.0389084034 -0.4918140471 -0.0775911584 -0.9952679873 0.0584913418
41.2 -153.1 2198.1 0.9847285151 0.0588521026 0.1638481170 -0.0857098922 0.9830589294 0.1620151848 -0.1515374333 -0.1735843718 0.9730903506
17.8 -543.8 2267.1 0.9861549139 0.0483969077 0.1586071253 -0.0621211678 0.9946327209 0.0827450231 -0.1537512243 -0.0914522707 0.9838684201
222.7 -146.8 2172.6 0.9946001768 0.0989880636 -0.0311754644 -0.0946560279 0.9884215593 0.1185878068 0.0425532795 -0.1149965078 0.9924540520
183.3 -539.5 2218.3 0.9982983470 -0.0450906530 -0.0369755626 0.0472551472 0.9970840216 0.0599197485 0.0341659226 -0.0615650713 0.9975181222
69.8 342.2 2056.3 0 0 0 0 0 0 0 0 0
287.1 -142.9 2163.4 0 0 0 0 0 0 0 0 0
-0.7 -923.8 2302.0 0 0 0 0 0 0 0 0 0
200.5 -920.2 2241.8 0 0 0 0 0 0 0 0 0
86.5 485.4 2188.7 7 0.9841548204 -0.1416459978 0.1066569760 0.1377204955 0.9895220399 0.0433496870 -0.1116797403 -0.0279739536 0.9933504462
121.1 243.9 2195.5 0.9841548204 -0.1416459978 0.1066569760 0.1377204955 0.9895220399 0.0433496870 -0.1116797403 -0.0279739536 0.9933504462
126.8 45.3 2191.3 0.9933029413 -0.0287236664 0.1119118109 0.0309262201 0.9993596673 -0.0179948080 -0.1113232747 0.0213353038 0.9935551882
-24.0 239.3 2211.8 0.6431865096 -0.6140295267 -0.4574700892 0.3942909241 0.7777399421 -0.4895460010 0.6563884616 0.1344930679 0.7423380613
-140.8 167.8 2092.7 -0.7664893270 -0.6140295267 -0.1883133352 -0.6282312870 0.7777399421 0.0211206321 0.1334901005 0.1344930679 -0.9818818569
266.1 248.4 2179.3 0.6725298166 0.0857685506 0.7350832820 -0.7397872210 0.0504536107 0.6709465981 0.0204585083 -0.9950367808 0.0973820314
414.7 84.9 2183.8 -0.4887938201 0.0857685506 0.8681730032 -0.8681350946 0.0504536107 -0.4937568903 -0.0861512721 -0.9950367808 0.0497972742
40.7 -152.0 2198.1 0.9875464439 0.0535150506 0.1479464024 -0.0794518963 0.9812871814 0.1753932983 -0.1357917339 -0.1849636436 0.9733185768
19.5 -542.0 2271.6 0.9883335233 0.0589824468 0.1404205114 -0.0673888922 0.9961606860 0.0558800846 -0.1365854442 -0.0646909401 0.9885137677
222.5 -145.4 2174.4 0.9939575195 0.0980594680 -0.0493233390 -0.0920937657 0.9895032644 0.1113645434 0.0597259514 -0.1061492562 0.9925548434
183.5 -538.6 2216.6 0.9980158806 -0.0360858738 -0.0515956096 0.0405500159 0.9952708483 0.0882699192 0.0481663086 -0.0901869833 0.9947594404
70.1 340.6 2055.9 0 0 0 0 0 0 0 0 0
287.7 -140.6 2161.4 0 0 0 0 0 0 0 0 0
-3.1 -922.4 2296.3 0 0 0 0 0 0 0 0 0
197.3 -918.6 2251.0 0 0 0 0 0 0 0 0 0
86.3 483.9 2187.2 8 0.9840715528 -0.1403892934 0.1090595350 0.1361929327 0.9896572828 0.0450551175 -0.1142568216 -0.0294843242 0.9930136204
120.7 241.9 2194.5 0.9840715528 -0.1403892934 0.1090595350 0.1361929327 0.9896572828 0.0450551175 -0.1142568216 -0.0294843242 0.9930136204
126.3 43.3 2191.0 0.9930626750 -0.0285227429 0.1140743569 0.0303140804 0.9994423985 -0.0139991455 -0.1136114523 0.0173600875 0.9933735728
-24.4 237.4 2211.1 0.6539576054 -0.6047626734 -0.4545344412 0.3840155303 0.7830132842 -0.4893079400 0.6518216729 0.1454383582 0.7442957759
-142.6 168.0 2093.2 -0.7711321712 -0.6047626734 -0.1990410537 -0.6213644743 0.7830132842 0.0282199699 0.1387854069 0.1454383582 -0.9795847535
265.7 246.3 2177.9 0.6758977771 0.0895158350 0.7315388322 -0.7365485430 0.0474851578 0.6747158170 0.0256605130 -0.9948527813 0.0980278701
414.0 84.7 2183.5 -0.4767511785 0.0895158350 0.8744685650 -0.8749520183 0.0474851578 -0.4818756282 -0.0846597776 -0.9948527813 0.0556834564
41.4 -156.2 2197.3 0.9869312048 0.0588255934 0.1500212848 -0.0854906961 0.9803068042 0.1780167669 -0.1365949363 -0.1885157228 0.9725243449
18.0 -545.7 2272.2 0.9886634946 0.0508241318 0.1412849277 -0.0585992523 0.9969561696 0.0514245145 -0.1382412761 -0.0591207296 0.9886324406
223.5 -150.5 2176.8 0.9938941002 0.0998751372 -0.0468980558 -0.0937829763 0.9885959029 0.1178257987 0.0581310950 -0.1127081290 0.9919262528
183.9 -543.4 2221.6 0.9972428083 -0.0503629707 -0.0545006767 0.0526209883 0.9977799058 0.0408205278 0.0523238368 -0.0435758568 0.9976789951
70.2 339.5 2054.9 0 0 0 0 0 0 0 0 0
290.1 -142.6 2161.5 0 0 0 0 0 0 0 0 0
-1.4 -926.6 2294.8 0 0 0 0 0 0 0 0 0
203.1 -924.0 2238.3 0 0 0 0 0 0 0 0 0
85.7 483.7 2187.0 9 0.9825469851 -0.1407745928 0.1215890869 0.1369867772 0.9898043871 0.0390113220 -0.1258412153 -0.0216743611 0.9918136001
120.4 239.8 2192.3 0.9825469851 -0.1407745928 0.1215890869 0.1369867772 0.9898043871 0.0390113220 -0.1258412153 -0.0216743611 0.9918136001
125.9 41.2 2192.7 0.9918408394 -0.0276757386 0.1244418919 0.0272252765 0.9996151924 0.0053193285 -0.1245412156 -0.0018879623 0.9922126532
-24.5 235.8 2210.5 0.6597351432 -0.6041018963 -0.4470015764 0.3793459535 0.7811765671 -0.4958425164 0.6487265825 0.1575564891 0.7445332408
-142.2 168.1 2094.8 -0.7716249228 -0.6041018963 -0.1991377622 -0.6227957010 0.7811765671 0.0434593931 0.1293078512 0.1575564891 -0.9790073633
265.3 243.7 2174.2 0.6764106750 0.1309588999 0.7247885466 -0.7347825170 0.0523405075 0.6762803793 0.0506291352 -0.9900051951 0.1316299886
414.1 82.1 2185.3 -0.4894153178 0.1309588999 0.8621614575 -0.8650250435 0.0523405075 -0.4989911616 -0.1104733050 -0.9900051951 0.0876664817
40.9 -158.1 2198.0 0.9856508374 0.0539762340 0.1599343866 -0.0844725594 0.9780438542 0.1905114055 -0.1461397558 -0.2012877911 0.9685692787
19.5 -546.8 2278.0 0.9872220755 0.0558956601 0.1492253393 -0.0612332374 0.9976290464 0.0314133577 -0.1471156627 -0.0401495099 0.9883040786
223.1 -152.6 2177.1 0.9944025874 0.0987541378 -0.0375647359 -0.0933160186 0.9876166582 0.1261166930 0.0495541058 -0.1219053715 0.9913039207
183.8 -545.1 2225.6 0.9980608225 -0.0386566445 -0.0487880073 0.0392118655 0.9991760254 0.0104746195 0.0483428948 -0.0123673761 0.9987542033
70.4 339.7 2059.2 0 0 0 0 0 0 0 0 0
287.0 -142.6 2156.6 0 0 0 0 0 0 0 0 0
-1.9 -927.9 2293.3 0 0 0 0 0 0 0 0 0
198.6 -926.4 2230.3 0 0 0 0 0 0 0 0 0
86.4 484.2 2187.4 0 0.9826270342 -0.1395977885 0.1222969741 0.1358032227 0.9899728894 0.0388733819 -0.1264973283 -0.0215897094 0.9917320013
120.8 240.1 2192.7 0.9826270342 -0.1395977885 0.1222969741 0.1358032227 0.9899728894 0.0388733819 -0.1264973283 -0.0215897094 0.9917320013
126.2 41.5 2193.1 0.9917688966 -0.0271837320 0.1251220256 0.0267466325 0.9996288419 0.0051722736 -0.1252161860 -0.0017831069 0.9921278954
-24.1 236.2 2211.0 0.6561421752 -0.6035783291 -0.4529576898 0.3767112195 0.7820723057 -0.4964388609 0.6538854241 0.1551002264 0.7405253649
-141.5 168.8 2094.1 -0.7755758166 -0.6035783291 -0.1848658174 -0.6210181117 0.7820723057 0.0519552082 0.1132194102 0.1551002264 -0.9813894629
265.7 244.0 2174.4 0.6872097850 0.1402344257 0.7127952576 -0.7243923545 0.0583217368 0.6869164705 0.0547578894 -0.9883991480 0.1416640282
417.2 84.3 2186.5 -0.5077208877 0.1402344257 0.8500316739 -0.8527887464 0.0583217368 -0.5189893246 -0.1223554984 -0.9883991480 0.0899791867
40.5 -159.9 2204.5 0.9858694077 0.0535136573 0.1587381363 -0.0783859268 0.9848273993 0.1548246294 -0.1480444223 -0.1650796980 0.9751059413
19.2 -551.0 2270.1 0.9867584705 0.0507273376 0.1540600806 -0.0632089153 0.9950077534 0.0772285387 -0.1493733674 -0.0859438851 0.9850386977
222.4 -155.0 2181.7 0.9945588708 0.0962325484 -0.0398989469 -0.0921008810 0.9912148118 0.0949242562 0.0486832298 -0.0907330289 0.9946845770
184.2 -548.7 2217.7 0.9985483289 -0.0352967121 -0.0406867079 0.0387244821 0.9954734445 0.0867931545 0.0374390222 -0.0882427320 0.9953951836
72.3 340.0 2062.8 0 0 0 0 0 0 0 0 0
285.3 -137.2 2154.7 0 0 0 0 0 0 0 0 0
-0.1 -930.8 2302.9 0 0 0 0 0 0 0 0 0
197.6 -927.8 2251.3 0 0 0 0 0 0 0 0 0
85.8 484.5 2187.6 1 0.9829363823 -0.1449169219 0.1132925749 0.1415718049 0.9892333746 0.0370773450 -0.1174459308 -0.0204056390 0.9928696156
121.5 240.9 2192.6 0.9829363823 -0.1449169219 0.1132925749 0.1415718049 0.9892333746 0.0370773450 -0.1174459308 -0.0204056390 0.9928696156
125.9 42.2 2193.0 0.9930047393 -0.0220260341 0.1160019711 0.0216153692 0.9997548461 0.0047970931 -0.1160791963 -0.0022561108 0.9932373762
-23.6 237.7 2209.6 0.6573673487 -0.6041741967 -0.4503795803 0.3837621808 0.7827566266 -0.4899169803 0.6485328078 0.1492167711 0.7464178205
-141.0 169.1 2093.7 -0.7770186067 -0.6041741967 -0.1766794771 -0.6202340126 0.7827566266 0.0510079712 0.1074793264 0.1492167711 -0.9829458594
266.6 244.0 2175.6 0.7016193867 0.1261174977 0.7013020515 -0.7106844187 0.0526470356 0.7015382648 0.0515547767 -0.9906173348 0.1265679151
419.1 89.5 2186.9 -0.4907546043 0.1261174977 0.8621219993 -0.8645253181 0.0526470356 -0.4998242557 -0.1084247530 -0.9906173348 0.0831949934
40.6 -159.6 2204.9 0.9869964123 0.0562882237 0.1505645066 -0.0797503963 0.9847463965 0.1546428949 -0.1395632774 -0.1646395624 0.9764301777
18.3 -550.8 2270.3 0.9878996611 0.0554276146 0.1448518634 -0.0653809234 0.9957489967 0.0648786798 -0.1406400353 -0.0735641718 0.9873239994
222.6 -154.7 2181.9 0.9939156175 0.0988347456 -0.0486151949 -0.0939036831 0.9910413027 0.0949698016 0.0575659797 -0.0898268223 0.9942923784
183.3 -548.5 2217.6 0.9979314804 -0.0397131853 -0.0505535044 0.0434651263 0.9962040186 0.0754207447 0.0473664068 -0.0774620473 0.9958695173
73.5 340.3 2064.0 0 0 0 0 0 0 0 0 0
291.6 -135.0 2158.7 0 0 0 0 0 0 0 0 0
-2.9 -931.1 2298.4 0 0 0 0 0 0 0 0 0
198.4 -928.5 2247.2 0 0 0 0 0 0 0 0 0
86.8 485.3 2187.7 2 0.9848437309 -0.1456634402 0.0941540673 0.1423805952 0.9889737368 0.0407276973 -0.0990484357 -0.0267047063 0.9947242141
122.7 241.1 2194.3 0.9848437309 -0.1456634402 0.0941540673 0.1423805952 0.9889737368 0.0407276973 -0.0990484357 -0.0267047063 0.9947242141
127.9 42.5 2193.3 0.9948666096 -0.0257248189 0.0978705510 0.0260842852 0.9996568561 -0.0023949274 -0.0977753550 0.0049355165 0.9951962829
-22.6 237.3 2208.5 0.6566856503 -0.6076425314 -0.4466929138 0.3859786987 0.7796431184 -0.4931298494 0.6479077339 0.1514173448 0.7465174794
-139.4 168.6 2093.3 -0.7747808695 -0.6076425314 -0.1745999753 -0.6238171458 0.7796431184 0.0548527911 0.1027947813 0.1514173448 -0.9831103683
268.1 244.9 2180.0 0.6910910010 0.1097009256 0.7143941522 -0.7221156955 0.0628225058 0.6889138222 0.0306944475 -0.9919773340 0.1226328313
418.6 87.6 2186.7 -0.4884611964 0.1097009256 0.8656623960 -0.8657701015 0.0628225058 -0.4964831173 -0.1088477373 -0.9919773340 0.0642894208
39.2 -158.4 2204.1 0.9898520708 0.0498594269 0.1330673248 -0.0716572329 0.9837839007 0.1644217223 -0.1227115095 -0.1722884178 0.9773733020
19.4 -549.3 2272.6 0.9897759557 0.0644574612 0.1272353977 -0.0728439987 0.9953896403 0.0623957850 -0.1226269230 -0.0710261762 0.9899080396
221.3 -154.5 2182.8 0.9929754138 0.0977967754 -0.0666006878 -0.0914848223 0.9915466905 0.0920094028 0.0750359148 -0.0852701217 0.9935283661
182.5 -548.5 2216.7 0.9957286716 -0.0632616654 -0.0672488511 0.0689183027 0.9939585328 0.0854208544 0.0614387058 -0.0896906704 0.9940728545
74.0 340.5 2064.9 0 0 0 0 0 0 0 0 0
291.7 -137.3 2158.4 0 0 0 0 0 0 0 0 0
-5.2 -929.6 2299.7 0 0 0 0 0 0 0 0 0
206.6 -927.9 2251.0 0 0 0 0 0 0 0 0 0
86.6 485.9 2187.2 3 0.9855543971 -0.1408487707 0.0940430909 0.1374612004 0.9896327853 0.0416093953 -0.0989287645 -0.0280810483 0.9946982265
121.5 240.6 2194.2 0.9855543971 -0.1408487707 0.0940430909 0.1374612004 0.9896327853 0.0416093953 -0.0989287645 -0.0280810483 0.9946982265
127.0 42.0 2193.6 0.9948467016 -0.0275843013 0.0975662544 0.0277165677 0.9996158481 -0.0000003067 -0.0975287631 0.0027045067 0.9952290058
-23.8 236.6 2208.4 0.6417520642 -0.6155365109 -0.4574594200 0.3925632834 0.7760821581 -0.4935489297 0.6588234901 0.1371542662 0.7396893501
-137.6 167.0 2091.6 -0.7698182464 -0.6155365109 -0.1688037068 -0.6293516755 0.7760821581 0.0401619151 0.1062844098 0.1371542662 -0.9848310947
266.8 244.7 2179.9 0.6812272072 0.1131303534 0.7232779860 -0.7312099934 0.0572158881 0.6797487140 0.0355172157 -0.9919313788 0.1216990650
417.2 83.3 2187.8 -0.4961689711 0.1131303534 0.8608239293 -0.8616950512 0.0572158881 -0.5041904449 -0.1062920466 -0.9919313788 0.0690951198
41.8 -158.6 2201.3 0.9894415140 0.0571331829 0.1331963837 -0.0809145421 0.9802201390 0.1806138456 -0.1202427223 -0.1894843578 0.9744933844
19.1 -548.0 2276.6 0.9903148413 0.0618049018 0.1243250072 -0.0681500509 0.9965463281 0.0474446639 -0.1209633127 -0.0554579087 0.9911066294
224.2 -153.8 2183.3 0.9925329685 0.1016346961 -0.0674442723 -0.0953658447 0.9913257957 0.0904353932 0.0760506168 -0.0833282247 0.9936159849
183.8 -547.8 2216.5 0.9969753623 -0.0384516306 -0.0675397515 0.0444386378 0.9949946404 0.0895037428 0.0637601241 -0.0922344029 0.9936938286
74.2 340.1 2062.3 0 0 0 0 0 0 0 0 0
288.3 -140.6 2160.2 0 0 0 0 0 0 0 0 0
-4.5 -928.7 2297.7 0 0 0 0 0 0 0 0 0
198.5 -927.6 2251.7 0 0 0 0 0 0 0 0 0
87.2 484.8 2188.0 4 0.9861606956 -0.1403646767 0.0882316232 0.1375340670 0.9897902608 0.0374116935 -0.0925820842 -0.0247590858 0.9953971505
121.9 240.7 2194.1 0.9861606956 -0.1403646767 0.0882316232 0.1375340670 0.9897902608 0.0374116935 -0.0925820842 -0.0247590858 0.9953971505
128.2 42.1 2193.7 0.9953067899 -0.0317544006 0.0914114341 0.0318272747 0.9994931817 0.0006607822 -0.0913860798 0.0022516956 0.9958130121
-23.5 236.0 2207.4 0.6372277141 -0.6198401451 -0.4579727054 0.3923702240 0.7723971009 -0.4994480312 0.6633147597 0.1385672688 0.7353996634
-136.2 166.7 2090.2 -0.7677057981 -0.6198401451 -0.1625608057 -0.6334454417 0.7723971009 0.0463639535 0.0968232527 0.1385672688 -0.9856086373
267.2 245.3 2180.7 0.6767518520 0.1130559593 0.7274787426 -0.7356250882 0.0644199848 0.6743187904 0.0293715857 -0.9914980531 0.1267631352
417.0 82.5 2187.2 -0.5121434927 0.1130559593 0.8514267206 -0.8513394594 0.0644199848 -0.5206449628 -0.1137109101 -0.9914980531 0.0632567257
41.3 -159.2 2202.0 0.9898008704 0.0673098341 0.1255530566 -0.0880158320 0.9819441438 0.1674483567 -0.1120151579 -0.1767911911 0.9778534770
14.5 -549.3 2272.3 0.9925526381 0.0282452367 0.1184967309 -0.0369858257 0.9967024326 0.0722237900 -0.1160660014 -0.0760686100 0.9903243184
