60.2 493.1 2308.4 2 0.9878711700 -0.1551235318 0.0068699350 0.1548993886 0.9875907302 0.0258975737 -0.0108020073 -0.0245193187 0.9996410012
94.2 277.0 2313.7 0.9878711700 -0.1551235318 0.0068699350 0.1548993886 0.9875907302 0.0258975737 -0.0108020073 -0.0245193187 0.9996410012
94.8 78.3 2317.1 0.9999661446 -0.0031897333 0.0075870818 0.0030611861 0.9998525977 0.0168946069 -0.0076398528 -0.0168708097 0.9998285174
-46.5 276.5 2314.8 0.2308907360 -0.8553195596 -0.4638080299 0.5750524998 0.5044827461 -0.6440588236 0.7848592401 -0.1180067584 0.6083340645
-96.3 152.5 2145.5 -0.5075604320 -0.8553195596 0.1039752215 -0.8616040945 0.5044827461 -0.0559958629 -0.0045593460 -0.1180067584 -0.9930022955
234.8 277.4 2312.7 0.1552525610 0.5404028893 0.8269590735 -0.9875447750 0.0632636175 0.1440591365 0.0255335476 -0.8390246630 0.5434938669
275.1 21.1 2319.3 -0.0361080877 0.5511956215 0.8335943818 -0.9633072615 0.2027957141 -0.1758208722 -0.2659610510 -0.8093560934 0.5236482024
5.4 -117.5 2322.0 0.9957451820 0.0915966704 -0.0100785298 -0.0910309404 0.9947468638 0.0468197353 0.0143141169 -0.0457030684 0.9988524914
-31.0 -513.0 2340.1 0.9994216561 0.0336641707 -0.0048039709 -0.0329839624 0.9940465093 0.1038441658 0.0082711978 -0.1036256552 0.9945819974
188.8 -113.1 2321.9 0.9550177455 0.0347565264 0.2945047915 -0.0090325512 0.9960564375 -0.0882607549 -0.2964110374 0.0816304609 0.9515655041
174.9 -509.1 2289.5 0.9571607113 -0.0198460054 0.2888763249 -0.0567089617 0.9654802680 0.2542282343 -0.2839498222 -0.2597191334 0.9229943156
34.2 374.1 2146.7 0 0 0 0 0 0 0 0 0
265.2 -243.7 2246.2 0 0 0 0 0 0 0 0 0
-40.7 -799.6 2370.0 0 0 0 0 0 0 0 0 0
182.5 -878.1 2388.7 0 0 0 0 0 0 0 0 0
59.8 493.4 2309.1 3 0.9864089489 -0.1639790982 0.0104060136 0.1638053656 0.9863662124 0.0157957096 -0.0128543060 -0.0138764679 0.9998210669
96.2 274.3 2312.2 0.9864089489 -0.1639790982 0.0104060136 0.1638053656 0.9863662124 0.0157957096 -0.0128543060 -0.0138764679 0.9998210669
93.4 75.7 2318.0 0.9998563528 0.0141032822 0.0093981996 -0.0143718459 0.9994717240 0.0291491263 -0.0089821368 -0.0292800087 0.9995309114
-44.4 276.3 2313.4 0.2441722006 -0.8584777713 -0.4509942830 0.5717644095 0.5030818582 -0.6480695009 0.7832403183 -0.0996219367 0.6136856675
-96.7 153.8 2145.6 -0.5049493313 -0.8584777713 0.0896775499 -0.8631177545 0.5030818582 -0.0440037176 -0.0073389355 -0.0996219367 -0.9949982762
236.9 272.3 2310.9 0.1466409713 0.5376182199 0.8303391337 -0.9889452457 0.0610140637 0.1351467371 0.0219949856 -0.8409779668 0.5406221747
276.2 7.1 2316.8 -0.0427045897 0.5481346846 0.8352991343 -0.9659464955 0.1909003258 -0.1746553183 -0.2551935315 -0.8143128753 0.5213164687
3.7 -120.7 2321.2 0.9962552190 0.0859527439 -0.0093637994 -0.0854776055 0.9954176545 0.0428638235 0.0130051542 -0.0419029146 0.9990370274
-30.4 -516.4 2337.8 0.9993355870 0.0362898670 -0.0033877711 -0.0356847383 0.9931000471 0.1117087305 0.0074182907 -0.1115136147 0.9937351942
187.1 -120.1 2319.8 0.9551389813 0.0290363934 0.2947311103 -0.0078301933 0.9973101616 -0.0728778392 -0.2960544229 0.0673006624 0.9527971148
175.6 -516.6 2293.0 0.9572249055 -0.0204407461 0.2886219025 -0.0543326847 0.9670592546 0.2486852556 -0.2841978073 -0.2537293434 0.9245826006
33.7 376.8 2147.5 0 0 0 0 0 0 0 0 0
264.5 -258.5 2246.6 0 0 0 0 0 0 0 0 0
-40.8 -799.3 2369.6 0 0 0 0 0 0 0 0 0
183.4 -886.3 2390.0 0 0 0 0 0 0 0 0 0
60.2 492.4 2308.4 4 0.9934535027 -0.1137367487 0.0106814271 0.1134887934 0.9933066964 0.0214977507 -0.0130550172 -0.0201447941 0.9997118115
84.2 282.7 2312.7 0.9934535027 -0.1137367487 0.0106814271 0.1134887934 0.9933066964 0.0214977507 -0.0130550172 -0.0201447941 0.9997118115
88.3 84.2 2317.9 0.9997329712 -0.0206552520 0.0103583578 0.0203769617 0.9994466901 0.0262881983 -0.0108956154 -0.0260701068 0.9996007085
-56.3 279.9 2314.2 0.2042233646 -0.8803473711 -0.4281136394 0.5948020220 0.4589364827 -0.6599907875 0.7774981260 -0.1198573187 0.6173579693
-100.4 151.6 2146.6 -0.4678702354 -0.8803473711 0.0780122727 -0.8817381859 0.4589364827 -0.1091561615 0.0602926649 -0.1198573187 -0.9909586310
224.8 285.6 2311.2 0.1754388213 0.5345966816 0.8266968131 -0.9842402339 0.0763163269 0.1595209837 0.0221889243 -0.8416544199 0.5395604372
274.8 5.0 2317.5 -0.0384040289 0.5423840284 0.8392524719 -0.9684692025 0.1866890192 -0.1649685502 -0.2461555302 -0.8191255927 0.5181125998
-1.1 -121.6 2324.6 0.9970889688 0.0757575557 -0.0086273486 -0.0753186718 0.9962257743 0.0431434698 0.0118632307 -0.0423680767 0.9990316629
-31.2 -517.7 2341.5 0.9994794130 0.0319875851 -0.0042060930 -0.0313995518 0.9943889380 0.1010186449 0.0074138343 -0.1008339897 0.9948756695
182.3 -124.3 2323.0 0.9541224837 0.0169820506 0.2989346981 0.0045985626 0.9974414110 -0.0713406429 -0.2993813455 0.0694423839 0.9516031742
175.6 -520.8 2295.4 0.9570464492 -0.0195534509 0.2892745435 -0.0539307967 0.9683049917 0.2438789904 -0.2848746479 -0.2490043193 0.9256582856
20.0 378.5 2131.0 0 0 0 0 0 0 0 0 0
264.3 -261.3 2249.8 0 0 0 0 0 0 0 0 0
-40.2 -798.4 2369.9 0 0 0 0 0 0 0 0 0
183.1 -891.0 2390.6 0 0 0 0 0 0 0 0 0
59.1 493.5 2309.6 5 0.9960892797 -0.0882693008 -0.0038328075 0.0883293673 0.9958834052 0.0203522276 0.0020205525 -0.0206111856 0.9997855425
77.3 288.6 2313.8 0.9960892797 -0.0882693008 -0.0038328075 0.0883293673 0.9958834052 0.0203522276 0.0020205525 -0.0206111856 0.9997855425
85.1 90.1 2318.2 0.9992313981 -0.0390045308 -0.0039047229 0.0390796363 0.9990051985 0.0214794260 0.0030630436 -0.0216155108 0.9997616410
-63.2 283.1 2313.4 0.1792850196 -0.8836786151 -0.4323990941 0.6304530501 0.4406101108 -0.6390553117 0.7552389503 -0.1580342799 0.6361126900
-102.2 146.0 2149.2 -0.4588929415 -0.8836786151 0.0923545733 -0.8820539713 0.4406101108 -0.1668636501 0.1067614853 -0.1580342799 -0.9816451073
217.8 294.1 2314.3 0.2036757916 0.5436905622 0.8141970038 -0.9788082242 0.0950488523 0.1813840717 0.0212283209 -0.8338862658 0.5515279174
274.2 23.4 2320.2 -0.0308712516 0.5486857891 0.8354584575 -0.9706405401 0.1830279529 -0.1560696661 -0.2385454625 -0.8157479167 0.5269263387
0.8 -116.2 2324.0 0.9967168570 0.0776375905 -0.0229767915 -0.0766489431 0.9962078929 0.0411672108 0.0260857847 -0.0392709076 0.9988880754
-30.1 -512.3 2339.6 0.9991805553 0.0362176634 -0.0180703681 -0.0341603830 0.9940463305 0.1034647301 0.0217100345 -0.1027626544 0.9944689870
184.1 -112.5 2322.1 0.9576605558 0.0216940828 0.2870811224 -0.0014090873 0.9974981546 -0.0706782043 -0.2878962159 0.0672812089 0.9552952647
175.5 -509.1 2295.3 0.9595995545 -0.0178022292 0.2808055580 -0.0478440672 0.9731389880 0.2251920849 -0.2772717476 -0.2295290977 0.9329720140
15.3 372.0 2121.9 0 0 0 0 0 0 0 0 0
265.7 -243.5 2254.6 0 0 0 0 0 0 0 0 0
-40.5 -797.7 2369.1 0 0 0 0 0 0 0 0 0
182.3 -881.0 2383.0 0 0 0 0 0 0 0 0 0
58.6 494.2 2309.2 6 0.9922184348 -0.1244891733 -0.0022361395 0.1244944781 0.9916640520 0.0332196280 -0.0019179848 -0.0332395136 0.9994455576
85.1 283.6 2316.3 0.9922184348 -0.1244891733 -0.0022361395 0.1244944781 0.9916640520 0.0332196280 -0.0019179848 -0.0332395136 0.9994455576
90.0 84.9 2316.9 0.9996925592 -0.0247942116 0.0000016484 0.0247940663 0.9996868968 0.0033688778 -0.0000851765 -0.0033678012 0.9999943376
-55.6 280.1 2316.3 0.2011253983 -0.8791637421 -0.4319950044 0.6081443429 0.4577915370 -0.6485270858 0.7679251432 -0.1322800368 0.6267319918
-99.6 147.1 2148.3 -0.4695824981 -0.8791637421 0.0810146853 -0.8795097470 0.4577915370 -0.1299597919 0.0771680996 -0.1322800368 -0.9882039428
225.7 287.0 2316.2 0.1875752360 0.5461140871 0.8164404035 -0.9818647504 0.0809637532 0.1714247167 0.0275153704 -0.8337891102 0.5513969660
274.0 34.3 2323.3 -0.0253467355 0.5527713895 0.8329473734 -0.9680351019 0.1944076866 -0.1584728360 -0.2495306283 -0.8103390932 0.5301744938
1.2 -112.0 2322.2 0.9967420697 0.0786770955 -0.0177537389 -0.0780124739 0.9963218570 0.0354512632 0.0204776395 -0.0339507498 0.9992136955
-30.1 -508.1 2335.7 0.9991527200 0.0394994020 -0.0115621453 -0.0379423648 0.9928628802 0.1130649373 0.0159456227 -0.1125304401 0.9935203195
184.4 -104.8 2322.8 0.9568789005 0.0233898144 0.2895440161 0.0028567198 0.9959471822 -0.0898949802 -0.2904731631 0.0868457556 0.9529339671
175.1 -500.7 2288.3 0.9596497416 -0.0211782586 0.2803994119 -0.0523504764 0.9662716985 0.2521477044 -0.2762820721 -0.2566525340 0.9261736870
20.6 372.2 2128.6 0 0 0 0 0 0 0 0 0
267.0 -231.9 2254.7 0 0 0 0 0 0 0 0 0
-41.5 -795.8 2368.3 0 0 0 0 0 0 0 0 0
183.2 -870.0 2386.3 0 0 0 0 0 0 0 0 0
58.4 492.5 2308.5 7 0.9909279943 -0.1343925446 0.0005801636 0.1342644989 0.9901546836 0.0395828336 -0.0058940896 -0.0391458422 0.9992161393
87.0 281.8 2316.8 0.9909279943 -0.1343925446 0.0005801636 0.1342644989 0.9901546836 0.0395828336 -0.0058940896 -0.0391458422 0.9992161393
90.5 83.1 2317.7 0.9998403192 -0.0175708998 0.0032644554 0.0175563563 0.9998360276 0.0044315141 -0.0033417859 -0.0043734945 0.9999848604
-53.7 279.3 2317.3 0.2019035816 -0.8646094203 -0.4600928724 0.5961202979 0.4812157154 -0.6427068114 0.7770943046 -0.1445058733 0.6125704050
-97.8 149.1 2147.5 -0.4887377024 -0.8646094203 0.1165588275 -0.8722082973 0.4812157154 -0.0876590833 0.0197009332 -0.1445058733 -0.9893078208
227.7 284.3 2316.3 0.1759788096 0.5441694260 0.8203116059 -0.9840459824 0.0750910789 0.1612911224 0.0261716153 -0.8356081247 0.5487021804
274.2 24.3 2323.3 -0.0258937608 0.5533428192 0.8325510025 -0.9619539976 0.2127983570 -0.1713517159 -0.2719817460 -0.8053126931 0.5267801881
3.2 -116.0 2317.6 0.9963313937 0.0845081061 -0.0134942764 -0.0838146135 0.9954373240 0.0456033647 0.0172865596 -0.0443050452 0.9988684654
-30.4 -511.8 2335.3 0.9992341995 0.0384203158 -0.0074128401 -0.0372942053 0.9924651384 0.1167134643 0.0118411537 -0.1163476259 0.9931379557
186.6 -111.4 2317.6 0.9558667541 0.0291416533 0.2923516929 -0.0064388658 0.9969075322 -0.0783194974 -0.2937299609 0.0729805902 0.9530984163
175.0 -507.7 2288.6 0.9584165812 -0.0217693914 0.2845412791 -0.0581172705 0.9613006115 0.2693018019 -0.2793922424 -0.2746400833 0.9200612903
27.4 372.5 2142.5 0 0 0 0 0 0 0 0 0
267.1 -240.2 2248.5 0 0 0 0 0 0 0 0 0
-41.3 -794.3 2368.4 0 0 0 0 0 0 0 0 0
183.3 -875.1 2393.6 0 0 0 0 0 0 0 0 0
57.9 491.5 2308.6 8 0.9863827825 -0.1643203050 0.0069179367 0.1639996618 0.9858810902 0.0338018313 -0.0123745902 -0.0322070047 0.9994046092
93.2 279.9 2315.5 0.9863827825 -0.1643203050 0.0069179367 0.1639996618 0.9858810902 0.0338018313 -0.0123745902 -0.0322070047 0.9994046092
93.8 81.2 2318.1 0.9999579787 -0.0029932174 0.0086659761 0.0028799376 0.9999106526 0.0130549045 -0.0087042777 -0.0130293984 0.9998772144
-47.5 279.5 2316.8 0.2249303609 -0.8577551246 -0.4622363746 0.5900819898 0.4974214435 -0.6359049678 0.7753770351 -0.1297230273 0.6180310249
-96.7 150.5 2147.2 -0.5007029176 -0.8577551246 0.1164161786 -0.8655793667 0.4974214435 -0.0578298606 -0.0083040437 -0.1297230273 -0.9915155172
233.9 280.3 2314.3 0.1567510813 0.5417864919 0.8257702589 -0.9868897796 0.0533810556 0.1523122340 0.0384402163 -0.8388193250 0.5430510640
274.5 24.4 2324.3 -0.0309005100 0.5553271174 0.8310577273 -0.9578813314 0.2210384458 -0.1833177954 -0.2854970396 -0.8017192483 0.5251072645
2.3 -117.2 2318.9 0.9967116714 0.0806183591 -0.0081535447 -0.0801480412 0.9956666827 0.0471605100 0.0119202165 -0.0463519432 0.9988540411
-29.8 -513.1 2337.3 0.9991900325 0.0400989428 -0.0033776029 -0.0395163782 0.9935926795 0.1058870330 0.0076019196 -0.1056677923 0.9943724275
185.7 -114.0 2318.3 0.9547252655 0.0284832120 0.2961222827 -0.0055176821 0.9969300628 -0.0781025365 -0.2974378169 0.0729325563 0.9519514441
174.4 -510.4 2289.3 0.9568898678 -0.0350218900 0.2883318961 -0.0440734029 0.9637008309 0.2633216083 -0.2870877087 -0.2646775544 0.9206119776
31.9 372.8 2149.4 0 0 0 0 0 0 0 0 0
266.0 -239.0 2245.8 0 0 0 0 0 0 0 0 0
-41.1 -792.8 2367.1 0 0 0 0 0 0 0 0 0
187.8 -878.7 2390.4 0 0 0 0 0 0 0 0 0
58.7 493.0 2301.2 9 0.9856303930 -0.1687414199 -0.0076845582 0.1688549966 0.9830268025 0.0717377067 -0.0045509958 -0.0720044374 0.9973939061
95.6 277.8 2317.0 0.9856303930 -0.1687414199 -0.0076845582 0.1688549966 0.9830268025 0.0717377067 -0.0045509958 -0.0720044374 0.9973939061
93.7 79.1 2317.9 0.9999523759 0.0094859349 -0.0022976450 -0.0094751446 0.9999442101 0.0046625100 0.0023417452 -0.0046405173 0.9999864697
-45.1 279.1 2316.6 0.2331805378 -0.8631556630 -0.4478718042 0.5832009912 0.4926773608 -0.6458681226 0.7781410217 -0.1105954051 0.6182760000
-96.0 151.8 2146.8 -0.4966724217 -0.8631556630 0.0909880474 -0.8678788543 0.4926773608 -0.0636814237 0.0101392334 -0.1105954051 -0.9938138127
236.3 276.5 2317.3 0.1456949562 0.5495428443 0.8226637244 -0.9892161489 0.0683280826 0.1295481771 0.0149812410 -0.8326667547 0.5535717010
275.0 13.6 2321.3 -0.0374952555 0.5625150204 0.8259364367 -0.9554583430 0.2219399214 -0.1945303380 -0.2927345037 -0.7964417934 0.5291379690
2.6 -117.8 2321.5 0.9963620305 0.0831789449 -0.0185459852 -0.0823758096 0.9957771301 0.0405239053 0.0218384024 -0.0388487428 0.9990064502
-30.4 -513.7 2337.0 0.9991596937 0.0388527624 -0.0130503848 -0.0372590199 0.9936945438 0.1057491601 0.0170767438 -0.1051740572 0.9943072200
186.1 -117.3 2320.0 0.9581301808 0.0274777450 0.2850115299 -0.0061782729 0.9971370101 -0.0753635690 -0.2862663567 0.0704472288 0.9555568099
175.2 -513.7 2291.9 0.9600054026 -0.0282196272 0.2785556614 -0.0445685647 0.9668188095 0.2515451908 -0.2764113545 -0.2538995743 0.9268935919
31.7 375.0 2144.2 0 0 0 0 0 0 0 0 0
264.7 -249.2 2240.8 0 0 0 0 0 0 0 0 0
-41.4 -794.2 2366.7 0 0 0 0 0 0 0 0 0
186.0 -883.3 2389.0 0 0 0 0 0 0 0 0 0
59.0 496.3 2305.5 0 0.9928993583 -0.1188231930 0.0056511085 0.1183604226 0.9915540814 0.0530218445 -0.0119036045 -0.0519764870 0.9985773563
83.9 288.6 2316.4 0.9928993583 -0.1188231930 0.0056511085 0.1183604226 0.9915540814 0.0530218445 -0.0119036045 -0.0519764870 0.9985773563
89.1 90.0 2319.0 0.9996312857 -0.0257804804 0.0085230907 0.0256642550 0.9995797873 0.0134758139 -0.0088669220 -0.0132521065 0.9998728633
-56.6 285.0 2317.7 0.1873139292 -0.8804509640 -0.4355680943 0.6198982000 0.4499219358 -0.6428813934 0.7619971633 -0.1495872438 0.6300666332
-98.3 147.1 2148.1 -0.4626151323 -0.8804509640 0.1038909107 -0.8843107224 0.4499219358 -0.1247589961 0.0631013811 -0.1495872438 -0.9867329001
224.5 292.2 2315.1 0.1726098657 0.5356491208 0.8266110420 -0.9849850535 0.0911404043 0.1466213912 0.0031999564 -0.8395078778 0.5433381200
274.1 9.2 2316.0 -0.0390497558 0.5454038382 0.8372632861 -0.9579387903 0.2179670483 -0.1866645068 -0.2843033373 -0.8093361855 0.5139518976
0.1 -118.8 2318.6 0.9971405864 0.0749879628 -0.0093543204 -0.0745236129 0.9963015318 0.0427721590 0.0125271212 -0.0419527404 0.9990410805
-29.7 -514.9 2335.3 0.9991655946 0.0406180993 -0.0042777769 -0.0399032086 0.9931479692 0.1098398566 0.0087099513 -0.1095775068 0.9939401150
183.6 -120.6 2319.0 0.9543895125 0.0200330913 0.2978914678 0.0003440581 0.9976719022 -0.0681953654 -0.2985641360 0.0651874319 0.9521607161
175.6 -517.2 2293.1 0.9569846988 -0.0248225499 0.2890745699 -0.0501436554 0.9671909213 0.2490528822 -0.2857724428 -0.2528350651 0.9243422151
19.6 372.4 2132.0 0 0 0 0 0 0 0 0 0
263.4 -254.3 2237.8 0 0 0 0 0 0 0 0 0
-41.2 -794.8 2366.1 0 0 0 0 0 0 0 0 0
185.1 -887.0 2389.7 0 0 0 0 0 0 0 0 0
59.1 495.6 2308.1 1 0.9953734875 -0.0944143236 0.0178185459 0.0936131552 0.9947462082 0.0414308868 -0.0216365997 -0.0395711586 0.9989824891
78.4 292.1 2316.2 0.9953734875 -0.0944143236 0.0178185459 0.0936131552 0.9947462082 0.0414308868 -0.0216365997 -0.0395711586 0.9989824891
87.2 93.6 2319.3 0.9988224506 -0.0444044955 0.0195446461 0.0440818332 0.9988893270 0.0166416131 -0.0202619005 -0.0157604534 0.9996705055
-62.1 285.9 2319.1 0.1608332396 -0.8979051113 -0.4097549319 0.6216453910 0.4146206975 -0.6645650268 0.7666091919 -0.1478381306 0.6248633862
-98.2 146.5 2147.2 -0.4308368862 -0.8979051113 0.0902552158 -0.8966436982 0.4146206975 -0.1553055495 0.1020279601 -0.1478381306 -0.9837347865
218.9 298.3 2313.4 0.2037495375 0.5255862474 0.8259813786 -0.9788265228 0.0924578905 0.1826201677 0.0196141507 -0.8457012773 0.5332959890
274.4 31.7 2318.7 -0.0369085111 0.5349699259 0.8440645337 -0.9587116241 0.2193740010 -0.1809614003 -0.2819747031 -0.8158935308 0.5047851205
2.6 -110.9 2322.4 0.9967279434 0.0808292776 -0.0000169960 -0.0807946995 0.9963077307 0.0290370565 0.0023639775 -0.0289406721 0.9995783567
-29.6 -507.0 2333.9 0.9992443919 0.0381918028 0.0072118160 -0.0387764052 0.9922534823 0.1180227473 -0.0026484486 -0.1182132140 0.9929847121
185.9 -106.2 2320.7 0.9505245090 0.0255903881 0.3095936477 -0.0021554730 0.9971205592 -0.0758021772 -0.3106420040 0.0713845044 0.9478427172
175.7 -502.6 2292.4 0.9529234171 -0.0221418180 0.3024016321 -0.0521247052 0.9705201983 0.2353159636 -0.2986972034 -0.2400006950 0.9236772656
11.3 374.3 2121.2 0 0 0 0 0 0 0 0 0
264.2 -232.0 2241.2 0 0 0 0 0 0 0 0 0
-40.8 -799.0 2368.7 0 0 0 0 0 0 0 0 0
184.1 -873.6 2384.1 0 0 0 0 0 0 0 0 0
59.3 493.1 2308.5 2 0.9965338111 -0.0783103704 0.0280678365 0.0772081241 0.9962747693 0.0384118594 -0.0309713241 -0.0361116529 0.9988677502
75.1 291.9 2315.8 0.9965338111 -0.0783103704 0.0280678365 0.0772081241 0.9962747693 0.0384118594 -0.0309713241 -0.0361116529 0.9988677502
85.3 93.4 2319.8 0.9982731342 -0.0510055609 0.0291413367 0.0503787845 0.9984911084 0.0218525473 -0.0302119665 -0.0203467067 0.9993364215
-65.3 284.8 2320.0 0.1512417793 -0.8922900558 -0.4253755808 0.6260263324 0.4194887280 -0.6573585272 0.7649947405 -0.1668762416 0.6220412850
-99.2 144.6 2148.7 -0.4402537644 -0.8922900558 0.0999754295 -0.8903657198 0.4194887280 -0.1768560559 0.1158683226 -0.1668762416 -0.9791460037
215.6 298.9 2311.5 0.2251104712 0.5168507695 0.8259482980 -0.9737897515 0.0910362825 0.2084369063 0.0325395092 -0.8512212634 0.5237972140
274.8 42.6 2320.1 -0.0351604782 0.5271850228 0.8490228057 -0.9562500715 0.2291398197 -0.1818812191 -0.2904299796 -0.8182731271 0.4960640669
4.5 -108.9 2324.3 0.9964404106 0.0838571265 0.0086314399 -0.0840369835 0.9961933494 0.0231633000 -0.0066561750 -0.0238062087 0.9996944070
-28.9 -504.9 2333.7 0.9988801479 0.0443417467 0.0165013112 -0.0459722281 0.9920663238 0.1170083955 -0.0111820390 -0.1176359653 0.9929938316
187.6 -100.8 2320.5 0.9474384785 0.0257424191 0.3189006150 0.0015072918 0.9963876009 -0.0849088728 -0.3199343681 0.0809266120 0.9439771771
177.4 -496.9 2288.4 0.9507430196 -0.0123224286 0.3097350597 -0.0676769763 0.9668528438 0.2462019920 -0.3025020361 -0.2550367713 0.9183946848
12.6 370.6 2119.3 0 0 0 0 0 0 0 0 0
265.2 -220.4 2240.2 0 0 0 0 0 0 0 0 0
-42.0 -797.7 2368.5 0 0 0 0 0 0 0 0 0
182.1 -866.5 2385.9 0 0 0 0 0 0 0 0 0
58.7 489.2 2301.1 3 0.9944207668 -0.1035657674 0.0200365055 0.1015407741 0.9912633300 0.0841811523 -0.0285797380 -0.0816769600 0.9962490201
79.8 287.5 2317.7 0.9944207668 -0.1035657674 0.0200365055 0.1015407741 0.9912633300 0.0841811523 -0.0285797380 -0.0816769600 0.9962490201
88.4 88.9 2318.9 0.9987345338 -0.0432094745 0.0257343575 0.0430448651 0.9990491867 0.0069166943 -0.0260087568 -0.0058002095 0.9996448755
-60.7 281.4 2321.4 0.1687735617 -0.8731542826 -0.4572932124 0.6066935062 0.4576735198 -0.6499676108 0.7768130302 -0.1677394807 0.6069802642
-98.3 146.3 2148.4 -0.4732338488 -0.8731542826 0.1168388203 -0.8784116507 0.4576735198 -0.1375786960 0.0666533932 -0.1677394807 -0.9835755229
220.3 293.5 2314.1 0.2103951722 0.5213690400 0.8269874454 -0.9774358869 0.0959290043 0.1881931722 0.0187860038 -0.8479221463 0.5297877789
274.1 43.7 2318.9 -0.0314651206 0.5318820477 0.8462336659 -0.9528890252 0.2395838946 -0.1860161573 -0.3016826212 -0.8122198582 0.4992860258
3.9 -109.6 2326.6 0.9965953827 0.0822049230 0.0063217934 -0.0823200420 0.9963878989 0.0208461117 -0.0045853052 -0.0212955493 0.9997627139
-28.8 -505.8 2335.0 0.9988716245 0.0455066897 0.0135873361 -0.0467204154 0.9929289222 0.1091299653 -0.0085251154 -0.1096416339 0.9939346313
187.0 -100.4 2321.0 0.9485921860 0.0264817551 0.3153911233 -0.0000944114 0.9965171218 -0.0833884105 -0.3165009320 0.0790718198 0.9452908635
176.5 -496.6 2289.6 0.9514382482 -0.0166687630 0.3073880374 -0.0600760393 0.9692798853 0.2385107130 -0.3019207120 -0.2453948706 0.9212085605
22.1 369.8 2131.4 0 0 0 0 0 0 0 0 0
265.5 -218.4 2235.9 0 0 0 0 0 0 0 0 0
-42.1 -795.4 2367.0 0 0 0 0 0 0 0 0 0
182.8 -867.1 2383.4 0 0 0 0 0 0 0 0 0
57.0 491.1 2304.4 4 0.9920172691 -0.1255812347 0.0114485901 0.1244518533 0.9896320105 0.0716954693 -0.0203334969 -0.0696983412 0.9973608851
83.1 285.4 2318.9 0.9920172691 -0.1255812347 0.0114485901 0.1244518533 0.9896320105 0.0716954693 -0.0203334969 -0.0696983412 0.9973608851
90.7 86.8 2319.6 0.9991192818 -0.0383605324 0.0170044024 0.0382927507 0.9992573261 0.0042941147 -0.0171564985 -0.0036391874 0.9998462200
-57.5 280.0 2321.4 0.1794953644 -0.8625805378 -0.4730076790 0.5985963941 0.4773274064 -0.6433046460 0.7806816101 -0.1676704735 0.6020156741
-97.2 147.5 2148.6 -0.4895213246 -0.8625805378 0.1277642548 -0.8711479902 0.4773274064 -0.1151510701 0.0383416861 -0.1676704735 -0.9850972295
223.7 290.8 2316.5 0.1937858462 0.5267212987 0.8276543617 -0.9810337424 0.1078701094 0.1610490680 -0.0044511808 -0.8431658745 0.5376350880
273.7 37.5 2315.4 -0.0343355834 0.5363602042 0.8432904482 -0.9519330859 0.2394282073 -0.1910432279 -0.3043754995 -0.8093156815 0.5023580790
5.4 -113.6 2322.4 0.9963017702 0.0859189704 -0.0008259129 -0.0858346447 0.9956676364 0.0357544757 0.0038943228 -0.0355513580 0.9993602633
-28.8 -509.4 2336.5 0.9988530874 0.0476292819 0.0048918072 -0.0478798337 0.9936403632 0.1019135714 -0.0000066266 -0.1020309106 0.9947812557
188.6 -105.7 2317.6 0.9512739182 0.0280362479 0.3070698082 -0.0053938972 0.9972184300 -0.0743387640 -0.3082998693 0.0690602213 0.9487791657
177.5 -502.2 2290.2 0.9537413716 -0.0126610463 0.3003616035 -0.0634499267 0.9681288004 0.2422824502 -0.2938562632 -0.2501327097 0.9225411415
28.0 370.3 2138.7 0 0 0 0 0 0 0 0 0
264.3 -224.3 2231.7 0 0 0 0 0 0 0 0 0
-42.5 -795.3 2365.9 0 0 0 0 0 0 0 0 0
182.3 -872.3 2385.8 0 0 0 0 0 0 0 0 0
57.0 492.9 2306.6 5 0.9905331135 -0.1372163147 0.0039777472 0.1367248446 0.9887458086 0.0607291088 -0.0122660045 -0.0596103370 0.9981463552
86.0 283.8 2319.2 0.9905331135 -0.1372163147 0.0039777472 0.1367248446 0.9887458086 0.0607291088 -0.0122660045 -0.0596103370 0.9981463552
92.3 85.1 2319.4 0.9994696379 -0.0312905088 0.0090223905 0.0312808827 0.9995099306 0.0012060481 -0.0090557067 -0.0009231800 0.9999585748
-54.6 279.4 2320.5 0.1897275746 -0.8571062684 -0.4789283276 0.5940418243 0.4885860384 -0.6390601993 0.7817401886 -0.1632561237 0.6018552184
-96.4 148.5 2148.3 -0.4983226359 -0.8571062684 0.1305505186 -0.8667022586 0.4885860384 -0.1005526930 0.0223991740 -0.1632561237 -0.9863294363
226.7 288.2 2317.9 0.1806246787 0.5327844024 0.8267499804 -0.9833641648 0.1142559573 0.1412108243 -0.0192261897 -0.8385024667 0.5445585251
274.0 30.8 2312.9 -0.0392219312 0.5427063107 0.8390062451 -0.9493823051 0.2416517586 -0.2006928325 -0.3116646111 -0.8044092655 0.5057577491
6.7 -115.4 2321.9 0.9961886406 0.0867614895 -0.0089825233 -0.0864763409 0.9958502650 0.0283556040 0.0114054233 -0.0274707545 0.9995575547
-27.8 -511.3 2332.9 0.9987573624 0.0498227626 -0.0012069189 -0.0493390113 0.9918961525 0.1170800552 0.0070303902 -0.1168750226 0.9931217432
190.0 -108.4 2318.8 0.9537799358 0.0304157026 0.2989627421 -0.0072753658 0.9969101548 -0.0782124996 -0.3004179001 0.0724224523 0.9510542154
177.9 -504.7 2290.0 0.9560986161 -0.0109129334 0.2928417623 -0.0645688549 0.9669019580 0.2468429506 -0.2858430743 -0.2549146712 0.9237490296
31.4 370.8 2142.5 0 0 0 0 0 0 0 0 0
263.2 -230.3 2227.2 0 0 0 0 0 0 0 0 0
-42.1 -796.4 2366.5 0 0 0 0 0 0 0 0 0
182.1 -874.4 2387.4 0 0 0 0 0 0 0 0 0
58.1 495.3 2308.2 6 0.9905364513 -0.1372276843 -0.0024612129 0.1371569484 0.9890481830 0.0545126013 -0.0050463802 -0.0543342941 0.9985100627
87.7 282.5 2319.9 0.9905364513 -0.1372276843 -0.0024612129 0.1371569484 0.9890481830 0.0545126013 -0.0050463802 -0.0543342941 0.9985100627
92.7 83.7 2319.7 0.9996854663 -0.0249958821 0.0020480219 0.0249974988 0.9996871948 -0.0007671241 -0.0020282064 0.0008180782 0.9999976158
-53.0 278.9 2320.2 0.1937786341 -0.8537074327 -0.4833564162 0.5856204629 0.4959433675 -0.6411620975 0.7870822549 -0.1588198841 0.5960518122
-95.7 149.8 2146.6 -0.5036135912 -0.8537074327 0.1325025111 -0.8638770580 0.4959433675 -0.0880715102 0.0094735678 -0.1588198841 -0.9872621298
228.4 286.0 2319.6 0.1712966263 0.5363517404 0.8264286518 -0.9842960238 0.1294768304 0.1199879274 -0.0426476263 -0.8340039253 0.5501078367
273.7 25.7 2308.3 -0.0477614440 0.5437868834 0.8378631473 -0.9534167647 0.2253102660 -0.2005784810 -0.2978511155 -0.8084127307 0.5076943636
6.8 -116.5 2320.4 0.9957215786 0.0911672562 -0.0150696347 -0.0906111002 0.9952992201 0.0341927595 0.0181160551 -0.0326809920 0.9993016124
-29.5 -512.2 2333.4 0.9991294146 0.0411452167 -0.0068866261 -0.0399905108 0.9916329980 0.1227386668 0.0118791144 -0.1223564148 0.9924151301
190.2 -110.8 2318.7 0.9559803605 0.0297840275 0.2919150889 -0.0069438606 0.9968529344 -0.0789685175 -0.2933484018 0.0734653324 0.9531786442
178.3 -507.1 2289.5 0.9584171176 -0.0092096869 0.2852222919 -0.0671569705 0.9641297460 0.2567952275 -0.2773562968 -0.2652716041 0.9234199524
33.5 371.4 2144.2 0 0 0 0 0 0 0 0 0
260.5 -236.5 2226.4 0 0 0 0 0 0 0 0 0
-41.4 -799.9 2368.9 0 0 0 0 0 0 0 0 0
181.9 -875.7 2390.9 0 0 0 0 0 0 0 0 0
59.4 493.9 2301.5 7 0.9946115613 -0.1017544493 0.0198456999 0.1002435014 0.9927570820 0.0662163496 -0.0264397673 -0.0638701394 0.9976078868
80.5 287.4 2314.8 0.9946115613 -0.1017544493 0.0198456999 0.1002435014 0.9927570820 0.0662163496 -0.0264397673 -0.0638701394 0.9976078868
88.8 88.9 2320.4 0.9988835454 -0.0415339805 0.0225084014 0.0408697277 0.9987374544 0.0292087719 -0.0236931406 -0.0282562487 0.9993198514
-60.0 281.7 2318.1 0.1804853678 -0.8678106666 -0.4629574716 0.6174310446 0.4663565755 -0.6334748864 0.7656395435 -0.1715113819 0.6199837923
-100.2 144.1 2147.6 -0.4824591279 -0.8678106666 0.1189023927 -0.8734092712 0.4663565755 -0.1402417570 0.0662523881 -0.1715113819 -0.9829519391
221.1 293.1 2311.4 0.1896304041 0.5174114108 0.8344613314 -0.9817771316 0.1106643006 0.1544898599 -0.0124102598 -0.8485510349 0.5289680362
272.9 24.4 2308.0 -0.0493098125 0.5276032090 0.8480585814 -0.9525136352 0.2306020707 -0.1988478899 -0.3004768491 -0.8175925016 0.4911783040
5.9 -117.3 2319.7 0.9960678220 0.0885448009 0.0029567368 -0.0885913149 0.9952139258 0.0412407517 0.0007090684 -0.0413405262 0.9991448522
-29.3 -513.0 2336.2 0.9991370440 0.0405605137 0.0089428918 -0.0412922241 0.9932379723 0.1085047647 -0.0044814101 -0.1087804064 0.9940556884
189.4 -112.7 2319.4 0.9497025013 0.0260450579 0.3120685518 -0.0035684269 0.9973707199 -0.0723803639 -0.3131331801 0.0676262155 0.9472984076
179.0 -509.3 2292.5 0.9524341226 -0.0062304973 0.3046809137 -0.0709415376 0.9677907228 0.2415542006 -0.2963723540 -0.2516789734 0.9213148952
24.2 369.3 2130.5 0 0 0 0 0 0 0 0 0
259.4 -237.6 2225.4 0 0 0 0 0 0 0 0 0
-40.9 -796.6 2367.2 0 0 0 0 0 0 0 0 0
181.4 -879.2 2388.7 0 0 0 0 0 0 0 0 0
59.7 494.3 2305.6 8 0.9965212345 -0.0813663155 0.0180280227 0.0804152787 0.9955877662 0.0483569764 -0.0218831077 -0.0467390232 0.9986674190
76.3 291.0 2315.2 0.9965212345 -0.0813663155 0.0180280227 0.0804152787 0.9955877662 0.0483569764 -0.0218831077 -0.0467390232 0.9986674190
86.0 92.5 2320.1 0.9986232519 -0.0487008207 0.0194888320 0.0481882058 0.9985008240 0.0259609576 -0.0207239352 -0.0249860846 0.9994729757
-64.2 284.2 2318.1 0.1663374603 -0.8795909286 -0.4457035363 0.6359606981 0.4411260486 -0.6332154870 0.7535820007 -0.1781224757 0.6327610612
-101.5 141.7 2149.3 -0.4632781148 -0.8795909286 0.1081350595 -0.8793664575 0.4411260486 -0.1792274117 0.1099456102 -0.1781224757 -0.9778468013
216.8 297.7 2312.3 0.2045557201 0.5180639029 0.8305219412 -0.9787307978 0.1217589229 0.1651083231 -0.0155867953 -0.8466312885 0.5319516063
272.2 32.9 2308.0 -0.0494568869 0.5262345672 0.8489000201 -0.9550155997 0.2239130437 -0.1944432557 -0.2924025655 -0.8203293085 0.4914881587
5.5 -113.2 2328.1 0.9960957170 0.0882674530 -0.0014841039 -0.0882130414 0.9958546162 0.0221820064 0.0034359009 -0.0219644848 0.9997528195
-29.6 -509.1 2336.9 0.9991534948 0.0407101288 0.0059124744 -0.0411068909 0.9935697913 0.1054952666 -0.0015797301 -0.1056490093 0.9944022298
188.8 -105.8 2323.7 0.9505189061 0.0236512013 0.3097651303 0.0015380693 0.9967274070 -0.0808217600 -0.3106629252 0.0772990510 0.9473718405
179.4 -502.1 2293.0 0.9532243609 -0.0010625306 0.3022618592 -0.0707238615 0.9714512229 0.2264523357 -0.2938732803 -0.2372369915 0.9259358048
17.0 366.6 2121.1 0 0 0 0 0 0 0 0 0
258.6 -229.8 2227.6 0 0 0 0 0 0 0 0 0
-41.4 -798.6 2367.6 0 0 0 0 0 0 0 0 0
179.8 -873.4 2383.7 0 0 0 0 0 0 0 0 0
61.2 494.1 2307.2 9 0.9976550937 -0.0673810989 0.0120045338 0.0668451488 0.9969399571 0.0405268110 -0.0146985408 -0.0396293364 0.9991063476
74.8 292.4 2315.2 0.9976550937 -0.0673810989 0.0120045338 0.0668451488 0.9969399571 0.0405268110 -0.0146985408 -0.0396293364 0.9991063476
84.6 93.9 2320.2 0.9987004399 -0.0493108593 0.0128805116 0.0489701554 0.9984734654 0.0255477391 -0.0141206300 -0.0248837788 0.9995906353
-65.7 285.5 2317.2 0.1637836248 -0.8815665245 -0.4427362680 0.6452672482 0.4352092147 -0.6278718710 0.7461937070 -0.1828480810 0.6401261687
-102.4 141.1 2150.2 -0.4603796005 -0.8815665245 0.1043604761 -0.8782697320 0.4352092147 -0.1980787814 0.1292009801 -0.1828480810 -0.9746146202
215.3 299.3 2313.2 0.2200265229 0.5237336159 0.8229771852 -0.9754855037 0.1216253638 0.1833992451 -0.0040425560 -0.8431550264 0.5376553535
273.4 41.7 2312.2 -0.0609340183 0.5336424112 0.8435122371 -0.9503740072 0.2272828221 -0.2124425173 -0.3050841689 -0.8145970106 0.4933105707
4.1 -110.3 2327.0 0.9963911176 0.0844939351 -0.0080910483 -0.0843013525 0.9962028861 0.0217503868 0.0098981019 -0.0209898073 0.9997307062
-29.4 -506.4 2335.3 0.9990752339 0.0429861993 -0.0009181678 -0.0426473469 0.9934617281 0.1059008315 0.0054644388 -0.1057637408 0.9943763018
187.4 -101.5 2323.2 0.9525604844 0.0201212931 0.3036835492 0.0031602462 0.9971044660 -0.0759782940 -0.3043330014 0.0733336359 0.9497386813
179.4 -498.0 2294.0 0.9552386999 -0.0028614695 0.2958223522 -0.0668992624 0.9719607234 0.2254258096 -0.2881727815 -0.2351257503 0.9282630682
14.9 364.9 2117.2 0 0 0 0 0 0 0 0 0
256.7 -219.7 2228.3 0 0 0 0 0 0 0 0 0
-42.1 -799.4 2366.5 0 0 0 0 0 0 0 0 0
180.5 -869.5 2383.9 0 0 0 0 0 0 0 0 0
59.7 493.6 2310.0 0 0.9977052212 -0.0660656393 0.0148213040 0.0655485913 0.9973031282 0.0330130309 -0.0169623606 -0.0319657549 0.9993450046
73.0 292.8 2316.4 0.9977052212 -0.0660656393 0.0148213040 0.0655485913 0.9973031282 0.0330130309 -0.0169623606 -0.0319657549 0.9993450046
83.8 94.3 2320.6 0.9984051585 -0.0542850010 0.0155004021 0.0539419577 0.9983071089 0.0217524730 -0.0166549943 -0.0208816603 0.9996432066
-67.5 285.2 2318.8 0.1498338431 -0.8704524040 -0.4688948989 0.6409127116 0.4466234744 -0.6243063211 0.7528483868 -0.2069784850 0.6248033047
-101.3 140.9 2149.3 -0.4733862877 -0.8704524040 0.1349741817 -0.8747894764 0.4466234744 -0.1878053695 0.1031930000 -0.2069784850 -0.9728880525
213.5 300.4 2314.1 0.2312124968 0.5221372247 0.8209223151 -0.9728996754 0.1217962429 0.1965499073 0.0026407638 -0.8441199064 0.5361479521
274.1 45.3 2314.8 -0.0621632189 0.5323833823 0.8442177773 -0.9495157003 0.2290573716 -0.2143656462 -0.3074990213 -0.8149237037 0.4912674427
2.8 -109.0 2326.4 0.9967084527 0.0809212998 -0.0048971553 -0.0807767361 0.9964251518 0.0247404501 0.0068816775 -0.0242634397 0.9996818900
-29.4 -505.2 2336.0 0.9991472960 0.0412495397 0.0017714478 -0.0412033275 0.9934514761 0.1065665334 0.0026359730 -0.1065486521 0.9943040013
186.1 -100.1 2323.8 0.9515460730 0.0204634722 0.3068246245 0.0008083234 0.9976134300 -0.0690420195 -0.3075051904 0.0659446716 0.9492585659
177.9 -496.7 2297.6 0.9535942674 -0.0092126904 0.3009536862 -0.0545861982 0.9776791334 0.2028888315 -0.2961052954 -0.2099015415 0.9318063259
18.9 362.8 2123.1 0 0 0 0 0 0 0 0 0
257.0 -215.8 2230.2 0 0 0 0 0 0 0 0 0
-41.6 -799.8 2367.6 0 0 0 0 0 0 0 0 0
181.5 -870.4 2377.8 0 0 0 0 0 0 0 0 0
59.2 493.8 2308.9 1 0.9926336408 -0.1206367314 0.0111920275 0.1199124381 0.9914492369 0.0514723770 -0.0173057877 -0.0497511476 0.9986116886
84.2 288.2 2319.2 0.9926336408 -0.1206367314 0.0111920275 0.1199124381 0.9914492369 0.0514723770 -0.0173057877 -0.0497511476 0.9986116886
89.7 89.6 2319.8 0.9995117784 -0.0275320392 0.0147705395 0.0274849012 0.9996165037 0.0033849759 -0.0148580698 -0.0029773565 0.9998852015
-56.4 284.4 2321.3 0.1870281249 -0.8634454012 -0.4684896469 0.6194583774 0.4737968445 -0.6259295940 0.7624249458 -0.1731434166 0.6234818101
-98.7 144.3 2149.0 -0.4892830253 -0.8634454012 0.1227363497 -0.8701317906 0.4737968445 -0.1355996728 0.0589308180 -0.1731434166 -0.9831320047
224.8 292.1 2317.1 0.1958277524 0.5282497406 0.8261983395 -0.9805946946 0.1134315655 0.1598979980 -0.0092508961 -0.8414781690 0.5402119160
273.9 46.5 2314.8 -0.0585313700 0.5387534499 0.8404277563 -0.9510170221 0.2258938253 -0.2110418379 -0.3035469651 -0.8116136193 0.4991418123
3.0 -109.1 2326.3 0.9967026711 0.0810346007 -0.0041417475 -0.0809267908 0.9964843988 0.0216721855 0.0058833836 -0.0212655459 0.9997565746
-29.2 -505.3 2334.7 0.9991304874 0.0415868163 0.0029604223 -0.0416620485 0.9931979179 0.1087296009 0.0015814326 -0.1087583974 0.9940669537
186.2 -99.2 2323.2 0.9523272514 0.0239322130 0.3041382432 0.0004723090 0.9968014956 -0.0799158290 -0.3050780296 0.0762496665 0.9492699504
176.7 -495.5 2292.9 0.9546800852 -0.0153293544 0.2972389460 -0.0540549867 0.9731344581 0.2238022387 -0.2926841974 -0.2297267765 0.9282034039
26.2 366.4 2134.0 0 0 0 0 0 0 0 0 0
257.8 -215.1 2231.3 0 0 0 0 0 0 0 0 0
-41.5 -797.1 2366.7 0 0 0 0 0 0 0 0 0
182.5 -867.4 2380.7 0 0 0 0 0 0 0 0 0
60.2 493.6 2308.8 2 0.9874436259 -0.1579668224 0.0012517736 0.1576633751 0.9859797955 0.0546456352 -0.0098664211 -0.0537621267 0.9985050559
93.5 286.1 2320.1 0.9874436259 -0.1579668224 0.0012517736 0.1576633751 0.9859797955 0.0546456352 -0.0098664211 -0.0537621267 0.9985050559
94.1 87.5 2319.2 0.9999774694 -0.0029092603 0.0060501918 0.0029370498 0.9999851584 -0.0045893365 -0.0060367505 0.0046070027 0.9999711514
-47.2 285.7 2321.0 0.2192550302 -0.8596038222 -0.4615284204 0.6105716825 0.4898501039 -0.6222934127 0.7610055804 -0.1453552395 0.6322518587
-96.8 147.6 2148.8 -0.4984292984 -0.8596038222 0.1124699563 -0.8664935231 0.4898501039 -0.0961033851 0.0275174193 -0.1453552395 -0.9889968038
234.1 286.5 2319.3 0.1560870707 0.5368841290 0.8290912509 -0.9871001244 0.1150710583 0.1113191620 -0.0356389172 -0.8357715607 0.5479194522
274.7 30.4 2310.0 -0.0549013875 0.5468165278 0.8354504704 -0.9511740804 0.2258794755 -0.2103480846 -0.3037329316 -0.8062072396 0.5077165961
3.5 -111.5 2321.8 0.9964783788 0.0832377374 -0.0101167997 -0.0827953294 0.9958319664 0.0382579863 0.0132591398 -0.0372856297 0.9992166758
-29.6 -507.4 2336.6 0.9991175532 0.0417670012 -0.0044336310 -0.0410635918 0.9935305715 0.1058810875 0.0088272840 -0.1056055948 0.9943689108
186.9 -106.5 2319.0 0.9552059174 0.0272951834 0.2946805358 -0.0072208033 0.9975907207 -0.0689969808 -0.2958538532 0.0637784973 0.9531016946
176.0 -503.1 2293.6 0.9570297599 -0.0168906059 0.2894974053 -0.0525124967 0.9717038870 0.2302911580 -0.2851954997 -0.2355977148 0.9290625453
30.8 369.5 2141.8 0 0 0 0 0 0 0 0 0
259.6 -231.2 2226.5 0 0 0 0 0 0 0 0 0
-41.8 -796.6 2367.3 0 0 0 0 0 0 0 0 0
182.5 -874.5 2383.7 0 0 0 0 0 0 0 0 0
59.4 494.5 2309.3 3 0.9828530550 -0.1842842400 -0.0062600104 0.1843412071 0.9812385440 0.0564729013 -0.0042645019 -0.0566585399 0.9983845353
98.8 284.7 2321.4 0.9828530550 -0.1842842400 -0.0062600104 0.1843412071 0.9812385440 0.0564729013 -0.0042645019 -0.0566585399 0.9983845353
96.5 86.0 2319.5 0.9999339581 0.0114837941 -0.0004963517 -0.0114880335 0.9998878837 -0.0096064247 0.0003859779 0.0096114930 0.9999537468
-41.9 286.3 2321.4 0.2379349619 -0.8581223488 -0.4549867809 0.6039118767 0.4975873530 -0.6226533651 0.7607084513 -0.1266209334 0.6366237402
-96.0 148.9 2148.3 -0.5035208464 -0.8581223488 0.1004627869 -0.8637974262 0.4975873530 -0.0791256800 0.0179105047 -0.1266209334 -0.9917894602
239.5 283.1 2321.5 0.1331475824 0.5429537296 0.8291398883 -0.9896402359 0.1181653142 0.0815422162 -0.0537019223 -0.8314073682 0.5530623198
274.8 20.7 2307.2 -0.0596764162 0.5524007678 0.8314397931 -0.9515036345 0.2203414887 -0.2146867961 -0.3017938435 -0.8039297462 0.5124621987
2.9 -111.5 2318.8 0.9965527654 0.0816595107 -0.0146379629 -0.0808551610 0.9955205917 0.0490021333 0.0185738839 -0.0476496592 0.9986913800
-29.5 -507.3 2337.8 0.9989745617 0.0440708213 -0.0103703085 -0.0428054817 0.9939934015 0.1007216498 0.0147469044 -0.1001744643 0.9948605895
186.4 -111.0 2317.7 0.9571969509 0.0270663891 0.2881690264 -0.0108821951 0.9982794523 -0.0576169342 -0.2892327011 0.0520148426 0.9558445811
175.6 -507.8 2297.0 0.9583904743 -0.0254767314 0.2843212783 -0.0400856659 0.9741292596 0.2224080712 -0.2826319039 -0.2245509923 0.9325749874
33.3 370.7 2143.7 0 0 0 0 0 0 0 0 0
258.4 -241.0 2224.2 0 0 0 0 0 0 0 0 0
-42.4 -797.9 2367.1 0 0 0 0 0 0 0 0 0
185.3 -880.2 2382.8 0 0 0 0 0 0 0 0 0
61.3 491.1 2309.0 4 0.9803817868 -0.1969850957 -0.0069621149 0.1970597357 0.9787473083 0.0567558035 -0.0043658963 -0.0570143089 0.9983637929
102.9 284.6 2321.1 0.9803817868 -0.1969850957 -0.0069621149 0.1970597357 0.9787473083 0.0567558035 -0.0043658963 -0.0570143089 0.9983637929
98.3 85.9 2320.4 0.9997341037 0.0229965113 -0.0016819030 -0.0230019465 0.9997299910 -0.0032870956 0.0016058573 0.0033249087 0.9999932051
-37.8 287.9 2320.9 0.2593542635 -0.8613261580 -0.4368667603 0.6106195450 0.4967017770 -0.6167909503 0.7482507229 -0.1067920476 0.6547643542
-97.6 147.0 2148.3 -0.5018011332 -0.8613261580 0.0794532001 -0.8645943403 0.4967017770 -0.0759210289 0.0259282235 -0.1067920476 -0.9939432740
243.6 281.4 2321.3 0.1176805273 0.5452089906 0.8299990892 -0.9918073416 0.1063540503 0.0707605928 -0.0496944524 -0.8315262794 0.5532580614
275.1 15.5 2308.0 -0.0610996448 0.5561974645 0.8288010359 -0.9511542320 0.2192981541 -0.2172876894 -0.3026094139 -0.8015938401 0.5156305432
2.5 -111.7 2317.5 0.9966048598 0.0807336792 -0.0161486603 -0.0799577683 0.9958269000 0.0439952500 0.0196331684 -0.0425546691 0.9989011884
-29.6 -507.6 2334.5 0.9989104867 0.0453406423 -0.0110461842 -0.0439109653 0.9933477044 0.1064527258 0.0157993361 -0.1058517024 0.9942563772
186.0 -113.8 2317.6 0.9578025937 0.0254981518 0.2862935662 -0.0086285472 0.9981591702 -0.0600319766 -0.2872972488 0.0550284870 0.9562594295
175.8 -510.6 2295.7 0.9593745470 -0.0234007686 0.2811634541 -0.0453848094 0.9707761407 0.2356563061 -0.2784613073 -0.2388432026 0.9302758574
30.7 368.0 2141.6 0 0 0 0 0 0 0 0 0
258.3 -246.1 2224.7 0 0 0 0 0 0 0 0 0
-42.8 -796.6 2365.2 0 0 0 0 0 0 0 0 0
184.8 -881.7 2387.0 0 0 0 0 0 0 0 0 0
61.6 490.7 2308.9 5 0.9904767275 -0.1273100525 0.0524211526 0.1244494617 0.9907202721 0.0546410941 -0.0588910580 -0.0475969501 0.9971290827
87.7 287.7 2318.7 0.9904767275 -0.1273100525 0.0524211526 0.1244494617 0.9907202721 0.0546410941 -0.0588910580 -0.0475969501 0.9971290827
90.4 89.1 2321.1 0.9983870387 -0.0129274018 0.0552833043 0.0121699907 0.9998277426 0.0140153281 -0.0554549620 -0.0133199235 0.9983723164
-52.5 286.1 2326.5 0.2020075619 -0.8736314774 -0.4426747859 0.6123579144 0.4654138386 -0.6390678883 0.7643367648 -0.1419788748 0.6289922595
-99.5 143.5 2148.5 -0.4792700410 -0.8736314774 0.0840729699 -0.8734619617 0.4654138386 -0.1430181861 0.0858164653 -0.1419788748 -0.9861427546
227.9 289.4 2310.8 0.1670608521 0.4955841005 0.8523421288 -0.9858786464 0.0941136852 0.1385130286 -0.0115722073 -0.8634459972 0.5043085217
274.9 12.0 2307.6 -0.0553559624 0.5087129474 0.8591547608 -0.9520106316 0.2325241715 -0.1990183145 -0.3010174334 -0.8289412856 0.4714285433
2.0 -110.7 2319.6 0.9963046908 0.0771886483 0.0376676992 -0.0785853937 0.9962158203 0.0371258296 -0.0346594676 -0.0399487726 0.9986004233
