-13.1 463.8 1851.7 55 0.9787999988 0.1740574241 -0.1079562604 -0.1821074784 0.9808008075 -0.0697609633 0.0937411785 0.0879416764 0.9917050004
-64.0 176.7 1826.0 0.9787999988 0.1740574241 -0.1079562604 -0.1821074784 0.9808008075 -0.0697609633 0.0937411785 0.0879416764 0.9917050004
-48.3 -15.0 1862.6 0.9921451211 -0.0801577792 -0.0960350558 0.0964361951 0.9791000485 0.1790618598 0.0796747282 -0.1869166195 0.9791395068
-205.4 162.9 1814.6 0.0756241977 -0.7726164460 -0.6303529739 0.9932772517 0.0028056907 0.1157257631 -0.0876430497 -0.6348668933 0.7676345110
-225.5 -101.0 1837.9 -0.2621293962 -0.7726164460 -0.5782318115 0.9093646407 0.0028056907 -0.4159904718 0.3230234087 -0.6348668933 0.7018545866
77.4 190.4 1837.3 0.8331699967 0.3647421002 0.4156813622 0.1656892598 0.5524905920 -0.8168850541 -0.5276123881 0.7494780421 0.3998847306
259.6 226.7 1721.9 -0.8175244331 0.3647421002 0.4456646442 0.5752961636 0.5524905920 0.6031488180 -0.0262317508 0.7494780421 -0.6615092754
-119.6 -213.0 1895.1 0.9497172832 0.1125369817 -0.2921856642 -0.1676122099 0.9709370732 -0.1708430648 0.2644677162 0.2112264931 0.9409782887
-163.7 -593.2 1812.4 0.9633457661 0.0000000000 -0.2682628334 0.0000000000 1.0000000000 0.0000000000 0.2682628334 0.0000000000 0.9633457661
59.8 -196.4 1910.1 0.8670775890 0.0171028543 -0.4978793859 -0.1078898832 0.9821382165 -0.1541568786 0.4863498509 0.1873821318 0.8534352779
53.1 -580.9 1836.8 0.8721686006 0.0000000000 -0.4892054200 0.0000000000 1.0000000000 0.0000000000 0.4892054200 0.0000000000 0.8721686006
-151.7 -357.0 1746.9 0 0 0 0 0 0 0 0 0
49.4 374.6 1715.2 0 0 0 0 0 0 0 0 0
-163.7 -969.9 1812.4 0 0 0 0 0 0 0 0 0
53.1 -957.6 1836.8 0 0 0 0 0 0 0 0 0
-12.6 461.7 1854.0 56 0.9755318761 0.1923242807 -0.1065311730 -0.2011180371 0.9763759971 -0.0790026635 0.0888203532 0.0984949619 0.9911658168
-68.8 176.3 1825.2 0.9755318761 0.1923242807 -0.1065311730 -0.2011180371 0.9763759971 -0.0790026635 0.0888203532 0.0984949619 0.9911658168
-51.5 -15.4 1861.2 0.9917548299 -0.0881983414 -0.0929696411 0.1035307050 0.9789904952 0.1756674647 0.0755228177 -0.1838442683 0.9800497890
-210.2 161.5 1814.4 0.0565673225 -0.7803065181 -0.6228337288 0.9951136708 -0.0064996774 0.0985217318 -0.0809253752 -0.6253634691 0.7761260271
-225.3 -105.3 1836.1 -0.2687563598 -0.7803065181 -0.5647050142 0.9063903093 -0.0064996774 -0.4223912060 0.3259242177 -0.6253634691 0.7090091109
72.5 191.0 1836.0 0.8539371490 0.3409621716 0.3931109011 0.1594958603 0.5475839376 -0.8214091063 -0.4953306317 0.7641312480 0.4132202268
260.4 226.1 1727.0 -0.8184482455 0.3409621716 0.4624794424 0.5727940202 0.5475839376 0.6099662185 -0.0452709161 0.7641312480 -0.6434702277
-122.3 -215.5 1892.0 0.9525907040 0.1052540392 -0.2854689658 -0.1568077654 0.9738873243 -0.1641791314 0.2607341111 0.2011592686 0.9442206621
-163.6 -596.9 1813.2 0.9645226598 0.0000000000 -0.2640000284 0.0000000000 1.0000000000 0.0000000000 0.2640000284 0.0000000000 0.9645226598
57.0 -198.1 1906.4 0.8701072335 0.0040651713 -0.4928456843 -0.0905828103 0.9842512608 -0.1518033296 0.4844668508 0.1767285168 0.8567723632
55.4 -583.4 1837.2 0.8736990690 0.0000000000 -0.4864667654 0.0000000000 1.0000000000 0.0000000000 0.4864667654 0.0000000000 0.8736990690
-149.6 -360.6 1744.3 0 0 0 0 0 0 0 0 0
50.0 373.3 1715.4 0 0 0 0 0 0 0 0 0
-163.6 -973.5 1813.2 0 0 0 0 0 0 0 0 0
55.4 -960.1 1837.2 0 0 0 0 0 0 0 0 0
-10.1 460.0 1854.6 57 0.9733406305 0.2060296535 -0.1007956192 -0.2142456770 0.9735944867 -0.0788198709 0.0818948224 0.0983136147 0.9917800426
-70.0 177.1 1826.1 0.9733406305 0.2060296535 -0.1007956192 -0.2142456770 0.9735944867 -0.0788198709 0.0818948224 0.0983136147 0.9917800426
-51.9 -14.7 1861.3 0.9919945002 -0.0923116133 -0.0861715451 0.1061003506 0.9793097973 0.1723224670 0.0684812739 -0.1800857633 0.9812641740
-211.4 162.0 1816.3 0.0585591979 -0.7592210174 -0.6481931210 0.9959456325 0.0000160377 0.0899571478 -0.0682869628 -0.6508328915 0.7561438084
-227.3 -108.4 1834.9 -0.2785115838 -0.7592210174 -0.5882301927 0.9038034081 0.0000160377 -0.4279479086 0.3249164820 -0.6508328915 0.6861820221
71.4 192.2 1835.8 0.8584234715 0.3420144618 0.3822763562 0.1569305211 0.5344148874 -0.8305260539 -0.4883460999 0.7729339004 0.4050817788
257.3 226.2 1730.1 -0.8081154823 0.3420144618 0.4795576334 0.5870401263 0.5344148874 0.6080991626 -0.0483040214 0.7729339004 -0.6326451302
-123.9 -216.5 1890.4 0.9556736350 0.0984480008 -0.2774814367 -0.1478658468 0.9754522443 -0.1631826907 0.2546048760 0.1969794184 0.9467710853
-162.5 -598.6 1813.2 0.9662956595 0.0000000000 -0.2574347556 0.0000000000 1.0000000000 0.0000000000 0.2574347556 0.0000000000 0.9662956595
55.4 -197.8 1904.0 0.8739263415 -0.0041008717 -0.4860410690 -0.0755575895 0.9866625071 -0.1441811174 0.4801497459 0.1627277732 0.8619604707
57.0 -584.2 1840.3 0.8764317036 0.0000000000 -0.4815262258 0.0000000000 1.0000000000 0.0000000000 0.4815262258 0.0000000000 0.8764317036
-148.8 -363.0 1743.3 0 0 0 0 0 0 0 0 0
50.2 376.6 1717.7 0 0 0 0 0 0 0 0 0
-162.5 -975.2 1813.2 0 0 0 0 0 0 0 0 0
57.0 -960.8 1840.3 0 0 0 0 0 0 0 0 0
-7.3 459.7 1855.5 58 0.9710428119 0.2218795121 -0.0885738507 -0.2291888148 0.9698200822 -0.0831953809 0.0674413517 0.1010864154 0.9925891161
-72.2 175.9 1825.9 0.9710428119 0.2218795121 -0.0885738507 -0.2291888148 0.9698200822 -0.0831953809 0.0674413517 0.1010864154 0.9925891161
-53.5 -15.6 1862.4 0.9928628206 -0.0954760686 -0.0714687109 0.1070064902 0.9777635932 0.1803550422 0.0526599176 -0.1867154390 0.9810016751
-213.7 160.7 1818.4 0.0466389060 -0.7687470317 -0.6378501654 0.9971570373 -0.0020027973 0.0753248334 -0.0591832250 -0.6395498514 0.7664681077
-226.3 -107.5 1834.3 -0.2688221633 -0.7683976889 -0.5807750821 0.9090955853 -0.0031864259 -0.4165753722 0.3182449639 -0.6399647593 0.6994035244
69.3 191.2 1833.4 0.8628098369 0.3449631631 0.3695396781 0.1519166678 0.5202786922 -0.8403757215 -0.4821622968 0.7812237144 0.3964959383
254.6 223.8 1729.8 -0.7970685363 0.3449631631 0.4956633747 0.6019060016 0.5202786922 0.6058211327 -0.0488971360 0.7812237144 -0.6223331690
-123.5 -216.1 1890.4 0.9597020745 0.0958072096 -0.2641833723 -0.1431163847 0.9756736159 -0.1660684645 0.2418461889 0.1971852332 0.9500675797
-161.0 -598.2 1813.2 0.9696841836 0.0000000000 -0.2443616837 0.0000000000 1.0000000000 0.0000000000 0.2443616837 0.0000000000 0.9696841836
55.8 -196.9 1902.8 0.8810915947 -0.0022511387 -0.4729402661 -0.0709398165 0.9880464077 -0.1368644387 0.4675950408 0.1541404128 0.8703997135
56.7 -583.9 1842.4 0.8833170533 0.0000000000 -0.4687760770 0.0000000000 1.0000000000 0.0000000000 0.4687760770 0.0000000000 0.8833170533
-150.5 -363.6 1744.6 0 0 0 0 0 0 0 0 0
50.0 378.3 1717.3 0 0 0 0 0 0 0 0 0
-161.0 -974.9 1813.2 0 0 0 0 0 0 0 0 0
56.7 -960.5 1842.4 0 0 0 0 0 0 0 0 0
-4.0 462.3 1854.4 59 0.9690330029 0.2265706956 -0.0981870964 -0.2342835367 0.9692168832 -0.0756958425 0.0780141354 0.0963553935 0.9922849536
-70.9 176.1 1825.9 0.9690330029 0.2265706956 -0.0981870964 -0.2342835367 0.9692168832 -0.0756958425 0.0780141354 0.0963553935 0.9922849536
-53.6 -15.5 1862.7 0.9928777814 -0.0883255973 -0.0799517706 0.1016081572 0.9781872630 0.1811780781 0.0622051358 -0.1880114526 0.9801949859
-212.3 161.6 1817.0 0.0501834378 -0.7627499700 -0.6447434425 0.9967719316 -0.0022570852 0.0802536756 -0.0626687333 -0.6466895938 0.7601744533
-226.0 -109.9 1834.1 -0.2788293660 -0.7616782188 -0.5848935246 0.9055516720 -0.0057562441 -0.4241968691 0.3197347522 -0.6479299068 0.6913440228
70.6 190.6 1834.8 0.8547776937 0.3603313863 0.3735188842 0.1464023441 0.5230606794 -0.8396272659 -0.4979170859 0.7723786831 0.3943472207
253.0 221.8 1728.5 -0.7899045944 0.3603313863 0.4961975515 0.6115301251 0.5230606794 0.5936653018 -0.0456251837 0.7723786831 -0.6335214972
-124.6 -216.7 1894.2 0.9569035172 0.0935102329 -0.2749390304 -0.1444251984 0.9745952487 -0.1711883396 0.2519464195 0.2035188526 0.9460988641
-161.2 -598.5 1814.5 0.9670422673 0.0000000000 -0.2546158731 0.0000000000 1.0000000000 0.0000000000 0.2546158731 0.0000000000 0.9670422673
54.9 -197.4 1903.8 0.8761279583 -0.0045202677 -0.4820573926 -0.0709389001 0.9878615141 -0.1381929964 0.4768306315 0.1552713662 0.8651724458
56.7 -584.3 1842.9 0.8783407807 0.0000000000 -0.4780349731 0.0000000000 1.0000000000 0.0000000000 0.4780349731 0.0000000000 0.8783407807
-147.5 -365.0 1744.1 0 0 0 0 0 0 0 0 0
49.8 379.2 1716.8 0 0 0 0 0 0 0 0 0
-161.2 -975.2 1814.5 0 0 0 0 0 0 0 0 0
56.7 -961.0 1842.9 0 0 0 0 0 0 0 0 0
-1.9 462.2 1853.3 60 0.9682769775 0.2208224982 -0.1169493869 -0.2295501679 0.9709767699 -0.0671626478 0.0987241119 0.0918777958 0.9908642769
-67.0 175.9 1826.2 0.9682769775 0.2208224982 -0.1169493869 -0.2295501679 0.9709767699 -0.0671626478 0.0987241119 0.0918777958 0.9908642769
-49.9 -15.9 1862.1 0.9911033511 -0.0873412192 -0.1004272625 0.1039468497 0.9792035818 0.1742279381 0.0831214562 -0.1831169873 0.9795708060
-208.3 161.1 1814.4 0.0626835227 -0.7490496039 -0.6595418453 0.9955196381 0.0000532459 0.0945547298 -0.0707910657 -0.6625139117 0.7456969619
-225.2 -108.3 1833.5 -0.2773442268 -0.7490496039 -0.6016683578 0.9081344604 0.0000532459 -0.4186787009 0.3136431575 -0.6625139117 0.6802229881
74.2 190.7 1838.1 0.8400670886 0.3818001747 0.3853776753 0.1420821249 0.5307455659 -0.8355368376 -0.5235456228 0.7566622496 0.3916148841
252.3 220.9 1727.1 -0.7860544920 0.3818001747 0.4861553013 0.6170952916 0.5307455659 0.5809497237 -0.0362180695 0.7566622496 -0.6528019905
-126.0 -216.2 1893.9 0.9522439241 0.0873625651 -0.2925736308 -0.1406649500 0.9759738445 -0.1663982868 0.2710072398 0.1996066123 0.9416540265
-160.2 -598.5 1815.7 0.9618068933 0.0000000000 -0.2737288773 0.0000000000 1.0000000000 0.0000000000 0.2737288773 0.0000000000 0.9618068933
53.5 -197.9 1905.2 0.8664355874 -0.0088354181 -0.4992106557 -0.0713886023 0.9873782992 -0.1413782537 0.4941588938 0.1581331044 0.8548689485
57.0 -584.6 1843.2 0.8686519265 0.0000000000 -0.4954229295 0.0000000000 1.0000000000 0.0000000000 0.4954229295 0.0000000000 0.8686519265
-147.1 -364.1 1745.2 0 0 0 0 0 0 0 0 0
49.7 379.9 1717.7 0 0 0 0 0 0 0 0 0
-160.2 -975.2 1815.7 0 0 0 0 0 0 0 0 0
57.0 -961.3 1843.2 0 0 0 0 0 0 0 0 0
-0.9 463.3 1853.3 61 0.9671915770 0.2137985080 -0.1372250170 -0.2250193805 0.9716839194 -0.0720879287 0.1179270521 0.1006011218 0.9879132509
-64.4 174.7 1823.4 0.9671915770 0.2137985080 -0.1372250170 -0.2250193805 0.9716839194 -0.0720879287 0.1179270521 0.1006011218 0.9879132509
-47.3 -16.9 1860.1 0.9888245463 -0.0869829506 -0.1210781857 0.1076469123 0.9784482718 0.1762133241 0.1031411886 -0.1872777641 0.9768771529
-205.3 159.4 1808.7 0.0714972466 -0.7539250255 -0.6530583501 0.9935172200 -0.0041869148 0.1136045009 -0.0883835778 -0.6569471359 0.7487381697
-224.5 -107.9 1832.5 -0.2793289125 -0.7539250255 -0.5946195722 0.9071316123 -0.0041869148 -0.4208261669 0.3147817552 -0.6569471359 0.6850787997
76.5 190.1 1838.1 0.8403292298 0.3777720034 0.3887609243 0.1370720714 0.5457794666 -0.8266414404 -0.5244597197 0.7479392290 0.4068524539
253.7 219.0 1727.5 -0.7913303971 0.3777720034 0.4807125330 0.6097136736 0.5457794666 0.5747816563 -0.0452266000 0.7479392290 -0.6622246504
-122.4 -217.0 1890.4 0.9452899098 0.1030260399 -0.3095361292 -0.1546744406 0.9769389033 -0.1471945941 0.2872329950 0.1870188862 0.9394259453
-162.7 -599.6 1817.2 0.9568045735 0.0000000000 -0.2907318175 0.0000000000 1.0000000000 0.0000000000 0.2907318175 0.0000000000 0.9568045735
56.8 -198.2 1905.5 0.8564675450 0.0024021303 -0.5161952376 -0.0811131373 0.9881927371 -0.1299837679 0.5097881556 0.1531970948 0.8465498686
55.8 -585.3 1845.5 0.8592990637 0.0000000000 -0.5114735365 0.0000000000 1.0000000000 0.0000000000 0.5114735365 0.0000000000 0.8592990637
-145.8 -363.5 1743.8 0 0 0 0 0 0 0 0 0
49.8 376.1 1715.9 0 0 0 0 0 0 0 0 0
-162.7 -976.3 1817.2 0 0 0 0 0 0 0 0 0
55.8 -962.0 1845.5 0 0 0 0 0 0 0 0 0
-1.4 463.1 1853.3 62 0.9671023488 0.2057549804 -0.1495925635 -0.2189387232 0.9726476073 -0.0776045769 0.1295333207 0.1078031734 0.9856975079
-63.1 171.3 1820.9 0.9671023488 0.2057549804 -0.1495925635 -0.2189387232 0.9726476073 -0.0776045769 0.1295333207 0.1078031734 0.9856975079
-46.8 -19.6 1861.2 0.9876477718 -0.0835351646 -0.1325659007 0.1084721014 0.9750394821 0.1937311888 0.1130736172 -0.2057178915 0.9720568657
-203.9 155.9 1804.8 0.0735877901 -0.7647225261 -0.6401439905 0.9923416972 -0.0077077509 0.1232824624 -0.0992109403 -0.6443136334 0.7582988143
-223.4 -107.6 1831.2 -0.2723481357 -0.7647225261 -0.5839743018 0.9100875854 -0.0077077509 -0.4143442214 0.3123572171 -0.6443136334 0.6980636716
77.6 186.8 1837.1 0.8497352600 0.3643896878 0.3810119927 0.1393234283 0.5417980552 -0.8288810849 -0.5084672570 0.7574133873 0.4096168876
254.6 215.8 1731.1 -0.7890560031 0.3643896878 0.4945814312 0.6115891933 0.5417980552 0.5765531659 -0.0578732491 0.7574133873 -0.6503657699
-119.7 -218.3 1887.5 0.9402143955 0.1127897277 -0.3213647604 -0.1630045176 0.9775073528 -0.1338242888 0.2990424037 0.1782074273 0.9374517202
-163.8 -601.1 1817.7 0.9529599547 0.0000000000 -0.3030962348 0.0000000000 1.0000000000 0.0000000000 0.3030962348 0.0000000000 0.9529599547
59.0 -198.8 1906.1 0.8500488997 0.0113073746 -0.5265824199 -0.0948510021 0.9867108464 -0.1319278330 0.5180928111 0.1620919853 0.8398249745
54.6 -585.3 1842.6 0.8538987041 0.0000000000 -0.5204392076 0.0000000000 1.0000000000 0.0000000000 0.5204392076 0.0000000000 0.8538987041
-146.7 -364.0 1743.2 0 0 0 0 0 0 0 0 0
50.4 374.1 1716.2 0 0 0 0 0 0 0 0 0
-163.8 -977.8 1817.7 0 0 0 0 0 0 0 0 0
54.6 -961.9 1842.6 0 0 0 0 0 0 0 0 0
-1.9 463.4 1853.3 63 0.9672002196 0.1952437013 -0.1624918878 -0.2104739696 0.9741262794 -0.0823330060 0.1422126144 0.1138328165 0.9832688570
-60.7 170.2 1819.0 0.9672002196 0.1952437013 -0.1624918878 -0.2104739696 0.9741262794 -0.0823330060 0.1422126144 0.1138328165 0.9832688570
-46.5 -20.1 1862.9 0.9869341850 -0.0724792778 -0.1439017206 0.1023303121 0.9718229175 0.2123411447 0.1244566590 -0.2242922336 0.9665420651
-201.3 155.6 1801.3 0.0752779022 -0.7577683926 -0.6481668949 0.9920673370 -0.0087133637 0.1254051328 -0.1006757617 -0.6524654627 0.7511013150
-221.5 -110.7 1828.3 -0.2716464400 -0.7577683926 -0.5932919383 0.9133580923 -0.0087133637 -0.4070639312 0.3032906055 -0.6524654627 0.6944808364
80.0 184.8 1836.8 0.8489772677 0.3664608002 0.3807152212 0.1425891966 0.5348730087 -0.8328140378 -0.5088279843 0.7613260150 0.4018416703
252.9 213.9 1733.1 -0.7753186822 0.3664608002 0.5143805742 0.6279051304 0.5348730087 0.5653724670 -0.0679414421 0.7613260150 -0.6447996497
-119.7 -220.3 1891.3 0.9344222546 0.1082485467 -0.3393188417 -0.1678221077 0.9741237164 -0.1513892710 0.3141508698 0.1984067112 0.9284093976
-162.1 -601.8 1813.6 0.9478655457 0.0000000000 -0.3186704814 0.0000000000 1.0000000000 0.0000000000 0.3186704814 0.0000000000 0.9478655457
58.8 -200.7 1911.7 0.8418948054 0.0141347218 -0.5394564867 -0.1118919998 0.9825045466 -0.1488792300 0.5279141068 0.1857015193 0.8287470341
53.3 -585.5 1839.0 0.8472149968 0.0000000000 -0.5312501192 0.0000000000 1.0000000000 0.0000000000 0.5312501192 0.0000000000 0.8472149968
-145.0 -368.0 1742.9 0 0 0 0 0 0 0 0 0
51.9 376.7 1715.5 0 0 0 0 0 0 0 0 0
-162.1 -978.5 1813.6 0 0 0 0 0 0 0 0 0
53.3 -962.1 1839.0 0 0 0 0 0 0 0 0 0
-1.4 465.1 1853.3 64 0.9669188261 0.1826839894 -0.1780297011 -0.1996944249 0.9763622880 -0.0826970711 0.1587140560 0.1155128926 0.9805440307
-56.6 170.0 1818.4 0.9669188261 0.1826839894 -0.1780297011 -0.1996944249 0.9763622880 -0.0826970711 0.1587140560 0.1155128926 0.9805440307
-45.8 -20.6 1862.0 0.9857644439 -0.0553181246 -0.1587713063 0.0887734815 0.9732099771 0.2120886594 0.1427854747 -0.2231641412 0.9642665982
-197.1 157.3 1798.0 0.0819371119 -0.7450410724 -0.6619668603 0.9911521673 -0.0086748376 0.1324465871 -0.1044206023 -0.6669622064 0.7377382517
-219.3 -111.1 1826.3 -0.2754849494 -0.7450410724 -0.6074717045 0.9146516323 -0.0086748376 -0.4041499496 0.2958385646 -0.6669622064 0.6838427782
83.8 182.6 1838.7 0.8294055462 0.3742097914 0.4147932529 0.1661065966 0.5437210798 -0.8226639628 -0.5333807468 0.7512219548 0.3888065517
251.5 216.2 1730.9 -0.7770919204 0.3742097914 0.5060585141 0.6259238124 0.5437210798 0.5590946078 -0.0659359768 0.7512219548 -0.6567480564
-121.5 -219.6 1895.6 0.9275330305 0.1014195755 -0.3597173691 -0.1689020693 0.9723326564 -0.1613730341 0.3333985507 0.2104358226 0.9190006256
-161.3 -600.4 1813.2 0.9410532713 0.0000000000 -0.3382583559 0.0000000000 1.0000000000 0.0000000000 0.3382583559 0.0000000000 0.9410532713
56.9 -201.1 1918.1 0.8304520249 0.0075079738 -0.5570394993 -0.1262347549 0.9764363170 -0.1750339866 0.5425994396 0.2156750858 0.8118312955
53.9 -583.3 1833.7 0.8371489048 0.0000000000 -0.5469750762 0.0000000000 1.0000000000 0.0000000000 0.5469750762 0.0000000000 0.8371489048
-141.7 -368.8 1742.9 0 0 0 0 0 0 0 0 0
51.1 377.7 1713.9 0 0 0 0 0 0 0 0 0
-161.3 -977.1 1813.2 0 0 0 0 0 0 0 0 0
53.9 -960.0 1833.7 0 0 0 0 0 0 0 0 0
-0.6 465.8 1849.3 65 0.9682122469 0.1797707081 -0.1739183515 -0.1942908317 0.9784231186 -0.0702797323 0.1575314999 0.1018364355 0.9822490215
-54.9 170.5 1818.5 0.9682122469 0.1797707081 -0.1739183515 -0.1942908317 0.9784231186 -0.0702797323 0.1575314999 0.1018364355 0.9822490215
-47.1 -20.2 1862.2 0.9873575568 -0.0396789983 -0.1534619927 0.0725277215 0.9739592671 0.2148093134 0.1409423202 -0.2232238501 0.9645239115
-195.6 160.1 1798.4 0.0907890722 -0.7322925925 -0.6749110222 0.9904026985 -0.0045241937 0.1381378770 -0.1042107716 -0.6809750795 0.7248538136
-220.2 -108.6 1826.7 -0.2832833529 -0.7322925925 -0.6192722321 0.9113740921 -0.0045241937 -0.4115541577 0.2985763550 -0.6809750795 0.6686741114
85.8 180.8 1838.6 0.8102620244 0.3859224021 0.4410661459 0.1879609525 0.5417120457 -0.8192794323 -0.5551090837 0.7467342019 0.3663903475
248.7 218.6 1727.0 -0.7774033546 0.3859224021 0.4966969788 0.6267727017 0.5417120457 0.5600928664 -0.0529143438 0.7467342019 -0.6630144119
-124.1 -219.2 1892.8 0.9280151725 0.0924585387 -0.3608867228 -0.1584517658 0.9746844769 -0.1577440798 0.3371659219 0.2035720348 0.9191722274
-160.3 -600.9 1813.1 0.9398890734 0.0000000000 -0.3414799273 0.0000000000 1.0000000000 0.0000000000 0.3414799273 0.0000000000 0.9398890734
54.1 -203.1 1918.6 0.8294917345 -0.0060690832 -0.5584860444 -0.1150444150 0.9766415358 -0.1814829707 0.5465421081 0.2147893310 0.8094178438
56.5 -585.5 1834.5 0.8350360990 0.0000000000 -0.5501952171 0.0000000000 1.0000000000 0.0000000000 0.5501952171 0.0000000000 0.8350360990
-140.4 -365.4 1742.6 0 0 0 0 0 0 0 0 0
50.4 378.4 1713.5 0 0 0 0 0 0 0 0 0
-160.3 -977.6 1813.1 0 0 0 0 0 0 0 0 0
56.5 -962.2 1834.5 0 0 0 0 0 0 0 0 0
-0.7 464.3 1847.8 66 0.9694768786 0.1785296351 -0.1680527627 -0.1922326386 0.9789192080 -0.0690200180 0.1521879584 0.0992185399 0.9833588004
-54.2 170.8 1818.0 0.9694768786 0.1785296351 -0.1680527627 -0.1922326386 0.9789192080 -0.0690200180 0.1521879584 0.0992185399 0.9833588004
-48.1 -19.7 1862.6 0.9887733459 -0.0310948417 -0.1461519599 0.0632668287 0.9732279778 0.2209630460 0.1353683621 -0.2277289331 0.9642691016
-195.1 161.8 1798.7 0.0943995267 -0.7391708493 -0.6668697000 0.9891554117 -0.0060682502 0.1467472315 -0.1125180125 -0.6734906435 0.7305819988
-220.6 -105.1 1829.1 -0.2848252952 -0.7391708493 -0.6103286147 0.9089596868 -0.0060682502 -0.4168398082 0.3044122159 -0.6734906435 0.6736049056
86.7 179.9 1837.3 0.8041598201 0.4010779858 0.4387065470 0.1873919964 0.5293555856 -0.8274460435 -0.5641021132 0.7476089597 0.3505276740
246.2 217.0 1725.5 -0.7696956396 0.4010779858 0.4966941774 0.6372613907 0.5293555856 0.5600719452 -0.0382952988 0.7476089597 -0.6630342007
-128.6 -217.5 1893.2 0.9301538467 0.0774995685 -0.3588978052 -0.1446959525 0.9757384658 -0.1643091291 0.3374565244 0.2047638297 0.9188007712
-158.9 -599.7 1813.0 0.9400467277 0.0000000000 -0.3410456181 0.0000000000 1.0000000000 0.0000000000 0.3410456181 0.0000000000 0.9400467277
49.9 -204.4 1918.7 0.8310010433 -0.0245175138 -0.5557303429 -0.1010563523 0.9757506251 -0.1941605657 0.5470145345 0.2175077051 0.8083721399
59.5 -586.5 1833.5 0.8352770805 0.0000000000 -0.5498293042 0.0000000000 1.0000000000 0.0000000000 0.5498293042 0.0000000000 0.8352770805
-140.3 -361.2 1743.3 0 0 0 0 0 0 0 0 0
50.1 379.4 1715.7 0 0 0 0 0 0 0 0 0
-158.9 -976.3 1813.0 0 0 0 0 0 0 0 0 0
59.5 -963.1 1833.5 0 0 0 0 0 0 0 0 0
-0.5 462.7 1851.5 67 0.9704712629 0.1813188642 -0.1590878516 -0.1965768784 0.9767127633 -0.0859636292 0.1397963017 0.1146982238 0.9835147858
-54.5 172.0 1817.4 0.9704712629 0.1813188642 -0.1590878516 -0.1965768784 0.9767127633 -0.0859636292 0.1397963017 0.1146982238 0.9835147858
-49.4 -18.5 1862.4 0.9905781746 -0.0262976754 -0.1343997121 0.0562887415 0.9728433490 0.2245159596 0.1248456091 -0.2299658060 0.9651576281
-195.7 164.0 1799.6 0.0923132077 -0.7461187840 -0.6593822837 0.9893954992 -0.0058451518 0.1451289356 -0.1121376157 -0.6657871604 0.7376669645
-220.6 -103.5 1829.9 -0.2814477682 -0.7461187840 -0.6034019589 0.9089974761 -0.0058451518 -0.4167605639 0.3074259162 -0.6657871604 0.6798652411
86.7 180.0 1835.2 0.8083831072 0.4100349844 0.4223600626 0.1740385592 0.5189434290 -0.8369039893 -0.5623409152 0.7500460148 0.3481432199
244.8 214.0 1725.1 -0.7610866427 0.4100349844 0.5026116371 0.6478521824 0.5189434290 0.5576605201 -0.0321666822 0.7500460148 -0.6606029868
-131.4 -216.0 1895.0 0.9336675406 0.0662021339 -0.3519690335 -0.1364433169 0.9744031429 -0.1786666512 0.3311316073 0.2148390710 0.9188014269
-157.3 -597.7 1810.9 0.9424817562 0.0000000000 -0.3342576325 0.0000000000 1.0000000000 0.0000000000 0.3342576325 0.0000000000 0.9424817562
47.4 -204.6 1919.5 0.8355153203 -0.0385916270 -0.5481102467 -0.0910124406 0.9740313292 -0.2073154896 0.5418772101 0.2231001109 0.8103057742
62.5 -586.0 1832.1 0.8389973640 0.0000000000 -0.5441355109 0.0000000000 1.0000000000 0.0000000000 0.5441355109 0.0000000000 0.8389973640
-141.3 -359.6 1743.3 0 0 0 0 0 0 0 0 0
49.9 380.0 1716.9 0 0 0 0 0 0 0 0 0
-157.3 -974.3 1810.9 0 0 0 0 0 0 0 0 0
62.5 -962.7 1832.1 0 0 0 0 0 0 0 0 0
-2.6 464.7 1852.9 68 0.9836962223 0.1409366876 -0.1117075756 -0.1466968060 0.9881528020 -0.0451008566 0.1040277928 0.0607526861 0.9927171469
-37.6 219.6 1837.8 0.9836962223 0.1409366876 -0.1117075756 -0.1466968060 0.9881528020 -0.0451008566 0.1040277928 0.0607526861 0.9927171469
-42.4 26.7 1862.7 0.9949911237 0.0225633252 -0.0973837450 -0.0099263638 0.9916796088 0.1283473521 0.0994694158 -0.1267378032 0.9869363308
-179.1 220.8 1824.1 0.1272300929 -0.6363056898 -0.7608729005 0.9916728735 0.0661860704 0.1104732007 -0.0199355464 -0.7685924768 0.6394279599
-220.5 -102.0 1830.6 -0.2780075967 -0.6363056898 -0.7196018696 0.9096937180 0.0661860704 -0.4099716246 0.3084948957 -0.7685924768 0.5604431033
103.9 218.4 1851.5 0.7421028018 0.5396664739 0.3975468576 -0.0310236178 0.6201189160 -0.7838941813 -0.6695677638 0.5693967342 0.4769343734
244.2 212.6 1725.0 -0.7576977611 0.5396664739 0.3669525683 0.6525632143 0.6201189160 0.4354467094 0.0074417698 0.5693967342 -0.8220291734
-134.7 -189.7 1887.0 0.9427340627 0.0510546751 -0.3296147883 -0.1094539240 0.9808458686 -0.1611249745 0.3150751293 0.1879756302 0.9302649498
-155.8 -595.4 1809.3 0.9484323859 0.0000000000 -0.3169795871 0.0000000000 1.0000000000 0.0000000000 0.3169795871 0.0000000000 0.9484323859
44.6 -188.6 1909.5 0.8407834768 -0.0464054681 -0.5393789411 -0.0657779872 0.9801810384 -0.1868645549 0.5373605490 0.1925919056 0.8210675716
63.4 -585.4 1831.5 0.8426083326 0.0000000000 -0.5385268331 0.0000000000 1.0000000000 0.0000000000 0.5385268331 0.0000000000 0.8426083326
-142.2 -358.2 1743.7 0 0 0 0 0 0 0 0 0
112.8 325.7 1726.3 0 0 0 0 0 0 0 0 0
-155.8 -972.1 1809.3 0 0 0 0 0 0 0 0 0
63.4 -962.0 1831.5 0 0 0 0 0 0 0 0 0
-4.9 466.0 1853.6 69 0.9897242188 0.1216407716 -0.0751633346 -0.1230856180 0.9922844768 -0.0148818940 0.0727731586 0.0239804965 0.9970601797
-32.1 244.2 1848.2 0.9897242188 0.1216407716 -0.0751633346 -0.1230856180 0.9922844768 -0.0148818940 0.0727731586 0.0239804965 0.9970601797
-43.8 50.3 1863.0 0.9960762858 0.0581716299 -0.0666940510 -0.0528650992 0.9954922199 0.0787436366 0.0709740594 -0.0749088824 0.9946614504
-173.7 251.5 1838.5 0.1784351021 -0.6283187270 -0.7572162747 0.9835721850 0.0925272927 0.1549982280 -0.0273251198 -0.7724339962 0.6345069408
-226.4 -38.7 1846.6 -0.2290230840 -0.6283187270 -0.7434809804 0.9269017577 0.0925272927 -0.3637194633 0.2973240316 -0.7724339962 0.5611988306
109.6 236.9 1857.9 0.8539304137 0.4533446431 0.2555025220 -0.1876356602 0.7261914611 -0.6613915563 -0.4853820801 0.5168409944 0.7051805854
263.5 203.1 1770.5 -0.7627744079 0.4533446431 0.4611440599 0.6160705686 0.7261914611 0.3051278293 -0.1965508014 0.5168409944 -0.8332125545
-137.4 -153.2 1874.2 0.9513041973 0.0375914946 -0.3059529066 -0.0764687136 0.9902905226 -0.1160914078 0.2986182272 0.1338340640 0.9449421167
-152.5 -551.2 1820.4 0.9540978074 0.0000000000 -0.2994951308 0.0000000000 1.0000000000 0.0000000000 0.2994951308 0.0000000000 0.9540978074
42.3 -159.2 1891.6 0.8486326337 -0.0464733429 -0.5269373059 -0.0250526667 0.9914845824 -0.1277915239 0.5283890963 0.1216492355 0.8402419090
60.7 -553.0 1843.2 0.8488990664 0.0000000000 -0.5285549760 0.0000000000 1.0000000000 0.0000000000 0.5285549760 0.0000000000 0.8488990664
-161.9 -299.5 1762.9 0 0 0 0 0 0 0 0 0
134.7 307.1 1737.3 0 0 0 0 0 0 0 0 0
-152.5 -927.9 1820.4 0 0 0 0 0 0 0 0 0
60.7 -929.7 1843.2 0 0 0 0 0 0 0 0 0
-3.4 464.7 1853.4 70 0.9817281365 0.1578134447 -0.1063241586 -0.1620450318 0.9862527251 -0.0323559977 0.0997562855 0.0489940941 0.9938049316
-41.7 225.2 1841.5 0.9817281365 0.1578134447 -0.1063241586 -0.1620450318 0.9862527251 -0.0323559977 0.0997562855 0.0489940941 0.9938049316
-52.1 31.1 1860.4 0.9943588972 0.0523903146 -0.0922260806 -0.0430545360 0.9940093756 0.1004575118 0.0969365835 -0.0959200636 0.9906576872
-183.2 231.2 1827.9 0.1947678626 -0.7524944544 -0.6291403770 0.9744974971 0.0755760148 0.2112887204 -0.1114456654 -0.6542479396 0.7480236888
-229.8 -2.2 1854.6 -0.1541889608 -0.7524944544 -0.6402951479 0.9455699921 0.0755760148 -0.3165211976 0.2865713835 -0.6542479396 0.6998831630
99.8 219.2 1855.1 0.8222526312 0.4983814359 0.2748026848 -0.1282983422 0.6327456832 -0.7636572719 -0.5544728041 0.5926624537 0.5842183828
253.9 195.2 1751.2 -0.7111974359 0.4983814359 0.4957965016 0.6893349886 0.6327456832 0.3527748883 -0.1378966570 0.5926624537 -0.7935588956
-146.3 -141.4 1870.0 0.9443410635 0.0069503081 -0.3288945258 -0.0460617729 0.9927214384 -0.1112767309 0.3257272243 0.1202326491 0.9377877712
-149.0 -526.8 1823.3 0.9453445077 0.0000000000 -0.3260733187 0.0000000000 1.0000000000 0.0000000000 0.3260733187 0.0000000000 0.9453445077
33.7 -148.9 1883.2 0.8339498639 -0.0833023563 -0.5455166101 0.0125625432 0.9911504388 -0.1321474612 0.5516972542 0.1033512801 0.8276162744
66.1 -535.3 1842.9 0.8340156674 0.0000000000 -0.5517407656 0.0000000000 1.0000000000 0.0000000000 0.5517407656 0.0000000000 0.8340156674
-186.5 -267.6 1774.2 0 0 0 0 0 0 0 0 0
103.4 341.1 1722.0 0 0 0 0 0 0 0 0 0
-149.0 -903.4 1823.3 0 0 0 0 0 0 0 0 0
66.1 -912.0 1842.9 0 0 0 0 0 0 0 0 0
-2.3 464.0 1853.4 71 0.9870941639 0.1411730796 -0.0755993053 -0.1420344859 0.9898428321 -0.0061144964 0.0739682242 0.0167732909 0.9971195459
-33.4 245.5 1849.7 0.9870941639 0.1411730796 -0.0755993053 -0.1420344859 0.9898428321 -0.0061144964 0.0739682242 0.0167732909 0.9971195459
-49.9 51.2 1861.5 0.9942542911 0.0830980092 -0.0674768910 -0.0786747262 0.9947290421 0.0657606125 0.0725857988 -0.0600740463 0.9955512881
-174.9 256.6 1839.5 0.2079581022 -0.7628807425 -0.6121816635 0.9766445756 0.1273770928 0.1730329990 -0.0540256128 -0.6338675618 0.7715524435
-233.9 -20.5 1854.8 -0.0842063725 -0.7619802356 -0.6421023011 0.9574694037 0.1165955216 -0.2639275789 0.2759738564 -0.6370177269 0.7197546959
108.1 234.4 1859.8 0.7581316233 0.5970001221 0.2623495758 -0.2577225864 0.6438700557 -0.7204238176 -0.5990121365 0.4785626531 0.6419986486
257.5 183.6 1741.7 -0.6828832626 0.5970001221 0.4210240841 0.7209242582 0.6438700557 0.2563193142 -0.1180621237 0.4785626531 -0.8700799346
-152.9 -152.1 1869.0 0.9496247172 -0.0281027835 -0.3121267557 -0.0170473196 0.9898643494 -0.1409891993 0.3129253387 0.1392077506 0.9395205975
-141.7 -545.8 1813.6 0.9497627616 0.0000000000 -0.3129708171 0.0000000000 1.0000000000 0.0000000000 0.3129708171 0.0000000000 0.9497627616
26.8 -164.5 1886.5 0.8397557735 -0.1200144812 -0.5295344591 0.0334725901 0.9848535657 -0.1701265872 0.5419315100 0.1251399070 0.8310536742
73.9 -551.4 1837.3 0.8402266502 0.0000000000 -0.5422353745 0.0000000000 1.0000000000 0.0000000000 0.5422353745 0.0000000000 0.8402266502
-210.3 -289.1 1777.4 0 0 0 0 0 0 0 0 0
123.2 325.4 1718.5 0 0 0 0 0 0 0 0 0
-141.7 -922.4 1813.6 0 0 0 0 0 0 0 0 0
73.9 -928.0 1837.3 0 0 0 0 0 0 0 0 0
-1.7 461.9 1854.3 72 0.9898665547 0.1320486367 -0.0522236452 -0.1319840997 0.9912406802 0.0046977093 0.0523865297 0.0022425852 0.9986243844
-29.4 254.3 1853.8 0.9898665547 0.1320486367 -0.0522236452 -0.1319840997 0.9912406802 0.0046977093 0.0523865297 0.0022425852 0.9986243844
-48.9 59.9 1861.7 0.9939283133 0.0992217734 -0.0475556292 -0.0971132144 0.9942657351 0.0447736420 0.0517254509 -0.0398835093 0.9978646040
-170.9 268.1 1846.6 0.2369166762 -0.7700840831 -0.5923183560 0.9707949758 0.1639397889 0.1751593798 -0.0377828963 -0.6165179014 0.7864338160
-234.6 6.8 1856.8 -0.0337072983 -0.7693943381 -0.6378841400 0.9684812427 0.1324605197 -0.2109462619 0.2467953265 -0.6248891950 0.7406790853
112.1 240.6 1861.1 0.7120237947 0.6367732882 0.2958749235 -0.3026060462 0.6585259438 -0.6890378594 -0.6336022019 0.4010778069 0.6615775824
257.5 178.8 1731.8 -0.6867398620 0.6367732882 0.3505825698 0.7208888531 0.6585259438 0.2160158902 -0.0933145806 0.4010778069 -0.9112787843
-156.3 -132.5 1866.1 0.9540252686 -0.0359325930 -0.2975645363 -0.0003703178 0.9926457405 -0.1210548356 0.2997260094 0.1155995652 0.9469957948
-142.2 -524.2 1820.5 0.9540253282 0.0000000000 -0.2997260094 0.0000000000 1.0000000000 0.0000000000 0.2997260094 0.0000000000 0.9540253282
23.2 -149.0 1879.1 0.8446180820 -0.1188089699 -0.5220198631 0.0580591075 0.9896412492 -0.1312986165 0.5322118402 0.0805891827 0.8427668214
69.8 -536.8 1847.6 0.8460452557 0.0000000000 -0.5331111550 0.0000000000 1.0000000000 0.0000000000 0.5331111550 0.0000000000 0.8460452557
-225.2 -265.0 1787.5 0 0 0 0 0 0 0 0 0
117.1 326.1 1712.7 0 0 0 0 0 0 0 0 0
-142.2 -900.9 1820.5 0 0 0 0 0 0 0 0 0
69.8 -913.5 1847.6 0 0 0 0 0 0 0 0 0
-2.5 461.8 1854.3 73 0.9842453599 0.1468167305 -0.0985186845 -0.1506630927 0.9880419374 -0.0327691808 0.0925295278 0.0470960438 0.9945955276
-36.4 234.2 1843.4 0.9842453599 0.1468167305 -0.0985186845 -0.1506630927 0.9880419374 -0.0327691808 0.0925295278 0.0470960438 0.9945955276
-42.9 40.6 1864.5 0.9958095551 0.0317772180 -0.0857527852 -0.0223359894 0.9938024879 0.1088931188 0.0886816531 -0.1065214351 0.9903478026
-177.7 237.1 1831.2 0.2537350059 -0.7461118698 -0.6155775189 0.9602214098 0.1175835058 0.2532765269 -0.1165908575 -0.6553558111 0.7462676167
-235.0 20.4 1857.6 0.0052008736 -0.7463163733 -0.6655710936 0.9761328697 0.1482962668 -0.1586595178 0.2171119004 -0.6488606334 0.7292751670
105.0 231.2 1855.6 0.7286370397 0.6008838415 0.3286741376 -0.2322635800 0.6682342887 -0.7067648172 -0.6443148851 0.4386360347 0.6264637113
252.2 184.3 1725.5 -0.7102615237 0.6008838415 0.3666977584 0.6980935931 0.6682342887 0.2571541071 -0.0905202776 0.4386360347 -0.8940942287
-151.1 -135.0 1869.6 0.9477200508 -0.0300727952 -0.3176827431 -0.0141867790 0.9905942082 -0.1360950023 0.3187874258 0.1334868520 0.9383793473
-139.6 -514.0 1818.5 0.9478154182 0.0000000000 -0.3188195229 0.0000000000 1.0000000000 0.0000000000 0.3188195229 0.0000000000 0.9478154182
26.2 -146.4 1879.4 0.8352703452 -0.1138597131 -0.5379213691 0.0500935614 0.9900140166 -0.1317684054 0.5475528240 0.0831158459 0.8326329589
70.3 -530.4 1847.1 0.8363203406 0.0000000000 -0.5482411385 0.0000000000 1.0000000000 0.0000000000 0.5482411385 0.0000000000 0.8363203406
-236.5 -253.8 1796.6 0 0 0 0 0 0 0 0 0
91.7 342.1 1705.0 0 0 0 0 0 0 0 0 0
-139.6 -890.6 1818.5 0 0 0 0 0 0 0 0 0
70.3 -907.0 1847.1 0 0 0 0 0 0 0 0 0
-4.7 463.7 1854.8 74 0.9813672304 0.1429813057 -0.1283539087 -0.1516683996 0.9865705967 -0.0606234185 0.1179621741 0.0789610669 0.9898737669
-41.1 212.5 1834.7 0.9813672304 0.1429813057 -0.1283539087 -0.1516683996 0.9865705967 -0.0606234185 0.1179621741 0.0789610669 0.9898737669
-39.0 19.8 1864.0 0.9933207035 -0.0125608984 -0.1147003397 0.0293834507 0.9888218045 0.1461783051 0.1115820631 -0.1485722214 0.9825862646
-182.2 208.2 1819.2 0.2228851467 -0.7338830829 -0.6416680217 0.9617029428 0.0578144453 0.2679270804 -0.1595294774 -0.6768110394 0.7186634541
-233.7 -14.0 1856.0 0.0202398188 -0.7368004322 -0.6758072376 0.9708677530 0.1759058088 -0.1627051085 0.2387596220 -0.6528263688 0.7188960910
100.0 216.9 1850.2 0.7474117279 0.5535527468 0.3673622608 -0.1340289414 0.6672208905 -0.7327021956 -0.6507011056 0.4983930588 0.5728808045
247.8 190.4 1721.5 -0.7279168963 0.5535527468 0.4046187401 0.6783786416 0.6672208905 0.3076015115 -0.0996964052 0.4983930588 -0.8611997366
-135.5 -155.7 1880.2 0.9429768324 0.0269424282 -0.3317662179 -0.0899224505 0.9802783132 -0.1759784669 0.3204819262 0.1957768500 0.9268024564
-145.9 -533.9 1804.6 0.9468125701 0.0000000000 -0.3217855394 0.0000000000 1.0000000000 0.0000000000 0.3217855394 0.0000000000 0.9468125701
42.7 -156.5 1895.9 0.8354943395 -0.0496933050 -0.5472475290 -0.0447975881 0.9864277244 -0.1579668820 0.5476700068 0.1564958096 0.8219286203
62.0 -539.2 1835.2 0.8363339305 0.0000000000 -0.5482203960 0.0000000000 1.0000000000 0.0000000000 0.5482203960 0.0000000000 0.8363339305
-239.4 -287.0 1788.9 0 0 0 0 0 0 0 0 0
73.2 353.1 1697.6 0 0 0 0 0 0 0 0 0
-145.9 -910.6 1804.6 0 0 0 0 0 0 0 0 0
62.0 -915.8 1835.2 0 0 0 0 0 0 0 0 0
-5.9 464.1 1854.0 75 0.9800329208 0.1416086406 -0.1395795047 -0.1531142741 0.9853267074 -0.0754139647 0.1268521398 0.0952797830 0.9873349667
-44.1 198.3 1828.3 0.9800329208 0.1416086406 -0.1395795047 -0.1531142741 0.9853267074 -0.0754139647 0.1268521398 0.0952797830 0.9873349667
-37.1 6.5 1864.6 0.9913480878 -0.0366982371 -0.1260247231 0.0590844303 0.9821123481 0.1787859201 0.1172093004 -0.1846851856 0.9757834673
-185.1 189.7 1811.9 0.1952040493 -0.7266887426 -0.6586492658 0.9667881727 0.0296104830 0.2538579702 -0.1649728119 -0.6863284111 0.7083342075
-232.1 -43.2 1851.7 -0.0025077325 -0.7357493043 -0.6772493720 0.9636011720 0.1792737395 -0.1983272135 0.2673321366 -0.6530956030 0.7085193396
96.9 206.8 1844.8 0.7576075196 0.5210934877 0.3930552602 -0.0648958236 0.6593416929 -0.7490374446 -0.6494762897 0.5419687033 0.5333390236
245.3 194.1 1717.6 -0.7382277250 0.5210934877 0.4283472300 0.6668713093 0.6593416929 0.3472048342 -0.1015009955 0.5419687033 -0.8342466354
-124.5 -178.0 1884.5 0.9393051267 0.0736878142 -0.3350760639 -0.1372770071 0.9757950306 -0.1702323854 0.3144215047 0.2058984041 0.9266849160
-153.1 -556.9 1804.6 0.9482828379 0.0000000000 -0.3174266815 0.0000000000 1.0000000000 0.0000000000 0.3174266815 0.0000000000 0.9482828379
53.9 -171.0 1904.4 0.8361793756 -0.0061605279 -0.5484214425 -0.1011726707 0.9810438752 -0.1652784497 0.5390437245 0.1936877072 0.8197054267
56.3 -552.8 1829.0 0.8404920697 0.0000000000 -0.5418238640 0.0000000000 1.0000000000 0.0000000000 0.5418238640 0.0000000000 0.8404920697
-231.4 -314.3 1776.5 0 0 0 0 0 0 0 0 0
62.6 359.0 1692.5 0 0 0 0 0 0 0 0 0
-153.1 -933.6 1804.6 0 0 0 0 0 0 0 0 0
56.3 -929.5 1829.0 0 0 0 0 0 0 0 0 0
-5.3 464.0 1854.2 76 0.9777271152 0.1560455710 -0.1403546780 -0.1691039801 0.9818005562 -0.0864375755 0.1243120953 0.1082468927 0.9863209724
-48.7 190.7 1824.0 0.9777271152 0.1560455710 -0.1403546780 -0.1691039801 0.9818005562 -0.0864375755 0.1243120953 0.1082468927 0.9863209724
-39.1 -0.7 1863.0 0.9908823371 -0.0495838858 -0.1252740026 0.0731634647 0.9788031578 0.1912888587 0.1131337434 -0.1987102479 0.9735065699
-189.8 180.2 1808.1 0.1613250375 -0.7288777232 -0.6653656363 0.9746666551 0.0118392752 0.2233489901 -0.1549166590 -0.6845415235 0.7123227715
-230.0 -62.6 1846.7 -0.0550016128 -0.7440014482 -0.6659104228 0.9582682252 0.1480418593 -0.2445518821 0.2805295587 -0.6515715122 0.7048103809
92.4 201.2 1840.0 0.7651574016 0.5042754412 0.4003004432 -0.0182583649 0.6384807229 -0.7694211602 -0.6435843706 0.5814194679 0.4977454841
242.6 197.6 1713.7 -0.7383460999 0.5042754412 0.4478295147 0.6679603457 0.6384807229 0.3823235333 -0.0931341425 0.5814194679 -0.8082557917
-118.6 -191.7 1891.0 0.9385281205 0.0977098569 -0.3310857713 -0.1622650474 0.9714117050 -0.1732898653 0.3046884537 0.2163610607 0.9275520444
-156.7 -570.5 1806.6 0.9511332512 0.0000000000 -0.3087806702 0.0000000000 1.0000000000 0.0000000000 0.3087806702 0.0000000000 0.9511332512
60.0 -180.2 1911.9 0.8390845060 0.0156670026 -0.5437754393 -0.1334451735 0.9749721289 -0.1778250337 0.5273798704 0.2217744440 0.8201746941
53.9 -560.6 1825.4 0.8466568589 0.0000000000 -0.5321392417 0.0000000000 1.0000000000 0.0000000000 0.5321392417 0.0000000000 0.8466568589
-214.5 -332.0 1767.8 0 0 0 0 0 0 0 0 0
56.6 365.8 1690.2 0 0 0 0 0 0 0 0 0
-156.7 -947.1 1806.6 0 0 0 0 0 0 0 0 0
53.9 -937.3 1825.4 0 0 0 0 0 0 0 0 0
-5.9 466.0 1853.7 77 0.9779629111 0.1627712846 -0.1307440847 -0.1751448661 0.9804726243 -0.0894297212 0.1136344001 0.1103581116 0.9873744249
-52.0 187.9 1822.4 0.9779629111 0.1627712846 -0.1307440847 -0.1751448661 0.9804726243 -0.0894297212 0.1136344001 0.1103581116 0.9873744249
-39.6 -2.5 1865.6 0.9912846684 -0.0635204241 -0.1154116690 0.0870956331 0.9732956290 0.2123911679 0.0988384932 -0.2205919623 0.9703453779
-193.2 175.5 1808.4 0.1356831491 -0.7341554761 -0.6652862430 0.9818907380 0.0100327926 0.1891823113 -0.1322145462 -0.6789072752 0.7222217321
-228.1 -77.0 1842.4 -0.1308802217 -0.7491188049 -0.6493776441 0.9482862353 0.0964632109 -0.3024038672 0.2891774774 -0.6553745866 0.6977539062
89.1 200.3 1836.4 0.7678364515 0.5011632442 0.3990772069 -0.0065257121 0.6290155649 -0.7773653269 -0.6406126618 0.5942851901 0.4862515032
240.6 199.0 1710.0 -0.7375245690 0.5011632442 0.4526510537 0.6697074175 0.6290155649 0.3947548866 -0.0868879110 0.5942851901 -0.7995471358
-118.5 -199.2 1892.1 0.9427136779 0.0965112671 -0.3193375170 -0.1587269455 0.9717069268 -0.1749039888 0.2934222817 0.2155718505 0.9313603640
-156.2 -579.0 1807.8 0.9548183680 0.0000000000 -0.2971898913 0.0000000000 1.0000000000 0.0000000000 0.2971898913 0.0000000000 0.9548183680
60.3 -185.6 1912.4 0.8468658924 0.0191430245 -0.5314618349 -0.1272067726 0.9776333570 -0.1674856246 0.5163686275 0.2094434053 0.8303595185
52.8 -567.8 1830.5 0.8538020253 0.0000000000 -0.5205978751 0.0000000000 1.0000000000 0.0000000000 0.5205978751 0.0000000000 0.8538020253
-191.4 -343.1 1761.3 0 0 0 0 0 0 0 0 0
53.1 369.3 1687.9 0 0 0 0 0 0 0 0 0
-156.2 -955.6 1807.8 0 0 0 0 0 0 0 0 0
52.8 -944.4 1830.5 0 0 0 0 0 0 0 0 0
-7.0 466.0 1850.0 78 0.9787819386 0.1611457169 -0.1265623122 -0.1724002212 0.9814718962 -0.0836127847 0.1107435152 0.1036580503 0.9884284735
-53.5 182.7 1820.1 0.9787819386 0.1611457169 -0.1265623122 -0.1724002212 0.9814718962 -0.0836127847 0.1107435152 0.1036580503 0.9884284735
-39.3 -7.7 1863.2 0.9909343123 -0.0723987892 -0.1131705940 0.0952016562 0.9727783203 0.2112794369 0.0947935283 -0.2201380730 0.9708518982
-194.7 169.2 1806.6 0.1177267432 -0.8107627034 -0.5734145641 0.9848921299 0.0214830339 0.1718311906 -0.1269956380 -0.5849806070 0.8010429740
-225.1 -86.0 1839.5 -0.1906084418 -0.8107627034 -0.5534728765 0.9351758957 0.0214830339 -0.3535314202 0.2985203862 -0.5849806070 0.7541109324
87.7 196.3 1833.5 0.7506511807 0.4875361621 0.4459050000 0.0407970287 0.6394081116 -0.7677844167 -0.6594379544 0.5945298672 0.4600824118
237.3 204.4 1702.2 -0.7453359365 0.4875361621 0.4547338188 0.6594440937 0.6394081116 0.3953363001 -0.0980197489 0.5945298672 -0.7980766892
-116.5 -201.0 1900.1 0.9431909323 0.1032672971 -0.3157954812 -0.1710257381 0.9657793045 -0.1949885637 0.2848528028 0.2379205972 0.9285756350
