62.4 452.7 2099.5 0.9904409051 -0.0834918395 -0.1097996235 0.0747664347 0.9938796163 -0.0813218579 0.1159173176 0.0723351687 0.9906214476
83.3 204.4 2081.5 0.9904409051 -0.0834918395 -0.1097996235 0.0747664347 0.9938796163 -0.0813218579 0.1159173176 0.0723351687 0.9906214476
75.5 10.9 2093.9 0.9927706718 0.0403685234 -0.1130342111 -0.0328017101 0.9971445203 0.0680207759 0.1154573485 -0.0638213158 0.9912600517
-52.3 208.9 2065.7 0.1781499237 -0.9018146396 -0.3936914802 0.4071613848 0.4317920208 -0.8048448563 0.8958137035 -0.0169129316 0.4441078007
-82.7 139.3 1912.5 -0.4319122434 -0.9018146396 0.0134980213 -0.9019064903 0.4317920208 -0.0109720873 0.0040664515 -0.0169129316 -0.9998487234
218.9 199.9 2097.2 0.1226816922 0.6154029965 0.7786067128 -0.9923674464 0.0859415829 0.0884356797 -0.0124911088 -0.7835133672 0.6212493777
250.7 -57.7 2094.0 -0.2922092378 0.6154029965 0.7320470810 -0.8983306289 0.0859415829 -0.4308318794 -0.3280484974 -0.7835133672 0.5277224183
-20.1 -180.1 2093.1 0.9734967947 0.0330257006 -0.2263036668 -0.0072101224 0.9934586287 0.1139647365 0.2285870910 -0.1093126237 0.9673668742
-33.0 -565.7 2135.5 0.9725165367 0.0471269265 -0.2280144244 -0.0374043025 0.9982047677 0.0467778221 0.2298095822 -0.0369634852 0.9725334048
157.3 -184.4 2117.3 0.9951367378 0.0720923245 -0.0671232343 -0.0703271404 0.9971224070 0.0283023827 0.0689704642 -0.0234441571 0.9973431826
129.3 -571.4 2126.4 0.9939016700 -0.0872772038 -0.0673953891 0.0891003609 0.9957205057 0.0245312843 0.0649659485 -0.0303866398 0.9974247217
26.6 367.5 1911.5 0 0 0 0 0 0 0 0 0
169.3 -308.2 2002.5 0 0 0 0 0 0 0 0 0
-50.5 -937.9 2149.3 0 0 0 0 0 0 0 0 0
161.9 -943.1 2137.8 0 0 0 0 0 0 0 0 0
63.4 454.5 2105.7 0.9906523824 -0.0867996290 -0.1052314416 0.0752836242 0.9912016988 -0.1088651419 0.1137550324 0.0999253094 0.9884709120
85.3 204.8 2080.6 0.9906523824 -0.0867996290 -0.1052314416 0.0752836242 0.9912016988 -0.1088651419 0.1137550324 0.0999253094 0.9884709120
76.9 11.3 2092.7 0.9930996895 0.0430062227 -0.1091030464 -0.0358288214 0.9971151948 0.0669144168 0.1116660461 -0.0625436530 0.9917756915
-50.4 209.7 2065.3 0.1918421239 -0.9008057714 -0.3895452917 0.4068858624 0.4342007339 -0.8036875129 0.8931072354 -0.0043193595 0.4498231411
-83.5 139.6 1911.4 -0.4342055917 -0.9008057714 -0.0037997819 -0.9006396532 0.4342007339 -0.0178293288 0.0177106299 -0.0043193595 -0.9998338223
220.9 199.9 2095.8 0.1107128635 0.6185125113 0.7779363394 -0.9937713742 0.0788905174 0.0787063166 -0.0126909586 -0.7818046808 0.6233942509
249.9 -60.4 2092.5 -0.2941296697 0.6185125113 0.7286494374 -0.8993707895 0.0788905174 -0.4300098121 -0.3234499991 -0.7818046808 0.5330680609
-21.3 -179.7 2095.9 0.9744808674 0.0288823079 -0.2226047367 -0.0055606966 0.9944894314 0.1046894044 0.2244017273 -0.1007799879 0.9692714810
-32.5 -565.8 2135.0 0.9742506146 0.0242330860 -0.2241616696 -0.0183422342 0.9994304776 0.0283248797 0.2247204036 -0.0234839059 0.9741402864
156.5 -185.6 2116.6 0.9956014156 0.0691217855 -0.0632458776 -0.0674898699 0.9973384738 0.0275877174 0.0649844632 -0.0231979135 0.9976165891
129.7 -572.7 2125.6 0.9947162271 -0.0813748837 -0.0625919774 0.0837903023 0.9957969785 0.0369809419 0.0593195856 -0.0420301445 0.9973538518
26.4 367.4 1906.9 0 0 0 0 0 0 0 0 0
167.9 -311.2 2002.3 0 0 0 0 0 0 0 0 0
-41.5 -938.5 2143.8 0 0 0 0 0 0 0 0 0
160.1 -944.4 2141.3 0 0 0 0 0 0 0 0 0
64.1 454.4 2103.4 0.9929060340 -0.0557567663 -0.1050177887 0.0484795272 0.9963245988 -0.0706187338 0.1085692868 0.0650265589 0.9919598103
76.6 230.3 2088.7 0.9929060340 -0.0557567663 -0.1050177887 0.0484795272 0.9963245988 -0.0706187338 0.1085692868 0.0650265589 0.9919598103
74.5 36.5 2093.5 0.9941787720 0.0109760584 -0.1071823463 -0.0082483767 0.9996315837 0.0258592330 0.1074266881 -0.0248246212 0.9939030409
-59.1 231.4 2074.0 0.1325165182 -0.9022276998 -0.4103956521 0.4829961360 0.4203410745 -0.7681328654 0.8655368686 -0.0964292139 0.4914745986
-84.2 140.2 1910.4 -0.4262902737 -0.9022276998 0.0652826205 -0.9030981660 0.4203410745 -0.0879039541 0.0518684164 -0.0964292139 -0.9939874411
212.4 229.2 2103.5 0.1295520663 0.5794427991 0.8046504259 -0.9909095168 0.1053273901 0.0836924687 -0.0362567306 -0.8081783056 0.5878207684
250.2 -60.0 2092.9 -0.2909499109 0.5794427991 0.7613108158 -0.8995429873 0.1053273901 -0.4239439964 -0.3258381784 -0.8081783056 0.4905887544
-20.4 -179.1 2094.9 0.9747364521 0.0298500452 -0.2213544548 -0.0070563634 0.9946503639 0.1030576229 0.2232465595 -0.0988920704 0.9697325826
-32.0 -565.2 2133.3 0.9743441343 0.0311673637 -0.2228947133 -0.0242706072 0.9991400838 0.0336151533 0.2237507403 -0.0273429379 0.9742627740
157.9 -182.3 2114.2 0.9957239628 0.0723690614 -0.0574152581 -0.0703629553 0.9968634248 0.0362270176 0.0598568842 -0.0320322029 0.9976928830
129.6 -572.5 2126.7 0.9947167635 -0.0842194334 -0.0587001219 0.0854284465 0.9961744547 0.0183961447 0.0569262505 -0.0233136136 0.9981061220
23.4 368.0 1897.4 0 0 0 0 0 0 0 0 0
169.0 -310.9 2002.0 0 0 0 0 0 0 0 0 0
-43.6 -938.0 2143.5 0 0 0 0 0 0 0 0 0
161.0 -944.3 2135.4 0 0 0 0 0 0 0 0 0
61.6 451.4 2096.2 0.9871118069 -0.0396199264 -0.1550502926 0.0333224759 0.9985188842 -0.0430069454 0.1565245837 0.0372860059 0.9869700074
70.5 227.3 2087.8 0.9871118069 -0.0396199264 -0.1550502926 0.0333224759 0.9985188842 -0.0430069454 0.1565245837 0.0372860059 0.9869700074
88.7 35.4 2095.8 0.9826060534 -0.0950862691 -0.1595115364 0.0999933854 0.9947221279 0.0230057873 0.1564821154 -0.0385557227 0.9869279861
-62.8 213.7 2066.5 0.1307721734 -0.9052108526 -0.4043414295 0.4235653579 0.4197608232 -0.8027410507 0.8963766098 -0.0662888363 0.4383089840
-85.7 139.6 1909.6 -0.4240514338 -0.9052108526 0.0278159417 -0.9024229050 0.4197608232 -0.0971275866 0.0762448981 -0.0662888363 -0.9948831797
203.7 240.9 2109.1 0.1734995842 0.5621517301 0.8086305261 -0.9843891263 0.1236662865 0.1252387613 -0.0295971427 -0.8177359104 0.5748320818
250.9 -26.6 2101.0 -0.2644401789 0.5621517301 0.7836177945 -0.9099736810 0.1236662865 -0.3957960606 -0.3194045424 -0.8177359104 0.4788409770
-3.7 -164.1 2090.3 0.9581548572 0.0587112270 -0.2801646888 -0.0253612529 0.9923025966 0.1212119088 0.2851246595 -0.1090344489 0.9522685409
-26.1 -542.2 2131.8 0.9561480880 0.0742648393 -0.2833116949 -0.0601112507 0.9964853525 0.0583405681 0.2866486013 -0.0387520045 0.9572517276
169.7 -157.3 2111.1 0.9877853990 0.1094689295 -0.1108897105 -0.1042206436 0.9931893945 0.0520855226 0.1158362255 -0.0398923233 0.9924669266
127.1 -544.2 2126.7 0.9895706773 -0.0854329541 -0.1159787774 0.0865605995 0.9962354302 0.0047120163 0.1151396111 -0.0147020658 0.9932405353
21.1 366.7 1890.4 0 0 0 0 0 0 0 0 0
177.1 -280.3 2012.0 0 0 0 0 0 0 0 0 0
-53.8 -913.8 2146.3 0 0 0 0 0 0 0 0 0
159.0 -916.0 2132.1 0 0 0 0 0 0 0 0 0
59.5 452.1 2099.1 0.9854719043 -0.0261704605 -0.1678102762 0.0157844983 0.9978931546 -0.0629290640 0.1691036224 0.0593660176 0.9838087559
65.5 223.1 2085.4 0.9854719043 -0.0261704605 -0.1678102762 0.0157844983 0.9978931546 -0.0629290640 0.1691036224 0.0593660176 0.9838087559
95.1 32.4 2094.5 0.9725495577 -0.1532552689 -0.1751003265 0.1587485522 0.9871599674 0.0177233908 0.1701358259 -0.0450337976 0.9843910336
-66.6 201.5 2062.3 0.1223770529 -0.9050046206 -0.4074192643 0.3675695062 0.4226420820 -0.8284119368 0.9219091535 -0.0483762845 0.3843737841
-87.0 140.1 1908.4 -0.4252259731 -0.9050046206 0.0122260321 -0.9020307064 0.4226420820 -0.0878310129 0.0743202418 -0.0483762845 -0.9960603714
197.7 244.7 2108.6 0.2619454563 0.5163272023 0.8153470159 -0.9650562406 0.1463898718 0.2173394114 -0.0071402937 -0.8437868357 0.5366309881
259.0 18.5 2106.9 -0.2446955591 0.5163272023 0.8206889033 -0.9189875126 0.1463898718 -0.3661037087 -0.3091698587 -0.8437868357 0.4386773407
26.1 -169.1 2090.6 0.9438428283 0.1404954493 -0.2990346551 -0.1043861434 0.9855283499 0.1335568875 0.3134712577 -0.0948416367 0.9448496103
-27.8 -546.9 2127.0 0.9492137432 0.0772399008 -0.3050036728 -0.0521875471 0.9946216941 0.0894656256 0.3102735877 -0.0690046102 0.9481396079
198.6 -147.1 2119.2 0.9720299840 0.1938133985 -0.1326425970 -0.1935297549 0.9809774160 0.0151523240 0.1330561191 0.0109417764 0.9910480976
123.6 -526.7 2115.0 0.9877226353 -0.0965641662 -0.1227981970 0.1049938202 0.9924034476 0.0641227365 0.1156733930 -0.0762285292 0.9903579354
19.8 366.8 1889.7 0 0 0 0 0 0 0 0 0
190.8 -237.7 2020.7 0 0 0 0 0 0 0 0 0
-56.6 -917.8 2152.7 0 0 0 0 0 0 0 0 0
159.5 -896.5 2143.4 0 0 0 0 0 0 0 0 0
59.0 448.1 2099.0 0.9866063595 -0.0157728791 -0.1623549014 0.0059742564 0.9981402755 -0.0606652871 0.1630098373 0.0588828102 0.9848657846
62.6 222.0 2085.7 0.9866063595 -0.0157728791 -0.1623549014 0.0059742564 0.9981402755 -0.0606652871 0.1630098373 0.0588828102 0.9848657846
96.9 31.7 2094.1 0.9694596529 -0.1773177087 -0.1694295704 0.1819233596 0.9832403064 0.0119308447 0.1644744426 -0.0423896722 0.9854700565
-69.5 197.2 2063.2 0.1001304090 -0.9064957500 -0.4101699293 0.3356782794 0.4188496470 -0.8437328339 0.9366397262 -0.0532018170 0.3462305069
-86.0 141.7 1908.5 -0.4210544527 -0.9064957500 0.0312829725 -0.9061348438 0.4188496470 -0.0590309091 0.0404084064 -0.0532018170 -0.9977658391
194.6 246.8 2108.1 0.3252039552 0.4881896675 0.8098847270 -0.9456058741 0.1602001786 0.2831349969 0.0084799035 -0.8579083681 0.5137327313
264.1 44.6 2109.9 -0.2882561386 0.4881896675 0.8237591982 -0.8982436061 0.1602001786 -0.4092607498 -0.3317632377 -0.8579083681 0.3923345506
41.3 -174.3 2088.8 0.9371591210 0.1919067204 -0.2913838625 -0.1511826515 0.9760264754 0.1565763950 0.3144464195 -0.1026848182 0.9437050819
-32.6 -550.3 2128.3 0.9508418441 0.0416451842 -0.3068639934 -0.0205276534 0.9972130060 0.0717274472 0.3089958727 -0.0619022585 0.9490467310
213.4 -143.9 2119.5 0.9603384733 0.2465227842 -0.1302938163 -0.2493540198 0.9683960676 -0.0056223851 0.1247899681 0.0378886759 0.9914594889
118.1 -518.6 2104.9 0.9878596067 -0.1208413094 -0.0976256877 0.1320982575 0.9841241837 0.1185310334 0.0817523524 -0.1299881935 0.9881394506
19.4 368.7 1898.3 0 0 0 0 0 0 0 0 0
183.9 -205.5 2017.5 0 0 0 0 0 0 0 0 0
-48.2 -922.1 2151.4 0 0 0 0 0 0 0 0 0
163.0 -884.9 2153.3 0 0 0 0 0 0 0 0 0
58.7 446.0 2099.5 0.9903845787 0.0009049724 -0.1383385658 -0.0099679055 0.9978463054 -0.0648339540 0.1379819512 0.0655894950 0.9882605672
58.5 221.4 2084.7 0.9903845787 0.0009049724 -0.1383385658 -0.0099679055 0.9978463054 -0.0648339540 0.1379819512 0.0655894950 0.9882605672
93.6 30.9 2092.0 0.9726172090 -0.1814498752 -0.1452296823 0.1849360317 0.9826916456 0.0107601238 0.1407635808 -0.0373236835 0.9893394709
-74.2 196.2 2065.5 0.0624076687 -0.9116672277 -0.4061627388 0.3199471831 0.4037531316 -0.8570981026 0.9453777671 -0.0764611363 0.3168826699
-84.6 143.0 1908.4 -0.4057303667 -0.9116672277 0.0651594847 -0.9139180779 0.4037531316 -0.0416796729 0.0116896452 -0.0764611363 -0.9970040321
191.1 246.7 2103.9 0.3648782969 0.4853135347 0.7945656776 -0.9306576848 0.1651769280 0.3264855444 0.0272039417 -0.8585961461 0.5119302869
265.6 56.5 2109.5 -0.3671829402 0.4853135347 0.7935032845 -0.8527004123 0.1651769280 -0.4955992699 -0.3715894520 -0.8585961461 0.3531768918
46.3 -175.9 2087.9 0.9407402277 0.2095421255 -0.2666456997 -0.1696991026 0.9716137648 0.1648300886 0.2936154902 -0.1098127589 0.9495952129
-34.8 -551.6 2130.4 0.9582970738 0.0194582716 -0.2851105928 0.0014810401 0.9973276258 0.0730437487 0.2857699990 -0.0704198778 0.9557073712
218.9 -142.3 2117.5 0.9591540694 0.2624256611 -0.1056233197 -0.2644718885 0.9643771052 -0.0056046662 0.1003898978 0.0333101340 0.9943904281
117.2 -516.0 2104.6 0.9893088341 -0.1272480935 -0.0712453127 0.1350135505 0.9838405252 0.1175973862 0.0551299863 -0.1259592175 0.9905023575
17.1 372.1 1905.5 0 0 0 0 0 0 0 0 0
163.8 -180.0 2006.4 0 0 0 0 0 0 0 0 0
-42.0 -923.6 2156.7 0 0 0 0 0 0 0 0 0
164.6 -882.8 2151.6 0 0 0 0 0 0 0 0 0
58.7 444.6 2100.2 0.9904688001 -0.0006055282 -0.1377359331 -0.0101024052 0.9969775677 -0.0770301148 0.1373662800 0.0776873901 0.9874690771
58.9 218.5 2082.6 0.9904688001 -0.0006055282 -0.1377359331 -0.0101024052 0.9969775677 -0.0770301148 0.1373662800 0.0776873901 0.9874690771
95.8 28.3 2091.1 0.9706740379 -0.1904785186 -0.1466621608 0.1947716475 0.9807283878 0.0153556522 0.1409108192 -0.0434709638 0.9890674353
-73.6 191.9 2063.4 0.0629140586 -0.9150642157 -0.3983708322 0.2886710763 0.3987845480 -0.8704251051 0.9553589821 -0.0602361560 0.2892417312
-83.9 144.8 1907.7 -0.3985035419 -0.9150642157 0.0620678887 -0.9170067906 0.3987845480 -0.0083298618 -0.0171293560 -0.0602361560 -0.9980371594
191.3 245.1 2101.8 0.3580039740 0.5035597086 0.7862955928 -0.9329047799 0.1577221006 0.3237473667 0.0390099287 -0.8494418263 0.5262383819
264.9 53.3 2109.9 -0.4528323710 0.5035597086 0.7357788086 -0.7891404033 0.1577221006 -0.5936170220 -0.4149701595 -0.8494418263 0.3259576261
42.6 -176.6 2086.9 0.9427412152 0.1957549751 -0.2700351179 -0.1549451649 0.9740212560 0.1651500762 0.2953488827 -0.1138531491 0.9485812783
-33.2 -553.9 2131.0 0.9573817849 0.0256394427 -0.2876851857 -0.0055987737 0.9975123405 0.0702695101 0.2887712121 -0.0656640604 0.9551436901
216.3 -143.0 2112.1 0.9615377188 0.2545434237 -0.1032127067 -0.2545349002 0.9669696689 0.0134757385 0.1032337174 0.0133138057 0.9945679903
117.6 -517.9 2107.0 0.9884505272 -0.1308039874 -0.0765238702 0.1389238536 0.9838672876 0.1127176583 0.0605454110 -0.1220468208 0.9906759262
16.1 375.0 1912.0 0 0 0 0 0 0 0 0 0
139.8 -164.7 1995.2 0 0 0 0 0 0 0 0 0
-42.8 -926.2 2155.5 0 0 0 0 0 0 0 0 0
166.4 -885.0 2152.5 0 0 0 0 0 0 0 0 0
58.7 441.2 2102.6 0.9898593426 -0.0020362691 -0.1420364678 -0.0110716261 0.9957495928 -0.0914340317 0.1416189373 0.0920794010 0.9856294990
59.1 217.5 2081.9 0.9898593426 -0.0020362691 -0.1420364678 -0.0110716261 0.9957495928 -0.0914340317 0.1416189373 0.0920794010 0.9856294990
95.7 27.1 2090.9 0.9701401591 -0.1885752976 -0.1525365859 0.1934231073 0.9809601307 0.0174559616 0.1463405490 -0.0464388281 0.9881436825
-73.3 191.1 2061.9 0.0594241843 -0.9171340466 -0.3941242397 0.2770855725 0.3944615722 -0.8761413693 0.9590058923 -0.0571421497 0.2775651515
-83.0 146.1 1906.3 -0.3944384456 -0.9171340466 0.0573014840 -0.9188418984 0.3944615722 -0.0113861701 -0.0121605890 -0.0571421497 -0.9982919693
191.6 243.9 2101.9 0.3358445764 0.5006277561 0.7978598475 -0.9414309263 0.1511876285 0.3014135361 0.0302694365 -0.8523579836 0.5220819712
261.9 46.9 2108.2 -0.5163060427 0.5006277561 0.6948381066 -0.7381812334 0.1511876285 -0.6574425697 -0.4341849089 -0.8523579836 0.2914949358
46.3 -179.7 2087.0 0.9390855432 0.2085869014 -0.2731481194 -0.1636797488 0.9702826738 0.1782145947 0.3022041321 -0.1226499304 0.9453198910
-34.6 -555.9 2134.5 0.9539316297 0.0360196680 -0.2978540659 -0.0217465498 0.9984568954 0.0510967225 0.2992349565 -0.0422654785 0.9532428980
219.9 -144.5 2112.3 0.9595323205 0.2593328059 -0.1097461581 -0.2594808340 0.9656583071 0.0131815290 0.1093956903 0.0158289243 0.9938722253
119.3 -519.2 2106.1 0.9894248247 -0.1207347661 -0.0803839192 0.1298470646 0.9842547178 0.1199263930 0.0646389723 -0.1290957779 0.9895231724
15.8 376.1 1909.3 0 0 0 0 0 0 0 0 0
119.1 -157.4 1988.1 0 0 0 0 0 0 0 0 0
-48.1 -928.4 2150.3 0 0 0 0 0 0 0 0 0
164.3 -886.5 2154.3 0 0 0 0 0 0 0 0 0
58.9 441.1 2101.3  0.9903084040 0.0048735538 -0.1388004273 -0.0161935836 0.9966194630 -0.0805441514 0.1379386783 0.0820112228 0.9870395660
57.8 218.9 2083.0 0.9903084040 0.0048735538 -0.1388004273 -0.0161935836 0.9966194630 -0.0805441514 0.1379386783 0.0820112228 0.9870395660
94.7 28.5 2091.5 0.9706134796 -0.1899140775 -0.1477907896 0.1942768097 0.9808237553 0.0155317541 0.1420070231 -0.0437876545 0.9888966680
-74.8 192.3 2063.6 0.0684536770 -0.9127507806 -0.4027407765 0.2747359276 0.4053257108 -0.8719124198 0.9590799212 -0.0509617440 0.2785114646
-86.2 146.6 1904.0 -0.4060763419 -0.9127507806 0.0445876233 -0.9138260484 0.4053257108 -0.0251588412 0.0048912405 -0.0509617440 -0.9986886382
190.4 245.4 2102.4 0.2975724339 0.4709615111 0.8304492235 -0.9546440840 0.1561388373 0.2535258830 -0.0102644414 -0.8682257533 0.4960632324
254.7 39.2 2100.2 -0.5642977357 0.4709615111 0.6780584455 -0.7031807899 0.1561388373 -0.6936551332 -0.4325561225 -0.8682257533 0.2430623025
45.6 -180.7 2086.9 0.9406818151 0.2056854069 -0.2698356211 -0.1633040160 0.9715893269 0.1713066399 0.2974046767 -0.1170797944 0.9475456476
-34.2 -557.6 2132.3 0.9554453492 0.0347954705 -0.2931099832 -0.0209139306 0.9985120296 0.0503619127 0.2944262326 -0.0419879742 0.9547513723
219.3 -145.9 2113.1 0.9614130259 0.2548385262 -0.1036452428 -0.2545442581 0.9669240713 0.0162802264 0.1043659076 0.0107302787 0.9944810867
120.4 -521.2 2109.0 0.9906224608 -0.1109077483 -0.0797910914 0.1190000251 0.9873206615 0.1050566435 0.0671277940 -0.1135666147 0.9912600517
15.5 375.4 1902.7 0 0 0 0 0 0 0 0 0
98.2 -155.8 1980.2 0 0 0 0 0 0 0 0 0
-47.1 -930.3 2148.0 0 0 0 0 0 0 0 0 0
161.8 -889.6 2151.3 0 0 0 0 0 0 0 0 0
57.1 439.4 2097.6  0.9890915155 -0.0076682591 -0.1471025199 -0.0026057274 0.9975769520 -0.0695228204 0.1472792029 0.0691477358 0.9866749644
58.8 218.0 2082.3 0.9890915155 -0.0076682591 -0.1471025199 -0.0026057274 0.9975769520 -0.0695228204 0.1472792029 0.0691477358 0.9866749644
95.8 27.7 2091.3 0.9692097902 -0.1907463968 -0.1557182670 0.1956079155 0.9805455208 0.0163730923 0.1495657265 -0.0463286862 0.9876658320
-73.6 191.3 2061.8 0.0832893625 -0.9110625982 -0.4037670493 0.2687595189 0.4106976986 -0.8712610006 0.9595994949 -0.0359494723 0.2790634930
-87.3 147.0 1903.6 -0.4117140472 -0.9110625982 0.0213660151 -0.9108917117 0.4106976986 -0.0400456190 0.0277090911 -0.0359494723 -0.9989693761
191.2 244.7 2102.7 0.2383700162 0.4478161633 0.8617658615 -0.9696230888 0.1598735154 0.1851258278 -0.0548711941 -0.8797165155 0.4723219573
244.0 30.1 2090.6 -0.5899605751 0.4478161633 0.6718684435 -0.6864829659 0.1598735154 -0.7093529701 -0.4250736833 -0.8797165155 0.2130991071
44.7 -179.3 2087.3 0.9383777976 0.2038330585 -0.2791042626 -0.1622818261 0.9728699923 0.1648896486 0.3051421344 -0.1094352305 0.9459980130
-34.4 -556.9 2129.8 0.9539706111 0.0406231061 -0.2971360385 -0.0200028252 0.9971959591 0.0721120462 0.2992322743 -0.0628492162 0.9521082044
218.5 -144.5 2112.8 0.9605583549 0.2551459968 -0.1105810627 -0.2543901801 0.9668707848 0.0211302619 0.1123089045 0.0078338869 0.9936424494
119.5 -519.8 2109.7 0.9883801341 -0.1196632311 -0.0937308744 0.1276188046 0.9882556200 0.0840493813 0.0825724453 -0.0950345621 0.9920434356
15.4 374.1 1896.7 0 0 0 0 0 0 0 0 0
80.0 -160.7 1972.4 0 0 0 0 0 0 0 0 0
-49.6 -929.0 2153.2 0 0 0 0 0 0 0 0 0
164.1 -888.6 2145.2 0 0 0 0 0 0 0 0 0
58.2 441.9 2099.3  0.9894078970 -0.0075153485 -0.1449673027 -0.0033992389 0.9971855879 -0.0748957247 0.1451221704 0.0745951980 0.9865977168
59.9 217.1 2082.5 0.9894078970 -0.0075153485 -0.1449673027 -0.0033992389 0.9971855879 -0.0748957247 0.1451221704 0.0745951980 0.9865977168
98.3 27.0 2091.0 0.9680424929 -0.1978484839 -0.1541093290 0.2022230178 0.9792520404 0.0130878100 0.1483224630 -0.0438340120 0.9879671335
-72.3 189.5 2062.2 0.0855660364 -0.9165530205 -0.3906520307 0.2360825092 0.3995753825 -0.8857790828 0.9679584503 -0.0164335072 0.2505722046
-86.4 150.5 1902.6 -0.3998682797 -0.9165530205 0.0059928019 -0.9162918329 0.3995753825 -0.0273648910 0.0226867981 -0.0164335072 -0.9996075630
192.2 244.7 2102.7 0.1942826211 0.4547083080 0.8691919446 -0.9785956144 0.1511388570 0.1396699846 -0.0678595752 -0.8777228594 0.4743391871
236.9 19.4 2087.1 -0.6101461649 0.4547083080 0.6488158107 -0.6650553346 0.1511388570 -0.7313401699 -0.4306077361 -0.8777228594 0.2101894021
46.1 -180.2 2086.9 0.9384970069 0.2051189840 -0.2777580619 -0.1637318134 0.9726036787 0.1650272608 0.3039987385 -0.1093997657 0.9463701248
-33.5 -557.8 2129.3 0.9543496966 0.0473761186 -0.2949105203 -0.0254293326 0.9966434240 0.0778155401 0.2976072133 -0.0667638555 0.9523510337
219.7 -145.1 2113.7 0.9605115056 0.2556141317 -0.1099049971 -0.2555767298 0.9666774869 0.0146676535 0.1099919453 0.0140007110 0.9938338399
120.5 -520.4 2108.2 0.9904759526 -0.1087977812 -0.0843825862 0.1177164540 0.9870331287 0.1091256067 0.0714157894 -0.1180195138 0.9904398918
13.5 379.5 1897.0 0 0 0 0 0 0 0 0 0
67.1 -165.7 1967.3 0 0 0 0 0 0 0 0 0
-51.2 -929.7 2154.3 0 0 0 0 0 0 0 0 0
161.1 -888.7 2152.3 0 0 0 0 0 0 0 0 0
57.6 442.7 2099.6  0.9912007451 -0.0114520313 -0.1318707168 0.0008171456 0.9967607856 -0.0804195255 0.1323645115 0.0796041340 0.9879993796
60.2 215.9 2081.5 0.9912007451 -0.0114520313 -0.1318707168 0.0008171456 0.9967607856 -0.0804195255 0.1323645115 0.0796041340 0.9879993796
98.8 25.9 2089.9 0.9697118402 -0.1987465024 -0.1419817060 0.2028135061 0.9791081548 0.0146239353 0.1361089945 -0.0429768078 0.9897612333
-72.3 188.2 2062.9 0.0775370374 -0.9209827781 -0.3818097711 0.2012100220 0.3895379007 -0.8987628818 0.9764745235 -0.0071365424 0.2155145854
-85.0 155.1 1902.3 -0.3892835379 -0.9209827781 0.0157804471 -0.9208145738 0.3895379007 0.0189946964 -0.0236408692 -0.0071365424 -0.9996950626
192.7 243.6 2100.1 0.2919056416 0.4342821240 0.8521679044 -0.9561827183 0.1534526646 0.2493327856 -0.0224866737 -0.8876098990 0.4600467682
264.3 9.1 2094.6 -0.6750687957 0.4342821240 0.5963901281 -0.5969614983 0.1534526646 -0.7874574661 -0.4334963262 -0.8876098990 0.1556586027
50.0 -181.2 2086.2 0.9401507378 0.2129231244 -0.2660456300 -0.1725531965 0.9707188606 0.1671234965 0.2938399911 -0.1112142503 0.9493626356
-32.6 -558.0 2129.4 0.9574097991 0.0603634678 -0.2823521793 -0.0367232375 0.9954180121 0.0882858261 0.2863876820 -0.0741568282 0.9552397132
223.5 -145.0 2112.8 0.9596347213 0.2629560828 -0.0997763053 -0.2634404302 0.9646379948 0.0085275620 0.0984903872 0.0181017686 0.9949733615
121.4 -519.4 2105.8 0.9927091002 -0.0995351449 -0.0679806173 0.1073185578 0.9866441488 0.1225399673 0.0548756458 -0.1289421171 0.9901326299
12.5 385.9 1908.2 0 0 0 0 0 0 0 0 0
77.0 -156.5 1974.3 0 0 0 0 0 0 0 0 0
-55.1 -929.6 2157.1 0 0 0 0 0 0 0 0 0
158.5 -887.6 2153.9 0 0 0 0 0 0 0 0 0
58.1 441.6 2101.3  0.9914512634 -0.0123668918 -0.1298903823 0.0011054582 0.9962584972 -0.0864160508 0.1304730922 0.0855337083 0.9877554178
60.9 215.3 2081.9 0.9914512634 -0.0123668918 -0.1298903823 0.0011054582 0.9962584972 -0.0864160508 0.1304730922 0.0855337083 0.9877554178
96.0 24.6 2088.2 0.9736141562 -0.1809580326 -0.1390310228 0.1837167293 0.9829531312 0.0071635214 0.1353646815 -0.0325168297 0.9902620912
-72.1 190.2 2063.4 0.0753570870 -0.9192037582 -0.3865045607 0.2265253365 0.3932533264 -0.8910881281 0.9710857868 -0.0204032697 0.2378573567
-84.4 153.1 1904.3 -0.3916789889 -0.9192037582 0.0406451859 -0.9184140563 0.3932533264 0.0432135500 -0.0557059124 -0.0204032697 -0.9982387424
193.9 240.4 2100.4 0.2943964303 0.4696152806 0.8323414326 -0.9556811452 0.1465499550 0.2553363740 -0.0020697301 -0.8706231117 0.4919462800
261.7 20.4 2099.9 -0.6379002929 0.4696152806 0.6103643775 -0.6254262924 0.1465499550 -0.7663974762 -0.4493608475 -0.8706231117 0.2002255023
50.5 -182.4 2086.0 0.9421392083 0.2126856148 -0.2591111064 -0.1729051173 0.9705159664 0.1679360718 0.2871890664 -0.1134175137 0.9511355758
-32.1 -559.1 2130.0 0.9589766860 0.0699905381 -0.2747090459 -0.0460211597 0.9946246743 0.0927566588 0.2797244787 -0.0763090402 0.9570429325
224.2 -146.0 2110.4 0.9586191773 0.2690681219 -0.0930137932 -0.2689589262 0.9630507231 0.0139447330 0.0933290794 0.0116492016 0.9955671430
119.8 -519.9 2105.9 0.9918901324 -0.1126980186 -0.0587631166 0.1197016239 0.9837481976 0.1338319629 0.0427255109 -0.1397806555 0.9892602563
14.4 384.7 1918.3 0 0 0 0 0 0 0 0 0
84.4 -153.4 1975.0 0 0 0 0 0 0 0 0 0
-58.2 -930.4 2158.5 0 0 0 0 0 0 0 0 0
161.8 -887.0 2158.0 0 0 0 0 0 0 0 0 0
56.2 442.4 2101.6  0.9925479293 -0.0253529884 -0.1191881150 0.0124646975 0.9941095710 -0.1076603979 0.1212155595 0.1053724587 0.9870174527
62.3 206.0 2076.6 0.9925479293 -0.0253529884 -0.1191881150 0.0124646975 0.9941095710 -0.1076603979 0.1212155595 0.1053724587 0.9870174527
92.7 14.6 2085.4 0.9788892269 -0.1566153020 -0.1313297004 0.1611405015 0.9866272807 0.0245015100 0.1257361472 -0.0451467969 0.9910359383
-71.4 184.0 2059.4 0.0785214677 -0.9194495082 -0.3852881789 0.2071228027 0.3930943608 -0.8958666325 0.9751586914 -0.0094572054 0.2213052958
-83.8 151.4 1906.2 -0.3920315206 -0.9194495082 0.0303955562 -0.9182923436 0.3930943608 0.0470747873 -0.0552312098 -0.0094572054 -0.9984288216
195.9 228.0 2093.8 0.2793762386 0.5043010712 0.8170858622 -0.9598561525 0.1245254129 0.2513355017 0.0250008162 -0.8545020819 0.5188459754
257.6 16.2 2099.3 -0.6281471848 0.5043010712 0.5925467014 -0.6261205077 0.1245254129 -0.7697184682 -0.4619569778 -0.8545020819 0.2375329733
43.9 -182.7 2082.4 0.9492676258 0.1881743371 -0.2519551814 -0.1485864073 0.9745222330 0.1680132598 0.2771517336 -0.1220524386 0.9530425668
-29.1 -560.9 2129.8 0.9598891735 0.0921629518 -0.2647994161 -0.0683758706 0.9928638339 0.0977041572 0.2719144523 -0.0756792724 0.9593409896
218.4 -149.8 2106.6 0.9643148184 0.2501855791 -0.0866264924 -0.2489589304 0.9681949019 0.0248612184 0.0900912434 -0.0024076030 0.9959306121
121.3 -525.5 2107.6 0.9916262627 -0.1132809669 -0.0620061979 0.1200084314 0.9856814146 0.1184489876 0.0477003418 -0.1248983890 0.9910222292
15.2 383.2 1920.1 0 0 0 0 0 0 0 0 0
82.7 -158.1 1970.7 0 0 0 0 0 0 0 0 0
-63.5 -931.4 2158.0 0 0 0 0 0 0 0 0 0
163.5 -893.4 2154.2 0 0 0 0 0 0 0 0 0
58.2 442.9 2102.8  0.9920362234 -0.0198791698 -0.1243742630 0.0049875835 0.9928918481 -0.1189152971 0.1258541346 0.1173479557 0.9850838780
63.0 204.5 2074.6 0.9920362234 -0.0198791698 -0.1243742630 0.0049875835 0.9928918481 -0.1189152971 0.1258541346 0.1173479557 0.9850838780
89.2 12.8 2088.2 0.9812185168 -0.1350891888 -0.1376994997 0.1432895362 0.9883428216 0.0514447428 0.1291446835 -0.0702094287 0.9891371727
-71.0 184.9 2056.9 0.0763938352 -0.9186481833 -0.3876202703 0.2115882486 0.3948384225 -0.8940542936 0.9743686914 -0.0137156621 0.2245383859
-83.0 151.9 1904.9 -0.3936761022 -0.9186481833 0.0332358517 -0.9177604914 0.3948384225 0.0426413752 -0.0522952154 -0.0137156621 -0.9985374808
197.0 224.0 2092.3 0.2219609171 0.4926379025 0.8414518833 -0.9750143290 0.1200732291 0.1868941784 -0.0089646848 -0.8619108200 0.5069805980
247.0 4.3 2090.3 -0.6334232092 0.4926379025 0.5967268348 -0.6296734810 0.1200732291 -0.7675244212 -0.4497625530 -0.8619108200 0.2341438532
35.4 -191.3 2082.9 0.9500550628 0.1721570045 -0.2603024840 -0.1306347102 0.9768712521 0.1692840457 0.2834254503 -0.1268246174 0.9505711794
-31.4 -570.4 2132.1 0.9590436220 0.0621017963 -0.2763669193 -0.0444461890 0.9965772033 0.0697022676 0.2797496021 -0.0545640625 0.9585211873
210.7 -162.5 2105.4 0.9697183371 0.2240693867 -0.0971558094 -0.2216822803 0.9744961858 0.0348448642 0.1024856344 -0.0122519806 0.9946590066
123.8 -540.6 2110.2 0.9910239577 -0.1061874628 -0.0812140033 0.1143176481 0.9880848527 0.1030525342 0.0693034381 -0.1114117280 0.9913548827
15.7 381.8 1918.0 0 0 0 0 0 0 0 0 0
70.5 -171.2 1965.0 0 0 0 0 0 0 0 0 0
-54.6 -942.2 2152.4 0 0 0 0 0 0 0 0 0
163.4 -909.3 2151.8 0 0 0 0 0 0 0 0 0
58.1 444.1 2102.4  0.9901025891 -0.0247059520 -0.1381538957 0.0082584163 0.9929339886 -0.1183803082 0.1401023865 0.1160677150 0.9833105206
64.0 206.1 2074.6 0.9901025891 -0.0247059520 -0.1381538957 0.0082584163 0.9929339886 -0.1183803082 0.1401023865 0.1160677150 0.9833105206
91.1 14.5 2089.6 0.9783582091 -0.1397168338 -0.1526250094 0.1496915668 0.9871518016 0.0558902286 0.1428552419 -0.0775273368 0.9867025614
-69.6 185.6 2055.0 0.0922615528 -0.9196525812 -0.3817419112 0.2282972038 0.3927015662 -0.8908792734 0.9692100883 -0.0049567120 0.2461853772
-84.0 149.9 1903.4 -0.3923138082 -0.9196525812 0.0181372780 -0.9191810489 0.3927015662 0.0298606139 -0.0345839299 -0.0049567120 -0.9993895292
197.7 226.5 2094.1 0.1498933285 0.4532725513 0.8786785603 -0.9863331914 0.1300390959 0.1011764929 -0.0684020370 -0.8818355203 0.4665697515
233.5 -9.5 2077.7 -0.6438133717 0.4532725513 0.6164806485 -0.6364482045 0.1300390959 -0.7602785826 -0.4247799814 -0.8818355203 0.2047635913
27.5 -191.8 2090.3 0.9481595755 0.1491055191 -0.2806437910 -0.1132732108 0.9836620092 0.1399223655 0.2969218493 -0.1008793041 0.9495581985
-30.3 -573.4 2129.4 0.9558449388 0.0650599152 -0.2865792513 -0.0379823409 0.9943566322 0.0990564674 0.2914066017 -0.0837976709 0.9529219270
203.2 -166.1 2113.5 0.9736335278 0.1972330064 -0.1146164089 -0.1953447610 0.9803464413 0.0275917742 0.1178057939 -0.0044745626 0.9930265546
126.7 -546.5 2115.2 0.9906583428 -0.0871055275 -0.1049221456 0.0952293575 0.9926203489 0.0750751048 0.0976083949 -0.0843654424 0.9916425943
14.1 379.8 1912.1 0 0 0 0 0 0 0 0 0
54.1 -186.9 1959.3 0 0 0 0 0 0 0 0 0
-54.6 -944.3 2160.7 0 0 0 0 0 0 0 0 0
159.2 -916.8 2146.7 0 0 0 0 0 0 0 0 0
57.7 443.4 2100.2  0.9879912138 -0.0431390852 -0.1483655423 0.0270672962 0.9937074780 -0.1086868122 0.1521206051 0.1033657640 0.9829419255
67.9 208.8 2075.8 0.9879912138 -0.0431390852 -0.1483655423 0.0270672962 0.9937074780 -0.1086868122 0.1521206051 0.1033657640 0.9829419255
93.7 17.1 2091.1 0.9776281714 -0.1328891665 -0.1630448848 0.1437335163 0.9879981279 0.0565714873 0.1535703093 -0.0787408948 0.9849954247
-65.7 189.2 2054.8 0.1350397766 -0.9134697318 -0.3838454187 0.2520181239 0.4063186646 -0.8782892823 0.9582542181 0.0218679849 0.2850801051
-87.0 149.4 1903.6 -0.4067511857 -0.9134697318 -0.0112485886 -0.9132866859 0.4063186646 0.0285058748 -0.0214687418 0.0218679849 -0.9995303154
201.4 228.5 2096.8 -0.0608092397 0.2128233910 0.9751966000 -0.9755436182 0.1940805018 -0.1031863093 -0.2112271041 -0.9576215148 0.1958166212
184.2 -48.0 2036.9 -0.6415255666 0.2128233910 0.7369878888 -0.7114830613 0.1940805018 -0.6753699780 -0.2867695093 -0.9576215148 0.0269126389
30.6 -190.4 2091.9 0.9424858689 0.1652496159 -0.2905391157 -0.1293134689 0.9818207026 0.1389464885 0.3082181513 -0.0933844894 0.9467211366
-33.5 -571.4 2128.1 0.9536604285 0.0550335050 -0.2958091497 -0.0242871065 0.9940022230 0.1066287979 0.2999031246 -0.0945033208 0.9492772222
205.9 -163.6 2117.5 0.9710375071 0.2022949755 -0.1271334141 -0.2015170157 0.9792990088 0.0190876890 0.1283629686 0.0070846830 0.9917019606
127.4 -543.7 2114.7 0.9899304509 -0.0810233504 -0.1160727963 0.0897145569 0.9933823347 0.0717137083 0.1094941795 -0.0814050063 0.9906483889
15.1 378.6 1909.0 0 0 0 0 0 0 0 0 0
7.5 -244.0 1957.9 0 0 0 0 0 0 0 0 0
-54.1 -942.3 2163.4 0 0 0 0 0 0 0 0 0
157.6 -914.4 2145.1 0 0 0 0 0 0 0 0 0
56.6 442.6 2099.1  0.9860705137 -0.0562351085 -0.1565328091 0.0399322547 0.9936264157 -0.1054135039 0.1614630669 0.0976944417 0.9820312858
69.8 209.1 2076.1 0.9860705137 -0.0562351085 -0.1565328091 0.0399322547 0.9936264157 -0.1054135039 0.1614630669 0.0976944417 0.9820312858
95.2 17.4 2092.0 0.9763416052 -0.1309778094 -0.1720518321 0.1429106891 0.9879842997 0.0588522553 0.1622761637 -0.0820479542 0.9833283424
-63.6 189.6 2053.9 0.1689329594 -0.9166446924 -0.3622488081 0.2815628052 0.3970968127 -0.8735195994 0.9445549250 0.0455704629 0.3251757622
-90.0 145.6 1906.2 -0.3969289958 -0.9166446924 -0.0470098853 -0.9177563787 0.3970968127 0.0061140498 0.0130630648 0.0455704629 -0.9988757372
203.2 228.6 2098.3 -0.1650723219 0.2279678136 0.9595737457 -0.9444585443 0.2437779158 -0.2203868926 -0.2841640115 -0.9426574111 0.1750651598
155.1 -46.5 2015.5 -0.6050897241 0.1132465303 0.7880619764 -0.7830327749 0.0943368599 -0.6147847176 -0.1439655274 -0.9890782237 0.0315934792
31.9 -187.6 2092.6 0.9401462674 0.1598816663 -0.3009365797 -0.1255782396 0.9835028648 0.1302007139 0.3167887032 -0.0846166313 0.9447141886
-30.2 -569.3 2125.4 0.9503898025 0.0696150288 -0.3031716049 -0.0356210172 0.9925806522 0.1162532195 0.3090152442 -0.0996865928 0.9458182454
207.0 -161.8 2120.1 0.9681556225 0.2087330818 -0.1382216811 -0.2091074586 0.9778193831 0.0119712902 0.1376546472 0.0173131153 0.9903289676
126.0 -541.3 2113.4 0.9883889556 -0.0904825553 -0.1220660731 0.1013278514 0.9911488891 0.0857703090 0.1132249311 -0.0971431211 0.9888090491
9.4 375.3 1903.0 0 0 0 0 0 0 0 0 0
-10.4 -260.7 1976.1 0 0 0 0 0 0 0 0 0
-56.2 -939.7 2162.6 0 0 0 0 0 0 0 0 0
159.8 -911.2 2149.6 0 0 0 0 0 0 0 0 0
54.3 441.6 2096.0  0.9799994230 -0.1276152283 -0.1526942700 0.1136325300 0.9887693524 -0.0970711783 0.1633671671 0.0777786598 0.9834945798
84.1 210.4 2077.8 0.9799994230 -0.1276152283 -0.1526942700 0.1136325300 0.9887693524 -0.0970711783 0.1633671671 0.0777786598 0.9834945798
85.6 18.3 2092.0 0.9864147902 -0.0075377724 -0.1641005874 0.0193572119 0.9973206520 0.0705461428 0.1631291509 -0.0727642924 0.9839177728
-49.6 207.7 2055.6 0.2421123236 -0.9173422456 -0.3160138726 0.4001677632 0.3911232054 -0.8287873268 0.8838819861 0.0742010623 0.4617865384
-90.1 140.8 1907.7 -0.3913242221 -0.9173422456 -0.0731334165 -0.9201691151 0.3911232054 0.0176476352 0.0124152554 0.0742010623 -0.9971660376
217.9 213.0 2100.0 -0.2924878299 0.2714202404 0.9169416428 -0.8921523094 0.2677465975 -0.3638350964 -0.3442601860 -0.9244689345 0.1638355702
136.6 -35.0 2004.4 -0.5744978786 0.0988488793 0.8125152588 -0.8154370189 0.0167626943 -0.5786030293 -0.0708142072 -0.9949612617 0.0709749013
22.4 -183.6 2092.7 0.9469382167 0.1348138601 -0.2917759120 -0.1044945195 0.9875972867 0.1171856597 0.3039553463 -0.0804786012 0.9492809772
-30.3 -568.9 2124.1 0.9544616938 0.0602225587 -0.2921919227 -0.0277210418 0.9930793047 0.1141273975 0.2970427871 -0.1008303687 0.9495255947
197.9 -164.8 2121.6 0.9718214869 0.1887813509 -0.1411543339 -0.1904315799 0.9816987514 0.0018483164 0.1389199495 0.0250840094 0.9899858832
125.6 -540.8 2112.0 0.9878149629 -0.0970534086 -0.1216646507 0.1094300449 0.9889974594 0.0995446146 0.1106648818 -0.1116454229 0.9875670075
7.8 370.9 1904.6 0 0 0 0 0 0 0 0 0
-21.6 -259.4 1984.9 0 0 0 0 0 0 0 0 0
-52.7 -939.6 2161.7 0 0 0 0 0 0 0 0 0
161.9 -909.9 2153.6 0 0 0 0 0 0 0 0 0
55.1 440.4 2098.0  0.9771660566 -0.1440861672 -0.1561592370 0.1278616041 0.9857361913 -0.1094327718 0.1696995646 0.0869672149 0.9816510081
89.0 208.0 2077.5 0.9771660566 -0.1440861672 -0.1561592370 0.1278616041 0.9857361913 -0.1094327718 0.1696995646 0.0869672149 0.9816510081
85.9 15.3 2092.2 0.9856154323 0.0160888918 -0.1682360768 -0.0030217306 0.9969767928 0.0776408240 0.1689766347 -0.0760156363 0.9826843739
-45.1 208.5 2054.4 0.2793644071 -0.9111400247 -0.3029511571 0.4211344719 0.3998164833 -0.8141207099 0.8629028201 0.0998531729 0.4954069555
-91.5 138.5 1911.0 -0.4014025331 -0.9111400247 -0.0932731777 -0.9158904552 0.3998164833 0.0359368958 0.0045486097 0.0998531729 -0.9949917793
223.1 207.6 2100.5 -0.3573093712 0.2903133929 0.8877207637 -0.8564879894 0.2772271037 -0.4354003370 -0.3725028038 -0.9158948064 0.1495940983
124.2 -29.5 1997.4 -0.5498617887 0.1008799896 0.8291412592 -0.8344115615 -0.0217275042 -0.5507133603 -0.0375407897 -0.9946613312 0.0961225554
-6.1 -173.7 2091.1 0.9522429109 0.0707816854 -0.2970242798 -0.0407696329 0.9935241938 0.1060543582 0.3026075065 -0.0888799429 0.9489620924
-33.6 -559.6 2125.7 0.9540699124 0.0335212909 -0.2977028191 -0.0049144104 0.9953377843 0.0963253006 0.2995438278 -0.0904380381 0.9497865438
169.6 -173.7 2120.2 0.9825945497 0.1113805324 -0.1486685127 -0.1129553616 0.9935976863 -0.0021650959 0.1474755406 0.0189203173 0.9888847470
126.8 -555.7 2112.9 0.9860722423 -0.0962606594 -0.1356298029 0.1110739782 0.9881165028 0.1062466949 0.1237906739 -0.1198318601 0.9850462675
9.4 368.6 1909.9 0 0 0 0 0 0 0 0 0
-28.0 -260.5 1987.0 0 0 0 0 0 0 0 0 0
-46.1 -931.0 2159.4 0 0 0 0 0 0 0 0 0
162.7 -924.5 2157.6 0 0 0 0 0 0 0 0 0
53.6 441.1 2100.0  0.9779615402 -0.1425421983 -0.1525548398 0.1249255016 0.9849480987 -0.1194608882 0.1672868133 0.0977701619 0.9810484648
87.6 205.6 2076.6 0.9779615402 -0.1425421983 -0.1525548398 0.1249255016 0.9849480987 -0.1194608882 0.1672868133 0.0977701619 0.9810484648
83.5 12.5 2090.3 0.9861741662 0.0210798644 -0.1643657833 -0.0091019198 0.9972692132 0.0732891038 0.1654618680 -0.0707797781 0.9836730361
-46.8 206.9 2054.0 0.2746135592 -0.9098432660 -0.3110830784 0.4244731665 0.4049988389 -0.8098138571 0.8627919555 0.0903394371 0.4974222183
-91.9 137.2 1912.4 -0.4056053758 -0.9098432660 -0.0875760466 -0.9139646292 0.4049988389 0.0253892913 0.0123679210 0.0903394371 -0.9958342314
222.1 204.4 2099.2 -0.3904863894 0.2914876640 0.8732441068 -0.8350636363 0.2871559262 -0.4692655802 -0.3875423372 -0.9124562740 0.1312802732
115.0 -24.6 1992.9 -0.5234551430 0.1010128781 0.8460443616 -0.8517996669 -0.0378159136 -0.5225009918 -0.0207853895 -0.9941661358 0.1058376729
-7.9 -176.2 2091.7 0.9539472461 0.0657714456 -0.2926751077 -0.0351113454 0.9934423566 0.1088092923 0.2979123890 -0.0935221165 0.9500009418
-33.4 -562.0 2128.0 0.9547788501 0.0476853736 -0.2934679985 -0.0200445279 0.9951326251 0.0964847282 0.2966404855 -0.0862391517 0.9510874152
168.2 -178.5 2121.9 0.9840804935 0.1040612012 -0.1440721750 -0.1046533585 0.9945026636 0.0034830361 0.1436426193 0.0116500491 0.9895610809
128.0 -562.7 2117.4 0.9870933294 -0.0838923901 -0.1364143193 0.0945046321 0.9928247929 0.0732653514 0.1292891055 -0.0852115154 0.9879389405
10.2 367.2 1909.3 0 0 0 0 0 0 0 0 0
-30.4 -261.1 1987.2 0 0 0 0 0 0 0 0 0
-51.2 -933.4 2160.2 0 0 0 0 0 0 0 0 0
159.3 -933.0 2149.1 0 0 0 0 0 0 0 0 0
54.8 441.4 2102.0  0.9744197726 -0.1355613470 -0.1792462617 0.1144837365 0.9857612252 -0.1231596321 0.1933896989 0.0994883999 0.9760648012
87.7 202.4 2077.8 0.9744197726 -0.1355613470 -0.1792462617 0.1144837365 0.9857612252 -0.1231596321 0.1933896989 0.0994883999 0.9760648012
86.6 9.0 2092.6 0.9813262224 0.0054947422 -0.1922724694 0.0091950549 0.9971090555 0.0754252821 0.1921310574 -0.0757847577 0.9784387350
-46.2 201.1 2051.6 0.2733749747 -0.9081615806 -0.3170310855 0.3793063462 0.4046555161 -0.8320941329 0.8839642406 0.1072218120 0.4550941288
-89.8 140.5 1910.5 -0.4065678120 -0.9081615806 -0.0997256860 -0.9136101604 0.4046555161 0.0396278463 0.0043660607 0.1072218120 -0.9942255616
221.6 203.6 2104.1 -0.4089639783 0.3161646426 0.8560305834 -0.8136144280 0.2984801829 -0.4989399910 -0.4132553339 -0.9005273581 0.1351684928
107.4 -23.4 1988.8 -0.5081337690 0.1157516539 0.8534644842 -0.8612726331 -0.0647386611 -0.5040023923 -0.0030869574 -0.9911662340 0.1325896382
-10.1 -179.5 2089.2 0.9458932281 0.0537017472 -0.3200033307 -0.0182800125 0.9934625626 0.1126854941 0.3239627182 -0.1007387787 0.9406911731
-30.9 -565.2 2128.3 0.9454782605 0.0529764295 -0.3213476837 -0.0267204307 0.9959732890 0.0855756029 0.3245872259 -0.0723233223 0.9430866838
166.3 -181.9 2118.8 0.9806722999 0.0972109586 -0.1697995514 -0.0955000669 0.9952623844 0.0182341170 0.1707676649 -0.0016658253 0.9853098989
128.7 -567.4 2119.4 0.9823541045 -0.0835194886 -0.1673468053 0.0918746591 0.9948499203 0.0428098254 0.1629095078 -0.0574293360 0.9849681854
12.6 370.7 1909.4 0 0 0 0 0 0 0 0 0
-33.9 -263.1 1987.9 0 0 0 0 0 0 0 0 0
-50.7 -936.9 2155.3 0 0 0 0 0 0 0 0 0
159.8 -938.5 2140.8 0 0 0 0 0 0 0 0 0
54.5 442.6 2101.5  0.9749823809 -0.1325345635 -0.1784487069 0.1109893918 0.9858309031 -0.1257726550 0.1925894767 0.1028202102 0.9758777022
86.5 204.9 2076.7 0.9749823809 -0.1325345635 -0.1784487069 0.1109893918 0.9858309031 -0.1257726550 0.1925894767 0.1028202102 0.9758777022
87.4 11.7 2094.2 0.9811428189 -0.0046389927 -0.1932284534 0.0219901856 0.9958999157 0.0877486765 0.1920291185 -0.0903431103 0.9772220254
-47.5 201.9 2050.5 0.2605199814 -0.9103175998 -0.3216383755 0.3734005988 0.4022198617 -0.8359373212 0.8903377652 0.0976784080 0.4446994364
-89.2 142.0 1907.8 -0.4028730392 -0.9103175998 -0.0949484557 -0.9151515365 0.4022198617 0.0267731659 0.0138180703 0.0976784080 -0.9951220751
220.4 207.9 2102.9 -0.4202091098 0.3158138394 0.8506973386 -0.8093391657 0.2935128212 -0.5087439418 -0.4103589356 -0.9022814631 0.1322637498
102.8 -18.7 1988.0 -0.4956824183 0.1227109581 0.8597912192 -0.8685038686 -0.0700866655 -0.4907024801 0.0000453266 -0.9899646044 0.1413156688
-2.9 -184.9 2090.1 0.9439938068 0.0737515390 -0.3216152787 -0.0372440666 0.9922875166 0.1182299778 0.3278544843 -0.0996301025 0.9394600987
-31.6 -570.1 2128.8 0.9446589947 0.0560079813 -0.3232374787 -0.0264201630 0.9951063991 0.0952112898 0.3269882798 -0.0814022124 0.9415159822
