48.7 452.2 2099.1 52 0.9967667460 -0.0650111437 -0.0472189263 0.0649770498 0.9978842139 -0.0022583313 0.0472658351 -0.0008171169 0.9988819957
61.8 250.3 2099.2 0.9967667460 -0.0650111437 -0.0472189263 0.0649770498 0.9978842139 -0.0022583313 0.0472658351 -0.0008171169 0.9988819957
64.8 56.4 2102.9 0.9987266064 -0.0153919980 -0.0480447188 0.0162853394 0.9997006655 0.0182582065 0.0477493070 -0.0190173816 0.9986783266
-74.6 248.1 2092.6 0.3584549129 -0.8393315077 -0.4086963534 0.4103695452 0.5348907709 -0.7385720611 0.8385146856 0.0970282331 0.5361703038
-152.2 159.3 1911.1 -0.5303903818 -0.8393315077 -0.1192001328 -0.8448926806 0.5348907709 -0.0069441004 0.0695874542 0.0970282331 -0.9928459525
198.2 252.6 2105.8 0.7535165548 0.4871716797 0.4414482117 -0.4474743307 -0.1118800417 0.8872708678 0.4816424847 -0.8661100268 0.1336933523
354.6 159.7 2205.8 -0.4894110560 0.4871716797 0.7232846022 -0.8563659787 -0.1118800417 -0.5041033626 -0.1646637619 -0.8661100268 0.4719525874
-23.0 -146.4 2105.0 0.9958623052 0.0289572887 -0.0861377567 -0.0261197146 0.9990842342 0.0338891037 0.0870402157 -0.0314989872 0.9957066774
-34.3 -534.1 2117.2 0.9947003126 0.0603064038 -0.0832733065 -0.0499591343 0.9913716316 0.1211875528 0.0898631737 -0.1163850352 0.9891304970
155.8 -145.7 2114.5 0.9949919581 0.0878108218 -0.0477527045 -0.0884187296 0.9960252047 -0.0107665081 0.0466174781 0.0149348220 0.9988011718
121.7 -532.3 2108.7 0.9940053225 -0.1024411172 -0.0382005908 0.1056530550 0.9898924828 0.0946058631 0.0281229485 -0.0980747342 0.9947816133
-18.3 372.5 1893.6 0 0 0 0 0 0 0 0 0
229.2 -59.9 2163.6 0 0 0 0 0 0 0 0 0
-56.8 -904.1 2160.6 0 0 0 0 0 0 0 0 0
159.9 -901.6 2145.3 0 0 0 0 0 0 0 0 0
49.7 452.3 2101.0 53 0.9979614019 -0.0503799319 -0.0391781926 0.0504038893 0.9987288713 -0.0003766399 0.0391473658 -0.0015988611 0.9992321730
59.8 252.9 2101.3 0.9979614019 -0.0503799319 -0.0391781926 0.0504038893 0.9987288713 -0.0003766399 0.0391473658 -0.0015988611 0.9992321730
64.1 58.9 2103.3 0.9989739060 -0.0220887754 -0.0395380668 0.0224827398 0.9997016191 0.0095474087 0.0393153802 -0.0104265362 0.9991724491
-76.7 249.8 2095.9 0.2982901633 -0.8564432859 -0.4213406146 0.4263639748 0.5145072937 -0.7439731359 0.8539535999 0.0422753915 0.5186290145
-142.5 155.7 1907.4 -0.5103367567 -0.8564432859 -0.0778546929 -0.8561542034 0.5145072937 -0.0477728285 0.0809715241 0.0422753915 -0.9958194494
196.2 256.0 2106.7 0.7556470633 0.4770068526 0.4488451481 -0.4589639008 -0.1032707542 0.8824325800 0.4672789872 -0.8728113174 0.1408926845
356.0 159.0 2205.5 -0.5076410174 0.4770068526 0.7174713016 -0.8430470824 -0.1032707542 -0.5278320909 -0.1776857376 -0.8728113174 0.4545637071
-21.7 -138.9 2102.3 0.9966179132 0.0266035162 -0.0777496025 -0.0247079916 0.9993759990 0.0252411459 0.0783725902 -0.0232347418 0.9966533184
-32.0 -526.9 2111.3 0.9950331450 0.0666570887 -0.0739312023 -0.0552570596 0.9876282215 0.1467555463 0.0827988386 -0.1419414282 0.9864060879
157.2 -136.0 2110.9 0.9944864511 0.0974461809 -0.0387413390 -0.0981234834 0.9950459599 -0.0159790702 0.0369923115 0.0196924042 0.9991214871
119.4 -522.3 2103.2 0.9932073355 -0.1136511266 -0.0249521956 0.1158535331 0.9858430624 0.1212079674 0.0108235274 -0.1232754439 0.9923134446
-14.7 370.1 1887.2 0 0 0 0 0 0 0 0 0
225.8 -57.1 2160.0 0 0 0 0 0 0 0 0 0
-56.9 -895.4 2164.2 0 0 0 0 0 0 0 0 0
161.8 -890.1 2149.2 0 0 0 0 0 0 0 0 0
50.6 446.5 2101.5 54 0.9991070032 -0.0386045091 -0.0171722099 0.0386475958 0.9992505312 0.0021844204 0.0170750115 -0.0028461344 0.9998501539
58.3 249.2 2102.1 0.9991070032 -0.0386045091 -0.0171722099 0.0386475958 0.9992505312 0.0021844204 0.0170750115 -0.0028461344 0.9998501539
62.3 55.2 2103.2 0.9996345639 -0.0207873881 -0.0172804296 0.0208908226 0.9997648001 0.0058268546 0.0171552394 -0.0061857277 0.9998337030
-78.3 246.3 2099.7 0.2645200789 -0.8643004298 -0.4278012514 0.4163694084 0.5024808645 -0.7577265501 0.8698652983 0.0223105252 0.4927845299
-137.5 153.1 1904.9 -0.4983366132 -0.8643004298 -0.0681571960 -0.8614962101 0.5024808645 -0.0730563253 0.0973903015 0.0223105252 -0.9949961901
194.8 252.1 2104.4 0.7663044333 0.4860510826 0.4201569259 -0.4310603142 -0.0959646106 0.8972055316 0.4764079154 -0.8686456084 0.1359792203
357.4 160.6 2205.5 -0.5137916207 0.4860510826 0.7069458961 -0.8354133368 -0.0959646106 -0.5411795378 -0.1951991171 -0.8686456084 0.4553593695
-21.1 -137.1 2101.8 0.9980614185 0.0275248121 -0.0558191352 -0.0269771926 0.9995805025 0.0105406288 0.0560858436 -0.0090143513 0.9983852506
-31.8 -525.1 2105.3 0.9961883426 0.0711682588 -0.0504365154 -0.0611910485 0.9822384119 0.1773792058 0.0621644519 -0.1736168414 0.9828492999
157.8 -133.0 2108.9 0.9947003126 0.1014487967 -0.0167149883 -0.1017984003 0.9945706725 -0.0215918235 0.0144337732 0.0231789518 0.9996271133
118.4 -519.1 2099.9 0.9928565025 -0.1193144023 0.0001278230 0.1180940717 0.9828534722 0.1416079849 -0.0170215033 -0.1405813247 0.9899228215
-12.9 368.4 1880.6 0 0 0 0 0 0 0 0 0
225.7 -53.5 2155.4 0 0 0 0 0 0 0 0 0
-58.4 -891.5 2170.1 0 0 0 0 0 0 0 0 0
163.0 -885.9 2152.3 0 0 0 0 0 0 0 0 0
54.9 450.7 2101.7 55 0.9994856715 -0.0180510450 -0.0265050307 0.0181596726 0.9998276234 0.0038634080 0.0264307242 -0.0043427437 0.9996412396
58.4 253.5 2102.6 0.9994856715 -0.0180510450 -0.0265050307 0.0181596726 0.9998276234 0.0038634080 0.0264307242 -0.0043427437 0.9996412396
59.7 59.4 2103.7 0.9996268153 -0.0065125320 -0.0265297927 0.0066707428 0.9999604821 0.0058793831 0.0264904536 -0.0060541625 0.9996307492
-78.1 252.6 2099.0 0.2474336326 -0.8644357324 -0.4376385212 0.4412737787 0.5026594996 -0.7433779836 0.8625856638 -0.0091816857 0.5058276653
-134.3 152.3 1903.0 -0.5010352731 -0.8644357324 -0.0414070971 -0.8598508835 0.5026594996 -0.0893861502 0.0980822518 -0.0091816857 -0.9951359630
195.0 254.4 2106.2 0.7670841813 0.4809408486 0.4245912433 -0.4445413649 -0.0787186697 0.8922927380 0.4625633061 -0.8732120395 0.1534142494
356.5 160.8 2203.6 -0.5103598833 0.4809408486 0.7129015923 -0.8349673152 -0.0787186697 -0.5446401834 -0.2058210373 -0.8732120395 0.4417447746
-23.2 -140.7 2102.9 0.9976850748 0.0193831604 -0.0651828423 -0.0191242546 0.9998065829 0.0045936531 0.0652592704 -0.0033364457 0.9978627563
-30.8 -528.8 2104.2 0.9955528378 0.0724589825 -0.0602014810 -0.0592432916 0.9784238935 0.1979315281 0.0732444897 -0.1934847683 0.9783654213
155.8 -137.0 2106.0 0.9950758219 0.0956765786 -0.0258855205 -0.0961365327 0.9952204823 -0.0171465203 0.0241212789 0.0195506308 0.9995178580
118.7 -523.3 2098.4 0.9924771786 -0.1220100150 -0.0101293307 0.1221964434 0.9820840955 0.1434531957 -0.0075548715 -0.1436117887 0.9896052480
-9.3 366.9 1878.5 0 0 0 0 0 0 0 0 0
225.6 -53.3 2150.9 0 0 0 0 0 0 0 0 0
-57.8 -893.9 2176.4 0 0 0 0 0 0 0 0 0
164.2 -889.9 2152.0 0 0 0 0 0 0 0 0 0
57.5 452.9 2101.3 56 0.9994148016 -0.0060733194 -0.0336617641 0.0062608449 0.9999654293 0.0054682684 0.0336273909 -0.0056758197 0.9994183183
58.7 255.9 2102.5 0.9994148016 -0.0060733194 -0.0336617641 0.0062608449 0.9999654293 0.0054682684 0.0336273909 -0.0056758197 0.9994183183
58.4 61.8 2103.9 0.9994318485 0.0016001257 -0.0336668491 -0.0013402383 0.9999691248 0.0077405395 0.0336781926 -0.0076910201 0.9994031191
-77.8 256.1 2097.9 0.2433250695 -0.8492869735 -0.4685131609 0.4500181377 0.5267452598 -0.7211262584 0.8592302203 -0.0353713259 0.5103648305
-133.5 153.0 1901.0 -0.5275487304 -0.8492869735 -0.0201005526 -0.8442131877 0.5267452598 -0.0992144868 0.0948494375 -0.0353713259 -0.9948630333
195.3 255.7 2107.1 0.7708585858 0.4742755592 0.4252525568 -0.4447551668 -0.0772067606 0.8923183084 0.4560371339 -0.8769844770 0.1514210254
361.7 159.7 2205.5 -0.5389469862 0.4742755592 0.6961312890 -0.8131356835 -0.0772067606 -0.5769310594 -0.2198782712 -0.8769844770 0.4272607565
-28.6 -135.3 2102.5 0.9973750710 0.0039834715 -0.0722987950 -0.0034274838 0.9999635816 0.0078125726 0.0723272860 -0.0075442619 0.9973524213
-30.1 -523.4 2105.5 0.9948481321 0.0729317442 -0.0704142153 -0.0586602241 0.9806252718 0.1869039983 0.0826811939 -0.1818105876 0.9798513651
150.5 -134.1 2107.3 0.9961130619 0.0815542787 -0.0332814381 -0.0821227282 0.9964924455 -0.0160841346 0.0318529718 0.0187547784 0.9993165731
118.8 -520.9 2100.0 0.9930790067 -0.1157741770 -0.0197605193 0.1174165383 0.9825780988 0.1440613270 0.0027376714 -0.1453844905 0.9893714190
-3.0 361.8 1877.6 0 0 0 0 0 0 0 0 0
223.6 -48.7 2149.2 0 0 0 0 0 0 0 0 0
-57.4 -889.4 2173.3 0 0 0 0 0 0 0 0 0
162.0 -887.6 2154.3 0 0 0 0 0 0 0 0 0
59.1 453.3 2095.2 57 0.9998531938 -0.0047810660 -0.0164540727 0.0051327446 0.9997578859 0.0213978998 0.0163477845 -0.0214792136 0.9996356368
60.1 248.6 2099.6 0.9998531938 -0.0047810660 -0.0164540727 0.0051327446 0.9997578859 0.0213978998 0.0163477845 -0.0214792136 0.9996356368
57.4 54.7 2105.9 0.9997668862 0.0140447346 -0.0163999852 -0.0134965647 0.9993618727 0.0330703706 0.0168539844 -0.0328413174 0.9993184805
-76.5 250.5 2097.2 0.2371031344 -0.8498980999 -0.4705903530 0.4164655805 0.5265575051 -0.7411434650 0.8776893020 -0.0202572532 0.4788017571
-130.0 156.4 1899.0 -0.5263466239 -0.8498980999 -0.0251480881 -0.8464675546 0.5265575051 -0.0789295360 0.0803239793 -0.0202572532 -0.9965629578
196.6 246.7 2101.9 0.7755922079 0.4704336822 0.4208905399 -0.4241324663 -0.1054589003 0.8994387388 0.4675129354 -0.8761110306 0.1177330986
369.1 152.4 2205.9 -0.5919486880 0.4704336822 0.6544378400 -0.7740255594 -0.1054589003 -0.6243098974 -0.2246800959 -0.8761110306 0.4265539348
-31.4 -132.2 2102.4 0.9984670877 -0.0016902572 -0.0553229563 0.0015590487 0.9999958873 -0.0024147574 0.0553268082 0.0023248044 0.9984655976
-30.8 -520.3 2101.5 0.9959215522 0.0720599145 -0.0542926230 -0.0583257489 0.9733163118 0.2219311297 0.0688362345 -0.2178593278 0.9735496044
147.6 -132.4 2108.4 0.9969186783 0.0759588033 -0.0195823051 -0.0765069276 0.9966486096 -0.0289520975 0.0173175111 0.0303610675 0.9993889928
118.1 -519.3 2096.7 0.9926416874 -0.1209997311 -0.0046417769 0.1201361939 0.9793105721 0.1628439575 -0.0151583329 -0.1622033417 0.9866409302
0.7 366.6 1879.1 0 0 0 0 0 0 0 0 0
217.7 -45.6 2148.4 0 0 0 0 0 0 0 0 0
-57.6 -883.4 2182.8 0 0 0 0 0 0 0 0 0
163.3 -884.8 2157.2 0 0 0 0 0 0 0 0 0
61.6 454.5 2092.6 58 0.9999383092 0.0108388318 -0.0024400689 -0.0107927006 0.9997763634 0.0181852821 0.0026366306 -0.0181578249 0.9998316765
59.3 242.0 2096.4 0.9999383092 0.0108388318 -0.0024400689 -0.0107927006 0.9997763634 0.0181852821 0.0026366306 -0.0181578249 0.9998316765
58.4 48.1 2104.9 0.9999857545 0.0048407866 -0.0022398091 -0.0047382610 0.9990328550 0.0437140167 0.0024492533 -0.0437027812 0.9990415573
-77.3 242.7 2096.1 0.2262648493 -0.8410365582 -0.4913875163 0.3752182722 0.5407960415 -0.7528285980 0.8988968134 -0.0140389185 0.4379354119
-127.7 159.2 1896.0 -0.5404688716 -0.8410365582 -0.0234702602 -0.8388358355 0.5407960415 -0.0624025054 0.0651754141 -0.0140389185 -0.9977750778
195.9 241.3 2096.8 0.7743465900 0.4919638634 0.3979433477 -0.3999547660 -0.1067980453 0.9102913737 0.4903300107 -0.8640403748 0.1140645966
374.6 149.0 2209.9 -0.6189549565 0.4919638634 0.6122632623 -0.7408464551 -0.1067980453 -0.6631294489 -0.2608472109 -0.8640403748 0.4305728674
-34.8 -138.0 2110.8 0.9991245270 -0.0104970289 -0.0404963680 0.0094119944 0.9995940328 -0.0268916339 0.0407622084 0.0264869407 0.9988177419
-30.8 -525.9 2100.5 0.9962859154 0.0752609894 -0.0418346226 -0.0641314387 0.9727667570 0.2227374613 0.0574587733 -0.2192272842 0.9739804268
144.3 -140.4 2113.9 0.9978695512 0.0649193972 -0.0064717093 -0.0651357770 0.9969800711 -0.0422849953 0.0037070489 0.0426164456 0.9990846515
119.1 -527.4 2097.3 0.9923998713 -0.1227922887 0.0080373827 0.1193813086 0.9765569568 0.1791217178 -0.0298437290 -0.1768008620 0.9837940931
7.0 368.2 1879.8 0 0 0 0 0 0 0 0 0
216.3 -40.4 2143.2 0 0 0 0 0 0 0 0 0
-58.8 -888.9 2182.3 0 0 0 0 0 0 0 0 0
164.9 -891.9 2163.3 0 0 0 0 0 0 0 0 0
63.1 455.5 2096.8 59 0.9999465942 0.0101682134 0.0018439663 -0.0101934969 0.9998462796 0.0142639913 -0.0016986437 -0.0142820254 0.9998965859
61.1 250.6 2099.7 0.9999465942 0.0101682134 0.0018439663 -0.0101934969 0.9998462796 0.0142639913 -0.0016986437 -0.0142820254 0.9998965859
59.4 56.6 2104.7 0.9999594688 0.0087885484 0.0019526650 -0.0088358941 0.9996299148 0.0257290546 -0.0017258213 -0.0257452652 0.9996670485
-75.5 251.8 2099.9 0.2215701491 -0.8354511261 -0.5029195547 0.3914226890 0.5485638976 -0.7388274074 0.8931376934 -0.0331520401 0.4485599101
-126.5 161.7 1894.4 -0.5495526791 -0.8354511261 -0.0036491116 -0.8335106969 0.5485638976 -0.0658601448 0.0570246987 -0.0331520401 -0.9978221655
197.7 249.4 2099.5 0.7665387988 0.4763286114 0.4307311773 -0.4398192167 -0.0993457362 0.8925746083 0.4679501355 -0.8736369014 0.1333461255
377.8 146.0 2209.4 -0.6399034858 0.4763286114 0.6030212045 -0.7205984592 -0.0993457362 -0.6861984730 -0.2669483721 -0.8736369014 0.4068133533
-32.1 -145.3 2113.2 0.9993174076 0.0049226182 -0.0366126373 -0.0056316592 0.9997981191 -0.0192881692 0.0365102999 0.0194811933 0.9991433620
-34.0 -533.3 2105.6 0.9980452657 0.0519846119 -0.0346875414 -0.0441701375 0.9794217944 0.1969314218 0.0442111380 -0.1950143278 0.9798034430
147.0 -146.2 2113.6 0.9975469112 0.0699934065 -0.0010491813 -0.0699833781 0.9968410730 -0.0375530645 -0.0015825999 0.0375343673 0.9992941022
119.9 -533.2 2099.0 0.9928140044 -0.1189150289 0.0134002380 0.1149754375 0.9789352417 0.1687200367 -0.0331813134 -0.1659669280 0.9855729342
10.4 369.5 1880.2 0 0 0 0 0 0 0 0 0
214.0 -38.5 2141.1 0 0 0 0 0 0 0 0 0
-53.4 -898.7 2178.3 0 0 0 0 0 0 0 0 0
164.3 -898.5 2161.0 0 0 0 0 0 0 0 0 0
66.3 451.9 2098.9 60 0.9998022914 0.0167074036 0.0107809538 -0.0168054067 0.9998176694 0.0090647684 -0.0106275398 -0.0092441542 0.9999008179
62.9 251.2 2100.7 0.9998022914 0.0167074036 0.0107809538 -0.0168054067 0.9998176694 0.0090647684 -0.0106275398 -0.0092441542 0.9999008179
59.4 57.2 2103.3 0.9997788668 0.0180113576 0.0108534703 -0.0181545373 0.9997475147 0.0132412091 -0.0106122373 -0.0134353209 0.9998534322
-73.7 253.7 2102.2 0.2283670604 -0.8375009298 -0.4964279234 0.3811532259 0.5461103916 -0.7459796667 0.8958631158 -0.0188579205 0.4439297915
-126.9 164.9 1893.5 -0.5461193919 -0.8375009298 -0.0185955036 -0.8353428245 0.5461103916 -0.0629744008 0.0628963187 -0.0188579205 -0.9978418946
199.5 248.7 2099.3 0.7654463649 0.4729818106 0.4363256097 -0.4432712495 -0.1039714888 0.8903372884 0.4664787948 -0.8749160767 0.1300746351
378.1 145.3 2208.1 -0.6466445327 0.4729818106 0.5984472036 -0.7154441476 -0.1039714888 -0.6908904314 -0.2645571828 -0.8749160767 0.4056246877
-31.9 -136.6 2109.8 0.9996077418 0.0012287057 -0.0279792249 -0.0015424163 0.9999361634 -0.0111934450 0.0279636849 0.0112322103 0.9995458126
-32.4 -524.7 2105.5 0.9979211092 0.0584304594 -0.0271916185 -0.0523952916 0.9812253118 0.1856114566 0.0375264660 -0.1838008761 0.9822469354
147.2 -138.2 2109.5 0.9971342087 0.0750953704 0.0091679506 -0.0748428851 0.9968736768 -0.0253266208 -0.0110412007 0.0245678853 0.9996371865
118.1 -525.2 2100.0 0.9919540882 -0.1246240586 0.0222696997 0.1198916733 0.9812516570 0.1509012282 -0.0406581052 -0.1470171511 0.9882979989
10.0 374.3 1877.8 0 0 0 0 0 0 0 0 0
212.4 -38.0 2140.3 0 0 0 0 0 0 0 0 0
-54.2 -890.9 2174.1 0 0 0 0 0 0 0 0 0
164.6 -891.4 2154.9 0 0 0 0 0 0 0 0 0
67.5 452.2 2093.9 61 0.9995286465 0.0188249499 0.0242507737 -0.0195808373 0.9993176460 0.0313187689 -0.0236446504 -0.0317788571 0.9992151856
63.6 244.7 2100.5 0.9995286465 0.0188249499 0.0242507737 -0.0195808373 0.9993176460 0.0313187689 -0.0236446504 -0.0317788571 0.9992151856
58.7 50.7 2103.7 0.9993941188 0.0252940264 0.0239082482 -0.0256758425 0.9995454550 0.0158003066 -0.0234977286 -0.0164045990 0.9995892644
-72.9 248.2 2103.7 0.2304171026 -0.8378603458 -0.4948717058 0.3458749950 0.5458645821 -0.7631528974 0.9095484614 0.0046797232 0.4155714810
-126.3 168.0 1892.7 -0.5448350310 -0.8378603458 -0.0338353179 -0.8367499709 0.5458645821 -0.0433745570 0.0548113249 0.0046797232 -0.9984857440
200.2 241.2 2097.3 0.7732598782 0.4740563929 0.4211172462 -0.4165669382 -0.1209214553 0.9010272026 0.4780597985 -0.8721516728 0.1039725170
377.1 145.9 2206.7 -0.6413320899 0.4740563929 0.6032940149 -0.7261043787 -0.1209214553 -0.6768680811 -0.2479224652 -0.8721516728 0.4217652380
-33.7 -135.2 2106.9 0.9998853207 -0.0012674432 -0.0150910392 0.0012028812 0.9999901056 -0.0042864718 0.0150963226 0.0042678271 0.9998769164
-33.2 -523.4 2105.3 0.9982915521 0.0564551130 -0.0150591051 -0.0527181998 0.9814212322 0.1844806373 0.0251942016 -0.1833715737 0.9827207923
145.5 -138.4 2105.0 0.9973323941 0.0695225894 0.0222432762 -0.0691129118 0.9974338412 -0.0186859332 -0.0234852899 0.0170987882 0.9995779395
118.5 -525.7 2098.4 0.9916229248 -0.1243303642 0.0350138806 0.1166470721 0.9784023166 0.1706526726 -0.0554749742 -0.1651388258 0.9847089648
10.6 378.3 1878.9 0 0 0 0 0 0 0 0 0
212.7 -40.2 2143.1 0 0 0 0 0 0 0 0 0
-54.2 -889.7 2173.7 0 0 0 0 0 0 0 0 0
164.9 -890.8 2160.0 0 0 0 0 0 0 0 0 0
70.7 451.7 2096.9 62 0.9989192486 0.0230354816 0.0403693095 -0.0230412856 0.9997344613 -0.0003215742 -0.0403659977 -0.0006089342 0.9991847873
65.8 238.1 2097.1 0.9989192486 0.0230354816 0.0403693095 -0.0230412856 0.9997344613 -0.0003215742 -0.0403659977 -0.0006089342 0.9991847873
57.4 44.3 2102.8 0.9982061386 0.0433556475 0.0412891321 -0.0445061475 0.9986342192 0.0273649879 -0.0400463156 -0.0291535184 0.9987724423
-70.5 244.2 2102.5 0.2312128544 -0.8400781751 -0.4907232523 0.3077417314 0.5416434407 -0.7822514772 0.9229494333 0.0298505705 0.3837620318
-123.4 173.9 1891.6 -0.5406632423 -0.8400781751 -0.0441812277 -0.8405003548 0.5416434407 -0.0134719098 0.0352479294 0.0298505705 -0.9989327192
202.1 232.0 2091.6 0.7732461691 0.4971174598 0.3936554193 -0.3802372515 -0.1333063543 0.9152317047 0.5074543953 -0.8573818803 0.0859439522
377.0 146.0 2206.4 -0.6389026642 0.4971174598 0.5870925188 -0.7248247266 -0.1333063543 -0.6759130955 -0.2577450275 -0.8573818803 0.4454928041
-35.7 -141.0 2109.0 0.9999958277 -0.0022663495 0.0017757955 0.0022906419 0.9999021888 -0.0137992660 -0.0017443477 0.0138032762 0.9999032021
-34.8 -529.1 2103.7 0.9986892939 0.0511680543 0.0012386068 -0.0503381155 0.9775363803 0.2046674043 0.0092616500 -0.2044615000 0.9788308144
143.3 -145.6 2104.8 0.9974182248 0.0607691072 0.0382625610 -0.0601612106 0.9980465174 -0.0168443862 -0.0392114371 0.0144989761 0.9991257191
119.8 -533.0 2099.2 0.9911645651 -0.1232147738 0.0491010733 0.1130667925 0.9784294963 0.1728918105 -0.0693447664 -0.1658125371 0.9837161899
12.7 385.4 1882.7 0 0 0 0 0 0 0 0 0
213.2 -39.8 2140.3 0 0 0 0 0 0 0 0 0
-53.9 -893.9 2180.0 0 0 0 0 0 0 0 0 0
165.7 -898.2 2161.1 0 0 0 0 0 0 0 0 0
71.9 450.3 2093.0 63 0.9995138049 0.0191485789 0.0246059056 -0.0195372999 0.9996865392 0.0156557821 -0.0242984071 -0.0161289033 0.9995746613
67.8 235.7 2096.4 0.9995138049 0.0191485789 0.0246059056 -0.0195372999 0.9996865392 0.0156557821 -0.0242984071 -0.0161289033 0.9995746613
59.5 42.0 2104.5 0.9987759590 0.0424603671 0.0253715161 -0.0434657373 0.9982343316 0.0404838435 -0.0236077607 -0.0415370800 0.9988580346
-68.7 241.7 2099.6 0.2269918174 -0.8426037431 -0.4883580804 0.3005271256 0.5375784039 -0.7878406644 0.9263682961 0.0320685394 0.3752511740
-119.9 173.8 1890.6 -0.5367718339 -0.8426037431 -0.0435304120 -0.8431695700 0.5375784039 -0.0086349146 0.0306768212 0.0320685394 -0.9990147948
204.2 229.8 2093.2 0.7755351663 0.5000312924 0.3853750229 -0.3757082224 -0.1249985322 0.9182693958 0.5073347688 -0.8569387794 0.0909251049
376.7 146.2 2206.1 -0.6289824843 0.5000312924 0.5952728391 -0.7325982451 -0.1249985322 -0.6690853238 -0.2601553798 -0.8569387794 0.4449439347
-40.4 -145.5 2112.0 0.9997810125 -0.0155892512 -0.0139623620 0.0153826261 0.9997723699 -0.0147858439 0.0141896829 0.0145678278 0.9997931719
-34.3 -533.6 2106.4 0.9981432557 0.0585190468 -0.0168986432 -0.0541585125 0.9796205163 0.1934180111 0.0278728958 -0.1921436787 0.9809709191
138.4 -153.5 2104.9 0.9990471601 0.0373609178 0.0225597955 -0.0373612344 0.9993017316 -0.0004075438 -0.0225592684 -0.0004357064 0.9997454286
123.9 -541.3 2105.1 0.9943001866 -0.1029443443 0.0277424101 0.0979088694 0.9846336842 0.1446041167 -0.0422022864 -0.1410636753 0.9891005754
15.5 386.5 1882.9 0 0 0 0 0 0 0 0 0
215.4 -41.6 2139.4 0 0 0 0 0 0 0 0 0
-56.2 -899.2 2178.1 0 0 0 0 0 0 0 0 0
162.3 -908.6 2157.7 0 0 0 0 0 0 0 0 0
74.8 447.7 2098.5 64 0.9996393919 0.0258467011 0.0072785811 -0.0257644281 0.9996055365 -0.0111790989 -0.0075646532 0.0109875398 0.9999110103
69.3 234.0 2096.1 0.9996393919 0.0258467011 0.0072785811 -0.0257644281 0.9996055365 -0.0111790989 -0.0075646532 0.0109875398 0.9999110103
62.0 40.3 2105.2 0.9992606044 0.0373561233 0.0090967212 -0.0377384424 0.9982148409 0.0462917052 -0.0073512038 -0.0466007739 0.9988865256
-67.2 239.2 2097.1 0.2228685915 -0.8465169072 -0.4834652841 0.2989083827 0.5313905478 -0.7926397920 0.9278919101 0.0321427025 0.3714612722
-116.9 172.6 1890.4 -0.5307921767 -0.8465169072 -0.0408503525 -0.8471142650 0.5313905478 -0.0046387543 0.0256342757 0.0321427025 -0.9991545081
205.8 228.9 2095.1 0.7815685272 0.4961925149 0.3780788183 -0.3728873730 -0.1142757237 0.9208127260 0.5001056194 -0.8606590629 0.0957096070
376.8 147.3 2204.6 -0.6229962111 0.4961925149 0.6047055125 -0.7372990847 -0.1142757237 -0.6658311486 -0.2612772882 -0.8606590629 0.4370356202
-38.2 -147.8 2114.7 0.9994841814 -0.0117464662 -0.0298897289 0.0114085162 0.9998693466 -0.0114521058 0.0300203450 0.0111052012 0.9994875789
-33.6 -536.0 2110.4 0.9977576733 0.0590465069 -0.0315132104 -0.0529359691 0.9843161702 0.1682837456 0.0409555286 -0.1662382185 0.9852347374
140.7 -155.6 2110.5 0.9990080595 0.0441489853 0.0058111353 -0.0440706648 0.9989441037 -0.0129787158 -0.0063779964 0.0127097415 0.9998989105
123.6 -543.3 2105.5 0.9941658378 -0.1072007194 0.0119290557 0.1048370972 0.9863637090 0.1268694848 -0.0253668875 -0.1248786896 0.9918476939
17.0 386.2 1883.9 0 0 0 0 0 0 0 0 0
217.1 -41.8 2137.6 0 0 0 0 0 0 0 0 0
-55.7 -903.3 2172.4 0 0 0 0 0 0 0 0 0
163.6 -911.4 2152.1 0 0 0 0 0 0 0 0 0
77.7 449.7 2099.2 65 0.9990270138 0.0409136601 -0.0164664481 -0.0411501229 0.9990507960 -0.0142871309 0.0158662796 0.0149508258 0.9997623563
68.9 234.7 2096.0 0.9990270138 0.0409136601 -0.0164664481 -0.0411501229 0.9990507960 -0.0142871309 0.0158662796 0.0149508258 0.9997623563
63.4 40.9 2104.8 0.9994928241 0.0284116026 -0.0143823689 -0.0277267359 0.9985673428 0.0457659476 0.0156620480 -0.0453439616 0.9988486767
-67.6 238.5 2093.9 0.2058558017 -0.8405806422 -0.5010464787 0.3075480759 0.5416418314 -0.7823287845 0.9289981723 0.0069510285 0.3700190783
-112.8 171.0 1889.8 -0.5416503549 -0.8405806422 -0.0062530022 -0.8406035304 0.5416418314 0.0031288315 0.0007568523 0.0069510285 -0.9999755621
205.4 231.0 2098.1 0.7871680856 0.4861497879 0.3795059919 -0.3821205497 -0.0985559300 0.9188420177 0.4840974212 -0.8683001399 0.1081877351
376.0 148.2 2203.0 -0.6148021221 0.4861497879 0.6210287213 -0.7446998954 -0.0985559300 -0.6600823998 -0.2596928775 -0.8683001399 0.4226281047
-34.7 -150.1 2114.9 0.9986025095 -0.0000518162 -0.0528495088 -0.0003245412 0.9999746680 -0.0071126982 0.0528485365 0.0071199099 0.9985771775
-34.7 -538.3 2112.1 0.9970268011 0.0567202196 -0.0521573015 -0.0480105579 0.9867051840 0.1552672684 0.0602706708 -0.1523015201 0.9864946604
144.3 -156.8 2113.6 0.9984393120 0.0532014631 -0.0169868786 -0.0533929951 0.9985126853 -0.0110277273 0.0163749233 0.0119174970 0.9997949004
123.6 -544.4 2109.0 0.9940772057 -0.1081191450 -0.0109868888 0.1086759120 0.9890661836 0.0996876284 0.0000886191 -0.1002912074 0.9949581027
23.4 382.2 1889.6 0 0 0 0 0 0 0 0 0
218.3 -42.8 2136.4 0 0 0 0 0 0 0 0 0
-55.9 -906.5 2169.0 0 0 0 0 0 0 0 0 0
163.9 -913.5 2146.4 0 0 0 0 0 0 0 0 0
79.2 449.8 2100.1 66 0.9975163937 0.0382025726 -0.0591745004 -0.0384149700 0.9992588758 -0.0024555100 0.0590368398 0.0047225980 0.9982446432
71.4 243.7 2099.1 0.9975163937 0.0382025726 -0.0591745004 -0.0384149700 0.9992588758 -0.0024555100 0.0590368398 0.0047225980 0.9982446432
65.1 49.8 2104.3 0.9977799654 0.0325802192 -0.0580837503 -0.0309742168 0.9991183281 0.0283391364 0.0589558370 -0.0264771245 0.9979094267
-64.8 248.0 2091.1 0.1973403245 -0.8273515105 -0.5258766413 0.3548905849 0.5603328943 -0.7483847141 0.9138432741 -0.0389421806 0.4041955173
-108.5 169.3 1888.5 -0.5613137484 -0.8273515105 0.0204045121 -0.8273345232 0.5603328943 -0.0393021293 0.0210833568 -0.0389421806 -0.9990190268
207.5 239.4 2107.2 0.7886988521 0.4614240229 0.4062535763 -0.4256143272 -0.0670300499 0.9024186730 0.4436288476 -0.8846439123 0.1435221583
376.1 148.4 2202.0 -0.6209138036 0.4614240229 0.6336827874 -0.7366243005 -0.0670300499 -0.6729722619 -0.2680497766 -0.8846439123 0.3815160394
-31.6 -150.4 2112.3 0.9952999949 0.0083723580 -0.0964773670 -0.0080963913 0.9999619126 0.0032515584 0.0965009183 -0.0024551575 0.9953298569
-34.9 -538.6 2113.2 0.9940695167 0.0547786467 -0.0939417556 -0.0391037427 0.9861395955 0.1612440497 0.1014724076 -0.1566143185 0.9824333787
147.4 -155.4 2115.1 0.9962668419 0.0621160008 -0.0599502847 -0.0630049780 0.9979278445 -0.0130521366 0.0590153150 0.0167805757 0.9981160164
123.3 -542.8 2108.6 0.9926340580 -0.1090283245 -0.0528241955 0.1137134433 0.9888865352 0.0957742855 0.0417950228 -0.1010756418 0.9940004349
31.8 376.1 1883.3 0 0 0 0 0 0 0 0 0
216.9 -40.5 2133.3 0 0 0 0 0 0 0 0 0
-55.3 -906.7 2171.7 0 0 0 0 0 0 0 0 0
164.0 -911.8 2146.3 0 0 0 0 0 0 0 0 0
79.5 451.5 2101.0 67 0.9958708286 0.0353023894 -0.0836366117 -0.0352030881 0.9993766546 0.0026621607 0.0836784542 0.0002930988 0.9964927435
72.3 249.5 2101.0 0.9958708286 0.0353023894 -0.0836366117 -0.0352030881 0.9993766546 0.0026621607 0.0836784542 0.0002930988 0.9964927435
66.0 55.5 2104.2 0.9960002899 0.0329189226 -0.0830649137 -0.0314097144 0.9993180633 0.0194112193 0.0836472660 -0.0167245343 0.9963550568
-63.6 253.8 2089.6 0.1959183216 -0.8174316287 -0.5416839719 0.3902685642 0.5717544556 -0.7216559052 0.8996146321 -0.0700166002 0.4310350418
-107.3 166.8 1888.9 -0.5751232505 -0.8174316287 0.0322298929 -0.8169005513 0.5717544556 -0.0759628266 0.0436668321 -0.0700166002 -0.9965896010
208.3 245.1 2112.4 0.7892048955 0.4336619377 0.4348481596 -0.4606976211 -0.0501566194 0.8861388564 0.4060952067 -0.8996786475 0.1602031738
373.9 148.5 2197.6 -0.6108059287 0.4336619377 0.6624600887 -0.7504112124 -0.0501566194 -0.6590654850 -0.2525848746 -0.8996786475 0.3560607433
-30.4 -141.3 2104.1 0.9926236272 0.0017021130 -0.1212246493 0.0013094331 0.9996926188 0.0247586947 0.1212295294 -0.0247348007 0.9923162460
-31.1 -529.3 2113.7 0.9902918935 0.0700455904 -0.1200647429 -0.0517407730 0.9874355793 0.1493114233 0.1290148050 -0.1416496485 0.9814736843
148.2 -146.9 2114.7 0.9942615032 0.0662727579 -0.0839759633 -0.0671091974 0.9977198243 -0.0071739694 0.0833090469 0.0127683608 0.9964419603
122.4 -534.3 2109.7 0.9911028743 -0.1083764434 -0.0772636682 0.1150652990 0.9894405007 0.0881333500 0.0668962225 -0.0962395817 0.9931076765
36.1 370.5 1878.1 0 0 0 0 0 0 0 0 0
217.3 -43.9 2132.9 0 0 0 0 0 0 0 0 0
-57.2 -897.8 2166.6 0 0 0 0 0 0 0 0 0
162.9 -903.6 2145.6 0 0 0 0 0 0 0 0 0
77.3 447.1 2094.5 68 0.9969770312 0.0356974304 -0.0690104291 -0.0336316638 0.9989575148 0.0308680627 0.0700403973 -0.0284538157 0.9971382618
70.0 242.8 2100.3 0.9969770312 0.0356974304 -0.0690104291 -0.0336316638 0.9989575148 0.0308680627 0.0700403973 -0.0284538157 0.9971382618
63.8 48.8 2104.6 0.9970892668 0.0319321752 -0.0692335814 -0.0303157028 0.9992455840 0.0242746715 0.0699564964 -0.0221051518 0.9973050952
-66.2 246.9 2090.8 0.1726084799 -0.8174518943 -0.5495258570 0.3711692989 0.5707536936 -0.7324435711 0.9123812914 -0.0775411502 0.4019299746
-104.4 164.7 1888.7 -0.5751444101 -0.8174518943 0.0313255303 -0.8161333799 0.5707536936 -0.0903691947 0.0559933111 -0.0775411502 -0.9954155684
206.1 238.6 2109.9 0.8011757135 0.4378376305 0.4079407454 -0.4311501980 -0.0504175611 0.9008704424 0.4150023758 -0.8976392746 0.1483804584
374.1 148.2 2196.9 -0.6176546812 0.4378376305 0.6533000469 -0.7423774004 -0.0504175611 -0.6680822372 -0.2595737576 -0.8976392746 0.3561814129
-29.5 -135.6 2100.0 0.9941489697 0.0102792196 -0.1075274721 -0.0086832885 0.9998452663 0.0152997859 0.1076681018 -0.0142765744 0.9940843582
-33.5 -523.7 2105.5 0.9932163358 0.0518866889 -0.1040627137 -0.0313265361 0.9812338352 0.1902597845 0.1119818017 -0.1857092083 0.9762029052
148.8 -141.3 2114.9 0.9948382974 0.0725429356 -0.0709528998 -0.0737320110 0.9971758127 -0.0142822405 0.0697164387 0.0194400195 0.9973773956
120.7 -528.4 2107.4 0.9913451672 -0.1153313592 -0.0627173930 0.1208776385 0.9882711768 0.0933202729 0.0512190387 -0.1000937372 0.9936588407
38.4 367.4 1874.8 0 0 0 0 0 0 0 0 0
215.7 -42.1 2130.3 0 0 0 0 0 0 0 0 0
-52.8 -889.5 2174.8 0 0 0 0 0 0 0 0 0
163.7 -897.3 2144.8 0 0 0 0 0 0 0 0 0
73.7 446.0 2091.2 69 0.9976793528 0.0422223024 -0.0534152202 -0.0405241959 0.9986503720 0.0324844681 0.0547146983 -0.0302444752 0.9980438948
64.9 237.4 2097.5 0.9976793528 0.0422223024 -0.0534152202 -0.0405241959 0.9986503720 0.0324844681 0.0547146983 -0.0302444752 0.9980438948
62.6 43.5 2104.5 0.9985089898 0.0117659466 -0.0533047430 -0.0098226452 0.9992827177 0.0365728773 0.0536968224 -0.0359947532 0.9979083538
-71.5 238.8 2090.2 0.1361454874 -0.8161110878 -0.5616289973 0.3546673954 0.5694848895 -0.7415510416 0.9250272512 -0.0982326716 0.3669807911
-101.0 161.8 1889.3 -0.5761918426 -0.8161110878 0.0443363078 -0.8149049878 0.5694848895 -0.1077814549 0.0627127811 -0.0982326716 -0.9931855202
201.2 236.1 2104.9 0.8064947724 0.4425382614 0.3920791745 -0.4113803208 -0.0562841445 0.9097242951 0.4246556759 -0.8949815631 0.1366586536
373.5 148.2 2195.6 -0.6190308928 0.4425382614 0.6488147974 -0.7412655950 -0.0562841445 -0.6688478589 -0.2594727874 -0.8949815631 0.3628799915
-31.7 -142.4 2102.6 0.9957846999 0.0073652719 -0.0914249867 -0.0076999315 0.9999648929 -0.0033082978 0.0913974121 0.0039983187 0.9958064556
-34.5 -530.5 2101.1 0.9949564338 0.0494123921 -0.0872935802 -0.0284990780 0.9736405611 0.2263003737 0.0961746126 -0.2226712257 0.9701381326
146.9 -147.9 2115.2 0.9961730838 0.0673922673 -0.0556549355 -0.0688735023 0.9973086715 -0.0251378417 0.0538110510 0.0288747922 0.9981335402
120.8 -535.1 2104.0 0.9917913675 -0.1197872609 -0.0447315015 0.1245852560 0.9840240479 0.1271817535 0.0287821181 -0.1317106485 0.9908702970
41.8 363.8 1873.8 0 0 0 0 0 0 0 0 0
214.8 -41.9 2129.1 0 0 0 0 0 0 0 0 0
-52.9 -893.5 2184.1 0 0 0 0 0 0 0 0 0
165.4 -902.2 2153.1 0 0 0 0 0 0 0 0 0
73.3 446.9 2090.1 70 0.9968511462 0.0597564429 -0.0521248579 -0.0584853627 0.9979604483 0.0255802795 0.0535471365 -0.0224511884 0.9983128905
60.6 234.2 2094.9 0.9968511462 0.0597564429 -0.0521248579 -0.0584853627 0.9979604483 0.0255802795 0.0535471365 -0.0224511884 0.9983128905
62.7 40.4 2105.3 0.9986207485 -0.0105067939 -0.0514407605 0.0132516026 0.9984899759 0.0533117689 0.0508029498 -0.0539199114 0.9972520471
-75.8 232.4 2088.0 0.0899360329 -0.8062039018 -0.5847621560 0.3240314424 0.5788834095 -0.7482630610 0.9417617321 -0.1221855283 0.3132978976
-94.9 163.6 1888.0 -0.5875683427 -0.8062039018 0.0692727268 -0.8075789213 0.5788834095 -0.1127397865 0.0507904254 -0.1221855283 -0.9912068844
197.0 236.0 2101.8 0.8121489286 0.4327504635 0.3913324773 -0.4035132825 -0.0678459257 0.9124549031 0.4214155972 -0.8989571333 0.1195195541
373.3 148.3 2193.3 -0.6216500401 0.4327504635 0.6528999209 -0.7446299791 -0.0678459257 -0.6640204787 -0.2430585623 -0.8989571333 0.3644153774
-29.0 -149.5 2106.7 0.9958401322 0.0210148543 -0.0886612609 -0.0196646992 0.9996774197 0.0160744321 0.0889704600 -0.0142640676 0.9959321022
-37.2 -537.5 2112.2 0.9955974817 0.0403677858 -0.0845936835 -0.0261131320 0.9862314463 0.1632960141 0.0900208503 -0.1603680998 0.9829437137
149.8 -151.3 2116.3 0.9959876537 0.0720402002 -0.0530925095 -0.0731804371 0.9971210957 -0.0198522545 0.0515094995 0.0236579329 0.9983922243
121.8 -538.4 2107.1 0.9923372269 -0.1157137603 -0.0433257371 0.1198360100 0.9867563248 0.1093217731 0.0301019140 -0.1136760488 0.9930617213
51.2 364.3 1875.4 0 0 0 0 0 0 0 0 0
213.9 -42.6 2131.0 0 0 0 0 0 0 0 0 0
-52.2 -904.6 2171.9 0 0 0 0 0 0 0 0 0
165.0 -906.6 2149.5 0 0 0 0 0 0 0 0 0
73.3 449.1 2090.0 71 0.9961116314 0.0641946942 -0.0603382736 -0.0633908138 0.9978738427 0.0151459463 0.0611822754 -0.0112621607 0.9980630875
59.3 230.1 2092.5 0.9961116314 0.0641946942 -0.0603382736 -0.0633908138 0.9978738427 0.0151459463 0.0611822754 -0.0112621607 0.9980630875
62.8 36.6 2106.3 0.9980908036 -0.0180417746 -0.0590697750 0.0221692845 0.9973018169 0.0699827448 0.0576477796 -0.0711586699 0.9957977533
-77.1 227.1 2084.7 0.0536158383 -0.8000864387 -0.5974839330 0.2970064580 0.5840423703 -0.7554347515 0.9533690214 -0.1369533241 0.2689447701
-88.3 165.1 1885.6 -0.5907062292 -0.8000864387 0.1045363992 -0.8068221807 0.5840423703 -0.0890646502 0.0102057299 -0.1369533241 -0.9905249476
195.6 233.1 2100.4 0.8161099553 0.4328392148 0.3829030693 -0.3901206553 -0.0761788860 0.9176070094 0.4263454378 -0.8982465863 0.1066891775
373.0 148.3 2193.1 -0.6213637590 0.4328392148 0.6531135440 -0.7471176982 -0.0761788860 -0.6603119969 -0.2360554636 -0.8982465863 0.3707166612
-24.7 -154.4 2111.2 0.9946180582 0.0380416326 -0.0963729322 -0.0365481153 0.9991835952 0.0172160454 0.0969491825 -0.0136011401 0.9951964021
-39.4 -542.2 2116.5 0.9956722856 0.0233427398 -0.0899546593 -0.0087151937 0.9871287942 0.1596895009 0.0925244316 -0.1582144350 0.9830602407
154.2 -152.1 2120.3 0.9946709275 0.0823458880 -0.0620390698 -0.0842618868 0.9960237741 -0.0289235357 0.0594106577 0.0339969285 0.9976545572
122.2 -538.7 2107.1 0.9917107821 -0.1180507168 -0.0507321656 0.1227160245 0.9872235656 0.1016387716 0.0380854607 -0.1070219204 0.9935269356
59.2 366.5 1883.0 0 0 0 0 0 0 0 0 0
213.7 -43.3 2132.5 0 0 0 0 0 0 0 0 0
-48.1 -910.2 2175.5 0 0 0 0 0 0 0 0 0
166.3 -907.2 2147.0 0 0 0 0 0 0 0 0 0
72.3 445.2 2089.5 72 0.9958977103 0.0542075075 -0.0724518746 -0.0535761230 0.9985072017 0.0106311254 0.0729200020 -0.0067058234 0.9973152280
60.5 227.9 2091.0 0.9958977103 0.0542075075 -0.0724518746 -0.0535761230 0.9985072017 0.0106311254 0.0729200020 -0.0067058234 0.9973152280
64.6 34.5 2106.4 0.9972271919 -0.0211871155 -0.0713374913 0.0267508440 0.9965973496 0.0779624656 0.0694429502 -0.0796546340 0.9944007397
-75.7 224.2 2081.5 0.0417113937 -0.7993699312 -0.5993896127 0.2817867994 0.5849701762 -0.7605301142 0.9585699439 -0.1371773034 0.2496518046
-84.2 166.8 1886.1 -0.5897907019 -0.7993699312 0.1146938056 -0.8075283766 0.5849701762 -0.0755502135 -0.0066998890 -0.1371773034 -0.9905238748
196.8 231.5 2100.4 0.8185623884 0.4336077571 0.3767491877 -0.3859427571 -0.0706205070 0.9198157191 0.4254454374 -0.8983301520 0.1095404848
373.3 148.3 2192.2 -0.6231207848 0.4336077571 0.6509261131 -0.7436442971 -0.0706205070 -0.6648352742 -0.2423089892 -0.8983301520 0.3664550185
-23.1 -158.9 2115.0 0.9932053089 0.0414188281 -0.1087549999 -0.0398953333 0.9990733862 0.0161481090 0.1093230620 -0.0116995713 0.9939374328
-39.2 -546.7 2119.5 0.9945685267 0.0176572595 -0.1025751159 -0.0027590620 0.9896315336 0.1436030865 0.1040472090 -0.1425401121 0.9843050838
155.7 -154.9 2125.3 0.9933677912 0.0867442116 -0.0754709318 -0.0899060592 0.9951645732 -0.0395518802 0.0716750994 0.0460748561 0.9963632822
122.0 -541.2 2107.4 0.9909889698 -0.1191947907 -0.0611018799 0.1256259531 0.9853554368 0.1152943745 0.0464645810 -0.1219314411 0.9914503098
63.4 368.8 1887.7 0 0 0 0 0 0 0 0 0
213.5 -42.4 2130.1 0 0 0 0 0 0 0 0 0
-45.8 -915.8 2172.7 0 0 0 0 0 0 0 0 0
166.5 -909.0 2152.9 0 0 0 0 0 0 0 0 0
71.3 441.6 2087.2 73 0.9958115816 0.0066912523 -0.0911843106 -0.0053694481 0.9998770356 0.0147335809 0.0912716836 -0.0141822603 0.9957250357
69.8 225.0 2090.3 0.9958115816 0.0066912523 -0.0911843106 -0.0053694481 0.9998770356 0.0147335809 0.0912716836 -0.0141822603 0.9957250357
66.8 31.6 2105.3 0.9957803488 0.0153172994 -0.0904816464 -0.0082028192 0.9968816638 0.0784836337 0.0914016515 -0.0774102584 0.9928007722
-66.1 226.1 2077.8 0.0747743249 -0.8029933572 -0.5912786722 0.2887641490 0.5849702358 -0.7579084039 0.9544758201 -0.1140680015 0.2756164372
-81.1 168.0 1886.0 -0.5855997205 -0.8029933572 0.1107909679 -0.8099900484 0.5849702358 -0.0415444486 -0.0314494967 -0.1140680015 -0.9929750562
205.7 223.8 2102.8 0.8164662123 0.4491141737 0.3628765941 -0.3666091263 -0.0823036805 0.9267274737 0.4460725188 -0.8896755576 0.0974511802
372.9 148.8 2194.1 -0.6217121482 0.4491141737 0.6416934729 -0.7439338565 -0.0823036805 -0.6631655097 -0.2450232953 -0.8896755576 0.3852804601
-20.6 -161.4 2115.7 0.9905372262 0.0422318652 -0.1305849850 -0.0414942764 0.9991037250 0.0083653349 0.1308212280 -0.0028676460 0.9914018512
-37.0 -549.2 2116.8 0.9917879105 0.0386357158 -0.1219180301 -0.0172669925 0.9850012064 0.1716811955 0.1267224401 -0.1681661755 0.9775794148
158.1 -156.6 2128.1 0.9910077453 0.0909892991 -0.0981051624 -0.0945964232 0.9949766397 -0.0327561982 0.0946318805 0.0417420417 0.9946368337
122.7 -542.8 2111.9 0.9895645380 -0.1144658551 -0.0875192359 0.1212604865 0.9896520972 0.0767111555 0.0778327882 -0.0865232646 0.9932048321
65.7 371.2 1893.9 0 0 0 0 0 0 0 0 0
213.5 -42.0 2131.3 0 0 0 0 0 0 0 0 0
-51.4 -916.5 2179.5 0 0 0 0 0 0 0 0 0
165.4 -912.0 2144.2 0 0 0 0 0 0 0 0 0
69.4 442.7 2087.6 74 0.9936078787 -0.0133046750 -0.1120998189 0.0144809643 0.9998482466 0.0096855182 0.1119539440 -0.0112469206 0.9936497211
72.3 223.7 2090.1 0.9936078787 -0.0133046750 -0.1120998189 0.0144809643 0.9998482466 0.0096855182 0.1119539440 -0.0112469206 0.9936497211
66.9 30.3 2104.6 0.9933685064 0.0275931973 -0.1116137579 -0.0189688150 0.9968035817 0.0776067078 0.1133984104 -0.0749748722 0.9907166958
-63.3 226.3 2074.6 0.0953189507 -0.8047705293 -0.5858828425 0.3122759759 0.5830267668 -0.7500423193 0.9451973438 -0.1114638895 0.3068840206
-82.2 164.6 1887.8 -0.5853449702 -0.8047705293 0.0985679924 -0.8106620908 0.5830267668 -0.0539144501 -0.0140790176 -0.1114638895 -0.9936687350
207.9 221.1 2105.5 0.8194882870 0.4464929104 0.3592811823 -0.3635669351 -0.0795813799 0.9281626344 0.4430101514 -0.8912411928 0.0971140489
373.0 147.9 2194.8 -0.6233403683 0.4464929104 0.6419430375 -0.7422460914 -0.0795813799 -0.6653853059 -0.2460031062 -0.8912411928 0.3810139000
-25.3 -161.0 2112.0 0.9881260395 0.0216796119 -0.1521083713 -0.0194394216 0.9996798038 0.0161994528 0.1524108648 -0.0130502013 0.9882310629
-33.7 -549.0 2117.1 0.9876024127 0.0538937040 -0.1474344432 -0.0300789010 0.9867838025 0.1592262536 0.1540672183 -0.1528175771 0.9761711359
153.0 -162.5 2128.4 0.9897768497 0.0760125220 -0.1206810176 -0.0808972344 0.9960684776 -0.0360995457 0.1174625456 0.0454932563 0.9920347333
123.5 -549.2 2110.7 0.9866299033 -0.1197253168 -0.1105769351 0.1294017434 0.9879502058 0.0849090219 0.0990787446 -0.0980826318 0.9902338982
64.3 367.4 1891.4 0 0 0 0 0 0 0 0 0
213.1 -42.5 2131.7 0 0 0 0 0 0 0 0 0
-53.8 -917.1 2174.1 0 0 0 0 0 0 0 0 0
168.2 -917.8 2147.3 0 0 0 0 0 0 0 0 0
67.2 443.3 2088.8 75 0.9915391207 -0.0140516218 -0.1290452927 0.0145854829 0.9998885393 0.0031928448 0.1289860457 -0.0050480184 0.9916335344
70.2 226.1 2089.9 0.9915391207 -0.0140516218 -0.1290452927 0.0145854829 0.9998885393 0.0031928448 0.1289860457 -0.0050480184 0.9916335344
68.0 32.8 2106.0 0.9915589094 0.0114545412 -0.1291501820 -0.0005940275 0.9964808226 0.0838188305 0.1296557933 -0.0830345899 0.9880762100
-65.2 226.2 2072.2 0.0960847512 -0.7990983129 -0.5934724808 0.3318758607 0.5878334045 -0.7377738953 0.9384168386 -0.1260703802 0.3216832876
-83.7 162.0 1890.7 -0.5932694077 -0.7990983129 0.0973306149 -0.8049729466 0.5878334045 -0.0804387629 0.0070642936 -0.1260703802 -0.9919961691
205.6 226.1 2107.6 0.8231630325 0.4239830077 0.3776784539 -0.3828040957 -0.0768674016 0.9206261039 0.4193609953 -0.9024022222 0.0990280360
373.1 148.2 2192.9 -0.6246610880 0.4239830077 0.6557720304 -0.7462807894 -0.0768674016 -0.6611780524 -0.2299207747 -0.9024022222 0.3644264340
-27.3 -161.4 2108.9 0.9854596257 0.0227026045 -0.1683861166 -0.0175928921 0.9993401766 0.0317754261 0.1689963937 -0.0283509996 0.9852088094
