11.9 491.3 2172.5  0.9984570742 -0.0527545623 0.0173332486 0.0529635996 0.9985263944 -0.0118302349 -0.0166836083 0.0127300126 0.9997797608
22.4 292.0 2170.0 0.9984570742 -0.0527545623 0.0173332486 0.0529635996 0.9985263944 -0.0118302349 -0.0166836083 0.0127300126 0.9997797608
31.9 93.5 2167.8 0.9987201691 -0.0475496948 0.0172342565 0.0477241911 0.9988119006 -0.0098590003 -0.0167449880 0.0106688738 0.9998028874
-118.1 285.3 2172.3 0.2698856890 -0.7848756313 -0.5577920675 0.6853204966 0.5634957552 -0.4613115191 0.6763856411 -0.2577649355 0.6899707913
-175.1 140.7 2029.6 -0.6168994308 -0.7848756313 -0.0583551973 -0.6713976264 0.5634957552 -0.4813498855 0.4106827080 -0.2577649355 -0.8745839000
163.0 298.8 2167.6 0.6436290741 0.6546560526 0.3964430690 -0.7440308928 0.6565969586 0.1236867458 -0.1793310493 -0.3745743036 0.9096891880
316.5 121.3 2124.8 -0.3400039971 0.6546560526 0.6751464605 -0.1868020445 0.6565969586 -0.7307430506 -0.9216845036 -0.3745743036 -0.1009545028
-50.2 -107.1 2167.8 0.9445509315 0.1093547791 0.3096209168 -0.1140855476 0.9934668541 -0.0028445737 -0.3079091609 -0.0326364264 0.9508558512
-93.6 -502.1 2180.8 0.9432390332 -0.0556024238 0.3274270594 -0.0320610516 0.9660364985 0.2564089000 -0.3305634558 -0.2523525357 0.9094206691
133.1 -98.5 2164.8 0.9998151660 0.0135719925 -0.0136163328 -0.0147456322 0.9958179593 -0.0901618078 0.0123357140 0.0903459266 0.9958340526
127.7 -494.4 2128.9 0.9914588928 -0.1302376539 -0.0068850517 0.1254094690 0.9375510812 0.3244541287 -0.0358010568 -0.3225463629 0.9458763599
0.6 331.9 1912.6 0 0 0 0 0 0 0 0 0
230.5 74.1 1891.7 0 0 0 0 0 0 0 0 0
-72.4 -871.3 2277.2 0 0 0 0 0 0 0 0 0
177.5 -852.7 2252.1 0 0 0 0 0 0 0 0 0
13.2 489.8 2174.1  0.9982449412 -0.0551567897 0.0215575825 0.0554824844 0.9983497858 -0.0148134166 -0.0207049474 0.0159834865 0.9996578693
24.2 290.8 2171.0 0.9982449412 -0.0551567897 0.0215575825 0.0554824844 0.9983497858 -0.0148134166 -0.0207049474 0.0159834865 0.9996578693
34.1 92.2 2168.5 0.9985317588 -0.0497794785 0.0213619471 0.0500244461 0.9986864328 -0.0110902674 -0.0207818188 0.0121426042 0.9997103214
-116.3 283.7 2173.9 0.3070973456 -0.7706876397 -0.5583294630 0.6431761384 0.6004895568 -0.4751176536 0.7014383078 -0.2131967992 0.6800966263
-180.6 149.2 2027.2 -0.6309933662 -0.7706876397 -0.0888141766 -0.6725496054 0.6004895568 -0.4325382113 0.3866838515 -0.2131967992 -0.8972305655
164.7 297.8 2168.0 0.7199603319 0.5745223761 0.3893341720 -0.6702569723 0.7211239934 0.1753162146 -0.1800351143 -0.3871746957 0.9042583108
329.7 144.2 2126.8 -0.3448314965 0.5745223761 0.7423040271 -0.2157513201 0.7211239934 -0.6583552361 -0.9135330319 -0.3871746957 -0.1247122884
-50.3 -109.5 2167.3 0.9430141449 0.1095839664 0.3141905367 -0.1163260490 0.9932073355 0.0027292739 -0.3117572665 -0.0391222909 0.9493560195
-93.9 -504.4 2182.8 0.9416567683 -0.0596081540 0.3312543333 -0.0227611102 0.9706615210 0.2393704206 -0.3358042538 -0.2329444885 0.9126731753
132.9 -100.7 2164.2 0.9998571873 0.0142573854 -0.0090736048 -0.0148773333 0.9972656965 -0.0723866522 0.0080167502 0.0725113079 0.9973353744
127.3 -497.2 2135.4 0.9889553785 -0.1481756419 -0.0033513757 0.1427534074 0.9461981654 0.2903971076 -0.0398587100 -0.2876681983 0.9569003582
-0.9 340.7 1917.1 0 0 0 0 0 0 0 0 0
243.3 90.1 1897.8 0 0 0 0 0 0 0 0 0
-71.1 -875.4 2271.8 0 0 0 0 0 0 0 0 0
183.9 -858.5 2245.2 0 0 0 0 0 0 0 0 0
14.7 492.9 2174.0  0.9980787635 -0.0533989072 0.0314216278 0.0538161658 0.9984715581 -0.0125863757 -0.0307015032 0.0142531861 0.9994269609
25.3 293.6 2171.1 0.9980787635 -0.0533989072 0.0314216278 0.0538161658 0.9984715581 -0.0125863757 -0.0307015032 0.0142531861 0.9994269609
34.9 95.0 2168.8 0.9983415604 -0.0483117141 0.0313076079 0.0486565493 0.9987619519 -0.0103473626 -0.0307689477 0.0118535226 0.9994562268
-115.2 286.7 2175.4 0.3233520389 -0.7528182268 -0.5733307600 0.5947710276 0.6329286098 -0.4956296980 0.7359965444 -0.1807376742 0.6524132490
-183.6 160.8 2019.7 -0.6477754116 -0.7528182268 -0.1168407053 -0.6636465192 0.6329286098 -0.3987163007 0.3741126955 -0.1807376742 -0.9096007943
165.8 300.4 2166.8 0.7960234284 0.4561241269 0.3978661597 -0.5714057088 0.7830977440 0.2454658449 -0.1996051818 -0.4227395356 0.8839960694
341.1 174.6 2122.8 -0.3884383440 0.4561241269 0.8006662130 -0.2521963120 0.7830977440 -0.5684671998 -0.8862915039 -0.4227395356 -0.1891523600
-47.6 -110.9 2168.0 0.9397468567 0.1131807417 0.3225925863 -0.1174571365 0.9930583239 -0.0062465859 -0.3210602403 -0.0320205912 0.9465172887
-92.6 -505.8 2180.8 0.9384004474 -0.0528645739 0.3414819539 -0.0470026657 0.9595154524 0.2777063251 -0.3423380554 -0.2766503096 0.8979249597
135.6 -101.7 2164.2 0.9997621775 0.0217944589 0.0007323647 -0.0216818433 0.9970640540 -0.0734385997 -0.0023307691 0.0734052584 0.9972994924
126.9 -498.1 2135.0 0.9891122580 -0.1468952447 0.0088735744 0.1371197999 0.9418261647 0.3068576157 -0.0534332916 -0.3022998869 0.9517140388
0.2 349.1 1913.5 0 0 0 0 0 0 0 0 0
243.9 111.5 1901.0 0 0 0 0 0 0 0 0 0
-72.5 -872.2 2286.4 0 0 0 0 0 0 0 0 0
183.1 -858.0 2250.5 0 0 0 0 0 0 0 0 0
14.1 495.9 2174.4  0.9977094531 -0.0549611486 0.0394353606 0.0555156842 0.9983717799 -0.0131066181 -0.0386507958 0.0152658774 0.9991361499
25.1 296.2 2171.3 0.9977094531 -0.0549611486 0.0394353606 0.0555156842 0.9983717799 -0.0131066181 -0.0386507958 0.0152658774 0.9991361499
35.0 97.7 2168.8 0.9979942441 -0.0496283732 0.0393006429 0.0500777997 0.9986897707 -0.0105343387 -0.0387263484 0.0124812992 0.9991719127
-115.3 289.2 2176.8 0.3381738663 -0.7337934375 -0.5892246366 0.5582331419 0.6604771018 -0.5021411180 0.7576372027 -0.1591137201 0.6329839230
-187.5 170.1 2015.1 -0.6686846614 -0.7337934375 -0.1200333163 -0.6607809663 0.6604771018 -0.3565648496 0.3409242034 -0.1591137201 -0.9265276790
165.6 303.3 2165.9 0.8406580091 0.3773045540 0.3885040879 -0.4922965169 0.8313568234 0.2578564286 -0.2256951183 -0.4080282748 0.8846324682
358.2 190.4 2114.1 -0.4591567814 0.3773045540 0.8042489290 -0.2146939784 0.8313568234 -0.5125936866 -0.8620218039 -0.4080282748 -0.3007180989
-47.1 -108.0 2169.2 0.9358296990 0.1232963353 0.3301829696 -0.1286394894 0.9916749597 -0.0057096831 -0.3281381726 -0.0371312760 0.9438996911
-96.1 -502.3 2184.0 0.9341291785 -0.0626991317 0.3513850570 -0.0362410843 0.9627027512 0.2681231797 -0.3550904393 -0.2631962597 0.8970164657
136.1 -99.1 2163.6 0.9995855093 0.0274434295 0.0086982585 -0.0266848486 0.9966122508 -0.0777938962 -0.0108037218 0.0775295347 0.9969314933
125.2 -495.3 2132.8 0.9890376329 -0.1464543641 0.0188595485 0.1325693876 0.9369190931 0.3234316111 -0.0650378466 -0.3173858523 0.9460635781
0.9 356.2 1919.1 0 0 0 0 0 0 0 0 0
243.4 136.7 1898.5 0 0 0 0 0 0 0 0 0
-72.1 -870.1 2284.5 0 0 0 0 0 0 0 0 0
181.2 -853.4 2254.0 0 0 0 0 0 0 0 0 0
14.5 501.6 2180.6  0.9958723783 -0.0572938621 0.0703959465 0.0590232313 0.9979977012 -0.0227352064 -0.0689524040 0.0267963614 0.9972600341
25.9 302.0 2175.2 0.9958723783 -0.0572938621 0.0703959465 0.0590232313 0.9979977012 -0.0227352064 -0.0689524040 0.0267963614 0.9972600341
35.9 103.5 2170.1 0.9962523580 -0.0502881818 0.0703725293 0.0519718193 0.9983994961 -0.0223006066 -0.0691384450 0.0258744210 0.9972714782
-114.2 294.6 2184.9 0.3437893093 -0.7282973528 -0.5927831531 0.5214361548 0.6730518937 -0.5245050192 0.7809694409 -0.1287793219 0.6111485958
-190.7 178.6 2011.2 -0.6752550006 -0.7282973528 -0.1166774333 -0.6728782654 0.6730518937 -0.3069788814 0.3021018803 -0.1287793219 -0.9445371032
166.1 309.3 2165.5 0.8609929085 0.3495051861 0.3695096076 -0.4452594519 0.8690933585 0.2154547423 -0.2458357811 -0.3500326574 0.9039037228
367.8 205.0 2107.9 -0.5055222511 0.3495051861 0.7888557315 -0.1396276206 0.8690933585 -0.4745322466 -0.8514407873 -0.3500326574 -0.3905454278
-46.7 -105.5 2169.9 0.9254655838 0.1196030304 0.3594558835 -0.1220940202 0.9923918843 -0.0158552472 -0.3586174250 -0.0292139240 0.9330273867
-94.3 -500.0 2181.5 0.9239590168 -0.0531643182 0.3787786663 -0.0606828518 0.9573758245 0.2823989391 -0.3776470721 -0.2839104235 0.8813498616
136.4 -96.3 2162.8 0.9987597466 0.0292533692 0.0402884521 -0.0262835007 0.9970315695 -0.0723688453 -0.0422858894 0.0712201670 0.9965639114
124.8 -492.7 2134.5 0.9867872000 -0.1546980590 0.0481611118 0.1339522153 0.9461777210 0.2946259975 -0.0911470428 -0.2842818797 0.9543982744
-0.6 368.0 1926.1 0 0 0 0 0 0 0 0 0
241.0 170.0 1894.4 0 0 0 0 0 0 0 0 0
-74.0 -865.8 2290.0 0 0 0 0 0 0 0 0 0
183.9 -854.1 2243.1 0 0 0 0 0 0 0 0 0
15.8 503.6 2183.7  0.9950248003 -0.0550527796 0.0830348432 0.0575569272 0.9979475141 -0.0280699600 -0.0813190863 0.0327095352 0.9961512685
26.8 304.4 2177.2 0.9950248003 -0.0550527796 0.0830348432 0.0575569272 0.9979475141 -0.0280699600 -0.0813190863 0.0327095352 0.9961512685
36.5 106.0 2170.7 0.9953313470 -0.0491797589 0.0830474794 0.0516868271 0.9982619286 -0.0283119753 -0.0815107599 0.0324722566 0.9961433411
-113.3 297.2 2188.6 0.3638993800 -0.7088020444 -0.6042986512 0.4891982973 0.6975349188 -0.5235742927 0.7926299572 -0.1050935239 0.6005772948
-196.4 185.3 2007.4 -0.6988270879 -0.7088020444 -0.0961267948 -0.6740514040 0.6975349188 -0.2431043833 0.2393646836 -0.1050935239 -0.9652252793
166.8 311.7 2165.7 0.8938631415 0.2811252177 0.3492524326 -0.3566575348 0.9178940058 0.1739711910 -0.2716690302 -0.2800699472 0.9207370877
378.2 227.4 2101.4 -0.5486354232 0.2811252177 0.7873803377 -0.0857249126 0.9178940058 -0.3874555528 -0.8316552043 -0.2800699472 -0.4794897437
-45.5 -99.8 2171.3 0.9209880829 0.1192947179 0.3708769679 -0.1184493005 0.9926416278 -0.0251471680 -0.3711478412 -0.0207698755 0.9283414483
-93.0 -494.4 2179.5 0.9199973345 -0.0427968279 0.3895809352 -0.0710813403 0.9593151808 0.2732430696 -0.3854248524 -0.2790748477 0.8795254230
137.2 -90.2 2158.6 0.9980140924 0.0342413560 0.0528713167 -0.0299581625 0.9963621497 -0.0797809064 -0.0554107875 0.0780385435 0.9954092503
123.6 -486.4 2127.6 0.9858186245 -0.1558628827 0.0621968172 0.1271351576 0.9355792403 0.3294361234 -0.1095369160 -0.3168568611 0.9421270490
-0.2 374.6 1940.2 0 0 0 0 0 0 0 0 0
239.8 205.8 1891.7 0 0 0 0 0 0 0 0 0
-76.6 -861.1 2286.2 0 0 0 0 0 0 0 0 0
183.1 -843.7 2248.6 0 0 0 0 0 0 0 0 0
16.3 500.7 2182.2  0.9940288663 -0.0535877906 0.0950522646 0.0557757989 0.9982326031 -0.0205116291 -0.0937850922 0.0256907679 0.9952609539
27.0 302.8 2177.1 0.9940288663 -0.0535877906 0.0950522646 0.0557757989 0.9982326031 -0.0205116291 -0.0937850922 0.0256907679 0.9952609539
36.7 104.3 2171.7 0.9942616820 -0.0488921069 0.0951486453 0.0512399748 0.9984353781 -0.0223895349 -0.0939050987 0.0271364693 0.9952112436
-112.9 295.6 2190.3 0.3897678256 -0.7041381598 -0.5935238004 0.4395510852 0.7085886002 -0.5519936681 0.8092440367 -0.0457346700 0.5856897235
-203.0 194.0 2003.4 -0.7025510073 -0.7041381598 -0.1030122191 -0.6858980656 0.7085886002 -0.1656684577 0.1896467656 -0.0457346700 -0.9807866216
166.9 310.0 2163.9 0.9113405347 0.2464712709 0.3297124207 -0.2909574211 0.9522667527 0.0923680365 -0.2912081182 -0.1801110208 0.9395519495
377.7 242.7 2096.5 -0.5608694553 0.2464712709 0.7903653383 -0.0114068007 0.9522667527 -0.3050540090 -0.8278256655 -0.1801110208 -0.5312858820
-45.0 -97.2 2171.7 0.9167393446 0.1241461188 0.3797061741 -0.1180371791 0.9922260642 -0.0394296646 -0.3816493750 -0.0086727217 0.9242664576
-94.4 -491.7 2175.2 0.9155211449 -0.0477898568 0.3994209766 -0.0758430585 0.9546048641 0.2880578935 -0.3950554430 -0.2940163910 0.8703364730
137.6 -87.7 2156.8 0.9972577691 0.0356461033 0.0648560449 -0.0306056291 0.9965521693 -0.0771169513 -0.0673813522 0.0749205202 0.9949103594
123.4 -483.9 2127.0 0.9857113361 -0.1514737755 0.0736806765 0.1198280454 0.9379978180 0.3252712190 -0.1183823645 -0.3117945194 0.9427458644
-6.5 385.9 1950.4 0 0 0 0 0 0 0 0 0
235.9 239.8 1887.2 0 0 0 0 0 0 0 0 0
-76.1 -856.5 2287.5 0 0 0 0 0 0 0 0 0
181.3 -842.4 2246.1 0 0 0 0 0 0 0 0 0
15.3 504.4 2185.0  0.9931101799 -0.0781784430 0.0872944817 0.0820895433 0.9957334399 -0.0421455167 -0.0836271644 0.0490211062 0.9952906370
31.0 304.9 2175.2 0.9931101799 -0.0781784430 0.0872944817 0.0820895433 0.9957334399 -0.0421455167 -0.0836271644 0.0490211062 0.9952906370
40.3 106.3 2172.6 0.9952604175 -0.0468327776 0.0852252692 0.0477820113 0.9988160729 -0.0091313198 -0.0846967250 0.0131602762 0.9963198900
-109.1 298.2 2187.1 0.4113267064 -0.7027150989 -0.5805186033 0.4128912091 0.7114478350 -0.5686500669 0.8126076460 -0.0057900730 0.5827823877
-204.3 202.6 1999.0 -0.7071358562 -0.7027150989 -0.0784241781 -0.6975127459 0.7114478350 -0.0855450034 0.1159084737 -0.0057900730 -0.9932430387
171.1 311.6 2163.3 0.9160126448 0.2200559974 0.3354044855 -0.2360571176 0.9717128277 0.0071557108 -0.3243421912 -0.0857293382 0.9420470595
380.9 257.6 2089.0 -0.5997101068 0.2200559974 0.7693654299 0.0654489174 0.9717128277 -0.2269154042 -0.7975363135 -0.0857293382 -0.5971484184
-44.8 -98.9 2175.0 0.9214368463 0.1250212342 0.3678638339 -0.1154508963 0.9921525121 -0.0480053052 -0.3709787130 0.0017636477 0.9286397099
-94.5 -493.4 2174.3 0.9199507236 -0.0532527752 0.3884003758 -0.0707977936 0.9518746138 0.2981985807 -0.3855883777 -0.3018258810 0.8719075322
137.6 -89.5 2157.7 0.9978771806 0.0355641544 0.0545557365 -0.0316644982 0.9969912767 -0.0707509741 -0.0569077916 0.0688733011 0.9960010052
123.5 -485.9 2130.3 0.9862569571 -0.1523160636 0.0640081838 0.1247666627 0.9405847788 0.3158061802 -0.1083074734 -0.3034799397 0.9466622472
-7.1 397.0 1966.7 0 0 0 0 0 0 0 0 0
226.6 274.4 1883.8 0 0 0 0 0 0 0 0 0
-74.2 -857.2 2289.6 0 0 0 0 0 0 0 0 0
181.7 -845.4 2246.3 0 0 0 0 0 0 0 0 0
16.1 504.2 2186.9  0.9927754998 -0.0900624767 0.0792812407 0.0950010940 0.9936131835 -0.0608908162 -0.0732908994 0.0679827183 0.9949908257
34.0 306.0 2173.3 0.9927754998 -0.0900624767 0.0792812407 0.0950010940 0.9936131835 -0.0608908162 -0.0732908994 0.0679827183 0.9949908257
42.4 107.4 2172.3 0.9962587357 -0.0422908068 0.0753661022 0.0425581932 0.9990921021 -0.0019446820 -0.0752154365 0.0051448513 0.9971540570
-106.2 300.0 2183.9 0.4289944172 -0.7085889578 -0.5602369905 0.3674723506 0.7034660578 -0.6083580852 0.8251835108 0.0551106073 0.5621699095
-205.0 215.3 1993.8 -0.7004133463 -0.7085889578 -0.0855738446 -0.7106821537 0.7034660578 -0.0081454702 0.0659700856 0.0551106073 -0.9962985516
174.2 312.0 2162.8 0.9323245883 0.1910089105 0.3070609570 -0.1683758199 0.9807542562 -0.0988464579 -0.3200319111 0.0404553413 0.9465426207
384.5 274.0 2090.6 -0.6112461090 0.1910089105 0.7680454254 0.1510904282 0.9807542562 -0.1236637384 -0.7768847346 0.0404553413 -0.6283418536
-41.7 -96.6 2177.7 0.9242427945 0.1340154856 0.3575123847 -0.1244081855 0.9909779429 -0.0498528779 -0.3609679341 0.0015986966 0.9325768352
-95.0 -490.6 2177.1 0.9226511121 -0.0550636202 0.3816843331 -0.0574646145 0.9590719342 0.2772703767 -0.3813302517 -0.2777571678 0.8817245364
140.9 -87.8 2162.2 0.9980696440 0.0440335758 0.0437949002 -0.0405169725 0.9961158037 -0.0781776011 -0.0470672287 0.0762522519 0.9959770441
123.4 -483.9 2131.9 0.9869340062 -0.1507039815 0.0570046976 0.1273604929 0.9463719726 0.2969163954 -0.0986941382 -0.2857767642 0.9532004595
-10.4 412.8 1975.5 0 0 0 0 0 0 0 0 0
226.1 313.2 1889.3 0 0 0 0 0 0 0 0 0
-74.0 -857.1 2283.2 0 0 0 0 0 0 0 0 0
181.0 -845.6 2241.1 0 0 0 0 0 0 0 0 0
15.6 495.6 2180.8  0.9928327799 -0.0998180136 0.0657221451 0.1022242829 0.9941691160 -0.0343207680 -0.0619130954 0.0407931805 0.9972475767
34.6 306.5 2173.1 0.9928327799 -0.0998180136 0.0657221451 0.1022242829 0.9941691160 -0.0343207680 -0.0619130954 0.0407931805 0.9972475767
42.0 107.8 2172.3 0.9972866178 -0.0372993089 0.0634679943 0.0374730639 0.9992964268 -0.0015490965 -0.0633655638 0.0039232336 0.9979826808
-105.8 301.2 2182.0 0.4395417273 -0.7097467184 -0.5505112410 0.3331392109 0.6979908347 -0.6338983178 0.8341590762 0.0952278748 0.5432405472
-206.4 225.0 1991.1 -0.6995669007 -0.7097467184 -0.0828595534 -0.7142505646 0.6979908347 0.0515252985 0.0212652963 0.0952278748 -0.9952283502
174.9 311.8 2164.2 0.9369412065 0.1650211215 0.3080733716 -0.1086409315 0.9753542542 -0.1920447797 -0.3321720958 0.1464653015 0.9317776561
383.9 287.5 2090.1 -0.6269937754 0.1650211215 0.7613453865 0.2183746397 0.9753542542 -0.0315684713 -0.7477909923 0.1464653015 -0.6475774646
-40.6 -95.1 2178.2 0.9289796948 0.1287619472 0.3470116556 -0.1208982915 0.9916751981 -0.0443154387 -0.3498289883 -0.0007849752 0.9368132353
-91.8 -489.4 2178.5 0.9282698035 -0.0385893621 0.3699000776 -0.0676173493 0.9605137706 0.2698911428 -0.3657090366 -0.2755434513 0.8890065551
142.2 -87.3 2164.4 0.9981219769 0.0525782667 0.0314336270 -0.0499411225 0.9955836535 -0.0794923529 -0.0354743749 0.0777732283 0.9963397384
121.3 -483.2 2133.5 0.9851374626 -0.1648291051 0.0483275764 0.1444536150 0.9472456574 0.2861097455 -0.0929372981 -0.2748763263 0.9569773674
-12.4 423.0 1985.2 0 0 0 0 0 0 0 0 0
220.3 344.5 1895.0 0 0 0 0 0 0 0 0 0
-77.0 -856.5 2283.8 0 0 0 0 0 0 0 0 0
184.3 -845.2 2238.5 0 0 0 0 0 0 0 0 0
13.2 489.7 2167.3  0.9918136001 -0.1162699535 0.0527924970 0.1144990548 0.9927915931 0.0354237929 -0.0565306693 -0.0290891081 0.9979770184
34.5 307.3 2172.7 0.9918136001 -0.1162699535 0.0527924970 0.1144990548 0.9927915931 0.0354237929 -0.0565306693 -0.0290891081 0.9979770184
41.1 108.6 2172.0 0.9979103208 -0.0330266096 0.0555357076 0.0331433527 0.9994499087 -0.0011821472 -0.0554661155 0.0030203166 0.9984560013
-105.9 302.6 2180.5 0.4525995255 -0.7073944807 -0.5429058671 0.3136114180 0.6962132454 -0.6457050443 0.8347464204 0.1219843179 0.5369527340
-209.2 231.0 1989.9 -0.7022594810 -0.7073944807 -0.0801543817 -0.7118564248 0.6962132454 0.0924528763 -0.0095961094 0.1219843179 -0.9924856424
175.0 311.9 2164.8 0.9419358969 0.1226077527 0.3126085699 -0.0359326750 0.9624146223 -0.2691967785 -0.3338646591 0.2423332483 0.9109385014
383.7 304.0 2090.9 -0.6428523660 0.1226077527 0.7561138868 0.2630420029 0.9624146223 0.0675793514 -0.7194092870 0.2423332483 -0.6509415507
-42.1 -94.3 2177.3 0.9324074388 0.1207324862 0.3406465352 -0.1156666949 0.9926633835 -0.0352219678 -0.3423998058 -0.0065602344 0.9395314455
-90.1 -488.9 2179.9 0.9320378304 -0.0304308981 0.3610810041 -0.0684040934 0.9637759924 0.2577919364 -0.3558460474 -0.2649712265 0.8961941004
140.9 -87.4 2165.7 0.9985568523 0.0485917777 0.0228690933 -0.0464892760 0.9953048825 -0.0848937705 -0.0268868599 0.0837080926 0.9961275458
121.5 -483.1 2132.4 0.9855147600 -0.1650694162 0.0388934650 0.1477600485 0.9483297467 0.2807803750 -0.0832320824 -0.2709662914 0.9589836597
-14.7 428.2 1992.5 0 0 0 0 0 0 0 0 0
215.4 372.8 1902.6 0 0 0 0 0 0 0 0 0
-78.5 -857.3 2281.2 0 0 0 0 0 0 0 0 0
184.6 -845.6 2236.0 0 0 0 0 0 0 0 0 0
15.5 504.6 2179.0  0.9943693280 -0.0864792839 0.0612453781 0.0871272832 0.9961651564 -0.0079850126 -0.0603199750 0.0132761942 0.9980908036
32.0 313.8 2176.5 0.9943693280 -0.0864792839 0.0612453781 0.0871272832 0.9961651564 -0.0079850126 -0.0603199750 0.0132761942 0.9980908036
40.5 115.2 2172.1 0.9971569777 -0.0428487062 0.0619833730 0.0441249497 0.9988382459 -0.0193692856 -0.0610814132 0.0220492333 0.9978892207
-108.3 307.5 2185.1 0.5010453463 -0.7095481753 -0.4954744577 0.3559119999 0.6908119917 -0.6293691397 0.7888473868 0.1389971673 0.5986648202
-230.9 220.5 1992.1 -0.6981439590 -0.7095481753 -0.0955842882 -0.7159348130 0.6908119917 0.1010752171 -0.0056869653 0.1389971673 -0.9902764559
172.3 320.0 2167.9 0.9356096387 0.1347280592 0.3263171911 -0.0122756427 0.9361729026 -0.3513254821 -0.3528227210 0.3246977627 0.8775463104
382.7 317.2 2088.6 -0.6759343147 0.1347280592 0.7245420218 0.3264372945 0.9361729026 0.1304567754 -0.6607204080 0.3246977627 -0.6767716408
-43.9 -93.2 2176.5 0.9302026033 0.1144645736 0.3487420082 -0.1093623042 0.9934080839 -0.0343547128 -0.3503755331 -0.0061823884 0.9365888834
-89.4 -488.1 2179.0 0.9299829602 -0.0214261357 0.3669776917 -0.0798751563 0.9626703262 0.2586229146 -0.3588198423 -0.2698273063 0.8935555816
139.2 -87.1 2166.3 0.9986156225 0.0425309800 0.0309505742 -0.0398241356 0.9957233071 -0.0833615065 -0.0343636535 0.0820135176 0.9960386157
122.3 -483.0 2133.7 0.9860365987 -0.1605994403 0.0440410301 0.1425068080 0.9505887628 0.2758130729 -0.0861603320 -0.2656856477 0.9602017999
-37.5 418.8 1993.7 0 0 0 0 0 0 0 0 0
205.7 402.7 1915.5 0 0 0 0 0 0 0 0 0
-81.2 -856.1 2282.1 0 0 0 0 0 0 0 0 0
183.7 -846.4 2235.3 0 0 0 0 0 0 0 0 0
20.8 505.6 2177.9  0.9962486029 -0.0508020967 0.0700563565 0.0515227839 0.9986354709 -0.0085177403 -0.0695280433 0.0120952856 0.9975066781
30.5 315.7 2175.6 0.9962486029 -0.0508020967 0.0700563565 0.0515227839 0.9986354709 -0.0085177403 -0.0695280433 0.0120952856 0.9975066781
37.5 117.1 2171.0 0.9968786836 -0.0353861414 0.0705738738 0.0369174853 0.9991077781 -0.0205130707 -0.0697850212 0.0230544526 0.9972956181
-109.8 310.5 2185.4 0.4828944504 -0.7225900888 -0.4946479201 0.3270151019 0.6728139520 -0.6636132598 0.8123263121 0.1586978137 0.5611959696
-227.2 231.0 1987.9 -0.6866791248 -0.7225900888 -0.0795950964 -0.7250467539 0.6728139520 0.1470667124 -0.0527162552 0.1586978137 -0.9859188795
170.7 320.9 2165.8 0.9366219640 0.1284282655 0.3259531260 0.0244768206 0.9041248560 -0.4265666306 -0.3494855464 0.4075099826 0.8436797261
379.9 326.4 2087.8 -0.6915081143 0.1284282655 0.7108605504 0.3761820495 0.9041248560 0.2025963217 -0.6166876554 0.4075099826 -0.6735220551
-42.5 -87.4 2173.3 0.9261304736 0.1186446846 0.3580583632 -0.1171095744 0.9927771688 -0.0260543749 -0.3585633636 -0.0178023111 0.9333356023
-89.6 -482.1 2180.4 0.9258177876 -0.0307356827 0.3767183721 -0.0650766045 0.9688420296 0.2389772087 -0.3723257184 -0.2457648963 0.8949710727
140.5 -79.3 2162.1 0.9980213046 0.0493554398 0.0389547087 -0.0458437167 0.9952049851 -0.0864022225 -0.0430323407 0.0844454318 0.9954984784
120.9 -474.9 2128.5 0.9846659899 -0.1656673402 0.0546558499 0.1426697820 0.9450362921 0.2941966653 -0.1003905460 -0.2818877101 0.9541808367
-39.0 429.8 2002.4 0 0 0 0 0 0 0 0 0
198.1 425.3 1925.7 0 0 0 0 0 0 0 0 0
-77.9 -852.3 2274.3 0 0 0 0 0 0 0 0 0
184.2 -836.2 2236.3 0 0 0 0 0 0 0 0 0
23.9 513.9 2183.8  0.9965651035 -0.0287665036 0.0776562467 0.0325739458 0.9983056188 -0.0482162833 -0.0761376545 0.0505802333 0.9958136082
29.6 316.1 2173.8 0.9965651035 -0.0287665036 0.0776562467 0.0325739458 0.9983056188 -0.0482162833 -0.0761376545 0.0505802333 0.9958136082
36.5 117.5 2170.2 0.9964466691 -0.0349894054 0.0766144022 0.0362842716 0.9992201328 -0.0155743845 -0.0760097131 0.0182989407 0.9969391227
-110.7 311.0 2184.5 0.4573557973 -0.7355560064 -0.4997830093 0.2700280547 0.6503386497 -0.7100313306 0.8472959995 0.1897815317 0.4960569143
-219.6 246.7 1982.7 -0.6734977961 -0.7355560064 -0.0731991082 -0.7322391868 0.6503386497 0.2022015154 -0.1011263281 0.1897815317 -0.9766045213
169.8 321.2 2163.1 0.9289386272 0.1121991724 0.3528234065 0.0889129639 0.8574792147 -0.5067780018 -0.3593988121 0.5021362305 0.7865695953
377.2 341.1 2082.9 -0.7407630682 0.1121991724 0.6623302698 0.4089964032 0.8574792147 0.3121720254 -0.5329089761 0.5021362305 -0.6810780168
-46.9 -84.9 2172.8 0.9252442718 0.1075278893 0.3638141751 -0.1074371263 0.9939994216 -0.0205518920 -0.3638409972 -0.0200716294 0.9312447906
-89.7 -480.1 2180.8 0.9246454835 -0.0354446173 0.3791760206 -0.0575301126 0.9712324142 0.2310798019 -0.3764585853 -0.2354809344 0.8960065246
136.0 -78.1 2160.1 0.9983323812 0.0358055867 0.0452817678 -0.0323827229 0.9967183471 -0.0741880462 -0.0477895178 0.0725979805 0.9962157011
121.7 -474.3 2131.2 0.9859312773 -0.1578611583 0.0549484715 0.1366125196 0.9504381418 0.2792925835 -0.0963145718 -0.2678566277 0.9586325288
-35.9 446.3 2010.3 0 0 0 0 0 0 0 0 0
182.1 448.8 1942.6 0 0 0 0 0 0 0 0 0
-76.2 -851.3 2270.8 0 0 0 0 0 0 0 0 0
182.1 -837.6 2233.6 0 0 0 0 0 0 0 0 0
22.9 516.0 2185.3  0.9963701367 -0.0323399343 0.0787445158 0.0374550149 0.9972228408 -0.0643719360 -0.0764440447 0.0670876503 0.9948143363
29.4 315.4 2171.8 0.9963701367 -0.0323399343 0.0787445158 0.0374550149 0.9972228408 -0.0643719360 -0.0764440447 0.0670876503 0.9948143363
36.3 116.8 2169.3 0.9964245558 -0.0349867642 0.0769023970 0.0358401872 0.9993100166 -0.0097450679 -0.0765083879 0.0124664214 0.9969909787
-110.8 310.4 2182.6 0.4745815992 -0.7326718569 -0.4878157675 0.2678627968 0.6481326222 -0.7128629684 0.8384639621 0.2076439708 0.5038473606
-226.6 245.1 1978.2 -0.6766501665 -0.7326718569 -0.0730511099 -0.7264559269 0.6481326222 0.2284423560 -0.1200264841 0.2076439708 -0.9708128572
169.6 320.5 2161.1 0.9227683544 0.1063197255 0.3703980446 0.1372105628 0.8075412512 -0.5736291409 -0.3600997925 0.5801493526 0.7305852771
375.4 351.1 2080.8 -0.7609903812 0.1063197255 0.6399919987 0.4416197240 0.8075412512 0.3909592927 -0.4752532244 0.5801493526 -0.6614840031
-47.9 -84.5 2173.5 0.9260802865 0.1027840599 0.3630574942 -0.1006658673 0.9946110249 -0.0248045716 -0.3636505008 -0.0135764722 0.9314365387
-88.8 -479.9 2178.9 0.9253534675 -0.0366850905 0.3773263693 -0.0620399155 0.9672353268 0.2461846620 -0.3739947081 -0.2512171268 0.8927586079
134.9 -77.8 2159.6 0.9983985424 0.0339950137 0.0452188961 -0.0303791333 0.9964606762 -0.0783790201 -0.0477233455 0.0768797845 0.9958975911
121.4 -474.0 2129.0 0.9844802022 -0.1668528318 0.0543951020 0.1449726522 0.9478803277 0.2837354541 -0.0989021137 -0.2714461386 0.9573585391
-42.4 442.8 2010.8 0 0 0 0 0 0 0 0 0
173.4 468.3 1954.6 0 0 0 0 0 0 0 0 0
-74.8 -849.6 2274.9 0 0 0 0 0 0 0 0 0
185.2 -836.3 2232.8 0 0 0 0 0 0 0 0 0
16.5 499.7 2163.0  0.9949719906 -0.0689261183 0.0726630837 0.0658925250 0.9968844652 0.0433529913 -0.0754248574 -0.0383470580 0.9964138865
29.3 314.5 2170.2 0.9949719906 -0.0689261183 0.0726630837 0.0658925250 0.9968844652 0.0433529913 -0.0754248574 -0.0383470580 0.9964138865
37.5 115.9 2168.8 0.9963099957 -0.0412442461 0.0752685517 0.0416517295 0.9991247654 -0.0038513949 -0.0750438198 0.0069722482 0.9971558452
-111.0 308.7 2180.7 0.4650567174 -0.7479364276 -0.4736173451 0.2290471643 0.6184307933 -0.7517185807 0.8551372290 0.2411110401 0.4589180946
-222.8 253.6 1975.0 -0.6585592628 -0.7479364276 -0.0830112845 -0.7368043065 0.6184307933 0.2732449174 -0.1530330926 0.2411110401 -0.9583560824
169.5 320.4 2159.6 0.9053508043 0.1170930043 0.4082023501 0.1923059970 0.7439838052 -0.6399269700 -0.3786269128 0.6578581333 0.6510486603
372.7 363.6 2074.6 -0.7962264419 0.1170930043 0.5935593247 0.4662337601 0.7439838052 0.4786587358 -0.3855509460 0.6578581333 -0.6469722986
-48.1 -85.2 2173.9 0.9270389676 0.1029259264 0.3605621159 -0.0995187983 0.9946400523 -0.0280574113 -0.3615173399 -0.0098723955 0.9323131442
-89.0 -480.7 2177.8 0.9264234900 -0.0339606740 0.3749482036 -0.0679174960 0.9645077586 0.2551704645 -0.3703062236 -0.2618614435 0.8912361860
134.7 -78.6 2159.8 0.9984447956 0.0342613757 0.0439785831 -0.0309498161 0.9967859983 -0.0738900229 -0.0463688113 0.0724139810 0.9962962270
121.1 -474.9 2131.1 0.9839432240 -0.1704058349 0.0530804694 0.1497950703 0.9501323700 0.2735140026 -0.0970418528 -0.2611710727 0.9604023099
-44.1 453.5 2016.6 0 0 0 0 0 0 0 0 0
159.3 488.5 1971.3 0 0 0 0 0 0 0 0 0
-76.1 -849.3 2277.9 0 0 0 0 0 0 0 0 0
186.2 -838.1 2230.9 0 0 0 0 0 0 0 0 0
8.2 512.6 2174.9  0.9922535419 -0.1012602895 0.0719668716 0.1034890264 0.9942381978 -0.0279365685 -0.0687233508 0.0351679400 0.9970157146
28.4 314.5 2167.9 0.9922535419 -0.1012602895 0.0719668716 0.1034890264 0.9942381978 -0.0279365685 -0.0687233508 0.0351679400 0.9970157146
37.0 115.8 2168.1 0.9966397882 -0.0431099124 0.0696465746 0.0429285355 0.9990697503 0.0040995982 -0.0697585195 -0.0010959971 0.9975633025
-111.9 308.4 2177.7 0.4767319262 -0.7567518353 -0.4472732246 0.2405982912 0.6017152071 -0.7616109848 0.8454815745 0.2554711103 0.4689300656
-226.6 250.5 1974.2 -0.6466801763 -0.7567518353 -0.0955582708 -0.7462151051 0.6017152071 0.2847838700 -0.1580118388 0.2554711103 -0.9538169503
168.7 320.5 2158.1 0.8962947130 0.1440479606 0.4194114506 0.2169537693 0.6824244857 -0.6980171204 -0.3867645562 0.7166219354 0.5804017186
370.3 369.3 2071.1 -0.8190929890 0.1440479606 0.5552808642 0.4885828197 0.6824244857 0.5436760783 -0.3006218076 0.7166219354 -0.6293484569
-45.8 -86.5 2174.3 0.9286848307 0.1095624790 0.3543170094 -0.1058966517 0.9939309955 -0.0297838561 -0.3554298580 -0.0098611703 0.9346509576
-89.3 -481.7 2178.2 0.9280865192 -0.0352055095 0.3706966341 -0.0573667772 0.9701170325 0.2357582748 -0.3679191172 -0.2400697470 0.8983328938
137.1 -78.9 2160.5 0.9986013770 0.0366836637 0.0380742513 -0.0336255468 0.9963808060 -0.0780680403 -0.0408002734 0.0766785815 0.9962207079
122.5 -475.0 2130.0 0.9864251018 -0.1568798721 0.0485206805 0.1376799047 0.9511570930 0.2763048708 -0.0894974619 -0.2658737302 0.9598444700
-51.3 452.8 2017.1 0 0 0 0 0 0 0 0 0
148.4 501.7 1989.7 0 0 0 0 0 0 0 0 0
-75.9 -852.5 2270.0 0 0 0 0 0 0 0 0 0
182.5 -838.6 2231.7 0 0 0 0 0 0 0 0 0
5.0 493.0 2157.8  0.9902541637 -0.1266514361 0.0579316579 0.1235947311 0.9908828139 0.0536242314 -0.0641950741 -0.0459415726 0.9968793392
27.9 313.6 2166.2 0.9902541637 -0.1266514361 0.0579316579 0.1235947311 0.9908828139 0.0536242314 -0.0641950741 -0.0459415726 0.9968793392
37.5 115.1 2167.1 0.9969119430 -0.0482090674 0.0619872250 0.0478367954 0.9988271594 0.0074765827 -0.0622749664 -0.0044882246 0.9980489612
-112.4 306.9 2174.9 0.4913780093 -0.7426704764 -0.4549595714 0.2152179629 0.6097137332 -0.7628436089 0.8439365625 0.2769291103 0.4594359398
-232.7 254.2 1968.3 -0.6646793485 -0.7426704764 -0.0814978629 -0.7214932442 0.6097137332 0.3281717002 -0.1940330565 0.2769291103 -0.9410958886
168.2 320.4 2157.4 0.8826428056 0.1579147577 0.4427241087 0.2570226192 0.6264520288 -0.7358649969 -0.3935493529 0.7632960081 0.5123456717
367.0 378.3 2068.8 -0.8365039229 0.1579147577 0.5247133970 0.4956230223 0.6264520288 0.6015942693 -0.2337071449 0.7632960081 -0.6022957563
-45.9 -86.7 2174.7 0.9322804809 0.1078701913 0.3452782631 -0.0987079963 0.9941403270 -0.0440646596 -0.3480083346 0.0069988971 0.9374653101
-88.8 -481.9 2172.0 0.9316874743 -0.0336436629 0.3616994619 -0.0693724081 0.9608979225 0.2680720687 -0.3565751910 -0.2748513520 0.8929226398
137.0 -78.8 2161.9 0.9987667799 0.0390569940 0.0306508746 -0.0364842080 0.9960925579 -0.0804272741 -0.0336723551 0.0792098120 0.9962890744
121.5 -474.9 2130.4 0.9858061075 -0.1624080092 0.0425434336 0.1443379819 0.9492895603 0.2793132961 -0.0857487544 -0.2692081332 0.9592570662
-52.8 449.6 2020.9 0 0 0 0 0 0 0 0 0
138.2 513.8 2004.8 0 0 0 0 0 0 0 0 0
-75.9 -849.0 2277.0 0 0 0 0 0 0 0 0 0
183.5 -837.8 2233.4 0 0 0 0 0 0 0 0 0
-0.5 483.7 2163.8  0.9856829047 -0.1611140072 0.0497137904 0.1605585665 0.9869123697 0.0149970967 -0.0514793955 -0.0068004071 0.9986509085
27.3 313.6 2165.0 0.9856829047 -0.1611140072 0.0497137904 0.1605585665 0.9869123697 0.0149970967 -0.0514793955 -0.0068004071 0.9986509085
37.5 115.1 2166.5 0.9974259138 -0.0511965603 0.0502042361 0.0507358015 0.9986578226 0.0104103312 -0.0506698303 -0.0078363819 0.9986847043
-113.1 306.5 2172.1 0.4902260602 -0.7476248145 -0.4480352402 0.2063054144 0.5989645720 -0.7737438083 0.8468273282 0.2868772745 0.4478670955
-232.3 256.3 1966.2 -0.6580494642 -0.7476248145 -0.0895994604 -0.7263891101 0.5989645720 0.3370464146 -0.1983173490 0.2868772745 -0.9372148514
167.7 320.7 2157.9 0.8647068739 0.1777830124 0.4697608054 0.2877866924 0.5911576152 -0.7534663081 -0.4116562009 0.7867184281 0.4600144923
361.9 385.4 2065.4 -0.8480908275 0.1777830124 0.4991344213 0.4975362420 0.5911576152 0.6348152161 -0.1822077781 0.7867184281 -0.5898088217
-44.4 -87.9 2173.7 0.9362204075 0.1071704924 0.3346727192 -0.1004609540 0.9942397475 -0.0373486318 -0.3367476165 0.0013450081 0.9415940046
-87.0 -483.2 2173.1 0.9357839823 -0.0290406626 0.3513757885 -0.0652749911 0.9651030302 0.2536046207 -0.3464787006 -0.2602551877 0.9012323618
138.5 -79.1 2162.2 0.9989547133 0.0416245200 0.0188907385 -0.0398865789 0.9956200719 -0.0845558196 -0.0223275945 0.0837139487 0.9962396622
122.0 -475.0 2129.0 0.9866037965 -0.1598309129 0.0326655954 0.1443816572 0.9487159252 0.2812330723 -0.0759401098 -0.2727493048 0.9590833783
-54.1 453.0 2019.9 0 0 0 0 0 0 0 0 0
128.3 522.4 2015.2 0 0 0 0 0 0 0 0 0
-75.9 -852.0 2272.6 0 0 0 0 0 0 0 0 0
183.1 -837.7 2233.2 0 0 0 0 0 0 0 0 0
-3.5 478.2 2162.8  0.9828042388 -0.1804060191 0.0393641032 0.1800071448 0.9835729003 0.0134813925 -0.0411495902 -0.0061637494 0.9991340041
26.6 313.7 2163.8 0.9828042388 -0.1804060191 0.0393641032 0.1800071448 0.9835729003 0.0134813925 -0.0411495902 -0.0061637494 0.9991340041
37.5 115.2 2165.7 0.9977244139 -0.0545722544 0.0395965837 0.0541556105 0.9984660745 0.0115204267 -0.0401645415 -0.0093498342 0.9991493225
-113.8 306.1 2169.5 0.4853497446 -0.7486752868 -0.4515760243 0.1879695803 0.5937609076 -0.7823780179 0.8538753390 0.2948444486 0.4289098978
-230.4 260.9 1964.2 -0.6574739218 -0.7486752868 -0.0849314034 -0.7220063210 0.5937609076 0.3551827967 -0.2154876590 0.2948444486 -0.9309306145
167.0 321.4 2158.2 0.8564845920 0.1818946451 0.4830615819 0.3082520068 0.5704070330 -0.7613254786 -0.4140227735 0.8009682298 0.4324754477
360.0 390.8 2064.9 -0.8605282903 0.1818946451 0.4758207202 0.4864965975 0.5704070330 0.6617830992 -0.1510366946 0.8009682298 -0.5793425441
-43.9 -88.1 2172.8 0.9394720197 0.1083724499 0.3250349760 -0.1031677276 0.9941077232 -0.0332601033 -0.3267242610 -0.0022861827 0.9451169372
-87.0 -483.4 2173.7 0.9390016794 -0.0319878198 0.3424217403 -0.0581753179 0.9665427208 0.2498215139 -0.3389564753 -0.2545033097 0.9057243466
139.2 -78.8 2163.5 0.9991003871 0.0415928848 0.0082719745 -0.0406472385 0.9948503971 -0.0928467959 -0.0120911431 0.0924270377 0.9956460595
122.6 -474.4 2126.7 0.9880602360 -0.1522883028 0.0233497974 0.1391363591 0.9470818639 0.2892698050 -0.0661665797 -0.2825672030 0.9569627643
-52.4 456.5 2022.6 0 0 0 0 0 0 0 0 0
122.1 525.3 2023.1 0 0 0 0 0 0 0 0 0
-74.7 -852.8 2270.9 0 0 0 0 0 0 0 0 0
180.8 -836.4 2234.7 0 0 0 0 0 0 0 0 0
-1.8 484.2 2162.3  0.9863644838 -0.1610642076 0.0338152871 0.1609014720 0.9869419932 0.0074978499 -0.0345813595 -0.0019546833 0.9993999600
26.2 312.9 2162.6 0.9863644838 -0.1610642076 0.0338152871 0.1609014720 0.9869419932 0.0074978499 -0.0345813595 -0.0019546833 0.9993999600
38.1 114.5 2164.8 0.9976424575 -0.0600403026 0.0332374983 0.0596475601 0.9981389046 0.0126852514 -0.0339372642 -0.0106728096 0.9993669987
-114.2 304.5 2167.4 0.5046703219 -0.7392144203 -0.4459483624 0.1813371330 0.5957986116 -0.7823942900 0.8440525532 0.3139841855 0.4347288907
-236.9 260.4 1962.2 -0.6682408452 -0.7392144203 -0.0837629735 -0.7068687081 0.5957986116 0.3812618852 -0.2319284081 0.3139841855 -0.9206644893
166.6 321.3 2157.9 0.8485770822 0.2016453743 0.4891380966 0.3258243203 0.5292281508 -0.7834258676 -0.4168398380 0.8241703510 0.3833898902
358.0 394.8 2063.8 -0.8640531898 0.2016453743 0.4612496197 0.4923774004 0.5292281508 0.6910007596 -0.1047691628 0.8241703510 -0.5565668941
-43.2 -88.2 2171.2 0.9405101538 0.1186284721 0.3183832467 -0.1122494191 0.9929386377 -0.0383785218 -0.3206878006 0.0003570574 0.9471848607
-90.4 -483.0 2171.1 0.9396970868 -0.0400862843 0.3396505713 -0.0626082122 0.9561629891 0.2860639393 -0.3362285197 -0.2900783718 0.8959938288
139.9 -78.3 2163.9 0.9990831017 0.0427503809 0.0023047067 -0.0423243940 0.9943667054 -0.0971779525 -0.0064461185 0.0969913080 0.9952643514
122.9 -473.7 2125.3 0.9876587391 -0.1555132270 0.0185978394 0.1432986856 0.9451768994 0.2934384942 -0.0632118136 -0.2871520519 0.9557970166
-55.9 451.8 2025.0 0 0 0 0 0 0 0 0 0
119.5 530.7 2034.9 0 0 0 0 0 0 0 0 0
-75.1 -848.3 2281.9 0 0 0 0 0 0 0 0 0
182.3 -835.0 2235.1 0 0 0 0 0 0 0 0 0
-2.3 479.4 2162.5  0.9858359694 -0.1651414782 0.0292532220 0.1652385890 0.9862532020 -0.0009171330 -0.0286996271 0.0057379040 0.9995716214
25.7 312.4 2161.6 0.9858359694 -0.1651414782 0.0292532220 0.1652385890 0.9862532020 -0.0009171330 -0.0286996271 0.0057379040 0.9995716214
38.6 114.0 2164.0 0.9974917173 -0.0652098730 0.0275307540 0.0648457482 0.9977982044 0.0139187546 -0.0283777770 -0.0120985899 0.9995240569
-114.7 303.2 2165.6 0.4982520044 -0.7430782914 -0.4467433393 0.1600624174 0.5852314830 -0.7949113846 0.8521296382 0.3245593905 0.4105316699
-233.2 265.2 1962.9 -0.6632888913 -0.7430782914 -0.0887836814 -0.7084352374 0.5852314830 0.3944916129 -0.2411791384 0.3245593905 -0.9146003723
166.1 321.5 2157.6 0.8391447067 0.2107292712 0.5014272928 0.3422389030 0.5119529963 -0.7878938317 -0.4227394760 0.8327648640 0.3574828804
357.2 399.4 2061.3 -0.8721534610 0.2107292712 0.4415217936 0.4832336605 0.5119529963 0.7102037668 -0.0763776824 0.8327648640 -0.5483330488
-41.5 -89.4 2170.0 0.9415745139 0.1189018115 0.3151187599 -0.1188160107 0.9927237034 -0.0195561703 -0.3151511252 -0.0190275628 0.9488507509
-88.7 -484.1 2177.6 0.9414409399 -0.0318830460 0.3356671035 -0.0579376444 0.9654157758 0.2541961074 -0.3321628273 -0.2587583959 0.9070346951
141.6 -78.5 2163.8 0.9989269972 0.0462209769 -0.0029041842 -0.0462820753 0.9940554500 -0.0985483825 -0.0016680823 0.0985770524 0.9951280355
123.2 -473.7 2124.6 0.9882531762 -0.1520568430 0.0153084584 0.1407799274 0.9447606206 0.2959871292 -0.0594696961 -0.2903550863 0.9550692439
-53.6 457.0 2028.2 0 0 0 0 0 0 0 0 0
116.1 533.0 2040.2 0 0 0 0 0 0 0 0 0
-76.6 -852.8 2276.4 0 0 0 0 0 0 0 0 0
181.4 -834.9 2235.6 0 0 0 0 0 0 0 0 0
3.1 494.3 2158.4  0.9926905036 -0.1176892295 0.0267365184 0.1174044982 0.9930118322 0.0119862165 -0.0279603284 -0.0087596150 0.9995706677
24.8 311.6 2160.1 0.9926905036 -0.1176892295 0.0267365184 0.1174044982 0.9930118322 0.0119862165 -0.0279603284 -0.0087596150 0.9995706677
38.9 113.4 2163.4 0.9971241355 -0.0711421743 0.0261197761 0.0706724748 0.9973282218 0.0184868742 -0.0273651872 -0.0165877584 0.9994878769
-115.6 301.7 2163.9 0.5036588311 -0.7422084808 -0.4421022236 0.1438172162 0.5766440630 -0.8042376637 0.8518476486 0.3414794803 0.3971742094
-236.0 267.3 1960.2 -0.6641244888 -0.7422084808 -0.0898067579 -0.7011516690 0.5766440630 0.4193661511 -0.2594705820 0.3414794803 -0.9033641219
165.1 321.6 2156.2 0.8336318135 0.2203067392 0.5064809918 0.3630365133 0.4725278020 -0.8030703068 -0.4162481427 0.8533360362 0.3139348030
354.9 404.2 2061.4 -0.8696995378 0.2203067392 0.4416873157 0.4912891090 0.4725278020 0.7316778898 -0.0475159809 0.8533360362 -0.5191915035
-39.9 -90.3 2169.0 0.9409401417 0.1260734349 0.3142246604 -0.1290590614 0.9915716648 -0.0113740340 -0.3130102456 -0.0298512522 0.9492805004
-90.0 -484.5 2180.9 0.9411025643 -0.0359527543 0.3362044096 -0.0512726344 0.9676578641 0.2470008284 -0.3342112005 -0.2496911883 0.9088218808
143.1 -78.4 2163.8 0.9986065030 0.0526390560 -0.0037716071 -0.0527564883 0.9938814640 -0.0970381126 -0.0013594644 0.0971018672 0.9952735305
122.2 -473.6 2125.2 0.9874452353 -0.1569592059 0.0177696012 0.1436775625 0.9391970038 0.3118745685 -0.0656407401 -0.3054059446 0.9499571323
-56.1 457.2 2030.5 0 0 0 0 0 0 0 0 0
114.4 540.1 2048.3 0 0 0 0 0 0 0 0 0
-76.3 -854.3 2276.3 0 0 0 0 0 0 0 0 0
182.2 -832.6 2241.9 0 0 0 0 0 0 0 0 0
7.0 501.9 2154.5  0.9953422546 -0.0950361490 0.0161854830 0.0946396217 0.9952289462 0.0237200446 -0.0183625240 -0.0220777728 0.9995875955
25.2 311.4 2158.7 0.9953422546 -0.0950361490 0.0161854830 0.0946396217 0.9952289462 0.0237200446 -0.0183625240 -0.0220777728 0.9995875955
39.6 113.2 2163.8 0.9972314835 -0.0726325661 0.0159345828 0.0721914768 0.9970332980 0.0267012771 -0.0178266931 -0.0254770126 0.9995164275
-115.2 301.3 2161.3 0.4961461723 -0.7559307218 -0.4270921648 0.1437545419 0.5566381216 -0.8182228804 0.8562555909 0.3445616961 0.3848423362
-232.4 267.3 1958.9 -0.6473105550 -0.7559307218 -0.0977638662 -0.7141466141 0.5566381216 0.4244391918 -0.2664275169 0.3445616961 -0.9001631141
165.5 321.6 2156.2 0.8294345140 0.2331261486 0.5076323152 0.3652683496 0.4611999691 -0.8086245060 -0.4226315320 0.8561230898 0.2973815799
355.6 405.3 2059.4 -0.8731476665 0.2331261486 0.4280949831 0.4868395627 0.4611999691 0.7418098450 -0.0245021321 0.8561230898 -0.5161907077
-38.4 -91.4 2169.2 0.9447346926 0.1255394816 0.3028467298 -0.1264024675 0.9918361902 -0.0168329384 -0.3024875522 -0.0223779138 0.9528905749
