182.4 449.6 2254.6 1 0.9577586055 0.2315928489 -0.1704792529 -0.1431913823 0.8981654048 0.4156863987 0.2493885756 -0.3737160861 0.8933877349
131.3 251.4 2337.1 0.9577586055 0.2315928489 -0.1704792529 -0.1431913823 0.8981654048 0.4156863987 0.2493885756 -0.3737160861 0.8933877349
154.7 54.2 2343.4 0.9737121463 -0.1176779494 -0.1950294971 0.1215988547 0.9925453663 0.0082120094 0.1926092505 -0.0317114964 0.9807630181
-10.9 233.7 2308.9 0.0827713907 -0.7078489661 -0.7014974952 0.9248490334 0.3167656362 -0.2105084956 0.3712185323 -0.6313551664 0.6808725595
-21.9 111.1 2259.7 -0.5277101398 -0.7078489661 0.4695443213 -0.8312931061 0.3167656362 -0.4567398131 0.1745673120 -0.6313551664 -0.7555904388
273.5 269.2 2365.2 0.4895606935 -0.1021809503 0.8659615517 0.7241123319 0.6009204984 -0.3384611011 -0.4857897460 0.7927506566 0.3681775331
436.1 509.6 2203.9 -0.9815181494 -0.1021809503 0.1618061364 0.0687216446 0.6009204984 0.7963491082 -0.1786043346 0.7927506566 -0.5827922821
89.1 -151.3 2336.9 0.8706644177 0.0418474339 -0.4900941253 0.0468920879 0.9847747087 0.1673914641 0.4896371961 -0.1687233299 0.8554459810
72.5 -542.6 2403.9 0.8716132045 0.0587957166 -0.4866553545 -0.1018941030 0.9928270578 -0.0625458360 0.4794871807 0.1041030884 0.8713521361
267.7 -129.8 2372.6 0.9916054010 0.1269380152 -0.0246068705 -0.1257212907 0.9910022616 0.0459204167 0.0302145109 -0.0424413234 0.9986419678
217.3 -523.6 2389.5 0.9927949905 -0.1118361428 -0.0430210046 0.1070753336 0.9891656041 -0.1004303098 0.0537866391 0.0951002240 0.9940135479
115.1 326.9 2214.4 0 0 0 0 0 0 0 0 0
181.1 527.5 2157.5 0 0 0 0 0 0 0 0 0
54.8 -841.8 2372.5 0 0 0 0 0 0 0 0 0
251.6 -827.1 2360.3 0 0 0 0 0 0 0 0 0
181.4 450.9 2254.2 2 0.9584563375 0.2267347723 -0.1730688661 -0.1377029717 0.8991643190 0.4153811038 0.2497986853 -0.3742925227 0.8930317760
131.4 252.5 2336.8 0.9584563375 0.2267347723 -0.1730688661 -0.1377029717 0.8991643190 0.4153811038 0.2497986853 -0.3742925227 0.8930317760
153.8 55.2 2343.8 0.9738308787 -0.1127675325 -0.1973244548 0.1175540686 0.9929856062 0.0126758153 0.1945109218 -0.0355403945 0.9802562594
-10.9 235.3 2308.4 0.0556916185 -0.7147602439 -0.6971486211 0.9324973822 0.2867911458 -0.2195437551 0.3568572104 -0.6378625035 0.6824839711
-18.6 106.2 2258.9 -0.5031786561 -0.7147602439 0.4857252538 -0.8443180919 0.2867911458 -0.4526343048 0.1842233092 -0.6378625035 -0.7477921844
273.6 269.7 2365.2 0.4832539856 -0.0906420052 0.8707752824 0.7208716869 0.6056070924 -0.3370223045 -0.4967993200 0.7905846238 0.3580033183
434.4 509.6 2199.9 -0.9845355749 -0.0906420052 0.1499122828 0.0650079027 0.6056070924 0.7931040525 -0.1626764834 0.7905846238 -0.5903493166
88.8 -154.2 2332.0 0.8701917529 0.0424270220 -0.4908831716 0.0549357049 0.9817191958 0.1822348386 0.4896411002 -0.1855462641 0.8519531488
71.9 -544.2 2405.7 0.8724495173 0.0547395721 -0.4856289029 -0.1024826542 0.9921049476 -0.0722847059 0.4778380096 0.1128332913 0.8711713552
267.4 -131.9 2367.3 0.9916883707 0.1259772480 -0.0261521675 -0.1244245917 0.9907413721 0.0543147475 0.0327524543 -0.0506093316 0.9981813431
217.3 -525.6 2387.4 0.9926553369 -0.1123464257 -0.0448739752 0.1076597497 0.9895514250 -0.0959027112 0.0551794358 0.0903672203 0.9943786860
111.6 324.6 2211.3 0 0 0 0 0 0 0 0 0
178.7 526.5 2157.6 0 0 0 0 0 0 0 0 0
55.6 -839.5 2372.1 0 0 0 0 0 0 0 0 0
251.4 -826.3 2360.0 0 0 0 0 0 0 0 0 0
178.5 448.8 2247.0 3 0.9556002617 0.2192397267 -0.1968809962 -0.1138007790 0.8908972144 0.4397175014 0.2718043029 -0.3977889419 0.8762912750
130.1 252.2 2334.8 0.9556002617 0.2192397267 -0.1968809962 -0.1138007790 0.8908972144 0.4397175014 0.2718043029 -0.3977889419 0.8762912750
154.5 55.3 2344.2 0.9680781364 -0.1230653524 -0.2183568031 0.1303959340 0.9912716150 0.0194280799 0.2140599787 -0.0472807363 0.9756755829
-11.3 233.2 2303.5 0.0639416650 -0.6918985248 -0.7191577554 0.9319046140 0.2992075980 -0.2050089240 0.3570228219 -0.6570777893 0.6639152169
-19.8 108.7 2255.8 -0.5158305168 -0.6918985248 0.5051685572 -0.8416320682 0.2992075980 -0.4495889843 0.1599196941 -0.6570777893 -0.7366644144
271.5 271.3 2366.0 0.4856607616 -0.0855422094 0.8699518442 0.7141904831 0.6126797199 -0.3384605050 -0.5040491819 0.7856882811 0.3586479127
433.6 509.6 2197.8 -0.9857982993 -0.0855422094 0.1445137858 0.0623332523 0.6126797199 0.7878693938 -0.1559367478 0.7856882811 -0.5986464620
86.9 -152.9 2333.1 0.8586938977 0.0356424600 -0.5112478733 0.0646859109 0.9820625186 0.1771127582 0.5083900690 -0.1851561815 0.8409855366
72.7 -543.1 2406.6 0.8616655469 0.0588903278 -0.5040480494 -0.1102741659 0.9912386537 -0.0727015659 0.4953504801 0.1182279140 0.8606103063
265.5 -131.3 2368.7 0.9915616512 0.1203862354 -0.0480900928 -0.1172686443 0.9910930395 0.0631080195 0.0552590936 -0.0569360293 0.9968473911
217.6 -525.2 2391.4 0.9915982485 -0.1095698997 -0.0687561184 0.1012717858 0.9882638454 -0.1143615097 0.0804797709 0.1064376161 0.9910570383
113.9 326.9 2214.4 0 0 0 0 0 0 0 0 0
177.4 525.8 2157.3 0 0 0 0 0 0 0 0 0
55.0 -841.0 2371.1 0 0 0 0 0 0 0 0 0
251.0 -826.1 2359.0 0 0 0 0 0 0 0 0 0
177.3 446.7 2237.4 4 0.9621394277 0.2077234387 -0.1764615178 -0.0978117809 0.8674489260 0.4878168106 0.2544023395 -0.4520877898 0.8549246192
131.1 253.8 2337.9 0.9621394277 0.2077234387 -0.1764615178 -0.0978117809 0.8674489260 0.4878168106 0.2544023395 -0.4520877898 0.8549246192
155.1 56.7 2346.0 0.9726208448 -0.1208460182 -0.1985066831 0.1265036464 0.9918367267 0.0160224400 0.1949499846 -0.0406955779 0.9799685478
-11.0 235.3 2309.4 0.0873456672 -0.6971521378 -0.7115824819 0.9279422760 0.3167604208 -0.1964332461 0.3623450100 -0.6431498528 0.6745845675
-22.4 113.8 2262.0 -0.5248672962 -0.6971521378 0.4883576334 -0.8365979791 0.3167604208 -0.4469526410 0.1569016278 -0.6431498528 -0.7494932413
273.1 272.3 2366.3 0.4976792336 -0.0800794810 0.8636565804 0.7058584690 0.6160558462 -0.3496270180 -0.5040627122 0.7836213708 0.3631229997
438.5 506.8 2198.9 -0.9843738079 -0.0800794810 0.1568295360 0.0748121813 0.6160558462 0.7841417789 -0.1594094187 0.7836213708 -0.6004382968
90.2 -153.6 2334.0 0.8685948849 0.0447633825 -0.4934968948 0.0497589596 0.9829982519 0.1767441779 0.4930182695 -0.1780749708 0.8515998721
72.4 -544.3 2404.7 0.8698235750 0.0580504276 -0.4899358153 -0.1016043127 0.9928439856 -0.0627486408 0.4827872217 0.1043598428 0.8694972992
267.7 -129.7 2373.2 0.9913961887 0.1274703145 -0.0297466796 -0.1261423975 0.9910833836 0.0429163128 0.0349519961 -0.0387947522 0.9986357093
217.1 -523.5 2388.6 0.9925507903 -0.1115808114 -0.0489144698 0.1057215035 0.9883654118 -0.1093470529 0.0605464019 0.1033611968 0.9927994013
113.8 330.9 2221.2 0 0 0 0 0 0 0 0 0
182.7 526.3 2157.4 0 0 0 0 0 0 0 0 0
54.8 -845.0 2373.1 0 0 0 0 0 0 0 0 0
251.1 -825.2 2357.1 0 0 0 0 0 0 0 0 0
177.7 448.7 2238.1 5 0.9680858850 0.2008164823 -0.1499414891 -0.1064370275 0.8710911870 0.4794489443 0.2268939614 -0.4481884241 0.8646653891
132.4 252.1 2339.2 0.9680858850 0.2008164823 -0.1499414891 -0.1064370275 0.8710911870 0.4794489443 0.2268939614 -0.4481884241 0.8646653891
155.0 54.7 2344.7 0.9784861803 -0.1140613705 -0.1719151884 0.1170437485 0.9931001067 0.0072787665 0.1698987633 -0.0272437707 0.9850848913
-10.5 234.9 2314.4 0.1113100126 -0.7083037496 -0.6970766783 0.9221195579 0.3351537883 -0.1933066547 0.3705477118 -0.6212710738 0.6904467344
-24.9 115.3 2266.4 -0.5319128633 -0.7083037496 0.4640846252 -0.8320061564 0.3351537883 -0.4420833290 0.1575895548 -0.6212710738 -0.7675856948
275.3 269.2 2364.0 0.4815891981 -0.0703091174 0.8735722303 0.7185572982 0.6023398638 -0.3476523459 -0.5017442703 0.7951372862 0.3406015038
435.3 507.9 2197.3 -0.9855144620 -0.0703091174 0.1543302685 0.0813795179 0.6023398638 0.7940806746 -0.1487903744 0.7951372862 -0.5878929496
89.9 -152.0 2336.2 0.8821588755 0.0438516289 -0.4689058661 0.0430954918 0.9839617610 0.1730953008 0.4689759612 -0.1729052812 0.8661208153
72.5 -543.0 2404.9 0.8829416037 0.0600128211 -0.4656314254 -0.1040598974 0.9921433330 -0.0694486871 0.4578053057 0.1097726896 0.8822495341
268.2 -128.8 2371.9 0.9916060567 0.1292813867 -0.0019463125 -0.1291223466 0.9909417629 0.0369028561 0.0066995346 -0.0363417827 0.9993169904
216.9 -522.5 2386.4 0.9936454296 -0.1108841226 -0.0193259120 0.1085247695 0.9893712401 -0.0967831239 0.0298522133 0.0940707698 0.9951178432
113.2 331.4 2225.4 0 0 0 0 0 0 0 0 0
179.2 529.0 2158.7 0 0 0 0 0 0 0 0 0
54.4 -841.2 2371.9 0 0 0 0 0 0 0 0 0
250.6 -823.9 2357.7 0 0 0 0 0 0 0 0 0
178.5 449.4 2239.4 6 0.9677163363 0.1997017860 -0.1537669450 -0.1065761745 0.8770824075 0.4683673382 0.2284000814 -0.4368588328 0.8700504303
133.3 250.8 2338.3 0.9677163363 0.1997017860 -0.1537669450 -0.1065761745 0.8770824075 0.4683673382 0.2284000814 -0.4368588328 0.8700504303
154.5 53.4 2345.2 0.9785198569 -0.1069643199 -0.1762313098 0.1113581657 0.9936640263 0.0152049297 0.1734883338 -0.0345031209 0.9842313528
-9.7 234.5 2313.0 0.1196454838 -0.7016264200 -0.7024281621 0.9229454994 0.3393287957 -0.1817350090 0.3658641875 -0.6265591383 0.6881620884
-25.1 115.4 2265.7 -0.5407999158 -0.7016264200 0.4639567137 -0.8261458278 0.3393287957 -0.4498211145 0.1581724882 -0.6265591383 -0.7631547451
276.2 267.1 2363.6 0.4514668286 -0.0524650365 0.8907441497 0.7308305502 0.5944682956 -0.3354015052 -0.5119222999 0.8024056554 0.3067257702
423.7 505.9 2196.4 -0.9849898815 -0.0524650365 0.1644456387 0.1015108749 0.5944682956 0.7976860404 -0.1396083385 0.8024056554 -0.5802195072
87.9 -153.3 2334.5 0.8806729317 0.0404976681 -0.4719905555 0.0470491759 0.9839358330 0.1722111553 0.4713825583 -0.1738684773 0.8646202683
71.8 -544.4 2403.6 0.8821259141 0.0553094223 -0.4677550495 -0.0999325067 0.9924500585 -0.0711081848 0.4602905512 0.1094703004 0.8809931278
267.3 -131.8 2365.7 0.9918181896 0.1275763810 -0.0045737978 -0.1271309108 0.9903397560 0.0553611405 0.0115923872 -0.0543267168 0.9984559417
216.6 -525.3 2387.3 0.9928864837 -0.1165552214 -0.0243176837 0.1136246473 0.9885783792 -0.0990060866 0.0355796143 0.0955387130 0.9947896600
115.4 330.0 2224.7 0 0 0 0 0 0 0 0 0
167.8 532.3 2160.1 0 0 0 0 0 0 0 0 0
55.4 -840.4 2371.0 0 0 0 0 0 0 0 0 0
252.3 -827.6 2358.0 0 0 0 0 0 0 0 0 0
176.8 449.2 2241.6 7 0.9724171758 0.1923871040 -0.1318787336 -0.1126639768 0.8824844956 0.4566486180 0.2042342424 -0.4291949868 0.8798182011
133.3 249.5 2338.7 0.9724171758 0.1923871040 -0.1318787336 -0.1126639768 0.8824844956 0.4566486180 0.2042342424 -0.4291949868 0.8798182011
154.6 52.0 2340.4 0.9823479652 -0.1079234555 -0.1527905762 0.1079774648 0.9941214323 -0.0079689110 0.1527524143 -0.0086696949 0.9882264733
-10.2 233.7 2316.4 0.1301834583 -0.7154752016 -0.6864019036 0.9138295054 0.3551716805 -0.1968978196 0.3846659958 -0.6016214490 0.7000597715
-27.0 116.0 2266.9 -0.5380841494 -0.7154752016 0.4456015527 -0.8293862343 0.3551716805 -0.4312441647 0.1502794325 -0.6016214490 -0.7845175266
276.7 265.3 2361.0 0.4363885820 -0.0574549399 0.8979220390 0.7407072186 0.5894908309 -0.3222629428 -0.5108011961 0.8057291508 0.2998043597
417.9 505.0 2195.7 -0.9833649993 -0.0574549399 0.1723141968 0.1058823466 0.5894908309 0.8008055091 -0.1475878656 0.8057291508 -0.5736011863
86.0 -154.3 2336.1 0.8920857310 0.0344345979 -0.4505521953 0.0496393144 0.9835894108 0.1734583378 0.4491313398 -0.1771048158 0.8757367730
72.3 -545.2 2406.5 0.8939239383 0.0573217459 -0.4445381761 -0.1042698026 0.9911737442 -0.0818680376 0.4359217584 0.1195357069 0.8920108676
265.4 -133.8 2368.0 0.9922501445 0.1223517060 0.0216719117 -0.1233349591 0.9909967780 0.0520947650 -0.0151029117 -0.0543639436 0.9984069467
216.8 -527.7 2389.6 0.9927695394 -0.1200012416 0.0028938740 0.1197004840 0.9879041314 -0.0985758081 0.0089703491 0.0982094556 0.9951253533
112.8 331.5 2227.8 0 0 0 0 0 0 0 0 0
162.4 532.5 2157.4 0 0 0 0 0 0 0 0 0
55.3 -839.9 2371.0 0 0 0 0 0 0 0 0 0
253.2 -827.5 2359.7 0 0 0 0 0 0 0 0 0
174.9 449.5 2240.7 8 0.9752972722 0.1876709610 -0.1165111363 -0.1138276681 0.8790045977 0.4630272388 0.1893105805 -0.4383269846 0.8786529303
132.8 252.2 2339.1 0.9752972722 0.1876709610 -0.1165111363 -0.1138276681 0.8790045977 0.4630272388 0.1893105805 -0.4383269846 0.8786529303
152.6 54.5 2342.3 0.9853885770 -0.0995821878 -0.1381765604 0.1008435786 0.9948999882 0.0021406924 0.1372586787 -0.0160436314 0.9904053211
-11.1 237.4 2319.0 0.1443618089 -0.7209669352 -0.6777656674 0.9158390760 0.3567118943 -0.1843783259 0.3746977746 -0.5941071510 0.7117853165
-29.7 119.6 2270.8 -0.5433207154 -0.7209669352 0.4301270545 -0.8231276870 0.3567118943 -0.4418341517 0.1651163697 -0.5941071510 -0.7872568369
276.7 266.9 2359.1 0.4529932141 -0.1024392694 0.8856090307 0.7463417053 0.5869073272 -0.3138691485 -0.4876179099 0.8031475544 0.3423197269
412.5 490.7 2212.9 -0.9648130536 -0.1024392694 0.2421610206 0.1379316151 0.5869073272 0.7978186607 -0.2238540351 0.8031475544 -0.5521262288
85.9 -155.4 2328.1 0.8992534280 0.0352944396 -0.4360018671 0.0514784306 0.9812743664 0.1856085807 0.4343884289 -0.1893538386 0.8805974126
71.9 -545.4 2403.4 0.9010387063 0.0528534167 -0.4305063784 -0.0925628692 0.9931142330 -0.0718067139 0.4237467945 0.1045495346 0.8997266293
266.1 -135.5 2356.1 0.9915819168 0.1236702725 0.0383536778 -0.1261804998 0.9893944860 0.0719515979 -0.0290486440 -0.0761853904 0.9966704249
216.9 -528.6 2386.4 0.9926791191 -0.1193464324 0.0185636599 0.1204891652 0.9891975522 -0.0834900141 -0.0083988914 0.0851155147 0.9963356853
111.5 333.5 2227.9 0 0 0 0 0 0 0 0 0
167.6 525.7 2156.1 0 0 0 0 0 0 0 0 0
56.2 -840.3 2372.3 0 0 0 0 0 0 0 0 0
252.8 -826.1 2360.8 0 0 0 0 0 0 0 0 0
174.4 447.5 2235.7 9 0.9705438018 0.1741983294 -0.1664322019 -0.0756698027 0.8762521148 0.4758742452 0.2287330776 -0.4492628872 0.8636226058
135.6 252.3 2335.8 0.9705438018 0.1741983294 -0.1664322019 -0.0756698027 0.8762521148 0.4758742452 0.2287330776 -0.4492628872 0.8636226058
155.3 54.6 2340.5 0.9776540399 -0.0993150175 -0.1852812767 0.1019853354 0.9947737455 0.0049135820 0.1838249564 -0.0236997548 0.9826732278
-7.0 237.4 2309.0 0.1261025071 -0.6919534802 -0.7108435035 0.9170530438 0.3545706868 -0.1824645549 0.3783012629 -0.6288719773 0.6792703271
-23.2 119.5 2260.3 -0.5499475598 -0.6919534802 0.4677157700 -0.8232170343 0.3545706868 -0.4433884621 0.1409658939 -0.6288719773 -0.7646232247
278.3 267.2 2362.6 0.4504725933 -0.0853899941 0.8886973262 0.7375713587 0.5964733958 -0.3165563941 -0.5030536056 0.7980777025 0.3316761553
414.6 490.4 2210.4 -0.9648102522 -0.0853899941 0.2486961484 0.1504351944 0.5964733958 0.7884089947 -0.2156628817 0.7980777025 -0.5626379848
82.0 -152.4 2332.9 0.8779307008 0.0239565764 -0.4781880379 0.0668289959 0.9828391075 0.1719337851 0.4741008282 -0.1829027683 0.8612635732
72.5 -542.9 2405.6 0.8809573054 0.0541803427 -0.4700837135 -0.0971619412 0.9929674864 -0.0676394403 0.4631131291 0.1052617058 0.8800262809
262.7 -133.9 2358.0 0.9934451580 0.1139290482 -0.0093195168 -0.1129245833 0.9907941222 0.0746660754 0.0177403577 -0.0731242523 0.9971650243
217.4 -527.6 2387.1 0.9929123521 -0.1155412644 -0.0278428979 0.1126827225 0.9896797538 -0.0885244608 0.0377837792 0.0847596154 0.9956848025
119.6 333.3 2223.7 0 0 0 0 0 0 0 0 0
166.8 529.0 2155.0 0 0 0 0 0 0 0 0 0
56.2 -841.4 2373.9 0 0 0 0 0 0 0 0 0
252.0 -824.3 2361.7 0 0 0 0 0 0 0 0 0
174.8 447.7 2233.2 0 0.9630219936 0.1854137331 -0.1954746544 -0.0678284913 0.8690112233 0.4901212454 0.2607448697 -0.4587387741 0.8494532704
133.5 254.0 2335.5 0.9630219936 0.1854137331 -0.1954746544 -0.0678284913 0.8690112233 0.4901212454 0.2607448697 -0.4587387741 0.8494532704
157.7 57.1 2346.0 0.9697443843 -0.1224203259 -0.2112085521 0.1306742430 0.9910968542 0.0255208276 0.2062038630 -0.0523481965 0.9771077633
-8.0 234.8 2305.5 0.0945531949 -0.6833716631 -0.7239218354 0.9292116165 0.3215346038 -0.1821573973 0.3572471440 -0.6554530263 0.6653990149
-20.2 115.5 2259.6 -0.5340706110 -0.6833716631 0.4977667034 -0.8322892189 0.3215346038 -0.4515641332 0.1485369205 -0.6554530263 -0.7404850721
274.9 273.1 2365.6 0.4739900529 -0.0969356671 0.8751782179 0.7242845297 0.6081503630 -0.3249077797 -0.5007448196 0.7878810763 0.3584662378
412.8 483.7 2220.0 -0.9561734796 -0.0969356671 0.2762891948 0.1628453881 0.6081503630 0.7769392133 -0.2433384955 0.7878810763 -0.5657117367
85.5 -152.4 2328.4 0.8627529740 0.0301890839 -0.5047236681 0.0721473992 0.9806515574 0.1819814891 0.5004518628 -0.1934195608 0.8438819647
73.5 -542.1 2405.2 0.8656146526 0.0601560250 -0.4970840216 -0.1035276577 0.9928070903 -0.0601341501 0.4898911119 0.1035149470 0.8656161427
264.6 -133.6 2362.1 0.9920704365 0.1188018024 -0.0410166010 -0.1159509569 0.9910582900 0.0660217479 0.0484933443 -0.0607423075 0.9969748259
217.4 -527.5 2386.2 0.9915327430 -0.1153106093 -0.0597184300 0.1093202010 0.9894197583 -0.0953815654 0.0700851008 0.0880455151 0.9936478734
118.6 331.7 2221.0 0 0 0 0 0 0 0 0 0
171.2 524.8 2158.5 0 0 0 0 0 0 0 0 0
55.4 -841.0 2374.1 0 0 0 0 0 0 0 0 0
251.9 -823.7 2359.8 0 0 0 0 0 0 0 0 0
174.4 450.4 2230.5 1 0.9681659341 0.1704439819 -0.1833128929 -0.0594075583 0.8678860664 0.4931982160 0.2431573719 -0.4666075408 0.8503834009
135.4 251.5 2337.4 0.9681659341 0.1704439819 -0.1833128929 -0.0594075583 0.8678860664 0.4931982160 0.2431573719 -0.4666075408 0.8503834009
161.4 54.8 2347.5 0.9723561406 -0.1310744286 -0.1932434589 0.1383417249 0.9900803566 0.0245452505 0.1881092936 -0.0506003574 0.9808437824
-6.6 231.3 2310.0 0.0939263999 -0.6977806687 -0.7101266980 0.9300525188 0.3159935772 -0.1874844581 0.3552185297 -0.6428453922 0.6786528230
-18.6 111.8 2264.4 -0.5248142481 -0.6977806687 0.4875162840 -0.8363171220 0.3159935772 -0.4480197728 0.1585675180 -0.6428453922 -0.7494038939
277.3 271.7 2364.9 0.4606551528 -0.0812843740 0.8838493824 0.7288844585 0.6028792858 -0.3244441152 -0.5064822435 0.7936809063 0.3369663656
414.1 488.2 2214.4 -0.9591318965 -0.0812843740 0.2710329294 0.1692298651 0.6028792858 0.7796779871 -0.2267757952 0.7936809063 -0.5644850135
93.1 -151.7 2337.6 0.8699972034 0.0481248572 -0.4907023907 0.0410679728 0.9846940637 0.1693843007 0.4913433492 -0.1675160229 0.8547046781
74.0 -542.8 2404.1 0.8701139092 0.0621274002 -0.4889191389 -0.1029184237 0.9930568933 -0.0569720231 0.4819850028 0.0998909399 0.8704667091
270.7 -127.7 2375.3 0.9902703166 0.1366883069 -0.0260954425 -0.1355353892 0.9898917079 0.0417677350 0.0315408222 -0.0378244929 0.9987865090
216.4 -520.9 2390.3 0.9919428229 -0.1178882867 -0.0463878177 0.1123538092 0.9878011346 -0.1078219190 0.0585328788 0.1017413288 0.9930874109
117.7 329.0 2223.2 0 0 0 0 0 0 0 0 0
168.4 531.6 2156.3 0 0 0 0 0 0 0 0 0
55.3 -840.8 2374.1 0 0 0 0 0 0 0 0 0
252.4 -822.5 2359.2 0 0 0 0 0 0 0 0 0
174.1 452.7 2235.1 2 0.9680769444 0.1863635033 -0.1676175296 -0.0853677243 0.8738858104 0.4785769880 0.2356678545 -0.4489902258 0.8618981838
131.4 252.8 2337.9 0.9680769444 0.1863635033 -0.1676175296 -0.0853677243 0.8738858104 0.4785769880 0.2356678545 -0.4489902258 0.8618981838
158.3 56.1 2345.1 0.9742248058 -0.1354777813 -0.1803657413 0.1398335695 0.9901071191 0.0115976194 0.1770101786 -0.0365198739 0.9835312366
-10.8 232.3 2312.0 0.0951899961 -0.7073175907 -0.7004574537 0.9258721471 0.3213725090 -0.1986968219 0.3656495512 -0.6296201348 0.6854771376
-23.0 113.4 2265.1 -0.5196319222 -0.7073175907 0.4792540669 -0.8402347565 0.3213725090 -0.4367210865 0.1548814327 -0.6296201348 -0.7613082528
273.7 273.2 2363.7 0.4796485901 -0.0798886120 0.8738163710 0.7245355844 0.5977984071 -0.3430528641 -0.4949600101 0.7976558805 0.3446153104
412.9 483.6 2220.0 -0.9527332187 -0.0798886120 0.2931164205 0.1895156205 0.5977984071 0.7789229155 -0.2374515980 0.7976558805 -0.5544022322
98.2 -154.5 2340.3 0.8756779432 0.0601014048 -0.4791408181 0.0274104755 0.9844383597 0.1735792011 0.4821169674 -0.1651329547 0.8604035974
74.4 -545.7 2405.9 0.8751500249 0.0627376437 -0.4797670841 -0.1062617451 0.9922714233 -0.0640773326 0.4720391035 0.1070581675 0.8750529289
276.5 -129.1 2374.8 0.9881837368 0.1527334899 -0.0128588872 -0.1522845775 0.9878609180 0.0306634866 0.0173861329 -0.0283429492 0.9994470477
215.8 -521.6 2386.0 0.9920158982 -0.1219721660 -0.0320514590 0.1184854582 0.9884598851 -0.0943837315 0.0431937687 0.0898325294 0.9950197935
112.0 331.7 2224.8 0 0 0 0 0 0 0 0 0
179.9 529.9 2161.9 0 0 0 0 0 0 0 0 0
55.7 -840.2 2374.2 0 0 0 0 0 0 0 0 0
253.2 -824.7 2358.5 0 0 0 0 0 0 0 0 0
173.7 453.0 2237.9 3 0.9670283794 0.1909383833 -0.1685191244 -0.0921944380 0.8793092966 0.4672423005 0.2373949140 -0.4363000393 0.8679204583
130.1 252.2 2337.6 0.9670283794 0.1909383833 -0.1685191244 -0.0921944380 0.8793092966 0.4672423005 0.2373949140 -0.4363000393 0.8679204583
157.0 55.5 2345.9 0.9739236236 -0.1356760412 -0.1818373352 0.1410280764 0.9898635149 0.0167722292 0.1777185500 -0.0419790372 0.9831855893
-12.2 231.6 2311.6 0.0943784714 -0.7064359188 -0.7014563680 0.9278006554 0.3178746104 -0.1952988952 0.3609413207 -0.6323796511 0.6854322553
-24.3 112.3 2265.3 -0.5196866393 -0.7064359188 0.4804935753 -0.8395161629 0.3178746104 -0.4406453967 0.1585510224 -0.6323796511 -0.7582595348
272.3 272.8 2363.5 0.4814440608 -0.0723951831 0.8734818697 0.7228515148 0.5963991284 -0.3489896953 -0.4956786335 0.7994166613 0.3394638002
415.0 487.1 2216.6 -0.9499410391 -0.0723951831 0.3039258420 0.2030123323 0.5963991284 0.7765913606 -0.2374825776 0.7994166613 -0.5518468618
95.9 -153.5 2336.2 0.8751711845 0.0550482832 -0.4806714654 0.0339814126 0.9840584397 0.1745688915 0.4826185107 -0.1691115499 0.8593489528
74.0 -544.5 2403.4 0.8751503229 0.0585521497 -0.4802953005 -0.0988707840 0.9933463335 -0.0590558164 0.4736417532 0.0991698876 0.8751164675
274.5 -127.8 2368.6 0.9888442159 0.1483794004 -0.0130654061 -0.1476707608 0.9880366325 0.0444624126 0.0195064060 -0.0420370176 0.9989256263
215.5 -520.4 2385.3 0.9918814898 -0.1229021698 -0.0326527692 0.1196745858 0.9889823794 -0.0871311501 0.0430016220 0.0825160667 0.9956615567
110.7 330.5 2224.1 0 0 0 0 0 0 0 0 0
175.5 538.3 2156.7 0 0 0 0 0 0 0 0 0
56.5 -842.2 2373.7 0 0 0 0 0 0 0 0 0
253.5 -825.8 2359.8 0 0 0 0 0 0 0 0 0
173.6 452.4 2240.4 4 0.9633879066 0.1918138266 -0.1873265952 -0.0831550062 0.8780007958 0.4713808298 0.2548902631 -0.4385454059 0.8618056178
130.4 254.4 2339.3 0.9633879066 0.1918138266 -0.1873265952 -0.0831550062 0.8780007958 0.4713808298 0.2548902631 -0.4385454059 0.8618056178
159.8 58.2 2350.4 0.9690018296 -0.1480543017 -0.1977761835 0.1561570317 0.9873917699 0.0259326082 0.1914431453 -0.0560128875 0.9799041152
-11.1 231.6 2311.3 0.0763541684 -0.7003817558 -0.7096728086 0.9331954718 0.3008702397 -0.1965281218 0.3511641324 -0.6472576857 0.6765657663
-20.9 111.7 2266.2 -0.5110431314 -0.7003817558 0.4982974231 -0.8444457650 0.3008702397 -0.4431574047 0.1604564935 -0.6472576857 -0.7451920509
271.9 277.2 2367.2 0.4804124236 -0.0514461063 0.8755325079 0.7189006805 0.5949240923 -0.3595095277 -0.5023800731 0.8021337986 0.3227935731
410.7 484.9 2222.1 -0.9501086473 -0.0514461063 0.3076473176 0.2182724923 0.5949240923 0.7735776901 -0.2228243798 0.8021337986 -0.5540132523
94.7 -154.1 2338.0 0.8662033677 0.0524271391 -0.4969336689 0.0393463075 0.9842368960 0.1724226624 0.4981400967 -0.1689056009 0.8504865170
73.8 -545.2 2405.1 0.8670841455 0.0541405827 -0.4952109456 -0.0994645208 0.9928758740 -0.0656068400 0.4881310165 0.1061425731 0.8662919998
273.3 -128.2 2370.6 0.9889879823 0.1444972903 -0.0319898836 -0.1432027370 0.9888998270 0.0396239944 0.0373603515 -0.0346066132 0.9987024665
215.8 -521.2 2384.3 0.9914594293 -0.1204009280 -0.0501181670 0.1157878190 0.9894965887 -0.0865431279 0.0600116253 0.0800009221 0.9949866533
111.8 331.1 2224.5 0 0 0 0 0 0 0 0 0
174.7 539.1 2166.8 0 0 0 0 0 0 0 0 0
57.7 -841.5 2373.4 0 0 0 0 0 0 0 0 0
252.8 -824.7 2359.8 0 0 0 0 0 0 0 0 0
175.0 451.9 2241.6 5 0.9659783840 0.1934316605 -0.1716681272 -0.0908320025 0.8752387166 0.4750860333 0.2421472818 -0.4433298707 0.8630314469
131.2 254.0 2341.8 0.9659783840 0.1934316605 -0.1716681272 -0.0908320025 0.8752387166 0.4750860333 0.2421472818 -0.4433298707 0.8630314469
157.8 57.3 2352.1 0.9733741879 -0.1340089142 -0.1859685481 0.1412699521 0.9896217585 0.0262969043 0.1805145144 -0.0518684983 0.9822037220
-10.9 233.3 2315.5 0.0942558199 -0.7033466101 -0.7045703530 0.9310343266 0.3128979802 -0.1878028661 0.3525491655 -0.6382776499 0.6843323112
-23.1 113.7 2270.2 -0.5216075182 -0.7033466101 0.4829379916 -0.8372031450 0.3128979802 -0.4485373497 0.1643669158 -0.6382776499 -0.7520539165
273.4 274.6 2368.2 0.4610652924 -0.0501237512 0.8859494328 0.7268142104 0.5941106081 -0.3446356058 -0.5090775490 0.8028201461 0.3103544414
411.9 492.9 2215.2 -0.9609356523 -0.0501237512 0.2721952498 0.1903864145 0.5941106081 0.7815276980 -0.2008872032 0.8028201461 -0.5613592267
100.3 -152.3 2344.0 0.8716435432 0.0666582510 -0.4855864346 0.0135388300 0.9870566130 0.1597995609 0.4899532795 -0.1458625346 0.8594591022
73.8 -544.4 2402.0 0.8706516623 0.0567950010 -0.4886102974 -0.0956558213 0.9938982725 -0.0549199395 0.4825097620 0.0945545584 0.8707719445
278.0 -123.6 2379.1 0.9872573018 0.1575694531 -0.0222467948 -0.1570831239 0.9873370528 0.0221467800 0.0254547391 -0.0183699746 0.9995071888
215.4 -515.9 2386.4 0.9921021461 -0.1189582199 -0.0397781022 0.1150752231 0.9893864989 -0.0887243375 0.0499104075 0.0834461302 0.9952616096
112.5 331.2 2227.5 0 0 0 0 0 0 0 0 0
167.8 541.3 2164.2 0 0 0 0 0 0 0 0 0
56.9 -840.3 2373.8 0 0 0 0 0 0 0 0 0
252.7 -826.0 2360.2 0 0 0 0 0 0 0 0 0
174.2 451.0 2242.2 6 0.9683391452 0.1835033149 -0.1692509055 -0.0876210183 0.8846870065 0.4578771591 0.2337560505 -0.4285504520 0.8727557659
132.8 251.5 2338.8 0.9683391452 0.1835033149 -0.1692509055 -0.0876210183 0.8846870065 0.4578771591 0.2337560505 -0.4285504520 0.8727557659
158.0 54.6 2347.5 0.9749926925 -0.1268521994 -0.1824768186 0.1326697022 0.9909588099 0.0199843105 0.1782919616 -0.0436936989 0.9830070138
-9.6 232.1 2312.8 0.1023086235 -0.7031055689 -0.7036870718 0.9275085330 0.3230967224 -0.1879798174 0.3595286310 -0.6334438324 0.6851919889
-22.8 113.0 2266.6 -0.5272689462 -0.7031055689 0.4771058857 -0.8345817327 0.3230967224 -0.4461859465 0.1595644653 -0.6334438324 -0.7571579218
275.2 270.9 2364.8 0.4734756351 -0.1004490778 0.8750604391 0.7413129807 0.5819768906 -0.3343021572 -0.4756846428 0.8069776297 0.3500160873
413.6 487.6 2225.8 -0.9527409077 -0.1004490778 0.2866961956 0.1774515659 0.5819768906 0.7936081290 -0.2465677559 0.8069776297 -0.5366483927
95.2 -152.2 2345.9 0.8747224212 0.0555584840 -0.4814291000 0.0241789483 0.9871664643 0.1578536481 0.4840207696 -0.1497185677 0.8621532321
73.1 -544.5 2405.4 0.8745037913 0.0554881059 -0.4818342328 -0.0980727896 0.9931432009 -0.0636264160 0.4749999046 0.1028963700 0.8739493489
273.7 -126.3 2379.0 0.9891533256 0.1456968337 -0.0186583959 -0.1454295367 0.9892553687 0.0149673885 0.0206386186 -0.0120915603 0.9997138977
215.8 -519.4 2383.8 0.9925832748 -0.1170640960 -0.0327779166 0.1140792891 0.9901167154 -0.0815768242 0.0420036800 0.0772325099 0.9961279035
114.2 329.8 2225.1 0 0 0 0 0 0 0 0 0
182.1 530.7 2165.9 0 0 0 0 0 0 0 0 0
56.7 -838.0 2375.0 0 0 0 0 0 0 0 0 0
252.0 -825.6 2359.9 0 0 0 0 0 0 0 0 0
173.6 450.4 2240.5 7 0.9717906713 0.1772664189 -0.1555620134 -0.0862701982 0.8810632825 0.4650644660 0.2195002884 -0.4385249317 0.8715018630
133.4 250.7 2339.8 0.9717906713 0.1772664189 -0.1555620134 -0.0862701982 0.8810632825 0.4650644660 0.2195002884 -0.4385249317 0.8715018630
156.4 53.6 2349.4 0.9786246419 -0.1158834770 -0.1698965430 0.1222771257 0.9921113253 0.0276291482 0.1653545201 -0.0478130281 0.9850745201
-9.5 232.9 2315.7 0.1175269634 -0.7072131038 -0.6971635222 0.9282650352 0.3276828229 -0.1759205908 0.3528618515 -0.6264771223 0.6949927807
-24.6 113.6 2270.4 -0.5348280072 -0.7072131038 0.4623944461 -0.8274917603 0.3276828229 -0.4559400976 0.1709281057 -0.6264771223 -0.7604669929
276.4 268.6 2364.0 0.4540202916 -0.0682523623 0.8883733153 0.7457210422 0.5747699738 -0.3369563818 -0.4876122773 0.8154637218 0.3118544519
414.1 494.9 2216.1 -0.9650849104 -0.0682523623 0.2528887093 0.1691498309 0.5747699738 0.8006421328 -0.1999985576 0.8154637218 -0.5431569815
93.8 -154.4 2339.9 0.8821415901 0.0520535931 -0.4680989385 0.0368292481 0.9832068086 0.1787401140 0.4695421159 -0.1749138236 0.8654105067
73.1 -545.0 2409.3 0.8831584454 0.0534979664 -0.4660140276 -0.1003007963 0.9920350313 -0.0761986449 0.4582257867 0.1140370592 0.8814900517
272.6 -130.1 2372.5 0.9898980856 0.1416804940 -0.0053325584 -0.1415072531 0.9896243811 0.0248862952 0.0088031320 -0.0238803010 0.9996760488
216.3 -523.3 2382.0 0.9929376245 -0.1172388494 -0.0181638692 0.1158375666 0.9911393523 -0.0649953634 0.0256229080 0.0624322854 0.9977202415
114.3 328.6 2225.9 0 0 0 0 0 0 0 0 0
171.8 537.3 2165.8 0 0 0 0 0 0 0 0 0
57.2 -839.0 2375.5 0 0 0 0 0 0 0 0 0
252.2 -826.7 2362.9 0 0 0 0 0 0 0 0 0
173.9 453.5 2246.6 8 0.9729452133 0.1802875698 -0.1444784105 -0.0982112214 0.8887788057 0.4476905465 0.2091223896 -0.4213889837 0.8824393153
132.8 250.8 2342.7 0.9729452133 0.1802875698 -0.1444784105 -0.0982112214 0.8887788057 0.4476905465 0.2091223896 -0.4213889837 0.8824393153
154.7 53.5 2350.5 0.9808694124 -0.1104510650 -0.1602990329 0.1153211221 0.9930982590 0.0213738196 0.1568319350 -0.0394507907 0.9868370295
-10.5 234.0 2319.8 0.1264276654 -0.7111946344 -0.6915332675 0.9249317646 0.3364526629 -0.1769204289 0.3584930599 -0.6172534227 0.7003434300
-26.8 115.1 2273.7 -0.5380942822 -0.7111946344 0.4523900151 -0.8255655169 0.3364526629 -0.4530355632 0.1699886322 -0.6172534227 -0.7681810260
276.0 267.7 2365.6 0.4576968551 -0.0900125131 0.8845402002 0.7512431145 0.5712650418 -0.3305905163 -0.4755495787 0.8158149719 0.3290874660
417.8 500.3 2218.3 -0.9658927917 -0.0900125131 0.2427939773 0.1496200413 0.5712650418 0.8070130944 -0.2113409787 0.8158149719 -0.5383130908
89.7 -154.7 2343.7 0.8874860406 0.0396494158 -0.4591257870 0.0423870943 0.9850451946 0.1670009047 0.4588811398 -0.1676719636 0.8725332022
74.0 -546.1 2410.3 0.8887119889 0.0612370744 -0.4543578625 -0.1121193692 0.9899770021 -0.0858762115 0.4445450306 0.1272615343 0.8866702914
269.2 -132.3 2374.1 0.9913645983 0.1310359985 0.0050812610 -0.1311179996 0.9911099672 0.0225626249 -0.0020795725 -0.0230340324 0.9997324944
217.1 -526.1 2383.2 0.9934241772 -0.1142716110 -0.0070979563 0.1135082394 0.9911040664 -0.0694882199 0.0149753438 0.0682255998 0.9975575209
113.1 329.6 2229.6 0 0 0 0 0 0 0 0 0
171.0 538.5 2164.4 0 0 0 0 0 0 0 0 0
55.8 -839.9 2372.6 0 0 0 0 0 0 0 0 0
251.6 -825.1 2362.6 0 0 0 0 0 0 0 0 0
174.9 453.9 2249.7 9 0.9716939330 0.1816749573 -0.1510137320 -0.0945107937 0.8847894073 0.4563062787 0.2165147811 -0.4291176200 0.8769147396
133.6 252.6 2347.3 0.9716939330 0.1816749573 -0.1510137320 -0.0945107937 0.8847894073 0.4563062787 0.2165147811 -0.4291176200 0.8769147396
158.2 55.6 2351.7 0.9784660935 -0.1240236312 -0.1649916470 0.1259558052 0.9920350313 0.0012588016 0.1635213792 -0.0220133495 0.9862941504
-9.3 234.3 2323.4 0.1120087653 -0.7129818201 -0.6921784282 0.9199051261 0.3378255367 -0.1991192251 0.3758039176 -0.6144353747 0.6937150359
-23.7 116.1 2275.1 -0.5273978114 -0.7129818201 0.4620697498 -0.8358325362 0.3378255367 -0.4327329993 0.1524317861 -0.6144353747 -0.7741018534
276.5 271.0 2371.2 0.4538720548 -0.0999671593 0.8854415417 0.7480333447 0.5827047825 -0.3176495433 -0.4841965139 0.8065120578 0.3392522037
412.0 494.3 2226.7 -0.9599162936 -0.0999671593 0.2618535459 0.1568389833 0.5827047825 0.7974061966 -0.2322977483 0.8065120578 -0.5436690450
86.7 -154.4 2344.0 0.8848106265 0.0340600275 -0.4647042453 0.0481672958 0.9852955937 0.1639282107 0.4634544551 -0.1674289703 0.8701594472
73.1 -545.9 2410.6 0.8868486881 0.0576721653 -0.4584466815 -0.1097698510 0.9900719523 -0.0877957121 0.4488318563 0.1281851381 0.8843746781
266.6 -133.3 2372.8 0.9923751950 0.1231903732 0.0039470233 -0.1232530996 0.9917717576 0.0346047394 0.0003484245 -0.0348273702 0.9993932843
217.6 -527.4 2386.6 0.9936158657 -0.1122077480 -0.0117001198 0.1106831878 0.9896450639 -0.0913889110 0.0218335092 0.0895104632 0.9957465529
113.3 333.2 2235.5 0 0 0 0 0 0 0 0 0
170.4 533.7 2168.3 0 0 0 0 0 0 0 0 0
56.0 -840.0 2372.5 0 0 0 0 0 0 0 0 0
251.3 -824.3 2359.8 0 0 0 0 0 0 0 0 0
176.7 456.8 2251.7 0 0.9720233083 0.1956896633 -0.1299086660 -0.1194729283 0.8880971670 0.4438576698 0.2022298723 -0.4159194231 0.8866307735
131.5 251.7 2347.8 0.9720233083 0.1956896633 -0.1299086660 -0.1194729283 0.8880971670 0.4438576698 0.2022298723 -0.4159194231 0.8866307735
155.3 54.5 2350.7 0.9816917777 -0.1200192049 -0.1479076743 0.1208334118 0.9926666021 -0.0035014965 0.1472432613 -0.0144347977 0.9889949560
-11.9 234.0 2326.3 0.1225473434 -0.7220271826 -0.6809250116 0.9173414707 0.3442526460 -0.1999368370 0.3787700534 -0.6001390219 0.7045327425
-27.7 116.2 2277.6 -0.5283115506 -0.7220271826 0.4467254281 -0.8344135880 0.3442526460 -0.4303999245 0.1569740325 -0.6001390219 -0.7843419313
274.8 269.3 2369.3 0.4598958790 -0.1181244105 0.8800809383 0.7547183633 0.5742040873 -0.3173166513 -0.4678632021 0.8101458549 0.3532247543
416.0 500.9 2225.7 -0.9632136226 -0.1181244105 0.2413838059 0.1320664734 0.5742040873 0.8079901934 -0.2340469360 0.8101458549 -0.5374809504
93.2 -153.0 2341.1 0.8928379416 0.0480805002 -0.4478042722 0.0404547341 0.9817044139 0.1860642284 0.4485574961 -0.1842410117 0.8745578527
74.1 -543.1 2414.3 0.8944406509 0.0606089570 -0.4430603683 -0.1164505109 0.9881583452 -0.0999114886 0.4317582846 0.1409595013 0.8909069896
272.6 -130.0 2371.1 0.9896032214 0.1419465691 0.0231662262 -0.1428264230 0.9888468981 0.0422187224 -0.0169150494 -0.0450885333 0.9988397956
216.2 -522.8 2389.0 0.9927279949 -0.1203561053 0.0023433568 0.1199701726 0.9875668883 -0.1015814245 0.0099117234 0.1011238620 0.9948244691
109.6 333.0 2236.8 0 0 0 0 0 0 0 0 0
169.7 534.7 2165.9 0 0 0 0 0 0 0 0 0
55.8 -840.3 2371.9 0 0 0 0 0 0 0 0 0
252.9 -824.0 2358.2 0 0 0 0 0 0 0 0 0
178.2 459.2 2252.2 1 0.9729437232 0.1978259832 -0.1193542928 -0.1283246279 0.8922808170 0.4328599274 0.1921284944 -0.4058322608 0.8935249448
131.9 250.3 2347.2 0.9729437232 0.1978259832 -0.1193542928 -0.1283246279 0.8922808170 0.4328599274 0.1921284944 -0.4058322608 0.8935249448
155.4 53.2 2343.2 0.9831435084 -0.1186914742 -0.1390726864 0.1146372035 0.9927241802 -0.0368374214 0.1424331069 0.0202735681 0.9895967841
-11.7 233.6 2326.5 0.1274370402 -0.7266508937 -0.6750839353 0.9038110971 0.3654118478 -0.2227098495 0.4085159898 -0.5817668438 0.7033221126
-28.1 117.5 2274.0 -0.5283824801 -0.7266508937 0.4390790761 -0.8384733200 0.3654118478 -0.4042729437 0.1333205849 -0.5817668438 -0.8023546338
275.5 267.1 2368.0 0.4530179203 -0.1435125470 0.8798743486 0.7663699985 0.5669277906 -0.3021091521 -0.4554687738 0.8111701608 0.3668121397
417.8 507.9 2225.0 -0.9660613537 -0.1435125470 0.2147779912 0.0976323634 0.5669277906 0.8179613948 -0.2391513288 0.8111701608 -0.5336755514
89.1 -153.8 2340.0 0.8976800442 0.0368090495 -0.4391078055 0.0431249849 0.9843824506 0.1706793159 0.4385325611 -0.1721519232 0.8820730448
74.5 -545.0 2408.4 0.8985219598 0.0612901002 -0.4346283674 -0.1050122455 0.9914635420 -0.0772819072 0.4261815548 0.1150807962 0.8972879648
269.2 -131.7 2367.0 0.9907691479 0.1304966956 0.0367035642 -0.1319770068 0.9903920293 0.0413002223 -0.0309613738 -0.0457630120 0.9984723926
217.3 -525.2 2385.2 0.9926968217 -0.1190596074 0.0194374137 0.1203162000 0.9888517261 -0.0877284408 -0.0087758070 0.0894263834 0.9959547520
109.2 335.3 2239.4 0 0 0 0 0 0 0 0 0
168.9 533.0 2163.3 0 0 0 0 0 0 0 0 0
56.0 -844.9 2373.6 0 0 0 0 0 0 0 0 0
253.3 -824.3 2358.2 0 0 0 0 0 0 0 0 0
178.8 459.3 2254.0 2 0.9694447517 0.2031626850 -0.1374839544 -0.1244711056 0.8903302550 0.4379713833 0.2113855779 -0.4074762762 0.8884139061
131.6 252.4 2348.7 0.9694447517 0.2031626850 -0.1374839544 -0.1244711056 0.8903302550 0.4379713833 0.2113855779 -0.4074762762 0.8884139061
156.0 55.3 2347.4 0.9798437953 -0.1233120188 -0.1571634114 0.1207119226 0.9923465252 -0.0260202494 0.1591691673 0.0065242825 0.9872297645
-11.6 234.8 2325.5 0.1159510538 -0.7174429297 -0.6868995428 0.9090703726 0.3552862406 -0.2176299691 0.4001830220 -0.5992056131 0.6934018731
-26.5 118.0 2274.1 -0.5270201564 -0.7174429297 0.4555495977 -0.8393250704 0.3552862406 -0.4114670157 0.1333535910 -0.5992056131 -0.7894108295
274.7 270.1 2371.9 0.4577855766 -0.1335920095 0.8789684772 0.7569690943 0.5770909786 -0.3065352142 -0.4662940800 0.8056793213 0.3653089404
419.6 509.7 2224.4 -0.9699506760 -0.1335920095 0.2033442706 0.0906703547 0.5770909786 0.8116310239 -0.2257755548 0.8056793213 -0.5476369262
88.8 -154.5 2326.2 0.8897899985 0.0310237631 -0.4553144872 0.0685246438 0.9772936702 0.2005028874 0.4511963427 -0.2096057236 0.8674602509
76.5 -542.5 2409.4 0.8928493857 0.0631112158 -0.4459113777 -0.1099363193 0.9907214642 -0.0799058676 0.4367310405 0.1203657612 0.8915032744
269.1 -133.4 2352.3 0.9914126992 0.1290209889 0.0213174373 -0.1303063333 0.9883999228 0.0780121088 -0.0110049536 -0.0801199973 0.9967244864
217.9 -526.0 2384.1 0.9930339456 -0.1178282872 0.0002875613 0.1174550653 0.9896884561 -0.0819823295 0.0093752416 0.0814450160 0.9966337681
110.5 336.1 2239.4 0 0 0 0 0 0 0 0 0
168.6 533.1 2165.9 0 0 0 0 0 0 0 0 0
57.4 -843.0 2372.9 0 0 0 0 0 0 0 0 0
253.8 -827.6 2359.3 0 0 0 0 0 0 0 0 0
177.8 460.7 2253.9 3 0.9698694944 0.1924249232 -0.1494182795 -0.1090259627 0.8912863731 0.4401385784 0.2178681046 -0.4105865061 0.8854107857
133.0 253.2 2349.5 0.9698694944 0.1924249232 -0.1494182795 -0.1090259627 0.8912863731 0.4401385784 0.2178681046 -0.4105865061 0.8854107857
155.7 55.8 2350.0 0.9790781140 -0.1143073216 -0.1683446914 0.1131480187 0.9934412241 -0.0164950881 0.1691260636 -0.0028978887 0.9855901599
-10.0 236.6 2324.8 0.1197541729 -0.7075042725 -0.6964887977 0.9112074375 0.3568472266 -0.2058181465 0.3941573203 -0.6099982262 0.6874170303
-25.4 119.5 2274.1 -0.5360618234 -0.7075042725 0.4605164826 -0.8334457278 0.3568472266 -0.4219339490 0.1341860294 -0.6099982262 -0.7809585929
276.0 269.7 2374.2 0.4566877484 -0.1497436613 0.8769339323 0.7595373988 0.5788506269 -0.2967067659 -0.4631837904 0.8015664816 0.3780899048
414.7 500.4 2233.5 -0.9628089070 -0.1497436613 0.2248907983 0.0990299731 0.5788506269 0.8093979359 -0.2513803840 0.8015664816 -0.5424934030
90.6 -152.9 2331.5 0.8849127293 0.0363343656 -0.4643374085 0.0541606471 0.9821614623 0.1800709218 0.4625970721 -0.1844958663 0.8671593070
76.2 -542.9 2404.8 0.8856757283 0.0672731251 -0.4594048262 -0.1075163484 0.9922698140 -0.0619748197 0.4516842961 0.1042831242 0.8860622644
270.3 -130.7 2360.7 0.9914823174 0.1300397962 0.0072452775 -0.1302406639 0.9897444248 0.0586802401 0.0004597936 -0.0591240488 0.9982505441
218.7 -523.8 2384.2 0.9936183095 -0.1122331843 -0.0112401657 0.1109452918 0.9904337525 -0.0820497274 0.0203413405 0.0802790672 0.9965648651
113.9 336.1 2239.3 0 0 0 0 0 0 0 0 0
171.5 525.4 2170.0 0 0 0 0 0 0 0 0 0
55.8 -843.7 2373.2 0 0 0 0 0 0 0 0 0
252.9 -825.7 2359.7 0 0 0 0 0 0 0 0 0
177.5 456.7 2254.8 4 0.9589662552 0.1788171977 -0.2200184911 -0.0657312721 0.8951025009 0.4409886003 0.2757954299 -0.4084310830 0.8701269627
136.6 252.1 2348.2 0.9589662552 0.1788171977 -0.2200184911 -0.0657312721 0.8951025009 0.4409886003 0.2757954299 -0.4084310830 0.8701269627
159.6 55.2 2357.7 0.9651861191 -0.1173714623 -0.2337513119 0.1252849698 0.9919341207 0.0192450173 0.2296070904 -0.0478605479 0.9721059203
-4.1 233.6 2314.8 0.0908640921 -0.6664561629 -0.7399864197 0.9262334704 0.3295234144 -0.1830459982 0.3658349812 -0.6687678695 0.6472358704
-15.7 114.7 2267.8 -0.5406998992 -0.6664561629 0.5133028626 -0.8312253952 0.3295234144 -0.4477484524 0.1292594075 -0.6687678695 -0.7321485877
277.3 270.6 2381.6 0.4502317309 -0.1584017575 0.8787492514 0.7543166876 0.5940951109 -0.2793875337 -0.4778051376 0.7886443734 0.3869655430
418.0 506.3 2232.3 -0.9654568434 -0.1584017575 0.2068863809 0.0741656795 0.5940951109 0.8009684682 -0.2497849911 0.7886443734 -0.5618252158
88.6 -152.0 2335.1 0.8515737653 0.0255243331 -0.5236130357 0.0694623366 0.9845133424 0.1609611511 0.5196124315 -0.1734416783 0.8366127610
