9.2 491.8 2053.6 6 0.9896758795 0.0369769223 -0.1384713650 -0.0333889090 0.9990460277 0.0281462539 0.1393800378 -0.0232322607 0.9899663925
-0.5 227.4 2059.7 0.9896758795 0.0369769223 -0.1384713650 -0.0333889090 0.9990460277 0.0281462539 0.1393800378 -0.0232322607 0.9899663925
17.7 39.6 2104.7 0.9850631356 -0.0944293737 -0.1439919621 0.1245539039 0.9681538343 0.2171739489 0.1188987643 -0.2318648100 0.9654541612
-135.0 210.4 2043.5 0.5199667215 -0.8454809785 -0.1216411963 0.6280942559 0.4749539495 -0.6163735986 0.5789061189 0.2440916002 0.7780019641
-193.8 139.4 1978.1 -0.5004047751 -0.8454809785 -0.1864323020 -0.8642504811 0.4749539495 0.1658005714 -0.0516344719 0.2440916002 -0.9683765769
134.0 244.5 2075.9 0.4092801213 0.1387868077 0.9017915726 0.7864438295 0.4474455118 -0.4257917106 -0.4625968635 0.8834764957 0.0739825219
247.6 462.9 1947.4 -0.9216489196 0.1387868077 0.3623554409 0.3847779930 0.4474455118 0.8073031902 -0.0500912853 0.8834764957 -0.4657897949
-48.9 -163.5 2143.8 0.9202954769 0.0471705645 -0.3883699179 -0.0952808037 0.9898380041 -0.1055572927 0.3794440925 0.1341481060 0.9154378772
-67.2 -547.8 2091.7 0.9318492413 0.0445971489 -0.3600945771 0.0196599569 0.9847543836 0.1728361398 0.3623127043 -0.1681366563 0.9167658091
126.6 -138.1 2169.0 0.8227604032 0.1094771251 0.5577455759 0.0437047072 0.9661850333 -0.2541188300 -0.5667056441 0.2334550172 0.7901540995
84.1 -513.0 2078.4 0.8289387822 -0.1295199841 0.5441370010 0.0027670751 0.9737585783 0.2275666893 -0.5593324900 -0.1871331930 0.8075446486
-54.1 380.7 1992.5 0 0 0 0 0 0 0 0 0
13.8 560.6 1934.7 0 0 0 0 0 0 0 0 0
-83.9 -915.3 2154.4 0 0 0 0 0 0 0 0 0
132.4 -876.3 2148.2 0 0 0 0 0 0 0 0 0
8.8 492.4 2052.8 7 0.9934282303 0.0452698059 -0.1051238626 -0.0415788032 0.9984483123 0.0370420702 0.1066376343 -0.0324277133 0.9937689900
-3.1 231.0 2061.3 0.9934282303 0.0452698059 -0.1051238626 -0.0415788032 0.9984483123 0.0370420702 0.1066376343 -0.0324277133 0.9937689900
16.7 41.9 2099.9 0.9886633158 -0.1027175263 -0.1095169038 0.1220695376 0.9745693803 0.1879191399 0.0874292254 -0.1991574466 0.9760596752
-138.0 214.2 2049.4 0.5403191447 -0.8362347484 -0.0936306119 0.6111533642 0.4664828181 -0.6394414306 0.5784002542 0.2882797718 0.7631172538
-199.1 145.2 1984.0 -0.5019480586 -0.8362347484 -0.2208157331 -0.8628244996 0.4664828181 0.1947503388 -0.0598502569 0.2882797718 -0.9556739330
131.9 247.8 2073.2 0.4169934094 0.1258968562 0.9001480341 0.7869092822 0.4456064105 -0.4268591404 -0.4548519552 0.8863322735 0.0867455304
246.7 464.5 1947.9 -0.9251911044 0.1258968562 0.3580104113 0.3751662076 0.4456064105 0.8128255010 -0.0571995638 0.8863322735 -0.4595033228
-52.3 -159.5 2139.1 0.9343910813 0.0348779485 -0.3545374870 -0.0793448165 0.9905730486 -0.1116664186 0.3473005891 0.1324708164 0.9283500314
-65.8 -544.0 2087.7 0.9439801574 0.0529086329 -0.3257332146 0.0157044251 0.9787430167 0.2044882625 0.3296283185 -0.1981483251 0.9230831265
124.1 -137.1 2160.4 0.8006507754 0.1000876278 0.5907120705 0.0493378602 0.9715845585 -0.2314934731 -0.5970963836 0.2144899070 0.7729618549
85.3 -514.1 2077.1 0.8107594252 -0.1250609756 0.5718644261 -0.0153226219 0.9720436335 0.2342997342 -0.5851789713 -0.1987231672 0.7861772776
-58.9 386.1 2000.7 0 0 0 0 0 0 0 0 0
11.9 559.7 1933.4 0 0 0 0 0 0 0 0 0
-85.6 -909.1 2161.6 0 0 0 0 0 0 0 0 0
132.0 -876.8 2151.3 0 0 0 0 0 0 0 0 0
7.3 492.8 2053.9 8 0.9966932535 0.0370593220 -0.0723131150 -0.0345685408 0.9987752438 0.0353974923 0.0735363588 -0.0327806845 0.9967536330
-2.4 231.0 2062.5 0.9966932535 0.0370593220 -0.0723131150 -0.0345685408 0.9987752438 0.0353974923 0.0735363588 -0.0327806845 0.9967536330
18.0 41.5 2098.8 0.9913722873 -0.1058348715 -0.0773302764 0.1182620972 0.9766232371 0.1795023978 0.0565249324 -0.1870989501 0.9807134867
-137.7 214.8 2054.8 0.5605852008 -0.8250502348 -0.0709669217 0.6043351293 0.4661933482 -0.6460981369 0.5661477447 0.3193052709 0.7599479556
-201.0 146.5 1990.8 -0.5062675476 -0.8250502348 -0.2509686351 -0.8608505726 0.4661933482 0.2039608359 -0.0512780249 0.3193052709 -0.9462635517
132.9 247.2 2070.2 0.4065142274 0.1162317172 0.9062209129 0.7977174520 0.4383977950 -0.4140703380 -0.4454133809 0.8912337422 0.0854948759
245.2 467.6 1947.1 -0.9304194450 0.1162317172 0.3475771248 0.3620742261 0.4383977950 0.8226236105 -0.0567620993 0.8912337422 -0.4499783516
-52.0 -158.1 2130.7 0.9454482794 0.0346412659 -0.3239251971 -0.0697345734 0.9928027987 -0.0973635018 0.3182210326 0.1146409437 0.9410594106
-65.5 -543.5 2086.2 0.9529047012 0.0535223372 -0.2985096574 0.0094849234 0.9785622954 0.2057325989 0.3031215966 -0.1988749057 0.9319689274
125.0 -136.1 2146.3 0.7789554000 0.1001533270 0.6190297008 0.0321528725 0.9794858694 -0.1989313513 -0.6262544990 0.1748622358 0.7597555518
86.2 -516.0 2078.5 0.7861308455 -0.1182234362 0.6066477895 -0.0184362773 0.9766129851 0.2142130435 -0.6177850962 -0.1795838028 0.7655659914
-59.7 386.9 2005.1 0 0 0 0 0 0 0 0 0
9.1 559.5 1932.7 0 0 0 0 0 0 0 0 0
-85.4 -908.6 2160.4 0 0 0 0 0 0 0 0 0
130.3 -880.4 2145.5 0 0 0 0 0 0 0 0 0
8.0 492.9 2053.9 9 0.9967845082 0.0323223658 -0.0733206049 -0.0301196743 0.9990669489 0.0309514850 0.0742526203 -0.0286435690 0.9968280196
-0.5 231.0 2061.4 0.9967845082 0.0323223658 -0.0733206049 -0.0301196743 0.9990669489 0.0309514850 0.0742526203 -0.0286435690 0.9968280196
18.0 41.5 2098.9 0.9923257232 -0.0957102478 -0.0782888979 0.1088461727 0.9765406251 0.1857979596 0.0586695224 -0.1928935498 0.9794641137
-136.0 216.1 2053.4 0.5648673773 -0.8213317394 -0.0796178207 0.6018000841 0.4760476053 -0.6412607431 0.5645896792 0.3143132627 0.7631812692
-199.8 148.1 1989.6 -0.5145668983 -0.8213317394 -0.2462418973 -0.8561064601 0.4760476053 0.2011477798 -0.0479861870 0.3143132627 -0.9481057525
135.0 245.9 2069.4 0.3944181800 0.1191269755 0.9111767411 0.8048447371 0.4337302446 -0.4050963521 -0.4434627891 0.8931331635 0.0751923770
244.3 468.9 1946.5 -0.9323675632 0.1191269755 0.3413202167 0.3581007719 0.4337302446 0.8268263936 -0.0495435596 0.8931331635 -0.4470554590
-50.3 -158.6 2130.0 0.9439969659 0.0378778726 -0.3277727664 -0.0731311440 0.9927006364 -0.0959023833 0.3217476606 0.1145019531 0.9398764372
-65.0 -544.0 2085.5 0.9525532722 0.0583698377 -0.2987225950 0.0107562244 0.9743710756 0.2246892750 0.3041817248 -0.2172416300 0.9275125861
127.2 -137.4 2140.1 0.7789433599 0.1085584536 0.6176263690 0.0026763293 0.9843174219 -0.1763860732 -0.6270885468 0.1390477270 0.7664369941
85.1 -519.0 2086.2 0.7751629949 -0.1422307342 0.6155425906 0.0310088843 0.9817193151 0.1877915710 -0.6309998035 -0.1264817864 0.7654029131
-56.2 387.1 2003.0 0 0 0 0 0 0 0 0 0
7.7 559.8 1934.0 0 0 0 0 0 0 0 0 0
-86.8 -907.6 2166.6 0 0 0 0 0 0 0 0 0
138.1 -884.8 2133.3 0 0 0 0 0 0 0 0 0
6.7 493.5 2054.4 0 0.9925796986 0.0299912859 -0.1178393811 -0.0272514001 0.9993210435 0.0247942507 0.1185029894 -0.0213989820 0.9927231073
-1.0 234.6 2060.0 0.9925796986 0.0299912859 -0.1178393811 -0.0272514001 0.9993210435 0.0247942507 0.1185029894 -0.0213989820 0.9927231073
18.4 45.8 2100.5 0.9871555567 -0.1007644832 -0.1239775419 0.1238920167 0.9727793336 0.1958345771 0.1008696258 -0.2086790204 0.9727684259
-135.7 217.6 2046.2 0.5309022665 -0.8410388827 -0.1039057672 0.6166302562 0.4674998820 -0.6334121823 0.5813001990 0.2722085118 0.7668067813
-195.7 148.0 1980.6 -0.4997088313 -0.8410388827 -0.2072310299 -0.8641217351 0.4674998820 0.1863798797 -0.0598722473 0.2722085118 -0.9603738189
133.7 251.6 2073.7 0.4055313170 0.1274913698 0.9051465392 0.7876785398 0.4536911845 -0.4168054461 -0.4637961090 0.8819922209 0.0835637525
245.8 469.3 1945.5 -0.9343827963 0.1274913698 0.3326781392 0.3532068729 0.4536911845 0.8181743026 -0.0466229692 0.8819922209 -0.4689520597
-52.3 -157.8 2131.0 0.9292268157 0.0373037383 -0.3676220775 -0.0769872069 0.9926028252 -0.0938757062 0.3614007831 0.1155340150 0.9252250195
-66.8 -543.2 2086.2 0.9397916794 0.0459926091 -0.3386389017 0.0293012708 0.9764096141 0.2139291018 0.3404894471 -0.2109713405 0.9162740111
125.4 -138.3 2141.5 0.8055107594 0.1005844623 0.5839821696 0.0046835095 0.9843775630 -0.1760082841 -0.5925626755 0.1445116550 0.7924556136
86.4 -520.2 2085.5 0.8027308583 -0.1301042438 0.5819759965 0.0272960532 0.9829040170 0.1820841581 -0.5957164168 -0.1302789301 0.7925587296
-56.2 389.2 1997.3 0 0 0 0 0 0 0 0 0
8.6 559.0 1933.7 0 0 0 0 0 0 0 0 0
-83.9 -907.6 2164.9 0 0 0 0 0 0 0 0 0
134.9 -886.7 2134.0 0 0 0 0 0 0 0 0 0
6.3 494.4 2053.7 1 0.9926621318 0.0350992642 -0.1157149822 -0.0313993022 0.9989405274 0.0336445458 0.1167732775 -0.0297642946 0.9927124977
-2.7 236.2 2061.4 0.9926621318 0.0350992642 -0.1157149822 -0.0313993022 0.9989405274 0.0336445458 0.1167732775 -0.0297642946 0.9927124977
21.7 47.9 2101.3 0.9843271375 -0.1264004409 -0.1229756847 0.1483889222 0.9704543948 0.1902602017 0.0952933207 -0.2055265158 0.9740010500
-137.1 215.9 2048.4 0.5186942816 -0.8508539200 -0.0836891234 0.6280487180 0.4456167519 -0.6379502416 0.5800957680 0.2783402801 0.7655165792
-195.7 144.9 1982.9 -0.4783208668 -0.8508539200 -0.2173862010 -0.8761712313 0.4456167519 0.1837108880 -0.0594402030 0.2783402801 -0.9586415291
131.6 256.5 2074.4 0.4182394743 0.1447266936 0.8967329264 0.7740652561 0.4597783089 -0.4352319837 -0.4752880335 0.8761609793 0.0802695304
246.6 469.2 1943.8 -0.9347085953 0.1447266936 0.3246136904 0.3540267944 0.4597783089 0.8144132495 -0.0313829891 0.8761609793 -0.4809958637
-50.5 -154.1 2132.0 0.9324559569 0.0384239666 -0.3592345417 -0.0767124891 0.9927121401 -0.0929395109 0.3530453742 0.1142197773 0.9286080003
-65.4 -539.5 2087.7 0.9413808584 0.0548165850 -0.3328621089 0.0127542950 0.9802206755 0.1974961907 0.3371043801 -0.1901645660 0.9220618606
126.2 -131.8 2150.0 0.8011439443 0.1045487523 0.5892690420 0.0220044572 0.9788113832 -0.2035780698 -0.5980670452 0.1760618687 0.7818682790
85.7 -511.5 2081.7 0.8032174110 -0.1250769198 0.5824066997 0.0065502799 0.9795029759 0.2013231069 -0.5956499577 -0.1578912884 0.7875731587
-62.2 389.5 1999.4 0 0 0 0 0 0 0 0 0
9.3 559.0 1935.8 0 0 0 0 0 0 0 0 0
-85.8 -905.3 2158.6 0 0 0 0 0 0 0 0 0
132.3 -876.9 2140.6 0 0 0 0 0 0 0 0 0
6.2 494.7 2053.8 2 0.9946557283 0.0346757993 -0.0972500443 -0.0316943899 0.9989840388 0.0320366174 0.0982621387 -0.0287831258 0.9947442412
-2.9 233.8 2061.4 0.9946557283 0.0346757993 -0.0972500443 -0.0316943899 0.9989840388 0.0320366174 0.0982621387 -0.0287831258 0.9947442412
25.1 45.8 2100.2 0.9838929772 -0.1440759152 -0.1058147252 0.1619246602 0.9690936208 0.1861128360 0.0757299960 -0.2002491206 0.9768138528
-137.2 211.7 2051.0 0.5214999914 -0.8511927724 -0.0592335537 0.6338065863 0.4329199493 -0.6409910917 0.5712503791 0.2967342436 0.7652593255
-196.1 140.1 1986.5 -0.4671479166 -0.8511927724 -0.2392565459 -0.8826298714 0.4329199493 0.1831524074 -0.0523190685 0.2967342436 -0.9535258412
131.4 255.9 2071.7 0.4126096666 0.1592418402 0.8968808651 0.7768511772 0.4526291490 -0.4377546608 -0.4756632745 0.8773647547 0.0630519539
243.6 467.1 1942.4 -0.9288679361 0.1592418402 0.3344345093 0.3697475791 0.4526291490 0.8114268780 -0.0221617036 0.8773647547 -0.4793119729
-41.9 -153.7 2132.6 0.9392204285 0.0570037551 -0.3385491669 -0.0927124545 0.9915946722 -0.0902463123 0.3305591643 0.1161489114 0.9366109371
-64.0 -538.6 2087.6 0.9497862458 0.0639912188 -0.3062860966 0.0014059251 0.9779817462 0.2086858302 0.3128962815 -0.1986375451 0.9287836552
134.3 -127.1 2149.7 0.7856215835 0.1255076081 0.6058436632 0.0095483037 0.9766327739 -0.2147025913 -0.6186336279 0.1744597703 0.7660654187
85.6 -506.0 2082.0 0.7870161533 -0.1201407239 0.6051213145 -0.0014304343 0.9804971218 0.1965282261 -0.6169307232 -0.1555364728 0.7714952230
-65.7 386.4 2001.1 0 0 0 0 0 0 0 0 0
7.9 561.0 1936.8 0 0 0 0 0 0 0 0 0
-87.9 -903.6 2161.7 0 0 0 0 0 0 0 0 0
130.5 -871.9 2140.1 0 0 0 0 0 0 0 0 0
6.4 495.1 2053.9 3 0.9956207275 0.0396703593 -0.0846497789 -0.0369661823 0.9987622499 0.0332778282 0.0858651474 -0.0300029162 0.9958549142
-4.0 234.0 2061.7 0.9956207275 0.0396703593 -0.0846497789 -0.0369661823 0.9987622499 0.0332778282 0.0858651474 -0.0300029162 0.9958549142
23.4 45.8 2100.1 0.9856108427 -0.1414479166 -0.0925407335 0.1566631049 0.9699953794 0.1859183609 0.0634663180 -0.1977408677 0.9781976342
-138.6 212.6 2053.1 0.5320552588 -0.8450487256 -0.0530079491 0.6305491328 0.4372290373 -0.6412788033 0.5650885105 0.3077716529 0.7654747963
-198.7 141.3 1989.2 -0.4724733531 -0.8450487256 -0.2503229082 -0.8800915480 0.4372290373 0.1851206422 -0.0469875112 0.3077716529 -0.9502993226
130.6 255.4 2070.4 0.4193452895 0.1517414451 0.8950553536 0.7775080800 0.4489370584 -0.4403824806 -0.4686477780 0.8805850744 0.0702794343
245.3 468.1 1942.2 -0.9320960641 0.1517414451 0.3288943172 0.3614382744 0.4489370584 0.8172012568 -0.0236495398 0.8805850744 -0.4732976258
-35.1 -156.8 2132.2 0.9419294596 0.0800992772 -0.3261180222 -0.1098924652 0.9911884665 -0.0739531964 0.3173208237 0.1054966077 0.9424319267
-66.2 -541.5 2091.3 0.9543858767 0.0507131368 -0.2942376435 0.0049209986 0.9826643467 0.1853281707 0.2985354066 -0.1783225238 0.9375914335
141.1 -127.8 2145.8 0.7767310739 0.1412823349 0.6137818098 -0.0018980420 0.9750367999 -0.2220352590 -0.6298295259 0.1712967008 0.7576095462
86.2 -506.2 2079.3 0.7784371972 -0.1215966269 0.6158325672 -0.0150441183 0.9771629572 0.2119579762 -0.6275421381 -0.1742606312 0.7588307261
-66.8 387.1 2002.3 0 0 0 0 0 0 0 0 0
8.7 559.8 1936.2 0 0 0 0 0 0 0 0 0
-85.1 -908.2 2157.8 0 0 0 0 0 0 0 0 0
131.6 -870.8 2144.4 0 0 0 0 0 0 0 0 0
6.0 494.9 2053.9 4 0.9958250523 0.0368239507 -0.0835251436 -0.0339041390 0.9987725019 0.0361107849 0.0847523585 -0.0331281759 0.9958511591
-3.5 236.4 2062.5 0.9958250523 0.0368239507 -0.0835251436 -0.0339041390 0.9987725019 0.0361107849 0.0847523585 -0.0331281759 0.9958511591
22.9 48.2 2102.2 0.9865153432 -0.1357510984 -0.0914280042 0.1513132751 0.9693937898 0.1933390200 0.0623837523 -0.2045661956 0.9768627882
-138.2 215.7 2054.0 0.5358092785 -0.8424264193 -0.0567995012 0.6313083172 0.4443853199 -0.6355875134 0.5606765151 0.3046956956 0.7699365616
-198.8 144.4 1990.6 -0.4776896536 -0.8424264193 -0.2492596656 -0.8775802851 0.4443853199 0.1799291968 -0.0408097729 0.3046956956 -0.9515750408
131.3 257.1 2071.0 0.4205311239 0.1537702829 0.8941522837 0.7738857269 0.4536053836 -0.4419762492 -0.4735550880 0.8778364658 0.0717545524
246.1 468.5 1941.7 -0.9334725142 0.1537702829 0.3240119517 0.3580053151 0.4536053836 0.8161337972 -0.0214764401 0.8778364658 -0.4784787595
-37.4 -156.5 2132.8 0.9418287873 0.0715513453 -0.3283883631 -0.1062033921 0.9903707504 -0.0888065845 0.3188720047 0.1185165569 0.9403586984
-65.2 -540.9 2086.8 0.9544355273 0.0570530929 -0.2929125428 0.0046802186 0.9785713553 0.2058549225 0.2983804643 -0.1978461444 0.9337162375
139.1 -128.5 2144.2 0.7781597376 0.1369597614 0.6129513979 -0.0008229433 0.9761555791 -0.2170704752 -0.6280658841 0.1684110761 0.7597177029
86.0 -507.4 2078.8 0.7796849012 -0.1210609674 0.6143579483 -0.0126806032 0.9778789878 0.2087868452 -0.6260436177 -0.1705783755 0.7609023452
-65.4 389.4 2002.0 0 0 0 0 0 0 0 0 0
9.2 559.3 1936.2 0 0 0 0 0 0 0 0 0
-86.5 -906.1 2160.6 0 0 0 0 0 0 0 0 0
131.1 -872.3 2142.5 0 0 0 0 0 0 0 0 0
7.0 494.0 2054.5 5 0.9958675504 0.0387499221 -0.0821357965 -0.0361116864 0.9987905622 0.0333667025 0.0833294168 -0.0302627515 0.9960624576
-2.9 237.9 2062.2 0.9958675504 0.0387499221 -0.0821357965 -0.0361116864 0.9987905622 0.0333667025 0.0833294168 -0.0302627515 0.9960624576
20.3 49.0 2099.8 0.9888886809 -0.1195875481 -0.0883061215 0.1341799647 0.9737379551 0.1839296520 0.0639913306 -0.1937348694 0.9789646864
-138.0 219.6 2053.5 0.5461647511 -0.8349489570 -0.0675593093 0.6159970164 0.4549757540 -0.6430743933 0.5676721931 0.3096082509 0.7628178000
-199.7 150.0 1989.3 -0.4922526181 -0.8349489570 -0.2460641414 -0.8689856529 0.4549757540 0.1945790350 -0.0505103432 0.3096082509 -0.9495216608
132.1 256.3 2070.9 0.4175673723 0.1493072212 0.8962950706 0.7768077254 0.4530712366 -0.4373742342 -0.4713886678 0.8788821101 0.0732047707
246.5 469.0 1941.9 -0.9346886277 0.1493072212 0.3225902915 0.3546537161 0.4530712366 0.8178918958 -0.0240392182 0.8788821101 -0.4764329195
-39.2 -153.5 2136.3 0.9411083460 0.0719254911 -0.3303661346 -0.1104361266 0.9889104366 -0.0992973894 0.3195604980 0.1299339533 0.9386150837
-67.1 -537.3 2085.9 0.9546203613 0.0283347201 -0.2964744568 0.0282383785 0.9823681116 0.1848120689 0.2964836359 -0.1847973317 0.9369884729
137.6 -126.4 2147.5 0.7799801230 0.1314286590 0.6118476391 0.0060596946 0.9760660529 -0.2173898965 -0.6257749796 0.1732674092 0.7605156898
86.5 -505.3 2080.2 0.7818285227 -0.1166423932 0.6124856472 -0.0087271463 0.9802014232 0.1978106350 -0.6234323978 -0.1599992514 0.7653315067
-62.3 392.6 2003.4 0 0 0 0 0 0 0 0 0
9.2 559.0 1935.8 0 0 0 0 0 0 0 0 0
-77.7 -903.8 2154.8 0 0 0 0 0 0 0 0 0
130.1 -871.1 2140.0 0 0 0 0 0 0 0 0 0
6.5 493.6 2054.7 6 0.9930301309 0.0381645672 -0.1115105450 -0.0349360518 0.9989159107 0.0307651814 0.1125637963 -0.0266550146 0.9932869077
-3.2 239.3 2061.5 0.9930301309 0.0381645672 -0.1115105450 -0.0349360518 0.9989159107 0.0307651814 0.1125637963 -0.0266550146 0.9932869077
19.7 51.1 2102.6 0.9859021902 -0.1183049679 -0.1183250695 0.1401935965 0.9700850248 0.1981938630 0.0913380533 -0.2119881809 0.9729945660
-137.9 220.2 2049.0 0.5261501670 -0.8459197879 -0.0870960429 0.6274365187 0.4552953541 -0.6316878200 0.5740116835 0.2777154148 0.7703146935
-197.3 149.3 1984.2 -0.4864405394 -0.8459197879 -0.2186214030 -0.8721753955 0.4552953541 0.1789308190 -0.0518238097 0.2777154148 -0.9592645168
131.4 258.5 2074.0 0.4210913479 0.1595718861 0.8928711414 0.7684028149 0.4602665603 -0.4446479976 -0.4819120467 0.8733221292 0.0711987764
246.7 469.0 1941.9 -0.9343682528 0.1595718861 0.3185793161 0.3559101820 0.4602665603 0.8133158088 -0.0168490559 0.8733221292 -0.4868517220
-45.1 -152.0 2131.7 0.9322521687 0.0508112051 -0.3582235575 -0.0905768573 0.9913377762 -0.0951065496 0.3502880633 0.1211100519 0.9287791252
-64.8 -536.8 2084.7 0.9434140325 0.0504179113 -0.3277620673 0.0166241657 0.9799417853 0.1985894442 0.3312002122 -0.1928008497 0.9236526489
132.0 -128.0 2143.1 0.7983708978 0.1218293011 0.5897130966 0.0015152256 0.9789102674 -0.2042852193 -0.6021640897 0.1639889181 0.7813488245
84.8 -508.0 2079.5 0.7991852164 -0.1272289753 0.5874655843 -0.0046107708 0.9760158062 0.2176507860 -0.6010671854 -0.1766519547 0.7794307470
-61.5 392.8 1998.6 0 0 0 0 0 0 0 0 0
9.6 559.4 1937.7 0 0 0 0 0 0 0 0 0
-83.6 -902.4 2156.6 0 0 0 0 0 0 0 0 0
132.2 -872.2 2145.4 0 0 0 0 0 0 0 0 0
6.6 494.5 2052.8 7 0.9931105971 0.0440862216 -0.1085714102 -0.0398491882 0.9983686209 0.0408915170 0.1101970375 -0.0362833142 0.9932472706
-4.8 237.6 2062.2 0.9931105971 0.0440862216 -0.1085714102 -0.0398491882 0.9983686209 0.0408915170 0.1101970375 -0.0362833142 0.9932472706
22.4 50.2 2104.6 0.9832235575 -0.1403415948 -0.1165146306 0.1618942618 0.9657083750 0.2029718608 0.0840337574 -0.2184297740 0.9722277522
-139.0 215.5 2050.7 0.5160599947 -0.8537713885 -0.0689677894 0.6427473426 0.4392103553 -0.6276704073 0.5661783814 0.2795867324 0.7754181623
-197.4 142.8 1986.7 -0.4679745734 -0.8537713885 -0.2281978428 -0.8827266097 0.4392103553 0.1669971347 -0.0423505083 0.2795867324 -0.9591859579
129.5 259.7 2073.6 0.4208105505 0.1920447350 0.8865874410 0.7579234838 0.4626027942 -0.4599463344 -0.4984681010 0.8655157089 0.0491129197
243.1 464.3 1939.1 -0.9233008623 0.1920447350 0.3326174319 0.3840772808 0.4626027942 0.7990515232 -0.0004161249 0.8655157089 -0.5008815527
-45.7 -149.8 2135.6 0.9352760911 0.0479344912 -0.3506578505 -0.0895558745 0.9905946255 -0.1034507677 0.3424009085 0.1281584948 0.9307722449
-64.3 -534.3 2085.9 0.9459980130 0.0564376377 -0.3192218542 0.0105418405 0.9788517952 0.2042987943 0.3240010440 -0.1966314465 0.9253969193
130.9 -124.6 2151.9 0.7952137589 0.1217347905 0.5939829350 0.0210015457 0.9735198021 -0.2276360691 -0.6059653759 0.1934938878 0.7715996504
83.6 -502.4 2076.9 0.7984703779 -0.1331860721 0.5871171951 -0.0013049718 0.9748371840 0.2229141444 -0.6020327210 -0.1787565053 0.7782047987
-66.7 389.2 1998.6 0 0 0 0 0 0 0 0 0
8.9 561.7 1939.0 0 0 0 0 0 0 0 0 0
-85.4 -899.6 2159.2 0 0 0 0 0 0 0 0 0
133.3 -866.2 2143.6 0 0 0 0 0 0 0 0 0
8.2 494.1 2054.4 8 0.9932897687 0.0601671785 -0.0987692326 -0.0568894520 0.9977428913 0.0356756933 0.1006928012 -0.0298173726 0.9944706559
-7.1 239.8 2062.0 0.9932897687 0.0601671785 -0.0987692326 -0.0568894520 0.9977428913 0.0356756933 0.1006928012 -0.0298173726 0.9944706559
19.2 51.9 2102.5 0.9852245450 -0.1353954822 -0.1048840731 0.1539165974 0.9685494900 0.1955032796 0.0751151517 -0.2087580413 0.9750783443
-141.7 218.8 2051.8 0.5267591476 -0.8474833369 -0.0655496940 0.6340364218 0.4431087971 -0.6337605119 0.5661471486 0.2922782600 0.7707469463
-201.2 147.1 1987.8 -0.4749905467 -0.8474833369 -0.2369724959 -0.8788447976 0.4431087971 0.1768798083 -0.0448981002 0.2922782600 -0.9552788138
127.5 260.9 2072.3 0.4313842356 0.1952224970 0.8807927370 0.7545951009 0.4570183754 -0.4708720446 -0.4944632649 0.8677686453 0.0498365834
243.7 464.2 1939.0 -0.9206193089 0.1952224970 0.3381541371 0.3904585242 0.4570183754 0.7991722822 0.0014737566 0.8677686453 -0.4969662130
-38.4 -151.7 2139.4 0.9375063777 0.0672019795 -0.3414171934 -0.1087041795 0.9886295199 -0.1038992628 0.3305528760 0.1345196962 0.9341515899
-64.5 -535.4 2087.2 0.9503130317 0.0613088459 -0.3051988184 0.0008240076 0.9799152613 0.1994127482 0.3112947345 -0.1897560358 0.9311757088
137.7 -122.7 2154.4 0.7885984778 0.1331685334 0.6003153920 0.0173233319 0.9710690379 -0.2381698042 -0.6146643758 0.1982198060 0.7634766698
86.0 -499.6 2077.5 0.7936233282 -0.1086703166 0.5986257792 -0.0221174452 0.9781157970 0.2068822980 -0.6080073118 -0.1774266809 0.7738519907
-68.6 392.5 2000.3 0 0 0 0 0 0 0 0 0
10.1 563.3 1939.4 0 0 0 0 0 0 0 0 0
-87.4 -901.2 2158.0 0 0 0 0 0 0 0 0 0
126.6 -864.6 2143.7 0 0 0 0 0 0 0 0 0
9.1 494.2 2054.2 9 0.9876947999 0.0589461289 -0.1448597610 -0.0555452034 0.9980797768 0.0274143126 0.1461975574 -0.0190307088 0.9890723228
-5.9 240.4 2059.0 0.9876947999 0.0589461289 -0.1448597610 -0.0555452034 0.9980797768 0.0274143126 0.1461975574 -0.0190307088 0.9890723228
19.4 53.0 2102.9 0.9797545671 -0.1309814453 -0.1514095813 0.1608670056 0.9652535319 0.2059306353 0.1191755384 -0.2261182964 0.9667821527
-139.6 218.4 2042.8 0.4960788190 -0.8627918959 -0.0974472240 0.6440801024 0.4409270585 -0.6250953078 0.5822942853 0.2473327219 0.7744416595
-195.6 145.6 1977.0 -0.4671517015 -0.8627918959 -0.1932859421 -0.8823643923 0.4409270585 0.1643664986 -0.0565890744 0.2473327219 -0.9672766924
127.8 262.4 2075.3 0.4304638803 0.2055706829 0.8788865209 0.7472861409 0.4649398327 -0.4747571945 -0.5062255263 0.8611455560 0.0465196930
244.0 464.1 1938.7 -0.9187588692 0.2055706829 0.3370797932 0.3947706223 0.4649398327 0.7924563885 0.0061839689 0.8611455560 -0.5083208680
-42.8 -149.9 2136.3 0.9216015935 0.0549062118 -0.3842340112 -0.0999519080 0.9901294112 -0.0982515365 0.3750467896 0.1289536953 0.9179928303
-64.1 -534.2 2086.3 0.9349048138 0.0621261969 -0.3494186103 0.0123762535 0.9782528877 0.2070460618 0.3546827734 -0.1978928596 0.9138044119
133.6 -122.3 2149.8 0.8153583407 0.1235602498 0.5656179786 0.0073778662 0.9746639729 -0.2235525250 -0.5789096355 0.1864484698 0.7937887311
85.7 -500.6 2077.4 0.8163808584 -0.1232365444 0.5642118454 -0.0005159389 0.9768107533 0.2141039371 -0.5775136352 -0.1750814617 0.7973860502
-65.2 392.0 1992.8 0 0 0 0 0 0 0 0 0
10.8 564.3 1940.2 0 0 0 0 0 0 0 0 0
-87.3 -899.4 2160.1 0 0 0 0 0 0 0 0 0
131.7 -865.2 2142.7 0 0 0 0 0 0 0 0 0
10.3 493.5 2054.6 0 0.9887093306 0.0612620264 -0.1367509067 -0.0574667715 0.9978492856 0.0315342359 0.1383886486 -0.0233195592 0.9901034236
-5.2 239.7 2060.5 0.9887093306 0.0612620264 -0.1367509067 -0.0574667715 0.9978492856 0.0315342359 0.1383886486 -0.0233195592 0.9901034236
20.4 52.2 2103.5 0.9808748960 -0.1321218014 -0.1429276317 0.1596762240 0.9661282897 0.2027305067 0.1113013029 -0.2216754109 0.9687476754
-139.2 217.8 2045.3 0.5016453862 -0.8602220416 -0.0914875641 0.6414684057 0.4408493042 -0.6278297305 0.5804051757 0.2562615275 0.7729552984
-195.9 145.4 1979.7 -0.4684630632 -0.8602220416 -0.2013961822 -0.8817253709 0.4408493042 0.1679649651 -0.0557017848 0.2562615275 -0.9650012255
128.7 261.5 2075.7 0.4314719141 0.2028408945 0.8790264726 0.7505733967 0.4598458707 -0.4745327830 -0.5004713535 0.8645214438 0.0461636148
245.2 464.2 1940.6 -0.9182657003 0.2028408945 0.3400641978 0.3959350586 0.4598458707 0.7948441505 0.0048497724 0.8645214438 -0.5025725365
-42.9 -148.7 2136.1 0.9248360991 0.0519451164 -0.3768021464 -0.0996234193 0.9891291857 -0.1081599668 0.3670876324 0.1375685632 0.9199573994
-63.1 -532.7 2082.7 0.9386455417 0.0677793473 -0.3381574452 0.0112756956 0.9739428759 0.2265130877 0.3446989357 -0.2164284736 0.9134228826
132.4 -119.9 2157.4 0.8115341663 0.1292922646 0.5698208809 0.0176525675 0.9693410993 -0.2450839877 -0.5840382576 0.2089528292 0.7843710780
82.2 -496.0 2076.3 0.8118488193 -0.1420661807 0.5663203597 0.0155070806 0.9748505950 0.2223192155 -0.5836617947 -0.1717076153 0.7936342955
-65.1 391.5 1995.3 0 0 0 0 0 0 0 0 0
12.1 564.7 1941.8 0 0 0 0 0 0 0 0 0
-88.4 -896.2 2163.5 0 0 0 0 0 0 0 0 0
135.3 -859.8 2140.4 0 0 0 0 0 0 0 0 0
10.3 493.4 2054.3 1 0.9900312424 0.0612736978 -0.1268214434 -0.0568898357 0.9976605177 0.0379086994 0.1288475543 -0.0303159449 0.9912009239
-5.3 240.1 2062.0 0.9900312424 0.0612736978 -0.1268214434 -0.0568898357 0.9976605177 0.0379086994 0.1288475543 -0.0303159449 0.9912009239
20.1 52.1 2102.9 0.9825053215 -0.1310299337 -0.1323419809 0.1552611589 0.9687311649 0.1935299784 0.1028455943 -0.2106918097 0.9721274376
-139.5 218.9 2047.9 0.5098024607 -0.8559944034 -0.0858781487 0.6338514686 0.4412333965 -0.6352522373 0.5816646218 0.2694191337 0.7675151825
-197.1 147.2 1982.2 -0.4721409380 -0.8559944034 -0.2106098831 -0.8794988394 0.4412333965 0.1783111393 -0.0597052164 0.2694191337 -0.9611704350
128.9 261.3 2076.0 0.4462796450 0.2122695893 0.8693538308 0.7424712777 0.4544862211 -0.4921165705 -0.4995706975 0.8650918603 0.0452238806
248.7 460.6 1941.9 -0.9125167131 0.2122695893 0.3496496975 0.4089390039 0.4544862211 0.7913350463 0.0090653971 0.8650918603 -0.5015315413
-41.9 -149.7 2136.6 0.9286422729 0.0532840639 -0.3671298325 -0.0980813727 0.9896814227 -0.1044542193 0.3577758372 0.1330092102 0.9242861867
-62.6 -533.9 2084.9 0.9410220385 0.0774502531 -0.3293614984 -0.0011365688 0.9741659760 0.2258304954 0.3383433819 -0.2121371180 0.9167996645
133.8 -121.1 2156.5 0.8046008945 0.1389777660 0.5773236752 0.0137341926 0.9676110744 -0.2520717382 -0.5936571360 0.2107461989 0.7766319513
79.8 -496.6 2074.7 0.8043606281 -0.1464570761 0.5758075118 0.0153389592 0.9739381671 0.2262945026 -0.5939432979 -0.1731901020 0.7856439948
-65.2 392.8 1998.9 0 0 0 0 0 0 0 0 0
17.1 564.4 1944.2 0 0 0 0 0 0 0 0 0
-91.5 -897.5 2164.1 0 0 0 0 0 0 0 0 0
134.5 -860.1 2139.3 0 0 0 0 0 0 0 0 0
10.6 493.1 2054.1 2 0.9928856492 0.0623267479 -0.1014564335 -0.0581703670 0.9973617196 0.0434254408 0.1038953289 -0.0372147411 0.9938917756
-5.3 239.3 2063.6 0.9928856492 0.0623267479 -0.1014564335 -0.0581703670 0.9973617196 0.0434254408 0.1038953289 -0.0372147411 0.9938917756
18.5 50.3 2101.0 0.9867901206 -0.1228065044 -0.1056587398 0.1404672712 0.9735175371 0.1803677827 0.0807102993 -0.1928267479 0.9779078364
-140.0 220.1 2052.6 0.5327360630 -0.8428890705 -0.0756986067 0.6180085540 0.4485864043 -0.6456281543 0.5781502724 0.2971670032 0.7598907948
-200.2 150.2 1987.3 -0.4855984151 -0.8428890705 -0.2318019718 -0.8720542192 0.4485864043 0.1956824958 -0.0609554313 0.2971670032 -0.9528778791
129.5 258.5 2074.6 0.4482726753 0.1966807246 0.8719909787 0.7481895089 0.4512421787 -0.4864081740 -0.4891462326 0.8704580069 0.0551250763
246.6 453.9 1946.8 -0.9062222242 0.1966807246 0.3742699623 0.4225601256 0.4512421787 0.7860174775 -0.0142919151 0.8704580069 -0.4920351207
-42.5 -149.9 2134.5 0.9371477962 0.0515170060 -0.3451086581 -0.0930922031 0.9901062846 -0.1049925685 0.3362853229 0.1305204779 0.9326717257
-62.5 -534.3 2083.9 0.9484283924 0.0752425790 -0.3079320490 -0.0016292142 0.9725648165 0.2326263040 0.3169872761 -0.2201277018 0.9225307107
133.5 -122.1 2153.0 0.7914302349 0.1304442585 0.5971788168 0.0227235593 0.9700104594 -0.2419985533 -0.6108370423 0.2050949931 0.7647314668
82.9 -498.6 2073.3 0.7975367904 -0.1241053715 0.5903667212 -0.0193260182 0.9728523493 0.2306183577 -0.6029606462 -0.1953360736 0.7734870911
-64.6 393.7 2004.3 0 0 0 0 0 0 0 0 0
20.3 559.4 1943.2 0 0 0 0 0 0 0 0 0
-90.6 -897.3 2166.0 0 0 0 0 0 0 0 0 0
129.2 -861.6 2146.2 0 0 0 0 0 0 0 0 0
11.8 493.5 2054.0 3 0.9947359562 0.0671870708 -0.0773706660 -0.0631319135 0.9965584278 0.0537186675 0.0807135925 -0.0485513322 0.9955541492
-5.2 240.8 2066.4 0.9947359562 0.0671870708 -0.0773706660 -0.0631319135 0.9965584278 0.0537186675 0.0807135925 -0.0485513322 0.9955541492
17.9 51.3 2101.8 0.9895638227 -0.1194755808 -0.0805545673 0.1319750100 0.9758934975 0.1738231778 0.0578450523 -0.1826403141 0.9814766645
-140.3 222.7 2058.5 0.5515340567 -0.8318037391 -0.0625517964 0.6093719602 0.4529851079 -0.6507459879 0.5696280003 0.3207912445 0.7567145824
-202.7 153.8 1994.1 -0.4939777553 -0.8318037391 -0.2531571090 -0.8676941991 0.4529851079 0.2047224045 -0.0556124635 0.3207912445 -0.9455158710
129.9 258.8 2074.2 0.4571347237 0.2111824155 0.8639616966 0.7423099875 0.4444781542 -0.5014129877 -0.4899017215 0.8705407381 0.0464235842
249.2 452.5 1946.4 -0.8994184732 0.2111824155 0.3826857209 0.4370603263 0.4444781542 0.7819318771 -0.0049651959 0.8705407381 -0.4920713305
-46.1 -151.2 2131.3 0.9455372691 0.0434963889 -0.3225947320 -0.0781444460 0.9923825264 -0.0952384621 0.3159948587 0.1152605042 0.9417336583
-63.0 -536.4 2086.5 0.9527752995 0.0776532739 -0.2935799360 -0.0134713845 0.9766095281 0.2145981789 0.3033772111 -0.2005089223 0.9315355420
130.6 -126.0 2145.7 0.7761232853 0.1250082254 0.6180660129 0.0174268801 0.9755264521 -0.2191905528 -0.6303403378 0.1808898598 0.7549502850
82.1 -504.6 2075.5 0.7814972997 -0.1306731999 0.6100709438 -0.0185928065 0.9725089073 0.2321223319 -0.6236315370 -0.1927458942 0.7575834394
-64.7 396.1 2009.6 0 0 0 0 0 0 0 0 0
22.8 562.5 1945.2 0 0 0 0 0 0 0 0 0
-91.9 -900.9 2161.4 0 0 0 0 0 0 0 0 0
130.9 -867.5 2147.4 0 0 0 0 0 0 0 0 0
12.5 489.8 2054.0 4 0.9955887198 0.0655123591 -0.0671655908 -0.0619672686 0.9966393113 0.0535732768 0.0704495832 -0.0491748825 0.9963024855
-3.8 241.5 2066.3 0.9955887198 0.0655123591 -0.0671655908 -0.0619672686 0.9966393113 0.0535732768 0.0704495832 -0.0491748825 0.9963024855
17.0 52.1 2103.0 0.9917438626 -0.1074996442 -0.0699134544 0.1186691076 0.9759860039 0.1826718748 0.0485973880 -0.1894602776 0.9806849957
-139.3 225.3 2059.6 0.5646616817 -0.8227370977 -0.0652754307 0.6059870124 0.4669936597 -0.6439694762 0.5603007674 0.3240688145 0.7622613907
-203.1 156.8 1996.3 -0.5063911080 -0.8227370977 -0.2582087219 -0.8611459732 0.4669936597 0.2008593976 -0.0446726233 0.3240688145 -0.9449781775
131.6 257.7 2072.9 0.4577878714 0.2224765569 0.8607754707 0.7445539832 0.4331746399 -0.5079361200 -0.4858700037 0.8734208345 0.0326562822
250.2 450.7 1947.0 -0.8910329342 0.2224765569 0.3956823647 0.4539350271 0.4331746399 0.7786544561 0.0018327930 0.8734208345 -0.4869627655
-47.6 -149.9 2132.1 0.9473977089 0.0464673750 -0.3166676760 -0.0808948129 0.9920452833 -0.0964475349 0.3096670210 0.1169909462 0.9436203837
-65.6 -535.0 2086.7 0.9558967948 0.0466127284 -0.2899803519 0.0105598709 0.9812328219 0.1925374717 0.2935129404 -0.1871080995 0.9374650717
129.7 -126.2 2142.5 0.7720569372 0.1256008148 0.6230188608 0.0095932633 0.9778630733 -0.2090256810 -0.6354809403 0.1673565060 0.7537610531
80.9 -505.8 2077.5 0.7744141221 -0.1477298588 0.6151899695 -0.0052986895 0.9708085656 0.2397971451 -0.6326568723 -0.1889619827 0.7510250807
-61.7 397.2 2008.8 0 0 0 0 0 0 0 0 0
25.1 565.4 1947.4 0 0 0 0 0 0 0 0 0
-83.0 -901.1 2156.5 0 0 0 0 0 0 0 0 0
136.0 -868.1 2148.0 0 0 0 0 0 0 0 0 0
13.9 488.8 2054.0 5 0.9958136082 0.0649842173 -0.0642834827 -0.0614462197 0.9965626001 0.0555642024 0.0676733032 -0.0513816103 0.9963836074
-2.1 243.4 2066.6 0.9958136082 0.0649842173 -0.0642834827 -0.0614462197 0.9965626001 0.0555642024 0.0676733032 -0.0513816103 0.9963836074
15.2 53.4 2102.2 0.9938231707 -0.0893714502 -0.0657896474 0.0997968763 0.9790335298 0.1775780320 0.0485398620 -0.1830467582 0.9819051623
-137.8 229.8 2060.0 0.5762417316 -0.8136528730 -0.0769051313 0.5916364193 0.4802144170 -0.6475804448 0.5638366938 0.3276630342 0.7581062913
-203.0 162.9 1996.3 -0.5224595070 -0.8136528730 -0.2549608350 -0.8512045741 0.4802144170 0.2117661089 -0.0498682410 0.3276630342 -0.9434776306
133.6 257.0 2073.3 0.4541044533 0.2212439030 0.8630412817 0.7500285506 0.4279048443 -0.5043358207 -0.4808807671 0.8763267398 0.0283742510
251.2 451.2 1948.8 -0.8880562186 0.2212439030 0.4029978812 0.4597347975 0.4279048443 0.7781654000 -0.0002804060 0.8763267398 -0.4817170799
-51.0 -148.0 2135.5 0.9471305013 0.0385299698 -0.3185266256 -0.0778295323 0.9907023907 -0.1115856245 0.3112656772 0.1304769218 0.9413232207
-65.9 -532.5 2084.8 0.9558897018 0.0502653569 -0.2893930078 0.0127010951 0.9772534370 0.2116942555 0.2934511900 -0.2060319632 0.9335080385
126.7 -126.7 2144.2 0.7731409073 0.1241606846 0.6219624281 0.0101462016 0.9781041145 -0.2078687102 -0.6341531277 0.1670223624 0.7549525499
78.5 -506.4 2079.4 0.7709644437 -0.1709992439 0.6134925485 0.0228718426 0.9700933099 0.2416522503 -0.6364673972 -0.1722735912 0.7518185377
-57.1 400.5 2010.2 0 0 0 0 0 0 0 0 0
26.2 567.6 1948.7 0 0 0 0 0 0 0 0 0
-84.7 -897.1 2161.7 0 0 0 0 0 0 0 0 0
142.3 -868.3 2143.6 0 0 0 0 0 0 0 0 0
14.0 490.6 2052.5 6 0.9969317913 0.0675431713 -0.0395592861 -0.0647582412 0.9955888987 0.0678900406 0.0439702980 -0.0651199520 0.9969082475
-2.8 242.8 2068.7 0.9969317913 0.0675431713 -0.0395592861 -0.0647582412 0.9955888987 0.0678900406 0.0439702980 -0.0651199520 0.9969082475
15.5 52.2 2100.7 0.9947147369 -0.0942111462 -0.0408265740 0.0996284783 0.9817722440 0.1618562043 0.0248337407 -0.1650682390 0.9859694242
-138.6 229.1 2065.3 0.5902992487 -0.8051476479 -0.0573066659 0.5830587745 0.4744152129 -0.6595245600 0.5582017899 0.3559036851 0.7494953871
-205.3 163.2 2002.2 -0.5233857036 -0.8051476479 -0.2789348364 -0.8506174088 0.4744152129 0.2266719490 -0.0501734652 0.3559036851 -0.9331747890
133.1 256.4 2072.1 0.4601954520 0.2096023113 0.8627207279 0.7542695999 0.4202505052 -0.5044470429 -0.4682920873 0.8828682899 0.0353007056
251.7 450.8 1951.4 -0.8849782944 0.2096023113 0.4157887101 0.4654908776 0.4202505052 0.7789144516 -0.0114731397 0.8828682899 -0.4694805443
-56.4 -145.5 2133.4 0.9556159377 0.0182909910 -0.2940469682 -0.0538840033 0.9920867085 -0.1134042069 0.2896457911 0.1242152974 0.9490394592
-63.5 -530.6 2085.2 0.9598978162 0.0669734105 -0.2722328007 -0.0073491731 0.9767236710 0.2143755555 0.2802536786 -0.2037779540 0.9380471110
121.6 -127.6 2142.1 0.7578265071 0.1031260565 0.6442545652 0.0297998916 0.9809285402 -0.1920707226 -0.6517751813 0.1647550017 0.7403005362
81.5 -508.4 2078.1 0.7625833154 -0.1541152298 0.6282636523 0.0018048350 0.9717093706 0.2361729443 -0.6468875408 -0.1789676249 0.7412874699
-59.2 400.7 2016.2 0 0 0 0 0 0 0 0 0
27.3 568.8 1948.5 0 0 0 0 0 0 0 0 0
-88.5 -895.1 2161.2 0 0 0 0 0 0 0 0 0
139.1 -871.0 2144.9 0 0 0 0 0 0 0 0 0
12.3 496.3 2058.7 7 0.9979862571 0.0591711141 -0.0228520576 -0.0580593012 0.9972256422 0.0465851501 0.0255451519 -0.0451645628 0.9986528754
-2.7 242.9 2070.2 0.9979862571 0.0591711141 -0.0228520576 -0.0580593012 0.9972256422 0.0465851501 0.0255451519 -0.0451645628 0.9986528754
15.0 52.1 2101.1 0.9955091476 -0.0913980156 -0.0246560406 0.0941516161 0.9830308557 0.1574350744 0.0098483944 -0.1590494663 0.9872214794
-138.7 230.0 2068.9 0.6020473242 -0.7969380617 -0.0492823385 0.5772134662 0.4770413339 -0.6627640128 0.5516915917 0.3705688715 0.7472048402
-206.7 164.7 2006.5 -0.5287106633 -0.7969380617 -0.2921554148 -0.8475571275 0.4770413339 0.2325477302 -0.0459559187 0.3705688715 -0.9276673794
133.3 255.7 2071.5 0.4575476944 0.2019160539 0.8659561276 0.7593010664 0.4180715680 -0.4986763000 -0.4627223909 0.8856896162 0.0379726179
252.0 452.8 1951.5 -0.8883925080 0.2019160539 0.4122968614 0.4588691592 0.4180715680 0.7839995027 -0.0140675092 0.8856896162 -0.4640646875
-55.4 -147.2 2130.5 0.9598869681 0.0201588571 -0.2796617150 -0.0515105166 0.9931146502 -0.1052135974 0.2756151855 0.1153986752 0.9543161988
-63.2 -532.7 2085.7 0.9634439349 0.0667495281 -0.2594616115 -0.0113389362 0.9777567983 0.2094351500 0.2676700354 -0.1988369972 0.9427707195
122.8 -129.3 2135.0 0.7466033101 0.1047652289 0.6569685936 0.0180297438 0.9839733839 -0.1774015725 -0.6650251746 0.1442935765 0.7327488661
82.1 -511.2 2079.0 0.7491863370 -0.1484799534 0.6455025673 0.0017540285 0.9749917984 0.2222340405 -0.6623569727 -0.1653624773 0.7307109237
-59.1 401.4 2019.3 0 0 0 0 0 0 0 0 0
26.6 569.2 1947.9 0 0 0 0 0 0 0 0 0
-88.1 -897.7 2159.9 0 0 0 0 0 0 0 0 0
137.5 -875.1 2140.7 0 0 0 0 0 0 0 0 0
13.6 498.3 2060.8 8 0.9980575442 0.0574739128 -0.0240384713 -0.0566104092 0.9977763295 0.0351796038 0.0260069277 -0.0337504409 0.9990918636
-1.1 242.0 2069.5 0.9980575442 0.0574739128 -0.0240384713 -0.0566104092 0.9977763295 0.0351796038 0.0260069277 -0.0337504409 0.9990918636
16.0 50.9 2099.5 0.9957404733 -0.0884943157 -0.0258788932 0.0914233252 0.9840257168 0.1527587026 0.0119472193 -0.1544739455 0.9879246354
-137.2 229.5 2067.9 0.6026715636 -0.7962697148 -0.0523598716 0.5728765130 0.4774029553 -0.6662573814 0.5555173755 0.3715386391 0.7438814044
-205.3 164.7 2005.1 -0.5309214592 -0.7962697148 -0.2899602652 -0.8458884358 0.4774029553 0.2378216088 -0.0509422459 0.3715386391 -0.9270188212
134.9 254.5 2071.1 0.4513322711 0.1978481263 0.8701466918 0.7646558881 0.4169134796 -0.4914107323 -0.4600006044 0.8871523142 0.0368807726
252.9 454.4 1950.9 -0.8950698972 0.1978481263 0.3996323347 0.4458160400 0.4169134796 0.7921055555 -0.0098955082 0.8871523142 -0.4613705873
-56.5 -147.2 2131.1 0.9594587684 0.0128529975 -0.2815558314 -0.0456684716 0.9928484559 -0.1103011668 0.2781245708 0.1186876446 0.9531841278
-61.4 -532.6 2085.0 0.9617919922 0.0769205466 -0.2627533972 -0.0201939512 0.9770377278 0.2121072412 0.2730353773 -0.1986970156 0.9412603974
121.9 -130.3 2132.8 0.7476480603 0.0973812267 0.6569164991 0.0181703269 0.9858202934 -0.1668178439 -0.6638465524 0.1366574317 0.7352771759
84.1 -512.9 2079.8 0.7531719208 -0.1343507320 0.6439580321 -0.0181148406 0.9743146896 0.2244610190 -0.6575742960 -0.1807229370 0.7313926816
-57.0 400.9 2019.3 0 0 0 0 0 0 0 0 0
25.8 567.5 1948.4 0 0 0 0 0 0 0 0 0
-90.2 -897.3 2159.2 0 0 0 0 0 0 0 0 0
134.2 -876.5 2147.2 0 0 0 0 0 0 0 0 0
15.2 497.1 2063.4 9 0.9973989129 0.0682560652 -0.0231622402 -0.0676392764 0.9973593354 0.0264430586 0.0249059778 -0.0248076003 0.9993819594
-2.2 241.8 2069.8 0.9973989129 0.0682560652 -0.0231622402 -0.0676392764 0.9973593354 0.0264430586 0.0249059778 -0.0248076003 0.9993819594
15.5 50.7 2098.8 0.9954996109 -0.0915208980 -0.0245864801 0.0941619128 0.9845288992 0.1477713734 0.0106819328 -0.1494214386 0.9887158871
-138.2 228.9 2068.3 0.6020325422 -0.7969530225 -0.0492212065 0.5717667937 0.4733105600 -0.6701192856 0.5573505163 0.3752905428 0.7406195998
-206.3 164.3 2005.3 -0.5286476612 -0.7969530225 -0.2922285497 -0.8471053243 0.4733105600 0.2416395545 -0.0542605147 0.3752905428 -0.9253177047
133.8 254.7 2071.2 0.4528606236 0.1950366646 0.8699873090 0.7625195384 0.4209495783 -0.4912895262 -0.4620402753 0.8858680129 0.0419122241
253.2 455.8 1949.3 -0.9017269015 0.1950366646 0.3858099282 0.4322515428 0.4209495783 0.7974710464 -0.0068704356 0.8858680129 -0.4638864696
-56.0 -148.3 2128.4 0.9600170851 0.0158449616 -0.2794925869 -0.0480604768 0.9929021001 -0.1087913737 0.2757849991 0.1178741306 0.9539645314
-62.2 -533.7 2082.7 0.9632026553 0.0711517036 -0.2591873109 -0.0129534509 0.9754921794 0.2196524590 0.2684638500 -0.2082124650 0.9405183196
