29.3 481.0 2085.2 0 0.9919286966 0.1150719896 -0.0532536060 -0.1179528311 0.9915201664 -0.0545427725 0.0465256795 0.0603839532 0.9970903397
0.5 232.6 2070.0 0.9919286966 0.1150719896 -0.0532536060 -0.1179528311 0.9915201664 -0.0545427725 0.0465256795 0.0603839532 0.9970903397
12.5 41.0 2097.3 0.9968820214 -0.0625083968 -0.0481554382 0.0685998648 0.9881283641 0.1374643147 0.0389910787 -0.1403391510 0.9893354177
-135.7 223.1 2064.8 0.3690411150 -0.9045451880 -0.2135571837 0.6712969542 0.4183326066 -0.6118482351 0.6427823305 0.0824368745 0.7616003156
-197.4 111.0 1957.3 -0.4178709090 -0.9045451880 -0.0847462565 -0.9081995487 0.4183326066 0.0130910305 0.0236106943 0.0824368745 -0.9963165522
136.6 242.0 2075.3 0.5954076052 0.2861618400 0.7507337332 0.5937108994 0.4728316963 -0.6511048675 -0.5412920713 0.8333916068 0.1116301939
280.4 385.5 1944.5 -0.8204611540 0.2861618400 0.4949292243 0.5701742768 0.4728316963 0.6718121171 -0.0417712294 0.8333916068 -0.5511021018
-61.9 -161.3 2127.8 0.9485655427 0.0079766512 -0.3164803982 -0.0381359905 0.9952818155 -0.0892171264 0.3142755330 0.0966975838 0.9443942308
-65.0 -547.4 2090.3 0.9525194764 0.0656459928 -0.2973168194 0.0059359241 0.9722920656 0.2336940169 0.3044198453 -0.2243629545 0.9257374406
116.4 -147.5 2135.1 0.8063979745 0.0695544630 0.5872686505 0.0307778511 0.9867772460 -0.1591332406 -0.5905717611 0.1463996023 0.7935944796
89.5 -529.8 2078.4 0.8162004352 -0.0928915143 0.5702525973 -0.0457323194 0.9735072255 0.2240363359 -0.5759560466 -0.2089375257 0.7903288603
-79.2 367.8 1950.7 0 0 0 0 0 0 0 0 0
73.8 529.0 1934.0 0 0 0 0 0 0 0 0 0
-89.5 -910.1 2174.0 0 0 0 0 0 0 0 0 0
124.1 -893.1 2156.4 0 0 0 0 0 0 0 0 0
30.5 477.1 2087.1 1 0.9913654327 0.1205719560 -0.0515464917 -0.1235109791 0.9906327724 -0.0582383126 0.0440417379 0.0641020089 0.9969710708
0.9 233.6 2071.3 0.9913654327 0.1205719560 -0.0515464917 -0.1235109791 0.9906327724 -0.0582383126 0.0440417379 0.0641020089 0.9969710708
12.8 41.3 2094.1 0.9970167875 -0.0616726018 -0.0464118347 0.0666431263 0.9911819100 0.1145299524 0.0389392115 -0.1172813103 0.9923350215
-135.3 224.4 2066.0 0.3748684824 -0.9004523754 -0.2205882221 0.6453552246 0.4242811799 -0.6352181435 0.6655750871 0.0957654864 0.7401612997
-196.2 119.6 1957.9 -0.4234614968 -0.9004523754 -0.0993272290 -0.9054257870 0.4242811799 0.0137723330 0.0297413431 0.0957654864 -0.9949595332
137.1 242.7 2076.6 0.6073416471 0.3053526878 0.7334138751 0.5656217933 0.4820607901 -0.6690959334 -0.5578603148 0.8212046623 0.1200614423
281.0 376.7 1944.4 -0.8193312287 0.3053526878 0.4852381647 0.5724605918 0.4820607901 0.6632542610 -0.0313878283 0.8212046623 -0.5697698593
-64.8 -156.8 2121.0 0.9491510987 0.0098351724 -0.3146671653 -0.0337054655 0.9969416261 -0.0705077946 0.3130113482 0.0775285587 0.9465797544
-68.6 -543.6 2090.9 0.9534780383 0.0100686923 -0.3012942076 0.0500211455 0.9803035259 0.1910572350 0.2972834706 -0.1972399652 0.9341942668
113.7 -144.4 2127.9 0.8039409518 0.0630921125 0.5913529992 0.0209960267 0.9907256365 -0.1342456043 -0.5943384171 0.1203415915 0.7951601744
89.3 -528.6 2081.3 0.8092601895 -0.0993416533 0.5789898038 -0.0233099721 0.9793913364 0.2006221563 -0.5869877338 -0.1758517474 0.7902667522
-75.1 378.5 1949.4 0 0 0 0 0 0 0 0 0
72.7 522.2 1936.4 0 0 0 0 0 0 0 0 0
-72.4 -908.7 2164.4 0 0 0 0 0 0 0 0 0
126.3 -893.9 2146.9 0 0 0 0 0 0 0 0 0
25.7 472.8 2087.0 2 0.9936128855 0.1091620475 -0.0285838377 -0.1104326099 0.9927496910 -0.0474631004 0.0231954250 0.0503165387 0.9984639287
0.0 239.5 2075.2 0.9936128855 0.1091620475 -0.0285838377 -0.1104326099 0.9927496910 -0.0474631004 0.0231954250 0.0503165387 0.9984639287
11.2 46.5 2090.8 0.9979771972 -0.0582992285 -0.0253519844 0.0601324067 0.9950717092 0.0788442269 0.0206304844 -0.0802092180 0.9965645075
-136.3 231.2 2072.4 0.3646866381 -0.8997537494 -0.2396807224 0.6324174404 0.4282734394 -0.6454688907 0.6834119558 0.0838156193 0.7252055407
-196.5 126.8 1959.6 -0.4262282252 -0.8997537494 -0.0936626717 -0.9036471248 0.4282734394 -0.0019294635 0.0418492779 0.0838156193 -0.9956021309
136.3 247.7 2078.0 0.6350808144 0.3135575056 0.7059419751 0.5192686319 0.5032930970 -0.6906925440 -0.5718675852 0.8052190542 0.1568112224
282.7 367.4 1946.2 -0.8172866702 0.3135575056 0.4834502637 0.5747709870 0.5032930970 0.6452397704 -0.0409974158 0.8052190542 -0.5915585160
-64.6 -156.9 2113.3 0.9554993510 0.0079775844 -0.2948853672 -0.0236176495 0.9984941483 -0.0495144203 0.2940463126 0.0542754941 0.9542489052
-67.7 -544.4 2092.3 0.9585674405 0.0207221918 -0.2841109037 0.0364782028 0.9802104831 0.1945681423 0.2825203538 -0.1968705356 0.9388419390
114.0 -145.0 2120.3 0.7894840240 0.0664052293 0.6101682782 0.0069371890 0.9931010604 -0.1170560792 -0.6137319207 0.0966467559 0.7835767865
88.2 -530.2 2082.8 0.7913988233 -0.1202398613 0.5993582010 -0.0079033393 0.9783701897 0.2067107558 -0.6112490892 -0.1683275700 0.7733306885
-73.4 387.7 1947.5 0 0 0 0 0 0 0 0 0
73.5 514.6 1935.7 0 0 0 0 0 0 0 0 0
-75.4 -909.9 2165.7 0 0 0 0 0 0 0 0 0
133.1 -895.1 2145.6 0 0 0 0 0 0 0 0 0
26.1 471.5 2093.5 3 0.9931920767 0.1155390590 -0.0148380017 -0.1163046062 0.9906951189 -0.0706854835 0.0065330015 0.0719299912 0.9973883033
-0.9 240.7 2076.7 0.9931920767 0.1155390590 -0.0148380017 -0.1163046062 0.9906951189 -0.0706854835 0.0065330015 0.0719299912 0.9973883033
11.1 47.5 2089.2 0.9980253577 -0.0618049875 -0.0112021910 0.0623958781 0.9960139394 0.0637412742 0.0072180103 -0.0643143803 0.9979035854
-137.2 232.1 2075.8 0.3827896118 -0.8924500942 -0.2387570739 0.6220921874 0.4400704801 -0.6475641131 0.6829886436 0.0993519127 0.7236406207
-199.0 131.6 1965.4 -0.4351922870 -0.8924500942 -0.1189138144 -0.8978018165 0.4400704801 -0.0170249455 0.0675243735 0.0993519127 -0.9927586317
135.5 249.3 2077.7 0.6501329541 0.3191546500 0.6895414591 0.4983056784 0.5059992075 -0.7040286064 -0.5736014247 0.8013146520 0.1699301749
283.6 362.8 1947.0 -0.8628731966 0.3191546500 0.3919057548 0.5048063397 0.5059992075 0.6993821263 0.0249070637 0.8013146520 -0.5977244377
-67.0 -151.9 2104.5 0.9597133994 -0.0029429030 -0.2809653282 -0.0080588702 0.9992454648 -0.0379936136 0.2808651328 0.0387272425 0.9589655995
-65.8 -539.7 2089.5 0.9611899257 0.0420098491 -0.2726703882 0.0181963369 0.9765332341 0.2145966291 0.2752868831 -0.2112297267 0.9378694892
111.8 -141.0 2108.1 0.7786505222 0.0623802133 0.6243493557 -0.0114063062 0.9962885976 -0.0853162929 -0.6273542047 0.0593100525 0.7764721513
87.6 -527.4 2085.1 0.7775967121 -0.1234906763 0.6165171266 -0.0028076542 0.9798316360 0.1998051256 -0.6287570596 -0.1570987850 0.7615671158
-72.4 392.9 1945.8 0 0 0 0 0 0 0 0 0
162.5 433.6 1950.5 0 0 0 0 0 0 0 0 0
-81.5 -903.9 2168.2 0 0 0 0 0 0 0 0 0
133.7 -893.0 2143.8 0 0 0 0 0 0 0 0 0
17.6 462.3 2090.7 4 0.9971424341 0.0755263045 0.0016710799 -0.0751946345 0.9944050908 -0.0741910636 -0.0072651068 0.0738533959 0.9972426295
0.2 233.5 2073.7 0.9971424341 0.0755263045 0.0016710799 -0.0751946345 0.9944050908 -0.0741910636 -0.0072651068 0.0738533959 0.9972426295
13.0 40.4 2087.7 0.9978205562 -0.0659432337 0.0023761319 0.0656001940 0.9952310920 0.0721917897 -0.0071253604 -0.0718785748 0.9973879457
-136.1 224.5 2074.7 0.4335657656 -0.8736857176 -0.2206671536 0.5776551366 0.4574184120 -0.6760790944 0.6916178465 0.1656552553 0.7030100226
-202.4 136.2 1969.0 -0.4488898814 -0.8736857176 -0.1875396967 -0.8892481327 0.4574184120 -0.0024818394 0.0879524574 0.1656552553 -0.9822539091
136.5 242.5 2072.8 0.6528831124 0.3313732743 0.6811280251 0.4796435237 0.5151071548 -0.7103567719 -0.5862471461 0.7904785872 0.1773637086
284.4 351.1 1940.0 -0.9117809534 0.3313732743 0.2425845563 0.3902443349 0.5151071548 0.7631343007 0.1279252768 0.7904785872 -0.5989813805
-66.4 -151.4 2101.0 0.9635412693 -0.0027865819 -0.2675451934 -0.0069492031 0.9993478060 -0.0354355425 0.2674694359 0.0360028334 0.9628934860
-65.3 -539.3 2087.1 0.9644815326 0.0564363115 -0.2580509782 0.0074098734 0.9707449079 0.2399988919 0.2640463114 -0.2333866209 0.9358473420
112.4 -140.1 2102.3 0.7693515420 0.0704683587 0.6349270940 -0.0233248658 0.9963332415 -0.0823164508 -0.6383997202 0.0485206954 0.7681741714
85.0 -526.7 2083.5 0.7669552565 -0.1357533336 0.6271767616 -0.0051398510 0.9760357141 0.2175497264 -0.6416800022 -0.1700745076 0.7478779554
-71.6 395.3 1943.4 0 0 0 0 0 0 0 0 0
207.4 384.0 1950.8 0 0 0 0 0 0 0 0 0
-86.4 -901.4 2174.1 0 0 0 0 0 0 0 0 0
135.7 -890.9 2147.0 0 0 0 0 0 0 0 0 0
13.4 457.0 2089.3 5 0.9984390140 0.0558483042 0.0007211056 -0.0555510148 0.9942992330 -0.0910113230 -0.0057998230 0.0908292010 0.9958496094
0.5 226.9 2068.3 0.9984390140 0.0558483042 0.0007211056 -0.0555510148 0.9942992330 -0.0910113230 -0.0057998230 0.0908292010 0.9958496094
13.4 33.7 2082.7 0.9978045821 -0.0662264675 -0.0001395866 0.0660553277 0.9950701594 0.0739730820 -0.0047600772 -0.0738198981 0.9972602129
-135.8 217.8 2069.0 0.4849461019 -0.8534296751 -0.1910107434 0.5423882604 0.4648325741 -0.6998183131 0.6860336661 0.2357721776 0.6883090138
-203.4 142.2 1973.3 -0.4503093660 -0.8534296751 -0.2624486685 -0.8853662610 0.4648325741 0.0075703389 0.1155339330 0.2357721776 -0.9649162889
136.8 235.9 2067.7 0.6602024436 0.3333114684 0.6730796695 0.4708557427 0.5145152211 -0.7166372538 -0.5851731300 0.7900490761 0.1827425957
286.0 342.2 1935.5 -0.9406240582 0.3333114684 0.0642636642 0.2385890931 0.5145152211 0.8236196637 0.2414572388 0.7900490761 -0.5634899139
-63.6 -158.6 2102.3 0.9628754258 0.0034444639 -0.2699241340 -0.0126905059 0.9993906021 -0.0325165875 0.2696476579 0.0347348973 0.9623323679
-65.0 -546.6 2088.8 0.9637922049 0.0642685965 -0.2587935925 -0.0000749251 0.9705858231 0.2407554537 0.2666544020 -0.2320188433 0.9354478717
115.1 -146.9 2101.0 0.7706265450 0.0720022246 0.6332064867 -0.0286283400 0.9965052009 -0.0784717798 -0.6366437078 0.0423447825 0.7699946165
87.2 -533.6 2084.5 0.7686296701 -0.1160715148 0.6290754080 -0.0106647918 0.9809386134 0.1940249205 -0.6396051049 -0.1558422744 0.7527406216
-72.3 399.9 1939.6 0 0 0 0 0 0 0 0 0
230.9 356.2 1949.6 0 0 0 0 0 0 0 0 0
-89.0 -908.8 2175.4 0 0 0 0 0 0 0 0 0
130.5 -899.6 2142.7 0 0 0 0 0 0 0 0 0
10.0 454.4 2093.2 6 0.9990868568 0.0427249745 -0.0002757193 -0.0424965397 0.9930359721 -0.1098797843 -0.0044208118 0.1097911596 0.9939448237
0.1 223.7 2067.7 0.9990868568 0.0427249745 -0.0002757193 -0.0424965397 0.9930359721 -0.1098797843 -0.0044208118 0.1097911596 0.9939448237
12.9 30.7 2083.7 0.9978018403 -0.0662193000 -0.0025510022 0.0662035048 0.9943822622 0.0825896263 -0.0029323555 -0.0825769603 0.9965803623
-136.2 214.6 2068.1 0.5372378826 -0.8251162767 -0.1748100966 0.5182505846 0.4864593446 -0.7034014463 0.6654260159 0.2872984707 0.6889613867
-207.0 146.4 1980.5 -0.4600100815 -0.8251162767 -0.3279845417 -0.8737017512 0.4864593446 0.0016039022 0.1582277417 0.2872984707 -0.9446817040
136.4 232.7 2067.2 0.8906417489 0.3024038374 0.3395721316 0.1172161400 0.5688632131 -0.8140362501 -0.4393377900 0.7648179531 0.4712067246
323.2 257.3 1975.1 -0.7118102312 0.3024038374 0.6339385509 0.6684238911 0.5688632131 0.4791702926 -0.2157214135 0.7648179531 -0.6070566177
-63.2 -165.3 2097.4 0.9621626735 0.0177930072 -0.2718941271 -0.0162308551 0.9998363256 0.0079934523 0.2719918489 -0.0032779267 0.9622939825
-70.1 -553.2 2098.7 0.9637529254 0.0228105895 -0.2658193707 0.0217183139 0.9863240123 0.1633805633 0.2659108639 -0.1632316560 0.9500772953
115.6 -153.5 2096.5 0.7716651559 0.0730816871 0.6318163872 -0.0408019461 0.9970186353 -0.0654911175 -0.6347188950 0.0247578789 0.7723464370
87.2 -540.4 2086.9 0.7657860518 -0.1342896074 0.6289181709 0.0094786426 0.9802052975 0.1977566779 -0.6430255771 -0.1454780102 0.7519004345
-72.4 402.0 1934.2 0 0 0 0 0 0 0 0 0
236.8 338.5 1948.9 0 0 0 0 0 0 0 0 0
-78.6 -920.1 2159.4 0 0 0 0 0 0 0 0 0
137.3 -906.2 2141.2 0 0 0 0 0 0 0 0 0
10.7 452.7 2096.6 7 0.9995058179 0.0308909435 0.0058218352 -0.0298804827 0.9911652803 -0.1292227805 -0.0097622145 0.1289849579 0.9915984869
3.5 221.4 2066.5 0.9995058179 0.0308909435 0.0058218352 -0.0298804827 0.9911652803 -0.1292227805 -0.0097622145 0.1289849579 0.9915984869
16.8 28.4 2083.1 0.9976503253 -0.0684891790 0.0017483255 0.0680866539 0.9939785004 0.0858538970 -0.0076178606 -0.0855331272 0.9963061810
-132.8 212.1 2067.5 0.5948571563 -0.7881003022 -0.1582493931 0.5006538630 0.5172678828 -0.6941034794 0.6288805008 0.3336642683 0.7022659779
-208.5 148.4 1987.5 -0.4752983749 -0.7881003022 -0.3911385834 -0.8558205366 0.5172678828 -0.0022725689 0.2041144520 0.3336642683 -0.9203289747
139.8 230.7 2065.4 0.9455394149 0.2954651117 0.1365855783 -0.0946457162 0.6510325670 -0.7531260252 -0.3114441335 0.6991830468 0.6435414553
334.3 211.2 2001.3 -0.6124743819 0.2954651117 0.7331953645 0.6907544136 0.6510325670 0.3146664202 -0.3843611181 0.6991830468 -0.6028345823
-63.6 -168.3 2100.0 0.9633854032 0.0134458831 -0.2677829862 -0.0144250374 0.9998944998 -0.0016894493 0.2677320242 0.0054903706 0.9634777904
-68.8 -556.3 2097.8 0.9645190239 0.0367422812 -0.2614442706 0.0087931082 0.9852487445 0.1709022075 0.2638669908 -0.1671373397 0.9499680400
115.2 -156.4 2099.4 0.7697204947 0.0638559386 0.6351793408 -0.0292397104 0.9974669218 -0.0648443326 -0.6377110481 0.0313395523 0.7696378827
90.4 -543.6 2087.3 0.7687801719 -0.1005135626 0.6315647364 -0.0196861532 0.9833836555 0.1804687828 -0.6392100453 -0.1511739194 0.7540271878
-69.2 399.2 1927.7 0 0 0 0 0 0 0 0 0
220.9 339.1 1930.2 0 0 0 0 0 0 0 0 0
-82.5 -923.4 2160.1 0 0 0 0 0 0 0 0 0
127.9 -910.4 2143.7 0 0 0 0 0 0 0 0 0
12.6 454.5 2092.8 8 0.9995179772 0.0210526213 -0.0228159875 -0.0235931184 0.9927926660 -0.1174991131 0.0201778803 0.1179807782 0.9928108454
7.7 222.5 2065.2 0.9995179772 0.0210526213 -0.0228159875 -0.0235931184 0.9927926660 -0.1174991131 0.0201778803 0.1179807782 0.9928108454
15.2 29.6 2085.1 0.9989395142 -0.0388075411 -0.0247762688 0.0411398523 0.9939484596 0.1018525735 0.0206736866 -0.1027638540 0.9944909215
-128.7 216.8 2062.3 0.6584635377 -0.7471328378 -0.0906544998 0.5319936872 0.5472569466 -0.6461366415 0.5323612094 0.3772298098 0.7578186989
-212.0 149.5 1995.0 -0.4912798107 -0.7471328378 -0.4477014840 -0.8369488716 0.5472569466 0.0051428117 0.2411653847 0.3772298098 -0.8941683173
144.1 228.1 2068.0 0.9283637404 0.3629137576 0.0802147761 -0.2138506472 0.6980850101 -0.6833339334 -0.3039880097 0.6172284484 0.7256861329
322.7 187.0 2009.6 -0.5528500080 0.3629137576 0.7501003146 0.6945171952 0.6980850101 0.1741356254 -0.4604375362 0.6172284484 -0.6379861236
-59.3 -170.6 2100.3 0.9548352361 0.0233910605 -0.2962136865 -0.0245472975 0.9996986389 -0.0001843679 0.2961201072 0.0074472865 0.9551216960
-68.4 -558.6 2097.5 0.9573276043 0.0424782038 -0.2858660519 0.0150130028 0.9804943800 0.1959729046 0.2886146605 -0.1919019818 0.9380166531
119.5 -158.4 2099.0 0.7881223559 0.0796607658 0.6103419662 -0.0445516370 0.9963716865 -0.0725160539 -0.6139041781 0.0299597923 0.7888118029
88.5 -545.1 2087.3 0.7823970914 -0.1287247390 0.6093313694 0.0074412385 0.9802681208 0.1975325048 -0.6227354407 -0.1500146836 0.7679167390
-67.7 395.4 1924.1 0 0 0 0 0 0 0 0 0
200.1 341.0 1907.4 0 0 0 0 0 0 0 0 0
-84.2 -924.2 2169.0 0 0 0 0 0 0 0 0 0
136.6 -910.8 2143.3 0 0 0 0 0 0 0 0 0
14.8 456.2 2090.9 9 0.9996597171 0.0052669500 -0.0255488995 -0.0079027452 0.9945260286 -0.1041899100 0.0248602815 0.1043563560 0.9942291975
13.5 227.1 2066.8 0.9996597171 0.0052669500 -0.0255488995 -0.0079027452 0.9945260286 -0.1041899100 0.0248602815 0.1043563560 0.9942291975
17.5 33.8 2083.0 0.9994305968 -0.0202860460 -0.0269625597 0.0224664770 0.9962801933 0.0831930712 0.0251746047 -0.0837514549 0.9961686134
-122.9 224.0 2063.4 0.7011001110 -0.7120293379 -0.0383773632 0.5778284073 0.5988470912 -0.5545236468 0.4178192914 0.3666010499 0.8312825561
-217.9 145.7 2006.8 -0.5125917196 -0.7120293379 -0.4798582494 -0.8001472950 0.5988470912 -0.0338597186 0.3114708364 0.3666010499 -0.8766924143
150.0 230.1 2070.3 0.8723236322 0.4888701737 0.0075783874 -0.4031562507 0.7279750109 -0.5545425415 -0.2766161859 0.4806852937 0.8321208954
309.8 156.3 2019.6 -0.4950236082 0.4888701737 0.7183018923 0.6852098107 0.7279750109 -0.0232356917 -0.5342650414 0.4806852937 -0.6953434348
-66.7 -166.9 2103.0 0.9538844228 -0.0002210182 -0.3001740575 -0.0057694279 0.9998015165 -0.0190700740 0.3001186848 0.0199224800 0.9536938071
-66.7 -554.9 2095.3 0.9547168612 0.0560042523 -0.2921971977 0.0072760461 0.9774342775 0.2111144066 0.2974268794 -0.2036805302 0.9327654839
112.1 -159.5 2106.8 0.7920153737 0.0591838360 0.6076256037 -0.0174087863 0.9970746040 -0.0744252279 -0.6102528572 0.0483678989 0.7907288074
89.1 -546.4 2088.0 0.7879616022 -0.1345156133 0.6008510590 0.0153313559 0.9798280597 0.1992534548 -0.6155334711 -0.1477922201 0.7741292119
-67.1 381.2 1915.1 0 0 0 0 0 0 0 0 0
190.2 321.8 1890.5 0 0 0 0 0 0 0 0 0
-87.5 -919.5 2171.3 0 0 0 0 0 0 0 0 0
139.3 -912.1 2143.2 0 0 0 0 0 0 0 0 0
15.4 462.7 2095.9 0 0.9999179244 0.0025147472 -0.0125605809 -0.0034917362 0.9969177246 -0.0783764422 0.0123247681 0.0784138665 0.9968447089
14.8 249.4 2079.1 0.9999179244 0.0025147472 -0.0125605809 -0.0034917362 0.9969177246 -0.0783764422 0.0123247681 0.0784138665 0.9968447089
17.0 55.8 2082.9 0.9998473525 -0.0116647566 -0.0130088003 0.0119163236 0.9997401834 0.0194313712 0.0127787581 -0.0195834227 0.9997265339
-121.7 247.7 2077.4 0.6020551920 -0.7909352183 -0.1093205735 0.6953396797 0.5866653323 -0.4151223302 0.3924694657 0.1739116311 0.9031735659
-215.7 139.2 2016.2 -0.5017359853 -0.7909352183 -0.3502605855 -0.7844824195 0.5866653323 -0.2010253221 0.3644837439 0.1739116311 -0.9148258567
151.4 251.1 2080.8 0.7418662310 0.6695095301 0.0373019055 -0.6188578606 0.7050358653 -0.3463225961 -0.2581654489 0.2338404655 0.9373735785
295.9 130.5 2030.5 -0.4499841928 0.6695095301 0.5909917355 0.6354301572 0.7050358653 -0.3148854971 -0.6274892092 0.2338404655 -0.7426815629
-68.1 -161.5 2097.0 0.9577150345 -0.0069237757 -0.2876351774 0.0061849002 0.9999748468 -0.0034774237 0.2876520157 0.0015513861 0.9577337503
-65.4 -549.6 2096.4 0.9568713307 0.0649535879 -0.2831576765 -0.0080767088 0.9802560210 0.1975675672 0.2903997302 -0.1867597550 0.9385035038
110.9 -157.5 2101.5 0.7818027139 0.0517279990 0.6213765144 -0.0162818767 0.9979066253 -0.0625876561 -0.6233133078 0.0388140231 0.7810083628
90.8 -544.8 2086.4 0.7804164290 -0.1233652607 0.6129691601 -0.0048581581 0.9791167378 0.2032408416 -0.6252412200 -0.1615903974 0.7635194659
-67.5 370.9 1908.5 0 0 0 0 0 0 0 0 0
180.8 293.1 1870.0 0 0 0 0 0 0 0 0 0
-89.7 -915.3 2166.1 0 0 0 0 0 0 0 0 0
136.8 -910.2 2146.7 0 0 0 0 0 0 0 0 0
16.6 464.7 2104.9 1 0.9991950393 0.0009388139 -0.0401041247 -0.0042780773 0.9965186119 -0.0832604691 0.0398863405 0.0833650157 0.9957205057
16.4 260.4 2087.8 0.9991950393 0.0009388139 -0.0401041247 -0.0042780773 0.9965186119 -0.0832604691 0.0398863405 0.0833650157 0.9957205057
17.9 66.9 2081.7 0.9991640449 -0.0070800730 -0.0402624756 0.0058011264 0.9994776249 -0.0317938179 0.0404665470 0.0315336734 0.9986831546
-120.0 259.7 2082.4 0.5368234515 -0.8231713772 -0.1849580705 0.7505999804 0.5660754442 -0.3408199251 0.3852534294 0.0441306047 0.9217550159
-206.7 138.5 2020.2 -0.4985219538 -0.8231713772 -0.2717807293 -0.7577607632 0.5660754442 -0.3245878518 0.4210398197 0.0441306047 -0.9059679508
152.9 261.1 2093.3 0.5898150802 0.8029919267 0.0855690762 -0.7610970736 0.5881817341 -0.2734474540 -0.2699062824 0.0961570740 0.9580732584
273.7 105.2 2038.0 -0.3662528992 0.8029919267 0.4701730907 0.6142770052 0.5881817341 -0.5260285139 -0.6989438534 0.0961570740 -0.7086827755
-70.4 -138.9 2085.6 0.9491876960 -0.0172221549 -0.3142389059 0.0180225689 0.9998375177 -0.0003581893 0.3141940236 -0.0053234035 0.9493438601
-63.7 -527.0 2087.6 0.9484751225 0.0641251057 -0.3102948070 0.0061076535 0.9754245281 0.2202491313 0.3167926669 -0.2107959986 0.9247742891
108.7 -136.7 2087.8 0.7959376574 0.0547934547 0.6028938293 -0.0348704606 0.9983915687 -0.0447020903 -0.6043735147 0.0145568922 0.7965680957
87.5 -524.2 2082.2 0.7912898660 -0.1291228384 0.5976517797 0.0054627447 0.9789015651 0.2042593211 -0.6114168167 -0.1583635062 0.7753002644
-61.2 359.6 1897.3 0 0 0 0 0 0 0 0 0
177.6 266.4 1854.6 0 0 0 0 0 0 0 0 0
-87.6 -890.9 2166.3 0 0 0 0 0 0 0 0 0
135.7 -889.5 2141.3 0 0 0 0 0 0 0 0 0
18.3 465.9 2103.0 2 0.9999982119 0.0018886477 0.0000614772 -0.0018805203 0.9978349209 -0.0657418147 -0.0001855072 0.0657415763 0.9978366494
18.0 265.4 2089.8 0.9999982119 0.0018886477 0.0000614772 -0.0018805203 0.9978349209 -0.0657418147 -0.0001855072 0.0657415763 0.9978366494
18.8 71.8 2081.7 0.9999908805 -0.0042683114 0.0000328103 0.0042659687 0.9991216660 -0.0416852236 0.0001451441 0.0416849814 0.9991307855
-118.5 264.9 2089.8 0.5004280210 -0.8329523206 -0.2361402661 0.7700518966 0.5528856516 -0.3183355927 0.3957169354 -0.0225362200 0.9180960059
-200.2 139.1 2025.1 -0.4956787825 -0.8329523206 -0.2459531426 -0.7274258137 0.5528856516 -0.4064101279 0.4745042324 -0.0225362200 -0.8799647093
154.4 266.0 2089.7 0.4884108901 0.8657678366 0.1090912372 -0.8461425304 0.5004382133 -0.1833150834 -0.2133017182 -0.0027736579 0.9769824147
257.6 87.3 2044.7 -0.3196052611 0.8657678366 0.3850955367 0.5486414433 0.5004382133 -0.6697418690 -0.7725574970 -0.0027736579 -0.6349387765
-70.1 -127.1 2072.0 0.9606837034 -0.0272631645 -0.2763032913 0.0341649801 0.9992121458 0.0201954059 0.2755349874 -0.0288412943 0.9608582854
-59.5 -514.9 2083.2 0.9576290250 0.0823200047 -0.2759892642 -0.0186725240 0.9740108252 0.2257305980 0.2873986661 -0.2110127509 0.9342781305
108.8 -126.2 2079.2 0.7701975107 0.0591615215 0.6350557208 -0.0408005044 0.9982194901 -0.0435107313 -0.6364991069 0.0076012639 0.7712399364
85.9 -513.6 2076.2 0.7659498453 -0.1306468099 0.6294857264 -0.0052132215 0.9778398275 0.2092894465 -0.6428792477 -0.1635868549 0.7482951283
-56.2 350.4 1887.3 0 0 0 0 0 0 0 0 0
174.7 229.6 1844.3 0 0 0 0 0 0 0 0 0
-90.2 -878.3 2161.9 0 0 0 0 0 0 0 0 0
134.6 -878.6 2137.3 0 0 0 0 0 0 0 0 0
21.0 465.1 2102.0 3 0.9998767972 0.0056918534 0.0146265468 -0.0047969702 0.9981563687 -0.0605050698 -0.0149439666 0.0604274534 0.9980607033
19.8 266.5 2089.9 0.9998767972 0.0056918534 0.0146265468 -0.0047969702 0.9981563687 -0.0605050698 -0.0149439666 0.0604274534 0.9980607033
19.5 72.8 2080.9 0.9998905659 0.0018217745 0.0146792531 -0.0011374005 0.9989178181 -0.0464960225 -0.0147480732 0.0464742407 0.9988105893
-116.7 266.7 2092.0 0.4915518761 -0.8369556665 -0.2405866534 0.7945810556 0.5441098809 -0.2694167197 0.3563954532 -0.0587332994 0.9324873686
-197.3 136.4 2033.5 -0.4871582389 -0.8369556665 -0.2493632585 -0.6918208599 0.5441098809 -0.4746876359 0.5329735279 -0.0587332994 -0.8440909982
156.4 266.4 2087.9 0.3789670765 0.9156533480 0.1340259314 -0.9025880694 0.3976899683 -0.1648560911 -0.2042517811 -0.0584951676 0.9771691561
235.0 79.1 2045.5 -0.2553921938 0.9156533480 0.3104090989 0.4631954432 0.3976899683 -0.7920181155 -0.8486605883 -0.0584951676 -0.5256933570
-69.9 -122.3 2073.6 0.9647778869 -0.0270183533 -0.2616746128 0.0306516327 0.9994819760 0.0098124212 0.2612739503 -0.0174875613 0.9651062489
-59.4 -510.3 2080.4 0.9619200826 0.0805134624 -0.2612036467 -0.0191080347 0.9731019735 0.2295810580 0.2726621330 -0.2158475518 0.9375847578
109.1 -121.6 2073.6 0.7597815394 0.0673809499 0.6466775537 -0.0512576550 0.9977273345 -0.0437361598 -0.6481548548 0.0000827505 0.7615085840
83.0 -508.9 2073.5 0.7534912229 -0.1441074163 0.6414702535 -0.0022536290 0.9751105905 0.2217075080 -0.6574541330 -0.1685002893 0.7344124913
-56.1 336.8 1879.1 0 0 0 0 0 0 0 0 0
171.3 194.6 1833.9 0 0 0 0 0 0 0 0 0
-89.4 -873.4 2160.9 0 0 0 0 0 0 0 0 0
136.8 -872.8 2136.4 0 0 0 0 0 0 0 0 0
22.5 463.0 2102.0 4 0.9979752302 -0.0028163563 -0.0635415316 -0.0012025019 0.9980051517 -0.0631209984 0.0635925457 0.0630696043 0.9959810376
23.1 266.1 2089.5 0.9979752302 -0.0028163563 -0.0635415316 -0.0012025019 0.9980051517 -0.0631209984 0.0635925457 0.0630696043 0.9959810376
24.5 72.3 2079.3 0.9979487062 -0.0073919799 -0.0635907948 0.0039883042 0.9985606074 -0.0534859970 0.0638946295 0.0531226620 0.9965417385
-112.8 265.5 2080.8 0.5348231792 -0.8172181249 -0.2147526443 0.8064737916 0.5695335269 -0.1588443965 0.2521193624 -0.0882387087 0.9636647701
-197.0 138.5 2041.1 -0.5064095855 -0.8172181249 -0.2751433849 -0.6365154386 0.5695335269 -0.5200765729 0.5817193985 -0.0882387087 -0.8085892200
158.9 266.6 2098.2 0.2843028605 0.9393474460 0.1918287575 -0.9290961027 0.3193083704 -0.1866080314 -0.2365423143 -0.1251741648 0.9635243416
216.9 77.3 2050.0 -0.2342684418 0.9393474460 0.2504889071 0.3308108151 0.3193083704 -0.8880351186 -0.9141567349 -0.1251741648 -0.3855501413
-70.4 -120.9 2073.3 0.9412053823 -0.0281243343 -0.3366621435 0.0293965396 0.9995669723 -0.0013187464 0.3365534246 -0.0086554913 0.9416245818
-59.5 -508.9 2076.6 0.9395662546 0.0783421472 -0.3332833052 0.0056060720 0.9698166251 0.2437709719 0.3423212171 -0.2309073955 0.9107677937
108.6 -121.1 2070.6 0.8076190948 0.0692833439 0.5856203437 -0.0583490320 0.9975896478 -0.0375542864 -0.5868106484 -0.0038408206 0.8097150922
81.8 -508.4 2072.1 0.7977110147 -0.1547795683 0.5828382373 0.0204365104 0.9728837609 0.2303900123 -0.6026934981 -0.1718734801 0.7792432904
-51.4 321.5 1873.9 0 0 0 0 0 0 0 0 0
161.0 156.1 1832.2 0 0 0 0 0 0 0 0 0
-88.7 -870.9 2162.8 0 0 0 0 0 0 0 0 0
139.5 -871.5 2136.2 0 0 0 0 0 0 0 0 0
23.6 461.4 2101.0 5 0.9944486618 -0.0080858050 -0.1049116105 0.0013839877 0.9979619384 -0.0637967587 0.1052136496 0.0632974058 0.9924331307
25.2 265.1 2088.5 0.9944486618 -0.0080858050 -0.1049116105 0.0013839877 0.9979619384 -0.0637967587 0.1052136496 0.0632974058 0.9924331307
27.4 71.4 2077.9 0.9944111109 -0.0111433072 -0.1049874499 0.0052839560 0.9984210730 -0.0559237190 0.1054448560 0.0550564192 0.9928998947
-110.3 264.4 2074.1 0.5723063350 -0.7982227802 -0.1878985912 0.8020820618 0.5925702453 -0.0743294507 0.1706745625 -0.1081708744 0.9793718457
-200.6 138.0 2047.2 -0.5197033286 -0.7982227802 -0.3045469522 -0.5866991282 0.5925702453 -0.5519462228 0.6210414767 -0.1081708744 -0.7762773633
160.7 265.8 2102.9 0.2629996836 0.9350770116 0.2376176119 -0.9410145283 0.3029612303 -0.1506856084 -0.2128915638 -0.1839713603 0.9595997930
215.4 70.1 2058.6 -0.2565144598 0.9350770116 0.2446043640 0.2202348709 0.3029612303 -0.9272060990 -0.9411147237 -0.1839713603 -0.2836505175
-63.1 -121.8 2063.3 0.9263783097 -0.0135483174 -0.3763504028 0.0269589853 0.9991745353 0.0303894598 0.3756279945 -0.0382981636 0.9259788394
-57.8 -509.5 2078.2 0.9240731001 0.0894841701 -0.3715931177 -0.0028358211 0.9737861753 0.2274475545 0.3822051883 -0.2091244012 0.9001034498
115.1 -121.2 2074.8 0.8308067918 0.0814407393 0.5505701303 -0.0645791292 0.9966603518 -0.0499772429 -0.5528015494 0.0059660962 0.8332915902
83.5 -508.0 2072.4 0.8216863871 -0.1416683197 0.5520521998 0.0190745760 0.9749076366 0.2217910141 -0.5696206689 -0.1717124879 0.8037706017
-51.6 306.2 1869.2 0 0 0 0 0 0 0 0 0
153.4 123.3 1831.2 0 0 0 0 0 0 0 0 0
-91.2 -872.9 2156.2 0 0 0 0 0 0 0 0 0
136.4 -871.9 2136.5 0 0 0 0 0 0 0 0 0
26.4 460.9 2101.5 6 0.9935225248 -0.0078153303 -0.1133662760 0.0004079433 0.9978710413 -0.0652168468 0.1136346087 0.0647481605 0.9914105535
27.9 264.8 2088.7 0.9935225248 -0.0078153303 -0.1133662760 0.0004079433 0.9978710413 -0.0652168468 0.1136346087 0.0647481605 0.9914105535
30.1 71.0 2077.7 0.9934846163 -0.0109886453 -0.1134353802 0.0044333283 0.9983136654 -0.0578802787 0.1138801202 0.0570002683 0.9918580055
-107.6 264.2 2073.2 0.5965672135 -0.7807213068 -0.1859617829 0.7906607389 0.6114826798 -0.0307334233 0.1377066374 -0.1286981255 0.9820762277
-204.5 135.9 2050.8 -0.5317782164 -0.7807213068 -0.3281556964 -0.5419988632 0.6114826798 -0.5764774084 0.6507297158 -0.1286981255 -0.7483232021
163.5 265.4 2104.3 0.2701461911 0.9047910571 0.3292023838 -0.9409894943 0.3205041587 -0.1087008044 -0.2038622499 -0.2804108858 0.9379818439
219.5 70.3 2062.0 -0.3288665414 0.9047910571 0.2705549598 0.1075317413 0.3205041587 -0.9411237836 -0.9382343888 -0.2804108858 -0.2026968449
-59.3 -122.9 2057.8 0.9232172370 -0.0015082163 -0.3842755556 0.0199603979 0.9988306165 0.0440343656 0.3837597668 -0.0483235754 0.9221677184
-58.7 -510.5 2076.6 0.9223234057 0.0843504667 -0.3771001697 0.0089953775 0.9709332585 0.2391813248 0.3863141537 -0.2239946872 0.8947556615
118.4 -122.0 2076.7 0.8354364634 0.0891315863 0.5423112512 -0.0638244376 0.9958194494 -0.0653456971 -0.5458684564 0.0199794658 0.8376326561
83.8 -508.5 2068.9 0.8273084760 -0.1399433464 0.5440372229 0.0085927378 0.9715116024 0.2368362546 -0.5616821647 -0.1912618726 0.8049422503
-53.2 290.0 1865.8 0 0 0 0 0 0 0 0 0
139.2 96.5 1833.0 0 0 0 0 0 0 0 0 0
-90.2 -872.8 2160.2 0 0 0 0 0 0 0 0 0
136.1 -871.1 2140.3 0 0 0 0 0 0 0 0 0
28.8 460.3 2101.2 7 0.9961767793 -0.0061684200 -0.0871420950 0.0010625790 0.9982858300 -0.0585174114 0.0873536766 0.0582010895 0.9944757223
30.0 264.3 2089.8 0.9961767793 -0.0061684200 -0.0871420950 0.0010625790 0.9982858300 -0.0585174114 0.0873536766 0.0582010895 0.9944757223
31.8 70.5 2079.1 0.9961495399 -0.0093958369 -0.0871652514 0.0045570894 0.9984457493 -0.0555461049 0.0875516757 0.0549350083 0.9946441054
-106.0 263.7 2077.8 0.6144598126 -0.7599142790 -0.2120598257 0.7728214860 0.6338177323 -0.0319692008 0.1587011218 -0.1442406029 0.9767336249
-208.7 134.5 2051.3 -0.5463389158 -0.7599142790 -0.3521989286 -0.5025466681 0.6338177323 -0.5879812241 0.6700452566 -0.1442406029 -0.7281717062
166.0 265.0 2101.7 0.2875501215 0.8664636612 0.4081123173 -0.9381242990 0.3406562507 -0.0622586422 -0.1929708570 -0.3649576008 0.9108063579
226.1 68.8 2061.4 -0.3927501142 0.8664636612 0.3082013726 0.0138266049 0.3406562507 -0.9400862455 -0.9195412993 -0.3649576008 -0.1457730383
-56.7 -123.2 2056.5 0.9330340624 0.0065268953 -0.3597288728 0.0142363440 0.9983826876 0.0550395995 0.3595063090 -0.0564750433 0.9314321280
-59.2 -510.7 2078.4 0.9321867228 0.0816290975 -0.3526536524 0.0034633284 0.9721853137 0.2341874838 0.3619612157 -0.2195278108 0.9059755206
121.1 -122.4 2076.9 0.8207613826 0.0933558419 0.5635915399 -0.0645568445 0.9953945279 -0.0708671436 -0.5676118135 0.0217813216 0.8230081201
84.9 -508.8 2068.4 0.8155303597 -0.1279315650 0.5643967986 -0.0177201498 0.9692823291 0.2453116626 -0.5784429312 -0.2100603133 0.7882121801
-53.7 277.1 1861.1 0 0 0 0 0 0 0 0 0
130.2 72.2 1836.9 0 0 0 0 0 0 0 0 0
-89.7 -873.5 2160.3 0 0 0 0 0 0 0 0 0
132.6 -870.5 2146.8 0 0 0 0 0 0 0 0 0
30.0 457.8 2101.6 8 0.9985343218 -0.0047818134 -0.0539109632 0.0017254180 0.9983955622 -0.0565979853 0.0540951081 0.0564220101 0.9969404340
30.9 261.7 2090.5 0.9985343218 -0.0047818134 -0.0539109632 0.0017254180 0.9983955622 -0.0565979853 0.0540951081 0.0564220101 0.9969404340
32.3 67.9 2080.0 0.9985203147 -0.0070416094 -0.0539223962 0.0040892870 0.9984962344 -0.0546671636 0.0542262532 0.0543657690 0.9970476031
-105.4 261.2 2083.1 0.6240621805 -0.7344883680 -0.2665956914 0.7548542619 0.6548410654 -0.0371242575 0.2018451393 -0.1780730486 0.9630932212
-212.4 131.7 2048.5 -0.5659318566 -0.7344883680 -0.3744970262 -0.4462502003 0.6548410654 -0.6099539995 0.6932401657 -0.1780730486 -0.6983609796
167.2 262.3 2097.9 0.3447721601 0.7858714461 0.5133597255 -0.9184927940 0.3952622712 0.0117761539 -0.1936571896 -0.4755772948 0.8580927253
239.7 69.0 2057.2 -0.4899785519 0.7858714461 0.3772625625 -0.0711749792 0.3952622712 -0.9158066511 -0.8688240051 -0.4755772948 -0.1377356648
-55.5 -123.7 2060.7 0.9443808794 0.0145798717 -0.3285303116 -0.0009390365 0.9991321564 0.0416412465 0.3288523257 -0.0390166938 0.9435750246
-61.1 -511.5 2075.8 0.9459202290 0.0579934902 -0.3191734254 0.0208523571 0.9709857702 0.2382263541 0.3237284422 -0.2319986373 0.9172657728
122.8 -122.9 2076.3 0.8003154397 0.1010801047 0.5909975171 -0.0756042004 0.9948323965 -0.0677677244 -0.5947934389 0.0095536625 0.8038218021
83.6 -509.1 2072.6 0.7940258980 -0.1303002685 0.5937547684 -0.0185147598 0.9711197019 0.2378732264 -0.6076018810 -0.1998707354 0.7686817646
-52.4 257.9 1852.5 0 0 0 0 0 0 0 0 0
120.4 51.7 1845.6 0 0 0 0 0 0 0 0 0
-82.8 -873.8 2162.4 0 0 0 0 0 0 0 0 0
132.2 -871.5 2147.2 0 0 0 0 0 0 0 0 0
31.2 458.2 2100.8 9 0.9993720651 -0.0060569583 -0.0349116661 0.0042336043 0.9986346364 -0.0520668998 0.0351793654 0.0518864021 0.9980331659
32.4 261.8 2090.6 0.9993720651 -0.0060569583 -0.0349116661 0.0042336043 0.9986346364 -0.0520668998 0.0351793654 0.0518864021 0.9980331659
33.9 67.9 2080.5 0.9993618727 -0.0075626238 -0.0349091850 0.0057254340 0.9986081719 -0.0524308197 0.0352571085 0.0521974936 0.9980142117
-104.1 261.0 2085.8 0.6373611093 -0.7147424221 -0.2879481912 0.7382705212 0.6734600663 -0.0375259742 0.2207430005 -0.1886660755 0.9569104910
-217.3 129.8 2046.5 -0.5730352402 -0.7147424221 -0.4009662271 -0.4092503190 0.6734600663 -0.6156019568 0.7100315094 -0.1886660755 -0.6784248948
168.8 262.6 2095.4 0.3967964351 0.6946182847 0.6000483632 -0.8933631778 0.4424017370 0.0786319822 -0.2108432353 -0.5672619939 0.7960897684
254.5 69.8 2049.9 -0.5681152940 0.6946182847 0.4413054287 -0.1463825852 0.4424017370 -0.8847897053 -0.8098253608 -0.5672619939 -0.1496551782
-55.7 -126.3 2064.6 0.9504312873 0.0091036046 -0.3108014464 -0.0005878374 0.9996221066 0.0274820626 0.3109341860 -0.0259371120 0.9500774741
-59.2 -514.3 2074.7 0.9506308436 0.0775527805 -0.3004772365 0.0018622030 0.9668262601 0.2554281056 0.3103184402 -0.2433773875 0.9189504385
123.0 -125.6 2074.3 0.7889304757 0.0981341824 0.6065956950 -0.0764974132 0.9951709509 -0.0615057871 -0.6097022295 0.0021207877 0.7926276922
84.9 -511.9 2073.5 0.7834169269 -0.1251710206 0.6087611318 -0.0252263807 0.9722970128 0.2323837280 -0.6209843159 -0.1974101812 0.7585563064
-55.4 245.4 1845.9 0 0 0 0 0 0 0 0 0
115.3 33.9 1851.5 0 0 0 0 0 0 0 0 0
-88.2 -875.0 2165.5 0 0 0 0 0 0 0 0 0
131.6 -874.8 2147.2 0 0 0 0 0 0 0 0 0
34.0 458.5 2101.4 0 0.9995726943 0.0021563801 -0.0291518588 -0.0036826767 0.9986191392 -0.0524049141 0.0289985985 0.0524898767 0.9982003570
33.6 261.8 2091.0 0.9995726943 0.0021563801 -0.0291518588 -0.0036826767 0.9986191392 -0.0524049141 0.0289985985 0.0524898767 0.9982003570
33.9 68.0 2080.8 0.9995742440 -0.0012327521 -0.0291521009 -0.0003120954 0.9985982180 -0.0529288314 0.0291764848 0.0529153943 0.9981727004
-102.9 261.9 2087.1 0.6256842017 -0.7125302553 -0.3175214827 0.7484354973 0.6630770564 -0.0131586613 0.2199171484 -0.2294111848 0.9481597543
-220.2 121.5 2045.8 -0.5801821351 -0.7125302553 -0.3945749104 -0.3729313910 0.6630770564 -0.6490385532 0.7240931392 -0.2294111848 -0.6504303217
170.1 261.8 2095.0 0.4276174307 0.6216437221 0.6562792063 -0.8711374402 0.4772498608 0.1155516878 -0.2413771749 -0.6211212873 0.7456174493
264.2 70.2 2041.9 -0.6174324751 0.6216437221 0.4820126295 -0.1894011945 0.4772498608 -0.8581140637 -0.7634816766 -0.6211212873 -0.1769294888
-54.1 -126.4 2067.2 0.9523394704 0.0104085570 -0.3048626184 -0.0021953357 0.9996256828 0.0272711553 0.3050323427 -0.0253021214 0.9520058036
-58.2 -514.5 2077.0 0.9517387152 0.0875923112 -0.2941445112 -0.0090881092 0.9660311937 0.2582655847 0.3067748547 -0.2431281358 0.9202053547
124.8 -125.4 2073.5 0.7849827409 0.0993380994 0.6115014553 -0.0783565044 0.9950537682 -0.0610599369 -0.6145424247 0.0000158789 0.7888838053
86.3 -511.7 2073.5 0.7817095518 -0.1088897511 0.6140628457 -0.0450574048 0.9722046256 0.2297564894 -0.6220128536 -0.2072709203 0.7550753355
-56.2 226.9 1841.2 0 0 0 0 0 0 0 0 0
111.6 23.4 1853.3 0 0 0 0 0 0 0 0 0
-90.9 -875.0 2167.7 0 0 0 0 0 0 0 0 0
126.9 -874.5 2150.8 0 0 0 0 0 0 0 0 0
35.6 458.5 2100.7 1 0.9999892712 0.0041853166 0.0019824863 -0.0040924912 0.9989913702 -0.0447156429 -0.0021676361 0.0447070487 0.9989978075
34.8 261.4 2091.8 0.9999892712 0.0041853166 0.0019824863 -0.0040924912 0.9989913702 -0.0447156429 -0.0021676361 0.0447070487 0.9989978075
34.5 67.5 2082.5 0.9999970794 0.0014096966 0.0019723633 -0.0013127269 0.9988305569 -0.0483303517 -0.0020381878 0.0483276211 0.9988294840
-101.7 261.6 2092.1 0.5852434635 -0.7409145832 -0.3294474781 0.7789053321 0.6266202331 -0.0255664121 0.2253809720 -0.2416458130 0.9438276887
-217.6 107.4 2047.5 -0.5504800081 -0.7409145832 -0.3847302198 -0.3605046868 0.6266202331 -0.6909294128 0.7529994249 -0.2416458130 -0.6120451093
171.3 261.2 2091.6 0.4059213996 0.6216871738 0.6698752642 -0.8768852353 0.4714549482 0.0938219205 -0.2574881017 -0.6254880428 0.7365219593
260.4 68.8 2035.1 -0.6177554727 0.6216871738 0.4815425277 -0.1958199143 0.4714549482 -0.8598748446 -0.7615988255 -0.6254880428 -0.1695051342
-55.4 -125.8 2067.9 0.9613881707 0.0085745687 -0.2750623226 -0.0026593991 0.9997572899 0.0218705796 0.2751831114 -0.0202946141 0.9611775875
-58.7 -514.0 2075.8 0.9604530931 0.0866082385 -0.2646297514 -0.0137796942 0.9640148282 0.2654912174 0.2781007290 -0.2513453364 0.9270843863
123.6 -125.9 2073.1 0.7650074363 0.1014833078 0.6359754801 -0.0852987990 0.9947729707 -0.0561321005 -0.6383476853 -0.0113064684 0.7696651220
84.2 -512.1 2077.5 0.7577832341 -0.1305110753 0.6393210888 -0.0177325979 0.9753119349 0.2201186270 -0.6522653699 -0.1781390309 0.7367607355
-63.1 208.6 1836.2 0 0 0 0 0 0 0 0 0
107.7 20.3 1846.7 0 0 0 0 0 0 0 0 0
-91.1 -873.8 2169.6 0 0 0 0 0 0 0 0 0
132.9 -875.9 2144.0 0 0 0 0 0 0 0 0 0
34.8 456.5 2101.3 2 0.9992989302 0.0022142485 0.0373728573 -0.0005152593 0.9989683628 -0.0454090536 -0.0374348499 0.0453579612 0.9982691407
34.3 259.3 2092.4 0.9992989302 0.0022142485 0.0373728573 -0.0005152593 0.9989683628 -0.0454090536 -0.0374348499 0.0453579612 0.9982691407
34.3 65.4 2082.9 0.9993015528 -0.0000371618 0.0373692364 0.0018595535 0.9988100529 -0.0487335920 -0.0373229571 0.0487690419 0.9981124997
-102.1 259.0 2097.5 0.5315075517 -0.7719388008 -0.3487265706 0.8097673655 0.5838553905 -0.0582208112 0.2485487908 -0.2514426112 0.9354144335
-210.3 94.1 2046.8 -0.5221618414 -0.7719388008 -0.3625706732 -0.3567661941 0.5838553905 -0.7292672992 0.7746385336 -0.2514426112 -0.5802686810
170.7 259.5 2087.3 0.3647243977 0.6673099399 0.6493639946 -0.8945031762 0.4447539151 0.0453650504 -0.2585346103 -0.5974038839 0.7591234446
251.0 62.5 2030.3 -0.5982064605 0.6673099399 0.4436738491 -0.1577645242 0.4447539151 -0.8816486597 -0.7856585979 -0.5974038839 -0.1607768238
-55.2 -126.3 2073.3 0.9704517126 0.0097807981 -0.2410970628 -0.0068597649 0.9998925924 0.0129519477 0.2411978394 -0.0109153707 0.9704145789
-59.0 -514.4 2077.5 0.9689610004 0.0869227424 -0.2314283103 -0.0254221223 0.9662190080 0.2564654350 0.2459031045 -0.2426216006 0.9384382963
123.8 -126.5 2072.9 0.7425832748 0.0963106602 0.6627928019 -0.0794090182 0.9952871799 -0.0556568392 -0.6650295258 -0.0113018835 0.7467315793
86.4 -512.9 2077.3 0.7385411859 -0.1189036816 0.6636406183 -0.0417992324 0.9743569493 0.2210911661 -0.6729114056 -0.1910246015 0.7146326303
-64.6 193.7 1830.7 0 0 0 0 0 0 0 0 0
103.9 23.7 1837.1 0 0 0 0 0 0 0 0 0
-91.5 -875.1 2168.1 0 0 0 0 0 0 0 0 0
130.8 -876.4 2148.6 0 0 0 0 0 0 0 0 0
35.2 455.7 2101.1 3 0.9983928204 0.0052965414 0.0564240403 -0.0028246783 0.9990363717 -0.0437986925 -0.0566016510 0.0435689203 0.9974457622
34.2 258.5 2092.5 0.9983928204 0.0052965414 0.0564240403 -0.0028246783 0.9990363717 -0.0437986925 -0.0566016510 0.0435689203 0.9974457622
33.3 64.6 2083.7 0.9983966351 0.0046622176 0.0564130731 -0.0020656632 0.9989393950 -0.0459985882 -0.0565676950 0.0458083041 0.9973473549
-102.1 258.8 2100.3 0.4924323559 -0.8041210175 -0.3330162168 0.8414630890 0.5376199484 -0.0538947135 0.2223740220 -0.2536813617 0.9413796067
-205.6 82.0 2053.5 -0.4804554880 -0.8041210175 -0.3500742018 -0.3364535570 0.5376199484 -0.7731518745 0.8099145293 -0.2536813617 -0.5288518071
170.5 258.2 2084.8 0.3260652423 0.7166084647 0.6165661216 -0.9089495540 0.4168883860 -0.0038420786 -0.2597925365 -0.5591747165 0.7872937918
243.3 55.5 2026.9 -0.5786303282 0.7166084647 0.3894345462 -0.0922942907 0.4168883860 -0.9042598009 -0.8103510141 -0.5591747165 -0.1750853956
-55.1 -128.7 2076.8 0.9748637080 0.0115803229 -0.2225008309 -0.0117324153 0.9999309778 0.0006382782 0.2224928737 0.0019882380 0.9749323130
