37.4 454.6 2088.1  0.9990918040 0.0141647160 0.0401859879 -0.0127349896 0.9992845058 -0.0356133431 -0.0406616889 0.0350692309 0.9985573292
34.6 256.5 2081.2 0.9990918040 0.0141647160 0.0401859879 -0.0127349896 0.9992845058 -0.0356133431 -0.0406616889 0.0350692309 0.9985573292
32.1 62.5 2073.7 0.9991096258 0.0129943695 0.0401386917 -0.0114246001 0.9991702437 -0.0390934385 -0.0406133831 0.0386000611 0.9984290600
-101.9 258.0 2086.7 0.1615337729 -0.9484956861 -0.2725119591 0.9262496233 0.2410046905 -0.2897903025 0.3405415118 -0.2056031823 0.9174741507
-139.2 44.0 2008.0 -0.2640045285 -0.9484956861 -0.1750929654 -0.2426326573 0.2410046905 -0.9397053719 0.9335047007 -0.2056031823 -0.2937623560
171.1 254.9 2075.6 0.2191010267 0.9080991149 0.3568623066 -0.9737689495 0.2265289575 0.0214172769 -0.0613906384 -0.3521939814 0.9339114428
228.4 0.4 2059.6 -0.2605347335 0.9080991149 0.3278377950 -0.3528120518 0.2265289575 -0.9078591466 -0.8986908793 -0.3521939814 0.2613696754
-60.7 -131.5 2069.6 0.9851588011 -0.0104948152 -0.1713240892 0.0155414930 0.9994831085 0.0281422697 0.1709401757 -0.0303872377 0.9848127365
-56.6 -519.5 2081.4 0.9812996387 0.0898131728 -0.1702488065 -0.0519085564 0.9751784801 0.2152498066 0.1853552461 -0.2023871839 0.9616042972
118.2 -133.5 2060.7 0.9845793247 0.0825758576 -0.1542229950 -0.0743512288 0.9955226183 0.0583664551 0.1583521366 -0.0459997356 0.9863106012
86.2 -520.0 2078.6 0.9782281518 -0.1468505114 -0.1466445178 0.1678341180 0.9754194021 0.1427889764 0.1220712736 -0.1642921418 0.9788292646
-74.8 103.2 1780.2 0 0 0 0 0 0 0 0 0
165.7 -84.4 1843.6 0 0 0 0 0 0 0 0 0
-90.1 -883.5 2157.0 0 0 0 0 0 0 0 0 0
141.0 -883.9 2139.9 0 0 0 0 0 0 0 0 0
38.1 454.5 2088.6  0.9993784428 0.0159978457 0.0314123891 -0.0149212675 0.9993031621 -0.0342127606 -0.0319378302 0.0337227844 0.9989207983
34.9 256.3 2081.9 0.9993784428 0.0159978457 0.0314123891 -0.0149212675 0.9993031621 -0.0342127606 -0.0319378302 0.0337227844 0.9989207983
32.1 62.4 2074.3 0.9994033575 0.0145285018 0.0313347355 -0.0132925799 0.9991391897 -0.0392965078 -0.0318786800 0.0388565399 0.9987361431
-101.6 258.2 2086.2 0.1750739068 -0.9465305209 -0.2709780037 0.9292931557 0.2497771531 -0.2720763683 0.3252127171 -0.2041845322 0.9233338237
-142.1 43.3 2011.0 -0.2669811547 -0.9465305209 -0.1811105162 -0.2511547506 0.2497771531 -0.9351645112 0.9303990602 -0.2041845322 -0.3044114411
171.5 254.5 2077.5 0.2524862885 0.8899547458 0.3797778487 -0.9594538212 0.2810948193 -0.0208351184 -0.1252958924 -0.3591187298 0.9248430729
232.7 21.9 2047.1 -0.3317745626 0.8899547458 0.3128996491 -0.1412191987 0.2810948193 -0.9492327571 -0.9327286482 -0.3591187298 0.0324185975
-59.9 -130.4 2069.8 0.9836776257 -0.0067173848 -0.1798142344 0.0105440486 0.9997376204 0.0203338880 0.1796304584 -0.0218979605 0.9834904075
-57.3 -518.5 2078.3 0.9802738428 0.0890553370 -0.1764435470 -0.0424012095 0.9667065144 0.2523502409 0.1930422634 -0.2398909330 0.9514131546
119.1 -132.5 2062.6 0.9829570651 0.0856396034 -0.1626690924 -0.0769080371 0.9952762723 0.0592476800 0.1669746339 -0.0457273684 0.9849002361
85.8 -518.9 2080.3 0.9774240851 -0.1429167986 -0.1556181312 0.1644258201 0.9770461917 0.1354433149 0.1326889694 -0.1579731852 0.9784876704
-77.5 104.1 1786.0 0 0 0 0 0 0 0 0 0
153.3 -11.9 1824.0 0 0 0 0 0 0 0 0 0
-90.6 -879.1 2167.8 0 0 0 0 0 0 0 0 0
139.2 -883.5 2139.3 0 0 0 0 0 0 0 0 0
40.7 454.7 2088.8  0.9997618198 0.0217350759 0.0019663100 -0.0216576811 0.9992116690 -0.0332706012 -0.0026878989 0.0332200937 0.9994444251
36.4 256.4 2082.2 0.9997618198 0.0217350759 0.0019663100 -0.0216576811 0.9992116690 -0.0332706012 -0.0026878989 0.0332200937 0.9994444251
32.7 62.5 2074.8 0.9998162389 0.0190790184 0.0018691637 -0.0189941861 0.9990961552 -0.0380269997 -0.0025929920 0.0379845090 0.9992749691
-100.2 259.0 2082.5 0.1913817078 -0.9368401766 -0.2927516997 0.9337313175 0.2657080591 -0.2398854941 0.3025208414 -0.2274417430 0.9256086349
-144.4 43.2 2012.6 -0.2953006029 -0.9368401766 -0.1874248534 -0.2524288893 0.2657080591 -0.9304186702 0.9214538336 -0.2274417430 -0.3149492741
172.9 253.8 2081.8 0.2787679732 0.8670999408 0.4128270149 -0.9323153496 0.3474699259 -0.1002635285 -0.2303834707 -0.3569346666 0.9052740335
236.2 42.3 2029.5 -0.4209280610 0.8670999408 0.2663781047 0.1279221773 0.3474699259 -0.9289244413 -0.8980286717 -0.3569346666 -0.2571811676
-60.3 -130.4 2069.6 0.9780368209 -0.0030058520 -0.2084103823 0.0092401830 0.9995382428 0.0289466195 0.2082271278 -0.0302366111 0.9776130319
-59.1 -518.4 2081.4 0.9753281474 0.0826473460 -0.2047055960 -0.0339939930 0.9724436402 0.2306463122 0.2181269526 -0.2179970890 0.9512612224
118.8 -132.8 2063.9 0.9784240723 0.0782734007 -0.1912057251 -0.0679147318 0.9958762527 0.0601509549 0.1951254606 -0.0458674543 0.9797051549
88.4 -519.4 2081.7 0.9747070670 -0.1265785247 -0.1841847748 0.1536808461 0.9779837132 0.1411737353 0.1622601599 -0.1659087092 0.9727003574
-73.2 104.0 1790.3 0 0 0 0 0 0 0 0 0
137.9 72.2 1819.9 0 0 0 0 0 0 0 0 0
-89.9 -881.2 2162.7 0 0 0 0 0 0 0 0 0
135.7 -884.4 2143.6 0 0 0 0 0 0 0 0 0
42.4 453.3 2089.4  0.9995929599 0.0285036284 -0.0012316069 -0.0285282172 0.9991028309 -0.0312999077 0.0003383411 0.0313223004 0.9995092750
36.8 255.6 2083.2 0.9995929599 0.0285036284 -0.0012316069 -0.0285282172 0.9991028309 -0.0312999077 0.0003383411 0.0313223004 0.9995092750
32.2 61.6 2076.0 0.9997233152 0.0234808568 -0.0013726742 -0.0235154349 0.9990488291 -0.0367221758 0.0005091004 0.0367442928 0.9993245602
-99.8 258.8 2083.1 0.1888598800 -0.9379486442 -0.2908337414 0.9395591021 0.2587211132 -0.2242590338 0.2855882943 -0.2309019417 0.9301202297
-143.9 39.4 2016.4 -0.2985344529 -0.9379486442 -0.1764355600 -0.2636554539 0.2587211132 -0.9292734861 0.9172583818 -0.2309019417 -0.3245324492
173.3 252.4 2083.2 0.2973403037 0.8647208810 0.4047796130 -0.8975855112 0.3976864815 -0.1902255863 -0.3254674077 -0.3067625761 0.8944091201
235.9 63.5 2014.8 -0.4690108597 0.8647208810 0.1796848029 0.4208651781 0.3976864815 -0.8153023720 -0.7764672041 -0.3067625761 -0.5504502058
-60.6 -129.7 2067.6 0.9774241447 -0.0017515526 -0.2112792581 0.0074862367 0.9996248484 0.0263458565 0.2111538500 -0.0273327641 0.9770706296
-59.9 -517.8 2078.2 0.9752879739 0.0789938271 -0.2063331008 -0.0257497858 0.9681743383 0.2489486039 0.2194318175 -0.2374835461 0.9462828636
118.5 -133.1 2067.2 0.9781701565 0.0723894909 -0.1947892904 -0.0635190234 0.9966553450 0.0514143407 0.1978596449 -0.0379191488 0.9794966578
90.4 -520.1 2081.9 0.9755373001 -0.1148382425 -0.1874545664 0.1424624473 0.9796732068 0.1412261128 0.1674260497 -0.1644765735 0.9720678926
-70.8 103.9 1791.9 0 0 0 0 0 0 0 0 0
126.3 161.9 1833.3 0 0 0 0 0 0 0 0 0
-89.4 -879.1 2166.8 0 0 0 0 0 0 0 0 0
133.2 -885.7 2143.3 0 0 0 0 0 0 0 0 0
43.1 453.4 2088.7  0.9990414977 0.0325147994 0.0293069426 -0.0317161307 0.9991235733 -0.0273168329 -0.0301694572 0.0263611469 0.9991971254
36.7 256.0 2083.5 0.9990414977 0.0325147994 0.0293069426 -0.0317161307 0.9991235733 -0.0273168329 -0.0301694572 0.0263611469 0.9991971254
31.2 62.0 2077.1 0.9991700053 0.0284917634 0.0291114878 -0.0275060050 0.9990527630 -0.0337186716 -0.0300446171 0.0328899473 0.9990072846
-99.7 259.7 2087.6 0.1752092838 -0.9398162365 -0.2933380008 0.9330103397 0.2536196709 -0.2552816570 0.3143141270 -0.2289596796 0.9212948084
-140.7 41.7 2014.1 -0.2941701412 -0.9398162365 -0.1738085449 -0.2597276866 0.2536196709 -0.9317824841 0.9197855592 -0.2289596796 -0.3187036216
173.1 252.2 2079.4 0.3224791288 0.8596869111 0.3961636126 -0.8555100560 0.4438152909 -0.2667030990 -0.4051046371 -0.2529157698 0.8785919547
236.3 84.6 2000.0 -0.4996481240 0.8596869111 0.1062551811 0.6275934577 0.4438152909 -0.6396518350 -0.5970579386 -0.2529157698 -0.7612853646
-61.9 -130.2 2068.8 0.9834204316 -0.0101863649 -0.1810537279 0.0126978951 0.9998384714 0.0127180489 0.1808949262 -0.0148061905 0.9833909869
-57.9 -518.3 2074.6 0.9803565741 0.0848013237 -0.1780722886 -0.0370277055 0.9659297466 0.2561418712 0.1937264949 -0.2445167452 0.9500955939
117.2 -134.4 2068.9 0.9839270711 0.0679352880 -0.1651432812 -0.0611493140 0.9970754385 0.0458398350 0.1677744538 -0.0350046568 0.9852037430
90.8 -521.5 2082.5 0.9812337756 -0.1102368906 -0.1582028866 0.1324128211 0.9816452861 0.1372566968 0.1401683688 -0.1556290090 0.9778202772
-67.1 106.7 1784.0 0 0 0 0 0 0 0 0 0
116.3 235.4 1856.6 0 0 0 0 0 0 0 0 0
-89.6 -878.8 2165.8 0 0 0 0 0 0 0 0 0
132.0 -887.9 2140.6 0 0 0 0 0 0 0 0 0
44.7 451.8 2086.8  0.9968286157 0.0767170116 0.0211471468 -0.0757655203 0.9962142706 -0.0426225290 -0.0243369639 0.0408851318 0.9988673925
27.9 234.1 2077.9 0.9968286157 0.0767170116 0.0211471468 -0.0757655203 0.9962142706 -0.0426225290 -0.0243369639 0.0408851318 0.9988673925
29.0 40.2 2075.3 0.9997394681 -0.0053568520 0.0221890789 0.0056568026 0.9998931885 -0.0134773031 -0.0221145134 0.0135993110 0.9996629357
-108.5 233.3 2080.9 0.1397038698 -0.9494082928 -0.2812592387 0.9242601991 0.2269461304 -0.3069830239 0.3552829027 -0.2170700133 0.9092054963
-136.8 46.6 2009.1 -0.2722938359 -0.9494082928 -0.1564608812 -0.2505142093 0.2269461304 -0.9411365986 0.9290310740 -0.2170700133 -0.2996363044
164.4 234.9 2074.8 0.4117137790 0.8522928953 0.3226276636 -0.7483935356 0.5182205439 -0.4139499962 -0.5199989080 -0.0710235387 0.8512089849
235.3 106.0 1985.2 -0.5010861158 0.8522928953 0.1500319093 0.7699713707 0.5182205439 -0.3722789586 -0.3950403333 -0.0710235387 -0.9159141779
-63.6 -130.2 2073.4 0.9817903042 -0.0263164956 -0.1881362945 0.0254004970 0.9996508360 -0.0072784838 0.1882621497 0.0023671896 0.9821159840
-53.5 -517.4 2072.5 0.9755361676 0.1139271036 -0.1880155057 -0.0598212965 0.9605367184 0.2716442347 0.2115434408 -0.2537514269 0.9438535571
115.1 -134.4 2068.0 0.9824772477 0.0641666055 -0.1749889255 -0.0562985763 0.9971827865 0.0495675094 0.1776765287 -0.0388473235 0.9833219051
90.2 -521.5 2083.1 0.9784837365 -0.1182131022 -0.1691011190 0.1412876695 0.9811778665 0.1316349357 0.1503573060 -0.1526945531 0.9767686725
-67.4 110.3 1772.6 0 0 0 0 0 0 0 0 0
110.0 298.6 1886.4 0 0 0 0 0 0 0 0 0
-96.0 -875.8 2167.1 0 0 0 0 0 0 0 0 0
134.3 -887.8 2140.1 0 0 0 0 0 0 0 0 0
46.9 448.9 2082.4  0.9900752902 0.1402957886 -0.0082501136 -0.1405252814 0.9890720248 -0.0446001627 0.0019027413 0.0453168675 0.9989708662
15.1 224.9 2072.1 0.9900752902 0.1402957886 -0.0082501136 -0.1405252814 0.9890720248 -0.0446001627 0.0019027413 0.0453168675 0.9989708662
26.3 31.6 2075.8 0.9982844591 -0.0582744256 -0.0056792991 0.0583665222 0.9981385469 0.0176854245 0.0046381196 -0.0179865658 0.9998274446
-120.9 216.9 2071.6 0.0848735571 -0.9605456591 -0.2648555636 0.9433860183 0.1630108505 -0.2888775766 0.3206544518 -0.2253429890 0.9200006723
-137.1 37.3 2010.6 -0.2642497420 -0.9605456591 -0.0867413953 -0.2822098136 0.1630108505 -0.9454020858 0.9222416878 -0.2253429890 -0.3141509891
151.2 233.0 2072.6 0.4838517904 0.8480646610 0.2160410881 -0.6437646151 0.5121349692 -0.5685814619 -0.5928360820 0.1360295564 0.7937514186
233.9 123.0 1971.4 -0.4768877923 0.8480646610 0.2310071737 0.8495693803 0.5121349692 -0.1262919009 -0.2254105657 0.1360295564 -0.9647207260
-59.4 -154.7 2074.7 0.9765414000 -0.0003272732 -0.2153293788 0.0023190200 0.9999568462 0.0089971926 0.2153171450 -0.0092854844 0.9765000343
-59.3 -542.3 2078.3 0.9740037918 0.0909222737 -0.2074843049 -0.0305025801 0.9602155685 0.2775889635 0.2244686931 -0.2640438974 0.9380269647
119.5 -153.3 2070.7 0.9763607979 0.0655612051 -0.2059642822 -0.0555624627 0.9969956875 0.0539667830 0.2088836282 -0.0412471704 0.9770702720
94.0 -540.4 2086.7 0.9758260846 -0.0871663168 -0.2004131526 0.1145286933 0.9849759936 0.1292497963 0.1861359179 -0.1490783840 0.9711483121
-68.7 110.4 1771.8 0 0 0 0 0 0 0 0 0
108.1 347.1 1911.9 0 0 0 0 0 0 0 0 0
-93.2 -900.5 2176.8 0 0 0 0 0 0 0 0 0
126.6 -907.9 2142.3 0 0 0 0 0 0 0 0 0
50.6 450.0 2085.2  0.9830908775 0.1758951247 -0.0509236977 -0.1787001491 0.9822472930 -0.0570654720 0.0399821289 0.0652006194 0.9970708489
9.2 218.5 2069.8 0.9830908775 0.1758951247 -0.0509236977 -0.1787001491 0.9822472930 -0.0570654720 0.0399821289 0.0652006194 0.9970708489
29.0 25.9 2075.8 0.9935339093 -0.1029318422 -0.0479099452 0.1041914076 0.9942536354 0.0245740525 0.0451051854 -0.0294069592 0.9985493422
-126.2 204.2 2063.8 0.0634346008 -0.9632074833 -0.2611653805 0.9532347322 0.1359644979 -0.2699207664 0.2954989374 -0.2318295836 0.9267876744
-137.7 30.2 2009.8 -0.2638545036 -0.9632074833 -0.0511086993 -0.3143569529 0.1359644979 -0.9395176172 0.9118993878 -0.2318295836 -0.3386658430
144.5 232.8 2075.9 0.4718603194 0.8656789064 0.1671762317 -0.5839059949 0.4488999844 -0.6764189601 -0.6606070399 0.2215600610 0.7172932029
230.6 126.2 1955.3 -0.4441291690 0.8656789064 0.2309747040 0.8929160833 0.4488999844 0.0344922803 -0.0738252997 0.2215600610 -0.9723481536
-51.7 -167.2 2079.1 0.9664657116 0.0197599176 -0.2560343742 -0.0139833577 0.9996053576 0.0243626852 0.2564147413 -0.0199654792 0.9663606286
-59.3 -554.8 2086.8 0.9640606046 0.0985447988 -0.2467308342 -0.0415742397 0.9731824398 0.2262464911 0.2624095380 -0.2078576684 0.9423037767
126.8 -156.4 2079.7 0.9653528333 0.0795267969 -0.2485345900 -0.0688754097 0.9963065982 0.0512765832 0.2516945302 -0.0323820710 0.9672648311
95.9 -543.2 2092.3 0.9646779299 -0.0938143134 -0.2461611480 0.1166164503 0.9899724722 0.0797190741 0.2362139672 -0.1056096703 0.9659448862
-69.7 111.3 1774.6 0 0 0 0 0 0 0 0 0
111.5 365.7 1935.5 0 0 0 0 0 0 0 0 0
-96.0 -917.4 2164.3 0 0 0 0 0 0 0 0 0
130.9 -912.3 2131.7 0 0 0 0 0 0 0 0 0
52.6 443.4 2071.1  0.9772596359 0.2059586197 -0.0504446626 -0.2061559856 0.9785182476 0.0013154495 0.0496319495 0.0091139330 0.9987260103
4.9 216.8 2069.0 0.9772596359 0.2059586197 -0.0504446626 -0.2061559856 0.9785182476 0.0013154495 0.0496319495 0.0091139330 0.9987260103
29.5 24.6 2075.5 0.9906394482 -0.1272433698 -0.0494223908 0.1286729723 0.9913222194 0.0268976223 0.0455709733 -0.0330051742 0.9984157085
-130.2 199.2 2062.8 0.0522894114 -0.9609667063 -0.2716778219 0.9648702741 0.1187569872 -0.2343548238 0.2574708164 -0.2498795688 0.9334179163
-139.5 27.7 2017.0 -0.2755740285 -0.9609667063 -0.0245352350 -0.3307691216 0.1187569872 -0.9362096786 0.9025800228 -0.2498795688 -0.3505844474
140.0 234.4 2075.1 0.4568920135 0.8803367019 0.1275029927 -0.5635902286 0.3973888755 -0.7241879106 -0.6881974339 0.2590162456 0.6777129769
227.4 126.6 1943.5 -0.4157886505 0.8803367019 0.2283136696 0.9092805386 0.3973888755 0.1236567274 0.0181302410 0.2590162456 -0.9657027721
-39.8 -176.1 2077.8 0.9652577043 0.0473741367 -0.2569693327 -0.0372962579 0.9983371496 0.0439541154 0.2586243153 -0.0328430533 0.9654194713
-58.2 -563.3 2090.5 0.9637546539 0.1090516895 -0.2434845120 -0.0516271293 0.9716254473 0.2308216989 0.2617472410 -0.2098850906 0.9420385361
137.6 -157.3 2085.7 0.9623024464 0.1048572958 -0.2509561181 -0.0967979804 0.9943185449 0.0442811213 0.2541735172 -0.0183197856 0.9669851065
96.9 -543.2 2092.8 0.9640470743 -0.0961101726 -0.2477419674 0.1176677048 0.9903146029 0.0736972243 0.2382594496 -0.1001988277 0.9660189748
-68.0 113.5 1782.7 0 0 0 0 0 0 0 0 0
114.1 374.3 1948.5 0 0 0 0 0 0 0 0 0
-98.9 -925.7 2168.8 0 0 0 0 0 0 0 0 0
132.8 -912.6 2130.2 0 0 0 0 0 0 0 0 0
54.4 439.8 2068.5  0.9725389481 0.2322335690 -0.0153467366 -0.2322474569 0.9726563096 0.0008964210 0.0151352789 0.0026924361 0.9998818040
1.0 216.3 2067.9 0.9725389481 0.2322335690 -0.0153467366 -0.2322474569 0.9726563096 0.0008964210 0.0151352789 0.0026924361 0.9998818040
27.7 24.4 2075.6 0.9903941751 -0.1376059651 -0.0135639720 0.1380286962 0.9897040725 0.0378668867 0.0082136085 -0.0393753611 0.9991907477
-134.1 197.5 2066.8 0.0354006775 -0.9605467916 -0.2758562863 0.9659179449 0.1037091017 -0.2371644378 0.2564163506 -0.2580587566 0.9314807057
-140.3 26.9 2021.5 -0.2780096531 -0.9605467916 -0.0077797240 -0.3320882022 0.1037091017 -0.9375296831 0.9013479352 -0.2580587566 -0.3478183746
136.1 235.2 2069.0 0.4574113488 0.8856371641 0.0801352635 -0.5488034487 0.3520493209 -0.7582058311 -0.6997067928 0.3028334379 0.6470720768
222.2 131.9 1937.3 -0.3898809552 0.8856371641 0.2522689998 0.9179624319 0.3520493209 0.1827736348 0.0730599910 0.3028334379 -0.9502390027
-34.4 -179.1 2078.0 0.9729952812 0.0619639046 -0.2223524749 -0.0516311452 0.9973119497 0.0519916750 0.2249763906 -0.0391073450 0.9735791087
-58.5 -566.1 2093.2 0.9721314311 0.1044418365 -0.2098866999 -0.0600465834 0.9763433337 0.2077212185 0.2266162634 -0.1893293411 0.9554054141
142.8 -156.0 2086.1 0.9689242244 0.1185192913 -0.2171151340 -0.1113336757 0.9927601218 0.0450790003 0.2208859771 -0.0195059106 0.9751045704
96.8 -541.3 2093.6 0.9721328020 -0.0970036462 -0.2134199888 0.1153375357 0.9904778004 0.0751731023 0.2040956914 -0.0976935774 0.9740641117
-67.0 114.5 1783.8 0 0 0 0 0 0 0 0 0
114.8 384.7 1957.5 0 0 0 0 0 0 0 0 0
-97.4 -930.3 2163.8 0 0 0 0 0 0 0 0 0
133.0 -910.9 2130.1 0 0 0 0 0 0 0 0 0
55.0 437.3 2067.2  0.9717680812 0.2359052151 -0.0039448924 -0.2358540893 0.9717322588 0.0104538640 0.0062994999 -0.0092283115 0.9999375939
1.4 216.6 2069.3 0.9717680812 0.2359052151 -0.0039448924 -0.2358540893 0.9717322588 0.0104538640 0.0062994999 -0.0092283115 0.9999375939
30.3 24.9 2075.9 0.9888441563 -0.1489255130 -0.0029072955 0.1489381492 0.9882674813 0.0338350572 -0.0021657178 -0.0338906050 0.9994232059
-133.6 196.3 2069.7 0.0602548234 -0.9586894512 -0.2779999077 0.9608219862 0.1311881542 -0.2441530824 0.2705372572 -0.2523970306 0.9290346503
-144.3 24.5 2021.3 -0.2824427783 -0.9586894512 -0.0337738097 -0.3336610794 0.1311881542 -0.9335201979 0.8993866444 -0.2523970306 -0.3569304943
136.4 237.0 2069.0 0.4412466884 0.8932333589 0.0862295330 -0.5212293267 0.3333230913 -0.7856307626 -0.7304939032 0.3017116189 0.6126571298
218.8 139.7 1932.7 -0.3805749416 0.8932333589 0.2393677086 0.9178586602 0.3333230913 0.2154789865 0.1126862392 0.3017116189 -0.9467163682
-34.2 -180.0 2082.5 0.9748750329 0.0660553724 -0.2127329558 -0.0599388294 0.9975854158 0.0350815766 0.2145366222 -0.0214491896 0.9764804244
-59.8 -567.1 2090.8 0.9760960340 0.0952793360 -0.1953415871 -0.0482195951 0.9713229537 0.2328231484 0.2119229883 -0.2178384662 0.9526988268
143.0 -155.3 2083.9 0.9706438780 0.1237762123 -0.2062276900 -0.1172468886 0.9921436906 0.0436352976 0.2100085169 -0.0181747824 0.9775305986
94.9 -540.4 2091.0 0.9723891020 -0.1169104129 -0.2019687295 0.1347315758 0.9878996611 0.0768225566 0.1905434877 -0.1019129828 0.9763743877
-69.1 113.4 1781.7 0 0 0 0 0 0 0 0 0
113.3 394.0 1963.9 0 0 0 0 0 0 0 0 0
-95.4 -929.4 2172.1 0 0 0 0 0 0 0 0 0
138.6 -909.0 2129.0 0 0 0 0 0 0 0 0 0
56.3 437.5 2066.1  0.9695550799 0.2448556125 0.0029508681 -0.2448685169 0.9693893790 0.0179907605 0.0015445986 -0.0181656089 0.9998338223
0.6 217.0 2070.2 0.9695550799 0.2448556125 0.0029508681 -0.2448685169 0.9693893790 0.0179907605 0.0015445986 -0.0181656089 0.9998338223
29.3 25.1 2075.4 0.9889879227 -0.1479567438 0.0034218119 0.1478085369 0.9886333942 0.0275070630 -0.0074527729 -0.0266983788 0.9996157289
-134.4 196.8 2071.3 0.0556216128 -0.9568599463 -0.2851758301 0.9613348842 0.1284754425 -0.2435760945 0.2697063088 -0.2606013715 0.9270088673
-144.4 23.9 2022.8 -0.2893987000 -0.9568599463 -0.0258343387 -0.3416787982 0.1284754425 -0.9309939146 0.8941498995 -0.2606013715 -0.3641193807
135.7 237.2 2069.2 0.4383370876 0.8945672512 0.0872356072 -0.5014550686 0.3239454329 -0.8022481799 -0.7459245324 0.3079104125 0.5905826092
217.4 143.7 1930.2 -0.3749810457 0.8945672512 0.2431844622 0.9188768268 0.3239454329 0.2252216190 0.1226973757 0.3079104125 -0.9434704781
-29.3 -180.2 2082.7 0.9752746224 0.0820071995 -0.2052174509 -0.0739041418 0.9961639643 0.0468565524 0.2082728148 -0.0305315852 0.9775941372
-61.1 -566.8 2094.6 0.9770449400 0.0912100673 -0.1925198734 -0.0565008484 0.9822915792 0.1786361635 0.2054040730 -0.1636580229 0.9648965001
147.7 -153.5 2082.3 0.9709287882 0.1341925412 -0.1982162446 -0.1264052242 0.9906414151 0.0514903441 0.2032708377 -0.0249378867 0.9788049459
95.6 -538.1 2092.0 0.9742254019 -0.1113993898 -0.1961505264 0.1265733838 0.9897213578 0.0665644854 0.1867191195 -0.0896762460 0.9783118963
-67.4 114.9 1784.6 0 0 0 0 0 0 0 0 0
113.1 399.3 1964.4 0 0 0 0 0 0 0 0 0
-95.1 -932.8 2155.5 0 0 0 0 0 0 0 0 0
137.2 -907.5 2125.4 0 0 0 0 0 0 0 0 0
51.2 443.4 2078.5  0.9739437699 0.2255768031 0.0234230999 -0.2243269384 0.9733950496 -0.0466851369 -0.0333310142 0.0402142666 0.9986349940
-1.6 215.6 2069.1 0.9739437699 0.2255768031 0.0234230999 -0.2243269384 0.9733950496 -0.0466851369 -0.0333310142 0.0402142666 0.9986349940
27.1 23.7 2075.6 0.9886866212 -0.1475851983 0.0267842300 0.1465288103 0.9884814620 0.0378639810 -0.0320638791 -0.0335109495 0.9989238977
-136.6 195.6 2073.5 0.0696652085 -0.9540036321 -0.2915885150 0.9652211070 0.1382956952 -0.2218614966 0.2519821227 -0.2659913599 0.9304588437
-148.9 26.0 2029.2 -0.2977406085 -0.9540036321 -0.0350377224 -0.3333724737 0.1382956952 -0.9325969815 0.8945464492 -0.2659913599 -0.3592148125
133.4 235.6 2064.7 0.4463919401 0.8933647871 0.0513188392 -0.5165502429 0.3040880859 -0.8004413247 -0.7306914926 0.3308017850 0.5972102284
216.4 139.6 1929.0 -0.3620998263 0.8933647871 0.2660509348 0.9231268167 0.3040880859 0.2353025824 0.1293081194 0.3308017850 -0.9347992539
-30.5 -180.0 2081.3 0.9806385040 0.0690012723 -0.1832672656 -0.0618606396 0.9970965385 0.0444050841 0.1857991666 -0.0322083086 0.9820597172
-57.3 -567.0 2093.8 0.9790098071 0.1158177778 -0.1677082479 -0.0764565915 0.9714567065 0.2245578766 0.1889290959 -0.2070219517 0.9599207044
146.6 -153.5 2079.9 0.9750365615 0.1333719790 -0.1775263697 -0.1273168623 0.9908350110 0.0451258756 0.1819178760 -0.0213972796 0.9830808640
94.8 -538.2 2088.2 0.9791579247 -0.1122961491 -0.1692316532 0.1310933381 0.9858675003 0.1043064594 0.1551267654 -0.1243176386 0.9800412059
-68.3 116.2 1787.3 0 0 0 0 0 0 0 0 0
115.5 396.8 1965.0 0 0 0 0 0 0 0 0 0
-100.4 -928.8 2170.9 0 0 0 0 0 0 0 0 0
136.7 -905.9 2134.6 0 0 0 0 0 0 0 0 0
50.7 444.5 2083.3  0.9752123356 0.2207539976 0.0151196253 -0.2194213867 0.9736164212 -0.0626521334 -0.0285514258 0.0577815659 0.9979208708
-1.2 215.7 2069.7 0.9752123356 0.2207539976 0.0151196253 -0.2194213867 0.9736164212 -0.0626521334 -0.0285514258 0.0577815659 0.9979208708
27.5 23.8 2075.9 0.9888120890 -0.1479831189 0.0187531449 0.1472616643 0.9884668589 0.0353165492 -0.0237631146 -0.0321598127 0.9992002249
-136.3 195.6 2072.9 0.0846954286 -0.9521543980 -0.2936471701 0.9708676934 0.1451556981 -0.1906457543 0.2241487503 -0.2689457238 0.9367099404
-151.2 24.1 2033.3 -0.3031613827 -0.9521543980 -0.0386673436 -0.3372595608 0.1451556981 -0.9301536679 0.8912627101 -0.2689457238 -0.3651287556
133.9 235.8 2066.4 0.4371868670 0.8988646269 0.0301669929 -0.5216751695 0.2807682753 -0.8056203723 -0.7326136231 0.3364692926 0.5916635394
216.0 137.8 1928.8 -0.3432935774 0.8988646269 0.2723819315 0.9283682704 0.2807682753 0.2435190827 0.1424144804 0.3364692926 -0.9308633208
-32.8 -181.2 2085.0 0.9793112874 0.0660890639 -0.1912631691 -0.0594506264 0.9974195361 0.0402474403 0.1934295446 -0.0280440580 0.9807133079
-58.5 -568.4 2095.9 0.9779672027 0.1099116355 -0.1774813086 -0.0721200034 0.9757120013 0.2068449259 0.1959053129 -0.1894876063 0.9621411562
144.3 -155.0 2079.3 0.9749397039 0.1226483211 -0.1856070012 -0.1170049608 0.9922804236 0.0411016196 0.1892152429 -0.0183546618 0.9817640781
96.6 -540.2 2086.4 0.9801230431 -0.0924239829 -0.1755466908 0.1141295955 0.9864503145 0.1178568602 0.1622752845 -0.1355492920 0.9773910046
-68.0 116.7 1788.6 0 0 0 0 0 0 0 0 0
120.3 396.7 1968.5 0 0 0 0 0 0 0 0 0
-99.4 -932.2 2166.5 0 0 0 0 0 0 0 0 0
131.1 -908.2 2137.0 0 0 0 0 0 0 0 0 0
50.6 442.3 2088.1  0.9770137072 0.2131737173 -0.0010759637 -0.2125711888 0.9738473892 -0.0802172273 -0.0160523802 0.0786020458 0.9967768192
1.2 216.8 2069.9 0.9770137072 0.2131737173 -0.0010759637 -0.2125711888 0.9738473892 -0.0802172273 -0.0160523802 0.0786020458 0.9967768192
29.3 24.9 2076.3 0.9894942045 -0.1445434391 0.0029078466 0.1443648487 0.9889498949 0.0337180868 -0.0077494429 -0.0329440609 0.9994271398
-133.9 197.1 2071.0 0.1039916947 -0.9491156936 -0.2972627282 0.9699518681 0.1628794670 -0.1807307750 0.2199524045 -0.2695360482 0.9375346899
-152.6 23.1 2031.5 -0.3106548190 -0.9491156936 -0.0517007820 -0.3437141478 0.1628794670 -0.9248409867 0.8862020969 -0.2695360482 -0.3768237829
136.4 236.6 2068.9 0.4146687388 0.9091500640 0.0386781357 -0.5340602398 0.2775624096 -0.7985854745 -0.7367696166 0.3104919791 0.6006373763
214.7 135.7 1929.8 -0.3320544660 0.9091500640 0.2513682544 0.9330872297 0.2775624096 0.2287079096 0.1381594241 0.3104919791 -0.9404821396
-31.5 -180.0 2083.7 0.9757959247 0.0725127906 -0.2063108385 -0.0644025728 0.9968739152 0.0457675569 0.2089846283 -0.0313728489 0.9774155617
-59.7 -567.8 2096.0 0.9748122692 0.1122221872 -0.1927361935 -0.0733268335 0.9774079323 0.1982344687 0.2106281966 -0.1791086644 0.9610181451
144.8 -154.9 2080.0 0.9710484147 0.1295836121 -0.2006814480 -0.1232863814 0.9914119840 0.0436198637 0.2046104223 -0.0176157095 0.9786849618
94.5 -539.7 2086.9 0.9746484160 -0.1131078899 -0.1930467933 0.1341303587 0.9859544635 0.0995132104 0.1790796071 -0.1228838265 0.9761301279
-67.8 116.9 1789.7 0 0 0 0 0 0 0 0 0
122.0 396.1 1968.3 0 0 0 0 0 0 0 0 0
-101.6 -932.5 2162.8 0 0 0 0 0 0 0 0 0
136.7 -907.6 2132.7 0 0 0 0 0 0 0 0 0
52.3 438.3 2094.5  0.9744511247 0.2244751900 -0.0074754520 -0.2239394784 0.9684987068 -0.1089099348 -0.0172076114 0.1078014597 0.9940235019
0.7 215.8 2069.8 0.9744511247 0.2244751900 -0.0074754520 -0.2239394784 0.9684987068 -0.1089099348 -0.0172076114 0.1078014597 0.9940235019
29.1 23.9 2075.8 0.9892626405 -0.1461366713 -0.0018621121 0.1461228877 0.9887699485 0.0313380025 -0.0027384311 -0.0312736146 0.9995071292
-134.5 195.8 2070.2 0.1117034853 -0.9497180581 -0.2925028801 0.9719468355 0.1657214463 -0.1669002473 0.2069821805 -0.2656539381 0.9415871501
-154.2 24.2 2033.6 -0.3080765307 -0.9497180581 -0.0558969453 -0.3431253731 0.1657214463 -0.9245547056 0.8873295784 -0.2656539381 -0.3769272566
135.8 235.8 2069.4 0.4329805970 0.9009778500 0.0276897773 -0.5359782577 0.2820288837 -0.7957304716 -0.7247448564 0.3296947479 0.6050175428
219.6 132.0 1929.1 -0.3414440751 0.9009778500 0.2676842511 0.9297527075 0.2820288837 0.2366846949 0.1377529651 0.3296947479 -0.9339836836
-31.3 -181.2 2082.3 0.9748563766 0.0723549277 -0.2107601315 -0.0639682263 0.9968749285 0.0463512093 0.2134552449 -0.0317038186 0.9764382839
-59.5 -569.4 2094.7 0.9740724564 0.1096353456 -0.1978961825 -0.0712064952 0.9788479209 0.1917977333 0.2147380710 -0.1727333963 0.9612755775
146.0 -154.2 2082.0 0.9697342515 0.1304450035 -0.2063966095 -0.1263322085 0.9914376140 0.0330402926 0.2089392990 -0.0059657637 0.9779103994
95.3 -539.1 2084.3 0.9749541283 -0.1112393513 -0.1925883442 0.1377561688 0.9818651676 0.1302462220 0.1746072769 -0.1535143256 0.9725973606
-69.4 118.6 1789.5 0 0 0 0 0 0 0 0 0
124.3 391.5 1967.6 0 0 0 0 0 0 0 0 0
-100.4 -934.7 2159.1 0 0 0 0 0 0 0 0 0
136.8 -905.3 2141.6 0 0 0 0 0 0 0 0 0
51.8 442.7 2092.3  0.9764126539 0.2148720622 -0.0211737622 -0.2159127146 0.9717835784 -0.0949648917 0.0001710119 0.0972966105 0.9952554107
1.5 215.5 2069.5 0.9764126539 0.2148720622 -0.0211737622 -0.2159127146 0.9717835784 -0.0949648917 0.0001710119 0.0972966105 0.9952554107
28.8 23.4 2076.7 0.9899520874 -0.1404678077 -0.0162381381 0.1409644485 0.9893911481 0.0351301096 0.0111312205 -0.0370661244 0.9992508292
-133.7 196.2 2068.0 0.1455178410 -0.9420135617 -0.3023822308 0.9648569226 0.2027178109 -0.1672023982 0.2188051939 -0.2674246430 0.9384073615
-158.7 30.3 2030.4 -0.3224393427 -0.9420135617 -0.0929694995 -0.3260054588 0.2027178109 -0.9233774543 0.8886806369 -0.2674246430 -0.3724657595
136.8 234.7 2071.0 0.4379243255 0.8985272050 0.0295158699 -0.5364038348 0.2874978483 -0.7934833765 -0.7214521766 0.3316532671 0.6078757048
222.2 130.0 1930.2 -0.3443014622 0.8985272050 0.2722230852 0.9303205013 0.2874978483 0.2277031839 0.1263339520 0.3316532671 -0.9349042177
-31.2 -181.7 2081.6 0.9721517563 0.0689813793 -0.2239699662 -0.0566594005 0.9965288043 0.0609920919 0.2273998410 -0.0466035642 0.9726856947
-58.0 -569.2 2099.8 0.9690719843 0.1170946360 -0.2172287852 -0.0862975344 0.9854790568 0.1462319344 0.2311973870 -0.1229629666 0.9651051164
146.1 -155.0 2081.7 0.9669133425 0.1286135167 -0.2203115970 -0.1230928972 0.9916416407 0.0386650339 0.2234430015 -0.0102669438 0.9746629000
96.1 -540.0 2085.7 0.9714267254 -0.1138979122 -0.2082243562 0.1419667155 0.9819206595 0.1252089590 0.1901987493 -0.1511922628 0.9700337052
-70.5 119.5 1787.3 0 0 0 0 0 0 0 0 0
126.1 389.7 1965.5 0 0 0 0 0 0 0 0 0
-101.7 -936.5 2145.6 0 0 0 0 0 0 0 0 0
138.6 -906.4 2142.1 0 0 0 0 0 0 0 0 0
48.1 446.5 2090.1  0.9817227125 0.1882410496 -0.0280322358 -0.1900113672 0.9777984619 -0.0883505791 0.0107786711 0.0920622125 0.9956949353
3.8 216.2 2068.4 0.9817227125 0.1882410496 -0.0280322358 -0.1900113672 0.9777984619 -0.0883505791 0.0107786711 0.0920622125 0.9956949353
32.0 24.3 2077.6 0.9890472889 -0.1454406083 -0.0251497962 0.1464418024 0.9882378578 0.0440541692 0.0184467137 -0.0472546369 0.9987125397
-131.3 196.1 2065.9 0.1567248553 -0.9414107800 -0.2986353040 0.9545462132 0.2220029086 -0.1988874078 0.2535326481 -0.2538906038 0.9334135056
-157.5 36.8 2023.6 -0.3160905242 -0.9414107800 -0.1176116690 -0.3182637095 0.2220029086 -0.9216414094 0.8937532902 -0.2538906038 -0.3697898984
138.9 236.2 2070.9 0.4339075983 0.9004198909 0.0311157145 -0.5479538441 0.2911556959 -0.7842034101 -0.7151718736 0.3232218325 0.6197232008
223.8 128.9 1930.9 -0.3457678854 0.9004198909 0.2639859319 0.9298754930 0.2911556959 0.2248554677 0.1256033331 0.3232218325 -0.9379506707
-32.6 -181.6 2082.6 0.9696099758 0.0736867785 -0.2332955301 -0.0610237792 0.9962675571 0.0610491149 0.2369232923 -0.0449572541 0.9704875946
-61.3 -568.6 2100.1 0.9712929726 0.0659312084 -0.2285672426 -0.0392363779 0.9920668602 0.1194315851 0.2346282452 -0.1070349067 0.9661744833
144.7 -156.0 2084.9 0.9652039409 0.1244862303 -0.2299664319 -0.1187545434 0.9921709299 0.0386546329 0.2329779863 -0.0100000435 0.9724305868
96.4 -541.2 2088.8 0.9684117436 -0.1120754033 -0.2227504104 0.1356169581 0.9863567948 0.0933184773 0.2092526704 -0.1205794439 0.9703988433
-70.6 124.3 1778.0 0 0 0 0 0 0 0 0 0
127.3 388.5 1966.0 0 0 0 0 0 0 0 0 0
-85.8 -938.2 2140.0 0 0 0 0 0 0 0 0 0
138.2 -909.2 2133.7 0 0 0 0 0 0 0 0 0
47.0 447.2 2090.0  0.9816241860 0.1906174272 -0.0088867135 -0.1906195283 0.9773483872 -0.0919473842 -0.0088413572 0.0919517502 0.9957242012
1.2 212.6 2068.0 0.9816241860 0.1906174272 -0.0088867135 -0.1906195283 0.9773483872 -0.0919473842 -0.0088413572 0.0919517502 0.9957242012
31.5 21.0 2076.8 0.9877703786 -0.1557819545 -0.0064579733 0.1559144557 0.9867454767 0.0449899398 -0.0006362455 -0.0454466194 0.9989665747
-133.7 191.3 2068.1 0.1536103487 -0.9423855543 -0.2971756160 0.9452667832 0.2277620435 -0.2336560786 0.2878794372 -0.2450182587 0.9257923365
-158.5 38.6 2021.5 -0.3104137182 -0.9423855543 -0.1247109696 -0.3223196268 0.2277620435 -0.9188223481 0.8942893147 -0.2450182587 -0.3744498193
136.2 233.9 2067.9 0.4550886452 0.8904421329 0.0026616675 -0.5413605571 0.2790502608 -0.7931328416 -0.7069816589 0.3595048189 0.6090428829
225.0 128.2 1929.9 -0.3433011174 0.8904421329 0.2987592816 0.9304506779 0.2790502608 0.2374709845 0.1280853301 0.3595048189 -0.9243108034
-28.4 -180.8 2085.0 0.9725027084 0.0873258561 -0.2158996314 -0.0779726654 0.9956253171 0.0514832065 0.2194509506 -0.0332332924 0.9750573635
-62.3 -567.4 2097.9 0.9768119454 0.0616910979 -0.2050185502 -0.0286506694 0.9866396785 0.1603785008 0.2121733725 -0.1507857144 0.9655289650
148.8 -154.4 2088.4 0.9677020907 0.1346175969 -0.2131448239 -0.1321309209 0.9908928871 0.0259366091 0.2146952152 0.0030641102 0.9766762853
96.6 -539.0 2087.2 0.9745296836 -0.1025218144 -0.1994523108 0.1280461550 0.9845339656 0.1195703074 0.1841090173 -0.1420639157 0.9725850821
-72.3 128.0 1773.3 0 0 0 0 0 0 0 0 0
129.1 388.0 1965.7 0 0 0 0 0 0 0 0 0
-85.3 -934.9 2154.1 0 0 0 0 0 0 0 0 0
134.8 -906.3 2140.2 0 0 0 0 0 0 0 0 0
46.8 445.8 2090.0  0.9817033410 0.1902656704 -0.0075827604 -0.1900837719 0.9768556952 -0.0980874375 -0.0112554105 0.0977341309 0.9951488972
1.2 211.9 2066.6 0.9817033410 0.1902656704 -0.0075827604 -0.1900837719 0.9768556952 -0.0980874375 -0.0112554105 0.0977341309 0.9951488972
30.1 20.2 2076.5 0.9888863564 -0.1486076415 -0.0044224677 0.1486389488 0.9875786304 0.0509399660 -0.0032025340 -0.0510311872 0.9986919165
-133.8 191.6 2067.0 0.1603085548 -0.9431078434 -0.2912880182 0.9462860823 0.2307895273 -0.2264482528 0.2807913423 -0.2393402159 0.9294474125
-159.7 38.7 2021.7 -0.3071777523 -0.9431078434 -0.1272374690 -0.3293342292 0.2307895273 -0.9155736566 0.8928498030 -0.2393402159 -0.3814911246
136.3 232.2 2066.2 0.4575127661 0.8891238570 -0.0118658468 -0.5434759259 0.2690425515 -0.7951415181 -0.7037868500 0.3702361882 0.6063078642
224.3 127.6 1930.8 -0.3326974511 0.8891238570 0.3142787516 0.9354713559 0.2690425515 0.2291493565 0.1191878095 0.3702361882 -0.9212597013
-26.8 -184.5 2085.6 0.9727598429 0.0856180489 -0.2154248655 -0.0784893855 0.9960529804 0.0414473414 0.2181232125 -0.0234097410 0.9756404161
-60.0 -571.3 2094.7 0.9760206938 0.0893010050 -0.1985169351 -0.0480086580 0.9778285623 0.2038295865 0.2123177201 -0.1894113570 0.9586681128
150.2 -156.5 2085.5 0.9680597782 0.1367617399 -0.2101345062 -0.1309428960 0.9905239940 0.0414269753 0.2138088942 -0.0125881694 0.9767944217
97.1 -541.0 2090.4 0.9757910967 -0.0915174186 -0.1986360550 0.1168503910 0.9858987331 0.1197902635 0.1848721355 -0.1401009709 0.9727250338
-73.8 130.9 1771.8 0 0 0 0 0 0 0 0 0
131.4 388.8 1964.1 0 0 0 0 0 0 0 0 0
-93.3 -935.5 2165.2 0 0 0 0 0 0 0 0 0
131.2 -908.9 2142.7 0 0 0 0 0 0 0 0 0
46.0 446.6 2089.5  0.9817123413 0.1902867258 -0.0056383223 -0.1900624782 0.9780119061 -0.0858424157 -0.0108203255 0.0853441954 0.9962927699
1.0 215.2 2069.3 0.9817123413 0.1902867258 -0.0056383223 -0.1900624782 0.9780119061 -0.0858424157 -0.0108203255 0.0853441954 0.9962927699
29.9 23.4 2076.4 0.9887907505 -0.1492758840 -0.0030891979 0.1492889374 0.9881246090 0.0363674164 -0.0023762663 -0.0364209488 0.9993337393
-134.1 194.8 2069.6 0.1515026540 -0.9475817084 -0.2813109756 0.9539388418 0.2147184014 -0.2095153332 0.2589355409 -0.2366113514 0.9364653826
-159.7 33.6 2025.9 -0.3007471263 -0.9475817084 -0.1078892350 -0.3493343294 0.2147184014 -0.9120644331 0.8874213696 -0.2366113514 -0.3955987692
136.1 235.6 2069.0 0.4789013863 0.8778363466 0.0075345524 -0.5361136794 0.2992502451 -0.7893233895 -0.6951515079 0.3739686906 0.6139314175
230.2 130.2 1932.3 -0.3595773280 0.8778363466 0.3163976073 0.9275418520 0.2992502451 0.2238646895 0.1018345058 0.3739686906 -0.9218335748
-29.7 -184.9 2086.6 0.9739493132 0.0824573487 -0.2112428397 -0.0710000023 0.9955925941 0.0612731650 0.2153642327 -0.0446787141 0.9755111933
-61.7 -571.3 2104.0 0.9744024873 0.0866108760 -0.2074569464 -0.0659532100 0.9923341870 0.1045130864 0.2149185985 -0.0881553590 0.9726451635
147.5 -158.2 2086.1 0.9692416787 0.1343914568 -0.2061783373 -0.1274969429 0.9907515645 0.0464316234 0.2105115205 -0.0187163558 0.9774122238
95.3 -542.8 2093.4 0.9732414484 -0.1120776311 -0.2005981803 0.1315127313 0.9875510335 0.0862981826 0.1884288490 -0.1103701815 0.9758652449
-74.9 132.1 1775.6 0 0 0 0 0 0 0 0 0
129.9 389.1 1960.8 0 0 0 0 0 0 0 0 0
-93.8 -939.4 2136.7 0 0 0 0 0 0 0 0 0
137.2 -911.2 2134.5 0 0 0 0 0 0 0 0 0
45.6 445.8 2089.2  0.9811420441 0.1932456940 0.0040554157 -0.1922235489 0.9777219296 -0.0843203664 -0.0202596169 0.0819507092 0.9964304566
-0.5 212.7 2069.7 0.9811420441 0.1932456940 0.0040554157 -0.1922235489 0.9777219296 -0.0843203664 -0.0202596169 0.0819507092 0.9964304566
29.0 21.0 2077.0 0.9884079695 -0.1516749114 0.0066626696 0.1513066739 0.9877192378 0.0389489979 -0.0124884322 -0.0374893919 0.9992190003
-135.5 192.0 2071.4 0.1497885436 -0.9432797432 -0.2962882221 0.9411277771 0.2278785408 -0.2496996224 0.3030543327 -0.2414429188 0.9218803644
-160.2 36.6 2021.3 -0.3108180761 -0.9432797432 -0.1166852117 -0.3505476713 0.2278785408 -0.9083984494 0.8834639192 -0.2414429188 -0.4014932811
134.6 233.4 2068.0 0.5139925480 0.8574537039 0.0241815746 -0.5191556215 0.3333968222 -0.7869713902 -0.6828536391 0.3919434547 0.6165153980
235.0 131.9 1934.5 -0.3905014396 0.8574537039 0.3350846767 0.9176453352 0.3333968222 0.2162721306 0.0737271905 0.3919434547 -0.9170303345
-29.7 -181.7 2083.6 0.9757329226 0.0856272802 -0.2015272379 -0.0736438110 0.9950821996 0.0662416369 0.2062082589 -0.0497929119 0.9772403836
-62.9 -568.0 2103.0 0.9779111147 0.0685193464 -0.1974713057 -0.0471542068 0.9927080274 0.1109380350 0.2036327571 -0.0991759375 0.9740111828
147.5 -155.0 2083.2 0.9715096951 0.1319005936 -0.1969038546 -0.1250972301 0.9910469055 0.0466548018 0.2012947649 -0.0206934661 0.9793121219
96.3 -539.7 2091.3 0.9772345424 -0.0961753577 -0.1891110688 0.1170986444 0.9877902865 0.1027531326 0.1769197732 -0.1225585565 0.9765647650
-73.2 134.7 1773.9 0 0 0 0 0 0 0 0 0
126.1 387.8 1955.1 0 0 0 0 0 0 0 0 0
-88.4 -937.4 2139.9 0 0 0 0 0 0 0 0 0
132.2 -908.2 2137.0 0 0 0 0 0 0 0 0 0
46.6 444.1 2087.6  0.9800830483 0.1985747069 -0.0023132858 -0.1981607825 0.9771435261 -0.0769598037 -0.0130218584 0.0758854002 0.9970315099
-0.9 210.6 2069.5 0.9800830483 0.1985747069 -0.0023132858 -0.1981607825 0.9771435261 -0.0769598037 -0.0130218584 0.0758854002 0.9970315099
29.4 19.0 2076.4 0.9877477288 -0.1560591161 0.0001339900 0.1559525728 0.9871044159 0.0361059122 -0.0057669189 -0.0356426351 0.9993479848
-135.8 189.3 2070.2 0.1500732154 -0.9406113625 -0.3045131862 0.9358188510 0.2345028669 -0.2631568313 0.3189375401 -0.2454763949 0.9154344201
-160.0 38.5 2018.8 -0.3170892894 -0.9406113625 -0.1212626845 -0.3485908210 0.2345028669 -0.9074650407 0.8820084333 -0.2454763949 -0.4022468328
134.1 231.9 2068.7 0.5486874580 0.8346753716 0.0475298017 -0.5087029338 0.3784394562 -0.7733077407 -0.6634480953 0.4001257122 0.6322467923
244.1 129.9 1935.6 -0.4292749465 0.8346753716 0.3450217545 0.9021878839 0.3784394562 0.2069798559 0.0421911404 0.4001257122 -0.9154886007
-30.1 -184.3 2085.3 0.9741185308 0.0869781226 -0.2086333781 -0.0770120099 0.9954875708 0.0554408357 0.2125140578 -0.0379386693 0.9764212370
-63.9 -570.8 2100.1 0.9771105647 0.0716281906 -0.2003105581 -0.0434894897 0.9889817834 0.1415049583 0.2082392424 -0.1295545995 0.9694596529
147.0 -157.2 2083.1 0.9704248309 0.1312256455 -0.2026215196 -0.1239180937 0.9911115766 0.0483959541 0.2071713209 -0.0218561646 0.9780604839
96.0 -542.0 2091.6 0.9767957330 -0.0890918821 -0.1947632283 0.1111006513 0.9882308245 0.1051497087 0.1831030548 -0.1243481040 0.9751978517
-71.6 135.7 1772.8 0 0 0 0 0 0 0 0 0
124.5 381.3 1947.4 0 0 0 0 0 0 0 0 0
-90.6 -939.2 2148.3 0 0 0 0 0 0 0 0 0
129.3 -910.8 2138.0 0 0 0 0 0 0 0 0 0
43.9 444.5 2089.3  0.9829959869 0.1816388518 -0.0269487686 -0.1833160222 0.9792440534 -0.0864654705 0.0106839333 0.0899353474 0.9958903193
-0.4 206.1 2067.4 0.9829959869 0.1816388518 -0.0269487686 -0.1833160222 0.9792440534 -0.0864654705 0.0106839333 0.0899353474 0.9958903193
30.0 14.4 2072.2 0.9873346686 -0.1565761119 -0.0255770069 0.1571272463 0.9873513579 0.0211724360 0.0219383948 -0.0249231253 0.9994485974
-135.2 184.6 2064.4 0.1649450660 -0.9369398355 -0.3081182837 0.9427601695 0.2415691316 -0.2298860550 0.2898212671 -0.2525630891 0.9231551886
-160.7 39.1 2019.6 -0.3270014822 -0.9369398355 -0.1233441830 -0.3508974910 0.2415691316 -0.9047183394 0.8774628043 -0.2525630891 -0.4077633023
134.5 227.5 2070.4 0.5733184814 0.8096860051 0.1253573895 -0.4313968420 0.4283850491 -0.7939665914 -0.6965649128 0.4011169672 0.5948970914
246.9 142.9 1933.8 -0.4714901745 0.8096860051 0.3494361043 0.8818148375 0.4283850491 0.1972024590 0.0099788699 0.4011169672 -0.9159724712
-28.8 -186.6 2083.8 0.9684103727 0.0932690799 -0.2312622219 -0.0795943663 0.9945194125 0.0677927509 0.2363177389 -0.0472440310 0.9705266356
