7.5 457.0 2163.6 4 0.9771599174 -0.2121809721 -0.0117337909 0.2124626040 0.9743686914 0.0739277005 -0.0042530131 -0.0747321770 0.9971945882
55.0 238.7 2180.3 0.9771599174 -0.2121809721 -0.0117337909 0.2124626040 0.9743686914 0.0739277005 -0.0042530131 -0.0747321770 0.9971945882
31.4 44.3 2180.5 0.9926920533 0.1203834563 -0.0083835172 -0.1203696355 0.9927268624 0.0021359131 0.0085796714 -0.0011111831 0.9999625683
-86.4 255.9 2179.1 0.7291325331 0.3637251258 -0.5797153115 -0.6802993417 0.2929261625 -0.6718534827 -0.0745562166 0.8842501640 0.4610239267
-275.6 432.3 2198.4 -0.8339273930 0.3637251258 -0.4150531888 -0.3205705881 0.2929261625 0.9007934332 0.4492211342 0.8842501640 -0.1276795715
196.5 221.5 2181.5 -0.3544260859 0.7604082227 0.5442072153 -0.3272091150 0.4443381131 -0.8339651227 -0.8759659529 -0.4736485481 0.0913274735
104.8 136.9 1955.0 -0.2707963288 0.7604082227 -0.5902954340 0.8798174262 0.4443381131 0.1687748879 0.3906285763 -0.4736485481 -0.7893455029
-83.4 -138.6 2182.7 0.8813993335 0.0241098143 0.4717562497 -0.0516465530 0.9976280332 0.0455078445 -0.4695400596 -0.0644751638 0.8805538416
-92.8 -529.4 2208.0 0.8791450858 0.1553709358 0.4505150318 -0.0664506927 0.9760911465 -0.2069551200 -0.4718985558 0.1520065367 0.8684502244
95.9 -161.3 2181.2 0.9992152452 -0.0005067199 0.0396056622 0.0017433676 0.9995117784 -0.0311957188 -0.0395705178 0.0312402844 0.9987282753
96.1 -552.8 2169.0 0.9986958504 -0.0325608775 0.0393239968 0.0385702364 0.9858266711 -0.1632732004 -0.0334503278 0.1645769924 0.9857968688
-73.3 510.1 2089.5 0 0 0 0 0 0 0 0 0
29.5 381.5 2063.6 0 0 0 0 0 0 0 0 0
-151.3 -896.7 2150.8 0 0 0 0 0 0 0 0 0
108.4 -923.7 2107.1 0 0 0 0 0 0 0 0 0
7.5 456.0 2162.4 5 0.9763462543 -0.2156623900 -0.0154177463 0.2161921710 0.9727828503 0.0833937898 -0.0029867857 -0.0847544149 0.9963973761
55.9 237.9 2181.4 0.9763462543 -0.2156623900 -0.0154177463 0.2161921710 0.9727828503 0.0833937898 -0.0029867857 -0.0847544149 0.9963973761
29.9 43.8 2180.2 0.9910567403 0.1329273880 -0.0116984397 -0.1329916120 0.9911050797 -0.0048917127 0.0109441401 0.0064037591 0.9999195933
-85.3 256.8 2179.9 0.7325514555 0.3605290651 -0.5773968697 -0.6773163676 0.3014359176 -0.6711028218 -0.0679038987 0.8826977015 0.4650095403
-276.0 433.1 2197.5 -0.8354758620 0.3605290651 -0.4147275388 -0.3164098561 0.3014359176 0.8994560838 0.4492938221 0.8826977015 -0.1377674788
197.1 218.9 2183.0 -0.3549030423 0.7635758519 0.5394401550 -0.3175840974 0.4442234039 -0.8377385736 -0.8793088794 -0.4686335921 0.0848433152
105.0 136.4 1954.6 -0.2720161676 0.7635758519 -0.5856270790 0.8795066476 0.4442234039 0.1706858575 0.3904808760 -0.4686335921 -0.7924059629
-81.8 -139.3 2180.0 0.8822408915 0.0322001241 0.4696958661 -0.0594469160 0.9972923398 0.0432909094 -0.4670301080 -0.0661149845 0.8817662597
-94.5 -529.9 2205.9 0.8814496994 0.1472977549 0.4487201869 -0.0647928417 0.9788510203 -0.1940428168 -0.4678122699 0.1419651210 0.8723517656
97.6 -161.0 2181.5 0.9992814660 0.0116477367 0.0360682271 -0.0108575244 0.9996984005 -0.0220277123 -0.0363139212 0.0216202717 0.9991065264
93.0 -552.5 2173.1 0.9984856844 -0.0435793288 0.0335736983 0.0492119752 0.9803429842 -0.1910650879 -0.0245872494 0.1924279779 0.9810030460
-73.2 509.9 2088.5 0 0 0 0 0 0 0 0 0
29.3 380.9 2063.2 0 0 0 0 0 0 0 0 0
-149.9 -898.4 2152.4 0 0 0 0 0 0 0 0 0
109.4 -921.4 2100.7 0 0 0 0 0 0 0 0 0
6.8 455.6 2162.4 6 0.9755109549 -0.2199502438 -0.0005503325 0.2193196118 0.9725185037 0.0781455263 -0.0166529194 -0.0763525143 0.9969418049
56.0 237.8 2179.5 0.9755109549 -0.2199502438 -0.0005503325 0.2193196118 0.9725185037 0.0781455263 -0.0166529194 -0.0763525143 0.9969418049
31.0 43.6 2179.5 0.9917671680 0.1280166507 0.0031073780 -0.1280172616 0.9917719364 -0.0000066056 -0.0030826561 -0.0003912468 0.9999951720
-85.3 256.1 2179.9 0.7330783606 0.3655300140 -0.5735712051 -0.6763688326 0.3030602038 -0.6713268161 -0.0715635046 0.8800808787 0.4693999887
-274.7 430.8 2198.4 -0.8293682933 0.3655300140 -0.4225352705 -0.3231691420 0.3030602038 0.8965021968 0.4557521045 0.8800808787 -0.1332204938
197.4 219.6 2179.0 -0.3622696400 0.7569865584 0.5438125134 -0.3219438493 0.4459099770 -0.8351745009 -0.8747072816 -0.4776354730 0.0821675286
104.7 137.2 1955.3 -0.2723369002 0.7569865584 -0.5939730406 0.8797529936 0.4459099770 0.1649210453 0.3897015154 -0.4776354730 -0.7873989344
-85.7 -138.3 2177.9 0.8755077124 0.0218884349 0.4827080965 -0.0582759120 0.9964648485 0.0605126657 -0.4796771109 -0.0811095610 0.8736882210
-94.3 -528.6 2209.7 0.8768174648 0.1481428444 0.4574328363 -0.0498786233 0.9742447138 -0.2199075669 -0.4782292545 0.1700026840 0.8616239429
93.4 -162.3 2179.9 0.9987002015 -0.0010701765 0.0509588644 0.0016488668 0.9999346137 -0.0113153448 -0.0509434231 0.0113846613 0.9986366630
93.8 -553.9 2175.4 0.9981867075 -0.0331862159 0.0502191670 0.0427260473 0.9782949686 -0.2027644664 -0.0424001738 0.2045424581 0.9779389501
-72.8 509.5 2087.4 0 0 0 0 0 0 0 0 0
29.0 381.8 2063.6 0 0 0 0 0 0 0 0 0
-150.1 -895.3 2145.7 0 0 0 0 0 0 0 0 0
106.3 -922.2 2098.5 0 0 0 0 0 0 0 0 0
6.7 455.8 2161.8 7 0.9754405618 -0.2201242298 0.0078117340 0.2188950032 0.9727196693 0.0768207982 -0.0245087463 -0.0732241794 0.9970142841
56.1 237.5 2178.2 0.9754405618 -0.2201242298 0.0078117340 0.2188950032 0.9727196693 0.0768207982 -0.0245087463 -0.0732241794 0.9970142841
30.9 43.3 2179.4 0.9915883541 0.1289496571 0.0111588063 -0.1290083528 0.9916323423 0.0047082864 -0.0104583008 -0.0061082612 0.9999266267
-85.2 255.9 2179.7 0.7308192253 0.3746281862 -0.5705760121 -0.6781356931 0.3033621013 -0.6694052815 -0.0776869729 0.8761422038 0.4757515788
-273.7 430.8 2199.8 -0.8247738481 0.3746281862 -0.4235584736 -0.3226456940 0.3033621013 0.8965886235 0.4643789828 0.8761422038 -0.1293329448
197.4 219.1 2176.8 -0.3608616292 0.7544797659 0.5482145548 -0.3244999647 0.4495156109 -0.8322472572 -0.8743447065 -0.4782216847 0.0826157331
104.6 135.6 1951.9 -0.2687746584 0.7544797659 -0.5987657905 0.8763524890 0.4495156109 0.1730377823 0.3997080624 -0.4782216847 -0.7820085883
-83.7 -139.1 2179.9 0.8717087507 0.0250976644 0.4893811941 -0.0551947020 0.9973609447 0.0471662469 -0.4869059324 -0.0681264773 0.8707935214
-93.5 -529.7 2206.6 0.8699597716 0.1569391191 0.4674827754 -0.0664423034 0.9766651392 -0.2042317688 -0.4886260927 0.1466127783 0.8600867391
95.6 -162.2 2179.3 0.9982102513 0.0095910011 0.0590283722 -0.0097252922 0.9999507070 0.0019881658 -0.0590063967 -0.0025586756 0.9982542992
91.8 -553.8 2180.3 0.9973220229 -0.0482913144 0.0549252667 0.0601840690 0.9686098099 -0.2411905229 -0.0415537469 0.2438502461 0.9689222574
-72.8 509.4 2086.7 0 0 0 0 0 0 0 0 0
29.9 379.3 2063.0 0 0 0 0 0 0 0 0 0
-152.6 -897.3 2151.4 0 0 0 0 0 0 0 0 0
110.0 -918.2 2088.6 0 0 0 0 0 0 0 0 0
6.3 455.8 2161.5 8 0.9734823108 -0.2287034839 0.0051866276 0.2276710719 0.9708015323 0.0755664110 -0.0223174877 -0.0723817199 0.9971272945
57.1 239.8 2177.6 0.9734823108 -0.2287034839 0.0051866276 0.2276710719 0.9708015323 0.0755664110 -0.0223174877 -0.0723817199 0.9971272945
30.3 45.8 2179.2 0.9905371666 0.1369865835 0.0084112752 -0.1370434910 0.9905430079 0.0066080764 -0.0074265120 -0.0076982561 0.9999427795
-84.0 259.4 2178.7 0.7390295267 0.3703564703 -0.5627356768 -0.6688777804 0.3039048612 -0.6784131527 -0.0802365839 0.8777686954 0.4723178744
-274.7 431.9 2199.4 -0.8289851546 0.3703564703 -0.4190700352 -0.3181852102 0.3039048612 0.8979977965 0.4599367082 0.8777686954 -0.1340906769
198.3 220.3 2176.6 -0.3644871712 0.7527760863 0.5481581092 -0.3287678063 0.4467183352 -0.8320783973 -0.8712409735 -0.4834986329 0.0846654251
104.4 135.6 1952.1 -0.2637012601 0.7527760863 -0.6031499505 0.8776242733 0.4467183352 0.1738344580 0.4002965391 -0.4834986329 -0.7784547210
-84.0 -139.3 2181.6 0.8727573752 0.0327379368 0.4870552421 -0.0580525883 0.9976288080 0.0369681157 -0.4846901000 -0.0605390146 0.8725883961
-96.8 -530.0 2205.3 0.8731330633 0.1339393854 0.4687204957 -0.0553216040 0.9825268388 -0.1777091473 -0.4843327403 0.1292333603 0.8652864099
95.2 -162.6 2179.7 0.9984209538 -0.0024485998 0.0561212189 0.0032918956 0.9998829961 -0.0149388090 -0.0560780726 0.0150999650 0.9983121753
96.2 -554.1 2173.8 0.9983433485 -0.0147308521 0.0556196533 0.0254842956 0.9798896313 -0.1979060918 -0.0515857972 0.1989956498 0.9786417484
-72.8 509.4 2087.4 0 0 0 0 0 0 0 0 0
31.1 379.6 2063.4 0 0 0 0 0 0 0 0 0
-147.2 -899.8 2156.6 0 0 0 0 0 0 0 0 0
101.7 -922.4 2099.0 0 0 0 0 0 0 0 0 0
7.5 455.9 2161.9 9 0.9769145846 -0.2133765370 0.0104099344 0.2119883746 0.9742844105 0.0763599277 -0.0264356546 -0.0723903403 0.9970259666
54.6 240.7 2177.9 0.9769145846 -0.2133765370 0.0104099344 0.2119883746 0.9742844105 0.0763599277 -0.0264356546 -0.0723903403 0.9970259666
29.2 46.5 2178.8 0.9914844036 0.1295199990 0.0135354530 -0.1295726895 0.9915651083 0.0030883828 -0.0130212754 -0.0048159086 0.9999036193
-86.7 259.1 2179.8 0.7254369259 0.3350735009 -0.6012212634 -0.6857460141 0.2768413723 -0.6731353402 -0.0591068938 0.9006023407 0.4306062758
-275.8 437.9 2195.2 -0.8449530005 0.3350735009 -0.4168694615 -0.3346235156 0.2768413723 0.9007696509 0.4172307551 0.9006023407 -0.1217944846
195.9 222.2 2176.0 -0.3567638099 0.7555855513 0.5493723750 -0.3366471827 0.4445763230 -0.8300726414 -0.8714288473 -0.4810845554 0.0957570150
104.6 136.0 1953.1 -0.2691327631 0.7555855513 -0.5972084999 0.8802657723 0.4445763230 0.1657831222 0.3907681108 -0.4810845554 -0.7847661972
-86.1 -135.8 2181.3 0.8706805110 0.0220674407 0.4913537800 -0.0483869426 0.9979900718 0.0409205742 -0.4894631803 -0.0594038516 0.8699982762
-94.7 -526.7 2204.6 0.8689581752 0.1362411529 0.4757626057 -0.0613730587 0.9836046696 -0.1695736647 -0.4910652339 0.1181534082 0.8630728126
93.0 -160.6 2180.0 0.9980825186 -0.0087664537 0.0612737350 0.0090851393 0.9999465942 -0.0049243388 -0.0612272955 0.0054715769 0.9981088638
96.4 -552.2 2177.8 0.9978421926 -0.0225366056 0.0616691262 0.0362287574 0.9723079205 -0.2308782637 -0.0547581688 0.2326142639 0.9710263610
-64.9 521.4 2091.0 0 0 0 0 0 0 0 0 0
29.8 380.7 2061.7 0 0 0 0 0 0 0 0 0
-146.0 -897.0 2160.1 0 0 0 0 0 0 0 0 0
104.9 -917.8 2090.4 0 0 0 0 0 0 0 0 0
6.8 459.5 2163.1 0 0.9781286120 -0.2070166618 0.0202130806 0.2052806616 0.9764322042 0.0666329861 -0.0335308425 -0.0610262752 0.9975727797
53.0 241.5 2176.7 0.9781286120 -0.2070166618 0.0202130806 0.2052806616 0.9764322042 0.0666329861 -0.0335308425 -0.0610262752 0.9975727797
27.7 47.3 2178.5 0.9913645387 0.1291724145 0.0226028841 -0.1293422729 0.9915805459 0.0062153675 -0.0216097254 -0.0090852026 0.9997252226
-88.3 259.9 2179.8 0.7323902249 0.3278376460 -0.5967637897 -0.6771627665 0.2591879964 -0.6886742115 -0.0710993260 0.9084844589 0.4118262231
-282.9 439.9 2198.7 -0.8492558599 0.3278376460 -0.4138682485 -0.3404174745 0.2591879964 0.9038459659 0.4035844207 0.9084844589 -0.1085152552
194.3 223.1 2173.6 -0.3528631330 0.7498978376 0.5595899224 -0.3434453905 0.4525103271 -0.8229700327 -0.8703636527 -0.4825843573 0.0978747308
104.8 135.9 1952.9 -0.2785289884 0.7498978376 -0.6000623703 0.8776257634 0.4525103271 0.1581373960 0.3901213109 -0.4825843573 -0.7841668725
-85.8 -136.0 2181.0 0.8660618663 0.0296445470 0.4990571737 -0.0558762625 0.9977256656 0.0377014428 -0.4968044758 -0.0605372339 0.8657485247
-97.4 -526.8 2204.7 0.8672654033 0.1208912805 0.4829451740 -0.0463949442 0.9854734540 -0.1633693129 -0.4956795871 0.1192783341 0.8602758050
93.5 -159.5 2178.6 0.9974984527 -0.0064294622 0.0703957081 0.0072143259 0.9999145865 -0.0109007489 -0.0703196079 0.0113813374 0.9974595904
96.0 -551.1 2174.1 0.9967856407 -0.0385526940 0.0702287108 0.0528304949 0.9753069878 -0.2144417614 -0.0602272414 0.2174626887 0.9742087126
-68.2 525.9 2096.7 0 0 0 0 0 0 0 0 0
27.4 379.9 2061.3 0 0 0 0 0 0 0 0 0
-142.9 -897.9 2159.8 0 0 0 0 0 0 0 0 0
110.5 -918.0 2092.3 0 0 0 0 0 0 0 0 0
6.2 459.2 2165.2 1 0.9778026938 -0.2082836777 0.0227979366 0.2067936808 0.9768341780 0.0550572835 -0.0337373391 -0.0491206907 0.9982228875
52.5 242.2 2176.1 0.9778026938 -0.2082836777 0.0227979366 0.2067936808 0.9768341780 0.0550572835 -0.0337373391 -0.0491206907 0.9982228875
27.3 47.9 2177.9 0.9913732409 0.1287067831 0.0247732662 -0.1288960427 0.9916387796 0.0061940635 -0.0237689130 -0.0093338042 0.9996739030
-88.8 260.5 2179.5 0.7291908264 0.3553439975 -0.5848174095 -0.6778848767 0.2582545877 -0.6883143783 -0.0935565978 0.8983513713 0.4291991889
-289.2 446.8 2205.2 -0.8503417969 0.3553439975 -0.3881358504 -0.3097604215 0.2582545877 0.9150699377 0.4254024625 0.8983513713 -0.1095331833
193.8 223.8 2172.7 -0.3532693386 0.7513895035 0.5573281050 -0.3450312316 0.4490974545 -0.8241752982 -0.8695712686 -0.4834514558 0.1006004810
104.6 136.7 1953.1 -0.2756268680 0.7513895035 -0.5995362401 0.8792925477 0.4490974545 0.1586066782 0.3884255886 -0.4834514558 -0.7844744921
-87.2 -135.2 2182.2 0.8650772572 0.0287220851 0.5008157492 -0.0529714748 0.9980080724 0.0342631899 -0.4988340139 -0.0561692528 0.8648754954
-98.4 -526.2 2204.2 0.8670434952 0.1208895668 0.4833438993 -0.0378208496 0.9832878113 -0.1780862659 -0.4967949092 0.1361280680 0.8571254015
92.0 -158.6 2178.3 0.9973630905 -0.0023071093 0.0725365356 0.0025947380 0.9999891520 -0.0038713112 -0.0725268200 0.0040493160 0.9973582625
92.9 -550.3 2176.7 0.9962557554 -0.0489636324 0.0712536275 0.0638598800 0.9723289013 -0.2247186452 -0.0582789220 0.2284274846 0.9718150496
-73.0 525.6 2097.0 0 0 0 0 0 0 0 0 0
28.0 381.1 2061.1 0 0 0 0 0 0 0 0 0
-144.0 -896.4 2153.0 0 0 0 0 0 0 0 0 0
111.4 -916.3 2090.7 0 0 0 0 0 0 0 0 0
6.4 457.7 2163.2 2 0.9781977534 -0.2061844468 0.0248419121 0.2043834180 0.9769933224 0.0609218776 -0.0368315242 -0.0545163676 0.9978333712
51.8 242.2 2175.3 0.9781977534 -0.2061844468 0.0248419121 0.2043834180 0.9769933224 0.0609218776 -0.0368315242 -0.0545163676 0.9978333712
26.1 48.0 2178.4 0.9909690022 0.1314087808 0.0266855974 -0.1317734718 0.9912023544 0.0123936171 -0.0248221979 -0.0157981440 0.9995670319
-89.4 260.9 2178.8 0.7259259224 0.3261818588 -0.6055055261 -0.6837714314 0.2474441826 -0.6864604950 -0.0740821511 0.9123468399 0.4026599824
-286.4 446.5 2198.9 -0.8587478995 0.3261818588 -0.3951675296 -0.3258919120 0.2474441826 0.9124504328 0.3954066932 0.9123468399 -0.1061921418
193.1 223.4 2171.7 -0.3479771018 0.7541003227 0.5569961071 -0.3464771509 0.4486187994 -0.8238292933 -0.8711288571 -0.4796601534 0.1051694527
104.3 134.9 1949.4 -0.2670162320 0.7541003227 -0.6000291705 0.8766843677 0.4486187994 0.1736826152 0.4001584947 -0.4796601534 -0.7808964849
-87.5 -134.6 2181.9 0.8641920090 0.0253522657 0.5025230646 -0.0510657504 0.9979921579 0.0374694280 -0.5005641580 -0.0580424964 0.8637514710
-97.5 -525.6 2204.6 0.8659161329 0.1237699166 0.4846341014 -0.0379932001 0.9823777676 -0.1830038130 -0.4987441599 0.1400531679 0.8553591967
91.7 -157.9 2177.6 0.9972262383 -0.0010949788 0.0744220540 0.0021854355 0.9998914003 -0.0145724798 -0.0743980184 0.0146947037 0.9971203804
92.1 -549.6 2171.8 0.9959164858 -0.0525923707 0.0733785108 0.0661259145 0.9783117771 -0.1962992847 -0.0614632182 0.2003499120 0.9777945280
-67.4 529.6 2098.0 0 0 0 0 0 0 0 0 0
30.0 378.6 2060.6 0 0 0 0 0 0 0 0 0
-144.1 -895.5 2151.9 0 0 0 0 0 0 0 0 0
111.9 -917.8 2096.4 0 0 0 0 0 0 0 0 0
6.1 458.8 2163.3 3 0.9770011902 -0.2090748698 0.0419092476 0.2062201202 0.9764299393 0.0637011826 -0.0542397611 -0.0535936020 0.9970886707
52.3 243.0 2175.1 0.9770011902 -0.2090748698 0.0419092476 0.2062201202 0.9764299393 0.0637011826 -0.0542397611 -0.0535936020 0.9970886707
25.7 49.0 2178.1 0.9897553325 0.1358467489 0.0439323373 -0.1363797337 0.9906124473 0.0093572019 -0.0422487743 -0.0152528211 0.9989907146
-88.8 262.4 2181.1 0.7326231003 0.3277244270 -0.5965400934 -0.6765271425 0.2544869483 -0.6910480261 -0.0746616721 0.9098533392 0.4081574976
-289.4 447.7 2201.6 -0.8580059409 0.3277244270 -0.3955028653 -0.3229796290 0.2544869483 0.9115484357 0.3993870020 0.9098533392 -0.1125029922
193.3 223.5 2169.1 -0.3531904817 0.7444943190 0.5665550828 -0.3513143957 0.4557216465 -0.8178606033 -0.8670840263 -0.4878995419 0.1005950272
104.9 135.5 1951.9 -0.2789786160 0.7444943190 -0.6065468788 0.8762883544 0.4557216465 0.1563217491 0.3927972019 -0.4878995419 -0.7795283198
-89.2 -134.2 2183.7 0.8555970788 0.0150049021 0.5174248815 -0.0357734300 0.9989039302 0.0301863905 -0.5164047480 -0.0443374515 0.8551960588
-95.1 -525.4 2201.1 0.8517289758 0.1375018656 0.5056194067 -0.0664888397 0.9855157733 -0.1560062468 -0.5197470188 0.0992569923 0.8485346437
90.0 -158.0 2179.2 0.9957273602 -0.0122944890 0.0915195048 0.0146198785 0.9995859861 -0.0247817673 -0.0911769345 0.0260138884 0.9954949021
94.8 -549.5 2169.0 0.9950568676 -0.0365392081 0.0923399553 0.0513563827 0.9851935506 -0.1635730714 -0.0849958956 0.1675067544 0.9822001457
-70.1 530.2 2099.5 0 0 0 0 0 0 0 0 0
27.3 379.1 2061.1 0 0 0 0 0 0 0 0 0
-146.8 -896.3 2163.7 0 0 0 0 0 0 0 0 0
108.5 -920.2 2106.0 0 0 0 0 0 0 0 0 0
6.8 460.4 2162.3 4 0.9776640534 -0.2031672299 0.0538155213 0.1995024234 0.9776392579 0.0664849132 -0.0661197230 -0.0542635843 0.9963350892
51.9 243.7 2174.3 0.9776640534 -0.2031672299 0.0538155213 0.1995024234 0.9776392579 0.0664849132 -0.0661197230 -0.0542635843 0.9963350892
25.3 49.7 2178.9 0.9892104864 0.1355596185 0.0555537194 -0.1366277039 0.9904950857 0.0158839449 -0.0528724678 -0.0233027413 0.9983293414
-89.1 263.2 2181.8 0.7362056971 0.3309899867 -0.5902938247 -0.6727327108 0.2629333735 -0.6915900111 -0.0737014040 0.9062624574 0.4162408412
-290.7 447.4 2202.0 -0.8555991054 0.3309899867 -0.3979897201 -0.3214365840 0.2629333735 0.9096947908 0.4057446420 0.9062624574 -0.1185732782
192.9 224.2 2166.8 -0.3530689776 0.7453165054 0.5655488968 -0.3555869162 0.4522213340 -0.8179571033 -0.8653902411 -0.4898970723 0.1053594872
104.3 135.0 1949.6 -0.2715234756 0.7453165054 -0.6089156866 0.8769844174 0.4522213340 0.1624628603 0.3964509070 -0.4898970723 -0.7764196992
-90.4 -132.7 2184.9 0.8496277928 0.0143567286 0.5271872878 -0.0325583294 0.9991505146 0.0252622366 -0.5263767838 -0.0386278369 0.8493735194
-96.0 -524.1 2200.0 0.8459541202 0.1297174394 0.5172378421 -0.0637707040 0.9876105189 -0.1433832049 -0.5294288397 0.0883109942 0.8437453508
88.5 -157.4 2177.3 0.9945955276 -0.0110701527 0.1032338291 0.0142161306 0.9994551539 -0.0297884736 -0.1028478146 0.0310950689 0.9942109585
92.9 -548.9 2165.1 0.9933823943 -0.0492165834 0.1037747636 0.0601589903 0.9926406145 -0.1050978154 -0.0978384912 0.1106453016 0.9890325069
-71.8 529.7 2098.2 0 0 0 0 0 0 0 0 0
28.8 378.8 2059.8 0 0 0 0 0 0 0 0 0
-144.8 -895.9 2166.8 0 0 0 0 0 0 0 0 0
111.4 -921.9 2123.5 0 0 0 0 0 0 0 0 0
9.1 459.1 2158.3 5 0.9801384211 -0.1911278665 0.0529042445 0.1871484220 0.9796834588 0.0720821694 -0.0656063259 -0.0607495569 0.9959946275
51.2 243.4 2171.6 0.9801384211 -0.1911278665 0.0529042445 0.1871484220 0.9796834588 0.0720821694 -0.0656063259 -0.0607495569 0.9959946275
25.3 49.4 2178.7 0.9897927642 0.1318022013 0.0542071350 -0.1334916800 0.9906310439 0.0288107600 -0.0499019511 -0.0357528850 0.9981139898
-89.9 262.4 2178.8 0.7334397435 0.3216417730 -0.5988427997 -0.6757028103 0.2489318997 -0.6938722134 -0.0741072074 0.9135532379 0.3999108076
-289.2 446.0 2198.9 -0.8559331298 0.3216417730 -0.4048766196 -0.3361168802 0.2489318997 0.9083272219 0.3929426968 0.9135532379 -0.1049598232
192.2 224.4 2164.5 -0.3549236357 0.7451953888 0.5645467639 -0.3597731590 0.4484868646 -0.8181826472 -0.8628977537 -0.4935011268 0.1089227051
104.4 135.4 1951.1 -0.2721105218 0.7451953888 -0.6088018417 0.8801456690 0.4484868646 0.1555735022 0.3889722824 -0.4935011268 -0.7779185176
-90.6 -131.9 2188.2 0.8504708409 0.0146286534 0.5258187652 -0.0322161354 0.9991852641 0.0243090410 -0.5250347257 -0.0376139805 0.8502492309
-96.3 -523.3 2202.9 0.8483700752 0.1250378191 0.5144256949 -0.0498650260 0.9862611294 -0.1574881226 -0.5270500183 0.1079563573 0.8429493904
88.2 -156.6 2178.7 0.9946063757 -0.0180480108 0.1021392047 0.0203069150 0.9995707273 -0.0211194567 -0.1017141938 0.0230796784 0.9945458770
95.3 -548.2 2169.6 0.9940228462 -0.0347679257 0.1034881622 0.0480293483 0.9905394316 -0.1285486817 -0.0980397388 0.1327507943 0.9862887263
-70.1 532.0 2098.3 0 0 0 0 0 0 0 0 0
28.8 380.1 2059.2 0 0 0 0 0 0 0 0 0
-143.4 -894.6 2162.3 0 0 0 0 0 0 0 0 0
108.4 -920.7 2119.7 0 0 0 0 0 0 0 0 0
12.7 459.7 2159.3 6 0.9836030006 -0.1759722680 0.0394822098 0.1728102863 0.9822614789 0.0727938712 -0.0515915565 -0.0647773445 0.9965652227
51.5 243.2 2173.6 0.9836030006 -0.1759722680 0.0394822098 0.1728102863 0.9822614789 0.0727938712 -0.0515915565 -0.0647773445 0.9965652227
26.6 49.0 2178.0 0.9910259247 0.1272763759 0.0408452600 -0.1280743480 0.9916093946 0.0175430365 -0.0382697284 -0.0226168353 0.9990114570
-89.7 261.4 2179.0 0.7350086570 0.3226642311 -0.5963640809 -0.6734182835 0.2446613461 -0.6976020932 -0.0791839883 0.9143460393 0.3971161842
-290.2 445.2 2200.6 -0.8543038368 0.3226642311 -0.4074956477 -0.3406122029 0.2446613461 0.9078128338 0.3926171660 0.9143460393 -0.0991117582
192.7 224.9 2168.1 -0.3474958539 0.7438126206 0.5709547997 -0.3553345799 0.4590293765 -0.8142661452 -0.8677464724 -0.4858340919 0.1047915444
104.7 135.0 1948.4 -0.2784080505 0.7438126206 -0.6076443791 0.8735939264 0.4590293765 0.1616344601 0.3991523981 -0.4858340919 -0.7775876522
-89.9 -132.5 2190.2 0.8574013710 0.0118521657 0.5145117640 -0.0307293031 0.9991300702 0.0281927325 -0.5137300491 -0.0399830751 0.8570197225
-94.6 -523.9 2205.8 0.8562046289 0.1307124048 0.4998278320 -0.0400026031 0.9813331962 -0.1881088018 -0.5150858164 0.1410652250 0.8454508781
89.0 -156.7 2181.1 0.9958729744 -0.0160022862 0.0893360972 0.0201350730 0.9987589717 -0.0455532447 -0.0884962678 0.0471640341 0.9949592948
95.3 -547.8 2162.7 0.9952663183 -0.0360004529 0.0902713835 0.0466613173 0.9918069839 -0.1189184934 -0.0852506682 0.1225677580 0.9887919426
-71.5 532.4 2100.1 0 0 0 0 0 0 0 0 0
27.4 377.8 2059.4 0 0 0 0 0 0 0 0 0
-143.8 -893.2 2152.7 0 0 0 0 0 0 0 0 0
108.8 -921.1 2116.5 0 0 0 0 0 0 0 0 0
12.4 460.8 2153.8 7 0.9830356836 -0.1771177351 0.0476457030 0.1715963930 0.9798607826 0.1021152213 -0.0647725761 -0.0922070742 0.9936308861
51.7 242.9 2174.3 0.9830356836 -0.1771177351 0.0476457030 0.1715963930 0.9798607826 0.1021152213 -0.0647725761 -0.0922070742 0.9936308861
26.1 48.8 2177.7 0.9901168346 0.1311135739 0.0497780889 -0.1317999363 0.9912180305 0.0107517112 -0.0479312465 -0.0172061995 0.9987024069
-89.4 261.7 2181.1 0.7407878637 0.3103401661 -0.5957536101 -0.6684399247 0.2527692914 -0.6994967461 -0.0664937273 0.9164041877 0.3946922123
-288.6 441.5 2199.0 -0.8434948325 0.3103401661 -0.4384124279 -0.3713617027 0.2527692914 0.8934193850 0.3880811334 0.9164041877 -0.0979611427
192.8 224.1 2167.4 -0.3500718474 0.7429223657 0.5705401897 -0.3522464633 0.4599704146 -0.8150764704 -0.8679701090 -0.4863060713 0.1006690562
104.6 135.3 1948.6 -0.2793751359 0.7429223657 -0.6082893610 0.8732712865 0.4599704146 0.1606998593 0.3991826177 -0.4863060713 -0.7772770524
-87.9 -133.6 2185.9 0.8522490859 0.0240630135 0.5225824714 -0.0523485579 0.9978503585 0.0394248292 -0.5205104351 -0.0609562136 0.8516767025
-97.3 -524.4 2209.8 0.8573414683 0.1166153476 0.5013645887 -0.0148756308 0.9792061448 -0.2023217678 -0.5145331025 0.1660007387 0.8412487507
91.3 -156.8 2179.0 0.9951778054 -0.0093084536 0.0976447091 0.0114081539 0.9997150898 -0.0209672451 -0.0974217132 0.0219800826 0.9950004220
94.9 -548.2 2170.4 0.9947530627 -0.0293864105 0.0979938656 0.0447984226 0.9862622619 -0.1589962691 -0.0919753239 0.1625519991 0.9824038744
-72.7 536.5 2099.7 0 0 0 0 0 0 0 0 0
26.9 378.1 2059.5 0 0 0 0 0 0 0 0 0
-141.2 -892.9 2147.3 0 0 0 0 0 0 0 0 0
106.0 -919.2 2109.2 0 0 0 0 0 0 0 0 0
11.5 460.0 2151.5 8 0.9826049209 -0.1801907122 0.0449312776 0.1740179509 0.9778807759 0.1160469428 -0.0648480132 -0.1062094495 0.9922269583
51.4 243.0 2175.1 0.9826049209 -0.1801907122 0.0449312776 0.1740179509 0.9778807759 0.1160469428 -0.0648480132 -0.1062094495 0.9922269583
25.9 48.8 2177.2 0.9903171062 0.1303536743 0.0477482527 -0.1307254881 0.9914072752 0.0047353515 -0.0467206948 -0.0109314136 0.9988481998
-89.7 261.6 2181.8 0.7380058765 0.3047265708 -0.6020706296 -0.6723572612 0.2563077509 -0.6944364905 -0.0572978780 0.9173047543 0.3940417469
-288.8 443.0 2197.2 -0.8505738378 0.3047265708 -0.4285625815 -0.3601305783 0.2563077509 0.8970018625 0.3831842244 0.9173047543 -0.1082673073
192.6 224.4 2168.4 -0.3495096266 0.7478752136 0.5643807650 -0.3516977131 0.4535992444 -0.8188751340 -0.8684191108 -0.4846961796 0.1044887155
104.3 135.5 1949.1 -0.2740363181 0.7478752136 -0.6046376824 0.8759783506 0.4535992444 0.1640416235 0.3969458640 -0.4846961796 -0.7794252038
-89.1 -133.4 2185.4 0.8535149097 0.0179537721 0.5207589865 -0.0401851982 0.9986977577 0.0314315744 -0.5195165277 -0.0477541201 0.8531249166
-96.1 -524.5 2204.1 0.8546122909 0.1255624145 0.5038570762 -0.0318523198 0.9811732769 -0.1904847622 -0.5182887912 0.1467415988 0.8425222039
89.9 -157.2 2176.7 0.9953413606 -0.0135853952 0.0954516083 0.0146450559 0.9998385906 -0.0104097538 -0.0952947736 0.0117591526 0.9953796268
95.2 -548.8 2172.1 0.9951457977 -0.0198980700 0.0963788703 0.0368677974 0.9834042192 -0.1776425391 -0.0912446454 0.1803335100 0.9793642163
-71.1 535.2 2099.1 0 0 0 0 0 0 0 0 0
28.1 379.0 2059.4 0 0 0 0 0 0 0 0 0
-143.4 -893.9 2148.8 0 0 0 0 0 0 0 0 0
102.7 -918.9 2104.2 0 0 0 0 0 0 0 0 0
10.9 463.7 2156.4 9 0.9829036593 -0.1800033748 0.0387193784 0.1761452258 0.9805232286 0.0868736580 -0.0536028035 -0.0785681978 0.9954665899
51.4 243.0 2174.1 0.9829036593 -0.1800033748 0.0387193784 0.1761452258 0.9805232286 0.0868736580 -0.0536028035 -0.0785681978 0.9954665899
25.5 48.9 2176.5 0.9903848171 0.1322306246 0.0406562947 -0.1326165050 0.9911431670 0.0069337250 -0.0393793583 -0.0122587513 0.9991491437
-89.7 261.9 2179.7 0.7434245944 0.3215268254 -0.5864643455 -0.6635456681 0.2446709424 -0.7069959641 -0.0838273913 0.9147440195 0.3952421248
-299.2 448.9 2203.3 -0.8639281988 0.3215268254 -0.3876191378 -0.3196542561 0.2446709424 0.9154000878 0.3891648352 0.9147440195 -0.1086006984
192.6 224.1 2168.5 -0.3496294022 0.7501776814 0.5612421036 -0.3474865854 0.4524892569 -0.8212834597 -0.8700645566 -0.4821689725 0.1024731398
103.9 135.9 1947.8 -0.2699658871 0.7501776814 -0.6036156416 0.8752394319 0.4524892569 0.1709076762 0.4013407230 -0.4821689725 -0.7787417173
-89.1 -133.5 2183.6 0.8568962812 0.0272347257 0.5147689581 -0.0519820452 0.9980784059 0.0337254778 -0.5128612518 -0.0556579791 0.8566653728
-99.8 -524.4 2205.4 0.8620610237 0.1042563915 0.4959650636 -0.0105662560 0.9820968509 -0.1880800128 -0.5066942573 0.1568959653 0.8477290869
89.9 -157.2 2175.2 0.9960164428 -0.0115082115 0.0884236917 0.0128079019 0.9998179078 -0.0141451340 -0.0882448107 0.0152213089 0.9959825277
94.4 -548.8 2169.2 0.9954660535 -0.0331103280 0.0891686380 0.0453433879 0.9892722964 -0.1388680637 -0.0836140886 0.1422816515 0.9862883091
-78.2 530.6 2103.8 0 0 0 0 0 0 0 0 0
28.8 379.2 2059.4 0 0 0 0 0 0 0 0 0
-139.0 -894.1 2146.3 0 0 0 0 0 0 0 0 0
106.9 -920.9 2115.7 0 0 0 0 0 0 0 0 0
9.8 463.0 2158.3 0 0.9817548394 -0.1782667935 0.0661697760 0.1736807823 0.9823384285 0.0696146488 -0.0774110928 -0.0568520948 0.9953770041
50.0 241.4 2171.2 0.9817548394 -0.1782667935 0.0661697760 0.1736807823 0.9823384285 0.0696146488 -0.0774110928 -0.0568520948 0.9953770041
24.7 47.2 2175.2 0.9893298745 0.1290584058 0.0676040724 -0.1301568300 0.9914197922 0.0120849842 -0.0654643402 -0.0207551681 0.9976390600
-91.0 259.9 2180.5 0.7342150211 0.3220983446 -0.5976461768 -0.6739845872 0.2398835272 -0.6987136006 -0.0816890299 0.9158103466 0.3932154179
-295.7 447.9 2203.3 -0.8581566811 0.3220983446 -0.3997745812 -0.3345164955 0.2398835272 0.9113476872 0.3894429207 0.9158103466 -0.0981104374
190.9 222.8 2161.8 -0.3503092825 0.7474824190 0.5644054413 -0.3536652327 0.4524193108 -0.8186804652 -0.8672971129 -0.4864019156 0.1058718488
104.1 135.1 1946.7 -0.2690153122 0.7474824190 -0.6073720455 0.8756572008 0.4524193108 0.1689413637 0.4010675550 -0.4864019156 -0.7762460709
-89.9 -133.3 2182.5 0.8431694508 0.0134460693 0.5374796987 -0.0361985043 0.9988386035 0.0317984484 -0.5364279151 -0.0462674424 0.8426769376
-95.2 -524.5 2200.6 0.8407761455 0.1430210918 0.5221498609 -0.0535340682 0.9817107320 -0.1826969236 -0.5387296081 0.1256544143 0.8330554366
89.1 -157.3 2175.3 0.9932032824 -0.0135014616 0.1156071201 0.0169918295 0.9994274378 -0.0292595178 -0.1151458845 0.0310250241 0.9928639531
94.4 -548.7 2163.2 0.9929092526 -0.0242430158 0.1163764000 0.0392378494 0.9909535050 -0.1283414960 -0.1122122183 0.1319978088 0.9848781824
-76.1 533.5 2103.6 0 0 0 0 0 0 0 0 0
29.3 378.5 2058.2 0 0 0 0 0 0 0 0 0
-149.0 -893.7 2153.3 0 0 0 0 0 0 0 0 0
103.6 -921.7 2113.5 0 0 0 0 0 0 0 0 0
8.0 461.0 2154.3 1 0.9796133041 -0.1859651357 0.0759918243 0.1795265079 0.9801362157 0.0842804536 -0.0901555642 -0.0689197108 0.9935401678
49.7 241.0 2169.8 0.9796133041 -0.1859651357 0.0759918243 0.1795265079 0.9801362157 0.0842804536 -0.0901555642 -0.0689197108 0.9935401678
24.4 46.9 2174.2 0.9885024428 0.1295105219 0.0780384764 -0.1308901459 0.9913141131 0.0128093800 -0.0757016912 -0.0228765700 0.9968680739
-91.1 259.7 2180.6 0.7320133448 0.3091510236 -0.6071096063 -0.6775824428 0.2375163734 -0.6960373521 -0.0709821805 0.9208754897 0.3833404481
-292.1 445.7 2200.0 -0.8552309275 0.3091510236 -0.4159394801 -0.3540702462 0.2375163734 0.9045552611 0.3784366250 0.9208754897 -0.0936701745
190.6 222.4 2159.0 -0.3499788046 0.7390571833 0.5755947232 -0.3551807106 0.4638814926 -0.8115791082 -0.8668110967 -0.4884756505 0.1001501679
104.4 135.0 1945.7 -0.2760809064 0.7390571833 -0.6144703627 0.8700061440 0.4638814926 0.1670428216 0.4084956050 -0.4884756505 -0.7710530758
-89.9 -135.2 2185.2 0.8375387788 0.0184238143 0.5460671186 -0.0341791846 0.9992405772 0.0187093653 -0.5453077555 -0.0343339480 0.8375324607
-97.1 -526.5 2198.6 0.8350105286 0.1266903728 0.5354502797 -0.0554010905 0.9875446558 -0.1472627968 -0.5474377871 0.0933014527 0.8316289186
88.9 -158.7 2173.4 0.9919071198 -0.0157120954 0.1259897947 0.0197200794 0.9993363023 -0.0306280274 -0.1254249364 0.0328646861 0.9915586114
95.0 -550.2 2160.5 0.9915932417 -0.0256048199 0.1268353313 0.0396075621 0.9932368398 -0.1091410518 -0.1231829822 0.1132471710 0.9859011173
-73.2 536.3 2103.2 0 0 0 0 0 0 0 0 0
27.7 376.8 2059.2 0 0 0 0 0 0 0 0 0
-144.8 -898.0 2163.6 0 0 0 0 0 0 0 0 0
104.7 -924.1 2117.9 0 0 0 0 0 0 0 0 0
7.7 464.0 2157.3 2 0.9765891433 -0.1820854992 0.1145360917 0.1752303243 0.9822177887 0.0673986971 -0.1247717142 -0.0457506366 0.9911301136
49.3 239.8 2167.7 0.9765891433 -0.1820854992 0.1145360917 0.1752303243 0.9822177887 0.0673986971 -0.1247717142 -0.0457506366 0.9911301136
23.2 45.8 2173.6 0.9842541814 0.1335053146 0.1158451214 -0.1360421628 0.9906007051 0.0142397191 -0.1128551811 -0.0297753233 0.9931651950
-90.9 259.2 2183.8 0.7400538921 0.3211710155 -0.5909056067 -0.6681756973 0.2510936856 -0.7003521919 -0.0765601695 0.9131271243 0.4004215300
-301.4 449.3 2205.6 -0.8624571562 0.3211710155 -0.3911737204 -0.3207220733 0.2510936856 0.9132848978 0.3915418983 0.9131271243 -0.1135508940
189.5 220.4 2151.7 -0.3558153212 0.7362771630 0.5755791664 -0.3587484658 0.4610920548 -0.8115994334 -0.8629571199 -0.4952676594 0.1000746936
104.5 134.7 1945.6 -0.2725145519 0.7362771630 -0.6193801165 0.8719783425 0.4610920548 0.1644624174 0.4066811800 -0.4952676594 -0.7676720619
-90.3 -135.4 2185.6 0.8161973953 0.0193527956 0.5774489045 -0.0336642414 0.9993338585 0.0140908817 -0.5767915845 -0.0309403222 0.8163052201
-97.9 -526.9 2197.7 0.8143051267 0.1246989965 0.5668838620 -0.0494903699 0.9880097508 -0.1462443620 -0.5783233047 0.0910322368 0.8107128143
88.3 -159.1 2171.9 0.9865062237 -0.0125281401 0.1632437557 0.0160779301 0.9996617436 -0.0204422921 -0.1629324406 0.0227910690 0.9863739610
93.2 -550.7 2163.0 0.9861359596 -0.0274440981 0.1636543125 0.0484570377 0.9908683300 -0.1258246005 -0.1587067246 0.1320103556 0.9784607291
-80.7 531.4 2105.4 0 0 0 0 0 0 0 0 0
28.7 377.1 2058.6 0 0 0 0 0 0 0 0 0
-144.9 -898.7 2163.4 0 0 0 0 0 0 0 0 0
103.6 -923.7 2113.3 0 0 0 0 0 0 0 0 0
9.0 460.1 2153.3 3 0.9746939540 -0.1804924011 0.1318868697 0.1691450924 0.9812141061 0.0927839279 -0.1461560428 -0.0681279153 0.9869128466
49.6 239.6 2168.6 0.9746939540 -0.1804924011 0.1318868697 0.1691450924 0.9812141061 0.0927839279 -0.1461560428 -0.0681279153 0.9869128466
23.0 45.6 2173.7 0.9816583395 0.1357988119 0.1338116974 -0.1380797625 0.9903898239 0.0078721605 -0.1314567178 -0.0262044594 0.9909754992
-90.3 259.3 2187.3 0.7340824604 0.3201348484 -0.5988627672 -0.6760759950 0.2619630694 -0.6886919737 -0.0635943711 0.9104334116 0.4087379873
-298.6 451.2 2205.4 -0.8637852073 0.3201348484 -0.3890871406 -0.3139761388 0.2619630694 0.9125756621 0.3940737545 0.9104334116 -0.1257651299
189.4 219.9 2149.9 -0.3575848043 0.7319260836 0.5800148845 -0.3595728576 0.4652901292 -0.8088340163 -0.8618819714 -0.4977843463 0.0968000740
104.6 134.7 1945.6 -0.2789182365 0.7319260836 -0.6216822267 0.8711292148 0.4652901292 0.1569679379 0.4041515589 -0.4977843463 -0.7673801184
-91.8 -135.9 2189.6 0.8057316542 0.0055423770 0.5922548175 -0.0184841976 0.9997044206 0.0157914534 -0.5919921994 -0.0236710291 0.8055959940
-94.0 -527.5 2198.9 0.7995457649 0.1499983072 0.5815729499 -0.0649873689 0.9842327237 -0.1645070910 -0.5970789194 0.0937360451 0.7966870666
86.0 -160.5 2169.2 0.9832824469 -0.0203982908 0.1809405535 0.0251954254 0.9993882775 -0.0242533125 -0.1803351492 0.0284067318 0.9831949472
94.0 -552.0 2158.1 0.9829813242 -0.0259033050 0.1818701625 0.0424357988 0.9952507019 -0.0876081660 -0.1787370741 0.0938349962 0.9794120789
-77.5 531.5 2104.5 0 0 0 0 0 0 0 0 0
27.1 376.9 2057.9 0 0 0 0 0 0 0 0 0
-150.5 -898.0 2163.6 0 0 0 0 0 0 0 0 0
103.7 -926.5 2122.8 0 0 0 0 0 0 0 0 0
8.2 460.3 2151.3 4 0.9743847847 -0.1838972718 0.1294452399 0.1725052744 0.9804743528 0.0944031104 -0.1442782134 -0.0696549714 0.9870825410
49.6 239.5 2167.0 0.9743847847 -0.1838972718 0.1294452399 0.1725052744 0.9804743528 0.0944031104 -0.1442782134 -0.0696549714 0.9870825410
24.3 45.4 2173.3 0.9828884006 0.1288215518 0.1316639036 -0.1319106072 0.9911484122 0.0149785299 -0.1285689175 -0.0320900902 0.9911812544
-90.5 258.3 2185.3 0.7220486999 0.3078044057 -0.6195983887 -0.6900401115 0.2558075488 -0.6770576835 -0.0499033891 0.9164163470 0.3971028924
-292.7 451.6 2199.3 -0.8649824858 0.3078044057 -0.3963102102 -0.3259601891 0.2558075488 0.9101167321 0.3815170825 0.9164163470 -0.1209370792
189.6 220.7 2148.6 -0.3529873490 0.7257273197 0.5905250311 -0.3633101285 0.4753099978 -0.8013027906 -0.8622097969 -0.4973934591 0.0958856791
105.8 134.5 1943.9 -0.2825713158 0.7257273197 -0.6272745132 0.8651103973 0.4753099978 0.1602011174 0.4144122005 -0.4973934591 -0.7621431947
-92.3 -135.9 2190.8 0.8070853353 0.0079247244 0.5903816223 -0.0173482653 0.9997965097 0.0102957450 -0.5901798606 -0.0185516421 0.8070585728
-95.4 -527.5 2198.0 0.8030782342 0.1367075592 0.5799795985 -0.0492901094 0.9852315187 -0.1639795303 -0.5938314795 0.1031011418 0.7979563475
85.1 -160.8 2167.0 0.9836093783 -0.0248904228 0.1785863638 0.0252470393 0.9996812344 0.0002758516 -0.1785362959 0.0042374469 0.9839242101
94.8 -552.3 2165.3 0.9831895828 -0.0287504531 0.1803099811 0.0532263480 0.9897644520 -0.1324131489 -0.1746574789 0.1397844702 0.9746564031
-71.2 535.0 2101.6 0 0 0 0 0 0 0 0 0
27.2 374.9 2059.1 0 0 0 0 0 0 0 0 0
-146.9 -898.4 2159.2 0 0 0 0 0 0 0 0 0
105.6 -924.5 2112.8 0 0 0 0 0 0 0 0 0
6.3 460.3 2150.8 5 0.9724420309 -0.1934573650 0.1301181167 0.1814416051 0.9784350395 0.0987105221 -0.1464083940 -0.0723814219 0.9865726233
50.0 239.2 2167.1 0.9724420309 -0.1934573650 0.1301181167 0.1814416051 0.9784350395 0.0987105221 -0.1464083940 -0.0723814219 0.9865726233
24.5 45.1 2173.1 0.9825511575 0.1301383674 0.1328805536 -0.1329913884 0.9910346866 0.0127875218 -0.1300251037 -0.0302363653 0.9910495877
-90.0 258.1 2185.7 0.7247397900 0.3004217744 -0.6200798750 -0.6878464222 0.2628919482 -0.6765760183 -0.0402441695 0.9168612361 0.3971723020
-291.9 449.7 2196.9 -0.8633381724 0.3004217744 -0.4054552317 -0.3336764276 0.2628919482 0.9052888155 0.3785593808 0.9168612361 -0.1267209947
190.0 220.2 2148.6 -0.3505530953 0.7241197228 0.5939386487 -0.3606868982 0.4808785021 -0.7991625667 -0.8643017411 -0.4943748116 0.0926070660
106.4 134.2 1942.3 -0.2808802426 0.7241197228 -0.6298863888 0.8603085876 0.4808785021 0.1691891253 0.4254120290 -0.4943748116 -0.7580357194
-89.7 -136.8 2191.2 0.8062774539 0.0156419147 0.5913306475 -0.0229049902 0.9997261763 0.0047860625 -0.5910938978 -0.0174033176 0.8064149618
-95.8 -528.4 2198.0 0.8046845794 0.1260567904 0.5801658630 -0.0359120853 0.9857447743 -0.1643701047 -0.5926154852 0.1114311218 0.7977405787
87.9 -160.6 2167.9 0.9836361408 -0.0091981124 0.1799316108 0.0114704622 0.9998670220 -0.0115925791 -0.1798010468 0.0134667782 0.9836108088
91.5 -552.2 2162.7 0.9815111160 -0.0648542866 0.1800829917 0.0826236978 0.9922331572 -0.0929876715 -0.1726536602 0.1061475575 0.9792463183
-70.8 535.1 2099.9 0 0 0 0 0 0 0 0 0
28.3 373.3 2060.6 0 0 0 0 0 0 0 0 0
-143.3 -899.5 2156.0 0 0 0 0 0 0 0 0 0
115.9 -925.2 2122.7 0 0 0 0 0 0 0 0 0
6.3 459.9 2150.0 6 0.9694799185 -0.1964894533 0.1466306895 0.1820416152 0.9775271416 0.1063084155 -0.1642239541 -0.0763709843 0.9834622145
50.4 240.5 2167.2 0.9694799185 -0.1964894533 0.1466306895 0.1820416152 0.9775271416 0.1063084155 -0.1642239541 -0.0763709843 0.9834622145
26.3 46.2 2171.7 0.9809606671 0.1228241399 0.1504340768 -0.1249330118 0.9921544790 0.0046123546 -0.1486873329 -0.0233187210 0.9886092544
-89.4 258.3 2188.3 0.7272732258 0.2871668935 -0.6233849525 -0.6857745647 0.2669136524 -0.6771044135 -0.0280520171 0.9199414253 0.3910509050
-291.7 449.1 2196.2 -0.8614833951 0.2871668935 -0.4187857807 -0.3479177356 0.2669136524 0.8987270594 0.3698643148 0.9199414253 -0.1300312132
190.1 222.7 2146.0 -0.3504997790 0.7288096547 0.5882061124 -0.3722119033 0.4679215550 -0.8015658259 -0.8594232202 -0.4998859465 0.1072652191
106.8 134.2 1941.6 -0.2700055540 0.7288096547 -0.6292324662 0.8673029542 0.4679215550 0.1698086262 0.4181895852 -0.4998859465 -0.7584401965
-89.8 -137.0 2190.7 0.7955104113 0.0180974323 0.6056695580 -0.0299098026 0.9995082021 0.0094193714 -0.6052012444 -0.0256086662 0.7956604958
-96.9 -528.5 2200.8 0.7957254052 0.1302781254 0.5914800763 -0.0282949246 0.9835215807 -0.1785628200 -0.6049962640 0.1253511012 0.7862993479
87.8 -161.0 2167.2 0.9802936316 -0.0090373335 0.1973390728 0.0103428364 0.9999309182 -0.0055858563 -0.1972749531 0.0075168251 0.9803193808
91.4 -552.7 2164.3 0.9793994427 -0.0451982729 0.1968093067 0.0731755048 0.9878241420 -0.1372907907 -0.1882076859 0.1488641351 0.9707818031
-71.1 538.2 2101.4 0 0 0 0 0 0 0 0 0
31.7 375.3 2057.9 0 0 0 0 0 0 0 0 0
-145.9 -898.9 2153.6 0 0 0 0 0 0 0 0 0
108.4 -924.0 2108.3 0 0 0 0 0 0 0 0 0
4.3 459.1 2151.2 7 0.9635626674 -0.2032905966 0.1738386601 0.1876459420 0.9768942595 0.1023063585 -0.1906199157 -0.0659584701 0.9794455171
49.9 240.0 2165.9 0.9635626674 -0.2032905966 0.1738386601 0.1876459420 0.9768942595 0.1023063585 -0.1906199157 -0.0659584701 0.9794455171
24.5 45.9 2170.7 0.9754967093 0.1298183054 0.1776326895 -0.1320367306 0.9912446141 0.0006738514 -0.1759899706 -0.0241113789 0.9840966463
-89.1 258.8 2191.0 0.7276114225 0.2538266182 -0.6373018622 -0.6859756112 0.2633144557 -0.6783089042 -0.0043620644 0.9307188392 0.3657094836
-288.9 447.2 2192.2 -0.8601108193 0.2538266182 -0.4424719810 -0.3787313104 0.2633144557 0.8872587681 0.3417191505 0.9307188392 -0.1303475201
188.8 221.2 2140.9 -0.3527479470 0.7339614034 0.5804046392 -0.3746554852 0.4576021135 -0.8063706160 -0.8574392796 -0.5018973947 0.1135644540
107.2 134.5 1942.5 -0.2649408579 0.7339614034 -0.6253854632 0.8733197451 0.4576021135 0.1670717001 0.4088019133 -0.5018973947 -0.7622204423
-86.4 -136.8 2189.7 0.7782772183 0.0274833497 0.6273190975 -0.0346802101 0.9993981719 -0.0007587686 -0.6269623637 -0.0211650264 0.7787619829
-97.2 -528.3 2198.0 0.7780475020 0.1315245777 0.6142828465 -0.0364109240 0.9856351018 -0.1649172157 -0.6271494031 0.1059468165 0.7716598511
