17.3 481.6 2122.1 7 0.9920288920 -0.0700664818 0.1047346890 0.0541518889 0.9875427485 0.1477391124 -0.1137815416 -0.1408898830 0.9834651947
31.3 284.6 2150.2 0.9920288920 -0.0700664818 0.1047346890 0.0541518889 0.9875427485 0.1477391124 -0.1137815416 -0.1408898830 0.9834651947
40.7 87.5 2173.5 0.9931704998 -0.0480605848 0.1063134447 0.0350212902 0.9919999838 0.1212827489 -0.1112918556 -0.1167312190 0.9869082570
-108.4 279.5 2165.9 0.5785908103 -0.7969369888 -0.1735629290 0.5528421402 0.5396538973 -0.6349324584 0.5996650457 0.2714132071 0.7528191805
-234.5 159.0 2035.1 -0.5560274720 -0.7969369888 -0.2360612601 -0.8309346437 0.5396538973 0.1353561133 0.0195210762 0.2714132071 -0.9622649550
170.9 289.6 2134.5 0.5709148645 0.4148806632 0.7084703445 0.2956888676 0.7011137009 -0.6488510370 -0.7659140229 0.5799254775 0.2776006758
302.7 357.8 1957.7 -0.8737483025 0.4148806632 0.2538462877 0.4848159850 0.7011137009 0.5228700042 0.0389535315 0.5799254775 -0.8137376904
-37.3 -110.1 2211.3 0.9931157827 0.0983599424 0.0636112764 -0.0898791626 0.9881181717 -0.1246764883 -0.0751186311 0.1181008592 0.9901562333
-76.3 -502.8 2164.4 0.9948710799 0.0086849947 0.1007776707 -0.0415347330 0.9435148835 0.3287164867 -0.0922303274 -0.3312162757 0.9390363693
145.4 -100.6 2197.6 0.8466570973 0.0016776853 0.5321362615 0.0869822428 0.9861091375 -0.1415023208 -0.5249817967 0.1660903394 0.8347503543
144.8 -492.3 2131.6 0.8726137877 -0.0848521590 0.4809837043 -0.0710932165 0.9522375464 0.2969670892 -0.4832090437 -0.2933322489 0.8249031305
-77.6 393.4 2029.6 0 0 0 0 0 0 0 0 0
75.7 483.8 1967.8 0 0 0 0 0 0 0 0 0
-79.7 -863.0 2290.8 0 0 0 0 0 0 0 0 0
177.2 -856.1 2243.7 0 0 0 0 0 0 0 0 0
17.4 484.3 2142.4 8 0.9925289750 -0.0646577850 0.1034678444 0.0597348735 0.9969615936 0.0499936491 -0.1063859463 -0.0434395075 0.9933755994
30.5 283.0 2151.2 0.9925289750 -0.0646577850 0.1034678444 0.0597348735 0.9969615936 0.0499936491 -0.1063859463 -0.0434395075 0.9933755994
39.2 85.7 2173.2 0.9940053821 -0.0443249717 0.0999427438 0.0327775888 0.9928988814 0.1143566146 -0.1043018922 -0.1103952080 0.9883997440
-109.4 278.4 2165.9 0.5706416368 -0.8006101847 -0.1827331632 0.5191661119 0.5241261125 -0.6750987768 0.6362661719 0.2903705835 0.7147378922
-231.8 166.9 2029.3 -0.5498985052 -0.8006101847 -0.2379809022 -0.8351867199 0.5241261125 0.1665982008 -0.0086482121 0.2903705835 -0.9568752050
170.3 287.7 2136.5 0.5439080596 0.4025445580 0.7362892628 0.3509677947 0.6878710389 -0.6353385448 -0.7622241378 0.6039795876 0.2328584343
297.3 369.7 1958.4 -0.8799241781 0.4025445580 0.2523714900 0.4726694524 0.6878710389 0.5508330464 0.0481358096 0.6039795876 -0.7955448627
-40.9 -112.8 2207.0 0.9944730997 0.0875077620 0.0580146313 -0.0803829655 0.9900537133 -0.1154654250 -0.0675417185 0.1101638675 0.9916158915
-75.7 -506.3 2163.2 0.9957219362 0.0109237209 0.0917524323 -0.0427511185 0.9347761869 0.3526554406 -0.0819156766 -0.3550692797 0.9312441349
141.1 -106.3 2186.5 0.8504863977 -0.0055374573 0.5259678960 0.0720962211 0.9917342663 -0.1061379686 -0.5210326910 0.1281891912 0.8438557386
143.3 -500.1 2135.6 0.8710432053 -0.0952411890 0.4818846583 -0.0561425500 0.9552907944 0.2902885973 -0.4879874289 -0.2799081504 0.8267524838
-76.7 402.5 2031.8 0 0 0 0 0 0 0 0 0
70.8 491.4 1970.8 0 0 0 0 0 0 0 0 0
-79.9 -863.3 2298.8 0 0 0 0 0 0 0 0 0
179.7 -865.1 2242.5 0 0 0 0 0 0 0 0 0
19.5 496.5 2145.6 9 0.9936541319 -0.0510686710 0.1002169549 0.0484285243 0.9984169602 0.0286042020 -0.1015190929 -0.0235693231 0.9945543408
30.4 282.1 2150.7 0.9936541319 -0.0510686710 0.1002169549 0.0484285243 0.9984169602 0.0286042020 -0.1015190929 -0.0235693231 0.9945543408
38.9 84.6 2172.0 0.9944189787 -0.0430479273 0.0963211432 0.0322428383 0.9932918549 0.1110479683 -0.1004553959 -0.1073225364 0.9891362786
-109.5 277.5 2164.8 0.5661479235 -0.8054579496 -0.1752542555 0.5116373301 0.5100657940 -0.6914189458 0.6463000774 0.3017787635 0.7008749843
-234.3 164.7 2022.3 -0.5449667573 -0.8054579496 -0.2329135984 -0.8375546932 0.5100657940 0.1957933903 -0.0389020890 0.3017787635 -0.9525839686
170.3 286.6 2136.5 0.4995420277 0.3880154490 0.7745332718 0.4224813282 0.6714281440 -0.6088462472 -0.7562851906 0.6313701272 0.1714772880
285.9 384.4 1961.5 -0.8915079832 0.3880154490 0.2337893993 0.4471952617 0.6714281440 0.5909320116 0.0723179802 0.6313701272 -0.7721022367
-43.2 -114.6 2204.7 0.9951587915 0.0812050551 0.0553595759 -0.0750794411 0.9916390181 -0.1049527526 -0.0634194091 0.1002882943 0.9929351807
-75.5 -508.8 2164.9 0.9962853193 0.0112098455 0.0853812546 -0.0397818796 0.9392632842 0.3408840299 -0.0763742179 -0.3430143595 0.9362201095
139.1 -108.5 2185.6 0.8525152206 -0.0100979432 0.5226048231 0.0715331212 0.9926604629 -0.0975100920 -0.5177845359 0.1205123961 0.8469805121
143.1 -503.0 2137.7 0.8721687794 -0.0980982929 0.4792685509 -0.0509207994 0.9561623931 0.2883757353 -0.4865477383 -0.2759170532 0.8289397359
-80.6 401.0 2033.3 0 0 0 0 0 0 0 0 0
55.9 499.7 1980.2 0 0 0 0 0 0 0 0 0
-79.8 -867.7 2295.9 0 0 0 0 0 0 0 0 0
180.6 -868.4 2243.1 0 0 0 0 0 0 0 0 0
20.9 487.4 2135.6 0 0.9930600524 -0.0445533060 0.1088428050 0.0369664878 0.9968085289 0.0707549900 -0.1116477996 -0.0662404150 0.9915376902
30.1 281.4 2149.3 0.9930600524 -0.0445533060 0.1088428050 0.0369664878 0.9968085289 0.0707549900 -0.1116477996 -0.0662404150 0.9915376902
38.1 84.0 2171.1 0.9934425354 -0.0402247645 0.1070231497 0.0279890727 0.9931474328 0.1134669259 -0.1108539477 -0.1097273827 0.9877607226
-109.7 277.5 2164.9 0.5596156716 -0.8038933277 -0.2014591694 0.4776122272 0.5114940405 -0.7143251300 0.6772863865 0.3035281897 0.6701893806
-231.0 174.0 2018.1 -0.5510613918 -0.8038933277 -0.2238009572 -0.8325495124 0.5114940405 0.2126855850 -0.0565036647 0.3035281897 -0.9511455894
169.9 285.4 2133.7 0.5344821215 0.3863878250 0.7516869307 0.4334677160 0.6381850243 -0.6362590790 -0.7255581021 0.6659011841 0.1736118346
296.3 387.9 1962.1 -0.8891533017 0.3863878250 0.2451752275 0.4496462047 0.6381850243 0.6249305606 0.0849983990 0.6659011841 -0.7411820889
-43.7 -115.8 2202.6 0.9947459698 0.0792197958 0.0648432747 -0.0719829127 0.9916272759 -0.1072092205 -0.0727934539 0.1019783318 0.9921197295
-75.2 -510.0 2162.0 0.9954875708 0.0123339817 0.0940868482 -0.0458004624 0.9308309555 0.3625686467 -0.0831070393 -0.3652417958 0.9271956086
138.7 -109.8 2184.1 0.8473386765 -0.0111346049 0.5309361815 0.0706550479 0.9932555556 -0.0919305310 -0.5263317227 0.1154096127 0.8424105644
143.1 -504.6 2138.3 0.8668264151 -0.0981993601 0.4888444245 -0.0513659082 0.9576109052 0.2834482491 -0.4959571958 -0.2708103657 0.8250383139
-75.5 408.8 2034.0 0 0 0 0 0 0 0 0 0
66.0 504.3 1984.1 0 0 0 0 0 0 0 0 0
-80.0 -865.7 2301.6 0 0 0 0 0 0 0 0 0
180.7 -870.7 2241.8 0 0 0 0 0 0 0 0 0
14.1 485.3 2148.7 1 0.9915572405 -0.0738998428 0.1065504774 0.0750647038 0.9971544147 -0.0069581931 -0.1057330668 0.0148976268 0.9942829609
29.2 280.8 2145.6 0.9915572405 -0.0738998428 0.1065504774 0.0750647038 0.9971544147 -0.0069581931 -0.1057330668 0.0148976268 0.9942829609
37.5 83.7 2170.2 0.9942328334 -0.0418505147 0.0987401307 0.0290982425 0.9914470911 0.1272242665 -0.1032200158 -0.1236173734 0.9869470000
-110.7 276.7 2160.2 0.5619937778 -0.8024656773 -0.2005289346 0.4598828852 0.5046517849 -0.7306396961 0.6875105500 0.3183951080 0.6526513696
-230.1 179.0 2014.1 -0.5518043041 -0.8024656773 -0.2270701826 -0.8306721449 0.5046517849 0.2351816595 -0.0741338357 0.3183951080 -0.9450548887
169.1 284.9 2131.1 0.5529611707 0.3706977069 0.7462018132 0.4519271255 0.6189590096 -0.6423796415 -0.6999970078 0.6924398541 0.1747319549
299.7 391.6 1965.8 -0.8854936957 0.3706977069 0.2801501751 0.4604318142 0.6189590096 0.6363114715 0.0624777377 0.6924398541 -0.7187653184
-45.1 -116.0 2203.1 0.9953833818 0.0776325241 0.0564364120 -0.0716094077 0.9922165275 -0.1018748656 -0.0639059395 0.0973631740 0.9931950569
-75.9 -510.5 2164.4 0.9962903857 0.0108057261 0.0853739753 -0.0406622402 0.9334598780 0.3563695848 -0.0758423433 -0.3585191071 0.9304364324
137.2 -110.8 2182.7 0.8512973785 -0.0151081514 0.5244659781 0.0717552155 0.9935459495 -0.0878500864 -0.5197538137 0.1124197096 0.8468871117
143.2 -505.8 2138.1 0.8704674244 -0.1046051383 0.4809826016 -0.0448149666 0.9562572837 0.2890736461 -0.4901817143 -0.2731844187 0.8277029395
-74.4 413.4 2035.0 0 0 0 0 0 0 0 0 0
73.5 509.2 1981.8 0 0 0 0 0 0 0 0 0
-80.1 -867.3 2301.4 0 0 0 0 0 0 0 0 0
183.2 -871.4 2242.5 0 0 0 0 0 0 0 0 0
14.1 483.5 2154.2 2 0.9915950894 -0.0724417269 0.1071976125 0.0776638165 0.9959470034 -0.0453642569 -0.1034768745 0.0533083491 0.9932022691
28.9 280.6 2143.4 0.9915950894 -0.0724417269 0.1071976125 0.0776638165 0.9959470034 -0.0453642569 -0.1034768745 0.0533083491 0.9932022691
37.8 83.8 2170.1 0.9943329096 -0.0449839085 0.0963251740 0.0313645266 0.9898653626 0.1385020316 -0.1015793234 -0.1346959323 0.9856665730
-111.0 276.1 2157.7 0.5663891435 -0.8007060885 -0.1951232553 0.4459649920 0.4968767464 -0.7444654107 0.6930502057 0.3346389830 0.6385124922
-230.9 181.7 2011.0 -0.5513795614 -0.8007060885 -0.2342015058 -0.8296618462 0.4968767464 0.2545087636 -0.0874174237 0.3346389830 -0.9382829666
168.8 285.0 2129.1 0.5423144698 0.3723535538 0.7531585693 0.4953553379 0.5823473930 -0.6445887089 -0.6786148548 0.7226508856 0.1313681006
295.6 400.8 1970.4 -0.8800593615 0.3723535538 0.2947003841 0.4687937498 0.5823473930 0.6641565561 0.0756830499 0.7226508856 -0.6870573163
-45.4 -116.0 2204.3 0.9956767559 0.0757965669 0.0536907688 -0.0698415861 0.9919921756 -0.1052314937 -0.0612370074 0.1010267064 0.9929972887
-75.5 -510.4 2164.1 0.9965696335 0.0114217857 0.0819663554 -0.0395530351 0.9357248545 0.3505060673 -0.0726945549 -0.3525457382 0.9329667687
137.0 -110.7 2185.3 0.8519176245 -0.0158641692 0.5234355330 0.0787403136 0.9920579195 -0.0980867445 -0.5177223086 0.1247772947 0.8464007974
143.3 -505.0 2135.7 0.8736597300 -0.1048649624 0.4751021266 -0.0485616475 0.9528257251 0.2996079624 -0.4841079116 -0.2848271430 0.8273530006
-75.3 415.9 2035.7 0 0 0 0 0 0 0 0 0
70.5 520.7 1989.7 0 0 0 0 0 0 0 0 0
-79.9 -868.1 2298.9 0 0 0 0 0 0 0 0 0
183.4 -869.3 2244.6 0 0 0 0 0 0 0 0 0
15.8 483.9 2155.5 3 0.9949798584 -0.0545531437 0.0838986933 0.0593788773 0.9966556430 -0.0561402105 -0.0805554837 0.0608401895 0.9948915839
26.9 280.7 2143.1 0.9949798584 -0.0545531437 0.0838986933 0.0593788773 0.9966556430 -0.0561402105 -0.0805554837 0.0608401895 0.9948915839
37.3 84.0 2170.0 0.9959226847 -0.0524687991 0.0733831301 0.0418832637 0.9894059300 0.1390026510 -0.0798989981 -0.1353623718 0.9875693321
-113.2 274.8 2154.3 0.5671728849 -0.7986018658 -0.2013703883 0.4350143671 0.4980934560 -0.7501102686 0.6993407011 0.3378431797 0.6299083829
-231.1 184.4 2009.0 -0.5524117351 -0.7986018658 -0.2389066517 -0.8294348121 0.4980934560 0.2528651953 -0.0829407573 0.3378431797 -0.9375408292
167.0 286.6 2131.9 0.5037161708 0.3713352382 0.7799872756 0.5456737280 0.5631977320 -0.6205227375 -0.6697090268 0.7381858826 0.0810639337
285.4 414.8 1974.5 -0.8873393536 0.3713352382 0.2733843625 0.4493420720 0.5631977320 0.6934695244 0.1035402343 0.7381858826 -0.6666041017
-44.5 -115.9 2206.2 0.9962972403 0.0790163055 0.0338849686 -0.0754854158 0.9925938845 -0.0951806456 -0.0411548354 0.0922703966 0.9948831201
-75.9 -510.5 2169.6 0.9979708195 0.0131562594 0.0622984618 -0.0315267183 0.9521651864 0.3039531410 -0.0553195402 -0.3053004444 0.9506478906
138.0 -110.1 2187.6 0.8623459339 -0.0127740735 0.5061584115 0.0766744390 0.9914472699 -0.1056093574 -0.5004803538 0.1298812032 0.8559499383
143.1 -504.3 2136.0 0.8819485307 -0.1014574170 0.4602968097 -0.0430683047 0.9551274180 0.2930474281 -0.4693739414 -0.2782769501 0.8380036354
-75.2 418.5 2032.4 0 0 0 0 0 0 0 0 0
56.9 530.4 2001.2 0 0 0 0 0 0 0 0 0
-80.9 -874.1 2286.1 0 0 0 0 0 0 0 0 0
181.9 -869.4 2242.3 0 0 0 0 0 0 0 0 0
17.5 488.3 2159.1 4 0.9971820116 -0.0367314480 0.0654131323 0.0415628627 0.9963843226 -0.0740997717 -0.0624548271 0.0766097084 0.9951031804
25.1 281.8 2143.3 0.9971820116 -0.0367314480 0.0654131323 0.0415628627 0.9963843226 -0.0740997717 -0.0624548271 0.0766097084 0.9951031804
37.1 85.2 2170.0 0.9966557622 -0.0603848584 0.0550545231 0.0523216687 0.9890945554 0.1376751512 -0.0627676249 -0.1343341917 0.9889461994
-115.1 274.5 2152.1 0.5642778277 -0.7988463640 -0.2084106356 0.4226682782 0.4963804781 -0.7582598329 0.7091841102 0.3397806287 0.6177434921
-232.5 186.5 2004.5 -0.5540918112 -0.7988463640 -0.2341510504 -0.8270818591 0.4963804781 0.2637081742 -0.0944343209 0.3397806287 -0.9357517362
165.4 289.2 2134.4 0.4716614485 0.3811655343 0.7951404452 0.5825354457 0.5422524214 -0.6054872870 -0.6619576812 0.7487824559 0.0337171182
277.3 427.4 1977.4 -0.8918133974 0.3811655343 0.2436835915 0.4291418493 0.5422524214 0.7223569751 0.1431995630 0.7487824559 -0.6471620202
-43.6 -116.5 2204.3 0.9964055419 0.0827696323 0.0180328432 -0.0807096586 0.9922318459 -0.0946672186 -0.0257283319 0.0928715169 0.9953456521
-76.5 -511.0 2167.4 0.9986866713 0.0092757493 0.0503876694 -0.0249670576 0.9469077587 0.3205345571 -0.0447392762 -0.3213716149 0.9458957314
139.1 -108.8 2189.6 0.8701578379 -0.0074020554 0.4927174747 0.0729341879 0.9908092022 -0.1139197126 -0.4873457551 0.1350640804 0.8627002835
142.1 -502.8 2135.9 0.8878843784 -0.1089473367 0.4469807148 -0.0337856673 0.9534926414 0.2995168269 -0.4588243961 -0.2810378671 0.8429103494
-76.1 419.9 2031.1 0 0 0 0 0 0 0 0 0
46.5 538.4 2014.4 0 0 0 0 0 0 0 0 0
-80.1 -872.8 2290.1 0 0 0 0 0 0 0 0 0
183.7 -867.3 2243.4 0 0 0 0 0 0 0 0 0
21.0 492.7 2168.0 5 0.9988719821 -0.0109116267 0.0462136045 0.0164387338 0.9925208092 -0.1209638342 -0.0445480496 0.1215870753 0.9915806055
23.3 282.7 2142.2 0.9988719821 -0.0109116267 0.0462136045 0.0164387338 0.9925208092 -0.1209638342 -0.0445480496 0.1215870753 0.9915806055
37.2 86.2 2169.2 0.9969248176 -0.0697816536 0.0356572643 0.0642375425 0.9883229733 0.1381712258 -0.0448827110 -0.1354558021 0.9897662997
-116.9 273.6 2148.5 0.5646990538 -0.7968047857 -0.2149818391 0.4101857841 0.4970131218 -0.7646734715 0.7161442637 0.3436278999 0.6075008512
-234.0 188.6 2000.1 -0.5593718290 -0.7968047857 -0.2284848690 -0.8217906952 0.4970131218 0.2786360383 -0.1084585413 0.3436278999 -0.9328218699
163.6 291.7 2135.9 0.4579447508 0.3855197728 0.8010375500 0.6028761268 0.5275275707 -0.5985440612 -0.6533199549 0.7570264935 0.0091578225
273.0 435.8 1979.8 -0.8942672014 0.3855197728 0.2272898853 0.4157202840 0.5275275707 0.7408719659 0.1657191068 0.7570264935 -0.6320189834
-42.3 -116.2 2202.5 0.9962767363 0.0862001553 0.0014901700 -0.0856957585 0.9920417666 -0.0922464505 -0.0094299698 0.0917752907 0.9957351089
-76.5 -510.7 2166.0 0.9992583394 0.0089651532 0.0374479443 -0.0208900571 0.9431785941 0.3316290081 -0.0323469937 -0.3321653306 0.9426663518
140.6 -106.6 2191.0 0.8779922128 -0.0035514708 0.4786617756 0.0703330636 0.9900763631 -0.1216634735 -0.4734796286 0.1404853314 0.8695291281
142.0 -500.3 2135.1 0.8945893645 -0.1051160395 0.4343506098 -0.0329268798 0.9537969828 0.2986421287 -0.4456743896 -0.2814638913 0.8497955203
-76.1 420.5 2030.7 0 0 0 0 0 0 0 0 0
40.1 544.1 2022.9 0 0 0 0 0 0 0 0 0
-80.0 -871.1 2292.9 0 0 0 0 0 0 0 0 0
182.2 -864.9 2242.7 0 0 0 0 0 0 0 0 0
8.7 487.6 2139.7 6 0.9983454943 -0.0538239181 0.0202292576 0.0538488850 0.9985488653 -0.0006911433 -0.0201627016 0.0017793229 0.9997951388
19.7 284.4 2139.3 0.9983454943 -0.0538239181 0.0202292576 0.0538488850 0.9985488653 -0.0006911433 -0.0201627016 0.0017793229 0.9997951388
36.4 88.0 2165.3 0.9963964820 -0.0840972289 0.0110307895 0.0819199681 0.9878866673 0.1317915469 -0.0219804738 -0.1304129958 0.9912160635
-120.4 272.9 2142.4 0.5541891456 -0.7963077426 -0.2424217910 0.3405361474 0.4826426804 -0.8069021702 0.7595455647 0.3646230698 0.5386469364
-236.1 201.8 1983.9 -0.5652682185 -0.7963077426 -0.2153271139 -0.8083325028 0.4826426804 0.3371269405 -0.1645307392 0.3646230698 -0.9165040255
159.9 295.9 2136.2 0.4759447575 0.3560642004 0.8041734099 0.6401712298 0.4867128432 -0.5943831801 -0.6030400991 0.7977022529 0.0037063698
274.4 450.0 1991.1 -0.9072422385 0.3560642004 0.2238967866 0.3845876753 0.4867128432 0.7843487263 0.1703050584 0.7977022529 -0.5785043836
-40.4 -116.2 2200.3 0.9956924319 0.0908544436 -0.0184959006 -0.0921621621 0.9916412234 -0.0902986974 0.0101372590 0.0916143507 0.9957429767
-76.5 -510.5 2163.8 0.9997035265 0.0091793425 0.0225530844 -0.0164345205 0.9377971292 0.3467945755 -0.0179668702 -0.3470623791 0.9376699328
142.5 -104.4 2192.0 0.8873037100 0.0033621059 0.4611732662 0.0609903112 0.9903350472 -0.1245660707 -0.4571348429 0.1386550367 0.8785229325
141.2 -498.1 2136.9 0.8998743892 -0.1103396565 0.4219611883 -0.0200101975 0.9560064673 0.2926622331 -0.4356898665 -0.2718027532 0.8580778241
-76.8 429.6 2030.3 0 0 0 0 0 0 0 0 0
37.7 550.4 2035.5 0 0 0 0 0 0 0 0 0
-80.0 -868.9 2296.5 0 0 0 0 0 0 0 0 0
183.3 -863.6 2240.8 0 0 0 0 0 0 0 0 0
3.8 484.0 2122.0 7 0.9971871972 -0.0749211684 -0.0021195740 0.0748846382 0.9947128296 0.0702754185 -0.0031567484 -0.0702364668 0.9975253940
18.8 284.4 2136.1 0.9971871972 -0.0749211684 -0.0021195740 0.0748846382 0.9947128296 0.0702754185 -0.0031567484 -0.0702364668 0.9975253940
36.7 88.3 2163.3 0.9958991408 -0.0901452824 -0.0076600118 0.0903441459 0.9864739776 0.1367737353 -0.0047731055 -0.1369048804 0.9905726910
-121.3 271.7 2136.7 0.5597745776 -0.7818402052 -0.2745512128 0.2697546780 0.4852125049 -0.8317459226 0.7835080624 0.3915287256 0.4825146496
-237.6 215.7 1974.0 -0.5856670737 -0.7818402052 -0.2138222903 -0.7869180441 0.4852125049 0.3812201619 -0.1943039894 0.3915287256 -0.8994171619
158.9 297.1 2135.4 0.4968923330 0.3643548191 0.7876189351 0.6527652740 0.4411222637 -0.6158803701 -0.5718352199 0.8201565146 -0.0186479054
279.4 455.4 1996.8 -0.8984382153 0.3643548191 0.2450598329 0.3982596397 0.4411222637 0.8042390347 0.1849270165 0.8201565146 -0.5414289236
-38.2 -115.9 2193.3 0.9949290752 0.0944968313 -0.0344449654 -0.0968587622 0.9924708009 -0.0749675333 0.0271014255 0.0779236779 0.9965909123
-75.8 -510.4 2162.3 0.9998979568 0.0109297642 0.0092009287 -0.0134894243 0.9343984723 0.3559741378 -0.0047066202 -0.3560619056 0.9344505072
144.5 -100.8 2189.2 0.8947139382 0.0082504144 0.4465634525 0.0533739328 0.9906896353 -0.1252408773 -0.4434390664 0.1358896047 0.8859434724
141.3 -494.7 2135.2 0.9051951170 -0.1053466424 0.4117328227 -0.0186972860 0.9579823613 0.2862169743 -0.4245847762 -0.2667804956 0.8651912808
-72.5 437.4 2028.7 0 0 0 0 0 0 0 0 0
45.4 559.1 2044.9 0 0 0 0 0 0 0 0 0
-80.0 -867.6 2298.4 0 0 0 0 0 0 0 0 0
181.5 -861.0 2237.2 0 0 0 0 0 0 0 0 0
0.4 482.0 2110.8 8 0.9960572124 -0.0871434435 -0.0166135039 0.0884645879 0.9896991253 0.1125594601 0.0066335513 -0.1135853752 0.9935060740
17.8 284.4 2133.4 0.9960572124 -0.0871434435 -0.0166135039 0.0884645879 0.9896991253 0.1125594601 0.0066335513 -0.1135853752 0.9935060740
36.7 88.7 2162.7 0.9953038692 -0.0947799459 -0.0196722150 0.0966404751 0.9845895171 0.1457535475 0.0055545438 -0.1469701976 0.9891253114
-122.2 270.8 2132.7 0.5734920502 -0.7660142779 -0.2903945148 0.2191151679 0.4849971533 -0.8466205001 0.7893639207 0.4219003022 0.4459873736
-243.2 224.6 1966.2 -0.6073459983 -0.7660142779 -0.2106013149 -0.7610695362 0.4849971533 0.4307561815 -0.2278243452 0.4219003022 -0.8775512576
157.9 298.0 2134.2 0.5513461232 0.3693977296 0.7480393052 0.6284698248 0.4057826400 -0.6636009216 -0.5486740470 0.8359938860 -0.0084286453
296.1 455.6 1996.7 -0.8903353810 0.3693977296 0.2661732733 0.4122264683 0.4057826400 0.8157265186 0.1933190376 0.8359938860 -0.5135581493
-36.7 -116.1 2191.0 0.9941961169 0.0971734896 -0.0461673066 -0.1005121619 0.9919868112 -0.0765473917 0.0383589827 0.0807434916 0.9959965348
-75.3 -510.5 2158.9 0.9999285340 0.0119222673 0.0008591447 -0.0114172539 0.9313451052 0.3639587164 0.0035390528 -0.3639425337 0.9314146638
146.0 -99.5 2190.1 0.8992857337 0.0099985376 0.4372473061 0.0525467023 0.9900269508 -0.1307116598 -0.4341935515 0.1405230314 0.8897916675
142.0 -493.1 2134.3 0.9094515443 -0.1005639657 0.4034659863 -0.0197683312 0.9587593675 0.2835306823 -0.4153397679 -0.2658332586 0.8699572086
-72.1 439.0 2030.4 0 0 0 0 0 0 0 0 0
64.4 562.8 2047.0 0 0 0 0 0 0 0 0 0
-79.9 -866.5 2298.0 0 0 0 0 0 0 0 0 0
180.5 -859.7 2235.9 0 0 0 0 0 0 0 0 0
-2.4 480.4 2105.9 9 0.9949942231 -0.0966175795 -0.0255245268 0.0991226211 0.9866443872 0.1292579174 0.0126950433 -0.1311409324 0.9912824631
16.9 283.8 2132.0 0.9949942231 -0.0966175795 -0.0255245268 0.0991226211 0.9866443872 0.1292579174 0.0126950433 -0.1311409324 0.9912824631
36.9 88.2 2161.4 0.9945721626 -0.1004366428 -0.0271786340 0.1033433452 0.9839017987 0.1457990259 0.0120975431 -0.1478163749 0.9889408350
-123.1 269.3 2130.3 0.5801943541 -0.7574989200 -0.2992823422 0.1852954626 0.4805787206 -0.8571521044 0.7931205034 0.4418590963 0.4191901684
-247.0 229.7 1960.8 -0.6189140677 -0.7574989200 -0.2077035308 -0.7439870834 0.4805787206 0.4642492235 -0.2518503964 0.4418590963 -0.8610063195
156.8 298.4 2133.7 0.5775402784 0.3663441837 0.7295472622 0.6235589385 0.3788226545 -0.6838622689 -0.5268979669 0.8498737216 -0.0096518584
304.1 457.3 1999.4 -0.8853617907 0.3663441837 0.2862279713 0.4228818417 0.3788226545 0.8232037425 0.1931462437 0.8498737216 -0.4903153777
-35.8 -115.9 2191.4 0.9935487509 0.1007715538 -0.0520186573 -0.1044909507 0.9917262197 -0.0745705739 0.0440736748 0.0795249790 0.9958580732
-75.9 -510.2 2159.8 0.9999368191 0.0099581098 -0.0052151992 -0.0075376262 0.9381572604 0.3461273611 0.0083394516 -0.3460662067 0.9381730556
146.8 -98.1 2192.4 0.9017219543 0.0110968826 0.4321739674 0.0534645729 0.9891340137 -0.1369505972 -0.4289976954 0.1465973556 0.8913305998
142.4 -491.4 2134.1 0.9123846292 -0.0980383679 0.3974201977 -0.0226077307 0.9573435783 0.2880662382 -0.4087092280 -0.2718119919 0.8712491393
-72.6 439.4 2031.8 0 0 0 0 0 0 0 0 0
73.9 567.3 2049.6 0 0 0 0 0 0 0 0 0
-79.7 -868.8 2292.1 0 0 0 0 0 0 0 0 0
179.9 -857.4 2238.0 0 0 0 0 0 0 0 0 0
2.7 478.6 2100.5 0 0.9946683645 -0.0898716226 -0.0505758449 0.0962247774 0.9852153659 0.1417442113 0.0370893218 -0.1458551288 0.9886104465
20.6 282.5 2129.5 0.9946683645 -0.0898716226 -0.0505758449 0.0962247774 0.9852153659 0.1417442113 0.0370893218 -0.1458551288 0.9886104465
38.9 86.9 2160.2 0.9944488406 -0.0918442085 -0.0513436720 0.0986036658 0.9837470055 0.1500639170 0.0367266834 -0.1542935520 0.9873422384
-119.3 268.6 2124.4 0.6088085771 -0.7441862226 -0.2748434842 0.1688390076 0.4600575268 -0.8716883063 0.7751422524 0.4842870235 0.4057346284
-249.7 232.4 1958.2 -0.6225160956 -0.7441862226 -0.2421994209 -0.7405505776 0.4600575268 0.4898284376 -0.2530979216 0.4842870235 -0.8375007510
160.5 296.4 2134.7 0.5763257742 0.3614313006 0.7329502106 0.6329753399 0.3698675036 -0.6801031232 -0.5169050097 0.8559003472 -0.0156129170
305.3 455.4 2004.9 -0.8827455044 0.3614313006 0.3002129197 0.4313012660 0.3698675036 0.8229078054 0.1863856316 0.8559003472 -0.4823846519
-34.4 -116.8 2189.7 0.9914782047 0.1049677730 -0.0771537274 -0.1102339849 0.9916113615 -0.0674932525 0.0694218948 0.0754230469 0.9947320819
-76.2 -511.1 2159.7 0.9995782971 0.0089795506 -0.0276150852 0.0010358401 0.9393557310 0.3429428339 0.0290198606 -0.3428268135 0.9389503002
148.1 -97.9 2191.9 0.9124964476 0.0155595010 0.4087886810 0.0480714962 0.9882747531 -0.1449211538 -0.4062504470 0.1518911123 0.9010491967
141.9 -490.8 2131.5 0.9209926128 -0.1030744314 0.3756970167 -0.0131786969 0.9555692673 0.2944719791 -0.3893570304 -0.2761577070 0.8787138462
-74.1 441.3 2029.6 0 0 0 0 0 0 0 0 0
80.1 565.4 2052.4 0 0 0 0 0 0 0 0 0
-79.6 -870.2 2290.8 0 0 0 0 0 0 0 0 0
181.3 -856.1 2237.1 0 0 0 0 0 0 0 0 0
3.7 477.8 2095.1 1 0.9936516285 -0.0895129144 -0.0681457147 0.0992449597 0.9827156067 0.1562706828 0.0529796109 -0.1620417386 0.9853606820
21.5 282.3 2127.3 0.9936516285 -0.0895129144 -0.0681457147 0.0992449597 0.9827156067 0.1562706828 0.0529796109 -0.1620417386 0.9853606820
39.5 87.1 2160.4 0.9935278296 -0.0905912146 -0.0685252175 0.1005957350 0.9819108844 0.1604104042 0.0527538843 -0.1662655473 0.9846688509
-118.2 268.1 2119.9 0.6290668845 -0.7316547036 -0.2625951171 0.1514084190 0.4466615617 -0.8817986846 0.7624633312 0.5149512887 0.3917586803
-252.3 235.8 1957.4 -0.6286284328 -0.7316547036 -0.2636430860 -0.7342674136 0.4466615617 0.5112189054 -0.2562765181 0.5149512887 -0.8180143833
161.3 296.4 2134.7 0.5844628811 0.3528465331 0.7306863070 0.6372271776 0.3578958213 -0.6825335622 -0.5023391843 0.8645287156 -0.0156665668
306.5 454.7 2010.0 -0.8819063902 0.3528465331 0.3126347661 0.4359236956 0.3578958213 0.8257609010 0.1794761866 0.8645287156 -0.4694447815
-34.1 -117.7 2187.5 0.9898283482 0.1056775078 -0.0952478275 -0.1123477742 0.9913660288 -0.0676122457 0.0872803703 0.0776253939 0.9931547642
-76.1 -511.9 2156.6 0.9991760254 0.0104480162 -0.0392183326 0.0049928403 0.9273157120 0.3742468357 0.0402779095 -0.3741342723 0.9264994264
148.3 -99.6 2194.2 0.9192500114 0.0188520141 0.3932225704 0.0435913652 0.9878360033 -0.1492642164 -0.3912533522 0.1543522477 0.9072464705
140.8 -492.4 2132.8 0.9248516560 -0.1096378192 0.3641826510 0.0021508965 0.9590411186 0.2832587361 -0.3803220093 -0.2611889839 0.8872065544
-74.9 443.0 2029.7 0 0 0 0 0 0 0 0 0
84.0 564.7 2055.3 0 0 0 0 0 0 0 0 0
-80.1 -866.2 2299.6 0 0 0 0 0 0 0 0 0
182.7 -859.0 2232.7 0 0 0 0 0 0 0 0 0
7.1 478.4 2095.1 2 0.9941171408 -0.0824615136 -0.0702226982 0.0926513076 0.9832385182 0.1570277810 0.0560969152 -0.1626102328 0.9850944281
23.5 282.8 2127.5 0.9941171408 -0.0824615136 -0.0702226982 0.0926513076 0.9832385182 0.1570277810 0.0560969152 -0.1626102328 0.9850944281
40.0 87.4 2160.2 0.9940600395 -0.0829989165 -0.0703975484 0.0933296904 0.9828402996 0.1591054797 0.0559839681 -0.1647305787 0.9847484827
-116.4 269.6 2119.6 0.6332727075 -0.7303676009 -0.2559859753 0.1481593847 0.4390529692 -0.8861609697 0.7596147060 0.5232548714 0.3862510920
-253.4 237.6 1955.3 -0.6284765601 -0.7303676009 -0.2675450742 -0.7320078015 0.4390529692 0.5209578276 -0.2630242705 0.5232548714 -0.8105692863
163.4 295.9 2135.4 0.5785567760 0.3456578255 0.7387778759 0.6494216323 0.3527877629 -0.6736410856 -0.4934811294 0.8695179224 -0.0203699265
305.5 455.5 2014.1 -0.8819603324 0.3456578255 0.3204163909 0.4385558069 0.3527877629 0.8265649080 0.1726696491 0.8695179224 -0.4627350569
-33.6 -117.4 2188.6 0.9891773462 0.1083838716 -0.0988994688 -0.1155385077 0.9908529520 -0.0697233081 0.0904379413 0.0803954154 0.9926517606
-76.7 -511.4 2156.6 0.9989494085 0.0082266023 -0.0450824834 0.0079478193 0.9377467632 0.3472288549 0.0451324657 -0.3472223580 0.9366961718
148.6 -98.9 2198.2 0.9209483862 0.0209965315 0.3891184926 0.0465048477 0.9854894280 -0.1632418483 -0.3868996799 0.1684332192 0.9066084623
140.3 -490.7 2131.3 0.9266356826 -0.1161680743 0.3575630486 0.0064242831 0.9558189511 0.2938857377 -0.3759056628 -0.2700279057 0.8864422441
-76.0 444.1 2029.5 0 0 0 0 0 0 0 0 0
86.6 564.3 2057.0 0 0 0 0 0 0 0 0 0
-79.9 -869.6 2289.3 0 0 0 0 0 0 0 0 0
184.7 -856.1 2234.5 0 0 0 0 0 0 0 0 0
18.1 479.5 2098.0 3 0.9945697784 -0.0620485619 -0.0835521966 0.0739347637 0.9862723351 0.1476502120 0.0732437372 -0.1530258507 0.9855041504
30.5 283.3 2128.4 0.9945697784 -0.0620485619 -0.0835521966 0.0739347637 0.9862723351 0.1476502120 0.0732437372 -0.1530258507 0.9855041504
42.8 87.4 2159.1 0.9945514798 -0.0622409843 -0.0836269483 0.0742252544 0.9860721827 0.1488363594 0.0731984824 -0.1542326510 0.9853193760
-109.5 272.9 2118.2 0.6464530826 -0.7274919152 -0.2298997045 0.1305732131 0.4023756385 -0.9061150551 0.7516974211 0.5557421446 0.3551079333
-250.8 244.4 1953.8 -0.6195545197 -0.7274919152 -0.2948011458 -0.7332735062 0.4023756385 0.5480910540 -0.2801110148 0.5557421446 -0.7827442288
170.4 293.8 2138.7 0.5520020723 0.3533249795 0.7552847862 0.6653802395 0.3592726290 -0.6543641090 -0.5025563240 0.8637619019 -0.0367762074
304.9 455.9 2016.3 -0.8798105121 0.3533249795 0.3179542720 0.4414270222 0.3592726290 0.8222319484 0.1762828231 0.8637619019 -0.4720590115
-34.7 -116.6 2187.8 0.9879509807 0.1032007709 -0.1153360456 -0.1117058992 0.9912817478 -0.0698732957 0.1071195379 0.0819151103 0.9908659458
-75.8 -510.7 2155.3 0.9980896711 0.0104419561 -0.0608929507 0.0119276270 0.9345036745 0.3557536304 0.0606194474 -0.3558003306 0.9325938821
147.7 -99.4 2198.1 0.9282557964 0.0172975622 0.3715399206 0.0479359627 0.9850235581 -0.1656224132 -0.3688404560 0.1715500951 0.9135246277
140.8 -491.1 2129.9 0.9347546697 -0.1076754183 0.3385848999 0.0005986574 0.9534474015 0.3015587926 -0.3552933633 -0.2816807926 0.8913038373
-76.0 451.3 2032.9 0 0 0 0 0 0 0 0 0
88.0 564.8 2059.7 0 0 0 0 0 0 0 0 0
-79.8 -867.9 2291.3 0 0 0 0 0 0 0 0 0
181.9 -855.5 2237.6 0 0 0 0 0 0 0 0 0
23.3 480.8 2100.0 4 0.9948588610 -0.0524062999 -0.0866566524 0.0644219890 0.9877312183 0.1422562599 0.0781383514 -0.1471074969 0.9860293269
33.8 284.3 2129.2 0.9948588610 -0.0524062999 -0.0866566524 0.0644219890 0.9877312183 0.1422562599 0.0781383514 -0.1471074969 0.9860293269
44.2 88.0 2158.6 0.9948515296 -0.0524925105 -0.0866891220 0.0645608529 0.9876338840 0.1428677142 0.0781176314 -0.1477288902 0.9859380126
-106.2 275.2 2118.3 0.6482664943 -0.7293076515 -0.2187713534 0.1158319861 0.3784393072 -0.9183499813 0.7525513172 0.5699948072 0.3298066854
-249.3 249.7 1952.1 -0.6116556525 -0.7293076515 -0.3065742552 -0.7339334488 0.3784393072 0.5640260577 -0.2953287661 0.5699948072 -0.7667377591
173.7 293.4 2140.2 0.5410518050 0.3540293574 0.7628408074 0.6734974980 0.3608248830 -0.6451407075 -0.5036507249 0.8628259301 -0.0432129428
305.0 456.7 2018.1 -0.8798603415 0.3540293574 0.3170315027 0.4412425756 0.3608248830 0.8216510415 0.1764957458 0.8628259301 -0.4736883342
-36.0 -115.4 2183.0 0.9878596663 0.0982973501 -0.1202950329 -0.1076988652 0.9914025068 -0.0743099898 0.1119563207 0.0863634795 0.9899531007
-75.1 -509.6 2148.6 0.9979556203 0.0123416614 -0.0627079159 0.0126371179 0.9237005711 0.3829067349 0.0626490414 -0.3829163611 0.9216561913
146.4 -101.8 2196.4 0.9304611683 0.0134606073 0.3661431968 0.0496974625 0.9854525328 -0.1625220627 -0.3630043864 0.1694168597 0.9162563682
141.1 -493.6 2129.0 0.9374580979 -0.1051728651 0.3318298161 -0.0014113078 0.9521087408 0.3057563007 -0.3480953276 -0.2871020138 0.8924136162
-76.7 456.8 2035.5 0 0 0 0 0 0 0 0 0
88.8 565.1 2061.4 0 0 0 0 0 0 0 0 0
-79.8 -862.6 2294.9 0 0 0 0 0 0 0 0 0
181.3 -857.6 2238.8 0 0 0 0 0 0 0 0 0
26.3 481.4 2100.9 5 0.9948995113 -0.0453511104 -0.0901013464 0.0575694144 0.9887567759 0.1380063891 0.0828295797 -0.1424895674 0.9863244891
35.3 284.6 2129.2 0.9948995113 -0.0453511104 -0.0901013464 0.0575694144 0.9887567759 0.1380063891 0.0828295797 -0.1424895674 0.9863244891
44.3 88.1 2157.6 0.9948965907 -0.0453857444 -0.0901160240 0.0576327965 0.9887084365 0.1383261830 0.0828204304 -0.1428138912 0.9862783551
-104.7 276.5 2117.6 0.6529619098 -0.7265018225 -0.2140929848 0.1015155315 0.3640704751 -0.9258224964 0.7505567074 0.5827930570 0.3114753962
-248.9 254.1 1951.9 -0.6096493006 -0.7265018225 -0.3170532584 -0.7328060269 0.3640704751 0.5748460889 -0.3021970093 0.5827930570 -0.7543402314
175.3 292.8 2140.9 0.5352739096 0.3571057916 0.7654784918 0.6786784530 0.3576917052 -0.6414453983 -0.5028691888 0.8628627062 -0.0508969650
305.1 457.3 2018.9 -0.8788813949 0.3571057916 0.3162956834 0.4414824545 0.3576917052 0.8228911757 0.1807228476 0.8628627062 -0.4720245302
-36.6 -114.2 2180.8 0.9874760509 0.0972830877 -0.1242057681 -0.1064347774 0.9919023514 -0.0692920536 0.1164590493 0.0816440582 0.9898340702
-75.3 -508.6 2148.3 0.9976902604 0.0130081810 -0.0666706190 0.0138763413 0.9217657447 0.3874988258 0.0664953440 -0.3875289559 0.9194561839
145.9 -102.4 2195.1 0.9324363470 0.0129637681 0.3611016273 0.0499660559 0.9851292372 -0.1643890589 -0.3578628600 0.1713251621 0.9179225564
140.8 -494.1 2127.0 0.9406692386 -0.1001412719 0.3242115080 -0.0100329658 0.9468345046 0.3215644956 -0.3391765356 -0.3057386279 0.8896533847
-76.8 461.0 2037.1 0 0 0 0 0 0 0 0 0
89.5 565.6 2063.3 0 0 0 0 0 0 0 0 0
-80.3 -860.9 2296.4 0 0 0 0 0 0 0 0 0
179.0 -856.0 2243.8 0 0 0 0 0 0 0 0 0
25.8 482.3 2101.5 6 0.9942207932 -0.0443144888 -0.0977814794 0.0575693473 0.9888693094 0.1371978223 0.0906132534 -0.1420341432 0.9857056141
34.6 285.5 2129.8 0.9942207932 -0.0443144888 -0.0977814794 0.0575693473 0.9888693094 0.1371978223 0.0906132534 -0.1420341432 0.9857056141
43.4 88.9 2158.0 0.9942194223 -0.0443294384 -0.0977888256 0.0576003417 0.9888447523 0.1373617649 0.0906087980 -0.1422004104 0.9856820703
-105.3 277.4 2117.0 0.6544448733 -0.7212464809 -0.2269480526 0.0839250013 0.3675888777 -0.9261938334 0.7514376044 0.5870962143 0.3010972738
-250.3 258.8 1950.6 -0.6191996336 -0.7212464809 -0.3104759455 -0.7220513821 0.3675888777 0.5861060023 -0.3085993826 0.5870962143 -0.7483879328
174.5 293.6 2142.5 0.5287167430 0.3443670571 0.7758027315 0.6839106679 0.3684988320 -0.6296624541 -0.5027174354 0.8634928465 -0.0406847708
304.3 461.5 2019.1 -0.8899369240 0.3443670571 0.2990377545 0.4210848510 0.3684988320 0.8287919760 0.1752135903 0.8634928465 -0.4729484916
-37.9 -113.7 2178.4 0.9868589044 0.0943718180 -0.1311618388 -0.1032560915 0.9926792979 -0.0626572743 0.1242885664 0.0753771514 0.9893789291
-75.4 -508.4 2148.4 0.9970260859 0.0128726317 -0.0759821832 0.0172063950 0.9238781333 0.3822997212 0.0751194879 -0.3824701905 0.9209091067
144.6 -103.1 2193.6 0.9351435900 0.0110591026 0.3540962636 0.0465279110 0.9870209694 -0.1537035257 -0.3512002528 0.1602102220 0.9224917889
140.2 -495.6 2129.9 0.9416821003 -0.1047379747 0.3197886348 -0.0016878052 0.9488448501 0.3157381415 -0.3364996016 -0.2978646755 0.8933334351
-75.5 462.6 2037.7 0 0 0 0 0 0 0 0 0
86.6 564.5 2062.0 0 0 0 0 0 0 0 0 0
-80.4 -861.6 2294.6 0 0 0 0 0 0 0 0 0
180.3 -858.3 2243.7 0 0 0 0 0 0 0 0 0
12.3 482.0 2099.0 7 0.9918189645 -0.0699004680 -0.1068132743 0.0845576376 0.9866033196 0.1395128965 0.0956303105 -0.1474034041 0.9844425321
26.2 285.8 2128.3 0.9918189645 -0.0699004680 -0.1068132743 0.0845576376 0.9866033196 0.1395128965 0.0956303105 -0.1474034041 0.9844425321
40.1 89.7 2157.6 0.9918169975 -0.0699318498 -0.1068109199 0.0845852718 0.9866056442 0.1394796818 0.0956261829 -0.1473729461 0.9844474792
-113.3 273.9 2114.9 0.6348956227 -0.7299662232 -0.2530946434 0.0525301658 0.3676165938 -0.9284926653 0.7708100677 0.5762007833 0.2717434168
-248.2 262.7 1951.1 -0.6160286665 -0.7299662232 -0.2960709929 -0.7190552950 0.3676165938 0.5897605419 -0.3216646314 0.5762007833 -0.7513484359
165.8 297.7 2141.8 0.5642299652 0.3386762142 0.7529561520 0.6653910875 0.3533723950 -0.6575581431 -0.4887731969 0.8720242977 -0.0259688348
304.8 461.6 2021.4 -0.8891360760 0.3386762142 0.3077912629 0.4233738780 0.3533723950 0.8341957331 0.1737573296 0.8720242977 -0.4575828016
-39.0 -112.9 2178.0 0.9868633151 0.0884933546 -0.1351655126 -0.0979955196 0.9930400252 -0.0653328076 0.1284432411 0.0777201727 0.9886667132
-74.2 -507.8 2147.1 0.9963834286 0.0212134160 -0.0822805539 0.0116273975 0.9251871705 0.3793329597 0.0841718614 -0.3789177835 0.9215945005
143.4 -102.4 2194.6 0.9355590940 0.0091182590 0.3530524969 0.0463354997 0.9878565669 -0.1482984275 -0.3501174748 0.1551008075 0.9237756729
139.8 -495.1 2132.9 0.9413096309 -0.1043867692 0.3209978640 0.0027922001 0.9533551335 0.3018379509 -0.3375328779 -0.2832266688 0.8976938128
-75.4 464.3 2041.3 0 0 0 0 0 0 0 0 0
87.1 565.2 2063.9 0 0 0 0 0 0 0 0 0
-82.3 -861.5 2291.9 0 0 0 0 0 0 0 0 0
179.7 -859.6 2241.2 0 0 0 0 0 0 0 0 0
4.4 482.4 2105.5 8 0.9923200011 -0.0857934281 -0.0891094655 0.0962617323 0.9880074859 0.1207267269 0.0776832551 -0.1283773780 0.9886782169
21.5 285.9 2131.1 0.9923200011 -0.0857934281 -0.0891094655 0.0962617323 0.9880074859 0.1207267269 0.0776832551 -0.1283773780 0.9886782169
38.6 89.6 2156.6 0.9923048019 -0.0859600231 -0.0891182274 0.0964366496 0.9879781008 0.1208275482 0.0776605159 -0.1284920126 0.9886651039
-118.1 272.3 2120.1 0.6095263958 -0.7362339497 -0.2940019071 0.0486636870 0.4049040973 -0.9130632877 0.7912707925 0.5422289371 0.2826275826
-249.1 261.9 1950.1 -0.6235322356 -0.7362339497 -0.2629964054 -0.7172725201 0.4049040973 0.5670738816 -0.3110107183 0.5422289371 -0.7805511355
161.1 299.5 2142.0 0.5842376947 0.3462533355 0.7340129018 0.6557095647 0.3315584362 -0.6783170104 -0.4782376885 0.8775976300 -0.0333326869
304.7 460.7 2024.4 -0.8825576901 0.3462533355 0.3181202710 0.4323353171 0.3315584362 0.8385434747 0.1848730147 0.8775976300 -0.4423170090
-36.9 -114.1 2178.2 0.9890055060 0.0956055596 -0.1128171161 -0.1031694636 0.9926527739 -0.0632177442 0.1059442610 0.0741619766 0.9916026592
-75.0 -508.8 2148.7 0.9980739355 0.0166371707 -0.0597633086 0.0070995786 0.9264045954 0.3764626980 0.0616282783 -0.3761618733 0.9245021343
145.0 -98.6 2195.7 0.9276137948 0.0145814568 0.3732560575 0.0477541462 0.9864094853 -0.1572129577 -0.3704757094 0.1636574268 0.9143106937
139.2 -490.8 2130.6 0.9341627955 -0.1092306972 0.3397183120 0.0006249538 0.9524988532 0.3045414686 -0.3568465710 -0.2842789888 0.8898572922
-74.8 462.3 2037.0 0 0 0 0 0 0 0 0 0
88.0 566.9 2069.8 0 0 0 0 0 0 0 0 0
-81.3 -863.0 2292.5 0 0 0 0 0 0 0 0 0
181.0 -854.9 2239.3 0 0 0 0 0 0 0 0 0
-5.3 476.6 2096.3 9 0.9859246612 -0.1113045514 -0.1247551665 0.1285032779 0.9818394780 0.1395641565 0.1069554240 -0.1536311954 0.9823227525
16.8 281.4 2126.8 0.9859246612 -0.1113045514 -0.1247551665 0.1285032779 0.9818394780 0.1395641565 0.1069554240 -0.1536311954 0.9823227525
38.9 86.4 2157.4 0.9858731627 -0.1118145809 -0.1247061417 0.1289566159 0.9818412662 0.1391326636 0.1068845764 -0.1532488465 0.9823901653
-121.8 263.2 2111.9 0.6183817387 -0.7303963304 -0.2900435328 0.0013677903 0.3700692058 -0.9290031791 0.7858766913 0.5740818977 0.2298430651
-249.1 262.9 1950.0 -0.6178802848 -0.7303963304 -0.2911102772 -0.7162213326 0.3700692058 0.5916720629 -0.3244241476 0.5740818977 -0.7517838478
155.4 299.6 2141.8 0.5935884714 0.3566594720 0.7214199901 0.6527587175 0.3109347820 -0.6908151507 -0.4707003534 0.8809731007 -0.0482452773
304.0 463.0 2024.0 -0.8796939850 0.3566594720 0.3145354092 0.4292575121 0.3109347820 0.8479725718 0.2046374530 0.8809731007 -0.4266262352
-35.4 -115.6 2175.0 0.9845539927 0.1001654491 -0.1435977966 -0.1089056209 0.9925659299 -0.0543368720 0.1370875984 0.0691361949 0.9881433249
-75.2 -510.2 2147.5 0.9963515997 0.0155077605 -0.0839223340 0.0188500658 0.9190768600 0.3936272264 0.0832353532 -0.3937730789 0.9154313803
146.6 -97.9 2189.2 0.9372261167 0.0210773926 0.3480846584 0.0320757180 0.9887297750 -0.1462346762 -0.3472439051 0.1482200176 0.9259873033
138.2 -490.9 2130.3 0.9407864213 -0.1081800461 0.3212756217 0.0042936634 0.9514423609 0.3077969551 -0.3389727175 -0.2881917357 0.8955685496
-78.8 460.3 2039.4 0 0 0 0 0 0 0 0 0
88.4 568.2 2074.2 0 0 0 0 0 0 0 0 0
-81.2 -861.5 2298.0 0 0 0 0 0 0 0 0 0
179.6 -854.7 2240.5 0 0 0 0 0 0 0 0 0
-9.4 472.1 2090.9 0 0.9821876884 -0.1229679808 -0.1420781761 0.1441020966 0.9781962633 0.1495548934 0.1205898821 -0.1673647463 0.9784922600
15.0 277.6 2124.2 0.9821876884 -0.1229679808 -0.1420781761 0.1441020966 0.9781962633 0.1495548934 0.1205898821 -0.1673647463 0.9784922600
39.5 83.2 2157.5 0.9821479917 -0.1233323142 -0.1420366764 0.1444172710 0.9782001376 0.1492251605 0.1205360070 -0.1670737416 0.9785486460
-123.1 257.2 2107.3 0.6375980377 -0.7127939463 -0.2922216952 -0.0199550036 0.3639180660 -0.9312171936 0.7701107264 0.5995735526 0.2178096473
-252.8 261.3 1950.6 -0.6320934892 -0.7127939463 -0.3039450645 -0.7037693262 0.3639180660 0.6101412773 -0.3242939115 0.5995735526 -0.7316727638
153.1 297.9 2141.1 0.6090173721 0.3525722623 0.7104862332 0.6491953731 0.2930491567 -0.7019028068 -0.4556788504 0.8887153864 -0.0504162833
305.7 460.5 2027.0 -0.8759016991 0.3525722623 0.3293766677 0.4376205206 0.2930491567 0.8500649929 0.2031857967 0.8887153864 -0.4109750986
-29.3 -120.5 2178.1 0.9805271029 0.1148400903 -0.1593059301 -0.1249194071 0.9906558990 -0.0547365285 0.1515314132 0.0735710487 0.9857106805
-75.0 -514.4 2148.9 0.9956985116 0.0145481285 -0.0915029794 0.0225983728 0.9196364284 0.3921200633 0.0898540840 -0.3925012052 0.9153518677
