16.6 491.7 2066.0 9 0.9732946157 0.0532630794 -0.2232950330 -0.0599765293 0.9979257584 -0.0233871359 0.2215861976 0.0361550339 0.9744703174
1.8 215.1 2056.0 0.9732946157 0.0532630794 -0.2232950330 -0.0599765293 0.9979257584 -0.0233871359 0.2215861976 0.0361550339 0.9744703174
24.6 31.8 2115.6 0.9653519392 -0.1172916442 -0.2331057042 0.1809757650 0.9444803596 0.2742346525 0.1879983246 -0.3069194257 0.9329829216
-130.0 190.4 2030.3 0.3565793335 -0.9017702341 -0.2442572415 0.6255960464 0.4246419668 -0.6544530392 0.6938881874 0.0805580691 0.7155624032
-174.3 112.7 1944.1 -0.4298018515 -0.9017702341 -0.0456157252 -0.9006913304 0.4246419668 0.0918385610 -0.0634469315 0.0805580691 -0.9947285652
133.7 239.8 2081.6 0.4189456701 0.2472724319 0.8736938238 0.7578095198 0.4348479807 -0.4864483774 -0.5002092719 0.8658888936 -0.0052077230
252.4 454.6 1939.9 -0.9080110788 0.2472724319 0.3381895721 0.4158989191 0.4348479807 0.7987085581 0.0504375584 0.8658888936 -0.4976871014
-40.1 -167.5 2158.0 0.8844710588 0.0653980970 -0.4619892538 -0.1358430982 0.9833294153 -0.1208716854 0.4463828504 0.1696655601 0.8786102533
-65.4 -549.1 2092.2 0.9070217609 0.0586924739 -0.4169732928 0.0281921420 0.9795522094 0.1992051452 0.4201389551 -0.1924387813 0.8868204951
132.7 -135.3 2192.5 0.8270993233 0.1471636593 0.5424477458 0.0472236685 0.9435058832 -0.3279734254 -0.5600683689 0.2968829572 0.7734234929
75.5 -501.5 2077.2 0.8270993233 -0.1730725020 0.5347453356 0.0472236685 0.9694443345 0.2407229692 -0.5600683689 -0.1738491803 0.8099999428
-59.1 354.1 1961.1 0 0 0 0 0 0 0 0 0
21.9 560.1 1952.7 0 0 0 0 0 0 0 0 0
-87.3 -914.6 2164.0 0 0 0 0 0 0 0 0 0
140.1 -863.3 2142.1 0 0 0 0 0 0 0 0 0
16.3 491.7 2065.5 0 0.9789458513 0.0634690151 -0.1940018088 -0.0671461299 0.9976657033 -0.0124306483 0.1927599907 0.0251954012 0.9809224010
-1.3 215.4 2058.5 0.9789458513 0.0634690151 -0.1940018088 -0.0671461299 0.9976657033 -0.0124306483 0.1927599907 0.0251954012 0.9809224010
23.1 31.7 2116.1 0.9710760713 -0.1257120520 -0.2029969692 0.1786740422 0.9465522766 0.2685412467 0.1583883762 -0.2970442474 0.9416357279
-133.8 191.0 2036.9 0.3792580366 -0.8982352018 -0.2221191078 0.6209908724 0.4250499606 -0.6585611701 0.6859545708 0.1118306890 0.7189995050
-181.0 113.8 1951.7 -0.4327091277 -0.8982352018 -0.0770478696 -0.8998250961 0.4250499606 0.0982209072 -0.0554762818 0.1118306890 -0.9921775460
131.3 239.8 2080.1 0.4265906513 0.2380155176 0.8725646138 0.7574515939 0.4331932962 -0.4884778559 -0.4942544699 0.8693055511 0.0045109703
252.5 454.9 1939.7 -0.9084450006 0.2380155176 0.3436222970 0.4159433246 0.4331932962 0.7995840907 0.0414585471 0.8693055511 -0.4925332665
-39.1 -167.7 2158.3 0.8982709050 0.0707581267 -0.4337080121 -0.1361810714 0.9831870794 -0.1216464117 0.4178086221 0.1683342606 0.8928043246
-66.6 -549.3 2093.0 0.9190024734 0.0505026355 -0.3910037577 0.0252679400 0.9821776748 0.1862484962 0.3934412003 -0.1810426861 0.9013476372
133.8 -135.3 2192.0 0.8628903627 0.1366823912 0.4865574837 0.0329143591 0.9454920888 -0.3239773214 -0.5043182373 0.2955716550 0.8113572001
80.8 -502.3 2077.3 0.8628903627 -0.1400294304 0.4856047928 0.0329143591 0.9743800759 0.2224862725 -0.5043182373 -0.1759978831 0.8453921080
-65.0 355.0 1966.5 0 0 0 0 0 0 0 0 0
21.9 560.5 1950.3 0 0 0 0 0 0 0 0 0
-85.4 -915.8 2160.5 0 0 0 0 0 0 0 0 0
133.0 -865.8 2142.9 0 0 0 0 0 0 0 0 0
15.6 493.6 2064.2 1 0.9786687493 0.0613011643 -0.1960858554 -0.0648548380 0.9978255630 -0.0117475726 0.1949393302 0.0242140982 0.9805163741
-1.4 216.5 2057.5 0.9786687493 0.0613011643 -0.1960858554 -0.0648548380 0.9978255630 -0.0117475726 0.1949393302 0.0242140982 0.9805163741
24.4 33.1 2115.7 0.9693261981 -0.1332633942 -0.2065128535 0.1873151660 0.9445517659 0.2696942687 0.1591217071 -0.3001047075 0.9405410290
-133.8 190.9 2035.8 0.3731036484 -0.9019000530 -0.2176463604 0.6261643171 0.4178839922 -0.6582486033 0.6846253872 0.1093125790 0.7206516862
-180.2 113.1 1950.7 -0.4251194298 -0.9019000530 -0.0764835775 -0.9035645723 0.4178839922 0.0945727825 -0.0533339381 0.1093125790 -0.9925755858
131.0 242.1 2079.2 0.4313286245 0.2362284064 0.8707190752 0.7548389435 0.4341079295 -0.4916996360 -0.4941394627 0.8693367839 0.0089287832
252.5 454.7 1940.0 -0.9076147676 0.2362284064 0.3470325172 0.4180940390 0.4341079295 0.7979646921 0.0378523618 0.8693367839 -0.4927684367
-39.5 -168.1 2159.6 0.8980435133 0.0675960556 -0.4346822202 -0.1391162127 0.9810514450 -0.1348507106 0.4173302352 0.1815731376 0.8904306293
-65.7 -548.9 2089.1 0.9208112359 0.0562249646 -0.3859345019 0.0266716890 0.9781589508 0.2061400115 0.3890955150 -0.2001095563 0.8992001414
134.4 -136.0 2188.0 0.8814161420 0.1305677891 0.4539356828 0.0196188036 0.9500855207 -0.3113720715 -0.4719328880 0.2833540440 0.8348591924
83.7 -504.8 2078.0 0.8814161420 -0.1210467890 0.4565667808 0.0196188036 0.9751530886 0.2206617296 -0.4719328880 -0.1855375171 0.8618904352
-66.2 355.3 1965.0 0 0 0 0 0 0 0 0 0
22.1 560.8 1949.6 0 0 0 0 0 0 0 0 0
-86.7 -913.9 2163.8 0 0 0 0 0 0 0 0 0
128.9 -868.7 2147.2 0 0 0 0 0 0 0 0 0
17.0 495.4 2070.6 2 0.9775459766 0.0638972074 -0.2008009404 -0.0725174770 0.9967221618 -0.0358634405 0.1978511810 0.0496197380 0.9789753556
-0.8 217.4 2056.8 0.9775459766 0.0638972074 -0.2008009404 -0.0725174770 0.9967221618 -0.0358634405 0.1978511810 0.0496197380 0.9789753556
24.6 34.2 2115.6 0.9685628414 -0.1310305744 -0.2114640027 0.1871470511 0.9438198209 0.2723603845 0.1638963670 -0.3033730090 0.9386707544
-133.1 191.8 2034.4 0.3697743118 -0.9022057056 -0.2220176011 0.6277518868 0.4187615216 -0.6561755538 0.6849777699 0.1032649055 0.7212085724
-179.1 113.8 1949.3 -0.4254226089 -0.9022057056 -0.0709961206 -0.9034272432 0.4187615216 0.0919675678 -0.0532432199 0.1032649055 -0.9932278395
131.5 242.9 2079.1 0.4298860431 0.2498155534 0.8676348329 0.7526344657 0.4316683114 -0.4971959591 -0.4987377524 0.8667494655 -0.0024516075
252.1 454.1 1939.2 -0.9037603140 0.2498155534 0.3475766182 0.4252606630 0.4316683114 0.7954972386 0.0486897603 0.8667494655 -0.4963614047
-36.5 -167.0 2159.7 0.8951595426 0.0738453194 -0.4395864904 -0.1456210017 0.9805189371 -0.1318222880 0.4212884307 0.1820150018 0.8884742856
-65.2 -547.6 2089.1 0.9200190306 0.0593724921 -0.3873498440 0.0268866681 0.9765628576 0.2135465294 0.3909502625 -0.2068814039 0.8968600631
137.1 -133.4 2188.2 0.8831396699 0.1334036291 0.4497419596 0.0116745178 0.9521658421 -0.3053586781 -0.4689648747 0.2749248743 0.8393380046
85.3 -503.0 2081.5 0.8814477324 -0.1165292487 0.4576798975 0.0267858841 0.9798575640 0.1978931427 -0.4715214372 -0.1621730924 0.8668145537
-65.0 356.0 1963.5 0 0 0 0 0 0 0 0 0
22.7 562.1 1951.5 0 0 0 0 0 0 0 0 0
-87.4 -912.1 2166.3 0 0 0 0 0 0 0 0 0
128.8 -868.6 2142.0 0 0 0 0 0 0 0 0 0
16.0 495.7 2067.8 3 0.9833014607 0.0713674277 -0.1674065590 -0.0749404430 0.9970734119 -0.0151157482 0.1658378541 0.0274088569 0.9857720733
-3.9 218.5 2060.2 0.9833014607 0.0713674277 -0.1674065590 -0.0749404430 0.9970734119 -0.0151157482 0.1658378541 0.0274088569 0.9857720733
26.1 34.6 2114.2 0.9716612697 -0.1546179205 -0.1787949204 0.1969864070 0.9477504492 0.2509291470 0.1306548268 -0.2790383101 0.9513500333
-136.5 191.5 2042.3 0.3877953887 -0.9028517008 -0.1856705695 0.6193351150 0.4044120908 -0.6729598045 0.6826702952 0.1459784210 0.7159969211
-184.7 114.6 1957.5 -0.4156209230 -0.9028517008 -0.1100821644 -0.9078432918 0.4044120908 0.1107765734 -0.0554962568 0.1459784210 -0.9877299666
128.8 245.5 2078.0 0.4406787753 0.2412135303 0.8646491766 0.7471324801 0.4353697598 -0.5022412539 -0.4975894988 0.8673345447 0.0116397496
252.3 454.8 1938.6 -0.9082557559 0.2412135303 0.3418882191 0.4161256850 0.4353697598 0.7983061075 0.0437144376 0.8673345447 -0.4958022237
-36.8 -165.8 2159.8 0.9126548767 0.0775495470 -0.4013067484 -0.1388324052 0.9822783470 -0.1259157211 0.3844302595 0.1706319749 0.9072475433
-66.9 -547.1 2093.6 0.9315829277 0.0482734255 -0.3603095114 0.0150015019 0.9851948619 0.1707805991 0.3632192314 -0.1645014733 0.9170665145
136.8 -132.3 2189.2 0.8732635379 0.1337893754 0.4685201645 0.0217009578 0.9499302506 -0.3117074668 -0.4867646396 0.2823700905 0.8266361356
84.8 -501.0 2079.6 0.8732635379 -0.1193270907 0.4724106193 0.0217009578 0.9781112075 0.2069481462 -0.4867646396 -0.1704685241 0.8567383885
-73.3 358.0 1972.4 0 0 0 0 0 0 0 0 0
21.8 560.4 1949.7 0 0 0 0 0 0 0 0 0
-84.9 -914.5 2155.0 0 0 0 0 0 0 0 0 0
129.4 -866.1 2143.2 0 0 0 0 0 0 0 0 0
15.0 494.3 2067.4 4 0.9837935567 0.0713629350 -0.1644917279 -0.0766839162 0.9967106581 -0.0262198653 0.1620795429 0.0384088047 0.9860299230
-4.7 219.6 2056.8 0.9837935567 0.0713629350 -0.1644917279 -0.0766839162 0.9967106581 -0.0262198653 0.1620795429 0.0384088047 0.9860299230
27.3 35.8 2110.4 0.9701678157 -0.1649553180 -0.1776631474 0.2062555403 0.9467359781 0.2472845167 0.1274091899 -0.2765514851 0.9525157213
-137.1 191.4 2039.4 0.3842236698 -0.9062203765 -0.1764562577 0.6216071248 0.3952400684 -0.6763060093 0.6826248765 0.1501663029 0.7151736617
-184.9 114.1 1954.6 -0.4068901539 -0.9062203765 -0.1149131134 -0.9117788076 0.3952400684 0.1115558222 -0.0556758903 0.1501663029 -0.9870918393
127.8 247.8 2074.2 0.4487299919 0.2342501730 0.8624200225 0.7483567595 0.4289825559 -0.5059012771 -0.4884706140 0.8724108934 0.0171946324
252.2 455.1 1938.9 -0.9083406925 0.2342501730 0.3464737236 0.4163947999 0.4289825559 0.8016166687 0.0391476713 0.8724108934 -0.4872028828
-31.0 -167.0 2156.6 0.9137684703 0.0926378965 -0.3955318332 -0.1506765336 0.9814887643 -0.1182216033 0.3772582412 0.1676245332 0.9108118415
-67.0 -548.0 2091.5 0.9372745156 0.0537528358 -0.3444228470 0.0192384459 0.9785575271 0.2050733566 0.3480608165 -0.1988361925 0.9161428809
143.0 -131.6 2180.0 0.8658490181 0.1531933993 0.4762743711 -0.0051370040 0.9546393156 -0.2977203429 -0.5002790093 0.2553342581 0.8273604512
83.5 -502.0 2080.9 0.8616902232 -0.1279736757 0.4910323024 0.0312566720 0.9792243838 0.2003562301 -0.5064711571 -0.1572969556 0.8477880955
-75.8 358.6 1969.5 0 0 0 0 0 0 0 0 0
21.6 560.8 1948.8 0 0 0 0 0 0 0 0 0
-87.0 -912.9 2165.7 0 0 0 0 0 0 0 0 0
131.3 -867.5 2139.6 0 0 0 0 0 0 0 0 0
16.4 493.0 2067.2 5 0.9817788601 0.0875048041 -0.1686808616 -0.0931908861 0.9953067303 -0.0260771792 0.1656073183 0.0413215421 0.9853256941
-7.7 219.4 2055.8 0.9817788601 0.0875048041 -0.1686808616 -0.0931908861 0.9953067303 -0.0260771792 0.1656073183 0.0413215421 0.9853256941
24.8 35.7 2109.3 0.9693585634 -0.1673227400 -0.1798529774 0.2089761198 0.9465457201 0.2457238138 0.1291238815 -0.2757794559 0.9525086284
-140.1 190.8 2038.2 0.3813246787 -0.9076108932 -0.1755959690 0.6219264865 0.3924045861 -0.6776621938 0.6839582324 0.1492015272 0.7141008377
-187.5 113.6 1953.2 -0.4041066170 -0.9076108932 -0.1137553826 -0.9129203558 0.3924045861 0.1122275963 -0.0572208539 0.1492015272 -0.9871497750
124.7 248.0 2073.5 0.4586371183 0.2329243571 0.8575536609 0.7454724908 0.4243939519 -0.5139655471 -0.4836556613 0.8750063181 0.0210041143
252.2 455.2 1939.0 -0.9107125401 0.2329243571 0.3410996497 0.4107759297 0.4243939519 0.8069404364 0.0431954712 0.8750063181 -0.4821805954
-27.6 -166.4 2152.6 0.9129783511 0.0978075117 -0.3961113691 -0.1552110910 0.9811080098 -0.1154842824 0.3773328066 0.1669155359 0.9109111428
-65.6 -547.3 2087.8 0.9387705922 0.0622088611 -0.3388802409 0.0172572993 0.9738405943 0.2265760899 0.3441103697 -0.2185511291 0.9131393433
146.2 -129.4 2175.5 0.8640548587 0.1614127308 0.4768177271 -0.0178266894 0.9564161301 -0.2914625406 -0.5030819178 0.2433395386 0.8292734623
83.5 -500.6 2081.0 0.8582741022 -0.1317096353 0.4960021973 0.0341834240 0.9790307879 0.2008238137 -0.5120518208 -0.1554068178 0.8447790146
-79.1 358.3 1968.5 0 0 0 0 0 0 0 0 0
21.1 559.5 1950.0 0 0 0 0 0 0 0 0 0
-88.8 -910.5 2169.4 0 0 0 0 0 0 0 0 0
132.7 -866.0 2139.0 0 0 0 0 0 0 0 0 0
16.3 493.2 2066.1 6 0.9773302674 0.0883174539 -0.1924202442 -0.0930534378 0.9955373406 -0.0156980604 0.1901751310 0.0332475565 0.9811870456
-8.0 219.0 2056.9 0.9773302674 0.0883174539 -0.1924202442 -0.0930534378 0.9955373406 -0.0156980604 0.1901751310 0.0332475565 0.9811870456
27.3 35.7 2110.2 0.9617921114 -0.1819121838 -0.2046068013 0.2289694846 0.9441761374 0.2368635684 0.1500964910 -0.2746622264 0.9497535229
-139.4 187.7 2036.4 0.3537562490 -0.9187168479 -0.1755443364 0.6262902021 0.3720578849 -0.6850792170 0.6947064996 0.1324093640 0.7070012093
-183.3 109.9 1950.1 -0.3830627203 -0.9187168479 -0.0960325524 -0.9210897684 0.3720578849 0.1147455871 -0.0696890354 0.1324093640 -0.9887422323
123.3 250.2 2077.4 0.4615185559 0.2353431433 0.8553444743 0.7350256443 0.4384214282 -0.5172272325 -0.4967272282 0.8674100637 0.0293563809
252.1 455.3 1938.8 -0.9123981595 0.2353431433 0.3348779082 0.4071688652 0.4384214282 0.8012491465 0.0417508371 0.8674100637 -0.4958392978
-29.6 -166.8 2151.3 0.9073207974 0.0920476019 -0.4102392793 -0.1476149857 0.9833660722 -0.1058349460 0.3936735094 0.1565837115 0.9058160186
-65.3 -548.5 2090.5 0.9291816950 0.0617932528 -0.3644213974 0.0095754769 0.9815714359 0.1908555627 0.3694992065 -0.1808290035 0.9114665389
144.1 -129.3 2174.4 0.8709837198 0.1582254171 0.4651365876 -0.0188952666 0.9568109512 -0.2900961637 -0.4909483790 0.2438801676 0.8363564610
82.7 -500.7 2079.7 0.8636611104 -0.1410496682 0.4839364588 0.0445244499 0.9776464701 0.2054870427 -0.5021026731 -0.1559241563 0.8506354094
-80.6 356.8 1968.8 0 0 0 0 0 0 0 0 0
20.5 558.7 1949.4 0 0 0 0 0 0 0 0 0
-88.4 -914.5 2157.9 0 0 0 0 0 0 0 0 0
135.3 -865.6 2137.9 0 0 0 0 0 0 0 0 0
16.1 492.9 2065.5 7 0.9863304496 0.0791388303 -0.1445311904 -0.0822505578 0.9964884520 -0.0156734288 0.1427832842 0.0273469519 0.9893761277
-5.6 219.1 2058.0 0.9863304496 0.0791388303 -0.1445311904 -0.0822505578 0.9964884520 -0.0156734288 0.1427832842 0.0273469519 0.9893761277
27.1 34.1 2106.4 0.9731877446 -0.1693847626 -0.1556100100 0.2017381340 0.9535471201 0.2237177789 0.1104870886 -0.2491118610 0.9621517062
-138.4 191.5 2043.0 0.4008215666 -0.9018198252 -0.1614406258 0.6040540934 0.3926275671 -0.6935144067 0.6888110638 0.1804566532 0.7021215558
-188.1 116.6 1957.5 -0.4096957743 -0.9018198252 -0.1373695284 -0.9096675515 0.3926275671 0.1354567409 -0.0682225078 0.1804566532 -0.9812141061
127.1 246.7 2073.0 0.4498884976 0.2291249782 0.8631929755 0.7506892681 0.4265724123 -0.5044814944 -0.4838036299 0.8749501109 0.0199083462
251.9 454.9 1938.9 -0.9117160439 0.2291249782 0.3409920335 0.4089287519 0.4265724123 0.8067299724 0.0393841937 0.8749501109 -0.4826087058
-23.6 -168.0 2150.1 0.9226811528 0.1059068516 -0.3707333207 -0.1542550921 0.9826261401 -0.1032046974 0.3533621728 0.1524125338 0.9229873419
-64.7 -549.5 2091.0 0.9444701076 0.0621569268 -0.3226650953 0.0012789372 0.9812438488 0.1927664876 0.3285949230 -0.1824748516 0.9266759753
148.7 -127.0 2177.0 0.8219956160 0.1703076661 0.5434321761 0.0085282698 0.9504489899 -0.3107635975 -0.5694299936 0.2600808442 0.7798124552
82.6 -495.9 2076.1 0.8219956160 -0.1370171458 0.5527653694 0.0085282698 0.9734784365 0.2286196798 -0.5694299936 -0.1832102388 0.8013635278
-78.3 360.3 1975.8 0 0 0 0 0 0 0 0 0
20.5 558.7 1948.9 0 0 0 0 0 0 0 0 0
-87.9 -915.6 2159.1 0 0 0 0 0 0 0 0 0
133.7 -859.2 2144.5 0 0 0 0 0 0 0 0 0
16.0 493.1 2064.7 8 0.9902310371 0.0894135609 -0.1069938317 -0.0899234563 0.9959486723 0.0000590212 0.1065656468 0.0095628109 0.9942596555
-8.4 221.0 2062.1 0.9902310371 0.0894135609 -0.1069938317 -0.0899234563 0.9959486723 0.0000590212 0.1065656468 0.0095628109 0.9942596555
25.5 34.7 2103.7 0.9776087403 -0.1758001000 -0.1156525984 0.1959833950 0.9607813954 0.1961875707 0.0766270757 -0.2144606709 0.9737222195
-141.8 194.2 2051.7 0.4308708310 -0.8921962976 -0.1354108453 0.5830415487 0.3897602856 -0.7128460407 0.6887763143 0.2281944007 0.6881238818
-195.3 121.8 1966.3 -0.4157696664 -0.8921962976 -0.1764124781 -0.9061278701 0.3897602856 0.1643750072 -0.0778961927 0.2281944007 -0.9704944491
124.9 247.9 2072.5 0.4576110840 0.2309261113 0.8586415052 0.7471784353 0.4236077666 -0.5121336579 -0.4819922447 0.8759164214 0.0213045944
252.0 455.4 1938.7 -0.9102175832 0.2309261113 0.3437688649 0.4121297896 0.4236077666 0.8066632152 0.0406564325 0.8759164214 -0.4807467759
-27.2 -169.0 2145.0 0.9393896461 0.0933710262 -0.3298923969 -0.1317663193 0.9866248369 -0.0959638506 0.3165197968 0.1336161494 0.9391282797
-63.4 -551.9 2093.1 0.9537642598 0.0731830895 -0.2915098071 -0.0207700375 0.9836327434 0.1789838970 0.2998372018 -0.1646537781 0.9396737814
146.9 -132.8 2164.7 0.8284859061 0.1622234434 0.5359987617 -0.0029450201 0.9583725333 -0.2855054736 -0.5600022078 0.2349587381 0.7944759130
84.0 -504.7 2073.5 0.8284859061 -0.1371436119 0.5429574251 -0.0029450201 0.9684692025 0.2491157949 -0.5600022078 -0.2079879493 0.8019592166
-83.8 364.7 1987.1 0 0 0 0 0 0 0 0 0
20.9 560.0 1949.0 0 0 0 0 0 0 0 0 0
-90.7 -919.0 2154.5 0 0 0 0 0 0 0 0 0
135.1 -866.1 2151.1 0 0 0 0 0 0 0 0 0
16.4 493.2 2064.9 9 0.9908988476 0.0997598246 -0.0903739333 -0.0997023061 0.9950039387 0.0051620435 0.0904373825 0.0038954269 0.9958945513
-10.9 221.5 2063.8 0.9908988476 0.0997598246 -0.0903739333 -0.0997023061 0.9950039387 0.0051620435 0.0904373825 0.0038954269 0.9958945513
25.5 35.2 2103.9 0.9771946669 -0.1879834235 -0.0987565070 0.2040043622 0.9601701498 0.1909331828 0.0589307770 -0.2067256421 0.9766225815
-144.3 193.6 2055.8 0.4387687147 -0.8910457492 -0.1162733808 0.5835200548 0.3809271157 -0.7172160149 0.6833639741 0.2468441129 0.6870819926
-198.7 121.1 1970.9 -0.4093636572 -0.8910457492 -0.1961093694 -0.9093300700 0.3809271157 0.1673718989 -0.0744326338 0.2468441129 -0.9661924243
122.5 249.4 2071.8 0.4664448798 0.2325916290 0.8534227014 0.7420409918 0.4222548902 -0.5206496119 -0.4814606607 0.8761289716 0.0243661217
252.0 455.5 1938.1 -0.9100573659 0.2325916290 0.3430695534 0.4122551382 0.4222548902 0.8073081970 0.0429103263 0.8761289716 -0.4801632762
-28.1 -169.3 2138.5 0.9460266829 0.0962387547 -0.3094699085 -0.1283268780 0.9880815148 -0.0850128531 0.2975999415 0.1201377288 0.9471014738
-65.4 -552.8 2091.9 0.9598361850 0.0605765246 -0.2739434838 -0.0124738952 0.9846612811 0.1740302891 0.2802836895 -0.1636234224 0.9458691478
146.8 -134.1 2152.2 0.8133333921 0.1645526439 0.5580423474 -0.0192596447 0.9662581086 -0.2568547428 -0.5814790726 0.1981608272 0.7890591621
83.0 -508.9 2075.3 0.8112565875 -0.1412300617 0.5673771501 -0.0043537389 0.9689031243 0.2474019974 -0.5846741199 -0.2031767219 0.7854141593
-89.0 364.9 1990.9 0 0 0 0 0 0 0 0 0
21.0 560.1 1949.0 0 0 0 0 0 0 0 0 0
-88.0 -920.3 2153.0 0 0 0 0 0 0 0 0 0
135.7 -870.5 2151.2 0 0 0 0 0 0 0 0 0
14.3 492.3 2060.4 0 0.9920417666 0.0975434855 -0.0796144232 -0.0958677307 0.9950897098 0.0246151797 0.0816245377 -0.0167868324 0.9965217710
-12.2 221.8 2065.0 0.9920417666 0.0975434855 -0.0796144232 -0.0958677307 0.9950897098 0.0246151797 0.0816245377 -0.0167868324 0.9965217710
24.3 35.2 2104.1 0.9781523943 -0.1887007803 -0.0872349069 0.2021913230 0.9611031413 0.1881472468 0.0483382121 -0.2016748190 0.9782590270
-145.8 194.1 2058.4 0.4475051165 -0.8875307441 -0.1096738502 0.5805852413 0.3816154897 -0.7192290425 0.6801910996 0.2581836581 0.6860620975
-201.4 122.0 1973.9 -0.4117044508 -0.8875307441 -0.2068540901 -0.9084249139 0.3816154897 0.1706861407 -0.0725504756 0.2581836581 -0.9633678794
121.3 249.4 2071.6 0.4707643688 0.2229547203 0.8536229134 0.7425994277 0.4222823977 -0.5198304653 -0.4763685763 0.8786175251 0.0332294628
252.2 455.9 1939.1 -0.9123709798 0.2229547203 0.3433225453 0.4078211188 0.4222823977 0.8095427752 0.0355123132 0.8786175251 -0.4762038291
-25.6 -169.4 2138.7 0.9485996366 0.1056864038 -0.2983104289 -0.1361456811 0.9871901870 -0.0831857026 0.2856975198 0.1195236072 0.9508370161
-66.6 -552.6 2092.3 0.9640771747 0.0512917750 -0.2606230080 -0.0047731223 0.9843658805 0.1760712266 0.2655794024 -0.1685022712 0.9492494464
149.3 -132.8 2149.3 0.8057743311 0.1678812057 0.5679292679 -0.0235153083 0.9672926664 -0.2525705993 -0.5917556882 0.1901598573 0.7833673358
84.2 -508.1 2075.5 0.8050308824 -0.1293577403 0.5789574981 -0.0178365260 0.9702171683 0.2415791303 -0.5929646492 -0.2048052549 0.7787475586
-91.0 365.5 1993.4 0 0 0 0 0 0 0 0 0
20.6 559.4 1948.1 0 0 0 0 0 0 0 0 0
-85.8 -920.0 2155.2 0 0 0 0 0 0 0 0 0
132.5 -870.3 2151.9 0 0 0 0 0 0 0 0 0
15.8 492.4 2062.2 1 0.9911026359 0.1105607599 -0.0741075501 -0.1091868505 0.9937698841 0.0223536957 0.0761172920 -0.0140632372 0.9969996810
-14.0 223.8 2066.0 0.9911026359 0.1105607599 -0.0741075501 -0.1091868505 0.9937698841 0.0223536957 0.0761172920 -0.0140632372 0.9969996810
23.0 37.3 2104.9 0.9782430530 -0.1910218447 -0.0809390321 0.2032074481 0.9608569741 0.1883097440 0.0417995639 -0.2006601244 0.9787687659
-147.7 196.0 2060.3 0.4513717890 -0.8862048388 -0.1044246256 0.5811377764 0.3807427883 -0.7192453146 0.6771575809 0.2639619410 0.6868636608
-203.7 123.8 1976.2 -0.4112256467 -0.8862048388 -0.2133880407 -0.9088687301 0.3807427883 0.1702720225 -0.0696499348 0.2639619410 -0.9620150924
119.6 251.6 2071.7 0.4772197902 0.2389068902 0.8456859589 0.7324634194 0.4235790372 -0.5329898000 -0.4855498075 0.8737873435 0.0271497481
251.9 454.7 1937.0 -0.9081666470 0.2389068902 0.3437394798 0.4160019159 0.4235790372 0.8046882749 0.0466447286 0.8737873435 -0.4840660989
-26.7 -169.4 2138.9 0.9499762058 0.1109996587 -0.2919319570 -0.1409034282 0.9865024090 -0.0834217742 0.2787317932 0.1203829125 0.9527940750
-69.8 -552.4 2092.2 0.9669530392 0.0089969710 -0.2547957003 0.0346995480 0.9854338765 0.1664814353 0.2525821328 -0.1698210388 0.9525560737
148.5 -133.2 2147.6 0.8016707897 0.1609760523 0.5756827593 -0.0239323806 0.9709285498 -0.2381699830 -0.5972865224 0.1771564633 0.7822176218
86.0 -510.0 2078.8 0.7992420197 -0.1291815639 0.5869619250 -0.0043830862 0.9753482342 0.2206278443 -0.6009933352 -0.1789077520 0.7789730430
-93.5 367.5 1994.8 0 0 0 0 0 0 0 0 0
21.4 560.3 1948.9 0 0 0 0 0 0 0 0 0
-73.2 -919.9 2155.5 0 0 0 0 0 0 0 0 0
134.2 -873.9 2145.6 0 0 0 0 0 0 0 0 0
16.7 494.2 2063.1 2 0.9810753465 0.0786607191 -0.1769282967 -0.0810247958 0.9966930151 -0.0061654244 0.1758582145 0.0203843247 0.9842044115
-4.9 220.8 2057.5 0.9810753465 0.0786607191 -0.1769282967 -0.0810247958 0.9966930151 -0.0061654244 0.1758582145 0.0203843247 0.9842044115
26.1 38.0 2112.3 0.9682550430 -0.1642999947 -0.1883816719 0.2095565647 0.9443820715 0.2534336150 0.1362651289 -0.2848649919 0.9488328099
-136.5 191.7 2039.0 0.3769201040 -0.9082677364 -0.1816067398 0.6296582222 0.3950516880 -0.6689280272 0.6793097258 0.1377822310 0.7208011746
-183.1 113.8 1955.0 -0.4050476551 -0.9082677364 -0.1048149318 -0.9127568007 0.3950516880 0.1039672568 -0.0530227907 0.1377822310 -0.9890422821
126.7 249.8 2075.9 0.4514715374 0.2455929220 0.8578214049 0.7378136516 0.4379050732 -0.5136829615 -0.5018012524 0.8648255467 0.0164998583
251.8 454.4 1936.8 -0.9070144296 0.2455929220 0.3420656025 0.4186228216 0.4379050732 0.7956092358 0.0456037410 0.8648255467 -0.4999970198
-27.6 -167.4 2140.1 0.9100390673 0.1009622365 -0.4020391703 -0.1441285908 0.9864385128 -0.0785237178 0.3886590004 0.1294049919 0.9122491479
-66.8 -550.3 2089.9 0.9310365319 0.0366785340 -0.3630780280 0.0295735113 0.9840800762 0.1752478182 0.3637256920 -0.1738996208 0.9151297808
146.8 -130.1 2154.6 0.8660753965 0.1551420242 0.4752308428 -0.0400729179 0.9691122770 -0.2433425039 -0.4983046949 0.1917090714 0.8455412984
86.3 -508.2 2079.8 0.8594890237 -0.1277290285 0.4949383140 0.0249221288 0.9775958657 0.2090100199 -0.5105463266 -0.1673069000 0.8434162140
-74.5 358.5 1969.2 0 0 0 0 0 0 0 0 0
21.6 560.7 1948.4 0 0 0 0 0 0 0 0 0
-80.4 -917.4 2154.8 0 0 0 0 0 0 0 0 0
133.9 -873.1 2142.3 0 0 0 0 0 0 0 0 0
18.0 494.3 2064.5 3 0.9861121178 0.0673600286 -0.1518074721 -0.0697095543 0.9975151420 -0.0102023138 0.1507430375 0.0206430573 0.9883574247
-0.7 217.5 2058.8 0.9861121178 0.0673600286 -0.1518074721 -0.0697095543 0.9975151420 -0.0102023138 0.1507430375 0.0206430573 0.9883574247
26.5 34.6 2116.4 0.9763688445 -0.1421582848 -0.1627724171 0.1831932962 0.9440013766 0.2744114399 0.1146475226 -0.2977456152 0.9477359653
-133.6 192.3 2043.2 0.4073365629 -0.8938229680 -0.1875031441 0.6279760003 0.4231913388 -0.6531119347 0.6631161571 0.1482888907 0.7336807251
-184.1 114.4 1961.0 -0.4318035245 -0.8938229680 -0.1209389269 -0.9014652967 0.4231913388 0.0909363851 -0.0301007200 0.1482888907 -0.9884858727
132.3 242.7 2074.4 0.4268906116 0.2385665625 0.8722674251 0.7567171454 0.4338796437 -0.4890067279 -0.4951197207 0.8688120842 0.0046917326
251.6 454.3 1936.0 -0.9099741578 0.2385665625 0.3391651511 0.4123287201 0.4338796437 0.8010826707 0.0439546853 0.8688120842 -0.4931871295
-29.2 -163.9 2155.0 0.9145857096 0.0891186073 -0.3944500089 -0.1478076577 0.9815939069 -0.1209392399 0.3764117956 0.1689120382 0.9109241962
-63.8 -544.6 2089.5 0.9364163280 0.0605907328 -0.3456200957 0.0094876299 0.9802463651 0.1975527853 0.3507626951 -0.1882707775 0.9173437953
142.9 -125.3 2182.7 0.8361055255 0.1587516516 0.5250956416 0.0191512238 0.9481797814 -0.3171566129 -0.5482342243 0.2752326131 0.7897381186
81.4 -493.0 2076.0 0.8361055255 -0.1387767643 0.5307245255 0.0191512238 0.9742661715 0.2245855480 -0.5482342243 -0.1776131988 0.8172470927
-68.4 355.9 1969.1 0 0 0 0 0 0 0 0 0
20.6 558.9 1947.1 0 0 0 0 0 0 0 0 0
-86.4 -910.2 2159.8 0 0 0 0 0 0 0 0 0
133.2 -856.6 2142.3 0 0 0 0 0 0 0 0 0
17.3 494.2 2065.7 4 0.9832397699 0.0632019490 -0.1710117310 -0.0681859478 0.9973976016 -0.0234233309 0.1690863073 0.0346913487 0.9849905372
-0.3 216.0 2056.1 0.9832397699 0.0632019490 -0.1710117310 -0.0681859478 0.9973976016 -0.0234233309 0.1690863073 0.0346913487 0.9849905372
25.1 32.5 2113.4 0.9745296836 -0.1318630129 -0.1813946813 0.1783549190 0.9460639358 0.2704672515 0.1359463334 -0.2959310114 0.9454858303
-133.2 191.5 2037.5 0.3954925537 -0.8950933814 -0.2058966905 0.6225016713 0.4260581732 -0.6564800739 0.6753349900 0.1314619482 0.7256999612
-182.3 114.3 1953.7 -0.4346175194 -0.8950933814 -0.0995761827 -0.8995472789 0.4260581732 0.0963800550 -0.0438439064 0.1314619482 -0.9903512001
132.6 240.4 2074.6 0.4233713150 0.2328307927 0.8755264282 0.7613809705 0.4322946072 -0.4831359982 -0.4909743071 0.8711550832 0.0057482128
251.9 454.9 1936.3 -0.9117068052 0.2328307927 0.3384974003 0.4088100493 0.4322946072 0.8037385941 0.0408044793 0.8711550832 -0.4893095195
-33.5 -164.9 2163.8 0.9062299132 0.0792106986 -0.4152987003 -0.1494710892 0.9788817763 -0.1394592822 0.3954816759 0.1884573251 0.8989316225
-64.3 -544.6 2090.7 0.9289939404 0.0607715324 -0.3650713265 0.0125315143 0.9806953073 0.1951401234 0.3698827028 -0.1858588904 0.9102984667
140.6 -131.6 2186.0 0.8499953747 0.1476921588 0.5056628585 0.0213293675 0.9494581819 -0.3131679595 -0.5263581872 0.2769767642 0.8038848639
83.3 -499.9 2078.5 0.8499953747 -0.1316299289 0.5100798607 0.0213293675 0.9760844707 0.2163427025 -0.5263581872 -0.1730106175 0.8324748278
-65.8 355.3 1965.5 0 0 0 0 0 0 0 0 0
20.4 558.7 1946.6 0 0 0 0 0 0 0 0 0
-86.9 -910.6 2160.0 0 0 0 0 0 0 0 0 0
132.5 -864.3 2143.1 0 0 0 0 0 0 0 0 0
17.5 493.9 2065.9 5 0.9807878733 0.0639550313 -0.1842956692 -0.0699820071 0.9971994162 -0.0263792556 0.1820924431 0.0387698337 0.9825167656
-0.4 215.7 2055.0 0.9807878733 0.0639550313 -0.1842956692 -0.0699820071 0.9971994162 -0.0263792556 0.1820924431 0.0387698337 0.9825167656
24.5 31.9 2111.8 0.9725510478 -0.1285088211 -0.1939844191 0.1781558245 0.9475079179 0.2654981911 0.1496829093 -0.2927699983 0.9443944097
-133.1 191.4 2034.6 0.3859888017 -0.8970489502 -0.2152109891 0.6189435720 0.4248166978 -0.6606357694 0.6840478778 0.1217945591 0.7191971540
-181.0 114.5 1949.7 -0.4333809316 -0.8970489502 -0.0865107775 -0.8995755911 0.4248166978 0.1014617234 -0.0542649180 0.1217945591 -0.9910708666
132.4 240.1 2075.5 0.4219093919 0.2414611876 0.8738929629 0.7576368451 0.4355180860 -0.4861176908 -0.4979747534 0.8671911359 0.0008092726
251.6 454.1 1934.8 -0.9096780419 0.2414611876 0.3379087448 0.4127591550 0.4355180860 0.7999711633 0.0459966287 0.8671911359 -0.4958465695
-36.7 -167.0 2158.6 0.9016532302 0.0768439397 -0.4255777597 -0.1430822760 0.9816718698 -0.1258878410 0.4081040025 0.1743998080 0.8961226940
-66.5 -548.0 2090.9 0.9238573909 0.0301713087 -0.3815458417 0.0426786020 0.9825499058 0.1810365915 0.3803499341 -0.1835358292 0.9064483047
137.5 -134.8 2183.8 0.8674613237 0.1350588650 0.4788214266 0.0210312828 0.9516307712 -0.3065234125 -0.4970599115 0.2759674489 0.8226624131
85.1 -504.1 2076.7 0.8674613237 -0.1315604597 0.4797944427 0.0210312828 0.9732370377 0.2288390249 -0.4970599115 -0.1884183139 0.8470124006
-64.9 355.6 1964.2 0 0 0 0 0 0 0 0 0
20.7 558.9 1946.5 0 0 0 0 0 0 0 0 0
-77.8 -914.5 2159.4 0 0 0 0 0 0 0 0 0
134.2 -867.4 2147.0 0 0 0 0 0 0 0 0 0
15.7 493.6 2059.9 6 0.9723148346 0.0571653843 -0.2265744060 -0.0611756407 0.9980695248 -0.0107115135 0.2255246937 0.0242757984 0.9739349484
-0.2 215.1 2053.1 0.9723148346 0.0571653843 -0.2265744060 -0.0611756407 0.9980695248 -0.0107115135 0.2255246937 0.0242757984 0.9739349484
25.8 32.3 2113.0 0.9619162679 -0.1346926242 -0.2378549278 0.1989928484 0.9416353106 0.2715231776 0.1874004304 -0.3085139692 0.9325771928
-131.5 187.8 2027.6 0.3453299999 -0.9094281197 -0.2317061275 0.6337462068 0.4080763459 -0.6571449041 0.6921798587 0.0800889730 0.7172676325
-174.3 109.2 1941.7 -0.4131138325 -0.9094281197 -0.0477230586 -0.9086087346 0.4080763459 0.0889037922 -0.0613769516 0.0800889730 -0.9948962927
131.0 242.3 2078.7 0.4270859361 0.2421704680 0.8711779714 0.7493445873 0.4444133043 -0.4908966124 -0.5060437322 0.8624675274 0.0083335266
251.7 454.2 1935.6 -0.9111446738 0.2421704680 0.3334199786 0.4096492529 0.4444133043 0.7966707945 0.0447538719 0.8624675274 -0.5041297674
-37.7 -167.9 2155.2 0.8851746321 0.0784387141 -0.4585992396 -0.1437403858 0.9835705757 -0.1092137322 0.4424981177 0.1625924557 0.8819065094
-68.2 -549.7 2092.1 0.9092329741 0.0213651154 -0.4157390296 0.0604362898 0.9813267589 0.1826069206 0.4118772447 -0.1911579520 0.8909633756
136.3 -135.9 2182.4 0.8767598867 0.1302352697 0.4629588127 0.0185597576 0.9527559876 -0.3031692505 -0.4805701077 0.2743990421 0.8329210877
85.8 -505.7 2075.9 0.8767598867 -0.1291456521 0.4632639587 0.0185597576 0.9716386199 0.2357412875 -0.4805701077 -0.1980904490 0.8542906642
-63.6 352.7 1958.2 0 0 0 0 0 0 0 0 0
20.4 558.2 1947.0 0 0 0 0 0 0 0 0 0
-76.1 -915.9 2163.4 0 0 0 0 0 0 0 0 0
134.0 -868.4 2149.8 0 0 0 0 0 0 0 0 0
15.1 492.0 2057.9 7 0.9635735154 0.0540171377 -0.2619317770 -0.0574744567 0.9983315468 -0.0055504926 0.2611949146 0.0204026941 0.9650704265
0.2 216.7 2052.3 0.9635735154 0.0540171377 -0.2619317770 -0.0574744567 0.9983315468 -0.0055504926 0.2611949146 0.0204026941 0.9650704265
28.1 34.3 2112.6 0.9507905841 -0.1438599676 -0.2744112313 0.2182566375 0.9396064281 0.2636356950 0.2199119478 -0.3105544150 0.9247673750
-129.5 186.9 2022.3 0.3087209463 -0.9199346900 -0.2416848540 0.6384671330 0.3887722790 -0.6642408371 0.7050185204 0.0507572144 0.7073701620
-167.8 107.7 1934.8 -0.3917246759 -0.9199346900 -0.0164912008 -0.9168311954 0.3887722790 0.0909760594 -0.0772807077 0.0507572144 -0.9957165122
129.9 246.5 2082.3 0.4321481586 0.2408899814 0.8690339327 0.7360474467 0.4625629187 -0.4942364991 -0.5210394859 0.8532335758 0.0225892533
251.8 454.1 1935.4 -0.9093210697 0.2408899814 0.3392745256 0.4148776233 0.4625629187 0.7835254073 0.0318076201 0.8532335758 -0.5205580592
-34.3 -168.2 2156.1 0.8711107969 0.0813621134 -0.4842996895 -0.1504375786 0.9829792976 -0.1054523066 0.4674767554 0.1647175103 0.8685238361
-65.8 -549.8 2092.2 0.8952380419 0.0436280109 -0.4434472024 0.0352246687 0.9851514697 0.1680350304 0.4441936910 -0.1660516411 0.8804083467
137.8 -132.5 2189.9 0.8658498526 0.1441940367 0.4790741801 0.0256400350 0.9435189366 -0.3303250968 -0.4996464550 0.2982954085 0.8132485747
81.9 -498.6 2074.1 0.8658498526 -0.1436282098 0.4792441130 0.0256400350 0.9693862200 0.2441986948 -0.4996464550 -0.1991515607 0.8430255651
-62.8 353.3 1955.6 0 0 0 0 0 0 0 0 0
21.0 559.4 1943.4 0 0 0 0 0 0 0 0 0
-82.1 -917.3 2154.1 0 0 0 0 0 0 0 0 0
135.5 -860.4 2148.4 0 0 0 0 0 0 0 0 0
15.1 492.9 2060.5 8 0.9786677361 0.0596984960 -0.1965846717 -0.0626696646 0.9979944229 -0.0089224307 0.1956577450 0.0210519917 0.9804462790
-1.2 220.9 2054.7 0.9786677361 0.0596984960 -0.1965846717 -0.0626696646 0.9979944229 -0.0089224307 0.1956577450 0.0210519917 0.9804462790
26.9 37.4 2111.2 0.9670974612 -0.1458785385 -0.2084273994 0.1982641220 0.9455406666 0.2581552863 0.1594172716 -0.2909850180 0.9433524609
-132.9 193.8 2033.0 0.3661966324 -0.9072003365 -0.2070932835 0.6252391338 0.4047102332 -0.6672972441 0.6891850233 0.1148791835 0.7154206634
-178.3 116.3 1947.6 -0.4130224586 -0.9072003365 -0.0800003111 -0.9087241292 0.4047102332 0.1021275520 -0.0602732003 0.1148791835 -0.9915492535
130.5 248.0 2076.4 0.4358302355 0.2441328317 0.8662858605 0.7398354411 0.4509412348 -0.4992950261 -0.5125383139 0.8585168719 0.0159156937
251.5 453.4 1934.1 -0.9072328806 0.2441328317 0.3425312340 0.4189132750 0.4509412348 0.7881394029 0.0379492380 0.8585168719 -0.5113791823
-29.1 -167.6 2153.3 0.8987995386 0.0913089886 -0.4287447929 -0.1515242308 0.9824906588 -0.1084087417 0.4113390446 0.1624029577 0.8968976736
-64.6 -549.0 2090.2 0.9228490591 0.0548606254 -0.3812347353 0.0214089211 0.9809675217 0.1929879040 0.3845663369 -0.1862605363 0.9041104913
141.0 -128.4 2192.7 0.8472986817 0.1566440165 0.5074915290 0.0313683748 0.9390906692 -0.3422349095 -0.5301895738 0.3058943748 0.7907766104
80.2 -492.9 2074.0 0.8472986817 -0.1497054994 0.5095814466 0.0313683748 0.9718834162 0.2333638817 -0.5301895738 -0.1817441583 0.8281714916
-67.7 359.8 1963.8 0 0 0 0 0 0 0 0 0
21.2 559.8 1943.7 0 0 0 0 0 0 0 0 0
-85.1 -914.9 2159.7 0 0 0 0 0 0 0 0 0
136.0 -855.6 2141.8 0 0 0 0 0 0 0 0 0
15.6 495.2 2062.2 9 0.9869256020 0.0566340797 -0.1508988738 -0.0591714792 0.9981711507 -0.0123748155 0.1499220580 0.0211419314 0.9884717464
0.0 221.6 2056.4 0.9869256020 0.0566340797 -0.1508988738 -0.0591714792 0.9981711507 -0.0123748155 0.1499220580 0.0211419314 0.9884717464
25.5 36.8 2109.8 0.9780496955 -0.1320937574 -0.1611520350 0.1702685952 0.9524533153 0.2526683807 0.1201138794 -0.2745613754 0.9540380836
-133.2 198.3 2040.1 0.3135856390 -0.9227335453 -0.2241134942 0.6155033708 0.3772443831 -0.6919842958 0.7230626941 0.0790537298 0.6862440109
-174.9 116.5 1944.0 -0.3816931248 -0.9227335453 -0.0536019541 -0.9228641987 0.3772443831 0.0775135979 -0.0513033643 0.0790537298 -0.9955493212
133.3 244.9 2072.7 0.4250749052 0.2613438368 0.8666087389 0.7482932806 0.4372209311 -0.4988937676 -0.5092822909 0.8605447412 -0.0097102104
250.2 450.6 1932.7 -0.8967239857 0.2613438368 0.3571911454 0.4398877025 0.4372209311 0.7844339609 0.0488355570 0.8605447412 -0.5070284605
-31.3 -163.9 2153.5 0.9149312973 0.0847519264 -0.3946110606 -0.1429364979 0.9823790193 -0.1204186976 0.3774518967 0.1665791571 0.9109234214
-64.2 -545.2 2088.8 0.9365102649 0.0629624352 -0.3449409902 0.0111046899 0.9779270887 0.2086511254 0.3504643142 -0.1992343813 0.9151395559
141.5 -128.3 2182.0 0.8706748486 0.1513264477 0.4680016935 0.0078838998 0.9470797181 -0.3209016621 -0.4917958379 0.2830906808 0.8234054446
82.7 -495.8 2072.1 0.8706748486 -0.1257702559 0.4755072296 0.0078838998 0.9701995254 0.2421791404 -0.4917958379 -0.2071104348 0.8457198739
-70.7 368.6 1958.0 0 0 0 0 0 0 0 0 0
22.6 562.2 1945.1 0 0 0 0 0 0 0 0 0
-87.7 -910.1 2163.1 0 0 0 0 0 0 0 0 0
129.7 -857.7 2149.4 0 0 0 0 0 0 0 0 0
16.6 497.3 2063.1 0 0.9913939834 0.0659423247 -0.1130909100 -0.0677696988 0.9976240993 -0.0123866843 0.1120054126 0.0199442208 0.9935074449
-1.6 220.7 2057.6 0.9913939834 0.0659423247 -0.1130909100 -0.0677696988 0.9976240993 -0.0123866843 0.1120054126 0.0199442208 0.9935074449
23.0 35.2 2109.0 0.9844086766 -0.1273468584 -0.1213358194 0.1544585377 0.9558693171 0.2499126941 0.0841555893 -0.2647575736 0.9606358409
-135.9 199.6 2046.1 0.2821250558 -0.9286785722 -0.2407520413 0.6036465168 0.3668794930 -0.7078208327 0.7456650138 0.0543648452 0.6640995145
-175.6 114.5 1941.1 -0.3695650101 -0.9286785722 -0.0312697887 -0.9277351499 0.3668794930 0.0686070472 -0.0522416532 0.0543648452 -0.9971535802
132.6 241.8 2069.0 0.4418292642 0.2655146420 0.8569065928 0.7451643944 0.4232453406 -0.5153575540 -0.4995166957 0.8662363291 -0.0108498866
251.8 443.0 1934.1 -0.8797190785 0.2655146420 0.3944569528 0.4739676416 0.4232453406 0.7721515894 0.0380654745 0.8662363291 -0.4981823564
-36.4 -163.3 2152.4 0.9293450713 0.0713463947 -0.3622531891 -0.1229378805 0.9849607944 -0.1214021444 0.3481435776 0.1573591232 0.9241396785
-64.1 -545.6 2091.3 0.9451398253 0.0681513399 -0.3194779158 -0.0013187296 0.9787833691 0.2048936933 0.3266634345 -0.1932318807 0.9251769781
138.4 -132.7 2173.8 0.8339991570 0.1464804858 0.5319669843 0.0171891339 0.9567520618 -0.2903963029 -0.5514978766 0.2513343096 0.7954125404
81.5 -503.9 2076.3 0.8339991570 -0.1445594132 0.5324922204 0.0171891339 0.9714080691 0.2367930412 -0.5514978766 -0.1883321255 0.8126383424
-72.1 374.4 1955.8 0 0 0 0 0 0 0 0 0
28.7 563.2 1943.8 0 0 0 0 0 0 0 0 0
-89.5 -910.9 2163.5 0 0 0 0 0 0 0 0 0
135.5 -866.3 2146.6 0 0 0 0 0 0 0 0 0
18.7 496.7 2064.5 1 0.9932142496 0.0773369819 -0.0868589059 -0.0792177618 0.9966872334 -0.0184140708 0.0851470754 0.0251698848 0.9960504174
-2.9 218.0 2057.5 0.9932142496 0.0773369819 -0.0868589059 -0.0792177618 0.9966872334 -0.0184140708 0.0851470754 0.0251698848 0.9960504174
21.3 31.7 2106.2 0.9877324104 -0.1252941489 -0.0931991413 0.1444340795 0.9599032402 0.2402593940 0.0593590625 -0.2507731318 0.9662242532
-137.7 198.2 2049.4 0.2572585940 -0.9333853722 -0.2502194941 0.5961923003 0.3570851088 -0.7190583944 0.7605082393 0.0358050279 0.6483403444
-174.4 113.3 1941.0 -0.3584948480 -0.9333853722 -0.0165293701 -0.9323379397 0.3570851088 0.0568880439 -0.0471960753 0.0358050279 -0.9982437491
131.8 237.8 2065.6 0.4500230849 0.2634620070 0.8532684445 0.7491050959 0.4087643325 -0.5212996006 -0.4861283302 0.8737846017 -0.0134073431
252.7 439.0 1935.0 -0.8701727986 0.2634620070 0.4163977802 0.4916830361 0.4087643325 0.7688689828 0.0323591977 0.8737846017 -0.4852353930
-40.5 -164.2 2152.9 0.9390301704 0.0618109778 -0.3382332623 -0.1097404435 0.9861376882 -0.1244568750 0.3258517683 0.1539866328 0.9327961802
-64.5 -547.0 2093.2 0.9507142901 0.0659181252 -0.3029803634 -0.0095238695 0.9828879833 0.1839579791 0.3099219203 -0.1720059365 0.9350734353
135.6 -136.5 2167.9 0.8196265101 0.1388277858 0.5558229685 0.0192462299 0.9629749656 -0.2689028680 -0.5725748539 0.2310974300 0.7866079211
81.7 -510.1 2078.3 0.8191161156 -0.1519267261 0.5531428456 0.0225420892 0.9720694423 0.2336082757 -0.5731846094 -0.1788833141 0.7996625304
-72.7 377.7 1954.4 0 0 0 0 0 0 0 0 0
32.0 563.7 1943.2 0 0 0 0 0 0 0 0 0
-89.1 -913.8 2157.4 0 0 0 0 0 0 0 0 0
138.4 -872.8 2145.0 0 0 0 0 0 0 0 0 0
20.7 497.9 2071.2 2 0.9905387163 0.0762425289 -0.1141059175 -0.0830288008 0.9949755073 -0.0559462085 0.1092671156 0.0648909658 0.9918920398
-1.1 214.4 2052.8 0.9905387163 0.0762425289 -0.1141059175 -0.0830288008 0.9949755073 -0.0559462085 0.1092671156 0.0648909658 0.9918920398
21.2 28.2 2102.8 0.9860741496 -0.1150668040 -0.1200726256 0.1416978836 0.9592676163 0.2443917394 0.0870604068 -0.2580024004 0.9622136950
-135.6 195.0 2040.9 0.2991679609 -0.9308460951 -0.2098190784 0.6105303764 0.3557211757 -0.7076122761 0.7333152294 0.0835939944 0.6747301817
-175.5 113.7 1943.3 -0.3596694767 -0.9308460951 -0.0645242035 -0.9323177338 0.3557211757 0.0651624277 -0.0377035663 0.0835939944 -0.9957863688
133.5 233.8 2064.6 0.4456636310 0.2594757676 0.8567708135 0.7561991215 0.4031049609 -0.5154311657 -0.4791104496 0.8775982857 -0.0165661220
253.3 437.1 1935.8 -0.8671550751 0.2594757676 0.4251052141 0.4972513020 0.4031049609 0.7682756782 0.0279868972 0.8775982857 -0.4785791636
-42.9 -167.6 2149.6 0.9292641282 0.0566708632 -0.3650432229 -0.1062958315 0.9873911142 -0.1173028201 0.3537928164 0.1478078812 0.9235710502
-64.9 -550.9 2092.2 0.9422253966 0.0642350689 -0.3287631571 0.0025535051 0.9800363779 0.1988017112 0.3349699080 -0.1881555170 0.9232511520
