23.0 487.7 2149.4  0.9991878867 -0.0279037934 -0.0290686898 0.0290979985 0.9987145662 0.0415031277 0.0278732292 -0.0423152633 0.9987154007
28.6 287.1 2157.9 0.9991878867 -0.0279037934 -0.0290686898 0.0290979985 0.9987145662 0.0415031277 0.0278732292 -0.0423152633 0.9987154007
34.3 88.4 2164.2 0.9991747141 -0.0286642667 -0.0287801325 0.0295632463 0.9990723729 0.0313122720 0.0278558917 -0.0321372636 0.9990952015
-112.0 282.9 2153.9 0.1351480931 -0.8728810549 -0.4688428640 0.9185895324 0.2877421081 -0.2709202170 0.3713869750 -0.3940597773 0.8407071829
-143.1 71.3 2068.4 -0.4585042000 -0.8728810549 -0.1668908000 -0.2074738294 0.2877421081 -0.9349647760 0.8641345501 -0.3940597773 -0.3130309582
169.2 291.2 2161.8 0.1857802570 0.8957954645 -0.4037773907 -0.9824157953 0.1615725756 -0.0935601741 -0.0185714271 0.4140589237 0.9100605845
222.2 11.1 2156.5 0.1114354059 0.9336468577 -0.3404199481 -0.9367852211 -0.0156424213 -0.3495551050 -0.3316860199 0.3578532040 0.8728834391
-50.1 -108.8 2167.3 0.9618406296 0.0918015167 0.2577500343 -0.0944948122 0.9955234528 -0.0019461039 -0.2567748427 -0.0224842001 0.9662096500
-86.6 -504.6 2176.2 0.9613830447 -0.0321159586 0.2733334899 -0.0504202172 0.9558051229 0.2896452248 -0.2705557942 -0.2922415435 0.9172755480
133.1 -102.8 2174.9 0.9978485107 0.0024548583 -0.0655153766 -0.0080419043 0.9963355660 -0.0851516128 0.0650662631 0.0854952782 0.9942117333
132.1 -499.0 2140.9 0.9886190891 -0.1374550462 -0.0611428767 0.1483395100 0.9583570957 0.2440226823 0.0250545628 -0.2503153682 0.9678401351
-26.3 124.1 1848.2 0 0 0 0 0 0 0 0 0
253.7 -253.6 2062.7 0 0 0 0 0 0 0 0 0
-74.4 -869.9 2287.9 0 0 0 0 0 0 0 0 0
184.7 -865.3 2236.6 0 0 0 0 0 0 0 0 0
21.5 488.6 2149.6  0.9988707900 -0.0326811410 -0.0344840065 0.0340990685 0.9985620975 0.0413644277 0.0330825858 -0.0424935892 0.9985488653
28.1 288.0 2158.1 0.9988707900 -0.0326811410 -0.0344840065 0.0340990685 0.9985620975 0.0413644277 0.0330825858 -0.0424935892 0.9985488653
34.4 89.4 2164.4 0.9989114404 -0.0317926779 -0.0341338888 0.0328381211 0.9989947081 0.0305169206 0.0331293605 -0.0316045955 0.9989512563
-112.5 283.4 2153.4 0.1213248894 -0.8837987781 -0.4518627524 0.9262806177 0.2644252181 -0.2684837580 0.3567695320 -0.3859779537 0.8507270813
-141.1 64.9 2069.3 -0.4463528991 -0.8837987781 -0.1402453333 -0.2292396426 0.2644252181 -0.9367648959 0.8649961352 -0.3859779537 -0.3206287026
168.6 292.6 2162.8 0.1778125614 0.8943312168 -0.4105536938 -0.9840164185 0.1574712247 -0.0831536800 -0.0097165378 0.4187773466 0.9080369473
219.5 11.2 2160.0 0.1267890781 0.9329262972 -0.3370059729 -0.9255152941 -0.0109642949 -0.3785514534 -0.3568556607 0.3599003851 0.8620474339
-51.6 -112.9 2168.1 0.9638634324 0.0841268823 0.2527645826 -0.0867624730 0.9962287545 -0.0007217951 -0.2518720627 -0.0212347675 0.9675275683
-85.1 -509.0 2176.5 0.9637187123 -0.0181026068 0.2663054466 -0.0619287528 0.9553089142 0.2890495956 -0.2596365213 -0.2950544655 0.9195280075
131.7 -107.5 2173.2 0.9975113869 -0.0020742835 -0.0704747438 -0.0033182364 0.9970782995 -0.0763138905 0.0704271346 0.0763578340 0.9945901036
132.5 -503.9 2142.8 0.9877865314 -0.1403724551 -0.0676267147 0.1525875181 0.9593336582 0.2374782860 0.0315411724 -0.2448968440 0.9690359831
-27.1 123.4 1848.3 0 0 0 0 0 0 0 0 0
255.3 -250.2 2059.2 0 0 0 0 0 0 0 0 0
-78.2 -874.1 2289.3 0 0 0 0 0 0 0 0 0
186.2 -870.7 2236.5 0 0 0 0 0 0 0 0 0
22.9 489.5 2150.7  0.9991101027 -0.0261243135 -0.0331129879 0.0273727421 0.9989093542 0.0378269777 0.0320886709 -0.0386997089 0.9987355471
28.2 288.9 2158.4 0.9991101027 -0.0261243135 -0.0331129879 0.0273727421 0.9989093542 0.0378269777 0.0320886709 -0.0386997089 0.9987355471
33.3 90.2 2164.0 0.9991263151 -0.0258627273 -0.0328282677 0.0267500225 0.9992806315 0.0268832576 0.0321093760 -0.0277379267 0.9990993738
-112.4 285.1 2153.9 0.1128142029 -0.8840037584 -0.4536632597 0.9283677340 0.2565035820 -0.2689595222 0.3541274667 -0.3908238709 0.8496178389
-139.1 65.4 2070.1 -0.4458923340 -0.8840037584 -0.1404186785 -0.2115298063 0.2565035820 -0.9431124330 0.8697327971 -0.3908238709 -0.3013661206
168.8 292.6 2163.0 0.1800768375 0.8939241171 -0.4104534388 -0.9836263061 0.1605984122 -0.0817766935 -0.0071839863 0.4184588790 0.9082073569
220.3 11.2 2160.9 0.1236888990 0.9364917874 -0.3281525970 -0.9156707525 -0.0197298136 -0.4014446735 -0.3824240267 0.3501339853 0.8550778031
-50.9 -112.2 2167.6 0.9638594985 0.0796451345 0.2542272210 -0.0819746777 0.9966333508 -0.0014354268 -0.2534856498 -0.0194566436 0.9671434760
-82.6 -508.5 2175.4 0.9637548327 -0.0152999870 0.2663503289 -0.0611072928 0.9591539502 0.2762057483 -0.2596969008 -0.2824705839 0.9234543443
132.3 -106.2 2173.7 0.9975572824 0.0008657968 -0.0698476359 -0.0074966773 0.9954749942 -0.0947274193 0.0694495589 0.0950196534 0.9930498600
132.0 -502.0 2135.9 0.9883025885 -0.1382504255 -0.0643803403 0.1510240585 0.9459205866 0.2870993018 0.0212070886 -0.2934639752 0.9557349086
-24.5 119.8 1846.5 0 0 0 0 0 0 0 0 0
255.4 -248.8 2052.3 0 0 0 0 0 0 0 0 0
-76.8 -875.1 2283.3 0 0 0 0 0 0 0 0 0
184.8 -863.1 2248.0 0 0 0 0 0 0 0 0 0
23.3 489.1 2150.2  0.9993835092 -0.0230965298 -0.0264419466 0.0241539534 0.9988917708 0.0403952748 0.0254796520 -0.0410090499 0.9988338351
28.0 288.5 2158.5 0.9993835092 -0.0230965298 -0.0264419466 0.0241539534 0.9988917708 0.0403952748 0.0254796520 -0.0410090499 0.9988338351
32.4 89.9 2164.5 0.9994111657 -0.0221602693 -0.0261958018 0.0229317751 0.9993008971 0.0295274481 0.0255231522 -0.0301107783 0.9992206693
-112.7 285.3 2154.9 0.0787241906 -0.8860889077 -0.4567810595 0.9269610643 0.2336592078 -0.2935073078 0.3668046594 -0.4003121555 0.8397645354
-131.5 63.5 2067.1 -0.4460902810 -0.8860889077 -0.1258964092 -0.1953112930 0.2336592078 -0.9525003433 0.8734168410 -0.4003121555 -0.2772962749
168.6 291.8 2162.1 0.1942134947 0.8935442567 -0.4047960341 -0.9809566736 0.1778560877 -0.0780460835 0.0022578079 0.4122449756 0.9110702276
223.1 16.7 2162.7 0.1126369908 0.9464511871 -0.3025608063 -0.8974339366 -0.0338079445 -0.4398515224 -0.4265269637 0.3210718930 0.8455693722
-53.2 -110.9 2166.5 0.9622535110 0.0822865367 0.2594169378 -0.0816058889 0.9965744615 -0.0134112788 -0.2596318424 -0.0082648993 0.9656723142
-85.9 -507.1 2169.8 0.9619719982 -0.0260243472 0.2719055414 -0.0675364360 0.9418821335 0.3290849626 -0.2646672130 -0.3349340558 0.9043065906
130.1 -106.0 2172.4 0.9979559779 -0.0048007253 -0.0637250170 -0.0008148136 0.9961374402 -0.0878042951 0.0639003962 0.0876767412 0.9940973520
132.0 -502.0 2137.6 0.9885587096 -0.1379618645 -0.0609772950 0.1497483253 0.9461308122 0.2870748639 0.0180871133 -0.2929216027 0.9559653997
-17.8 113.3 1844.5 0 0 0 0 0 0 0 0 0
254.9 -236.8 2042.2 0 0 0 0 0 0 0 0 0
-76.0 -866.6 2297.7 0 0 0 0 0 0 0 0 0
184.7 -863.5 2249.5 0 0 0 0 0 0 0 0 0
23.6 491.7 2149.5  0.9995931983 -0.0221720431 -0.0179403648 0.0229623169 0.9987179041 0.0451139063 0.0169170965 -0.0455075055 0.9988207221
28.0 290.9 2158.7 0.9995931983 -0.0221720431 -0.0179403648 0.0229623169 0.9987179041 0.0451139063 0.0169170965 -0.0455075055 0.9988207221
32.3 92.2 2165.0 0.9996082783 -0.0217273124 -0.0176425278 0.0222765952 0.9992536306 0.0315585770 0.0169436764 -0.0319392309 0.9993461967
-112.7 287.8 2156.3 0.0853400901 -0.8801996708 -0.4668678641 0.9348586202 0.2328062207 -0.2680309713 0.3446105123 -0.4135816693 0.8427299857
-133.3 61.9 2073.0 -0.4550033212 -0.8801996708 -0.1349833608 -0.1660867631 0.2328062207 -0.9582360983 0.8748641014 -0.4135816693 -0.2521171272
168.7 294.0 2161.0 0.1892512739 0.8976808190 -0.3979360163 -0.9819123149 0.1753533483 -0.0714105219 0.0056755599 0.4042527974 0.9146296978
222.0 17.7 2162.6 0.1161414981 0.9537301660 -0.2773263454 -0.8720541596 -0.0357355997 -0.4881029427 -0.4754289091 0.2985326052 0.8275539875
-54.9 -110.9 2168.1 0.9595473409 0.0858292580 0.2681458890 -0.0875050873 0.9961476326 -0.0057183052 -0.2676036954 -0.0179771446 0.9633613229
-89.0 -506.9 2175.2 0.9585692286 -0.0433214717 0.2815462649 -0.0452968329 0.9526113868 0.3007984459 -0.2812352180 -0.3010892868 0.9111816287
128.5 -106.7 2172.8 0.9983763695 -0.0135336453 -0.0553306453 0.0089900075 0.9966281056 -0.0815569907 0.0562478416 0.0809271485 0.9951316118
133.9 -502.9 2140.6 0.9904207587 -0.1259370446 -0.0566266514 0.1364947557 0.9549279809 0.2635939121 0.0208781343 -0.2687981427 0.9629702568
-18.0 104.0 1851.4 0 0 0 0 0 0 0 0 0
254.8 -228.7 2028.3 0 0 0 0 0 0 0 0 0
-72.5 -870.5 2290.2 0 0 0 0 0 0 0 0 0
182.0 -867.7 2243.3 0 0 0 0 0 0 0 0 0
25.8 493.2 2150.1  0.9993436337 -0.0167407300 -0.0321252644 0.0181604382 0.9988477826 0.0444223285 0.0313445851 -0.0449765809 0.9984961748
29.2 292.3 2159.2 0.9993436337 -0.0167407300 -0.0321252644 0.0181604382 0.9988477826 0.0444223285 0.0313445851 -0.0449765809 0.9984961748
32.7 93.7 2165.6 0.9993331432 -0.0177581590 -0.0319055766 0.0187699683 0.9993212223 0.0316981003 0.0313210227 -0.0322758257 0.9989880919
-111.5 289.7 2154.8 0.0732842088 -0.8748060465 -0.4788985848 0.9345641136 0.2278742939 -0.2732457817 0.3481657207 -0.4275368154 0.8342618942
-129.3 62.0 2070.0 -0.4645489156 -0.8748060465 -0.1375089884 -0.1440717578 0.2278742939 -0.9629728198 0.8737491965 -0.4275368154 -0.2318935990
169.8 295.0 2163.6 0.1815824062 0.9805649519 0.0742980838 -0.9833643436 0.1814246029 0.0089243343 -0.0047286116 -0.0746825933 0.9971961379
221.2 16.8 2162.3 0.1155377775 0.9805649519 0.1585666984 -0.8416259289 0.1814246029 -0.5086756349 -0.5275574327 -0.0746825933 0.8462302685
-55.1 -108.5 2169.8 0.9645022750 0.0750698298 0.2531794310 -0.0725201219 0.9971781969 -0.0194019433 -0.2539215088 0.0003526155 0.9672247767
-84.9 -504.8 2169.7 0.9642328024 -0.0255348198 0.2638240457 -0.0586975142 0.9500643611 0.3064837754 -0.2584758103 -0.3110075295 0.9145843983
128.4 -104.4 2172.9 0.9974526167 -0.0143172694 -0.0698805749 0.0083584515 0.9963603616 -0.0848304406 0.0708407760 0.0840302557 0.9939419031
134.1 -500.5 2139.5 0.9896352291 -0.1251450032 -0.0704328790 0.1397768855 0.9519191980 0.2726028264 0.0329315253 -0.2796222568 0.9595451355
-11.6 98.5 1848.6 0 0 0 0 0 0 0 0 0
254.0 -222.2 2012.4 0 0 0 0 0 0 0 0 0
-75.1 -867.7 2288.4 0 0 0 0 0 0 0 0 0
181.9 -864.3 2246.4 0 0 0 0 0 0 0 0 0
26.5 490.3 2149.5  0.9994845390 -0.0180604681 -0.0265410803 0.0192301162 0.9988244772 0.0444957688 0.0257062651 -0.0449832231 0.9986569285
30.1 289.9 2158.5 0.9994845390 -0.0180604681 -0.0265410803 0.0192301162 0.9988244772 0.0444957688 0.0257062651 -0.0449832231 0.9986569285
33.8 91.3 2165.5 0.9994751215 -0.0188317988 -0.0263598561 0.0197413433 0.9992034435 0.0346809402 0.0256857537 -0.0351831131 0.9990507364
-110.6 287.1 2154.9 0.0569834411 -0.8731924295 -0.4840329289 0.9325200915 0.2197165042 -0.2865850031 0.3565938771 -0.4350398183 0.8267896771
-124.4 61.7 2068.7 -0.4683424532 -0.8731924295 -0.1348715276 -0.1312617362 0.2197165042 -0.9666928053 0.8737423420 -0.4350398183 -0.2175193131
170.7 292.7 2162.1 0.1916868687 0.9778754115 0.0837605149 -0.9814497232 0.1906774193 0.0199647043 0.0035517549 -0.0860337019 0.9962859154
223.5 22.5 2163.1 0.1081407741 0.9778754115 0.1790677309 -0.8128408790 0.1906774193 -0.5503924489 -0.5723594427 -0.0860337019 0.8154770732
-55.5 -106.7 2169.1 0.9628481865 0.0777654573 0.2586038113 -0.0762043297 0.9969627261 -0.0160711501 -0.2590681314 -0.0042326520 0.9658497572
-86.4 -503.1 2170.8 0.9625160694 -0.0267557818 0.2699017227 -0.0584168136 0.9513162374 0.3026298881 -0.2648590207 -0.3070529401 0.9140942097
127.9 -103.3 2174.9 0.9978815317 -0.0109426472 -0.0641307607 0.0050210441 0.9957666397 -0.0917799324 0.0648635849 0.0912634954 0.9937120676
132.2 -499.2 2138.6 0.9884096980 -0.1377310008 -0.0638468564 0.1499008089 0.9519560933 0.2670380771 0.0239999853 -0.2735137045 0.9615686536
-5.4 95.0 1846.8 0 0 0 0 0 0 0 0 0
254.2 -208.0 2000.8 0 0 0 0 0 0 0 0 0
-76.2 -866.6 2288.2 0 0 0 0 0 0 0 0 0
184.9 -863.0 2243.1 0 0 0 0 0 0 0 0 0
26.7 486.5 2143.6  0.9995948076 -0.0175105091 -0.0224408377 0.0187903065 0.9981310964 0.0581489317 0.0213806797 -0.0585470386 0.9980556369
30.2 286.1 2155.4 0.9995948076 -0.0175105091 -0.0224408377 0.0187903065 0.9981310964 0.0581489317 0.0213806797 -0.0585470386 0.9980556369
34.1 87.6 2164.7 0.9995650649 -0.0193802770 -0.0222286023 0.0204012096 0.9987024069 0.0466609187 0.0212954562 -0.0470941141 0.9986634254
-110.4 283.2 2152.4 0.0483856127 -0.8656482100 -0.4983091354 0.9300014973 0.2210329473 -0.2936692834 0.3643570244 -0.4492188692 0.8157489300
-122.0 60.8 2065.2 -0.4809066653 -0.8656482100 -0.1392190456 -0.1175940111 0.2210329473 -0.9681508541 0.8688500524 -0.4492188692 -0.2080912590
170.9 289.0 2158.4 0.1988768876 0.9748964310 0.1001243442 -0.9799339771 0.1964296401 0.0338345021 0.0133177480 -0.1048441455 0.9943994880
224.4 25.6 2161.9 0.0935363695 0.9748964310 0.2020590156 -0.7886089087 0.1964296401 -0.5826759934 -0.6077391505 -0.1048441455 0.7871853709
-54.1 -109.2 2170.1 0.9617010355 0.0814494640 0.2617194355 -0.0801560357 0.9966597557 -0.0156322308 -0.2621184587 -0.0059448592 0.9650173783
-86.5 -505.5 2172.5 0.9610724449 -0.0350204445 0.2740681469 -0.0496185422 0.9539322853 0.2958904505 -0.2718046606 -0.2979710102 0.9150604010
129.3 -105.6 2174.8 0.9981798530 -0.0075664162 -0.0598310269 0.0018608293 0.9954900146 -0.0948479399 0.0602788478 0.0945639685 0.9936921597
132.3 -501.4 2137.2 0.9888621569 -0.1368820071 -0.0584373325 0.1477908343 0.9494848847 0.2768326700 0.0175919514 -0.2823858559 0.9591395855
0.3 90.7 1844.2 0 0 0 0 0 0 0 0 0
250.8 -197.3 1990.2 0 0 0 0 0 0 0 0 0
-73.1 -870.0 2286.4 0 0 0 0 0 0 0 0 0
184.6 -864.3 2245.2 0 0 0 0 0 0 0 0 0
26.9 490.3 2140.7  0.9996548891 -0.0170797743 -0.0199580677 0.0184177253 0.9974536300 0.0688988119 0.0187304709 -0.0692426190 0.9974240065
30.4 289.4 2154.6 0.9996548891 -0.0170797743 -0.0199580677 0.0184177253 0.9974536300 0.0688988119 0.0187304709 -0.0692426190 0.9974240065
33.8 91.0 2165.6 0.9996543527 -0.0173970927 -0.0197115988 0.0184513945 0.9983360767 0.0546313636 0.0187283736 -0.0549761876 0.9983119965
-110.3 286.8 2152.0 0.0450114533 -0.8712271452 -0.4888120294 0.9419105649 0.2000357360 -0.2697965503 0.3328339458 -0.4482733011 0.8296219707
-121.2 59.2 2071.6 -0.4718180597 -0.8712271452 -0.1354656816 -0.0892301425 0.2000357360 -0.9757170081 0.8771691322 -0.4482733011 -0.1721201986
171.1 292.0 2157.3 0.2127703726 0.9694786072 0.1218194738 -0.9770514965 0.2098289430 0.0366356522 0.0099562276 -0.1268188804 0.9918759465
228.3 29.2 2160.0 0.0790536106 0.9694786072 0.2320813239 -0.7571590543 0.2098289430 -0.6186130047 -0.6484294534 -0.1268188804 0.7506372333
-53.8 -112.8 2172.1 0.9611742496 0.0817014650 0.2635696828 -0.0808779746 0.9966257811 -0.0139923561 -0.2638235390 -0.0078678904 0.9645388722
-86.2 -509.1 2175.3 0.9605047703 -0.0358856544 0.2759399116 -0.0462916940 0.9572241902 0.2856201828 -0.2743860483 -0.2871132493 0.9177572131
129.7 -109.1 2176.0 0.9983271956 -0.0055087311 -0.0575539432 -0.0002527349 0.9950253367 -0.0996220037 0.0578164198 0.0994699001 0.9933594465
131.9 -504.7 2136.5 0.9877428412 -0.1459877938 -0.0552413985 0.1557901949 0.9439625740 0.2909709811 0.0096676014 -0.2960105836 0.9551357627
-1.9 81.8 1849.7 0 0 0 0 0 0 0 0 0
250.4 -182.4 1978.7 0 0 0 0 0 0 0 0 0
-72.5 -875.0 2285.0 0 0 0 0 0 0 0 0 0
187.7 -865.5 2249.6 0 0 0 0 0 0 0 0 0
26.5 487.8 2138.7  0.9996400476 -0.0175609272 -0.0202821903 0.0189973880 0.9971546531 0.0729501918 0.0189434066 -0.0733092427 0.9971293211
30.0 287.3 2153.5 0.9996400476 -0.0175609272 -0.0202821903 0.0189973880 0.9971546531 0.0729501918 0.0189434066 -0.0733092427 0.9971293211
33.7 88.9 2165.1 0.9996283650 -0.0185120553 -0.0200101975 0.0196434185 0.9981287718 0.0579056405 0.0189008005 -0.0582771897 0.9981215000
-110.7 284.6 2150.8 0.0327642672 -0.8824269176 -0.4693071544 0.9508126378 0.1722350419 -0.2574692667 0.3080289364 -0.4377873838 0.8446658254
-118.4 60.7 2078.3 -0.4526512325 -0.8824269176 -0.1281777769 -0.0572987683 0.1722350419 -0.9833880067 0.8898447752 -0.4377873838 -0.1285243779
170.7 290.1 2156.1 0.2224995047 0.9659982920 0.1316864192 -0.9749237895 0.2198779285 0.0343114622 0.0041898768 -0.1360185146 0.9906974435
229.9 30.6 2157.3 0.0685996860 0.9659982920 0.2492818087 -0.7251991034 0.2198779285 -0.6524875164 -0.6851133704 -0.1360185146 0.7156246305
-54.4 -109.2 2174.8 0.9619689584 0.0773342103 0.2619830370 -0.0725640729 0.9969748855 -0.0278486852 -0.2633441389 0.0077790166 0.9646705985
-85.2 -505.5 2171.7 0.9616021514 -0.0315406621 0.2726288438 -0.0582558885 0.9472792745 0.3150686324 -0.2681931257 -0.3188529313 0.9090683460
129.0 -105.8 2178.2 0.9982908368 -0.0093324138 -0.0576918498 0.0038415883 0.9955114722 -0.0945627987 0.0583154000 0.0941795409 0.9938458204
132.7 -501.6 2140.8 0.9878034592 -0.1447489560 -0.0573764108 0.1546618491 0.9547355771 0.2540858984 0.0180006344 -0.2598608732 0.9654783010
-3.3 75.3 1852.0 0 0 0 0 0 0 0 0 0
248.9 -170.4 1967.3 0 0 0 0 0 0 0 0 0
-73.1 -867.5 2293.5 0 0 0 0 0 0 0 0 0
188.0 -866.3 2240.0 0 0 0 0 0 0 0 0 0
26.8 486.8 2137.8  0.9995647669 -0.0181373209 -0.0232662763 0.0198648237 0.9968866706 0.0763046294 0.0218098778 -0.0767336041 0.9968130589
30.5 286.5 2153.2 0.9995647669 -0.0181373209 -0.0232662763 0.0198648237 0.9968866706 0.0763046294 0.0218098778 -0.0767336041 0.9968130589
34.1 88.2 2165.9 0.9995648265 -0.0184308849 -0.0230317414 0.0198614579 0.9977834225 0.0635115877 0.0218101162 -0.0639413968 0.9977152944
-110.2 283.7 2150.1 0.0402940325 -0.8821550012 -0.4692323506 0.9563204050 0.1701260656 -0.2377149761 0.2895300984 -0.4391579628 0.8504778743
-119.7 59.8 2082.3 -0.4532083571 -0.8821550012 -0.1280811280 -0.0530586988 0.1701260656 -0.9839928150 0.8898240924 -0.4391579628 -0.1239085570
171.1 289.3 2156.2 0.2073619068 0.9695501328 0.1302827746 -0.9779986143 0.2085625827 0.0045115463 -0.0227979422 -0.1283518970 0.9914666414
226.4 28.6 2150.2 0.0547304675 0.9695501328 0.2386988401 -0.6953946948 0.2085625827 -0.6876975298 -0.7165408731 -0.1283518970 0.6856347322
-54.3 -111.3 2174.9 0.9626895785 0.0787048787 0.2589099705 -0.0749286562 0.9968894124 -0.0244371537 -0.2600279152 0.0041256156 0.9655922651
-85.6 -507.7 2173.3 0.9622996449 -0.0301515888 0.2703152001 -0.0576309860 0.9486681223 0.3109782040 -0.2658158839 -0.3148327172 0.9111653566
129.1 -107.7 2178.4 0.9980466366 -0.0152571648 -0.0605812743 0.0093066366 0.9952098727 -0.0973175764 0.0617758706 0.0965636745 0.9934078455
135.2 -503.4 2140.0 0.9897660613 -0.1284832358 -0.0620906800 0.1402456909 0.9561821222 0.2569958568 0.0263503436 -0.2630737126 0.9644158483
-4.3 73.3 1855.9 0 0 0 0 0 0 0 0 0
241.5 -163.2 1952.5 0 0 0 0 0 0 0 0 0
-74.1 -870.3 2293.6 0 0 0 0 0 0 0 0 0
184.3 -868.8 2240.5 0 0 0 0 0 0 0 0 0
26.9 486.9 2137.3  0.9997525215 -0.0164205022 -0.0150089078 0.0175694078 0.9966457486 0.0799282342 0.0136461025 -0.0801721513 0.9966875911
30.2 286.9 2153.4 0.9997525215 -0.0164205022 -0.0150089078 0.0175694078 0.9966457486 0.0799282342 0.0136461025 -0.0801721513 0.9966875911
33.7 88.5 2166.3 0.9997400641 -0.0173856858 -0.0147491852 0.0183040872 0.9977429509 0.0646059364 0.0135926772 -0.0648591146 0.9978018403
-110.5 284.3 2151.4 0.0544118322 -0.8752993941 -0.4805104434 0.9560728073 0.1844845712 -0.2277943492 0.2880350351 -0.4470082521 0.8468881249
-123.4 58.2 2083.3 -0.4650433064 -0.8752993941 -0.1326109320 -0.0676356480 0.1844845712 -0.9805054069 0.8827005029 -0.4470082521 -0.1449947655
170.9 289.5 2155.3 0.2016710788 0.9695860147 0.1386784911 -0.9784204960 0.2059293687 -0.0169248860 -0.0449681059 -0.1322726160 0.9901928306
225.7 23.5 2143.1 0.0318952687 0.9695860147 0.2426636368 -0.6421414018 0.2059293687 -0.7384088039 -0.7659224272 -0.1322726160 0.6291794777
-53.9 -112.0 2176.6 0.9604167938 0.0787217841 0.2672124803 -0.0765886456 0.9968927503 -0.0184129030 -0.2678316534 -0.0027813790 0.9634616971
-85.2 -508.4 2177.7 0.9600079060 -0.0284752119 0.2785209715 -0.0532530658 0.9580810666 0.2815045714 -0.2748615742 -0.2850787044 0.9182490110
129.5 -108.4 2180.6 0.9985591173 -0.0112865893 -0.0524623096 0.0056532179 0.9943167567 -0.1063119993 0.0533640534 0.1058622301 0.9929478765
134.0 -503.7 2138.5 0.9895828962 -0.1339401901 -0.0527803972 0.1434515268 0.9483172297 0.2830477953 0.0121410834 -0.2876707017 0.9576524496
-5.0 75.5 1858.6 0 0 0 0 0 0 0 0 0
234.4 -152.0 1933.6 0 0 0 0 0 0 0 0 0
-74.4 -874.4 2286.6 0 0 0 0 0 0 0 0 0
185.2 -866.0 2248.4 0 0 0 0 0 0 0 0 0
26.4 485.3 2138.0  0.9998912811 -0.0116941147 -0.0089833112 0.0123435818 0.9970303774 0.0760133415 0.0080677252 -0.0761159584 0.9970663190
28.7 285.0 2153.3 0.9998912811 -0.0116941147 -0.0089833112 0.0123435818 0.9970303774 0.0760133415 0.0080677252 -0.0761159584 0.9970663190
31.8 86.6 2165.9 0.9998452663 -0.0152252037 -0.0088089816 0.0157512091 0.9978832603 0.0630942807 0.0078297118 -0.0632232726 0.9979686737
-112.0 282.8 2152.2 0.0439474806 -0.8783725500 -0.4759519994 0.9537017345 0.1787683517 -0.2418572307 0.2975259125 -0.4432871938 0.8455618024
-122.2 60.6 2082.9 -0.4636218548 -0.8783725500 -0.1162603125 -0.0930729881 0.1787683517 -0.9794790745 0.8811312318 -0.4432871938 -0.1646336764
169.4 287.2 2154.4 0.2175993621 0.9583575726 0.1849358380 -0.9737687111 0.2260743678 -0.0257854108 -0.0665208995 -0.1744738519 0.9824122787
229.0 20.9 2136.2 -0.0031279407 0.9583575726 0.2855537832 -0.6026182175 0.2260743678 -0.7653375864 -0.7980234623 -0.1744738519 0.5768166184
-54.6 -111.5 2177.9 0.9587693214 0.0794549882 0.2728521824 -0.0771570802 0.9968348145 -0.0191593263 -0.2735108733 -0.0026831045 0.9618651867
-86.2 -507.9 2179.0 0.9583153725 -0.0296487641 0.2841700613 -0.0504163578 0.9614459872 0.2703326643 -0.2812291980 -0.2733907700 0.9198737144
128.8 -108.1 2180.4 0.9987723827 -0.0155385518 -0.0470346250 0.0106014553 0.9945778847 -0.1034527048 0.0483871028 0.1028270647 0.9935216308
135.0 -503.6 2139.5 0.9912655354 -0.1222756356 -0.0494101495 0.1312961876 0.9502421618 0.2824910283 0.0124098351 -0.2865110040 0.9579966068
-3.9 84.4 1858.0 0 0 0 0 0 0 0 0 0
228.1 -140.8 1922.2 0 0 0 0 0 0 0 0 0
-74.9 -875.3 2283.5 0 0 0 0 0 0 0 0 0
181.7 -866.8 2249.0 0 0 0 0 0 0 0 0 0
27.7 484.6 2138.4  0.9995887876 -0.0168866999 -0.0231756177 0.0185957775 0.9969627261 0.0756277889 0.0218281224 -0.0760276616 0.9968667626
31.1 284.3 2153.7 0.9995887876 -0.0168866999 -0.0231756177 0.0185957775 0.9969627261 0.0756277889 0.0218281224 -0.0760276616 0.9968667626
35.0 86.0 2166.2 0.9995392561 -0.0198803600 -0.0229367670 0.0212840028 0.9978073835 0.0626691431 0.0216405913 -0.0631284490 0.9977707863
-109.6 281.3 2150.6 0.0554096922 -0.8659391403 -0.4970705807 0.9537525773 0.1932109594 -0.2302727252 0.2954416573 -0.4613230228 0.8365974426
-122.5 59.4 2081.9 -0.4870930314 -0.8659391403 -0.1135331318 -0.1164087057 0.1932109594 -0.9742271304 0.8655572534 -0.4613230228 -0.1949145794
171.7 287.3 2156.7 0.2001228780 0.9663502574 0.1616107374 -0.9757450223 0.2115081102 -0.0564443432 -0.0887269899 -0.1463950723 0.9852390885
227.0 17.7 2132.2 -0.0072157620 0.9663502574 0.2571286261 -0.5466081500 0.2115081102 -0.8102369308 -0.8373574615 -0.1463950723 0.5266886950
-57.0 -113.2 2177.7 0.9632890821 0.0708968341 0.2589358389 -0.0659345612 0.9974363446 -0.0278101005 -0.2602436841 0.0097163441 0.9654940963
-85.1 -509.8 2173.9 0.9628716707 -0.0317618325 0.2680845857 -0.0486132130 0.9564208388 0.2879164517 -0.2655464411 -0.2902590334 0.9193664789
126.5 -110.3 2179.2 0.9980576038 -0.0160501450 -0.0601943620 0.0097813532 0.9946305156 -0.1030264348 0.0615247376 0.1022375375 0.9928555489
132.9 -505.8 2138.5 0.9891134501 -0.1336025894 -0.0616839267 0.1459131986 0.9447822571 0.2934209108 0.0190760847 -0.2992270589 0.9539912343
1.7 89.1 1861.2 0 0 0 0 0 0 0 0 0
225.1 -125.9 1912.2 0 0 0 0 0 0 0 0 0
-73.0 -875.3 2284.8 0 0 0 0 0 0 0 0 0
184.0 -866.9 2252.9 0 0 0 0 0 0 0 0 0
26.9 485.6 2138.1  0.9993241429 -0.0215328820 -0.0297925901 0.0238051154 0.9966578484 0.0781439543 0.0280103534 -0.0788003504 0.9964967966
31.2 285.3 2153.9 0.9993241429 -0.0215328820 -0.0297925901 0.0238051154 0.9966578484 0.0781439543 0.0280103534 -0.0788003504 0.9964967966
35.8 87.0 2166.8 0.9992981553 -0.0231132731 -0.0294790622 0.0249667466 0.9976286292 0.0641390756 0.0279266909 -0.0648300499 0.9975054860
-109.4 281.8 2150.0 0.0648960993 -0.8632438779 -0.5005981326 0.9548569918 0.1994508952 -0.2201531678 0.2898906171 -0.4637125731 0.8372180462
-124.5 59.9 2082.6 -0.4957265854 -0.8632438779 -0.0952111334 -0.1616930366 0.1994508952 -0.9664754272 0.8532938957 -0.4637125731 -0.2384536415
171.8 288.8 2157.9 0.2033091038 0.9536851048 0.2216984034 -0.9696784019 0.2274803817 -0.0893114060 -0.1356069893 -0.1968183219 0.9710166454
229.5 13.9 2119.4 -0.0594059080 0.9536851048 0.2948825359 -0.4989844263 0.2274803817 -0.8362219930 -0.8645724058 -0.1968183219 0.4623603225
-52.7 -114.4 2176.8 0.9641183615 0.0794192404 0.2533147633 -0.0768633410 0.9968413115 -0.0199870728 -0.2541019619 -0.0002007142 0.9671773911
-84.3 -510.7 2176.9 0.9636139274 -0.0316972695 0.2654118538 -0.0511765592 0.9526973367 0.2995809913 -0.2623530626 -0.3022632897 0.9164102674
130.7 -110.4 2180.8 0.9977695942 -0.0091931354 -0.0661156997 0.0024923552 0.9949110746 -0.1007257998 0.0667052269 0.1003363580 0.9927150011
134.3 -506.0 2140.9 0.9897348881 -0.1273479164 -0.0648642778 0.1403246373 0.9519660473 0.2721573412 0.0270899180 -0.2784656584 0.9600640535
2.8 101.5 1863.5 0 0 0 0 0 0 0 0 0
214.1 -115.3 1895.6 0 0 0 0 0 0 0 0 0
-72.2 -874.8 2292.4 0 0 0 0 0 0 0 0 0
183.0 -869.8 2247.3 0 0 0 0 0 0 0 0 0
25.8 488.4 2136.9  0.9992688894 -0.0232791007 -0.0303267557 0.0256438944 0.9964587688 0.0800772384 0.0283552334 -0.0807963908 0.9963272214
30.5 287.7 2153.2 0.9992688894 -0.0232791007 -0.0303267557 0.0256438944 0.9964587688 0.0800772384 0.0283552334 -0.0807963908 0.9963272214
35.5 89.4 2166.6 0.9992412329 -0.0248413198 -0.0299974065 0.0267905816 0.9974313378 0.0664305240 0.0282701310 -0.0671837702 0.9973400235
-110.1 284.0 2149.2 0.0569402836 -0.8651972413 -0.4981882870 0.9514580369 0.1982005686 -0.2354657650 0.3024655282 -0.4605977833 0.8344844580
-123.4 62.6 2078.8 -0.4947227538 -0.8651972413 -0.0817506686 -0.1876524240 0.1982005686 -0.9620307088 0.8485493064 -0.4605977833 -0.2604106963
171.2 291.5 2157.2 0.1992555410 0.9601153135 0.1961524189 -0.9690107703 0.2228660434 -0.1065311357 -0.1459978819 -0.1688468903 0.9747693539
228.5 12.8 2115.2 -0.0565333292 0.9601153135 0.2738293707 -0.4366722107 0.2228660434 -0.8715779185 -0.8978425860 -0.1688468903 0.4066563249
-51.3 -113.6 2177.2 0.9639443159 0.0832523927 0.2527457476 -0.0808549151 0.9965276718 -0.0198764242 -0.2535229027 -0.0012759699 0.9673285484
-84.4 -509.8 2177.7 0.9635451436 -0.0277887154 0.2660987973 -0.0516412668 0.9565711617 0.2868880928 -0.2625146806 -0.2901712954 0.9202644229
132.1 -109.0 2182.3 0.9977936149 -0.0028256550 -0.0663320124 -0.0038277016 0.9949837923 -0.0999628454 0.0662817433 0.0999961942 0.9927776456
133.2 -504.7 2142.5 0.9887364507 -0.1356682330 -0.0632006004 0.1473193765 0.9566977620 0.2510506511 0.0264042709 -0.2575336099 0.9659085274
3.0 110.5 1862.1 0 0 0 0 0 0 0 0 0
214.0 -99.2 1884.9 0 0 0 0 0 0 0 0 0
-73.8 -875.5 2288.6 0 0 0 0 0 0 0 0 0
185.1 -870.3 2240.9 0 0 0 0 0 0 0 0 0
25.1 485.1 2137.4  0.9991648197 -0.0270749927 -0.0306031182 0.0293956976 0.9965107441 0.0781171396 0.0283813160 -0.0789515004 0.9964743853
30.6 284.7 2153.2 0.9991648197 -0.0270749927 -0.0306031182 0.0293956976 0.9965107441 0.0781171396 0.0283813160 -0.0789515004 0.9964743853
36.0 86.4 2166.5 0.9991645217 -0.0274610296 -0.0302684233 0.0294081308 0.9973940849 0.0658802390 0.0283804070 -0.0667153373 0.9973683357
-110.0 280.6 2149.2 0.0481504425 -0.8678960204 -0.4944067895 0.9477413893 0.1959886402 -0.2517432868 0.3153851032 -0.4564482272 0.8319779038
-121.0 64.2 2077.2 -0.4930990338 -0.8678960204 -0.0600823686 -0.2287702113 0.1959886402 -0.9535474181 0.8393554091 -0.4564482272 -0.2951905429
171.2 288.8 2157.2 0.2103415579 0.9515191913 0.2244273722 -0.9640007019 0.2400662899 -0.1143277436 -0.1626624912 -0.1923002601 0.9677610993
230.7 16.2 2111.2 -0.0777477473 0.9515191913 0.2976012528 -0.4171710610 0.2400662899 -0.8765480518 -0.9054962993 -0.1923002601 0.3782816529
-51.3 -111.3 2177.3 0.9631080627 0.0909192041 0.2532914579 -0.0906279013 0.9958019853 -0.0128431628 -0.2533958256 -0.0105859190 0.9673047662
-87.4 -507.2 2181.5 0.9623956084 -0.0405984297 0.2686010003 -0.0334692113 0.9635151029 0.2655530870 -0.2695821524 -0.2645570040 0.9259238839
132.1 -106.4 2182.5 0.9978092909 0.0000569600 -0.0661556423 -0.0069397273 0.9945725203 -0.1038138792 0.0657906681 0.1040455550 0.9923941493
132.1 -501.8 2141.1 0.9874599576 -0.1451845020 -0.0620026141 0.1561616659 0.9559070468 0.2487071902 0.0231603049 -0.2552708089 0.9665921330
4.2 122.3 1864.0 0 0 0 0 0 0 0 0 0
210.8 -90.7 1879.3 0 0 0 0 0 0 0 0 0
-71.9 -875.4 2282.6 0 0 0 0 0 0 0 0 0
187.6 -867.2 2238.7 0 0 0 0 0 0 0 0 0
24.0 490.2 2137.1  0.9990270138 -0.0291085374 -0.0331314877 0.0317316353 0.9961586595 0.0816154256 0.0306285117 -0.0825873315 0.9961130619
29.9 289.4 2153.7 0.9990270138 -0.0291085374 -0.0331314877 0.0317316353 0.9961586595 0.0816154256 0.0306285117 -0.0825873315 0.9961130619
35.7 91.1 2167.4 0.9990336895 -0.0293396916 -0.0327247120 0.0315049924 0.9972053170 0.0677424669 0.0306457132 -0.0687079951 0.9971660376
-110.7 285.0 2149.4 0.0545133613 -0.8698629737 -0.4902720451 0.9456844926 0.2025692016 -0.2542568445 0.3204826117 -0.4497822523 0.8336586952
-123.4 65.2 2074.9 -0.4909859896 -0.8698629737 -0.0476563089 -0.2674482763 0.2025692016 -0.9420388341 0.8290984035 -0.4497822523 -0.3321020007
170.5 293.8 2158.0 0.2141649723 0.9465400577 0.2412368804 -0.9612793326 0.2480810136 -0.1199910194 -0.1734226048 -0.2061981559 0.9630196691
232.3 16.3 2108.0 -0.0976718143 0.9465400577 0.3074444532 -0.3888005614 0.2480810136 -0.8872935772 -0.9161300659 -0.2061981559 0.3437848091
-50.2 -114.6 2177.2 0.9634478688 0.0944315866 0.2507006824 -0.0938221663 0.9954847097 -0.0144093633 -0.2509293854 -0.0096386094 0.9679574370
-87.7 -510.4 2181.0 0.9628295898 -0.0401064642 0.2671155334 -0.0333763696 0.9636710286 0.2649984062 -0.2680396438 -0.2640636563 0.9265123606
133.2 -109.2 2182.4 0.9976673722 0.0005309689 -0.0682603419 -0.0070059225 0.9954857230 -0.0946524516 0.0679019392 0.0949098915 0.9931674004
133.0 -505.0 2144.6 0.9879115820 -0.1411067694 -0.0641842708 0.1525970697 0.9581031203 0.2423893362 0.0272923708 -0.2492535561 0.9680535793
1.9 133.4 1863.5 0 0 0 0 0 0 0 0 0
207.4 -83.1 1873.7 0 0 0 0 0 0 0 0 0
-72.4 -878.7 2281.9 0 0 0 0 0 0 0 0 0
186.9 -871.2 2239.9 0 0 0 0 0 0 0 0 0
22.1 493.0 2137.9  0.9993420243 -0.0311107561 -0.0186463483 0.0324929282 0.9963378310 0.0790890977 0.0161175411 -0.0796429291 0.9966931343
28.4 291.9 2154.0 0.9993420243 -0.0311107561 -0.0186463483 0.0324929282 0.9963378310 0.0790890977 0.0161175411 -0.0796429291 0.9966931343
34.7 93.6 2167.7 0.9993349910 -0.0315345414 -0.0183060467 0.0327153988 0.9971309900 0.0682602003 0.0161009729 -0.0688137040 0.9974995852
-112.2 287.3 2151.7 0.0842729434 -0.8498461246 -0.5202496052 0.9382725358 0.2434573323 -0.2457095385 0.3354738951 -0.4674292207 0.8179041147
-131.8 69.3 2073.8 -0.5227887034 -0.8498461246 -0.0667347461 -0.2771149576 0.2434573323 -0.9294815063 0.8061633110 -0.4674292207 -0.3627818227
169.0 296.5 2156.3 0.2298377901 0.9350315332 0.2699827254 -0.9580810666 0.2661338747 -0.1060819849 -0.1710415483 -0.2342837006 0.9570036530
235.6 18.9 2106.7 -0.1226506755 0.9350315332 0.3326753676 -0.3771958351 0.2661338747 -0.8870716095 -0.9179760814 -0.2342837006 0.3200484812
-50.1 -110.0 2178.2 0.9590683579 0.1024940237 0.2639752030 -0.1003613546 0.9947167635 -0.0215896275 -0.2647933960 -0.0057869824 0.9642878175
-90.8 -505.5 2180.5 0.9580509663 -0.0512558259 0.2819772959 -0.0225849804 0.9673157930 0.2525669038 -0.2857066095 -0.2483404130 0.9255802631
133.2 -104.2 2183.8 0.9985397458 0.0054094163 -0.0537509918 -0.0113321366 0.9938111901 -0.1105030850 0.0528205819 0.1109508350 0.9924212098
131.1 -499.3 2139.7 0.9880473018 -0.1465555131 -0.0477918535 0.1540432721 0.9503015876 0.2705505192 0.0057660034 -0.2746787369 0.9615187645
1.6 140.0 1868.0 0 0 0 0 0 0 0 0 0
203.9 -78.8 1868.9 0 0 0 0 0 0 0 0 0
-71.3 -875.2 2275.4 0 0 0 0 0 0 0 0 0
187.1 -862.5 2244.7 0 0 0 0 0 0 0 0 0
21.3 492.8 2137.9  0.9994041324 -0.0327876434 -0.0107875699 0.0335420929 0.9962788224 0.0793942586 0.0081442762 -0.0797087923 0.9967849255
28.0 292.0 2153.9 0.9994041324 -0.0327876434 -0.0107875699 0.0335420929 0.9962788224 0.0793942586 0.0081442762 -0.0797087923 0.9967849255
34.5 93.7 2167.3 0.9994049668 -0.0328922570 -0.0103837717 0.0335166119 0.9971805811 0.0671385378 0.0081461575 -0.0674466193 0.9976896048
-112.7 287.2 2152.8 0.1030435413 -0.8372220397 -0.5370672941 0.9338628650 0.2673298717 -0.2375604063 0.3424649239 -0.4770681262 0.8093971610
-136.4 72.8 2074.1 -0.5430450439 -0.8372220397 -0.0645081252 -0.3035069704 0.2673298717 -0.9145590663 0.7829339504 -0.4770681262 -0.3992748857
168.6 296.7 2155.1 0.2265720516 0.9210619926 0.3167174459 -0.9499952793 0.2807189524 -0.1367691606 -0.2148814648 -0.2698920071 0.9386076331
236.8 10.9 2090.4 -0.1753914207 0.9210619926 0.3476818502 -0.3197433352 0.2807189524 -0.9049646854 -0.9311294556 -0.2698920071 0.2452677488
-50.7 -107.6 2179.9 0.9570282698 0.1015370563 0.2716378272 -0.0990158617 0.9948198199 -0.0230089352 -0.2725669444 -0.0048762513 0.9621244669
-91.1 -503.2 2181.8 0.9560305476 -0.0516671352 0.2886799574 -0.0187200457 0.9715994596 0.2358899415 -0.2926690280 -0.2309220880 0.9279115200
132.6 -101.6 2182.8 0.9989401698 0.0054870062 -0.0456997976 -0.0103741596 0.9941616654 -0.1074007750 0.0448436774 0.1077610478 0.9931649566
130.5 -496.9 2140.0 0.9873651862 -0.1531905234 -0.0405301787 0.1584512591 0.9515588284 0.2634938955 -0.0017979174 -0.2665867507 0.9638092518
2.7 150.5 1873.6 0 0 0 0 0 0 0 0 0
191.4 -71.8 1849.5 0 0 0 0 0 0 0 0 0
-71.4 -874.5 2270.1 0 0 0 0 0 0 0 0 0
189.0 -860.6 2241.9 0 0 0 0 0 0 0 0 0
20.2 494.7 2138.3  0.9993649721 -0.0340366662 0.0105425781 0.0331299938 0.9965031147 0.0767067224 -0.0131165534 -0.0763087347 0.9969979525
27.0 293.6 2153.7 0.9993649721 -0.0340366662 0.0105425781 0.0331299938 0.9965031147 0.0767067224 -0.0131165534 -0.0763087347 0.9969979525
33.5 95.3 2167.0 0.9994072318 -0.0326670036 0.0108660376 0.0318673328 0.9972413182 0.0670386553 -0.0130260140 -0.0666526482 0.9976912141
-113.6 289.1 2155.5 0.1044625267 -0.8315588236 -0.5455250144 0.9259498715 0.2814829051 -0.2517621219 0.3629109561 -0.4788291156 0.7993862033
-137.8 74.8 2071.5 -0.5526160598 -0.8315588236 -0.0559059530 -0.3325053453 0.2814829051 -0.9001153111 0.7642353773 -0.4788291156 -0.4320497215
167.7 298.1 2151.9 0.2482273132 0.9094633460 0.3335559964 -0.9485625029 0.2980502248 -0.1067486182 -0.1965003908 -0.2899007797 0.9366670251
241.1 17.5 2093.8 -0.1920526475 0.9094633460 0.3687711656 -0.3172680140 0.2980502248 -0.9002816677 -0.9286854863 -0.2899007797 0.2313023061
-50.7 -107.6 2180.0 0.9514020681 0.1026213691 0.2903496325 -0.0954560786 0.9946781993 -0.0387743711 -0.2927835286 0.0091743805 0.9561347365
-91.5 -503.1 2176.3 0.9498831630 -0.0546980985 0.3077825904 -0.0297794249 0.9642621279 0.2632711828 -0.3111835122 -0.2592424452 0.9143074751
132.7 -101.5 2181.5 0.9996638894 0.0074121868 -0.0248426385 -0.0100883991 0.9939470291 -0.1093960777 0.0238814019 0.1096099317 0.9936877489
129.8 -496.7 2137.9 0.9886261821 -0.1490532756 -0.0200339761 0.1485682428 0.9472315311 0.2840420604 -0.0233605821 -0.2837878168 0.9586024880
3.7 159.9 1876.0 0 0 0 0 0 0 0 0 0
191.4 -64.5 1853.7 0 0 0 0 0 0 0 0 0
-70.6 -871.5 2275.4 0 0 0 0 0 0 0 0 0
186.7 -858.7 2246.4 0 0 0 0 0 0 0 0 0
20.6 493.5 2139.0  0.9994121790 -0.0342459828 -0.0015922829 0.0342700370 0.9966804981 0.0738480315 -0.0009420011 -0.0738591850 0.9972682595
27.5 292.6 2153.9 0.9994121790 -0.0342459828 -0.0015922829 0.0342700370 0.9966804981 0.0738480315 -0.0009420011 -0.0738591850 0.9972682595
34.4 94.3 2166.8 0.9993918538 -0.0348473154 -0.0012754170 0.0348567963 0.9972955585 0.0647035390 -0.0009827771 -0.0647086501 0.9979037046
-113.1 287.7 2154.1 0.1183907241 -0.8257437348 -0.5514807105 0.9228781462 0.2964617908 -0.2457769811 0.3664417565 -0.4798517823 0.7971591353
-140.2 76.4 2070.2 -0.5626598001 -0.8257437348 -0.0395127088 -0.3733481169 0.2964617908 -0.8790458441 0.7375805974 -0.4798517823 -0.4750970006
168.1 297.5 2153.8 0.2599279583 0.9085633755 0.3270322084 -0.9467328787 0.3064517081 -0.0989151448 -0.1900902539 -0.2839013338 0.9398221970
243.5 22.8 2098.7 -0.1868557632 0.9085633755 0.3736275136 -0.3097022772 0.3064517081 -0.9000954628 -0.9322925806 -0.2839013338 0.2241218686
-51.6 -105.8 2181.4 0.9546242356 0.1035408676 0.2792344689 -0.0967917144 0.9945831895 -0.0378903486 -0.2816451192 0.0091434615 0.9594751000
-92.8 -501.3 2177.8 0.9528356791 -0.0602718070 0.2974415421 -0.0209709536 0.9646624923 0.2626526952 -0.3027612567 -0.2565025091 0.9179009199
131.7 -100.0 2179.0 0.9993241429 0.0052009444 -0.0363889597 -0.0090966141 0.9941390753 -0.1077251062 0.0356154144 0.1079833210 0.9935145378
129.6 -495.3 2136.1 0.9890058041 -0.1444476247 -0.0316607021 0.1475175321 0.9488124847 0.2792730331 -0.0103002554 -0.2808731794 0.9596896172
3.6 171.8 1881.6 0 0 0 0 0 0 0 0 0
195.9 -56.1 1861.1 0 0 0 0 0 0 0 0 0
-69.8 -870.0 2275.8 0 0 0 0 0 0 0 0 0
184.9 -858.0 2243.5 0 0 0 0 0 0 0 0 0
20.5 492.3 2138.4  0.9991291165 -0.0358645320 -0.0213235673 0.0373654366 0.9965024590 0.0747437328 0.0185683370 -0.0754754096 0.9969747663
27.8 291.5 2153.6 0.9991291165 -0.0358645320 -0.0213235673 0.0373654366 0.9965024590 0.0747437328 0.0185683370 -0.0754754096 0.9969747663
35.1 93.2 2166.6 0.9991026521 -0.0368084647 -0.0209535006 0.0380924307 0.9971845150 0.0645914525 0.0185169932 -0.0653316677 0.9976918101
-112.8 286.1 2151.0 0.1141760945 -0.8302365541 -0.5455924273 0.9195234179 0.2962155938 -0.2583272755 0.3760856986 -0.4721902311 0.7972427011
-138.6 78.4 2066.1 -0.5573634505 -0.8302365541 -0.0072973138 -0.4300707579 0.2962155938 -0.8528162241 0.7102007270 -0.4721902311 -0.5221602321
168.3 296.8 2156.2 0.2556515634 0.9209147096 0.2942080200 -0.9489771724 0.2971591949 -0.1055402234 -0.1846201718 -0.2522151768 0.9498962760
242.2 22.6 2102.9 -0.1809343249 0.9209147096 0.3452228904 -0.2472172678 0.2971591949 -0.9222689867 -0.9519172311 -0.2522151768 0.1738997251
-50.3 -107.2 2179.8 0.9590961933 0.1075865254 0.2618388534 -0.1046793014 0.9941900373 -0.0250685606 -0.2630146146 -0.0033659455 0.9647859931
-93.1 -502.4 2181.1 0.9577672482 -0.0568006597 0.2818787694 -0.0216420423 0.9632752538 0.2676424086 -0.2867290974 -0.2624395490 0.9213641286
133.0 -100.8 2179.6 0.9984224439 0.0090465732 -0.0554143116 -0.0149775539 0.9940847754 -0.1075690612 0.0541133955 0.1082293391 0.9926520586
129.5 -496.0 2136.6 0.9883315563 -0.1445912570 -0.0478971116 0.1522152722 0.9491088986 0.2757223248 0.0055925390 -0.2797957361 0.9600432515
4.9 189.2 1883.1 0 0 0 0 0 0 0 0 0
196.4 -39.9 1862.0 0 0 0 0 0 0 0 0 0
-71.4 -870.7 2281.4 0 0 0 0 0 0 0 0 0
184.7 -858.9 2243.5 0 0 0 0 0 0 0 0 0
19.1 491.5 2143.6  0.9991057515 -0.0397875607 -0.0143059706 0.0405699462 0.9974125028 0.0593498908 0.0119075673 -0.0598772094 0.9981347322
27.1 290.7 2155.7 0.9991057515 -0.0397875607 -0.0143059706 0.0405699462 0.9974125028 0.0593498908 0.0119075673 -0.0598772094 0.9981347322
35.3 92.4 2166.4 0.9990539551 -0.0411490798 -0.0140704010 0.0418469198 0.9976882935 0.0535430610 0.0118346270 -0.0540812090 0.9984664321
-113.5 284.8 2154.0 0.1319152564 -0.8251307011 -0.5493247509 0.9058116078 0.3254278600 -0.2712969780 0.4026210606 -0.4617965519 0.7903418541
-142.8 83.3 2064.4 -0.5649083853 -0.8251307011 -0.0061539854 -0.4663739502 0.3254278600 -0.8225521445 0.6807156801 -0.4617965519 -0.5686563849
167.7 296.6 2157.3 0.2590705454 0.9276828766 0.2688623667 -0.9505576491 0.2942408919 -0.0993100405 -0.1712385267 -0.2298408747 0.9580451846
241.9 24.3 2108.3 -0.1723695099 0.9276828766 0.3311997652 -0.2085504830 0.2942408919 -0.9326998591 -0.9627021551 -0.2298408747 0.1427505463
-49.3 -108.5 2177.9 0.9560379386 0.1114839017 0.2712247372 -0.1123277694 0.9935930371 -0.0124620888 -0.2708763480 -0.0185518395 0.9624353647
