188.6 492.2 2298.5  0.9721581340 0.2148256451 -0.0935866237 -0.1925801337 0.9600117803 0.2032000721 0.1334968507 -0.1795196831 0.9746544361
133.2 244.8 2344.7 0.9721581340 0.2148256451 -0.0935866237 -0.1925801337 0.9600117803 0.2032000721 0.1334968507 -0.1795196831 0.9746544361
165.3 48.8 2346.9 0.9818555713 -0.1615594327 -0.0992885530 0.1618476808 0.9868020415 -0.0051982668 0.0988179743 -0.0109656751 0.9950451255
-10.2 221.2 2330.3 0.1468176544 -0.8358993530 -0.5288826823 0.9841361642 0.1772770882 -0.0069906651 0.0996022746 -0.5194662213 0.8486661315
-32.1 74.1 2315.4 -0.4626863897 -0.8358993530 0.2952856123 -0.7367237210 0.1772770882 -0.6525419354 0.4931119978 -0.5194662213 -0.6978505850
276.7 268.5 2359.1 0.4364280701 0.1398657411 0.8888015151 0.7233198881 0.5329644084 -0.4390413165 -0.5351064205 0.8344977498 0.1314329505
407.9 486.0 2198.2 -0.9486535192 0.1398657411 0.2837148607 0.3136103153 0.5329644084 0.7858737111 -0.0412931107 0.8344977498 -0.5494619012
107.2 -160.4 2341.5 0.8986645937 0.0305946115 -0.4375682473 0.0494969599 0.9841198325 0.1704646796 0.4358348846 -0.1748488545 0.8828792572
95.1 -551.5 2411.0 0.8923983574 0.1283958107 -0.4325964749 -0.1725914627 0.9828917384 -0.0643120259 0.4169380963 0.1320544034 0.8992909789
287.5 -130.9 2357.4 0.9734796286 0.1597766727 0.1637340188 -0.1655484587 0.9859530330 0.0221441947 -0.1578959227 -0.0486628376 0.9862559438
224.0 -522.7 2376.8 0.9871447682 -0.0545984246 0.1502138674 0.0639318749 0.9962661862 -0.0580202490 -0.1464851946 0.0668778419 0.9869495630
100.0 284.4 2174.6 0 0 0 0 0 0 0 0 0
167.9 565.3 2187.8 0 0 0 0 0 0 0 0 0
57.0 -843.3 2371.8 0 0 0 0 0 0 0 0 0
240.9 -831.0 2356.1 0 0 0 0 0 0 0 0 0
186.1 490.7 2297.6  0.9735251069 0.2043167502 -0.1024869904 -0.1805437058 0.9622977972 0.2034378350 0.1401887685 -0.1795484573 0.9737091064
133.6 243.7 2343.7 0.9735251069 0.2043167502 -0.1024869904 -0.1805437058 0.9622977972 0.2034378350 0.1401887685 -0.1795484573 0.9737091064
165.2 47.5 2346.2 0.9814444184 -0.1588912159 -0.1073332205 0.1593282819 0.9872151613 -0.0045462404 0.1066833436 -0.0126393354 0.9942126870
-9.8 220.4 2328.1 0.1321553439 -0.8309836984 -0.5403712392 0.9828469157 0.1805998981 -0.0373578221 0.1286347359 -0.5261651874 0.8405969739
-29.3 74.9 2309.1 -0.4609115720 -0.8309836984 0.3114909828 -0.7531269789 0.1805998981 -0.6326005459 0.4694254994 -0.5261651874 -0.7090768218
277.0 267.0 2359.3 0.4374550283 0.1304823756 0.8897232413 0.7301358581 0.5260134935 -0.4361323416 -0.5249139667 0.8404071331 0.1348373592
408.6 486.6 2201.4 -0.9464315176 0.1304823756 0.2953671813 0.3186120689 0.5260134935 0.7885405421 -0.0524764769 0.8404071331 -0.5394089818
107.4 -162.1 2340.0 0.8951165080 0.0362353101 -0.4443573654 0.0438361317 0.9847089052 0.1686023176 0.4436720014 -0.1703976244 0.8798407912
93.0 -553.5 2407.7 0.8894426823 0.1222715005 -0.4403877854 -0.1688954830 0.9832776785 -0.0681127310 0.4246952236 0.1349618733 0.8952202201
287.5 -132.4 2358.1 0.9743037224 0.1632944345 0.1551360339 -0.1680498123 0.9856148958 0.0179592241 -0.1499717534 -0.0435683206 0.9877298474
222.6 -524.1 2375.5 0.9881474376 -0.0590403862 0.1417000294 0.0681402385 0.9958550334 -0.0602465309 -0.1375557035 0.0691879243 0.9880746007
103.5 291.9 2173.8 0 0 0 0 0 0 0 0 0
165.9 568.3 2187.9 0 0 0 0 0 0 0 0 0
57.0 -842.5 2368.1 0 0 0 0 0 0 0 0 0
240.7 -830.6 2354.2 0 0 0 0 0 0 0 0 0
188.7 498.6 2302.7  0.9714683294 0.2124401778 -0.1054440513 -0.1912580281 0.9646344781 0.1813853532 0.1402485073 -0.1560431123 0.9777427316
132.6 244.0 2343.9 0.9714683294 0.2124401778 -0.1054440513 -0.1912580281 0.9646344781 0.1813853532 0.1402485073 -0.1560431123 0.9777427316
162.6 47.6 2347.0 0.9822583795 -0.1510230601 -0.1111780256 0.1518597752 0.9884015918 -0.0009525897 0.1100324020 -0.0159477796 0.9938000441
-10.9 221.9 2327.8 0.1110552624 -0.8248763084 -0.5542975664 0.9853445292 0.1640534997 -0.0467188545 0.1294717193 -0.5409857035 0.8310063481
-27.3 76.5 2308.7 -0.4576245844 -0.8248763084 0.3319017589 -0.7556240559 0.1640534997 -0.6341283321 0.4686278105 -0.5409857035 -0.6983712912
276.1 266.2 2359.9 0.4301828742 0.1483605504 0.8904672265 0.7329673171 0.5184088349 -0.4404670000 -0.5269740224 0.8421646953 0.1142671928
408.8 492.3 2197.4 -0.9522995949 0.1483605504 0.2666732967 0.3045284748 0.5184088349 0.7990711331 -0.0196951721 0.8421646953 -0.5388605595
106.7 -163.3 2338.9 0.8938144445 0.0375915617 -0.4468586147 0.0400715359 0.9857985377 0.1630811691 0.4466430545 -0.1636706144 0.8796146512
91.8 -555.0 2404.0 0.8880767822 0.1193858534 -0.4439218342 -0.1633157879 0.9846289754 -0.0619167462 0.4297063351 0.1274862736 0.8939237595
286.7 -134.0 2358.5 0.9752003551 0.1601527482 0.1527590752 -0.1661182046 0.9857351184 0.0270382669 -0.1462497264 -0.0517437905 0.9878935218
223.1 -525.8 2379.1 0.9891545177 -0.0561781973 0.1357103437 0.0665554702 0.9950956702 -0.0731776878 -0.1309337914 0.0814163089 0.9880423546
106.0 296.5 2172.3 0 0 0 0 0 0 0 0 0
163.1 570.9 2192.3 0 0 0 0 0 0 0 0 0
56.9 -842.8 2366.7 0 0 0 0 0 0 0 0 0
240.2 -829.4 2354.2 0 0 0 0 0 0 0 0 0
190.1 495.6 2299.2  0.9670930505 0.2178874016 -0.1313624084 -0.1900887787 0.9619709849 0.1961582154 0.1691072285 -0.1647327244 0.9717334509
133.1 243.7 2342.4 0.9670930505 0.2178874016 -0.1313624084 -0.1900887787 0.9619709849 0.1961582154 0.1691072285 -0.1647327244 0.9717334509
163.4 47.4 2345.8 0.9786288738 -0.1523800045 -0.1380791068 0.1533296853 0.9881678224 -0.0037960119 0.1370237619 -0.0174567383 0.9904139042
-9.8 221.3 2322.3 0.1114341393 -0.8179455400 -0.5644001365 0.9865878224 0.1592213064 -0.0359581485 0.1192763373 -0.5528233647 0.8247178197
-26.1 76.8 2304.9 -0.4577426016 -0.8179455400 0.3484778702 -0.7621967196 0.1592213064 -0.6274589300 0.4577421248 -0.5528233647 -0.6963177919
276.0 266.1 2362.4 0.4416594207 0.1035518795 0.8911868334 0.7288972139 0.5377493501 -0.4237150848 -0.5231115818 0.8367213607 0.1620233804
408.0 484.0 2206.0 -0.9527872801 0.1035518795 0.2854355276 0.2950497270 0.5377493501 0.7897919416 -0.0717083216 0.8367213607 -0.5429136753
102.5 -162.7 2340.1 0.8817511797 0.0269443691 -0.4709446132 0.0537433997 0.9861282110 0.1570437551 0.4686432183 -0.1637836844 0.8680716753
91.8 -554.6 2405.2 0.8761827946 0.1240192652 -0.4657498896 -0.1702270955 0.9836785197 -0.0583037436 0.4509173632 0.1303679794 0.8829936385
282.7 -134.8 2360.3 0.9807573557 0.1497996598 0.1252002567 -0.1535032839 0.9879370928 0.0204220060 -0.1206307709 -0.0392476842 0.9919213057
223.2 -527.4 2375.9 0.9923205376 -0.0541944131 0.1111887768 0.0620777234 0.9957036376 -0.0687068030 -0.1069875434 0.0750815198 0.9914214015
107.4 299.1 2171.3 0 0 0 0 0 0 0 0 0
166.5 558.8 2187.8 0 0 0 0 0 0 0 0 0
55.5 -842.3 2367.1 0 0 0 0 0 0 0 0 0
239.6 -829.4 2353.1 0 0 0 0 0 0 0 0 0
146.4 467.4 2319.7  0.9869484305 0.0615338944 -0.1488165110 -0.0454846025 0.9930067658 0.1089436561 0.1544795185 -0.1007529125 0.9828453064
132.5 243.2 2342.5 0.9869484305 0.0615338944 -0.1488165110 -0.0454846025 0.9930067658 0.1089436561 0.1544795185 -0.1007529125 0.9828453064
162.2 46.7 2345.4 0.9782416224 -0.1496840566 -0.1436591893 0.1502456218 0.9886239767 -0.0069938628 0.1430717856 -0.0147424741 0.9896025062
-10.4 221.2 2321.6 0.1112633869 -0.8149081469 -0.5688102841 0.9874093533 0.1554101110 -0.0295045003 0.1124423370 -0.5583658218 0.8219393492
-26.7 76.8 2305.2 -0.4594860673 -0.8149081469 0.3532665670 -0.7604191303 0.1554101110 -0.6305635571 0.4589501917 -0.5583658218 -0.6910805702
275.3 265.1 2363.4 0.4605029523 0.1101130471 0.8808019757 0.7173802853 0.5382311344 -0.4423491359 -0.5227834582 0.8355730772 0.1688641012
416.4 484.8 2203.3 -0.9606660604 0.1101130471 0.2549428046 0.2732718289 0.5382311344 0.7972639203 -0.0494289920 0.8355730772 -0.5471511483
103.9 -163.0 2336.7 0.8793766499 0.0263184272 -0.4753988385 0.0545279086 0.9863348007 0.1554680914 0.4729940891 -0.1626375169 0.8659247160
93.5 -555.0 2401.4 0.8727008104 0.1278993487 -0.4712060094 -0.1674524695 0.9849512577 -0.0427865423 0.4586425722 0.1162444577 0.8809847832
283.4 -134.9 2361.9 0.9813660979 0.1510356218 0.1187807694 -0.1533727944 0.9881100655 0.0107343793 -0.1157472059 -0.0287520941 0.9928624630
223.3 -527.6 2373.3 0.9928434491 -0.0515941456 0.1077032164 0.0582700782 0.9965090752 -0.0597849302 -0.1042426825 0.0656329468 0.9923838973
108.4 300.4 2170.2 0 0 0 0 0 0 0 0 0
169.9 554.9 2190.6 0 0 0 0 0 0 0 0 0
55.8 -845.1 2367.1 0 0 0 0 0 0 0 0 0
238.9 -828.0 2353.5 0 0 0 0 0 0 0 0 0
123.0 454.0 2333.1  0.9883655310 -0.0411230922 -0.1464326382 0.0479976386 0.9978899360 0.0437258482 0.1443255097 -0.0502455384 0.9882537723
131.6 243.7 2343.7 0.9883655310 -0.0411230922 -0.1464326382 0.0479976386 0.9978899360 0.0437258482 0.1443255097 -0.0502455384 0.9882537723
162.1 47.3 2344.4 0.9781495929 -0.1533769816 -0.1403528303 0.1523131579 0.9881618023 -0.0183553528 0.1415065974 -0.0034233027 0.9899314046
-11.3 221.4 2323.0 0.1088536829 -0.8132254481 -0.5716775656 0.9884436131 0.1495836079 -0.0245758779 0.1054993272 -0.5623958111 0.8201102614
-27.1 77.2 2307.6 -0.4597836435 -0.8132254481 0.3567398787 -0.7575628161 0.1495836079 -0.6353923082 0.4633547366 -0.5623958111 -0.6848454475
274.5 265.9 2364.4 0.4756195843 0.1057825461 0.8732674718 0.7113273144 0.5377736092 -0.4525626898 -0.5174934268 0.8364266753 0.1805296391
424.2 489.8 2201.5 -0.9797158241 0.1057825461 0.1701968908 0.2003320754 0.5377736092 0.8189423680 -0.0048975879 0.8364266753 -0.5480569601
102.2 -163.5 2335.2 0.8809412122 0.0261165593 -0.4725045264 0.0611770004 0.9838122129 0.1684367657 0.4692547023 -0.1772892922 0.8650829792
91.9 -554.5 2405.7 0.8751023412 0.1279906183 -0.4667058289 -0.1714761704 0.9838297367 -0.0517204218 0.4525393546 0.1252895892 0.8828989863
281.6 -136.0 2361.5 0.9816409349 0.1448235661 0.1241256148 -0.1477319598 0.9889210463 0.0145067517 -0.1206495166 -0.0325777419 0.9921604395
224.1 -529.0 2374.4 0.9923666120 -0.0495151654 0.1129458621 0.0564997904 0.9966280460 -0.0595002063 -0.1096188501 0.0654274300 0.9918180108
108.9 301.3 2170.5 0 0 0 0 0 0 0 0 0
172.2 541.4 2200.2 0 0 0 0 0 0 0 0 0
54.1 -845.0 2368.7 0 0 0 0 0 0 0 0 0
238.9 -826.6 2354.9 0 0 0 0 0 0 0 0 0
158.0 470.2 2320.9  0.9838096499 0.1185342297 -0.1344180703 -0.1020876616 0.9871069193 0.1232805178 0.1472979635 -0.1075621322 0.9832261801
130.8 243.7 2345.6 0.9838096499 0.1185342297 -0.1344180703 -0.1020876616 0.9871069193 0.1232805178 0.1472979635 -0.1075621322 0.9832261801
161.8 47.5 2343.8 0.9789380431 -0.1561639458 -0.1315032393 0.1535720378 0.9876913428 -0.0296894833 0.1345210373 0.0088689448 0.9908710718
-12.2 221.3 2326.0 0.1500320286 -0.8186589479 -0.5543355942 0.9825389981 0.1858597249 -0.0085569154 0.1100338623 -0.5433725119 0.8322492838
-33.6 81.1 2310.3 -0.4796586037 -0.8186589479 0.3157929480 -0.7415943742 0.1858597249 -0.6445881724 0.4690046608 -0.5433725119 -0.6962621212
273.8 266.2 2365.3 0.4714625180 0.1297862530 0.8722835779 0.7046554089 0.5393004417 -0.4611028135 -0.5302677155 0.8320520520 0.1628053486
424.9 492.0 2195.3 -0.9868099689 0.1297862530 0.0967551991 0.1521386206 0.5393004417 0.8282565475 0.0553161912 0.8320520520 -0.5519325733
102.9 -163.0 2332.1 0.8850398064 0.0263204351 -0.4647706449 0.0642735511 0.9819290638 0.1780005991 0.4610568583 -0.1874100715 0.8673546314
92.4 -553.2 2406.5 0.8797132969 0.1277283132 -0.4580284357 -0.1722975969 0.9834126830 -0.0566839129 0.4431908131 0.1287827939 0.8871284723
282.3 -135.1 2358.0 0.9797320366 0.1471489966 0.1359126717 -0.1518176496 0.9881025553 0.0245916899 -0.1306770146 -0.0447272100 0.9904155731
223.8 -527.7 2375.8 0.9911519289 -0.0536800064 0.1213930324 0.0623670481 0.9956701398 -0.0689301789 -0.1171672419 0.0758912042 0.9902082682
109.1 301.8 2170.7 0 0 0 0 0 0 0 0 0
170.5 531.2 2209.6 0 0 0 0 0 0 0 0 0
54.7 -843.3 2368.6 0 0 0 0 0 0 0 0 0
239.8 -824.4 2353.2 0 0 0 0 0 0 0 0 0
129.0 456.2 2339.4  0.9903319478 -0.0103285750 -0.1383325607 0.0155661143 0.9992001653 0.0368337482 0.1378414780 -0.0386309400 0.9897006750
131.2 244.8 2347.6 0.9903319478 -0.0103285750 -0.1383325607 0.0155661143 0.9992001653 0.0368337482 0.1378414780 -0.0386309400 0.9897006750
162.5 48.7 2342.5 0.9787619114 -0.1574324667 -0.1313018352 0.1525636464 0.9872031212 -0.0464147665 0.1369287819 0.0253971163 0.9902552962
-11.8 222.5 2327.6 0.1714888960 -0.8224583864 -0.5423594713 0.9768319130 0.2134899944 -0.0148809236 0.1280272603 -0.5272421241 0.8400147557
-36.4 82.4 2309.2 -0.4895367324 -0.8224583864 0.2896825969 -0.7376911044 0.2134899944 -0.6404950619 0.4649361670 -0.5272421241 -0.7112314105
274.2 267.1 2367.6 0.4736035168 0.1257658750 0.8717125058 0.7013367414 0.5448425412 -0.4596448541 -0.5327537060 0.8290534019 0.1698351204
427.9 494.7 2194.7 -0.9888042212 0.1257658750 0.0803066418 0.1364928484 0.5448425412 0.8273549676 0.0602985509 0.8290534019 -0.5559087396
103.1 -162.9 2329.7 0.8851296306 0.0280599091 -0.4644977748 0.0613059290 0.9824486375 0.1761711687 0.4612885416 -0.1844107807 0.8678741455
91.9 -553.3 2403.0 0.8801869154 0.1218068749 -0.4587309062 -0.1632266045 0.9852393866 -0.0515792333 0.4456770718 0.1202764586 0.8870769739
282.6 -134.7 2354.4 0.9788604975 0.1495606452 0.1395126730 -0.1553369612 0.9873619080 0.0314145535 -0.1330511272 -0.0524219386 0.9897218347
223.2 -527.1 2375.3 0.9905820489 -0.0574054457 0.1243054941 0.0658304244 0.9957270026 -0.0647620782 -0.1200566366 0.0723352358 0.9901282787
109.4 302.1 2170.7 0 0 0 0 0 0 0 0 0
172.0 530.1 2210.3 0 0 0 0 0 0 0 0 0
56.0 -843.8 2367.6 0 0 0 0 0 0 0 0 0
240.3 -823.8 2353.7 0 0 0 0 0 0 0 0 0
114.8 450.5 2348.0  0.9879904985 -0.0773035437 -0.1337869614 0.0765853524 0.9970076084 -0.0105139306 0.1341993809 0.0001415429 0.9909543395
130.6 246.6 2347.9 0.9879904985 -0.0773035437 -0.1337869614 0.0765853524 0.9970076084 -0.0105139306 0.1341993809 0.0001415429 0.9909543395
160.9 50.3 2341.3 0.9798356295 -0.1527361274 -0.1288168877 0.1469428539 0.9877028465 -0.0533940941 0.1353880167 0.0333887152 0.9902299047
-12.6 225.1 2328.2 0.1814191043 -0.8199904561 -0.5428653359 0.9683734775 0.2451113015 -0.0466183126 0.1712889969 -0.5172389746 0.8385248780
-39.0 83.8 2303.2 -0.5032014847 -0.8199904561 0.2727709115 -0.7393592000 0.2451113015 -0.6271111965 0.4473659396 -0.5172389746 -0.7296078205
273.7 268.0 2367.7 0.4836463928 0.1061380729 0.8688042760 0.7042722702 0.5421894193 -0.4582915902 -0.5196986794 0.8335258365 0.1874778569
430.9 496.9 2198.8 -0.9925343990 0.1061380729 0.0600844361 0.1084206402 0.5421894193 0.8332320452 0.0558604971 0.8335258365 -0.5496492386
104.0 -161.4 2324.9 0.8868302703 0.0301356968 -0.4611116052 0.0589560382 0.9823375344 0.1775870025 0.4583189487 -0.1846748441 0.8693900108
92.0 -551.8 2398.3 0.8814353347 0.1214174852 -0.4564313293 -0.1581814289 0.9864709377 -0.0430555269 0.4450285435 0.1101496220 0.8887162805
283.5 -133.5 2350.0 0.9776616693 0.1506647170 0.1465529352 -0.1594832391 0.9859161973 0.0503427759 -0.1369040310 -0.0725909397 0.9879209995
223.7 -525.2 2378.9 0.9902471304 -0.0590617545 0.1261838973 0.0689585432 0.9947541952 -0.0755569637 -0.1210594252 0.0835215226 0.9891252518
109.8 302.5 2170.9 0 0 0 0 0 0 0 0 0
173.6 525.0 2213.3 0 0 0 0 0 0 0 0 0
56.3 -842.0 2365.9 0 0 0 0 0 0 0 0 0
241.4 -823.6 2353.8 0 0 0 0 0 0 0 0 0
112.4 450.0 2353.1  0.9850006104 -0.0982794836 -0.1418271065 0.0940422192 0.9949064851 -0.0362924114 0.1446714997 0.0224103108 0.9892259240
132.2 249.4 2348.6 0.9850006104 -0.0982794836 -0.1418271065 0.0940422192 0.9949064851 -0.0362924114 0.1446714997 0.0224103108 0.9892259240
159.3 52.7 2340.8 0.9808455706 -0.1362344176 -0.1392198056 0.1292084157 0.9898986816 -0.0583592020 0.1457640380 0.0392529927 0.9885403514
-11.0 230.5 2327.3 0.1958156079 -0.8161880374 -0.5435929298 0.9638835192 0.2622304857 -0.0465163514 0.1805127412 -0.5148516297 0.8380590081
-40.8 83.8 2299.9 -0.5111643672 -0.8161880374 0.2693474293 -0.7431115508 0.2622304857 -0.6156463623 0.4318520725 -0.5148516297 -0.7405616641
275.5 268.2 2369.9 0.4927735329 0.0854063630 0.8659561276 0.7052520514 0.5437273383 -0.4549506903 -0.5096997023 0.8349049687 0.2077014148
434.7 496.0 2205.3 -0.9941262007 0.0854063630 0.0664744452 0.1024118736 0.5437273383 0.8329900503 0.0349986777 0.8349049687 -0.5492802262
101.4 -159.4 2322.3 0.8843747973 0.0184591115 -0.4664123952 0.0732122809 0.9813650250 0.1776586920 0.4610002339 -0.1912639886 0.8665430546
94.1 -549.4 2398.3 0.8790326118 0.1281610429 -0.4592128396 -0.1649008095 0.9854732752 -0.0406214669 0.4473358989 0.1114321575 0.8873969913
281.1 -132.5 2347.1 0.9791133404 0.1478236169 0.1395896226 -0.1562373787 0.9863856435 0.0513147749 -0.1301036626 -0.0720520988 0.9888789058
222.4 -524.4 2375.7 0.9904904366 -0.0655139163 0.1209819540 0.0739468634 0.9950372577 -0.0665791035 -0.1160196885 0.0748922005 0.9904193878
110.2 303.3 2172.3 0 0 0 0 0 0 0 0 0
176.7 522.6 2214.4 0 0 0 0 0 0 0 0 0
56.1 -841.2 2365.3 0 0 0 0 0 0 0 0 0
242.1 -823.7 2353.2 0 0 0 0 0 0 0 0 0
111.0 450.0 2356.4  0.9834387898 -0.1076468229 -0.1458090842 0.1010276377 0.9935191870 -0.0520865284 0.1504710764 0.0364931636 0.9879406095
132.6 251.0 2349.1 0.9834387898 -0.1076468229 -0.1458090842 0.1010276377 0.9935191870 -0.0520865284 0.1504710764 0.0364931636 0.9879406095
157.8 54.1 2340.2 0.9813664556 -0.1266638488 -0.1444859654 0.1185791045 0.9909253716 -0.0632924214 0.1511916667 0.0449800417 0.9874805808
-10.8 233.7 2327.0 0.1807447970 -0.8143427968 -0.5515225530 0.9625099301 0.2617683709 -0.0710769072 0.2022521347 -0.5179991722 0.8311263323
-38.6 85.3 2295.8 -0.5107181668 -0.8143427968 0.2757041454 -0.7471783161 0.2617683709 -0.6109024882 0.4253134429 -0.5179991722 -0.7421491742
275.9 268.3 2371.2 0.4976451695 0.0678629577 0.8647218943 0.7097553015 0.5412063003 -0.4509359002 -0.4985947907 0.8381469846 0.2211626023
435.6 496.1 2211.2 -0.9943788052 0.0678629577 0.0812739655 0.1051250771 0.5412063003 0.8342927694 0.0126315942 0.8381469846 -0.5452981591
96.4 -155.8 2319.6 0.8833617568 0.0039555300 -0.4686751068 0.0918822214 0.9790995121 0.1814435869 0.4595972896 -0.2033432424 0.8645356297
94.9 -544.9 2400.4 0.8803225756 0.1269748062 -0.4570662379 -0.1670505404 0.9847708941 -0.0481708571 0.4439890385 0.1187590584 0.8881272674
276.3 -132.1 2346.4 0.9810053110 0.1359475404 0.1383721232 -0.1457955390 0.9872637987 0.0636697486 -0.1279540509 -0.0826344043 0.9883315563
222.3 -524.4 2379.2 0.9908590913 -0.0681483746 0.1164219901 0.0783136189 0.9932906032 -0.0850922838 -0.1098419726 0.0934318900 0.9895479679
110.4 303.4 2171.7 0 0 0 0 0 0 0 0 0
177.5 523.4 2214.5 0 0 0 0 0 0 0 0 0
56.7 -841.0 2364.7 0 0 0 0 0 0 0 0 0
242.7 -822.1 2351.2 0 0 0 0 0 0 0 0 0
109.8 449.6 2353.2  0.9778169394 -0.1188228577 -0.1724966913 0.1110240817 0.9923380613 -0.0542109534 0.1776165217 0.0338571034 0.9835171700
133.5 251.6 2346.5 0.9778169394 -0.1188228577 -0.1724966913 0.1110240817 0.9923380613 -0.0542109534 0.1776165217 0.0338571034 0.9835171700
159.0 54.7 2338.9 0.9767271280 -0.1284563690 -0.1717645973 0.1197652072 0.9909825325 -0.0600827411 0.1779337227 0.0381130204 0.9833041430
-9.1 234.1 2320.5 0.1915273070 -0.8148230314 -0.5471569300 0.9629970789 0.2637090087 -0.0556256324 0.1896152645 -0.5162566900 0.8351796865
-38.2 88.0 2291.7 -0.5072928667 -0.8148230314 0.2805661559 -0.7553613186 0.2637090087 -0.5999056697 0.4148291349 -0.5162566900 -0.7492635250
276.1 269.1 2372.4 0.5010362864 0.0625234097 0.8631647825 0.7083448172 0.5433884263 -0.4505292475 -0.4972023964 0.8371497989 0.2279691994
436.2 495.3 2213.7 -0.9939118624 0.0625234097 0.0907198489 0.1101443321 0.5433884263 0.8322242498 0.0027373813 0.8371497989 -0.5469667912
92.9 -153.6 2317.3 0.8702452183 0.0027870568 -0.4926109016 0.0969940051 0.9794395566 0.1768907756 0.4829756021 -0.2017186433 0.8520822525
91.8 -542.8 2397.5 0.8685771823 0.1164915636 -0.4816672504 -0.1535265446 0.9874119163 -0.0380439162 0.4711721838 0.1069927886 0.8755280375
272.9 -131.9 2345.1 0.9855378866 0.1280912906 0.1109400764 -0.1360600740 0.9883992672 0.0674870163 -0.1010085866 -0.0816055313 0.9915330410
222.0 -524.7 2377.5 0.9934236407 -0.0698502660 0.0907215774 0.0771664679 0.9938187599 -0.0798100531 -0.0845860541 0.0862858519 0.9926731586
108.6 306.6 2171.7 0 0 0 0 0 0 0 0 0
178.0 523.9 2214.4 0 0 0 0 0 0 0 0 0
56.4 -842.8 2365.0 0 0 0 0 0 0 0 0 0
243.2 -825.3 2351.4 0 0 0 0 0 0 0 0 0
110.3 449.0 2349.9  0.9758300781 -0.1181817204 -0.1838171035 0.1106150746 0.9925578237 -0.0509238392 0.1884673685 0.0293600727 0.9816404581
133.9 251.3 2344.1 0.9758300781 -0.1181817204 -0.1838171035 0.1106150746 0.9925578237 -0.0509238392 0.1884673685 0.0293600727 0.9816404581
158.3 54.2 2337.8 0.9752974510 -0.1230371445 -0.1834578663 0.1149971485 0.9919035435 -0.0538791865 0.1886016577 0.0314511023 0.9815499187
-8.5 234.5 2316.5 0.2061045766 -0.8090660572 -0.5503934622 0.9530795813 0.2934264839 -0.0744328648 0.2217211425 -0.5092278123 0.8315808773
-38.8 94.7 2284.0 -0.5197300911 -0.8090660572 0.2743952274 -0.7617403865 0.2934264839 -0.5776265264 0.3868232071 -0.5092278123 -0.7688009143
276.3 268.1 2371.6 0.5054753423 0.0357525460 0.8621000051 0.7176771760 0.5372366905 -0.4430758655 -0.4789928496 0.8426734209 0.2459011376
437.1 496.3 2219.3 -0.9932452440 0.0357525460 0.1103885919 0.1122428402 0.5372366905 0.8359295726 -0.0294181928 0.8426734209 -0.5376207829
95.0 -153.2 2315.0 0.8651792407 0.0076464214 -0.5014044642 0.0956345201 0.9790161252 0.1799484640 0.4922590256 -0.2036392540 0.8462931514
92.0 -542.3 2395.9 0.8628301620 0.1167421713 -0.4918286502 -0.1506087035 0.9881482124 -0.0296671744 0.4825361967 0.0996714085 0.8701864481
274.1 -131.2 2347.6 0.9866837859 0.1292800903 0.0987002999 -0.1358717531 0.9887055159 0.0632472560 -0.0894089267 -0.0758156255 0.9931052327
222.7 -524.2 2377.8 0.9947506785 -0.0650474578 0.0789934099 0.0713825673 0.9942182899 -0.0802153349 -0.0733188912 0.0854330063 0.9936425686
108.0 309.8 2174.8 0 0 0 0 0 0 0 0 0
179.2 525.4 2211.7 0 0 0 0 0 0 0 0 0
56.5 -842.7 2365.6 0 0 0 0 0 0 0 0 0
242.3 -823.1 2352.1 0 0 0 0 0 0 0 0 0
154.9 466.1 2321.8  0.9803560972 0.0678797811 -0.1851871759 -0.0486064181 0.9931021929 0.1067026481 0.1911527365 -0.0956053063 0.9768931866
140.1 250.2 2342.6 0.9803560972 0.0678797811 -0.1851871759 -0.0486064181 0.9931021929 0.1067026481 0.1911527365 -0.0956053063 0.9768931866
160.5 52.6 2338.2 0.9778261185 -0.1025074795 -0.1826153100 0.0966115594 0.9944806695 -0.0409188122 0.1858018935 0.0223687328 0.9823325872
-2.7 236.1 2315.5 0.2295768261 -0.8302643299 -0.5078933239 0.9311973453 0.3391742408 -0.1335377991 0.2831360102 -0.4422917366 0.8510065079
-36.3 99.9 2274.1 -0.5129728913 -0.8302643299 0.2179907858 -0.7753491998 0.3391742408 -0.5327236056 0.3683645129 -0.4422917366 -0.8177319765
282.9 264.3 2369.8 0.4915120900 0.0206127334 0.8706268072 0.7347303629 0.5268915892 -0.4272663593 -0.4675330818 0.8496825099 0.2438287884
438.2 496.4 2222.1 -0.9932041168 0.0206127334 0.1145454943 0.1081601232 0.5268915892 0.8430222869 -0.0429760627 0.8496825099 -0.5255404115
93.3 -153.5 2314.3 0.8682360649 0.0051949997 -0.4961241484 0.1010246202 0.9771459699 0.1870287806 0.4857573211 -0.2125058770 0.8478685617
91.3 -541.8 2398.7 0.8673040271 0.1158936843 -0.4840995371 -0.1553196758 0.9869716167 -0.0419864282 0.4729265571 0.1116051823 0.8740050197
272.2 -132.4 2348.9 0.9867210984 0.1270289272 0.1012179479 -0.1340136677 0.9888149500 0.0654628128 -0.0917701498 -0.0781581327 0.9927082062
221.7 -525.4 2379.9 0.9941713214 -0.0708422661 0.0812699124 0.0774933174 0.9936286211 -0.0818350539 -0.0749547258 0.0876559317 0.9933268428
108.9 319.4 2169.8 0 0 0 0 0 0 0 0 0
180.2 524.5 2210.9 0 0 0 0 0 0 0 0 0
56.1 -841.1 2364.9 0 0 0 0 0 0 0 0 0
243.1 -825.5 2353.4 0 0 0 0 0 0 0 0 0
180.4 477.7 2307.8  0.9532293081 0.1584692448 -0.2573739588 -0.1166756973 0.9784564376 0.1703224182 0.2788200974 -0.1323270351 0.9511829019
143.9 252.6 2338.2 0.9532293081 0.1584692448 -0.2573739588 -0.1166756973 0.9784564376 0.1703224182 0.2788200974 -0.1323270351 0.9511829019
163.5 55.2 2342.8 0.9596711993 -0.1006567329 -0.2624869645 0.1031821519 0.9946537018 -0.0041817329 0.2615045607 -0.0230708830 0.9649264812
4.2 237.4 2300.2 0.2457999885 -0.8297466040 -0.5011016726 0.9394730330 0.3312269151 -0.0876308009 0.2386897206 -0.4492318630 0.8609401584
-31.0 102.8 2266.0 -0.5021937490 -0.8297466040 0.2435609996 -0.7942830920 0.3312269151 -0.5093163252 0.3419295549 -0.4492318630 -0.8253937960
283.6 267.9 2376.3 0.4829756320 0.0193313938 0.8754203916 0.7255985737 0.5507870913 -0.4124806225 -0.4901440740 0.8344218731 0.2519899309
435.3 495.8 2222.4 -0.9889099002 0.0193313938 0.1472533941 0.1334507316 0.5507870913 0.8239080310 -0.0651779845 0.8344218731 -0.5472585559
91.2 -153.8 2316.7 0.8258588910 -0.0023007842 -0.5638721585 0.1129534394 0.9803982377 0.1614336073 0.5524478555 -0.1970126778 0.8099305034
92.1 -543.4 2395.0 0.8240884542 0.1183244139 -0.5539652705 -0.1554937661 0.9876269698 -0.0203627162 0.5447016358 0.1029188335 0.8322907090
270.5 -136.1 2350.8 0.9920525551 0.1248829216 0.0153616574 -0.1256456822 0.9897351861 0.0680983663 -0.0066996510 -0.0694872811 0.9975603223
220.9 -529.4 2378.4 0.9972399473 -0.0741898417 -0.0028893396 0.0737567618 0.9943776131 -0.0759805888 0.0085100820 0.0755577683 0.9971051216
110.5 326.6 2169.7 0 0 0 0 0 0 0 0 0
178.5 530.4 2205.5 0 0 0 0 0 0 0 0 0
56.2 -843.4 2363.7 0 0 0 0 0 0 0 0 0
243.0 -826.2 2355.9 0 0 0 0 0 0 0 0 0
192.7 482.2 2301.3  0.9383656383 0.1965959519 -0.2842885852 -0.1416786015 0.9689904451 0.2024466842 0.3152731061 -0.1496914029 0.9371207952
145.9 251.5 2336.9 0.9383656383 0.1965959519 -0.2842885852 -0.1416786015 0.9689904451 0.2024466842 0.3152731061 -0.1496914029 0.9371207952
166.5 54.1 2341.7 0.9500390887 -0.1044008508 -0.2941534221 0.1068993956 0.9942406416 -0.0076183719 0.2932546437 -0.0242070705 0.9557278752
7.4 235.8 2294.2 0.3037503362 -0.8318871260 -0.4644346833 0.9211087823 0.3809953630 -0.0800070092 0.2435042709 -0.4034926891 0.8819860220
-34.7 108.1 2260.4 -0.5191505551 -0.8318871260 0.1960779279 -0.7911911011 0.3809953630 -0.4783922434 0.3232635558 -0.4034926891 -0.8559756279
284.4 267.2 2379.7 0.4581244886 0.0130919842 0.8887916207 0.7329784036 0.5600886345 -0.3860612810 -0.5028564334 0.8283292055 0.2469941825
428.9 498.4 2221.1 -0.9843329787 0.0130919842 0.1758328080 0.1528914571 0.5600886345 0.8142020106 -0.0878224373 0.8283292055 -0.5533154011
95.4 -151.9 2323.5 0.8066394329 0.0038481269 -0.5910313129 0.1048622951 0.9831827879 0.1495174319 0.5816671848 -0.1825835556 0.7926704884
93.9 -542.5 2396.0 0.8015938997 0.1285898387 -0.5838765502 -0.1664864421 0.9859775901 -0.0114199137 0.5742207170 0.1063616648 0.8117621541
270.9 -132.7 2371.2 0.9921619892 0.1226355210 -0.0239824709 -0.1222642213 0.9923623204 0.0163850598 0.0258086901 -0.0133244358 0.9995781183
222.2 -526.5 2376.5 0.9970592856 -0.0680666193 -0.0352099724 0.0652657226 0.9950176477 -0.0753675625 0.0401645564 0.0728479251 0.9965339899
111.5 330.8 2169.4 0 0 0 0 0 0 0 0 0
173.3 538.1 2198.3 0 0 0 0 0 0 0 0 0
54.5 -844.9 2363.4 0 0 0 0 0 0 0 0 0
242.6 -824.2 2354.7 0 0 0 0 0 0 0 0 0
198.1 481.3 2299.5  0.9312527180 0.1990513653 -0.3051998913 -0.1359226406 0.9669127464 0.2158813924 0.3380731642 -0.1595565528 0.9274956584
150.8 251.7 2337.4 0.9312527180 0.1990513653 -0.3051998913 -0.1359226406 0.9669127464 0.2158813924 0.3380731642 -0.1595565528 0.9274956584
168.3 53.9 2340.3 0.9438808560 -0.0887054801 -0.3181513250 0.0887107924 0.9959518313 -0.0145024285 0.3181498647 -0.0145348916 0.9479290247
13.1 238.7 2291.0 0.3656808734 -0.8341637254 -0.4128539264 0.8820015192 0.4522337019 -0.1325065941 0.2972386479 -0.3156826794 0.9011068940
-35.7 120.9 2251.3 -0.5362920761 -0.8341637254 0.1286921948 -0.7986796498 0.4522337019 -0.3969829977 0.2729498744 -0.3156826794 -0.9087589383
288.5 264.7 2383.8 0.4405515492 -0.0207984596 0.8974863291 0.7461690307 0.5643442869 -0.3531958461 -0.4991453290 0.8252775073 0.2641419172
426.8 499.1 2227.0 -0.9772001505 -0.0207984596 0.2112989724 0.1629809141 0.5643442869 0.8092915416 -0.1360773742 0.8252775073 -0.5480875373
100.1 -153.3 2319.7 0.7936441302 0.0180792846 -0.6081136465 0.1033642143 0.9810190201 0.1640655845 0.5995371938 -0.1930668801 0.7767112255
92.9 -543.1 2396.4 0.7888752818 0.1255647838 -0.6015889645 -0.1672248393 0.9858260751 -0.0135216797 0.5913642645 0.1112675294 0.7986913323
274.0 -133.6 2373.4 0.9900491238 0.1321660131 -0.0483204573 -0.1319043785 0.9912253022 0.0085776076 0.0490301289 -0.0021185726 0.9987950325
221.5 -527.1 2374.2 0.9957796931 -0.0708970129 -0.0582784787 0.0669441447 0.9954918027 -0.0671907142 0.0627793670 0.0630057454 0.9960366488
115.6 346.3 2174.3 0 0 0 0 0 0 0 0 0
173.3 541.4 2191.7 0 0 0 0 0 0 0 0 0
54.4 -845.5 2362.3 0 0 0 0 0 0 0 0 0
242.7 -824.6 2355.4 0 0 0 0 0 0 0 0 0
200.5 479.1 2297.6  0.9255215526 0.1970546246 -0.3233872652 -0.1300484240 0.9674049020 0.2172905207 0.3556645215 -0.1590510607 0.9209807515
153.6 248.5 2335.5 0.9255215526 0.1970546246 -0.3233872652 -0.1300484240 0.9674049020 0.2172905207 0.3556645215 -0.1590510607 0.9209807515
170.0 50.6 2340.3 0.9380753636 -0.0832011029 -0.3362918198 0.0864687189 0.9962406158 -0.0052755908 0.3354664743 -0.0241298210 0.9417430758
16.7 235.9 2286.6 0.3784650564 -0.8387942910 -0.3913928568 0.8479408026 0.4837414026 -0.2167733461 0.3711611629 -0.2498368323 0.8943271041
-31.3 128.5 2239.6 -0.5366239548 -0.8387942910 0.0919722021 -0.8120738268 0.4837414026 -0.3263898194 0.2292831540 -0.2498368323 -0.9407501221
290.5 261.2 2384.5 0.4284298122 -0.0489462614 0.9022483826 0.7608564496 0.5581478477 -0.3310112059 -0.4873862267 0.8282966018 0.2763682604
425.0 500.0 2231.5 -0.9716842175 -0.0489462614 0.2311580628 0.1653178185 0.5581478477 0.8131057620 -0.1688188612 0.8282966018 -0.5342517495
99.5 -152.1 2314.0 0.7827479243 0.0173860304 -0.6220960021 0.1122842431 0.9792598486 0.1686487347 0.6121257544 -0.2018610239 0.7645614147
92.6 -541.2 2394.2 0.7780759931 0.1251041293 -0.6155864596 -0.1624508649 0.9867049456 -0.0048055910 0.6068009734 0.1037416682 0.7880547047
272.3 -135.8 2372.2 0.9896745682 0.1268649846 -0.0667043701 -0.1256718785 0.9918321967 0.0218051467 0.0689258501 -0.0131971352 0.9975345135
221.9 -529.8 2377.5 0.9944887757 -0.0687399283 -0.0791633576 0.0625340343 0.9949610233 -0.0783715174 0.0841517076 0.0729891956 0.9937761426
118.8 355.6 2175.5 0 0 0 0 0 0 0 0 0
172.8 542.9 2187.7 0 0 0 0 0 0 0 0 0
53.8 -847.1 2362.0 0 0 0 0 0 0 0 0 0
242.2 -822.4 2356.0 0 0 0 0 0 0 0 0 0
202.4 479.2 2295.7  0.9231147766 0.1907501221 -0.3338764608 -0.1244016215 0.9697375298 0.2100794315 0.3638451993 -0.1523926556 0.9189086556
155.9 242.5 2332.9 0.9231147766 0.1907501221 -0.3338764608 -0.1244016215 0.9697375298 0.2100794315 0.3638451993 -0.1523926556 0.9189086556
172.0 44.6 2339.8 0.9349578619 -0.0812698677 -0.3453244865 0.0882526413 0.9960878491 0.0045191417 0.3436062634 -0.0347010046 0.9384724498
19.3 229.6 2282.7 0.3723723888 -0.8576124907 -0.3547388017 0.8272703290 0.4799708128 -0.2919791937 0.4206692576 -0.1847398877 0.8882052302
-25.5 130.0 2232.1 -0.5111678243 -0.8576124907 0.0566416718 -0.8350653052 0.4799708128 -0.2688752711 0.2034044415 -0.1847398877 -0.9615080953
292.4 255.5 2383.1 0.4170137048 -0.0697456449 0.9062202573 0.7754426599 0.5474029779 -0.3147041202 -0.4741184115 0.8339577317 0.2823582888
424.0 500.1 2233.5 -0.9675288200 -0.0697456449 0.2429476678 0.1664786488 0.5474029779 0.8201431632 -0.1901916862 0.8339577317 -0.5180169940
100.6 -155.2 2314.3 0.7768914104 0.0221279431 -0.6292456388 0.1109244153 0.9789411426 0.1713769138 0.6197866797 -0.2029399574 0.7580764294
91.8 -544.3 2395.0 0.7717221379 0.1261647642 -0.6233196259 -0.1641502827 0.9864288568 -0.0035709348 0.6144099236 0.1050738543 0.7819589972
272.5 -139.4 2375.8 0.9891265035 0.1240554154 -0.0789874271 -0.1236403808 0.9922752380 0.0101426588 0.0796355233 -0.0002663375 0.9968240261
223.2 -533.6 2375.9 0.9938050508 -0.0667890757 -0.0888300315 0.0605923124 0.9956543446 -0.0707180053 0.0931671932 0.0648975000 0.9935331941
115.9 361.0 2175.8 0 0 0 0 0 0 0 0 0
172.8 543.4 2184.1 0 0 0 0 0 0 0 0 0
52.9 -848.6 2362.6 0 0 0 0 0 0 0 0 0
242.6 -823.5 2357.0 0 0 0 0 0 0 0 0 0
200.3 476.6 2290.2  0.9308371544 0.1835862994 -0.3159719408 -0.1135869250 0.9671716690 0.2273256928 0.3473330140 -0.1757129133 0.9211323261
155.4 240.1 2333.2 0.9308371544 0.1835862994 -0.3159719408 -0.1135869250 0.9671716690 0.2273256928 0.3473330140 -0.1757129133 0.9211323261
170.8 42.1 2340.2 0.9415526986 -0.0774730667 -0.3278360665 0.0846961290 0.9963763952 0.0077890446 0.3260446489 -0.0351002403 0.9447025061
17.9 227.7 2285.6 0.3290744424 -0.8657698035 -0.3770314157 0.8107864857 0.4637262821 -0.3571879864 0.4840819538 -0.1881505400 0.8545548916
-21.6 130.3 2227.4 -0.4948241413 -0.8657698035 0.0747780427 -0.8494223952 0.4637262821 -0.2518720925 0.1833867133 -0.1881505400 -0.9648671746
292.9 252.5 2380.8 0.4130048454 -0.0904977173 0.9062213898 0.7845693231 0.5406427979 -0.3035726249 -0.4624694288 0.8363704681 0.2942898273
423.3 500.2 2234.8 -0.9633421302 -0.0904977173 0.2525511980 0.1654479504 0.5406427979 0.8248226047 -0.2111845464 0.8363704681 -0.5058513284
102.4 -161.4 2315.1 0.7884126902 0.0319864303 -0.6143144369 0.0969396532 0.9797086120 0.1754245460 0.6074603796 -0.1978583783 0.7693139315
89.7 -550.7 2393.8 0.7831997871 0.1198327243 -0.6101132631 -0.1534049809 0.9881592989 -0.0028403471 0.6025487185 0.0958189741 0.7923091054
273.8 -145.2 2378.1 0.9898595214 0.1279392689 -0.0617220886 -0.1280354857 0.9917666316 0.0024099138 0.0615222305 0.0055171414 0.9980904460
223.0 -539.2 2376.0 0.9951526523 -0.0680886284 -0.0709583461 0.0630873293 0.9955155849 -0.0704887658 0.0754396245 0.0656705126 0.9949855804
114.3 363.6 2177.1 0 0 0 0 0 0 0 0 0
173.1 543.2 2179.9 0 0 0 0 0 0 0 0 0
53.5 -848.6 2364.9 0 0 0 0 0 0 0 0 0
242.3 -822.4 2357.3 0 0 0 0 0 0 0 0 0
201.5 477.0 2285.0  0.9233256578 0.1968917251 -0.3297020197 -0.1195765436 0.9632847905 0.2403828502 0.3649263382 -0.1825270206 0.9129691720
152.6 237.8 2330.3 0.9233256578 0.1968917251 -0.3297020197 -0.1195765436 0.9632847905 0.2403828502 0.3649263382 -0.1825270206 0.9129691720
170.6 40.0 2337.0 0.9350598454 -0.0905326605 -0.3427345157 0.0965103060 0.9953318834 0.0003876556 0.3410995007 -0.0334398933 0.9394322038
16.0 223.7 2280.5 0.3045383692 -0.8669679165 -0.3944908381 0.8261377215 0.4465569556 -0.3436326087 0.4740810692 -0.2212544233 0.8522286415
-18.0 131.3 2227.5 -0.4857214391 -0.8669679165 0.1115406603 -0.8565006852 0.4465569556 -0.2588310242 0.1745889336 -0.2212544233 -0.9594608545
289.1 251.9 2380.1 0.4231646359 -0.1002781540 0.9004865289 0.7820883393 0.5422177315 -0.3071445227 -0.4574598968 0.8342326880 0.3078737557
423.4 500.0 2235.0 -0.9611208439 -0.1002781540 0.2572761178 0.1640188396 0.5422177315 0.8240738511 -0.2221362740 0.8342326880 -0.5046892762
99.8 -163.6 2317.3 0.7774468064 0.0255887620 -0.6284279227 0.1094675139 0.9784165621 0.1752653569 0.6193490624 -0.2050519437 0.7578656673
89.6 -552.5 2398.7 0.7735859156 0.1230128929 -0.6216370463 -0.1695317328 0.9853952527 -0.0159756355 0.6105930209 0.1177457348 0.7831424475
272.5 -148.1 2377.0 0.9900901318 0.1162545308 -0.0787807330 -0.1176305860 0.9929717779 -0.0130414385 0.0767109245 0.0221792236 0.9968066812
226.3 -542.6 2368.2 0.9966027141 -0.0339394584 -0.0750407428 0.0354260765 0.9991997480 0.0185689088 0.0743504688 -0.0211642236 0.9970075488
113.8 363.7 2180.1 0 0 0 0 0 0 0 0 0
173.7 542.6 2177.3 0 0 0 0 0 0 0 0 0
53.0 -845.9 2363.7 0 0 0 0 0 0 0 0 0
237.5 -874.6 2375.3 0 0 0 0 0 0 0 0 0
200.6 479.6 2287.9  0.9121581912 0.2188424766 -0.3465190530 -0.1412461102 0.9615647197 0.2354629934 0.3847298026 -0.1658350229 0.9080097675
146.0 239.8 2329.2 0.9121581912 0.2188424766 -0.3465190530 -0.1412461102 0.9615647197 0.2354629934 0.3847298026 -0.1658350229 0.9080097675
168.0 42.5 2335.1 0.9262916446 -0.1104098558 -0.3602685630 0.1135776117 0.9934512973 -0.0124374349 0.3592824638 -0.0293977503 0.9327657223
10.8 223.3 2276.8 0.1983088404 -0.8529056907 -0.4829342067 0.8701906204 0.3799502254 -0.3136974275 0.4510453045 -0.3580358624 0.8175380230
-11.7 124.8 2225.7 -0.4581784606 -0.8529056907 0.2502485812 -0.8735074401 0.3799502254 -0.3043396473 0.1644910276 -0.3580358624 -0.9191044569
281.3 256.4 2381.7 0.4466589391 -0.0992685035 0.8891803026 0.7668673396 0.5544158220 -0.3233226538 -0.4608798623 0.8262982965 0.3237605691
423.2 500.1 2235.2 -0.9606180191 -0.0992685035 0.2595357597 0.1631934941 0.5544158220 0.8160827160 -0.2249020338 0.8262982965 -0.5163818598
102.8 -166.6 2312.4 0.7630352378 0.0369831249 -0.6452979445 0.1128322333 0.9754108191 0.1893213987 0.6364322901 -0.2172693163 0.7400999665
88.1 -554.2 2398.7 0.7599436045 0.1171424165 -0.6393460631 -0.1629064530 0.9865574837 -0.0128756324 0.6292433739 0.1139383540 0.7688113451
274.3 -148.9 2374.9 0.9887409806 0.1153774336 -0.0952856168 -0.1161471829 0.9932287335 -0.0025533638 0.0943458155 0.0135917719 0.9954466820
228.4 -543.6 2369.5 0.9956642389 -0.0180898402 -0.0912442654 0.0210649446 0.9992738962 0.0317489281 0.0906036794 -0.0335333273 0.9953222871
113.4 363.2 2180.8 0 0 0 0 0 0 0 0 0
173.6 542.5 2176.8 0 0 0 0 0 0 0 0 0
53.4 -846.6 2364.9 0 0 0 0 0 0 0 0 0
234.9 -900.4 2381.5 0 0 0 0 0 0 0 0 0
198.1 478.7 2284.3  0.8966733813 0.2212824523 -0.3834199905 -0.1361754090 0.9619858265 0.2367266119 0.4212280512 -0.1600540727 0.8927203417
143.2 240.1 2324.0 0.8966733813 0.2212824523 -0.3834199905 -0.1361754090 0.9619858265 0.2367266119 0.4212280512 -0.1600540727 0.8927203417
165.3 43.0 2334.3 0.9112060070 -0.1117152944 -0.3965139389 0.1230470240 0.9923958182 0.0031660879 0.3931450844 -0.0516748205 0.9180232286
10.2 222.1 2266.7 0.1305744201 -0.8168912530 -0.5618176460 0.9251069427 0.3041785359 -0.2272721082 0.3565494418 -0.4900654554 0.7954296470
-4.6 117.1 2226.2 -0.4261842072 -0.8168912530 0.3886589110 -0.8908233643 0.3041785359 -0.3375043273 0.1574826241 -0.4900654554 -0.8573418856
276.2 258.1 2381.4 0.4575802684 -0.0899353623 0.8846083283 0.7576792240 0.5600985289 -0.3349803388 -0.4653412402 0.8235297799 0.3244321942
422.2 499.8 2232.9 -0.9624786377 -0.0899353623 0.2560206056 0.1636818945 0.5600985289 0.8120947480 -0.2164327949 0.8235297799 -0.5243620276
105.0 -165.3 2308.1 0.7375778556 0.0424233079 -0.6739282012 0.1349757761 0.9686210752 0.2086976916 0.6616346836 -0.2448947579 0.7087073326
88.1 -550.0 2405.3 0.7372266054 0.1157530397 -0.6656562090 -0.1721071452 0.9848882556 -0.0193465557 0.6533575654 0.1288269907 0.7460077405
274.8 -144.5 2374.0 0.9831359982 0.1243163124 -0.1341232359 -0.1233080924 0.9922421575 0.0158307143 0.1350507438 0.0009747347 0.9908382297
225.4 -538.7 2373.6 0.9895077944 -0.0445819981 -0.1374291480 0.0434884019 0.9989939332 -0.0109513225 0.1377791017 0.0048598452 0.9904510379
113.2 363.3 2182.7 0 0 0 0 0 0 0 0 0
172.1 542.4 2176.7 0 0 0 0 0 0 0 0 0
53.2 -847.4 2366.4 0 0 0 0 0 0 0 0 0
240.1 -867.4 2372.0 0 0 0 0 0 0 0 0 0
195.8 477.5 2282.0  0.8886100054 0.2132188082 -0.4060911834 -0.1267537773 0.9650573730 0.2293418795 0.4408012927 -0.1523218900 0.8845859170
142.3 235.6 2320.2 0.8886100054 0.2132188082 -0.4060911834 -0.1267537773 0.9650573730 0.2293418795 0.4408012927 -0.1523218900 0.8845859170
166.6 39.1 2336.5 0.9012013078 -0.1229344904 -0.4156000018 0.1457699686 0.9890385270 0.0235349741 0.4081511497 -0.0817917436 0.9092429280
10.8 214.2 2260.7 0.2377720177 -0.8098521829 -0.5362871289 0.9595111609 0.2816706598 0.0000621000 0.1510060579 -0.5145882368 0.8440356255
-31.5 43.8 2233.9 -0.4235164821 -0.7999992371 0.4250117540 -0.8965827227 0.3030948937 -0.3229131699 0.1295113862 -0.5178172588 -0.8456311822
273.9 256.9 2379.8 0.4638547003 -0.1049599499 0.8796716332 0.7579471469 0.5610811114 -0.3327222168 -0.4586446285 0.8210794330 0.3398142159
422.5 499.8 2232.8 -0.9595909119 -0.1049599499 0.2610913813 0.1596239656 0.5610811114 0.8122242093 -0.2317444533 0.8210794330 -0.5216541886
103.9 -165.5 2308.6 0.7209076881 0.0381740183 -0.6919789314 0.1376153082 0.9707135558 0.1969192475 0.6792305708 -0.2371874899 0.6945415139
88.8 -551.2 2402.8 0.7190076709 0.1196256429 -0.6846295595 -0.1740451902 0.9846791625 -0.0107312780 0.6728567481 0.1268723607 0.7288121581
