30.3 446.3 2069.3 1 0.9949005246 -0.0074635260 0.1005843505 0.0020438631 0.9985454679 0.0538774654 -0.1008401588 -0.0533971377 0.9934687018
31.8 248.2 2079.9 0.9949005246 -0.0074635260 0.1005843505 0.0020438631 0.9985454679 0.0538774654 -0.1008401588 -0.0533971377 0.9934687018
33.1 54.4 2088.7 0.9949000478 -0.0067107850 0.1006421521 0.0021119963 0.9989515543 0.0457315706 -0.1008435264 -0.0452857874 0.9938710928
-104.1 247.9 2093.7 0.2281127274 -0.9549590945 -0.1897834688 0.9700192213 0.2396890372 -0.0401483551 0.0838290527 -0.1749352515 0.9810047746
-151.3 47.0 2076.3 -0.2182495743 -0.9549590945 -0.2010480165 -0.1679151654 0.2396890372 -0.9562184215 0.9613384604 -0.1749352515 -0.2126641423
167.7 248.5 2066.1 0.1707485765 0.9277276993 0.3319129944 -0.9408520460 0.2535647750 -0.2247273475 -0.2926472127 -0.2739091516 0.9161503315
204.1 47.7 2003.6 -0.3326125741 0.9277276993 0.1693817973 0.2285956591 0.2535647750 -0.9399196506 -0.9149387479 -0.2739091516 -0.2964133620
-57.5 -138.7 2099.3 0.9842512012 -0.0050888672 -0.1767023206 -0.0004211126 0.9995152354 -0.0311307777 0.1767750829 0.0307149161 0.9837719202
-55.5 -526.7 2087.4 0.9791781306 0.1073030829 -0.1723258793 -0.0677892119 0.9729899764 0.2206697613 0.1913498938 -0.2043931633 0.9600045085
121.1 -139.0 2085.2 0.7051908374 0.0760600790 0.7049260736 -0.0537664033 0.9971032143 -0.0537988022 -0.7069759965 0.0000370792 0.7072375417
91.6 -526.0 2085.1 0.7011810541 -0.1189313531 0.7029939294 -0.0164575092 0.9830268621 0.1827219427 -0.7127932906 -0.1396906972 0.6873224974
-97.1 88.7 1837.3 0 0 0 0 0 0 0 0 0
120.9 104.9 1774.8 0 0 0 0 0 0 0 0 0
-95.6 -889.9 2163.7 0 0 0 0 0 0 0 0 0
136.0 -892.9 2137.3 0 0 0 0 0 0 0 0 0
30.7 446.9 2067.1 2 0.9956635237 -0.0066527957 0.0927893445 0.0010928450 0.9982072115 0.0598426759 -0.0930211172 -0.0594817661 0.9938858151
32.0 248.6 2078.9 0.9956635237 -0.0066527957 0.0927893445 0.0010928450 0.9982072115 0.0598426759 -0.0930211172 -0.0594817661 0.9938858151
33.3 54.7 2088.7 0.9956590533 -0.0064629274 0.0928510278 0.0017779198 0.9987249374 0.0504516214 -0.0930586979 -0.0500675328 0.9944009781
-104.0 248.4 2091.7 0.2133443058 -0.9597878456 -0.1824596375 0.9748060107 0.2215686291 -0.0257019140 0.0650957152 -0.1723793894 0.9828773737
-148.0 47.6 2078.3 -0.2035136223 -0.9597878456 -0.1933636963 -0.1262200475 0.2215686291 -0.9669414759 0.9709020257 -0.1723793894 -0.1662367135
168.0 248.8 2066.2 0.2031967193 0.9123237729 0.3554946184 -0.9300156832 0.2933871448 -0.2213477343 -0.3062383533 -0.2856384516 0.9080907106
212.2 46.7 1999.7 -0.3569216728 0.9123237729 0.2006794363 0.2279144228 0.2933871448 -0.9284282327 -0.9059039354 -0.2856384516 -0.3126479685
-54.7 -139.7 2106.5 0.9828287959 0.0065132165 -0.1844047457 -0.0140738590 0.9991117120 -0.0397211201 0.1839822233 0.0416343510 0.9820474386
-57.2 -527.5 2090.3 0.9793007970 0.0995461494 -0.1762399822 -0.0586303435 0.9728859067 0.2237307727 0.1937329322 -0.2087667137 0.9585843682
123.6 -139.3 2088.4 0.7113877535 0.0788930878 0.6983576417 -0.0483021289 0.9968181849 -0.0634066612 -0.7011379600 0.0113745593 0.7129349113
92.9 -526.3 2084.0 0.7110612392 -0.1095122322 0.6945495009 -0.0453559458 0.9785954952 0.2007330358 -0.7016656995 -0.1742354333 0.6908742785
-97.9 78.6 1839.6 0 0 0 0 0 0 0 0 0
123.0 103.7 1773.3 0 0 0 0 0 0 0 0 0
-94.3 -890.6 2168.2 0 0 0 0 0 0 0 0 0
133.8 -891.3 2149.0 0 0 0 0 0 0 0 0 0
30.5 443.6 2066.0 3 0.9956502914 -0.0092763668 0.0927065462 0.0032333720 0.9978719950 0.0651229024 -0.0931133702 -0.0645398796 0.9935615063
32.4 245.3 2078.9 0.9956502914 -0.0092763668 0.0927065462 0.0032333720 0.9978719950 0.0651229024 -0.0931133702 -0.0645398796 0.9935615063
34.0 51.5 2089.8 0.9956504107 -0.0084863864 0.0927807391 0.0032181458 0.9983812571 0.0567844249 -0.0931124464 -0.0562388524 0.9940660000
-103.7 244.8 2091.6 0.2041255534 -0.9630835056 -0.1755076647 0.9771609306 0.2112703025 -0.0228333715 0.0590700023 -0.1668383628 0.9842132330
-144.6 48.7 2079.7 -0.1890732944 -0.9630835056 -0.1916284710 -0.0896912739 0.2112703025 -0.9733037949 0.9778582454 -0.1668383628 -0.1263257563
168.4 245.7 2066.2 0.2311882824 0.8934347630 0.3851314783 -0.9129819274 0.3360099196 -0.2314332277 -0.3361784816 -0.2981134355 0.8933713436
218.9 46.1 1992.7 -0.3801668882 0.8934347630 0.2392643243 0.2121148109 0.3360099196 -0.9176626205 -0.9002668858 -0.2981134355 -0.3172506094
-54.7 -139.3 2106.7 0.9828245044 0.0087128617 -0.1843369305 -0.0165047329 0.9990319014 -0.0407776572 0.1838032007 0.0431197137 0.9820168614
-58.1 -527.1 2090.0 0.9797340631 0.0947562680 -0.1764721125 -0.0571210757 0.9766152501 0.2072675675 0.1919852644 -0.1929868311 0.9622358084
123.7 -138.9 2090.0 0.7113890648 0.0837158784 0.6977945566 -0.0520930365 0.9964299202 -0.0664358661 -0.7008650899 0.0109115150 0.7132104039
91.2 -525.8 2085.8 0.7094633579 -0.1163353473 0.6950739622 -0.0349755473 0.9792534113 0.1995983869 -0.7038738728 -0.1659183353 0.6906754971
-98.3 70.6 1840.3 0 0 0 0 0 0 0 0 0
123.5 99.4 1766.8 0 0 0 0 0 0 0 0 0
-93.4 -891.6 2162.0 0 0 0 0 0 0 0 0 0
134.6 -891.2 2147.7 0 0 0 0 0 0 0 0 0
31.9 442.4 2066.5 4 0.9958671927 -0.0045439913 0.0907076225 -0.0012976916 0.9979337454 0.0642386004 -0.0908120945 -0.0640908256 0.9938035607
32.8 244.1 2079.2 0.9958671927 -0.0045439913 0.0907076225 -0.0012976916 0.9979337454 0.0642386004 -0.0908120945 -0.0640908256 0.9938035607
33.4 50.3 2089.8 0.9958696961 -0.0029956372 0.0907447115 -0.0019549173 0.9985163808 0.0544167869 -0.0907730982 -0.0543694273 0.9943863750
-103.2 244.4 2091.6 0.2085392773 -0.9611980915 -0.1805813611 0.9774360657 0.2111791074 0.0047007827 0.0336166248 -0.1774870306 0.9835488200
-145.2 47.6 2084.9 -0.1944139004 -0.9611980915 -0.1957076788 -0.0621239059 0.2111791074 -0.9754711986 0.9789503813 -0.1774870306 -0.1007695347
168.9 243.9 2066.8 0.2335590422 0.8865423799 0.3993654847 -0.8958111405 0.3559083045 -0.2661797702 -0.3781171441 -0.2955873609 0.8773001432
220.5 46.1 1983.3 -0.3733875453 0.8865423799 0.2731745839 0.1731767058 0.3559083045 -0.9183349609 -0.9113679528 -0.2955873609 -0.2864202261
-53.5 -142.6 2109.0 0.9822411537 0.0169347823 -0.1868568361 -0.0250593945 0.9988364577 -0.0412042290 0.1859416366 0.0451550111 0.9815226793
-60.1 -530.3 2091.5 0.9807078838 0.0851107314 -0.1759779602 -0.0449618846 0.9743152857 0.2206538469 0.1902380288 -0.2084846646 0.9593454003
124.9 -142.0 2092.4 0.7129994631 0.0877704769 0.6956494451 -0.0517467670 0.9960156083 -0.0726304725 -0.6992524862 0.0157878753 0.7147004008
90.8 -528.7 2086.2 0.7105967402 -0.1239997223 0.6925867200 -0.0316203311 0.9777253270 0.2074931115 -0.7028886676 -0.1693437546 0.6908475161
-97.0 63.0 1842.3 0 0 0 0 0 0 0 0 0
127.9 89.0 1757.4 0 0 0 0 0 0 0 0 0
-91.9 -894.0 2169.3 0 0 0 0 0 0 0 0 0
137.1 -893.6 2149.4 0 0 0 0 0 0 0 0 0
31.3 442.8 2066.7 5 0.9948796630 -0.0048711533 0.1009491012 -0.0015922703 0.9979584217 0.0638472885 -0.1010540128 -0.0636811033 0.9928407669
32.3 244.5 2079.4 0.9948796630 -0.0048711533 0.1009491012 -0.0015922703 0.9979584217 0.0638472885 -0.1010540128 -0.0636811033 0.9928407669
33.1 50.6 2090.0 0.9948789477 -0.0040997942 0.1009904891 -0.0014313846 0.9985052943 0.0546360426 -0.1010635346 -0.0545008071 0.9933860302
-103.7 244.7 2093.2 0.2104244679 -0.9579918385 -0.1948670447 0.9763785601 0.2159441859 -0.0072809802 0.0490555242 -0.1887319088 0.9808026552
-146.2 47.3 2083.3 -0.2026083320 -0.9579918385 -0.2029815018 -0.0438296497 0.2159441859 -0.9754214883 0.9782785177 -0.1887319088 -0.0857405365
168.2 244.3 2065.6 0.2243383825 0.8887217045 0.3998074532 -0.8829628825 0.3589750826 -0.3025118411 -0.4123697579 -0.2851501107 0.8652402163
218.2 47.3 1973.6 -0.3549246788 0.8887217045 0.2901760936 0.1450586021 0.3589750826 -0.9220058918 -0.9235726595 -0.2851501107 -0.2563258410
-55.2 -143.3 2108.5 0.9841795564 0.0127086136 -0.1767176241 -0.0207741167 0.9988214374 -0.0438656025 0.1759518832 0.0468427837 0.9832836390
-60.2 -531.1 2090.3 0.9814262986 0.0957744420 -0.1662216485 -0.0548076928 0.9703306556 0.2354877591 0.1838436723 -0.2220036536 0.9575572610
123.2 -143.7 2092.2 0.7061707377 0.0789031014 0.7036314011 -0.0465615802 0.9967952371 -0.0650479943 -0.7065089345 0.0131727988 0.7075815201
92.6 -530.7 2087.1 0.7059528828 -0.1061926186 0.7002525330 -0.0445372574 0.9800832272 0.1935284883 -0.7068570852 -0.1678093225 0.6871630549
-95.7 58.2 1839.3 0 0 0 0 0 0 0 0 0
130.8 83.0 1746.1 0 0 0 0 0 0 0 0 0
-95.9 -893.2 2173.1 0 0 0 0 0 0 0 0 0
132.2 -896.4 2149.7 0 0 0 0 0 0 0 0 0
34.3 443.0 2070.9 6 0.9955589175 0.0037603427 0.0940651521 -0.0086200219 0.9986455441 0.0513100773 -0.0937447995 -0.0518930517 0.9942429662
33.6 244.9 2081.1 0.9955589175 0.0037603427 0.0940651521 -0.0086200219 0.9986455441 0.0513100773 -0.0937447995 -0.0518930517 0.9942429662
32.7 51.0 2089.8 0.9955580235 0.0046673445 0.0940342247 -0.0088375192 0.9989933372 0.0439799167 -0.0937342942 -0.0446155891 0.9945970774
-102.4 246.1 2094.0 0.2225068063 -0.9533127546 -0.2041702867 0.9735373855 0.2284557372 -0.0057357731 0.0521118604 -0.1974911690 0.9789186120
-148.0 46.7 2083.3 -0.2103996724 -0.9533127546 -0.2166258544 -0.0333484672 0.2284557372 -0.9729829431 0.9770464897 -0.1974911690 -0.0798585340
169.6 243.7 2068.3 0.2100008726 0.8930168152 0.3980208039 -0.8721581101 0.3550884128 -0.3365300298 -0.4418595731 -0.2764654458 0.8534207344
217.0 46.7 1968.6 -0.3375920355 0.8930168152 0.2975777984 0.1223598570 0.3550884128 -0.9267902970 -0.9333058000 -0.2764654458 -0.2291444242
-55.3 -143.1 2109.6 0.9827992320 0.0124422731 -0.1842574924 -0.0207324494 0.9988541603 -0.0431343094 0.1835096776 0.0462124757 0.9819310904
-60.1 -530.9 2091.7 0.9803889990 0.0907539874 -0.1749317199 -0.0521083474 0.9754388928 0.2140179127 0.1900581867 -0.2007054090 0.9610385895
123.0 -143.3 2091.5 0.7104688287 0.0759679377 0.6996162534 -0.0521009937 0.9971060753 -0.0553617254 -0.7017973065 0.0028820813 0.7123708129
93.5 -530.4 2090.4 0.7079236507 -0.0965152383 0.6996634603 -0.0229158495 0.9869589210 0.1593326777 -0.7059171200 -0.1288287491 0.6964798570
-95.3 55.0 1838.6 0 0 0 0 0 0 0 0 0
133.9 76.9 1738.8 0 0 0 0 0 0 0 0 0
-94.0 -894.9 2166.6 0 0 0 0 0 0 0 0 0
129.5 -898.5 2138.4 0 0 0 0 0 0 0 0 0
35.0 443.4 2067.9 7 0.9955288172 0.0059452374 0.0942708477 -0.0115813268 0.9981698990 0.0593522564 -0.0937454551 -0.0601786636 0.9937757850
33.8 245.3 2079.9 0.9955288172 0.0059452374 0.0942708477 -0.0115813268 0.9981698990 0.0593522564 -0.0937454551 -0.0601786636 0.9937757850
32.5 51.4 2090.0 0.9955256581 0.0071686595 0.0942191780 -0.0120635657 0.9986008406 0.0514859073 -0.0937182680 -0.0523921624 0.9942192435
-102.2 246.9 2092.7 0.2088030130 -0.9587061405 -0.1930903345 0.9772937298 0.2118281871 0.0050800238 0.0360317230 -0.1897666901 0.9811678529
-146.7 38.6 2085.0 -0.2058520764 -0.9587061405 -0.1962332726 -0.0564534590 0.2118281871 -0.9756750464 0.9769533873 -0.1897666901 -0.0977275521
169.9 243.6 2067.0 0.1892923862 0.9075677395 0.3748189211 -0.8771683574 0.3278479576 -0.3508439064 -0.4412982166 -0.2623671889 0.8581488132
212.6 45.4 1967.3 -0.3097735643 0.9075677395 0.2834804356 0.1009260416 0.3278479576 -0.9393240213 -0.9454386830 -0.2623671889 -0.1931558400
-57.4 -142.1 2106.9 0.9828637242 0.0042062560 -0.1842857301 -0.0107403714 0.9993479252 -0.0344725996 0.1840205640 0.0358611643 0.9822679758
-59.0 -530.1 2092.9 0.9797642827 0.0912648216 -0.1781366616 -0.0544952378 0.9780055285 0.2013342530 0.1925933659 -0.1875525117 0.9631883502
121.0 -143.7 2090.1 0.7108910084 0.0712516680 0.6996836066 -0.0512465313 0.9974581599 -0.0495078899 -0.7014326453 -0.0006616447 0.7127354145
93.3 -531.0 2090.3 0.7077593803 -0.1059378460 0.6984653473 -0.0184799097 0.9855778217 0.1682106853 -0.7062118053 -0.1319602579 0.6955942512
-94.5 52.9 1837.4 0 0 0 0 0 0 0 0 0
136.4 70.2 1734.7 0 0 0 0 0 0 0 0 0
-93.1 -895.1 2162.9 0 0 0 0 0 0 0 0 0
132.8 -898.7 2139.5 0 0 0 0 0 0 0 0 0
34.7 444.1 2068.4 8 0.9949153066 0.0050997892 0.1005856395 -0.0109483683 0.9982751012 0.0576792806 -0.1001179889 -0.0584872477 0.9932550788
33.7 246.1 2080.0 0.9949153066 0.0050997892 0.1005856395 -0.0109483683 0.9982751012 0.0576792806 -0.1001179889 -0.0584872477 0.9932550788
32.3 52.3 2090.0 0.9949078560 0.0070518772 0.1005414575 -0.0121735949 0.9986539483 0.0504192114 -0.1000505760 -0.0513864234 0.9936545491
-102.3 247.8 2093.7 0.2110322416 -0.9551359415 -0.2077997178 0.9756414890 0.2188501209 -0.0151098222 0.0599089265 -0.1995493621 0.9780547023
-147.3 39.7 2080.9 -0.2149420530 -0.9551359415 -0.2037528902 -0.0486907400 0.2188501209 -0.9745428562 0.9754123092 -0.1995493621 -0.0935463682
169.6 244.5 2066.4 0.1840722114 0.9086979032 0.3746805787 -0.8756553531 0.3247587383 -0.3574345112 -0.4464807808 -0.2622973025 0.8554852605
211.6 44.9 1964.6 -0.3011060655 0.9086979032 0.2891422808 0.0746977702 0.3247587383 -0.9428424835 -0.9506605268 -0.2622973025 -0.1656645387
-58.1 -141.3 2108.6 0.9840140343 -0.0032422612 -0.1780615747 -0.0055062026 0.9988023639 -0.0486155339 0.1780059487 0.0488188080 0.9828177094
-56.9 -529.0 2089.6 0.9799055457 0.0988524631 -0.1732434034 -0.0628783330 0.9773597121 0.2020255178 0.1892918348 -0.1870726645 0.9639359117
120.3 -143.5 2091.8 0.7065461874 0.0737142488 0.7038172483 -0.0488087684 0.9972677231 -0.0554507487 -0.7059817314 0.0048260633 0.7082136273
91.6 -530.6 2089.9 0.7025591731 -0.1153795570 0.7022095323 -0.0101565076 0.9850422740 0.1720131785 -0.7115528584 -0.1279814243 0.6908786297
-93.1 52.0 1835.0 0 0 0 0 0 0 0 0 0
137.1 63.3 1729.6 0 0 0 0 0 0 0 0 0
-93.8 -893.8 2159.5 0 0 0 0 0 0 0 0 0
134.7 -898.3 2137.7 0 0 0 0 0 0 0 0 0
34.7 443.3 2067.2 9 0.9947671890 0.0075391182 0.1018893644 -0.0136793088 0.9981226325 0.0596996844 -0.1012480035 -0.0607810616 0.9930027723
33.2 245.3 2079.3 0.9947671890 0.0075391182 0.1018893644 -0.0136793088 0.9981226325 0.0596996844 -0.1012480035 -0.0607810616 0.9930027723
31.6 51.4 2089.2 0.9947678447 0.0084225973 0.1018134877 -0.0135941301 0.9986462593 0.0502075702 -0.1012527794 -0.0513289422 0.9935356975
-102.7 247.1 2093.1 0.1912249029 -0.9607414603 -0.2010196298 0.9790406227 0.2013179511 -0.0308305342 0.0700890347 -0.1909108162 0.9791019559
-143.7 37.2 2078.1 -0.2057188004 -0.9607414603 -0.1861602366 -0.0551990718 0.2013179511 -0.9779694080 0.9770531654 -0.1909108162 -0.0944469199
169.1 243.4 2065.4 0.1867104471 0.9127608538 0.3633274138 -0.8747437000 0.3227983713 -0.3614203334 -0.4471718371 -0.2503374219 0.8587016463
211.9 43.1 1963.1 -0.2817102373 0.9127608538 0.2958157361 0.0536275692 0.3227983713 -0.9449472427 -0.9579997063 -0.2503374219 -0.1398847550
-58.2 -140.5 2108.9 0.9842172265 0.0026127684 -0.1769453287 -0.0118166553 0.9986296892 -0.0509816632 0.1765696555 0.0522679314 0.9828993678
-59.2 -528.2 2088.7 0.9816019535 0.0874522403 -0.1697342098 -0.0489010289 0.9744405746 0.2192584723 0.1845705360 -0.2069243640 0.9607892632
120.1 -142.7 2091.0 0.7058745027 0.0713062286 0.7047386765 -0.0463408642 0.9974375367 -0.0545062609 -0.7068194151 0.0058163814 0.7073701024
92.4 -529.9 2088.8 0.7030838132 -0.1099278629 0.7025588751 -0.0189022385 0.9847410321 0.1729966402 -0.7108557224 -0.1349110752 0.6902776361
-92.2 51.0 1833.3 0 0 0 0 0 0 0 0 0
142.1 56.4 1725.9 0 0 0 0 0 0 0 0 0
-91.8 -891.8 2165.9 0 0 0 0 0 0 0 0 0
133.4 -897.4 2139.1 0 0 0 0 0 0 0 0 0
33.3 442.3 2067.6 0 0.9948258400 0.0051900735 0.1014625058 -0.0111511368 0.9982383847 0.0582728349 -0.1009813249 -0.0591027439 0.9931312203
32.3 244.3 2079.3 0.9948258400 0.0051900735 0.1014625058 -0.0111511368 0.9982383847 0.0582728349 -0.1009813249 -0.0591027439 0.9931312203
31.0 50.4 2088.8 0.9948246479 0.0064187436 0.1014036015 -0.0113512669 0.9987760782 0.0481406190 -0.1009704918 -0.0490425378 0.9936799407
-103.6 245.9 2093.1 0.1669529974 -0.9644965529 -0.2046291530 0.9807770848 0.1837207228 -0.0657498315 0.1010100991 -0.1897184402 0.9766288400
-139.5 35.0 2071.4 -0.2047156096 -0.9644965529 -0.1668469608 -0.0662579387 0.1837207228 -0.9807428718 0.9765763879 -0.1897184402 -0.1015160531
168.2 242.8 2065.5 0.1794277281 0.9284529090 0.3252398074 -0.8743364215 0.3020415902 -0.3798771799 -0.4509339929 -0.2162085176 0.8659748435
209.7 40.6 1961.2 -0.2470964044 0.9284529090 0.2773420513 0.0676198900 0.3020415902 -0.9508935213 -0.9666286111 -0.2162085176 -0.1374152750
-59.2 -141.2 2108.3 0.9841795564 0.0033971753 -0.1771413982 -0.0126144541 0.9986224174 -0.0509332791 0.1767243296 0.0523620360 0.9828665853
-60.5 -528.9 2087.9 0.9821193218 0.0815524906 -0.1696785241 -0.0429251380 0.9745664001 0.2199494988 0.1833004057 -0.2087331712 0.9606411457
119.1 -143.7 2090.1 0.7058928013 0.0738127232 0.7044622302 -0.0473839380 0.9972485304 -0.0570103638 -0.7067320347 0.0068630101 0.7074480653
90.4 -530.8 2087.5 0.7040283084 -0.1137405038 0.7010044456 -0.0303901248 0.9813618660 0.1897507161 -0.7095214128 -0.1548934877 0.6874499321
-89.0 51.4 1830.4 0 0 0 0 0 0 0 0 0
149.0 57.2 1723.7 0 0 0 0 0 0 0 0 0
-90.9 -892.7 2165.8 0 0 0 0 0 0 0 0 0
132.9 -897.1 2145.3 0 0 0 0 0 0 0 0 0
32.6 442.6 2065.8 1 0.9966691136 0.0053034839 0.0813791305 -0.0103243161 0.9980598092 0.0614006668 -0.0808956027 -0.0620363317 0.9947901368
31.5 244.9 2078.1 0.9966691136 0.0053034839 0.0813791305 -0.0103243161 0.9980598092 0.0614006668 -0.0808956027 -0.0620363317 0.9947901368
30.4 51.0 2087.9 0.9966732860 0.0054653762 0.0813174024 -0.0095522469 0.9987058043 0.0499544516 -0.0809391439 -0.0505650304 0.9954355955
-104.6 246.2 2089.1 0.1475525647 -0.9677186012 -0.2043256164 0.9842177033 0.1640688628 -0.0663090199 0.0976919383 -0.1913168281 0.9766545892
-136.6 32.8 2067.9 -0.2058549076 -0.9677186012 -0.1454114020 -0.0765804946 0.1640688628 -0.9834718108 0.9755814672 -0.1913168281 -0.1078827530
167.7 243.6 2067.0 0.1880029738 0.9340040684 0.3037948608 -0.8819109201 0.2966779172 -0.3663541377 -0.4323054850 -0.1990443468 0.8794847131
211.8 36.4 1965.5 -0.2332307994 0.9340040684 0.2706285715 0.0843081400 0.2966779172 -0.9512488246 -0.9687597752 -0.1990443468 -0.1479385793
-59.3 -142.4 2107.4 0.9804510474 -0.0008234385 -0.1967613399 -0.0090375412 0.9987474084 -0.0492132939 0.1965554059 0.0500294641 0.9792155027
-59.0 -530.2 2088.0 0.9777479172 0.0904158801 -0.1892987639 -0.0455366187 0.9723113775 0.2292094231 0.2047815174 -0.2154890001 0.9547926784
118.9 -144.5 2089.3 0.7194820642 0.0721164122 0.6907566786 -0.0549530424 0.9973872900 -0.0468909964 -0.6923335791 -0.0042219544 0.7215652466
90.9 -531.7 2090.9 0.7161026597 -0.1101062074 0.6892558336 -0.0209488105 0.9836444855 0.1788985282 -0.6976805329 -0.1425487995 0.7020838261
-86.1 51.6 1828.3 0 0 0 0 0 0 0 0 0
154.5 57.1 1727.5 0 0 0 0 0 0 0 0 0
-92.8 -893.1 2168.4 0 0 0 0 0 0 0 0 0
132.0 -898.8 2144.1 0 0 0 0 0 0 0 0 0
33.3 442.1 2071.9 2 0.9957235456 0.0097947549 0.0918622687 -0.0135862026 0.9990774393 0.0407390706 -0.0913784951 -0.0418129116 0.9949380159
31.4 244.5 2080.1 0.9957235456 0.0097947549 0.0918622687 -0.0135862026 0.9990774393 0.0407390706 -0.0913784951 -0.0418129116 0.9949380159
29.1 50.5 2086.6 0.9957110882 0.0117685124 0.0917659476 -0.0147437369 0.9993851185 0.0318116471 -0.0913351476 -0.0330281854 0.9952723384
-104.6 246.5 2092.6 0.1259481758 -0.9704802036 -0.2056824863 0.9844152927 0.1479158401 -0.0951178670 0.1227337047 -0.1904970556 0.9739852548
-132.1 31.4 2065.8 -0.2029739618 -0.9704802036 -0.1302681714 -0.0742859542 0.1479158401 -0.9862061143 0.9763622284 -0.1904970556 -0.1021161079
167.4 242.5 2067.7 0.1875018775 0.9357757568 0.2986081243 -0.8824297190 0.2940057516 -0.3672580123 -0.4314636290 -0.1946391165 0.8808829188
211.2 36.2 1966.8 -0.2315457165 0.9357757568 0.2659141719 0.0960906819 0.2940057516 -0.9509611726 -0.9680666924 -0.1946391165 -0.1579951048
-59.9 -142.0 2105.0 0.9823416471 -0.0018215541 -0.1870871782 -0.0067866188 0.9989476204 -0.0453607515 0.1869729161 0.0458294451 0.9812954664
-59.2 -529.8 2087.2 0.9794803262 0.0891084522 -0.1807705313 -0.0473761186 0.9736139774 0.2232291847 0.1958923340 -0.2100843936 0.9578573704
118.7 -143.7 2090.5 0.7117100358 0.0764655471 0.6982992291 -0.0514527224 0.9970622659 -0.0567399859 -0.7005864978 0.0044530197 0.7135536075
89.0 -530.8 2088.7 0.7073536515 -0.1253880709 0.6956498027 -0.0131346164 0.9816396236 0.1902921796 -0.7067377567 -0.1437409669 0.6927194595
-82.0 49.8 1824.8 0 0 0 0 0 0 0 0 0
153.3 60.2 1724.6 0 0 0 0 0 0 0 0 0
-92.5 -893.3 2165.6 0 0 0 0 0 0 0 0 0
135.8 -897.2 2142.4 0 0 0 0 0 0 0 0 0
34.4 444.3 2074.4 3 0.9960923195 0.0192744788 0.0861895010 -0.0219517872 0.9993020892 0.0302238576 -0.0855467990 -0.0319977663 0.9958202243
30.6 246.8 2080.7 0.9960923195 0.0192744788 0.0861895010 -0.0219517872 0.9993020892 0.0302238576 -0.0855467990 -0.0319977663 0.9958202243
26.8 52.8 2085.5 0.9961038828 0.0193053409 0.0860487297 -0.0213521626 0.9995090365 0.0229301546 -0.0855638012 -0.0246781427 0.9960269928
-105.5 249.7 2092.4 0.1020430326 -0.9744959474 -0.1998620629 0.9864505529 0.1250702143 -0.1061732918 0.1284622401 -0.1863197982 0.9740546346
-128.1 31.4 2064.0 -0.1962151676 -0.9744959474 -0.1088909358 -0.0720099285 0.1250702143 -0.9895312190 0.9779132009 -0.1863197982 -0.0947140604
166.7 243.9 2069.0 0.1986164302 0.9324524999 0.3018010855 -0.8933072090 0.2989125252 -0.3356390595 -0.4031796157 -0.2029376477 0.8923354149
213.1 35.0 1974.7 -0.2486050576 0.9324524999 0.2621600628 0.1232604533 0.2989125252 -0.9462864995 -0.9607301354 -0.2029376477 -0.1892456710
-62.4 -142.2 2101.2 0.9811336994 -0.0046812417 -0.1932739019 -0.0045921854 0.9988604784 -0.0475048870 0.1932760477 0.0474961922 0.9799941182
-60.6 -530.0 2082.7 0.9792382121 0.0808913633 -0.1858738512 -0.0319440328 0.9670522809 0.2525657117 0.2001801133 -0.2413844317 0.9495585561
116.0 -144.8 2084.8 0.7154098153 0.0683865994 0.6953502893 -0.0519405492 0.9976502657 -0.0446783900 -0.6967718005 -0.0041535180 0.7172808051
89.4 -532.1 2086.4 0.7115889192 -0.1181087196 0.6925976872 -0.0162506644 0.9827389121 0.1842827797 -0.7024081349 -0.1423887461 0.6973867416
-79.5 49.3 1821.7 0 0 0 0 0 0 0 0 0
150.4 66.1 1732.2 0 0 0 0 0 0 0 0 0
-90.8 -890.8 2172.8 0 0 0 0 0 0 0 0 0
133.5 -898.9 2139.6 0 0 0 0 0 0 0 0 0
35.7 442.5 2071.2 4 0.9954527617 0.0239703283 0.0921909437 -0.0274479426 0.9989514947 0.0366406329 -0.0912159905 -0.0390044712 0.9950670004
30.9 245.1 2078.9 0.9954527617 0.0239703283 0.0921909437 -0.0274479426 0.9989514947 0.0366406329 -0.0912159905 -0.0390044712 0.9950670004
26.1 51.2 2084.9 0.9954470992 0.0249693040 0.0919872224 -0.0276810825 0.9992154837 0.0283228215 -0.0912078544 -0.0307401754 0.9953573346
-105.1 248.9 2091.4 0.1103376746 -0.9693285227 -0.2196083218 0.9827073812 0.1394575834 -0.1218103468 0.1487002820 -0.2023704648 0.9679537416
-128.9 36.9 2059.3 -0.2109358162 -0.9693285227 -0.1261281073 -0.0494973101 0.1394575834 -0.9889901876 0.9762459397 -0.2023704648 -0.0773957521
166.9 241.3 2066.4 0.2076921612 0.9281316400 0.3089265823 -0.9030771255 0.3032968938 -0.3040767312 -0.3759196997 -0.2158301771 0.9011668563
214.0 36.7 1981.3 -0.2668830752 0.9281316400 0.2595093250 0.1379610002 0.3032968938 -0.9428561926 -0.9538030028 -0.2158301771 -0.2089907825
-66.2 -139.3 2098.0 0.9820470810 -0.0177143328 -0.1878024638 0.0096451044 0.9989940524 -0.0437937118 0.1883893162 0.0411961116 0.9812300205
-59.3 -527.1 2082.0 0.9786816239 0.0897230729 -0.1847485304 -0.0413041636 0.9671351910 0.2508854270 0.2011870146 -0.2379060686 0.9502233863
112.3 -143.1 2082.7 0.7122406363 0.0567818843 0.6996349692 -0.0416527614 0.9983852506 -0.0386250131 -0.7006984949 -0.0016314280 0.7134556770
90.3 -530.7 2083.3 0.7112636566 -0.1101336479 0.6942438483 -0.0326839648 0.9813997149 0.1891727895 -0.7021650076 -0.1572423726 0.6944343448
-76.7 49.2 1817.8 0 0 0 0 0 0 0 0 0
146.9 71.4 1741.6 0 0 0 0 0 0 0 0 0
-92.8 -888.0 2170.8 0 0 0 0 0 0 0 0 0
131.4 -896.9 2142.0 0 0 0 0 0 0 0 0 0
36.0 445.7 2074.1 5 0.9964842200 0.0246511977 0.0800717548 -0.0269091260 0.9992665648 0.0272431020 -0.0793414563 -0.0293019824 0.9964167476
31.2 247.9 2079.9 0.9964842200 0.0246511977 0.0800717548 -0.0269091260 0.9992665648 0.0272431020 -0.0793414563 -0.0293019824 0.9964167476
26.5 53.9 2084.1 0.9965141416 0.0240173545 0.0798923522 -0.0256821066 0.9994725585 0.0198754203 -0.0793728605 -0.0218579397 0.9966053367
-105.0 251.4 2090.7 0.1149230972 -0.9663341045 -0.2301978171 0.9825183153 0.1447389871 -0.1170826703 0.1464595795 -0.2127180696 0.9660748243
-130.2 35.8 2058.6 -0.2221487761 -0.9663341045 -0.1298009157 -0.0522688292 0.1447389871 -0.9880883694 0.9736107588 -0.2127180696 -0.0826627389
167.3 244.4 2069.0 0.1978724003 0.9318563342 0.3041222394 -0.9129231572 0.2881740332 -0.2890104055 -0.3569563031 -0.2204530537 0.9077349305
212.7 35.1 1987.2 -0.2734346986 0.9318563342 0.2384895682 0.1583935171 0.2881740332 -0.9443871975 -0.9487596750 -0.2204530537 -0.2263967693
-67.9 -140.3 2099.0 0.9795813560 -0.0232808180 -0.1996956617 0.0138554564 0.9987286925 -0.0484671220 0.2005701363 0.0447106175 0.9786585569
-58.9 -528.0 2081.7 0.9756302238 0.0942021012 -0.1981708109 -0.0460757501 0.9709705114 0.2347196043 0.2145290971 -0.2198686600 0.9516485929
110.4 -145.3 2082.7 0.7206332088 0.0509831645 0.6914394498 -0.0365008116 0.9986994267 -0.0355969854 -0.6923550367 0.0004142702 0.7215569019
90.6 -533.0 2082.5 0.7193143964 -0.1150690392 0.6850882173 -0.0248215795 0.9812989235 0.1908829212 -0.6942410469 -0.1543098092 0.7030062675
-75.2 48.7 1817.3 0 0 0 0 0 0 0 0 0
144.0 74.9 1749.0 0 0 0 0 0 0 0 0 0
-94.0 -890.4 2163.7 0 0 0 0 0 0 0 0 0
133.6 -899.3 2140.1 0 0 0 0 0 0 0 0 0
36.7 445.9 2077.0 6 0.9954447150 0.0251394343 0.0919662490 -0.0267562252 0.9995076060 0.0163895674 -0.0915089473 -0.0187755786 0.9956272244
31.8 248.3 2080.7 0.9954447150 0.0251394343 0.0919662490 -0.0267562252 0.9995076060 0.0163895674 -0.0915089473 -0.0187755786 0.9956272244
26.8 54.3 2083.1 0.9954481721 0.0256081223 0.0917997658 -0.0266214721 0.9995972514 0.0098310420 -0.0915110335 -0.0122301374 0.9957289696
-104.2 252.0 2093.2 0.1297057271 -0.9602935314 -0.2470075786 0.9762650132 0.1672551781 -0.1375946105 0.1734445095 -0.2232980430 0.9591949582
-132.3 40.2 2055.6 -0.2342930883 -0.9602935314 -0.1514696777 -0.0489216633 0.1672551781 -0.9846991301 0.9709343314 -0.2232980430 -0.0861658901
167.8 244.7 2068.2 0.1443613172 0.9500347972 0.2767556310 -0.9071681499 0.2387744337 -0.3464573920 -0.3952287436 -0.2010488361 0.8963111043
200.2 41.1 1979.5 -0.2442969829 0.9500347972 0.1943009198 0.1678403765 0.2387744337 -0.9564603567 -0.9550647140 -0.2010488361 -0.2177860737
-67.4 -137.8 2095.5 0.9820385575 -0.0093555627 -0.1884481609 0.0027250091 0.9993690252 -0.0354134291 0.1886605620 0.0342638306 0.9814444184
-63.8 -525.7 2082.2 0.9815653563 0.0482873730 -0.1849263310 -0.0080614779 0.9771575928 0.2123629749 0.1909566224 -0.2069573700 0.9595333338
111.1 -142.4 2081.3 0.7118672729 0.0539334714 0.7002400756 -0.0382598229 0.9985445142 -0.0380141847 -0.7012710571 0.0002699962 0.7128946781
90.2 -530.1 2081.2 0.7094175816 -0.1227754205 0.6940121651 -0.0174014345 0.9813585281 0.1913966238 -0.7045735717 -0.1478569359 0.6940565109
-74.3 52.4 1814.9 0 0 0 0 0 0 0 0 0
139.3 83.0 1741.5 0 0 0 0 0 0 0 0 0
-81.8 -890.0 2159.3 0 0 0 0 0 0 0 0 0
136.0 -896.4 2136.3 0 0 0 0 0 0 0 0 0
37.8 447.3 2071.5 7 0.9961881638 0.0273556728 0.0828299522 -0.0300246384 0.9990636706 0.0311497357 -0.0819002688 -0.0335179381 0.9960767627
32.4 249.5 2078.1 0.9961881638 0.0273556728 0.0828299522 -0.0300246384 0.9990636706 0.0311497357 -0.0819002688 -0.0335179381 0.9960767627
27.0 55.6 2083.0 0.9961968660 0.0277316719 0.0826000720 -0.0297093540 0.9992982745 0.0228105541 -0.0819095299 -0.0251777973 0.9963216782
-103.7 253.6 2089.3 0.1471202821 -0.9550268054 -0.2574479878 0.9754584432 0.1831955165 -0.1221485734 0.1638184786 -0.2331592888 0.9585406780
-135.7 41.5 2053.7 -0.2476934344 -0.9550268054 -0.1630086303 -0.0606050566 0.1831955165 -0.9812065959 0.9669410586 -0.2331592888 -0.1032557786
168.5 245.5 2066.9 0.1154152453 0.9569734335 0.2662351131 -0.9152342081 0.2066162378 -0.3459133804 -0.3860384226 -0.2037438005 0.8997015357
194.0 43.2 1981.6 -0.2424634397 0.9569734335 0.1594154537 0.1836241037 0.2066162378 -0.9610369205 -0.9526246190 -0.2037438005 -0.2258202732
-67.4 -137.3 2093.7 0.9802554846 -0.0085733254 -0.1975491643 0.0031752021 0.9996132851 -0.0276260395 0.1977096200 0.0264533181 0.9799036384
-64.0 -525.4 2083.4 0.9793694615 0.0540124215 -0.1947258413 -0.0165121481 0.9817849398 0.1892767996 0.2014022022 -0.1821565777 0.9624220133
111.0 -142.1 2077.3 0.7187868357 0.0512471125 0.6933391690 -0.0388369299 0.9986820817 -0.0335537046 -0.6941449046 -0.0028092049 0.7198297977
91.1 -529.8 2078.4 0.7185701728 -0.1135378554 0.6861239076 -0.0369577296 0.9789553285 0.2007002085 -0.6944717169 -0.1695747674 0.6992520094
-74.6 56.5 1815.4 0 0 0 0 0 0 0 0 0
133.0 89.4 1741.8 0 0 0 0 0 0 0 0 0
-84.2 -891.5 2151.4 0 0 0 0 0 0 0 0 0
133.5 -895.2 2141.7 0 0 0 0 0 0 0 0 0
38.2 447.1 2068.2 8 0.9952976704 0.0297922287 0.0921682194 -0.0332536809 0.9987893105 0.0362505652 -0.0909766480 -0.0391450375 0.9950833917
32.3 249.3 2076.0 0.9952976704 0.0297922287 0.0921682194 -0.0332536809 0.9987893105 0.0362505652 -0.0909766480 -0.0391450375 0.9950833917
26.5 55.3 2081.8 0.9953255653 0.0296906754 0.0918994844 -0.0323171243 0.9991068244 0.0272243470 -0.0910090953 -0.0300670154 0.9953960776
-103.7 253.7 2088.4 0.2069293857 -0.9324574471 -0.2961475551 0.9636877775 0.2464839071 -0.1027205363 0.1687781364 -0.2641378641 0.9496026039
-148.1 46.7 2052.2 -0.2883194685 -0.9324574471 -0.2177039534 -0.0671318769 0.2464839071 -0.9668189883 0.9551780820 -0.2641378641 -0.1336637288
168.2 244.8 2063.6 0.1176189631 0.9600921273 0.2537496686 -0.9310098886 0.1955155730 -0.3082114160 -0.3455233872 -0.1999919266 0.9168515801
193.8 42.4 1988.4 -0.2450297773 0.9600921273 0.1348462850 0.2432413846 0.1955155730 -0.9500564933 -0.9385063052 -0.1999919266 -0.2814412713
-67.6 -135.7 2095.2 0.9820171595 -0.0127798179 -0.1883585900 0.0057865963 0.9992749691 -0.0376304351 0.1887029260 0.0358637795 0.9813791513
-62.6 -523.6 2081.3 0.9804618955 0.0641514584 -0.1859546155 -0.0256915968 0.9789915681 0.2022757381 0.1950242817 -0.1935461760 0.9615120292
110.9 -141.0 2080.6 0.7133314013 0.0536945835 0.6987669468 -0.0229691621 0.9983162284 -0.0532646142 -0.7004504204 0.0219452288 0.7133635879
90.0 -528.5 2072.0 0.7180472016 -0.1246680170 0.6847379804 -0.0563910194 0.9701713920 0.2357701063 -0.6937062144 -0.2079071403 0.6895986795
-76.6 63.4 1815.1 0 0 0 0 0 0 0 0 0
132.3 103.4 1752.9 0 0 0 0 0 0 0 0 0
-86.6 -888.9 2153.5 0 0 0 0 0 0 0 0 0
136.5 -890.3 2149.6 0 0 0 0 0 0 0 0 0
40.2 445.2 2073.6 9 0.9947122931 0.0349877067 0.0965574309 -0.0366842411 0.9992011786 0.0158507451 -0.0959257185 -0.0193090681 0.9952011704
33.3 247.8 2077.4 0.9947122931 0.0349877067 0.0965574309 -0.0366842411 0.9992011786 0.0158507451 -0.0959257185 -0.0193090681 0.9952011704
26.7 53.8 2080.3 0.9947769046 0.0335420892 0.0964044109 -0.0347992256 0.9993294477 0.0113881482 -0.0959577784 -0.0146834655 0.9952771068
-102.6 252.5 2090.5 0.2557424903 -0.8964002728 -0.3620253801 0.9421712756 0.3150022924 -0.1143977940 0.2165850252 -0.3118335307 0.9251220226
-157.3 51.3 2044.3 -0.3472762108 -0.8964002728 -0.2754375339 -0.0619396754 0.3150022924 -0.9470676184 0.9357150793 -0.3118335307 -0.1649155319
169.2 243.1 2064.3 0.1146383211 0.9537283182 0.2779574394 -0.9394034743 0.1950740516 -0.2818993628 -0.3230776787 -0.2287977040 0.9182986617
193.6 42.6 1995.4 -0.2763916254 0.9537283182 0.1183635890 0.2692487240 0.1950740516 -0.9431072474 -0.9225577116 -0.2287977040 -0.3107069731
-68.4 -135.7 2095.8 0.9823614359 -0.0323217511 -0.1841773540 0.0231470894 0.9983918667 -0.0517488383 0.1855537742 0.0465728939 0.9815298319
-55.9 -523.2 2077.7 0.9751835465 0.1205798313 -0.1856812090 -0.0744173378 0.9684008956 0.2380373031 0.2085163444 -0.2183121592 0.9533419013
109.9 -141.5 2079.5 0.7093093991 0.0545005798 0.7027872205 -0.0295048840 0.9984282851 -0.0476486012 -0.7042795420 0.0130619453 0.7098025680
88.7 -529.1 2074.4 0.7120086551 -0.1258934289 0.6907926798 -0.0492340028 0.9724236727 0.2279653400 -0.7004424930 -0.1963237822 0.6861758828
-71.3 66.7 1812.6 0 0 0 0 0 0 0 0 0
123.7 110.7 1762.0 0 0 0 0 0 0 0 0 0
-100.8 -883.9 2159.1 0 0 0 0 0 0 0 0 0
135.7 -891.9 2147.7 0 0 0 0 0 0 0 0 0
40.6 446.8 2069.8 0 0.9943556190 0.0360114723 0.0998002067 -0.0387662910 0.9989151359 0.0258022994 -0.0987627506 -0.0295255445 0.9946728945
33.5 249.1 2075.6 0.9943556190 0.0360114723 0.0998002067 -0.0387662910 0.9989151359 0.0258022994 -0.0987627506 -0.0295255445 0.9946728945
26.9 55.1 2079.9 0.9944427013 0.0342697203 0.0995453224 -0.0362900905 0.9991689920 0.0185561068 -0.0988266915 -0.0220654942 0.9948599935
-102.4 254.0 2089.1 0.2850867808 -0.8746734262 -0.3920100927 0.9276157618 0.3547563553 -0.1169484258 0.2413597554 -0.3302942812 0.9124972224
-164.0 53.3 2036.9 -0.3769072592 -0.8746734262 -0.3047741950 -0.0693248510 0.3547563553 -0.9323850870 0.9236530662 -0.3302942812 -0.1943468601
169.4 244.1 2062.1 0.1432154477 0.9441982508 0.2966125906 -0.9455435872 0.2190513909 -0.2407567352 -0.2922954857 -0.2459800392 0.9241521358
199.5 45.5 2000.7 -0.3076820970 0.9441982508 0.1175644994 0.3200187385 0.2190513909 -0.9217399359 -0.8960579038 -0.2459800392 -0.3695593178
-68.9 -137.0 2091.7 0.9831042290 -0.0260717478 -0.1811804920 0.0186399780 0.9989182353 -0.0426011905 0.1820951849 0.0385042094 0.9825267196
-58.8 -524.8 2076.8 0.9786360264 0.0969398916 -0.1813123524 -0.0524397008 0.9703901410 0.2357816994 0.1988003701 -0.2212364972 0.9547422528
109.4 -143.2 2074.5 0.7065914273 0.0593169555 0.7051312327 -0.0434647128 0.9982370138 -0.0404188409 -0.7062855959 -0.0020887195 0.7079238892
86.3 -530.7 2075.3 0.7048874497 -0.1437157243 0.6946074367 -0.0315871648 0.9719280005 0.2331485748 -0.7086155415 -0.1862841696 0.6805602312
-71.1 70.4 1809.3 0 0 0 0 0 0 0 0 0
121.2 126.9 1772.8 0 0 0 0 0 0 0 0 0
-94.9 -886.5 2159.2 0 0 0 0 0 0 0 0 0
140.0 -893.4 2144.8 0 0 0 0 0 0 0 0 0
41.5 446.2 2068.4 1 0.9942485094 0.0357797369 0.1009442583 -0.0389967673 0.9987865686 0.0300775673 -0.0997456014 -0.0338410735 0.9944373369
34.5 248.6 2075.1 0.9942485094 0.0357797369 0.1009442583 -0.0389967673 0.9987865686 0.0300775673 -0.0997456014 -0.0338410735 0.9944373369
27.6 54.7 2080.2 0.9942935705 0.0352842882 0.1006741598 -0.0377291255 0.9990350008 0.0224842764 -0.0997836664 -0.0261543207 0.9946653843
-101.4 253.7 2088.7 0.3296158314 -0.8355821371 -0.4394949973 0.9037382007 0.4139283597 -0.1091815680 0.2731496096 -0.3612004519 0.8915848136
-172.3 59.3 2029.9 -0.4261374772 -0.8355821371 -0.3467121422 -0.0734125078 0.4139283597 -0.9073444009 0.9016748071 -0.3612004519 -0.2377325743
170.3 243.4 2061.4 0.1377182603 0.9502235651 0.2794796824 -0.9532400966 0.2037923485 -0.2231637090 -0.2690112293 -0.2356775105 0.9338570833
198.7 46.9 2006.0 -0.2975007296 0.9502235651 0.0925663263 0.3687316775 0.2037923485 -0.9069209695 -0.8806419373 -0.2356775105 -0.4110058844
-68.9 -135.6 2093.1 0.9834551811 -0.0212379117 -0.1799024045 0.0127495993 0.9987559319 -0.0482085347 0.1807024479 0.0451172478 0.9825024605
-60.6 -523.3 2075.5 0.9817029238 0.0667230412 -0.1783462614 -0.0217632428 0.9697774649 0.2430186272 0.1891711205 -0.2346906960 0.9534854889
109.3 -142.1 2075.3 0.7061840296 0.0565176606 0.7057690024 -0.0397803113 0.9984015822 -0.0401478373 -0.7069098949 0.0002760506 0.7073035240
87.4 -529.6 2075.2 0.7062143087 -0.1355448067 0.6949021220 -0.0399975181 0.9722970724 0.2303009927 -0.7068673968 -0.1904362291 0.6812286973
-66.5 77.5 1806.1 0 0 0 0 0 0 0 0 0
122.1 141.8 1779.4 0 0 0 0 0 0 0 0 0
-85.5 -884.9 2163.0 0 0 0 0 0 0 0 0 0
137.9 -892.5 2146.3 0 0 0 0 0 0 0 0 0
42.2 447.3 2072.7 2 0.9952535033 0.0384442024 0.0894007236 -0.0398604497 0.9991056323 0.0141098928 -0.0887783244 -0.0176064726 0.9958958030
34.6 249.3 2076.2 0.9952535033 0.0384442024 0.0894007236 -0.0398604497 0.9991056323 0.0141098928 -0.0887783244 -0.0176064726 0.9958958030
27.5 55.3 2078.7 0.9953406453 0.0365052819 0.0892433524 -0.0375374071 0.9992460608 0.0099138757 -0.0888141617 -0.0132176476 0.9959605336
-101.4 254.4 2088.3 0.3826628029 -0.7942564487 -0.4719384611 0.8797193766 0.4692977965 -0.0765076503 0.2822463810 -0.3858967721 0.8783055544
-182.5 67.9 2028.5 -0.4674272239 -0.7942564487 -0.3881604373 -0.0662056208 0.4692977965 -0.8805546165 0.8815490007 -0.3858967721 -0.2719467878
170.6 244.1 2064.0 0.1834937930 0.9393476248 0.2897518277 -0.9529849291 0.2422901541 -0.1819759160 -0.2411426455 -0.2427376658 0.9396428466
208.5 47.2 2014.2 -0.3268461227 0.9393476248 0.1039119512 0.4179777801 0.2422901541 -0.8755512834 -0.8476238251 -0.2427376658 -0.4718180299
-68.3 -135.9 2094.2 0.9813127518 -0.0200301204 -0.1913741082 0.0098966453 0.9985047579 -0.0537610203 0.1921648085 0.0508624129 0.9800437093
-60.6 -523.5 2074.4 0.9791119695 0.0759149119 -0.1886177063 -0.0275164954 0.9686213136 0.2470132560 0.2014511228 -0.2366635501 0.9504776597
109.8 -142.6 2076.3 0.7140368223 0.0580577925 0.6976967454 -0.0350861475 0.9982708693 -0.0471617505 -0.6992284656 0.0091957347 0.7148391604
87.3 -530.2 2072.7 0.7154480219 -0.1365876943 0.6851845980 -0.0448499136 0.9697027206 0.2401356250 -0.6972249746 -0.2025350332 0.6876459122
-65.5 84.5 1807.8 0 0 0 0 0 0 0 0 0
123.5 155.9 1793.8 0 0 0 0 0 0 0 0 0
-88.9 -884.9 2162.7 0 0 0 0 0 0 0 0 0
138.3 -892.1 2148.3 0 0 0 0 0 0 0 0 0
41.3 445.0 2068.8 3 0.9950756431 0.0362532996 0.0922507197 -0.0384909101 0.9990035295 0.0225926824 -0.0913397372 -0.0260322429 0.9954794645
34.1 247.2 2074.0 0.9950756431 0.0362532996 0.0922507197 -0.0384909101 0.9990035295 0.0225926824 -0.0913397372 -0.0260322429 0.9954794645
27.4 53.3 2077.5 0.9951459765 0.0349989347 0.0919758901 -0.0365180485 0.9992220998 0.0148852170 -0.0913833827 -0.0181717444 0.9956499934
-101.8 252.2 2086.5 0.4221704900 -0.7670402527 -0.4831369519 0.8525373936 0.5171086192 -0.0760177448 0.3081429601 -0.3797998726 0.8722385168
-190.0 74.2 2022.1 -0.4873868525 -0.7670402527 -0.4172568917 -0.0846461505 0.5171086192 -0.8517239690 0.8690736890 -0.3797998726 -0.3169589341
170.1 242.2 2061.5 0.2205399871 0.9334528446 0.2828920186 -0.9544547200 0.2662844360 -0.1345691234 -0.2009436637 -0.2403297424 0.9496648312
215.3 46.7 2020.3 -0.3429152966 0.9334528446 0.1052372456 0.4658949971 0.2662844360 -0.8438213468 -0.8156904578 -0.2403297424 -0.5262039900
-68.7 -135.3 2089.2 0.9818440676 -0.0185371060 -0.1887819767 0.0112336539 0.9991491437 -0.0396840647 0.1893569827 0.0368428528 0.9812168479
-61.5 -523.1 2074.9 0.9797044396 0.0744258240 -0.1861182451 -0.0260660052 0.9679328203 0.2498530895 0.1987454742 -0.2399308234 0.9502280951
109.6 -142.0 2073.3 0.7117604017 0.0580820143 0.7000168562 -0.0443302393 0.9983031750 -0.0377575867 -0.7010220885 -0.0041575609 0.7131274343
87.1 -529.5 2074.9 0.7101620436 -0.1382597238 0.6903289557 -0.0327291489 0.9729843140 0.2285396457 -0.7032770514 -0.1848940551 0.6864514351
-68.8 95.3 1806.0 0 0 0 0 0 0 0 0 0
124.9 169.4 1805.5 0 0 0 0 0 0 0 0 0
-89.3 -884.4 2164.5 0 0 0 0 0 0 0 0 0
138.7 -892.7 2144.0 0 0 0 0 0 0 0 0 0
42.0 445.8 2073.4 4 0.9977732897 0.0365834124 0.0557688326 -0.0373745933 0.9992139935 0.0132100759 -0.0552417301 -0.0152649982 0.9983563423
34.8 248.2 2076.4 0.9977732897 0.0365834124 0.0557688326 -0.0373745933 0.9992139935 0.0132100759 -0.0552417301 -0.0152649982 0.9983563423
27.9 54.2 2077.9 0.9978225827 0.0356421322 0.0554955415 -0.0360102840 0.9993354678 0.0056478125 -0.0552573614 -0.0076339249 0.9984429479
-101.5 253.1 2084.0 0.4574088752 -0.7418947220 -0.4902747273 0.8337224722 0.5495592356 -0.0537720025 0.3093281984 -0.3841573000 0.8699076176
-197.8 77.7 2018.9 -0.5196008682 -0.7418947220 -0.4238008261 -0.1090832055 0.5495592356 -0.8283028007 0.8474171162 -0.3841573000 -0.3664797246
171.0 243.2 2068.9 0.2280195206 0.9273864031 0.2965832055 -0.9485852122 0.2802707553 -0.1470862627 -0.2195293903 -0.2477959096 0.9436122179
218.4 46.2 2023.3 -0.3627536595 0.9273864031 0.0914564133 0.5117673278 0.2802707553 -0.8121222258 -0.7787836194 -0.2477959096 -0.5762752891
-68.6 -137.4 2089.2 0.9742615223 -0.0186539218 -0.2246475816 0.0091080386 0.9990139008 -0.0434543565 0.2252366543 0.0402898081 0.9734706879
