23.6 461.1 2187.2 3 0.9934691191 -0.0494801663 0.1028144583 0.0594716966 0.9935542345 -0.0965045914 -0.0973766744 0.1019888818 0.9900081158
33.3 266.2 2167.2 0.9934691191 -0.0494801663 0.1028144583 0.0594716966 0.9935542345 -0.0965045914 -0.0973766744 0.1019888818 0.9900081158
43.6 68.3 2150.9 0.9934504628 -0.0519097969 0.1017919481 0.0598382391 0.9952764511 -0.0764473751 -0.0973427594 0.0820377320 0.9918640256
-106.4 257.8 2180.9 0.3742499650 -0.8006594777 -0.4678475559 0.7795873284 0.5448569059 -0.3088277876 0.5021758676 -0.2491492182 0.8280966282
-182.2 100.0 2079.3 -0.5738737583 -0.8006594777 -0.1720850617 -0.5780133009 0.5448569059 -0.6074796915 0.5801461339 -0.2491492182 -0.7754709125
173.0 274.6 2153.5 0.7497580647 0.6397904754 0.1689111143 -0.5889731050 0.7615856528 -0.2703664005 -0.3016181290 0.1032253057 0.9478243589
333.4 148.6 2089.0 -0.5255377889 0.6397904754 0.5607835054 0.5315304399 0.7615856528 -0.3707596362 -0.6642931700 0.1032253057 -0.7403101921
-35.6 -135.2 2145.9 0.9008833170 0.1455318481 0.4089372754 -0.1596074998 0.9871805310 0.0002971775 -0.4036516547 -0.0655371770 0.9125624299
-93.4 -527.7 2171.9 0.8981052637 -0.0720897540 0.4338317811 -0.1001250595 0.9270492792 0.3613234460 -0.4282311499 -0.3679439127 0.8253698349
146.0 -123.2 2123.3 0.8433359861 0.0306615680 0.5365112424 -0.0477965064 0.9986938834 0.0180555228 -0.5352569222 -0.0408702344 0.8436999917
133.8 -520.3 2139.5 0.8402367234 -0.1432225406 0.5229623318 -0.0256759189 0.9528924227 0.3022197187 -0.5416114926 -0.2673636377 0.7969778180
-27.2 256.1 1922.5 0 0 0 0 0 0 0 0 0
192.6 291.0 1911.1 0 0 0 0 0 0 0 0 0
-65.9 -882.0 2312.5 0 0 0 0 0 0 0 0 0
188.6 -884.5 2241.7 0 0 0 0 0 0 0 0 0
25.0 462.1 2187.5 4 0.9968298674 -0.0435734987 0.0665701628 0.0501427986 0.9936796427 -0.1004315466 -0.0617732592 0.1034511775 0.9927144051
33.6 266.8 2167.2 0.9968298674 -0.0435734987 0.0665701628 0.0501427986 0.9936796427 -0.1004315466 -0.0617732592 0.1034511775 0.9927144051
43.0 69.0 2150.6 0.9967158437 -0.0474217273 0.0656411275 0.0526355840 0.9953942299 -0.0801236555 -0.0615391955 0.0833155736 0.9946212769
-106.6 259.4 2175.8 0.3714165390 -0.8045609593 -0.4633912444 0.8138287067 0.5223485827 -0.2546268106 0.4469145536 -0.2825484872 0.8487836719
-181.7 94.9 2085.4 -0.5745609999 -0.8045609593 -0.1502044201 -0.5643210411 0.5223485827 -0.6392915845 0.5928080678 -0.2825484872 -0.7541518211
173.7 274.2 2158.5 0.6952304244 0.6927235126 0.1918041259 -0.6450693011 0.7190186977 -0.2586459517 -0.3170808852 0.0560915768 0.9467383027
324.6 134.3 2089.7 -0.4989232123 0.6927235126 0.5207780600 0.5339305401 0.7190186977 -0.4448935986 -0.6826373935 0.0560915768 -0.7286013365
-37.2 -135.0 2143.5 0.9138512611 0.1408638209 0.3808322549 -0.1631907225 0.9862303734 0.0268041082 -0.3718126118 -0.0866432637 0.9242555499
-93.2 -527.1 2177.9 0.9110291004 -0.0731867403 0.4057950974 -0.0735983923 0.9394580722 0.3346667886 -0.4057206511 -0.3347570598 0.8504871726
145.0 -124.1 2125.6 0.8618781567 0.0347760655 0.5059215426 -0.0446315259 0.9989763498 0.0073657110 -0.5051475167 -0.0289283972 0.8625480533
131.2 -521.2 2137.1 0.8582896590 -0.1471630931 0.4916114807 -0.0195944514 0.9479009509 0.3179619610 -0.5127912760 -0.2825363278 0.8106900454
-26.5 247.3 1925.3 0 0 0 0 0 0 0 0 0
191.5 276.7 1907.6 0 0 0 0 0 0 0 0 0
-65.2 -886.0 2305.8 0 0 0 0 0 0 0 0 0
187.4 -883.5 2245.1 0 0 0 0 0 0 0 0 0
26.0 464.1 2188.6 5 0.9978428483 -0.0382171273 0.0533772670 0.0435658507 0.9937338829 -0.1029317603 -0.0491090454 0.1050351486 0.9932551980
33.5 268.7 2168.0 0.9978428483 -0.0382171273 0.0533772670 0.0435658507 0.9937338829 -0.1029317603 -0.0491090454 0.1050351486 0.9932551980
42.1 70.8 2151.1 0.9976838827 -0.0432111621 0.0525322892 0.0474485382 0.9954782724 -0.0822897553 -0.0487389155 0.0845917463 0.9952229857
-106.9 262.0 2174.8 0.3596564531 -0.7996558547 -0.4808302820 0.8337590098 0.5067715049 -0.2191542238 0.4189190269 -0.3220763505 0.8489838839
-179.5 93.6 2090.2 -0.5860692859 -0.7996558547 -0.1306648701 -0.5419942141 0.5067715049 -0.6703916192 0.6022998095 -0.3220763505 -0.7304120660
173.8 275.3 2161.1 0.6388090253 0.7361055017 0.2237669677 -0.6969460249 0.6768511534 -0.2369360179 -0.3258668482 -0.0045966371 0.9454044700
313.1 123.3 2090.0 -0.4885486662 0.7361055017 0.4684750438 0.5265935063 0.6768511534 -0.5143654346 -0.6957151294 -0.0045966371 -0.7183030844
-38.9 -133.8 2139.6 0.9192883968 0.1339946240 0.3700733185 -0.1558002681 0.9873472452 0.0295243245 -0.3614347875 -0.0847988948 0.9285332561
-92.2 -526.3 2173.3 0.9164517522 -0.0722106397 0.3935756087 -0.0803060830 0.9303791523 0.3576947451 -0.3920039237 -0.3594164848 0.8468486667
143.8 -124.1 2128.4 0.8683659434 0.0353226326 0.4946644604 -0.0386117510 0.9992479086 -0.0035719927 -0.4944185913 -0.0159980655 0.8690767288
129.7 -521.4 2134.7 0.8657970428 -0.1496025026 0.4775087237 -0.0215402655 0.9422360063 0.3342564106 -0.4999315143 -0.2996838689 0.8125626445
-20.4 240.8 1926.7 0 0 0 0 0 0 0 0 0
184.2 262.3 1906.4 0 0 0 0 0 0 0 0 0
-64.6 -881.7 2310.7 0 0 0 0 0 0 0 0 0
186.9 -881.5 2249.3 0 0 0 0 0 0 0 0 0
26.8 463.0 2181.2 6 0.9969732761 -0.0336888693 0.0700668395 0.0394272953 0.9958357811 -0.0821983442 -0.0670058951 0.0847121030 0.9941499233
33.4 267.1 2164.5 0.9969732761 -0.0336888693 0.0700668395 0.0394272953 0.9958357811 -0.0821983442 -0.0670058951 0.0847121030 0.9941499233
41.0 68.9 2151.3 0.9968579412 -0.0381758213 0.0694038346 0.0426260158 0.9970511198 -0.0638125166 -0.0667630807 0.0665704235 0.9955456257
-106.8 261.1 2173.9 0.3641702235 -0.7837766409 -0.5030648112 0.8465863466 0.5037139654 -0.1719414741 0.3881644607 -0.3632718325 0.8469722271
-179.6 91.9 2096.3 -0.6104906797 -0.7837766409 -0.1139969155 -0.5175328255 0.5037139654 -0.6916878223 0.5995506048 -0.3632718325 -0.7131428123
173.6 273.1 2155.2 0.6100461483 0.7556311488 0.2384644449 -0.7274212837 0.6534068584 -0.2095657736 -0.3141687214 -0.0456193201 0.9482704997
304.0 117.6 2088.0 -0.4794925749 0.7556311488 0.4462157190 0.5043708682 0.6534068584 -0.5645082593 -0.7181203961 -0.0456193201 -0.6944220662
-40.8 -131.5 2138.8 0.9141233563 0.1296270043 0.3841552734 -0.1529738307 0.9877529740 0.0307102520 -0.3754696250 -0.0868386626 0.9227576256
-92.4 -524.2 2173.3 0.9116622806 -0.0670850724 0.4054275751 -0.0817381069 0.9372695088 0.3388875127 -0.4027291834 -0.3420898318 0.8489898443
142.1 -122.8 2129.8 0.8601118326 0.0328277983 0.5090480447 -0.0358508751 0.9993496537 -0.0038713168 -0.5088440776 -0.0149200531 0.8607293963
129.1 -520.1 2135.8 0.8574541211 -0.1543244421 0.4908731282 -0.0187343992 0.9439704418 0.3294977844 -0.5142192841 -0.2917254269 0.8065201640
-13.3 232.9 1933.0 0 0 0 0 0 0 0 0 0
179.2 248.9 1901.0 0 0 0 0 0 0 0 0 0
-66.7 -882.3 2304.0 0 0 0 0 0 0 0 0 0
188.1 -881.0 2247.3 0 0 0 0 0 0 0 0 0
26.9 464.0 2184.0 7 0.9956327081 -0.0307089295 0.0881615132 0.0387391821 0.9951089621 -0.0908703282 -0.0849397853 0.0938887745 0.9919526577
32.9 267.9 2165.5 0.9956327081 -0.0307089295 0.0881615132 0.0387391821 0.9951089621 -0.0908703282 -0.0849397853 0.0938887745 0.9919526577
40.0 69.7 2151.4 0.9955458641 -0.0353727937 0.0873912647 0.0413578302 0.9968513846 -0.0676520616 -0.0847230628 0.0709650367 0.9938741922
-107.1 262.1 2177.4 0.3534053862 -0.7771852016 -0.5206608772 0.8481921554 0.5009638071 -0.1720620394 0.3945563436 -0.3808128536 0.8362457156
-178.1 91.8 2098.2 -0.6184152961 -0.7771852016 -0.1163857281 -0.4961162210 0.5009638071 -0.7091572285 0.6094515324 -0.3808128536 -0.6953778863
173.0 273.7 2153.6 0.5818320513 0.7748347521 0.2471893579 -0.7608266473 0.6259492636 -0.1712611467 -0.2874270678 -0.0884230211 0.9537122250
299.0 108.9 2091.3 -0.4755507410 0.7748347521 0.4165123999 0.4849879742 0.6259492636 -0.6107161641 -0.7339197397 -0.0884230211 -0.6734561920
-42.8 -133.2 2144.2 0.9077360034 0.1256080270 0.4002973437 -0.1464894712 0.9889706373 0.0218615439 -0.3931363225 -0.0784838572 0.9161245227
-92.7 -526.4 2175.4 0.9052150249 -0.0681093112 0.4194602072 -0.0848090798 0.9382610321 0.3353709579 -0.4164050519 -0.3391568661 0.8435516953
140.1 -125.4 2132.0 0.8507565260 0.0279131141 0.5248182416 -0.0321430787 0.9994827509 -0.0010532031 -0.5245761871 -0.0159732550 0.8512136340
129.0 -522.8 2138.3 0.8468565941 -0.1623789072 0.5064256787 -0.0077282256 0.9483898878 0.3170123994 -0.5317651629 -0.2723778188 0.8018953800
-8.6 227.7 1931.1 0 0 0 0 0 0 0 0 0
175.5 234.8 1900.8 0 0 0 0 0 0 0 0 0
-66.7 -885.0 2305.0 0 0 0 0 0 0 0 0 0
191.0 -885.3 2242.4 0 0 0 0 0 0 0 0 0
26.8 467.0 2186.4 8 0.9953994155 -0.0348142050 0.0892634541 0.0434479043 0.9943668246 -0.0966793224 -0.0853948072 0.1001128554 0.9913047552
33.7 271.2 2166.7 0.9953994155 -0.0348142050 0.0892634541 0.0434479043 0.9943668246 -0.0966793224 -0.0853948072 0.1001128554 0.9913047552
41.5 73.2 2151.4 0.9953022003 -0.0395117402 0.0883874819 0.0460516140 0.9962521195 -0.0732186958 -0.0851632208 0.0769451112 0.9933915138
-106.4 264.7 2178.7 0.3568126261 -0.7715041637 -0.5267504454 0.8529285192 0.4990502596 -0.1531725228 0.3810482025 -0.3946265876 0.8361053467
-178.7 91.8 2101.4 -0.6261181831 -0.7715041637 -0.1129483655 -0.4854354262 0.4990502596 -0.7178449035 0.6101872325 -0.3946265876 -0.6869798899
173.7 277.7 2154.7 0.5551444888 0.7862501740 0.2713397741 -0.7856797576 0.6027737260 -0.1391803175 -0.2729870379 -0.1359209716 0.9523673654
296.5 104.0 2094.3 -0.4764342308 0.7862501740 0.3934731185 0.4513118267 0.6027737260 -0.6580132842 -0.7545382977 -0.1359209716 -0.6420260072
-44.3 -132.2 2145.1 0.9076772928 0.1240635067 0.4009116590 -0.1434172839 0.9894893765 0.0185005777 -0.3944025934 -0.0742902160 0.9159299135
-93.6 -525.7 2174.6 0.9049824476 -0.0716769993 0.4193675518 -0.0861270130 0.9344322681 0.3455697298 -0.4166399837 -0.3488534391 0.8394715190
138.3 -124.7 2129.5 0.8502880931 0.0265868343 0.5256456137 -0.0341626555 0.9994052052 0.0047124517 -0.5252076983 -0.0219643917 0.8506906033
127.8 -522.0 2138.2 0.8444013000 -0.1703242958 0.5079134703 0.0020735750 0.9491427541 0.3148393035 -0.5357071757 -0.2647975087 0.8018105030
-6.0 225.7 1933.1 0 0 0 0 0 0 0 0 0
174.2 219.8 1900.7 0 0 0 0 0 0 0 0 0
-66.2 -882.9 2307.9 0 0 0 0 0 0 0 0 0
192.9 -884.8 2239.5 0 0 0 0 0 0 0 0 0
27.8 468.4 2188.1 9 0.9945532084 -0.0362776592 0.0977130905 0.0460026115 0.9940049052 -0.0991870314 -0.0935290158 0.1031418368 0.9902595878
35.0 272.8 2167.8 0.9945532084 -0.0362776592 0.0977130905 0.0460026115 0.9940049052 -0.0991870314 -0.0935290158 0.1031418368 0.9902595878
42.6 74.8 2151.7 0.9945552945 -0.0384194776 0.0968698338 0.0459477529 0.9959932566 -0.0767219365 -0.0935340822 0.0807551593 0.9923356175
-105.0 266.3 2180.9 0.3349371850 -0.7878986001 -0.5167522430 0.8623625636 0.4773154855 -0.1688215137 0.3796680570 -0.3890831769 0.8393250108
-174.6 87.2 2102.1 -0.6074253321 -0.7878986001 -0.1012436897 -0.4985182285 0.4773154855 -0.7236363292 0.6184772253 -0.3890831769 -0.6827152967
174.9 279.3 2154.6 0.5043080449 0.8201980591 0.2700899839 -0.8276768327 0.5483039618 -0.1196406931 -0.2462204546 -0.1632114500 0.9553729892
285.2 98.3 2100.8 -0.4396785498 0.8201980591 0.3660026491 0.4216496348 0.5483039618 -0.7222010493 -0.7930285931 -0.1632114500 -0.5869137049
-41.9 -129.1 2143.9 0.9031269550 0.1269894242 0.4101650715 -0.1508677602 0.9882057309 0.0262359381 -0.4019957781 -0.0855750665 0.9116338491
-92.4 -522.0 2177.9 0.9005218744 -0.0687852949 0.4293354750 -0.0727920383 0.9496234655 0.3048221469 -0.4286743104 -0.3057512045 0.8501496911
140.7 -120.7 2128.3 0.8455942869 0.0330144204 0.5328042507 -0.0374998339 0.9992937446 -0.0024051229 -0.5325073600 -0.0179463122 0.8462350965
127.6 -518.0 2135.4 0.8406219482 -0.1708007157 0.5139862895 -0.0076714060 0.9451255202 0.3266174197 -0.5415680408 -0.2785047591 0.7931829691
-7.5 224.3 1932.0 0 0 0 0 0 0 0 0 0
173.0 205.9 1898.4 0 0 0 0 0 0 0 0 0
-66.1 -884.6 2294.7 0 0 0 0 0 0 0 0 0
192.9 -879.2 2241.9 0 0 0 0 0 0 0 0 0
27.9 467.7 2187.9 0 0.9932531118 -0.0365381874 0.1100598276 0.0473925509 0.9940888286 -0.0976795778 -0.1058402136 0.1022365689 0.9891135097
35.1 272.1 2167.8 0.9932531118 -0.0365381874 0.1100598276 0.0473925509 0.9940888286 -0.0976795778 -0.1058402136 0.1022365689 0.9891135097
42.4 74.1 2151.6 0.9933282137 -0.0367683060 0.1093028337 0.0453538559 0.9959890246 -0.0771291479 -0.1060285121 0.0815718696 0.9910116196
-104.7 265.7 2182.7 0.3234668374 -0.7998089194 -0.5056430697 0.8667950034 0.4647823274 -0.1806761175 0.3795203269 -0.3798461258 0.8436120152
-172.5 84.1 2103.2 -0.5902986526 -0.7998089194 -0.1088722423 -0.4942502677 0.4647823274 -0.7346387506 0.6381725073 -0.3798461258 -0.6696661711
174.9 278.5 2152.9 0.4877511561 0.8314419985 0.2660882771 -0.8447702527 0.5263915658 -0.0963078737 -0.2201410383 -0.1778091788 0.9591255784
281.7 93.5 2104.7 -0.4247021377 0.8314419985 0.3582349420 0.3957814872 0.5263915658 -0.7525084615 -0.8142389655 -0.1778091788 -0.5526289940
-41.0 -127.4 2144.3 0.8983840942 0.1274753958 0.4203046858 -0.1475291401 0.9889377952 0.0153997615 -0.4136921167 -0.0758420900 0.9072523713
-91.7 -520.6 2174.4 0.8960014582 -0.0662683994 0.4390783906 -0.0895226821 0.9415408969 0.3247867823 -0.4349333644 -0.3303169310 0.8376895189
141.5 -119.0 2127.1 0.8386981487 0.0356505066 0.5434284210 -0.0408312902 0.9991628528 -0.0025312125 -0.5430637002 -0.0200659595 0.8394516706
127.3 -516.3 2135.1 0.8354676962 -0.1675545275 0.5233728886 -0.0217140168 0.9415753484 0.3361017704 -0.5491103530 -0.2921667099 0.7830175161
-12.1 218.4 1929.8 0 0 0 0 0 0 0 0 0
171.7 196.0 1893.8 0 0 0 0 0 0 0 0 0
-66.4 -880.3 2300.6 0 0 0 0 0 0 0 0 0
191.3 -876.2 2246.8 0 0 0 0 0 0 0 0 0
27.7 469.8 2189.4 1 0.9920800924 -0.0347352922 0.1207084730 0.0466665961 0.9941440225 -0.0974672288 -0.1166160554 0.1023283452 0.9878914952
34.6 273.9 2169.2 0.9920800924 -0.0347352922 0.1207084730 0.0466665961 0.9941440225 -0.0974672288 -0.1166160554 0.1023283452 0.9878914952
41.4 76.0 2152.5 0.9921705127 -0.0343311317 0.1200793907 0.0440617055 0.9958732128 -0.0793414265 -0.1168599725 0.0840111226 0.9895887375
-105.1 267.7 2185.6 0.3009843826 -0.8037919998 -0.5131537914 0.8693134189 0.4524848461 -0.1988759041 0.3920491636 -0.3862329423 0.8349380493
-169.2 82.5 2102.1 -0.5857614279 -0.8037919998 -0.1039325371 -0.4885346889 0.4524848461 -0.7460504770 0.6466973424 -0.3862329423 -0.6577284336
174.2 280.1 2152.8 0.4481710494 0.8516975641 0.2715768814 -0.8705208302 0.4848924875 -0.0840995386 -0.2033129632 -0.1987223625 0.9587352276
273.6 87.0 2107.6 -0.4033951759 0.8516975641 0.3344901204 0.3646032512 0.4848924875 -0.7949488759 -0.8392477632 -0.1987223625 -0.5061349869
-41.4 -128.1 2145.1 0.8940085769 0.1252676994 0.4301821887 -0.1444597393 0.9894367456 0.0120966798 -0.4241227210 -0.0729585364 0.9026610255
-91.2 -521.5 2174.1 0.8919147253 -0.0648196936 0.4475338161 -0.0991171971 0.9375844002 0.3333335221 -0.4412073195 -0.3416633904 0.8298206329
140.8 -119.8 2125.7 0.8328298330 0.0285579395 0.5527918935 -0.0342493132 0.9994133115 -0.0000313612 -0.5524684787 -0.0189066231 0.8333193660
129.5 -517.1 2133.2 0.8339427114 -0.1531249583 0.5301813483 -0.0409584604 0.9409085512 0.3361747861 -0.5503289104 -0.3020659387 0.7783920765
-12.2 213.4 1928.8 0 0 0 0 0 0 0 0 0
168.9 181.6 1889.8 0 0 0 0 0 0 0 0 0
-66.5 -879.7 2304.7 0 0 0 0 0 0 0 0 0
188.0 -876.8 2248.6 0 0 0 0 0 0 0 0 0
28.1 473.4 2190.1 2 0.9907059073 -0.0286565814 0.1329686046 0.0419864990 0.9942455888 -0.0985540301 -0.1293792278 0.1032209396 0.9862081409
33.8 277.6 2169.7 0.9907059073 -0.0286565814 0.1329686046 0.0419864990 0.9942455888 -0.0985540301 -0.1293792278 0.1032209396 0.9862081409
39.4 79.6 2153.2 0.9907936454 -0.0282105133 0.1324090809 0.0389156975 0.9961170554 -0.0789707825 -0.1296671480 0.0833965391 0.9880442619
-105.6 272.2 2188.0 0.2784961760 -0.8028644323 -0.5271133780 0.8742680550 0.4391270578 -0.2069368362 0.3976119757 -0.4032072723 0.8242139220
-166.5 81.2 2101.2 -0.5879787803 -0.8028644323 -0.0984357670 -0.4715908766 0.4391270578 -0.7647022009 0.6571780443 -0.4032072723 -0.6368209720
173.2 283.1 2151.5 0.4350873828 0.8525151014 0.2896842957 -0.8786857128 0.4722374678 -0.0700227618 -0.1964952350 -0.2240754217 0.9545574188
271.1 85.5 2107.3 -0.4047139585 0.8525151014 0.3307939470 0.3250547647 0.4722374678 -0.8193480372 -0.8547198772 -0.2240754217 -0.4682351947
-42.8 -126.1 2146.5 0.8884229064 0.1229699478 0.4422478080 -0.1439870000 0.9894788265 0.0141214719 -0.4358583391 -0.0762237757 0.8967817426
-91.7 -519.5 2176.8 0.8862070441 -0.0639060810 0.4588606060 -0.0890369713 0.9484844208 0.3040555418 -0.4546531141 -0.3103117347 0.8348635435
139.2 -118.0 2125.1 0.8256765604 0.0202516075 0.5637801290 -0.0310613569 0.9994714856 0.0095883673 -0.5632880330 -0.0254286677 0.8258692622
131.2 -515.4 2135.2 0.8283680081 -0.1440025866 0.5413591266 -0.0478657335 0.9446651936 0.3245251775 -0.5581355691 -0.2947388291 0.7756376266
-10.3 206.5 1926.7 0 0 0 0 0 0 0 0 0
166.7 169.3 1887.0 0 0 0 0 0 0 0 0 0
-67.3 -881.8 2295.4 0 0 0 0 0 0 0 0 0
186.2 -876.5 2247.9 0 0 0 0 0 0 0 0 0
27.3 472.1 2189.4 3 0.9907948971 -0.0294935629 0.1321195215 0.0424853154 0.9944141507 -0.0966202170 -0.1285318583 0.1013439596 0.9865135550
33.1 276.4 2169.5 0.9907948971 -0.0294935629 0.1321195215 0.0424853154 0.9944141507 -0.0966202170 -0.1285318583 0.1013439596 0.9865135550
39.0 78.4 2153.5 0.9908667207 -0.0298359562 0.1315026730 0.0400758833 0.9963080287 -0.0759228319 -0.1287519485 0.0804994926 0.9884041548
-106.4 270.8 2187.6 0.2603900731 -0.8016216159 -0.5381447673 0.8759700656 0.4305491149 -0.2174945623 0.4060460925 -0.4147652686 0.8143072724
-163.1 79.8 2099.1 -0.5904703736 -0.8016216159 -0.0935282186 -0.4616673589 0.4305491149 -0.7755582929 0.6619728208 -0.4147652686 -0.6243090034
172.5 282.1 2151.4 0.4342268705 0.8457763791 0.3100150824 -0.8799515963 0.4718842506 -0.0548679978 -0.1926972866 -0.2489730865 0.9491470456
267.9 88.9 2109.1 -0.3995007575 0.8457763791 0.3536403179 0.2508137524 0.4718842506 -0.8452323675 -0.8817548156 -0.2489730865 -0.4006504714
-45.9 -122.0 2148.5 0.8908944130 0.1121624634 0.4401439428 -0.1286298186 0.9916631579 0.0076525118 -0.4356161952 -0.0634332150 0.8978946209
-90.5 -516.2 2173.7 0.8895152807 -0.0561283678 0.4534447193 -0.0970420986 0.9465754032 0.3075350821 -0.4464810789 -0.3175604045 0.8365464807
135.9 -114.8 2124.7 0.8263877034 0.0091146585 0.5630277395 -0.0257738344 0.9994333386 0.0216502417 -0.5625113845 -0.0324028768 0.8261543512
132.3 -512.2 2137.6 0.8293311596 -0.1327956319 0.5427477360 -0.0455977097 0.9520235658 0.3026086390 -0.5568937659 -0.2757108510 0.7834876180
-8.3 200.9 1925.5 0 0 0 0 0 0 0 0 0
166.0 152.8 1884.2 0 0 0 0 0 0 0 0 0
-69.0 -878.0 2295.1 0 0 0 0 0 0 0 0 0
183.0 -876.0 2243.0 0 0 0 0 0 0 0 0 0
27.4 470.3 2188.6 4 0.9899812341 -0.0300123673 0.1379722953 0.0431660526 0.9946967363 -0.0933548138 -0.1344387978 0.0983752385 0.9860266447
33.3 274.8 2169.3 0.9899812341 -0.0300123673 0.1379722953 0.0431660526 0.9946967363 -0.0933548138 -0.1344387978 0.0983752385 0.9860266447
39.1 76.7 2153.8 0.9900920987 -0.0290677175 0.1373777837 0.0394296460 0.9965289235 -0.0733172372 -0.1347697675 0.0780075788 0.9878015518
-106.0 269.2 2188.2 0.2611054480 -0.7955678105 -0.5467135906 0.8761056066 0.4330972433 -0.2118152529 0.4052935541 -0.4236727655 0.8100855350
-162.9 78.4 2099.9 -0.5932201147 -0.7955678105 -0.1231329888 -0.4147165716 0.4330972433 -0.8002730608 0.6900000572 -0.4236727655 -0.5868571401
172.6 280.3 2150.3 0.4070124626 0.8499335647 0.3345949352 -0.8940852284 0.4456794262 -0.0445137508 -0.1869558096 -0.2810387313 0.9413101077
258.9 90.7 2110.7 -0.3861382008 0.8499335647 0.3584831953 0.1639717221 0.4456794262 -0.8800472617 -0.9077503085 -0.2810387313 -0.3114589155
-46.0 -123.4 2149.3 0.8877428770 0.1121923178 0.4464588463 -0.1344733238 0.9907460213 0.0184197184 -0.4402607679 -0.0763887838 0.8946145773
-90.6 -517.3 2179.7 0.8862352371 -0.0544335470 0.4600262344 -0.0944246352 0.9509948492 0.2944363952 -0.4535097778 -0.3043777049 0.8376652598
135.9 -116.0 2125.7 0.8230650425 0.0015917593 0.5679448843 -0.0170037486 0.9996168613 0.0218402203 -0.5676925182 -0.0276331138 0.8227767944
135.2 -513.5 2136.7 0.8304055929 -0.1217017621 0.5437051058 -0.0657264739 0.9476403594 0.3125023842 -0.5532689691 -0.2952395380 0.7789268494
-10.3 185.1 1922.4 0 0 0 0 0 0 0 0 0
161.0 132.3 1880.5 0 0 0 0 0 0 0 0 0
-69.8 -880.7 2296.0 0 0 0 0 0 0 0 0 0
181.7 -875.6 2249.5 0 0 0 0 0 0 0 0 0
27.4 473.3 2190.2 5 0.9898042083 -0.0301774982 0.1392012984 0.0436465330 0.9945442677 -0.0947452560 -0.1355826706 0.0998549089 0.9857212305
33.3 277.6 2170.5 0.9898042083 -0.0301774982 0.1392012984 0.0436465330 0.9945442677 -0.0947452560 -0.1355826706 0.0998549089 0.9857212305
39.3 79.5 2154.6 0.9898948669 -0.0298934039 0.1386166215 0.0406415462 0.9963272214 -0.0753679052 -0.1358545125 0.0802398920 0.9874740839
-106.0 271.9 2189.7 0.2569204867 -0.7964175940 -0.5474585891 0.8797045946 0.4272644520 -0.2087222189 0.4001396596 -0.4279768169 0.8103851676
-163.0 76.7 2100.9 -0.5864139199 -0.7964175940 -0.1477761567 -0.3726923466 0.4272644520 -0.8237387538 0.7191795111 -0.4279768169 -0.5473725200
172.7 283.3 2151.4 0.3827936947 0.8596254587 0.3383977115 -0.9066271782 0.4199214876 -0.0411469080 -0.1774713993 -0.2910498083 0.9401031137
254.2 90.3 2113.6 -0.3656302094 0.8596254587 0.3568733335 0.1077041328 0.4199214876 -0.9011469483 -0.9245076180 -0.2910498083 -0.2461211979
-46.0 -125.1 2150.6 0.8870339990 0.1148746759 0.4471851289 -0.1353966892 0.9906914234 0.0140794152 -0.4414050877 -0.0730363056 0.8943306208
-91.7 -518.9 2179.7 0.8850182891 -0.0618454069 0.4614301026 -0.0861725137 0.9522495866 0.2929078937 -0.4575116038 -0.2989914417 0.8374289274
135.7 -117.8 2125.9 0.8223683834 -0.0092177326 0.5688807368 -0.0060959118 0.9996685982 0.0250100996 -0.5689227581 -0.0240353607 0.8220396638
139.4 -515.3 2135.4 0.8328884244 -0.1073432416 0.5429312587 -0.0781361610 0.9483768344 0.3073695898 -0.5478974581 -0.2984271348 0.7815046906
-14.3 171.2 1918.6 0 0 0 0 0 0 0 0 0
161.2 117.7 1878.6 0 0 0 0 0 0 0 0 0
-68.0 -882.9 2293.9 0 0 0 0 0 0 0 0 0
180.4 -877.7 2249.5 0 0 0 0 0 0 0 0 0
26.7 473.8 2189.0 6 0.9921307564 -0.0372904874 0.1195238978 0.0485397391 0.9945165515 -0.0926322043 -0.1154141948 0.0977049172 0.9885005355
34.1 277.8 2169.7 0.9921307564 -0.0372904874 0.1195238978 0.0485397391 0.9945165515 -0.0926322043 -0.1154141948 0.0977049172 0.9885005355
41.4 79.7 2153.8 0.9922320247 -0.0366350897 0.1188841835 0.0458127186 0.9960999489 -0.0754064769 -0.1156580001 0.0802671239 0.9900406003
-105.5 271.3 2186.0 0.2494467497 -0.7856210470 -0.5661942363 0.8851108551 0.4221714437 -0.1958316416 0.3928804994 -0.4522950947 0.8006709814
-160.5 76.3 2099.4 -0.5955643654 -0.7856210470 -0.1676385701 -0.3179387152 0.4221714437 -0.8489324450 0.7377113700 -0.4522950947 -0.5012096167
173.7 284.2 2153.5 0.2901979983 0.9014661908 0.3211600482 -0.9395482540 0.3321315944 -0.0832929611 -0.1817531884 -0.2775739133 0.9433549047
235.0 85.8 2115.1 -0.3114732802 0.9014661908 0.3005712330 0.0524450764 0.3321315944 -0.9417739511 -0.9488065839 -0.2775739133 -0.1507275701
-45.6 -122.3 2151.1 0.8963417411 0.1176364124 0.4274729490 -0.1320078373 0.9912405014 0.0040193358 -0.4232556820 -0.0600324795 0.9040191770
-92.4 -516.4 2175.0 0.8944609761 -0.0642824620 0.4425011873 -0.0936069414 0.9407655001 0.3258804381 -0.4372382462 -0.3329085112 0.8354607224
136.1 -114.8 2126.2 0.8338696361 -0.0050761411 0.5519380569 -0.0095810881 0.9996739626 0.0236690752 -0.5518782735 -0.0250250902 0.8335491419
138.1 -512.3 2136.1 0.8410692811 -0.1146652177 0.5286344290 -0.0597418100 0.9516048431 0.3014616072 -0.5376182199 -0.2851316929 0.7935153246
-10.0 156.7 1913.0 0 0 0 0 0 0 0 0 0
155.8 99.2 1873.8 0 0 0 0 0 0 0 0 0
-67.8 -875.8 2302.2 0 0 0 0 0 0 0 0 0
181.9 -876.0 2245.1 0 0 0 0 0 0 0 0 0
26.1 474.3 2188.4 7 0.9931868315 -0.0431592427 0.1082460508 0.0529937595 0.9945591092 -0.0896871835 -0.1037862673 0.0948124975 0.9900702238
34.7 277.9 2169.7 0.9931868315 -0.0431592427 0.1082460508 0.0529937595 0.9945591092 -0.0896871835 -0.1037862673 0.0948124975 0.9900702238
42.9 79.9 2154.1 0.9933295846 -0.0415602364 0.1075594574 0.0496389009 0.9960550666 -0.0735547096 -0.1040781885 0.0784032047 0.9914739728
-105.1 270.9 2184.3 0.2466399819 -0.7738042474 -0.5834344029 0.8928647637 0.4155047536 -0.1736325622 0.3767773807 -0.4781032801 0.7933826447
-159.0 75.7 2101.9 -0.6022714376 -0.7738042474 -0.1962041110 -0.2488269955 0.4155047536 -0.8748947978 0.7585210800 -0.4781032801 -0.4427900612
174.4 284.9 2155.0 0.2735080719 0.9031039476 0.3310537338 -0.9462758899 0.3143579662 -0.0757696852 -0.1724972874 -0.2925445437 0.9405649304
234.6 76.8 2117.1 -0.3114725649 0.9031039476 0.2956147790 0.0105525451 0.3143579662 -0.9492458701 -0.9501965642 -0.2925445437 -0.1074439213
-42.4 -122.5 2148.5 0.9006451368 0.1236650422 0.4165876508 -0.1383390874 0.9903718233 0.0050890814 -0.4119473398 -0.0622138083 0.9090813398
-91.5 -516.2 2173.2 0.8987291455 -0.0616324842 0.4341513216 -0.0936371237 0.9402635694 0.3273172081 -0.4283900261 -0.3348221779 0.8392711878
139.7 -114.1 2127.2 0.8403317332 0.0062517589 0.5420364141 -0.0164566170 0.9997668266 0.0139819300 -0.5418226123 -0.0206695460 0.8402386308
137.2 -511.6 2135.4 0.8458821774 -0.1209509224 0.5194749236 -0.0546841174 0.9491502047 0.3100379109 -0.5305591226 -0.2906625569 0.7962551713
-7.1 138.5 1910.6 0 0 0 0 0 0 0 0 0
154.9 79.5 1874.0 0 0 0 0 0 0 0 0 0
-68.0 -875.6 2301.1 0 0 0 0 0 0 0 0 0
183.4 -874.4 2246.6 0 0 0 0 0 0 0 0 0
25.5 473.7 2182.1 8 0.9924790859 -0.0480576456 0.1125865877 0.0560839921 0.9960221648 -0.0692418963 -0.1088111326 0.0750354379 0.9912264347
35.0 276.6 2167.2 0.9924790859 -0.0480576456 0.1125865877 0.0560839921 0.9960221648 -0.0692418963 -0.1088111326 0.0750354379 0.9912264347
43.8 78.4 2154.9 0.9927147627 -0.0444290265 0.1119978279 0.0510054976 0.9970958233 -0.0565538779 -0.1091599315 0.0618543699 0.9920978546
-104.7 269.4 2182.6 0.2005493343 -0.8007841706 -0.5643799305 0.9093006849 0.3665615320 -0.1969897002 0.3646261990 -0.4736848772 0.8016672134
-149.4 66.7 2101.3 -0.5718746185 -0.8007841706 -0.1780565679 -0.2328214645 0.3665615320 -0.9007923007 0.7866089344 -0.4736848772 -0.3960669935
174.7 283.8 2151.9 0.2499440312 0.9129658341 0.3225234151 -0.9580848217 0.2813576758 -0.0539569780 -0.1400053203 -0.2955185473 0.9450224042
230.9 68.4 2120.4 -0.2991054356 0.9129658341 0.2775415480 -0.0311572552 0.2813576758 -0.9590970278 -0.9537112713 -0.2955185473 -0.0557101034
-39.9 -122.7 2148.1 0.8988893032 0.1308869570 0.4181705713 -0.1458847672 0.9892937541 0.0039424431 -0.4131775200 -0.0645485371 0.9083599448
-92.0 -516.0 2173.7 0.8966960311 -0.0634443462 0.4380765259 -0.0892277807 0.9434521198 0.3192750216 -0.4335604012 -0.3253812492 0.8403287530
142.3 -113.6 2129.0 0.8380480409 0.0160254184 0.5453610420 -0.0258185919 0.9996135831 0.0103014214 -0.5449852347 -0.0227135401 0.8381379247
135.9 -511.0 2138.0 0.8410195112 -0.1233579889 0.5267531872 -0.0471643806 0.9532321692 0.2985363305 -0.5389449596 -0.2759188712 0.7958687544
-4.9 125.5 1902.5 0 0 0 0 0 0 0 0 0
154.1 60.4 1875.6 0 0 0 0 0 0 0 0 0
-67.7 -876.6 2298.1 0 0 0 0 0 0 0 0 0
183.1 -875.4 2243.5 0 0 0 0 0 0 0 0 0
23.9 473.5 2178.9 9 0.9926923513 -0.0506991185 0.1095054969 0.0574193522 0.9965986013 -0.0591119379 -0.1061361060 0.0649677068 0.9922269583
33.9 276.5 2166.1 0.9926923513 -0.0506991185 0.1095054969 0.0574193522 0.9965986013 -0.0591119379 -0.1061361060 0.0649677068 0.9922269583
43.7 78.3 2155.6 0.9928305149 -0.0492369533 0.1089187413 0.0546630733 0.9973789454 -0.0474047549 -0.1062991992 0.0530187190 0.9929196835
-105.8 268.9 2181.1 0.1866215914 -0.8071052432 -0.5601370335 0.9241728187 0.3376449943 -0.1786070764 0.3332821727 -0.4843314886 0.8089165688
-147.6 61.9 2106.4 -0.5624971390 -0.8071052432 -0.1793824732 -0.1905104667 0.3376449943 -0.9217926264 0.8045512438 -0.4843314886 -0.3436863422
173.6 284.2 2151.1 0.2281337976 0.9270216823 0.2976335585 -0.9677649140 0.2494073063 -0.0350299999 -0.1067055538 -0.2800477743 0.9540373087
225.9 62.5 2126.7 -0.2731339335 0.9270216823 0.2569603622 -0.0626532882 0.2494073063 -0.9663698077 -0.9599335790 -0.2800477743 -0.0100406408
-38.4 -124.5 2152.7 0.9009385705 0.1350648701 0.4123920500 -0.1452925056 0.9893665910 -0.0066176127 -0.4089007378 -0.0539554134 0.9109824300
-92.1 -517.8 2174.1 0.8986891508 -0.0648240075 0.4337691367 -0.0907315537 0.9401438236 0.3284773827 -0.4290985763 -0.3345556259 0.8390154839
143.7 -115.1 2132.6 0.8400377631 0.0196764339 0.5421709418 -0.0234238040 0.9997256398 0.0000107816 -0.5420219898 -0.0127087636 0.8402681947
135.9 -512.6 2137.7 0.8424038887 -0.1278352290 0.5234633088 -0.0401227027 0.9538736939 0.2975150049 -0.5373507738 -0.2716305554 0.7984178066
-5.1 110.2 1902.5 0 0 0 0 0 0 0 0 0
155.5 46.4 1879.2 0 0 0 0 0 0 0 0 0
-67.3 -877.2 2302.0 0 0 0 0 0 0 0 0 0
184.8 -877.2 2241.5 0 0 0 0 0 0 0 0 0
22.8 474.2 2176.9 0 0.9930068254 -0.0522333905 0.1058732569 0.0580238439 0.9969406724 -0.0523690283 -0.1028139442 0.0581459738 0.9929996729
33.2 276.9 2165.3 0.9930068254 -0.0522333905 0.1058732569 0.0580238439 0.9969406724 -0.0523690283 -0.1028139442 0.0581459738 0.9929996729
43.4 78.6 2156.0 0.9931172729 -0.0512560084 0.1053131595 0.0558945388 0.9975707531 -0.0415744781 -0.1029263884 0.0471747629 0.9935696721
-106.6 269.0 2179.8 0.1562334746 -0.8144700527 -0.5587751269 0.9340319633 0.3058012724 -0.1845803559 0.3212093115 -0.4930762053 0.8085174561
-141.6 59.7 2107.8 -0.5537155867 -0.8144700527 -0.1733136177 -0.1558196098 0.3058012724 -0.9392581582 0.8179971576 -0.4930762053 -0.2962373197
173.0 284.8 2150.9 0.2154697329 0.9302655458 0.2969492078 -0.9723181129 0.2325323522 -0.0229389612 -0.0903896168 -0.2837864161 0.9546177387
224.0 54.4 2129.4 -0.2661719024 0.9302655458 0.2525045276 -0.1046007946 0.2325323522 -0.9669474363 -0.9582333565 -0.2837864161 0.0354129337
-37.6 -125.0 2154.8 0.9025104046 0.1373412013 0.4081818163 -0.1474477649 0.9890466928 -0.0067708003 -0.4046407640 -0.0540747792 0.9128755331
-92.2 -518.2 2176.3 0.9002012610 -0.0646042898 0.4306553304 -0.0834569111 0.9450095296 0.3162150085 -0.4274022281 -0.3205983043 0.8453070521
144.6 -115.0 2135.3 0.8421470523 0.0187712833 0.5389211178 -0.0217444431 0.9997631907 -0.0008439458 -0.5388093591 -0.0110078128 0.8423557878
137.1 -512.5 2139.6 0.8446165323 -0.1183019355 0.5221374631 -0.0404549837 0.9583888054 0.2825849652 -0.5338410735 -0.2597990036 0.8046851754
-1.7 99.1 1901.1 0 0 0 0 0 0 0 0 0
155.4 27.4 1882.3 0 0 0 0 0 0 0 0 0
-67.5 -879.5 2298.8 0 0 0 0 0 0 0 0 0
182.3 -878.8 2239.0 0 0 0 0 0 0 0 0 0
21.5 474.4 2170.8 1 0.9936600924 -0.0531209894 0.0990844592 0.0568683185 0.9977544546 -0.0353847407 -0.0969822854 0.0407951735 0.9944496751
32.0 277.1 2162.8 0.9936600924 -0.0531209894 0.0990844592 0.0568683185 0.9977544546 -0.0353847407 -0.0969822854 0.0407951735 0.9944496751
42.4 78.7 2156.3 0.9937291145 -0.0526193604 0.0986595005 0.0555664748 0.9980799556 -0.0273637157 -0.0970302075 0.0326742828 0.9947449565
-107.9 269.2 2176.4 0.1490693688 -0.8174980283 -0.5563050508 0.9481062889 0.2779507935 -0.1543948352 0.2808429003 -0.5044207573 0.8165090084
-141.2 57.6 2113.7 -0.5483947396 -0.8174980283 -0.1759550571 -0.1080901921 0.2779507935 -0.9544945359 0.8292042613 -0.5044207573 -0.2407902777
171.8 284.9 2149.1 0.2184961587 0.9270753860 0.3046155572 -0.9733299017 0.2294099927 -0.0000378444 -0.0699169412 -0.2964831591 0.9524753690
225.3 46.6 2132.0 -0.2702519596 0.9270753860 0.2597981691 -0.1391043216 0.2294099927 -0.9633384943 -0.9526876807 -0.2964831591 0.0669616982
-37.6 -124.8 2156.0 0.9057550430 0.1379461586 0.4007226825 -0.1493688673 0.9887776971 -0.0027612059 -0.3966065347 -0.0573545136 0.9161952138
-92.4 -518.0 2178.8 0.9034130573 -0.0652974322 0.4237700701 -0.0758275837 0.9484269023 0.3077930212 -0.4220130444 -0.3101977110 0.8518699408
144.7 -114.6 2137.2 0.8459340930 0.0191504750 0.5329434872 -0.0201251414 0.9997895360 -0.0039814771 -0.5329075456 -0.0073574958 0.8461414576
137.1 -512.1 2140.1 0.8481057286 -0.1206872836 0.5158985257 -0.0364000909 0.9581382275 0.2839826345 -0.5285751820 -0.2596260607 0.8082094789
-2.2 85.0 1903.6 0 0 0 0 0 0 0 0 0
156.1 11.0 1887.9 0 0 0 0 0 0 0 0 0
-67.5 -880.5 2297.4 0 0 0 0 0 0 0 0 0
183.2 -878.4 2239.3 0 0 0 0 0 0 0 0 0
20.5 473.2 2166.8 2 0.9938606024 -0.0563253202 0.0952287838 0.0587508567 0.9980109334 -0.0228594579 -0.0937518030 0.0283138882 0.9951928854
31.6 275.5 2161.2 0.9938606024 -0.0563253202 0.0952287838 0.0587508567 0.9980109334 -0.0228594579 -0.0937518030 0.0283138882 0.9951928854
42.6 77.1 2156.9 0.9939648509 -0.0551110618 0.0948509574 0.0568842441 0.9982510805 -0.0160911269 -0.0937982723 0.0213895384 0.9953614473
-108.3 267.5 2174.4 0.1363132894 -0.8279305100 -0.5440126657 0.9615603089 0.2427060604 -0.1284350604 0.2383704782 -0.5055935979 0.8291891217
-138.5 54.3 2121.5 -0.5366979837 -0.8279305100 -0.1627464890 -0.0812718272 0.2427060604 -0.9666895270 0.8398513198 -0.5055935979 -0.1975472718
171.5 283.5 2148.0 0.2299308330 0.9234022498 0.3073436916 -0.9721037745 0.2329492569 0.0273659974 -0.0463256575 -0.3050622344 0.9512050152
228.6 42.1 2136.5 -0.2682905495 0.9234022498 0.2744968235 -0.1766649336 0.2329492569 -0.9563075304 -0.9470003843 -0.3050622344 0.1006347016
-38.3 -124.8 2158.7 0.9091092944 0.1332071126 0.3946848810 -0.1407936215 0.9899902344 -0.0098228995 -0.3920426667 -0.0466390215 0.9187640548
-91.3 -518.5 2177.2 0.9073805213 -0.0565793738 0.4164845049 -0.0904053003 0.9414325356 0.3248564303 -0.4104722142 -0.3324207962 0.8491224647
144.0 -114.6 2140.9 0.8482031822 0.0191856604 0.5293233991 -0.0153454589 0.9998143911 -0.0116488924 -0.5294486284 0.0017579172 0.8483401537
136.4 -512.2 2140.2 0.8521859050 -0.1172901914 0.5099236965 -0.0445455462 0.9547508359 0.2940518260 -0.5213394761 -0.2733016610 0.8084005117
-2.2 74.9 1908.2 0 0 0 0 0 0 0 0 0
160.1 -3.0 1894.7 0 0 0 0 0 0 0 0 0
-69.6 -878.2 2304.3 0 0 0 0 0 0 0 0 0
181.3 -877.1 2244.6 0 0 0 0 0 0 0 0 0
20.5 475.7 2171.3 3 0.9954968691 -0.0566707961 0.0759897083 0.0598340780 0.9974058867 -0.0400165543 -0.0735248104 0.0443831272 0.9963052869
31.8 278.0 2162.5 0.9954968691 -0.0566707961 0.0759897083 0.0598340780 0.9974058867 -0.0400165543 -0.0735248104 0.0443831272 0.9963052869
43.2 79.7 2155.8 0.9954906106 -0.0575976074 0.0753719509 0.0599428229 0.9977737665 -0.0292301700 -0.0735205635 0.0336163677 0.9967269897
-108.3 269.6 2172.8 0.1316588670 -0.8431891799 -0.5212464929 0.9723765254 0.2120897323 -0.0974774659 0.1927429736 -0.4940140843 0.8478208780
-137.9 51.3 2129.6 -0.5133051872 -0.8431891799 -0.1598428637 -0.0443918221 0.2120897323 -0.9762414098 0.8570572734 -0.4940140843 -0.1462974697
171.9 286.5 2152.1 0.2280447036 0.9133633375 0.3372877836 -0.9715090394 0.2364175767 0.0166396648 -0.0645427033 -0.3314727247 0.9412544966
229.9 39.2 2135.7 -0.2760398090 0.9133633375 0.2992815971 -0.2388707548 0.2364175767 -0.9418320060 -0.9309902191 -0.3314727247 0.1529151350
-37.7 -126.6 2161.3 0.9152089357 0.1372120380 0.3789003193 -0.1463492215 0.9892216921 -0.0047321296 -0.3754657209 -0.0511208773 0.9254254103
-92.2 -519.9 2181.6 0.9134265184 -0.0603917055 0.4024981856 -0.0630137399 0.9560217857 0.2864465117 -0.4020960331 -0.2870107591 0.8694501519
144.7 -116.2 2144.1 0.8582492471 0.0242418889 0.5126603246 -0.0159449335 0.9996611476 -0.0205768757 -0.5129854083 0.0094857523 0.8583449125
135.1 -513.6 2140.3 0.8597015738 -0.1308205277 0.4937602580 -0.0261780098 0.9540930986 0.2983638942 -0.5101253986 -0.2694295645 0.8168107271
-6.9 62.7 1910.9 0 0 0 0 0 0 0 0 0
159.5 -21.7 1898.4 0 0 0 0 0 0 0 0 0
-69.2 -884.9 2291.2 0 0 0 0 0 0 0 0 0
185.1 -878.3 2243.3 0 0 0 0 0 0 0 0 0
21.0 474.1 2167.0 4 0.9962983727 -0.0606959388 0.0608728230 0.0623881891 0.9977055192 -0.0262937788 -0.0591372289 0.0299941953 0.9977991581
33.0 276.3 2161.1 0.9962983727 -0.0606959388 0.0608728230 0.0623881891 0.9977055192 -0.0262937788 -0.0591372289 0.0299941953 0.9977991581
44.7 77.9 2156.9 0.9964237213 -0.0591297038 0.0603605323 0.0603004955 0.9980222583 -0.0177614037 -0.0591909252 0.0213376544 0.9980186224
-107.2 267.8 2169.4 0.1168568134 -0.8483241796 -0.5164209604 0.9786271453 0.1869523376 -0.0856606215 0.1692140847 -0.4953735173 0.8520396948
-133.9 44.8 2130.9 -0.5086113214 -0.8483241796 -0.1471755654 -0.0276691392 0.1869523376 -0.9819792509 0.8605515361 -0.4953735173 -0.1185584739
173.2 284.8 2152.8 0.2458284646 0.8967553377 0.3679650128 -0.9671145678 0.2524656355 0.0308301058 -0.0652514547 -0.3634432256 0.9293283820
235.8 38.7 2136.2 -0.2876200080 0.8967553377 0.3363102973 -0.2916437984 0.2524656355 -0.9226077199 -0.9122601748 -0.3634432256 0.1889189631
-36.6 -124.1 2155.9 0.9212801456 0.1360680759 0.3643190563 -0.1469016820 0.9891489744 0.0020476428 -0.3600872159 -0.0554055348 0.9312719703
-90.7 -517.4 2177.9 0.9202191830 -0.0467360802 0.3886030614 -0.0835073814 0.9465418458 0.3115846813 -0.3823913336 -0.3191774189 0.8671231866
146.0 -113.1 2142.4 0.8658844233 0.0272228364 0.4995028675 -0.0215696692 0.9996212721 -0.0170883629 -0.4997788966 0.0040224362 0.8661437035
135.2 -510.6 2140.8 0.8662232161 -0.1221008524 0.4845087826 -0.0242029931 0.9582904577 0.2847694159 -0.4990707338 -0.2584004402 0.8271381855
-3.9 51.9 1911.0 0 0 0 0 0 0 0 0 0
162.4 -35.7 1903.5 0 0 0 0 0 0 0 0 0
-72.9 -878.8 2299.8 0 0 0 0 0 0 0 0 0
181.9 -876.9 2239.6 0 0 0 0 0 0 0 0 0
21.0 474.1 2164.9 5 0.9963706732 -0.0620071366 0.0583149828 0.0632288381 0.9978116155 -0.0193418581 -0.0569880344 0.0229588486 0.9981108308
33.3 276.3 2160.4 0.9963706732 -0.0620071366 0.0583149828 0.0632288381 0.9978116155 -0.0193418581 -0.0569880344 0.0229588486 0.9981108308
45.2 77.9 2157.2 0.9965184927 -0.0599965230 0.0578905270 0.0608103126 0.9980723262 -0.0123980921 -0.0570350923 0.0158752687 0.9982459545
-107.0 267.7 2168.4 0.0997410491 -0.8703949451 -0.4821456373 0.9847269654 0.1558429003 -0.0776262730 0.1427044868 -0.4670392573 0.8726452589
-130.2 38.2 2135.1 -0.4737319946 -0.8703949451 -0.1341293305 -0.0066648782 0.1558429003 -0.9877593517 0.8806438446 -0.4670392573 -0.0796288475
173.5 284.8 2152.3 0.2659339905 0.8701236248 0.4149264693 -0.9612659812 0.2717030048 0.0463168211 -0.0724354088 -0.4111719131 0.9086753130
241.5 39.1 2133.8 -0.2989220023 0.8701236248 0.3918296993 -0.3723560870 0.2717030048 -0.8874279857 -0.8786333799 -0.4111719131 0.2427778393
-34.9 -126.0 2158.0 0.9215175509 0.1424867213 0.3612519205 -0.1535709798 0.9881355762 0.0019990236 -0.3566810489 -0.0573199466 0.9324660897
-91.6 -518.9 2180.8 0.9201442599 -0.0564417504 0.3874904513 -0.0693075806 0.9504595995 0.3030231595 -0.3853971660 -0.3056810498 0.8706480861
147.9 -114.9 2147.2 0.8672015667 0.0346623510 0.4967493713 -0.0215974953 0.9992537498 -0.0320223942 -0.4974886477 0.0170413312 0.8673030734
134.1 -512.2 2140.4 0.8660206795 -0.1361991018 0.4811008573 -0.0130696511 0.9556909800 0.2940814793 -0.4998373985 -0.2609684467 0.8258680701
-11.1 39.9 1913.7 0 0 0 0 0 0 0 0 0
165.4 -55.7 1910.0 0 0 0 0 0 0 0 0 0
-70.0 -882.0 2297.6 0 0 0 0 0 0 0 0 0
186.2 -877.5 2240.2 0 0 0 0 0 0 0 0 0
21.0 474.7 2163.8 6 0.9966275096 -0.0604550429 0.0554873943 0.0613069199 0.9980238676 -0.0137794986 -0.0545447022 0.0171347894 0.9983642697
32.9 277.3 2160.5 0.9966275096 -0.0604550429 0.0554873943 0.0613069199 0.9980238676 -0.0137794986 -0.0545447022 0.0171347894 0.9983642697
44.7 78.8 2158.3 0.9967196584 -0.0592697263 0.0551094338 0.0597702600 0.9981841445 -0.0074776225 -0.0545661673 0.0107469978 0.9984523058
-107.3 268.8 2168.1 0.1198722944 -0.8503113985 -0.5124462247 0.9846499562 0.1677875072 -0.0480819121 0.1268666685 -0.4988164306 0.8573721647
-135.7 35.4 2138.1 -0.4999781847 -0.8503113985 -0.1642933041 0.0383415967 0.1677875072 -0.9850773215 0.8651888371 -0.4988164306 -0.0512878001
173.2 285.7 2152.8 0.2792012393 0.8335827589 0.4766407609 -0.9554468989 0.2906643450 0.0513367020 -0.0957490802 -0.4697382152 0.8775979280
245.2 39.3 2128.1 -0.3171485960 0.8335827589 0.4522792399 -0.4444193840 0.2906643450 -0.8473521471 -0.8377996087 -0.4697382152 0.2782765627
