26.3 485.4 2164.1 4 0.9985102415 -0.0338069312 0.0428301655 0.0340665840 0.9994052649 -0.0053468253 -0.0426239334 0.0067979372 0.9990680814
33.0 286.6 2162.8 0.9985102415 -0.0338069312 0.0428301655 0.0340665840 0.9994052649 -0.0053468253 -0.0426239334 0.0067979372 0.9990680814
39.8 87.9 2161.6 0.9985107183 -0.0338275656 0.0428018346 0.0340513326 0.9994099140 -0.0045095673 -0.0426240303 0.0059603108 0.9990733862
-107.5 281.8 2168.8 0.1735392660 -0.7921710014 -0.5851061940 0.9797815084 0.1989381313 0.0212569013 0.0995608345 -0.5769651532 0.8106780052
-153.3 23.1 2142.5 -0.4212144315 -0.7921710014 -0.4416373372 0.5058966875 0.1989381313 -0.8393402696 0.7527595162 -0.5769651532 0.3169610798
173.6 291.4 2156.8 0.2488491684 0.7505503893 0.6121668220 -0.9667078853 0.2313565612 0.1093161032 -0.0595815703 -0.6189897060 0.7831358314
237.4 43.5 2141.5 -0.1538099945 0.7505503893 0.6426637173 -0.8498188853 0.2313565612 -0.4735842347 -0.5041332841 -0.6189897060 0.6022469401
-40.2 -117.5 2160.0 0.9286453128 0.1298690736 0.3474937975 -0.1395869255 0.9902054071 0.0029631408 -0.3437054157 -0.0512572974 0.9376776218
-91.8 -511.1 2180.3 0.9275894761 -0.0492096059 0.3703459799 -0.0672876984 0.9530718923 0.2951717079 -0.3674916327 -0.2987178862 0.8807482719
143.0 -109.2 2153.8 0.8761017323 0.0231080577 0.4815721512 -0.0011607148 0.9989489317 -0.0458225533 -0.4821248353 0.0395862497 0.8752077222
133.8 -506.3 2138.1 0.8792855740 -0.1277962029 0.4588299990 -0.0231107436 0.9507495761 0.3090973198 -0.4757338762 -0.2823887467 0.8330269456
-45.7 -106.2 1950.2 0 0 0 0 0 0 0 0 0
197.7 -175.8 2011.4 0 0 0 0 0 0 0 0 0
-73.0 -875.4 2294.5 0 0 0 0 0 0 0 0 0
182.7 -869.7 2246.0 0 0 0 0 0 0 0 0 0
27.0 487.2 2157.0 5 0.9987733364 -0.0293761436 0.0398607031 0.0287788138 0.9994659424 0.0154775428 -0.0402940847 -0.0143114133 0.9990853667
32.9 288.0 2159.8 0.9987733364 -0.0293761436 0.0398607031 0.0287788138 0.9994659424 0.0154775428 -0.0402940847 -0.0143114133 0.9990853667
38.5 89.3 2162.2 0.9988023043 -0.0282840822 0.0399252251 0.0277753212 0.9995265007 0.0132406531 -0.0402808189 -0.0121158585 0.9991149306
-107.7 284.1 2165.5 0.1791933924 -0.7701275349 -0.6122036576 0.9804014564 0.1915694624 0.0459790640 0.0818697885 -0.6084445119 0.7893621325
-155.8 20.9 2143.5 -0.4132660329 -0.7701275349 -0.4859164357 0.5767529607 0.1915694624 -0.7941392660 0.7046752572 -0.6084445119 0.3650041521
173.4 291.9 2154.1 0.2462200820 0.7423211932 0.6231651902 -0.9683505893 0.2155445218 0.1258479953 -0.0409002118 -0.6344286799 0.7718985677
236.3 44.8 2143.7 -0.1367594749 0.7423211932 0.6559390426 -0.8781746626 0.2155445218 -0.4270243943 -0.4583733380 -0.6344286799 0.6224099398
-45.1 -113.9 2164.3 0.9325409532 0.1179573461 0.3412527442 -0.1218770295 0.9924947023 -0.0100122821 -0.3398725688 -0.0322540067 0.9399182796
-92.0 -508.3 2177.2 0.9309537411 -0.0546606146 0.3610226214 -0.0606278032 0.9518669248 0.3004557192 -0.3600685894 -0.3015983701 0.8828301430
138.1 -107.6 2156.5 0.8780660033 0.0061797858 0.4784995914 0.0205468647 0.9985076189 -0.0505999699 -0.4780982137 0.0542617813 0.8766286373
135.7 -504.5 2134.9 0.8850473166 -0.1198318824 0.4498128295 -0.0263948496 0.9518248439 0.3055040836 -0.4647521675 -0.2822583020 0.8392471075
-50.3 -126.3 1963.6 0 0 0 0 0 0 0 0 0
200.9 -182.3 2025.2 0 0 0 0 0 0 0 0 0
-71.1 -872.2 2292.4 0 0 0 0 0 0 0 0 0
181.5 -868.4 2242.8 0 0 0 0 0 0 0 0 0
27.6 487.4 2159.9 6 0.9988954663 -0.0261906106 0.0390122868 0.0259746499 0.9996443987 0.0060324334 -0.0391564071 -0.0050124396 0.9992205501
32.8 288.3 2160.9 0.9988954663 -0.0261906106 0.0390122868 0.0259746499 0.9996443987 0.0060324334 -0.0391564071 -0.0050124396 0.9992205501
37.9 89.6 2162.3 0.9989097118 -0.0257188603 0.0389598869 0.0254237801 0.9996443391 0.0080506634 -0.0391530842 -0.0070513785 0.9992083311
-107.8 284.8 2166.4 0.1756652594 -0.7739050388 -0.6084510684 0.9812135696 0.1877170056 0.0445228964 0.0797601119 -0.6048415303 0.7923414707
-156.0 15.5 2144.5 -0.3915058970 -0.7739050388 -0.4977892041 0.6088885069 0.1877170056 -0.7707250118 0.6899114847 -0.6048415303 0.3977296054
173.4 291.9 2155.4 0.2389415205 0.7233470082 0.6478240490 -0.9700667262 0.2075863779 0.1260098666 -0.0433305837 -0.6585415602 0.7512958646
234.4 44.3 2144.3 -0.1224808246 0.7233470082 0.6795347929 -0.9000385404 0.2075863779 -0.3831951916 -0.4182452559 -0.6585415602 0.6256148219
-47.5 -111.9 2168.3 0.9335975647 0.1081348807 0.3416173756 -0.1135719046 0.9935212731 -0.0041094199 -0.3398484886 -0.0349615924 0.9398301244
-90.5 -506.8 2182.2 0.9323826432 -0.0488768704 0.3581531644 -0.0519352555 0.9624223709 0.2665444016 -0.3577224910 -0.2671221495 0.8948074579
135.8 -106.8 2160.9 0.8786506653 0.0036442785 0.4774512947 0.0300352331 0.9975685477 -0.0628878698 -0.4765195549 0.0695968270 0.8764048219
134.3 -503.3 2133.3 0.8887971640 -0.1317089498 0.4389674366 -0.0296166018 0.9393066168 0.3417980969 -0.4573428631 -0.3167898953 0.8309522867
-55.8 -140.4 1967.8 0 0 0 0 0 0 0 0 0
202.6 -188.8 2036.0 0 0 0 0 0 0 0 0 0
-71.8 -874.5 2284.3 0 0 0 0 0 0 0 0 0
184.6 -862.2 2254.3 0 0 0 0 0 0 0 0 0
28.6 489.4 2160.8 7 0.9988814592 -0.0245484207 0.0404124185 0.0244348142 0.9996959567 0.0033027919 -0.0404812098 -0.0023116278 0.9991776347
33.5 290.0 2161.3 0.9988814592 -0.0245484207 0.0404124185 0.0244348142 0.9996959567 0.0033027919 -0.0404812098 -0.0023116278 0.9991776347
38.4 91.3 2162.1 0.9988766909 -0.0248145182 0.0403680801 0.0246285126 0.9996836782 0.0050986055 -0.0404818319 -0.0040986724 0.9991718531
-107.1 286.5 2167.0 0.1721626967 -0.7793018818 -0.6025351882 0.9823493958 0.1812407374 0.0462756231 0.0731412321 -0.5998669863 0.7967495918
-154.8 14.3 2146.7 -0.3510284126 -0.7793018818 -0.5191027522 0.6667189002 0.1812407374 -0.7229368687 0.6574686170 -0.5998669863 0.4559546411
174.1 293.5 2155.6 0.2238839120 0.7261137962 0.6501036286 -0.9737898707 0.1941132098 0.1185466573 -0.0401153378 -0.6596050262 0.7505410910
231.6 43.1 2145.3 -0.1020075977 0.7263535261 0.6797094941 -0.9169759750 0.1962508410 -0.3473336697 -0.3856805861 -0.6587079763 0.6460296512
-48.7 -111.4 2167.3 0.9329469800 0.1048974246 0.3443928063 -0.1140696406 0.9934520125 0.0064181518 -0.3414644897 -0.0452725589 0.9388037324
-90.4 -506.3 2185.3 0.9317854643 -0.0494325124 0.3596279323 -0.0457342081 0.9668053389 0.2513878345 -0.3601169288 -0.2506868243 0.8985943794
134.6 -106.7 2160.1 0.8779654503 0.0051286523 0.4786965251 0.0217781216 0.9984794855 -0.0506402105 -0.4782283604 0.0548854657 0.8765187860
132.6 -503.7 2138.3 0.8838866353 -0.1306514144 0.4490819573 -0.0162068754 0.9510571957 0.3085895777 -0.4674203098 -0.2800364196 0.8385093212
-65.3 -155.7 1979.1 0 0 0 0 0 0 0 0 0
205.2 -194.6 2045.3 0 0 0 0 0 0 0 0 0
-71.5 -875.8 2281.1 0 0 0 0 0 0 0 0 0
182.5 -866.9 2245.2 0 0 0 0 0 0 0 0 0
30.1 488.6 2154.8 8 0.9991276860 -0.0217337385 0.0356587432 0.0210761484 0.9996026754 0.0187146179 -0.0360513143 -0.0179467425 0.9991887808
34.5 289.1 2158.4 0.9991276860 -0.0217337385 0.0356587432 0.0210761484 0.9996026754 0.0187146179 -0.0360513143 -0.0179467425 0.9991887808
38.7 90.4 2161.6 0.9991412163 -0.0210426990 0.0356940888 0.0204437524 0.9996454120 0.0170628149 -0.0360404775 -0.0163184404 0.9992170930
-106.1 286.2 2163.5 0.1829083413 -0.7774277925 -0.6017894149 0.9819974899 0.1738431454 0.0738880336 0.0471743569 -0.6044704914 0.7952295542
-155.8 19.6 2150.6 -0.3055684865 -0.7774277925 -0.5497580171 0.7356176972 0.1738431454 -0.6547099948 0.6045613885 -0.6044704914 0.5187686682
175.1 291.9 2153.3 0.2304440290 0.7294811606 0.6440129876 -0.9729086757 0.1853427589 0.1381912082 -0.0185552668 -0.6584112048 0.7524296641
233.9 43.7 2148.6 -0.0906053409 0.7298579216 0.6775677800 -0.9257226586 0.1891313791 -0.3275162578 -0.3671896756 -0.6569145322 0.6585097313
-48.3 -109.7 2166.6 0.9351264834 0.1032597572 0.3389333785 -0.1120888814 0.9936767817 0.0065218294 -0.3361167908 -0.0440893993 0.9407877922
-89.4 -504.8 2184.2 0.9345185161 -0.0360900052 0.3540799618 -0.0617496409 0.9633178115 0.2611622810 -0.3505168855 -0.2659252882 0.8980098367
135.0 -105.2 2159.2 0.8803209066 0.0051477193 0.4743507206 0.0190716591 0.9987486005 -0.0462325811 -0.4739951193 0.0497461632 0.8791211247
133.0 -502.3 2139.4 0.8846933246 -0.1292176992 0.4479067922 -0.0101879872 0.9552268982 0.2956987321 -0.4660621285 -0.2661659718 0.8437663913
-77.5 -168.9 1995.7 0 0 0 0 0 0 0 0 0
210.4 -196.6 2053.3 0 0 0 0 0 0 0 0 0
-75.6 -872.9 2285.8 0 0 0 0 0 0 0 0 0
182.3 -867.2 2241.1 0 0 0 0 0 0 0 0 0
29.8 488.1 2151.8 9 0.9988663197 -0.0203703810 0.0430248231 0.0193292536 0.9995135069 0.0244772807 -0.0435025021 -0.0236178935 0.9987741113
33.9 288.6 2156.5 0.9988663197 -0.0203703810 0.0430248231 0.0193292536 0.9995135069 0.0244772807 -0.0435025021 -0.0236178935 0.9987741113
37.8 89.9 2161.1 0.9988797903 -0.0196717363 0.0430369861 0.0186563134 0.9995409846 0.0238699950 -0.0434867963 -0.0230403449 0.9987882972
-106.7 286.0 2162.6 0.1853944659 -0.7841890454 -0.5921794176 0.9821469188 0.1674214154 0.0857756436 0.0318791904 -0.5975095034 0.8012278676
-156.0 24.5 2154.1 -0.2663103342 -0.7841890454 -0.5604697466 0.7789223194 0.1674214154 -0.6043592691 0.5677665472 -0.5975095034 0.5662362576
174.5 291.2 2150.4 0.2365079820 0.7263992429 0.6452969313 -0.9716173410 0.1734876633 0.1608158052 0.0048654201 -0.6650159359 0.7468132973
235.2 41.6 2151.6 -0.0818304345 0.7280405164 0.6806326509 -0.9294638038 0.1907430291 -0.3157754540 -0.3597232699 -0.6584634185 0.6610786915
-48.8 -110.2 2168.2 0.9327077866 0.1044087484 0.3451883197 -0.1135876477 0.9935072660 0.0064116674 -0.3422776759 -0.0451893397 0.9385115504
-90.4 -505.3 2186.1 0.9318038225 -0.0452305265 0.3601331711 -0.0470510758 0.9687809944 0.2434123158 -0.3598998189 -0.2437571734 0.9005856514
134.5 -106.5 2161.6 0.8769061565 0.0030991079 0.4806516171 0.0249526668 0.9983373284 -0.0519609228 -0.4800134897 0.0575583912 0.8753708005
133.3 -503.4 2138.7 0.8832293153 -0.1287759990 0.4509131610 -0.0158547219 0.9528056383 0.3031666875 -0.4686731994 -0.2749148309 0.8395041823
-87.5 -176.1 2007.9 0 0 0 0 0 0 0 0 0
214.0 -199.8 2058.2 0 0 0 0 0 0 0 0 0
-73.1 -875.5 2279.3 0 0 0 0 0 0 0 0 0
182.5 -867.5 2243.7 0 0 0 0 0 0 0 0 0
30.8 487.2 2150.8 0 0.9990392923 -0.0187558196 0.0396076888 0.0176550187 0.9994530678 0.0279618595 -0.0401104763 -0.0272357203 0.9988240004
34.5 288.0 2156.2 0.9990392923 -0.0187558196 0.0396076888 0.0176550187 0.9994530678 0.0279618595 -0.0401104763 -0.0272357203 0.9988240004
38.0 89.3 2161.6 0.9990613461 -0.0175254811 0.0396145508 0.0164391510 0.9994843006 0.0275838841 -0.0400775410 -0.0269067623 0.9988342524
-106.1 285.6 2161.9 0.1876369417 -0.7867017388 -0.5881265402 0.9820110202 0.1631334126 0.0950887352 0.0211366117 -0.5953888893 0.8031595945
-156.5 21.7 2156.2 -0.2401558161 -0.7867017388 -0.5687052011 0.8076081276 0.1631334126 -0.5667068362 0.5386040211 -0.5953888893 0.5961692333
175.1 290.3 2150.6 0.2377928048 0.7295370102 0.6412724257 -0.9711794853 0.1675130427 0.1695574820 0.0162769556 -0.6631101966 0.7483447790
236.1 41.1 2154.8 -0.0766324773 0.7314152122 0.6776129007 -0.9323779345 0.1882248968 -0.3086142242 -0.3532687724 -0.6554412246 0.6675312519
-49.9 -110.5 2169.7 0.9347553253 0.1024448723 0.3402022421 -0.1063456163 0.9943030477 -0.0072137141 -0.3390031457 -0.0294359587 0.9403246045
-90.7 -505.8 2181.4 0.9335559607 -0.0477175489 0.3552411199 -0.0510598607 0.9632864594 0.2635756433 -0.3547761440 -0.2642011940 0.8968454003
133.4 -107.1 2161.7 0.8786322474 0.0004876943 0.4774988294 0.0262083020 0.9984428287 -0.0492449254 -0.4767793119 0.0557826124 0.8772512674
133.2 -504.1 2139.5 0.8842156529 -0.1331416517 0.4477007091 -0.0093661267 0.9532651901 0.3019896448 -0.4669848979 -0.2712172270 0.8416450024
-94.4 -187.0 2017.0 0 0 0 0 0 0 0 0 0
216.2 -201.1 2063.0 0 0 0 0 0 0 0 0 0
-72.4 -873.9 2282.3 0 0 0 0 0 0 0 0 0
184.1 -868.5 2243.2 0 0 0 0 0 0 0 0 0
32.2 487.3 2150.3 1 0.9990766644 -0.0188445654 0.0386099741 0.0177443586 0.9994322062 0.0286426153 -0.0391278118 -0.0279310588 0.9988437891
36.0 288.1 2155.9 0.9990766644 -0.0188445654 0.0386099741 0.0177443586 0.9994322062 0.0286426153 -0.0391278118 -0.0279310588 0.9988437891
39.7 89.4 2161.5 0.9990808368 -0.0186311323 0.0386056490 0.0175219290 0.9994294643 0.0288734585 -0.0391215682 -0.0281704739 0.9988372922
-104.6 285.6 2161.4 0.1996265650 -0.8005794883 -0.5649971366 0.9798179865 0.1691470891 0.1065173820 0.0102919908 -0.5748580694 0.8181884289
-157.7 25.0 2158.6 -0.1849694997 -0.8005794883 -0.5699638724 0.8427281976 0.1691470891 -0.5110757351 0.5055644512 -0.5748580694 0.6433838606
176.6 290.6 2150.3 0.2330767363 0.7320712805 0.6401147246 -0.9721550345 0.1589674056 0.1721742302 0.0242864359 -0.6624205112 0.7487384081
236.7 39.8 2156.6 -0.0688990951 0.7344642282 0.6751408577 -0.9357336164 0.1870759726 -0.2990069687 -0.3459125459 -0.6523532867 0.6743735671
-50.2 -110.9 2170.6 0.9354282022 0.1063362360 0.3371448517 -0.1035850570 0.9942756295 -0.0261939261 -0.3380002677 -0.0104206298 0.9410883188
-92.4 -506.2 2174.7 0.9337225556 -0.0576110110 0.3533315659 -0.0567141362 0.9506986141 0.3048863709 -0.3534766436 -0.3047181666 0.8844213486
133.2 -107.9 2163.2 0.8790616989 -0.0028156734 0.4766996801 0.0303199235 0.9982881546 -0.0500151999 -0.4757428169 0.0584199466 0.8776422143
134.3 -504.8 2140.0 0.8855022788 -0.1278436482 0.4467009902 -0.0114736315 0.9550920725 0.2960870564 -0.4644933939 -0.2673110366 0.8442693353
-109.9 -192.8 2027.9 0 0 0 0 0 0 0 0 0
218.8 -203.4 2066.7 0 0 0 0 0 0 0 0 0
-70.4 -869.2 2291.1 0 0 0 0 0 0 0 0 0
183.2 -870.0 2242.2 0 0 0 0 0 0 0 0 0
33.4 488.4 2156.5 2 0.9993303418 -0.0172519255 0.0322689228 0.0168646183 0.9997829199 0.0122363716 -0.0324730165 -0.0116839744 0.9994043112
36.8 289.6 2158.9 0.9993303418 -0.0172519255 0.0322689228 0.0168646183 0.9997829199 0.0122363716 -0.0324730165 -0.0116839744 0.9994043112
40.3 90.8 2161.3 0.9993274212 -0.0174407493 0.0322568193 0.0170310065 0.9997712970 0.0129339509 -0.0324750207 -0.0123758856 0.9993959069
-103.8 287.2 2163.4 0.2049960941 -0.7924881577 -0.5744032264 0.9785700440 0.1775947362 0.1042148024 0.0194219872 -0.5834574699 0.8119114637
-158.9 24.1 2158.2 -0.1511835307 -0.7924881577 -0.5908519626 0.8696014881 0.1775947362 -0.4607095718 0.4700390995 -0.5834574699 0.6622995138
177.5 292.0 2154.3 0.2293548435 0.7372636199 0.6354830861 -0.9732606411 0.1652239561 0.1595769227 0.0126532167 -0.6550903916 0.7554445267
236.9 39.8 2157.6 -0.0515208021 0.7383683920 0.6724267602 -0.9443145394 0.1830920279 -0.2733995914 -0.3249855936 -0.6490681171 0.6878189445
-48.3 -110.9 2170.6 0.9364082217 0.1085120663 0.3337136507 -0.1089370549 0.9938945770 -0.0175000485 -0.3335751593 -0.0199665930 0.9425120354
-91.4 -506.0 2178.6 0.9351574779 -0.0483897030 0.3509116173 -0.0605592504 0.9542023540 0.2929683626 -0.3490173519 -0.2952224910 0.8893989921
135.1 -107.7 2163.5 0.8820671439 0.0072973627 0.4710672200 0.0196388680 0.9984413981 -0.0522405058 -0.4707142115 0.0553308614 0.8805490136
132.2 -504.7 2141.5 0.8857283592 -0.1317695081 0.4451090395 -0.0048268149 0.9561992288 0.2926768959 -0.4641788006 -0.2613807023 0.8462967277
-119.8 -201.0 2036.5 0 0 0 0 0 0 0 0 0
223.5 -205.6 2073.1 0 0 0 0 0 0 0 0 0
-72.9 -870.6 2291.4 0 0 0 0 0 0 0 0 0
182.5 -870.2 2241.4 0 0 0 0 0 0 0 0 0
34.3 488.6 2152.7 3 0.9993386269 -0.0175423436 0.0318522863 0.0168186389 0.9995974898 0.0228482001 -0.0322402753 -0.0222973768 0.9992313981
37.8 289.3 2157.1 0.9993386269 -0.0175423436 0.0318522863 0.0168186389 0.9995974898 0.0228482001 -0.0322402753 -0.0222973768 0.9992313981
41.1 90.6 2161.4 0.9993540049 -0.0166231878 0.0318631157 0.0159194358 0.9996264577 0.0222145859 -0.0322204903 -0.0216929931 0.9992453456
-102.9 287.0 2161.6 0.2004714757 -0.8212666512 -0.5341649652 0.9796646237 0.1726485789 0.1022236496 0.0082699461 -0.5437954664 0.8391770124
-157.5 19.9 2159.4 -0.1322419941 -0.8212666512 -0.5550072789 0.8695591092 0.1726485789 -0.4626655281 0.4757930040 -0.5437954664 0.6913085580
178.4 291.5 2152.6 0.2279256731 0.7373738885 0.6358692050 -0.9734907150 0.1597505063 0.1636935323 0.0191229004 -0.6563227177 0.7542378902
237.0 41.5 2157.5 -0.0391881801 0.7384933233 0.6731210351 -0.9496555328 0.1820261478 -0.2549918294 -0.3108353913 -0.6492257714 0.6941810250
-47.9 -109.5 2166.8 0.9362128377 0.1096453965 0.3338912725 -0.1149862856 0.9933598638 -0.0037907390 -0.3320898116 -0.0348439775 0.9426039457
-91.5 -504.4 2180.6 0.9348536730 -0.0513332970 0.3513025343 -0.0527464524 0.9584293365 0.2804123163 -0.3510931134 -0.2806744576 0.8932835460
135.5 -106.3 2160.8 0.8822917342 0.0066756317 0.4706556201 0.0170620661 0.9987887740 -0.0461510830 -0.4703936279 0.0487490781 0.8811091781
132.8 -503.5 2141.4 0.8859922290 -0.1297955215 0.4451639354 -0.0079512494 0.9556317925 0.2944566309 -0.4636319280 -0.2644259036 0.8456502557
-123.4 -204.4 2036.7 0 0 0 0 0 0 0 0 0
226.8 -205.3 2076.7 0 0 0 0 0 0 0 0 0
-71.9 -870.6 2287.9 0 0 0 0 0 0 0 0 0
182.4 -868.8 2242.5 0 0 0 0 0 0 0 0 0
34.7 490.4 2151.7 4 0.9992642403 -0.0189336967 0.0333541408 0.0180667285 0.9994959235 0.0261052251 -0.0338315964 -0.0254834183 0.9991025925
38.5 290.8 2156.8 0.9992642403 -0.0189336967 0.0333541408 0.0180667285 0.9994959235 0.0261052251 -0.0338315964 -0.0254834183 0.9991025925
41.8 92.1 2161.5 0.9993013740 -0.0167943873 0.0333865993 0.0159875285 0.9995771050 0.0242890082 -0.0337803997 -0.0237382706 0.9991473556
-102.2 288.5 2161.6 0.2042087764 -0.8596853018 -0.4682306051 0.9788084030 0.1718558222 0.1113539785 -0.0152612291 -0.4810475111 0.8765617013
-156.9 26.0 2165.7 -0.0825043768 -0.8596853018 -0.5041171908 0.8826318979 0.1718558222 -0.4375230968 0.4627676606 -0.4810475111 0.7446068525
179.1 293.0 2152.1 0.2235243022 0.7374845147 0.6373017430 -0.9744248390 0.1535892934 0.1640320569 0.0230883677 -0.6576678157 0.7529541850
237.0 40.6 2158.0 -0.0294373482 0.7388215661 0.6732578278 -0.9520621300 0.1844504774 -0.2440404743 -0.3044851124 -0.6481671929 0.6979742646
-47.3 -109.6 2168.7 0.9360182881 0.1073021814 0.3351954818 -0.1128160879 0.9936112165 -0.0030392222 -0.3333801329 -0.0349706784 0.9421436787
-90.0 -504.7 2182.6 0.9351437092 -0.0456891023 0.3513099849 -0.0436828956 0.9692105651 0.2423277199 -0.3515650630 -0.2419574857 0.9043553472
136.1 -106.7 2162.8 0.8815723658 0.0087072011 0.4719685912 0.0165515933 0.9986448884 -0.0493397824 -0.4717586637 0.0513084233 0.8802336454
132.6 -503.8 2142.4 0.8834629655 -0.1358500868 0.4483725131 0.0037595120 0.9590613246 0.2831734121 -0.4684858918 -0.2484875768 0.8478059173
-135.6 -202.2 2046.0 0 0 0 0 0 0 0 0 0
229.4 -206.8 2078.9 0 0 0 0 0 0 0 0 0
-72.5 -874.8 2275.0 0 0 0 0 0 0 0 0 0
184.6 -870.4 2237.4 0 0 0 0 0 0 0 0 0
34.6 488.8 2150.7 5 0.9989985824 -0.0191573892 0.0404329188 0.0180735756 0.9994719625 0.0270026717 -0.0409288667 -0.0262448639 0.9988173246
38.5 289.0 2156.0 0.9989985824 -0.0191573892 0.0404329188 0.0180735756 0.9994719625 0.0270026717 -0.0409288667 -0.0262448639 0.9988173246
41.6 90.3 2160.7 0.9990565777 -0.0157314781 0.0404778123 0.0147501044 0.9995927215 0.0244302005 -0.0408456512 -0.0238100998 0.9988817573
-102.1 286.9 2161.7 0.1985862106 -0.8894150853 -0.4117089808 0.9798384905 0.1707792729 0.1036866978 -0.0219091568 -0.4239990711 0.9053975940
-156.0 21.4 2167.7 -0.0563598499 -0.8894150853 -0.4536125362 0.8795343637 0.1707792729 -0.4441325366 0.4724858105 -0.4239990711 0.7726460695
179.1 291.1 2150.2 0.2262869626 0.7332547903 0.6411954761 -0.9736635685 0.1514804363 0.1703904867 0.0278110672 -0.6628658175 0.7482215166
236.9 42.2 2157.4 -0.0173761565 0.7345779538 0.6783018112 -0.9541280270 0.1906193942 -0.2308764011 -0.2988941967 -0.6511985064 0.6975691915
-46.5 -108.1 2169.3 0.9328323603 0.1151163802 0.3414264321 -0.1199568734 0.9927545786 -0.0069785463 -0.3397560120 -0.0344466344 0.9398825765
-92.3 -502.8 2183.0 0.9314506650 -0.0554917268 0.3596113920 -0.0393816642 0.9671229124 0.2512417436 -0.3617302477 -0.2481813729 0.8986418843
136.8 -105.2 2163.1 0.8782479763 0.0142272469 0.4779937565 0.0163925923 0.9980741739 -0.0598263219 -0.4779244065 0.0603779033 0.8763234615
131.2 -502.0 2139.1 0.8811864853 -0.1402383000 0.4514904618 -0.0024234203 0.9536395073 0.3009416163 -0.4727626741 -0.2662798464 0.8399943709
-141.4 -206.5 2045.3 0 0 0 0 0 0 0 0 0
232.4 -205.8 2079.7 0 0 0 0 0 0 0 0 0
-71.1 -872.3 2277.9 0 0 0 0 0 0 0 0 0
184.8 -866.5 2240.9 0 0 0 0 0 0 0 0 0
34.4 488.7 2149.8 6 0.9994114637 -0.0185871124 0.0288311578 0.0178275350 0.9994929433 0.0263827126 -0.0293069184 -0.0258531980 0.9992360473
38.1 289.3 2154.9 0.9994114637 -0.0185871124 0.0288311578 0.0178275350 0.9994929433 0.0263827126 -0.0293069184 -0.0258531980 0.9992360473
41.2 90.5 2160.0 0.9994657636 -0.0153815253 0.0288378447 0.0146330260 0.9995551109 0.0259892475 -0.0292247701 -0.0255533792 0.9992461801
-102.5 287.2 2159.0 0.1885897666 -0.9069430828 -0.3766804338 0.9816719890 0.1633727998 0.0981294736 -0.0274585038 -0.3882828653 0.9211310744
-154.5 16.6 2166.6 -0.0374854393 -0.9069430828 -0.4195820391 0.8867767453 0.1633727998 -0.4323613346 0.4606754184 -0.3882828653 0.7981319427
178.8 291.3 2150.8 0.2252009660 0.7396459579 0.6341989636 -0.9740561843 0.1559905410 0.1639558226 0.0223402213 -0.6546684504 0.7555859685
236.9 40.1 2156.6 -0.0135582630 0.7405575514 0.6718561649 -0.9551765919 0.1891294122 -0.2277448177 -0.2957259119 -0.6448290944 0.7047989964
-46.9 -109.8 2169.2 0.9375517964 0.1063790619 0.3311798573 -0.1130873561 0.9935845733 0.0009923950 -0.3289496303 -0.0383826755 0.9435670972
-89.2 -504.8 2184.5 0.9368548989 -0.0420810208 0.3471772373 -0.0475329310 0.9681996703 0.2456217706 -0.3464728892 -0.2466143221 0.9050623775
136.4 -107.1 2161.7 0.8838086724 0.0086496426 0.4677685201 0.0201185755 0.9982015491 -0.0564703606 -0.4674157202 0.0593198314 0.8820451498
133.0 -504.0 2138.1 0.8891670704 -0.1275108606 0.4394575059 -0.0152878696 0.9515748620 0.3070367277 -0.4573272467 -0.2797253132 0.8441596627
-144.8 -214.1 2046.8 0 0 0 0 0 0 0 0 0
233.3 -208.2 2079.7 0 0 0 0 0 0 0 0 0
-73.2 -874.9 2278.7 0 0 0 0 0 0 0 0 0
181.7 -867.7 2245.0 0 0 0 0 0 0 0 0 0
35.4 487.5 2149.3 7 0.9996928573 -0.0186808147 0.0162851233 0.0182341561 0.9994648695 0.0271574017 -0.0167837311 -0.0268521160 0.9994984865
39.1 288.4 2154.6 0.9996928573 -0.0186808147 0.0162851233 0.0182341561 0.9994648695 0.0271574017 -0.0167837311 -0.0268521160 0.9994984865
42.2 89.7 2160.1 0.9997444749 -0.0156877916 0.0162763875 0.0152335633 0.9995011687 0.0276655108 -0.0167022776 -0.0274104942 0.9994847178
-101.6 286.3 2157.0 0.1917561293 -0.9129485488 -0.3602145910 0.9806681871 0.1636554301 0.1072698087 -0.0389807448 -0.3738206327 0.9266815186
-153.9 18.6 2167.6 -0.0228271168 -0.9129485488 -0.4074357450 0.8941440582 0.1636554301 -0.4168012440 0.4471971393 -0.3738206327 0.8125717640
179.8 290.6 2152.3 0.2216538042 0.7466511726 0.6272014380 -0.9750142097 0.1599867195 0.1541153044 0.0147264777 -0.6456905603 0.7634571791
236.7 40.3 2156.0 -0.0056679798 0.7471106648 0.6646754742 -0.9577119350 0.1871596277 -0.2185385972 -0.2876729369 -0.6378063560 0.7144559622
-47.5 -109.5 2167.8 0.9414771795 0.1109382585 0.3182977140 -0.1148607284 0.9933604598 -0.0064811227 -0.3169033825 -0.0304580797 0.9479686618
-91.6 -504.5 2179.9 0.9402111173 -0.0524047948 0.3365364671 -0.0419399925 0.9627584815 0.2670902312 -0.3380001485 -0.2652355433 0.9029983282
136.0 -106.8 2162.4 0.8895490766 0.0115940515 0.4566924274 0.0152322482 0.9983693361 -0.0550150946 -0.4565855563 0.0558950789 0.8879219294
131.3 -503.8 2140.2 0.8922451735 -0.1322902590 0.4317381084 -0.0030383419 0.9543415904 0.2987020016 -0.4515410066 -0.2678271830 0.8511047363
-148.0 -214.5 2051.0 0 0 0 0 0 0 0 0 0
235.2 -208.7 2081.3 0 0 0 0 0 0 0 0 0
-71.5 -872.4 2281.2 0 0 0 0 0 0 0 0 0
181.9 -868.6 2242.6 0 0 0 0 0 0 0 0 0
36.0 487.0 2149.0 8 0.9997122884 -0.0185493063 0.0152068511 0.0181114096 0.9994312525 0.0284449477 -0.0157258362 -0.0281613450 0.9994797111
39.7 287.9 2154.6 0.9997122884 -0.0185493063 0.0152068511 0.0181114096 0.9994312525 0.0284449477 -0.0157258362 -0.0281613450 0.9994797111
42.6 89.2 2159.9 0.9997763038 -0.0146701280 0.0152343530 0.0142584322 0.9995393753 0.0267899856 -0.0156203490 -0.0265667737 0.9995250106
-101.0 285.9 2156.8 0.2012957335 -0.9203184247 -0.3354013562 0.9783143997 0.1718356758 0.1156434491 -0.0487948731 -0.3514065146 0.9349505305
-154.7 25.1 2169.8 -0.0029406296 -0.9203184247 -0.3911590576 0.8952825069 0.1718356758 -0.4110252261 0.4454891384 -0.3514065146 0.8234396577
180.4 289.9 2152.4 0.2266571820 0.7473430634 0.6245837808 -0.9737620950 0.1604840755 0.1613450646 0.0203443579 -0.6447660327 0.7641091943
238.2 41.4 2157.6 -0.0115161631 0.7481537461 0.6634254456 -0.9530090094 0.1926486790 -0.2337954342 -0.3027229607 -0.6349428892 0.7107787132
-46.4 -110.4 2167.1 0.9421318769 0.1081368402 0.3173230290 -0.1116356179 0.9937231541 -0.0071933256 -0.3161090910 -0.0286474880 0.9482902288
-89.4 -505.5 2178.4 0.9413088560 -0.0406794250 0.3350862861 -0.0600412451 0.9567022324 0.2848086059 -0.3321636319 -0.2882118523 0.8981097937
137.1 -107.6 2164.0 0.8901076317 0.0101963840 0.4556363225 0.0196556225 0.9979606271 -0.0607309081 -0.4553263485 0.0630128607 0.8880919218
133.0 -504.4 2138.9 0.8946375251 -0.1232703626 0.4294509590 -0.0116878720 0.9544002414 0.2983010709 -0.4466398060 -0.2718906999 0.8524014950
-153.9 -208.6 2053.6 0 0 0 0 0 0 0 0 0
235.2 -206.3 2078.9 0 0 0 0 0 0 0 0 0
-73.8 -871.1 2288.6 0 0 0 0 0 0 0 0 0
180.1 -869.2 2242.9 0 0 0 0 0 0 0 0 0
35.7 486.4 2149.4 9 0.9996378422 -0.0227621943 0.0143540213 0.0223789215 0.9994030595 0.0263193306 -0.0149445394 -0.0259885713 0.9995505214
40.2 287.5 2154.6 0.9996378422 -0.0227621943 0.0143540213 0.0223789215 0.9994030595 0.0263193306 -0.0149445394 -0.0259885713 0.9995505214
44.2 88.8 2159.6 0.9996979833 -0.0199326128 0.0143752508 0.0195642523 0.9994878173 0.0253254082 -0.0148726897 -0.0250365175 0.9995759130
-100.5 284.7 2156.7 0.2041286528 -0.9245207906 -0.3218583763 0.9779663086 0.1778968126 0.1092457026 -0.0437423438 -0.3370668292 0.9404640198
-156.5 16.6 2168.7 0.0027970625 -0.9245207906 -0.3811213672 0.8875274062 0.1778968126 -0.4250269234 0.4607464969 -0.3370668292 0.8210350871
180.9 290.3 2152.5 0.2220216990 0.7484406829 0.6249343157 -0.9748880267 0.1590168327 0.1559069753 0.0173120406 -0.6438556910 0.7649510503
238.4 37.7 2157.0 -0.0224303883 0.7499244213 0.6611431241 -0.9466147423 0.1967901289 -0.2553314865 -0.3215857744 -0.6315749884 0.7054754496
-46.2 -110.9 2166.6 0.9422849417 0.1126934290 0.3152764440 -0.1121639088 0.9934906960 -0.0198857766 -0.3154652119 -0.0166245699 0.9487915039
-91.0 -505.8 2173.2 0.9408911467 -0.0512461700 0.3348099291 -0.0595192946 0.9480915070 0.3123779595 -0.3334386051 -0.3138412833 0.8890007734
137.2 -108.2 2163.8 0.8902696371 0.0075359615 0.4553714395 0.0173067115 0.9985811114 -0.0503608845 -0.4551048577 0.0527157485 0.8888760209
134.2 -505.3 2142.8 0.8946241140 -0.1168738678 0.4312635362 -0.0143552907 0.9571686387 0.2891748846 -0.4465889335 -0.2648937404 0.8546283841
-157.2 -215.7 2048.1 0 0 0 0 0 0 0 0 0
232.6 -207.6 2073.7 0 0 0 0 0 0 0 0 0
-71.5 -868.1 2293.1 0 0 0 0 0 0 0 0 0
178.9 -871.2 2244.1 0 0 0 0 0 0 0 0 0
36.0 485.7 2149.6 0 0.9995416403 -0.0237569250 0.0187656283 0.0233049411 0.9994415045 0.0239480007 -0.0193240792 -0.0234996919 0.9995370507
40.8 286.9 2154.3 0.9995416403 -0.0237569250 0.0187656283 0.0233049411 0.9994415045 0.0239480007 -0.0193240792 -0.0234996919 0.9995370507
44.9 88.2 2158.9 0.9996113777 -0.0206057839 0.0187747572 0.0201618262 0.9995196462 0.0235366803 -0.0192507301 -0.0231490005 0.9995466471
-99.9 284.1 2157.0 0.2041387707 -0.9395645261 -0.2748560905 0.9777837992 0.1820420176 0.1039211452 -0.0476052687 -0.2899641395 0.9558528066
-154.9 20.8 2169.8 0.0322288014 -0.9395645261 -0.3408515751 0.8901936412 0.1820420176 -0.4176314473 0.4544410110 -0.2899641395 0.8422613144
181.5 289.8 2151.6 0.2235505283 0.7455361485 0.6278542876 -0.9745622873 0.1604460478 0.1564783156 0.0159235075 -0.6468638778 0.7624391913
240.2 33.7 2155.7 -0.0360334851 0.7475571632 0.6632193327 -0.9410494566 0.1979780346 -0.2742820978 -0.3363443911 -0.6340055466 0.6963543892
-43.6 -111.7 2165.9 0.9399051070 0.1185835376 0.3201816678 -0.1200201735 0.9926532507 -0.0153186778 -0.3196459115 -0.0240301527 0.9472323060
-90.8 -506.4 2175.4 0.9388546348 -0.0446096696 0.3414116502 -0.0711947903 0.9449908733 0.3192547262 -0.3368727267 -0.3240405321 0.8840330839
139.8 -108.1 2163.2 0.8880863190 0.0192163736 0.4592748880 0.0069092587 0.9984549284 -0.0551362634 -0.4596247971 0.0521390103 0.8865814209
132.2 -505.1 2142.4 0.8895798326 -0.1259429157 0.4390741587 -0.0040237252 0.9590403438 0.2832409143 -0.4567620158 -0.2537321150 0.8526361585
-163.3 -212.5 2050.7 0 0 0 0 0 0 0 0 0
230.9 -208.6 2069.1 0 0 0 0 0 0 0 0 0
-73.7 -867.5 2299.3 0 0 0 0 0 0 0 0 0
180.3 -871.7 2239.4 0 0 0 0 0 0 0 0 0
35.6 485.7 2149.7 1 0.9994408488 -0.0252279416 0.0219443906 0.0247555394 0.9994614720 0.0215389654 -0.0224759560 -0.0209836774 0.9995271564
40.6 286.9 2153.9 0.9994408488 -0.0252279416 0.0219443906 0.0247555394 0.9994614720 0.0215389654 -0.0224759560 -0.0209836774 0.9995271564
44.8 88.2 2158.3 0.9995353818 -0.0211792924 0.0219193604 0.0206831992 0.9995301962 0.0226171259 -0.0223880783 -0.0221532546 0.9995038509
-100.1 284.0 2157.0 0.1938996166 -0.9613450170 -0.1954960525 0.9802288413 0.1818486005 0.0779901296 -0.0394247398 -0.2067531347 0.9775984883
-153.1 15.9 2167.8 0.0616692267 -0.9613450170 -0.2683517635 0.8740073442 0.1818486005 -0.4506021440 0.4819835126 -0.2067531347 0.8514370322
181.3 289.8 2150.7 0.2237041742 0.7430120111 0.6307849288 -0.9745938182 0.1631517708 0.1534548253 0.0111051099 -0.6490875483 0.7606326342
240.6 31.5 2153.7 -0.0422938615 0.7449642420 0.6657623649 -0.9398625493 0.1963815838 -0.2794505656 -0.3389241397 -0.6375441551 0.6918582320
-42.8 -112.3 2165.2 0.9385505319 0.1173686087 0.3245727122 -0.1226269752 0.9924435616 -0.0042828908 -0.3226228058 -0.0357816629 0.9458510280
-89.4 -506.9 2179.5 0.9378011823 -0.0401987396 0.3448376656 -0.0672130957 0.9534588456 0.2939364612 -0.3406043947 -0.2988315821 0.8914529085
140.7 -108.6 2161.7 0.8867178559 0.0138536375 0.4621033072 0.0133362170 0.9983684421 -0.0555211268 -0.4621185362 0.0553942882 0.8850864172
135.2 -505.6 2139.7 0.8898175955 -0.1283700764 0.4378878474 -0.0080649126 0.9550405145 0.2963656783 -0.4562450945 -0.2672429383 0.8487765193
-169.2 -211.6 2042.3 0 0 0 0 0 0 0 0 0
229.8 -209.1 2066.9 0 0 0 0 0 0 0 0 0
-74.1 -871.2 2293.6 0 0 0 0 0 0 0 0 0
184.2 -870.6 2241.8 0 0 0 0 0 0 0 0 0
36.5 485.3 2150.2 2 0.9994094968 -0.0271094237 0.0211118758 0.0266721435 0.9994293451 0.0207257122 -0.0216616914 -0.0201503746 0.9995622635
41.9 286.6 2154.2 0.9994094968 -0.0271094237 0.0211118758 0.0266721435 0.9994293451 0.0207257122 -0.0216616914 -0.0201503746 0.9995622635
46.7 87.9 2158.5 0.9994881153 -0.0240616947 0.0210842807 0.0236016382 0.9994836450 0.0218036883 -0.0215980280 -0.0212949030 0.9995399117
-98.8 283.2 2157.3 0.2000618279 -0.9616825581 -0.1874618977 0.9792944789 0.1902251691 0.0692579374 -0.0309441760 -0.1974362731 0.9798272252
-154.2 12.2 2165.8 0.0687463507 -0.9616825581 -0.2654065490 0.8644397259 0.1902251691 -0.4653583169 0.4980139732 -0.1974362731 0.8443938494
182.5 289.9 2151.2 0.2198406458 0.7431109548 0.6320254207 -0.9755315185 0.1655435860 0.1446843892 0.0028887955 -0.6483682394 0.7613213658
239.8 35.9 2152.0 -0.0288788993 0.7451075315 0.6663188338 -0.9396279454 0.2071533650 -0.2723725438 -0.3409770131 -0.6339576244 0.6941415071
-42.7 -112.4 2164.7 0.9393966794 0.1141297221 0.3232774436 -0.1174824983 0.9930323958 -0.0091928598 -0.3220741749 -0.0293437019 0.9462595582
-88.1 -507.2 2176.4 0.9390273690 -0.0281280931 0.3426899910 -0.0790319368 0.9523078799 0.2947263122 -0.3346364796 -0.3038395345 0.8920201659
140.8 -108.6 2160.6 0.8869974613 0.0158859137 0.4615010023 0.0138196340 0.9980472326 -0.0609161668 -0.4615674913 0.0604102574 0.8850457668
134.4 -505.4 2136.6 0.8921225071 -0.1277194172 0.4333649874 -0.0199859776 0.9471146464 0.3202724457 -0.4513513446 -0.2943834960 0.8423896432
-172.0 -211.6 2036.9 0 0 0 0 0 0 0 0 0
232.3 -206.5 2064.0 0 0 0 0 0 0 0 0 0
-77.3 -871.2 2292.5 0 0 0 0 0 0 0 0 0
183.2 -867.4 2249.1 0 0 0 0 0 0 0 0 0
34.8 484.6 2151.0 3 0.9988477230 -0.0279909503 0.0389829986 0.0272814129 0.9994544387 0.0186158549 -0.0394828059 -0.0175308939 0.9990664721
40.4 285.8 2154.5 0.9988477230 -0.0279909503 0.0389829986 0.0272814129 0.9994544387 0.0186158549 -0.0394828059 -0.0175308939 0.9990664721
45.0 87.1 2158.3 0.9989641309 -0.0235331021 0.0389472134 0.0227667689 0.9995406270 0.0200041477 -0.0394000821 -0.0190967247 0.9990410209
-100.2 282.6 2160.0 0.1936246157 -0.9660477638 -0.1710590720 0.9809424877 0.1877599210 0.0499801934 -0.0161652155 -0.1774765104 0.9839922786
-153.7 11.7 2164.5 0.0758542791 -0.9660477638 -0.2469773889 0.8627722859 0.1877599210 -0.4694360197 0.4998700619 -0.1774765104 0.8477216363
180.9 289.0 2148.9 0.2267291546 0.7316529751 0.6428668499 -0.9739336371 0.1656671911 0.1549438387 0.0068631726 -0.6612399817 0.7501430511
240.5 33.2 2150.8 -0.0378156044 0.7340798974 0.6780093908 -0.9380192757 0.2078417242 -0.2773474753 -0.3445138335 -0.6464739442 0.6807214022
-40.3 -113.0 2164.7 0.9323793054 0.1220950633 0.3402375281 -0.1262053549 0.9919525981 -0.0101142721 -0.3387343884 -0.0335094556 0.9402851462
-88.8 -507.4 2178.0 0.9317548275 -0.0384242125 0.3610492349 -0.0687432364 0.9577311873 0.2793300748 -0.3565211594 -0.2850868404 0.8897292614
143.2 -108.7 2160.7 0.8784723878 0.0228120144 0.4772482812 0.0062779645 0.9982222319 -0.0592699461 -0.4777519107 0.0550631583 0.8767674565
134.1 -505.6 2138.8 0.8831086159 -0.1284431070 0.4512444139 -0.0245120768 0.9478510618 0.3177696168 -0.4685277939 -0.2916860282 0.8339070678
-173.4 -211.9 2035.0 0 0 0 0 0 0 0 0 0
230.8 -207.5 2062.3 0 0 0 0 0 0 0 0 0
-74.1 -873.4 2287.0 0 0 0 0 0 0 0 0 0
183.2 -867.9 2250.3 0 0 0 0 0 0 0 0 0
35.5 484.7 2150.4 4 0.9984877706 -0.0217218883 0.0505009852 0.0207228027 0.9995806813 0.0202236921 -0.0509191081 -0.0191465877 0.9985192418
39.9 285.6 2154.2 0.9984877706 -0.0217218883 0.0505009852 0.0207228027 0.9995806813 0.0202236921 -0.0509191081 -0.0191465877 0.9985192418
43.5 86.9 2158.3 0.9985609651 -0.0181082319 0.0504784398 0.0170480199 0.9996265769 0.0213553254 -0.0508462973 -0.0204640385 0.9984968305
-100.6 283.2 2161.4 0.1924632639 -0.9672609568 -0.1654210687 0.9812813401 0.1885545105 0.0391679108 -0.0066947024 -0.1698629856 0.9854449630
-153.9 11.7 2163.2 0.0802389383 -0.9672609568 -0.2407653481 0.8622024059 0.1885545105 -0.4701640606 0.5001687407 -0.1698629856 0.8491041064
180.4 288.0 2147.1 0.2203868479 0.7252823710 0.6522232294 -0.9753876925 0.1590967625 0.1526663750 0.0069596223 -0.6698161960 0.7424943447
238.0 33.0 2148.9 -0.0335895643 0.7286008000 0.6841145158 -0.9367916584 0.2155744284 -0.2755885422 -0.3482716382 -0.6501296759 0.6753060818
-41.9 -113.7 2165.7 0.9285154343 0.1238704994 0.3500216603 -0.1257248670 0.9919105172 -0.0175159685 -0.3493598700 -0.0277425814 0.9365777969
-91.2 -508.1 2176.7 0.9271695018 -0.0506481677 0.3712026775 -0.0654029623 0.9537224770 0.2934890687 -0.3688890338 -0.2963918746 0.8809499145
141.3 -109.5 2158.5 0.8731295466 0.0177894067 0.4871636033 0.0071573020 0.9987584352 -0.0492987819 -0.4874357283 0.0465309992 0.8719181418
134.3 -506.6 2140.0 0.8770570755 -0.1267752945 0.4633561969 -0.0197820272 0.9541997910 0.2985153198 -0.4799787402 -0.2709811032 0.8343797922
-174.7 -211.6 2033.7 0 0 0 0 0 0 0 0 0
229.4 -207.8 2059.3 0 0 0 0 0 0 0 0 0
-71.8 -872.6 2290.0 0 0 0 0 0 0 0 0 0
182.7 -871.3 2243.5 0 0 0 0 0 0 0 0 0
34.7 486.0 2150.6 5 0.9982426167 -0.0234682299 0.0544148646 0.0223886948 0.9995419383 0.0203645099 -0.0548678562 -0.0191104431 0.9983107448
39.4 286.6 2154.4 0.9982426167 -0.0234682299 0.0544148646 0.0223886948 0.9995419383 0.0203645099 -0.0548678562 -0.0191104431 0.9983107448
43.3 87.9 2158.5 0.9983303547 -0.0194519050 0.0543891788 0.0183020048 0.9995999932 0.0215608645 -0.0547868237 -0.0205294341 0.9982870221
-101.1 284.0 2162.1 0.1945503354 -0.9636497498 -0.1831102818 0.9808915257 0.1914006174 0.0348948725 0.0014209875 -0.1864001304 0.9824728966
-155.2 11.4 2161.7 0.0741019100 -0.9636497498 -0.2566868067 0.8617922068 0.1914006174 -0.4697659314 0.5018197894 -0.1864001304 0.8446489573
179.9 289.2 2146.7 0.2200613916 0.7215903997 0.6564147472 -0.9754852653 0.1636399180 0.1471411884 -0.0012399837 -0.6727029681 0.7399116158
237.4 34.3 2146.4 -0.0454860181 0.7249738574 0.6872728467 -0.9341409206 0.2129266560 -0.2864315212 -0.3539940715 -0.6550382972 0.6675425172
-44.5 -113.4 2167.0 0.9281946421 0.1171493456 0.3531723619 -0.1170959696 0.9928857088 -0.0215986818 -0.3531900644 -0.0213072803 0.9353089333
-91.1 -508.2 2175.5 0.9267897010 -0.0511530414 0.3720809519 -0.0680657104 0.9514014721 0.3003370166 -0.3693615198 -0.3036752045 0.8782672882
138.7 -110.3 2157.7 0.8712413907 0.0126795862 0.4906910360 0.0116489818 0.9988506436 -0.0464937948 -0.4907165766 0.0462233685 0.8700923324
133.6 -507.4 2139.3 0.8751018643 -0.1336431652 0.4651196301 -0.0137042450 0.9538835287 0.2998639941 -0.4837447405 -0.2687856555 0.8329137564
-174.3 -211.5 2031.9 0 0 0 0 0 0 0 0 0
225.7 -206.0 2055.3 0 0 0 0 0 0 0 0 0
-71.6 -871.9 2291.6 0 0 0 0 0 0 0 0 0
184.7 -872.1 2242.1 0 0 0 0 0 0 0 0 0
35.1 485.8 2150.7 6 0.9982363582 -0.0252992678 0.0537036136 0.0242163334 0.9994919896 0.0207209606 -0.0542005524 -0.0193839110 0.9983419180
40.2 286.4 2154.5 0.9982363582 -0.0252992678 0.0537036136 0.0242163334 0.9994919896 0.0207209606 -0.0542005524 -0.0193839110 0.9983419180
44.3 87.7 2158.6 0.9983412623 -0.0207964517 0.0536860451 0.0196669269 0.9995757341 0.0214827508 -0.0541100353 -0.0203912780 0.9983267784
-100.3 283.7 2162.2 0.2022517323 -0.9575566053 -0.2053765804 0.9793024659 0.1994199902 0.0346178114 0.0078076799 -0.2081273049 0.9780705571
-157.0 9.2 2160.0 0.0671492741 -0.9575566053 -0.2803145945 0.8565133810 0.1994199902 -0.4760425687 0.5117380619 -0.2081273049 0.8335509896
180.7 289.2 2146.9 0.2158403993 0.7222300768 0.6571123600 -0.9764172435 0.1628977507 0.1416814625 -0.0047155102 -0.6721964478 0.7403578162
236.8 35.2 2145.7 -0.0511518940 0.7262490988 0.6855258942 -0.9300361872 0.2154701054 -0.2976664603 -0.3638903201 -0.6527900696 0.6644161940
-44.5 -112.5 2167.6 0.9294721484 0.1100682244 0.3520887494 -0.1080308408 0.9938206077 -0.0254947208 -0.3527191877 -0.0143398102 0.9356193542
-88.2 -507.6 2173.3 0.9286935329 -0.0412998050 0.3685412407 -0.0823967457 0.9459602237 0.3136400580 -0.3615786135 -0.3216421008 0.8751041293
138.7 -109.2 2157.5 0.8716056943 0.0060214796 0.4901706278 0.0186718237 0.9987911582 -0.0454712436 -0.4898518920 0.0487853773 0.8704395890
136.3 -506.3 2138.1 0.8782927990 -0.1160311699 0.4638302922 -0.0278848819 0.9560241103 0.2919595540 -0.4773093462 -0.2693598270 0.8364335299
-174.3 -211.4 2028.2 0 0 0 0 0 0 0 0 0
223.6 -204.6 2051.9 0 0 0 0 0 0 0 0 0
-72.4 -869.2 2296.2 0 0 0 0 0 0 0 0 0
180.7 -871.7 2241.1 0 0 0 0 0 0 0 0 0
35.8 484.5 2150.2 7 0.9985284209 -0.0247304048 0.0482639596 0.0237377472 0.9994969368 0.0210332628 -0.0487598404 -0.0198566336 0.9986131191
40.7 285.3 2154.2 0.9985284209 -0.0247304048 0.0482639596 0.0237377472 0.9994969368 0.0210332628 -0.0487598404 -0.0198566336 0.9986131191
45.0 86.6 2158.3 0.9986027479 -0.0215530917 0.0482492298 0.0205266327 0.9995544553 0.0216694809 -0.0486947745 -0.0206488091 0.9986002445
-99.8 282.4 2161.0 0.2041628659 -0.9573135972 -0.2046171129 0.9789258838 0.2006440610 0.0380272195 0.0046512317 -0.2080687433 0.9781031609
-156.8 9.2 2159.7 0.0671100616 -0.9573135972 -0.2811527550 0.8544465303 0.2006440610 -0.4792317450 0.5151867270 -0.2080687433 0.8314385414
181.3 288.2 2147.3 0.2144991457 0.7254930735 0.6539494395 -0.9766951799 0.1644828916 0.1378838569 -0.0075297090 -0.6682852507 0.7438670397
237.0 34.3 2145.4 -0.0568695143 0.7305005193 0.6805401444 -0.9221650362 0.2227807492 -0.3161966801 -0.3825930655 -0.6455522776 0.6609725952
-43.2 -112.8 2167.6 0.9296573400 0.1208158061 0.3480529189 -0.1228846014 0.9922884703 -0.0162146706 -0.3473278880 -0.0276962556 0.9373346567
