34.4 479.8 2063.3 1 0.9903171062 -0.0917212889 0.1042075232 0.0834487230 0.9932019114 0.0811559558 -0.1109428406 -0.0716741458 0.9912388921
55.6 249.6 2079.9 0.9903171062 -0.0917212889 0.1042075232 0.0834487230 0.9932019114 0.0811559558 -0.1109428406 -0.0716741458 0.9912388921
45.9 56.4 2090.1 0.9932369590 0.0497268252 0.1049171835 -0.0549524836 0.9973576665 0.0475175232 -0.1022770628 -0.0529616177 0.9933450818
-79.9 257.0 2093.8 0.8242318630 0.0725423470 -0.5615865588 -0.5252020955 0.4686671495 -0.7102913857 0.2116709799 0.8803912401 0.4243897796
-272.2 379.5 2044.4 -0.7053111792 0.0725423470 -0.7051764131 -0.6000092626 0.4686671495 0.6483362913 0.3775248528 0.8803912401 -0.2870301008
191.1 242.1 2066.1 0.5844644308 0.7222807407 0.3697457314 -0.5875219107 0.6909960508 -0.4211204946 -0.5596600771 0.0288962200 0.8282183409
313.5 119.1 1948.9 -0.5857774019 0.7222807407 0.3676620126 0.6334410310 0.6909960508 -0.3482483029 -0.5055860281 0.0288962200 -0.8622921705
-56.8 -130.9 2117.1 0.9560537934 0.0045084194 -0.2931565642 -0.0321382284 0.9954680800 -0.0895012766 0.2914244831 0.0949895680 0.9518659115
-58.5 -516.8 2080.2 0.9578544497 0.0851547047 -0.2743420601 -0.0136672202 0.9674786925 0.2525830567 0.2869287133 -0.2381883115 0.9278675914
120.9 -146.5 2103.0 0.7207847834 0.0789719895 0.6886456013 -0.0271152444 0.9959406853 -0.0858310238 -0.6926283836 0.0431929044 0.7200002074
90.3 -532.5 2086.2 0.7199728489 -0.1087755859 0.6854246855 -0.0195796378 0.9840636253 0.1767355502 -0.6937260032 -0.1406651586 0.7063692808
-94.5 530.7 1949.3 0 0 0 0 0 0 0 0 0
150.0 296.0 1807.7 0 0 0 0 0 0 0 0 0
-90.3 -877.9 2169.1 0 0 0 0 0 0 0 0 0
130.9 -899.7 2138.7 0 0 0 0 0 0 0 0 0
43.1 467.0 2075.6 2 0.9949091673 -0.0419328585 0.0916375592 0.0386055931 0.9985398650 0.0377855152 -0.0930882171 -0.0340554304 0.9950752854
52.1 253.0 2082.9 0.9949091673 -0.0419328585 0.0916375592 0.0386055931 0.9985398650 0.0377855152 -0.0930882171 -0.0340554304 0.9950752854
45.4 59.4 2086.8 0.9951908588 0.0344004408 0.0917158052 -0.0361088850 0.9992026687 0.0170332901 -0.0910567269 -0.0202631298 0.9956395030
-83.7 258.0 2095.3 0.8372657299 0.0508244671 -0.5444290042 -0.4860408306 0.5253168344 -0.6984314919 0.2505003214 0.8493875265 0.4645325243
-274.5 368.7 2038.2 -0.7014193535 0.0508244671 -0.7109344006 -0.5866470337 0.5253168344 0.6163501740 0.4047914743 0.8493875265 -0.3386513591
188.0 248.1 2070.6 0.5914624929 0.7126799822 0.3771727681 -0.6108440161 0.7013667226 -0.3673612773 -0.5263474584 -0.0131132966 0.8501684666
316.2 115.7 1956.5 -0.5782142282 0.7126799822 0.3971844912 0.5767514110 0.7013667226 -0.4188586175 -0.5770841241 -0.0131132966 -0.8165794015
-52.6 -131.9 2109.3 0.9527034760 0.0177407283 -0.3033831120 -0.0361360200 0.9978252053 -0.0551275462 0.3017453253 0.0634832680 0.9512726665
-59.5 -518.8 2084.7 0.9544541836 0.0821601003 -0.2868220508 -0.0174443237 0.9750596285 0.2212563306 0.2978470325 -0.2061756253 0.9320830107
125.1 -141.7 2091.2 0.7248008847 0.0907836184 0.6829509735 -0.0575000346 0.9957929254 -0.0713456944 -0.6865547299 0.0124417190 0.7269716859
89.9 -527.7 2086.4 0.7201853991 -0.1142602488 0.6843081117 -0.0107406583 0.9843906164 0.1756693870 -0.6936985254 -0.1338644475 0.7077165246
-96.8 517.3 1935.6 0 0 0 0 0 0 0 0 0
155.9 275.6 1796.5 0 0 0 0 0 0 0 0 0
-90.2 -882.6 2161.6 0 0 0 0 0 0 0 0 0
132.5 -895.2 2136.3 0 0 0 0 0 0 0 0 0
47.7 462.9 2082.8 3 0.9956680536 -0.0073403898 0.0926890895 0.0064026141 0.9999253154 0.0104107549 -0.0927585810 -0.0097722039 0.9956406951
49.3 256.8 2084.8 0.9956680536 -0.0073403898 0.0926890895 0.0064026141 0.9999253154 0.0104107549 -0.0927585810 -0.0097722039 0.9956406951
43.3 62.9 2084.9 0.9952390194 0.0305905584 0.0925390646 -0.0304909181 0.9995319247 -0.0024907046 -0.0925719440 -0.0003427544 0.9957059622
-86.7 260.9 2097.4 0.8607535958 0.0026270784 -0.5090150237 -0.4193898439 0.5703684688 -0.7062520385 0.2884707451 0.8213847280 0.4920485020
-273.2 351.8 2034.9 -0.6845997572 0.0026270784 -0.7289144993 -0.5976975560 0.5703684688 0.5634158850 0.4172299802 0.8213847280 -0.3889039159
185.2 252.6 2072.2 0.5842963457 0.7152729034 0.3833828866 -0.6413289905 0.6964539886 -0.3219456077 -0.4972875118 -0.0577629134 0.8656607866
314.5 110.7 1962.2 -0.5595733523 0.7152729034 0.4186435044 0.5212529898 0.6964539886 -0.4932009280 -0.6443392038 -0.0577629134 -0.7625552416
-50.3 -131.0 2098.8 0.9531574845 0.0256868862 -0.3013817370 -0.0357634053 0.9989689589 -0.0279637203 0.3003526926 0.0374322683 0.9530934095
-60.3 -518.4 2084.3 0.9546177387 0.0817195699 -0.2864034176 -0.0198284630 0.9769259691 0.2126558572 0.2971730828 -0.1973261088 0.9342111945
127.9 -137.4 2082.6 0.7214546800 0.0980844796 0.6854798198 -0.0727118626 0.9951753616 -0.0658705756 -0.6886335611 -0.0023198826 0.7251058221
89.8 -523.5 2083.5 0.7172829509 -0.1105182618 0.6879613996 -0.0295042377 0.9816379547 0.1884579808 -0.6961570382 -0.1554754674 0.7008514404
-99.8 503.3 1929.2 0 0 0 0 0 0 0 0 0
160.2 254.4 1784.6 0 0 0 0 0 0 0 0 0
-90.8 -883.0 2157.9 0 0 0 0 0 0 0 0 0
131.1 -889.8 2141.6 0 0 0 0 0 0 0 0 0
49.6 461.1 2085.4 4 0.9954304695 0.0105291037 0.0949067995 -0.0103341350 0.9999433756 -0.0025455898 -0.0949282274 0.0015531781 0.9954829216
47.5 258.9 2085.1 0.9954304695 0.0105291037 0.0949067995 -0.0103341350 0.9999433756 -0.0025455898 -0.0949282274 0.0015531781 0.9954829216
41.9 65.0 2083.5 0.9950866699 0.0287371203 0.0947453380 -0.0278409533 0.9995543957 -0.0107673146 -0.0950125381 0.0080766110 0.9954432845
-88.5 262.7 2098.0 0.9001787305 -0.0408526063 -0.4336003661 -0.3192877173 0.6152003407 -0.7208216786 0.2961985469 0.7873116732 0.5407465100
-277.5 329.8 2035.8 -0.6603083014 -0.0408526063 -0.7498826981 -0.6080012918 0.6152003407 0.5018595457 0.4408257902 0.7873116732 -0.4310603142
183.4 255.1 2072.1 0.5766287446 0.7249468565 0.3767643273 -0.6676763296 0.6839080453 -0.2940715551 -0.4708584249 -0.0819865093 0.8783909082
312.2 106.0 1967.0 -0.5355315804 0.7249468565 0.4331950545 0.4847672582 0.6839080453 -0.5452251434 -0.6915248632 -0.0819865093 -0.7176848650
-51.7 -128.2 2093.2 0.9540910125 0.0196193699 -0.2988735437 -0.0270284042 0.9994208217 -0.0206761416 0.2982947826 0.0278049968 0.9540687203
-59.3 -515.9 2082.4 0.9547808170 0.0811864734 -0.2860110104 -0.0191075578 0.9767615795 0.2134753168 0.2966958880 -0.1983571649 0.9341444969
126.5 -133.6 2076.7 0.7172381878 0.1064912081 0.6886429191 -0.0932396799 0.9940333366 -0.0566051714 -0.6905619502 -0.0236094557 0.7228878140
85.2 -519.3 2085.8 0.7062546015 -0.1422412544 0.6935213804 0.0091638938 0.9813628197 0.1919453889 -0.7078986764 -0.1292069554 0.6943954825
-110.2 483.8 1924.1 0 0 0 0 0 0 0 0 0
165.6 238.7 1777.7 0 0 0 0 0 0 0 0 0
-89.6 -880.5 2156.4 0 0 0 0 0 0 0 0 0
138.3 -885.3 2134.0 0 0 0 0 0 0 0 0 0
50.4 459.1 2087.2 5 0.9950222373 0.0211950168 0.0973732993 -0.0201284979 0.9997262955 -0.0119222961 -0.0975993425 0.0099029718 0.9951764941
46.1 259.2 2085.2 0.9950222373 0.0211950168 0.0973732993 -0.0201284979 0.9997262955 -0.0119222961 -0.0975993425 0.0099029718 0.9951764941
40.4 65.2 2082.6 0.9948242307 0.0294009317 0.0972644761 -0.0279524047 0.9994776249 -0.0162222087 -0.0976906195 0.0134194698 0.9951263666
-89.8 263.0 2098.5 0.9436190128 -0.1128668264 -0.3111981452 -0.1689929664 0.6441103220 -0.7460316420 0.2846481502 0.7565599084 0.5887210369
-283.5 297.7 2040.1 -0.6111340523 -0.1128668264 -0.7834387422 -0.6453682780 0.6441103220 0.4106356204 0.4582738578 0.7565599084 -0.4664784372
182.0 255.4 2071.9 0.5717201829 0.7289944291 0.3764347732 -0.6900846958 0.6754342914 -0.2599453628 -0.4437556863 -0.1111558527 0.8892273307
309.9 101.0 1972.6 -0.5201917291 0.7289944291 0.4449356496 0.4410870075 0.6754342914 -0.5909574628 -0.7313295007 -0.1111558527 -0.6729052663
-52.8 -126.4 2090.4 0.9550057054 0.0142485406 -0.2962449193 -0.0189387444 0.9997365475 -0.0129684033 0.2959820628 0.0179954059 0.9550239444
-58.4 -514.4 2083.4 0.9548299909 0.0863417089 -0.2843322456 -0.0209442880 0.9740307927 0.2254448682 0.2964136600 -0.2093063891 0.9318421483
125.4 -131.4 2073.4 0.7155745625 0.0969049111 0.6917821169 -0.0884700492 0.9949285388 -0.0478568897 -0.6929113269 -0.0269568264 0.7205187082
87.8 -517.5 2083.9 0.7077953219 -0.1268332154 0.6949382424 -0.0113544110 0.9815801978 0.1907127500 -0.7063263059 -0.1428762078 0.6933177710
-128.2 461.7 1923.6 0 0 0 0 0 0 0 0 0
169.2 220.3 1774.8 0 0 0 0 0 0 0 0 0
-90.6 -878.0 2161.5 0 0 0 0 0 0 0 0 0
135.2 -883.7 2137.2 0 0 0 0 0 0 0 0 0
50.6 458.6 2087.6 6 0.9948279262 0.0215508901 0.0992618725 -0.0201105829 0.9996777773 -0.0154880751 -0.0995636731 0.0134117557 0.9949408174
46.3 259.4 2084.9 0.9948279262 0.0215508901 0.0992618725 -0.0201105829 0.9996777773 -0.0154880751 -0.0995636731 0.0134117557 0.9949408174
41.6 65.4 2081.6 0.9947709441 0.0243878141 0.0991767943 -0.0225919783 0.9995605946 -0.0191905163 -0.0996012315 0.0168495681 0.9948847890
-89.6 262.5 2098.5 0.9665936828 -0.1812417805 -0.1812404394 -0.0119349640 0.6745113730 -0.7381680012 0.2560356259 0.7156715989 0.6498152614
-286.4 264.9 2046.4 -0.5561461449 -0.1812417805 -0.8110812902 -0.6704808474 0.6745113730 0.3090143204 0.4910772443 0.7156715989 -0.4966460466
182.2 256.3 2071.3 0.5474008918 0.7432888746 0.3845438063 -0.7241301537 0.6510316133 -0.2275815159 -0.4195089638 -0.1538814455 0.8946131468
304.1 95.1 1977.9 -0.5077818036 0.7432888746 0.4355218709 0.3993084729 0.6510316133 -0.6455312371 -0.7633547187 -0.1538814455 -0.6273835301
-54.4 -126.2 2088.7 0.9556689858 0.0097448220 -0.2942819297 -0.0112870270 0.9999300241 -0.0035425955 0.2942268252 0.0067071165 0.9557120800
-58.2 -514.4 2086.1 0.9549701214 0.0828996822 -0.2848853767 -0.0199586712 0.9759474993 0.2170901448 0.2960298657 -0.2016286701 0.9336552620
123.8 -131.3 2071.2 0.7139366269 0.0931262448 0.6939898729 -0.0910351574 0.9950491190 -0.0398735665 -0.6942672729 -0.0347102769 0.7188797593
87.7 -517.5 2084.7 0.7050522566 -0.1321097761 0.6967412233 -0.0047575780 0.9815912247 0.1909347773 -0.7091394067 -0.1379337907 0.6914445162
-144.6 436.0 1921.1 0 0 0 0 0 0 0 0 0
168.0 202.1 1773.4 0 0 0 0 0 0 0 0 0
-89.1 -878.7 2161.4 0 0 0 0 0 0 0 0 0
137.0 -883.8 2136.2 0 0 0 0 0 0 0 0 0
50.1 456.8 2082.8 7 0.9942454100 0.0200761780 0.1052282453 -0.0193586890 0.9997819066 -0.0078354497 -0.1053626016 0.0057532787 0.9944172502
46.1 258.4 2081.6 0.9942454100 0.0200761780 0.1052282453 -0.0193586890 0.9997819066 -0.0078354497 -0.1053626016 0.0057532787 0.9944172502
41.7 64.3 2079.7 0.9941962957 0.0228123795 0.1051349491 -0.0216499288 0.9996913671 -0.0121849254 -0.1053804681 0.0098380437 0.9943833351
-89.7 261.4 2096.0 0.9672989249 -0.2451665103 -0.0650091097 0.1262226105 0.6876072884 -0.7150272727 0.2200014889 0.6834394932 0.6960673928
-286.5 235.7 2051.3 -0.5003014803 -0.2451665103 -0.8304166794 -0.6935675144 0.6876072884 0.2148494422 0.5183266997 0.6834394932 -0.5140504837
181.9 255.4 2067.2 0.5307075381 0.7588393092 0.3775081933 -0.7653900981 0.6204062700 -0.1710966676 -0.3640433252 -0.1981387436 0.9100623727
298.5 87.3 1987.3 -0.4979597628 0.7588393092 0.4197606146 0.3566152751 0.6204062700 -0.6985138655 -0.7904819250 -0.1981387436 -0.5795510411
-52.3 -126.6 2087.3 0.9574058056 0.0084440643 -0.2886222899 -0.0097410269 0.9999479055 -0.0030576012 0.2885814309 0.0057388423 0.9574381709
-55.6 -514.8 2085.0 0.9545416236 0.1049519926 -0.2789899111 -0.0408325568 0.9731802344 0.2263911068 0.2952676415 -0.2047078609 0.9332265258
126.0 -130.6 2069.4 0.7099504471 0.0969259739 0.6975497603 -0.0945179388 0.9946364164 -0.0420085527 -0.6978801489 -0.0361069739 0.7153038383
88.3 -516.7 2083.5 0.7014833093 -0.1280306578 0.7010915279 -0.0092905089 0.9820051193 0.1886257380 -0.7126253247 -0.1388313025 0.6876707077
-158.2 413.6 1918.3 0 0 0 0 0 0 0 0 0
166.8 181.6 1778.3 0 0 0 0 0 0 0 0 0
-94.7 -878.0 2161.4 0 0 0 0 0 0 0 0 0
136.1 -883.3 2135.3 0 0 0 0 0 0 0 0 0
50.5 456.6 2079.9 8 0.9938470721 0.0234527364 0.1082494184 -0.0230756383 0.9997224808 -0.0047351061 -0.1083304286 0.0022080471 0.9941124916
45.8 258.2 2079.4 0.9938470721 0.0234527364 0.1082494184 -0.0230756383 0.9997224808 -0.0047351061 -0.1083304286 0.0022080471 0.9941124916
41.2 64.2 2078.2 0.9938496947 0.0237732623 0.1081556976 -0.0229660515 0.9996983409 -0.0087030828 -0.1083299741 0.0061656465 0.9940958619
-89.9 261.4 2094.2 0.9498685002 -0.3076593578 0.0556380861 0.2653222382 0.6990768909 -0.6639997363 0.1653904319 0.6454744339 0.7456599474
-284.0 207.1 2060.4 -0.4324576855 -0.3076593578 -0.8475412130 -0.7069985271 0.6990768909 0.1069793478 0.5595832467 0.6454744339 -0.5198358893
181.6 255.1 2064.6 0.5087539554 0.7764915824 0.3717933297 -0.8036776185 0.5831938982 -0.1182673052 -0.3086611629 -0.2386330217 0.9207510948
291.9 80.8 1997.7 -0.4820210338 0.7764915824 0.4058529139 0.3058246076 0.5831938982 -0.7525663972 -0.8210524321 -0.2386330217 -0.5185819268
-51.8 -127.8 2087.2 0.9582792521 0.0086121242 -0.2857038081 -0.0087928344 0.9999611378 0.0006503171 0.2856983244 0.0018889611 0.9583177567
-55.2 -516.0 2086.5 0.9558768868 0.0986383334 -0.2767125666 -0.0362974778 0.9743828177 0.2219472080 0.2915164828 -0.2021102309 0.9349703789
126.3 -131.6 2068.4 0.7079633474 0.0950763524 0.6998202205 -0.0952969044 0.9946951270 -0.0387317501 -0.6997902393 -0.0392700434 0.7132681608
89.4 -517.8 2083.6 0.6993502378 -0.1297874749 0.7028971910 -0.0103302933 0.9814387560 0.1914973408 -0.7147045135 -0.1411848366 0.6850286722
-171.2 391.6 1914.5 0 0 0 0 0 0 0 0 0
166.3 160.5 1783.7 0 0 0 0 0 0 0 0 0
-92.0 -879.6 2161.9 0 0 0 0 0 0 0 0 0
137.9 -884.1 2136.3 0 0 0 0 0 0 0 0 0
51.9 458.4 2078.9 9 0.9938310981 0.0258078948 0.1078598052 -0.0254831593 0.9996656179 -0.0043881978 -0.1079369858 0.0016125189 0.9941564202
46.7 260.0 2078.6 0.9938310981 0.0258078948 0.1078598052 -0.0254831593 0.9996656179 -0.0043881978 -0.1079369858 0.0016125189 0.9941564202
41.7 65.9 2077.7 0.9938394427 0.0258269235 0.1077780053 -0.0251586903 0.9996548891 -0.0075554517 -0.1079359502 0.0047973525 0.9941462874
-89.1 263.4 2093.3 0.9009797573 -0.3995682299 0.1690583825 0.4157527685 0.6837323904 -0.5997163057 0.1240368709 0.6106187105 0.7821506262
-273.5 178.3 2067.9 -0.3330663741 -0.3995682299 -0.8540562391 -0.7288619876 0.6837323904 -0.0356397331 0.5981864333 0.6106187105 -0.5189583898
182.5 256.5 2063.9 0.4549555779 0.8174603581 0.3532336354 -0.8522036672 0.5147601962 -0.0936525539 -0.2583878636 -0.2584192455 0.9308357835
280.6 72.9 2008.2 -0.4467566013 0.8174603581 0.3635479510 0.2834761143 0.5147601962 -0.8091126084 -0.8485574722 -0.2584192455 -0.4617030025
-52.4 -127.8 2086.7 0.9581858516 0.0032683513 -0.2861278355 -0.0060476977 0.9999427199 -0.0088305082 0.2860825956 0.0101916827 0.9581507444
-53.7 -516.0 2082.8 0.9549080729 0.1094849929 -0.2759775519 -0.0403747670 0.9687756896 0.2446293533 0.2941435874 -0.2224560231 0.9295121431
125.7 -131.9 2067.3 0.7078305483 0.0959148109 0.6998401284 -0.0996573418 0.9943887591 -0.0354882404 -0.6993170381 -0.0446245484 0.7134173512
88.4 -518.0 2084.7 0.6985312700 -0.1350890100 0.7027125955 -0.0118573150 0.9796989560 0.2001234442 -0.7154812813 -0.1481247693 0.6827485561
-186.0 369.9 1910.7 0 0 0 0 0 0 0 0 0
164.8 146.3 1788.4 0 0 0 0 0 0 0 0 0
-94.5 -877.5 2165.8 0 0 0 0 0 0 0 0 0
138.9 -883.7 2139.9 0 0 0 0 0 0 0 0 0
52.5 459.4 2083.9 0 0.9948428869 0.0277327150 0.0975630730 -0.0257870145 0.9994437695 -0.0211479571 -0.0980952904 0.0185230337 0.9950046539
47.0 261.6 2080.3 0.9948428869 0.0277327150 0.0975630730 -0.0257870145 0.9994437695 -0.0211479571 -0.0980952904 0.0185230337 0.9950046539
41.6 67.6 2076.4 0.9948407412 0.0279619545 0.0975193605 -0.0258635078 0.9994073510 -0.0227166396 -0.0980967656 0.0200772453 0.9949743152
-88.9 265.1 2093.7 0.8392892480 -0.4891662002 0.2372971773 0.5346617699 0.6634072065 -0.5234765410 0.0986423865 0.5662219524 0.8183289766
-263.2 154.1 2073.2 -0.2503065169 -0.4891662002 -0.8355016708 -0.7286657095 0.6634072065 -0.1701093018 0.6374895573 0.5662219524 -0.5224937797
183.0 258.0 2066.9 0.4164197743 0.8442932963 0.3372883499 -0.8867200017 0.4590910971 -0.0544335395 -0.2008039504 -0.2764131129 0.9398263693
271.9 68.5 2024.0 -0.4155097604 0.8442932963 0.3384087682 0.2351024002 0.4590910971 -0.8567159772 -0.8786799908 -0.2764131129 -0.3892522156
-52.3 -125.9 2086.4 0.9551944733 -0.0005843975 -0.2959783971 -0.0039733411 0.9998826385 -0.0147971697 0.2959522903 0.0153101971 0.9550800323
-52.1 -514.1 2080.5 0.9509367943 0.1197575405 -0.2852671444 -0.0454052128 0.9660822749 0.2542113364 0.3060352504 -0.2287863046 0.9241207838
125.7 -130.4 2067.1 0.7140040994 0.0939704180 0.6938067079 -0.0987694934 0.9945610166 -0.0330603495 -0.6931397915 -0.0449217111 0.7194020152
89.3 -516.5 2084.5 0.7054602504 -0.1282417327 0.6970508695 -0.0125511438 0.9810792804 0.1931991577 -0.7086383700 -0.1450431049 0.6905028224
-197.3 346.0 1905.3 0 0 0 0 0 0 0 0 0
165.3 128.9 1798.3 0 0 0 0 0 0 0 0 0
-96.8 -874.6 2165.8 0 0 0 0 0 0 0 0 0
137.1 -882.7 2138.6 0 0 0 0 0 0 0 0 0
53.6 459.7 2087.0 1 0.9955360293 0.0319397002 0.0888136849 -0.0291160010 0.9990341663 -0.0329096168 -0.0897790268 0.0301768091 0.9955044389
47.2 262.3 2081.0 0.9955360293 0.0319397002 0.0888136849 -0.0291160010 0.9990341663 -0.0329096168 -0.0897790268 0.0301768091 0.9955044389
40.9 68.4 2074.9 0.9955179691 0.0325859711 0.0887814090 -0.0296753813 0.9989842772 -0.0339090899 -0.0897961929 0.0311224852 0.9954738021
-88.8 266.4 2093.3 0.7670553327 -0.5565097332 0.3192538321 0.6396405101 0.6246625781 -0.4479471743 0.0498610400 0.5478079319 0.8351169229
-250.3 131.7 2082.8 -0.1373834759 -0.5565097332 -0.8194038868 -0.7194508314 0.6246625781 -0.3036233783 0.6808202863 0.5478079319 -0.4861997068
183.3 258.2 2068.7 0.3572309911 0.8817637563 0.3080239594 -0.9239222407 0.3819541335 -0.0218803082 -0.1369442791 -0.2767738402 0.9511269331
258.5 63.7 2039.9 -0.3644331098 0.8817637563 0.2994682491 0.1791234016 0.3819541335 -0.9066563845 -0.9138398767 -0.2767738402 -0.2971412539
-52.9 -124.0 2081.3 0.9523905516 -0.0165339205 -0.3044319451 0.0159000047 0.9998632073 -0.0045614238 0.3044657111 -0.0004962127 0.9525231719
-46.5 -512.1 2081.5 0.9422380328 0.1511208862 -0.2989145815 -0.0771765709 0.9663731456 0.2452890277 0.3259313107 -0.2080514580 0.9222165346
125.3 -128.7 2063.7 0.7186366320 0.0903741717 0.6894881725 -0.1038805917 0.9943450689 -0.0220608748 -0.6875828505 -0.0557706840 0.7239609361
90.3 -514.7 2085.3 0.7109329104 -0.1156927198 0.6936782598 -0.0118879396 0.9842575788 0.1763396263 -0.7031593323 -0.1336120516 0.6983658075
-214.1 320.9 1903.7 0 0 0 0 0 0 0 0 0
166.3 109.0 1808.7 0 0 0 0 0 0 0 0 0
-102.9 -872.6 2159.1 0 0 0 0 0 0 0 0 0
133.4 -882.1 2135.2 0 0 0 0 0 0 0 0 0
54.1 459.2 2087.5 2 0.9964956045 0.0353565626 0.0758047849 -0.0326906629 0.9988124371 -0.0361252837 -0.0769920275 0.0335205793 0.9964680672
47.1 262.1 2080.8 0.9964956045 0.0353565626 0.0758047849 -0.0326906629 0.9988124371 -0.0361252837 -0.0769920275 0.0335205793 0.9964680672
40.1 68.2 2074.4 0.9964608550 0.0363081843 0.0758118406 -0.0336594619 0.9987873435 -0.0359286591 -0.0770244077 0.0332497209 0.9964746237
-89.0 266.7 2091.4 0.6936931610 -0.6308870912 0.3475216925 0.7201571465 0.5989462733 -0.3501957357 0.0127871558 0.4931986034 0.8698227406
-236.4 113.6 2088.7 -0.0501658805 -0.6308870912 -0.7742511630 -0.6658272147 0.5989462733 -0.4449016750 0.7444175482 0.4931986034 -0.4501084387
183.3 257.5 2070.3 0.3109917045 0.9024454355 0.2981214225 -0.9459334016 0.3243220747 0.0050129080 -0.0921634883 -0.2835620046 0.9545148015
248.1 60.4 2051.1 -0.3406691849 0.9024454355 0.2636981606 0.1343445331 0.3243220747 -0.9363582134 -0.9305353761 -0.2835620046 -0.2317251563
-54.6 -122.8 2076.9 0.9483054280 -0.0195451230 -0.3167566061 0.0203459300 0.9997926950 -0.0007795125 0.3167061806 -0.0057054916 0.9485065341
-47.0 -511.0 2079.2 0.9388993382 0.1469815224 -0.3112304807 -0.0665605962 0.9647018909 0.2547939420 0.3376946449 -0.2185101807 0.9155411720
123.8 -128.2 2060.9 0.7271761894 0.0892381445 0.6806256771 -0.1037981883 0.9944075942 -0.0194813516 -0.6785578132 -0.0564813390 0.7323722839
89.2 -514.2 2082.8 0.7172893882 -0.1330311745 0.6839581132 -0.0027708472 0.9810524583 0.1937224865 -0.6967698932 -0.1408502311 0.7033298612
-223.4 287.4 1894.4 0 0 0 0 0 0 0 0 0
162.0 94.3 1816.0 0 0 0 0 0 0 0 0 0
-101.8 -870.9 2160.7 0 0 0 0 0 0 0 0 0
138.8 -880.4 2135.3 0 0 0 0 0 0 0 0 0
54.7 458.1 2088.2 3 0.9971721768 0.0369411632 0.0654446632 -0.0344069004 0.9986295104 -0.0394368768 -0.0668118149 0.0370736048 0.9970765710
47.4 261.2 2080.9 0.9971721768 0.0369411632 0.0654446632 -0.0344069004 0.9986295104 -0.0394368768 -0.0668118149 0.0370736048 0.9970765710
40.1 67.3 2073.8 0.9971362352 0.0378716141 0.0654607788 -0.0353669561 0.9986128807 -0.0390066952 -0.0668472201 0.0365798399 0.9970924258
-88.8 266.0 2090.0 0.6312387586 -0.6948649883 0.3445290327 0.7755740285 0.5682469606 -0.2749187350 -0.0047461698 0.4407471418 0.8976187706
-225.2 98.5 2091.1 0.0272516012 -0.6948649883 -0.7186236382 -0.5916337967 0.5682469606 -0.5718958378 0.8057460785 0.4407471418 -0.3956199884
183.6 256.3 2071.8 0.2710325718 0.9172257185 0.2919559777 -0.9614054561 0.2728686333 0.0352453142 -0.0473377183 -0.2902407050 0.9557821155
240.1 56.0 2061.9 -0.3222844005 0.9172257185 0.2341574728 0.0800266713 0.2728686333 -0.9587171078 -0.9432542324 -0.2902407050 -0.1613438278
-56.2 -122.7 2074.8 0.9449566007 -0.0191685557 -0.3266337216 0.0213207025 0.9997681379 0.0030095687 0.3265003264 -0.0098079722 0.9451462030
-48.8 -510.8 2078.6 0.9378488660 0.1308668405 -0.3214239478 -0.0503455363 0.9676833749 0.2470915914 0.3433727026 -0.2155523151 0.9141293168
122.3 -128.7 2061.0 0.7337924242 0.0874007121 0.6737282872 -0.1048176885 0.9943807721 -0.0148356035 -0.6712391376 -0.0597323887 0.7388302088
88.4 -514.8 2084.2 0.7224236131 -0.1374995857 0.6776414514 0.0150137581 0.9829168320 0.1834367663 -0.6912876964 -0.1223451123 0.7121467590
-232.2 249.9 1884.9 0 0 0 0 0 0 0 0 0
158.3 76.3 1822.5 0 0 0 0 0 0 0 0 0
-97.6 -871.9 2159.1 0 0 0 0 0 0 0 0 0
139.7 -881.6 2129.9 0 0 0 0 0 0 0 0 0
55.7 456.6 2088.6 4 0.9970169067 0.0417175628 0.0649377555 -0.0389640592 0.9983103871 -0.0431066677 -0.0666263402 0.0404478386 0.9969578385
47.5 260.0 2080.6 0.9970169067 0.0417175628 0.0649377555 -0.0389640592 0.9983103871 -0.0431066677 -0.0666263402 0.0404478386 0.9969578385
39.4 66.2 2073.0 0.9970242977 0.0414614156 0.0649882331 -0.0387865193 0.9983688593 -0.0418950655 -0.0666192546 0.0392497331 0.9970061779
-88.7 265.3 2089.7 0.5656806231 -0.7562287450 0.3288214207 0.8246243596 0.5186015368 -0.2259360701 0.0003320592 0.3989618123 0.9169675112
-212.7 84.7 2089.7 0.1032724306 -0.7562287450 -0.6461059451 -0.5075003505 0.5186015368 -0.6881103516 0.8554403782 0.3989618123 -0.3302291036
183.7 254.7 2071.5 0.2205540091 0.9353542924 0.2765290141 -0.9753400683 0.2091057897 0.0706152618 0.0082264664 -0.2852843106 0.9584076405
229.7 51.0 2073.2 -0.2999789119 0.9353542924 0.1874167025 0.0416044705 0.2091057897 -0.9770075679 -0.9530381560 -0.2852843106 -0.1016422510
-56.6 -123.3 2072.7 0.9447911382 -0.0225912556 -0.3268934190 0.0237319842 0.9997182488 -0.0004990026 0.3268125951 -0.0072863763 0.9450610876
-47.8 -511.5 2075.5 0.9380884767 0.1291847229 -0.3214052022 -0.0432803892 0.9642966390 0.2612638474 0.3436812460 -0.2311780602 0.9101867676
122.0 -129.7 2060.7 0.7337571383 0.0842102990 0.6741728783 -0.1042649224 0.9944915771 -0.0107410140 -0.6713637710 -0.0624112859 0.7384954691
89.3 -515.8 2084.9 0.7230114341 -0.1334455609 0.6778250337 0.0129450141 0.9836109281 0.1798386276 -0.6907147765 -0.1212509200 0.7128893733
-238.5 211.6 1875.7 0 0 0 0 0 0 0 0 0
153.8 61.6 1832.0 0 0 0 0 0 0 0 0 0
-96.1 -871.3 2161.8 0 0 0 0 0 0 0 0 0
139.2 -882.9 2130.2 0 0 0 0 0 0 0 0 0
55.6 455.6 2088.8 5 0.9973773360 0.0426285379 0.0584919788 -0.0400109850 0.9981756806 -0.0452151336 -0.0603127293 0.0427562259 0.9972633719
47.2 258.9 2080.4 0.9973773360 0.0426285379 0.0584919788 -0.0400109850 0.9981756806 -0.0452151336 -0.0603127293 0.0427562259 0.9972633719
39.1 65.1 2072.4 0.9974130988 0.0416649915 0.0585760437 -0.0391634740 0.9982975125 -0.0432240702 -0.0602772497 0.0408182107 0.9973467588
-89.0 264.2 2088.6 0.5473235250 -0.7908036113 0.2739828825 0.8369173408 0.5161791444 -0.1820122600 0.0025116932 0.3289206028 0.9443542361
-212.0 76.3 2088.0 0.1248054951 -0.7908036113 -0.5992105603 -0.3901120424 0.5161791444 -0.7624773383 0.9122697711 0.3289206028 -0.2440800071
183.5 253.5 2072.1 0.1836516559 0.9459774494 0.2672053277 -0.9825814962 0.1688132286 0.0776900798 0.0283852704 -0.2768189311 0.9605027437
222.4 45.3 2078.1 -0.2828696966 0.9459774494 0.1584656537 0.0124246506 0.1688132286 -0.9855697155 -0.9590778947 -0.2768189311 -0.0595055856
-57.9 -124.1 2071.4 0.9425846934 -0.0258854087 -0.3329626024 0.0271450877 0.9996311069 -0.0008689185 0.3328622878 -0.0082192700 0.9429396391
-47.9 -512.2 2074.5 0.9346972704 0.1400524527 -0.3266900182 -0.0450825281 0.9583907723 0.2818771899 0.3525742888 -0.2487418056 0.9021191001
120.7 -131.1 2059.4 0.7372548580 0.0822810233 0.6705856323 -0.1125654355 0.9936426282 0.0018364289 -0.6661713719 -0.0768386796 0.7418298721
88.8 -516.8 2089.2 0.7257241011 -0.1339583248 0.6748182774 0.0232400950 0.9850742221 0.1705540568 -0.6875932217 -0.1080923453 0.7180052996
-242.5 171.8 1864.7 0 0 0 0 0 0 0 0 0
151.1 48.4 1836.3 0 0 0 0 0 0 0 0 0
-100.2 -869.9 2167.4 0 0 0 0 0 0 0 0 0
138.8 -884.5 2129.6 0 0 0 0 0 0 0 0 0
54.4 453.3 2089.9 6 0.9966866970 0.0441906638 0.0682848990 -0.0408540741 0.9979376793 -0.0495104790 -0.0703319758 0.0465567186 0.9964365959
45.7 257.1 2080.7 0.9966866970 0.0441906638 0.0682848990 -0.0408540741 0.9979376793 -0.0495104790 -0.0703319758 0.0465567186 0.9964365959
37.4 63.3 2072.3 0.9967320561 0.0429352298 0.0684237108 -0.0398150645 0.9981324077 -0.0463303551 -0.0702851266 0.0434546545 0.9965800047
-90.5 262.5 2090.3 0.5506442785 -0.8217231631 0.1468398273 0.8344766498 0.5374680758 -0.1215598956 0.0209668595 0.1894706786 0.9816625118
-214.6 74.4 2085.6 0.0734088495 -0.8217231631 -0.5651391149 -0.2298735380 0.5374680758 -0.8113483787 0.9704480171 0.1894706786 -0.1494374871
181.9 251.6 2071.1 0.1866529882 0.9451804757 0.2679451108 -0.9807885289 0.1635372490 0.1063460186 0.0566971712 -0.2826472819 0.9575468302
222.0 40.7 2083.3 -0.2828140259 0.9451804757 0.1632487327 -0.0227566194 0.1635372490 -0.9862746596 -0.9589048028 -0.2826472819 -0.0247415118
-58.3 -125.2 2069.9 0.9457634091 -0.0237743892 -0.3239851892 0.0293563288 0.9994927049 0.0123518379 0.3235271573 -0.0211929325 0.9459815025
-49.1 -513.2 2078.1 0.9387682676 0.1304664612 -0.3188927472 -0.0405211486 0.9609193206 0.2738468349 0.3421580493 -0.2441568226 0.9073672295
120.4 -132.2 2059.1 0.7309395671 0.0769235939 0.6780930161 -0.1058525220 0.9943810105 0.0012984035 -0.6741829515 -0.0727269128 0.7349749207
90.6 -518.2 2087.3 0.7204020619 -0.1298399568 0.6812947392 0.0163743217 0.9852303863 0.1704492569 -0.6933633685 -0.1116362587 0.7118880153
-232.2 129.7 1852.5 0 0 0 0 0 0 0 0 0
150.9 35.0 1842.1 0 0 0 0 0 0 0 0 0
-97.8 -871.8 2169.3 0 0 0 0 0 0 0 0 0
139.0 -886.0 2129.0 0 0 0 0 0 0 0 0 0
52.3 453.0 2089.9 7 0.9974011183 0.0406008437 0.0595196709 -0.0376882032 0.9980742931 -0.0492678136 -0.0614053681 0.0468965843 0.9970105886
44.4 256.9 2080.7 0.9974011183 0.0406008437 0.0595196709 -0.0376882032 0.9980742931 -0.0492678136 -0.0614053681 0.0468965843 0.9970105886
36.7 63.1 2072.3 0.9974323511 0.0396027975 0.0596681088 -0.0369101465 0.9982789159 -0.0455730744 -0.0613702349 0.0432537012 0.9971774220
-91.9 261.9 2089.1 0.5268828273 -0.8477433324 0.0610389039 0.8494430780 0.5227660537 -0.0718480647 0.0289996471 0.0897045806 0.9955461621
-216.6 60.9 2082.2 0.0284740850 -0.8477433324 -0.5296418667 -0.1240260303 0.5227660537 -0.8434057236 0.9918703437 0.0897045806 -0.0902569517
180.6 251.8 2072.3 0.1915405542 0.9365268946 0.2936488390 -0.9807133079 0.1707633734 0.0950859264 0.0389060639 -0.3061981201 0.9511724710
222.8 35.8 2080.9 -0.3026598692 0.9365268946 0.1769588441 -0.0470376201 0.1707633734 -0.9841886759 -0.9519371986 -0.3061981201 -0.0076312232
-60.3 -126.9 2070.1 0.9427509904 -0.0298002642 -0.3321634531 0.0322715417 0.9994772673 0.0019247736 0.3319324553 -0.0125340084 0.9432199001
-48.7 -514.9 2075.0 0.9354256392 0.1335962713 -0.3273085356 -0.0388668776 0.9590982199 0.2803925276 0.3513804376 -0.2495649010 0.9023575187
118.3 -134.0 2057.6 0.7368804216 0.0742428079 0.6719339490 -0.1087763309 0.9940212369 0.0094596008 -0.6672143340 -0.0800611079 0.7405506372
89.5 -519.9 2088.6 0.7249336243 -0.1381152570 0.6748299599 0.0227230508 0.9839534760 0.1769724041 -0.6884438396 -0.1129590496 0.7164393067
-223.4 90.8 1843.5 0 0 0 0 0 0 0 0 0
146.7 23.9 1841.5 0 0 0 0 0 0 0 0 0
-98.6 -872.9 2168.2 0 0 0 0 0 0 0 0 0
141.0 -887.2 2130.8 0 0 0 0 0 0 0 0 0
51.3 453.9 2094.9 8 0.9983455539 0.0372337438 0.0438152626 -0.0344199389 0.9974001646 -0.0633101761 -0.0460586250 0.0616973117 0.9970316291
43.9 257.1 2082.8 0.9983455539 0.0372337438 0.0438152626 -0.0344199389 0.9974001646 -0.0633101761 -0.0460586250 0.0616973117 0.9970316291
36.6 63.4 2071.9 0.9983149767 0.0377888046 0.0440364927 -0.0352334306 0.9977278113 -0.0574268736 -0.0461065248 0.0557785518 0.9973780513
-92.5 261.9 2089.1 0.4989928603 -0.8665556312 -0.0093506658 0.8656026721 0.4989051521 -0.0427274853 0.0416908376 0.0132267475 0.9990429878
-215.4 48.6 2078.8 -0.0026592691 -0.8665556312 -0.4990733564 -0.0311175380 0.4989051521 -0.8660977483 0.9995121956 0.0132267475 -0.0282918010
180.3 252.3 2076.5 0.1774038523 0.9335414171 0.3114936352 -0.9841315150 0.1671189666 0.0596359894 0.0036161712 -0.3171303272 0.9483750463
220.4 30.0 2077.3 -0.3063211143 0.9335414171 0.1861928254 -0.0876065418 0.1671189666 -0.9820368290 -0.9478884339 -0.3171303272 0.0305922646
-60.4 -127.4 2069.4 0.9372696280 -0.0273833349 -0.3475281000 0.0329667032 0.9994047880 0.0101622082 0.3470429480 -0.0209815856 0.9376145005
-49.7 -515.4 2077.6 0.9316741228 0.1190288886 -0.3432426155 -0.0270382203 0.9649016857 0.2612157166 0.3622876108 -0.2340872437 0.9021922350
118.3 -134.0 2058.4 0.7469155192 0.0750434622 0.6606706381 -0.1065609604 0.9942775965 0.0075347642 -0.6563245654 -0.0760295317 0.7506380677
89.2 -520.0 2087.9 0.7363300920 -0.1300657094 0.6640037298 0.0195126273 0.9850240350 0.1713094562 -0.6763411164 -0.1131838486 0.7278407216
-214.8 56.1 1836.2 0 0 0 0 0 0 0 0 0
144.1 8.1 1841.2 0 0 0 0 0 0 0 0 0
-94.2 -875.5 2164.9 0 0 0 0 0 0 0 0 0
137.8 -887.7 2130.2 0 0 0 0 0 0 0 0 0
50.2 454.9 2097.5 9 0.9986193776 0.0346150659 0.0395114832 -0.0318920352 0.9972038865 -0.0675822198 -0.0417403691 0.0662288144 0.9969310164
43.4 258.1 2084.4 0.9986193776 0.0346150659 0.0395114832 -0.0318920352 0.9972038865 -0.0675822198 -0.0417403691 0.0662288144 0.9969310164
36.6 64.5 2072.5 0.9986051917 0.0348292142 0.0396813676 -0.0322994031 0.9975094795 -0.0627025440 -0.0417664200 0.0613333993 0.9972431064
-93.0 262.6 2090.1 0.4584982991 -0.8868159056 -0.0577657446 0.8874204159 0.4603527486 -0.0236709267 0.0475843735 -0.0404094234 0.9980494976
-210.9 34.4 2077.9 -0.0298282336 -0.8868159056 -0.4611592591 0.0302394256 0.4603527486 -0.8872209191 0.9990975261 -0.0404094234 0.0130852936
179.8 253.7 2078.7 0.2052820772 0.9105134606 0.3589212596 -0.9785465598 0.1975020915 0.0586472973 -0.0174885429 -0.3632603884 0.9315235019
228.6 21.1 2074.5 -0.3451873958 0.9105134606 0.2276199758 -0.1205558628 0.1975020915 -0.9728613496 -0.9307587743 -0.3632603884 0.0415925048
-60.1 -127.1 2065.3 0.9355040789 -0.0268803313 -0.3522918820 0.0369011126 0.9990820289 0.0217589028 0.3513835967 -0.0333555043 0.9356372356
-49.7 -514.9 2078.2 0.9301658869 0.1135966033 -0.3491235375 -0.0246601775 0.9681124687 0.2492992282 0.3663104177 -0.2232801914 0.9033064842
118.7 -133.4 2057.0 0.7494406700 0.0737873688 0.6579468846 -0.1107967570 0.9937334657 0.0147589697 -0.6527348161 -0.0839593485 0.7529197335
90.1 -519.2 2089.6 0.7401524186 -0.1205517277 0.6615449190 0.0134899626 0.9862629175 0.1646314114 -0.6723037958 -0.1129281223 0.7316111326
-203.6 26.9 1830.7 0 0 0 0 0 0 0 0 0
142.5 -9.0 1842.3 0 0 0 0 0 0 0 0 0
-92.1 -876.2 2161.5 0 0 0 0 0 0 0 0 0
135.1 -887.4 2131.7 0 0 0 0 0 0 0 0 0
48.9 457.7 2099.7 0 0.9986202121 0.0366947949 0.0375661626 -0.0339755490 0.9969239235 -0.0706286579 -0.0400423072 0.0692548752 0.9967950583
41.7 260.9 2086.0 0.9986202121 0.0366947949 0.0375661626 -0.0339755490 0.9969239235 -0.0706286579 -0.0400423072 0.0692548752 0.9967950583
34.4 67.4 2073.6 0.9985688329 0.0378758907 0.0377581082 -0.0353484415 0.9972265363 -0.0654956251 -0.0401340947 0.0640671998 0.9971382022
-94.7 265.8 2091.5 0.3925522566 -0.9127144217 -0.1133805588 0.9174939394 0.3972014785 -0.0208783932 0.0640909374 -0.0958301127 0.9933322668
-200.9 17.6 2074.2 -0.0580258742 -0.9127144217 -0.4044569433 0.1061556861 0.3972014785 -0.9115711451 0.9926550388 -0.0958301127 0.0738418624
178.1 256.1 2080.6 0.2434372604 0.8709025383 0.4269274473 -0.9683634639 0.2431362867 0.0561868772 -0.0548682623 -0.4270989299 0.9025386572
238.5 15.9 2066.9 -0.3908455670 0.8709025383 0.2979404032 -0.1841985881 0.2431362867 -0.9523421526 -0.9018373489 -0.4270989299 0.0653902739
-59.6 -126.2 2064.3 0.9348462820 -0.0294308718 -0.3538308144 0.0390442237 0.9990361333 0.0200599954 0.3528993726 -0.0325680636 0.9350942969
-48.1 -514.1 2077.0 0.9281341434 0.1242244914 -0.3509064317 -0.0337329842 0.9668630958 0.2530570328 0.3707143664 -0.2230337411 0.9015690684
119.4 -132.0 2056.8 0.7501884699 0.0788417384 0.6565068960 -0.1117547303 0.9937006235 0.0083655249 -0.6517117023 -0.0796434730 0.7542736530
88.7 -517.8 2087.8 0.7397865653 -0.1289239228 0.6603744626 0.0138941780 0.9841887951 0.1765767336 -0.6726980805 -0.1214537397 0.7298809886
-186.5 -8.7 1828.2 0 0 0 0 0 0 0 0 0
141.3 -29.9 1842.7 0 0 0 0 0 0 0 0 0
-94.5 -874.9 2160.2 0 0 0 0 0 0 0 0 0
136.9 -885.2 2133.1 0 0 0 0 0 0 0 0 0
48.5 457.1 2100.8 1 0.9984430075 0.0373518057 0.0414294302 -0.0342754386 0.9967697263 -0.0726313666 -0.0440085120 0.0710982680 0.9964979887
41.2 260.5 2086.8 0.9984430075 0.0373518057 0.0414294302 -0.0342754386 0.9967697263 -0.0726313666 -0.0440085120 0.0710982680 0.9964979887
33.7 66.9 2073.8 0.9983901978 0.0385801755 0.0415757783 -0.0356616564 0.9969936609 -0.0687886178 -0.0441046655 0.0671952218 0.9967645407
-95.2 265.4 2092.8 0.3426700234 -0.9265540242 -0.1551608443 0.9353827238 0.3518616855 -0.0353904776 0.0873863399 -0.1330075115 0.9872550964
-190.1 6.3 2068.6 -0.0686577037 -0.9265540242 -0.3698428869 0.1894602478 0.3518616855 -0.9166777730 0.9794850349 -0.1330075115 0.1513871402
177.6 255.6 2080.8 0.2777408063 0.8292351365 0.4850042760 -0.9570661187 0.2824549675 0.0651432499 -0.0829727873 -0.4822740853 0.8720821142
248.2 12.2 2059.7 -0.4164178669 0.8292351365 0.3727804422 -0.2633048892 0.2824549675 -0.9224368334 -0.8702107072 -0.4822740853 0.1007223651
-62.5 -123.0 2064.8 0.9361119270 -0.0344026312 -0.3500155210 0.0408354811 0.9991052151 0.0110130394 0.3493234515 -0.0246024895 0.9366791844
-49.1 -510.9 2074.3 0.9294922352 0.1243345812 -0.3472536206 -0.0300047621 0.9638391137 0.2647901773 0.3676192164 -0.2357011437 0.8996116519
116.5 -129.4 2057.6 0.7483410835 0.0683775395 0.6597803831 -0.1001688391 0.9949150085 0.0105044357 -0.6557071209 -0.0739503354 0.7513850927
89.9 -515.6 2086.3 0.7388144135 -0.1254076809 0.6621375680 0.0133627132 0.9850656986 0.1716595590 -0.6737764478 -0.1179766059 0.7294565439
-173.2 -40.5 1826.6 0 0 0 0 0 0 0 0 0
144.8 -53.1 1843.7 0 0 0 0 0 0 0 0 0
-95.5 -870.7 2162.3 0 0 0 0 0 0 0 0 0
136.7 -883.3 2130.3 0 0 0 0 0 0 0 0 0
48.7 458.3 2100.9 2 0.9985998869 0.0352076516 0.0394797921 -0.0322941095 0.9968706369 -0.0721528456 -0.0418965779 0.0707768574 0.9966118932
41.7 261.7 2086.9 0.9985998869 0.0352076516 0.0394797921 -0.0322941095 0.9968706369 -0.0721528456 -0.0418965779 0.0707768574 0.9966118932
34.6 68.1 2073.9 0.9985480905 0.0365031920 0.0396137200 -0.0337350629 0.9970854521 -0.0684288740 -0.0419961363 0.0669931471 0.9968692064
-94.7 266.3 2092.7 0.3218221366 -0.9172988534 -0.2345064580 0.9397075772 0.3397189081 -0.0392529219 0.1156729385 -0.2077350318 0.9713217616
-185.4 1.5 2060.1 -0.1021848246 -0.9172988534 -0.3848649561 0.3033922315 0.3397189081 -0.8902495503 0.9473707676 -0.2077350318 0.2435872257
178.2 257.1 2081.2 0.2898881137 0.7782410979 0.5570508242 -0.9483106136 0.3120946288 0.0574797057 -0.1291195005 -0.5449199080 0.8284868598
254.7 6.6 2047.1 -0.4384810925 0.7782410979 0.4495276213 -0.3511078060 0.3120946288 -0.8827911615 -0.8273195624 -0.5449199080 0.1363989562
-63.3 -123.4 2064.7 0.9350339174 -0.0394968428 -0.3523514569 0.0496187471 0.9985731840 0.0197380316 0.3510691226 -0.0359389670 0.9356595874
-47.9 -511.0 2078.6 0.9267321229 0.1304329038 -0.3523561656 -0.0451391600 0.9696672559 0.2402245849 0.3730014265 -0.2067187726 0.9045094252
115.6 -129.8 2056.8 0.7497629523 0.0658227280 0.6584245563 -0.1011226624 0.9947499633 0.0157054756 -0.6539340615 -0.0783570260 0.7524828315
90.1 -516.0 2087.2 0.7399176955 -0.1273594201 0.6605311036 0.0148392292 0.9847654700 0.1732535362 -0.6725336909 -0.1183915809 0.7305353284
-160.2 -73.2 1826.9 0 0 0 0 0 0 0 0 0
145.8 -80.7 1841.5 0 0 0 0 0 0 0 0 0
-96.6 -872.8 2155.8 0 0 0 0 0 0 0 0 0
137.6 -883.6 2131.4 0 0 0 0 0 0 0 0 0
47.4 456.7 2102.4 3 0.9986553788 0.0284929127 0.0433080755 -0.0249467883 0.9964565039 -0.0803246126 -0.0454432964 0.0791362077 0.9958274961
41.7 259.8 2086.8 0.9986553788 0.0284929127 0.0433080755 -0.0249467883 0.9964565039 -0.0803246126 -0.0454432964 0.0791362077 0.9958274961
35.7 66.3 2072.5 0.9985710979 0.0310824513 0.0434694178 -0.0277657248 0.9968024492 -0.0749265030 -0.0456593223 0.0736124888 0.9962411523
-94.7 263.6 2093.0 0.3065328002 -0.8865094781 -0.3466101587 0.9397701621 0.3397144377 -0.0377648436 0.1512273550 -0.3141576946 0.9372487664
-181.8 -3.4 2050.1 -0.1500159353 -0.8865094781 -0.4377170205 0.4312608540 0.3397144377 -0.8358278275 0.8896681070 -0.3141576946 0.3313542306
178.2 256.0 2080.6 0.2809369862 0.7543924451 0.5932676196 -0.9477673173 0.3153608739 0.0477980673 -0.1510349065 -0.5757079124 0.8035849929
254.5 -1.5 2039.5 -0.4297242165 0.7543924451 0.4962148368 -0.4257235527 0.3153608739 -0.8481196761 -0.7963017821 -0.5757079124 0.1856444031
-61.9 -122.4 2064.7 0.9362856746 -0.0329834260 -0.3496873975 0.0440943427 0.9987424612 0.0238583125 0.3484607041 -0.0377574340 0.9365625978
-49.1 -510.1 2079.4 0.9307052493 0.1089131609 -0.3491785526 -0.0298888274 0.9740926027 0.2241655886 0.3645468354 -0.1981955618 0.9098483920
117.0 -128.4 2057.2 0.7472915649 0.0696128383 0.6608399153 -0.1040046662 0.9944937825 0.0128507204 -0.6563066244 -0.0783336684 0.7504168749
90.0 -514.5 2087.6 0.7369546294 -0.1280983090 0.6636931896 0.0224562548 0.9859764576 0.1653665900 -0.6755690575 -0.1069636121 0.7294965386
-144.9 -109.4 1831.4 0 0 0 0 0 0 0 0 0
146.8 -108.1 1840.0 0 0 0 0 0 0 0 0 0
-89.7 -873.6 2153.3 0 0 0 0 0 0 0 0 0
137.8 -882.6 2127.5 0 0 0 0 0 0 0 0 0
46.8 456.7 2101.7 4 0.9993543029 0.0237486251 0.0269624200 -0.0216465686 0.9968923330 -0.0757436678 -0.0286774375 0.0751111135 0.9967626929
42.1 259.7 2086.9 0.9993543029 0.0237486251 0.0269624200 -0.0216465686 0.9968923330 -0.0757436678 -0.0286774375 0.0751111135 0.9967626929
37.5 66.1 2073.3 0.9993501902 0.0237758681 0.0270896778 -0.0218181554 0.9972799420 -0.0704038218 -0.0286899023 0.0697670281 0.9971506596
-94.4 262.7 2090.8 0.2945802808 -0.8532066941 -0.4304193258 0.9430859685 0.3322858512 -0.0132289464 0.1543092728 -0.4020254016 0.9025321007
-178.5 -6.5 2046.7 -0.1793730855 -0.8532066941 -0.4897587299 0.5368422270 0.3322858512 -0.7754911184 0.8243941665 -0.4020254016 0.3984342515
178.6 256.7 2082.9 0.2740337849 0.7211887836 0.6362328529 -0.9458673596 0.3217314780 0.0427052788 -0.1738975644 -0.6134945750 0.7703142166
255.0 -7.0 2034.4 -0.4173104465 0.7211887836 0.5529364944 -0.5051094890 0.3217314780 -0.8008453250 -0.7554577589 -0.6134945750 0.2300174087
-59.8 -124.7 2062.3 0.9302756786 -0.0303289611 -0.3656053245 0.0427692607 0.9987472892 0.0259740055 0.3643595576 -0.0397996567 0.9304074645
