199.4 461.1 2256.3 1 0.9899609089 0.1204946339 -0.0738814622 -0.0966120735 0.9584084749 0.2685504854 0.1031675115 -0.2587166131 0.9604281187
174.6 263.4 2309.7 0.9899609089 0.1204946339 -0.0738814622 -0.0966120735 0.9584084749 0.2685504854 0.1031675115 -0.2587166131 0.9604281187
152.7 70.6 2352.4 0.9907624125 0.1100417078 -0.0792508870 -0.0899058208 0.9705201387 0.2236238122 0.1015225276 -0.2144329399 0.9714482427
30.1 276.5 2294.9 0.3416189849 -0.8324326277 -0.4362939596 0.9120728374 0.1816343069 0.3676032424 -0.2267589867 -0.5235121250 0.8212888837
-40.9 86.8 2342.0 -0.5501862764 -0.8324326277 -0.0659620091 -0.1584575474 0.1816343069 -0.9705154300 0.8198696375 -0.5235121250 -0.2318379432
319.1 250.3 2324.5 -0.2663093507 0.8744858503 0.4054057896 -0.9618769288 -0.2139521688 -0.1703445762 -0.0622264631 -0.4353148341 0.8981251717
262.9 47.4 2311.4 -0.3626789153 0.8744858503 -0.3220846653 0.3075202405 -0.2139521688 -0.9271762371 -0.8797131777 -0.4353148341 -0.1913261414
35.3 -113.1 2387.4 0.9035557508 -0.0896830857 -0.4189797044 0.0932808891 0.9955682755 -0.0119365072 0.4181933999 -0.0282974988 0.9079171419
70.9 -508.7 2398.6 0.9081473947 0.0485452823 -0.4158264995 -0.0736109614 0.9962958694 -0.0444515608 0.4121283293 0.0709779561 0.9083569646
216.0 -131.0 2408.7 0.9975654483 0.0167922080 0.0676843747 -0.0089565385 0.9933886528 -0.1144496948 -0.0691587552 0.1135648489 0.9911206365
209.3 -525.6 2363.6 0.9943839312 -0.0796900764 0.0696427971 0.0743170828 0.9942877889 0.0766075775 -0.0753498450 -0.0710016936 0.9946261644
100.1 127.5 2131.9 0 0 0 0 0 0 0 0 0
171.8 124.6 2090.4 0 0 0 0 0 0 0 0 0
54.8 -838.3 2375.1 0 0 0 0 0 0 0 0 0
239.8 -905.5 2390.8 0 0 0 0 0 0 0 0 0
196.1 459.7 2257.1 2 0.9935646057 0.1119219735 0.0174035337 -0.1127434373 0.9624720216 0.2468531281 0.0108778765 -0.2472266704 0.9688966274
173.1 261.5 2308.0 0.9935646057 0.1119219735 0.0174035337 -0.1127434373 0.9624720216 0.2468531281 0.0108778765 -0.2472266704 0.9688966274
152.9 68.2 2349.3 0.9947794080 0.1011986360 0.0131457904 -0.1017123833 0.9727853537 0.2081903815 0.0082805511 -0.2084406018 0.9779999852
28.5 276.2 2306.8 0.3439228535 -0.8267648220 -0.4451707900 0.9229658246 0.2104130387 0.3222739100 -0.1727749705 -0.5217148066 0.8354414701
-41.7 87.7 2342.1 -0.5566872954 -0.8267648220 -0.0809889734 -0.1725000143 0.2104130387 -0.9622734189 0.8126149178 -0.5217148066 -0.2597512007
317.7 246.8 2309.1 -0.2119370699 0.8749380708 0.4353918135 -0.9771769643 -0.1831491292 -0.1076177433 -0.0144172357 -0.4482630491 0.8937854171
275.4 52.0 2306.3 -0.3766766787 0.8749380708 -0.3042992353 0.3243124485 -0.1831491292 -0.9280505776 -0.8677189350 -0.4482630491 -0.2147653103
40.1 -114.0 2385.7 0.9387032390 -0.0773605704 -0.3359338641 0.0839564800 0.9964562058 0.0051313592 0.3343464136 -0.0330206491 0.9418715835
70.8 -510.0 2398.8 0.9424824715 0.0513468608 -0.3302882612 -0.0748086050 0.9954680800 -0.0587112531 0.3257767558 0.0800427273 0.9420523643
221.5 -130.4 2404.3 0.9869182706 0.0313530155 0.1581432223 -0.0143248439 0.9940816164 -0.1076872349 -0.1605835855 0.1040131301 0.9815264344
209.1 -525.4 2363.0 0.9835923910 -0.0809561089 0.1612208486 0.0677994937 0.9940280318 0.0855074227 -0.1671804041 -0.0731737614 0.9832071662
100.4 131.7 2134.6 0 0 0 0 0 0 0 0 0
182.1 132.3 2091.3 0 0 0 0 0 0 0 0 0
54.0 -835.9 2372.6 0 0 0 0 0 0 0 0 0
240.0 -905.2 2391.0 0 0 0 0 0 0 0 0 0
194.2 457.4 2255.9 3 0.9929934740 0.1140381768 0.0309714004 -0.1181621179 0.9610711932 0.2497596741 -0.0012835824 -0.2516693771 0.9678124189
170.7 259.6 2307.7 0.9929934740 0.1140381768 0.0309714004 -0.1181621179 0.9610711932 0.2497596741 -0.0012835824 -0.2516693771 0.9678124189
149.4 66.5 2349.3 0.9938824773 0.1072973683 0.0261699148 -0.1103981733 0.9719157219 0.2078269124 -0.0031356709 -0.2094446421 0.9778154492
25.9 275.7 2308.2 0.3338571191 -0.8276777267 -0.4510975182 0.9266911745 0.2005761117 0.3178249896 -0.1725772917 -0.5241362453 0.8339654207
-41.7 88.0 2343.1 -0.5571790934 -0.8276777267 -0.0670897812 -0.1820432395 0.2005761117 -0.9626159668 0.8101924062 -0.5241362453 -0.2624299526
315.5 243.5 2307.2 -0.1435156018 0.8702434897 0.4712531567 -0.9895427823 -0.1331319213 -0.0555065610 0.0144346152 -0.4742912054 0.8802496791
287.7 51.7 2310.0 -0.4095862210 0.8702434897 -0.2737067640 0.3393953741 -0.1331319213 -0.9311748743 -0.8467879891 -0.4742912054 -0.2408276051
42.0 -115.8 2389.9 0.9429907799 -0.0738067850 -0.3245319426 0.0781816095 0.9969390631 0.0004426819 0.3235058784 -0.0257898737 0.9458746314
71.3 -512.0 2400.2 0.9461520314 0.0517597012 -0.3195578754 -0.0743710473 0.9954863191 -0.0589572378 0.3150638640 0.0795483664 0.9457308650
223.5 -134.3 2391.4 0.9848453999 0.0315293483 0.1705445796 -0.0230458323 0.9984071851 -0.0514970683 -0.1718965918 0.0467863083 0.9840033650
211.0 -530.4 2372.9 0.9816663861 -0.0806200430 0.1727181822 0.0747327879 0.9963876009 0.0403324626 -0.1753458679 -0.0266853105 0.9841451645
100.6 134.5 2136.2 0 0 0 0 0 0 0 0 0
183.7 137.9 2095.1 0 0 0 0 0 0 0 0 0
54.4 -836.1 2374.3 0 0 0 0 0 0 0 0 0
241.8 -910.7 2383.0 0 0 0 0 0 0 0 0 0
193.1 455.0 2255.3 4 0.9920443296 0.1145692915 0.0521723107 -0.1240168661 0.9606223702 0.2486453950 -0.0216307584 -0.2531374991 0.9671884775
169.5 257.1 2307.5 0.9920443296 0.1145692915 0.0521723107 -0.1240168661 0.9606223702 0.2486453950 -0.0216307584 -0.2531374991 0.9671884775
147.7 64.0 2349.1 0.9928471446 0.1096776351 0.0471743420 -0.1170995086 0.9716092348 0.2055802345 -0.0232874714 -0.2096338421 0.9775025845
24.7 274.1 2310.9 0.3490377069 -0.8216248155 -0.4506720901 0.9225734472 0.2169031650 0.3190788031 -0.1644108593 -0.5271486044 0.8337166309
-48.1 81.8 2345.2 -0.5665742755 -0.8216248155 -0.0626598448 -0.2090890408 0.2169031650 -0.9535380602 0.7970416546 -0.5271486044 -0.2946844995
314.3 240.0 2304.1 -0.0961999670 0.8635792732 0.4949509501 -0.9953313470 -0.0873645097 -0.0410236046 0.0078140115 -0.4965866804 0.8679519892
296.0 50.1 2305.6 -0.4296413958 0.8635792732 -0.2638922930 0.3879567981 -0.0873645097 -0.9175276160 -0.8154126406 -0.4965866804 -0.2974960208
37.1 -116.6 2391.2 0.9483659863 -0.0872445181 -0.3049431741 0.0895304829 0.9959627986 -0.0065081962 0.3042798638 -0.0211295560 0.9523482919
71.8 -512.3 2399.6 0.9525239468 0.0520480946 -0.2999819219 -0.0727974847 0.9956351519 -0.0584049597 0.2956326902 0.0774700493 0.9521552920
218.9 -136.7 2390.6 0.9817305207 0.0184733793 0.1893777102 -0.0048674410 0.9973884225 -0.0720603243 -0.1902143210 0.0698220357 0.9792565703
211.6 -532.6 2362.9 0.9783554077 -0.0827842057 0.1896507740 0.0634112582 0.9923375845 0.1060430035 -0.1969762743 -0.0917217508 0.9761083126
97.8 135.6 2139.9 0 0 0 0 0 0 0 0 0
185.7 149.6 2096.4 0 0 0 0 0 0 0 0 0
54.8 -836.7 2374.4 0 0 0 0 0 0 0 0 0
243.2 -910.8 2397.9 0 0 0 0 0 0 0 0 0
190.7 452.6 2255.6 5 0.9772413373 0.1115617454 0.1804255247 -0.1519814730 0.9615818858 0.2286085635 -0.1479899585 -0.2508270741 0.9566528797
167.8 255.4 2307.0 0.9772413373 0.1115617454 0.1804255247 -0.1519814730 0.9615818858 0.2286085635 -0.1479899585 -0.2508270741 0.9566528797
146.4 62.3 2348.6 0.9784992337 0.1076618358 0.1759208292 -0.1408872604 0.9718411565 0.1888796985 -0.1506319642 -0.2096036524 0.9661140442
26.2 275.8 2328.8 0.3681405485 -0.8124716282 -0.4520646036 0.9267190695 0.2812837064 0.2491410375 -0.0752616078 -0.5106558204 0.8564848900
-51.9 79.2 2344.8 -0.5723280907 -0.8124716282 -0.1110424697 -0.2179898471 0.2812837064 -0.9345372915 0.7905194163 -0.5106558204 -0.3380971253
309.5 235.0 2285.2 -0.0312535726 0.8559059501 0.5161862373 -0.9940043688 -0.0807537884 0.0737165287 0.1047784165 -0.5107874870 0.8532980680
303.6 49.2 2304.8 -0.4275461733 0.8559059501 -0.2909111679 0.4451445639 -0.0807537884 -0.8918100595 -0.7867977023 -0.5107874870 -0.3464758992
35.0 -118.3 2392.9 0.9787263870 -0.0912651569 -0.1837534904 0.0944726020 0.9954889417 0.0087583158 0.1821252257 -0.0259316638 0.9829333425
71.2 -513.9 2403.2 0.9834244847 0.0480646305 -0.1748317033 -0.0629339367 0.9947640300 -0.0805220604 0.1700460315 0.0901902169 0.9813001752
216.8 -139.8 2388.6 0.9503982663 0.0076834471 0.3109407425 0.0107413335 0.9982877970 -0.0574991740 -0.3108501434 0.0579870343 0.9486883879
213.7 -536.2 2365.6 0.9485001564 -0.0722367093 0.3084304333 0.0443370342 0.9943416119 0.0965348408 -0.3136585653 -0.0778884217 0.9463359118
96.1 135.6 2140.3 0 0 0 0 0 0 0 0 0
193.7 163.7 2102.5 0 0 0 0 0 0 0 0 0
55.7 -836.0 2374.0 0 0 0 0 0 0 0 0 0
241.3 -915.7 2395.3 0 0 0 0 0 0 0 0 0
188.6 451.1 2254.7 6 0.9528080225 0.1191674173 0.2792060077 -0.1829654872 0.9593381286 0.2149278075 -0.2422405928 -0.2558700144 0.9358686209
164.2 254.8 2307.0 0.9528080225 0.1191674173 0.2792060077 -0.1829654872 0.9593381286 0.2149278075 -0.2422405928 -0.2558700144 0.9358686209
141.1 62.2 2350.4 0.9543758631 0.1167694703 0.2748301029 -0.1701513231 0.9689938426 0.1791631430 -0.2453879118 -0.2177516818 0.9446528554
26.2 279.5 2342.6 0.3660893440 -0.8032107353 -0.4699267149 0.9305328131 0.3108973503 0.1935238838 -0.0093414830 -0.5081292391 0.8612301350
-53.2 77.6 2344.6 -0.5823547244 -0.8032107353 -0.1253616065 -0.2303025573 0.3108973503 -0.9221190810 0.7796305418 -0.5081292391 -0.3660340309
302.2 230.1 2271.5 0.0807732120 0.8482778668 0.5233548880 -0.9740146995 -0.0442887768 0.2221121788 0.2115915865 -0.5276960731 0.8226578236
316.8 55.2 2309.5 -0.4464734793 0.8482778668 -0.2847561836 0.4760318696 -0.0442887768 -0.8783121109 -0.7576642036 -0.5276960731 -0.3840335608
36.1 -118.0 2403.9 0.9925599694 -0.0872297138 -0.0849448964 0.0861792490 0.9961517453 -0.0159627963 0.0860104412 0.0085235462 0.9962577820
70.8 -513.7 2400.5 0.9959548712 0.0415608510 -0.0796657130 -0.0475288555 0.9960845709 -0.0745423660 0.0762557462 0.0780272484 0.9940305948
213.9 -143.6 2376.5 0.9162175059 -0.0042395773 0.4006588459 0.0175827891 0.9994062185 -0.0296326913 -0.4002953172 0.0341946892 0.9157480001
215.6 -540.5 2363.0 0.9158996344 -0.0602252334 0.3968636990 0.0230642427 0.9949430227 0.0977568477 -0.4007441998 -0.0803821012 0.9126570225
97.7 137.3 2142.5 0 0 0 0 0 0 0 0 0
199.2 180.5 2109.9 0 0 0 0 0 0 0 0 0
57.4 -833.5 2375.5 0 0 0 0 0 0 0 0 0
238.6 -920.5 2393.6 0 0 0 0 0 0 0 0 0
188.9 450.1 2254.2 7 0.9427758455 0.1190331280 0.3114559948 -0.1913463175 0.9581268430 0.2130247951 -0.2730573416 -0.2604305744 0.9260753989
164.7 255.2 2307.2 0.9427758455 0.1190331280 0.3114559948 -0.1913463175 0.9581268430 0.2130247951 -0.2730573416 -0.2604305744 0.9260753989
140.6 63.2 2352.3 0.9438092113 0.1213901117 0.3073900044 -0.1830744445 0.9663909674 0.1804776788 -0.2751507163 -0.2266117483 0.9343121648
27.6 281.8 2347.2 0.3492479622 -0.8184262514 -0.4562941492 0.9370263219 0.3064702451 0.1675042957 0.0027506764 -0.4860601425 0.8739210367
-47.4 80.8 2346.6 -0.5610113740 -0.8184262514 -0.1242768243 -0.2432281822 0.3064702451 -0.9202803969 0.7912687659 -0.4860601425 -0.3709976077
301.8 228.5 2267.2 0.1557630897 0.8539918661 0.4964229465 -0.9564489126 0.0047930516 0.2918604314 0.2468670607 -0.5202642679 0.8175461888
329.1 60.6 2310.5 -0.4451833665 0.8539918661 -0.2692761719 0.5242635012 0.0047930516 -0.8515425920 -0.7259198427 -0.5202642679 -0.4498505294
31.3 -114.8 2416.0 0.9937776327 -0.0996155217 -0.0498273186 0.0974247903 0.9942420721 -0.0446213856 0.0539854020 0.0394893214 0.9977605939
70.9 -509.6 2400.3 0.9981178641 0.0398163274 -0.0466408432 -0.0432965457 0.9961557388 -0.0761519819 0.0434294529 0.0780280381 0.9960047603
204.6 -145.8 2371.4 0.9028003216 -0.0220842082 0.4294925630 0.0250925682 0.9996842146 -0.0013419192 -0.4293273091 0.0119885569 0.9030693769
213.4 -542.8 2366.6 0.9013536572 -0.0768988878 0.4262020588 0.0465386398 0.9956095815 0.0812138319 -0.4305761158 -0.0533675179 0.9009751081
96.9 143.3 2143.1 0 0 0 0 0 0 0 0 0
209.4 201.6 2115.3 0 0 0 0 0 0 0 0 0
58.0 -832.4 2375.1 0 0 0 0 0 0 0 0 0
242.8 -922.9 2387.0 0 0 0 0 0 0 0 0 0
188.7 450.4 2254.0 8 0.9322149158 0.1200678945 0.3414074481 -0.1999526173 0.9571798444 0.2093458921 -0.3016525805 -0.2634206712 0.9163052440
164.3 255.9 2307.5 0.9322149158 0.1200678945 0.3414074481 -0.1999526173 0.9571798444 0.2093458921 -0.3016525805 -0.2634206712 0.9163052440
139.5 64.3 2353.9 0.9329367876 0.1250289679 0.3376339674 -0.1942933202 0.9643316269 0.1797627211 -0.3031155765 -0.2333072871 0.9239527583
28.4 284.2 2351.7 0.3234727383 -0.8290861845 -0.4560498595 0.9454100728 0.3033274412 0.1191312373 0.0395623818 -0.4696898460 0.8819445968
-40.6 82.4 2343.3 -0.5477439165 -0.8290861845 -0.1122171506 -0.2720330358 0.3033274412 -0.9132307768 0.7911855578 -0.4696898460 -0.3916845918
300.1 227.5 2263.4 0.2459711283 0.8503256440 0.4652359188 -0.9382950664 0.0885025561 0.3343196511 0.2431060225 -0.5187615752 0.8196254969
342.3 66.6 2305.1 -0.4652784467 0.8503256440 -0.2458906472 0.5870222449 0.0885025561 -0.8047187328 -0.6625110507 -0.5187615752 -0.5403383970
30.5 -112.1 2422.5 0.9949913025 -0.0983828455 -0.0176960211 0.0970419124 0.9931463599 -0.0651393905 0.0239833370 0.0630958676 0.9977192283
69.6 -506.6 2397.4 0.9992622137 0.0340452716 -0.0177755989 -0.0351232141 0.9973099828 -0.0643359870 0.0155374464 0.0649128556 0.9977699518
202.7 -145.6 2372.2 0.8891732097 -0.0302205738 0.4565716684 0.0318307318 0.9994845986 0.0041657500 -0.4564622343 0.0108289374 0.8896768689
214.7 -542.7 2367.9 0.8879426718 -0.0786339939 0.4531826079 0.0491147079 0.9958543181 0.0765628591 -0.4573243260 -0.0457254946 0.8881236911
101.6 153.1 2137.8 0 0 0 0 0 0 0 0 0
216.0 225.9 2125.2 0 0 0 0 0 0 0 0 0
58.4 -832.8 2376.2 0 0 0 0 0 0 0 0 0
244.7 -923.0 2385.4 0 0 0 0 0 0 0 0 0
190.7 456.6 2254.4 9 0.8783867359 0.1359386593 0.4582111239 -0.2389547676 0.9551867843 0.1746964902 -0.4139291942 -0.2629428208 0.8715065718
163.1 262.5 2307.8 0.8783867359 0.1359386593 0.4582111239 -0.2389547676 0.9551867843 0.1746964902 -0.4139291942 -0.2629428208 0.8715065718
135.9 71.7 2356.3 0.8794616461 0.1377180666 0.4556104541 -0.2314310372 0.9601818919 0.1564940661 -0.4159168601 -0.2430729270 0.8763154149
35.9 296.0 2368.0 0.3326159120 -0.8216763139 -0.4628332853 0.9357781410 0.3484457731 0.0538964197 0.1169868857 -0.4510360658 0.8848053813
-39.5 83.9 2341.5 -0.5518466830 -0.8216763139 -0.1425245553 -0.2884897292 0.3484457731 -0.8918291330 0.7824569941 -0.4510360658 -0.4293338358
290.2 229.0 2247.6 0.3596704900 0.7675760984 0.5305318832 -0.8877004385 0.1063270718 0.4479759634 0.2874457240 -0.6320771575 0.7196203470
354.3 70.8 2298.8 -0.4772691429 0.8023873568 -0.3583136797 0.6626269221 0.0607910492 -0.7464783788 -0.5771825314 -0.5936993957 -0.5606971979
29.4 -109.6 2428.1 0.9898397923 -0.1003870443 0.1006957665 0.1069163010 0.9923532009 -0.0616769157 -0.0937342048 0.0718162805 0.9930036664
69.3 -503.8 2399.5 0.9941958189 0.0338402726 0.1021249518 -0.0261313748 0.9967728853 -0.0759007782 -0.1043638885 0.0727915764 0.9918717742
200.0 -145.2 2372.6 0.8270649910 -0.0304882787 0.5612788796 0.0197841562 0.9994881749 0.0251388252 -0.5617580414 -0.0096870130 0.8272448778
212.1 -542.2 2376.4 0.8211662769 -0.1062162220 0.5607174635 0.1004699394 0.9940878749 0.0411717743 -0.5617755651 0.0225263778 0.8269829750
104.8 159.3 2136.8 0 0 0 0 0 0 0 0 0
223.0 253.1 2140.1 0 0 0 0 0 0 0 0 0
58.2 -831.3 2375.6 0 0 0 0 0 0 0 0 0
248.0 -878.0 2368.8 0 0 0 0 0 0 0 0 0
191.2 457.4 2255.1 0 0.9390707016 0.1870602369 0.2883655429 -0.2670097649 0.9253054261 0.2692874074 -0.2164532244 -0.3298763335 0.9188740849
148.6 246.8 2330.2 0.9390707016 0.1870602369 0.2883655429 -0.2670097649 0.9253054261 0.2692874074 -0.2164532244 -0.3298763335 0.9188740849
142.5 52.9 2365.4 0.9608457088 0.0380936563 0.2744529545 -0.0822544545 0.9850684404 0.1512425989 -0.2645935416 -0.1678957790 0.9496321678
12.4 258.8 2367.1 0.2912614644 -0.8220325112 -0.4893151522 0.9472885728 0.3191866577 0.0276444592 0.1334582269 -0.4715744257 0.8716687560
-40.2 87.4 2343.0 -0.5583946705 -0.8220325112 -0.1116151288 -0.2895115912 0.3191866577 -0.9023873210 0.7774177790 -0.4715744257 -0.4162200689
284.7 234.7 2293.2 0.4527085125 0.8681786656 0.2032750994 -0.8913385868 0.4467362165 0.0770861879 -0.0238857623 -0.2160845250 0.9760824442
364.5 77.6 2289.0 -0.4921224713 0.8681786656 0.0638844296 0.7189944983 0.4467362165 -0.5324224830 -0.4907773435 -0.2160845250 -0.8440645933
40.8 -120.0 2428.7 0.9947941303 -0.0785248056 -0.0649496615 0.0724127293 0.9931563139 -0.0916347504 0.0717007667 0.0864545330 0.9936723113
70.0 -490.1 2396.5 0.9971776605 0.0334044248 -0.0672370419 -0.0376113653 0.9973480701 -0.0623075739 0.0649773851 0.0646606013 0.9957895875
204.7 -144.6 2372.4 0.9128075838 -0.0202466995 0.4078877270 0.0203175191 0.9997849464 0.0041588852 -0.4078842103 0.0044910051 0.9130226374
212.6 -536.5 2370.7 0.9085783958 -0.0987447500 0.4058753252 0.0788345337 0.9947315454 0.0655303895 -0.4102077782 -0.0275425017 0.9115760922
105.5 163.0 2140.0 0 0 0 0 0 0 0 0 0
226.7 279.1 2151.5 0 0 0 0 0 0 0 0 0
58.6 -830.2 2374.4 0 0 0 0 0 0 0 0 0
248.1 -894.2 2380.6 0 0 0 0 0 0 0 0 0
191.3 454.1 2255.4 1 0.9710856080 0.2088838816 0.1155865043 -0.2354454398 0.9180355072 0.3190239370 -0.0394735485 -0.3370139003 0.9406718016
141.2 233.9 2336.2 0.9710856080 0.2088838816 0.1155865043 -0.2354454398 0.9180355072 0.3190239370 -0.0394735485 -0.3370139003 0.9406718016
147.5 38.2 2360.0 0.9951754808 -0.0230827108 0.0953566581 0.0124263801 0.9937572479 0.1108698845 -0.0973205492 -0.1091500595 0.9892497063
0.7 232.7 2349.0 0.2609974444 -0.8240931630 -0.5027432442 0.9641318917 0.2485719770 0.0930683762 0.0482708663 -0.5090013742 0.8594111204
-40.3 81.5 2341.5 -0.5658670068 -0.8240931630 -0.0257871002 -0.3203479350 0.2485719770 -0.9141056538 0.7597181797 -0.5090013742 -0.4046552181
281.8 235.1 2323.4 0.5345569253 0.8261805773 0.1779735088 -0.8044611216 0.5619627237 -0.1924582571 -0.2590197623 -0.0402928814 0.9650312066
377.6 90.8 2277.0 -0.5232267380 0.8261805773 0.2089484483 0.7387745380 0.5619627237 -0.3720350266 -0.4247893691 -0.0402928814 -0.9043951035
56.8 -144.4 2416.9 0.9721421599 -0.0332321450 -0.2320243418 0.0148347504 0.9966369271 -0.0805902332 0.2339222133 0.0749031380 0.9693657160
69.6 -527.8 2388.1 0.9715858698 0.0393610559 -0.2333915383 -0.0478575192 0.9983776212 -0.0308515579 0.2317985296 0.0411444791 0.9718933105
229.9 -150.8 2380.1 0.9684377909 0.0428774357 0.2455396950 -0.0402727462 0.9990665913 -0.0156217758 -0.2459803373 0.0052401605 0.9692606330
213.0 -544.3 2378.0 0.9627677202 -0.1119304001 0.2460688949 0.1161919087 0.9932227731 -0.0028203146 -0.2440855503 0.0313065238 0.9692482352
106.4 164.6 2144.5 0 0 0 0 0 0 0 0 0
231.6 297.0 2158.4 0 0 0 0 0 0 0 0 0
57.6 -833.5 2375.5 0 0 0 0 0 0 0 0 0
248.5 -859.5 2368.1 0 0 0 0 0 0 0 0 0
190.8 454.4 2249.1 2 0.9735851288 0.2258637547 0.0334293358 -0.2222407162 0.9038605094 0.3655752242 0.0523547307 -0.3633479476 0.9301813245
133.7 226.1 2340.9 0.9735851288 0.2258637547 0.0334293358 -0.2222407162 0.9038605094 0.3655752242 0.0523547307 -0.3633479476 0.9301813245
147.1 29.5 2357.9 0.9980276823 -0.0621599294 0.0087664779 0.0612698086 0.9949494004 0.0795093030 -0.0136644943 -0.0788153633 0.9967955947
-9.0 217.6 2342.0 0.2137894034 -0.8241313100 -0.5245013833 0.9766790271 0.1694397926 0.1318642646 -0.0198020674 -0.5404607058 0.8411362171
-39.4 78.9 2344.9 -0.5637700558 -0.8241313100 0.0545062348 -0.3372229636 0.1694397926 -0.9260511994 0.7539522648 -0.5404607058 -0.3734410703
276.4 234.5 2339.7 0.5780038834 0.7883012891 0.2109326869 -0.7024424076 0.6121911407 -0.3630380630 -0.4153144956 0.0616693422 0.9075851440
386.1 101.2 2260.9 -0.5546793938 0.7883012891 0.2662928104 0.7504479885 0.6121911407 -0.2490980625 -0.3593864143 0.0616693422 -0.9311488867
68.5 -163.6 2388.2 0.9498532414 -0.0044823010 -0.3126638532 0.0090496317 0.9998724461 0.0131581984 0.3125649989 -0.0153278504 0.9497727156
70.2 -553.0 2394.2 0.9489061236 0.0475434214 -0.3119564354 -0.0635312796 0.9971256256 -0.0412828699 0.3090970218 0.0589925572 0.9491990805
246.0 -157.8 2377.0 0.9819557667 0.0872933939 0.1677578837 -0.0891170353 0.9960154891 0.0033585390 -0.1667962670 -0.0182480216 0.9858224988
211.5 -551.4 2384.2 0.9783194065 -0.1286732703 0.1622785479 0.1392897964 0.9886788726 -0.0557890497 -0.1532628089 0.0771832541 0.9851666093
106.9 166.3 2149.3 0 0 0 0 0 0 0 0 0
233.5 307.6 2162.0 0 0 0 0 0 0 0 0 0
57.0 -831.4 2377.7 0 0 0 0 0 0 0 0 0
249.3 -841.9 2361.6 0 0 0 0 0 0 0 0 0
189.2 449.8 2243.9 3 0.9763870835 0.2150813043 -0.0202061869 -0.1888067871 0.8950647116 0.4039939642 0.1049773917 -0.3906394243 0.9145384431
134.5 222.1 2343.3 0.9763870835 0.2150813043 -0.0202061869 -0.1888067871 0.8950647116 0.4039939642 0.1049773917 -0.3906394243 0.9145384431
148.2 24.9 2356.7 0.9967347980 -0.0653893203 -0.0473705679 0.0682211816 0.9958122373 0.0608593374 0.0431926399 -0.0638922974 0.9970216751
-9.3 212.5 2336.6 0.2124479115 -0.8227904439 -0.5271449089 0.9743950367 0.1377314031 0.1777198166 -0.0736217573 -0.5514036417 0.8309836984
-38.6 77.9 2346.7 -0.5617579222 -0.8227904439 0.0862782598 -0.3443633914 0.1377314031 -0.9286785722 0.7522246242 -0.5514036417 -0.3607106209
278.4 231.8 2350.0 0.6134677529 0.7479847074 0.2533301711 -0.5913789868 0.6477133036 -0.4803522825 -0.5233815312 0.1448664963 0.8396936655
397.2 117.3 2248.7 -0.5885292888 0.7479847074 0.3068421483 0.7481669188 0.6477133036 -0.1439225823 -0.3063976467 0.1448664963 -0.9408156872
72.5 -175.0 2373.9 0.9308058023 0.0021234448 -0.3655079305 0.0246122740 0.9973493814 0.0684720129 0.3646845222 -0.0727301314 0.9282863140
71.6 -566.7 2402.5 0.9302997589 0.0577756576 -0.3622214198 -0.0895375833 0.9934131503 -0.0715078935 0.3557040989 0.0989562050 0.9293450713
252.2 -162.3 2374.8 0.9881276488 0.1011086702 0.1156754345 -0.1040934548 0.9943655133 0.0200443473 -0.1129970104 -0.0318474285 0.9930847883
212.1 -556.3 2387.4 0.9852349162 -0.1351104826 0.1051536351 0.1436162591 0.9865549207 -0.0779987499 -0.0932013914 0.0919488594 0.9913924336
106.9 167.2 2151.8 0 0 0 0 0 0 0 0 0
236.3 321.8 2164.9 0 0 0 0 0 0 0 0 0
56.2 -832.4 2376.0 0 0 0 0 0 0 0 0 0
250.3 -835.1 2361.5 0 0 0 0 0 0 0 0 0
187.8 444.9 2243.3 4 0.9755154252 0.2162066996 -0.0403034985 -0.1802625358 0.8910081387 0.4166651964 0.1259965450 -0.3991980851 0.9081661701
132.8 218.3 2344.9 0.9755154252 0.2162066996 -0.0403034985 -0.1802625358 0.8910081387 0.4166651964 0.1259965450 -0.3991980851 0.9081661701
147.1 20.7 2356.5 0.9951579571 -0.0705091283 -0.0684773475 0.0741255730 0.9959032536 0.0517890789 0.0645452142 -0.0566142350 0.9963075519
-11.7 207.7 2335.3 0.1840272844 -0.8232136965 -0.5370783806 0.9812527895 0.1220421121 0.1491599083 -0.0572442897 -0.5544591546 0.8302397728
-36.0 77.8 2342.8 -0.5563704967 -0.8232136965 0.1130095050 -0.3678212762 0.1220421121 -0.9218531251 0.7450901866 -0.5544591546 -0.3706961274
277.2 229.0 2354.5 0.6545926332 0.7060121894 0.2702873349 -0.5038199425 0.6739733219 -0.5403012633 -0.5636256933 0.2175010741 0.7968810201
408.7 127.8 2241.4 -0.6114285588 0.7060121894 0.3573540151 0.7350521088 0.6739733219 -0.0738806650 -0.2930077314 0.2175010741 -0.9310423136
72.2 -179.8 2365.0 0.9228380322 0.0014441337 -0.3851854801 0.0378198400 0.9948214293 0.0943395942 0.3833270073 -0.1016278192 0.9180044532
71.6 -572.7 2405.1 0.9234299064 0.0588725731 -0.3792244494 -0.0982157290 0.9915083647 -0.0852336735 0.3709863126 0.1159531325 0.9213707447
253.1 -166.6 2374.6 0.9907257557 0.0961989909 0.0959597751 -0.0988537669 0.9948292375 0.0232951697 -0.0932226256 -0.0325651094 0.9951125979
214.9 -561.4 2387.5 0.9915370941 -0.0949990675 0.0884838924 0.0997823253 0.9936863184 -0.0512929261 -0.0830524564 0.0596879683 0.9947560430
108.9 173.6 2148.8 0 0 0 0 0 0 0 0 0
241.8 328.4 2161.4 0 0 0 0 0 0 0 0 0
56.1 -835.1 2374.4 0 0 0 0 0 0 0 0 0
246.5 -891.4 2367.7 0 0 0 0 0 0 0 0 0
187.5 442.6 2241.1 5 0.9752557278 0.2167671621 -0.0434546657 -0.1785656661 0.8882344365 0.4232658148 0.1303480566 -0.4050328732 0.9049628377
131.2 212.1 2346.1 0.9752557278 0.2167671621 -0.0434546657 -0.1785656661 0.8882344365 0.4232658148 0.1303480566 -0.4050328732 0.9049628377
150.6 14.8 2356.7 0.9930373430 -0.0964834392 -0.0675852001 0.0996823832 0.9939706326 0.0456700809 0.0627713054 -0.0520891510 0.9966676831
-13.3 197.7 2336.8 0.1492190063 -0.8304346204 -0.5367606878 0.9875865579 0.0982347280 0.1225670353 -0.0490553677 -0.5483869910 0.8347845674
-31.5 77.7 2342.8 -0.5408494473 -0.8304346204 0.1336420774 -0.3782761693 0.0982347280 -0.9204657078 0.7512582541 -0.5483869910 -0.3672638535
275.8 226.6 2355.4 0.6688621640 0.6683629155 0.3254449368 -0.3967077434 0.6911543608 -0.6040932536 -0.6286861897 0.2749485970 0.7274317741
411.8 145.9 2227.6 -0.6370651126 0.6683629155 0.3839779496 0.7226961255 0.6911543608 -0.0040039425 -0.2680641115 0.2749485970 -0.9233335853
71.1 -184.2 2361.6 0.9225999117 0.0007230064 -0.3857575059 0.0429732464 0.9935813546 0.1046395153 0.3833571076 -0.1131176651 0.9166470170
70.8 -577.8 2406.4 0.9235095382 0.0621437728 -0.3785079718 -0.1039107218 0.9904221892 -0.0909200609 0.3692325950 0.1232965812 0.9211217165
252.6 -170.3 2374.3 0.9901454449 0.0987225994 0.0993267521 -0.1033528522 0.9937323928 0.0425918624 -0.0944994316 -0.0524378419 0.9941428900
213.4 -564.9 2395.1 0.9895097017 -0.1171506941 0.0845356733 0.1251764894 0.9873934388 -0.0968765020 -0.0721208230 0.1064421162 0.9916998744
110.4 176.9 2145.8 0 0 0 0 0 0 0 0 0
238.1 343.0 2154.5 0 0 0 0 0 0 0 0 0
54.5 -838.2 2374.0 0 0 0 0 0 0 0 0 0
249.1 -865.6 2362.7 0 0 0 0 0 0 0 0 0
187.4 436.5 2240.4 6 0.9757307768 0.2103847712 -0.0607268140 -0.1622161120 0.8807567358 0.4449197054 0.1470898837 -0.4242709577 0.8935092092
134.9 216.8 2346.2 0.9757307768 0.2103847712 -0.0607268140 -0.1622161120 0.8807567358 0.4449197054 0.1470898837 -0.4242709577 0.8935092092
152.3 19.2 2357.0 0.9924262166 -0.0867222846 -0.0870027617 0.0909952968 0.9947695136 0.0464057587 0.0825232789 -0.0539711341 0.9951266646
-9.7 203.5 2334.1 0.1579928100 -0.8336880207 -0.5291526318 0.9852127433 0.0971165821 0.1411532164 -0.0662882477 -0.5436291099 0.8367038369
-29.9 77.8 2342.6 -0.5354861021 -0.8336880207 0.1349772811 -0.3827766180 0.0971165821 -0.9187221527 0.7528191805 -0.5436291099 -0.3711208701
279.6 230.0 2358.4 0.6439180374 0.6625818610 0.3825634420 -0.3376994729 0.6948118210 -0.6349768639 -0.6865337491 0.2796815932 0.6711554527
414.3 159.4 2214.8 -0.6562114954 0.6625818610 0.3610702753 0.7185297608 0.6948118210 0.0308465268 -0.2304375470 0.2796815932 -0.9320282936
79.3 -191.9 2361.1 0.9150651097 0.0184250716 -0.4028850496 0.0307077002 0.9928730726 0.1151527017 0.4021354020 -0.1177438945 0.9079777002
72.0 -585.8 2407.9 0.9147645235 0.0708913505 -0.3977189064 -0.1186217144 0.9882208109 -0.0966879427 0.3861797750 0.1356247962 0.9123985171
260.9 -173.4 2373.1 0.9898208976 0.1181719899 0.0793091133 -0.1213681698 0.9919269681 0.0367520824 -0.0743257776 -0.0460035801 0.9961723685
214.0 -567.4 2391.4 0.9923477769 -0.1018142998 0.0698552057 0.1048131213 0.9936591983 -0.0406891704 -0.0652695224 0.0476995483 0.9967269897
111.3 178.7 2144.1 0 0 0 0 0 0 0 0 0
235.6 355.1 2152.0 0 0 0 0 0 0 0 0 0
53.8 -839.6 2373.0 0 0 0 0 0 0 0 0 0
248.9 -908.1 2375.0 0 0 0 0 0 0 0 0 0
187.4 430.0 2234.1 7 0.9731137156 0.2204953134 -0.0665700138 -0.1645699143 0.8678353429 0.4688054323 0.1611412019 -0.4452455640 0.8807893395
132.1 212.3 2345.8 0.9731137156 0.2204953134 -0.0665700138 -0.1645699143 0.8678353429 0.4688054323 0.1611412019 -0.4452455640 0.8807893395
152.0 14.9 2356.3 0.9905496836 -0.0996982381 -0.0941893980 0.1041153148 0.9936267734 0.0431954302 0.0892826021 -0.0525937751 0.9946167469
-12.4 197.1 2332.7 0.1103728339 -0.8288820386 -0.5484271646 0.9886206388 0.0348139033 0.1463462263 -0.1022108644 -0.5583390594 0.8232924342
-26.8 68.8 2346.0 -0.5200896263 -0.8288820386 0.2060613483 -0.4155879617 0.0348139033 -0.9088864923 0.7461858988 -0.5583390594 -0.3625797629
276.7 227.5 2358.8 0.6520105600 0.6225035787 0.4328643382 -0.2296615392 0.7062292695 -0.6696982980 -0.7225910425 0.3372380435 0.6034340858
420.1 176.9 2199.9 -0.6959552169 0.6225035787 0.3579603732 0.6966339350 0.7062292695 0.1262591481 -0.1742053330 0.3372380435 -0.9251610637
78.8 -186.8 2360.1 0.9119078517 0.0134577528 -0.4101743400 0.0435192734 0.9906557798 0.1292561740 0.4080810845 -0.1357202083 0.9028010964
73.5 -580.1 2414.0 0.9129171371 0.0758666918 -0.4010318816 -0.1330554932 0.9842143059 -0.1166978255 0.3858478665 0.1598949432 0.9086005688
260.5 -170.1 2375.5 0.9896668196 0.1231403425 0.0734576657 -0.1267364770 0.9908472896 0.0464704968 -0.0670629367 -0.0553000756 0.9962150455
211.6 -563.7 2397.4 0.9913017154 -0.1196113154 0.0549004264 0.1245262995 0.9874498844 -0.0971387923 -0.0425925218 0.1031304002 0.9937555194
111.7 179.4 2147.3 0 0 0 0 0 0 0 0 0
230.9 366.3 2152.5 0 0 0 0 0 0 0 0 0
53.4 -840.4 2371.7 0 0 0 0 0 0 0 0 0
249.4 -875.5 2364.9 0 0 0 0 0 0 0 0 0
187.7 424.0 2237.4 8 0.9697460532 0.2398940623 -0.0452039912 -0.1902689487 0.8587802052 0.4757039547 0.1529388428 -0.4527111053 0.8784431219
129.8 216.5 2346.8 0.9697460532 0.2398940623 -0.0452039912 -0.1902689487 0.8587802052 0.4757039547 0.1529388428 -0.4527111053 0.8784431219
150.3 19.2 2358.1 0.9916942120 -0.1032344922 -0.0767155364 0.1071430668 0.9930501580 0.0487010479 0.0711547434 -0.0565160811 0.9958629012
-15.0 200.9 2336.4 0.0349692665 -0.8299402595 -0.5567551851 0.9905403852 -0.0451837443 0.1295691133 -0.1326909065 -0.5560194254 0.8205093145
-19.9 63.5 2354.8 -0.4862773418 -0.8299402595 0.2733743191 -0.4298408926 -0.0451837443 -0.9017733932 0.7607700825 -0.5560194254 -0.3347704113
274.5 232.1 2357.2 0.6670239568 0.5859206319 0.4601912796 -0.1902540028 0.7311527133 -0.6551482081 -0.7203349471 0.3494462967 0.5991700888
425.0 189.2 2194.8 -0.7231067419 0.5859206319 0.3658054173 0.6663749814 0.7311527133 0.1461509466 -0.1818267554 0.3494462967 -0.9191443324
81.1 -192.1 2358.5 0.9185533524 0.0240292605 -0.3945659697 0.0296421926 0.9911533594 0.1293690354 0.3941840231 -0.1305281669 0.9097149968
71.6 -585.8 2410.3 0.9184583426 0.0705768391 -0.3891698122 -0.1212029606 0.9868352413 -0.1070796177 0.3764891624 0.1455167085 0.9149212241
262.6 -172.9 2375.0 0.9888792634 0.1196513474 0.0883255526 -0.1227803454 0.9919537306 0.0308668576 -0.0839216039 -0.0413682349 0.9956132770
215.1 -567.1 2391.4 0.9913786054 -0.1034211963 0.0804516599 0.1063467413 0.9937826991 -0.0329600796 -0.0765426978 0.0412316881 0.9962134361
111.5 179.7 2149.3 0 0 0 0 0 0 0 0 0
230.5 368.4 2145.9 0 0 0 0 0 0 0 0 0
53.2 -842.9 2372.4 0 0 0 0 0 0 0 0 0
251.1 -913.2 2377.1 0 0 0 0 0 0 0 0 0
188.3 421.6 2238.1 9 0.9680789709 0.2483705878 -0.0336914770 -0.2006674707 0.8485565782 0.4895755947 0.1501853019 -0.4671870768 0.8713096976
129.6 221.2 2348.4 0.9680789709 0.2483705878 -0.0336914770 -0.2006674707 0.8485565782 0.4895755947 0.1501853019 -0.4671870768 0.8713096976
151.3 23.9 2356.8 0.9917012453 -0.1090626121 -0.0680733025 0.1116251647 0.9931324720 0.0350385420 0.0637844130 -0.0423464589 0.9970648289
-15.2 204.9 2339.1 0.0135575915 -0.8329426646 -0.5531932116 0.9899391532 -0.0667464361 0.1247613803 -0.1408427507 -0.5493190885 0.8236576319
-17.2 59.8 2359.7 -0.4699658453 -0.8329426646 0.2921277583 -0.4387337863 -0.0667464361 -0.8961347938 0.7659273744 -0.5493190885 -0.3340715468
274.4 237.5 2357.8 0.6826500297 0.5761446953 0.4494955242 -0.1881554425 0.7329632044 -0.6537296772 -0.7061066031 0.3616935313 0.6087620854
433.9 193.5 2192.8 -0.7314725518 0.5761446953 0.3646987379 0.6598309278 0.7329632044 0.1654936224 -0.1719624698 0.3616935313 -0.9163005352
80.0 -187.9 2362.8 0.9219046235 0.0224580579 -0.3867653906 0.0313053876 0.9907354116 0.1321487874 0.3861499727 -0.1339364201 0.9126605392
71.0 -581.6 2416.0 0.9230381250 0.0642512143 -0.3793051541 -0.1218995228 0.9839972854 -0.1299610138 0.3648850918 0.1661960930 0.9160991907
261.8 -168.3 2375.9 0.9861027002 0.1328479201 0.0997643396 -0.1373716444 0.9897155166 0.0399030857 -0.0934372693 -0.0530533306 0.9942106605
209.0 -561.5 2396.9 0.9876208901 -0.1332743168 0.0827216804 0.1400072426 0.9867693782 -0.0817569196 -0.0707311258 0.0923264772 0.9932134151
111.3 179.7 2150.3 0 0 0 0 0 0 0 0 0
238.1 370.2 2146.7 0 0 0 0 0 0 0 0 0
54.1 -840.6 2372.2 0 0 0 0 0 0 0 0 0
251.6 -877.3 2367.4 0 0 0 0 0 0 0 0 0
188.1 419.6 2231.9 0 0.9664514065 0.2546122670 -0.0338270031 -0.2030419558 0.8379937410 0.5064981580 0.1573074758 -0.4826375842 0.8615772128
127.8 221.0 2346.3 0.9664514065 0.2546122670 -0.0338270031 -0.2030419558 0.8379937410 0.5064981580 0.1573074758 -0.4826375842 0.8615772128
151.1 23.9 2354.7 0.9906953573 -0.1171518490 -0.0692685843 0.1197502166 0.9922003746 0.0346171185 0.0646728575 -0.0425899476 0.9969972372
-16.9 203.5 2336.8 0.0005184397 -0.8327252865 -0.5536860824 0.9790974259 -0.1121921539 0.1696500033 -0.2033910900 -0.5422005653 0.8152610660
-17.0 57.9 2367.1 -0.4556764066 -0.8327252865 0.3145275414 -0.4174118340 -0.1121921539 -0.9017651081 0.7862101197 -0.5422005653 -0.2964660823
272.5 238.5 2355.7 0.6881456971 0.5817940235 0.4335564375 -0.1770454645 0.7141150236 -0.6772699952 -0.7036408186 0.3893012702 0.5944191813
436.5 196.3 2188.0 -0.7232794166 0.5817940235 0.3719981909 0.6731792688 0.7141150236 0.1920140237 -0.1539368778 0.3893012702 -0.9081563354
82.0 -183.7 2359.4 0.9211190343 0.0240761824 -0.3885357380 0.0314389244 0.9902243614 0.1358943582 0.3880093992 -0.1373900175 0.9113576412
72.5 -577.2 2414.0 0.9212921858 0.0705900714 -0.3824103773 -0.1225987002 0.9859609604 -0.1133603603 0.3690395951 0.1513210237 0.9170123935
263.9 -163.2 2371.1 0.9848774076 0.1407377273 0.1010415331 -0.1471992731 0.9873099327 0.0595941432 -0.0913721696 -0.0735661611 0.9930957556
208.0 -555.4 2400.3 0.9863694310 -0.1465085745 0.0749039501 0.1544159502 0.9814319015 -0.1137855947 -0.0568425581 0.1238010004 0.9906776547
109.0 173.3 2149.7 0 0 0 0 0 0 0 0 0
243.4 376.1 2146.9 0 0 0 0 0 0 0 0 0
53.3 -845.0 2372.9 0 0 0 0 0 0 0 0 0
252.4 -853.0 2362.8 0 0 0 0 0 0 0 0 0
190.2 420.9 2230.3 1 0.9627031684 0.2694056928 -0.0249644071 -0.2190883458 0.8303723931 0.5123299360 0.1587543488 -0.4877522290 0.8584257960
125.6 221.9 2347.2 0.9627031684 0.2694056928 -0.0249644071 -0.2190883458 0.8303723931 0.5123299360 0.1587543488 -0.4877522290 0.8584257960
149.4 25.0 2358.0 0.9908066392 -0.1195952445 -0.0632390827 0.1226534545 0.9913405180 0.0469053239 0.0570818111 -0.0542306006 0.9968955517
-19.1 204.0 2338.9 -0.0282042567 -0.8370577097 -0.5463871360 0.9758775830 -0.1414384246 0.1663073897 -0.2164890170 -0.5285163522 0.8208550215
-14.9 57.6 2371.4 -0.4392911196 -0.8370577097 0.3261252940 -0.4020719230 -0.1414384246 -0.9046177864 0.8033439517 -0.5285163522 -0.2744247615
270.3 239.9 2355.6 0.6920104623 0.5728587508 0.4392656982 -0.1365631074 0.7013941407 -0.6995689869 -0.7088525891 0.4241215885 0.5636034608
435.4 207.3 2186.5 -0.7157672048 0.5728587508 0.3993872404 0.6802046895 0.7013941407 0.2129973471 -0.1581104696 0.4241215885 -0.8916960955
83.5 -184.2 2357.3 0.9231163859 0.0307503510 -0.3832890987 0.0271812212 0.9890852571 0.1448153704 0.3835587204 -0.1440996975 0.9122049809
71.3 -577.3 2414.5 0.9235825539 0.0665163472 -0.3775855899 -0.1218242422 0.9847104549 -0.1245158687 0.3635301292 0.1609997600 0.9175646901
265.2 -162.3 2369.1 0.9829223752 0.1502944976 0.1061848104 -0.1578494310 0.9852080345 0.0666986257 -0.0945896879 -0.0823207796 0.9921069145
205.5 -553.7 2401.8 0.9841199517 -0.1611206830 0.0744848102 0.1697079986 0.9770467281 -0.1287591457 -0.0520293787 0.1393551230 0.9888746738
107.9 170.0 2146.8 0 0 0 0 0 0 0 0 0
244.5 388.7 2144.3 0 0 0 0 0 0 0 0 0
53.4 -842.0 2371.2 0 0 0 0 0 0 0 0 0
253.2 -842.6 2360.6 0 0 0 0 0 0 0 0 0
190.1 418.6 2222.1 2 0.9624445438 0.2695980668 -0.0318967327 -0.2098944187 0.8134793043 0.5423981547 0.1721768230 -0.5153331757 0.8395158648
124.6 220.9 2347.3 0.9624445438 0.2695980668 -0.0318967327 -0.2098944187 0.8134793043 0.5423981547 0.1721768230 -0.5153331757 0.8395158648
148.9 24.0 2359.2 0.9898504615 -0.1225736663 -0.0719147250 0.1264025420 0.9906496406 0.0513394438 0.0649494305 -0.0599085763 0.9960886240
-20.0 202.4 2337.8 -0.0461460203 -0.8383916616 -0.5431113839 0.9755067825 -0.1548800319 0.1562006921 -0.2150744647 -0.5226008296 0.8250038624
-13.1 56.7 2369.9 -0.4308656752 -0.8383916616 0.3338475823 -0.3989272118 -0.1548800319 -0.9038081765 0.8094515800 -0.5226008296 -0.2677247524
269.2 239.3 2356.8 0.6911918521 0.5565474629 0.4609867334 -0.0916384459 0.7002422810 -0.7079993486 -0.7168376446 0.4471192956 0.5350028872
436.1 217.2 2183.6 -0.7296196818 0.5565474629 0.3973790109 0.6693494916 0.7002422810 0.2482579201 -0.1400942802 0.4471192956 -0.8834353089
82.3 -183.2 2363.5 0.9195687771 0.0243136492 -0.3921761513 0.0270636231 0.9917942882 0.1249464080 0.3919959664 -0.1255105287 0.9113650322
72.6 -577.3 2413.4 0.9191677570 0.0733385086 -0.3869782090 -0.1252261400 0.9859453440 -0.1105903909 0.3734288216 0.1501109004 0.9154330492
264.0 -160.7 2374.0 0.9851453900 0.1426895559 0.0955418274 -0.1486609280 0.9871519208 0.0585751012 -0.0859562457 -0.0719083250 0.9937005043
207.3 -553.0 2402.6 0.9850876331 -0.1592902690 0.0650302768 0.1670686305 0.9759110808 -0.1403054893 -0.0411144681 0.1490777284 0.9879703522
107.1 168.0 2144.1 0 0 0 0 0 0 0 0 0
241.7 395.6 2146.3 0 0 0 0 0 0 0 0 0
52.8 -844.5 2372.7 0 0 0 0 0 0 0 0 0
253.5 -835.8 2359.4 0 0 0 0 0 0 0 0 0
191.1 417.6 2230.9 3 0.9614650011 0.2716656923 -0.0422232933 -0.2125508189 0.8319157958 0.5125799775 0.1743766367 -0.4838531315 0.8576006889
125.5 216.8 2347.7 0.9614650011 0.2716656923 -0.0422232933 -0.2125508189 0.8319157958 0.5125799775 0.1743766367 -0.4838531315 0.8576006889
151.0 20.3 2361.2 0.9886600375 -0.1283496320 -0.0779594630 0.1330515444 0.9893850088 0.0584348030 0.0696318373 -0.0681447834 0.9952425361
-18.9 197.4 2337.5 -0.0391965136 -0.8377891779 -0.5445851088 0.9683026075 -0.1663943529 0.1862873137 -0.2466853857 -0.5200213790 0.8177555203
-13.2 56.1 2373.5 -0.4265604615 -0.8377891779 0.3408159316 -0.3950483501 -0.1663943529 -0.9034653902 0.8136233687 -0.5200213790 -0.2599899769
269.9 236.3 2357.8 0.6871150136 0.5587045550 0.4644590318 -0.0584735237 0.6797186136 -0.7311384678 -0.7241918445 0.4752176404 0.4997143149
436.0 222.2 2182.9 -0.7229623199 0.5587045550 0.4064169526 0.6799310446 0.6797186136 0.2750933766 -0.1225532591 0.4752176404 -0.8712915182
82.5 -184.4 2365.2 0.9168569446 0.0251111072 -0.3984253705 0.0241840333 0.9926931858 0.1182176843 0.3984827101 -0.1180242375 0.9095503092
72.5 -578.9 2412.1 0.9164890051 0.0703462288 -0.3938265443 -0.1224167198 0.9865117669 -0.1086676195 0.3808701634 0.1478036344 0.9127387404
264.0 -161.2 2377.1 0.9860364199 0.1419105381 0.0871414691 -0.1466236413 0.9879140258 0.0502726398 -0.0789540634 -0.0623476543 0.9949266315
207.7 -553.8 2401.8 0.9858531952 -0.1567107141 0.0594582409 0.1634084135 0.9775673151 -0.1328903735 -0.0372990891 0.1407263726 0.9893456697
106.4 166.9 2145.3 0 0 0 0 0 0 0 0 0
243.3 403.3 2150.2 0 0 0 0 0 0 0 0 0
53.6 -844.4 2372.3 0 0 0 0 0 0 0 0 0
252.5 -833.4 2361.6 0 0 0 0 0 0 0 0 0
189.4 421.5 2228.8 4 0.9640164971 0.2580886483 -0.0637369081 -0.1927099675 0.8435917497 0.5012143254 0.1831256598 -0.4708961546 0.8629726768
125.9 214.1 2344.6 0.9640164971 0.2580886483 -0.0637369081 -0.1927099675 0.8435917497 0.5012143254 0.1831256598 -0.4708961546 0.8629726768
150.0 17.6 2360.5 0.9879838824 -0.1210972816 -0.0960380062 0.1279767454 0.9893725514 0.0690209344 0.0866591185 -0.0804821998 0.9929817915
-18.4 195.4 2331.9 -0.0447628684 -0.8322728872 -0.5525559783 0.9602364302 -0.1884224117 0.2060169876 -0.2755762935 -0.5213624835 0.8076130748
-11.9 55.8 2372.0 -0.4218477011 -0.8322728872 0.3596753478 -0.3949200511 -0.1884224117 -0.8991858363 0.8161388636 -0.5213624835 -0.2491956949
270.2 232.9 2357.2 0.6961062551 0.5314341784 0.4827150106 -0.0203683432 0.6867102981 -0.7266457677 -0.7176497579 0.4959905744 0.4888477921
438.2 227.9 2184.0 -0.7355166674 0.5314341784 0.4202296138 0.6645278335 0.6867102981 0.2946721613 -0.1319771409 0.4959905744 -0.8582397103
85.8 -188.5 2368.4 0.9093038440 0.0313940570 -0.4149468839 0.0186095089 0.9930847883 0.1159152165 0.4157164991 -0.1131241098 0.9024315476
