17.9 500.4 2058.7 7 0.9975675941 0.0696895719 0.0015186510 -0.0696697086 0.9961056709 0.0540332533 0.0022528176 -0.0540076271 0.9985379577
0.4 250.6 2072.2 0.9975675941 0.0696895719 0.0015186510 -0.0696697086 0.9961056709 0.0540332533 0.0022528176 -0.0540076271 0.9985379577
11.5 58.3 2095.6 0.9983472824 -0.0574371815 0.0019306993 0.0567832775 0.9910440445 0.1208611503 -0.0088553317 -0.1205517650 0.9926675558
-135.9 242.8 2073.4 0.4304687381 -0.8889851570 -0.1562116444 0.5891695619 0.4078577757 -0.6975179315 0.6837952137 0.2082245052 0.6993330121
-198.9 156.7 1973.5 -0.4349427819 -0.8889851570 -0.1432835311 -0.8942854404 0.4078577757 0.1841348559 -0.1052538455 0.2082245052 -0.9724012613
136.8 258.4 2071.0 0.4434968829 0.2198656946 0.8688898683 0.7569912076 0.4271571338 -0.4944705367 -0.4798696041 0.8770381212 0.0230064578
253.0 456.7 1945.3 -0.9012380242 0.2198656946 0.3734020889 0.4330643713 0.4271571338 0.7937203646 0.0150105199 0.8770381212 -0.4801862240
-63.4 -138.7 2116.9 0.9652168751 -0.0043094726 -0.2614150643 -0.0196381342 0.9958446026 -0.0889261067 0.2607119977 0.0909666792 0.9611213803
-61.7 -525.3 2081.6 0.9660634398 0.0676236004 -0.2492959797 -0.0083892271 0.9728277922 0.2313779294 0.2581686676 -0.2214343697 0.9403806329
115.3 -126.9 2114.7 0.7316134572 0.0763576478 0.6774298549 0.0004748794 0.9936500192 -0.1125138029 -0.6817194819 0.0826383159 0.7269315124
85.7 -512.4 2082.7 0.7343976498 -0.1351769567 0.6651219726 -0.0186087769 0.9755873680 0.2188217789 -0.6784642935 -0.1730793118 0.7139536142
-81.0 398.9 2002.0 0 0 0 0 0 0 0 0 0
24.2 566.6 1949.1 0 0 0 0 0 0 0 0 0
-86.9 -888.3 2164.2 0 0 0 0 0 0 0 0 0
136.1 -876.3 2147.2 0 0 0 0 0 0 0 0 0
22.2 499.7 2061.8 8 0.9969559312 0.0715155229 -0.0310550220 -0.0703168586 0.9967963099 0.0381129980 0.0336812027 -0.0358132869 0.9987907410
4.3 250.8 2070.8 0.9969559312 0.0715155229 -0.0310550220 -0.0703168586 0.9967963099 0.0381129980 0.0336812027 -0.0358132869 0.9987907410
15.0 58.8 2096.3 0.9980137348 -0.0552305505 -0.0303022135 0.0587204471 0.9897806048 0.1299469769 0.0228155013 -0.1314682215 0.9910578132
-132.0 242.8 2067.7 0.3023918569 -0.9237064719 -0.2352137715 0.6495795250 0.3802941740 -0.6583485603 0.6975712180 0.0462892018 0.7150186300
-183.7 131.7 1948.4 -0.3830953240 -0.9237064719 -0.0020822019 -0.9175820947 0.3802941740 0.1158422232 -0.1062123626 0.0462892018 -0.9932654500
140.6 258.9 2073.9 0.4301588833 0.2293234169 0.8731403947 0.7553823590 0.4381832182 -0.4872299135 -0.4943286777 0.8691411018 0.0152615327
253.0 456.4 1944.6 -0.9006794691 0.2293234169 0.3690355718 0.4340771437 0.4381832182 0.7871292830 0.0188019872 0.8691411018 -0.4942066967
-66.8 -139.1 2119.8 0.9563620090 -0.0090592969 -0.2920439839 -0.0181132611 0.9957585335 -0.0902045891 0.2916224599 0.0915581062 0.9521415234
-63.2 -525.7 2084.3 0.9573258162 0.0618149675 -0.2823229134 -0.0043365150 0.9798212647 0.1998285055 0.2889783978 -0.1900766790 0.9382762909
112.1 -128.9 2118.2 0.7545196414 0.0670020878 0.6528481841 0.0142657319 0.9928652048 -0.1183855832 -0.6561223865 0.0986376107 0.7481805086
86.1 -514.2 2080.0 0.7605738640 -0.1274687201 0.6366153359 -0.0268258005 0.9735303521 0.2269779742 -0.6486969590 -0.1897112429 0.7370222807
-80.6 378.6 1976.9 0 0 0 0 0 0 0 0 0
24.4 566.6 1949.4 0 0 0 0 0 0 0 0 0
-86.3 -891.2 2155.2 0 0 0 0 0 0 0 0 0
133.6 -877.4 2150.7 0 0 0 0 0 0 0 0 0
18.5 497.5 2063.4 9 0.9964558482 0.0585421510 -0.0604034178 -0.0574808791 0.9981626868 0.0191617422 0.0614142083 -0.0156217888 0.9979901314
3.8 247.3 2067.3 0.9964558482 0.0585421510 -0.0604034178 -0.0574808791 0.9981626868 0.0191617422 0.0614142083 -0.0156217888 0.9979901314
15.1 56.0 2097.4 0.9964377880 -0.0588285401 -0.0604225323 0.0674131513 0.9861411452 0.1515953094 0.0506670140 -0.1551285833 0.9865941405
-132.3 238.0 2060.4 0.2425310910 -0.9295183420 -0.2778027654 0.6753816605 0.3673382699 -0.6394702792 0.6964468956 -0.0325314552 0.7168705463
-175.3 118.1 1936.7 -0.3622628450 -0.9295183420 0.0690024272 -0.9260479808 0.3673382699 0.0865893587 -0.1058336273 -0.0325314552 -0.9938516021
139.8 256.6 2074.2 0.4293633103 0.2199332863 0.8759431839 0.7576237321 0.4402087629 -0.4818947017 -0.4915825427 0.8705433011 0.0223828163
253.1 456.4 1944.6 -0.9030686617 0.2199332863 0.3689123988 0.4293543398 0.4402087629 0.7885880470 0.0110382857 0.8705433011 -0.4919680357
-63.7 -138.6 2119.7 0.9477252960 -0.0068609850 -0.3190135956 -0.0224863905 0.9958471656 -0.0882201046 0.3182940781 0.0907818899 0.9436352849
-61.1 -525.2 2084.5 0.9488524795 0.0751574859 -0.3066436648 -0.0090044597 0.9772995710 0.2116706967 0.3155913651 -0.1980831027 0.9279898405
115.0 -128.1 2123.8 0.7739658952 0.0766883343 0.6285663843 0.0149306068 0.9901533723 -0.1391881555 -0.6330512762 0.1171117648 0.7651999593
85.2 -512.3 2078.4 0.7780907154 -0.1331624091 0.6138750911 -0.0129097262 0.9736752510 0.2275737971 -0.6280192733 -0.1849980205 0.7558885813
-78.1 366.7 1965.1 0 0 0 0 0 0 0 0 0
23.8 565.4 1947.4 0 0 0 0 0 0 0 0 0
-89.1 -889.9 2158.4 0 0 0 0 0 0 0 0 0
134.9 -875.7 2147.4 0 0 0 0 0 0 0 0 0
17.8 496.2 2065.2 0 0.9901875257 0.0577213131 -0.1272673011 -0.0599753112 0.9981024265 -0.0139471935 0.1262207478 0.0214432329 0.9917703867
2.7 234.7 2059.6 0.9901875257 0.0577213131 -0.1272673011 -0.0599753112 0.9981024265 -0.0139471935 0.1262207478 0.0214432329 0.9917703867
17.9 46.7 2103.1 0.9882009625 -0.0810643658 -0.1299516559 0.1076173037 0.9712135792 0.2125152349 0.1089833900 -0.2239928097 0.9684780836
-131.9 219.8 2044.9 0.2407104671 -0.9340569377 -0.2638107836 0.6669780016 0.3566451967 -0.6541746855 0.7051232457 -0.0184892844 0.7088436484
-171.1 111.1 1930.0 -0.3526713848 -0.9340569377 0.0562187321 -0.9293237925 0.3566451967 0.0957155079 -0.1094538718 -0.0184892844 -0.9938198924
137.3 249.7 2074.2 0.4277219772 0.2319069207 0.8736550212 0.7626715302 0.4261861742 -0.4865157008 -0.4851660430 0.8744052649 0.0054203919
251.9 454.0 1944.3 -0.8961528540 0.2319069207 0.3783243299 0.4432170987 0.4261861742 0.7886215448 0.0216501970 0.8744052649 -0.4847130477
-62.8 -141.5 2123.0 0.9267291427 -0.0014629245 -0.3757272661 -0.0379405282 0.9945167303 -0.0974523276 0.3738096356 0.1045671999 0.9215921164
-62.2 -527.5 2082.4 0.9319933653 0.0543657131 -0.3583751321 0.0235832967 0.9774988890 0.2096180618 0.3617073298 -0.2038142979 0.9097403884
115.6 -129.3 2132.1 0.8134786487 0.0795686468 0.5761261582 0.0130192777 0.9878575802 -0.1548157334 -0.5814490318 0.1334400475 0.8025650978
84.8 -512.7 2080.3 0.8136855364 -0.1382992715 0.5646141768 0.0115671158 0.9749465585 0.2221382558 -0.5811902285 -0.1742197275 0.7948996425
-76.5 360.4 1959.4 0 0 0 0 0 0 0 0 0
24.5 566.4 1949.8 0 0 0 0 0 0 0 0 0
-82.5 -892.3 2158.5 0 0 0 0 0 0 0 0 0
136.4 -876.6 2145.3 0 0 0 0 0 0 0 0 0
19.0 495.1 2065.6 1 0.9873666763 0.0622394122 -0.1457165927 -0.0662459359 0.9975427389 -0.0228014812 0.1439393908 0.0321665555 0.9890635610
2.2 225.4 2056.9 0.9873666763 0.0622394122 -0.1457165927 -0.0662459359 0.9975427389 -0.0228014812 0.1439393908 0.0321665555 0.9890635610
20.3 39.6 2108.1 0.9840864539 -0.0948765054 -0.1502406448 0.1304763705 0.9597990513 0.2485190034 0.1206222177 -0.2641670406 0.9569044113
-132.0 207.5 2040.6 0.2376229316 -0.9383520484 -0.2510593832 0.6425737739 0.3456791937 -0.6838163733 0.7284464836 0.0011662602 0.6851017475
-169.6 105.7 1925.3 -0.3436567187 -0.9383520484 0.0373568796 -0.9324867129 0.3456791937 0.1047587767 -0.1112141013 0.0011662602 -0.9937958121
136.4 243.4 2073.2 0.4253553748 0.2264017612 0.8762505651 0.7701617479 0.4179444909 -0.4818436503 -0.4753143489 0.8798094392 0.0034089696
251.2 451.2 1945.0 -0.8900604844 0.2264017612 0.3956444860 0.4556688368 0.4179444909 0.7859314680 0.0125788329 0.8798094392 -0.4751601219
-55.2 -151.1 2136.9 0.9207873940 0.0209445246 -0.3895020783 -0.0718499050 0.9905779958 -0.1165880784 0.3833903372 0.1353385150 0.9136165977
-63.3 -535.3 2084.4 0.9306394458 0.0558313467 -0.3616532087 0.0233691372 0.9772077203 0.2109951228 0.3651904464 -0.2048119158 0.9081233144
121.4 -131.4 2156.2 0.8248879910 0.0990441963 0.5565518737 0.0301221944 0.9754315615 -0.2182335109 -0.5644930601 0.1967827827 0.8016384244
83.0 -509.2 2079.9 0.8262600303 -0.1410008222 0.5453559756 0.0208904017 0.9751683474 0.2204773426 -0.5629013777 -0.1707789004 0.8086882234
-77.4 355.8 1955.1 0 0 0 0 0 0 0 0 0
25.3 566.8 1948.1 0 0 0 0 0 0 0 0 0
-84.1 -900.1 2160.9 0 0 0 0 0 0 0 0 0
135.7 -873.2 2143.7 0 0 0 0 0 0 0 0 0
17.1 494.3 2059.8 2 0.9830483198 0.0547765382 -0.1749730408 -0.0590738617 0.9980642796 -0.0194427352 0.1735693365 0.0294494815 0.9843812585
2.0 219.6 2051.7 0.9830483198 0.0547765382 -0.1749730408 -0.0590738617 0.9980642796 -0.0194427352 0.1735693365 0.0294494815 0.9843812585
18.7 34.5 2106.8 0.9798328280 -0.0873383284 -0.1797210127 0.1337747723 0.9548354745 0.2653177977 0.1484315842 -0.2840092182 0.9472628236
-131.7 201.2 2031.5 0.2426422685 -0.9383593798 -0.2461837381 0.6546330452 0.3456556499 -0.6722928882 0.7159471512 0.0019666690 0.6981517076
-168.3 102.5 1923.5 -0.3437241614 -0.9383593798 0.0365431532 -0.9324842095 0.3456556499 0.1048590317 -0.1110268012 0.0019666690 -0.9938154817
135.7 238.0 2071.8 0.4233752787 0.2170864940 0.8795605898 0.7789040208 0.4085958004 -0.4757709205 -0.4626682103 0.8865229487 0.0038998162
250.9 449.9 1946.0 -0.8871441483 0.2170864940 0.4072453082 0.4614700377 0.4085958004 0.7874610424 0.0045484309 0.8865229487 -0.4626622796
-49.7 -158.1 2148.7 0.9075902104 0.0367814600 -0.4182429612 -0.1025553197 0.9854020476 -0.1358867586 0.4071393311 0.1662225276 0.8981133699
-63.9 -540.3 2084.2 0.9245159030 0.0592082180 -0.3765166104 0.0314954780 0.9726142287 0.2302815467 0.3798399568 -0.2247575223 0.8973325491
126.4 -134.5 2170.1 0.8424270153 0.1175476909 0.5258319378 0.0267125703 0.9656010866 -0.2586521506 -0.5381478667 0.2319418937 0.8103084564
80.8 -508.6 2080.2 0.8410393596 -0.1503772140 0.5196532607 0.0359470844 0.9740002155 0.2236770838 -0.5397783518 -0.1694412082 0.8245781064
-76.1 352.5 1953.3 0 0 0 0 0 0 0 0 0
25.7 567.0 1947.1 0 0 0 0 0 0 0 0 0
-86.0 -903.2 2168.1 0 0 0 0 0 0 0 0 0
136.9 -872.2 2143.5 0 0 0 0 0 0 0 0 0
17.7 493.4 2056.9 3 0.9779271483 0.0550895371 -0.2015529275 -0.0588320009 0.9981881380 -0.0126204733 0.2004924715 0.0241996665 0.9793963432
2.5 217.3 2050.2 0.9779271483 0.0550895371 -0.2015529275 -0.0588320009 0.9981881380 -0.0126204733 0.2004924715 0.0241996665 0.9793963432
19.1 33.7 2110.1 0.9746346474 -0.0865495726 -0.2063892186 0.1447585374 0.9471034408 0.2864262462 0.1706818789 -0.3090375364 0.9356086254
-130.6 197.5 2026.9 0.2528751791 -0.9411744475 -0.2241534889 0.6538906693 0.3370155692 -0.6773828268 0.7130786777 0.0247214399 0.7006480694
-167.8 101.2 1921.9 -0.3373720944 -0.9411744475 0.0192539450 -0.9329592586 0.3370155692 0.1265207976 -0.1255670339 0.0247214399 -0.9917770624
135.5 237.2 2073.4 0.4231629670 0.2288202345 0.8766837716 0.7769961953 0.4060626328 -0.4810301960 -0.4660579562 0.8847340941 -0.0059617744
250.7 448.8 1946.5 -0.8797129989 0.2288202345 0.4168289006 0.4754136205 0.4060626328 0.7804453969 0.0093230512 0.8847340941 -0.4660028517
-52.2 -162.7 2148.6 0.8970353007 0.0275225956 -0.4411010742 -0.0951650217 0.9866755009 -0.1319663823 0.4315915704 0.1603558958 0.8877019286
-62.9 -545.5 2086.4 0.9133307338 0.0710477531 -0.4009728134 0.0277991742 0.9714871049 0.2354568988 0.4062686265 -0.2261967361 0.8853139877
123.1 -138.6 2175.1 0.8641256690 0.1102814078 0.4910445809 0.0332123488 0.9610735774 -0.2742891312 -0.5021789670 0.2533290386 0.8268256783
80.4 -511.2 2076.8 0.8641256690 -0.1545853615 0.4789469242 0.0332123488 0.9670999050 0.2522196770 -0.5021789670 -0.2020425498 0.8408300281
-77.4 351.3 1955.6 0 0 0 0 0 0 0 0 0
27.5 569.5 1948.9 0 0 0 0 0 0 0 0 0
-89.4 -908.1 2170.8 0 0 0 0 0 0 0 0 0
138.0 -872.0 2152.2 0 0 0 0 0 0 0 0 0
18.7 495.1 2060.9 4 0.9742981791 0.0441356786 -0.2208962291 -0.0521314405 0.9981744885 -0.0304960255 0.2191470116 0.0412278585 0.9748204350
6.3 215.0 2049.4 0.9742981791 0.0441356786 -0.2208962291 -0.0521314405 0.9981744885 -0.0304960255 0.2191470116 0.0412278585 0.9748204350
22.8 31.9 2111.3 0.9699761868 -0.0852766410 -0.2277588993 0.1518823206 0.9438326955 0.2934478223 0.1899420470 -0.3192299306 0.9284472466
-126.1 194.2 2023.5 0.2915594876 -0.9387044311 -0.1839212179 0.6543020606 0.3359690309 -0.6775054336 0.6977692246 0.0771931186 0.7121512294
-167.4 101.5 1924.6 -0.3429501355 -0.9387044311 -0.0349164121 -0.9328429103 0.3359690309 0.1301109940 -0.1104049385 0.0771931186 -0.9908844233
138.7 235.8 2075.2 0.4098151028 0.2332458794 0.8818435073 0.7821775675 0.4075343013 -0.4712898135 -0.4693078995 0.8828998804 -0.0154259810
251.3 450.7 1946.3 -0.8841076493 0.2332458794 0.4049074352 0.4669351578 0.4075343013 0.7847849131 0.0180341806 0.8828998804 -0.4692148864
-51.5 -163.0 2154.8 0.8876411319 0.0314722657 -0.4594591260 -0.1085797846 0.9838390946 -0.1423766315 0.4475529194 0.1762673259 0.8767132759
-63.8 -544.8 2086.4 0.9062418938 0.0664126426 -0.4175105095 0.0301013310 0.9749405980 0.2204195261 0.4216865897 -0.2123210281 0.8815328479
122.9 -137.0 2185.3 0.8954436183 0.1043682098 0.4327677786 0.0328795724 0.9539697766 -0.2980950177 -0.4439590275 0.2811565101 0.8507945538
82.4 -506.9 2076.3 0.8954436183 -0.1382496357 0.4231639504 0.0328795724 0.9684988856 0.2468376905 -0.4439590275 -0.2071157992 0.8717817664
-75.5 351.6 1954.2 0 0 0 0 0 0 0 0 0
26.9 569.2 1950.9 0 0 0 0 0 0 0 0 0
-88.5 -908.7 2165.7 0 0 0 0 0 0 0 0 0
134.0 -868.3 2153.6 0 0 0 0 0 0 0 0 0
17.7 496.3 2063.4 5 0.9767044783 0.0434652716 -0.2101408094 -0.0519545190 0.9980343580 -0.0350449570 0.2082045078 0.0451463312 0.9770428538
5.4 214.3 2050.7 0.9767044783 0.0434652716 -0.2101408094 -0.0519545190 0.9980343580 -0.0350449570 0.2082045078 0.0451463312 0.9770428538
22.7 31.3 2113.0 0.9718661904 -0.0892889872 -0.2179530412 0.1529771984 0.9429040551 0.2958546579 0.1790922433 -0.3208729923 0.9300357699
-127.3 193.3 2026.2 0.2859978974 -0.9357378483 -0.2063973397 0.6505250931 0.3477540612 -0.6751919389 0.7035781741 0.0588368326 0.7081779242
-167.7 101.7 1927.1 -0.3522044420 -0.9357378483 -0.0186195932 -0.9301459193 0.3477540612 0.1178800985 -0.1038298309 0.0588368326 -0.9928532839
138.1 235.2 2075.1 0.4102385640 0.2316136062 0.8820767999 0.7821303606 0.4080692530 -0.4709050655 -0.4690164328 0.8830824494 -0.0137462923
251.9 452.1 1945.1 -0.8884710073 0.2316136062 0.3961999118 0.4584436119 0.4080692530 0.7894991636 0.0211817548 0.8830824494 -0.4687395096
-47.7 -164.9 2156.3 0.8919790387 0.0429148674 -0.4500352740 -0.1194820330 0.9824653268 -0.1431289911 0.4360017180 0.1814391911 0.8814660311
-64.3 -546.2 2085.8 0.9123606086 0.0638489723 -0.4043777585 0.0294188280 0.9749840498 0.2203194946 0.4083290398 -0.2129071653 0.8876586556
126.0 -137.6 2190.2 0.8811472058 0.1175823063 0.4579891264 0.0377443507 0.9480062723 -0.3160054982 -0.4713332355 0.2957338691 0.8308950067
80.4 -505.4 2075.5 0.8811472058 -0.1524121761 0.4476049244 0.0377443507 0.9662778378 0.2547205389 -0.4713332355 -0.2075517327 0.8571856618
-73.2 351.0 1954.9 0 0 0 0 0 0 0 0 0
26.4 568.4 1950.5 0 0 0 0 0 0 0 0 0
-88.1 -910.1 2165.3 0 0 0 0 0 0 0 0 0
137.3 -866.0 2152.9 0 0 0 0 0 0 0 0 0
18.1 495.3 2064.7 6 0.9842543006 0.0693997666 -0.1625642627 -0.0734364763 0.9971199036 -0.0189480986 0.1607810557 0.0305878948 0.9865159988
-1.5 213.7 2056.1 0.9842543006 0.0693997666 -0.1625642627 -0.0734364763 0.9971199036 -0.0189480986 0.1607810557 0.0305878948 0.9865159988
22.8 28.7 2108.2 0.9772243500 -0.1265372783 -0.1703552157 0.1666861027 0.9545280337 0.2471678257 0.1313328892 -0.2699342668 0.9538800716
-134.8 190.7 2038.1 0.2334057540 -0.9308852553 -0.2810238898 0.6012517810 0.3652986884 -0.7106708884 0.7642107010 -0.0030914501 0.6449592710
-169.1 102.2 1925.6 -0.3626105487 -0.9308852553 0.0443426222 -0.9249961376 0.3652986884 0.1045896336 -0.1135592461 -0.0030914501 -0.9935263991
131.8 236.6 2074.0 0.4299339056 0.2269940525 0.8738595843 0.7744991183 0.4047034681 -0.4861750603 -0.4640128613 0.8858265877 -0.0018109573
252.5 454.0 1943.8 -0.8955110312 0.2269940525 0.3827972412 0.4442488849 0.4047034681 0.7992859483 0.0265137833 0.8858265877 -0.4632582664
-47.1 -165.4 2159.2 0.9178439975 0.0441330187 -0.3944801986 -0.1151383743 0.9806743264 -0.1581801921 0.3798756301 0.1906045526 0.9051874876
-64.2 -546.1 2085.2 0.9347175956 0.0671978146 -0.3489806056 0.0127733173 0.9749748111 0.2219482064 0.3551617265 -0.2119165361 0.9104677439
127.0 -138.0 2191.3 0.8713770509 0.1177146509 0.4762828350 0.0429916754 0.9487342834 -0.3131372333 -0.4887267053 0.2933367789 0.8216445446
81.3 -506.2 2077.4 0.8713770509 -0.1495251358 0.4672732651 0.0429916754 0.9720332623 0.2308744341 -0.4887267053 -0.1810898185 0.8534358144
-71.9 350.2 1956.1 0 0 0 0 0 0 0 0 0
25.2 566.8 1950.5 0 0 0 0 0 0 0 0 0
-89.3 -910.0 2164.3 0 0 0 0 0 0 0 0 0
137.1 -868.9 2145.0 0 0 0 0 0 0 0 0 0
19.4 495.4 2064.8 7 0.9828043580 0.0869738013 -0.1628838331 -0.0909742713 0.9957038164 -0.0172501206 0.1606837511 0.0317717344 0.9864944220
-5.2 213.1 2055.8 0.9828043580 0.0869738013 -0.1628838331 -0.0909742713 0.9957038164 -0.0172501206 0.1606837511 0.0317717344 0.9864944220
23.2 28.1 2106.1 0.9742881060 -0.1471209377 -0.1706401557 0.1851394922 0.9543906450 0.2342259884 0.1283978224 -0.2597958446 0.9570894241
-138.2 187.7 2038.3 0.2212623358 -0.9248027802 -0.3094878793 0.5900959969 0.3796260953 -0.7125101686 0.7764210701 -0.0249758922 0.6297193766
-169.8 103.5 1927.4 -0.3752836883 -0.9248027802 0.0624653995 -0.9210630655 0.3796260953 0.0867575109 -0.1039470881 -0.0249758922 -0.9942691922
127.7 238.5 2073.4 0.4447407722 0.2233978808 0.8673517108 0.7697789669 0.3997161686 -0.4976618290 -0.4578711092 0.8889996409 0.0058030873
253.0 455.2 1944.5 -0.8986897469 0.2233978808 0.3774256110 0.4376205504 0.3997161686 0.8054286242 0.0290679298 0.8889996409 -0.4569843411
-40.3 -171.3 2148.6 0.9210578203 0.0633629262 -0.3842364252 -0.1174718291 0.9859194756 -0.1190090254 0.3712854385 0.1547511518 0.9155322313
-64.9 -553.7 2088.6 0.9381471872 0.0652675927 -0.3400293589 0.0126863234 0.9749329090 0.2221371680 0.3460041881 -0.2127110809 0.9138025641
134.5 -141.2 2172.1 0.8613393903 0.1280103773 0.4916378558 0.0102453213 0.9631602764 -0.2687327862 -0.5079266429 0.2365071177 0.8282964230
84.9 -514.4 2080.5 0.8602621555 -0.1253796667 0.4941953123 0.0188989658 0.9764671922 0.2148362696 -0.5095016360 -0.1754757166 0.8423873186
-69.2 350.4 1955.3 0 0 0 0 0 0 0 0 0
24.9 566.3 1951.8 0 0 0 0 0 0 0 0 0
-89.3 -917.6 2168.0 0 0 0 0 0 0 0 0 0
131.6 -878.7 2146.0 0 0 0 0 0 0 0 0 0
21.0 494.1 2065.4 8 0.9843845963 0.0965920687 -0.1471630186 -0.1005026698 0.9947484732 -0.0193558261 0.1445205808 0.0338438526 0.9889228344
-6.3 213.6 2055.9 0.9843845963 0.0965920687 -0.1471630186 -0.1005026698 0.9947484732 -0.0193558261 0.1445205808 0.0338438526 0.9889228344
21.2 28.2 2106.2 0.9779897928 -0.1417384595 -0.1531215608 0.1757055223 0.9552379251 0.2380085289 0.1125325635 -0.2596741915 0.9591171741
-139.8 189.5 2040.5 0.2085297704 -0.9209651351 -0.3291481435 0.5892828703 0.3869129121 -0.7092559934 0.7805517316 -0.0460603833 0.6233918667
-170.1 103.9 1927.1 -0.3806408346 -0.9209651351 0.0832810700 -0.9186408520 0.3869129121 0.0799835697 -0.1058846042 -0.0460603833 -0.9933110476
127.3 237.6 2071.2 0.4453488886 0.2172078788 0.8686110377 0.7734167576 0.3954459429 -0.4954280853 -0.4510995746 0.8924366832 0.0081191966
253.0 455.9 1943.9 -0.9010794163 0.2172078788 0.3753352761 0.4327784479 0.3954459429 0.8101390600 0.0275437739 0.8924366832 -0.4503310919
-35.6 -173.6 2144.9 0.9255783558 0.0790687501 -0.3702064753 -0.1262751818 0.9864194989 -0.1050295532 0.3568743169 0.1439609677 0.9229929447
-66.3 -556.4 2089.1 0.9451242685 0.0568874106 -0.3217203617 0.0213009976 0.9718995690 0.2344301045 0.3260160089 -0.2284185439 0.9173541069
138.8 -140.3 2167.9 0.8531025052 0.1398358941 0.5026549697 -0.0004100435 0.9635936618 -0.2673706114 -0.5217431784 0.2278884351 0.8221015334
84.5 -514.0 2079.6 0.8504226804 -0.1350184679 0.5084793568 0.0203192793 0.9742153287 0.2247034907 -0.5257075429 -0.1807610095 0.8312382698
-68.0 350.2 1955.5 0 0 0 0 0 0 0 0 0
24.3 565.7 1950.9 0 0 0 0 0 0 0 0 0
-87.5 -919.1 2174.3 0 0 0 0 0 0 0 0 0
134.9 -877.6 2147.0 0 0 0 0 0 0 0 0 0
20.7 493.1 2065.7 9 0.9878851175 0.1046946496 -0.1145516038 -0.1070065498 0.9941568375 -0.0142055787 0.1123950109 0.0262912512 0.9933156967
-8.7 214.3 2058.3 0.9878851175 0.1046946496 -0.1145516038 -0.1070065498 0.9941568375 -0.0142055787 0.1123950109 0.0262912512 0.9933156967
21.2 28.3 2104.6 0.9806019068 -0.1545389146 -0.1205718890 0.1783384830 0.9586769938 0.2216615081 0.0813341662 -0.2388643026 0.9676407576
-142.5 189.9 2047.2 0.1856953651 -0.9188722968 -0.3481249511 0.5756761432 0.3888529241 -0.7192985415 0.7963128686 -0.0668368414 0.6011810303
-170.5 103.1 1927.1 -0.3804407716 -0.9188722968 0.1045876294 -0.9181004167 0.3888529241 0.0767139271 -0.1111595035 -0.0668368414 -0.9915525317
125.2 238.8 2069.4 0.4534455836 0.2123313546 0.8656225801 0.7715038061 0.3927961588 -0.5004928708 -0.4462835491 0.8947773576 0.0142972413
253.0 456.2 1943.6 -0.9024623036 0.2123313546 0.3748029172 0.4300204813 0.3927961588 0.8128920794 0.0253813397 0.8947773576 -0.4457905591
-38.9 -172.8 2146.5 0.9388723373 0.0699894503 -0.3370759785 -0.1156940833 0.9863163233 -0.1174519584 0.3242431581 0.1492700875 0.9341225028
-66.1 -555.6 2088.5 0.9554563761 0.0472105555 -0.2913319170 0.0235799178 0.9717560410 0.2348068058 0.2941889167 -0.2312172502 0.9273572564
136.2 -141.3 2166.6 0.8355042338 0.1287970543 0.5341759324 0.0197698623 0.9644656181 -0.2634677589 -0.5491281748 0.2306890190 0.8032687902
86.2 -515.5 2077.1 0.8396034837 -0.1215341389 0.5294293761 -0.0098646274 0.9710773230 0.2385614216 -0.5431101918 -0.2055196166 0.8141210079
-68.6 349.2 1956.9 0 0 0 0 0 0 0 0 0
23.9 565.4 1950.1 0 0 0 0 0 0 0 0 0
-83.7 -918.4 2174.8 0 0 0 0 0 0 0 0 0
131.6 -877.8 2153.8 0 0 0 0 0 0 0 0 0
21.0 493.5 2064.8 0 0.9920178652 0.1110735387 -0.0596924499 -0.1120067090 0.9936286807 -0.0125109470 0.0579224937 0.0190970376 0.9981384277
-10.1 215.7 2059.5 0.9920178652 0.1110735387 -0.0596924499 -0.1120067090 0.9936286807 -0.0125109470 0.0579224937 0.0190970376 0.9981384277
19.2 27.5 2095.1 0.9862409830 -0.1525617838 -0.0636682883 0.1615640074 0.9710832238 0.1757682562 0.0350116827 -0.1836363673 0.9823705554
-144.6 193.5 2054.8 0.1641428620 -0.9128924012 -0.3737439811 0.5744664073 0.3964685202 -0.7161012888 0.8019011617 -0.0971604586 0.5895035267
-170.5 102.7 1928.1 -0.3863228559 -0.9128924012 0.1318412125 -0.9160122275 0.3964685202 0.0611087680 -0.1080566198 -0.0971604586 -0.9893854856
124.4 238.0 2064.2 0.4581741095 0.2085783184 0.8640437126 0.7770491838 0.3780075908 -0.5032939911 -0.4315913022 0.9020007253 0.0111176772
253.1 456.1 1943.0 -0.9024301767 0.2085783184 0.3769813180 0.4298911691 0.3780075908 0.8199413419 0.0285201892 0.9020007253 -0.4307914376
-36.7 -173.7 2143.6 0.9560358524 0.0781975091 -0.2826316059 -0.1131042987 0.9875465631 -0.1093581989 0.2705603242 0.1365172118 0.9529743791
-67.0 -557.0 2090.6 0.9690765738 0.0451576859 -0.2425929159 0.0078753280 0.9769517779 0.2133148760 0.2466343790 -0.2086289525 0.9463854432
138.9 -141.6 2158.2 0.8012330532 0.1364756674 0.5825805068 0.0162421670 0.9683215618 -0.2491777390 -0.5981319547 0.2091118097 0.7736345530
85.9 -517.4 2077.0 0.8065963984 -0.1301875859 0.5765877366 -0.0195894502 0.9690213203 0.2461989820 -0.5907778740 -0.2098782510 0.7790588140
-66.9 348.3 1957.1 0 0 0 0 0 0 0 0 0
24.0 565.3 1950.3 0 0 0 0 0 0 0 0 0
-83.9 -921.6 2168.5 0 0 0 0 0 0 0 0 0
134.5 -879.0 2155.4 0 0 0 0 0 0 0 0 0
21.1 492.6 2064.9 1 0.9895457029 0.1198978350 -0.0801488012 -0.1207347512 0.9926686883 -0.0056611607 0.0788824409 0.0152787222 0.9967668056
-11.8 219.8 2060.7 0.9895457029 0.1198978350 -0.0801488012 -0.1207347512 0.9926686883 -0.0056611607 0.0788824409 0.0152787222 0.9967668056
16.6 31.4 2097.0 0.9856284857 -0.1473052204 -0.0826904178 0.1599567086 0.9712238312 0.1764599234 0.0543174334 -0.1871508062 0.9808283448
-146.3 197.9 2053.3 0.1516225785 -0.9049605727 -0.3975636959 0.5973054171 0.4043554068 -0.6926203370 0.7875511646 -0.1324500740 0.6018472910
-170.8 101.5 1926.2 -0.3910419345 -0.9049605727 0.1677275300 -0.9130692482 0.4043554068 0.0529272519 -0.1157186106 -0.1324500740 -0.9844115973
122.7 241.8 2068.1 0.4644106925 0.2267935425 0.8560884595 0.7616649270 0.3909368515 -0.5167542100 -0.4518730342 0.8920387030 0.0088145668
251.8 453.4 1942.5 -0.8958750963 0.2267935425 0.3820634484 0.4430329502 0.3909368515 0.8067776561 0.0336092710 0.8920387030 -0.4507076144
-39.8 -175.3 2127.5 0.9516239166 0.0718740970 -0.2987407148 -0.0974407569 0.9926648140 -0.0715672970 0.2914055586 0.0972146690 0.9516470432
-67.7 -560.3 2089.8 0.9637114406 0.0434501767 -0.2633862793 0.0189124029 0.9730719328 0.2297243625 0.2662753761 -0.2263692617 0.9369388223
136.6 -146.1 2133.7 0.8085580468 0.1263691485 0.5746866465 -0.0177420881 0.9814583063 -0.1908527911 -0.5881488919 0.1441194266 0.7958080769
87.7 -526.2 2077.9 0.8107478023 -0.1197807267 0.5730101466 -0.0344554149 0.9673814774 0.2509699166 -0.5843807459 -0.2232166082 0.7801752687
-65.9 346.3 1957.3 0 0 0 0 0 0 0 0 0
24.4 565.9 1951.0 0 0 0 0 0 0 0 0 0
-83.9 -923.4 2174.3 0 0 0 0 0 0 0 0 0
132.4 -887.2 2161.2 0 0 0 0 0 0 0 0 0
21.3 492.8 2064.4 2 0.9846908450 0.1180130243 -0.1282844990 -0.1206697896 0.9926061034 -0.0131113511 0.1257886738 0.0283906907 0.9916507602
-11.4 217.8 2056.6 0.9846908450 0.1180130243 -0.1282844990 -0.1206697896 0.9926061034 -0.0131113511 0.1257886738 0.0283906907 0.9916507602
18.4 30.6 2097.8 0.9790459275 -0.1549189836 -0.1321709007 0.1787186563 0.9647828341 0.1930121183 0.0976149738 -0.2125891447 0.9722536802
-144.9 193.3 2043.3 0.1590111554 -0.9058186412 -0.3926933408 0.6148507595 0.4020608068 -0.6784582734 0.7724467516 -0.1335653514 0.6208754182
-168.9 100.5 1926.8 -0.3899522126 -0.9058186412 0.1656196415 -0.9144631624 0.4020608068 0.0458715484 -0.1081404760 -0.1335653514 -0.9851223230
122.1 242.3 2069.8 0.4668303430 0.2272310555 0.8546552062 0.7592096925 0.3926221132 -0.5190842748 -0.4535086155 0.8911867738 0.0107718967
252.1 453.6 1943.6 -0.8954460621 0.2272310555 0.3828085065 0.4439656734 0.3926221132 0.8054454327 0.0327231288 0.8911867738 -0.4524547458
-43.2 -171.3 2128.4 0.9373435974 0.0633060783 -0.3426066935 -0.0907854587 0.9937628508 -0.0647562891 0.3363703191 0.0918025970 0.9372445345
-67.8 -557.0 2092.8 0.9483180046 0.0428624600 -0.3144133091 0.0205117110 0.9804829955 0.1955309808 0.3166578412 -0.1918746978 0.9289305210
133.2 -142.6 2138.1 0.8349454999 0.1254788488 0.5358367562 -0.0209036879 0.9801882505 -0.1969619542 -0.5499354601 0.1532515287 0.8210267425
84.6 -522.6 2078.7 0.8310165405 -0.1417481601 0.5378838181 0.0086258659 0.9701537490 0.2423372120 -0.5561808348 -0.1967465132 0.8074364662
-64.4 345.7 1955.8 0 0 0 0 0 0 0 0 0
24.8 566.3 1951.9 0 0 0 0 0 0 0 0 0
-83.8 -922.7 2164.4 0 0 0 0 0 0 0 0 0
137.4 -884.5 2152.1 0 0 0 0 0 0 0 0 0
17.5 494.8 2065.2 3 0.9799481630 0.0811527669 -0.1819774359 -0.0873609036 0.9958282113 -0.0263491068 0.1790799648 0.0417184718 0.9829496145
-5.4 214.3 2053.5 0.9799481630 0.0811527669 -0.1819774359 -0.0873609036 0.9958282113 -0.0263491068 0.1790799648 0.0417184718 0.9829496145
19.9 28.9 2103.6 0.9731330276 -0.1319131404 -0.1887088120 0.1747932583 0.9567405581 0.2325828820 0.1498646438 -0.2593191266 0.9540933967
-138.0 190.3 2033.0 0.2053426206 -0.9120033979 -0.3550834358 0.6357783079 0.4001384974 -0.6600569487 0.7440567017 -0.0902165323 0.6619974375
-167.2 99.7 1927.1 -0.3912096322 -0.9120033979 0.1233079806 -0.9146376252 0.4001384974 0.0576815791 -0.1019460633 -0.0902165323 -0.9906906486
127.2 238.4 2073.9 0.4433206320 0.2215731591 0.8685460091 0.7700520754 0.4018062949 -0.4955517054 -0.4587882161 0.8885139227 0.0075061428
251.0 453.3 1945.8 -0.8937017322 0.2215731591 0.3901313841 0.4482075870 0.4018062949 0.7985371947 0.0201771632 0.8885139227 -0.4584057629
-39.3 -172.6 2130.4 0.9125846624 0.0801440775 -0.4009565115 -0.1080365628 0.9930159450 -0.0474070497 0.3943568170 0.0865809098 0.9148696065
-70.4 -558.0 2096.8 0.9267001748 0.0238780137 -0.3750422299 0.0405858718 0.9857831597 0.1630469114 0.3736035526 -0.1663170159 0.9125562906
135.9 -140.4 2147.8 0.8698134422 0.1293082088 0.4761343896 -0.0231024809 0.9746604562 -0.2224933654 -0.4928395748 0.1825278401 0.8507601023
85.7 -518.4 2077.0 0.8669947386 -0.1263113022 0.4820431173 0.0004581473 0.9675434232 0.2527044713 -0.4983170629 -0.2188726068 0.8389129043
-62.4 344.9 1954.4 0 0 0 0 0 0 0 0 0
24.1 567.1 1951.0 0 0 0 0 0 0 0 0 0
-79.3 -925.6 2158.8 0 0 0 0 0 0 0 0 0
132.8 -879.4 2158.7 0 0 0 0 0 0 0 0 0
14.9 496.1 2065.1 4 0.9707847834 0.0609885342 -0.2320718467 -0.0702401474 0.9970229268 -0.0318052135 0.2294412106 0.0471767783 0.9721785188
-2.6 210.0 2051.5 0.9707847834 0.0609885342 -0.2320718467 -0.0702401474 0.9970229268 -0.0318052135 0.2294412106 0.0471767783 0.9721785188
23.3 25.8 2106.1 0.9606651664 -0.1352075189 -0.2425723374 0.1952327788 0.9500073195 0.2436600626 0.1975008249 -0.2814338207 0.9390358925
-133.5 183.2 2024.7 0.2459846139 -0.9179737568 -0.3111522794 0.6339975595 0.3952020109 -0.6647273302 0.7331702709 -0.0337571017 0.6792067885
-166.3 98.8 1927.0 -0.3903859258 -0.9179737568 0.0701641813 -0.9152739644 0.3952020109 0.0780313760 -0.0993597806 -0.0337571017 -0.9944788218
128.3 236.8 2078.4 0.4376786947 0.2230391353 0.8710286617 0.7665961385 0.4136697948 -0.4911289215 -0.4698592126 0.8826838732 0.0100735193
251.9 453.3 1945.7 -0.8936650157 0.2230391353 0.3893795311 0.4484620392 0.4136697948 0.7923125029 0.0156421345 0.8826838732 -0.4697068036
-41.9 -172.4 2140.4 0.8904483318 0.0702998191 -0.4496217668 -0.1159019992 0.9904494286 -0.0746768266 0.4400778711 0.1186079159 0.8900918961
-69.1 -556.6 2094.4 0.9080616832 0.0329801068 -0.4175360203 0.0454779863 0.9832370281 0.1765693873 0.4163601398 -0.1793245822 0.8913399577
132.1 -140.8 2167.2 0.8949953914 0.1255428493 0.4280446470 -0.0120589230 0.9660378695 -0.2581190467 -0.4459123313 0.2258535922 0.8661133647
83.4 -515.3 2079.6 0.8879042864 -0.1436424255 0.4370272160 0.0472166464 0.9734398127 0.2240212709 -0.4575986564 -0.1782744974 0.8711037040
-61.6 344.2 1953.6 0 0 0 0 0 0 0 0 0
25.0 567.2 1949.7 0 0 0 0 0 0 0 0 0
-81.5 -923.4 2161.3 0 0 0 0 0 0 0 0 0
136.9 -878.2 2146.1 0 0 0 0 0 0 0 0 0
16.3 494.4 2061.5 5 0.9604335427 0.0593258552 -0.2721172571 -0.0678405091 0.9974539876 -0.0219812877 0.2701204121 0.0395721383 0.9620130062
-0.7 208.1 2050.2 0.9604335427 0.0593258552 -0.2721172571 -0.0678405091 0.9974539876 -0.0219812877 0.2701204121 0.0395721383 0.9620130062
24.7 24.9 2108.7 0.9501605630 -0.1318477690 -0.2825085223 0.2071951777 0.9441510439 0.2562205195 0.2329486310 -0.3019850552 0.9244133234
-130.2 179.7 2018.4 0.2584582865 -0.9197252989 -0.2954736650 0.6378261447 0.3921881318 -0.6628471017 0.7255185246 -0.0171425100 0.6879891157
-163.5 97.6 1925.0 -0.3888980448 -0.9197252989 0.0535134338 -0.9162233472 0.3921881318 0.0819951370 -0.0964003354 -0.0171425100 -0.9951950312
128.8 236.5 2081.9 0.4321735203 0.1943109035 0.8806073666 0.7662880421 0.4356878102 -0.4722062349 -0.4754247367 0.8788739443 0.0393946134
246.4 444.8 1952.6 -0.8863570094 0.1943109035 0.4202553034 0.4618264735 0.4356878102 0.7725881338 -0.0329778194 0.8788739443 -0.4759128690
-36.6 -176.0 2143.0 0.8709573150 0.0753395334 -0.4855484664 -0.1290092170 0.9885693192 -0.0780213997 0.4741202295 0.1305935383 0.8707211614
-65.8 -559.7 2092.3 0.8956398964 0.0551699586 -0.4413450360 0.0477534868 0.9746142030 0.2187389582 0.4422089756 -0.2169871032 0.8702688217
135.1 -140.9 2178.3 0.9116749763 0.1328820437 0.3888330460 -0.0166413449 0.9574316144 -0.2881801724 -0.4105750024 0.2562559545 0.8750777245
83.6 -512.1 2078.9 0.9030073285 -0.1466755569 0.4038119018 0.0591846667 0.9734250903 0.2212254852 -0.4255290329 -0.1758687645 0.8876909614
-59.2 343.2 1950.9 0 0 0 0 0 0 0 0 0
24.6 560.4 1944.4 0 0 0 0 0 0 0 0 0
-86.4 -923.0 2173.2 0 0 0 0 0 0 0 0 0
138.3 -875.3 2144.5 0 0 0 0 0 0 0 0 0
15.5 497.5 2063.2 6 0.9552958012 0.0680484846 -0.2877139449 -0.0785104632 0.9966005683 -0.0249677151 0.2850368917 0.0464401096 0.9573909044
-4.2 209.3 2049.8 0.9552958012 0.0680484846 -0.2877139449 -0.0785104632 0.9966005683 -0.0249677151 0.2850368917 0.0464401096 0.9573909044
25.0 26.2 2106.9 0.9421996474 -0.1511042267 -0.2990439832 0.2274527550 0.9438182712 0.2397339195 0.2460183650 -0.2938956022 0.9236342907
-132.7 178.2 2016.2 0.2590663135 -0.9280577898 -0.2675693631 0.6322347522 0.3723732233 -0.6794243455 0.7301807404 0.0068493206 0.6832197309
-165.5 98.2 1923.9 -0.3708877563 -0.9280577898 0.0339262933 -0.9223677516 0.3723732233 0.1028393060 -0.1080740616 0.0068493206 -0.9941192269
124.4 240.4 2083.4 0.4519608319 0.2114517689 0.8666138649 0.7476055622 0.4401998818 -0.4973027706 -0.4866388440 0.8726466894 0.0408705845
248.6 445.9 1949.6 -0.8844391704 0.2114517689 0.4159994125 0.4661892056 0.4401998818 0.7673927546 -0.0208563339 0.8726466894 -0.4879065454
-34.9 -176.9 2146.5 0.8666332364 0.0773008689 -0.4929213524 -0.1402047575 0.9858484268 -0.0918993577 0.4788418412 0.1487529427 0.8652069569
-64.9 -559.5 2088.7 0.8946891427 0.0630079061 -0.4422232211 0.0444948897 0.9725070596 0.2285830379 0.4444677532 -0.2241874188 0.8672879934
135.0 -139.7 2188.1 0.8760915995 0.1280547082 0.4648284316 0.0278675575 0.9490242600 -0.3139686584 -0.4813386500 0.2880189419 0.8278636336
85.3 -507.7 2076.4 0.8760915995 -0.1292852610 0.4644877017 0.0278675575 0.9753459096 0.2189150006 -0.4813386500 -0.1788454503 0.8580952287
-66.1 345.5 1952.9 0 0 0 0 0 0 0 0 0
25.7 563.4 1944.4 0 0 0 0 0 0 0 0 0
-88.4 -922.3 2172.4 0 0 0 0 0 0 0 0 0
133.5 -871.6 2143.1 0 0 0 0 0 0 0 0 0
16.2 496.9 2064.6 7 0.9547786117 0.0491827168 -0.2932214737 -0.0632208437 0.9972533584 -0.0385861434 0.2905183136 0.0553789362 0.9552655816
1.8 205.7 2048.4 0.9547786117 0.0491827168 -0.2932214737 -0.0632208437 0.9972533584 -0.0385861434 0.2905183136 0.0553789362 0.9552655816
25.9 23.0 2108.9 0.9442175031 -0.1244462579 -0.3049038947 0.2089072913 0.9420644641 0.2624352276 0.2545800507 -0.3114925921 0.9155115485
-127.0 177.2 2013.7 0.2769218683 -0.9182591438 -0.2830449641 0.6350069642 0.3959603012 -0.6633110642 0.7211660147 0.0039498415 0.6927509904
-161.7 97.6 1923.3 -0.3944508433 -0.9182591438 0.0347663164 -0.9137917757 0.3959603012 0.0905537829 -0.0969179198 0.0039498415 -0.9952845573
130.7 234.3 2083.2 0.4250107110 0.2148632705 0.8793177605 0.7634477615 0.4368232191 -0.4757446647 -0.4863264561 0.8735097051 0.0216176640
250.5 449.5 1946.1 -0.8913987279 0.2148632705 0.3990514874 0.4531602859 0.4368232191 0.7770657539 -0.0073520606 0.8735097051 -0.4867511690
-30.0 -177.3 2141.9 0.8574744463 0.1004121527 -0.5046335459 -0.1462511569 0.9878829718 -0.0519409925 0.4933033586 0.1183413118 0.8617697954
-69.0 -560.5 2096.0 0.8807841539 0.0332234763 -0.4723510146 0.0466611534 0.9865907431 0.1564014405 0.4712133408 -0.1597963423 0.8674232364
138.5 -136.5 2185.9 0.8832706809 0.1372646540 0.4483205974 0.0139955021 0.9480409622 -0.3178402483 -0.4686545134 0.2870134413 0.8354557157
85.3 -504.3 2074.6 0.8832706809 -0.1220372841 0.4527028203 0.0139955021 0.9719645381 0.2347104847 -0.4686545134 -0.2009770870 0.8602157831
-56.0 342.5 1949.2 0 0 0 0 0 0 0 0 0
25.1 564.1 1944.3 0 0 0 0 0 0 0 0 0
-81.4 -927.7 2155.5 0 0 0 0 0 0 0 0 0
130.8 -867.0 2149.5 0 0 0 0 0 0 0 0 0
18.4 495.1 2065.3 8 0.9532369375 0.0626855642 -0.2956516147 -0.0757000521 0.9965920448 -0.0327688120 0.2925899327 0.0536172837 0.9547336102
0.2 205.9 2049.7 0.9532369375 0.0626855642 -0.2956516147 -0.0757000521 0.9965920448 -0.0327688120 0.2925899327 0.0536172837 0.9547336102
25.7 23.3 2110.2 0.9428455234 -0.1316991597 -0.3061007559 0.2160393447 0.9409672022 0.2605910897 0.2537111342 -0.3118269444 0.9156389236
-128.5 176.4 2015.1 0.2787858248 -0.9208747149 -0.2725219429 0.6362578869 0.3896667063 -0.6658346057 0.7193430066 0.0122310203 0.6945473552
-163.3 97.0 1925.3 -0.3889891803 -0.9208747149 0.0260221362 -0.9162747264 0.3896667063 0.0927389413 -0.0955409110 0.0122310203 -0.9953503609
129.0 235.4 2084.4 0.4286970794 0.2249243110 0.8750016093 0.7578040957 0.4377872348 -0.4838132858 -0.4918859005 0.8704891801 0.0172295477
251.7 452.3 1943.6 -0.8968484998 0.2249243110 0.3808829486 0.4422395527 0.4377872348 0.7827940583 0.0093237190 0.8704891801 -0.4920992553
-34.5 -178.5 2146.5 0.8580489159 0.0875512660 -0.5060502291 -0.1493672282 0.9853091836 -0.0827967599 0.4913669527 0.1466309875 0.8585207462
-68.5 -560.6 2089.6 0.8877100348 0.0382569395 -0.4588107467 0.0648819730 0.9762014747 0.2069325149 0.4558083117 -0.2134646177 0.8641016483
134.5 -141.0 2192.1 0.8760848641 0.1283734292 0.4647532403 0.0327188708 0.9458540082 -0.3229391575 -0.4810455143 0.2981283069 0.8244481087
84.7 -508.1 2076.4 0.8760848641 -0.1379203796 0.4620100558 0.0327188708 0.9730120301 0.2284229100 -0.4810455143 -0.1850014031 0.8569537401
-59.1 342.6 1950.9 0 0 0 0 0 0 0 0 0
24.5 564.4 1946.0 0 0 0 0 0 0 0 0 0
-82.7 -924.0 2169.1 0 0 0 0 0 0 0 0 0
136.2 -871.1 2145.4 0 0 0 0 0 0 0 0 0
17.1 496.7 2066.1 9 0.9504487514 0.0566070750 -0.3056842089 -0.0715814009 0.9967109561 -0.0379920192 0.3025281727 0.0579907708 0.9513746500
0.6 206.3 2049.2 0.9504487514 0.0566070750 -0.3056842089 -0.0715814009 0.9967109561 -0.0379920192 0.3025281727 0.0579907708 0.9513746500
25.2 23.8 2110.6 0.9400865436 -0.1265330166 -0.3165858984 0.2154394239 0.9401617050 0.2639732659 0.2642406225 -0.3163627982 0.9110935330
-127.8 176.9 2013.1 0.2742040157 -0.9202341437 -0.2792512178 0.6375453472 0.3913484812 -0.6636130810 0.7199639678 0.0039300453 0.6940003633
-161.9 97.5 1923.5 -0.3898582757 -0.9202341437 0.0343453065 -0.9157563448 0.3913484812 0.0907560065 -0.0969577581 0.0039300453 -0.9952807426
129.0 235.7 2085.3 0.4266292453 0.2234634161 0.8763855100 0.7585584521 0.4392731786 -0.4812775850 -0.4925206006 0.8701167703 0.0178967118
252.0 454.4 1943.3 -0.9007946253 0.2234634161 0.3723346889 0.4340738654 0.4392731786 0.7865233421 0.0122025544 0.8701167703 -0.4926945567
-33.2 -178.6 2148.0 0.8518739343 0.0854317322 -0.5167322755 -0.1494350582 0.9852425456 -0.0834646076 0.5019761324 0.1483192444 0.8520689011
-66.3 -561.0 2090.5 0.8816542625 0.0550669059 -0.4686719775 0.0508268438 0.9763091207 0.2103262693 0.4691507220 -0.2092561573 0.8579682112
135.7 -139.9 2193.5 0.8759010434 0.1316245496 0.4641900063 0.0305417422 0.9450153112 -0.3255967796 -0.4815231860 0.2993677258 0.8237198591
84.6 -506.7 2077.3 0.8759010434 -0.1321098506 0.4640521109 0.0305417422 0.9750367403 0.2199330926 -0.4815231860 -0.1784666628 0.8580705523
-57.4 343.0 1949.5 0 0 0 0 0 0 0 0 0
23.6 564.5 1946.4 0 0 0 0 0 0 0 0 0
-86.8 -924.8 2168.4 0 0 0 0 0 0 0 0 0
133.9 -870.6 2143.9 0 0 0 0 0 0 0 0 0
18.2 496.4 2066.5 0 0.9324229360 0.0687914789 -0.3547607064 -0.0891298354 0.9951637983 -0.0412895642 0.3502046764 0.0701190978 0.9340449572
-1.7 207.7 2046.2 0.9324229360 0.0687914789 -0.3547607064 -0.0891298354 0.9951637983 -0.0412895642 0.3502046764 0.0701190978 0.9340449572
25.1 26.7 2110.8 0.9202481508 -0.1389012486 -0.3658549488 0.2456637919 0.9327726960 0.2637885809 0.3046189249 -0.3326282799 0.8925052881
-127.3 174.1 2004.7 0.2237160057 -0.9304606915 -0.2901622057 0.6525443196 0.3641266823 -0.6645281315 0.7239730954 -0.0406781174 0.6886278391
-155.1 93.0 1914.7 -0.3585553765 -0.9304606915 0.0753723904 -0.9277698398 0.3641266823 0.0815776661 -0.1033499092 -0.0406781174 -0.9938129187
123.8 241.2 2087.7 0.4449456334 0.2308537215 0.8652918339 0.7402540445 0.4489856660 -0.5004355907 -0.5040310025 0.8632024527 0.0288838074
252.3 455.0 1942.2 -0.9019347429 0.2308537215 0.3649935722 0.4315475225 0.4489856660 0.7824184299 0.0167473312 0.8632024527 -0.5045800805
-34.5 -177.9 2148.4 0.8300017715 0.0791395083 -0.5521177649 -0.1456018537 0.9863023758 -0.0775093883 0.5384209752 0.1447222978 0.8301555514
-65.2 -560.8 2092.2 0.8627607822 0.0634055659 -0.5016209483 0.0606738813 0.9719533920 0.2272120118 0.5019586682 -0.2264648974 0.8347162008
