177.8 495.5 2349.2 2 0.8765488267 -0.0170163494 -0.4810120165 0.0365019813 0.9988469481 0.0311822575 0.4799267948 -0.0448906645 0.8761593103
181.2 295.0 2358.2 0.8765488267 -0.0170163494 -0.4810120165 0.0365019813 0.9988469481 0.0311822575 0.4799267948 -0.0448906645 0.8761593103
186.5 96.7 2367.1 0.8763427734 -0.0275179818 -0.4809013605 0.0457453579 0.9986090064 0.0262193251 0.4795109332 -0.0449761227 0.8763825893
53.3 288.2 2288.2 0.4980721176 -0.5296070576 -0.6866152883 0.4887913167 0.8255081177 -0.2821691036 0.7162452340 -0.1950710118 0.6700298786
-12.0 224.1 2194.2 -0.7126737237 -0.5798296332 0.3948338330 -0.6184857488 0.7849538326 0.0363721661 -0.3310159743 -0.2182776034 -0.9180322886
309.1 301.8 2428.2 0.5429545641 0.8218966722 0.1722967774 -0.7201956511 0.5612593889 -0.4078064859 -0.4318779707 0.0973329991 0.8966647387
439.3 129.2 2324.7 -0.5120250583 0.8218966722 0.2496320754 0.8027875423 0.5612593889 -0.2012958527 -0.3055527508 0.0973329991 -0.9471873045
110.5 -106.9 2332.0 0.7515656352 0.0672063902 -0.6562259197 0.0774918944 0.9789139032 0.1890043020 0.6550909281 -0.1929013133 0.7305100560
83.8 -495.9 2408.7 0.7498363256 0.0875492319 -0.6558052897 -0.1326749027 0.9909696579 -0.0194048882 0.6481842399 0.1015593931 0.7546806335
269.9 -98.0 2422.3 0.9266818166 0.1301937997 -0.3525767326 -0.1609599441 0.9851801395 -0.0592617244 0.3396360874 0.1116674989 0.9339045286
218.2 -489.5 2377.9 0.9296930432 -0.0972098708 -0.3552761376 0.0732622817 0.9940761328 -0.0802828446 0.3609758019 0.0486100577 0.9313074350
166.1 378.7 2277.0 0 0 0 0 0 0 0 0 0
308.7 333.9 2246.8 0 0 0 0 0 0 0 0 0
53.1 -843.2 2373.1 0 0 0 0 0 0 0 0 0
251.1 -826.4 2361.4 0 0 0 0 0 0 0 0 0
177.9 498.1 2351.0 3 0.8859087229 -0.0173381716 -0.4635354877 0.0329339691 0.9991303682 0.0255717151 0.4626890123 -0.0379202701 0.8857092857
181.4 297.4 2358.6 0.8859087229 -0.0173381716 -0.4635354877 0.0329339691 0.9991303682 0.0255717151 0.4626890123 -0.0379202701 0.8857092857
186.5 99.0 2366.0 0.8857398629 -0.0264463220 -0.4634279609 0.0406383686 0.9989601970 0.0206638332 0.4623996019 -0.0371357352 0.8858936429
52.1 291.4 2291.1 0.5130919814 -0.5317428112 -0.6737849712 0.4826216102 0.8278755546 -0.2858294845 0.7097978592 -0.1785263717 0.6814068556
-15.2 228.0 2197.9 -0.7202887535 -0.5824937224 0.3766765296 -0.6147481799 0.7875836492 0.0423873700 -0.3213546574 -0.2010300606 -0.9253745675
310.6 303.5 2426.1 0.5046006441 0.8472448587 0.1659950912 -0.7588912845 0.5269467235 -0.3826371133 -0.4116578698 0.0671066940 0.9088643789
431.1 122.3 2327.8 -0.4785690010 0.8472448587 0.2305382043 0.8120075464 0.5269467235 -0.2509399354 -0.3340889215 0.0671066940 -0.9401496053
111.6 -105.9 2332.1 0.7643452287 0.0706206560 -0.6409282684 0.0687894672 0.9793812037 0.1899486184 0.6411274076 -0.1892754436 0.7437273860
83.6 -495.1 2407.3 0.7622430325 0.0856981650 -0.6415928602 -0.1266732365 0.9917808175 -0.0180207752 0.6347751021 0.0950088575 0.7668336630
272.4 -97.5 2420.0 0.9336805940 0.1256648302 -0.3353340626 -0.1592064351 0.9844402075 -0.0743689537 0.3207707703 0.1228241920 0.9391593933
222.4 -488.7 2371.2 0.9437909126 -0.0578847528 -0.3254351616 0.0600406565 0.9981900454 -0.0034235858 0.3250443041 -0.0163081922 0.9455581307
164.9 381.7 2278.3 0 0 0 0 0 0 0 0 0
308.3 330.6 2242.1 0 0 0 0 0 0 0 0 0
53.5 -842.6 2374.0 0 0 0 0 0 0 0 0 0
243.2 -847.7 2377.1 0 0 0 0 0 0 0 0 0
177.2 497.5 2344.9 4 0.8925740719 -0.0141727580 -0.4506779909 0.0374386795 0.9983840585 0.0427510105 0.4493438005 -0.0550312325 0.8916622996
180.1 297.1 2355.9 0.8925740719 -0.0141727580 -0.4506779909 0.0374386795 0.9983840585 0.0427510105 0.4493438005 -0.0550312325 0.8916622996
184.9 98.9 2366.0 0.8924293518 -0.0246576574 -0.4505128264 0.0448797606 0.9984048009 0.0342580527 0.4489494562 -0.0507918000 0.8921124339
49.9 290.5 2290.4 0.5244287252 -0.5323434472 -0.6645185947 0.4912300706 0.8266321421 -0.2745401561 0.6954621077 -0.1824547648 0.6950127482
-19.0 226.0 2199.1 -0.7262904644 -0.5835081339 0.3633460999 -0.6173714399 0.7861570716 0.0284523852 -0.3022493124 -0.2036548257 -0.9312196374
310.3 303.8 2421.5 0.4897453487 0.8602934480 0.1415792853 -0.7867642045 0.5060514212 -0.3534317613 -0.3757014275 0.0617020540 0.9246844053
429.1 113.0 2330.4 -0.4527871013 0.8602934480 0.2342627645 0.8140842915 0.5060514212 -0.2849188447 -0.3636628091 0.0617020540 -0.9294849038
110.5 -103.2 2331.0 0.7734610438 0.0665809736 -0.6303372383 0.0724371597 0.9786671400 0.1922588944 0.6296911240 -0.1943646073 0.7521379590
84.1 -492.1 2408.2 0.7719385624 0.0853046849 -0.6299476027 -0.1276380271 0.9915738106 -0.0221333113 0.6227514744 0.0974908248 0.7763221860
273.0 -95.7 2415.7 0.9379451871 0.1250798404 -0.3234406114 -0.1563241631 0.9850494862 -0.0723893568 0.3095505536 0.1184588298 0.9434754848
223.3 -487.2 2368.7 0.9493959546 -0.0525839031 -0.3096486330 0.0632013381 0.9977036715 0.0243499950 0.3076571822 -0.0426879935 0.9505392313
162.6 380.3 2274.7 0 0 0 0 0 0 0 0 0
313.2 321.3 2237.3 0 0 0 0 0 0 0 0 0
53.9 -842.9 2373.7 0 0 0 0 0 0 0 0 0
242.7 -857.1 2384.5 0 0 0 0 0 0 0 0 0
176.2 498.5 2348.3 5 0.9084233642 -0.0154009815 -0.4177677035 0.0325506255 0.9988930821 0.0339562260 0.4167823195 -0.0444452278 0.9079191089
179.3 297.5 2357.3 0.9084233642 -0.0154009815 -0.4177677035 0.0325506255 0.9988930821 0.0339562260 0.4167823195 -0.0444452278 0.9079191089
184.2 99.1 2365.1 0.9082794785 -0.0253982432 -0.4175923467 0.0395959094 0.9988936782 0.0253692530 0.4164860249 -0.0395773202 0.9082802534
46.7 291.6 2296.5 0.5500186086 -0.5377425551 -0.6389933228 0.4836426675 0.8288569450 -0.2812222540 0.6808592081 -0.1543669552 0.7159619927
-25.5 228.1 2207.1 -0.7375232577 -0.5896918774 0.3291245401 -0.6136919856 0.7886399031 0.0378046669 -0.2818538547 -0.1740992814 -0.9435294867
311.8 303.4 2418.1 0.4627976716 0.8758368492 0.1368509382 -0.8230645061 0.4818805456 -0.3005926013 -0.3292158842 0.0264764000 0.9438834190
424.2 103.4 2338.1 -0.4288059473 0.8758368492 0.2214392126 0.8021984100 0.4818805456 -0.3525179327 -0.4154554307 0.0264764000 -0.9092281461
107.9 -103.6 2334.9 0.7961035371 0.0605959408 -0.6021189690 0.0666921884 0.9801284671 0.1868163943 0.6014742851 -0.1888818294 0.7762424350
83.8 -493.1 2410.0 0.7947578430 0.0843613297 -0.6010350585 -0.1269624084 0.9914916754 -0.0287184883 0.5934985280 0.0991331041 0.7987065315
271.6 -95.4 2417.3 0.9498140216 0.1256659925 -0.2864636481 -0.1497140229 0.9866842031 -0.0635606721 0.2746617496 0.1032584459 0.9559804797
221.7 -487.5 2376.2 0.9571286440 -0.0695225671 -0.2811962664 0.0654209480 0.9975700378 -0.0239596646 0.2821787000 0.0045363563 0.9593511224
158.9 381.5 2277.6 0 0 0 0 0 0 0 0 0
314.2 309.3 2231.4 0 0 0 0 0 0 0 0 0
54.1 -843.3 2375.0 0 0 0 0 0 0 0 0 0
246.0 -836.1 2374.6 0 0 0 0 0 0 0 0 0
176.2 499.0 2350.0 6 0.9099985957 -0.0105602341 -0.4144768715 0.0226706453 0.9994474053 0.0243098140 0.4139911234 -0.0315183550 0.9097350836
178.3 297.4 2356.4 0.9099985957 -0.0105602341 -0.4144768715 0.0226706453 0.9994474053 0.0243098140 0.4139911234 -0.0315183550 0.9097350836
182.5 98.9 2362.3 0.9098499417 -0.0216314830 -0.4143731594 0.0318973996 0.9993314147 0.0178699475 0.4137095511 -0.0294763967 0.9099316001
45.6 292.6 2296.0 0.5542351604 -0.5350266695 -0.6376282573 0.4746525884 0.8324401379 -0.2859166563 0.6837604046 -0.1441868693 0.7153193951
-27.2 230.3 2206.3 -0.7408770919 -0.5872001052 0.3260324597 -0.6079725027 0.7926245928 0.0459966063 -0.2854305506 -0.1641409248 -0.9442389011
311.1 302.1 2416.8 0.4426207244 0.8885464072 0.1207150966 -0.8436048031 0.4582568109 -0.2798779607 -0.3040030599 0.0220439527 0.9524160028
419.5 95.4 2342.3 -0.4024417996 0.8885464072 0.2202858180 0.8015916348 0.4582568109 -0.3839941919 -0.4421441555 0.0220439527 -0.8966730833
106.0 -103.0 2334.8 0.7986525297 0.0600583106 -0.5987880230 0.0613248684 0.9817056656 0.1802588552 0.5986596346 -0.1806847900 0.7803586721
82.1 -493.2 2406.6 0.7974803448 0.0778760463 -0.5982978940 -0.1165621877 0.9928393960 -0.0261368863 0.5919783115 0.0905825645 0.8008473516
272.5 -95.7 2411.2 0.9515330195 0.1198927909 -0.2832148075 -0.1452838033 0.9868863821 -0.0703415871 0.2710673809 0.1080788672 0.9564734101
224.8 -487.9 2368.2 0.9619808197 -0.0462697819 -0.2691690326 0.0572130121 0.9978181124 0.0329495408 0.2670571506 -0.0470967963 0.9625291228
158.0 382.3 2277.6 0 0 0 0 0 0 0 0 0
315.6 302.4 2228.2 0 0 0 0 0 0 0 0 0
54.7 -843.0 2374.7 0 0 0 0 0 0 0 0 0
241.7 -852.4 2385.4 0 0 0 0 0 0 0 0 0
175.6 498.7 2351.4 7 0.9203391671 -0.0091592474 -0.3910139799 0.0190158486 0.9995913506 0.0213432927 0.3906587064 -0.0270785298 0.9201372266
177.4 297.3 2356.9 0.9203391671 -0.0091592474 -0.3910139799 0.0190158486 0.9995913506 0.0213432927 0.3906587064 -0.0270785298 0.9201372266
181.2 98.8 2362.1 0.9202042222 -0.0197098926 -0.3909420371 0.0283586904 0.9994639158 0.0163616594 0.3904099762 -0.0261426717 0.9202698469
43.2 293.1 2299.9 0.5727878213 -0.5363118052 -0.6199063063 0.4712673128 0.8342332840 -0.2862899899 0.6706871390 -0.1281581521 0.7305848598
-32.0 231.2 2211.8 -0.7495476007 -0.5890840292 0.3019244969 -0.6052327752 0.7946102619 0.0478313416 -0.2680889666 -0.1468827277 -0.9521311522
311.7 301.6 2413.9 0.4076517522 0.9069922566 0.1057597771 -0.8681607246 0.4208658338 -0.2629998922 -0.2830495536 0.0153958872 0.9589816928
410.8 90.6 2345.0 -0.3639264703 0.9069922566 0.2119495273 0.8016341329 0.4208658338 -0.4245640635 -0.4742786288 0.0153958872 -0.8802401423
103.4 -102.6 2330.2 0.8147479892 0.0499781631 -0.5776572824 0.0739056170 0.9792000651 0.1889581978 0.5750858188 -0.1966454238 0.7941076159
83.5 -491.7 2408.3 0.8140765429 0.0835450292 -0.5747169852 -0.1218007356 0.9921509624 -0.0283023398 0.5678415298 0.0930412263 0.8178626895
270.2 -96.7 2406.0 0.9592996240 0.1146997958 -0.2580469549 -0.1358234882 0.9885641336 -0.0655203164 0.2475807816 0.0979024470 0.9639081359
224.6 -489.6 2367.1 0.9685645700 -0.0461409166 -0.2444456220 0.0575068854 0.9975609183 0.0395619869 0.2420239747 -0.0523756444 0.9688556194
155.4 382.5 2278.9 0 0 0 0 0 0 0 0 0
316.9 297.5 2222.6 0 0 0 0 0 0 0 0 0
54.0 -842.0 2375.5 0 0 0 0 0 0 0 0 0
241.9 -862.4 2386.7 0 0 0 0 0 0 0 0 0
176.5 499.1 2352.6 8 0.9291731715 -0.0066736331 -0.3695845008 0.0143086184 0.9997370243 0.0179209542 0.3693676889 -0.0219399128 0.9290242791
177.8 297.7 2357.0 0.9291731715 -0.0066736331 -0.3695845008 0.0143086184 0.9997370243 0.0179209542 0.3693676889 -0.0219399128 0.9290242791
180.4 99.2 2361.3 0.9291059375 -0.0137940012 -0.3695563078 0.0208748300 0.9996670485 0.0151682450 0.3692240417 -0.0218073316 0.9290845394
42.2 294.6 2303.1 0.5911211371 -0.5336712003 -0.6047899127 0.4648743570 0.8381705284 -0.2852402627 0.6591416001 -0.1125397757 0.7435503602
-35.4 233.5 2216.6 -0.7594429255 -0.5871172547 0.2802495658 -0.5993210673 0.7989630103 0.0497230254 -0.2531022727 -0.1301976591 -0.9586384892
313.4 300.9 2410.9 0.3797931671 0.9194533229 0.1017973274 -0.8836966753 0.3931452334 -0.2540020943 -0.2735642195 0.0065103066 0.9618316889
405.8 85.8 2344.3 -0.3409506679 0.9194533229 0.1958524883 0.8054139018 0.3931452334 -0.4435597956 -0.4848310053 0.0065103066 -0.8745836020
100.8 -102.4 2331.5 0.8287093043 0.0420548841 -0.5580970049 0.0764743686 0.9793117046 0.1873506755 0.5544299483 -0.1979393661 0.8083485961
84.1 -491.5 2410.1 0.8286513686 0.0851266831 -0.5532543659 -0.1270182133 0.9911823273 -0.0377362594 0.5451635718 0.1015435755 0.8321571946
269.5 -97.1 2403.0 0.9645587206 0.1178670824 -0.2360801846 -0.1370532811 0.9883274436 -0.0665225759 0.2254837006 0.0965204909 0.9694539309
222.6 -489.9 2364.7 0.9743490815 -0.0480706468 -0.2198478580 0.0616119243 0.9965751171 0.0551541038 0.2164436132 -0.0672845989 0.9739738107
154.5 383.4 2279.9 0 0 0 0 0 0 0 0 0
317.9 293.6 2219.2 0 0 0 0 0 0 0 0 0
54.1 -840.3 2374.4 0 0 0 0 0 0 0 0 0
240.8 -866.5 2390.1 0 0 0 0 0 0 0 0 0
176.2 499.1 2352.7 9 0.9755142331 0.0124213872 -0.2195851654 -0.0088227866 0.9998103380 0.0173612703 0.2197591662 -0.0149988132 0.9754388332
173.7 297.3 2355.7 0.9755142331 0.0124213872 -0.2195851654 -0.0088227866 0.9998103380 0.0173612703 0.2197591662 -0.0149988132 0.9754388332
174.0 98.7 2358.5 0.9755834341 0.0019311854 -0.2196206003 0.0008174320 0.9999225140 0.0124237379 0.2196275592 -0.0122999186 0.9755062461
32.2 297.1 2324.0 0.6954868436 -0.5287045240 -0.4865897298 0.4477949440 0.8485255837 -0.2819291651 0.5619410872 -0.0218144041 0.8268895745
-59.1 238.3 2250.2 -0.8008726239 -0.5849857926 0.1280418336 -0.5832920671 0.8104439974 0.0543226264 -0.1355486959 -0.0311802775 -0.9902799129
315.3 297.6 2387.4 0.3710136116 0.9258146286 0.0722229779 -0.9106237292 0.3779588938 -0.1670673490 -0.1819707304 -0.0037836994 0.9832966924
403.2 81.7 2344.3 -0.3243748546 0.9258146286 0.1940314472 0.7893415689 0.3779588938 -0.4838253558 -0.5212685466 -0.0037836994 -0.8533843160
98.0 -101.3 2331.8 0.9062094092 0.0379454158 -0.4211231172 0.0506216884 0.9790652990 0.1971511096 0.4197880030 -0.1999781579 0.8853173256
82.9 -490.4 2411.3 0.9054992199 0.0803940818 -0.4166629016 -0.1165475473 0.9912465215 -0.0620246120 0.4080292583 0.1047242805 0.9069426656
268.3 -97.5 2399.5 0.9899882674 0.1131887287 -0.0843298435 -0.1200717315 0.9894074202 -0.0815824643 0.0742023587 0.0908913165 0.9930925369
223.3 -490.7 2363.4 0.9966640472 -0.0484729037 -0.0656593665 0.0532832965 0.9958626628 0.0736101046 0.0618196167 -0.0768630952 0.9951233268
141.1 384.1 2284.1 0 0 0 0 0 0 0 0 0
318.9 287.0 2208.8 0 0 0 0 0 0 0 0 0
54.6 -839.8 2374.4 0 0 0 0 0 0 0 0 0
241.8 -869.1 2392.6 0 0 0 0 0 0 0 0 0
175.7 498.5 2352.2 0 0.9900379181 0.0185253005 -0.1395770162 -0.0165911522 0.9997497201 0.0150081543 0.1398201138 -0.0125428988 0.9900974631
172.0 296.8 2354.8 0.9900379181 0.0185253005 -0.1395770162 -0.0165911522 0.9997497201 0.0150081543 0.1398201138 -0.0125428988 0.9900974631
170.5 98.2 2357.2 0.9901565909 0.0098453229 -0.1396171898 -0.0082252659 0.9998920560 0.0121758562 0.1397219896 -0.0109076155 0.9901306629
28.1 297.8 2334.6 0.7427594066 -0.5211417079 -0.4203805029 0.4404272139 0.8531748652 -0.2794933021 0.5043137074 0.0224492624 0.8632286787
-69.4 240.0 2268.4 -0.8144014478 -0.5783347487 0.0477405936 -0.5759446025 0.8156091571 0.0554036051 -0.0709794909 0.0176248401 -0.9973220229
315.8 295.7 2374.9 0.3515554667 0.9331813455 0.0747079775 -0.9271180630 0.3581157625 -0.1104770824 -0.1298492551 -0.0304242950 0.9910668731
400.0 73.7 2343.8 -0.3154311180 0.9331813455 0.1722664982 0.7754889727 0.3581157625 -0.5199711323 -0.5469186902 -0.0304242950 -0.8366327286
85.2 -100.0 2341.3 0.9378232956 0.0127531793 -0.3468786776 0.0473260880 0.9852951169 0.1641759872 0.3438716531 -0.1703844815 0.9234291911
80.1 -491.3 2409.0 0.9376162291 0.0703988224 -0.3404700458 -0.0990408063 0.9927935600 -0.0674678013 0.3332667947 0.0969793275 0.9378316998
261.9 -99.8 2381.1 0.9948430657 0.1014015153 0.0022425214 -0.1013010219 0.9944699407 -0.0277067591 -0.0050396272 0.0273367073 0.9996135831
221.6 -494.2 2370.2 0.9973792434 -0.0719608963 0.0074989274 0.0717635006 0.9971350431 0.0239110216 -0.0091981012 -0.0233102068 0.9996859431
134.2 384.0 2286.1 0 0 0 0 0 0 0 0 0
318.0 275.4 2201.6 0 0 0 0 0 0 0 0 0
55.5 -837.9 2375.1 0 0 0 0 0 0 0 0 0
246.9 -844.8 2378.4 0 0 0 0 0 0 0 0 0
175.4 498.6 2359.5 1 0.9961710572 0.0202032384 -0.0850589573 -0.0208152365 0.9997634292 -0.0063141901 0.0849112645 0.0080605363 0.9963558912
171.3 296.6 2357.9 0.9961710572 0.0202032384 -0.0850589573 -0.0208152365 0.9997634292 -0.0063141901 0.0849112645 0.0080605363 0.9963558912
169.0 98.0 2356.9 0.9962954521 0.0128312288 -0.0850339010 -0.0132871158 0.9999002218 -0.0047974335 0.0849638581 0.0059095165 0.9963665009
26.3 298.4 2345.6 0.7708926201 -0.5160502791 -0.3733854294 0.4295635223 0.8540248275 -0.2934565544 0.4703187644 0.0658307374 0.8800378442
-74.9 242.0 2283.8 -0.8191371560 -0.5735567212 -0.0068550180 -0.5724593997 0.8167005777 0.0727349892 -0.0361191481 0.0635041520 -0.9973277450
316.3 294.8 2370.2 0.3300112784 0.9382985234 0.1033848375 -0.9372422695 0.3387449384 -0.0826365352 -0.1125588268 -0.0696256459 0.9912027121
396.4 67.4 2342.8 -0.3175239563 0.9382985234 0.1370197386 0.7640979886 0.3387449384 -0.5490046740 -0.5615450144 -0.0696256459 -0.8245116472
78.5 -99.7 2346.9 0.9554658532 -0.0001178475 -0.2951017320 0.0454674102 0.9881180525 0.1468175501 0.2915780246 -0.1536966562 0.9441184402
78.6 -492.2 2407.9 0.9554297328 0.0646190494 -0.2880596817 -0.0885624066 0.9935466647 -0.0708641782 0.2816215456 0.0932170078 0.9549868703
258.4 -101.2 2372.2 0.9936715961 0.0938580930 0.0617042519 -0.0941386074 0.9955577254 0.0016483561 -0.0612754337 -0.0074466770 0.9980931282
221.2 -496.2 2375.1 0.9948623180 -0.0813756511 0.0602239966 0.0823558345 0.9965050220 -0.0139724026 -0.0588765033 0.0188604146 0.9980871081
129.9 385.1 2292.9 0 0 0 0 0 0 0 0 0
314.4 264.8 2197.8 0 0 0 0 0 0 0 0 0
56.2 -835.7 2375.7 0 0 0 0 0 0 0 0 0
248.6 -831.7 2368.8 0 0 0 0 0 0 0 0 0
174.6 497.1 2356.6 2 0.9997289777 0.0201892685 -0.0115902647 -0.0201669410 0.9997945428 0.0020400244 0.0116290702 -0.0018057313 0.9999307394
170.5 294.9 2357.0 0.9997289777 0.0201892685 -0.0115902647 -0.0201669410 0.9997945428 0.0020400244 0.0116290702 -0.0018057313 0.9999307394
167.8 96.3 2357.1 0.9998223186 0.0148423435 -0.0116193956 -0.0148389628 0.9998898506 0.0003771457 0.0116237132 -0.0002046590 0.9999324083
25.0 296.9 2355.3 0.8040505052 -0.5084429383 -0.3082021773 0.4303888977 0.8553680778 -0.2882894576 0.4102050364 0.0991524830 0.9065873623
-80.6 240.4 2301.5 -0.8204989433 -0.5660250187 -0.0799822435 -0.5710054636 0.8181469440 0.0677371025 0.0270963348 0.1012485176 -0.9944921136
316.0 292.8 2358.6 0.3124944270 0.9440597296 0.1053490192 -0.9485447407 0.3160819113 -0.0188447647 -0.0510895029 -0.0940393731 0.9942567348
391.7 63.2 2346.3 -0.3050501645 0.9440597296 0.1252819598 0.7286872864 0.3160819113 -0.6075418591 -0.6131551862 -0.0940393731 -0.7843451500
75.5 -99.5 2348.1 0.9744351506 -0.0050253011 -0.2246127725 0.0370929204 0.9896284938 0.1387786716 0.2215857953 -0.1435623616 0.9645152092
77.5 -492.6 2405.1 0.9740535021 0.0582699180 -0.2186877877 -0.0751039907 0.9947532415 -0.0694648623 0.2134926766 0.0840868205 0.9733192325
257.1 -101.8 2363.5 0.9872074127 0.0858585387 0.1343494654 -0.0867676213 0.9962281585 0.0009151042 -0.1337641478 -0.0125605809 0.9909335971
223.0 -497.4 2368.5 0.9883925319 -0.0607456937 0.1392485052 0.0527296178 0.9967712164 0.0605535880 -0.1424772739 -0.0525081940 0.9884043336
124.5 383.2 2294.7 0 0 0 0 0 0 0 0 0
314.4 247.8 2190.9 0 0 0 0 0 0 0 0 0
57.5 -835.0 2376.2 0 0 0 0 0 0 0 0 0
244.8 -854.8 2387.3 0 0 0 0 0 0 0 0 0
173.7 497.3 2354.2 3 0.9996935129 0.0197661277 0.0149056399 -0.0197827388 0.9998038411 0.0009678549 -0.0148835853 -0.0012624327 0.9998884201
169.7 295.2 2354.5 0.9996935129 0.0197661277 0.0149056399 -0.0197827388 0.9998038411 0.0009678549 -0.0148835853 -0.0012624327 0.9998884201
167.0 96.7 2355.0 0.9997875690 0.0142134996 0.0149248783 -0.0142463949 0.9998962879 0.0021000481 -0.0148934815 -0.0023122279 0.9998863935
24.0 297.2 2356.6 0.8143887520 -0.5061607957 -0.2838524878 0.4315580428 0.8552470803 -0.2868973315 0.3879801929 0.1111471355 0.9149413705
-82.9 240.5 2305.7 -0.8191375136 -0.5636439323 -0.1063919365 -0.5714274049 0.8179966211 0.0659710467 0.0498440675 0.1148346364 -0.9921333194
315.4 293.3 2352.3 0.3004315197 0.9434781075 0.1399643123 -0.9529291391 0.3031882942 0.0017035935 -0.0408282354 -0.1338878870 0.9901551008
389.2 59.2 2342.2 -0.3151457012 0.9434781075 0.1026269570 0.6955668330 0.3031882942 -0.6513552070 -0.6456546783 -0.1338878870 -0.7518005371
73.7 -101.0 2356.2 0.9799429774 -0.0128456987 -0.1988636404 0.0386666805 0.9912113547 0.1265105009 0.1954907775 -0.1316624731 0.9718273282
78.8 -494.8 2408.6 0.9795022011 0.0606653839 -0.1920810491 -0.0768553317 0.9939877987 -0.0779843777 0.1861952692 0.0911483243 0.9782756567
256.0 -103.7 2358.3 0.9829007983 0.0868298709 0.1623778343 -0.0917913243 0.9955058098 0.0232921392 -0.1596256196 -0.0377987400 0.9864537120
221.5 -499.1 2373.3 0.9835869670 -0.0798794702 0.1617900133 0.0782227591 0.9967978001 0.0165943317 -0.1625974625 -0.0036663073 0.9866856933
121.9 383.4 2293.2 0 0 0 0 0 0 0 0 0
310.3 233.3 2180.6 0 0 0 0 0 0 0 0 0
58.2 -832.7 2377.6 0 0 0 0 0 0 0 0 0
248.6 -837.1 2374.5 0 0 0 0 0 0 0 0 0
173.7 498.4 2353.0 4 0.9993259311 0.0159965809 0.0330420062 -0.0161641482 0.9998577833 0.0048104324 -0.0329603590 -0.0053412858 0.9994423985
170.5 296.2 2354.1 0.9993259311 0.0159965809 0.0330420062 -0.0161641482 0.9998577833 0.0048104324 -0.0329603590 -0.0053412858 0.9994423985
168.0 97.7 2355.2 0.9993785024 0.0122677833 0.0330462456 -0.0124432808 0.9999095201 0.0051102424 -0.0329805613 -0.0055182702 0.9994407296
24.7 297.9 2358.9 0.8204668164 -0.5056879520 -0.2666719556 0.4342176020 0.8546380401 -0.2846908569 0.3718727231 0.1177857295 0.9207807779
-83.0 240.9 2310.0 -0.8170110583 -0.5630238652 -0.1244869903 -0.5727888942 0.8172926307 0.0628145486 0.0663762093 0.1226249412 -0.9902309179
316.2 294.6 2349.3 0.2949126065 0.9387024045 0.1785057336 -0.9545444250 0.2978816628 0.0105595747 -0.0432612859 -0.1735058129 0.9838821888
389.8 56.2 2338.5 -0.3305120766 0.9387024045 0.0979771242 0.6346377730 0.2978816628 -0.7130928636 -0.6985675693 -0.1735058129 -0.6941894889
72.8 -100.7 2356.9 0.9833015203 -0.0151079157 -0.1813555807 0.0379417911 0.9916678071 0.1231072620 0.1779845953 -0.1279325187 0.9756816626
78.8 -494.8 2407.7 0.9829692245 0.0576954447 -0.1744784713 -0.0727966204 0.9940176010 -0.0814229399 0.1687369347 0.0927376896 0.9812887311
255.6 -103.3 2354.1 0.9807031751 0.0781793445 0.1791905910 -0.0820473582 0.9965263009 0.0142660011 -0.1774528325 -0.0286928266 0.9837109447
224.5 -499.2 2365.5 0.9813883305 -0.0541536175 0.1842398196 0.0391284600 0.9956774116 0.0842343345 -0.1880050302 -0.0754575729 0.9792651534
121.3 384.1 2293.4 0 0 0 0 0 0 0 0 0
308.0 213.4 2165.5 0 0 0 0 0 0 0 0 0
59.1 -833.7 2376.1 0 0 0 0 0 0 0 0 0
244.0 -857.3 2392.6 0 0 0 0 0 0 0 0 0
173.2 497.8 2352.9 5 0.9987663627 0.0113147488 0.0483494736 -0.0115360767 0.9999241829 0.0043010772 -0.0482971407 -0.0048535350 0.9988211989
170.9 295.9 2353.9 0.9987663627 0.0113147488 0.0483494736 -0.0115360767 0.9999241829 0.0043010772 -0.0482971407 -0.0048535350 0.9988211989
169.1 97.4 2354.9 0.9987939000 0.0085213156 0.0483542681 -0.0087628243 0.9999501705 0.0047847927 -0.0483110882 -0.0052027414 0.9988188148
25.2 297.1 2360.9 0.8244795799 -0.5069468021 -0.2514724135 0.4370578527 0.8527247906 -0.2860785127 0.3594633341 0.1259578913 0.9246192575
-83.0 239.7 2313.7 -0.8137945533 -0.5640646815 -0.1398910135 -0.5758113265 0.8151671290 0.0628000200 0.0786112919 0.1316571534 -0.9881734252
316.6 294.8 2346.8 0.2679906189 0.9390330911 0.2154017389 -0.9625617862 0.2704168260 0.0186962374 -0.0406918675 -0.2123478949 0.9763465524
383.6 54.2 2336.7 -0.3304765522 0.9390330911 0.0948796272 0.5394367576 0.2704168260 -0.7974225879 -0.7744632363 -0.2123478949 -0.5959153175
74.1 -99.9 2359.4 0.9858770967 -0.0143941389 -0.1668507606 0.0354470834 0.9916617274 0.1238972545 0.1636761278 -0.1280618459 0.9781668186
79.8 -494.0 2410.3 0.9850194454 0.0640926808 -0.1600901932 -0.0788299069 0.9930437207 -0.0874641612 0.1533707529 0.0987737924 0.9832198024
257.1 -102.2 2353.3 0.9776296616 0.0812236145 0.1940180808 -0.0851709247 0.9962931871 0.0120766340 -0.1923179775 -0.0283311754 0.9809235930
224.8 -498.0 2364.5 0.9788680673 -0.0457758270 0.1993034333 0.0297028609 0.9961149096 0.0829027370 -0.2023240626 -0.0752309635 0.9764247537
120.4 383.7 2294.0 0 0 0 0 0 0 0 0 0
303.2 185.4 2148.3 0 0 0 0 0 0 0 0 0
58.0 -832.6 2376.6 0 0 0 0 0 0 0 0 0
241.8 -867.5 2392.4 0 0 0 0 0 0 0 0 0
171.7 497.9 2345.3 6 0.9983203411 0.0024998023 0.0578808561 -0.0043399944 0.9994883537 0.0316889212 -0.0577720255 -0.0318868980 0.9978204370
171.2 294.2 2351.8 0.9983203411 0.0024998023 0.0578808561 -0.0043399944 0.9994883537 0.0316889212 -0.0577720255 -0.0318868980 0.9978204370
170.8 95.7 2356.5 0.9983231425 0.0016772568 0.0578631908 -0.0030262589 0.9997254610 0.0232339036 -0.0578083359 -0.0233700518 0.9980541468
25.5 294.5 2360.2 0.8248885274 -0.5115017891 -0.2406757772 0.4489589036 0.8514959812 -0.2709067166 0.3435037434 0.1154143140 0.9320325851
-82.8 235.6 2315.1 -0.8090752959 -0.5683060884 -0.1497510970 -0.5796641111 0.8136706948 0.0439255647 0.0968849137 0.1223444268 -0.9877474904
316.8 293.9 2343.4 0.2432135493 0.9406282306 0.2367820442 -0.9699659944 0.2367642224 0.0557549335 -0.0036168564 -0.2432308942 0.9699617028
374.6 63.6 2342.6 -0.3178054690 0.9406282306 0.1192403212 0.3625683784 0.2367642224 -0.9013805389 -0.8760958314 -0.2432308942 -0.4162870049
75.9 -100.5 2360.4 0.9873868823 -0.0099696955 -0.1580117345 0.0293490645 0.9922438860 0.1207917407 0.1555819213 -0.1239056811 0.9800212383
79.9 -494.9 2409.6 0.9861507416 0.0647231787 -0.1527012736 -0.0780670047 0.9934813976 -0.0830677971 0.1463294625 0.0938383043 0.9847751260
259.0 -102.2 2351.5 0.9755049944 0.0873219371 0.2019031048 -0.0920194387 0.9956590533 0.0139797153 -0.1998059154 -0.0322162919 0.9793057442
224.3 -497.8 2364.3 0.9771328568 -0.0478421263 0.2071773857 0.0320317857 0.9963592291 0.0790078267 -0.2102030069 -0.0705648884 0.9751078486
119.5 380.5 2290.9 0 0 0 0 0 0 0 0 0
298.2 150.8 2131.9 0 0 0 0 0 0 0 0 0
57.8 -833.8 2377.6 0 0 0 0 0 0 0 0 0
242.3 -873.0 2390.9 0 0 0 0 0 0 0 0 0
171.8 496.0 2349.0 7 0.9989684224 0.0028665145 0.0453201607 -0.0037951476 0.9997843504 0.0204177666 -0.0452518575 -0.0205687005 0.9987638593
171.3 292.5 2353.2 0.9989684224 0.0028665145 0.0453201607 -0.0037951476 0.9997843504 0.0204177666 -0.0452518575 -0.0205687005 0.9987638593
170.9 93.9 2356.1 0.9989722371 0.0013261181 0.0453068018 -0.0019644550 0.9998993874 0.0140475892 -0.0452836156 -0.0141221546 0.9988743663
25.5 292.7 2359.8 0.8202189803 -0.5134600997 -0.2521895766 0.4462040067 0.8501234055 -0.2796286643 0.3579704165 0.1168287396 0.9263952971
-82.2 234.1 2312.8 -0.8098545671 -0.5703225136 -0.1373602003 -0.5809617639 0.8122056723 0.0529652499 0.0813574642 0.1226951778 -0.9891040921
317.0 292.3 2346.7 0.2116930336 0.9506561160 0.2268016934 -0.9771374464 0.2105518579 0.0295006130 -0.0197085794 -0.2278615087 0.9734940529
366.5 64.0 2342.0 -0.2709918618 0.9506561160 0.1510508507 0.2059543133 0.2105518579 -0.9556415081 -0.9402905107 -0.2278615087 -0.2528495491
78.9 -102.7 2366.5 0.9853873849 -0.0011342486 -0.1703244895 0.0183213800 0.9948818088 0.0993704051 0.1693400294 -0.1010389179 0.9803647995
79.4 -497.9 2406.6 0.9838882685 0.0621455498 -0.1676359624 -0.0750469416 0.9945952296 -0.0717515275 0.1622708887 0.0831760541 0.9832344055
262.0 -103.2 2355.8 0.9777731299 0.0898313373 0.1894466281 -0.0921748653 0.9957364202 0.0035776531 -0.1883175224 -0.0209603515 0.9818844795
226.3 -498.9 2364.2 0.9799966812 -0.0359593257 0.1957380623 0.0207099337 0.9966273904 0.0794039816 -0.1979332268 -0.0737619177 0.9774362445
120.3 379.3 2292.5 0 0 0 0 0 0 0 0 0
300.1 114.5 2111.5 0 0 0 0 0 0 0 0 0
58.4 -834.1 2378.5 0 0 0 0 0 0 0 0 0
239.9 -876.9 2392.1 0 0 0 0 0 0 0 0 0
169.0 497.4 2343.9 8 0.9972630143 -0.0017066596 0.0739161745 -0.0010534155 0.9993041158 0.0372855365 -0.0739283711 -0.0372613482 0.9965671897
169.3 293.8 2351.5 0.9972630143 -0.0017066596 0.0739161745 -0.0010534155 0.9993041158 0.0372855365 -0.0739283711 -0.0372613482 0.9965671897
170.0 95.2 2356.9 0.9972567558 -0.0034080199 0.0739416629 0.0013901282 0.9996256232 0.0273246411 -0.0740071014 -0.0271468945 0.9968881607
23.8 293.5 2362.3 0.5917420387 -0.7928007245 -0.1459739208 0.7656882405 0.4961326420 0.4093579650 -0.2521168590 -0.3540048301 0.9006206989
-75.8 164.7 2404.7 -0.5591219664 -0.7928007245 -0.2425894588 -0.3608503640 0.4961326420 -0.7897084355 0.7464379668 -0.3540048301 -0.5634810925
314.8 294.0 2340.7 0.1817052215 0.9584122300 0.2200663388 -0.9833231568 0.1788358986 0.0330647081 -0.0076661417 -0.2224043608 0.9749243855
359.4 52.8 2338.8 -0.2391228378 0.9584122300 0.1557762772 0.0778427348 0.1788358986 -0.9807946682 -0.9678640366 -0.2224043608 -0.1173691824
79.1 -104.6 2363.0 0.9897807837 0.0050936807 -0.1425061971 0.0115051689 0.9932510853 0.1154118106 0.1421323121 -0.1158719584 0.9830422401
77.0 -499.2 2409.1 0.9883280396 0.0582477972 -0.1407654732 -0.0700528845 0.9942967296 -0.0804148540 0.1352786720 0.0893372819 0.9867717624
262.2 -104.9 2354.7 0.9720237851 0.0919998512 0.2161152363 -0.0943899602 0.9955350161 0.0007413275 -0.2150820792 -0.0211196970 0.9763675928
225.7 -500.6 2363.1 0.9739413857 -0.0379720144 0.2235984355 0.0178253520 0.9956509471 0.0914408118 -0.2260981947 -0.0850722715 0.9703825712
29.1 232.4 2264.7 0 0 0 0 0 0 0 0 0
299.5 72.3 2096.4 0 0 0 0 0 0 0 0 0
57.5 -833.5 2379.0 0 0 0 0 0 0 0 0 0
240.1 -879.6 2395.5 0 0 0 0 0 0 0 0 0
168.2 499.6 2347.8 9 0.9944310784 0.0109893801 0.1048143059 -0.0138757871 0.9995431900 0.0268489514 -0.1044713706 -0.0281538144 0.9941293001
165.9 295.9 2353.6 0.9944310784 0.0109893801 0.1048143059 -0.0138757871 0.9995431900 0.0268489514 -0.1044713706 -0.0281538144 0.9941293001
163.3 97.3 2357.2 0.9944196343 0.0129979523 0.1046929881 -0.0148297381 0.9997499585 0.0167373270 -0.1044492573 -0.0181964952 0.9943637252
20.8 298.1 2368.8 0.6431962252 -0.7568200231 -0.1162844896 0.7167112827 0.5416117311 0.4392967522 -0.2694875598 -0.3658964038 0.8907840848
-114.4 147.5 2425.4 -0.4558641911 -0.7568200231 -0.4684135914 -0.0362083688 0.5416117311 -0.8398486376 0.8893125653 -0.3658964038 -0.2743045986
311.0 293.8 2338.3 0.1984019130 0.9454317689 0.2584480643 -0.9797815681 0.1982500851 0.0269245692 -0.0257820096 -0.2585645318 0.9656498432
363.2 36.0 2331.5 -0.2590217292 0.9454317689 0.1976523697 -0.0240860935 0.1982500851 -0.9798554778 -0.9655711055 -0.2585645318 -0.0285793245
79.3 -103.5 2369.1 0.9938613176 0.0038166558 -0.1105672121 0.0078531699 0.9944499135 0.1049174964 0.1103539914 -0.1051417440 0.9883153439
77.8 -498.7 2410.8 0.9922490120 0.0591539852 -0.1092829034 -0.0686912462 0.9939525723 -0.0856727287 0.1035541445 0.0925154611 0.9903118014
262.1 -103.3 2355.5 0.9649560452 0.0914289281 0.2459686846 -0.0919583887 0.9957188964 -0.0093577048 -0.2457712293 -0.0135891112 0.9692326188
225.8 -499.0 2360.9 0.9663353562 -0.0333771966 0.2551115751 0.0054584583 0.9939860106 0.1093708277 -0.2572278380 -0.1042963788 0.9607060552
-17.4 155.2 2236.2 0 0 0 0 0 0 0 0 0
297.6 29.9 2086.9 0 0 0 0 0 0 0 0 0
57.8 -834.1 2379.6 0 0 0 0 0 0 0 0 0
238.5 -878.1 2400.7 0 0 0 0 0 0 0 0 0
167.9 501.9 2349.8 0 0.9936026335 0.0102815861 0.1124636531 -0.0125487745 0.9997316599 0.0194700081 -0.1122332960 -0.0207567327 0.9934650660
165.8 297.2 2354.0 0.9936026335 0.0102815861 0.1124636531 -0.0125487745 0.9997316599 0.0194700081 -0.1122332960 -0.0207567327 0.9934650660
163.4 98.6 2356.4 0.9935956001 0.0119621893 0.1123594344 -0.0131798647 0.9998621345 0.0101007633 -0.1122231111 -0.0115169566 0.9936162829
20.7 299.1 2370.4 0.5243141651 -0.8301783204 -0.1894693822 0.8379362822 0.4634211063 0.2882770896 -0.1515172720 -0.3099110425 0.9386147857
-96.2 112.3 2404.2 -0.3139424622 -0.8301783204 -0.4606995881 0.0707689300 0.4634211063 -0.8833077550 0.9468008876 -0.3099110425 -0.0867367312
310.9 295.3 2337.7 0.1882305890 0.9410371184 0.2811021209 -0.9810401201 0.1936052740 0.0087939873 -0.0461473837 -0.2774277627 0.9596375823
363.8 19.4 2324.7 -0.2514221370 0.9410371184 0.2263538688 -0.1484529376 0.1936052740 -0.9697828293 -0.9564249516 -0.2774277627 0.0910230801
69.6 -99.9 2370.5 0.9944038987 -0.0232232921 -0.1030611917 0.0337908082 0.9942097068 0.1020062938 0.1000955179 -0.1049179733 0.9894307256
78.8 -494.9 2412.2 0.9935147166 0.0598244555 -0.0966929495 -0.0686414316 0.9935198426 -0.0905907378 0.0906468183 0.0966403708 0.9911830425
251.8 -102.6 2351.3 0.9645857215 0.0662602410 0.2553115189 -0.0706011355 0.9974735975 0.0078649148 -0.2541453838 -0.0256116670 0.9668268561
225.5 -498.9 2361.5 0.9650938511 -0.0333808102 0.2597682178 0.0110169612 0.9961407781 0.0870760307 -0.2616723776 -0.0811746866 0.9617370963
-23.8 95.9 2185.8 0 0 0 0 0 0 0 0 0
300.4 -18.1 2083.5 0 0 0 0 0 0 0 0 0
58.5 -832.7 2379.3 0 0 0 0 0 0 0 0 0
238.3 -879.1 2392.5 0 0 0 0 0 0 0 0 0
165.9 501.6 2351.8 1 0.9950628281 0.0032847829 0.0991926566 -0.0049252999 0.9998550415 0.0162983444 -0.0991247445 -0.0167064294 0.9949347377
165.2 297.6 2355.2 0.9950628281 0.0032847829 0.0991926566 -0.0049252999 0.9998550415 0.0162983444 -0.0991247445 -0.0167064294 0.9949347377
164.3 98.9 2357.1 0.9950599670 0.0047210259 0.0991631672 -0.0056343670 0.9999442101 0.0089324564 -0.0991154686 -0.0094470512 0.9950311184
19.9 298.4 2369.7 0.4558745027 -0.8520115018 -0.2574002445 0.8881931901 0.4168458879 0.1932676733 -0.0573700443 -0.3167269528 0.9467802048
-89.4 85.5 2383.4 -0.2701476812 -0.8520115018 -0.4484380484 0.1681554466 0.4168458879 -0.8932878971 0.9480211139 -0.3167269528 0.0306604337
310.5 296.8 2340.7 0.1891402304 0.9074927568 0.3750772178 -0.9765881300 0.2137069702 -0.0245960429 -0.1024773419 -0.3616438508 0.9266672134
365.6 12.2 2310.9 -0.2864370942 0.9074927568 0.3072632849 -0.3149152398 0.2137069702 -0.9247474074 -0.9048658609 -0.3616438508 0.2245696932
69.9 -98.9 2369.0 0.9928215146 -0.0245962366 -0.1170487478 0.0371536650 0.9936351776 0.1063426584 0.1136881262 -0.1099280715 0.9874162674
79.7 -493.7 2412.6 0.9919087291 0.0635320842 -0.1099122614 -0.0737382099 0.9930776358 -0.0914300382 0.1033426747 0.0987949893 0.9897271395
252.1 -101.3 2348.4 0.9676126242 0.0706328377 0.2423567474 -0.0743167922 0.9972161651 0.0060805622 -0.2412525713 -0.0238948055 0.9701681733
224.0 -497.5 2357.9 0.9678575397 -0.0383485742 0.2485581040 0.0102072470 0.9934818149 0.1135326177 -0.2512917817 -0.1073463038 0.9619403481
-23.0 44.2 2150.4 0 0 0 0 0 0 0 0 0
293.7 -66.9 2083.6 0 0 0 0 0 0 0 0 0
58.0 -832.6 2378.9 0 0 0 0 0 0 0 0 0
238.7 -876.8 2398.9 0 0 0 0 0 0 0 0 0
165.1 501.8 2351.8 2 0.9965588450 -0.0070067290 0.0825914890 0.0056760395 0.9998504519 0.0163355060 -0.0826935992 -0.0158105008 0.9964495897
166.5 298.4 2355.0 0.9965588450 -0.0070067290 0.0825914890 0.0056760395 0.9998504519 0.0163355060 -0.0826935992 -0.0158105008 0.9964495897
167.9 99.7 2356.8 0.9965577126 -0.0066189268 0.0826371834 0.0058428552 0.9999365807 0.0096296174 -0.0826956779 -0.0091136331 0.9965331554
21.0 297.5 2367.1 0.4374491274 -0.8507433534 -0.2913314700 0.8990493417 0.4070403576 0.1613332778 -0.0186695401 -0.3324964643 0.9429196715
-90.7 68.0 2371.8 -0.2427884042 -0.8507433534 -0.4661432803 0.2567247450 0.4070403576 -0.8765903115 0.9354924560 -0.3324964643 0.1195821986
312.1 299.2 2342.9 0.1880793571 0.8635548353 0.4678666294 -0.9735568166 0.2268117219 -0.0272693746 -0.1296662241 -0.4503659010 0.8833782673
367.8 11.0 2304.5 -0.3076755702 0.8635548353 0.3995106518 -0.4706095457 0.2268117219 -0.8526917100 -0.8269597292 -0.4503659010 0.3366127312
72.1 -99.2 2368.1 0.9906914830 -0.0216988940 -0.1343858391 0.0352899022 0.9944021702 0.0995936468 0.1314725131 -0.1034090370 0.9859115481
80.7 -494.4 2409.2 0.9895388484 0.0651139766 -0.1287364960 -0.0746894777 0.9946757555 -0.0710042939 0.1234276965 0.0798767656 0.9891335964
254.5 -100.3 2349.9 0.9716019630 0.0700525939 0.2260139436 -0.0730429441 0.9973168373 0.0048848311 -0.2250653207 -0.0212548357 0.9741117954
226.7 -496.6 2358.3 0.9723825455 -0.0243398715 0.2321201265 -0.0012768669 0.9939775467 0.1095764041 -0.2333892733 -0.1068465635 0.9664953351
-29.4 3.3 2135.9 0 0 0 0 0 0 0 0 0
290.3 -107.5 2096.4 0 0 0 0 0 0 0 0 0
58.5 -833.0 2382.0 0 0 0 0 0 0 0 0 0
236.0 -876.2 2399.2 0 0 0 0 0 0 0 0 0
163.7 499.3 2353.3 3 0.9965157509 -0.0130865555 0.0823714137 0.0121192262 0.9998517036 0.0122325895 -0.0825192854 -0.0111916913 0.9965265989
166.3 296.6 2355.5 0.9965157509 -0.0130865555 0.0823714137 0.0121192262 0.9998517036 0.0122325895 -0.0825192854 -0.0111916913 0.9965265989
168.7 97.9 2356.2 0.9965201020 -0.0120735765 0.0824739784 0.0117770853 0.9999223351 0.0040805172 -0.0825168416 -0.0030950143 0.9965848923
20.8 294.9 2367.6 0.4481625855 -0.8100236058 -0.3781693876 0.8928000331 0.4270333350 0.1433550566 0.0453699566 -0.4018760026 0.9145694375
-99.2 55.9 2355.4 -0.2630859315 -0.8100236058 -0.5240682960 0.3478350937 0.4270333350 -0.8346576095 0.8998869658 -0.4018760026 0.1694081724
311.9 298.3 2343.5 0.1846868545 0.8217873573 0.5390326977 -0.9721457362 0.2332873046 -0.0225775167 -0.1443033963 -0.5198485851 0.8419821858
367.0 7.9 2300.4 -0.3027155995 0.8217873573 0.4827305377 -0.5941881537 0.2332873046 -0.7697515488 -0.7451870441 -0.5198485851 0.4176766276
77.8 -99.5 2366.3 0.9907640815 -0.0070303744 -0.1354147047 0.0227649231 0.9931045175 0.1150005832 0.1336724609 -0.1170211509 0.9840923548
80.6 -494.1 2412.8 0.9891673326 0.0657210574 -0.1312583089 -0.0774525031 0.9932482839 -0.0863652155 0.1246960759 0.0955959335 0.9875789881
260.5 -98.5 2351.1 0.9698146582 0.0927327499 0.2255220115 -0.0942061245 0.9955436587 -0.0042436048 -0.2249105275 -0.0171300434 0.9742288589
223.7 -494.0 2357.9 0.9706489444 -0.0484300591 0.2355739921 0.0194538869 0.9921157956 0.1238053888 -0.2397125810 -0.1155887470 0.9639383554
-32.8 -32.0 2128.3 0 0 0 0 0 0 0 0 0
290.1 -143.0 2111.1 0 0 0 0 0 0 0 0 0
58.2 -832.3 2380.2 0 0 0 0 0 0 0 0 0
242.2 -872.9 2402.0 0 0 0 0 0 0 0 0 0
161.7 498.4 2353.0 4 0.9947494268 -0.0130382227 0.1015067473 0.0117701665 0.9998451471 0.0130812833 -0.1016615853 -0.0118178474 0.9947488308
164.3 295.6 2355.4 0.9947494268 -0.0130382227 0.1015067473 0.0117701665 0.9998451471 0.0130812833 -0.1016615853 -0.0118178474 0.9947488308
166.7 96.9 2356.4 0.9947546721 -0.0119112860 0.1015936211 0.0113482447 0.9999169111 0.0061182617 -0.1016580537 -0.0049332604 0.9948071837
19.0 293.9 2370.3 0.4416904151 -0.7930139303 -0.4195693731 0.8942305446 0.4269455671 0.1344218403 0.0725348815 -0.4345645905 0.8977150321
-101.4 50.1 2350.5 -0.2466069013 -0.7930139303 -0.5570582747 0.4272994399 0.4269455671 -0.7969521284 0.8698276877 -0.4345645905 0.2335667014
309.6 297.3 2340.6 0.1918224841 0.7916553020 0.5800741315 -0.9724317193 0.2331636995 0.0033598943 -0.1325923502 -0.5647269487 0.8145567775
367.4 4.4 2300.6 -0.2955534160 0.7916553020 0.5347242951 -0.6628192663 0.2331636995 -0.7115513682 -0.6879816651 -0.5647269487 0.4558120668
79.7 -101.8 2364.4 0.9931924939 0.0027598382 -0.1164517775 0.0102762114 0.9937455058 0.1111948043 0.1160303056 -0.1116345301 0.9869522452
78.6 -496.7 2408.7 0.9917811155 0.0563813485 -0.1148538068 -0.0657736287 0.9946467876 -0.0796970874 0.1097455397 0.0865964144 0.9901802540
262.5 -99.7 2349.2 0.9646177292 0.0972418785 0.2450646311 -0.1020433009 0.9947557449 0.0069404580 -0.2431045473 -0.0317020938 0.9694818854
223.8 -494.9 2361.8 0.9659394026 -0.0494818166 0.2539932430 0.0213432126 0.9934373498 0.1123684719 -0.2578865886 -0.1031201109 0.9606564045
-39.0 -58.2 2130.1 0 0 0 0 0 0 0 0 0
291.1 -166.5 2123.2 0 0 0 0 0 0 0 0 0
59.5 -833.9 2379.4 0 0 0 0 0 0 0 0 0
242.7 -874.4 2401.2 0 0 0 0 0 0 0 0 0
160.4 497.9 2352.4 5 0.9936282635 -0.0133754322 0.1119106486 0.0119190449 0.9998354912 0.0136728063 -0.1120751128 -0.0122518186 0.9936242104
163.1 295.2 2354.9 0.9936282635 -0.0133754322 0.1119106486 0.0119190449 0.9998354912 0.0136728063 -0.1120751128 -0.0122518186 0.9936242104
165.6 96.5 2355.9 0.9936276078 -0.0126079377 0.1120053902 0.0119683398 0.9999080300 0.0063809934 -0.1120755374 -0.0049998127 0.9936870933
18.0 293.5 2371.2 0.4401620030 -0.7710646987 -0.4601268172 0.8928516507 0.4302060604 0.1331864893 0.0952539444 -0.4694486260 0.8778067231
-104.1 45.8 2344.8 -0.2386576682 -0.7710646987 -0.5903403759 0.4882555902 0.4302060604 -0.7592952251 0.8394337296 -0.4694486260 0.2738046646
308.3 297.0 2338.5 0.1794251651 0.7736159563 0.6077211499 -0.9754531980 0.2200665921 0.0078553073 -0.1276621222 -0.5942130089 0.7941116691
363.2 -1.9 2299.4 -0.2667325735 0.7736159563 0.5747800469 -0.7375287414 0.2200665921 -0.6384528279 -0.6204071641 -0.5942130089 0.5118650794
77.8 -102.8 2366.7 0.9943408370 0.0038669943 -0.1061667725 0.0085227611 0.9932126999 0.1159993559 0.1058947593 -0.1162477285 0.9875590205
76.3 -497.5 2412.9 0.9932132959 0.0508466214 -0.1046036854 -0.0609304830 0.9935551882 -0.0955801904 0.0990696028 0.1013050750 0.9899103642
