147.4 459.1 2261.8  0.9505800605 -0.0748694912 0.3013173640 -0.0017056916 0.9692160487 0.2462058663 -0.3104749322 -0.2345523387 0.9211897254
163.0 257.9 2310.5 0.9505800605 -0.0748694912 0.3013173640 -0.0017056916 0.9692160487 0.2462058663 -0.3104749322 -0.2345523387 0.9211897254
174.9 63.2 2347.9 0.9505629539 -0.0600400008 0.3046724200 -0.0014588184 0.9802564979 0.1977248192 -0.3105285168 -0.1883943528 0.9317079186
24.2 258.2 2355.8 0.5860370398 -0.7980779409 0.1401148289 0.5862653255 0.5369939804 0.6065726876 -0.5593330860 -0.2733296156 0.7825838327
-95.7 138.3 2470.3 -0.3274963200 -0.7980779409 -0.5057843328 -0.0058032433 0.5369939804 -0.8435661197 0.9448346496 -0.2733296156 -0.1804949939
301.8 257.7 2265.2 0.0915030167 0.2738871574 0.9573990703 -0.9797655344 0.1966248304 0.0373913944 -0.1780074090 -0.9414480925 0.2863369882
321.2 50.1 2227.5 -0.9617566466 0.2738871574 0.0031494205 0.0527883582 0.1966248304 -0.9790567160 -0.2687703073 -0.9414480925 -0.2035633028
97.5 -131.6 2410.0 0.9964474440 0.0565300509 0.0624245666 -0.0612502992 0.9951874614 0.0764876157 -0.0578002967 -0.0800394192 0.9951144457
75.0 -527.0 2441.8 0.9970331788 0.0620646849 0.0455280878 -0.0526044294 0.9812146425 -0.1856088340 -0.0561925806 0.1826631874 0.9815683961
272.7 -130.9 2356.3 0.8912505507 0.1358060241 0.4326999187 -0.1455470622 0.9892933965 -0.0107074110 -0.4295212924 -0.0534352176 0.9014744163
218.7 -524.1 2377.5 0.9005310535 -0.0739586502 0.4284552932 0.1007786691 0.9940955639 -0.0402197279 -0.4229509234 0.0793982670 0.9026674032
-8.8 139.8 2219.5 0 0 0 0 0 0 0 0 0
62.2 64.3 2155.1 0 0 0 0 0 0 0 0 0
55.5 -835.5 2384.4 0 0 0 0 0 0 0 0 0
241.3 -827.9 2353.2 0 0 0 0 0 0 0 0 0
148.2 460.3 2264.3  0.9491450787 -0.0684894621 0.3072991669 -0.0073279748 0.9709816575 0.2390417308 -0.3147536814 -0.2291371673 0.9211005569
162.4 259.2 2311.7 0.9491450787 -0.0684894621 0.3072991669 -0.0073279748 0.9709816575 0.2390417308 -0.3147536814 -0.2291371673 0.9211005569
173.4 64.4 2349.3 0.9491313696 -0.0553118885 0.3099841774 -0.0071119079 0.9804341197 0.1967190653 -0.3147999644 -0.1889168173 0.9301674366
23.8 260.3 2357.7 0.5801326632 -0.8034575582 0.1337984651 0.5989318490 0.5321137905 0.5984442830 -0.5520206094 -0.2670409381 0.7899129391
-93.0 139.7 2468.8 -0.3151577711 -0.8034575582 -0.5051054955 0.0004067512 0.5321137905 -0.8466727138 0.9490392208 -0.2670409381 -0.1673729867
301.0 258.2 2265.8 0.0777869001 0.2740813494 0.9585554600 -0.9777627587 0.2087918669 0.0196453724 -0.1947541684 -0.9387680292 0.2842278183
317.6 49.9 2224.3 -0.9611731172 0.2740813494 0.0320263356 0.0269643273 0.2087918669 -0.9775882959 -0.2746255398 -0.9387680292 -0.2080755532
99.8 -131.4 2413.8 0.9957397580 0.0635564178 0.0668054149 -0.0681222454 0.9953262210 0.0684474558 -0.0621429048 -0.0727067813 0.9954155087
74.5 -527.0 2442.7 0.9969348907 0.0619469248 0.0477843657 -0.0515041538 0.9794179797 -0.1951609105 -0.0588904880 0.1921016425 0.9796065092
274.0 -131.7 2356.9 0.8888663054 0.1404573470 0.4361059368 -0.1481381953 0.9888283610 -0.0165399052 -0.4335570633 -0.0499021821 0.8997433186
218.2 -524.7 2376.8 0.8981225491 -0.0761926472 0.4330941439 0.1022118479 0.9940714240 -0.0370769948 -0.4277015328 0.0775670409 0.9005857706
-8.7 139.6 2215.0 0 0 0 0 0 0 0 0 0
61.4 57.1 2151.1 0 0 0 0 0 0 0 0 0
55.0 -835.7 2382.2 0 0 0 0 0 0 0 0 0
241.5 -828.5 2353.1 0 0 0 0 0 0 0 0 0
147.5 456.2 2266.5  0.9401385188 -0.0670204982 0.3341374099 -0.0145194428 0.9717041850 0.2357544601 -0.3404830992 -0.2264933288 0.9125634432
161.3 255.6 2313.3 0.9401385188 -0.0670204982 0.3341374099 -0.0145194428 0.9717041850 0.2357544601 -0.3404830992 -0.2264933288 0.9125634432
171.6 60.6 2349.9 0.9401324391 -0.0516996868 0.3368650973 -0.0144198602 0.9815077782 0.1908782721 -0.3405040503 -0.1843084097 0.9220018387
24.1 257.7 2363.0 0.5383438468 -0.8287053704 0.1530793458 0.6180021763 0.5117160082 0.5968416929 -0.5729390979 -0.2267026603 0.7876209021
-79.5 138.8 2473.3 -0.2640738785 -0.8287053704 -0.4934697151 -0.0003599228 0.5117160082 -0.8591545820 0.9645023942 -0.2267026603 -0.1354290992
298.6 253.5 2263.6 0.0725661814 0.2825082541 0.9565162063 -0.9768449068 0.2136656195 0.0110020107 -0.2012664676 -0.9351663589 0.2914716601
313.8 49.3 2221.5 -0.9586882591 0.2825082541 0.0332555138 0.0290909726 0.2136656195 -0.9764736295 -0.2829674184 -0.9351663589 -0.2130571604
97.4 -129.8 2415.7 0.9940849543 0.0541461967 0.0941450745 -0.0599722005 0.9963833690 0.0601953194 -0.0905452371 -0.0654853508 0.9937369823
75.9 -525.7 2441.7 0.9945825338 0.0687239692 0.0779906586 -0.0532072447 0.9811072350 -0.1860041767 -0.0893001482 0.1808468401 0.9794487953
271.4 -131.1 2358.0 0.8772202730 0.1334908307 0.4611558914 -0.1418098509 0.9897521734 -0.0167499818 -0.4586660266 -0.0507030264 0.8871610165
218.4 -524.4 2378.1 0.8861258030 -0.0730522573 0.4576510489 0.1034357846 0.9937638044 -0.0416483842 -0.4517545104 0.0842432007 0.8881559372
-8.5 138.9 2213.8 0 0 0 0 0 0 0 0 0
59.9 57.0 2146.6 0 0 0 0 0 0 0 0 0
54.0 -837.9 2384.2 0 0 0 0 0 0 0 0 0
240.7 -828.4 2352.3 0 0 0 0 0 0 0 0 0
145.5 454.8 2267.1  0.9450292587 -0.0598668307 0.3214586079 -0.0179474428 0.9721179605 0.2338045388 -0.3264928162 -0.2267214954 0.9176054597
157.8 254.3 2313.9 0.9450292587 -0.0598668307 0.3214586079 -0.0179474428 0.9721179605 0.2338045388 -0.3264928162 -0.2267214954 0.9176054597
166.6 59.2 2350.5 0.9450642467 -0.0442273021 0.3238787651 -0.0186045412 0.9819211960 0.1883736104 -0.3263546824 -0.1840507835 0.9271558523
19.8 257.1 2361.6 0.5034898520 -0.8492929339 0.1587434858 0.6020926237 0.4766637385 0.6405280232 -0.6196631789 -0.2269210815 0.7513483763
-82.0 135.3 2486.9 -0.2538050711 -0.8492929339 -0.4629087448 0.0082402313 0.4766637385 -0.8790470958 0.9672203064 -0.2269210815 -0.1139813066
295.8 251.6 2266.2 0.0529563315 0.2847831249 0.9571281075 -0.9737182260 0.2273395211 -0.0137681840 -0.2215139866 -0.9312439561 0.2893376052
306.9 47.6 2219.8 -0.9580522776 0.2847831249 0.0321615636 0.0349074416 0.2273395211 -0.9731897116 -0.2844596207 -0.9312439561 -0.2277441919
95.7 -133.1 2417.8 0.9953985214 0.0538652763 0.0792481005 -0.0582905002 0.9968038797 0.0546279550 -0.0760522634 -0.0589959957 0.9953569770
74.3 -529.2 2441.2 0.9960854650 0.0607517995 0.0642101392 -0.0480645560 0.9818691015 -0.1833652705 -0.0741857216 0.1795612574 0.9809455872
268.1 -135.7 2355.3 0.8836469650 0.1287062317 0.4501141608 -0.1432079822 0.9896908998 -0.0018530401 -0.4457123578 -0.0628225058 0.8929690719
216.9 -529.0 2380.3 0.8924130201 -0.0804532170 0.4439891279 0.1121616587 0.9926444888 -0.0455711223 -0.4370569885 0.0904668197 0.8948726058
-13.3 133.0 2224.9 0 0 0 0 0 0 0 0 0
54.1 56.8 2144.7 0 0 0 0 0 0 0 0 0
55.3 -836.9 2385.0 0 0 0 0 0 0 0 0 0
241.2 -829.4 2352.9 0 0 0 0 0 0 0 0 0
145.8 454.7 2268.0  0.9371024966 -0.0502968952 0.3454114795 -0.0332940854 0.9721722603 0.2318892628 -0.3474627733 -0.2288041711 0.9093504548
156.2 254.1 2315.2 0.9371024966 -0.0502968952 0.3454114795 -0.0332940854 0.9721722603 0.2318892628 -0.3474627733 -0.2288041711 0.9093504548
163.0 59.0 2352.3 0.9371100068 -0.0341540202 0.3473590314 -0.0334679522 0.9818224311 0.1868278384 -0.3474257886 -0.1867036372 0.9189325571
19.4 259.0 2365.9 0.5054667592 -0.8525608182 0.1328284293 0.6187623143 0.4654487371 0.6328433156 -0.6013622284 -0.2376920134 0.7628014088
-82.0 134.9 2486.5 -0.2604565322 -0.8525608182 -0.4531030953 0.0159029905 0.4654487371 -0.8849319816 0.9653545618 -0.2376920134 -0.1076709032
293.0 249.2 2264.4 0.0516432635 0.2882113159 0.9561731815 -0.9716483355 0.2357007861 -0.0185662434 -0.2307217866 -0.9281052351 0.2922123969
303.8 46.8 2216.4 -0.9575664997 0.2882113159 0.0007799415 0.0701524615 0.2357007861 -0.9692903161 -0.2795442939 -0.9281052351 -0.2459179163
88.8 -134.2 2417.0 0.9941383004 0.0353428684 0.1021756455 -0.0408365764 0.9978021383 0.0521848053 -0.1001067236 -0.0560514182 0.9933966398
74.7 -530.7 2439.2 0.9939063191 0.0613014437 0.0916098878 -0.0446823202 0.9838107228 -0.1735509038 -0.1007657126 0.1683999896 0.9805548191
262.0 -137.6 2357.1 0.8752613068 0.1122079790 0.4704540074 -0.1260945350 0.9920161963 -0.0020118135 -0.4669237435 -0.0575608127 0.8824222088
217.5 -531.8 2380.0 0.8810570836 -0.0838747099 0.4655141532 0.1167881861 0.9922574162 -0.0422581360 -0.4583654702 0.0915983841 0.8840309978
-10.2 130.5 2220.6 0 0 0 0 0 0 0 0 0
52.0 65.3 2142.9 0 0 0 0 0 0 0 0 0
55.6 -837.0 2386.8 0 0 0 0 0 0 0 0 0
242.6 -829.8 2352.5 0 0 0 0 0 0 0 0 0
142.4 452.2 2267.9  0.9391173720 -0.0479869843 0.3402290642 -0.0355720334 0.9712999463 0.2351829410 -0.3417501748 -0.2329670191 0.9104576707
152.3 251.9 2315.9 0.9391173720 -0.0479869843 0.3402290642 -0.0355720334 0.9712999463 0.2351829410 -0.3417501748 -0.2329670191 0.9104576707
158.8 56.9 2353.7 0.9390934110 -0.0325807072 0.3421140313 -0.0349920243 0.9812569022 0.1895006150 -0.3418758214 -0.1899300516 0.9203518629
15.2 257.0 2365.8 0.4502266347 -0.8844599724 0.1225826070 0.6381162405 0.4147338271 0.6486937404 -0.6245828271 -0.2138372362 0.7511124611
-71.4 134.3 2485.9 -0.2283039540 -0.8844599724 -0.4069494009 0.0150438771 0.4147338271 -0.9098184109 0.9734736681 -0.2138372362 -0.0813796669
289.5 246.8 2266.0 0.0596986003 0.2940076590 0.9539368749 -0.9666182399 0.2555684447 -0.0182751361 -0.2491691858 -0.9210017920 0.2994502485
301.9 46.1 2214.2 -0.9557209611 0.2940076590 -0.0125261545 0.0912350044 0.2555684447 -0.9624764919 -0.2797741592 -0.9210017920 -0.2710759044
83.9 -133.0 2421.3 0.9951598644 0.0219048392 0.0957968906 -0.0251923297 0.9991297126 0.0332434513 -0.0949853286 -0.0354958959 0.9948456287
75.2 -529.9 2435.4 0.9939848185 0.0630021617 0.0895821303 -0.0475935787 0.9851815104 -0.1647792161 -0.0986361057 0.1595245004 0.9822539687
255.7 -139.1 2357.6 0.8815208673 0.0856464803 0.4643119574 -0.0916661248 0.9957431555 -0.0096406974 -0.4631611407 -0.0340632014 0.8856192827
221.7 -534.6 2371.1 0.8827177882 -0.0528521501 0.4669217467 0.0472332165 0.9986017346 0.0237398371 -0.4675235748 0.0010986394 0.8839799166
-7.7 130.1 2214.6 0 0 0 0 0 0 0 0 0
51.1 70.0 2140.8 0 0 0 0 0 0 0 0 0
55.6 -837.1 2385.6 0 0 0 0 0 0 0 0 0
239.7 -874.2 2370.7 0 0 0 0 0 0 0 0 0
142.7 451.6 2268.8 0 0.9409997463 -0.0470913462 0.3351147175 -0.0350767970 0.9713636041 0.2349943817 -0.3365844488 -0.2328844070 0.9124010801
152.4 251.2 2316.8 0.9409997463 -0.0470913462 0.3351147175 -0.0350767970 0.9713636041 0.2349943817 -0.3365844488 -0.2328844070 0.9124010801
158.3 56.1 2354.2 0.9410294294 -0.0298000723 0.3370097578 -0.0358305424 0.9817330837 0.1868590266 -0.3364220560 -0.1879150867 0.9227719903
14.9 256.5 2366.0 0.4362371266 -0.8921465874 0.1173526943 0.6100887656 0.3891077340 0.6902078390 -0.6614294052 -0.2294987142 0.7140318751
-72.3 134.5 2498.3 -0.2267883420 -0.8921465874 -0.3906936646 0.0535889268 0.3891077340 -0.9196321964 0.9724686742 -0.2294987142 -0.0404359214
289.8 246.0 2267.7 0.0403937250 0.3126487732 0.9490095377 -0.9605258703 0.2737848461 -0.0493138134 -0.2752423286 -0.9095562696 0.3113664389
298.3 45.8 2210.3 -0.9497143030 0.3126487732 -0.0171321500 0.1073723361 0.2737848461 -0.9557787776 -0.2941325307 -0.9095562696 -0.2935872078
79.2 -134.9 2422.8 0.9958830476 0.0094321603 0.0901550427 -0.0131323440 0.9990916848 0.0405377820 -0.0896907970 -0.0415548347 0.9951024055
75.4 -531.8 2439.3 0.9942920208 0.0633992255 0.0858135670 -0.0468994975 0.9821422696 -0.1822004020 -0.0958324969 0.1771357954 0.9795095921
251.4 -141.3 2360.1 0.8847175837 0.0791782737 0.4593535066 -0.0844699293 0.9963848591 -0.0090562170 -0.4584099352 -0.0307893623 0.8882073760
219.9 -537.1 2372.3 0.8856250048 -0.0628239736 0.4601320028 0.0702233240 0.9975307584 0.0010373354 -0.4590609968 0.0313933082 0.8878499269
-8.0 119.3 2222.6 0 0 0 0 0 0 0 0 0
50.4 73.8 2133.6 0 0 0 0 0 0 0 0 0
55.9 -834.3 2384.7 0 0 0 0 0 0 0 0 0
239.7 -851.6 2362.4 0 0 0 0 0 0 0 0 0
141.7 452.0 2268.3 1 0.9481570721 -0.0521579385 0.3134928048 -0.0241501909 0.9717627764 0.2347209007 -0.3168832064 -0.2301231921 0.9201241136
152.5 251.0 2315.9 0.9481570721 -0.0521579385 0.3134928048 -0.0241501909 0.9717627764 0.2347209007 -0.3168832064 -0.2301231921 0.9201241136
159.4 55.8 2352.9 0.9482511282 -0.0348499790 0.3156031072 -0.0262619928 0.9819448590 0.1873356700 -0.3164334595 -0.1859296262 0.9302150607
14.0 254.8 2362.1 0.5142254233 -0.8466084599 0.1372091472 0.5482612848 0.4475128055 0.7064996958 -0.6595314741 -0.2880736589 0.6942850947
-98.3 135.1 2506.1 -0.2937757671 -0.8466084599 -0.4437904358 0.0584000871 0.4475128055 -0.8923686147 0.9540886879 -0.2880736589 -0.0820264146
291.0 247.1 2269.7 0.0137581984 0.3264391124 0.9451180696 -0.9561727643 0.2807753682 -0.0830593035 -0.2924796939 -0.9025534391 0.3159951568
293.9 46.7 2208.4 -0.9428647757 0.3264391124 -0.0666594952 0.1640663594 0.2807753682 -0.9456465840 -0.2899796963 -0.9025534391 -0.3182908893
77.9 -135.6 2422.4 0.9976359606 0.0035589128 0.0686284080 -0.0062517845 0.9992171526 0.0390636772 -0.0684356615 -0.0394003801 0.9968771935
76.5 -532.7 2438.0 0.9955204129 0.0673906431 0.0663146675 -0.0549963713 0.9832758307 -0.1736204326 -0.0769060031 0.1691956222 0.9825773835
250.5 -142.2 2360.7 0.8942214847 0.0776403621 0.4408400059 -0.0854428411 0.9963407516 -0.0021582202 -0.4393944144 -0.0357366949 0.8975831270
219.7 -538.1 2374.9 0.8954194784 -0.0685423091 0.4399157763 0.0829791874 0.9964578748 -0.0136427451 -0.4374224246 0.0487198308 0.8979353905
-14.9 118.5 2235.2 0 0 0 0 0 0 0 0 0
51.0 89.0 2133.7 0 0 0 0 0 0 0 0 0
55.7 -836.4 2385.8 0 0 0 0 0 0 0 0 0
240.5 -841.1 2360.1 0 0 0 0 0 0 0 0 0
142.3 451.8 2269.0 2 0.9524680376 -0.0568475798 0.2992875278 -0.0134978266 0.9735947847 0.2278837264 -0.3043394089 -0.2210917026 0.9265505672
154.0 250.9 2314.6 0.9524680376 -0.0568475798 0.2992875278 -0.0134978266 0.9735947847 0.2278837264 -0.3043394089 -0.2210917026 0.9265505672
162.1 55.6 2349.9 0.9525613189 -0.0407837778 0.3016017675 -0.0153676458 0.9832712412 0.1814980656 -0.3039585054 -0.1775229573 0.9359993935
14.9 253.2 2359.0 0.5536009669 -0.8247191310 0.1156040803 0.5509664416 0.4668078423 0.6917560697 -0.6244693398 -0.3192628324 0.7128178477
-119.0 119.9 2510.1 -0.3540743291 -0.8247191310 -0.4409871697 0.0139988698 0.4668078423 -0.8842479587 0.9351125360 -0.3192628324 -0.1537395269
293.1 248.7 2270.3 -0.0245167091 0.3166259229 0.9482336044 -0.9433665872 0.3065796793 -0.1267612875 -0.3308450878 -0.8976396322 0.2911779583
288.0 51.2 2201.0 -0.9382119775 0.3166259229 -0.1396651119 0.2405586690 0.3065796793 -0.9209454060 -0.2487766892 -0.8976396322 -0.3638038337
79.4 -136.9 2418.8 0.9984511733 0.0079248128 0.0550671965 -0.0104191294 0.9989255667 0.0451574400 -0.0546501651 -0.0456612520 0.9974609613
76.3 -533.8 2437.0 0.9962502122 0.0690158084 0.0521760024 -0.0595232137 0.9843991399 -0.1655758321 -0.0627893582 0.1618492752 0.9848158956
253.3 -141.7 2360.8 0.8988956213 0.0868163481 0.4294759333 -0.0965964198 0.9953231812 0.0009774051 -0.4273824692 -0.0423644222 0.9030777812
218.8 -537.2 2377.6 0.9014705420 -0.0750611722 0.4262824357 0.0983268991 0.9946134686 -0.0327997208 -0.4215242565 0.0714830086 0.9039952755
-18.4 116.0 2244.4 0 0 0 0 0 0 0 0 0
45.2 113.4 2136.6 0 0 0 0 0 0 0 0 0
55.0 -837.0 2387.1 0 0 0 0 0 0 0 0 0
241.2 -834.4 2356.3 0 0 0 0 0 0 0 0 0
143.2 455.1 2275.4 3 0.9384644628 -0.0529540405 0.3412922025 -0.0203983355 0.9779528975 0.2078268081 -0.3447729945 -0.2019998580 0.9166938663
154.1 253.4 2317.0 0.9384644628 -0.0529540405 0.3412922025 -0.0203983355 0.9779528975 0.2078268081 -0.3447729945 -0.2019998580 0.9166938663
161.6 57.5 2349.4 0.9384847283 -0.0378359668 0.3432416320 -0.0208377335 0.9859630466 0.1656581163 -0.3446913958 -0.1626199931 0.9245228767
17.2 256.4 2367.4 0.5831355453 -0.8053460717 0.1066333055 0.5731764436 0.5008940101 0.6485167146 -0.5756923556 -0.3170534372 0.7536944747
-129.4 112.4 2512.0 -0.3811630607 -0.8053460717 -0.4540181160 -0.0279169437 0.5008940101 -0.8650582433 0.9240862131 -0.3170534372 -0.2134051025
291.1 250.4 2266.7 -0.0079954537 0.3296383321 0.9440734386 -0.9325646758 0.3382934928 -0.1260185689 -0.3609144390 -0.8814170957 0.3047042489
289.5 60.7 2193.3 -0.9231600165 0.3296383321 -0.1977729350 0.3110671937 0.3382934928 -0.8881411552 -0.2258600891 -0.8814170957 -0.4148387015
82.9 -138.4 2413.1 0.9949667454 0.0179599393 0.0985829309 -0.0237491615 0.9980416894 0.0578686036 -0.0973505601 -0.0599185973 0.9934448004
75.8 -535.0 2436.9 0.9935491085 0.0667504519 0.0916762128 -0.0497606918 0.9830455780 -0.1764802337 -0.1019020304 0.1707799137 0.9800255895
257.6 -141.2 2357.4 0.8776350617 0.0977999493 0.4692460895 -0.1110947803 0.9938095808 0.0006524192 -0.4662774801 -0.0527033806 0.8830671906
218.7 -536.1 2378.3 0.8818954229 -0.0754154697 0.4653739929 0.1037502438 0.9939684272 -0.0355333053 -0.4598872960 0.0796193257 0.8844006062
-20.9 120.3 2249.0 0 0 0 0 0 0 0 0 0
50.8 141.1 2134.9 0 0 0 0 0 0 0 0 0
55.4 -834.8 2384.8 0 0 0 0 0 0 0 0 0
241.2 -832.4 2354.6 0 0 0 0 0 0 0 0 0
148.1 450.0 2271.6 4 0.9457857609 0.0479101203 0.3212380111 -0.1347822845 0.9577722549 0.2539804578 -0.2955046296 -0.2835083008 0.9123048186
136.8 223.5 2338.6 0.9457857609 0.0479101203 0.3212380111 -0.1347822845 0.9577722549 0.2539804578 -0.2955046296 -0.2835083008 0.9123048186
157.8 27.7 2353.3 0.9395509958 -0.1057231352 0.3256786466 0.0754557475 0.9916853905 0.1042425334 -0.3339915872 -0.0733668506 0.9397163987
0.1 212.6 2386.7 0.6096995473 -0.7505863905 0.2547284067 0.4796710908 0.6052380800 0.6352971792 -0.6310167313 -0.2651545107 0.7290480137
-115.4 121.7 2506.3 -0.3533212841 -0.7505863905 -0.5583763719 -0.0285190959 0.6052380800 -0.7955334783 0.9350672364 -0.2651545107 -0.2352495492
273.4 234.4 2290.5 0.1470566243 0.4094855189 0.9003865719 -0.5751987100 0.7759465575 -0.2589466870 -0.8046867847 -0.4798213243 0.3496436179
300.8 127.3 2140.6 -0.8862969875 0.4094855189 -0.2163312584 0.4630558491 0.7759465575 -0.4283528924 -0.0075428085 -0.4798213243 -0.8773338199
87.3 -153.2 2406.8 0.9956493974 0.0312097035 0.0877965316 -0.0373934060 0.9968674183 0.0696927756 -0.0853464082 -0.0726725832 0.9936974645
75.4 -533.3 2434.5 0.9949478507 0.0632791668 0.0779392868 -0.0494782962 0.9845848083 -0.1677637398 -0.0873537809 0.1630598605 0.9827414751
255.3 -140.8 2349.9 0.8791246414 0.0915018544 0.4677256346 -0.1187648326 0.9924969673 0.0290635787 -0.4615569115 -0.0810998678 0.8833957314
219.0 -534.6 2382.1 0.8853014112 -0.0758741572 0.4587858617 0.1116688251 0.9924175143 -0.0513566956 -0.4514105022 0.0966982394 0.8870614767
-15.5 129.8 2241.7 0 0 0 0 0 0 0 0 0
82.7 241.3 2138.7 0 0 0 0 0 0 0 0 0
56.0 -834.0 2384.7 0 0 0 0 0 0 0 0 0
241.7 -831.1 2353.2 0 0 0 0 0 0 0 0 0
152.7 447.5 2270.2 5 0.9383218884 0.1131622121 0.3267205954 -0.2072495967 0.9404405355 0.2694795132 -0.2767663896 -0.3205712438 0.9058887362
124.0 209.4 2351.3 0.9383218884 0.1131622121 0.3267205954 -0.2072495967 0.9404405355 0.2694795132 -0.2767663896 -0.3205712438 0.9058887362
152.2 13.8 2353.8 0.9332444668 -0.1422269046 0.3298882544 0.1299437732 0.9897576571 0.0591135137 -0.3349169493 -0.0123004327 0.9421673417
-11.9 190.4 2399.7 0.6727758050 -0.6729992032 0.3073188365 0.4207392931 0.6897032261 0.5893114209 -0.6085648537 -0.2671733499 0.7471727729
-116.2 125.2 2494.1 -0.3847678602 -0.6729992032 -0.6316848993 -0.0179650970 0.6897032261 -0.7238692641 0.9228385091 -0.2671733499 -0.2774661183
259.9 228.3 2303.0 0.2165767252 0.5065109134 0.8345904350 -0.2426308841 0.8559842110 -0.4565318525 -0.9456346035 -0.1036232486 0.3082814217
304.8 178.0 2107.2 -0.8456274867 0.5065109134 -0.1684067845 0.5166283250 0.8559842110 -0.0196534935 0.1341988444 -0.1036232486 -0.9855216146
95.1 -183.2 2394.9 0.9937782288 0.0570606962 0.0956496373 -0.0648686662 0.9946323633 0.0806135610 -0.0905363560 -0.0863166675 0.9921454787
72.9 -570.4 2428.5 0.9948894382 0.0631067082 0.0788194388 -0.0494361036 0.9851009846 -0.1647184640 -0.0880399421 0.1599801481 0.9831863046
264.8 -161.4 2337.6 0.8705543876 0.1126800179 0.4789971709 -0.1558316946 0.9864578247 0.0511607975 -0.4667457044 -0.1191811934 0.8763242960
220.1 -552.8 2384.9 0.8825067878 -0.0795509443 0.4635228217 0.1201599538 0.9910179973 -0.0586930253 -0.4546903968 0.1074938774 0.8841389418
-4.5 130.4 2226.0 0 0 0 0 0 0 0 0 0
96.3 305.4 2140.3 0 0 0 0 0 0 0 0 0
56.0 -834.8 2385.6 0 0 0 0 0 0 0 0 0
242.4 -830.8 2354.7 0 0 0 0 0 0 0 0 0
158.8 450.1 2275.5 6 0.9299517274 0.1663782746 0.3278841376 -0.2536529303 0.9358786345 0.2445227057 -0.2661765218 -0.3105630875 0.9125243425
114.9 202.8 2357.5 0.9299517274 0.1663782746 0.3278841376 -0.2536529303 0.9358786345 0.2445227057 -0.2661765218 -0.3105630875 0.9125243425
146.9 7.4 2354.9 0.9310662746 -0.1611539871 0.3273300827 0.1565320194 0.9868378639 0.0406048037 -0.3295653462 0.0134318750 0.9440371990
-20.9 180.0 2405.3 0.7181947231 -0.6280972958 0.2994830608 0.4072231352 0.7283756137 0.5510337949 -0.5642390251 -0.2737931609 0.7788912654
-120.5 123.5 2483.6 -0.4211308956 -0.6280972958 -0.6543260217 -0.0223181807 0.7283756137 -0.6848144531 0.9067252278 -0.2737931609 -0.3207594752
250.6 225.6 2309.7 0.2356894612 0.5564653873 0.7967413068 -0.0374982804 0.8244341612 -0.5647142529 -0.9711046815 0.1032207683 0.2151769549
305.2 216.9 2084.7 -0.8223046064 0.5564653873 -0.1190016046 0.5286687613 0.8244341612 0.2020336539 0.2105337232 0.1032207683 -0.9721218944
96.2 -197.8 2385.0 0.9937342405 0.0586959086 0.0951157063 -0.0688243285 0.9918780327 0.1069634929 -0.0880648568 -0.1128395647 0.9897028804
73.1 -587.8 2429.4 0.9947654605 0.0705694035 0.0739030987 -0.0557295904 0.9808756113 -0.1864865720 -0.0856499895 0.1813918054 0.9796739817
265.8 -170.0 2325.9 0.8684767485 0.1198065504 0.4810349047 -0.1783064753 0.9809091091 0.0776153579 -0.4625526965 -0.1531787664 0.8732590079
218.3 -559.2 2386.7 0.8842188716 -0.0907286704 0.4581761062 0.1364069134 0.9883483648 -0.0675330609 -0.4467104077 0.1222123951 0.8862922192
4.1 130.1 2215.3 0 0 0 0 0 0 0 0 0
101.0 348.2 2137.0 0 0 0 0 0 0 0 0 0
55.2 -836.3 2383.4 0 0 0 0 0 0 0 0 0
243.2 -831.1 2353.1 0 0 0 0 0 0 0 0 0
158.9 443.7 2257.6 7 0.9310320020 0.1703514904 0.3227379620 -0.2758015692 0.9075860381 0.3165771365 -0.2389830798 -0.3837550581 0.8919748664
113.3 200.3 2360.5 0.9310320020 0.1703514904 0.3227379620 -0.2758015692 0.9075860381 0.3165771365 -0.2389830798 -0.3837550581 0.8919748664
146.6 4.8 2355.3 0.9315620661 -0.1680881530 0.3223949075 0.1675420552 0.9854187369 0.0296573620 -0.3226790428 0.0263870321 0.9461405873
-22.7 175.8 2407.5 0.7488715649 -0.5929918885 0.2958918512 0.3924683034 0.7566009760 0.5229948759 -0.5340037942 -0.2755278051 0.7993274927
-122.5 123.5 2478.7 -0.4403321445 -0.5929918885 -0.6741425395 -0.0182207804 0.7566009760 -0.6536229849 0.8976500630 -0.2755278051 -0.3439604938
249.2 224.7 2313.6 0.2294747829 0.5493724346 0.8034495711 0.1277802140 0.8013288379 -0.5844178796 -0.9648904204 0.2367741317 0.1136858389
306.4 256.6 2073.0 -0.8330354095 0.5493724346 -0.0651300624 0.5031645298 0.8013288379 0.3235700130 0.2299510390 0.2367741317 -0.9439600110
94.2 -204.5 2381.5 0.9943181872 0.0553101823 0.0909509286 -0.0661180094 0.9905126095 0.1204705462 -0.0834247991 -0.1257995516 0.9885417223
72.3 -596.0 2431.2 0.9953879714 0.0665657818 0.0690783337 -0.0519245304 0.9793284535 -0.1954984814 -0.0806638896 0.1910099834 0.9782681465
264.1 -173.8 2322.2 0.8705972433 0.1119938865 0.4790801704 -0.1776892245 0.9795962572 0.0939027816 -0.4587886035 -0.1668788940 0.8727338910
219.7 -562.8 2388.5 0.8884916306 -0.0831566751 0.4512954056 0.1345560253 0.9874268770 -0.0829628855 -0.4387223125 0.1344363540 0.8885097504
9.5 129.0 2209.5 0 0 0 0 0 0 0 0 0
99.1 381.8 2130.3 0 0 0 0 0 0 0 0 0
55.8 -839.3 2383.7 0 0 0 0 0 0 0 0 0
242.4 -832.7 2351.7 0 0 0 0 0 0 0 0 0
114.8 417.2 2314.0 8 0.9512829781 0.0204449575 0.3076405823 -0.0847275257 0.9767186642 0.1970834881 -0.2964489460 -0.2135477960 0.9308680892
110.3 197.7 2362.0 0.9512829781 0.0204449575 0.3076405823 -0.0847275257 0.9767186642 0.1970834881 -0.2964489460 -0.2135477960 0.9308680892
145.2 2.4 2355.9 0.9305990934 -0.1758073270 0.3210561872 0.1763012707 0.9839441776 0.0277795568 -0.3207851946 0.0307509787 0.9466526508
-25.6 172.0 2408.7 0.7831781507 -0.5645774603 0.2605460584 0.4003448486 0.7784614563 0.4834478199 -0.4757688046 -0.2743175030 0.8356996775
-124.1 121.6 2468.6 -0.4617840946 -0.5645774603 -0.6841109395 -0.0224459097 0.7784614563 -0.6272909641 0.8867083192 -0.2743175030 -0.3721535802
246.1 223.5 2315.2 0.2680430114 0.5175148845 0.8126077056 0.2376241237 0.7818996906 -0.5763398409 -0.9336422086 0.3475790620 0.0866087303
317.7 286.9 2065.8 -0.8556729555 0.5175148845 -0.0014563800 0.4722037315 0.7818996906 0.4070092142 0.2117720544 0.3475790620 -0.9134228826
95.0 -207.0 2379.2 0.9942499399 0.0592172295 0.0892210156 -0.0700186342 0.9899020791 0.1232530624 -0.0810213611 -0.1287914813 0.9883563519
71.5 -599.4 2430.2 0.9960158467 0.0605397671 0.0654777512 -0.0462475568 0.9784626365 -0.2011767179 -0.0762467235 0.1973470151 0.9773641229
265.4 -175.3 2320.6 0.8713321686 0.1149560139 0.4770381749 -0.1790984720 0.9796073437 0.0910671353 -0.4568413794 -0.1647865325 0.8741517663
219.7 -564.5 2386.1 0.8885734081 -0.0877485201 0.4502637684 0.1371609718 0.9874537587 -0.0782430097 -0.4377489388 0.1312832832 0.8894608021
12.5 128.3 2206.2 0 0 0 0 0 0 0 0 0
100.3 407.0 2119.6 0 0 0 0 0 0 0 0 0
56.8 -836.3 2382.4 0 0 0 0 0 0 0 0 0
243.5 -831.3 2350.6 0 0 0 0 0 0 0 0 0
102.7 408.4 2341.9 9 0.9528216124 -0.0576402172 0.2980076671 0.0262392461 0.9937698841 0.1083186641 -0.3023945391 -0.0953888670 0.9483978748
114.7 200.3 2361.9 0.9528216124 -0.0576402172 0.2980076671 0.0262392461 0.9937698841 0.1083186641 -0.3023945391 -0.0953888670 0.9483978748
146.6 4.4 2354.8 0.9377608299 -0.1600977033 0.3081774116 0.1632106155 0.9864642620 0.0158289988 -0.3065401912 0.0354540125 0.9511972070
-22.2 176.5 2406.6 0.7822303176 -0.5828360319 0.2200405598 0.4289582074 0.7600270510 0.4882147908 -0.4517859817 -0.2875082195 0.8445285559
-123.2 121.1 2464.9 -0.4684702754 -0.5828360319 -0.6639561653 -0.0251793507 0.7600270510 -0.6494034529 0.8831203580 -0.2875082195 -0.3707255125
251.7 224.1 2317.1 0.2293234766 0.4898176491 0.8411238790 0.3556858301 0.7622187138 -0.5408421755 -0.9060344100 0.4232036471 0.0005734469
315.6 323.3 2064.5 -0.8718038201 0.4898176491 0.0060593132 0.4316009879 0.7622187138 0.4824347198 0.2316865176 0.4232036471 -0.8759109974
94.9 -209.6 2378.9 0.9951505065 0.0596785359 0.0781913772 -0.0692907348 0.9895272851 0.1266274154 -0.0698155686 -0.1314312816 0.9888637662
71.3 -602.4 2431.1 0.9968500733 0.0571533479 0.0549861565 -0.0453079231 0.9794285893 -0.1966388971 -0.0650935844 0.1935281903 0.9789329171
265.4 -176.8 2320.4 0.8783619404 0.1019125953 0.4670054615 -0.1587914973 0.9837335944 0.0839852467 -0.4508498013 -0.1479259431 0.8802570105
224.9 -567.6 2379.2 0.8924446702 -0.0267135389 0.4503653347 0.0506154113 0.9978717566 -0.0411105528 -0.4483086169 0.0594843216 0.8918974400
12.4 128.4 2209.3 0 0 0 0 0 0 0 0 0
95.1 432.5 2123.1 0 0 0 0 0 0 0 0 0
57.4 -839.4 2384.2 0 0 0 0 0 0 0 0 0
233.6 -892.0 2359.8 0 0 0 0 0 0 0 0 0
126.6 426.2 2297.3 0 0.9576523900 0.0412056334 0.2849631906 -0.1155661717 0.9614952803 0.2493416667 -0.2637164891 -0.2717147470 0.9255402088
117.0 202.7 2360.5 0.9576523900 0.0412056334 0.2849631906 -0.1155661717 0.9614952803 0.2493416667 -0.2637164891 -0.2717147470 0.9255402088
147.2 6.4 2355.0 0.9423441887 -0.1521256566 0.2980691791 0.1534816325 0.9879688621 0.0189985558 -0.2973732352 0.0278449655 0.9543551803
-20.6 180.2 2403.9 0.7746791244 -0.6037865281 0.1879203618 0.4558368921 0.7391719222 0.4958201051 -0.4382749498 -0.2984404564 0.8478492498
-123.9 119.4 2462.4 -0.4748975933 -0.6037865281 -0.6402453780 -0.0328474566 0.7391719222 -0.6727153063 0.8794278502 -0.2984404564 -0.3708638251
254.6 225.1 2317.1 0.2199808508 0.4858531356 0.8459049463 0.4571840167 0.7146686912 -0.5293688774 -0.8617373109 0.5031852126 -0.0649108440
319.1 359.1 2064.4 -0.8736647367 0.4858531356 -0.0256258827 0.3802134395 0.7146686912 0.5870999694 0.3035583794 0.5031852126 -0.8091087341
92.5 -206.7 2375.7 0.9962777495 0.0513247363 0.0692561939 -0.0607746504 0.9879869819 0.1420849115 -0.0611317493 -0.1457650512 0.9874287248
72.1 -599.1 2433.6 0.9968775511 0.0635202676 0.0469076671 -0.0521604382 0.9757120013 -0.2127566934 -0.0592827350 0.2096456438 0.9759786129
264.3 -176.6 2319.6 0.8822652102 0.1059240848 0.4586809576 -0.1644892693 0.9823058248 0.0895465761 -0.4410798252 -0.1544519216 0.8840776086
222.3 -566.9 2381.0 0.8972725868 -0.0517136902 0.4384376407 0.0837558284 0.9950196147 -0.0540457144 -0.4334591627 0.0852154493 0.8971351385
11.4 128.8 2211.8 0 0 0 0 0 0 0 0 0
96.0 456.3 2142.0 0 0 0 0 0 0 0 0 0
56.4 -839.4 2382.0 0 0 0 0 0 0 0 0 0
237.8 -866.3 2355.4 0 0 0 0 0 0 0 0 0
138.7 436.8 2280.5 1 0.9540032148 0.0936620310 0.2847899795 -0.1772384346 0.9423618913 0.2837968469 -0.2417942435 -0.3212188184 0.9156167507
115.6 203.9 2359.9 0.9540032148 0.0936620310 0.2847899795 -0.1772384346 0.9423618913 0.2837968469 -0.2417942435 -0.3212188184 0.9156167507
145.2 7.5 2355.1 0.9445905089 -0.1492257118 0.2923703492 0.1498553008 0.9884979725 0.0203762632 -0.2920481563 0.0245660245 0.9560880661
-22.4 182.0 2402.6 0.7661756873 -0.6238012910 0.1544240117 0.4820763171 0.7168130279 0.5037673116 -0.4249438643 -0.3115300834 0.8499245644
-121.1 119.8 2457.4 -0.4825027287 -0.6238012910 -0.6148682833 -0.0396164805 0.7168130279 -0.6961390972 0.8749980927 -0.3115300834 -0.3705770671
253.6 225.7 2317.3 0.2269637585 0.4351289272 0.8712922931 0.5309664607 0.6946996450 -0.4852494001 -0.8164325356 0.5727609992 -0.0733672231
322.9 388.1 2067.7 -0.9003677964 0.4351289272 -0.0008202918 0.3351539969 0.6946996450 0.6364465356 0.2775061429 0.5727609992 -0.7713204026
91.1 -204.1 2376.6 0.9968477488 0.0483072512 0.0629359707 -0.0561111234 0.9900819659 0.1287993193 -0.0560898259 -0.1319247186 0.9896715879
71.9 -597.3 2429.0 0.9969689846 0.0637478232 0.0445993990 -0.0542739034 0.9805961251 -0.1883762628 -0.0557425730 0.1853847057 0.9810837507
263.9 -175.8 2322.1 0.8844888806 0.1072646752 0.4540635645 -0.1674042791 0.9813717604 0.0942614675 -0.4354942441 -0.1593853980 0.8859689832
221.2 -565.8 2385.5 0.9002969265 -0.0676243901 0.4299910963 0.1078159213 0.9917194247 -0.0697733611 -0.4217121601 0.1091766283 0.9001329541
12.1 130.8 2215.7 0 0 0 0 0 0 0 0 0
91.3 474.3 2139.1 0 0 0 0 0 0 0 0 0
56.1 -840.8 2383.0 0 0 0 0 0 0 0 0 0
240.5 -848.0 2354.4 0 0 0 0 0 0 0 0 0
145.3 443.2 2281.2 2 0.9551789165 0.1122394577 0.2739262283 -0.1877385825 0.9451240897 0.2673848271 -0.2288831621 -0.3068268597 0.9238342643
116.8 202.9 2359.2 0.9551789165 0.1122394577 0.2739262283 -0.1877385825 0.9451240897 0.2673848271 -0.2288831621 -0.3068268597 0.9238342643
146.5 6.4 2355.1 0.9487107396 -0.1493699402 0.2786334455 0.1491135359 0.9885699153 0.0222407710 -0.2787707448 0.0204479601 0.9601399899
-21.8 181.1 2399.9 0.7914440632 -0.5931067467 0.1477860659 0.4697727859 0.7449085712 0.4737349153 -0.3910624683 -0.3055088222 0.8681788445
-124.2 120.3 2450.5 -0.5027437210 -0.5931067467 -0.6288665533 -0.0462696105 0.7449085712 -0.6655601859 0.8631963134 -0.3055088222 -0.4019409418
255.4 224.7 2318.5 0.2332683653 0.3650932610 0.9012728930 0.5993523002 0.6758772135 -0.4289135337 -0.7657431960 0.6402319074 -0.0611587092
326.8 408.1 2084.1 -0.9305262566 0.3650932610 0.0287722163 0.2861819565 0.6758772135 0.6791832447 0.2285187393 0.6402319074 -0.7334045768
88.3 -202.7 2376.9 0.9979538918 0.0412272438 0.0488708578 -0.0474161133 0.9899654388 0.1331171244 -0.0428924039 -0.1351620108 0.9898946881
71.9 -596.1 2430.6 0.9976236820 0.0607198849 0.0325594507 -0.0529987961 0.9782647491 -0.2004723549 -0.0440244190 0.1982703507 0.9791581631
261.5 -175.2 2323.4 0.8904584050 0.1084717736 0.4419475794 -0.1697892994 0.9802383780 0.1015100330 -0.4222030342 -0.1654284298 0.8912788630
218.4 -564.7 2389.1 0.9066635370 -0.0848921388 0.4132245779 0.1320635527 0.9874240160 -0.0869083628 -0.4006500542 0.1333685517 0.9064725041
13.9 133.0 2213.5 0 0 0 0 0 0 0 0 0
90.8 480.7 2142.0 0 0 0 0 0 0 0 0 0
56.9 -837.9 2381.6 0 0 0 0 0 0 0 0 0
241.9 -838.1 2352.2 0 0 0 0 0 0 0 0 0
150.7 448.3 2267.0 3 0.9543970227 0.1395146996 0.2639355958 -0.2195553482 0.9270683527 0.3038745224 -0.2022913694 -0.3479654193 0.9154224396
113.8 202.9 2359.1 0.9543970227 0.1395146996 0.2639355958 -0.2195553482 0.9270683527 0.3038745224 -0.2022913694 -0.3479654193 0.9154224396
145.9 6.8 2355.9 0.9500634074 -0.1613809615 0.2670875192 0.1597417146 0.9867615104 0.0280049331 -0.2680711448 0.0160585586 0.9632652998
-25.0 179.5 2398.2 0.7988298535 -0.5727117062 0.1840440184 0.4270768166 0.7553989291 0.4969686270 -0.4236463904 -0.3183924556 0.8480271101
-129.4 123.7 2453.6 -0.5146033764 -0.5727117062 -0.6381102204 -0.0289601125 0.7553989291 -0.6546248794 0.8569391370 -0.3183924556 -0.4053166807
252.6 226.2 2319.9 0.2374266833 0.3406215310 0.9097282887 0.6441218853 0.6458153725 -0.4099139869 -0.7271420360 0.6833004355 -0.0660679713
328.4 431.9 2087.7 -0.9400641322 0.3406215310 0.0160137247 0.2463143319 0.6458153725 0.7226698399 0.2358150035 0.6833004355 -0.6910078526
89.2 -203.7 2376.6 0.9984269738 0.0436009690 0.0352489837 -0.0476780571 0.9910616279 0.1245940179 -0.0295014959 -0.1260786355 0.9915814996
71.8 -597.5 2426.7 0.9979297519 0.0609569401 0.0205061566 -0.0563138686 0.9822002053 -0.1791968197 -0.0310644414 0.1776710451 0.9835994840
263.1 -176.3 2325.5 0.8986878395 0.0972255543 0.4276766479 -0.1462931335 0.9857261777 0.0833201632 -0.4134712219 -0.1374449730 0.9000835419
224.5 -567.9 2380.1 0.9101006389 -0.0190618429 0.4139485955 0.0339399166 0.9990140796 -0.0286163315 -0.4129950106 0.0400931239 0.9098503590
14.1 131.8 2214.6 0 0 0 0 0 0 0 0 0
87.3 495.1 2148.2 0 0 0 0 0 0 0 0 0
56.8 -840.3 2382.8 0 0 0 0 0 0 0 0 0
230.8 -895.5 2366.9 0 0 0 0 0 0 0 0 0
153.0 454.5 2260.9 4 0.9573625922 0.1444547027 0.2501793504 -0.2238171250 0.9184308052 0.3261760175 -0.1826547533 -0.3682631254 0.9116027355
113.8 205.8 2360.6 0.9573625922 0.1444547027 0.2501793504 -0.2238171250 0.9184308052 0.3261760175 -0.1826547533 -0.3682631254 0.9116027355
146.5 9.8 2357.6 0.9533453584 -0.1642560959 0.2532835305 0.1626080126 0.9863052964 0.0275780167 -0.2543447316 0.0148945572 0.9669989347
-25.4 182.1 2397.7 0.7690582871 -0.6075490713 0.1985786259 0.4306166768 0.7220696807 0.5414652228 -0.4723542929 -0.3309070766 0.8169344664
-121.9 128.1 2457.0 -0.4896428585 -0.6075490713 -0.6254070997 -0.0124446889 0.7220696807 -0.6917083859 0.8718342781 -0.3309070766 -0.3611170352
253.1 229.6 2323.4 0.2526224554 0.2834865153 0.9251039624 0.6815598607 0.6265097857 -0.3781027794 -0.6867736578 0.7260309458 -0.0349425860
332.3 443.3 2108.0 -0.9566094279 0.2834865153 0.0673333928 0.2379059345 0.6265097857 0.7422171235 0.1682235152 0.7260309458 -0.6667682528
90.8 -203.9 2377.3 0.9986170530 0.0483031422 0.0207551010 -0.0504882149 0.9911950231 0.1224063933 -0.0146597391 -0.1232849956 0.9922630191
71.6 -597.8 2426.3 0.9982360005 0.0591463223 0.0051557845 -0.0571991019 0.9813634157 -0.1834506392 -0.0159101281 0.1828321218 0.9830154181
265.0 -174.6 2328.1 0.9041377902 0.1079730168 0.4133723378 -0.1504463106 0.9860286117 0.0715086758 -0.3998759389 -0.1268440336 0.9077498913
222.1 -566.3 2378.5 0.9155014157 -0.0475447401 0.3994955420 0.0666605309 0.9971933961 -0.0340842605 -0.3967537880 0.0578347743 0.9161012769
14.3 131.5 2214.5 0 0 0 0 0 0 0 0 0
87.7 504.2 2151.1 0 0 0 0 0 0 0 0 0
57.1 -838.3 2381.5 0 0 0 0 0 0 0 0 0
236.6 -870.5 2360.9 0 0 0 0 0 0 0 0 0
153.7 460.4 2262.3 5 0.9597936869 0.1468153894 0.2392515391 -0.2206817865 0.9213961363 0.3198886514 -0.1734808534 -0.3598255813 0.9167496562
113.6 208.3 2360.8 0.9597936869 0.1468153894 0.2392515391 -0.2206817865 0.9213961363 0.3198886514 -0.1734808534 -0.3598255813 0.9167496562
146.7 12.4 2358.3 0.9557231665 -0.1669494808 0.2423242629 0.1649134457 0.9858871102 0.0288115814 -0.2437144518 0.0124266334 0.9697673917
-26.0 184.2 2396.4 0.7749637961 -0.6105904579 0.1631269753 0.4493127763 0.7137964964 0.5372267365 -0.4444649816 -0.3430362642 0.8275125623
-131.5 123.1 2456.8 -0.5151243210 -0.6105904579 -0.6015199423 -0.0289666168 0.7137964964 -0.6997538805 0.8566258550 -0.3430362642 -0.3853806853
253.2 232.4 2325.2 0.2668587565 0.2309743613 0.9356480241 0.7166572809 0.6015517712 -0.3528990746 -0.6443513632 0.7647132277 -0.0050000888
335.6 453.7 2126.2 -0.9680418372 0.2309743613 0.0977027789 0.2210078537 0.6015517712 0.7676528692 0.1185348555 0.7647132277 -0.6333744526
91.7 -201.1 2378.0 0.9986966252 0.0501613095 0.0094298404 -0.0509505495 0.9907160401 0.1260386854 -0.0030200288 -0.1263548583 0.9919804931
71.8 -594.8 2428.2 0.9983216524 0.0575520471 -0.0064540803 -0.0577528514 0.9810852408 -0.1847603023 -0.0043013310 0.1848229468 0.9827623963
266.5 -171.2 2331.4 0.9076718688 0.1175461635 0.4028829038 -0.1596683711 0.9845061898 0.0724815130 -0.3881208003 -0.1301170886 0.9123769999
219.8 -562.4 2383.1 0.9208740592 -0.0688313767 0.3837358057 0.0987203792 0.9933812022 -0.0587207414 -0.3771540821 0.0919569507 0.9215740561
14.3 131.3 2214.4 0 0 0 0 0 0 0 0 0
88.3 510.2 2156.4 0 0 0 0 0 0 0 0 0
57.5 -838.3 2382.4 0 0 0 0 0 0 0 0 0
239.5 -846.0 2356.8 0 0 0 0 0 0 0 0 0
155.8 465.6 2272.5 6 0.9603404999 0.1556680202 0.2313299924 -0.2191213816 0.9343942404 0.2808793783 -0.1724294722 -0.3204292059 0.9314468503
113.2 210.1 2360.2 0.9603404999 0.1556680202 0.2313299924 -0.2191213816 0.9343942404 0.2808793783 -0.1724294722 -0.3204292059 0.9314468503
146.5 14.2 2357.7 0.9579728246 -0.1674824953 0.2328897417 0.1656916142 0.9857975245 0.0273767132 -0.2341672480 0.0123617295 0.9721177220
-26.7 185.9 2394.4 0.7880315781 -0.6055433750 0.1110112742 0.4757799804 0.7134639025 0.5143954754 -0.3906912804 -0.3525429070 0.8503374457
-141.2 116.7 2451.1 -0.5479848981 -0.6055433750 -0.5770873427 -0.0525797941 0.7134639025 -0.6987164021 0.8348340988 -0.3525429070 -0.4228067696
253.2 234.3 2326.0 0.2864442170 0.2005162090 0.9368793964 0.7368291020 0.5789238214 -0.3491848111 -0.6123990417 0.7903419733 0.0180832148
346.9 475.3 2125.7 -0.9778148532 0.2005162090 0.0605922006 0.1681579202 0.5789238214 0.7978534102 0.1249042749 0.7903419733 -0.5997986794
92.3 -198.7 2378.2 0.9986492395 0.0519576520 -0.0003704130 -0.0515232757 0.9911712408 0.1221675426 0.0067146816 -0.1219834387 0.9925094247
71.6 -592.6 2426.7 0.9982684255 0.0566706508 -0.0157665275 -0.0585710742 0.9824027419 -0.1773537099 0.0054383292 0.1779700816 0.9840208888
267.5 -168.4 2333.5 0.9115948081 0.1156662107 0.3944821656 -0.1575762480 0.9846212864 0.0754363090 -0.3796901107 -0.1309283674 0.9158019423
221.6 -559.7 2385.5 0.9257032275 -0.0694598556 0.3718183339 0.1056794599 0.9913432598 -0.0779124051 -0.3631878197 0.1114173234 0.9250301719
14.1 131.6 2214.6 0 0 0 0 0 0 0 0 0
95.3 518.6 2157.8 0 0 0 0 0 0 0 0 0
57.3 -839.9 2381.9 0 0 0 0 0 0 0 0 0
241.0 -836.5 2354.4 0 0 0 0 0 0 0 0 0
158.2 469.5 2276.7 7 0.9612236619 0.1646407098 0.2212296724 -0.2216468304 0.9385529160 0.2645584047 -0.1640786678 -0.3033346534 0.9386513233
113.0 211.4 2360.1 0.9612236619 0.1646407098 0.2212296724 -0.2216468304 0.9385529160 0.2645584047 -0.1640786678 -0.3033346534 0.9386513233
146.3 15.5 2357.3 0.9605811238 -0.1678247601 0.2216274142 0.1666380763 0.9857215881 0.0241806656 -0.2225210369 0.0137040745 0.9748315811
-27.4 187.1 2392.6 0.8087193966 -0.5798884034 0.0985008255 0.4650798142 0.7329401374 0.4964872301 -0.3601023853 -0.3557080925 0.8624372482
-147.7 117.9 2446.1 -0.5669195652 -0.5798884034 -0.5850911736 -0.0494665802 0.7329401374 -0.6784923077 0.8222866058 -0.3557080925 -0.4442031682
253.3 235.7 2327.5 0.2912930548 0.1417961568 0.9460666776 0.7637212873 0.5610820651 -0.3192438781 -0.5760886073 0.8155248165 0.0551465638
345.9 478.7 2144.3 -0.9859397411 0.1417961568 0.0884120837 0.1536318511 0.5610820651 0.8133782148 0.0657274723 0.8155248165 -0.5749775171
91.9 -196.9 2376.7 0.9986624718 0.0504888333 -0.0111425584 -0.0485662073 0.9899481535 0.1328308433 0.0177370291 -0.1321120262 0.9910761118
71.9 -590.3 2429.2 0.9980581403 0.0564252660 -0.0263836291 -0.0603235513 0.9811386466 -0.1836518645 0.0155233936 0.1848867983 0.9826372266
