-18.9 490.0 2139.4 1 0.9492117167 -0.2507527173 0.1900531948 0.2398284525 0.9676091671 0.0788339898 -0.2036650479 -0.0292499792 0.9786036015
44.5 245.0 2146.8 0.9492117167 -0.2507527173 0.1900531948 0.2398284525 0.9676091671 0.0788339898 -0.2036650479 -0.0292499792 0.9786036015
20.6 51.1 2159.8 0.9736043811 0.1226488277 0.1924882829 -0.1329732686 0.9902454615 0.0416176915 -0.1855062842 -0.0661149621 0.9804163575
-94.2 263.9 2173.3 0.6451171041 0.1072640792 -0.7565172315 -0.7522224784 0.2629353404 -0.6041740775 0.1341089457 0.9588323236 0.2503105402
-255.0 451.5 2139.8 -0.8270873427 0.1072640792 -0.5517435670 -0.5115889311 0.2629353404 0.8180108666 0.2328160703 0.9588323236 -0.1625953764
183.2 226.0 2120.4 -0.1042859033 0.8321859241 0.5446017385 -0.1714249402 0.5243511796 -0.8340679407 -0.9796621799 -0.1803398579 0.0879749879
162.0 191.1 1921.1 -0.3917735219 0.8321859241 -0.3924030066 0.7861642838 0.5243511796 0.3271109164 0.4779740870 -0.1803398579 -0.8596617579
-88.4 -131.5 2195.8 0.8110948205 0.0737311393 0.5802489519 -0.0141158598 0.9942018390 -0.1065996364 -0.5847442746 0.0782717019 0.8074327707
-117.3 -520.9 2165.2 0.8094075918 0.0542610995 0.5847350955 -0.0631456152 0.9979907870 -0.0052015670 -0.5838424563 -0.0327132680 0.8112076521
86.8 -154.8 2157.7 0.9890195727 -0.0420468003 0.1416768730 0.0559803434 0.9938211441 -0.0958424583 -0.1367716044 0.1027211919 0.9852623343
103.2 -544.1 2117.5 0.9901569486 0.0543880276 0.1289618313 -0.0706472993 0.9896308184 0.1250590682 -0.1208228916 -0.1329389066 0.9837322235
-62.1 570.8 2085.5 0 0 0 0 0 0 0 0 0
61.7 392.5 2043.5 0 0 0 0 0 0 0 0 0
-137.7 -896.8 2177.5 0 0 0 0 0 0 0 0 0
82.8 -916.1 2167.5 0 0 0 0 0 0 0 0 0
-15.8 488.0 2137.9 2 0.9520889521 -0.2513959706 0.1741456389 0.2392375171 0.9669692516 0.0879537985 -0.1905046999 -0.0420776680 0.9807840586
46.8 247.0 2148.3 0.9520889521 -0.2513959706 0.1741456389 0.2392375171 0.9669692516 0.0879537985 -0.1905046999 -0.0420776680 0.9807840586
24.3 52.9 2162.1 0.9774659276 0.1152378172 0.1768633127 -0.1256615371 0.9908684492 0.0488758832 -0.1696159393 -0.0699994266 0.9830211401
-92.4 264.9 2172.5 0.6566305757 0.1288672388 -0.7431215048 -0.7448008657 0.2659630775 -0.6119928956 0.1187770516 0.9553307891 0.2706199288
-254.1 448.3 2143.3 -0.8201109767 0.1288672388 -0.5575044751 -0.5130122304 0.2659630775 0.8161385059 0.2534491420 0.9553307891 -0.1520087719
186.1 229.1 2124.2 -0.1116273776 0.8193375468 0.5623391271 -0.1800091118 0.5398430824 -0.8222932220 -0.9773105979 -0.1930166036 0.0872269496
163.0 191.8 1922.0 -0.4036861956 0.8193375468 -0.4070914686 0.7823008895 0.5398430824 0.3107647002 0.4743866920 -0.1930166036 -0.8588957191
-91.4 -130.8 2189.5 0.8199564219 0.0621582530 0.5690411329 -0.0139788268 0.9959647655 -0.0886498392 -0.5722552538 0.0647344738 0.8175166249
-115.7 -520.9 2164.1 0.8175082207 0.0653145835 0.5722013116 -0.0740822330 0.9972201586 -0.0079870252 -0.5711323619 -0.0358604938 0.8200743198
84.6 -154.9 2155.9 0.9909585118 -0.0433294922 0.1269795895 0.0544386581 0.9948614240 -0.0853649899 -0.1226282716 0.0915057585 0.9882251620
101.5 -544.6 2120.1 0.9925669432 0.0401969440 0.1148699299 -0.0549191162 0.9902495742 0.1280221343 -0.1086038053 -0.1333790869 0.9850965738
-66.4 565.8 2085.2 0 0 0 0 0 0 0 0 0
59.6 392.2 2043.5 0 0 0 0 0 0 0 0 0
-140.3 -896.5 2177.6 0 0 0 0 0 0 0 0 0
86.4 -917.2 2170.3 0 0 0 0 0 0 0 0 0
-18.2 489.1 2137.1 3 0.9499406815 -0.2580372691 0.1761516780 0.2462232560 0.9653632045 0.0863017738 -0.1923194230 -0.0386089273 0.9805725813
46.8 245.9 2146.8 0.9499406815 -0.2580372691 0.1761516780 0.2462232560 0.9653632045 0.0863017738 -0.1923194230 -0.0386089273 0.9805725813
22.9 52.0 2160.8 0.9762517214 0.1223857850 0.1787575483 -0.1330231875 0.9899137020 0.0487406403 -0.1709893942 -0.0713620335 0.9826851487
-92.3 264.9 2171.2 0.6583473086 0.1304110885 -0.7413311005 -0.7437016964 0.2646469474 -0.6138972044 0.1161320135 0.9554867744 0.2712165713
-256.0 449.8 2142.3 -0.8274149299 0.1304110885 -0.5462393761 -0.5019038916 0.2646469474 0.8234406114 0.2519463897 0.9554867744 -0.1535190195
186.0 226.9 2122.4 -0.1146886274 0.8246532679 0.5538893938 -0.1739582419 0.5322811007 -0.8285018802 -0.9780516624 -0.1913733631 0.0824086517
162.4 191.3 1922.0 -0.3970107436 0.8246532679 -0.4029012620 0.7856658697 0.5322811007 0.3152871728 0.4744593501 -0.1913733631 -0.8592232466
-86.6 -129.8 2191.1 0.8185977936 0.0763534456 0.5692695379 -0.0252499003 0.9949504733 -0.0971391946 -0.5738118887 0.0651439354 0.8163921833
-116.5 -519.4 2165.6 0.8173867464 0.0532169938 0.5736260414 -0.0546192154 0.9983976483 -0.0147948284 -0.5734941959 -0.0192379076 0.8189836740
90.0 -152.5 2160.4 0.9912319779 -0.0313787982 0.1283529550 0.0442295410 0.9941508174 -0.0985289291 -0.1245104745 0.1033420265 0.9868219495
102.3 -541.8 2120.0 0.9920229912 0.0461277142 0.1173143163 -0.0623934157 0.9883250594 0.1389985979 -0.1095329896 -0.1452094316 0.9833192229
-69.8 562.8 2085.6 0 0 0 0 0 0 0 0 0
60.8 392.5 2043.5 0 0 0 0 0 0 0 0 0
-136.6 -895.4 2172.8 0 0 0 0 0 0 0 0 0
85.0 -913.9 2174.6 0 0 0 0 0 0 0 0 0
-16.8 486.6 2136.7 4 0.9504300356 -0.2557080090 0.1769073606 0.2438827753 0.9659830332 0.0860115215 -0.1928833425 -0.0386032723 0.9804620147
46.6 247.2 2146.2 0.9504300356 -0.2557080090 0.1769073606 0.2438827753 0.9659830332 0.0860115215 -0.1928833425 -0.0386032723 0.9804620147
23.1 53.3 2160.7 0.9764419198 0.1200705096 0.1792880595 -0.1312274337 0.9900043011 0.0516802259 -0.1712906659 -0.0739902481 0.9824382663
-92.6 265.9 2170.7 0.6614412665 0.1228775382 -0.7398625612 -0.7397713661 0.2692350447 -0.6166447997 0.1234251261 0.9552034140 0.2689844370
-254.3 446.7 2140.5 -0.8210554719 0.1228775382 -0.5574666262 -0.5130779743 0.2692350447 0.8150236011 0.2502376437 0.9552034140 -0.1580111384
185.7 228.4 2121.8 -0.1117024869 0.8249700665 0.5540279150 -0.1813946068 0.5312232375 -0.8275855780 -0.9770458341 -0.1929410398 0.0903061703
162.8 191.1 1920.9 -0.3938677907 0.8249700665 -0.4053301811 0.7852084637 0.5312232375 0.3181972504 0.4778240025 -0.1929410398 -0.8570052385
-89.3 -129.8 2190.2 0.8181686401 0.0748084933 0.5700910687 -0.0263158400 0.9953330159 -0.0928423032 -0.5743758082 0.0609582327 0.8163188696
-118.6 -519.7 2166.3 0.8176873922 0.0411833972 0.5741874576 -0.0397985503 0.9990953803 -0.0149835553 -0.5742850900 -0.0105999624 0.8185867667
87.2 -153.9 2159.3 0.9910077453 -0.0334507637 0.1295558959 0.0473252051 0.9932882190 -0.1055405214 -0.1251559258 0.1107227281 0.9859393835
100.3 -542.9 2115.9 0.9928209782 0.0330713354 0.1149469540 -0.0533027537 0.9826453924 0.1776706278 -0.1070762873 -0.1825221032 0.9773537517
-71.6 560.9 2084.8 0 0 0 0 0 0 0 0 0
61.9 392.3 2043.3 0 0 0 0 0 0 0 0 0
-134.1 -895.9 2170.3 0 0 0 0 0 0 0 0 0
87.8 -912.6 2184.6 0 0 0 0 0 0 0 0 0
-17.7 488.7 2136.5 5 0.9513620734 -0.2643700540 0.1581731439 0.2520477772 0.9631555080 0.0938262045 -0.1771501750 -0.0493955016 0.9829434752
47.8 250.1 2148.7 0.9513620734 -0.2643700540 0.1581731439 0.2520477772 0.9631555080 0.0938262045 -0.1771501750 -0.0493955016 0.9829434752
25.8 55.9 2160.6 0.9803302288 0.1124473661 0.1621982753 -0.1207166985 0.9917967916 0.0420305692 -0.1561415046 -0.0607838742 0.9858626723
-91.9 267.4 2170.9 0.6668601632 0.1214913949 -0.7352124453 -0.7353760004 0.2668293118 -0.6229159236 0.1204973012 0.9560554028 0.2672796845
-254.8 447.0 2141.5 -0.8219834566 0.1214913949 -0.5564018488 -0.5128744841 0.2668293118 0.8159423470 0.2475942820 0.9560554028 -0.1570194513
187.5 232.9 2126.5 -0.1163852140 0.8125181794 0.5711993575 -0.1986264139 0.5444488525 -0.8149374127 -0.9731402993 -0.2083019465 0.0980217680
162.7 190.7 1919.5 -0.3983893394 0.8125181794 -0.4255586863 0.7794905901 0.5444488525 0.3097900152 0.4834049642 -0.2083019465 -0.8502528667
-88.7 -128.8 2190.7 0.8272472620 0.0770841390 0.5565249324 -0.0225416683 0.9942995310 -0.1042131037 -0.5613856316 0.0736650079 0.8242691755
-118.9 -518.2 2161.9 0.8260390162 0.0452854261 0.5617906451 -0.0684308037 0.9974510670 0.0202148557 -0.5594432354 -0.0551420450 0.8270323873
87.8 -152.5 2159.7 0.9931979179 -0.0252302326 0.1136721745 0.0379735231 0.9930526614 -0.1113753393 -0.1100724265 0.1149342880 0.9872558713
97.7 -541.5 2114.7 0.9946680665 0.0139795449 0.1021763384 -0.0312158838 0.9851042628 0.1691011339 -0.0982903913 -0.1713890135 0.9802881479
-72.6 560.7 2086.6 0 0 0 0 0 0 0 0 0
60.7 390.3 2043.3 0 0 0 0 0 0 0 0 0
-135.9 -893.5 2182.6 0 0 0 0 0 0 0 0 0
92.5 -912.2 2179.2 0 0 0 0 0 0 0 0 0
-16.7 486.2 2136.4 6 0.9537465572 -0.2634440660 0.1447918266 0.2514634430 0.9631004333 0.0959357545 -0.1647227705 -0.0550885461 0.9848003387
47.4 251.8 2149.8 0.9537465572 -0.2634440660 0.1447918266 0.2514634430 0.9631004333 0.0959357545 -0.1647227705 -0.0550885461 0.9848003387
26.4 57.4 2160.2 0.9829255939 0.1072256044 0.1495323479 -0.1138704419 0.9928218722 0.0365823396 -0.1445364207 -0.0529850312 0.9880798459
-92.7 268.1 2170.4 0.6744843721 0.1321755648 -0.7263610959 -0.7305126786 0.2619012594 -0.6306813955 0.1068742275 0.9560006857 0.2732042372
-253.7 442.4 2144.9 -0.8088541031 0.1321755648 -0.5729613304 -0.5289930701 0.2619012594 0.8072013855 0.2567515969 0.9560006857 -0.1419199556
187.4 235.6 2129.2 -0.1127250716 0.8151227832 0.5682147145 -0.2031758428 0.5408676863 -0.8161995411 -0.9726318121 -0.2074536532 0.1046439037
163.5 192.4 1922.3 -0.4005873799 0.8151227832 -0.4184550643 0.7849765420 0.5408676863 0.3021157384 0.4725902379 -0.2074536532 -0.8565170169
-84.8 -127.4 2186.6 0.8320024014 0.0878610611 0.5477703810 -0.0436715931 0.9946879148 -0.0932132676 -0.5530503988 0.0536316559 0.8314198256
-119.2 -516.9 2165.6 0.8314363360 0.0457134917 0.5537363291 -0.0578769222 0.9983136654 0.0044869250 -0.5525974035 -0.0357791446 0.8326799870
92.4 -149.2 2158.4 0.9946020842 -0.0210297052 0.1016095132 0.0318146311 0.9938873053 -0.1057158932 -0.0987652317 0.1083779112 0.9891914129
100.6 -538.5 2116.0 0.9949231744 0.0391506553 0.0927100629 -0.0532619394 0.9864772558 0.1550026685 -0.0853879079 -0.1591536552 0.9835543036
-73.2 560.5 2087.6 0 0 0 0 0 0 0 0 0
60.9 393.4 2043.3 0 0 0 0 0 0 0 0 0
-136.4 -892.7 2179.1 0 0 0 0 0 0 0 0 0
85.9 -909.8 2175.9 0 0 0 0 0 0 0 0 0
-17.5 488.5 2136.3 7 0.9554953575 -0.2638997734 0.1318542957 0.2527794540 0.9628237486 0.0952519998 -0.1520894319 -0.0576827824 0.9866820574
47.1 252.9 2150.4 0.9554953575 -0.2638997734 0.1318542957 0.2527794540 0.9628237486 0.0952519998 -0.1520894319 -0.0576827824 0.9866820574
27.0 58.4 2160.2 0.9852486849 0.1028304324 0.1367878765 -0.1085924581 0.9934583306 0.0353308320 -0.1322599649 -0.0496637858 0.9899700880
-93.3 268.4 2169.3 0.6786355376 0.1413300633 -0.7207493782 -0.7285876274 0.2535411119 -0.6362994313 0.0928113610 0.9569444656 0.2750333250
-252.6 439.4 2147.5 -0.7930825353 0.1413300633 -0.5924912691 -0.5495393276 0.2535411119 0.7960674763 0.2627291679 0.9569444656 -0.1234126091
187.5 237.5 2131.6 -0.1100334823 0.8143959641 0.5697822571 -0.2067359388 0.5419725776 -0.8145710230 -0.9721897244 -0.2074245661 0.1087297797
163.9 193.2 1923.5 -0.4044374824 0.8143959641 -0.4161604941 0.7864153981 0.5419725776 0.2963386178 0.4668845534 -0.2074245661 -0.8596475124
-83.4 -126.8 2183.6 0.8377280831 0.0897773504 0.5386573076 -0.0550053604 0.9952493310 -0.0803318024 -0.5433102846 0.0376671702 0.8386865258
-118.6 -516.5 2168.9 0.8385831714 0.0409752205 0.5432304144 -0.0373539254 0.9991453290 -0.0177011956 -0.5434914231 -0.0054478631 0.8393970132
94.3 -147.4 2157.5 0.9958586693 -0.0159764383 0.0895000920 0.0252567865 0.9943046570 -0.1035389230 -0.0873361751 0.1053706184 0.9905904531
100.5 -536.8 2116.2 0.9957147837 0.0422950499 0.0822389126 -0.0550255328 0.9856976271 0.1592871994 -0.0743256360 -0.1631298512 0.9838009477
-75.1 562.4 2088.7 0 0 0 0 0 0 0 0 0
60.3 394.6 2043.1 0 0 0 0 0 0 0 0 0
-134.0 -892.5 2170.9 0 0 0 0 0 0 0 0 0
84.6 -908.0 2177.6 0 0 0 0 0 0 0 0 0
-18.3 491.1 2142.3 8 0.9563595653 -0.2690405846 0.1139894426 0.2630272210 0.9625862837 0.0651481822 -0.1272521764 -0.0323227569 0.9913436174
48.3 252.6 2150.3 0.9563595653 -0.2690405846 0.1139894426 0.2630272210 0.9625862837 0.0651481822 -0.1272521764 -0.0323227569 0.9913436174
27.7 58.0 2159.5 0.9875776172 0.1053861082 0.1165513769 -0.1100743115 0.9933233857 0.0345293358 -0.1121342927 -0.0469297096 0.9925842285
-92.4 268.3 2166.3 0.6859276891 0.1512026787 -0.7117871046 -0.7236027122 0.2450064719 -0.6452680826 0.0768261924 0.9576584101 0.2774673998
-250.8 435.4 2148.5 -0.7836569548 0.1512026787 -0.6025109887 -0.5607895851 0.2450064719 0.7908772826 0.2672018707 0.9576584101 -0.1072081476
189.0 236.9 2134.3 -0.1160677373 0.8160799742 0.5661640763 -0.2038318813 0.5383137465 -0.8177229762 -0.9721012712 -0.2103135437 0.1038622484
163.8 192.6 1923.0 -0.3990344405 0.8160799742 -0.4180729985 0.7880671620 0.5383137465 0.2986109257 0.4687448442 -0.2103135437 -0.8579314947
-82.2 -126.4 2181.9 0.8491426110 0.0819296241 0.5217704177 -0.0495842136 0.9958983064 -0.0756836757 -0.5258309841 0.0383946598 0.8497220874
-114.3 -516.4 2166.8 0.8469990492 0.0803018734 0.5254942775 -0.0816570520 0.9964464903 -0.0206530783 -0.5252854228 -0.0254171789 0.8505464196
95.9 -146.0 2158.0 0.9975617528 -0.0104575660 0.0690009370 0.0174271949 0.9947141409 -0.1011930332 -0.0675779730 0.1021488011 0.9924710989
100.0 -535.7 2117.9 0.9972494245 0.0363661200 0.0645843223 -0.0449221320 0.9896345735 0.1364015043 -0.0589544885 -0.1389275789 0.9885461330
-75.0 561.3 2088.6 0 0 0 0 0 0 0 0 0
61.6 394.4 2043.0 0 0 0 0 0 0 0 0 0
-144.5 -891.2 2176.4 0 0 0 0 0 0 0 0 0
86.3 -908.2 2170.3 0 0 0 0 0 0 0 0 0
-14.8 486.7 2139.3 9 0.9599741697 -0.2629941106 0.0963518023 0.2564043999 0.9636101723 0.0755793303 -0.1127224937 -0.0478491783 0.9924737215
49.1 252.6 2150.9 0.9599741697 -0.2629941106 0.0963518023 0.2564043999 0.9636101723 0.0755793303 -0.1127224937 -0.0478491783 0.9924737215
28.5 58.1 2159.8 0.9894503355 0.1051816419 0.0996237770 -0.1091271043 0.9934113026 0.0350038521 -0.0952856243 -0.0455062240 0.9944092631
-91.9 268.2 2164.5 0.6864447594 0.1350090653 -0.7145391107 -0.7219085097 0.2446447015 -0.6472998261 0.0874168649 0.9601674676 0.2653992772
-250.2 434.7 2144.3 -0.7858593464 0.1350090653 -0.6034878492 -0.5637691021 0.2446447015 0.7888683677 0.2541444898 0.9601674676 -0.1161423996
190.1 237.1 2137.3 -0.1193599254 0.8159840703 0.5656175613 -0.1994559616 0.5383692384 -0.8187648654 -0.9726101756 -0.2105435133 0.0984931737
163.9 193.3 1923.8 -0.3986859620 0.8159840703 -0.4185923040 0.7878472209 0.5383692384 0.2990907431 0.4694105089 -0.2105435133 -0.8575110435
-82.2 -126.6 2178.8 0.8567523956 0.0909947231 0.5076370239 -0.0635377094 0.9954363704 -0.0711992607 -0.5117990971 0.0287460424 0.8586241007
-117.8 -516.4 2167.6 0.8574532270 0.0520262942 0.5119250417 -0.0513220727 0.9985615611 -0.0155201973 -0.5119960904 -0.0129652107 0.8588899374
96.3 -146.5 2158.6 0.9984717369 -0.0179538429 0.0522673316 0.0233219862 0.9943059683 -0.1039795056 -0.0501028895 0.1050395742 0.9932051301
103.3 -535.9 2117.4 0.9973524213 0.0560226813 0.0463644005 -0.0620127097 0.9882243872 0.1398819834 -0.0379818678 -0.1423868090 0.9890820980
-74.8 560.5 2087.6 0 0 0 0 0 0 0 0 0
61.8 395.1 2044.1 0 0 0 0 0 0 0 0 0
-137.4 -892.1 2172.4 0 0 0 0 0 0 0 0 0
82.3 -908.0 2171.0 0 0 0 0 0 0 0 0 0
-13.6 482.0 2133.3 0 0.9603158236 -0.2684392631 0.0757227242 0.2600232959 0.9598627687 0.1051253229 -0.1009031907 -0.0812638402 0.9915718436
50.2 253.6 2152.6 0.9603158236 -0.2684392631 0.0757227242 0.2600232959 0.9598627687 0.1051253229 -0.1009031907 -0.0812638402 0.9915718436
30.0 58.9 2159.2 0.9912214279 0.1033196226 0.0824934021 -0.1056989506 0.9940837622 0.0250044242 -0.0794219002 -0.0335043855 0.9962778687
-91.0 268.7 2163.9 0.6885936260 0.1506057382 -0.7093353868 -0.7205464840 0.2521235347 -0.6459461451 0.0815569460 0.9559035897 0.2821291089
-250.5 435.6 2145.0 -0.7805916071 0.1506057382 -0.6066256166 -0.5630056858 0.2521235347 0.7870567441 0.2714798450 0.9559035897 -0.1120136306
191.4 238.6 2141.3 -0.1219741255 0.8128070235 0.5696200728 -0.1990020573 0.5422241688 -0.8163278103 -0.9723787904 -0.2129264474 0.0956129581
164.2 194.0 1923.8 -0.3997407556 0.8128070235 -0.4237358272 0.7850416899 0.5422241688 0.2995037436 0.4731985629 -0.2129264474 -0.8548365235
-81.5 -126.6 2177.4 0.8652706146 0.0861495882 0.4938471317 -0.0593806468 0.9958010316 -0.0696724057 -0.4977757335 0.0309605263 0.8667529821
-115.2 -516.7 2165.2 0.8644717932 0.0689265803 0.4979333580 -0.0719350800 0.9973223805 -0.0131667629 -0.4975076616 -0.0244365819 0.8671153188
97.3 -146.4 2160.1 0.9992937446 -0.0124469781 0.0354554467 0.0162714906 0.9938304424 -0.1097098663 -0.0338711478 0.1102092937 0.9933310747
102.2 -535.7 2117.0 0.9980857372 0.0535219647 0.0309877228 -0.0576537475 0.9865392447 0.1530240476 -0.0223804582 -0.1545176655 0.9877365232
-75.9 561.5 2084.3 0 0 0 0 0 0 0 0 0
61.8 395.1 2045.0 0 0 0 0 0 0 0 0 0
-141.2 -892.0 2174.4 0 0 0 0 0 0 0 0 0
82.1 -907.1 2175.1 0 0 0 0 0 0 0 0 0
-14.5 485.8 2134.8 1 0.9609223604 -0.2706770897 0.0579839796 0.2643575370 0.9594482183 0.0978478789 -0.0821178034 -0.0786957070 0.9935107827
50.9 254.1 2153.8 0.9609223604 -0.2706770897 0.0579839796 0.2643575370 0.9594482183 0.0978478789 -0.0821178034 -0.0786957070 0.9935107827
29.4 59.5 2159.0 0.9918631911 0.1098152995 0.0644049346 -0.1112978160 0.9935880303 0.0198905002 -0.0618076958 -0.0268967841 0.9977256060
-90.4 270.0 2162.6 0.7031722069 0.1395820379 -0.6971841455 -0.7068598866 0.2431438714 -0.6642516255 0.0767984614 0.9598947167 0.2696369588
-253.6 434.0 2144.8 -0.7876123190 0.1395820379 -0.6001530886 -0.5602691770 0.2431438714 0.7918203473 0.2564474344 0.9598947167 -0.1132995933
192.2 238.2 2145.0 -0.1217718944 0.8138069510 0.5682339668 -0.1957859546 0.5415520668 -0.8175507188 -0.9730567336 -0.2108069360 0.0933861583
164.5 193.6 1923.2 -0.3995986283 0.8138069510 -0.4219468832 0.7848554254 0.5415520668 0.3012031317 0.4736274183 -0.2108069360 -0.8551242352
-79.8 -126.2 2172.9 0.8733548522 0.0871503130 0.4792245328 -0.0679401606 0.9960414171 -0.0573206246 -0.4823229909 0.0175026506 0.8758186102
-113.9 -516.3 2166.1 0.8729684949 0.0774785578 0.4815839529 -0.0730605423 0.9969357252 -0.0279527456 -0.4822739661 -0.0107829189 0.8759540915
99.4 -145.3 2158.6 0.9998495579 -0.0050532836 0.0165928937 0.0068349605 0.9940028787 -0.1091403216 -0.0159418676 0.1092373133 0.9938878417
101.3 -534.7 2115.8 0.9985864162 0.0510507748 0.0148001174 -0.0526462048 0.9883061051 0.1431064755 -0.0073213493 -0.1436833441 0.9895966053
-75.0 561.1 2086.6 0 0 0 0 0 0 0 0 0
62.1 394.6 2044.5 0 0 0 0 0 0 0 0 0
-143.1 -891.6 2170.1 0 0 0 0 0 0 0 0 0
82.1 -906.8 2169.9 0 0 0 0 0 0 0 0 0
-16.2 488.5 2136.5 2 0.9594159126 -0.2785742283 0.0437888950 0.2737304866 0.9573198557 0.0927916318 -0.0677693337 -0.0770394132 0.9947221875
52.1 254.1 2155.4 0.9594159126 -0.2785742283 0.0437888950 0.2737304866 0.9573198557 0.0927916318 -0.0677693337 -0.0770394132 0.9947221875
30.8 59.4 2158.5 0.9928020239 0.1083783135 0.0509728640 -0.1090425253 0.9939823747 0.0104271444 -0.0495360531 -0.0159102995 0.9986456037
-89.4 269.6 2162.5 0.6705363989 0.1298958212 -0.7304163575 -0.7360866070 0.2392551005 -0.6331931353 0.0925066918 0.9622287154 0.2560438216
-250.9 446.8 2140.2 -0.8012152910 0.1298958212 -0.5841071606 -0.5463630557 0.2392551005 0.8026483655 0.2440112829 0.9622287154 -0.1207245588
193.5 238.5 2148.3 -0.1220222488 0.8059677482 0.5792465210 -0.1925906986 0.5532884598 -0.8104200959 -0.9736628532 -0.2104467750 0.0877083838
165.1 193.6 1921.2 -0.4055655599 0.8059677482 -0.4311989546 0.7750770450 0.5532884598 0.3051679730 0.4845329523 -0.2104467750 -0.8490818739
-81.7 -125.0 2169.9 0.8792518377 0.0836359710 0.4689575732 -0.0691524819 0.9964479208 -0.0480564684 -0.4713110626 0.0098241596 0.8819123507
-114.5 -515.3 2166.0 0.8793336153 0.0661989897 0.4715825617 -0.0679304674 0.9976004362 -0.0133732622 -0.4713362455 -0.0202752631 0.8817204833
97.6 -145.2 2158.7 0.9999273419 -0.0115667740 0.0033924279 0.0118760690 0.9935243726 -0.1129970178 -0.0020634488 0.1130291000 0.9935895205
102.1 -534.3 2114.4 0.9987341166 0.0503004268 0.0002004205 -0.0497252382 0.9866968393 0.1547798663 0.0075877388 -0.1545938998 0.9879489541
-57.5 578.7 2081.3 0 0 0 0 0 0 0 0 0
61.2 392.1 2045.3 0 0 0 0 0 0 0 0 0
-139.4 -891.0 2173.7 0 0 0 0 0 0 0 0 0
83.2 -905.9 2172.7 0 0 0 0 0 0 0 0 0
-18.5 493.6 2142.4 3 0.9588280916 -0.2811286747 0.0401911847 0.2781578600 0.9582215548 0.0666306913 -0.0572438575 -0.0527078882 0.9969679117
51.4 255.2 2155.5 0.9588280916 -0.2811286747 0.0401911847 0.2781578600 0.9582215548 0.0666306913 -0.0572438575 -0.0527078882 0.9969679117
31.3 60.5 2159.7 0.9936921000 0.1028399095 0.0447214358 -0.1036855653 0.9944645762 0.0170136616 -0.0427241996 -0.0215433091 0.9988546371
-90.2 270.0 2161.6 0.6690987945 0.1187703758 -0.7336214185 -0.7372125983 0.2308513671 -0.6350001693 0.0939382985 0.9657128453 0.2420213819
-250.8 447.0 2139.1 -0.8128131628 0.1187703758 -0.5702879429 -0.5360096097 0.2308513671 0.8120353222 0.2280974984 0.9657128453 -0.1239769682
193.0 240.4 2149.4 -0.1195406243 0.8080028296 0.5769242048 -0.1989930123 0.5498002768 -0.8112468123 -0.9726827741 -0.2117808312 0.0950634480
165.0 193.8 1921.3 -0.4033491015 0.8080028296 -0.4294659197 0.7781965733 0.5498002768 0.3035288155 0.4813726246 -0.2117808312 -0.8505464792
-80.1 -125.4 2166.1 0.8819000125 0.0825409368 0.4641544521 -0.0749849230 0.9965789914 -0.0347499810 -0.4654348791 -0.0041585770 0.8850723505
-112.4 -515.7 2167.7 0.8816155195 0.0851613060 0.4642215669 -0.0783736557 0.9963462353 -0.0339379124 -0.4654155970 -0.0064625517 0.8850686550
99.4 -145.1 2157.1 0.9999601841 -0.0086801425 -0.0020629754 0.0083961403 0.9937334061 -0.1114606261 0.0030175415 0.1114388704 0.9937667251
102.8 -534.4 2113.5 0.9985701442 0.0532825999 -0.0043186657 -0.0519123971 0.9858233333 0.1595539898 0.0127588930 -0.1591016650 0.9871797562
-59.6 573.0 2085.4 0 0 0 0 0 0 0 0 0
61.7 393.1 2044.6 0 0 0 0 0 0 0 0 0
-144.5 -890.9 2170.2 0 0 0 0 0 0 0 0 0
82.7 -905.7 2173.4 0 0 0 0 0 0 0 0 0
-15.4 489.5 2139.3 4 0.9591155052 -0.2798435688 0.0422498919 0.2756860256 0.9575623274 0.0840929523 -0.0639897734 -0.0690071508 0.9955618382
53.4 253.9 2156.3 0.9591155052 -0.2798435688 0.0422498919 0.2756860256 0.9575623274 0.0840929523 -0.0639897734 -0.0690071508 0.9955618382
32.6 59.1 2159.7 0.9931445718 0.1062837839 0.0486583300 -0.1069847122 0.9941878915 0.0120274238 -0.0470972061 -0.0171506684 0.9987430573
-88.1 269.1 2163.0 0.6819576621 0.1179129332 -0.7218242884 -0.7251885533 0.2372743487 -0.6463764310 0.0950542465 0.9642600417 0.2473201752
-250.2 441.4 2140.4 -0.8039729595 0.1179129332 -0.5828584433 -0.5471409559 0.2372743487 0.8027064800 0.2329468429 0.9642600417 -0.1262471676
195.0 238.6 2149.6 -0.1276549697 0.8121276498 0.5693442225 -0.1918168813 0.5429874063 -0.8175395727 -0.9730932713 -0.2135728300 0.0864647552
165.0 193.6 1921.5 -0.3999138176 0.8121276498 -0.4248736203 0.7845337987 0.5429874063 0.2994517684 0.4738940895 -0.2135728300 -0.8542897701
-78.7 -124.9 2167.8 0.8800947666 0.0825205818 0.4675720036 -0.0725407973 0.9965891242 -0.0393443964 -0.4692238867 0.0007087508 0.8830789328
-111.0 -515.3 2167.5 0.8788305521 0.0933862254 0.4679058790 -0.0870169401 0.9955824614 -0.0352646597 -0.4691321254 -0.0097240787 0.8830744624
100.9 -143.7 2160.1 0.9999860525 -0.0050846948 0.0014343945 0.0052228700 0.9923385978 -0.1234377176 -0.0007957619 0.1234434843 0.9923512936
102.9 -532.4 2111.7 0.9984100461 0.0563681759 -0.0000913319 -0.0555546954 0.9842731357 0.1676902324 0.0095422883 -0.1674185395 0.9858397245
-64.8 567.6 2086.7 0 0 0 0 0 0 0 0 0
62.6 394.6 2042.9 0 0 0 0 0 0 0 0 0
-146.2 -890.2 2171.2 0 0 0 0 0 0 0 0 0
81.7 -903.1 2174.8 0 0 0 0 0 0 0 0 0
-16.0 490.3 2137.8 5 0.9575470686 -0.2839642167 0.0496789254 0.2787982523 0.9560351372 0.0909302160 -0.0733157247 -0.0732195601 0.9946173429
54.4 253.4 2155.9 0.9575470686 -0.2839642167 0.0496789254 0.2787982523 0.9560351372 0.0909302160 -0.0733157247 -0.0732195601 0.9946173429
32.8 58.8 2159.5 0.9923115969 0.1100095809 0.0567063056 -0.1108653173 0.9937610030 0.0121627860 -0.0550144948 -0.0183560364 0.9983168244
-87.1 269.2 2163.8 0.6631629467 0.1165173277 -0.7393501401 -0.7414484024 0.2373041213 -0.6276472211 0.1023190543 0.9644223452 0.2437628806
-249.3 450.6 2138.8 -0.8087143898 0.1165173277 -0.5765455365 -0.5410174131 0.2373041213 0.8068375587 0.2308271974 0.9644223452 -0.1288733482
195.8 237.6 2148.1 -0.1316927969 0.8230995536 0.5524166822 -0.1910662800 0.5257443190 -0.8289068341 -0.9727028012 -0.2147092521 0.0880298242
164.9 192.9 1920.2 -0.3847031593 0.8230995536 -0.4177447259 0.7943081260 0.5257443190 0.3044133484 0.4701894224 -0.2147092521 -0.8560501337
-78.0 -125.9 2167.3 0.8755795360 0.0930767283 0.4740223289 -0.0809813216 0.9956572652 -0.0459196381 -0.4762378335 0.0018193418 0.8793146610
-114.4 -515.9 2166.6 0.8767881393 0.0684613213 0.4759786129 -0.0650165677 0.9976021647 -0.0237225089 -0.4764613807 -0.0101468824 0.8791368604
101.6 -145.3 2158.8 0.9999469519 -0.0052049621 0.0088863214 0.0062001734 0.9932396412 -0.1159163415 -0.0082229069 0.1159652919 0.9932192564
103.6 -534.3 2113.4 0.9981676340 0.0600868016 0.0071396935 -0.0604594387 0.9855765104 0.1580619067 0.0024607196 -0.1582039297 0.9874033928
-52.5 582.3 2082.6 0 0 0 0 0 0 0 0 0
66.4 396.3 2040.6 0 0 0 0 0 0 0 0 0
-140.2 -891.5 2170.4 0 0 0 0 0 0 0 0 0
81.0 -905.5 2172.9 0 0 0 0 0 0 0 0 0
-15.9 489.3 2137.0 6 0.9575055838 -0.2824753523 0.0582300238 0.2764730752 0.9564532638 0.0935937688 -0.0821322277 -0.0735175237 0.9939061403
53.9 253.0 2155.2 0.9575055838 -0.2824753523 0.0582300238 0.2764730752 0.9564532638 0.0935937688 -0.0821322277 -0.0735175237 0.9939061403
32.5 58.4 2159.3 0.9918575883 0.1093360856 0.0653008074 -0.1104665548 0.9937819839 0.0139486948 -0.0633696690 -0.0210486744 0.9977681041
-87.5 268.8 2164.2 0.6672400832 0.1152599305 -0.7358708382 -0.7380856276 0.2350886613 -0.6324262023 0.1001014858 0.9651157856 0.2419322729
-249.6 448.1 2139.9 -0.8131844401 0.1152599305 -0.5704789758 -0.5356600881 0.2350886613 0.8110496402 0.2275946587 0.9651157856 -0.1294302940
195.2 237.3 2146.2 -0.1278292835 0.8298178911 0.5431960821 -0.1907354593 0.5168974400 -0.8345280290 -0.9732829332 -0.2102838755 0.0922010615
165.5 193.0 1920.1 -0.3776809871 0.8298178911 -0.4108032882 0.7976316214 0.5168974400 0.3108067811 0.4702562094 -0.2102838755 -0.8571112752
-78.4 -125.8 2168.1 0.8722569346 0.0840436518 0.4817722738 -0.0726719722 0.9964603782 -0.0422555096 -0.4836182892 0.0018463203 0.8752770424
-111.3 -516.1 2167.4 0.8714567423 0.0873556137 0.4826304317 -0.0822600797 0.9961046576 -0.0317618363 -0.4835250080 -0.0120221535 0.8752480149
101.0 -145.9 2158.2 0.9998294711 -0.0058247079 0.0175242908 0.0078510288 0.9929967523 -0.1178806201 -0.0167149436 0.1179981008 0.9928731322
103.3 -534.8 2112.0 0.9987599850 0.0474370234 0.0151070710 -0.0493367128 0.9837138057 0.1728381217 -0.0066621085 -0.1733691245 0.9848343730
-57.2 574.8 2086.1 0 0 0 0 0 0 0 0 0
68.8 397.3 2040.5 0 0 0 0 0 0 0 0 0
-144.2 -891.2 2171.9 0 0 0 0 0 0 0 0 0
85.4 -905.3 2177.2 0 0 0 0 0 0 0 0 0
-16.1 489.9 2142.7 7 0.9586727619 -0.2758923471 0.0694977418 0.2714494765 0.9601165652 0.0670175925 -0.0852155760 -0.0453828163 0.9953284264
52.2 252.2 2153.9 0.9586727619 -0.2758923471 0.0694977418 0.2714494765 0.9601165652 0.0670175925 -0.0852155760 -0.0453828163 0.9953284264
31.2 57.6 2159.4 0.9915069342 0.1072606668 0.0735470653 -0.1090036407 0.9938381314 0.0200976636 -0.0709381923 -0.0279438701 0.9970892072
-89.1 267.8 2164.0 0.6708972454 0.1146080196 -0.7326403260 -0.7356193066 0.2275660038 -0.6380266547 0.0936010629 0.9669947028 0.2369812727
-249.2 443.3 2141.7 -0.7971569896 0.1146080196 -0.5927948952 -0.5597918034 0.2275660038 0.7967727780 0.2262165099 0.9669947028 -0.1172491908
193.5 236.7 2143.8 -0.1117660776 0.8286252618 0.5485330820 -0.1665413976 0.5285655856 -0.8323955536 -0.9796797037 -0.1843870580 0.0789247081
168.0 198.7 1920.2 -0.3919749558 0.8286252618 -0.3996696174 0.7829856873 0.5285655856 0.3279509246 0.4830000401 -0.1843870580 -0.8559861779
-78.6 -126.3 2169.2 0.8685700297 0.0831745192 0.4885367155 -0.0713550150 0.9965323210 -0.0427998006 -0.4904024601 0.0023150819 0.8714929819
-111.2 -516.6 2168.3 0.8677540421 0.0896041244 0.4888496399 -0.0808677375 0.9959612489 -0.0390077606 -0.4903705418 -0.0056830226 0.8714954853
100.7 -146.2 2157.7 0.9996618032 0.0015640270 0.0259585809 0.0011014141 0.9947478771 -0.1023497432 -0.0259823203 0.1023437232 0.9944097400
100.1 -535.8 2117.6 0.9993858933 0.0239295419 0.0255959779 -0.0271730516 0.9904769063 0.1349707097 -0.0221224390 -0.1355833411 0.9905189276
-66.4 571.6 2089.8 0 0 0 0 0 0 0 0 0
67.6 399.2 2043.8 0 0 0 0 0 0 0 0 0
-144.9 -891.7 2170.4 0 0 0 0 0 0 0 0 0
91.1 -908.5 2168.6 0 0 0 0 0 0 0 0 0
-14.2 487.5 2139.5 8 0.9592009783 -0.2707010508 0.0815744251 0.2648885250 0.9613265395 0.0754010007 -0.0988307893 -0.0507165827 0.9938110113
52.9 249.3 2152.0 0.9592009783 -0.2707010508 0.0815744251 0.2648885250 0.9613265395 0.0754010007 -0.0988307893 -0.0507165827 0.9938110113
28.3 55.2 2160.2 0.9884597659 0.1254868656 0.0848547742 -0.1285227835 0.9912126660 0.0312936828 -0.0801821798 -0.0418383181 0.9959017634
-88.0 267.6 2163.4 0.6780318618 0.1182186604 -0.7254634500 -0.7297831774 0.2260186523 -0.6452380419 0.0876890868 0.9669229388 0.2395218313
-250.0 442.1 2142.5 -0.8000809550 0.1182186604 -0.5881282687 -0.5550540686 0.2260186523 0.8005189300 0.2275642306 0.9669229388 -0.1152154580
193.7 231.0 2140.6 -0.0967139304 0.8178396821 0.5672606230 -0.1276859045 0.5550282001 -0.8219732642 -0.9870880246 -0.1519274563 0.0507476516
172.2 202.6 1921.2 -0.4286192060 0.8178396821 -0.3839580715 0.7637123466 0.5550282001 0.3296773732 0.4827307761 -0.1519274563 -0.8624899983
-79.4 -127.2 2171.3 0.8645638227 0.0780253038 0.4964286685 -0.0615734085 0.9968768954 -0.0494481474 -0.4987365007 0.0121842744 0.8666680455
-110.0 -517.7 2166.5 0.8615357876 0.1002611741 0.4976984859 -0.0971179008 0.9947493672 -0.0322769582 -0.4983213842 -0.0205276795 0.8667493463
99.8 -146.9 2158.4 0.9993975759 0.0003118519 0.0347035564 0.0036502178 0.9934686422 -0.1140469238 -0.0345124602 0.1141049042 0.9928690791
99.7 -536.0 2113.7 0.9991675019 0.0232351460 0.0335318819 -0.0281601232 0.9875433445 0.1548068970 -0.0295172241 -0.1556222886 0.9873755574
-70.1 566.8 2091.3 0 0 0 0 0 0 0 0 0
62.5 398.0 2044.7 0 0 0 0 0 0 0 0 0
-147.7 -892.3 2174.2 0 0 0 0 0 0 0 0 0
91.0 -907.7 2172.3 0 0 0 0 0 0 0 0 0
-14.6 488.7 2143.9 9 0.9575831890 -0.2714621425 0.0966579914 0.2670195401 0.9620328546 0.0565092191 -0.1083282754 -0.0283027049 0.9937121868
53.4 247.6 2151.0 0.9575831890 -0.2714621425 0.0966579914 0.2670195401 0.9620328546 0.0565092191 -0.1083282754 -0.0283027049 0.9937121868
26.8 53.9 2160.3 0.9858395457 0.1359350830 0.0981941596 -0.1398749501 0.9895718694 0.0343881957 -0.0924956128 -0.0476361439 0.9945729375
-87.0 267.6 2164.1 0.6833644509 0.1381578743 -0.7168859243 -0.7263874412 0.2272635549 -0.6486235857 0.0733095855 0.9639832377 0.2556599677
-250.9 441.7 2146.6 -0.7998256087 0.1381578743 -0.5841158628 -0.5484330654 0.2272635549 0.8047188520 0.2439264953 0.9639832377 -0.1060008705
193.9 227.7 2137.8 -0.0646502674 0.8096713424 0.5833117366 -0.1178953499 0.5742437243 -0.8101511002 -0.9909192920 -0.1211462244 0.0583314784
179.7 201.8 1919.8 -0.4563876092 0.8096713424 -0.3689750731 0.7458556890 0.5742437243 0.3375550508 0.4851902723 -0.1211462244 -0.8659757376
-85.6 -127.3 2175.7 0.8595696092 0.0683263615 0.5064302683 -0.0437829904 0.9972238541 -0.0602297112 -0.5091396570 0.0295985937 0.8601748347
-112.3 -517.8 2164.1 0.8567639589 0.0781948119 0.5097461343 -0.0927730575 0.9956821799 0.0031926273 -0.5072954893 -0.0500260331 0.8603189588
93.1 -150.5 2161.2 0.9985888004 -0.0258655269 0.0463824868 0.0307698529 0.9936366081 -0.1083490178 -0.0432848334 0.1096232980 0.9930303097
103.2 -539.6 2118.3 0.9979599714 0.0495679267 0.0402363092 -0.0531545058 0.9941899180 0.0936004147 -0.0353629515 -0.0955482051 0.9947964549
-72.2 564.3 2092.1 0 0 0 0 0 0 0 0 0
62.9 392.6 2044.0 0 0 0 0 0 0 0 0 0
-141.8 -892.5 2182.9 0 0 0 0 0 0 0 0 0
84.6 -913.1 2154.2 0 0 0 0 0 0 0 0 0
-13.4 488.1 2140.1 0 0.9604709148 -0.2605712712 0.0979704633 0.2550916374 0.9647269249 0.0650402308 -0.1114623547 -0.0374778062 0.9930617213
52.0 246.1 2149.5 0.9604709148 -0.2605712712 0.0979704633 0.2550916374 0.9647269249 0.0650402308 -0.1114623547 -0.0374778062 0.9930617213
25.4 52.4 2160.0 0.9857227206 0.1357933581 0.0995535031 -0.1403489858 0.9892836213 0.0402499847 -0.0930209681 -0.0536475591 0.9942178130
-88.5 266.1 2162.7 0.6791292429 0.1568161845 -0.7170719504 -0.7317973375 0.2205953896 -0.6448335648 0.0570624210 0.9626766443 0.2645704448
-251.3 441.5 2149.0 -0.7987162471 0.1568161845 -0.5809139609 -0.5450047255 0.2205953896 0.8088927865 0.2549944222 0.9626766443 -0.0907275528
192.4 226.1 2136.2 -0.0231500082 0.8118146062 0.5834561586 -0.1079914346 0.5781670809 -0.8087401986 -0.9938822389 -0.0817306116 0.0742844567
187.4 202.6 1919.7 -0.4762269557 0.8118146062 -0.3378829956 0.7365719676 0.5781670809 0.3509766161 0.4802807868 -0.0817306116 -0.8732986450
-88.9 -127.3 2178.0 0.8595034480 0.0654350147 0.5069241524 -0.0373451971 0.9971603155 -0.0653961226 -0.5097638369 0.0372770093 0.8595064282
-114.5 -517.8 2163.4 0.8576868773 0.0624073297 0.5103709698 -0.0775249153 0.9969552159 0.0083758524 -0.5082943439 -0.0467503294 0.8599135280
89.3 -152.6 2161.3 0.9984445572 -0.0288708378 0.0476963408 0.0335547589 0.9943693280 -0.1005169600 -0.0445257686 0.1019610465 0.9937914014
100.6 -542.0 2121.4 0.9984257817 0.0381698236 0.0410971716 -0.0419986136 0.9944236875 0.0967347100 -0.0371756554 -0.0983084515 0.9944613576
-73.4 562.9 2092.3 0 0 0 0 0 0 0 0 0
65.5 391.1 2042.6 0 0 0 0 0 0 0 0 0
-138.0 -893.1 2181.0 0 0 0 0 0 0 0 0 0
86.3 -916.1 2158.4 0 0 0 0 0 0 0 0 0
-14.2 487.6 2138.2 1 0.9588006139 -0.2581394315 0.1185978279 0.2510184646 0.9653189182 0.0717570931 -0.1330080628 -0.0390305035 0.9903461337
50.9 244.1 2148.0 0.9588006139 -0.2581394315 0.1185978279 0.2510184646 0.9653189182 0.0717570931 -0.1330080628 -0.0390305035 0.9903461337
24.4 50.4 2159.4 0.9834451079 0.1353580356 0.1204735860 -0.1412669420 0.9890844822 0.0418992378 -0.1134871542 -0.0582245365 0.9918318987
-89.2 264.3 2164.2 0.6740536094 0.1594051421 -0.7212778926 -0.7364551425 0.2207895666 -0.6394417882 0.0573203079 0.9622068405 0.2662187219
-251.3 441.4 2150.4 -0.7981245518 0.1594051421 -0.5810225606 -0.5448176861 0.2207895666 0.8089658022 0.2572370172 0.9622068405 -0.0893708318
191.1 224.0 2131.9 0.0126565974 0.8225775361 0.5685120821 -0.0912695006 0.5671345592 -0.8185525537 -0.9957457781 -0.0415277258 0.0822542384
193.8 204.5 1918.9 -0.4835835099 0.8225775361 -0.2991875410 0.7360762358 0.5671345592 0.3695269227 0.4736441374 -0.0415277258 -0.8797367215
-90.3 -128.7 2178.9 0.8490701318 0.0594100207 0.5249289274 -0.0308866668 0.9975392818 -0.0629397258 -0.5273764729 0.0372269340 0.8488157392
-113.6 -519.4 2164.3 0.8466039300 0.0753228739 0.5268664360 -0.0740915835 0.9969750643 -0.0234761611 -0.5270409584 -0.0191613566 0.8496238589
87.9 -154.1 2162.1 0.9970711470 -0.0336295925 0.0686888397 0.0407205857 0.9936813116 -0.1045908332 -0.0647374690 0.1070815548 0.9921404123
101.1 -543.2 2120.2 0.9969968200 0.0496229641 0.0594548807 -0.0564745888 0.9911984205 0.1197342277 -0.0529900193 -0.1227323338 0.9910241365
-73.8 562.5 2093.2 0 0 0 0 0 0 0 0 0
70.0 392.9 2040.2 0 0 0 0 0 0 0 0 0
-141.9 -894.7 2171.5 0 0 0 0 0 0 0 0 0
82.4 -916.2 2166.3 0 0 0 0 0 0 0 0 0
-15.6 489.7 2138.2 2 0.9580546618 -0.2552099824 0.1303805560 0.2478394806 0.9662537575 0.0702085719 -0.1438986361 -0.0349502042 0.9889750481
49.4 243.5 2147.1 0.9580546618 -0.2552099824 0.1303805560 0.2478394806 0.9662537575 0.0702085719 -0.1438986361 -0.0349502042 0.9889750481
24.1 49.7 2158.8 0.9827512503 0.1293568611 0.1321620643 -0.1360022277 0.9897956848 0.0425198413 -0.1253132075 -0.0597607642 0.9903157353
-90.6 262.9 2165.0 0.6670548320 0.1538098007 -0.7289584279 -0.7421448827 0.2228949964 -0.6320908070 0.0652594194 0.9626320004 0.2628323436
-250.4 440.6 2149.4 -0.7964869142 0.1538098007 -0.5847658515 -0.5485861897 0.2228949964 0.8058356047 0.2542867959 0.9626320004 -0.0931550115
189.4 224.1 2129.3 0.0565336682 0.8214296699 0.5675008893 -0.0783484280 0.5703070760 -0.8176865578 -0.9953218102 0.0017640200 0.0965992808
201.3 207.7 1920.0 -0.5018135309 0.8214296699 -0.2709915936 0.7212998271 0.5703070760 0.3930348456 0.4773989320 0.0017640200 -0.8786848783
-90.9 -130.5 2181.1 0.8420320153 0.0663825199 0.5353274345 -0.0393715091 0.9973152876 -0.0617420860 -0.5379888415 0.0309121627 0.8423849940
-116.9 -521.2 2169.0 0.8414964080 0.0554206520 0.5374126434 -0.0498596579 0.9984459877 -0.0248929858 -0.5379570723 -0.0058478522 0.8429519534
86.8 -156.1 2160.6 0.9963097572 -0.0283309668 0.0810200348 0.0363876000 0.9943459630 -0.0997597575 -0.0777356550 0.1023397446 0.9917075038
97.9 -545.6 2120.5 0.9969810247 0.0275029000 0.0726115927 -0.0364957899 0.9914113879 0.1255849153 -0.0685340092 -0.1278557926 0.9894220233
-74.0 562.1 2093.1 0 0 0 0 0 0 0 0 0
72.9 392.3 2042.2 0 0 0 0 0 0 0 0 0
-137.8 -897.0 2171.2 0 0 0 0 0 0 0 0 0
87.6 -918.7 2168.6 0 0 0 0 0 0 0 0 0
-16.6 491.9 2138.3 3 0.9588571787 -0.2574862540 0.1195565984 0.2511421442 0.9657205343 0.0656618476 -0.1323652864 -0.0329346284 0.9906536937
49.6 243.4 2146.7 0.9588571787 -0.2574862540 0.1195565984 0.2511421442 0.9657205343 0.0656618476 -0.1323652864 -0.0329346284 0.9906536937
26.9 49.2 2158.0 0.9858405590 0.1159014106 0.1211825237 -0.1218873560 0.9916040301 0.0431843996 -0.1151599512 -0.0573435500 0.9916904569
-90.8 260.7 2163.1 0.6673945785 0.1451464891 -0.7304224372 -0.7413758039 0.2221269011 -0.6332626343 0.0703306273 0.9641535878 0.2558543980
-249.2 436.7 2146.4 -0.7887687087 0.1451464891 -0.5973076224 -0.5623121262 0.2221269011 0.7965329289 0.2482920438 0.9641535878 -0.0935891196
190.1 226.0 2130.3 0.1035896242 0.8222205043 0.5596629381 -0.0894729719 0.5681121945 -0.8180727959 -0.9905875921 0.0346691459 0.1324170381
212.4 206.7 1916.8 -0.5123341680 0.8222205043 -0.2479256690 0.7122098804 0.5681121945 0.4123173356 0.4798653722 0.0346691459 -0.8766568899
-90.1 -131.9 2181.9 0.8477060795 0.0633834526 0.5266659260 -0.0333314165 0.9972383976 -0.0663668737 -0.5294180512 0.0387050770 0.8474777341
-114.9 -522.5 2166.7 0.8454200029 0.0726946369 0.5291318297 -0.0747077614 0.9970498681 -0.0176151600 -0.5288513303 -0.0246380456 0.8483567834
87.6 -156.5 2159.2 0.9968504310 -0.0331723802 0.0720331818 0.0402571484 0.9942485690 -0.0992426574 -0.0683267713 0.1018299386 0.9924525619
100.6 -545.9 2119.3 0.9972137809 0.0420639478 0.0616058819 -0.0508850664 0.9874594212 0.1494475007 -0.0545469597 -0.1521659195 0.9868485928
-74.1 561.5 2091.3 0 0 0 0 0 0 0 0 0
81.3 389.1 2039.6 0 0 0 0 0 0 0 0 0
-142.3 -897.8 2176.0 0 0 0 0 0 0 0 0 0
84.7 -917.6 2176.6 0 0 0 0 0 0 0 0 0
-16.6 490.1 2137.8 4 0.9588665962 -0.2573678792 0.1197356507 0.2511123717 0.9657765627 0.0649480000 -0.1323534101 -0.0322093666 0.9906791449
49.2 243.3 2146.0 0.9588665962 -0.2573678792 0.1197356507 0.2511123717 0.9657765627 0.0649480000 -0.1323534101 -0.0322093666 0.9906791449
27.8 49.0 2158.1 0.9866514802 0.1089873239 0.1209986731 -0.1155138016 0.9921317697 0.0482821688 -0.1147844791 -0.0616146885 0.9914777875
-91.4 259.8 2162.4 0.6708121896 0.1496549398 -0.7263706923 -0.7391023636 0.2156548798 -0.6381384134 0.0611448288 0.9649333358 0.2552742362
-247.7 431.9 2148.1 -0.7750613689 0.1496549398 -0.6139081717 -0.5803644657 0.2156548798 0.7852833867 0.2499138415 0.9649333358 -0.0802913681
189.8 226.8 2129.6 0.1309405416 0.8242618442 0.5508602262 -0.0871644914 0.5630640984 -0.8218036294 -0.9875509739 0.0595919564 0.1455742866
218.1 208.0 1916.3 -0.5195831060 0.8242618442 -0.2250017971 0.7103617787 0.5630640984 0.4223090410 0.4747836590 0.0595919564 -0.8780827522
-84.9 -134.0 2179.6 0.8467645049 0.0776422247 0.5262714028 -0.0458978303 0.9962655306 -0.0731326416 -0.5299842358 0.0377714112 0.8471658826
