-16.9 474.6 2156.7 1 0.8599540591 -0.2519305646 0.4438581467 0.2614676058 0.9643505216 0.0407770611 -0.4383078218 0.0809881315 0.8951687813
51.0 214.9 2134.9 0.8599540591 -0.2519305646 0.4438581467 0.2614676058 0.9643505216 0.0407770611 -0.4383078218 0.0809881315 0.8951687813
20.4 24.3 2167.6 0.8833819032 0.1563656777 0.4417988360 -0.2135825604 0.9734323621 0.0825343058 -0.4171557426 -0.1672698408 0.8933095336
-74.9 245.4 2194.3 0.7972968221 0.3269255459 -0.5073829889 -0.6015757322 0.3618322611 -0.7121685743 -0.0492385589 0.8730390072 0.4851581752
-277.6 398.3 2206.8 -0.7582450509 0.3269255459 -0.5640781522 -0.4509672523 0.3618322611 0.8159080744 0.4708428383 0.8730390072 -0.1269248128
176.8 184.5 2075.5 -0.4036033750 0.7452883720 0.5307066441 -0.1851804554 0.5015022755 -0.8451057076 -0.8959980607 -0.4393640161 -0.0643951595
104.9 151.5 1915.8 -0.2998300791 0.7452883720 -0.5955225825 0.8406721950 0.5015022755 0.2043666691 0.4509680271 -0.4393640161 -0.7769086957
-82.9 -146.8 2238.4 0.6789777279 0.0679135248 0.7310109735 0.0884726569 0.9808866382 -0.1733030528 -0.7288085222 0.1823433936 0.6599916816
-109.4 -530.9 2167.0 0.6728955507 0.0907163173 0.7341540456 -0.0489084609 0.9957363605 -0.0782114491 -0.7381189466 0.0167217907 0.6744633317
76.4 -183.1 2161.1 0.9283836484 -0.0639819726 0.3660739064 0.0903374702 0.9943743944 -0.0553052202 -0.3604759872 0.0844146535 0.9289408922
101.4 -572.5 2128.1 0.9334874749 0.0423417352 0.3561015725 -0.0684966445 0.9957751036 0.0611564666 -0.3520076275 -0.0814805552 0.9324438572
-94.4 507.3 2093.1 0 0 0 0 0 0 0 0 0
21.6 384.9 2041.0 0 0 0 0 0 0 0 0 0
-143.6 -905.5 2160.7 0 0 0 0 0 0 0 0 0
85.5 -947.3 2158.7 0 0 0 0 0 0 0 0 0
-17.6 478.4 2159.5 2 0.8650262952 -0.2542386353 0.4325415790 0.2689745426 0.9627411962 0.0279648807 -0.4235353470 0.0921523124 0.9011802077
51.6 216.6 2134.4 0.8650262952 -0.2542386353 0.4325415790 0.2689745426 0.9627411962 0.0279648807 -0.4235353470 0.0921523124 0.9011802077
19.0 25.7 2163.0 0.8868080974 0.1666734517 0.4310352504 -0.2130654752 0.9751129746 0.0613006279 -0.4100908637 -0.1462006122 0.9002504349
-74.8 247.0 2192.9 0.7992730737 0.3306678832 -0.5018180609 -0.5981428623 0.3568415046 -0.7175578475 -0.0582038276 0.8736835122 0.4830004573
-279.3 400.0 2207.8 -0.7630201578 0.3306678832 -0.5553908348 -0.4437192976 0.3568415046 0.8220567703 0.4700142741 0.8736835122 -0.1255535334
177.9 186.2 2076.0 -0.4179503918 0.7411387563 0.5253863335 -0.1879192293 0.4952821732 -0.8481638432 -0.8888216019 -0.4532206357 -0.0677291527
102.4 152.2 1915.4 -0.2905457020 0.7411387563 -0.6052243710 0.8452192545 0.4952821732 0.2007486373 0.4485394359 -0.4532206357 -0.7703268528
-90.0 -147.0 2238.1 0.6892650723 0.0512213334 0.7226963639 0.1017115191 0.9807782769 -0.1665194035 -0.7173342109 0.1882825494 0.6708064079
-110.1 -531.0 2164.3 0.6830065250 0.0955241099 0.7241389751 -0.0702342242 0.9954063892 -0.0650633052 -0.7270276546 -0.0064206729 0.6865781546
69.6 -185.6 2162.7 0.9320625663 -0.0836256593 0.3525139689 0.1115801185 0.9919603467 -0.0597034842 -0.3446871638 0.0949809328 0.9339001179
102.4 -574.0 2125.5 0.9399286509 0.0610627308 0.3358652890 -0.0967715979 0.9911730886 0.0906156898 -0.3273673952 -0.1176744998 0.9375410676
-94.8 507.3 2094.1 0 0 0 0 0 0 0 0 0
21.7 386.9 2039.9 0 0 0 0 0 0 0 0 0
-146.0 -905.6 2166.8 0 0 0 0 0 0 0 0 0
79.4 -946.9 2169.8 0 0 0 0 0 0 0 0 0
-18.1 474.8 2155.4 3 0.8763521910 -0.2602303624 0.4053232968 0.2650048435 0.9631767273 0.0454211943 -0.4022179246 0.0676076710 0.9130443335
51.5 217.2 2137.3 0.8763521910 -0.2602303624 0.4053232968 0.2650048435 0.9631767273 0.0454211943 -0.4022179246 0.0676076710 0.9130443335
19.2 25.5 2160.3 0.8989652991 0.1655222476 0.4055413008 -0.1987671554 0.9791908264 0.0409499742 -0.3903242052 -0.1174208969 0.9131590128
-76.6 245.5 2192.9 0.7937468290 0.3392175138 -0.5048736930 -0.6053687930 0.3599023521 -0.7099288106 -0.0591150671 0.8691385388 0.4910230339
-278.7 399.7 2207.9 -0.7585559487 0.3392175138 -0.5563490987 -0.4417698383 0.3599023521 0.8217723370 0.4789909124 0.8691385388 -0.1231500059
179.6 188.8 2081.7 -0.4186845720 0.7407439947 0.5253585577 -0.1885075718 0.4950139225 -0.8481898904 -0.8883513212 -0.4541580975 -0.0676188543
101.2 153.5 1915.4 -0.2860802114 0.7407439947 -0.6078293324 0.8441202641 0.4950139225 0.2059665024 0.4534524083 -0.4541580975 -0.7668907046
-93.8 -146.0 2228.7 0.7066133618 0.0449805297 0.7061687708 0.0823877528 0.9859599471 -0.1452418864 -0.7027872205 0.1608095169 0.6929866076
-111.4 -532.0 2165.7 0.7022405267 0.0816216394 0.7072454691 -0.0646735057 0.9966125488 -0.0508010276 -0.7089961767 -0.0100655043 0.7051404715
66.5 -184.5 2154.6 0.9413219690 -0.0988131762 0.3227210343 0.1176034212 0.9922865033 -0.0392032154 -0.3163579404 0.0748559460 0.9456818700
105.2 -573.0 2125.3 0.9474835992 0.0825847238 0.3089571893 -0.1114869192 0.9907733798 0.0770633891 -0.2997422814 -0.1074609831 0.9479486942
-94.9 506.8 2091.8 0 0 0 0 0 0 0 0 0
21.7 387.9 2041.3 0 0 0 0 0 0 0 0 0
-142.1 -907.2 2169.5 0 0 0 0 0 0 0 0 0
74.1 -945.9 2165.7 0 0 0 0 0 0 0 0 0
-17.8 472.4 2151.8 4 0.8891859651 -0.2657273114 0.3724745810 0.2613528967 0.9631704688 0.0632241219 -0.3755568862 0.0411293060 0.9258862734
52.0 219.6 2141.0 0.8891859651 -0.2657273114 0.3724745810 0.2613528967 0.9631704688 0.0632241219 -0.3755568862 0.0411293060 0.9258862734
23.5 27.1 2162.3 0.9161487222 0.1455424875 0.3734821975 -0.1753457487 0.9833889604 0.0469042584 -0.3604517281 -0.1084597930 0.9264507890
-78.5 244.5 2192.3 0.7900491357 0.3343839645 -0.5138187408 -0.6102023125 0.3483345509 -0.7115589380 -0.0589530729 0.8756999373 0.4792432785
-279.2 399.6 2207.3 -0.7627905607 0.3343839645 -0.5534780622 -0.4456636012 0.3483345509 0.8246496320 0.4685451388 0.8756999373 -0.1166835427
182.4 194.6 2089.7 -0.3947186172 0.7413436770 0.5427768826 -0.2102245092 0.5022037029 -0.8388069868 -0.8944287896 -0.4451977313 -0.0423805416
106.1 153.9 1916.8 -0.3035013676 0.7413436770 -0.5985787511 0.8425245881 0.5022037029 0.1947917044 0.4450160265 -0.4451977313 -0.7770197392
-94.3 -148.2 2218.5 0.7265573144 0.0413383991 0.6858611703 0.0647217855 0.9896329641 -0.1282095164 -0.6840508580 0.1375417262 0.7163496017
-110.5 -535.6 2164.7 0.7192393541 0.1031989455 0.6870551109 -0.0888713673 0.9944486022 -0.0563364699 -0.6890549064 -0.0205401257 0.7244179845
68.1 -184.2 2148.0 0.9527702928 -0.0893720388 0.2902437747 0.1002978161 0.9946925640 -0.0229568128 -0.2866516113 0.0509833843 0.9566773176
103.1 -573.6 2128.1 0.9581309557 0.0560384095 0.2807931602 -0.0782824531 0.9945660830 0.0686303601 -0.2754214108 -0.0877380520 0.9573113918
-94.6 507.4 2093.9 0 0 0 0 0 0 0 0 0
21.8 387.8 2040.3 0 0 0 0 0 0 0 0 0
-149.4 -910.0 2172.4 0 0 0 0 0 0 0 0 0
82.0 -947.9 2161.1 0 0 0 0 0 0 0 0 0
-17.0 470.1 2149.6 5 0.8943746686 -0.2648099959 0.3605129421 0.2575839758 0.9637949467 0.0689183250 -0.3657108247 0.0312235523 0.9302046299
51.5 220.8 2141.5 0.8943746686 -0.2648099959 0.3605129421 0.2575839758 0.9637949467 0.0689183250 -0.3657108247 0.0312235523 0.9302046299
24.5 28.0 2162.2 0.9219645858 0.1381281018 0.3618037105 -0.1667916924 0.9847706556 0.0490639843 -0.3495165706 -0.1055811122 0.9309622645
-79.8 244.5 2191.2 0.7854806781 0.3423577845 -0.5155689120 -0.6160811782 0.3533210456 -0.7039944530 -0.0588566400 0.8706063032 0.4884470403
-279.7 401.3 2206.2 -0.7638688684 0.3423577845 -0.5470790863 -0.4348607659 0.3533210456 0.8282876015 0.4768652618 0.8706063032 -0.1210129783
182.8 197.0 2091.7 -0.4021857083 0.7330631018 0.5485117435 -0.2174231410 0.5054908395 -0.8349887133 -0.8893671036 -0.4550797045 -0.0439163148
102.8 153.8 1914.8 -0.2911937237 0.7330631018 -0.6146745086 0.8379034400 0.5054908395 0.2059048265 0.4616535604 -0.4550797045 -0.7614318728
-87.6 -149.6 2216.2 0.7330095768 0.0586877987 0.6776818633 0.0459675379 0.9897198677 -0.1354309767 -0.6786633730 0.1304235756 0.7227764130
-110.6 -537.1 2165.1 0.7280213833 0.0853738189 0.6802176833 -0.0692850873 0.9962980151 -0.0508906767 -0.6820442677 -0.0100794388 0.7312414050
77.9 -181.3 2151.1 0.9582606554 -0.0546294563 0.2806281447 0.0699688792 0.9965369105 -0.0449283347 -0.2772018909 0.0626882911 0.9587644339
99.2 -571.3 2126.6 0.9622899294 0.0233229119 0.2710241675 -0.0484305285 0.9950892925 0.0863237754 -0.2676799297 -0.0961943418 0.9586939812
-95.1 506.4 2091.0 0 0 0 0 0 0 0 0 0
22.0 386.4 2043.0 0 0 0 0 0 0 0 0 0
-142.7 -912.2 2168.9 0 0 0 0 0 0 0 0 0
90.5 -945.7 2162.8 0 0 0 0 0 0 0 0 0
-16.2 469.4 2148.9 6 0.9031729698 -0.2627083957 0.3395038545 0.2536112368 0.9646404386 0.0717645064 -0.3463522792 0.0212862268 0.9378629923
51.3 221.8 2143.5 0.9031729698 -0.2627083957 0.3395038545 0.2536112368 0.9646404386 0.0717645064 -0.3463522792 0.0212862268 0.9378629923
24.8 28.7 2161.8 0.9301303625 0.1352107227 0.3414317071 -0.1589029133 0.9863892198 0.0422632471 -0.3310701251 -0.0935648233 0.9389559031
-81.2 244.5 2190.6 0.7870487571 0.3367233574 -0.5168864727 -0.6138284802 0.3440860808 -0.7105063796 -0.0613906458 0.8764828444 0.4775029123
-278.5 398.4 2206.0 -0.7604399920 0.3367233574 -0.5552912951 -0.4495708346 0.3440860808 0.8243123293 0.4686332345 0.8764828444 -0.1102758273
183.8 199.2 2096.3 -0.3924217820 0.7374852300 0.5496550202 -0.2081174701 0.5108983517 -0.8340682983 -0.8959309459 -0.4416993856 -0.0470040888
103.7 156.7 1913.6 -0.2983265519 0.7374852300 -0.6059015989 0.8331877589 0.5108983517 0.2116151750 0.4656172395 -0.4416993856 -0.7668782473
-85.8 -149.8 2214.5 0.7462969422 0.0630514622 0.6626200676 0.0404365472 0.9893698096 -0.1396862119 -0.6643837094 0.1310414672 0.7358140945
-110.5 -537.3 2163.2 0.7404966354 0.0930460393 0.6655878425 -0.0921050981 0.9950751066 -0.0366357118 -0.6657186747 -0.0341754146 0.7454198003
80.8 -179.9 2151.3 0.9641836286 -0.0526429117 0.2599589527 0.0675382763 0.9965275526 -0.0486968681 -0.2564927042 0.0645098984 0.9643909931
101.4 -570.1 2126.1 0.9676960111 0.0376982354 0.2492856085 -0.0643237606 0.9929525256 0.0995375887 -0.2437763810 -0.1123571172 0.9633010626
-95.0 506.9 2092.9 0 0 0 0 0 0 0 0 0
20.9 388.0 2042.9 0 0 0 0 0 0 0 0 0
-145.5 -911.9 2176.0 0 0 0 0 0 0 0 0 0
87.2 -943.8 2168.4 0 0 0 0 0 0 0 0 0
-15.5 466.1 2148.1 7 0.9057598114 -0.2651130259 0.3306270242 0.2543174922 0.9641018510 0.0763561502 -0.3390011489 0.0149238985 0.9406675696
51.0 224.2 2144.4 0.9057598114 -0.2651130259 0.3306270242 0.2543174922 0.9641018510 0.0763561502 -0.3390011489 0.0149238985 0.9406675696
25.2 30.7 2160.9 0.9334852099 0.1321361959 0.3333847821 -0.1526152343 0.9876341224 0.0358799957 -0.3245211542 -0.0843730420 0.9421078563
-82.0 245.9 2190.6 0.7874805927 0.3367626965 -0.5162026882 -0.6130371690 0.3413852155 -0.7124896646 -0.0637159646 0.8775232434 0.4752822816
-280.4 400.4 2206.6 -0.7665818930 0.3367626965 -0.5467568636 -0.4417608380 0.3413852155 0.8296405673 0.4660466909 0.8775232434 -0.1129311621
184.0 202.4 2098.1 -0.3983062506 0.7361098528 0.5472608209 -0.2230858952 0.5009739995 -0.8362163305 -0.8897105455 -0.4551563561 -0.0353253484
101.8 156.4 1914.5 -0.2881249487 0.7361098528 -0.6124755144 0.8404038548 0.5009739995 0.2067520767 0.4590265751 -0.4551563561 -0.7629726529
-85.6 -150.1 2210.1 0.7504382133 0.0690130293 0.6573277116 0.0295057204 0.9900441170 -0.1376302242 -0.6602817178 0.1226779073 0.7409306169
-112.7 -537.9 2162.0 0.7470637560 0.0720492452 0.6608362794 -0.0821774080 0.9964933395 -0.0157449339 -0.6596533656 -0.0425433442 0.7503648996
82.4 -178.9 2150.2 0.9664937854 -0.0490838289 0.2519535422 0.0645904094 0.9964689612 -0.0536436774 -0.2484308481 0.0681200624 0.9662513733
101.7 -569.1 2123.6 0.9702372551 0.0371262915 0.2392933816 -0.0683453232 0.9899861813 0.1235164329 -0.2323114276 -0.1361948252 0.9630588889
-95.4 506.9 2094.2 0 0 0 0 0 0 0 0 0
21.8 389.7 2041.9 0 0 0 0 0 0 0 0 0
-139.8 -913.0 2178.0 0 0 0 0 0 0 0 0 0
87.7 -941.8 2174.8 0 0 0 0 0 0 0 0 0
-14.8 462.0 2147.7 8 0.9169368744 -0.2718557119 0.2920981050 0.2634715140 0.9622336626 0.0684768781 -0.2996824682 0.0141705591 0.9539337754
52.7 223.0 2144.2 0.9169368744 -0.2718557119 0.2920981050 0.2634715140 0.9622336626 0.0684768781 -0.2996824682 0.0141705591 0.9539337754
24.4 29.9 2160.0 0.9447682500 0.1442938894 0.2942655683 -0.1616406888 0.9862156510 0.0353697613 -0.2851056457 -0.0809815153 0.9550690055
-81.8 246.1 2184.8 0.7830214500 0.3464333117 -0.5165862441 -0.6172618866 0.3305415511 -0.7139537930 -0.0765841752 0.8779101372 0.4726611972
-281.3 403.3 2204.3 -0.7730914354 0.3464333117 -0.5313319564 -0.4294789135 0.3305415511 0.8404107094 0.4667735398 0.8779101372 -0.1067530215
187.2 200.0 2103.6 -0.3957621753 0.7434440851 0.5391318202 -0.1981174648 0.5041229129 -0.8406007290 -0.8967283368 -0.4394894242 -0.0522235222
103.2 157.9 1913.3 -0.2921868265 0.7434440851 -0.6015959978 0.8359279633 0.5041229129 0.2169895917 0.4645979404 -0.4394894242 -0.7687638402
-85.0 -148.9 2206.8 0.7771936655 0.0640925542 0.6259889603 0.0174709540 0.9922180772 -0.1232802942 -0.6290189028 0.1067492887 0.7700258493
-110.1 -537.5 2164.9 0.7704140544 0.1029477194 0.6291772127 -0.1018540040 0.9940757751 -0.0379353948 -0.6293551922 -0.0348582566 0.7763355970
83.7 -176.5 2148.1 0.9765987992 -0.0417133048 0.2109852731 0.0534950718 0.9972932339 -0.0504434556 -0.2083100230 0.0605496876 0.9761868119
100.0 -567.1 2124.4 0.9790909886 0.0254840180 0.2018203437 -0.0478538275 0.9931337237 0.1067494452 -0.1977141798 -0.1141752973 0.9735877514
-95.2 506.6 2091.9 0 0 0 0 0 0 0 0 0
22.1 390.0 2042.3 0 0 0 0 0 0 0 0 0
-148.9 -911.6 2178.1 0 0 0 0 0 0 0 0 0
90.4 -940.9 2167.4 0 0 0 0 0 0 0 0 0
-14.5 458.7 2148.0 9 0.9309847951 -0.2791931629 0.2351987809 0.2728914320 0.9601957202 0.0596189313 -0.2424820513 0.0086794142 0.9701170921
54.7 220.8 2145.8 0.9309847951 -0.2791931629 0.2351987809 0.2728914320 0.9601957202 0.0596189313 -0.2424820513 0.0086794142 0.9701170921
26.5 27.5 2158.5 0.9606471658 0.1443614960 0.2373116463 -0.1555696875 0.9873962402 0.0290992390 -0.2301198244 -0.0648726001 0.9709976315
-81.9 243.0 2178.5 0.7770203948 0.3602102101 -0.5162246227 -0.6207884550 0.3027312160 -0.7231704593 -0.1042160615 0.8823844790 0.4588426650
-281.5 402.5 2205.3 -0.7729186416 0.3602102101 -0.5223460197 -0.4327794015 0.3027312160 0.8491500616 0.4640029669 0.8823844790 -0.0780950487
191.3 198.6 2113.1 -0.3970843554 0.7471223474 0.5330405235 -0.1747485995 0.5086196661 -0.8430711627 -0.9009922147 -0.4279184639 -0.0714063272
103.8 160.1 1914.5 -0.3005172610 0.7471223474 -0.5928722620 0.8327095509 0.5086196661 0.2188625336 0.4650635719 -0.4279184639 -0.7749849558
-89.1 -148.7 2201.5 0.8118309975 0.0587778836 0.5809264779 0.0079597868 0.9937137961 -0.1116671413 -0.5838381648 0.0952788964 0.8062598109
-112.1 -537.8 2164.2 0.8083910346 0.0746730193 0.5838903189 -0.0821046233 0.9965285659 -0.0137716923 -0.5828917623 -0.0368071795 0.8117157221
81.5 -177.9 2150.1 0.9866548181 -0.0550260134 0.1532461047 0.0642362460 0.9963729382 -0.0558094010 -0.1496192962 0.0649085715 0.9866108298
103.1 -568.1 2124.6 0.9889091849 0.0416352376 0.1425662339 -0.0566713884 0.9930565953 0.1030868739 -0.1372843087 -0.1100229844 0.9844023585
-95.1 506.9 2093.4 0 0 0 0 0 0 0 0 0
20.3 391.3 2043.7 0 0 0 0 0 0 0 0 0
-140.2 -912.9 2178.1 0 0 0 0 0 0 0 0 0
87.4 -942.0 2166.1 0 0 0 0 0 0 0 0 0
-14.3 456.8 2148.6 0 0.9264192581 -0.2759524882 0.2561202645 0.2723228037 0.9608918428 0.0502709486 -0.2599762678 0.0231754147 0.9653368592
53.7 219.8 2142.9 0.9264192581 -0.2759524882 0.2561202645 0.2723228037 0.9608918428 0.0502709486 -0.2599762678 0.0231754147 0.9653368592
26.7 26.4 2157.7 0.9564591646 0.1383515000 0.2569917142 -0.1530324072 0.9874929190 0.0379316546 -0.2485295981 -0.0756081417 0.9656689167
-82.4 241.7 2178.3 0.7737741470 0.3641522229 -0.5183307528 -0.6239549518 0.2969092727 -0.7228589654 -0.1093335077 0.8827446103 0.4569552839
-280.4 401.3 2206.3 -0.7688843012 0.3641522229 -0.5255569816 -0.4390173852 0.2969092727 0.8480027318 0.4648447931 0.8827446103 -0.0684197098
189.8 198.0 2107.5 -0.3943869770 0.7448378205 0.5382151008 -0.1971990019 0.5034461021 -0.8412220478 -0.8975363374 -0.4379025102 -0.0516713075
104.9 155.5 1914.2 -0.2988947928 0.7448378205 -0.5965555310 0.8385007381 0.5034461021 0.2084671110 0.4556077421 -0.4379025102 -0.7750244737
-88.3 -151.8 2192.0 0.7987530828 0.0650097281 0.5981364250 -0.0080437697 0.9952103496 -0.0974248797 -0.6016051769 0.0730071515 0.7954503298
-113.7 -541.5 2163.4 0.7952856421 0.0765709057 0.6013797522 -0.0809860826 0.9965188503 -0.0197833125 -0.6008011103 -0.0329700038 0.7987183332
85.0 -180.0 2150.5 0.9836316705 -0.0459434837 0.1742353439 0.0568529218 0.9966879487 -0.0581456050 -0.1709868461 0.0670996457 0.9829858541
103.0 -570.4 2124.2 0.9853006601 0.0461416505 0.1644796133 -0.0638797656 0.9924986362 0.1042393818 -0.1584360152 -0.1132140532 0.9808570743
-95.2 507.1 2094.3 0 0 0 0 0 0 0 0 0
21.9 388.3 2040.7 0 0 0 0 0 0 0 0 0
-142.6 -916.7 2175.8 0 0 0 0 0 0 0 0 0
85.6 -944.1 2166.8 0 0 0 0 0 0 0 0 0
-14.2 458.3 2150.0 1 0.9267027378 -0.2738538384 0.2573443353 0.2725310624 0.9612503648 0.0415272415 -0.2587447166 0.0316509195 0.9654270411
53.9 219.4 2142.1 0.9267027378 -0.2738538384 0.2573443353 0.2725310624 0.9612503648 0.0415272415 -0.2587447166 0.0316509195 0.9654270411
25.9 26.3 2158.4 0.9557416439 0.1429181844 0.2571619451 -0.1593802720 0.9862254858 0.0442398526 -0.2472969890 -0.0832684115 0.9653551579
-82.3 242.1 2177.3 0.7762008309 0.3553051353 -0.5208363533 -0.6213670373 0.2911065519 -0.7274338007 -0.1068421006 0.8882653117 0.4467320442
-279.3 399.9 2204.4 -0.7691240311 0.3553051353 -0.5312311053 -0.4490056336 0.2911065519 0.8447785974 0.4547990263 0.8882653117 -0.0643630326
190.0 196.7 2106.9 -0.4025910199 0.7477602959 0.5279914141 -0.1921621710 0.4949090779 -0.8474306464 -0.8949827552 -0.4426279664 -0.0555547066
102.4 154.9 1912.2 -0.2827436328 0.7477602959 -0.6007583141 0.8405229449 0.4949090779 0.2204228491 0.4621441960 -0.4426279664 -0.7684420943
-86.7 -153.1 2194.9 0.7999334335 0.0613401085 0.5969454646 0.0021977518 0.9944558740 -0.1051320210 -0.6000847220 0.0854105577 0.7953636646
-110.7 -542.6 2161.5 0.7931488156 0.1046006158 0.5999780893 -0.1142419651 0.9932063818 -0.0221326686 -0.5982171297 -0.0509881787 0.7997102141
86.0 -180.8 2150.1 0.9838914275 -0.0411013290 0.1739780307 0.0508070923 0.9973691702 -0.0517045893 -0.1713951975 0.0597110204 0.9833912253
102.1 -571.5 2126.7 0.9848101735 0.0442637950 0.1678977162 -0.0561281219 0.9962006211 0.0665877089 -0.1643123925 -0.0750000328 0.9835529923
-95.1 507.4 2095.5 0 0 0 0 0 0 0 0 0
23.9 388.2 2040.5 0 0 0 0 0 0 0 0 0
-150.1 -916.4 2180.7 0 0 0 0 0 0 0 0 0
85.5 -946.4 2154.9 0 0 0 0 0 0 0 0 0
-15.7 456.8 2150.6 2 0.9211806655 -0.2747955620 0.2755242288 0.2748169303 0.9606916308 0.0393350050 -0.2755029202 0.0394840799 0.9604890347
52.8 217.4 2140.8 0.9211806655 -0.2747955620 0.2755242288 0.2748169303 0.9606916308 0.0393350050 -0.2755029202 0.0394840799 0.9604890347
25.8 24.2 2159.0 0.9516156316 0.1378623694 0.2746300399 -0.1578768194 0.9860861897 0.0520477593 -0.2636334598 -0.0928871781 0.9601402879
-82.8 239.9 2178.3 0.7732653022 0.3507580161 -0.5282325149 -0.6262733340 0.2921396494 -0.7227974534 -0.0992093235 0.8897321224 0.4455718398
-279.3 399.1 2203.5 -0.7689041495 0.3507580161 -0.5345607996 -0.4524973333 0.2921396494 0.8425559998 0.4516996741 0.8897321224 -0.0659103170
188.4 194.8 2103.2 -0.4076736867 0.7509226799 0.5195356011 -0.1878764778 0.4878104031 -0.8524924517 -0.8935908675 -0.4451472759 -0.0577867627
100.8 154.5 1911.3 -0.2736028135 0.7509226799 -0.6010462642 0.8433025479 0.4878104031 0.2255699337 0.4625822008 -0.4451472759 -0.7667213082
-88.4 -152.5 2197.0 0.7888140082 0.0650620237 0.6111786962 0.0008150766 0.9942699671 -0.1068953350 -0.6146314740 0.0848186910 0.7842410207
-113.9 -541.9 2163.8 0.7857961655 0.0703641102 0.6144698858 -0.0705193132 0.9972213507 -0.0240122192 -0.6144520640 -0.0244632848 0.7885747552
84.3 -181.3 2152.3 0.9799776673 -0.0501723699 0.1926824301 0.0619833507 0.9965181947 -0.0557633750 -0.1892137676 0.0665899664 0.9796754122
104.0 -571.6 2126.3 0.9812762737 0.0537266843 0.1849602312 -0.0673953742 0.9953775406 0.0684209093 -0.1804292351 -0.0796052814 0.9803612828
-95.4 507.3 2095.5 0 0 0 0 0 0 0 0 0
24.9 388.6 2039.8 0 0 0 0 0 0 0 0 0
-140.3 -917.0 2173.0 0 0 0 0 0 0 0 0 0
83.7 -946.4 2156.2 0 0 0 0 0 0 0 0 0
-14.5 459.3 2149.4 3 0.9225803018 -0.2684828639 0.2770605087 0.2681818008 0.9625486135 0.0397333093 -0.2773519158 0.0376454182 0.9600306153
52.8 217.9 2140.0 0.9225803018 -0.2684828639 0.2770605087 0.2681818008 0.9625486135 0.0397333093 -0.2773519158 0.0376454182 0.9600306153
26.2 24.7 2158.1 0.9514391422 0.1358465254 0.2762414515 -0.1558716297 0.9864197969 0.0517687239 -0.2654574215 -0.0923129916 0.9596930146
-82.8 240.1 2177.8 0.7700405121 0.3559068441 -0.5294978023 -0.6306893826 0.2994122207 -0.7159491777 -0.0962730944 0.8852584958 0.4550262094
-279.8 401.4 2202.5 -0.7713993788 0.3559068441 -0.5275161266 -0.4405957758 0.2994122207 0.8463023901 0.4591495991 0.8852584958 -0.0741553456
188.4 195.7 2102.2 -0.4110649526 0.7468836308 0.5226762295 -0.1939033419 0.4886006117 -0.8506885171 -0.8907452822 -0.4510369003 -0.0560233444
100.0 154.0 1910.8 -0.2693910003 0.7468836308 -0.6079418659 0.8424742222 0.4886006117 0.2269506752 0.4665465057 -0.4510369003 -0.7608548403
-87.1 -154.6 2200.9 0.7877250314 0.0719661415 0.6118089557 0.0029490232 0.9927008152 -0.1205668375 -0.6160199642 0.0967777520 0.7817630172
-115.3 -543.4 2163.0 0.7862539291 0.0481211133 0.6160268784 -0.0576120205 0.9983291030 -0.0044527762 -0.6152118444 -0.0319895409 0.7877125144
84.9 -183.2 2153.3 0.9794092178 -0.0534988977 0.1946674883 0.0660944283 0.9960799813 -0.0587889925 -0.1907592565 0.0704449192 0.9791059494
105.8 -573.3 2125.7 0.9794240594 0.0787040889 0.1858336478 -0.0938358456 0.9928281903 0.0740740448 -0.1786709577 -0.0899877623 0.9797851443
-95.3 506.8 2092.6 0 0 0 0 0 0 0 0 0
25.2 387.9 2040.3 0 0 0 0 0 0 0 0 0
-133.4 -919.1 2175.1 0 0 0 0 0 0 0 0 0
76.2 -947.1 2159.6 0 0 0 0 0 0 0 0 0
-13.9 460.2 2149.9 4 0.9365265965 -0.2855563760 0.2034097612 0.2806449234 0.9583345652 0.0532282703 -0.2101342827 0.0072362279 0.9776457548
57.9 219.5 2148.0 0.9365265965 -0.2855563760 0.2034097612 0.2806449234 0.9583345652 0.0532282703 -0.2101342827 0.0072362279 0.9776457548
28.0 26.4 2158.8 0.9664593339 0.1540823579 0.2054627836 -0.1621376276 0.9865033627 0.0228589047 -0.1991675645 -0.0554054491 0.9783979058
-79.5 242.7 2176.4 0.7797879577 0.3576298654 -0.5138400197 -0.6177748442 0.3066136539 -0.7241148353 -0.1014147252 0.8820934892 0.4600283802
-278.8 400.6 2202.3 -0.7670825720 0.3576298654 -0.5326210856 -0.4422742426 0.3066136539 0.8428413868 0.4647341371 0.8820934892 -0.0770274997
195.3 196.2 2119.7 -0.4086104929 0.7551317215 0.5126534104 -0.1811562330 0.4834086895 -0.8564452529 -0.8945500851 -0.4428228736 -0.0607290454
100.1 154.0 1911.4 -0.2721790373 0.7551317215 -0.5964013934 0.8456861377 0.4834086895 0.2261215299 0.4590571821 -0.4428228736 -0.7701781392
-86.4 -154.4 2200.1 0.8301519156 0.0688543841 0.5532692671 -0.0022125964 0.9927439690 -0.1202271357 -0.5575328469 0.0985826254 0.8242806196
-113.4 -543.3 2161.5 0.8281653523 0.0574063398 0.5575362444 -0.0700968727 0.9975391626 0.0014110791 -0.5560832620 -0.0402501561 0.8301513791
85.6 -182.6 2152.2 0.9914767146 -0.0498238318 0.1203808412 0.0581599884 0.9960728288 -0.0667557120 -0.1165820584 0.0731880814 0.9904807806
105.1 -572.8 2123.5 0.9915996194 0.0699020475 0.1088295877 -0.0831337199 0.9890151620 0.1222203001 -0.0990906656 -0.1302410215 0.9865182638
-94.9 506.6 2090.9 0 0 0 0 0 0 0 0 0
24.5 388.8 2038.9 0 0 0 0 0 0 0 0 0
-135.0 -918.8 2176.7 0 0 0 0 0 0 0 0 0
78.8 -944.9 2172.5 0 0 0 0 0 0 0 0 0
-13.9 458.7 2151.6 5 0.9429295659 -0.2955596447 0.1533895582 0.2921479344 0.9553209543 0.0448491797 -0.1597918570 0.0025228215 0.9871475101
59.8 220.5 2150.9 0.9429295659 -0.2955596447 0.1533895582 0.2921479344 0.9553209543 0.0448491797 -0.1597918570 0.0025228215 0.9871475101
28.5 27.4 2157.7 0.9745807648 0.1609696001 0.1558239758 -0.1644665450 0.9863346815 0.0097291050 -0.1521285027 -0.0351096317 0.9877369404
-78.7 244.1 2172.6 0.7838221788 0.3691227436 -0.4993708134 -0.6076905727 0.2904320657 -0.7391626239 -0.1278084517 0.8828349710 0.4519595206
-278.6 399.1 2205.2 -0.7626909614 0.3691227436 -0.5310846567 -0.4481579959 0.2904320657 0.8454605937 0.4663227499 0.8828349710 -0.0560846031
198.3 197.0 2129.3 -0.4039093554 0.7598525286 0.5093930960 -0.1767665595 0.4815137684 -0.8584276438 -0.8975582719 -0.4367706478 -0.0601714104
99.9 153.9 1910.6 -0.2690580487 0.7598525286 -0.5918039083 0.8445457220 0.4815137684 0.2342796922 0.4629797637 -0.4367706478 -0.7712854147
-89.0 -152.0 2187.5 0.8561076522 0.0611577965 0.5131661296 -0.0172274560 0.9957985282 -0.0899363458 -0.5165103674 0.0681546479 0.8535642624
-113.0 -541.9 2160.8 0.8531503677 0.0720742270 0.5166621208 -0.0875763297 0.9961417913 0.0056509501 -0.5142614841 -0.0500684865 0.8561707139
85.2 -181.5 2151.5 0.9965815544 -0.0450991169 0.0692192391 0.0496991016 0.9965653419 -0.0662386715 -0.0659941882 0.0694523752 0.9954000115
102.9 -571.9 2124.3 0.9967725873 0.0536455698 0.0597209595 -0.0604448989 0.9911034107 0.1185766682 -0.0528285317 -0.1218037978 0.9911472797
-94.9 507.0 2092.8 0 0 0 0 0 0 0 0 0
25.2 388.4 2039.1 0 0 0 0 0 0 0 0 0
-140.1 -916.9 2179.6 0 0 0 0 0 0 0 0 0
82.7 -944.9 2170.2 0 0 0 0 0 0 0 0 0
-13.6 459.6 2150.4 6 0.9451698661 -0.2910576761 0.1481192857 0.2880916893 0.9566995502 0.0415824540 -0.1538085490 0.0033694515 0.9880949259
59.2 220.3 2149.6 0.9451698661 -0.2910576761 0.1481192857 0.2880916893 0.9566995502 0.0415824540 -0.1538085490 0.0033694515 0.9880949259
27.1 27.3 2156.8 0.9749084115 0.1644589752 0.1500228643 -0.1681803018 0.9856785536 0.0123761501 -0.1458389461 -0.0372965038 0.9886050820
-79.5 244.3 2170.3 0.7809165120 0.3696160913 -0.5035408139 -0.6098061204 0.2765087485 -0.7427512407 -0.1352993697 0.8870890141 0.4413243830
-278.5 399.7 2204.8 -0.7661245465 0.3696160913 -0.5257728696 -0.4495193362 0.2765087485 0.8493970037 0.4593316019 0.8870890141 -0.0456905589
198.0 196.3 2128.8 -0.4051982164 0.7604462504 0.5074799657 -0.1730918288 0.4812389314 -0.8593301177 -0.8976935148 -0.4360396862 -0.0633701235
99.7 154.3 1911.1 -0.2695878446 0.7604462504 -0.5907993913 0.8447976708 0.4812389314 0.2339358628 0.4622113109 -0.4360396862 -0.7721593976
-90.7 -150.7 2178.2 0.8588292599 0.0551296882 0.5092867017 -0.0258962680 0.9975933433 -0.0643184632 -0.5116069317 0.0420499519 0.8581900597
-112.2 -541.2 2161.8 0.8563557863 0.0683815926 0.5118386149 -0.0812533721 0.9966895580 0.0027871549 -0.5099536180 -0.0439754091 0.8590770960
85.1 -180.6 2150.8 0.9968253970 -0.0482547246 0.0633292496 0.0525404736 0.9963110685 -0.0678511485 -0.0598214939 0.0709630996 0.9956834912
104.0 -570.9 2123.0 0.9967162609 0.0617008433 0.0524372458 -0.0681682006 0.9888833761 0.1321468353 -0.0437007509 -0.1352874488 0.9898421764
-94.9 507.4 2094.7 0 0 0 0 0 0 0 0 0
24.9 388.9 2039.5 0 0 0 0 0 0 0 0 0
-138.0 -916.6 2178.3 0 0 0 0 0 0 0 0 0
80.8 -943.2 2173.9 0 0 0 0 0 0 0 0 0
-14.1 458.7 2151.4 7 0.9476012588 -0.2900898457 0.1337897480 0.2891072631 0.9569117427 0.0271467194 -0.1358999610 0.0129553219 0.9906378388
57.9 221.3 2148.1 0.9476012588 -0.2900898457 0.1337897480 0.2891072631 0.9569117427 0.0271467194 -0.1358999610 0.0129553219 0.9906378388
28.1 27.9 2156.1 0.9792038202 0.1520811468 0.1342802495 -0.1561487019 0.9875262380 0.0202359334 -0.1295277625 -0.0407827906 0.9907367826
-81.6 243.6 2166.6 0.7755501270 0.3811274767 -0.5032532215 -0.6123588681 0.2604439557 -0.7464486361 -0.1534228325 0.8870798945 0.4353741407
-278.5 399.1 2205.5 -0.7641964555 0.3811274767 -0.5203322172 -0.4512711167 0.2604439557 0.8535357714 0.4608233273 0.8870798945 -0.0270385202
197.3 199.1 2129.7 -0.3925589919 0.7599369884 0.5180667639 -0.1738295108 0.4918272197 -0.8531642556 -0.9031504393 -0.4249725938 -0.0609717257
102.0 156.9 1910.5 -0.2812002003 0.7599369884 -0.5860223174 0.8382195234 0.4918272197 0.2355715632 0.4672412872 -0.4249725938 -0.7752959728
-93.0 -150.5 2177.3 0.8666920662 0.0524137206 0.4960823059 -0.0248966310 0.9977703094 -0.0619234815 -0.4982218444 0.0413178131 0.8660645485
-113.5 -541.2 2161.1 0.8650625944 0.0556190871 0.4985711575 -0.0700317919 0.9974922538 0.0102338018 -0.4967516959 -0.0437687151 0.8667883873
83.1 -181.0 2150.9 0.9975903034 -0.0494598411 0.0486552306 0.0524865612 0.9966303110 -0.0630334616 -0.0453736521 0.0654353201 0.9968246818
102.4 -571.4 2125.3 0.9984617233 0.0389683954 0.0394411683 -0.0430655591 0.9931072593 0.1090108678 -0.0349213295 -0.1105417386 0.9932577610
-95.4 507.2 2095.2 0 0 0 0 0 0 0 0 0
24.0 389.6 2040.3 0 0 0 0 0 0 0 0 0
-134.4 -916.9 2177.6 0 0 0 0 0 0 0 0 0
87.8 -945.1 2166.9 0 0 0 0 0 0 0 0 0
-14.6 458.9 2150.3 8 0.9478199482 -0.2845971882 0.1436726004 0.2840555608 0.9584894180 0.0247080512 -0.1447405070 0.0173922144 0.9893167615
56.0 221.1 2146.0 0.9478199482 -0.2845971882 0.1436726004 0.2840555608 0.9584894180 0.0247080512 -0.1447405070 0.0173922144 0.9893167615
27.8 27.6 2155.1 0.9791100025 0.1439539790 0.1435997188 -0.1491043717 0.9884870052 0.0257169027 -0.1382444054 -0.0465910211 0.9893016815
-83.5 242.4 2165.7 0.7700444460 0.3910482824 -0.5040960312 -0.6181700826 0.2619097233 -0.7411268353 -0.1577887386 0.8823177218 0.4434164762
-277.0 397.8 2205.4 -0.7569615245 0.3910482824 -0.5235365033 -0.4537912011 0.2619097233 0.8517493010 0.4701943994 0.8823177218 -0.0208013076
195.5 199.9 2126.3 -0.3862669468 0.7578267455 0.5258293152 -0.1756675988 0.4992007017 -0.8484925032 -0.9055047035 -0.4201157987 -0.0596991144
103.2 157.9 1910.1 -0.2877550423 0.7578267455 -0.5855728984 0.8336141109 0.4992007017 0.2364026308 0.4714706540 -0.4201157987 -0.7753825784
-90.0 -151.3 2175.8 0.8616884947 0.0547826327 0.5044717789 -0.0275996365 0.9977434874 -0.0612060539 -0.5066864491 0.0388173200 0.8612561226
-111.5 -542.1 2160.6 0.8590320349 0.0703218430 0.5070688128 -0.0867280737 0.9961934090 0.0087720593 -0.5045217276 -0.0515125804 0.8618609309
86.8 -179.6 2152.4 0.9972463250 -0.0445877910 0.0592598207 0.0486733876 0.9964015484 -0.0693895668 -0.0559526458 0.0720828697 0.9958279729
104.3 -569.9 2124.2 0.9975386858 0.0487835146 0.0503663793 -0.0540561825 0.9925413132 0.1092688888 -0.0446601920 -0.1117225587 0.9927353859
-95.5 506.6 2092.6 0 0 0 0 0 0 0 0 0
23.3 389.4 2041.0 0 0 0 0 0 0 0 0 0
-138.0 -917.2 2180.0 0 0 0 0 0 0 0 0 0
85.9 -943.5 2166.2 0 0 0 0 0 0 0 0 0
-14.2 457.5 2148.8 9 0.9505956173 -0.2781647146 0.1378128976 0.2772455812 0.9604414105 0.0262130741 -0.1396527737 0.0132899862 0.9901113510
54.3 221.0 2145.5 0.9505956173 -0.2781647146 0.1378128976 0.2772455812 0.9604414105 0.0262130741 -0.1396527737 0.0132899862 0.9901113510
28.2 27.2 2155.6 0.9814907312 0.1335001588 0.1373087913 -0.1392358243 0.9897089601 0.0330086350 -0.1314890832 -0.0515159741 0.9899781346
-85.5 240.8 2164.3 0.7607663870 0.3921489120 -0.5171592832 -0.6296079755 0.2524589896 -0.7347505093 -0.1575700939 0.8845810890 0.4389623702
-278.9 400.9 2204.3 -0.7664660215 0.3921489120 -0.5086738467 -0.4420626760 0.2524589896 0.8607235551 0.4659510851 0.8845810890 -0.0201468356
194.2 201.2 2126.8 -0.3705496788 0.7602738738 0.5335509181 -0.1890618354 0.5006779432 -0.8447350264 -0.9093671441 -0.4138903916 -0.0417872816
106.6 156.5 1911.8 -0.3008695841 0.7602738738 -0.5757266283 0.8360855579 0.5006779432 0.2242377549 0.4587357342 -0.4138903916 -0.7862927318
-88.8 -152.5 2176.7 0.8644183874 0.0573907420 0.4994868636 -0.0325332321 0.9977664948 -0.0583403446 -0.5017194748 0.0341805480 0.8643548489
-111.3 -543.3 2163.3 0.8627617955 0.0654490292 0.5013566613 -0.0646015406 0.9977287650 -0.0190775096 -0.5014665723 -0.0159290675 0.8650303483
88.1 -179.5 2151.7 0.9977847338 -0.0385652110 0.0542069748 0.0422221944 0.9967900515 -0.0680215284 -0.0514097065 0.0701595768 0.9962101579
103.2 -570.0 2124.3 0.9985509515 0.0273007918 0.0463748015 -0.0323822126 0.9931107163 0.1126168519 -0.0429807827 -0.1139553860 0.9925556779
-95.7 506.5 2093.0 0 0 0 0 0 0 0 0 0
23.0 388.6 2039.2 0 0 0 0 0 0 0 0 0
-135.9 -918.9 2169.3 0 0 0 0 0 0 0 0 0
92.9 -943.9 2167.2 0 0 0 0 0 0 0 0 0
-14.1 457.9 2149.0 0 0.9470074773 -0.3039968014 0.1037436351 0.3009260297 0.9526109695 0.0444505885 -0.1123401597 -0.0108758807 0.9936102629
60.6 223.9 2151.7 0.9470074773 -0.3039968014 0.1037436351 0.3009260297 0.9526109695 0.0444505885 -0.1123401597 -0.0108758807 0.9936102629
31.4 30.4 2160.5 0.9832643867 0.1489348561 0.1049266160 -0.1527877152 0.9878142476 0.0296468474 -0.0992325619 -0.0451821871 0.9940379858
-79.4 245.6 2165.9 0.7805796266 0.3775160909 -0.4981737137 -0.6068633795 0.2668347061 -0.7486761808 -0.1497072726 0.8867247701 0.4373864532
-279.1 400.9 2204.2 -0.7687341571 0.3775160909 -0.5162647963 -0.4435626566 0.2668347061 0.8555999994 0.4607601464 0.8867247701 -0.0376729220
200.6 202.1 2137.6 -0.3828824162 0.7580482960 0.5279809237 -0.1760347486 0.5011911392 -0.8472421169 -0.9068697691 -0.4173370898 -0.0584544465
105.3 158.2 1911.8 -0.2988793254 0.7580482960 -0.5796843767 0.8357009888 0.5011911392 0.2245244831 0.4607330859 -0.4173370898 -0.7832973599
-86.6 -154.1 2177.6 0.8807275891 0.0578888953 0.4700720608 -0.0326877125 0.9975652099 -0.0616053902 -0.4724937975 0.0388919860 0.8804754615
-109.3 -544.8 2162.4 0.8769705892 0.0876802579 0.4724772274 -0.0948302373 0.9954553246 -0.0087167090 -0.4710942507 -0.0371608324 0.8812997937
90.7 -179.2 2153.8 0.9992063642 -0.0340354703 0.0206928812 0.0356653892 0.9958015084 -0.0843049660 -0.0177366417 0.0849760771 0.9962251186
104.1 -569.3 2120.5 0.9989925027 0.0429901890 0.0128758894 -0.0443168804 0.9902359247 0.1321697533 -0.0070681660 -0.1326072067 0.9911434650
-95.6 506.8 2094.1 0 0 0 0 0 0 0 0 0
22.3 390.3 2039.7 0 0 0 0 0 0 0 0 0
-142.3 -919.4 2176.3 0 0 0 0 0 0 0 0 0
87.9 -942.0 2170.5 0 0 0 0 0 0 0 0 0
-14.4 458.3 2148.7 1 0.9444515705 -0.3091384768 0.1115553603 0.3058603704 0.9509729147 0.0458246358 -0.1202522889 -0.0091587836 0.9927011132
61.8 223.9 2150.9 0.9444515705 -0.3091384768 0.1115553603 0.3058603704 0.9509729147 0.0458246358 -0.1202522889 -0.0091587836 0.9927011132
31.4 30.6 2158.5 0.9813247919 0.1553031951 0.1135012358 -0.1586818546 0.9870997667 0.0213098302 -0.1087275594 -0.0389224514 0.9933093190
-78.0 246.5 2166.4 0.7851648927 0.3723502755 -0.4948447943 -0.6016751528 0.2694537342 -0.7519186735 -0.1466393620 0.8881159425 0.4355995059
-279.3 400.8 2204.0 -0.7696783543 0.3723502755 -0.5186043382 -0.4450637996 0.2694537342 0.8539981842 0.4577263296 0.8881159425 -0.0416730642
201.6 201.3 2135.4 -0.3890144825 0.7554378510 0.5272393823 -0.1704838723 0.5033993721 -0.8470680714 -0.9053192735 -0.4194075763 -0.0670396686
105.3 159.1 1911.2 -0.3010220826 0.7554378510 -0.5819787979 0.8351961374 0.5033993721 0.2214418203 0.4602532685 -0.4194075763 -0.7824731469
-86.5 -149.2 2178.3 0.8764069676 0.0641063005 0.4772852659 -0.0360006727 0.9970483780 -0.0678123608 -0.4802236855 0.0422486365 0.8761280179
-111.6 -539.8 2161.7 0.8735557795 0.0793835893 0.4802067280 -0.0852164999 0.9963154197 -0.0096827680 -0.4792060256 -0.0324630961 0.8771018982
91.1 -176.8 2160.3 0.9992386103 -0.0264160875 0.0287118796 0.0291559659 0.9945979714 -0.0996235907 -0.0259251110 0.1003848612 0.9946108460
101.5 -566.4 2121.0 0.9995985627 0.0186979305 0.0212869197 -0.0216734949 0.9885320067 0.1494482011 -0.0182484295 -0.1498495638 0.9885404110
-95.5 507.0 2094.7 0 0 0 0 0 0 0 0 0
21.7 391.0 2039.0 0 0 0 0 0 0 0 0 0
-141.5 -914.9 2174.0 0 0 0 0 0 0 0 0 0
94.4 -938.4 2177.4 0 0 0 0 0 0 0 0 0
-15.0 456.3 2152.5 2 0.9422158599 -0.3106222749 0.1254713833 0.3102245033 0.9503802061 0.0231989995 -0.1264516413 0.0170658324 0.9918259382
61.2 223.3 2148.3 0.9422158599 -0.3106222749 0.1254713833 0.3102245033 0.9503802061 0.0231989995 -0.1264516413 0.0170658324 0.9918259382
29.6 30.2 2156.9 0.9789330959 0.1611247808 0.1254144013 -0.1653455794 0.9859451652 0.0239371601 -0.1197948456 -0.0441695936 0.9918156266
-78.3 246.9 2165.4 0.7869219184 0.3743631840 -0.4905161262 -0.5976985693 0.2649154067 -0.7566877007 -0.1533307284 0.8886349201 0.4322240651
-278.4 398.8 2204.3 -0.7652367949 0.3743631840 -0.5237029791 -0.4529717267 0.2649154067 0.8512557745 0.4574158192 0.8886349201 -0.0331470929
200.6 199.7 2131.2 -0.3906886280 0.7548965216 0.5267766118 -0.1675235778 0.5043942332 -0.8470668793 -0.9051509500 -0.4191868901 -0.0705981180
104.5 158.5 1908.4 -0.2955990136 0.7548965216 -0.5854506493 0.8322277665 0.5043942332 0.2301812917 0.4690609872 -0.4191868901 -0.7773442864
-87.7 -148.4 2176.0 0.8710709214 0.0591001771 0.4875886142 -0.0329462849 0.9975290298 -0.0620514713 -0.4900510311 0.0379869975 0.8708656430
-110.8 -539.1 2161.1 0.8678885698 0.0802313983 0.4902369976 -0.0905230269 0.9958906174 -0.0027288666 -0.4884413481 -0.0420093834 0.8715848923
89.7 -177.1 2156.3 0.9988489151 -0.0271073002 0.0395725593 0.0303310398 0.9960647225 -0.0832774341 -0.0371594056 0.0843818486 0.9957403541
100.3 -567.2 2123.2 0.9994164705 0.0085847517 0.0330613181 -0.0126867611 0.9919570684 0.1259372979 -0.0317142680 -0.1262832433 0.9914871454
-95.7 507.0 2095.2 0 0 0 0 0 0 0 0 0
22.4 389.6 2038.6 0 0 0 0 0 0 0 0 0
-141.0 -914.1 2176.9 0 0 0 0 0 0 0 0 0
97.1 -940.5 2170.8 0 0 0 0 0 0 0 0 0
-15.5 462.2 2150.9 3 0.9455137849 -0.2911208868 0.1457818747 0.2917996645 0.9563250542 0.0171872526 -0.1444184333 0.0262883194 0.9891674519
57.7 222.0 2144.3 0.9455137849 -0.2911208868 0.1457818747 0.2917996645 0.9563250542 0.0171872526 -0.1444184333 0.0262883194 0.9891674519
29.3 28.9 2158.8 0.9790083766 0.1451665908 0.1430710107 -0.1540808380 0.9866209626 0.0532744713 -0.1334231794 -0.0742006525 0.9882775545
-81.8 244.0 2163.3 0.7728682756 0.3847318292 -0.5046345592 -0.6151213050 0.2588667274 -0.7447239757 -0.1558859199 0.8859850168 0.4367266297
-279.5 401.3 2203.2 -0.7693563700 0.3847318292 -0.5099726915 -0.4403907061 0.2588667274 0.8596767187 0.4627599716 0.8859850168 -0.0297284611
197.1 200.0 2125.2 -0.3915788531 0.7548598647 0.5261678696 -0.1705877334 0.5023633838 -0.8476620317 -0.9041934609 -0.4216842949 -0.0679450333
104.0 159.4 1910.1 -0.2950474322 0.7548598647 -0.5857760906 0.8342860341 0.5023633838 0.2271516174 0.4657400846 -0.4216842949 -0.7779900432
-90.4 -148.0 2176.4 0.8626588583 0.0536611415 0.5029315352 -0.0284676980 0.9979311228 -0.0576464310 -0.5049843788 0.0354119018 0.8624017239
-111.4 -538.9 2162.5 0.8598970175 0.0760369897 0.5047727227 -0.0794975683 0.9967264533 -0.0147162341 -0.5042392612 -0.0274737570 0.8631268144
86.5 -177.8 2154.8 0.9973793626 -0.0406310633 0.0598622598 0.0451931469 0.9960110784 -0.0769386664 -0.0564973727 0.0794424042 0.9952371120
102.5 -567.9 2123.6 0.9976975322 0.0438440256 0.0517424233 -0.0488694981 0.9937628508 0.1002352685 -0.0470249839 -0.1025331095 0.9936174154
-95.7 506.5 2092.6 0 0 0 0 0 0 0 0 0
22.0 391.1 2039.4 0 0 0 0 0 0 0 0 0
-140.0 -914.2 2172.9 0 0 0 0 0 0 0 0 0
86.0 -941.8 2162.2 0 0 0 0 0 0 0 0 0
-16.6 464.5 2150.6 4 0.9428061247 -0.2946120501 0.1559497714 0.2950134277 0.9552600980 0.0211006124 -0.1551890969 0.0261134934 0.9875395894
57.8 223.2 2144.0 0.9428061247 -0.2946120501 0.1559497714 0.2950134277 0.9552600980 0.0211006124 -0.1551890969 0.0261134934 0.9875395894
30.8 29.8 2158.9 0.9785100818 0.1379850507 0.1532256901 -0.1478459388 0.9874860644 0.0548891947 -0.1437343508 -0.0763634294 0.9866656065
-81.6 244.3 2164.5 0.7732384205 0.3863447309 -0.5028321147 -0.6162252426 0.2707875967 -0.7395542860 -0.1495621949 0.8817095757 0.4474587440
-279.9 402.3 2202.8 -0.7693195343 0.3863447309 -0.5088076591 -0.4327260852 0.2707875967 0.8598966002 0.4699953496 0.8817095757 -0.0411407426
197.2 202.1 2123.5 -0.3942008615 0.7494806647 0.5318688154 -0.1792528629 0.5049135685 -0.8443522453 -0.9013734460 -0.4281833768 -0.0646908209
103.8 159.6 1909.8 -0.2965286672 0.7494806647 -0.5919032693 0.8343010545 0.5049135685 0.2213686109 0.4647715092 -0.4281833768 -0.7750138044
-87.6 -150.3 2185.3 0.8572651744 0.0647647977 0.5107856393 -0.0257412121 0.9962077737 -0.0831114724 -0.5142312646 0.0581003316 0.8556813598
