31.8 476.7 2235.2  0.9884260893 -0.1393516809 0.0599576719 0.1331839859 0.9863480926 0.0968473479 -0.0726349801 -0.0877410471 0.9934916496
56.6 300.9 2250.8 0.9884260893 -0.1393516809 0.0599576719 0.1331839859 0.9863480926 0.0968473479 -0.0726349801 -0.0877410471 0.9934916496
60.1 102.4 2261.1 0.9978302121 -0.0176799018 0.0634212568 0.0143185686 0.9984881878 0.0530685447 -0.0642636269 -0.0520452932 0.9965748787
-83.8 298.9 2259.8 0.5667633414 -0.7076062560 -0.4219866097 0.2240245938 0.6252563596 -0.7475743890 0.7928380966 0.3291623890 0.5128936172
-212.0 248.3 2080.6 -0.6863443851 -0.7076062560 -0.1680022627 -0.7189420462 0.6252563596 0.3036063313 -0.1097892374 0.3291623890 -0.9378690720
197.0 302.9 2241.7 0.8235027790 0.0791686848 0.5617610812 0.4469451308 0.5193298459 -0.7283794284 -0.3494041264 0.8508988619 0.3922854960
384.3 404.6 2162.3 -0.8828909993 0.0791686848 0.4628562033 0.4328565598 0.5193298459 0.7368389964 -0.1820404530 0.8508988619 -0.4927802980
-27.5 -97.0 2279.2 0.9930793643 0.0798428729 0.0861304253 -0.0762425661 0.9961040020 -0.0443151481 -0.0893331096 0.0374416560 0.9952977896
-59.3 -493.0 2264.3 0.9939805269 -0.0197625440 0.1077599078 -0.0123044960 0.9572353959 0.2890484631 -0.1088639274 -0.2886344492 0.9512301683
155.6 -94.9 2266.7 0.9994236827 0.0338158347 0.0029630766 -0.0331035703 0.9902373552 -0.1354034990 -0.0075129317 0.1352273822 0.9907861352
142.1 -488.6 2212.9 0.9979329705 -0.0620214157 0.0168268681 0.0544601269 0.9551979303 0.2909139991 -0.0341158882 -0.2893962562 0.9566012025
-20.4 448.9 2111.2 0 0 0 0 0 0 0 0 0
145.4 521.7 2113.0 0 0 0 0 0 0 0 0 0
-51.7 -858.9 2374.6 0 0 0 0 0 0 0 0 0
165.8 -853.7 2323.5 0 0 0 0 0 0 0 0 0
29.6 478.3 2245.0  0.9882600307 -0.1414636821 0.0577074960 0.1390094757 0.9892884493 0.0445503481 -0.0633916110 -0.0360054374 0.9973390102
55.0 300.4 2251.4 0.9882600307 -0.1414636821 0.0577074960 0.1390094757 0.9892884493 0.0445503481 -0.0633916110 -0.0360054374 0.9973390102
61.8 102.0 2260.6 0.9977614880 -0.0342993811 0.0574065782 0.0315606296 0.9983508587 0.0479532816 -0.0589566752 -0.0460341498 0.9971985817
-85.4 296.0 2259.7 0.5439980626 -0.7235265374 -0.4249416590 0.2052578330 0.6057938337 -0.7686891556 0.8135941029 0.3309428394 0.4780601561
-206.6 250.3 2078.5 -0.6713946462 -0.7235265374 -0.1604323089 -0.7289921045 0.6057938337 0.3187230229 -0.1334156692 0.3309428394 -0.9341718554
195.4 304.9 2243.2 0.8176714778 0.1171329841 0.5636428595 0.4392581582 0.5059133768 -0.7423637509 -0.3721097410 0.8545943499 0.3622193038
382.8 405.5 2157.9 -0.8907376528 0.1171329841 0.4391654730 0.4340478778 0.5059133768 0.7454220653 -0.1348661780 0.8545943499 -0.5014774203
-27.9 -97.4 2277.4 0.9937226176 0.0741535574 0.0837654918 -0.0727316216 0.9971528649 -0.0199053399 -0.0850030482 0.0136879869 0.9962866902
-57.4 -493.7 2271.9 0.9950236678 -0.0094181439 0.0991926864 -0.0128484843 0.9750829339 0.2214681208 -0.0988069177 -0.2216405123 0.9701096416
155.2 -94.8 2265.6 0.9994346499 0.0336170830 0.0004768179 -0.0332721584 0.9910172224 -0.1295292974 -0.0048269322 0.1294402033 0.9915754795
141.8 -488.8 2214.1 0.9980272055 -0.0611658394 0.0141559234 0.0545674413 0.9566062689 0.2862286866 -0.0310490616 -0.2848915756 0.9580567479
-19.2 453.7 2115.7 0 0 0 0 0 0 0 0 0
142.8 522.4 2121.6 0 0 0 0 0 0 0 0 0
-54.1 -831.8 2348.8 0 0 0 0 0 0 0 0 0
165.2 -854.5 2323.0 0 0 0 0 0 0 0 0 0
41.6 503.7 2269.4  0.9966482520 -0.0560305938 0.0596054122 0.0609070845 0.9946517944 -0.0834154040 -0.0546128154 0.0867662057 0.9947306514
53.1 300.1 2251.6 0.9966482520 -0.0560305938 0.0596054122 0.0609070845 0.9946517944 -0.0834154040 -0.0546128154 0.0867662057 0.9947306514
63.1 101.8 2260.5 0.9973531961 -0.0501450934 0.0526508242 0.0476793200 0.9977521300 0.0470885634 -0.0548937321 -0.0444535725 0.9975021482
-87.2 293.4 2259.3 0.5184252262 -0.7455410957 -0.4188122749 0.2057375908 0.5841282010 -0.7851536870 0.8300043941 0.3208780587 0.4562126398
-202.3 247.8 2075.2 -0.6505063772 -0.7455410957 -0.1449479312 -0.7425125241 0.5841282010 0.3278252184 -0.1597390175 0.3208780587 -0.9335527420
193.4 306.8 2243.9 0.8189528584 0.1725949645 0.5472907424 0.4182611406 0.4734443426 -0.7751826048 -0.3929043412 0.8637484908 0.3155388534
380.1 402.2 2154.3 -0.8863193989 0.1725949645 0.4297079444 0.4572040439 0.4734443426 0.7528710961 -0.0735010505 0.8637484908 -0.4985340238
-22.9 -99.4 2275.2 0.9926221371 0.0906242058 0.0805513933 -0.0897612423 0.9958609343 -0.0142779555 -0.0815119147 0.0069422219 0.9966481924
-58.9 -495.2 2272.4 0.9948229790 -0.0155641437 0.1004239693 -0.0081932284 0.9727009535 0.2319174409 -0.1012920886 -0.2315396070 0.9675377607
160.2 -93.6 2264.4 0.9989987612 0.0447174646 -0.0013396536 -0.0445147268 0.9905929565 -0.1293986589 -0.0044593289 0.1293287426 0.9915917516
142.4 -487.4 2212.9 0.9983296990 -0.0551088452 0.0173453391 0.0476045683 0.9547683001 0.2935154736 -0.0327360779 -0.2921994925 0.9557969570
-20.8 454.9 2119.7 0 0 0 0 0 0 0 0 0
141.8 525.1 2134.6 0 0 0 0 0 0 0 0 0
-53.2 -849.7 2356.8 0 0 0 0 0 0 0 0 0
163.5 -852.4 2324.6 0 0 0 0 0 0 0 0 0
37.2 503.4 2272.1  0.9963220358 -0.0552390292 0.0655057132 0.0613345355 0.9935840964 -0.0950196907 -0.0598366372 0.0986879766 0.9933177829
48.5 301.7 2252.0 0.9963220358 -0.0552390292 0.0655057132 0.0613345355 0.9935840964 -0.0950196907 -0.0598366372 0.0986879766 0.9933177829
61.3 103.5 2260.8 0.9962901473 -0.0645630360 0.0568998717 0.0618651286 0.9969312549 0.0479666069 -0.0598221309 -0.0442685373 0.9972269535
-91.7 293.0 2260.5 0.4638587832 -0.7768673897 -0.4258075655 0.1945642084 0.5582440495 -0.8065410256 0.8642799258 0.2912742198 0.4100969732
-192.8 250.6 2072.1 -0.6201597452 -0.7768673897 -0.1089907140 -0.7584248185 0.5582440495 0.3363858461 -0.2004837841 0.2912742198 -0.9353959560
188.7 310.4 2243.6 0.8210778236 0.2037320882 0.5332208276 0.4018737674 0.4570736587 -0.7934615016 -0.4053747654 0.8657810688 0.2934184670
378.6 403.3 2149.9 -0.8927469254 0.2037320882 0.4018659294 0.4497277439 0.4570736587 0.7673516870 -0.0273481682 0.8657810688 -0.4996750653
-18.5 -100.9 2274.3 0.9918556809 0.0955164060 0.0842548236 -0.0933452919 0.9952010512 -0.0293511320 -0.0866540074 0.0212472975 0.9960118532
-56.4 -496.5 2265.9 0.9940215349 -0.0084944032 0.1088531390 -0.0211180691 0.9631852508 0.2680078745 -0.1071223021 -0.2687043846 0.9572474957
164.5 -92.1 2264.3 0.9984054565 0.0562116392 0.0051737740 -0.0550085045 0.9894034266 -0.1343687177 -0.0126720350 0.1338698715 0.9909179211
142.2 -485.5 2211.1 0.9982090592 -0.0524543934 0.0287612621 0.0413213745 0.9522377849 0.3025487363 -0.0432575718 -0.3008184433 0.9526998997
-19.9 462.0 2128.0 0 0 0 0 0 0 0 0 0
138.8 524.1 2142.5 0 0 0 0 0 0 0 0 0
-53.3 -855.9 2366.2 0 0 0 0 0 0 0 0 0
162.2 -849.5 2326.1 0 0 0 0 0 0 0 0 0
32.4 493.7 2264.9  0.9951602817 -0.0717352554 0.0671568140 0.0759578124 0.9951447845 -0.0625884384 -0.0623409525 0.0673866123 0.9957774282
46.2 302.7 2252.0 0.9951602817 -0.0717352554 0.0671568140 0.0759578124 0.9951447845 -0.0625884384 -0.0623409525 0.0673866123 0.9957774282
60.1 104.6 2260.7 0.9958011508 -0.0697299242 0.0593110584 0.0669349059 0.9966080785 0.0478755385 -0.0624482371 -0.0437045358 0.9970908165
-93.9 293.3 2260.8 0.4323251247 -0.7963848114 -0.4229258001 0.1863945276 0.5378193855 -0.8221966624 0.8822426200 0.2766252160 0.3809546232
-187.7 252.8 2069.5 -0.5975475311 -0.7963848114 -0.0933177918 -0.7702911496 0.5378193855 0.3426394463 -0.2226847261 0.2766252160 -0.9348208308
186.3 312.1 2243.2 0.8204493523 0.2296095192 0.5235859752 0.3938691914 0.4368113279 -0.8087415695 -0.4144030511 0.8697559237 0.2679454684
378.1 404.1 2146.4 -0.8893679380 0.2296095192 0.3953532279 0.4571627378 0.4368113279 0.7747245431 0.0051893624 0.8697559237 -0.4934549034
-17.3 -100.3 2275.1 0.9916086793 0.0971798301 0.0852542296 -0.0932996422 0.9944617748 -0.0483834371 -0.0894839689 0.0400232486 0.9951837659
-55.9 -495.6 2259.2 0.9934731722 -0.0035166747 0.1140117720 -0.0316171348 0.9518706203 0.3048649728 -0.1095965728 -0.3064799011 0.9455467463
165.5 -89.0 2264.1 0.9979925752 0.0628066286 0.0081345569 -0.0610379688 0.9881390333 -0.1409099549 -0.0168881528 0.1401305646 0.9899889827
140.6 -481.8 2208.4 0.9978144765 -0.0563188903 0.0345609523 0.0433201455 0.9524990320 0.3014447689 -0.0498963073 -0.2992887795 0.9528570771
-21.0 467.6 2131.6 0 0 0 0 0 0 0 0 0
139.9 526.6 2147.8 0 0 0 0 0 0 0 0 0
-54.6 -854.9 2374.9 0 0 0 0 0 0 0 0 0
162.1 -846.0 2322.9 0 0 0 0 0 0 0 0 0
31.3 506.5 2258.9  0.9954311848 -0.0692458749 0.0657398477 0.0712664127 0.9970384836 -0.0289019421 -0.0635438189 0.0334549397 0.9974181652
45.4 303.5 2252.0 0.9954311848 -0.0692458749 0.0657398477 0.0712664127 0.9970384836 -0.0289019421 -0.0635438189 0.0334549397 0.9974181652
59.5 105.4 2260.7 0.9956584573 -0.0708793327 0.0603350289 0.0680329725 0.9965280890 0.0479926392 -0.0635272413 -0.0436795056 0.9970237613
-94.8 293.9 2261.0 0.4144761562 -0.8029170036 -0.4284083843 0.1884618998 0.5362702012 -0.8227371573 0.8903322816 0.2602662742 0.3735904694
-185.1 252.8 2066.9 -0.5920555592 -0.8029170036 -0.0692419410 -0.7681685090 0.5362702012 0.3497590721 -0.2436951250 0.2602662742 -0.9342773557
185.5 313.1 2243.1 0.8185945153 0.2478493005 0.5181444883 0.3876082003 0.4273470044 -0.8167829514 -0.4238665998 0.8694511056 0.2537555099
377.1 403.8 2143.9 -0.8855050802 0.2478493005 0.3930031061 0.4639902115 0.4273470044 0.7759430408 0.0243682452 0.8694511056 -0.4934176207
-17.4 -99.7 2275.1 0.9912879467 0.0994372815 0.0863735974 -0.0955236927 0.9942532778 -0.0483290069 -0.0906829312 0.0396572389 0.9950898886
-57.0 -495.0 2259.3 0.9932549000 -0.0076873465 0.1156963110 -0.0278569665 0.9527556896 0.3024576306 -0.1125554144 -0.3036404550 0.9461150765
165.3 -87.4 2263.6 0.9978705049 0.0645773262 0.0091772713 -0.0625936389 0.9876396656 -0.1437007636 -0.0183436479 0.1428203136 0.9895786047
139.6 -480.1 2206.9 0.9970974922 -0.0668707788 0.0363991633 0.0528680384 0.9521532655 0.3010135293 -0.0547865927 -0.2982154787 0.9529249668
-19.9 467.2 2134.9 0 0 0 0 0 0 0 0 0
140.7 527.7 2150.4 0 0 0 0 0 0 0 0 0
-54.0 -856.9 2374.7 0 0 0 0 0 0 0 0 0
165.2 -844.1 2320.9 0 0 0 0 0 0 0 0 0
31.2 499.6 2262.3  0.9948906898 -0.0682035685 0.0744362697 0.0720610693 0.9961246252 -0.0504274033 -0.0707084760 0.0555337109 0.9959499836
44.6 303.3 2251.4 0.9948906898 -0.0682035685 0.0744362697 0.0720610693 0.9961246252 -0.0504274033 -0.0707084760 0.0555337109 0.9959499836
57.7 105.1 2259.8 0.9955173731 -0.0658454150 0.0678934753 0.0627435669 0.9969293475 0.0468516201 -0.0707699582 -0.0423817262 0.9965918660
-95.5 294.4 2261.3 0.4273937941 -0.7943326831 -0.4317060113 0.2046192139 0.5501166582 -0.8096311688 0.8806052208 0.2576960027 0.3976521790
-190.2 249.1 2066.1 -0.6041350961 -0.7943326831 -0.0636894926 -0.7598315477 0.5501166582 0.3464502096 -0.2401600778 0.2576960027 -0.9359037876
184.7 312.1 2241.4 0.8110540509 0.2586440146 0.5246852636 0.3975262940 0.4143135846 -0.8187289834 -0.4291435778 0.8726096153 0.2332129031
375.8 405.7 2140.3 -0.8856009245 0.2586440146 0.3857645094 0.4624596238 0.4143135846 0.7838847637 0.0429196246 0.8726096153 -0.4865289032
-17.8 -99.0 2275.2 0.9915539622 0.0893387198 0.0940175876 -0.0855803266 0.9953906536 -0.0432834923 -0.0974511206 0.0348718613 0.9946292043
-53.3 -494.7 2261.4 0.9929042459 0.0134028196 0.1181586608 -0.0469884500 0.9569874406 0.2862989902 -0.1092391387 -0.2898195684 0.9508267045
164.9 -86.5 2263.6 0.9974097610 0.0702514723 0.0154428789 -0.0672184378 0.9867737889 -0.1475100368 -0.0256014243 0.1460898966 0.9889400005
137.0 -478.8 2205.5 0.9961830974 -0.0746498480 0.0452396683 0.0570708439 0.9491766095 0.3095265925 -0.0660465434 -0.3057633042 0.9498140216
-21.6 461.2 2133.1 0 0 0 0 0 0 0 0 0
140.9 528.4 2151.7 0 0 0 0 0 0 0 0 0
-58.4 -859.3 2371.8 0 0 0 0 0 0 0 0 0
165.5 -841.7 2322.4 0 0 0 0 0 0 0 0 0
32.1 493.3 2269.5  0.9937015772 -0.0736354440 0.0844686329 0.0814195573 0.9923551679 -0.0927472189 -0.0769934058 0.0990404561 0.9921002984
46.2 303.3 2250.6 0.9937015772 -0.0736354440 0.0844686329 0.0814195573 0.9923551679 -0.0927472189 -0.0769934058 0.0990404561 0.9921002984
57.8 105.0 2259.1 0.9954587221 -0.0584072135 0.0751697347 0.0549415983 0.9973649979 0.0473756976 -0.0777387470 -0.0430306047 0.9960446954
-93.9 295.6 2261.5 0.4177715778 -0.7987244129 -0.4330198169 0.2005294114 0.5459120870 -0.8134912252 0.8861460686 0.2530203164 0.3882342875
-186.6 251.1 2064.9 -0.5988509059 -0.7987244129 -0.0584540330 -0.7620968819 0.5459120870 0.3481211662 -0.2461421192 0.2530203164 -0.9356253147
186.3 311.0 2239.6 0.8022565842 0.2708306909 0.5320104361 0.4115754366 0.3945976496 -0.8215219975 -0.4324234128 0.8780338764 0.2051013112
373.8 407.2 2138.6 -0.8833549619 0.2708306909 0.3825373054 0.4643433392 0.3945976496 0.7928921580 0.0637911931 0.8780338764 -0.4743281901
-20.5 -98.9 2274.7 0.9910243154 0.0883174092 0.1003533527 -0.0841128156 0.9954218268 -0.0453919508 -0.1039028168 0.0365435258 0.9939158559
-55.6 -494.7 2260.2 0.9922858477 0.0006427668 0.1239691824 -0.0365264900 0.9571120143 0.2874062359 -0.1184676662 -0.2897173166 0.9497522116
162.1 -87.4 2261.7 0.9976279736 0.0651670396 0.0221744832 -0.0616693348 0.9892359972 -0.1326989532 -0.0305833966 0.1310167015 0.9909083247
136.2 -480.6 2209.7 0.9954235554 -0.0834697857 0.0465262011 0.0674517527 0.9586020112 0.2766449749 -0.0676916093 -0.2722406685 0.9598452449
-19.4 463.8 2133.6 0 0 0 0 0 0 0 0 0
141.0 529.6 2155.4 0 0 0 0 0 0 0 0 0
-55.9 -859.9 2370.8 0 0 0 0 0 0 0 0 0
168.1 -846.9 2313.7 0 0 0 0 0 0 0 0 0
31.3 489.0 2268.2  0.9921923280 -0.0861701891 0.0901614726 0.0944149792 0.9913125038 -0.0915716290 -0.0814874470 0.0993692651 0.9917083979
47.4 303.4 2249.6 0.9921923280 -0.0861701891 0.0901614726 0.0944149792 0.9913125038 -0.0915716290 -0.0814874470 0.0993692651 0.9917083979
58.0 105.1 2258.6 0.9953374863 -0.0535025410 0.0802546591 0.0496301390 0.9975405335 0.0494951420 -0.0827053934 -0.0452813208 0.9955447912
-92.7 296.4 2261.2 0.4124542475 -0.8066663146 -0.4232859313 0.1955002695 0.5322031975 -0.8237350583 0.8897534013 0.2570005059 0.3772129416
-184.4 253.0 2063.4 -0.5882437825 -0.8066663146 -0.0570855290 -0.7650105953 0.5322031975 0.3626548946 -0.2621603906 0.2570005059 -0.9301734567
187.5 310.4 2237.9 0.7968752384 0.2756239474 0.5376070142 0.4228104353 0.3811893761 -0.8221471906 -0.4315335155 0.8824545741 0.1872236878
372.6 408.6 2137.6 -0.8827829957 0.2756239474 0.3804282248 0.4636856914 0.3811893761 0.7998063564 0.0754305869 0.8824545741 -0.4643103778
-21.9 -98.3 2274.8 0.9901994467 0.0922686830 0.1048404500 -0.0880053714 0.9951211214 -0.0445977189 -0.1084439233 0.0349341109 0.9934885502
-58.6 -494.0 2260.9 0.9915555716 -0.0080408426 0.1294330657 -0.0296460129 0.9575915337 0.2865999341 -0.1262485236 -0.2880169451 0.9492668509
160.8 -88.2 2260.6 0.9979762435 0.0579012334 0.0262839049 -0.0539913028 0.9899428487 -0.1307596266 -0.0335907079 0.1290758997 0.9910656214
137.8 -481.8 2209.3 0.9960797429 -0.0744905174 0.0477109328 0.0577902086 0.9563138485 0.2865729630 -0.0669735968 -0.2826923132 0.9568696618
-20.1 466.6 2136.6 0 0 0 0 0 0 0 0 0
141.0 530.3 2157.4 0 0 0 0 0 0 0 0 0
-55.5 -859.7 2371.0 0 0 0 0 0 0 0 0 0
166.2 -847.3 2317.3 0 0 0 0 0 0 0 0 0
31.5 487.9 2272.5  0.9915006161 -0.0872195959 0.0965363309 0.0988535732 0.9874526858 -0.1231469885 -0.0845842287 0.1316432804 0.9876819253
47.8 303.8 2247.9 0.9915006161 -0.0872195959 0.0965363309 0.0988535732 0.9874526858 -0.1231469885 -0.0845842287 0.1316432804 0.9876819253
57.8 105.6 2258.4 0.9951764941 -0.0506167561 0.0840338171 0.0459227078 0.9973241091 0.0568831824 -0.0866881981 -0.0527497455 0.9948379993
-92.3 297.4 2260.1 0.4154879451 -0.8076293468 -0.4184550345 0.1897358000 0.5268758535 -0.8284938931 0.8895898461 0.2648333311 0.3721467555
-184.6 255.2 2062.4 -0.5864482522 -0.8076293468 -0.0617517978 -0.7646620274 0.5268758535 0.3710712492 -0.2671524882 0.2648333311 -0.9265488982
187.8 310.3 2235.7 0.7990332842 0.2670020461 0.5387538671 0.4317223430 0.3689043224 -0.8231193423 -0.4185231626 0.8902918100 0.1794960797
372.1 409.9 2139.2 -0.8839063644 0.2670020461 0.3839524388 0.4618158042 0.3689043224 0.8066199422 0.0737274662 0.8902918100 -0.4493826330
-22.7 -97.8 2275.2 0.9896357656 0.0951085836 0.1075890064 -0.0907211751 0.9948602319 -0.0449751131 -0.1113135442 0.0347483791 0.9931776524
-60.5 -493.3 2261.3 0.9910913706 -0.0085412022 0.1329097152 -0.0299877208 0.9580050111 0.2851791978 -0.1297639459 -0.2866242826 0.9492143393
160.0 -88.7 2260.0 0.9978684187 0.0585761070 0.0287660547 -0.0541747138 0.9893248081 -0.1352830827 -0.0363833271 0.1334363073 0.9903893471
136.7 -482.0 2206.9 0.9953848720 -0.0810526758 0.0513749495 0.0613830723 0.9492850900 0.3083665371 -0.0737634078 -0.3037898540 0.9498792887
-20.9 468.7 2137.0 0 0 0 0 0 0 0 0 0
141.0 530.6 2158.5 0 0 0 0 0 0 0 0 0
-57.2 -859.4 2370.9 0 0 0 0 0 0 0 0 0
167.7 -844.8 2323.0 0 0 0 0 0 0 0 0 0
34.6 489.3 2275.6  0.9930531383 -0.0703318343 0.0943340883 0.0836025402 0.9858869314 -0.1450433135 -0.0828015879 0.1519222856 0.9849179983
47.8 304.4 2247.1 0.9930531383 -0.0703318343 0.0943340883 0.0836025402 0.9858869314 -0.1450433135 -0.0828015879 0.1519222856 0.9849179983
57.4 106.1 2258.6 0.9954615235 -0.0483229347 0.0819832459 0.0433513857 0.9971728921 0.0613745488 -0.0847172737 -0.0575419143 0.9947421551
-92.3 298.3 2259.1 0.4271144271 -0.7999030948 -0.4215783477 0.1843299121 0.5334830284 -0.8254806399 0.8852094412 0.2748652101 0.3753043711
-187.9 257.0 2061.0 -0.5969390273 -0.7999030948 -0.0617969930 -0.7544541359 0.5334830284 0.3823543191 -0.2728787661 0.2748652101 -0.9219470024
187.9 310.5 2235.2 0.7966944575 0.2743359804 0.5385329723 0.4384277761 0.3509876430 -0.8273987770 -0.4160036743 0.8952918053 0.1593533903
371.0 411.3 2139.6 -0.8820889592 0.2743359804 0.3829606473 0.4626129568 0.3509876430 0.8141233921 0.0889288858 0.8952918053 -0.4365136921
-23.4 -96.9 2276.9 0.9903104305 0.0911979601 0.1047288328 -0.0866952017 0.9951359630 -0.0467799082 -0.1084856614 0.0372471474 0.9933999777
-59.7 -492.6 2262.1 0.9916014671 -0.0098819612 0.1289528012 -0.0274014678 0.9583878517 0.2841511667 -0.1263947636 -0.2852982283 0.9500680566
159.2 -88.5 2261.0 0.9979514480 0.0584933273 0.0259128474 -0.0544080064 0.9890442491 -0.1372269243 -0.0336558111 0.1355359405 0.9902006388
135.9 -481.7 2207.1 0.9952120781 -0.0847745016 0.0486431755 0.0661271736 0.9505033493 0.3035961390 -0.0719727129 -0.2989259064 0.9515582919
-21.2 467.7 2137.2 0 0 0 0 0 0 0 0 0
141.4 531.6 2162.7 0 0 0 0 0 0 0 0 0
-55.9 -858.9 2371.1 0 0 0 0 0 0 0 0 0
168.3 -845.0 2321.3 0 0 0 0 0 0 0 0 0
39.0 486.8 2278.2  0.9946767092 -0.0515246354 0.0892382488 0.0660406500 0.9835323095 -0.1682344973 -0.0791004822 0.1732322872 0.9816994071
48.6 304.2 2246.1 0.9946767092 -0.0515246354 0.0892382488 0.0660406500 0.9835323095 -0.1682344973 -0.0791004822 0.1732322872 0.9816994071
57.5 106.0 2257.8 0.9959470034 -0.0447432846 0.0780232251 0.0399035774 0.9972455502 0.0625223070 -0.0806057602 -0.0591555014 0.9949890971
-91.6 298.6 2257.4 0.4375428259 -0.8003474474 -0.4098783433 0.1758148074 0.5231743455 -0.8338931203 0.8818420768 0.2928012908 0.3696241081
-189.5 259.3 2060.0 -0.5948951244 -0.8003474474 -0.0744566396 -0.7536535263 0.5231743455 0.3978630304 -0.2794748545 0.2928012908 -0.9144185185
188.8 309.8 2234.7 0.7965442538 0.2624092698 0.5446637869 0.4488953054 0.3467703164 -0.8235552907 -0.4049817920 0.9004952908 0.1584236175
370.8 412.4 2142.2 -0.8843341470 0.2624092698 0.3861275017 0.4598406255 0.3467703164 0.8174943328 0.0806205347 0.9004952908 -0.4273272753
-24.4 -96.1 2277.8 0.9904145002 0.0940082073 0.1012006924 -0.0906414166 0.9951819181 -0.0373781100 -0.1042269468 0.0278468505 0.9941636324
-61.7 -491.7 2266.7 0.9919751883 -0.0200183764 0.1248376220 -0.0138208317 0.9642996192 0.2644526362 -0.1256747842 -0.2640558183 0.9562847018
158.3 -88.1 2262.2 0.9979736805 0.0598734729 0.0215323605 -0.0565185174 0.9896066189 -0.1322284490 -0.0292255431 0.1307435483 0.9909853935
134.5 -481.6 2210.3 0.9957110286 -0.0811453685 0.0444403887 0.0648404658 0.9546967149 0.2904306054 -0.0659941882 -0.2863034308 0.9558635354
-23.4 469.7 2138.1 0 0 0 0 0 0 0 0 0
141.4 531.7 2163.1 0 0 0 0 0 0 0 0 0
-54.1 -860.3 2367.6 0 0 0 0 0 0 0 0 0
165.5 -846.5 2319.7 0 0 0 0 0 0 0 0 0
37.2 486.3 2272.0  0.9942213297 -0.0687109232 0.0824787319 0.0798593909 0.9868508577 -0.1405269057 -0.0717384741 0.1463015527 0.9866354465
49.9 304.2 2245.0 0.9942213297 -0.0687109232 0.0824787319 0.0798593909 0.9868508577 -0.1405269057 -0.0717384741 0.1463015527 0.9866354465
58.6 105.9 2256.8 0.9965254664 -0.0435732827 0.0709812716 0.0391440615 0.9972683191 0.0626390800 -0.0735167637 -0.0596429408 0.9955089092
-90.3 298.7 2255.3 0.4527465105 -0.7969015241 -0.3999606669 0.1745969206 0.5191190243 -0.8366788030 0.8743777871 0.3089714944 0.3741658628
-191.9 259.5 2059.2 -0.5977463126 -0.7969015241 -0.0874487311 -0.7516110539 0.5191190243 0.4069352746 -0.2788910568 0.3089714944 -0.9092614651
190.2 309.7 2234.6 0.7935181856 0.2612372935 0.5496216416 0.4566376209 0.3413989842 -0.8215404749 -0.4022572637 0.9028852582 0.1516155452
372.7 414.7 2142.1 -0.8885233402 0.2612372935 0.3772020638 0.4505627751 0.3413989842 0.8248878121 0.0867150426 0.9028852582 -0.4210447669
-25.0 -96.0 2277.0 0.9914442301 0.0905773416 0.0939899981 -0.0873075500 0.9954431653 -0.0383448116 -0.0970348716 0.0298107043 0.9948344231
-61.0 -491.7 2265.1 0.9929541945 -0.0172499120 0.1172365993 -0.0149988979 0.9630951285 0.2687430680 -0.1175457910 -0.2686079741 0.9560505748
157.8 -88.6 2262.2 0.9982351661 0.0576598868 0.0142075727 -0.0552252494 0.9893212914 -0.1348834038 -0.0218332168 0.1338607371 0.9907596111
134.9 -482.0 2209.0 0.9962635636 -0.0778501406 0.0373932496 0.0631856844 0.9521816373 0.2989275753 -0.0588767193 -0.2954479456 0.9535428882
-24.9 469.4 2137.1 0 0 0 0 0 0 0 0 0
141.6 531.9 2164.7 0 0 0 0 0 0 0 0 0
-54.4 -859.9 2367.8 0 0 0 0 0 0 0 0 0
164.6 -846.0 2321.9 0 0 0 0 0 0 0 0 0
36.6 484.3 2267.9  0.9948487282 -0.0795576721 0.0628215298 0.0871583745 0.9877624512 -0.1293395907 -0.0517627932 0.1341487616 0.9896083474
51.0 306.2 2243.7 0.9948487282 -0.0795576721 0.0628215298 0.0871583745 0.9877624512 -0.1293395907 -0.0517627932 0.1341487616 0.9896083474
58.4 108.1 2258.5 0.9980037808 -0.0377115458 0.0506591536 0.0337738693 0.9965008497 0.0764549002 -0.0533651225 -0.0745913163 0.9957852960
-89.5 301.4 2251.2 0.4671629369 -0.7878130674 -0.4013842940 0.1810469329 0.5295811296 -0.8287133574 0.8654367328 0.3144747913 0.3900318146
-194.1 260.8 2057.3 -0.6104903817 -0.7878130674 -0.0815601349 -0.7390311360 0.5295811296 0.4163854420 -0.2848411798 0.3144747913 -0.9055225849
191.4 310.9 2236.2 0.7925161123 0.2607748806 0.5512846112 0.4560601115 0.3467178345 -0.8196315765 -0.4048795104 0.9009901285 0.1558504403
374.2 416.2 2142.8 -0.8916441202 0.2607748806 0.3700907826 0.4442789257 0.3467178345 0.8260768652 0.0871030167 0.9009901285 -0.4250057042
-24.2 -95.9 2275.4 0.9930326343 0.0930241123 0.0723377019 -0.0907685235 0.9952957630 -0.0338744484 -0.0751485527 0.0270724446 0.9968047738
-61.2 -491.7 2264.7 0.9950863719 -0.0192553215 0.0971205011 -0.0076436158 0.9630399346 0.2692500949 -0.0987154171 -0.2686694264 0.9581607580
158.7 -88.7 2262.0 0.9984434843 0.0553066805 -0.0071940832 -0.0557723232 0.9905081987 -0.1256303042 0.0001776033 0.1258359998 0.9920510650
136.7 -482.6 2211.9 0.9976625443 -0.0664912313 0.0157604832 0.0592515096 0.9566354156 0.2851980329 -0.0340402052 -0.2835975587 0.9583390355
-23.6 467.2 2136.9 0 0 0 0 0 0 0 0 0
141.7 532.0 2165.5 0 0 0 0 0 0 0 0 0
-53.8 -859.8 2367.4 0 0 0 0 0 0 0 0 0
162.1 -848.2 2320.3 0 0 0 0 0 0 0 0 0
39.5 481.5 2265.8  0.9964941144 -0.0643298104 0.0534896255 0.0706722811 0.9894255400 -0.1266592443 -0.0447760373 0.1299954206 0.9905030727
50.9 305.9 2242.8 0.9964941144 -0.0643298104 0.0534896255 0.0706722811 0.9894255400 -0.1266592443 -0.0447760373 0.1299954206 0.9905030727
57.8 107.7 2256.7 0.9984476566 -0.0346344188 0.0436206721 0.0314619206 0.9969494939 0.0714268982 -0.0459614396 -0.0699436218 0.9964915514
-89.6 301.4 2249.2 0.4704819620 -0.7786459327 -0.4151592553 0.1631255746 0.5391219854 -0.8262793422 0.8672005534 0.3210264146 0.3806642592
-193.3 265.5 2058.0 -0.6219917536 -0.7786459327 -0.0826847777 -0.7306051254 0.5391219854 0.4190031588 -0.2816779315 0.3210264146 -0.9042121172
191.4 310.3 2236.3 0.7913720012 0.2642971575 0.5512507558 0.4580581784 0.3408181965 -0.8209906816 -0.4048617780 0.9022139311 0.1486504972
374.9 416.5 2142.4 -0.8914564848 0.2642971575 0.3680385053 0.4433164299 0.3408181965 0.8290437460 0.0936796814 0.9022139311 -0.4209918678
-25.7 -93.1 2278.2 0.9941523671 0.0864892006 0.0646582916 -0.0838268474 0.9955599904 -0.0428178720 -0.0680744946 0.0371473879 0.9969884157
-60.1 -488.9 2263.4 0.9959304929 -0.0150322951 0.0888619721 -0.0102012306 0.9608522058 0.2768735588 -0.0895452723 -0.2766533196 0.9567886591
157.4 -86.9 2268.4 0.9982751608 0.0565019175 -0.0159429442 -0.0582709312 0.9866859317 -0.1518401057 0.0071514202 0.1525072306 0.9882764816
135.0 -479.1 2207.8 0.9969375730 -0.0774533376 0.0107898228 0.0705973804 0.9507403374 0.3018424213 -0.0336370207 -0.3001562953 0.9532967806
-19.6 469.5 2136.7 0 0 0 0 0 0 0 0 0
141.9 532.4 2166.9 0 0 0 0 0 0 0 0 0
-54.3 -856.3 2369.2 0 0 0 0 0 0 0 0 0
164.6 -842.4 2322.5 0 0 0 0 0 0 0 0 0
42.5 480.9 2268.3  0.9975177646 -0.0457473584 0.0535302795 0.0528891496 0.9886429310 -0.1406692415 -0.0464870892 0.1431512386 0.9886084795
50.6 305.2 2242.9 0.9975177646 -0.0457473584 0.0535302795 0.0528891496 0.9886429310 -0.1406692415 -0.0464870892 0.1431512386 0.9886084795
57.7 106.9 2255.1 0.9983448386 -0.0355664603 0.0451958589 0.0326881409 0.9974842072 0.0629027858 -0.0473193862 -0.0613213032 0.9969957471
-89.9 300.6 2249.5 0.4699968100 -0.7727873325 -0.4265005291 0.1460593939 0.5446243286 -0.8258637786 0.8704996705 0.3258589506 0.3688445389
-195.2 267.9 2054.5 -0.6306222677 -0.7727873325 -0.0715211034 -0.7167863250 0.5446243286 0.4354327619 -0.2975447774 0.3258589506 -0.8973756433
191.1 309.8 2236.2 0.7916995883 0.2620007396 0.5518761873 0.4598975480 0.3390288651 -0.8207031488 -0.4021267891 0.9035568833 0.1479155272
375.6 417.0 2142.5 -0.8925766349 0.2620007396 0.3669640124 0.4411383867 0.3390288651 0.8309370279 0.0932947174 0.9035568833 -0.4181878269
-26.9 -93.4 2274.8 0.9941119552 0.0839396790 0.0685245097 -0.0823617205 0.9962751269 -0.0255420096 -0.0704132542 0.0197478198 0.9973224401
-60.3 -489.5 2266.9 0.9958110452 -0.0149708986 0.0902009681 -0.0098792817 0.9631127119 0.2689168453 -0.0908996314 -0.2686814964 0.9589303732
156.3 -87.6 2266.3 0.9983031154 0.0568348728 -0.0126757147 -0.0580210797 0.9893247485 -0.1336790621 0.0049427659 0.1341876835 0.9909436107
133.7 -480.8 2213.0 0.9959070086 -0.0896250755 0.0116860196 0.0826810896 0.9556162953 0.2827743292 -0.0365110226 -0.2806507051 0.9591152668
-19.1 468.0 2137.6 0 0 0 0 0 0 0 0 0
141.8 532.5 2167.0 0 0 0 0 0 0 0 0 0
-54.6 -857.6 2369.6 0 0 0 0 0 0 0 0 0
168.0 -846.0 2320.3 0 0 0 0 0 0 0 0 0
36.3 500.1 2260.5  0.9962225556 -0.0756066293 0.0427112579 0.0790383741 0.9932085872 -0.0853792354 -0.0359659530 0.0884325504 0.9954326153
51.1 306.0 2243.3 0.9962225556 -0.0756066293 0.0427112579 0.0790383741 0.9932085872 -0.0853792354 -0.0359659530 0.0884325504 0.9954326153
57.6 107.6 2254.3 0.9988569617 -0.0325774886 0.0349790528 0.0305529386 0.9979104996 0.0569313206 -0.0367606431 -0.0557975322 0.9977651238
-89.5 301.7 2248.4 0.4837098122 -0.7620285153 -0.4305082858 0.1419979036 0.5536916256 -0.8205255270 0.8636326790 0.3357649744 0.3760325313
-198.3 269.8 2054.2 -0.6435463428 -0.7620285153 -0.0718377829 -0.7050858736 0.5536916256 0.4430344105 -0.2978288829 0.3357649744 -0.8936217427
191.6 310.3 2238.1 0.7915665507 0.2587913573 0.5535787344 0.4568481147 0.3510312736 -0.8173535466 -0.4058474898 0.8998911381 0.1596362889
375.9 416.6 2143.6 -0.8934843540 0.2587913573 0.3670322895 0.4409911633 0.3510312736 0.8260168433 0.0849262103 0.8998911381 -0.4277656674
-26.9 -94.4 2271.6 0.9943631291 0.0880166367 0.0591185689 -0.0869821683 0.9960119724 -0.0198544264 -0.0606303215 0.0146002481 0.9980534911
-61.8 -490.3 2265.8 0.9963631034 -0.0212147757 0.0825255662 -0.0023863970 0.9611827135 0.2759023011 -0.0851753578 -0.2750958204 0.9576364160
156.3 -88.3 2262.9 0.9981071949 0.0573236383 -0.0222715493 -0.0596221872 0.9907416105 -0.1219682842 0.0150736850 0.1230653003 0.9922841191
133.6 -482.2 2214.0 0.9954743385 -0.0950127020 0.0018495294 0.0908693373 0.9573987722 0.2740990818 -0.0278136320 -0.2726905346 0.9616996646
-18.6 466.6 2137.4 0 0 0 0 0 0 0 0 0
141.8 532.2 2165.9 0 0 0 0 0 0 0 0 0
-53.7 -857.8 2370.9 0 0 0 0 0 0 0 0 0
169.9 -848.1 2318.2 0 0 0 0 0 0 0 0 0
29.4 509.7 2256.7  0.9937572479 -0.1054140553 0.0365289636 0.1075894013 0.9921439290 -0.0638353154 -0.0295128506 0.0673669428 0.9972916842
51.1 305.9 2242.8 0.9937572479 -0.1054140553 0.0365289636 0.1075894013 0.9921439290 -0.0638353154 -0.0295128506 0.0673669428 0.9972916842
57.5 107.5 2254.6 0.9990929961 -0.0321152136 0.0279610250 0.0303884596 0.9977277517 0.0601317659 -0.0298286360 -0.0592275336 0.9977987409
-89.5 301.6 2247.0 0.4940895736 -0.7512639761 -0.4375819266 0.1385985166 0.5649341345 -0.8134124875 0.8582924604 0.3412504196 0.3832521439
-201.6 270.2 2052.4 -0.6570260525 -0.7512639761 -0.0626036748 -0.6891949773 0.5649341345 0.4537175894 -0.3054947257 0.3412504196 -0.8889438510
191.7 310.2 2238.6 0.7880745530 0.2747639716 0.5508568287 0.4577157795 0.3368223310 -0.8228286505 -0.4116245508 0.9005861878 0.1396773010
375.6 417.0 2142.6 -0.8899737597 0.2747639716 0.3639387786 0.4436129928 0.3368223310 0.8305168748 0.1056133881 0.9005861878 -0.4216518998
-27.6 -93.6 2268.8 0.9951367378 0.0838243589 0.0517331436 -0.0828436539 0.9963449836 -0.0208225176 -0.0532894954 0.0164354909 0.9984438419
-60.9 -489.7 2262.3 0.9970285296 -0.0168778356 0.0751616135 -0.0055762893 0.9573302269 0.2889424562 -0.0768312067 -0.2885029912 0.9543914199
155.7 -88.0 2262.1 0.9979389906 0.0571021959 -0.0292760562 -0.0602006912 0.9910641313 -0.1190282628 0.0222176742 0.1205453873 0.9924591780
133.0 -482.0 2214.1 0.9954458475 -0.0952354148 -0.0042167869 0.0925077796 0.9543621540 0.2839632928 -0.0230190195 -0.2830601633 0.9588258862
-18.1 462.6 2137.7 0 0 0 0 0 0 0 0 0
142.1 533.3 2170.3 0 0 0 0 0 0 0 0 0
-54.5 -855.7 2372.6 0 0 0 0 0 0 0 0 0
169.4 -846.8 2322.3 0 0 0 0 0 0 0 0 0
29.7 491.6 2253.7  0.9928214550 -0.1143975481 0.0349105187 0.1163686812 0.9913356304 -0.0609258935 -0.0276382696 0.0645510256 0.9975315928
51.3 304.9 2241.6 0.9928214550 -0.1143975481 0.0349105187 0.1163686812 0.9913356304 -0.0609258935 -0.0276382696 0.0645510256 0.9975315928
58.2 106.6 2254.7 0.9990679026 -0.0349617302 0.0253174827 0.0332042128 0.9972140789 0.0667945445 -0.0275822040 -0.0658916384 0.9974455237
-89.3 300.2 2245.4 0.5062983036 -0.7430257201 -0.4376926124 0.1240337938 0.5650199652 -0.8157009482 0.8533918858 0.3586992919 0.3782289326
-202.8 272.4 2054.3 -0.6648261547 -0.7430257201 -0.0769349784 -0.6847465634 0.5650199652 0.4602982998 -0.2985436916 0.3586992919 -0.8844243884
191.9 309.5 2237.7 0.7896374464 0.2692436874 0.5513443351 0.4622286260 0.3299014568 -0.8231098056 -0.4035063982 0.9048054218 0.1360503882
376.0 417.3 2143.6 -0.8909175396 0.2692436874 0.3657510281 0.4421183765 0.3299014568 0.8340841532 0.1039101034 0.9048054218 -0.4129525721
-27.8 -93.6 2269.1 0.9954274893 0.0823305771 0.0484330952 -0.0811909288 0.9963837862 -0.0250483006 -0.0503201894 0.0210014395 0.9985123277
-60.5 -489.8 2260.8 0.9972859025 -0.0151616279 0.0720480233 -0.0065791807 0.9563007951 0.2923105955 -0.0733314902 -0.2919912636 0.9536055923
155.5 -88.0 2263.6 0.9979947805 0.0544867329 -0.0322114825 -0.0581850260 0.9900667667 -0.1279931813 0.0249175895 0.1296107620 0.9912518263
133.9 -481.7 2212.1 0.9959086776 -0.0901389271 -0.0063899262 0.0879188851 0.9501813650 0.2990411818 -0.0208836645 -0.2983795106 0.9542188048
-17.1 463.6 2137.6 0 0 0 0 0 0 0 0 0
142.0 533.5 2170.9 0 0 0 0 0 0 0 0 0
-54.7 -855.4 2372.4 0 0 0 0 0 0 0 0 0
168.3 -844.8 2326.1 0 0 0 0 0 0 0 0 0
37.9 497.6 2238.3  0.9971989989 -0.0717879459 0.0209906269 0.0715448707 0.9973638654 0.0121112950 -0.0218047369 -0.0105756000 0.9997063279
51.7 305.1 2240.3 0.9971989989 -0.0717879459 0.0209906269 0.0715448707 0.9973638654 0.0121112950 -0.0218047369 -0.0105756000 0.9997063279
58.3 106.9 2255.0 0.9992987514 -0.0329850540 0.0177186970 0.0315813273 0.9967294335 0.0743843094 -0.0201143194 -0.0737725720 0.9970722198
-88.9 300.6 2243.2 0.5179405808 -0.7446265221 -0.4210330844 0.1238072067 0.5522683859 -0.8244218826 0.8464096785 0.3748746216 0.3782323301
-205.7 272.7 2052.4 -0.6614236236 -0.7446265221 -0.0897223204 -0.6859995723 0.5522683859 0.4737132490 -0.3031886518 0.3748746216 -0.8760968447
192.4 309.5 2237.5 0.7898148298 0.2766568363 0.5474061370 0.4625481069 0.3174458444 -0.8278148174 -0.4027924240 0.9070221186 0.1227563545
375.7 416.9 2144.0 -0.8875185251 0.2766568363 0.3684722781 0.4463182986 0.3174458444 0.8366768360 0.1145023555 0.9070221186 -0.4052160680
-26.5 -94.7 2270.3 0.9952369928 0.0889163166 0.0399658270 -0.0879280344 0.9957914948 -0.0258441158 -0.0420955941 0.0222069025 0.9988667369
-61.9 -490.6 2261.5 0.9975280166 -0.0233497676 0.0662770718 0.0028666069 0.9559151530 0.2936290801 -0.0702114254 -0.2927132547 0.9536190629
156.8 -88.6 2265.2 0.9973714352 0.0599859282 -0.0406434163 -0.0648244768 0.9893089533 -0.1306352317 0.0323726200 0.1329265386 0.9905970693
133.0 -481.9 2212.4 0.9952710867 -0.0963555127 -0.0122923348 0.0957877561 0.9525476694 0.2889249325 -0.0161304772 -0.2887361050 0.9572728276
-20.9 464.3 2137.0 0 0 0 0 0 0 0 0 0
142.2 534.3 2174.2 0 0 0 0 0 0 0 0 0
-52.9 -856.0 2373.4 0 0 0 0 0 0 0 0 0
169.8 -846.0 2322.7 0 0 0 0 0 0 0 0 0
41.6 500.3 2230.8  0.9984659553 -0.0532063730 0.0153226973 0.0524863750 0.9976484179 0.0440779366 -0.0176318903 -0.0432060882 0.9989106059
52.0 304.9 2239.2 0.9984659553 -0.0532063730 0.0153226973 0.0524863750 0.9976484179 0.0440779366 -0.0176318903 -0.0432060882 0.9989106059
58.7 106.7 2254.0 0.9993224144 -0.0340491980 0.0139787896 0.0329120979 0.9966557026 0.0747941360 -0.0164787211 -0.0742833838 0.9971010089
-88.7 300.3 2241.5 0.5245600343 -0.7513239384 -0.4004361331 0.1246438548 0.5330458283 -0.8368548751 0.8421999216 0.3890686929 0.3732624352
-206.9 272.2 2051.7 -0.6499259472 -0.7513239384 -0.1144926772 -0.6999444366 0.5330458283 0.4753313661 -0.2960979939 0.3890686929 -0.8723253608
192.6 309.5 2236.9 0.7868539095 0.2817643583 0.5490626097 0.4653345048 0.3135142326 -0.8277515769 -0.4053698480 0.9068173170 0.1155752242
376.0 418.0 2142.4 -0.8885136247 0.2817643583 0.3621496558 0.4419817626 0.3135142326 0.8404527903 0.1232705936 0.9068173170 -0.4030963778
-26.8 -94.1 2271.5 0.9952096343 0.0904293358 0.0371528305 -0.0898703188 0.9958175421 -0.0164540242 -0.0384853669 0.0130362660 0.9991741180
-62.8 -490.1 2266.3 0.9978160262 -0.0234537181 0.0617506541 0.0057402942 0.9620934129 0.2726596296 -0.0658047795 -0.2717096806 0.9601268768
156.5 -88.3 2267.8 0.9972211123 0.0601227432 -0.0439921357 -0.0653384924 0.9895217419 -0.1287539899 0.0357901305 0.1312705725 0.9907003045
132.6 -481.8 2215.6 0.9949224591 -0.0991853401 -0.0170758609 0.1001332477 0.9584372044 0.2671544552 -0.0101316655 -0.2675078213 0.9635024071
-25.4 467.6 2134.4 0 0 0 0 0 0 0 0 0
142.3 534.3 2174.8 0 0 0 0 0 0 0 0 0
-53.8 -857.8 2370.2 0 0 0 0 0 0 0 0 0
170.5 -848.1 2317.9 0 0 0 0 0 0 0 0 0
36.0 505.4 2255.3  0.9967725873 -0.0774111375 0.0212573819 0.0789123997 0.9934676886 -0.0824302658 -0.0147375008 0.0838417038 0.9963700771
51.7 304.5 2238.3 0.9967725873 -0.0774111375 0.0212573819 0.0789123997 0.9934676886 -0.0824302658 -0.0147375008 0.0838417038 0.9963700771
58.7 106.4 2253.5 0.9993083477 -0.0351064391 0.0122641493 0.0340666734 0.9964781404 0.0766208395 -0.0149108414 -0.0761500448 0.9969848990
-89.0 299.7 2240.4 0.5287456512 -0.7501814961 -0.3970588446 0.1223910451 0.5302968025 -0.8389313221 0.8399097919 0.3949848413 0.3722076416
-207.5 272.3 2052.2 -0.6486999989 -0.7501814961 -0.1281250566 -0.7059766054 0.5302968025 0.4694489837 -0.2842276394 0.3949848413 -0.8736141324
192.3 309.3 2236.2 0.7865757942 0.2880285382 0.5462033153 0.4650157392 0.3056823015 -0.8308541775 -0.4062744081 0.9075229168 0.1065045074
376.0 417.9 2141.3 -0.8866394162 0.2880285382 0.3618150949 0.4431868196 0.3056823015 0.8427003026 0.1321212500 0.9075229168 -0.3986804187
-26.2 -94.4 2270.3 0.9954473972 0.0886687040 0.0349615216 -0.0879678428 0.9958997369 -0.0211025570 -0.0366893075 0.0179309957 0.9991658330
-61.4 -490.4 2263.1 0.9980246425 -0.0184906255 0.0600410029 0.0009550450 0.9600603580 0.2797914147 -0.0628165081 -0.2791813910 0.9581815004
157.2 -88.4 2267.2 0.9973828793 0.0555456877 -0.0462830067 -0.0615839139 0.9880455136 -0.1413277686 0.0378795676 0.1438081861 0.9888803363
135.1 -481.2 2210.1 0.9964810014 -0.0818867013 -0.0178950783 0.0834982693 0.9511119127 0.2973451614 -0.0073283915 -0.2977930009 0.9546023607
-26.3 469.4 2131.6 0 0 0 0 0 0 0 0 0
142.4 534.6 2176.2 0 0 0 0 0 0 0 0 0
-54.4 -857.4 2369.9 0 0 0 0 0 0 0 0 0
166.4 -844.5 2323.8 0 0 0 0 0 0 0 0 0
33.3 488.7 2261.0  0.9950587749 -0.0972432271 0.0200452525 0.0989773050 0.9874742627 -0.1228741631 -0.0078454902 0.1242510378 0.9922198057
51.5 304.4 2237.8 0.9950587749 -0.0972432271 0.0200452525 0.0989773050 0.9874742627 -0.1228741631 -0.0078454902 0.1242510378 0.9922198057
58.7 106.3 2252.5 0.9993167520 -0.0363333486 0.0067786952 0.0357315429 0.9966045022 0.0741805434 -0.0094509050 -0.0738876462 0.9972217679
-89.2 299.4 2239.2 0.5147505403 -0.7513704300 -0.4128853679 0.0904391482 0.5264902711 -0.8453571796 0.8525565267 0.3978070915 0.3389644623
-203.8 279.2 2049.2 -0.6512997746 -0.7513704300 -0.1060712263 -0.6885939240 0.5264902711 0.4986445606 -0.3188213110 0.3978070915 -0.8602920771
192.1 309.4 2236.5 0.7808997631 0.2916404605 0.5523959994 0.4716702402 0.3044856787 -0.8275358677 -0.4095396101 0.9067713618 0.1002146676
375.8 420.4 2140.2 -0.8891200423 0.2916404605 0.3527199328 0.4358624220 0.3044856787 0.8469430208 0.1396046728 0.9067713618 -0.3978394270
-26.1 -94.9 2270.0 0.9951893091 0.0932331681 0.0300958790 -0.0927111730 0.9955248833 -0.0183003880 -0.0316674002 0.0154221263 0.9993794560
-63.1 -490.7 2263.8 0.9980465770 -0.0265520122 0.0565512367 0.0096946787 0.9600483179 0.2796663046 -0.0617176220 -0.2785717249 0.9584303498
157.3 -88.6 2267.2 0.9971391559 0.0556799695 -0.0511200242 -0.0623304285 0.9882757664 -0.1393768191 0.0427601822 0.1421644241 0.9889190197
135.2 -481.5 2210.7 0.9962335229 -0.0836221799 -0.0229358040 0.0866787508 0.9532351494 0.2895333171 -0.0023481925 -0.2904308438 0.9568930864
-22.1 471.4 2138.2 0 0 0 0 0 0 0 0 0
142.4 534.8 2176.8 0 0 0 0 0 0 0 0 0
-53.0 -857.7 2370.3 0 0 0 0 0 0 0 0 0
167.1 -845.8 2321.7 0 0 0 0 0 0 0 0 0
31.6 479.0 2263.4  0.9934383035 -0.1123510525 0.0213898178 0.1142625362 0.9830706716 -0.1432347149 -0.0049351295 0.1447389126 0.9894575477
51.6 304.5 2237.7 0.9934383035 -0.1123510525 0.0213898178 0.1142625362 0.9830706716 -0.1432347149 -0.0049351295 0.1447389126 0.9894575477
59.0 106.4 2252.6 0.9992930889 -0.0372772738 0.0048756157 0.0368054174 0.9964855909 0.0752452314 -0.0076634181 -0.0750125870 0.9971531630
-89.1 299.4 2238.8 0.5206808448 -0.7510212064 -0.4060277939 0.1043759659 0.5280098915 -0.8427996039 0.8473470807 0.3964501023 0.3533132076
-206.8 275.8 2047.3 -0.6518632174 -0.7510212064 -0.1050785780 -0.6884752512 0.5280098915 0.4971995652 -0.3179249167 0.3964501023 -0.8612497449
192.2 309.7 2236.6 0.7777411342 0.2945740819 0.5552880764 0.4756535888 0.3017249703 -0.8262661099 -0.4109408557 0.9067459106 0.0945487022
374.8 421.4 2140.2 -0.8888869286 0.2945740819 0.3508648276 0.4348866343 0.3017249703 0.8484312892 0.1440611780 0.9067459106 -0.3963057101
-25.8 -95.1 2268.1 0.9955962896 0.0887078792 0.0303136650 -0.0889013261 0.9960274100 0.0050918334 -0.0297415555 -0.0077643357 0.9995274544
-61.0 -491.1 2271.2 0.9986993074 -0.0161381327 0.0483662225 0.0053503839 0.9765216112 0.2153529972 -0.0507060550 -0.2148141116 0.9753378034
