158.2 469.5 2372.8 6 0.9997485280 -0.0189923048 0.0119222282 0.0196084622 0.9983543754 -0.0538893677 -0.0108791254 0.0541095920 0.9984757304
161.9 270.9 2362.0 0.9997485280 -0.0189923048 0.0119222282 0.0196084622 0.9983543754 -0.0538893677 -0.0108791254 0.0541095920 0.9984757304
165.7 72.5 2351.3 0.9997458458 -0.0191322099 0.0119235152 0.0197489765 0.9983479381 -0.0539567620 -0.0108715044 0.0541785285 0.9984720945
15.9 268.0 2363.6 0.9449756145 -0.3122477829 0.0975827575 0.3256197870 0.9264926910 -0.1886347532 -0.0315089300 0.2100301236 0.9771870375
-175.1 202.2 2370.0 -0.7505833507 -0.3122477829 -0.5823452473 -0.3761216104 0.9264926910 -0.0119940098 0.5432837009 0.2100301236 -0.8128530979
308.0 273.8 2360.4 0.2827998698 -0.0206051618 0.9589576125 0.8581265807 0.4521056116 -0.2433500588 -0.4285358489 0.8917263746 0.1455372572
399.0 550.1 2222.5 -0.9987269640 -0.0206051618 -0.0460422449 -0.0503823236 0.4521056116 0.8905403614 0.0024662279 0.8917263746 -0.4525682032
79.4 -131.2 2343.2 0.9800682068 0.0175477527 -0.1978846341 0.0165208597 0.9854417443 0.1692089736 0.1979730129 -0.1691055745 0.9655102491
72.4 -522.9 2410.4 0.9793202877 0.0511118062 -0.1957532018 -0.0697580427 0.9935343862 -0.0895726308 0.1899093091 0.1013756543 0.9765538573
262.8 -126.5 2343.9 0.9744935036 0.1061030850 0.1977488101 -0.1184059605 0.9916324019 0.0514318161 -0.1906370372 -0.0735346079 0.9789025187
220.6 -520.6 2373.1 0.9797828197 -0.0738174394 0.1859478503 0.0843856707 0.9951996803 -0.0495651774 -0.1813964695 0.0642544478 0.9813086390
37.8 308.8 2215.9 0 0 0 0 0 0 0 0 0
139.7 537.0 2223.1 0 0 0 0 0 0 0 0 0
56.3 -837.3 2378.3 0 0 0 0 0 0 0 0 0
242.8 -820.4 2353.8 0 0 0 0 0 0 0 0 0
158.5 470.9 2378.2 7 0.9993264675 -0.0206745546 0.0303177219 0.0226945076 0.9974359870 -0.0678704381 -0.0288367961 0.0685127676 0.9972333908
162.6 272.5 2364.6 0.9993264675 -0.0206745546 0.0303177219 0.0226945076 0.9974359870 -0.0678704381 -0.0288367961 0.0685127676 0.9972333908
166.7 74.4 2350.9 0.9993222952 -0.0208747480 0.0303179864 0.0228947066 0.9974305630 -0.0678831264 -0.0288230423 0.0685312450 0.9972324967
16.6 269.2 2368.8 0.9545230865 -0.2882295847 0.0762196705 0.2981183529 0.9198789597 -0.2548491657 0.0033421956 0.2659818828 0.9639722109
-179.0 208.1 2368.1 -0.7500655651 -0.2882295847 -0.5952523351 -0.3895591199 0.9198789597 0.0454572402 0.5344580412 0.2659818828 -0.8022519946
308.5 275.9 2360.3 0.2744957209 -0.0109366225 0.9615261555 0.8566209674 0.4570696950 -0.2393486500 -0.4368667901 0.8893636465 0.1348322034
395.6 547.5 2221.8 -0.9992982745 -0.0109366225 -0.0358235724 -0.0368598811 0.4570696950 0.8886668086 0.0066548553 0.8893636465 -0.4571520686
77.8 -127.7 2341.5 0.9835301638 0.0127816806 -0.1802916229 0.0212080777 0.9824447036 0.1853446066 0.1794955581 -0.1861156374 0.9659929276
72.7 -518.0 2415.5 0.9829833508 0.0509313159 -0.1764928997 -0.0696311668 0.9924027324 -0.1014312506 0.1699860096 0.1119946316 0.9790617824
261.2 -124.0 2339.5 0.9711059928 0.0978300869 0.2176749557 -0.1134161651 0.9917178750 0.0602700561 -0.2099759132 -0.0832164735 0.9741587043
222.3 -518.1 2372.6 0.9762744308 -0.0669466853 0.2059279680 0.0780842006 0.9958648682 -0.0464325175 -0.2019679248 0.0614106022 0.9774649143
35.0 319.2 2215.6 0 0 0 0 0 0 0 0 0
136.0 538.0 2223.6 0 0 0 0 0 0 0 0 0
56.3 -838.1 2379.4 0 0 0 0 0 0 0 0 0
242.6 -819.7 2354.0 0 0 0 0 0 0 0 0 0
162.2 471.9 2382.2 8 0.9986515045 -0.0101842331 0.0509064347 0.0141088013 0.9969050288 -0.0773391873 -0.0499612391 0.0779531300 0.9957043529
164.2 273.7 2366.7 0.9986515045 -0.0101842331 0.0509064347 0.0141088013 0.9969050288 -0.0773391873 -0.0499612391 0.0779531300 0.9957043529
166.3 75.6 2351.2 0.9986494184 -0.0103819249 0.0509075299 0.0143115651 0.9968938828 -0.0774454921 -0.0499453731 0.0780694634 0.9956960678
18.4 271.5 2374.0 0.9548169971 -0.2952373624 0.0340491906 0.2934620678 0.9185181856 -0.2649611235 0.0469516255 0.2629815340 0.9636577368
-177.6 211.3 2364.4 -0.7429632545 -0.2952373624 -0.6007000208 -0.3937737644 0.9185181856 0.0355894156 0.5412465334 0.2629815340 -0.7986819744
310.1 275.8 2359.4 0.2431725711 -0.0042938134 0.9699735641 0.8616308570 0.4602254927 -0.2139737457 -0.4454877675 0.8877916932 0.1156138927
387.1 548.6 2218.4 -0.9975518584 -0.0042938134 -0.0697987005 -0.0639391690 0.4602254927 0.8854966164 0.0283209831 0.8877916932 -0.4593733251
79.2 -125.9 2340.0 0.9873868823 0.0094566848 -0.1580434293 0.0187554732 0.9841995835 0.1760666221 0.1572112888 -0.1768100560 0.9716083407
75.4 -517.0 2410.2 0.9861915708 0.0578771122 -0.1551658809 -0.0713587850 0.9940106273 -0.0827692673 0.1494461000 0.0926988050 0.9844149351
262.4 -121.7 2334.7 0.9646073580 0.1083779261 0.2403891087 -0.1269760877 0.9898883104 0.0632309392 -0.2311055362 -0.0915166959 0.9686149359
219.3 -515.0 2371.1 0.9702441096 -0.0789250284 0.2289042920 0.0885026380 0.9955661297 -0.0318652019 -0.2253743857 0.0511756577 0.9729272723
35.9 324.5 2208.8 0 0 0 0 0 0 0 0 0
128.0 532.0 2225.7 0 0 0 0 0 0 0 0 0
56.6 -839.4 2380.2 0 0 0 0 0 0 0 0 0
243.8 -823.0 2355.2 0 0 0 0 0 0 0 0 0
165.2 471.7 2384.4 9 0.9978719354 -0.0021310034 0.0651696026 0.0075041545 0.9965780377 -0.0823155791 -0.0647711828 0.0826294497 0.9944732785
165.6 273.5 2368.0 0.9978719354 -0.0021310034 0.0651696026 0.0075041545 0.9965780377 -0.0823155791 -0.0647711828 0.0826294497 0.9944732785
166.1 75.5 2351.5 0.9978716373 -0.0022636284 0.0651698411 0.0076435828 0.9965682030 -0.0824223980 -0.0647596121 0.0827450976 0.9944643974
19.9 272.4 2377.4 0.9635953903 -0.2660507560 0.0264741182 0.2591339052 0.9049614072 -0.3374826014 0.0658294559 0.3320570290 0.9409593940
-182.2 218.1 2363.6 -0.7621070743 -0.2660507560 -0.5902624726 -0.4083976448 0.9049614072 0.1193995401 0.5023984313 0.3320570290 -0.7983319759
311.4 274.7 2358.5 0.2110058665 -0.0021582223 0.9774824381 0.8671240807 0.4619947076 -0.1861631274 -0.4511899352 0.8868800402 0.0993550420
378.7 551.4 2214.5 -0.9940317273 -0.0021582223 -0.1090701297 -0.0977237150 0.4619947076 0.8814822435 0.0484873876 0.8868800402 -0.4594483078
76.7 -123.8 2340.3 0.9898034334 0.0030908550 -0.1424064934 0.0206747986 0.9860596061 0.1651031077 0.1409315914 -0.1663638502 0.9759412408
75.5 -515.7 2406.5 0.9885370135 0.0585034527 -0.1391829997 -0.0687507614 0.9951757193 -0.0699902549 0.1344168633 0.0787568912 0.9877901673
259.8 -121.2 2331.2 0.9611971378 0.1000922769 0.2570634484 -0.1229130700 0.9896354079 0.0742572397 -0.2469665110 -0.1029723063 0.9635373354
220.1 -514.4 2372.1 0.9666555524 -0.0767435655 0.2443101704 0.0882461816 0.9954307079 -0.0364731438 -0.2403947711 0.0568164103 0.9690109491
35.8 334.8 2220.0 0 0 0 0 0 0 0 0 0
120.7 526.1 2227.1 0 0 0 0 0 0 0 0 0
56.6 -836.8 2381.0 0 0 0 0 0 0 0 0 0
243.7 -820.7 2354.6 0 0 0 0 0 0 0 0 0
166.1 471.7 2386.7 0 0.9974443913 -0.0001637599 0.0714465678 0.0062998510 0.9963039160 -0.0856667683 -0.0711684674 0.0858979449 0.9937587976
166.1 273.5 2369.6 0.9974443913 -0.0001637599 0.0714465678 0.0062998510 0.9963039160 -0.0856667683 -0.0711684674 0.0858979449 0.9937587976
166.1 75.5 2352.5 0.9974443913 -0.0002403392 0.0714465752 0.0063805217 0.9962983727 -0.0857251137 -0.0711615086 0.0859619007 0.9937537909
20.4 272.6 2380.0 0.9682410359 -0.2426213473 -0.0603669360 0.1989661157 0.8939445019 -0.4015915096 0.1513993591 0.3768264055 0.9138271809
-182.7 230.8 2348.2 -0.7943250537 -0.2426213473 -0.5569403768 -0.4060533941 0.8939445019 0.1896942109 0.4518499374 0.3768264055 -0.8085997105
311.8 274.5 2359.2 0.1910449564 0.0178034846 0.9814198017 0.8635555506 0.4722921550 -0.1766689271 -0.4666621983 0.8812622428 0.0748547390
373.4 553.0 2208.7 -0.9880567193 0.0178034846 -0.1530585140 -0.1266167909 0.4722921550 0.8723005652 0.0878183246 0.8812622428 -0.4643972218
75.0 -123.2 2341.1 0.9907240272 0.0030348152 -0.1358555108 0.0199931450 0.9856154323 0.1678169072 0.1344105750 -0.1689764112 0.9764121771
73.8 -514.9 2408.2 0.9898445606 0.0514337197 -0.1325227767 -0.0619710386 0.9951300025 -0.0766544342 0.1279347688 0.0840885565 0.9882113934
258.0 -121.8 2329.2 0.9597304463 0.0964962468 0.2638293505 -0.1202451214 0.9898794889 0.0753640756 -0.2538869083 -0.1040533856 0.9616206884
219.6 -515.2 2370.5 0.9643279314 -0.0803192332 0.2522309721 0.0905123428 0.9954714775 -0.0290530473 -0.2487552166 0.0508466810 0.9672307968
39.5 344.4 2221.8 0 0 0 0 0 0 0 0 0
117.1 520.1 2231.5 0 0 0 0 0 0 0 0 0
57.2 -836.0 2381.1 0 0 0 0 0 0 0 0 0
244.5 -823.3 2354.8 0 0 0 0 0 0 0 0 0
163.8 472.3 2388.0 1 0.9971885085 -0.0098181693 0.0742878318 0.0161771476 0.9962078333 -0.0854881257 -0.0731667876 0.0864495486 0.9935658574
165.7 274.1 2370.8 0.9971885085 -0.0098181693 0.0742878318 0.0161771476 0.9962078333 -0.0854881257 -0.0731667876 0.0864495486 0.9935658574
167.7 76.2 2353.6 0.9971880913 -0.0098568313 0.0742879882 0.0162169188 0.9962058663 -0.0855035260 -0.0731633306 0.0864678174 0.9935644865
20.1 271.8 2381.5 0.9629510641 -0.2430659682 -0.1168081909 0.1646049470 0.8728645444 -0.4593611658 0.2136127949 0.4231151342 0.8805357218
-181.4 237.3 2336.8 -0.8199622035 -0.2430659682 -0.5182479024 -0.4179368615 0.8728645444 0.2518655360 0.3911402822 0.4231151342 -0.8173021674
311.4 276.5 2360.1 0.1843766570 0.0152222002 0.9827377796 0.8621135950 0.4776508510 -0.1691443324 -0.4719803035 0.8784178495 0.0749444067
370.8 554.3 2208.0 -0.9844841361 0.0152222002 -0.1748120338 -0.1464338601 0.4776508510 0.8662602305 0.0966854990 0.8784178495 -0.4680106640
74.7 -123.0 2342.0 0.9907659292 -0.0035528005 -0.1355369091 0.0264204834 0.9855523109 0.1672979295 0.1329843402 -0.1693340391 0.9765455127
76.1 -514.7 2409.3 0.9894956350 0.0622351356 -0.1304805577 -0.0731702894 0.9940444827 -0.0807567686 0.1246775761 0.0894557685 0.9881564379
257.6 -121.8 2328.9 0.9606850147 0.0881165266 0.2632865012 -0.1069035530 0.9925835729 0.0578746870 -0.2562341392 -0.0837456062 0.9629801512
222.6 -516.2 2362.2 0.9633187652 -0.0518291667 0.2633073330 0.0377900861 0.9975947142 0.0581092983 -0.2656857669 -0.0460273698 0.9629603028
43.3 351.9 2229.6 0 0 0 0 0 0 0 0 0
115.3 516.3 2233.1 0 0 0 0 0 0 0 0 0
56.1 -835.1 2380.4 0 0 0 0 0 0 0 0 0
240.5 -859.8 2378.1 0 0 0 0 0 0 0 0 0
162.4 473.1 2387.7 2 0.9970203638 -0.0146485465 0.0757348388 0.0209019650 0.9963760972 -0.0824484900 -0.0742526352 0.0837858319 0.9937134981
165.3 274.9 2371.1 0.9970203638 -0.0146485465 0.0757348388 0.0209019650 0.9963760972 -0.0824484900 -0.0742526352 0.0837858319 0.9937134981
168.2 76.9 2354.4 0.9970201254 -0.0146656781 0.0757349059 0.0209194180 0.9963753819 -0.0824528858 -0.0742511675 0.0837915167 0.9937130809
19.6 271.8 2381.9 0.9637534022 -0.2258381099 -0.1420442760 0.1249117032 0.8524060845 -0.5077409744 0.2357466668 0.4715940952 0.8497190475
-182.1 245.7 2332.6 -0.8449543715 -0.2258381099 -0.4848187566 -0.4123260677 0.8524060845 0.3215447962 0.3406454027 0.4715940952 -0.8133631945
310.9 277.9 2360.2 0.2070947140 0.0255391505 0.9779874682 0.8441005945 0.5006993413 -0.1918186098 -0.4945766032 0.8652444482 0.0821345821
374.3 536.3 2208.8 -0.9928770065 0.0255391505 -0.1163745597 -0.0880535245 0.5006993413 0.8611310720 0.0802612230 0.8652444482 -0.4948840439
78.2 -123.2 2343.1 0.9907898903 0.0036113339 -0.1353599131 0.0201840904 0.9845373631 0.1740078330 0.1338952929 -0.1751373261 0.9753968120
76.8 -514.5 2412.7 0.9893487096 0.0626537502 -0.1313911080 -0.0755726770 0.9925315976 -0.0957591385 0.1244101524 0.1046687588 0.9866947532
261.1 -120.3 2329.7 0.9592968225 0.0984509960 0.2646828294 -0.1207459942 0.9902625084 0.0692864060 -0.2552841604 -0.0984256193 0.9618432522
222.0 -513.7 2368.8 0.9642974734 -0.0577237569 0.2584537268 0.0567871891 0.9983246922 0.0110940868 -0.2586611211 0.0039788601 0.9659599662
45.5 356.8 2240.8 0 0 0 0 0 0 0 0 0
121.7 513.9 2229.2 0 0 0 0 0 0 0 0 0
56.5 -835.2 2378.9 0 0 0 0 0 0 0 0 0
240.8 -839.4 2367.5 0 0 0 0 0 0 0 0 0
161.3 473.2 2389.2 3 0.9967267513 -0.0171281286 0.0790086985 0.0238391440 0.9961131811 -0.0847952068 -0.0772492215 0.0864011571 0.9932609797
164.7 275.0 2372.0 0.9967267513 -0.0171281286 0.0790086985 0.0238391440 0.9961131811 -0.0847952068 -0.0772492215 0.0864011571 0.9932609797
168.1 77.1 2354.8 0.9967265725 -0.0171408821 0.0790086612 0.0238517132 0.9961130619 -0.0847929865 -0.0772481337 0.0863999128 0.9932611585
19.1 271.6 2383.2 0.9546862841 -0.2268641293 -0.1926312447 0.0772373453 0.8139382601 -0.5757941604 0.2874169648 0.5348244905 0.7945780158
-177.8 255.6 2324.0 -0.8500989676 -0.2268641293 -0.4752519131 -0.4334589839 0.8139382601 0.3868046701 0.2990736067 0.5348244905 -0.7902643681
310.3 278.5 2360.7 0.2130475640 0.0564005040 0.9754126072 0.8352013230 0.5075355768 -0.2117697299 -0.5070005059 0.8597828746 0.0610234402
376.3 537.4 2203.5 -0.9913099408 0.0564005040 -0.1188424975 -0.0740377530 0.5075355768 0.8584439754 0.1087334678 0.8597828746 -0.4989492893
79.7 -123.0 2344.6 0.9911278486 0.0047632842 -0.1328265518 0.0190947074 0.9838877916 0.1777644157 0.1315331608 -0.1787235439 0.9750676751
77.8 -514.0 2415.6 0.9893167019 0.0680053458 -0.1289486587 -0.0814123973 0.9914759398 -0.1017224863 0.1209318191 0.1111337692 0.9864202142
262.5 -119.2 2330.9 0.9583347440 0.0999480411 0.2675909996 -0.1225415617 0.9900572896 0.0690663978 -0.2580273747 -0.0989797413 0.9610540271
222.8 -512.6 2370.3 0.9641903639 -0.0588219836 0.2586057484 0.0639456511 0.9978878498 -0.0114384089 -0.2573867142 0.0275655165 0.9659152031
49.4 371.5 2244.0 0 0 0 0 0 0 0 0 0
121.6 518.3 2231.5 0 0 0 0 0 0 0 0 0
55.6 -837.2 2379.4 0 0 0 0 0 0 0 0 0
241.6 -832.1 2361.5 0 0 0 0 0 0 0 0 0
161.9 473.5 2390.5 4 0.9963867068 -0.0167138260 0.0832718313 0.0237673540 0.9961444139 -0.0844474137 -0.0815393329 0.0861214325 0.9929423332
165.2 275.4 2373.4 0.9963867068 -0.0167138260 0.0832718313 0.0237673540 0.9961444139 -0.0844474137 -0.0815393329 0.0861214325 0.9929423332
168.5 77.4 2356.3 0.9963865876 -0.0167196095 0.0832718313 0.0237731207 0.9961442947 -0.0844472274 -0.0815388337 0.0861217156 0.9929423332
19.7 271.9 2385.3 0.9439889789 -0.2073809355 -0.2566669583 0.0172926672 0.8078548908 -0.5891277194 0.3295235038 0.5516915917 0.7661923170
-174.2 268.3 2317.7 -0.8572193980 -0.2073809355 -0.4713470638 -0.4217912853 0.8078548908 0.4116583765 0.2954099178 0.5516915917 -0.7799803615
310.8 278.8 2361.5 0.2024257332 0.0781193599 0.9761767983 0.8296464086 0.5159246325 -0.2133276165 -0.5202986598 0.8530645967 0.0396249779
374.0 538.0 2199.0 -0.9892631173 0.0781193599 -0.1235146075 -0.0658971220 0.5159246325 0.8540956378 0.1304456294 0.8530645967 -0.5052373409
80.1 -123.0 2344.7 0.9916554689 0.0078310343 -0.1286781877 0.0142175434 0.9854211807 0.1695374548 0.1281298697 -0.1699522287 0.9770869613
77.0 -514.7 2412.3 0.9898564816 0.0652217492 -0.1262152046 -0.0775441527 0.9924224019 -0.0953138694 0.1190422550 0.1041343063 0.9874132872
262.9 -118.7 2330.5 0.9566483498 0.1016468331 0.2729319036 -0.1282135099 0.9884094596 0.0812896863 -0.2615056336 -0.1127592027 0.9585928321
222.5 -511.4 2375.3 0.9634651542 -0.0652965605 0.2597523332 0.0757717118 0.9966583252 -0.0305100176 -0.2568921149 0.0490772203 0.9651931524
55.2 381.2 2238.6 0 0 0 0 0 0 0 0 0
118.4 521.0 2232.7 0 0 0 0 0 0 0 0 0
55.8 -836.7 2378.5 0 0 0 0 0 0 0 0 0
243.1 -825.1 2359.9 0 0 0 0 0 0 0 0 0
164.0 474.7 2391.6 5 0.9960426092 -0.0125506287 0.0879863724 0.0198252629 0.9964104295 -0.0822994336 -0.0866376236 0.0837180987 0.9927160740
166.5 276.5 2375.0 0.9960426092 -0.0125506287 0.0879863724 0.0198252629 0.9964104295 -0.0822994336 -0.0866376236 0.0837180987 0.9927160740
169.0 78.5 2358.4 0.9960426092 -0.0125478022 0.0879864991 0.0198233407 0.9964096546 -0.0823097005 -0.0866377875 0.0837281570 0.9927152395
21.0 273.6 2387.6 0.9395685792 -0.2185165733 -0.2635553181 0.0120777627 0.7904942036 -0.6123504043 0.3421476483 0.5721620321 0.7453626990
-175.2 271.1 2316.2 -0.8668916225 -0.2185165733 -0.4480507374 -0.4264645576 0.7904942036 0.4395985305 0.2581219375 0.5721620321 -0.7784623504
312.0 279.4 2362.3 0.2045940012 0.0465202779 0.9777408242 0.8227123618 0.5330402255 -0.1975157261 -0.5303636789 0.8448100686 0.0707840174
373.7 527.7 2202.3 -0.9947434664 0.0465202779 -0.0912209004 -0.0525111407 0.5330402255 0.8444588184 0.0879088640 0.8448100686 -0.5277954340
80.5 -122.7 2346.7 0.9923696518 0.0066313604 -0.1231200323 0.0143455379 0.9855611920 0.1687108725 0.1224611029 -0.1691897660 0.9779458642
77.9 -514.4 2413.9 0.9904428720 0.0671703666 -0.1204618067 -0.0793134198 0.9919198155 -0.0990171880 0.1128374338 0.1076251045 0.9877674580
263.3 -118.4 2331.7 0.9560700059 0.0970553532 0.2766050696 -0.1202356741 0.9904087782 0.0680726990 -0.2673452497 -0.0983400643 0.9585696459
224.7 -511.9 2370.8 0.9616434574 -0.0406928137 0.2712672353 0.0374216661 0.9991511106 0.0172227528 -0.2717378139 -0.0064108754 0.9623499513
56.7 385.2 2247.2 0 0 0 0 0 0 0 0 0
119.6 514.3 2224.7 0 0 0 0 0 0 0 0 0
56.0 -836.5 2379.0 0 0 0 0 0 0 0 0 0
238.8 -859.5 2373.0 0 0 0 0 0 0 0 0 0
165.1 475.6 2390.4 6 0.9957264662 -0.0102280052 0.0917833745 0.0173927173 0.9968325496 -0.0776042566 -0.0906989127 0.0788689703 0.9927504063
167.1 277.3 2374.7 0.9957264662 -0.0102280052 0.0917833745 0.0173927173 0.9968325496 -0.0776042566 -0.0906989127 0.0788689703 0.9927504063
169.2 79.2 2359.1 0.9957265854 -0.0102171982 0.0917834789 0.0173828658 0.9968318939 -0.0776147544 -0.0906996951 0.0788785368 0.9927495718
21.7 274.8 2388.0 0.9341668487 -0.2380133271 -0.2658608258 0.0144856032 0.7697295547 -0.6382057667 0.3565424085 0.5923395157 0.7225036025
-175.5 271.7 2312.7 -0.8721877337 -0.2380133271 -0.4273619354 -0.4377308786 0.7697295547 0.4646591246 0.2183580548 0.5923395157 -0.7755344510
312.6 279.8 2361.5 0.2035973370 0.0730880871 0.9763228297 0.8202641010 0.5317010880 -0.2108571082 -0.5345230699 0.8437725306 0.0483013950
375.0 531.5 2197.5 -0.9922122359 0.0730880871 -0.1008612365 -0.0467955433 0.5317010880 0.8456382751 0.1154341102 0.8437725306 -0.5241401792
80.1 -121.3 2349.7 0.9928841591 0.0050230226 -0.1189782023 0.0139803672 0.9872843027 0.1583486348 0.1182606965 -0.1588852108 0.9801887274
78.1 -513.7 2412.8 0.9909859896 0.0664283633 -0.1163357869 -0.0780370906 0.9920970798 -0.0982524902 0.1088896468 0.1064453498 0.9883382320
262.8 -117.7 2333.8 0.9546846747 0.0970830396 0.2813397944 -0.1241650209 0.9890275002 0.0800478458 -0.2704814970 -0.1113530174 0.9562637210
224.2 -510.7 2378.0 0.9618371129 -0.0496287979 0.2690843642 0.0593785010 0.9978368282 -0.0282104909 -0.2671022117 0.0431117229 0.9627033472
57.7 388.8 2254.3 0 0 0 0 0 0 0 0 0
119.5 519.4 2227.2 0 0 0 0 0 0 0 0 0
56.6 -835.3 2378.3 0 0 0 0 0 0 0 0 0
240.6 -840.7 2363.8 0 0 0 0 0 0 0 0 0
165.8 476.4 2388.0 7 0.9965853095 -0.0089461729 0.0820832551 0.0146366460 0.9975100756 -0.0689881071 -0.0812616944 0.0699539632 0.9942348599
167.5 278.0 2374.1 0.9965853095 -0.0089461729 0.0820832551 0.0146366460 0.9975100756 -0.0689881071 -0.0812616944 0.0699539632 0.9942348599
169.3 79.7 2360.2 0.9965850115 -0.0089839594 0.0820832103 0.0146741094 0.9975098372 -0.0689837635 -0.0812590644 0.0699526817 0.9942351580
21.9 275.8 2385.9 0.9350349307 -0.2458339930 -0.2554903030 0.0161016528 0.7492919564 -0.6620440483 0.3541897535 0.6149204969 0.7045724988
-175.9 272.4 2311.0 -0.8685523272 -0.2458339930 -0.4303283989 -0.4519177079 0.7492919564 0.4840784669 0.2034386694 0.6149204969 -0.7618960142
313.1 280.1 2362.2 0.2080310285 0.0576507188 0.9764217734 0.8150264621 0.5417088866 -0.2056290656 -0.5407910347 0.8385868073 0.0657053962
375.4 523.9 2200.4 -0.9954570532 0.0576507188 -0.0757739842 -0.0325632617 0.5417088866 0.8399351835 0.0894703045 0.8385868073 -0.5373706222
79.9 -120.5 2351.7 0.9917345643 0.0054707807 -0.1281895936 0.0141022885 0.9883897901 0.1512836516 0.1275289208 -0.1518409997 0.9801431894
77.7 -513.3 2412.0 0.9897068143 0.0687544644 -0.1255119741 -0.0815318897 0.9916738868 -0.0996770412 0.1176137030 0.1088842750 0.9870720506
262.5 -117.3 2335.1 0.9581783414 0.0961209312 0.2695460320 -0.1164007038 0.9913730025 0.0602529086 -0.2614291012 -0.0891083777 0.9611006975
224.3 -511.2 2370.5 0.9628221989 -0.0451235250 0.2663405240 0.0389059447 0.9988341331 0.0285777394 -0.2673195302 -0.0171530526 0.9634552598
56.5 393.3 2256.5 0 0 0 0 0 0 0 0 0
121.4 515.6 2223.2 0 0 0 0 0 0 0 0 0
55.5 -833.0 2376.9 0 0 0 0 0 0 0 0 0
240.4 -866.6 2376.6 0 0 0 0 0 0 0 0 0
166.5 476.9 2386.4 8 0.9974769354 -0.0100517711 0.0702758282 0.0143700317 0.9980211854 -0.0612144396 -0.0695214495 0.0620698594 0.9956475496
168.5 278.4 2374.0 0.9974769354 -0.0100517711 0.0702758282 0.0143700317 0.9980211854 -0.0612144396 -0.0695214495 0.0620698594 0.9956475496
170.5 80.1 2361.7 0.9974762797 -0.0101171099 0.0702758431 0.0144355027 0.9980201721 -0.0612158030 -0.0695173815 0.0620757788 0.9956474900
22.8 276.3 2384.2 0.9366312623 -0.2512085736 -0.2441642433 0.0202766974 0.7346882820 -0.6781017184 0.3497295678 0.6301804185 0.6932256818
-175.7 272.0 2310.1 -0.8663437366 -0.2512085736 -0.4316744208 -0.4610180557 0.7346882820 0.4976901412 0.1921221167 0.6301804185 -0.7523042560
314.2 280.5 2363.9 0.2023544908 0.0756321922 0.9763874412 0.8103248477 0.5469418168 -0.2103051245 -0.5499329567 0.8337472081 0.0493894853
376.3 529.2 2195.1 -0.9922056198 0.0756321922 -0.0990343168 -0.0417645015 0.5469418168 0.8361281753 0.1174042225 0.8337472081 -0.5395200253
79.7 -119.8 2353.7 0.9901081920 0.0094680879 -0.1399861127 0.0112173203 0.9891850352 0.1462434530 0.1398568153 -0.1463671029 0.9792940021
75.9 -512.9 2411.9 0.9885252118 0.0611069947 -0.1381444633 -0.0748200044 0.9925310016 -0.0963547304 0.1312247068 0.1055850461 0.9857138991
262.5 -117.1 2338.8 0.9610329270 0.1014816239 0.2571325898 -0.1202647537 0.9910246730 0.0583651885 -0.2489017397 -0.0870148540 0.9646120071
222.2 -510.9 2373.4 0.9660872817 -0.0622651652 0.2505961657 0.0645931289 0.9979110956 -0.0010674611 -0.2500062287 0.0172180515 0.9680911303
56.2 395.4 2258.7 0 0 0 0 0 0 0 0 0
120.9 518.5 2225.3 0 0 0 0 0 0 0 0 0
56.1 -835.4 2377.6 0 0 0 0 0 0 0 0 0
243.0 -845.4 2367.6 0 0 0 0 0 0 0 0 0
166.7 477.2 2384.2 9 0.9981103539 -0.0097141340 0.0606745631 0.0129121402 0.9985353351 -0.0525398813 -0.0600753166 0.0532240383 0.9967738986
168.6 278.6 2373.6 0.9981103539 -0.0097141340 0.0606745631 0.0129121402 0.9985353351 -0.0525398813 -0.0600753166 0.0532240383 0.9967738986
170.5 80.2 2363.1 0.9981095791 -0.0097890683 0.0606745332 0.0129869198 0.9985345602 -0.0525368117 -0.0600713305 0.0532254726 0.9967740178
22.8 276.7 2382.4 0.9385737181 -0.2535134554 -0.2341161072 0.0232507400 0.7233595252 -0.6900799870 0.3442946970 0.6422475576 0.6848205924
-175.6 271.8 2309.6 -0.8654402494 -0.2535134554 -0.4321389496 -0.4662086070 0.7233595252 0.5093137622 0.1834739298 0.6422475576 -0.7442146540
314.4 280.5 2364.9 0.1858880371 0.0696249604 0.9801009893 0.8136317730 0.5483168364 -0.1932667494 -0.5508620739 0.8333672881 0.0452764630
372.8 536.1 2191.8 -0.9890136123 0.0696249604 -0.1304009557 -0.0712602213 0.5483168364 0.8332290649 0.1295145750 0.8333672881 -0.5373313427
81.0 -119.5 2355.7 0.9887180924 0.0117074251 -0.1493301839 0.0104061821 0.9891633987 0.1464495361 0.1494265050 -0.1463512629 0.9778819084
76.3 -512.7 2413.9 0.9872110486 0.0603966378 -0.1475350112 -0.0763149783 0.9915680885 -0.1047318354 0.1399655640 0.1146515608 0.9834961295
264.0 -116.9 2343.0 0.9644889235 0.0973172113 0.2455411702 -0.1111243367 0.9928765297 0.0429834872 -0.2396090180 -0.0687426925 0.9684327245
225.3 -511.4 2370.3 0.9692592025 -0.0398540273 0.2427926511 0.0371117815 0.9991852641 0.0158597138 -0.2432269156 -0.0063617062 0.9699485302
56.1 396.6 2260.5 0 0 0 0 0 0 0 0 0
117.1 517.7 2225.3 0 0 0 0 0 0 0 0 0
56.7 -834.7 2376.7 0 0 0 0 0 0 0 0 0
239.6 -869.6 2372.6 0 0 0 0 0 0 0 0 0
165.9 477.4 2384.3 0 0.9985325336 -0.0111836353 0.0529879630 0.0138352597 0.9986562729 -0.0499424636 -0.0523582213 0.0506022759 0.9973455071
168.1 278.8 2374.2 0.9985325336 -0.0111836353 0.0529879630 0.0138352597 0.9986562729 -0.0499424636 -0.0523582213 0.0506022759 0.9973455071
170.4 80.4 2364.1 0.9985319972 -0.0112311197 0.0529880039 0.0138829509 0.9986554384 -0.0499462485 -0.0523558073 0.0506085567 0.9973452687
22.3 276.8 2381.8 0.9390921593 -0.2463281304 -0.2396420836 0.0208568592 0.7368776798 -0.6757043004 0.3430318832 0.6295504570 0.6971336603
-176.0 272.4 2309.4 -0.8743534684 -0.2463281304 -0.4181250036 -0.4491938651 0.7368776798 0.5052090287 0.1836597770 0.6295504570 -0.7549406290
314.0 280.8 2366.5 0.1719950587 0.0633596182 0.9830580950 0.8139228821 0.5530182123 -0.1780461669 -0.5549299717 0.8307565451 0.0435465537
368.9 540.8 2189.3 -0.9844270349 0.0633596182 -0.1639786661 -0.1021430418 0.5530182123 0.8268843293 0.1430742592 0.8307565451 -0.5379343033
80.9 -119.4 2358.0 0.9875221252 0.0107252700 -0.1571147442 0.0122809066 0.9893949628 0.1447298676 0.1570008099 -0.1448534578 0.9769177437
76.7 -512.6 2415.6 0.9859642982 0.0626640245 -0.1547502279 -0.0801035166 0.9907915592 -0.1091579795 0.1464849561 0.1200219095 0.9819047451
264.0 -117.0 2347.0 0.9662167430 0.0985799283 0.2381326705 -0.1129270643 0.9924747348 0.0473430827 -0.2316735834 -0.0726353005 0.9700780511
224.8 -511.4 2375.8 0.9718579650 -0.0466891564 0.2308944762 0.0527427867 0.9984055758 -0.0201121401 -0.2295873165 0.0317241624 0.9727709293
58.1 392.6 2260.2 0 0 0 0 0 0 0 0 0
113.9 514.4 2226.3 0 0 0 0 0 0 0 0 0
56.3 -834.5 2376.6 0 0 0 0 0 0 0 0 0
240.5 -846.1 2365.2 0 0 0 0 0 0 0 0 0
165.9 478.4 2383.0 1 0.9989045858 -0.0089382427 0.0459314957 0.0108953426 0.9990354776 -0.0425369702 -0.0455069914 0.0429908149 0.9980385303
167.7 279.7 2374.5 0.9989045858 -0.0089382427 0.0459314957 0.0108953426 0.9990354776 -0.0425369702 -0.0455069914 0.0429908149 0.9980385303
169.5 81.1 2365.9 0.9989041686 -0.0089886729 0.0459314361 0.0109454617 0.9990352392 -0.0425300375 -0.0455048345 0.0429861732 0.9980388284
21.8 278.1 2381.1 0.9374611378 -0.2534511387 -0.2385982424 0.0274716411 0.7371822596 -0.6751352549 0.3470042050 0.6263583899 0.6980424523
-176.4 272.2 2307.8 -0.8802717328 -0.2534511387 -0.4011037648 -0.4442413449 0.7371822596 0.5091286302 0.1666473597 0.6263583899 -0.7615141869
313.6 281.3 2367.8 0.1694237888 0.0494465604 0.9843021035 0.8151917458 0.5542430282 -0.1681580096 -0.5538573861 0.8308849335 0.0535935201
368.2 544.1 2189.3 -0.9820963740 0.0494465604 -0.1817740351 -0.1244227588 0.5542430282 0.8230028152 0.1414416432 0.8308849335 -0.5381677747
81.0 -119.4 2358.9 0.9863899946 0.0143009601 -0.1637993157 0.0077268244 0.9910779595 0.1330593377 0.1642407626 -0.1325140446 0.9774789214
75.3 -513.2 2411.5 0.9848860502 0.0589240380 -0.1628725529 -0.0744480118 0.9930723310 -0.0909114406 0.1563873440 0.1016629487 0.9824498296
264.1 -116.8 2349.3 0.9675784111 0.1009490862 0.2315196246 -0.1164234057 0.9917227626 0.0541433953 -0.2241375595 -0.0793422833 0.9713223577
224.0 -510.9 2380.8 0.9739227295 -0.0560761578 0.2198408097 0.0683648139 0.9964715838 -0.0486886278 -0.2163348496 0.0624483377 0.9743199944
59.3 391.2 2263.2 0 0 0 0 0 0 0 0 0
113.5 511.8 2226.0 0 0 0 0 0 0 0 0 0
56.1 -836.3 2378.5 0 0 0 0 0 0 0 0 0
242.1 -832.4 2360.7 0 0 0 0 0 0 0 0 0
165.8 480.2 2384.0 2 0.9990939498 -0.0083794026 0.0417254046 0.0100003611 0.9991972446 -0.0387923047 -0.0413668528 0.0391744263 0.9983757734
167.4 281.4 2376.2 0.9990939498 -0.0083794026 0.0417254046 0.0100003611 0.9991972446 -0.0387923047 -0.0413668528 0.0391744263 0.9983757734
169.1 82.8 2368.4 0.9990937114 -0.0084126052 0.0417253636 0.0100333663 0.9991971254 -0.0387874879 -0.0413655601 0.0391709805 0.9983759522
21.5 279.9 2382.2 0.9293379188 -0.2706215978 -0.2511870563 0.0377278216 0.7463375330 -0.6644974947 0.3672977090 0.6080659628 0.7038097382
-175.7 271.9 2304.3 -0.8844373226 -0.2706215978 -0.3801770210 -0.4421913624 0.7463375330 0.4974405468 0.1491222233 0.6080659628 -0.7797552943
313.4 282.9 2370.2 0.1638106555 0.0385592878 0.9857379198 0.8127293587 0.5610877872 -0.1570081413 -0.5591396093 0.8268577456 0.0605738945
366.4 546.0 2189.2 -0.9814839363 0.0385592878 -0.1876232475 -0.1341025680 0.5610877872 0.8168212771 0.1367691606 0.8268577456 -0.5455276966
79.6 -118.4 2361.6 0.9857107997 0.0127484202 -0.1679633409 0.0083627012 0.9921987653 0.1243853122 0.1682387292 -0.1240125746 0.9779143929
74.6 -512.7 2410.9 0.9844498038 0.0543547198 -0.1670454144 -0.0684840977 0.9944379926 -0.0800186768 0.1617669165 0.0902143270 0.9826967120
262.8 -116.4 2353.2 0.9687539339 0.1025304496 0.2258390784 -0.1147374362 0.9925256968 0.0415704809 -0.2198888510 -0.0661837608 0.9732772708
222.1 -510.8 2379.5 0.9743072987 -0.0650346130 0.2156288326 0.0771966875 0.9958375096 -0.0484600887 -0.2115796953 0.0638608485 0.9752721786
61.2 390.3 2264.4 0 0 0 0 0 0 0 0 0
111.6 511.2 2224.7 0 0 0 0 0 0 0 0 0
56.8 -838.4 2381.3 0 0 0 0 0 0 0 0 0
242.9 -829.1 2359.1 0 0 0 0 0 0 0 0 0
165.4 480.9 2383.8 3 0.9992563725 -0.0102357958 0.0371738300 0.0114954961 0.9993613958 -0.0338326357 -0.0368037857 0.0342348106 0.9987359047
167.4 282.1 2377.0 0.9992563725 -0.0102357958 0.0371738300 0.0114954961 0.9993613958 -0.0338326357 -0.0368037857 0.0342348106 0.9987359047
169.4 83.5 2370.2 0.9992561340 -0.0102635035 0.0371738449 0.0115232617 0.9993610382 -0.0338341147 -0.0368028358 0.0342373066 0.9987359047
21.4 280.4 2382.4 0.9318770766 -0.2653097212 -0.2474184036 0.0431893356 0.7583034039 -0.6504695415 0.3601941168 0.5954717994 0.7181041241
-175.8 271.2 2306.1 -0.8861742616 -0.2653097212 -0.3798762560 -0.4351184666 0.7583034039 0.4854356945 0.1592706591 0.5954717994 -0.7874301076
313.4 283.8 2371.6 0.1784153879 0.0394944251 0.9831623435 0.8025068045 0.5723193288 -0.1686221808 -0.5693424344 0.8190792203 0.0704160258
370.9 542.6 2188.0 -0.9827004671 0.0394944251 -0.1809419692 -0.1261902452 0.5723193288 0.8102632761 0.1355574727 0.8190792203 -0.5574346781
79.1 -116.6 2364.4 0.9849336147 0.0071871411 -0.1727835834 0.0136444056 0.9927915335 0.1190747768 0.1723938733 -0.1196382791 0.9777356386
76.3 -511.2 2412.0 0.9836282134 0.0573636517 -0.1708358824 -0.0715394765 0.9943825006 -0.0780095980 0.1654012948 0.0889539495 0.9822065234
262.4 -114.8 2356.8 0.9699528813 0.1043459922 0.2197801024 -0.1141482815 0.9929369688 0.0323480777 -0.2148523927 -0.0564636327 0.9750129580
220.9 -509.4 2379.3 0.9750756025 -0.0713848174 0.2100756913 0.0841570348 0.9950690866 -0.0524889417 -0.2052929103 0.0688600317 0.9762751460
61.5 387.8 2263.5 0 0 0 0 0 0 0 0 0
115.7 509.8 2223.2 0 0 0 0 0 0 0 0 0
57.5 -835.9 2382.9 0 0 0 0 0 0 0 0 0
243.5 -823.7 2357.5 0 0 0 0 0 0 0 0 0
165.4 481.2 2383.5 4 0.9993814230 -0.0102273831 0.0336482488 0.0112285456 0.9994957447 -0.0297006089 -0.0333275236 0.0300600566 0.9989923239
167.4 282.4 2377.5 0.9993814230 -0.0102273831 0.0336482488 0.0112285456 0.9994957447 -0.0297006089 -0.0333275236 0.0300600566 0.9989923239
169.4 83.8 2371.5 0.9993811846 -0.0102485176 0.0336482562 0.0112497015 0.9994955063 -0.0297011752 -0.0333268866 0.0300613288 0.9989923239
21.4 280.7 2382.3 0.9321689606 -0.2667323649 -0.2447751462 0.0496615022 0.7639529705 -0.6433580518 0.3586011231 0.5875625610 0.7253795862
-177.2 270.2 2305.9 -0.8876921535 -0.2667323649 -0.3753085136 -0.4321488440 0.7639529705 0.4791902304 0.1589024961 0.5875625610 -0.7934231162
313.4 284.0 2372.6 0.1905064583 0.0169948712 0.9815388322 0.8038889170 0.5711693764 -0.1659159809 -0.5634446740 0.8206562400 0.0951494649
374.6 542.1 2191.7 -0.9859429002 0.0169948712 -0.1662158966 -0.1268722564 0.5711693764 0.8109679222 0.1087197289 0.8206562400 -0.5609842539
79.8 -116.2 2366.8 0.9843367934 0.0039929166 -0.1762529463 0.0168142859 0.9930598736 0.1164016128 0.1754945070 -0.1175419539 0.9774382710
78.2 -510.8 2413.5 0.9823876619 0.0694481879 -0.1734689325 -0.0852304846 0.9927077889 -0.0852465034 0.1662837416 0.0985299572 0.9811429977
263.1 -114.0 2360.0 0.9710232019 0.1042966843 0.2150258571 -0.1119762138 0.9934254885 0.0238134712 -0.2111285031 -0.0472012125 0.9763180017
221.7 -508.8 2378.8 0.9761445522 -0.0687208474 0.2059592307 0.0818713084 0.9950676560 -0.0560127422 -0.2010941356 0.0715386868 0.9769561887
60.5 385.9 2263.4 0 0 0 0 0 0 0 0 0
118.5 509.2 2219.9 0 0 0 0 0 0 0 0 0
55.5 -835.2 2381.3 0 0 0 0 0 0 0 0 0
243.4 -823.7 2356.1 0 0 0 0 0 0 0 0 0
163.2 480.3 2387.4 5 0.9992830157 -0.0177805666 0.0334266610 0.0190939922 0.9990413189 -0.0393931493 -0.0326941870 0.0400031507 0.9986644983
166.7 281.6 2379.4 0.9992830157 -0.0177805666 0.0334266610 0.0190939922 0.9990413189 -0.0393931493 -0.0326941870 0.0400031507 0.9986644983
170.2 83.1 2371.5 0.9992828369 -0.0177892633 0.0334266908 0.0191027392 0.9990411401 -0.0393947251 -0.0326938368 0.0400050133 0.9986644387
20.7 278.8 2384.2 0.9282658696 -0.2663497031 -0.2595771551 0.0415863916 0.7678996325 -0.6392188668 0.3695849478 0.5825701952 0.7238915563
-177.1 269.9 2305.4 -0.8881886005 -0.2663497031 -0.3744046390 -0.4303047955 0.7678996325 0.4745186567 0.1611172706 0.5825701952 -0.7966512442
312.7 284.4 2374.7 0.1936036199 0.0365858413 0.9803974032 0.7884051800 0.5889409184 -0.1776677519 -0.5838962793 0.8073475361 0.0851766318
375.0 538.1 2186.8 -0.9842661023 0.0365858413 -0.1728633195 -0.1185115278 0.5889409184 0.7994395494 0.1310544461 0.8073475361 -0.5753387213
79.8 -115.9 2368.6 0.9840829968 0.0075955014 -0.1775469780 0.0123972381 0.9937179089 0.1112251878 0.1772764176 -0.1116559133 0.9778067470
76.8 -510.8 2413.0 0.9820913672 0.0681206062 -0.1756591201 -0.0837651566 0.9930031300 -0.0832354277 0.1687600166 0.0964589044 0.9809259772
263.1 -113.8 2362.5 0.9711458087 0.1030676961 0.2150647044 -0.1103838459 0.9936397672 0.0222567543 -0.2114029080 -0.0453542210 0.9763461351
222.2 -508.7 2380.5 0.9764069915 -0.0677738860 0.2050269693 0.0829525068 0.9943417907 -0.0663571283 -0.1993696094 0.0817990676 0.9765043259
60.8 385.2 2262.3 0 0 0 0 0 0 0 0 0
119.3 507.3 2220.8 0 0 0 0 0 0 0 0 0
54.5 -835.9 2381.4 0 0 0 0 0 0 0 0 0
243.6 -822.7 2354.7 0 0 0 0 0 0 0 0 0
167.6 481.1 2389.0 6 0.9993002415 -0.0046353219 0.0371157825 0.0063332599 0.9989323616 -0.0457610004 -0.0368640386 0.0459640436 0.9982626438
168.5 282.4 2379.8 0.9993002415 -0.0046353219 0.0371157825 0.0063332599 0.9989323616 -0.0457610004 -0.0368640386 0.0459640436 0.9982626438
169.5 84.0 2370.7 0.9993001223 -0.0046510464 0.0371158943 0.0063498644 0.9989311695 -0.0457848422 -0.0368632749 0.0459884815 0.9982615709
22.6 281.5 2385.2 0.9265950322 -0.2787343264 -0.2524457276 0.0566467196 0.7670823932 -0.6390428543 0.3717698455 0.5778337121 0.7265641093
-177.1 269.3 2305.1 -0.8870767951 -0.2787343264 -0.3679700494 -0.4361815155 0.7670823932 0.4704575539 0.1511306614 0.5778337121 -0.8020397425
314.5 283.4 2374.4 0.1924830675 0.0162537731 0.9811656475 0.7897162437 0.5909461975 -0.1647144109 -0.5824933052 0.8065472245 0.1009112671
376.3 536.9 2187.4 -0.9837965965 0.0162537731 -0.1785500646 -0.1345951557 0.5909461975 0.7954035401 0.1184417903 0.8065472245 -0.5791831613
82.1 -117.2 2366.5 0.9850363135 0.0142061822 -0.1717604250 0.0065872287 0.9927655458 0.1198883131 0.1722209901 -0.1192257702 0.9778165221
76.5 -511.7 2413.9 0.9827660322 0.0703344196 -0.1709502488 -0.0865981653 0.9922046065 -0.0896143317 0.1633146554 0.1028738990 0.9811958671
265.4 -113.7 2360.5 0.9686708450 0.1114096120 0.2219565809 -0.1222326681 0.9918630719 0.0355931893 -0.2161851078 -0.0616084263 0.9744067192
221.1 -507.8 2385.0 0.9755113721 -0.0725274906 0.2076472044 0.0906015262 0.9927579165 -0.0788865611 -0.2004219592 0.0957678929 0.9750177264
60.5 386.1 2264.6 0 0 0 0 0 0 0 0 0
120.8 501.9 2218.2 0 0 0 0 0 0 0 0 0
53.6 -834.5 2380.4 0 0 0 0 0 0 0 0 0
244.1 -822.1 2354.7 0 0 0 0 0 0 0 0 0
168.7 481.0 2393.2 7 0.9990726113 0.0000375944 0.0430572554 0.0023676306 0.9984386563 -0.0558087267 -0.0429921299 0.0558589138 0.9975126386
168.7 282.4 2382.1 0.9990726113 0.0000375944 0.0430572554 0.0023676306 0.9984386563 -0.0558087267 -0.0429921299 0.0558589138 0.9975126386
168.7 84.0 2371.0 0.9990726113 0.0000000815 0.0430572554 0.0024061403 0.9984372258 -0.0558324046 -0.0429899730 0.0558842272 0.9975113273
22.7 282.0 2388.4 0.9132764935 -0.3177824318 -0.2548340857 0.0917426497 0.7699995041 -0.6314143538 0.3968744874 0.5532767177 0.7323766351
-173.3 262.3 2303.2 -0.8731027842 -0.3177824318 -0.3697376251 -0.4651858211 0.7699995041 0.4366954267 0.1459236443 0.5532767177 -0.8201165795
314.6 282.7 2375.8 0.1931206137 0.0173439402 0.9810217023 0.7842541337 0.5981084108 -0.1649598628 -0.5896183848 0.8012275100 0.1019050106
376.9 535.5 2185.8 -0.9807912707 0.0173439402 -0.1942875683 -0.1455380321 0.5981084108 0.7880894542 0.1298736036 0.8012275100 -0.5840952992
78.7 -115.1 2364.9 0.9862630963 0.0057229097 -0.1650829315 0.0146681005 0.9924172163 0.1220363677 0.1645295471 -0.1227814108 0.9787005186
76.5 -509.5 2413.7 0.9846055508 0.0643173978 -0.1625273228 -0.0799723789 0.9925713539 -0.0916870236 0.1554228961 0.1032732502 0.9824349284
262.0 -113.9 2358.2 0.9694069028 0.0917148516 0.2276810110 -0.0990421847 0.9948627949 0.0209437031 -0.2245905101 -0.0428529941 0.9735105038
225.6 -509.1 2375.2 0.9735357761 -0.0363254063 0.2256293297 0.0374560058 0.9992980361 -0.0007306476 -0.2254443914 0.0091624847 0.9742129445
60.4 386.9 2264.1 0 0 0 0 0 0 0 0 0
122.1 497.7 2219.6 0 0 0 0 0 0 0 0 0
55.3 -835.9 2379.8 0 0 0 0 0 0 0 0 0
238.2 -857.0 2372.0 0 0 0 0 0 0 0 0 0
169.2 480.5 2388.1 8 0.9979050756 0.0028505409 0.0646323860 -0.0005273437 0.9993540645 -0.0359333903 -0.0646930635 0.0358240306 0.9972620010
168.7 281.8 2381.0 0.9979050756 0.0028505409 0.0646323860 -0.0005273437 0.9993540645 -0.0359333903 -0.0646930635 0.0358240306 0.9972620010
168.1 83.2 2373.8 0.9979044795 0.0030481226 0.0646322146 -0.0007215063 0.9993518591 -0.0359906070 -0.0647000298 0.0358685553 0.9972599149
22.9 281.9 2390.4 0.9088334441 -0.3510545790 -0.2253495306 0.1399825215 0.7655216455 -0.6279980540 0.3929715455 0.5392006636 0.7448731661
-175.4 251.4 2304.7 -0.8575323224 -0.3510545790 -0.3760305345 -0.4941017926 0.7655216455 0.4121165574 0.1431840956 0.5392006636 -0.8299162388
314.4 281.6 2371.5 0.1952184290 0.0247240365 0.9804481268 0.7910158038 0.5870311260 -0.1723034978 -0.5798135996 0.8091867566 0.0950421914
377.0 535.1 2185.7 -0.9801822305 0.0247240365 -0.1965491474 -0.1449073851 0.5870311260 0.7964900136 0.1350729167 0.8091867566 -0.5718147755
77.0 -114.6 2363.9 0.9896347523 0.0012904123 -0.1436013877 0.0164780747 0.9923346043 0.1224765107 0.1426586658 -0.1235732883 0.9820275903
76.5 -509.0 2413.0 0.9880183339 0.0633114874 -0.1407530606 -0.0758765042 0.9934214950 -0.0857699364 0.1343968958 0.0954221189 0.9863225222
260.3 -114.2 2356.0 0.9640502930 0.0959150046 0.2478050143 -0.1063529551 0.9939039350 0.0290522855 -0.2435078323 -0.0543626621 0.9683742523
222.2 -509.1 2377.6 0.9687861204 -0.0549266450 0.2417364717 0.0639017299 0.9975218773 -0.0294394046 -0.2395204157 0.0439678654 0.9698952436
54.1 383.6 2266.4 0 0 0 0 0 0 0 0 0
122.3 497.5 2220.8 0 0 0 0 0 0 0 0 0
55.6 -837.4 2381.4 0 0 0 0 0 0 0 0 0
240.3 -838.6 2363.0 0 0 0 0 0 0 0 0 0
167.7 479.7 2389.0 9 0.9970725775 -0.0017631364 0.0764409527 0.0046554999 0.9992791414 -0.0376762114 -0.0763194263 0.0379217863 0.9963620305
168.1 281.0 2381.5 0.9970725775 -0.0017631364 0.0764409527 0.0046554999 0.9992791414 -0.0376762114 -0.0763194263 0.0379217863 0.9963620305
168.4 82.4 2373.9 0.9970726967 -0.0016760095 0.0764409527 0.0045682406 0.9992794991 -0.0376769975 -0.0763227344 0.0379159078 0.9963619709
22.4 280.3 2392.6 0.9043350220 -0.3709138334 -0.2111898512 0.1601818204 0.7535591125 -0.6375660300 0.3956260979 0.5427445173 0.7408835292
-176.0 245.2 2305.8 -0.8411107063 -0.3709138334 -0.3936441243 -0.5203285217 0.7535591125 0.4017547369 0.1476177275 0.5427445173 -0.8268237114
313.7 281.6 2370.3 0.2011547238 0.0078701871 0.9795278907 0.7893980742 0.5907703042 -0.1668565273 -0.5799891949 0.8068013787 0.1126235276
375.1 522.5 2193.4 -0.9885098338 0.0078701871 -0.1509516835 -0.1171992421 0.5907703042 0.7982823849 0.0954604074 0.8068013787 -0.5830598474
76.0 -115.2 2372.7 0.9911436439 -0.0031181364 -0.1327575892 0.0188083760 0.9929422140 0.1170981973 0.1314554811 -0.1185580865 0.9842070341
77.3 -509.8 2419.8 0.9895265698 0.0653883815 -0.1286917627 -0.0795427486 0.9909515977 -0.1081105769 0.1204581335 0.1172147840 0.9857740998
