192.3 464.7 2277.1  0.9497556090 0.0461391248 0.3095731139 -0.1086530238 0.9761689305 0.1878529936 -0.2935282886 -0.2120504826 0.9321350455
182.7 261.8 2321.2 0.9497556090 0.0461391248 0.3095731139 -0.1086530238 0.9761689305 0.1878529936 -0.2935282886 -0.2120504826 0.9321350455
170.4 66.3 2354.5 0.9496932626 0.0618573688 0.3070120513 -0.1097843349 0.9838501811 0.1413724720 -0.2933089435 -0.1679655910 0.9411468506
44.2 277.7 2363.9 0.6194411516 -0.7850007415 0.0081545925 0.6728091240 0.5362061262 0.5097164512 -0.4045003057 -0.3102528751 0.8603038192
-90.3 131.6 2451.8 -0.3745339215 -0.7850007415 -0.4934553802 -0.0118655786 0.5362061262 -0.8440036774 0.9271373153 -0.3102528751 -0.2101418823
321.2 245.8 2278.4 0.0340119898 0.3457856476 0.9376968741 -0.9907078147 0.1352898031 -0.0139547531 -0.1316861808 -0.9285089970 0.3471740186
328.9 22.5 2248.7 -0.9314951897 0.3457856476 -0.1129116490 0.1685717404 0.1352898031 -0.9763607383 -0.3223357201 -0.9285089970 -0.1843114942
73.5 -114.8 2417.8 0.9989415407 0.0023789576 0.0459356196 -0.0034262529 0.9997356534 0.0227339398 -0.0458693951 -0.0228672661 0.9986856580
72.6 -512.2 2426.8 0.9976184964 0.0522792526 0.0449912883 -0.0457999595 0.9898372889 -0.1346274912 -0.0515722781 0.1322462857 0.9898743629
244.2 -135.5 2353.8 0.9025657773 0.0808209032 0.4228983521 -0.0928836390 0.9956451654 0.0079561574 -0.4204136729 -0.0464612916 0.9061421752
212.1 -531.2 2372.3 0.9018205404 -0.0969651639 0.4210908413 0.1129608378 0.9935125113 -0.0131427506 -0.4170846343 0.0594191775 0.9069232345
14.6 135.0 2192.1 0 0 0 0 0 0 0 0 0
87.7 66.1 2165.2 0 0 0 0 0 0 0 0 0
55.6 -833.2 2384.0 0 0 0 0 0 0 0 0 0
240.9 -826.8 2354.6 0 0 0 0 0 0 0 0 0
189.1 461.8 2272.4  0.9316185117 0.0361033529 0.3616400659 -0.1138750762 0.9739449620 0.1961216480 -0.3451368511 -0.2238923460 0.9114564061
181.6 259.5 2318.9 0.9316185117 0.0361033529 0.3616400659 -0.1138750762 0.9739449620 0.1961216480 -0.3451368511 -0.2238923460 0.9114564061
171.2 64.4 2354.7 0.9316503406 0.0525799878 0.3595315516 -0.1131719872 0.9822465777 0.1496119350 -0.3452820480 -0.1800749153 0.9210609794
45.9 276.1 2369.3 0.6200767159 -0.7828584313 0.0513573922 0.6737961769 0.5649372935 0.4762819707 -0.4018750787 -0.2607269585 0.8777914643
-88.3 130.2 2456.2 -0.3706080914 -0.7828584313 -0.4997822940 -0.0867935196 0.5649372935 -0.8205563426 0.9247251153 -0.2607269585 -0.2773173749
317.4 243.0 2268.6 -0.0506419912 0.3379800916 0.9397897720 -0.9925458431 0.0874131322 -0.0849215388 -0.1108517572 -0.9370850325 0.3310339749
306.2 22.8 2244.0 -0.9275389314 0.3379800916 -0.1595024616 0.1996800452 0.0874131322 -0.9759542942 -0.3159105182 -0.9370850325 -0.1485669613
71.0 -119.2 2414.8 0.9947720766 -0.0029523920 0.1020771787 0.0001049212 0.9996110201 0.0278893951 -0.1021198109 -0.0277328826 0.9943854809
72.2 -516.4 2425.8 0.9935358167 0.0514513403 0.1011895761 -0.0374512561 0.9900439382 -0.1356851459 -0.1071633026 0.1310183853 0.9855710268
244.9 -139.2 2361.0 0.8788747191 0.0766361505 0.4708567858 -0.0790576041 0.9967621565 -0.0146674793 -0.4704562724 -0.0243339315 0.8820877075
214.5 -535.2 2370.7 0.8776584268 -0.0857061520 0.4715614319 0.0999712721 0.9949765801 -0.0052273367 -0.4687445760 0.0517304130 0.8818176985
13.8 154.1 2201.3 0 0 0 0 0 0 0 0 0
66.6 74.3 2162.4 0 0 0 0 0 0 0 0 0
55.7 -834.6 2383.7 0 0 0 0 0 0 0 0 0
239.6 -827.1 2355.5 0 0 0 0 0 0 0 0 0
186.2 457.5 2263.1  0.9491949677 0.0247873999 0.3137108982 -0.0981091633 0.9705163240 0.2201649547 -0.2990042269 -0.2397573888 0.9236410856
181.0 256.0 2312.9 0.9491949677 0.0247873999 0.3137108982 -0.0981091633 0.9705163240 0.2201649547 -0.2990042269 -0.2397573888 0.9236410856
173.5 61.3 2351.6 0.9492613673 0.0376902185 0.3122215867 -0.0960358307 0.9801107049 0.1736667603 -0.2994661629 -0.1948396116 0.9340008497
42.7 270.0 2356.5 0.6168714762 -0.7829419374 0.0804459155 0.6628177166 0.5718890429 0.4833380282 -0.4244317412 -0.2448364645 0.8717297912
-88.6 128.9 2446.8 -0.3824622929 -0.7829419374 -0.4906368554 -0.1321025640 0.5718890429 -0.8096244931 0.9144788384 -0.2448364645 -0.3221546412
319.3 242.1 2269.2 -0.1327988207 0.3359443843 0.9324729443 -0.9840322137 0.0678045154 -0.1645697653 -0.1185121685 -0.9394381046 0.3215757310
289.6 21.5 2242.6 -0.9225365520 0.3359443843 -0.1899148375 0.2247976363 0.0678045154 -0.9720435143 -0.3136754930 -0.9394381046 -0.1380716413
75.6 -120.4 2422.0 0.9984818697 0.0053645084 0.0548200198 -0.0065389303 0.9997524619 0.0212663691 -0.0546923652 -0.0215925481 0.9982697368
73.4 -517.7 2430.6 0.9968066216 0.0596714430 0.0530648753 -0.0509937368 0.9870572686 -0.1520447731 -0.0614508018 0.1488532573 0.9869480729
246.0 -141.2 2358.8 0.9002466798 0.0812912807 0.4277237654 -0.0856978968 0.9962807298 -0.0089770164 -0.4268626869 -0.0285734981 0.9038649201
213.7 -537.1 2370.1 0.8991493583 -0.0931169167 0.4276209772 0.1078184545 0.9941179156 -0.0102326469 -0.4241528511 0.0553061068 0.9039002061
13.5 164.2 2202.8 0 0 0 0 0 0 0 0 0
51.9 79.4 2161.8 0 0 0 0 0 0 0 0 0
54.4 -832.2 2383.1 0 0 0 0 0 0 0 0 0
240.9 -827.1 2354.0 0 0 0 0 0 0 0 0 0
183.8 457.0 2265.4  0.9308584332 0.0129688047 0.3651497662 -0.0969087854 0.9723414183 0.2125107646 -0.3522942364 -0.2332036644 0.9063690305
181.1 255.5 2313.8 0.9308584332 0.0129688047 0.3651497662 -0.0969087854 0.9723414183 0.2125107646 -0.3522942364 -0.2332036644 0.9063690305
175.4 60.4 2350.9 0.9309207797 0.0280868858 0.3641395271 -0.0939409584 0.9819064140 0.1644229591 -0.3529328108 -0.1872723699 0.9167156219
45.5 269.1 2365.2 0.6342397928 -0.7687321305 0.0824066699 0.6751063466 0.6026120186 0.4255468547 -0.3767907917 -0.2142654806 0.9011764526
-86.3 128.9 2443.5 -0.3815246820 -0.7687321305 -0.5133126378 -0.1631949842 0.6026120186 -0.7811697125 0.9098386168 -0.2142654806 -0.3553645909
316.7 241.8 2262.3 -0.1585994959 0.3207424581 0.9337936044 -0.9831385612 0.0358854719 -0.1793065071 -0.0910208374 -0.9464864135 0.3096428514
281.0 20.5 2241.8 -0.9223058820 0.3207424581 -0.2155832946 0.2392783165 0.0358854719 -0.9702876210 -0.3034761250 -0.9464864135 -0.1098440960
79.1 -124.6 2417.8 0.9938212037 0.0077306805 0.1107231900 -0.0124547631 0.9990383983 0.0420378149 -0.1102917343 -0.0431571044 0.9929618239
76.0 -521.6 2434.9 0.9918397069 0.0698364526 0.1066622511 -0.0512867793 0.9845049977 -0.1676888913 -0.1167203188 0.1608501375 0.9800528288
252.8 -142.1 2363.0 0.8744863272 0.0918692425 0.4762706459 -0.0868897811 0.9956869483 -0.0325216055 -0.4772042036 -0.0129433535 0.8786970973
216.3 -537.7 2368.1 0.8737412095 -0.0858701095 0.4787511528 0.0996631458 0.9950153828 -0.0034208184 -0.4760710001 0.0507027544 0.8779439926
13.6 171.6 2205.3 0 0 0 0 0 0 0 0 0
43.5 82.1 2163.7 0 0 0 0 0 0 0 0 0
54.0 -832.3 2384.2 0 0 0 0 0 0 0 0 0
241.2 -827.1 2353.4 0 0 0 0 0 0 0 0 0
182.5 459.3 2267.1  0.9462393522 0.0052708336 0.3234243095 -0.0776268840 0.9743482471 0.2112333179 -0.3140145242 -0.2249837071 0.9223758578
181.4 257.6 2313.7 0.9462393522 0.0052708336 0.3234243095 -0.0776268840 0.9743482471 0.2112333179 -0.3140145242 -0.2249837071 0.9223758578
177.5 62.2 2349.5 0.9462544322 0.0196148381 0.3228277564 -0.0764393806 0.9834439754 0.1643012762 -0.3142602742 -0.1801475734 0.9320876002
43.5 268.7 2359.5 0.6318162084 -0.7705401778 0.0841193497 0.6751758456 0.6004048586 0.4285459518 -0.3807175457 -0.2139669359 0.8995956182
-88.6 127.5 2439.1 -0.3953882456 -0.7705401778 -0.4999359548 -0.1869483590 0.6004048586 -0.7775373459 0.8992877603 -0.2139669359 -0.3814442456
319.3 246.5 2267.9 -0.1799193025 0.3120123148 0.9328866005 -0.9765866995 0.0570391566 -0.2074246854 -0.1179301217 -0.9483643174 0.2944446206
277.4 19.1 2240.4 -0.9239121675 0.3120123148 -0.2214377075 0.2508689165 0.0570391566 -0.9663391113 -0.2888790667 -0.9483643174 -0.1309733540
84.6 -126.1 2420.4 0.9973109961 0.0260065403 0.0685157850 -0.0286301058 0.9988829494 0.0375917591 -0.0674616173 -0.0394522883 0.9969415665
74.3 -523.0 2436.1 0.9962358475 0.0610558465 0.0615333505 -0.0496115722 0.9836987853 -0.1728450954 -0.0710834861 0.1691417098 0.9830250144
254.9 -143.2 2355.8 0.8924179077 0.0938189030 0.4413481951 -0.0991265476 0.9950131774 -0.0110768341 -0.4401865005 -0.0338641591 0.8972675800
217.6 -538.6 2369.3 0.8932939172 -0.0831562877 0.4417136908 0.0961979777 0.9953364134 -0.0071643256 -0.4390579760 0.0488918126 0.8971274495
13.8 176.0 2206.1 0 0 0 0 0 0 0 0 0
39.2 83.8 2165.9 0 0 0 0 0 0 0 0 0
55.1 -832.2 2382.9 0 0 0 0 0 0 0 0 0
241.7 -826.9 2355.1 0 0 0 0 0 0 0 0 0
179.8 459.8 2267.9  0.9435375929 -0.0054623294 0.3312203884 -0.0692825839 0.9744976759 0.2134341896 -0.3239393532 -0.2243309915 0.9190967679
181.0 258.2 2314.3 0.9435375929 -0.0054623294 0.3312203884 -0.0692825839 0.9744976759 0.2134341896 -0.3239393532 -0.2243309915 0.9190967679
179.0 62.7 2349.9 0.9435396194 0.0098206820 0.3311140835 -0.0683777779 0.9838079810 0.1656694114 -0.3241256773 -0.1789564937 0.9289333224
43.3 268.2 2361.6 0.6424898505 -0.7628195882 0.0728910342 0.6775165796 0.6099212170 0.4110564291 -0.3580196798 -0.2147146761 0.9086911082
-89.5 128.1 2435.7 -0.4046004415 -0.7628195882 -0.5043855309 -0.1912082285 0.6099212170 -0.7690484524 0.8942806721 -0.2147146761 -0.3926317692
318.6 248.2 2267.1 -0.0997798294 0.2952720821 0.9501885772 -0.9888255000 0.0768767968 -0.1277266592 -0.1107615754 -0.9523152709 0.2843018174
295.3 17.6 2241.2 -0.9339387417 0.2952720821 -0.2014268488 0.2333682179 0.0768767968 -0.9693447351 -0.2707354128 -0.9523152709 -0.1407053471
87.0 -126.2 2414.1 0.9963621497 0.0319897160 0.0789879411 -0.0364616551 0.9977738857 0.0558377504 -0.0770258680 -0.0585146509 0.9953105450
74.3 -522.6 2437.3 0.9956393242 0.0619599223 0.0697372183 -0.0492889211 0.9840981364 -0.1706499904 -0.0792017281 0.1664685607 0.9828608036
260.2 -140.2 2356.6 0.8862688541 0.1091333032 0.4501304626 -0.1150445789 0.9932574034 -0.0143003780 -0.4486560524 -0.0391110890 0.8928483129
216.8 -534.8 2372.1 0.8891223669 -0.0834668502 0.4499941170 0.1012457609 0.9947401285 -0.0155380815 -0.4463302791 0.0593752526 0.8928963542
14.8 177.4 2205.0 0 0 0 0 0 0 0 0 0
53.7 78.0 2171.2 0 0 0 0 0 0 0 0 0
54.6 -835.4 2384.4 0 0 0 0 0 0 0 0 0
241.3 -827.1 2354.6 0 0 0 0 0 0 0 0 0
176.7 457.9 2270.3  0.9369266033 -0.0121144354 0.3493162096 -0.0651469976 0.9758335352 0.2085778713 -0.3434012830 -0.2181790620 0.9134951830
179.2 256.1 2315.5 0.9369266033 -0.0121144354 0.3493162096 -0.0651469976 0.9758335352 0.2085778713 -0.3434012830 -0.2181790620 0.9134951830
178.7 60.5 2350.3 0.9369204044 0.0027618601 0.3495318294 -0.0638534129 0.9844946265 0.1633800566 -0.3436609805 -0.1753929108 0.9225695133
42.5 265.4 2365.6 0.6539912820 -0.7533906102 0.0685419738 0.6775953174 0.6236562729 0.3897658288 -0.3363925517 -0.2084597349 0.9183597565
-90.1 128.0 2433.8 -0.4101071954 -0.7533906102 -0.5140181780 -0.1978238523 0.6236562729 -0.7562530041 0.8903245330 -0.2084597349 -0.4048045576
316.0 246.8 2265.3 -0.1252723187 0.3217156231 0.9385126233 -0.9873149991 0.0525858328 -0.1498125196 -0.0975494906 -0.9453749657 0.3110471070
287.0 18.5 2242.7 -0.9231277704 0.3217156231 -0.2105567157 0.2394561619 0.0525858328 -0.9694820642 -0.3008252382 -0.9453749657 -0.1255802363
90.6 -126.5 2415.2 0.9941967726 0.0414482243 0.0992712453 -0.0470220521 0.9974070191 0.0544812791 -0.0967556760 -0.0588330515 0.9935678244
74.2 -522.8 2438.5 0.9943532944 0.0607337542 0.0870224088 -0.0445397645 0.9831614494 -0.1772281528 -0.0963208079 0.1723514497 0.9803149104
263.5 -139.0 2355.8 0.8751093745 0.1209498346 0.4685666859 -0.1292302758 0.9915074110 -0.0145807145 -0.4663508832 -0.0477932803 0.8833078146
215.4 -533.0 2374.8 0.8794810772 -0.0876175016 0.4677993059 0.1100585163 0.9937075377 -0.0207956992 -0.4630336165 0.0697747245 0.8835900426
15.1 178.8 2205.3 0 0 0 0 0 0 0 0 0
47.4 80.7 2164.6 0 0 0 0 0 0 0 0 0
54.8 -835.8 2383.7 0 0 0 0 0 0 0 0 0
241.5 -828.5 2354.0 0 0 0 0 0 0 0 0 0
174.3 458.1 2262.6  0.9649167061 -0.0205224883 0.2617528141 -0.0427969061 0.9713134766 0.2339199930 -0.2590446770 -0.2369155288 0.9363583326
178.6 257.2 2311.6 0.9649167061 -0.0205224883 0.2617528141 -0.0427969061 0.9713134766 0.2339199930 -0.2590446770 -0.2369155288 0.9363583326
179.9 62.2 2349.5 0.9649205804 -0.0073798108 0.2624381781 -0.0430673920 0.9816146493 0.1859513819 -0.2589854300 -0.1907308549 0.9468623400
38.2 263.3 2349.2 0.6288482547 -0.7710367441 0.1002607718 0.6561964750 0.5954571962 0.4635050893 -0.4170804620 -0.2256835848 0.8804037571
-91.4 128.1 2435.2 -0.4141181111 -0.7710367441 -0.4837442636 -0.1996449828 0.5954571962 -0.7781854868 0.8880586028 -0.2256835848 -0.4005232155
318.9 251.1 2273.9 -0.1621164829 0.3337260783 0.9286254048 -0.9781453609 0.0698140711 -0.1958510578 -0.1301917285 -0.9400812984 0.3151146173
280.3 18.4 2242.9 -0.9184457064 0.3337260783 -0.2123307586 0.2487059981 0.0698140711 -0.9660596848 -0.3075756431 -0.9400812984 -0.1471201181
92.3 -129.3 2416.6 0.9989941716 0.0439245775 0.0090143876 -0.0442990810 0.9979257584 0.0467090532 -0.0069440147 -0.0470614024 0.9988678694
74.8 -525.8 2435.3 0.9980766177 0.0619904287 -0.0004861316 -0.0612153523 0.9842992425 -0.1655527651 -0.0097841881 0.1652641147 0.9862008095
264.0 -141.0 2353.6 0.9138734937 0.1189424992 0.3881853819 -0.1302387714 0.9914786816 0.0028151732 -0.3845426738 -0.0531294979 0.9215770364
216.7 -535.0 2374.8 0.9195891023 -0.0858762786 0.3833811283 0.1073359177 0.9936103225 -0.0348931700 -0.3779349625 0.0732379407 0.9229308367
15.2 179.5 2206.6 0 0 0 0 0 0 0 0 0
41.5 83.0 2162.9 0 0 0 0 0 0 0 0 0
55.3 -834.8 2383.5 0 0 0 0 0 0 0 0 0
242.0 -827.5 2353.2 0 0 0 0 0 0 0 0 0
173.4 457.5 2257.7  0.9704977870 -0.0253504422 0.2397735417 -0.0351090021 0.9689996243 0.2445548326 -0.2385400385 -0.2457581460 0.9395219684
178.7 257.0 2308.5 0.9704977870 -0.0253504422 0.2397735417 -0.0351090021 0.9689996243 0.2445548326 -0.2385400385 -0.2457581460 0.9395219684
181.4 62.3 2348.1 0.9704898000 -0.0138978856 0.2407414019 -0.0347105227 0.9798901677 0.1964955330 -0.2386309952 -0.1990531534 0.9504909515
37.3 262.0 2343.3 0.6174821854 -0.7784184217 0.1130510494 0.6392858028 0.5803778172 0.5044553280 -0.4582896531 -0.2392202467 0.8560048342
-88.7 131.6 2436.8 -0.4065509140 -0.7784184217 -0.4783107042 -0.1757291257 0.5803778172 -0.7951608896 0.8965688348 -0.2392202467 -0.3727439344
320.1 252.0 2273.7 -0.1921479553 0.3308872283 0.9239008427 -0.9727848768 0.0600061640 -0.2238052934 -0.1294940561 -0.9417605400 0.3103520274
274.6 21.7 2243.1 -0.9203766584 0.3308872283 -0.2083757222 0.2408883572 0.0600061640 -0.9686960578 -0.3080253005 -0.9417605400 -0.1349351555
93.1 -129.0 2411.2 0.9987382293 0.0487222746 -0.0121699767 -0.0479714721 0.9972882867 0.0558103658 0.0148561839 -0.0551561341 0.9983671904
73.7 -525.3 2433.1 0.9981224537 0.0572770014 -0.0217011124 -0.0598334074 0.9875494838 -0.1454853714 0.0130979577 0.1465106606 0.9891223907
269.3 -136.7 2363.8 0.9214836359 0.1326357424 0.3650694489 -0.1358010769 0.9905882478 -0.0171171408 -0.3639038503 -0.0338036604 0.9308229089
216.6 -530.2 2377.3 0.9291086197 -0.0804104358 0.3609589040 0.1040855348 0.9934760332 -0.0466006882 -0.3548568189 0.0808677003 0.9314166903
16.3 177.0 2205.3 0 0 0 0 0 0 0 0 0
35.7 84.3 2163.1 0 0 0 0 0 0 0 0 0
55.5 -839.1 2386.5 0 0 0 0 0 0 0 0 0
240.5 -825.8 2353.2 0 0 0 0 0 0 0 0 0
171.2 455.8 2258.7  0.9533955455 -0.0295858439 0.3002691567 -0.0463914759 0.9689731598 0.2427732348 -0.2981354296 -0.2453888506 0.9224421978
177.4 255.0 2309.6 0.9533955455 -0.0295858439 0.3002691567 -0.0463914759 0.9689731598 0.2427732348 -0.2981354296 -0.2453888506 0.9224421978
180.5 60.2 2348.7 0.9533485770 -0.0159549490 0.3014496863 -0.0443804972 0.9803434014 0.1922423989 -0.2985914350 -0.1966525167 0.9339009523
38.6 261.5 2353.1 0.6271766424 -0.7706049085 0.1132145301 0.6424492598 0.5940057635 0.4841653407 -0.4403502941 -0.2309226096 0.8676211238
-86.2 133.7 2440.6 -0.3968760371 -0.7706049085 -0.4986556768 -0.1637663394 0.5940057635 -0.7876152396 0.9031444788 -0.2309226096 -0.3619457781
316.2 248.6 2266.1 -0.1894969195 0.3220307827 0.9275705218 -0.9768851995 0.0333445258 -0.2111480385 -0.0989255607 -0.9461417794 0.3082683980
272.4 22.6 2243.2 -0.9210347533 0.3220307827 -0.2190688699 0.2422862649 0.0333445258 -0.9696316123 -0.3049464822 -0.9461417794 -0.1087350994
95.2 -129.2 2409.6 0.9971294403 0.0557274409 0.0512570329 -0.0591040663 0.9960070848 0.0669074655 -0.0473237857 -0.0697448999 0.9964417219
73.1 -525.0 2437.3 0.9978992343 0.0528410301 0.0374819934 -0.0463068411 0.9863939285 -0.1577425748 -0.0453072935 0.1556755304 0.9867686629
272.8 -135.5 2365.9 0.8958526254 0.1400254518 0.4217119217 -0.1428430676 0.9894273877 -0.0250851028 -0.4207659066 -0.0377660692 0.9063827991
217.2 -528.6 2380.9 0.9047448635 -0.0818478465 0.4180164039 0.1129772291 0.9923272729 -0.0502270088 -0.4106980860 0.0926689580 0.9070498943
15.9 175.8 2208.3 0 0 0 0 0 0 0 0 0
33.9 85.3 2164.2 0 0 0 0 0 0 0 0 0
56.4 -836.7 2388.1 0 0 0 0 0 0 0 0 0
241.8 -827.0 2353.0 0 0 0 0 0 0 0 0 0
169.6 454.2 2256.2  0.9438031912 -0.0345198326 0.3287003934 -0.0518076532 0.9667845368 0.2502870858 -0.3264223337 -0.2532509565 0.9106659293
176.8 253.4 2308.8 0.9438031912 -0.0345198326 0.3287003934 -0.0518076532 0.9667845368 0.2502870858 -0.3264223337 -0.2532509565 0.9106659293
180.5 58.8 2348.9 0.9437386990 -0.0184983965 0.3301742673 -0.0494416580 0.9793192744 0.1961868256 -0.3269751668 -0.2014734745 0.9233069420
39.2 260.6 2356.5 0.6412184238 -0.7613760829 0.0956313238 0.6532210708 0.6069837213 0.4526290298 -0.4026675820 -0.2277656794 0.8865560293
-88.8 130.2 2436.9 -0.4077885747 -0.7613760829 -0.5039989352 -0.1752600968 0.6069837213 -0.7751481533 0.8960984349 -0.2277656794 -0.3809598684
314.4 246.2 2261.1 -0.1901666969 0.3185035884 0.9286506772 -0.9788259864 0.0114628356 -0.2043729275 -0.0757384822 -0.9478523135 0.3095797598
270.8 22.1 2243.8 -0.9198966622 0.3185035884 -0.2287916243 0.2450813353 0.0114628356 -0.9694347382 -0.3061458468 -0.9478523135 -0.0886039138
96.4 -130.5 2415.0 0.9952319860 0.0549194105 0.0806047395 -0.0594737493 0.9967007041 0.0552320257 -0.0773054883 -0.0597625449 0.9952147007
74.6 -526.6 2438.8 0.9959631562 0.0607928783 0.0660429373 -0.0486250147 0.9838373065 -0.1723360866 -0.0754523128 0.1684290618 0.9828217626
270.7 -138.6 2360.4 0.8835613132 0.1327681392 0.4491013288 -0.1388457119 0.9901211262 -0.0195453502 -0.4472597241 -0.0450862758 0.8932670355
218.0 -532.0 2378.3 0.8918387294 -0.0794072971 0.4453293085 0.1115707010 0.9926711321 -0.0464324653 -0.4383784533 0.0910959691 0.8941621184
15.9 175.2 2206.9 0 0 0 0 0 0 0 0 0
33.1 85.4 2164.7 0 0 0 0 0 0 0 0 0
55.5 -835.2 2386.0 0 0 0 0 0 0 0 0 0
241.7 -828.4 2351.1 0 0 0 0 0 0 0 0 0
167.4 452.1 2255.5  0.9481480122 -0.0429835841 0.3149092197 -0.0406800322 0.9662508965 0.2543705106 -0.3152150512 -0.2539913952 0.9144002795
176.3 252.1 2308.1 0.9481480122 -0.0429835841 0.3149092197 -0.0406800322 0.9662508965 0.2543705106 -0.3152150512 -0.2539913952 0.9144002795
181.7 57.6 2348.4 0.9480955601 -0.0270450972 0.3168333471 -0.0392238572 0.9788206816 0.2009266466 -0.3155571222 -0.2029250860 0.9269547462
38.0 257.8 2354.1 0.6369032860 -0.7636147738 0.1060500965 0.6494132876 0.6055348516 0.4599891007 -0.4154714942 -0.2240982354 0.8815687299
-88.5 128.9 2436.6 -0.4047163725 -0.7636147738 -0.5030875802 -0.1784583032 0.6055348516 -0.7755515575 0.8968597054 -0.2240982354 -0.3813432455
314.7 246.4 2262.0 -0.1943174154 0.3252711296 0.9254401326 -0.9780654311 0.0079106577 -0.2081477195 -0.0750252828 -0.9455876946 0.3165992796
269.9 21.0 2244.7 -0.9163264632 0.3252711296 -0.2335476875 0.2496063113 0.0079106577 -0.9683150649 -0.3131174445 -0.9455876946 -0.0884384736
97.8 -131.2 2418.8 0.9959037304 0.0601171106 0.0675405934 -0.0634458810 0.9968172312 0.0482704826 -0.0644237474 -0.0523579270 0.9965481758
73.9 -527.4 2439.6 0.9969387650 0.0581180081 0.0523012616 -0.0480219163 0.9830385447 -0.1770002097 -0.0617010593 0.1739467680 0.9828201532
270.5 -140.3 2359.0 0.8894472122 0.1319189221 0.4375854433 -0.1366595626 0.9903997183 -0.0207982175 -0.4361281693 -0.0413013138 0.8989362717
218.1 -533.9 2375.4 0.8966444135 -0.0805290863 0.4353663623 0.1072047055 0.9935477376 -0.0370148346 -0.4295764863 0.0798624679 0.8994920850
15.4 174.7 2206.5 0 0 0 0 0 0 0 0 0
33.9 85.3 2164.1 0 0 0 0 0 0 0 0 0
55.8 -832.2 2385.7 0 0 0 0 0 0 0 0 0
241.9 -828.1 2351.7 0 0 0 0 0 0 0 0 0
164.9 452.4 2255.6  0.9530285597 -0.0488157496 0.2989206910 -0.0307509825 0.9662317038 0.2558333874 -0.3013153374 -0.2530086339 0.9193452597
175.0 252.3 2308.0 0.9530285597 -0.0488157496 0.2989206910 -0.0307509825 0.9662317038 0.2558333874 -0.3013153374 -0.2530086339 0.9193452597
181.5 57.9 2348.2 0.9530071616 -0.0329198278 0.3011537492 -0.0302421842 0.9787749648 0.2026942074 -0.3014344275 -0.2022765875 0.9317840338
35.9 256.7 2352.0 0.6332479715 -0.7667796016 0.1050999239 0.6510394216 0.6011790037 0.4633912444 -0.4185028374 -0.2250173837 0.8798992038
-88.6 128.8 2434.3 -0.4026505053 -0.7667796016 -0.4999215901 -0.1774533838 0.6011790037 -0.7791624665 0.8979882598 -0.2250173837 -0.3781326711
314.1 247.9 2264.0 -0.1960147023 0.3254021108 0.9250360727 -0.9757636786 0.0288590956 -0.2169156820 -0.0972805247 -0.9451352358 0.3118587732
269.2 24.3 2241.7 -0.9193230867 0.3254021108 -0.2212657183 0.2435476333 0.0288590956 -0.9694594741 -0.3090786338 -0.9451352358 -0.1057817489
100.2 -133.3 2417.7 0.9964179993 0.0671649948 0.0513808727 -0.0689169019 0.9970725179 0.0331187136 -0.0490060374 -0.0365410931 0.9981298447
73.5 -529.5 2432.2 0.9974509478 0.0604210123 0.0379586369 -0.0539341383 0.9866998792 -0.1533444226 -0.0467190072 0.1509062648 0.9874435067
273.9 -140.5 2359.8 0.8946650028 0.1427129060 0.4233290851 -0.1458018124 0.9889910221 -0.0252711121 -0.4222751856 -0.0391129665 0.9056234360
217.2 -533.5 2375.4 0.9029271007 -0.0819115788 0.4219160080 0.1064651310 0.9937029481 -0.0349227600 -0.4163986146 0.0764520541 0.9059620500
15.0 174.4 2203.3 0 0 0 0 0 0 0 0 0
32.5 87.0 2162.1 0 0 0 0 0 0 0 0 0
54.9 -833.0 2385.8 0 0 0 0 0 0 0 0 0
241.5 -828.2 2352.7 0 0 0 0 0 0 0 0 0
162.9 450.7 2256.2  0.9551181197 -0.0474491790 0.2924002707 -0.0299036372 0.9666012526 0.2545344532 -0.2947119176 -0.2518543005 0.9217994809
172.7 250.8 2308.3 0.9551181197 -0.0474491790 0.2924002707 -0.0299036372 0.9666012526 0.2545344532 -0.2947119176 -0.2518543005 0.9217994809
179.4 56.4 2348.7 0.9550646544 -0.0335155316 0.2944965959 -0.0286182035 0.9785167575 0.2041712552 -0.2950127721 -0.2034247071 0.9335876107
33.2 255.0 2351.4 0.6214321852 -0.7767190337 0.1026140451 0.6527732015 0.5857354403 0.4804176092 -0.4332541823 -0.2315632552 0.8710162044
-87.7 128.0 2435.7 -0.4022960663 -0.7767190337 -0.4846291840 -0.1784766465 0.5857354403 -0.7906073928 0.8979442716 -0.2315632552 -0.3742652833
312.2 246.7 2265.2 -0.1699616313 0.3032962084 0.9376163483 -0.9779987931 0.0648740008 -0.1982669085 -0.1209605262 -0.9506854415 0.2855972350
274.3 28.4 2238.2 -0.9317507744 0.3032962084 -0.1996293515 0.2292018235 0.0648740008 -0.9712146521 -0.2816149592 -0.9506854415 -0.1299624443
100.7 -133.9 2416.1 0.9968290925 0.0655490234 0.0451125242 -0.0674337149 0.9968558550 0.0416061841 -0.0422434397 -0.0445163585 0.9981151223
74.7 -530.0 2433.8 0.9974759221 0.0641112253 0.0305202380 -0.0581810400 0.9843627810 -0.1662673205 -0.0407025889 0.1640719622 0.9856082797
275.4 -139.4 2360.8 0.8965699077 0.1488632560 0.4171355665 -0.1525552869 0.9879865050 -0.0246883910 -0.4157995284 -0.0415013656 0.9085088968
216.3 -532.0 2377.3 0.9061040878 -0.0852259547 0.4143814147 0.1128134802 0.9927062988 -0.0425125435 -0.4077358842 0.0852685943 0.9091098309
15.5 173.8 2205.3 0 0 0 0 0 0 0 0 0
31.8 88.0 2164.9 0 0 0 0 0 0 0 0 0
55.1 -831.4 2383.5 0 0 0 0 0 0 0 0 0
241.7 -828.4 2351.8 0 0 0 0 0 0 0 0 0
159.9 450.0 2255.5  0.9601571560 -0.0503568575 0.2748862207 -0.0237887446 0.9653335214 0.2599333525 -0.2784463167 -0.2561160624 0.9256739020
170.3 250.9 2308.3 0.9601571560 -0.0503568575 0.2748862207 -0.0237887446 0.9653335214 0.2599333525 -0.2784463167 -0.2561160624 0.9256739020
177.6 56.7 2349.7 0.9601250291 -0.0369761176 0.2771150470 -0.0230735969 0.9773529768 0.2103539854 -0.2786172926 -0.2083601654 0.9375278354
30.0 254.3 2349.0 0.6151049733 -0.7832145691 0.0906687379 0.6597017050 0.5742286444 0.4848248661 -0.4317865074 -0.2384038717 0.8698988557
-88.0 127.7 2431.8 -0.4032927155 -0.7832145691 -0.4732123315 -0.1773599833 0.5742286444 -0.7992527485 0.8977184296 -0.2384038717 -0.3704931438
310.5 247.6 2267.6 -0.1500111520 0.2532084286 0.9557102919 -0.9743165970 0.1263363063 -0.1864035428 -0.1679398566 -0.9591270089 0.2277533412
277.9 36.0 2231.1 -0.9529057145 0.2532084286 -0.1669017822 0.2036177665 0.1263363063 -0.9708650708 -0.2247454673 -0.9591270089 -0.1719443351
98.5 -135.4 2416.2 0.9978843331 0.0587449670 0.0278552268 -0.0600047521 0.9971012473 0.0467820466 -0.0250262711 -0.0483545177 0.9985166788
75.1 -531.7 2435.4 0.9977911115 0.0648968965 0.0141857872 -0.0614317469 0.9827027321 -0.1747038364 -0.0252781492 0.1734464914 0.9845188260
273.6 -140.7 2362.1 0.9047592282 0.1446851194 0.4005956948 -0.1466707736 0.9888466001 -0.0258855876 -0.3998729587 -0.0353354551 0.9158892035
216.1 -533.6 2376.1 0.9131000638 -0.0863656625 0.3984837234 0.1113924906 0.9929696918 -0.0400367863 -0.3922244310 0.0809456855 0.9163011312
15.1 173.0 2202.4 0 0 0 0 0 0 0 0 0
30.6 88.8 2172.8 0 0 0 0 0 0 0 0 0
55.1 -834.6 2381.9 0 0 0 0 0 0 0 0 0
241.7 -828.4 2352.1 0 0 0 0 0 0 0 0 0
158.4 453.4 2262.1  0.9383195639 -0.0487810187 0.3423110247 -0.0402927995 0.9678273797 0.2483680695 -0.3434136212 -0.2468412817 0.9061657786
168.5 254.0 2313.0 0.9383195639 -0.0487810187 0.3423110247 -0.0402927995 0.9678273797 0.2483680695 -0.3434136212 -0.2468412817 0.9061657786
175.2 59.3 2352.4 0.9381657243 -0.0344752483 0.3444656134 -0.0366945304 0.9795204997 0.1979726255 -0.3442362845 -0.1983711272 0.9176874757
31.8 259.3 2363.2 0.6067370772 -0.7936596274 0.0444360226 0.7072749138 0.5645226240 0.4255307019 -0.3628116548 -0.2267567515 0.9038523436
-83.9 124.5 2432.3 -0.3890298903 -0.7936596274 -0.4677180350 -0.1843865216 0.5645226240 -0.8045594096 0.9025837183 -0.2267567515 -0.3659563065
305.1 248.7 2262.8 -0.1209831610 0.2261152714 0.9665582776 -0.9797987938 0.1289992779 -0.1528183669 -0.1592398882 -0.9655211568 0.2059407383
279.2 38.6 2228.7 -0.9603800774 0.2261152714 -0.1629171669 0.1952982396 0.1289992779 -0.9722231030 -0.1988183111 -0.9655211568 -0.1680482477
96.9 -135.4 2416.7 0.9935675859 0.0569012910 0.0979062989 -0.0618790314 0.9969007969 0.0485776737 -0.0948387384 -0.0543235503 0.9940093160
74.3 -531.6 2438.3 0.9946767688 0.0624250360 0.0819828361 -0.0463901311 0.9817050695 -0.1846701801 -0.0920110121 0.1798839420 0.9793751836
273.0 -139.6 2365.6 0.8745164871 0.1493971199 0.4614124596 -0.1453530788 0.9883772135 -0.0445307642 -0.4627023339 -0.0281248372 0.8860674500
213.6 -532.4 2376.8 0.8802427649 -0.0983153954 0.4642270207 0.1241476387 0.9919404984 -0.0253260508 -0.4579956532 0.0799257606 0.8853541017
14.4 171.1 2204.2 0 0 0 0 0 0 0 0 0
29.7 89.3 2177.0 0 0 0 0 0 0 0 0 0
55.0 -835.5 2382.6 0 0 0 0 0 0 0 0 0
243.0 -829.0 2352.9 0 0 0 0 0 0 0 0 0
157.1 455.5 2271.4  0.9296702743 -0.0476737320 0.3652950227 -0.0388141274 0.9733962417 0.2258168608 -0.3663423359 -0.2241138220 0.9030870795
166.9 255.5 2317.5 0.9296702743 -0.0476737320 0.3652950227 -0.0388141274 0.9733962417 0.2258168608 -0.3663423359 -0.2241138220 0.9030870795
174.0 60.3 2353.7 0.9294559956 -0.0362180546 0.3671509624 -0.0338182822 0.9826160073 0.1825435609 -0.3673797846 -0.1820826083 0.9120734930
31.3 260.4 2371.1 0.6083440781 -0.7929064035 0.0348848514 0.7034712434 0.5590351224 0.4388712347 -0.3674856722 -0.2424442172 0.8978725672
-84.0 127.0 2440.7 -0.3797715902 -0.7929064035 -0.4765217602 -0.1422263235 0.5590351224 -0.8168545961 0.9140816331 -0.2424442172 -0.3250778019
302.5 250.6 2263.9 -0.0645112991 0.2660557628 0.9617965817 -0.9856292605 0.1337948591 -0.1031206846 -0.1561193019 -0.9546272755 0.2536010742
288.6 38.2 2230.2 -0.9517807961 0.2660557628 -0.1527338326 0.1933723092 0.1337948591 -0.9719598889 -0.2381605357 -0.9546272755 -0.1787912101
96.2 -132.0 2423.4 0.9913624525 0.0488901585 0.1216971427 -0.0524447300 0.9982807040 0.0261767562 -0.1202081218 -0.0323330276 0.9922220707
76.8 -528.6 2436.2 0.9916557670 0.0677400380 0.1096818373 -0.0483113341 0.9840884209 -0.1709852070 -0.1195191741 0.1642595828 0.9791495800
267.8 -138.6 2360.4 0.8633816242 0.1334782541 0.4865755141 -0.1351805478 0.9903106093 -0.0317988247 -0.4861053526 -0.0383210294 0.8730596304
214.8 -532.1 2375.6 0.8676033020 -0.0956012309 0.4879804552 0.1212565601 0.9923955202 -0.0211655274 -0.4822461605 0.0775341094 0.8725979328
11.2 162.7 2211.7 0 0 0 0 0 0 0 0 0
40.6 88.5 2168.2 0 0 0 0 0 0 0 0 0
55.6 -835.7 2385.0 0 0 0 0 0 0 0 0 0
243.3 -828.3 2352.5 0 0 0 0 0 0 0 0 0
155.2 454.8 2269.6  0.9420661330 -0.0533879697 0.3311512768 -0.0268202052 0.9721019864 0.2330202609 -0.3343532681 -0.2284020334 0.9143524170
166.2 254.4 2316.7 0.9420661330 -0.0533879697 0.3311512768 -0.0268202052 0.9721019864 0.2330202609 -0.3343532681 -0.2284020334 0.9143524170
173.8 59.3 2353.3 0.9420099258 -0.0387779921 0.3333370686 -0.0256285407 0.9820873737 0.1866750568 -0.3346050084 -0.1843926907 0.9241422415
28.8 258.1 2365.5 0.5948466659 -0.8029710054 0.0373498686 0.6799915433 0.5274342299 0.5093374252 -0.4286827445 -0.2775800526 0.8597559929
-84.0 129.3 2446.7 -0.3771027923 -0.8029710054 -0.4615528882 -0.0889280438 0.5274342299 -0.8449289203 0.9218922257 -0.2775800526 -0.2703035772
303.6 250.7 2267.9 -0.0266037248 0.2850650251 0.9581388831 -0.9870373011 0.1442618370 -0.0703268349 -0.1582705975 -0.9475898147 0.2775319219
297.8 36.7 2233.5 -0.9470018148 0.2850650251 -0.1480724066 0.1951115876 0.1442618370 -0.9701133966 -0.2551842034 -0.9475898147 -0.1922357231
96.0 -131.9 2423.5 0.9949524403 0.0508154370 0.0865298808 -0.0531770028 0.9982668757 0.0252077337 -0.0850989744 -0.0296818949 0.9959303141
75.8 -528.6 2435.3 0.9951316118 0.0634749308 0.0753921047 -0.0504548810 0.9852465391 -0.1635344774 -0.0846601501 0.1589344293 0.9836526513
266.2 -138.0 2356.2 0.8803111315 0.1275400668 0.4569309056 -0.1335248351 0.9908570051 -0.0193258263 -0.4552179873 -0.0439988859 0.8892922401
215.6 -531.8 2373.7 0.8849775195 -0.0906429142 0.4567260444 0.1125435159 0.9934266806 -0.0209127218 -0.4518282712 0.0699088424 0.8893615603
10.2 151.5 2216.6 0 0 0 0 0 0 0 0 0
49.8 87.8 2166.7 0 0 0 0 0 0 0 0 0
56.1 -835.0 2385.9 0 0 0 0 0 0 0 0 0
242.5 -827.4 2352.9 0 0 0 0 0 0 0 0 0
154.4 460.2 2269.2  0.9531435966 -0.0556519255 0.2973552942 -0.0161563680 0.9721661806 0.2337347269 -0.3020865619 -0.2275869399 0.9257147908
165.9 259.5 2316.2 0.9531435966 -0.0556519255 0.2973552942 -0.0161563680 0.9721661806 0.2337347269 -0.3020865619 -0.2275869399 0.9257147908
174.0 64.3 2352.8 0.9531821012 -0.0409156084 0.2996161580 -0.0169352759 0.9820263386 0.1879825294 -0.3019223809 -0.1842556596 0.9353569746
26.9 261.9 2360.2 0.5593512058 -0.8280221224 0.0388018936 0.6685836911 0.4783281088 0.5693839788 -0.4900225401 -0.2925432920 0.8211554885
-81.7 132.1 2455.4 -0.3600373566 -0.8280221224 -0.4298284054 -0.0536143072 0.4783281088 -0.8765430450 0.9313960671 -0.2925432920 -0.2166098207
305.0 257.0 2272.1 -0.0068452205 0.3043397367 0.9525389671 -0.9875802994 0.1474656016 -0.0542128459 -0.1569658518 -0.9410797954 0.2995505035
303.5 36.7 2237.1 -0.9421070814 0.3043397367 -0.1407537460 0.1925791204 0.1474656016 -0.9701377153 -0.2744951248 -0.9410797954 -0.1975378692
95.2 -133.5 2420.6 0.9972769618 0.0517115407 0.0525796190 -0.0537838601 0.9977988005 0.0387924053 -0.0504578650 -0.0415147059 0.9978629947
74.7 -530.0 2437.1 0.9972370267 0.0620220453 0.0408842787 -0.0544204041 0.9845852256 -0.1662239432 -0.0505636036 0.1635397226 0.9852401018
267.8 -138.2 2359.3 0.8961576819 0.1305291653 0.4241031706 -0.1288173795 0.9911242127 -0.0328456052 -0.4246262610 -0.0251970198 0.9050180316
215.9 -532.0 2369.4 0.9005238414 -0.0874533355 0.4259210527 0.1054057777 0.9942532182 -0.0187115613 -0.4218370020 0.0617447458 0.9045668244
9.6 145.7 2219.0 0 0 0 0 0 0 0 0 0
54.8 87.5 2164.7 0 0 0 0 0 0 0 0 0
55.4 -836.5 2386.2 0 0 0 0 0 0 0 0 0
241.9 -827.9 2351.0 0 0 0 0 0 0 0 0 0
153.8 461.2 2270.0  0.9394364357 -0.0588533469 0.3376321793 -0.0234335028 0.9718095064 0.2346000671 -0.3419211507 -0.2283037454 0.9115740657
166.0 260.3 2317.1 0.9394364357 -0.0588533469 0.3376321793 -0.0234335028 0.9718095064 0.2346000671 -0.3419211507 -0.2283037454 0.9115740657
174.4 65.1 2353.3 0.9393905997 -0.0426823348 0.3401815593 -0.0225516707 0.9823791385 0.1855334640 -0.3421062827 -0.1819600463 0.9218751788
28.9 263.6 2367.1 0.5490884781 -0.8302970529 0.0954390988 0.6507549286 0.4963965714 0.5745506287 -0.5244233608 -0.2533716559 0.8128855824
-73.6 142.1 2465.0 -0.2899066508 -0.8302970529 -0.4759841263 0.0035863125 0.4963965714 -0.8680884838 0.9570481777 -0.2533716559 -0.1409309655
303.0 257.1 2267.2 0.0043777018 0.2879423797 0.9576377273 -0.9897584319 0.1378909647 -0.0369364992 -0.1426851749 -0.9476683140 0.2855970562
303.9 39.8 2235.9 -0.9451713562 0.2879423797 -0.1540787071 0.2001367211 0.1378909647 -0.9700161815 -0.2580626905 -0.9476683140 -0.1879584342
94.8 -129.3 2417.1 0.9942497015 0.0485909022 0.0954275057 -0.0529652610 0.9976329803 0.0438532643 -0.0930707604 -0.0486554392 0.9944699407
75.5 -525.7 2436.4 0.9948343039 0.0570741519 0.0839481726 -0.0436275415 0.9870935678 -0.1540873945 -0.0916591063 0.1496289670 0.9844845533
269.5 -132.3 2361.8 0.8773416877 0.1279339492 0.4624980986 -0.1278712749 0.9912860394 -0.0316376165 -0.4625154436 -0.0313832201 0.8860556483
218.6 -526.3 2374.3 0.8833826184 -0.0737944692 0.4628061652 0.0984137878 0.9947159290 -0.0292401016 -0.4582028985 0.0713767037 0.8859771490
0.4 141.2 2220.8 0 0 0 0 0 0 0 0 0
52.9 92.9 2167.4 0 0 0 0 0 0 0 0 0
57.5 -838.4 2389.0 0 0 0 0 0 0 0 0 0
240.9 -826.7 2352.7 0 0 0 0 0 0 0 0 0
151.9 463.0 2268.9  0.9507853389 -0.0639173910 0.3031861186 -0.0098299822 0.9717772007 0.2356957048 -0.3096944094 -0.2270763367 0.9233232141
165.1 262.0 2315.8 0.9507853389 -0.0639173910 0.3031861186 -0.0098299822 0.9717772007 0.2356957048 -0.3096944094 -0.2270763367 0.9233232141
174.6 66.8 2351.8 0.9508307576 -0.0478709787 0.3059889972 -0.0106237791 0.9823596478 0.1866993159 -0.3095287383 -0.1807702035 0.9335491657
26.4 263.6 2361.0 0.5678876042 -0.8175651431 0.0953463539 0.6289590001 0.5057404637 0.5904550552 -0.5309559703 -0.2753431797 0.8014186621
-85.1 140.1 2465.2 -0.3153295517 -0.8175651431 -0.4818241596 0.0068937019 0.5057404637 -0.8626581430 0.9489572048 -0.2753431797 -0.1538388580
303.8 260.5 2270.7 -0.0062299902 0.2898094654 0.9570640922 -0.9877101183 0.1476895809 -0.0511515029 -0.1561725885 -0.9456205964 0.2853276432
302.4 39.9 2235.8 -0.9433372021 0.2898094654 -0.1616334468 0.2109369785 0.1476895809 -0.9662780762 -0.2561649680 -0.9456205964 -0.2004526109
96.9 -128.0 2420.8 0.9968691468 0.0509204380 0.0604895614 -0.0534288883 0.9977459311 0.0406012610 -0.0582857765 -0.0437060334 0.9973427653
76.6 -524.5 2438.2 0.9969187975 0.0610778295 0.0492176116 -0.0526324660 0.9860944748 -0.1576308757 -0.0581609681 0.1545547396 0.9862708449
268.9 -132.1 2358.1 0.8916168213 0.1299191266 0.4337516129 -0.1370793730 0.9904482365 -0.0148838256 -0.4315422177 -0.0461877324 0.9009095430
217.3 -525.7 2376.5 0.8989275694 -0.0773891434 0.4312078357 0.1017498076 0.9942398071 -0.0336782858 -0.4261176586 0.0741496533 0.9016238451
-4.2 138.3 2222.0 0 0 0 0 0 0 0 0 0
50.1 96.3 2167.3 0 0 0 0 0 0 0 0 0
57.2 -837.8 2389.1 0 0 0 0 0 0 0 0 0
241.0 -830.9 2353.7 0 0 0 0 0 0 0 0 0
151.9 462.0 2269.8  0.9640754461 -0.0670706853 0.2570214272 0.0071225474 0.9737767577 0.2273942679 -0.2655329704 -0.2173945904 0.9392719865
165.7 261.0 2314.7 0.9640754461 -0.0670706853 0.2570214272 0.0071225474 0.9737767577 0.2273942679 -0.2655329704 -0.2173945904 0.9392719865
176.3 65.6 2349.3 0.9641945362 -0.0530657023 0.2598325014 0.0051828581 0.9833589792 0.1815991104 -0.2651453316 -0.1737501919 0.9484243989
25.1 260.3 2353.3 0.5611873865 -0.8192410469 0.1179525852 0.6041329503 0.5028435588 0.6182004213 -0.5657668710 -0.2756672204 0.7771199346
-90.6 135.6 2470.0 -0.3212427497 -0.8192410469 -0.4750233293 -0.0042197038 0.5028435588 -0.8643671274 0.9469874501 -0.2756672204 -0.1649918109
306.3 261.7 2276.0 -0.0202978700 0.2908695042 0.9565473795 -0.9831930399 0.1678176671 -0.0718937367 -0.1814372391 -0.9419299960 0.2825745344
301.8 41.0 2235.3 -0.9434446096 0.2908695042 -0.1590822935 0.2140024751 0.1678176671 -0.9623098373 -0.2532097697 -0.9419299960 -0.2205734700
97.1 -127.4 2416.1 0.9985401630 0.0518490672 0.0151397847 -0.0527090132 0.9965971112 0.0633718669 -0.0118024936 -0.0640773550 0.9978751540
76.5 -523.4 2441.5 0.9980493784 0.0623756945 0.0025865603 -0.0610077307 0.9832767248 -0.1715951115 -0.0132466685 0.1711025983 0.9851641655
271.2 -129.4 2359.4 0.9100470543 0.1293831915 0.3937947452 -0.1400974542 0.9901365042 -0.0015534824 -0.3901115358 -0.0537558943 0.9191970825
219.8 -522.8 2380.7 0.9199893475 -0.0676661134 0.3860580921 0.0966603905 0.9937312603 -0.0561692677 -0.3798372149 0.0889916569 0.9207628369
-7.9 136.7 2226.3 0 0 0 0 0 0 0 0 0
47.6 98.7 2167.1 0 0 0 0 0 0 0 0 0
56.6 -836.8 2387.0 0 0 0 0 0 0 0 0 0
240.7 -829.2 2353.3 0 0 0 0 0 0 0 0 0
151.5 460.3 2269.3  0.9580159783 -0.0725449175 0.2773853242 0.0067050518 0.9728648067 0.2312770188 -0.2866364121 -0.2197072059 0.9325064421
166.5 259.8 2314.6 0.9580159783 -0.0725449175 0.2773853242 0.0067050518 0.9728648067 0.2312770188 -0.2866364121 -0.2197072059 0.9325064421
177.8 64.4 2349.4 0.9581731558 -0.0567510687 0.2805057168 0.0043270756 0.9829022884 0.1840770543 -0.2861562967 -0.1751639247 0.9420362115
26.6 259.1 2356.3 0.5793774724 -0.8032478094 0.1382558048 0.5831534266 0.5270299911 0.6182001829 -0.5694329143 -0.2775469124 0.7737660408
-90.4 141.3 2471.4 -0.3156356215 -0.8032478094 -0.5051406622 0.0185471792 0.5270299911 -0.8496442437 0.9486991763 -0.2775469124 -0.1514514536
306.3 260.4 2272.8 -0.0127743343 0.3034578264 0.9527592063 -0.9846778512 0.1619082391 -0.0647707507 -0.1739147604 -0.9389883280 0.2967399359
303.4 40.6 2234.0 -0.9372661710 0.3034578264 -0.1715967208 0.2281906903 0.1619082391 -0.9600597620 -0.2635547221 -0.9389883280 -0.2209973782
98.6 -130.3 2408.1 0.9977235794 0.0560107864 0.0375566520 -0.0587912612 0.9952535629 0.0775492936 -0.0330347940 -0.0795807615 0.9962809086
76.3 -525.7 2439.7 0.9976169467 0.0652295947 0.0224849992 -0.0604193211 0.9832745790 -0.1718154550 -0.0333163813 0.1700474769 0.9848725200
275.1 -129.3 2359.5 0.9006890059 0.1420401484 0.4105897546 -0.1457094997 0.9890709519 -0.0225257501 -0.4093019664 -0.0395381339 0.9115418792
218.7 -522.3 2375.3 0.9101349711 -0.0707007125 0.4082349241 0.0945646018 0.9947722554 -0.0385450758 -0.4033756256 0.0736857951 0.9120627642
-8.5 136.5 2225.0 0 0 0 0 0 0 0 0 0
49.5 102.4 2162.6 0 0 0 0 0 0 0 0 0
55.6 -837.8 2385.7 0 0 0 0 0 0 0 0 0
240.6 -830.2 2352.4 0 0 0 0 0 0 0 0 0
150.4 457.7 2270.5  0.9444451928 -0.0678230301 0.3215948939 -0.0070586903 0.9740655422 0.2261560261 -0.3285930753 -0.2158620059 0.9194727540
164.3 257.2 2315.0 0.9444451928 -0.0678230301 0.3215948939 -0.0070586903 0.9740655422 0.2261560261 -0.3285930753 -0.2158620059 0.9194727540
174.5 61.8 2349.5 0.9445607662 -0.0510498956 0.3243436813 -0.0089619067 0.9834623933 0.1808905751 -0.3282142580 -0.1737688780 0.9284825325
26.6 258.5 2362.8 0.5894801617 -0.8007053733 0.1066960990 0.6052527428 0.5252881050 0.5981149673 -0.5349600911 -0.2879987955 0.7942760587
-90.1 138.7 2468.7 -0.3179592788 -0.8007053733 -0.5077133179 0.0347947516 0.5252881050 -0.8502127528 0.9474656582 -0.2879987955 -0.1391598880
302.1 255.9 2267.1 0.0143899610 0.2983385324 0.9543516636 -0.9881484509 0.1501222700 -0.0320299529 -0.1528252065 -0.9425802231 0.2969630063
305.3 40.0 2233.7 -0.9364846349 0.2983385324 -0.1843655854 0.2367983758 0.1501222700 -0.9598905444 -0.2586949468 -0.9425802231 -0.2112332731
101.3 -131.3 2410.4 0.9946439862 0.0627490953 0.0821334198 -0.0686022714 0.9951502681 0.0704957917 -0.0773115531 -0.0757527575 0.9941249490
