-12.5 460.3 2145.4 1 0.9484723806 -0.2987439632 0.1056038067 0.2978260219 0.9542998075 0.0247296691 -0.1081655324 0.0079961549 0.9941007495
62.9 219.5 2143.4 0.9484723806 -0.2987439632 0.1056038067 0.2978260219 0.9542998075 0.0247296691 -0.1081655324 0.0079961549 0.9941007495
33.0 26.3 2154.8 0.9827747941 0.1525831074 0.1042695567 -0.1576771289 0.9865779877 0.0424472652 -0.0963933170 -0.0581570268 0.9936428666
-77.1 242.0 2157.1 0.7779263258 0.3957467973 -0.4880728424 -0.6042420268 0.2580312192 -0.7538643479 -0.1724013835 0.8813650608 0.4398561418
-275.9 396.4 2201.2 -0.7541440129 0.3957467973 -0.5240718126 -0.4563626051 0.2580312192 0.8515591621 0.4722287357 0.8813650608 -0.0139886653
202.9 197.0 2129.7 -0.3981453776 0.7569486499 0.5181785822 -0.1521301717 0.5025740862 -0.8510438800 -0.9046196342 -0.4176697731 -0.0849428251
104.7 159.5 1906.6 -0.3024106622 0.7569486499 -0.5792897344 0.8359991908 0.5025740862 0.2202830762 0.4578789771 -0.4176697731 -0.7847921848
-84.3 -153.7 2175.3 0.8803740144 0.0713788718 0.4688780904 -0.0431539305 0.9965648651 -0.0706837922 -0.4723127782 0.0419942401 0.8804301023
-112.3 -544.0 2158.9 0.8785219789 0.0649492368 0.4732660651 -0.0816728026 0.9965485930 0.0148463603 -0.4706683755 -0.0516958162 0.8807944059
93.8 -180.6 2160.9 0.9994535446 -0.0254074913 0.0211446378 0.0274523012 0.9943210483 -0.1028201655 -0.0184121560 0.1033444479 0.9944751859
103.7 -570.1 2120.4 0.9994997382 0.0282644574 0.0141924564 -0.0300425403 0.9887290001 0.1466710865 -0.0098869139 -0.1470240951 0.9890834689
-94.9 505.9 2087.8 0 0 0 0 0 0 0 0 0
20.8 391.7 2033.8 0 0 0 0 0 0 0 0 0
-136.7 -919.1 2178.3 0 0 0 0 0 0 0 0 0
93.1 -942.3 2175.8 0 0 0 0 0 0 0 0 0
-13.1 459.0 2148.8 2 0.9474897981 -0.2996042669 0.1118049473 0.3010028601 0.9536123872 0.0045541162 -0.1079830080 0.0293386299 0.9937197566
62.5 218.2 2141.4 0.9474897981 -0.2996042669 0.1118049473 0.3010028601 0.9536123872 0.0045541162 -0.1079830080 0.0293386299 0.9937197566
32.1 25.3 2155.0 0.9818924069 0.1554756016 0.1082344353 -0.1618305892 0.9854162335 0.0525898635 -0.0984795243 -0.0691532269 0.9927334189
-77.4 241.3 2155.5 0.7751496434 0.3908400238 -0.4963739216 -0.6089331508 0.2528292835 -0.7518495321 -0.1683550179 0.8850544691 0.4339759946
-277.4 398.4 2198.9 -0.7628247738 0.3908400238 -0.5151140094 -0.4491324425 0.2528292835 0.8569465876 0.4651648998 0.8850544691 -0.0173255317
202.4 195.2 2127.4 -0.3995541930 0.7579615712 0.5156071186 -0.1464174688 0.5024677515 -0.8521080017 -0.9049410820 -0.4159572423 -0.0897842795
104.5 159.3 1905.7 -0.3022624850 0.7579615712 -0.5780411959 0.8356339931 0.5024677515 0.2219053507 0.4586427808 -0.4159572423 -0.7852556109
-85.6 -152.6 2174.9 0.8789122105 0.0708063021 0.4716988504 -0.0440040603 0.9967398047 -0.0676273704 -0.4749494493 0.0386818610 0.8791624904
-113.4 -543.1 2159.7 0.8778712749 0.0565288216 0.4755486250 -0.0662344024 0.9977973700 0.0036609769 -0.4742942154 -0.0347115472 0.8796818256
92.0 -181.1 2157.5 0.9991969466 -0.0316622183 0.0245550927 0.0337243378 0.9954878092 -0.0886946246 -0.0216360260 0.0894515067 0.9957561493
104.4 -571.0 2122.4 0.9985660911 0.0506003462 0.0174740907 -0.0523272119 0.9914955497 0.1191570461 -0.0112960963 -0.1199005544 0.9927216172
-94.9 505.9 2087.6 0 0 0 0 0 0 0 0 0
20.6 391.3 2033.1 0 0 0 0 0 0 0 0 0
-134.7 -918.7 2172.8 0 0 0 0 0 0 0 0 0
85.3 -944.2 2167.6 0 0 0 0 0 0 0 0 0
-11.7 465.0 2149.1 3 0.9508514404 -0.2898915112 0.1088321060 0.2914161980 0.9565943480 0.0019758628 -0.1046809554 0.0298366863 0.9940581918
63.1 218.2 2141.4 0.9508514404 -0.2898915112 0.1088321060 0.2914161980 0.9565943480 0.0019758628 -0.1046809554 0.0298366863 0.9940581918
31.3 25.5 2155.4 0.9810677171 0.1625029594 0.1053513214 -0.1689109802 0.9840953946 0.0550035201 -0.0947375149 -0.0717571750 0.9929127693
-76.7 242.3 2154.9 0.7756541967 0.3916319907 -0.4949595630 -0.6073866487 0.2499693036 -0.7540535927 -0.1715868115 0.8855166435 0.4317617714
-278.9 400.6 2199.6 -0.7686076164 0.3916319907 -0.5058327317 -0.4401948750 0.2499693036 0.8624058366 0.4641883671 0.8855166435 -0.0197339021
202.9 194.1 2127.9 -0.3922440708 0.7598791718 0.5183899999 -0.1523177922 0.5021180511 -0.8512794971 -0.9071625471 -0.4128693342 -0.0812096894
107.5 157.1 1907.2 -0.3134150207 0.7598791718 -0.5695214272 0.8394105434 0.5021180511 0.2080082893 0.4440281391 -0.4128693342 -0.7952219248
-87.1 -153.1 2177.4 0.8814015985 0.0616968423 0.4683212340 -0.0334352888 0.9970954061 -0.0684310719 -0.4711829424 0.0446567982 0.8809043169
-111.3 -543.6 2159.9 0.8784227371 0.0785062686 0.4713918865 -0.0880449489 0.9961148500 -0.0018255987 -0.4697037637 -0.0399000272 0.8819219470
90.4 -182.3 2159.6 0.9993166327 -0.0304620452 0.0209374372 0.0323123150 0.9949903488 -0.0946053043 -0.0179506764 0.0952171907 0.9952946305
102.3 -572.1 2122.3 0.9998395443 0.0119887339 0.0133119086 -0.0137172863 0.9902754426 0.1384426504 -0.0115227038 -0.1386030316 0.9902809858
-94.8 506.1 2088.4 0 0 0 0 0 0 0 0 0
20.5 390.1 2030.5 0 0 0 0 0 0 0 0 0
-140.8 -918.7 2175.0 0 0 0 0 0 0 0 0 0
97.8 -944.6 2174.5 0 0 0 0 0 0 0 0 0
-12.1 467.2 2150.2 4 0.9515064359 -0.3000247478 0.0679751635 0.3000265658 0.9538738728 0.0104236323 -0.0679670870 0.0104762027 0.9976325631
65.5 220.6 2147.5 0.9515064359 -0.3000247478 0.0679751635 0.3000265658 0.9538738728 0.0104236323 -0.0679670870 0.0104762027 0.9976325631
33.3 27.7 2157.4 0.9841137528 0.1648591161 0.0658908561 -0.1677092463 0.9850115180 0.0403220057 -0.0582558066 -0.0507319458 0.9970117807
-74.7 244.6 2155.8 0.7847017646 0.3909813762 -0.4810163081 -0.5953809619 0.2594143748 -0.7604115009 -0.1725241989 0.8830842376 0.4363457859
-277.6 398.6 2200.4 -0.7617858052 0.3909813762 -0.5165422559 -0.4472557008 0.2594143748 0.8559594154 0.4686626792 0.8830842376 -0.0227495488
205.6 196.7 2139.2 -0.3888925314 0.7626636624 0.5168236494 -0.1492627561 0.5014119744 -0.8522362709 -0.9091112614 -0.4085708559 -0.0811580867
105.9 158.4 1905.9 -0.3057923317 0.7626636624 -0.5699431300 0.8361532688 0.5014119744 0.2223370075 0.4553446472 -0.4085708559 -0.7910316586
-89.2 -152.0 2178.0 0.8995900154 0.0489774942 0.4339804053 -0.0231421329 0.9976416230 -0.0646193996 -0.4361217916 0.0480877385 0.8986018896
-108.4 -542.7 2159.2 0.8936908841 0.1044918597 0.4363463223 -0.1187704578 0.9929065704 0.0054851323 -0.4326779842 -0.0567270666 0.8997620940
88.2 -182.5 2160.9 0.9991037250 -0.0379943959 -0.0186596252 0.0358368941 0.9938458800 -0.1048143730 0.0225271508 0.1040517241 0.9943167567
103.0 -571.8 2120.2 0.9994532466 0.0181380715 -0.0276440214 -0.0138106700 0.9886822701 0.1493874788 0.0300407540 -0.1489240229 0.9883922338
-95.0 505.8 2088.0 0 0 0 0 0 0 0 0 0
21.0 390.5 2032.3 0 0 0 0 0 0 0 0 0
-147.7 -916.5 2180.5 0 0 0 0 0 0 0 0 0
96.2 -943.9 2176.2 0 0 0 0 0 0 0 0 0
-12.8 466.1 2151.2 5 0.9501852989 -0.2982870340 0.0904034600 0.2998654246 0.9539727569 -0.0040929527 -0.0850215629 0.0309979375 0.9958968163
63.9 220.9 2143.3 0.9501852989 -0.2982870340 0.0904034600 0.2998654246 0.9539727569 -0.0040929527 -0.0850215629 0.0309979375 0.9958968163
33.2 27.9 2155.1 0.9837819338 0.1570497602 0.0866517797 -0.1615378559 0.9857260585 0.0474311672 -0.0779658630 -0.0606594682 0.9951089025
-76.3 244.0 2154.4 0.7804719210 0.3937798440 -0.4855934978 -0.6012459397 0.2598560750 -0.7556309700 -0.1713678092 0.8817098737 0.4395689070
-277.1 398.7 2198.5 -0.7617383003 0.3937798440 -0.5144824982 -0.4446229637 0.2598560750 0.8571961522 0.4712379575 0.8817098737 -0.0228587631
204.0 197.9 2132.1 -0.3915632963 0.7585484385 0.5208478570 -0.1556232125 0.5032980442 -0.8499838114 -0.9068955779 -0.4138784707 -0.0790252909
106.1 159.0 1905.4 -0.3072235584 0.7585484385 -0.5746459365 0.8363649249 0.5032980442 0.2172205299 0.4539904594 -0.4138784707 -0.7890483141
-87.8 -150.0 2172.6 0.8894148469 0.0577898510 0.4534330666 -0.0379122719 0.9978843927 -0.0528145246 -0.4555259347 0.0297833439 0.8897241354
-110.4 -540.8 2160.9 0.8842840195 0.1022160649 0.4556244612 -0.1115186661 0.9937410951 -0.0065012476 -0.4534372687 -0.0450616851 0.8901483417
90.0 -180.3 2162.1 0.9993069768 -0.0370866284 0.0031938583 0.0372190475 0.9941062927 -0.1018205136 0.0006011449 0.1018688232 0.9947976470
104.5 -569.7 2122.2 0.9994859099 0.0316584073 -0.0050603366 -0.0308245867 0.9923155904 0.1198317632 0.0088151330 -0.1196141765 0.9927813411
-94.9 505.0 2085.8 0 0 0 0 0 0 0 0 0
20.8 391.2 2031.5 0 0 0 0 0 0 0 0 0
-148.9 -914.9 2177.9 0 0 0 0 0 0 0 0 0
92.6 -943.2 2167.2 0 0 0 0 0 0 0 0 0
-13.5 465.3 2149.8 6 0.9496017098 -0.2992000878 0.0934662595 0.3004704416 0.9537910223 0.0005040488 -0.0892980918 0.0276052020 0.9956223369
63.1 221.2 2142.7 0.9496017098 -0.2992000878 0.0934662595 0.3004704416 0.9537910223 0.0005040488 -0.0892980918 0.0276052020 0.9956223369
33.8 28.0 2156.0 0.9846910834 0.1497076750 0.0892812312 -0.1549382508 0.9864020348 0.0548195988 -0.0798602775 -0.0678134486 0.9944967031
-77.2 243.3 2154.1 0.7787296176 0.3970269263 -0.4857466519 -0.6011705995 0.2508733571 -0.7587202787 -0.1793714911 0.8828545809 0.4340434074
-276.1 396.8 2199.9 -0.7569727302 0.3970269263 -0.5190008879 -0.4544385076 0.2508733571 0.8547211289 0.4695507884 0.8828545809 -0.0094799632
203.4 199.1 2131.3 -0.3917646706 0.7578337193 0.5217360258 -0.1585773081 0.5029615164 -0.8496369720 -0.9062966704 -0.4155932367 -0.0768673345
106.3 159.8 1906.8 -0.3096304834 0.7578337193 -0.5742969513 0.8379212618 0.5029615164 0.2119377851 0.4494628608 -0.4155932367 -0.7907372117
-86.4 -150.5 2174.0 0.8879213929 0.0633285940 0.4556150138 -0.0412012078 0.9974458218 -0.0583462119 -0.4581462741 0.0330349617 0.8882627487
-111.2 -541.2 2161.1 0.8850828409 0.0798140317 0.4585390389 -0.0898599699 0.9959543943 0.0000924317 -0.4566766024 -0.0412861109 0.8886742592
91.3 -179.8 2159.9 0.9994105101 -0.0336629897 0.0067423689 0.0341364741 0.9952861071 -0.0907762200 -0.0036547871 0.0909528658 0.9958484769
104.5 -569.6 2124.3 0.9988382459 0.0481858253 0.0005128204 -0.0480301715 0.9946368933 0.0916000754 0.0039037548 -0.0915182903 0.9957957268
-94.7 505.7 2087.3 0 0 0 0 0 0 0 0 0
20.3 392.5 2031.6 0 0 0 0 0 0 0 0 0
-141.3 -916.1 2176.6 0 0 0 0 0 0 0 0 0
86.4 -943.9 2158.7 0 0 0 0 0 0 0 0 0
-10.7 467.9 2150.5 7 0.9539529681 -0.2826205790 0.1004952565 0.2849250138 0.9585069418 -0.0090681128 -0.0937625617 0.0372841656 0.9948962331
62.2 220.7 2140.9 0.9539529681 -0.2826205790 0.1004952565 0.2849250138 0.9585069418 -0.0090681128 -0.0937625617 0.0372841656 0.9948962331
34.6 27.3 2154.0 0.9853833318 0.1407880038 0.0959082618 -0.1463715732 0.9877614975 0.0538759455 -0.0871493965 -0.0671267062 0.9939310551
-78.2 241.6 2153.3 0.7735888958 0.3947697878 -0.4956985712 -0.6087614298 0.2457295209 -0.7543384433 -0.1759822667 0.8853099942 0.4304142594
-276.8 397.9 2198.5 -0.7616102099 0.3947697878 -0.5139130950 -0.4514459670 0.2457295209 0.8577957153 0.4649154544 0.8853099942 -0.0089328811
202.6 199.9 2128.5 -0.3770130873 0.7556186914 0.5356318951 -0.1799839437 0.5075133443 -0.8426362872 -0.9085521102 -0.4140900671 -0.0553399548
109.6 155.5 1904.4 -0.3164780438 0.7556186914 -0.5734823942 0.8363744617 0.5075133443 0.2071422487 0.4475705326 -0.4140900671 -0.7925969958
-84.5 -151.2 2176.4 0.8842965364 0.0664845407 0.4621682465 -0.0434992053 0.9972364902 -0.0602261499 -0.4648951590 0.0331538208 0.8847447634
-110.5 -541.8 2163.5 0.8802983165 0.0948945060 0.4648331702 -0.1008276716 0.9948297739 -0.0121450992 -0.4635823667 -0.0361767337 0.8853150010
93.5 -179.2 2162.0 0.9994846582 -0.0286615267 0.0144543573 0.0298189279 0.9957181215 -0.0875003412 -0.0118845720 0.0878862664 0.9960595965
104.7 -569.2 2127.6 0.9990479350 0.0425841734 0.0094748391 -0.0432050377 0.9958829284 0.0796904266 -0.0060422793 -0.0800239220 0.9967746139
-94.9 505.7 2087.5 0 0 0 0 0 0 0 0 0
21.7 387.7 2028.7 0 0 0 0 0 0 0 0 0
-146.3 -916.3 2177.1 0 0 0 0 0 0 0 0 0
88.7 -944.1 2157.7 0 0 0 0 0 0 0 0 0
-11.1 469.2 2149.4 8 0.9526853561 -0.2810231149 0.1158301532 0.2833695114 0.9590025544 -0.0039722994 -0.1099651083 0.0366070867 0.9932610989
62.0 219.9 2139.9 0.9526853561 -0.2810231149 0.1158301532 0.2833695114 0.9590025544 -0.0039722994 -0.1099651083 0.0366070867 0.9932610989
33.4 26.7 2153.3 0.9829187989 0.1461004317 0.1119164377 -0.1526643932 0.9868841171 0.0524722263 -0.1027823389 -0.0686615929 0.9923312664
-78.1 241.7 2154.5 0.7732805014 0.4004903436 -0.4915737510 -0.6082313061 0.2494853735 -0.7535328269 -0.1791421473 0.8816828132 0.4365129471
-276.9 398.1 2200.6 -0.7589378357 0.4004903436 -0.5134402514 -0.4488538206 0.2494853735 0.8580718637 0.4717453122 0.8816828132 -0.0095822625
202.0 198.2 2125.2 -0.3708116114 0.7552542686 0.5404532552 -0.1837534457 0.5107706785 -0.8398499489 -0.9103479981 -0.4107362628 -0.0506191254
111.5 153.3 1903.1 -0.3190338612 0.7552542686 -0.5725455284 0.8339008093 0.5107706785 0.2090998292 0.4503630102 -0.4107362628 -0.7927603126
-82.0 -152.9 2175.0 0.8768588901 0.0697655007 0.4756587744 -0.0446209982 0.9969539046 -0.0639674366 -0.4786726236 0.0348660462 0.8773009181
-109.3 -543.4 2161.4 0.8716511726 0.1024665833 0.4792962372 -0.1188231483 0.9929080606 0.0038231730 -0.4755053520 -0.0602839589 0.8776448369
96.1 -179.4 2159.3 0.9993013144 -0.0227789637 0.0296313930 0.0253671166 0.9956074953 -0.0901235491 -0.0274483152 0.0908122435 0.9954897165
105.0 -569.4 2123.7 0.9983378649 0.0522286296 0.0243653003 -0.0546915345 0.9918891788 0.1147376448 -0.0181750860 -0.1158795133 0.9930969477
-95.1 505.6 2087.6 0 0 0 0 0 0 0 0 0
22.9 384.9 2028.2 0 0 0 0 0 0 0 0 0
-147.9 -917.2 2184.1 0 0 0 0 0 0 0 0 0
85.4 -942.6 2167.3 0 0 0 0 0 0 0 0 0
-11.8 469.4 2149.3 9 0.9500029683 -0.2760562897 0.1459016353 0.2795304954 0.9601305723 -0.0034592825 -0.1391296536 0.0440702848 0.9892930388
60.0 219.9 2137.9 0.9500029683 -0.2760562897 0.1459016353 0.2795304954 0.9601305723 -0.0034592825 -0.1391296536 0.0440702848 0.9892930388
32.7 26.6 2153.5 0.9800741076 0.1394344866 0.1414666623 -0.1490474194 0.9870232940 0.0597484596 -0.1312998980 -0.0796431527 0.9881383181
-79.6 241.1 2156.6 0.7717704773 0.3899423182 -0.5023099780 -0.6144503355 0.2538568974 -0.7469990253 -0.1637716591 0.8851562738 0.4355194271
-277.5 398.7 2198.6 -0.7638725042 0.3899423182 -0.5142409801 -0.4476331174 0.2538568974 0.8574271202 0.4648907185 0.8851562738 -0.0193631966
199.6 198.6 2119.2 -0.3652280271 0.7527179122 0.5477446914 -0.1954064816 0.5132946372 -0.8356703520 -0.9101784229 -0.4122430980 -0.0403836146
112.4 152.0 1901.8 -0.3189697266 0.7527179122 -0.5759114623 0.8321216106 0.5132946372 0.2100052685 0.4536870122 -0.4122430980 -0.7900783420
-84.1 -152.8 2176.1 0.8623360395 0.0776631907 0.5003448725 -0.0430252552 0.9958320856 -0.0804190785 -0.5045050979 0.0478208065 0.8620834351
-114.5 -542.9 2157.3 0.8607947230 0.0540294945 0.5060763955 -0.0867634788 0.9953720570 0.0413101576 -0.5015023351 -0.0794685110 0.8614987731
93.6 -180.4 2157.5 0.9978431463 -0.0261529926 0.0602086559 0.0316684432 0.9952039123 -0.0925544500 -0.0574993156 0.0942615345 0.9938855767
103.8 -570.3 2120.6 0.9978703260 0.0382971764 0.0528026335 -0.0450447612 0.9900683165 0.1331753731 -0.0471779741 -0.1352702379 0.9896848798
-95.1 505.6 2087.6 0 0 0 0 0 0 0 0 0
23.8 383.0 2027.8 0 0 0 0 0 0 0 0 0
-134.8 -917.2 2187.2 0 0 0 0 0 0 0 0 0
89.4 -942.9 2171.5 0 0 0 0 0 0 0 0 0
-15.1 465.7 2149.8 0 0.9404561520 -0.2983061075 0.1629591733 0.3023304045 0.9532032013 0.0001095000 -0.1553658694 0.0491645336 0.9866328239
62.2 218.5 2137.1 0.9404561520 -0.2983061075 0.1629591733 0.3023304045 0.9532032013 0.0001095000 -0.1553658694 0.0491645336 0.9866328239
31.8 25.7 2152.7 0.9749365449 0.1556937993 0.1589282751 -0.1661780179 0.9845674634 0.0548799820 -0.1479311287 -0.0799148828 0.9857636690
-76.6 242.2 2158.1 0.7816870213 0.3793007135 -0.4950720966 -0.6037061810 0.2609429955 -0.7532911897 -0.1565382928 0.8877159953 0.4329619408
-276.8 396.8 2198.2 -0.7614837289 0.3793007135 -0.5256172419 -0.4569748342 0.2609429955 0.8503427505 0.4596917331 0.8877159953 -0.0253729634
201.1 194.8 2116.0 -0.3776656985 0.7511577606 0.5414153934 -0.1816790998 0.5132385492 -0.8387960792 -0.9079434872 -0.4151483476 -0.0573629253
112.6 152.3 1903.3 -0.3206432164 0.7511577606 -0.5770181417 0.8333987594 0.5132385492 0.2050186694 0.4501493275 -0.4151483476 -0.7905804515
-83.1 -153.2 2180.9 0.8550264835 0.0720585585 0.5135536194 -0.0322690010 0.9957728386 -0.0859951302 -0.5175793767 0.0569562502 0.8537374139
-111.3 -543.3 2158.6 0.8501989245 0.0930574611 0.5181719065 -0.1168395579 0.9930608869 0.0133645535 -0.5133326054 -0.0719055012 0.8551720381
94.0 -180.2 2157.2 0.9967059493 -0.0310223699 0.0749322623 0.0376483425 0.9953468442 -0.0886975601 -0.0718319789 0.0912264585 0.9932360649
106.1 -570.1 2121.4 0.9957591891 0.0643499568 0.0657473505 -0.0732525215 0.9869410396 0.1434621960 -0.0556569733 -0.1476699561 0.9874694347
-94.8 506.1 2088.3 0 0 0 0 0 0 0 0 0
23.6 383.7 2028.3 0 0 0 0 0 0 0 0 0
-146.3 -916.7 2185.6 0 0 0 0 0 0 0 0 0
81.9 -941.5 2177.0 0 0 0 0 0 0 0 0 0
-13.1 466.6 2143.5 1 0.9387007356 -0.2857048512 0.1929083318 0.2873517275 0.9576162696 0.0200008098 -0.1904464811 0.0366577692 0.9810129404
61.2 217.7 2134.0 0.9387007356 -0.2857048512 0.1929083318 0.2873517275 0.9576162696 0.0200008098 -0.1904464811 0.0366577692 0.9810129404
31.1 25.1 2152.4 0.9696807265 0.1537685245 0.1899328381 -0.1684750468 0.9836402535 0.0637809113 -0.1770180911 -0.0938460678 0.9797231555
-76.9 241.8 2159.2 0.7814480662 0.3807188272 -0.4943602383 -0.6038528681 0.2618739307 -0.7528504729 -0.1571642905 0.8868343830 0.4345390201
-275.9 395.6 2199.3 -0.7570577264 0.3807188272 -0.5309583545 -0.4624194503 0.2618739307 0.8471069932 0.4615537524 0.8868343830 -0.0222018789
199.3 193.7 2108.8 -0.3831531107 0.7487800121 0.5408532023 -0.1816501766 0.5130221248 -0.8389347792 -0.9056472182 -0.4196865261 -0.0605499968
113.1 152.8 1905.0 -0.3243965209 0.7487800121 -0.5780098438 0.8358139396 0.5130221248 0.1955080777 0.4429243803 -0.4196865261 -0.7922633290
-86.8 -152.1 2181.8 0.8398376107 0.0545871109 0.5400860906 -0.0137915602 0.9967556000 -0.0792972371 -0.5426624417 0.0591481738 0.8378657103
-108.2 -542.5 2158.6 0.8327679634 0.1092903465 0.5427275300 -0.1308876276 0.9913964868 0.0011957288 -0.5379275084 -0.0720320866 0.8399079442
89.4 -182.1 2155.0 0.9936802387 -0.0367588401 0.1060580760 0.0451499783 0.9959434271 -0.0778339207 -0.1027667671 0.0821305513 0.9913089871
103.8 -572.2 2122.9 0.9944222569 0.0434330292 0.0961139798 -0.0558621138 0.9898521900 0.1306599677 -0.0894636810 -0.1353003085 0.9867573380
-94.9 506.2 2088.9 0 0 0 0 0 0 0 0 0
23.0 384.9 2028.0 0 0 0 0 0 0 0 0 0
-149.3 -915.5 2185.7 0 0 0 0 0 0 0 0 0
87.4 -944.8 2173.8 0 0 0 0 0 0 0 0 0
-10.0 464.8 2140.4 2 0.9440879226 -0.2740589678 0.1832749397 0.2735571861 0.9614327550 0.0285213254 -0.1840230525 0.0232095402 0.9826478958
60.1 219.0 2134.5 0.9440879226 -0.2740589678 0.1832749397 0.2735571861 0.9614327550 0.0285213254 -0.1840230525 0.0232095402 0.9826478958
32.1 25.9 2151.7 0.9730004072 0.1431170702 0.1810737848 -0.1563980430 0.9857928157 0.0612545237 -0.1697346717 -0.0879202634 0.9815600514
-78.5 241.3 2158.7 0.7783983946 0.3737646043 -0.5043767691 -0.6094046235 0.2569682598 -0.7500621676 -0.1507378668 0.8912167549 0.4277975559
-276.6 396.4 2197.0 -0.7629171014 0.3737646043 -0.5275012255 -0.4612844884 0.2569682598 0.8492254615 0.4529614747 0.8912167549 -0.0236336719
198.7 196.7 2110.3 -0.3858852684 0.7492523193 0.5382504463 -0.1753232032 0.5132478476 -0.8401419520 -0.9057341218 -0.4185661674 -0.0666934624
110.9 156.8 1904.3 -0.3205112219 0.7492523193 -0.5795632005 0.8340659738 0.5132478476 0.2022636831 0.4490060806 -0.4185661674 -0.7894275784
-86.5 -152.3 2186.8 0.8439613581 0.0607094206 0.5329573750 -0.0099093234 0.9951696992 -0.0976683870 -0.5363124013 0.0771471038 0.8404863477
-110.3 -542.0 2156.6 0.8396666050 0.0851050764 0.5363926888 -0.1147536486 0.9931489825 0.0220599249 -0.5308404565 -0.0800760016 0.8436801434
88.6 -182.8 2154.8 0.9941830635 -0.0438743718 0.0983618200 0.0511731170 0.9960218072 -0.0729512051 -0.0947698280 0.0775603354 0.9924731851
105.8 -572.9 2124.4 0.9938466549 0.0664979517 0.0885825828 -0.0762751251 0.9907765985 0.1119990200 -0.0803178474 -0.1180664971 0.9897521734
-94.7 506.4 2089.0 0 0 0 0 0 0 0 0 0
21.9 388.4 2028.9 0 0 0 0 0 0 0 0 0
-142.3 -915.8 2186.7 0 0 0 0 0 0 0 0 0
80.8 -945.8 2168.8 0 0 0 0 0 0 0 0 0
-7.9 461.3 2138.3 3 0.9473156333 -0.2725556195 0.1682454944 0.2707137167 0.9620507360 0.0342415981 -0.1711934507 0.0131087629 0.9851502180
60.6 219.3 2135.0 0.9473156333 -0.2725556195 0.1682454944 0.2707137167 0.9620507360 0.0342415981 -0.1711934507 0.0131087629 0.9851502180
31.7 26.4 2153.2 0.9749538898 0.1478888541 0.1661138684 -0.1608671248 0.9846632481 0.0675278381 -0.1535796076 -0.0925587863 0.9837917089
-78.3 242.2 2156.9 0.7803283930 0.3731778562 -0.5018225908 -0.6058581471 0.2522363067 -0.7545281649 -0.1549953222 0.8928130269 0.4229199886
-277.9 397.2 2196.6 -0.7670227885 0.3731778562 -0.5219332576 -0.4575022459 0.2522363067 0.8526831269 0.4498529732 0.8928130269 -0.0227412879
199.5 196.3 2113.2 -0.3872480392 0.7520193458 0.5333909392 -0.1590653509 0.5153605342 -0.8420817852 -0.9081504345 -0.4109385312 -0.0799521208
109.9 159.5 1903.1 -0.3187324703 0.7520193458 -0.5769545436 0.8300312757 0.5153605342 0.2131938040 0.4576654434 -0.4109385312 -0.7884616852
-83.8 -153.0 2184.3 0.8512527347 0.0718415678 0.5198149681 -0.0290212613 0.9955133796 -0.0900605395 -0.5239528418 0.0615785904 0.8495184183
-112.0 -542.8 2160.2 0.8481602669 0.0754356980 0.5243411660 -0.0930956975 0.9956300259 0.0073502176 -0.5214953423 -0.0550480708 0.8514765501
92.0 -181.3 2153.6 0.9959309697 -0.0345991477 0.0832130089 0.0411008932 0.9961265326 -0.0777345151 -0.0802011341 0.0808383450 0.9934952855
105.6 -571.4 2121.9 0.9947946072 0.0695067942 0.0745149553 -0.0784658715 0.9890540242 0.1249608546 -0.0650136918 -0.1301572621 0.9893595576
-94.7 506.4 2089.1 0 0 0 0 0 0 0 0 0
21.4 390.0 2030.2 0 0 0 0 0 0 0 0 0
-140.3 -917.5 2180.9 0 0 0 0 0 0 0 0 0
79.4 -943.8 2170.9 0 0 0 0 0 0 0 0 0
-6.4 457.6 2136.8 4 0.9492966533 -0.2694178522 0.1620180607 0.2661204636 0.9630183578 0.0421376750 -0.1673790067 0.0031151643 0.9858877063
60.4 218.7 2136.0 0.9492966533 -0.2694178522 0.1620180607 0.2661204636 0.9630183578 0.0421376750 -0.1673790067 0.0031151643 0.9858877063
30.6 25.9 2153.2 0.9751707315 0.1522923559 0.1607763767 -0.1640917957 0.9844450951 0.0627832040 -0.1487141252 -0.0876064301 0.9849919677
-78.5 242.1 2157.2 0.7835270762 0.3651342094 -0.5027546883 -0.6016752124 0.2438095361 -0.7606207132 -0.1551522613 0.8984619975 0.4107235968
-278.4 395.6 2196.8 -0.7684746385 0.3651342094 -0.5254747868 -0.4658102691 0.2438095361 0.8506336808 0.4387112558 0.8984619975 -0.0172781646
199.4 195.3 2114.8 -0.3851147592 0.7596637011 0.5240206718 -0.1478033215 0.5097165704 -0.8475512862 -0.9109559655 -0.4038565159 -0.0840185508
109.7 160.9 1902.6 -0.3150546253 0.7596637011 -0.5689038634 0.8317324519 0.5097165704 0.2200231403 0.4571233392 -0.4038565159 -0.7924255133
-85.4 -151.9 2185.2 0.8544124365 0.0734706447 0.5143747926 -0.0260472819 0.9947643280 -0.0988206491 -0.5189421177 0.0710355267 0.8518527150
-114.2 -541.5 2157.4 0.8529726863 0.0498861484 0.5195661187 -0.0779102966 0.9964392185 0.0322323628 -0.5161080956 -0.0679728761 0.8538220525
90.8 -181.0 2157.4 0.9961638451 -0.0408311225 0.0773974806 0.0474921316 0.9951389432 -0.0862729028 -0.0734986290 0.0896177217 0.9932606220
106.8 -570.7 2122.3 0.9945749044 0.0793388486 0.0672765747 -0.0870914310 0.9887685776 0.1214567125 -0.0568847284 -0.1266570091 0.9903141856
-95.1 506.8 2092.1 0 0 0 0 0 0 0 0 0
22.2 391.9 2029.5 0 0 0 0 0 0 0 0 0
-133.0 -916.5 2182.9 0 0 0 0 0 0 0 0 0
76.9 -943.1 2170.0 0 0 0 0 0 0 0 0 0
-5.3 459.7 2138.0 5 0.9510017037 -0.2643751204 0.1603172123 0.2614064217 0.9644110799 0.0397233926 -0.1651135683 0.0041309334 0.9862658978
60.8 218.3 2137.0 0.9510017037 -0.2643751204 0.1603172123 0.2614064217 0.9644110799 0.0397233926 -0.1651135683 0.0041309334 0.9862658978
30.1 25.5 2152.6 0.9746300578 0.1570109427 0.1595112979 -0.1674765050 0.9843767285 0.0543517135 -0.1484853923 -0.0796872079 0.9856987596
-78.1 242.2 2158.2 0.7851676941 0.3629109263 -0.5018041134 -0.6010024548 0.2511128783 -0.7587742805 -0.1493580043 0.8973505497 0.4152760506
-279.6 396.4 2196.5 -0.7710388303 0.3629109263 -0.5232540369 -0.4598390460 0.2511128783 0.8517572284 0.4405078292 0.8973505497 -0.0267371573
199.7 194.5 2115.8 -0.3822252452 0.7593801618 0.5265411735 -0.1413824260 0.5150403976 -0.8454255462 -0.9131894112 -0.3975866735 -0.0894984379
109.9 161.2 1901.2 -0.3147045672 0.7593801618 -0.5694758892 0.8255754709 0.5150403976 0.2305612862 0.4683867693 -0.3975866735 -0.7890111804
-87.3 -152.1 2183.8 0.8551443815 0.0679006428 0.5139237046 -0.0253871810 0.9956804514 -0.0893082619 -0.5177678466 0.0633243844 0.8531743288
-113.9 -542.0 2159.0 0.8536573052 0.0518399552 0.5182487965 -0.0718308911 0.9972440004 0.0185661390 -0.5158580542 -0.0530753955 0.8550283313
88.9 -181.7 2156.9 0.9961915016 -0.0441823080 0.0751689821 0.0507626198 0.9948253036 -0.0880098790 -0.0708915293 0.0914904699 0.9932793379
106.2 -571.4 2121.1 0.9956579208 0.0677536502 0.0638336614 -0.0755681023 0.9887295961 0.1292411983 -0.0543576628 -0.1335038096 0.9895564318
-95.1 506.5 2091.1 0 0 0 0 0 0 0 0 0
22.5 390.5 2031.3 0 0 0 0 0 0 0 0 0
-133.4 -917.5 2179.0 0 0 0 0 0 0 0 0 0
80.7 -943.7 2171.3 0 0 0 0 0 0 0 0 0
-3.8 457.5 2137.7 6 0.9512572885 -0.2625235021 0.1618361920 0.2592715919 0.9649218321 0.0412804261 -0.1669963598 0.0026912198 0.9859538674
61.4 217.7 2137.0 0.9512572885 -0.2625235021 0.1618361920 0.2592715919 0.9649218321 0.0412804261 -0.1669963598 0.0026912198 0.9859538674
29.6 25.0 2151.7 0.9734372497 0.1623346955 0.1614538878 -0.1721537262 0.9838647246 0.0487166010 -0.1509403884 -0.0752174482 0.9856771231
-77.3 242.2 2158.5 0.7900536060 0.3466816247 -0.5055958033 -0.5982890725 0.2562184036 -0.7592116594 -0.1336617619 0.9023103714 0.4098421037
-279.2 395.1 2192.7 -0.7729608417 0.3466816247 -0.5313599706 -0.4669093788 0.2562184036 0.8463733196 0.4295662642 0.9023103714 -0.0361779034
200.1 193.2 2115.5 -0.3808512092 0.7578322887 0.5297570825 -0.1382531822 0.5198223591 -0.8430129290 -0.9142419696 -0.3943030834 -0.0932022557
109.8 160.4 1898.6 -0.3078196645 0.7578322887 -0.5752714872 0.8177148700 0.5198223591 0.2472388595 0.4864045978 -0.3943030834 -0.7797023058
-88.8 -152.1 2181.6 0.8545823693 0.0577171631 0.5160984993 -0.0206972137 0.9968004227 -0.0772042945 -0.5189031959 0.0552956313 0.8530427217
-111.4 -542.5 2160.0 0.8512850404 0.0772211105 0.5189900398 -0.0895233229 0.9959838390 -0.0013509045 -0.5170099735 -0.0453117080 0.8547792435
87.4 -182.4 2154.8 0.9959977269 -0.0477874167 0.0755305290 0.0534364432 0.9957785010 -0.0746307075 -0.0716452673 0.0783680975 0.9943467379
106.1 -572.4 2124.1 0.9957486391 0.0667136237 0.0635135025 -0.0751226097 0.9871787429 0.1408356428 -0.0533035286 -0.1450082064 0.9879935980
-95.1 506.3 2090.3 0 0 0 0 0 0 0 0 0
24.3 387.4 2033.6 0 0 0 0 0 0 0 0 0
-140.5 -917.4 2177.0 0 0 0 0 0 0 0 0 0
81.0 -944.2 2178.7 0 0 0 0 0 0 0 0 0
-1.5 455.9 2132.0 7 0.9537523985 -0.2568072081 0.1562256068 0.2497545928 0.9662213326 0.0635527894 -0.1672693342 -0.0215955600 0.9856746793
61.9 217.5 2137.3 0.9537523985 -0.2568072081 0.1562256068 0.2497545928 0.9662213326 0.0635527894 -0.1672693342 -0.0215955600 0.9856746793
29.6 24.8 2151.5 0.9737447500 0.1647968739 0.1570449471 -0.1739268005 0.9836747646 0.0461892523 -0.1468693167 -0.0722908676 0.9865107536
-76.9 242.3 2158.2 0.7921838760 0.3373079002 -0.5085942149 -0.5959443450 0.2479741126 -0.7637795806 -0.1315106750 0.9081476927 0.3974578381
-278.9 394.3 2191.8 -0.7747968435 0.3373079002 -0.5347085595 -0.4748097658 0.2479741126 0.8444314599 0.4174273014 0.9081476927 -0.0319724791
200.7 192.7 2116.4 -0.3776621222 0.7675234079 0.5179566741 -0.1355013400 0.5075495839 -0.8509011865 -0.9159752727 -0.3915369809 -0.0876818076
110.3 160.3 1897.1 -0.2984076738 0.7675234079 -0.5673276186 0.8234847784 0.5075495839 0.2535078824 0.4825201333 -0.3915369809 -0.7835005522
-90.2 -152.1 2180.1 0.8569738269 0.0539416224 0.5125291348 -0.0201408472 0.9972529411 -0.0712803602 -0.5149661899 0.0507626347 0.8557061553
-111.3 -542.7 2160.2 0.8533300161 0.0831139162 0.5147038102 -0.0867902935 0.9960823059 -0.0169564299 -0.5140966177 -0.0302018616 0.8572003841
85.8 -183.2 2152.8 0.9963188171 -0.0487648845 0.0705041513 0.0537352636 0.9960697293 -0.0704104677 -0.0667934939 0.0739398301 0.9950233698
104.9 -573.4 2123.8 0.9973640442 0.0435292758 0.0580530129 -0.0518417098 0.9872681499 0.1503795832 -0.0507679768 -0.1529927552 0.9869223833
-95.3 506.8 2092.8 0 0 0 0 0 0 0 0 0
27.4 388.9 2031.1 0 0 0 0 0 0 0 0 0
-142.6 -917.8 2171.6 0 0 0 0 0 0 0 0 0
88.5 -945.1 2181.5 0 0 0 0 0 0 0 0 0
2.3 463.1 2140.6 8 0.9603794813 -0.2347201705 0.1502586007 0.2340978682 0.9719624519 0.0220713224 -0.1512263119 0.0139783723 0.9884003401
61.4 218.3 2137.1 0.9603794813 -0.2347201705 0.1502586007 0.2340978682 0.9719624519 0.0220713224 -0.1512263119 0.0139783723 0.9884003401
30.0 25.5 2150.7 0.9756308198 0.1607081145 0.1493900865 -0.1690764129 0.9845737219 0.0450309962 -0.1398487091 -0.0691919699 0.9877523780
-77.6 242.4 2157.0 0.7904137969 0.3468722701 -0.5049015880 -0.5960202217 0.2451672703 -0.7646259665 -0.1414421946 0.9053025246 0.4005264938
-278.0 393.5 2192.9 -0.7697015405 0.3468722701 -0.5359469652 -0.4771479964 0.2451672703 0.8439329267 0.4241335988 0.9053025246 -0.0231962204
200.5 194.2 2117.2 -0.3718978763 0.7754345536 0.5102873445 -0.1123210639 0.5080869794 -0.8539505601 -0.9214531779 -0.3748984337 -0.1018588394
112.6 167.7 1899.4 -0.3077688515 0.7754345536 -0.5513434410 0.8225584626 0.5080869794 0.2554312348 0.4782006443 -0.3748984337 -0.7942136526
-90.7 -152.1 2178.9 0.8608610034 0.0456663892 0.5067868829 -0.0162533838 0.9979242682 -0.0623135529 -0.5085805655 0.0454063043 0.8598163128
-108.6 -543.0 2161.1 0.8544724584 0.1064093933 0.5084818602 -0.1176942065 0.9929992557 -0.0100259036 -0.5059889555 -0.0512785129 0.8610143065
85.4 -183.6 2152.3 0.9966948628 -0.0507674031 0.0634189397 0.0553990863 0.9957519174 -0.0735466331 -0.0594157577 0.0768169090 0.9952732921
105.2 -573.6 2122.2 0.9974378347 0.0499482825 0.0512148701 -0.0566562302 0.9886391163 0.1392220855 -0.0436791219 -0.1417670250 0.9889358878
-95.2 506.8 2092.2 0 0 0 0 0 0 0 0 0
27.1 396.1 2032.2 0 0 0 0 0 0 0 0 0
-148.6 -916.7 2180.4 0 0 0 0 0 0 0 0 0
86.4 -945.9 2175.6 0 0 0 0 0 0 0 0 0
3.0 466.3 2140.4 9 0.9634644985 -0.2288675606 0.1391252577 0.2279344797 0.9734089971 0.0228209179 -0.1406487525 0.0097242994 0.9900118113
61.1 219.2 2138.0 0.9634644985 -0.2288675606 0.1391252577 0.2279344797 0.9734089971 0.0228209179 -0.1406487525 0.0097242994 0.9900118113
30.6 26.2 2151.0 0.9780873060 0.1556163579 0.1383068860 -0.1631319970 0.9855908155 0.0447069295 -0.1293568760 -0.0662895590 0.9893798828
-78.3 242.5 2156.4 0.7936598063 0.3261550665 -0.5135435462 -0.5931989551 0.2276010960 -0.7722128630 -0.1349780858 0.9175078273 0.3741126955
-280.4 393.5 2190.8 -0.7816758752 0.3261550665 -0.5316067338 -0.4808818400 0.2276010960 0.8467292190 0.3971593082 0.9175078273 -0.0210682359
200.5 196.0 2119.5 -0.3652345836 0.7801743150 0.5078698397 -0.1030204520 0.5083345175 -0.8549753428 -0.9251975417 -0.3645875156 -0.1052874327
114.1 171.6 1900.7 -0.3111612499 0.7801743150 -0.5426847339 0.8209464550 0.5083345175 0.2600825429 0.4787751138 -0.3645875156 -0.7986553311
-89.7 -152.1 2176.9 0.8661957979 0.0447642840 0.4976957142 -0.0166726001 0.9980139136 -0.0607472435 -0.4994265735 0.0443211235 0.8652217984
-107.2 -543.0 2159.5 0.8589285612 0.1125333384 0.4995778203 -0.1335417181 0.9910227656 0.0063647619 -0.4943767488 -0.0721813589 0.8662456274
86.7 -182.6 2151.6 0.9975158572 -0.0464405455 0.0529654771 0.0503201224 0.9959555864 -0.0744333491 -0.0492945388 0.0769136772 0.9958184361
104.9 -572.8 2121.4 0.9983812571 0.0394701958 0.0409510173 -0.0453776866 0.9868500233 0.1551382095 -0.0342891775 -0.1567453295 0.9870436192
-96.5 506.6 2097.4 0 0 0 0 0 0 0 0 0
27.7 399.5 2033.6 0 0 0 0 0 0 0 0 0
-149.6 -916.0 2186.7 0 0 0 0 0 0 0 0 0
90.0 -944.4 2180.5 0 0 0 0 0 0 0 0 0
3.3 466.1 2145.4 0 0.9685744643 -0.2282150090 0.0989011675 0.2290032208 0.9734194875 0.0034608778 -0.0970621482 0.0192965679 0.9950912595
61.1 219.2 2140.5 0.9685744643 -0.2282150090 0.0989011675 0.2290032208 0.9734194875 0.0034608778 -0.0970621482 0.0192965679 0.9950912595
31.3 25.9 2150.3 0.9834035635 0.1528944820 0.0976766571 -0.1569587588 0.9869729877 0.0353316329 -0.0910022035 -0.0500764623 0.9945908189
-78.9 241.6 2153.4 0.7893574238 0.3349210322 -0.5145316124 -0.5956249833 0.2146296352 -0.7740575075 -0.1488144100 0.9174758792 0.3689068556
-283.0 395.6 2191.9 -0.7909494638 0.3349210322 -0.5120808482 -0.4651411176 0.2146296352 0.8588235378 0.3975458145 0.9174758792 -0.0139756585
201.2 196.8 2127.5 -0.3358068168 0.7816166282 0.5256512761 -0.1285630018 0.5148015618 -0.8476148248 -0.9331159592 -0.3522141278 -0.0723869056
118.3 165.0 1897.2 -0.3281451762 0.7816166282 -0.5304679275 0.8195750117 0.5148015618 0.2515475154 0.4696994424 -0.3522141278 -0.8095231056
-88.3 -152.1 2175.7 0.8848772049 0.0549403578 0.4625731409 -0.0290279388 0.9975940585 -0.0629565641 -0.4649190605 0.0422812812 0.8843430281
-109.8 -542.9 2159.1 0.8795575500 0.0990760550 0.4653627276 -0.1174984649 0.9930158257 0.0106638763 -0.4610559940 -0.0640588999 0.8850558400
88.5 -181.6 2152.3 0.9990028143 -0.0428055823 0.0126911784 0.0437082015 0.9956413507 -0.0823885277 -0.0091091730 0.0828610808 0.9965194464
105.3 -571.6 2119.8 0.9988200665 0.0484856926 0.0027639186 -0.0483819619 0.9885262847 0.1430907249 0.0042056460 -0.1430556029 0.9897057414
-96.4 505.3 2098.1 0 0 0 0 0 0 0 0 0
27.2 392.6 2027.6 0 0 0 0 0 0 0 0 0
-147.1 -916.8 2183.2 0 0 0 0 0 0 0 0 0
87.0 -943.9 2173.7 0 0 0 0 0 0 0 0 0
8.0 464.6 2136.3 1 0.9736412168 -0.2137069255 0.0797002539 0.2110394388 0.9766336083 0.0406103954 -0.0865166709 -0.0227200575 0.9959912896
61.6 219.7 2142.0 0.9736412168 -0.2137069255 0.0797002539 0.2110394388 0.9766336083 0.0406103954 -0.0865166709 -0.0227200575 0.9959912896
31.1 26.4 2149.1 0.9845198393 0.1558474451 0.0802011043 -0.1581836343 0.9871273637 0.0236114152 -0.0754889250 -0.0359324105 0.9964990020
-78.7 242.2 2152.8 0.7930338979 0.3225684166 -0.5167657733 -0.5917382240 0.2063776404 -0.7792651057 -0.1447173953 0.9237737060 0.3545405269
-283.9 395.4 2190.2 -0.7934809923 0.3225684166 -0.5160790086 -0.4731487632 0.2063776404 0.8564686179 0.3827768862 0.9237737060 -0.0111339008
201.8 197.1 2131.3 -0.3225294352 0.7813227177 0.5343309641 -0.1369689852 0.5200333595 -0.8430923820 -0.9365971684 -0.3451088965 -0.0607090741
121.4 163.0 1897.8 -0.3411853313 0.7813227177 -0.5226159096 0.8188939691 0.5200333595 0.2428537607 0.4615248740 -0.3451088965 -0.8172482252
-87.4 -153.2 2168.3 0.8912826180 0.0649498105 0.4487725496 -0.0518725738 0.9977957606 -0.0413873829 -0.4504714310 0.0136088701 0.8926871419
-112.9 -543.9 2163.0 0.8890959024 0.0768223256 0.4512280822 -0.0877332091 0.9961386323 0.0032745101 -0.4492341578 -0.0424990393 0.8924026489
90.2 -181.6 2151.9 0.9992134571 -0.0392108783 -0.0059166844 0.0386768542 0.9965942502 -0.0728287175 0.0087522119 0.0725426003 0.9973269105
105.6 -572.0 2123.5 0.9988505840 0.0459768623 -0.0135511281 -0.0439162217 0.9911065698 0.1256150156 0.0192059968 -0.1248755231 0.9919865131
-97.0 506.8 2100.1 0 0 0 0 0 0 0 0 0
26.7 390.3 2025.9 0 0 0 0 0 0 0 0 0
-141.8 -918.8 2179.0 0 0 0 0 0 0 0 0 0
88.3 -945.2 2170.5 0 0 0 0 0 0 0 0 0
10.7 464.7 2136.3 2 0.9776819944 -0.2006884515 0.0621458367 0.1985671222 0.9793239236 0.0386751741 -0.0686225668 -0.0254718997 0.9973174930
60.9 220.0 2142.7 0.9776819944 -0.2006884515 0.0621458367 0.1985671222 0.9793239236 0.0386751741 -0.0686225668 -0.0254718997 0.9973174930
30.5 26.7 2150.9 0.9859436750 0.1550337374 0.0622869432 -0.1572621614 0.9870187640 0.0325977430 -0.0564246327 -0.0419349186 0.9975258112
-79.6 242.4 2150.7 0.7939455509 0.3221765757 -0.5156090856 -0.5886734724 0.1952861398 -0.7844277024 -0.1520329267 0.9263182878 0.3447033763
-286.7 396.0 2190.4 -0.8014110327 0.3221765757 -0.5039271712 -0.4645992517 0.1952861398 0.8637192249 0.3766801059 0.9263182878 -0.0068214680
201.3 197.6 2134.6 -0.3070420623 0.7878236175 0.5339093208 -0.1159742102 0.5258535743 -0.8426315784 -0.9446031451 -0.3206430376 -0.0700919554
124.5 168.5 1898.1 -0.3549083173 0.7878236175 -0.5033627748 0.8130859733 0.5258535743 0.2497381717 0.4614447355 -0.3206430376 -0.8271981478
-88.3 -152.6 2162.9 0.8991823196 0.0631489009 0.4329935610 -0.0561479293 0.9980026484 -0.0289508756 -0.4339569211 0.0017204240 0.9009319544
-113.0 -543.5 2162.2 0.8979613185 0.0701306984 0.4344503880 -0.0760661587 0.9970957637 -0.0037347297 -0.4334505796 -0.0296933278 0.9006879926
89.6 -181.3 2149.3 0.9989014268 -0.0406261683 -0.0233552177 0.0388485603 0.9966408610 -0.0720958635 0.0262057427 0.0711093396 0.9971242547
105.5 -571.7 2121.4 0.9985695481 0.0431796014 -0.0315343328 -0.0382264666 0.9888969660 0.1436018944 0.0373848788 -0.1421910226 0.9891330004
-96.5 506.2 2101.0 0 0 0 0 0 0 0 0 0
25.9 394.3 2026.2 0 0 0 0 0 0 0 0 0
-139.4 -918.9 2173.4 0 0 0 0 0 0 0 0 0
89.3 -944.0 2175.0 0 0 0 0 0 0 0 0 0
10.5 462.3 2139.3 3 0.9779426455 -0.1923148483 0.0815056562 0.1916425377 0.9813332558 0.0160668362 -0.0830741003 -0.0000924947 0.9965433478
57.9 220.2 2139.3 0.9779426455 -0.1923148483 0.0815056562 0.1916425377 0.9813332558 0.0160668362 -0.0830741003 -0.0000924947 0.9965433478
30.9 26.5 2149.6 0.9871334434 0.1379831135 0.0807972327 -0.1416665912 0.9890332818 0.0417580977 -0.0741492361 -0.0526670814 0.9958554506
-82.7 240.4 2149.9 0.8113078475 0.2932946384 -0.5057250857 -0.5584639907 0.1329607219 -0.8188036680 -0.1729091406 0.9467310905 0.2716665566
-304.0 392.7 2197.1 -0.8295283318 0.2932946384 -0.4752483964 -0.4568856657 0.1329607219 0.8795322180 0.3211514652 0.9467310905 0.0237074327
198.5 200.0 2128.7 -0.2857743204 0.7945943475 0.5356798172 -0.1193488762 0.5251280665 -0.8426128030 -0.9508358836 -0.3047298789 -0.0552341752
129.2 171.0 1898.0 -0.3595900238 0.7945943475 -0.4891981483 0.8114517927 0.5251280665 0.2564888299 0.4606962800 -0.3047298789 -0.8336058259
-88.9 -152.4 2164.2 0.8914232254 0.0584656335 0.4493844509 -0.0469874814 0.9982224107 -0.0366634242 -0.4507291913 0.0115671828 0.8925858140
-111.8 -543.3 2159.7 0.8886964321 0.0788194761 0.4516704082 -0.0939992145 0.9955089688 0.0112278219 -0.4487569630 -0.0524347872 0.8921142220
89.3 -180.8 2154.0 0.9994643331 -0.0326473825 -0.0022693195 0.0323454365 0.9960056543 -0.0832259879 0.0049773655 0.0831080079 0.9965280890
102.1 -571.0 2121.4 0.9997883439 0.0182009824 -0.0095938295 -0.0166285485 0.9894117713 0.1441799253 0.0121164639 -0.1439898759 0.9895049930
-123.1 492.4 2127.0 0 0 0 0 0 0 0 0 0
29.3 396.3 2025.9 0 0 0 0 0 0 0 0 0
-141.5 -918.1 2179.4 0 0 0 0 0 0 0 0 0
95.2 -943.4 2175.7 0 0 0 0 0 0 0 0 0
14.7 465.4 2138.3 4 0.9794365764 -0.1536251605 0.1307795644 0.1538816094 0.9880552292 0.0082036052 -0.1304777116 0.0120896595 0.9913775325
52.8 220.3 2135.3 0.9794365764 -0.1536251605 0.1307795644 0.1538816094 0.9880552292 0.0082036052 -0.1304777116 0.0120896595 0.9913775325
27.4 26.7 2149.8 0.9828498960 0.1305845082 0.1302068532 -0.1389496326 0.9886381030 0.0573380329 -0.1212399974 -0.0744468719 0.9898275137
-87.1 240.1 2152.5 0.8074122667 0.2706677020 -0.5242369771 -0.5684317350 0.1188922450 -0.8140945435 -0.1580213904 0.9553028941 0.2498511672
-309.5 396.8 2196.1 -0.8524073958 0.2706677020 -0.4473708570 -0.4315605164 0.1188922450 0.8942148089 0.2952239811 0.9553028941 0.0154648619
192.7 200.4 2118.0 -0.2497999966 0.8081584573 0.5333665013 -0.1195619628 0.5208706260 -0.8452211022 -0.9608875513 -0.2749065757 -0.0334884711
134.8 172.7 1895.4 -0.3629159629 0.8081584573 -0.4638662040 0.8080258965 0.5208706260 0.2752960622 0.4640971422 -0.2749065757 -0.8420452476
-85.3 -154.3 2166.6 0.8679414988 0.0719421208 0.4914283752 -0.0517333858 0.9971666932 -0.0546096526 -0.4939647317 0.0219747331 0.8692042232
