46.6 481.4 2082.7  0.9763669372 0.1865588874 -0.1091027185 -0.1887362450 0.9819779992 -0.0098907249 0.1052912697 0.0302486140 0.9939813018
-2.8 221.6 2074.7 0.9763669372 0.1865588874 -0.1091027185 -0.1887362450 0.9819779992 -0.0098907249 0.1052912697 0.0302486140 0.9939813018
32.7 32.2 2098.1 0.9770725369 -0.1829502136 -0.1088965759 0.1940509081 0.9756805897 0.1019392386 0.0875984728 -0.1207335144 0.9888123870
-136.2 195.0 2062.8 0.5994238853 -0.7954562902 0.0891087428 0.6815257668 0.4488218129 -0.5779979229 0.4197781384 0.4071956575 0.8111584187
-211.1 109.9 2010.3 -0.4710144103 -0.7989987135 -0.3738268614 -0.8815029263 0.4422462881 0.1654412448 0.0331361964 0.4074546695 -0.9126240611
130.7 248.1 2086.7 0.5225274563 0.2286979556 0.8213782907 0.7007557750 0.4335890412 -0.5665173531 -0.4857020080 0.8716064095 0.0663007572
269.4 434.1 1957.8 -0.8911212683 0.2286979556 0.3919185102 0.4536924958 0.4335890412 0.7785651088 0.0081246784 0.8716064095 -0.4901389778
-19.4 -176.2 2116.9 0.9683878422 0.1258922070 -0.2153511345 -0.1323647052 0.9910744429 -0.0158430673 0.2114344984 0.0438471250 0.9764081836
-68.3 -561.0 2099.8 0.9819646478 0.0441630110 -0.1838343590 -0.0077530309 0.9809240699 0.1942365766 0.1889056265 -0.1893081814 0.9635751843
155.5 -141.4 2133.2 0.9817450047 0.1882754564 -0.0270022601 -0.1899153739 0.9781270623 -0.0848506242 0.0104363514 0.0884298235 0.9960277081
82.4 -521.0 2098.8 0.9940905571 -0.1079313681 0.0116099259 0.1059045345 0.9877501726 0.1146029755 -0.0238369629 -0.1126961932 0.9933435321
-79.6 356.0 2001.1 0 0 0 0 0 0 0 0 0
43.2 549.3 1959.8 0 0 0 0 0 0 0 0 0
-84.7 -927.1 2170.5 0 0 0 0 0 0 0 0 0
122.7 -889.7 2140.9 0 0 0 0 0 0 0 0 0
46.1 482.0 2086.3  0.9765153527 0.1888071448 -0.1037769020 -0.1925748438 0.9808974266 -0.0274805799 0.0966059715 0.0468200296 0.9942209125
-4.2 220.6 2073.9 0.9765153527 0.1888071448 -0.1037769020 -0.1925748438 0.9808974266 -0.0274805799 0.0966059715 0.0468200296 0.9942209125
31.8 31.2 2096.1 0.9771776199 -0.1854670495 -0.1035655513 0.1954487711 0.9759701490 0.0963434651 0.0832083523 -0.1143864393 0.9899455309
-137.6 193.9 2062.5 0.6005205512 -0.7939870954 0.0946549475 0.6802847385 0.4451023638 -0.5823199749 0.4202233851 0.4140874445 0.8074304461
-212.7 108.9 2010.0 -0.4691993892 -0.7975094914 -0.3792499900 -0.8825488687 0.4385307729 0.1697005630 0.0309749786 0.4143300354 -0.9095994830
129.3 247.3 2085.2 0.5274133086 0.2219950259 0.8200935125 0.7027549744 0.4284681082 -0.5679353476 -0.4774627388 0.8758614659 0.0699716806
269.8 434.5 1958.1 -0.8925076127 0.2219950259 0.3926172853 0.4509976804 0.4284681082 0.7829535007 0.0055877953 0.8758614659 -0.4825302958
-19.3 -174.6 2113.7 0.9699232578 0.1259156317 -0.2083126158 -0.1306930482 0.9913794994 -0.0092747891 0.2053490132 0.0362208448 0.9780183434
-68.2 -559.5 2099.6 0.9834455848 0.0432896689 -0.1759569198 -0.0061278478 0.9784339070 0.2064691484 0.1811002046 -0.2019729316 0.9625017643
155.6 -139.8 2129.4 0.9816678762 0.1895514727 -0.0199612211 -0.1905636787 0.9781190753 -0.0834780335 0.0037010673 0.0857515857 0.9963096976
82.1 -519.4 2096.1 0.9940980673 -0.1058197394 0.0239006337 0.1013877094 0.9846115708 0.1423398107 -0.0385952033 -0.1390765011 0.9895292521
-81.7 355.3 2001.3 0 0 0 0 0 0 0 0 0
43.2 549.0 1959.5 0 0 0 0 0 0 0 0 0
-84.4 -924.6 2175.0 0 0 0 0 0 0 0 0 0
121.6 -886.9 2148.0 0 0 0 0 0 0 0 0 0
48.8 481.1 2088.7  0.9737583399 0.2026324421 -0.1036090627 -0.2069016844 0.9778332114 -0.0321545228 0.0947968364 0.0527476259 0.9940981865
-5.2 220.6 2074.6 0.9737583399 0.2026324421 -0.1036090627 -0.2069016844 0.9778332114 -0.0321545228 0.0947968364 0.0527476259 0.9940981865
31.8 31.2 2095.7 0.9762637019 -0.1906035393 -0.1028565839 0.1999719143 0.9756549597 0.0900481045 0.0831890479 -0.1084791198 0.9906118512
-138.6 193.3 2063.2 0.5975659490 -0.7957381010 0.0985685140 0.6808405519 0.4386238754 -0.5865707397 0.4235222042 0.4176241457 0.8038774729
-213.3 108.2 2010.3 -0.4646569490 -0.7992243171 -0.3812275529 -0.8850972056 0.4320375919 0.1730505228 0.0263984613 0.4178325534 -0.9081404209
128.2 247.9 2086.0 0.5332156420 0.2095406651 0.8196180463 0.7011772990 0.4325928688 -0.5667572618 -0.4733196199 0.8769014478 0.0837401152
270.3 434.8 1959.8 -0.8959224820 0.2095406651 0.3916830420 0.4441818595 0.4325928688 0.7845801115 -0.0050378512 0.8769014478 -0.4806438386
-19.7 -175.8 2110.8 0.9708379507 0.1251105219 -0.2045018971 -0.1268323213 0.9919129610 0.0047193458 0.2034385204 0.0213557296 0.9788547754
-68.3 -560.8 2102.5 0.9833815694 0.0431069843 -0.1763588190 -0.0076491735 0.9803777933 0.1969795078 0.1813894510 -0.1923570186 0.9644151926
155.3 -140.7 2125.7 0.9814505577 0.1910896301 -0.0154790422 -0.1917134225 0.9786151052 -0.0745547190 0.0009013913 0.0761393085 0.9970967770
81.1 -520.6 2096.2 0.9934291244 -0.1116497889 0.0251568891 0.1073484793 0.9852251410 0.1334454566 -0.0396843553 -0.1298680454 0.9907368422
-83.5 355.4 2002.9 0 0 0 0 0 0 0 0 0
42.9 547.6 1958.5 0 0 0 0 0 0 0 0 0
-84.4 -926.8 2174.3 0 0 0 0 0 0 0 0 0
122.8 -888.3 2144.6 0 0 0 0 0 0 0 0 0
49.1 482.0 2087.8  0.9713985324 0.2039141655 -0.1216715127 -0.2093126029 0.9772837758 -0.0332365409 0.1121301949 0.0577533059 0.9920138121
-5.5 220.4 2072.3 0.9713985324 0.2039141655 -0.1216715127 -0.2093126029 0.9772837758 -0.0332365409 0.1121301949 0.0577533059 0.9920138121
30.2 31.1 2096.3 0.9755058885 -0.1841645241 -0.1202984378 0.1967254579 0.9750860929 0.1024998799 0.0984244943 -0.1236549988 0.9874320626
-138.8 193.5 2058.9 0.5929275751 -0.8011314869 0.0813955590 0.6833436489 0.4471095502 -0.5771780610 0.4260028005 0.3978459239 0.8125516772
-212.9 108.1 2005.7 -0.4691153169 -0.8046475649 -0.3639685810 -0.8826735020 0.4405480325 0.1637222320 0.0286069382 0.3980700076 -0.9169088602
127.7 247.3 2085.8 0.5348405242 0.2070666403 0.8191880584 0.7031328082 0.4285616875 -0.5673968792 -0.4685615599 0.8794648051 0.0836168006
270.5 435.0 1960.7 -0.8968235850 0.2070666403 0.3909358680 0.4423663616 0.4285616875 0.7878114581 -0.0044106590 0.8794648051 -0.4759435356
-18.7 -176.1 2109.3 0.9660834074 0.1308835894 -0.2226036638 -0.1311477423 0.9912686944 0.0136617087 0.2224481404 0.0159956198 0.9748132825
-69.5 -560.9 2103.0 0.9794645309 0.0356360935 -0.1984422654 -0.0005393765 0.9847151041 0.1741720587 0.2016159147 -0.1704883128 0.9645127058
156.2 -140.2 2124.2 0.9801982045 0.1951443106 -0.0336175002 -0.1969125271 0.9784931540 -0.0614543296 0.0209020320 0.0668571293 0.9975435734
80.5 -520.1 2098.2 0.9939990044 -0.1093114018 0.0041261977 0.1079271510 0.9861618280 0.1258435696 -0.0178252365 -0.1246430576 0.9920415282
-81.9 354.5 1997.7 0 0 0 0 0 0 0 0 0
42.8 547.3 1959.6 0 0 0 0 0 0 0 0 0
-82.8 -928.4 2166.7 0 0 0 0 0 0 0 0 0
121.3 -888.2 2144.7 0 0 0 0 0 0 0 0 0
48.6 482.1 2087.9  0.9673937559 0.2014039755 -0.1535766423 -0.2094915062 0.9770614505 -0.0382656939 0.1423469484 0.0691909939 0.9873955250
-5.5 219.6 2069.3 0.9673937559 0.2014039755 -0.1535766423 -0.2094915062 0.9770614505 -0.0382656939 0.1423469484 0.0691909939 0.9873955250
30.9 31.0 2096.9 0.9702273607 -0.1881251186 -0.1525379121 0.2063788921 0.9717873335 0.1141804233 0.1267542094 -0.1422615796 0.9816796780
-138.0 191.4 2052.0 0.5734071732 -0.8170447946 0.0603493191 0.6940166354 0.4452775717 -0.5657462478 0.4353678226 0.3662863672 0.8223680258
-209.6 104.7 1997.6 -0.4624739885 -0.8205092549 -0.3359797299 -0.8862668276 0.4386940897 0.1485887170 0.0254739095 0.3664861023 -0.9300747514
127.0 247.9 2086.6 0.5386943221 0.1992082596 0.8186113238 0.7026119828 0.4299536347 -0.5669887662 -0.4649137557 0.8805997372 0.0916474760
270.7 435.4 1962.5 -0.8979996443 0.1992082596 0.3923170865 0.4398429990 0.4299536347 0.7884656191 -0.0116093066 0.8805997372 -0.4737185836
-21.5 -175.8 2111.5 0.9587092400 0.1240208894 -0.2559206188 -0.1266995668 0.9919226170 0.0060607763 0.2546051145 0.0266145077 0.9666787982
-69.6 -560.9 2101.2 0.9729921222 0.0442527235 -0.2265567929 0.0022199701 0.9796134830 0.2008793354 0.2308275402 -0.1959569752 0.9530580044
153.3 -140.5 2129.1 0.9800171852 0.1871503294 -0.0673878267 -0.1913322061 0.9795596600 -0.0620873533 0.0543907247 0.0737401322 0.9957931638
80.6 -520.8 2100.5 0.9934873581 -0.1087666675 -0.0339505337 0.1118507609 0.9877803922 0.1085326299 0.0217309371 -0.1116231903 0.9935129881
-80.5 352.2 1990.5 0 0 0 0 0 0 0 0 0
42.7 547.0 1959.6 0 0 0 0 0 0 0 0 0
-86.1 -926.4 2174.3 0 0 0 0 0 0 0 0 0
121.2 -889.5 2142.2 0 0 0 0 0 0 0 0 0
47.3 482.9 2087.9  0.9657266140 0.1990151554 -0.1666285843 -0.2067555785 0.9779235125 -0.0302935112 0.1569211483 0.0637066439 0.9855542779
-6.6 218.0 2070.7 0.9657266140 0.1990151554 -0.1666285843 -0.2067555785 0.9779235125 -0.0302935112 0.1569211483 0.0637066439 0.9855542779
32.7 29.7 2096.1 0.9649484158 -0.2025632113 -0.1668614298 0.2205953151 0.9704727530 0.0975720584 0.1421699673 -0.1309608519 0.9811406136
-138.4 187.9 2051.3 0.5561813712 -0.8289460540 0.0592510365 0.6969592571 0.4264138639 -0.5765579343 0.4526699483 0.3619663417 0.8149050474
-207.9 100.8 1994.7 -0.4478214979 -0.8323296309 -0.3266241252 -0.8940955997 0.4197170436 0.1563029289 0.0069941543 0.3620290160 -0.9321405888
125.1 248.2 2090.1 0.5412991047 0.1987577230 0.8170010448 0.6988338232 0.4339827299 -0.5685862303 -0.4675752223 0.8787231445 0.0960158333
271.0 436.5 1964.1 -0.8985412717 0.1987577230 0.3913041949 0.4386839569 0.4339827299 0.7869024277 -0.0134163303 0.8787231445 -0.4771431983
-15.4 -178.3 2108.0 0.9559918642 0.1168400124 -0.2691243589 -0.1268490851 0.9917194843 -0.0200434588 0.2645539939 0.0532995649 0.9628968239
-60.8 -563.1 2087.3 0.9706048369 0.0353883728 -0.2380629033 0.0112234550 0.9814000130 0.1916455179 0.2404169738 -0.1886839569 0.9521543980
154.2 -139.1 2135.9 0.9795225859 0.1847728342 -0.0799653232 -0.1912673414 0.9780203104 -0.0830248445 0.0628669709 0.0966194645 0.9933339953
82.5 -518.6 2098.4 0.9934386611 -0.1061619520 -0.0425358154 0.1102261469 0.9879547358 0.1086074859 0.0304934792 -0.1125834361 0.9931742549
-82.9 350.4 1992.8 0 0 0 0 0 0 0 0 0
43.0 547.9 1960.7 0 0 0 0 0 0 0 0 0
-74.0 -929.4 2157.7 0 0 0 0 0 0 0 0 0
122.1 -887.4 2140.4 0 0 0 0 0 0 0 0 0
46.3 485.3 2086.9 0 0.9681844711 0.2009261250 -0.1491559148 -0.2073949575 0.9778273702 -0.0290000550 0.1400218606 0.0590115860 0.9883883595
-8.6 217.7 2070.8 0.9681844711 0.2009261250 -0.1491559148 -0.2073949575 0.9778273702 -0.0290000550 0.1400218606 0.0590115860 0.9883883595
30.0 29.1 2095.2 0.9685566425 -0.1992070675 -0.1490453631 0.2147270739 0.9719072580 0.0963769779 0.1256593019 -0.1253506392 0.9841224551
-140.9 188.4 2053.6 0.5680423379 -0.8199980259 0.0702218637 0.6927810907 0.4303602576 -0.5786574483 0.4442772567 0.3773503006 0.8125419617
-211.9 101.9 1998.1 -0.4527890682 -0.8234114647 -0.3420169652 -0.8915230036 0.4236966968 0.1602117717 0.0129912561 0.3774581552 -0.9259355068
123.6 247.1 2088.0 0.5468148589 0.2010225058 0.8127628565 0.7012692094 0.4203647673 -0.5757733583 -0.4574002624 0.8848069906 0.0888907835
271.0 436.0 1964.7 -0.8943508267 0.2010225058 0.3996579945 0.4472694993 0.4203647673 0.7894576788 -0.0093033686 0.8848069906 -0.4658648074
-12.4 -179.5 2106.2 0.9584139585 0.1405397505 -0.2483772635 -0.1428581476 0.9897044301 0.0087591335 0.2470510900 0.0270878393 0.9686237574
-66.9 -563.4 2095.7 0.9755483866 0.0209478699 -0.2187842876 0.0210843626 0.9819366932 0.1880313158 0.2187711895 -0.1880465597 0.9574850798
158.4 -138.9 2134.3 0.9778298140 0.1998238862 -0.0626043826 -0.2046147585 0.9753348827 -0.0827928931 0.0445162430 0.0937671363 0.9945984483
80.8 -517.4 2097.9 0.9924209118 -0.1208586544 -0.0222236067 0.1225816682 0.9863454700 0.1099833474 0.0086277146 -0.1118739843 0.9936849475
-85.5 350.8 1994.5 0 0 0 0 0 0 0 0 0
44.0 549.6 1962.4 0 0 0 0 0 0 0 0 0
-74.8 -929.9 2165.9 0 0 0 0 0 0 0 0 0
125.9 -885.6 2139.7 0 0 0 0 0 0 0 0 0
45.3 485.1 2087.5 1 0.9659827352 0.1977366209 -0.1666660905 -0.2058453560 0.9780381918 -0.0326946974 0.1565408707 0.0658899546 0.9854711890
-8.7 218.0 2069.5 0.9659827352 0.1977366209 -0.1666660905 -0.2058453560 0.9780381918 -0.0326946974 0.1565408707 0.0658899546 0.9854711890
29.2 29.4 2095.5 0.9665421247 -0.1951372474 -0.1664865017 0.2137192041 0.9715552926 0.1020022482 0.1418464035 -0.1341708452 0.9807536602
-140.7 188.8 2050.1 0.5612332821 -0.8258561492 0.0545790754 0.6942177415 0.4338180125 -0.5743376017 0.4506428540 0.3602271378 0.8167970777
-210.8 102.0 1993.8 -0.4546002448 -0.8292762041 -0.3250224292 -0.8906434774 0.4271747470 0.1558073610 0.0096340375 0.3603091836 -0.9327831864
123.3 247.2 2088.8 0.5474832654 0.2101970315 0.8099871874 0.6988631487 0.4175458550 -0.5807286501 -0.4602742195 0.8840094209 0.0817004070
271.1 435.8 1964.6 -0.8937570453 0.2101970315 0.3962518871 0.4485509396 0.4175458550 0.7902262807 0.0006498767 0.8840094209 -0.4674686193
-17.1 -179.3 2106.9 0.9552496076 0.1309395581 -0.2652413845 -0.1309563220 0.9912300706 0.0177017841 0.2652330995 0.0178254135 0.9640195370
-67.9 -564.0 2100.0 0.9701852798 0.0289573018 -0.2406282425 0.0146452673 0.9840180874 0.1774651706 0.2419214547 -0.1756981611 0.9542558193
155.4 -140.3 2130.8 0.9782316089 0.1919122785 -0.0789466277 -0.1974218488 0.9778782725 -0.0691283420 0.0639336109 0.0832093135 0.9944791198
80.9 -519.9 2098.5 0.9908051491 -0.1278554201 -0.0442514867 0.1318097860 0.9859563708 0.1025488675 0.0305186026 -0.1074387208 0.9937431812
-83.9 350.7 1991.1 0 0 0 0 0 0 0 0 0
44.2 549.6 1964.8 0 0 0 0 0 0 0 0 0
-78.7 -931.2 2165.6 0 0 0 0 0 0 0 0 0
128.6 -887.9 2138.6 0 0 0 0 0 0 0 0 0
45.4 486.8 2087.7 2 0.9752491117 0.1963243783 -0.1017146483 -0.1998259127 0.9795030951 -0.0253621824 0.0946505964 0.0450596698 0.9944902658
-8.9 215.8 2075.2 0.9752491117 0.1963243783 -0.1017146483 -0.1998259127 0.9795030951 -0.0253621824 0.0946505964 0.0450596698 0.9944902658
31.2 27.4 2098.6 0.9729492068 -0.2070783675 -0.1024130732 0.2172918767 0.9708355069 0.1013045236 0.0784482732 -0.1208176836 0.9895700812
-141.5 186.1 2064.6 0.5862910748 -0.8025419712 0.1104044840 0.6969792843 0.4302535355 -0.5736739039 0.4128955007 0.4132895172 0.8116089106
-214.7 99.1 2013.0 -0.4489784241 -0.8060254455 -0.3856700063 -0.8926975727 0.4233875871 0.1543826759 0.0388515294 0.4136011600 -0.9096288681
123.7 245.5 2085.9 0.5464681983 0.2022385895 0.8126943111 0.7056683302 0.4113935828 -0.5768774152 -0.4510040879 0.8887377977 0.0821001530
271.1 435.8 1964.3 -0.8978578448 0.2022385895 0.3910893500 0.4402852058 0.4113935828 0.7980628014 0.0005074398 0.8887377977 -0.4584156275
-19.0 -178.6 2108.2 0.9710766077 0.1265637279 -0.2024643123 -0.1269801855 0.9918444157 0.0109848343 0.2022033930 0.0150418403 0.9792280197
-68.2 -563.6 2102.4 0.9834082723 0.0358189605 -0.1778345406 -0.0031914946 0.9835770130 0.1804608107 0.1813778877 -0.1768990904 0.9673721194
153.6 -140.0 2134.3 0.9814388752 0.1908526421 -0.0187899619 -0.1917753667 0.9767063260 -0.0962650999 -0.0000201744 0.0980817601 0.9951783419
79.5 -519.2 2096.2 0.9908229113 -0.1327578276 0.0254035033 0.1284029186 0.9831776023 0.1299019158 -0.0422216505 -0.1254479140 0.9912013412
-89.4 348.3 2002.2 0 0 0 0 0 0 0 0 0
43.2 547.6 1964.4 0 0 0 0 0 0 0 0 0
-81.5 -930.7 2168.4 0 0 0 0 0 0 0 0 0
129.1 -886.1 2143.0 0 0 0 0 0 0 0 0 0
44.9 487.4 2087.8 3 0.9738225341 0.1894156486 -0.1256638020 -0.1945954859 0.9804186225 -0.0301982854 0.1174830943 0.0538613796 0.9916131496
-7.8 214.3 2072.8 0.9738225341 0.1894156486 -0.1256638020 -0.1945954859 0.9804186225 -0.0301982854 0.1174830943 0.0538613796 0.9916131496
30.7 26.4 2102.1 0.9718174934 -0.1989597231 -0.1264349222 0.2148020118 0.9683318734 0.1272536516 0.0971126109 -0.1508257985 0.9837787747
-140.4 184.9 2059.6 0.5798810124 -0.8100386858 0.0870365649 0.7043251395 0.4447555244 -0.5532798767 0.4094681144 0.3821385503 0.8284358978
-212.8 97.0 2008.4 -0.4550191164 -0.8134930134 -0.3621970415 -0.8890503049 0.4380638003 0.1330023110 0.0504689589 0.3825300038 -0.9225636721
124.8 243.7 2086.1 0.5425433517 0.1947455555 0.8171418905 0.7130302191 0.4075189829 -0.5705402493 -0.4441110194 0.8921896815 0.0822372437
271.4 436.3 1966.1 -0.9002099633 0.1947455555 0.3894819021 0.4354494512 0.4075189829 0.8026905060 -0.0024008465 0.8921896815 -0.4516544938
-15.4 -180.7 2114.7 0.9624608159 0.1422428042 -0.2311627269 -0.1451194435 0.9894034266 0.0046017063 0.2293677479 0.0291172452 0.9729042053
-70.6 -564.7 2103.4 0.9787361622 0.0207297094 -0.2040729970 0.0146301091 0.9852919579 0.1702519804 0.2046007514 -0.1696173847 0.9640375972
158.3 -141.6 2129.0 0.9787353873 0.2000088841 -0.0455350615 -0.2030910403 0.9760417938 -0.0780797377 0.0288274828 0.0856671706 0.9959066510
80.6 -520.5 2095.8 0.9917937517 -0.1278040856 -0.0033535990 0.1272223145 0.9840075970 0.1246737167 -0.0126338424 -0.1240772679 0.9921921492
-85.8 345.1 1994.3 0 0 0 0 0 0 0 0 0
42.8 546.9 1965.5 0 0 0 0 0 0 0 0 0
-78.4 -932.4 2166.7 0 0 0 0 0 0 0 0 0
128.3 -887.8 2142.1 0 0 0 0 0 0 0 0 0
44.0 489.0 2087.4 4 0.9767614007 0.1839039475 -0.1100750118 -0.1875637323 0.9819644690 -0.0237825885 0.1037160456 0.0438759960 0.9936386943
-6.8 217.6 2075.3 0.9767614007 0.1839039475 -0.1100750118 -0.1875637323 0.9819644690 -0.0237825885 0.1037160456 0.0438759960 0.9936386943
31.1 29.3 2102.5 0.9743313789 -0.1958742887 -0.1109577939 0.2088020146 0.9705418348 0.1202094033 0.0841432512 -0.1402920038 0.9865282774
-139.8 189.1 2063.8 0.5899522901 -0.8016754985 0.0962946042 0.6977857947 0.4461908042 -0.5603648424 0.4062649906 0.3977815211 0.8226290941
-213.5 101.9 2013.0 -0.4591964781 -0.8051389456 -0.3753529787 -0.8868957162 0.4395574629 0.1421450078 0.0505427234 0.3981714249 -0.9159175158
126.2 246.2 2086.8 0.5402699113 0.2049036920 0.8161635399 0.7104792595 0.4086534977 -0.5729061961 -0.4509186745 0.8893912435 0.0752033442
271.3 437.0 1965.7 -0.8979427814 0.2049036920 0.3895037770 0.4400874674 0.4086534977 0.7995782495 0.0046644490 0.8893912435 -0.4571230114
-17.6 -180.8 2122.4 0.9658293724 0.1397957057 -0.2182447165 -0.1462683082 0.9891499877 -0.0137062008 0.2139606923 0.0451601371 0.9757978320
-71.9 -564.7 2104.9 0.9820838571 0.0134510687 -0.1879635751 0.0196407568 0.9847104549 0.1730882078 0.1874179244 -0.1736788899 0.9668040872
156.1 -142.2 2140.0 0.9803463221 0.1943621635 -0.0338293612 -0.1968085766 0.9753974676 -0.0993282720 0.0136914179 0.1040340140 0.9944794774
80.7 -520.8 2099.6 0.9920433164 -0.1255730540 0.0090237008 0.1237374470 0.9857380390 0.1140593439 -0.0232177861 -0.1120352447 0.9934329391
-85.3 349.5 1998.9 0 0 0 0 0 0 0 0 0
43.4 548.7 1966.8 0 0 0 0 0 0 0 0 0
-76.9 -932.3 2169.7 0 0 0 0 0 0 0 0 0
127.6 -888.7 2141.4 0 0 0 0 0 0 0 0 0
43.6 487.3 2088.2 5 0.9752168655 0.1868120879 -0.1185466424 -0.1915474087 0.9810310602 -0.0297925733 0.1107323244 0.0517615229 0.9925014377
-7.7 218.0 2074.0 0.9752168655 0.1868120879 -0.1185466424 -0.1915474087 0.9810310602 -0.0297925733 0.1107323244 0.0517615229 0.9925014377
30.5 29.8 2102.1 0.9730841517 -0.1971332729 -0.1193555966 0.2115238309 0.9695904255 0.1230939180 0.0914601386 -0.1450272948 0.9851914048
-140.6 189.0 2061.5 0.5849078894 -0.8059970737 0.0908374935 0.7004586458 0.4454776049 -0.5575907230 0.4089504182 0.3897671103 0.8251309991
-213.7 101.5 2010.4 -0.4574355185 -0.8094354272 -0.3681943715 -0.8878543973 0.4388600886 0.1382619143 0.0496717170 0.3901489079 -0.9194110036
125.1 246.9 2086.5 0.5438739657 0.2145927399 0.8112651110 0.7058986425 0.4057679772 -0.5805682540 -0.4537711143 0.8884268999 0.0692059174
271.3 436.6 1964.5 -0.8986065388 0.2145927399 0.3826959729 0.4384332895 0.4057679772 0.8019530177 0.0168075245 0.8884268999 -0.4587103426
-18.1 -177.8 2122.1 0.9648039937 0.1334533095 -0.2265910655 -0.1401985586 0.9900262952 -0.0138656162 0.2224806994 0.0451453403 0.9738912582
-69.9 -562.1 2104.6 0.9791689515 0.0310674813 -0.2006562352 0.0002820564 0.9880161285 0.1543503255 0.2030468732 -0.1511916518 0.9674260020
156.3 -140.4 2137.2 0.9794414639 0.1975844949 -0.0406787321 -0.2005547732 0.9754608274 -0.0908514261 0.0217296742 0.0971419737 0.9950333238
79.6 -519.0 2099.5 0.9910343289 -0.1336064786 0.0004591857 0.1327466667 0.9850344658 0.1099336222 -0.0151401591 -0.1088870466 0.9939388037
-86.0 349.4 1996.5 0 0 0 0 0 0 0 0 0
43.2 547.8 1968.8 0 0 0 0 0 0 0 0 0
-81.5 -930.8 2161.0 0 0 0 0 0 0 0 0 0
129.5 -886.7 2140.2 0 0 0 0 0 0 0 0 0
43.1 486.9 2088.1 6 0.9726649523 0.1849472076 -0.1404185593 -0.1912439167 0.9809997082 -0.0326388478 0.1317141056 0.0586008616 0.9895541072
-7.8 217.2 2072.0 0.9726649523 0.1849472076 -0.1404185593 -0.1912439167 0.9809997082 -0.0326388478 0.1317141056 0.0586008616 0.9895541072
29.9 29.3 2102.7 0.9706512094 -0.1946480125 -0.1412386894 0.2133432627 0.9680005908 0.1321344972 0.1109994203 -0.1583888382 0.9811177850
-140.4 188.0 2056.8 0.5751500726 -0.8147838712 0.0730046034 0.7048329115 0.4482761323 -0.5497809052 0.4152263999 0.3676625788 0.8321125507
-212.2 100.0 2004.9 -0.4577237070 -0.8182200193 -0.3478577733 -0.8878078461 0.4416677356 0.1293324530 0.0478151590 0.3680293858 -0.9285839200
124.8 246.4 2087.1 0.5459335446 0.1971316636 0.8143069148 0.7099826932 0.4071847796 -0.5745651722 -0.4448383451 0.8918181658 0.0823357552
271.9 437.7 1967.3 -0.9022324085 0.1971316636 0.3835567832 0.4312426746 0.4071847796 0.8051275015 0.0025376396 0.8918181658 -0.4523868859
-18.4 -177.4 2122.0 0.9595632553 0.1304661036 -0.2494332939 -0.1385865659 0.9902337193 -0.0151969884 0.2450145781 0.0491505750 0.9682727456
-69.1 -561.8 2102.9 0.9751396179 0.0374419056 -0.2184052765 0.0031428367 0.9831854701 0.1825827807 0.2215691358 -0.1787301153 0.9586253762
155.8 -139.5 2138.4 0.9779980183 0.1986275762 -0.0637724549 -0.2037372291 0.9751246572 -0.0873098522 0.0448439494 0.0983816907 0.9941378236
78.7 -518.0 2100.2 0.9905030727 -0.1359592229 -0.0204645898 0.1374389380 0.9831865430 0.1202277914 0.0037744346 -0.1218986213 0.9925353527
-84.4 347.9 1991.6 0 0 0 0 0 0 0 0 0
42.9 547.1 1967.9 0 0 0 0 0 0 0 0 0
-83.0 -928.6 2169.6 0 0 0 0 0 0 0 0 0
129.5 -885.0 2145.7 0 0 0 0 0 0 0 0 0
42.4 487.0 2088.0 7 0.9713174701 0.1809146851 -0.1543122083 -0.1882972419 0.9815050364 -0.0345256589 0.1452120095 0.0625919402 0.9874187112
-7.5 216.0 2070.7 0.9713174701 0.1809146851 -0.1543122083 -0.1882972419 0.9815050364 -0.0345256589 0.1452120095 0.0625919402 0.9874187112
30.0 28.3 2103.2 0.9687753320 -0.1931962520 -0.1554012150 0.2149731517 0.9667882323 0.1382281929 0.1235348955 -0.1673191488 0.9781326056
-139.8 186.6 2053.9 0.5685461164 -0.8203483820 0.0615130551 0.7079668045 0.4498340189 -0.5444560647 0.4189729691 0.3530975580 0.8365308046
-210.9 98.1 2001.5 -0.4576110542 -0.8237805963 -0.3346306086 -0.8879142404 0.4432310462 0.1231035888 0.0469083376 0.3534568548 -0.9342739582
124.8 245.4 2087.6 0.5429341793 0.2034059018 0.8147690296 0.7126984000 0.4015543163 -0.5751652718 -0.4441660047 0.8929614425 0.0730504841
271.7 438.3 1967.4 -0.9024460316 0.2034059018 0.3797594607 0.4306382239 0.4015543163 0.8082727790 0.0119134085 0.8929614425 -0.4499754310
-19.2 -177.7 2123.5 0.9552613497 0.1368847042 -0.2621799111 -0.1421532631 0.9898440242 -0.0011405023 0.2593610883 0.0383592062 0.9650183320
-72.4 -562.0 2108.6 0.9698925018 0.0143232979 -0.2431118637 0.0159303136 0.9923994541 0.1220225319 0.2430118471 -0.1222215816 0.9622926116
154.6 -139.4 2143.4 0.9772472978 0.1956969053 -0.0817951560 -0.2034252286 0.9739465714 -0.1002310663 0.0600492060 0.1145897359 0.9915963411
78.6 -517.5 2098.9 0.9915175438 -0.1252628118 -0.0346725509 0.1286766231 0.9836379886 0.1260900050 0.0183108486 -0.1294820011 0.9914126992
-83.1 346.1 1988.4 0 0 0 0 0 0 0 0 0
42.7 547.6 1970.4 0 0 0 0 0 0 0 0 0
-77.7 -931.6 2154.1 0 0 0 0 0 0 0 0 0
125.4 -884.6 2147.2 0 0 0 0 0 0 0 0 0
42.8 487.5 2088.0 8 0.9685336947 0.1810318232 -0.1707922816 -0.1899533123 0.9810847640 -0.0372886546 0.1608112752 0.0685578808 0.9846011996
-7.5 215.0 2069.0 0.9685336947 0.1810318232 -0.1707922816 -0.1899533123 0.9810847640 -0.0372886546 0.1608112752 0.0685578808 0.9846011996
30.0 27.9 2104.1 0.9659560323 -0.1932816207 -0.1719627082 0.2193922848 0.9642567635 0.1485798359 0.1370984465 -0.1812488884 0.9738340974
-139.4 185.0 2050.2 0.5594615936 -0.8273888230 0.0492991284 0.7143523693 0.4511551261 -0.5349390507 0.4203610122 0.3344947994 0.8434511423
-209.3 95.8 1997.7 -0.4557138681 -0.8308010101 -0.3195223510 -0.8887618184 0.4445575476 0.1116736159 0.0492675081 0.3348704875 -0.9409753084
124.5 245.0 2087.7 0.5430718064 0.2006735951 0.8153545856 0.7138986588 0.4008651078 -0.5741566420 -0.4420652986 0.8938888311 0.0744379163
271.7 438.6 1967.8 -0.9032813907 0.2006735951 0.3792266250 0.4289217889 0.4008651078 0.8095265627 0.0104318922 0.8938888311 -0.4481672645
-19.3 -178.6 2124.6 0.9499714375 0.1381389201 -0.2801284492 -0.1456589401 0.9893160462 -0.0060999808 0.2762929499 0.0465980209 0.9599431157
-73.0 -562.7 2106.5 0.9669522047 -0.0114553208 -0.2547003031 0.0514014810 0.9872361422 0.1507405639 0.2497225702 -0.1588508934 0.9551989436
154.2 -140.0 2146.7 0.9755716920 0.1952990592 -0.1005892828 -0.2054632157 0.9732129574 -0.1031573489 0.0777482614 0.1213047877 0.9895657301
78.4 -517.8 2099.7 0.9905165434 -0.1271851063 -0.0519708395 0.1329141259 0.9828261137 0.1280102134 0.0347973071 -0.1337039024 0.9904102087
-82.1 343.9 1984.0 0 0 0 0 0 0 0 0 0
42.4 547.5 1970.4 0 0 0 0 0 0 0 0 0
-68.7 -930.4 2165.7 0 0 0 0 0 0 0 0 0
125.9 -884.7 2149.6 0 0 0 0 0 0 0 0 0
43.1 488.3 2088.0 9 0.9742316008 0.1694777459 -0.1488289386 -0.1761899590 0.9838015437 -0.0330403112 0.1408185363 0.0584110804 0.9883108139
-3.9 215.6 2071.8 0.9742316008 0.1694777459 -0.1488289386 -0.1761899590 0.9838015437 -0.0330403112 0.1408185363 0.0584110804 0.9883108139
27.9 27.5 2106.9 0.9752632976 -0.1639256924 -0.1482897699 0.1868334860 0.9698169231 0.1566792876 0.1181301624 -0.1805090457 0.9764536619
-137.0 190.1 2055.7 0.5912280679 -0.8051278591 0.0471014082 0.6959095001 0.4797652364 -0.5343550444 0.4076265097 0.3487040102 0.8439467549
-210.8 103.2 2004.8 -0.4844343662 -0.8087527752 -0.3335300684 -0.8727072477 0.4732882977 0.1199176982 0.0608721077 0.3491663635 -0.9350815415
129.3 241.1 2087.9 0.5267575383 0.1832717806 0.8300228715 0.7321225405 0.3983161151 -0.5525765419 -0.4318831563 0.8987523317 0.0756386071
272.0 439.5 1970.9 -0.9051852226 0.1832717806 0.3834725618 0.4250006080 0.3983161151 0.8128460646 -0.0037715503 0.8987523317 -0.4384404719
-19.0 -179.0 2127.0 0.9545350671 0.1325706840 -0.2669978738 -0.1450310796 0.9890473485 -0.0274105687 0.2604397237 0.0648873374 0.9633072019
-70.5 -562.9 2101.8 0.9730440974 0.0184640102 -0.2298787385 0.0282094013 0.9797752500 0.1981025934 0.2288872749 -0.1992473006 0.9528437257
154.0 -139.6 2151.6 0.9766110182 0.1955042481 -0.0894932300 -0.2052312344 0.9717134833 -0.1168463677 0.0641178116 0.1324802488 0.9891096354
78.1 -516.9 2100.2 0.9912070632 -0.1254863888 -0.0419727638 0.1294317842 0.9854125977 0.1104962230 0.0274947174 -0.1149572507 0.9929898381
-75.6 346.8 1987.8 0 0 0 0 0 0 0 0 0
42.2 547.3 1970.0 0 0 0 0 0 0 0 0 0
-77.4 -927.8 2176.0 0 0 0 0 0 0 0 0 0
124.9 -884.6 2143.1 0 0 0 0 0 0 0 0 0
41.6 489.2 2089.0 0 0.9746187329 0.1619765759 -0.1545377076 -0.1699576825 0.9846463799 -0.0398239307 0.1457144469 0.0650780201 0.9871839285
-3.5 215.3 2070.9 0.9746187329 0.1619765759 -0.1545377076 -0.1699576825 0.9846463799 -0.0398239307 0.1457144469 0.0650780201 0.9871839285
29.1 27.4 2107.0 0.9735196233 -0.1678978056 -0.1551447213 0.1925192326 0.9681016207 0.1603606939 0.1232716516 -0.1859826297 0.9747895002
-136.4 189.0 2054.0 0.5850345492 -0.8097763062 0.0446871109 0.7008778453 0.4770986140 -0.5302331448 0.4080500603 0.3415248990 0.8466734290
-209.5 101.4 2003.1 -0.4802579880 -0.8133698106 -0.3283013701 -0.8749487996 0.4706057906 0.1139946729 0.0617807023 0.3419937491 -0.9376691580
129.5 241.6 2087.7 0.5106018782 0.1891569942 0.8387522697 0.7412376404 0.3975052834 -0.5408847332 -0.4357205927 0.8978915215 0.0627566725
265.7 439.3 1971.5 -0.8986514211 0.1891569942 0.3957843781 0.4386364222 0.3975052834 0.8059700131 -0.0048715291 0.8978915215 -0.4401898384
-27.6 -177.4 2131.4 0.9554373622 0.1077937335 -0.2748090327 -0.1237534359 0.9914506078 -0.0413614288 0.2680010796 0.0735268146 0.9606087804
-69.4 -562.2 2102.9 0.9700266123 0.0307260100 -0.2410482019 0.0179012865 0.9802424312 0.1969882548 0.2423383296 -0.1953989267 0.9503111839
147.0 -144.0 2152.6 0.9805933237 0.1706305742 -0.0965500027 -0.1817401350 0.9758462310 -0.1212217584 0.0735338107 0.1364162564 0.9879187346
80.8 -522.7 2099.6 0.9927324057 -0.1081616133 -0.0527583845 0.1136963293 0.9866473675 0.1166194379 0.0394401774 -0.1217703298 0.9917743802
-75.4 345.7 1985.8 0 0 0 0 0 0 0 0 0
37.6 550.6 1970.3 0 0 0 0 0 0 0 0 0
-80.9 -927.7 2175.7 0 0 0 0 0 0 0 0 0
121.2 -890.9 2145.1 0 0 0 0 0 0 0 0 0
40.8 490.9 2094.5 1 0.9752248526 0.1514054239 -0.1612851024 -0.1631990969 0.9846115112 -0.0624998324 0.1493403614 0.0872729719 0.9849268198
-1.7 214.8 2070.0 0.9752248526 0.1514054239 -0.1612851024 -0.1631990969 0.9846115112 -0.0624998324 0.1493403614 0.0872729719 0.9849268198
30.1 27.0 2107.3 0.9729949236 -0.1637136638 -0.1627229899 0.1904993057 0.9676248431 0.1655662954 0.1303493381 -0.1920937747 0.9726813436
-134.6 188.8 2052.2 0.5835651159 -0.8112563491 0.0362605192 0.7012932897 0.4809457362 -0.5261928439 0.4094379842 0.3324970603 0.8495917916
-207.5 101.2 2001.0 -0.4831641912 -0.8148738146 -0.3202077746 -0.8733317852 0.4744610190 0.1103557646 0.0620000847 0.3329675794 -0.9408977628
131.2 240.9 2087.8 0.5154691339 0.1817640811 0.8374087214 0.7411648631 0.3959023058 -0.5421587229 -0.4300770164 0.9001240134 0.0693582818
268.9 438.8 1973.0 -0.9008966088 0.1817640811 0.3941410184 0.4339416921 0.3959023058 0.8092935085 -0.0089408457 0.9001240134 -0.4355420470
-25.5 -177.7 2132.1 0.9519664049 0.1179852933 -0.2825587094 -0.1327577829 0.9905772209 -0.0336475223 0.2759262919 0.0695431754 0.9586597085
-71.3 -562.2 2105.1 0.9678136706 -0.0010394686 -0.2516657412 0.0463265665 0.9836390615 0.1740921140 0.2473672926 -0.1801475286 0.9520274401
148.9 -143.2 2154.2 0.9783985019 0.1777696609 -0.1055195332 -0.1899031252 0.9745700359 -0.1189537719 0.0816898122 0.1364226788 0.9872768521
79.8 -521.5 2101.2 0.9917575121 -0.1121333465 -0.0619927719 0.1183282062 0.9871437550 0.1074505076 0.0491469949 -0.1139003411 0.9922758341
-72.6 345.0 1983.7 0 0 0 0 0 0 0 0 0
40.2 548.9 1970.7 0 0 0 0 0 0 0 0 0
-70.9 -928.9 2172.3 0 0 0 0 0 0 0 0 0
121.7 -890.0 2143.7 0 0 0 0 0 0 0 0 0
39.2 492.0 2091.2 2 0.9748988748 0.1474471837 -0.1668276489 -0.1579014510 0.9861283302 -0.0511672758 0.1569689959 0.0762252510 0.9846575260
-2.1 215.7 2069.9 0.9748988748 0.1474471837 -0.1668276489 -0.1579014510 0.9861283302 -0.0511672758 0.1569689959 0.0762252510 0.9846575260
29.0 27.8 2107.0 0.9726264477 -0.1602889299 -0.1682416648 0.1879650652 0.9683790803 0.1640459001 0.1366269737 -0.1911789477 0.9719998240
-134.9 190.0 2051.2 0.5826923847 -0.8121438026 0.0298660714 0.6991212964 0.4821868241 -0.5279443860 0.4143657386 0.3285091817 0.8487536311
-207.8 102.7 1999.4 -0.4855669737 -0.8157811761 -0.3142066002 -0.8723190427 0.4757061303 0.1129741818 0.0573077872 0.3289449215 -0.9426086545
130.8 241.4 2088.5 0.4995023310 0.1983314157 0.8433042765 0.7457859516 0.3968594074 -0.5350756049 -0.4407955110 0.8961960077 0.0503194109
263.6 439.7 1971.3 -0.8952071667 0.1983314157 0.3990849853 0.4456496239 0.3968594074 0.8024331927 0.0007670837 0.8961960077 -0.4436576962
-25.3 -177.8 2132.9 0.9506983161 0.1143215001 -0.2882763743 -0.1292881519 0.9910458326 -0.0333575346 0.2818816006 0.0689836740 0.9569660425
-69.7 -562.6 2106.1 0.9664088488 0.0246744286 -0.2558223605 0.0243810490 0.9820901752 0.1868271977 0.2558504939 -0.1867886782 0.9484990835
149.0 -143.7 2156.3 0.9774599075 0.1776750535 -0.1140336618 -0.1922398061 0.9723120332 -0.1328652799 0.0872694552 0.1517923027 0.9845522642
80.1 -521.1 2097.4 0.9906867146 -0.1209305152 -0.0625750721 0.1282718629 0.9830510616 0.1309845299 0.0456744619 -0.1377912462 0.9894075990
-72.2 346.2 1983.4 0 0 0 0 0 0 0 0 0
36.4 552.8 1971.5 0 0 0 0 0 0 0 0 0
-78.9 -928.8 2175.8 0 0 0 0 0 0 0 0 0
125.2 -888.0 2148.8 0 0 0 0 0 0 0 0 0
38.4 493.5 2089.6 3 0.9758694172 0.1447417736 -0.1634890735 -0.1531641781 0.9873877764 -0.0400759764 0.1556264460 0.0641495883 0.9857308269
-2.2 216.6 2071.6 0.9758694172 0.1447417736 -0.1634890735 -0.1531641781 0.9873877764 -0.0400759764 0.1556264460 0.0641495883 0.9857308269
29.1 28.1 2105.9 0.9730100632 -0.1612334996 -0.1650913358 0.1863714457 0.9709324241 0.1501863450 0.1360774636 -0.1769011468 0.9747763276
-135.1 191.1 2053.0 0.5838745832 -0.8111796975 0.0328326263 0.6933634877 0.4772191644 -0.5399156809 0.4223002493 0.3380079865 0.8410785198
-208.1 104.5 2000.2 -0.4851466119 -0.8148129582 -0.3173525035 -0.8731948733 0.4707334340 0.1262566000 0.0465129167 0.3383635283 -0.9398652315
130.7 242.0 2090.2 0.4938870668 0.2016607672 0.8458182812 0.7457295060 0.4020148516 -0.5312923789 -0.4471723139 0.8931500316 0.0481655411
261.4 439.4 1971.8 -0.8927740455 0.2016607672 0.4028491676 0.4505031407 0.4020148516 0.7971392274 -0.0011996339 0.8931500316 -0.4497572184
-27.0 -177.1 2131.9 0.9528201222 0.1077294424 -0.2837747931 -0.1225947738 0.9918358922 -0.0351012312 0.2776765823 0.0682344660 0.9582482576
-68.8 -562.1 2105.4 0.9665632248 0.0370042846 -0.2537444234 0.0096847368 0.9835591316 0.1803263873 0.2562454939 -0.1767543107 0.9503137469
147.3 -143.4 2156.3 0.9783946276 0.1761710197 -0.1082021594 -0.1898563802 0.9727762341 -0.1328946948 0.0818442926 0.1505663246 0.9852062464
78.9 -521.0 2097.9 0.9894981980 -0.1326425970 -0.0574389808 0.1391702592 0.9816095829 0.1306686699 0.0390504226 -0.1372902095 0.9897608161
-72.6 348.3 1987.3 0 0 0 0 0 0 0 0 0
34.8 553.8 1971.5 0 0 0 0 0 0 0 0 0
-82.6 -929.0 2171.3 0 0 0 0 0 0 0 0 0
128.4 -887.4 2149.1 0 0 0 0 0 0 0 0 0
38.9 496.4 2095.3 4 0.9750436544 0.1416804194 -0.1709285825 -0.1531389356 0.9866302609 -0.0557597838 0.1607432514 0.0805440396 0.9837043881
-1.3 216.6 2072.4 0.9750436544 0.1416804194 -0.1709285825 -0.1531389356 0.9866302609 -0.0557597838 0.1607432514 0.0805440396 0.9837043881
29.8 27.9 2106.2 0.9718973637 -0.1598606408 -0.1728005558 0.1857667714 0.9717037678 0.1458853036 0.1445896327 -0.1738861501 0.9740931392
-134.1 191.2 2052.7 0.5804661512 -0.8138628602 0.0261965636 0.6915082932 0.4757019579 -0.5436211228 0.4299712777 0.3336687982 0.8389218450
-206.6 104.8 1999.0 -0.4854366183 -0.8175030351 -0.3099033833 -0.8734097481 0.4692063928 0.1303871870 0.0388167314 0.3339673281 -0.9417850375
131.5 241.9 2092.2 0.4870315790 0.2033324242 0.8493857384 0.7461386323 0.4086200297 -0.5256489515 -0.4539575279 0.8897671700 0.0472966768
260.3 439.3 1972.1 -0.8917838335 0.2033324242 0.4041998684 0.4524441361 0.4086200297 0.7926688790 -0.0039888723 0.8897671700 -0.4563972950
-26.8 -177.0 2128.1 0.9508875608 0.1071568802 -0.2903966308 -0.1211418882 0.9921646118 -0.0305618569 0.2848463356 0.0642400831 0.9564182162
-68.4 -562.2 2103.1 0.9648159146 0.0428880788 -0.2594047487 0.0075018494 0.9817144871 0.1902114451 0.2628192008 -0.1854650527 0.9468520284
147.5 -143.6 2152.5 0.9782872200 0.1738899946 -0.1127667725 -0.1870677322 0.9750800729 -0.1192665547 0.0892173722 0.1377719790 0.9864376187
80.0 -522.1 2099.0 0.9894437194 -0.1271706372 -0.0694896206 0.1342736036 0.9848762751 0.1094958708 0.0545140170 -0.1176706254 0.9915552735
-71.0 348.6 1988.1 0 0 0 0 0 0 0 0 0
34.0 554.1 1971.1 0 0 0 0 0 0 0 0 0
-84.4 -928.6 2172.4 0 0 0 0 0 0 0 0 0
127.5 -889.7 2142.9 0 0 0 0 0 0 0 0 0
39.4 497.8 2097.1 5 0.9782171249 0.1363884062 -0.1564910561 -0.1490017772 0.9862217307 -0.0718691647 0.1445327550 0.0936210901 0.9850611091
0.1 213.6 2070.1 0.9782171249 0.1363884062 -0.1564910561 -0.1490017772 0.9862217307 -0.0718691647 0.1445327550 0.0936210901 0.9850611091
27.6 24.8 2105.7 0.9773709774 -0.1416376680 -0.1571137011 0.1667832881 0.9728412628 0.1605091244 0.1301125586 -0.1830809116 0.9744496346
-133.4 190.9 2052.4 0.6003893018 -0.7993000746 0.0255354438 0.6838263273 0.4965728819 -0.5345998406 0.4146254659 0.3384298086 0.8447194695
-208.4 105.4 2000.6 -0.5030931234 -0.8030959964 -0.3192712963 -0.8624719977 0.4901179671 0.1261998415 0.0551300123 0.3388528228 -0.9392228127
133.6 236.4 2087.9 0.4759918153 0.1958276033 0.8573700190 0.7634149790 0.3919901848 -0.5133627057 -0.4366112053 0.8988855481 0.0370863900
259.7 438.6 1972.3 -0.8903504610 0.1958276033 0.4110080004 0.4552529156 0.3919901848 0.7994300723 -0.0045606173 0.8988855481 -0.4381597340
-26.3 -177.3 2127.0 0.9535325170 0.1112364084 -0.2800038457 -0.1231070757 0.9920756221 -0.0251127705 0.2749915123 0.0584162995 0.9596703649
-69.5 -562.5 2104.3 0.9679040313 0.0383966528 -0.2483695894 0.0112606026 0.9806420207 0.1954851002 0.2510676384 -0.1920076162 0.9487349987
147.9 -144.0 2152.9 0.9791513681 0.1744962335 -0.1039887965 -0.1859818101 0.9759790897 -0.1134705991 0.0816907063 0.1304449141 0.9880843759
80.1 -522.9 2102.3 0.9910890460 -0.1179607660 -0.0618688576 0.1242381856 0.9861360192 0.1100027785 0.0480350964 -0.1167090237 0.9920038581
-67.9 346.2 1985.2 0 0 0 0 0 0 0 0 0
33.7 554.2 1971.1 0 0 0 0 0 0 0 0 0
-83.8 -928.5 2176.0 0 0 0 0 0 0 0 0 0
124.1 -891.0 2145.8 0 0 0 0 0 0 0 0 0
37.9 496.8 2098.5 6 0.9704909921 0.1269510835 -0.2050138414 -0.1462501287 0.9858562946 -0.0818427801 0.1917241514 0.1094109789 0.9753312469
1.2 212.1 2067.0 0.9704909921 0.1269510835 -0.2050138414 -0.1462501287 0.9858562946 -0.0818427801 0.1917241514 0.1094109789 0.9753312469
28.1 24.2 2107.2 0.9684724808 -0.1391628683 -0.2066270262 0.1767587662 0.9683347940 0.1763068140 0.1755487621 -0.2072714418 0.9624038339
-130.9 187.9 2043.0 0.5740050077 -0.8187571764 -0.0124487029 0.6961751580 0.4959577620 -0.5190048814 0.4311129749 0.2892449200 0.8546806574
-202.6 101.0 1989.2 -0.4989450872 -0.8225359917 -0.2729256153 -0.8654353023 0.4894575775 0.1070189327 0.0455585942 0.2895960212 -0.9560641050
133.4 236.3 2090.9 0.4730873406 0.1980592310 0.8584643006 0.7603171468 0.4004875422 -0.5113977194 -0.4450912774 0.8946408629 0.0388777554
259.4 438.9 1972.3 -0.8906403780 0.1980592310 0.4093070924 0.4546639919 0.4004875422 0.7955440879 -0.0063575404 0.8946408629 -0.4467407465
-32.4 -178.9 2129.6 0.9394370914 0.0941960141 -0.3295224905 -0.1111335009 0.9932607412 -0.0329013467 0.3242025673 0.0675297305 0.9435743093
-69.0 -564.5 2103.4 0.9532397389 0.0409460180 -0.2994284332 0.0188295227 0.9808075428 0.1940671206 0.3016279340 -0.1906305850 0.9341737628
142.7 -149.0 2152.9 0.9753451943 0.1596367061 -0.1523740441 -0.1755374074 0.9796562791 -0.0972637236 0.1337473243 0.1216130555 0.9835252762
80.7 -529.3 2105.7 0.9848631024 -0.1226091161 -0.1225223467 0.1321875155 0.9885073304 0.0733465776 0.1121212766 -0.0884322599 0.9897517562
-63.3 342.6 1976.5 0 0 0 0 0 0 0 0 0
33.3 554.3 1970.7 0 0 0 0 0 0 0 0 0
-84.3 -930.6 2174.6 0 0 0 0 0 0 0 0 0
126.5 -898.1 2138.7 0 0 0 0 0 0 0 0 0
39.0 496.8 2092.8 7 0.9731047153 0.1317588538 -0.1889624745 -0.1448860914 0.9877839684 -0.0573661178 0.1790956110 0.0832012743 0.9803072810
1.3 213.6 2068.9 0.9731047153 0.1317588538 -0.1889624745 -0.1448860914 0.9877839684 -0.0573661178 0.1790956110 0.0832012743 0.9803072810
30.8 27.0 2113.2 0.9695172906 -0.1526079625 -0.1916950643 0.1905154884 0.9614853859 0.1981153786 0.1540780216 -0.2285971642 0.9612509012
-131.1 187.5 2047.9 0.5742989182 -0.8186113834 0.0074940855 0.7120641470 0.4949919283 -0.4979433715 0.4039126039 0.2913046181 0.8671771884
-202.8 98.6 1997.5 -0.4893172085 -0.8223004937 -0.2905005217 -0.8688268661 0.4884962738 0.0806924626 0.0755549744 0.2918788791 -0.9534664154
133.6 239.6 2089.9 0.4738705754 0.1976755410 0.8581206799 0.7596015930 0.4012156725 -0.5118899941 -0.4454796016 0.8943994641 0.0399696343
259.0 440.6 1972.0 -0.8932537436 0.1976755410 0.4037599862 0.4495329261 0.4012156725 0.7980890274 -0.0042321505 0.8943994641 -0.4472490847
-31.6 -179.6 2131.7 0.9443144798 0.0952911824 -0.3149439991 -0.1124648303 0.9929751754 -0.0367696770 0.3092277348 0.0701422617 0.9483977556
-68.6 -565.0 2104.5 0.9579923153 0.0446611568 -0.2832949758 0.0135157015 0.9796722531 0.2001490742 0.2864751220 -0.1955702156 0.9379148483
