38.0 503.5 2215.1 5 0.9977864623 -0.0634626448 0.0198652539 0.0614339896 0.9940492511 0.0899554342 -0.0254558511 -0.0885359123 0.9957476258
50.6 306.0 2232.7 0.9977864623 -0.0634626448 0.0198652539 0.0614339896 0.9940492511 0.0899554342 -0.0254558511 -0.0885359123 0.9957476258
63.2 108.4 2250.9 0.9978147745 -0.0630724952 0.0196868312 0.0609897971 0.9938189387 0.0927584469 -0.0254156534 -0.0913550556 0.9954940081
-89.8 297.4 2236.3 0.4541613460 -0.7373564839 -0.5000428557 -0.0575678498 0.5358051658 -0.8423768282 0.8890575767 0.4113613963 0.2008939683
-183.2 309.2 2053.5 -0.6685615778 -0.7373564839 -0.0965961739 -0.6659374833 0.5358051658 0.5190761685 -0.3309874535 0.4113613963 -0.8492521048
191.1 314.5 2229.1 0.7126315832 0.4492094815 0.5388572216 0.5464065671 0.1263391972 -0.8279361129 -0.4399955571 0.8844485283 -0.1554177105
357.6 442.2 2126.3 -0.8219402432 0.4492094815 0.3501786590 0.4464514554 0.1263391972 0.8858439326 0.3536882102 0.8844485283 -0.3043935001
-14.9 -95.6 2270.9 0.9930084944 0.1095292568 0.0440165214 -0.1085229516 0.9937884808 -0.0246430542 -0.0464422442 0.0196939595 0.9987268448
-58.4 -490.7 2263.1 0.9972023368 -0.0026856344 0.0747011378 -0.0178672764 0.9618215561 0.2730934620 -0.0725825951 -0.2736641467 0.9590827227
168.2 -83.9 2266.5 0.9965292215 0.0762209818 -0.0334644802 -0.0802360177 0.9865758419 -0.1422330141 0.0221741088 0.1444244236 0.9892673492
137.9 -476.1 2209.1 0.9976839423 -0.0679683164 0.0026622103 0.0641137660 0.9527357221 0.2969580889 -0.0227201246 -0.2960996330 0.9548867941
-6.4 485.3 2141.0 0 0 0 0 0 0 0 0 0
140.7 560.1 2219.7 0 0 0 0 0 0 0 0 0
-57.4 -858.2 2367.6 0 0 0 0 0 0 0 0 0
163.9 -840.3 2322.2 0 0 0 0 0 0 0 0 0
40.3 503.8 2214.6 6 0.9981631041 -0.0568903387 0.0208301172 0.0547348037 0.9942080975 0.0924897566 -0.0259712432 -0.0911797285 0.9954957366
51.6 306.1 2232.7 0.9981631041 -0.0568903387 0.0208301172 0.0547348037 0.9942080975 0.0924897566 -0.0259712432 -0.0911797285 0.9954957366
62.9 108.5 2251.1 0.9981756806 -0.0566984490 0.0207503382 0.0545146018 0.9940893054 0.0938862115 -0.0259508919 -0.0925837383 0.9953666925
-88.9 298.4 2236.4 0.4591776729 -0.7325041294 -0.5025869012 -0.0597844534 0.5389931202 -0.8401858211 0.8863304853 0.4158414602 0.2037012577
-182.8 310.7 2055.1 -0.6732543707 -0.7325041294 -0.1008277535 -0.6640354991 0.5389931202 0.5182116032 -0.3252466917 0.4158414602 -0.8492882252
192.1 313.8 2229.1 0.7127077579 0.4436962008 0.5433059335 0.5484508276 0.1304033250 -0.8259519339 -0.4373206496 0.8866389394 -0.1504060924
358.3 441.7 2127.1 -0.8244288564 0.4436962008 0.3513556421 0.4472811818 0.1304033250 0.8848358393 0.3467803597 0.8866389394 -0.3059652150
-15.8 -94.8 2271.4 0.9928305149 0.1114626080 0.0431705453 -0.1100544408 0.9933529496 -0.0337337554 -0.0466436408 0.0287407897 0.9984980226
-60.2 -489.7 2259.9 0.9969558120 -0.0091032125 0.0774351433 -0.0141832298 0.9554157257 0.2949230075 -0.0766675025 -0.2951234877 0.9523782134
167.3 -83.6 2266.7 0.9965231419 0.0758952051 -0.0343733989 -0.0801417828 0.9859725833 -0.1464083046 0.0227795392 0.1486539990 0.9886268377
137.1 -475.6 2207.6 0.9974204302 -0.0717627853 0.0016075197 0.0681705698 0.9540304542 0.2918538153 -0.0224778652 -0.2909913659 0.9564616084
-4.8 486.2 2141.1 0 0 0 0 0 0 0 0 0
140.4 559.9 2218.7 0 0 0 0 0 0 0 0 0
-56.7 -854.8 2372.7 0 0 0 0 0 0 0 0 0
164.5 -840.3 2318.8 0 0 0 0 0 0 0 0 0
42.1 503.7 2213.4 7 0.9984031916 -0.0532696843 0.0188003201 0.0512009934 0.9939444661 0.0972257406 -0.0238656588 -0.0961078927 0.9950847626
52.7 306.0 2232.5 0.9984031916 -0.0532696843 0.0188003201 0.0512009934 0.9939444661 0.0972257406 -0.0238656588 -0.0961078927 0.9950847626
63.3 108.4 2251.8 0.9984087348 -0.0531784371 0.0187628437 0.0510969907 0.9938811064 0.0979255959 -0.0238555651 -0.0968110487 0.9950168729
-87.8 298.8 2235.9 0.4604499936 -0.7432034612 -0.4854218960 -0.0502713025 0.5241303444 -0.8501530290 0.8862610459 0.4158557653 0.2039740086
-183.2 309.2 2052.3 -0.6624348164 -0.7432034612 -0.0939613804 -0.6637264490 0.5241303444 0.5336239934 -0.3473431766 0.4158557653 -0.8404859900
193.2 313.2 2229.2 0.6981421709 0.4608639181 0.5479068756 0.5609388947 0.1234654263 -0.8185987473 -0.4449101686 0.8788405657 -0.1723200530
357.0 444.8 2124.8 -0.8194028139 0.4608639181 0.3408569396 0.4395398498 0.1234654263 0.8896971345 0.3679452538 0.8788405657 -0.3037359715
-17.4 -94.2 2271.9 0.9931359887 0.1101022363 0.0394772403 -0.1084848791 0.9932518005 -0.0410111845 -0.0437262654 0.0364469998 0.9983785152
-61.2 -489.1 2257.4 0.9970671535 -0.0134728877 0.0753361657 -0.0103624957 0.9515501261 0.3073189557 -0.0758266151 -0.3071983159 0.9486197829
165.8 -84.2 2267.2 0.9966874719 0.0724740699 -0.0368990935 -0.0769378692 0.9872967601 -0.1390169859 0.0263552275 0.1413954347 0.9896023273
136.9 -476.7 2211.0 0.9972931743 -0.0734075829 -0.0042051962 0.0717332438 0.9587996006 0.2748775780 -0.0161461588 -0.2744351923 0.9614700079
-8.1 484.6 2144.1 0 0 0 0 0 0 0 0 0
140.6 560.9 2222.0 0 0 0 0 0 0 0 0 0
-56.0 -852.7 2374.8 0 0 0 0 0 0 0 0 0
165.0 -843.2 2315.9 0 0 0 0 0 0 0 0 0
42.7 504.4 2212.2 8 0.9984864593 -0.0537394509 0.0116966227 0.0522396117 0.9932209253 0.1038422137 -0.0171977542 -0.1030740142 0.9945250154
53.4 306.8 2232.7 0.9984864593 -0.0537394509 0.0116966227 0.0522396117 0.9932209253 0.1038422137 -0.0171977542 -0.1030740142 0.9945250154
64.0 109.4 2253.3 0.9984879494 -0.0537159964 0.0116778314 0.0522122122 0.9931859970 0.1041895747 -0.0171949062 -0.1034223139 0.9944888949
-87.2 299.5 2235.1 0.4697652161 -0.7391401529 -0.4826929569 -0.0499325618 0.5236577392 -0.8504641652 0.8813781142 0.4236205816 0.2090890408
-183.9 309.8 2053.6 -0.6662570238 -0.7391401529 -0.0988606960 -0.6607386470 0.5236577392 0.5377796888 -0.3457253873 0.4236205816 -0.8372691274
193.9 314.2 2230.3 0.7002940774 0.4656299353 0.5410886407 0.5508404374 0.1296445429 -0.8244798779 -0.4540517032 0.8754318953 -0.1656984985
357.6 442.9 2124.2 -0.8170326352 0.4656299353 0.3400682211 0.4430960715 0.1296445429 0.8870502710 0.3689491749 0.8754318953 -0.3122426271
-17.7 -93.9 2273.2 0.9939188957 0.1045158133 0.0346654616 -0.1040546447 0.9944606423 -0.0148557965 -0.0360261016 0.0111583546 0.9992885590
-59.3 -489.1 2268.8 0.9982159734 -0.0078834565 0.0591838472 -0.0058843773 0.9734294415 0.2289115787 -0.0594159141 -0.2288514525 0.9716464281
165.5 -84.5 2268.8 0.9964282513 0.0715573058 -0.0448356345 -0.0775079578 0.9857513309 -0.1492878646 0.0335141495 0.1522297710 0.9877767563
137.0 -476.4 2208.3 0.9973677993 -0.0718259513 -0.0099269450 0.0716536567 0.9553627968 0.2866142392 -0.0111025078 -0.2865711153 0.9579946399
-7.8 484.4 2145.0 0 0 0 0 0 0 0 0 0
141.3 560.2 2221.8 0 0 0 0 0 0 0 0 0
-56.6 -824.7 2347.7 0 0 0 0 0 0 0 0 0
164.5 -841.6 2317.8 0 0 0 0 0 0 0 0 0
42.5 505.2 2211.6 9 0.9984471202 -0.0554433353 0.0054240846 0.0545515642 0.9928107262 0.1065408662 -0.0112920711 -0.1060795262 0.9942935109
53.5 307.7 2232.7 0.9984471202 -0.0554433353 0.0054240846 0.0545515642 0.9928107262 0.1065408662 -0.0112920711 -0.1060795262 0.9942935109
64.5 110.3 2253.8 0.9984473586 -0.0554401353 0.0054146904 0.0545474701 0.9927929044 0.1067091003 -0.0112916334 -0.1062480584 0.9942755103
-87.0 300.0 2234.3 0.4726036489 -0.7405858040 -0.4776803255 -0.0462033749 0.5204656720 -0.8526316285 0.8800631166 0.4250272810 0.2117564082
-184.0 309.5 2053.8 -0.6644322872 -0.7405858040 -0.1003115401 -0.6616137028 0.5204656720 0.5397988558 -0.3475586176 0.4250272810 -0.8357959390
194.0 315.3 2231.1 0.6965219975 0.4668430090 0.5448988080 0.5494976044 0.1413006335 -0.8234601021 -0.4614211321 0.8729786277 -0.1581101269
357.9 444.6 2122.6 -0.8208182454 0.4668430090 0.3291124701 0.4366092980 0.1413006335 0.8884854913 0.3682794571 0.8729786277 -0.3198101521
-16.9 -92.9 2275.4 0.9942503572 0.1038667038 0.0260369498 -0.1028560400 0.9939874411 -0.0375444107 -0.0297800153 0.0346504860 0.9989557266
-58.2 -487.9 2261.6 0.9983690381 -0.0013149884 0.0570752807 -0.0143821677 0.9616984725 0.2737320662 -0.0552491620 -0.2741064727 0.9601110220
166.3 -83.3 2272.3 0.9956513047 0.0777935460 -0.0512504168 -0.0849836841 0.9838365316 -0.1576180011 0.0381603688 0.1612880230 0.9861693382
135.4 -474.4 2208.1 0.9966230392 -0.0811850727 -0.0123094805 0.0813082010 0.9547672868 0.2860217392 -0.0114680044 -0.2860566974 0.9581440687
-8.3 484.4 2145.7 0 0 0 0 0 0 0 0 0
141.0 560.0 2219.9 0 0 0 0 0 0 0 0 0
-57.7 -837.1 2361.2 0 0 0 0 0 0 0 0 0
166.4 -839.4 2317.5 0 0 0 0 0 0 0 0 0
41.4 505.5 2211.6 0 0.9982058406 -0.0598743521 0.0003811634 0.0594971515 0.9925916791 0.1059333161 -0.0067210286 -0.1057205796 0.9943731427
53.3 308.0 2232.6 0.9982058406 -0.0598743521 0.0003811634 0.0594971515 0.9925916791 0.1059333161 -0.0067210286 -0.1057205796 0.9943731427
65.2 110.7 2253.6 0.9982060194 -0.0598714650 0.0003767631 0.0594942532 0.9925840497 0.1060062721 -0.0067207194 -0.1057936847 0.9943653941
-87.2 299.7 2233.5 0.4903375208 -0.7468006611 -0.4492859840 -0.0334179141 0.4990228117 -0.8659442663 0.8708916903 0.4396191835 0.2197330892
-187.5 306.5 2055.4 -0.6560950279 -0.7468006611 -0.1087569669 -0.6609233022 0.4990228117 0.5604967475 -0.3643071353 0.4396191835 -0.8209843636
193.8 316.4 2231.6 0.6927213669 0.4728538394 0.5445607305 0.5526989698 0.1370089501 -0.8220416307 -0.4633152187 0.8704239130 -0.1664367914
356.8 446.4 2122.6 -0.8188205957 0.4728538394 0.3254874647 0.4332245290 0.1370089501 0.8908114433 0.3766289055 0.8704239130 -0.3170376420
-16.1 -92.1 2276.0 0.9939549565 0.1077038869 0.0212924331 -0.1067442447 0.9933995605 -0.0419877172 -0.0256741345 0.0394610576 0.9988912344
-58.9 -487.0 2260.3 0.9983842373 -0.0078458507 0.0562789068 -0.0090969680 0.9555783272 0.2945969403 -0.0560902655 -0.2946329117 0.9539629817
167.2 -82.1 2273.9 0.9951910377 0.0809442997 -0.0551618077 -0.0888896585 0.9828749299 -0.1614173204 0.0411513448 0.1655443758 0.9853433967
135.0 -472.9 2208.1 0.9966230392 -0.0811543241 -0.0125110513 0.0811456293 0.9500632286 0.3013225794 -0.0125673404 -0.3013202250 0.9534401894
-20.4 474.8 2148.1 0 0 0 0 0 0 0 0 0
140.9 560.7 2221.9 0 0 0 0 0 0 0 0 0
-56.0 -843.1 2370.1 0 0 0 0 0 0 0 0 0
166.0 -836.0 2323.3 0 0 0 0 0 0 0 0 0
42.8 506.7 2216.0 1 0.9985755086 -0.0529120266 0.0068747378 0.0520691536 0.9944900274 0.0909854397 -0.0116510820 -0.0904978737 0.9958285093
53.3 308.9 2234.0 0.9985755086 -0.0529120266 0.0068747378 0.0520691536 0.9944900274 0.0909854397 -0.0116510820 -0.0904978737 0.9958285093
63.8 111.2 2252.0 0.9985733032 -0.0529540852 0.0068737930 0.0521109179 0.9944862127 0.0910031870 -0.0116548827 -0.0905151516 0.9958269000
-87.2 301.5 2235.7 0.4799414277 -0.7433358431 -0.4659485519 -0.0293119065 0.5172327757 -0.8553426266 0.8768107295 0.4241721928 0.2264528573
-186.0 307.6 2055.2 -0.6613270044 -0.7433358431 -0.1004907265 -0.6635146737 0.5172327757 0.5405724049 -0.3498497307 0.4241721928 -0.8352742791
193.9 316.2 2232.4 0.6934308410 0.4719211161 0.5444668531 0.5511401892 0.1393322945 -0.8226974010 -0.4641100764 0.8705613017 -0.1634773761
355.8 444.9 2124.0 -0.8172498345 0.4719211161 0.3307463825 0.4395684004 0.1393322945 0.8873365521 0.3726691902 0.8705613017 -0.3213109076
-14.5 -92.1 2275.3 0.9936324954 0.1091815978 0.0278171953 -0.1077943668 0.9930491447 -0.0472622700 -0.0327840149 0.0439627916 0.9984951019
-57.9 -486.9 2257.8 0.9979702234 -0.0028138626 0.0636196360 -0.0162179470 0.9548529983 0.2966357172 -0.0615820885 -0.2970653772 0.9528692365
168.7 -81.2 2274.0 0.9950286746 0.0858526900 -0.0504706278 -0.0933664590 0.9805189967 -0.1728153974 0.0346507430 0.1766685247 0.9836602807
134.6 -471.0 2203.8 0.9967462420 -0.0804872736 -0.0043290304 0.0779245943 0.9484950900 0.3070582747 -0.0206082165 -0.3063965142 0.9516808987
-15.8 478.3 2145.3 0 0 0 0 0 0 0 0 0
140.0 561.0 2222.4 0 0 0 0 0 0 0 0 0
-56.8 -847.3 2369.9 0 0 0 0 0 0 0 0 0
165.3 -833.6 2320.9 0 0 0 0 0 0 0 0 0
43.7 507.5 2218.5 2 0.9986695051 -0.0503355786 0.0112045920 0.0492124557 0.9952042699 0.0845372677 -0.0154060908 -0.0838733837 0.9963573217
53.7 309.4 2235.2 0.9986695051 -0.0503355786 0.0112045920 0.0492124557 0.9952042699 0.0845372677 -0.0154060908 -0.0838733837 0.9963573217
63.7 111.6 2251.8 0.9986677766 -0.0503701270 0.0112043638 0.0492468327 0.9952021837 0.0845417902 -0.0154089881 -0.0838773847 0.9963569641
-86.8 302.5 2237.3 0.4744996727 -0.7397431731 -0.4771059453 -0.0320638865 0.5271236897 -0.8491834402 0.8796715140 0.4182351232 0.2264009863
-185.2 309.2 2055.0 -0.6664483547 -0.7397431731 -0.0928795636 -0.6597415805 0.5271236897 0.5356132984 -0.3472572863 0.4182351232 -0.8393400908
194.3 316.4 2233.0 0.6919853687 0.4772877693 0.5416203737 0.5455588102 0.1456045359 -0.8253271580 -0.4727809429 0.8666000962 -0.1596323401
355.3 443.3 2123.0 -0.8135706782 0.4772877693 0.3321131170 0.4459339380 0.1456045359 0.8831433654 0.3731563687 0.8666000962 -0.3312983811
-17.3 -91.3 2271.1 0.9940439463 0.1034921855 0.0341459513 -0.1024223864 0.9942350388 -0.0317226537 -0.0372321457 0.0280364025 0.9989132881
-58.4 -486.5 2259.9 0.9978265762 -0.0090014767 0.0652767420 -0.0100668231 0.9581732154 0.2860118151 -0.0651209503 -0.2860473096 0.9560000896
166.0 -81.7 2268.9 0.9959871769 0.0773544535 -0.0450098701 -0.0834882855 0.9842333794 -0.1559307724 0.0322382748 0.1590628475 0.9867419600
135.2 -473.0 2205.7 0.9968287945 -0.0793601424 -0.0058545247 0.0774821714 0.9512068033 0.2986673117 -0.0181334168 -0.2981738150 0.9543393254
-12.8 479.8 2144.8 0 0 0 0 0 0 0 0 0
139.5 561.6 2222.0 0 0 0 0 0 0 0 0 0
-55.0 -850.5 2368.6 0 0 0 0 0 0 0 0 0
165.6 -836.6 2319.7 0 0 0 0 0 0 0 0 0
44.3 507.8 2217.9 3 0.9986879230 -0.0501848608 0.0101934681 0.0491109341 0.9949942827 0.0870315880 -0.0145101100 -0.0864167884 0.9961534142
54.3 309.8 2235.1 0.9986879230 -0.0501848608 0.0101934681 0.0491109341 0.9949942827 0.0870315880 -0.0145101100 -0.0864167884 0.9961534142
64.2 112.0 2252.3 0.9986870289 -0.0502032675 0.0101933572 0.0491292477 0.9949932098 0.0870337784 -0.0145117007 -0.0864187106 0.9961532354
-86.3 302.9 2237.1 0.4727920592 -0.7407841086 -0.4771860540 -0.0325436741 0.5264856815 -0.8495609164 0.8805728555 0.4171950519 0.2248104215
-184.4 309.7 2054.5 -0.6661455631 -0.7407841086 -0.0865386501 -0.6557689309 0.5264856815 0.5410914421 -0.3552706242 0.4171950519 -0.8364993334
194.8 316.7 2233.0 0.6937318444 0.4815215468 0.5356053710 0.5405303836 0.1433838308 -0.8290162683 -0.4759863615 0.8646259904 -0.1608071029
355.8 442.1 2122.6 -0.8102985620 0.4815215468 0.3339958191 0.4487824738 0.1433838308 0.8820631504 0.3768428266 0.8646259904 -0.3322821558
-17.9 -90.7 2269.9 0.9938125014 0.1060018018 0.0331703648 -0.1050665900 0.9940487742 -0.0287747625 -0.0360231400 0.0251116212 0.9990354180
-60.0 -486.0 2260.0 0.9976696372 -0.0168729182 0.0661108941 -0.0036704736 0.9542649984 0.2989394665 -0.0681312978 -0.2984854877 0.9519792795
165.4 -81.7 2267.1 0.9962089658 0.0739936829 -0.0457457863 -0.0800729319 0.9854764938 -0.1497478187 0.0340010040 0.1528431177 0.9876654148
135.9 -473.5 2206.3 0.9970667958 -0.0760330409 -0.0087600807 0.0752061531 0.9520595074 0.2965244353 -0.0142055377 -0.2963134944 0.9549850821
-11.6 479.7 2146.6 0 0 0 0 0 0 0 0 0
139.7 561.8 2223.1 0 0 0 0 0 0 0 0 0
-53.6 -849.6 2373.7 0 0 0 0 0 0 0 0 0
165.0 -837.5 2319.6 0 0 0 0 0 0 0 0 0
45.0 507.4 2219.0 4 0.9989333153 -0.0456287861 0.0070853098 0.0448718518 0.9954375625 0.0842053220 -0.0108951703 -0.0837975740 0.9964232445
54.1 309.3 2235.7 0.9989333153 -0.0456287861 0.0070853098 0.0448718518 0.9954375625 0.0842053220 -0.0108951703 -0.0837975740 0.9964232445
63.2 111.4 2252.4 0.9989331365 -0.0456338413 0.0070849205 0.0448768288 0.9954366684 0.0842138082 -0.0108955894 -0.0838060081 0.9964225292
-86.5 303.0 2237.3 0.4694756269 -0.7446566820 -0.4744249880 -0.0331053659 0.5220973492 -0.8522431254 0.8823245764 0.4158133864 0.2204598635
-183.9 309.9 2054.2 -0.6625798345 -0.7446566820 -0.0804638714 -0.6533485055 0.5220973492 0.5482244492 -0.3662289977 0.4158133864 -0.8324515224
194.7 315.7 2234.2 0.6980927587 0.4706256986 0.5396090746 0.5344060063 0.1590967774 -0.8301195502 -0.4765256345 0.8678707480 -0.1404408962
358.3 440.9 2122.5 -0.8179820180 0.4706256986 0.3307822645 0.4474214017 0.1590967774 0.8800581098 0.3615515828 0.8678707480 -0.3407063186
-17.4 -90.3 2270.8 0.9939942360 0.1054089814 0.0294005424 -0.1044278294 0.9939807057 -0.0331230834 -0.0327150449 0.0298539214 0.9990187287
-59.3 -485.5 2258.9 0.9978136420 -0.0208579544 0.0627123341 0.0011841509 0.9543825984 0.2985841036 -0.0660794154 -0.2978570163 0.9523206949
165.9 -81.3 2268.1 0.9956242442 0.0788175836 -0.0502010174 -0.0857973248 0.9838880301 -0.1568538100 0.0370293409 0.1604745686 0.9863451719
134.5 -472.4 2204.3 0.9963237643 -0.0852390304 -0.0085602617 0.0836701170 0.9467672110 0.3108555079 -0.0183924492 -0.3104289770 0.9504186511
-11.9 479.5 2149.3 0 0 0 0 0 0 0 0 0
139.8 560.4 2219.1 0 0 0 0 0 0 0 0 0
-51.4 -849.8 2372.6 0 0 0 0 0 0 0 0 0
167.1 -834.4 2323.0 0 0 0 0 0 0 0 0 0
37.7 496.1 2242.9 5 0.9962193370 -0.0860390142 0.0120141273 0.0864218995 0.9956017733 -0.0361716002 -0.0088491170 0.0370731317 0.9992733598
53.8 309.4 2236.0 0.9962193370 -0.0860390142 0.0120141273 0.0864218995 0.9956017733 -0.0361716002 -0.0088491170 0.0370731317 0.9992733598
62.5 111.5 2253.4 0.9990347624 -0.0437512882 0.0039126496 0.0432371832 0.9951735139 0.0880920812 -0.0077479072 -0.0878378823 0.9961046576
-86.8 303.3 2237.1 0.4678019285 -0.7441110015 -0.4769278169 -0.0340871140 0.5240216851 -0.8510225415 0.8831757307 0.4143670797 0.2197737545
-183.9 310.3 2053.7 -0.6638273001 -0.7441110015 -0.0750474557 -0.6496624351 0.5240216851 0.5507630706 -0.3705023825 0.4143670797 -0.8312808871
194.4 315.4 2234.9 0.7005569935 0.4656894803 0.5406969786 0.5286704302 0.1702230275 -0.8315838575 -0.4792989194 0.8684223890 -0.1269453317
359.2 439.8 2122.1 -0.8214902878 0.4656894803 0.3290699720 0.4480618536 0.1702230275 0.8776472807 0.3526958227 0.8684223890 -0.3484942615
-19.4 -90.6 2270.0 0.9942327738 0.1040568277 0.0259486809 -0.1032693535 0.9941996932 -0.0300396644 -0.0289240014 0.0271867160 0.9992118478
-60.8 -485.9 2259.2 0.9980201721 -0.0228866413 0.0585828610 0.0044584316 0.9548434615 0.2970758975 -0.0627365336 -0.2962265611 0.9530550838
163.9 -82.3 2268.0 0.9954119921 0.0793907344 -0.0534045026 -0.0865543410 0.9850535989 -0.1489220858 0.0407832637 0.1528612226 0.9874057770
132.3 -474.0 2207.3 0.9951478839 -0.0975956172 -0.0124826850 0.0967389420 0.9473868012 0.3051225841 -0.0179526955 -0.3048496544 0.9522312880
-11.5 479.1 2149.9 0 0 0 0 0 0 0 0 0
140.2 559.2 2216.2 0 0 0 0 0 0 0 0 0
-52.0 -850.6 2372.4 0 0 0 0 0 0 0 0 0
169.6 -836.1 2323.8 0 0 0 0 0 0 0 0 0
32.8 483.9 2266.8 6 0.9929485917 -0.1164746657 0.0220614597 0.1185351983 0.9779800177 -0.1717687249 -0.0015689626 0.1731725782 0.9848902225
53.6 309.7 2236.0 0.9929485917 -0.1164746657 0.0220614597 0.1185351983 0.9779800177 -0.1717687249 -0.0015689626 0.1731725782 0.9848902225
62.1 111.8 2253.9 0.9990929365 -0.0425723977 0.0009565508 0.0423134305 0.9950386286 0.0900429636 -0.0047851498 -0.0899208114 0.9959374070
-87.0 303.7 2236.7 0.4676330090 -0.7506335378 -0.4667640030 -0.0191704072 0.5193229318 -0.8543630242 0.8837147951 0.4084764123 0.2284625918
-183.9 307.7 2053.5 -0.6560693979 -0.7506335378 -0.0782447532 -0.6590570807 0.5193229318 0.5440105200 -0.3677182496 0.4084764123 -0.8354222178
194.2 315.6 2235.3 0.7185667753 0.4645252824 0.5175693631 0.5041741729 0.1646646410 -0.8477582335 -0.4790304899 0.8701159954 -0.1158791035
370.1 439.0 2118.0 -0.8243687749 0.4645252824 0.3234693110 0.4393080473 0.1646646410 0.8831160665 0.3569657803 0.8701159954 -0.3398140669
-20.5 -90.3 2271.6 0.9949710965 0.0975891799 0.0225568917 -0.0968652070 0.9948075414 -0.0312260706 -0.0254870933 0.0288840607 0.9992578030
-59.3 -485.8 2260.1 0.9984663725 -0.0161179770 0.0529637635 -0.0000980498 0.9561647177 0.2928292751 -0.0553618968 -0.2923853695 0.9546967149
162.9 -82.4 2270.2 0.9957441092 0.0725645423 -0.0568157211 -0.0803870708 0.9853573442 -0.1503622830 0.0450728163 0.1542896181 0.9869970679
134.0 -474.1 2208.8 0.9961001277 -0.0859121606 -0.0200912245 0.0880534649 0.9535851479 0.2879617214 -0.0055807205 -0.2886078060 0.9574311376
-13.4 478.9 2149.1 0 0 0 0 0 0 0 0 0
150.5 556.1 2213.1 0 0 0 0 0 0 0 0 0
-53.1 -851.2 2371.8 0 0 0 0 0 0 0 0 0
166.9 -838.6 2319.1 0 0 0 0 0 0 0 0 0
39.4 495.7 2242.4 7 0.9970023036 -0.0771404132 0.0059775272 0.0772897005 0.9965245724 -0.0310653336 -0.0035603603 0.0314342119 0.9994994998
53.8 309.7 2236.5 0.9970023036 -0.0771404132 0.0059775272 0.0772897005 0.9965245724 -0.0310653336 -0.0035603603 0.0314342119 0.9994994998
62.1 111.9 2255.0 0.9991363287 -0.0415286459 -0.0014173444 0.0414803438 0.9947994351 0.0930241793 -0.0024531947 -0.0930026248 0.9956628680
-86.8 303.8 2236.8 0.4671179950 -0.7586445808 -0.4541576803 -0.0210346170 0.5039597750 -0.8634709716 0.8839447498 0.4128958583 0.2194508761
-184.1 308.2 2052.8 -0.6459710002 -0.7586445808 -0.0847344398 -0.6642775536 0.5039597750 0.5520505905 -0.3761074245 0.4128958583 -0.8294939399
194.4 315.5 2236.1 0.7264981270 0.4604535401 0.5100813508 0.4929482937 0.1679404229 -0.8536966443 -0.4787509441 0.8716527820 -0.1049713865
375.0 438.0 2117.1 -0.8273198009 0.4604535401 0.3217521310 0.4371058345 0.1679404229 0.8835918307 0.3528178036 0.8716527820 -0.3402073681
-21.2 -89.9 2272.2 0.9953609109 0.0937206671 0.0217512622 -0.0935017243 0.9955596924 -0.0108755147 -0.0226739403 0.0087912818 0.9997042418
-58.4 -485.6 2268.7 0.9990245700 -0.0092232814 0.0431834236 -0.0006656561 0.9746860862 0.2235767692 -0.0441523939 -0.2233874351 0.9737292528
162.2 -82.1 2271.3 0.9957378507 0.0702094808 -0.0598059334 -0.0786683559 0.9850260615 -0.1534111053 0.0481394865 0.1574620903 0.9863510132
134.3 -473.8 2208.7 0.9962118864 -0.0838010907 -0.0232214853 0.0869288445 0.9526752830 0.2912955880 -0.0022883546 -0.2922107577 0.9563512206
-16.2 480.8 2150.6 0 0 0 0 0 0 0 0 0
154.7 554.4 2211.1 0 0 0 0 0 0 0 0 0
-55.2 -825.2 2346.5 0 0 0 0 0 0 0 0 0
166.3 -837.9 2320.4 0 0 0 0 0 0 0 0 0
41.0 501.3 2231.1 8 0.9980173707 -0.0629347861 -0.0007134302 0.0629239082 0.9974698424 0.0330830701 -0.0013704511 -0.0330623724 0.9994523525
53.1 309.3 2237.4 0.9980173707 -0.0629347861 -0.0007134302 0.0629239082 0.9974698424 0.0330830701 -0.0013704511 -0.0330623724 0.9994523525
62.2 111.6 2256.0 0.9989590645 -0.0454419963 -0.0039808140 0.0456152074 0.9946074486 0.0931409597 -0.0002731639 -0.0932255909 0.9956449866
-87.4 302.9 2237.5 0.4644463658 -0.7617223859 -0.4517394900 -0.0254466124 0.4984044135 -0.8665711284 0.8852356076 0.4139710367 0.2120988518
-184.2 308.2 2053.1 -0.6418899298 -0.7617223859 -0.0880699009 -0.6673731208 0.4984044135 0.5533589721 -0.3776115179 0.4139710367 -0.8282738328
193.7 315.7 2237.4 0.7345281839 0.4591423273 0.4996565580 0.4824823141 0.1643895954 -0.8603411317 -0.4771573544 0.8730202913 -0.1007792652
375.9 435.3 2119.1 -0.8302122355 0.4591423273 0.3161264956 0.4291089475 0.1643895954 0.8881675601 0.3558273911 0.8730202913 -0.3335003257
-21.4 -89.7 2273.7 0.9955555797 0.0922720581 0.0188387204 -0.0919133723 0.9955839515 -0.0190939605 -0.0205173660 0.0172775704 0.9996402264
-58.0 -485.5 2266.8 0.9990987182 -0.0000806537 0.0424465239 -0.0102649098 0.9698575139 0.2434564680 -0.0411867164 -0.2436727583 0.9689825773
162.0 -82.1 2273.2 0.9954024553 0.0734731928 -0.0614466518 -0.0822459459 0.9844523072 -0.1552071124 0.0490877368 0.1595472842 0.9859691262
132.8 -473.5 2209.8 0.9956267476 -0.0900971293 -0.0246955100 0.0934135690 0.9569553137 0.2747916877 -0.0011254441 -0.2758968472 0.9611865878
-17.4 481.7 2151.2 0 0 0 0 0 0 0 0 0
160.6 546.6 2211.4 0 0 0 0 0 0 0 0 0
-58.0 -839.8 2355.8 0 0 0 0 0 0 0 0 0
167.2 -839.3 2315.3 0 0 0 0 0 0 0 0 0
42.6 503.4 2225.2 9 0.9984844327 -0.0548014306 -0.0050690691 0.0550121740 0.9964950085 0.0630183369 0.0015978072 -0.0632016882 0.9979994893
53.4 308.5 2237.6 0.9984844327 -0.0548014306 -0.0050690691 0.0550121740 0.9964950085 0.0630183369 0.0015978072 -0.0632016882 0.9979994893
62.5 110.7 2256.0 0.9989123940 -0.0461622663 -0.0065667457 0.0465722494 0.9946178794 0.0925541297 0.0022588943 -0.0927592963 0.9956859946
-87.2 301.9 2237.3 0.4663924575 -0.7554377913 -0.4602084160 -0.0295559186 0.5066588521 -0.8616398573 0.8840839863 0.4154642224 0.2139742076
-184.3 308.1 2053.2 -0.6495522857 -0.7554377913 -0.0859972909 -0.6623232365 0.5066588521 0.5519281626 -0.3733761311 0.4154642224 -0.8294454217
193.9 315.0 2237.9 0.7376905084 0.4575461447 0.4964516759 0.4792476594 0.1630524397 -0.8624010682 -0.4755359590 0.8741083741 -0.0989956856
376.0 433.3 2120.5 -0.8297446370 0.4575461447 0.3196488619 0.4316819906 0.1630524397 0.8871665597 0.3538001180 0.8741083741 -0.3328063190
-20.4 -90.3 2274.5 0.9953650832 0.0949197710 0.0154454168 -0.0944390967 0.9950982928 -0.0293368045 -0.0181543510 0.0277421791 0.9994502664
-58.2 -486.0 2263.5 0.9990617633 -0.0047340505 0.0430481471 -0.0070155808 0.9631870985 0.2687403560 -0.0427356511 -0.2687902451 0.9622502327
162.9 -82.0 2274.5 0.9949139357 0.0778976828 -0.0638611168 -0.0871031359 0.9837435484 -0.1570404321 0.0505898781 0.1618042141 0.9855252504
131.9 -473.1 2210.1 0.9946740866 -0.1001306698 -0.0244405940 0.1029700339 0.9549059272 0.2784813941 -0.0045460630 -0.2795148790 0.9601305723
-15.5 480.2 2150.3 0 0 0 0 0 0 0 0 0
165.8 542.7 2210.2 0 0 0 0 0 0 0 0 0
-56.4 -845.9 2363.9 0 0 0 0 0 0 0 0 0
170.2 -838.1 2317.0 0 0 0 0 0 0 0 0 0
44.9 504.5 2224.2 0 0.9989485741 -0.0455926768 0.0048065684 0.0451080538 0.9961937070 0.0745879412 -0.0081889369 -0.0742926970 0.9972028732
53.9 308.0 2238.9 0.9989485741 -0.0455926768 0.0048065684 0.0451080538 0.9961937070 0.0745879412 -0.0081889369 -0.0742926970 0.9972028732
62.1 110.2 2256.6 0.9991353154 -0.0413670205 0.0041687423 0.0408309884 0.9951769710 0.0891941041 -0.0078383312 -0.0889467672 0.9960055351
-86.7 302.3 2240.0 0.4614238739 -0.7574628592 -0.4618853331 -0.0169673692 0.5129923224 -0.8582255244 0.8870175481 0.4038426876 0.2238547355
-183.7 305.8 2053.5 -0.6481891274 -0.7574628592 -0.0781082809 -0.6648961306 0.5129923224 0.5429106951 -0.3711657524 0.4038426876 -0.8361501694
194.5 313.8 2237.8 0.7432563305 0.4543336034 0.4910713434 0.4747219086 0.1590351015 -0.8656482697 -0.4713906646 0.8765208721 -0.0974782705
378.5 431.3 2121.1 -0.8294174075 0.4543336034 0.3250350356 0.4345234334 0.1590351015 0.8865084648 0.3510785699 0.8765208721 -0.3293250799
-20.0 -91.3 2274.3 0.9951526523 0.0951338038 0.0249151867 -0.0941258669 0.9947996140 -0.0389105789 -0.0284873284 0.0363768041 0.9989320040
-57.8 -486.8 2259.8 0.9984731674 -0.0088167731 0.0545306057 -0.0072207171 0.9578770399 0.2870878875 -0.0547648035 -0.2870433033 0.9563508630
163.4 -82.7 2274.7 0.9955818057 0.0757986605 -0.0554205775 -0.0841830745 0.9819750190 -0.1692285091 0.0415943302 0.1731462926 0.9840174317
133.2 -473.1 2205.8 0.9958289862 -0.0900032148 -0.0149667747 0.0904038101 0.9511989355 0.2950385213 -0.0123180356 -0.2951609790 0.9553681016
-15.2 478.7 2150.0 0 0 0 0 0 0 0 0 0
169.4 540.8 2209.6 0 0 0 0 0 0 0 0 0
-54.4 -848.8 2368.3 0 0 0 0 0 0 0 0 0
167.6 -836.7 2318.7 0 0 0 0 0 0 0 0 0
46.6 505.5 2225.2 1 0.9989563227 -0.0410445593 0.0200391524 0.0393205062 0.9960240126 0.0799382403 -0.0232405048 -0.0790668651 0.9965983629
54.7 308.1 2240.8 0.9989563227 -0.0410445593 0.0200391524 0.0393205062 0.9960240126 0.0799382403 -0.0232405048 -0.0790668651 0.9965983629
62.5 110.2 2258.0 0.9990451932 -0.0389705412 0.0197486058 0.0371092074 0.9955020547 0.0871697515 -0.0230568293 -0.0863536596 0.9959977269
-85.8 302.9 2244.1 0.4618975818 -0.7489683628 -0.4750758111 -0.0131339012 0.5298040509 -0.8480183482 0.8868359923 0.3979372382 0.2348783463
-184.1 305.7 2055.4 -0.6580187678 -0.7489683628 -0.0778310150 -0.6652553678 0.5298040509 0.5260636210 -0.3527697921 0.3979372382 -0.8468762636
195.3 313.3 2237.6 0.7457953095 0.4528234601 0.4886105359 0.4722977281 0.1578545868 -0.8671889901 -0.4698129594 0.8775151372 -0.0961402729
379.8 430.2 2121.4 -0.8292621970 0.4528234601 0.3275288045 0.4361116588 0.1578545868 0.8859393597 0.3494721949 0.8775151372 -0.3283844590
-21.3 -91.4 2275.0 0.9947936535 0.0932499394 0.0411105789 -0.0920530185 0.9952988029 -0.0301087927 -0.0437249541 0.0261676833 0.9987008572
-58.4 -487.1 2264.6 0.9977295399 -0.0012329804 0.0673368499 -0.0171466544 0.9622346163 0.2716809511 -0.0651288256 -0.2722187340 0.9600287676
162.0 -83.9 2273.5 0.9965947866 0.0717900395 -0.0405594520 -0.0775572434 0.9831566811 -0.1654925644 0.0279955789 0.1680746973 0.9853766561
133.5 -474.8 2206.7 0.9960129261 -0.0891465247 -0.0033303685 0.0860015750 0.9496158361 0.3013858795 -0.0237049330 -0.3004706502 0.9534964561
-13.1 478.6 2147.1 0 0 0 0 0 0 0 0 0
171.3 539.9 2209.3 0 0 0 0 0 0 0 0 0
-57.9 -852.9 2368.0 0 0 0 0 0 0 0 0 0
167.6 -837.8 2321.6 0 0 0 0 0 0 0 0 0
48.3 506.7 2226.0 2 0.9990519881 -0.0356198475 0.0250260774 0.0335065499 0.9962063432 0.0803134218 -0.0277918875 -0.0793987513 0.9964554310
55.4 308.9 2241.8 0.9990519881 -0.0356198475 0.0250260774 0.0335065499 0.9962063432 0.0803134218 -0.0277918875 -0.0793987513 0.9964554310
62.2 110.9 2258.3 0.9990909100 -0.0346028470 0.0248991717 0.0324026458 0.9959460497 0.0839136168 -0.0277018826 -0.0830305368 0.9961618781
-85.2 304.3 2245.7 0.4624052644 -0.7462912798 -0.4787804186 -0.0080018304 0.5364423394 -0.8438990116 0.8866325617 0.3940544724 0.2420820743
-184.6 306.0 2055.2 -0.6618401408 -0.7462912798 -0.0708306134 -0.6610407829 0.5364423394 0.5246471763 -0.3535430729 0.3940544724 -0.8483680487
196.0 313.4 2237.9 0.7466385961 0.4515450299 0.4885058105 0.4713733196 0.1590539366 -0.8674727678 -0.4694018066 0.8779572248 -0.0940904617
380.5 429.9 2121.9 -0.8303667903 0.4515450299 0.3264936209 0.4349721372 0.1590539366 0.8862850070 0.3482674658 0.8779572248 -0.3284825981
-21.4 -91.1 2277.3 0.9946851134 0.0929475054 0.0442972146 -0.0908030421 0.9947022796 -0.0481894240 -0.0485416241 0.0439109839 0.9978554845
-58.4 -486.5 2259.9 0.9973155856 -0.0073824907 0.0728502348 -0.0139113590 0.9576810598 0.2874951065 -0.0718897209 -0.2877368033 0.9550075531
161.9 -84.3 2273.1 0.9974275827 0.0619443394 -0.0360714011 -0.0669481233 0.9848505855 -0.1599600464 0.0256163236 0.1619634777 0.9864642024
137.3 -475.9 2208.7 0.9974404573 -0.0713867620 -0.0040510315 0.0692343339 0.9501065016 0.3041450083 -0.0178630166 -0.3036470115 0.9526171088
-12.6 477.8 2147.1 0 0 0 0 0 0 0 0 0
171.7 539.3 2209.4 0 0 0 0 0 0 0 0 0
-55.6 -851.6 2369.5 0 0 0 0 0 0 0 0 0
164.5 -839.0 2324.8 0 0 0 0 0 0 0 0 0
49.3 507.7 2226.3 3 0.9990180731 -0.0324531384 0.0301618204 0.0299384929 0.9963145256 0.0803809613 -0.0326592736 -0.0793990344 0.9963077903
55.7 309.7 2242.0 0.9990180731 -0.0324531384 0.0301618204 0.0299384929 0.9963145256 0.0803809613 -0.0326592736 -0.0793990344 0.9963077903
62.1 111.7 2258.2 0.9990358949 -0.0319527611 0.0301039275 0.0293854866 0.9961848259 0.0821719691 -0.0326146968 -0.0812081248 0.9961634278
-84.9 305.6 2246.6 0.4600895643 -0.7559794784 -0.4656314254 0.0082019800 0.5280314684 -0.8491851687 0.8878346086 0.3868821263 0.2491422892
-183.3 303.8 2056.7 -0.6499797702 -0.7559794784 -0.0775971264 -0.6755748987 0.5280314684 0.5145690441 -0.3480299115 0.3868821263 -0.8539305329
196.3 313.9 2237.4 0.7536129951 0.4512068629 0.4779956043 0.4596389234 0.1581080407 -0.8739187121 -0.4698930681 0.8783018589 -0.0882399678
381.1 426.5 2122.3 -0.8263207078 0.4512068629 0.3370555341 0.4457311034 0.1581080407 0.8810934424 0.3442642093 0.8783018589 -0.3317649066
-22.5 -90.1 2277.4 0.9943661690 0.0942644998 0.0484777838 -0.0914928168 0.9941999316 -0.0565289892 -0.0535252877 0.0517751463 0.9972233176
-60.0 -485.4 2256.8 0.9966574907 -0.0189722441 0.0794597641 -0.0065465500 0.9509827495 0.3091746569 -0.0814305991 -0.3086614311 0.9476798773
160.8 -84.2 2272.3 0.9977699518 0.0586668998 -0.0318317339 -0.0631186366 0.9844125509 -0.1641584933 0.0217048861 0.1658015996 0.9859202504
137.5 -475.6 2206.3 0.9974130988 -0.0718720406 -0.0012242494 0.0687580928 0.9489555955 0.3078240156 -0.0209621806 -0.3071118891 0.9514425397
-14.4 479.4 2147.1 0 0 0 0 0 0 0 0 0
172.3 539.1 2209.2 0 0 0 0 0 0 0 0 0
-52.8 -848.3 2374.6 0 0 0 0 0 0 0 0 0
164.9 -838.3 2323.7 0 0 0 0 0 0 0 0 0
47.2 509.2 2228.5 4 0.9988204241 -0.0389637463 0.0289759096 0.0366891548 0.9964879751 0.0752702728 -0.0318069570 -0.0741183832 0.9967420697
54.9 311.0 2243.2 0.9988204241 -0.0389637463 0.0289759096 0.0366891548 0.9964879751 0.0752702728 -0.0318069570 -0.0741183832 0.9967420697
62.6 113.0 2258.1 0.9988314509 -0.0387060344 0.0289410651 0.0364061370 0.9964303970 0.0761643425 -0.0317857787 -0.0750217065 0.9966751933
-85.7 305.9 2247.7 0.4555594027 -0.7533664703 -0.4742410183 0.0107825939 0.5373628139 -0.8432822227 0.8901400566 0.3790515959 0.2529239357
-183.6 303.6 2056.2 -0.6539965868 -0.7533664703 -0.0687559620 -0.6725117564 0.5373628139 0.5088901520 -0.3464338779 0.3790515959 -0.8580812812
195.5 316.2 2238.8 0.7618508339 0.4484885335 0.4673770368 0.4433723390 0.1649706364 -0.8810253739 -0.4722332656 0.8784319758 -0.0731643811
381.6 424.5 2123.4 -0.8258935213 0.4484885335 0.3416986763 0.4522264898 0.1649706364 0.8765134811 0.3367359936 0.8784319758 -0.3390665650
-23.2 -89.1 2277.3 0.9947490096 0.0898806974 0.0489478186 -0.0871833041 0.9946889281 -0.0547078699 -0.0536050349 0.0501531698 0.9973019361
-59.0 -484.6 2257.4 0.9969275594 -0.0032159162 0.0782627538 -0.0213085543 0.9503399134 0.3104835749 -0.0753747076 -0.3111973107 0.9473515153
160.1 -83.7 2271.3 0.9976643324 0.0609646402 -0.0308093298 -0.0651686341 0.9846579432 -0.1618698239 0.0204683151 0.1634995490 0.9863310456
135.9 -475.2 2206.3 0.9965088964 -0.0834838301 0.0007256419 0.0791541263 0.9475194216 0.3097444475 -0.0265462119 -0.3086056411 0.9508195519
-13.6 478.4 2146.3 0 0 0 0 0 0 0 0 0
172.6 538.9 2208.6 0 0 0 0 0 0 0 0 0
-57.7 -847.5 2376.2 0 0 0 0 0 0 0 0 0
167.8 -837.4 2324.3 0 0 0 0 0 0 0 0 0
47.7 510.4 2231.1 5 0.9987885952 -0.0364184380 0.0330909789 0.0340777822 0.9970525503 0.0687376931 -0.0354967676 -0.0675267577 0.9970858097
54.9 312.0 2244.5 0.9987885952 -0.0364184380 0.0330909789 0.0340777822 0.9970525503 0.0687376931 -0.0354967676 -0.0675267577 0.9970858097
62.1 113.8 2258.0 0.9987933040 -0.0363040827 0.0330747701 0.0339489020 0.9970262051 0.0691821501 -0.0354880095 -0.0679758191 0.9970555902
-85.6 307.3 2249.5 0.4483107030 -0.7616281509 -0.4679103494 0.0213182066 0.5324222445 -0.8462104201 0.8936235309 0.3693901598 0.2549271286
-183.5 302.6 2054.5 -0.6448683143 -0.7616281509 -0.0637764335 -0.6788334846 0.5324222445 0.5056793690 -0.3511836529 0.3693901598 -0.8603609204
195.5 316.8 2239.5 0.7669946551 0.4367977381 0.4700286090 0.4398362339 0.1754507422 -0.8807730079 -0.4671865404 0.8822838664 -0.0575496703
382.1 423.9 2125.8 -0.8317849040 0.4367977381 0.3425515890 0.4522606134 0.1754507422 0.8744583130 0.3218604624 0.8822838664 -0.3434836864
-21.3 -88.5 2276.0 0.9941136241 0.0938714221 0.0540950447 -0.0913586393 0.9946991205 -0.0471938774 -0.0582384504 0.0419740267 0.9974198937
-58.7 -484.0 2259.3 0.9965472817 -0.0046959994 0.0828940645 -0.0200582072 0.9552089572 0.2952516675 -0.0805676579 -0.2958949506 0.9518166780
162.0 -81.8 2270.2 0.9975714087 0.0644448102 -0.0264223814 -0.0677641481 0.9857021570 -0.1542703211 0.0161026772 0.1556861550 0.9876753092
136.3 -473.7 2208.3 0.9973745346 -0.0722148269 0.0053862133 0.0671205819 0.9498067498 0.3055518568 -0.0271812361 -0.3043881059 0.9521601796
-15.9 479.1 2145.7 0 0 0 0 0 0 0 0 0
171.6 538.3 2207.3 0 0 0 0 0 0 0 0 0
-56.9 -848.9 2372.3 0 0 0 0 0 0 0 0 0
163.9 -836.8 2324.6 0 0 0 0 0 0 0 0 0
48.0 511.3 2233.0 6 0.9987835288 -0.0347614288 0.0349730141 0.0324511677 0.9973842502 0.0645873174 -0.0371266790 -0.0633738339 0.9972990155
55.0 312.9 2245.6 0.9987835288 -0.0347614288 0.0349730141 0.0324511677 0.9973842502 0.0645873174 -0.0371266790 -0.0633738339 0.9972990155
61.9 114.6 2258.2 0.9987856150 -0.0347083472 0.0349652953 0.0323904008 0.9973718524 0.0648089200 -0.0371228121 -0.0635976791 0.9972849488
-85.6 308.4 2250.8 0.4448293447 -0.7651631236 -0.4654591382 0.0329461843 0.5333371162 -0.8452609777 0.8950091600 0.3606617749 0.2624531984
-182.0 301.2 2056.9 -0.6402181983 -0.7651631236 -0.0681618676 -0.6895837188 0.5333371162 0.4899243414 -0.3385187984 0.3606617749 -0.8690961599
195.5 317.5 2240.4 0.7700023651 0.4312932491 0.4701941013 0.4354297817 0.1834399104 -0.8813346028 -0.4663660526 0.8833662271 -0.0465487540
382.8 423.4 2126.9 -0.8346615434 0.4312932491 0.3425291181 0.4528505504 0.1834399104 0.8725113869 0.3134747744 0.8833662271 -0.3484216332
-22.3 -87.5 2274.8 0.9944630265 0.0887805820 0.0562251806 -0.0861945748 0.9951754808 -0.0468639843 -0.0601145327 0.0417581946 0.9973176718
-57.6 -483.2 2258.2 0.9964711070 -0.0072238175 0.0836252645 -0.0184921715 0.9529169202 0.3026670516 -0.0818743408 -0.3031453788 0.9494205713
161.0 -81.3 2268.3 0.9977309108 0.0628581196 -0.0241233893 -0.0657205433 0.9870772362 -0.1461484432 0.0146250315 0.1474022120 0.9889684916
136.0 -473.7 2209.7 0.9973074198 -0.0731697530 0.0049033826 0.0686734691 0.9552940726 0.2875711620 -0.0257256832 -0.2864601016 0.9577467442
-15.6 480.5 2144.9 0 0 0 0 0 0 0 0 0
171.8 537.9 2206.2 0 0 0 0 0 0 0 0 0
-54.8 -847.4 2374.1 0 0 0 0 0 0 0 0 0
164.0 -838.9 2319.2 0 0 0 0 0 0 0 0 0
48.4 511.8 2232.9 7 0.9987778664 -0.0319836251 0.0376803018 0.0294720344 0.9974222779 0.0654231682 -0.0396756418 -0.0642326996 0.9971459508
54.7 313.3 2245.7 0.9987778664 -0.0319836251 0.0376803018 0.0294720344 0.9974222779 0.0654231682 -0.0396756418 -0.0642326996 0.9971459508
61.1 115.0 2258.5 0.9987788796 -0.0319562964 0.0376768745 0.0294407103 0.9974161983 0.0655300394 -0.0396736227 -0.0643407851 0.9971390367
-85.8 309.2 2251.3 0.4782556295 -0.7518078685 -0.4539344013 0.0588195696 0.5431399345 -0.8375794291 0.8762487173 0.3738768399 0.3039807677
-190.6 296.3 2059.4 -0.6538730264 -0.7518078685 -0.0850583836 -0.6872406602 0.5431399345 0.4823891521 -0.3164653778 0.3738768399 -0.8718175292
195.3 317.5 2240.1 0.7702933550 0.4306834936 0.4702763259 0.4351795614 0.1840232760 -0.8813365698 -0.4661189318 0.8835423589 -0.0456727482
382.8 423.4 2126.6 -0.8356140852 0.4306834936 0.3409703970 0.4511771202 0.1840232760 0.8732551932 0.3133501112 0.8835423589 -0.3480869830
-22.9 -86.6 2274.3 0.9944766760 0.0869692862 0.0587576255 -0.0844197348 0.9954330921 -0.0445670150 -0.0623652488 0.0393605530 0.9972769618
-57.5 -482.4 2258.6 0.9963826537 -0.0035611046 0.0849057361 -0.0219616219 0.9543905854 0.2977521122 -0.0820935592 -0.2985396981 0.9508599639
160.4 -80.7 2267.5 0.9977925420 0.0625557452 -0.0222884789 -0.0651870221 0.9866949320 -0.1489421129 0.0126747442 0.1500662565 0.9885947108
135.5 -473.0 2207.8 0.9971260428 -0.0753765032 0.0076211565 0.0695636049 0.9507646561 0.3020057678 -0.0300100669 -0.3006076813 0.9532756209
-20.7 474.9 2141.6 0 0 0 0 0 0 0 0 0
171.2 537.7 2206.0 0 0 0 0 0 0 0 0 0
-56.1 -847.2 2372.8 0 0 0 0 0 0 0 0 0
164.3 -836.4 2322.7 0 0 0 0 0 0 0 0 0
48.5 511.9 2231.7 8 0.9986803532 -0.0324176811 0.0398328751 0.0296174623 0.9971780181 0.0689837411 -0.0419567600 -0.0677129552 0.9968222380
54.9 313.5 2245.2 0.9986803532 -0.0324176811 0.0398328751 0.0296174623 0.9971780181 0.0689837411 -0.0419567600 -0.0677129552 0.9968222380
61.4 115.2 2258.7 0.9986810088 -0.0324000977 0.0398311317 0.0295977686 0.9971749187 0.0690373257 -0.0419554226 -0.0677673519 0.9968186021
-85.6 309.3 2251.1 0.4756454229 -0.7592326403 -0.4442153275 0.0698182285 0.5359903574 -0.8413321376 0.8768619299 0.3691614568 0.3079496324
-189.0 294.1 2060.6 -0.6443164349 -0.7592326403 -0.0917723924 -0.6990125179 0.5359903574 0.4733875692 -0.3102221787 0.3691614568 -0.8760604858
195.5 317.6 2239.3 0.7741565704 0.4328309596 0.4618863165 0.4255570173 0.1842939407 -0.8859666586 -0.4685966372 0.8824359179 -0.0415218845
382.5 420.4 2126.1 -0.8311645389 0.4328309596 0.3490313888 0.4605855644 0.1842939407 0.8682722449 0.3114907146 0.8824359179 -0.3525342643
-24.2 -85.9 2274.9 0.9947544336 0.0825045854 0.0604701452 -0.0797493160 0.9957229495 -0.0466465801 -0.0640600622 0.0415794365 0.9970794916
