21.7 495.8 2225.9 6 0.9938240647 -0.0880728066 0.0675046667 0.0809699148 0.9915273786 0.1015743688 -0.0758786649 -0.0954812020 0.9925349951
39.2 298.5 2244.9 0.9938240647 -0.0880728066 0.0675046667 0.0809699148 0.9915273786 0.1015743688 -0.0758786649 -0.0954812020 0.9925349951
56.7 101.3 2263.9 0.9938204288 -0.0881162882 0.0675012469 0.0810106844 0.9915201068 0.1016128212 -0.0758825913 -0.0955165774 0.9925312996
-100.7 287.1 2255.5 0.5906532407 -0.7005197406 -0.4005006850 0.0464279987 0.5250099897 -0.8498287797 0.8055887222 0.4833596945 0.3426225781
-227.3 277.1 2082.9 -0.6896728873 -0.7005197406 -0.1833668351 -0.6720964313 0.5250099897 0.5221598744 -0.2695138752 0.4833596945 -0.8329019547
179.1 309.9 2234.2 0.6279788017 0.4559245706 0.6306943893 0.6476277113 0.1432242244 -0.7483749986 -0.4315332770 0.8784188032 -0.2053276151
338.0 473.8 2125.0 -0.8227574229 0.4559245706 0.3394156694 0.4442117810 0.1432242244 0.8843996525 0.3546069860 0.8784188032 -0.3203658760
-17.8 -102.4 2291.1 0.9881939292 0.1022481173 0.1140970066 -0.0946340635 0.9930284023 -0.0702777430 -0.1204873398 0.0586505719 0.9909808040
-58.4 -497.1 2267.8 0.9893259406 -0.0299078543 0.1426173449 -0.0114785088 0.9596753716 0.2808761895 -0.1452667564 -0.2795151174 0.9490884542
164.5 -88.2 2275.8 0.9981732368 0.0484742671 0.0360612944 -0.0426509343 0.9881165028 -0.1476708353 -0.0427909940 0.1458630264 0.9883789420
145.3 -481.1 2217.8 0.9970062375 -0.0558838435 0.0534377992 0.0378587730 0.9554206729 0.2928105295 -0.0674189553 -0.2899108231 0.9546760917
-68.7 431.6 2144.8 0 0 0 0 0 0 0 0 0
149.6 575.4 2206.1 0 0 0 0 0 0 0 0 0
-47.0 -862.6 2374.2 0 0 0 0 0 0 0 0 0
166.6 -846.3 2328.6 0 0 0 0 0 0 0 0 0
21.9 495.1 2225.5 7 0.9940533638 -0.0883304924 0.0636842847 0.0816531032 0.9915542603 0.1007617414 -0.0720467567 -0.0949625224 0.9928702712
39.5 297.8 2244.4 0.9940533638 -0.0883304924 0.0636842847 0.0816531032 0.9915542603 0.1007617414 -0.0720467567 -0.0949625224 0.9928702712
57.1 100.6 2263.2 0.9940515757 -0.0883511975 0.0636826307 0.0816725567 0.9915507436 0.1007803604 -0.0720486268 -0.0949797556 0.9928684831
-100.4 286.3 2254.5 0.5860765576 -0.7064127326 -0.3968568146 0.0483890586 0.5194330215 -0.8531399965 0.8088095188 0.4808017910 0.3386101425
-227.0 275.8 2079.8 -0.6850096583 -0.7064127326 -0.1781650186 -0.6727110744 0.5194330215 0.5269242525 -0.2796812356 0.4808017910 -0.8310282826
179.4 309.3 2234.2 0.6119293571 0.4580439031 0.6447776556 0.6649012566 0.1435533613 -0.7330066562 -0.4283092320 0.8772617579 -0.2167094350
335.0 478.4 2125.3 -0.8222566843 0.4580439031 0.3377717733 0.4434100091 0.1435533613 0.8847485185 0.3567653894 0.8772617579 -0.3211389482
-17.0 -103.2 2289.8 0.9876963496 0.1094217598 0.1117266640 -0.1033869386 0.9929213524 -0.0584667996 -0.1173333228 0.0461963639 0.9920175076
-60.5 -497.9 2271.5 0.9896276593 -0.0284229293 0.1408164948 -0.0095092980 0.9651206136 0.2616328299 -0.1433412880 -0.2602581382 0.9548397660
165.4 -88.3 2275.9 0.9985634089 0.0424990803 0.0326330028 -0.0373968706 0.9889314771 -0.1435825974 -0.0383739322 0.1421559602 0.9891001582
148.5 -481.5 2219.4 0.9981927872 -0.0369867682 0.0473622493 0.0222120937 0.9594193101 0.2811071575 -0.0558375008 -0.2795471251 0.9585069418
-69.1 430.9 2144.2 0 0 0 0 0 0 0 0 0
134.0 586.8 2212.5 0 0 0 0 0 0 0 0 0
-49.6 -866.1 2370.7 0 0 0 0 0 0 0 0 0
162.6 -848.3 2326.2 0 0 0 0 0 0 0 0 0
22.7 494.6 2224.5 8 0.9944955707 -0.0865892321 0.0589983724 0.0803635865 0.9916580319 0.1007769033 -0.0672324076 -0.0954808667 0.9931582212
39.9 297.3 2243.5 0.9944955707 -0.0865892321 0.0589983724 0.0803635865 0.9916580319 0.1007769033 -0.0672324076 -0.0954808667 0.9931582212
57.1 100.1 2262.5 0.9944946766 -0.0866007432 0.0589972027 0.0803742707 0.9916558266 0.1007903069 -0.0672334358 -0.0954935700 0.9931569099
-100.1 286.0 2253.0 0.5932931900 -0.7008012533 -0.3960818648 0.0420898758 0.5183686614 -0.8541208506 0.8038853407 0.4900730252 0.3370412290
-227.0 277.0 2080.9 -0.6886934638 -0.7008012533 -0.1859540194 -0.6707212925 0.5183686614 0.5304967761 -0.2753800750 0.4900730252 -0.8270394802
179.8 308.6 2234.1 0.5972926617 0.4608403444 0.6564050913 0.6734324098 0.1563184112 -0.7225326300 -0.4355803728 0.8736078739 -0.2169769704
329.8 477.7 2124.7 -0.8276763558 0.4608403444 0.3202780783 0.4309423566 0.1563184112 0.8887369037 0.3595004678 0.8736078739 -0.3279766738
-16.6 -104.0 2288.7 0.9890061021 0.1028586552 0.1062405407 -0.0964192599 0.9932760000 -0.0640790537 -0.1121172681 0.0531309396 0.9922735691
-57.5 -498.9 2267.6 0.9908081293 -0.0147496033 0.1344683319 -0.0224466790 0.9623313546 0.2709512115 -0.1333995163 -0.2714790106 0.9531546235
165.8 -89.0 2275.5 0.9986193776 0.0447268859 0.0275463164 -0.0402503610 0.9884895086 -0.1458368003 -0.0337520726 0.1445267200 0.9889250994
148.0 -482.0 2218.1 0.9983854294 -0.0357491225 0.0441424884 0.0211765543 0.9553442001 0.2947354317 -0.0527078025 -0.2933247685 0.9545587897
-69.5 430.4 2143.9 0 0 0 0 0 0 0 0 0
125.1 584.3 2213.6 0 0 0 0 0 0 0 0 0
-51.8 -866.3 2371.3 0 0 0 0 0 0 0 0 0
161.7 -847.2 2330.2 0 0 0 0 0 0 0 0 0
22.6 494.2 2223.1 9 0.9945782423 -0.0868871734 0.0571376234 0.0806703791 0.9913698435 0.1033349335 -0.0656230003 -0.0981653631 0.9930041432
39.8 296.9 2242.7 0.9945782423 -0.0868871734 0.0571376234 0.0806703791 0.9913698435 0.1033349335 -0.0656230003 -0.0981653631 0.9930041432
57.1 99.9 2262.2 0.9945775867 -0.0868951157 0.0571370460 0.0806779265 0.9913685322 0.1033415124 -0.0656237453 -0.0981714576 0.9930034876
-100.1 285.6 2251.9 0.5907140970 -0.6912949681 -0.4161347151 0.0015176568 0.5166835189 -0.8561751246 0.8068795204 0.5051231980 0.3062613606
-225.6 285.3 2080.5 -0.7003743649 -0.6912949681 -0.1777274162 -0.6510766149 0.5166835189 0.5560012460 -0.2925320268 0.5051231980 -0.8119578958
179.8 308.3 2233.4 0.5927185416 0.4687608182 0.6549412012 0.6784074903 0.1477188915 -0.7196821570 -0.4341059923 0.8708859682 -0.2304551303
328.3 478.2 2124.7 -0.8293286562 0.4687608182 0.3041007817 0.4130193591 0.1477188915 0.8986624479 0.3763363063 0.8708859682 -0.3161148131
-16.9 -104.4 2287.7 0.9899415374 0.0950917974 0.1047536805 -0.0893132240 0.9942812920 -0.0585480593 -0.1097220629 0.0486032665 0.9927732944
-54.7 -499.7 2268.3 0.9914379120 0.0090384437 0.1302659959 -0.0446110070 0.9610220790 0.2728486061 -0.1227223799 -0.2763237655 0.9531969428
165.6 -89.6 2275.3 0.9985352755 0.0473656841 0.0261489283 -0.0433884673 0.9897607565 -0.1359817833 -0.0323220529 0.1346480399 0.9903661609
146.7 -483.2 2221.8 0.9979710579 -0.0466392599 0.0433422066 0.0324551202 0.9583019614 0.2839085460 -0.0547762029 -0.2819258273 0.9578712583
-69.5 430.4 2145.7 0 0 0 0 0 0 0 0 0
122.4 580.7 2218.1 0 0 0 0 0 0 0 0 0
-58.2 -866.8 2373.9 0 0 0 0 0 0 0 0 0
164.6 -849.5 2329.5 0 0 0 0 0 0 0 0 0
23.0 494.1 2221.0 0 0.9948484898 -0.0856880248 0.0541667975 0.0794853494 0.9909884334 0.1078144759 -0.0629170835 -0.1029535979 0.9926943183
40.1 296.9 2241.5 0.9948484898 -0.0856880248 0.0541667975 0.0794853494 0.9909884334 0.1078144759 -0.0629170835 -0.1029535979 0.9926943183
57.1 99.9 2262.0 0.9948476553 -0.0856981575 0.0541663542 0.0794951618 0.9909871221 0.1078196168 -0.0629180968 -0.1029581279 0.9926937819
-100.0 285.7 2250.3 0.5892207026 -0.6870548129 -0.4251760244 -0.0161278341 0.5161200166 -0.8563644290 0.8078111410 0.5114448071 0.2930279076
-224.9 289.1 2079.0 -0.7056444883 -0.6870548129 -0.1732672453 -0.6417965293 0.5161200166 0.5672013164 -0.3002717197 0.5114448071 -0.8051466346
180.1 308.1 2232.6 0.5910005569 0.4735257030 0.6530633569 0.6842243671 0.1345408857 -0.7167536616 -0.4272649884 0.8704436421 -0.2444840968
327.4 478.6 2126.2 -0.8276782632 0.4735257030 0.3012010157 0.4059287310 0.1345408857 0.9039472342 0.3875184059 0.8704436421 -0.3035742640
-16.9 -104.6 2287.7 0.9897409081 0.0998288020 0.1022112519 -0.0953003913 0.9942770600 -0.0482802875 -0.1064460650 0.0380442031 0.9935904145
-56.5 -499.9 2272.6 0.9918076992 -0.0081604682 0.1274789423 -0.0245124828 0.9672526121 0.2526291907 -0.1253659129 -0.2536844015 0.9591285586
165.7 -89.8 2275.7 0.9987522364 0.0445565283 0.0225545559 -0.0409617759 0.9892467260 -0.1404033303 -0.0285679065 0.1393042654 0.9898374677
147.9 -483.2 2220.3 0.9982516766 -0.0440725386 0.0393847525 0.0305599570 0.9552145004 0.2943320870 -0.0505928472 -0.2926138937 0.9548913240
-69.7 430.3 2145.1 0 0 0 0 0 0 0 0 0
121.8 579.4 2222.4 0 0 0 0 0 0 0 0 0
-53.4 -869.4 2369.5 0 0 0 0 0 0 0 0 0
164.8 -848.3 2332.1 0 0 0 0 0 0 0 0 0
23.1 493.9 2218.8 1 0.9951078296 -0.0850074515 0.0503398776 0.0789933950 0.9906382561 0.1113368124 -0.0593330637 -0.1068156138 0.9925069213
40.0 296.8 2240.1 0.9951078296 -0.0850074515 0.0503398776 0.0789933950 0.9906382561 0.1113368124 -0.0593330637 -0.1068156138 0.9925069213
56.9 99.9 2261.3 0.9951068759 -0.0850193128 0.0503395274 0.0790050030 0.9906368852 0.1113408804 -0.0593343154 -0.1068189964 0.9925065041
-100.1 285.7 2248.4 0.6218710542 -0.6587940454 -0.4233991802 -0.0508939996 0.5055155754 -0.8613151312 0.7814641595 0.5571753979 0.2808368206
-230.7 296.4 2084.2 -0.7211745977 -0.6587940454 -0.2142373323 -0.6352422237 0.5055155754 0.5838847160 -0.2763594389 0.5571753979 -0.7830587626
180.0 307.9 2231.7 0.5877533555 0.4834720194 0.6486915946 0.6881862879 0.1228054762 -0.7150653005 -0.4253769517 0.8667027354 -0.2605395019
326.1 478.9 2126.0 -0.8228522539 0.4834720194 0.2986117005 0.4015150070 0.1228054762 0.9075816870 0.4021192193 0.8667027354 -0.2951720357
-17.2 -104.5 2288.2 0.9901034236 0.1014401689 0.0969800651 -0.0961088836 0.9936702251 -0.0581598394 -0.1022659466 0.0482636094 0.9935855865
-57.5 -499.5 2269.0 0.9919929504 -0.0198579673 0.1247223392 -0.0144797647 0.9631655216 0.2685191333 -0.1254605055 -0.2681750357 0.9551658630
165.4 -89.9 2276.6 0.9988611937 0.0439897701 0.0184711907 -0.0409471840 0.9891160727 -0.1413246840 -0.0244869925 0.1404073983 0.9897909760
147.9 -483.1 2220.8 0.9983361363 -0.0459319465 0.0348596983 0.0345580652 0.9605513811 0.2759470046 -0.0461593159 -0.2742832005 0.9605404735
-74.1 434.4 2144.2 0 0 0 0 0 0 0 0 0
121.2 578.9 2226.2 0 0 0 0 0 0 0 0 0
-49.9 -867.5 2371.5 0 0 0 0 0 0 0 0 0
165.5 -850.3 2325.7 0 0 0 0 0 0 0 0 0
22.7 493.6 2218.5 2 0.9949465990 -0.0878078416 0.0486935563 0.0819265246 0.9903404117 0.1118656769 -0.0580458790 -0.1073110774 0.9925295711
40.1 296.6 2239.8 0.9949465990 -0.0878078416 0.0486935563 0.0819265246 0.9903404117 0.1118656769 -0.0580458790 -0.1073110774 0.9925295711
57.6 99.7 2261.1 0.9949460626 -0.0878141671 0.0486935712 0.0819328278 0.9903398752 0.1118654981 -0.0580465607 -0.1073105335 0.9925296307
-99.9 285.1 2248.0 0.6364975572 -0.6437391639 -0.4248185158 -0.0731600001 0.4979225993 -0.8641300201 0.7678010464 0.5810963511 0.2698305547
-236.1 300.7 2083.7 -0.7318050265 -0.6437391639 -0.2237438858 -0.6225818992 0.4979225993 0.6037092805 -0.2772241831 0.5810963511 -0.7651625872
180.2 308.1 2231.6 0.5883170962 0.4806198180 0.6502981186 0.6870656013 0.1269644499 -0.7154166102 -0.4264081419 0.8676892519 -0.2555219829
326.2 478.6 2125.8 -0.8257012963 0.4806198180 0.2953336537 0.3987537622 0.1269644499 0.9082265496 0.3990148008 0.8676892519 -0.2964836657
-17.5 -104.3 2288.0 0.9906731844 0.0968424901 0.0958551764 -0.0916384608 0.9941430092 -0.0572897233 -0.1008418351 0.0479713678 0.9937452674
-56.0 -499.6 2268.9 0.9923017025 -0.0188073684 0.1224076673 -0.0154988412 0.9617716670 0.2734135985 -0.1228704229 -0.2732059658 0.9540761709
165.1 -89.8 2277.1 0.9988787174 0.0440770388 0.0172770601 -0.0410454497 0.9881500006 -0.1479014158 -0.0235913843 0.1470264345 0.9888511896
147.6 -482.7 2218.6 0.9981948137 -0.0492331758 0.0343981162 0.0373282619 0.9572456479 0.2868577540 -0.0470503643 -0.2850558758 0.9573554397
-77.2 435.9 2143.9 0 0 0 0 0 0 0 0 0
120.5 578.0 2225.2 0 0 0 0 0 0 0 0 0
-48.8 -867.2 2373.3 0 0 0 0 0 0 0 0 0
166.4 -848.6 2327.6 0 0 0 0 0 0 0 0 0
24.2 493.5 2218.5 3 0.9949065447 -0.0874433070 0.0501461998 0.0813299492 0.9902428389 0.1131572649 -0.0595517568 -0.1085025147 0.9923108220
41.6 296.5 2240.1 0.9949065447 -0.0874433070 0.0501461998 0.0813299492 0.9902428389 0.1131572649 -0.0595517568 -0.1085025147 0.9923108220
59.0 99.6 2261.6 0.9949063659 -0.0874455348 0.0501462370 0.0813321918 0.9902427197 0.1131568402 -0.0595520027 -0.1085019559 0.9923108816
-98.4 285.0 2248.4 0.6049404740 -0.7061813474 -0.3679061532 0.0020629193 0.4634249210 -0.8861337900 0.7962680459 0.5352992415 0.2818012834
-231.7 284.6 2073.0 -0.6746548414 -0.7061813474 -0.2148226202 -0.6698144674 0.4634249210 0.5801602602 -0.3101442158 0.5352992415 -0.7856623530
181.7 307.9 2231.7 0.5813283324 0.4834499061 0.6544719934 0.6919845343 0.1293846369 -0.7102231979 -0.4280359745 0.8657573462 -0.2593249083
325.0 478.6 2126.1 -0.8238591552 0.4834499061 0.2958585024 0.4015195668 0.1293846369 0.9066651464 0.4000476003 0.8657573462 -0.3007093072
-16.2 -104.7 2287.8 0.9905629158 0.0967788771 0.0970511660 -0.0914686322 0.9941315055 -0.0577581488 -0.1020713896 0.0483359434 0.9936020374
-54.7 -500.0 2268.6 0.9923685789 -0.0050839563 0.1232021600 -0.0283301491 0.9630209804 0.2679328322 -0.1200084239 -0.2693784535 0.9555277228
166.3 -89.7 2277.2 0.9985165000 0.0510881506 0.0188363567 -0.0479209460 0.9887797832 -0.1414855272 -0.0258532427 0.1403729767 0.9897611141
146.0 -482.8 2221.3 0.9979669452 -0.0511719361 0.0379919894 0.0388932787 0.9612174630 0.2730352581 -0.0504903086 -0.2710025311 0.9612535238
-78.6 436.5 2143.4 0 0 0 0 0 0 0 0 0
119.2 578.9 2226.1 0 0 0 0 0 0 0 0 0
-52.8 -868.1 2371.6 0 0 0 0 0 0 0 0 0
165.6 -850.2 2324.9 0 0 0 0 0 0 0 0 0
25.6 493.1 2216.5 4 0.9953208566 -0.0846226886 0.0466414168 0.0786278844 0.9898874164 0.1180701703 -0.0561611690 -0.1138503850 0.9919092655
42.4 296.1 2239.1 0.9953208566 -0.0846226886 0.0466414168 0.0786278844 0.9898874164 0.1180701703 -0.0561611690 -0.1138503850 0.9919092655
59.2 99.3 2261.7 0.9953200817 -0.0846320093 0.0466410369 0.0786369443 0.9898861647 0.1180746183 -0.0561622083 -0.1138543338 0.9919087887
-97.7 285.0 2247.0 0.6357740164 -0.6633830667 -0.3946065307 -0.0496732518 0.4750074744 -0.8785786629 0.7702752352 0.5781788826 0.2690449953
-236.4 295.9 2078.9 -0.7113956213 -0.6633830667 -0.2320326865 -0.6399552822 0.4750074744 0.6040075421 -0.2904711068 0.5781788826 -0.7624537349
182.5 307.2 2231.2 0.5661650896 0.4835535586 0.6675574780 0.7066282034 0.1322693229 -0.6951124668 -0.4244214892 0.8652634025 -0.2668063045
321.6 480.8 2126.9 -0.8201911449 0.4835535586 0.3057163060 0.4137221873 0.1322693229 0.9007434249 0.3951207995 0.8652634025 -0.3085429668
-14.9 -104.7 2288.7 0.9896774888 0.1102968156 0.0915047452 -0.1042597815 0.9921997190 -0.0683342814 -0.0983280316 0.0580886342 0.9934572577
-58.7 -499.2 2265.6 0.9920780063 -0.0202224981 0.1239849553 -0.0152671924 0.9602335095 0.2787803411 -0.1246921495 -0.2784647346 0.9523178339
167.7 -89.8 2277.7 0.9980542064 0.0606515855 0.0144650666 -0.0580154955 0.9883065224 -0.1410120726 -0.0228485242 0.1398984790 0.9899021983
143.6 -482.8 2222.1 0.9973119497 -0.0628224686 0.0377129801 0.0503675304 0.9615836143 0.2698518634 -0.0532169454 -0.2672269940 0.9621630311
-79.4 437.1 2143.0 0 0 0 0 0 0 0 0 0
114.7 585.1 2226.6 0 0 0 0 0 0 0 0 0
-51.0 -866.2 2372.0 0 0 0 0 0 0 0 0 0
167.6 -850.3 2324.3 0 0 0 0 0 0 0 0 0
25.2 492.3 2212.5 5 0.9960014224 -0.0837221518 0.0311736409 0.0790965632 0.9886198044 0.1279633790 -0.0415322483 -0.1249859706 0.9912888408
41.9 295.6 2237.3 0.9960014224 -0.0837221518 0.0311736409 0.0790965632 0.9886198044 0.1279633790 -0.0415322483 -0.1249859706 0.9912888408
58.5 99.0 2262.2 0.9959942102 -0.0838082805 0.0311726946 0.0791817084 0.9886115193 0.1279745251 -0.0415430106 -0.1249935776 0.9912874103
-98.3 284.4 2243.2 0.6651545167 -0.6195582151 -0.4167937934 -0.0966565534 0.4820414186 -0.8708005548 0.7404235005 0.6195027828 0.2607476711
-241.8 305.3 2083.3 -0.7460187078 -0.6195582151 -0.2441386878 -0.6070706248 0.4820414186 0.6317446828 -0.2737176418 0.6195027828 -0.7357274890
182.1 306.7 2231.5 0.5716630816 0.4743204117 0.6694934368 0.7013209462 0.1410293430 -0.6987558007 -0.4258523583 0.8689826727 -0.2520295680
323.2 479.9 2126.4 -0.8254601359 0.4743204117 0.3059995472 0.4143452048 0.1410293430 0.8991266489 0.3833192289 0.8689826727 -0.3129464984
-15.3 -104.7 2289.5 0.9907435775 0.1132491603 0.0748452619 -0.1080380008 0.9916539192 -0.0703587309 -0.0821886584 0.0616213307 0.9947099090
-60.3 -499.0 2265.0 0.9936686158 -0.0250585284 0.1095206141 -0.0064706062 0.9604275227 0.2784547806 -0.1121642813 -0.2774004340 0.9541845322
167.4 -90.3 2279.2 0.9981843829 0.0602112152 -0.0016075447 -0.0597999692 0.9874672294 -0.1460562646 -0.0072068274 0.1458872110 0.9892749786
143.4 -482.9 2221.2 0.9976405501 -0.0646772459 0.0230254624 0.0561556071 0.9617034793 0.2682777941 -0.0394951366 -0.2663517892 0.9630663991
-79.6 437.3 2142.9 0 0 0 0 0 0 0 0 0
116.0 583.9 2222.6 0 0 0 0 0 0 0 0 0
-50.7 -866.1 2371.1 0 0 0 0 0 0 0 0 0
168.2 -850.5 2323.0 0 0 0 0 0 0 0 0 0
25.2 491.9 2209.4 6 0.9964157939 -0.0825935155 0.0182728339 0.0794290155 0.9878278971 0.1337424815 -0.0290966779 -0.1318117380 0.9908476472
41.7 295.3 2235.7 0.9964157939 -0.0825935155 0.0182728339 0.0794290155 0.9878278971 0.1337424815 -0.0290966779 -0.1318117380 0.9908476472
58.1 98.9 2261.9 0.9964087009 -0.0826789737 0.0182717666 0.0795135051 0.9878193736 0.1337552518 -0.0291079525 -0.1318220496 0.9908459187
-98.5 284.1 2239.7 0.6726508737 -0.6089422703 -0.4203927815 -0.1209390089 0.4700172544 -0.8743326068 0.7300099730 0.6389625072 0.2425126433
-244.7 310.4 2081.2 -0.7569936514 -0.6089422703 -0.2369598150 -0.5849910975 0.4700172544 0.6609607935 -0.2911117971 0.6389625072 -0.7120258808
181.9 306.5 2231.6 0.5804408193 0.4603264332 0.6717053056 0.6974104643 0.1448057592 -0.7018902898 -0.4203654230 0.8758600950 -0.2369852960
325.3 478.8 2127.7 -0.8311211467 0.4603264332 0.3119892180 0.4170281291 0.1448057592 0.8972841501 0.3678657711 0.8758600950 -0.3123202026
-16.2 -104.8 2290.8 0.9911541939 0.1176852733 0.0613474846 -0.1133356616 0.9910786748 -0.0701290593 -0.0690533444 0.0625558570 0.9956497550
-63.0 -498.8 2266.0 0.9946630001 -0.0302648563 0.0986384600 0.0013368119 0.9597114325 0.2809842229 -0.1031684056 -0.2793527544 0.9546299577
166.6 -90.2 2283.2 0.9981781840 0.0583739094 -0.0152591756 -0.0600417294 0.9859491587 -0.1558821797 0.0059453188 0.1565143615 0.9876577854
143.4 -482.2 2221.0 0.9985935092 -0.0520040058 0.0103225494 0.0473653041 0.9625239372 0.2670284808 -0.0238222517 -0.2661639750 0.9636333585
-79.7 437.9 2144.6 0 0 0 0 0 0 0 0 0
117.8 582.9 2219.5 0 0 0 0 0 0 0 0 0
-51.4 -865.7 2372.8 0 0 0 0 0 0 0 0 0
163.2 -850.2 2322.7 0 0 0 0 0 0 0 0 0
25.5 488.8 2204.2 7 0.9962194562 -0.0868422836 -0.0022868570 0.0862530917 0.9856370687 0.1451893598 -0.0103545655 -0.1448377222 0.9894012213
42.8 292.7 2233.0 0.9962194562 -0.0868422836 -0.0022868570 0.0862530917 0.9856370687 0.1451893598 -0.0103545655 -0.1448377222 0.9894012213
60.1 96.8 2261.8 0.9962045550 -0.0870131478 -0.0022837119 0.0864220560 0.9856275320 0.1451537013 -0.0103793908 -0.1448001415 0.9894064665
-97.4 280.5 2234.5 0.6807220578 -0.6031966805 -0.4156576097 -0.1503157765 0.4403252304 -0.8851659894 0.7169537544 0.6650319099 0.2090691030
-240.8 312.2 2083.4 -0.7530775070 -0.6031966805 -0.2627317905 -0.5890784860 0.4403252304 0.6775693893 -0.2930201888 0.6650319099 -0.6869292259
183.0 304.9 2231.5 0.5762356520 0.4671091735 0.6706426144 0.7038084865 0.1335182637 -0.6977295280 -0.4154588878 0.8740605712 -0.2518174052
325.6 479.1 2128.7 -0.8267886043 0.4671091735 0.3134161234 0.4163542390 0.1335182637 0.8993453383 0.3782456815 0.8740605712 -0.3048742712
-16.9 -104.7 2290.7 0.9928451777 0.1113930121 0.0430121012 -0.1091997996 0.9927431941 -0.0503617488 -0.0483099185 0.0453045070 0.9978044033
-61.2 -499.4 2272.7 0.9970402122 -0.0195415337 0.0743569732 0.0004255561 0.9685459137 0.2488344610 -0.0768807456 -0.2480663210 0.9656875730
165.9 -90.1 2285.4 0.9976916313 0.0582134798 -0.0349659175 -0.0632908717 0.9837340117 -0.1681119204 0.0246107820 0.1699368805 0.9851475954
142.8 -481.2 2217.8 0.9982976913 -0.0579294562 -0.0067761596 0.0576261953 0.9617438316 0.2678208649 -0.0089977877 -0.2677554190 0.9634448886
-79.8 438.2 2146.0 0 0 0 0 0 0 0 0 0
119.4 582.9 2223.0 0 0 0 0 0 0 0 0 0
-53.7 -869.5 2367.5 0 0 0 0 0 0 0 0 0
164.9 -848.9 2320.2 0 0 0 0 0 0 0 0 0
23.7 487.2 2201.8 8 0.9954419732 -0.0940033123 -0.0160826594 0.0953534916 0.9840803742 0.1499783397 0.0017281686 -0.1508282721 0.9885584712
42.4 291.4 2231.8 0.9954419732 -0.0940033123 -0.0160826594 0.0953534916 0.9840803742 0.1499783397 0.0017281686 -0.1508282721 0.9885584712
61.0 95.7 2261.8 0.9954301715 -0.0941291228 -0.0160763096 0.0954767913 0.9840785265 0.1499119103 0.0017092741 -0.1507617533 0.9885686636
-97.7 277.9 2231.6 0.6952347159 -0.5915040374 -0.4083768725 -0.1593067050 0.4272181392 -0.8900033832 0.7009066343 0.6838183999 0.2027863115
-243.0 311.2 2085.1 -0.7557868361 -0.5915040374 -0.2809077799 -0.5892396569 0.4272181392 0.6857705712 -0.2856271863 0.6838183999 -0.6714234948
182.4 304.8 2232.0 0.5765262842 0.4694190323 0.6687774062 0.7097822428 0.1177335680 -0.6945127845 -0.4047550559 0.8750911951 -0.2653087974
326.7 482.4 2130.8 -0.8287929296 0.4694190323 0.3045456707 0.4005788565 0.1177335680 0.9086668491 0.3906902373 0.8750911951 -0.2856160700
-14.0 -107.1 2291.5 0.9931979179 0.1128108576 0.0288380962 -0.1107891649 0.9917767048 -0.0640684813 -0.0358285718 0.0604377352 0.9975287318
-58.9 -501.3 2267.5 0.9978353381 -0.0145842414 0.0641239658 -0.0028400654 0.9646310806 0.2635883391 -0.0657002106 -0.2631998956 0.9625015855
168.7 -91.2 2289.6 0.9966469407 0.0668197274 -0.0472232476 -0.0745405853 0.9794828296 -0.1872354895 0.0337433368 0.1901277155 0.9811792970
142.2 -480.5 2214.1 0.9979256392 -0.0634748191 -0.0107382713 0.0638610646 0.9549931288 0.2896720767 -0.0081319064 -0.2897569537 0.9570657015
-80.0 438.3 2146.7 0 0 0 0 0 0 0 0 0
119.4 582.6 2228.5 0 0 0 0 0 0 0 0 0
-53.3 -870.0 2368.1 0 0 0 0 0 0 0 0 0
166.4 -845.5 2324.8 0 0 0 0 0 0 0 0 0
23.9 487.0 2199.8 9 0.9953902364 -0.0919222683 -0.0273600146 0.0950798094 0.9831937551 0.1558521390 0.0125739137 -0.1577350795 0.9874014258
42.1 291.4 2231.2 0.9953902364 -0.0919222683 -0.0273600146 0.0950798094 0.9831937551 0.1558521390 0.0125739137 -0.1577350795 0.9874014258
60.4 95.9 2262.5 0.9953810573 -0.0920224860 -0.0273577776 0.0951781422 0.9831880331 0.1558282226 0.0125581399 -0.1577123255 0.9874052405
-97.9 278.0 2229.4 0.7184349895 -0.5487863421 -0.4274163544 -0.1875880361 0.4388398230 -0.8787663579 0.6698222756 0.7115147114 0.2123321444
-244.5 316.2 2092.8 -0.7795630693 -0.5487863421 -0.3018526435 -0.5759800673 0.4388398230 0.6896858215 -0.2460251898 0.7115147114 -0.6581932902
182.2 304.8 2232.9 0.5760107040 0.4848689437 0.6581138372 0.7070208192 0.1085736230 -0.6988084912 -0.4102843404 0.8678213358 -0.2802728713
326.0 481.3 2130.5 -0.8203526735 0.4848689437 0.3031889498 0.4004440308 0.1085736230 0.9098660946 0.4082475007 0.8678213358 -0.2832315266
-11.6 -108.6 2291.6 0.9931848645 0.1155151278 0.0154957073 -0.1140632033 0.9906829596 -0.0744097531 -0.0239467863 0.0721351504 0.9971073270
-57.5 -502.5 2262.9 0.9984015822 -0.0060198344 0.0561966822 -0.0104754213 0.9573734403 0.2886630595 -0.0555389151 -0.2887903452 0.9557800889
171.1 -91.1 2291.9 0.9588351846 0.0778697059 0.2730775476 -0.0172066316 0.9758310318 -0.2178478390 -0.2834413052 0.2041814327 0.9370010495
140.1 -479.0 2210.8 0.9588351846 -0.0737119615 0.2742290795 -0.0172066316 0.9488644600 0.3152145147 -0.2834413052 -0.3069573343 0.9085363150
-79.4 438.1 2144.9 0 0 0 0 0 0 0 0 0
120.3 581.7 2232.9 0 0 0 0 0 0 0 0 0
-55.2 -868.3 2373.3 0 0 0 0 0 0 0 0 0
168.3 -841.6 2328.1 0 0 0 0 0 0 0 0 0
20.6 486.4 2204.2 0 0.9943513870 -0.1016332805 -0.0305942725 0.1049402207 0.9845863581 0.1399187744 0.0159022994 -0.1423389912 0.9896902442
40.8 290.6 2232.5 0.9943513870 -0.1016332805 -0.0305942725 0.1049402207 0.9845863581 0.1399187744 0.0159022994 -0.1423389912 0.9896902442
61.0 94.9 2260.8 0.9943501353 -0.1016462594 -0.0305908378 0.1049520522 0.9845898151 0.1398855001 0.0159005895 -0.1423057467 0.9896950126
-99.1 275.8 2230.3 0.6911564469 -0.5765851736 -0.4357204437 -0.1955704242 0.4311895967 -0.8808108568 0.6957405806 0.6939921379 0.1852564514
-241.3 316.0 2087.2 -0.7665592432 -0.5765851736 -0.2827303410 -0.5794216990 0.4311895967 0.6916256547 -0.2768706977 0.6939921379 -0.6646183729
180.8 305.3 2234.8 0.5821792483 0.4784298241 0.6573981047 0.7032419443 0.1094997972 -0.7024675012 -0.4080663621 0.8712719083 -0.2727033794
328.3 483.6 2131.3 -0.8277913332 0.4784298241 0.2930296957 0.3873336017 0.1094997972 0.9154138565 0.4058745801 0.8712719083 -0.2759549320
-12.6 -108.3 2292.7 0.9932235479 0.1150538847 0.0164175332 -0.1135628968 0.9908192754 -0.0733524263 -0.0247062892 0.0709909350 0.9971709251
-58.4 -502.2 2264.5 0.9983677864 -0.0103034005 0.0561747774 -0.0060254056 0.9591004252 0.2830018699 -0.0567931347 -0.2828783989 0.9574729204
170.0 -90.8 2295.0 0.9552187920 0.0783984438 0.2853257656 -0.0135396980 0.9748330116 -0.2225246578 -0.2955905795 0.2086964995 0.9322403073
138.8 -478.4 2212.1 0.9552187920 -0.0779378340 0.2854519188 -0.0135396980 0.9521659613 0.3052812517 -0.2955905795 -0.2954753339 0.9084715247
-79.6 438.2 2145.5 0 0 0 0 0 0 0 0 0
121.4 580.4 2232.8 0 0 0 0 0 0 0 0 0
-54.4 -868.8 2372.6 0 0 0 0 0 0 0 0 0
168.6 -842.3 2325.0 0 0 0 0 0 0 0 0 0
15.8 485.1 2208.5 1 0.9933193326 -0.1119999662 -0.0277975276 0.1146507934 0.9851952195 0.1274580508 0.0131106935 -0.1297935545 0.9914543629
38.1 289.1 2234.3 0.9933193326 -0.1119999662 -0.0277975276 0.1146507934 0.9851952195 0.1274580508 0.0131106935 -0.1297935545 0.9914543629
60.4 93.3 2260.1 0.9933177233 -0.1120142788 -0.0277965926 0.1146647632 0.9851946831 0.1274498403 0.0131088533 -0.1297854781 0.9914554358
-101.7 273.0 2232.4 0.6724106073 -0.5832070708 -0.4557778835 -0.2073975056 0.4426484108 -0.8723810315 0.7105281353 0.6811254621 0.1766857952
-239.8 315.6 2086.5 -0.7642583251 -0.5832070708 -0.2752792835 -0.5831416249 0.4426484108 0.6811814904 -0.2754179239 0.6811254621 -0.6783900857
177.9 305.3 2236.1 0.5895544291 0.4852556586 0.6457185745 0.6992611885 0.0935230330 -0.7087222338 -0.4043010175 0.8693563342 -0.2841835320
328.3 483.6 2133.0 -0.8219969273 0.4852556586 0.2980737984 0.3877386749 0.0935230330 0.9170126319 0.4171087742 0.8693563342 -0.2650280297
-10.0 -110.5 2287.6 0.9921305776 0.1227746084 0.0245626923 -0.1212045476 0.9909576178 -0.0575543940 -0.0314068049 0.0541243665 0.9980401397
-58.8 -504.4 2266.1 0.9977658391 -0.0188317988 0.0640988126 0.0003961519 0.9611005783 0.2761983573 -0.0668067187 -0.2755558789 0.9589607716
172.5 -91.2 2290.6 0.9525259733 0.0818228126 0.2932563722 -0.0200108737 0.9779526591 -0.2078657746 -0.3037990034 0.1921292245 0.9331626296
139.9 -480.0 2214.2 0.9528862238 -0.0664341077 0.2959633768 -0.0250040628 0.9551966786 0.2949137390 -0.3022955656 -0.2884195149 0.9085326195
-79.2 438.1 2144.3 0 0 0 0 0 0 0 0 0
123.1 580.4 2237.1 0 0 0 0 0 0 0 0 0
-51.6 -871.8 2371.4 0 0 0 0 0 0 0 0 0
165.3 -845.1 2324.4 0 0 0 0 0 0 0 0 0
13.8 484.3 2207.4 2 0.9925839901 -0.1171191856 -0.0325591154 0.1203656420 0.9843807220 0.1284783781 0.0170032829 -0.1314445734 0.9911776781
37.1 288.4 2233.6 0.9925839901 -0.1171191856 -0.0325591154 0.1203656420 0.9843807220 0.1284783781 0.0170032829 -0.1314445734 0.9911776781
60.4 92.8 2259.7 0.9925827980 -0.1171297431 -0.0325571969 0.1203755811 0.9843816161 0.1284622550 0.0170019567 -0.1314285249 0.9911798239
-102.6 271.5 2231.2 0.6661756635 -0.6006439328 -0.4420824349 -0.1973654181 0.4296498299 -0.8811628222 0.7192057371 0.6742610335 0.1676759422
-234.6 310.6 2088.6 -0.7430325150 -0.6006439328 -0.2951772213 -0.6113296151 0.4296498299 0.6645879149 -0.2723578215 0.6742610335 -0.6864352226
176.8 305.4 2236.0 0.5931332111 0.4890812337 0.6395252347 0.6981652379 0.0831305534 -0.7110939622 -0.4009467959 0.8682677150 -0.2921520174
328.3 483.8 2133.5 -0.8187840581 0.4890812337 0.3006529808 0.3868786097 0.0831305534 0.9183758497 0.4241669476 0.8682677150 -0.2572810352
-8.5 -113.0 2284.7 0.9914166927 0.1289763302 0.0214024000 -0.1277371794 0.9904622436 -0.0516498424 -0.0278598759 0.0484726317 0.9984359145
-59.8 -506.8 2265.4 0.9978865385 -0.0166923124 0.0628000572 -0.0014530015 0.9604694247 0.2783817053 -0.0649643689 -0.2778846025 0.9584152699
173.8 -92.0 2287.1 0.9528912306 0.0871478766 0.2905228138 -0.0264729299 0.9780750275 -0.2065632790 -0.3021546602 0.1891413480 0.9343062043
139.1 -480.8 2211.9 0.9528860450 -0.0693619773 0.2952916324 -0.0264011268 0.9508444071 0.3085414767 -0.3021774590 -0.3018009067 0.9042151570
-79.4 438.3 2145.5 0 0 0 0 0 0 0 0 0
123.8 580.4 2239.4 0 0 0 0 0 0 0 0 0
-53.4 -874.0 2371.6 0 0 0 0 0 0 0 0 0
165.7 -844.3 2327.3 0 0 0 0 0 0 0 0 0
14.0 483.9 2206.1 3 0.9926210642 -0.1163052022 -0.0343005322 0.1198667213 0.9838812351 0.1327013522 0.0183137935 -0.1358336359 0.9905623794
37.2 288.1 2233.1 0.9926210642 -0.1163052022 -0.0343005322 0.1198667213 0.9838812351 0.1327013522 0.0183137935 -0.1358336359 0.9905623794
60.3 92.6 2260.1 0.9926201701 -0.1163132414 -0.0342995897 0.1198744178 0.9838814139 0.1326933950 0.0183127299 -0.1358257830 0.9905634522
-102.5 271.3 2230.5 0.6616447568 -0.5939152241 -0.4577017426 -0.2241425216 0.4258447587 -0.8765935898 0.7155321836 0.6825839877 0.1486362964
-239.0 317.5 2082.9 -0.7594810128 -0.5939152241 -0.2654303908 -0.5766778588 0.4258447587 0.6972079277 -0.3010502756 0.6825839877 -0.6659187675
176.9 305.0 2235.7 0.5938615203 0.4875069261 0.6400511861 0.6988795996 0.0815687254 -0.7105728984 -0.3986173570 0.8693006039 -0.2922680974
328.4 483.3 2134.0 -0.8188412786 0.4875069261 0.3030445576 0.3882774711 0.0815687254 0.9179254770 0.4227760434 0.8693006039 -0.2560797930
-7.4 -114.0 2284.3 0.9909026623 0.1335030347 0.0169947688 -0.1321042180 0.9889967442 -0.0665874332 -0.0256973952 0.0637365878 0.9976358414
-60.5 -507.1 2258.9 0.9976688027 -0.0171805397 0.0660436079 -0.0042177285 0.9504154921 0.3109543324 -0.0681112334 -0.3105080128 0.9481274486
174.7 -91.9 2287.4 0.9532551169 0.0909226686 0.2881627083 -0.0302044842 0.9775506854 -0.2085243315 -0.3006532490 0.1900730878 0.9346014261
138.6 -480.5 2211.8 0.9524900317 -0.0742896944 0.2953705490 -0.0196425244 0.9527937174 0.3029823601 -0.3039356768 -0.2943894863 0.9060673118
-79.4 438.7 2146.2 0 0 0 0 0 0 0 0 0
123.8 580.3 2239.6 0 0 0 0 0 0 0 0 0
-53.9 -870.3 2377.6 0 0 0 0 0 0 0 0 0
167.0 -844.8 2324.4 0 0 0 0 0 0 0 0 0
12.9 483.5 2205.5 4 0.9922252893 -0.1195110753 -0.0347285382 0.1231128350 0.9834049344 0.1332589686 0.0182262938 -0.1364984363 0.9904726148
36.7 287.8 2232.7 0.9922252893 -0.1195110753 -0.0347285382 0.1231128350 0.9834049344 0.1332589686 0.0182262938 -0.1364984363 0.9904726148
60.5 92.3 2259.8 0.9922248125 -0.1195150986 -0.0347279832 0.1231166646 0.9834050536 0.1332543939 0.0182257630 -0.1364939064 0.9904732108
-102.9 270.5 2230.1 0.6657516360 -0.5799368024 -0.4695189595 -0.2436279207 0.4258081019 -0.8713970780 0.7052802444 0.6945219636 0.1421936452
-241.5 321.2 2083.3 -0.7720975876 -0.5799368024 -0.2598819137 -0.5592463017 0.4258081019 0.7112882733 -0.3018424213 0.6945219636 -0.6530929208
176.4 305.1 2235.2 0.5970605612 0.4976028204 0.6292138696 0.6926888227 0.0758059472 -0.7172417045 -0.4045996368 0.8640861511 -0.2994231582
331.0 484.5 2130.5 -0.8124901652 0.4976028204 0.3037288487 0.3895525932 0.0758059472 0.9178792238 0.4337148070 0.8640861511 -0.2554340363
-7.6 -114.0 2285.4 0.9903628826 0.1375580579 0.0160993338 -0.1360161155 0.9879325032 -0.0740879104 -0.0260964446 0.0711841434 0.9971217513
-62.3 -506.8 2257.1 0.9970496297 -0.0315424614 0.0699790269 0.0067957924 0.9443619251 0.3288379014 -0.0764578804 -0.3273921609 0.9417901039
174.5 -92.0 2288.8 0.9530827999 0.0909643099 0.2887190580 -0.0302017387 0.9775974154 -0.2083053142 -0.3011993766 0.1898123920 0.9344785810
138.3 -480.7 2213.3 0.9519124627 -0.0765999630 0.2966397405 -0.0138531402 0.9564875364 0.2914440334 -0.3060568273 -0.2815386057 0.9094312787
-79.5 438.5 2146.6 0 0 0 0 0 0 0 0 0
123.9 583.8 2241.0 0 0 0 0 0 0 0 0 0
-50.3 -867.7 2382.2 0 0 0 0 0 0 0 0 0
167.6 -846.4 2321.0 0 0 0 0 0 0 0 0 0
11.9 483.4 2204.4 5 0.9920607209 -0.1210218444 -0.0341945030 0.1245971397 0.9827465415 0.1366923302 0.0170617718 -0.1398676336 0.9900231957
36.0 287.9 2232.3 0.9920607209 -0.1210218444 -0.0341945030 0.1245971397 0.9827465415 0.1366923302 0.0170617718 -0.1398676336 0.9900231957
60.0 92.5 2260.1 0.9920606613 -0.1210222095 -0.0341943055 0.1245974451 0.9827467203 0.1366907507 0.0170617271 -0.1398660392 0.9900234342
-103.6 270.3 2229.9 0.6720427275 -0.5865797997 -0.4519764781 -0.2196841687 0.4249515235 -0.8781543374 0.7071756721 0.6894493103 0.1567232758
-244.8 316.5 2081.3 -0.7665539384 -0.5865797997 -0.2613794804 -0.5660490394 0.4249515235 0.7064026594 -0.3032878935 0.6894493103 -0.6577811837
175.6 305.4 2234.7 0.5974388719 0.5014829636 0.6257647872 0.6926706433 0.0704842657 -0.7178017497 -0.4040718973 0.8622916341 -0.3052524924
332.6 487.4 2128.5 -0.8133882880 0.5014829636 0.2948123217 0.3780348897 0.0704842657 0.9231043458 0.4421414435 0.8622916341 -0.2469091415
-6.8 -114.5 2285.3 0.9905208945 0.1363516301 0.0166302007 -0.1348100305 0.9881963730 -0.0727612823 -0.0263550226 0.0698296502 0.9972107410
-61.0 -507.4 2257.5 0.9973012209 -0.0252904240 0.0689254329 0.0017676686 0.9467971325 0.3218261003 -0.0733975247 -0.3208357096 0.9442866445
175.3 -91.9 2288.6 0.9530890584 0.0908896253 0.2887218595 -0.0279028956 0.9761734605 -0.2151901424 -0.3014011681 0.1970391870 0.9329163432
139.1 -480.0 2210.3 0.9526317716 -0.0710547045 0.2957091630 -0.0214721393 0.9541838169 0.2984496355 -0.3033671379 -0.2906621099 0.9074601531
-79.5 438.5 2146.7 0 0 0 0 0 0 0 0 0
123.2 584.7 2242.3 0 0 0 0 0 0 0 0 0
-51.4 -869.2 2380.1 0 0 0 0 0 0 0 0 0
166.3 -844.8 2321.4 0 0 0 0 0 0 0 0 0
11.2 483.2 2204.3 6 0.9917855263 -0.1234530061 -0.0334789604 0.1269270331 0.9822597504 0.1380408108 0.0158434808 -0.1411562711 0.9898605347
35.8 287.8 2232.4 0.9917855263 -0.1234530061 -0.0334789604 0.1269270331 0.9822597504 0.1380408108 0.0158434808 -0.1411562711 0.9898605347
60.3 92.5 2260.4 0.9917855859 -0.1234525740 -0.0334789939 0.1269266009 0.9822598100 0.1380410790 0.0158435423 -0.1411565244 0.9898604751
-103.8 269.9 2230.1 0.6684430838 -0.5867961049 -0.4570056498 -0.2275003791 0.4236892462 -0.8767730594 0.7081153989 0.6900418401 0.1497157961
-242.4 317.1 2083.3 -0.7644874454 -0.5867961049 -0.2668882012 -0.5707598329 0.4236892462 0.7033638358 -0.2996535003 0.6900418401 -0.6588247418
175.4 305.7 2234.6 0.5990614295 0.5065168142 0.6201339364 0.6924183369 0.0612211302 -0.7188941240 -0.4020972848 0.8600538969 -0.3140463531
333.9 488.8 2128.2 -0.8107167482 0.5065168142 0.2935626507 0.3734254241 0.0612211302 0.9256378412 0.4508789182 0.8600538969 -0.2387792468
-6.9 -114.3 2286.3 0.9903166890 0.1377999783 0.0168543439 -0.1360850632 0.9875866771 -0.0784434602 -0.0274546333 0.0753902420 0.9967761040
-61.7 -507.0 2256.3 0.9973527193 -0.0193646215 0.0700899810 -0.0040475680 0.9476102591 0.3194032311 -0.0726031065 -0.3188413680 0.9450232387
175.1 -91.5 2289.4 0.9551296234 0.0891218036 0.2824618518 -0.0254556872 0.9748283029 -0.2214988619 -0.2950921655 0.2043698728 0.9333560467
139.7 -479.0 2208.2 0.9551296234 -0.0670670345 0.2884950638 -0.0254556872 0.9518350959 0.3055519760 -0.2950921655 -0.2991855741 0.9074186683
-79.7 438.5 2147.1 0 0 0 0 0 0 0 0 0
124.1 585.4 2244.9 0 0 0 0 0 0 0 0 0
-54.3 -869.2 2378.2 0 0 0 0 0 0 0 0 0
165.3 -842.9 2322.6 0 0 0 0 0 0 0 0 0
11.2 483.9 2204.8 7 0.9919002056 -0.1225352883 -0.0334521681 0.1259988546 0.9825133681 0.1370829642 0.0160697047 -0.1401875615 0.9899945259
35.6 288.4 2232.7 0.9919002056 -0.1225352883 -0.0334521681 0.1259988546 0.9825133681 0.1370829642 0.0160697047 -0.1401875615 0.9899945259
60.0 93.1 2260.6 0.9919002652 -0.1225350350 -0.0334521942 0.1259986013 0.9825133681 0.1370831430 0.0160697382 -0.1401877403 0.9899945259
-104.0 270.7 2230.4 0.6616894007 -0.6040329337 -0.4441974163 -0.2057418227 0.4234219491 -0.8822607994 0.7209975719 0.6751726270 0.1558989733
-236.2 311.8 2086.4 -0.7442366481 -0.6040329337 -0.2850543559 -0.6027095318 0.4234219491 0.6763542295 -0.2878419757 0.6751726270 -0.6791825891
175.2 306.2 2234.9 0.5975848436 0.5149505734 0.6145879030 0.6944692731 0.0506969132 -0.7177340984 -0.4007552862 0.8557194471 -0.3273216188
334.3 491.0 2128.3 -0.8072613478 0.5149505734 0.2883660793 0.3644878864 0.0506969132 0.9298270941 0.4641956985 0.8557194471 -0.2286188900
-6.1 -114.4 2287.0 0.9904980659 0.1365211904 0.0165985972 -0.1347852945 0.9876361489 -0.0800483227 -0.0273216665 0.0770504624 0.9966527820
-60.4 -507.1 2256.4 0.9974204898 -0.0145272342 0.0702941492 -0.0091637019 0.9455214739 0.3254307210 -0.0711922422 -0.3252354264 0.9429494143
175.9 -91.1 2289.9 0.9564341307 0.0894286782 0.2779140472 -0.0256789513 0.9740091562 -0.2250484526 -0.2908166051 0.2081074864 0.9338720441
140.3 -478.4 2207.2 0.9564341307 -0.0648338869 0.2846581638 -0.0256789513 0.9525690079 0.3032373190 -0.2908166051 -0.2973362505 0.9094046950
-79.6 438.6 2147.0 0 0 0 0 0 0 0 0 0
124.9 585.5 2248.6 0 0 0 0 0 0 0 0 0
-54.8 -868.6 2380.7 0 0 0 0 0 0 0 0 0
165.1 -842.6 2320.9 0 0 0 0 0 0 0 0 0
10.6 484.5 2205.0 8 0.9916863441 -0.1233124956 -0.0367724970 0.1272315383 0.9823808074 0.1368944645 0.0192437991 -0.1404349953 0.9899028540
35.1 289.1 2232.9 0.9916863441 -0.1233124956 -0.0367724970 0.1272315383 0.9823808074 0.1368944645 0.0192437991 -0.1404349953 0.9899028540
59.6 93.8 2260.8 0.9916863441 -0.1233128011 -0.0367723480 0.1272317916 0.9823809266 0.1368932575 0.0192437619 -0.1404337883 0.9899030328
-104.5 271.2 2230.2 0.6585837603 -0.6132115722 -0.4361639917 -0.1932389587 0.4223632216 -0.8855890632 0.7272731066 0.6675184369 0.1596651971
-233.1 308.9 2088.1 -0.7329524159 -0.6132115722 -0.2945375144 -0.6193270087 0.4223632216 0.6618484259 -0.2814512849 0.6675184369 -0.6893506646
174.7 307.0 2235.6 0.5995889902 0.5133084059 0.6140093803 0.6920871139 0.0526975058 -0.7198877931 -0.4018812180 0.8565847874 -0.3236572742
334.8 491.8 2128.3 -0.8095076680 0.5133084059 0.2849768400 0.3611660898 0.0526975058 0.9310113192 0.4628783464 0.8565847874 -0.2280486077
-6.7 -113.8 2287.0 0.9905849099 0.1361699849 0.0141146481 -0.1347292066 0.9879713058 -0.0758998692 -0.0242801514 0.0732836127 0.9970155358
-60.8 -506.6 2257.8 0.9976612329 -0.0193850510 0.0655461028 -0.0019697344 0.9503896832 0.3110555708 -0.0683241636 -0.3104571998 0.9481287599
175.3 -90.7 2289.9 0.9468317032 0.0933782160 0.3078802228 -0.0234519932 0.9744402170 -0.2234193683 -0.3208733797 0.2043201327 0.9248208404
138.2 -478.1 2208.7 0.9468317032 -0.0746111348 0.3129583001 -0.0234519932 0.9541445971 0.2984260321 -0.3208733797 -0.2898987234 0.9016645551
-79.8 438.5 2147.0 0 0 0 0 0 0 0 0 0
124.7 585.6 2248.5 0 0 0 0 0 0 0 0 0
-53.4 -869.9 2376.5 0 0 0 0 0 0 0 0 0
166.7 -842.9 2319.5 0 0 0 0 0 0 0 0 0
14.3 486.9 2205.4 9 0.9926393032 -0.1160190776 -0.0347390920 0.1197132096 0.9833854437 0.1364619881 0.0183297228 -0.1396162659 0.9900360107
37.3 291.2 2233.2 0.9926393032 -0.1160190776 -0.0347390920 0.1197132096 0.9833854437 0.1364619881 0.0183297228 -0.1396162659 0.9900360107
60.4 95.7 2261.0 0.9926391840 -0.1160201803 -0.0347381793 0.1197140291 0.9833863974 0.1364542544 0.0183296055 -0.1396084875 0.9900371432
-102.4 274.4 2230.6 0.6739761829 -0.5907449126 -0.4435950816 -0.2026744932 0.4295672178 -0.8799971938 0.7104077339 0.6830025315 0.1697891504
-236.9 314.8 2088.8 -0.7543917298 -0.5907449126 -0.2862055302 -0.5943239331 0.4295672178 0.6798905134 -0.2786973119 0.6830025315 -0.6751557589
177.1 308.1 2235.8 0.5973114967 0.5197933316 0.6107649803 0.6880850792 0.0590931736 -0.7232198119 -0.4120168984 0.8522458076 -0.3223650157
336.1 491.3 2126.1 -0.8072953820 0.5197933316 0.2794441283 0.3602997959 0.0590931736 0.9309629798 0.4673951268 0.8522458076 -0.2349870801
-6.8 -113.2 2287.0 0.9902290106 0.1385835409 0.0155270053 -0.1371873468 0.9880790710 -0.0698524192 -0.0250223055 0.0670397803 0.9974364638
