35.9 470.6 2266.3 6 0.9888555408 -0.0460109375 0.1415900588 0.0493542179 0.9985772371 -0.0201900881 -0.1404596418 0.0269531477 0.9897194505
44.9 273.5 2261.0 0.9888555408 -0.0460109375 0.1415900588 0.0493542179 0.9985772371 -0.0201900881 -0.1404596418 0.0269531477 0.9897194505
54.1 74.9 2257.1 0.9888882637 -0.0463716090 0.1412435174 0.0486469865 0.9987353086 -0.0126977125 -0.1404760778 0.0194276907 0.9898934364
-94.2 266.6 2280.8 0.2152314484 -0.9223349690 -0.3208951354 0.9406793118 0.2840673923 -0.1855481863 0.2622933984 -0.2619236112 0.9287616611
-150.3 21.3 2212.4 -0.2527075112 -0.9223349690 -0.2922963798 0.0693150982 0.2840673923 -0.9562955499 0.9650566578 -0.2619236112 -0.0078542270
184.1 280.3 2241.2 0.3760944605 0.6795198321 0.6299252510 -0.8387610316 0.5385630727 -0.0801855326 -0.3937421143 -0.4981994331 0.7725053430
277.2 72.7 2143.8 -0.4613773227 0.6795198321 0.5704242587 -0.2142811120 0.5385630727 -0.8148824573 -0.8609381914 -0.4981994331 -0.1028725132
-25.3 -132.7 2265.0 0.9764048457 0.0846237242 0.1986767650 -0.0863498971 0.9962648749 0.0000242196 -0.1979326308 -0.0171793662 0.9800650477
-58.9 -528.8 2271.9 0.9766013622 -0.0158177968 0.2144752294 -0.0461614877 0.9586281180 0.2808937430 -0.2100450993 -0.2842217088 0.9354673028
156.7 -123.6 2243.5 0.9047803879 0.0227295849 0.4252714515 -0.0028702756 0.9988775253 -0.0472806320 -0.4258687496 0.0415579416 0.9038300514
147.7 -520.7 2227.0 0.9108405113 -0.0456435345 0.4102270007 -0.0755822286 0.9586185217 0.2744775414 -0.4057793021 -0.2810111344 0.8696987629
-86.5 3.8 1968.5 0 0 0 0 0 0 0 0 0
164.0 20.1 1932.6 0 0 0 0 0 0 0 0 0
-52.9 -895.0 2380.4 0 0 0 0 0 0 0 0 0
165.1 -887.2 2334.4 0 0 0 0 0 0 0 0 0
38.2 472.7 2268.0 7 0.9890410900 -0.0443071537 0.1408352554 0.0483745448 0.9985014796 -0.0255877525 -0.1394904852 0.0321201794 0.9897023439
46.9 275.4 2261.7 0.9890410900 -0.0443071537 0.1408352554 0.0483745448 0.9985014796 -0.0255877525 -0.1394904852 0.0321201794 0.9897023439
55.9 76.9 2257.1 0.9890530705 -0.0452858023 0.1404393166 0.0481076129 0.9987015128 -0.0167615563 -0.1394978911 0.0233342685 0.9899473786
-92.3 268.7 2281.3 0.2186347693 -0.9190199375 -0.3280262947 0.9538316727 0.2722131610 -0.1269061714 0.2059223652 -0.2851357460 0.9361055493
-152.3 6.6 2224.8 -0.2399918139 -0.9190199375 -0.3127400279 0.1874795854 0.2722131610 -0.9437962770 0.9524995089 -0.2851357460 0.1069685370
186.1 282.2 2242.1 0.3123175502 0.7035230994 0.6383674741 -0.8845158815 0.4604841471 -0.0747397318 -0.3465392292 -0.5413036346 0.7660946250
267.1 52.8 2152.2 -0.4148948491 0.7035230994 0.5769900680 -0.3522722721 0.4604841471 -0.8147751689 -0.8389079571 -0.5413036346 0.0567791723
-27.4 -128.1 2266.2 0.9766155481 0.0852437317 0.1973716617 -0.0849125236 0.9963366389 -0.0101562710 -0.1975143701 -0.0068405536 0.9802761078
-61.3 -524.2 2268.9 0.9760379195 -0.0384966992 0.2141682357 -0.0291100107 0.9522794485 0.3038363159 -0.2156447023 -0.3027901947 0.9283401370
154.0 -119.1 2240.4 0.9051343799 0.0202407911 0.4246434569 -0.0013692650 0.9989995360 -0.0446990803 -0.4251233637 0.0398772247 0.9042565823
146.0 -516.3 2224.5 0.9116168618 -0.0504176244 0.4079371393 -0.0743433088 0.9558572769 0.2842709124 -0.4042619467 -0.2894735634 0.8676274419
-91.8 -40.7 1984.4 0 0 0 0 0 0 0 0 0
163.7 -35.1 1943.0 0 0 0 0 0 0 0 0 0
-46.6 -888.0 2384.6 0 0 0 0 0 0 0 0 0
165.3 -881.7 2335.2 0 0 0 0 0 0 0 0 0
39.9 475.1 2261.4 8 0.9888999462 -0.0420019366 0.1425225437 0.0436180830 0.9990143776 -0.0082329866 -0.1420362741 0.0143581610 0.9897572994
48.3 277.1 2258.6 0.9888999462 -0.0420019366 0.1425225437 0.0436180830 0.9990143776 -0.0082329866 -0.1420362741 0.0143581610 0.9897572994
56.8 78.5 2256.7 0.9888892770 -0.0429777950 0.1423055083 0.0438690297 0.9990323782 -0.0031299011 -0.1420332938 0.0093379300 0.9898178577
-90.9 271.0 2278.6 0.2222969979 -0.9111779332 -0.3468988538 0.9634971023 0.2597476244 -0.0648425370 0.1491892487 -0.3198217154 0.9356583953
-154.0 -2.6 2236.2 -0.2333441675 -0.9111779332 -0.3395662904 0.3144161701 0.2597476244 -0.9130573273 0.9201592207 -0.3198217154 0.2258784771
187.4 283.3 2238.6 0.2606946826 0.7292193770 0.6326747537 -0.9203532934 0.3856111765 -0.0652214289 -0.2915271819 -0.5652813911 0.7716662884
257.9 34.6 2159.8 -0.3736790717 0.7292193770 0.5732390285 -0.4676342607 0.3856111765 -0.7953755260 -0.8010506630 -0.5652813911 0.1969131380
-25.9 -126.1 2265.2 0.9757570624 0.0913442746 0.1988828927 -0.0930644050 0.9956598282 -0.0007018141 -0.1980838180 -0.0178241171 0.9800230265
-62.2 -521.9 2272.3 0.9753733277 -0.0413473397 0.2166501582 -0.0221055988 0.9589994550 0.2825444043 -0.2194498479 -0.2803754508 0.9344685078
155.6 -117.2 2239.6 0.9043484330 0.0293122344 0.4257871509 -0.0079282755 0.9986203909 -0.0519082621 -0.4267212749 0.0435673967 0.9033331871
144.0 -514.3 2222.3 0.9100853205 -0.0649005249 0.4093075395 -0.0667698532 0.9517950416 0.2993794382 -0.4090067446 -0.2997902334 0.8618812561
-94.8 -82.4 2002.6 0 0 0 0 0 0 0 0 0
164.2 -82.7 1958.8 0 0 0 0 0 0 0 0 0
-46.4 -888.3 2379.4 0 0 0 0 0 0 0 0 0
168.8 -878.1 2336.9 0 0 0 0 0 0 0 0 0
42.4 472.6 2257.6 9 0.9878816009 -0.0325309932 0.1517620981 0.0324718989 0.9994685054 0.0028683720 -0.1517747492 0.0020943917 0.9884129167
48.8 274.7 2257.2 0.9878816009 -0.0325309932 0.1517620981 0.0324718989 0.9994685054 0.0028683720 -0.1517747492 0.0020943917 0.9884129167
55.6 76.0 2257.6 0.9878566265 -0.0339221172 0.1516196579 0.0332214572 0.9994224310 0.0071526631 -0.1517747194 -0.0020287796 0.9884130359
-90.2 270.0 2278.5 0.2289623320 -0.8982880712 -0.3750397265 0.9672898054 0.2531768978 -0.0158725791 0.1092095375 -0.3591378629 0.9268728495
-155.2 -4.6 2247.5 -0.2246967256 -0.8982880712 -0.3776108027 0.4377105534 0.2531768978 -0.8627345562 0.8705865145 -0.3591378629 0.3363021612
187.8 279.3 2235.8 0.2325538546 0.7418900132 0.6289021969 -0.9411544204 0.3347162902 -0.0468333140 -0.2452489585 -0.5810027719 0.7760726213
250.8 24.5 2169.4 -0.3369142413 0.7418900132 0.5797309875 -0.5630834699 0.3347162902 -0.7555806041 -0.7546030879 -0.5810027719 0.3049753010
-25.4 -124.1 2267.9 0.9742212892 0.0920918211 0.2059418112 -0.0912465230 0.9957352281 -0.0136191929 -0.2063177228 -0.0055233669 0.9784694910
-62.0 -519.9 2270.1 0.9738901854 -0.0350982584 0.2242899984 -0.0331753194 0.9553672075 0.2935522795 -0.2245824784 -0.2933285832 0.9292583466
156.1 -116.0 2241.8 0.9006690383 0.0336229429 0.4332029819 -0.0072886366 0.9980303645 -0.0623081326 -0.4344446957 0.0529615469 0.8991400599
142.7 -512.8 2220.8 0.9069420099 -0.0659922212 0.4160543382 -0.0697194263 0.9505181909 0.3027447760 -0.4154460132 -0.3035790324 0.8574638963
-97.4 -117.3 2023.4 0 0 0 0 0 0 0 0 0
165.7 -117.8 1978.8 0 0 0 0 0 0 0 0 0
-48.6 -885.0 2382.2 0 0 0 0 0 0 0 0 0
167.9 -876.2 2336.8 0 0 0 0 0 0 0 0 0
44.6 471.1 2256.7 0 0.9868575931 -0.0254488662 0.1595758349 0.0256038141 0.9996715784 0.0010853115 -0.1595510393 0.0030147021 0.9871850610
49.6 273.2 2256.1 0.9868575931 -0.0254488662 0.1595758349 0.0256038141 0.9996715784 0.0010853115 -0.1595510393 0.0030147021 0.9871850610
54.8 74.5 2256.8 0.9868638515 -0.0262510907 0.1594069600 0.0253610406 0.9996493459 0.0076156720 -0.1595509946 -0.0034729049 0.9871835709
-89.3 269.6 2278.5 0.2389692515 -0.8858770728 -0.3976373971 0.9676390886 0.2514313757 0.0213729888 0.0810446814 -0.3898769915 0.9172936678
-156.7 -3.4 2255.7 -0.2153551280 -0.8858770728 -0.4109062850 0.5214865804 0.2514313757 -0.8153735399 0.8256354332 -0.3898769915 0.4078259766
188.5 276.8 2233.6 0.2112439275 0.7431469560 0.6349083185 -0.9549698830 0.2953785956 -0.0280010942 -0.2083472610 -0.6004032493 0.7720798850
246.0 16.5 2176.9 -0.3140536547 0.7431469560 0.5908492804 -0.6383498311 0.2953785956 -0.7108171582 -0.7027658224 -0.6004032493 0.3816229999
-28.3 -125.7 2271.9 0.9731846452 0.0848325416 0.2138109356 -0.0846320838 0.9963610172 -0.0101079764 -0.2138903737 -0.0082583372 0.9768227339
-62.1 -521.8 2275.2 0.9727348089 -0.0360020772 0.2291088253 -0.0288844127 0.9613795280 0.2737063169 -0.2301145196 -0.2728613317 0.9341273904
152.9 -119.6 2244.1 0.8976910114 0.0248229206 0.4399257302 0.0011070097 0.9982816577 -0.0585872047 -0.4406241179 0.0530802086 0.8961210251
143.1 -516.5 2223.0 0.9047383070 -0.0617384091 0.4214700162 -0.0697130635 0.9546399713 0.2894868553 -0.4202245772 -0.2912918031 0.8593953848
-101.2 -137.9 2042.8 0 0 0 0 0 0 0 0 0
165.8 -146.5 1997.4 0 0 0 0 0 0 0 0 0
-48.3 -889.2 2379.5 0 0 0 0 0 0 0 0 0
166.7 -881.5 2334.3 0 0 0 0 0 0 0 0 0
45.7 467.6 2255.7 1 0.9853008389 -0.0213498827 0.1694886386 0.0213567372 0.9997703433 0.0017828185 -0.1694877744 0.0018631116 0.9855305552
49.9 270.0 2255.4 0.9853008389 -0.0213498827 0.1694886386 0.0213567372 0.9997703433 0.0017828185 -0.1694877744 0.0018631116 0.9855305552
54.5 71.2 2256.6 0.9852951169 -0.0229938440 0.1693067551 0.0216148496 0.9997165203 0.0099837733 -0.1694883257 -0.0061774235 0.9855128527
-88.7 266.9 2279.2 0.2396957278 -0.8891218901 -0.3898822367 0.9691283703 0.2430215627 0.0416026488 0.0577599630 -0.3878179193 0.9199244976
-155.1 -1.3 2263.2 -0.1895190775 -0.8891218901 -0.4165869951 0.5758051276 0.2430215627 -0.7806336880 0.7953181267 -0.3878179193 0.4659037590
188.6 273.0 2231.5 0.2087100893 0.7477106452 0.6303720474 -0.9648413062 0.2627163827 0.0078307409 -0.1597539485 -0.6098433733 0.7762536407
244.6 14.0 2188.6 -0.2995003164 0.7477106452 0.5926452279 -0.6862517595 0.2627163827 -0.6782614589 -0.6628409624 -0.6098433733 0.4344340563
-30.5 -126.6 2272.1 0.9713068008 0.0835442543 0.2226735204 -0.0815667883 0.9965038896 -0.0180793945 -0.2234054506 -0.0006021251 0.9747254252
-63.7 -522.8 2272.4 0.9705083966 -0.0410369262 0.2375486642 -0.0297746211 0.9574538469 0.2870463729 -0.2392213792 -0.2856538594 0.9279951453
150.6 -121.9 2242.9 0.8934967518 0.0151405130 0.4488143325 0.0088488152 0.9986438155 -0.0513048843 -0.4489824474 0.0498122238 0.8921510577
144.6 -518.9 2223.1 0.9025633931 -0.0466541834 0.4280218184 -0.0861618072 0.9544316530 0.2857207656 -0.4218476415 -0.2947602570 0.8574152589
-106.0 -150.3 2057.5 0 0 0 0 0 0 0 0 0
167.4 -163.0 2017.7 0 0 0 0 0 0 0 0 0
-48.0 -888.7 2381.5 0 0 0 0 0 0 0 0 0
162.4 -883.8 2335.7 0 0 0 0 0 0 0 0 0
45.4 470.6 2255.3 2 0.9823216796 -0.0187052228 0.1862637401 0.0184102245 0.9998250008 0.0033135067 -0.1862931252 0.0001742278 0.9824941754
49.1 272.7 2255.2 0.9823216796 -0.0187052228 0.1862637401 0.0184102245 0.9998250008 0.0033135067 -0.1862931252 0.0001742278 0.9824941754
52.8 74.0 2256.6 0.9823492169 -0.0185436979 0.1861347854 0.0169337206 0.9998041987 0.0102358144 -0.1862881631 -0.0069031902 0.9824708700
-89.1 270.4 2281.4 0.2311845720 -0.8943237066 -0.3830649853 0.9717587829 0.2314067930 0.0462142453 0.0473133475 -0.3829307854 0.9225646257
-154.3 -3.9 2268.1 -0.1820353419 -0.8943237066 -0.4087153375 0.5936356187 0.2314067930 -0.7707448602 0.7838749290 -0.3829307854 0.4887782037
187.4 275.1 2229.0 0.1990628392 0.7573615313 0.6219143271 -0.9731931686 0.2273700535 0.0346112885 -0.1151914373 -0.6121326089 0.7823200226
240.6 14.8 2198.2 -0.2704711556 0.7573615313 0.5943474174 -0.7439994216 0.2273700535 -0.6283054352 -0.6109911799 -0.6121326089 0.5019795299
-31.3 -129.5 2273.4 0.9673721194 0.0818087310 0.2397885025 -0.0815641433 0.9966078401 -0.0109610772 -0.2398718148 -0.0089547029 0.9707632661
-63.8 -525.7 2276.9 0.9667604566 -0.0366255715 0.2530469894 -0.0325840600 0.9639694095 0.2640098929 -0.2535990775 -0.2634796202 0.9307340980
149.5 -125.5 2242.3 0.8856676221 0.0205355305 0.4638654292 0.0007788632 0.9989544153 -0.0457112566 -0.4643191099 0.0408462659 0.8847255707
141.3 -522.7 2226.1 0.8928468823 -0.0752369389 0.4440313578 -0.0642564446 0.9545781612 0.2909495234 -0.4457527995 -0.2883052528 0.8474577069
-107.3 -157.3 2065.5 0 0 0 0 0 0 0 0 0
170.0 -179.4 2038.7 0 0 0 0 0 0 0 0 0
-49.8 -894.1 2377.6 0 0 0 0 0 0 0 0 0
170.1 -887.4 2336.2 0 0 0 0 0 0 0 0 0
47.6 471.5 2256.0 3 0.9788748622 -0.0017591033 0.2044526637 0.0017730299 0.9999984503 0.0001150685 -0.2044525445 0.0002498630 0.9788764715
47.9 273.7 2256.0 0.9788748622 -0.0017591033 0.2044526637 0.0017730299 0.9999984503 0.0001150685 -0.2044525445 0.0002498630 0.9788764715
48.0 75.0 2257.4 0.9788779616 -0.0004729387 0.2044450045 -0.0009738109 0.9999752045 0.0069758077 -0.2044432312 -0.0070275548 0.9788532257
-89.8 273.9 2284.7 0.2276937068 -0.8834967017 -0.4093765020 0.9727057815 0.2256797403 0.0539641902 0.0447108001 -0.4104901850 0.9107682109
-154.6 -3.2 2272.0 -0.1751202643 -0.8834967017 -0.4344725907 0.6536374092 0.2256797403 -0.7223757505 0.7362682819 -0.4104901850 0.5379654169
185.7 273.6 2227.2 0.1877653003 0.7655016780 0.6154277921 -0.9780028462 0.2036681622 0.0450526848 -0.0908551365 -0.6103494167 0.7869046330
235.5 14.2 2203.1 -0.2445238829 0.7655016780 0.5951598287 -0.7853298187 0.2036681622 -0.5846164227 -0.5687399507 -0.6103494167 0.5513695478
-33.6 -126.3 2275.1 0.9634369612 0.0784187391 0.2562024593 -0.0733067840 0.9968742728 -0.0294578094 -0.2577117085 0.0095993625 0.9661741853
-64.8 -522.6 2271.3 0.9624212384 -0.0450741872 0.2677941918 -0.0372639596 0.9548801184 0.2946444452 -0.2689922154 -0.2935511172 0.9173172712
146.6 -123.2 2240.9 0.8773804307 0.0180685017 0.4794550538 0.0051534371 0.9988781214 -0.0470737666 -0.4797677100 0.0437724441 0.8763029575
139.5 -520.4 2223.5 0.8857638836 -0.0884967521 0.4556211531 -0.0616359711 0.9505320191 0.3044501245 -0.4600253403 -0.2977535725 0.8364923596
-109.6 -171.3 2082.7 0 0 0 0 0 0 0 0 0
171.0 -192.9 2053.1 0 0 0 0 0 0 0 0 0
-47.6 -887.4 2383.4 0 0 0 0 0 0 0 0 0
173.3 -883.6 2337.3 0 0 0 0 0 0 0 0 0
48.2 474.4 2255.9 4 0.9779640436 -0.0000315840 0.2087733150 -0.0005368342 0.9999963045 0.0026659942 -0.2087726295 -0.0027193232 0.9779604077
48.2 276.3 2256.4 0.9779640436 -0.0000315840 0.2087733150 -0.0005368342 0.9999963045 0.0026659942 -0.2087726295 -0.0027193232 0.9779604077
47.8 77.5 2258.5 0.9779604673 0.0020579433 0.2087801099 -0.0041061421 0.9999476075 0.0093773734 -0.2087498754 -0.0100279814 0.9779176712
-89.4 276.9 2285.8 0.2318293452 -0.8750015497 -0.4250028729 0.9720500708 0.2250282168 0.0669400096 0.0370650291 -0.4286427498 0.9027134776
-156.6 -4.7 2275.1 -0.1724105179 -0.8750015497 -0.4523791671 0.6825098991 0.2250282168 -0.6953722239 0.7102498412 -0.4286427498 0.5583999753
185.8 275.7 2227.1 0.1791172326 0.7928332090 0.5825225115 -0.9815664291 0.1841345429 0.0512039810 -0.0666663051 -0.5809560418 0.8112001419
233.4 14.8 2209.3 -0.2046971917 0.7928332090 0.5740335584 -0.8174267411 0.1841345429 -0.5458094478 -0.5384352803 -0.5809560418 0.6103912592
-41.6 -123.7 2277.6 0.9640360475 0.0541096069 0.2602049708 -0.0479616039 0.9984008670 -0.0299239643 -0.2614080310 0.0163679328 0.9650896192
-63.1 -520.5 2271.1 0.9636762738 -0.0447563194 0.2632962167 -0.0395082086 0.9511219263 0.3062779903 -0.2641347051 -0.3055551946 0.9148054123
137.9 -123.9 2240.1 0.8754518032 -0.0044665518 0.4832847416 0.0243021827 0.9990991950 -0.0347887315 -0.4826940000 0.0422007330 0.8747717738
139.7 -521.0 2223.3 0.8872031569 -0.0819022134 0.4540512860 -0.0661365315 0.9513787627 0.3008395135 -0.4566141665 -0.2969351411 0.8386495113
-112.3 -180.1 2092.6 0 0 0 0 0 0 0 0 0
179.1 -202.0 2066.5 0 0 0 0 0 0 0 0 0
-46.0 -884.0 2387.9 0 0 0 0 0 0 0 0 0
171.0 -884.7 2336.8 0 0 0 0 0 0 0 0 0
48.2 474.7 2247.8 5 0.9808938503 -0.0048167314 0.1944839805 -0.0001049812 0.9996802211 0.0252882857 -0.1945435852 -0.0248255413 0.9805796742
49.1 276.3 2252.8 0.9808938503 -0.0048167314 0.1944839805 -0.0001049812 0.9996802211 0.0252882857 -0.1945435852 -0.0248255413 0.9805796742
49.6 77.6 2258.4 0.9809049368 -0.0023882585 0.1944730431 -0.0031811330 0.9995937943 0.0283210315 -0.1944616884 -0.0283988845 0.9804989100
-88.9 276.8 2280.1 0.2119462341 -0.9038547873 -0.3716520965 0.9772810340 0.1963077784 0.0799061880 0.0007346023 -0.3801443577 0.9249268770
-149.8 -4.2 2279.9 -0.1413739920 -0.9038547873 -0.4038067460 0.7015722990 0.1963077784 -0.6850252151 0.6984337568 -0.3801443577 0.6063666940
187.2 275.9 2225.4 0.1967075914 0.7510697842 0.6302382946 -0.9792279005 0.1827392429 0.0878582671 -0.0491815768 -0.6344292760 0.7714146972
238.1 22.4 2212.7 -0.1939422488 0.7510697842 0.6310947537 -0.8574706316 0.1827392429 -0.4809891284 -0.4765821695 -0.6344292760 0.6085793972
-42.4 -120.9 2279.6 0.9682965875 0.0495388769 0.2448420376 -0.0410644859 0.9983714819 -0.0395994112 -0.2464050055 0.0282896627 0.9687539935
-62.0 -517.7 2268.4 0.9684306383 -0.0338599384 0.2469728589 -0.0446385704 0.9511640072 0.3054413199 -0.2452539355 -0.3068232536 0.9196249247
137.1 -121.6 2241.3 0.8821047544 -0.0112491669 0.4709189832 0.0351818912 0.9984959364 -0.0420494080 -0.4697376490 0.0536598004 0.8811737299
141.6 -518.6 2220.0 0.8961917758 -0.0716547742 0.4378423691 -0.0738991201 0.9489771724 0.3065635860 -0.4374691546 -0.3070959151 0.8451703191
-113.1 -186.2 2098.7 0 0 0 0 0 0 0 0 0
186.6 -205.5 2086.0 0 0 0 0 0 0 0 0 0
-49.1 -881.3 2385.6 0 0 0 0 0 0 0 0 0
168.9 -881.3 2337.4 0 0 0 0 0 0 0 0 0
48.4 475.3 2244.3 6 0.9814126492 -0.0045824293 0.1918547004 -0.0020744437 0.9994031787 0.0344822407 -0.1918981969 -0.0342392996 0.9808173776
49.3 276.8 2251.1 0.9814126492 -0.0045824293 0.1918547004 -0.0020744437 0.9994031787 0.0344822407 -0.1918981969 -0.0342392996 0.9808173776
49.8 78.2 2258.6 0.9814212918 -0.0028797905 0.1918434948 -0.0043950169 0.9992875457 0.0374842137 -0.1918147653 -0.0376309603 0.9807094336
-88.8 277.4 2278.1 0.1989593804 -0.9284873009 -0.3135705292 0.9800007939 0.1872941554 0.0672260672 -0.0036886262 -0.3206746280 0.9471822381
-145.7 -2.8 2279.2 -0.0888732970 -0.9284873009 -0.3605729342 0.7263472676 0.1872941554 -0.6613172889 0.6815578938 -0.3206746280 0.6577587724
187.4 276.2 2224.1 0.2075062394 0.7238807082 0.6579801440 -0.9775768518 0.1780940294 0.1123657972 -0.0358428992 -0.6665427089 0.7446046472
240.7 25.2 2214.9 -0.1775775701 0.7238807082 0.6666805148 -0.8854640126 0.1780940294 -0.4292271733 -0.4294410944 -0.6665427089 0.6093448400
-39.9 -120.8 2281.9 0.9687212706 0.0551721528 0.2419403940 -0.0475918278 0.9981787801 -0.0370688848 -0.2435449362 0.0243950337 0.9695827961
-61.9 -517.6 2272.2 0.9684778452 -0.0337388106 0.2468042821 -0.0397700332 0.9571336508 0.2869032621 -0.2459044605 -0.2876748741 0.9256209731
140.0 -121.3 2246.2 0.8832474947 -0.0082378294 0.4688346982 0.0398405567 0.9975485802 -0.0575286709 -0.4672114849 0.0694906861 0.8814104795
143.3 -517.9 2218.6 0.8993571997 -0.0572204366 0.4334540367 -0.0895355716 0.9462838173 0.3106932342 -0.4279485345 -0.3182337582 0.8459239602
-122.9 -189.7 2103.7 0 0 0 0 0 0 0 0 0
193.4 -210.5 2100.6 0 0 0 0 0 0 0 0 0
-49.0 -883.4 2382.2 0 0 0 0 0 0 0 0 0
165.2 -879.6 2340.3 0 0 0 0 0 0 0 0 0
50.1 480.8 2250.0 7 0.9814461470 -0.0028233116 0.1917171031 0.0001089941 0.9998996258 0.0141670015 -0.1917378604 -0.0138832536 0.9813479781
50.6 282.2 2252.8 0.9814461470 -0.0028233116 0.1917171031 0.0001089941 0.9998996258 0.0141670015 -0.1917378604 -0.0138832536 0.9813479781
51.1 83.5 2257.5 0.9814523458 -0.0022419312 0.1916930079 -0.0023403193 0.9997169971 0.0236743558 -0.1916918457 -0.0236838758 0.9811693430
-87.5 282.5 2279.8 0.2040870786 -0.9193364382 -0.3364060223 0.9789481163 0.1906026304 0.0730150789 -0.0030055444 -0.3442254663 0.9388822317
-145.4 4.9 2280.6 -0.0672007799 -0.9193364382 -0.3876913786 0.7859279513 0.1906026304 -0.5882073641 0.6146554351 -0.3442254663 0.7097235322
188.8 281.9 2225.8 0.2026803493 0.7257425189 0.6574332118 -0.9783271551 0.1791308820 0.1038657576 -0.0423867926 -0.6642363071 0.7463199496
241.8 25.7 2214.7 -0.1445565820 0.7253108025 0.6730732918 -0.9060342908 0.1764050573 -0.3846857846 -0.3977502882 -0.6654363275 0.6316559315
-39.7 -120.0 2283.7 0.9685469270 0.0585807264 0.2418371141 -0.0480708815 0.9976345301 -0.0491374284 -0.2441435605 0.0359665789 0.9690718651
-62.9 -516.7 2269.4 0.9682487845 -0.0375474542 0.2471527755 -0.0395125709 0.9532427192 0.2996115983 -0.2468462288 -0.2998642027 0.9214924574
140.4 -120.8 2248.5 0.8834165335 -0.0015991603 0.4685857892 0.0325720869 0.9977849126 -0.0580024123 -0.4674550593 0.0665031075 0.8815118074
141.1 -517.5 2222.0 0.8971486688 -0.0703091398 0.4360973835 -0.0753122494 0.9484506249 0.3078464270 -0.4352612793 -0.3090274930 0.8456060886
-128.1 -197.6 2122.3 0 0 0 0 0 0 0 0 0
203.3 -215.9 2108.7 0 0 0 0 0 0 0 0 0
-48.6 -881.0 2384.0 0 0 0 0 0 0 0 0 0
167.9 -880.0 2340.2 0 0 0 0 0 0 0 0 0
51.1 480.6 2251.9 8 0.9805552959 0.0030621698 0.1962190568 -0.0051293257 0.9999365807 0.0100276293 -0.1961759031 -0.0108391168 0.9805088043
50.5 282.0 2254.1 0.9805552959 0.0030621698 0.1962190568 -0.0051293257 0.9999365807 0.0100276293 -0.1961759031 -0.0108391168 0.9805088043
49.9 83.2 2257.9 0.9805499911 0.0031651568 0.1962441057 -0.0068434486 0.9998133183 0.0180681981 -0.1961502880 -0.0190597586 0.9803885818
-87.5 283.0 2281.7 0.2123640329 -0.9134092331 -0.3472536206 0.9771736264 0.1964031756 0.0809784383 -0.0057647424 -0.3565239906 0.9342683554
-146.4 11.7 2283.3 -0.0434511788 -0.9134092331 -0.4047166407 0.8238367438 0.1964031756 -0.5317131281 0.5651593208 -0.3565239906 0.7439661026
188.5 281.0 2226.5 0.2040267438 0.7233949304 0.6596004963 -0.9780476689 0.1797880083 0.1053518802 -0.0423772410 -0.6666153669 0.7441962957
243.0 19.8 2215.1 -0.1178274304 0.7240515947 0.6796072125 -0.9161323905 0.1848117709 -0.3557330966 -0.3831685483 -0.6645253301 0.6415512562
-38.5 -115.0 2279.8 0.9670619369 0.0622720607 0.2468064874 -0.0537424870 0.9977064133 -0.0411533788 -0.2488031238 0.0265338719 0.9681905508
-63.3 -511.7 2269.3 0.9668008685 -0.0331927724 0.2533659339 -0.0451034345 0.9537927508 0.2970606983 -0.2515188754 -0.2986262441 0.9206305742
141.6 -115.5 2244.6 0.8814595342 0.0046343538 0.4722367823 0.0285640694 0.9975979328 -0.0631066784 -0.4713948965 0.0691149831 0.8792098761
139.7 -512.1 2217.2 0.8946185112 -0.0731295645 0.4408058524 -0.0744496062 0.9483311772 0.3084238470 -0.4405848384 -0.3087394834 0.8429501057
-135.2 -201.0 2137.3 0 0 0 0 0 0 0 0 0
211.3 -227.3 2111.8 0 0 0 0 0 0 0 0 0
-50.6 -876.3 2383.4 0 0 0 0 0 0 0 0 0
167.7 -874.6 2335.2 0 0 0 0 0 0 0 0 0
51.9 482.7 2253.3 9 0.9791285396 0.0060959491 0.2031506151 -0.0073011545 0.9999598861 0.0051836614 -0.2031108737 -0.0065587047 0.9791337848
50.7 284.1 2254.6 0.9791285396 0.0060959491 0.2031506151 -0.0073011545 0.9999598861 0.0051836614 -0.2031108737 -0.0065587047 0.9791337848
49.4 85.3 2257.7 0.9791133404 0.0066773607 0.2032054812 -0.0096771065 0.9998583198 0.0137721142 -0.2030847222 -0.0154509023 0.9790392518
-87.1 285.4 2283.2 0.2141779512 -0.9048622251 -0.3679023683 0.9767606854 0.2015394568 0.0729409829 0.0081453007 -0.3749749362 0.9269991517
-146.9 12.9 2281.0 -0.0264138747 -0.9048622251 -0.4248842895 0.8525564075 0.2015394568 -0.4822130799 0.5219673514 -0.3749749362 0.7661226392
188.5 282.7 2226.1 0.2071941942 0.7190265656 0.6633787751 -0.9774083495 0.1810854077 0.1089997515 -0.0417544916 -0.6709760427 0.7403024435
244.0 21.0 2214.9 -0.0997890979 0.7190691829 0.6877365708 -0.9283306003 0.1814814955 -0.3244483769 -0.3581123054 -0.6708233356 0.6494240761
-40.7 -114.9 2279.6 0.9654017687 0.0578969717 0.2542584836 -0.0512203015 0.9981483817 -0.0328075476 -0.2556871474 0.0186492670 0.9665796757
-63.7 -511.7 2272.2 0.9649035931 -0.0403558202 0.2594849467 -0.0368097983 0.9575808048 0.2858041227 -0.2600116730 -0.2853250206 0.9224876761
139.2 -116.1 2243.7 0.8781987429 0.0029009765 0.4782871306 0.0238723177 0.9984694123 -0.0498888046 -0.4776998162 0.0552301072 0.8767853379
138.1 -513.1 2221.7 0.8879562616 -0.0855908915 0.4518937171 -0.0532354303 0.9568008780 0.2858286500 -0.4568366408 -0.2778601050 0.8450408578
-140.0 -207.7 2145.9 0 0 0 0 0 0 0 0 0
216.9 -230.8 2117.7 0 0 0 0 0 0 0 0 0
-48.3 -877.8 2381.3 0 0 0 0 0 0 0 0 0
170.8 -878.6 2327.9 0 0 0 0 0 0 0 0 0
52.3 482.2 2253.6 0 0.9811372161 0.0051578935 0.1932437569 -0.0058183204 0.9999790192 0.0028502103 -0.1932249963 -0.0039208014 0.9811466336
51.2 283.8 2254.3 0.9811372161 0.0051578935 0.1932437569 -0.0058183204 0.9999790192 0.0028502103 -0.1932249963 -0.0039208014 0.9811466336
49.9 85.0 2256.9 0.9811173081 0.0067778626 0.1932949722 -0.0091595175 0.9998927116 0.0114303296 -0.1931967586 -0.0129849827 0.9810740948
-86.8 285.1 2281.5 0.2104298472 -0.9187704325 -0.3340362012 0.9775993228 0.1992801428 0.0677273273 0.0043409178 -0.3408054113 0.9401238561
-144.8 15.6 2280.3 0.0142718451 -0.9187704325 -0.3945342004 0.8794537187 0.1992801428 -0.4322598279 0.4757703543 -0.3408054113 0.8108601570
189.3 282.5 2227.2 0.2087258995 0.7250265479 0.6563307047 -0.9768887758 0.1861784160 0.1050045043 -0.0460635573 -0.6630792618 0.7471305728
244.6 24.0 2215.0 -0.0812226161 0.7234171629 0.6856169105 -0.9437056184 0.1654913127 -0.2864128649 -0.3206596076 -0.6702837348 0.6692512035
-41.8 -112.6 2279.4 0.9681537151 0.0550087579 0.2442384660 -0.0468002632 0.9981312752 -0.0392899252 -0.2459433377 0.0266082603 0.9689189196
-63.7 -509.4 2268.9 0.9677600265 -0.0413643047 0.2484542876 -0.0364041477 0.9530943632 0.3004760444 -0.2492293566 -0.2998334765 0.9208608270
137.9 -114.3 2242.2 0.8829829097 -0.0021935359 0.4693999887 0.0302694254 0.9981738925 -0.0522749349 -0.4684281647 0.0603663437 0.8814368844
138.7 -511.2 2218.2 0.8951709867 -0.0789945573 0.4386670589 -0.0640395507 0.9511648417 0.3019675016 -0.4410984814 -0.2984046042 0.8463963866
-148.5 -212.0 2157.2 0 0 0 0 0 0 0 0 0
222.5 -232.6 2127.8 0 0 0 0 0 0 0 0 0
-47.9 -873.7 2383.5 0 0 0 0 0 0 0 0 0
168.9 -874.6 2332.2 0 0 0 0 0 0 0 0 0
51.5 482.2 2253.7 1 0.9820564389 0.0045179375 0.1885332018 -0.0049380986 0.9999862313 0.0017589261 -0.1885226667 -0.0026583602 0.9820652604
50.6 283.5 2254.2 0.9820564389 0.0045179375 0.1885332018 -0.0049380986 0.9999862313 0.0017589261 -0.1885226667 -0.0026583602 0.9820652604
49.6 84.7 2256.2 0.9820449352 0.0054535717 0.1885683537 -0.0072442959 0.9999349713 0.0088085132 -0.1885080487 -0.0100164004 0.9820205569
-87.6 284.6 2280.7 0.1946006566 -0.9198155403 -0.3406903446 0.9807876945 0.1872983575 0.0545421503 0.0136420205 -0.3447588384 0.9385921359
-143.3 3.7 2276.8 0.0125759142 -0.9197602868 -0.3922791183 0.8859007955 0.1921789646 -0.4221931696 0.4637042880 -0.3422108889 0.8172331452
188.8 282.5 2227.7 0.2177772075 0.7278357744 0.6502524018 -0.9751764536 0.1896063387 0.1143693253 -0.0400498994 -0.6590178609 0.7510602474
246.1 26.4 2217.1 -0.0601608083 0.7264159322 0.6846171021 -0.9528755546 0.1625072658 -0.2561630905 -0.2973361909 -0.6677659154 0.6824074388
-41.5 -112.9 2277.2 0.9689493179 0.0579313375 0.2403771728 -0.0525863320 0.9982068539 -0.0285965949 -0.2416027784 0.0150680970 0.9702582359
-64.5 -509.8 2271.2 0.9683608413 -0.0391797498 0.2464594394 -0.0334961973 0.9582557082 0.2839437723 -0.2472960055 -0.2832154632 0.9266248941
138.6 -114.6 2241.8 0.8851859570 0.0020106290 0.4652330279 0.0242936518 0.9984266162 -0.0505378246 -0.4646026790 0.0560375825 0.8837444186
137.8 -511.6 2219.5 0.8959460258 -0.0830261856 0.4363339543 -0.0595023409 0.9510825872 0.3031523228 -0.4401592314 -0.2975710034 0.8471784592
-146.6 -226.1 2156.5 0 0 0 0 0 0 0 0 0
229.7 -233.2 2136.2 0 0 0 0 0 0 0 0 0
-49.5 -876.1 2379.5 0 0 0 0 0 0 0 0 0
169.5 -875.1 2333.2 0 0 0 0 0 0 0 0 0
52.1 483.0 2254.2 2 0.9826105833 0.0068862811 0.1855505407 -0.0069613531 0.9999757409 -0.0002469112 -0.1855477393 -0.0010490653 0.9826346636
50.7 284.5 2254.4 0.9826105833 0.0068862811 0.1855505407 -0.0069613531 0.9999757409 -0.0002469112 -0.1855477393 -0.0010490653 0.9826346636
49.2 85.7 2256.4 0.9825916290 0.0078447890 0.1856128126 -0.0095334901 0.9999208450 0.0082071880 -0.1855337322 -0.0098338528 0.9825887084
-87.6 285.8 2280.5 0.1870178282 -0.9201824069 -0.3439312875 0.9822622538 0.1800145954 0.0524939075 0.0136086838 -0.3476479948 0.9375263453
-141.1 4.5 2276.6 0.0379176065 -0.9194502234 -0.3913738728 0.8920710683 0.2076353878 -0.4013686478 0.4503015578 -0.3339143693 0.8280879855
189.0 283.2 2228.3 0.2201308012 0.7297481298 0.6473098993 -0.9747332335 0.1903479844 0.1168879420 -0.0379153863 -0.6566851139 0.7532112002
246.8 27.4 2218.4 -0.0487492532 0.7286028862 0.6831993461 -0.9571878314 0.1613245755 -0.2403452992 -0.2853331268 -0.6656667590 0.6895453334
-41.6 -113.4 2275.5 0.9697498083 0.0571676269 0.2373123169 -0.0514371432 0.9982172251 -0.0302746706 -0.2386199683 0.0171521883 0.9709615111
-64.4 -510.3 2268.7 0.9691318870 -0.0409436263 0.2431193590 -0.0326324180 0.9561350346 0.2911029160 -0.2443737388 -0.2900506854 0.9252848625
138.6 -114.7 2240.9 0.8866526484 0.0019610850 0.4624318779 0.0249940883 0.9983260632 -0.0521566048 -0.4617600739 0.0578028522 0.8851194382
137.8 -511.7 2217.9 0.8977007866 -0.0767818466 0.4338638484 -0.0638833418 0.9516119361 0.3005888760 -0.4359497726 -0.2975555360 0.8493576646
-151.0 -227.1 2159.7 0 0 0 0 0 0 0 0 0
233.5 -233.6 2140.6 0 0 0 0 0 0 0 0 0
-48.7 -875.8 2379.5 0 0 0 0 0 0 0 0 0
167.1 -875.4 2331.7 0 0 0 0 0 0 0 0 0
51.3 485.4 2255.0 3 0.9825578332 0.0051715546 0.1858852953 -0.0051187216 0.9999865890 -0.0007641545 -0.1858867556 -0.0002006691 0.9825711250
50.3 286.4 2255.0 0.9825578332 0.0051715546 0.1858852953 -0.0051187216 0.9999865890 -0.0007641545 -0.1858867556 -0.0002006691 0.9825711250
49.0 87.6 2256.3 0.9825408459 0.0068424847 0.1859210432 -0.0079452284 0.9999549985 0.0051867943 -0.1858771890 -0.0065734223 0.9825509787
-88.0 287.5 2281.2 0.1777386069 -0.9207633138 -0.3472807109 0.9834638238 0.1786625236 0.0296405964 0.0347540714 -0.3468062878 0.9372926950
-140.9 -5.2 2270.9 0.0354241841 -0.9200872183 -0.3901084661 0.8856088519 0.2097792029 -0.4143545032 0.4630789161 -0.3308053315 0.8222686648
188.6 285.3 2228.9 0.2237566561 0.7305985689 0.6451036334 -0.9741963744 0.1877325028 0.1252912283 -0.0295693204 -0.6564923525 0.7537528872
247.4 29.2 2221.1 -0.0340992138 0.7301293612 0.6824576259 -0.9575559497 0.1716949195 -0.2315329164 -0.2862234712 -0.6613864303 0.6932850480
-42.6 -112.2 2275.4 0.9698258042 0.0526186787 0.2380530089 -0.0478169583 0.9985201359 -0.0259046927 -0.2390637994 0.0137400683 0.9709066153
-63.5 -509.2 2269.9 0.9695132971 -0.0333165117 0.2427632213 -0.0370680206 0.9593716264 0.2796999216 -0.2422187626 -0.2801715434 0.9288885593
137.8 -114.0 2241.3 0.8864772320 0.0004310378 0.4627720118 0.0256993342 0.9984105229 -0.0501591004 -0.4620580673 0.0563578308 0.8850571513
137.6 -510.9 2218.9 0.8966555595 -0.0817530751 0.4351152182 -0.0555200949 0.9542807937 0.2937102318 -0.4392338097 -0.2875145376 0.8511222005
-150.1 -235.0 2150.7 0 0 0 0 0 0 0 0 0
238.1 -232.1 2143.0 0 0 0 0 0 0 0 0 0
-50.8 -876.0 2377.0 0 0 0 0 0 0 0 0 0
168.8 -875.7 2328.8 0 0 0 0 0 0 0 0 0
50.9 483.9 2254.4 4 0.9836736321 0.0047832010 0.1798981726 -0.0048252046 0.9999883175 -0.0002041093 -0.1798970550 -0.0006672685 0.9836851954
50.0 284.9 2254.5 0.9836736321 0.0047832010 0.1798981726 -0.0048252046 0.9999883175 -0.0002041093 -0.1798970550 -0.0006672685 0.9836851954
48.7 86.1 2255.8 0.9836582541 0.0064930292 0.1799286902 -0.0075532352 0.9999579191 0.0052078748 -0.1798872948 -0.0064818128 0.9836658835
-88.5 285.9 2279.8 0.1764274538 -0.9192025661 -0.3520511389 0.9838598371 0.1755401939 0.0347190946 0.0298852436 -0.3524943590 0.9353365898
-141.1 -7.4 2270.9 0.0298474692 -0.9187353253 -0.3937442303 0.8960203528 0.1991801560 -0.3968309760 0.4430086911 -0.3409584165 0.8291505575
188.4 283.8 2229.2 0.2278696150 0.7334407568 0.6404218078 -0.9731901288 0.1926642358 0.1256244779 -0.0312482659 -0.6518781781 0.7576796412
247.5 31.4 2221.1 -0.0367672294 0.7325894237 0.6796770692 -0.9621269703 0.1578863710 -0.2222240865 -0.2701107562 -0.6621062160 0.6990389824
-42.6 -110.4 2274.7 0.9714643955 0.0469904877 0.2324841321 -0.0437725410 0.9988611341 -0.0189841166 -0.2331114411 0.0082659712 0.9724149108
-61.2 -507.6 2271.4 0.9713698030 -0.0259496998 0.2361509949 -0.0399891064 0.9619743824 0.2701964378 -0.2341827303 -0.2719041407 0.9333952069
137.8 -111.9 2240.6 0.8892640471 -0.0014295256 0.4573919773 0.0284516960 0.9982314706 -0.0521960892 -0.4565084279 0.0594296828 0.8877320290
138.3 -508.8 2217.0 0.9000192881 -0.0837681666 0.4277243912 -0.0548825748 0.9517638087 0.3018833697 -0.4323807955 -0.2951754928 0.8520084023
-148.8 -240.4 2155.7 0 0 0 0 0 0 0 0 0
237.5 -231.2 2147.4 0 0 0 0 0 0 0 0 0
-51.3 -875.3 2375.4 0 0 0 0 0 0 0 0 0
170.3 -872.7 2329.8 0 0 0 0 0 0 0 0 0
50.8 482.1 2247.1 5 0.9846027493 0.0027661491 0.1747850627 -0.0060344161 0.9998167157 0.0181700904 -0.1747027636 -0.0189450476 0.9844389558
50.3 282.8 2250.9 0.9846027493 0.0027661491 0.1747850627 -0.0060344161 0.9998167157 0.0181700904 -0.1747027636 -0.0189450476 0.9844389558
49.4 84.0 2255.0 0.9845953584 0.0044694375 0.1747912318 -0.0080665294 0.9997699261 0.0198743250 -0.1746621877 -0.0209781285 0.9844049215
-88.3 283.9 2275.4 0.1960510910 -0.9138594270 -0.3555627763 0.9804498553 0.1888925582 0.0551154651 0.0167953782 -0.3594169319 0.9330259562
-146.7 -8.1 2270.4 -0.0002042413 -0.9139496684 -0.4058274925 0.9008073211 0.1760498732 -0.3969289958 0.4342190027 -0.3656534553 0.8232566118
188.8 281.6 2226.3 0.2288480848 0.7368232012 0.6361762285 -0.9733511209 0.1830682456 0.1381073594 -0.0147029636 -0.6508284211 0.7590824962
247.8 30.7 2222.5 -0.0355572961 0.7361554503 0.6758778095 -0.9617617726 0.1585734934 -0.2233131379 -0.2715694904 -0.6579738259 0.7023677230
-42.9 -112.0 2273.6 0.9727913737 0.0479918458 0.2266577780 -0.0442657359 0.9987884760 -0.0214966182 -0.2274148464 0.0108785508 0.9737371802
-62.0 -509.2 2269.3 0.9726079702 -0.0293655433 0.2305893302 -0.0374806076 0.9591968060 0.2802439928 -0.2294100672 -0.2812101543 0.9318218231
137.6 -113.4 2240.6 0.8915551305 -0.0035589235 0.4528982639 0.0276334938 0.9985336065 -0.0465514660 -0.4520684481 0.0540183596 0.8903460503
139.1 -510.5 2219.1 0.9018959403 -0.0777008608 0.4249074161 -0.0565614253 0.9539747834 0.2945045829 -0.4282342196 -0.2896458507 0.8559910655
-146.6 -242.7 2157.4 0 0 0 0 0 0 0 0 0
238.1 -231.8 2148.3 0 0 0 0 0 0 0 0 0
-50.7 -875.9 2376.8 0 0 0 0 0 0 0 0 0
168.8 -875.2 2329.8 0 0 0 0 0 0 0 0 0
49.3 484.4 2250.9 6 0.9839463234 -0.0020597898 0.1784529090 0.0009008473 0.9999780059 0.0065751746 -0.1784625202 -0.0063088597 0.9839264750
49.7 285.1 2252.2 0.9839463234 -0.0020597898 0.1784529090 0.0009008473 0.9999780059 0.0065751746 -0.1784625202 -0.0063088597 0.9839264750
49.8 86.3 2254.5 0.9839495420 -0.0004599775 0.1784463972 -0.0016629864 0.9999296069 0.0117471684 -0.1784392446 -0.0118553741 0.9838795066
-88.8 285.3 2277.3 0.1861014813 -0.9171915054 -0.3523151875 0.9822548032 0.1821710020 0.0446003638 0.0232745335 -0.3543634713 0.9348180890
-144.8 -10.2 2270.3 0.0054688659 -0.9172496200 -0.3982752860 0.9024911523 0.1760591418 -0.3930813074 0.4306736887 -0.3572902083 0.8287724853
188.2 284.9 2227.1 0.2273874432 0.7363656759 0.6372287869 -0.9737259150 0.1802378297 0.1391840577 -0.0123623619 -0.6521348953 0.7580021620
248.1 28.4 2223.8 -0.0447351746 0.7356714606 0.6758596301 -0.9568917751 0.1627915800 -0.2405349165 -0.2869789302 -0.6574848890 0.6966754794
-41.9 -114.0 2275.2 0.9715080857 0.0528333187 0.2310425937 -0.0501680821 0.9985892177 -0.0173997506 -0.2316359282 0.0053130342 0.9727880359
-62.9 -511.0 2273.1 0.9710099697 -0.0346980207 0.2365072519 -0.0310213771 0.9627500772 0.2686073482 -0.2370175272 -0.2681572139 0.9337635636
138.8 -115.5 2243.2 0.8896738887 -0.0073551899 0.4565372169 0.0368582569 0.9977640510 -0.0557524860 -0.4551063478 0.0664286986 0.8879557848
141.7 -512.1 2216.8 0.9031763077 -0.0649970099 0.4243206084 -0.0731592104 0.9507032037 0.3013488650 -0.4229897261 -0.3032141030 0.8538974524
-146.2 -244.8 2158.3 0 0 0 0 0 0 0 0 0
235.9 -232.9 2145.5 0 0 0 0 0 0 0 0 0
-49.6 -879.0 2375.6 0 0 0 0 0 0 0 0 0
166.6 -875.5 2332.7 0 0 0 0 0 0 0 0 0
48.5 483.0 2245.4 7 0.9817026258 -0.0056406809 0.1903369874 0.0014399820 0.9997525215 0.0222008899 -0.1904150993 -0.0215205904 0.9814677835
49.6 283.6 2249.6 0.9817026258 -0.0056406809 0.1903369874 0.0014399820 0.9997525215 0.0222008899 -0.1904150993 -0.0215205904 0.9814677835
50.2 84.8 2254.3 0.9817145467 -0.0032448983 0.1903314888 -0.0012395980 0.9997245073 0.0234377179 -0.1903551072 -0.0232450832 0.9814400673
-88.6 283.7 2276.4 0.2029660493 -0.9177405238 -0.3414045572 0.9790042639 0.1969077885 0.0527068675 0.0188539829 -0.3449341953 0.9384374619
-149.6 -10.8 2270.8 -0.0184628870 -0.9178588986 -0.3964772522 0.9020661712 0.1557284296 -0.4025236368 0.4312026501 -0.3650804758 0.8250942230
187.7 283.4 2222.9 0.2269874215 0.7299483418 0.6447108984 -0.9738786817 0.1659927517 0.1549408883 0.0060815113 -0.6630398035 0.7485594153
247.0 29.1 2224.4 -0.0555402562 0.7298432589 0.6813545823 -0.9532883763 0.1641664058 -0.2535561025 -0.2969117463 -0.6636099815 0.6866332293
-40.4 -112.3 2273.3 0.9688408375 0.0559546463 0.2412809581 -0.0488065705 0.9981769919 -0.0355056636 -0.2428278029 0.0226232428 0.9698055983
-62.7 -509.1 2264.3 0.9688678384 -0.0269056391 0.2461120933 -0.0497464202 0.9526467919 0.2999823391 -0.2425291091 -0.3028864264 0.9216504097
140.1 -112.6 2240.5 0.8839838505 -0.0035135844 0.4675042927 0.0348103493 0.9976906776 -0.0583231375 -0.4662197232 0.0678306967 0.8820647001
141.5 -509.3 2213.6 0.8982881308 -0.0715768784 0.4335380197 -0.0752132088 0.9470356107 0.3121963441 -0.4329219759 -0.3130500615 0.8453273177
-144.8 -245.5 2158.6 0 0 0 0 0 0 0 0 0
231.8 -231.2 2143.4 0 0 0 0 0 0 0 0 0
-52.4 -873.1 2380.0 0 0 0 0 0 0 0 0 0
168.9 -871.3 2333.2 0 0 0 0 0 0 0 0 0
47.4 480.0 2242.6 8 0.9838005900 -0.0058072694 0.1791721135 0.0014782121 0.9997039437 0.0242854990 -0.1792601049 -0.0236272346 0.9835179448
48.5 280.9 2247.3 0.9838005900 -0.0058072694 0.1791721135 0.0014782121 0.9997039437 0.0242854990 -0.1792601049 -0.0236272346 0.9835179448
49.3 82.2 2252.4 0.9838108420 -0.0040753698 0.1791637540 -0.0005895984 0.9996623993 0.0259765014 -0.1792091280 -0.0256615970 0.9834762812
-89.9 281.0 2272.5 0.2096138299 -0.9136799574 -0.3482110798 0.9777826667 0.1965115517 0.0729675367 0.0017585192 -0.3557697535 0.9345719814
-152.4 -10.6 2272.0 -0.0329803377 -0.9132699966 -0.4060175717 0.9040793180 0.1459280103 -0.4016784430 0.4260902107 -0.3803195655 0.8208557367
187.0 280.8 2222.1 0.2259656936 0.7365333438 0.6375406981 -0.9741276503 0.1682646126 0.1508718431 0.0038466044 -0.6551378965 0.7554995418
246.1 25.8 2223.1 -0.0641136244 0.7359053493 0.6740421057 -0.9515978694 0.1583595425 -0.2634079158 -0.3005842865 -0.6583051085 0.6901329756
-39.2 -113.8 2276.3 0.9719455242 0.0511005260 0.2295879722 -0.0414880961 0.9980561137 -0.0465051420 -0.2315181196 0.0356752984 0.9721762538
-59.5 -510.6 2262.2 0.9725072384 -0.0189594124 0.2320995927 -0.0600551553 0.9425484538 0.3286271989 -0.2249956876 -0.3335311115 0.9154965281
141.0 -114.0 2241.4 0.8891811967 -0.0079090660 0.4574868679 0.0338210389 0.9982514977 -0.0484774448 -0.4563035369 0.0585779138 0.8878939748
144.1 -510.9 2218.1 0.9021149278 -0.0636952817 0.4267687201 -0.0739409849 0.9515962005 0.2983242571 -0.4251133502 -0.3006784618 0.8537395000
-143.8 -245.9 2161.1 0 0 0 0 0 0 0 0 0
228.6 -234.0 2141.0 0 0 0 0 0 0 0 0 0
-52.3 -870.6 2389.6 0 0 0 0 0 0 0 0 0
168.5 -874.7 2333.1 0 0 0 0 0 0 0 0 0
48.5 481.4 2242.2 9 0.9836388826 -0.0032767805 0.1801215410 -0.0013279812 0.9996755123 0.0254382193 -0.1801464409 -0.0252612196 0.9833153486
49.2 282.2 2247.2 0.9836388826 -0.0032767805 0.1801215410 -0.0013279812 0.9996755123 0.0254382193 -0.1801464409 -0.0252612196 0.9833153486
49.6 83.5 2252.9 0.9836437106 -0.0021328907 0.1801125258 -0.0030998907 0.9995813370 0.0287663825 -0.1800984889 -0.0288541988 0.9832252860
-89.2 282.6 2272.6 0.1956233233 -0.9157616496 -0.3508732915 0.9806117415 0.1868556887 0.0590390936 0.0114969341 -0.3556198776 0.9345599413
-147.5 -9.4 2269.1 -0.0159068014 -0.9159280062 -0.4010273218 0.9159608483 0.1474850476 -0.3731808066 0.4009522498 -0.3732614219 0.8366081715
187.6 281.8 2221.9 0.2209765315 0.7358138561 0.6401150823 -0.9752791524 0.1666925251 0.1450663060 0.0000393959 -0.6563471556 0.7544590235
246.1 23.7 2221.9 -0.0731414333 0.7351327538 0.6739659905 -0.9485755563 0.1574098617 -0.2746389508 -0.3079850078 -0.6593951583 0.6858158112
-40.1 -116.5 2273.9 0.9716019034 0.0519765243 0.2308423966 -0.0450603627 0.9983661771 -0.0351359658 -0.2322914898 0.0237363297 0.9723565578
