-12.8 467.9 2149.8 1 0.8904184103 -0.2607219815 0.3730671108 0.2528815567 0.9649055004 0.0707692653 -0.3784255981 0.0313275307 0.9251013994
54.3 219.6 2141.8 0.8904184103 -0.2607219815 0.3730671108 0.2528815567 0.9649055004 0.0707692653 -0.3784255981 0.0313275307 0.9251013994
29.1 27.3 2167.0 0.9186834693 0.1301482767 0.3729371727 -0.1687710583 0.9829699397 0.0727075189 -0.3571232855 -0.1297362000 0.9250035286
-76.2 243.9 2192.5 0.7941287160 0.3205821514 -0.5163203478 -0.6052553654 0.3402858078 -0.7196329236 -0.0550049655 0.8839867711 0.4642648101
-279.0 398.4 2206.6 -0.7649557590 0.3205821514 -0.5586320758 -0.4573810995 0.3402858078 0.8215887547 0.4534812570 0.8839867711 -0.1136753783
184.9 195.4 2091.0 -0.4089039266 0.7274850011 0.5509656072 -0.2262014449 0.5041075349 -0.8334917426 -0.8840987086 -0.4654472768 -0.0415733829
105.8 151.7 1920.1 -0.3054876924 0.7274850011 -0.6143637300 0.8454009295 0.5041075349 0.1765583754 0.4381489456 -0.4654472768 -0.7690151334
-86.1 -149.9 2209.9 0.7241265774 0.0665770546 0.6864460111 0.0394339450 0.9897042513 -0.1375880390 -0.6885387897 0.1267004311 0.7140457630
-112.2 -537.4 2160.2 0.7211114764 0.0690350905 0.6893709898 -0.0837892517 0.9964095950 -0.0121354591 -0.6877336502 -0.0490108617 0.7243068218
83.9 -180.6 2157.1 0.9533032179 -0.0407821275 0.2992486358 0.0655344874 0.9951656461 -0.0731474310 -0.2948188484 0.0893427953 0.9513672590
99.9 -570.4 2122.1 0.9572433233 0.0281371512 0.2879123688 -0.0585620515 0.9934999943 0.0976125970 -0.2832944095 -0.1102997512 0.9526690245
-95.4 508.1 2097.8 0 0 0 0 0 0 0 0 0
21.0 386.5 2041.7 0 0 0 0 0 0 0 0 0
-138.2 -912.5 2178.7 0 0 0 0 0 0 0 0 0
89.3 -944.1 2163.6 0 0 0 0 0 0 0 0 0
-12.2 466.1 2149.6 2 0.8926569223 -0.2636526525 0.3655829728 0.2541498244 0.9642645121 0.0748456791 -0.3722519279 0.0261013284 0.9277646542
55.0 220.2 2142.9 0.8926569223 -0.2636526525 0.3655829728 0.2541498244 0.9642645121 0.0748456791 -0.3722519279 0.0261013284 0.9277646542
28.8 27.4 2163.9 0.9203647971 0.1346749216 0.3671393096 -0.1646097600 0.9850225449 0.0513243787 -0.3547283709 -0.1076718643 0.9287489057
-76.0 243.8 2193.4 0.7970061898 0.3170863986 -0.5140402913 -0.6017569900 0.3440853953 -0.7207591534 -0.0516691692 0.8837768435 0.4650471509
-277.0 395.6 2206.4 -0.7577951550 0.3170863986 -0.5702654719 -0.4684033692 0.3440853953 0.8137588501 0.4542518854 0.8837768435 -0.1122219115
186.0 196.7 2092.4 -0.4063320458 0.7311720252 0.5479797125 -0.2328718156 0.4970484972 -0.8358908296 -0.8835524917 -0.4672582746 -0.0316973813
105.9 150.8 1918.3 -0.3007075191 0.7311720252 -0.6123418212 0.8496302366 0.4970484972 0.1762704402 0.4332475960 -0.4672582746 -0.7706920505
-78.9 -149.8 2224.5 0.7289237380 0.0830514878 0.6795385480 0.0534986891 0.9826681018 -0.1774859130 -0.6825013161 0.1657281220 0.7118470073
-111.4 -534.3 2159.6 0.7245077491 0.0858688578 0.6838969588 -0.1066031456 0.9942304492 -0.0119003700 -0.6809730530 -0.0642836615 0.7294815183
86.7 -180.5 2160.1 0.9560114741 -0.0255129281 0.2922176719 0.0505696647 0.9956294298 -0.0785159841 -0.2889373302 0.0898395330 0.9531233311
96.7 -570.4 2124.9 0.9593868852 0.0015101809 0.2820895016 -0.0343661532 0.9931630492 0.1115624011 -0.2799923718 -0.1167258322 0.9528794885
-95.1 508.0 2097.3 0 0 0 0 0 0 0 0 0
22.4 386.7 2038.6 0 0 0 0 0 0 0 0 0
-143.7 -908.6 2183.8 0 0 0 0 0 0 0 0 0
96.2 -944.2 2168.8 0 0 0 0 0 0 0 0 0
-11.4 462.4 2148.4 3 0.9034278393 -0.2574091852 0.3428682387 0.2469988614 0.9661464095 0.0745164603 -0.3504421413 0.0173678212 0.9364233613
53.0 220.6 2144.1 0.9034278393 -0.2574091852 0.3428682387 0.2469988614 0.9661464095 0.0745164603 -0.3504421413 0.0173678212 0.9364233613
26.8 27.4 2161.4 0.9288545847 0.1343709379 0.3452153504 -0.1566234827 0.9869553447 0.0372588411 -0.3357056081 -0.0886768699 0.9377836585
-79.2 243.0 2191.9 0.7841033340 0.3473152816 -0.5143482089 -0.6166926026 0.3428049684 -0.7086430788 -0.0698014423 0.8728441000 0.4829812646
-277.7 399.1 2209.5 -0.7559484839 0.3473152816 -0.5548999906 -0.4484300911 0.3428049684 0.8254666924 0.4769196510 0.8728441000 -0.1033962741
185.3 198.2 2096.3 -0.3980450630 0.7392521501 0.5432001352 -0.2341548055 0.4906431437 -0.8393097520 -0.8869789243 -0.4612760246 -0.0221986398
105.2 151.1 1917.8 -0.2954668701 0.7392521501 -0.6051492095 0.8518279791 0.4906431437 0.1834622622 0.4325371683 -0.4612760246 -0.7746844888
-80.5 -150.5 2216.9 0.7416303158 0.0822592303 0.6657461524 0.0306631457 0.9872583151 -0.1561433375 -0.6701076627 0.1362144947 0.7296583652
-112.7 -536.8 2163.6 0.7385378480 0.0676957294 0.6708048582 -0.0637815744 0.9974994659 -0.0304430574 -0.6711882949 -0.0203016363 0.7410088181
85.7 -180.3 2152.9 0.9624354839 -0.0348276906 0.2692674398 0.0549009852 0.9962158799 -0.0673782080 -0.2659018636 0.0796302259 0.9607055783
99.3 -570.5 2121.7 0.9653483033 0.0380652286 0.2581737936 -0.0706452355 0.9904837608 0.1181152686 -0.2512208521 -0.1322611123 0.9588509202
-94.9 507.5 2094.2 0 0 0 0 0 0 0 0 0
23.1 387.6 2037.9 0 0 0 0 0 0 0 0 0
-138.1 -912.0 2171.3 0 0 0 0 0 0 0 0 0
85.0 -943.1 2171.5 0 0 0 0 0 0 0 0 0
-10.8 458.8 2148.3 4 0.9056197405 -0.2522850931 0.3408887684 0.2411151081 0.9675543904 0.0755113587 -0.3488788307 0.0138088558 0.9370660782
51.2 220.9 2145.0 0.9056197405 -0.2522850931 0.3408887684 0.2411151081 0.9675543904 0.0755113587 -0.3488788307 0.0138088558 0.9370660782
25.0 27.6 2162.4 0.9296544790 0.1341654658 0.3431358635 -0.1565775275 0.9869216681 0.0383293815 -0.3335057497 -0.0893604457 0.9385033846
-81.3 243.2 2192.5 0.7837138772 0.3400121331 -0.5197925568 -0.6177764535 0.3399646878 -0.7090671659 -0.0643803105 0.8768213987 0.4764865339
-278.4 398.6 2208.6 -0.7593744397 0.3400121331 -0.5547451377 -0.4507445097 0.3399646878 0.8253807425 0.4692332447 0.8768213987 -0.1049019024
183.6 198.5 2097.4 -0.3893356919 0.7445648909 0.5422553420 -0.2330228090 0.4899375141 -0.8400366902 -0.8911330104 -0.4534141123 -0.0172495656
105.2 151.6 1917.9 -0.2944864631 0.7445648909 -0.5990833640 0.8506260514 0.4899375141 0.1907788366 0.4355606437 -0.4534141123 -0.7776262164
-83.3 -151.7 2209.0 0.7432659864 0.0682425946 0.6655063033 0.0326174498 0.9899039865 -0.1379356682 -0.6682004333 0.1242300048 0.7335360646
-110.0 -539.2 2160.4 0.7376641631 0.0914899409 0.6689403653 -0.1021707430 0.9944928288 -0.0233479626 -0.6673924923 -0.0511231758 0.7429493070
84.5 -180.0 2148.4 0.9627483487 -0.0459841564 0.2664602101 0.0610917658 0.9969441891 -0.0486840494 -0.2634072304 0.0631490126 0.9626156092
102.5 -570.5 2123.7 0.9662085772 0.0357866138 0.2552650571 -0.0673459321 0.9909651875 0.1159850359 -0.2488080859 -0.1292567998 0.9598891735
-94.9 507.6 2095.2 0 0 0 0 0 0 0 0 0
23.4 387.8 2038.9 0 0 0 0 0 0 0 0 0
-144.4 -913.2 2179.6 0 0 0 0 0 0 0 0 0
89.0 -943.5 2172.3 0 0 0 0 0 0 0 0 0
-10.8 459.8 2149.3 5 0.9006984234 -0.2451324165 0.3586816192 0.2407350689 0.9688779712 0.0576380417 -0.3616476655 0.0344327502 0.9316787720
50.1 218.9 2140.8 0.9006984234 -0.2451324165 0.3586816192 0.2407350689 0.9688779712 0.0576380417 -0.3616476655 0.0344327502 0.9316787720
24.1 26.5 2165.2 0.9241217375 0.1335996091 0.3579806387 -0.1692055613 0.9830985069 0.0699059367 -0.3425908089 -0.1251739115 0.9311084747
-81.5 243.1 2189.5 0.7807069421 0.3464205265 -0.5200860500 -0.6202473044 0.3282319307 -0.7124304175 -0.0760916770 0.8787813187 0.4711193442
-280.4 401.1 2208.9 -0.7667493820 0.3464205265 -0.5404518247 -0.4406340122 0.3282319307 0.8355270624 0.4668372571 0.8787813187 -0.0990269631
181.8 194.8 2092.0 -0.3903767765 0.7451848388 0.5406528711 -0.2245190889 0.4924617410 -0.8408761024 -0.8928589821 -0.4496454000 -0.0249374062
106.0 151.2 1918.7 -0.3014451563 0.7451848388 -0.5948364139 0.8502106667 0.4924617410 0.1860732585 0.4315931499 -0.4496454000 -0.7820143104
-85.2 -151.5 2210.0 0.7346993685 0.0624755844 0.6755098701 0.0395096168 0.9901195765 -0.1345442832 -0.6772413254 0.1255387366 0.7249718904
-109.7 -539.2 2160.9 0.7288966775 0.0930027217 0.6782773733 -0.1041900963 0.9942589402 -0.0243631601 -0.6766491532 -0.0529115573 0.7344020009
82.8 -179.8 2149.8 0.9576160908 -0.0523505136 0.2832504213 0.0692120865 0.9963558912 -0.0498458706 -0.2796087563 0.0673375651 0.9577497840
103.3 -570.0 2123.4 0.9602575302 0.0604541637 0.2724899054 -0.0899370536 0.9912095070 0.0970310867 -0.2642286718 -0.1176817715 0.9572534561
-95.0 507.7 2096.0 0 0 0 0 0 0 0 0 0
22.3 387.3 2038.5 0 0 0 0 0 0 0 0 0
-144.7 -913.4 2180.8 0 0 0 0 0 0 0 0 0
80.5 -943.1 2167.7 0 0 0 0 0 0 0 0 0
-10.3 459.6 2148.8 6 0.8956407905 -0.2469076365 0.3699515760 0.2411416322 0.9684710503 0.0625666007 -0.3737355471 0.0331735238 0.9269418716
50.5 221.0 2140.6 0.8956407905 -0.2469076365 0.3699515760 0.2411416322 0.9684710503 0.0625666007 -0.3737355471 0.0331735238 0.9269418716
26.2 28.4 2166.3 0.9210094810 0.1246605590 0.3690545857 -0.1639248580 0.9834717512 0.0768889263 -0.3533697724 -0.1313126534 0.9262217879
-80.7 244.3 2191.0 0.7878450155 0.3425821364 -0.5117985010 -0.6113098264 0.3340155482 -0.7174496055 -0.0748367533 0.8781065345 0.4725763202
-279.5 398.6 2209.8 -0.7606880665 0.3425821364 -0.5513539314 -0.4499057233 0.3340155482 0.8282623291 0.4679086506 0.8781065345 -0.0999519899
181.8 197.6 2090.3 -0.3881544471 0.7351773381 0.5557431579 -0.2420650572 0.5005209446 -0.8311938643 -0.8892359734 -0.4571576118 -0.0163187049
106.0 150.3 1916.8 -0.3015273213 0.7351773381 -0.6071207523 0.8454652429 0.5005209446 0.1861916333 0.4407605231 -0.4571576118 -0.7724875808
-85.5 -150.6 2220.7 0.7263677716 0.0713487417 0.6835928559 0.0496263243 0.9865567684 -0.1557016522 -0.6855123043 0.1470208615 0.7130622268
-113.5 -536.8 2163.1 0.7234858871 0.0674961656 0.6870316267 -0.0700243413 0.9972509146 -0.0242332239 -0.6867785454 -0.0305765402 0.7262233496
81.5 -181.2 2158.8 0.9529762268 -0.0593096130 0.2971844971 0.0838761106 0.9939723611 -0.0705952719 -0.2912062109 0.0922022983 0.9522067308
104.7 -570.4 2122.7 0.9572207332 0.0603429936 0.2829968035 -0.0912695900 0.9910521507 0.0973936543 -0.2745875716 -0.1190562323 0.9541631341
-95.0 507.7 2096.3 0 0 0 0 0 0 0 0 0
22.3 385.1 2039.2 0 0 0 0 0 0 0 0 0
-138.9 -912.1 2174.6 0 0 0 0 0 0 0 0 0
82.0 -943.6 2167.5 0 0 0 0 0 0 0 0 0
-9.2 456.9 2148.0 7 0.9045217037 -0.2539542019 0.3425606489 0.2445925325 0.9670192599 0.0710512698 -0.3493064940 0.0195203554 0.9368051887
52.7 221.1 2143.3 0.9045217037 -0.2539542019 0.3425606489 0.2445925325 0.9670192599 0.0710512698 -0.3493064940 0.0195203554 0.9368051887
23.4 28.6 2161.6 0.9267088771 0.1504021734 0.3443686962 -0.1734668911 0.9841450453 0.0369828977 -0.3333464563 -0.0940089524 0.9381057620
-79.3 245.9 2190.8 0.7924030423 0.3415589631 -0.5054056048 -0.6051841378 0.3363096714 -0.7215594053 -0.0764822960 0.8776293397 0.4731988907
-279.1 398.5 2210.1 -0.7595993876 0.3415589631 -0.5534855127 -0.4511302412 0.3363096714 0.8266663551 0.4684978426 0.8776293397 -0.1013730392
184.7 196.4 2095.8 -0.3998415172 0.7350346446 0.5475863814 -0.2218940258 0.5020258427 -0.8359025717 -0.8893198371 -0.4557347000 -0.0376309752
104.9 152.1 1918.2 -0.3027994335 0.7350346446 -0.6066601872 0.8444435596 0.5020258427 0.1867756844 0.4418456852 -0.4557347000 -0.7727084160
-81.4 -149.3 2223.9 0.7449403405 0.0791283399 0.6624217629 0.0388383716 0.9861129522 -0.1614707708 -0.6659995914 0.1460134685 0.7315220833
-112.4 -535.5 2166.8 0.7418208718 0.0687189028 0.6670678258 -0.0410512947 0.9975235462 -0.0571096614 -0.6693404317 0.0149811385 0.7428048253
85.0 -179.0 2160.1 0.9625386596 -0.0418440960 0.2678962350 0.0696001351 0.9930449128 -0.0949612111 -0.2620594203 0.1100494489 0.9587564468
101.4 -567.8 2117.0 0.9678423405 0.0255925264 0.2502522767 -0.0633447990 0.9875496030 0.1439902484 -0.2434514761 -0.1552120447 0.9574134946
-95.1 507.8 2096.6 0 0 0 0 0 0 0 0 0
20.8 386.5 2040.9 0 0 0 0 0 0 0 0 0
-138.3 -910.7 2161.1 0 0 0 0 0 0 0 0 0
91.8 -939.2 2175.4 0 0 0 0 0 0 0 0 0
-10.0 455.4 2149.2 8 0.9086921215 -0.2598355412 0.3267478645 0.2512017787 0.9654611945 0.0691544637 -0.3334311545 0.0192395244 0.9425781369
52.9 221.7 2144.5 0.9086921215 -0.2598355412 0.3267478645 0.2512017787 0.9654611945 0.0691544637 -0.3334311545 0.0192395244 0.9425781369
25.2 28.6 2160.4 0.9335842133 0.1418607980 0.3290835321 -0.1606612951 0.9865379930 0.0305083487 -0.3203254938 -0.0813531056 0.9438078403
-80.1 244.7 2190.1 0.7890713811 0.3347796798 -0.5150620937 -0.6103489995 0.3322979808 -0.7190634012 -0.0695737377 0.8817599416 0.4665392637
-279.9 399.2 2207.8 -0.7654635906 0.3347796798 -0.5495343804 -0.4498164356 0.3322979808 0.8290013671 0.4601419568 0.8817599416 -0.1037726030
185.9 198.8 2098.9 -0.3917969167 0.7352823019 0.5530416965 -0.2338083535 0.5017949939 -0.8327877522 -0.8898476362 -0.4555894434 -0.0246865992
106.2 151.2 1917.8 -0.3084581196 0.7352823019 -0.6035010815 0.8463030457 0.5017949939 0.1788098663 0.4343095720 -0.4555894434 -0.7770543694
-89.7 -148.2 2210.1 0.7535065413 0.0590801202 0.6547804475 0.0305639282 0.9917293191 -0.1246549189 -0.6567295790 0.1139409617 0.7454687953
-112.8 -536.4 2165.5 0.7505994439 0.0666739047 0.6573850513 -0.0465982407 0.9977602959 -0.0479900800 -0.6591123939 0.0053883404 0.7520251870
77.8 -179.7 2149.8 0.9658505917 -0.0655463859 0.2506718040 0.0812893137 0.9952824116 -0.0529623628 -0.2460177243 0.0715306699 0.9666222930
103.4 -569.0 2121.8 0.9706750512 0.0447017513 0.2362027168 -0.0733719468 0.9907655716 0.1140179783 -0.2289247215 -0.1280050576 0.9649912715
-95.1 507.8 2096.7 0 0 0 0 0 0 0 0 0
20.6 386.2 2038.4 0 0 0 0 0 0 0 0 0
-137.9 -911.9 2163.5 0 0 0 0 0 0 0 0 0
86.6 -941.7 2170.0 0 0 0 0 0 0 0 0 0
-9.6 456.3 2149.7 9 0.9119315147 -0.2559096515 0.3207665980 0.2470568568 0.9665589929 0.0687504932 -0.3276337385 0.0165518429 0.9446598291
52.5 221.8 2145.7 0.9119315147 -0.2559096515 0.3207665980 0.2470568568 0.9665589929 0.0687504932 -0.3276337385 0.0165518429 0.9446598291
26.0 28.5 2161.6 0.9366816282 0.1353909671 0.3229501545 -0.1542298943 0.9874720573 0.0333472900 -0.3143893182 -0.0810443610 0.9458283186
-81.0 243.8 2190.5 0.7835979462 0.3430528045 -0.5179662704 -0.6168670654 0.3305594325 -0.7142866850 -0.0738194361 0.8792299032 0.4706436694
-280.7 401.0 2209.3 -0.7671009898 0.3430528045 -0.5420985222 -0.4416116476 0.3305594325 0.8340920806 0.4653334320 0.8792299032 -0.1020763591
186.0 199.8 2100.9 -0.3902678490 0.7358568311 0.5533585548 -0.2367832810 0.5005852580 -0.8326752782 -0.8897329569 -0.4559924304 -0.0211237259
106.2 151.4 1919.2 -0.3058601618 0.7358568311 -0.6041226983 0.8465197682 0.5005852580 0.1811592281 0.4357221723 -0.4559924304 -0.7760264874
-86.8 -149.9 2205.3 0.7567822337 0.0621755049 0.6507033706 0.0253579579 0.9919241667 -0.1242714375 -0.6531749964 0.1105469242 0.7490939498
-111.2 -538.3 2162.0 0.7526592612 0.0789512023 0.6536595225 -0.0748778880 0.9966076016 -0.0341551453 -0.6541386843 -0.0232374594 0.7560176253
81.9 -179.0 2147.4 0.9680514336 -0.0539995283 0.2448681742 0.0679220259 0.9964980483 -0.0487674214 -0.2413772494 0.0638413131 0.9683291316
103.0 -569.1 2122.4 0.9703949690 0.0528259911 0.2356757373 -0.0740884766 0.9938506484 0.0822907612 -0.2298793942 -0.0973153934 0.9683414698
-95.2 507.8 2096.8 0 0 0 0 0 0 0 0 0
21.3 386.5 2040.2 0 0 0 0 0 0 0 0 0
-140.9 -913.3 2170.7 0 0 0 0 0 0 0 0 0
83.1 -943.0 2159.0 0 0 0 0 0 0 0 0 0
-10.2 459.0 2150.0 0 0.9045663476 -0.2620494962 0.3362882435 0.2567682862 0.9645493627 0.0609469675 -0.3403377533 0.0312175751 0.9397849441
54.4 221.3 2142.3 0.9045663476 -0.2620494962 0.3362882435 0.2567682862 0.9645493627 0.0609469675 -0.3403377533 0.0312175751 0.9397849441
25.6 28.8 2163.1 0.9299501777 0.1473266780 0.3368791044 -0.1742363870 0.9833866954 0.0509145819 -0.3237813413 -0.1060446203 0.9401702881
-78.1 246.2 2188.4 0.7920113206 0.3382760584 -0.5082198381 -0.6056543589 0.3306139708 -0.7237936258 -0.0768174827 0.8810582757 0.4667283595
-281.1 401.4 2208.1 -0.7702131271 0.3382760584 -0.5406857133 -0.4406610727 0.3306139708 0.8345730901 0.4610743523 0.8810582757 -0.1055781320
186.9 196.4 2096.2 -0.4011239707 0.7311417460 0.5518435240 -0.2273692042 0.5041116476 -0.8331714869 -0.8873571754 -0.4596772790 -0.0359721482
106.2 150.7 1917.8 -0.3016558290 0.7311417460 -0.6119113564 0.8432281613 0.5041116476 0.1866485327 0.4449381828 -0.4596772790 -0.7685875297
-85.1 -150.9 2205.8 0.7485241890 0.0738595948 0.6589812636 0.0117815109 0.9921392798 -0.1245828271 -0.6630028486 0.1010170504 0.7417700291
-114.0 -539.5 2166.3 0.7459631562 0.0636976883 0.6629340649 -0.0530763008 0.9979354739 -0.0361622907 -0.6638688445 -0.0082103526 0.7478039265
84.2 -178.8 2149.0 0.9644744396 -0.0502481349 0.2593533397 0.0676456168 0.9959874749 -0.0585917048 -0.2553685308 0.0740543157 0.9640035629
103.9 -568.8 2120.0 0.9681597948 0.0426031761 0.2466811687 -0.0729749128 0.9906444550 0.1153179854 -0.2394604236 -0.1296477765 0.9622110724
-95.1 507.8 2096.7 0 0 0 0 0 0 0 0 0
22.5 384.9 2041.4 0 0 0 0 0 0 0 0 0
-138.0 -915.1 2169.4 0 0 0 0 0 0 0 0 0
87.8 -941.5 2168.8 0 0 0 0 0 0 0 0 0
-10.2 457.9 2149.1 1 0.9060690403 -0.2633155584 0.3312156796 0.2549732924 0.9644654393 0.0692459345 -0.3376796246 0.0217095632 0.9410107136
54.3 221.5 2143.8 0.9060690403 -0.2633155584 0.3312156796 0.2549732924 0.9644654393 0.0692459345 -0.3376796246 0.0217095632 0.9410107136
25.4 28.7 2162.0 0.9312721491 0.1477278173 0.3330294788 -0.1700251698 0.9846810699 0.0386600085 -0.3222166896 -0.0926263854 0.9421235323
-78.4 245.8 2189.7 0.7925469875 0.3331488371 -0.5107652545 -0.6057870388 0.3340627551 -0.7220970392 -0.0699381605 0.8817107677 0.4665776789
-280.0 399.9 2207.5 -0.7670698166 0.3331488371 -0.5482843518 -0.4477544725 0.3340627551 0.8294082284 0.4594777822 0.8817107677 -0.1070805714
187.0 197.3 2097.9 -0.4031190872 0.7318137288 0.5494940281 -0.2248057574 0.5028567910 -0.8346241117 -0.8871061802 -0.4599823356 -0.0381952338
105.7 151.9 1918.9 -0.3009352386 0.7318137288 -0.6114627123 0.8440231681 0.5028567910 0.1864400804 0.4439175725 -0.4599823356 -0.7689950466
-87.3 -147.9 2213.1 0.7520720363 0.0636480451 0.6560004354 0.0325823575 0.9905186296 -0.1334585249 -0.6582750678 0.1217444688 0.7428675890
-112.2 -535.8 2165.4 0.7495136261 0.0620265566 0.6590766311 -0.0467351899 0.9980744720 -0.0407819971 -0.6603371501 -0.0002354102 0.7509692311
80.8 -179.5 2154.6 0.9649770856 -0.0596810132 0.2554552853 0.0805338770 0.9941512346 -0.0719554275 -0.2496668100 0.0900081471 0.9641395211
104.2 -568.8 2119.4 0.9698516726 0.0430082381 0.2398707569 -0.0722450987 0.9907979369 0.1144556403 -0.2327409089 -0.1283344775 0.9640341997
-95.1 507.8 2096.8 0 0 0 0 0 0 0 0 0
22.1 386.3 2042.2 0 0 0 0 0 0 0 0 0
-135.5 -911.6 2165.5 0 0 0 0 0 0 0 0 0
88.0 -941.7 2167.7 0 0 0 0 0 0 0 0 0
-9.5 457.8 2148.7 2 0.8999863267 -0.2662734091 0.3451420367 0.2556111515 0.9637111425 0.0769658014 -0.3531111777 0.0189539734 0.9353893399
55.6 222.1 2144.1 0.8999863267 -0.2662734091 0.3451420367 0.2556111515 0.9637111425 0.0769658014 -0.3531111777 0.0189539734 0.9353893399
26.8 29.2 2161.7 0.9259620905 0.1471243501 0.3477767110 -0.1692268848 0.9849947691 0.0338750556 -0.3375744224 -0.0902201831 0.9369652271
-76.3 246.2 2192.2 0.7977499962 0.3245444298 -0.5081986189 -0.6000704765 0.3444803357 -0.7219755650 -0.0592487156 0.8809109926 0.4695587158
-278.5 398.3 2207.2 -0.7626696825 0.3245444298 -0.5594692230 -0.4555605650 0.3444803357 0.8208519220 0.4591290951 0.8809109926 -0.1148750782
187.6 198.0 2096.0 -0.4111504853 0.7240409255 0.5538231134 -0.2294851542 0.5057697892 -0.8315849304 -0.8822085261 -0.4690007269 -0.0417908505
105.5 152.2 1919.9 -0.3022309244 0.7240409255 -0.6200171113 0.8438305855 0.5057697892 0.1792955548 0.4434032440 -0.4690007269 -0.7638271451
-87.6 -148.7 2209.2 0.7417811155 0.0563436858 0.6682710052 0.0364568084 0.9916033149 -0.1240717545 -0.6696503758 0.1163971126 0.7334985137
-109.7 -537.0 2163.6 0.7351256013 0.0992580801 0.6706252098 -0.0910691619 0.9947159290 -0.0473980382 -0.6717862487 -0.0262297634 0.7402805090
80.7 -179.4 2151.0 0.9610198140 -0.0598977543 0.2699133754 0.0809445530 0.9944288135 -0.0675226375 -0.2643651962 0.0867386088 0.9605141878
104.2 -568.9 2117.0 0.9666721821 0.0415634923 0.2526209056 -0.0768582523 0.9883329868 0.1314941049 -0.2442082316 -0.1465277076 0.9585885406
-95.2 507.8 2096.8 0 0 0 0 0 0 0 0 0
21.6 386.5 2043.1 0 0 0 0 0 0 0 0 0
-147.0 -911.3 2173.5 0 0 0 0 0 0 0 0 0
88.5 -941.0 2172.2 0 0 0 0 0 0 0 0 0
-9.5 460.0 2149.5 3 0.9001528621 -0.2590448856 0.3501722813 0.2498111874 0.9656025171 0.0721534938 -0.3568182290 0.0225277804 0.9339021444
54.5 221.7 2143.9 0.9001528621 -0.2590448856 0.3501722813 0.2498111874 0.9656025171 0.0721534938 -0.3568182290 0.0225277804 0.9339021444
29.1 28.5 2163.1 0.9270140529 0.1297392845 0.3518702686 -0.1557490975 0.9867007732 0.0465164296 -0.3411556780 -0.0979248583 0.9348922372
-77.6 243.9 2192.6 0.7885383964 0.3300901055 -0.5188907981 -0.6127564907 0.3499379754 -0.7085710168 -0.0523126796 0.8766891956 0.4782044291
-278.0 399.6 2205.8 -0.7623348832 0.3300901055 -0.5566740632 -0.4488819540 0.3499379754 0.8222216368 0.4662086368 0.8766891956 -0.1185984462
186.6 199.5 2095.3 -0.4069722295 0.7267236114 0.5533953309 -0.2383466065 0.5003626347 -0.8323630095 -0.8817961812 -0.4706485271 -0.0304215755
105.2 151.9 1919.1 -0.2963616848 0.7267236114 -0.6197116375 0.8464802504 0.5003626347 0.1819572449 0.4423131645 -0.4706485271 -0.7634454966
-85.6 -148.4 2209.9 0.7369676828 0.0624816976 0.6730338931 0.0310364775 0.9915401340 -0.1260352433 -0.6752150059 0.1137725115 0.7287938595
-110.1 -536.8 2165.4 0.7315108180 0.0910483971 0.6757233739 -0.0699971616 0.9958359599 -0.0584049486 -0.6782273054 -0.0045748637 0.7348379493
81.7 -179.0 2148.9 0.9597529173 -0.0506906100 0.2762332261 0.0703074336 0.9956231117 -0.0615748651 -0.2719029188 0.0785179064 0.9591161013
101.6 -568.9 2118.2 0.9652896523 0.0249802340 0.2599843442 -0.0642719641 0.9875248671 0.1437489092 -0.2531501055 -0.1554690301 0.9548530579
-95.0 507.4 2093.9 0 0 0 0 0 0 0 0 0
22.9 386.9 2041.9 0 0 0 0 0 0 0 0 0
-144.4 -911.5 2167.1 0 0 0 0 0 0 0 0 0
92.2 -940.8 2176.7 0 0 0 0 0 0 0 0 0
-9.4 459.2 2148.9 4 0.8929393888 -0.2521158755 0.3729568124 0.2463129461 0.9670743942 0.0640081093 -0.3768144548 0.0347087346 0.9256382585
52.9 220.1 2140.3 0.8929393888 -0.2521158755 0.3729568124 0.2463129461 0.9670743942 0.0640081093 -0.3768144548 0.0347087346 0.9256382585
23.3 27.6 2160.1 0.9148305655 0.1514974684 0.3743441105 -0.1780283153 0.9833251238 0.0371168554 -0.3624788523 -0.1005994827 0.9265467525
-77.4 245.4 2191.9 0.7916275859 0.3337394595 -0.5118044019 -0.6079124808 0.3460552990 -0.7146244645 -0.0613857508 0.8768487573 0.4768312871
-278.6 400.0 2207.5 -0.7629986405 0.3337394595 -0.5535802245 -0.4470826387 0.3460552990 0.8248410821 0.4668514132 0.8768487573 -0.1148306057
183.2 194.7 2088.7 -0.4101828635 0.7346076965 0.5404641628 -0.2224241644 0.4941385984 -0.8404490352 -0.8844645619 -0.4649500847 -0.0392926745
105.2 152.4 1920.4 -0.2957850397 0.7346076965 -0.6106248498 0.8499580026 0.4941385984 0.1827523708 0.4359846115 -0.4649500847 -0.7705445290
-80.1 -150.6 2213.1 0.7219918370 0.0860896036 0.6865248680 0.0162909683 0.9898388386 -0.1412574798 -0.6917098165 0.1131708995 0.7132530212
-113.8 -538.2 2168.8 0.7194708586 0.0644768402 0.6915232539 -0.0413247533 0.9978915453 -0.0500473976 -0.6932920814 0.0074306154 0.7206183672
87.5 -178.8 2151.4 0.9544308782 -0.0334310085 0.2965536416 0.0551429801 0.9963505268 -0.0651523247 -0.2932932675 0.0785362422 0.9527912140
100.6 -569.0 2120.7 0.9580009580 0.0311687831 0.2850660980 -0.0686255172 0.9901094437 0.1223674193 -0.2784326077 -0.1367909163 0.9506647587
-94.8 507.7 2095.1 0 0 0 0 0 0 0 0 0
23.1 388.4 2041.5 0 0 0 0 0 0 0 0 0
-138.1 -913.8 2166.0 0 0 0 0 0 0 0 0 0
88.8 -941.8 2172.2 0 0 0 0 0 0 0 0 0
-9.0 459.0 2148.6 5 0.8904881477 -0.2431587875 0.3845836818 0.2356638759 0.9695007801 0.0673110560 -0.3892214596 0.0306927841 0.9206327200
51.2 219.0 2141.0 0.8904881477 -0.2431587875 0.3845836818 0.2356638759 0.9695007801 0.0673110560 -0.3892214596 0.0306927841 0.9206327200
21.6 26.4 2161.0 0.9099804163 0.1513777971 0.3860315979 -0.1790389419 0.9831644297 0.0365064815 -0.3740062714 -0.1023348719 0.9217629433
-78.4 244.5 2194.3 0.7875649929 0.3367127776 -0.5161064863 -0.6139553189 0.3568207622 -0.7040864825 -0.0529174097 0.8713802099 0.4877461195
-277.5 399.7 2207.7 -0.7582040429 0.3367127776 -0.5583468080 -0.4460028708 0.3568207622 0.8208290935 0.4756133556 0.8713802099 -0.1203680784
180.9 193.4 2087.7 -0.4018632770 0.7399911880 0.5393689871 -0.2161683440 0.4957120121 -0.8411544561 -0.8898186088 -0.4546236098 -0.0392457731
105.3 152.8 1920.2 -0.2988883555 0.7399911880 -0.6025601625 0.8478471041 0.4957120121 0.1882150471 0.4379737973 -0.4546236098 -0.7755619287
-89.0 -148.9 2212.6 0.7144547105 0.0684204623 0.6963283420 0.0309056025 0.9911499023 -0.1290994287 -0.6989988089 0.1137561351 0.7060171366
-115.8 -537.0 2168.0 0.7122875452 0.0570898131 0.6995621324 -0.0308853481 0.9982705712 -0.0500196181 -0.7012079358 0.0140221305 0.7128189206
76.3 -181.0 2147.0 0.9492285848 -0.0673608556 0.3072907329 0.0842810869 0.9955517054 -0.0421125554 -0.3030870557 0.0658732355 0.9506834149
102.6 -570.7 2121.3 0.9540044665 0.0517904982 0.2952849865 -0.0828264654 0.9921606779 0.0935784951 -0.2881236672 -0.1137317121 0.9508153796
-94.6 507.3 2092.9 0 0 0 0 0 0 0 0 0
22.3 388.2 2041.9 0 0 0 0 0 0 0 0 0
-137.3 -912.8 2162.7 0 0 0 0 0 0 0 0 0
83.2 -944.2 2164.1 0 0 0 0 0 0 0 0 0
-10.3 461.0 2148.9 6 0.8892931342 -0.2417537123 0.3882175982 0.2368802130 0.9696106315 0.0611796789 -0.3912103176 0.0375544019 0.9195347428
50.2 218.4 2139.5 0.8892931342 -0.2417537123 0.3882175982 0.2368802130 0.9696106315 0.0611796789 -0.3912103176 0.0375544019 0.9195347428
21.5 25.9 2161.1 0.9095006585 0.1465715915 0.3890055120 -0.1776794493 0.9830583334 0.0450152084 -0.3758171499 -0.1100596562 0.9201349616
-79.4 243.7 2193.1 0.7836142182 0.3435753286 -0.5175951719 -0.6179835796 0.3457985520 -0.7060592175 -0.0636008680 0.8731433749 0.4832965732
-279.4 401.5 2209.3 -0.7635250688 0.3435753286 -0.5467956066 -0.4384779036 0.3457985520 0.8295543790 0.4740955532 0.8731433749 -0.1133756712
179.8 193.1 2086.0 -0.4045233428 0.7403198481 0.5369240046 -0.2130788118 0.4946497977 -0.8425669074 -0.8893583417 -0.4552451074 -0.0423509106
104.4 153.3 1920.2 -0.2971275151 0.7403198481 -0.6030271649 0.8482196927 0.4946497977 0.1893275529 0.4384502172 -0.4552451074 -0.7749279141
-90.3 -149.9 2214.9 0.7129542828 0.0592539795 0.6987024546 0.0456192270 0.9903928638 -0.1305407435 -0.6997249722 0.1249438524 0.7034017444
-113.5 -537.8 2166.0 0.7106919289 0.0567527153 0.7012104392 -0.0343077406 0.9983507395 -0.0460302345 -0.7026662827 0.0086563695 0.7114669085
74.2 -182.3 2147.3 0.9479035139 -0.0684624165 0.3111137748 0.0848167986 0.9956201315 -0.0393283181 -0.3070586324 0.0636671260 0.9495585561
101.0 -572.1 2122.4 0.9541213512 0.0376338065 0.2970456481 -0.0742204264 0.9908342361 0.1128662527 -0.2900754213 -0.1297349632 0.9481693506
-94.5 507.7 2094.5 0 0 0 0 0 0 0 0 0
21.9 388.9 2041.9 0 0 0 0 0 0 0 0 0
-134.8 -913.7 2162.7 0 0 0 0 0 0 0 0 0
86.8 -945.1 2171.2 0 0 0 0 0 0 0 0 0
-13.4 468.7 2149.6 7 0.8971260786 -0.2485198379 0.3652433455 0.2408176512 0.9682341218 0.0673019439 -0.3703669608 0.0275787171 0.9284760356
50.9 218.0 2142.5 0.8971260786 -0.2485198379 0.3652433455 0.2408176512 0.9682341218 0.0673019439 -0.3703669608 0.0275787171 0.9284760356
19.2 25.8 2161.8 0.9160824418 0.1621133536 0.3667590022 -0.1869939864 0.9818033576 0.0330965854 -0.3547198176 -0.0989009291 0.9297270775
-79.6 244.7 2193.0 0.7872571349 0.3382001817 -0.5156033039 -0.6135697365 0.3465144932 -0.7095490694 -0.0613056123 0.8749561906 0.4803054035
-278.5 399.8 2208.5 -0.7612063289 0.3382001817 -0.5533403158 -0.4459491968 0.3465144932 0.8252617717 0.4708441496 0.8749561906 -0.1129489318
181.5 191.4 2091.9 -0.3994283676 0.7478850484 0.5302121639 -0.1991215944 0.4937701523 -0.8464878201 -0.8948785067 -0.4436879456 -0.0483057313
104.4 153.0 1919.3 -0.2963950038 0.7478850484 -0.5939847827 0.8464369178 0.4937701523 0.1993378252 0.4423737526 -0.4436879456 -0.7793885469
-89.4 -150.6 2216.6 0.7307549119 0.0604156107 0.6799612045 0.0447725803 0.9896894097 -0.1360525787 -0.6811700463 0.1298647076 0.7205154300
-113.1 -538.2 2165.8 0.7275273204 0.0686222687 0.6826382279 -0.0512071662 0.9976412654 -0.0457135178 -0.6841650605 -0.0016981361 0.7293252349
75.0 -182.7 2148.7 0.9554833770 -0.0692018345 0.2868146002 0.0860190839 0.9952105880 -0.0464390852 -0.2822272778 0.0690433010 0.9568598866
102.1 -572.5 2121.7 0.9623396993 0.0294659492 0.2702480555 -0.0664359927 0.9894567728 0.1286918223 -0.2636067271 -0.1417994499 0.9541511536
-94.6 507.5 2094.7 0 0 0 0 0 0 0 0 0
22.1 388.0 2042.1 0 0 0 0 0 0 0 0 0
-138.9 -913.9 2166.4 0 0 0 0 0 0 0 0 0
91.0 -945.0 2175.0 0 0 0 0 0 0 0 0 0
-15.6 469.9 2151.9 8 0.9008991718 -0.2579881549 0.3490311503 0.2538187802 0.9654812217 0.0584978908 -0.3520747721 0.0358899608 0.9352835417
51.1 220.4 2142.7 0.9008991718 -0.2579881549 0.3490311503 0.2538187802 0.9654812217 0.0584978908 -0.3520747721 0.0358899608 0.9352835417
24.0 27.4 2161.5 0.9264366627 0.1384802908 0.3500546813 -0.1631306708 0.9857191443 0.0417864993 -0.3392690122 -0.0958172008 0.9357967973
-80.9 243.7 2191.0 0.7835901380 0.3473923802 -0.5150777102 -0.6167081594 0.3345546126 -0.7125617266 -0.0752168894 0.8760089874 0.4763934016
-279.7 400.2 2210.1 -0.7623226643 0.3473923802 -0.5460610390 -0.4432477057 0.3345546126 0.8316277266 0.4715884030 0.8760089874 -0.1010577008
183.0 197.2 2094.3 -0.3959220052 0.7375839949 0.5470060706 -0.2273627818 0.4983969927 -0.8366042376 -0.8896920681 -0.4555988312 -0.0296271872
104.7 152.2 1918.3 -0.2966599166 0.7375839949 -0.6065993309 0.8452773690 0.4983969927 0.1926308423 0.4444087148 -0.4555988312 -0.7713174224
-95.3 -149.6 2213.2 0.7404856682 0.0436303616 0.6706544161 0.0572494306 0.9901685715 -0.1276272684 -0.6696293354 0.1329007447 0.7307078242
-112.3 -537.4 2161.2 0.7374833226 0.0736778006 0.6713344455 -0.0846617222 0.9962758422 -0.0163358282 -0.6700378656 -0.0447889231 0.7409745455
70.3 -183.4 2149.1 0.9590190053 -0.0794509202 0.2719744146 0.0944599286 0.9946200252 -0.0425238162 -0.2671326697 0.0664718375 0.9613644481
101.4 -572.9 2123.0 0.9661458135 0.0324917994 0.2559424043 -0.0639772862 0.9912252426 0.1156693771 -0.2499382645 -0.1281279773 0.9597468972
-94.8 507.7 2095.7 0 0 0 0 0 0 0 0 0
22.3 386.9 2041.7 0 0 0 0 0 0 0 0 0
-140.1 -912.2 2178.0 0 0 0 0 0 0 0 0 0
89.2 -946.2 2171.3 0 0 0 0 0 0 0 0 0
-14.2 470.4 2150.1 9 0.8937676549 -0.2550467551 0.3689586520 0.2467608303 0.9665186405 0.0703617930 -0.3745509684 0.0281574447 0.9267786741
51.6 220.8 2142.8 0.8937676549 -0.2550467551 0.3689586520 0.2467608303 0.9665186405 0.0703617930 -0.3745509684 0.0281574447 0.9267786741
25.8 28.3 2167.3 0.9199078083 0.1323855221 0.3691120744 -0.1687643826 0.9833133221 0.0679230615 -0.3539607823 -0.1247759312 0.9268995523
-79.4 244.9 2193.3 0.7883813977 0.3334102929 -0.5170032382 -0.6122750044 0.3435839713 -0.7120879889 -0.0597834401 0.8779451251 0.4750140011
-280.4 401.0 2208.5 -0.7677470446 0.3334102929 -0.5471764207 -0.4415228069 0.3435839713 0.8288592696 0.4643512666 0.8779451251 -0.1165773422
182.7 196.8 2092.4 -0.3960798085 0.7378960252 0.5464707613 -0.2278475314 0.4975472987 -0.8369780183 -0.8894977570 -0.4560220838 -0.0289406534
104.4 151.7 1916.7 -0.2952462435 0.7378960252 -0.6069095135 0.8455593586 0.4975472987 0.1935872883 0.4448134601 -0.4560220838 -0.7708338499
-86.8 -150.8 2210.9 0.7261419892 0.0613064989 0.6848060489 0.0396668464 0.9906221032 -0.1307455301 -0.6863995790 0.1221039146 0.7169004679
-110.8 -538.7 2163.1 0.7218115926 0.0794477984 0.6875144243 -0.0787062198 0.9963677526 -0.0325057358 -0.6875997186 -0.0306486413 0.7254428267
80.6 -180.3 2149.6 0.9543021917 -0.0515865050 0.2943572104 0.0699383765 0.9961869121 -0.0521561652 -0.2905442417 0.0703596100 0.9542711973
100.8 -570.3 2122.0 0.9577997923 0.0510207675 0.2828718424 -0.0829836354 0.9912982583 0.1021837741 -0.2751968801 -0.1213453263 0.9536991119
-94.6 507.8 2096.1 0 0 0 0 0 0 0 0 0
22.5 386.5 2040.2 0 0 0 0 0 0 0 0 0
-140.7 -913.8 2174.6 0 0 0 0 0 0 0 0 0
81.6 -943.6 2167.7 0 0 0 0 0 0 0 0 0
-15.4 471.2 2149.2 0 0.8932210207 -0.2617156804 0.3655969799 0.2501893044 0.9649280310 0.0794931650 -0.3735793829 0.0204634946 0.9273724556
52.2 221.7 2143.9 0.8932210207 -0.2617156804 0.3655969799 0.2501893044 0.9649280310 0.0794931650 -0.3735793829 0.0204634946 0.9273724556
27.1 28.8 2165.3 0.9211982489 0.1284898221 0.3672658205 -0.1594338268 0.9856720567 0.0550591089 -0.3549291193 -0.1092749462 0.9284849763
-79.0 244.5 2194.5 0.7877159119 0.3419443965 -0.5124233365 -0.6125109196 0.3458425105 -0.7107906342 -0.0658331141 0.8737659454 0.4818703532
-279.8 400.6 2211.2 -0.7622717619 0.3419443965 -0.5495596528 -0.4416855872 0.3458425105 0.8278325796 0.4731338024 0.8737659454 -0.1125940606
183.5 199.0 2093.3 -0.3984650075 0.7336412072 0.5504509211 -0.2354942709 0.4981983006 -0.8344704509 -0.8864356279 -0.4621352851 -0.0257462915
104.6 152.4 1917.7 -0.2977075279 0.7336412072 -0.6108525395 0.8469752669 0.4981983006 0.1855568886 0.4404578805 -0.4621352851 -0.7696933150
-83.2 -148.9 2223.7 0.7272708416 0.0709859803 0.6826698184 0.0555993579 0.9852751493 -0.1616836041 -0.6840949059 0.1555437744 0.7126151323
-111.0 -534.5 2162.8 0.7225903273 0.0830126628 0.6862740517 -0.0726542994 0.9963850379 -0.0440250896 -0.6874478459 -0.0180486571 0.7260094285
83.0 -179.4 2159.7 0.9544689059 -0.0519255698 0.2937563956 0.0787724406 0.9936529398 -0.0803041309 -0.2877220809 0.0997877046 0.9525011182
103.4 -568.4 2120.7 0.9588057995 0.0535990261 0.2789598703 -0.0862267241 0.9906170964 0.1060316488 -0.2706592083 -0.1257175505 0.9544310570
-94.8 507.8 2096.4 0 0 0 0 0 0 0 0 0
21.9 387.5 2040.1 0 0 0 0 0 0 0 0 0
-142.2 -909.7 2169.6 0 0 0 0 0 0 0 0 0
83.2 -941.4 2168.0 0 0 0 0 0 0 0 0 0
-15.5 477.1 2155.2 1 0.9028573632 -0.2631889880 0.3399707675 0.2605739534 0.9639299512 0.0542241521 -0.3419792056 0.0396308564 0.9388714433
54.1 221.8 2144.7 0.9028573632 -0.2631889880 0.3399707675 0.2605739534 0.9639299512 0.0542241521 -0.3419792056 0.0396308564 0.9388714433
26.3 28.8 2161.5 0.9290544987 0.1426486373 0.3413342834 -0.1632200927 0.9860651493 0.0321664400 -0.3319893479 -0.0855969936 0.9393914342
-78.2 245.1 2192.0 0.7900627255 0.3378904462 -0.5114987493 -0.6092647314 0.3405107856 -0.7161346674 -0.0678042173 0.8774294853 0.4748896062
-280.2 400.9 2209.4 -0.7660772800 0.3378904462 -0.5467684269 -0.4420818985 0.3405107856 0.8298289180 0.4665717781 0.8774294853 -0.1114823371
186.5 198.5 2097.4 -0.4043035507 0.7297722697 0.5513357520 -0.2293984890 0.5026224256 -0.8335148692 -0.8853897452 -0.4634685814 -0.0358033702
104.9 152.2 1918.8 -0.3038256466 0.7297722697 -0.6124723554 0.8456942439 0.5026224256 0.1793653071 0.4387381673 -0.4634685814 -0.7698737979
-81.3 -149.8 2218.8 0.7442672849 0.0863488615 0.6622764468 0.0278913919 0.9867236614 -0.1599953026 -0.6672992706 0.1375510842 0.7319777608
-115.1 -536.1 2164.9 0.7418701053 0.0599645674 0.6678570509 -0.0604409538 0.9979190230 -0.0224605668 -0.6678140759 -0.0237030946 0.7439506054
85.2 -178.6 2154.6 0.9632129669 -0.0495590046 0.2641300261 0.0704773590 0.9950321317 -0.0703134909 -0.2593331933 0.0863420516 0.9619206786
104.6 -568.2 2120.8 0.9650223851 0.0725588799 0.2519266307 -0.1003242135 0.9900009036 0.0991628170 -0.2422124445 -0.1209686771 0.9626524448
-94.9 507.8 2096.5 0 0 0 0 0 0 0 0 0
20.6 387.1 2040.7 0 0 0 0 0 0 0 0 0
-137.7 -911.8 2173.8 0 0 0 0 0 0 0 0 0
77.3 -941.0 2166.4 0 0 0 0 0 0 0 0 0
-15.2 476.4 2153.8 2 0.9031034708 -0.2664909065 0.3367294371 0.2614144683 0.9632819295 0.0612407401 -0.3406854868 0.0327192172 0.9396077991
55.3 221.4 2145.1 0.9031034708 -0.2664909065 0.3367294371 0.2614144683 0.9632819295 0.0612407401 -0.3406854868 0.0327192172 0.9396077991
28.1 28.3 2162.7 0.9307129383 0.1391536146 0.3382449448 -0.1612705737 0.9861768484 0.0380391255 -0.3282760680 -0.0899524614 0.9402889609
-77.3 244.4 2191.9 0.7897394896 0.3416590691 -0.5094906092 -0.6101022959 0.3509015739 -0.7103824615 -0.0639275685 0.8718584776 0.4855678082
-278.4 399.8 2208.2 -0.7592120767 0.3416590691 -0.5539550185 -0.4437485635 0.3509015739 0.8245940208 0.4761137068 0.8718584776 -0.1147979796
188.0 198.4 2098.3 -0.4041514397 0.7322058678 0.5482118130 -0.2292696387 0.4991163909 -0.8356543779 -0.8854925632 -0.4634192288 -0.0338460431
105.2 151.5 1917.1 -0.3000115156 0.7322058678 -0.6114472151 0.8472061157 0.4991163909 0.1820016056 0.4384459555 -0.4634192288 -0.7700699568
-85.5 -149.4 2208.2 0.7456389666 0.0743217692 0.6621924043 0.0196967404 0.9908679128 -0.1333898008 -0.6660589576 0.1125036702 0.7373658419
-114.6 -537.3 2164.1 0.7433547378 0.0584252849 0.6663408875 -0.0539747216 0.9981688261 -0.0273072440 -0.6667161584 -0.0156665929 0.7451470494
82.4 -179.0 2148.2 0.9635158181 -0.0595325269 0.2609466910 0.0770264640 0.9953797460 -0.0573249049 -0.2563283443 0.0753332525 0.9636496902
105.7 -568.8 2118.7 0.9659761190 0.0842821151 0.2445130646 -0.1202748343 0.9833527207 0.1362036765 -0.2289630473 -0.1609782726 0.9600322247
-94.9 507.1 2093.1 0 0 0 0 0 0 0 0 0
21.9 386.7 2038.8 0 0 0 0 0 0 0 0 0
-136.6 -913.2 2170.0 0 0 0 0 0 0 0 0 0
74.0 -938.8 2179.3 0 0 0 0 0 0 0 0 0
-16.7 472.5 2151.0 3 0.8925644755 -0.2724355757 0.3593153358 0.2673894763 0.9614115953 0.0647352785 -0.3630861342 0.0382967331 0.9309682250
54.9 219.8 2141.0 0.8925644755 -0.2724355757 0.3593153358 0.2673894763 0.9614115953 0.0647352785 -0.3630861342 0.0382967331 0.9309682250
24.2 27.8 2163.3 0.9195688963 0.1570723653 0.3601684868 -0.1872961223 0.9810112119 0.0503706820 -0.3454174697 -0.1137774661 0.9315264225
-76.1 246.5 2190.1 0.7988749146 0.3421640098 -0.4946945310 -0.5966774821 0.3468957841 -0.7236292362 -0.0759924501 0.8732623458 0.4812878966
-276.9 396.5 2209.2 -0.7513229251 0.3421640098 -0.5643028021 -0.4571243227 0.3468957841 0.8189631701 0.4759739935 0.8732623458 -0.1042192355
185.9 193.1 2091.8 -0.4071938396 0.7317803502 0.5465260744 -0.2131117433 0.5057395101 -0.8359491229 -0.8881309628 -0.4568644464 -0.0499830209
105.4 151.0 1916.4 -0.3016685545 0.7317803502 -0.6111412644 0.8414539099 0.5057395101 0.1902178973 0.4482759833 -0.4568644464 -0.7683251500
-83.2 -150.2 2210.0 0.7337944508 0.0711174980 0.6756389141 0.0281419195 0.9904702902 -0.1348207593 -0.6787884235 0.1179445013 0.7248002291
-111.0 -538.1 2163.8 0.7289661169 0.0840792432 0.6793666482 -0.0830279589 0.9959611893 -0.0341716669 -0.6794959307 -0.0314964429 0.7330029011
85.0 -179.4 2150.6 0.9582101703 -0.0469065122 0.2821933329 0.0662055612 0.9960457683 -0.0592423901 -0.2782986164 0.0754494295 0.9575266242
103.4 -569.5 2121.1 0.9590498209 0.0718870312 0.2739629149 -0.0937628970 0.9932973385 0.0675934032 -0.2672675550 -0.0905129984 0.9593620300
-94.9 507.2 2094.0 0 0 0 0 0 0 0 0 0
21.7 384.7 2040.9 0 0 0 0 0 0 0 0 0
-142.7 -913.0 2175.6 0 0 0 0 0 0 0 0 0
76.4 -942.5 2155.1 0 0 0 0 0 0 0 0 0
-14.2 469.6 2149.6 4 0.8877398372 -0.2650698721 0.3763720691 0.2569857836 0.9636876583 0.0725559890 -0.3819375336 0.0323114283 0.9236231446
54.8 218.6 2141.2 0.8877398372 -0.2650698721 0.3763720691 0.2569857836 0.9636876583 0.0725559890 -0.3819375336 0.0323114283 0.9236231446
25.3 26.6 2166.1 0.9138040543 0.1510552615 0.3770205379 -0.1874291897 0.9803510308 0.0614989437 -0.3603227437 -0.1268626302 0.9241608977
-75.4 245.3 2192.5 0.8002505302 0.3368819952 -0.4960943758 -0.5957281590 0.3519650698 -0.7219616175 -0.0686079636 0.8732875586 0.4823503196
-275.9 394.6 2209.7 -0.7464249730 0.3368819952 -0.5738992095 -0.4655047953 0.3519650698 0.8120504022 0.4755576253 0.8732875586 -0.1058953330
185.0 191.8 2089.9 -0.4069460928 0.7343637943 0.5432354212 -0.2108986974 0.5031027794 -0.8380986452 -0.8887725472 -0.4556286037 -0.0498593450
105.9 150.8 1917.1 -0.3020446599 0.7343637943 -0.6078477502 0.8433645964 0.5031027794 0.1887424588 0.4444155097 -0.4556286037 -0.7712959051
-89.6 -147.3 2216.7 0.7225691676 0.0582537875 0.6888397932 0.0469154119 0.9900135994 -0.1329360902 -0.6897048354 0.1283727288 0.7126203179
