144.7 464.4 2295.8 2 0.9814205766 -0.0529815629 0.1844089478 0.0097530950 0.9736523032 0.2278291285 -0.1916209459 -0.2217976302 0.9560790658
155.7 262.8 2341.7 0.9814205766 -0.0529815629 0.1844089478 0.0097530950 0.9736523032 0.2278291285 -0.1916209459 -0.2217976302 0.9560790658
164.0 67.5 2377.5 0.9815590382 -0.0419675857 0.1864954382 0.0068992381 0.9827448130 0.1848378628 -0.1910346150 -0.1801426113 0.9649116397
12.3 261.8 2369.6 0.3568193913 -0.9271534681 -0.1143081412 0.8091295362 0.2455787808 0.5338543057 -0.4668932259 -0.2829796672 0.8378145695
-56.7 105.3 2459.9 -0.2874520123 -0.9271534681 -0.2403284460 0.0182235241 0.2455787808 -0.9692053199 0.9576216340 -0.2829796672 -0.0536961146
299.0 263.8 2313.8 0.1803587526 0.2780992389 0.9434677958 -0.9690430760 0.2146571577 0.1219749004 -0.1686009914 -0.9362601638 0.3082054555
337.3 58.1 2278.0 -0.9550212026 0.2780992389 0.1029336452 -0.0426611118 0.2146571577 -0.9757573009 -0.2934528291 -0.9362601638 -0.1931381077
82.5 -129.3 2430.6 0.9987746477 0.0265902467 -0.0417396538 -0.0284369178 0.9986138940 -0.0442907959 0.0405040942 0.0454234704 0.9981463552
72.0 -526.2 2412.5 0.9976043105 0.0543133095 -0.0428445227 -0.0578894876 0.9945079088 -0.0871940628 0.0378734209 0.0894654244 0.9952695966
262.4 -128.1 2394.8 0.9371688962 0.1007981077 0.3339972496 -0.0765291303 0.9934310913 -0.0850762948 -0.3403787911 0.0541703366 0.9387267232
222.3 -522.9 2373.2 0.9378560185 -0.0671707466 0.3404616416 0.0758981928 0.9970389009 -0.0123647740 -0.3386229575 0.0374368019 0.9401770830
18.1 100.6 2210.6 0 0 0 0 0 0 0 0 0
89.2 47.1 2201.8 0 0 0 0 0 0 0 0 0
55.5 -827.9 2385.4 0 0 0 0 0 0 0 0 0
243.3 -834.3 2361.5 0 0 0 0 0 0 0 0 0
145.3 467.5 2296.8 3 0.9856343865 -0.0533889122 0.1602326483 0.0160865318 0.9740851521 0.2256088555 -0.1681252569 -0.2197902501 0.9609506726
156.3 266.1 2342.2 0.9856343865 -0.0533889122 0.1602326483 0.0160865318 0.9740851521 0.2256088555 -0.1681252569 -0.2197902501 0.9609506726
165.0 70.8 2377.8 0.9857832789 -0.0433983728 0.1623202413 0.0130752288 0.9829518199 0.1833977401 -0.1675121486 -0.1786680520 0.9695449471
12.4 264.2 2366.7 0.3718129098 -0.9205327630 -0.1198938787 0.8197140098 0.2649521530 0.5078083277 -0.4356880784 -0.2870883942 0.8530862331
-57.8 109.6 2448.9 -0.2910304070 -0.9205327630 -0.2606159747 0.0251497533 0.2649521530 -0.9639335275 0.9563831687 -0.2870883942 -0.0539579540
300.3 268.0 2317.8 0.1723881662 0.2836065590 0.9433184266 -0.9687989950 0.2219424546 0.1103181541 -0.1780754626 -0.9329034686 0.3130179942
337.6 58.1 2279.2 -0.9530689120 0.2836065590 0.1059575900 -0.0422567353 0.2219424546 -0.9741436839 -0.2997900248 -0.9329034686 -0.1995421648
82.3 -128.4 2430.8 0.9975237250 0.0263651926 -0.0652017444 -0.0291970596 0.9986540079 -0.0428677797 0.0639837682 0.0446653254 0.9969509244
71.9 -525.3 2413.1 0.9964491725 0.0519320518 -0.0662729666 -0.0575372055 0.9946600795 -0.0856784061 0.0614696182 0.0891873389 0.9941162467
262.4 -127.1 2395.8 0.9440993071 0.1060943156 0.3121226132 -0.0837523714 0.9929249883 -0.0841757059 -0.3188448846 0.0533292145 0.9463053942
220.2 -521.7 2374.6 0.9450232983 -0.0777607709 0.3176227808 0.0912830010 0.9954343438 -0.0278910082 -0.3140037954 0.0553512126 0.9478068948
16.1 103.2 2206.2 0 0 0 0 0 0 0 0 0
90.0 47.1 2201.3 0 0 0 0 0 0 0 0 0
56.0 -829.6 2385.8 0 0 0 0 0 0 0 0 0
244.3 -829.7 2357.5 0 0 0 0 0 0 0 0 0
146.7 469.9 2296.3 4 0.9909344316 -0.0564424209 0.1219149828 0.0276226383 0.9736754298 0.2262590975 -0.1314762384 -0.2208403051 0.9664075375
158.3 268.4 2342.0 0.9909344316 -0.0564424209 0.1219149828 0.0276226383 0.9736754298 0.2262590975 -0.1314762384 -0.2208403051 0.9664075375
167.9 73.1 2377.1 0.9910800457 -0.0480371937 0.1243091896 0.0248949602 0.9830907583 0.1814187914 -0.1309220642 -0.1767058820 0.9755175114
13.7 264.8 2361.1 0.4230677485 -0.8986145854 -0.1162132248 0.7925322652 0.3048167229 0.5281849504 -0.4392109513 -0.3155607581 0.8411391973
-67.8 112.2 2445.7 -0.3239826262 -0.8986145854 -0.2958497703 0.0239781216 0.3048167229 -0.9521091580 0.9457591176 -0.3155607581 -0.0772082433
303.0 272.1 2322.9 0.1577106416 0.2783688903 0.9474376440 -0.9680834413 0.2328400314 0.0927360654 -0.1947865784 -0.9318241477 0.3062056601
337.8 58.1 2279.8 -0.9531806707 0.2783688903 0.1181411520 -0.0523635894 0.2328400314 -0.9711043239 -0.2978332043 -0.9318241477 -0.2073622346
83.2 -125.8 2428.6 0.9943910241 0.0311443787 -0.1010768116 -0.0343596078 0.9989523292 -0.0302258935 0.1000295505 0.0335293189 0.9944193363
70.8 -522.7 2415.3 0.9935083985 0.0483036190 -0.1029944047 -0.0586064495 0.9933125973 -0.0994753391 0.0975006223 0.1048657224 0.9896953106
264.0 -123.4 2397.9 0.9554184675 0.1034615710 0.2765343785 -0.0789372548 0.9920092225 -0.0984207615 -0.2845074236 0.0722041503 0.9559508562
222.9 -517.5 2369.2 0.9566211104 -0.0503165647 0.2869569361 0.0461080745 0.9987069964 0.0214093029 -0.2876631320 -0.0072495597 0.9577041864
15.1 106.0 2203.7 0 0 0 0 0 0 0 0 0
90.2 44.5 2202.4 0 0 0 0 0 0 0 0 0
55.9 -829.1 2383.0 0 0 0 0 0 0 0 0 0
240.2 -862.2 2371.7 0 0 0 0 0 0 0 0 0
147.6 471.5 2295.5 5 0.9836567044 -0.0541004464 0.1717341244 0.0124639319 0.9719634056 0.2348014712 -0.1796221584 -0.2288235575 0.9567526579
158.9 269.9 2343.0 0.9836567044 -0.0541004464 0.1717341244 0.0124639319 0.9719634056 0.2348014712 -0.1796221584 -0.2288235575 0.9567526579
167.7 74.8 2379.4 0.9837397337 -0.0442147553 0.1740724593 0.0108142477 0.9820468426 0.1883270591 -0.1792741418 -0.1833823472 0.9665566087
15.4 268.4 2369.1 0.4302141666 -0.8958099484 -0.1115361825 0.8081813455 0.3271578848 0.4897046387 -0.4021923542 -0.3008193374 0.8647248149
-67.6 112.5 2446.7 -0.3109602928 -0.8958099484 -0.3175346255 0.0222100336 0.3271578848 -0.9447086453 0.9501633644 -0.3008193374 -0.0818371400
302.3 271.5 2316.8 0.1603501588 0.2837672830 0.9453908801 -0.9720114470 0.2120053172 0.1012300998 -0.1717021018 -0.9351630211 0.3098201454
337.5 58.1 2279.1 -0.9527869821 0.2837672830 0.1080423221 -0.0475459434 0.2120053172 -0.9761112332 -0.2998939753 -0.9351630211 -0.1885039061
86.6 -124.5 2424.2 0.9979172945 0.0371908545 -0.0527060591 -0.0382176898 0.9990961552 -0.0186099224 0.0519662984 0.0205854662 0.9984366298
71.8 -521.6 2416.1 0.9970980883 0.0520319343 -0.0555706508 -0.0574207902 0.9933046103 -0.1002435610 0.0499827154 0.1031435728 0.9934098721
268.3 -120.0 2400.2 0.9399123788 0.1171629876 0.3206828833 -0.0888823867 0.9908567667 -0.1015024036 -0.3296431303 0.0669003129 0.9417322874
221.7 -513.7 2373.7 0.9417671561 -0.0624380857 0.3304181099 0.0683438256 0.9976420999 -0.0062741782 -0.3292472661 0.0284908526 0.9438138008
12.9 106.7 2200.6 0 0 0 0 0 0 0 0 0
89.9 45.8 2201.2 0 0 0 0 0 0 0 0 0
55.6 -831.8 2383.8 0 0 0 0 0 0 0 0 0
242.4 -844.2 2364.2 0 0 0 0 0 0 0 0 0
149.6 472.0 2295.1 6 0.9846368432 -0.0459267050 0.1684667617 0.0043776799 0.9709805250 0.2391184419 -0.1745598763 -0.2347073257 0.9562642574
159.1 270.6 2343.8 0.9846368432 -0.0459267050 0.1684667617 0.0043776799 0.9709805250 0.2391184419 -0.1745598763 -0.2347073257 0.9562642574
165.9 75.5 2380.8 0.9847697616 -0.0339681357 0.1705128402 0.0011276270 0.9819563031 0.1891046464 -0.1738596857 -0.1860322654 0.9670391679
15.4 270.5 2369.2 0.4862430990 -0.8655641675 -0.1198594570 0.7883515358 0.3753689528 0.4874423146 -0.3769210875 -0.3315068483 0.8648894429
-81.2 113.9 2444.1 -0.3449969888 -0.8655641675 -0.3630092442 0.0328888483 0.3753689528 -0.9262917638 0.9380273819 -0.3315068483 -0.1010337472
302.9 270.8 2318.5 0.1575304419 0.2793702483 0.9471728802 -0.9707763195 0.2196556926 0.0966682583 -0.1810456663 -0.9347211719 0.3058084846
337.4 58.1 2278.8 -0.9541919231 0.2793702483 0.1070984825 -0.0450706407 0.2196556926 -0.9745358229 -0.2957811058 -0.9347211719 -0.1970022768
86.4 -121.3 2432.3 0.9975247383 0.0373652242 -0.0595669448 -0.0400213189 0.9982278943 -0.0440386236 0.0578158721 0.0463135652 0.9972524047
71.6 -517.9 2413.9 0.9970648885 0.0460694320 -0.0611487813 -0.0513493754 0.9948148727 -0.0877876356 0.0567873903 0.0906699225 0.9942606091
266.6 -119.4 2399.5 0.9432473183 0.1127398014 0.3123688400 -0.0785386041 0.9896591306 -0.1200268641 -0.3226704597 0.0886820033 0.9423477650
221.8 -512.5 2364.3 0.9436290860 -0.0524084978 0.3268295527 0.0390638970 0.9981181622 0.0472663641 -0.3286916614 -0.0318346806 0.9439005852
10.0 105.2 2196.2 0 0 0 0 0 0 0 0 0
89.4 46.4 2201.9 0 0 0 0 0 0 0 0 0
57.0 -832.3 2385.3 0 0 0 0 0 0 0 0 0
240.5 -868.0 2375.6 0 0 0 0 0 0 0 0 0
149.6 473.1 2295.5 7 0.9882306457 -0.0401787348 0.1476002783 0.0043812846 0.9719280601 0.2352374792 -0.1529083997 -0.2318222076 0.9606651068
157.9 271.7 2343.5 0.9882306457 -0.0401787348 0.1476002783 0.0043812846 0.9719280601 0.2352374792 -0.1529083997 -0.2318222076 0.9606651068
163.7 76.6 2380.5 0.9883700013 -0.0291013420 0.1492577493 0.0004514284 0.9820750952 0.1884895414 -0.1520676166 -0.1862300336 0.9706667066
13.6 271.7 2365.7 0.5169758201 -0.8464170098 -0.1277271658 0.7697795630 0.3944351971 0.5018568635 -0.3744001091 -0.3577696085 0.8554679751
-90.3 116.8 2441.0 -0.3703527451 -0.8464170098 -0.3826448321 0.0467383303 0.3944351971 -0.9177343845 0.9277145863 -0.3577696085 -0.1065200269
302.2 271.8 2321.3 0.1527843177 0.2688933909 0.9509749413 -0.9673721790 0.2374863625 0.0882681459 -0.2021088600 -0.9334326982 0.2964041829
335.9 58.4 2276.7 -0.9567056894 0.2688933909 0.1114026755 -0.0462361276 0.2374863625 -0.9702898860 -0.2873611450 -0.9334326982 -0.2147719711
82.4 -119.7 2433.7 0.9962613583 0.0278178528 -0.0817892849 -0.0319753177 0.9982388020 -0.0499688014 0.0802552104 0.0523972251 0.9953961968
71.4 -516.3 2412.9 0.9955576062 0.0450160056 -0.0826960802 -0.0519897938 0.9950908422 -0.0842097700 0.0784993246 0.0881350264 0.9930106401
262.9 -119.5 2401.9 0.9509822726 0.1041828170 0.2911677659 -0.0708593354 0.9899030328 -0.1227639765 -0.3010177314 0.0961144120 0.9487625360
221.5 -512.9 2363.7 0.9508998990 -0.0532091931 0.3048904240 0.0391481780 0.9978767633 0.0520522036 -0.3070127368 -0.0375605300 0.9509639144
8.5 104.4 2193.4 0 0 0 0 0 0 0 0 0
87.3 46.4 2202.0 0 0 0 0 0 0 0 0 0
57.2 -830.7 2385.0 0 0 0 0 0 0 0 0 0
241.2 -881.2 2377.5 0 0 0 0 0 0 0 0 0
151.0 473.1 2295.6 8 0.9914587140 -0.0456765629 0.1221606731 0.0170091875 0.9739512205 0.2261188775 -0.1293068677 -0.2221096903 0.9664093256
160.5 270.3 2341.9 0.9914587140 -0.0456765629 0.1221606731 0.0170091875 0.9739512205 0.2261188775 -0.1293068677 -0.2221096903 0.9664093256
167.3 74.9 2377.7 0.9916982651 -0.0343510732 0.1239135787 0.0111520728 0.9830023050 0.1832542717 -0.1281023175 -0.1803510487 0.9752247334
15.7 268.6 2360.6 0.5406231880 -0.8331993818 -0.1162126437 0.7485956550 0.4134306610 0.5183431506 -0.3838373423 -0.3672246337 0.8472396135
-93.3 117.8 2437.9 -0.3758008480 -0.8331993818 -0.4056507945 0.0638134107 0.4134306610 -0.9082967043 0.9245007038 -0.3672246337 -0.1021982878
305.3 271.9 2323.2 0.1387374401 0.2652313113 0.9541510940 -0.9672538638 0.2430633307 0.0730768144 -0.2125368714 -0.9330447912 0.2902679741
335.8 58.9 2276.4 -0.9573147297 0.2652313113 0.1148950756 -0.0489280559 0.2430633307 -0.9687756300 -0.2848764062 -0.9330447912 -0.2197108418
78.9 -118.6 2431.4 0.9942560196 0.0214264076 -0.1048610583 -0.0252691340 0.9990517497 -0.0354554839 0.1040019393 0.0379015803 0.9938546419
70.4 -515.6 2416.3 0.9934717417 0.0420946777 -0.1060277298 -0.0527746975 0.9935842156 -0.1000263467 0.1011369005 0.1049689353 0.9893193841
260.1 -118.5 2403.5 0.9572375417 0.1004878953 0.2712904215 -0.0737836510 0.9915255308 -0.1069254056 -0.2797361016 0.0823362172 0.9565398693
220.2 -512.5 2370.8 0.9574894905 -0.0644041672 0.2811867297 0.0642276406 0.9978865981 0.0098538520 -0.2812271118 0.0086250007 0.9596024752
7.5 100.7 2190.1 0 0 0 0 0 0 0 0 0
87.0 46.2 2202.4 0 0 0 0 0 0 0 0 0
57.2 -828.6 2383.3 0 0 0 0 0 0 0 0 0
242.1 -852.5 2367.9 0 0 0 0 0 0 0 0 0
151.5 468.3 2295.7 9 0.9872255921 -0.0469467081 0.1522552073 0.0117210858 0.9744143486 0.2244533449 -0.1588970125 -0.2198014855 0.9625170231
161.2 266.3 2341.2 0.9872255921 -0.0469467081 0.1522552073 0.0117210858 0.9744143486 0.2244533449 -0.1588970125 -0.2198014855 0.9625170231
168.6 70.9 2376.6 0.9873591065 -0.0370919816 0.1540978849 0.0086103212 0.9833483696 0.1815265715 -0.1582650691 -0.1779050827 0.9712373018
17.1 265.1 2364.3 0.5867716074 -0.7954863906 -0.1513291448 0.7485694289 0.4616172314 0.4759761393 -0.3087764084 -0.3925696611 0.8663406968
-98.9 117.1 2425.4 -0.4070056975 -0.7954863906 -0.4489407241 0.0729404986 0.4616172314 -0.8840753436 0.9105086923 -0.3925696611 -0.1298576742
305.3 267.6 2318.1 0.1432593763 0.2718077004 0.9516287446 -0.9713513851 0.2228382379 0.0825805664 -0.1896132380 -0.9361963868 0.2959444821
336.1 58.9 2277.4 -0.9561405182 0.2718077004 0.1091596708 -0.0478148013 0.2228382379 -0.9736821055 -0.2889792621 -0.9361963868 -0.2000682354
83.3 -121.4 2425.3 0.9967576265 0.0305236951 -0.0744479597 -0.0328874886 0.9989864230 -0.0307342112 0.0734343827 0.0330829658 0.9967511892
71.1 -518.4 2412.2 0.9959225655 0.0484799407 -0.0760786310 -0.0551430881 0.9945862293 -0.0880768374 0.0713967979 0.0919129178 0.9932041764
265.1 -119.4 2401.8 0.9474158287 0.1125899851 0.2995442450 -0.0818147436 0.9901740551 -0.1134092957 -0.3093696833 0.0829386264 0.9473180771
220.3 -512.8 2368.9 0.9478638172 -0.0631288588 0.3123602569 0.0577728711 0.9979811311 0.0263816956 -0.3133950830 -0.0069603063 0.9495972991
10.0 97.5 2181.7 0 0 0 0 0 0 0 0 0
87.7 46.4 2202.3 0 0 0 0 0 0 0 0 0
56.0 -829.4 2383.4 0 0 0 0 0 0 0 0 0
243.1 -873.5 2371.4 0 0 0 0 0 0 0 0 0
153.1 464.1 2298.2 0 0.9803684354 -0.0420409068 0.1926402301 -0.0014650599 0.9754247069 0.2203280181 -0.1971688271 -0.2162848711 0.9562140703
161.8 262.8 2342.9 0.9803684354 -0.0420409068 0.1926402301 -0.0014650599 0.9754247069 0.2203280181 -0.1971688271 -0.2162848711 0.9562140703
167.8 67.2 2377.1 0.9804665446 -0.0303575471 0.1943288893 -0.0041214726 0.9846289158 0.1746106148 -0.1966425925 -0.1720007956 0.9652706385
18.7 263.4 2371.6 0.6202917099 -0.7623764277 -0.1844461262 0.7488366961 0.5056082606 0.4284901917 -0.2334133387 -0.4039089382 0.8845201135
-103.4 116.0 2417.5 -0.4281108379 -0.7623764277 -0.4852867723 0.0740012974 0.5056082606 -0.8595836759 0.9006913304 -0.4039089382 -0.1600395292
304.8 262.3 2314.2 0.1530558616 0.2774328887 0.9484750628 -0.9733814597 0.2080098391 0.0962312743 -0.1705944240 -0.9379567504 0.3018851280
336.8 58.8 2278.5 -0.9549329877 0.2774328887 0.1055178866 -0.0475208387 0.2080098391 -0.9769716859 -0.2929928303 -0.9379567504 -0.1854516119
85.5 -125.3 2426.4 0.9986145496 0.0384393819 -0.0359357074 -0.0396568067 0.9986414313 -0.0338021219 0.0345875546 0.0351803862 0.9987822771
70.2 -522.1 2412.5 0.9982856512 0.0446720235 -0.0378177054 -0.0477156863 0.9953372478 -0.0838272795 0.0338966362 0.0854880735 0.9957624078
266.4 -123.7 2397.4 0.9341957569 0.1150950044 0.3376854360 -0.0869303420 0.9914388657 -0.0974270850 -0.3460078239 0.0616608597 0.9362032413
220.7 -517.6 2372.9 0.9355565310 -0.0689739957 0.3463763297 0.0776783377 0.9969145060 -0.0112920376 -0.3445287347 0.0374702774 0.9380276799
11.8 96.1 2175.2 0 0 0 0 0 0 0 0 0
88.7 46.5 2202.4 0 0 0 0 0 0 0 0 0
56.3 -832.0 2385.9 0 0 0 0 0 0 0 0 0
243.8 -850.7 2360.4 0 0 0 0 0 0 0 0 0
153.9 463.8 2297.0 1 0.9789500833 -0.0375982709 0.2006067932 -0.0080039399 0.9750577807 0.2218067646 -0.2039427608 -0.2187433988 0.9542319775
161.6 262.4 2342.2 0.9789500833 -0.0375982709 0.2006067932 -0.0080039399 0.9750577807 0.2218067646 -0.2039427608 -0.2187433988 0.9542319775
166.9 66.7 2376.3 0.9789829850 -0.0266680140 0.2021908462 -0.0090069100 0.9847927094 0.1734998226 -0.2037429661 -0.1716744900 0.9638550878
18.7 263.7 2371.9 0.6196433902 -0.7598904371 -0.1964905709 0.7564051747 0.5113215446 0.4079234600 -0.2095072716 -0.4013935626 0.8916220665
-103.8 114.2 2413.3 -0.4280251265 -0.7598904371 -0.4892453253 0.0711638480 0.5113215446 -0.8564379811 0.9009606838 -0.4013935626 -0.1647817343
304.5 261.1 2312.4 0.1548829377 0.2845406234 0.9460697174 -0.9743334651 0.2023404539 0.0986539871 -0.1633571088 -0.9370672107 0.3085765243
336.7 59.0 2278.5 -0.9528089762 0.2845406234 0.1057906374 -0.0481763594 0.2023404539 -0.9781295061 -0.2997232974 -0.9370672107 -0.1790836751
84.0 -128.1 2429.3 0.9989068508 0.0365566649 -0.0291324407 -0.0377183743 0.9984722733 -0.0403785482 0.0276118293 0.0414332338 0.9987596869
69.4 -524.9 2412.8 0.9986675382 0.0413569883 -0.0308660567 -0.0439478531 0.9950962067 -0.0886124000 0.0270499531 0.0898508281 0.9955878258
263.6 -128.8 2393.2 0.9328934550 0.1037081033 0.3448977768 -0.0767265931 0.9928888083 -0.0910208374 -0.3518847525 0.0584499091 0.9342166185
222.4 -523.3 2370.0 0.9340557456 -0.0469220318 0.3540313840 0.0441168211 0.9988983274 0.0159951039 -0.3543918729 0.0006784209 0.9350967407
10.8 95.1 2172.1 0 0 0 0 0 0 0 0 0
89.1 46.4 2200.6 0 0 0 0 0 0 0 0 0
56.7 -830.8 2385.2 0 0 0 0 0 0 0 0 0
239.2 -880.8 2369.8 0 0 0 0 0 0 0 0 0
156.3 463.1 2295.9 2 0.9838485718 -0.0325118601 0.1760253459 -0.0071675498 0.9754235148 0.2202217877 -0.1788590848 -0.2179265618 0.9594359994
163.0 261.7 2340.9 0.9838485718 -0.0325118601 0.1760253459 -0.0071675498 0.9754235148 0.2202217877 -0.1788590848 -0.2179265618 0.9594359994
167.6 66.0 2375.1 0.9838741422 -0.0231900644 0.1773525476 -0.0080660889 0.9847979546 0.1735162288 -0.1786802858 -0.1721486747 0.9687302113
19.4 262.9 2367.0 0.6229711771 -0.7571269870 -0.1966357529 0.7500833273 0.5068389773 0.4248402715 -0.2219953835 -0.4121564329 0.8836544156
-104.0 114.3 2410.9 -0.4273849130 -0.7571269870 -0.4940656126 0.0928557515 0.5068389773 -0.8570250869 0.8992885947 -0.4121564329 -0.1463117450
306.7 260.5 2314.8 0.1461860538 0.2605666816 0.9543241858 -0.9739265442 0.2070836872 0.0926470906 -0.1734842211 -0.9429853559 0.2840455472
336.9 58.8 2278.9 -0.9592949152 0.2605666816 0.1088957936 -0.0546337999 0.2070836872 -0.9767965674 -0.2770711780 -0.9429853559 -0.1844185740
82.5 -128.1 2429.1 0.9980768561 0.0296949763 -0.0544134751 -0.0316357538 0.9988808632 -0.0351598822 0.0533085093 0.0368136764 0.9978992939
70.7 -525.1 2414.5 0.9973738194 0.0456786938 -0.0562040843 -0.0510968640 0.9937666655 -0.0990801677 0.0513278954 0.1016918197 0.9934909344
261.9 -129.8 2391.8 0.9408307672 0.1029881239 0.3228480816 -0.0837238953 0.9938086271 -0.0730388984 -0.3283713758 0.0416871458 0.9436283112
221.0 -524.6 2375.2 0.9425415993 -0.0622778870 0.3282328844 0.0714024529 0.9973223209 -0.0158078559 -0.3263695240 0.0383361988 0.9444645643
7.9 89.9 2175.4 0 0 0 0 0 0 0 0 0
87.7 44.6 2206.9 0 0 0 0 0 0 0 0 0
56.7 -829.9 2383.3 0 0 0 0 0 0 0 0 0
241.6 -854.6 2362.5 0 0 0 0 0 0 0 0 0
156.5 461.9 2295.8 3 0.9782072902 -0.0340057276 0.2048269957 -0.0120234853 0.9755640030 0.2193862498 -0.2072822303 -0.2170679718 0.9538949728
163.5 260.3 2340.7 0.9782072902 -0.0340057276 0.2048269957 -0.0120234853 0.9755640030 0.2193862498 -0.2072822303 -0.2170679718 0.9538949728
168.4 64.6 2375.1 0.9782130718 -0.0244511310 0.2061585039 -0.0122171715 0.9845388532 0.1747397631 -0.2072436363 -0.1734513938 0.9627900720
20.7 262.0 2370.9 0.6344307661 -0.7397093773 -0.2243382782 0.7534285784 0.5269060135 0.3933388591 -0.1727512479 -0.4185691476 0.8916035295
-105.1 112.6 2405.2 -0.4367178082 -0.7397093773 -0.5119644403 0.0973401889 0.5269060135 -0.8443310857 0.8943167329 -0.4185691476 -0.1581057906
306.3 258.5 2310.4 0.1260669231 0.2981094420 0.9461700916 -0.9794405103 0.1888232380 0.0710073784 -0.1574909389 -0.9356690645 0.3157848418
332.5 55.6 2277.8 -0.9509196877 0.2981094420 0.0829605833 -0.0264466833 0.1888232380 -0.9816548824 -0.3083054721 -0.9356690645 -0.1716717333
82.0 -129.0 2425.7 0.9992983937 0.0276239272 -0.0252915975 -0.0283265579 0.9992104769 -0.0278576594 0.0245020911 0.0285545383 0.9992918968
71.1 -526.1 2414.3 0.9985631108 0.0461727269 -0.0271985903 -0.0486557521 0.9938873053 -0.0990990698 0.0224566609 0.1002800465 0.9947057962
262.4 -130.4 2392.9 0.9316131473 0.0995114222 0.3495631516 -0.0777172074 0.9940845966 -0.0758672580 -0.3550449908 0.0435118601 0.9338360429
222.9 -525.5 2375.6 0.9337869287 -0.0417792387 0.3553821146 0.0484612249 0.9987758398 -0.0099171204 -0.3545327187 0.0264827311 0.9346684813
7.1 87.6 2175.5 0 0 0 0 0 0 0 0 0
87.0 48.8 2198.2 0 0 0 0 0 0 0 0 0
56.9 -830.8 2383.6 0 0 0 0 0 0 0 0 0
237.7 -881.4 2366.2 0 0 0 0 0 0 0 0 0
155.7 464.1 2289.3 4 0.9797444940 -0.0377993546 0.1966517419 -0.0099413954 0.9716314673 0.2362911701 -0.2000046670 -0.2334599644 0.9515748024
163.5 262.3 2337.8 0.9797444940 -0.0377993546 0.1966517419 -0.0099413954 0.9716314673 0.2362911701 -0.2000046670 -0.2334599644 0.9515748024
168.6 67.2 2374.7 0.9798164368 -0.0256863926 0.1982421577 -0.0121552348 0.9822191000 0.1873444319 -0.1995294243 -0.1859728396 0.9620821476
20.4 264.1 2366.9 0.6277745366 -0.7417215109 -0.2361107916 0.7628373504 0.5258983374 0.3761782646 -0.1548492461 -0.4162692726 0.8959584832
-105.6 110.9 2398.0 -0.4456583560 -0.7417215109 -0.5012362599 0.0773842856 0.5258983374 -0.8470198512 0.8918522000 -0.4162692726 -0.1769733876
306.6 260.6 2308.6 0.1062528715 0.3230476379 0.9403991699 -0.9826248884 0.1788570881 0.0495825186 -0.1521795392 -0.9293279052 0.3364387453
329.1 52.9 2276.5 -0.9442339540 0.3230476379 0.0637373626 -0.0052204803 0.1788570881 -0.9838612080 -0.3292339146 -0.9293279052 -0.1671964675
83.6 -129.9 2428.6 0.9988278747 0.0350032710 -0.0334318914 -0.0360566862 0.9988549352 -0.0314440615 0.0322929658 0.0326126479 0.9989462495
69.7 -526.9 2415.6 0.9985642433 0.0398471728 -0.0358007587 -0.0432936251 0.9939128160 -0.1013065428 0.0315460525 0.1027110294 0.9942108989
262.9 -132.2 2390.6 0.9337193966 0.1060213298 0.3419466913 -0.0876195803 0.9937706590 -0.0688668489 -0.3471179605 0.0343410857 0.9371924996
220.8 -527.1 2377.0 0.9360818863 -0.0620169826 0.3462724686 0.0753501430 0.9968396425 -0.0251620263 -0.3436176479 0.0496453941 0.9377964735
9.1 91.0 2168.3 0 0 0 0 0 0 0 0 0
85.7 51.5 2191.6 0 0 0 0 0 0 0 0 0
57.5 -830.0 2384.3 0 0 0 0 0 0 0 0 0
241.2 -856.0 2360.6 0 0 0 0 0 0 0 0 0
156.4 466.0 2285.0 5 0.9538578987 -0.0297957249 0.2987762988 -0.0462443270 0.9686132669 0.2442330718 -0.2966758013 -0.2467803508 0.9225415587
162.6 263.6 2336.6 0.9538578987 -0.0297957249 0.2987762988 -0.0462443270 0.9686132669 0.2442330718 -0.2966758013 -0.2467803508 0.9225415587
166.0 68.8 2375.8 0.9537977576 -0.0164895188 0.2999965549 -0.0437109880 0.9802535176 0.1928533912 -0.2972527444 -0.1970562637 0.9342428446
24.1 270.0 2379.8 0.6370056868 -0.7187567949 -0.2785901427 0.7674258351 0.5572338104 0.3170931935 -0.0726730302 -0.4157874286 0.9065536261
-106.7 112.4 2394.7 -0.4535605609 -0.7187567949 -0.5269454122 0.0774515793 0.5572338104 -0.8267356157 0.8878536224 -0.4157874286 -0.1970704347
301.1 257.2 2293.4 0.1310456246 0.3278700709 0.9355897903 -0.9877921939 0.1233588234 0.0951273441 -0.0842238441 -0.9366343021 0.3400331438
328.4 51.6 2275.9 -0.9440453649 0.3278700709 0.0357703380 0.0052423677 0.1233588234 -0.9923483133 -0.3297739029 -0.9366343021 -0.1181751415
83.9 -126.9 2430.0 0.9970116019 0.0395144634 0.0663812160 -0.0374134444 0.9987679124 -0.0326016955 -0.0675876662 0.0300207175 0.9972615838
68.2 -523.8 2418.0 0.9973310232 0.0365559272 0.0632018447 -0.0295749679 0.9937040806 -0.1080623567 -0.0667542517 0.1059047505 0.9921330810
263.6 -129.1 2393.4 0.8953021169 0.1097287312 0.4317333400 -0.0837577134 0.9933670759 -0.0787811652 -0.4375142455 0.0343719497 0.8985543251
219.9 -523.9 2379.7 0.8967101574 -0.0724159405 0.4366540909 0.0946300551 0.9950811267 -0.0293046590 -0.4323841035 0.0675983876 0.8991520405
10.3 92.5 2165.6 0 0 0 0 0 0 0 0 0
85.2 53.0 2190.9 0 0 0 0 0 0 0 0 0
56.9 -832.0 2385.2 0 0 0 0 0 0 0 0 0
242.9 -838.7 2358.3 0 0 0 0 0 0 0 0 0
157.2 467.7 2282.9 6 0.9920527339 -0.0239240434 0.1235273480 -0.0064706947 0.9707570672 0.2399768531 -0.1256562620 -0.2388689965 0.9628874063
162.2 265.0 2332.8 0.9920527339 -0.0239240434 0.1235273480 -0.0064706947 0.9707570672 0.2399768531 -0.1256562620 -0.2388689965 0.9628874063
165.3 70.2 2371.9 0.9921134710 -0.0154417716 0.1243879795 -0.0094818380 0.9802927971 0.1973222643 -0.1249836534 -0.1969455034 0.9724153280
20.0 266.4 2350.6 0.6317197084 -0.7457914948 -0.2114834934 0.7404269576 0.4997084439 0.4495101571 -0.2295607626 -0.4405525029 0.8678798079
-108.7 115.5 2397.4 -0.4632601738 -0.7457914948 -0.4787327647 0.0862107277 0.4997084439 -0.8618927598 0.8820191026 -0.4405525029 -0.1671997905
304.4 263.6 2314.9 0.1062516123 0.3117365837 0.9442091584 -0.9776001573 0.2062553018 0.0419126116 -0.1816824377 -0.9275122881 0.3266686797
327.6 50.3 2275.3 -0.9482014775 0.3117365837 0.0611083843 0.0047496045 0.2062553018 -0.9784866571 -0.3176340163 -0.9275122881 -0.1970521957
82.3 -122.1 2440.7 0.9935898781 0.0301970094 -0.1089369953 -0.0357742347 0.9981277585 -0.0496107489 0.1072349399 0.0531898774 0.9928098917
70.3 -518.3 2419.6 0.9929657578 0.0424491018 -0.1105307639 -0.0545104109 0.9926014543 -0.1084940806 0.1051075235 0.1137559861 0.9879331589
256.4 -129.9 2388.0 0.9586731791 0.0853185132 0.2714156508 -0.0755264238 0.9960663915 -0.0463412628 -0.2743017972 0.0239270702 0.9613459706
222.5 -525.7 2378.5 0.9609192610 -0.0423257090 0.2735739350 0.0496844091 0.9985642433 -0.0200229920 -0.2723336518 0.0328328386 0.9616425633
11.4 93.2 2168.6 0 0 0 0 0 0 0 0 0
82.8 51.6 2193.3 0 0 0 0 0 0 0 0 0
57.0 -829.8 2383.9 0 0 0 0 0 0 0 0 0
237.2 -874.1 2367.0 0 0 0 0 0 0 0 0 0
158.5 465.6 2284.3 7 0.9929362535 -0.0245377459 0.1160841733 -0.0033090445 0.9722737074 0.2338223606 -0.1186030656 -0.2325548083 0.9653245807
163.6 263.1 2332.8 0.9929362535 -0.0245377459 0.1160841733 -0.0033090445 0.9722737074 0.2338223606 -0.1186030656 -0.2325548083 0.9653245807
167.0 68.1 2370.8 0.9929871559 -0.0170988981 0.1169793233 -0.0056978138 0.9814136028 0.1918197721 -0.1180850118 -0.1911410838 0.9744336605
19.9 263.9 2349.8 0.6259022355 -0.7592636347 -0.1782276928 0.7329875827 0.4946216643 0.4669888616 -0.2664123774 -0.4229280651 0.8661156297
-104.7 118.1 2402.8 -0.4421493113 -0.7592636347 -0.4775172174 0.0847826228 0.4946216643 -0.8649631739 0.8929254413 -0.4229280651 -0.1543242633
307.3 262.3 2315.7 0.0865336806 0.3336503506 0.9387168884 -0.9778133035 0.2088741511 0.0158970784 -0.1907696128 -0.9192655087 0.3443224132
325.8 52.6 2274.8 -0.9400786161 0.3336503506 0.0702115893 0.0010936070 0.2088741511 -0.9779419303 -0.3409560323 -0.9192655087 -0.1967229992
79.1 -123.8 2421.6 0.9931073785 0.0255134702 -0.1143974736 -0.0263137184 0.9996386766 -0.0054904749 0.1142160594 0.0084628537 0.9934198856
69.0 -520.4 2418.2 0.9923197031 0.0419693626 -0.1163623556 -0.0542540699 0.9930438399 -0.1045008302 0.1111670882 0.1100113615 0.9876939654
257.7 -125.4 2399.9 0.9600255489 0.0938018560 0.2637273669 -0.0796566084 0.9947752357 -0.0638514906 -0.2683388591 0.0402914397 0.9624816179
220.4 -520.6 2383.9 0.9623549581 -0.0598231182 0.2651303113 0.0753129944 0.9959729910 -0.0486388132 -0.2611529231 0.0667755678 0.9629850388
10.0 96.1 2171.2 0 0 0 0 0 0 0 0 0
83.4 52.9 2186.9 0 0 0 0 0 0 0 0 0
55.8 -832.6 2383.6 0 0 0 0 0 0 0 0 0
240.4 -852.2 2361.7 0 0 0 0 0 0 0 0 0
158.9 465.6 2283.0 8 0.9874561429 -0.0181181356 0.1568504870 -0.0203600712 0.9704899192 0.2402807176 -0.1565752476 -0.2404601574 0.9579473138
162.6 263.1 2333.2 0.9874561429 -0.0181181356 0.1568504870 -0.0203600712 0.9704899192 0.2402807176 -0.1565752476 -0.2404601574 0.9579473138
165.0 68.3 2372.1 0.9874428511 -0.0117139826 0.1575418413 -0.0194888487 0.9805967808 0.1950644851 -0.1567700058 -0.1956853420 0.9680549502
19.2 266.0 2356.0 0.6492811441 -0.7414789796 -0.1692422926 0.7249123454 0.5360236168 0.4326439500 -0.2300785333 -0.4035933614 0.8855372667
-108.8 123.1 2401.3 -0.4519954026 -0.7414789796 -0.4958922267 0.0455191657 0.5360236168 -0.8429749012 0.8908581138 -0.4035933614 -0.2085286975
306.1 260.3 2310.4 0.0056390087 0.3010557592 0.9535898566 -0.9740501642 0.2174215317 -0.0628816783 -0.2262618691 -0.9284898043 0.2944694757
307.3 49.5 2261.5 -0.9525983334 0.3010557592 0.0438382924 0.0238076746 0.2174215317 -0.9757874012 -0.3032978177 -0.9284898043 -0.2142828405
80.2 -126.5 2419.1 0.9968341589 0.0240209755 -0.0757933632 -0.0247771610 0.9996520281 -0.0090523008 0.0755495429 0.0109015871 0.9970824718
70.7 -523.4 2414.8 0.9958010316 0.0486335270 -0.0775570944 -0.0558504984 0.9940255284 -0.0937763378 0.0725330561 0.0977141708 0.9925678372
260.6 -127.4 2398.1 0.9493141174 0.0989800096 0.2983381152 -0.0778708979 0.9935969114 -0.0818611160 -0.3045304716 0.0544800609 0.9509432912
221.3 -522.2 2376.4 0.9504399896 -0.0565233342 0.3057269454 0.0581975356 0.9982984662 0.0036434284 -0.3054126501 0.0143296942 0.9521122575
9.3 111.2 2168.6 0 0 0 0 0 0 0 0 0
62.9 55.6 2183.6 0 0 0 0 0 0 0 0 0
55.5 -832.8 2384.4 0 0 0 0 0 0 0 0 0
241.5 -878.7 2371.3 0 0 0 0 0 0 0 0 0
160.6 465.8 2281.9 9 0.9796117544 -0.0107736932 0.2006108910 -0.0394111536 0.9688525796 0.2444819808 -0.1969963610 -0.2474037260 0.9486747980
162.9 264.2 2333.4 0.9796117544 -0.0107736932 0.2006108910 -0.0394111536 0.9688525796 0.2444819808 -0.1969963610 -0.2474037260 0.9486747980
163.2 69.6 2373.2 0.9796087146 -0.0013858941 0.2009100318 -0.0389235839 0.9797220826 0.1965440661 -0.1971083879 -0.2003564090 0.9596903324
20.3 269.9 2362.1 0.6620828509 -0.7353706360 -0.1444865167 0.7162763476 0.5642111897 0.4106262922 -0.2204416096 -0.3753609061 0.9002830982
-111.2 127.6 2405.9 -0.4575889111 -0.7353706360 -0.4998424053 -0.0048653828 0.5642111897 -0.8256161809 0.8891505599 -0.3753609061 -0.2617546320
305.4 258.6 2304.7 -0.0653424039 0.2934190333 0.9537482262 -0.9698696733 0.2061280012 -0.1298618317 -0.2346981466 -0.9334969521 0.2711093128
291.2 47.2 2253.5 -0.9557302594 0.2934190333 0.0220221523 0.0407555923 0.2061280012 -0.9776759148 -0.2914081216 -0.9334969521 -0.2089612186
77.3 -124.8 2425.1 0.9992872477 0.0139195956 -0.0350883305 -0.0143667627 0.9998183250 -0.0125242919 0.0349076241 0.0130194714 0.9993057251
71.8 -522.0 2420.0 0.9980246425 0.0512482785 -0.0363379307 -0.0551382937 0.9917547107 -0.1156822592 0.0301097985 0.1174573600 0.9926213622
257.4 -128.3 2396.7 0.9375307560 0.0912346691 0.3357264996 -0.0672100335 0.9943202734 -0.0825225487 -0.3413485885 0.0548032373 0.9383377433
221.2 -523.5 2375.0 0.9375936389 -0.0538073927 0.3435446620 0.0484951027 0.9985340238 0.0240428988 -0.3443347216 -0.0058822343 0.9388285279
8.0 128.9 2174.2 0 0 0 0 0 0 0 0 0
46.1 57.6 2178.8 0 0 0 0 0 0 0 0 0
55.8 -831.1 2383.4 0 0 0 0 0 0 0 0 0
241.1 -892.5 2377.1 0 0 0 0 0 0 0 0 0
161.8 462.7 2277.3 0 0.9733062983 -0.0032520038 0.2294870764 -0.0559146330 0.9664120078 0.2508413196 -0.2225948125 -0.2569771111 0.9404330254
162.5 261.9 2330.7 0.9733062983 -0.0032520038 0.2294870764 -0.0559146330 0.9664120078 0.2508413196 -0.2225948125 -0.2569771111 0.9404330254
161.2 67.6 2372.3 0.9733086824 0.0070869289 0.2293905169 -0.0547012500 0.9778800011 0.2018873096 -0.2228856385 -0.2090466172 0.9521667361
20.7 269.9 2363.2 0.6685329080 -0.7354663610 -0.1102407277 0.7094830871 0.5863070488 0.3909959197 -0.2229294181 -0.3396075666 0.9137665033
-112.7 128.4 2407.7 -0.4590720534 -0.7354663610 -0.4983393550 -0.0625504404 0.5863070488 -0.8076704144 0.8861942887 -0.3396075666 -0.3151609004
304.4 253.9 2298.2 -0.1117908061 0.2917581201 0.9499368668 -0.9672747254 0.1871644855 -0.1713157892 -0.2277772129 -0.9380013943 0.2612869740
280.4 46.1 2249.3 -0.9564703107 0.2917581201 0.0064578517 0.0504682697 0.1871644855 -0.9810312986 -0.2874325216 -0.9380013943 -0.1937417984
74.0 -121.5 2431.0 0.9999559522 0.0033120995 -0.0087850885 -0.0035589987 0.9995948672 -0.0282392371 0.0086879982 0.0282692593 0.9995625615
72.7 -518.6 2419.8 0.9983883500 0.0560293198 -0.0090218196 -0.0566769578 0.9925246239 -0.1080858856 0.0028983995 0.1084230170 0.9941006303
253.0 -128.6 2395.1 0.9299399257 0.0764823034 0.3596695364 -0.0514156446 0.9955663681 -0.0787660405 -0.3640990853 0.0547550470 0.9297493100
222.6 -524.2 2373.3 0.9298238158 -0.0384231657 0.3659936488 0.0279698316 0.9990363717 0.0338233374 -0.3669405580 -0.0212129615 0.9300025105
7.9 144.8 2174.9 0 0 0 0 0 0 0 0 0
35.5 59.0 2175.7 0 0 0 0 0 0 0 0 0
54.9 -833.0 2385.5 0 0 0 0 0 0 0 0 0
237.1 -899.7 2381.3 0 0 0 0 0 0 0 0 0
161.0 462.5 2266.1 1 0.9699303508 0.0013583669 0.2433789670 -0.0708752498 0.9582209587 0.2771087289 -0.2328344136 -0.2860257030 0.9295038581
160.7 262.6 2325.7 0.9699303508 0.0013583669 0.2433789670 -0.0708752498 0.9582209587 0.2771087289 -0.2328344136 -0.2860257030 0.9295038581
158.1 69.7 2372.8 0.9699362516 0.0132738641 0.2429969609 -0.0700970143 0.9714316130 0.2267311513 -0.2330453396 -0.2369481176 0.9431571960
19.2 272.9 2359.7 0.6621653438 -0.7485506535 -0.0347706527 0.6865825057 0.5874501467 0.4283770025 -0.3002358675 -0.3075293303 0.9029308558
-117.5 131.2 2421.7 -0.4468567371 -0.7485506535 -0.4898887277 -0.1042684838 0.5874501467 -0.8025150895 0.8885083795 -0.3075293303 -0.3405562937
302.2 252.4 2291.7 -0.1305259466 0.2893037796 0.9482965469 -0.9689183235 0.1655100584 -0.1838577539 -0.2101433426 -0.9428201318 0.2587083876
274.2 45.0 2246.8 -0.9572086930 0.2893037796 -0.0074019562 0.0576364100 0.1655100584 -0.9845224619 -0.2836009562 -0.9428201318 -0.1751020998
70.7 -121.7 2434.3 0.9999716878 -0.0067890091 0.0032498529 0.0069166920 0.9991336465 -0.0410384759 -0.0029684268 0.0410597883 0.9991523027
73.4 -518.7 2417.9 0.9983845949 0.0566987693 0.0036649285 -0.0560210049 0.9931058884 -0.1029677391 -0.0094778063 0.1025960967 0.9946779609
248.9 -131.7 2393.5 0.9260871410 0.0698984563 0.3707786798 -0.0546049364 0.9971739054 -0.0515994802 -0.3733375669 0.0275392681 0.9272867441
221.1 -527.9 2382.6 0.9260185957 -0.0587216094 0.3728825450 0.0707646608 0.9973181486 -0.0186795164 -0.3707856238 0.0436844863 0.9276905060
-0.6 158.5 2189.2 0 0 0 0 0 0 0 0 0
29.7 59.7 2174.3 0 0 0 0 0 0 0 0 0
55.5 -832.3 2385.5 0 0 0 0 0 0 0 0 0
240.8 -863.4 2367.9 0 0 0 0 0 0 0 0 0
162.3 463.8 2266.9 2 0.9703384042 0.0046219402 0.2417065799 -0.0732480437 0.9584404826 0.2757290900 -0.2303869724 -0.2852550447 0.9303501248
161.4 263.9 2326.4 0.9703384042 0.0046219402 0.2417065799 -0.0732480437 0.9584404826 0.2757290900 -0.2303869724 -0.2852550447 0.9303501248
158.4 71.0 2373.6 0.9703555107 0.0151313078 0.2412078977 -0.0715754554 0.9712580442 0.2270126045 -0.2308401167 -0.2375474870 0.9435486197
19.7 274.4 2360.1 0.6572309136 -0.7533477545 -0.0226875190 0.6905646920 0.5898528695 0.4185617566 -0.3019402623 -0.2907589376 0.9079049230
-115.2 132.7 2422.1 -0.4529004991 -0.7533477545 -0.4768106043 -0.1447876096 0.5898528695 -0.7944244146 0.8797259331 -0.2907589376 -0.3762200773
303.0 253.5 2292.7 -0.1500788927 0.2964565754 0.9431806803 -0.9642802477 0.1667164862 -0.2058378756 -0.2182657719 -0.9403824210 0.2608466148
270.5 44.4 2245.4 -0.9550058246 0.2964565754 -0.0087964553 0.0608174652 0.1667164862 -0.9841274619 -0.2902845442 -0.9403824210 -0.1772449464
66.7 -116.8 2441.2 0.9998545051 -0.0170235019 0.0010950159 0.0170572959 0.9985302091 -0.0514443778 -0.0002176430 0.0514555685 0.9986752868
73.5 -513.6 2420.8 0.9984663129 0.0553186834 0.0021993876 -0.0546884686 0.9917132854 -0.1162494272 -0.0086119268 0.1159508526 0.9932175875
244.4 -129.7 2398.6 0.9281127453 0.0596406423 0.3674911559 -0.0367177017 0.9969364405 -0.0690622404 -0.3704842329 0.0506041124 0.9274592400
220.7 -525.7 2378.5 0.9275588989 -0.0450919457 0.3709463179 0.0459853150 0.9989213347 0.0064408742 -0.3708366454 0.0110837938 0.9286319613
4.7 171.0 2189.2 0 0 0 0 0 0 0 0 0
26.7 60.0 2171.3 0 0 0 0 0 0 0 0 0
55.8 -830.6 2383.7 0 0 0 0 0 0 0 0 0
236.9 -884.4 2374.5 0 0 0 0 0 0 0 0 0
163.6 460.6 2261.3 3 0.9910159707 -0.0023557080 0.1337229908 -0.0369211659 0.9561728835 0.2904655933 -0.1285465509 -0.2927932441 0.9474955797
164.1 261.3 2322.4 0.9910159707 -0.0023557080 0.1337229908 -0.0369211659 0.9561728835 0.2904655933 -0.1285465509 -0.2927932441 0.9474955797
163.2 68.7 2371.0 0.9910159707 0.0044205249 0.1336706430 -0.0369176418 0.9696646333 0.2416352928 -0.1285475343 -0.2443992347 0.9611163139
20.3 266.6 2341.0 0.6510894895 -0.7579922080 0.0391189605 0.6388521194 0.5751232505 0.5109806657 -0.4098175466 -0.3077028990 0.8587016463
-115.5 133.3 2426.5 -0.4722264409 -0.7579922080 -0.4499444664 -0.1584510952 0.5751232505 -0.8025749326 0.8671190739 -0.3077028990 -0.3916930854
308.0 256.0 2303.7 -0.1744490266 0.3023507893 0.9370973706 -0.9486023784 0.2036004514 -0.2422816604 -0.2640475035 -0.9311985970 0.2512927651
269.0 44.1 2244.7 -0.9531862736 0.3023507893 0.0044606524 0.0600089915 0.2036004514 -0.9772132635 -0.2963694036 -0.9311985970 -0.2122129202
66.5 -115.4 2442.0 0.9948147535 -0.0168689713 -0.1002947241 0.0115630813 0.9985142350 -0.0532508902 0.1010439992 0.0518150553 0.9935317636
73.2 -512.2 2421.4 0.9934822321 0.0561564863 -0.0991944149 -0.0669443458 0.9917842150 -0.1090071797 0.0922579914 0.1149372011 0.9890792966
244.3 -128.5 2399.7 0.9603255391 0.0631262138 0.2716430128 -0.0518013462 0.9974707961 -0.0486682765 -0.2740282118 0.0326659158 0.9611667395
219.3 -524.8 2386.7 0.9603638053 -0.0628712252 0.2715668380 0.0792799443 0.9956042171 -0.0498688780 -0.2672377825 0.0694220662 0.9611266851
11.4 175.9 2193.4 0 0 0 0 0 0 0 0 0
26.0 59.4 2169.2 0 0 0 0 0 0 0 0 0
55.1 -830.8 2384.4 0 0 0 0 0 0 0 0 0
240.2 -856.8 2363.5 0 0 0 0 0 0 0 0 0
163.0 461.1 2258.1 4 0.9988759160 -0.0303551164 -0.0364062749 0.0396345332 0.9561338425 0.2902364433 0.0259991083 -0.2913531363 0.9562621713
169.2 263.3 2318.3 0.9988759160 -0.0303551164 -0.0364062749 0.0396345332 0.9561338425 0.2902364433 0.0259991083 -0.2913531363 0.9562621713
175.1 71.0 2367.6 0.9989439845 -0.0298122764 -0.0349591263 0.0374573357 0.9690688252 0.2439314872 0.0266056471 -0.2449833751 0.9691621661
25.9 257.8 2314.5 0.6325091720 -0.7650896907 0.1207059696 0.5469710827 0.5515459776 0.6297774911 -0.5484111309 -0.3323173821 0.7673398256
-113.2 137.5 2435.1 -0.4749311805 -0.7650896907 -0.4348312020 -0.1348417997 0.5515459776 -0.8231735826 0.8696309924 -0.3323173821 -0.3651124537
312.6 268.8 2322.2 -0.1902930140 0.3393813074 0.9211996794 -0.9326209426 0.2305632085 -0.2775946259 -0.3066051900 -0.9119544625 0.2726395428
267.0 45.4 2248.8 -0.9400745034 0.3393813074 0.0328666940 0.0492606349 0.2305632085 -0.9718096256 -0.3373918831 -0.9119544625 -0.2334647328
71.9 -120.6 2431.4 0.9681101441 -0.0020865269 -0.2505162954 -0.0054476978 0.9995535612 -0.0293775965 0.2504657507 0.0298054852 0.9676665664
72.8 -517.7 2419.6 0.9666055441 0.0568293668 -0.2498882115 -0.0821871981 0.9923396111 -0.0922355279 0.2427322865 0.1096929833 0.9638715982
252.6 -127.3 2408.0 0.9887956977 0.0859352723 0.1220582873 -0.0805523321 0.9955755472 -0.0483806431 -0.1256758571 0.0380064920 0.9913430810
218.4 -522.8 2392.9 0.9901527762 -0.0745496228 0.1184900329 0.0853138044 0.9924134016 -0.0885276645 -0.1109913960 0.0977647454 0.9890009761
16.2 174.3 2198.2 0 0 0 0 0 0 0 0 0
27.6 58.0 2162.9 0 0 0 0 0 0 0 0 0
54.8 -832.0 2384.8 0 0 0 0 0 0 0 0 0
242.5 -843.7 2361.3 0 0 0 0 0 0 0 0 0
164.9 463.6 2263.9 5 0.9980427623 -0.0400020331 -0.0480679944 0.0515396409 0.9614856243 0.2699797153 0.0354169495 -0.2719286978 0.9616654515
173.1 265.7 2319.9 0.9980427623 -0.0400020331 -0.0480679944 0.0515396409 0.9614856243 0.2699797153 0.0354169495 -0.2719286978 0.9616654515
180.8 72.6 2365.8 0.9981680512 -0.0388861783 -0.0463508368 0.0484674498 0.9724814296 0.2278831303 0.0362138264 -0.2297121733 0.9725846648
28.6 258.6 2314.6 0.6255512238 -0.7706577182 0.1215415373 0.5065739155 0.5196923018 0.6879699826 -0.5933535695 -0.3687907159 0.7154892683
-108.8 147.3 2445.0 -0.4779013991 -0.7706577182 -0.4215411544 -0.0885066837 0.5196923018 -0.8497567177 0.8739432693 -0.3687907159 -0.3165700436
317.6 272.8 2325.2 -0.2342491597 0.4226657450 0.8754889965 -0.9242148399 0.1825465411 -0.3354156613 -0.3015862107 -0.8877107501 0.3478725851
260.3 46.8 2251.4 -0.9053483009 0.4226657450 0.0412078910 0.0405093692 0.1825465411 -0.9823623300 -0.4227332771 -0.8877107501 -0.1823901236
90.9 -124.7 2414.4 0.9652121067 0.0450558737 -0.2575568855 -0.0397795513 0.9988788962 0.0256628972 0.2584244013 -0.0145246424 0.9659222960
