44.1 470.6 2044.3 3 0.9796232581 0.0744429305 0.1865383983 -0.0938077196 0.9908319116 0.0972228646 -0.1775906384 -0.1127405167 0.9776252508
29.5 275.2 2066.5 0.9796232581 0.0744429305 0.1865383983 -0.0938077196 0.9908319116 0.0972228646 -0.1775906384 -0.1127405167 0.9776252508
22.7 82.2 2085.8 0.9818939567 0.0347903632 0.1862091720 -0.0525378585 0.9944421053 0.0912393555 -0.1819999963 -0.0993704051 0.9782645702
-104.7 282.4 2091.4 0.2873249650 0.2243395746 -0.9311907291 -0.9271363616 0.3092898726 -0.2115608156 0.2405463755 0.9241274595 0.2968600690
-182.2 532.6 2026.5 -0.9531649947 0.2243395746 -0.2028502077 -0.1277527511 0.3092898726 0.9423475862 0.2741453648 0.9241274595 -0.2661442757
163.6 268.0 2041.7 -0.0174136572 0.7973927259 0.6032093763 -0.7569715381 0.3836312890 -0.5289812684 -0.6532158256 -0.4658238292 0.5969231725
160.2 122.0 1915.6 -0.3196892142 0.7973927259 -0.5118238330 0.9232473373 0.3836312890 0.0210083891 0.2131035626 -0.4658238292 -0.8588335514
-71.1 -105.8 2125.0 0.9237080812 -0.0204474200 -0.3825509846 -0.0296272244 0.9917711020 -0.1245482787 0.3819497228 0.1263801754 0.9155012369
-63.2 -490.8 2075.9 0.9306393266 0.0621414483 -0.3606228530 0.0400694422 0.9622458220 0.2692162991 0.3637373447 -0.2649932206 0.8930138350
104.0 -116.0 2088.7 0.9762012362 0.0813823119 0.2010176033 -0.0828771442 0.9965592623 -0.0009826274 -0.2004059255 -0.0157005228 0.9795871377
72.4 -502.9 2094.8 0.9678090215 -0.1369715631 0.2111503035 0.1058074683 0.9826302528 0.1524552703 -0.2283647060 -0.1252063066 0.9654910564
59.7 565.0 1956.9 0 0 0 0 0 0 0 0 0
73.3 373.0 1973.6 0 0 0 0 0 0 0 0 0
-86.4 -849.9 2174.8 0 0 0 0 0 0 0 0 0
123.5 -869.6 2141.5 0 0 0 0 0 0 0 0 0
42.2 473.1 2043.6 4 0.9785317779 0.0614000708 0.1967373490 -0.0819689780 0.9917883277 0.0981683582 -0.1890942603 -0.1121872142 0.9755293131
29.9 274.9 2066.1 0.9785317779 0.0614000708 0.1967373490 -0.0819689780 0.9917883277 0.0981683582 -0.1890942603 -0.1121872142 0.9755293131
22.7 82.0 2086.7 0.9797606468 0.0372691043 0.1966725886 -0.0572416894 0.9936501384 0.0968650654 -0.1918136626 -0.1061624512 0.9756726027
-103.9 282.7 2092.3 0.2908070683 0.2280921042 -0.9291960001 -0.9260384440 0.3113080859 -0.2134012580 0.2405910939 0.9225298166 0.3017526567
-182.4 532.7 2027.3 -0.9518993497 0.2280921042 -0.2046012282 -0.1278086752 0.3113080859 0.9416752458 0.2784827054 0.9225298166 -0.2671818137
163.8 267.0 2039.9 -0.0159705002 0.7929658890 0.6090566516 -0.7583196759 0.3874098361 -0.5242756009 -0.6516872048 -0.4702325761 0.5951344967
160.7 122.2 1915.4 -0.3209430575 0.7929658890 -0.5178809166 0.9216443896 0.3874098361 0.0220271386 0.2180989236 -0.4702325761 -0.8551691175
-72.0 -106.1 2121.4 0.9271408916 -0.0292319413 -0.3735709488 -0.0140708564 0.9935333133 -0.1126655415 0.3744486272 0.1097132936 0.9207340479
-60.6 -491.8 2078.8 0.9307482243 0.0775325522 -0.3573464751 0.0224552732 0.9632984996 0.2674916387 0.3649706244 -0.2569916844 0.8948473334
103.9 -115.6 2088.8 0.9744753838 0.0798059925 0.2098302990 -0.0791354775 0.9967963099 -0.0116034066 -0.2100840956 -0.0052977866 0.9776689410
72.9 -502.5 2090.9 0.9661443830 -0.1342708766 0.2203097939 0.1006716043 0.9824124575 0.1572607607 -0.2375506312 -0.1297576576 0.9626695514
59.2 565.1 1956.6 0 0 0 0 0 0 0 0 0
73.5 372.8 1974.7 0 0 0 0 0 0 0 0 0
-89.6 -851.3 2174.7 0 0 0 0 0 0 0 0 0
123.1 -869.2 2139.3 0 0 0 0 0 0 0 0 0
45.7 465.1 2043.3 5 0.9770215750 0.0785362944 0.1981435418 -0.1000558585 0.9898392558 0.1010299474 -0.1881957352 -0.1185338646 0.9749523401
30.6 274.7 2066.1 0.9770215750 0.0785362944 0.1981435418 -0.1000558585 0.9898392558 0.1010299474 -0.1881957352 -0.1185338646 0.9749523401
24.0 81.8 2087.1 0.9795873761 0.0344443843 0.1980457157 -0.0550130568 0.9935343862 0.0993125066 -0.1933444589 -0.1081803814 0.9751486778
-103.2 282.2 2092.5 0.2904680371 0.2164122909 -0.9320912361 -0.9240517020 0.3164163232 -0.2144973576 0.2485090196 0.9236051440 0.2918849885
-181.7 532.1 2025.3 -0.9548398256 0.2164122909 -0.2035845220 -0.1286740899 0.3164163232 0.9398530126 0.2678132057 0.9236051440 -0.2742802501
164.5 267.2 2039.7 -0.0185699742 0.7919995785 0.6102391481 -0.7596254945 0.3856746554 -0.5236641765 -0.6500955820 -0.4732776284 0.5944610834
160.9 122.1 1915.6 -0.3224438131 0.7919995785 -0.5184270740 0.9225058556 0.3856746554 0.0154271265 0.2121624500 -0.4732776284 -0.8549826741
-72.3 -105.8 2124.5 0.9277535081 -0.0393659733 -0.3711114526 -0.0095622195 0.9915869832 -0.1290883720 0.3730709851 0.1233108342 0.9195718765
-57.0 -490.6 2076.6 0.9294100404 0.0960918069 -0.3563191891 0.0058240732 0.9615677595 0.2745059431 0.3690028191 -0.2572037876 0.8931310773
103.3 -116.0 2090.1 0.9745346904 0.0757707432 0.2110471725 -0.0742862821 0.9971246719 -0.0149649745 -0.2115742415 -0.0010940230 0.9773613214
73.8 -503.1 2090.5 0.9667948484 -0.1284411103 0.2209311724 0.0948018208 0.9830892682 0.1566784680 -0.2373190224 -0.1305312514 0.9626221061
60.6 564.8 1957.3 0 0 0 0 0 0 0 0 0
73.3 372.9 1973.2 0 0 0 0 0 0 0 0 0
-92.9 -849.5 2172.6 0 0 0 0 0 0 0 0 0
121.8 -870.1 2139.3 0 0 0 0 0 0 0 0 0
45.0 470.5 2043.1 6 0.9796364307 0.0779731125 0.1850207150 -0.0968658552 0.9907184839 0.0953618363 -0.1758677810 -0.1113421172 0.9780968428
29.6 275.5 2065.0 0.9796364307 0.0779731125 0.1850207150 -0.0968658552 0.9907184839 0.0953618363 -0.1758677810 -0.1113421172 0.9780968428
24.0 82.7 2086.8 0.9822126031 0.0290194005 0.1855162531 -0.0490943491 0.9933069944 0.1045510247 -0.1812405884 -0.1117991358 0.9770633578
-104.5 282.2 2089.8 0.3017148972 0.1921022832 -0.9338440895 -0.9204787612 0.3138597906 -0.2328322083 0.2483685166 0.9298326373 0.2715222538
-186.1 530.9 2022.7 -0.9606987834 0.1921022832 -0.2003861219 -0.1333220005 0.3138597906 0.9400624037 0.2434812784 0.9298326373 -0.2759132385
163.8 268.8 2040.3 -0.0144316265 0.7916458845 0.6108097434 -0.7627693415 0.3862603903 -0.5186384916 -0.6465096474 -0.4733917415 0.5982688069
161.1 122.0 1915.9 -0.3227006197 0.7916458845 -0.5188074112 0.9222553968 0.3862603903 0.0157458242 0.2128598690 -0.4733917415 -0.8547461033
-70.5 -106.1 2125.4 0.9240170121 -0.0297173746 -0.3811946809 -0.0226957984 0.9909541011 -0.1322680116 0.3816770911 0.1308694035 0.9149840474
-58.9 -490.8 2074.6 0.9289173484 0.0872787386 -0.3598541319 0.0206745490 0.9580836892 0.2857415676 0.3697095215 -0.2728701234 0.8881760836
105.0 -116.0 2090.8 0.9764935374 0.0816161633 0.1994973868 -0.0819619745 0.9966139793 -0.0065388088 -0.1993555576 -0.0099660959 0.9798765182
73.4 -502.9 2094.7 0.9693483710 -0.1292079687 0.2089713067 0.1026606038 0.9857465625 0.1332834512 -0.2232140303 -0.1077449843 0.9687964320
57.7 564.8 1960.9 0 0 0 0 0 0 0 0 0
73.3 372.8 1973.8 0 0 0 0 0 0 0 0 0
-91.5 -848.3 2176.5 0 0 0 0 0 0 0 0 0
121.6 -870.7 2134.9 0 0 0 0 0 0 0 0 0
43.4 472.7 2044.1 7 0.9808607697 0.0736448243 0.1802460402 -0.0900951177 0.9923129678 0.0848398507 -0.1726124585 -0.0994553715 0.9799559116
28.8 275.9 2063.8 0.9808607697 0.0736448243 0.1802460402 -0.0900951177 0.9923129678 0.0848398507 -0.1726124585 -0.0994553715 0.9799559116
23.9 83.3 2087.1 0.9830263257 0.0255335271 0.1816792041 -0.0467582941 0.9924347997 0.1135202721 -0.1774061918 -0.1200884283 0.9767833948
-105.5 282.3 2088.0 0.2940777540 0.2037381232 -0.9338142276 -0.9257407784 0.3037426472 -0.2252651751 0.2377440929 0.9307154417 0.2779326439
-184.4 530.7 2024.2 -0.9577412605 0.2037381232 -0.2030331045 -0.1353140026 0.3037426472 0.9430962205 0.2538144886 0.9307154417 -0.2633382380
163.1 269.5 2039.5 -0.0110288737 0.7929720879 0.6091581583 -0.7669860125 0.3841559887 -0.5139617324 -0.6415690184 -0.4728842080 0.6039617062
161.0 122.1 1916.3 -0.3232868314 0.7929720879 -0.5164116025 0.9231908917 0.3841559887 0.0119468877 0.2078561485 -0.4728842080 -0.8562572002
-69.6 -105.7 2124.7 0.9232014418 -0.0183146168 -0.3838797510 -0.0327722877 0.9914738536 -0.1261173189 0.3829165399 0.1290123165 0.9147298932
-62.5 -490.6 2074.6 0.9308783412 0.0629497319 -0.3598649800 0.0417624079 0.9602495432 0.2760012150 0.3629344106 -0.2719523907 0.8912466168
106.4 -114.5 2092.2 0.9772703648 0.0826922432 0.1952040493 -0.0826417953 0.9965437651 -0.0084171556 -0.1952254027 -0.0079061761 0.9807265401
74.3 -501.4 2095.3 0.9706908464 -0.1260095388 0.2046481669 0.1012250111 0.9866726995 0.1273990124 -0.2179742455 -0.1029495373 0.9705094695
58.7 565.0 1959.8 0 0 0 0 0 0 0 0 0
73.1 373.1 1972.8 0 0 0 0 0 0 0 0 0
-86.0 -848.9 2176.1 0 0 0 0 0 0 0 0 0
121.3 -869.7 2133.7 0 0 0 0 0 0 0 0 0
41.7 476.9 2045.0 8 0.9814591408 0.0614874773 0.1815414578 -0.0788813531 0.9927952290 0.0901962072 -0.1746875495 -0.1028441265 0.9792381525
29.3 276.9 2065.7 0.9814591408 0.0614874773 0.1815414578 -0.0788813531 0.9927952290 0.0901962072 -0.1746875495 -0.1028441265 0.9792381525
24.6 84.0 2087.6 0.9829484224 0.0244386178 0.1822502464 -0.0444573052 0.9933097959 0.1065793782 -0.1784263104 -0.1128643900 0.9774587750
-105.0 282.9 2090.1 0.2923987210 0.2160067409 -0.9315814972 -0.9259735346 0.3073198795 -0.2193799466 0.2389059663 0.9267662168 0.2898764610
-183.4 531.2 2026.1 -0.9547861814 0.2160067409 -0.2042655051 -0.1320877075 0.3073198795 0.9423944950 0.2663384080 0.9267662168 -0.2648929358
163.6 270.8 2041.4 -0.0154296802 0.7989383340 0.6012150049 -0.7627003193 0.3794145882 -0.5237678289 -0.6465679407 -0.4666284621 0.6034963131
160.6 122.1 1915.3 -0.3182283044 0.7989383340 -0.5103217363 0.9250680208 0.3794145882 0.0171382595 0.2073159367 -0.4666284621 -0.8598127365
-69.2 -105.2 2126.3 0.9235271215 -0.0157208052 -0.3832107484 -0.0359697007 0.9912055135 -0.1273491085 0.3818426132 0.1313943267 0.9148397446
-63.1 -490.0 2075.3 0.9313050508 0.0647951365 -0.3584306538 0.0383203402 0.9611594677 0.2733203173 0.3622188568 -0.2682797611 0.8926497102
107.0 -113.6 2094.5 0.9767775536 0.0866832212 0.1959379464 -0.0854120851 0.9962336421 -0.0149441911 -0.1964953840 -0.0021383187 0.9805024266
73.3 -500.3 2095.3 0.9703790545 -0.1248312294 0.2068371624 0.0976849571 0.9857901335 0.1366580278 -0.2209572196 -0.1124052107 0.9687842727
59.0 564.7 1958.5 0 0 0 0 0 0 0 0 0
74.1 373.6 1971.7 0 0 0 0 0 0 0 0 0
-87.2 -848.7 2175.4 0 0 0 0 0 0 0 0 0
119.9 -868.3 2137.3 0 0 0 0 0 0 0 0 0
39.2 478.2 2045.0 9 0.9816895127 0.0494223870 0.1839650273 -0.0684083551 0.9927998781 0.0983297080 -0.1777807623 -0.1091139838 0.9780021310
29.2 277.1 2067.1 0.9816895127 0.0494223870 0.1839650273 -0.0684083551 0.9927998781 0.0983297080 -0.1777807623 -0.1091139838 0.9780021310
23.5 84.1 2087.5 0.9824978709 0.0293116160 0.1839531809 -0.0480097979 0.9940246940 0.0980306715 -0.1799805611 -0.1051464826 0.9780343771
-105.0 283.6 2091.7 0.2900265753 0.2091601789 -0.9338825345 -0.9244376421 0.3136814535 -0.2168386281 0.2475876361 0.9262051582 0.2843315005
-182.8 531.7 2025.3 -0.9567422867 0.2091601789 -0.2022282630 -0.1302306354 0.3136814535 0.9405550957 0.2601619363 0.9262051582 -0.2728732526
163.5 270.5 2042.5 -0.0156351235 0.8043243289 0.5939847827 -0.7564379573 0.3789737821 -0.5330857635 -0.6538785100 -0.4576475024 0.6024962068
160.4 121.9 1914.0 -0.3145993352 0.8043243289 -0.5040730238 0.9250016212 0.3789737821 0.0274026394 0.2130710632 -0.4576475024 -0.8632262349
-68.2 -104.8 2125.5 0.9235447049 -0.0225666612 -0.3828262091 -0.0289451685 0.9913175702 -0.1282641590 0.3823968470 0.1295386553 0.9148728848
-59.5 -489.6 2075.3 0.9289716482 0.0773864612 -0.3619709909 0.0223497171 0.9643901587 0.2635376751 0.3694755137 -0.2529089749 0.8941615820
107.9 -112.7 2093.6 0.9760474563 0.0894214362 0.1983309090 -0.0893571526 0.9959563017 -0.0092926230 -0.1983598769 -0.0086522447 0.9800910950
73.2 -499.4 2096.9 0.9695639610 -0.1279614866 0.2087379992 0.1027093679 0.9864847660 0.1276660264 -0.2222531885 -0.1023410335 0.9696029425
60.0 564.7 1959.2 0 0 0 0 0 0 0 0 0
74.9 373.3 1971.9 0 0 0 0 0 0 0 0 0
-88.4 -849.5 2169.6 0 0 0 0 0 0 0 0 0
120.9 -867.6 2135.1 0 0 0 0 0 0 0 0 0
37.4 479.2 2044.0 0 0.9813394547 0.0428607687 0.1874454319 -0.0625988245 0.9929474592 0.1006810665 -0.1818082035 -0.1105361730 0.9771016240
28.7 277.4 2066.4 0.9813394547 0.0428607687 0.1874454319 -0.0625988245 0.9929474592 0.1006810665 -0.1818082035 -0.1105361730 0.9771016240
23.5 84.5 2088.1 0.9818826914 0.0268706270 0.1875748336 -0.0471243039 0.9934217334 0.1043672562 -0.1835365146 -0.1113157421 0.9766898751
-105.4 283.8 2091.5 0.2895114720 0.2165165097 -0.9323645830 -0.9259712696 0.3100402951 -0.2155277729 0.2424052656 0.9257405996 0.2902482748
-182.9 531.6 2026.7 -0.9547331333 0.2165165097 -0.2039737403 -0.1308718324 0.3100402951 0.9416727424 0.2671277821 0.9257405996 -0.2676698267
162.9 270.9 2041.4 -0.0101796985 0.8042590618 0.5941916108 -0.7589968443 0.3806529343 -0.5282301903 -0.6510146856 -0.4563668072 0.6065551639
160.9 121.8 1913.5 -0.3128200769 0.8042590618 -0.5052829981 0.9241009355 0.3806529343 0.0337756649 0.2195018530 -0.4563668072 -0.8622924685
-70.2 -104.5 2124.0 0.9249011874 -0.0346438698 -0.3786259890 -0.0183791500 0.9906020164 -0.1355352849 0.3797631562 0.1323155761 0.9155722260
-56.7 -489.1 2072.7 0.9292190075 0.0930879861 -0.3576124310 0.0187221337 0.9546483755 0.2971464396 0.3690548837 -0.2828093767 0.8853346109
105.9 -113.1 2091.8 0.9754679799 0.0866920650 0.2023528218 -0.0883320048 0.9960906506 -0.0009296036 -0.2016423494 -0.0169674326 0.9793122411
72.2 -499.8 2098.4 0.9674956203 -0.1367236823 0.2127412111 0.1076495722 0.9838863015 0.1427559704 -0.2288312912 -0.1152142808 0.9666239619
59.4 564.8 1958.9 0 0 0 0 0 0 0 0 0
75.8 373.0 1973.1 0 0 0 0 0 0 0 0 0
-91.5 -845.2 2178.2 0 0 0 0 0 0 0 0 0
123.2 -867.0 2141.4 0 0 0 0 0 0 0 0 0
36.5 479.0 2044.0 1 0.9809607863 0.0466050468 0.1885308325 -0.0659097135 0.9930549860 0.0974560454 -0.1826795340 -0.1080265716 0.9772197604
27.0 277.9 2065.9 0.9809607863 0.0466050468 0.1885308325 -0.0659097135 0.9930549860 0.0974560454 -0.1826795340 -0.1080265716 0.9772197604
22.5 85.2 2088.5 0.9817071557 0.0232104287 0.1889769584 -0.0446783230 0.9929106832 0.1101464853 -0.1850806922 -0.1165747717 0.9757845402
-107.1 284.0 2091.1 0.2839888036 0.2226877958 -0.9326094985 -0.9283356667 0.3072002530 -0.2093343437 0.2398816943 0.9252232909 0.2939704657
-183.0 532.0 2027.0 -0.9532971382 0.2226877958 -0.2040457428 -0.1300207675 0.3072002530 0.9427208304 0.2726153433 0.9252232909 -0.2638991177
161.2 271.8 2040.6 -0.0006644491 0.8081453443 0.5889827609 -0.7645710707 0.3792119920 -0.5211806893 -0.6445390582 -0.4506654739 0.6176326275
161.0 121.9 1914.2 -0.3151658773 0.8081453443 -0.4975656569 0.9248194695 0.3792119920 0.0301204138 0.2130245417 -0.4506654739 -0.8669031858
-69.7 -104.1 2126.1 0.9260311127 -0.0273066573 -0.3764581084 -0.0249156654 0.9907818437 -0.1331559122 0.3766238987 0.1326862276 0.9168145061
-59.1 -488.7 2074.6 0.9315999150 0.0816329345 -0.3542000949 0.0253740717 0.9574722648 0.2874074578 0.3625986874 -0.2767362595 0.8899096847
106.2 -112.5 2093.2 0.9751531482 0.0885777995 0.2030525506 -0.0889033601 0.9960117340 -0.0075356769 -0.2029102147 -0.0107036140 0.9791388512
71.9 -499.2 2097.4 0.9667963386 -0.1393147856 0.2142341435 0.1094993874 0.9833110571 0.1452903450 -0.2308998853 -0.1170076653 0.9659163952
59.0 565.0 1957.8 0 0 0 0 0 0 0 0 0
75.3 373.4 1972.2 0 0 0 0 0 0 0 0 0
-89.6 -846.0 2177.9 0 0 0 0 0 0 0 0 0
123.9 -866.2 2141.1 0 0 0 0 0 0 0 0 0
36.7 478.1 2043.5 2 0.9793747663 0.0439496040 0.1972142905 -0.0654036999 0.9924637079 0.1036251038 -0.1911737472 -0.1143863574 0.9748683572
27.8 277.6 2066.6 0.9793747663 0.0439496040 0.1972142905 -0.0654036999 0.9924637079 0.1036251038 -0.1911737472 -0.1143863574 0.9748683572
23.1 84.9 2089.9 0.9799877405 0.0246231593 0.1975289136 -0.0476597399 0.9924817085 0.1127324924 -0.1932680160 -0.1198906451 0.9737934470
-106.1 284.1 2093.0 0.2852794230 0.2206088454 -0.9327096939 -0.9261794686 0.3138279617 -0.2090540230 0.2465912104 0.9234954119 0.2938520312
-182.3 531.6 2027.1 -0.9525318146 0.2206088454 -0.2097973675 -0.1343380660 0.3138279617 0.9399283528 0.2731967866 0.9234954119 -0.2692949176
161.7 271.1 2040.2 -0.0043768063 0.8071078658 0.5903877616 -0.7658360600 0.3769336045 -0.5209761858 -0.6430209875 -0.4544204473 0.6164625287
160.9 121.9 1915.0 -0.3153250515 0.8071078658 -0.4991462827 0.9259144664 0.3769336045 0.0245660394 0.2079724520 -0.4544204473 -0.8661694527
-69.9 -103.6 2127.7 0.9291800261 -0.0248907637 -0.3687883914 -0.0278258156 0.9901884794 -0.1369396150 0.3685785532 0.1375034004 0.9193707705
-60.3 -488.0 2074.3 0.9349866509 0.0778000876 -0.3460449278 0.0257446971 0.9581859112 0.2849858105 0.3537473083 -0.2753667533 0.8938881159
106.0 -111.6 2094.5 0.9738029242 0.0862566829 0.2103988081 -0.0848674625 0.9962694645 -0.0156403705 -0.2109630108 -0.0026253751 0.9774905443
72.5 -498.4 2095.5 0.9649292827 -0.1404438317 0.2217813730 0.1086482331 0.9827552438 0.1496250629 -0.2389707267 -0.1202814430 0.9635483027
59.5 565.7 1957.7 0 0 0 0 0 0 0 0 0
75.1 373.7 1971.5 0 0 0 0 0 0 0 0 0
-89.3 -845.6 2177.1 0 0 0 0 0 0 0 0 0
124.9 -865.2 2140.4 0 0 0 0 0 0 0 0 0
36.9 477.8 2043.2 3 0.9768195748 0.0446196832 0.2093622386 -0.0683417544 0.9918560982 0.1074752584 -0.2028616965 -0.1192921177 0.9719138741
27.9 277.7 2067.3 0.9768195748 0.0446196832 0.2093622386 -0.0683417544 0.9918560982 0.1074752584 -0.2028616965 -0.1192921177 0.9719138741
22.7 84.8 2088.5 0.9775224328 0.0266080182 0.2091457546 -0.0487506650 0.9936463833 0.1014407724 -0.2051177919 -0.1093566194 0.9726087451
-105.6 284.3 2095.3 0.2871848643 0.2207459211 -0.9320923090 -0.9233362675 0.3227454126 -0.2080517858 0.2549019456 0.9203839302 0.2965103090
-182.5 531.5 2027.1 -0.9523999095 0.2207459211 -0.2102512866 -0.1320952773 0.3227454126 0.9372226000 0.2747457027 0.9203839302 -0.2782232165
161.5 271.0 2039.3 -0.0032337632 0.8060801625 0.5917975903 -0.7661405206 0.3783344328 -0.5195110440 -0.6426649690 -0.4550800920 0.6163471937
160.8 121.9 1914.1 -0.3150810897 0.8060801625 -0.5009577870 0.9252807498 0.3783344328 0.0268074609 0.2111385465 -0.4550800920 -0.8650564551
-69.5 -103.5 2130.4 0.9326394200 -0.0406052731 -0.3585177064 -0.0141103128 0.9887825251 -0.1486945152 0.3605338037 0.1437371671 0.9216045737
-53.8 -487.3 2074.6 0.9332637191 0.1155654564 -0.3400933444 -0.0090640299 0.9541044831 0.2993366420 0.3590775430 -0.2762774229 0.8914785981
106.1 -112.0 2095.8 0.9713605046 0.0852682069 0.2217839360 -0.0817176253 0.9963380694 -0.0251536984 -0.2231165916 0.0063096522 0.9747713208
73.0 -498.8 2093.4 0.9629026651 -0.1362871975 0.2329039276 0.1051021442 0.9843463302 0.1414774656 -0.2485396862 -0.1117503271 0.9621537924
59.3 565.0 1957.3 0 0 0 0 0 0 0 0 0
75.2 373.4 1971.5 0 0 0 0 0 0 0 0 0
-96.9 -843.2 2177.7 0 0 0 0 0 0 0 0 0
123.8 -866.2 2135.1 0 0 0 0 0 0 0 0 0
38.7 479.5 2042.6 4 0.9736280441 0.0529100373 0.2219211012 -0.0782773718 0.9911606312 0.1071132794 -0.2142920941 -0.1216598973 0.9691634178
27.9 277.8 2067.4 0.9736280441 0.0529100373 0.2219211012 -0.0782773718 0.9911606312 0.1071132794 -0.2142920941 -0.1216598973 0.9691634178
23.5 84.9 2089.2 0.9748225808 0.0227029845 0.2218231708 -0.0469249263 0.9934127331 0.1045429260 -0.2179885209 -0.1123198420 0.9694665074
-105.2 284.2 2097.1 0.2875234187 0.2190644443 -0.9323846102 -0.9221476316 0.3263573945 -0.2076886892 0.2587934136 0.9195116162 0.2958451509
-182.6 532.3 2027.5 -0.9529590011 0.2190644443 -0.2094754130 -0.1307599545 0.3263573945 0.9361584783 0.2734428942 0.9195116162 -0.2823603749
161.1 271.4 2037.6 -0.0018904976 0.8049632311 0.5933216810 -0.7728548050 0.3753353357 -0.5116823316 -0.6345800757 -0.4595188498 0.6214101315
160.7 121.9 1914.8 -0.3156760931 0.8049632311 -0.5023771524 0.9266922474 0.3753353357 0.0191023052 0.2039365470 -0.4595188498 -0.8644375801
-70.0 -103.7 2128.1 0.9376403689 -0.0324058756 -0.3460930288 -0.0176832937 0.9899090528 -0.1405964196 0.3471567631 0.1379489452 0.9276056886
-57.4 -488.0 2074.6 0.9406939745 0.0908056498 -0.3268779814 0.0102287121 0.9554836750 0.2948665917 0.3391021192 -0.2807227671 0.8978888988
105.1 -112.4 2091.4 0.9685759544 0.0808200985 0.2352205515 -0.0790641680 0.9967262149 -0.0169026572 -0.2358165681 -0.0022260104 0.9717950225
73.8 -499.4 2092.2 0.9604152441 -0.1316567212 0.2454975098 0.0960423648 0.9837293029 0.1518305689 -0.2614926100 -0.1222422346 0.9574332833
59.3 565.5 1958.1 0 0 0 0 0 0 0 0 0
74.9 373.8 1970.3 0 0 0 0 0 0 0 0 0
-91.3 -844.4 2179.3 0 0 0 0 0 0 0 0 0
122.9 -866.6 2137.9 0 0 0 0 0 0 0 0 0
39.8 479.6 2042.8 5 0.9647004604 0.0638072118 0.2555028200 -0.0880571008 0.9925152063 0.0846139416 -0.2481914461 -0.1041259393 0.9630985260
26.8 277.3 2064.0 0.9647004604 0.0638072118 0.2555028200 -0.0880571008 0.9925152063 0.0846139416 -0.2481914461 -0.1041259393 0.9630985260
22.8 85.1 2091.0 0.9660717845 0.0211075172 0.2574098110 -0.0560399741 0.9900419116 0.1291377097 -0.2521207035 -0.1391815394 0.9576343894
-105.1 285.0 2098.4 0.2883131504 0.2113896906 -0.9339110851 -0.9195595384 0.3330796063 -0.2084904015 0.2669940293 0.9188973904 0.2904166281
-182.6 532.2 2026.6 -0.9543730617 0.2113896906 -0.2109180242 -0.1325375140 0.3330796063 0.9335372448 0.2675926387 0.9188973904 -0.2898651659
158.7 269.6 2029.6 0.0119999377 0.7988109589 0.6014624238 -0.7903599739 0.3760411441 -0.4836570323 -0.6125251651 -0.4695679843 0.6358606815
161.0 122.1 1915.4 -0.3173207045 0.7988109589 -0.5110857487 0.9265187979 0.3760411441 0.0124875447 0.2021644562 -0.4695679843 -0.8594390154
-68.2 -103.7 2130.5 0.9499100447 -0.0238938909 -0.3116086721 -0.0218045767 0.9895763397 -0.1423491091 0.3117618561 0.1420133412 0.9394875169
-58.9 -487.9 2075.4 0.9525678754 0.0821153447 -0.2930384874 0.0049077193 0.9586387277 0.2845833898 0.3042867184 -0.2725231349 0.9127654433
106.4 -112.1 2091.4 0.9596172571 0.0860009417 0.2678404450 -0.0824674070 0.9962941408 -0.0244364869 -0.2689494193 0.0013615668 0.9631533623
73.1 -498.9 2090.9 0.9499734640 -0.1396242678 0.2793841362 0.0948882625 0.9812531471 0.1677454412 -0.2975679040 -0.1328434348 0.9454131126
59.7 565.9 1958.7 0 0 0 0 0 0 0 0 0
74.7 374.0 1970.3 0 0 0 0 0 0 0 0 0
-89.6 -845.6 2177.0 0 0 0 0 0 0 0 0 0
125.2 -865.2 2140.5 0 0 0 0 0 0 0 0 0
40.3 479.0 2043.4 6 0.9667795300 0.0660708547 0.2469250709 -0.0897035971 0.9922739267 0.0857070163 -0.2393545806 -0.1050098538 0.9652369022
26.8 276.1 2064.8 0.9667795300 0.0660708547 0.2469250709 -0.0897035971 0.9922739267 0.0857070163 -0.2393545806 -0.1050098538 0.9652369022
21.9 84.0 2092.3 0.9681718349 0.0253277663 0.2490016967 -0.0595129803 0.9896292686 0.1307368279 -0.2431080937 -0.1413945407 0.9596384764
-105.4 284.3 2098.0 0.2823707461 0.1943003833 -0.9394222498 -0.9179803133 0.3390559852 -0.2057989240 0.2785299122 0.9204826951 0.2741034329
-180.6 528.5 2023.9 -0.9535667896 0.1943003833 -0.2301255018 -0.1548528969 0.3390559852 0.9279340506 0.2583233714 0.9204826951 -0.2932245433
159.0 267.9 2031.7 0.0113062970 0.8073803186 0.5899230242 -0.7813351750 0.3752977550 -0.4986651242 -0.6240091920 -0.4552895427 0.6350778937
161.1 122.1 1915.2 -0.3185424209 0.8073803186 -0.4966565073 0.9267715216 0.3752977550 0.0156888571 0.1990609467 -0.4552895427 -0.8678053617
-67.7 -101.9 2140.6 0.9467556477 -0.0381373577 -0.3196862042 -0.0177258290 0.9852785468 -0.1700353324 0.3214646578 0.1666486114 0.9321420193
-52.9 -484.3 2075.9 0.9450067282 0.1226466373 -0.3031832576 -0.0322283171 0.9574316144 0.2868555188 0.3254590929 -0.2613093257 0.9087319970
105.3 -112.0 2095.4 0.9622446895 0.0885080099 0.2573936880 -0.0808960050 0.9959181547 -0.0400358811 -0.2598865628 0.0177021921 0.9654768705
71.0 -498.6 2088.6 0.9494829774 -0.1586561501 0.2707587481 0.1098460183 0.9762302041 0.1868379414 -0.2939658463 -0.1476576775 0.9443417192
61.4 567.8 1958.4 0 0 0 0 0 0 0 0 0
74.5 374.1 1969.3 0 0 0 0 0 0 0 0 0
-98.6 -841.3 2173.3 0 0 0 0 0 0 0 0 0
130.2 -862.9 2143.7 0 0 0 0 0 0 0 0 0
39.3 478.5 2044.2 7 0.9687147141 0.0616309904 0.2404025495 -0.0845748782 0.9926718473 0.0863118395 -0.2333213538 -0.1039435714 0.9668282866
26.7 276.1 2065.4 0.9687147141 0.0616309904 0.2404025495 -0.0845748782 0.9926718473 0.0863118395 -0.2333213538 -0.1039435714 0.9668282866
21.9 83.8 2091.3 0.9699427485 0.0251172893 0.2420333922 -0.0564975366 0.9907225966 0.1235991046 -0.2366834730 -0.1335583478 0.9623633027
-105.8 283.9 2097.7 0.2832125425 0.1923435181 -0.9395714998 -0.9179702401 0.3380457461 -0.2074986100 0.2777071297 0.9212649465 0.2723044157
-181.0 527.7 2023.9 -0.9539208412 0.1923435181 -0.2303019613 -0.1559124589 0.3380457461 0.9281252027 0.2563714683 0.9212649465 -0.2924801111
159.2 268.4 2033.0 0.0090907570 0.8082494140 0.5887701511 -0.7775821090 0.3759134710 -0.5040388703 -0.6287156940 -0.4532350302 0.6318975687
160.9 122.0 1914.7 -0.3172963858 0.8082494140 -0.4960402548 0.9264408946 0.3759134710 0.0199086405 0.2025593519 -0.4532350302 -0.8680712581
-69.7 -102.7 2141.5 0.9443812370 -0.0438769050 -0.3259123266 -0.0169345010 0.9832554460 -0.1814439893 0.3284162581 0.1768714637 0.9278249741
-52.6 -484.3 2072.8 0.9440209270 0.1134850234 -0.3097509444 -0.0200143829 0.9569382071 0.2896009088 0.3292779028 -0.2671898305 0.9056410193
103.7 -113.4 2097.9 0.9643967748 0.0820670649 0.2514038980 -0.0749802589 0.9964737892 -0.0376563817 -0.2536077201 0.0174653642 0.9671494365
71.9 -500.2 2091.2 0.9525136352 -0.1537781507 0.2628118098 0.1127118990 0.9798594117 0.1648379266 -0.2828670740 -0.1273883581 0.9506620765
61.1 567.3 1958.9 0 0 0 0 0 0 0 0 0
74.7 373.9 1969.7 0 0 0 0 0 0 0 0 0
-95.0 -841.3 2172.5 0 0 0 0 0 0 0 0 0
129.3 -865.9 2138.7 0 0 0 0 0 0 0 0 0
41.3 480.4 2043.6 8 0.9684925675 0.0728515536 0.2381486595 -0.0967600867 0.9912046194 0.0902823880 -0.2294768244 -0.1104811057 0.9670234323
26.3 276.7 2066.3 0.9684925675 0.0728515536 0.2381486595 -0.0967600867 0.9912046194 0.0902823880 -0.2294768244 -0.1104811057 0.9670234323
21.6 84.2 2090.3 0.9706336260 0.0242963731 0.2393326014 -0.0530523024 0.9920111895 0.1144519150 -0.2346398532 -0.1237880141 0.9641683698
-106.3 284.0 2098.3 0.2857812047 0.2030185610 -0.9365428686 -0.9180666208 0.3381927907 -0.2068317086 0.2747413814 0.9189173579 0.2830336988
-181.6 526.0 2025.9 -0.9495633245 0.2030185610 -0.2389831543 -0.1610471010 0.3381927907 0.9271944165 0.2690600455 0.9189173579 -0.2884399295
158.9 269.5 2034.2 0.0118175223 0.8126934767 0.5825716257 -0.7743881345 0.3760248423 -0.5088500381 -0.6326004863 -0.4451231956 0.6337838173
161.2 122.0 1913.7 -0.3147633374 0.8126934767 -0.4903604388 0.9261652231 0.3760248423 0.0286933351 0.2077066004 -0.4451231956 -0.8710472584
-69.8 -103.4 2138.4 0.9435196519 -0.0337109379 -0.3295971453 -0.0188933033 0.9877168536 -0.1551077217 0.3307774961 0.1525743604 0.9312933683
-56.8 -486.7 2079.2 0.9440658689 0.1000419185 -0.3142153323 -0.0137592079 0.9639902115 0.2655816376 0.3294698000 -0.2464032024 0.9114466906
103.9 -113.5 2096.0 0.9644376040 0.0838656276 0.2506525815 -0.0800483897 0.9964671731 -0.0254043788 -0.2518976331 0.0044366033 0.9677436948
71.4 -500.4 2094.3 0.9524375200 -0.1564543098 0.2615050077 0.1198785231 0.9813161492 0.1504916996 -0.2801641822 -0.1119851023 0.9533978105
59.4 566.9 1957.6 0 0 0 0 0 0 0 0 0
75.6 373.8 1970.2 0 0 0 0 0 0 0 0 0
-94.1 -846.3 2171.1 0 0 0 0 0 0 0 0 0
129.8 -866.6 2136.1 0 0 0 0 0 0 0 0 0
42.8 478.4 2043.3 9 0.9678142667 0.0842957571 0.2371282876 -0.1098157689 0.9892528653 0.0965361297 -0.2264422625 -0.1194694638 0.9666700363
25.7 277.5 2067.5 0.9678142667 0.0842957571 0.2371282876 -0.1098157689 0.9892528653 0.0965361297 -0.2264422625 -0.1194694638 0.9666700363
21.2 84.7 2089.8 0.9710824490 0.0229298528 0.2376406193 -0.0493926443 0.9931377769 0.1060080901 -0.2335791290 -0.1146802902 0.9655512571
-107.0 284.3 2099.4 0.2827392519 0.1738831252 -0.9433044195 -0.9134857655 0.3487831354 -0.2095090300 0.2925785780 0.9209315777 0.2574544549
-180.7 522.2 2023.2 -0.9496071935 0.1738831252 -0.2607888877 -0.1882698238 0.3487831354 0.9180984497 0.2506006062 0.9209315777 -0.2984700203
158.3 270.7 2035.6 0.0139674423 0.8149336576 0.5793859363 -0.7725584507 0.3766555488 -0.5111594796 -0.6347900033 -0.4404699206 0.6348447800
161.0 121.7 1913.2 -0.3124758303 0.8149336576 -0.4881004095 0.9256426692 0.3766555488 0.0362801254 0.2134116292 -0.4404699206 -0.8720331192
-70.0 -103.6 2135.3 0.9428483844 -0.0369126089 -0.3311711550 -0.0155349812 0.9878956676 -0.1543399543 0.3328596354 0.1506639123 0.9308624268
-55.7 -487.1 2076.9 0.9429057240 0.1005171910 -0.3175297081 -0.0149862310 0.9652102590 0.2610452473 0.3327224553 -0.2413824946 0.9116086364
103.9 -113.1 2093.3 0.9644867182 0.0821283758 0.2510384619 -0.0819279179 0.9965745807 -0.0112678688 -0.2511039674 -0.0096993493 0.9679115415
72.0 -500.0 2097.1 0.9548066258 -0.1425026506 0.2608396113 0.1069532111 0.9835139513 0.1458126009 -0.2773180604 -0.1113252118 0.9543067813
60.2 570.0 1959.6 0 0 0 0 0 0 0 0 0
76.1 373.4 1971.2 0 0 0 0 0 0 0 0 0
-93.2 -847.3 2166.9 0 0 0 0 0 0 0 0 0
125.2 -867.0 2138.6 0 0 0 0 0 0 0 0 0
44.2 477.5 2043.1 0 0.9662640691 0.0924383700 0.2403931916 -0.1185544431 0.9882451296 0.0965215564 -0.2286451161 -0.1217649877 0.9658647180
25.5 277.7 2067.7 0.9662640691 0.0924383700 0.2403931916 -0.1185544431 0.9882451296 0.0965215564 -0.2286451161 -0.1217649877 0.9658647180
22.2 84.9 2090.3 0.9703564048 0.0171717238 0.2410675883 -0.0445812121 0.9930731654 0.1087117866 -0.2375309765 -0.1162362620 0.9644004107
-107.0 283.8 2100.2 0.2856494784 0.1678478122 -0.9435207844 -0.9117749929 0.3507467508 -0.2136423141 0.2950774729 0.9213054776 0.2532300651
-180.8 519.4 2023.9 -0.9434920549 0.1678478122 -0.2857444286 -0.2137340754 0.3507467508 0.9117535353 0.2532597482 0.9213054776 -0.2950519919
158.1 271.6 2035.3 0.0148233892 0.8127679825 0.5823988914 -0.7782083750 0.3751064241 -0.5036733747 -0.6278311610 -0.4457615614 0.6380631924
161.0 121.8 1914.4 -0.3150633574 0.8127679825 -0.4900441468 0.9266058803 0.3751064241 0.0263954476 0.2052720934 -0.4457615614 -0.8712978959
-70.2 -103.6 2133.0 0.9444350600 -0.0386779830 -0.3264144361 -0.0136671327 0.9875730872 -0.1565649211 0.3284137547 0.1523265541 0.9321700931
-55.2 -487.0 2073.8 0.9449571371 0.0998742804 -0.3115784824 -0.0087692486 0.9596625566 0.2810176313 0.3270766139 -0.2628172934 0.9077157974
103.8 -112.5 2091.1 0.9636965394 0.0784249753 0.2552224398 -0.0792941600 0.9968273640 -0.0068985177 -0.2549537420 -0.0135895722 0.9668577313
73.3 -499.5 2096.4 0.9551100135 -0.1340896636 0.2641681433 0.0982766524 0.9846180081 0.1444613039 -0.2794754803 -0.1120148823 0.9535964131
58.5 573.6 1959.7 0 0 0 0 0 0 0 0 0
75.3 373.7 1970.2 0 0 0 0 0 0 0 0 0
-92.5 -845.1 2171.9 0 0 0 0 0 0 0 0 0
123.4 -867.0 2138.2 0 0 0 0 0 0 0 0 0
42.4 476.0 2045.0 1 0.9683254957 0.0928404704 0.2317894399 -0.1144019291 0.9900977612 0.0813547298 -0.2219412029 -0.1052950174 0.9693580866
23.8 277.5 2066.2 0.9683254957 0.0928404704 0.2317894399 -0.1144019291 0.9900977612 0.0813547298 -0.2219412029 -0.1052950174 0.9693580866
21.3 84.8 2089.8 0.9722475410 0.0128941536 0.2335988879 -0.0408613011 0.9924919009 0.1152829006 -0.2303585261 -0.1216286719 0.9654747248
-109.0 283.1 2097.6 0.2810141742 0.1710172147 -0.9443432093 -0.9169156551 0.3383826017 -0.2115724981 0.2833667696 0.9253379703 0.2518986762
-180.9 517.5 2025.2 -0.9401627183 0.1710172147 -0.2946983874 -0.2248657197 0.3383826017 0.9137464762 0.2559871674 0.9253379703 -0.2796787918
156.6 271.9 2034.7 0.0246611200 0.8168001175 0.5763934851 -0.7816206813 0.3752191961 -0.4982767105 -0.6232663393 -0.4382329881 0.6476811767
161.4 122.0 1915.2 -0.3158961833 0.8168001175 -0.4827496409 0.9264950156 0.3752191961 0.0285921302 0.2044909894 -0.4382329881 -0.8752915263
-68.1 -103.8 2134.1 0.9425461292 -0.0351028927 -0.3322266936 -0.0175155234 0.9879040718 -0.1540739536 0.3336165547 0.1510409266 0.9305303097
-54.4 -487.3 2075.5 0.9433439374 0.1024336144 -0.3156098127 -0.0102912458 0.9597320557 0.2807283998 0.3316569030 -0.2615754306 0.9064115882
105.8 -111.8 2091.6 0.9657335877 0.0810086280 0.2465689331 -0.0777388960 0.9967088103 -0.0229832381 -0.2476192564 0.0030276892 0.9688526988
74.4 -498.7 2090.4 0.9579967260 -0.1260701418 0.2575821280 0.0834328160 0.9818613529 0.1702565104 -0.2743742168 -0.1416143775 0.9511383772
57.7 574.5 1960.2 0 0 0 0 0 0 0 0 0
75.5 373.9 1970.8 0 0 0 0 0 0 0 0 0
-92.7 -845.5 2173.1 0 0 0 0 0 0 0 0 0
121.4 -865.0 2143.2 0 0 0 0 0 0 0 0 0
41.6 474.3 2044.0 2 0.9699878693 0.0852615908 0.2277147770 -0.1096917987 0.9892352223 0.0968577638 -0.2170052230 -0.1189292967 0.9688986540
24.6 277.6 2067.7 0.9699878693 0.0852615908 0.2277147770 -0.1096917987 0.9892352223 0.0968577638 -0.2170052230 -0.1189292967 0.9688986540
20.6 84.9 2090.2 0.9733579755 0.0209785327 0.2283289284 -0.0468109399 0.9930137396 0.1083166823 -0.2244614363 -0.1161192060 0.9675398469
-108.3 284.0 2098.3 0.2855502069 0.1814199388 -0.9410355687 -0.9159652591 0.3404945433 -0.2122996897 0.2819020450 0.9225780368 0.2634026408
-181.2 517.7 2026.4 -0.9366995692 0.1814199388 -0.2994673550 -0.2258532792 0.3404945433 0.9127178192 0.2675521970 0.9225780368 -0.2779667974
157.6 271.2 2037.0 0.0191379152 0.8185831308 0.5740691423 -0.7712445259 0.3774727285 -0.5125389695 -0.6362512112 -0.4329387844 0.6385518312
161.3 122.0 1913.9 -0.3144362271 0.8185831308 -0.4806782007 0.9252583385 0.3774727285 0.0375678875 0.2121953517 -0.4329387844 -0.8760919571
-68.3 -104.2 2134.0 0.9403403997 -0.0206392668 -0.3396086097 -0.0294484217 0.9894753098 -0.1416736394 0.3389583528 0.1432223767 0.9298357964
-60.3 -488.3 2078.4 0.9441084862 0.0754799023 -0.3208769262 0.0091828937 0.9670309424 0.2544933558 0.3295070529 -0.2432159185 0.9122889638
105.9 -111.5 2092.7 0.9665521383 0.0875226557 0.2410741895 -0.0850135759 0.9961624742 -0.0208099261 -0.2419704050 -0.0003806992 0.9702835679
71.9 -498.2 2092.9 0.9572404623 -0.1396884322 0.2533335388 0.0982807651 0.9806407690 0.1693650782 -0.2720875442 -0.1372252852 0.9524376988
56.5 575.0 1958.5 0 0 0 0 0 0 0 0 0
75.8 373.6 1971.6 0 0 0 0 0 0 0 0 0
-88.5 -849.0 2169.2 0 0 0 0 0 0 0 0 0
124.1 -864.2 2144.1 0 0 0 0 0 0 0 0 0
43.3 471.8 2044.5 3 0.9654918313 0.0822365731 0.2471085787 -0.1070125028 0.9903070927 0.0885450095 -0.2374317348 -0.1119331941 0.9649337530
27.0 275.4 2066.7 0.9654918313 0.0822365731 0.2471085787 -0.1070125028 0.9903070927 0.0885450095 -0.2374317348 -0.1119331941 0.9649337530
21.6 83.0 2091.8 0.9681586027 0.0280902106 0.2487565279 -0.0591151789 0.9912353754 0.1181430742 -0.2432576120 -0.1290865242 0.9613336325
-105.2 283.5 2099.9 0.2988217771 0.1634667218 -0.9402043223 -0.9073787928 0.3538261056 -0.2268716991 0.2955828607 0.9209157228 0.2540571690
-181.2 514.3 2024.7 -0.9351166487 0.1634667218 -0.3143810630 -0.2418962270 0.3538261056 0.9034895301 0.2589266896 0.9209157228 -0.2913267016
159.3 267.3 2033.5 0.0088676084 0.8128975630 0.5823391676 -0.7708371878 0.3765190244 -0.5138516426 -0.6369705200 -0.4443320334 0.6299504638
160.9 121.7 1913.2 -0.3151815236 0.8128975630 -0.4897531271 0.9259532690 0.3765190244 0.0290514473 0.2080172300 -0.4443320334 -0.8713769913
-70.7 -103.7 2132.8 0.9462386370 -0.0338551514 -0.3216928542 -0.0154539514 0.9886406660 -0.1495019346 0.3231000602 0.1464359313 0.9349668026
-57.6 -487.4 2076.0 0.9475005865 0.0902073905 -0.3067658246 -0.0028654221 0.9617375135 0.2739576399 0.3197412193 -0.2586959898 0.9115053415
103.7 -112.1 2092.6 0.9624037147 0.0791688338 0.2598294318 -0.0775050148 0.9968527555 -0.0166592225 -0.2603305876 -0.0041051875 0.9655107856
73.0 -499.0 2094.2 0.9532246590 -0.1366270483 0.2696214914 0.0966338664 0.9829466343 0.1564538330 -0.2863993943 -0.1230810881 0.9501717687
56.1 575.7 1959.0 0 0 0 0 0 0 0 0 0
75.3 373.5 1969.8 0 0 0 0 0 0 0 0 0
-91.2 -846.3 2172.5 0 0 0 0 0 0 0 0 0
124.0 -865.9 2140.1 0 0 0 0 0 0 0 0 0
40.6 471.8 2038.7 4 0.9607309699 0.0623512119 0.2703855634 -0.0901426524 0.9917070270 0.0916051120 -0.2624315917 -0.1123811379 0.9583841562
28.0 271.6 2061.4 0.9607309699 0.0623512119 0.2703855634 -0.0901426524 0.9917070270 0.0916051120 -0.2624315917 -0.1123811379 0.9583841562
21.4 80.4 2093.7 0.9613069296 0.0346471630 0.2732920349 -0.0784020573 0.9854429960 0.1508482993 -0.2640872598 -0.1664381772 0.9500296116
-103.2 282.3 2097.4 0.3137089908 0.1768347025 -0.9329073429 -0.9079582691 0.3433650732 -0.2402337193 0.2778461576 0.9224044085 0.2682752311
-182.3 511.3 2027.4 -0.9292485714 0.1768347025 -0.3243864179 -0.2506298721 0.3433650732 0.9051436782 0.2714437842 0.9224044085 -0.2747514546
159.3 260.8 2025.4 0.0099715367 0.8109762669 0.5849940777 -0.7809577584 0.3716835678 -0.5019524693 -0.6245042086 -0.4518504143 0.6370444894
161.1 122.1 1914.5 -0.3149902821 0.8109762669 -0.4930503070 0.9281775951 0.3716835678 0.0183746703 0.1981601268 -0.4518504143 -0.8698067069
-70.5 -104.1 2138.6 0.9538676739 -0.0260185115 -0.2990977466 -0.0230871234 0.9869309068 -0.1594814211 0.2993382812 0.1590294838 0.9408008456
-60.4 -487.2 2076.9 0.9563689232 0.0738834143 -0.2826653123 0.0044477894 0.9637022614 0.2669423521 0.2921277881 -0.2565526068 0.9213262796
102.9 -114.7 2095.0 0.9567008018 0.0781027749 0.2803987861 -0.0765356049 0.9969294667 -0.0165524036 -0.2808305919 -0.0056247949 0.9597408772
72.6 -501.8 2097.2 0.9456349611 -0.1490693241 0.2890551090 0.1134443432 0.9841366410 0.1364018172 -0.3048030436 -0.0961946622 0.9475451112
53.5 574.9 1958.5 0 0 0 0 0 0 0 0 0
75.5 374.4 1968.4 0 0 0 0 0 0 0 0 0
-88.0 -846.8 2172.6 0 0 0 0 0 0 0 0 0
128.2 -868.9 2133.1 0 0 0 0 0 0 0 0 0
44.7 472.2 2041.3 5 0.9634050727 0.0823422819 0.2550890446 -0.1048006937 0.9916067123 0.0757161379 -0.2467133701 -0.0996788144 0.9639484882
28.0 271.2 2061.6 0.9634050727 0.0823422819 0.2550890446 -0.1048006937 0.9916067123 0.0757161379 -0.2467133701 -0.0996788144 0.9639484882
20.6 79.9 2092.9 0.9649942517 0.0386847332 0.2594023049 -0.0788314417 0.9861091375 0.1461996138 -0.2501432896 -0.1615308523 0.9546392560
-103.8 282.0 2095.7 0.3118865490 0.1640720367 -0.9358456731 -0.9086107612 0.3394607902 -0.2432959229 0.2777648568 0.9262001514 0.2549508512
-182.1 510.2 2025.9 -0.9284099936 0.1640720367 -0.3333695829 -0.2641695738 0.3394607902 0.9027628899 0.2612840235 0.9262001514 -0.2718159556
159.8 260.4 2027.4 0.0062743612 0.8124337196 0.5830197930 -0.7763326764 0.3714447618 -0.5092507601 -0.6302921176 -0.4494221210 0.6330494285
161.0 122.0 1915.1 -0.3164378107 0.8124337196 -0.4897127450 0.9283105135 0.3714447618 0.0163804535 0.1952092797 -0.4494221210 -0.8717299700
-71.3 -103.6 2149.6 0.9492099881 -0.0404090658 -0.3120376766 -0.0238851700 0.9796031713 -0.1995172203 0.3137353957 0.1968368143 0.9288839102
-55.6 -483.6 2073.3 0.9505206943 0.0971197709 -0.2950901091 -0.0116837388 0.9603810906 0.2784449756 0.3104414642 -0.2612199783 0.9139968157
100.9 -117.8 2102.4 0.9613702893 0.0736036152 0.2652350664 -0.0673902258 0.9971984029 -0.0324634463 -0.2668814063 0.0133351441 0.9636371136
72.3 -504.8 2097.2 0.9493019581 -0.1538684368 0.2741355896 0.1167763993 0.9822298884 0.1469276845 -0.2918716967 -0.1074661687 0.9504009485
53.5 577.2 1959.6 0 0 0 0 0 0 0 0 0
74.9 374.4 1968.1 0 0 0 0 0 0 0 0 0
-91.8 -842.0 2170.8 0 0 0 0 0 0 0 0 0
129.7 -871.4 2137.3 0 0 0 0 0 0 0 0 0
44.3 472.5 2044.2 6 0.9642578363 0.0818996504 0.2519905567 -0.1026795059 0.9922181368 0.0704280287 -0.2442615777 -0.0937850475 0.9651635289
27.6 269.9 2063.3 0.9642578363 0.0818996504 0.2519905567 -0.1026795059 0.9922181368 0.0704280287 -0.2442615777 -0.0937850475 0.9651635289
20.2 78.4 2093.4 0.9658734798 0.0378270522 0.2562372088 -0.0759691000 0.9871426225 0.1406347156 -0.2476228625 -0.1553014517 0.9563285708
-104.4 280.3 2097.1 0.3066253960 0.1675416678 -0.9369688630 -0.9103338122 0.3391079903 -0.2372722775 0.2779806256 0.9257081151 0.2564979792
-181.6 509.5 2027.1 -0.9221749902 0.1675416678 -0.3486016095 -0.2781170309 0.3391079903 0.8986971974 0.2687828243 0.9257081151 -0.2661207020
159.5 259.5 2029.5 0.0098678609 0.8221101165 0.5692429543 -0.7669194937 0.3715224862 -0.5232642889 -0.6416674256 -0.4314000309 0.6341584325
161.3 122.2 1914.6 -0.3156780601 0.8221101165 -0.4737956226 0.9280509949 0.3715224862 0.0263131019 0.1976579875 -0.4314000309 -0.8802416325
-73.3 -104.4 2146.6 0.9477500319 -0.0487819724 -0.3152621090 -0.0134913204 0.9812262654 -0.1923876852 0.3187285364 0.1865887344 0.9292990565
