139.8 484.9 2320.3 2 0.9792465568 -0.0560076386 0.1947802454 0.0386080928 0.9950095415 0.0920077637 -0.1989613324 -0.0825781897 0.9765220284
151.4 280.5 2337.2 0.9792465568 -0.0560076386 0.1947802454 0.0386080928 0.9950095415 0.0920077637 -0.1989613324 -0.0825781897 0.9765220284
160.3 82.4 2347.9 0.9794328213 -0.0464427210 0.1963527501 0.0349851660 0.9974983931 0.0614247546 -0.1987142861 -0.0532919876 0.9786074758
8.7 275.2 2366.2 0.3534278870 -0.8978536725 0.2625786364 0.8103966117 0.4340780377 0.3934890032 -0.4672751725 0.0737228543 0.8810328245
-66.5 102.9 2465.6 0.0001053638 -0.8978536725 -0.4402939975 -0.1672282368 0.4340780377 -0.8852180243 0.9859182239 0.0737228543 -0.1501007378
294.0 285.8 2308.3 0.1963538826 0.6382824779 0.7443391085 -0.9790607095 0.1692107320 0.1131717190 -0.0537146367 -0.7509748340 0.6581424475
338.8 62.7 2296.0 -0.7692216635 0.6382824779 0.0298917573 0.1023147181 0.1692107320 -0.9802547693 -0.6307374239 -0.7509748340 -0.1954662502
77.9 -115.1 2376.3 0.9995970130 0.0123991286 -0.0255365558 -0.0097206617 0.9946894050 0.1024624184 0.0266713854 -0.1021728888 0.9944090247
72.9 -510.4 2416.9 0.9986372590 0.0443402380 -0.0275241770 -0.0469294973 0.9936848283 -0.1019222066 0.0228311028 0.1030750051 0.9944115281
254.4 -109.7 2327.3 0.9251885414 0.0880047902 0.3691629469 -0.1142424718 0.9922049046 0.0497803129 -0.3619043827 -0.0882302672 0.9280304909
219.5 -504.0 2362.4 0.9276714325 -0.0562093258 0.3691425025 0.0407498740 0.9979400039 0.0495500825 -0.3711672723 -0.0309236869 0.9280509353
-66.5 145.2 2216.4 0 0 0 0 0 0 0 0 0
141.7 88.9 2134.5 0 0 0 0 0 0 0 0 0
58.6 -830.9 2383.6 0 0 0 0 0 0 0 0 0
240.7 -881.4 2374.1 0 0 0 0 0 0 0 0 0
137.8 483.5 2315.5 3 0.9630092382 -0.0536669828 0.2640702426 0.0265650898 0.9941011071 0.1051537618 -0.2681558132 -0.0942489952 0.9587541819
148.8 278.9 2334.9 0.9630092382 -0.0536669828 0.2640702426 0.0265650898 0.9941011071 0.1051537618 -0.2681558132 -0.0942489952 0.9587541819
156.7 80.9 2348.6 0.9633277059 -0.0394003093 0.2654190958 0.0197512619 0.9968894720 0.0762975067 -0.2675996423 -0.0682571381 0.9611094594
8.7 276.0 2373.9 0.3385394514 -0.9144595265 0.2217088193 0.8259862065 0.4016703069 0.3954841495 -0.4507080913 0.0492414497 0.8913122416
-62.4 102.6 2468.5 0.0122401016 -0.9144595265 -0.4044921994 -0.0941713601 0.4016703069 -0.9109296203 0.9954807758 0.0492414497 -0.0811994076
289.0 281.8 2296.0 0.2168414295 0.6287130117 0.7467929721 -0.9761734009 0.1459794343 0.1605474055 -0.0080781681 -0.7638127804 0.6453873515
337.9 61.8 2294.2 -0.7776108384 0.6287130117 0.0064257798 0.1099027619 0.1459794343 -0.9831639528 -0.6190660596 -0.7638127804 -0.1826124936
79.8 -119.0 2376.7 0.9988793135 0.0135860406 0.0453383476 -0.0180487726 0.9948716164 0.0995223597 -0.0437537208 -0.1002291292 0.9940018654
74.4 -514.4 2416.6 0.9978375435 0.0509328283 0.0415455773 -0.0461694263 0.9930232167 -0.1085047573 -0.0467821769 0.1063519865 0.9932274222
258.9 -112.4 2340.4 0.8972949982 0.1034546345 0.4291373491 -0.1198962405 0.9927212596 0.0113732386 -0.4248371720 -0.0616571046 0.9031676650
217.8 -506.7 2364.9 0.8999421597 -0.0694362894 0.4304447174 0.0653627217 0.9975665212 0.0242647771 -0.4310820997 0.0062981420 0.9022907019
-65.5 126.4 2216.5 0 0 0 0 0 0 0 0 0
138.2 90.0 2135.2 0 0 0 0 0 0 0 0 0
58.0 -833.7 2382.4 0 0 0 0 0 0 0 0 0
241.9 -852.5 2362.7 0 0 0 0 0 0 0 0 0
136.5 481.1 2313.6 4 0.9514476657 -0.0513453372 0.3034978807 0.0173407234 0.9933645129 0.1136938632 -0.3073216677 -0.1029108912 0.9460247159
147.0 277.2 2334.8 0.9514476657 -0.0513453372 0.3034978807 0.0173407234 0.9933645129 0.1136938632 -0.3073216677 -0.1029108912 0.9460247159
154.3 79.2 2350.0 0.9517132640 -0.0363957249 0.3048233092 0.0113183362 0.9964321256 0.0836355314 -0.3067797124 -0.0761469454 0.9487295747
8.4 275.5 2379.5 0.3509558439 -0.9146798849 0.2004761398 0.8095304370 0.4039766490 0.4259851575 -0.4706277251 0.0127895530 0.8822391629
-65.7 104.7 2478.8 0.0007998002 -0.9146798849 -0.4041782618 -0.0298341382 0.4039766490 -0.9142826796 0.9995545149 0.0127895530 -0.0269655865
285.6 278.8 2290.1 0.2256957293 0.6155991554 0.7550490499 -0.9741123319 0.1323377341 0.1832807958 0.0129060242 -0.7768682837 0.6295308471
336.4 59.9 2293.0 -0.7880249023 0.6155991554 -0.0073771467 0.1126004159 0.1323377341 -0.9847882390 -0.6052585840 -0.7768682837 -0.1736021489
76.5 -118.9 2386.6 0.9962782264 0.0034670301 0.0861257985 -0.0102854408 0.9968333244 0.0788510442 -0.0855796933 -0.0794434249 0.9931590557
75.1 -515.0 2418.2 0.9950850010 0.0525867641 0.0839074701 -0.0430641733 0.9928289652 -0.1115174443 -0.0891701058 0.1073559299 0.9902138114
252.5 -115.3 2337.8 0.8811206222 0.0814381540 0.4658264816 -0.1019029915 0.9946153760 0.0188679378 -0.4617816210 -0.0640940368 0.8846749067
220.1 -510.4 2363.2 0.8824770451 -0.0511194654 0.4675693512 0.0357767791 0.9984918833 0.0416412763 -0.4689928889 -0.0200193450 0.8829750419
-65.9 112.3 2222.7 0 0 0 0 0 0 0 0 0
134.3 88.8 2137.8 0 0 0 0 0 0 0 0 0
58.3 -831.5 2384.0 0 0 0 0 0 0 0 0 0
238.7 -874.0 2370.5 0 0 0 0 0 0 0 0 0
135.2 479.8 2311.7 5 0.9463927746 -0.0584948920 0.3176776469 0.0224636476 0.9930041432 0.1159232780 -0.3222361207 -0.1025727540 0.9410859346
147.2 275.1 2332.8 0.9463927746 -0.0584948920 0.3176776469 0.0224636476 0.9930041432 0.1159232780 -0.3222361207 -0.1025727540 0.9410859346
156.0 77.2 2348.0 0.9466529489 -0.0442960896 0.3191958964 0.0174284745 0.9960955977 0.0865437910 -0.3217831552 -0.0763638392 0.9437288642
9.1 272.6 2379.8 0.3579519987 -0.9171901345 0.1750218868 0.8150755763 0.3983711898 0.4206569195 -0.4555460513 -0.0079189287 0.8901770115
-68.2 96.4 2478.3 -0.0110599408 -0.9171901345 -0.3982963562 -0.0055871201 0.3983711898 -0.9172073007 0.9999232292 -0.0079189287 -0.0095304130
285.3 277.7 2285.9 0.2284539789 0.5987833142 0.7676374912 -0.9731640220 0.1181178987 0.1974840462 0.0275784358 -0.7921531796 0.6096988916
336.4 59.8 2292.1 -0.8006738424 0.5987833142 -0.0194925796 0.1123539358 0.1181178987 -0.9866229296 -0.5884709358 -0.7921531796 -0.1618495733
74.5 -119.8 2393.2 0.9948480129 -0.0029077632 0.1013361365 -0.0032932740 0.9981340766 0.0609717779 -0.1013243422 -0.0609913766 0.9929820895
75.6 -516.4 2417.4 0.9933037758 0.0572390184 0.1003558710 -0.0461463928 0.9929076433 -0.1095668003 -0.1059156135 0.1042020619 0.9889003038
248.6 -117.7 2337.1 0.8747838140 0.0704060346 0.4793707132 -0.0908966810 0.9956666827 0.0196382441 -0.4759108126 -0.0607524253 0.8773927689
220.6 -513.3 2361.2 0.8747507334 -0.0529619046 0.4816701710 0.0290936194 0.9979562163 0.0568936989 -0.4836989641 -0.0357542783 0.8745038509
-65.4 97.8 2220.7 0 0 0 0 0 0 0 0 0
131.3 88.6 2141.3 0 0 0 0 0 0 0 0 0
57.5 -831.6 2384.3 0 0 0 0 0 0 0 0 0
240.4 -885.7 2374.6 0 0 0 0 0 0 0 0 0
133.9 479.3 2310.2 6 0.9458021522 -0.0619893670 0.3187720180 0.0243953057 0.9924008846 0.1206039712 -0.3238258064 -0.1062909588 0.9401271343
146.7 275.3 2332.1 0.9458021522 -0.0619893670 0.3187720180 0.0243953057 0.9924008846 0.1206039712 -0.3238258064 -0.1062909588 0.9401271343
156.5 77.5 2348.2 0.9460135102 -0.0493993685 0.3203406930 0.0206236374 0.9954890013 0.0926085487 -0.3234704435 -0.0810023472 0.9427648187
8.6 272.3 2379.3 0.3566498756 -0.9194495082 0.1655700803 0.8174829483 0.3929280639 0.4211046398 -0.4522415996 -0.0148361959 0.8917720914
-69.9 92.4 2478.8 -0.0120887142 -0.9194495082 -0.3930221796 0.0094660698 0.3929280639 -0.9195204973 0.9998821020 -0.0148361959 0.0039535784
284.8 278.3 2284.9 0.2374313921 0.5922529697 0.7699758410 -0.9710088968 0.1220855713 0.2055161297 0.0277145989 -0.7964493036 0.6040698290
337.9 61.0 2291.1 -0.8055784106 0.5922529697 -0.0167279616 0.1102383584 0.1220855713 -0.9863785505 -0.5821433663 -0.7964493036 -0.1636385024
78.2 -122.3 2392.7 0.9946866632 0.0072700344 0.1026918069 -0.0148203792 0.9972251654 0.0729539394 -0.1018764749 -0.0740882456 0.9920343161
75.3 -518.5 2422.1 0.9934641123 0.0564444475 0.0992125496 -0.0437056571 0.9910437465 -0.1261827648 -0.1054462940 0.1210218892 0.9870333076
251.5 -119.1 2333.8 0.8736848235 0.0749792531 0.4806796610 -0.0993332565 0.9947303534 0.0253845043 -0.4762433469 -0.0699255317 0.8765287995
221.7 -514.3 2361.5 0.8753539324 -0.0431925654 0.4815494418 0.0287212413 0.9988880754 0.0373861641 -0.4826287925 -0.0188954268 0.8756211400
-66.8 90.0 2220.5 0 0 0 0 0 0 0 0 0
129.9 89.5 2140.7 0 0 0 0 0 0 0 0 0
57.5 -831.0 2384.0 0 0 0 0 0 0 0 0 0
238.1 -891.5 2368.7 0 0 0 0 0 0 0 0 0
134.4 478.6 2310.5 7 0.9468960762 -0.0599408969 0.3159033358 0.0220573526 0.9922651052 0.1221615449 -0.3207823336 -0.1087062955 0.9408940673
146.7 274.8 2332.8 0.9468960762 -0.0599408969 0.3159033358 0.0220573526 0.9922651052 0.1221615449 -0.3207823336 -0.1087062955 0.9408940673
155.6 77.0 2349.0 0.9471925497 -0.0448508039 0.3175132275 0.0164327081 0.9956582785 0.0916218087 -0.3202439845 -0.0815658942 0.9438171387
8.4 272.4 2379.6 0.3478612006 -0.9239625335 0.1590152234 0.8116782308 0.3816821873 0.4421505928 -0.4692238569 -0.0247378405 0.8827326894
-69.1 91.7 2484.1 -0.0184183735 -0.9239625335 -0.3820392787 0.0202019066 0.3816821873 -0.9240728021 0.9996262789 -0.0247378405 0.0116358381
285.0 277.2 2286.1 0.2452107221 0.5880945921 0.7707245946 -0.9694609642 0.1453557909 0.1975274533 0.0041355318 -0.7956233025 0.6057775617
339.4 62.1 2287.0 -0.8087443113 0.5880945921 -0.0087977089 0.1163863465 0.1453557909 -0.9825100303 -0.5765300393 -0.7956233025 -0.1860018522
79.6 -122.2 2393.9 0.9949115515 0.0151748518 0.0996027216 -0.0224185195 0.9971516132 0.0720142573 -0.0982262120 -0.0738807619 0.9924178720
73.6 -518.4 2423.3 0.9942433834 0.0505022444 0.0944966078 -0.0379160009 0.9907175899 -0.1305414736 -0.1002120897 0.1262070686 0.9869292378
253.0 -118.4 2334.6 0.8743219376 0.0849293619 0.4778578877 -0.1099281162 0.9936367273 0.0245337132 -0.4727335274 -0.0739803836 0.8780944943
219.3 -513.2 2364.0 0.8761067390 -0.0646756142 0.4777594209 0.0609118901 0.9978691936 0.0233851671 -0.4782538414 0.0086133257 0.8781794310
-64.3 86.5 2225.3 0 0 0 0 0 0 0 0 0
129.5 92.3 2137.3 0 0 0 0 0 0 0 0 0
57.5 -833.9 2383.1 0 0 0 0 0 0 0 0 0
241.6 -857.9 2361.1 0 0 0 0 0 0 0 0 0
133.1 478.3 2310.1 8 0.9495819211 -0.0618230812 0.3073631227 0.0231292695 0.9915075898 0.1279753894 -0.3126647174 -0.1144140363 0.9429476261
145.8 273.9 2333.7 0.9495819211 -0.0618230812 0.3073631227 0.0231292695 0.9915075898 0.1279753894 -0.3126647174 -0.1144140363 0.9429476261
154.7 76.1 2350.2 0.9499368072 -0.0445418544 0.3092508018 0.0164991897 0.9955564141 0.0927103162 -0.3120061159 -0.0829665586 0.9464505911
7.1 271.5 2379.3 0.3342751563 -0.9299261570 0.1532887667 0.8245171309 0.3673305809 0.4303948879 -0.4565431178 -0.0174811035 0.8895295262
-67.2 88.2 2480.8 -0.0125660598 -0.9299261570 -0.3675315380 0.0157679282 0.3673305809 -0.9299567938 0.9997966886 -0.0174811035 0.0100471117
284.6 276.3 2288.1 0.2436727732 0.5410194397 0.8049357533 -0.9695252180 0.1576058418 0.1875666082 -0.0253854021 -0.8261104226 0.5629362464
338.7 61.0 2282.5 -0.8408711553 0.5410194397 -0.0152879711 0.1192266941 0.1576058418 -0.9802781940 -0.5279400945 -0.8261104226 -0.1970301569
77.7 -122.4 2394.6 0.9957915545 0.0117867766 0.0908858180 -0.0181547496 0.9974125028 0.0695605576 -0.0898307562 -0.0709178299 0.9934289455
73.0 -518.7 2422.8 0.9949779510 0.0496283099 0.0869250447 -0.0386728868 0.9915946722 -0.1234684139 -0.0923219398 0.1194867045 0.9885340333
251.4 -119.4 2335.9 0.8799389601 0.0728859380 0.4694625139 -0.0912687033 0.9956898689 0.0164850205 -0.4662375450 -0.0573530495 0.8827984929
222.4 -515.0 2358.7 0.8807346225 -0.0431159511 0.4716435075 0.0221701171 0.9985091090 0.0498802215 -0.4730909765 -0.0334748477 0.8803774118
-64.0 84.1 2222.0 0 0 0 0 0 0 0 0 0
119.2 92.2 2144.7 0 0 0 0 0 0 0 0 0
57.2 -835.2 2384.7 0 0 0 0 0 0 0 0 0
238.1 -877.8 2370.8 0 0 0 0 0 0 0 0 0
133.1 476.6 2302.9 9 0.9459120035 -0.0565664805 0.3194538355 0.0092049055 0.9889650941 0.1478625089 -0.3242927492 -0.1369243860 0.9359946251
144.7 272.6 2331.2 0.9459120035 -0.0565664805 0.3194538355 0.0092049055 0.9889650941 0.1478625089 -0.3242927492 -0.1369243860 0.9359946251
152.6 75.1 2351.9 0.9461891055 -0.0393070988 0.3212182820 0.0034743750 0.9937726259 0.1113725752 -0.3235956728 -0.1042634845 0.9404333830
6.5 272.1 2378.4 0.3256799579 -0.9346547127 0.1426642388 0.8359444737 0.3551496267 0.4184083343 -0.4417344928 -0.0170078278 0.8969845772
-66.1 85.5 2477.0 -0.0120945601 -0.9346547127 -0.3553508818 0.0160500072 0.3551496267 -0.9346717000 0.9997980595 -0.0170078278 0.0107058370
282.9 273.1 2284.0 0.2383463532 0.5059536099 0.8289764524 -0.9707590938 0.1492517442 0.1880179346 -0.0285978243 -0.8495497704 0.5267326832
335.6 58.7 2277.6 -0.8619185686 0.5059536099 -0.0332769118 0.1254789382 0.1492517442 -0.9808052778 -0.4912753403 -0.8495497704 -0.1921293586
76.4 -123.3 2395.3 0.9946001172 0.0126384981 0.1030093506 -0.0200849175 0.9972329736 0.0715753883 -0.1018197164 -0.0732578263 0.9921018481
71.4 -519.6 2424.4 0.9941444397 0.0448738970 0.0983016714 -0.0316396281 0.9907083511 -0.1322722584 -0.1033238545 0.1283874959 0.9863269329
250.6 -120.2 2338.1 0.8742249012 0.0774894729 0.4792976081 -0.1000146866 0.9947515130 0.0215994492 -0.4751082957 -0.0668195784 0.8773866296
219.9 -515.5 2364.6 0.8753147125 -0.0645374432 0.4792276323 0.0622368678 0.9978466630 0.0207033753 -0.4795318246 0.0117036579 0.8774464130
-63.0 81.4 2218.3 0 0 0 0 0 0 0 0 0
111.0 91.4 2149.7 0 0 0 0 0 0 0 0 0
57.1 -834.8 2383.6 0 0 0 0 0 0 0 0 0
241.5 -849.7 2360.7 0 0 0 0 0 0 0 0 0
132.0 477.4 2298.9 0 0.9445728064 -0.0574054904 0.3232442737 0.0054551512 0.9872025251 0.1593780965 -0.3282567561 -0.1487808675 0.9327977896
143.9 273.2 2329.6 0.9445728064 -0.0574054904 0.3232442737 0.0054551512 0.9872025251 0.1593780965 -0.3282567561 -0.1487808675 0.9327977896
151.3 75.9 2351.7 0.9448921680 -0.0371643044 0.3252654374 -0.0012328632 0.9931247234 0.1170542836 -0.3273794055 -0.1110046804 0.9383499622
5.9 273.4 2377.4 0.2921214998 -0.9458997846 0.1412040442 0.8283735514 0.3240383863 0.4569423795 -0.4779772460 -0.0165129937 0.8782169819
-59.2 89.0 2483.8 -0.0096921213 -0.9458997846 -0.3243140876 0.0226522721 0.3240383863 -0.9457727075 0.9996964335 -0.0165129937 0.0182861611
281.9 273.0 2281.8 0.2236261666 0.4651930332 0.8564968109 -0.9739687443 0.1401012987 0.1782035232 -0.0370972678 -0.8740521073 0.4844138026
331.3 57.7 2273.6 -0.8845211864 0.4651930332 -0.0348953381 0.1124920473 0.1401012987 -0.9837261438 -0.4527336657 -0.8740521073 -0.1762530804
73.7 -122.6 2402.3 0.9942551255 0.0020112831 0.1070170403 -0.0085791787 0.9981040955 0.0609475151 -0.1066915616 -0.0615154989 0.9923874140
72.9 -519.2 2426.7 0.9934169650 0.0469516106 0.1044903025 -0.0322368331 0.9898654222 -0.1383014172 -0.1099248081 0.1340225339 0.9848626852
247.2 -122.0 2343.0 0.8741226792 0.0659661666 0.4812046885 -0.0773473084 0.9969968796 0.0038299316 -0.4795069396 -0.0405677184 0.8765999079
221.0 -518.0 2359.1 0.8731404543 -0.0541808233 0.4844482839 0.0242377333 0.9974000454 0.0678648502 -0.4868657291 -0.0475136191 0.8721836209
-56.7 83.1 2224.1 0 0 0 0 0 0 0 0 0
102.3 86.9 2156.4 0 0 0 0 0 0 0 0 0
57.9 -834.5 2384.1 0 0 0 0 0 0 0 0 0
240.4 -875.1 2376.1 0 0 0 0 0 0 0 0 0
132.1 474.8 2299.3 1 0.9502433538 -0.0552797318 0.3065643311 0.0050330274 0.9867243767 0.1623256654 -0.3114678264 -0.1527059525 0.9379065633
143.5 271.1 2330.8 0.9502433538 -0.0552797318 0.3065643311 0.0050330274 0.9867243767 0.1623256654 -0.3114678264 -0.1527059525 0.9379065633
151.1 73.9 2354.1 0.9504818916 -0.0383268632 0.3084075153 -0.0000100931 0.9923625588 0.1233554110 -0.3107798994 -0.1172501966 0.9432222843
4.6 271.1 2376.2 0.2727401555 -0.9515849948 0.1417702138 0.8162866831 0.3068726957 0.4893926680 -0.5092041492 -0.0177518949 0.8604626656
-55.4 91.3 2488.4 -0.0086451825 -0.9515849948 -0.3072641194 0.0310098231 0.3068726957 -0.9512452483 0.9994816780 -0.0177518949 0.0268555116
282.3 271.1 2285.4 0.2523409128 0.4707085788 0.8454332948 -0.9662702084 0.1690235585 0.1943011433 -0.0514389388 -0.8659471273 0.4974832237
337.8 58.6 2274.1 -0.8822386861 0.4707085788 0.0093968222 0.0797171593 0.1690235585 -0.9823829532 -0.4640043378 -0.8659471273 -0.1866426766
72.0 -121.3 2403.8 0.9959778190 -0.0054018334 0.0894370079 -0.0001235398 0.9980972409 0.0616590157 -0.0895999074 -0.0614220649 0.9940820932
74.2 -517.9 2428.2 0.9946329594 0.0532478914 0.0887129903 -0.0405732580 0.9894607067 -0.1390010566 -0.0951795280 0.1346556544 0.9863106608
245.3 -121.5 2343.7 0.8820778131 0.0648903549 0.4666132927 -0.0857323855 0.9960398078 0.0235511102 -0.4632371664 -0.0607777834 0.8841478229
219.6 -517.2 2367.9 0.8818166852 -0.0685323626 0.4665861130 0.0652895197 0.9975981712 0.0231347885 -0.4670509398 0.0100625409 0.8841731548
-53.2 83.3 2227.5 0 0 0 0 0 0 0 0 0
109.2 79.3 2153.9 0 0 0 0 0 0 0 0 0
57.1 -835.0 2385.0 0 0 0 0 0 0 0 0 0
242.3 -848.1 2364.5 0 0 0 0 0 0 0 0 0
131.3 473.8 2297.0 2 0.9412769079 -0.0634281039 0.3316242099 0.0049150833 0.9846659303 0.1743812263 -0.3375997543 -0.1625110656 0.9271550775
144.5 269.3 2330.8 0.9412769079 -0.0634281039 0.3316242099 0.0049150833 0.9846659303 0.1743812263 -0.3375997543 -0.1625110656 0.9271550775
153.4 72.4 2355.8 0.9415534139 -0.0449072346 0.3338570893 -0.0001266325 0.9910271764 0.1336605400 -0.3368637860 -0.1258908212 0.9330992699
7.0 269.3 2380.0 0.2726139426 -0.9503425956 0.1501017511 0.8169844747 0.3110530078 0.4855743051 -0.5081515312 -0.0097435368 0.8612125516
-51.8 93.2 2489.6 0.0008055503 -0.9503425956 -0.3112045228 0.0337676406 0.3110530078 -0.9497925043 0.9994294047 -0.0097435368 0.0323413946
282.0 269.3 2281.6 0.2831848860 0.4510023296 0.8464060426 -0.9580435753 0.1737532765 0.2279524356 -0.0442587547 -0.8754465580 0.4812841713
344.4 58.1 2271.8 -0.8921393752 0.4510023296 0.0261589140 0.0590136647 0.1737532765 -0.9830194116 -0.4478892386 -0.8754465580 -0.1816274375
71.5 -123.2 2405.9 0.9931096435 -0.0083643142 0.1168901846 0.0038180090 0.9992294312 0.0390637368 -0.1171268523 -0.0383482836 0.9923762679
74.9 -520.2 2421.2 0.9916374087 0.0550718755 0.1167149842 -0.0407114401 0.9916905165 -0.1220346391 -0.1224658266 0.1162624806 0.9856394529
245.8 -123.2 2348.9 0.8701612949 0.0636598319 0.4886375964 -0.0731177777 0.9973232746 0.0002759370 -0.4873120785 -0.0359682068 0.8724868298
220.6 -519.4 2363.2 0.8692088723 -0.0568819121 0.4911622703 0.0376551934 0.9980911016 0.0489514433 -0.4930091500 -0.0240542199 0.8696915507
-52.0 84.3 2226.5 0 0 0 0 0 0 0 0 0
113.6 73.3 2156.0 0 0 0 0 0 0 0 0 0
57.4 -834.6 2384.3 0 0 0 0 0 0 0 0 0
240.9 -875.5 2371.8 0 0 0 0 0 0 0 0 0
131.4 469.0 2295.9 3 0.9400252104 -0.0655723289 0.3347429931 0.0060331104 0.9843915701 0.1758888662 -0.3410516083 -0.1633204371 0.9257484674
144.9 265.6 2329.6 0.9400252104 -0.0655723289 0.3347429931 0.0060331104 0.9843915701 0.1758888662 -0.3410516083 -0.1633204371 0.9257484674
154.9 68.9 2355.4 0.9402140379 -0.0500267297 0.3368900418 0.0028075904 0.9902583957 0.1392135322 -0.3405725956 -0.1299446672 0.9311953187
7.6 265.2 2379.4 0.2802177072 -0.9477389455 0.1525415480 0.8132513762 0.3188073933 0.4868100584 -0.5100002289 -0.0123581644 0.8600854874
-52.1 91.8 2488.1 -0.0019829147 -0.9477389455 -0.3190406859 0.0328480005 0.3188073933 -0.9472501278 0.9994583726 -0.0123581644 0.0304991622
282.2 266.0 2279.9 0.2117405385 0.4052825570 0.8893323541 -0.9740509987 0.1619426459 0.1581113786 -0.0799410567 -0.8997336626 0.4290556908
328.2 54.4 2262.5 -0.9141862988 0.4052825570 0.0030843599 0.0684720576 0.1619426459 -0.9844217300 -0.3994684219 -0.8997336626 -0.1757962704
76.0 -124.5 2411.7 0.9926921725 0.0032199235 0.1206310987 -0.0078482982 0.9992502332 0.0379125737 -0.1204185784 -0.0385822617 0.9919731617
74.8 -521.6 2427.0 0.9915199280 0.0539508052 0.1182267889 -0.0375634730 0.9899007082 -0.1366949975 -0.1244075894 0.1310948133 0.9835328460
248.7 -124.6 2349.9 0.8683980107 0.0680549517 0.4911755323 -0.0739159510 0.9972363710 -0.0074889949 -0.4903277755 -0.0298022777 0.8710284233
221.6 -520.8 2361.7 0.8674370050 -0.0500123128 0.4950270355 0.0165991262 0.9972903132 0.0716690198 -0.4972700179 -0.0539513454 0.8659167290
-51.6 83.2 2223.6 0 0 0 0 0 0 0 0 0
91.3 72.2 2159.0 0 0 0 0 0 0 0 0 0
57.9 -831.7 2385.9 0 0 0 0 0 0 0 0 0
240.1 -889.1 2381.7 0 0 0 0 0 0 0 0 0
131.7 469.4 2296.8 4 0.9282851815 -0.0748702660 0.3642541170 0.0084110163 0.9834991097 0.1807172894 -0.3717739582 -0.1646934301 0.9135974050
147.1 266.4 2330.8 0.9282851815 -0.0748702660 0.3642541170 0.0084110163 0.9834991097 0.1807172894 -0.3717739582 -0.1646934301 0.9135974050
159.2 69.8 2357.4 0.9284206033 -0.0603948422 0.3665892780 0.0064365170 0.9891657233 0.1466619968 -0.3714751601 -0.1338044554 0.9187505245
11.6 265.5 2385.1 0.3029306531 -0.9414052963 0.1482871175 0.8253660798 0.3369505405 0.4530288279 -0.4764491916 -0.0148451701 0.8790766597
-52.5 90.9 2485.8 -0.0058110808 -0.9414052963 -0.3372273445 0.0278040729 0.3369505405 -0.9411117435 0.9995964766 -0.0148451701 0.0242168549
282.7 267.3 2276.6 0.1210813075 0.3109958172 0.9426669478 -0.9859981537 0.1473756284 0.0780262202 -0.1146602929 -0.9389153719 0.3244857192
309.4 49.6 2251.3 -0.9502653480 0.3109958172 -0.0166535303 0.0655276924 0.1473756284 -0.9869075418 -0.3044697940 -0.9389153719 -0.1604247838
78.6 -128.2 2412.5 0.9881672263 0.0099006947 0.1530605853 -0.0156274550 0.9992203116 0.0362572931 -0.1525822729 -0.0382202156 0.9875514507
74.7 -525.2 2427.7 0.9872917533 0.0559401065 0.1487471461 -0.0341780856 0.9888375998 -0.1450242251 -0.1551994383 0.1380973309 0.9781831503
251.0 -127.7 2350.0 0.8509004116 0.0777522996 0.5195412040 -0.0898903161 0.9959499836 -0.0018279491 -0.5175791979 -0.0451463200 0.8544434309
220.1 -523.4 2368.0 0.8504070640 -0.0663520098 0.5219244957 0.0577811524 0.9977934957 0.0327022448 -0.5229427218 0.0023471783 0.8523645997
-50.9 83.5 2220.1 0 0 0 0 0 0 0 0 0
64.6 66.5 2172.8 0 0 0 0 0 0 0 0 0
57.3 -832.6 2384.8 0 0 0 0 0 0 0 0 0
242.4 -858.3 2367.2 0 0 0 0 0 0 0 0 0
131.7 469.0 2295.8 5 0.9350802898 -0.0812037960 0.3450083435 0.0159613453 0.9820612669 0.1878852099 -0.3540763259 -0.1701809615 0.9196022749
148.5 266.6 2330.9 0.9350802898 -0.0812037960 0.3450083435 0.0159613453 0.9820612669 0.1878852099 -0.3540763259 -0.1701809615 0.9196022749
161.7 70.2 2357.9 0.9352120757 -0.0664535314 0.3477964103 0.0142031722 0.9884809256 0.1506774426 -0.3538031578 -0.1359755546 0.9253831506
11.9 264.6 2382.5 0.3015881479 -0.9408079386 0.1546771228 0.8115120530 0.3384546340 0.4763367474 -0.5004925728 -0.0181351732 0.8655508757
-52.4 91.5 2489.3 -0.0096878093 -0.9408079386 -0.3388016820 0.0266314037 0.3384546340 -0.9406057596 0.9995983839 -0.0181351732 0.0217761509
285.0 268.7 2279.2 0.0464683287 0.2531549037 0.9663091302 -0.9862470031 0.1652260423 0.0041409819 -0.1586111337 -0.9532119036 0.2573510408
295.5 47.1 2243.6 -0.9672096968 0.2531549037 -0.0204461049 0.0640505403 0.1652260423 -0.9841737151 -0.2457701713 -0.9532119036 -0.1760229468
86.1 -127.3 2418.0 0.9906410575 0.0278026052 0.1336311400 -0.0301688295 0.9994212985 0.0157146472 -0.1331169009 -0.0195990708 0.9909065366
75.0 -524.3 2425.8 0.9900838137 0.0584213175 0.1277535707 -0.0405284315 0.9895437360 -0.1384219825 -0.1345045418 0.1318717152 0.9820989370
256.3 -126.1 2349.9 0.8602534533 0.0831997618 0.5030326247 -0.0968031213 0.9953030944 0.0009268599 -0.5005928278 -0.0494924597 0.8642669320
223.2 -521.6 2369.5 0.8619477153 -0.0437376350 0.5051071048 0.0343059376 0.9990200996 0.0279640798 -0.5058352351 -0.0067754020 0.8626035452
-49.8 84.4 2222.4 0 0 0 0 0 0 0 0 0
46.5 63.6 2180.3 0 0 0 0 0 0 0 0 0
56.7 -835.5 2384.3 0 0 0 0 0 0 0 0 0
238.9 -880.1 2372.0 0 0 0 0 0 0 0 0 0
132.2 469.5 2295.3 6 0.9491633177 -0.0851861089 0.3030385375 0.0280913804 0.9817681909 0.1879949272 -0.3135281503 -0.1699251086 0.9342513084
149.7 267.4 2330.3 0.9491633177 -0.0851861089 0.3030385375 0.0280913804 0.9817681909 0.1879949272 -0.3135281503 -0.1699251086 0.9342513084
163.9 71.1 2357.2 0.9493548274 -0.0713577271 0.3059959412 0.0256813113 0.9882340431 0.1507779956 -0.3131547868 -0.1352834404 0.9400172830
11.2 263.7 2375.9 0.2908754647 -0.9414729476 0.1703530103 0.7848578095 0.3366271555 0.5202695131 -0.5471651554 -0.0176307540 0.8368389606
-51.9 93.5 2494.6 -0.0070549417 -0.9414729476 -0.3370147049 0.0326144174 0.3366271555 -0.9410730600 0.9994431138 -0.0176307540 0.0283307079
288.2 271.2 2284.6 0.1639235318 0.2537936568 0.9532669187 -0.9760569930 0.1817847639 0.1194449142 -0.1429750323 -0.9500226974 0.2775158882
324.9 52.9 2252.6 -0.9667956233 0.2537936568 0.0299167018 0.0172964483 0.1817847639 -0.9831862450 -0.2549648285 -0.9500226974 -0.1801384389
89.2 -127.5 2417.3 0.9950563312 0.0402578413 0.0907866657 -0.0418983959 0.9989899397 0.0162368193 -0.0900413021 -0.0199603643 0.9957379699
73.2 -524.4 2425.3 0.9952124357 0.0503482632 0.0837693959 -0.0389170311 0.9903658628 -0.1328944564 -0.0896533579 0.1289981604 0.9875838161
260.6 -124.9 2352.5 0.8794984221 0.0992527530 0.4654367864 -0.1142171398 0.9934478402 0.0039776922 -0.4619923830 -0.0566592328 0.8850721717
221.2 -519.7 2375.0 0.8830965757 -0.0625960231 0.4649969935 0.0709038675 0.9974830747 -0.0003795518 -0.4638028741 0.0333052650 0.8853121996
-50.0 84.7 2226.4 0 0 0 0 0 0 0 0 0
75.1 57.4 2186.7 0 0 0 0 0 0 0 0 0
57.5 -832.6 2385.1 0 0 0 0 0 0 0 0 0
242.1 -853.6 2363.8 0 0 0 0 0 0 0 0 0
133.5 468.3 2296.5 7 0.9589301348 -0.0860543475 0.2702732086 0.0348325148 0.9813814759 0.1888836771 -0.2814953923 -0.1717119515 0.9440737963
151.2 266.0 2331.9 0.9589301348 -0.0860543475 0.2702732086 0.0348325148 0.9813814759 0.1888836771 -0.2814953923 -0.1717119515 0.9440737963
165.5 69.6 2358.7 0.9592314959 -0.0715145990 0.2734238803 0.0310657565 0.9882736802 0.1494995356 -0.2809090018 -0.1349105388 0.9502048492
11.3 261.5 2372.9 0.2734426558 -0.9483339787 0.1609090865 0.7893083096 0.3168282509 0.5259394646 -0.5497468114 -0.0168074053 0.8351622224
-47.9 90.8 2491.8 -0.0052829348 -0.9483339787 -0.3172297478 0.0371985473 0.3168282509 -0.9477531910 0.9992939234 -0.0168074053 0.0336028636
291.2 270.6 2290.9 0.2398316264 0.2830478251 0.9286359549 -0.9612463713 0.2032022923 0.1863176972 -0.1359641403 -0.9373328090 0.3208130300
343.4 61.2 2261.3 -0.9550218582 0.2830478251 0.0884147510 -0.0303788725 0.2032022923 -0.9786654115 -0.2949751914 -0.9373328090 -0.1854639649
91.1 -127.7 2412.7 0.9974322319 0.0424961634 0.0576453321 -0.0441318415 0.9986497760 0.0274044387 -0.0564029180 -0.0298780650 0.9979609251
74.2 -524.5 2424.6 0.9971727729 0.0558623634 0.0502583086 -0.0489412397 0.9903410077 -0.1297281533 -0.0570197888 0.1269016862 0.9902750850
265.0 -123.0 2355.4 0.8952957392 0.1041566879 0.4331246614 -0.1068201140 0.9941107035 -0.0182573050 -0.4324754775 -0.0299207382 0.9011490941
223.7 -517.9 2367.3 0.8976082802 -0.0423046909 0.4387592673 0.0257855207 0.9987186790 0.0435436666 -0.4400391877 -0.0277715214 0.8975490332
-46.4 80.7 2221.6 0 0 0 0 0 0 0 0 0
96.5 53.4 2185.0 0 0 0 0 0 0 0 0 0
56.8 -833.8 2385.0 0 0 0 0 0 0 0 0 0
238.8 -875.2 2377.2 0 0 0 0 0 0 0 0 0
133.2 468.7 2296.1 8 0.9511895776 -0.0864408240 0.2962538600 0.0290351883 0.9807794094 0.1929473877 -0.3072382212 -0.1749277562 0.9354169965
151.0 266.6 2332.2 0.9511895776 -0.0864408240 0.2962538600 0.0290351883 0.9807794094 0.1929473877 -0.3072382212 -0.1749277562 0.9354169965
165.5 70.4 2359.9 0.9513854980 -0.0725947544 0.2993252575 0.0266102087 0.9875664115 0.1549337208 -0.3068509400 -0.1394365877 0.9414881468
12.2 262.8 2377.0 0.2781952620 -0.9542196393 0.1098738238 0.8189117312 0.2954052091 0.4920562506 -0.5019870400 -0.0469107553 0.8636019826
-47.5 87.0 2484.7 -0.0371759348 -0.9542196393 -0.2967874706 0.0384879410 0.2954052091 -0.9545964599 0.9985672832 -0.0469107553 0.0257439837
289.9 270.5 2287.4 0.2907799780 0.2911146879 0.9114270210 -0.9506662488 0.1955095977 0.2408519685 -0.1080771983 -0.9364978671 0.3336031735
352.6 65.5 2264.1 -0.9494661689 0.2911146879 0.1173295081 -0.0610097274 0.1955095977 -0.9788022041 -0.3078827560 -0.9364978671 -0.1678689271
91.8 -129.6 2411.3 0.9951376319 0.0507405438 0.0844186395 -0.0534305386 0.9981233478 0.0299154017 -0.0827422887 -0.0342804752 0.9959812164
71.6 -526.2 2424.9 0.9960910082 0.0464376993 0.0751412287 -0.0362822525 0.9906811714 -0.1312798411 -0.0805373341 0.1280403733 0.9884935021
267.5 -123.9 2359.8 0.8829506040 0.1137935892 0.4554659426 -0.1128348187 0.9931787848 -0.0293980297 -0.4557043910 -0.0254354067 0.8897677064
222.3 -518.5 2369.9 0.8860695958 -0.0573347621 0.4599928558 0.0573686026 0.9982560277 0.0139180450 -0.4599886239 0.0140567906 0.8878135085
-37.5 76.6 2213.8 0 0 0 0 0 0 0 0 0
106.6 49.7 2184.3 0 0 0 0 0 0 0 0 0
57.2 -833.5 2385.2 0 0 0 0 0 0 0 0 0
241.3 -847.9 2365.3 0 0 0 0 0 0 0 0 0
133.9 469.4 2295.5 9 0.9532678723 -0.0858086720 0.2896848023 0.0278590992 0.9796998501 0.1985246092 -0.3008393049 -0.1811767668 0.9363069534
151.6 267.4 2332.8 0.9532678723 -0.0858086720 0.2896848023 0.0278590992 0.9796998501 0.1985246092 -0.3008393049 -0.1811767668 0.9363069534
166.0 71.2 2361.1 0.9533386230 -0.0727832168 0.2929984033 0.0269813016 0.9871616364 0.1574291140 -0.3006949723 -0.1421777755 0.9430630803
12.4 263.5 2376.7 0.2871080637 -0.9556306601 0.0658711195 0.8342330456 0.2832463086 0.4731033742 -0.4707698226 -0.0808799192 0.8785409331
-49.1 84.9 2477.5 -0.0731053799 -0.9556306601 -0.2853517830 0.0379295610 0.2832463086 -0.9582968354 0.9966027141 -0.0808799192 0.0155398240
290.8 271.4 2288.9 0.2951758504 0.3170767725 0.9012954831 -0.9508126378 0.1902418584 0.2444655150 -0.0939497948 -0.9291234612 0.3576354086
355.4 63.3 2268.3 -0.9416395426 0.3170767725 0.1130365431 -0.0536142550 0.1902418584 -0.9802721739 -0.3323258162 -0.9291234612 -0.1621394306
92.7 -128.3 2415.7 0.9957605600 0.0504690707 0.0769011378 -0.0516016074 0.9985855818 0.0128107201 -0.0761458203 -0.0167246331 0.9969564080
72.7 -525.1 2422.4 0.9964932203 0.0471138731 0.0691488013 -0.0381275378 0.9913018942 -0.1259636730 -0.0744819716 0.1228854805 0.9896219373
267.1 -123.4 2359.5 0.8871291280 0.1081069484 0.4486811161 -0.1030193120 0.9940342903 -0.0358173661 -0.4498765171 -0.0144481938 0.8929738998
224.1 -518.4 2365.2 0.8887609839 -0.0411934629 0.4565161765 0.0192032401 0.9984253645 0.0527068041 -0.4579685032 -0.0380771607 0.8881525397
-29.2 74.6 2206.7 0 0 0 0 0 0 0 0 0
111.1 49.4 2182.1 0 0 0 0 0 0 0 0 0
58.1 -831.5 2384.4 0 0 0 0 0 0 0 0 0
238.8 -873.4 2378.8 0 0 0 0 0 0 0 0 0
135.3 467.5 2297.6 0 0.9686067104 -0.0782306343 0.2359681726 0.0346631184 0.9824237823 0.1834175736 -0.2461696118 -0.1694801003 0.9542939663
151.4 264.9 2332.6 0.9686067104 -0.0782306343 0.2359681726 0.0346631184 0.9824237823 0.1834175736 -0.2461696118 -0.1694801003 0.9542939663
164.8 68.5 2359.8 0.9688321948 -0.0671029836 0.2384562343 0.0316059105 0.9882290959 0.1496807188 -0.2456934005 -0.1374788731 0.9595490098
10.2 260.3 2368.4 0.3123955727 -0.9499371648 -0.0053312965 0.8471336365 0.2760394216 0.4540559351 -0.4298529625 -0.1463613957 0.8909572363
-56.6 79.3 2460.2 -0.1443905532 -0.9499371648 -0.2770754099 0.0275666211 0.2760394216 -0.9607509375 0.9891366959 -0.1463613957 -0.0136709288
292.7 269.4 2296.7 0.2418901771 0.3009933829 0.9224381447 -0.9589259028 0.2193138897 0.1798957735 -0.1481560618 -0.9280648828 0.3416802287
345.4 60.6 2264.5 -0.9467794299 0.3009933829 0.1140687242 -0.0476844050 0.2193138897 -0.9744883776 -0.3183314204 -0.9280648828 -0.1932891905
93.1 -127.4 2416.9 0.9984321594 0.0520931222 0.0204832628 -0.0523744710 0.9985369444 0.0134473499 -0.0197527800 -0.0144990664 0.9996997714
72.4 -524.2 2422.6 0.9987637401 0.0479041673 0.0132741025 -0.0459465235 0.9915544987 -0.1212791353 -0.0189717729 0.1205193028 0.9925296903
267.9 -122.4 2361.8 0.9097106457 0.1187324375 0.3979059756 -0.1134735271 0.9928579926 -0.0368337817 -0.3994374871 -0.0116437115 0.9166864753
220.7 -517.0 2366.4 0.9121425748 -0.0632933006 0.4049566388 0.0560823828 0.9979855418 0.0296591427 -0.4060181081 -0.0043424335 0.9138547182
-17.4 71.8 2191.8 0 0 0 0 0 0 0 0 0
99.6 48.2 2181.8 0 0 0 0 0 0 0 0 0
57.5 -832.8 2385.1 0 0 0 0 0 0 0 0 0
241.8 -849.6 2367.8 0 0 0 0 0 0 0 0 0
137.6 466.8 2297.7 1 0.9588969350 -0.0846068785 0.2708474696 0.0310321320 0.9800560474 0.1962834150 -0.2820526063 -0.1798105836 0.9423982501
155.1 264.7 2334.8 0.9588969350 -0.0846068785 0.2708474696 0.0310321320 0.9800560474 0.1962834150 -0.2820526063 -0.1798105836 0.9423982501
169.4 68.6 2363.4 0.9590709805 -0.0720914453 0.2738351524 0.0288474504 0.9868923426 0.1587807238 -0.2816925347 -0.1443825364 0.9485794902
15.2 260.5 2375.9 0.3052483201 -0.9522082210 -0.0110890651 0.8565265536 0.2694495618 0.4401808977 -0.4161559045 -0.1438625604 0.8978406191
-49.6 78.8 2464.1 -0.1406461746 -0.9522082210 -0.2711423337 0.0313114896 0.2694495618 -0.9625053406 0.9895646572 -0.1438625604 -0.0080819922
295.0 268.8 2293.7 0.2111451775 0.3046915531 0.9287522435 -0.9665069580 0.2068929076 0.1518540233 -0.1458836198 -0.9297087789 0.3381709456
340.7 59.5 2262.1 -0.9466712475 0.3046915531 0.1047690287 -0.0415889174 0.2068929076 -0.9774792790 -0.3195056319 -0.9297087789 -0.1831877679
89.5 -130.8 2409.6 0.9974324703 0.0415245518 0.0583451428 -0.0439743511 0.9981765151 0.0413507670 -0.0565216802 -0.0438102894 0.9974396825
73.0 -527.3 2427.0 0.9972535968 0.0547465757 0.0498810224 -0.0473091528 0.9890625477 -0.1397036910 -0.0569837503 0.1369601786 0.9889361858
266.8 -125.0 2364.6 0.8965577483 0.1109244898 0.4288122654 -0.0980061144 0.9938175082 -0.0521686636 -0.4319479167 0.0047459947 0.9018860459
222.8 -519.9 2362.8 0.8975651264 -0.0497496761 0.4380659461 0.0298893172 0.9981933832 0.0521204397 -0.4398675263 -0.0336880013 0.8974305987
-11.4 70.3 2195.7 0 0 0 0 0 0 0 0 0
94.8 48.7 2179.1 0 0 0 0 0 0 0 0 0
56.0 -834.4 2384.5 0 0 0 0 0 0 0 0 0
240.6 -876.8 2374.8 0 0 0 0 0 0 0 0 0
140.6 469.7 2297.2 2 0.9632656574 -0.0771057531 0.2572430074 0.0222357921 0.9775058031 0.2097329795 -0.2676281631 -0.1963085830 0.9433122873
156.5 267.4 2337.9 0.9632656574 -0.0771057531 0.2572430074 0.0222357921 0.9775058031 0.2097329795 -0.2676281631 -0.1963085830 0.9433122873
169.3 71.6 2369.2 0.9634187818 -0.0643637627 0.2601568401 0.0201114174 0.9853585958 0.1693042964 -0.2672448456 -0.1578788161 0.9506074190
15.9 264.5 2376.9 0.3238713145 -0.9446423650 -0.0525179617 0.8495314121 0.2659327984 0.4556052089 -0.4164177477 -0.1921731234 0.8886314034
-51.5 87.6 2463.5 -0.1874061376 -0.9446423650 -0.2693133950 0.0434389710 0.2659327984 -0.9630123377 0.9813215733 -0.1921731234 -0.0088031441
297.2 270.3 2298.9 0.1884159446 0.2865120173 0.9393669963 -0.9689093828 0.2104076892 0.1301660091 -0.1603559107 -0.9346868396 0.3172483444
338.3 58.7 2263.8 -0.9525195956 0.2865120173 0.1030402184 -0.0423661247 0.2104076892 -0.9766952991 -0.3015153706 -0.9346868396 -0.1882790476
96.0 -130.2 2417.9 0.9975122809 0.0578280985 0.0403127000 -0.0577685162 0.9983264804 -0.0026422581 -0.0403980352 0.0003068799 0.9991835952
73.0 -526.4 2417.8 0.9977195859 0.0583808906 0.0338710509 -0.0543455444 0.9924656749 -0.1098109558 -0.0400267169 0.1077198014 0.9933751822
271.6 -124.9 2366.3 0.9032232165 0.1187668145 0.4124103189 -0.1022493541 0.9928261042 -0.0619790591 -0.4168127775 0.0138122346 0.9088873863
224.4 -519.4 2360.8 0.9047335982 -0.0367729291 0.4243875742 0.0085615348 0.9976354241 0.0681925490 -0.4258917272 -0.0580626801 0.9029091597
-1.1 75.9 2199.5 0 0 0 0 0 0 0 0 0
90.9 47.7 2185.5 0 0 0 0 0 0 0 0 0
54.7 -837.5 2384.0 0 0 0 0 0 0 0 0 0
238.0 -888.3 2382.3 0 0 0 0 0 0 0 0 0
141.7 468.9 2297.5 3 0.9774561524 -0.0763049945 0.1968680322 0.0326494947 0.9758213758 0.2161173224 -0.2085988522 -0.2048175633 0.9563139081
157.5 267.1 2339.9 0.9774561524 -0.0763049945 0.1968680322 0.0326494947 0.9758213758 0.2161173224 -0.2085988522 -0.2048175633 0.9563139081
170.1 71.4 2372.3 0.9777135849 -0.0639652982 0.1999613345 0.0290513970 0.9845131040 0.1728870720 -0.2079233378 -0.1632248908 0.9644301534
15.0 262.8 2370.2 0.3179450035 -0.9456496239 -0.0682474151 0.8285529017 0.2421403080 0.5048447251 -0.4608807862 -0.2170594484 0.8605080247
-49.9 93.7 2464.2 -0.2159499377 -0.9456496239 -0.2431303412 0.0314481705 0.2421403080 -0.9697314501 0.9758978486 -0.2170594484 -0.0225512329
300.0 271.3 2309.6 0.1714602709 0.2834669650 0.9435294867 -0.9667191505 0.2329955250 0.1056749076 -0.1898828000 -0.9302470684 0.3139823973
337.6 59.1 2267.9 -0.9522750378 0.2834669650 0.1132199317 -0.0461351648 0.2329955250 -0.9713828564 -0.3017346859 -0.9302470684 -0.2087980211
93.9 -126.0 2425.0 0.9981472492 0.0569002107 -0.0215495117 -0.0572390109 0.9982410073 -0.0154452082 0.0206327699 0.0166500658 0.9996484518
71.3 -522.4 2418.4 0.9984171987 0.0493221395 -0.0270271003 -0.0520815887 0.9921958447 -0.1132912561 0.0212284084 0.1145195514 0.9931941628
270.4 -122.3 2376.1 0.9266241789 0.1202751547 0.3562323749 -0.1054607928 0.9925631881 -0.0607978739 -0.3608956039 0.0187682323 0.9324173331
222.6 -516.8 2368.6 0.9294462204 -0.0545333251 0.3649052978 0.0503772832 0.9985113740 0.0209072586 -0.3655022383 -0.0010492336 0.9308098555
7.8 85.3 2203.4 0 0 0 0 0 0 0 0 0
90.2 47.1 2189.5 0 0 0 0 0 0 0 0 0
55.8 -834.2 2382.4 0 0 0 0 0 0 0 0 0
241.1 -856.2 2369.0 0 0 0 0 0 0 0 0 0
143.2 468.2 2296.6 4 0.9781314731 -0.0738386288 0.1944395155 0.0303887110 0.9755646586 0.2176008373 -0.2057556659 -0.2069334537 0.9564743042
158.4 266.8 2339.3 0.9781314731 -0.0738386288 0.1944395155 0.0303887110 0.9755646586 0.2176008373 -0.2057556659 -0.2069334537 0.9564743042
170.9 71.3 2372.4 0.9783018827 -0.0629872307 0.1973777562 0.0279472973 0.9840793014 0.1755189449 -0.2052908093 -0.1661943346 0.9644869566
15.6 262.8 2369.3 0.2985674739 -0.9509101510 -0.0814087540 0.8230655789 0.2133656740 0.5263441801 -0.4831361473 -0.2241539955 0.8463654518
-45.7 93.5 2468.6 -0.2210341841 -0.9509101510 -0.2165959626 0.0386851504 0.2133656740 -0.9762061834 0.9744985104 -0.2241539955 -0.0103750071
301.1 270.9 2309.4 0.1681716889 0.2819015384 0.9445897341 -0.9705193043 0.2151863277 0.1085683107 -0.1726572365 -0.9350007176 0.3097791374
337.9 58.9 2271.7 -0.9534766674 0.2819015384 0.1068350449 -0.0456819311 0.2151863277 -0.9755039811 -0.2979854941 -0.9350007176 -0.1922973394
93.4 -126.9 2423.7 0.9982055426 0.0546930693 -0.0243807361 -0.0550329462 0.9983933568 -0.0134939617 0.0236035399 0.0148114907 0.9996116757
71.6 -523.5 2417.8 0.9983102083 0.0501434281 -0.0293664616 -0.0530015714 0.9929119349 -0.1063799039 0.0238240585 0.1077566072 0.9938918352
272.3 -121.5 2385.7 0.9294412136 0.1164643317 0.3501072824 -0.0912777930 0.9919596910 -0.0876604915 -0.3575016260 0.0495182537 0.9325988293
226.0 -515.6 2366.0 0.9314463139 -0.0334358364 0.3623392880 0.0191564504 0.9988943338 0.0429312065 -0.3633741140 -0.0330469795 0.9310570359
13.7 83.1 2206.7 0 0 0 0 0 0 0 0 0
90.2 47.0 2194.2 0 0 0 0 0 0 0 0 0
55.9 -834.7 2384.0 0 0 0 0 0 0 0 0 0
238.1 -875.9 2377.9 0 0 0 0 0 0 0 0 0
143.6 466.6 2296.7 5 0.9806083441 -0.0713505894 0.1825276464 0.0305587258 0.9756464958 0.2172098905 -0.1935805082 -0.2074200213 0.9589074850
158.3 265.3 2339.5 0.9806083441 -0.0713505894 0.1825276464 0.0305587258 0.9756464958 0.2172098905 -0.1935805082 -0.2074200213 0.9589074850
170.4 69.8 2372.8 0.9807966948 -0.0608140193 0.1853093058 0.0277664736 0.9840046763 0.1759653389 -0.1930463761 -0.1674408317 0.9667971134
15.1 261.2 2367.7 0.3000995219 -0.9499487281 -0.0868197307 0.8035109639 0.2026827782 0.5597230196 -0.5141113400 -0.2377332151 0.8241192102
-47.8 92.7 2475.5 -0.2356689274 -0.9499487281 -0.2050793767 0.0346207805 0.2026827782 -0.9786322713 0.9712165594 -0.2377332151 -0.0148780672
301.5 269.4 2311.3 0.1684065759 0.2800984383 0.9450841546 -0.9702644944 0.2162083685 0.1088149548 -0.1738562137 -0.9353067875 0.3081804812
338.1 58.8 2273.6 -0.9540390372 0.2800984383 0.1065568998 -0.0454531796 0.2162083685 -0.9752886295 -0.2962153256 -0.9353067875 -0.1935398579
93.8 -126.8 2424.2 0.9976043701 0.0582252331 -0.0373545289 -0.0590461083 0.9980288148 -0.0212610029 0.0360429697 0.0234157089 0.9990758896
70.6 -523.4 2414.9 0.9979709387 0.0480940938 -0.0417246819 -0.0519919172 0.9938268661 -0.0980048776 0.0367536545 0.0999753699 0.9943108559
