45.4 497.2 2254.2 0.9869630933 -0.0276154466 0.1585599929 0.0229633618 0.9992525578 0.0310974717 -0.1593002379 -0.0270509869 0.9868595004
50.9 297.1 2259.6 0.9869630933 -0.0276154466 0.1585599929 0.0229633618 0.9992525578 0.0310974717 -0.1593002379 -0.0270509869 0.9868595004
56.2 98.4 2264.1 0.9869716167 -0.0265731644 0.1586848348 0.0226480756 0.9993923903 0.0264928360 -0.1592924148 -0.0225537717 0.9869737625
-88.0 293.9 2282.1 0.1307431459 -0.9583426714 -0.2539399564 0.9912198186 0.1212579682 0.0527231358 -0.0197345894 -0.2586035132 0.9657819271
-124.0 21.1 2287.5 -0.2221826315 -0.9583426714 -0.1794829965 0.2524639666 0.1212579682 -0.9599783421 0.9417520165 -0.2586035132 0.2150055766
189.8 300.3 2237.2 0.1952536702 0.9161027670 0.3501881659 -0.9806889296 0.1864444911 0.0590562783 -0.0111890379 -0.3549566269 0.9348158240
245.5 20.6 2234.0 0.0083247917 0.9194880724 0.3930296898 -0.9636010528 0.1124070510 -0.2425647974 -0.2672147453 -0.3767045438 0.8869554400
-29.1 -103.1 2284.0 0.9804633856 0.0658682883 0.1853452772 -0.0586133748 0.9972946644 -0.0443595126 -0.1877657473 0.0326291658 0.9816716909
-55.3 -499.6 2271.0 0.9804659486 -0.0028970446 0.1966675669 -0.0521958172 0.9602090716 0.2743614018 -0.1896368116 -0.2792672515 0.9413010478
151.9 -98.8 2253.9 0.9944593310 0.0185929146 0.1034648418 -0.0110270921 0.9972547293 -0.0732217506 -0.1045422032 0.0716751367 0.9919342995
144.5 -495.3 2225.4 0.9932249188 -0.0534790866 0.1031711549 0.0210222695 0.9558539391 0.2930892110 -0.1142906994 -0.2889346182 0.9505022168
-66.9 -43.8 2045.6 0 0 0 0 0 0 0 0 0
247.7 -235.0 2163.1 0 0 0 0 0 0 0 0 0
-54.2 -866.6 2377.8 0 0 0 0 0 0 0 0 0
165.0 -860.7 2335.9 0 0 0 0 0 0 0 0 0
44.7 496.1 2254.5 0.9872238636 -0.0354187787 0.1553531289 0.0312071368 0.9990785122 0.0294664856 -0.1562536359 -0.0242418908 0.9874194264
51.8 296.1 2259.3 0.9872238636 -0.0354187787 0.1553531289 0.0312071368 0.9990785122 0.0294664856 -0.1562536359 -0.0242418908 0.9874194264
58.5 97.5 2263.4 0.9872690439 -0.0334793627 0.1554959416 0.0298964437 0.9992321730 0.0253242776 -0.1562243849 -0.0203530993 0.9875118732
-87.1 291.9 2281.3 0.1366617829 -0.9550989866 -0.2628867328 0.9904405475 0.1267190576 0.0544954464 -0.0187357869 -0.2678211331 0.9632864594
-124.2 23.1 2286.4 -0.2283355594 -0.9550989866 -0.1888087690 0.2612230778 0.1267190576 -0.9569246769 0.9378834367 -0.2678211331 0.2205594182
190.8 300.4 2237.4 0.1917709708 0.9178958535 0.3474061787 -0.9813726544 0.1834794432 0.0569470674 -0.0114704156 -0.3518557250 0.9359839559
245.5 20.4 2234.1 0.0113588823 0.9211286902 0.3890924752 -0.9635447860 0.1141029745 -0.2419957668 -0.2673058510 -0.3721592426 0.8888447881
-29.1 -102.3 2283.2 0.9809725881 0.0639666319 0.1833059341 -0.0585282631 0.9976744056 -0.0349320546 -0.1851141155 0.0235388074 0.9824351072
-54.5 -499.0 2273.9 0.9809615016 0.0093130423 0.1939788461 -0.0597584061 0.9648603201 0.2558779418 -0.1847794950 -0.2625983059 0.9470473528
152.0 -98.2 2254.0 0.9946262836 0.0229913127 0.1009452567 -0.0153791253 0.9970234036 -0.0755498111 -0.1023817733 0.0735913813 0.9920192957
142.9 -494.6 2224.7 0.9930899739 -0.0573822483 0.1023698226 0.0249332823 0.9555573463 0.2937490344 -0.1146762148 -0.2891668081 0.9503851533
-65.2 -44.4 2044.2 0 0 0 0 0 0 0 0 0
248.5 -235.2 2163.2 0 0 0 0 0 0 0 0 0
-58.1 -867.7 2374.2 0 0 0 0 0 0 0 0 0
164.8 -859.9 2335.3 0 0 0 0 0 0 0 0 0
46.0 495.7 2254.6 0.9887455702 -0.0351172686 0.1454266757 0.0314443298 0.9991276860 0.0274790935 -0.1462648213 -0.0225969888 0.9889873266
53.1 295.7 2259.2 0.9887455702 -0.0351172686 0.1454266757 0.0314443298 0.9991276860 0.0274790935 -0.1462648213 -0.0225969888 0.9889873266
59.8 97.0 2263.1 0.9887782335 -0.0337520801 0.1455281675 0.0304980483 0.9992336631 0.0245341565 -0.1462447345 -0.0198205151 0.9890498519
-86.1 291.4 2279.7 0.1350304484 -0.9545367956 -0.2657560706 0.9906269312 0.1244741753 0.0562531762 -0.0206159595 -0.2708610296 0.9623976946
-122.5 24.7 2285.3 -0.2309713066 -0.9545367956 -0.1884456724 0.2655842602 0.1244741753 -0.9560183883 0.9360113740 -0.2708610296 0.2247599810
192.2 300.0 2238.6 0.1925510168 0.9208738208 0.3389919102 -0.9811510444 0.1864207387 0.0508910716 -0.0163308661 -0.3424014151 0.9394118190
246.7 22.2 2234.0 0.0122040445 0.9245833755 0.3807842731 -0.9638422132 0.1122548431 -0.2416754067 -0.2661939263 -0.3640665412 0.8925224543
-25.4 -103.9 2281.8 0.9814239144 0.0820576102 0.1734174043 -0.0770015344 0.9963917732 -0.0356963910 -0.1757208258 0.0216798875 0.9842013121
-58.1 -500.0 2273.2 0.9817835689 -0.0039786836 0.1899608970 -0.0467382185 0.9640033245 0.2617500722 -0.1841643602 -0.2658603787 0.9462566972
155.7 -98.4 2253.1 0.9951635003 0.0370994695 0.0909570754 -0.0300903060 0.9965571165 -0.0772558376 -0.0935100690 0.0741452649 0.9928536415
141.0 -494.6 2223.6 0.9926772714 -0.0703064799 0.0982286334 0.0382175036 0.9541933537 0.2967396379 -0.1145918295 -0.2908126414 0.9498929977
-62.7 -44.1 2043.1 0 0 0 0 0 0 0 0 0
250.0 -233.4 2163.3 0 0 0 0 0 0 0 0 0
-56.5 -868.5 2374.8 0 0 0 0 0 0 0 0 0
167.9 -859.4 2334.8 0 0 0 0 0 0 0 0 0
44.9 492.7 2255.2 0.9874455333 -0.0385246053 0.1531900913 0.0349719487 0.9990547299 0.0258195195 -0.1540399790 -0.0201380122 0.9878593683
52.6 292.9 2259.2 0.9874455333 -0.0385246053 0.1531900913 0.0349719487 0.9990547299 0.0258195195 -0.1540399790 -0.0201380122 0.9878593683
60.1 94.3 2262.8 0.9874647260 -0.0376490541 0.1532839537 0.0344681330 0.9991328120 0.0233575590 -0.1540304124 -0.0177813526 0.9879060984
-86.4 288.0 2280.9 0.1253126860 -0.9553511143 -0.2675835192 0.9921007156 0.1191062406 0.0393690616 -0.0057404111 -0.2704032362 0.9627300501
-119.4 27.1 2282.4 -0.2303305864 -0.9553511143 -0.1850730181 0.2730157077 0.1191062406 -0.9546078444 0.9340290427 -0.2704032362 0.2333920598
191.6 297.7 2237.6 0.2026712000 0.9164687991 0.3449773490 -0.9791273475 0.1951587498 0.0567689911 -0.0152983377 -0.3492822051 0.9368926883
248.7 21.5 2233.2 0.0129740108 0.9205343723 0.3904460669 -0.9622074366 0.1177160516 -0.2455601245 -0.2720082998 -0.3725042045 0.8872722983
-24.2 -104.4 2280.5 0.9803304076 0.0785714611 0.1810490787 -0.0723559931 0.9965483546 -0.0406932868 -0.1836214960 0.0267928839 0.9826318026
-55.5 -500.6 2269.8 0.9804751873 0.0057477108 0.1965587884 -0.0605605021 0.9598149061 0.2740215063 -0.1870850623 -0.2805749774 0.9414227605
157.2 -98.8 2253.6 0.9944719672 0.0347179547 0.0990970656 -0.0268668327 0.9964735508 -0.0794898793 -0.1015073285 0.0763880312 0.9918977618
143.4 -495.0 2223.3 0.9929819107 -0.0545411035 0.1049387977 0.0221472308 0.9573691487 0.2880170941 -0.1161739379 -0.2836716771 0.9518581629
-60.1 -43.1 2042.2 0 0 0 0 0 0 0 0 0
252.2 -233.7 2161.1 0 0 0 0 0 0 0 0 0
-57.7 -867.5 2377.1 0 0 0 0 0 0 0 0 0
164.2 -861.0 2331.7 0 0 0 0 0 0 0 0 0
46.3 494.2 2255.5 0.9879544973 -0.0333992653 0.1510973424 0.0300568100 0.9992514849 0.0243518762 -0.1517975777 -0.0195170399 0.9882189035
53.0 294.3 2259.4 0.9879544973 -0.0333992653 0.1510973424 0.0300568100 0.9992514849 0.0243518762 -0.1517975777 -0.0195170399 0.9882189035
59.5 95.6 2262.7 0.9879645705 -0.0326662362 0.1511916816 0.0297519714 0.9993261099 0.0214980636 -0.1517920494 -0.0167410746 0.9882706404
-86.0 290.1 2280.8 0.1197678894 -0.9584432244 -0.2589250505 0.9928007126 0.1152156666 0.0327429362 -0.0015500243 -0.2609825432 0.9653422832
-117.4 29.9 2281.2 -0.2213821113 -0.9584432244 -0.1799346954 0.2766194642 0.1152156666 -0.9540476799 0.9351319075 -0.2609825432 0.2396173775
192.1 298.4 2238.0 0.2010397762 0.9174947739 0.3432001770 -0.9794292450 0.1944761574 0.0538268276 -0.0173584186 -0.3469616175 0.9377186894
249.0 21.0 2233.1 0.0164401811 0.9213792086 0.3883170187 -0.9607353210 0.1221415773 -0.2491367757 -0.2769790888 -0.3689740002 0.8872095346
-23.1 -107.5 2280.4 0.9796465039 0.0901874900 0.1793290377 -0.0852793306 0.9957453609 -0.0349088460 -0.1817143857 0.0189052708 0.9831696153
-58.9 -503.4 2272.9 0.9799212813 -0.0202234592 0.1983564496 -0.0353084691 0.9615182281 0.2724627554 -0.1962334812 -0.2739957273 0.9414981604
158.1 -101.2 2252.2 0.9948510528 0.0295175165 0.0969542637 -0.0230056774 0.9974466562 -0.0676084235 -0.0987023413 0.0650298148 0.9929898977
146.4 -497.8 2226.3 0.9940699935 -0.0397613607 0.1012118980 0.0103442082 0.9611086845 0.2759766579 -0.1082488373 -0.2732931674 0.9558206201
-60.2 -41.6 2039.5 0 0 0 0 0 0 0 0 0
253.4 -233.8 2159.7 0 0 0 0 0 0 0 0 0
-51.2 -870.8 2377.6 0 0 0 0 0 0 0 0 0
161.6 -865.1 2330.8 0 0 0 0 0 0 0 0 0
47.2 495.3 2254.1 0.9883840084 -0.0325924270 0.1484411806 0.0286682490 0.9991826415 0.0284998082 -0.1492487192 -0.0239132047 0.9885104895
53.7 295.2 2258.9 0.9883840084 -0.0325924270 0.1484411806 0.0286682490 0.9991826415 0.0284998082 -0.1492487192 -0.0239132047 0.9885104895
60.2 96.6 2263.1 0.9883713126 -0.0325160846 0.1485422254 0.0290570650 0.9992550611 0.0253981091 -0.1492574215 -0.0207865611 0.9885798693
-85.4 291.1 2279.9 0.1276695728 -0.9560040832 -0.2641149759 0.9918166995 0.1231656373 0.0336139798 0.0003947880 -0.2662451267 0.9639052749
-119.1 28.7 2279.8 -0.2264508903 -0.9560040832 -0.1864838600 0.2671106756 0.1231656373 -0.9557625651 0.9366813302 -0.2662451267 0.2274679095
192.9 299.3 2237.9 0.1981441528 0.9190582633 0.3406916261 -0.9801008105 0.1899912208 0.0574954934 -0.0118867103 -0.3453045487 0.9384154081
249.1 21.3 2234.5 -0.0027378732 0.9222215414 0.3866522014 -0.9581902027 0.1082099304 -0.2648812830 -0.2861188352 -0.3712115586 0.8833674192
-24.6 -105.8 2280.0 0.9809970260 0.0804153830 0.1765735447 -0.0758694708 0.9965925813 -0.0323584601 -0.1785740107 0.0183470100 0.9837554097
-56.6 -502.0 2272.7 0.9812213182 -0.0111649316 0.1925617903 -0.0416377075 0.9625248313 0.2679780424 -0.1883374602 -0.2709635794 0.9439850450
156.7 -100.4 2252.1 0.9951703548 0.0278345216 0.0941341743 -0.0213826243 0.9973967075 -0.0688666552 -0.0958059803 0.0665212199 0.9931747913
145.6 -496.9 2225.7 0.9941214323 -0.0461649746 0.0979355872 0.0166879166 0.9590660334 0.2826903164 -0.1069770828 -0.2793941796 0.9541985393
-60.5 -40.4 2037.3 0 0 0 0 0 0 0 0 0
248.3 -232.9 2158.7 0 0 0 0 0 0 0 0 0
-52.3 -869.9 2376.3 0 0 0 0 0 0 0 0 0
163.2 -863.5 2332.5 0 0 0 0 0 0 0 0 0
48.7 495.0 2253.5 0.9895623922 -0.0330863036 0.1402554810 0.0290549900 0.9991064668 0.0306940824 -0.1411457211 -0.0262985881 0.9896394610
55.3 294.9 2258.7 0.9895623922 -0.0330863036 0.1402554810 0.0290549900 0.9991064668 0.0306940824 -0.1411457211 -0.0262985881 0.9896394610
61.5 96.2 2263.2 0.9896083474 -0.0311373323 0.1403772980 0.0276245717 0.9992562532 0.0269036908 -0.1411106139 -0.0227462538 0.9897325039
-84.0 291.0 2278.6 0.1254722774 -0.9643404484 -0.2330325991 0.9920579195 0.1240457296 0.0208273474 0.0088220434 -0.2337950766 0.9722458720
-117.4 27.1 2276.2 -0.1991630346 -0.9643404484 -0.1743030995 0.2416484207 0.1240457296 -0.9624025822 0.9497053027 -0.2337950766 0.2083260268
194.6 298.8 2238.9 0.1913858056 0.9228399396 0.3342722356 -0.9814204574 0.1846515685 0.0521315038 -0.0136148566 -0.3380388319 0.9410336614
248.6 21.6 2235.0 -0.0117563065 0.9251266718 0.3794765472 -0.9526681900 0.1049323604 -0.2853288054 -0.3037846386 -0.3648696542 0.8801051378
-24.0 -104.8 2280.9 0.9825726748 0.0796174482 0.1679643989 -0.0745952129 0.9965634942 -0.0360113159 -0.1702543050 0.0228543933 0.9851350784
-55.7 -501.0 2271.8 0.9828849435 -0.0036620311 0.1841842383 -0.0465075597 0.9624847174 0.2673205137 -0.1782534420 -0.2713112831 0.9458413720
157.4 -99.4 2253.5 0.9957309365 0.0341720954 0.0857447386 -0.0282225776 0.9971712232 -0.0696641579 -0.0878827497 0.0669468194 0.9938786626
143.8 -495.9 2226.9 0.9940366149 -0.0581410602 0.0922544524 0.0308659133 0.9614236355 0.2733347118 -0.1045875847 -0.2688571811 0.9574848413
-65.3 -36.0 2027.9 0 0 0 0 0 0 0 0 0
245.5 -231.1 2154.5 0 0 0 0 0 0 0 0 0
-54.3 -868.9 2375.5 0 0 0 0 0 0 0 0 0
166.0 -863.4 2329.6 0 0 0 0 0 0 0 0 0
50.0 495.0 2253.6 0.9918620586 -0.0308420509 0.1235249788 0.0271863211 0.9991441965 0.0311724432 -0.1243806928 -0.0275605749 0.9918517470
56.2 294.8 2259.1 0.9918620586 -0.0308420509 0.1235249788 0.0271863211 0.9991441965 0.0311724432 -0.1243806928 -0.0275605749 0.9918517470
62.3 96.1 2263.6 0.9918459058 -0.0307129808 0.1236868724 0.0277112853 0.9992799759 0.0259165876 -0.1243937835 -0.0222777389 0.9919828176
-83.4 290.9 2276.6 0.1175998747 -0.9637661576 -0.2394265234 0.9930585027 0.1135812551 0.0305637848 -0.0022619746 -0.2413588464 0.9704332948
-114.1 31.2 2277.2 -0.2112463862 -0.9637661576 -0.1628795862 0.2275065184 0.1135812551 -0.9671298265 0.9505870342 -0.2413588464 0.1952694505
195.8 298.7 2241.6 0.1974638700 0.9269440174 0.3190341890 -0.9801628590 0.1923282146 0.0478608906 -0.0169949140 -0.3221562505 0.9465339780
251.5 22.4 2236.8 -0.0366320722 0.9281836152 0.3703151345 -0.9388865829 0.0949525461 -0.3308715820 -0.3422719538 -0.3598044217 0.8679808378
-23.1 -105.0 2280.7 0.9844979048 0.0875268206 0.1519965678 -0.0840422362 0.9960339069 -0.0292130075 -0.1539506614 0.0159860123 0.9879491925
-57.9 -501.0 2274.4 0.9850431085 -0.0196783710 0.1711807400 -0.0275332797 0.9627162814 0.2691082656 -0.1700941026 -0.2697964311 0.9477752447
158.5 -99.9 2254.8 0.9970555902 0.0339791998 0.0687430650 -0.0285872333 0.9965469837 -0.0779541805 -0.0711545199 0.0757594779 0.9945840836
145.0 -496.1 2224.7 0.9957601428 -0.0512133762 0.0764129907 0.0267005116 0.9558382034 0.2926779687 -0.0880274847 -0.2893967927 0.9531530142
-59.1 -28.1 2029.5 0 0 0 0 0 0 0 0 0
241.7 -226.3 2146.2 0 0 0 0 0 0 0 0 0
-50.4 -869.0 2377.5 0 0 0 0 0 0 0 0 0
164.5 -861.4 2335.3 0 0 0 0 0 0 0 0 0
49.8 495.8 2253.7 0.9921939969 -0.0322010070 0.1204746515 0.0286945365 0.9991158247 0.0307283625 -0.1213576123 -0.0270315316 0.9922407269
56.3 295.6 2259.1 0.9921939969 -0.0322010070 0.1204746515 0.0286945365 0.9991158247 0.0307283625 -0.1213576123 -0.0270315316 0.9922407269
63.0 96.9 2263.6 0.9921229482 -0.0338417068 0.1206101328 0.0308448430 0.9991694093 0.0266289599 -0.1214111224 -0.0226990022 0.9923427105
-83.3 291.3 2276.2 0.0992262661 -0.9652816653 -0.2416309267 0.9949007034 0.1006519273 0.0064678001 0.0180773698 -0.2410405576 0.9703466892
-109.5 29.2 2271.4 -0.2183527499 -0.9652816653 -0.1433646828 0.1955421418 0.1006519273 -0.9755164981 0.9560781121 -0.2410405576 0.1667756140
195.9 299.9 2242.0 0.1923045069 0.9287482500 0.3169316649 -0.9811685085 0.1879228503 0.0446471646 -0.0180927292 -0.3195492327 0.9473969340
251.5 16.3 2236.8 -0.0586280189 0.9275965691 0.3689544499 -0.9181139469 0.0950105637 -0.3847593665 -0.3919560313 -0.3612999022 0.8460690379
-22.6 -105.1 2279.4 0.9847428799 0.0894735679 0.1492512226 -0.0864298046 0.9958982468 -0.0267698113 -0.1510342211 0.0134616271 0.9884368777
-58.1 -501.1 2274.1 0.9852769971 -0.0249153841 0.1691403985 -0.0222571380 0.9622115493 0.2713917792 -0.1695106775 -0.2711606622 0.9474903941
159.4 -100.0 2256.6 0.9971641302 0.0364579409 0.0658366531 -0.0310060009 0.9961488247 -0.0820129812 -0.0685731322 0.0797390789 0.9944543242
144.9 -496.1 2224.9 0.9957543612 -0.0540150329 0.0745359138 0.0309946928 0.9591944814 0.2810432911 -0.0866750032 -0.2775398791 0.9567962289
-52.5 -21.9 2021.8 0 0 0 0 0 0 0 0 0
235.9 -227.6 2132.7 0 0 0 0 0 0 0 0 0
-48.6 -868.9 2377.7 0 0 0 0 0 0 0 0 0
165.6 -862.7 2331.0 0 0 0 0 0 0 0 0 0
50.2 497.0 2253.2  0.9924969673 -0.0357571654 0.1169237643 0.0320396274 0.9989243150 0.0335215777 -0.1179966256 -0.0295238718 0.9925749898
57.4 296.0 2259.2 0.9924969673 -0.0357571654 0.1169237643 0.0320396274 0.9989243150 0.0335215777 -0.1179966256 -0.0295238718 0.9925749898
64.7 97.4 2263.5 0.9924232364 -0.0368641354 0.1172057688 0.0340690576 0.9990873933 0.0257629678 -0.1180485263 -0.0215746779 0.9927734137
-82.3 291.2 2275.8 0.1125303805 -0.9538769722 -0.2783084512 0.9935356379 0.1122314557 0.0170599893 0.0149618313 -0.2784291208 0.9603402615
-111.5 33.6 2271.9 -0.2590800226 -0.9538769722 -0.1516450644 0.1607501209 0.1122314557 -0.9805934429 0.9523848891 -0.2784291208 0.1242589206
197.0 300.8 2242.6 0.1833648235 0.9307539463 0.3163455129 -0.9825943708 0.1832732707 0.0303179082 -0.0297591649 -0.3163985610 0.9481594563
250.8 12.8 2233.8 -0.0685907900 0.9284819961 0.3649883568 -0.9053142071 0.0957867205 -0.4138007760 -0.4191675782 -0.3588120639 0.8339978456
-21.3 -104.5 2279.3 0.9849275947 0.0879641846 0.1489291638 -0.0898018703 0.9959436655 0.0056468151 -0.1478283256 -0.0189358201 0.9888317585
-56.2 -500.3 2286.8 0.9867692590 -0.0032321457 0.1620987058 -0.0265211742 0.9831163883 0.1810492873 -0.1599470675 -0.1829529256 0.9700232744
160.8 -98.9 2257.0 0.9973641634 0.0359736197 0.0630131960 -0.0311567131 0.9966343045 -0.0758246481 -0.0655287951 0.0736615062 0.9951280951
146.5 -495.1 2227.7 0.9963713884 -0.0461611524 0.0715070814 0.0253125262 0.9628464580 0.2688604593 -0.0812612474 -0.2660748363 0.9605211020
-43.9 -8.4 2023.3 0 0 0 0 0 0 0 0 0
232.5 -228.5 2122.1 0 0 0 0 0 0 0 0 0
-55.1 -837.5 2349.6 0 0 0 0 0 0 0 0 0
164.1 -863.2 2329.4 0 0 0 0 0 0 0 0 0
50.6 496.0 2253.5  0.9932164550 -0.0342632495 0.1111177355 0.0311236717 0.9990692139 0.0298675410 -0.1120376661 -0.0262065399 0.9933583140
57.5 295.4 2258.8 0.9932164550 -0.0342632495 0.1111177355 0.0311236717 0.9990692139 0.0298675410 -0.1120376661 -0.0262065399 0.9933583140
64.5 96.8 2262.6 0.9931637645 -0.0349943154 0.1113605648 0.0326438360 0.9992055297 0.0228612572 -0.1120721027 -0.0190697350 0.9935171008
-82.3 290.8 2274.5 0.0875948370 -0.9602891803 -0.2648996115 0.9961450696 0.0856950730 0.0187433772 0.0047015292 -0.2655202746 0.9640938044
-104.9 34.1 2273.3 -0.2539952397 -0.9602891803 -0.1154603139 0.1253170669 0.0856950730 -0.9884088039 0.9590526819 -0.2655202746 0.0985744894
197.3 300.0 2243.0 0.1822940409 0.9325519204 0.3116341531 -0.9825658798 0.1845459789 0.0225174408 -0.0365121514 -0.3103058934 0.9499353170
251.0 10.7 2232.2 -0.0919592008 0.9281423092 0.3606874049 -0.8950273395 0.0817134976 -0.4384620786 -0.4364282191 -0.3631457090 0.8231983781
-19.0 -104.3 2278.6 0.9846858382 0.0990044847 0.1434986293 -0.1010761857 0.9948526025 0.0072016041 -0.1420470029 -0.0215956122 0.9896243215
-58.4 -499.8 2287.2 0.9871496558 -0.0125532588 0.1593048424 -0.0182896759 0.9814828038 0.1906750351 -0.1587485522 -0.1911384165 0.9686408043
163.1 -98.1 2256.9 0.9973255992 0.0461266227 0.0566917509 -0.0411830135 0.9954888821 -0.0854739398 -0.0603786334 0.0829106122 0.9947262406
144.7 -493.9 2224.0 0.9960389137 -0.0556262173 0.0693698972 0.0346510187 0.9613006115 0.2733138502 -0.0818887353 -0.2698274851 0.9594203234
-38.8 1.5 2023.8 0 0 0 0 0 0 0 0 0
226.4 -228.4 2115.7 0 0 0 0 0 0 0 0 0
-53.8 -855.7 2356.5 0 0 0 0 0 0 0 0 0
166.0 -861.3 2327.1 0 0 0 0 0 0 0 0 0
51.6 494.2 2253.1  0.9933527112 -0.0288240500 0.1114431545 0.0254404340 0.9991747141 0.0316658057 -0.1122639105 -0.0286201499 0.9932661653
57.3 293.9 2258.9 0.9933527112 -0.0288240500 0.1114431545 0.0254404340 0.9991747141 0.0316658057 -0.1122639105 -0.0286201499 0.9932661653
63.1 95.2 2263.1 0.9933252335 -0.0289628133 0.1116516888 0.0263899155 0.9993525743 0.0244536661 -0.1122876480 -0.0213439651 0.9934464693
-82.5 290.2 2274.7 0.0998163819 -0.9480633736 -0.3020142019 0.9942318797 0.1070028692 -0.0073005324 0.0392377526 -0.2995434403 0.9532754421
-107.4 41.4 2264.9 -0.2895039618 -0.9480633736 -0.1317700297 0.0998456851 0.1070028692 -0.9892326593 0.9519549608 -0.2995434403 0.0636822805
197.1 297.6 2243.1 0.1870456934 0.9312857389 0.3126032352 -0.9814587831 0.1907225996 0.0190670080 -0.0418636687 -0.3103736043 0.9496924281
251.6 12.0 2230.9 -0.1020112932 0.9259161949 0.3636933565 -0.8959532976 0.0733524784 -0.4380492270 -0.4322746992 -0.3705382049 0.8220949173
-19.7 -104.9 2276.6 0.9844441414 0.1013990417 0.1434849799 -0.1034055948 0.9946175218 0.0065774648 -0.1420457363 -0.0213122964 0.9896306396
-60.0 -500.3 2285.1 0.9867306352 -0.0241212342 0.1605642289 -0.0088006193 0.9795040488 0.2012321651 -0.1621272862 -0.1999749988 0.9662943482
162.5 -98.9 2256.1 0.9973202348 0.0473978780 0.0557300225 -0.0419272855 0.9945424795 -0.0955369696 -0.0599541254 0.0929443464 0.9938645959
143.7 -494.3 2219.1 0.9956084490 -0.0623420551 0.0698372871 0.0385120586 0.9527105093 0.3014291823 -0.0853264332 -0.2974158823 0.9509275556
-32.2 15.4 2017.4 0 0 0 0 0 0 0 0 0
224.3 -227.1 2115.5 0 0 0 0 0 0 0 0 0
-51.0 -865.1 2359.6 0 0 0 0 0 0 0 0 0
167.5 -858.3 2332.8 0 0 0 0 0 0 0 0 0
51.2 493.5 2253.5  0.9937416911 -0.0268267207 0.1084331498 0.0234315917 0.9991981983 0.0324648097 -0.1092171296 -0.0297208726 0.9935734868
56.5 293.2 2259.4 0.9937416911 -0.0268267207 0.1084331498 0.0234315917 0.9991981983 0.0324648097 -0.1092171296 -0.0297208726 0.9935734868
61.5 94.5 2264.0 0.9937666655 -0.0251382273 0.1086086407 0.0224707481 0.9994167089 0.0257151164 -0.1091917232 -0.0231143087 0.9937519431
-83.3 290.0 2274.8 0.0612465441 -0.9546108842 -0.2914908826 0.9941360950 0.0844179392 -0.0675797611 0.0891194344 -0.2856425941 0.9541834593
-98.5 44.0 2252.7 -0.2810055912 -0.9546108842 -0.0987620205 0.0627317727 0.0844179392 -0.9944537878 0.9576537013 -0.2856425941 0.0361625217
196.4 296.4 2244.1 0.1864349842 0.9316568971 0.3118612468 -0.9810346365 0.1936715990 0.0078999549 -0.0530386195 -0.3074195087 0.9500948191
250.7 10.6 2228.6 -0.1036658958 0.9259580970 0.3631184697 -0.8803119659 0.0845052004 -0.4668079913 -0.4629300237 -0.3680496216 0.8063716888
-22.3 -105.9 2277.7 0.9854437113 0.0967555493 0.1397819817 -0.0979619175 0.9951885939 0.0017594273 -0.1389392018 -0.0154271265 0.9901807308
-60.7 -501.6 2283.8 0.9873282313 -0.0231036432 0.1570007503 -0.0106744682 0.9774355292 0.2109641135 -0.1583321542 -0.2099667192 0.9648030400
160.0 -101.1 2257.1 0.9978481531 0.0392081328 0.0525522865 -0.0345350467 0.9956045151 -0.0870572701 -0.0557346456 0.0850550458 0.9948161840
144.4 -496.9 2223.3 0.9963651896 -0.0569298826 0.0633667037 0.0362331420 0.9564661384 0.2895852923 -0.0770941600 -0.2862367332 0.9550523758
-25.7 27.8 2004.9 0 0 0 0 0 0 0 0 0
223.2 -223.4 2105.6 0 0 0 0 0 0 0 0 0
-52.0 -870.4 2363.0 0 0 0 0 0 0 0 0 0
166.2 -862.4 2332.7 0 0 0 0 0 0 0 0 0
51.0 494.5 2254.1  0.9946346283 -0.0258114208 0.1001785845 0.0225432608 0.9991804361 0.0336195491 -0.1009642482 -0.0311808158 0.9944013357
56.1 294.2 2260.4 0.9946346283 -0.0258114208 0.1001785845 0.0225432608 0.9991804361 0.0336195491 -0.1009642482 -0.0311808158 0.9944013357
61.0 95.5 2264.8 0.9946510196 -0.0242562536 0.1004042774 0.0218892042 0.9994574785 0.0246102437 -0.1009467542 -0.0222808346 0.9946423173
-83.8 291.1 2274.6 0.0218580253 -0.9609055519 -0.2760123014 0.9913395047 0.0565900430 -0.1185054407 0.1294920892 -0.2710316181 0.9538205862
-89.3 44.1 2242.3 -0.2689623535 -0.9609055519 -0.0657252744 0.0415869243 0.0565900430 -0.9975309968 0.9622524381 -0.2710316181 0.0247405134
196.1 297.3 2246.2 0.1858901531 0.8379192948 0.5131628513 -0.9802972674 0.1936626881 0.0388841704 -0.0667987019 -0.5102803707 0.8574100137
250.8 8.8 2226.5 -0.1182649881 0.8379192948 0.5328270793 -0.8482956886 0.1936626881 -0.4928379059 -0.5161471367 -0.5102803707 0.6878997684
-24.6 -106.2 2278.6 0.9872424006 0.0897565410 0.1315150112 -0.0905224159 0.9958944321 -0.0001556392 -0.1309890300 -0.0117514031 0.9913141727
-60.3 -502.2 2283.3 0.9887750149 -0.0226499382 0.1476853788 -0.0094522182 0.9769803882 0.2131196856 -0.1491128653 -0.2121233791 0.9657996893
157.7 -102.1 2258.6 0.9984365702 0.0345798284 0.0439157411 -0.0301647261 0.9947784543 -0.0974980965 -0.0470579006 0.0960209593 0.9942663312
144.0 -497.6 2220.4 0.9968221784 -0.0584946908 0.0540736765 0.0390709676 0.9505721927 0.3080356419 -0.0694193840 -0.3049440384 0.9498368502
-20.7 33.5 1997.0 0 0 0 0 0 0 0 0 0
219.5 -216.2 2089.6 0 0 0 0 0 0 0 0 0
-51.7 -873.3 2363.9 0 0 0 0 0 0 0 0 0
166.3 -860.9 2337.0 0 0 0 0 0 0 0 0 0
49.5 492.2 2254.5  0.9938197136 -0.0285148919 0.1072814688 0.0250272341 0.9991180301 0.0337167606 -0.1081482768 -0.0308234226 0.9936568141
55.2 292.0 2260.6 0.9938197136 -0.0285148919 0.1072814688 0.0250272341 0.9991180301 0.0337167606 -0.1081482768 -0.0308234226 0.9936568141
60.5 93.3 2265.0 0.9938412309 -0.0267824009 0.1075281873 0.0242489167 0.9993982911 0.0248001311 -0.1081276909 -0.0220399518 0.9938926697
-84.7 288.6 2275.8 0.0021100857 -0.9679223299 -0.2512407303 0.9897102118 0.0379667878 -0.1379574388 0.1430708915 -0.2483644187 0.9580427408
-85.2 46.6 2240.9 -0.2475137562 -0.9679223299 -0.0431659855 0.0257425942 0.0379667878 -0.9989473820 0.9685423374 -0.2483644187 0.0155195296
195.1 295.4 2245.4 0.1886405647 0.8500311375 0.4917944670 -0.9797720909 0.1969647557 0.0353777334 -0.0667940006 -0.4885201454 0.8699923158
250.4 7.9 2225.8 -0.1349320859 0.8500311375 0.5091565251 -0.8150818944 0.1969647557 -0.5448361635 -0.5634135604 -0.4885201454 0.6662681103
-25.5 -105.2 2278.5 0.9865211248 0.0866527930 0.1388067454 -0.0877293199 0.9961429834 0.0016444147 -0.1381288767 -0.0137996720 0.9903181195
-59.9 -501.3 2284.0 0.9877362847 -0.0243675429 0.1542181075 -0.0096799629 0.9762881398 0.2162586153 -0.1558309942 -0.2150993049 0.9640793204
157.1 -101.2 2260.0 0.9983108044 0.0270690471 0.0514087006 -0.0221069045 0.9952554703 -0.0947515517 -0.0537296236 0.0934550092 0.9941726923
146.3 -496.9 2222.8 0.9971619844 -0.0482725911 0.0577735715 0.0302380435 0.9595648050 0.2798590064 -0.0689470023 -0.2773177922 0.9583011866
-22.7 40.1 1996.3 0 0 0 0 0 0 0 0 0
214.8 -207.4 2077.0 0 0 0 0 0 0 0 0 0
-50.6 -873.3 2365.9 0 0 0 0 0 0 0 0 0
164.7 -863.5 2328.8 0 0 0 0 0 0 0 0 0
49.2 492.1 2253.6  0.9928534627 -0.0254790932 0.1165884733 0.0213006157 0.9990901947 0.0369463973 -0.1174237654 -0.0341989510 0.9924928546
54.3 291.7 2260.5 0.9928534627 -0.0254790932 0.1165884733 0.0213006157 0.9990901947 0.0369463973 -0.1174237654 -0.0341989510 0.9924928546
59.3 93.0 2265.6 0.9928341508 -0.0252350532 0.1168057770 0.0220615026 0.9993536472 0.0283832606 -0.1174465343 -0.0256029591 0.9927490950
-85.4 288.6 2277.0 -0.0026966259 -0.9711668491 -0.2383855879 0.9843707085 0.0393992513 -0.1716451198 0.1760882735 -0.2351226509 0.9558819532
-84.8 51.8 2234.6 -0.2352589369 -0.9711668491 -0.0385771506 0.0012068548 0.0393992513 -0.9992228150 0.9719319940 -0.2351226509 -0.0080969688
194.0 294.8 2243.9 0.1886763573 0.8693762422 0.4567123353 -0.9801481962 0.1955571473 0.0326639935 -0.0609160624 -0.4538086951 0.8890145421
248.0 14.5 2226.5 -0.1292804033 0.8693762422 0.4769397378 -0.7963639498 0.1955571473 -0.5723301768 -0.5908392072 -0.4538086951 0.6670582294
-25.4 -107.6 2279.3 0.9857234359 0.0832388327 0.1463579834 -0.0820689499 0.9965279698 -0.0140241105 -0.1470171809 0.0018124481 0.9891322851
-58.4 -503.8 2278.6 0.9863340259 -0.0229986906 0.1631448269 -0.0187192708 0.9681541920 0.2496538311 -0.1636910737 -0.2492960244 0.9544929266
157.0 -103.2 2259.5 0.9978231788 0.0267597549 0.0602725297 -0.0207351912 0.9949257970 -0.0984514132 -0.0626012310 0.0969873443 0.9933149219
146.4 -498.8 2220.9 0.9966626763 -0.0481204577 0.0659388229 0.0262092128 0.9536439776 0.2997936606 -0.0773083642 -0.2970649600 0.9517225623
-26.0 51.5 1991.9 0 0 0 0 0 0 0 0 0
213.9 -195.7 2070.6 0 0 0 0 0 0 0 0 0
-49.7 -873.1 2373.7 0 0 0 0 0 0 0 0 0
164.8 -863.2 2334.4 0 0 0 0 0 0 0 0 0
48.8 491.7 2253.7  0.9929934144 -0.0227795672 0.1159534678 0.0185532030 0.9991281629 0.0373986177 -0.1167043000 -0.0349852741 0.9925503135
53.4 291.2 2260.7 0.9929934144 -0.0227795672 0.1159534678 0.0185532030 0.9991281629 0.0373986177 -0.1167043000 -0.0349852741 0.9925503135
57.9 92.5 2266.0 0.9929733872 -0.0227031931 0.1161395609 0.0194319766 0.9993840456 0.0292215049 -0.1167314500 -0.0267593563 0.9928029776
-86.4 288.5 2277.1 0.0126850735 -0.9664341211 -0.2566011548 0.9818302989 0.0606302992 -0.1798144877 0.1893366575 -0.2496578097 0.9496434331
-89.4 54.7 2232.1 -0.2503609955 -0.9664341211 -0.0576577932 -0.0041698646 0.0606302992 -0.9981516004 0.9681435823 -0.2496578097 -0.0192093626
193.2 294.0 2244.3 0.1906071901 0.8784830570 0.4381055236 -0.9797040224 0.1984359920 0.0283401739 -0.0620395392 -0.4346155822 0.8984767199
246.7 18.8 2226.9 -0.1272084862 0.8784830570 0.4605274796 -0.7796863914 0.1984359920 -0.5938958526 -0.6131126881 -0.4346155822 0.6596985459
-26.8 -107.7 2281.4 0.9864347577 0.0767981112 0.1450809538 -0.0747566819 0.9970115423 -0.0194788557 -0.1461433321 0.0083688498 0.9892280102
-57.3 -504.0 2278.1 0.9868949056 -0.0199103281 0.1601312757 -0.0197528191 0.9699894190 0.2423434407 -0.1601507813 -0.2423305511 0.9568843246
155.4 -103.6 2259.9 0.9979349375 0.0250821989 0.0591334440 -0.0188860409 0.9944911003 -0.1031054929 -0.0613937974 0.1017757729 0.9929111004
145.5 -499.0 2219.4 0.9966498017 -0.0506322533 0.0642299652 0.0288870651 0.9526400566 0.3027251363 -0.0765156895 -0.2998555303 0.9509111643
-26.7 55.7 1989.9 0 0 0 0 0 0 0 0 0
213.1 -186.9 2065.1 0 0 0 0 0 0 0 0 0
-49.7 -874.5 2370.6 0 0 0 0 0 0 0 0 0
164.8 -863.1 2334.0 0 0 0 0 0 0 0 0 0
48.1 492.5 2253.7  0.9944275618 -0.0260084588 0.1021634862 0.0221308209 0.9989977479 0.0389071815 -0.1030730084 -0.0364294127 0.9940064549
53.3 292.0 2261.1 0.9944275618 -0.0260084588 0.1021634862 0.0221308209 0.9989977479 0.0389071815 -0.1030730084 -0.0364294127 0.9940064549
58.5 93.3 2266.5 0.9944012761 -0.0260744058 0.1024023518 0.0231397245 0.9992896914 0.0297426227 -0.1031051353 -0.0272065401 0.9942983389
-86.6 288.7 2275.6 0.0340786465 -0.9503725171 -0.3092421591 0.9822130799 0.0890166909 -0.1653284281 0.1846513152 -0.2981075048 0.9365019202
-94.7 56.8 2232.0 -0.3008725643 -0.9503725171 -0.0791692361 -0.0191397648 0.0890166909 -0.9958462119 0.9534722567 -0.2981075048 -0.0449725837
193.3 295.2 2246.5 0.1850923896 0.8764325380 0.4445298910 -0.9794020653 0.2016615570 0.0102065615 -0.0806992203 -0.4372626543 0.8957058787
246.2 15.2 2223.5 -0.1328509897 0.8764325380 0.4628354013 -0.7715671659 0.2016615570 -0.6033380032 -0.6221211553 -0.4372626543 0.6494356394
-28.7 -107.9 2282.1 0.9884465337 0.0737192258 0.1324347556 -0.0734240264 0.9972754121 -0.0071177990 -0.1325986534 -0.0026883301 0.9911661744
-58.0 -504.4 2283.1 0.9891743064 -0.0178075284 0.1456608474 -0.0145741068 0.9757808447 0.2182644010 -0.1460198164 -0.2180244178 0.9649578333
153.5 -104.4 2260.6 0.9988361001 0.0141094895 0.0461238921 -0.0099370573 0.9959399104 -0.0894701853 -0.0471990034 0.0889077187 0.9949209094
147.9 -500.3 2225.3 0.9980465770 -0.0398353972 0.0481262729 0.0253626294 0.9623584747 0.2705973983 -0.0570940822 -0.2688482106 0.9614889026
-19.2 61.6 1992.9 0 0 0 0 0 0 0 0 0
211.3 -187.7 2059.9 0 0 0 0 0 0 0 0 0
-51.2 -877.1 2366.4 0 0 0 0 0 0 0 0 0
163.2 -868.0 2328.0 0 0 0 0 0 0 0 0 0
46.9 491.6 2253.8  0.9941451550 -0.0308975168 0.1035411060 0.0268578492 0.9988312125 0.0401850380 -0.1046617106 -0.0371688679 0.9938130379
53.1 291.0 2261.2 0.9941451550 -0.0308975168 0.1035411060 0.0268578492 0.9988312125 0.0401850380 -0.1046617106 -0.0371688679 0.9938130379
59.0 92.4 2266.6 0.9941508174 -0.0296635870 0.1038469449 0.0266703144 0.9991911650 0.0300950464 -0.1046556756 -0.0271493848 0.9941378832
-86.8 287.3 2276.0 0.0196636226 -0.9456036091 -0.3247262537 0.9799743295 0.0825982615 -0.1811845154 0.1981505603 -0.3146606386 0.9282914400
-91.4 57.5 2229.5 -0.3181259632 -0.9456036091 -0.0680416375 -0.0324780121 0.0825982615 -0.9960535765 0.9474920034 -0.3146606386 -0.0569879748
193.1 294.8 2246.5 0.1842653602 0.8888345361 0.4195466936 -0.9794443846 0.2016940862 0.0028721204 -0.0820672512 -0.4114518762 0.9077292085
246.1 13.0 2222.9 -0.1327951252 0.8888345361 0.4385642409 -0.7460075021 0.2016940862 -0.6346591711 -0.6525628567 -0.4114518762 0.6362932324
-27.5 -107.5 2281.3 0.9880173802 0.0776273012 0.1334003508 -0.0763300508 0.9969725013 -0.0148190288 -0.1341468394 0.0044590025 0.9909514189
-58.4 -503.9 2279.6 0.9887568951 -0.0126368226 0.1489970237 -0.0245226268 0.9692288041 0.2449370325 -0.1475074291 -0.2458369881 0.9580217600
154.9 -103.3 2262.4 0.9986485839 0.0201011170 0.0479270220 -0.0155463740 0.9954901934 -0.0935818776 -0.0495919809 0.0927103162 0.9944573641
146.9 -499.0 2225.6 0.9974041581 -0.0498412922 0.0519696288 0.0326676816 0.9563894868 0.2902619541 -0.0641702414 -0.2878107429 0.9555349946
-11.6 65.7 1991.9 0 0 0 0 0 0 0 0 0
211.3 -182.5 2051.9 0 0 0 0 0 0 0 0 0
-53.6 -874.1 2373.5 0 0 0 0 0 0 0 0 0
166.0 -864.5 2335.5 0 0 0 0 0 0 0 0 0
48.7 493.5 2253.3  0.9937879443 -0.0271468926 0.1079286188 0.0227042530 0.9988520145 0.0421807803 -0.1089497954 -0.0394683145 0.9932634234
54.1 292.7 2261.2 0.9937879443 -0.0271468926 0.1079286188 0.0227042530 0.9988520145 0.0421807803 -0.1089497954 -0.0394683145 0.9932634234
59.1 94.0 2267.2 0.9938208461 -0.0248469040 0.1081791595 0.0214389842 0.9992400408 0.0325525813 -0.1089057848 -0.0300321840 0.9935982823
-85.8 289.7 2276.5 0.0139196627 -0.9372910261 -0.3482696414 0.9762127399 0.0881077647 -0.1981053054 0.2163675874 -0.3372277021 0.9162218571
-89.1 56.6 2224.9 -0.3421264291 -0.9372910261 -0.0665958226 -0.0477072559 0.0881077647 -0.9949678779 0.9384420514 -0.3372277021 -0.0748595819
194.0 295.7 2245.9 0.1833398491 0.8922377229 0.4126721621 -0.9799782038 0.1990412474 0.0050329175 -0.0776482224 -0.4053324461 0.9108657241
246.9 13.0 2223.5 -0.1439231932 0.8922377229 0.4280162752 -0.7254570127 0.1990412474 -0.6588585973 -0.6730514169 -0.4053324461 0.6186335087
-26.3 -108.7 2281.6 0.9877366424 0.0746743158 0.1371135265 -0.0729761198 0.9971823096 -0.0173777398 -0.1380248368 0.0071586170 0.9904028773
-56.0 -505.2 2278.8 0.9883870482 -0.0060776039 0.1518357545 -0.0313809663 0.9694976211 0.2430834770 -0.1486817747 -0.2450253069 0.9580481648
156.1 -103.8 2262.4 0.9984564185 0.0208968408 0.0514601283 -0.0157174263 0.9949560761 -0.0990722999 -0.0532708652 0.0981105492 0.9937487245
147.8 -499.4 2223.4 0.9973232150 -0.0475585274 0.0555389710 0.0293889642 0.9562423229 0.2910961211 -0.0669528171 -0.2886846960 0.9550803304
-3.8 68.5 1991.1 0 0 0 0 0 0 0 0 0
209.5 -175.2 2048.9 0 0 0 0 0 0 0 0 0
-53.7 -875.7 2372.4 0 0 0 0 0 0 0 0 0
166.0 -864.9 2333.7 0 0 0 0 0 0 0 0 0
48.7 493.5 2253.5  0.9941518903 -0.0298098065 0.1037946790 0.0255545639 0.9987870455 0.0420881771 -0.1049234197 -0.0391896144 0.9937078357
54.7 292.8 2261.4 0.9941518903 -0.0298098065 0.1037946790 0.0255545639 0.9987870455 0.0420881771 -0.1049234197 -0.0391896144 0.9937078357
60.3 94.1 2267.4 0.9941745400 -0.0280835107 0.1040588468 0.0247729514 0.9991492033 0.0329715200 -0.1048962772 -0.0302016027 0.9940244555
-85.2 289.3 2276.2 0.0342256241 -0.9155538678 -0.4007364213 0.9701225162 0.1268003136 -0.2068428546 0.2401892692 -0.3816841245 0.8925392628
-93.4 56.7 2218.6 -0.3899956346 -0.9155538678 -0.0983081087 -0.0479282700 0.1268003136 -0.9907696843 0.9195685387 -0.3816841245 -0.0933324769
194.6 296.2 2246.6 0.1852560788 0.8866605163 0.4236901104 -0.9792512655 0.2026067823 0.0041747973 -0.0821408629 -0.4156724811 0.9057976007
247.0 19.5 2223.4 -0.1530492604 0.8866605163 0.4363588691 -0.7196643353 0.2026067823 -0.6641036868 -0.6772437692 -0.4156724811 0.6070891619
-27.2 -106.6 2283.1 0.9877420664 0.0806604996 0.1336394548 -0.0799414366 0.9967416525 -0.0107465480 -0.1340708286 -0.0000685119 0.9909717441
-59.3 -502.9 2283.2 0.9884499907 -0.0252924599 0.1494219005 -0.0107777370 0.9717460275 0.2357827276 -0.1511636525 -0.2346698642 0.9602497816
155.2 -102.7 2263.2 0.9987075925 0.0179957189 0.0475316159 -0.0125228371 0.9935130477 -0.1130264401 -0.0492572747 0.1122851372 0.9924544096
148.0 -497.7 2218.5 0.9976061583 -0.0469952784 0.0507288799 0.0293361414 0.9519169331 0.3049483299 -0.0626208112 -0.3027301431 0.9510168433
4.3 68.7 1988.2 0 0 0 0 0 0 0 0 0
207.3 -167.4 2047.6 0 0 0 0 0 0 0 0 0
-49.6 -874.2 2372.9 0 0 0 0 0 0 0 0 0
166.0 -861.5 2334.2 0 0 0 0 0 0 0 0 0
47.9 494.1 2254.2  0.9945079088 -0.0334562063 0.0991701260 0.0294526219 0.9987016320 0.0415639728 -0.1004319414 -0.0384148769 0.9942020774
54.7 293.3 2261.9 0.9945079088 -0.0334562063 0.0991701260 0.0294526219 0.9987016320 0.0415639728 -0.1004319414 -0.0384148769 0.9942020774
61.1 94.7 2267.9 0.9945138693 -0.0324662924 0.0994391888 0.0292725433 0.9990129471 0.0334103294 -0.1004257426 -0.0303161982 0.9944825768
-85.3 289.2 2276.0 0.0427653939 -0.9149771333 -0.4012331367 0.9733990431 0.1286372393 -0.1895963401 0.2250898331 -0.3824517727 0.8961390853
-95.5 58.1 2222.6 -0.3882712722 -0.9149771333 -0.1098286211 -0.0226968154 0.1286372393 -0.9914319515 0.9212656021 -0.3824517727 -0.0707132071
194.6 297.5 2247.7 0.1878768504 0.8759111166 0.4443894625 -0.9784271121 0.2064848393 0.0066640526 -0.0859225690 -0.4360547066 0.8958089352
247.3 23.4 2223.7 -0.1639266312 0.8759111166 0.4537706077 -0.7226603031 0.2064848393 -0.6596409082 -0.6714835167 -0.4360547066 0.5991378427
-25.3 -106.8 2283.0 0.9891360998 0.0719085038 0.1282143444 -0.0694089979 0.9973028302 -0.0238632169 -0.1295845062 0.0147047406 0.9914593697
-53.9 -503.3 2277.2 0.9897587895 -0.0010034469 0.1427464038 -0.0340530016 0.9694465399 0.2429276258 -0.1386287659 -0.2453006953 0.9594840407
157.1 -102.2 2263.8 0.9987586737 0.0238725413 0.0437169634 -0.0191472545 0.9942365885 -0.1054846123 -0.0459831916 0.1045166105 0.9934595227
147.6 -497.5 2222.2 0.9976974130 -0.0463063195 0.0495540835 0.0300930738 0.9570290446 0.2884264886 -0.0607806630 -0.2862711251 0.9562188983
1.8 63.8 1991.8 0 0 0 0 0 0 0 0 0
204.7 -164.4 2049.2 0 0 0 0 0 0 0 0 0
-53.5 -873.7 2370.9 0 0 0 0 0 0 0 0 0
165.3 -863.3 2331.7 0 0 0 0 0 0 0 0 0
45.3 494.3 2255.0  0.9926138520 -0.0381602310 0.1151589900 0.0334873311 0.9985459447 0.0422438420 -0.1166035831 -0.0380754545 0.9924483895
53.0 293.7 2262.6 0.9926138520 -0.0381602310 0.1151589900 0.0334873311 0.9985459447 0.0422438420 -0.1166035831 -0.0380754545 0.9924483895
60.3 95.1 2268.5 0.9926300049 -0.0367304720 0.1154840440 0.0330560245 0.9988894463 0.0335741416 -0.1165889874 -0.0295092557 0.9927417636
-86.7 289.1 2279.0 0.0007836551 -0.9289129972 -0.3702971935 0.9609720707 0.1031401977 -0.2566997707 0.2766442895 -0.3556440771 0.8927403092
-86.9 53.6 2211.2 -0.3598779440 -0.9289129972 -0.0872265995 -0.0252161957 0.1031401977 -0.9943471551 0.9326585531 -0.3556440771 -0.0605415367
192.7 298.4 2246.2 0.1917686164 0.8721432090 0.4501011074 -0.9781175256 0.2075409591 0.0145896021 -0.0806901976 -0.4430496097 0.8928583860
247.6 18.2 2223.1 -0.1781674773 0.8721432090 0.4556562006 -0.7086589932 0.2075409591 -0.6743361354 -0.6826850176 -0.4430496097 0.5810750723
-23.7 -106.6 2283.1 0.9863051176 0.0795768872 0.1444637775 -0.0770470276 0.9967613816 -0.0230320264 -0.1458287388 0.0115860999 0.9892420173
-55.3 -502.8 2278.5 0.9870541096 -0.0076524359 0.1602049470 -0.0310039427 0.9709174037 0.2373987436 -0.1573624462 -0.2392923981 0.9581107497
158.8 -101.2 2264.7 0.9978067279 0.0276543442 0.0601407960 -0.0208451077 0.9935975671 -0.1110377610 -0.0628264248 0.1095405892 0.9919947982
147.8 -496.2 2221.2 0.9968205094 -0.0443729311 0.0661805719 0.0229465533 0.9552637339 0.2948637903 -0.0763038769 -0.2924076617 0.9532446861
4.6 60.0 1974.3 0 0 0 0 0 0 0 0 0
201.3 -166.1 2045.5 0 0 0 0 0 0 0 0 0
-52.4 -873.9 2370.0 0 0 0 0 0 0 0 0 0
164.8 -861.4 2332.9 0 0 0 0 0 0 0 0 0
47.5 493.6 2255.9  0.9941407442 -0.0362938866 0.1018178686 0.0321482047 0.9985974431 0.0420667045 -0.1032018289 -0.0385469645 0.9939132333
54.8 292.9 2263.6 0.9941407442 -0.0362938866 0.1018178686 0.0321482047 0.9985974431 0.0420667045 -0.1032018289 -0.0385469645 0.9939132333
61.6 94.3 2269.3 0.9941805005 -0.0341488495 0.1021712273 0.0310211778 0.9990048409 0.0320463702 -0.1031638980 -0.0286904052 0.9942505360
-85.1 288.5 2278.1 -0.0166965723 -0.9285658002 -0.3707921207 0.9509450793 0.0998254791 -0.2928111255 0.3089088798 -0.3574918807 0.8813483119
-81.0 51.8 2201.2 -0.3612013757 -0.9285658002 -0.0854348987 -0.0213341452 0.0998254791 -0.9947762489 0.9322437644 -0.3574918807 -0.0558672585
194.7 297.3 2249.1 0.1818663031 0.8747669458 0.4491185546 -0.9785140753 0.2061140388 -0.0052169082 -0.0971332192 -0.4385200441 0.8934569359
247.2 14.9 2221.1 -0.1861619949 0.8747669458 0.4473550320 -0.6925925016 0.2061140388 -0.6912544370 -0.6968926787 -0.4385200441 0.5674864054
-23.5 -106.5 2285.0 0.9883039594 0.0782218724 0.1309068650 -0.0753607824 0.9967994094 -0.0266766604 -0.1325745881 0.0164994057 0.9910356998
-54.6 -502.8 2278.5 0.9891046882 -0.0013276575 0.1472076625 -0.0350859016 0.9690179229 0.2444855869 -0.1429714561 -0.2469867617 0.9584136605
