172.4 511.3 2304.8 0 0.9980818033 0.0457324162 0.0417283811 -0.0538225248 0.9740496874 0.2198416591 -0.0305916257 -0.2216658890 0.9746426940
161.1 270.1 2359.6 0.9980818033 0.0457324162 0.0417283811 -0.0538225248 0.9740496874 0.2198416591 -0.0305916257 -0.2216658890 0.9746426940
164.9 71.8 2347.8 0.9990954399 -0.0191379599 0.0379735008 0.0213452615 0.9980533123 -0.0586000606 -0.0367780961 0.0593576096 0.9975590706
15.1 267.0 2365.0 0.7724984884 -0.6160884500 -0.1538868248 0.2874517143 0.5553472638 -0.7803594470 0.5662310719 0.5585914850 0.6061006188
-139.4 209.5 2251.8 -0.7212051153 -0.6160884500 -0.3166989386 -0.6828444600 0.5553472638 0.4746712744 -0.1165615842 0.5585914850 -0.8212118745
307.0 273.3 2354.3 0.3916335404 -0.6504380703 0.6508098841 0.9193293452 0.3059488535 -0.2474446446 -0.0381671190 0.6952162385 0.7177866101
371.9 425.7 2347.9 -0.3570274711 -0.6504380703 0.6704190373 0.6847230196 0.3059488535 0.6614754200 -0.6353626847 0.6952162385 0.3361377716
77.3 -126.9 2338.4 0.9854705930 0.0022101379 -0.1698317230 0.0263599288 0.9858093858 0.1657859385 0.1677881181 -0.1678539217 0.9714279175
76.4 -518.7 2405.1 0.9840253592 0.0650893450 -0.1657029390 -0.0771891102 0.9947184324 -0.0676540211 0.1604242176 0.0793637410 0.9838523865
260.5 -124.1 2330.6 0.9688859582 0.0941460878 0.2289027870 -0.1134998500 0.9908612967 0.0728811622 -0.2199494392 -0.0965939686 0.9707171917
223.0 -517.9 2369.0 0.9737856984 -0.0653660521 0.2178730518 0.0737446100 0.9968094230 -0.0305405147 -0.2151815891 0.0458068810 0.9754991531
47.2 386.2 2281.9 0 0 0 0 0 0 0 0 0
297.2 569.0 2215.0 0 0 0 0 0 0 0 0 0
55.7 -834.9 2379.9 0 0 0 0 0 0 0 0 0
242.9 -820.1 2355.1 0 0 0 0 0 0 0 0 0
169.7 514.3 2299.3 1 0.9990481734 0.0216691922 0.0378578864 -0.0289021377 0.9788718224 0.2024219185 -0.0326716974 -0.2033234239 0.9785663486
164.8 291.9 2345.4 0.9990481734 0.0216691922 0.0378578864 -0.0289021377 0.9788718224 0.2024219185 -0.0326716974 -0.2033234239 0.9785663486
166.9 93.8 2352.2 0.9992558360 -0.0110460846 0.0369557142 0.0097742751 0.9993596673 0.0344198458 -0.0373122543 -0.0340330154 0.9987239838
18.8 290.1 2350.9 0.7748358846 -0.6244065166 -0.0987211317 0.3988753557 0.6040530801 -0.6899408102 0.4904363453 0.4952134788 0.7171023488
-140.0 208.3 2250.4 -0.7215209603 -0.6402623653 -0.2635746598 -0.6814791560 0.5893600583 0.4338673949 -0.1224486008 0.4926650524 -0.8615610600
310.7 293.8 2340.0 0.3991237283 -0.6483022571 0.6483860016 0.9085749388 0.3747034371 -0.1846318692 -0.1232552007 0.6627982259 0.7385842204
376.9 444.4 2319.6 -0.3510988653 -0.6483022571 0.6755988002 0.6253126860 0.3747034371 0.6845300198 -0.6969316006 0.6627982259 0.2738336921
77.2 -122.5 2344.9 0.9854122400 0.0076188128 -0.1700136065 0.0176918879 0.9889985323 0.1468635350 0.1692621261 -0.1477289796 0.9744365215
74.1 -520.5 2404.4 0.9841868877 0.0573562719 -0.1675901413 -0.0702613220 0.9949185848 -0.0721131489 0.1626024097 0.0827479213 0.9832157493
260.4 -120.4 2336.8 0.9714568257 0.0934788957 0.2180214375 -0.1070311889 0.9929377437 0.0511759631 -0.2116978467 -0.0730503276 0.9746012688
222.9 -518.7 2366.1 0.9750437140 -0.0688751340 0.2110590786 0.0741972029 0.9970919490 -0.0173917357 -0.2092474401 0.0326176956 0.9773185849
47.1 385.0 2282.1 0 0 0 0 0 0 0 0 0
303.4 575.3 2173.7 0 0 0 0 0 0 0 0 0
56.0 -833.8 2378.3 0 0 0 0 0 0 0 0 0
243.7 -820.1 2356.3 0 0 0 0 0 0 0 0 0
167.2 511.5 2297.0 2 0.9997408986 0.0089393239 0.0209340230 -0.0126106627 0.9831397533 0.1824202836 -0.0189503562 -0.1826370060 0.9829977751
165.3 299.9 2336.3 0.9997408986 0.0089393239 0.0209340230 -0.0126106627 0.9831397533 0.1824202836 -0.0189503562 -0.1826370060 0.9829977751
166.9 102.2 2352.4 0.9997443557 -0.0085853757 0.0209158864 0.0068649654 0.9966921210 0.0809798464 -0.0215419419 -0.0808155611 0.9964962602
19.3 298.5 2339.5 0.7809100747 -0.6198737621 -0.0770452470 0.4400837123 0.6335105300 -0.6363888383 0.4432896972 0.4630560875 0.7675111294
-138.3 209.7 2250.0 -0.7233167887 -0.6462400556 -0.2432830483 -0.6810377836 0.6094694734 0.4058749378 -0.1140190512 0.4592611194 -0.8809533715
311.3 301.2 2333.2 0.4027951956 -0.6581856608 0.6360406280 0.9013652205 0.4059970975 -0.1506886780 -0.1590495259 0.6340015531 0.7567993402
378.0 450.7 2306.8 -0.3386216164 -0.6581856608 0.6724039316 0.5924896002 0.4059970975 0.6957890391 -0.7309524417 0.6340015531 0.2524887621
77.6 -101.8 2365.1 0.9824599624 0.0088904845 -0.1862615943 0.0123187304 0.9935864806 0.1124017239 0.1860663146 -0.1127246991 0.9760494232
74.0 -499.0 2410.2 0.9814637303 0.0525719523 -0.1842962801 -0.0697309300 0.9936862588 -0.0878929719 0.1785119772 0.0991149172 0.9789329171
260.8 -101.0 2357.7 0.9759894013 0.0996664539 0.1936782151 -0.1032461897 0.9946199059 0.0084518744 -0.1917938441 -0.0282454770 0.9810286760
221.1 -497.7 2368.9 0.9791893363 -0.0722829327 0.1896401048 0.0794353560 0.9963769913 -0.0303796679 -0.1867571026 0.0448115766 0.9813835621
49.1 386.2 2279.6 0 0 0 0 0 0 0 0 0
307.2 574.7 2153.8 0 0 0 0 0 0 0 0 0
56.3 -832.9 2376.8 0 0 0 0 0 0 0 0 0
244.4 -819.4 2354.5 0 0 0 0 0 0 0 0 0
169.7 511.8 2297.9 3 0.9999032617 0.0049314434 -0.0130055891 -0.0027435455 0.9865949750 0.1631650329 0.0136358878 -0.1631135643 0.9865130782
168.6 304.3 2332.2 0.9999032617 0.0049314434 -0.0130055891 -0.0027435455 0.9865949750 0.1631650329 0.0136358878 -0.1631135643 0.9865130782
169.2 106.7 2351.5 0.9999090433 -0.0033720927 -0.0130575625 0.0046245470 0.9952629805 0.0971090123 0.0126682483 -0.0971605629 0.9951881170
22.7 303.4 2330.4 0.7929745317 -0.6064366102 -0.0585323349 0.4591714144 0.6580139995 -0.5968074799 0.4004409909 0.4463767707 0.8002467155
-137.3 210.8 2249.6 -0.7235273123 -0.6521639228 -0.2262531072 -0.6801056862 0.6173595786 0.3953775465 -0.1181714386 0.4399424791 -0.8902168870
314.6 305.2 2334.0 0.4102141261 -0.6785369515 0.6093537807 0.8979010582 0.4174808860 -0.1395830959 -0.1596812606 0.6043983698 0.7805155516
382.6 454.0 2307.6 -0.3119158447 -0.6785369515 0.6650534868 0.5811824799 0.4174808860 0.6985245943 -0.7516218424 0.6043983698 0.2641348541
76.9 -94.4 2371.7 0.9755354524 0.0009994842 -0.2198398113 0.0139654409 0.9976881742 0.0665073246 0.2193980515 -0.0679504126 0.9732662439
76.5 -491.6 2398.8 0.9740361571 0.0592692196 -0.2184965312 -0.0715353638 0.9962506294 -0.0486553684 0.2147935331 0.0630223155 0.9746239781
260.3 -93.5 2367.5 0.9836248159 0.0926064849 0.1546164900 -0.0889709145 0.9955736995 -0.0302851070 -0.1567367166 0.0160328113 0.9875102639
223.4 -489.5 2361.1 0.9860709906 -0.0451561734 0.1600778550 0.0405862071 0.9986729026 0.0317055956 -0.1612971127 -0.0247670133 0.9865950942
50.8 387.5 2280.3 0 0 0 0 0 0 0 0 0
317.4 575.7 2150.3 0 0 0 0 0 0 0 0 0
56.1 -834.7 2377.1 0 0 0 0 0 0 0 0 0
239.3 -840.7 2369.8 0 0 0 0 0 0 0 0 0
171.3 512.0 2295.8 4 0.9999331832 0.0029592731 -0.0111729037 -0.0011247786 0.9869939685 0.1607533097 0.0115033016 -0.1607300043 0.9869313836
170.6 306.6 2329.3 0.9999331832 0.0029592731 -0.0111729037 -0.0011247786 0.9869939685 0.1607533097 0.0115033016 -0.1607300043 0.9869313836
170.8 109.2 2351.1 0.9999364018 -0.0011576895 -0.0112192882 0.0023821590 0.9939563870 0.1097497866 0.0110244276 -0.1097695306 0.9938959479
24.6 306.2 2327.7 0.7957292795 -0.6035015583 -0.0509974994 0.4673968852 0.6654522419 -0.5819909573 0.3851688206 0.4392711520 0.8115946054
-137.0 211.2 2249.4 -0.7246476412 -0.6515432596 -0.2244484723 -0.6799185872 0.6229403615 0.3868540823 -0.1122341603 0.4329395890 -0.8944086432
316.7 307.1 2330.9 0.4120939076 -0.6765635610 0.6102789044 0.8948161006 0.4267393947 -0.1311398894 -0.1717055887 0.6001293659 0.7812566757
385.0 455.4 2302.4 -0.3117434382 -0.6765635610 0.6671414971 0.5723541379 0.4267393947 0.7002172470 -0.7584370375 0.6001293659 0.2542007565
78.2 -90.4 2370.3 0.9759213328 0.0012697283 -0.2181192338 0.0154354377 0.9970741272 0.0748663321 0.2175760865 -0.0764304101 0.9730462432
77.7 -487.0 2400.7 0.9743255377 0.0615884438 -0.2165561616 -0.0742410421 0.9959467649 -0.0507772677 0.2125511169 0.0655509457 0.9749487638
261.5 -89.7 2372.5 0.9833191633 0.0959987491 0.1544916183 -0.0916104764 0.9951692224 -0.0352942757 -0.1571335196 0.0205524880 0.9873634577
223.3 -485.4 2364.3 0.9859423637 -0.0524767675 0.1586311460 0.0516623370 0.9986217022 0.0092563983 -0.1588982493 -0.0009310197 0.9872945547
51.6 388.2 2278.6 0 0 0 0 0 0 0 0 0
319.8 575.2 2143.7 0 0 0 0 0 0 0 0 0
56.3 -832.6 2377.9 0 0 0 0 0 0 0 0 0
241.4 -829.2 2364.6 0 0 0 0 0 0 0 0 0
170.9 513.2 2294.8 5 0.9996526241 0.0038298566 0.0260756910 -0.0078998832 0.9874354601 0.1578252614 -0.0251436140 -0.1579764336 0.9871227145
170.1 309.3 2327.4 0.9996526241 0.0038298566 0.0260756910 -0.0078998832 0.9874354601 0.1578252614 -0.0251436140 -0.1579764336 0.9871227145
169.3 112.0 2350.7 0.9996571541 0.0036945541 0.0259211846 -0.0067081754 0.9930907488 0.1171570048 -0.0253092460 -0.1172907203 0.9927750826
24.2 310.2 2331.1 0.7788692713 -0.6255545616 -0.0452120900 0.4861707985 0.6477208734 -0.5865966082 0.3962330222 0.4349012971 0.8086162806
-138.7 208.5 2248.2 -0.7267706990 -0.6524095535 -0.2148631215 -0.6759010553 0.6235589981 0.3928510249 -0.1223199219 0.4307388365 -0.8941487074
316.1 308.3 2323.7 0.4135209322 -0.6504601240 0.6371044517 0.8897113800 0.4373302758 -0.1309806556 -0.1934273839 0.6210023165 0.7595669627
384.7 455.9 2291.7 -0.3340221643 -0.6504601240 0.6821516156 0.5695941448 0.4373302758 0.6959200501 -0.7509937882 0.6210023165 0.2244202644
79.4 -88.0 2372.2 0.9833072424 -0.0007940123 -0.1819513440 0.0136075104 0.9975110292 0.0691851303 0.1814435422 -0.0705061406 0.9808706045
79.7 -484.6 2400.2 0.9811928272 0.0682057589 -0.1805784553 -0.0782995522 0.9957069755 -0.0493636467 0.1764363348 0.0625744686 0.9823210835
262.7 -87.6 2374.2 0.9766862988 0.1020011678 0.1888904124 -0.0961402729 0.9945653677 -0.0399593934 -0.1919397712 0.0208678171 0.9811848402
222.2 -483.0 2365.9 0.9795882106 -0.0578808635 0.1925014108 0.0596664101 0.9982122779 -0.0034863290 -0.1919554770 0.0149010355 0.9812905192
50.6 384.6 2280.1 0 0 0 0 0 0 0 0 0
314.8 575.1 2134.5 0 0 0 0 0 0 0 0 0
55.7 -833.8 2378.3 0 0 0 0 0 0 0 0 0
242.0 -824.3 2360.8 0 0 0 0 0 0 0 0 0
170.8 512.9 2294.8 6 0.9994696975 0.0040122960 0.0323142558 -0.0090576736 0.9874708056 0.1575417817 -0.0312772803 -0.1577509344 0.9869834781
170.0 310.2 2327.2 0.9994696975 0.0040122960 0.0323142558 -0.0090576736 0.9874708056 0.1575417817 -0.0312772803 -0.1577509344 0.9869834781
168.8 113.0 2351.2 0.9994670749 0.0057538887 0.0321317092 -0.0095896013 0.9926634431 0.1205293983 -0.0312024597 -0.1207732931 0.9921895862
24.0 311.6 2331.7 0.7704406977 -0.6355665326 -0.0497628637 0.4915274382 0.6419136524 -0.5885130763 0.4059826732 0.4289546013 0.8069548011
-139.1 207.6 2245.8 -0.7235639095 -0.6567859650 -0.2123379856 -0.6791732907 0.6225151420 0.3888425231 -0.1232027113 0.4255667031 -0.8965010047
315.9 308.8 2322.6 0.4148333073 -0.6455511451 0.6412308812 0.8878754973 0.4412992597 -0.1301233023 -0.1989734769 0.6233126521 0.7562346458
384.7 456.0 2289.6 -0.3368875682 -0.6455511451 0.6853980422 0.5679152012 0.4412992597 0.6947857738 -0.7509853840 0.6233126521 0.2179500908
77.0 -84.4 2376.5 0.9843872190 -0.0075408150 -0.1758547723 0.0156314764 0.9988796115 0.0446678773 0.1753209084 -0.0467193574 0.9834021926
80.0 -481.4 2395.1 0.9823986292 0.0659278408 -0.1747755855 -0.0724603906 0.9968814254 -0.0312557817 0.1721699089 0.0433699414 0.9841120839
260.2 -85.7 2371.9 0.9755940437 0.1021054536 0.1943983883 -0.0963319764 0.9945868850 -0.0389500968 -0.1973230988 0.0192727018 0.9801490307
219.6 -481.1 2364.2 0.9777989388 -0.0694102868 0.1977155209 0.0719235465 0.9973946810 -0.0055499757 -0.1968151927 0.0196471624 0.9802437425
49.5 384.5 2277.9 0 0 0 0 0 0 0 0 0
314.2 574.9 2132.4 0 0 0 0 0 0 0 0 0
56.6 -834.9 2379.7 0 0 0 0 0 0 0 0 0
243.4 -822.5 2357.5 0 0 0 0 0 0 0 0 0
169.6 511.6 2295.3 7 0.9999920130 0.0010651043 0.0038475206 -0.0016545287 0.9876593351 0.1566087306 -0.0036332349 -0.1566138566 0.9876532555
169.4 309.5 2327.3 0.9999920130 0.0010651043 0.0038475206 -0.0016545287 0.9876593351 0.1566087306 -0.0036332349 -0.1566138566 0.9876532555
169.1 112.2 2351.5 0.9999921322 0.0011127603 0.0038087529 -0.0015667710 0.9926075339 0.1213584468 -0.0036455540 -0.1213634536 0.9926014543
23.4 309.7 2327.9 0.7716318369 -0.6339820027 -0.0514891557 0.4945825338 0.6489228606 -0.5781757832 0.3999655545 0.4206732213 0.8142859340
-138.2 206.2 2244.1 -0.7192665935 -0.6629197001 -0.2078293413 -0.6837207079 0.6223933697 0.3809887469 -0.1232133433 0.4161297083 -0.9009187222
315.4 309.2 2326.8 0.4130196571 -0.6660040021 0.6211710572 0.8910686970 0.4364524186 -0.1245225891 -0.1881790608 0.6049363613 0.7737187147
383.9 457.0 2295.6 -0.3206114173 -0.6660040021 0.6735332608 0.5647516847 0.4364524186 0.7004032731 -0.7604365945 0.6049363613 0.2361952513
76.0 -83.2 2378.1 0.9790973663 -0.0082000596 -0.2032267600 0.0171989668 0.9989461303 0.0425536782 0.2026636451 -0.0451594852 0.9782065749
79.3 -480.3 2396.1 0.9773348570 0.0632405579 -0.2020326257 -0.0712829381 0.9969174862 -0.0327753387 0.1993371248 0.0464339592 0.9788302183
259.3 -85.0 2372.4 0.9811140299 0.1003528163 0.1653620452 -0.0915594473 0.9939911962 -0.0599869005 -0.1703882664 0.0437135324 0.9844068885
219.4 -480.0 2355.0 0.9824723005 -0.0597075857 0.1765875965 0.0489871874 0.9967171550 0.0644610301 -0.1798567027 -0.0546806455 0.9821718931
49.3 384.3 2276.3 0 0 0 0 0 0 0 0 0
316.8 575.2 2136.5 0 0 0 0 0 0 0 0 0
57.0 -832.4 2379.7 0 0 0 0 0 0 0 0 0
241.0 -840.1 2374.8 0 0 0 0 0 0 0 0 0
169.3 509.5 2295.5 8 0.9998214841 0.0000536749 0.0188944787 -0.0029721435 0.9879934192 0.1544674784 -0.0186593290 -0.1544960737 0.9878171682
169.3 307.5 2327.1 0.9998214841 0.0000536749 0.0188944787 -0.0029721435 0.9879934192 0.1544674784 -0.0186593290 -0.1544960737 0.9878171682
169.4 110.2 2350.6 0.9998211861 -0.0005542001 0.0189036001 -0.0016874860 0.9929689765 0.1183630452 -0.0188362859 -0.1183737740 0.9927904606
23.3 307.7 2329.9 0.7628450990 -0.6437295079 -0.0606604181 0.4905368090 0.6373095512 -0.5943148136 0.4212374687 0.4236139953 0.8019415140
-137.3 204.5 2241.2 -0.7078249454 -0.6782633662 -0.1973390430 -0.6903672218 0.6050691605 0.3965910673 -0.1495894194 0.4169534445 -0.8965337873
315.3 307.2 2324.3 0.4102725089 -0.6566630602 0.6328270435 0.8915778995 0.4347132742 -0.1269378960 -0.1917428970 0.6162937284 0.7638171911
383.3 455.1 2292.6 -0.3320222497 -0.6566630602 0.6771667600 0.5670853257 0.4347132742 0.6995988488 -0.7537741065 0.6162937284 0.2280495316
77.3 -84.8 2376.0 0.9820728302 -0.0045516789 -0.1884469837 0.0153056718 0.9983329773 0.0556506291 0.1878795326 -0.0575372800 0.9805053473
79.1 -481.5 2398.8 0.9803429246 0.0625712276 -0.1871166229 -0.0715206116 0.9965771437 -0.0414590053 0.1838820130 0.0540267378 0.9814624190
260.6 -85.1 2375.3 0.9779471159 0.1056701988 0.1801480055 -0.0954972133 0.9933532476 -0.0642616823 -0.1857411563 0.0456408970 0.9815381765
218.6 -479.8 2357.2 0.9794835448 -0.0674965680 0.1898846477 0.0617108941 0.9974364638 0.0362258516 -0.1918429881 -0.0237646736 0.9811378717
47.1 384.4 2280.2 0 0 0 0 0 0 0 0 0
313.8 573.7 2134.8 0 0 0 0 0 0 0 0 0
57.0 -833.8 2379.7 0 0 0 0 0 0 0 0 0
241.9 -824.7 2365.4 0 0 0 0 0 0 0 0 0
167.1 508.4 2288.6 9 0.9996619821 -0.0051766415 -0.0254780725 0.0094489958 0.9853040576 0.1705480516 0.0242207814 -0.1707311422 0.9850199223
168.2 306.6 2323.6 0.9996619821 -0.0051766415 -0.0254780725 0.0094489958 0.9853040576 0.1705480516 0.0242207814 -0.1707311422 0.9850199223
169.2 109.8 2350.4 0.9996629953 -0.0059092343 -0.0252768453 0.0092624892 0.9908461571 0.1346776187 0.0242496245 -0.1348663568 0.9905670285
22.3 305.2 2320.1 0.7797098160 -0.6234101653 -0.0584154539 0.4905337989 0.6661604643 -0.5617889762 0.3891389966 0.4093776345 0.8252155781
-137.6 204.7 2240.3 -0.7039660811 -0.6881453395 -0.1757490635 -0.6914784908 0.6075702310 0.3907887340 -0.1621395648 0.3966287076 -0.9035465717
314.1 308.0 2327.1 0.4087513089 -0.6872367859 0.6005230546 0.8929081559 0.4372457564 -0.1073830873 -0.1887785643 0.5801049471 0.7923641205
381.8 456.1 2295.8 -0.3050922453 -0.6872367859 0.6592604518 0.5509940386 0.4372457564 0.7107895017 -0.7767395377 0.5801049471 0.2452630848
77.8 -86.9 2375.9 0.9729071856 -0.0055589876 -0.2311290950 0.0195734296 0.9981021881 0.0583859533 0.2303658873 -0.0613281056 0.9711695910
80.0 -483.6 2400.3 0.9710645676 0.0667446032 -0.2293006182 -0.0792207941 0.9958121181 -0.0456318930 0.2252946496 0.0624768920 0.9722854495
261.1 -87.3 2372.4 0.9844604731 0.1077632755 0.1386530250 -0.1028718799 0.9938077331 -0.0419946164 -0.1423199177 0.0270785447 0.9894502759
218.3 -482.1 2361.7 0.9868476987 -0.0734818429 0.1439861059 0.0729585439 0.9972950816 0.0089182574 -0.1442519575 0.0017040547 0.9895395041
45.9 384.9 2282.5 0 0 0 0 0 0 0 0 0
318.0 571.4 2133.3 0 0 0 0 0 0 0 0 0
56.6 -833.1 2378.4 0 0 0 0 0 0 0 0 0
243.3 -821.0 2361.1 0 0 0 0 0 0 0 0 0
166.6 511.3 2290.7 0 0.9972499013 -0.0051451740 -0.0739331320 0.0170833487 0.9866815805 0.1617640108 0.0721161515 -0.1625821739 0.9840560555
167.7 308.3 2324.2 0.9972499013 -0.0051451740 -0.0739331320 0.0170833487 0.9866815805 0.1617640108 0.0721161515 -0.1625821739 0.9840560555
169.4 111.5 2351.1 0.9972354174 -0.0091945166 -0.0737362951 0.0190883931 0.9907132387 0.1346215159 0.0718137473 -0.1356568336 0.9881497622
22.2 305.5 2313.7 0.7827742696 -0.6196794510 -0.0571122579 0.4980711937 0.6788809896 -0.5394864678 0.3730811179 0.3938501775 0.8400550485
-137.6 203.9 2237.5 -0.6994796991 -0.6972008944 -0.1569683105 -0.6935403943 0.6092463136 0.3844745457 -0.1724236310 0.3777959943 -0.9096924067
313.2 311.1 2334.6 0.4085030854 -0.7183344364 0.5631348491 0.8968430758 0.4305890799 -0.1013189182 -0.1696988493 0.5464326739 0.8201302290
381.0 459.8 2306.5 -0.2731465995 -0.7183344364 0.6398332119 0.5478141308 0.4305890799 0.7172814608 -0.7907531857 0.5464326739 0.2758998275
78.7 -88.0 2375.0 0.9606806040 0.0011846703 -0.2776532769 0.0140036186 0.9985114932 0.0527129099 0.2773024440 -0.0545284227 0.9592340589
78.3 -484.8 2396.7 0.9588277340 0.0635221452 -0.2767930031 -0.0748010054 0.9967358708 -0.0303709861 0.2739602923 0.0498249382 0.9604495168
261.9 -86.2 2379.5 0.9898003340 0.1103338748 0.0901204944 -0.1055328622 0.9928140044 -0.0564195514 -0.0956978798 0.0463334173 0.9943314791
218.1 -480.6 2361.0 0.9926275015 -0.0739684924 0.0960173160 0.0745099708 0.9972181320 -0.0020613777 -0.0955977365 0.0092004277 0.9953775406
44.7 384.6 2282.5 0 0 0 0 0 0 0 0 0
323.8 574.5 2141.0 0 0 0 0 0 0 0 0 0
56.0 -834.9 2379.2 0 0 0 0 0 0 0 0 0
243.2 -819.1 2357.9 0 0 0 0 0 0 0 0 0
168.2 512.8 2293.2 1 0.9995592237 0.0061190231 -0.0290494896 -0.0014830964 0.9875979424 0.1569973081 0.0296498872 -0.1568850279 0.9871717095
166.9 310.0 2325.5 0.9995592237 0.0061190231 -0.0290494896 -0.0014830964 0.9875979424 0.1569973081 0.0296498872 -0.1568850279 0.9871717095
166.4 113.0 2351.4 0.9995735288 0.0016649675 -0.0291547030 0.0021474462 0.9914792776 0.1302469522 0.0291231405 -0.1302540004 0.9910528660
21.1 309.6 2321.2 0.7626273632 -0.6441529989 -0.0588763021 0.5083124638 0.6531071067 -0.5613105893 0.4000224173 0.3981432319 0.8255083561
-136.8 204.4 2238.4 -0.7026969194 -0.6906412840 -0.1709727943 -0.6929854155 0.6099190712 0.3844085336 -0.1612088233 0.3886043429 -0.9071925879
312.8 310.3 2329.7 0.4158889949 -0.6869813204 0.5958967805 0.8908907771 0.4393483698 -0.1152675524 -0.1826196313 0.5788174868 0.7947455049
381.7 458.0 2299.5 -0.2974554896 -0.6869813204 0.6630059481 0.5567209125 0.4393483698 0.7050069571 -0.7756171823 0.5788174868 0.2517702878
79.9 -87.1 2371.5 0.9719039202 0.0015944648 -0.2353724390 0.0136408592 0.9979148507 0.0630861670 0.2349822521 -0.0645243749 0.9698556066
79.2 -483.7 2397.2 0.9696935415 0.0687497705 -0.2344524115 -0.0784608871 0.9963926077 -0.0323359706 0.2313835770 0.0497513264 0.9715896249
262.5 -83.6 2384.7 0.9854610562 0.1090152413 0.1303158253 -0.0999680683 0.9922292829 -0.0740775242 -0.1373787522 0.0599730946 0.9887013435
219.2 -477.8 2360.8 0.9880924225 -0.0686055720 0.1377194375 0.0697531700 0.9975580573 -0.0035182841 -0.1371417642 0.0130827576 0.9904650450
46.3 385.0 2280.4 0 0 0 0 0 0 0 0 0
319.5 574.5 2137.1 0 0 0 0 0 0 0 0 0
54.8 -837.5 2379.5 0 0 0 0 0 0 0 0 0
242.6 -818.8 2356.4 0 0 0 0 0 0 0 0 0
164.0 506.6 2294.5 2 0.9999784827 -0.0064848163 0.0009953992 0.0062532639 0.9879804254 0.1544526517 -0.0019850321 -0.1544431001 0.9879996777
165.3 304.4 2326.1 0.9999784827 -0.0064848163 0.0009953992 0.0062532639 0.9879804254 0.1544526517 -0.0019850321 -0.1544431001 0.9879996777
167.3 107.1 2349.8 0.9999416471 -0.0107241916 0.0012997085 0.0104922373 0.9927875996 0.1194264591 -0.0025710866 -0.1194058508 0.9928421974
19.4 302.8 2326.5 0.7714465857 -0.6317532063 -0.0758818015 0.4701395631 0.6462922692 -0.6010616422 0.4287644625 0.4280119240 0.7955921292
-138.2 206.8 2238.9 -0.7170341611 -0.6710391045 -0.1885963678 -0.6788528562 0.6108797789 0.4074121714 -0.1581797749 0.4201576114 -0.8935584426
311.2 305.9 2325.7 0.4024468958 -0.6718536019 0.6218112707 0.8963530660 0.4271934628 -0.1185617819 -0.1859775335 0.6050772667 0.7741407156
378.0 454.5 2294.9 -0.3265940845 -0.6718536019 0.6647924781 0.5623539686 0.4271934628 0.7079998255 -0.7596672177 0.6050772667 0.2383006960
74.5 -84.2 2374.7 0.9787318707 -0.0122476509 -0.2047777474 0.0202377886 0.9991114140 0.0369698368 0.2041429877 -0.0403278060 0.9781100750
79.4 -481.1 2390.7 0.9770481586 0.0621251389 -0.2037581801 -0.0675059929 0.9975271821 -0.0195579603 0.2020392865 0.0328639671 0.9788258672
257.5 -83.8 2380.0 0.9803645015 0.1093851626 0.1640741229 -0.0995672196 0.9927766919 -0.0669385120 -0.1702110469 0.0492877364 0.9841742516
214.1 -478.3 2360.4 0.9814161658 -0.0857298747 0.1716761142 0.0859311149 0.9962813258 0.0062728142 -0.1715754718 0.0085960785 0.9851334691
48.6 383.7 2280.1 0 0 0 0 0 0 0 0 0
309.6 572.2 2135.9 0 0 0 0 0 0 0 0 0
57.2 -837.3 2378.9 0 0 0 0 0 0 0 0 0
243.5 -820.3 2357.4 0 0 0 0 0 0 0 0 0
162.8 506.8 2294.6 3 0.9996890426 -0.0104468949 0.0226415154 0.0067461217 0.9874551892 0.1577551812 -0.0240055341 -0.1575533897 0.9872186780
165.0 304.0 2327.0 0.9996890426 -0.0104468949 0.0226415154 0.0067461217 0.9874551892 0.1577551812 -0.0240055341 -0.1575533897 0.9872186780
167.4 106.8 2350.9 0.9996535182 -0.0126625411 0.0230768379 0.0097934129 0.9926705360 0.1204546392 -0.0244329590 -0.1201868951 0.9924505949
19.0 302.6 2330.6 0.7645779848 -0.6378520131 -0.0925488919 0.4567908049 0.6375570893 -0.6203733683 0.4547116160 0.4320483506 0.7788270712
-138.4 208.5 2236.9 -0.7192506790 -0.6666623354 -0.1955499649 -0.6777397394 0.6113690138 0.4085300863 -0.1527984440 0.4263675213 -0.8915511370
310.9 305.4 2323.4 0.3988900185 -0.6581823230 0.6385004520 0.8958794475 0.4282880723 -0.1181921139 -0.1956701577 0.6191650629 0.7604918480
377.1 454.0 2291.0 -0.3427386880 -0.6581823230 0.6703180075 0.5617934465 0.4282880723 0.7077834606 -0.7529397607 0.6191650629 0.2229716182
77.8 -91.1 2373.8 0.9830434918 -0.0007788820 -0.1833707988 0.0090854466 0.9989696741 0.0444635153 0.1831472367 -0.0453755744 0.9820377827
78.1 -488.0 2391.8 0.9813794494 0.0587259121 -0.1828814447 -0.0642575100 0.9976334572 -0.0244643148 0.1810119599 0.0357602835 0.9828305244
260.9 -89.1 2373.3 0.9758383632 0.1128429621 0.1870987862 -0.1049047187 0.9931306243 -0.0518322513 -0.1916624308 0.0309523549 0.9809727073
216.1 -483.7 2361.0 0.9774782062 -0.0842862502 0.1934740990 0.0844770446 0.9963988662 0.0072787656 -0.1933908612 0.0092292856 0.9810783863
49.0 385.1 2276.7 0 0 0 0 0 0 0 0 0
305.3 571.5 2133.4 0 0 0 0 0 0 0 0 0
57.8 -833.1 2379.5 0 0 0 0 0 0 0 0 0
244.4 -817.8 2357.9 0 0 0 0 0 0 0 0 0
163.7 509.8 2294.7 4 0.9994032383 -0.0084270956 -0.0334985256 0.0135647375 0.9876258969 0.1562404633 0.0317673571 -0.1566016227 0.9871508479
165.4 307.0 2326.9 0.9994032383 -0.0084270956 -0.0334985256 0.0135647375 0.9876258969 0.1562404633 0.0317673571 -0.1566016227 0.9871508479
167.3 109.8 2351.2 0.9993957877 -0.0103580784 -0.0331774354 0.0143486047 0.9923775196 0.1223967895 0.0316567458 -0.1227988899 0.9919265509
19.6 304.9 2322.2 0.7669993043 -0.6349660754 -0.0923584700 0.4693588912 0.6533551216 -0.5939943790 0.4375091791 0.4122439921 0.7991499305
-138.7 208.0 2231.9 -0.7148641944 -0.6785756350 -0.1688320190 -0.6782794595 0.6141936779 0.4033646882 -0.1700178981 0.4028662741 -0.8993290067
311.3 309.1 2331.5 0.4052115083 -0.6937978864 0.5953554511 0.8973419070 0.4264000952 -0.1138442084 -0.1748747528 0.5803683400 0.7953561544
378.4 457.9 2302.5 -0.3024784029 -0.6937978864 0.6535681486 0.5588151813 0.4264000952 0.7112724781 -0.7721608281 0.5803683400 0.2587279975
78.3 -91.4 2377.0 0.9711652398 0.0048675104 -0.2383576334 0.0095212059 0.9982020855 0.0591775626 0.2382171303 -0.0597406439 0.9693728089
76.4 -488.0 2400.7 0.9698687792 0.0544534065 -0.2374644578 -0.0682213679 0.9964091778 -0.0501460470 0.2338811308 0.0648352355 0.9701010585
261.5 -89.6 2372.5 0.9852677584 0.1072406620 0.1332174242 -0.1030681729 0.9939538240 -0.0378518067 -0.1364712268 0.0235636868 0.9903637767
218.9 -484.5 2363.1 0.9877357483 -0.0752794594 0.1367883682 0.0765464231 0.9970579147 -0.0040182979 -0.1360834241 0.0144396769 0.9905921221
47.6 384.8 2276.3 0 0 0 0 0 0 0 0 0
315.1 574.8 2140.9 0 0 0 0 0 0 0 0 0
57.7 -830.2 2378.5 0 0 0 0 0 0 0 0 0
244.3 -820.8 2358.3 0 0 0 0 0 0 0 0 0
165.3 511.2 2295.2 5 0.9984954000 -0.0037029530 -0.0547100529 0.0120283645 0.9882085323 0.1526406407 0.0534997210 -0.1530690491 0.9867662787
166.1 308.4 2326.7 0.9984954000 -0.0037029530 -0.0547100529 0.0120283645 0.9882085323 0.1526406407 0.0534997210 -0.1530690491 0.9867662787
167.3 111.2 2351.3 0.9984877110 -0.0067693670 -0.0545567088 0.0134826927 0.9922353029 0.1236419454 0.0532961152 -0.1241905391 0.9908260107
20.3 306.4 2318.9 0.7648651600 -0.6378588080 -0.0900965557 0.4801466465 0.6577293873 -0.5803889036 0.4294653237 0.4006597102 0.8093400598
-139.1 206.4 2229.4 -0.7050861716 -0.6918070316 -0.1557450444 -0.6855164170 0.6087760329 0.3993231356 -0.1814406961 0.3883230090 -0.9034846425
311.8 310.3 2334.4 0.4097426832 -0.7058175206 0.5778689981 0.8967598081 0.4277386963 -0.1134085730 -0.1671311855 0.5646780133 0.8082115054
379.8 459.0 2306.7 -0.2851491868 -0.7058175206 0.6484686732 0.5581423640 0.4277386963 0.7109969854 -0.7792092562 0.5646780133 0.2719773054
77.9 -88.7 2372.7 0.9658111334 -0.0028791139 -0.2592307031 0.0227820314 0.9970124364 0.0738054067 0.2582437396 -0.0771878883 0.9629912972
79.0 -484.8 2403.4 0.9639283419 0.0696828961 -0.2568782866 -0.0853245258 0.9950855970 -0.0502427742 0.2521148324 0.0703484491 0.9651368856
260.8 -86.1 2378.5 0.9871510863 0.1154603437 0.1104613021 -0.1107784286 0.9927024841 -0.0476431809 -0.1151561067 0.0347942896 0.9927378297
215.0 -480.5 2364.7 0.9898941517 -0.0837699398 0.1144211143 0.0858074576 0.9962270260 -0.0129907494 -0.1129011735 0.0226776507 0.9933474064
44.7 385.0 2276.7 0 0 0 0 0 0 0 0 0
320.1 575.8 2143.6 0 0 0 0 0 0 0 0 0
54.4 -836.0 2378.6 0 0 0 0 0 0 0 0 0
243.5 -820.3 2357.0 0 0 0 0 0 0 0 0 0
167.9 511.0 2296.5 6 0.9991071224 0.0025731572 -0.0421697982 0.0034283714 0.9899137020 0.1416301280 0.0421089008 -0.1416482478 0.9890210629
167.4 307.5 2325.6 0.9991071224 0.0025731572 -0.0421697982 0.0034283714 0.9899137020 0.1416301280 0.0421089008 -0.1416482478 0.9890210629
167.1 110.2 2349.1 0.9991084337 0.0008033784 -0.0422101170 0.0041847881 0.9930103421 0.1179532409 0.0420098417 -0.1180247217 0.9921216369
21.5 306.9 2319.5 0.7728035450 -0.6289379597 -0.0849215984 0.4729172289 0.6599240899 -0.5838231444 0.4232303798 0.4110197425 0.8074272871
-139.5 208.4 2231.4 -0.7099729776 -0.6845529079 -0.1653048396 -0.6821208000 0.6101168394 0.4030739963 -0.1750701815 0.3989295065 -0.9001142383
313.2 308.1 2331.8 0.4159213603 -0.6954772472 0.5859358311 0.8940682411 0.4305334985 -0.1236241236 -0.1662872434 0.5752845407 0.8008722067
382.2 456.3 2304.2 -0.2888939381 -0.6954772472 0.6579146385 0.5655224919 0.4305334985 0.7034381628 -0.7724795341 0.5752845407 0.2689294815
77.2 -87.2 2371.1 0.9688479900 -0.0034559034 -0.2476319373 0.0206068642 0.9975601435 0.0667016059 0.2467972338 -0.0697266385 0.9665554166
78.6 -483.6 2398.8 0.9671836495 0.0636723563 -0.2459707558 -0.0747591332 0.9965518713 -0.0359920934 0.2428309172 0.0531995259 0.9686087966
260.1 -84.7 2380.9 0.9849680662 0.1237275377 0.1205377355 -0.1171036735 0.9912694097 -0.0605946593 -0.1269825995 0.0455683954 0.9908576608
210.9 -478.6 2362.8 0.9873843789 -0.0944548920 0.1270841658 0.0960704237 0.9953524470 -0.0066296225 -0.1258673370 0.0187550150 0.9918698072
45.5 386.1 2277.0 0 0 0 0 0 0 0 0 0
321.7 574.7 2142.5 0 0 0 0 0 0 0 0 0
55.9 -837.4 2379.9 0 0 0 0 0 0 0 0 0
243.2 -818.6 2356.4 0 0 0 0 0 0 0 0 0
168.5 511.6 2295.1 7 0.9968296289 0.0027268131 -0.0795188472 0.0092175948 0.9887256622 0.1494543999 0.0790298581 -0.1497135460 0.9855659008
168.0 308.5 2325.9 0.9968296289 0.0027268131 -0.0795188472 0.0092175948 0.9887256622 0.1494543999 0.0790298581 -0.1497135460 0.9855659008
167.7 111.4 2350.6 0.9968295693 0.0007248868 -0.0795631334 0.0091788089 0.9922348261 0.1240394413 0.0790352225 -0.1243764758 0.9890823364
22.4 307.2 2314.4 0.7788794637 -0.6213388443 -0.0853511170 0.4771461189 0.6753708124 -0.5623218417 0.4070360661 0.3972559869 0.8225018382
-139.6 207.9 2229.7 -0.7158970237 -0.6838958263 -0.1406340897 -0.6724134684 0.6210794449 0.4026418328 -0.1880201101 0.3828143477 -0.9044896960
313.5 309.9 2337.4 0.4177894890 -0.7182939053 0.5563324690 0.8949542046 0.4308760464 -0.1157703921 -0.1565531790 0.5462597609 0.8228556514
382.8 458.2 2311.5 -0.2625388503 -0.7182939053 0.6443036795 0.5592405200 0.4308760464 0.7082343102 -0.7863354087 0.5462597609 0.2885773480
75.4 -87.5 2368.7 0.9589195848 -0.0062240670 -0.2836097777 0.0250495058 0.9977117181 0.0627997965 0.2825699449 -0.0673242435 0.9568812251
77.9 -484.0 2395.4 0.9576146007 0.0590067953 -0.2819441259 -0.0690494329 0.9972793460 -0.0258082692 0.2796541750 0.0441824570 0.9590836763
258.5 -86.8 2376.4 0.9914169908 0.1005452424 0.0835640803 -0.0959790349 0.9937509894 -0.0569824241 -0.0887711942 0.0484729446 0.9948718548
218.6 -481.6 2357.1 0.9941822290 -0.0543573871 0.0929888263 0.0507821515 0.9978925586 0.0403932109 -0.0949885249 -0.0354360417 0.9948474765
46.9 383.1 2278.7 0 0 0 0 0 0 0 0 0
327.8 575.3 2146.9 0 0 0 0 0 0 0 0 0
57.1 -835.3 2379.9 0 0 0 0 0 0 0 0 0
238.2 -842.0 2369.9 0 0 0 0 0 0 0 0 0
166.5 508.0 2294.9 8 0.9971820712 0.0014715083 -0.0750050023 0.0096457414 0.9889938831 0.1476418078 0.0743967444 -0.1479492337 0.9861927629
166.2 305.4 2325.2 0.9971820712 0.0014715083 -0.0750050023 0.0096457414 0.9889938831 0.1476418078 0.0743967444 -0.1479492337 0.9861927629
166.7 108.3 2349.9 0.9971808791 -0.0025488092 -0.0749919936 0.0118408129 0.9922459126 0.1237250268 0.0740951449 -0.1242641956 0.9894788265
20.6 303.7 2314.4 0.7810717821 -0.6163423061 -0.1002448127 0.4600873590 0.6765683293 -0.5749564171 0.4221924543 0.4029608965 0.8120197654
-138.1 210.2 2228.7 -0.7225679755 -0.6774531007 -0.1376694292 -0.6639216542 0.6245617270 0.4112549722 -0.1926229000 0.3885613978 -0.9010640979
311.8 307.2 2336.1 0.4146102369 -0.7167290449 0.5607119203 0.8960860372 0.4288947880 -0.1143636927 -0.1585186422 0.5498624444 0.8200750351
380.6 455.7 2309.8 -0.2679295540 -0.7167290449 0.6438270211 0.5586154461 0.4288947880 0.7099281549 -0.7849602103 0.5498624444 0.2854623199
76.2 -86.7 2368.1 0.9602646232 -0.0012014329 -0.2790886462 0.0224530268 0.9970819354 0.0729621947 0.2781865597 -0.0763293952 0.9574894309
76.7 -482.9 2398.4 0.9592649341 0.0536987372 -0.2773575485 -0.0657003298 0.9972547293 -0.0341533981 0.2747621536 0.0509846397 0.9601595402
258.9 -85.0 2382.6 0.9906599522 0.1039246768 0.0882753208 -0.0988063961 0.9932654500 -0.0605067685 -0.0939689651 0.0512194633 0.9942567348
217.6 -479.6 2362.2 0.9933889508 -0.0643792450 0.0950459093 0.0640763119 0.9979255199 0.0062389760 -0.0952503979 -0.0001075385 0.9954533577
50.3 383.3 2278.9 0 0 0 0 0 0 0 0 0
324.5 572.6 2145.5 0 0 0 0 0 0 0 0 0
57.7 -835.5 2380.4 0 0 0 0 0 0 0 0 0
240.0 -827.5 2362.2 0 0 0 0 0 0 0 0 0
165.5 507.3 2294.4 9 0.9984270334 -0.0001025264 -0.0560664684 0.0086291349 0.9883643985 0.1518595368 0.0553985313 -0.1521044821 0.9868106246
165.5 305.1 2325.5 0.9984270334 -0.0001025264 -0.0560664684 0.0086291349 0.9883643985 0.1518595368 0.0553985313 -0.1521044821 0.9868106246
165.9 108.0 2350.6 0.9984261394 -0.0023037242 -0.0560348406 0.0093508959 0.9920077324 0.1258300394 0.0552971177 -0.1261559874 0.9904680252
19.7 303.7 2317.4 0.7753627300 -0.6227684021 -0.1047481298 0.4589895010 0.6696569324 -0.5838562846 0.4337525964 0.4046221375 0.8050711751
-137.8 210.5 2229.3 -0.7260029912 -0.6726877093 -0.1428667456 -0.6617799401 0.6269148588 0.4111265838 -0.1869945228 0.3930254877 -0.9003133178
311.3 306.5 2333.5 0.4138850272 -0.7051349282 0.5757463574 0.8946809769 0.4318448901 -0.1142623648 -0.1680627465 0.5624008179 0.8096050024
379.9 454.8 2305.7 -0.2811994553 -0.7051349282 0.6509312987 0.5578064322 0.4318448901 0.7087749243 -0.7808833718 0.5624008179 0.2718942761
75.8 -90.0 2367.8 0.9653487802 -0.0080015697 -0.2608404160 0.0294482000 0.9964855909 0.0784170479 0.2592962682 -0.0833810791 0.9621918201
78.9 -486.0 2401.0 0.9640846848 0.0636713058 -0.2578501701 -0.0779110938 0.9959270358 -0.0453787521 0.2539106309 0.0638383478 0.9651187062
258.6 -87.8 2381.4 0.9891468287 0.1006521136 0.1070404276 -0.0950012803 0.9938637018 -0.0566540100 -0.1120859385 0.0458701588 0.9926392436
218.6 -482.8 2363.2 0.9914784431 -0.0656807721 0.1125015169 0.0662119091 0.9978051186 -0.0009873068 -0.1121897399 0.0084278332 0.9936510921
51.4 383.0 2278.0 0 0 0 0 0 0 0 0 0
321.1 571.5 2142.3 0 0 0 0 0 0 0 0 0
56.7 -833.9 2378.7 0 0 0 0 0 0 0 0 0
240.9 -822.4 2360.3 0 0 0 0 0 0 0 0 0
165.1 507.2 2294.1 0 0.9984256029 -0.0011995913 -0.0560787469 0.0098387729 0.9880164862 0.1540345997 0.0552219450 -0.1543438286 0.9864727855
165.3 305.1 2325.6 0.9984256029 -0.0011995913 -0.0560787469 0.0098387729 0.9880164862 0.1540345997 0.0552219450 -0.1543438286 0.9864727855
165.8 108.0 2350.9 0.9984261394 -0.0024568334 -0.0560283735 0.0095540313 0.9918875694 0.1267588437 0.0552624203 -0.1270946413 0.9903499484
19.5 303.7 2317.6 0.7718211412 -0.6268990636 -0.1062529013 0.4617919624 0.6675397754 -0.5840709209 0.4370815456 0.4017315805 0.8047182560
-136.8 210.2 2229.1 -0.7178986073 -0.6800143719 -0.1490036249 -0.6719971299 0.6210445166 0.4033901095 -0.1817731708 0.3897231817 -0.9028146863
311.1 306.5 2333.7 0.4137455523 -0.7051857114 0.5757844448 0.8945840597 0.4322704077 -0.1134091839 -0.1689200550 0.5620101690 0.8096978664
379.7 454.8 2305.7 -0.2813038230 -0.7051857114 0.6508312225 0.5570247769 0.4322704077 0.7091302276 -0.7814036012 0.5620101690 0.2712065578
74.9 -90.0 2370.6 0.9653857946 -0.0074660969 -0.2607192397 0.0253958255 0.9975313544 0.0654692873 0.2595868409 -0.0698243007 0.9631922245
77.8 -486.4 2398.3 0.9639928341 0.0629459992 -0.2583709955 -0.0766019002 0.9961288571 -0.0431215279 0.2546564937 0.0613605529 0.9650828838
257.9 -88.3 2380.7 0.9890246391 0.1015486792 0.1073224545 -0.0962729156 0.9939290881 -0.0532591119 -0.1120793000 0.0423423275 0.9927967191
217.6 -483.3 2363.9 0.9910456538 -0.0728140324 0.1119223610 0.0740640238 0.9972286224 -0.0070458991 -0.1110991389 0.0152722280 0.9936919808
50.3 385.4 2276.4 0 0 0 0 0 0 0 0 0
320.9 571.4 2142.2 0 0 0 0 0 0 0 0 0
55.8 -834.2 2376.9 0 0 0 0 0 0 0 0 0
242.1 -819.0 2358.7 0 0 0 0 0 0 0 0 0
168.2 510.0 2293.9 1 0.9999583960 0.0090567283 0.0010777658 -0.0091156624 0.9885114431 0.1508710384 0.0003010142 -0.1508745998 0.9885528684
166.4 307.9 2324.8 0.9999583960 0.0090567283 0.0010777658 -0.0091156624 0.9885114431 0.1508710384 0.0003010142 -0.1508745998 0.9885528684
164.9 110.7 2349.6 0.9999772310 0.0066888793 0.0008700921 -0.0067451713 0.9921656251 0.1247472689 -0.0000288560 -0.1247503012 0.9921881557
20.4 308.8 2324.8 0.7511774302 -0.6527268887 -0.0983870178 0.4779973030 0.6406664848 -0.6008868814 0.4552482963 0.4043439329 0.7932559252
-138.0 208.1 2228.8 -0.7117989659 -0.6844283342 -0.1577976048 -0.6783738732 0.6116568446 0.4070439339 -0.1820743978 0.3967792392 -0.8996750116
312.3 306.9 2324.8 0.4183019102 -0.6659045815 0.6177334785 0.8882712722 0.4419632852 -0.1250704229 -0.1897305399 0.6010320783 0.7763779759
381.6 454.2 2293.3 -0.3149479032 -0.6659045815 0.6762979627 0.5637840629 0.4419632852 0.6977220178 -0.7635151744 0.6010320783 0.2362309694
74.7 -90.0 2371.1 0.9785330296 -0.0067692427 -0.2059788555 0.0205574743 0.9976816773 0.0648737401 0.2050621808 -0.0677155033 0.9764036536
77.4 -486.5 2398.0 0.9769251943 0.0629172027 -0.2041044235 -0.0727692172 0.9965007305 -0.0411213413 0.2008029670 0.0550249927 0.9780851007
257.8 -88.2 2381.2 0.9804224372 0.1137200668 0.1607470214 -0.1050750911 0.9925718307 -0.0613221489 -0.1665265262 0.0432311036 0.9850888252
212.6 -482.7 2364.0 0.9818620682 -0.0889899209 0.1674147993 0.0903266594 0.9959121346 -0.0003713826 -0.1666973680 0.0154866660 0.9858864546
47.5 384.9 2276.2 0 0 0 0 0 0 0 0 0
315.7 572.1 2133.5 0 0 0 0 0 0 0 0 0
55.5 -833.1 2378.8 0 0 0 0 0 0 0 0 0
242.7 -819.3 2358.8 0 0 0 0 0 0 0 0 0
167.3 508.5 2293.8 2 0.9998136163 0.0071763075 0.0179224014 -0.0098282639 0.9882431626 0.1525741369 -0.0166167710 -0.1527218372 0.9881294966
165.8 306.9 2325.0 0.9998136163 0.0071763075 0.0179224014 -0.0098282639 0.9882431626 0.1525741369 -0.0166167710 -0.1527218372 0.9881294966
164.6 109.8 2349.9 0.9998264909 0.0056592626 0.0177455153 -0.0078390762 0.9920900464 0.1252833903 -0.0168961380 -0.1254007667 0.9919622540
19.8 308.1 2327.5 0.7464312315 -0.6576197743 -0.1018657982 0.4749626219 0.6336904764 -0.6106119156 0.4661018848 0.4073973596 0.7853511572
-138.9 207.1 2228.3 -0.7229278088 -0.6728466749 -0.1570119411 -0.6668034792 0.6199156642 0.4136154354 -0.1809656173 0.4037101865 -0.8968107700
311.8 305.8 2322.5 0.4160044193 -0.6551893950 0.6306085587 0.8877102733 0.4430167973 -0.1253257543 -0.1972580850 0.6119338274 0.7659153342
380.7 452.9 2289.8 -0.3271734416 -0.6551893950 0.6809437871 0.5637148023 0.4430167973 0.6971095800 -0.7584083080 0.6119338274 0.2243966162
72.0 -85.8 2374.4 0.9817405939 -0.0182932261 -0.1893428862 0.0302944351 0.9976971745 0.0606844909 0.1877967417 -0.0653124675 0.9800339937
79.3 -482.3 2400.4 0.9803318977 0.0649328902 -0.1863682121 -0.0744642243 0.9962258935 -0.0445989557 0.1827688962 0.0575995408 0.9814671874
255.1 -87.0 2374.4 0.9796800613 0.0945633724 0.1768749952 -0.0842829496 0.9943341613 -0.0647760555 -0.1819982976 0.0485522635 0.9820994139
217.5 -482.1 2355.1 0.9801788926 -0.0618900955 0.1881991178 0.0489627011 0.9961597323 0.0725838244 -0.1919686049 -0.0619303994 0.9794450998
49.5 380.8 2275.5 0 0 0 0 0 0 0 0 0
312.3 570.9 2131.1 0 0 0 0 0 0 0 0 0
56.4 -833.2 2380.1 0 0 0 0 0 0 0 0 0
239.8 -839.7 2377.4 0 0 0 0 0 0 0 0 0
167.1 506.4 2294.8 3 0.9974440932 0.0078552580 0.0710181743 -0.0181814563 0.9891247749 0.1459507644 -0.0690993518 -0.1468689442 0.9867394567
165.5 304.1 2324.8 0.9974440932 0.0078552580 0.0710181743 -0.0181814563 0.9891247749 0.1459507644 -0.0690993518 -0.1468689442 0.9867394567
163.9 106.9 2348.9 0.9974614382 0.0074291248 0.0708204359 -0.0159352478 0.9926081896 0.1203125268 -0.0694031268 -0.1211356446 0.9902067184
19.9 306.5 2335.0 0.7355173230 -0.6692298055 -0.1055734530 0.4659726322 0.6128100157 -0.6382267475 0.4918168187 0.4202324748 0.7625751495
-137.4 206.8 2229.8 -0.7265436053 -0.6653800011 -0.1714754701 -0.6642744541 0.6163471341 0.4229133427 -0.1757096648 0.4211717546 -0.8897979856
311.1 301.8 2314.7 0.4125451744 -0.6184259057 0.6688466668 0.8852256536 0.4453827739 -0.1342001408 -0.2148999572 0.6474438906 0.7311869860
379.5 448.6 2279.1 -0.3617534935 -0.6184259057 0.6976273060 0.5700507164 0.4453827739 0.6904175282 -0.7376832366 0.6474438906 0.1914153695
71.9 -86.6 2376.4 0.9904561043 -0.0136576211 -0.1371503919 0.0217719264 0.9980884790 0.0578388609 0.1360982805 -0.0602728799 0.9888601899
77.3 -483.3 2400.4 0.9892671108 0.0562493242 -0.1348577887 -0.0636003911 0.9966800213 -0.0508328043 0.1315507442 0.0588642284 0.9895601869
