176.7 508.1 2309.1 9 0.9992170334 0.0355295874 0.0174062923 -0.0388512425 0.9642957449 0.2619623244 -0.0074774008 -0.2624334693 0.9649211168
168.0 272.4 2373.2 0.9992170334 0.0355295874 0.0174062923 -0.0388512425 0.9642957449 0.2619623244 -0.0074774008 -0.2624334693 0.9649211168
169.1 73.9 2365.6 0.9999043345 -0.0052821720 0.0127851637 0.0057649724 0.9992601275 -0.0380250923 -0.0125748497 0.0380951613 0.9991949797
22.0 271.6 2375.0 0.7826734781 -0.5948053598 -0.1833817363 0.3102705777 0.6282377839 -0.7134770155 0.5395872593 0.5015215278 0.6762556434
-140.8 207.0 2262.8 -0.7685750127 -0.5948053598 -0.2355824709 -0.6272764206 0.6282377839 0.4602624774 -0.1257647723 0.5015215278 -0.8559552431
314.1 273.3 2371.4 0.2792075872 0.2701992989 0.9214311838 0.8146988750 0.4412449300 -0.3762561679 -0.5082409978 0.8557425141 -0.0969321430
391.1 498.0 2231.2 -0.8934380412 0.2701992989 0.3588325083 0.4461607039 0.4412449300 0.7786164284 0.0520486049 0.8557425141 -0.5147773027
78.7 -122.5 2361.6 0.9805548787 0.0171662774 -0.1954927444 0.0086179869 0.9914391637 0.1302847713 0.1960556805 -0.1294361204 0.9720125794
71.8 -516.5 2413.0 0.9799231291 0.0440891013 -0.1944396049 -0.0630708486 0.9937097430 -0.0925367922 0.1891366690 0.1029424220 0.9765399098
262.0 -120.5 2359.0 0.9753560424 0.1010316312 0.1961458623 -0.1067337394 0.9941118956 0.0186935030 -0.1931023002 -0.0391682014 0.9803965092
221.9 -515.5 2374.6 0.9791055918 -0.0729549155 0.1898152530 0.0820013657 0.9958195686 -0.0402394831 -0.1860860735 0.0549638160 0.9809948802
58.9 370.0 2295.5 0 0 0 0 0 0 0 0 0
170.8 608.0 2244.0 0 0 0 0 0 0 0 0 0
57.6 -837.1 2379.8 0 0 0 0 0 0 0 0 0
244.3 -821.4 2357.7 0 0 0 0 0 0 0 0 0
176.9 507.5 2310.4 0 0.9988127947 0.0346358642 0.0342549905 -0.0424596071 0.9636850357 0.2636442482 -0.0238794740 -0.2647856772 0.9640115499
168.4 271.0 2375.4 0.9988127947 0.0346358642 0.0342549905 -0.0424596071 0.9636850357 0.2636442482 -0.0238794740 -0.2647856772 0.9640115499
168.3 72.6 2364.5 0.9995911121 0.0002539393 0.0285917073 0.0013153740 0.9984934926 -0.0548548177 -0.0285625625 0.0548700020 0.9980849028
22.4 270.8 2379.6 0.7695105076 -0.6071966290 -0.1979037076 0.3043884337 0.6211355925 -0.7221760750 0.5614278913 0.4954824746 0.6627939939
-140.8 206.2 2260.5 -0.7635415792 -0.6071966290 -0.2198101729 -0.6286633015 0.6211355925 0.4679455459 -0.1476030350 0.4954824746 -0.8559851050
314.4 271.2 2371.2 0.2646761537 0.2759155929 0.9240222573 0.8197405338 0.4402998686 -0.3662805557 -0.5079093575 0.8544042706 -0.1096423119
387.3 497.0 2231.3 -0.8720323443 0.2759155929 0.4042650163 0.4885371625 0.4402998686 0.7533043623 0.0298505779 0.8544042706 -0.5187507272
78.4 -125.2 2359.2 0.9837942719 0.0110351779 -0.1789610982 0.0132868513 0.9908732176 0.1341408342 0.1788080335 -0.1343448013 0.9746687412
74.0 -519.0 2412.6 0.9825074077 0.0578691065 -0.1770038009 -0.0742135420 0.9934266210 -0.0871543214 0.1707967371 0.0987658501 0.9803436995
261.8 -124.1 2356.9 0.9730436802 0.0916096270 0.2116452008 -0.0934499800 0.9956231117 -0.0013123333 -0.2108390778 -0.0185012817 0.9773457050
225.4 -519.7 2364.3 0.9756484628 -0.0389005356 0.2158630788 0.0293513164 0.9984508753 0.0472693555 -0.2173674703 -0.0397824049 0.9752787948
57.6 369.6 2298.9 0 0 0 0 0 0 0 0 0
166.8 620.5 2238.9 0 0 0 0 0 0 0 0 0
55.5 -836.5 2381.0 0 0 0 0 0 0 0 0 0
238.8 -862.4 2377.9 0 0 0 0 0 0 0 0 0
176.5 507.1 2309.6 1 0.9987482429 0.0336726904 0.0369876400 -0.0423472412 0.9627694488 0.2669862509 -0.0266204253 -0.2682183683 0.9629902840
168.2 269.6 2375.8 0.9987482429 0.0336726904 0.0369876400 -0.0423472412 0.9627694488 0.2669862509 -0.0266204253 -0.2682183683 0.9629902840
168.6 71.2 2364.4 0.9994933009 -0.0020494042 0.0317637995 0.0038577109 0.9983682632 -0.0569735430 -0.0315952040 0.0570672117 0.9978702664
22.2 269.0 2380.4 0.7680269480 -0.6099296808 -0.1952443570 0.3034482002 0.6150627732 -0.7277478576 0.5639625788 0.4996834397 0.6574668884
-139.7 205.1 2261.5 -0.7591496706 -0.6099296808 -0.2273268998 -0.6343818307 0.6150627732 0.4682494104 -0.1457789093 0.4996834397 -0.8538530469
314.2 270.2 2371.1 0.2531501055 0.2836282551 0.9249162078 0.8274518251 0.4318669438 -0.3589073122 -0.5012370348 0.8561810255 -0.1253615618
383.5 496.6 2234.0 -0.8426384926 0.2836282551 0.4577285051 0.5384266973 0.4318669438 0.7235935330 0.0075537669 0.8561810255 -0.5166207552
76.6 -125.9 2356.2 0.9843212366 0.0062071527 -0.1762757450 0.0185611099 0.9901868105 0.1385121644 0.1754056811 -0.1396123320 0.9745466709
74.1 -519.4 2411.7 0.9833445549 0.0558672622 -0.1729518920 -0.0728889853 0.9929303527 -0.0936831981 0.1664953530 0.1047291458 0.9804647565
259.9 -125.6 2351.0 0.9719924331 0.0889936537 0.2175106853 -0.0976547375 0.9947866797 0.0293776914 -0.2137622982 -0.0497958437 0.9756157398
224.6 -520.7 2370.8 0.9753439426 -0.0497729629 0.2150043696 0.0504691564 0.9987230897 0.0022540053 -0.2148420215 0.0086526591 0.9766104817
57.6 369.9 2299.4 0 0 0 0 0 0 0 0 0
167.9 634.4 2235.9 0 0 0 0 0 0 0 0 0
56.5 -833.0 2378.6 0 0 0 0 0 0 0 0 0
240.6 -842.6 2368.0 0 0 0 0 0 0 0 0 0
176.2 506.6 2309.2 2 0.9984618425 0.0394250117 0.0389819071 -0.0485311188 0.9614467621 0.2706747651 -0.0268076733 -0.2721502781 0.9618812799
166.4 268.8 2376.5 0.9984618425 0.0394250117 0.0389819071 -0.0485311188 0.9614467621 0.2706747651 -0.0268076733 -0.2721502781 0.9618812799
168.7 70.5 2363.4 0.9993541837 -0.0112035619 0.0341421291 0.0134173753 0.9977743030 -0.0653176531 -0.0333343521 0.0657335669 0.9972802401
20.5 266.8 2381.4 0.7659762502 -0.6106930375 -0.2008343190 0.2969180346 0.6131564975 -0.7320374250 0.5701930523 0.5010919571 0.6509890556
-139.5 204.8 2262.3 -0.7571452856 -0.6106930375 -0.2319159359 -0.6374643445 0.6131564975 0.4665601254 -0.1427242756 0.5010919571 -0.8535435796
312.4 270.7 2371.6 0.2497631311 0.2837302387 0.9258053303 0.8268899322 0.4350119531 -0.3563953042 -0.5038564801 0.8545535207 -0.1259637326
380.0 494.3 2235.4 -0.8181767464 0.2837302387 0.5000839829 0.5745888948 0.4350119531 0.6932619810 -0.0208431166 0.8545535207 -0.5189448595
77.3 -127.5 2356.0 0.9844018221 0.0086691929 -0.1757210493 0.0157326683 0.9904462099 0.1369991601 0.1752299219 -0.1376267821 0.9748606682
73.9 -521.1 2410.7 0.9834613204 0.0529736802 -0.1731982231 -0.0690800324 0.9936933517 -0.0883262232 0.1674269438 0.0988299623 0.9809183478
260.7 -126.8 2350.2 0.9708670974 0.0924433023 0.2210685164 -0.1051535904 0.9933724999 0.0464088172 -0.2153132111 -0.0683029443 0.9741534591
223.9 -521.4 2377.3 0.9752712250 -0.0594891272 0.2128544897 0.0682844967 0.9970793724 -0.0342042483 -0.2101980448 0.0478930809 0.9764850140
57.3 370.5 2299.4 0 0 0 0 0 0 0 0 0
169.3 642.3 2230.0 0 0 0 0 0 0 0 0 0
57.1 -836.2 2379.3 0 0 0 0 0 0 0 0 0
242.4 -831.2 2362.4 0 0 0 0 0 0 0 0 0
174.0 507.7 2315.5 3 0.9985011816 0.0395185463 0.0378643088 -0.0476578809 0.9679691792 0.2465043366 -0.0269099884 -0.2479394078 0.9684017301
164.2 268.7 2376.7 0.9985011816 0.0395185463 0.0378643088 -0.0476578809 0.9679691792 0.2465043366 -0.0269099884 -0.2479394078 0.9684017301
168.0 70.5 2362.7 0.9992274642 -0.0187772792 0.0345238484 0.0211604517 0.9973216057 -0.0700130314 -0.0331167281 0.0706894845 0.9969484806
18.3 265.6 2381.5 0.7704179883 -0.6033269763 -0.2060403973 0.2859880924 0.6158897877 -0.7340916991 0.5697954893 0.5066323280 0.6470369101
-140.8 206.5 2263.9 -0.7628410459 -0.6033269763 -0.2325297594 -0.6309245229 0.6158897877 0.4718199372 -0.1414490044 0.5066323280 -0.8504797816
310.2 271.8 2371.9 0.2533773184 0.2874230742 0.9236817360 0.8267321587 0.4314653575 -0.3610424101 -0.5023086071 0.8551173210 -0.1282983571
378.1 493.2 2237.3 -0.7854862809 0.2874230742 0.5480869412 0.6170663238 0.4314653575 0.6580780745 -0.0473337024 0.8551173210 -0.5162692070
79.2 -129.0 2353.4 0.9841293097 0.0161071196 -0.1767202765 0.0102819959 0.9890230298 0.1474031657 0.1771546602 -0.1468808055 0.9731609821
72.8 -522.0 2411.8 0.9832148552 0.0496800207 -0.1755574197 -0.0661268234 0.9938243628 -0.0891084895 0.1700463295 0.0992218405 0.9804280996
262.5 -126.5 2347.3 0.9700318575 0.0988144279 0.2219772190 -0.1143273562 0.9917411804 0.0581268668 -0.2144001722 -0.0817629769 0.9733177423
223.3 -520.5 2379.8 0.9753940701 -0.0667523667 0.2101202756 0.0785706192 0.9957329631 -0.0483998507 -0.2059928775 0.0637182072 0.9764767885
57.4 370.5 2300.7 0 0 0 0 0 0 0 0 0
175.2 652.5 2225.1 0 0 0 0 0 0 0 0 0
57.2 -835.4 2380.5 0 0 0 0 0 0 0 0 0
243.8 -827.5 2360.2 0 0 0 0 0 0 0 0 0
170.3 502.6 2313.1 4 0.9991955161 0.0353516825 0.0189346597 -0.0390545055 0.9650435448 0.2591634393 -0.0091109071 -0.2596944571 0.9656478763
161.8 269.5 2375.9 0.9991955161 0.0353516825 0.0189346597 -0.0390545055 0.9650435448 0.2591634393 -0.0091109071 -0.2596944571 0.9656478763
167.9 71.2 2363.8 0.9993519783 -0.0310361627 0.0182318762 0.0320865139 0.9976546168 -0.0604628436 -0.0163125806 0.0610086583 0.9980039001
15.8 264.8 2378.3 0.7706189156 -0.6069658995 -0.1942650080 0.2949077487 0.6098569632 -0.7355976701 0.5649565458 0.5095751882 0.6489662528
-140.1 205.1 2264.0 -0.7590284348 -0.6069658995 -0.2355169803 -0.6348673105 0.6098569632 0.4743605852 -0.1442890316 0.5095751882 -0.8482415676
307.7 274.2 2373.5 0.3233824670 0.2694340944 0.9070992470 0.7977052331 0.4380243123 -0.4144889116 -0.5090089440 0.8576362729 -0.0732796043
387.6 471.2 2247.8 -0.7842844725 0.2694340944 0.5588408709 0.6166046858 0.4380243123 0.6541661620 -0.0685312226 0.8576362729 -0.5096700191
80.0 -129.6 2351.6 0.9806395769 0.0182480253 -0.1949691921 0.0123265609 0.9879216552 0.1544630378 0.1954329312 -0.1538758725 0.9685701728
72.8 -522.2 2412.8 0.9797952771 0.0504586734 -0.1935333759 -0.0691568553 0.9934369922 -0.0911059901 0.1876661330 0.1026493758 0.9768543839
263.3 -125.7 2345.6 0.9737845063 0.1002609134 0.2041849047 -0.1156567559 0.9911674261 0.0648892298 -0.1958755851 -0.0868034884 0.9767793417
223.5 -519.6 2380.1 0.9793549776 -0.0686184615 0.1901456118 0.0811216831 0.9949704409 -0.0587632991 -0.1851570010 0.0729750618 0.9799956679
57.2 370.1 2301.5 0 0 0 0 0 0 0 0 0
196.4 621.5 2231.1 0 0 0 0 0 0 0 0 0
56.8 -836.7 2380.3 0 0 0 0 0 0 0 0 0
244.5 -824.1 2357.7 0 0 0 0 0 0 0 0 0
167.9 500.6 2312.9 5 0.9992455244 0.0356728807 0.0153577179 -0.0384557582 0.9641274810 0.2626391351 -0.0054377029 -0.2630315721 0.9647719264
159.4 269.9 2375.9 0.9992455244 0.0356728807 0.0153577179 -0.0384557582 0.9641274810 0.2626391351 -0.0054377029 -0.2630315721 0.9647719264
167.2 71.7 2363.8 0.9991084933 -0.0390992388 0.0159218833 0.0399929173 0.9973769188 -0.0603311658 -0.0135212159 0.0609141402 0.9980514050
13.5 264.1 2377.9 0.7760090232 -0.5978013277 -0.2011059374 0.2977951765 0.6283411384 -0.7186831236 0.5559928417 0.4978162050 0.6656207442
-139.4 205.4 2268.4 -0.7667284012 -0.5978013277 -0.2340109497 -0.6294339895 0.6283411384 0.4571654797 -0.1262554228 0.4978162050 -0.8580434918
305.3 275.8 2373.9 0.3215068281 0.2962442338 0.8993735313 0.7898421884 0.4399814010 -0.4272769988 -0.5222859979 0.8477356434 -0.0925291702
386.0 473.9 2242.9 -0.7757200003 0.2962442338 0.5572233200 0.6286583543 0.4399814010 0.6412526965 -0.0552004799 0.8477356434 -0.5275388360
82.4 -129.9 2353.2 0.9797512889 0.0231928211 -0.1988705248 0.0078767687 0.9880343676 0.1540327668 0.2000633627 -0.1524802595 0.9678452611
73.2 -522.6 2413.8 0.9788777232 0.0491455942 -0.1984517574 -0.0689683855 0.9931575656 -0.0942410454 0.1924623400 0.1059373617 0.9755693078
265.7 -124.0 2350.2 0.9742916822 0.1061958298 0.1986911148 -0.1171327531 0.9921370149 0.0440918282 -0.1924464405 -0.0662315413 0.9790698290
223.5 -518.2 2376.5 0.9798060060 -0.0672402903 0.1883055717 0.0771049634 0.9959818125 -0.0455525443 -0.1844859570 0.0591519512 0.9810535312
59.8 368.9 2301.2 0 0 0 0 0 0 0 0 0
190.7 632.2 2229.0 0 0 0 0 0 0 0 0 0
57.7 -836.4 2380.3 0 0 0 0 0 0 0 0 0
244.2 -824.1 2358.3 0 0 0 0 0 0 0 0 0
168.8 501.0 2312.9 6 0.9964820147 0.0151194027 -0.0824320689 0.0034113869 0.9754591584 0.2201539576 0.0837377086 -0.2196606696 0.9719759226
165.4 282.8 2362.0 0.9964820147 0.0151194027 -0.0824320689 0.0034113869 0.9754591584 0.2201539576 0.0837377086 -0.2196606696 0.9719759226
169.6 85.0 2367.5 0.9963510036 -0.0256746467 -0.0813971534 0.0279176645 0.9992578626 0.0265390184 0.0806553662 -0.0287145972 0.9963283539
20.5 278.1 2350.2 0.8231092095 -0.5503250957 -0.1401197910 0.3756584227 0.7126977444 -0.5924041271 0.4258778989 0.4349761009 0.7933623195
-139.5 205.1 2267.4 -0.7622250915 -0.6217731833 -0.1800304949 -0.6331135035 0.6581611037 0.4074202180 -0.1348339170 0.4245256484 -0.8953199387
310.3 287.5 2373.8 0.2839360237 0.3222565949 0.9030675888 0.7874891162 0.4589495063 -0.4113712311 -0.5470294952 0.8279589415 -0.1234612614
380.6 482.6 2238.2 -0.7644126415 0.3222565949 0.5584120154 0.6420778036 0.4589495063 0.6140858531 -0.0583896972 0.8279589415 -0.5577406287
83.3 -130.1 2352.9 0.9562116265 0.0238350444 -0.2917040586 0.0220585428 0.9879744649 0.1530354023 0.2918437719 -0.1527688056 0.9441869259
73.8 -522.8 2413.7 0.9558615088 0.0521371514 -0.2891547084 -0.0792975500 0.9933881164 -0.0830180198 0.2829145193 0.1022829935 0.9536758065
266.1 -120.0 2357.2 0.9896323085 0.1095487028 0.0928814113 -0.1130329370 0.9930396080 0.0331051424 -0.0886082947 -0.0432605781 0.9951266646
222.3 -516.9 2374.5 0.9940015078 -0.0704832524 0.0836250409 0.0746750012 0.9960471988 -0.0481006503 -0.0799041912 0.0540568195 0.9953356981
58.5 369.6 2302.4 0 0 0 0 0 0 0 0 0
185.1 646.8 2223.3 0 0 0 0 0 0 0 0 0
57.3 -837.2 2381.3 0 0 0 0 0 0 0 0 0
243.9 -822.1 2358.0 0 0 0 0 0 0 0 0 0
170.3 504.4 2311.8 7 0.9987352490 0.0338993259 -0.0371309817 -0.0238515455 0.9695730805 0.2436373532 0.0442603417 -0.2424435914 0.9691553712
162.5 281.4 2367.6 0.9987352490 0.0338993259 -0.0371309817 -0.0238515455 0.9695730805 0.2436373532 0.0442603417 -0.2424435914 0.9691553712
171.0 83.4 2367.4 0.9983253479 -0.0455339737 -0.0356810503 0.0455028117 0.9989627600 -0.0016853093 0.0357207805 0.0000588989 0.9993618131
17.2 274.4 2362.3 0.8079624772 -0.5651571155 -0.1667156070 0.3417326510 0.6799319983 -0.6487767696 0.4800160825 0.4672151208 0.7424921393
-140.3 207.8 2268.8 -0.7631043196 -0.6083944440 -0.2180093229 -0.6356602311 0.6456876993 0.4231116176 -0.1166528165 0.4614581466 -0.8794592023
307.9 288.4 2372.8 0.2673056424 0.3293464184 0.9055819511 0.7954511046 0.4550108612 -0.4002782702 -0.5438798070 0.8273427486 -0.1403519809
375.8 490.7 2234.5 -0.7707959414 0.3293464184 0.5453480482 0.6356462836 0.4550108612 0.6236336231 -0.0427478030 0.8273427486 -0.5600683689
82.9 -115.7 2365.6 0.9679545164 0.0185725894 -0.2504378557 0.0140796574 0.9916791320 0.1279619485 0.2507305741 -0.1273874342 0.9596387744
75.6 -509.7 2416.2 0.9668590426 0.0587520748 -0.2484587729 -0.0837911144 0.9922803640 -0.0914263278 0.2411692590 0.1092150062 0.9643181562
265.0 -108.8 2382.2 0.9852882624 0.1059506610 0.1340951622 -0.1023375094 0.9941829443 -0.0335761160 -0.1368725300 0.0193591900 0.9903994799
222.9 -503.8 2374.5 0.9892789125 -0.0607214421 0.1328164041 0.0672830418 0.9966967106 -0.0454825573 -0.1296159029 0.0539312251 0.9900965095
58.0 372.9 2299.1 0 0 0 0 0 0 0 0 0
177.1 654.6 2223.5 0 0 0 0 0 0 0 0 0
56.1 -838.1 2380.1 0 0 0 0 0 0 0 0 0
242.3 -821.8 2357.3 0 0 0 0 0 0 0 0 0
171.9 507.5 2310.3 8 0.9988191128 0.0481550917 -0.0064401934 -0.0449186787 0.9658284783 0.2552600205 0.0185121913 -0.2546693087 0.9668509960
160.5 279.9 2370.3 0.9988191128 0.0481550917 -0.0064401934 -0.0449186787 0.9658284783 0.2552600205 0.0185121913 -0.2546693087 0.9668509960
169.9 81.7 2367.1 0.9987958670 -0.0486433804 -0.0063727931 0.0485369377 0.9986946583 -0.0159102883 0.0071384045 0.0155818136 0.9998531342
14.9 272.5 2369.3 0.7906472087 -0.5948993564 -0.1448163539 0.3274702728 0.6107248068 -0.7209566236 0.5173395276 0.5225992799 0.6776797175
-140.9 208.0 2267.3 -0.7570904493 -0.5948993564 -0.2700164020 -0.6441412568 0.6107248068 0.4605402052 -0.1090693474 0.5225992799 -0.8455731273
306.1 287.2 2371.4 0.3396366239 0.2855666876 0.8961576819 0.7787408233 0.4489411414 -0.4381946623 -0.5274558663 0.8467015624 -0.0699055865
387.3 473.2 2245.4 -0.7846371531 0.2855666876 0.5502691865 0.6168057919 0.4489411414 0.6465311050 -0.0624107420 0.8467015624 -0.5283951163
88.3 -119.0 2363.9 0.9744586349 0.0316749066 -0.2223220766 -0.0033724564 0.9919551015 0.1265450865 0.2245418280 -0.1225631759 0.9667260647
75.7 -513.2 2412.6 0.9728075266 0.0588591844 -0.2240113765 -0.0796435252 0.9932012558 -0.0849010572 0.2174911648 0.1004334465 0.9708814025
270.8 -109.7 2371.4 0.9790193439 0.1177703664 0.1662866175 -0.1162242889 0.9930406213 -0.0190329533 -0.1673708856 -0.0006929145 0.9858937860
224.0 -504.2 2371.7 0.9847065210 -0.0579733178 0.1642927676 0.0646603703 0.9972704649 -0.0356462076 -0.1617777944 0.0457242876 0.9857673049
55.8 375.3 2295.6 0 0 0 0 0 0 0 0 0
197.3 622.6 2230.2 0 0 0 0 0 0 0 0 0
56.5 -836.8 2379.9 0 0 0 0 0 0 0 0 0
242.3 -818.9 2357.2 0 0 0 0 0 0 0 0 0
169.1 503.7 2310.5 9 0.9984951615 0.0541905984 0.0084159346 -0.0545347594 0.9649971724 0.2565277219 0.0057800370 -0.2566006482 0.9665002227
156.4 277.8 2370.6 0.9984951615 0.0541905984 0.0084159346 -0.0545347594 0.9649971724 0.2565277219 0.0057800370 -0.2566006482 0.9665002227
167.1 79.5 2365.9 0.9984515905 -0.0549705923 0.0085270312 0.0551545732 0.9982106686 -0.0230955537 -0.0072421972 0.0235300977 0.9996969104
10.7 269.6 2371.7 0.7792680860 -0.6046642661 -0.1646887809 0.3155999184 0.6056797504 -0.7304441929 0.5414221883 0.5172360539 0.6628188491
-141.1 208.1 2266.2 -0.7516210079 -0.6046642661 -0.2635279894 -0.6487811804 0.6056797504 0.4606897235 -0.1189490631 0.5172360539 -0.8475363851
302.1 285.9 2369.6 0.3899490237 0.2673028409 0.8811861277 0.7550466061 0.4549611807 -0.4721387327 -0.5271095037 0.8494465947 -0.0244144220
391.5 459.0 2248.7 -0.7825474739 0.2673028409 0.5622887611 0.6168782115 0.4549611807 0.6422395110 -0.0841471329 0.8494465947 -0.5209220052
87.8 -121.1 2363.3 0.9775843024 0.0292058550 -0.2085088491 -0.0019126002 0.9915232062 0.1299156100 0.2105356604 -0.1266046762 0.9693533778
76.2 -515.1 2413.6 0.9757161140 0.0627526268 -0.2098575234 -0.0830943435 0.9925094843 -0.0895555690 0.2026657313 0.1048187837 0.9736219049
270.7 -111.7 2365.0 0.9756194353 0.1194927320 0.1840873957 -0.1219061613 0.9925400019 0.0018073665 -0.1824981421 -0.0242046900 0.9829081893
223.2 -505.9 2374.7 0.9819014072 -0.0629986748 0.1786078215 0.0716149732 0.9965389967 -0.0422053374 -0.1753307879 0.0542324744 0.9830147028
54.2 376.7 2297.1 0 0 0 0 0 0 0 0 0
208.1 603.6 2229.0 0 0 0 0 0 0 0 0 0
55.9 -836.1 2379.7 0 0 0 0 0 0 0 0 0
242.9 -817.9 2357.7 0 0 0 0 0 0 0 0 0
169.0 502.1 2310.6 0 0.9969934821 0.0739034861 0.0232871957 -0.0773988217 0.9640578628 0.2541688681 -0.0036662375 -0.2552071214 0.9668794870
151.5 273.5 2371.1 0.9969934821 0.0739034861 0.0232871957 -0.0773988217 0.9640578628 0.2541688681 -0.0036662375 -0.2552071214 0.9668794870
165.2 75.5 2363.9 0.9973153472 -0.0696324110 0.0226582531 0.0703907833 0.9969193339 -0.0345972441 -0.0201793611 0.0360992961 0.9991444349
5.9 263.2 2374.1 0.7761037946 -0.5999271274 -0.1942946017 0.2877344787 0.6110607386 -0.7374372482 0.5611343980 0.5164225698 0.6468662620
-141.0 208.7 2267.9 -0.7491008043 -0.5999271274 -0.2809545398 -0.6557002664 0.6110607386 0.4434658289 -0.0943668932 0.5164225698 -0.8511184454
297.1 283.9 2368.2 0.4266934693 0.2531192005 0.8682530522 0.7415536046 0.4516489506 -0.4960962534 -0.5177170634 0.8555371761 0.0050142226
392.7 450.1 2252.1 -0.7738214731 0.2531192005 0.5806298256 0.6252754331 0.4516489506 0.6364305019 -0.1011480838 0.8555371761 -0.5077648759
86.4 -123.8 2361.8 0.9800543785 0.0278069302 -0.1967744082 -0.0022374669 0.9916434884 0.1289889365 0.1987168640 -0.1259758919 0.9719268084
75.4 -517.9 2411.9 0.9782844186 0.0606001467 -0.1982099116 -0.0784087554 0.9934381247 -0.0832630619 0.1918635219 0.0969963521 0.9766166806
269.4 -113.4 2360.7 0.9742777348 0.1084125340 0.1975591928 -0.1091875806 0.9939965010 -0.0069986675 -0.1971319020 -0.0147523656 0.9802659750
226.3 -508.3 2366.6 0.9787162542 -0.0340449661 0.2023744434 0.0266599413 0.9988793135 0.0391071849 -0.2034790516 -0.0328795463 0.9785270691
53.6 379.0 2292.4 0 0 0 0 0 0 0 0 0
214.6 594.1 2228.9 0 0 0 0 0 0 0 0 0
55.9 -836.6 2380.8 0 0 0 0 0 0 0 0 0
238.1 -854.3 2378.0 0 0 0 0 0 0 0 0 0
169.1 502.1 2309.7 1 0.9958553910 0.0740165040 0.0528547205 -0.0850957111 0.9634024501 0.2541937828 -0.0321058296 -0.2576379478 0.9657079577
151.5 272.7 2371.1 0.9958553910 0.0740165040 0.0528547205 -0.0850957111 0.9634024501 0.2541937828 -0.0321058296 -0.2576379478 0.9657079577
164.4 74.6 2362.3 0.9965208769 -0.0654723421 0.0515701659 0.0675936267 0.9968896508 -0.0405226201 -0.0487566516 0.0438674502 0.9978469014
6.0 262.8 2378.2 0.7664225698 -0.6053851247 -0.2147213966 0.2790831625 0.6149210930 -0.7375531793 0.5785403848 0.5053522587 0.6402422190
-141.9 208.9 2266.6 -0.7468314171 -0.6053851247 -0.2752303183 -0.6584071517 0.6149210930 0.4340185523 -0.0935034454 0.5053522587 -0.8578322530
296.9 282.6 2364.0 0.4395876825 0.2451851070 0.8640873432 0.7412776351 0.4442267120 -0.5031601191 -0.5072180629 0.8617116213 0.0135263577
392.9 444.5 2253.2 -0.7653381228 0.2451851070 0.5950981379 0.6342929006 0.4442267120 0.6327204704 -0.1092248559 0.8617116213 -0.4955027997
87.6 -129.0 2358.5 0.9854274988 0.0286455955 -0.1676664799 -0.0053772111 0.9904708862 0.1376171261 0.1700108945 -0.1347101182 0.9761913419
76.2 -522.6 2412.1 0.9835488200 0.0616005473 -0.1698149741 -0.0774798542 0.9930562377 -0.0885222703 0.1631827950 0.1002232134 0.9814920425
270.4 -115.9 2355.0 0.9668055177 0.1137494296 0.2287970930 -0.1196379811 0.9927452207 0.0119864326 -0.2257737815 -0.0389613733 0.9734003544
225.2 -510.3 2370.5 0.9727020860 -0.0458238348 0.2274881452 0.0468963683 0.9988995194 0.0006910759 -0.2272694707 0.0099961571 0.9737806320
52.1 380.0 2290.8 0 0 0 0 0 0 0 0 0
218.4 589.1 2228.3 0 0 0 0 0 0 0 0 0
56.7 -836.8 2380.4 0 0 0 0 0 0 0 0 0
240.1 -835.4 2367.2 0 0 0 0 0 0 0 0 0
169.5 500.6 2310.2 2 0.9953405857 0.0642058179 0.0719359666 -0.0804150254 0.9644104242 0.2518847585 -0.0532033257 -0.2564958632 0.9650799632
154.3 272.4 2370.9 0.9953405857 0.0642058179 0.0719359666 -0.0804150254 0.9644104242 0.2518847585 -0.0532033257 -0.2564958632 0.9650799632
164.7 74.2 2361.2 0.9961540103 -0.0524862669 0.0701593980 0.0557573587 0.9974067211 -0.0455072746 -0.0675889477 0.0492441580 0.9964972138
8.8 264.2 2380.8 0.7614191771 -0.6089633703 -0.2222712338 0.2787353396 0.6171054244 -0.7358583212 0.5852755308 0.4983417988 0.6396154761
-142.0 209.0 2264.8 -0.7451698780 -0.6089633703 -0.2718188465 -0.6603838205 0.6171054244 0.4278715849 -0.0928172246 0.4983417988 -0.8619979024
299.7 280.5 2361.1 0.4404866993 0.2045433223 0.8741472960 0.7582567334 0.4365357459 -0.4842347205 -0.4806435406 0.8761270046 0.0371918529
394.0 442.9 2258.1 -0.7632183433 0.2045433223 0.6129108667 0.6315590739 0.4365357459 0.6407571435 -0.1364949346 0.8761270046 -0.4623532891
86.0 -129.6 2358.1 0.9886735082 0.0279766358 -0.1474516839 -0.0086912094 0.9914961457 0.1298456341 0.1498304158 -0.1270934045 0.9805091023
74.9 -523.7 2408.6 0.9871014357 0.0557943061 -0.1500592828 -0.0675945655 0.9949110746 -0.0747192428 0.1451267302 0.0838986635 0.9858494997
268.6 -117.1 2349.2 0.9614464045 0.1117580608 0.2512587309 -0.1247503757 0.9915225506 0.0363377035 -0.2450676709 -0.0662813783 0.9672375917
224.3 -511.0 2375.5 0.9680999517 -0.0572590195 0.2439341247 0.0651808679 0.9975721240 -0.0245213341 -0.2419378161 0.0396389402 0.9694817662
51.6 380.6 2289.0 0 0 0 0 0 0 0 0 0
220.7 586.4 2227.1 0 0 0 0 0 0 0 0 0
57.3 -838.0 2382.1 0 0 0 0 0 0 0 0 0
242.5 -828.3 2362.9 0 0 0 0 0 0 0 0 0
169.6 500.7 2309.5 3 0.9947984219 0.0576488562 0.0839805752 -0.0771491751 0.9647456408 0.2516223788 -0.0665141493 -0.2567925751 0.9641749859
155.9 271.7 2370.4 0.9947984219 0.0576488562 0.0839805752 -0.0771491751 0.9647456408 0.2516223788 -0.0665141493 -0.2567925751 0.9641749859
165.1 73.5 2360.6 0.9955241084 -0.0464799330 0.0822881982 0.0503611378 0.9976833463 -0.0457352586 -0.0799717903 0.0496746786 0.9955586195
10.5 264.4 2382.1 0.7602251768 -0.6128529906 -0.2155663520 0.2754796147 0.6046057940 -0.7473706007 0.5883609653 0.5087857842 0.6284650564
-142.1 209.1 2264.0 -0.7424024940 -0.6128529906 -0.2706469297 -0.6610820889 0.6046057940 0.4443222880 -0.1086695418 0.5087857842 -0.8540070057
301.3 279.1 2358.8 0.4372688234 0.1986379623 0.8771196604 0.7658047080 0.4291199744 -0.4789563417 -0.4715284705 0.8811350465 0.0355228968
393.6 440.8 2259.2 -0.7575559020 0.1986379623 0.6218134761 0.6376345158 0.4291199744 0.6397485733 -0.1397542208 0.8811350465 -0.4517408013
83.7 -129.1 2357.6 0.9906898141 0.0214744899 -0.1344340891 -0.0031233318 0.9908059835 0.1352543831 0.1361026168 -0.1335752606 0.9816485047
75.2 -522.8 2410.7 0.9892863035 0.0533840284 -0.1358778328 -0.0652619302 0.9942826033 -0.0845165253 0.1305891275 0.0924786925 0.9871140718
266.3 -118.8 2345.2 0.9583244324 0.1069010645 0.2649272382 -0.1238973811 0.9911214113 0.0482470393 -0.2574174106 -0.0790601075 0.9630606174
223.9 -512.6 2376.6 0.9650405049 -0.0617557801 0.2547215223 0.0736468956 0.9965826869 -0.0374035724 -0.2515411675 0.0548554137 0.9662908316
50.8 380.8 2292.2 0 0 0 0 0 0 0 0 0
222.0 585.2 2227.5 0 0 0 0 0 0 0 0 0
58.4 -836.0 2381.5 0 0 0 0 0 0 0 0 0
243.3 -825.4 2359.4 0 0 0 0 0 0 0 0 0
169.6 502.8 2309.1 4 0.9940701127 0.0512636974 0.0958991945 -0.0737681985 0.9658550024 0.2483593822 -0.0798928961 -0.2539609373 0.9639092088
157.3 270.7 2370.2 0.9940701127 0.0512636974 0.0958991945 -0.0737681985 0.9658550024 0.2483593822 -0.0798928961 -0.2539609373 0.9639092088
165.1 72.5 2359.8 0.9947740436 -0.0395515561 0.0941292271 0.0442535989 0.9978471994 -0.0484007336 -0.0920122564 0.0523133501 0.9943827391
12.0 264.3 2383.6 0.7572847605 -0.6167824864 -0.2147070915 0.2755191326 0.5997901559 -0.7512263060 0.5921224356 0.5097363591 0.6241473556
-142.0 208.2 2263.2 -0.7389506698 -0.6167824864 -0.2711664736 -0.6643069386 0.5997901559 0.4460359514 -0.1124641821 0.5097363591 -0.8529482484
302.5 277.2 2356.7 0.4295735657 0.2085970640 0.8786090016 0.7692118883 0.4251575172 -0.4770264030 -0.4730535150 0.8807544112 0.0221810956
393.6 440.3 2256.4 -0.7578195930 0.2085970640 0.6182206273 0.6395370364 0.4251575172 0.6404947639 -0.1292358190 0.8807544112 -0.4555982351
83.0 -129.4 2358.1 0.9924508929 0.0175294280 -0.1213833019 0.0000876647 0.9896309972 0.1436331570 0.1226424873 -0.1425594985 0.9821586609
76.1 -522.6 2414.7 0.9910717607 0.0537857525 -0.1219993755 -0.0663725957 0.9926117063 -0.1015712991 0.1156349182 0.1087618619 0.9873192906
265.6 -120.1 2343.4 0.9544142485 0.1052946299 0.2792964876 -0.1284416914 0.9895277023 0.0658605769 -0.2694368660 -0.0987315923 0.9579435587
223.7 -513.2 2382.6 0.9623183012 -0.0665031895 0.2636681199 0.0852521211 0.9945328236 -0.0603033416 -0.2582162321 0.0805092752 0.9627266526
50.1 380.9 2292.5 0 0 0 0 0 0 0 0 0
222.7 584.5 2227.3 0 0 0 0 0 0 0 0 0
59.0 -836.9 2380.3 0 0 0 0 0 0 0 0 0
244.3 -821.4 2357.7 0 0 0 0 0 0 0 0 0
169.8 501.6 2310.4 5 0.9948170185 0.0490202568 0.0890850052 -0.0692253113 0.9682379365 0.2402564287 -0.0744780451 -0.2451781183 0.9666129947
158.1 270.5 2369.0 0.9948170185 0.0490202568 0.0890850052 -0.0692253113 0.9682379365 0.2402564287 -0.0744780451 -0.2451781183 0.9666129947
165.5 72.2 2358.9 0.9954918623 -0.0370068327 0.0873292610 0.0412343219 0.9980381727 -0.0471113734 -0.0854144990 0.0504999533 0.9950648546
12.7 264.5 2381.4 0.7618842721 -0.6138925552 -0.2065631151 0.2737865746 0.5942507386 -0.7562453151 0.5870036483 0.5196171999 0.6208258271
-141.5 209.1 2262.6 -0.7397667170 -0.6138925552 -0.2754652798 -0.6627894044 0.5942507386 0.4556054175 -0.1159973145 0.5196171999 -0.8464884162
303.6 276.6 2356.5 0.4226425290 0.2206712067 0.8790207505 0.7686433792 0.4265898168 -0.4766638875 -0.4801673293 0.8771119118 0.0106775276
393.1 439.4 2254.7 -0.7559024096 0.2206712067 0.6163731217 0.6431022882 0.4265898168 0.6359564662 -0.1226012111 0.8771119118 -0.4643744230
81.7 -129.9 2357.8 0.9916837215 0.0168457739 -0.1275918037 0.0015570043 0.9897536039 0.1427773684 0.1286896467 -0.1417886466 0.9814962745
75.0 -523.2 2414.2 0.9903540611 0.0533056632 -0.1278957278 -0.0663038641 0.9928134084 -0.0996259004 0.1216659769 0.1071448997 0.9867711663
264.2 -121.8 2341.0 0.9578723907 0.0944580436 0.2712161243 -0.1116160005 0.9925664663 0.0485147983 -0.2646174133 -0.0767430440 0.9612950087
226.6 -516.0 2371.4 0.9630810022 -0.0333000533 0.2671443224 0.0323237404 0.9994450212 0.0080525335 -0.2672642171 0.0008798625 0.9636228681
50.7 381.3 2292.7 0 0 0 0 0 0 0 0 0
223.0 584.2 2227.2 0 0 0 0 0 0 0 0 0
58.1 -838.9 2380.1 0 0 0 0 0 0 0 0 0
238.1 -860.8 2371.1 0 0 0 0 0 0 0 0 0
169.0 502.5 2309.6 6 0.9946106076 0.0417096354 0.0949211195 -0.0636550859 0.9683087468 0.2415081114 -0.0818397403 -0.2462487370 0.9657452106
159.0 270.1 2368.7 0.9946106076 0.0417096354 0.0949211195 -0.0636550859 0.9683087468 0.2415081114 -0.0818397403 -0.2462487370 0.9657452106
166.2 71.8 2358.0 0.9948900938 -0.0364756510 0.0941449329 0.0413240679 0.9978902340 -0.0500739478 -0.0921198353 0.0537085272 0.9942983985
13.7 264.1 2382.2 0.7634680271 -0.6097985506 -0.2127492428 0.2697930038 0.6004208326 -0.7527991533 0.5867949128 0.5173398256 0.6229215264
-141.6 209.2 2262.8 -0.7417435646 -0.6097985506 -0.2792170346 -0.6623128057 0.6004208326 0.4481478631 -0.1056322083 0.5173398256 -0.8492357135
304.3 276.2 2355.3 0.4154688418 0.2427333742 0.8766220212 0.7661805153 0.4260446429 -0.4810960591 -0.4902581573 0.8715311289 -0.0089692967
392.4 438.5 2251.4 -0.7537615895 0.2427333742 0.6106749773 0.6483746171 0.4260446429 0.6309487820 -0.1070224941 0.8715311289 -0.4785182476
81.5 -129.9 2356.7 0.9925791621 0.0145223988 -0.1207297221 0.0033246782 0.9892306924 0.1463269293 0.1215545684 -0.1456424445 0.9818415046
75.8 -523.0 2414.6 0.9912140369 0.0544850715 -0.1205242947 -0.0673951581 0.9921038151 -0.1057727113 0.1138095781 0.1129661500 0.9870592952
264.1 -122.3 2341.1 0.9552078247 0.0972023532 0.2795169353 -0.1193462163 0.9908337593 0.0632844195 -0.2708034217 -0.0938090608 0.9580529332
225.5 -516.0 2378.4 0.9620879292 -0.0468255654 0.2686896622 0.0579921752 0.9977456927 -0.0337696820 -0.2665026784 0.0480713025 0.9626346231
51.1 381.3 2290.2 0 0 0 0 0 0 0 0 0
223.2 584.1 2227.3 0 0 0 0 0 0 0 0 0
58.5 -836.8 2378.9 0 0 0 0 0 0 0 0 0
240.8 -841.8 2362.7 0 0 0 0 0 0 0 0 0
168.3 501.0 2310.2 7 0.9947268367 0.0405489542 0.0942032412 -0.0617054068 0.9702970982 0.2339144051 -0.0819201469 -0.2384937853 0.9676827192
158.6 269.4 2367.1 0.9947268367 0.0405489542 0.0942032412 -0.0617054068 0.9702970982 0.2339144051 -0.0819201469 -0.2384937853 0.9676827192
165.8 71.1 2356.9 0.9949507117 -0.0362539254 0.0935883224 0.0408700891 0.9980162382 -0.0478875451 -0.0916665569 0.0514707081 0.9944586754
13.3 263.4 2380.5 0.7648929358 -0.6086643338 -0.2108708620 0.2726634145 0.6025155187 -0.7500864863 0.5836038589 0.5162391067 0.6268203259
-141.4 208.3 2262.5 -0.7402644753 -0.6086643338 -0.2855455279 -0.6653983593 0.6025155187 0.4407040775 -0.0961952358 0.5162391067 -0.8510250449
303.9 275.4 2353.7 0.4141325057 0.2512051463 0.8748658299 0.7638964653 0.4267116785 -0.4841274023 -0.4949307740 0.8687998056 -0.0151795316
392.5 438.6 2248.0 -0.7559514046 0.2512051463 0.6045109630 0.6470633745 0.4267116785 0.6318434477 -0.0992295742 0.8687998056 -0.4851189256
82.2 -130.3 2355.8 0.9924616218 0.0175158288 -0.1212974712 0.0001868384 0.9895166159 0.1444187909 0.1225554794 -0.1433527768 0.9820540547
75.3 -523.5 2412.8 0.9908837080 0.0573649406 -0.1218966097 -0.0700027794 0.9923121929 -0.1020592898 0.1151048690 0.1096619889 0.9872816801
264.7 -122.7 2338.9 0.9561546445 0.0933386609 0.2775900364 -0.1115742996 0.9924669266 0.0506025106 -0.2707757354 -0.0793557391 0.9593660235
227.6 -517.0 2370.5 0.9608281851 -0.0263889264 0.2758854628 0.0179881230 0.9992955327 0.0329370089 -0.2765602767 -0.0266841445 0.9606260061
50.9 381.2 2287.5 0 0 0 0 0 0 0 0 0
223.1 583.6 2225.7 0 0 0 0 0 0 0 0 0
57.2 -835.8 2378.3 0 0 0 0 0 0 0 0 0
237.0 -870.2 2379.9 0 0 0 0 0 0 0 0 0
165.9 499.4 2310.0 8 0.9949896932 0.0368911140 0.0929224342 -0.0582815185 0.9691993594 0.2392820120 -0.0812329799 -0.2434988022 0.9664934278
157.2 270.4 2367.5 0.9949896932 0.0368911140 0.0929224342 -0.0582815185 0.9691993594 0.2392820120 -0.0812329799 -0.2434988022 0.9664934278
165.5 72.1 2356.9 0.9947273135 -0.0418122672 0.0936448500 0.0465924330 0.9976890683 -0.0494541302 -0.0913606510 0.0535565130 0.9943766594
11.8 263.6 2380.9 0.7603914142 -0.6121993661 -0.2168336809 0.2736524343 0.6047890186 -0.7478933930 0.5889984965 0.5093547106 0.6274062395
-141.2 208.5 2262.3 -0.7353011966 -0.6121993661 -0.2907647491 -0.6723299026 0.6047890186 0.4268520772 -0.0854672343 0.5093547106 -0.8563020229
302.5 277.2 2354.2 0.4250903130 0.2397074252 0.8728336692 0.7611213326 0.4272395372 -0.4880171418 -0.4898903668 0.8717836738 -0.0008310459
392.9 439.1 2250.0 -0.7571987510 0.2397074252 0.6076104045 0.6442710161 0.4272395372 0.6343352795 -0.1075403020 0.8717836738 -0.4779417813
81.8 -131.0 2355.1 0.9922666550 0.0210107490 -0.1223333701 -0.0037150204 0.9901549816 0.1399259120 0.1240689456 -0.1383893341 0.9825758338
73.4 -524.5 2410.1 0.9910063148 0.0507130511 -0.1238331050 -0.0630805343 0.9931768179 -0.0980851054 0.1180139780 0.1050144136 0.9874435067
264.3 -123.5 2338.3 0.9559181929 0.0955294818 0.2776589692 -0.1154157370 0.9917293787 0.0561430156 -0.2699992359 -0.0857143477 0.9590377808
226.3 -517.6 2372.3 0.9614509940 -0.0396443084 0.2721034586 0.0404692702 0.9991774559 0.0025816560 -0.2719819844 0.0085296929 0.9622645378
49.8 383.2 2284.5 0 0 0 0 0 0 0 0 0
223.1 583.6 2225.9 0 0 0 0 0 0 0 0 0
57.6 -834.7 2377.3 0 0 0 0 0 0 0 0 0
239.3 -845.5 2369.5 0 0 0 0 0 0 0 0 0
166.0 500.6 2309.9 9 0.9953223467 0.0492830686 0.0830936134 -0.0680527538 0.9681498408 0.2409455329 -0.0685725287 -0.2454732358 0.9669750333
154.4 272.3 2367.8 0.9953223467 0.0492830686 0.0830936134 -0.0680527538 0.9681498408 0.2409455329 -0.0685725287 -0.2454732358 0.9669750333
164.7 74.2 2356.3 0.9951431751 -0.0521065146 0.0835162401 0.0566673949 0.9969745278 -0.0532028414 -0.0804913491 0.0576770902 0.9950851798
9.0 264.0 2379.5 0.7518725991 -0.6214060187 -0.2203228176 0.2782639563 0.6020393968 -0.7484101653 0.5977095962 0.5014011860 0.6255718470
-141.5 208.3 2259.9 -0.7334408760 -0.6214060187 -0.2755341232 -0.6720506549 0.6020393968 0.4311572015 -0.1020412594 0.5014011860 -0.8591765761
299.8 280.5 2356.0 0.4402773678 0.2355649918 0.8664092422 0.7481943965 0.4371884167 -0.4990705550 -0.4963476360 0.8679720163 0.0162357613
393.2 439.4 2250.6 -0.7590186596 0.2355649918 0.6069595218 0.6405363083 0.4371884167 0.6313315630 -0.1166360453 0.8679720163 -0.4827220738
82.5 -130.4 2354.6 0.9908292294 0.0176553987 -0.1339614540 0.0022536095 0.9891294241 0.1470304877 0.1351010948 -0.1459839940 0.9800185561
75.5 -523.5 2412.6 0.9891787171 0.0593474731 -0.1341765821 -0.0732963458 0.9921287298 -0.1015292704 0.1270949394 0.1102652401 0.9857425690
265.0 -121.9 2337.9 0.9581770301 0.1013716981 0.2676201165 -0.1222160086 0.9905418158 0.0623707324 -0.2587662935 -0.0924696624 0.9615036845
224.7 -515.5 2374.6 0.9644645452 -0.0544668026 0.2585371733 0.0611856841 0.9979639649 -0.0180071555 -0.2570299804 0.0331860371 0.9658334851
49.1 382.9 2286.4 0 0 0 0 0 0 0 0 0
222.9 583.2 2224.4 0 0 0 0 0 0 0 0 0
56.9 -834.7 2378.1 0 0 0 0 0 0 0 0 0
242.1 -833.2 2364.0 0 0 0 0 0 0 0 0 0
167.0 499.6 2302.8 0 0.9950075746 0.0633040220 0.0771526918 -0.0818814188 0.9598010182 0.2684724033 -0.0570558496 -0.2734494507 0.9601926804
152.1 272.9 2367.4 0.9950075746 0.0633040220 0.0771526918 -0.0818814188 0.9598010182 0.2684724033 -0.0570558496 -0.2734494507 0.9601926804
164.1 74.9 2355.8 0.9952109456 -0.0605920888 0.0767058358 0.0648186952 0.9964421988 -0.0538649596 -0.0731691495 0.0585789680 0.9955977201
6.7 263.4 2378.1 0.7473060489 -0.6272832155 -0.2192017138 0.2784993052 0.5951921940 -0.7537800670 0.6033007503 0.5022568703 0.6194887161
-141.3 208.3 2258.6 -0.7312663794 -0.6272832155 -0.2678903341 -0.6719875932 0.5951921940 0.4406573474 -0.1169707105 0.5022568703 -0.8567706347
297.5 282.4 2356.7 0.3938562870 0.2790021300 0.8758053780 0.7612103224 0.4350599945 -0.4809175134 -0.5152049065 0.8560844660 -0.0410281755
386.9 455.2 2239.7 -0.7440172434 0.2790021300 0.6071211696 0.6615546346 0.4350599945 0.6107931137 -0.0937215611 0.8560844660 -0.5082672834
83.8 -129.1 2352.2 0.9897190332 0.0166692995 -0.1420504302 0.0064088637 0.9870187044 0.1604773998 0.1428814828 -0.1597379297 0.9767643809
77.2 -521.4 2415.7 0.9875456691 0.0689409748 -0.1414240003 -0.0842402875 0.9908756018 -0.1052098796 0.1328803301 0.1158131585 0.9843425155
266.4 -118.8 2337.5 0.9594587088 0.1072821096 0.2606328726 -0.1291963905 0.9892566800 0.0684067905 -0.2504940033 -0.0993063226 0.9630114436
223.7 -511.9 2376.9 0.9670335650 -0.0618946664 0.2470123172 0.0746406764 0.9963015914 -0.0425658412 -0.2434641719 0.0595997646 0.9680770040
48.7 382.9 2289.0 0 0 0 0 0 0 0 0 0
206.8 615.4 2217.0 0 0 0 0 0 0 0 0 0
55.4 -835.5 2379.0 0 0 0 0 0 0 0 0 0
243.2 -826.1 2358.2 0 0 0 0 0 0 0 0 0
165.5 501.6 2305.3 1 0.9966891408 0.0514200293 0.0629818439 -0.0663408563 0.9621503949 0.2643208504 -0.0470066182 -0.2676240206 0.9623761177
153.4 276.1 2368.0 0.9966891408 0.0514200293 0.0629818439 -0.0663408563 0.9621503949 0.2643208504 -0.0470066182 -0.2676240206 0.9623761177
164.9 78.1 2355.8 0.9962978959 -0.0574312285 0.0639696643 0.0611355305 0.9964696765 -0.0575385876 -0.0604393147 0.0612363927 0.9962916970
7.9 267.2 2376.8 0.7522230148 -0.6263988018 -0.2044139355 0.2967877388 0.5990808606 -0.7436525822 0.5882835388 0.4987250268 0.6365498900
-141.2 208.3 2260.2 -0.7268282771 -0.6263988018 -0.2816827893 -0.6800818443 0.5990808606 0.4226000905 -0.0959654152 0.4987250268 -0.8614313602
299.0 285.0 2359.2 0.4125446677 0.3079326451 0.8573123217 0.7393752933 0.4365462959 -0.5125929117 -0.5321005583 0.8453430533 -0.0475829504
390.2 448.6 2241.5 -0.7505018711 0.3079326451 0.5847430229 0.6575462222 0.4365462959 0.6140523553 -0.0661806390 0.8453430533 -0.5301087499
84.9 -129.0 2350.9 0.9879362583 0.0194637738 -0.1536332220 0.0055240290 0.9870095849 0.1605663151 0.1547626853 -0.1594779491 0.9749950171
77.2 -521.3 2414.2 0.9860814214 0.0640630573 -0.1534255743 -0.0801176131 0.9916704893 -0.1008504927 0.1456868201 0.1117388830 0.9830003977
267.4 -117.1 2337.4 0.9623828530 0.1122381538 0.2474305481 -0.1289443225 0.9902701974 0.0523286201 -0.2391498387 -0.0822649300 0.9674915075
222.8 -510.6 2370.1 0.9690871835 -0.0653608888 0.2379033267 0.0734320953 0.9969814420 -0.0252140649 -0.2355371863 0.0419043675 0.9709615111
47.6 385.0 2285.1 0 0 0 0 0 0 0 0 0
214.4 602.7 2226.0 0 0 0 0 0 0 0 0 0
56.7 -838.0 2378.6 0 0 0 0 0 0 0 0 0
243.7 -828.1 2356.8 0 0 0 0 0 0 0 0 0
166.4 503.1 2308.5 2 0.9966266155 0.0454566702 0.0683311075 -0.0610911436 0.9668771625 0.2478233576 -0.0548025593 -0.2511617839 0.9663925171
155.7 276.8 2367.3 0.9966266155 0.0454566702 0.0683311075 -0.0610911436 0.9668771625 0.2478233576 -0.0548025593 -0.2511617839 0.9663925171
165.1 78.7 2354.4 0.9965257645 -0.0472155400 0.0686085820 0.0514916554 0.9967497587 -0.0619555339 -0.0654603243 0.0652730539 0.9957180023
10.2 269.3 2376.9 0.7506352067 -0.6318905354 -0.1930314600 0.3055680990 0.5910405517 -0.7465247512 0.5858113170 0.5013834834 0.6367414594
-141.3 207.6 2258.7 -0.7212099433 -0.6318905354 -0.2838495970 -0.6853005886 0.5910405517 0.4254811108 -0.1010908633 0.5013834834 -0.8592992425
301.3 284.3 2357.8 0.4206211567 0.2724640667 0.8653560877 0.7436900139 0.4427586198 -0.5008892417 -0.5196181536 0.8542412519 -0.0163951758
392.0 444.7 2245.7 -0.7584817410 0.2724640667 0.5920040011 0.6451047659 0.4427586198 0.6227396727 -0.0924406722 0.8542412519 -0.5115922093
84.9 -125.5 2349.2 0.9889993072 0.0178895444 -0.1468342692 0.0062519531 0.9867172837 0.1623265445 0.1477878690 -0.1614588499 0.9757508636
77.8 -517.7 2413.4 0.9870337248 0.0658010393 -0.1464056969 -0.0811167061 0.9915511608 -0.1012244150 0.1385080665 0.1117878556 0.9840320349
