167.6 484.8 2396.8 7 0.9990793467 -0.0008287192 0.0428923629 0.0028359715 0.9989022613 -0.0467577651 -0.0428065285 0.0468363613 0.9979849458
167.8 286.1 2387.5 0.9990793467 -0.0008287192 0.0428923629 0.0028359715 0.9989022613 -0.0467577651 -0.0428065285 0.0468363613 0.9979849458
168.0 87.6 2378.2 0.9990793467 -0.0008111320 0.0428923555 0.0028179314 0.9989027977 -0.0467471480 -0.0428073741 0.0468249768 0.9979854226
21.9 285.7 2393.7 0.8839028478 -0.4329732060 -0.1767766625 0.2395066917 0.7437486053 -0.6240789294 0.4016868472 0.5092859268 0.7611014843
-171.6 233.2 2305.8 -0.8210292459 -0.4329732060 -0.3720821440 -0.5586062670 0.7437486053 0.3671470881 0.1177707240 0.5092859268 -0.8525009751
313.7 286.5 2381.2 0.2101553977 0.0224818960 0.9774094820 0.7640609145 0.6199463606 -0.1785424650 -0.6099554300 0.7843220234 0.1131075397
379.8 526.5 2189.6 -0.9818342924 0.0224818960 -0.1884038448 -0.1341527104 0.6199463606 0.7730908990 0.1341808289 0.7843220234 -0.6056686044
76.9 -112.2 2373.0 0.9862439036 0.0059603816 -0.1651891321 0.0097407065 0.9955173135 0.0940762535 0.1650093794 -0.0943911895 0.9817648530
74.5 -507.8 2410.5 0.9845896363 0.0616431050 -0.1636563390 -0.0759650096 0.9936714768 -0.0827426836 0.1575201154 0.0938997418 0.9830413461
260.1 -111.4 2363.5 0.9694353342 0.0940196142 0.2266172916 -0.1008146033 0.9947318435 0.0185728911 -0.2236772329 -0.0408515483 0.9738067985
222.7 -506.6 2379.7 0.9737734199 -0.0537850969 0.2210711539 0.0633643568 0.9973240495 -0.0364649631 -0.2185183167 0.0495166443 0.9745756984
48.2 382.8 2274.3 0 0 0 0 0 0 0 0 0
124.7 491.6 2224.5 0 0 0 0 0 0 0 0 0
54.3 -833.5 2379.8 0 0 0 0 0 0 0 0 0
240.6 -838.7 2363.3 0 0 0 0 0 0 0 0 0
166.5 484.8 2397.3 8 0.9993627667 -0.0065263053 0.0350924954 0.0081792194 0.9988535643 -0.0471663289 -0.0347444415 0.0474233031 0.9982704520
167.8 286.1 2387.9 0.9993627667 -0.0065263053 0.0350924954 0.0081792194 0.9988535643 -0.0471663289 -0.0347444415 0.0474233031 0.9982704520
169.1 87.6 2378.5 0.9993628263 -0.0065150768 0.0350926034 0.0081685912 0.9988528490 -0.0471832603 -0.0347449444 0.0474398546 0.9982696176
21.9 284.9 2393.0 0.8817363977 -0.4384481907 -0.1740808338 0.2491418421 0.7461617589 -0.6173904538 0.4005861878 0.5010048151 0.7671537995
-168.5 231.1 2306.5 -0.8187754750 -0.4384481907 -0.3706344664 -0.5614946485 0.7461617589 0.3577238619 0.1197098866 0.5010048151 -0.8571252823
313.8 287.3 2382.8 0.2139759958 0.0166800674 0.9766964912 0.7632866502 0.6211041212 -0.1778291166 -0.6095963717 0.7835505605 0.1201696917
381.0 526.7 2191.6 -0.9824521542 0.0166800674 -0.1857675016 -0.1354176551 0.6211041212 0.7719402313 0.1282569766 0.7835505605 -0.6079462767
76.5 -111.2 2372.8 0.9848012328 0.0062996834 -0.1735707372 0.0112444209 0.9949330091 0.0999090225 0.1733206511 -0.1003422365 0.9797404408
74.0 -506.6 2412.7 0.9833232164 0.0597177446 -0.1717825979 -0.0750583261 0.9936149716 -0.0842352808 0.1656554043 0.0957242176 0.9815269709
259.7 -110.6 2364.9 0.9715865850 0.0911155418 0.2184431404 -0.0970971659 0.9951334000 0.0167832579 -0.2158508599 -0.0375166014 0.9757053256
223.5 -506.1 2379.8 0.9754735231 -0.0583586916 0.2122396827 0.0696731508 0.9964985251 -0.0462211668 -0.2087991238 0.0598749295 0.9761239290
50.8 381.5 2274.4 0 0 0 0 0 0 0 0 0
125.7 491.6 2224.9 0 0 0 0 0 0 0 0 0
54.2 -835.2 2381.0 0 0 0 0 0 0 0 0 0
242.4 -827.6 2360.5 0 0 0 0 0 0 0 0 0
165.5 484.3 2398.6 9 0.9995129704 -0.0110084452 0.0292003863 0.0124617675 0.9986681938 -0.0500648692 -0.0286103617 0.0504043736 0.9983190298
167.7 285.7 2388.6 0.9995129704 -0.0110084452 0.0292003863 0.0124617675 0.9986681938 -0.0500648692 -0.0286103617 0.0504043736 0.9983190298
169.9 87.2 2378.6 0.9995130897 -0.0109939333 0.0292006284 0.0124479067 0.9986672997 -0.0500867665 -0.0286110621 0.0504258685 0.9983178973
21.7 283.9 2392.8 0.8792427778 -0.4464741647 -0.1661111563 0.2607044876 0.7428266406 -0.6166374683 0.3987044990 0.4988681376 0.7695227861
-169.4 227.2 2306.1 -0.8165161610 -0.4464741647 -0.3660084009 -0.5662696362 0.7428266406 0.3571377099 0.1124280244 0.4988681376 -0.8593547344
313.7 287.5 2384.4 0.2141867727 0.0129086431 0.9767073989 0.7615779042 0.6239265800 -0.1752561331 -0.6116560698 0.7813763618 0.1238058880
381.1 527.2 2191.9 -0.9829676747 0.0129086431 -0.1833245307 -0.1353511363 0.6239265800 0.7696724534 0.1243164763 0.7813763618 -0.6115524769
78.8 -111.6 2372.2 0.9836319089 0.0101614986 -0.1799027175 0.0089624403 0.9944137931 0.1051706001 0.1799664348 -0.1050615236 0.9780461192
74.7 -506.8 2414.0 0.9820588827 0.0612120852 -0.1783630997 -0.0788287073 0.9925019741 -0.0934123695 0.1713077575 0.1057965830 0.9795206785
262.1 -110.1 2365.9 0.9717534781 0.1016325876 0.2129930407 -0.1085055172 0.9938782454 0.0207997151 -0.2095752209 -0.0433231145 0.9768322706
221.7 -505.1 2383.1 0.9766436815 -0.0679558814 0.2038361132 0.0820807442 0.9947170019 -0.0616513565 -0.1985696703 0.0769424289 0.9770618677
49.2 378.8 2276.0 0 0 0 0 0 0 0 0 0
125.7 492.0 2224.2 0 0 0 0 0 0 0 0 0
54.4 -836.5 2378.9 0 0 0 0 0 0 0 0 0
243.4 -823.2 2358.5 0 0 0 0 0 0 0 0 0
163.8 484.4 2397.7 0 0.9995798469 -0.0172700789 0.0232778471 0.0183295943 0.9987686872 -0.0460987613 -0.0224530566 0.0465060659 0.9986656308
167.3 285.7 2388.4 0.9995798469 -0.0172700789 0.0232778471 0.0183295943 0.9987686872 -0.0460987613 -0.0224530566 0.0465060659 0.9986656308
170.7 87.3 2379.2 0.9995797873 -0.0172741897 0.0232783500 0.0183343794 0.9987672567 -0.0461278372 -0.0224528331 0.0465352461 0.9986642599
21.3 283.1 2391.7 0.8768455386 -0.4568083584 -0.1498934925 0.2687022686 0.7241759896 -0.6351127028 0.3986740708 0.5166190267 0.7577359676
-168.5 224.9 2305.4 -0.8052673936 -0.4568083584 -0.3779821694 -0.5834042430 0.7241759896 0.3677072227 0.1057538837 0.5166190267 -0.8496592641
313.3 288.4 2385.2 0.2141822129 0.0167038925 0.9766508937 0.7625762820 0.6219636202 -0.1778726578 -0.6104124784 0.7828679681 0.1204755530
380.9 529.0 2192.6 -0.9830027223 0.0167038925 -0.1828295738 -0.1329558939 0.6219636202 0.7716761231 0.1266033351 0.7828679681 -0.6091710329
80.4 -112.4 2371.2 0.9823838472 0.0102215828 -0.1865944117 0.0107360063 0.9937667251 0.1109612435 0.1865655184 -0.1110098138 0.9761506915
76.3 -507.3 2415.3 0.9807054996 0.0640001372 -0.1847179383 -0.0827120468 0.9919934273 -0.0954343751 0.1771311760 0.1088714153 0.9781470299
263.7 -110.1 2365.9 0.9742264152 0.0951809213 0.2045078129 -0.0976905450 0.9952144623 0.0021871445 -0.2033209503 -0.0221092552 0.9788624644
225.9 -505.5 2374.7 0.9784952402 -0.0330650173 0.2036019415 0.0352658667 0.9993520975 -0.0071899500 -0.2032322884 0.0142155299 0.9790273309
47.1 381.1 2277.1 0 0 0 0 0 0 0 0 0
125.4 494.5 2225.5 0 0 0 0 0 0 0 0 0
55.0 -837.8 2379.0 0 0 0 0 0 0 0 0 0
237.5 -855.5 2369.7 0 0 0 0 0 0 0 0 0
164.2 483.5 2398.0 1 0.9995127320 -0.0186367314 0.0250392072 0.0197760984 0.9987431765 -0.0460539423 -0.0241494421 0.0465266779 0.9986250997
167.9 284.8 2388.8 0.9995127320 -0.0186367314 0.0250392072 0.0197760984 0.9987431765 -0.0460539423 -0.0241494421 0.0465266779 0.9986250997
171.6 86.4 2379.5 0.9995126724 -0.0186387636 0.0250394568 0.0197784621 0.9987425208 -0.0460672751 -0.0241493322 0.0465400666 0.9986244440
21.9 282.0 2392.3 0.8755313754 -0.4607889354 -0.1453216225 0.2682628930 0.7137598395 -0.6469790936 0.4018455446 0.5274661183 0.7485316992
-168.1 223.7 2305.1 -0.8008079529 -0.4607889354 -0.3825966716 -0.5905829668 0.7137598395 0.3765085042 0.0995911881 0.5274661183 -0.8437186480
313.9 287.7 2385.3 0.2139384001 0.0139777735 0.9767471552 0.7644368410 0.6201218963 -0.1763100177 -0.6081666946 0.7843809724 0.1219827533
381.4 528.7 2193.5 -0.9835626483 0.0139777735 -0.1800253987 -0.1327089816 0.6201218963 0.7731993198 0.1224452928 0.7843809724 -0.6080737114
82.5 -112.9 2372.0 0.9825894833 0.0142186563 -0.1852451265 0.0040549254 0.9951884747 0.0978949890 0.1857457608 -0.0969417468 0.9778040648
76.8 -508.3 2410.5 0.9805214405 0.0665757731 -0.1847847998 -0.0829848051 0.9931275845 -0.0825291947 0.1780204326 0.0962559730 0.9793076515
265.8 -109.5 2367.9 0.9731792212 0.1038089395 0.2052947134 -0.1047605202 0.9944778085 -0.0062589012 -0.2048107684 -0.0154157495 0.9786801934
224.6 -504.7 2374.0 0.9778018594 -0.0498869419 0.2035061866 0.0557362251 0.9981780648 -0.0231095441 -0.2019825429 0.0339392200 0.9788008928
46.3 381.9 2278.4 0 0 0 0 0 0 0 0 0
125.8 494.3 2225.3 0 0 0 0 0 0 0 0 0
54.8 -837.4 2378.6 0 0 0 0 0 0 0 0 0
241.2 -837.7 2362.7 0 0 0 0 0 0 0 0 0
164.6 483.1 2396.0 2 0.9995517731 -0.0175135359 0.0242795404 0.0185106825 0.9989681840 -0.0414719991 -0.0235281680 0.0419028439 0.9988446236
168.1 284.4 2387.7 0.9995517731 -0.0175135359 0.0242795404 0.0185106825 0.9989681840 -0.0414719991 -0.0235281680 0.0419028439 0.9988446236
171.6 85.9 2379.4 0.9995517135 -0.0175161324 0.0242796503 0.0185134318 0.9989678860 -0.0414783023 -0.0235280525 0.0419092104 0.9988443851
22.0 281.7 2391.1 0.8764464259 -0.4622710347 -0.1347112060 0.2695787847 0.7029185295 -0.6582042575 0.3989597559 0.5405654907 0.7406889200
-168.2 223.2 2304.5 -0.7979370952 -0.4622710347 -0.3867840171 -0.5956500173 0.7029185295 0.3887243867 0.0921816155 0.5405654907 -0.8362364769
314.1 287.1 2384.3 0.2125434875 0.0132757043 0.9770614505 0.7713689208 0.6115357876 -0.1761076748 -0.5998460054 0.7911053896 0.1197374836
381.1 530.3 2195.1 -0.9840155840 0.0132757043 -0.1775868088 -0.1325244308 0.6115357876 0.7800392509 0.1189562604 0.7911053896 -0.6000013947
83.6 -113.9 2372.5 0.9823896885 0.0198098570 -0.1857903302 -0.0002918213 0.9945250750 0.1044979990 0.1868432164 -0.1026035398 0.9770169258
75.8 -509.1 2413.3 0.9805860519 0.0619624145 -0.1860420555 -0.0805460662 0.9923040867 -0.0940474942 0.1787828803 0.1072066203 0.9780303836
267.0 -110.3 2368.1 0.9719519615 0.1166249812 0.2042252272 -0.1180392653 0.9929948449 -0.0052858680 -0.2034110725 -0.0189689863 0.9789096713
220.6 -504.9 2375.6 0.9774215817 -0.0679524764 0.2000737488 0.0773634464 0.9962165356 -0.0395920239 -0.1966263950 0.0541764908 0.9789806008
45.5 382.7 2279.8 0 0 0 0 0 0 0 0 0
125.4 495.9 2226.0 0 0 0 0 0 0 0 0 0
55.4 -835.4 2378.0 0 0 0 0 0 0 0 0 0
242.7 -828.8 2358.0 0 0 0 0 0 0 0 0 0
166.7 483.3 2393.3 3 0.9997003675 -0.0103875687 0.0221659057 0.0111942049 0.9992679358 -0.0365825854 -0.0217696745 0.0368197523 0.9990847707
168.7 284.5 2386.0 0.9997003675 -0.0103875687 0.0221659057 0.0111942049 0.9992679358 -0.0365825854 -0.0217696745 0.0368197523 0.9990847707
170.8 85.9 2378.7 0.9997002482 -0.0103941588 0.0221658610 0.0112006990 0.9992679954 -0.0365783945 -0.0217694342 0.0368157029 0.9990849495
22.7 282.9 2389.2 0.8793248534 -0.4598695636 -0.1237248108 0.2794630826 0.7086633444 -0.6478399634 0.3856011331 0.5350852609 0.7516618371
-167.9 222.3 2305.6 -0.7962769866 -0.4598695636 -0.3930177093 -0.5957982540 0.7086633444 0.3779162169 0.1047250926 0.5350852609 -0.8382818103
314.8 286.1 2382.8 0.2106566876 0.0188372079 0.9773786068 0.7785952091 0.6013355255 -0.1794020832 -0.5911118984 0.7987745404 0.1120087877
381.2 531.5 2196.5 -0.9860901237 0.0188372079 -0.1651407331 -0.1207831502 0.6013355255 0.7898145318 0.1141828969 0.7987745404 -0.5906957984
83.4 -114.3 2373.2 0.9821647406 0.0199894309 -0.1869569123 -0.0003555846 0.9945282936 0.1044669077 0.1880221814 -0.1025372371 0.9767976999
75.4 -509.6 2414.0 0.9803760648 0.0617656559 -0.1872106194 -0.0805930272 0.9922401309 -0.0946800634 0.1799098998 0.1079099402 0.9777463078
266.7 -110.9 2368.9 0.9724711776 0.1168285832 0.2016206086 -0.1175895706 0.9930281043 -0.0082412185 -0.2011777312 -0.0156941321 0.9794290066
220.3 -505.6 2375.1 0.9773713350 -0.0739452764 0.1981852502 0.0827946365 0.9958894253 -0.0367321819 -0.1946544349 0.0523096584 0.9794760346
45.3 381.8 2277.5 0 0 0 0 0 0 0 0 0
125.0 500.1 2226.2 0 0 0 0 0 0 0 0 0
55.1 -835.1 2378.6 0 0 0 0 0 0 0 0 0
244.1 -826.0 2358.3 0 0 0 0 0 0 0 0 0
167.5 483.6 2393.0 4 0.9997763634 -0.0060314853 0.0202695820 0.0067627532 0.9993215203 -0.0362043940 -0.0200374629 0.0363333747 0.9991388321
168.7 284.8 2385.8 0.9997763634 -0.0060314853 0.0202695820 0.0067627532 0.9993215203 -0.0362043940 -0.0200374629 0.0363333747 0.9991388321
169.9 86.2 2378.5 0.9997763634 -0.0060353489 0.0202695448 0.0067664892 0.9993216991 -0.0361981802 -0.0200373270 0.0363272391 0.9991390705
22.7 283.8 2388.7 0.8733292818 -0.4727504849 -0.1174860969 0.2857607007 0.6925120950 -0.6623954773 0.3945083320 0.5449164510 0.7398846149
-167.4 221.6 2302.8 -0.7860500813 -0.4727504849 -0.3982866704 -0.6109079719 0.6925120950 0.3836905062 0.0944284648 0.5449164510 -0.8331562281
314.8 285.8 2382.8 0.2089267820 0.0205473043 0.9777153730 0.7820429802 0.5967686176 -0.1796552539 -0.5871613026 0.8021502495 0.1086120680
380.9 533.5 2196.8 -0.9871814251 0.0205473043 -0.1582738310 -0.1149031073 0.5967686176 0.7941438556 0.1107703745 0.8021502495 -0.5867579579
81.2 -113.7 2373.4 0.9819762707 0.0155469496 -0.1883637011 0.0028573254 0.9952760935 0.0970427543 0.1889826208 -0.0958319008 0.9772931337
75.0 -509.2 2411.4 0.9804844260 0.0574481972 -0.1880158037 -0.0749535784 0.9933533072 -0.0873568431 0.1817476302 0.0997444838 0.9782733917
264.6 -111.6 2369.4 0.9742482901 0.1067138389 0.1986263990 -0.1049117073 0.9942882657 -0.0196059719 -0.1995841265 -0.0017371505 0.9798791409
222.2 -506.7 2370.1 0.9782261848 -0.0513226464 0.2010958046 0.0515876934 0.9986607432 0.0039258851 -0.2010279745 0.0065336656 0.9795637131
43.1 385.2 2277.5 0 0 0 0 0 0 0 0 0
124.4 503.7 2225.6 0 0 0 0 0 0 0 0 0
56.0 -837.1 2378.5 0 0 0 0 0 0 0 0 0
240.2 -857.8 2367.8 0 0 0 0 0 0 0 0 0
167.7 483.9 2392.8 5 0.9996294379 -0.0021309929 0.0271380246 0.0030310666 0.9994452000 -0.0331686847 -0.0270522870 0.0332386531 0.9990812540
168.1 285.1 2386.2 0.9996294379 -0.0021309929 0.0271380246 0.0030310666 0.9994452000 -0.0331686847 -0.0270522870 0.0332386531 0.9990812540
168.6 86.5 2379.6 0.9996294379 -0.0021223442 0.0271380488 0.0030227082 0.9994448423 -0.0331793241 -0.0270525645 0.0332490616 0.9990808964
22.1 284.7 2390.2 0.8649341464 -0.4858522117 -0.1258433014 0.2866426706 0.6840333939 -0.6707714200 0.4119767845 0.5441010594 0.7309098244
-166.4 222.2 2300.4 -0.7782276273 -0.4858522117 -0.3978811800 -0.6219314337 0.6840333939 0.3811818361 0.0869659930 0.5441010594 -0.8345004320
314.2 285.6 2382.3 0.2111420631 0.0241533667 0.9771569371 0.7872000337 0.5884079337 -0.1846408397 -0.5794265866 0.8082033992 0.1052241400
381.1 535.1 2198.6 -0.9903954268 0.0241533667 -0.1361380070 -0.0960076675 0.5884079337 0.8028441072 0.0994960666 0.8082033992 -0.5804376006
79.4 -113.0 2373.1 0.9834172130 0.0081926379 -0.1811725348 0.0100196470 0.9949989915 0.0993812829 0.1810806841 -0.0995485485 0.9784170389
76.2 -508.4 2412.7 0.9817559123 0.0627862960 -0.1794802248 -0.0798583329 0.9927775860 -0.0895283595 0.1725627929 0.1022279933 0.9796792865
262.8 -111.7 2369.5 0.9734005332 0.0998971313 0.2061841935 -0.0999833792 0.9949385524 -0.0100280996 -0.2061423957 -0.0108536351 0.9784618020
223.1 -507.1 2373.8 0.9771885276 -0.0549660474 0.2051373571 0.0604054034 0.9979665875 -0.0203433819 -0.2036020309 0.0322707221 0.9785217643
42.0 388.8 2277.1 0 0 0 0 0 0 0 0 0
123.8 510.1 2224.5 0 0 0 0 0 0 0 0 0
55.6 -834.2 2379.2 0 0 0 0 0 0 0 0 0
241.3 -838.1 2363.1 0 0 0 0 0 0 0 0 0
167.4 484.3 2394.0 6 0.9995649457 -0.0008192398 0.0294822697 0.0018957645 0.9993316531 -0.0365049094 -0.0294326600 0.0365449190 0.9988985062
167.5 285.5 2386.8 0.9995649457 -0.0008192398 0.0294822697 0.0018957645 0.9993316531 -0.0365049094 -0.0294326600 0.0365449190 0.9988985062
167.7 86.9 2379.5 0.9995649457 -0.0008187997 0.0294822752 0.0018955220 0.9993314147 -0.0365116037 -0.0294326674 0.0365516022 0.9988982677
21.5 285.2 2391.1 0.8603717089 -0.4917964041 -0.1337788403 0.2885824442 0.6864292622 -0.6674841046 0.4200960100 0.5356782675 0.7325081229
-166.2 222.2 2299.4 -0.7741180658 -0.4917964041 -0.3985943496 -0.6263356209 0.6864292622 0.3694841862 0.0918958336 0.5356782675 -0.8394069076
313.6 285.8 2382.5 0.2101126015 0.0362057537 0.9770065546 0.7865469456 0.5872775912 -0.1909160614 -0.5806863308 0.8085753918 0.0949169025
380.4 535.9 2197.8 -0.9915293455 0.0362057537 -0.1247345805 -0.0798793063 0.5872775912 0.8054342270 0.1024151817 0.8085753918 -0.5794109106
77.3 -112.3 2375.5 0.9838857651 0.0036305904 -0.1787611991 0.0125150168 0.9959432483 0.0891088694 0.1783595383 -0.0899101570 0.9798489809
75.9 -508.1 2411.2 0.9821571708 0.0642647818 -0.1767408550 -0.0798998997 0.9933569431 -0.0828127190 0.1702448279 0.0954566821 0.9807674289
260.7 -111.8 2370.5 0.9744238257 0.0861264840 0.2075582296 -0.0830302313 0.9962675571 -0.0236000307 -0.2088161111 0.0057628234 0.9779379368
226.4 -507.6 2368.2 0.9768085480 -0.0296252072 0.2120550871 0.0233097002 0.9992089272 0.0322211348 -0.2128418982 -0.0265309401 0.9767264128
41.1 390.0 2274.8 0 0 0 0 0 0 0 0 0
122.8 515.1 2224.4 0 0 0 0 0 0 0 0 0
54.8 -833.9 2379.9 0 0 0 0 0 0 0 0 0
237.0 -863.6 2377.7 0 0 0 0 0 0 0 0 0
169.9 486.0 2394.8 7 0.9988611341 0.0021203838 0.0476650633 -0.0002387126 0.9992216229 -0.0394480228 -0.0477116071 0.0393917188 0.9980841279
169.4 287.3 2387.0 0.9988611341 0.0021203838 0.0476650633 -0.0002387126 0.9992216229 -0.0394480228 -0.0477116071 0.0393917188 0.9980841279
169.0 88.7 2379.1 0.9988611937 0.0020946795 0.0476650037 -0.0002116257 0.9992204905 -0.0394768007 -0.0477105379 0.0394217558 0.9980829954
23.5 287.3 2393.9 0.8491153717 -0.5057983994 -0.1522204578 0.2882812321 0.6852416396 -0.6688331962 0.4426025450 0.5240342617 0.7276613712
-166.1 222.9 2295.1 -0.7721849084 -0.5057983994 -0.3845756948 -0.6304565072 0.6852416396 0.3646483719 0.0790887102 0.5240342617 -0.8480171561
315.3 287.3 2380.0 0.2005495727 0.0561806634 0.9780713916 0.7862083316 0.5864239931 -0.1948931813 -0.5845137835 0.8080536127 0.0734373778
378.9 536.5 2194.7 -0.9903643727 0.0561806634 -0.1265785992 -0.0698746070 0.5864239931 0.8069847822 0.1195656732 0.8080536127 -0.5768478513
76.2 -111.9 2374.9 0.9870167375 0.0027970490 -0.1605930477 0.0120295333 0.9957528710 0.0912774280 0.1601662934 -0.0920242071 0.9827910662
75.1 -507.6 2411.5 0.9856142998 0.0585080087 -0.1585598588 -0.0728385970 0.9936180711 -0.0861261562 0.1525088698 0.0964364484 0.9835858345
259.5 -111.5 2369.5 0.9697010517 0.0913186893 0.2265849859 -0.0906721577 0.9957922101 -0.0132822311 -0.2268444747 -0.0076651555 0.9739008546
223.3 -507.2 2372.6 0.9724946022 -0.0517104752 0.2271129191 0.0548391007 0.9984671474 -0.0074831280 -0.2263778448 0.0197319705 0.9738397002
40.7 391.8 2273.9 0 0 0 0 0 0 0 0 0
121.6 518.3 2225.8 0 0 0 0 0 0 0 0 0
55.8 -835.3 2379.7 0 0 0 0 0 0 0 0 0
240.6 -841.9 2366.0 0 0 0 0 0 0 0 0 0
165.9 489.4 2401.3 8 0.9987300038 -0.0065169637 0.0499592014 0.0092416974 0.9984707832 -0.0545037165 -0.0495276041 0.0548962057 0.9972629547
167.2 290.8 2390.4 0.9987300038 -0.0065169637 0.0499592014 0.0092416974 0.9984707832 -0.0545037165 -0.0495276041 0.0548962057 0.9972629547
168.5 92.4 2379.5 0.9987298250 -0.0065472857 0.0499592237 0.0092721907 0.9984703064 -0.0545073114 -0.0495259278 0.0549013093 0.9972627759
21.3 289.5 2397.6 0.8289366364 -0.5295283794 -0.1801769733 0.2926631868 0.6851147413 -0.6670577526 0.4766679108 0.5002174973 0.7228901386
-166.0 223.3 2289.9 -0.7698075771 -0.5295283794 -0.3563649654 -0.6358211040 0.6851147413 0.3554565012 0.0559265874 0.5002174973 -0.8640918136
313.1 292.2 2383.2 0.2119334787 0.0551687665 0.9757257104 0.7759603858 0.5974532962 -0.2023240328 -0.5941125154 0.8000037074 0.0838115737
380.0 537.1 2195.6 -0.9919803143 0.0551687665 -0.1137168258 -0.0584553741 0.5974532962 0.7997702956 0.1120628342 0.8000037074 -0.5894369483
77.0 -109.8 2375.7 0.9871751070 0.0079044662 -0.1594453156 0.0068961922 0.9957296252 0.0920595229 0.1594921052 -0.0919784382 0.9829049706
73.9 -505.6 2412.2 0.9859269261 0.0535815880 -0.1583575606 -0.0675428137 0.9941625595 -0.0841353312 0.1529250443 0.0936472043 0.9837906957
260.2 -109.9 2366.9 0.9695815444 0.0840797350 0.2298744321 -0.0837772861 0.9964227676 -0.0110932365 -0.2299848348 -0.0085024601 0.9731570482
226.8 -505.8 2370.3 0.9725399017 -0.0251965243 0.2313682884 0.0242190864 0.9996817112 0.0070643933 -0.2314726412 -0.0012668760 0.9728406072
40.1 393.6 2274.9 0 0 0 0 0 0 0 0 0
122.3 521.9 2224.8 0 0 0 0 0 0 0 0 0
56.1 -834.8 2381.2 0 0 0 0 0 0 0 0 0
235.8 -864.2 2370.8 0 0 0 0 0 0 0 0 0
163.6 491.0 2403.5 9 0.9987025857 -0.0114095099 0.0496280715 0.0143886656 0.9980890751 -0.0600928031 -0.0488476045 0.0607289188 0.9969583154
165.8 292.5 2391.4 0.9987025857 -0.0114095099 0.0496280715 0.0143886656 0.9980890751 -0.0600928031 -0.0488476045 0.0607289188 0.9969583154
168.1 94.2 2379.3 0.9987024665 -0.0114231464 0.0496280976 0.0144024082 0.9980887175 -0.0600951202 -0.0488467701 0.0607319102 0.9969581962
19.9 290.4 2398.5 0.8262514472 -0.5265328288 -0.2001793236 0.2889420390 0.7012121081 -0.6517776251 0.4835504889 0.4806919992 0.7315149903
-166.1 225.3 2289.6 -0.7789823413 -0.5265328288 -0.3405138850 -0.6243971586 0.7012121081 0.3441362679 0.0575734228 0.4806919992 -0.8749974370
311.7 294.6 2384.2 0.2163815200 0.0494630001 0.9750550985 0.7719917893 0.6027170420 -0.2018931508 -0.5976685882 0.7964204550 0.0922318026
379.9 537.8 2195.9 -0.9904112220 0.0494630001 -0.1289921254 -0.0733851790 0.6027170420 0.7945733070 0.1170477346 0.7964204550 -0.5933079123
78.2 -106.8 2373.1 0.9869960546 0.0100906612 -0.1604275256 0.0049189907 0.9956643581 0.0928888991 0.1606692672 -0.0924701169 0.9826670885
74.2 -502.5 2409.9 0.9857543707 0.0526628979 -0.1597340703 -0.0663951039 0.9944277406 -0.0818849429 0.1545316875 0.0913240016 0.9837580323
261.4 -105.1 2364.0 0.9684534073 0.0939275399 0.2308151722 -0.0968276933 0.9953004122 0.0012433928 -0.2296136469 -0.0235534701 0.9729968309
224.1 -500.6 2373.4 0.9724496007 -0.0443561114 0.2288542837 0.0500253998 0.9985666871 -0.0190280285 -0.2276822478 0.0299523268 0.9732747078
42.5 392.5 2274.2 0 0 0 0 0 0 0 0 0
122.6 518.7 2226.3 0 0 0 0 0 0 0 0 0
56.6 -834.4 2379.4 0 0 0 0 0 0 0 0 0
239.2 -842.4 2363.2 0 0 0 0 0 0 0 0 0
162.2 490.9 2404.5 0 0.9986605048 -0.0142838378 0.0497309230 0.0175046045 0.9977354407 -0.0649428219 -0.0486906692 0.0657263547 0.9966490269
165.0 292.4 2391.4 0.9986605048 -0.0142838378 0.0497309230 0.0175046045 0.9977354407 -0.0649428219 -0.0486906692 0.0657263547 0.9966490269
167.9 94.2 2378.3 0.9986603856 -0.0142905954 0.0497309342 0.0175113976 0.9977352619 -0.0649436489 -0.0486902222 0.0657275021 0.9966489673
19.2 289.9 2398.5 0.8198583722 -0.5290663838 -0.2189087868 0.2838020921 0.7075602412 -0.6471590996 0.4972812831 0.4684520364 0.7302492857
-165.7 225.9 2286.4 -0.7850317359 -0.5290663838 -0.3222017586 -0.6177152395 0.7075602412 0.3432002664 0.0464014336 0.4684520364 -0.8822695613
310.9 295.0 2384.3 0.2109490633 0.0374867618 0.9767779708 0.7766876221 0.6003009081 -0.1907750517 -0.5935122371 0.7988951802 0.0975174084
377.7 541.0 2196.3 -0.9864849448 0.0374867618 -0.1595061272 -0.1053775623 0.6003009081 0.7928016186 0.1254712343 0.7988951802 -0.5882375240
78.8 -105.5 2371.7 0.9869684577 0.0099629164 -0.1606049687 0.0071527469 0.9943786263 0.1056408584 0.1607546359 -0.1054129601 0.9813491106
74.8 -500.7 2413.6 0.9857172966 0.0537724569 -0.1595930308 -0.0678669959 0.9941334724 -0.0842184201 0.1541281343 0.0938466489 0.9835839272
262.0 -102.8 2362.8 0.9680793285 0.0973599404 0.2309619486 -0.0999111608 0.9949961305 -0.0006530735 -0.2298698276 -0.0224434491 0.9729625583
223.3 -498.2 2371.7 0.9717712402 -0.0563586503 0.2290947735 0.0624264404 0.9978625774 -0.0193196479 -0.2275162637 0.0330758505 0.9732123613
44.6 391.3 2274.0 0 0 0 0 0 0 0 0 0
121.6 513.6 2228.9 0 0 0 0 0 0 0 0 0
56.7 -835.0 2382.0 0 0 0 0 0 0 0 0 0
242.1 -832.1 2360.6 0 0 0 0 0 0 0 0 0
161.1 490.7 2403.6 1 0.9985758662 -0.0154982619 0.0510498807 0.0187542140 0.9977780581 -0.0639311820 -0.0499456264 0.0647975355 0.9966477156
164.2 292.2 2390.7 0.9985758662 -0.0154982619 0.0510498807 0.0187542140 0.9977780581 -0.0639311820 -0.0499456264 0.0647975355 0.9966477156
167.3 93.9 2377.9 0.9985758066 -0.0155009758 0.0510498732 0.0187569093 0.9977780581 -0.0639308468 -0.0499454513 0.0647973344 0.9966477752
18.3 289.5 2398.0 0.8248366117 -0.5230492949 -0.2146254033 0.2843392193 0.7118936181 -0.6421516538 0.4886673987 0.4686437249 0.7359192967
-164.5 226.5 2289.7 -0.7850892544 -0.5230492949 -0.3317443132 -0.6164512038 0.7118936181 0.3364452422 0.0601892062 0.4686437249 -0.8813343644
310.1 295.0 2383.5 0.2092600763 0.0346479043 0.9772459865 0.7788643837 0.5983546972 -0.1879945695 -0.5912533402 0.8004818559 0.0982257277
376.3 541.6 2196.2 -0.9846903682 0.0346479043 -0.1708344817 -0.1164753810 0.5983546972 0.7927200794 0.1296856999 0.8004818559 -0.5851584673
79.1 -105.7 2369.7 0.9871062636 0.0139621422 -0.1594562680 0.0041158386 0.9936450720 0.1124834046 0.1600134522 -0.1116893664 0.9807758331
73.6 -500.6 2414.1 0.9860594273 0.0489568971 -0.1590283662 -0.0636175498 0.9940474629 -0.0884446129 0.1537517756 0.0973286405 0.9833043814
262.3 -102.5 2360.8 0.9672274590 0.1007819921 0.2330536246 -0.1059006602 0.9943311214 0.0095229661 -0.2307727337 -0.0338914059 0.9724172354
222.3 -497.6 2374.3 0.9715701342 -0.0610444769 0.2287467569 0.0699596107 0.9970660806 -0.0310618188 -0.2261794955 0.0461817719 0.9729902744
45.7 391.5 2273.6 0 0 0 0 0 0 0 0 0
120.6 511.4 2229.9 0 0 0 0 0 0 0 0 0
57.1 -835.7 2381.3 0 0 0 0 0 0 0 0 0
242.4 -826.4 2359.1 0 0 0 0 0 0 0 0 0
158.3 490.0 2403.8 2 0.9984251857 -0.0224264953 0.0514212996 0.0258455090 0.9974302649 -0.0668194219 -0.0497906357 0.0680432022 0.9964391589
162.7 291.6 2390.3 0.9984251857 -0.0224264953 0.0514212996 0.0258455090 0.9974302649 -0.0668194219 -0.0497906357 0.0680432022 0.9964391589
167.2 93.4 2376.7 0.9984251857 -0.0224282388 0.0514212698 0.0258471817 0.9974303246 -0.0668180808 -0.0497905202 0.0680419430 0.9964392781
16.9 287.8 2397.5 0.8134714961 -0.5361909270 -0.2253073603 0.2751845717 0.6961212754 -0.6630901694 0.5123841763 0.4774038792 0.7138262987
-163.8 226.7 2283.8 -0.7780936956 -0.5361909270 -0.3272147179 -0.6268638968 0.6961212754 0.3499382734 0.0401474237 0.4774038792 -0.8777663112
308.6 295.4 2383.0 0.2177853137 0.0468414128 0.9748719931 0.7761933804 0.5972275138 -0.2020967901 -0.5916869044 0.8007029295 0.0937093794
377.5 541.1 2195.7 -0.9879366159 0.0468414128 -0.1476046443 -0.0907490775 0.5972275138 0.7969215512 0.1254824847 0.8007029295 -0.5857720971
78.8 -106.1 2369.6 0.9869960546 0.0122418078 -0.1602774858 0.0056627020 0.9938289523 0.1107786819 0.1606445312 -0.1102457270 0.9808359742
73.9 -501.0 2413.4 0.9859392047 0.0497677624 -0.1595212519 -0.0644995719 0.9939818978 -0.0885424614 0.1541546732 0.0975865424 0.9832157493
261.9 -102.6 2360.4 0.9680238366 0.0961993858 0.2316797525 -0.0977191702 0.9952017665 -0.0049348902 -0.2310428321 -0.0178624596 0.9727795720
223.7 -498.1 2367.5 0.9711638093 -0.0461308248 0.2339075655 0.0429215208 0.9989016652 0.0187951382 -0.2345176935 -0.0082134893 0.9720771313
44.6 394.6 2273.0 0 0 0 0 0 0 0 0 0
120.9 517.5 2228.3 0 0 0 0 0 0 0 0 0
57.2 -835.4 2380.6 0 0 0 0 0 0 0 0 0
240.1 -853.1 2370.4 0 0 0 0 0 0 0 0 0
155.4 490.2 2403.1 3 0.9983870387 -0.0283186603 0.0492071174 0.0315295979 0.9973376989 -0.0657521784 -0.0472140983 0.0671976060 0.9966219664
161.1 291.8 2389.8 0.9983870387 -0.0283186603 0.0492071174 0.0315295979 0.9973376989 -0.0657521784 -0.0472140983 0.0671976060 0.9966219664
166.7 93.6 2376.4 0.9983869791 -0.0283203050 0.0492072776 0.0315315239 0.9973372817 -0.0657579154 -0.0472139679 0.0672034323 0.9966215491
15.2 287.2 2396.7 0.8115004301 -0.5405246019 -0.2220364958 0.2766143084 0.6900309324 -0.6688361764 0.5147344470 0.4813423753 0.7094772458
-164.6 225.9 2282.6 -0.7764613628 -0.5405246019 -0.3239458501 -0.6294313669 0.6900309324 0.3573142290 0.0303955488 0.4813423753 -0.8760054708
306.9 296.4 2382.9 0.2283961326 0.0463151075 0.9724659920 0.7766184807 0.5937001705 -0.2106746584 -0.5871106386 0.8033523560 0.0996296555
379.1 541.7 2197.4 -0.9897420406 0.0463151075 -0.1351500899 -0.0815328136 0.5937001705 0.8005450964 0.1173159704 0.8033523560 -0.5838338733
80.1 -107.1 2367.8 0.9864650369 0.0120405247 -0.1635289937 0.0050659031 0.9945863485 0.1037900150 0.1638934016 -0.1032136455 0.9810636640
75.3 -502.4 2408.8 0.9852755666 0.0513095446 -0.1630932242 -0.0639158934 0.9952810407 -0.0730094910 0.1585775167 0.0823587179 0.9839056134
263.2 -102.4 2358.7 0.9675430655 0.1050545722 0.2298346609 -0.1088610813 0.9940493107 0.0039087059 -0.2280563563 -0.0288018901 0.9732218385
221.5 -497.4 2370.1 0.9717362523 -0.0566607751 0.2291685194 0.0587624460 0.9982692003 -0.0023514971 -0.2286386341 0.0157515369 0.9733839035
43.3 394.4 2274.4 0 0 0 0 0 0 0 0 0
122.0 520.5 2227.9 0 0 0 0 0 0 0 0 0
58.1 -835.7 2381.2 0 0 0 0 0 0 0 0 0
240.6 -835.3 2364.8 0 0 0 0 0 0 0 0 0
153.5 490.3 2403.2 4 0.9982689619 -0.0321684405 0.0492368974 0.0354467705 0.9971079230 -0.0672260895 -0.0469319411 0.0688550100 0.9965221286
159.9 291.9 2389.5 0.9982689619 -0.0321684405 0.0492368974 0.0354467705 0.9971079230 -0.0672260895 -0.0469319411 0.0688550100 0.9965221286
166.2 93.8 2375.8 0.9982689619 -0.0321691670 0.0492369868 0.0354476385 0.9971076846 -0.0672289580 -0.0469318815 0.0688579157 0.9965219498
14.0 286.7 2396.4 0.8134595752 -0.5336533189 -0.2312955111 0.2599698007 0.6893463731 -0.6761784554 0.5202876329 0.4899140000 0.6994891763
-164.1 229.8 2282.5 -0.7751113772 -0.5336533189 -0.3382550180 -0.6303813457 0.6893463731 0.3569607437 0.0426815674 0.4899140000 -0.8707253337
305.7 297.1 2382.7 0.2317200899 0.0420166850 0.9718746543 0.7769529819 0.5931856632 -0.2108906657 -0.5853630304 0.8039685488 0.1048080400
378.7 541.8 2198.3 -0.9896022677 0.0420166850 -0.1375571191 -0.0860790089 0.5931856632 0.8004506230 0.1152291894 0.8039685488 -0.5834010839
80.8 -107.5 2367.4 0.9863832593 0.0117028803 -0.1640459150 0.0067548603 0.9937404990 0.1115084663 0.1643240452 -0.1110981926 0.9801300168
76.1 -502.4 2411.5 0.9850133061 0.0557807870 -0.1632093936 -0.0700337589 0.9940925241 -0.0829175487 0.1576200277 0.0931050554 0.9831008911
263.9 -101.7 2358.7 0.9677016139 0.1057870984 0.2288290411 -0.1076787487 0.9941766858 -0.0042397426 -0.2279449999 -0.0205372181 0.9734573960
221.9 -496.7 2366.9 0.9716054201 -0.0457511395 0.2321415544 0.0403352454 0.9987930655 0.0280259103 -0.2331435978 -0.0178666413 0.9722781777
43.5 398.6 2271.1 0 0 0 0 0 0 0 0 0
121.6 519.4 2228.2 0 0 0 0 0 0 0 0 0
57.6 -832.3 2380.6 0 0 0 0 0 0 0 0 0
238.3 -856.4 2373.3 0 0 0 0 0 0 0 0 0
152.7 489.9 2403.4 5 0.9982889295 -0.0312801450 0.0494035892 0.0347971134 0.9967966080 -0.0720115826 -0.0469927974 0.0736074671 0.9961795211
159.0 291.6 2388.8 0.9982889295 -0.0312801450 0.0494035892 0.0347971134 0.9967966080 -0.0720115826 -0.0469927974 0.0736074671 0.9961795211
165.2 93.5 2374.2 0.9982889295 -0.0312805586 0.0494036302 0.0347975902 0.9967964888 -0.0720129460 -0.0469927602 0.0736088529 0.9961794019
13.1 286.5 2395.6 0.8147853613 -0.5269138813 -0.2418399453 0.2425877005 0.6887139678 -0.6832453609 0.5265700221 0.4980309606 0.6889768839
-167.8 232.7 2278.7 -0.7840490341 -0.5269138813 -0.3280684650 -0.6200689673 0.6887139678 0.3757493198 0.0279578064 0.4980309606 -0.8667084575
304.8 296.7 2381.9 0.2325399071 0.0373236611 0.9718704224 0.7811034918 0.5882121325 -0.2094846666 -0.5794847608 0.8078449368 0.1076291576
377.9 542.1 2199.9 -0.9894720316 0.0373236611 -0.1398286074 -0.0913640037 0.5882121325 0.8035291433 0.1122395396 0.8078449368 -0.5786094666
81.1 -107.6 2366.5 0.9864516854 0.0119182896 -0.1636186987 0.0071962313 0.9932538867 0.1157362983 0.1638942808 -0.1153457016 0.9797111750
76.3 -502.4 2412.3 0.9851464629 0.0550016239 -0.1626692116 -0.0697748661 0.9938017726 -0.0865422040 0.1569009870 0.0966069698 0.9828780293
264.2 -101.1 2357.9 0.9669306874 0.1086970419 0.2307162434 -0.1132045537 0.9935514331 0.0063491669 -0.2285383046 -0.0322573334 0.9730003476
221.0 -495.9 2370.7 0.9714792371 -0.0590404384 0.2296568751 0.0614237152 0.9981065392 -0.0032362198 -0.2290309519 0.0172502995 0.9732663035
42.1 398.7 2271.2 0 0 0 0 0 0 0 0 0
120.8 518.3 2229.0 0 0 0 0 0 0 0 0 0
58.0 -833.1 2380.2 0 0 0 0 0 0 0 0 0
241.2 -837.8 2364.8 0 0 0 0 0 0 0 0 0
151.7 489.8 2402.0 6 0.9981554747 -0.0322606266 0.0514287241 0.0358791500 0.9968262911 -0.0710639954 -0.0489729345 0.0727781355 0.9961450696
158.1 291.5 2387.5 0.9981554747 -0.0322606266 0.0514287241 0.0358791500 0.9968262911 -0.0710639954 -0.0489729345 0.0727781355 0.9961450696
164.5 93.4 2373.1 0.9981554747 -0.0322599635 0.0514287166 0.0358784720 0.9968262911 -0.0710637271 -0.0489729829 0.0727778301 0.9961450696
12.3 286.2 2394.7 0.8159604073 -0.5213505030 -0.2498044819 0.2335719019 0.6925731897 -0.6824855208 0.5288220644 0.4985338748 0.6868851185
-169.3 234.2 2277.0 -0.7885062099 -0.5213505030 -0.3262692690 -0.6143487692 0.6925731897 0.3780449331 0.0288714413 0.4985338748 -0.8663892746
303.9 296.7 2380.4 0.2337118834 0.0479033217 0.9711251259 0.7815983891 0.5848393440 -0.2169489563 -0.5783447623 0.8097333908 0.0992427468
377.1 541.5 2199.2 -0.9890592694 0.0479033217 -0.1395241767 -0.0854642689 0.5848393440 0.8066342473 0.1202396899 0.8097333908 -0.5743467808
79.8 -107.7 2363.8 0.9867818952 0.0096253632 -0.1617678404 0.0105179800 0.9923256040 0.1232040003 0.1617122591 -0.1232769489 0.9791077375
76.0 -502.1 2412.8 0.9857296348 0.0519714616 -0.1601124555 -0.0671235472 0.9936112761 -0.0907252282 0.1543744206 0.1001778692 0.9829205871
263.0 -101.3 2355.2 0.9671063423 0.1028827801 0.2326380461 -0.1076303273 0.9941605926 0.0077715744 -0.2304800153 -0.0325548463 0.9725323319
222.1 -496.4 2368.2 0.9714751840 -0.0431829207 0.2331764102 0.0412877165 0.9990626574 0.0130049642 -0.2335194349 -0.0030066778 0.9723474979
41.8 398.8 2269.3 0 0 0 0 0 0 0 0 0
120.1 519.3 2230.5 0 0 0 0 0 0 0 0 0
58.7 -833.8 2379.4 0 0 0 0 0 0 0 0 0
237.7 -858.3 2369.2 0 0 0 0 0 0 0 0 0
151.0 489.4 2400.6 7 0.9978295565 -0.0316224024 0.0577602498 0.0356989019 0.9968398213 -0.0709648728 -0.0553336367 0.0728728250 0.9958050847
157.2 291.1 2386.2 0.9978295565 -0.0316224024 0.0577602498 0.0356989019 0.9968398213 -0.0709648728 -0.0553336367 0.0728728250 0.9958050847
163.5 93.0 2371.7 0.9978295565 -0.0316223763 0.0577603094 0.0356989801 0.9968396425 -0.0709667355 -0.0553336330 0.0728746951 0.9958049059
11.5 285.9 2394.2 0.8161074519 -0.5183482170 -0.2555068433 0.2254937738 0.6927091479 -0.6850595474 0.5320913196 0.5014670491 0.6822093725
-169.1 236.0 2276.5 -0.7907807827 -0.5183482170 -0.3255470991 -0.6114907861 0.6927091479 0.3824043274 0.0272908490 0.5014670491 -0.8647462130
303.0 296.3 2378.1 0.2390966415 0.0429260284 0.9700464606 0.7862514257 0.5776600242 -0.2193572521 -0.5697731972 0.8151479959 0.1043659225
377.7 541.8 2200.2 -0.9894950986 0.0429260284 -0.1380462497 -0.0881544054 0.5776600242 0.8115033507 0.1145784184 0.8151479959 -0.5678076148
79.4 -108.0 2363.1 0.9877868891 0.0101726027 -0.1554786116 0.0096541736 0.9919532537 0.1262360811 0.1555116773 -0.1261953712 0.9797402024
75.3 -502.2 2413.3 0.9866356850 0.0531610064 -0.1540259272 -0.0676109120 0.9936308861 -0.0901466385 0.1482526213 0.0993557200 0.9839459062
262.5 -101.4 2354.1 0.9651566148 0.1049328595 0.2397118509 -0.1120645255 0.9935675859 0.0162775777 -0.2364618778 -0.0425736047 0.9707075953
220.8 -496.3 2371.0 0.9699834585 -0.0555586480 0.2367388755 0.0598617904 0.9981458187 -0.0110219065 -0.2356875539 0.0248626787 0.9715107679
42.7 399.8 2269.2 0 0 0 0 0 0 0 0 0
120.6 518.9 2229.9 0 0 0 0 0 0 0 0 0
57.6 -833.7 2380.1 0 0 0 0 0 0 0 0 0
239.9 -840.1 2362.5 0 0 0 0 0 0 0 0 0
150.5 488.8 2399.6 8 0.9976297021 -0.0310770143 0.0613941923 0.0354302786 0.9968369007 -0.0711400285 -0.0589891747 0.0731466189 0.9955751300
156.7 290.5 2385.0 0.9976297021 -0.0310770143 0.0613941923 0.0354302786 0.9968369007 -0.0711400285 -0.0589891747 0.0731466189 0.9955751300
162.8 92.4 2370.5 0.9976296425 -0.0310774967 0.0613942519 0.0354308784 0.9968367219 -0.0711419210 -0.0589891337 0.0731485412 0.9955750108
10.9 285.3 2393.6 0.8163055778 -0.5205637813 -0.2503167987 0.2237010598 0.6844517589 -0.6938902140 0.5325438976 0.5104303360 0.6751724482
-169.9 235.7 2275.6 -0.7877394557 -0.5205637813 -0.3293628097 -0.6156114936 0.6844517589 0.3905743361 0.0221140813 0.5104303360 -0.8596346974
302.4 295.7 2376.4 0.2413812578 0.0551719926 0.9688607454 0.7858335376 0.5746740699 -0.2285069227 -0.5693863034 0.8165205121 0.0953595415
377.8 541.1 2198.6 -0.9903387427 0.0551719926 -0.1272209883 -0.0727002472 0.5746740699 0.8151468635 0.1180838719 0.8165205121 -0.5651109815
78.3 -108.4 2362.3 0.9883690476 0.0084240008 -0.1518407911 0.0110305334 0.9918633699 0.1268282086 0.1516737193 -0.1270279735 0.9802341461
75.0 -502.6 2412.8 0.9871675968 0.0544618256 -0.1501132548 -0.0683386549 0.9936944842 -0.0888881460 0.1443257034 0.0980060399 0.9846648574
261.3 -101.8 2352.1 0.9635397792 0.1084609479 0.2445962280 -0.1189124137 0.9925005436 0.0283295270 -0.2396892309 -0.0563821532 0.9692111015
218.2 -496.2 2374.5 0.9688190222 -0.0699276924 0.2376969904 0.0794904903 0.9963573813 -0.0308751222 -0.2346721143 0.0488070548 0.9708485603
41.0 400.6 2269.7 0 0 0 0 0 0 0 0 0
120.5 522.2 2229.3 0 0 0 0 0 0 0 0 0
56.8 -834.3 2380.0 0 0 0 0 0 0 0 0 0
241.6 -829.5 2358.2 0 0 0 0 0 0 0 0 0
151.0 487.8 2398.6 9 0.9974974394 -0.0287829787 0.0645787045 0.0334547125 0.9968095422 -0.0724672899 -0.0622868426 0.0744463950 0.9952778816
156.8 289.5 2383.8 0.9974974394 -0.0287829787 0.0645787045 0.0334547125 0.9968095422 -0.0724672899 -0.0622868426 0.0744463950 0.9952778816
162.5 91.4 2369.0 0.9974973798 -0.0287852660 0.0645788312 0.0334572829 0.9968091249 -0.0724716932 -0.0622866489 0.0744509548 0.9952775836
11.0 284.6 2392.9 0.8211218119 -0.5145956874 -0.2468810081 0.2215404510 0.6860011816 -0.6930528283 0.5260026455 0.5143866539 0.6772943139
-170.6 235.6 2276.6 -0.7868942618 -0.5145956874 -0.3405710459 -0.6161244512 0.6860011816 0.3870309889 0.0344676636 0.5143866539 -0.8568654060
302.5 294.4 2374.7 0.2419029325 0.0588391535 0.9685148001 0.7883111238 0.5700537562 -0.2315258980 -0.5657283068 0.8194978237 0.0915141255
377.9 540.3 2198.2 -0.9903703332 0.0588391535 -0.1253177971 -0.0697205439 0.5700537562 0.8186438680 0.1196061969 0.8194978237 -0.5604620576
77.5 -108.9 2361.4 0.9889140129 0.0072267107 -0.1483131647 0.0114008905 0.9921712875 0.1243627742 0.1480508000 -0.1246749908 0.9810897708
74.6 -503.3 2410.9 0.9877216220 0.0536838584 -0.1467108577 -0.0657721013 0.9947164655 -0.0788238049 0.1417041421 0.0875054598 0.9860338569
260.5 -102.4 2350.5 0.9623042345 0.1100555360 0.2487133443 -0.1222351417 0.9919179082 0.0340204351 -0.2429590970 -0.0631395206 0.9679794908
216.8 -496.6 2375.6 0.9676915407 -0.0782602727 0.2396838814 0.0906385258 0.9950376153 -0.0410466529 -0.2352821529 0.0614450946 0.9699828625
40.2 400.6 2267.4 0 0 0 0 0 0 0 0 0
120.6 522.2 2229.3 0 0 0 0 0 0 0 0 0
56.6 -837.6 2381.5 0 0 0 0 0 0 0 0 0
242.8 -827.2 2355.2 0 0 0 0 0 0 0 0 0
150.3 486.5 2398.5 0 0.9971369505 -0.0284225717 0.0700718910 0.0338118337 0.9964603186 -0.0769647062 -0.0676363260 0.0791136101 0.9945684075
156.0 288.3 2382.8 0.9971369505 -0.0284225717 0.0700718910 0.0338118337 0.9964603186 -0.0769647062 -0.0676363260 0.0791136101 0.9945684075
161.6 90.3 2367.1 0.9971365333 -0.0284362789 0.0700719580 0.0338256881 0.9964596629 -0.0769669712 -0.0676352233 0.0791168138 0.9945682287
10.3 283.4 2392.7 0.8160340786 -0.5160611272 -0.2603253424 0.2145164907 0.6886214018 -0.6926638484 0.5367224813 0.5093932748 0.6726421714
-170.5 235.8 2273.8 -0.7896227837 -0.5160611272 -0.3319289386 -0.6129246950 0.6886214018 0.3874581754 0.0286212657 0.5093932748 -0.8600577712
301.7 293.3 2372.9 0.2473684251 0.0355115607 0.9682705402 0.7888702750 0.5728499889 -0.2225456536 -0.5625767112 0.8188906312 0.1136909872
376.1 530.5 2203.7 -0.9952293038 0.0355115607 -0.0908709913 -0.0542360470 0.5728499889 0.8178638816 0.0810990632 0.8188906312 -0.5681911111
76.7 -109.8 2360.0 0.9897362590 0.0033784867 -0.1428660750 0.0151222255 0.9916313887 0.1282125860 0.1421036571 -0.1290570945 0.9814024568
75.4 -503.9 2411.2 0.9886091352 0.0543773919 -0.1403393000 -0.0667160675 0.9941648245 -0.0847661868 0.1349110156 0.0931635126 0.9864682555
