148.0 460.7 2266.3  0.9000139236 -0.0487531237 0.4331258833 -0.0687352121 0.9654144049 0.2514964640 -0.4304071963 -0.2561213076 0.8655353785
158.1 260.2 2319.5 0.9000139236 -0.0487531237 0.4331258833 -0.0687352121 0.9654144049 0.2514964640 -0.4304071963 -0.2561213076 0.8655353785
164.6 66.3 2362.4 0.8998637795 -0.0326924883 0.4349440634 -0.0651561916 0.9759226441 0.2081578821 -0.4312769473 -0.2156530321 0.8760673404
26.7 269.7 2382.5 0.5942465663 -0.7977736592 0.1021186784 0.7264634967 0.5868912339 0.3575045168 -0.3451402187 -0.1382603496 0.9283115268
-91.7 125.0 2451.3 -0.1513836831 -0.7977736592 -0.5836439133 0.0269998889 0.5868912339 -0.8092154860 0.9881062508 -0.1382603496 -0.0673059598
289.5 250.7 2256.5 -0.0342985764 0.2267741859 0.9733432531 -0.9984117746 0.0357783549 -0.0435177535 -0.0446933247 -0.9732899666 0.2251868695
281.8 27.0 2246.5 -0.9605315924 0.2267741859 -0.1610978246 0.1735113561 0.0357783549 -0.9841817617 -0.2174232006 -0.9732899666 -0.0737141371
93.3 -122.2 2445.7 0.9794499278 0.0516036414 0.1949741989 -0.0493132286 0.9986456037 -0.0165863764 -0.1955660582 0.0066307182 0.9806681275
72.8 -519.1 2443.0 0.9816022515 0.0494668186 0.1844180971 -0.0170050841 0.9846682549 -0.1736064851 -0.1901784092 0.1672764719 0.9673938155
259.5 -132.5 2368.9 0.8320318460 0.1044655815 0.5448026657 -0.1080946699 0.9938140512 -0.0254792329 -0.5440942645 -0.0376907326 0.8381770849
218.0 -527.3 2383.8 0.8353142142 -0.0812255964 0.5437394381 0.1194846258 0.9922069907 -0.0353379026 -0.5366317034 0.0944867507 0.8385097980
-53.6 118.2 2202.8 0 0 0 0 0 0 0 0 0
17.7 74.7 2186.8 0 0 0 0 0 0 0 0 0
57.0 -834.6 2389.4 0 0 0 0 0 0 0 0 0
242.8 -830.3 2355.0 0 0 0 0 0 0 0 0 0
149.7 463.0 2266.5  0.8970853090 -0.0461614840 0.4394394755 -0.0730291381 0.9653604031 0.2504914701 -0.4357805252 -0.2568041086 0.8626395464
159.3 262.5 2319.9 0.8970853090 -0.0461614840 0.4394394755 -0.0730291381 0.9653604031 0.2504914701 -0.4357805252 -0.2568041086 0.8626395464
165.1 68.7 2363.3 0.8969957232 -0.0293155797 0.4410660267 -0.0707256496 0.9754261374 0.2086666822 -0.4363445044 -0.2183678150 0.8728796840
28.2 272.8 2383.6 0.6624587178 -0.7480233908 0.0401183590 0.6964132190 0.6347128749 0.3348852694 -0.2759656310 -0.1939087063 0.9414044619
-106.4 131.2 2439.7 -0.2073221356 -0.7480233908 -0.6304590106 0.0540776029 0.6347128749 -0.7708535194 0.9767768979 -0.1939087063 -0.0911387205
290.3 252.2 2256.2 -0.0411051661 0.2155162096 0.9756347537 -0.9980514050 0.0370217338 -0.0502276644 -0.0469445623 -0.9757981896 0.2135744691
281.0 26.3 2245.5 -0.9622634649 0.2155162096 -0.1661379486 0.1780654490 0.0370217338 -0.9833219647 -0.2057711035 -0.9757981896 -0.0740006492
88.5 -121.6 2444.8 0.9789031744 0.0401263237 0.2003458440 -0.0366820768 0.9991089106 -0.0208757278 -0.2010049820 0.0130862147 0.9795027971
72.6 -518.7 2439.6 0.9800582528 0.0492127463 0.1925199777 -0.0173214097 0.9863168001 -0.1639485359 -0.1979540586 0.1573443860 0.9675003290
253.5 -133.5 2365.7 0.8306211829 0.0873981789 0.5499363542 -0.0901530534 0.9956833124 -0.0220714025 -0.5494914055 -0.0312454645 0.8349149227
218.8 -529.2 2378.1 0.8311124444 -0.0791541785 0.5504422784 0.1054234505 0.9942954779 -0.0161980707 -0.5460201502 0.0714919418 0.8347160816
-54.9 117.8 2196.9 0 0 0 0 0 0 0 0 0
17.6 75.1 2189.2 0 0 0 0 0 0 0 0 0
56.8 -835.2 2389.1 0 0 0 0 0 0 0 0 0
242.6 -828.4 2356.6 0 0 0 0 0 0 0 0 0
153.2 463.9 2268.7  0.9037845731 -0.0342345797 0.4266162515 -0.0777208507 0.9670940042 0.2422574461 -0.4208715856 -0.2521055341 0.8713839054
160.2 263.7 2320.8 0.9037845731 -0.0342345797 0.4266162515 -0.0777208507 0.9670940042 0.2422574461 -0.4208715856 -0.2521055341 0.8713839054
164.3 69.6 2363.1 0.9036542773 -0.0203520954 0.4277788997 -0.0730793551 0.9768919349 0.2008520365 -0.4219815135 -0.2127626091 0.8812852502
28.3 274.4 2382.5 0.6906613111 -0.7231389880 0.0075464868 0.6814670563 0.6542828083 0.3278973699 -0.2420529127 -0.2213233411 0.9446831942
-116.1 131.9 2433.1 -0.2444102764 -0.7231389880 -0.6460136175 0.0573044941 0.6542828083 -0.7540757060 0.9679771662 -0.2213233411 -0.1184743270
292.2 253.0 2259.2 -0.0462620445 0.2378951758 0.9701884985 -0.9969282746 0.0504489057 -0.0599074215 -0.0631966367 -0.9699797630 0.2348305583
281.7 26.9 2244.9 -0.9599051476 0.2378951758 -0.1482835263 0.1646718383 0.0504489057 -0.9850574136 -0.2268596739 -0.9699797630 -0.0876007974
88.6 -118.7 2446.7 0.9822983742 0.0327043608 0.1844458878 -0.0297881346 0.9993839264 -0.0185603164 -0.1849392653 0.0127374697 0.9826673865
75.6 -515.8 2441.6 0.9823426008 0.0604329742 0.1770618558 -0.0290727001 0.9842060208 -0.1746234149 -0.1848183572 0.1663923413 0.9685844183
253.1 -131.6 2366.7 0.8389919400 0.0885939896 0.5368832946 -0.0920272693 0.9955461025 -0.0204686355 -0.5363054872 -0.0322348848 0.8434081674
217.9 -527.2 2379.5 0.8402268887 -0.0795872286 0.5363624692 0.1108425558 0.9934920073 -0.0262203664 -0.5307850242 0.0814828426 0.8435803652
-54.9 117.5 2190.4 0 0 0 0 0 0 0 0 0
20.9 71.7 2183.2 0 0 0 0 0 0 0 0 0
56.2 -832.2 2388.2 0 0 0 0 0 0 0 0 0
241.8 -825.5 2355.0 0 0 0 0 0 0 0 0 0
155.6 463.5 2269.2  0.9164140224 -0.0352656990 0.3986748457 -0.0696464032 0.9668613672 0.2456186563 -0.3941252232 -0.2528546453 0.8835892081
162.9 263.2 2321.6 0.9164140224 -0.0352656990 0.3986748457 -0.0696464032 0.9668613672 0.2456186563 -0.3941252232 -0.2528546453 0.8835892081
167.3 69.1 2364.1 0.9163051844 -0.0219526924 0.3998786509 -0.0659483001 0.9765940309 0.2047312111 -0.3950135112 -0.2139675766 0.8934104443
29.1 272.8 2379.3 0.7170962691 -0.6966770291 -0.0203495808 0.6664372087 0.6768376827 0.3126534224 -0.2040450871 -0.2377642989 0.9496492743
-122.1 132.2 2422.3 -0.2663927972 -0.6966770291 -0.6660900712 0.0636527166 0.6768376827 -0.7333751321 0.9617604613 -0.2377642989 -0.1359593123
296.7 253.5 2263.9 -0.0654471442 0.2467205375 0.9668741822 -0.9945502281 0.0626785830 -0.0833144262 -0.0811576843 -0.9670575857 0.2412738204
281.8 27.3 2245.5 -0.9611429572 0.2467205375 -0.1238270551 0.1433361173 0.0626785830 -0.9876872897 -0.2359214276 -0.9670575857 -0.0956070423
85.5 -117.8 2444.1 0.9874352813 0.0288580637 0.1553664953 -0.0261855200 0.9994723201 -0.0192211810 -0.1558391899 0.0149113201 0.9876698852
74.0 -515.0 2438.1 0.9871954322 0.0552313775 0.1496485621 -0.0306501985 0.9863408208 -0.1618406773 -0.1565431654 0.1551816165 0.9754039645
251.2 -131.2 2366.7 0.8550420403 0.0855600312 0.5114514828 -0.0874652863 0.9959589243 -0.0203886051 -0.5111290812 -0.0273011345 0.8590702415
217.2 -527.0 2377.5 0.8555614352 -0.0809528902 0.5113328099 0.1070608422 0.9940142035 -0.0217643119 -0.5065101981 0.0733644292 0.8591071367
-55.2 116.2 2180.6 0 0 0 0 0 0 0 0 0
22.3 66.0 2181.8 0 0 0 0 0 0 0 0 0
56.2 -833.1 2388.1 0 0 0 0 0 0 0 0 0
241.6 -826.8 2355.4 0 0 0 0 0 0 0 0 0
157.8 460.9 2271.0  0.9303035140 -0.0271316636 0.3657858670 -0.0645015910 0.9696180224 0.2359670252 -0.3610747457 -0.2431147248 0.9002889991
163.4 261.3 2321.0 0.9303035140 -0.0271316636 0.3657858670 -0.0645015910 0.9696180224 0.2359670252 -0.3610747457 -0.2431147248 0.9002889991
166.5 66.9 2361.8 0.9302251339 -0.0157465599 0.3666513860 -0.0609418228 0.9785797000 0.1966415048 -0.3618940115 -0.2052652836 0.9093397856
27.6 270.3 2373.8 0.7152442932 -0.6986033916 -0.0194655135 0.6625897884 0.6689887047 0.3367920220 -0.2222618461 -0.2537862360 0.9413778186
-124.7 129.2 2421.2 -0.2968953252 -0.6986033916 -0.6510041952 0.0516835786 0.6689887047 -0.7414734960 0.9535103440 -0.2537862360 -0.1625132859
299.2 252.4 2268.2 -0.1201848537 0.2405849546 0.9631586075 -0.9870672226 0.0747146159 -0.1418309957 -0.1060844287 -0.9677482247 0.2284939587
271.5 25.5 2243.8 -0.9633949399 0.2405849546 -0.1182754263 0.1398741305 0.0747146159 -0.9873464108 -0.2287037969 -0.9677482247 -0.1056312993
87.6 -118.9 2442.8 0.9923229218 0.0310584269 0.1197103858 -0.0298374258 0.9994829893 -0.0119789746 -0.1200205386 0.0083151618 0.9927365780
75.3 -516.1 2439.5 0.9920077920 0.0551045239 0.1135077402 -0.0357985757 0.9855450392 -0.1655880362 -0.1209916398 0.1602012068 0.9796410799
255.6 -131.0 2370.4 0.8719714880 0.0970389470 0.4798428416 -0.0957266912 0.9950339794 -0.0272716489 -0.4801063538 -0.0221536662 0.8769304752
217.0 -526.4 2379.2 0.8741759658 -0.0776888207 0.4793545604 0.1059902757 0.9938451052 -0.0322172791 -0.4739012718 0.0789704919 0.8770297766
-50.3 116.2 2182.2 0 0 0 0 0 0 0 0 0
11.9 63.2 2182.2 0 0 0 0 0 0 0 0 0
57.6 -832.3 2388.1 0 0 0 0 0 0 0 0 0
240.4 -825.5 2355.5 0 0 0 0 0 0 0 0 0
158.7 458.7 2262.9  0.9582611918 -0.0432985462 0.2825964391 -0.0317369439 0.9662450552 0.2556624115 -0.2841272056 -0.2539601028 0.9245409369
167.7 259.5 2315.2 0.9582611918 -0.0432985462 0.2825964391 -0.0317369439 0.9662450552 0.2556624115 -0.2841272056 -0.2539601028 0.9245409369
174.2 65.6 2357.7 0.9581707716 -0.0333455913 0.2842479050 -0.0294450652 0.9764328599 0.2138032764 -0.2846783996 -0.2132297456 0.9346075654
28.3 263.7 2356.6 0.7724313736 -0.6321923137 -0.0606852844 0.6018257737 0.6980926991 0.3879075646 -0.2028682232 -0.3361539245 0.9196983576
-140.3 132.4 2400.9 -0.4204244018 -0.6321923137 -0.6508273482 0.0553572401 0.6980926991 -0.7138642073 0.9056373239 -0.3361539245 -0.2584987879
307.0 255.3 2273.8 -0.0748371258 0.2260804325 0.9712296724 -0.9895794988 0.1033081636 -0.1002988666 -0.1230115592 -0.9686149955 0.2159932703
289.4 22.3 2244.8 -0.9681494832 0.2260804325 -0.1075837612 0.1336504966 0.1033081636 -0.9856292009 -0.2117171884 -0.9686149955 -0.1302334964
84.5 -122.0 2435.7 0.9990385771 0.0200676974 0.0389774032 -0.0207796376 0.9996230006 0.0179470293 -0.0386025533 -0.0187397096 0.9990789294
76.5 -519.1 2443.2 0.9974880219 0.0619241782 0.0343953408 -0.0550170764 0.9831268787 -0.1744552702 -0.0446179844 0.1721246988 0.9840641618
254.9 -133.2 2369.4 0.9089913368 0.0911432505 0.4067279696 -0.0926589891 0.9955691099 -0.0160136223 -0.4063853323 -0.0231307596 0.9134089351
218.7 -528.8 2378.6 0.9118109941 -0.0731830448 0.4040358365 0.0991507322 0.9941126108 -0.0436954796 -0.3984593451 0.0799024701 0.9136989117
-33.9 118.4 2171.7 0 0 0 0 0 0 0 0 0
28.8 58.3 2187.8 0 0 0 0 0 0 0 0 0
56.7 -833.8 2388.1 0 0 0 0 0 0 0 0 0
240.7 -827.3 2354.6 0 0 0 0 0 0 0 0 0
160.9 462.2 2258.3  0.9505092502 -0.0494787134 0.3067312241 -0.0360306539 0.9630233049 0.2669979930 -0.3086000383 -0.2648358047 0.9135797620
171.2 262.8 2313.2 0.9505092502 -0.0494787134 0.3067312241 -0.0360306539 0.9630233049 0.2669979930 -0.3086000383 -0.2648358047 0.9135797620
178.5 69.2 2357.3 0.9504327178 -0.0369831026 0.3087230325 -0.0343159549 0.9743589163 0.2223670334 -0.3090308607 -0.2219390273 0.9247934818
32.7 267.8 2358.2 0.7316245437 -0.6810470223 -0.0300077237 0.6224427223 0.6494209170 0.4368267059 -0.2780118883 -0.3382712305 0.8990450501
-124.2 134.3 2417.8 -0.3808673322 -0.6810470223 -0.6253919005 0.0803837106 0.6494209170 -0.7561686039 0.9211289287 -0.3382712305 -0.1925981194
309.7 257.8 2268.1 -0.0830702931 0.2454995960 0.9658308625 -0.9916167855 0.0758913234 -0.1045785472 -0.0989721715 -0.9664214849 0.2371371984
290.1 23.7 2244.7 -0.9638934731 0.2454995960 -0.1031471118 0.1251872033 0.0758913234 -0.9892262816 -0.2350266725 -0.9664214849 -0.1038845554
93.3 -125.8 2426.2 0.9968216419 0.0455813967 0.0653374195 -0.0484402701 0.9979060888 0.0428598747 -0.0632469952 -0.0458886102 0.9969423413
75.2 -522.0 2444.4 0.9967355132 0.0605826005 0.0533671118 -0.0498524271 0.9817700982 -0.1834182590 -0.0635061860 0.1801590174 0.9815853238
268.3 -131.1 2374.2 0.8962304592 0.1224648431 0.4263488352 -0.1150087267 0.9924201965 -0.0433031656 -0.4284203053 -0.0102242222 0.9035217166
219.6 -525.2 2378.3 0.9012700915 -0.0711046681 0.4273831546 0.0949878842 0.9948702455 -0.0347927101 -0.4227168560 0.0719538480 0.9034008384
-27.1 113.9 2183.1 0 0 0 0 0 0 0 0 0
31.2 57.3 2181.6 0 0 0 0 0 0 0 0 0
55.9 -834.2 2387.2 0 0 0 0 0 0 0 0 0
241.3 -828.0 2356.4 0 0 0 0 0 0 0 0 0
161.7 464.0 2255.5  0.9446719885 -0.0451261289 0.3248975873 -0.0469471551 0.9616936445 0.2700764239 -0.3246394396 -0.2703866363 0.9063665271
171.1 264.4 2311.7 0.9446719885 -0.0451261289 0.3248975873 -0.0469471551 0.9616936445 0.2700764239 -0.3246394396 -0.2703866363 0.9063665271
177.3 71.0 2356.9 0.9446172714 -0.0313570499 0.3266725838 -0.0455620699 0.9732534289 0.2251706421 -0.3249959052 -0.2275839448 0.9179233313
33.3 271.0 2359.1 0.7091551423 -0.7045215964 -0.0273561459 0.6360948086 0.6225787997 0.4558278918 -0.3041092455 -0.3406537771 0.8896474242
-119.4 134.0 2424.6 -0.3779901862 -0.7045215964 -0.6006436348 0.0770722479 0.6225787997 -0.7787525654 0.9225959182 -0.3406537771 -0.1810296178
308.9 257.7 2264.2 -0.0971341655 0.2590408027 0.9609697461 -0.9916248918 0.0573859550 -0.1157018393 -0.0851176605 -0.9641600847 0.2512971759
286.0 23.7 2244.2 -0.9594075680 0.2590408027 -0.1115123183 0.1305369139 0.0573859550 -0.9897812605 -0.2499945015 -0.9641600847 -0.0888709053
98.9 -121.2 2429.8 0.9947846532 0.0614533797 0.0814059451 -0.0635897368 0.9976896048 0.0239134487 -0.0797483027 -0.0289653149 0.9963940978
74.5 -517.5 2441.3 0.9960274696 0.0574802719 0.0680099055 -0.0452677794 0.9845493436 -0.1691549867 -0.0766821876 0.1654043496 0.9832401872
272.8 -127.5 2373.2 0.8871155381 0.1386972815 0.4402148128 -0.1300035566 0.9902513027 -0.0500141755 -0.4428601265 -0.0128611410 0.8964984417
217.7 -520.9 2378.3 0.8937120438 -0.0759040490 0.4421734512 0.1020942330 0.9941340685 -0.0356965028 -0.4368701875 0.0770457536 0.8962189555
-23.4 114.5 2190.2 0 0 0 0 0 0 0 0 0
28.5 58.8 2177.1 0 0 0 0 0 0 0 0 0
55.9 -836.2 2387.7 0 0 0 0 0 0 0 0 0
241.1 -827.9 2354.5 0 0 0 0 0 0 0 0 0
163.3 465.9 2255.2  0.9444236755 -0.0346306078 0.3269016445 -0.0578835383 0.9613794088 0.2690709531 -0.3235945702 -0.2730391920 0.9059448838
170.5 266.2 2311.9 0.9444236755 -0.0346306078 0.3269016445 -0.0578835383 0.9613794088 0.2690709531 -0.3235945702 -0.2730391920 0.9059448838
175.0 72.9 2357.5 0.9443238378 -0.0226911623 0.3282341361 -0.0545141250 0.9730395079 0.2241033912 -0.3244699538 -0.2295195609 0.9176273942
32.7 274.2 2359.2 0.7080990076 -0.7044916153 -0.0478265621 0.6417991519 0.6138835549 0.4596094489 -0.2944310606 -0.3561440408 0.8868324161
-119.9 135.9 2422.7 -0.4018551409 -0.7044916153 -0.5849820375 0.0685841292 0.6138835549 -0.7864116430 0.9131312370 -0.3561440408 -0.1983753145
308.4 258.3 2264.5 -0.1084970310 0.2738157213 0.9556428790 -0.9906462431 0.0502456166 -0.1268676966 -0.0827552378 -0.9604688287 0.2658030391
282.5 22.5 2244.8 -0.9543324709 0.2738157213 -0.1194758862 0.1382477283 0.0502456166 -0.9891223311 -0.2648341060 -0.9604688287 -0.0858054310
97.0 -118.2 2431.9 0.9953938127 0.0521478578 0.0804474652 -0.0533899255 0.9984843135 0.0133650256 -0.0796285719 -0.0175985470 0.9966692328
76.3 -514.8 2438.9 0.9954895377 0.0634028986 0.0705736578 -0.0519171804 0.9866891503 -0.1541076601 -0.0794051364 0.1497485787 0.9855304360
270.1 -126.5 2372.4 0.8870558739 0.1390159130 0.4402346015 -0.1323070228 0.9901376367 -0.0460690036 -0.4422971606 -0.0173803493 0.8967001438
214.8 -520.0 2379.3 0.8930655122 -0.0819682106 0.4423970580 0.1062121987 0.9938828945 -0.0302616246 -0.4372103810 0.0740135759 0.8963086009
-18.7 118.6 2192.7 0 0 0 0 0 0 0 0 0
26.5 59.5 2173.8 0 0 0 0 0 0 0 0 0
55.8 -834.9 2390.4 0 0 0 0 0 0 0 0 0
240.3 -829.0 2356.3 0 0 0 0 0 0 0 0 0
165.8 466.8 2256.0  0.9459688663 -0.0270149745 0.3231300712 -0.0633200556 0.9619482756 0.2657933235 -0.3180148005 -0.2718928158 0.9082625508
171.4 267.1 2312.4 0.9459688663 -0.0270149745 0.3231300712 -0.0633200556 0.9619482756 0.2657933235 -0.3180148005 -0.2718928158 0.9082625508
174.5 73.7 2358.0 0.9458898306 -0.0158586092 0.3241001368 -0.0597521551 0.9732123017 0.2220077813 -0.3189389706 -0.2293605804 0.9196040630
33.2 275.8 2359.0 0.6913373470 -0.7213693857 -0.0409738086 0.6519851685 0.5983920693 0.4656632245 -0.3113968074 -0.3486447036 0.8840129375
-112.3 138.5 2424.5 -0.3839691579 -0.7213693857 -0.5763626099 0.0733925402 0.5983920693 -0.7978348732 0.9204244614 -0.3486447036 -0.1768209785
309.5 258.3 2265.8 -0.1237112433 0.2892121971 0.9492375255 -0.9893641472 0.0378086753 -0.1404603124 -0.0765122473 -0.9565180540 0.2814588249
280.2 23.7 2247.7 -0.9499030709 0.2892121971 -0.1184926331 0.1350209266 0.0378086753 -0.9901211262 -0.2818750739 -0.9565180540 -0.0749642700
93.0 -115.5 2432.9 0.9960973263 0.0468821973 0.0747808516 -0.0481146611 0.9987326860 0.0147644915 -0.0739938915 -0.0183049254 0.9970906973
74.4 -512.3 2440.1 0.9963828325 0.0543565378 0.0653190389 -0.0431645252 0.9858526587 -0.1619610935 -0.0731985942 0.1585557908 0.9846329689
266.1 -125.5 2373.4 0.8916284442 0.1243285462 0.4353632331 -0.1169234067 0.9921711683 -0.0438782237 -0.4374101758 -0.0117810797 0.8991849422
216.7 -519.7 2378.1 0.8962430358 -0.0772372633 0.4367868900 0.1014196426 0.9943199754 -0.0322768390 -0.4318129420 0.0732266605 0.8989858031
-15.6 120.0 2192.6 0 0 0 0 0 0 0 0 0
25.5 59.9 2172.1 0 0 0 0 0 0 0 0 0
56.7 -833.4 2388.5 0 0 0 0 0 0 0 0 0
240.5 -826.6 2355.5 0 0 0 0 0 0 0 0 0
167.2 465.3 2255.9  0.9476976991 -0.0231075827 0.3183317780 -0.0649292842 0.9625617266 0.2631713450 -0.3124952316 -0.2700759470 0.9107171297
172.0 265.4 2312.0 0.9476976991 -0.0231075827 0.3183317780 -0.0649292842 0.9625617266 0.2631713450 -0.3124952316 -0.2700759470 0.9107171297
174.1 71.9 2357.2 0.9476591349 -0.0107493419 0.3191028237 -0.0627243519 0.9736894965 0.2190761864 -0.3130619824 -0.2276250571 0.9220515490
33.6 274.5 2357.7 0.6763541102 -0.7363386154 -0.0187242180 0.6605041027 0.5950542092 0.4578698277 -0.3260053098 -0.3220495582 0.8888220787
-105.8 138.4 2424.9 -0.3713008463 -0.7363386154 -0.5656334162 0.0425339527 0.5950542092 -0.8025592566 0.9275379181 -0.3220495582 -0.1896247566
310.4 256.2 2266.2 -0.1482867301 0.3045018911 0.9408982992 -0.9855247736 0.0335517488 -0.1661782414 -0.0821703672 -0.9519206285 0.2951188684
275.6 24.7 2246.9 -0.9406594038 0.3045018911 -0.1497947276 0.1677577347 0.0335517488 -0.9852571487 -0.2949867845 -0.9519206285 -0.0826433152
90.9 -114.2 2432.8 0.9968117476 0.0417756103 0.0679785460 -0.0419349857 0.9991199374 0.0009185241 -0.0678803474 -0.0037662750 0.9976863861
74.4 -511.2 2434.3 0.9967207909 0.0530515462 0.0611001030 -0.0436585099 0.9883293509 -0.1459417790 -0.0681294650 0.1427956671 0.9874045849
264.4 -125.2 2374.3 0.8947638273 0.1194049791 0.4302791655 -0.1128220335 0.9927735925 -0.0408874936 -0.4320519865 -0.0119603211 0.9017693996
216.9 -519.7 2379.1 0.8990855217 -0.0777112171 0.4308204055 0.1033314243 0.9939825535 -0.0363496952 -0.4254032075 0.0771987736 0.9017053246
-13.1 127.8 2193.4 0 0 0 0 0 0 0 0 0
25.2 69.4 2168.4 0 0 0 0 0 0 0 0 0
56.9 -836.2 2387.3 0 0 0 0 0 0 0 0 0
241.1 -828.4 2355.1 0 0 0 0 0 0 0 0 0
169.0 465.5 2255.3  0.9519430399 -0.0167913456 0.3058145642 -0.0677332580 0.9622308612 0.2636740208 -0.2986916304 -0.2717164755 0.9148516059
172.5 264.9 2312.0 0.9519430399 -0.0167913456 0.3058145642 -0.0677332580 0.9622308612 0.2636740208 -0.2986916304 -0.2717164755 0.9148516059
173.2 71.4 2357.3 0.9519275427 -0.0039322111 0.3062981069 -0.0662855208 0.9735822082 0.2185039222 -0.2990655899 -0.2283030301 0.9265190363
33.4 274.6 2355.6 0.6611052155 -0.7502742410 0.0053359033 0.6611667275 0.5859203935 0.4685678482 -0.3546808064 -0.3062447309 0.8834114075
-101.6 139.6 2428.1 -0.3572399318 -0.7502742410 -0.5562986732 0.0304755289 0.5859203935 -0.8097953200 0.9335153103 -0.3062447309 -0.1864491701
311.5 255.2 2268.3 -0.1336206645 0.3130491972 0.9402902126 -0.9872900248 0.0403303094 -0.1537266970 -0.0860462114 -0.9488801956 0.3036813736
280.1 23.5 2248.1 -0.9367244840 0.3130491972 -0.1566763371 0.1779307574 0.0403303094 -0.9832162261 -0.3014762402 -0.9488801956 -0.0934794694
89.4 -115.8 2431.1 0.9977328181 0.0408143438 0.0535113215 -0.0411866903 0.9991341829 0.0058736419 -0.0532252640 -0.0080642793 0.9985499978
73.1 -512.9 2434.3 0.9977083802 0.0489699431 0.0466893837 -0.0416816399 0.9884076715 -0.1459892690 -0.0532972328 0.1437086314 0.9881837964
263.2 -127.4 2373.7 0.9010980725 0.1185762808 0.4170874953 -0.1122435257 0.9928843379 -0.0397760831 -0.4188361168 -0.0109732207 0.9079955220
216.0 -521.9 2378.1 0.9050494432 -0.0815295056 0.4174188077 0.1065672487 0.9936172962 -0.0369880348 -0.4117389023 0.0779591724 0.9079611301
-12.0 131.9 2194.0 0 0 0 0 0 0 0 0 0
32.7 70.5 2168.5 0 0 0 0 0 0 0 0 0
57.3 -832.1 2387.9 0 0 0 0 0 0 0 0 0
241.3 -830.4 2353.9 0 0 0 0 0 0 0 0 0
172.0 466.4 2261.5  0.9517942071 -0.0063833455 0.3066709340 -0.0731186047 0.9662412405 0.2470456362 -0.2978950739 -0.2575599551 0.9191960692
173.3 265.5 2315.1 0.9517942071 -0.0063833455 0.3066709340 -0.0731186047 0.9662412405 0.2470456362 -0.2978950739 -0.2575599551 0.9191960692
172.1 71.3 2357.4 0.9517940283 0.0062261638 0.3066746593 -0.0711556897 0.9770028591 0.2010031641 -0.2983705401 -0.2131352723 0.9303485155
34.3 275.9 2358.7 0.6460925937 -0.7632045150 0.0091204317 0.6739968061 0.5760996938 0.4624255896 -0.3581795990 -0.2926226258 0.8866111636
-100.0 135.8 2433.1 -0.3443808854 -0.7632045150 -0.5467363596 0.0205245595 0.5760996938 -0.8171216846 0.9386056662 -0.2926226258 -0.1827332824
312.3 255.1 2271.5 -0.1577595323 0.3141769767 0.9361649156 -0.9813753366 0.0553494543 -0.1839535236 -0.1096101776 -0.9477495551 0.2995936275
275.0 22.7 2245.6 -0.9339774251 0.3141769767 -0.1702323407 0.1970270276 0.0553494543 -0.9788343906 -0.2981049716 -0.9477495551 -0.1135964990
86.7 -115.9 2430.1 0.9980333447 0.0345440358 0.0523078293 -0.0348769464 0.9993766546 0.0054647708 -0.0520864464 -0.0072783609 0.9986160398
73.0 -513.1 2433.0 0.9976314306 0.0508301333 0.0463451445 -0.0434145071 0.9878916144 -0.1489473879 -0.0533549935 0.1465825438 0.9877584577
261.3 -128.1 2375.3 0.9014484882 0.1175974980 0.4166070521 -0.1090193838 0.9930467606 -0.0444170535 -0.4189336300 -0.0053785574 0.9080009460
214.6 -522.8 2377.4 0.9043274522 -0.0864379257 0.4179955721 0.1099433675 0.9934085608 -0.0324324779 -0.4124369919 0.0752854198 0.9078699350
-14.3 130.7 2199.7 0 0 0 0 0 0 0 0 0
29.8 74.4 2167.3 0 0 0 0 0 0 0 0 0
56.5 -833.2 2385.5 0 0 0 0 0 0 0 0 0
241.3 -829.5 2354.1 0 0 0 0 0 0 0 0 0
174.7 466.8 2265.7  0.9596424699 0.0032079478 0.2812045813 -0.0721779913 0.9692490697 0.2352584898 -0.2718025744 -0.2460608333 0.9303641319
174.0 265.5 2316.7 0.9596424699 0.0032079478 0.2812045813 -0.0721779913 0.9692490697 0.2352584898 -0.2718025744 -0.2460608333 0.9303641319
170.9 71.0 2357.2 0.9596426487 0.0159290247 0.2807707787 -0.0721596554 0.9789152741 0.1910965294 -0.2718068063 -0.2036447078 0.9405583143
33.9 276.1 2356.4 0.6435849071 -0.7644604445 0.0373989083 0.6597374082 0.5788654089 0.4792299867 -0.3880013227 -0.2837517262 0.8768922091
-102.7 136.1 2438.8 -0.3435927927 -0.7644604445 -0.5454761386 0.0065765185 0.5788654089 -0.8153966069 0.9390956759 -0.2837517262 -0.1938665062
314.2 255.0 2277.0 -0.1768609285 0.3212317526 0.9303388596 -0.9754562378 0.0687638968 -0.2091810256 -0.1311693192 -0.9445007443 0.3011858761
272.2 23.4 2245.9 -0.9305927753 0.3212317526 -0.1755200028 0.2077750564 0.0687638968 -0.9757566452 -0.3013745844 -0.9445007443 -0.1307351291
83.5 -116.2 2427.2 0.9993481636 0.0266205836 0.0243835822 -0.0269372035 0.9995558262 0.0127498256 -0.0240333434 -0.0133983409 0.9996213913
73.0 -513.5 2432.5 0.9983834624 0.0532446317 0.0198868215 -0.0498167798 0.9882017970 -0.1448291242 -0.0273635648 0.1436043084 0.9892567992
258.1 -129.3 2372.4 0.9124857187 0.1158830002 0.3923531175 -0.1097745299 0.9932277799 -0.0380538031 -0.3941058218 -0.0083468286 0.9190271497
212.1 -524.0 2375.7 0.9140335321 -0.0977207124 0.3936919868 0.1174798533 0.9927258492 -0.0263420362 -0.3882540464 0.0703283846 0.9188649058
-16.4 134.5 2203.0 0 0 0 0 0 0 0 0 0
29.6 77.6 2167.3 0 0 0 0 0 0 0 0 0
55.7 -833.4 2386.0 0 0 0 0 0 0 0 0 0
242.1 -829.6 2354.1 0 0 0 0 0 0 0 0 0
177.1 464.4 2269.7  0.9570949674 0.0139163313 0.2894400954 -0.0801343322 0.9726043940 0.2182181478 -0.2784739137 -0.2320495695 0.9319899678
174.2 263.3 2317.7 0.9570949674 0.0139163313 0.2894400954 -0.0801343322 0.9726043940 0.2182181478 -0.2784739137 -0.2320495695 0.9319899678
169.1 68.4 2356.0 0.9571007490 0.0257648416 0.2886075675 -0.0798494667 0.9809244275 0.1772324294 -0.2785358429 -0.1926744580 0.9409008026
34.4 274.9 2358.4 0.6463742256 -0.7616598010 0.0455491729 0.6596329808 0.5878002644 0.4683749676 -0.3835162222 -0.2726997733 0.8823549151
-104.0 133.7 2440.5 -0.3444950283 -0.7616598010 -0.5488146544 -0.0108844973 0.5878002644 -0.8089328408 0.9387250543 -0.2726997733 -0.2107845545
314.0 251.6 2277.0 -0.1877294034 0.3305378556 0.9249337316 -0.9733688831 0.0635333583 -0.2202645838 -0.1315699220 -0.9416518807 0.3098081946
270.2 24.5 2246.3 -0.9265650511 0.3305378556 -0.1795047075 0.2116082907 0.0635333583 -0.9752873778 -0.3109648526 -0.9416518807 -0.1288123429
79.8 -116.8 2422.5 0.9993602037 0.0179483201 0.0309359115 -0.0183818936 0.9997359514 0.0137882587 -0.0306802671 -0.0143480981 0.9994262457
72.6 -514.1 2428.2 0.9982784986 0.0516078360 0.0278690532 -0.0473117083 0.9893828630 -0.1374157965 -0.0346648954 0.1358606964 0.9901213050
255.7 -130.1 2372.7 0.9104177952 0.1082512215 0.3992757201 -0.1017279774 0.9941028357 -0.0375627279 -0.4009873569 -0.0064197364 0.9160611033
212.7 -525.2 2375.2 0.9113295078 -0.0937830582 0.4008531868 0.1121989563 0.9934273362 -0.0226605795 -0.3960933387 0.0656265616 0.9158620238
-17.5 136.4 2204.7 0 0 0 0 0 0 0 0 0
29.9 79.4 2165.7 0 0 0 0 0 0 0 0 0
55.9 -834.8 2384.2 0 0 0 0 0 0 0 0 0
241.5 -830.3 2355.1 0 0 0 0 0 0 0 0 0
179.8 462.8 2270.7  0.9612156749 0.0201046765 0.2750640512 -0.0804135427 0.9744353890 0.2097840309 -0.2638145089 -0.2237665802 0.9382592440
175.7 261.5 2317.0 0.9612156749 0.0201046765 0.2750640512 -0.0804135427 0.9744353890 0.2097840309 -0.2638145089 -0.2237665802 0.9382592440
169.1 66.3 2353.4 0.9611815810 0.0330851413 0.2739257216 -0.0816670358 0.9824145436 0.1679051071 -0.2635534704 -0.1837580055 0.9469807744
35.3 273.5 2355.4 0.6449967027 -0.7614269257 0.0648712739 0.6507958174 0.5918051600 0.4756379128 -0.4005546868 -0.2645669281 0.8772458434
-105.2 131.7 2442.7 -0.3456192613 -0.7614269257 -0.5484308004 -0.0253315475 0.5918051600 -0.8056828976 0.9380328655 -0.2645669281 -0.2238273770
316.1 249.6 2278.5 -0.2052675039 0.3364448547 0.9190593362 -0.9681350589 0.0678428859 -0.2410639226 -0.1434563547 -0.9392561913 0.3117981255
268.2 23.9 2245.0 -0.9208142161 0.3364448547 -0.1972461343 0.2326132953 0.0678428859 -0.9702001810 -0.3130370975 -0.9392561913 -0.1407322437
76.2 -119.2 2419.8 0.9998701811 0.0063055595 0.0148269329 -0.0065754922 0.9998122454 0.0182278454 -0.0147092119 -0.0183229726 0.9997239113
73.7 -516.5 2427.1 0.9980825782 0.0603629090 0.0136926472 -0.0579842813 0.9892331958 -0.1343708485 -0.0216562357 0.1333192438 0.9908365011
251.7 -133.8 2368.7 0.9168502092 0.1006304324 0.3863408267 -0.0982395858 0.9948235154 -0.0259836148 -0.3869556785 -0.0141308829 0.9219900370
211.7 -529.2 2374.3 0.9170038700 -0.0983747989 0.3865569532 0.1165653616 0.9928969145 -0.0238382816 -0.3814660907 0.0669189468 0.9219574332
-18.6 138.1 2207.7 0 0 0 0 0 0 0 0 0
29.8 84.2 2164.0 0 0 0 0 0 0 0 0 0
54.3 -834.2 2384.3 0 0 0 0 0 0 0 0 0
241.6 -830.8 2354.0 0 0 0 0 0 0 0 0 0
182.1 462.1 2262.8  0.9568884373 0.0215273481 0.2896568179 -0.0910887048 0.9691826105 0.2288839519 -0.2758030891 -0.2454008758 0.9293605685
177.7 261.2 2313.6 0.9568884373 0.0215273481 0.2896568179 -0.0910887048 0.9691826105 0.2288839519 -0.2758030891 -0.2454008758 0.9293605685
170.7 66.7 2353.7 0.9568892717 0.0350576788 0.2883293927 -0.0910595059 0.9788520932 0.1831848919 -0.2758097947 -0.2015427947 0.9398454428
37.9 274.5 2353.9 0.6455561519 -0.7593621016 0.0814025924 0.6376870871 0.5946104527 0.4896872640 -0.4202528000 -0.2642112672 0.8680898547
-103.8 134.5 2446.2 -0.3415893912 -0.7593621016 -0.5537922382 -0.0187020693 0.5946104527 -0.8037964106 0.9396631718 -0.2642112672 -0.2173142582
317.4 247.9 2273.3 -0.2133738101 0.3293215334 0.9197928905 -0.9691270590 0.0477123745 -0.2419012487 -0.1235487908 -0.9430115819 0.3089738488
268.0 23.5 2244.7 -0.9191798568 0.3293215334 -0.2159993947 0.2446676046 0.0477123745 -0.9684323668 -0.3086197972 -0.9430115819 -0.1244305596
74.4 -121.4 2414.1 0.9995698333 0.0005895800 0.0293232296 -0.0016764143 0.9993118644 0.0370531753 -0.0292812064 -0.0370863900 0.9988830090
74.2 -518.4 2428.8 0.9975637197 0.0635434315 0.0287893955 -0.0591230318 0.9891384244 -0.1345721930 -0.0370278768 0.1325422227 0.9904854894
250.7 -136.4 2365.8 0.9107811451 0.1084839031 0.3983829618 -0.1088905260 0.9938172698 -0.0216820110 -0.3982720375 -0.0236325655 0.9169628620
207.6 -531.3 2375.2 0.9099729657 -0.1142115816 0.3986287713 0.1328815818 0.9909416437 -0.0194206480 -0.3927997947 0.0706426874 0.9169067144
-18.3 139.2 2210.9 0 0 0 0 0 0 0 0 0
30.7 86.7 2165.1 0 0 0 0 0 0 0 0 0
53.7 -836.9 2386.2 0 0 0 0 0 0 0 0 0
242.1 -830.6 2353.8 0 0 0 0 0 0 0 0 0
186.0 463.7 2266.8  0.9488140345 0.0212198179 0.3151216507 -0.0928942636 0.9723576307 0.2142224312 -0.3018651903 -0.2325302511 0.9245578051
181.7 262.2 2314.9 0.9488140345 0.0212198179 0.3151216507 -0.0928942636 0.9723576307 0.2142224312 -0.3018651903 -0.2325302511 0.9245578051
174.7 67.2 2352.5 0.9488466382 0.0346992314 0.3138248622 -0.0917552263 0.9813505411 0.1689143777 -0.3021109998 -0.1890689135 0.9343349934
43.1 275.6 2359.1 0.6898284554 -0.7233433723 0.0301840398 0.6429380178 0.6312490702 0.4337687790 -0.3328174055 -0.2798195779 0.9005184770
-118.9 124.6 2437.2 -0.3950673938 -0.7233433723 -0.5663003922 -0.0459960364 0.6312490702 -0.7742151022 0.9174998999 -0.2798195779 -0.2826568484
320.2 248.8 2270.8 -0.1325459033 0.3065261543 0.9425886273 -0.9847059250 0.0677657425 -0.1605055630 -0.1130743697 -0.9494469762 0.2928560376
289.3 19.3 2244.5 -0.9283450246 0.3065261543 -0.2102790475 0.2416360676 0.0677657425 -0.9679978490 -0.2824669182 -0.9494469762 -0.1369777620
76.1 -119.4 2419.0 0.9984357953 0.0041512609 0.0557561815 -0.0058730189 0.9995098114 0.0307518598 -0.0556011908 -0.0310312156 0.9979707003
74.4 -516.5 2431.3 0.9964931011 0.0637612119 0.0541851260 -0.0554208346 0.9880967736 -0.1435036957 -0.0626901165 0.1399974525 0.9881653190
251.5 -136.1 2368.4 0.8989031315 0.1138268486 0.4231034815 -0.1124799177 0.9932525158 -0.0282442681 -0.4234635532 -0.0222017840 0.9056410193
206.3 -530.8 2377.2 0.8990511298 -0.1126224622 0.4231114089 0.1372915059 0.9901298881 -0.0281751323 -0.4157620966 0.0834204853 0.9056394696
-18.3 136.3 2203.6 0 0 0 0 0 0 0 0 0
48.9 81.9 2171.3 0 0 0 0 0 0 0 0 0
53.9 -834.8 2386.2 0 0 0 0 0 0 0 0 0
239.9 -826.3 2352.3 0 0 0 0 0 0 0 0 0
189.6 470.1 2280.3  0.9365156293 0.0251367670 0.3497235775 -0.0919257998 0.9801393747 0.1757171005 -0.3383608758 -0.1967104375 0.9202265739
184.4 267.4 2320.9 0.9365156293 0.0251367670 0.3497235775 -0.0919257998 0.9801393747 0.1757171005 -0.3383608758 -0.1967104375 0.9202265739
176.9 71.4 2351.9 0.9366230965 0.0367972031 0.3484008312 -0.0885129869 0.9870607853 0.1337029934 -0.3389728963 -0.1560673118 0.9277609587
47.7 280.2 2370.4 0.6819147468 -0.7312396169 -0.0167606696 0.6661650538 0.6114416122 0.4270401001 -0.3020204604 -0.3023703396 0.9040773511
-109.4 126.8 2440.0 -0.3794649839 -0.7312396169 -0.5668289065 0.0037171124 0.6114416122 -0.7912808061 0.9251986146 -0.3023703396 -0.2293025851
321.1 254.6 2271.5 -0.1254722178 0.3295142055 0.9357762337 -0.9862115383 0.0611631609 -0.1537721157 -0.1079051271 -0.9421674013 0.3172964454
291.4 21.4 2246.0 -0.9221784472 0.3295142055 -0.2025026679 0.2348803431 0.0611631609 -0.9700980783 -0.3072753847 -0.9421674013 -0.1337997615
80.8 -119.3 2417.8 0.9955849051 0.0186099317 0.0920021534 -0.0211291872 0.9994258881 0.0264847185 -0.0914564505 -0.0283117164 0.9954065084
73.4 -516.5 2429.0 0.9944531918 0.0583009198 0.0875434205 -0.0454206318 0.9887498021 -0.1425159425 -0.0948673487 0.1377491504 0.9859134555
254.8 -136.1 2362.4 0.8807090521 0.1159179583 0.4592543542 -0.1170889810 0.9927799106 -0.0260415599 -0.4589571953 -0.0308385864 0.8879230022
208.7 -530.7 2374.6 0.8819754124 -0.1037702411 0.4597293735 0.1280946881 0.9915192723 -0.0219393633 -0.4535538852 0.0782388672 0.8877879977
-10.6 125.8 2199.2 0 0 0 0 0 0 0 0 0
54.4 81.8 2167.0 0 0 0 0 0 0 0 0 0
54.7 -834.8 2384.7 0 0 0 0 0 0 0 0 0
239.8 -827.0 2351.2 0 0 0 0 0 0 0 0 0
193.2 472.9 2287.5  0.9308751822 0.0318410359 0.3639472127 -0.0938951224 0.9835827947 0.1541056931 -0.3530653417 -0.1776260287 0.9185824990
186.6 269.8 2324.2 0.9308751822 0.0318410359 0.3639472127 -0.0938951224 0.9835827947 0.1541056931 -0.3530653417 -0.1776260287 0.9185824990
177.9 73.3 2351.8 0.9310106039 0.0433184244 0.3624124527 -0.0903398097 0.9893859029 0.1138169691 -0.3536353707 -0.1387050748 0.9250420928
50.6 282.9 2375.8 0.6723775268 -0.7395627499 -0.0309090000 0.6793171763 0.5999426246 0.4226073623 -0.2940010428 -0.3051487207 0.9057856798
-102.5 128.2 2442.8 -0.3567308187 -0.7395627499 -0.5707802176 0.0350804143 0.5999426246 -0.7992735505 0.9335483313 -0.3051487207 -0.1880738586
322.5 256.7 2272.6 -0.0784359351 0.3068011999 0.9485361576 -0.9903546572 0.0850296542 -0.1093965620 -0.1142167002 -0.9479678273 0.2971726358
303.9 22.0 2245.5 -0.9359925389 0.3068011999 -0.1726006866 0.2075757980 0.0850296542 -0.9745163918 -0.2843066454 -0.9479678273 -0.1432716250
83.7 -116.6 2414.0 0.9938864708 0.0293907132 0.1064228863 -0.0318021066 0.9992728829 0.0210325420 -0.1057273448 -0.0242884327 0.9940984845
72.0 -513.6 2423.6 0.9933695793 0.0546621755 0.1011381969 -0.0421657972 0.9916570783 -0.1218126342 -0.1069529504 0.1167403907 0.9873868227
255.3 -132.7 2351.9 0.8711398244 0.1223473623 0.4755486846 -0.1327119768 0.9910835624 -0.0118721109 -0.4727610052 -0.0527687371 0.8796092868
206.7 -526.4 2372.9 0.8725225329 -0.1082215980 0.4764373004 0.1255452186 0.9920773506 -0.0045689917 -0.4721682072 0.0638009757 0.8791965842
-7.5 118.8 2194.1 0 0 0 0 0 0 0 0 0
62.2 75.7 2172.1 0 0 0 0 0 0 0 0 0
54.4 -832.1 2386.2 0 0 0 0 0 0 0 0 0
239.5 -826.7 2353.5 0 0 0 0 0 0 0 0 0
194.5 470.9 2284.6  0.9271625280 0.0375343971 0.3727745116 -0.1057865918 0.9807106853 0.1643647254 -0.3594146073 -0.1918273568 0.9132488370
186.7 268.2 2324.3 0.9271625280 0.0375343971 0.3727745116 -0.1057865918 0.9807106853 0.1643647254 -0.3594146073 -0.1918273568 0.9132488370
176.9 72.1 2354.2 0.9273613691 0.0493320972 0.3709005117 -0.1012809500 0.9873605371 0.1219072938 -0.3601985872 -0.1506172717 0.9206364155
51.3 283.0 2376.9 0.6570657492 -0.7527534962 -0.0403333008 0.6890586019 0.5780470967 0.4371038973 -0.3057169318 -0.3149980009 0.8985062242
-95.4 129.2 2445.1 -0.3450241685 -0.7527534962 -0.5606429577 0.0610853694 0.5780470967 -0.8137137890 0.9366039038 -0.3149980009 -0.1534579992
322.2 253.5 2271.7 -0.0122380257 0.3224034607 0.9465232491 -0.9970696568 0.0675513521 -0.0359008126 -0.0755134672 -0.9441889524 0.3206320107
319.3 19.1 2253.9 -0.9318391085 0.3224034607 -0.1665290296 0.1981228888 0.0675513521 -0.9778466821 -0.3040118814 -0.9441889524 -0.1268224865
83.8 -115.0 2411.7 0.9928390980 0.0343949087 0.1144005507 -0.0368891619 0.9991240501 0.0197571032 -0.1136207953 -0.0238357652 0.9932382107
70.2 -512.1 2421.2 0.9931663275 0.0419021621 0.1089257970 -0.0297418833 0.9933800101 -0.1109574735 -0.1128540710 0.1069595739 0.9878378510
254.5 -131.5 2346.9 0.8676642179 0.1196758226 0.4825313091 -0.1329174787 0.9911037683 -0.0068045678 -0.4790529311 -0.0582327619 0.8758522868
207.0 -525.3 2370.0 0.8682947159 -0.1063792631 0.4845077097 0.1160184965 0.9931951761 0.0101487134 -0.4822903275 0.0473997816 0.8747281432
-1.6 112.5 2190.6 0 0 0 0 0 0 0 0 0
77.9 70.4 2175.2 0 0 0 0 0 0 0 0 0
56.6 -833.4 2386.6 0 0 0 0 0 0 0 0 0
239.4 -828.0 2355.6 0 0 0 0 0 0 0 0 0
195.3 472.8 2289.2  0.9337525964 0.0412958451 0.3555288017 -0.1020876020 0.9827880859 0.1539664119 -0.3430513144 -0.1800616235 0.9218967557
186.7 269.6 2326.4 0.9337525964 0.0412958451 0.3555288017 -0.1020876020 0.9827880859 0.1539664119 -0.3430513144 -0.1800616235 0.9218967557
176.3 73.2 2354.4 0.9339184165 0.0526764877 0.3535839617 -0.0986095369 0.9886706471 0.1131656617 -0.3436169326 -0.1405542493 0.9285321236
50.3 284.0 2376.6 0.6193909049 -0.7842877507 -0.0353227146 0.7136425376 0.5437055826 0.4416996241 -0.3272144496 -0.2987925112 0.8964673877
-84.5 128.7 2447.8 -0.3134390414 -0.7842877507 -0.5353958607 0.0683699325 0.5437055826 -0.8364865780 0.9471438527 -0.2987925112 -0.1167968512
323.1 255.2 2276.3 0.0193881560 0.3489080966 0.9369563460 -0.9969763756 0.0772772729 -0.0081467340 -0.0752478912 -0.9339653850 0.3493513763
327.7 17.0 2258.3 -0.9247829914 0.3489080966 -0.1517877132 0.1898053885 0.0772772729 -0.9787758589 -0.3297730684 -0.9339653850 -0.1376893520
82.0 -114.8 2417.2 0.9952371716 0.0192708522 0.0955591500 -0.0198398978 0.9997906089 0.0050082877 -0.0954426304 -0.0068803178 0.9954111576
74.4 -512.0 2419.9 0.9938656092 0.0605604872 0.0925395638 -0.0496923774 0.9920590520 -0.1155401170 -0.0988018736 0.1102328375 0.9889827371
252.1 -133.3 2351.1 0.8771885633 0.1125267744 0.4667740464 -0.1228462011 0.9923903346 -0.0083792377 -0.4641649425 -0.0499912463 0.8843369484
207.4 -527.7 2371.0 0.8767251372 -0.1104258448 0.4681444466 0.1228462681 0.9924175143 0.0040289615 -0.4650396407 0.0539775044 0.8836427927
2.4 109.7 2185.2 0 0 0 0 0 0 0 0 0
87.9 66.2 2172.8 0 0 0 0 0 0 0 0 0
54.7 -833.6 2384.2 0 0 0 0 0 0 0 0 0
240.7 -827.3 2354.7 0 0 0 0 0 0 0 0 0
196.4 473.7 2292.0  0.9228825569 0.0512345470 0.3816579878 -0.1123420969 0.9838169217 0.1395834833 -0.3683300912 -0.1716954261 0.9137032628
185.8 270.4 2327.5 0.9228825569 0.0512345470 0.3816579878 -0.1123420969 0.9838169217 0.1395834833 -0.3683300912 -0.1716954261 0.9137032628
173.4 73.9 2354.1 0.9231327772 0.0621551089 0.3794241250 -0.1079889461 0.9890371561 0.1007168815 -0.3690044880 -0.1339486688 0.9197246432
51.0 286.2 2381.3 0.6155633926 -0.7871716022 -0.0379810110 0.7164162993 0.5388509631 0.4431561232 -0.3283738196 -0.3000009060 0.8956394792
-83.3 129.8 2453.0 -0.3130002320 -0.7871716022 -0.5314054489 0.0700844601 0.5388509631 -0.8394806981 0.9471637011 -0.3000009060 -0.1134919673
320.6 254.7 2273.6 0.0474874228 0.3351638615 0.9409623146 -0.9969947338 0.0736289397 0.0240891129 -0.0612082630 -0.9392784238 0.3376530707
331.8 18.4 2259.1 -0.9315489531 0.3351638615 -0.1410024315 0.1750987619 0.0736289397 -0.9817938805 -0.3186799586 -0.9392784238 -0.1272757500
80.2 -114.2 2413.8 0.9923629165 0.0177214853 0.1220727637 -0.0184764881 0.9998165369 0.0050555710 -0.1219607741 -0.0072724372 0.9925082922
73.1 -511.5 2416.7 0.9913856387 0.0541526973 0.1192558184 -0.0411414355 0.9931917787 -0.1089840531 -0.1243456751 0.1031388715 0.9868639708
251.4 -132.3 2350.8 0.8635091782 0.1101392433 0.4921597838 -0.1255297661 0.9920882583 -0.0017712758 -0.4884610474 -0.0602511913 0.8705030680
207.7 -526.5 2374.7 0.8638470173 -0.1088653728 0.4918502569 0.1275788993 0.9918180108 -0.0045420611 -0.4873314798 0.0666733608 0.8706679344
4.3 110.2 2187.9 0 0 0 0 0 0 0 0 0
90.1 63.8 2176.4 0 0 0 0 0 0 0 0 0
55.6 -833.1 2383.3 0 0 0 0 0 0 0 0 0
240.7 -827.9 2354.5 0 0 0 0 0 0 0 0 0
195.2 472.7 2294.4  0.9189665318 0.0563860238 0.3902834058 -0.1166547611 0.9842982888 0.1324708015 -0.3766857684 -0.1672646552 0.9111148715
183.6 269.7 2328.9 0.9189665318 0.0563860238 0.3902834058 -0.1166547611 0.9842982888 0.1324708015 -0.3766857684 -0.1672646552 0.9111148715
169.9 73.1 2354.5 0.9191877246 0.0688508153 0.3877543509 -0.1131687164 0.9892497063 0.0926170051 -0.3772091269 -0.1290140748 0.9170979261
49.3 286.2 2384.0 0.6166228056 -0.7854483128 -0.0533599779 0.7200529575 0.5352844596 0.4415815175 -0.3182767034 -0.3107112348 0.8956329823
-84.4 130.0 2453.0 -0.3261464238 -0.7854483128 -0.5260223150 0.0686990172 0.5352844596 -0.8418734670 0.9428196549 -0.3107112348 -0.1206215918
317.8 253.2 2273.8 0.0678335503 0.3318422437 0.9408928156 -0.9959133267 0.0788824707 0.0439792946 -0.0596257634 -0.9400309920 0.3358369768
333.9 17.2 2259.6 -0.9328615665 0.3318422437 -0.1401783824 0.1755191535 0.0788824707 -0.9813106656 -0.3145827055 -0.9400309920 -0.1318310946
76.5 -112.7 2414.6 0.9914118648 0.0109907398 0.1303137541 -0.0112591796 0.9999357462 0.0013233519 -0.1302908361 -0.0027792125 0.9914719462
