132.2 109.8 2343.2 12 0.9700853229 -0.0327246711 0.2405483574 -0.0512900315 0.9408774376 0.3348416686 -0.2372841090 -0.3371627331 0.9110530019
138.8 -78.6 2410.7 0.9700853229 -0.0327246711 0.2405483574 -0.0512900315 0.9408774376 0.3348416686 -0.2372841090 -0.3371627331 0.9110530019
144.3 -265.6 2477.9 0.9702401757 -0.0276193712 0.2405643910 -0.0561170392 0.9407796860 0.3343418837 -0.2355524004 -0.3378916681 0.9112322927
2.2 -70.7 2443.9 -0.2283201814 -0.8652746081 0.4462843239 0.9416622519 -0.3126873076 -0.1244943663 0.2472692579 0.3918245435 0.8861892819
76.2 -375.8 2363.7 0.2393258810 -0.8652746081 0.4404803514 0.4291245043 -0.3126873076 -0.8473953009 0.8709622622 0.3918245435 0.2964763641
275.3 -86.5 2377.6 0.0257162247 0.7071669102 0.7065787911 -0.9755100012 0.1722038388 -0.1368430853 -0.2184464931 -0.6857556105 0.6942768693
281.4 -316.4 2326.1 -0.5527434349 0.7071669102 0.4408964217 -0.4701516926 0.1722038388 -0.8656230569 -0.6880640388 -0.6857556105 0.2372911870
60.7 -447.5 2566.7 0.8272839785 0.5607889891 0.0334203951 0.1052468494 -0.0962757245 -0.9897747636 -0.5518372655 0.8223421574 -0.1386686414
-174.7 -407.1 2221.4 0.8272839785 -0.1057344005 0.5517440438 0.1052468494 0.9939095974 0.0326626115 -0.5518372655 0.0310480688 0.8333736658
238.8 -457.8 2523.4 0.9902005196 -0.0408278927 0.1335515529 0.1248420253 -0.1698098183 -0.9775372744 0.0625891536 0.9846307635 -0.1630487293
255.9 -386.7 2111.5 0.9902005196 -0.1313461810 -0.0474459343 0.1248420253 0.9847972989 -0.1207840666 0.0625891536 0.1136772037 0.9915443063
14.0 -487.3 2137.4 0 0 0 0 0 0 0 0 0
137.7 -438.6 2147.2 0 0 0 0 0 0 0 0 0
-134.3 -787.0 2209.5 0 0 0 0 0 0 0 0 0
306.1 -763.2 2068.1 0 0 0 0 0 0 0 0 0
131.9 106.0 2341.5 13 0.9725515246 -0.0296453536 0.2307913303 -0.0516062789 0.9396691918 0.3381695151 -0.2268926650 -0.3407975435 0.9123468399
137.9 -82.9 2410.0 0.9725515246 -0.0296453536 0.2307913303 -0.0516062789 0.9396691918 0.3381695151 -0.2268926650 -0.3407975435 0.9123468399
143.2 -269.6 2478.1 0.9726352692 -0.0269823298 0.2307651192 -0.0543848537 0.9391989708 0.3390391171 -0.2258824408 -0.3423115313 0.9120306373
1.0 -75.3 2441.8 -0.2389699519 -0.8516134024 0.4665275514 0.9406159520 -0.3223165274 -0.1065534502 0.2411118895 0.4133602083 0.8780651689
77.1 -374.8 2365.0 0.2504683733 -0.8516134024 0.4604564905 0.4425169230 -0.3223165274 -0.8368338346 0.8610716462 0.4133602083 0.2961232364
274.8 -90.6 2378.2 0.0298150573 0.7034953833 0.7100741267 -0.9751335979 0.1765446812 -0.1339644790 -0.2196032107 -0.6884229779 0.6912657022
281.6 -315.0 2327.7 -0.5530965924 0.7034953833 0.4462940991 -0.4722790420 0.1765446812 -0.8635881543 -0.6863211393 -0.6884229779 0.2345998585
59.4 -451.4 2566.8 0.8323178887 0.5530273914 0.0375177115 0.1051395312 -0.0910560265 -0.9902799726 -0.5442357659 0.8281723857 -0.1339326054
-172.8 -413.1 2219.1 0.8323178887 -0.1087901741 0.5435177684 0.1051395312 0.9937350154 0.0378995724 -0.5442357659 0.0256007146 0.8385416269
237.8 -461.3 2525.4 0.9891958237 -0.0499125570 0.1378418058 0.1279065311 -0.1656043530 -0.9778625369 0.0716348216 0.9849283695 -0.1574309915
258.7 -392.1 2113.3 0.9891958237 -0.1351755708 -0.0567379445 0.1279065311 0.9849159718 -0.1165352389 0.0716348216 0.1080190167 0.9915645719
12.0 -489.8 2141.2 0 0 0 0 0 0 0 0 0
137.8 -437.8 2149.2 0 0 0 0 0 0 0 0 0
-131.2 -793.0 2209.4 0 0 0 0 0 0 0 0 0
310.4 -768.6 2072.0 0 0 0 0 0 0 0 0 0
132.8 107.5 2341.6 14 0.9729711413 -0.0252801999 0.2295387983 -0.0541455895 0.9413060546 0.3331833184 -0.2244892120 -0.3366062939 0.9144948125
137.9 -81.5 2409.2 0.9729711413 -0.0252801999 0.2295387983 -0.0541455895 0.9413060546 0.3331833184 -0.2244892120 -0.3366062939 0.9144948125
143.0 -268.3 2476.8 0.9729804993 -0.0257755164 0.2294441611 -0.0544892475 0.9400445819 0.3366706073 -0.2243656069 -0.3400761783 0.9132405519
1.0 -73.8 2440.8 -0.2375906557 -0.8521578312 0.4662378430 0.9414541125 -0.3202091753 -0.1054999009 0.2391961962 0.4138757586 0.8783462048
77.6 -377.5 2363.6 0.2602530718 -0.8521578312 0.4539772868 0.4268214405 -0.3202091753 -0.8457479477 0.8660783768 0.4138757586 0.2803837955
274.8 -89.1 2377.6 0.0226629563 0.6960571408 0.7176286578 -0.9749730825 0.1741835326 -0.1381576955 -0.2211647481 -0.6965375543 0.6825845242
280.1 -316.5 2326.0 -0.5585148335 0.6960571408 0.4511824548 -0.4782698452 0.1741835326 -0.8607659340 -0.6777308583 -0.6965375543 0.2356190532
58.9 -450.2 2565.0 0.8333135247 0.5515545607 0.0370959975 0.1059136465 -0.0934361517 -0.9899757504 -0.5425595045 0.8288891912 -0.1362787634
-172.7 -411.0 2217.0 0.8333135247 -0.1081800684 0.5421121716 0.1059136465 0.9937415123 0.0354977287 -0.5425595045 0.0278363358 0.8395560384
237.4 -460.2 2523.8 0.9891574979 -0.0516859181 0.1374628991 0.1270769686 -0.1679486334 -0.9775708318 0.0736133531 0.9844398499 -0.1595595479
259.0 -390.0 2112.0 0.9891574979 -0.1347098053 -0.0584871694 0.1270769686 0.9847391248 -0.1189129800 0.0736133531 0.1101912931 0.9911805987
10.0 -488.4 2138.6 0 0 0 0 0 0 0 0 0
134.9 -440.9 2149.9 0 0 0 0 0 0 0 0 0
-131.3 -790.9 2206.4 0 0 0 0 0 0 0 0 0
310.5 -766.4 2069.9 0 0 0 0 0 0 0 0 0
133.6 109.3 2340.7 15 0.9715774655 -0.0193498451 0.2359296829 -0.0620089844 0.9410489202 0.3325383961 -0.2284559458 -0.3377165794 0.9131020904
137.5 -80.0 2408.7 0.9715774655 -0.0193498451 0.2359296829 -0.0620089844 0.9410489202 0.3325383961 -0.2284559458 -0.3377165794 0.9131020904
141.1 -267.0 2476.0 0.9716010094 -0.0182768609 0.2359183580 -0.0631856099 0.9407703280 0.3331047595 -0.2280331105 -0.3385515511 0.9128985405
0.7 -71.1 2440.8 -0.2383588254 -0.8489637971 0.4716412723 0.9419798255 -0.3202842772 -0.1004588455 0.2363452166 0.4203313291 0.8760493994
78.3 -377.7 2363.8 0.2570815086 -0.8489637971 0.4617028534 0.4446215630 -0.3202842772 -0.8364984393 0.8580330610 0.4203313291 0.2951284647
274.2 -88.9 2376.6 0.0265203007 0.7021093369 0.7115751505 -0.9764079452 0.1707910001 -0.1321284622 -0.2142992467 -0.6912835240 0.6900745630
280.4 -316.0 2326.7 -0.5547369123 0.7021093369 0.4464409053 -0.4774679542 0.1707910001 -0.8618902564 -0.6813892722 -0.6912835240 0.2404906452
55.6 -448.3 2564.2 0.8322812915 0.5536772013 0.0273763500 0.0989964828 -0.0998570323 -0.9900647998 -0.5454425812 0.8267225623 -0.1379212290
-176.9 -406.3 2217.1 0.8322812915 -0.0988260210 0.5454734564 0.0989964828 0.9946604967 0.0291589200 -0.5454425812 0.0297315344 0.8376207352
233.9 -459.9 2522.4 0.9905605912 -0.0496318191 0.1277749240 0.1177591905 -0.1689933091 -0.9785571098 0.0701606721 0.9843667746 -0.1615535170
254.6 -389.2 2110.5 0.9905605912 -0.1251358986 -0.0559531450 0.1177591905 0.9857776761 -0.1198961511 0.0701606721 0.1121754050 0.9912084341
11.5 -493.3 2140.8 0 0 0 0 0 0 0 0 0
136.2 -440.2 2149.6 0 0 0 0 0 0 0 0 0
-139.1 -786.6 2205.7 0 0 0 0 0 0 0 0 0
302.5 -766.0 2067.6 0 0 0 0 0 0 0 0 0
132.5 107.5 2340.7 16 0.9711990952 -0.0232063960 0.2371367216 -0.0594914593 0.9401068687 0.3356483281 -0.2307230532 -0.3400889337 0.9116503596
137.1 -81.5 2409.1 0.9711990952 -0.0232063960 0.2371367216 -0.0594914593 0.9401068687 0.3356483281 -0.2307230532 -0.3400889337 0.9116503596
141.1 -268.4 2476.9 0.9712728858 -0.0198874082 0.2371359617 -0.0627118722 0.9398856163 0.3356818259 -0.2295565158 -0.3409098983 0.9116382003
0.4 -72.7 2441.4 -0.2414386272 -0.8203135133 0.5184526443 0.9398194551 -0.3307568431 -0.0856695026 0.2417576164 0.4665679932 0.8508040905
78.7 -377.3 2363.1 0.2854882479 -0.8203135133 0.4955625534 0.4700715542 -0.3307568431 -0.8183108568 0.8351821303 0.4665679932 0.2911788523
273.8 -90.3 2376.8 0.0289681461 0.7088785768 0.7047353983 -0.9762032628 0.1716478765 -0.1325301826 -0.2149141580 -0.6841258407 0.6969819069
280.5 -315.9 2327.1 -0.5502579212 0.7088785768 0.4412565827 -0.4722114503 0.1716478765 -0.8646116853 -0.6886454821 -0.6841258407 0.2402899861
55.9 -449.5 2565.7 0.8312211633 0.5552248955 0.0282251146 0.0985206440 -0.0971476734 -0.9903817773 -0.5471426249 0.8260070682 -0.1354523152
-177.2 -408.7 2218.9 0.8312211633 -0.0998625457 0.5468992591 0.0985206440 0.9946243167 0.0318765715 -0.5471426249 0.0273843911 0.8365913033
234.2 -461.0 2523.6 0.9905515313 -0.0477395728 0.1285638064 0.1190159693 -0.1665336639 -0.9788267016 0.0681389719 0.9848794341 -0.1592784077
254.1 -391.3 2111.5 0.9905515313 -0.1260192841 -0.0541004576 0.1190159693 0.9859220386 -0.1174434274 0.0681389719 0.1098949462 0.9916048646
4.6 -499.4 2146.2 0 0 0 0 0 0 0 0 0
137.5 -438.6 2148.1 0 0 0 0 0 0 0 0 0
-139.0 -788.9 2208.4 0 0 0 0 0 0 0 0 0
302.3 -768.2 2069.5 0 0 0 0 0 0 0 0 0
133.0 108.8 2341.3 17 0.9707261920 -0.0200346857 0.2393517047 -0.0628632456 0.9405872822 0.3336820602 -0.2318163961 -0.3389603496 0.9117932916
137.1 -80.2 2409.4 0.9707261920 -0.0200346857 0.2393517047 -0.0628632456 0.9405872822 0.3336820602 -0.2318163961 -0.3389603496 0.9117932916
140.5 -267.1 2477.2 0.9707832336 -0.0174250118 0.2393247038 -0.0657250658 0.9399096370 0.3350374103 -0.2307816297 -0.3409783244 0.9113032818
0.4 -71.0 2441.9 -0.2399170548 -0.8115263581 0.5327895880 0.9404941201 -0.3303416371 -0.0796569213 0.2406462878 0.4819744229 0.8424903750
78.7 -377.9 2363.4 0.2994308174 -0.8115263581 0.5017630458 0.4732086658 -0.3303416371 -0.8166688085 0.8285015225 0.4819744229 0.2851068377
273.7 -89.5 2376.9 0.0261963941 0.6957394481 0.7178164124 -0.9751968384 0.1756587774 -0.1346668899 -0.2197838277 -0.6964844465 0.6830844879
279.8 -316.7 2325.7 -0.5605467558 0.6957394481 0.4491480291 -0.4735347927 0.1756587774 -0.8630809784 -0.6793763041 -0.6964844465 0.2309918702
54.9 -447.9 2566.1 0.8308249116 0.5559718609 0.0250048116 0.0959088653 -0.0987761915 -0.9904770255 -0.5482074618 0.8253111839 -0.1353883594
-178.5 -406.4 2219.6 0.8308249116 -0.0967641696 0.5480571389 0.0959088653 0.9949297309 0.0302706957 -0.5482074618 0.0274138935 0.8358929753
233.1 -460.0 2523.8 0.9909992218 -0.0469997413 0.1253458560 0.1159711704 -0.1662890911 -0.9792336822 0.0668673739 0.9849563241 -0.1593417376
252.7 -390.4 2111.7 0.9909992218 -0.1228425056 -0.0532003529 0.1159711704 0.9863157868 -0.1171827912 0.0668673739 0.1099583432 0.9916843772
0.9 -500.8 2148.1 0 0 0 0 0 0 0 0 0
134.1 -439.8 2149.1 0 0 0 0 0 0 0 0 0
-141.5 -786.8 2209.2 0 0 0 0 0 0 0 0 0
299.7 -767.5 2069.7 0 0 0 0 0 0 0 0 0
133.3 105.8 2340.5 18 0.9710110426 -0.0190941263 0.2382708192 -0.0635979548 0.9402387142 0.3345242143 -0.2304188907 -0.3399802446 0.9117678404
137.2 -83.0 2408.8 0.9710110426 -0.0190941263 0.2382708192 -0.0635979548 0.9402387142 0.3345242143 -0.2304188907 -0.3399802446 0.9117678404
140.4 -269.8 2476.8 0.9710691571 -0.0162713267 0.2382433861 -0.0666878372 0.9395045638 0.3359820247 -0.2292976230 -0.3421497047 0.9112387896
0.5 -73.6 2441.1 -0.2419645637 -0.7925300002 0.5597761273 0.9406974912 -0.3329938650 -0.0648333654 0.2377844006 0.5108926296 0.8261036873
78.6 -377.4 2364.3 0.3172679245 -0.7925300002 0.5208044052 0.4903134704 -0.3329938650 -0.8054239750 0.8117473722 0.5108926296 0.2829398513
273.8 -92.4 2376.5 0.0279923454 0.6939700842 0.7194594741 -0.9767286181 0.1720977128 -0.1279985011 -0.2126444578 -0.6991336942 0.6826378107
280.3 -316.5 2327.7 -0.5638948083 0.6939700842 0.4476920366 -0.4738573134 0.1720977128 -0.8636212349 -0.6763740778 -0.6991336942 0.2317977995
54.5 -450.4 2565.9 0.8316812515 0.5547123551 0.0245060008 0.0946576297 -0.0981551632 -0.9906591177 -0.5471254587 0.8262323141 -0.1341415644
-178.4 -409.2 2219.0 0.8316812515 -0.0961031765 0.5468733907 0.0946576297 0.9950301051 0.0309040099 -0.5471254587 0.0260634515 0.8366447687
232.7 -462.7 2523.8 0.9909831285 -0.0485381931 0.1248858646 0.1153565720 -0.1650506109 -0.9795157909 0.0681564137 0.9850900173 -0.1579631716
253.0 -393.6 2111.7 0.9909831285 -0.1223065555 -0.0547132678 0.1153565720 0.9865350723 -0.1159370095 0.0681564137 0.1085800827 0.9917485118
-3.8 -504.7 2153.4 0 0 0 0 0 0 0 0 0
133.7 -439.7 2151.9 0 0 0 0 0 0 0 0 0
-141.6 -789.7 2209.0 0 0 0 0 0 0 0 0 0
299.8 -770.8 2070.1 0 0 0 0 0 0 0 0 0
133.6 107.2 2340.2 19 0.9692024589 -0.0174709074 0.2456446886 -0.0681993291 0.9394260645 0.3358981013 -0.2366334647 -0.3423060775 0.9093025923
137.1 -81.4 2408.9 0.9692024589 -0.0174709074 0.2456446886 -0.0681993291 0.9394260645 0.3358981013 -0.2366334647 -0.3423060775 0.9093025923
139.9 -268.1 2477.1 0.9692630768 -0.0137610361 0.2456413507 -0.0718453154 0.9390824437 0.3360987902 -0.2353025526 -0.3434163332 0.9092292786
0.7 -71.3 2442.0 -0.2363094836 -0.7965081334 0.5565362573 0.9409972429 -0.3303835690 -0.0732865781 0.2422437966 0.5063807368 0.8275847435
77.9 -378.4 2362.9 0.3074003160 -0.7965081334 0.5206532478 0.4999125302 -0.3303835690 -0.8005836010 0.8096866608 0.5063807368 0.2966243923
273.6 -91.5 2375.8 0.0253453441 0.6724522114 0.7397064567 -0.9735105038 0.1847965866 -0.1346384287 -0.2272331268 -0.7166995406 0.6593230367
279.5 -318.7 2322.7 -0.5762593746 0.6724522114 0.4644708335 -0.4769482911 0.1847965866 -0.8592848778 -0.6636606455 -0.7166995406 0.2142341733
54.3 -451.7 2565.8 0.8456091285 0.5327823758 0.0329859741 0.1032865122 -0.1026793569 -0.9893375635 -0.5237146616 0.8399999142 -0.1418558359
-169.2 -408.6 2213.4 0.8456091285 -0.1109304056 0.5221490264 0.1032865122 0.9936851263 0.0438378192 -0.5237146616 0.0168612916 0.8517268300
232.6 -464.0 2523.8 0.9863798618 -0.0743532628 0.1467185766 0.1321472973 -0.1728924513 -0.9760354757 0.0979379565 0.9821302295 -0.1607120484
264.5 -389.8 2102.1 0.9863798618 -0.1372987479 -0.0905748531 0.1321472973 0.9893735647 -0.0606384873 0.0979379565 0.0478433594 0.9940418601
-2.0 -508.3 2152.5 0 0 0 0 0 0 0 0 0
129.7 -442.6 2150.2 0 0 0 0 0 0 0 0 0
-126.8 -788.5 2206.9 0 0 0 0 0 0 0 0 0
316.9 -767.3 2083.9 0 0 0 0 0 0 0 0 0
133.6 107.0 2346.0 20 0.9736595750 -0.0127278240 0.2276512086 -0.0626646057 0.9450538754 0.3208525479 -0.2192264050 -0.3266668320 0.9193631411
136.2 -82.0 2411.3 0.9736595750 -0.0127278240 0.2276512086 -0.0626646057 0.9450538754 0.3208525479 -0.2192264050 -0.3266668320 0.9193631411
138.1 -269.6 2477.0 0.9737024903 -0.0097965617 0.2276125103 -0.0662662983 0.9436998963 0.3240976334 -0.2179729491 -0.3306577206 0.9182337523
-0.8 -72.7 2442.0 -0.2586361766 -0.8316287398 0.4914275110 0.9447188377 -0.3239020705 -0.0509287678 0.2015282065 0.4510887861 0.8694281578
81.3 -372.7 2377.9 0.2917934656 -0.8316287398 0.4724936187 0.4362517297 -0.3239020705 -0.8395069242 0.8511997461 0.4510887861 0.2682869434
273.2 -91.4 2380.6 0.0301709920 0.6714053154 0.7404759526 -0.9681222439 0.2039195299 -0.1454516500 -0.2486545146 -0.7124828100 0.6561548710
280.3 -318.6 2322.3 -0.5688835382 0.6714053154 0.4749594331 -0.4743372202 0.2039195299 -0.8564000726 -0.6718450189 -0.7124828100 0.2024660558
51.1 -452.9 2562.1 0.8637923598 0.5013262033 0.0503472388 0.1194145679 -0.1066201553 -0.9871029854 -0.4894925356 0.8586642146 -0.1519633234
-159.2 -408.1 2201.8 0.8637923598 -0.1236990467 0.4884274304 0.1194145679 0.9920361042 0.0400561839 -0.4894925356 0.0237251222 0.8716846704
230.0 -464.6 2522.7 0.9798991680 -0.1100070626 0.1664212346 0.1442323327 -0.1856568009 -0.9719715118 0.1378209740 0.9764373899 -0.1660583764
277.7 -384.0 2098.7 0.9798991680 -0.1494479477 -0.1321472526 0.1442323327 0.9883667827 -0.0482510030 0.1378209740 0.0282212105 0.9900550246
6.0 -485.3 2158.3 0 0 0 0 0 0 0 0 0
132.4 -441.9 2147.6 0 0 0 0 0 0 0 0 0
-111.9 -787.4 2192.8 0 0 0 0 0 0 0 0 0
334.8 -761.4 2087.9 0 0 0 0 0 0 0 0 0
132.9 106.2 2342.4 21 0.9721950293 -0.0177272893 0.2335005999 -0.0617034771 0.9424999952 0.3284607530 -0.2258970290 -0.3337357342 0.9151999950
136.5 -82.8 2409.3 0.9721950293 -0.0177272893 0.2335005999 -0.0617034771 0.9424999952 0.3284607530 -0.2258970290 -0.3337357342 0.9151999950
139.3 -270.0 2476.0 0.9722605348 -0.0140079912 0.2334807068 -0.0655914173 0.9418247938 0.3296418786 -0.2245155573 -0.3358121216 0.9147803187
-0.3 -73.5 2440.9 -0.2847545147 -0.8254098892 0.4874560237 0.9417080879 -0.3359116316 -0.0186871253 0.1791666895 0.4537200630 0.8729475141
88.5 -367.3 2385.0 0.3105183244 -0.8254098892 0.4714624882 0.4010567367 -0.3359116316 -0.8522422314 0.8618189096 0.4537200630 0.2267294675
273.3 -92.0 2377.7 0.0294053163 0.6890607476 0.7241067290 -0.9721693993 0.1881622076 -0.1395764500 -0.2324261814 -0.6998501420 0.6754167676
280.1 -317.3 2323.8 -0.5577589869 0.6890607476 0.4627095759 -0.4788905084 0.1881622076 -0.8574723601 -0.6779150367 -0.6998501420 0.2250354886
49.5 -453.5 2560.3 0.8609173894 0.5061057806 0.0517513081 0.1185483262 -0.1006481498 -0.9878340960 -0.4947398603 0.8565785885 -0.1466477364
-159.0 -412.0 2207.4 0.8609173894 -0.1216585115 0.4939842522 0.1185483262 0.9922300577 0.0377601422 -0.4947398603 0.0260526408 0.8686504960
231.5 -463.9 2522.2 0.9782627225 -0.1111470014 0.1750668734 0.1534778774 -0.1796534956 -0.9716836810 0.1394511014 0.9774308205 -0.1586897075
280.1 -385.4 2094.9 0.9782627225 -0.1562066823 -0.1363874674 0.1534778774 0.9876854420 -0.0303647816 0.1394511014 0.0087722735 0.9901900887
9.2 -469.7 2164.9 0 0 0 0 0 0 0 0 0
135.1 -441.8 2147.6 0 0 0 0 0 0 0 0 0
-112.5 -791.3 2197.4 0 0 0 0 0 0 0 0 0
339.8 -762.7 2091.6 0 0 0 0 0 0 0 0 0
132.6 107.3 2340.6 22 0.9680182934 -0.0117857512 0.2506027222 -0.0735171884 0.9417193532 0.3282679915 -0.2398663163 -0.3361930251 0.9107350707
135.0 -81.8 2408.1 0.9680182934 -0.0117857512 0.2506027222 -0.0735171884 0.9417193532 0.3282679915 -0.2398663163 -0.3361930251 0.9107350707
136.5 -268.8 2475.4 0.9680651426 -0.0074109696 0.2505892217 -0.0781141147 0.9408861399 0.3295929134 -0.2382185161 -0.3386419713 0.9102601409
-1.2 -70.8 2441.6 -0.2826299667 -0.8164573908 0.5035053492 0.9380242229 -0.3450041115 -0.0329040885 0.2005762011 0.4630005360 0.8633652925
88.9 -370.0 2377.6 0.3096271753 -0.8164573908 0.4873688221 0.4152279496 -0.3450041115 -0.8417588472 0.8554044366 0.4630005360 0.2321932763
271.2 -92.8 2374.6 0.0363559462 0.7044461966 0.7088256478 -0.9764387608 0.1760143638 -0.1248449534 -0.2127100527 -0.6875859499 0.6942477822
279.6 -318.1 2325.5 -0.5533595681 0.7044461966 0.4444645047 -0.4704564512 0.1760143638 -0.8646904826 -0.6873601079 -0.6875859499 0.2340120375
47.5 -449.8 2563.1 0.8532084823 0.5200878978 0.0392919406 0.1064228788 -0.0998477042 -0.9892950058 -0.5105971098 0.8482564688 -0.1405401677
-166.9 -408.7 2213.4 0.8532084823 -0.1072569191 0.5104225874 0.1064228788 0.9938393235 0.0309454072 -0.5105971098 0.0279177558 0.8593667150
226.9 -463.4 2520.9 0.9808576703 -0.1033970192 0.1650068462 0.1453852504 -0.1748712063 -0.9737983346 0.1295427829 0.9791471362 -0.1564913690
272.2 -386.7 2091.6 0.9808576703 -0.1466500163 -0.1281092316 0.1453852504 0.9891884327 -0.0192200355 0.1295427829 0.0002269266 0.9915738106
9.1 -476.9 2157.3 0 0 0 0 0 0 0 0 0
135.8 -440.4 2146.8 0 0 0 0 0 0 0 0 0
-125.9 -788.6 2202.7 0 0 0 0 0 0 0 0 0
328.3 -764.7 2091.5 0 0 0 0 0 0 0 0 0
133.1 108.9 2346.7 23 0.9686016440 -0.0036950591 0.2485904694 -0.0751402453 0.9487783313 0.3068772554 -0.2369911820 -0.3159209490 0.9187105894
133.9 -81.3 2410.0 0.9686016440 -0.0036950591 0.2485904694 -0.0751402453 0.9487783313 0.3068772554 -0.2369911820 -0.3159209490 0.9187105894
134.2 -269.4 2474.4 0.9686123133 -0.0016619465 0.2485707849 -0.0789167359 0.9461895227 0.3138431609 -0.2357166559 -0.3236087561 0.9163596630
-2.4 -70.2 2443.2 -0.2768281400 -0.8065682650 0.5223158002 0.9354851246 -0.3504436910 -0.0453522019 0.2196219265 0.4760639071 0.8515452743
86.8 -371.8 2372.4 0.3141360581 -0.8065682650 0.5007655621 0.4281148911 -0.3504436910 -0.8330107331 0.8473701477 0.4760639071 0.2352168858
270.2 -92.4 2376.9 0.0365201272 0.7070933580 0.7061765194 -0.9753603935 0.1790712625 -0.1288627088 -0.2175738811 -0.6840704679 0.6962105632
278.7 -319.0 2326.3 -0.5494180918 0.7070933580 0.4451501966 -0.4698756337 0.1790712625 -0.8643786311 -0.6909099817 -0.6840704679 0.2338609546
44.8 -450.8 2559.5 0.8547512889 0.5177727938 0.0362151340 0.1106173918 -0.1135501117 -0.9873551130 -0.5071133971 0.8479490876 -0.1543317884
-168.7 -403.9 2209.9 0.8547512889 -0.1018040180 0.5089559555 0.1106173918 0.9937779307 0.0130074620 -0.5071133971 0.0451812372 0.8606942892
223.5 -464.9 2517.1 0.9804500937 -0.1102346480 0.1629906148 0.1402153671 -0.1897358298 -0.9717715383 0.1380480528 0.9756273031 -0.1705699116
271.9 -381.5 2088.6 0.9804500937 -0.1431789100 -0.1349719167 0.1402153671 0.9896273613 -0.0312626734 0.1380480528 0.0117263542 0.9903560877
5.5 -482.6 2153.1 0 0 0 0 0 0 0 0 0
135.8 -441.2 2146.7 0 0 0 0 0 0 0 0 0
-129.8 -783.8 2192.6 0 0 0 0 0 0 0 0 0
326.6 -759.8 2084.1 0 0 0 0 0 0 0 0 0
133.0 107.5 2342.7 24 0.9647868276 -0.0025130764 0.2630210817 -0.0854543522 0.9427171946 0.3224622011 -0.2487648726 -0.3335835636 0.9093063474
133.5 -82.2 2409.8 0.9647868276 -0.0025130764 0.2630210817 -0.0854543522 0.9427171946 0.3224622011 -0.2487648726 -0.3335835636 0.9093063474
133.3 -269.4 2476.5 0.9647896886 0.0010304136 0.2630204260 -0.0891399086 0.9420939684 0.3232848346 -0.2474568486 -0.3353475034 0.9090144038
-2.3 -69.6 2444.6 -0.2928029597 -0.7926216125 0.5348059535 0.9287728667 -0.3687019348 -0.0379459262 0.2272607535 0.4856025279 0.8441224694
95.1 -378.7 2369.0 0.3315326869 -0.7926216125 0.5117001534 0.4077875018 -0.3687019348 -0.8353252411 0.8507616520 0.4856025279 0.2009844333
269.2 -94.7 2375.0 0.0442079976 0.7030524611 0.7097625732 -0.9754410982 0.1838279068 -0.1213340387 -0.2157783508 -0.6869676709 0.6939129233
279.3 -317.6 2325.7 -0.5501450896 0.7030524611 0.4506191313 -0.4715276361 0.1838279068 -0.8624784350 -0.6892039180 -0.6869676709 0.2303766310
44.2 -448.8 2565.5 0.8482429981 0.5289021134 0.0273201112 0.0979003981 -0.1058963686 -0.9895461202 -0.5204799175 0.8420501947 -0.1416055709
-174.0 -405.1 2218.2 0.8482429981 -0.0934099630 0.5213045478 0.0979003981 0.9950149655 0.0189927164 -0.5204799175 0.0349254832 0.8531593084
221.6 -465.0 2520.5 0.9829399586 -0.0996487662 0.1545936316 0.1354152262 -0.1767089516 -0.9749034047 0.1244660020 0.9792058468 -0.1602003276
265.4 -387.3 2090.2 0.9829399586 -0.1363947690 -0.1233917922 0.1354152262 0.9906543493 -0.0163304210 0.1244660020 -0.0006573035 0.9922236800
11.7 -481.4 2154.8 0 0 0 0 0 0 0 0 0
136.3 -440.2 2146.5 0 0 0 0 0 0 0 0 0
-138.3 -785.4 2204.8 0 0 0 0 0 0 0 0 0
317.6 -766.0 2090.4 0 0 0 0 0 0 0 0 0
132.4 108.1 2340.8 25 0.9628198743 -0.0077667795 0.2700325251 -0.0846736357 0.9405394197 0.3289619088 -0.2565312088 -0.3395957053 0.9049124122
134.0 -81.2 2409.1 0.9628198743 -0.0077667795 0.2700325251 -0.0846736357 0.9405394197 0.3289619088 -0.2565312088 -0.3395957053 0.9049124122
134.4 -268.1 2476.7 0.9628477097 -0.0020307784 0.2700372338 -0.0900225118 0.9403586984 0.3280570805 -0.2545980811 -0.3401784599 0.9052394629
-1.5 -68.5 2444.9 -0.2810613811 -0.8033023477 0.5250808001 0.9314586520 -0.3600720465 -0.0522770174 0.2310611755 0.4743980169 0.8494452834
91.5 -376.9 2368.4 0.3105532825 -0.8033023477 0.5081948638 0.4264387786 -0.3600720465 -0.8297578692 0.8495332003 0.4743980169 0.2307377160
269.5 -93.8 2373.3 0.0386932977 0.7025238872 0.7106074691 -0.9756467938 0.1802164018 -0.1250413805 -0.2159076780 -0.6884636283 0.6923883557
278.4 -318.5 2323.5 -0.5514404178 0.7025238872 0.4498595595 -0.4736722410 0.1802164018 -0.8620653152 -0.6866936088 -0.6884636283 0.2333874702
46.3 -446.9 2567.5 0.8438426852 0.5359153748 0.0269107539 0.0955685452 -0.1007524878 -0.9903108478 -0.5280115008 0.8382384181 -0.1362359077
-174.8 -405.4 2221.7 0.8438426852 -0.0932951942 0.5284178853 0.0955685452 0.9951551557 0.0230847113 -0.5280115008 0.0310202632 0.8486704826
223.2 -463.3 2521.0 0.9837085605 -0.0923939049 0.1542104036 0.1368200630 -0.1716403961 -0.9756125212 0.1166093871 0.9808174968 -0.1562027782
263.8 -387.9 2089.7 0.9837085605 -0.1371099204 -0.1162684485 0.1368200630 0.9905401468 -0.0105084907 0.1166093871 -0.0055705644 0.9931622148
12.1 -486.0 2151.1 0 0 0 0 0 0 0 0 0
135.0 -441.6 2145.0 0 0 0 0 0 0 0 0 0
-139.1 -785.8 2209.9 0 0 0 0 0 0 0 0 0
316.2 -766.5 2091.9 0 0 0 0 0 0 0 0 0
131.3 111.6 2340.3 26 0.9635474086 -0.0110150883 0.2673108876 -0.0809403434 0.9403270483 0.3305052221 -0.2550002038 -0.3400936723 0.9051581025
133.5 -77.7 2408.7 0.9635474086 -0.0110150883 0.2673108876 -0.0809403434 0.9403270483 0.3305052221 -0.2550002038 -0.3400936723 0.9051581025
135.0 -264.7 2476.1 0.9635758400 -0.0075685913 0.2673280537 -0.0838223472 0.9406836033 0.3287677467 -0.2539594173 -0.3392007351 0.9057855606
-2.1 -65.9 2444.5 -0.2722819746 -0.8039488196 0.5287048817 0.9336094856 -0.3537196815 -0.0570591874 0.2328859866 0.4780676961 0.8468856812
88.0 -374.9 2367.4 0.3008769453 -0.8039488196 0.5129711628 0.4514815211 -0.3537196815 -0.8191744685 0.8400223255 0.4780676961 0.2565419376
269.1 -89.5 2373.0 0.0390903689 0.7007260323 0.7123587132 -0.9766214490 0.1776027977 -0.1211109012 -0.2113824636 -0.6909705400 0.6912866235
278.4 -319.7 2323.1 -0.5545494556 0.7007260323 0.4488406181 -0.4737318158 0.1776027977 -0.8625748754 -0.6841440201 -0.6909705400 0.2334666848
48.0 -444.1 2566.8 0.8435327411 0.5360474586 0.0332509130 0.1013081297 -0.0980096161 -0.9900155663 -0.5274364352 0.8384791017 -0.1369802803
-173.1 -403.6 2220.9 0.8435327411 -0.0992972329 0.5278186798 0.1013081297 0.9945360422 0.0251941606 -0.5274364352 0.0322202258 0.8489833474
225.0 -459.4 2520.3 0.9826995730 -0.0923484638 0.1605405658 0.1429186314 -0.1731985360 -0.9744621515 0.1177954748 0.9805478454 -0.1570038199
265.6 -383.2 2089.1 0.9826995730 -0.1433199197 -0.1173069105 0.1429186314 0.9896632433 -0.0118695004 0.1177954748 -0.0051011904 0.9930247664
10.5 -491.2 2150.8 0 0 0 0 0 0 0 0 0
134.2 -442.9 2145.3 0 0 0 0 0 0 0 0 0
-135.1 -783.9 2208.6 0 0 0 0 0 0 0 0 0
320.4 -761.6 2091.0 0 0 0 0 0 0 0 0 0
130.8 110.8 2339.5 27 0.9671819806 -0.0132846264 0.2537371814 -0.0745612979 0.9398273826 0.3334142864 -0.2428984493 -0.3413912356 0.9079936147
133.5 -78.3 2408.2 0.9671819806 -0.0132846264 0.2537371814 -0.0745612979 0.9398273826 0.3334142864 -0.2428984493 -0.3413912356 0.9079936147
135.3 -265.3 2475.8 0.9672204852 -0.0093854778 0.2537646294 -0.0777539313 0.9403734207 0.3311377168 -0.2417414039 -0.3400143683 0.9088186622
-2.6 -67.4 2442.2 -0.2633817196 -0.7941419482 0.5476939082 0.9365729690 -0.3465736508 -0.0521322079 0.2312166691 0.4992246628 0.8350530267
85.0 -378.9 2365.3 0.3234267533 -0.7941419482 0.5145227909 0.4544506371 -0.3465736508 -0.8205859661 0.8299818039 0.4992246628 0.2488071024
269.6 -89.3 2374.2 0.0499851555 0.6919853687 0.7201789618 -0.9780853987 0.1798392832 -0.1049133614 -0.2021149844 -0.6991524100 0.6858100295
281.2 -316.0 2327.3 -0.5583261847 0.6919853687 0.4576331973 -0.4806117415 0.1798392832 -0.8582949042 -0.6762279272 -0.6991524100 0.2321672887
48.4 -445.1 2565.5 0.8493911028 0.5261372924 0.0414040089 0.1063647270 -0.0938153937 -0.9898915291 -0.5169345140 0.8452089429 -0.1356484145
-168.6 -406.4 2216.9 0.8493911028 -0.1060456485 0.5170000792 0.1063647270 0.9939007759 0.0291172024 -0.5169345140 0.0302586816 0.8554899693
225.9 -459.4 2521.2 0.9801608324 -0.1037107632 0.1689047366 0.1494375318 -0.1731285900 -0.9734962583 0.1302042753 0.9794235826 -0.1541955769
271.6 -383.2 2090.5 0.9801608324 -0.1496828496 -0.1299221963 0.1494375318 0.9887020588 -0.0116909817 0.1302042753 -0.0079562105 0.9914552569
1.2 -496.5 2150.5 0 0 0 0 0 0 0 0 0
136.0 -440.9 2151.6 0 0 0 0 0 0 0 0 0
-128.1 -786.4 2205.3 0 0 0 0 0 0 0 0 0
328.8 -761.2 2093.5 0 0 0 0 0 0 0 0 0
131.5 111.6 2346.2 28 0.9672940969 -0.0123823723 0.2533551455 -0.0670645833 0.9507818222 0.3025164902 -0.2446313500 -0.3096135557 0.9188552499
134.0 -79.4 2408.4 0.9672940969 -0.0123823723 0.2533551455 -0.0670645833 0.9507818222 0.3025164902 -0.2446313500 -0.3096135557 0.9188552499
134.9 -268.2 2470.4 0.9673626423 -0.0049104122 0.2533482909 -0.0746032298 0.9499795437 0.3032709062 -0.2421648800 -0.3122735620 0.9186084270
-2.2 -68.9 2442.4 -0.2539069653 -0.8111937046 0.5267789364 0.9377618432 -0.3398671746 -0.0713654980 0.2369261086 0.4758729935 0.8470011353
81.3 -377.3 2364.5 0.2957534492 -0.8111937046 0.5044746995 0.4635775685 -0.3398671746 -0.8182824254 0.8352399468 0.4758729935 0.2755343318
270.1 -89.9 2374.3 0.0459540300 0.6818652749 0.7300328612 -0.9771264195 0.1825834662 -0.1090285406 -0.2076347023 -0.7083241343 0.6746590137
280.7 -315.7 2326.3 -0.5645732880 0.6818652749 0.4650987089 -0.4843435585 0.1825834662 -0.8556135893 -0.6683325171 -0.7083241343 0.2271753103
47.1 -450.2 2554.7 0.8506945968 0.5243043303 0.0377315134 0.1180799082 -0.1206551269 -0.9856467247 -0.5122263432 0.8429396749 -0.1645504683
-169.1 -400.4 2207.0 0.8506945968 -0.1021104530 0.5156472921 0.1180799082 0.9930024147 0.0018345505 -0.5122263432 0.0593269430 0.8567990065
224.7 -463.8 2510.3 0.9804618955 -0.1064737365 0.1654019207 0.1416427642 -0.2013338059 -0.9692275524 0.1364982724 0.9737186432 -0.1823188812
271.5 -375.3 2082.1 0.9804618955 -0.1457760632 -0.1320749521 0.1416427642 0.9891005158 -0.0402183644 0.1364982724 0.0207251124 0.9904235005
4.6 -497.5 2148.0 0 0 0 0 0 0 0 0 0
133.9 -441.6 2152.6 0 0 0 0 0 0 0 0 0
-130.1 -779.9 2184.4 0 0 0 0 0 0 0 0 0
327.2 -753.3 2074.2 0 0 0 0 0 0 0 0 0
131.9 109.3 2342.0 29 0.9661559463 -0.0159491692 0.2574651837 -0.0701340362 0.9442487359 0.3216761351 -0.2482416332 -0.3288463652 0.9111729264
135.1 -80.5 2408.1 0.9661559463 -0.0159491692 0.2574651837 -0.0701340362 0.9442487359 0.3216761351 -0.2482416332 -0.3288463652 0.9111729264
136.8 -268.1 2473.5 0.9662449956 -0.0086034043 0.2574811578 -0.0769850835 0.9441327453 0.3204475641 -0.2458533198 -0.3294530809 0.9116012454
-0.9 -69.6 2442.7 -0.2296110690 -0.8678606153 0.4405640662 0.9510580897 -0.2962458730 -0.0879024416 0.2068023682 0.3988186717 0.8934072256
78.2 -397.3 2371.4 0.2883354723 -0.8678606153 0.4045746028 0.3533811569 -0.2962458730 -0.8873331547 0.8899350762 0.3988186717 0.2212673873
271.1 -91.3 2373.5 0.0392311104 0.6852546930 0.7272461057 -0.9776948094 0.1766111851 -0.1136720851 -0.2063341290 -0.7065652609 0.6768985987
280.1 -316.3 2326.0 -0.5652812719 0.6852546930 0.4592201114 -0.4827376604 0.1766111851 -0.8577720523 -0.6688957214 -0.7065652609 0.2309632450
46.5 -452.7 2549.2 0.8545459509 0.5187039375 0.0264094509 0.1035653129 -0.1203516647 -0.9873144031 -0.5089454651 0.8464406133 -0.1565657705
-163.6 -404.0 2206.4 0.8545459509 -0.1112593114 0.5073190331 0.1035653129 0.9936721921 0.0434715971 -0.5089454651 0.0153921796 0.8606611490
227.2 -462.8 2516.5 0.9808420539 -0.1009635553 0.1665989757 0.1461841911 -0.1837921143 -0.9720342755 0.1287596077 0.9777662158 -0.1655117571
271.6 -382.0 2086.5 0.9808420539 -0.1478555799 -0.1268368512 0.1461841911 0.9890028834 -0.0224381145 0.1287596077 0.0034667025 0.9916697741
9.4 -481.6 2159.1 0 0 0 0 0 0 0 0 0
133.1 -441.8 2152.1 0 0 0 0 0 0 0 0 0
-121.1 -783.4 2200.5 0 0 0 0 0 0 0 0 0
328.1 -760.0 2085.2 0 0 0 0 0 0 0 0 0
131.2 108.0 2340.4 30 0.9688853025 -0.0136979213 0.2471308112 -0.0717509538 0.9400486946 0.3334070742 -0.2368819714 -0.3407650888 0.9098165035
133.9 -80.8 2408.8 0.9688853025 -0.0136979213 0.2471308112 -0.0717509538 0.9400486946 0.3334070742 -0.2368819714 -0.3407650888 0.9098165035
135.3 -267.7 2476.6 0.9689514041 -0.0071285251 0.2471484840 -0.0777177662 0.9401391149 0.3318108022 -0.2347192764 -0.3407163620 0.9103950858
-2.5 -69.9 2441.9 -0.2455593050 -0.8482567072 0.4692133367 0.9433916211 -0.3204462230 -0.0855944678 0.2229637206 0.4216334224 0.8789268732
81.0 -390.7 2366.0 0.2891883552 -0.8482567072 0.4436559677 0.3866954744 -0.3204462230 -0.8647432327 0.8756921291 0.4216334224 0.2353477329
270.3 -91.8 2375.8 0.0387701020 0.6762906909 0.7356138825 -0.9745573997 0.1882293373 -0.1216862053 -0.2207593620 -0.7121801972 0.6663817763
279.2 -317.3 2324.7 -0.5681900978 0.6762906909 0.4688186049 -0.4820109010 0.1882293373 -0.8557074070 -0.6669523716 -0.7121801972 0.2190294415
46.1 -449.5 2559.6 0.8666644692 0.4978611469 0.0320456289 0.0963431820 -0.1039953232 -0.9899004698 -0.4895004034 0.8609989882 -0.1380945891
-159.5 -406.5 2204.1 0.8666644692 -0.1165766492 0.4850799143 0.0963431820 0.9931215048 0.0665407181 -0.4895004034 -0.0109343315 0.8719345331
225.6 -461.7 2522.7 0.9791277647 -0.1109152362 0.1703133434 0.1498113573 -0.1724382192 -0.9735612869 0.1373513192 0.9787557721 -0.1522226930
274.4 -385.9 2092.3 0.9791277647 -0.1498830765 -0.1372730434 0.1498113573 0.9886543751 -0.0109133432 0.1373513192 -0.0098795015 0.9904731512
9.0 -487.0 2147.9 0 0 0 0 0 0 0 0 0
131.5 -442.6 2151.3 0 0 0 0 0 0 0 0 0
-114.9 -785.8 2208.2 0 0 0 0 0 0 0 0 0
331.7 -763.7 2096.1 0 0 0 0 0 0 0 0 0
131.9 109.6 2341.1 31 0.9647822976 -0.0106571307 0.2628336847 -0.0792206526 0.9410184622 0.3289503753 -0.2508370280 -0.3381873369 0.9070336819
134.1 -79.8 2409.1 0.9647822976 -0.0106571307 0.2628336847 -0.0792206526 0.9410184622 0.3289503753 -0.2508370280 -0.3381873369 0.9070336819
134.7 -266.8 2476.3 0.9648325443 -0.0029360559 0.2628488839 -0.0861782655 0.9411406517 0.3268449605 -0.2483374178 -0.3380025029 0.9077900648
-1.7 -67.6 2444.1 -0.2572101951 -0.8348303437 0.4867249727 0.9394616485 -0.3340173960 -0.0764471367 0.2263949960 0.4375964701 0.8702037930
84.7 -383.0 2368.1 0.2838893533 -0.8348303437 0.4716620743 0.4198391438 -0.3340173960 -0.8439001441 0.8620567918 0.4375964701 0.2556704879
269.9 -91.9 2374.2 0.0413355865 0.6893378496 0.7232597470 -0.9754794240 0.1844606549 -0.1200587898 -0.2161740363 -0.7005623579 0.6800596714
279.4 -317.0 2324.3 -0.5593329072 0.6893378496 0.4603911638 -0.4790471792 0.1844606549 -0.8581888080 -0.6765061021 -0.7005623579 0.2270504385
45.9 -447.0 2563.2 0.8639543056 0.5031040311 0.0216637179 0.0882769078 -0.1089586839 -0.9901188016 -0.4957723320 0.8573297858 -0.1385477930
-164.0 -401.6 2205.6 0.8639543056 -0.1091477722 0.4915992022 0.0882769078 0.9939375520 0.0655388758 -0.4957723320 -0.0132257389 0.8683518171
223.7 -461.8 2520.7 0.9823129177 -0.0989767462 0.1589493454 0.1401552558 -0.1742586643 -0.9746745229 0.1241684109 0.9797129631 -0.1573044360
267.3 -385.2 2089.9 0.9823129177 -0.1406075209 -0.1236560419 0.1401552558 0.9900519848 -0.0123926764 0.1241684109 -0.0051575582 0.9922477603
12.4 -489.8 2148.8 0 0 0 0 0 0 0 0 0
134.0 -441.5 2148.4 0 0 0 0 0 0 0 0 0
-122.3 -781.4 2210.7 0 0 0 0 0 0 0 0 0
321.0 -763.6 2091.8 0 0 0 0 0 0 0 0 0
131.8 111.4 2339.9 32 0.9661540985 -0.0100908885 0.2577681839 -0.0785752833 0.9402409792 0.3313198090 -0.2457075119 -0.3403601944 0.9076247811
133.8 -77.7 2408.4 0.9661540985 -0.0100908885 0.2577681839 -0.0785752833 0.9402409792 0.3313198090 -0.2457075119 -0.3403601944 0.9076247811
134.5 -264.8 2475.7 0.9661939144 -0.0034945647 0.2577927709 -0.0840882733 0.9409578443 0.3279138505 -0.2437180430 -0.3385057151 0.9088538885
-2.1 -65.9 2442.7 -0.2659876347 -0.8242095113 0.4999292195 0.9378465414 -0.3411880434 -0.0635187030 0.2229225934 0.4519616961 0.8637338281
86.5 -378.4 2368.4 0.2873602808 -0.8242095113 0.4879577160 0.4357305467 -0.3411880434 -0.8329043388 0.8529729843 0.4519616961 0.2610893846
269.8 -89.6 2374.1 0.0392941721 0.6833141446 0.7290663719 -0.9759041667 0.1829670817 -0.1188871861 -0.2146324366 -0.7068272829 0.6740386486
279.0 -317.2 2324.0 -0.5640032291 0.6833141446 0.4636616707 -0.4825053215 0.1829670817 -0.8565697074 -0.6701410413 -0.7068272829 0.2265086919
46.1 -444.6 2563.8 0.8677451015 0.4963776469 0.0250542238 0.0893519223 -0.1062154695 -0.9903203845 -0.4889117479 0.8615843058 -0.1365202516
-161.9 -400.1 2202.6 0.8677451015 -0.1121953055 0.4841804206 0.0893519223 0.9935311079 0.0700871572 -0.4889117479 -0.0175553337 0.8721565604
223.9 -459.5 2520.6 0.9813896418 -0.1032028720 0.1619369984 0.1424898356 -0.1739484072 -0.9743914008 0.1287286729 0.9793319702 -0.1560057998
269.3 -383.0 2089.9 0.9813896418 -0.1428703666 -0.1283062100 0.1424898356 0.9897212386 -0.0121878954 0.1287286729 -0.0063212584 0.9916597009
12.6 -490.4 2149.1 0 0 0 0 0 0 0 0 0
132.4 -442.6 2149.8 0 0 0 0 0 0 0 0 0
-119.0 -779.9 2209.3 0 0 0 0 0 0 0 0 0
323.9 -761.4 2092.3 0 0 0 0 0 0 0 0 0
130.4 109.7 2339.9 33 0.9656280279 -0.0118906433 0.2596558332 -0.0761940479 0.9421212673 0.3264996409 -0.2485095710 -0.3350614309 0.9088326693
132.8 -80.0 2407.3 0.9656280279 -0.0118906433 0.2596558332 -0.0761940479 0.9421212673 0.3264996409 -0.2485095710 -0.3350614309 0.9088326693
133.9 -267.5 2473.2 0.9656724930 -0.0055057672 0.2597043514 -0.0810139254 0.9435257316 0.3212412596 -0.2468064129 -0.3312535286 0.9106907845
-3.1 -68.6 2442.0 -0.2938304245 -0.8098825812 0.5076946616 0.9360675216 -0.3513239622 -0.0186845325 0.1934975684 0.4697463810 0.8613344431
91.5 -370.2 2379.7 0.3060447872 -0.8098825812 0.5004265904 0.4301032424 -0.3513239622 -0.8316144943 0.8493219614 0.4697463810 0.2408122569
268.7 -91.4 2372.6 0.0474079363 0.6926637888 0.7197008729 -0.9772340059 0.1813317686 -0.1101475731 -0.2067998648 -0.6980943084 0.6854912043
279.6 -316.0 2325.0 -0.5567699671 0.6926637888 0.4585020244 -0.4808499515 0.1813317686 -0.8578473926 -0.6773408055 -0.6980943084 0.2321072817
46.1 -447.9 2560.9 0.8671878576 0.4972940981 0.0261494182 0.0938669667 -0.1116655171 -0.9893026948 -0.4890544116 0.8603658676 -0.1435144693
-162.8 -401.0 2199.3 0.8671878576 -0.1138854623 0.4847837985 0.0938669667 0.9934300184 0.0654661730 -0.4890544116 -0.0112662883 0.8721805215
223.6 -462.5 2516.4 0.9815403819 -0.1004885435 0.1627284139 0.1427178383 -0.1815721691 -0.9729661942 0.1273189038 0.9782298207 -0.1638789028
267.8 -382.7 2086.1 0.9815403819 -0.1441002041 -0.1257521957 0.1427178383 0.9895616770 -0.0199815482 0.1273189038 0.0016656147 0.9918604493
12.9 -480.7 2161.3 0 0 0 0 0 0 0 0 0
134.8 -441.0 2148.9 0 0 0 0 0 0 0 0 0
-119.3 -780.8 2203.6 0 0 0 0 0 0 0 0 0
322.9 -761.0 2085.4 0 0 0 0 0 0 0 0 0
131.7 110.8 2340.3 34 0.9636631608 -0.0108916992 0.2668983042 -0.0785097778 0.9434891343 0.3219697475 -0.2553224564 -0.3312245011 0.9083505869
133.9 -79.3 2407.1 0.9636631608 -0.0108916992 0.2668983042 -0.0785097778 0.9434891343 0.3219697475 -0.2553224564 -0.3312245011 0.9083505869
134.6 -267.2 2472.1 0.9637057185 -0.0035562098 0.2669431269 -0.0840750709 0.9449888468 0.3161130548 -0.2533824444 -0.3270832300 0.9103921652
-1.7 -67.5 2442.7 -0.2943937182 -0.7758283019 0.5580527186 0.9298526645 -0.3673765659 -0.0202102028 0.2206951380 0.5129570365 0.8295593262
96.3 -377.2 2369.2 0.3486236334 -0.7758283019 0.5258821845 0.4280179143 -0.3673765659 -0.8257330656 0.8338238597 0.5129570365 0.2039922327
269.5 -91.1 2371.4 0.0413293578 0.6985738277 0.7143434286 -0.9794269800 0.1696654260 -0.1092538089 -0.1975212246 -0.6951318383 0.6912142038
279.1 -317.6 2325.7 -0.5598611832 0.6985738277 0.4455895424 -0.4753694236 0.1696654260 -0.8632714152 -0.6786599755 -0.6951318383 0.2370915413
46.8 -447.4 2560.0 0.8648320436 0.5016194582 0.0210595317 0.0921186805 -0.1173065007 -0.9888141155 -0.4935379624 0.8570980430 -0.1476589441
-164.3 -398.1 2199.4 0.8648320436 -0.1098731160 0.4898912907 0.0921186805 0.9939208627 0.0602949969 -0.4935379624 -0.0070169033 0.8696959615
223.7 -462.7 2513.9 0.9829471111 -0.0949852392 0.1574571133 0.1379317790 -0.1854443699 -0.9729260802 0.1216131523 0.9780532718 -0.1691805273
265.5 -381.2 2083.6 0.9829471111 -0.1397990435 -0.1194619834 0.1379317790 0.9901557565 -0.0237997826 0.1216131523 0.0069163241 0.9925534725
6.3 -487.7 2153.9 0 0 0 0 0 0 0 0 0
133.5 -441.2 2149.3 0 0 0 0 0 0 0 0 0
-122.3 -778.1 2202.0 0 0 0 0 0 0 0 0 0
318.9 -759.7 2081.0 0 0 0 0 0 0 0 0 0
131.4 111.1 2340.0 35 0.9640313387 -0.0137739880 0.2654314041 -0.0757173300 0.9430434704 0.3239381313 -0.2547752559 -0.3323842883 0.9080805182
134.1 -78.9 2407.0 0.9640313387 -0.0137739880 0.2654314041 -0.0757173300 0.9430434704 0.3239381313 -0.2547752559 -0.3323842883 0.9080805182
135.5 -266.7 2472.3 0.9640894532 -0.0067581930 0.2654918134 -0.0810563043 0.9444897771 0.3183848560 -0.2529059947 -0.3284712732 0.9100248218
-1.6 -67.5 2442.6 -0.2923529446 -0.7653924823 0.5733272433 0.9270135760 -0.3740769923 -0.0266873520 0.2348948270 0.5236799717 0.8188917637
97.4 -381.3 2363.1 0.3567259312 -0.7653924823 0.5356500149 0.4306712151 -0.3740769923 -0.8213334680 0.8290168643 0.5236799717 0.1961895674
269.8 -90.3 2371.4 0.0384807326 0.7037151456 0.7094393969 -0.9788819551 0.1691937149 -0.1147329658 -0.2007720172 -0.6900423765 0.6953647137
