-1.9 93.0 2799.0 0 0.9819278717 -0.0937397256 0.1644097418 0.0436813720 0.9575161934 0.2850521207 -0.1841456890 -0.2727189660 0.9443064928
17.2 -102.3 2854.6 0.9819278717 -0.0937397256 0.1644097418 0.0436813720 0.9575161934 0.2850521207 -0.1841456890 -0.2727189660 0.9443064928
35.7 -293.4 2906.0 0.9817611575 -0.0930656716 0.1657824814 0.0453938879 0.9615224600 0.2709501088 -0.1846197248 -0.2584827840 0.9482100010
-126.2 -109.0 2881.6 0.3784908950 -0.8690519333 -0.3185802102 0.9256048203 0.3551372886 0.1308939904 -0.0006139679 -0.3444215655 0.9388148785
-220.4 -339.5 2881.7 -0.2612719834 -0.8690519333 -0.4201019704 0.2617177367 0.3551372886 -0.8974304199 0.9291074872 -0.3444215655 0.1346588880
160.6 -95.7 2827.7 0.1640472263 0.8418444395 0.5141852498 -0.9696481824 0.2334156781 -0.0727978647 -0.1813033670 -0.4866364896 0.8545840979
202.7 -344.3 2781.2 -0.4460023940 0.8418444395 0.3039404750 -0.2068988085 0.2334156781 -0.9501104951 -0.8707897067 -0.4866364896 0.0700726584
-32.8 -486.7 2973.9 0.9199115634 0.1892172247 -0.3434523642 -0.3548896611 0.0292121582 -0.9344516993 -0.1667813808 0.9815006256 0.0940238386
-128.6 -501.4 2477.0 0.9199115634 0.2099543810 0.3311825097 -0.3548896611 0.8049954772 0.4754320383 -0.1667813808 -0.5548886657 0.8150352836
146.7 -478.0 2937.9 0.9533337355 0.2115235478 0.2154357284 0.2137435377 0.0311136302 -0.9763941765 -0.2132333517 0.9768775105 -0.0155501189
42.1 -493.4 2454.4 0.9533337355 -0.2880432904 0.0904755518 0.2137435377 0.8555414081 0.4715533257 -0.2132333517 -0.4302091599 0.8771839142
-146.2 -413.8 2617.7 0 0 0 0 0 0 0 0 0
86.1 -398.4 2553.6 0 0 0 0 0 0 0 0 0
-208.9 -809.0 2689.0 0 0 0 0 0 0 0 0 0
152.0 -819.8 2618.5 0 0 0 0 0 0 0 0 0
0.8 94.0 2797.9 1 0.9786303043 -0.0882905573 0.1857081205 0.0344427451 0.9607517719 0.2752630711 -0.2027225345 -0.2629844844 0.9432617426
18.8 -101.8 2851.5 0.9786303043 -0.0882905573 0.1857081205 0.0344427451 0.9607517719 0.2752630711 -0.2027225345 -0.2629844844 0.9432617426
36.5 -293.4 2901.0 0.9783394933 -0.0889691636 0.1869125366 0.0376007780 0.9642853141 0.2621831894 -0.2035632282 -0.2494761199 0.9467437267
-124.1 -107.3 2881.2 0.4091481268 -0.8578678370 -0.3109028935 0.9114918113 0.3684974313 0.1827357858 -0.0421962291 -0.3581514359 0.9327095151
-225.8 -333.9 2891.7 -0.2784462869 -0.8578678370 -0.4318917394 0.2524385154 0.3684974313 -0.8946979642 0.9266836047 -0.3581514359 0.1139521450
161.7 -96.3 2821.7 0.1505899131 0.8652272820 0.4782304764 -0.9791144729 0.1973718107 -0.0487771481 -0.1365925372 -0.4608970284 0.8768787980
200.3 -347.7 2786.7 -0.4320603907 0.8652272820 0.2543728054 -0.1728688926 0.1973718107 -0.9649667144 -0.8851215839 -0.4608970284 0.0642943531
-35.8 -488.6 2974.3 0.9208086133 0.1877619326 -0.3418435156 -0.3539104164 0.0339545012 -0.9346627593 -0.1638869643 0.9816275239 0.0977165028
-130.6 -505.8 2478.4 0.9208086133 0.2098379135 0.3287545741 -0.3539104164 0.8037613034 0.4782417715 -0.1638869643 -0.5567188263 0.8143741488
144.2 -480.3 2940.4 0.9553835392 0.1992482394 0.2180423439 0.2151931971 0.0361168832 -0.9759033918 -0.2023220509 0.9792832732 -0.0083713932
45.5 -498.2 2455.0 0.9553835392 -0.2844223082 0.0796635225 0.2151931971 0.8550052643 0.4718663692 -0.2023220509 -0.4336702824 0.8780636787
-146.7 -405.6 2628.3 0 0 0 0 0 0 0 0 0
87.1 -393.0 2554.7 0 0 0 0 0 0 0 0 0
-210.8 -812.9 2691.2 0 0 0 0 0 0 0 0 0
154.1 -824.7 2620.6 0 0 0 0 0 0 0 0 0
1.3 92.7 2798.8 2 0.9779381752 -0.0852820501 0.1906932890 0.0306477211 0.9615653157 0.2728605866 -0.2066341639 -0.2609964609 0.9429650903
18.7 -104.1 2852.2 0.9779381752 -0.0852820501 0.1906932890 0.0306477211 0.9615653157 0.2728605866 -0.2066341639 -0.2609964609 0.9429650903
35.8 -295.6 2902.2 0.9777246714 -0.0859159753 0.1915016025 0.0330486968 0.9640195966 0.2637688518 -0.2072732598 -0.2515644431 0.9453851581
-124.1 -108.9 2882.5 0.3908207715 -0.8652258515 -0.3140753210 0.9203518629 0.3619286418 0.1481893212 -0.0145443790 -0.3469752669 0.9377614856
-220.3 -335.4 2886.1 -0.2694391310 -0.8652258515 -0.4228318036 0.2479762882 0.3619286418 -0.8986186385 0.9305430055 -0.3469752669 0.1170377582
161.5 -99.2 2822.0 0.1460894197 0.8754732609 0.4606565237 -0.9815782309 0.1862385422 -0.0426536240 -0.1231341064 -0.4459391832 0.8865529895
198.9 -350.0 2790.5 -0.4223075509 0.8754732609 0.2349529117 -0.1537971348 0.1862385422 -0.9703925252 -0.8933100104 -0.4459391832 0.0559953377
-35.6 -488.5 2969.3 0.9213523865 0.1947209686 -0.3364424109 -0.3501815498 0.0399986170 -0.9358274341 -0.1687680036 0.9800427556 0.1050405130
-132.8 -508.5 2479.7 0.9213523865 0.2026660591 0.3317170739 -0.3501815498 0.8032011986 0.4819136560 -0.1687680036 -0.5601735115 0.8110012412
143.8 -481.6 2932.0 0.9526934028 0.2079150826 0.2216902673 0.2200053632 0.0314944275 -0.9749901295 -0.2096971571 0.9776397347 -0.0157378968
43.6 -496.8 2460.5 0.9526934028 -0.2913198173 0.0866488069 0.2200053632 0.8576968312 0.4647083282 -0.2096971571 -0.4236613512 0.8812140226
-143.7 -405.9 2621.6 0 0 0 0 0 0 0 0 0
87.6 -390.5 2555.0 0 0 0 0 0 0 0 0 0
-210.3 -815.4 2693.8 0 0 0 0 0 0 0 0 0
154.8 -824.4 2622.3 0 0 0 0 0 0 0 0 0
3.0 92.0 2798.8 3 0.9778795242 -0.0804872811 0.1930633187 0.0255314484 0.9620298147 0.2717475593 -0.2076049000 -0.2608071864 0.9428042173
19.4 -104.3 2852.0 0.9778795242 -0.0804872811 0.1930633187 0.0255314484 0.9620298147 0.2717475593 -0.2076049000 -0.2608071864 0.9428042173
35.4 -295.9 2902.2 0.9777204394 -0.0807871222 0.1937425584 0.0274314582 0.9642324448 0.2636347413 -0.2081111521 -0.2524464428 0.9449658990
-123.4 -108.3 2882.4 0.4045517743 -0.8571023345 -0.3189254701 0.9141489863 0.3691355586 0.1675427258 -0.0258745216 -0.3593251109 0.9328536987
-223.0 -333.2 2888.8 -0.2725480795 -0.8571023345 -0.4371420145 0.2669629157 0.3691355586 -0.8902077079 0.9243637323 -0.3593251109 0.1282073408
162.2 -100.3 2821.6 0.1480853260 0.8721165061 0.4663512409 -0.9812161922 0.1885129809 -0.0409596264 -0.1236348301 -0.4515258670 0.8836508393
199.2 -345.5 2790.7 -0.4230670035 0.8721165061 0.2458191663 -0.1730871052 0.1885129809 -0.9666973352 -0.8894128203 -0.4515258670 0.0711985081
-36.8 -490.2 2971.2 0.9221895337 0.1932444423 -0.3349971771 -0.3492217660 0.0439232364 -0.9360101223 -0.1661645919 0.9801669717 0.1079907194
-133.6 -512.2 2480.3 0.9221895337 0.2028335035 0.3292796612 -0.3492217660 0.8025651574 0.4836665392 -0.1661645919 -0.5610238314 0.8109510541
142.5 -484.1 2933.2 0.9551837444 0.1992317438 0.2189308256 0.2180783451 0.0264908578 -0.9755716920 -0.2001645118 0.9795942903 -0.0181444902
45.8 -497.0 2457.9 0.9551837444 -0.2852299511 0.0791698173 0.2180783451 0.8589175344 0.4633600414 -0.2001645118 -0.4253287613 0.8826265335
-145.5 -409.0 2626.1 0 0 0 0 0 0 0 0 0
88.9 -390.6 2558.8 0 0 0 0 0 0 0 0 0
-211.1 -818.9 2694.7 0 0 0 0 0 0 0 0 0
154.8 -825.1 2620.4 0 0 0 0 0 0 0 0 0
1.4 90.9 2801.3 4 0.9825922251 -0.0792429149 0.1680269986 0.0345536768 0.9666367173 0.2538100183 -0.1825337112 -0.2435858101 0.9525478482
17.7 -108.4 2851.5 0.9825922251 -0.0792429149 0.1680269986 0.0345536768 0.9666367173 0.2538100183 -0.1825337112 -0.2435858101 0.9525478482
33.5 -301.0 2897.8 0.9824642539 -0.0790163428 0.1688800007 0.0361194089 0.9692593217 0.2433757782 -0.1829191744 -0.2330081463 0.9551166296
-125.8 -113.7 2878.2 0.3785040677 -0.8687021732 -0.3195171952 0.9255683422 0.3523866534 0.1383723170 -0.0076107336 -0.3481094837 0.9374229908
-216.8 -336.3 2880.0 -0.2665063143 -0.8687021732 -0.4175295830 0.2598803341 0.3523866534 -0.8990471959 0.9281361103 -0.3481094837 0.1318453401
161.2 -103.2 2824.8 0.1541690081 0.8703044057 0.4677629173 -0.9791526794 0.1979465634 -0.0455760062 -0.1322570592 -0.4509849250 0.8826781511
199.3 -345.4 2792.1 -0.4221617281 0.8703044057 0.2536724508 -0.1718061864 0.1979465634 -0.9650387764 -0.8900910616 -0.4509849250 0.0659582168
-38.2 -490.0 2971.4 0.9198955894 0.1812238395 -0.3477786779 -0.3585843742 0.0296514146 -0.9330262542 -0.1587744802 0.9829947948 0.0922602415
-130.0 -505.0 2473.4 0.9198955894 0.2152483165 0.3278113008 -0.3585843742 0.8001056314 0.4808827341 -0.1587744802 -0.5599099398 0.8131983280
141.1 -485.0 2933.3 0.9543895721 0.1973518282 0.2240375727 0.2228784561 0.0283598751 -0.9744336605 -0.1986599416 0.9799224138 -0.0169191025
45.2 -498.7 2457.1 0.9543895721 -0.2892819047 0.0738685653 0.2228784561 0.8549272418 0.4684278369 -0.1986599416 -0.4305989146 0.8804082870
-141.0 -410.2 2616.2 0 0 0 0 0 0 0 0 0
90.3 -389.8 2562.3 0 0 0 0 0 0 0 0 0
-212.2 -810.7 2687.4 0 0 0 0 0 0 0 0 0
155.8 -825.4 2621.6 0 0 0 0 0 0 0 0 0
3.4 93.2 2799.0 5 0.9812551141 -0.0727058202 0.1784721762 0.0235949513 0.9644598961 0.2631736696 -0.1912635118 -0.2540294826 0.9480966926
18.3 -104.6 2851.1 0.9812551141 -0.0727058202 0.1784721762 0.0235949513 0.9644598961 0.2631736696 -0.1912635118 -0.2540294826 0.9480966926
32.5 -296.9 2898.9 0.9811517000 -0.0715909153 0.1794884801 0.0249798000 0.9680364132 0.2495627403 -0.1916178018 -0.2403753102 0.9515788555
-125.0 -108.2 2879.1 0.3620026708 -0.8727490902 -0.3275103569 0.9321691394 0.3403679729 0.1233301461 0.0038377619 -0.3499408960 0.9367639422
-213.6 -336.2 2878.2 -0.2695003450 -0.8727490902 -0.4070363045 0.2617694139 0.3403679729 -0.9031203985 0.9267396331 -0.3499408960 0.1367297471
161.6 -101.0 2823.1 0.1360564977 0.8895494938 0.4361081719 -0.9849967957 0.1686320007 -0.0366681777 -0.1061599478 -0.4245761931 0.8991468549
195.8 -349.2 2796.4 -0.4020954072 0.8895494938 0.2168432176 -0.1521288157 0.1686320007 -0.9738686085 -0.9028710127 -0.4245761931 0.0675199628
-40.8 -496.9 2960.8 0.9169655442 0.1802435964 -0.3559304178 -0.3633194566 0.0086434940 -0.9316245317 -0.1648428738 0.9835840464 0.0734117925
-130.6 -501.2 2470.9 0.9169655442 0.2146646231 0.3362934887 -0.3633194566 0.7975627184 0.4815523922 -0.1648428738 -0.5637489557 0.8093293309
139.3 -490.3 2927.3 0.9534312487 0.1986015141 0.2269939631 0.2270036489 0.0230302438 -0.9736215472 -0.1985904425 0.9798097014 -0.0231255144
44.5 -501.3 2459.9 0.9534312487 -0.2928062379 0.0723416805 0.2270036489 0.8545688391 0.4670989513 -0.1985904425 -0.4289249182 0.8812407255
-136.9 -410.6 2614.7 0 0 0 0 0 0 0 0 0
90.8 -388.9 2560.6 0 0 0 0 0 0 0 0 0
-212.7 -805.9 2686.3 0 0 0 0 0 0 0 0 0
156.4 -827.8 2623.8 0 0 0 0 0 0 0 0 0
4.1 92.6 2798.4 6 0.9810057878 -0.0687664747 0.1813804507 0.0176628996 0.9628362060 0.2695078254 -0.1931727678 -0.2611850202 0.9457624555
18.2 -104.7 2851.9 0.9810057878 -0.0687664747 0.1813804507 0.0176628996 0.9628362060 0.2695078254 -0.1931727678 -0.2611850202 0.9457624555
32.2 -296.8 2900.8 0.9806900620 -0.0704227909 0.1824490875 0.0220397636 0.9667707682 0.2546930611 -0.1943226457 -0.2457538098 0.9496545792
-125.0 -107.9 2880.3 0.3768133223 -0.8626564741 -0.3373952210 0.9262064099 0.3557668626 0.1247863695 0.0123862661 -0.3595187664 0.9330556393
-217.0 -334.0 2877.3 -0.2735911310 -0.8626564741 -0.4254076779 0.2696217895 0.3557668626 -0.8948374391 0.9232832789 -0.3595187664 0.1352563351
161.5 -101.5 2823.5 0.1970945895 0.8566116691 0.4768335223 -0.9750992656 0.2217181921 0.0047404361 -0.1016619578 -0.4658943117 0.8789808154
208.9 -336.3 2799.1 -0.4220937788 0.8566116691 0.2967377901 -0.2181746960 0.2217181921 -0.9503898621 -0.8799071908 -0.4658943117 0.0933051109
-43.2 -491.5 2964.2 0.9219052196 0.1786977649 -0.3437409997 -0.3557672799 0.0392600559 -0.9337495565 -0.1533636749 0.9831204414 0.0997688696
-131.4 -510.9 2478.7 0.9219052196 0.2147879303 0.3224235177 -0.3557672799 0.7988165617 0.4850997031 -0.1533636749 -0.5619236827 0.8128476739
136.7 -487.0 2929.1 0.9548748136 0.1912720799 0.2272202224 0.2269950956 0.0233861841 -0.9736150503 -0.1915391982 0.9812583923 -0.0210869461
44.8 -498.2 2457.5 0.9548748136 -0.2898537815 0.0647982955 0.2269950956 0.8529002666 0.4701429605 -0.1915391982 -0.4342187941 0.8802083731
-139.2 -410.6 2614.8 0 0 0 0 0 0 0 0 0
98.3 -393.5 2568.4 0 0 0 0 0 0 0 0 0
-213.5 -816.2 2693.4 0 0 0 0 0 0 0 0 0
155.6 -824.1 2623.4 0 0 0 0 0 0 0 0 0
4.7 93.3 2798.6 7 0.9814863205 -0.0497046895 0.1849703938 -0.0009742608 0.9644321203 0.2643288970 -0.1915297657 -0.2596154213 0.9465284944
14.9 -105.2 2852.0 0.9814863205 -0.0497046895 0.1849703938 -0.0009742608 0.9644321203 0.2643288970 -0.1915297657 -0.2596154213 0.9465284944
24.9 -297.5 2900.9 0.9813348055 -0.0500961170 0.1856672913 0.0019592240 0.9680279493 0.2508346438 -0.1922969818 -0.2457890064 0.9500576854
-128.4 -105.5 2880.1 0.3795724213 -0.8740817904 -0.3031597137 0.9235546589 0.3386848271 0.1798314601 -0.0545118153 -0.3482436240 0.9358177185
-221.2 -331.2 2893.4 -0.2625834346 -0.8740817904 -0.4086942077 0.2737102211 0.3386848271 -0.9002084732 0.9252743721 -0.3482436240 0.1503120810
158.3 -104.9 2823.9 0.2453096062 0.8316649795 0.4981531203 -0.9641689062 0.2628367841 0.0359884053 -0.1010026634 -0.4891320467 0.8663418889
214.7 -326.8 2800.7 -0.4263165891 0.8316649795 0.3557913601 -0.2621821463 0.2628367841 -0.9285350442 -0.8657451868 -0.4891320467 0.1059960425
-43.7 -490.9 2967.4 0.9232316613 0.1750478894 -0.3420547843 -0.3534519970 0.0377165303 -0.9346920252 -0.1507147402 0.9838372469 0.0966921225
-130.8 -509.7 2478.1 0.9232316613 0.2135512829 0.3194355965 -0.3534519970 0.7980676293 0.4880161285 -0.1507147402 -0.5634571314 0.8122814298
136.2 -486.9 2931.8 0.9559023976 0.1863410175 0.2269970477 0.2274566144 0.0192001294 -0.9735988975 -0.1857797951 0.9822974801 -0.0240310486
45.3 -496.3 2453.0 0.9559023976 -0.2881467342 0.0567635484 0.2274566144 0.8486453295 0.4775611162 -0.1857797951 -0.4435905516 0.8767629862
-146.5 -409.0 2630.4 0 0 0 0 0 0 0 0 0
102.6 -395.8 2573.0 0 0 0 0 0 0 0 0 0
-212.4 -814.7 2693.4 0 0 0 0 0 0 0 0 0
155.5 -820.5 2622.5 0 0 0 0 0 0 0 0 0
5.6 95.9 2799.2 8 0.9787207246 -0.0457870699 0.2000231594 -0.0092352936 0.9639701843 0.2658499479 -0.2049888521 -0.2620401084 0.9430347681
15.0 -102.1 2853.0 0.9787207246 -0.0457870699 0.2000231594 -0.0092352936 0.9639701843 0.2658499479 -0.2049888521 -0.2620401084 0.9430347681
24.1 -294.3 2902.5 0.9786006808 -0.0457443856 0.2006194592 -0.0067019882 0.9673730135 0.2532678246 -0.2056594342 -0.2491925955 0.9463652968
-127.9 -101.1 2883.0 0.3941731453 -0.8660159111 -0.3076426685 0.9169378877 0.3479772806 0.1952863485 -0.0620684177 -0.3590658307 0.9312460423
-227.1 -331.8 2898.6 -0.2837381363 -0.8660159111 -0.4117148817 0.2492922246 0.3479772806 -0.9037505984 0.9259298444 -0.3590658307 0.1171565950
157.9 -103.0 2822.9 0.2218784690 0.8412456512 0.4930270910 -0.9705432057 0.2392247617 0.0285904165 -0.0938927308 -0.4848476946 0.8695440888
210.0 -330.8 2800.9 -0.4331025183 0.8412456512 0.3236170411 -0.2386011183 0.2392247617 -0.9411912560 -0.8691902757 -0.4848476946 0.0971133038
-55.1 -490.0 2967.3 0.9308189154 0.1568370312 -0.3301186264 -0.3411705792 0.0489493981 -0.9387260675 -0.1310679018 0.9864107370 0.0990712047
-132.9 -514.3 2478.2 0.9308189154 0.2084342986 0.3002187610 -0.3411705792 0.7901194096 0.5092288256 -0.1310679018 -0.5764256120 0.8065696955
124.9 -489.6 2932.1 0.9564077854 0.1688540280 0.2382696271 0.2400623858 0.0100213448 -0.9707057476 -0.1662953645 0.9855901003 -0.0309510119
42.8 -494.5 2453.1 0.9564077854 -0.2898313105 0.0358038731 0.2400623858 0.8500831127 0.4687523246 -0.1662953645 -0.4397232234 0.8826037049
-146.5 -402.6 2635.5 0 0 0 0 0 0 0 0 0
97.7 -392.6 2575.5 0 0 0 0 0 0 0 0 0
-212.5 -816.2 2698.4 0 0 0 0 0 0 0 0 0
153.5 -819.4 2621.1 0 0 0 0 0 0 0 0 0
3.6 96.5 2801.0 9 0.9789816141 -0.0589988902 0.1952284425 0.0066054855 0.9659137130 0.2587798536 -0.2038415670 -0.2520511448 0.9460015297
15.6 -101.0 2852.5 0.9789816141 -0.0589988902 0.1952284425 0.0066054855 0.9659137130 0.2587798536 -0.2038415670 -0.2520511448 0.9460015297
27.1 -293.6 2899.7 0.9788697958 -0.0578986257 0.1961164027 0.0084566213 0.9697190523 0.2440768331 -0.2043095082 -0.2372609526 0.9497182965
-127.4 -102.2 2882.3 0.4224831462 -0.8642420173 -0.2731185555 0.8953981996 0.3512230217 0.2736868262 -0.1406061500 -0.3601779342 0.9222265482
-234.6 -329.4 2918.0 -0.2915188372 -0.8642420173 -0.4100030661 0.2338572294 0.3512230217 -0.9066163301 0.9275384545 -0.3601779342 0.0997211188
158.6 -99.8 2822.7 0.1865349412 0.8620045781 0.4713309407 -0.9782216549 0.2074161470 0.0078052371 -0.0910334960 -0.4625220895 0.8819218874
204.0 -338.1 2800.5 -0.4251031280 0.8620045781 0.2761076987 -0.2012085617 0.2074161470 -0.9573367238 -0.8824978471 -0.4625220895 0.0852694437
-56.5 -485.8 2970.9 0.9325846434 0.1442885101 -0.3308576047 -0.3406105638 0.0484255590 -0.9389565587 -0.1194586679 0.9883500338 0.0943071172
-128.9 -510.1 2475.3 0.9325846434 0.2165328860 0.2887896299 -0.3406105638 0.7927156687 0.5055554509 -0.1194586679 -0.5698380470 0.8130277991
122.9 -487.1 2933.2 0.9558649063 0.1674996763 0.2413838059 0.2426419407 0.0132274143 -0.9700257182 -0.1656718850 0.9857833982 -0.0279988255
42.0 -493.5 2456.8 0.9558649063 -0.2914261520 0.0373239703 0.2426419407 0.8546443582 0.4590293765 -0.1656718850 -0.4297136962 0.8876367211
-151.7 -395.9 2654.4 0 0 0 0 0 0 0 0 0
93.4 -390.4 2570.8 0 0 0 0 0 0 0 0 0
-211.6 -813.0 2693.1 0 0 0 0 0 0 0 0 0
153.4 -820.1 2621.0 0 0 0 0 0 0 0 0 0
4.6 96.4 2800.4 0 0.9782970548 -0.0537866242 0.2001045346 -0.0011334815 0.9643182755 0.2647431493 -0.2072041035 -0.2592242658 0.9433287978
15.6 -101.0 2853.4 0.9782970548 -0.0537866242 0.2001045346 -0.0011334815 0.9643182755 0.2647431493 -0.2072041035 -0.2592242658 0.9433287978
26.2 -293.4 2901.9 0.9781402349 -0.0535225198 0.2009404749 0.0016917681 0.9683248997 0.2496878803 -0.2079395801 -0.2438898236 0.9472480416
-127.3 -101.2 2883.8 0.3838255405 -0.8848356605 -0.2640905082 0.9210586548 0.3464807272 0.1777697802 -0.0657947585 -0.3114754260 0.9479736686
-223.4 -331.8 2900.3 -0.2353555858 -0.8848356605 -0.4020865560 0.2445576638 0.3464807272 -0.9056172967 0.9406377077 -0.3114754260 0.1348471642
158.5 -100.7 2823.1 0.1785174459 0.8749261498 0.4501508176 -0.9811762571 0.1925402731 0.0148807038 -0.0736526400 -0.4443337619 0.8928285241
202.5 -342.9 2804.9 -0.4145453274 0.8749261498 0.2503126264 -0.1764943153 0.1925402731 -0.9652864933 -0.8927496672 -0.4443337619 0.0746028200
-51.1 -487.1 2965.5 0.9309342504 0.1610066593 -0.3277777433 -0.3385700583 0.0441371500 -0.9399054646 -0.1368638724 0.9859659076 0.0956008211
-130.8 -508.9 2477.3 0.9309342504 0.2094036192 0.2991847396 -0.3385700583 0.8019469976 0.4921903610 -0.1368638724 -0.5594918728 0.8174577355
128.4 -485.5 2928.1 0.9592620730 0.1730846912 0.2232889682 0.2244406492 0.0131448396 -0.9743990898 -0.1715886593 0.9848192334 -0.0262378938
45.9 -491.8 2458.5 0.9592620730 -0.2772305012 0.0544015542 0.2244406492 0.8647571802 0.4492454231 -0.1715886593 -0.4187341630 0.8917505145
-156.6 -401.2 2633.4 0 0 0 0 0 0 0 0 0
92.8 -389.6 2568.6 0 0 0 0 0 0 0 0 0
-210.8 -815.3 2691.1 0 0 0 0 0 0 0 0 0
151.8 -822.2 2618.5 0 0 0 0 0 0 0 0 0
5.6 95.7 2798.6 1 0.9789044261 -0.0550625436 0.1967593580 -0.0007755606 0.9619939327 0.2730697691 -0.2043172270 -0.2674618065 0.9416574240
16.9 -101.0 2853.2 0.9789044261 -0.0550625436 0.1967593580 -0.0007755606 0.9619939327 0.2730697691 -0.2043172270 -0.2674618065 0.9416574240
27.8 -292.9 2903.5 0.9787296057 -0.0552814193 0.1975660920 0.0022790874 0.9658813477 0.2589749992 -0.2051419020 -0.2530162334 0.9454626441
-126.1 -101.3 2883.2 0.3640304208 -0.8931047320 -0.2642834783 0.9312823415 0.3447736800 0.1176618338 -0.0139663517 -0.2889550328 0.9572408199
-216.7 -333.0 2886.7 -0.2013353258 -0.8931047320 -0.4022784829 0.2680587471 0.3447736800 -0.8995974660 0.9421297908 -0.2889550328 0.1699894071
159.8 -100.6 2823.3 0.1836254746 0.8695371151 0.4584614038 -0.9811339974 0.1908184290 0.0310549233 -0.0604794733 -0.4555145502 0.8881715536
205.0 -341.8 2808.4 -0.4253519475 0.8695371151 0.2509599626 -0.1793317497 0.1908184290 -0.9651054144 -0.8870827556 -0.4555145502 0.0747706294
-52.8 -485.9 2969.4 0.9313319325 0.1590568423 -0.3275999129 -0.3389136493 0.0493797138 -0.9395207167 -0.1332604140 0.9860337377 0.0998954400
-132.5 -510.6 2475.5 0.9313319325 0.2094526738 0.2979100049 -0.3389136493 0.7978498936 0.4985710979 -0.1332604140 -0.5653009415 0.8140494227
126.6 -485.6 2931.3 0.9587690830 0.1671913862 0.2298018783 0.2311357707 0.0117062116 -0.9728510976 -0.1653424352 0.9858549833 -0.0274203587
46.1 -491.2 2456.7 0.9587690830 -0.2806408405 0.0447501689 0.2311357707 0.8616783619 0.4517595470 -0.1653424352 -0.4227897227 0.8910166621
-159.6 -409.1 2619.3 0 0 0 0 0 0 0 0 0
91.7 -389.6 2572.3 0 0 0 0 0 0 0 0 0
-212.5 -815.5 2691.5 0 0 0 0 0 0 0 0 0
153.3 -820.5 2618.2 0 0 0 0 0 0 0 0 0
4.8 96.8 2799.2 2 0.9801191688 -0.0599213205 0.1891450435 0.0066265464 0.9626595974 0.2706337273 -0.1982990205 -0.2639999092 0.9439181685
17.0 -99.9 2853.1 0.9801191688 -0.0599213205 0.1891450435 0.0066265464 0.9626595974 0.2706337273 -0.1982990205 -0.2639999092 0.9439181685
28.9 -291.7 2903.3 0.9799884558 -0.0598735176 0.1898362637 0.0087308325 0.9657017589 0.2595070302 -0.1988628209 -0.2526564598 0.9468992949
-126.1 -101.1 2882.2 0.3694413006 -0.8884223700 -0.2724312842 0.9292453527 0.3544768095 0.1041600406 0.0040324619 -0.2916365266 0.9565207362
-217.6 -331.2 2881.2 -0.2012105286 -0.8884223700 -0.4125772715 0.2703123391 0.3544768095 -0.8951410055 0.9415124059 -0.2916365266 0.1688270569
160.2 -98.6 2824.1 0.1758794487 0.8660676479 0.4679671824 -0.9806734324 0.1955372095 0.0066924528 -0.0857088864 -0.4601000547 0.8837205172
203.8 -341.9 2802.8 -0.4300719202 0.8660676479 0.2548823357 -0.1778094471 0.1955372095 -0.9644423127 -0.8851112723 -0.4601000547 0.0698999465
-50.9 -485.0 2972.6 0.9306451082 0.1609605402 -0.3286204338 -0.3399181962 0.0477722995 -0.9392408729 -0.1354817599 0.9858040214 0.0991724730
-132.3 -509.2 2474.2 0.9306451082 0.2091485858 0.3002608120 -0.3399181962 0.7979301214 0.4977580607 -0.1354817599 -0.5653002262 0.8136832118
128.6 -484.6 2935.0 0.9588636756 0.1706826538 0.2268211991 0.2273924947 0.0164588597 -0.9736641049 -0.1699208021 0.9851886034 -0.0230301544
45.8 -492.6 2457.1 0.9588636756 -0.2794933617 0.0496376194 0.2273924947 0.8609380126 0.4550586939 -0.1699208021 -0.4250520468 0.8890768886
-160.5 -408.0 2613.7 0 0 0 0 0 0 0 0 0
90.2 -388.9 2569.0 0 0 0 0 0 0 0 0 0
-212.2 -814.1 2690.2 0 0 0 0 0 0 0 0 0
152.6 -821.6 2619.5 0 0 0 0 0 0 0 0 0
6.1 95.3 2798.5 3 0.9815816283 -0.0634846985 0.1801867187 0.0118842078 0.9616361856 0.2740704715 -0.1906733513 -0.2668811679 0.9446788430
19.0 -101.0 2852.9 0.9815816283 -0.0634846985 0.1801867187 0.0118842078 0.9616361856 0.2740704715 -0.1906733513 -0.2668811679 0.9446788430
31.8 -292.7 2903.6 0.9814007878 -0.0640594885 0.1809665561 0.0146154808 0.9648780823 0.2622912824 -0.1914129108 -0.2547679543 0.9478683472
-124.3 -103.1 2880.9 0.3936096430 -0.8864540458 -0.2434557527 0.9170360565 0.3601465225 0.1712873578 -0.0641586334 -0.2906780541 0.9546674490
-221.7 -330.0 2896.8 -0.2017177343 -0.8864540458 -0.4165443778 0.2646192610 0.3601465225 -0.8945787549 0.9430199265 -0.2906780541 0.1619248688
162.4 -98.8 2825.0 0.1510688812 0.8796494603 0.4509933889 -0.9838811755 0.1779613644 -0.0175385792 -0.0956871957 -0.4410743713 0.8923549652
200.0 -343.8 2801.2 -0.4146409035 0.8796494603 0.2330016047 -0.1673688293 0.1779613644 -0.9696996808 -0.8944610357 -0.4410743713 0.0734358430
-49.1 -484.4 2971.8 0.9315341115 0.1745423228 -0.3190284073 -0.3347749412 0.0689868703 -0.9397693872 -0.1420207620 0.9822300076 0.1226960197
-136.7 -519.1 2478.6 0.9315341115 0.1968128532 0.3057921827 -0.3347749412 0.7925171852 0.5097472072 -0.1420207620 -0.5772184730 0.8041448593
130.7 -482.8 2935.3 0.9570797086 0.1768708676 0.2295978218 0.2287877053 0.0252433922 -0.9731490016 -0.1779175252 0.9839103222 -0.0163059421
44.8 -495.1 2457.5 0.9570797086 -0.2846737802 0.0543994606 0.2287877053 0.8573143482 0.4611597657 -0.1779175252 -0.4289207160 0.8856480122
-164.4 -405.2 2628.8 0 0 0 0 0 0 0 0 0
89.6 -388.3 2563.0 0 0 0 0 0 0 0 0 0
-211.9 -821.9 2699.1 0 0 0 0 0 0 0 0 0
153.6 -822.7 2621.4 0 0 0 0 0 0 0 0 0
9.5 95.3 2798.6 4 0.9826220870 -0.0567260273 0.1767370254 0.0054128179 0.9605097175 0.2781938016 -0.1855384558 -0.2724027336 0.9441251159
21.1 -100.8 2854.2 0.9826220870 -0.0567260273 0.1767370254 0.0054128179 0.9605097175 0.2781938016 -0.1855384558 -0.2724027336 0.9441251159
33.1 -292.2 2906.2 0.9822893143 -0.0604748763 0.1773429960 0.0108756386 0.9632887244 0.2682470977 -0.1870547235 -0.2615675330 0.9468859434
-122.4 -102.4 2881.6 0.3745135367 -0.8995312452 -0.2249069661 0.9234381914 0.3399573863 0.1780194938 -0.0836753175 -0.2743583918 0.9579800963
-214.5 -329.6 2902.1 -0.1874623895 -0.8995312452 -0.3945901692 0.2668819427 0.3399573863 -0.9017776847 0.9453210235 -0.2743583918 0.1763394326
164.6 -99.2 2826.9 0.1947680414 0.8551079631 0.4804745615 -0.9742758870 0.2252789736 -0.0059941453 -0.1133664548 -0.4669472873 0.8769881725
211.7 -334.7 2799.5 -0.4226023257 0.8551079631 0.3003292382 -0.2188646942 0.2252789736 -0.9493932724 -0.8794916272 -0.4669472873 0.0919495225
-45.5 -485.8 2971.8 0.9276037812 0.1743777394 -0.3303689361 -0.3440720737 0.0543986671 -0.9373660684 -0.1454841495 0.9831750393 0.1104589179
-133.5 -513.2 2475.4 0.9276037812 0.2056068629 0.3118926883 -0.3440720737 0.7953885794 0.4989703596 -0.1454841495 -0.5701603293 0.8085490465
134.5 -483.1 2936.7 0.9584537745 0.1849185377 0.2171899080 0.2180204242 0.0160825029 -0.9758116603 -0.1839386225 0.9826222658 -0.0249016806
43.8 -491.0 2454.5 0.9584537745 -0.2780010402 0.0638884827 0.2180204242 0.8583816290 0.4643792808 -0.1839386225 -0.4311570823 0.8833290339
-161.2 -405.5 2633.5 0 0 0 0 0 0 0 0 0
98.9 -393.2 2564.7 0 0 0 0 0 0 0 0 0
-212.1 -817.1 2693.3 0 0 0 0 0 0 0 0 0
150.0 -819.0 2619.3 0 0 0 0 0 0 0 0 0
9.0 95.4 2799.2 5 0.9861589670 -0.0667832866 0.1517581642 0.0236563310 0.9626026154 0.2698824704 -0.1641064435 -0.2625569701 0.9508590698
22.6 -100.6 2852.7 0.9861589670 -0.0667832866 0.1517581642 0.0236563310 0.9626026154 0.2698824704 -0.1641064435 -0.2625569701 0.9508590698
36.4 -292.5 2902.2 0.9858194590 -0.0696894303 0.1526544541 0.0284536500 0.9659347534 0.2572167516 -0.1653795242 -0.2492257059 0.9542201757
-121.4 -104.8 2876.8 0.3716796041 -0.8942385316 -0.2493827790 0.9236000776 0.3290116787 0.1967593282 -0.0938999206 -0.3034613729 0.9482056499
-207.6 -319.0 2898.6 -0.1990404874 -0.8942385316 -0.4008994699 0.3149526417 0.3290116787 -0.8902562261 0.9280019999 -0.3034613729 0.2161561251
166.5 -96.5 2828.5 0.2096009105 0.8407592773 0.4991906285 -0.9693310261 0.2456658483 -0.0067572882 -0.1283153445 -0.4824646413 0.8664658666
216.1 -325.8 2798.2 -0.4198803306 0.8407592773 0.3417957723 -0.2667126358 0.2456658483 -0.9319402575 -0.8675049543 -0.4824646413 0.1210908592
-44.9 -484.6 2975.3 0.9271339774 0.1752136797 -0.3312442005 -0.3456249237 0.0582716279 -0.9365617037 -0.1447962821 0.9828044772 0.1145838201
-133.3 -514.0 2479.6 0.9271339774 0.2101094574 0.3102846444 -0.3456249237 0.7994133830 0.4914078116 -0.1447962821 -0.5628429651 0.8137823939
135.2 -482.6 2941.0 0.9562824368 0.1876990646 0.2242609113 0.2244291008 0.0206367131 -0.9742718935 -0.1874979287 0.9820097685 -0.0223906040
42.7 -492.8 2456.9 0.9562824368 -0.2849082947 0.0659632757 0.2244291008 0.8595763445 0.4590861499 -0.1874979287 -0.4242119491 0.8859394789
-151.1 -408.4 2635.1 0 0 0 0 0 0 0 0 0
103.8 -397.1 2566.2 0 0 0 0 0 0 0 0 0
-213.6 -819.5 2694.6 0 0 0 0 0 0 0 0 0
151.6 -821.3 2619.0 0 0 0 0 0 0 0 0 0
10.0 95.5 2798.5 6 0.9869378209 -0.0583639555 0.1501577646 0.0151248984 0.9615204334 0.2743168175 -0.1603899747 -0.2684625089 0.9498436451
21.9 -100.4 2853.2 0.9869378209 -0.0583639555 0.1501577646 0.0151248984 0.9615204334 0.2743168175 -0.1603899747 -0.2684625089 0.9498436451
33.6 -292.3 2903.5 0.9867649674 -0.0589339659 0.1510686725 0.0179654993 0.9656159282 0.2593512833 -0.1611589193 -0.2532047331 0.9538947344
-122.3 -103.0 2876.7 0.3801306188 -0.8771719933 -0.2933768332 0.9234738946 0.3421248496 0.1736276746 -0.0519298352 -0.3369270265 0.9400975704
-212.7 -322.8 2889.1 -0.2362920344 -0.8771719933 -0.4180135429 0.3032853305 0.3421248496 -0.8893641233 0.9231382012 -0.3369270265 0.1851920187
166.0 -97.8 2829.7 0.2199264467 0.8287113905 0.5146550536 -0.9643831849 0.2641756833 -0.0132749602 -0.1469604671 -0.4934051931 0.8572945595
217.4 -323.4 2795.3 -0.4220436513 0.8287113905 0.3675821126 -0.2840363979 0.2641756833 -0.9217019677 -0.8609311581 -0.4934051931 0.1238905191
-40.1 -487.1 2966.9 0.9221833348 0.1825302690 -0.3409700394 -0.3531198800 0.0377881937 -0.9348146319 -0.1577473283 0.9824737906 0.0993027091
-131.7 -506.0 2473.7 0.9221833348 0.2110771835 0.3240745366 -0.3531198800 0.8013039231 0.4829269052 -0.1577473283 -0.5597843528 0.8134846687
140.7 -481.9 2936.6 0.9536226988 0.1970642656 0.2275290340 0.2244693935 0.0380318090 -0.9737387300 -0.2005424500 0.9796526432 -0.0079669012
44.3 -500.5 2457.5 0.9536226988 -0.2930201888 0.0688690692 0.2244693935 0.8447198272 0.4858619869 -0.2005424500 -0.4478700161 0.8713180423
-145.7 -408.9 2627.0 0 0 0 0 0 0 0 0 0
104.4 -399.5 2564.6 0 0 0 0 0 0 0 0 0
-212.4 -812.2 2687.6 0 0 0 0 0 0 0 0 0
156.2 -823.1 2628.5 0 0 0 0 0 0 0 0 0
8.4 95.0 2799.1 7 0.9839617014 -0.0620167255 0.1672520787 0.0140254721 0.9616129398 0.2740507722 -0.1778274924 -0.2673096955 0.9470601678
21.1 -100.8 2853.5 0.9839617014 -0.0620167255 0.1672520787 0.0140254721 0.9616129398 0.2740507722 -0.1778274924 -0.2673096955 0.9470601678
33.3 -292.8 2903.2 0.9837850928 -0.0618201792 0.1683603376 0.0167756472 0.9663197398 0.2567970157 -0.1785651594 -0.2498087138 0.9516880512
-122.6 -103.2 2879.6 0.3966394961 -0.8642169833 -0.3095256388 0.9176791310 0.3647394478 0.1575758308 -0.0232835039 -0.3465460241 0.9377439618
-219.5 -327.3 2885.3 -0.2441941053 -0.8642169833 -0.4398843646 0.2981355786 0.3647394478 -0.8820886016 0.9227591157 -0.3465460241 0.1685865968
164.7 -98.3 2827.5 0.2247790694 0.8276517391 0.5142635107 -0.9634736180 0.2676310837 -0.0095994007 -0.1455778629 -0.4933215976 0.8575785160
216.9 -322.0 2793.7 -0.4168056250 0.8276517391 0.3758532405 -0.2955366671 0.2676310837 -0.9170777798 -0.8596110344 -0.4933215976 0.1330512911
-45.2 -485.8 2968.6 0.9258989096 0.1759117693 -0.3343146741 -0.3483705223 0.0553104468 -0.9357236624 -0.1461137086 0.9828508496 0.1124943569
-133.4 -513.5 2475.7 0.9258989096 0.2087760568 0.3148393333 -0.3483705223 0.7942211628 0.4978460968 -0.1461137086 -0.5706359148 0.8080999255
135.8 -482.5 2939.1 0.9539054036 0.1861865520 0.2353699207 0.2311304212 0.0444758348 -0.9719056487 -0.1914240420 0.9815072417 -0.0006076365
44.6 -504.3 2458.4 0.9539054036 -0.2940008938 0.0602321327 0.2311304212 0.8477284312 0.4774255753 -0.1914240420 -0.4414973855 0.8766053319
-150.1 -412.0 2623.2 0 0 0 0 0 0 0 0 0
105.2 -401.2 2563.2 0 0 0 0 0 0 0 0 0
-213.2 -817.0 2693.7 0 0 0 0 0 0 0 0 0
156.9 -828.1 2627.0 0 0 0 0 0 0 0 0 0
12.1 91.0 2808.9 8 0.9838714004 -0.0561160371 0.1698470414 0.0126335705 0.9689460397 0.2469492853 -0.1784304380 -0.2408205569 0.9540272951
23.6 -106.4 2858.0 0.9838714004 -0.0561160371 0.1698470414 0.0126335705 0.9689460397 0.2469492853 -0.1784304380 -0.2408205569 0.9540272951
35.1 -299.3 2904.1 0.9836839437 -0.0578625314 0.1703461111 0.0158242658 0.9710246325 0.2384549081 -0.1792078763 -0.2318686694 0.9560970068
-120.1 -108.7 2884.2 0.4138629735 -0.8499003053 -0.3261700869 0.9102267027 0.3919703364 0.1335911453 0.0143098515 -0.3521771729 0.9358239770
-221.4 -331.5 2880.7 -0.2520648837 -0.8499003053 -0.4627448320 0.2844977677 0.3919703364 -0.8748829961 0.9249455929 -0.3521771729 0.1429927796
167.3 -104.1 2831.8 0.2177386880 0.8243166208 0.5225819945 -0.9595648050 0.2786663175 -0.0397543497 -0.1783961803 -0.4927952588 0.8516616821
217.0 -323.3 2791.1 -0.4172018766 0.8243166208 0.3826809227 -0.2893840671 0.2786663175 -0.9157521129 -0.8615099788 -0.4927952588 0.1222839877
-44.6 -486.3 2969.2 0.9243180752 0.1712655723 -0.3410339355 -0.3538497686 0.0499526151 -0.9339674115 -0.1429209113 0.9839577675 0.1067743823
-130.8 -511.5 2473.9 0.9243180752 0.2144747078 0.3156527281 -0.3538497686 0.7914357185 0.4984173477 -0.1429209113 -0.5723898411 0.8074302077
135.8 -483.2 2936.5 0.9564073682 0.1864567697 0.2247640491 0.2237604111 0.0266909879 -0.9742786288 -0.1876600236 0.9821005464 -0.0161941871
43.8 -496.4 2451.5 0.9564073682 -0.2854204774 0.0618073791 0.2237604111 0.8522072434 0.4729419947 -0.1876600236 -0.4384951293 0.8789230585
-149.8 -412.3 2617.9 0 0 0 0 0 0 0 0 0
105.0 -400.9 2559.9 0 0 0 0 0 0 0 0 0
-212.7 -813.9 2692.6 0 0 0 0 0 0 0 0 0
152.8 -822.0 2619.0 0 0 0 0 0 0 0 0 0
10.7 103.3 2802.9 9 0.9842305183 -0.0618562698 0.1657231003 0.0160704423 0.9642603993 0.2644684613 -0.1761592627 -0.2576346993 0.9500485659
23.4 -94.8 2855.8 0.9842305183 -0.0618562698 0.1657231003 0.0160704423 0.9642603993 0.2644684613 -0.1761592627 -0.2576346993 0.9500485659
35.9 -287.0 2904.5 0.9840154648 -0.0631284416 0.1665184945 0.0193941649 0.9674872756 0.2521750331 -0.1770239323 -0.2449146360 0.9532467127
-120.3 -97.6 2881.7 0.3996851146 -0.8534923196 -0.3343689740 0.9165073633 0.3785771430 0.1292036176 0.0163101573 -0.3580923975 0.9335436821
-222.9 -332.8 2877.5 -0.2584397495 -0.8534923196 -0.4525038302 0.2892019451 0.3785771430 -0.8792278171 0.9217218161 -0.3580923975 0.1489922553
167.1 -92.0 2829.9 0.1999235451 0.8225849867 0.5323387384 -0.9622914195 0.2671253085 -0.0513743497 -0.1844609231 -0.5019940734 0.8449710608
215.9 -326.4 2785.0 -0.4288456440 0.8225849867 0.3734238744 -0.2883060873 0.2671253085 -0.9195235968 -0.8561372757 -0.5019940734 0.1226007193
-43.6 -493.7 2966.6 0.9241788983 0.1753408164 -0.3393360972 -0.3488189280 0.0254709851 -0.9368439317 -0.1556237638 0.9841782451 0.0847019404
-132.1 -506.6 2470.0 0.9241788983 0.2056369185 0.3218801916 -0.3488189280 0.7977304459 0.4918856919 -0.1556237638 -0.5668682456 0.8089756370
136.8 -490.8 2933.7 0.9554457068 0.1943324208 0.2221674025 0.2248490900 0.0084354710 -0.9743570685 -0.1912232637 0.9808994532 -0.0356358327
41.0 -495.0 2450.1 0.9554457068 -0.2881453931 0.0639975443 0.2248490900 0.8509811163 0.4746304154 -0.1912232637 -0.4390937984 0.8778554797
-149.4 -415.0 2615.5 0 0 0 0 0 0 0 0 0
100.8 -403.8 2555.2 0 0 0 0 0 0 0 0 0
-210.7 -811.4 2686.6 0 0 0 0 0 0 0 0 0
151.1 -820.1 2617.9 0 0 0 0 0 0 0 0 0
9.5 110.9 2810.3 0 0.9835507870 -0.0594024472 0.1705849767 0.0186390541 0.9727138877 0.2312579453 -0.1796676666 -0.2242743969 0.9578207135
21.8 -89.8 2856.6 0.9835507870 -0.0594024472 0.1705849767 0.0186390541 0.9727138877 0.2312579453 -0.1796676666 -0.2242743969 0.9578207135
34.0 -283.3 2899.6 0.9833227396 -0.0618086234 0.1710440218 0.0223017614 0.9743605256 0.2238842100 -0.1804965138 -0.2163358629 0.9594893456
-121.9 -93.1 2883.0 0.3966535330 -0.8589531779 -0.3238292336 0.9179320335 0.3679977953 0.1482512951 -0.0081724850 -0.3560576439 0.9344282746
-224.8 -331.2 2885.1 -0.2587045431 -0.8589531779 -0.4418951869 0.2881985605 0.3679977953 -0.8840357661 0.9219617844 -0.3560576439 0.1523463726
165.4 -86.6 2830.2 0.2121812850 0.8286691308 0.5179639459 -0.9652048349 0.2606061101 -0.0215416886 -0.1528354883 -0.4953705370 0.8551312089
217.2 -322.1 2792.9 -0.4199879169 0.8286691308 0.3700238764 -0.2955560088 0.2606061101 -0.9190925360 -0.8580541015 -0.4953705370 0.1354667246
-41.8 -481.0 2969.4 0.9270622134 0.1742658466 -0.3319443166 -0.3438372910 0.0422881842 -0.9380765557 -0.1494373828 0.9837901592 0.0991228744
-130.2 -502.5 2470.0 0.9270622134 0.2074259669 0.3122980595 -0.3438372910 0.8024426103 0.4877107739 -0.1494373828 -0.5595179796 0.8152350187
138.7 -477.5 2936.9 0.9540594816 0.1960705221 0.2265544087 0.2237486094 0.0366447233 -0.9739577770 -0.1992664337 0.9799048305 -0.0089092618
41.6 -495.6 2451.7 0.9540594816 -0.2907148004 0.0724945515 0.2237486094 0.8522223234 0.4729203880 -0.1992664337 -0.4349736273 0.8781177998
-151.2 -413.1 2623.0 0 0 0 0 0 0 0 0 0
104.4 -401.4 2562.6 0 0 0 0 0 0 0 0 0
-209.5 -809.1 2683.8 0 0 0 0 0 0 0 0 0
152.7 -821.3 2617.9 0 0 0 0 0 0 0 0 0
8.4 109.3 2806.0 1 0.9779643416 -0.0572024286 0.2007825077 0.0055667944 0.9685341716 0.2488183975 -0.2086977214 -0.2422178090 0.9475103021
20.2 -90.3 2856.0 0.9779643416 -0.0572024286 0.2007825077 0.0055667944 0.9685341716 0.2488183975 -0.2086977214 -0.2422178090 0.9475103021
31.3 -283.3 2901.8 0.9779094458 -0.0557738543 0.2014508545 0.0065100174 0.9714043140 0.2373420447 -0.2089277059 -0.2307875752 0.9503085613
-122.6 -91.3 2886.4 0.4072391093 -0.8681209683 -0.2837644517 0.9110270143 0.3641023934 0.1935438961 -0.0647001937 -0.3373357356 0.9391583800
-228.8 -328.9 2903.3 -0.2532221973 -0.8681209683 -0.4269010127 0.2596513033 0.3641023934 -0.8944331408 0.9319118857 -0.3373357356 0.1332099587
163.0 -89.4 2825.5 0.2381337732 0.8232340217 0.5153426528 -0.9646431208 0.2621801198 0.0269306432 -0.1129423827 -0.5035348535 0.8565609455
219.0 -316.2 2798.9 -0.4212654531 0.8232340217 0.3805537820 -0.3124494553 0.2621801198 -0.9130371809 -0.8514168859 -0.5035348535 0.1467715949
-43.9 -478.9 2959.1 0.9281235933 0.1779440045 -0.3269900680 -0.3429677784 0.0671253279 -0.9369457364 -0.1447745711 0.9817485213 0.1233296618
-131.5 -512.0 2475.6 0.9281235933 0.2070775628 0.3093629777 -0.3429677784 0.7988082767 0.4942453802 -0.1447745711 -0.5648223162 0.8124137521
136.5 -474.8 2926.0 0.9548694491 0.1893429160 0.2288528830 0.2223082930 0.0554033965 -0.9734010100 -0.1969857961 0.9803467393 0.0108105093
44.9 -501.6 2451.8 0.9548694491 -0.2890850306 0.0682218373 0.2223082930 0.8478877544 0.4813162982 -0.1969857961 -0.4444279373 0.8738880754
-156.9 -402.7 2638.5 0 0 0 0 0 0 0 0 0
105.9 -400.0 2570.4 0 0 0 0 0 0 0 0 0
-210.7 -817.2 2691.5 0 0 0 0 0 0 0 0 0
155.3 -825.6 2621.6 0 0 0 0 0 0 0 0 0
9.1 108.6 2803.4 2 0.9781658053 -0.0443513468 0.2030384690 -0.0090400688 0.9669587612 0.2547724545 -0.2076293230 -0.2510451972 0.9454450607
18.2 -89.8 2854.9 0.9781658053 -0.0443513468 0.2030384690 -0.0090400688 0.9669587612 0.2547724545 -0.2076293230 -0.2510451972 0.9454450607
26.7 -282.4 2902.9 0.9781515002 -0.0426050499 0.2034808993 -0.0087212259 0.9695041776 0.2449195683 -0.2077104002 -0.2413430363 0.9479503632
-124.7 -88.5 2885.2 0.4149662554 -0.8734878898 -0.2546014786 0.9004046917 0.3540689945 0.2527973950 -0.1306689829 -0.3341467679 0.9334192872
-235.0 -327.9 2920.0 -0.2605751753 -0.8734878898 -0.4112413824 0.2397513390 0.3540689945 -0.9039659500 0.9352111220 -0.3341467679 0.1171582937
161.0 -91.1 2824.6 0.2548063695 0.8130098581 0.5235347748 -0.9602175951 0.2767046094 0.0376402587 -0.1142625734 -0.5122982264 0.8511724472
220.1 -313.6 2798.1 -0.4249882400 0.8130098581 0.3979948461 -0.3194112778 0.2767046094 -0.9063172936 -0.8469719291 -0.5122982264 0.1420883089
-47.2 -476.8 2966.8 0.9309359193 0.1713228971 -0.3225008249 -0.3377150595 0.0678711012 -0.9387981892 -0.1389491409 0.9828743339 0.1210419759
-132.7 -510.7 2476.3 0.9309359193 0.2063986957 0.3012605309 -0.3377150595 0.8004734516 0.4951674342 -0.1389491409 -0.5627093315 0.8148934245
132.1 -475.7 2928.5 0.9580039978 0.1809689552 0.2224377692 0.2202363312 0.0324304849 -0.9749072790 -0.1836417168 0.9829539657 -0.0087874029
44.6 -491.3 2453.3 0.9580039978 -0.2796931863 0.0632459372 0.2202363312 0.8589047790 0.4623619318 -0.1836417168 -0.4290155470 0.8844327927
-161.0 -396.1 2654.2 0 0 0 0 0 0 0 0 0
106.0 -399.4 2570.7 0 0 0 0 0 0 0 0 0
-211.6 -816.6 2691.3 0 0 0 0 0 0 0 0 0
151.4 -819.5 2617.2 0 0 0 0 0 0 0 0 0
9.8 104.2 2801.1 3 0.9839352369 -0.0382404663 0.1743821651 -0.0075046783 0.9670664072 0.2544135749 -0.1783680171 -0.2516351640 0.9512436986
17.6 -95.0 2852.9 0.9839352369 -0.0382404663 0.1743821651 -0.0075046783 0.9670664072 0.2544135749 -0.1783680171 -0.2516351640 0.9512436986
25.2 -287.9 2899.7 0.9838354588 -0.0379621610 0.1750046313 -0.0049676946 0.9711098075 0.2385812402 -0.1790057868 -0.2355940491 0.9552237391
-126.0 -94.2 2879.0 0.3753463626 -0.8988733292 -0.2261456400 0.9235933423 0.3421677053 0.1729062051 -0.0780410469 -0.2737663388 0.9586248398
-222.9 -332.7 2899.2 -0.1877566129 -0.8988733292 -0.3959472179 0.2637631297 0.3421677053 -0.9018593431 0.9461376667 -0.2737663388 0.1728453934
161.3 -95.7 2826.8 0.2633944154 0.8073083758 0.5280876160 -0.9566541314 0.2890906632 0.0352063365 -0.1242428347 -0.5144703388 0.8484597802
