15.7 83.8 2798.2 11 0.9681388140 -0.0614570230 0.2427556813 -0.0113330521 0.9576699734 0.2876452208 -0.2501576543 -0.2812316716 0.9264609814
28.1 -109.4 2855.0 0.9681388140 -0.0614570230 0.2427556813 -0.0113330521 0.9576699734 0.2876452208 -0.2501576543 -0.2812316716 0.9264609814
40.5 -299.7 2910.9 0.9681181312 -0.0619074814 0.2427236140 -0.0110122878 0.9575240612 0.2881429493 -0.2502519190 -0.2816293538 0.9263146520
-113.3 -107.8 2891.5 0.4499461055 -0.7731345892 -0.4470026493 0.8868910074 0.4455477595 0.1221128553 0.1047513559 -0.4513868392 0.8861585855
-223.4 -324.9 2865.9 -0.3605258465 -0.7731345892 -0.5218083858 0.2768032849 0.4455477595 -0.8513913155 0.8907306194 -0.4513868392 0.0533747189
169.6 -111.0 2818.4 0.0786367878 0.3449161947 0.9353336692 -0.9102568626 0.4074289501 -0.0737161189 -0.4065079093 -0.8455970883 0.3460012376
190.0 -347.9 2712.6 -0.8921124339 0.3449161947 0.2918360233 -0.1378021091 0.4074289501 -0.9027802944 -0.4302859902 -0.8455970883 -0.3159422278
-38.5 -487.8 2993.6 0.9263542295 0.1998022348 -0.3192911744 -0.3399316669 0.0784024969 -0.9371763468 -0.1622167081 0.9766944647 0.1405475885
-142.6 -528.6 2484.8 0.9263542295 0.1895637810 0.3254740536 -0.3399316669 0.7929243445 0.5056851506 -0.1622167081 -0.5790825486 0.7989675403
138.7 -491.4 2946.2 0.9717537165 0.1506645381 0.1816449761 0.1854929924 -0.0117724501 -0.9825750589 -0.1459008157 0.9885148406 -0.0393871367
62.9 -485.5 2448.9 0.9717537165 -0.2309222519 0.0486786850 0.1854929924 0.8748912811 0.4473897815 -0.1459008157 -0.4257231355 0.8930132985
-128.8 -397.5 2632.1 0 0 0 0 0 0 0 0 0
-55.5 -385.9 2594.2 0 0 0 0 0 0 0 0 0
-215.0 -831.6 2706.1 0 0 0 0 0 0 0 0 0
151.3 -820.4 2611.9 0 0 0 0 0 0 0 0 0
14.2 84.0 2800.5 12 0.9689084291 -0.0520861559 0.2418749779 -0.0203029085 0.9575555325 0.2875330150 -0.2465852052 -0.2835039198 0.9267261028
24.7 -109.3 2857.7 0.9689084291 -0.0520861559 0.2418749779 -0.0203029085 0.9575555325 0.2875330150 -0.2465852052 -0.2835039198 0.9267261028
35.2 -299.5 2914.4 0.9688978195 -0.0527698360 0.2417692542 -0.0201092679 0.9569777846 0.2894635499 -0.2466427386 -0.2853224277 0.9261525273
-116.8 -106.4 2893.7 0.4477447569 -0.7774850130 -0.4416352510 0.8896113634 0.4371020496 0.1324136704 0.0900900289 -0.4521712661 0.8873696923
-226.9 -325.1 2871.6 -0.3725830615 -0.7774850130 -0.5066546202 0.2590935826 0.4371020496 -0.8612852693 0.8910961747 -0.4521712661 0.0385845564
166.2 -112.3 2821.7 0.1034060270 0.3358385265 0.9362263083 -0.9050296545 0.4222196639 -0.0514962189 -0.4125875533 -0.8419875503 0.3476038873
193.0 -346.2 2715.0 -0.8910993338 0.3358385265 0.3052120805 -0.1472353041 0.4222196639 -0.8944564462 -0.4292594790 -0.8419875503 -0.3267923892
-36.0 -489.0 2989.8 0.9249297976 0.2121822089 -0.3154101670 -0.3384659290 0.0819626972 -0.9374022484 -0.1730481982 0.9737868309 0.1476261914
-146.5 -531.6 2482.6 0.9249297976 0.1772927493 0.3362620175 -0.3384659290 0.7867715359 0.5161699057 -0.1730481982 -0.5912342072 0.7877159715
141.6 -491.0 2943.9 0.9704124928 0.1542510539 0.1857584119 0.1869002730 0.0071953447 -0.9823525548 -0.1528655142 0.9880054593 -0.0218471121
64.5 -494.6 2450.1 0.9704124928 -0.2360958010 0.0505801477 0.1869002730 0.8671202064 0.4617043138 -0.1528655142 -0.4385901988 0.8855906129
-129.1 -393.1 2637.7 0 0 0 0 0 0 0 0 0
-52.4 -386.7 2596.9 0 0 0 0 0 0 0 0 0
-214.3 -832.3 2708.5 0 0 0 0 0 0 0 0 0
154.8 -826.2 2617.9 0 0 0 0 0 0 0 0 0
13.4 85.1 2799.6 13 0.9694100022 -0.0478304289 0.2407416254 -0.0247038323 0.9568349719 0.2895800471 -0.2442007363 -0.2866690159 0.9263837337
23.1 -108.9 2857.8 0.9694100022 -0.0478304289 0.2407416254 -0.0247038323 0.9568349719 0.2895800471 -0.2442007363 -0.2866690159 0.9263837337
32.8 -299.0 2914.9 0.9693821073 -0.0487294123 0.2406735420 -0.0241516754 0.9564397335 0.2909291387 -0.2443665415 -0.2878341973 0.9259786606
-118.5 -105.4 2893.4 0.4465837777 -0.7817903161 -0.4351629913 0.8906362057 0.4349552095 0.1325938106 0.0856158435 -0.4467861354 0.8905346990
-229.7 -327.1 2872.1 -0.3874411285 -0.7817903161 -0.4885624647 0.2225697935 0.4349552095 -0.8725116849 0.8946239948 -0.4467861354 0.0054833763
164.7 -112.4 2822.1 0.0786470771 0.3268547952 0.9417964816 -0.9000403881 0.4294954538 -0.0738982409 -0.4286512733 -0.8418430090 0.3279610872
185.5 -350.6 2708.6 -0.8972260952 0.3268547952 0.2969028652 -0.1388214827 0.4294954538 -0.8923352957 -0.4191825092 -0.8418430090 -0.3399800360
-43.2 -487.8 2993.7 0.9288074970 0.1965609938 -0.3141344190 -0.3324213624 0.0673704445 -0.9407216907 -0.1637458056 0.9781743288 0.1279152483
-144.7 -522.6 2488.5 0.9288074970 0.1859991699 0.3205010891 -0.3324213624 0.8004052639 0.4988460839 -0.1637458056 -0.5698733926 0.8052524924
134.5 -491.5 2948.5 0.9748995304 0.1313169599 0.1797965616 0.1841762662 -0.0219043773 -0.9826491475 -0.1251001656 0.9910984039 -0.0455400348
68.2 -480.4 2448.0 0.9748995304 -0.2207416147 0.0290531665 0.1841762662 0.8728792667 0.4518416524 -0.1251001656 -0.4351493120 0.8916249275
-128.1 -385.5 2637.5 0 0 0 0 0 0 0 0 0
-61.5 -388.8 2593.2 0 0 0 0 0 0 0 0 0
-215.7 -828.3 2706.2 0 0 0 0 0 0 0 0 0
155.6 -825.7 2620.1 0 0 0 0 0 0 0 0 0
14.0 87.0 2799.7 14 0.9679796100 -0.0455514826 0.2468613088 -0.0274380259 0.9583076835 0.2844179571 -0.2495247424 -0.2820841670 0.9263724685
23.2 -107.1 2856.8 0.9679796100 -0.0455514826 0.2468613088 -0.0274380259 0.9583076835 0.2844179571 -0.2495247424 -0.2820841670 0.9263724685
32.4 -297.4 2913.3 0.9679691792 -0.0463858284 0.2467467934 -0.0272207446 0.9576023817 0.2868042290 -0.2495889813 -0.2843342721 0.9256669879
-118.2 -103.2 2893.3 0.4420460463 -0.7733475566 -0.4544544816 0.8910835385 0.4366593659 0.1236878857 0.1027880833 -0.4596326649 0.8821408153
-229.3 -327.1 2867.5 -0.3944415748 -0.7733475566 -0.4963359833 0.2361919433 0.4366593659 -0.8680679798 0.8880479932 -0.4596326649 0.0104218470
164.6 -111.1 2820.4 0.0757268444 0.3452460766 0.9354521036 -0.9068816900 0.4138514996 -0.0793256238 -0.4145250916 -0.8423372507 0.3444370329
184.5 -349.8 2711.3 -0.8874439001 0.3452460766 0.3053661287 -0.1480722129 0.4138514996 -0.8982213140 -0.4364836216 -0.8423372507 -0.3161486387
-46.4 -486.8 2994.6 0.9312648773 0.1859361380 -0.3133265078 -0.3291416168 0.0605521984 -0.9423370957 -0.1562419236 0.9806942344 0.1175894588
-142.4 -518.1 2488.1 0.9312648773 0.1900660247 0.3108386397 -0.3291416168 0.8047315478 0.4940373898 -0.1562419236 -0.5623896122 0.8119768500
131.4 -491.2 2949.7 0.9744019508 0.1264678985 0.1858674139 0.1883354038 -0.0077393209 -0.9820742607 -0.1227623746 0.9919404984 -0.0313595906
67.5 -487.3 2448.3 0.9744019508 -0.2235390693 0.0238979068 0.1883354038 0.8697206378 0.4561971128 -0.1227623746 -0.4400185347 0.8895577788
-125.8 -389.0 2634.5 0 0 0 0 0 0 0 0 0
-59.8 -390.6 2591.1 0 0 0 0 0 0 0 0 0
-215.1 -825.5 2702.9 0 0 0 0 0 0 0 0 0
154.4 -825.5 2619.4 0 0 0 0 0 0 0 0 0
13.6 85.6 2800.7 15 0.9666326642 -0.0502868481 0.2511822581 -0.0243684743 0.9580452442 0.2855792344 -0.2550048530 -0.2821711302 0.9248524308
23.8 -107.5 2857.6 0.9666326642 -0.0502868481 0.2511822581 -0.0243684743 0.9580452442 0.2855792344 -0.2550048530 -0.2821711302 0.9248524308
33.7 -297.9 2913.6 0.9666486979 -0.0498609506 0.2512054145 -0.0246754885 0.9581693411 0.2851362228 -0.2549144924 -0.2818251848 0.9249827862
-117.5 -103.9 2894.8 0.4357806742 -0.7744323015 -0.4586390853 0.8907710910 0.4440842569 0.0965195224 0.1289265752 -0.4506037831 0.8833652735
-226.6 -327.0 2862.5 -0.3965089917 -0.7744323015 -0.4929860532 0.2143053561 0.4440842569 -0.8699783683 0.8926666975 -0.4506037831 -0.0101184146
165.0 -111.1 2820.3 0.0927135050 0.3442973197 0.9342716932 -0.9073310494 0.4156492949 -0.0631348416 -0.4100665152 -0.8418402672 0.3509279490
189.1 -346.8 2713.8 -0.8858548999 0.3442973197 0.3109991848 -0.1532000899 0.4156492949 -0.8965296149 -0.4379393458 -0.8418402672 -0.3154585660
-47.1 -485.2 2992.7 0.9293836355 0.1834977716 -0.3202726543 -0.3383323550 0.0765979141 -0.9379040599 -0.1475710720 0.9800313115 0.1332720816
-141.6 -524.6 2488.5 0.9293836355 0.1996997446 0.3104287684 -0.3383323550 0.7971169949 0.5001357198 -0.1475710720 -0.5698460340 0.8083924055
130.4 -490.2 2947.0 0.9742495418 0.1233638749 0.1887304038 0.1895341128 0.0052956040 -0.9818598628 -0.1221254766 0.9923473597 -0.0182224214
68.4 -492.9 2448.2 0.9742495418 -0.2243856639 0.0221106485 0.1895341128 0.8681309819 0.4587215185 -0.1221254766 -0.4427185059 0.8883049488
-122.6 -383.2 2628.3 0 0 0 0 0 0 0 0 0
-54.8 -389.0 2593.2 0 0 0 0 0 0 0 0 0
-217.9 -829.2 2706.2 0 0 0 0 0 0 0 0 0
154.9 -827.6 2618.9 0 0 0 0 0 0 0 0 0
13.4 87.8 2798.7 16 0.9660656452 -0.0535644777 0.2526816130 -0.0228206180 0.9567357898 0.2900617421 -0.2572865486 -0.2859850228 0.9230472445
24.2 -105.5 2856.5 0.9660656452 -0.0535644777 0.2526816130 -0.0228206180 0.9567357898 0.2900617421 -0.2572865486 -0.2859850228 0.9230472445
35.0 -295.6 2913.2 0.9660251737 -0.0541672818 0.2527079284 -0.0221012682 0.9568943381 0.2895941436 -0.2575013340 -0.2853403986 0.9231868386
-116.9 -102.2 2894.2 0.4456577301 -0.7817944288 -0.4361039400 0.8894904256 0.4416647851 0.1172133237 0.1009750366 -0.4401473105 0.8922300339
-230.1 -328.1 2868.5 -0.3954164684 -0.7817944288 -0.4821237028 0.1946300715 0.4416647851 -0.8758146763 0.8976441026 -0.4401473105 -0.0224808231
165.3 -108.7 2818.9 0.1074878722 0.3462195992 0.9319754839 -0.9112615585 0.4091492891 -0.0468960032 -0.3975534141 -0.8442326784 0.3594751954
193.3 -345.6 2715.6 -0.8861317635 0.3462195992 0.3080624938 -0.1528759301 0.4091492891 -0.8995698094 -0.4374922216 -0.8442326784 -0.3096315265
-45.1 -486.0 2993.0 0.9279195666 0.1867867261 -0.3226080835 -0.3410657346 0.0760883838 -0.9369550347 -0.1504640430 0.9794494510 0.1343104541
-141.3 -525.2 2488.4 0.9279195666 0.2006287724 0.3141868114 -0.3410657346 0.7970994115 0.4983038306 -0.1504640430 -0.5695442557 0.8080717325
132.2 -490.5 2946.2 0.9723561406 0.1366030574 0.1893755645 0.1926145852 -0.0107740192 -0.9812153578 -0.1319966763 0.9905672669 -0.0367879272
64.1 -485.2 2452.1 0.9723561406 -0.2309165150 0.0346564017 0.1926145852 0.8771057725 0.4399830401 -0.1319966763 -0.4211449027 0.8973370790
-126.3 -379.1 2633.0 0 0 0 0 0 0 0 0 0
-50.7 -387.7 2595.1 0 0 0 0 0 0 0 0 0
-218.0 -829.8 2706.1 0 0 0 0 0 0 0 0 0
152.7 -821.7 2613.7 0 0 0 0 0 0 0 0 0
13.8 86.2 2798.8 17 0.9666811824 -0.0609973408 0.2486097515 -0.0146478787 0.9564226866 0.2916179597 -0.2555639148 -0.2855432034 0.9236623645
26.1 -106.1 2856.2 0.9666811824 -0.0609973408 0.2486097515 -0.0146478787 0.9564226866 0.2916179597 -0.2555639148 -0.2855432034 0.9236623645
38.2 -296.2 2912.7 0.9666684866 -0.0609845780 0.2486623675 -0.0144482423 0.9566769600 0.2907927036 -0.2556234300 -0.2846928835 0.9239083529
-115.2 -104.0 2893.5 0.4569638371 -0.7872013450 -0.4141233265 0.8863642216 0.4419651031 0.1379320771 0.0744477510 -0.4300940633 0.8997091651
-231.6 -329.9 2874.5 -0.3949808776 -0.7872013450 -0.4736076295 0.1742660999 0.4419651031 -0.8799421191 0.9020096660 -0.4300940633 -0.0373852625
167.3 -108.2 2818.8 0.1114499643 0.3466554880 0.9313479066 -0.9135155678 0.4047002196 -0.0413167551 -0.3912393451 -0.8461959958 0.3617790043
196.1 -344.8 2717.5 -0.8864649534 0.3466554880 0.3066102564 -0.1535397172 0.4047002196 -0.9014673233 -0.4365838170 -0.8461959958 -0.3055271506
-42.9 -483.7 2993.6 0.9287470579 0.1914095879 -0.3174764514 -0.3363885581 0.0752341077 -0.9387132525 -0.1557936519 0.9786226153 0.1342614591
-142.2 -522.8 2485.9 0.9287470579 0.1924325526 0.3168574572 -0.3363885581 0.7966600060 0.5021708012 -0.1557936519 -0.5729768872 0.8046277761
134.3 -487.8 2946.3 0.9734888077 0.1350851804 0.1845846623 0.1853920519 0.0066885329 -0.9826418757 -0.1339749545 0.9908114076 -0.0185325053
66.5 -491.2 2448.9 0.9734888077 -0.2257996351 0.0365243107 0.1853920519 0.8724281192 0.4522155821 -0.1339749545 -0.4334554970 0.8911604881
-128.0 -375.6 2637.8 0 0 0 0 0 0 0 0 0
-48.0 -387.1 2597.2 0 0 0 0 0 0 0 0 0
-215.7 -827.2 2704.8 0 0 0 0 0 0 0 0 0
153.0 -825.2 2614.8 0 0 0 0 0 0 0 0 0
12.9 84.7 2799.3 18 0.9625982046 -0.0656027421 0.2628707588 -0.0127619887 0.9581863284 0.2858603299 -0.2706323862 -0.2785233855 0.9215111732
26.1 -107.7 2855.2 0.9625982046 -0.0656027421 0.2628707588 -0.0127619887 0.9581863284 0.2858603299 -0.2706323862 -0.2785233855 0.9215111732
38.6 -298.1 2910.5 0.9627473950 -0.0630694330 0.2629441917 -0.0149850566 0.9584798813 0.2847661376 -0.2699867785 -0.2780981064 0.9218289256
-114.5 -105.5 2894.6 0.4675098658 -0.7813700438 -0.4133949578 0.8818574548 0.4446902871 0.1567735225 0.0613345839 -0.4378485978 0.8969541192
-234.4 -331.7 2878.9 -0.3949165642 -0.7813700438 -0.4832201898 0.1909217387 0.4446902871 -0.8750996590 0.8986600041 -0.4378485978 -0.0264350343
166.7 -109.9 2815.8 0.1220104918 0.3382958472 0.9330966473 -0.9122639894 0.4085857272 -0.0288470462 -0.3910088241 -0.8477107882 0.3584668636
198.7 -348.7 2713.4 -0.8946800828 0.3382958472 0.2917250395 -0.1396108866 0.4085857272 -0.9019792080 -0.4243305027 -0.8477107882 -0.3183237314
-38.4 -484.9 2992.8 0.9246958494 0.1988774985 -0.3246311247 -0.3460189700 0.0834222361 -0.9345114231 -0.1587718278 0.9764673710 0.1459555775
-141.2 -528.1 2487.8 0.9246958494 0.1980549842 0.3251335919 -0.3460189700 0.7933908701 0.5008012056 -0.1587718278 -0.5755911469 0.8021759987
138.9 -487.6 2945.9 0.9705067277 0.1540274024 0.1854513735 0.1877100915 -0.0001236015 -0.9822244644 -0.1512665600 0.9880665541 -0.0290324539
61.1 -487.5 2446.3 0.9705067277 -0.2357916832 0.0501889437 0.1877100915 0.8697507977 0.4563972652 -0.1512665600 -0.4335156679 0.8883594871
-130.8 -381.8 2643.0 0 0 0 0 0 0 0 0 0
-47.7 -387.1 2596.6 0 0 0 0 0 0 0 0 0
-216.9 -831.3 2707.7 0 0 0 0 0 0 0 0 0
151.3 -820.2 2612.2 0 0 0 0 0 0 0 0 0
14.3 85.8 2800.0 19 0.9626739025 -0.0626081154 0.2633233964 -0.0134305283 0.9606314301 0.2775011063 -0.2703305483 -0.2706796527 0.9239339232
27.0 -107.8 2854.6 0.9626739025 -0.0626081154 0.2633233964 -0.0134305283 0.9606314301 0.2775011063 -0.2703305483 -0.2706796527 0.9239339232
39.4 -298.7 2908.5 0.9626856446 -0.0626215190 0.2632771730 -0.0136111556 0.9604237080 0.2782104313 -0.2702795863 -0.2714127004 0.9237337708
-113.7 -105.8 2894.1 0.4643279910 -0.7784934044 -0.4223121107 0.8820509911 0.4494997859 0.1411949843 0.0799098313 -0.4380615950 0.8953862190
-234.5 -335.4 2873.3 -0.4089862406 -0.7784934044 -0.4761074185 0.1661304235 0.4494997859 -0.8776962161 0.8972908854 -0.4380615950 -0.0545077734
167.6 -109.8 2815.1 0.1205110401 0.3500295877 0.9289544225 -0.9151817560 0.4017173052 -0.0326425508 -0.3846029341 -0.8462283611 0.3687520921
198.9 -347.5 2715.2 -0.8880090714 0.3500295877 0.2981932163 -0.1452729553 0.4017173052 -0.9041675329 -0.4362747967 -0.8462283611 -0.3058787584
-37.1 -487.2 2990.5 0.9253393412 0.2053869218 -0.3186900616 -0.3378003538 0.0649408326 -0.9389747977 -0.1721571386 0.9765238762 0.1294720769
-143.3 -520.8 2485.7 0.9253393412 0.1862266809 0.3302525878 -0.3378003538 0.8004754782 0.4951060116 -0.1721571386 -0.5697004795 0.8036188483
139.4 -490.0 2941.0 0.9721347690 0.1517338455 0.1786919385 0.1811486930 -0.0024112696 -0.9834527373 -0.1487921923 0.9884184599 -0.0298304670
63.5 -488.8 2446.6 0.9721347690 -0.2290892601 0.0497200154 0.1811486930 0.8687413931 0.4609485269 -0.1487921923 -0.4390974045 0.8860329390
-127.2 -379.0 2637.8 0 0 0 0 0 0 0 0 0
-45.6 -387.5 2595.1 0 0 0 0 0 0 0 0 0
-214.5 -826.7 2703.4 0 0 0 0 0 0 0 0 0
151.1 -820.9 2614.4 0 0 0 0 0 0 0 0 0
14.2 82.4 2800.9 20 0.9642516971 -0.0653139129 0.2568126619 -0.0100201899 0.9594679475 0.2816395164 -0.2647984922 -0.2741447091 0.9245141745
27.3 -109.5 2855.7 0.9642516971 -0.0653139129 0.2568126619 -0.0100201899 0.9594679475 0.2816395164 -0.2647984922 -0.2741447091 0.9245141745
40.2 -300.1 2910.4 0.9642710090 -0.0652896613 0.2567464411 -0.0103033744 0.9591788650 0.2826123238 -0.2647174299 -0.2751602232 0.9242356420
-113.6 -108.0 2894.4 0.4760720730 -0.7789911628 -0.4080785811 0.8771466613 0.4538719654 0.1568883657 0.0630007684 -0.4326349497 0.8993653059
-235.1 -331.9 2878.3 -0.3994938433 -0.7789911628 -0.4832984805 0.1725599617 0.4538719654 -0.8741986752 0.9003486633 -0.4326349497 -0.0468963571
168.1 -111.0 2817.0 0.1135331467 0.3449864984 0.9317159057 -0.9125056863 0.4071463943 -0.0395618156 -0.3929930627 -0.8457044959 0.3610267639
197.5 -346.7 2715.5 -0.8874378800 0.3449864984 0.3056768775 -0.1519468427 0.4071463943 -0.9006353021 -0.4351622760 -0.8457044959 -0.3088975251
-36.4 -488.3 2987.2 0.9267587662 0.2046561688 -0.3150144219 -0.3310528398 0.0486153625 -0.9423590302 -0.1775450557 0.9776259065 0.1128067225
-143.4 -513.7 2476.4 0.9267587662 0.1768245548 0.3314382434 -0.3310528398 0.8014277816 0.4981139302 -0.1775450557 -0.5713550448 0.8012684584
140.1 -490.8 2937.7 0.9708161354 0.1541991085 0.1836807877 0.1852978617 0.0039446615 -0.9826744795 -0.1522520930 0.9880319238 -0.0247432254
64.0 -492.7 2449.9 0.9708161354 -0.2342864871 0.0512429476 0.1852978617 0.8684136868 0.4599156082 -0.1522520930 -0.4369982779 0.8864828348
-130.3 -377.2 2642.0 0 0 0 0 0 0 0 0 0
-46.9 -388.5 2595.7 0 0 0 0 0 0 0 0 0
-211.0 -819.9 2694.7 0 0 0 0 0 0 0 0 0
153.6 -824.7 2616.9 0 0 0 0 0 0 0 0 0
12.6 81.9 2800.8 21 0.9650912881 -0.0682656914 0.2528607249 -0.0077734008 0.9575446248 0.2881803215 -0.2617982626 -0.2800859213 0.9235873222
26.3 -110.3 2857.1 0.9650912881 -0.0682656914 0.2528607249 -0.0077734008 0.9575446248 0.2881803215 -0.2617982626 -0.2800859213 0.9235873222
40.1 -300.5 2913.0 0.9650240541 -0.0696711615 0.2527340651 -0.0068398230 0.9570208192 0.2899385393 -0.2620721161 -0.2815263271 0.9230715632
-114.7 -109.3 2895.4 0.4714082778 -0.7644342184 -0.4397892654 0.8758665919 0.4641129076 0.1321245879 0.1031113118 -0.4474813342 0.8883290291
-234.6 -332.1 2869.1 -0.4147869051 -0.7644342184 -0.4935505986 0.1773047745 0.4641129076 -0.8678491712 0.8924767971 -0.4474813342 -0.0569701083
167.2 -111.3 2818.8 0.0791984200 0.3293853402 0.9408681989 -0.9064405560 0.4165697694 -0.0695350394 -0.4148410559 -0.8473340273 0.3315598965
188.1 -349.9 2709.6 -0.8973906040 0.3293853402 0.2935906053 -0.1409263462 0.4165697694 -0.8981143832 -0.4181266725 -0.8473340273 -0.3274067044
-35.2 -489.7 2989.3 0.9276073575 0.2088306546 -0.3097326458 -0.3233881891 0.0338821225 -0.9456595778 -0.1869883090 0.9773647189 0.0989626721
-145.1 -507.6 2475.1 0.9276073575 0.1665084064 0.3343942165 -0.3233881891 0.8060261011 0.4957236946 -0.1869883090 -0.5679761171 0.8015226126
141.6 -491.6 2940.8 0.9704796672 0.1535210162 0.1860121489 0.1869815141 0.0082293116 -0.9823289514 -0.1523388922 0.9881111383 -0.0207192115
65.2 -495.7 2448.8 0.9704796672 -0.2364083678 0.0477525592 0.1869815141 0.8625463247 0.4701614380 -0.1523388922 -0.4473532736 0.8812876344
-125.7 -378.6 2634.9 0 0 0 0 0 0 0 0 0
-59.0 -388.7 2594.5 0 0 0 0 0 0 0 0 0
-208.7 -815.5 2692.1 0 0 0 0 0 0 0 0 0
155.5 -825.3 2619.7 0 0 0 0 0 0 0 0 0
13.3 82.4 2809.8 22 0.9663017392 -0.0608893260 0.2501068115 -0.0052293479 0.9667767286 0.2555688620 -0.2573588490 -0.2482645363 0.9338796139
25.6 -111.8 2859.7 0.9663017392 -0.0608893260 0.2501068115 -0.0052293479 0.9667767286 0.2555688620 -0.2573588490 -0.2482645363 0.9338796139
38.1 -303.6 2909.8 0.9662391543 -0.0630891323 0.2498032451 -0.0042537390 0.9655183554 0.2603002489 -0.2576117218 -0.2525748909 0.9326532483
-115.6 -111.2 2897.3 0.4618890584 -0.7545378208 -0.4661879539 0.8771220446 0.4665721357 0.1138741449 0.1315879673 -0.4615009427 0.8773263097
-230.6 -329.5 2864.5 -0.4082700312 -0.7545378208 -0.5137978792 0.2168427408 0.4665721357 -0.8574903011 0.8867326379 -0.4615009427 -0.0268713720
166.7 -112.4 2822.0 0.0785499066 0.3274016976 0.9416145682 -0.9002538919 0.4290179908 -0.0740710422 -0.4282205999 -0.8418738842 0.3284439743
187.5 -349.9 2709.1 -0.8953035474 0.3274016976 0.3020591140 -0.1439729780 0.4290179908 -0.8917484879 -0.4215487540 -0.8418738842 -0.3369643390
-34.6 -490.0 2993.0 0.9274458885 0.2040443271 -0.3133848310 -0.3275196254 0.0387459286 -0.9440495968 -0.1804855764 0.9781945944 0.1027632728
-142.3 -510.5 2476.6 0.9274458885 0.1737677455 0.3311327994 -0.3275196254 0.8048088551 0.4949884415 -0.1804855764 -0.5675274730 0.8033290505
142.5 -491.3 2944.9 0.9730721116 0.1489603221 0.1759019196 0.1783788651 -0.0033277890 -0.9839562774 -0.1459850818 0.9888375998 -0.0298095532
67.1 -489.6 2444.5 0.9730721116 -0.2256160975 0.0472021215 0.1783788651 0.8667731285 0.4657094479 -0.1459850818 -0.4447489977 0.8836778998
-123.5 -386.4 2632.0 0 0 0 0 0 0 0 0 0
-59.1 -389.5 2593.0 0 0 0 0 0 0 0 0 0
-208.7 -818.0 2693.4 0 0 0 0 0 0 0 0 0
153.3 -820.8 2614.4 0 0 0 0 0 0 0 0 0
15.3 79.6 2803.3 23 0.9682433009 -0.0554780997 0.2437766641 -0.0149137517 0.9605153799 0.2778268754 -0.2495645434 -0.2726396322 0.9291852117
26.5 -113.6 2858.1 0.9682433009 -0.0554780997 0.2437766641 -0.0149137517 0.9605153799 0.2778268754 -0.2495645434 -0.2726396322 0.9291852117
38.0 -304.1 2912.9 0.9681405425 -0.0582082532 0.2435480356 -0.0131784799 0.9594156146 0.2816878557 -0.2500603497 -0.2759230435 0.9280820489
-115.0 -111.7 2894.6 0.4556516111 -0.7534121275 -0.4740799069 0.8785879612 0.4662313163 0.1034966186 0.1430552900 -0.4636792839 0.8743779063
-228.1 -329.8 2859.1 -0.4000612795 -0.7534121275 -0.5218439698 0.2346160412 0.4662313163 -0.8529851437 0.8859493732 -0.4636792839 -0.0097585227
167.9 -115.5 2821.6 0.0588160306 0.3240665495 0.9442042112 -0.8967275023 0.4327713549 -0.0926756784 -0.4386576116 -0.8412430286 0.3160532713
183.3 -350.9 2706.5 -0.8981471062 0.3240665495 0.2971744835 -0.1385882050 0.4327713549 -0.8907874227 -0.4172830284 -0.8412430286 -0.3437805176
-38.0 -495.0 2983.6 0.9266092777 0.2009501606 -0.3178274035 -0.3276075721 0.0165337622 -0.9446691871 -0.1845765412 0.9794619083 0.0811531320
-141.9 -503.5 2477.1 0.9266092777 0.1755350381 0.3325397074 -0.3276075721 0.8109552264 0.4847936630 -0.1845765412 -0.5581568480 0.8089452386
139.3 -495.8 2936.4 0.9715039730 0.1492048353 0.1841681898 0.1871023476 -0.0057498929 -0.9823235869 -0.1455084831 0.9887896180 -0.0335026197
65.4 -492.9 2446.9 0.9715039730 -0.2330595106 0.0431656465 0.1871023476 0.8658658862 0.4639708996 -0.1455084831 -0.4426731765 0.8847981095
-123.1 -391.3 2626.7 0 0 0 0 0 0 0 0 0
-64.0 -389.0 2591.6 0 0 0 0 0 0 0 0 0
-209.0 -813.4 2690.3 0 0 0 0 0 0 0 0 0
154.5 -823.8 2616.1 0 0 0 0 0 0 0 0 0
15.1 81.2 2800.5 24 0.9658461809 -0.0547576845 0.2532641888 -0.0198238920 0.9589357972 0.2829295993 -0.2583566606 -0.2782871425 0.9250989556
26.1 -112.3 2856.7 0.9658461809 -0.0547576845 0.2532641888 -0.0198238920 0.9589357972 0.2829295993 -0.2583566606 -0.2782871425 0.9250989556
37.5 -302.6 2912.6 0.9657678008 -0.0570881180 0.2530485094 -0.0184801705 0.9578643441 0.2866257727 -0.2587490976 -0.2814903259 0.9240195155
-115.0 -109.6 2894.4 0.4465366602 -0.7568531632 -0.4772612751 0.8824899793 0.4605792165 0.0952797011 0.1477038711 -0.4637241662 0.8735808134
-225.4 -327.8 2857.9 -0.3927628100 -0.7568531632 -0.5224085450 0.2465977222 0.4605792165 -0.8526759744 0.8859610558 -0.4637241662 0.0057398747
167.2 -115.0 2818.9 0.0399885550 0.3238126636 0.9452757835 -0.8983164430 0.4258952737 -0.1078922227 -0.4375253618 -0.8448423147 0.3079171777
177.8 -354.0 2702.4 -0.9008902907 0.3238126636 0.2890363932 -0.1339985132 0.4258952737 -0.8947947025 -0.4128451049 -0.8448423147 -0.3402945101
-39.2 -493.5 2990.6 0.9290652275 0.1932609081 -0.3154171705 -0.3256534338 0.0228546001 -0.9452129602 -0.1754639745 0.9808811545 0.0841694996
-140.6 -505.5 2476.2 0.9290652275 0.1762067378 0.3252521455 -0.3256534338 0.8066629767 0.4931984246 -0.1754639745 -0.5641329885 0.8068248630
138.4 -495.9 2944.8 0.9705848694 0.1453836858 0.1919077784 0.1941253692 -0.0010881692 -0.9809761047 -0.1424091011 0.9893747568 -0.0292788241
65.3 -495.3 2447.8 0.9705848694 -0.2380415499 0.0360726155 0.1941253692 0.8623771667 0.4675692320 -0.1424091011 -0.4468130171 0.8832201362
-122.3 -392.5 2625.4 0 0 0 0 0 0 0 0 0
-70.2 -390.9 2588.8 0 0 0 0 0 0 0 0 0
-207.9 -813.7 2691.8 0 0 0 0 0 0 0 0 0
156.3 -824.9 2618.5 0 0 0 0 0 0 0 0 0
14.0 80.7 2799.6 25 0.9634026885 -0.0576168410 0.2617928684 -0.0206600968 0.9577619433 0.2868191600 -0.2672608495 -0.2817310393 0.9215200543
25.5 -112.0 2856.3 0.9634026885 -0.0576168410 0.2617928684 -0.0206600968 0.9577619433 0.2868191600 -0.2672608495 -0.2817310393 0.9215200543
37.5 -302.1 2912.8 0.9632929564 -0.0602198988 0.2616107762 -0.0188770741 0.9569077492 0.2897779644 -0.2677877843 -0.2840795219 0.9206457138
-115.2 -109.2 2895.4 0.4462006092 -0.7536404729 -0.4826293588 0.8817589879 0.4624157548 0.0931277275 0.1529905945 -0.4671164155 0.8708594441
-224.6 -325.5 2857.9 -0.3898589015 -0.7536404729 -0.5291844010 0.2576852739 0.4624157548 -0.8483926058 0.8840861320 -0.4671164155 0.0139251575
166.3 -114.8 2817.2 0.0385333747 0.3278634846 0.9439389110 -0.9001079798 0.4216289520 -0.1097025797 -0.4339594543 -0.8454197645 0.3113593161
176.5 -353.6 2702.1 -0.8987312317 0.3278634846 0.2911832333 -0.1366203129 0.4216289520 -0.8964172602 -0.4166737497 -0.8454197645 -0.3341383040
-39.8 -491.2 2992.2 0.9285001159 0.1911131293 -0.3183761239 -0.3311367035 0.0381549597 -0.9428110719 -0.1680359393 0.9808261395 0.0987114534
-140.0 -511.2 2477.9 0.9285001159 0.1831640601 0.3230147362 -0.3311367035 0.8020575643 0.4970433712 -0.1680359393 -0.5684668422 0.8053628802
137.4 -494.6 2944.8 0.9703248143 0.1459565163 0.1927860379 0.1954814792 -0.0042176791 -0.9806983471 -0.1423262060 0.9892820120 -0.0326243155
64.3 -492.5 2449.5 0.9703248143 -0.2388827801 0.0374803804 0.1954814792 0.8661888242 0.4598955214 -0.1423262060 -0.4389213026 0.8871816993
-122.2 -393.1 2625.9 0 0 0 0 0 0 0 0 0
-71.0 -391.2 2587.3 0 0 0 0 0 0 0 0 0
-210.0 -817.7 2695.1 0 0 0 0 0 0 0 0 0
155.6 -823.4 2617.2 0 0 0 0 0 0 0 0 0
15.4 80.1 2810.2 26 0.9616053700 -0.0512151420 0.2696148455 -0.0182396490 0.9683330655 0.2489946783 -0.2738292515 -0.2443522960 0.9302201271
25.7 -113.8 2859.1 0.9616053700 -0.0512151420 0.2696148455 -0.0182396490 0.9683330655 0.2489946783 -0.2738292515 -0.2443522960 0.9302201271
36.5 -305.7 2908.8 0.9615294933 -0.0544431992 0.2692527175 -0.0168499853 0.9666287899 0.2556264699 -0.2741845250 -0.2503292859 0.9285246730
-114.8 -111.3 2899.2 0.4575648606 -0.7560114861 -0.4680609107 0.8783473372 0.4662044048 0.1056379601 0.1383485496 -0.4594562948 0.8773594499
-226.6 -326.0 2865.4 -0.3867437840 -0.7560114861 -0.5280870199 0.2481587529 0.4662044048 -0.8491588235 0.8881703019 -0.4594562948 0.0073092156
166.1 -116.2 2819.1 0.0505666994 0.3187504709 0.9464888573 -0.8984486461 0.4283945858 -0.0962709561 -0.4361571074 -0.8455035090 0.3080434203
179.4 -352.2 2704.5 -0.8999481201 0.3187504709 0.2974751592 -0.1431742758 0.4283945858 -0.8921766877 -0.4118184745 -0.8455035090 -0.3398960233
-38.9 -490.5 2993.8 0.9274723530 0.1944248229 -0.3193649650 -0.3343872130 0.0491924025 -0.9411510825 -0.1672727913 0.9796831608 0.1106377617
-140.5 -516.3 2481.4 0.9274723530 0.1857751310 0.3244727850 -0.3343872130 0.8003922105 0.4975515306 -0.1672727913 -0.5699648261 0.8044624925
137.8 -494.0 2944.7 0.9678691030 0.1525470167 0.1998971254 0.2024109662 -0.0009703448 -0.9793002009 -0.1491953433 0.9882957339 -0.0318163559
61.4 -493.5 2449.5 0.9678691030 -0.2483448833 0.0394242071 0.2024109662 0.8624855876 0.4638409615 -0.1491953433 -0.4409574568 0.8850408196
-125.1 -391.1 2632.2 0 0 0 0 0 0 0 0 0
-68.4 -391.7 2591.1 0 0 0 0 0 0 0 0 0
-211.5 -822.1 2699.2 0 0 0 0 0 0 0 0 0
156.3 -823.1 2618.0 0 0 0 0 0 0 0 0 0
14.4 82.3 2804.5 27 0.9605378509 -0.0542906225 0.2727994025 -0.0208277740 0.9639742970 0.2651788294 -0.2773683369 -0.2603961229 0.9248030186
25.3 -111.9 2856.9 0.9605378509 -0.0542906225 0.2727994025 -0.0208277740 0.9639742970 0.2651788294 -0.2773683369 -0.2603961229 0.9248030186
36.9 -303.1 2909.6 0.9603949785 -0.0582557805 0.2724844813 -0.0183813684 0.9625249505 0.2705695927 -0.2780353427 -0.2648622990 0.9233332872
-115.0 -109.2 2897.6 0.4573163688 -0.7652574778 -0.4530372918 0.8819342852 0.4557137489 0.1204859838 0.1142525226 -0.4546493292 0.8833121657
-227.2 -325.7 2869.5 -0.3828900456 -0.7652574778 -0.5174710155 0.2455213964 0.4557137489 -0.8555958271 0.8905697465 -0.4546493292 0.0133988187
165.6 -114.6 2816.3 0.0475938581 0.3416992724 0.9386034608 -0.9070633054 0.4082897007 -0.1026436165 -0.4182953835 -0.8464875221 0.3293749392
178.1 -353.4 2706.2 -0.8940467834 0.3416992724 0.2896928191 -0.1364188790 0.4082897007 -0.9026014805 -0.4266968369 -0.8464875221 -0.3184158802
-40.9 -496.2 2983.7 0.9248387218 0.1957362443 -0.3261298537 -0.3413229287 0.0487198681 -0.9386826158 -0.1678452045 0.9794456363 0.1118672937
-141.4 -521.2 2480.9 0.9248387218 0.1876580715 0.3308440745 -0.3413229287 0.7932929993 0.5041674972 -0.1678452045 -0.5791983008 0.7977200747
135.4 -499.2 2933.4 0.9689440131 0.1517588496 0.1952350587 0.2014694214 -0.0266998280 -0.9791308045 -0.1433790326 0.9880568385 -0.0564454086
61.2 -486.2 2450.1 0.9689440131 -0.2442969680 0.0382944942 0.2014694214 0.8697083592 0.4505745173 -0.1433790326 -0.4288663268 0.8919171095
-126.7 -390.1 2635.7 0 0 0 0 0 0 0 0 0
-68.0 -390.9 2588.7 0 0 0 0 0 0 0 0 0
-213.1 -824.3 2702.2 0 0 0 0 0 0 0 0 0
154.5 -818.5 2613.9 0 0 0 0 0 0 0 0 0
13.2 84.5 2803.1 28 0.9614737630 -0.0570292957 0.2689161599 -0.0186119322 0.9624946117 0.2706615925 -0.2742660046 -0.2652390599 0.9243518710
24.7 -109.9 2856.7 0.9614737630 -0.0570292957 0.2689161599 -0.0186119322 0.9624946117 0.2706615925 -0.2742660046 -0.2652390599 0.9243518710
36.6 -300.9 2910.3 0.9614003301 -0.0596088022 0.2686190307 -0.0174012687 0.9611258507 0.2755618095 -0.2746026218 -0.2695995271 0.9229894280
-115.7 -107.4 2896.8 0.4443078935 -0.7616398931 -0.4716939330 0.8854343295 0.4534788430 0.1017988324 0.1363691539 -0.4628840089 0.8758663535
-223.9 -323.0 2863.6 -0.3936196268 -0.7616398931 -0.5147506595 0.2436708361 0.4534788430 -0.8573105931 0.8863905072 -0.4628840089 0.0070912470
165.2 -112.5 2816.6 0.0754270107 0.3487362564 0.9341807961 -0.9118536115 0.4032465219 -0.0769104809 -0.4035266340 -0.8460350037 0.3484120965
184.8 -350.1 2711.4 -0.8898022771 0.3487362564 0.2943380475 -0.1410436481 0.4032465219 -0.9041564465 -0.4340029359 -0.8460350037 -0.3096226752
-39.6 -492.6 2987.7 0.9252186418 0.2013051361 -0.3216313422 -0.3366015255 0.0442155339 -0.9406085014 -0.1751282215 0.9785301089 0.1086686477
-143.4 -515.4 2483.2 0.9252186418 0.1844967604 0.3315590620 -0.3366015255 0.8024088144 0.4927875102 -0.1751282215 -0.5675394535 0.8045054674
136.5 -495.9 2936.7 0.9748873115 0.1404221952 0.1728478074 0.1802055389 -0.0413937345 -0.9827576280 -0.1308461577 0.9892260432 -0.0656590834
66.9 -475.4 2446.1 0.9748873115 -0.2194793969 0.0377299450 0.1802055389 0.8770076632 0.4454026818 -0.1308461577 -0.4274182618 0.8945350051
-120.5 -386.9 2630.9 0 0 0 0 0 0 0 0 0
-60.2 -388.9 2591.9 0 0 0 0 0 0 0 0 0
-213.9 -822.0 2700.1 0 0 0 0 0 0 0 0 0
151.8 -814.6 2611.4 0 0 0 0 0 0 0 0 0
13.2 85.1 2799.9 29 0.9639933705 -0.0587115213 0.2593641877 -0.0184226781 0.9582356811 0.2853856385 -0.2652874589 -0.2798880339 0.9226512313
25.1 -109.3 2856.7 0.9639933705 -0.0587115213 0.2593641877 -0.0184226781 0.9582356811 0.2853856385 -0.2652874589 -0.2798880339 0.9226512313
36.8 -299.5 2913.1 0.9640272856 -0.0591621585 0.2591354847 -0.0189743694 0.9571103454 0.2891017497 -0.2651251256 -0.2836188972 0.9215579033
-115.7 -106.5 2895.5 0.4398472607 -0.7575677633 -0.4823126197 0.8869414926 0.4507276416 0.1008931622 0.1409582198 -0.4721606672 0.8701695800
-222.6 -322.0 2861.2 -0.4021247625 -0.7575677633 -0.5141855478 0.2475291640 0.4507276416 -0.8576560616 0.8814902306 -0.4721606672 0.0062713674
165.9 -112.1 2818.0 0.1032690108 0.3328987658 0.9372907281 -0.9067144990 0.4189026058 -0.0488820113 -0.4089062810 -0.8448070884 0.3451038003
193.1 -350.9 2710.3 -0.8958151340 0.3328987658 0.2944378257 -0.1392519176 0.4189026058 -0.8972901106 -0.4220475554 -0.8448070884 -0.3289025128
-39.8 -490.2 2989.0 0.9249779582 0.1985352039 -0.3240363300 -0.3410213888 0.0573864467 -0.9383022785 -0.1676907539 0.9784122705 0.1207859516
-142.3 -519.9 2483.6 0.9249779582 0.1909641474 0.3285551369 -0.3410213888 0.7986168265 0.4958988130 -0.1676907539 -0.5707398057 0.8038257957
136.6 -493.4 2938.6 0.9737985134 0.1449017227 0.1752709448 0.1814704984 -0.0306312274 -0.9829192162 -0.1370579153 0.9889717698 -0.0561240315
64.3 -478.1 2445.5 0.9737985134 -0.2235687971 0.0416342318 0.1814704984 0.8742759824 0.4502332807 -0.1370579153 -0.4308811426 0.8919397593
-117.0 -387.0 2629.8 0 0 0 0 0 0 0 0 0
-53.5 -389.3 2594.1 0 0 0 0 0 0 0 0 0
-215.3 -825.0 2701.6 0 0 0 0 0 0 0 0 0
150.3 -814.2 2611.1 0 0 0 0 0 0 0 0 0
13.5 85.1 2809.9 30 0.9626362920 -0.0531156063 0.2655374706 -0.0155358445 0.9681273699 0.2499761432 -0.2703517377 -0.2447614521 0.9311292768
24.2 -109.9 2859.2 0.9626362920 -0.0531156063 0.2655374706 -0.0155358445 0.9681273699 0.2499761432 -0.2703517377 -0.2447614521 0.9311292768
34.9 -302.0 2908.3 0.9626431465 -0.0537470169 0.2653854191 -0.0156605430 0.9674100280 0.2527302206 -0.2703200281 -0.2474451065 0.9304289222
-116.4 -107.6 2898.6 0.4332890213 -0.7619916201 -0.4812788963 0.8860229850 0.4579085112 0.0726846755 0.1649965793 -0.4579176307 0.8735488653
-221.9 -323.3 2858.5 -0.4038545787 -0.7619916201 -0.5062314272 0.2167504281 0.4579085112 -0.8621711135 0.8887748718 -0.4579176307 -0.0197664257
164.9 -112.2 2819.7 0.0793989226 0.3175080121 0.9449256659 -0.9013178349 0.4277862906 -0.0680073723 -0.4258191288 -0.8462786674 0.3201414049
186.0 -352.5 2706.1 -0.9039950967 0.3175080121 0.2863241136 -0.1329246312 0.4277862906 -0.8940525055 -0.4063543677 -0.8462786674 -0.3445120752
-39.8 -487.9 2993.7 0.9261805415 0.2004149258 -0.3194110990 -0.3392812610 0.0732636675 -0.9378276467 -0.1645534188 0.9769679308 0.1358524114
-144.1 -526.0 2485.5 0.9261805415 0.1890731603 0.3262528777 -0.3392812610 0.7954137921 0.5022003055 -0.1645534188 -0.5758196712 0.8008457422
137.0 -491.4 2945.1 0.9738921523 0.1422270536 0.1769336611 0.1817224473 -0.0213127192 -0.9831188917 -0.1360551566 0.9896045923 -0.0466021374
65.4 -480.6 2446.8 0.9738921523 -0.2234067172 0.0402926244 0.1817224473 0.8735991716 0.4514437318 -0.1360551566 -0.4323354363 0.8913894296
-115.9 -380.2 2625.3 0 0 0 0 0 0 0 0 0
-62.9 -389.1 2594.3 0 0 0 0 0 0 0 0 0
-216.3 -829.9 2705.6 0 0 0 0 0 0 0 0 0
151.0 -815.5 2612.5 0 0 0 0 0 0 0 0 0
14.4 84.6 2803.8 31 0.9649259448 -0.0523691587 0.2572458088 -0.0194266383 0.9629701972 0.2689070106 -0.2618024945 -0.2644727826 0.9281775951
25.0 -109.9 2857.2 0.9649259448 -0.0523691587 0.2572458088 -0.0194266383 0.9629701972 0.2689070106 -0.2618024945 -0.2644727826 0.9281775951
35.9 -301.1 2910.1 0.9648029804 -0.0551928915 0.2571165264 -0.0172262192 0.9623628259 0.2712213993 -0.2624088824 -0.2661043406 0.9275397658
-116.0 -107.4 2895.6 0.4493520260 -0.7651548982 -0.4611082077 0.8855467439 0.4495973289 0.1169153601 0.1178546622 -0.4608690441 0.8796078563
-226.5 -325.2 2866.6 -0.3951774240 -0.7651548982 -0.5083038807 0.2371697873 0.4495973289 -0.8611693978 0.8874599934 -0.4608690441 0.0038009060
165.9 -112.4 2818.9 0.0599815287 0.3095831573 0.9489786625 -0.9010041356 0.4259864092 -0.0820193514 -0.4296438098 -0.8501140475 0.3044870198
181.9 -352.2 2704.6 -0.9013853669 0.3095831573 0.3027584553 -0.1531879008 0.4259864092 -0.8916664720 -0.4050159156 -0.8501140475 -0.3365535140
-42.8 -492.7 2982.2 0.9236040115 0.1943145245 -0.3304504454 -0.3490708768 0.0700147450 -0.9344770908 -0.1584460735 0.9784374237 0.1324954480
-142.1 -528.5 2481.9 0.9236040115 0.1976421177 0.3284710348 -0.3490708768 0.7877575755 0.5075308681 -0.1584460735 -0.5834171772 0.7965671420
133.8 -495.5 2932.6 0.9759975672 0.1367882341 0.1694631726 0.1736117154 -0.0189022925 -0.9846327901 -0.1314829290 0.9904199243 -0.0421966277
66.8 -486.2 2447.5 0.9759975672 -0.2145858109 0.0371714048 0.1736117154 0.8696788549 0.4620796740 -0.1314829290 -0.4445352256 0.8860590458
-122.8 -387.5 2633.7 0 0 0 0 0 0 0 0 0
-66.3 -394.4 2593.1 0 0 0 0 0 0 0 0 0
-217.6 -829.5 2704.8 0 0 0 0 0 0 0 0 0
148.9 -819.0 2617.7 0 0 0 0 0 0 0 0 0
13.6 85.0 2800.8 32 0.9665774703 -0.0540665761 0.2506089211 -0.0181436725 0.9606332779 0.2772264481 -0.2557319403 -0.2725077868 0.9275454879
24.5 -109.0 2855.8 0.9665774703 -0.0540665761 0.2506089211 -0.0181436725 0.9606332779 0.2772264481 -0.2557319403 -0.2725077868 0.9275454879
35.5 -299.6 2910.4 0.9665441513 -0.0553561747 0.2504557371 -0.0175593346 0.9598642588 0.2799148560 -0.2558985054 -0.2749479115 0.9267791510
-116.7 -106.4 2893.2 0.4421672523 -0.7683230639 -0.4627826810 0.8885412812 0.4456346929 0.1091061756 0.1224032268 -0.4594446719 0.8797317743
-225.8 -325.8 2863.0 -0.3903208971 -0.7683230639 -0.5072763562 0.2426844388 0.4456346929 -0.8616924882 0.8881181479 -0.4594446719 0.0125195161
165.7 -111.5 2818.4 0.0419801287 0.3176632822 0.9472738504 -0.9028166533 0.4181829691 -0.1002255157 -0.4279717505 -0.8510071039 0.3043470681
177.0 -353.0 2704.0 -0.8975969553 0.3176632822 0.3056300879 -0.1566643715 0.4181829691 -0.8947509527 -0.4120388031 -0.8510071039 -0.3255932331
-41.6 -490.6 2987.0 0.9263983965 0.1931157559 -0.3232527077 -0.3401542604 0.0610087253 -0.9383885264 -0.1614963710 0.9792774320 0.1222075298
-141.7 -522.3 2479.4 0.9263983965 0.1918387264 0.3240121901 -0.3401542604 0.7954149246 0.5016075969 -0.1614963710 -0.5749025941 0.8021258712
135.3 -493.8 2938.9 0.9734904766 0.1457126439 0.1763068140 0.1807280630 -0.0175768267 -0.9833760262 -0.1401914209 0.9891707897 -0.0434452407
63.4 -485.1 2450.7 0.9734904766 -0.2244746238 0.0439022556 0.1807280630 0.8725417256 0.4538814127 -0.1401914209 -0.4339148700 0.8899798989
-123.4 -389.5 2629.9 0 0 0 0 0 0 0 0 0
-70.2 -396.1 2590.5 0 0 0 0 0 0 0 0 0
-215.0 -826.2 2699.1 0 0 0 0 0 0 0 0 0
149.3 -818.7 2616.6 0 0 0 0 0 0 0 0 0
13.9 85.0 2798.8 33 0.9651349783 -0.0639367700 0.2538239062 -0.0117004905 0.9582014084 0.2858550847 -0.2614910603 -0.2788586020 0.9240456223
26.9 -109.1 2855.3 0.9651349783 -0.0639367700 0.2538239062 -0.0117004905 0.9582014084 0.2858550847 -0.2614910603 -0.2788586020 0.9240456223
40.1 -299.3 2911.0 0.9650130868 -0.0663544759 0.2536668181 -0.0099081378 0.9575295448 0.2881648242 -0.2620144784 -0.2805961967 0.9233710766
-114.1 -107.7 2893.5 0.4492008388 -0.7607286572 -0.4685194492 0.8836085200 0.4558219612 0.1070624366 0.1321159899 -0.4620802999 0.8769419193
-224.9 -325.6 2861.0 -0.3886578381 -0.7607286572 -0.5198432207 0.2502767444 0.4558219612 -0.8541591763 0.8867393136 -0.4620802999 0.0132339178
167.9 -110.5 2817.0 0.0340242200 0.3399992585 0.9398100376 -0.9099878073 0.3993531466 -0.1115312129 -0.4132366180 -0.8514208794 0.3229828775
176.9 -352.6 2707.1 -0.8921353221 0.3399992585 0.2974812686 -0.1494208127 0.3993531466 -0.9045388103 -0.4263426065 -0.8514208794 -0.3054740727
-42.2 -488.7 2988.5 0.9299246073 0.1907252669 -0.3144266009 -0.3291047513 0.0500682928 -0.9429651499 -0.1641044766 0.9803657532 0.1093283296
-141.2 -514.7 2479.4 0.9299246073 0.1858513057 0.3173318505 -0.3291047513 0.8056331277 0.4925904572 -0.1641044766 -0.5625073910 0.8103426099
135.1 -491.9 2941.6 0.9733764529 0.1416200995 0.1802276224 0.1823041141 -0.0017186787 -0.9832406640 -0.1389368773 0.9899196029 -0.0274908468
64.8 -491.1 2449.9 0.9733764529 -0.2254181504 0.0415319949 0.1823041141 0.8711919188 0.4558397233 -0.1389368773 -0.4361321926 0.8890923858
-122.8 -391.3 2628.2 0 0 0 0 0 0 0 0 0
-68.7 -393.8 2589.7 0 0 0 0 0 0 0 0 0
-212.2 -822.5 2694.3 0 0 0 0 0 0 0 0 0
151.0 -824.1 2616.6 0 0 0 0 0 0 0 0 0
12.1 84.1 2800.3 34 0.9652674198 -0.0631825477 0.2535090148 -0.0127496189 0.9577699900 0.2872526646 -0.2609526813 -0.2805077732 0.9236986041
24.8 -109.4 2857.0 0.9652674198 -0.0631825477 0.2535090148 -0.0127496189 0.9577699900 0.2872526646 -0.2609526813 -0.2805077732 0.9236986041
37.8 -299.7 2912.8 0.9651603699 -0.0650333986 0.2534483671 -0.0111511536 0.9575178027 0.2881584466 -0.2614212632 -0.2809453607 0.9234330654
-116.1 -107.8 2895.1 0.4408971965 -0.7583203316 -0.4801665843 0.8859262466 0.4535194337 0.0972358659 0.1440289468 -0.4682632089 0.8717713356
-224.1 -324.6 2859.9 -0.3876621127 -0.7583203316 -0.5240881443 0.2637700140 0.4535194337 -0.8513198495 0.8832572699 -0.4682632089 0.0242098626
