148.1 59.0 2656.2 64 0.9971584082 0.0703036785 0.0270654354 -0.0722599924 0.9941893220 0.0797877759 -0.0212987941 -0.0815167949 0.9964443445
134.2 -137.9 2672.4 0.9971584082 0.0703036785 0.0270654354 -0.0722599924 0.9941893220 0.0797877759 -0.0212987941 -0.0815167949 0.9964443445
121.6 -329.6 2689.0 0.9973434806 0.0675348192 0.0272959955 -0.0695903897 0.9941073060 0.0831135586 -0.0215220898 -0.0847923011 0.9961661696
-1.5 -127.1 2675.5 0.4162974954 -0.8936143517 -0.1677789837 0.9065738320 0.4220443666 0.0015469121 0.0694278330 -0.1527480185 0.9858233929
-113.5 -371.1 2656.8 0.1141005754 -0.8936143517 -0.4340903759 0.5427502990 0.4220443666 -0.7261546850 0.8321076632 -0.1527480185 0.5331649780
269.9 -148.7 2669.2 0.2244382054 0.9721333981 0.0677061528 -0.7788770199 0.2207076699 -0.5870593786 -0.5856432915 0.0790237859 0.8067076206
314.2 -302.5 2553.6 -0.2204437107 0.9721333981 0.0797571391 0.9753239155 0.2207076699 0.0056011579 -0.0121579384 0.0790237859 -0.9967985749
19.4 -516.3 2703.7 0.9927302599 0.1026246324 -0.0628876388 -0.0553911775 -0.0743324682 -0.9956939816 -0.1068573222 0.9919389486 -0.0681075901
-19.2 -488.4 2331.2 0.9927302599 0.0547680818 0.1071780175 -0.0553911775 0.9984607100 0.0028431450 -0.1068573222 -0.0087591922 0.9942357540
198.1 -529.2 2700.6 0.9821437001 -0.1878536791 0.0102329869 -0.0141753070 -0.1281305403 -0.9916560054 0.1875973791 0.9738036394 -0.1285054833
267.0 -482.2 2343.2 0.9821437001 0.0159168337 -0.1874576509 -0.0141753070 0.9998430610 0.0106271831 0.1875973791 -0.0077801514 0.9822151661
-143.7 -514.6 2436.8 0 0 0 0 0 0 0 0 0
254.8 -39.7 2550.3 0 0 0 0 0 0 0 0 0
-39.6 -861.1 2334.5 0 0 0 0 0 0 0 0 0
261.1 -855.4 2346.1 0 0 0 0 0 0 0 0 0
147.8 60.8 2656.6 65 0.9976648092 0.0638776720 0.0241782963 -0.0655004531 0.9951303601 0.0736562833 -0.0193555653 -0.0750679672 0.9969905615
135.1 -136.8 2671.5 0.9976648092 0.0638776720 0.0241782963 -0.0655004531 0.9951303601 0.0736562833 -0.0193555653 -0.0750679672 0.9969905615
123.6 -328.6 2686.4 0.9977679849 0.0622267164 0.0242253859 -0.0638717636 0.9951809645 0.0743995011 -0.0194790047 -0.0757807568 0.9969342351
-0.7 -126.8 2674.4 0.4110659063 -0.8955448270 -0.1703651994 0.9082120657 0.4184309244 -0.0081510162 0.0785856694 -0.1513771117 0.9853472710
-111.3 -371.2 2653.2 0.1089015082 -0.8955448270 -0.4314393699 0.5359510183 0.4184309244 -0.7332612276 0.8371958733 -0.1513771117 0.5255359411
270.8 -146.8 2668.6 0.2302989066 0.9706807137 0.0688579753 -0.7723821402 0.2253764123 -0.5938276649 -0.5919359922 0.0835731775 0.8016403913
316.3 -299.3 2551.7 -0.2258320600 0.9706807137 0.0823339894 0.9741576910 0.2253764123 0.0149088427 -0.0040844134 0.0835731775 -0.9964932799
19.2 -516.3 2707.4 0.9926854372 0.0961874053 -0.0729628652 -0.0654854253 -0.0787301883 -0.9947428107 -0.1014261097 0.9922447205 -0.0718554407
-17.2 -486.6 2332.5 0.9926854372 0.0655046850 0.1014136747 -0.0654854253 0.9978473186 -0.0035226441 -0.1014261097 -0.0031442402 0.9948381186
197.9 -528.8 2703.5 0.9816487432 -0.1906521469 0.0041828244 -0.0206962619 -0.1283164322 -0.9915173054 0.1895716339 0.9732351303 -0.1299074441
268.2 -481.5 2344.6 0.9816487432 0.0212236494 -0.1895133108 -0.0206962619 0.9997744560 0.0047616838 0.1895716339 -0.0007520834 0.9818665981
-140.1 -512.9 2431.9 0 0 0 0 0 0 0 0 0
255.5 -36.8 2550.6 0 0 0 0 0 0 0 0 0
-41.6 -859.0 2333.6 0 0 0 0 0 0 0 0 0
260.3 -854.7 2344.9 0 0 0 0 0 0 0 0 0
148.3 60.7 2646.8 66 0.9978055954 0.0627984852 0.0209836550 -0.0647680834 0.9915535450 0.1123684049 -0.0137498528 -0.1134808958 0.9934450388
135.8 -136.8 2669.4 0.9978055954 0.0627984852 0.0209836550 -0.0647680834 0.9915535450 0.1123684049 -0.0137498528 -0.1134808958 0.9934450388
124.3 -328.0 2690.4 0.9978576303 0.0620929822 0.0206070356 -0.0639420897 0.9922668338 0.1063860431 -0.0138418507 -0.1074757800 0.9941113591
0.0 -126.7 2671.4 0.4104098082 -0.8951649070 -0.1739068925 0.9104821682 0.4128855765 0.0234042015 0.0508530252 -0.1679444313 0.9844839573
-110.4 -371.8 2657.8 0.1056691632 -0.8951649070 -0.4330286980 0.5626145005 0.4128855765 -0.7162334919 0.8199383616 -0.1679444313 0.5472620130
271.5 -146.8 2667.3 0.2327428311 0.9702816010 0.0662148222 -0.7908706665 0.2284517884 -0.5677440763 -0.5659984946 0.0797710046 0.8205378056
317.5 -302.9 2555.6 -0.2262133509 0.9702816010 0.0859136134 0.9734058380 0.2284517884 -0.0170538388 -0.0361741446 0.0797710046 -0.9961566329
22.1 -516.1 2702.8 0.9916779995 0.1010304764 -0.0797969997 -0.0716161877 -0.0821670815 -0.9940420985 -0.1069852337 0.9914844632 -0.0742478669
-15.7 -485.4 2332.2 0.9916779995 0.0714758486 0.1070790440 -0.0716161877 0.9974290133 -0.0025391523 -0.1069852337 -0.0051505715 0.9942472577
200.9 -527.5 2699.4 0.9824961424 -0.1861677170 0.0065526864 -0.0178020801 -0.1288488358 -0.9915044308 0.1854304373 0.9740326405 -0.1299076527
268.6 -480.6 2344.9 0.9824961424 0.0189605653 -0.1853155643 -0.0178020801 0.9998102188 0.0079134814 0.1854304373 -0.0044759619 0.9826471806
-138.4 -520.5 2441.0 0 0 0 0 0 0 0 0 0
256.5 -40.7 2545.8 0 0 0 0 0 0 0 0 0
-42.3 -857.7 2334.1 0 0 0 0 0 0 0 0 0
261.6 -853.9 2346.5 0 0 0 0 0 0 0 0 0
146.9 60.6 2651.4 67 0.9978700280 0.0630180538 0.0168546438 -0.0643214285 0.9935600162 0.0932807475 -0.0108677298 -0.0941661820 0.9954971671
134.4 -136.7 2670.1 0.9978700280 0.0630180538 0.0168546438 -0.0643214285 0.9935600162 0.0932807475 -0.0108677298 -0.0941661820 0.9954971671
122.9 -328.4 2687.8 0.9979489446 0.0618218854 0.0166108888 -0.0630651414 0.9939972162 0.0893999338 -0.0109843034 -0.0902641416 0.9958572984
-1.4 -126.9 2671.8 0.4095686078 -0.8947842121 -0.1778054088 0.9097399116 0.4151282609 0.0064716730 0.0680212975 -0.1644072682 0.9840443730
-111.6 -371.7 2653.5 0.1020400524 -0.8947842121 -0.4346826971 0.5485911369 0.4151282609 -0.7257522345 0.8298407197 -0.1644072682 0.5332303643
270.1 -146.6 2668.4 0.2355272770 0.9697992206 0.0633748844 -0.7809382677 0.2276692539 -0.5816374421 -0.5785000324 0.0874996111 0.8109756708
316.6 -300.8 2554.2 -0.2267501950 0.9697992206 0.0898544416 0.9737385511 0.2276692539 0.0000215247 -0.0204362199 0.0874996111 -0.9959549308
22.8 -514.8 2712.5 0.9921149015 0.1000904441 -0.0754319057 -0.0679301545 -0.0763551891 -0.9947639704 -0.1053259894 0.9920442700 -0.0689539611
-15.5 -485.6 2332.7 0.9921149015 0.0689565018 0.1046569198 -0.0679301545 0.9976008534 -0.0133440141 -0.1053259894 0.0061294339 0.9944188595
201.6 -526.3 2710.0 0.9832990170 -0.1819250733 -0.0051342393 -0.0267485622 -0.1165558994 -0.9928238988 0.1800211221 0.9763800502 -0.1194755286
270.0 -482.4 2342.9 0.9832990170 0.0297142100 -0.1795554459 -0.0267485622 0.9994632006 0.0189157445 0.1800211221 -0.0137969824 0.9835659862
-138.6 -516.7 2434.1 0 0 0 0 0 0 0 0 0
255.5 -38.5 2548.6 0 0 0 0 0 0 0 0 0
-41.2 -858.0 2330.5 0 0 0 0 0 0 0 0 0
258.9 -855.5 2348.0 0 0 0 0 0 0 0 0 0
146.3 59.9 2644.2 68 0.9972193241 0.0620228648 0.0413130485 -0.0664879084 0.9908665419 0.1173151955 -0.0336594954 -0.1197357997 0.9922350645
134.0 -136.3 2667.9 0.9972193241 0.0620228648 0.0413130485 -0.0664879084 0.9908665419 0.1173151955 -0.0336594954 -0.1197357997 0.9922350645
122.7 -327.5 2690.3 0.9972876310 0.0611131825 0.0410185568 -0.0653880686 0.9914895296 0.1125742123 -0.0337897018 -0.1149509922 0.9927963018
-1.6 -126.1 2672.7 0.4124867916 -0.8978944421 -0.1537537128 0.9102219343 0.4130472243 0.0297990926 0.0367511027 -0.1522417367 0.9876597524
-112.6 -371.1 2662.8 0.1230727658 -0.8978944421 -0.4226566553 0.5675877929 0.4130472243 -0.7122050524 0.8140621185 -0.1522417367 0.5604687929
269.7 -146.5 2663.1 0.2201679796 0.9719888568 0.0822420865 -0.7947123647 0.2276229858 -0.5626900196 -0.5656486154 0.0585275255 0.8225668073
313.2 -303.5 2551.4 -0.2257013321 0.9719888568 0.0655484870 0.9734680653 0.2276229858 -0.0234018862 -0.0376667157 0.0585275255 -0.9975749254
21.5 -515.6 2706.3 0.9923544526 0.0987886339 -0.0739825591 -0.0661899745 -0.0799585804 -0.9945981503 -0.1041705310 0.9918908477 -0.0728084370
-15.5 -485.6 2334.5 0.9923544526 0.0671804994 0.1035344973 -0.0661899745 0.9977226257 -0.0129772257 -0.1041705310 0.0060250624 0.9945412278
200.3 -526.9 2704.3 0.9823228717 -0.1871860623 -0.0017633624 -0.0246712696 -0.1201216504 -0.9924525619 0.1855614781 0.9749523997 -0.1226163656
269.7 -482.4 2342.9 0.9823228717 0.0262251664 -0.1853482574 -0.0246712696 0.9996384978 0.0106854662 0.1855614781 -0.0059238011 0.9826148152
-145.2 -521.1 2447.5 0 0 0 0 0 0 0 0 0
252.4 -41.2 2541.3 0 0 0 0 0 0 0 0 0
-40.6 -858.1 2332.3 0 0 0 0 0 0 0 0 0
259.9 -855.5 2345.1 0 0 0 0 0 0 0 0 0
145.2 60.6 2639.6 69 0.9978224635 0.0622371770 0.0218365043 -0.0645773113 0.9892152548 0.1314646304 -0.0134190153 -0.1325885057 0.9910803437
132.9 -135.5 2665.8 0.9978224635 0.0622371770 0.0218365043 -0.0645773113 0.9892152548 0.1314646304 -0.0134190153 -0.1325885057 0.9910803437
121.4 -326.2 2691.3 0.9978250861 0.0622433834 0.0216994155 -0.0645359233 0.9895051122 0.1292854995 -0.0134245157 -0.1304047108 0.9913699627
-2.9 -125.4 2667.8 0.4107075930 -0.8952336311 -0.1728468984 0.9112930298 0.4091627598 0.0461604744 0.0293981060 -0.1764726341 0.9838664532
-113.4 -370.6 2659.9 0.1066971421 -0.8952336311 -0.4326343536 0.5813495517 0.4091627598 -0.7032911777 0.8066278100 -0.1764726341 0.5641001463
268.6 -145.6 2663.9 0.2319253534 0.9704275131 0.0669410527 -0.8037855625 0.2299477905 -0.5486828089 -0.5478498340 0.0734471977 0.8333463073
314.4 -304.3 2555.7 -0.2259915173 0.9704275131 0.0848428756 0.9723783135 0.2299477905 -0.0400553793 -0.0583802722 0.0734471977 -0.9955888987
21.6 -514.0 2715.6 0.9922659993 0.0977124944 -0.0765539035 -0.0693712607 -0.0749049410 -0.9947747588 -0.1029361859 0.9923918247 -0.0675471872
-16.1 -485.1 2332.7 0.9922659993 0.0700414404 0.1024813503 -0.0693712607 0.9975398779 -0.0100933844 -0.1029361859 0.0029060612 0.9946837425
200.3 -525.7 2709.6 0.9824796915 -0.1862178296 -0.0075253588 -0.0301039573 -0.1187202334 -0.9924712777 0.1839224398 0.9753093719 -0.1222461089
270.0 -481.3 2344.5 0.9824796915 0.0310102608 -0.1837718040 -0.0301039573 0.9995169640 0.0077202059 0.1839224398 -0.0020526871 0.9829385877
-141.6 -524.3 2446.7 0 0 0 0 0 0 0 0 0
253.6 -42.3 2540.0 0 0 0 0 0 0 0 0 0
-42.2 -857.4 2331.6 0 0 0 0 0 0 0 0 0
258.4 -854.4 2345.3 0 0 0 0 0 0 0 0 0
142.9 60.9 2640.3 70 0.9980272651 0.0554324947 0.0294757914 -0.0586759709 0.9905636907 0.1238575801 -0.0223319139 -0.1253427565 0.9918621182
131.9 -135.3 2665.1 0.9980272651 0.0554324947 0.0294757914 -0.0586759709 0.9905636907 0.1238575801 -0.0223319139 -0.1253427565 0.9918621182
121.6 -326.1 2689.9 0.9979937673 0.0559730493 0.0295879021 -0.0592713989 0.9902769327 0.1258509606 -0.0222559553 -0.1273521930 0.9916078448
-3.9 -125.9 2668.3 0.4062059224 -0.8988379836 -0.1645814478 0.9133162498 0.4051066637 0.0417376235 0.0291576795 -0.1672689766 0.9854800701
-113.2 -371.7 2660.4 0.1106371880 -0.8988379836 -0.4240869284 0.5790109038 0.4051066637 -0.7075556517 0.8077782989 -0.1672689766 0.5652568340
267.7 -144.6 2661.9 0.2313585579 0.9698177576 0.0769849941 -0.8005980253 0.2347525507 -0.5513021350 -0.5527350307 0.0659144297 0.8307462335
313.4 -302.7 2552.8 -0.2315362394 0.9698177576 0.0764489472 0.9713864326 0.2347525507 -0.0360506885 -0.0529091842 0.0659144297 -0.9964215755
19.9 -512.4 2717.8 0.9929267168 0.0873155519 -0.0804517195 -0.0739036649 -0.0758019388 -0.9943803549 -0.0929232687 0.9932925105 -0.0688128322
-13.9 -483.1 2333.2 0.9929267168 0.0751193315 0.0919433087 -0.0739036649 0.9971278906 -0.0165607557 -0.0929232687 0.0096486695 0.9956265092
198.7 -524.0 2715.4 0.9827405810 -0.1849884689 -0.0004357653 -0.0217182767 -0.1130371168 -0.9933533669 0.1837096661 0.9762181640 -0.1151037887
268.8 -481.1 2345.0 0.9827405810 0.0229064077 -0.1835653037 -0.0217182767 0.9997281432 0.0084806280 0.1837096661 -0.0043475358 0.9829709530
-142.4 -524.8 2446.9 0 0 0 0 0 0 0 0 0
251.0 -41.0 2538.5 0 0 0 0 0 0 0 0 0
-41.9 -855.3 2329.6 0 0 0 0 0 0 0 0 0
260.3 -854.3 2346.7 0 0 0 0 0 0 0 0 0
145.0 61.5 2641.1 71 0.9980490804 0.0602921806 0.0162135251 -0.0617998987 0.9909391999 0.1192490384 -0.0088768322 -0.1200183854 0.9927319884
133.0 -135.6 2665.0 0.9980490804 0.0602921806 0.0162135251 -0.0617998987 0.9909391999 0.1192490384 -0.0088768322 -0.1200183854 0.9927319884
121.8 -326.5 2688.7 0.9980197549 0.0607531443 0.0162967015 -0.0622797199 0.9907442927 0.1206107661 -0.0088183815 -0.1213868856 0.9925661087
-2.8 -125.8 2666.4 0.4085575342 -0.8952024579 -0.1780261099 0.9118762612 0.4087815583 0.0371387489 0.0395270921 -0.1775111109 0.9833246469
-112.7 -371.2 2655.7 0.1012591124 -0.8952024579 -0.4340036213 0.5744624138 0.4087815583 -0.7091477513 0.8122435212 -0.1775111109 0.5556530356
268.8 -145.3 2663.6 0.2365078032 0.9695303440 0.0638355240 -0.7984397411 0.2313695550 -0.5558436513 -0.5536768436 0.0804925337 0.8288322687
315.5 -303.0 2554.3 -0.2278117388 0.9695303440 0.0900706798 0.9723681211 0.2313695550 -0.0311191883 -0.0510106087 0.0804925337 -0.9954490662
21.3 -513.0 2716.6 0.9925712347 0.0926806405 -0.0788202882 -0.0716206804 -0.0786006749 -0.9943301082 -0.0983504802 0.9925886393 -0.0713789165
-14.2 -482.9 2335.5 0.9925712347 0.0738130063 0.0967159718 -0.0716206804 0.9970942736 -0.0259512793 -0.0983504802 0.0188316293 0.9949736595
200.1 -523.7 2712.6 0.9844195843 -0.1757265180 0.0061891712 -0.0141549967 -0.1142824292 -0.9933474660 0.1752648056 0.9777830839 -0.1149892658
266.2 -480.7 2344.8 0.9844195843 0.0159329288 -0.1751121283 -0.0141549967 0.9998348355 0.0113975080 0.1752648056 -0.0087412186 0.9844825268
-139.5 -523.0 2441.0 0 0 0 0 0 0 0 0 0
254.1 -41.0 2540.6 0 0 0 0 0 0 0 0 0
-41.8 -855.1 2328.4 0 0 0 0 0 0 0 0 0
260.3 -853.9 2348.1 0 0 0 0 0 0 0 0 0
143.9 63.7 2641.0 72 0.9987933040 0.0472129397 0.0135216666 -0.0484693050 0.9920078516 0.1164952368 -0.0079135168 -0.1170100495 0.9930992126
134.5 -133.7 2664.3 0.9987933040 0.0472129397 0.0135216666 -0.0484693050 0.9920078516 0.1164952368 -0.0079135168 -0.1170100495 0.9930992126
126.1 -325.0 2686.5 0.9988443255 0.0461655110 0.0133688599 -0.0473850816 0.9924361706 0.1132478490 -0.0080395956 -0.1137504578 0.9934768081
-1.4 -125.9 2665.6 0.3949191570 -0.9009735584 -0.1796816736 0.9175131917 0.3967896998 0.0269728247 0.0469940305 -0.1755123883 0.9833549261
-107.7 -372.8 2652.9 0.0917849541 -0.9009735584 -0.4240544438 0.5696762800 0.3967896998 -0.7197408676 0.8167278767 -0.1755123883 0.5496826172
270.4 -141.4 2663.1 0.2489766777 0.9658932686 0.0711396411 -0.7905839086 0.2451174557 -0.5611546040 -0.5594530106 0.0834725574 0.8246482015
319.6 -297.5 2552.6 -0.2421747297 0.9658932686 0.0916604176 0.9692399502 0.2451174557 -0.0221673716 -0.0438788831 0.0834725574 -0.9955435395
20.6 -513.3 2713.0 0.9927617311 0.0904999748 -0.0789548829 -0.0714067295 -0.0838117003 -0.9939198494 -0.0965670645 0.9923635125 -0.0767427459
-13.6 -481.6 2338.0 0.9927617311 0.0744694397 0.0942253768 -0.0714067295 0.9968162775 -0.0354732573 -0.0965670645 0.0284881666 0.9949187040
199.4 -524.4 2711.4 0.9839528203 -0.1783495098 0.0053213630 -0.0156625453 -0.1160416007 -0.9931208491 0.1777401119 0.9771007299 -0.1169728711
266.2 -480.9 2345.3 0.9839528203 0.0171535984 -0.1776024103 -0.0156625453 0.9998293519 0.0097941551 0.1777401119 -0.0068552801 0.9840536118
-131.9 -523.4 2437.0 0 0 0 0 0 0 0 0 0
254.3 -36.4 2540.8 0 0 0 0 0 0 0 0 0
-41.4 -853.7 2327.4 0 0 0 0 0 0 0 0 0
259.8 -854.2 2347.9 0 0 0 0 0 0 0 0 0
145.7 61.6 2640.0 73 0.9983000755 0.0562786274 0.0151530914 -0.0576877408 0.9911864996 0.1192537472 -0.0083081014 -0.1199251786 0.9927481413
134.5 -135.1 2663.8 0.9983000755 0.0562786274 0.0151530914 -0.0576877408 0.9911864996 0.1192537472 -0.0083081014 -0.1199251786 0.9927481413
124.7 -326.2 2687.5 0.9984616637 0.0533135571 0.0152323693 -0.0547658727 0.9911786914 0.1206877753 -0.0086637046 -0.1213363260 0.9925736189
-1.3 -126.4 2665.1 0.4016763866 -0.8982259035 -0.1784552187 0.9149238467 0.4020396769 0.0357559212 0.0396291874 -0.1776352525 0.9832981229
-109.4 -372.6 2654.5 0.0968047529 -0.8982259035 -0.4287412167 0.5751737356 0.4020396769 -0.7124179006 0.8122832179 -0.1776352525 0.5555553436
270.4 -143.9 2662.5 0.2425977290 0.9677487612 0.0678870082 -0.7966134548 0.2386568487 -0.5553826690 -0.5536726117 0.0806548744 0.8288192749
318.3 -301.2 2553.1 -0.2351159155 0.9677487612 0.0904588774 0.9706280828 0.2386568487 -0.0303980224 -0.0510062799 0.0806548744 -0.9954361320
27.7 -513.3 2709.3 0.9909515977 0.1139619052 -0.0709053501 -0.0621649995 -0.0785038695 -0.9949737191 -0.1189554483 0.9903786182 -0.0707090944
-15.2 -483.8 2336.9 0.9909515977 0.0655943826 0.1170993671 -0.0621649995 0.9975298643 -0.0327059552 -0.1189554483 0.0251305383 0.9925814867
206.6 -521.8 2707.9 0.9865322113 -0.1635666490 0.0003825605 -0.0173600074 -0.1070298404 -0.9941042662 0.1626432389 0.9807091951 -0.1084279045
267.4 -482.0 2343.4 0.9865322113 0.0195433907 -0.1623953432 -0.0173600074 0.9997389913 0.0148531469 0.1626432389 -0.0118339229 0.9866139889
-135.0 -524.7 2439.7 0 0 0 0 0 0 0 0 0
254.9 -39.7 2539.4 0 0 0 0 0 0 0 0 0
-39.7 -856.2 2327.5 0 0 0 0 0 0 0 0 0
260.1 -855.2 2347.8 0 0 0 0 0 0 0 0 0
143.7 62.3 2639.5 74 0.9981868863 0.0551646501 0.0240792092 -0.0576883331 0.9909510016 0.1211946607 -0.0171756558 -0.1223640069 0.9923366308
132.7 -134.6 2663.8 0.9981868863 0.0551646501 0.0240792092 -0.0576883331 0.9909510016 0.1211946607 -0.0171756558 -0.1223640069 0.9923366308
122.7 -325.7 2687.2 0.9982329607 0.0543821789 0.0239474811 -0.0568540767 0.9912878275 0.1188110560 -0.0172776431 -0.1199626252 0.9926280379
-3.1 -125.5 2666.3 0.4039415121 -0.8988514543 -0.1699920446 0.9139999747 0.4042613804 0.0343050137 0.0378861092 -0.1692299396 0.9848481417
-111.8 -371.5 2656.1 0.1049452722 -0.8988514543 -0.4255026877 0.5734582543 0.4042613804 -0.7125436068 0.8124851584 -0.1692299396 0.5578790903
268.5 -143.6 2661.3 0.2361779511 0.9689056277 0.0737688094 -0.7960929275 0.2364662737 -0.5570634604 -0.5571857691 0.0728392825 0.8271870613
315.1 -300.8 2551.3 -0.2334804088 0.9689056277 0.0819070265 0.9712145925 0.2364662737 -0.0287391096 -0.0472137369 0.0728392825 -0.9962255359
24.9 -513.7 2711.8 0.9912841320 0.1127282456 -0.0681774840 -0.0599799976 -0.0745802298 -0.9954095483 -0.1172954664 0.9908229709 -0.0671687573
-17.9 -485.4 2335.7 0.9912841320 0.0615129024 0.1164988875 -0.0599799976 0.9980611801 -0.0166217871 -0.1172954664 0.0094893100 0.9930517077
203.8 -523.5 2710.3 0.9856705070 -0.1686729342 0.0017517828 -0.0175903141 -0.1131095663 -0.9934267998 0.1677623540 0.9791606665 -0.1144557744
266.9 -481.2 2343.9 0.9856705070 0.0195836592 -0.1675413549 -0.0175903141 0.9997558594 0.0133735584 0.1677623540 -0.0102348169 0.9857743382
-139.6 -523.1 2441.3 0 0 0 0 0 0 0 0 0
252.2 -39.2 2538.5 0 0 0 0 0 0 0 0 0
-40.8 -857.9 2332.2 0 0 0 0 0 0 0 0 0
259.6 -854.4 2347.7 0 0 0 0 0 0 0 0 0
144.7 63.1 2640.2 75 0.9989973903 0.0446377620 0.0034192691 -0.0447172746 0.9912852645 0.1239107028 0.0021416254 -0.1239393651 0.9922874570
135.8 -133.6 2664.8 0.9989973903 0.0446377620 0.0034192691 -0.0447172746 0.9912852645 0.1239107028 0.0021416254 -0.1239393651 0.9922874570
128.1 -324.8 2688.7 0.9990811348 0.0427272245 0.0033576295 -0.0428165719 0.9915430546 0.1225117296 0.0019053519 -0.1225429177 0.9924613833
-0.1 -126.5 2664.7 0.3902665973 -0.9010540247 -0.1891921759 0.9197341204 0.3909558654 0.0352506489 0.0422030538 -0.1877636462 0.9813071489
-105.2 -374.0 2653.4 0.0813784078 -0.9010540247 -0.4260038137 0.5776417851 0.3909558654 -0.7165775895 0.8122237921 -0.1877636462 0.5523018241
271.8 -140.8 2664.9 0.2579121590 0.9639243484 0.0658120438 -0.7945699096 0.2503653169 -0.5531508327 -0.5496726036 0.0903720632 0.8304775357
322.7 -297.7 2556.4 -0.2461588979 0.9639243484 0.1012704372 0.9676560760 0.2503653169 -0.0309673548 -0.0552047901 0.0903720632 -0.9943768382
22.7 -513.0 2712.0 0.9917665720 0.1067607775 -0.0707194731 -0.0634509996 -0.0700117275 -0.9955261350 -0.1112343445 0.9918167591 -0.0626612157
-18.1 -486.2 2332.6 0.9917665720 0.0631894618 0.1113831252 -0.0634509996 0.9979842305 -0.0011985939 -0.1112343445 -0.0058786455 0.9937767982
201.6 -523.2 2708.9 0.9841785431 -0.1770896763 0.0056381184 -0.0146039883 -0.1127929464 -0.9935112000 0.1765765101 0.9777100682 -0.1135946140
267.5 -481.2 2345.1 0.9841785431 0.0152944708 -0.1765180379 -0.0146039883 0.9998797774 0.0052102325 0.1765765101 -0.0025499316 0.9842836261
-126.7 -526.7 2438.6 0 0 0 0 0 0 0 0 0
256.4 -37.0 2541.5 0 0 0 0 0 0 0 0 0
-41.7 -858.7 2334.8 0 0 0 0 0 0 0 0 0
261.8 -854.5 2346.0 0 0 0 0 0 0 0 0 0
142.7 63.6 2640.1 76 0.9995447993 0.0299844928 -0.0033423032 -0.0293631349 0.9922708869 0.1205667332 0.0069316025 -0.1204137132 0.9926996231
136.7 -133.4 2664.0 0.9995447993 0.0299844928 -0.0033423032 -0.0293631349 0.9922708869 0.1205667332 0.0069316025 -0.1204137132 0.9926996231
132.1 -324.7 2687.9 0.9996510744 0.0262079127 -0.0032935403 -0.0256087240 0.9921641350 0.1222887933 0.0064726667 -0.1221617833 0.9924890995
0.7 -128.6 2663.3 0.3741747737 -0.9067836404 -0.1942592114 0.9263061285 0.3754333854 0.0317283124 0.0441606753 -0.1918154359 0.9804369807
-100.0 -377.9 2651.4 0.0677027330 -0.9067836404 -0.4161246717 0.5787423849 0.3754333854 -0.7239523530 0.8126952648 -0.1918154359 0.5502120256
272.8 -138.2 2664.7 0.2740678787 0.9590467811 0.0715262741 -0.7898659706 0.2669009566 -0.5521554351 -0.5486333370 0.0948319063 0.8306674361
326.9 -294.2 2556.4 -0.2625291646 0.9590467811 0.1063374728 0.9632888436 0.2669009566 -0.0289560184 -0.0561517514 0.0948319063 -0.9939084053
30.3 -513.4 2712.4 0.9893555045 0.1246183515 -0.0751398429 -0.0669315755 -0.0688002631 -0.9953826666 -0.1292125881 0.9898165464 -0.0597270131
-17.6 -487.0 2332.2 0.9893555045 0.0675364658 0.1288974583 -0.0669315755 0.9977167845 -0.0090237735 -0.1292125881 0.0003004093 0.9916168451
209.2 -521.0 2712.7 0.9876692295 -0.1565550566 0.0001303314 -0.0159749277 -0.1016101688 -0.9946960211 0.1557379365 0.9824285507 -0.1028581932
267.9 -482.9 2344.3 0.9876692295 0.0181417558 -0.1555004120 -0.0159749277 0.9997572899 0.0151729984 0.1557379365 -0.0125017958 0.9877192974
-117.9 -530.9 2436.6 0 0 0 0 0 0 0 0 0
256.2 -34.7 2541.3 0 0 0 0 0 0 0 0 0
-42.8 -859.4 2332.1 0 0 0 0 0 0 0 0 0
261.2 -856.1 2349.0 0 0 0 0 0 0 0 0 0
141.7 67.5 2639.5 77 0.9994451404 0.0317688137 0.0100080231 -0.0327472724 0.9921141267 0.1209843084 -0.0060855732 -0.1212449148 0.9926039577
135.4 -130.2 2663.7 0.9994451404 0.0317688137 0.0100080231 -0.0327472724 0.9921141267 0.1209843084 -0.0060855732 -0.1212449148 0.9926039577
130.3 -321.4 2687.7 0.9995235801 0.0291781649 0.0100609381 -0.0301931910 0.9919835329 0.1227069274 -0.0063999221 -0.1229522452 0.9923919439
-0.6 -124.7 2664.7 0.3789545894 -0.9074506760 -0.1814572811 0.9245972037 0.3795124888 0.0330188386 0.0389023349 -0.1802875400 0.9828443527
-102.6 -373.6 2654.2 0.0808250159 -0.9074506760 -0.4123113453 0.5787566304 0.3795124888 -0.7218109369 0.8114851117 -0.1802875400 0.5558671951
271.4 -135.6 2662.7 0.2633498609 0.9614027739 0.0796965733 -0.7913388014 0.2625357211 -0.5521394014 -0.5517515540 0.0823388398 0.8299340606
323.4 -291.8 2553.7 -0.2588133216 0.9614027739 0.0933828354 0.9644604921 0.2625357211 -0.0298485886 -0.0532128476 0.0823388398 -0.9951827526
37.5 -515.0 2711.0 0.9864810705 0.1437337250 -0.0787131265 -0.0685076043 -0.0746290982 -0.9948553443 -0.1488685608 0.9867984056 -0.0637733415
-17.4 -486.4 2334.1 0.9864810705 0.0705088004 0.1479312330 -0.0685076043 0.9974774718 -0.0185861979 -0.1488685608 0.0082005169 0.9888229966
216.6 -519.5 2712.2 0.9907616973 -0.1356137544 -0.0004218700 -0.0137886591 -0.0976409987 -0.9951261878 0.1349115968 0.9859387279 -0.0986088887
267.3 -483.0 2343.4 0.9907616973 0.0150153767 -0.1347805858 -0.0137886591 0.9998546243 0.0100305080 0.1349115968 -0.0080793994 0.9908246994
-124.0 -526.6 2439.7 0 0 0 0 0 0 0 0 0
253.7 -32.0 2539.4 0 0 0 0 0 0 0 0 0
-43.7 -858.8 2331.0 0 0 0 0 0 0 0 0 0
261.7 -856.3 2346.4 0 0 0 0 0 0 0 0 0
140.7 65.3 2638.8 78 0.9992933273 0.0360578746 0.0106164087 -0.0370940268 0.9916539788 0.1234766319 -0.0060754996 -0.1237831712 0.9922906756
133.5 -132.2 2663.4 0.9992933273 0.0360578746 0.0106164087 -0.0370940268 0.9916539788 0.1234766319 -0.0060754996 -0.1237831712 0.9922906756
127.5 -323.3 2688.1 0.9993719459 0.0337778628 0.0107138036 -0.0348613523 0.9913867116 0.1262422204 -0.0063573304 -0.1265364289 0.9919415712
-2.5 -126.1 2664.4 0.3832508028 -0.9056921005 -0.1812199652 0.9229604006 0.3830724061 0.0374113359 0.0355372168 -0.1815967858 0.9827307463
-105.6 -374.5 2654.9 0.0835815445 -0.9056921005 -0.4156151712 0.5813017488 0.3830724061 -0.7178744674 0.8093839288 -0.1815967858 0.5584982038
269.5 -138.3 2662.4 0.2596232891 0.9626194239 0.0771987960 -0.7945418358 0.2583601773 -0.5495027900 -0.5489071608 0.0813260525 0.8319176435
320.8 -295.1 2554.0 -0.2543326318 0.9626194239 0.0931601748 0.9654545188 0.2583601773 -0.0338763520 -0.0566789135 0.0813260525 -0.9950746298
35.1 -511.2 2712.1 0.9874302149 0.1454639286 -0.0618204176 -0.0531150699 -0.0629900992 -0.9965997338 -0.1488633901 0.9873563051 -0.0544720031
-20.4 -487.2 2335.5 0.9874302149 0.0556369424 0.1479393393 -0.0531150699 0.9983686805 -0.0209461246 -0.1488633901 0.0128250280 0.9887745976
214.1 -516.6 2711.0 0.9898722768 -0.1419591308 0.0006817495 -0.0123596778 -0.0909654200 -0.9957773685 0.1414217055 0.9856839776 -0.0917987227
266.9 -482.8 2344.8 0.9898722768 0.0125039378 -0.1414090246 -0.0123596778 0.9999217987 0.0018984493 0.1414217055 -0.0001314523 0.9899494052
-127.7 -528.2 2440.9 0 0 0 0 0 0 0 0 0
252.3 -35.0 2538.7 0 0 0 0 0 0 0 0 0
-41.2 -859.8 2330.8 0 0 0 0 0 0 0 0 0
262.2 -856.1 2344.9 0 0 0 0 0 0 0 0 0
141.7 65.2 2638.4 79 0.9996562600 0.0255559180 -0.0058556418 -0.0245979056 0.9914841652 0.1278831363 0.0090739466 -0.1276951432 0.9917719364
136.6 -132.2 2663.8 0.9996562600 0.0255559180 -0.0058556418 -0.0245979056 0.9914841652 0.1278831363 0.0090739466 -0.1276951432 0.9917719364
132.9 -323.3 2689.3 0.9997444153 0.0218554232 -0.0057860515 -0.0209114254 0.9911891222 0.1307933033 0.0085936142 -0.1306388676 0.9913927913
0.6 -128.1 2662.8 0.3697996140 -0.9081364274 -0.1963070184 0.9283782840 0.3695583940 0.0392471254 0.0369051620 -0.1967607439 0.9797567129
-99.0 -377.9 2652.8 0.0634470284 -0.9081364274 -0.4138389528 0.5860102773 0.3695583940 -0.7211230993 0.8078158498 -0.1967607439 0.5556246638
272.7 -136.4 2664.8 0.2787832022 0.9576160312 0.0724666864 -0.7932689190 0.2721548378 -0.5446615219 -0.5412988067 0.0943569094 0.8355192542
327.8 -293.0 2557.9 -0.2668726146 0.9576160312 0.1083997265 0.9615418911 0.2721548378 -0.0369988233 -0.0649321824 0.0943569094 -0.9934186339
31.4 -512.6 2713.2 0.9893270135 0.1336495876 -0.0580502152 -0.0497745909 -0.0644525886 -0.9966786504 -0.1369471848 0.9889305830 -0.0571123362
-20.0 -487.8 2332.8 0.9893270135 0.0496488549 0.1369928122 -0.0497745909 0.9987573028 -0.0025096936 -0.1369471848 -0.0043358537 0.9905688763
210.5 -518.9 2712.1 0.9888932705 -0.1483359784 0.0093041677 -0.0050702430 -0.0962328613 -0.9953459501 0.1485409737 0.9842436910 -0.0959161222
266.0 -482.8 2343.6 0.9888932705 0.0064871968 -0.1484858394 -0.0050702430 0.9999379516 0.0099192299 0.1485409737 -0.0090562003 0.9888647795
-115.7 -532.8 2439.3 0 0 0 0 0 0 0 0 0
255.9 -34.0 2540.4 0 0 0 0 0 0 0 0 0
-38.5 -860.6 2334.4 0 0 0 0 0 0 0 0 0
263.6 -856.1 2347.0 0 0 0 0 0 0 0 0 0
141.5 69.1 2639.2 80 0.9998003840 0.0194398984 -0.0046149511 -0.0186866708 0.9915453196 0.1284085065 0.0070721814 -0.1282966286 0.9917106032
137.6 -128.0 2664.7 0.9998003840 0.0194398984 -0.0046149511 -0.0186866708 0.9915453196 0.1284085065 0.0070721814 -0.1282966286 0.9917106032
135.2 -319.1 2689.9 0.9998784661 0.0148988832 -0.0045931516 -0.0141777303 0.9914561510 0.1296674013 0.0064858077 -0.1295865178 0.9915469289
1.5 -124.8 2663.9 0.3636084795 -0.9110171199 -0.1945165098 0.9308103323 0.3636400998 0.0368511528 0.0371619761 -0.1944573671 0.9802067876
-96.3 -375.3 2653.9 0.0611849725 -0.9110171199 -0.4078041315 0.5855413675 0.3636400998 -0.7245047688 0.8083301783 -0.1944573671 0.5556875467
273.7 -131.2 2665.4 0.2829917669 0.9559547901 0.0778853968 -0.7907783985 0.2785038054 -0.5450735092 -0.5427569747 0.0926612243 0.8347626925
329.6 -287.4 2558.2 -0.2734845877 0.9559547901 0.1065676659 0.9597905874 0.2785038054 -0.0351808444 -0.0633107945 0.0926612243 -0.9936828613
39.1 -513.8 2713.9 0.9862622619 0.1454085261 -0.0783783793 -0.0684360862 -0.0721679702 -0.9950418472 -0.1503439695 0.9867361188 -0.0612253509
-16.8 -486.0 2334.2 0.9862622619 0.0691220686 0.1500298232 -0.0684360862 0.9976080060 -0.0097367279 -0.1503439695 -0.0006644870 0.9886335135
218.2 -517.5 2715.4 0.9922314882 -0.1241863295 0.0073810639 -0.0042151320 -0.0928563923 -0.9956706166 0.1243340522 0.9879045486 -0.0926584974
265.0 -482.5 2342.9 0.9922314882 0.0055955257 -0.1242795810 -0.0042151320 0.9999265075 0.0113673378 0.1243340522 -0.0107551748 0.9921821356
-112.5 -530.1 2440.2 0 0 0 0 0 0 0 0 0
255.9 -28.8 2541.2 0 0 0 0 0 0 0 0 0
-42.6 -858.3 2334.4 0 0 0 0 0 0 0 0 0
262.9 -855.8 2346.9 0 0 0 0 0 0 0 0 0
140.8 68.3 2639.6 81 0.9998260736 0.0186198819 -0.0010412629 -0.0183493849 0.9921975136 0.1233182698 0.0033293101 -0.1232777163 0.9923666120
137.1 -129.1 2664.1 0.9998260736 0.0186198819 -0.0010412629 -0.0183493849 0.9921975136 0.1233182698 0.0033293101 -0.1232777163 0.9923666120
134.9 -320.3 2688.5 0.9999052286 0.0137316380 -0.0010100066 -0.0134970602 0.9920352697 0.1252353340 0.0027216484 -0.1252098233 0.9921265244
1.0 -125.9 2663.9 0.3630984724 -0.9119830132 -0.1909096986 0.9308928847 0.3638582528 0.0323358960 0.0399742834 -0.1894575953 0.9810748696
-96.7 -376.4 2653.1 0.0637730286 -0.9119830132 -0.4052406847 0.5819693804 0.3638582528 -0.7272680402 0.8107062578 -0.1894575953 0.5539505482
273.2 -132.2 2664.3 0.2815272808 0.9560981989 0.0813547969 -0.7881460190 0.2787655294 -0.5487400889 -0.5473282933 0.0903658345 0.8320251107
328.8 -287.8 2556.2 -0.2743823230 0.9560981989 0.1029103994 0.9598693848 0.2787655294 -0.0306678377 -0.0580093376 0.0903658345 -0.9942177534
42.8 -510.3 2714.5 0.9846808314 0.1598064154 -0.0697535574 -0.0602732487 -0.0634274855 -0.9961646795 -0.1636178046 0.9851085544 -0.0528237820
-18.7 -485.9 2335.5 0.9846808314 0.0620246232 0.1629619449 -0.0602732487 0.9980588555 -0.0156742763 -0.1636178046 0.0056119137 0.9865078330
221.9 -512.8 2715.7 0.9933474064 -0.1149560958 0.0067843623 -0.0026349307 -0.0815887302 -0.9966626167 0.1151259691 0.9900143147 -0.0813488588
265.1 -482.1 2343.4 0.9933474064 0.0033003208 -0.1151088104 -0.0026349307 0.9999789596 0.0059322105 0.1151259691 -0.0055894419 0.9933351874
-113.6 -530.3 2438.8 0 0 0 0 0 0 0 0 0
254.9 -29.2 2540.6 0 0 0 0 0 0 0 0 0
-41.9 -858.4 2333.4 0 0 0 0 0 0 0 0 0
263.9 -855.4 2345.5 0 0 0 0 0 0 0 0 0
140.1 66.2 2638.8 82 0.9996120334 0.0252829455 0.0116879474 -0.0265205093 0.9921876788 0.1219025999 -0.0085145812 -0.1221652701 0.9924732447
135.1 -131.8 2663.2 0.9996120334 0.0252829455 0.0116879474 -0.0265205093 0.9921876788 0.1219025999 -0.0085145812 -0.1221652701 0.9924732447
131.3 -323.1 2686.7 0.9996827245 0.0223309062 0.0116539700 -0.0235735998 0.9924350381 0.1204863563 -0.0088752387 -0.1207228526 0.9926465750
-1.0 -127.3 2664.5 0.3729355037 -0.9103702307 -0.1792905480 0.9269888997 0.3739223480 0.0295570176 0.0401329137 -0.1772232056 0.9833520651
-101.3 -376.7 2653.7 0.0789674819 -0.9103702307 -0.4061897695 0.5774088502 0.3739223480 -0.7257968783 0.8126273155 -0.1772232056 0.5551835299
271.2 -136.3 2661.8 0.2672313154 0.9598452449 0.0853495747 -0.7883095145 0.2686920464 -0.5535094738 -0.5542161465 0.0806331709 0.8284580708
323.9 -292.0 2552.3 -0.2653028667 0.9598452449 0.0911674649 0.9628493190 0.2686920464 -0.0269403793 -0.0503545664 0.0806331709 -0.9954711199
42.7 -511.6 2712.6 0.9852709174 0.1572619975 -0.0671556965 -0.0570392124 -0.0679862201 -0.9960544109 -0.1612071693 0.9852139354 -0.0580147468
-17.5 -485.6 2335.9 0.9852709174 0.0596035793 0.1602767408 -0.0570392124 0.9981602430 -0.0205572397 -0.1612071693 0.0111123901 0.9868580103
221.8 -514.0 2713.1 0.9934607744 -0.1135771573 0.0116568729 0.0016747918 -0.0875899270 -0.9961552024 0.1141614988 0.9896606803 -0.0868269429
263.9 -481.6 2346.3 0.9934607744 -0.0031937964 -0.1141291112 0.0016747918 0.9999087453 -0.0134029360 0.1141614988 0.0131241484 0.9933755398
-122.2 -529.4 2438.9 0 0 0 0 0 0 0 0 0
252.4 -32.6 2538.8 0 0 0 0 0 0 0 0 0
-39.7 -858.2 2331.8 0 0 0 0 0 0 0 0 0
265.1 -854.8 2341.4 0 0 0 0 0 0 0 0 0
140.1 64.7 2637.9 83 0.9992666245 0.0357305072 0.0137672154 -0.0371299572 0.9920387268 0.1203351244 -0.0093579758 -0.1207580492 0.9926378727
133.0 -132.7 2661.9 0.9992666245 0.0357305072 0.0137672154 -0.0371299572 0.9920387268 0.1203351244 -0.0093579758 -0.1207580492 0.9926378727
126.7 -323.9 2685.4 0.9992820024 0.0353031345 0.0137554407 -0.0367011353 0.9920945168 0.1200062186 -0.0094101019 -0.1204248890 0.9926778674
-2.9 -126.4 2663.3 0.3851019144 -0.9054722190 -0.1783719510 0.9219970107 0.3859057426 0.0315960534 0.0402254127 -0.1766261011 0.9834557176
-106.6 -374.5 2652.5 0.0869713575 -0.9054722190 -0.4153986275 0.5760623813 0.3859057426 -0.7205753922 0.8127657175 -0.1766261011 0.5551712513
269.0 -139.0 2660.4 0.2565622330 0.9633342028 0.0785046145 -0.7915751338 0.2560340464 -0.5548471212 -0.5546030998 0.0802105218 0.8282400966
319.7 -295.3 2550.9 -0.2526575923 0.9633342028 0.0902845189 0.9662674069 0.2560340464 -0.0278181415 -0.0499140769 0.0802105218 -0.9955274463
37.4 -513.6 2710.9 0.9870641828 0.1521939635 -0.0504114553 -0.0398304649 -0.0717902929 -0.9966241717 -0.1552992314 0.9857398868 -0.0647996739
-20.5 -486.3 2336.3 0.9870641828 0.0420170650 0.1547219604 -0.0398304649 0.9990583062 -0.0172068067 -0.1552992314 0.0108215753 0.9878082275
216.5 -517.8 2709.4 0.9915996194 -0.1284320951 0.0153436987 0.0024938136 -0.0996204242 -0.9950224161 0.1293213516 0.9867020845 -0.0984632894
263.8 -481.1 2346.0 0.9915996194 -0.0035473073 -0.1292967498 0.0024938136 0.9999623895 -0.0083088661 0.1293213516 0.0079166265 0.9915711284
-129.6 -526.8 2437.6 0 0 0 0 0 0 0 0 0
251.6 -34.9 2537.5 0 0 0 0 0 0 0 0 0
-36.2 -859.2 2332.2 0 0 0 0 0 0 0 0 0
265.1 -854.4 2343.0 0 0 0 0 0 0 0 0 0
139.3 66.5 2638.9 84 0.9994190335 0.0338698514 0.0038017235 -0.0340817273 0.9923849106 0.1183664799 0.0002362822 -0.1184272766 0.9929627180
132.5 -131.3 2662.5 0.9994190335 0.0338698514 0.0038017235 -0.0340817273 0.9923849106 0.1183664799 0.0002362822 -0.1184272766 0.9929627180
127.0 -322.5 2686.0 0.9995146990 0.0309086666 0.0038686504 -0.0311496165 0.9922345877 0.1204169244 -0.0001166822 -0.1204789951 0.9927158952
-3.5 -125.7 2662.7 0.3795843124 -0.9059224129 -0.1876707375 0.9241367579 0.3808072209 0.0309371371 0.0434397310 -0.1851766855 0.9817446470
-105.7 -374.4 2651.0 0.0762179196 -0.9059224129 -0.4165277779 0.5768120289 0.3808072209 -0.7226850390 0.8133133650 -0.1851766855 0.5515713096
268.6 -136.8 2662.3 0.2660950422 0.9611106515 0.0738898665 -0.7903246880 0.2614115775 -0.5541217327 -0.5518879890 0.0890520588 0.8291497827
321.1 -292.9 2553.4 -0.2575466037 0.9611106515 0.0996795967 0.9648312330 0.2614115775 -0.0276529714 -0.0526349656 0.0890520588 -0.9946352839
30.3 -513.2 2709.6 0.9895029664 0.1371503919 -0.0455367565 -0.0367713980 -0.0657807589 -0.9971563220 -0.1397558153 0.9883636236 -0.0600470491
-21.7 -488.2 2334.7 0.9895029664 0.0381115079 0.1393963248 -0.0367713980 0.9992495179 -0.0121774795 -0.1397558153 0.0069238544 0.9901617765
209.4 -519.7 2707.9 0.9883380532 -0.1517368853 0.0127977831 -0.0022497568 -0.0985846519 -0.9951261282 0.1522590071 0.9834922552 -0.0977763385
265.8 -483.1 2341.9 0.9883380532 0.0046652579 -0.1522041410 -0.0022497568 0.9998688698 0.0160384960 0.1522590071 -0.0155090345 0.9882189631
-125.8 -526.9 2436.0 0 0 0 0 0 0 0 0 0
251.7 -32.9 2539.2 0 0 0 0 0 0 0 0 0
-35.9 -861.2 2332.1 0 0 0 0 0 0 0 0 0
264.1 -856.2 2347.7 0 0 0 0 0 0 0 0 0
138.5 67.4 2637.9 85 0.9997391105 0.0227205772 0.0023530102 -0.0228353962 0.9916343093 0.1270428896 0.0005531621 -0.1270634681 0.9918944240
133.9 -130.8 2663.3 0.9997391105 0.0227205772 0.0023530102 -0.0228353962 0.9916343093 0.1270428896 0.0005531621 -0.1270634681 0.9918944240
130.7 -321.9 2688.6 0.9998124242 0.0192177333 0.0024075112 -0.0193676669 0.9913746119 0.1296199113 0.0001042556 -0.1296422333 0.9915608168
-2.1 -126.8 2663.5 0.3686648309 -0.9103397131 -0.1880635619 0.9289079309 0.3683772981 0.0377914719 0.0348752774 -0.1886261255 0.9814295173
-101.4 -376.8 2654.1 0.0693805143 -0.9103397131 -0.4080049098 0.5851591825 0.3683772981 -0.7224174142 0.8079449534 -0.1886261255 0.5582518578
270.0 -134.7 2663.2 0.2754139900 0.9579593539 0.0803804249 -0.7921984792 0.2735318840 -0.5455289483 -0.5445811749 0.0865690634 0.8342284560
324.4 -291.2 2555.7 -0.2688973844 0.9579593539 0.1000403687 0.9612015486 0.2735318840 -0.0356637575 -0.0615286604 0.0865690634 -0.9943439960
36.8 -513.0 2713.9 0.9885938764 0.1465653479 -0.0346521586 -0.0275009964 -0.0505401529 -0.9983433485 -0.1480738521 0.9879090786 -0.0459329933
-18.9 -493.8 2338.5 0.9885938764 0.0271711573 0.1481347382 -0.0275009964 0.9996217489 0.0001784627 -0.1480738521 -0.0042502801 0.9889671803
210.6 -517.9 2709.4 0.9885641336 -0.1507439911 0.0041479580 -0.0097933561 -0.0916233584 -0.9957455993 0.1504827142 0.9843177199 -0.0920518562
267.0 -483.6 2341.4 0.9885641336 0.0115133021 -0.1503609121 -0.0097933561 0.9998779297 0.0121742878 0.1504827142 -0.0105625261 0.9885562062
-119.7 -531.5 2440.5 0 0 0 0 0 0 0 0 0
252.0 -32.2 2539.1 0 0 0 0 0 0 0 0 0
-29.0 -866.9 2340.1 0 0 0 0 0 0 0 0 0
262.7 -856.8 2345.3 0 0 0 0 0 0 0 0 0
137.0 66.3 2638.5 86 0.9998583794 0.0150503088 -0.0075333174 -0.0139988009 0.9921606779 0.1241824105 0.0093432451 -0.1240593642 0.9922308326
134.0 -131.8 2663.2 0.9998583794 0.0150503088 -0.0075333174 -0.0139988009 0.9921606779 0.1241824105 0.0093432451 -0.1240593642 0.9922308326
132.3 -323.0 2688.1 0.9999035597 0.0116925649 -0.0074908198 -0.0106438985 0.9918026328 0.1273351610 0.0089182891 -0.1272431612 0.9918314815
-2.1 -129.0 2662.2 0.3602046967 -0.9118234515 -0.1970545799 0.9320057034 0.3608573377 0.0338721350 0.0402231812 -0.1958568990 0.9798071980
-99.0 -379.9 2651.3 0.0571163110 -0.9118234515 -0.4065902829 0.5838661790 0.3608573377 -0.7272428870 0.8098382354 -0.1958568990 0.5529937148
270.2 -134.6 2664.3 0.2871342003 0.9547280669 0.0777709708 -0.7884998322 0.2816779315 -0.5467408895 -0.5438952446 0.0956656039 0.8336822391
326.8 -290.3 2556.9 -0.2767384946 0.9547280669 0.1091337278 0.9589590430 0.2816779315 -0.0324825346 -0.0617525503 0.0956656039 -0.9934961796
40.1 -512.9 2716.0 0.9867007732 0.1547653526 -0.0496916734 -0.0417366885 -0.0542340651 -0.9976556301 -0.1570975035 0.9864615202 -0.0470534004
-19.8 -491.9 2334.4 0.9867007732 0.0399466529 0.1575621814 -0.0417366885 0.9990960956 0.0080671459 -0.1570975035 -0.0145359831 0.9874761105
216.5 -516.0 2713.8 0.9912779331 -0.1317528188 0.0030386960 -0.0087716272 -0.0889669731 -0.9959959388 0.1314956099 0.9872821569 -0.0893466845
265.8 -482.8 2344.7 0.9912779331 0.0087500429 -0.1314970553 -0.0087716272 0.9999614358 0.0004151073 0.1314956099 0.0007419564 0.9913164973
-114.1 -534.2 2437.2 0 0 0 0 0 0 0 0 0
252.3 -31.9 2540.3 0 0 0 0 0 0 0 0 0
-34.7 -864.8 2339.8 0 0 0 0 0 0 0 0 0
262.5 -856.0 2344.4 0 0 0 0 0 0 0 0 0
133.5 64.6 2640.2 87 0.9998680949 -0.0000859251 -0.0162422266 0.0020090500 0.9929611087 0.1184236929 0.0161177237 -0.1184407026 0.9928303361
133.5 -133.4 2663.8 0.9998680949 -0.0000859251 -0.0162422266 0.0020090500 0.9929611087 0.1184236929 0.0161177237 -0.1184407026 0.9928303361
134.7 -324.7 2687.2 0.9998602271 -0.0039571016 -0.0162450783 0.0058758929 0.9927777648 0.1198239103 0.0156535972 -0.1199026108 0.9926622510
-2.6 -132.9 2661.9 0.3443731070 -0.9163693190 -0.2041430771 0.9375274181 0.3471289277 0.0233215317 0.0494928323 -0.1994210333 0.9786632061
-95.3 -385.2 2648.5 0.0419748425 -0.9163693190 -0.3981273174 0.5787026882 0.3471289277 -0.7379733324 0.8144576550 -0.1994210333 0.5448760986
269.6 -133.9 2665.8 0.3038448691 0.9492484927 0.0812750012 -0.7795678973 0.2967559397 -0.5515521765 -0.5476788878 0.1042269245 0.8301714063
