-26.7 53.9 2518.7 4 0.9963762760 0.0754222795 0.0393171869 -0.0848825574 0.8523170948 0.5160915256 0.0054140892 -0.5175586939 0.8556305766
-41.5 -112.7 2619.9 0.9963762760 0.0754222795 0.0393171869 -0.0848825574 0.8523170948 0.5160915256 0.0054140892 -0.5175586939 0.8556305766
-56.6 -276.3 2726.1 0.9961547256 0.0771124214 0.0415863246 -0.0873349309 0.8363383412 0.5412123799 0.0069539584 -0.5427631736 0.8398569822
-183.3 -100.3 2618.9 -0.1072121412 -0.8665692806 -0.4874045849 0.8887967467 0.1361700892 -0.4376048446 0.4455848634 -0.4801201820 0.7556049228
-158.5 -305.7 2516.0 -0.3400910497 -0.8601546288 -0.3800948858 0.5820300579 0.1249397472 -0.8035117388 0.7386332750 -0.4944937825 0.4581449330
100.4 -125.1 2620.9 -0.4029873610 0.9131789207 -0.0608726181 -0.8501582742 -0.3981437981 -0.3445467353 -0.3388688564 -0.0870966241 0.9367935061
-40.2 -421.7 2502.7 -0.0454817340 0.9131789207 -0.4050132334 0.1128158271 -0.3981437981 -0.9103593230 -0.9925744534 -0.0870966241 -0.0849127620
-162.9 -437.0 2825.5 0.9987387657 0.0458358377 0.0204942301 0.0277639981 -0.1640746444 -0.9860571623 -0.0418341719 0.9853824377 -0.1651403010
-181.4 -370.8 2428.0 0.9987387657 -0.0099789146 0.0492073037 0.0277639981 0.9263426661 -0.3756573796 -0.0418341719 0.3765497506 0.9254513383
17.2 -451.4 2829.4 0.9922655225 -0.1224901229 -0.0201307181 -0.0365703069 -0.1334840357 -0.9903759956 0.1186241508 0.9834522009 -0.1369311064
65.2 -399.2 2444.8 0.9922655225 -0.0157553628 -0.1231293827 -0.0365703069 0.9107876420 -0.4112523198 0.1186241508 0.4125744104 0.9031670094
-113.1 -383.4 2417.3 0 0 0 0 0 0 0 0 0
-51.7 -393.1 2251.9 0 0 0 0 0 0 0 0 0
-176.9 -787.0 2258.8 0 0 0 0 0 0 0 0 0
72.0 -794.3 2265.8 0 0 0 0 0 0 0 0 0
-26.1 54.9 2517.5 5 0.9950931072 0.0781948045 0.0606238805 -0.0982343853 0.8539846539 0.5109405518 -0.0118189659 -0.5143887401 0.8574756384
-41.4 -112.8 2618.5 0.9950931072 0.0781948045 0.0606238805 -0.0982343853 0.8539846539 0.5109405518 -0.0118189659 -0.5143887401 0.8574756384
-56.9 -276.9 2724.0 0.9949091077 0.0787429586 0.0628921911 -0.1002190784 0.8386285305 0.5354048014 -0.0105838226 -0.5389821529 0.8422507048
-183.1 -98.6 2620.1 -0.0880551040 -0.8727622628 -0.4801378846 0.8873215318 0.1503160596 -0.4359651506 0.4526663423 -0.4644256234 0.7611846328
-162.7 -303.7 2515.4 -0.3198878169 -0.8667393923 -0.3826677203 0.5817703605 0.1390934139 -0.8013714552 0.7478067875 -0.4789737165 0.4597490430
100.2 -127.0 2617.0 -0.3949177563 0.9167327285 -0.0603409223 -0.8528329134 -0.3902294338 -0.3469827473 -0.3416372538 -0.0855689272 0.9359284043
-38.0 -425.5 2497.4 -0.0504724570 0.9167327285 -0.3962998688 0.0993422940 -0.3902294338 -0.9153426290 -0.9937724471 -0.0855689272 -0.0713744983
-161.7 -432.1 2831.8 0.9990651011 0.0394002609 0.0177908484 0.0203379672 -0.0652195960 -0.9976636767 -0.0381478965 0.9970927835 -0.0659599453
-178.2 -404.7 2413.0 0.9990651011 -0.0047305906 0.0429711118 0.0203379672 0.9285584688 -0.3706285954 -0.0381478965 0.3711560369 0.9277865887
18.4 -448.0 2833.0 0.9928390384 -0.1181037799 -0.0179492999 -0.0336083770 -0.1319654137 -0.9906843901 0.1146348864 0.9841933846 -0.1349896938
64.6 -396.3 2447.8 0.9928390384 -0.0172861908 -0.1182026565 -0.0336083770 0.9090910554 -0.4152396321 0.1146348864 0.4162387252 0.9020000696
-120.0 -381.3 2415.6 0 0 0 0 0 0 0 0 0
-50.8 -400.4 2245.9 0 0 0 0 0 0 0 0 0
-176.3 -788.2 2259.8 0 0 0 0 0 0 0 0 0
72.1 -793.6 2265.9 0 0 0 0 0 0 0 0 0
-25.0 56.8 2522.9 6 0.9947518110 0.0869361982 0.0539535172 -0.1022341177 0.8658140898 0.4898102880 -0.0041314727 -0.4927555323 0.8701579571
-42.0 -113.1 2619.6 0.9947518110 0.0869361982 0.0539535172 -0.1022341177 0.8658140898 0.4898102880 -0.0041314727 -0.4927555323 0.8701579571
-59.1 -279.3 2721.4 0.9945969582 0.0869408548 0.0567292757 -0.1037617177 0.8495549560 0.5171942711 -0.0032293221 -0.5202861428 0.8539858460
-183.7 -98.4 2620.1 -0.0891985223 -0.8677129149 -0.4889968336 0.8778595328 0.1634469777 -0.4501641095 0.4705382884 -0.4694245160 0.7471508384
-163.1 -301.3 2511.3 -0.3249561191 -0.8615911603 -0.3899541199 0.5670084953 0.1525122374 -0.8094698191 0.7569047809 -0.4841494858 0.4389697313
99.6 -127.8 2619.1 -0.3756830096 0.9245047569 -0.0644455627 -0.8500149250 -0.3714490533 -0.3734973371 -0.3692383170 -0.0855369195 0.9253899455
-33.3 -428.6 2488.5 -0.0586714894 0.9245047569 -0.3766279519 0.0830569863 -0.3714490533 -0.9247308373 -0.9948161840 -0.0855369195 -0.0549931116
-162.2 -432.0 2830.5 0.9987646341 0.0423085205 0.0260621887 0.0271223038 -0.0246791299 -0.9993274212 -0.0416368730 0.9987997413 -0.0257961471
-180.5 -421.4 2400.2 0.9987646341 -0.0104689263 0.0485762283 0.0271223038 0.9339492917 -0.3563749492 -0.0416368730 0.3572521806 0.9330794215
17.6 -450.2 2828.6 0.9920617342 -0.1242050305 -0.0196621101 -0.0382319689 -0.1489491612 -0.9881054759 0.1197990179 0.9810133576 -0.1525153667
66.2 -391.8 2444.5 0.9920617342 -0.0136849973 -0.1250048429 -0.0382319689 0.9141819477 -0.4034968019 0.1197990179 0.4050729275 0.9064017534
-119.7 -377.0 2410.3 0 0 0 0 0 0 0 0 0
-48.2 -407.5 2236.6 0 0 0 0 0 0 0 0 0
-176.3 -790.1 2259.1 0 0 0 0 0 0 0 0 0
72.2 -793.4 2266.6 0 0 0 0 0 0 0 0 0
-25.1 54.2 2519.1 7 0.9947748780 0.1019621491 0.0051605045 -0.0905333981 0.8576527834 0.5061970353 0.0471870154 -0.5040193200 0.8624024391
-45.3 -115.6 2618.9 0.9947748780 0.1019621491 0.0051605045 -0.0905333981 0.8576527834 0.5061970353 0.0471870154 -0.5040193200 0.8624024391
-65.5 -280.5 2722.2 0.9946246743 0.1032297984 0.0080881119 -0.0917784497 0.8427286744 0.5304574966 0.0479429364 -0.5283483863 0.8476729393
-186.9 -102.6 2612.0 -0.1225532517 -0.8449440598 -0.5206248760 0.8836041093 0.1459712684 -0.4449001849 0.4519120157 -0.5145502687 0.7287067771
-158.6 -306.9 2507.6 -0.3688037097 -0.8379700780 -0.4022312462 0.5742121935 0.1348939240 -0.8075171709 0.7309337854 -0.5287814140 0.4314232469
96.3 -128.5 2625.7 -0.3733798862 0.9243149757 -0.0789257735 -0.8328463435 -0.3714689910 -0.4103386104 -0.4086005986 -0.0874791369 0.9085114002
-37.3 -426.5 2479.5 -0.0662701651 0.9243149757 -0.3758324981 0.0695085675 -0.3714689910 -0.9258397818 -0.9953777194 -0.0874791369 -0.0396305025
-166.0 -436.3 2823.6 0.9983108640 0.0433869809 0.0386391804 0.0393488072 -0.0156222396 -0.9991034269 -0.0427444503 0.9989361763 -0.0173030775
-184.5 -429.6 2397.8 0.9983108640 -0.0214448906 0.0539956763 0.0393488072 0.9333428741 -0.3568230867 -0.0427444503 0.3583450317 0.9326101542
13.7 -455.1 2823.0 0.9914453626 -0.1289478242 -0.0202127434 -0.0346841663 -0.1109893471 -0.9932161570 0.1258296669 0.9854206443 -0.1145123169
64.2 -411.6 2437.4 0.9914453626 -0.0196467955 -0.1290352643 -0.0346841663 0.9134052992 -0.4055708945 0.1258296669 0.4065768421 0.9049100280
-109.3 -383.5 2410.0 0 0 0 0 0 0 0 0 0
-54.1 -408.9 2227.4 0 0 0 0 0 0 0 0 0
-176.3 -789.6 2259.6 0 0 0 0 0 0 0 0 0
72.4 -793.2 2267.5 0 0 0 0 0 0 0 0 0
-24.3 67.3 2524.2 8 0.9905285835 0.1250841618 0.0566313453 -0.1369109452 0.8684571981 0.4764844775 0.0104187587 -0.4797249436 0.8773570657
-49.0 -104.0 2618.8 0.9905285835 0.1250841618 0.0566313453 -0.1369109452 0.8684571981 0.4764844775 0.0104187587 -0.4797249436 0.8773570657
-73.7 -271.6 2716.8 0.9902113676 0.1262135357 0.0595957004 -0.1390886307 0.8566273451 0.4968338907 0.0116558550 -0.5002596378 0.8657969832
-189.9 -84.3 2617.2 -0.0665944740 -0.8528258801 -0.5179316998 0.8704308867 0.2040995955 -0.4479882419 0.4877656102 -0.4806572795 0.7287340164
-174.5 -285.4 2504.5 -0.3182869554 -0.8468303084 -0.4261125028 0.5622566938 0.1932643056 -0.8040623665 0.7632567286 -0.4955071509 0.4146224856
92.0 -123.8 2620.4 -0.3502672315 0.9345210195 -0.0631135479 -0.8654803634 -0.3486810029 -0.3596739173 -0.3581293523 -0.0713584572 0.9309411049
-35.5 -438.8 2490.0 -0.0646091849 0.9345210195 -0.3499944508 0.0309636593 -0.3486810029 -0.9367298484 -0.9974301457 -0.0713584572 -0.0064081959
-175.6 -437.3 2821.3 0.9996357560 0.0184029695 0.0197397061 0.0218573380 -0.1230468825 -0.9921601415 -0.0158297829 0.9922302365 -0.1234043092
-183.1 -387.3 2418.2 0.9996357560 -0.0145552512 0.0227259751 0.0218573380 0.9305875301 -0.3654163480 -0.0158297829 0.3657799959 0.9305667281
4.0 -453.8 2829.9 0.9857394695 -0.1636338383 -0.0392641164 -0.0607859269 -0.1286687702 -0.9898229241 0.1569164544 0.9780942202 -0.1367805302
68.0 -403.5 2447.3 0.9857394695 -0.0110479938 -0.1679155976 -0.0607859269 0.9070910215 -0.4165225029 0.1569164544 0.4207895994 0.8934838176
-132.1 -360.5 2402.6 0 0 0 0 0 0 0 0 0
-51.9 -431.0 2237.8 0 0 0 0 0 0 0 0 0
-176.8 -787.1 2261.0 0 0 0 0 0 0 0 0 0
72.8 -793.7 2266.3 0 0 0 0 0 0 0 0 0
-25.8 72.5 2529.2 9 0.9912068248 0.1140161008 0.0671513975 -0.1320475936 0.8849509954 0.4465703964 -0.0085094795 -0.4515108168 0.8922250867
-48.2 -101.5 2618.0 0.9912068248 0.1140161008 0.0671513975 -0.1320475936 0.8849509954 0.4465703964 -0.0085094795 -0.4515108168 0.8922250867
-71.2 -272.5 2710.3 0.9906267524 0.1174311042 0.0697754100 -0.1364561766 0.8739259839 0.4665115774 -0.0061955811 -0.4716601074 0.8817586899
-189.2 -82.1 2618.9 -0.0623406060 -0.8596141338 -0.5071263909 0.8526874781 0.2181940526 -0.4746740460 0.5186884999 -0.4620117843 0.7193798423
-174.8 -279.2 2499.0 -0.3095928729 -0.8537879586 -0.4185670018 0.5343433022 0.2079011798 -0.8193011284 0.7865300179 -0.4773082733 0.3918511569
92.9 -120.8 2617.1 -0.3415964246 0.9384442568 -0.0513253585 -0.8820660710 -0.3389697373 -0.3271987438 -0.3244555295 -0.0664975643 0.9435606599
-32.8 -445.3 2497.7 -0.0658909306 0.9384442568 -0.3390881717 0.0133114681 -0.3389697373 -0.9407030940 -0.9977380633 -0.0664975643 0.0098429602
-187.9 -426.7 2813.8 0.9997261763 -0.0230297968 -0.0041513038 -0.0059450492 -0.0783750117 -0.9969062209 0.0226331893 0.9966579080 -0.0784904659
-178.7 -395.5 2416.9 0.9997261763 -0.0029782585 -0.0232106633 -0.0059450492 0.9270009995 -0.3750116825 0.0226331893 0.3750469685 0.9267294407
-9.3 -451.7 2815.7 0.9771625400 -0.2006792277 -0.0698657408 -0.0833095014 -0.0593364462 -0.9947556257 0.1954811960 0.9778583646 -0.0746998414
69.0 -428.5 2434.1 0.9771625400 -0.0062053162 -0.2124025971 -0.0833095014 0.9083609581 -0.4098047316 0.1954811960 0.4181410074 0.8870993257
-133.5 -350.5 2394.0 0 0 0 0 0 0 0 0 0
-49.4 -442.0 2245.6 0 0 0 0 0 0 0 0 0
-177.5 -786.9 2258.5 0 0 0 0 0 0 0 0 0
71.5 -795.0 2265.4 0 0 0 0 0 0 0 0 0
-26.5 75.8 2537.3 0 0.9927518368 0.0930751413 0.0760313421 -0.1162441298 0.9042646885 0.4108439088 -0.0305130966 -0.4167042673 0.9085298777
-44.8 -102.2 2619.3 0.9927518368 0.0930751413 0.0760313421 -0.1162441298 0.9042646885 0.4108439088 -0.0305130966 -0.4167042673 0.9085298777
-63.2 -276.9 2705.5 0.9925557375 0.0931246728 0.0784917846 -0.1181372777 0.8928461671 0.4345909953 -0.0296099484 -0.4406285882 0.8972010612
-186.2 -85.4 2623.4 -0.0672629401 -0.8719730973 -0.4849109650 0.8315396905 0.2195916176 -0.5102168918 0.5513777733 -0.4375413954 0.7103098631
-170.6 -277.6 2496.0 -0.3037547469 -0.8662621379 -0.3966396153 0.4990231991 0.2099820375 -0.8407635689 0.8116088510 -0.4533182979 0.3685018420
96.5 -119.0 2615.1 -0.3392303288 0.9396593571 -0.0443062223 -0.8832444549 -0.3343649507 -0.3287542164 -0.3237314224 -0.0723901764 0.9433756471
-26.6 -439.5 2497.6 -0.0881103203 0.9396593571 -0.3305704594 -0.0320680514 -0.3343649507 -0.9418979287 -0.9955943823 -0.0723901764 0.0595940463
-183.8 -431.2 2803.2 0.9996494651 -0.0226587653 -0.0136926873 -0.0154986000 -0.0815460235 -0.9965490699 0.0214639865 0.9964119792 -0.0818686187
-174.8 -398.9 2409.7 0.9996494651 0.0067922510 -0.0255885646 -0.0154986000 0.9337385893 -0.3576199114 0.0214639865 0.3578911424 0.9335165620
-4.9 -455.7 2802.0 0.9766775370 -0.1945306510 -0.0908779427 -0.0903374404 0.0116670700 -0.9958428741 0.1947822422 0.9808270335 -0.0061784363
70.9 -460.2 2419.5 0.9766775370 0.0003356272 -0.2147111148 -0.0903374404 0.9078229666 -0.4095077217 0.1947822422 0.4193534553 0.8866806626
-130.1 -344.2 2387.7 0 0 0 0 0 0 0 0 0
-48.8 -447.6 2246.6 0 0 0 0 0 0 0 0 0
-177.7 -789.2 2260.1 0 0 0 0 0 0 0 0 0
70.8 -795.1 2264.8 0 0 0 0 0 0 0 0 0
-26.8 82.6 2533.8 1 0.9896606207 0.0803025067 0.1188417226 -0.1229313686 0.9017586112 0.4143902659 -0.0738899708 -0.4247151017 0.9023066759
-42.8 -96.4 2618.1 0.9896606207 0.0803025067 0.1188417226 -0.1229313686 0.9017586112 0.4143902659 -0.0738899708 -0.4247151017 0.9023066759
-58.5 -270.8 2705.3 0.9894220829 0.0804421976 0.1207187250 -0.1255925596 0.8914676905 0.4353295863 -0.0725979730 -0.4458860755 0.8921407461
-183.6 -78.6 2628.4 -0.0370234437 -0.8885591030 -0.4572657943 0.8328400254 0.2254467607 -0.5055208206 0.5522741675 -0.3995453715 0.7316807508
-175.0 -271.0 2500.7 -0.2644067109 -0.8836121559 -0.3864176869 0.5024877787 0.2157712877 -0.8372268677 0.8231616616 -0.4155385792 0.3869529068
98.1 -114.2 2607.8 -0.3360578716 0.9416493177 -0.0190161821 -0.8912320733 -0.3244645894 -0.3169038594 -0.3045823872 -0.0895502120 0.9482669830
-23.5 -436.5 2497.6 -0.1009405032 0.9416493177 -0.3211036026 -0.0184087176 -0.3244645894 -0.9457187057 -0.9947221279 -0.0895502120 0.0500861779
-171.1 -440.9 2794.3 0.9998897314 0.0065072817 -0.0133505957 -0.0130039239 -0.0506842248 -0.9986300468 -0.0071750316 0.9986935258 -0.0505940132
-173.7 -421.0 2401.8 0.9998897314 0.0147140445 0.0020199006 -0.0130039239 0.9330363274 -0.3595470190 -0.0071750316 0.3594810963 0.9331247807
8.2 -462.1 2788.9 0.9850544930 -0.1557985991 -0.0734470040 -0.0648120120 0.0598046184 -0.9961038232 0.1595840454 0.9859767556 0.0488131866
68.9 -485.4 2404.3 0.9850544930 -0.0066529214 -0.1721145064 -0.0648120120 0.9114968777 -0.4061684608 0.1595840454 0.4112531543 0.8974429369
-139.7 -338.1 2390.8 0 0 0 0 0 0 0 0 0
-49.6 -441.3 2240.7 0 0 0 0 0 0 0 0 0
-179.4 -784.7 2261.7 0 0 0 0 0 0 0 0 0
71.2 -795.5 2264.4 0 0 0 0 0 0 0 0 0
-26.8 87.5 2540.0 2 0.9940344095 0.0841765702 0.0693532079 -0.1054102629 0.9047346711 0.4127273262 -0.0280042794 -0.4175757170 0.9082105160
-43.5 -91.2 2622.5 0.9940344095 0.0841765702 0.0693532079 -0.1054102629 0.9047346711 0.4127273262 -0.0280042794 -0.4175757170 0.9082105160
-60.0 -266.2 2708.7 0.9938161969 0.0849766433 0.0714724809 -0.1077305153 0.8938354850 0.4352611303 -0.0268976130 -0.4402693510 0.8974627852
-184.9 -76.0 2626.3 -0.0774822682 -0.8730210662 -0.4814879894 0.8307107687 0.2105089873 -0.5153693557 0.5512858629 -0.4399092495 0.7089173198
-166.9 -268.0 2498.9 -0.3111915886 -0.8671664596 -0.3888213933 0.4956983626 0.2009620517 -0.8449245095 0.8108285666 -0.4556715190 0.3673152924
97.9 -106.5 2618.7 -0.2500764728 0.9603350759 0.1233623177 -0.8969134092 -0.1817777157 -0.4031167924 -0.3647027016 -0.2114553452 0.9067957997
21.6 -380.4 2507.4 -0.2440406829 0.9603350759 -0.1349097639 -0.1810033619 -0.1817777157 -0.9665374756 -0.9527234435 -0.2114553452 0.2181850374
-163.6 -434.0 2799.1 0.9993864894 0.0347195864 0.0046087648 0.0091989068 -0.1332326829 -0.9910420775 -0.0337945335 0.9904764295 -0.1334703267
-177.2 -381.9 2411.9 0.9993864894 0.0032552141 0.0348725393 0.0091989068 0.9363203049 -0.3510265350 -0.0337945335 0.3511319458 0.9357159138
15.0 -456.6 2786.0 0.9860209227 -0.1452474147 -0.0816449374 -0.0672863573 0.1011674181 -0.9925913811 0.1524311453 0.9842094779 0.0899800211
71.7 -496.1 2401.6 0.9860209227 -0.0018990494 -0.1666106284 -0.0672863573 0.9102373719 -0.4085834324 0.1524311453 0.4140824378 0.8973853588
-125.4 -334.2 2390.7 0 0 0 0 0 0 0 0 0
-40.7 -426.6 2264.2 0 0 0 0 0 0 0 0 0
-178.6 -785.7 2260.5 0 0 0 0 0 0 0 0 0
72.4 -794.6 2265.8 0 0 0 0 0 0 0 0 0
-27.9 86.5 2543.6 3 0.9956244826 0.0840576366 0.0408194773 -0.0934103280 0.9071282148 0.4103570879 -0.0025348526 -0.4123745263 0.9110108614
-44.5 -92.4 2625.0 0.9956244826 0.0840576366 0.0408194773 -0.0934103280 0.9071282148 0.4103570879 -0.0025348526 -0.4123745263 0.9110108614
-61.2 -267.8 2710.2 0.9954183698 0.0854028165 0.0429950766 -0.0956031159 0.8960644603 0.4335071743 -0.0015036274 -0.4356314838 0.9001238346
-186.2 -78.9 2625.2 -0.1017910764 -0.8638868928 -0.4932930470 0.8281189203 0.2011824101 -0.5232061744 0.5512328148 -0.4617630541 0.6949225068
-162.7 -270.3 2497.8 -0.3380157053 -0.8575118184 -0.3878386617 0.4895528257 0.1917525828 -0.8506285548 0.8037931323 -0.4773933589 0.3549819589
97.2 -105.9 2624.8 -0.2049024850 0.9493304491 0.2382995933 -0.8729631901 -0.0671415478 -0.4831431210 -0.4426626861 -0.3070240021 0.8424879909
35.7 -367.7 2492.0 -0.3142704666 0.9493304491 0.0024080304 -0.2102906406 -0.0671415478 -0.9753306508 -0.9257493615 -0.3070240021 0.2207359225
-166.3 -431.5 2797.2 0.9996726513 0.0252344199 0.0042180833 0.0056173601 -0.0556398407 -0.9984350801 -0.0249602366 0.9981319904 -0.0557633787
-176.2 -409.8 2407.9 0.9996726513 0.0039059722 0.0252846107 0.0056173601 0.9306529760 -0.3658599257 -0.0249602366 0.3658822179 0.9303264022
13.0 -450.9 2792.4 0.9830422997 -0.1543149054 -0.0990692675 -0.0824636966 0.1105360910 -0.9904451370 0.1637911648 0.9818190932 0.0959362835
73.4 -494.1 2408.4 0.9830422997 0.0041036601 -0.1833329350 -0.0824636966 0.9028534293 -0.4219661653 0.1637911648 0.4299288988 0.8878815174
-117.5 -335.6 2390.5 0 0 0 0 0 0 0 0 0
-45.4 -422.0 2253.0 0 0 0 0 0 0 0 0 0
-177.7 -785.5 2260.2 0 0 0 0 0 0 0 0 0
72.0 -794.5 2265.4 0 0 0 0 0 0 0 0 0
-27.7 87.8 2545.0 4 0.9950815439 0.0933778211 0.0330648012 -0.0986817703 0.9053341150 0.4130762815 0.0086374693 -0.4143074751 0.9100959897
-46.1 -90.9 2626.7 0.9950815439 0.0933778211 0.0330648012 -0.0986817703 0.9053341150 0.4130762815 0.0086374693 -0.4143074751 0.9100959897
-65.0 -265.8 2712.6 0.9947299957 0.0961351395 0.0356405601 -0.1020184457 0.8934009075 0.4375237226 0.0102200937 -0.4388539791 0.8985002637
-187.8 -76.5 2625.3 -0.1026300564 -0.8572916985 -0.5044977665 0.8313857317 0.2045302838 -0.5166866779 0.5461362600 -0.4724598229 0.6917491555
-164.0 -268.7 2499.1 -0.3438859284 -0.8508018851 -0.3973394036 0.4955605865 0.1949849278 -0.8464044929 0.7975977659 -0.4879723489 0.3545713127
95.5 -105.3 2628.2 -0.1792423278 0.9358736873 0.3033358455 -0.8563628793 0.0033499310 -0.5163636208 -0.4842672646 -0.3523197770 0.8008470535
41.1 -365.0 2481.4 -0.3451248109 0.9358736873 0.0709175915 -0.1925534010 0.0033499310 -0.9812808037 -0.9185924530 -0.3523197770 0.1790495217
-167.8 -434.6 2795.6 0.9997885227 0.0202450454 0.0036171665 0.0042260932 -0.0301162899 -0.9995374680 -0.0201267451 0.9993413687 -0.0301954765
-175.7 -422.8 2405.1 0.9997885227 0.0035154677 0.0202629529 0.0042260932 0.9291350842 -0.3697162867 -0.0201267451 0.3697237372 0.9289237261
11.9 -451.9 2795.4 0.9838175178 -0.1544517130 -0.0908169970 -0.0786973163 0.0828624144 -0.9934487939 0.1609651893 0.9845194221 0.0693665668
72.4 -484.3 2410.2 0.9838175178 0.0031198121 -0.1791460961 -0.0786973163 0.9057651758 -0.4164085984 0.1609651893 0.4237684011 0.8913531899
-118.1 -334.8 2392.6 0 0 0 0 0 0 0 0 0
-49.0 -415.2 2241.5 0 0 0 0 0 0 0 0 0
-177.1 -789.2 2259.4 0 0 0 0 0 0 0 0 0
71.3 -795.2 2264.7 0 0 0 0 0 0 0 0 0
-27.5 86.9 2545.1 5 0.9947148561 0.1004249081 0.0213815775 -0.1001595780 0.9032445550 0.4172737002 0.0225918815 -0.4172099233 0.9085292816
-47.2 -90.7 2627.2 0.9947148561 0.1004249081 0.0213815775 -0.1001595780 0.9032445550 0.4172737002 0.0225918815 -0.4172099233 0.9085292816
-67.9 -265.2 2713.5 0.9941751361 0.1050433293 0.0241182614 -0.1048734412 0.8912720680 0.4411753416 0.0248465948 -0.4411348999 0.8970967531
-188.8 -75.9 2623.6 -0.1079388782 -0.8498514295 -0.5158505440 0.8339601755 0.2050484270 -0.5123139024 0.5411650538 -0.4854974151 0.6866095066
-163.9 -268.6 2498.6 -0.3537556529 -0.8431693316 -0.4048733413 0.4998951554 0.1954193711 -0.8437511921 0.7905452251 -0.5008759499 0.3523655534
94.3 -105.5 2630.7 -0.1281734109 0.8861278296 0.4453638792 -0.8591595888 0.1251047403 -0.4961790144 -0.4953951538 -0.4462356269 0.7452901602
58.2 -347.5 2491.1 -0.4114464521 0.8861278296 0.2132820785 -0.2307579666 0.1251047403 -0.9649350047 -0.8817383647 -0.4462356269 0.1530071646
-173.7 -431.5 2797.6 0.9999436736 0.0094278334 0.0048716608 0.0051886081 -0.0338910669 -0.9994120598 -0.0092571843 0.9993810654 -0.0339380763
-177.4 -418.3 2406.6 0.9999436736 -0.0014162645 0.0105171911 0.0051886081 0.9297663569 -0.3681135476 -0.0092571843 0.3681474030 0.9297213554
6.0 -450.0 2799.5 0.9828220606 -0.1655506641 -0.0815708563 -0.0730133057 0.0571450517 -0.9956924915 0.1694989204 0.9845442772 0.0440760143
70.8 -472.3 2414.2 0.9828220606 -0.0044740592 -0.1845015138 -0.0730133057 0.9087199569 -0.4109708965 0.1694989204 0.4173823297 0.8927833438
-116.6 -335.4 2393.0 0 0 0 0 0 0 0 0 0
-49.5 -408.0 2260.3 0 0 0 0 0 0 0 0 0
-176.8 -791.1 2259.0 0 0 0 0 0 0 0 0 0
72.4 -794.9 2266.0 0 0 0 0 0 0 0 0 0
-25.5 86.8 2545.7 6 0.9937608838 0.1088614464 0.0242576879 -0.1088917330 0.8999757767 0.4221210182 0.0241213720 -0.4221288264 0.9062148929
-46.9 -89.8 2628.5 0.9937608838 0.1088614464 0.0242576879 -0.1088917330 0.8999757767 0.4221210182 0.0241213720 -0.4221288264 0.9062148929
-69.0 -263.3 2716.3 0.9932753444 0.1124519184 0.0275429059 -0.1128112674 0.8865636587 0.4486407638 0.0260319728 -0.4487309456 0.8932876587
-188.3 -73.8 2624.8 -0.1012079790 -0.8480336666 -0.5201882720 0.8394287825 0.2078438401 -0.5021556616 0.5339628458 -0.4874831438 0.6908283830
-164.9 -267.8 2501.4 -0.3498130143 -0.8414275050 -0.4118623435 0.5095434189 0.1980287135 -0.8373470902 0.7861274481 -0.5027766824 0.3594708443
94.6 -105.7 2632.2 -0.1383602768 0.8825454116 0.4494107962 -0.8491119742 0.1278593391 -0.5125044584 -0.5097697973 -0.4525103569 0.7316892147
54.6 -350.8 2485.1 -0.4260734618 0.8825454116 0.1989347488 -0.1896816343 0.1278593391 -0.9734849334 -0.8845803142 -0.4525103569 0.1129251868
-178.3 -430.2 2797.6 0.9999983311 -0.0011177229 -0.0014380539 -0.0014227446 0.0135790594 -0.9999067783 0.0011371461 0.9999071956 0.0135774473
-177.8 -435.5 2406.6 0.9999983311 0.0008678167 -0.0016013113 -0.0014227446 0.9211109281 -0.3892976642 0.0011371461 0.3892993033 0.9211106300
1.4 -449.2 2802.1 0.9774578214 -0.1861330569 -0.0996530578 -0.0931099653 0.0435921624 -0.9947010875 0.1894908547 0.9815570116 0.0252786577
74.2 -466.2 2417.9 0.9774578214 0.0047368580 -0.2110777348 -0.0931099653 0.9069495201 -0.4108200669 0.1894908547 0.4212127328 0.8869459033
-118.2 -335.8 2396.5 0 0 0 0 0 0 0 0 0
-56.1 -400.1 2255.2 0 0 0 0 0 0 0 0 0
-178.2 -786.1 2258.5 0 0 0 0 0 0 0 0 0
72.5 -794.3 2265.6 0 0 0 0 0 0 0 0 0
-24.4 88.0 2545.5 7 0.9939749241 0.1058954522 0.0282836165 -0.1078812554 0.8995704055 0.4232431352 0.0193764195 -0.4237443209 0.9055745602
-45.3 -88.9 2628.8 0.9939749241 0.1058954522 0.0282836165 -0.1078812554 0.8995704055 0.4232431352 0.0193764195 -0.4237443209 0.9055745602
-66.9 -262.0 2717.6 0.9933905602 0.1102728695 0.0318610296 -0.1127043515 0.8844767809 0.4527676702 0.0217476524 -0.4533660114 0.8910591006
-186.7 -73.0 2625.7 -0.0986297727 -0.8503838181 -0.5168360472 0.8418912888 0.2055992037 -0.4989469647 0.5305575132 -0.4843308032 0.6956524849
-164.0 -267.5 2503.1 -0.3460094035 -0.8438516855 -0.4101119936 0.5131796002 0.1957133114 -0.8356692195 0.7854452133 -0.4996104836 0.3653288186
96.2 -104.8 2631.9 -0.1465134919 0.8930819631 0.4253686070 -0.8496229649 0.1066216156 -0.5165004134 -0.5066306591 -0.4370771945 0.7431613803
53.0 -355.6 2482.4 -0.4189000130 0.8930819631 0.1640958339 -0.1572795659 0.1066216156 -0.9817815423 -0.8943074942 -0.4370771945 0.0957997441
-180.8 -426.7 2801.9 0.9999516010 0.0015226260 0.0097208638 0.0097063659 0.0092559895 -0.9999100566 -0.0016124654 0.9999560118 0.0092407623
-181.4 -430.3 2410.5 0.9999516010 -0.0082899220 0.0053000739 0.0097063659 0.9193679094 -0.3932790458 -0.0016124654 0.3933114409 0.9194039106
-1.2 -447.1 2806.6 0.9752191901 -0.1941199750 -0.1061365530 -0.1008492336 0.0369487219 -0.9942153692 0.1969186813 0.9802817106 0.0164562520
74.8 -461.6 2422.7 0.9752191901 0.0071970201 -0.2211237997 -0.1008492336 0.9040544629 -0.4153492749 0.1969186813 0.4273567498 0.8823770285
-117.8 -336.0 2398.3 0 0 0 0 0 0 0 0 0
-56.6 -396.7 2248.5 0 0 0 0 0 0 0 0 0
-178.1 -786.7 2258.1 0 0 0 0 0 0 0 0 0
72.1 -795.0 2265.1 0 0 0 0 0 0 0 0 0
-24.3 89.2 2545.9 8 0.9934288859 0.1088443547 0.0353823714 -0.1134989262 0.8971158862 0.4269672930 0.0147308912 -0.4281775057 0.9035745859
-45.7 -87.3 2630.1 0.9934288859 0.1088443547 0.0353823714 -0.1134989262 0.8971158862 0.4269672930 0.0147308912 -0.4281775057 0.9035745859
-68.0 -260.0 2719.5 0.9927749038 0.1135080308 0.0389091223 -0.1187331378 0.8824408054 0.4551929832 0.0173330642 -0.4565239847 0.8895422220
-187.1 -70.5 2627.7 -0.0909259990 -0.8514242768 -0.5165356994 0.8440437317 0.2093822956 -0.4937097132 0.5285098553 -0.4808697701 0.6996009946
-166.1 -265.6 2505.6 -0.3390869796 -0.8450261950 -0.4134618640 0.5176103115 0.1994114071 -0.8320544958 0.7855568528 -0.4961509705 0.3697764575
95.7 -104.1 2632.6 -0.1468208730 0.9028233290 0.4041703939 -0.8536847234 0.0907476172 -0.5128228068 -0.4996658862 -0.4203271866 0.7574028373
52.1 -357.5 2484.2 -0.4062771201 0.9028233290 0.1408864558 -0.1402438581 0.0907476172 -0.9859495759 -0.9029233456 -0.4203271866 0.0897467360
-178.3 -425.0 2804.4 0.9999825954 0.0019531620 0.0055669928 0.0055837813 -0.0086978553 -0.9999465942 -0.0019046367 0.9999602437 -0.0087086102
-179.1 -421.6 2412.9 0.9999825954 -0.0044191200 0.0039086612 0.0055837813 0.9228097200 -0.3852155805 -0.0019046367 0.3852306902 0.9228183627
1.2 -445.4 2808.3 0.9801622033 -0.1772764474 -0.0886290967 -0.0801908746 0.0542248525 -0.9953035116 0.1812497675 0.9826661348 0.0389331952
70.7 -466.6 2423.6 0.9801622033 -0.0069751609 -0.1980742365 -0.0801908746 0.8999697566 -0.4285135567 0.1812497675 0.4358965456 0.8815569878
-120.8 -334.7 2400.7 0 0 0 0 0 0 0 0 0
-55.0 -394.5 2246.1 0 0 0 0 0 0 0 0 0
-177.3 -789.6 2259.3 0 0 0 0 0 0 0 0 0
73.2 -794.1 2265.0 0 0 0 0 0 0 0 0 0
-24.1 85.9 2549.1 9 0.9928386807 0.1097117588 0.0472720340 -0.1193961203 0.8980928063 0.4232893288 0.0039851391 -0.4259021282 0.9047604799
-45.6 -90.5 2632.8 0.9928386807 0.1097117588 0.0472720340 -0.1193961203 0.8980928063 0.4232893288 0.0039851391 -0.4259021282 0.9047604799
-67.7 -263.4 2721.9 0.9923684001 0.1122974828 0.0509333387 -0.1231693178 0.8831330538 0.4526647031 0.0058521936 -0.4554835856 0.8902249336
-187.0 -73.1 2632.0 -0.0812191963 -0.8558353782 -0.5108319521 0.8430384398 0.2144165933 -0.4932663441 0.5316855907 -0.4707136750 0.7040873766
-168.2 -268.0 2509.1 -0.3279261291 -0.8496539593 -0.4129801691 0.5170281529 0.2044578791 -0.8311912417 0.7906619906 -0.4860917032 0.3722479343
95.7 -108.0 2633.6 -0.1144338697 0.8768752217 0.4668991268 -0.8502847552 0.1565905064 -0.5024890900 -0.5137321353 -0.4544989765 0.7276743650
64.1 -342.8 2491.7 -0.4175126255 0.8768752217 0.2382710725 -0.2205425799 0.1565905064 -0.9627255201 -0.8815010786 -0.4544989765 0.1280098110
-180.0 -422.1 2807.4 0.9999925494 -0.0038009130 -0.0006826398 -0.0008158439 -0.0351547450 -0.9993815422 0.0037745642 0.9993746281 -0.0351575837
-178.5 -408.4 2416.1 0.9999925494 -0.0006721655 -0.0038027791 -0.0008158439 0.9257369637 -0.3781671524 0.0037745642 0.3781674504 0.9257295132
-0.5 -443.6 2810.5 0.9822363257 -0.1753999144 -0.0666832477 -0.0657048151 0.0113863451 -0.9977741241 0.1757687777 0.9844314456 -0.0003405370
68.1 -448.0 2425.3 0.9822363257 -0.0145161198 -0.1870857328 -0.0657048151 0.9072812200 -0.4153596461 0.1757687777 0.4202737510 0.8902108073
-124.4 -337.0 2403.5 0 0 0 0 0 0 0 0 0
-46.1 -401.0 2259.0 0 0 0 0 0 0 0 0 0
-178.2 -789.2 2260.6 0 0 0 0 0 0 0 0 0
73.7 -794.5 2264.8 0 0 0 0 0 0 0 0 0
-24.5 84.9 2546.7 0 0.9926174283 0.1144041121 0.0402782932 -0.1206087992 0.8959644437 0.4274356365 0.0128124757 -0.4291379750 0.9031480551
-47.0 -91.5 2631.2 0.9926174283 0.1144041121 0.0402782932 -0.1206087992 0.8959644437 0.4274356365 0.0128124757 -0.4291379750 0.9031480551
-70.0 -264.2 2720.5 0.9922031164 0.1166882738 0.0437808521 -0.1237964630 0.8821609616 0.4543858469 0.0143997446 -0.4562630057 0.8897284269
-188.3 -74.0 2629.1 -0.0851089135 -0.8517245650 -0.5170316100 0.8441370726 0.2140392363 -0.4915483892 0.5293288827 -0.4782807231 0.7007556558
-168.7 -269.1 2506.8 -0.3341895938 -0.8454213142 -0.4166294932 0.5187968016 0.2040462345 -0.8301897049 0.7868717313 -0.4935868382 0.3704117537
94.3 -109.0 2633.2 -0.1453965753 0.9044302702 0.4010806382 -0.8421621919 0.0996227786 -0.5299416780 -0.5192520618 -0.4148266613 0.7471921444
53.1 -347.8 2486.0 -0.3811317384 0.9044302702 0.1916884035 -0.2482161075 0.0996227786 -0.9635683894 -0.8905769587 -0.4148266613 0.1865247637
-179.4 -425.2 2810.6 0.9999399781 -0.0088832090 -0.0064176056 -0.0064437767 -0.0029206586 -0.9999749660 0.0088642435 0.9999562502 -0.0029777247
-175.8 -424.0 2402.7 0.9999399781 0.0028055070 -0.0105936863 -0.0064437767 0.9324290156 -0.3612957001 0.0088642435 0.3613422513 0.9323911071
-0.0 -447.5 2811.7 0.9813938141 -0.1778067350 -0.0724631920 -0.0724260211 0.0067084311 -0.9973512292 0.1778218746 0.9840425849 -0.0062942216
69.6 -450.1 2426.4 0.9813938141 -0.0098371506 -0.1917534322 -0.0724260211 0.9059461951 -0.4171522558 0.1778218746 0.4232786000 0.8883774877
-124.0 -338.3 2401.8 0 0 0 0 0 0 0 0 0
-49.4 -414.5 2246.5 0 0 0 0 0 0 0 0 0
-176.9 -791.4 2260.3 0 0 0 0 0 0 0 0 0
73.3 -794.1 2265.7 0 0 0 0 0 0 0 0 0
-24.5 82.7 2539.5 1 0.9931868315 0.1011626199 0.0578446127 -0.1164368242 0.8816140294 0.4573829472 -0.0047265659 -0.4610019624 0.8873865008
-44.3 -90.3 2629.9 0.9931868315 0.1011626199 0.0578446127 -0.1164368242 0.8816140294 0.4573829472 -0.0047265659 -0.4610019624 0.8873865008
-64.4 -260.1 2725.0 0.9928951859 0.1023382694 0.0607125871 -0.1189444661 0.8680372238 0.4820410907 -0.0033695332 -0.4858376980 0.8740425706
-185.7 -73.4 2630.4 -0.0779066458 -0.8629370928 -0.4992695451 0.8598201275 0.1953217089 -0.4717613161 0.5046185255 -0.4660353661 0.7267538905
-167.7 -272.1 2513.8 -0.3197140098 -0.8569158912 -0.4043243229 0.5415650606 0.1848848909 -0.8200761080 0.7774897218 -0.4811577499 0.4049654007
97.1 -107.2 2629.4 -0.1327194870 0.8822302222 0.4517248571 -0.8422077298 0.1399054825 -0.5206847191 -0.5225626230 -0.4495511651 0.7244529724
61.3 -333.8 2488.8 -0.3845226765 0.8822302222 0.2716838419 -0.3368731439 0.1399054825 -0.9310976863 -0.8594526052 -0.4495511651 0.2434028387
-182.5 -425.7 2808.5 0.9999411106 -0.0108492989 0.0000993670 -0.0005305774 -0.0580448247 -0.9983138442 0.0108367736 0.9982550144 -0.0580471642
-178.2 -402.6 2410.0 0.9999411106 -0.0033712846 -0.0103126913 -0.0005305774 0.9341685772 -0.3568316102 0.0108367736 0.3568160832 0.9341117740
-3.1 -448.1 2811.1 0.9793871641 -0.1880829632 -0.0736588314 -0.0775554925 -0.0134331519 -0.9968975186 0.1865099669 0.9820612669 -0.0277431235
70.5 -442.9 2426.7 0.9793871641 -0.0071854810 -0.2018642873 -0.0775554925 0.9093913436 -0.4086471498 0.1865099669 0.4158794582 0.8900889158
-125.0 -344.4 2410.0 0 0 0 0 0 0 0 0 0
-42.7 -424.9 2256.3 0 0 0 0 0 0 0 0 0
-176.8 -791.1 2261.6 0 0 0 0 0 0 0 0 0
73.3 -795.2 2265.5 0 0 0 0 0 0 0 0 0
-24.7 78.1 2542.4 2 0.9941647053 0.1008230075 0.0383567400 -0.1072318405 0.8849728107 0.4531273842 0.0117409928 -0.4545963407 0.8906201720
-44.4 -94.9 2631.2 0.9941647053 0.1008230075 0.0383567400 -0.1072318405 0.8849728107 0.4531273842 0.0117409928 -0.4545963407 0.8906201720
-64.7 -265.4 2725.3 0.9937788248 0.1034135520 0.0413437374 -0.1105495840 0.8709316254 0.4788078368 0.0135076493 -0.4803996086 0.8769456744
-185.9 -79.3 2629.3 -0.0940154716 -0.8563018441 -0.5078467131 0.8569746614 0.1900195330 -0.4790479839 0.5067104697 -0.4802497029 0.7159641981
-164.1 -277.3 2512.2 -0.3378322721 -0.8499289155 -0.4043391645 0.5355315208 0.1796984226 -0.8251754045 0.7739995718 -0.4953072667 0.3944558203
97.1 -110.6 2633.1 -0.1091694981 0.8501503468 0.5150983930 -0.8344053030 0.2032530755 -0.5123046041 -0.5402312875 -0.4857288897 0.6871809363
68.6 -328.9 2491.8 -0.3931768239 0.8501503468 0.3502232432 -0.3685351610 0.2032530755 -0.9071218371 -0.8423739076 -0.4857288897 0.2333959043
-174.1 -419.2 2820.4 0.9999870062 0.0050244005 0.0008848498 0.0008649087 0.0039696470 -0.9999917746 -0.0050278716 0.9999794960 0.0039652498
-176.2 -420.9 2401.8 0.9999870062 0.0009932293 0.0050041038 0.0008649087 0.9336622357 -0.3581536710 -0.0050278716 0.3581533432 0.9336492419
5.3 -440.8 2819.8 0.9831699133 -0.1707979143 -0.0648457259 -0.0751538053 -0.0545884110 -0.9956766367 0.1665196717 0.9837927222 -0.0665057972
72.2 -419.4 2434.9 0.9831699133 -0.0002083030 -0.1826933324 -0.0751538053 0.9110087156 -0.4054812789 0.1665196717 0.4123871028 0.8956606984
-119.0 -348.8 2408.9 0 0 0 0 0 0 0 0 0
-38.5 -429.2 2262.5 0 0 0 0 0 0 0 0 0
-176.6 -790.9 2259.8 0 0 0 0 0 0 0 0 0
72.2 -794.3 2265.2 0 0 0 0 0 0 0 0 0
-22.5 82.9 2535.3 3 0.9917689562 0.1210339591 0.0417751856 -0.1266001314 0.8781492710 0.4613309801 0.0191518664 -0.4628224671 0.8862440586
-46.3 -90.0 2626.4 0.9917689562 0.1210339591 0.0417751856 -0.1266001314 0.8781492710 0.4613309801 0.0191518664 -0.4628224671 0.8862440586
-70.7 -259.3 2721.5 0.9912303686 0.1242518052 0.0449868962 -0.1304278374 0.8652049303 0.4841580093 0.0212346204 -0.4857796729 0.8738233447
-187.4 -71.5 2623.4 -0.0801759437 -0.8489840031 -0.5223006606 0.8623065352 0.2037642449 -0.4635812938 0.4999993145 -0.4875513315 0.7157474160
-168.9 -270.8 2507.9 -0.3322534561 -0.8427176476 -0.4235972762 0.5477613211 0.1932092309 -0.8140194416 0.7678314447 -0.5024909973 0.3974137008
94.8 -108.5 2629.4 -0.1422802955 0.9092239738 0.3912392259 -0.8442462683 0.0948678628 -0.5274924636 -0.5167248249 -0.4053540230 0.7541111112
55.3 -343.3 2485.8 -0.3562997878 0.9092239738 0.2153189927 -0.3262754381 0.0948678628 -0.9405022264 -0.8755540252 -0.4053540230 0.2628560364
-174.7 -425.9 2818.1 0.9999932051 0.0034124735 -0.0014031534 -0.0014296527 0.0077754264 -0.9999687672 -0.0034014566 0.9999639392 0.0077802520
-176.1 -429.2 2397.8 0.9999932051 0.0025484483 0.0026681877 -0.0014296527 0.9342786670 -0.3565407991 -0.0034014566 0.3565345705 0.9342759252
4.9 -445.9 2820.5 0.9849087000 -0.1658590585 -0.0494533256 -0.0633592010 -0.0796242207 -0.9948093295 0.1610604525 0.9829297066 -0.0889312848
69.8 -414.7 2435.9 0.9849087000 -0.0070172404 -0.1729324013 -0.0633592010 0.9151995778 -0.3979890645 0.1610604525 0.4029397368 0.9009434581
-124.6 -343.9 2405.4 0 0 0 0 0 0 0 0 0
-43.2 -433.5 2243.7 0 0 0 0 0 0 0 0 0
-177.1 -790.2 2260.0 0 0 0 0 0 0 0 0 0
72.7 -795.4 2268.3 0 0 0 0 0 0 0 0 0
-21.7 87.0 2531.8 4 0.9903081656 0.1286579818 0.0523149595 -0.1381949484 0.8752263188 0.4635525942 0.0138523085 -0.4662895799 0.8845236897
-47.2 -86.1 2624.0 0.9903081656 0.1286579818 0.0523149595 -0.1381949484 0.8752263188 0.4635525942 0.0138523085 -0.4662895799 0.8845236897
-73.3 -254.5 2720.3 0.9894972444 0.1332147568 0.0561158359 -0.1435698122 0.8605319858 0.4887457788 0.0168186724 -0.4916691482 0.8706196547
-188.1 -65.7 2621.7 -0.0659725070 -0.8487724662 -0.5246264338 0.8662878871 0.2121942341 -0.4522376060 0.4951695502 -0.4843128026 0.7212823629
-172.9 -265.9 2507.2 -0.3208004832 -0.8427275419 -0.4323162138 0.5567616820 0.2014667243 -0.8058707118 0.7662267685 -0.4992208183 0.4045678079
93.7 -106.4 2626.4 -0.1622216851 0.9358717203 0.3127751350 -0.8497921824 0.0286061466 -0.5263410807 -0.5015349984 -0.3511778116 0.7906559110
46.9 -351.5 2481.8 -0.3276483119 0.9358717203 0.1295790970 -0.2958947718 0.0286061466 -0.9547921419 -0.8972696662 -0.3511778116 0.2675467730
-184.6 -416.9 2814.7 0.9991682768 -0.0321234539 -0.0251158290 -0.0261773728 -0.0330635458 -0.9991104007 0.0312644579 0.9989368916 -0.0338769518
-171.5 -403.5 2409.7 0.9991682768 0.0131448777 -0.0385996550 -0.0261773728 0.9325733781 -0.3600301147 0.0312644579 0.3607411087 0.9321418405
-5.4 -440.5 2818.6 0.9795915484 -0.1912636906 -0.0617946610 -0.0752587020 -0.0639441907 -0.9951117039 0.1863773167 0.9794536233 -0.0770334452
69.4 -415.5 2435.2 0.9795915484 -0.0068588885 -0.2008813918 -0.0752587020 0.9142013192 -0.3982110918 0.1863773167 0.4052022994 0.8950276971
-130.0 -340.3 2404.9 0 0 0 0 0 0 0 0 0
-46.0 -435.4 2227.4 0 0 0 0 0 0 0 0 0
-177.0 -790.1 2260.2 0 0 0 0 0 0 0 0 0
72.3 -793.7 2267.6 0 0 0 0 0 0 0 0 0
-22.3 82.7 2530.0 5 0.9901341796 0.1252030283 0.0629164949 -0.1400788575 0.8732452989 0.4667124748 0.0034922773 -0.4709212482 0.8821683526
-47.1 -90.0 2623.2 0.9901341796 0.1252030283 0.0629164949 -0.1400788575 0.8732452989 0.4667124748 0.0034922773 -0.4709212482 0.8821683526
-72.4 -257.7 2720.8 0.9894009233 0.1288230270 0.0670105293 -0.1450730562 0.8569291830 0.4945969880 0.0062922034 -0.4990761280 0.8665353060
-188.0 -69.4 2622.3 -0.0588519610 -0.8540217876 -0.5168976784 0.8697617054 0.2102673501 -0.4464327693 0.4899500012 -0.4758512676 0.7304208279
-174.4 -270.4 2509.1 -0.3109891415 -0.8481675982 -0.4288327098 0.5625149012 0.1994282007 -0.8023748398 0.7660696507 -0.4907546639 0.4150869250
93.8 -110.5 2624.0 -0.1687519252 0.9460459352 0.2766223550 -0.8545317650 -0.0005565740 -0.5193988681 -0.4912211895 -0.3240321279 0.8085201979
45.5 -355.1 2483.4 -0.3154462874 0.9460459352 0.0740998089 -0.2302616686 -0.0005565740 -0.9731286168 -0.9205830693 -0.3240321279 0.2180136740
-188.8 -410.0 2815.0 0.9983761311 -0.0442513190 -0.0358744189 -0.0374288261 -0.0348130651 -0.9986926913 0.0429445691 0.9984136820 -0.0364128090
-171.2 -396.1 2417.1 0.9983761311 0.0187928174 -0.0537771620 -0.0374288261 0.9280572534 -0.3705519736 0.0429445691 0.3719630539 0.9272536039
-10.0 -436.0 2818.1 0.9781654477 -0.1971587837 -0.0657325387 -0.0739184096 -0.0344434567 -0.9966692924 0.1942380518 0.9797663093 -0.0482650623
67.2 -422.5 2434.6 0.9781654477 -0.0124102607 -0.2074568421 -0.0739184096 0.9121683240 -0.4030943513 0.1942380518 0.4096278548 0.8913341761
-132.8 -345.5 2406.8 0 0 0 0 0 0 0 0 0
-42.7 -419.5 2225.9 0 0 0 0 0 0 0 0 0
-179.1 -786.4 2260.7 0 0 0 0 0 0 0 0 0
72.2 -794.4 2267.6 0 0 0 0 0 0 0 0 0
-24.6 82.2 2529.7 6 0.9909553528 0.1138013899 0.0711109936 -0.1338838488 0.8743467331 0.4664685428 -0.0090908948 -0.4717701077 0.8816747069
-47.1 -90.5 2622.8 0.9909553528 0.1138013899 0.0711109936 -0.1338838488 0.8743467331 0.4664685428 -0.0090908948 -0.4717701077 0.8816747069
-70.1 -258.2 2721.1 0.9902597070 0.1172208339 0.0751330182 -0.1390962601 0.8567579389 0.4966065586 -0.0061581754 -0.5022202134 0.8647178411
-188.1 -70.8 2623.7 -0.0578195266 -0.8613150120 -0.5047706366 0.8703032732 0.2042295933 -0.4481768906 0.4891105890 -0.4652168751 0.7377967834
-174.8 -271.9 2510.7 -0.3045288622 -0.8555870652 -0.4186082780 0.5620579720 0.1933981627 -0.8041691184 0.7689948082 -0.4801748395 0.4219942391
93.9 -110.2 2621.9 -0.1847640872 0.9486196637 0.2568714023 -0.8578518629 -0.0281385798 -0.5131260753 -0.4795334935 -0.3151648939 0.8189741969
40.3 -359.0 2482.9 -0.3147707283 0.9486196637 0.0322500914 -0.1854383200 -0.0281385798 -0.9822529554 -0.9308770299 -0.3151648939 0.1847676486
-187.0 -412.4 2818.0 0.9989697337 -0.0368994437 -0.0264169108 -0.0291095078 -0.0744495168 -0.9967998266 0.0348146334 0.9965418577 -0.0754469410
-172.4 -383.0 2424.6 0.9989697337 0.0137995165 -0.0432318784 -0.0291095078 0.9256894588 -0.3771626651 0.0348146334 0.3780325651 0.9251374602
-8.1 -438.6 2819.2 0.9797728658 -0.1922874004 -0.0554140247 -0.0702448860 -0.0711841732 -0.9949866533 0.1873787940 0.9787534475 -0.0832515284
67.1 -410.7 2436.2 0.9797728658 -0.0117347930 -0.1997684985 -0.0702448860 0.9145861268 -0.3982435465 0.1873787940 0.4042209089 0.8952623010
-134.1 -347.0 2408.0 0 0 0 0 0 0 0 0 0
-45.3 -409.4 2229.7 0 0 0 0 0 0 0 0 0
-178.5 -787.7 2259.3 0 0 0 0 0 0 0 0 0
72.0 -795.2 2266.3 0 0 0 0 0 0 0 0 0
-23.6 84.6 2529.0 7 0.9897571802 0.1162738353 0.0828322247 -0.1416690499 0.8715882301 0.4693226814 -0.0176256467 -0.4762502611 0.8791331053
-46.7 -88.2 2623.4 0.9897571802 0.1162738353 0.0828322247 -0.1416690499 0.8715882301 0.4693226814 -0.0176256467 -0.4762502611 0.8791331053
-69.9 -255.7 2721.8 0.9892289639 0.1181421503 0.0864206478 -0.1455621719 0.8561674953 0.4957710207 -0.0154190930 -0.5030106306 0.8641426563
-187.5 -67.5 2625.6 -0.0475747362 -0.8642525077 -0.5008035898 0.8704735637 0.2100334764 -0.4451535642 0.4899106026 -0.4571143687 0.7423166633
-176.5 -268.7 2512.4 -0.2936793864 -0.8587349653 -0.4199126959 0.5637390614 0.1991706043 -0.8015792370 0.7719783783 -0.4721285105 0.4256101549
