-25.5 48.8 2513.0  0.9988625050 0.0381739028 0.0285744797 -0.0473486297 0.8649601936 0.4996017814 -0.0056440383 -0.5003864169 0.8657838106
-33.0 -121.7 2611.7 0.9988625050 0.0381739028 0.0285744797 -0.0473486297 0.8649601936 0.4996017814 -0.0056440383 -0.5003864169 0.8657838106
-40.2 -289.2 2712.7 0.9989068508 0.0364547446 0.0292603634 -0.0463257506 0.8556872606 0.5154156089 -0.0062483768 -0.5162076950 0.8564406633
-175.3 -115.2 2612.6 -0.1382512450 -0.8769893050 -0.4601916373 0.8689562678 0.1155281812 -0.4812153280 0.4751858115 -0.4664150476 0.7460934520
-143.3 -316.0 2502.8 -0.3549289703 -0.8702895045 -0.3414991200 0.5436528921 0.1050365120 -0.8327117562 0.7605701685 -0.4812105000 0.4358548820
109.3 -128.2 2610.7 -0.2410695255 0.8997482061 0.3637837768 -0.8196378350 0.0119700134 -0.5727570057 -0.5196915865 -0.4362451732 0.7345820665
43.4 -352.3 2468.7 -0.3573052883 0.9111714959 0.2051814198 -0.4476199150 0.0257526394 -0.8938530087 -0.8197373748 -0.4112216830 0.3986569643
-137.9 -451.7 2819.9 0.9959953427 0.0879760534 0.0159202330 0.0276526883 -0.1337978244 -0.9906227589 -0.0850209892 0.9870958924 -0.1356947869
-174.2 -396.5 2412.6 0.9959953427 0.0054883859 0.0892363042 0.0276526883 0.9302608371 -0.3658553660 -0.0850209892 0.3668578565 0.9263836741
42.7 -459.5 2819.4 0.9984599352 -0.0548395962 0.0083893202 0.0055226730 -0.0522173531 -0.9986204505 0.0552020110 0.9971288443 -0.0518340766
64.1 -439.1 2428.9 0.9984599352 -0.0277614743 -0.0480318889 0.0055226730 0.9112265706 -0.4118685424 0.0552020110 0.4109689593 0.9099764824
-95.9 -388.6 2401.2 0 0 0 0 0 0 0 0 0
-50.7 -470.1 2252.9 0 0 0 0 0 0 0 0 0
-176.5 -783.5 2260.0 0 0 0 0 0 0 0 0 0
75.0 -794.0 2268.9 0 0 0 0 0 0 0 0 0
-25.1 51.1 2512.6  0.9980599284 0.0453524776 0.0426560156 -0.0607055873 0.8610233665 0.5049292445 -0.0138280336 -0.5065391064 0.8621060848
-34.1 -118.2 2612.3 0.9980599284 0.0453524776 0.0426560156 -0.0607055873 0.8610233665 0.5049292445 -0.0138280336 -0.5065391064 0.8621060848
-43.1 -284.8 2714.6 0.9980146885 0.0455402099 0.0435054079 -0.0615573861 0.8513758779 0.5209316015 -0.0133161200 -0.5225754976 0.8524889946
-176.2 -109.6 2614.2 -0.1214887127 -0.8786180019 -0.4618125856 0.8742847443 0.1255657971 -0.4688917398 0.4699645936 -0.4607207179 0.7529075146
-148.1 -311.6 2505.6 -0.3409214616 -0.8721894026 -0.3507965207 0.5543333292 0.1148694307 -0.8243297935 0.7592675090 -0.4754899144 0.4443221986
108.1 -126.9 2610.3 -0.2332178652 0.9025336504 0.3619978726 -0.8227077127 0.0153323952 -0.5682578087 -0.5184221268 -0.4303463101 0.7389456034
44.6 -350.9 2469.2 -0.3657411933 0.9078994989 0.2048215866 -0.4468078613 0.0217746478 -0.8943648934 -0.8164533973 -0.4186219871 0.3976927400
-137.7 -452.6 2814.4 0.9955168366 0.0937252939 0.0127193276 0.0343346111 -0.2327921391 -0.9719202518 -0.0881325528 0.9679996967 -0.2349665165
-175.2 -359.4 2427.2 0.9955168366 0.0003680470 0.0945836976 0.0343346111 0.9303739667 -0.3650005758 -0.0881325528 0.3666117191 0.9261903167
42.9 -460.9 2813.2 0.9982219934 -0.0596051551 0.0002161816 0.0007519652 0.0089665949 -0.9999595284 0.0596008040 0.9981817603 0.0089954734
66.2 -464.4 2423.0 0.9982219934 -0.0260081589 -0.0536320508 0.0007519652 0.9052062035 -0.4249719679 0.0596008040 0.4241760373 0.9036163092
-102.6 -385.6 2404.2 0 0 0 0 0 0 0 0 0
-51.7 -468.5 2254.3 0 0 0 0 0 0 0 0 0
-175.3 -786.8 2258.8 0 0 0 0 0 0 0 0 0
75.6 -792.6 2269.2 0 0 0 0 0 0 0 0 0
-25.5 47.4 2513.0  0.9975578189 0.0563127585 0.0413194261 -0.0695907325 0.8518418670 0.5191556215 -0.0059625325 -0.5207631588 0.8536803722
-36.6 -120.4 2615.6 0.9975578189 0.0563127585 0.0413194261 -0.0695907325 0.8518418670 0.5191556215 -0.0059625325 -0.5207631588 0.8536803722
-47.8 -284.6 2721.5 0.9974882603 0.0565362051 0.0426707454 -0.0706325471 0.8390796781 0.5394037366 -0.0053083152 -0.5410628319 0.8409653902
-178.7 -110.4 2616.3 -0.1166799366 -0.8744674921 -0.4708422124 0.8855814934 0.1230021641 -0.4479016066 0.4495899975 -0.4692302942 0.7600603700
-151.7 -315.1 2512.4 -0.3408320844 -0.8680398464 -0.3610267937 0.5741056800 0.1119229347 -0.8110954762 0.7444703579 -0.4837149084 0.4601996839
105.4 -130.4 2614.8 -0.2001498342 0.9164570570 0.3464772701 -0.8164466619 0.0394817553 -0.5760694742 -0.5416224599 -0.3981804252 0.7403360009
52.7 -345.4 2472.1 -0.3952651024 0.8943599463 0.2094892412 -0.4455183744 0.0127834734 -0.8951815367 -0.8032925129 -0.4471653402 0.3934009373
-142.2 -446.0 2818.1 0.9968771338 0.0768901184 0.0179970842 0.0268341638 -0.1154925302 -0.9929458499 -0.0742691979 0.9903278947 -0.1171951443
-173.6 -398.8 2413.3 0.9968771338 0.0024417066 0.0789305046 0.0268341638 0.9295704365 -0.3676665425 -0.0742691979 0.3686363995 0.9266020060
38.2 -457.1 2815.7 0.9977754354 -0.0666382983 0.0018603869 0.0006150512 -0.0187036321 -0.9998248816 0.0666614249 0.9976018667 -0.0186210386
64.3 -449.8 2425.5 0.9977754354 -0.0283820517 -0.0603206642 0.0006150512 0.9087233543 -0.4173984528 0.0666614249 0.4164328277 0.9067193270
-106.2 -391.7 2413.1 0 0 0 0 0 0 0 0 0
-51.3 -462.6 2260.8 0 0 0 0 0 0 0 0 0
-174.6 -787.3 2259.2 0 0 0 0 0 0 0 0 0
74.9 -791.6 2268.8 0 0 0 0 0 0 0 0 0
-26.7 44.1 2514.1  0.9958975911 0.0677720010 0.0599579141 -0.0891219452 0.8493179083 0.5203041434 -0.0156612769 -0.5235131979 0.8518736362
-40.0 -122.8 2617.0 0.9958975911 0.0677720010 0.0599579141 -0.0891219452 0.8493179083 0.5203041434 -0.0156612769 -0.5235131979 0.8518736362
-53.3 -286.7 2723.3 0.9958252311 0.0674722418 0.0614788570 -0.0900245681 0.8373061419 0.5392717123 -0.0150907533 -0.5425549746 0.8398846984
-181.8 -110.1 2619.2 -0.0949826241 -0.8765177727 -0.4719055891 0.8881107569 0.1395400614 -0.4379359484 0.4497084022 -0.4607007205 0.7651909590
-159.9 -315.4 2515.3 -0.3222142458 -0.8704504967 -0.3721476197 0.5813341737 0.1283241510 -0.8034821153 0.7471469641 -0.4752355218 0.4646747410
101.8 -135.6 2614.9 -0.1402091235 0.7967047095 0.5878800750 -0.8298225999 0.2293421775 -0.5087205768 -0.5401257873 -0.5591633916 0.6289677024
65.0 -353.5 2473.0 -0.4438114762 0.7967047095 0.4102351964 -0.4059999287 0.2293421775 -0.8846276999 -0.7988713384 -0.5591633916 0.2216773778
-149.0 -442.5 2827.9 0.9991447330 0.0384297408 -0.0152640454 -0.0126973270 -0.0661698803 -0.9977275729 -0.0393524319 0.9970680475 -0.0656253323
-165.5 -414.2 2400.9 0.9991447330 0.0258637536 0.0322630182 -0.0126973270 0.9344450831 -0.3558808267 -0.0393524319 0.3551667929 0.9339742661
31.3 -455.3 2826.9 0.9963948727 -0.0846617818 -0.0054452727 -0.0106143663 -0.0607261471 -0.9980980158 0.0841700882 0.9945575595 -0.0614058524
64.4 -431.5 2438.0 0.9963948727 -0.0261251424 -0.0807139724 -0.0106143663 0.9055379629 -0.4241323769 0.0841700882 0.4234600663 0.9019960761
-116.9 -393.0 2415.6 0 0 0 0 0 0 0 0 0
-51.6 -460.1 2263.2 0 0 0 0 0 0 0 0 0
-175.8 -785.3 2259.9 0 0 0 0 0 0 0 0 0
74.8 -791.4 2269.7 0 0 0 0 0 0 0 0 0
-25.4 46.9 2512.2  0.9943730831 0.0719396695 0.0777612403 -0.1020064428 0.8482731581 0.5196415782 -0.0285799298 -0.5246497393 0.8508383036
-39.6 -120.3 2615.6 0.9943730831 0.0719396695 0.0777612403 -0.1020064428 0.8482731581 0.5196415782 -0.0285799298 -0.5246497393 0.8508383036
-53.7 -284.0 2722.0 0.9942438006 0.0719859302 0.0793551058 -0.1035196185 0.8363726735 0.5382977724 -0.0276205782 -0.5434139967 0.8390102983
-181.2 -105.7 2619.6 -0.0772605762 -0.8802750111 -0.4681310952 0.8892686367 0.1514639109 -0.4315784872 0.4508126974 -0.4496383071 0.7710987329
-163.3 -311.2 2515.4 -0.3048693240 -0.8745439053 -0.3771308661 0.5855697989 0.1401683092 -0.7984114885 0.7511076331 -0.4642476141 0.4693734646
102.0 -134.9 2611.6 -0.1475980431 0.8449581861 0.5140627027 -0.8519484997 0.1553966999 -0.5000355840 -0.5023928285 -0.5117592216 0.6969246268
62.4 -363.5 2476.9 -0.4282219410 0.8449581861 0.3204241097 -0.3766981363 0.1553966999 -0.9132088423 -0.8214161396 -0.5117592216 0.2517499030
-156.5 -442.5 2830.9 0.9995660186 0.0240205843 -0.0170534868 -0.0159350913 -0.0460058339 -0.9988140464 -0.0247766580 0.9986523390 -0.0456031002
-167.0 -422.4 2394.2 0.9995660186 0.0235847365 0.0176513474 -0.0159350913 0.9368448853 -0.3493820131 -0.0247766580 0.3489491045 0.9368140697
23.5 -458.8 2828.2 0.9954536557 -0.0952269509 0.0019627288 -0.0074035777 -0.0979046747 -0.9951682687 0.0949589983 0.9906293750 -0.0981645882
60.7 -420.5 2440.7 0.9954536557 -0.0329885557 -0.0893520042 -0.0074035777 0.9084690809 -0.4178865552 0.0949589983 0.4166482091 0.9040946364
-122.6 -389.4 2415.1 0 0 0 0 0 0 0 0 0
-51.0 -463.3 2259.3 0 0 0 0 0 0 0 0 0
-176.1 -784.9 2259.2 0 0 0 0 0 0 0 0 0
74.2 -793.2 2269.8 0 0 0 0 0 0 0 0 0
-26.0 47.5 2511.7  0.9945718646 0.0733663216 0.0737849250 -0.1011594310 0.8478105664 0.5205612779 -0.0243639704 -0.5251996517 0.8506302238
-40.5 -119.6 2615.3 0.9945718646 0.0733663216 0.0737849250 -0.1011594310 0.8478105664 0.5205612779 -0.0243639704 -0.5251996517 0.8506302238
-55.0 -283.0 2722.1 0.9943935871 0.0739675537 0.0755661651 -0.1031954810 0.8347303271 0.5409029126 -0.0230681058 -0.5456684828 0.8376835585
-182.1 -105.0 2618.6 -0.0795339718 -0.8784117699 -0.4712399840 0.8906162977 0.1497215182 -0.4294019938 0.4477465153 -0.4538460672 0.7704198956
-163.7 -310.8 2515.1 -0.3082990944 -0.8726139665 -0.3788093925 0.5877470970 0.1383834928 -0.7971219420 0.7480006814 -0.4683960974 0.4702128172
101.2 -134.2 2611.9 -0.1477148235 0.8580059409 0.4919412136 -0.8589389920 0.1352937520 -0.4938819408 -0.4903101921 -0.4955011904 0.7169898748
61.0 -368.0 2478.5 -0.4217743278 0.8580059409 0.2931419909 -0.3649810851 0.1352937520 -0.9211321473 -0.8299971223 -0.4955011904 0.2560925186
-157.7 -438.4 2830.9 0.9994732141 0.0324355252 -0.0011331793 -0.0003880578 -0.0229694732 -0.9997360706 -0.0324529931 0.9992098808 -0.0229447857
-171.9 -428.3 2393.1 0.9994732141 0.0116419243 0.0302954298 -0.0003880578 0.9376704693 -0.3475255072 -0.0324529931 0.3473306894 0.9371809959
22.0 -457.1 2825.9 0.9945508838 -0.1032955870 -0.0140930917 -0.0185718294 -0.0425257199 -0.9989227653 0.1025849953 0.9937412143 -0.0442123786
62.4 -440.5 2437.6 0.9945508838 -0.0279844869 -0.1004264057 -0.0185718294 0.9003327489 -0.4348057508 0.1025849953 0.4343015552 0.8949069977
-122.5 -389.3 2415.3 0 0 0 0 0 0 0 0 0
-51.4 -465.2 2257.4 0 0 0 0 0 0 0 0 0
-176.3 -786.3 2260.5 0 0 0 0 0 0 0 0 0
73.3 -792.5 2267.8 0 0 0 0 0 0 0 0 0
-25.2 46.9 2513.0  0.9943352938 0.0844699815 0.0645145923 -0.1056689173 0.8510690928 0.5143106580 -0.0114625655 -0.5182144046 0.8551738858
-41.8 -120.4 2614.9 0.9943352938 0.0844699815 0.0645145923 -0.1056689173 0.8510690928 0.5143106580 -0.0114625655 -0.5182144046 0.8551738858
-58.7 -284.1 2721.0 0.9940459728 0.0860196501 0.0668817982 -0.1085318625 0.8360982537 0.5377365351 -0.0096638445 -0.5417936444 0.8404559493
-183.4 -105.1 2616.3 -0.0809152424 -0.8712238073 -0.4841712713 0.8895646334 0.1559877396 -0.4293513298 0.4495858848 -0.4654427171 0.7623881102
-164.7 -310.7 2512.4 -0.3154467046 -0.8652864695 -0.3895802498 0.5869635344 0.1446660310 -0.7965836525 0.7456320524 -0.4799490869 0.4622571766
99.8 -135.8 2613.5 -0.1627102494 0.8544094563 0.4934672117 -0.8368294835 0.1454618722 -0.5277852416 -0.5227254033 -0.4988240004 0.6913268566
56.4 -359.0 2474.1 -0.4125341773 0.8544094563 0.3159115016 -0.3937738240 0.1454618722 -0.9076249003 -0.8214364052 -0.4988240004 0.2764360905
-159.4 -437.1 2831.0 0.9996753335 0.0228199251 -0.0113357212 -0.0109517863 -0.0168797802 -0.9997975230 -0.0230066497 0.9995970726 -0.0166243799
-169.4 -429.7 2390.5 0.9996753335 0.0181997977 0.0178329721 -0.0109517863 0.9388291836 -0.3442089856 -0.0230066497 0.3439019322 0.9387236834
20.4 -455.8 2826.9 0.9937282205 -0.1105979085 -0.0165038891 -0.0264477618 -0.0890556648 -0.9956754446 0.1086498573 0.9898672700 -0.0914221928
63.6 -421.0 2440.0 0.9937282205 -0.0217863098 -0.1096796840 -0.0264477618 0.9072173834 -0.4198298752 0.1086498573 0.4200975597 0.9009513259
-122.6 -389.0 2412.9 0 0 0 0 0 0 0 0 0
-53.8 -464.1 2254.8 0 0 0 0 0 0 0 0 0
-176.3 -785.7 2260.1 0 0 0 0 0 0 0 0 0
72.6 -794.5 2267.0 0 0 0 0 0 0 0 0 0
-26.8 43.2 2516.6  0.9912668467 0.0875225589 0.0986398682 -0.1258939207 0.8507276177 0.5103070140 -0.0392522849 -0.5182685852 0.8543166518
-44.0 -123.8 2618.4 0.9912668467 0.0875225589 0.0986398682 -0.1258939207 0.8507276177 0.5103070140 -0.0392522849 -0.5182685852 0.8543166518
-61.3 -287.2 2724.8 0.9909397960 0.0882395580 0.1012528241 -0.1290303469 0.8347078562 0.5353633761 -0.0372762978 -0.5435775518 0.8385307789
-185.0 -105.6 2623.7 -0.0500143506 -0.8803772330 -0.4716295898 0.8905767202 0.1744348109 -0.4200543463 0.4520748854 -0.4410310686 0.7753192186
-173.5 -311.4 2519.2 -0.2824572623 -0.8750795722 -0.3930059671 0.5925756693 0.1630080342 -0.7888488173 0.7543686032 -0.4557018578 0.4725080431
97.1 -142.1 2613.0 -0.1075602323 0.7657225728 0.6341133714 -0.8286015987 0.2834218442 -0.4827955067 -0.5494089723 -0.5773569345 0.6039940119
68.6 -362.1 2467.1 -0.4630910456 0.7657225728 0.4463357627 -0.3799991906 0.2834218442 -0.8804956675 -0.8007167578 -0.5773569345 0.1597238481
-165.4 -438.0 2827.9 0.9997466803 0.0057113664 -0.0217706095 -0.0216896664 -0.0138708204 -0.9996685386 -0.0060114497 0.9998874664 -0.0137434294
-167.9 -431.9 2392.1 0.9997466803 0.0224197768 -0.0019831131 -0.0216896664 0.9361476898 -0.3509373367 -0.0060114497 0.3508914411 0.9363968372
14.3 -457.6 2826.2 0.9919139147 -0.1256198585 -0.0180677492 -0.0316376127 -0.1068830639 -0.9937680960 0.1229058653 0.9863040447 -0.1099931151
63.4 -415.8 2440.4 0.9919139147 -0.0227687489 -0.1248534173 -0.0316376127 0.9083555937 -0.4170002639 0.1229058653 0.4175784290 0.9002901912
-135.8 -390.5 2418.5 0 0 0 0 0 0 0 0 0
-55.0 -463.6 2253.4 0 0 0 0 0 0 0 0 0
-176.4 -785.7 2259.5 0 0 0 0 0 0 0 0 0
72.9 -793.3 2266.8 0 0 0 0 0 0 0 0 0
-27.7 45.1 2514.0  0.9887983799 0.0910223201 0.1182909757 -0.1396127492 0.8443079591 0.5173512697 -0.0527834967 -0.5280710459 0.8475582004
-45.6 -121.7 2618.3 0.9887983799 0.0910223201 0.1182909757 -0.1396127492 0.8443079591 0.5173512697 -0.0527834967 -0.5280710459 0.8475582004
-63.9 -283.8 2726.5 0.9882656336 0.0932788104 0.1209548339 -0.1444469243 0.8281821012 0.5415251851 -0.0496598035 -0.5526422858 0.8319377303
-186.3 -101.2 2625.4 -0.0302815940 -0.8836802840 -0.4671104550 0.8953958750 0.1837175190 -0.4056033492 0.4442400634 -0.4305311143 0.7856804132
-179.4 -308.2 2522.8 -0.2629789412 -0.8787598610 -0.3982751966 0.6037900448 0.1720755994 -0.7783492804 0.7525155544 -0.4451640546 0.4853342175
95.1 -142.2 2611.2 -0.1202631146 0.7601678967 0.6384994984 -0.8140229583 0.2926391363 -0.5017260313 -0.5682459474 -0.5800923705 0.5836004019
63.5 -355.7 2462.1 -0.4447060227 0.7601678967 0.4736890793 -0.4165783525 0.2926391363 -0.8607118130 -0.7929054499 -0.5800923705 0.1865310967
-168.1 -439.0 2834.6 0.9998737574 0.0076147118 -0.0139459912 -0.0138035361 -0.0184504911 -0.9997344613 -0.0078700008 0.9998008013 -0.0183430519
-171.4 -430.8 2392.2 0.9998737574 0.0156884417 0.0025193859 -0.0138035361 0.9361586571 -0.3513067365 -0.0078700008 0.3512276113 0.9362570047
11.0 -462.3 2827.9 0.9915459156 -0.1287206709 -0.0163625814 -0.0291721895 -0.0982684121 -0.9947322607 0.1264346838 0.9868000150 -0.1011927053
61.4 -423.8 2441.6 0.9915459156 -0.0276888423 -0.1267677993 -0.0291721895 0.9043868184 -0.4257152677 0.1264346838 0.4258143306 0.8959332705
-144.2 -388.8 2422.3 0 0 0 0 0 0 0 0 0
-55.3 -467.0 2250.3 0 0 0 0 0 0 0 0 0
-177.4 -784.0 2259.7 0 0 0 0 0 0 0 0 0
72.7 -794.5 2267.1 0 0 0 0 0 0 0 0 0
-27.2 46.8 2512.6  0.9888706207 0.0997127891 0.1104184315 -0.1428261399 0.8440588713 0.5168803334 -0.0416600741 -0.5268984437 0.8489066362
-46.9 -119.9 2616.7 0.9888706207 0.0997127891 0.1104184315 -0.1428261399 0.8440588713 0.5168803334 -0.0416600741 -0.5268984437 0.8489066362
-67.1 -281.8 2724.8 0.9882158637 0.1027851999 0.1134221181 -0.1482306719 0.8274160624 0.5416736603 -0.0381712504 -0.5521031618 0.8329015970
-187.6 -98.9 2622.2 -0.0319926366 -0.8779581189 -0.4776672125 0.8958304524 0.1867514700 -0.4032513797 0.4432428777 -0.4408099055 0.7805269957
-180.2 -305.9 2519.7 -0.2693319619 -0.8729138374 -0.4067944884 0.6053358912 0.1750802398 -0.7764762640 0.7490184903 -0.4553771913 0.4812513590
93.8 -140.9 2611.2 -0.0749581829 0.7312280536 0.6780020595 -0.8326190710 0.3282610476 -0.4460831583 -0.5487501621 -0.5979550481 0.5842285752
73.6 -366.1 2462.7 -0.4771353900 0.7312280536 0.4874908924 -0.3803287148 0.3282610476 -0.8646355867 -0.7922700644 -0.5979550481 0.1214820817
-171.5 -432.9 2839.2 0.9995983243 -0.0076273312 -0.0272950083 -0.0272975974 -0.0002355936 -0.9996273518 0.0076180585 0.9999709129 -0.0004437068
-168.1 -432.8 2390.0 0.9995983243 0.0229146890 -0.0166766495 -0.0272975974 0.9366463423 -0.3492111564 0.0076180585 0.3495261073 0.9368956685
7.1 -459.0 2830.3 0.9891930223 -0.1436908096 -0.0291564465 -0.0420333482 -0.0874107257 -0.9952851534 0.1404647380 0.9857546687 -0.0925058872
63.4 -424.8 2444.3 0.9891930223 -0.0229706466 -0.1448084861 -0.0420333482 0.9017655849 -0.4301767051 0.1404647380 0.4316145778 0.8910546899
-144.3 -386.7 2419.7 0 0 0 0 0 0 0 0 0
-53.9 -467.7 2251.1 0 0 0 0 0 0 0 0 0
-176.7 -785.9 2258.2 0 0 0 0 0 0 0 0 0
72.8 -795.1 2267.1 0 0 0 0 0 0 0 0 0
-26.1 46.4 2513.9  0.9892400503 0.1016826555 0.1051891819 -0.1416515112 0.8455194235 0.5148122907 -0.0365920179 -0.5241731405 0.8508251905
-46.1 -119.9 2617.1 0.9892400503 0.1016826555 0.1051891819 -0.1416515112 0.8455194235 0.5148122907 -0.0365920179 -0.5241731405 0.8508251905
-66.5 -282.2 2724.5 0.9887269735 0.1035126969 0.1081855521 -0.1458396316 0.8294082880 0.5392705202 -0.0339086503 -0.5489690304 0.8351545930
-186.9 -99.3 2621.9 -0.0361817442 -0.8762689233 -0.4804618657 0.8943349123 0.1861424744 -0.4068365991 0.4459326267 -0.4444139004 0.7769429684
-178.6 -305.9 2518.9 -0.2743090391 -0.8711280823 -0.4072965086 0.6023216248 0.1745294034 -0.7789403796 0.7496420741 -0.4589938819 0.4768242836
94.7 -140.6 2612.2 -0.1094817743 0.8243942857 0.5553267598 -0.8494039774 0.2125782818 -0.4830355346 -0.5162621737 -0.5245803595 0.6769703627
64.8 -372.7 2471.1 -0.4362448454 0.8243942857 0.3606445789 -0.3518882692 0.2125782818 -0.9115838408 -0.8281697035 -0.5245803595 0.1973585039
-176.5 -430.4 2836.3 0.9994732738 -0.0154967299 -0.0285136215 -0.0284422375 0.0048074750 -0.9995839000 0.0156273600 0.9998683333 0.0043641813
-169.6 -432.6 2394.0 0.9994732738 0.0209784601 -0.0247604400 -0.0284422375 0.9336531758 -0.3570473492 0.0156273600 0.3575635254 0.9337580800
2.1 -457.2 2829.4 0.9876762629 -0.1523785293 -0.0357260481 -0.0455136076 -0.0612343363 -0.9970852137 0.1497467160 0.9864234328 -0.0674149990
61.8 -433.3 2443.3 0.9876762629 -0.0250572488 -0.1544917524 -0.0455136076 0.8984581232 -0.4366938472 0.1497467160 0.4383436441 0.8862453103
-142.0 -386.4 2418.8 0 0 0 0 0 0 0 0 0
-52.8 -467.5 2248.0 0 0 0 0 0 0 0 0 0
-177.5 -784.4 2259.3 0 0 0 0 0 0 0 0 0
71.8 -794.2 2267.2 0 0 0 0 0 0 0 0 0
-27.7 45.0 2512.6  0.9880361557 0.0966299400 0.1201963574 -0.1453294307 0.8441972136 0.5159558654 -0.0516126417 -0.5272511244 0.8481405377
-46.7 -120.9 2616.3 0.9880361557 0.0966299400 0.1201963574 -0.1453294307 0.8441972136 0.5159558654 -0.0516126417 -0.5272511244 0.8481405377
-66.0 -282.9 2724.4 0.9875314236 0.0981402770 0.1230860353 -0.1496623605 0.8277549148 0.5407615304 -0.0488145836 -0.5524403453 0.8321219087
-187.4 -99.7 2623.3 -0.0259374715 -0.8823187351 -0.4699370861 0.8954811096 0.1884468794 -0.4032385349 0.4443430901 -0.4312787652 0.7852119803
-181.4 -306.7 2520.6 -0.2604434192 -0.8774471283 -0.4028097987 0.6050662994 0.1767811477 -0.7763009667 0.7523722649 -0.4459091127 0.4848721921
93.9 -142.1 2609.3 -0.1359774470 0.8651710153 0.4826896191 -0.8557189703 0.1429583281 -0.4973006845 -0.4992546439 -0.4806683362 0.7209041119
57.7 -369.9 2476.4 -0.4060561061 0.8651710153 0.2942746580 -0.3627581298 0.1429583281 -0.9208525419 -0.8387639523 -0.4806683362 0.2557987273
-176.1 -431.5 2835.1 0.9997915030 -0.0089055421 -0.0183762554 -0.0183314998 0.0050813695 -0.9998190403 0.0089973072 0.9999474287 0.0049170582
-172.2 -433.7 2393.7 0.9997915030 0.0138993608 -0.0149600534 -0.0183314998 0.9336869717 -0.3576207757 0.0089973072 0.3578204513 0.9337470531
2.6 -457.9 2829.0 0.9881623387 -0.1508708000 -0.0278073717 -0.0424713939 -0.0948617086 -0.9945840240 0.1474158466 0.9839915037 -0.1001464576
61.7 -420.7 2443.9 0.9881623387 -0.0250345618 -0.1513556093 -0.0424713939 0.9033916593 -0.4267079532 0.1474158466 0.4280850291 0.8916343451
-146.6 -387.4 2420.1 0 0 0 0 0 0 0 0 0
-52.0 -467.9 2249.7 0 0 0 0 0 0 0 0 0
-177.4 -785.5 2258.9 0 0 0 0 0 0 0 0 0
72.0 -795.0 2266.5 0 0 0 0 0 0 0 0 0
-28.5 45.4 2511.9  0.9887478352 0.0997387245 0.1114894822 -0.1431650519 0.8470215201 0.5119163394 -0.0433761105 -0.5221175551 0.8517698050
-48.1 -121.2 2614.6 0.9887478352 0.0997387245 0.1114894822 -0.1431650519 0.8470215201 0.5119163394 -0.0433761105 -0.5221175551 0.8517698050
-68.3 -283.8 2721.8 0.9880563617 0.1031311080 0.1144930124 -0.1488830149 0.8305003047 0.5367523432 -0.0397306159 -0.5473875999 0.8359355927
-188.8 -100.2 2620.3 -0.0308819860 -0.8781030774 -0.4774738848 0.8932829499 0.1900725216 -0.4073303640 0.4484327137 -0.4390984476 0.7785246372
-181.6 -306.6 2516.7 -0.2682634890 -0.8730794191 -0.4071449637 0.6012371182 0.1784811616 -0.7788828015 0.7526942492 -0.4537364841 0.4770478010
92.6 -142.3 2608.9 -0.1568964869 0.8720722198 0.4635445476 -0.8397928476 0.1291991621 -0.5273097157 -0.5197417140 -0.4720144272 0.7120891213
51.9 -360.7 2473.8 -0.3880246282 0.8720722198 0.2982062101 -0.4051880538 0.1291991621 -0.9050581455 -0.8278040290 -0.4720144272 0.3032207787
-174.5 -431.5 2837.0 0.9998744130 -0.0047934065 -0.0151073551 -0.0150896730 0.0037037770 -0.9998793006 0.0048487820 0.9999816418 0.0036309808
-172.3 -433.2 2391.6 0.9998744130 0.0124178259 -0.0098491888 -0.0150896730 0.9359300137 -0.3518626392 0.0048487820 0.3519670665 0.9359998107
4.0 -458.6 2828.2 0.9881028533 -0.1522113383 -0.0220115911 -0.0443476886 -0.1449486762 -0.9884448051 0.1472619623 0.9776613116 -0.1499744207
63.6 -401.9 2445.9 0.9881028533 -0.0208192337 -0.1523790061 -0.0443476886 0.9101387262 -0.4119233191 0.1472619623 0.4137802422 0.8983873725
-145.8 -386.9 2416.2 0 0 0 0 0 0 0 0 0
-51.7 -468.9 2252.8 0 0 0 0 0 0 0 0 0
-177.0 -785.7 2259.0 0 0 0 0 0 0 0 0 0
72.6 -796.1 2266.7 0 0 0 0 0 0 0 0 0
-28.8 46.5 2511.6  0.9897648096 0.1033935994 0.0983633772 -0.1393886060 0.8482139111 0.5109833479 -0.0306007788 -0.5194640756 0.8539441824
-49.2 -121.1 2614.2 0.9897648096 0.1033935994 0.0983633772 -0.1393886060 0.8482139111 0.5109833479 -0.0306007788 -0.5194640756 0.8539441824
-70.8 -283.6 2721.1 0.9887477160 0.1097004488 0.1017041430 -0.1474006325 0.8304106593 0.5372998714 -0.0255141743 -0.5462452769 0.8372365832
-190.1 -100.2 2617.9 -0.0386479460 -0.8720141053 -0.4879526198 0.8934357762 0.1885425746 -0.4077060521 0.4475252628 -0.4517113268 0.7718017697
-181.1 -306.7 2514.5 -0.2799186409 -0.8667639494 -0.4127539694 0.6011662483 0.1769522727 -0.7792862654 0.7484949827 -0.4662704766 0.4715369642
91.6 -141.9 2610.5 -0.1951366514 0.9190356731 0.3424838185 -0.8342577219 0.0280704740 -0.5506596565 -0.5156895518 -0.3931736648 0.7612349987
40.3 -361.1 2475.1 -0.3480722308 0.9190356731 0.1849843264 -0.4103111923 0.0280704740 -0.9115134478 -0.8429059386 -0.3931736648 0.3673200607
-177.8 -433.0 2832.6 0.9999654889 -0.0059276200 -0.0058247685 -0.0058355732 -0.0018070510 -0.9999813437 0.0059169834 0.9999808073 -0.0018415797
-175.2 -432.2 2391.7 0.9999654889 0.0033995910 -0.0075833625 -0.0058355732 0.9369271994 -0.3494758904 0.0059169834 0.3495080769 0.9369146824
0.8 -459.9 2825.4 0.9869734049 -0.1590564698 -0.0241780616 -0.0487577803 -0.1525022835 -0.9870996475 0.1533173770 0.9754199386 -0.1582709402
63.0 -400.2 2443.7 0.9869734049 -0.0188415572 -0.1597765088 -0.0487577803 0.9113827348 -0.4086614549 0.1533173770 0.4111283422 0.8985918164
-143.8 -386.9 2414.5 0 0 0 0 0 0 0 0 0
-51.3 -469.0 2253.3 0 0 0 0 0 0 0 0 0
-176.5 -785.1 2260.0 0 0 0 0 0 0 0 0 0
71.2 -795.0 2265.6 0 0 0 0 0 0 0 0 0
-28.2 45.5 2513.4  0.9900243282 0.0985240266 0.1007215530 -0.1365851611 0.8465928435 0.5144172311 -0.0345876887 -0.5230426192 0.8516044021
-47.6 -121.3 2616.5 0.9900243282 0.0985240266 0.1007215530 -0.1365851611 0.8465928435 0.5144172311 -0.0345876887 -0.5230426192 0.8516044021
-67.7 -283.6 2724.2 0.9893473983 0.1019843817 0.1038795114 -0.1422424167 0.8290319443 0.5408079028 -0.0309654716 -0.5498229265 0.8347070813
-188.5 -101.2 2621.0 -0.0407116041 -0.8757100105 -0.4811180532 0.8948050141 0.1823046207 -0.4075401425 0.4445970058 -0.4470984936 0.7761678100
-179.1 -308.0 2518.2 -0.2786054611 -0.8704859018 -0.4057502449 0.6023323536 0.1706905961 -0.7797822952 0.7480472326 -0.4616481066 0.4767665267
93.3 -141.5 2612.1 -0.2242183387 0.9133135080 0.3399772942 -0.8103888035 0.0190306995 -0.5855833292 -0.5412911773 -0.4068123102 0.7358720303
33.7 -356.7 2468.3 -0.3285166621 0.9245492816 0.1930942535 -0.4351839721 0.0332776196 -0.8997263312 -0.8382670879 -0.3796066046 0.3914167881
-181.6 -432.9 2830.4 0.9996849895 -0.0193002895 -0.0160425212 -0.0161202513 -0.0038786244 -0.9998625517 0.0192354135 0.9998062253 -0.0041885283
-173.1 -431.2 2389.9 0.9996849895 0.0084827123 -0.0236200616 -0.0161202513 0.9383650422 -0.3452697992 0.0192354135 0.3455418050 0.9382061958
-2.9 -459.6 2825.8 0.9848414660 -0.1707874089 -0.0303139072 -0.0546315312 -0.1395406574 -0.9887081385 0.1646288931 0.9753769040 -0.1467558146
63.9 -404.9 2444.0 0.9848414660 -0.0188897178 -0.1724252105 -0.0546315312 0.9096815586 -0.4116974771 0.1646288931 0.4148766100 0.8948601484
-141.9 -388.4 2418.4 0 0 0 0 0 0 0 0 0
-51.1 -469.1 2251.7 0 0 0 0 0 0 0 0 0
-176.3 -784.6 2259.7 0 0 0 0 0 0 0 0 0
72.0 -793.7 2266.6 0 0 0 0 0 0 0 0 0
-27.8 45.8 2512.4  0.9915184379 0.0989179835 0.0842993259 -0.1283955425 0.8460602164 0.5173941851 -0.0201427154 -0.5238295197 0.8515849113
-47.3 -120.9 2615.6 0.9915184379 0.0989179835 0.0842993259 -0.1283955425 0.8460602164 0.5173941851 -0.0201427154 -0.5238295197 0.8515849113
-67.3 -283.5 2722.7 0.9909936786 0.1017178148 0.0870918334 -0.1327810138 0.8306497931 0.5407310724 -0.0173408259 -0.5474252701 0.8366749287
-188.4 -102.1 2618.1 -0.0554245003 -0.8711010814 -0.4879661798 0.8938220739 0.1745188981 -0.4130680561 0.4449833632 -0.4590490460 0.7689368129
-175.6 -308.7 2515.2 -0.2947192490 -0.8655645847 -0.4048932791 0.5987204313 0.1629732698 -0.7842025161 0.7447646856 -0.4735374451 0.4701998234
93.8 -139.7 2613.0 -0.2351658493 0.9137688279 0.3312454522 -0.8015317321 0.0104466397 -0.5978609324 -0.5497670770 -0.4061002135 0.7299580574
30.2 -356.7 2464.2 -0.3214732707 0.9272944927 0.1917807609 -0.4504496753 0.0283923633 -0.8923502564 -0.8329165578 -0.3732543290 0.4085721076
-177.1 -433.1 2834.6 0.9999890327 -0.0034115894 -0.0032059157 -0.0032049073 0.0003009749 -0.9999948144 0.0034125366 0.9999941587 0.0002900377
-175.6 -433.2 2393.3 0.9999890327 0.0017877667 -0.0043267454 -0.0032049073 0.9351140261 -0.3543325067 0.0034125366 0.3543424904 0.9351094961
1.8 -458.8 2829.0 0.9870939851 -0.1582871377 -0.0243030805 -0.0497998819 -0.1591693610 -0.9859944582 0.1522019356 0.9744794965 -0.1649978012
63.7 -396.5 2447.5 0.9870939851 -0.0178443063 -0.1591446996 -0.0497998819 0.9102959633 -0.4109515548 0.1522019356 0.4135732055 0.8976590633
-136.3 -388.6 2415.8 0 0 0 0 0 0 0 0 0
-51.1 -470.5 2253.7 0 0 0 0 0 0 0 0 0
-176.2 -785.4 2259.8 0 0 0 0 0 0 0 0 0
71.5 -794.5 2266.7 0 0 0 0 0 0 0 0 0
-27.2 46.5 2511.8  0.9925444722 0.0928782299 0.0789249912 -0.1202980354 0.8506050110 0.5118588805 -0.0195934493 -0.5175371766 0.8554363251
-45.4 -120.7 2613.6 0.9925444722 0.0928782299 0.0789249912 -0.1202980354 0.8506050110 0.5118588805 -0.0195934493 -0.5175371766 0.8554363251
-64.1 -284.4 2719.4 0.9921594262 0.0947856456 0.0814578682 -0.1237584576 0.8359800577 0.5346224904 -0.0174226146 -0.5405118465 0.8411560059
-186.7 -103.2 2616.1 -0.0638483167 -0.8721982241 -0.4849676788 0.8896179199 0.1704658717 -0.4236996472 0.4522205293 -0.4584884346 0.7650392056
-172.0 -308.8 2511.6 -0.3007709384 -0.8665448427 -0.3982924223 0.5899420977 0.1590892673 -0.7916179299 0.7493364811 -0.4730651379 0.4633618891
95.9 -138.3 2611.1 -0.2464310825 0.9089480639 0.3362812996 -0.8003228307 0.0048330259 -0.5995498300 -0.5465849042 -0.4168813229 0.7262609005
29.1 -355.1 2463.0 -0.3151416183 0.9283400774 0.1971559227 -0.4625603259 0.0311481785 -0.8860404491 -0.8286879063 -0.3704247475 0.4195972085
-176.8 -434.1 2831.5 0.9999815822 -0.0038159816 -0.0047227563 -0.0047271689 -0.0011482403 -0.9999881387 0.0038105135 0.9999920726 -0.0011662579
-175.1 -433.6 2395.3 0.9999815822 0.0030309171 -0.0052611483 -0.0047271689 0.9324293137 -0.3613214791 0.0038105135 0.3613396883 0.9324264526
2.3 -458.2 2828.4 0.9880790114 -0.1521579176 -0.0234071035 -0.0432287641 -0.1282998770 -0.9907928109 0.1477538496 0.9799934030 -0.1333480030
61.9 -407.9 2444.8 0.9880790114 -0.0225257333 -0.1522908956 -0.0432287641 0.9088389277 -0.4149013460 0.1477538496 0.4165386260 0.8970308900
-131.8 -387.6 2411.6 0 0 0 0 0 0 0 0 0
-50.2 -471.4 2254.5 0 0 0 0 0 0 0 0 0
-176.3 -784.8 2259.3 0 0 0 0 0 0 0 0 0
71.5 -794.9 2267.4 0 0 0 0 0 0 0 0 0
-28.8 42.4 2512.5  0.9933825731 0.0895250216 0.0719466358 -0.1138792336 0.8491309285 0.5157598257 -0.0149187008 -0.5205400586 0.8537068963
-46.3 -124.1 2614.6 0.9933825731 0.0895250216 0.0719466358 -0.1138792336 0.8491309285 0.5157598257 -0.0149187008 -0.5205400586 0.8537068963
-64.2 -287.3 2721.1 0.9930735826 0.0908928886 0.0744539797 -0.1167622730 0.8340753317 0.5391520858 -0.0130951367 -0.5441110730 0.8389109969
-187.8 -107.6 2616.5 -0.0718929544 -0.8716384768 -0.4848482013 0.8912636042 0.1620780677 -0.4235326350 0.4477505982 -0.4625765681 0.7652073503
-171.2 -313.5 2513.1 -0.3078066111 -0.8658488989 -0.3944118619 0.5913112760 0.1506734043 -0.7922427058 0.7453898787 -0.4770777225 0.4656079710
95.1 -140.6 2612.7 -0.2489827573 0.9069902301 0.3396708369 -0.8092793226 -0.0021688857 -0.5874199867 -0.5320475101 -0.4211460352 0.7345484495
28.3 -357.7 2470.0 -0.3066152036 0.9332962632 0.1869362742 -0.4468921125 0.0322494656 -0.8940063715 -0.8404014111 -0.3576563001 0.4071945846
-172.3 -436.9 2826.8 0.9999753237 0.0025979578 -0.0065269326 -0.0065162322 -0.0041061169 -0.9999703169 -0.0026246812 0.9999881983 -0.0040890868
-173.4 -435.1 2395.7 0.9999753237 0.0070245415 0.0000777553 -0.0065162322 0.9316369295 -0.3633320928 -0.0026246812 0.3633226454 0.9316596985
7.0 -459.3 2823.7 0.9903258681 -0.1371815801 -0.0208768938 -0.0341130234 -0.0948557109 -0.9949063659 0.1345025301 0.9859937429 -0.0986177474
60.7 -422.1 2437.9 0.9903258681 -0.0255859531 -0.1363817751 -0.0341130234 0.9077984691 -0.4180170000 0.1345025301 0.4186254442 0.8981435299
-130.1 -392.5 2413.5 0 0 0 0 0 0 0 0 0
-50.1 -472.0 2255.1 0 0 0 0 0 0 0 0 0
-176.1 -786.0 2258.9 0 0 0 0 0 0 0 0 0
71.2 -793.8 2266.5 0 0 0 0 0 0 0 0 0
-29.1 43.6 2512.4  0.9930825830 0.0814032257 0.0846199170 -0.1136495322 0.8475016356 0.5184831023 -0.0295093171 -0.5245135427 0.8508905172
-45.1 -123.2 2615.7 0.9930825830 0.0814032257 0.0846199170 -0.1136495322 0.8475016356 0.5184831023 -0.0295093171 -0.5245135427 0.8508905172
-61.1 -285.9 2723.3 0.9928697348 0.0814086422 0.0870762542 -0.1158436909 0.8311749101 0.5438092947 -0.0281048194 -0.5500190258 0.8346790671
-186.5 -106.8 2619.7 -0.0657948256 -0.8789916635 -0.4722761214 0.8936288357 0.1586762369 -0.4198206067 0.4439578056 -0.4496615827 0.7750522494
-171.3 -313.4 2517.1 -0.2966662347 -0.8734189272 -0.3861716390 0.5950753689 0.1471981555 -0.7900747061 0.7469099164 -0.4641897082 0.4760813713
96.3 -139.6 2611.6 -0.2427664250 0.9038959742 0.3521881700 -0.8132173419 0.0083158668 -0.5819007158 -0.5289064646 -0.4276714623 0.7330450416
31.0 -358.4 2469.3 -0.3213752508 0.9266969562 0.1948092431 -0.4382292032 0.0368230902 -0.8981087208 -0.8394480944 -0.3740010262 0.3942716420
-171.8 -440.1 2828.9 0.9999763370 0.0067656902 -0.0012564196 -0.0011564876 -0.0147541231 -0.9998905063 -0.0067834863 0.9998682737 -0.0147459488
-174.7 -433.7 2393.9 0.9999763370 0.0035057671 0.0059213806 -0.0011564876 0.9338741899 -0.3575999141 -0.0067834863 0.3575845957 0.9338561296
7.7 -461.2 2826.5 0.9890317321 -0.1443105936 -0.0314752646 -0.0458002016 -0.0970430002 -0.9942258000 0.1404228657 0.9847624898 -0.1025880650
64.2 -423.2 2441.0 0.9890317321 -0.0186542701 -0.1465205103 -0.0458002016 0.9043644071 -0.4242963195 0.1404228657 0.4263531864 0.8935907483
-131.7 -392.8 2417.4 0 0 0 0 0 0 0 0 0
-50.6 -469.7 2256.2 0 0 0 0 0 0 0 0 0
-176.0 -785.5 2259.2 0 0 0 0 0 0 0 0 0
71.9 -794.0 2266.2 0 0 0 0 0 0 0 0 0
-28.8 42.3 2514.3  0.9936773181 0.0885994658 0.0689607039 -0.1115038097 0.8505872488 0.5138756633 -0.0131279882 -0.5183159709 0.8550884128
-46.1 -124.3 2615.9 0.9936773181 0.0885994658 0.0689607039 -0.1115038097 0.8505872488 0.5138756633 -0.0131279882 -0.5183159709 0.8550884128
-63.5 -288.2 2721.4 0.9935365915 0.0884688199 0.0711221844 -0.1128455177 0.8376116157 0.5344835520 -0.0122876372 -0.5390548110 0.8421810865
-187.6 -108.4 2617.7 -0.0760071874 -0.8715729713 -0.4843381941 0.8883256316 0.1614319384 -0.4299038351 0.4528802037 -0.4629258215 0.7619705796
-170.1 -313.6 2513.0 -0.3111984730 -0.8657178283 -0.3920308053 0.5857156515 0.1501353681 -0.7964901328 0.7483934164 -0.4774851203 0.4603425562
95.3 -140.3 2614.1 -0.2051795870 0.9177182913 0.3401388228 -0.8040838838 0.0400737487 -0.5931637287 -0.5579878688 -0.3952052295 0.7297002077
41.8 -350.0 2468.5 -0.3607252538 0.9092397690 0.2077505738 -0.4422588348 0.0293597914 -0.8964067698 -0.8211482167 -0.4152360857 0.3915285170
-166.8 -438.2 2833.6 0.9998099804 0.0190389343 0.0041811680 0.0044667269 -0.0149809336 -0.9998778105 -0.0189739708 0.9997065067 -0.0150631294
-175.2 -431.6 2394.2 0.9998099804 0.0026123419 0.0193168018 0.0044667269 0.9339063168 -0.3574898541 -0.0189739708 0.3575082123 0.9337172508
12.7 -459.2 2828.5 0.9920590520 -0.1250276864 -0.0136738094 -0.0300806947 -0.1302977651 -0.9910184741 0.1221230850 0.9835601449 -0.1330239922
61.6 -408.2 2443.6 0.9920590520 -0.0239623338 -0.1234694347 -0.0300806947 0.9079893231 -0.4179120660 0.1221230850 0.4183074832 0.9000582099
-128.5 -391.8 2413.1 0 0 0 0 0 0 0 0 0
-50.1 -462.7 2259.3 0 0 0 0 0 0 0 0 0
-176.2 -783.4 2259.5 0 0 0 0 0 0 0 0 0
71.8 -794.3 2265.8 0 0 0 0 0 0 0 0 0
-28.9 43.9 2513.3  0.9948637486 0.0820063576 0.0593381934 -0.1006160006 0.8652577400 0.4911267757 -0.0110673103 -0.4945746064 0.8690646887
-45.0 -126.1 2610.5 0.9948637486 0.0820063576 0.0593381934 -0.1006160006 0.8652577400 0.4911267757 -0.0110673103 -0.4945746064 0.8690646887
-61.0 -293.7 2710.1 0.9948365092 0.0813334957 0.0607055202 -0.1009033769 0.8568809032 0.5055428743 -0.0108998306 -0.5090578794 0.8606632352
-186.7 -111.8 2612.0 -0.0886246487 -0.8711020947 -0.4830391705 0.8710415959 0.1674493402 -0.4617870152 0.4831482172 -0.4616729319 0.7439259887
-166.2 -313.1 2500.4 -0.3217197657 -0.8650434017 -0.3849627674 0.5556131601 0.1567360163 -0.8165340424 0.7666748762 -0.4765855074 0.4302044213
96.6 -140.4 2609.0 -0.2070792913 0.9139184952 0.3491005003 -0.8048982024 0.0436811522 -0.5918030739 -0.5561088920 -0.4035405219 0.7265658379
42.7 -349.9 2464.2 -0.3646703362 0.9049689174 0.2191958129 -0.4550739229 0.0321606845 -0.8898726702 -0.8123566508 -0.4242604673 0.4000996947
-170.6 -442.1 2828.1 0.9999634027 0.0059723267 -0.0061211847 -0.0059950892 -0.0209075306 -0.9997634292 -0.0060988925 0.9997635484 -0.0208709612
-173.2 -433.1 2397.0 0.9999634027 0.0078093554 0.0034859080 -0.0059950892 0.9307970405 -0.3654872477 -0.0060988925 0.3654530048 0.9308097959
9.0 -462.5 2825.9 0.9902886152 -0.1368257552 -0.0246420503 -0.0370979086 -0.0892444849 -0.9953186512 0.1339860559 0.9865668416 -0.0934537426
62.5 -427.6 2439.9 0.9902886152 -0.0241465252 -0.1369140744 -0.0370979086 0.9031985998 -0.4276166856 0.1339860559 0.4285431504 0.8935315013
-123.3 -387.2 2398.0 0 0 0 0 0 0 0 0 0
-50.2 -465.9 2257.2 0 0 0 0 0 0 0 0 0
-176.2 -783.6 2259.4 0 0 0 0 0 0 0 0 0
72.2 -792.6 2266.8 0 0 0 0 0 0 0 0 0
-28.6 45.6 2512.3  0.9944137931 0.0723919123 0.0768156424 -0.1012182385 0.8604003787 0.4994657636 -0.0299349241 -0.5044507980 0.8629213572
-42.9 -124.2 2611.9 0.9944137931 0.0723919123 0.0768156424 -0.1012182385 0.8604003787 0.4994657636 -0.0299349241 -0.5044507980 0.8629213572
-56.7 -290.6 2713.8 0.9944552779 0.0703128651 0.0781968981 -0.1007204205 0.8506300449 0.5160270929 -0.0302332882 -0.5210419297 0.8529954553
-184.5 -109.9 2616.2 -0.0791095123 -0.8805521131 -0.4673004448 0.8768453002 0.1615327597 -0.4528239071 0.4742193818 -0.4455728829 0.7593291998
-166.2 -312.6 2506.6 -0.3061173856 -0.8747968674 -0.3755297065 0.5648280978 0.1506401449 -0.8113425374 0.7663298249 -0.4604758024 0.4479962885
98.7 -138.5 2607.6 -0.2148662508 0.9060612321 0.3645347357 -0.8119858503 0.0416740216 -0.5821875334 -0.5426891446 -0.4210894704 0.7267545462
42.5 -351.1 2465.5 -0.3651371002 0.9038784504 0.2228871882 -0.4485678673 0.0389730483 -0.8928986192 -0.8157584071 -0.4260104299 0.3912203312
-166.8 -452.3 2810.7 0.9998867512 0.0108974399 -0.0103818029 -0.0095550753 -0.0733535886 -0.9972602129 -0.0116291260 0.9972464442 -0.0732411519
-171.3 -422.2 2401.0 0.9998867512 0.0131201120 0.0073755472 -0.0095550753 0.9319516420 -0.3624567091 -0.0116291260 0.3623451889 0.9319714308
13.0 -470.6 2808.8 0.9905594587 -0.1320723295 -0.0367267244 -0.0398624130 -0.0211762767 -0.9989807606 0.1311599910 0.9910138845 -0.0262410846
64.6 -462.3 2421.7 0.9905594587 -0.0197803061 -0.1356491596 -0.0398624130 0.9052115679 -0.4230874181 0.1311599910 0.4245005548 0.8958774209
-125.3 -388.0 2404.3 0 0 0 0 0 0 0 0 0
-51.6 -466.6 2255.3 0 0 0 0 0 0 0 0 0
-176.4 -784.9 2260.0 0 0 0 0 0 0 0 0 0
71.8 -793.0 2266.7 0 0 0 0 0 0 0 0 0
-27.1 45.8 2512.3  0.9940615892 0.0934756026 0.0557127036 -0.1088189110 0.8529656529 0.5104978085 0.0001980708 -0.5135288835 0.8580722809
-45.5 -121.7 2613.1 0.9940615892 0.0934756026 0.0557127036 -0.1088189110 0.8529656529 0.5104978085 0.0001980708 -0.5135288835 0.8580722809
-64.5 -286.0 2717.6 0.9936280847 0.0966224521 0.0580283068 -0.1126786992 0.8397725821 0.5311172605 0.0025872693 -0.5342715979 0.8453088999
-187.0 -105.7 2612.7 -0.0831424743 -0.8643581271 -0.4959560037 0.8864971399 0.1631808579 -0.4330066741 0.4552033842 -0.4756648242 0.7526837587
-167.7 -310.6 2507.5 -0.3228094876 -0.8582770824 -0.3989416659 0.5826793313 0.1519433111 -0.7983720899 0.7458410263 -0.4901771545 0.4510515928
96.0 -137.7 2613.5 -0.1819429696 0.8765443563 0.4456082880 -0.8206572533 0.1142813489 -0.5598762631 -0.5416811109 -0.4675572217 0.6985498071
47.5 -356.3 2469.2 -0.3812595606 0.8765443563 0.2937875688 -0.4280688465 0.1142813489 -0.8964914083 -0.8193889260 -0.4675572217 0.3316504955
-160.3 -448.1 2818.5 0.9995479584 0.0300549213 0.0007312957 0.0021392349 -0.0468401350 -0.9989001155 -0.0299876109 0.9984501600 -0.0468832590
-172.9 -428.3 2397.9 0.9995479584 0.0088205365 0.0287407599 0.0021392349 0.9327009916 -0.3606443107 -0.0299876109 0.3605427742 0.9322605133
19.5 -466.3 2813.1 0.9926279783 -0.1169312969 -0.0318865776 -0.0343588479 -0.0191880036 -0.9992253184 0.1162288785 0.9929546118 -0.0230641738
65.2 -458.8 2424.8 0.9926279783 -0.0190552473 -0.1196936965 -0.0343588479 0.9028087258 -0.4286675155 0.1162288785 0.4296199083 0.8954985142
-124.7 -388.4 2407.9 0 0 0 0 0 0 0 0 0
-51.8 -467.8 2255.7 0 0 0 0 0 0 0 0 0
-176.3 -785.5 2259.8 0 0 0 0 0 0 0 0 0
72.2 -792.7 2265.9 0 0 0 0 0 0 0 0 0
-26.3 47.1 2511.8  0.9932364225 0.1015364975 0.0563178658 -0.1160188913 0.8487662673 0.5158831477 0.0045802575 -0.5189278722 0.8548057675
-46.3 -119.8 2613.8 0.9932364225 0.1015364975 0.0563178658 -0.1160188913 0.8487662673 0.5158831477 0.0045802575 -0.5189278722 0.8548057675
-67.0 -283.1 2719.7 0.9926412106 0.1057331860 0.0590244122 -0.1208522245 0.8343262076 0.5378611088 0.0076241558 -0.5410363078 0.8409646749
-187.6 -102.7 2612.7 -0.0776224434 -0.8610523939 -0.5025569797 0.8910306096 0.1662200838 -0.4224161208 0.4472574592 -0.4805826247 0.7543216348
-169.7 -308.6 2509.4 -0.3209690154 -0.8550063372 -0.4073610902 0.5917094946 0.1548084915 -0.7911474109 0.7394989729 -0.4949732125 0.4562266469
