110.2 67.5 2661.4 4 0.9982725978 -0.0387470871 0.0441643149 0.0342387296 0.9945353270 0.0986262709 -0.0477444530 -0.0969437733 0.9941440225
117.8 -128.1 2680.4 0.9982725978 -0.0387470871 0.0441643149 0.0342387296 0.9945353270 0.0986262709 -0.0477444530 -0.0969437733 0.9941440225
125.6 -321.2 2698.2 0.9981964827 -0.0404368453 0.0443697125 0.0361514427 0.9949659705 0.0934656039 -0.0479258075 -0.0916930065 0.9946333766
-18.6 -133.1 2687.0 0.3195504844 -0.9369950294 -0.1411660165 0.9460543990 0.3238998950 -0.0083622187 0.0535590164 -0.1308785826 0.9899505973
-104.6 -387.7 2672.6 0.0776559711 -0.9369950294 -0.3406022489 0.5583854318 0.3238998950 -0.7637372613 0.8259389997 -0.1308785826 0.5483571291
254.2 -123.2 2673.9 0.2110297233 0.0791108236 0.9742730260 -0.9189706445 0.3557192683 0.1701667607 -0.3331056535 -0.9312385917 0.1477678716
308.2 -358.3 2588.7 -0.6085862517 0.0791108236 0.7895342112 -0.7226409912 0.3557192683 -0.5926666856 -0.3277388811 -0.9312385917 -0.1593171060
44.0 -514.6 2718.9 0.9759114385 0.0710613728 -0.2062696517 -0.1980123371 -0.1083966941 -0.9741874933 -0.0915860534 0.9915646315 -0.0917145461
17.4 -474.1 2348.7 0.9759114385 0.2015203089 0.0835849941 -0.1980123371 0.9790032506 -0.0484123193 -0.0915860534 0.0306952745 0.9953239560
222.9 -507.3 2712.4 0.9937548041 -0.1115540490 -0.0026598314 -0.0057733767 -0.0275969040 -0.9996024370 0.1114363000 0.9933751225 -0.0280686002
265.1 -496.8 2336.0 0.9937548041 0.0096807983 -0.1111650243 -0.0057733767 0.9993559122 0.0354179963 0.1114363000 -0.0345550068 0.9931706190
-125.1 -535.3 2454.2 0 0 0 0 0 0 0 0 0
146.0 -550.8 2501.3 0 0 0 0 0 0 0 0 0
-57.8 -839.5 2337.2 0 0 0 0 0 0 0 0 0
261.5 -869.8 2348.9 0 0 0 0 0 0 0 0 0
112.9 67.7 2659.7 5 0.9986601472 -0.0365068987 0.0366765708 0.0325231776 0.9940568805 0.1038901210 -0.0402513035 -0.1025580838 0.9939122796
120.1 -128.2 2679.9 0.9986601472 -0.0365068987 0.0366765708 0.0325231776 0.9940568805 0.1038901210 -0.0402513035 -0.1025580838 0.9939122796
127.7 -321.2 2699.2 0.9985528588 -0.0392299369 0.0367854089 0.0353391767 0.9942552447 0.1010327935 -0.0405375957 -0.0995866209 0.9942027926
-16.3 -133.1 2685.4 0.3196077645 -0.9357997775 -0.1487603188 0.9462928176 0.3233099282 -0.0007449822 0.0487928428 -0.1405327171 0.9888730049
-102.3 -387.7 2672.3 0.0715995133 -0.9357997775 -0.3451844156 0.5646369457 0.3233099282 -0.7593786120 0.8222278357 -0.1405327171 0.5515359640
256.5 -123.4 2674.3 0.2131149173 0.0864319280 0.9731965661 -0.9215798378 0.3485675752 0.1708545238 -0.3244574964 -0.9332899451 0.1539388746
311.1 -359.1 2591.3 -0.6064188480 0.0864319280 0.7904338837 -0.7248491645 0.3485675752 -0.5942174196 -0.3268789649 -0.9332899451 -0.1487278491
44.1 -517.6 2720.3 0.9774451852 0.0781051591 -0.1962153614 -0.1872285157 -0.1093619242 -0.9762097597 -0.0977055058 0.9909286499 -0.0922717750
14.9 -476.7 2350.0 0.9774451852 0.1912326515 0.0896156058 -0.1872285157 0.9809802771 -0.0512170009 -0.0977055058 0.0332832113 0.9946586490
222.9 -511.1 2711.7 0.9939085841 -0.1101905033 -0.0019467891 -0.0062397276 -0.0386278369 -0.9992341995 0.1100309119 0.9931595922 -0.0390800983
264.8 -496.4 2333.8 0.9939085841 0.0102372915 -0.1097311899 -0.0062397276 0.9993063807 0.0367121920 0.1100309119 -0.0358038694 0.9932830930
-121.2 -537.0 2454.9 0 0 0 0 0 0 0 0 0
149.5 -552.3 2504.2 0 0 0 0 0 0 0 0 0
-56.5 -842.9 2337.6 0 0 0 0 0 0 0 0 0
261.0 -869.4 2347.2 0 0 0 0 0 0 0 0 0
112.7 65.1 2648.3 6 0.9981242418 -0.0392096192 0.0470169112 0.0326144546 0.9904925227 0.1336445659 -0.0518100522 -0.1318604499 0.9899134040
120.4 -131.2 2674.5 0.9981242418 -0.0392096192 0.0470169112 0.0326144546 0.9904925227 0.1336445659 -0.0518100522 -0.1318604499 0.9899134040
128.5 -323.6 2698.6 0.9980046749 -0.0418112427 0.0473120734 0.0355386287 0.9913393855 0.1264247149 -0.0521882959 -0.1244910508 0.9908472896
-15.9 -136.1 2681.6 0.3186726868 -0.9377468824 -0.1381250620 0.9476280212 0.3184494376 0.0243126396 0.0211867467 -0.1386389434 0.9901163578
-101.7 -391.1 2675.9 0.0795705169 -0.9377468824 -0.3380818665 0.5855308175 0.3184494376 -0.7454821467 0.8067355156 -0.1386389434 0.5744189024
256.8 -126.3 2667.3 0.2110190243 0.0758680776 0.9745332003 -0.9292953610 0.3247374594 0.1759424806 -0.3031190038 -0.9427564144 0.1390296370
310.7 -364.1 2589.8 -0.6087920070 0.0758680776 0.7896938324 -0.7337132096 0.3247374594 -0.5968337655 -0.3017237782 -0.9427564144 -0.1420321465
45.9 -517.3 2722.2 0.9778270125 0.0893714800 -0.1893860102 -0.1800105423 -0.1034005508 -0.9782149792 -0.1070071384 0.9906165004 -0.0850200430
12.2 -478.4 2348.7 0.9778270125 0.1839492172 0.1000849977 -0.1800105423 0.9825348258 -0.0471333414 -0.1070071384 0.0280718990 0.9938618541
224.8 -511.0 2714.9 0.9949603081 -0.0997946411 0.0097504593 0.0055443007 -0.0423390195 -0.9990879297 0.1001164466 0.9941068292 -0.0415723510
263.0 -494.8 2333.9 0.9949603081 -0.0010887780 -0.1002639309 0.0055443007 0.9990086555 0.0441700220 0.1001164466 -0.0445033088 0.9939799309
-122.7 -545.9 2462.6 0 0 0 0 0 0 0 0 0
148.5 -559.6 2509.4 0 0 0 0 0 0 0 0 0
-56.5 -845.1 2338.2 0 0 0 0 0 0 0 0 0
263.4 -867.7 2350.5 0 0 0 0 0 0 0 0 0
113.4 68.7 2652.1 7 0.9972727299 -0.0378946364 0.0633329600 0.0304030441 0.9928621650 0.1153273582 -0.0672511905 -0.1130873188 0.9913064837
121.0 -128.7 2674.6 0.9972727299 -0.0378946364 0.0633329600 0.0304030441 0.9928621650 0.1153273582 -0.0672511905 -0.1130873188 0.9913064837
129.2 -321.3 2696.3 0.9970813394 -0.0425753854 0.0633729100 0.0351260677 0.9928203225 0.1143416166 -0.0677860454 -0.1117818505 0.9914181232
-15.2 -133.5 2683.9 0.3201467395 -0.9394564629 -0.1221785471 0.9469674826 0.3210884929 0.0124398321 0.0275434460 -0.1196816787 0.9924301505
-101.4 -388.3 2676.5 0.0932402164 -0.9394564629 -0.3297389746 0.5756142139 0.3210884929 -0.7520442009 0.8123881817 -0.1196816787 0.5707028508
257.2 -123.8 2665.3 0.2049719691 0.0611229800 0.9768574238 -0.9257685542 0.3360747099 0.1732235551 -0.3177091479 -0.9398498535 0.1254716367
309.6 -360.7 2584.1 -0.6144677997 0.0611229800 0.7865706086 -0.7293608785 0.3360747099 -0.5958913565 -0.3007691503 -0.9398498535 -0.1619263738
47.3 -519.2 2727.4 0.9791319370 0.1020935774 -0.1757200807 -0.1655140519 -0.1011141017 -0.9810101986 -0.1179226190 0.9896225929 -0.0821061209
8.1 -480.4 2347.6 0.9791319370 0.1690151393 0.1128473654 -0.1655140519 0.9854050875 -0.0397730917 -0.1179226190 0.0202652793 0.9928159714
226.1 -512.8 2718.1 0.9957363009 -0.0890706480 0.0239916723 0.0194564797 -0.0514404923 -0.9984865189 0.0901699886 0.9946960807 -0.0494881645
260.6 -492.9 2332.1 0.9957363009 -0.0142678656 -0.0911351144 0.0194564797 0.9982242584 0.0563009493 0.0901699886 -0.0578340702 0.9942457676
-126.1 -540.5 2461.7 0 0 0 0 0 0 0 0 0
145.9 -555.0 2503.9 0 0 0 0 0 0 0 0 0
-55.0 -848.1 2340.0 0 0 0 0 0 0 0 0 0
266.0 -865.4 2353.7 0 0 0 0 0 0 0 0 0
114.2 65.7 2654.6 8 0.9977982640 -0.0368550755 0.0551395528 0.0304245092 0.9931030273 0.1132284701 -0.0589323044 -0.1113015711 0.9920377731
121.4 -130.7 2676.6 0.9977982640 -0.0368550755 0.0551395528 0.0304245092 0.9931030273 0.1132284701 -0.0589323044 -0.1113015711 0.9920377731
129.4 -323.5 2697.4 0.9976386428 -0.0407678597 0.0552731194 0.0345088132 0.9933533072 0.1098103896 -0.0593824722 -0.1076436788 0.9924145341
-14.8 -135.4 2684.7 0.3207487762 -0.9381490946 -0.1303707659 0.9465370178 0.3224941492 0.0080768121 0.0344665572 -0.1259913892 0.9914324284
-101.2 -390.2 2675.4 0.0870295912 -0.9381490946 -0.3351151347 0.5718579292 0.3224941492 -0.7543050051 0.8157232404 -0.1259913892 0.5645545125
257.7 -126.0 2668.4 0.2067703009 0.0691919476 0.9759398103 -0.9245154858 0.3402533829 0.1717519313 -0.3201829791 -0.9377846718 0.1343233287
310.6 -362.5 2586.5 -0.6126067638 0.0691919476 0.7873533964 -0.7274280787 0.3402533829 -0.5958825946 -0.3091299534 -0.9377846718 -0.1581093818
48.2 -517.2 2724.1 0.9785729051 0.1034759656 -0.1780106574 -0.1678330153 -0.0999672413 -0.9807336926 -0.1192776039 0.9895955324 -0.0804585442
8.8 -479.1 2347.4 0.9785729051 0.1719959676 0.1131921262 -0.1678330153 0.9847692251 -0.0454050452 -0.1192776039 0.0254347697 0.9925351143
226.8 -510.9 2711.9 0.9961558580 -0.0831760615 0.0274816565 0.0231449809 -0.0526611097 -0.9983441830 0.0844855532 0.9951424599 -0.0505335666
258.3 -490.9 2334.5 0.9961558580 -0.0187265854 -0.0855734423 0.0231449809 0.9984337091 0.0509358309 0.0844855532 -0.0527206212 0.9950290322
-124.2 -541.4 2459.8 0 0 0 0 0 0 0 0 0
147.4 -556.3 2504.2 0 0 0 0 0 0 0 0 0
-55.4 -846.7 2337.9 0 0 0 0 0 0 0 0 0
265.3 -863.6 2354.1 0 0 0 0 0 0 0 0 0
112.9 67.3 2654.3 9 0.9986106753 -0.0394121595 0.0349771678 0.0351212434 0.9926522374 0.1157932654 -0.0392838269 -0.1144039482 0.9926573038
120.7 -128.9 2676.9 0.9986106753 -0.0394121595 0.0349771678 0.0351212434 0.9926522374 0.1157932654 -0.0392838269 -0.1144039482 0.9926573038
128.5 -321.7 2697.1 0.9985632896 -0.0402474403 0.0353758708 0.0363022238 0.9937191010 0.1058512926 -0.0394139215 -0.1044149995 0.9937525392
-15.7 -133.9 2682.3 0.3184520900 -0.9359886050 -0.1500452161 0.9468864202 0.3215452731 0.0038339340 0.0446578115 -0.1432967186 0.9886717200
-101.4 -388.7 2670.3 0.0698787048 -0.9359886050 -0.3450250328 0.5686638355 0.3215452731 -0.7571195960 0.8195965290 -0.1432967186 0.5547320247
257.1 -123.9 2671.5 0.2145997733 0.0872433633 0.9727978110 -0.9228803515 0.3441791832 0.1727209538 -0.3197479844 -0.9348418713 0.1543759555
312.0 -360.0 2589.7 -0.6051566005 0.0872433633 0.7913116217 -0.7271143198 0.3441791832 -0.5940079093 -0.3241762519 -0.9348418713 -0.1448464096
47.9 -519.4 2723.7 0.9783943892 0.1013609022 -0.1801953167 -0.1696213931 -0.1047831401 -0.9799230099 -0.1182073131 0.9893161654 -0.0853262618
9.2 -479.4 2345.7 0.9783943892 0.1724812686 0.1139938459 -0.1696213931 0.9849086404 -0.0344024971 -0.1182073131 0.0143234152 0.9928856492
226.6 -513.2 2713.0 0.9955921769 -0.0933926627 0.0086063230 0.0037845608 -0.0516837202 -0.9986563325 0.0937119797 0.9942869544 -0.0511024594
262.4 -493.4 2332.6 0.9955921769 0.0015950958 -0.0937748030 0.0037845608 0.9983577132 0.0571620017 0.0937119797 -0.0572649352 0.9939510822
-119.9 -539.0 2453.6 0 0 0 0 0 0 0 0 0
150.8 -553.7 2503.3 0 0 0 0 0 0 0 0 0
-55.2 -847.0 2340.4 0 0 0 0 0 0 0 0 0
261.8 -866.0 2354.0 0 0 0 0 0 0 0 0 0
115.4 66.0 2655.6 0 0.9991321564 -0.0275878888 0.0312071834 0.0242344979 0.9943702221 0.1031528637 -0.0338772647 -0.1023070514 0.9941758513
120.9 -130.4 2675.8 0.9991321564 -0.0275878888 0.0312071834 0.0242344979 0.9943702221 0.1031528637 -0.0338772647 -0.1023070514 0.9941758513
126.1 -323.5 2694.2 0.9991402626 -0.0270508267 0.0314161070 0.0239381976 0.9951372147 0.0955454707 -0.0338479206 -0.0947112814 0.9949291945
-15.6 -133.7 2680.5 0.3302237093 -0.9310464263 -0.1552574486 0.9422546625 0.3348728716 -0.0040408196 0.0557537004 -0.1449576765 0.9878658056
-104.5 -387.3 2665.5 0.0727298111 -0.9310464263 -0.3575792909 0.5595815778 0.3348728716 -0.7581085563 0.8255778551 -0.1449576765 0.5453516841
257.4 -127.1 2671.2 0.2045505345 0.0965995118 0.9740778208 -0.9223336577 0.3522773385 0.1587491482 -0.3278104365 -0.9308969975 0.1611554921
309.7 -363.1 2587.3 -0.6126149893 0.0965995118 0.7844561338 -0.7160827518 0.3522773385 -0.6025995016 -0.3345569074 -0.9308969975 -0.1466371268
46.9 -517.9 2720.9 0.9790236950 0.1104036272 -0.1712414771 -0.1619615108 -0.0882199332 -0.9828457236 -0.1236166432 0.9899637699 -0.0684882626
5.1 -484.5 2346.4 0.9790236950 0.1658232957 0.1183859706 -0.1619615108 0.9859200120 -0.0415957868 -0.1236166432 0.0215492900 0.9920960665
225.8 -511.4 2713.9 0.9951063395 -0.0987781510 0.0025077485 -0.0020067026 -0.0455770828 -0.9989588261 0.0987896025 0.9940651655 -0.0455522612
263.5 -494.0 2334.0 0.9951063395 0.0067720581 -0.0985776410 -0.0020067026 0.9988279343 0.0483602434 0.0987896025 -0.0479257666 0.9939535856
-123.7 -535.2 2447.2 0 0 0 0 0 0 0 0 0
146.5 -553.9 2498.2 0 0 0 0 0 0 0 0 0
-56.8 -852.5 2338.3 0 0 0 0 0 0 0 0 0
261.0 -866.8 2351.9 0 0 0 0 0 0 0 0 0
115.1 68.0 2657.8 1 0.9991886616 -0.0261630155 0.0306195859 0.0228045601 0.9941776395 0.1053125858 -0.0331966020 -0.1045288742 0.9939676523
120.3 -128.4 2678.4 0.9991886616 -0.0261630155 0.0306195859 0.0228045601 0.9941776395 0.1053125858 -0.0331966020 -0.1045288742 0.9939676523
125.2 -321.5 2696.9 0.9992045164 -0.0252610575 0.0308583621 0.0221908651 0.9951266646 0.0960756987 -0.0331349522 -0.0953144953 0.9948955774
-16.2 -131.5 2683.0 0.3318120539 -0.9303603768 -0.1559819579 0.9417149425 0.3363967836 -0.0031918429 0.0554413944 -0.1458314359 0.9877547622
-105.5 -384.9 2668.1 0.0730975121 -0.9303603768 -0.3592859209 0.5599400401 0.3363967836 -0.7571685910 0.8253023028 -0.1458314359 0.5455358028
256.8 -125.3 2673.9 0.2031933516 0.0978849307 0.9742335677 -0.9228784442 0.3515626490 0.1571595222 -0.3271206021 -0.9310328960 0.1617710888
308.8 -361.4 2590.2 -0.6136091352 0.0978849307 0.7835192084 -0.7152190208 0.3515626490 -0.6040409207 -0.3345825970 -0.9310328960 -0.1457128972
41.9 -518.8 2715.6 0.9809484482 0.1022590995 -0.1651762575 -0.1559409201 -0.0925816670 -0.9834180474 -0.1158557385 0.9904401898 -0.0748714656
3.8 -484.3 2346.3 0.9809484482 0.1578857005 0.1131911054 -0.1559409201 0.9874269962 -0.0258907694 -0.1158557385 0.0077463845 0.9932358265
220.9 -514.5 2709.5 0.9935424328 -0.1128271222 0.0119770095 0.0058549792 -0.0544361584 -0.9985001087 0.1133098677 0.9921223521 -0.0534240343
263.5 -494.0 2335.3 0.9935424328 -0.0001548462 -0.1134609357 0.0058549792 0.9987366796 0.0499072224 0.1133098677 -0.0502492525 0.9922882318
-124.8 -532.9 2449.9 0 0 0 0 0 0 0 0 0
145.3 -552.0 2501.1 0 0 0 0 0 0 0 0 0
-55.2 -852.9 2343.4 0 0 0 0 0 0 0 0 0
263.5 -866.8 2354.1 0 0 0 0 0 0 0 0 0
113.0 72.9 2659.4 2 0.9987359643 -0.0362753458 0.0347929224 0.0326193683 0.9944088459 0.1004338861 -0.0382416658 -0.0991720185 0.9943351746
120.2 -123.7 2679.0 0.9987359643 -0.0362753458 0.0347929224 0.0326193683 0.9944088459 0.1004338861 -0.0382416658 -0.0991720185 0.9943351746
127.2 -316.8 2696.9 0.9987334013 -0.0361088589 0.0350390412 0.0326900408 0.9950665236 0.0936692879 -0.0382484719 -0.0924052149 0.9949865937
-16.2 -128.2 2684.2 0.3222810328 -0.9345567822 -0.1507930756 0.9449654222 0.3270837367 -0.0075194729 0.0563493371 -0.1400708556 0.9885367751
-103.0 -382.5 2669.1 0.0715660155 -0.9345567822 -0.3485425711 0.5584108829 0.3270837367 -0.7623605132 0.8264718056 -0.1400708556 0.5452747345
256.7 -119.2 2673.7 0.2110770345 0.0893710852 0.9733752012 -0.9198129177 0.3551096022 0.1668573916 -0.3307426572 -0.9305428267 0.1571601629
310.7 -354.5 2589.1 -0.6078695059 0.0893710852 0.7889914513 -0.7206546664 0.3551096022 -0.5954443812 -0.3333939612 -0.9305428267 -0.1514546126
40.6 -516.7 2718.4 0.9820380211 0.1025239453 -0.1583985984 -0.1504630446 -0.0810343474 -0.9852889180 -0.1138514429 0.9914243817 -0.0641527474
1.8 -486.0 2343.3 0.9820380211 0.1515600830 0.1123869047 -0.1504630446 0.9884475470 -0.0182295851 -0.1138514429 0.0009920710 0.9934973121
219.6 -512.7 2712.5 0.9929052591 -0.1188834906 0.0024227863 -0.0031227395 -0.0464382805 -0.9989162683 0.1188671663 0.9918216467 -0.0464800559
264.7 -495.1 2336.3 0.9929052591 0.0087459441 -0.1185861006 -0.0031227395 0.9988653064 0.0475218892 0.1188671663 -0.0468144231 0.9918059111
-121.9 -530.1 2450.6 0 0 0 0 0 0 0 0 0
148.7 -546.5 2500.3 0 0 0 0 0 0 0 0 0
-54.8 -855.0 2343.0 0 0 0 0 0 0 0 0 0
261.4 -867.9 2353.8 0 0 0 0 0 0 0 0 0
116.2 71.3 2658.7 3 0.9987466931 -0.0484227613 0.0126616070 0.0469642021 0.9941351414 0.0974149778 -0.0173044503 -0.0966982469 0.9951633215
125.8 -125.1 2677.8 0.9987466931 -0.0484227613 0.0126616070 0.0469642021 0.9941351414 0.0974149778 -0.0173044503 -0.0966982469 0.9951633215
135.7 -318.2 2695.1 0.9986111522 -0.0510500111 0.0130255492 0.0496738069 0.9946897030 0.0901384503 -0.0175579488 -0.0893662274 0.9958440661
-10.7 -131.9 2680.2 0.3050093055 -0.9368907213 -0.1708949804 0.9500217438 0.3118634224 -0.0141401244 0.0665436462 -0.1580410749 0.9851877689
-92.8 -387.6 2662.3 0.0451274812 -0.9368907213 -0.3466976881 0.5561212301 0.3118634224 -0.7703703046 0.8298751116 -0.1580410749 0.5350984335
262.2 -118.3 2675.4 0.2333640307 0.1024189368 0.9669806361 -0.9147520661 0.3604034483 0.1825869977 -0.3298028111 -0.9271568060 0.1777931303
321.9 -352.3 2591.0 -0.5886107087 0.1024189368 0.8019026518 -0.7294138670 0.3604034483 -0.5814333558 -0.3485582769 -0.9271568060 -0.1374315321
44.7 -512.9 2718.3 0.9805204272 0.1041482538 -0.1665317565 -0.1589147002 -0.0776499659 -0.9842340350 -0.1154374406 0.9915258884 -0.0595866926
5.7 -483.8 2346.3 0.9805204272 0.1617909819 0.1113703698 -0.1589147002 0.9866964817 -0.0342954099 -0.1154374406 0.0159289595 0.9931870103
223.7 -507.0 2711.4 0.9939910769 -0.1094314307 -0.0025409707 -0.0063717281 -0.0346705653 -0.9993785024 0.1092753187 0.9933894873 -0.0351595022
265.1 -493.9 2335.1 0.9939910769 0.0125704529 -0.1087367386 -0.0063717281 0.9983443022 0.0571674109 0.1092753187 -0.0561310574 0.9924254417
-104.7 -534.6 2442.9 0 0 0 0 0 0 0 0 0
165.0 -546.7 2498.1 0 0 0 0 0 0 0 0 0
-54.7 -852.0 2340.4 0 0 0 0 0 0 0 0 0
260.5 -866.5 2356.0 0 0 0 0 0 0 0 0 0
117.4 70.7 2656.8 4 0.9984983802 -0.0538204871 0.0102163404 0.0524681136 0.9931773543 0.1041433215 -0.0157516822 -0.1034509018 0.9945098162
128.1 -125.5 2677.3 0.9984983802 -0.0538204871 0.0102163404 0.0524681136 0.9931773543 0.1041433215 -0.0157516822 -0.1034509018 0.9945098162
138.9 -318.4 2696.1 0.9983655214 -0.0561667792 0.0105650760 0.0548682176 0.9936881065 0.0978435799 -0.0159939490 -0.0971039683 0.9951457381
-8.3 -133.0 2679.5 0.2998145521 -0.9382215142 -0.1727761626 0.9521190524 0.3056356311 -0.0074940794 0.0598376580 -0.1622566432 0.9849326015
-89.0 -389.2 2663.4 0.0405158512 -0.9382215142 -0.3436551094 0.5627042055 0.3056356311 -0.7680825591 0.8256648779 -0.1622566432 0.5403242707
264.4 -118.0 2675.1 0.2388858944 0.1023424491 0.9656394720 -0.9159963131 0.3538219035 0.1891053468 -0.3223108649 -0.9296967983 0.1782683730
325.6 -352.3 2592.6 -0.5840249062 0.1023424491 0.8052582741 -0.7351983786 0.3538219035 -0.5781811476 -0.3440904915 -0.9296967983 -0.1313987970
56.1 -515.7 2714.1 0.9772241116 0.1374765486 -0.1616576314 -0.1505380273 -0.0878267512 -0.9846952558 -0.1495703608 0.9866036177 -0.0651309714
4.8 -482.9 2345.4 0.9772241116 0.1530912519 0.1469559819 -0.1505380273 0.9881959558 -0.0284083113 -0.1495703608 0.0056388257 0.9887350202
235.0 -506.8 2710.9 0.9963671565 -0.0840978175 -0.0134164235 -0.0163149480 -0.0338741429 -0.9992929101 0.0835838839 0.9958815575 -0.0351231359
266.9 -493.9 2332.9 0.9963671565 0.0216852557 -0.0823540688 -0.0163149480 0.9977301955 0.0653319955 0.0835838839 -0.0637510568 0.9944593906
-99.7 -538.0 2445.1 0 0 0 0 0 0 0 0 0
169.9 -548.2 2500.9 0 0 0 0 0 0 0 0 0
-52.4 -851.7 2343.3 0 0 0 0 0 0 0 0 0
258.8 -866.4 2356.7 0 0 0 0 0 0 0 0 0
118.6 68.3 2665.4 5 0.9984642863 -0.0553833991 0.0013439219 0.0551261939 0.9956499934 0.0751145035 -0.0054981722 -0.0749250576 0.9971740246
129.6 -129.2 2680.3 0.9984642863 -0.0553833991 0.0013439219 0.0551261939 0.9956499934 0.0751145035 -0.0054981722 -0.0749250576 0.9971740246
141.1 -322.4 2694.6 0.9982383251 -0.0593156368 0.0013966098 0.0590487383 0.9954936504 0.0741998553 -0.0057915277 -0.0739866644 0.9972423911
-6.8 -137.3 2681.1 0.2954329848 -0.9379795790 -0.1814211309 0.9515666962 0.3058177233 -0.0315653123 0.0850894228 -0.1633088738 0.9828987718
-86.3 -393.4 2658.2 0.0309653468 -0.9379795790 -0.3453048170 0.5430689454 0.3058177233 -0.7820176482 0.8391169906 -0.1633088738 0.5188573599
265.9 -121.1 2679.4 0.2454104573 0.1091070175 0.9632597566 -0.9071559310 0.3762104809 0.1885040253 -0.3418213129 -0.9200876951 0.1913030744
328.7 -353.2 2592.0 -0.5779988170 0.1091070175 0.8087106943 -0.7290382385 0.3762104809 -0.5718119740 -0.3666341603 -0.9200876951 -0.1379060298
60.4 -516.1 2716.4 0.9763834476 0.1506210417 -0.1548826098 -0.1428375095 -0.0878085569 -0.9858433604 -0.1620887667 0.9846841693 -0.0642204955
3.5 -483.0 2344.5 0.9763834476 0.1463868320 0.1588905901 -0.1428375095 0.9891757965 -0.0335962586 -0.1620887667 0.0101072975 0.9867244363
239.3 -506.3 2713.5 0.9977661967 -0.0666770712 -0.0040938756 -0.0062271520 -0.0318178087 -0.9994742870 0.0665117651 0.9972671866 -0.0321619436
264.6 -494.2 2335.0 0.9977661967 0.0093143899 -0.0661500916 -0.0062271520 0.9988884330 0.0467239618 0.0665117651 -0.0462076627 0.9967151284
-94.5 -536.9 2436.3 0 0 0 0 0 0 0 0 0
174.7 -547.4 2494.3 0 0 0 0 0 0 0 0 0
-51.1 -852.2 2340.7 0 0 0 0 0 0 0 0 0
261.1 -867.0 2352.2 0 0 0 0 0 0 0 0 0
119.3 67.0 2660.7 6 0.9984491467 -0.0553060137 0.0063661197 0.0545480736 0.9947424531 0.0866716504 -0.0111261122 -0.0861899704 0.9962165952
130.3 -129.8 2677.7 0.9984491467 -0.0553060137 0.0063661197 0.0545480736 0.9947424531 0.0866716504 -0.0111261122 -0.0861899704 0.9962165952
142.0 -322.9 2693.7 0.9981592298 -0.0602895059 0.0065865917 0.0595384948 0.9947796464 0.0828770846 -0.0115488265 -0.0823323727 0.9965379834
-6.1 -138.0 2679.3 0.2953149080 -0.9390037060 -0.1762415767 0.9524315596 0.3038751185 -0.0231082328 0.0752541497 -0.1610338390 0.9840756655
-85.6 -394.3 2659.1 0.0350488573 -0.9390037060 -0.3421162963 0.5503681898 0.3038751185 -0.7776597738 0.8341860771 -0.1610338390 0.5274482965
266.6 -121.7 2676.1 0.2441474497 0.1040550992 0.9641392827 -0.9099630713 0.3682476580 0.1906852275 -0.3352002800 -0.9238864779 0.1845930368
329.1 -354.5 2590.4 -0.5794854760 0.1040550992 0.8083124757 -0.7325155139 0.3682476580 -0.5725510120 -0.3572360575 -0.9238864779 -0.1371722072
63.2 -520.9 2709.5 0.9738165736 0.1584431529 -0.1630247235 -0.1483429670 -0.1005226970 -0.9838137627 -0.1722662449 0.9822377563 -0.0743867382
4.1 -483.4 2343.4 0.9738165736 0.1519052088 0.1691333801 -0.1483429670 0.9883657694 -0.0335774608 -0.1722662449 0.0076085390 0.9850210547
242.0 -510.3 2708.5 0.9984372258 -0.0557898246 0.0032501952 0.0006433675 -0.0466803648 -0.9989096522 0.0558807142 0.9973506927 -0.0465715192
262.9 -492.9 2335.7 0.9984372258 0.0014540107 -0.0558655001 0.0006433675 0.9992961287 0.0375070386 0.0558807142 -0.0374843664 0.9977335930
-94.8 -539.8 2438.5 0 0 0 0 0 0 0 0 0
174.7 -549.7 2495.2 0 0 0 0 0 0 0 0 0
-52.6 -852.3 2340.6 0 0 0 0 0 0 0 0 0
262.3 -865.8 2349.7 0 0 0 0 0 0 0 0 0
119.1 66.7 2658.3 7 0.9981310368 -0.0610964224 -0.0012926926 0.0609410927 0.9935758114 0.0953589380 -0.0045417016 -0.0952594951 0.9954420924
131.2 -129.9 2677.2 0.9981310368 -0.0610964224 -0.0012926926 0.0609410927 0.9935758114 0.0953589380 -0.0045417016 -0.0952594951 0.9954420924
144.2 -322.7 2694.7 0.9977546930 -0.0669669956 -0.0009694573 0.0667805672 0.9936692119 0.0903430805 -0.0050866851 -0.0902049765 0.9959102273
-5.1 -139.0 2677.9 0.2878288925 -0.9400487542 -0.1829284430 0.9551090002 0.2957622707 -0.0170721058 0.0701519400 -0.1698027551 0.9829779863
-82.5 -396.0 2659.0 0.0252144504 -0.9400487542 -0.3401066363 0.5568084717 0.2957622707 -0.7762016654 0.8302581310 -0.1698027551 0.5308846235
267.5 -120.7 2676.5 0.2531095147 0.1078087166 0.9614118934 -0.9106166363 0.3621107340 0.1991311163 -0.3266695142 -0.9258796573 0.1898260713
332.3 -353.7 2592.9 -0.5716218948 0.1078087166 0.8134037852 -0.7393923402 0.3621107340 -0.5676044226 -0.3557349443 -0.9258796573 -0.1272774935
64.3 -521.3 2710.7 0.9732147455 0.1634410620 -0.1616789103 -0.1463552415 -0.1018857434 -0.9839712381 -0.1772940904 0.9812778831 -0.0752362534
3.2 -483.3 2344.3 0.9732147455 0.1492848545 0.1748344451 -0.1463552415 0.9887889624 -0.0296059046 -0.1772940904 0.0032249654 0.9841526151
243.1 -510.7 2708.7 0.9988304973 -0.0471605286 0.0106574781 0.0082445955 -0.0510651134 -0.9986612797 0.0476416200 0.9975811839 -0.0506165735
260.6 -491.7 2339.3 0.9988304973 -0.0070420504 -0.0478341579 0.0082445955 0.9996536970 0.0249892902 0.0476416200 -0.0253544375 0.9985426664
-89.2 -543.2 2439.5 0 0 0 0 0 0 0 0 0
180.0 -550.7 2498.1 0 0 0 0 0 0 0 0 0
-52.5 -852.4 2343.1 0 0 0 0 0 0 0 0 0
263.2 -864.8 2348.7 0 0 0 0 0 0 0 0 0
123.6 67.0 2668.6 8 0.9986199141 -0.0523793101 -0.0038344185 0.0525166504 0.9966580272 0.0625681207 0.0005443288 -0.0626831427 0.9980333447
134.0 -130.6 2681.1 0.9986199141 -0.0523793101 -0.0038344185 0.0525166504 0.9966580272 0.0625681207 0.0005443288 -0.0626831427 0.9980333447
145.6 -324.0 2693.3 0.9982039928 -0.0597821884 -0.0038567272 0.0599064119 0.9962161779 0.0629644990 0.0000779784 -0.0630824566 0.9980083108
-2.4 -138.9 2681.1 0.2941712439 -0.9373785257 -0.1865067184 0.9507833123 0.3068894148 -0.0427781940 0.0973362997 -0.1647433639 0.9815219045
-81.6 -394.7 2654.9 0.0261330251 -0.9373785257 -0.3473306000 0.5336081982 0.3068894148 -0.7880870104 0.8453279734 -0.1647433639 0.5082128644
270.3 -122.4 2681.1 0.2479626983 0.1135716215 0.9620893598 -0.9030525088 0.3866362870 0.1871057153 -0.3507287800 -0.9152124524 0.1984325200
333.8 -353.5 2591.3 -0.5754585266 0.1135716215 0.8099067807 -0.7253234386 0.3866362870 -0.5695772767 -0.3778271675 -0.9152124524 -0.1401169896
67.8 -521.5 2712.6 0.9722411633 0.1786838174 -0.1510601491 -0.1361112893 -0.0932221562 -0.9862977862 -0.1903176010 0.9794803262 -0.0663135350
0.5 -486.4 2343.3 0.9722411633 0.1391886771 0.1880786568 -0.1361112893 0.9902618527 -0.0292443726 -0.1903176010 0.0028329557 0.9817184806
246.6 -509.6 2711.7 0.9992680550 -0.0361358821 0.0125520211 0.0107958112 -0.0483916104 -0.9987701178 0.0366988517 0.9981745481 -0.0479660742
260.1 -491.5 2339.1 0.9992680550 -0.0099295331 -0.0369426534 0.0107958112 0.9996696711 0.0233241729 0.0366988517 -0.0237059277 0.9990451336
-88.5 -535.8 2431.4 0 0 0 0 0 0 0 0 0
180.4 -546.7 2490.7 0 0 0 0 0 0 0 0 0
-51.5 -856.0 2342.2 0 0 0 0 0 0 0 0 0
263.8 -864.7 2347.9 0 0 0 0 0 0 0 0 0
124.9 65.4 2671.3 9 0.9990977049 -0.0411781594 0.0103967926 0.0404573418 0.9972571731 0.0619783998 -0.0129204327 -0.0615018494 0.9980233312
133.0 -131.4 2683.4 0.9990977049 -0.0411781594 0.0103967926 0.0404573418 0.9972571731 0.0619783998 -0.0129204327 -0.0615018494 0.9980233312
142.6 -324.9 2695.3 0.9987430573 -0.0490286388 0.0104188491 0.0482985750 0.9969384074 0.0614908002 -0.0134017607 -0.0609102920 0.9980532527
-3.4 -138.1 2685.3 0.3065159023 -0.9358906150 -0.1736569107 0.9471507072 0.3180148005 -0.0420964025 0.0946231037 -0.1515760571 0.9839060903
-85.9 -393.0 2659.8 0.0438122936 -0.9358906150 -0.3495557308 0.5319852233 0.3180148005 -0.7847664356 0.8456194401 -0.1515760571 0.5118129253
269.5 -124.8 2681.6 0.2326489240 0.1056371033 0.9668067694 -0.9053407311 0.3866780996 0.1756080091 -0.3552922606 -0.9161445498 0.1855978221
329.0 -356.4 2590.7 -0.5889388919 0.1056371033 0.8012439013 -0.7180109620 0.3866780996 -0.5787402987 -0.3709599078 -0.9161445498 -0.1518811584
67.8 -522.6 2705.5 0.9708519578 0.1850600094 -0.1523129642 -0.1366690397 -0.0946105868 -0.9860884547 -0.1968959570 0.9781623483 -0.0665609017
-0.9 -487.6 2342.9 0.9708519578 0.1395312101 0.1948781312 -0.1366690397 0.9902174473 -0.0281243678 -0.1968959570 0.0006707898 0.9804241657
246.6 -511.9 2705.5 0.9993406534 -0.0318083018 0.0175084434 0.0155567257 -0.0606027469 -0.9980407357 0.0328070410 0.9976550341 -0.0600679554
258.3 -489.7 2340.2 0.9993406534 -0.0148906624 -0.0331146754 0.0155567257 0.9996799827 0.0199479889 0.0328070410 -0.0204499923 0.9992524981
-97.5 -533.6 2436.3 0 0 0 0 0 0 0 0 0
172.1 -547.7 2491.9 0 0 0 0 0 0 0 0 0
-52.9 -857.2 2342.6 0 0 0 0 0 0 0 0 0
263.8 -862.9 2347.9 0 0 0 0 0 0 0 0 0
124.3 69.1 2663.6 0 0.9989829659 -0.0390740745 0.0224996507 0.0371105112 0.9959483743 0.0819121376 -0.0256091319 -0.0809938535 0.9963855743
132.0 -127.7 2679.6 0.9989829659 -0.0390740745 0.0224996507 0.0371105112 0.9959483743 0.0819121376 -0.0256091319 -0.0809938535 0.9963855743
140.8 -321.0 2694.6 0.9987061024 -0.0455327295 0.0226482265 0.0436295494 0.9959657192 0.0784142166 -0.0261272695 -0.0773246214 0.9966635704
-4.4 -133.6 2683.2 0.3116374910 -0.9362858534 -0.1620210558 0.9472534060 0.3195415437 -0.0245805103 0.0747868419 -0.1458147913 0.9864811301
-88.3 -388.6 2663.1 0.0562035479 -0.9362858534 -0.3467130065 0.5460944176 0.3195415437 -0.7743862867 0.8358361125 -0.1458147913 0.5292598605
268.4 -121.7 2676.1 0.2245345563 0.0962788612 0.9696981907 -0.9122779369 0.3705636561 0.1744465083 -0.3425393999 -0.9238035083 0.1710374206
325.9 -355.1 2588.4 -0.5963813066 0.0962788612 0.7969063520 -0.7215964794 0.3705636561 -0.5847914815 -0.3516075909 -0.9238035083 -0.1515227407
62.6 -522.7 2708.3 0.9745538235 0.1788489819 -0.1351219267 -0.1201522723 -0.0920879021 -0.9884752035 -0.1892308891 0.9795574546 -0.0682555065
-4.1 -488.4 2342.8 0.9745538235 0.1223905087 0.1877910048 -0.1201522723 0.9924820065 -0.0232999902 -0.1892308891 0.0001435790 0.9819325805
241.5 -514.1 2705.9 0.9988012314 -0.0376965329 0.0312259141 0.0284763630 -0.0713940933 -0.9970416427 0.0398143604 0.9967355728 -0.0702350438
255.3 -487.9 2341.0 0.9988012314 -0.0277944598 -0.0402933545 0.0284763630 0.9994590878 0.0164493788 0.0398143604 -0.0175770689 0.9990524650
-103.2 -532.9 2442.1 0 0 0 0 0 0 0 0 0
167.0 -547.3 2494.7 0 0 0 0 0 0 0 0 0
-49.8 -858.8 2342.7 0 0 0 0 0 0 0 0 0
265.7 -861.0 2347.6 0 0 0 0 0 0 0 0 0
125.6 66.3 2668.8 1 0.9992560744 -0.0339789726 0.0182413347 0.0328030884 0.9975805879 0.0612936765 -0.0202798974 -0.0606497079 0.9979530573
132.3 -131.5 2680.8 0.9992560744 -0.0339789726 0.0182413347 0.0328030884 0.9975805879 0.0612936765 -0.0202798974 -0.0606497079 0.9979530573
139.9 -325.1 2692.4 0.9990543127 -0.0394506454 0.0182790551 0.0382845029 0.9974477291 0.0602688529 -0.0206100475 -0.0595120527 0.9980148077
-4.2 -136.7 2683.7 0.3166951239 -0.9337236881 -0.1669259816 0.9439195991 0.3275633752 -0.0414493009 0.0933810323 -0.1444379240 0.9850978255
-89.4 -390.8 2658.5 0.0552907437 -0.9337236881 -0.3536990583 0.5305742025 0.3275633752 -0.7817885280 0.8458333015 -0.1444379240 0.5135208964
268.8 -126.2 2678.0 0.2209565938 0.1028651893 0.9698437452 -0.9072335362 0.3866206408 0.1656858921 -0.3579182923 -0.9164841771 0.1787491292
325.3 -358.3 2586.4 -0.5987997055 0.1028651893 0.7942655087 -0.7116477489 0.3866206408 -0.5865850449 -0.3674186170 -0.9164841771 -0.1583045423
60.2 -518.1 2712.0 0.9764389992 0.1740012318 -0.1276338547 -0.1153490245 -0.0790158436 -0.9901773334 -0.1823771596 0.9815701842 -0.0570832863
-5.3 -488.4 2342.2 0.9764389992 0.1175542772 0.1809635907 -0.1153490245 0.9930655956 -0.0226997118 -0.1823771596 0.0012909126 0.9832277894
239.2 -510.3 2707.3 0.9984161854 -0.0461417362 0.0321880989 0.0295401961 -0.0569626577 -0.9979391694 0.0478801653 0.9973095059 -0.0555094033
256.2 -489.3 2339.6 0.9984161854 -0.0281492919 -0.0487108901 0.0295401961 0.9991692901 0.0280738417 0.0478801653 -0.0294683073 0.9984183311
-104.0 -531.0 2434.9 0 0 0 0 0 0 0 0 0
165.7 -547.9 2488.5 0 0 0 0 0 0 0 0 0
-49.2 -859.1 2341.8 0 0 0 0 0 0 0 0 0
266.7 -862.3 2350.6 0 0 0 0 0 0 0 0 0
125.6 65.1 2662.9 2 0.9995448589 -0.0272705499 0.0128980381 0.0261144172 0.9962399006 0.0826078206 -0.0151023017 -0.0822333992 0.9964986444
131.0 -132.1 2679.2 0.9995448589 -0.0272705499 0.0128980381 0.0261144172 0.9962399006 0.0826078206 -0.0151023017 -0.0822333992 0.9964986444
137.7 -325.5 2694.1 0.9993279576 -0.0342495479 0.0130598508 0.0331398994 0.9964517951 0.0773665607 -0.0156632811 -0.0768817663 0.9969171882
-5.5 -136.7 2681.3 0.3207805455 -0.9313006997 -0.1725655645 0.9438611865 0.3294930756 -0.0236711241 0.0789040923 -0.1552847177 0.9847135544
-91.8 -390.7 2660.1 0.0532080382 -0.9313006997 -0.3603441715 0.5447975397 0.3294930756 -0.7711225152 0.8368778229 -0.1552847177 0.5249019861
267.6 -127.6 2677.0 0.2184970379 0.1098132208 0.9696391821 -0.9143129587 0.3702761233 0.1640955508 -0.3410143852 -0.9224080443 0.1813078970
323.4 -361.5 2589.8 -0.6002293229 0.1098132208 0.7922536731 -0.7149972320 0.3702761233 -0.5930215716 -0.3584742248 -0.9224080443 -0.1437344402
58.1 -522.1 2705.8 0.9767796397 0.1753980368 -0.1230326593 -0.1094303504 -0.0852561891 -0.9903314710 -0.1841914803 0.9807991385 -0.0640826449
-7.1 -490.4 2341.2 0.9767796397 0.1114326864 0.1829870492 -0.1094303504 0.9937718511 -0.0210360624 -0.1841914803 0.0005232615 0.9828902483
237.1 -515.2 2702.1 0.9979726672 -0.0488789827 0.0407601148 0.0371739268 -0.0721588135 -0.9967001677 0.0516588911 0.9961947203 -0.0701955035
254.8 -489.0 2340.8 0.9979726672 -0.0357175879 -0.0526763275 0.0371739268 0.9989458323 0.0269309878 0.0516588911 -0.0288345758 0.9982484579
-105.9 -534.7 2438.8 0 0 0 0 0 0 0 0 0
163.5 -552.0 2494.3 0 0 0 0 0 0 0 0 0
-48.7 -861.3 2341.0 0 0 0 0 0 0 0 0 0
268.2 -861.9 2351.5 0 0 0 0 0 0 0 0 0
127.0 68.1 2668.4 3 0.9995785952 -0.0179031398 0.0228494480 0.0161115676 0.9969533682 0.0763176754 -0.0241461601 -0.0759173706 0.9968217015
130.5 -128.7 2683.4 0.9995785952 -0.0179031398 0.0228494480 0.0161115676 0.9969533682 0.0763176754 -0.0241461601 -0.0759173706 0.9968217015
135.1 -322.2 2697.8 0.9994550943 -0.0237885769 0.0228837766 0.0220195036 0.9969646931 0.0746759474 -0.0245907512 -0.0741313621 0.9969452620
-6.1 -131.7 2686.8 0.3320166767 -0.9289140105 -0.1639626324 0.9400165677 0.3402656317 -0.0242514014 0.0783183128 -0.1460757256 0.9861683846
-95.4 -384.7 2665.7 0.0668191612 -0.9289140105 -0.3642169833 0.5420356989 0.3402656317 -0.7683857083 0.8376947641 -0.1460757256 0.5262408257
267.0 -125.7 2680.0 0.2051802725 0.1056545600 0.9730046988 -0.9158239365 0.3713756204 0.1527962536 -0.3452065885 -0.9224517941 0.1729599237
319.5 -360.0 2591.7 -0.6113886833 0.1056545600 0.7842454910 -0.7073351741 0.3713756204 -0.6014624834 -0.3547969162 -0.9224517941 -0.1523216814
54.8 -521.9 2710.4 0.9792370796 0.1732674986 -0.1052288041 -0.0930926204 -0.0767614320 -0.9926940203 -0.1800791174 0.9818788171 -0.0590377189
-10.5 -492.9 2340.3 0.9792370796 0.0936386287 0.1797958016 -0.0930926204 0.9955911636 -0.0114910770 -0.1800791174 -0.0054851733 0.9836368561
233.8 -515.9 2707.6 0.9977229238 -0.0572217889 0.0357027799 0.0316196457 -0.0707387477 -0.9969936013 0.0595753267 0.9958522320 -0.0687683374
254.9 -489.9 2340.6 0.9977229238 -0.0297166202 -0.0605470426 0.0316196457 0.9990277886 0.0307185259 0.0595753267 -0.0325630531 0.9976925254
-113.1 -528.0 2444.2 0 0 0 0 0 0 0 0 0
156.6 -548.4 2497.2 0 0 0 0 0 0 0 0 0
-45.5 -864.5 2342.4 0 0 0 0 0 0 0 0 0
266.0 -862.8 2352.8 0 0 0 0 0 0 0 0 0
127.2 65.6 2672.2 4 0.9992582798 0.0012843956 0.0384873711 -0.0038375624 0.9977898598 0.0663375780 -0.0383171029 -0.0664360747 0.9970546961
126.9 -130.9 2685.3 0.9992582798 0.0012843956 0.0384873711 -0.0038375624 0.9977898598 0.0663375780 -0.0383171029 -0.0664360747 0.9970546961
127.6 -324.5 2698.4 0.9992536902 -0.0032969296 0.0384860374 0.0006859055 0.9977082014 0.0676603839 -0.0386209041 -0.0675834939 0.9969658256
-9.6 -131.0 2690.6 0.3533012271 -0.9233104587 -0.1505855620 0.9321298599 0.3611046374 -0.0271544401 0.0794491246 -0.1307715923 0.9882239699
-104.7 -381.8 2669.2 0.0902612507 -0.9233104587 -0.3732970357 0.5349965692 0.3611046374 -0.7637945414 0.8400188088 -0.1307715923 0.5265617371
263.5 -130.7 2680.0 0.1804925948 0.1006859019 0.9784092903 -0.9177517891 0.3750289381 0.1307093799 -0.3537712097 -0.9215289950 0.1600946039
309.6 -365.5 2589.5 -0.6314389110 0.1006859019 0.7688610554 -0.6916967034 0.3750289381 -0.6171782613 -0.3504862785 -0.9215289950 -0.1671637446
50.2 -517.7 2714.4 0.9812575579 0.1568741798 -0.1119112894 -0.1023974791 -0.0674947947 -0.9924511313 -0.1632433832 0.9853095412 -0.0501662530
-9.1 -492.1 2341.9 0.9812575579 0.1043362767 0.1620110720 -0.1023974791 0.9945365191 -0.0202945620 -0.1632433832 0.0033246677 0.9865802526
229.2 -513.7 2710.0 0.9968787432 -0.0683673248 0.0394808501 0.0350521654 -0.0648084432 -0.9972819090 0.0707401857 0.9955530167 -0.0622097366
254.6 -489.7 2341.2 0.9968787432 -0.0327484719 -0.0718356892 0.0350521654 0.9989031553 0.0310459379 0.0707401857 -0.0334670320 0.9969331622
-128.5 -523.3 2447.1 0 0 0 0 0 0 0 0 0
141.4 -549.8 2496.1 0 0 0 0 0 0 0 0 0
-48.1 -863.3 2340.6 0 0 0 0 0 0 0 0 0
266.8 -862.6 2353.7 0 0 0 0 0 0 0 0 0
127.8 67.9 2673.6 5 0.9969810843 0.0263472311 0.0730383024 -0.0309415422 0.9975650907 0.0625021979 -0.0712136999 -0.0645734221 0.9953687191
122.6 -128.3 2686.3 0.9969810843 0.0263472311 0.0730383024 -0.0309415422 0.9975650907 0.0625021979 -0.0712136999 -0.0645734221 0.9953687191
117.8 -321.9 2698.9 0.9970247149 0.0245993901 0.0730517432 -0.0292312596 0.9975835681 0.0630284920 -0.0713247582 -0.0649763644 0.9953345656
-13.6 -124.3 2696.0 0.3836687505 -0.9157741666 -0.1189789101 0.9208035469 0.3891572952 -0.0260267947 0.0701361746 -0.0995705351 0.9925556183
-116.8 -372.2 2677.2 0.1337489635 -0.9157741666 -0.3787728846 0.5291356444 0.3891572952 -0.7540372014 0.8379300237 -0.0995705351 0.5366181135
258.8 -132.3 2676.5 0.1410711706 0.0818021968 0.9866140485 -0.9215372205 0.3750121295 0.1006731242 -0.3617569506 -0.9234036803 0.1282871664
294.9 -368.0 2584.0 -0.6631300449 0.0818021968 0.7440208197 -0.6711800694 0.3750121295 -0.6394397616 -0.3313243985 -0.9234036803 -0.1937777996
38.7 -518.2 2715.0 0.9846492410 0.1197891608 -0.1269506067 -0.1193134859 -0.0689348578 -0.9904606342 -0.1273977757 0.9904032350 -0.0535841919
-6.5 -492.2 2341.5 0.9846492410 0.1204375625 0.1263356358 -0.1193134859 0.9927202463 -0.0164551865 -0.1273977757 0.0011290410 0.9918510914
217.7 -518.0 2708.1 0.9937916398 -0.1063486561 0.0326824598 0.0245245695 -0.0771323517 -0.9967191815 0.1085206196 0.9913327098 -0.0740453303
257.0 -489.5 2341.7 0.9937916398 -0.0214367919 -0.1091725379 0.0245245695 0.9993340373 0.0270195864 0.1085206196 -0.0295292493 0.9936555028
-152.2 -512.0 2455.6 0 0 0 0 0 0 0 0 0
118.2 -546.9 2495.7 0 0 0 0 0 0 0 0 0
-51.4 -862.7 2341.1 0 0 0 0 0 0 0 0 0
265.0 -862.6 2352.8 0 0 0 0 0 0 0 0 0
129.8 69.6 2672.8 6 0.9940311313 0.0538438857 0.0948837399 -0.0604616143 0.9958304763 0.0683082715 -0.0908101425 -0.0736373737 0.9931420088
119.2 -126.4 2687.3 0.9940311313 0.0538438857 0.0948837399 -0.0604616143 0.9958304763 0.0683082715 -0.0908101425 -0.0736373737 0.9931420088
109.0 -319.7 2700.9 0.9941226840 0.0524088815 0.0947280601 -0.0587455183 0.9961290956 0.0653896928 -0.0909343734 -0.0705702230 0.9933533072
-16.6 -118.4 2699.7 0.4117109478 -0.9058291912 -0.0998377502 0.9094805121 0.4153560400 -0.0180145856 0.0577863492 -0.0833836868 0.9948406219
-127.4 -363.1 2684.2 0.1658503264 -0.9058291912 -0.3898296356 0.5287980437 0.4153560400 -0.7401702404 0.8323858976 -0.0833836868 0.5478876233
255.0 -134.4 2674.8 0.1068539545 0.0742536709 0.9914981723 -0.9269101620 0.3682501018 0.0723149031 -0.3597496450 -0.9267568588 0.1081754640
282.3 -371.5 2582.8 -0.6889272928 0.0742536709 0.7210170031 -0.6529697180 0.3682501018 -0.6618326306 -0.3146581054 -0.9267568588 -0.2052121460
23.8 -512.9 2718.0 0.9889406562 0.0732826218 -0.1289420426 -0.1248221099 -0.0582816377 -0.9904658794 -0.0800988898 0.9956067801 -0.0484897867
-3.9 -490.8 2341.5 0.9889406562 0.1250768900 0.0797004625 -0.1248221099 0.9921452999 -0.0081905648 -0.0800988898 -0.0018483975 0.9967852235
202.3 -518.1 2705.2 0.9873842597 -0.1549611390 0.0325474702 0.0201868191 -0.0806819126 -0.9965354800 0.1570502520 0.9846204519 -0.0765358731
259.4 -488.3 2342.3 0.9873842597 -0.0172320325 -0.1574018747 0.0201868191 0.9996483922 0.0171927661 0.1570502520 -0.0201533101 0.9873849750
-171.3 -502.9 2464.1 0 0 0 0 0 0 0 0 0
98.8 -545.5 2499.0 0 0 0 0 0 0 0 0 0
-50.6 -861.1 2342.2 0 0 0 0 0 0 0 0 0
265.8 -861.5 2349.8 0 0 0 0 0 0 0 0 0
126.9 71.7 2673.4 7 0.9955110550 0.0354874209 0.0877405331 -0.0411774926 0.9971054196 0.0639151409 -0.0852183849 -0.0672411621 0.9940907955
119.9 -124.6 2686.6 0.9955110550 0.0354874209 0.0877405331 -0.0411774926 0.9971054196 0.0639151409 -0.0852183849 -0.0672411621 0.9940907955
113.1 -318.1 2699.5 0.9955338240 0.0348904207 0.0877218246 -0.0405328013 0.9971656799 0.0633849725 -0.0852616653 -0.0666574910 0.9941263795
-16.1 -119.0 2698.3 0.3949360251 -0.9126520753 -0.1053172797 0.9165108800 0.3993185163 -0.0235071629 0.0635090023 -0.0872405991 0.9941607714
-122.4 -365.7 2681.2 0.1514357924 -0.9126520753 -0.3796490431 0.5285922885 0.3993185163 -0.7490894198 0.8352589011 -0.0872405991 0.5428919792
255.9 -130.1 2674.9 0.1256166548 0.0730380490 0.9893866181 -0.9234953523 0.3729706407 0.0897175521 -0.3624593616 -0.9249639511 0.1143016219
