138.2 57.7 2637.7 84 0.9978576303 0.0439835563 0.0484316535 -0.0500869490 0.9898460507 0.1330264807 -0.0420889072 -0.1351672858 0.9899284244
129.5 -139.6 2664.7 0.9978576303 0.0439835563 0.0484316535 -0.0500869490 0.9898460507 0.1330264807 -0.0420889072 -0.1351672858 0.9899284244
121.3 -330.4 2690.8 0.9978122711 0.0450594053 0.0483762808 -0.0510945208 0.9899592400 0.1317953020 -0.0419519320 -0.1339787394 0.9900957942
-6.3 -131.3 2670.5 0.3989925981 -0.9053912163 -0.1451606750 0.9168163538 0.3966465890 0.0460358001 0.0158970766 -0.1514536142 0.9883365035
-113.7 -378.1 2666.2 0.1219041646 -0.9053912163 -0.4067014754 0.5845487118 0.3966465890 -0.7077953815 0.8021484613 -0.1514536142 0.5775981545
265.2 -147.9 2658.8 0.2269864529 0.9689292312 0.0982509106 -0.8018123507 0.2431872338 -0.5458543301 -0.5527876019 0.0451227427 0.8320996761
310.0 -306.2 2549.7 -0.2407320291 0.9689292312 0.0567819253 0.9691063166 0.2431872338 -0.0411452390 -0.0536754653 0.0451227427 -0.9975383878
24.4 -520.5 2716.4 0.9894493818 0.0742247552 -0.1244208887 -0.1158374324 -0.1104893237 -0.9871037602 -0.0870147124 0.9911018014 -0.1007255912
-3.4 -479.1 2345.0 0.9894493818 0.1181209907 0.0838886350 -0.1158374324 0.9927653074 -0.0316030905 -0.0870147124 0.0215522144 0.9959738851
203.2 -529.3 2709.5 0.9846291542 -0.1746284068 -0.0032182417 -0.0248933323 -0.1220736876 -0.9922088385 0.1728749871 0.9770378470 -0.1245443895
269.0 -483.3 2341.7 0.9846291542 0.0296207890 -0.1721279919 -0.0248933323 0.9992530346 0.0295591708 0.1728749871 -0.0248199832 0.9846310019
-145.9 -532.6 2454.2 0 0 0 0 0 0 0 0 0
245.2 -45.1 2535.2 0 0 0 0 0 0 0 0 0
-47.5 -849.7 2337.0 0 0 0 0 0 0 0 0 0
257.9 -856.3 2350.9 0 0 0 0 0 0 0 0 0
137.6 55.8 2638.3 85 0.9980886579 0.0381413326 0.0486232042 -0.0440655202 0.9908910990 0.1272517592 -0.0433267467 -0.1291511506 0.9906779528
130.0 -141.7 2664.1 0.9980886579 0.0381413326 0.0486232042 -0.0440655202 0.9908910990 0.1272517592 -0.0433267467 -0.1291511506 0.9906779528
123.3 -332.7 2689.0 0.9981318116 0.0370695814 0.0485661998 -0.0429282524 0.9911327958 0.1257495731 -0.0434740707 -0.1275995225 0.9908725023
-5.8 -134.5 2670.2 0.3917559683 -0.9086847305 -0.1442891806 0.9198208451 0.3904475570 0.0384753272 0.0213754140 -0.1477931291 0.9887872934
-111.2 -382.0 2664.4 0.1182805598 -0.9086847305 -0.4003770947 0.5802797675 0.3904475570 -0.7147209644 0.8057822585 -0.1477931291 0.5734736919
265.8 -148.8 2658.0 0.2326259613 0.9670330286 0.1035965532 -0.7963899970 0.2505449355 -0.5504454374 -0.5582545400 0.0455446355 0.8284187317
311.8 -306.1 2547.8 -0.2484479547 0.9670330286 0.0558631569 0.9674998522 0.2505449355 -0.0342243128 -0.0470922738 0.0455446355 -0.9978516698
23.1 -518.0 2720.5 0.9905444384 0.0743595213 -0.1152925119 -0.1075127497 -0.1012874171 -0.9890307784 -0.0852215365 0.9920743704 -0.0923350900
-5.1 -479.5 2343.6 0.9905444384 0.1100164354 0.0819639266 -0.1075127497 0.9936093688 -0.0343713276 -0.0852215365 0.0252341628 0.9960424304
201.9 -527.2 2713.0 0.9848840237 -0.1732151508 0.0000586270 -0.0202893913 -0.1156995595 -0.9930770397 0.1720227748 0.9780644774 -0.1174650788
267.7 -483.2 2341.4 0.9848840237 0.0255828723 -0.1713155210 -0.0202893913 0.9992631674 0.0325792246 0.1720227748 -0.0286108702 0.9846773744
-142.5 -535.4 2451.4 0 0 0 0 0 0 0 0 0
244.8 -45.4 2535.1 0 0 0 0 0 0 0 0 0
-46.2 -850.4 2334.2 0 0 0 0 0 0 0 0 0
258.2 -856.2 2352.1 0 0 0 0 0 0 0 0 0
135.9 55.6 2637.7 86 0.9986047149 0.0314537995 0.0424183495 -0.0365479402 0.9914547205 0.1252271235 -0.0381170027 -0.1266026944 0.9912208915
129.6 -143.0 2663.0 0.9986047149 0.0314537995 0.0424183495 -0.0365479402 0.9914547205 0.1252271235 -0.0381170027 -0.1266026944 0.9912208915
123.6 -334.2 2686.9 0.9985450506 0.0334664136 0.0422821268 -0.0383701511 0.9919026494 0.1210653633 -0.0378881320 -0.1225115955 0.9917436242
-6.3 -136.5 2668.3 0.3875939548 -0.9095156789 -0.1501739174 0.9213997722 0.3872155249 0.0329642594 0.0281681661 -0.1511469632 0.9881098866
-110.6 -384.4 2660.7 0.1110749170 -0.9095156789 -0.4005541503 0.5768029690 0.3872155249 -0.7192791104 0.8092964292 -0.1511469632 0.5676212907
265.5 -149.5 2657.7 0.2393368185 0.9656469226 0.1012119874 -0.7926041484 0.2545218170 -0.5540733933 -0.5607999563 0.0523891300 0.8262922168
312.7 -306.0 2547.0 -0.2524058521 0.9656469226 0.0617840514 0.9666305184 0.2545218170 -0.0290532857 -0.0437806062 0.0523891300 -0.9976665974
26.7 -521.2 2717.6 0.9897122383 0.0869958848 -0.1135843992 -0.1043701023 -0.1040079221 -0.9890850782 -0.0978600085 0.9907643795 -0.0938581452
-6.1 -482.0 2343.9 0.9897122383 0.1076081023 0.0942878351 -0.1043701023 0.9937876463 -0.0386395156 -0.0978600085 0.0284011699 0.9947948456
205.6 -528.9 2709.8 0.9862657189 -0.1651497334 0.0023445222 -0.0174342636 -0.1182111651 -0.9928354025 0.1642436534 0.9791586399 -0.1194668859
267.5 -484.6 2342.5 0.9862657189 0.0204487406 -0.1638956368 -0.0174342636 0.9996517301 0.0198101811 0.1642436534 -0.0166807026 0.9862787724
-140.0 -536.9 2446.8 0 0 0 0 0 0 0 0 0
244.7 -45.6 2535.2 0 0 0 0 0 0 0 0 0
-46.3 -853.0 2333.3 0 0 0 0 0 0 0 0 0
259.9 -857.7 2348.7 0 0 0 0 0 0 0 0 0
136.9 54.5 2637.3 87 0.9988104701 0.0259499587 0.0412829854 -0.0307939146 0.9921262264 0.1213974655 -0.0378076695 -0.1225243211 0.9917451143
131.8 -143.7 2661.8 0.9988104701 0.0259499587 0.0412829854 -0.0307939146 0.9921262264 0.1213974655 -0.0378076695 -0.1225243211 0.9917451143
127.3 -335.0 2685.4 0.9988250136 0.0254329983 0.0412523523 -0.0302314945 0.9922875166 0.1202143878 -0.0378767811 -0.1213202551 0.9918904901
-4.2 -138.3 2667.1 0.3801130652 -0.9126164913 -0.1504832506 0.9244759679 0.3800133765 0.0305609833 0.0292951912 -0.1507347822 0.9881401062
-106.5 -387.1 2659.2 0.1063583866 -0.9126164913 -0.3947392106 0.5767130256 0.3800133765 -0.7231817842 0.8099938035 -0.1507347822 0.5667353868
267.7 -149.2 2656.5 0.2457787991 0.9635501504 0.1056593433 -0.7899653316 0.2622757852 -0.5542257428 -0.5617361665 0.0527497157 0.8256330490
316.2 -305.1 2545.6 -0.2602288425 0.9635501504 0.0620650463 0.9646051526 0.2622757852 -0.0273549668 -0.0426360406 0.0527497157 -0.9976971745
27.7 -523.3 2714.1 0.9893655181 0.0866055563 -0.1168561727 -0.1061308086 -0.1195248663 -0.9871423841 -0.0994592384 0.9890466332 -0.1090622619
-4.6 -478.7 2345.5 0.9893655181 0.1097323447 0.0954709426 -0.1061308086 0.9934633970 -0.0420327149 -0.0994592384 0.0314533077 0.9945443869
206.6 -530.2 2707.3 0.9866352081 -0.1626052260 0.0105112093 -0.0099424189 -0.1244639754 -0.9921743274 0.1626409888 0.9788095951 -0.1244172305
267.5 -483.5 2340.6 0.9866352081 0.0151200304 -0.1622415781 -0.0099424189 0.9994164705 0.0326776132 0.1626409888 -0.0306278095 0.9862098098
-134.6 -539.6 2445.1 0 0 0 0 0 0 0 0 0
246.1 -45.3 2534.1 0 0 0 0 0 0 0 0 0
-45.6 -849.6 2333.8 0 0 0 0 0 0 0 0 0
261.9 -856.6 2352.0 0 0 0 0 0 0 0 0 0
137.9 55.1 2637.1 88 0.9985122681 0.0287159979 0.0463535637 -0.0341213644 0.9921406507 0.1203853264 -0.0425322726 -0.1217878759 0.9916444421
132.2 -143.2 2661.5 0.9985122681 0.0287159979 0.0463535637 -0.0341213644 0.9921406507 0.1203853264 -0.0425322726 -0.1217878759 0.9916444421
127.1 -334.5 2684.4 0.9985089898 0.0290370118 0.0462241992 -0.0342343077 0.9926661253 0.1159393638 -0.0425186642 -0.1173489541 0.9921801090
-3.7 -137.2 2667.4 0.3841053843 -0.9116887450 -0.1458997428 0.9227558374 0.3844309747 0.0271015633 0.0313801914 -0.1450396925 0.9889280796
-107.1 -385.5 2659.0 0.1124190763 -0.9116887450 -0.3952032924 0.5729110837 0.3844309747 -0.7238686085 0.8118712306 -0.1450396925 0.5655339360
268.1 -149.1 2655.5 0.2399380356 0.9648668766 0.1070592776 -0.7886527777 0.2580401301 -0.5580699444 -0.5660887957 0.0494696125 0.8228585720
315.4 -304.9 2543.7 -0.2563806474 0.9648668766 0.0574535541 0.9658486247 0.2580401301 -0.0234878380 -0.0374879614 0.0494696125 -0.9980718493
32.9 -524.9 2712.4 0.9875965714 0.0989027247 -0.1219476834 -0.1091894358 -0.1255099177 -0.9860653877 -0.1128301993 0.9871501923 -0.1131540388
-3.9 -478.2 2344.9 0.9875965714 0.1130406633 0.1089715287 -0.1091894358 0.9931872487 -0.0407027043 -0.1128301993 0.0282993130 0.9932112098
211.9 -530.3 2705.6 0.9891943336 -0.1457171887 0.0161580276 -0.0029326829 -0.1298552305 -0.9915286303 0.1465809643 0.9807671309 -0.1288794130
265.8 -482.3 2343.0 0.9891943336 0.0039613768 -0.1465567648 -0.0029326829 0.9999695420 0.0072344868 0.1465809643 -0.0067265085 0.9891757965
-136.8 -537.0 2444.3 0 0 0 0 0 0 0 0 0
246.4 -44.6 2533.6 0 0 0 0 0 0 0 0 0
-46.1 -848.9 2334.4 0 0 0 0 0 0 0 0 0
264.3 -855.4 2345.5 0 0 0 0 0 0 0 0 0
137.5 54.2 2638.6 89 0.9980643392 0.0319327191 0.0533649996 -0.0378868915 0.9926920533 0.1145731881 -0.0493163802 -0.1163732484 0.9919804335
131.1 -144.4 2661.8 0.9980643392 0.0319327191 0.0533649996 -0.0378868915 0.9926920533 0.1145731881 -0.0493163802 -0.1163732484 0.9919804335
125.8 -335.8 2684.2 0.9981176853 0.0303115807 0.0533133335 -0.0361862332 0.9929443598 0.1129249483 -0.0495142415 -0.1146415919 0.9921721816
-4.7 -138.2 2668.7 0.3862502277 -0.9118583798 -0.1390146613 0.9218585491 0.3867515326 0.0244969521 0.0314263776 -0.1376138031 0.9899873137
-108.7 -386.2 2660.3 0.1192220971 -0.9118583798 -0.3928108811 0.5702861547 0.3867515326 -0.7247047424 0.8127483130 -0.1376138031 0.5661295652
266.9 -150.6 2654.9 0.2343687564 0.9657251239 0.1115626097 -0.7874822021 0.2558858097 -0.5607086420 -0.5700377822 0.0435590260 0.8204630017
313.2 -306.1 2542.4 -0.2546038926 0.9657251239 0.0505152605 0.9664859772 0.2558858097 -0.0206723716 -0.0328899696 0.0435590260 -0.9985093474
32.0 -524.1 2711.0 0.9877181649 0.0975755379 -0.1220322177 -0.1097922027 -0.1222605109 -0.9864066243 -0.1111688837 0.9876899123 -0.1100458950
-4.2 -478.8 2344.5 0.9877181649 0.1132739559 0.1076190472 -0.1097922027 0.9932368994 -0.0377639532 -0.1111688837 0.0254844092 0.9934747219
210.9 -530.3 2703.3 0.9885968566 -0.1500315219 0.0129134776 -0.0067607751 -0.1298891306 -0.9915054440 0.1504343897 0.9801118970 -0.1294223219
266.1 -482.5 2342.7 0.9885968566 0.0067216405 -0.1504361480 -0.0067607751 0.9999771118 0.0002513050 0.1504343897 0.0007686256 0.9886196852
-140.2 -537.0 2445.4 0 0 0 0 0 0 0 0 0
244.6 -45.7 2533.5 0 0 0 0 0 0 0 0 0
-46.5 -849.5 2335.0 0 0 0 0 0 0 0 0 0
263.6 -855.7 2342.4 0 0 0 0 0 0 0 0 0
138.6 56.4 2638.8 90 0.9983557463 0.0324914791 0.0472236499 -0.0378802307 0.9922783375 0.1181051508 -0.0430215895 -0.1196997985 0.9918775558
132.2 -141.6 2662.6 0.9983557463 0.0324914791 0.0472236499 -0.0378802307 0.9922783375 0.1181051508 -0.0430215895 -0.1196997985 0.9918775558
126.6 -332.9 2686.1 0.9983959198 0.0312091466 0.0472394153 -0.0366289727 0.9922667146 0.1185963079 -0.0431728102 -0.1201364025 0.9918181896
-3.7 -135.3 2668.7 0.3862298727 -0.9109202623 -0.1450887918 0.9219615459 0.3861030936 0.0301880408 0.0285203326 -0.1454258114 0.9889580011
-107.6 -383.4 2661.0 0.1143384501 -0.9109202623 -0.3964227438 0.5749120116 0.3861030936 -0.7213879824 0.8101869822 -0.1454258114 0.5678454041
268.0 -147.9 2656.6 0.2377123386 0.9654892683 0.1064108685 -0.7907711864 0.2559764385 -0.5560188890 -0.5640689731 0.0480258986 0.8243298531
315.0 -304.0 2545.2 -0.2542083263 0.9654892683 0.0566441640 0.9663225412 0.2559764385 -0.0263981577 -0.0399867110 0.0480258986 -0.9980453849
30.4 -525.3 2710.9 0.9878832698 0.0928356573 -0.1243713871 -0.1122146323 -0.1263314337 -0.9856207371 -0.1072127670 0.9876344800 -0.1143831909
-3.8 -478.7 2346.3 0.9878832698 0.1162274703 0.1028487906 -0.1122146323 0.9927094579 -0.0439981520 -0.1072127670 0.0319238976 0.9937234521
209.3 -531.8 2702.0 0.9881887436 -0.1525410861 0.0146347713 -0.0060808728 -0.1344598383 -0.9909003973 0.1531208158 0.9791076183 -0.1337992847
265.5 -482.3 2341.4 0.9881887436 0.0075566177 -0.1530550867 -0.0060808728 0.9999304414 0.0101077445 0.1531208158 -0.0090576503 0.9881659746
-137.9 -535.4 2446.8 0 0 0 0 0 0 0 0 0
246.5 -43.7 2534.5 0 0 0 0 0 0 0 0 0
-47.2 -849.2 2334.4 0 0 0 0 0 0 0 0 0
262.7 -855.5 2344.8 0 0 0 0 0 0 0 0 0
138.8 58.2 2637.4 91 0.9985978603 0.0309893563 0.0429185666 -0.0361286812 0.9915397167 0.1246743798 -0.0386918858 -0.1260501593 0.9912690520
132.6 -140.2 2662.6 0.9985978603 0.0309893563 0.0429185666 -0.0361286812 0.9915397167 0.1246743798 -0.0386918858 -0.1260501593 0.9912690520
127.0 -331.4 2686.2 0.9985889792 0.0314766355 0.0427701622 -0.0364104621 0.9921106100 0.1199616343 -0.0386567414 -0.1213496476 0.9918568134
-3.3 -133.9 2668.0 0.3858479261 -0.9103655219 -0.1495192945 0.9221068025 0.3856514096 0.0314961299 0.0289893355 -0.1500254869 0.9882570505
-107.2 -382.1 2660.2 0.1105570123 -0.9103655219 -0.3987628222 0.5760478377 0.3856514096 -0.7207231522 0.8099049330 -0.1500254869 0.5670505762
268.4 -146.5 2657.2 0.2404479533 0.9651952386 0.1028735042 -0.7914734483 0.2563098669 -0.5548648238 -0.5619204044 0.0519944653 0.8255556226
315.9 -302.7 2546.2 -0.2542894185 0.9651952386 0.0611151792 0.9661964178 0.2563098669 -0.0277432110 -0.0424420387 0.0519944653 -0.9977450967
31.1 -522.2 2713.3 0.9882641435 0.0983057469 -0.1169184819 -0.1051401049 -0.1174899936 -0.9874926209 -0.1108129546 0.9881963730 -0.1057752743
-5.4 -478.5 2345.7 0.9882641435 0.1082948670 0.1077319533 -0.1051401049 0.9938566685 -0.0345614813 -0.1108129546 0.0228289254 0.9935790300
210.0 -528.8 2705.5 0.9881623983 -0.1531421989 0.0090833027 -0.0098901279 -0.1226787716 -0.9923971295 0.1530922055 0.9805597067 -0.1227411479
266.8 -483.3 2342.0 0.9881623983 0.0102874273 -0.1530660242 -0.0098901279 0.9999454618 0.0033568114 0.1530922055 -0.0018032324 0.9882102609
-136.4 -534.4 2446.1 0 0 0 0 0 0 0 0 0
247.4 -42.4 2534.8 0 0 0 0 0 0 0 0 0
-45.9 -849.5 2337.2 0 0 0 0 0 0 0 0 0
263.0 -856.5 2342.7 0 0 0 0 0 0 0 0 0
139.4 62.1 2638.2 92 0.9982048869 0.0306001697 0.0514842384 -0.0366982035 0.9918503165 0.1220089793 -0.0473311618 -0.1236793324 0.9911928177
133.3 -135.9 2662.9 0.9982048869 0.0306001697 0.0514842384 -0.0366982035 0.9918503165 0.1220089793 -0.0473311618 -0.1236793324 0.9911928177
128.2 -327.1 2686.6 0.9982574582 0.0289341882 0.0514277704 -0.0349456258 0.9921432734 0.1201271564 -0.0475479327 -0.1217150092 0.9914255738
-2.5 -129.8 2669.5 0.3847333491 -0.9122324586 -0.1407557130 0.9226763248 0.3842964172 0.0313785411 0.0254673958 -0.1419443488 0.9895469546
-106.1 -378.1 2662.6 0.1169197112 -0.9122324586 -0.3926343322 0.5762937665 0.3842964172 -0.7212501764 0.8088357449 -0.1419443488 0.5706456900
269.2 -142.0 2656.2 0.2365971655 0.9652418494 0.1110403538 -0.7911771536 0.2577346563 -0.5546274185 -0.5639685392 0.0433706790 0.8246566057
315.9 -298.2 2544.9 -0.2560791373 0.9652418494 0.0522651598 0.9658169746 0.2577346563 -0.0277566370 -0.0402624123 0.0433706790 -0.9982474446
31.4 -520.7 2713.3 0.9878507257 0.0938526243 -0.1238654554 -0.1129154190 -0.1141642630 -0.9870241284 -0.1067758128 0.9890187979 -0.1021798402
-3.4 -478.4 2346.8 0.9878507257 0.1177839190 0.1013800502 -0.1129154190 0.9922161102 -0.0525105447 -0.1067758128 0.0404252112 0.9934610128
210.3 -527.3 2706.3 0.9885776639 -0.1503263116 0.0107798036 -0.0075361645 -0.1207420900 -0.9926552773 0.1505237818 0.9812356234 -0.1204958186
266.2 -482.4 2341.6 0.9885776639 0.0078523587 -0.1505076289 -0.0075361645 0.9999680519 0.0026711216 0.1505237818 -0.0015063609 0.9886052608
-137.0 -530.5 2448.8 0 0 0 0 0 0 0 0 0
246.9 -38.0 2534.0 0 0 0 0 0 0 0 0 0
-47.3 -848.8 2331.7 0 0 0 0 0 0 0 0 0
263.3 -855.7 2342.2 0 0 0 0 0 0 0 0 0
138.8 56.1 2638.6 93 0.9978198409 0.0325313099 0.0574219711 -0.0392751545 0.9919333458 0.1205224842 -0.0530380122 -0.1225149855 0.9910484552
132.3 -141.4 2663.0 0.9978198409 0.0325313099 0.0574219711 -0.0392751545 0.9919333458 0.1205224842 -0.0530380122 -0.1225149855 0.9910484552
127.0 -332.7 2686.4 0.9979023337 0.0300231762 0.0573547781 -0.0366589017 0.9922900796 0.1183912233 -0.0533581004 -0.1202454418 0.9913092256
-3.5 -135.1 2670.4 0.3865383267 -0.9123399258 -0.1349962056 0.9219406843 0.3861682713 0.0299910158 0.0247692503 -0.1360511631 0.9903921485
-107.5 -383.2 2663.7 0.1226170212 -0.9123399258 -0.3906416893 0.5747414827 0.3861682713 -0.7214888930 0.8090965748 -0.1360511631 0.5717104077
268.1 -147.7 2655.5 0.2319161445 0.9659392834 0.1147877723 -0.7906647921 0.2559291124 -0.5561919212 -0.5666251779 0.0382312387 0.8230882883
313.9 -303.8 2543.6 -0.2545632720 0.9659392834 0.0464636758 0.9663405418 0.2559291124 -0.0261958353 -0.0371949933 0.0382312387 -0.9985764623
33.2 -516.6 2714.5 0.9879855514 0.1051963940 -0.1132178754 -0.1028932557 -0.0988823473 -0.9897652268 -0.1153149828 0.9895231128 -0.0868703276
-6.1 -479.6 2344.7 0.9879855514 0.1070092991 0.1115059555 -0.1028932557 0.9938030839 -0.0420526415 -0.1153149828 0.0300741903 0.9928736091
212.1 -522.8 2706.0 0.9889050126 -0.1485033482 0.0036879648 -0.0122778639 -0.1064512730 -0.9942421317 0.1480408758 0.9831657410 -0.1070935056
266.8 -483.6 2343.5 0.9889050126 0.0123158349 -0.1480377167 -0.0122778639 0.9999239445 0.0011703575 0.1480408758 0.0006602145 0.9889810085
-139.9 -535.2 2449.8 0 0 0 0 0 0 0 0 0
245.3 -43.5 2533.6 0 0 0 0 0 0 0 0 0
-46.1 -850.5 2333.5 0 0 0 0 0 0 0 0 0
262.2 -856.9 2343.2 0 0 0 0 0 0 0 0 0
137.8 56.6 2639.8 94 0.9979973435 0.0331357941 0.0538825803 -0.0391534567 0.9926209450 0.1147636846 -0.0496821925 -0.1166435406 0.9919304252
131.2 -140.7 2663.0 0.9979973435 0.0331357941 0.0538825803 -0.0391534567 0.9926209450 0.1147636846 -0.0496821925 -0.1166435406 0.9919304252
125.8 -332.1 2685.6 0.9980799556 0.0305651836 0.0538721271 -0.0365790315 0.9927567244 0.1144377887 -0.0499841049 -0.1161886528 0.9919686317
-4.6 -134.4 2669.9 0.3865582645 -0.9118084311 -0.1384849399 0.9217833877 0.3868280053 0.0260675233 0.0298012681 -0.1377297342 0.9900214076
-108.6 -382.5 2661.9 0.1198309362 -0.9118084311 -0.3927415609 0.5715008974 0.3868280053 -0.7237063050 0.8118049502 -0.1377297342 0.5674532652
267.0 -147.0 2656.0 0.2338191271 0.9658288360 0.1118178070 -0.7884345055 0.2556464374 -0.5594782233 -0.5689460635 0.0426556878 0.8212678432
313.2 -302.7 2543.6 -0.2543154955 0.9658288360 0.0499822870 0.9665147662 0.2556464374 -0.0222280249 -0.0342462622 0.0426556878 -0.9985027313
31.8 -522.0 2714.5 0.9882750511 0.1008448377 -0.1146416590 -0.1032971591 -0.1113193929 -0.9884015918 -0.1124370396 0.9886547923 -0.0995971933
-6.0 -480.3 2344.1 0.9882750511 0.1071467251 0.1087748632 -0.1032971591 0.9938278794 -0.0404449627 -0.1124370396 0.0287346132 0.9932432771
210.6 -528.6 2705.0 0.9877310395 -0.1561479867 -0.0022859108 -0.0210554563 -0.1186558753 -0.9927121401 0.1547387689 0.9805807471 -0.1204878539
268.3 -484.8 2342.8 0.9877310395 0.0236546956 -0.1543627977 -0.0210554563 0.9996080399 0.0184519533 0.1547387689 -0.0149753876 0.9878419042
-140.3 -533.6 2447.3 0 0 0 0 0 0 0 0 0
244.7 -42.3 2534.4 0 0 0 0 0 0 0 0 0
-46.0 -851.3 2333.4 0 0 0 0 0 0 0 0 0
259.5 -857.9 2348.4 0 0 0 0 0 0 0 0 0
136.2 57.2 2638.9 95 0.9987438321 0.0268669780 0.0422959998 -0.0317988172 0.9921893477 0.1206199974 -0.0387249440 -0.1218134388 0.9917972684
130.8 -140.1 2663.1 0.9987438321 0.0268669780 0.0422959998 -0.0317988172 0.9921893477 0.1206199974 -0.0387249440 -0.1218134388 0.9917972684
126.5 -331.4 2686.5 0.9987902641 0.0251543745 0.0422518030 -0.0300259069 0.9924480915 0.1189339608 -0.0389410108 -0.1200587377 0.9920027852
-5.1 -134.7 2668.6 0.3799993694 -0.9128297567 -0.1494736224 0.9244967103 0.3800656796 0.0292554777 0.0301045254 -0.1493049413 0.9883328080
-107.3 -383.5 2660.5 0.1071002111 -0.9128297567 -0.3940449655 0.5756783485 0.3800656796 -0.7239782214 0.8106318116 -0.1493049413 0.5662014484
266.8 -145.5 2657.6 0.2453247309 0.9635630250 0.1065928265 -0.7891974449 0.2623580098 -0.5552797914 -0.5630125999 0.0521010794 0.8248044252
315.2 -301.3 2546.5 -0.2604222298 0.9635630250 0.0610451587 0.9646189213 0.2623580098 -0.0260509122 -0.0411173813 0.0521010794 -0.9977949858
30.5 -521.5 2712.6 0.9882469177 0.0941576436 -0.1204258427 -0.1095991880 -0.1127542257 -0.9875598550 -0.1065648273 0.9891515374 -0.1011094153
-4.5 -479.7 2345.7 0.9882469177 0.1138444617 0.1020170748 -0.1095991880 0.9928963184 -0.0463127159 -0.1065648273 0.0345874093 0.9937040210
209.3 -528.1 2703.7 0.9865042567 -0.1637168676 0.0024858082 -0.0168086644 -0.1163617894 -0.9930646420 0.1628706902 0.9796206951 -0.1175432578
269.6 -485.3 2343.2 0.9865042567 0.0198918376 -0.1625229418 -0.0168086644 0.9996521473 0.0203238931 0.1628706902 -0.0173178129 0.9864954352
-135.7 -535.7 2446.1 0 0 0 0 0 0 0 0 0
245.0 -41.4 2535.4 0 0 0 0 0 0 0 0 0
-47.0 -850.3 2332.8 0 0 0 0 0 0 0 0 0
262.1 -858.4 2349.7 0 0 0 0 0 0 0 0 0
136.0 58.1 2637.9 96 0.9987856746 0.0258538462 0.0419377834 -0.0309533365 0.9915594459 0.1259037405 -0.0383287109 -0.1270489693 0.9911556244
130.9 -139.8 2663.3 0.9987856746 0.0258538462 0.0419377834 -0.0309533365 0.9915594459 0.1259037405 -0.0383287109 -0.1270489693 0.9911556244
126.5 -331.0 2687.6 0.9987972975 0.0254979394 0.0418780111 -0.0305030812 0.9918638468 0.1235950142 -0.0383858643 -0.1247237772 0.9914487004
-5.0 -134.4 2668.7 0.3802608252 -0.9126554132 -0.1498724520 0.9245164394 0.3796265423 0.0339566693 0.0259048231 -0.1514719278 0.9881220460
-107.4 -383.2 2661.7 0.1069365293 -0.9126554132 -0.3944928944 0.5794605017 0.3796265423 -0.7211859822 0.8079542518 -0.1514719278 0.5694437623
266.8 -145.3 2657.9 0.2453230023 0.9636191726 0.1060881987 -0.7919140458 0.2623170018 -0.5514181256 -0.5591858029 0.0512628071 0.8274559379
315.2 -301.7 2547.5 -0.2601194382 0.9636191726 0.0614488497 0.9644910097 0.2623170018 -0.0307706986 -0.0457703136 0.0512628071 -0.9976357818
32.1 -521.3 2713.3 0.9882119894 0.1016722694 -0.1144541651 -0.1026627347 -0.1144880876 -0.9881056547 -0.1135665849 0.9882081151 -0.1027005538
-5.6 -478.9 2346.6 0.9882119894 0.1078480333 0.1086545289 -0.1026627347 0.9933428168 -0.0522530079 -0.1135665849 0.0404822789 0.9927052855
211.1 -526.7 2706.3 0.9878664017 -0.1552185118 0.0052099214 -0.0132625187 -0.1177361012 -0.9929563403 0.1547385901 0.9808391333 -0.1183661297
268.4 -483.2 2344.1 0.9878664017 0.0151033457 -0.1545697749 -0.0132625187 0.9998283982 0.0129336827 0.1547385901 -0.0107267657 0.9878972173
-135.7 -536.4 2448.1 0 0 0 0 0 0 0 0 0
245.2 -41.8 2535.2 0 0 0 0 0 0 0 0 0
-45.9 -849.7 2331.5 0 0 0 0 0 0 0 0 0
262.7 -856.5 2348.1 0 0 0 0 0 0 0 0 0
136.3 61.5 2639.4 97 0.9979034662 0.0303831547 0.0571451597 -0.0367386788 0.9928382635 0.1136771291 -0.0532820299 -0.1155382320 0.9918729663
130.2 -136.8 2662.5 0.9979034662 0.0303831547 0.0571451597 -0.0367386788 0.9928382635 0.1136771291 -0.0532820299 -0.1155382320 0.9918729663
125.2 -328.3 2684.7 0.9979673624 0.0282999370 0.0570982657 -0.0345749967 0.9930963516 0.1120901853 -0.0535319336 -0.1138365269 0.9920562506
-5.6 -130.8 2670.0 0.3849298358 -0.9130046368 -0.1350983232 0.9224336743 0.3854481578 0.0233627334 0.0307431184 -0.1336122602 0.9905567169
-109.2 -379.1 2661.7 0.1215743348 -0.9130046368 -0.3894126415 0.5697200298 0.3854481578 -0.7258434892 0.8127968311 -0.1336122602 0.5670176744
266.0 -142.9 2655.1 0.2333223373 0.9654898643 0.1157152727 -0.7865858078 0.2573596239 -0.5612920523 -0.5717022419 0.0399419777 0.8194884062
312.1 -298.2 2542.2 -0.2562450469 0.9654898643 0.0465597287 0.9661154747 0.2573596239 -0.0196690671 -0.0309728794 0.0399419777 -0.9987218380
32.0 -520.8 2715.2 0.9882910252 0.0996848568 -0.1155151725 -0.1039838195 -0.1140124947 -0.9880225062 -0.1116610542 0.9884655476 -0.1023119166
-5.0 -478.5 2347.9 0.9882910252 0.1098008007 0.1059462652 -0.1039838195 0.9928295016 -0.0589657091 -0.1116610542 0.0472585857 0.9926220179
211.0 -526.3 2708.4 0.9881436229 -0.1535260230 -0.0013970047 -0.0197413173 -0.1180274934 -0.9928140640 0.1522579044 0.9810704589 -0.1196589172
267.8 -482.6 2345.1 0.9881436229 0.0196309276 -0.1522721797 -0.0197413173 0.9998047948 0.0007870042 0.1522579044 0.0022283804 0.9883382916
-141.3 -529.7 2446.8 0 0 0 0 0 0 0 0 0
243.0 -37.9 2533.8 0 0 0 0 0 0 0 0 0
-46.0 -849.1 2330.3 0 0 0 0 0 0 0 0 0
260.5 -855.8 2344.2 0 0 0 0 0 0 0 0 0
135.8 59.2 2639.7 98 0.9982438087 0.0269875899 0.0527346544 -0.0330271795 0.9925544858 0.1172383577 -0.0491780378 -0.1187741384 0.9917026758
130.4 -138.7 2663.4 0.9982438087 0.0269875899 0.0527346544 -0.0330271795 0.9925544858 0.1172383577 -0.0491780378 -0.1187741384 0.9917026758
126.1 -330.1 2685.9 0.9983050823 0.0247933939 0.0526518859 -0.0306775365 0.9929996133 0.1140645146 -0.0494552515 -0.1154864132 0.9920771718
-5.4 -133.2 2670.3 0.3811170161 -0.9139903784 -0.1391813308 0.9240185618 0.3815576136 0.0245665703 0.0306520890 -0.1379688680 0.9899621606
-108.0 -381.9 2662.0 0.1160222813 -0.9139903784 -0.3887935877 0.5716322064 0.3815576136 -0.7263954878 0.8122656345 -0.1379688680 0.5667355061
266.3 -144.2 2656.5 0.2387628853 0.9642858505 0.1146518067 -0.7866519094 0.2612890005 -0.5593807697 -0.5693601966 0.0433682986 0.8209434152
313.4 -299.5 2544.1 -0.2599732280 0.9642858505 0.0506623238 0.9650268555 0.2612890005 -0.0212414302 -0.0337203182 0.0433682986 -0.9984899163
30.3 -517.9 2711.6 0.9888812304 0.0942772776 -0.1150029153 -0.1043283716 -0.1112573817 -0.9883002639 -0.1059691831 0.9893096685 -0.1001845449
-4.3 -477.1 2348.4 0.9888812304 0.1097564325 0.1003364399 -0.1043283716 0.9928590655 -0.0578484200 -0.1059691831 0.0467372797 0.9932704568
209.1 -524.1 2702.0 0.9869719148 -0.1608869135 0.0013708058 -0.0178250968 -0.1178089008 -0.9928762913 0.1599022895 0.9799165726 -0.1191418990
267.3 -481.5 2347.7 0.9869719148 0.0153841451 -0.1601555645 -0.0178250968 0.9997456670 -0.0138155520 0.1599022895 0.0164903495 0.9869951010
-138.7 -533.0 2447.3 0 0 0 0 0 0 0 0 0
243.4 -39.5 2535.0 0 0 0 0 0 0 0 0 0
-45.3 -847.7 2331.0 0 0 0 0 0 0 0 0 0
261.6 -854.7 2341.6 0 0 0 0 0 0 0 0 0
132.4 60.7 2641.3 99 0.9990862608 0.0093996050 0.0416926555 -0.0138741704 0.9940140247 0.1083681136 -0.0404244661 -0.1088475436 0.9932361841
130.5 -138.7 2663.2 0.9990862608 0.0093996050 0.0416926555 -0.0138741704 0.9940140247 0.1083681136 -0.0404244661 -0.1088475436 0.9932361841
129.5 -330.3 2684.3 0.9991040230 0.0073087546 0.0416863114 -0.0117623461 0.9941232204 0.1076133773 -0.0406548120 -0.1080072820 0.9933184981
-5.5 -135.8 2668.9 0.3635415137 -0.9196789265 -0.1484191418 0.9306824803 0.3655371368 0.0145865511 0.0408377647 -0.1434339136 0.9888169765
-103.4 -386.2 2657.9 0.0981153920 -0.9196789265 -0.3802157938 0.5676085949 0.3655371368 -0.7377011776 0.8174312115 -0.1434339136 0.5578824878
266.5 -141.6 2657.5 0.2584399283 0.9588244557 0.1177472845 -0.7778097391 0.2788209617 -0.5632680058 -0.5729055405 0.0539859571 0.8178415298
317.5 -295.2 2544.3 -0.2776034176 0.9588244557 0.0599329323 0.9602572322 0.2788209617 -0.0128423311 -0.0290240999 0.0539859571 -0.9981197715
31.9 -520.1 2712.8 0.9880774021 0.0984890908 -0.1183339655 -0.1071630120 -0.1118886173 -0.9879255891 -0.1105401143 0.9888280034 -0.1000002250
-4.6 -478.7 2346.8 0.9880774021 0.1117916554 0.1058567613 -0.1071630120 0.9930595160 -0.0484656468 -0.1105401143 0.0365438797 0.9931995869
210.7 -525.6 2703.9 0.9882792234 -0.1525172144 0.0065293014 -0.0117985439 -0.1189553589 -0.9928295016 0.1522002816 0.9811157584 -0.1193605959
266.4 -482.2 2346.2 0.9882792234 0.0099357041 -0.1523332298 -0.0117985439 0.9998661876 -0.0113296462 0.1522002816 0.0129941646 0.9882642627
-129.3 -536.3 2441.8 0 0 0 0 0 0 0 0 0
242.7 -36.5 2536.5 0 0 0 0 0 0 0 0 0
-46.3 -849.4 2333.2 0 0 0 0 0 0 0 0 0
262.6 -855.5 2341.3 0 0 0 0 0 0 0 0 0
133.2 61.6 2640.7 00 0.9987876415 0.0174984392 0.0460109711 -0.0226420704 0.9932500124 0.1137618944 -0.0437097400 -0.1146657616 0.9924420714
129.7 -137.5 2663.6 0.9987876415 0.0174984392 0.0460109711 -0.0226420704 0.9932500124 0.1137618944 -0.0437097400 -0.1146657616 0.9924420714
127.2 -329.0 2685.8 0.9988231063 0.0154042253 0.0459903143 -0.0205018669 0.9934385419 0.1125147343 -0.0439553484 -0.1133252010 0.9925851822
-6.3 -133.4 2669.8 0.3715897501 -0.9170173407 -0.1449145675 0.9277499914 0.3726058304 0.0210908018 0.0346553847 -0.1422816217 0.9892193675
-106.3 -383.1 2660.5 0.1057334095 -0.9170173407 -0.3845771849 0.5710734725 0.3726058304 -0.7314642668 0.8140611649 -0.1422816217 0.5630811453
265.6 -141.6 2657.5 0.2498515695 0.9613423347 0.1157371774 -0.7830108404 0.2709118724 -0.5599114299 -0.5696211457 0.0492712967 0.8204292059
315.0 -296.3 2545.0 -0.2695147991 0.9613423347 0.0564151853 0.9624236226 0.2709118724 -0.0186409578 -0.0332038850 0.0492712967 -0.9982333779
38.6 -522.2 2708.9 0.9862924814 0.1254049391 -0.1072417721 -0.0934584364 -0.1110688001 -0.9894085526 -0.1359879225 0.9858688116 -0.0978261679
-7.7 -481.1 2344.2 0.9862924814 0.0979668573 0.1327768415 -0.0934584364 0.9948278666 -0.0397871248 -0.1359879225 0.0268326253 0.9903470278
217.6 -524.3 2701.6 0.9914335012 -0.1302782595 0.0093357470 -0.0067161247 -0.1222316250 -0.9924789071 0.1304395348 0.9839141369 -0.1220594943
264.7 -480.1 2346.1 0.9914335012 0.0047118920 -0.1305273026 -0.0067161247 0.9998661280 -0.0149189448 0.1304395348 0.0156677794 0.9913324714
-134.2 -534.1 2445.2 0 0 0 0 0 0 0 0 0
242.3 -37.0 2536.1 0 0 0 0 0 0 0 0 0
-44.3 -852.4 2334.2 0 0 0 0 0 0 0 0 0
262.9 -853.4 2340.3 0 0 0 0 0 0 0 0 0
133.4 60.5 2638.8 01 0.9981445670 0.0233392995 0.0562383048 -0.0301666353 0.9918501377 0.1237870604 -0.0528908670 -0.1252539009 0.9907138944
128.7 -137.6 2663.8 0.9981445670 0.0233392995 0.0562383048 -0.0301666353 0.9918501377 0.1237870604 -0.0528908670 -0.1252539009 0.9907138944
124.8 -328.8 2688.2 0.9981507063 0.0230879094 0.0562325381 -0.0299029425 0.9918888807 0.1235406473 -0.0529241338 -0.1249936968 0.9907449484
-7.1 -132.2 2671.2 0.3800460696 -0.9149900079 -0.1354925185 0.9247415066 0.3790930212 0.0337879546 0.0204486307 -0.1381365359 0.9902020693
-109.4 -381.1 2665.7 0.1183410361 -0.9149900079 -0.3857312799 0.5794596672 0.3790930212 -0.7214672565 0.8063634038 -0.1381365359 0.5750620961
264.6 -143.0 2656.5 0.2376292050 0.9641066790 0.1184513122 -0.7917224765 0.2628888786 -0.5514208078 -0.5627680421 0.0372531265 0.8257750273
311.5 -299.3 2545.3 -0.2613334656 0.9641066790 0.0469379164 0.9643390179 0.2628888786 -0.0306540821 -0.0418932624 0.0372531265 -0.9984273314
34.7 -520.0 2711.7 0.9881753922 0.1203008667 -0.0950639248 -0.0834568441 -0.0981048122 -0.9916704893 -0.1286250502 0.9878780842 -0.0869048238
-10.0 -483.6 2344.6 0.9881753922 0.0872935951 0.1260526776 -0.0834568441 0.9958819151 -0.0354146473 -0.1286250502 0.0244759228 0.9913911819
213.7 -523.7 2703.8 0.9902945757 -0.1386841238 0.0091321468 -0.0076159323 -0.1197554246 -0.9927741885 0.1387756467 0.9830693603 -0.1196493581
264.4 -479.9 2344.5 0.9902945757 0.0074261650 -0.1387859285 -0.0076159323 0.9999706745 -0.0008363182 0.1387756467 0.0018851856 0.9903220534
-140.7 -534.3 2452.5 0 0 0 0 0 0 0 0 0
241.1 -39.5 2534.1 0 0 0 0 0 0 0 0 0
-42.5 -855.3 2335.5 0 0 0 0 0 0 0 0 0
261.6 -853.2 2343.8 0 0 0 0 0 0 0 0 0
133.6 62.8 2638.9 02 0.9985621572 0.0227374509 0.0485448614 -0.0287033208 0.9916188121 0.1259693950 -0.0452737771 -0.1271816790 0.9908456802
129.0 -134.9 2664.3 0.9985621572 0.0227374509 0.0485448614 -0.0287033208 0.9916188121 0.1259693950 -0.0452737771 -0.1271816790 0.9908456802
125.2 -326.1 2688.9 0.9985665083 0.0225781258 0.0485296100 -0.0285126511 0.9917088747 0.1253018528 -0.0452981628 -0.1265059412 0.9909310341
-6.9 -129.7 2670.6 0.3785203993 -0.9144713879 -0.1430536956 0.9253372550 0.3775015175 0.0352642126 0.0217548721 -0.1457211375 0.9890865088
-108.7 -378.8 2664.7 0.1113656312 -0.9144713879 -0.3890241086 0.5809994936 0.3775015175 -0.7210632563 0.8062489033 -0.1457211375 0.5733481050
264.9 -140.1 2657.9 0.2430570722 0.9634087086 0.1129906327 -0.7923213840 0.2643806934 -0.5498450994 -0.5595980883 0.0441188440 0.8275889754
312.9 -296.6 2547.4 -0.2624250054 0.9634087086 0.0545595512 0.9638781548 0.2643806934 -0.0322755724 -0.0455190614 0.0441188440 -0.9979887605
30.9 -518.6 2717.2 0.9898408055 0.1100620925 -0.0900086612 -0.0800207332 -0.0920301005 -0.9925357103 -0.1175240576 0.9896548986 -0.0822879001
-10.6 -483.9 2344.4 0.9898408055 0.0841723010 0.1145872921 -0.0800207332 0.9959754348 -0.0403688103 -0.1175240576 0.0307893362 0.9925926328
209.7 -524.0 2707.7 0.9893091321 -0.1451289207 0.0143179027 -0.0031572657 -0.1194716543 -0.9928326011 0.1457993090 0.9821731448 -0.1186526120
263.5 -479.7 2343.9 0.9893091321 0.0039908472 -0.1457788646 -0.0031572657 0.9999772906 0.0059490437 0.1457993090 -0.0054251808 0.9892992973
-138.2 -532.4 2451.6 0 0 0 0 0 0 0 0 0
242.2 -36.9 2535.2 0 0 0 0 0 0 0 0 0
-42.0 -855.7 2332.9 0 0 0 0 0 0 0 0 0
262.0 -853.0 2345.9 0 0 0 0 0 0 0 0 0
134.9 61.5 2640.4 03 0.9988479614 0.0242370125 0.0414161980 -0.0292057712 0.9918621182 0.1239213571 -0.0380756743 -0.1249881834 0.9914273620
130.0 -136.5 2665.4 0.9988479614 0.0242370125 0.0414161980 -0.0292057712 0.9918621182 0.1239213571 -0.0380756743 -0.1249881834 0.9914273620
126.4 -327.7 2689.9 0.9989079237 0.0215874482 0.0414359681 -0.0266103614 0.9918278456 0.1247772872 -0.0384037271 -0.1257436424 0.9913191795
-5.9 -131.6 2670.8 0.3766195476 -0.9141497016 -0.1499602795 0.9260323644 0.3758750260 0.0343814120 0.0249365643 -0.1518167853 0.9880940318
-107.3 -380.8 2664.1 0.1046910882 -0.9141497016 -0.3916249871 0.5807066560 0.3758750260 -0.7221480012 0.8073534369 -0.1518167853 0.5702035427
266.0 -141.4 2660.0 0.2484133244 0.9625813961 0.1082955524 -0.7915161848 0.2661609054 -0.5501459241 -0.5583842397 0.0509458967 0.8280166388
315.0 -297.7 2549.7 -0.2639163733 0.9625813961 0.0615243912 0.9634120464 0.2661609054 -0.0315533355 -0.0467480384 0.0509458967 -0.9976066947
31.3 -516.0 2717.5 0.9889706373 0.1036684290 -0.1057823822 -0.0965646952 -0.0902375430 -0.9912277460 -0.1123045683 0.9905099869 -0.0792315677
-7.5 -482.2 2346.5 0.9889706373 0.1012575626 0.1080923751 -0.0965646952 0.9941775799 -0.0478141978 -0.1123045683 0.0368489288 0.9929903746
210.2 -521.1 2709.4 0.9892295599 -0.1454019248 0.0168258157 0.0004484114 -0.1119412854 -0.9937147498 0.1463715434 0.9830195308 -0.1106704324
264.2 -479.6 2344.9 0.9892295599 -0.0007262145 -0.1463704258 0.0004484114 0.9999980330 -0.0019309315 0.1463715434 0.0018445004 0.9892279506
-134.9 -534.3 2450.6 0 0 0 0 0 0 0 0 0
243.9 -38.2 2537.1 0 0 0 0 0 0 0 0 0
-45.3 -853.3 2332.7 0 0 0 0 0 0 0 0 0
264.4 -852.9 2344.2 0 0 0 0 0 0 0 0 0
133.9 61.5 2639.2 04 0.9984057546 0.0200246871 0.0527721904 -0.0268209204 0.9909662604 0.1314020455 -0.0496641770 -0.1326079518 0.9899235368
129.9 -137.2 2665.8 0.9984057546 0.0200246871 0.0527721904 -0.0268209204 0.9909662604 0.1314020455 -0.0496641770 -0.1326079518 0.9899235368
126.5 -328.3 2691.2 0.9984055758 0.0201651528 0.0527224876 -0.0268308502 0.9912879467 0.1289506108 -0.0496628582 -0.1301596016 0.9902485013
-6.0 -132.3 2672.7 0.3768892586 -0.9158149958 -0.1386990696 0.9261069894 0.3752859235 0.0385532416 0.0167441722 -0.1429804713 0.9895838499
-107.4 -381.5 2668.2 0.1138837561 -0.9158149958 -0.3851148188 0.5840970874 0.3752859235 -0.7197159529 0.8036548495 -0.1429804713 0.5776638389
265.8 -142.2 2658.9 0.2420303673 0.9631019831 0.1177108437 -0.7938765287 0.2663164139 -0.5466586351 -0.5578363538 0.0388601162 0.8290407062
313.6 -299.0 2548.7 -0.2644209862 0.9631019831 0.0501606278 0.9632220864 0.2663164139 -0.0357600525 -0.0477991775 0.0388601162 -0.9981007576
32.7 -517.8 2717.7 0.9874799848 0.0957598984 -0.1253529489 -0.1149831638 -0.1070656106 -0.9875807762 -0.1079916209 0.9896297455 -0.0947143734
-3.3 -477.5 2345.3 0.9874799848 0.1188109517 0.1037654877 -0.1149831638 0.9924730659 -0.0421440229 -0.1079916209 0.0296850931 0.9937084913
211.7 -522.6 2710.9 0.9899440408 -0.1398908049 0.0210097209 0.0044867103 -0.1173961088 -0.9930750132 0.1413885206 0.9831829667 -0.1155879274
263.5 -479.1 2346.4 0.9899440408 -0.0053067137 -0.1413601190 0.0044867103 0.9999712110 -0.0061189039 0.1413885206 0.0054231305 0.9899393320
-137.5 -535.9 2455.7 0 0 0 0 0 0 0 0 0
242.3 -39.4 2535.9 0 0 0 0 0 0 0 0 0
-47.7 -847.9 2334.3 0 0 0 0 0 0 0 0 0
265.5 -852.4 2344.4 0 0 0 0 0 0 0 0 0
135.3 62.2 2638.1 05 0.9982142448 0.0222118217 0.0554520488 -0.0292012356 0.9912662506 0.1286022812 -0.0521112494 -0.1299919039 0.9901446700
130.8 -136.1 2664.1 0.9982142448 0.0222118217 0.0554520488 -0.0292012356 0.9912662506 0.1286022812 -0.0521112494 -0.1299919039 0.9901446700
127.2 -327.2 2688.8 0.9982310534 0.0216318611 0.0553793386 -0.0284426250 0.9917093515 0.1253137439 -0.0522094406 -0.1266672015 0.9905703664
-5.0 -130.9 2671.3 0.3785966337 -0.9154849052 -0.1362057924 0.9253641367 0.3774358034 0.0352625810 0.0191265810 -0.1393902451 0.9900528193
-106.9 -379.9 2666.2 0.1169032305 -0.9154849052 -0.3849948943 0.5810142159 0.3774358034 -0.7210857868 0.8054539561 -0.1393902451 0.5760331750
266.7 -141.3 2656.8 0.2392333299 0.9636723995 0.1187557206 -0.7923090458 0.2644490004 -0.5498300791 -0.5612608790 0.0374464467 0.8267914057
313.9 -297.7 2546.0 -0.2628018260 0.9636723995 0.0476519316 0.9638592601 0.2644490004 -0.0322802551 -0.0437090956 0.0374464467 -0.9983422756
33.1 -518.3 2720.9 0.9866198897 0.0879301578 -0.1372934580 -0.1273527145 -0.1101401448 -0.9857233167 -0.1017963290 0.9900189042 -0.0974683091
-0.2 -476.6 2345.6 0.9866198897 0.1312307864 0.0967454687 -0.1273527145 0.9908246398 -0.0452525802 -0.1017963290 0.0323262960 0.9942799211
212.0 -523.1 2712.0 0.9902433157 -0.1374347210 0.0230188072 0.0067157103 -0.1179285273 -0.9929993749 0.1391871572 0.9834656119 -0.1158549637
263.1 -479.3 2346.2 0.9902433157 -0.0063247150 -0.1392054707 0.0067157103 0.9999747276 0.0023392208 0.1391871572 -0.0032512615 0.9902607799
-137.8 -533.5 2453.3 0 0 0 0 0 0 0 0 0
243.1 -38.0 2534.2 0 0 0 0 0 0 0 0 0
-49.2 -846.4 2333.5 0 0 0 0 0 0 0 0 0
265.5 -852.5 2347.4 0 0 0 0 0 0 0 0 0
134.9 63.1 2638.0 06 0.9985514879 0.0240065958 0.0481516570 -0.0300643835 0.9911476374 0.1293154657 -0.0446209759 -0.1305758059 0.9904336929
130.1 -134.9 2664.1 0.9985514879 0.0240065958 0.0481516570 -0.0300643835 0.9911476374 0.1293154657 -0.0446209759 -0.1305758059 0.9904336929
125.7 -326.0 2689.3 0.9985213280 0.0253065862 0.0481120013 -0.0312780254 0.9913167953 0.1277213842 -0.0444620438 -0.1290373802 0.9906424880
-5.8 -129.4 2670.3 0.3809590638 -0.9133554101 -0.1437081993 0.9243827462 0.3795500398 0.0381878614 0.0196653623 -0.1473893970 0.9888830185
-108.3 -378.1 2665.0 0.1122973636 -0.9133554101 -0.3913708925 0.5827741027 0.3795500398 -0.7185513973 0.8048376441 -0.1473893970 0.5749023557
266.0 -140.5 2657.9 0.2413762659 0.9640735388 0.1109040380 -0.7944003344 0.2619366050 -0.5480121374 -0.5573738217 0.0441749245 0.8290856481
313.6 -297.4 2547.9 -0.2598306239 0.9640735388 0.0552290753 0.9644506574 0.2619366050 -0.0349873826 -0.0481969267 0.0441749245 -0.9978605509
33.5 -517.2 2718.0 0.9872339964 0.0917869285 -0.1301697195 -0.1208068654 -0.1011014208 -0.9875141382 -0.1038012356 0.9906329513 -0.0887222737
-1.1 -479.0 2344.3 0.9872339964 0.1245754659 0.0992469043 -0.1208068654 0.9917381406 -0.0431408547 -0.1038012356 0.0306004100 0.9941272140
212.4 -522.3 2708.7 0.9909076095 -0.1317658275 0.0272010695 0.0111309411 -0.1211933121 -0.9925665259 0.1340829283 0.9838444591 -0.1186246946
260.9 -477.7 2346.9 0.9909076095 -0.0110791810 -0.1340872198 0.0111309411 0.9999380112 -0.0003636402 0.1340829283 -0.0011321831 0.9909694791
-138.0 -532.2 2452.2 0 0 0 0 0 0 0 0 0
243.6 -37.5 2534.9 0 0 0 0 0 0 0 0 0
-47.6 -849.2 2332.8 0 0 0 0 0 0 0 0 0
265.0 -851.0 2347.3 0 0 0 0 0 0 0 0 0
135.2 63.8 2637.0 07 0.9984015822 0.0242939834 0.0510304905 -0.0306719393 0.9912771583 0.1281751841 -0.0474714711 -0.1295354962 0.9904378057
130.4 -134.2 2662.9 0.9984015822 0.0242939834 0.0510304905 -0.0306719393 0.9912771583 0.1281751841 -0.0474714711 -0.1295354962 0.9904378057
126.1 -325.3 2688.0 0.9983941913 0.0246293191 0.0510140993 -0.0309709515 0.9913535118 0.1275109500 -0.0474324971 -0.1288861483 0.9905243516
-5.5 -128.7 2669.5 0.3807414472 -0.9139014482 -0.1407839060 0.9244915247 0.3793118000 0.0379207768 0.0187451448 -0.1445915401 0.9893138409
-108.0 -377.5 2664.4 0.1145126745 -0.9139014482 -0.3894495964 0.5826249123 0.3793118000 -0.7187981606 0.8046334982 -0.1445915401 0.5758977532
266.2 -139.8 2656.3 0.2399566621 0.9641226530 0.1135268807 -0.7942020297 0.2622133195 -0.5481672287 -0.5582686663 0.0413730927 0.8286280036
