135.5 61.9 2638.9 14 0.9996806979 0.0179768261 0.0177591909 -0.0200319905 0.9921683073 0.1232914627 -0.0154037168 -0.1236078441 0.9922115803
131.9 -136.4 2663.7 0.9996806979 0.0179768261 0.0177591909 -0.0200319905 0.9921683073 0.1232914627 -0.0154037168 -0.1236078441 0.9922115803
129.5 -327.6 2688.2 0.9997243881 0.0153037496 0.0178019591 -0.0174247697 0.9918973446 0.1258411556 -0.0157318749 -0.1261166632 0.9918906689
-4.1 -132.8 2666.0 0.3674191535 -0.9138935208 -0.1726319641 0.9294828773 0.3673242033 0.0336820148 0.0326301232 -0.1728338748 0.9844103456
-103.0 -382.9 2657.2 0.0810127109 -0.9138935208 -0.3977883458 0.5822067857 0.3673242033 -0.7253331542 0.8089945316 -0.1728338748 0.5618329644
268.0 -140.1 2661.4 0.2682819366 0.9586887956 0.0945549682 -0.7895786762 0.2750609219 -0.5485498905 -0.5518969893 0.0725074336 0.8307541013
321.0 -296.0 2552.4 -0.2716439366 0.9586887956 0.0844121724 0.9609048367 0.2750609219 -0.0316761285 -0.0535860397 0.0725074336 -0.9959273338
33.7 -513.9 2715.8 0.9886915088 0.1382809281 -0.0580301173 -0.0491906442 -0.0665084720 -0.9965725541 -0.1416664720 0.9881573915 -0.0589542314
-20.0 -488.1 2332.0 0.9886915088 0.0467503481 0.1424903870 -0.0491906442 0.9986961484 0.0136498818 -0.1416664720 -0.0205047168 0.9897020459
212.8 -518.1 2713.9 0.9913613796 -0.1287761778 0.0248864200 0.0132090412 -0.0907513648 -0.9957859516 0.1304919869 0.9875124693 -0.0882663876
261.4 -483.8 2341.1 0.9913613796 -0.0098403841 -0.1307891607 0.0132090412 0.9996023178 0.0249138568 0.1304919869 -0.0264262334 0.9910970926
-124.4 -536.8 2443.3 0 0 0 0 0 0 0 0 0
247.8 -37.2 2537.9 0 0 0 0 0 0 0 0 0
-37.5 -860.9 2339.7 0 0 0 0 0 0 0 0 0
265.1 -857.0 2351.0 0 0 0 0 0 0 0 0 0
136.5 62.0 2638.5 15 0.9996223450 0.0202231240 0.0186078381 -0.0223105848 0.9925433397 0.1198328584 -0.0160456914 -0.1202027500 0.9926196933
132.4 -136.5 2662.5 0.9996223450 0.0202231240 0.0186078381 -0.0223105848 0.9925433397 0.1198328584 -0.0160456914 -0.1202027500 0.9926196933
129.6 -327.8 2686.3 0.9996778369 0.0172303095 0.0186384059 -0.0193694290 0.9924081564 0.1214529425 -0.0164042357 -0.1217748299 0.9924221635
-3.6 -132.6 2664.9 0.3693122864 -0.9132521152 -0.1719853729 0.9285888076 0.3699190319 0.0297113098 0.0364867449 -0.1706764400 0.9846513271
-103.0 -382.5 2655.1 0.0826620758 -0.9132521152 -0.3989204466 0.5784882307 0.3699190319 -0.7269878387 0.8114914298 -0.1706764400 0.5588838458
268.5 -140.5 2660.1 0.2663645446 0.9592840672 0.0939363316 -0.7876890898 0.2728084624 -0.5523779988 -0.5555140376 0.0731413066 0.8282840848
321.1 -296.0 2550.4 -0.2697366476 0.9592840672 0.0837630630 0.9616758823 0.2728084624 -0.0274772178 -0.0492097288 0.0731413066 -0.9961068034
36.9 -518.6 2714.1 0.9873135686 0.1419086456 -0.0712307841 -0.0605393797 -0.0782880932 -0.9950909019 -0.1467885226 0.9867790341 -0.0687038377
-17.9 -488.4 2333.2 0.9873135686 0.0583311841 0.1476799250 -0.0605393797 0.9981105924 0.0104982201 -0.1467885226 -0.0193054862 0.9889794588
216.0 -521.7 2711.3 0.9919087291 -0.1259147376 0.0162023921 0.0037194912 -0.0987469479 -0.9951056242 0.1268984079 0.9871142507 -0.0974796191
263.1 -484.8 2342.4 0.9919087291 -0.0014054427 -0.1269451231 0.0037194912 0.9998311996 0.0179935265 0.1268984079 -0.0183201078 0.9917465448
-124.9 -535.4 2440.5 0 0 0 0 0 0 0 0 0
248.4 -36.9 2537.2 0 0 0 0 0 0 0 0 0
-39.6 -861.0 2340.4 0 0 0 0 0 0 0 0 0
263.6 -858.0 2349.2 0 0 0 0 0 0 0 0 0
136.0 60.6 2638.7 16 0.9993178248 0.0202928223 0.0308556575 -0.0238731932 0.9924276471 0.1204884499 -0.0281769577 -0.1211428791 0.9922350645
132.0 -137.9 2662.9 0.9993178248 0.0202928223 0.0308556575 -0.0238731932 0.9924276471 0.1204884499 -0.0281769577 -0.1211428791 0.9922350645
128.7 -329.1 2687.5 0.9993272424 0.0196689256 0.0309554208 -0.0234069880 0.9918248057 0.1254420727 -0.0282350425 -0.1260822564 0.9916179180
-4.0 -133.4 2666.9 0.3733612299 -0.9137655497 -0.1601059288 0.9272562265 0.3728412986 0.0344272554 0.0282356609 -0.1613130271 0.9864993095
-104.5 -383.0 2659.3 0.0946079642 -0.9137655497 -0.3950719535 0.5814744830 0.3728412986 -0.7231022120 0.8080450296 -0.1613130271 0.5666050911
268.0 -142.4 2658.9 0.2566249073 0.9611513019 0.1016455069 -0.7910097241 0.2692933977 -0.5493493080 -0.5553802848 0.0605741441 0.8293874264
318.7 -298.6 2549.3 -0.2665300667 0.9611513019 0.0717626512 0.9625300765 0.2692933977 -0.0318897106 -0.0499760434 0.0605741441 -0.9969118237
36.7 -518.7 2711.4 0.9869025946 0.1480820924 -0.0639919713 -0.0526370369 -0.0793712884 -0.9954544306 -0.1524880975 0.9857848883 -0.0705371276
-20.1 -488.3 2333.5 0.9869025946 0.0498701371 0.1534152776 -0.0526370369 0.9985152483 0.0140242483 -0.1524880975 -0.0219158921 0.9880622625
215.8 -522.2 2708.4 0.9917829633 -0.1272747219 0.0129514420 -0.0000189144 -0.1013828069 -0.9948474765 0.1279319972 0.9866725206 -0.1005521417
263.0 -484.6 2342.6 0.9917829633 0.0010343008 -0.1279278100 -0.0000189144 0.9999684691 0.0079381429 0.1279319972 -0.0078704944 0.9917517304
-129.5 -536.7 2445.7 0 0 0 0 0 0 0 0 0
246.8 -39.3 2535.8 0 0 0 0 0 0 0 0 0
-38.7 -861.0 2341.6 0 0 0 0 0 0 0 0 0
262.6 -857.8 2345.5 0 0 0 0 0 0 0 0 0
135.6 61.0 2628.3 17 0.9995277524 0.0196704902 0.0236085132 -0.0232434031 0.9864962101 0.1621263325 -0.0201006047 -0.1625985205 0.9864875674
131.7 -136.6 2660.9 0.9995277524 0.0196704902 0.0236085132 -0.0232434031 0.9864962101 0.1621263325 -0.0201006047 -0.1625985205 0.9864875674
128.7 -326.9 2691.8 0.9995682240 0.0175888594 0.0235375091 -0.0210995656 0.9871551394 0.1583652198 -0.0204497091 -0.1587934792 0.9871000051
-4.4 -132.4 2663.8 0.3703685999 -0.9137112498 -0.1672088504 0.9288848639 0.3643289208 0.0666134357 0.0000535719 -0.1799892932 0.9836685658
-104.1 -382.4 2663.8 0.0871238410 -0.9137112498 -0.3969145417 0.6082608104 0.3643289208 -0.7051830888 0.7889412045 -0.1799892932 0.5875164866
267.7 -140.8 2658.0 0.2629330456 0.9598850012 0.0974012241 -0.8081629872 0.2742606401 -0.5212040544 -0.5270093083 0.0583257228 0.8478556871
319.6 -300.4 2554.0 -0.2690541446 0.9598850012 0.0789345130 0.9594758749 0.2742606401 -0.0647083223 -0.0837611780 0.0583257228 -0.9947774410
35.3 -519.5 2714.5 0.9876792431 0.1410765350 -0.0677286312 -0.0564009435 -0.0828047767 -0.9949684739 -0.1459749490 0.9865296483 -0.0738277063
-19.2 -487.5 2333.4 0.9876792431 0.0544302501 0.1467211694 -0.0564009435 0.9983648658 0.0093019288 -0.1459749490 -0.0174625348 0.9891341329
214.4 -523.7 2709.5 0.9914050698 -0.1290409416 0.0215507038 0.0077960631 -0.1061616838 -0.9943183064 0.1305956244 0.9859402180 -0.1042432263
262.5 -484.1 2342.0 0.9914050698 -0.0060613998 -0.1306876242 0.0077960631 0.9998881221 0.0127658164 0.1305956244 -0.0136749446 0.9913414121
-127.1 -543.2 2455.2 0 0 0 0 0 0 0 0 0
247.1 -41.9 2531.4 0 0 0 0 0 0 0 0 0
-39.5 -860.2 2339.9 0 0 0 0 0 0 0 0 0
264.7 -857.4 2347.1 0 0 0 0 0 0 0 0 0
137.9 60.4 2632.2 18 0.9995026588 0.0309981164 0.0057968479 -0.0315017588 0.9899191260 0.1380861700 -0.0014579992 -0.1382001042 0.9904032350
131.7 -138.1 2659.9 0.9995026588 0.0309981164 0.0057968479 -0.0315017588 0.9899191260 0.1380861700 -0.0014579992 -0.1382001042 0.9904032350
126.9 -328.8 2687.1 0.9996100664 0.0273050964 0.0058477167 -0.0278546531 0.9897859693 0.1398134530 -0.0019703687 -0.1399218142 0.9901605844
-4.4 -132.9 2660.3 0.3765984476 -0.9076309800 -0.1854174882 0.9260542393 0.3741292655 0.0495060794 0.0244368594 -0.1903505623 0.9814119935
-105.7 -382.2 2653.7 0.0762415528 -0.9076309800 -0.4127871990 0.5928497910 0.3741292655 -0.7131313682 0.8016958833 -0.1903505623 0.5666130185
267.7 -143.2 2659.5 0.2674087882 0.9604429603 0.0777291059 -0.8000825047 0.2662658095 -0.5375598073 -0.5369921327 0.0815585181 0.8396354318
320.5 -301.1 2553.4 -0.2608934641 0.9604429603 0.0973851979 0.9627645612 0.2662658095 -0.0467642993 -0.0708447918 0.0815585181 -0.9941474795
35.8 -516.5 2724.4 0.9882585406 0.1356773973 -0.0702616572 -0.0599325076 -0.0787737370 -0.9950893521 -0.1405459046 0.9876164794 -0.0697173327
-17.7 -485.4 2335.1 0.9882585406 0.0592693090 0.1408268660 -0.0599325076 0.9982023239 0.0004690269 -0.1405459046 -0.0089036273 0.9900341034
214.9 -520.3 2720.8 0.9921318889 -0.1237331107 0.0190901086 0.0073253843 -0.0948475674 -0.9954648614 0.1249826103 0.9877722859 -0.0931949094
262.3 -483.9 2342.4 0.9921318889 -0.0047485968 -0.1251070201 0.0073253843 0.9997702241 0.0201446898 0.1249826103 -0.0209026448 0.9919387102
-125.9 -538.9 2441.7 0 0 0 0 0 0 0 0 0
250.2 -41.8 2534.3 0 0 0 0 0 0 0 0 0
-39.8 -858.1 2338.5 0 0 0 0 0 0 0 0 0
264.0 -857.1 2350.2 0 0 0 0 0 0 0 0 0
138.8 59.2 2636.1 19 0.9993425012 0.0338152163 -0.0130807562 -0.0318449326 0.9911035299 0.1292270869 0.0173342247 -0.1287255585 0.9915287495
132.0 -139.0 2661.8 0.9993425012 0.0338152163 -0.0130807562 -0.0318449326 0.9911035299 0.1292270869 0.0173342247 -0.1287255585 0.9915287495
126.5 -329.9 2688.1 0.9994359612 0.0310132857 -0.0128797553 -0.0289874636 0.9903708696 0.1353706419 0.0169540234 -0.1349209398 0.9907113314
-4.0 -133.7 2659.6 0.3770426810 -0.9034417272 -0.2040387839 0.9255046844 0.3760146499 0.0453219190 0.0357758552 -0.2059271485 0.9779131413
-105.4 -382.8 2650.0 0.0615724884 -0.9034417272 -0.4242662191 0.5891658068 0.3760146499 -0.7151899338 0.8056627512 -0.2059271485 0.5554291606
268.1 -144.3 2664.0 0.2767505050 0.9589946866 0.0611419454 -0.7979744077 0.2648004889 -0.5414032936 -0.5353932977 0.1010439396 0.8385368586
322.7 -301.8 2558.3 -0.2584780455 0.9589946866 0.1162681878 0.9633696079 0.2648004889 -0.0424225628 -0.0714708865 0.1010439396 -0.9923114777
32.1 -518.4 2714.4 0.9887241721 0.1321201771 -0.0704892129 -0.0591809042 -0.0876497701 -0.9943918586 -0.1375575960 0.9873508811 -0.0788424537
-18.6 -484.8 2336.0 0.9887241721 0.0593969934 0.1374644190 -0.0591809042 0.9982312322 -0.0056621148 -0.1375575960 -0.0025369988 0.9904904962
211.1 -523.4 2714.1 0.9905039072 -0.1359965652 0.0201730523 0.0055359453 -0.1071586460 -0.9942265153 0.1373731196 0.9848968983 -0.1053881869
262.4 -483.0 2342.6 0.9905039072 -0.0025217561 -0.1374614835 0.0055359453 0.9997524619 0.0215496272 0.1373731196 -0.0221059695 0.9902726412
-121.7 -538.6 2437.0 0 0 0 0 0 0 0 0 0
253.1 -42.3 2539.0 0 0 0 0 0 0 0 0 0
-40.8 -857.4 2336.9 0 0 0 0 0 0 0 0 0
263.4 -856.2 2350.8 0 0 0 0 0 0 0 0 0
140.4 57.7 2636.0 20 0.9991177917 0.0417442843 0.0045862738 -0.0419816412 0.9900131822 0.1345789284 0.0010774294 -0.1346527338 0.9908922911
132.1 -139.3 2662.8 0.9991177917 0.0417442843 0.0045862738 -0.0419816412 0.9900131822 0.1345789284 0.0010774294 -0.1346527338 0.9908922911
124.8 -330.0 2689.9 0.9991778135 0.0402610935 0.0047713374 -0.0405333415 0.9894560575 0.1390460432 0.0008771169 -0.1391251087 0.9902744293
-3.9 -132.5 2662.8 0.3882434666 -0.9022604823 -0.1875980794 0.9211846590 0.3857454956 0.0511786155 0.0261886716 -0.1926822364 0.9809116721
-108.4 -380.4 2655.8 0.0814484432 -0.9022604823 -0.4234290719 0.5912825465 0.3857454956 -0.7082269192 0.8023410439 -0.1926822364 0.5649092197
268.0 -146.1 2662.8 0.2587822974 0.9635046721 0.0684871972 -0.8030407429 0.2540027797 -0.5390807986 -0.5368028283 0.0845065564 0.8394649029
319.1 -304.7 2556.8 -0.2484546453 0.9635046721 0.0996446609 0.9660456777 0.2540027797 -0.0473113991 -0.0708947703 0.0845065564 -0.9938976765
31.0 -519.5 2712.8 0.9892151952 0.1299127787 -0.0676461533 -0.0564823709 -0.0877774507 -0.9945375323 -0.1351409405 0.9876323938 -0.0794930011
-18.8 -485.8 2334.0 0.9892151952 0.0548971929 0.1357925981 -0.0564823709 0.9983727932 0.0078454763 -0.1351409405 -0.0154307531 0.9907062054
210.1 -524.7 2715.8 0.9902115464 -0.1385689229 0.0167265795 0.0018778997 -0.1066019759 -0.9943000078 0.1395621598 0.9845987558 -0.1052982807
262.9 -484.0 2340.2 0.9902115464 0.0019486076 -0.1395611912 0.0018778997 0.9996260405 0.0272812005 0.1395621598 -0.0272762422 0.9898375869
-129.9 -536.7 2443.7 0 0 0 0 0 0 0 0 0
252.2 -44.4 2537.7 0 0 0 0 0 0 0 0 0
-39.3 -858.5 2339.7 0 0 0 0 0 0 0 0 0
262.2 -857.2 2350.4 0 0 0 0 0 0 0 0 0
137.6 56.1 2636.0 21 0.9994838238 0.0302011613 -0.0109526124 -0.0284184031 0.9901647568 0.1369894147 0.0149821304 -0.1366074383 0.9905119538
131.6 -140.7 2663.1 0.9994838238 0.0302011613 -0.0109526124 -0.0284184031 0.9901647568 0.1369894147 0.0149821304 -0.1366074383 0.9905119538
126.9 -331.4 2690.8 0.9995759130 0.0270432737 -0.0108030187 -0.0252348166 0.9895215631 0.1421628296 0.0145343682 -0.1418299228 0.9897843599
-4.4 -136.0 2661.3 0.3737492859 -0.9053413868 -0.2016642392 0.9270948172 0.3712952435 0.0513332635 0.0284028426 -0.2061476409 0.9781085849
-105.0 -385.5 2653.7 0.0615097024 -0.9053413868 -0.4202065468 0.5949367881 0.3712952435 -0.7128745317 0.8014155030 -0.2061476409 0.5614591241
267.6 -145.5 2665.0 0.2782745063 0.9582795501 0.0652963892 -0.8006417751 0.2689779699 -0.5353724360 -0.5305997133 0.0967014804 0.8420883417
322.6 -303.6 2560.2 -0.2621817589 0.9582795501 0.1138465628 0.9619066119 0.2689779699 -0.0488526449 -0.0774367079 0.0967014804 -0.9922965169
27.5 -518.4 2716.9 0.9906443954 0.1160026565 -0.0718824640 -0.0625700951 -0.0820174813 -0.9946648479 -0.1212793812 0.9898568392 -0.0739918649
-17.4 -486.7 2333.9 0.9906443954 0.0616577081 0.1217457652 -0.0625700951 0.9980337620 0.0036817607 -0.1212793812 -0.0112649603 0.9925544858
206.5 -525.7 2717.0 0.9887673855 -0.1488777250 0.0132070621 -0.0039437218 -0.1143206358 -0.9934360981 0.1494103372 0.9822251201 -0.1136236489
263.3 -482.1 2342.2 0.9887673855 0.0056786062 -0.1493544579 -0.0039437218 0.9999213219 0.0119094905 0.1494103372 -0.0111867040 0.9887120128
-121.3 -542.8 2441.8 0 0 0 0 0 0 0 0 0
252.0 -44.4 2539.4 0 0 0 0 0 0 0 0 0
-40.4 -859.2 2338.1 0 0 0 0 0 0 0 0 0
261.2 -855.3 2346.4 0 0 0 0 0 0 0 0 0
138.7 55.0 2637.0 22 0.9995417595 0.0299385618 -0.0044670277 -0.0290726367 0.9905883074 0.1337520033 0.0084293280 -0.1335608363 0.9910047650
132.8 -141.0 2663.4 0.9995417595 0.0299385618 -0.0044670277 -0.0290726367 0.9905883074 0.1337520033 0.0084293280 -0.1335608363 0.9910047650
128.1 -331.8 2690.6 0.9996296167 0.0268727597 -0.0042932737 -0.0260090418 0.9898368120 0.1398090273 0.0080066947 -0.1396455765 0.9901691675
-3.3 -136.2 2662.5 0.3746253848 -0.9063751101 -0.1952945739 0.9267475605 0.3724557757 0.0491488166 0.0281913318 -0.1994011700 0.9795123339
-104.1 -385.6 2654.9 0.0671415105 -0.9063751101 -0.4171044827 0.5929774642 0.3724557757 -0.7139008641 0.8024149537 -0.1994011700 0.5624672174
268.8 -145.9 2664.4 0.2742317915 0.9590879083 0.0703374073 -0.7995793223 0.2680373490 -0.5374280810 -0.5342938304 0.0911395326 0.8403711915
323.0 -303.8 2558.9 -0.2619504929 0.9590879083 0.1073888615 0.9622823000 0.2680373490 -0.0465693772 -0.0734483525 0.0911395326 -0.9931258559
32.1 -521.2 2717.0 0.9890492558 0.1208198220 -0.0847596079 -0.0733017698 -0.0963200256 -0.9926476479 -0.1280955523 0.9879903793 -0.0864089355
-14.5 -484.1 2336.0 0.9890492558 0.0737856105 0.1278174669 -0.0733017698 0.9972736835 -0.0084916996 -0.1280955523 -0.0009705369 0.9917613268
211.1 -525.8 2719.6 0.9907714128 -0.1348267049 0.0139180077 -0.0017057270 -0.1150774136 -0.9933550358 0.1355324388 0.9841640592 -0.1142453924
262.7 -481.7 2343.2 0.9907714128 0.0029393367 -0.1355113089 -0.0017057270 0.9999560714 0.0092185810 0.1355324388 -0.0089023616 0.9907329082
-121.8 -542.4 2442.7 0 0 0 0 0 0 0 0 0
252.4 -44.5 2539.1 0 0 0 0 0 0 0 0 0
-42.0 -856.3 2336.4 0 0 0 0 0 0 0 0 0
261.6 -855.0 2346.5 0 0 0 0 0 0 0 0 0
141.2 54.4 2638.0 23 0.9992888570 0.0369026996 -0.0077466327 -0.0356177241 0.9912212491 0.1273256242 0.0123772863 -0.1269591600 0.9918307066
133.8 -142.0 2663.1 0.9992888570 0.0369026996 -0.0077466327 -0.0356177241 0.9912212491 0.1273256242 0.0123772863 -0.1269591600 0.9918307066
128.1 -332.9 2689.4 0.9994435310 0.0325079411 -0.0074707004 -0.0312007777 0.9903265238 0.1352029890 0.0117936032 -0.1348946691 0.9907897711
-2.2 -136.5 2661.7 0.3792687058 -0.9036576748 -0.1988919377 0.9246615767 0.3780521750 0.0455797203 0.0340030640 -0.2011946887 0.9789609313
-104.2 -385.3 2652.5 0.0670299456 -0.9036576748 -0.4229772389 0.5888689756 0.3780521750 -0.7143597603 0.8054441810 -0.2011946887 0.5574768186
269.9 -147.6 2664.6 0.2722196579 0.9600865245 0.0642678216 -0.7984786034 0.2626592815 -0.5417029262 -0.5369622111 0.0961456969 0.8381095529
323.6 -305.3 2558.6 -0.2567113340 0.9600865245 0.1110548750 0.9639529586 0.2626592815 -0.0424834415 -0.0699573681 0.0961456969 -0.9929057956
33.3 -521.6 2717.0 0.9883432984 0.1183882877 -0.0957171321 -0.0838059857 -0.1018028855 -0.9912682176 -0.1270988286 0.9877349734 -0.0906945467
-12.4 -482.3 2335.6 0.9883432984 0.0840158686 0.1269601882 -0.0838059857 0.9964574575 -0.0070034615 -0.1270988286 -0.0037181997 0.9918830991
212.4 -526.3 2718.5 0.9913643003 -0.1300345957 0.0169653334 0.0019578689 -0.1146803275 -0.9934005141 0.1311220229 0.9848550558 -0.1134353951
262.1 -482.4 2341.7 0.9913643003 0.0003143581 -0.1311362684 0.0019578689 0.9998502135 0.0171979312 0.1311220229 -0.0173061620 0.9912151694
-122.0 -541.0 2439.6 0 0 0 0 0 0 0 0 0
254.5 -45.6 2539.7 0 0 0 0 0 0 0 0 0
-43.8 -854.3 2337.0 0 0 0 0 0 0 0 0 0
262.0 -855.6 2348.2 0 0 0 0 0 0 0 0 0
139.5 51.9 2641.0 24 0.9993012547 0.0337704532 0.0160181671 -0.0354227014 0.9924346209 0.1175529882 -0.0119271660 -0.1180382520 0.9929374456
132.8 -144.8 2664.4 0.9993012547 0.0337704532 0.0160181671 -0.0354227014 0.9924346209 0.1175529882 -0.0119271660 -0.1180382520 0.9929374456
127.4 -336.0 2688.4 0.9993966222 0.0307319779 0.0161857195 -0.0324890986 0.9919109344 0.1227075309 -0.0122837462 -0.1231593490 0.9923108816
-3.2 -139.1 2666.2 0.3812996149 -0.9076223969 -0.1755908877 0.9237253070 0.3815914690 0.0334593467 0.0366355292 -0.1749557704 0.9838944674
-105.8 -387.7 2656.3 0.0869306475 -0.9076223969 -0.4106879830 0.5785891414 0.3815914690 -0.7208485007 0.8109732866 -0.1749557704 0.5583124161
268.8 -150.6 2662.5 0.2582783997 0.9624713659 0.0833134726 -0.7919549346 0.2603287399 -0.5523009300 -0.5532627106 0.0766668841 0.8294712901
319.8 -307.0 2553.3 -0.2569063604 0.9624713659 0.0874528289 0.9650511146 0.2603287399 -0.0300871022 -0.0517244600 0.0766668841 -0.9957141876
32.2 -522.4 2714.6 0.9888517857 0.1167010292 -0.0924827680 -0.0805716515 -0.1029601395 -0.9914168715 -0.1252214015 0.9878157973 -0.0924095213
-12.5 -482.9 2336.3 0.9888517857 0.0806869864 0.1251471192 -0.0805716515 0.9967308044 -0.0059912037 -0.1252214015 -0.0041588983 0.9921200871
211.3 -528.0 2716.7 0.9910891056 -0.1316159666 0.0204833392 0.0042697005 -0.1223081946 -0.9924829602 0.1331318915 0.9837265611 -0.1206563637
261.2 -481.5 2343.4 0.9910891056 -0.0041046483 -0.1331370771 0.0042697005 0.9999904037 0.0009542414 0.1331318915 -0.0015141938 0.9910971522
-128.8 -540.7 2441.9 0 0 0 0 0 0 0 0 0
250.6 -47.0 2539.4 0 0 0 0 0 0 0 0 0
-42.6 -855.0 2337.9 0 0 0 0 0 0 0 0 0
262.8 -854.8 2344.0 0 0 0 0 0 0 0 0 0
139.9 51.6 2639.0 25 0.9992456436 0.0340392701 0.0186939575 -0.0360147059 0.9923405051 0.1181661263 -0.0145284832 -0.1187502444 0.9928178787
133.1 -145.5 2662.6 0.9992456436 0.0340392701 0.0186939575 -0.0360147059 0.9923405051 0.1181661263 -0.0145284832 -0.1187502444 0.9928178787
127.6 -336.8 2685.7 0.9993350506 0.0313038714 0.0186951961 -0.0332989097 0.9924308658 0.1182037294 -0.0148534551 -0.1187476590 0.9928133488
-2.9 -139.7 2664.7 0.3821973205 -0.9077081680 -0.1731794327 0.9232195020 0.3831650019 0.0291606877 0.0398869030 -0.1710277647 0.9844585061
-105.7 -388.1 2654.0 0.0894008577 -0.9077081680 -0.4099675715 0.5748394132 0.3831650019 -0.7230105400 0.8133677840 -0.1710277647 0.5560417175
269.1 -151.4 2660.4 0.2562436759 0.9628821015 0.0848364532 -0.7896677256 0.2591454685 -0.5561191440 -0.5574621558 0.0755093992 0.8267613053
319.7 -307.3 2550.3 -0.2561841607 0.9628821015 0.0850160122 0.9654974341 0.2591454685 -0.0256586690 -0.0467377901 0.0755093992 -0.9960491657
31.9 -525.7 2713.4 0.9888738394 0.1163565591 -0.0926802978 -0.0798941478 -0.1101211533 -0.9907019138 -0.1254807264 0.9870838523 -0.0995997190
-12.5 -483.7 2337.2 0.9888738394 0.0805453807 0.1250637025 -0.0798941478 0.9967509508 -0.0102223828 -0.1254807264 0.0001167902 0.9920960665
210.9 -531.5 2711.2 0.9901400208 -0.1389298439 0.0179219991 -0.0004361131 -0.1309968680 -0.9913826585 0.1400803626 0.9815998673 -0.1297658384
262.9 -482.4 2343.8 0.9901400208 -0.0001035490 -0.1400810033 -0.0004361131 0.9999926090 -0.0038217979 0.1400803626 0.0038452062 0.9901326895
-129.4 -540.1 2439.0 0 0 0 0 0 0 0 0 0
250.7 -47.2 2537.7 0 0 0 0 0 0 0 0 0
-42.5 -855.8 2337.1 0 0 0 0 0 0 0 0 0
262.9 -855.7 2342.4 0 0 0 0 0 0 0 0 0
140.3 52.1 2637.5 26 0.9991320968 0.0352662280 0.0221674647 -0.0376632288 0.9921650887 0.1191213503 -0.0177928247 -0.1198528558 0.9926322103
133.3 -145.1 2661.3 0.9991320968 0.0352662280 0.0221674647 -0.0376632288 0.9921650887 0.1191213503 -0.0177928247 -0.1198528558 0.9926322103
127.5 -336.3 2684.9 0.9992274642 0.0324241742 0.0222062245 -0.0348664075 0.9921302795 0.1202575415 -0.0181322154 -0.1209388897 0.9924943447
-2.7 -139.0 2663.9 0.3837414384 -0.9076892734 -0.1698313951 0.9227124453 0.3842004538 0.0314922705 0.0366641060 -0.1687904298 0.9849697948
-105.9 -387.4 2654.1 0.0930083245 -0.9076892734 -0.4092061222 0.5764065385 0.3842004538 -0.7212111354 0.8118528128 -0.1687904298 0.5589318275
269.3 -151.2 2658.7 0.2531634867 0.9635254741 0.0867580399 -0.7912285924 0.2578226328 -0.5545130968 -0.5566557050 0.0717370287 0.8276401758
319.3 -307.4 2548.7 -0.2548615634 0.9635254741 0.0816350579 0.9657899737 0.2578226328 -0.0278790314 -0.0479095206 0.0717370287 -0.9962722659
32.0 -526.5 2710.1 0.9886259437 0.1177511662 -0.0935598016 -0.0802006274 -0.1134898290 -0.9902969003 -0.1272266954 0.9865367413 -0.1027552709
-12.5 -483.7 2337.9 0.9886259437 0.0809588507 0.1267455667 -0.0802006274 0.9967171550 -0.0110824807 -0.1272266954 0.0007913539 0.9918733239
211.0 -532.4 2707.5 0.9900601506 -0.1384119093 0.0249616764 0.0053795963 -0.1400823295 -0.9901252389 0.1405418068 0.9804177880 -0.1379453391
262.2 -480.7 2345.2 0.9900601506 -0.0058807684 -0.1405217350 0.0053795963 0.9999777675 -0.0039461083 0.1405418068 0.0031509344 0.9900697470
-130.5 -539.7 2439.4 0 0 0 0 0 0 0 0 0
250.6 -47.2 2535.8 0 0 0 0 0 0 0 0 0
-42.7 -855.7 2337.6 0 0 0 0 0 0 0 0 0
264.4 -854.0 2344.0 0 0 0 0 0 0 0 0 0
140.4 55.1 2636.7 27 0.9992833138 0.0346737429 0.0151844285 -0.0363331139 0.9911321402 0.1278160065 -0.0106179155 -0.1282760948 0.9916816354
133.5 -141.9 2662.2 0.9992833138 0.0346737429 0.0151844285 -0.0363331139 0.9911321402 0.1278160065 -0.0106179155 -0.1282760948 0.9916816354
127.6 -333.0 2687.3 0.9993476272 0.0327574685 0.0152062085 -0.0344422832 0.9911168814 0.1284562647 -0.0108632278 -0.1288962066 0.9915986061
-2.5 -135.9 2663.9 0.3830002546 -0.9066851139 -0.1767283529 0.9232032895 0.3822743297 0.0395219028 0.0317247957 -0.1782931089 0.9834658504
-105.6 -384.4 2655.3 0.0870341882 -0.9066851139 -0.4127313197 0.5831395388 0.3822743297 -0.7168086171 0.8076962829 -0.1782931089 0.5619948506
269.5 -147.9 2660.6 0.2574560046 0.9628674984 0.0812564865 -0.7956500053 0.2589578927 -0.5476146936 -0.5483223796 0.0763349682 0.8327757716
320.3 -305.0 2552.3 -0.2550181150 0.9628674984 0.0886113271 0.9652155638 0.2589578927 -0.0360525921 -0.0576604716 0.0763349682 -0.9954136014
31.7 -525.8 2710.0 0.9889541268 0.1241479740 -0.0809751526 -0.0676564947 -0.1079829410 -0.9918479323 -0.1318798363 0.9863706231 -0.0983907655
-15.3 -484.9 2336.7 0.9889541268 0.0676258951 0.1318955272 -0.0676564947 0.9976996183 -0.0042545828 -0.1318798363 -0.0047160019 0.9912545085
210.8 -532.0 2706.7 0.9897658229 -0.1402672827 0.0262424350 0.0064713717 -0.1395892948 -0.9901883602 0.1425541937 0.9802244306 -0.1372529864
262.5 -480.5 2344.8 0.9897658229 -0.0062582716 -0.1425637156 0.0064713717 0.9999785423 0.0010311551 0.1425541937 -0.0019431849 0.9897850752
-128.6 -538.5 2441.8 0 0 0 0 0 0 0 0 0
251.6 -45.0 2536.8 0 0 0 0 0 0 0 0 0
-40.5 -857.3 2338.4 0 0 0 0 0 0 0 0 0
264.9 -853.8 2345.6 0 0 0 0 0 0 0 0 0
137.8 52.6 2636.8 28 0.9995169640 0.0290055331 0.0111599360 -0.0301943868 0.9913539290 0.1276935190 -0.0073596286 -0.1279688030 0.9917508960
132.1 -144.4 2662.3 0.9995169640 0.0290055331 0.0111599360 -0.0301943868 0.9913539290 0.1276935190 -0.0073596286 -0.1279688030 0.9917508960
127.4 -335.5 2686.8 0.9995805621 0.0267484318 0.0110981390 -0.0279309247 0.9917009473 0.1254955083 -0.0076492266 -0.1257528514 0.9920321107
-4.0 -139.3 2663.5 0.3768924773 -0.9085538983 -0.1802271754 0.9255640507 0.3769375384 0.0353445299 0.0358219817 -0.1801328808 0.9829897881
-105.4 -388.4 2653.8 0.0805798471 -0.9085538983 -0.4099227488 0.5811993480 0.3769375384 -0.7211971879 0.8097618222 -0.1801328808 0.5584245324
268.1 -149.5 2661.1 0.2644243538 0.9609089494 0.0820596665 -0.7922710180 0.2649565041 -0.5496404767 -0.5498967171 0.0803248361 0.8313612342
320.3 -305.9 2552.5 -0.2610865831 0.9609089494 0.0921294093 0.9637155533 0.2649565041 -0.0324095935 -0.0555529520 0.0803248361 -0.9952194691
31.7 -522.3 2713.3 0.9887278080 0.1205796525 -0.0887576565 -0.0767699778 -0.1006709039 -0.9919534922 -0.1285447180 0.9875859022 -0.0902792215
-14.3 -483.8 2335.9 0.9887278080 0.0769994706 0.1284073889 -0.0767699778 0.9970260262 -0.0067431079 -0.1285447180 -0.0031907337 0.9916985631
210.8 -528.4 2711.4 0.9898006916 -0.1401575059 0.0255033411 0.0082651675 -0.1222224236 -0.9924682975 0.1422189623 0.9825566411 -0.1198174208
263.3 -482.6 2343.2 0.9898006916 -0.0073955166 -0.1422668397 0.0082651675 0.9999505877 0.0055228430 0.1422189623 -0.0066423728 0.9898129106
-126.7 -542.0 2439.7 0 0 0 0 0 0 0 0 0
250.0 -46.3 2537.5 0 0 0 0 0 0 0 0 0
-43.1 -856.0 2337.1 0 0 0 0 0 0 0 0 0
266.1 -855.9 2345.7 0 0 0 0 0 0 0 0 0
138.8 54.5 2637.9 29 0.9995484948 0.0188605562 0.0233902503 -0.0216160454 0.9920744300 0.1237785518 -0.0208703373 -0.1242282689 0.9920341372
135.1 -142.5 2662.6 0.9995484948 0.0188605562 0.0233902503 -0.0216160454 0.9920744300 0.1237785518 -0.0208703373 -0.1242282689 0.9920341372
132.5 -333.7 2687.1 0.9995964766 0.0160759687 0.0234177634 -0.0188891273 0.9919338822 0.1253409982 -0.0212138947 -0.1257327646 0.9918373227
-1.0 -138.6 2665.6 0.3689627647 -0.9142833352 -0.1671899706 0.9289252162 0.3687518537 0.0334659182 0.0310542807 -0.1676546633 0.9853565693
-100.3 -388.6 2657.3 0.0862992555 -0.9142833352 -0.3957757652 0.5817003846 0.3687518537 -0.7250149846 0.8088121414 -0.1676546633 0.5636619925
271.1 -146.4 2659.5 0.2640915215 0.9594759941 0.0982926786 -0.7897091508 0.2736144960 -0.5490852594 -0.5537284017 0.0673861280 0.8299662471
323.3 -302.4 2550.2 -0.2705157101 0.9594759941 0.0789115056 0.9613292217 0.2736144960 -0.0313246511 -0.0516465828 0.0673861280 -0.9963893294
32.6 -525.5 2711.9 0.9885907173 0.1207230911 -0.0900794044 -0.0765489340 -0.1123827249 -0.9907120466 -0.1297251880 0.9863042235 -0.1018592939
-13.2 -482.9 2337.8 0.9885907173 0.0779070556 0.1289141476 -0.0765489340 0.9969459176 -0.0154641913 -0.1297251880 0.0054195160 0.9915351868
211.7 -530.5 2710.5 0.9900065064 -0.1404419988 0.0127751874 -0.0042281882 -0.1201102287 -0.9927515388 0.1409584433 0.9827764630 -0.1195037216
264.6 -485.3 2340.8 0.9900065064 0.0060950695 -0.1408900768 -0.0042281882 0.9998993278 0.0135461781 0.1409584433 -0.0128150946 0.9899325967
-123.1 -542.4 2443.4 0 0 0 0 0 0 0 0 0
250.4 -43.4 2536.3 0 0 0 0 0 0 0 0 0
-42.2 -855.0 2335.7 0 0 0 0 0 0 0 0 0
262.3 -858.6 2345.5 0 0 0 0 0 0 0 0 0
138.2 51.4 2640.4 30 0.9992226958 0.0292968508 0.0263768230 -0.0321089253 0.9930295944 0.1134073362 -0.0228704885 -0.1141661108 0.9931983948
132.4 -145.7 2663.1 0.9992226958 0.0292968508 0.0263768230 -0.0321089253 0.9930295944 0.1134073362 -0.0228704885 -0.1141661108 0.9931983948
127.6 -337.0 2686.0 0.9992747903 0.0273678545 0.0264744069 -0.0302826948 0.9926905036 0.1168270186 -0.0230835881 -0.1175440103 0.9927993417
-3.6 -140.2 2666.4 0.3797540367 -0.9102182388 -0.1651955992 0.9243021607 0.3806895316 0.0272215512 0.0381106846 -0.1630281359 0.9858850837
-105.8 -389.0 2656.1 0.0943445265 -0.9102182388 -0.4032391608 0.5739309192 0.3806895316 -0.7250370979 0.8134509325 -0.1630281359 0.5583183765
268.4 -151.1 2659.8 0.2540243566 0.9626905918 0.0932655632 -0.7880914211 0.2619204819 -0.5570544004 -0.5606991649 0.0680035874 0.8252223730
318.6 -306.7 2549.1 -0.2594389915 0.9626905918 0.0769301355 0.9647918344 0.2619204819 -0.0239670221 -0.0432224050 0.0680035874 -0.9967483878
39.8 -524.6 2713.4 0.9861280322 0.1374882013 -0.0929971114 -0.0781914890 -0.1094300896 -0.9909142852 -0.1464157104 0.9844399691 -0.0971616730
-12.7 -482.8 2337.7 0.9861280322 0.0792685375 0.1458354145 -0.0781914890 0.9968520999 -0.0131119732 -0.1464157104 0.0015269965 0.9892219901
218.9 -528.0 2709.6 0.9920320511 -0.1259043664 0.0045230323 -0.0100618694 -0.1149643213 -0.9933186769 0.1255831420 0.9853584766 -0.1153151244
265.9 -485.1 2342.0 0.9920320511 0.0114896419 -0.1254605800 -0.0100618694 0.9998772740 0.0120080346 0.1255831420 -0.0106499875 0.9920259118
-130.7 -540.7 2441.1 0 0 0 0 0 0 0 0 0
248.7 -46.8 2537.4 0 0 0 0 0 0 0 0 0
-42.3 -854.9 2337.1 0 0 0 0 0 0 0 0 0
261.6 -858.3 2346.0 0 0 0 0 0 0 0 0 0
139.0 52.1 2638.7 31 0.9983360767 0.0400523879 0.0414838791 -0.0447652154 0.9917966127 0.1197310314 -0.0363480598 -0.1213888377 0.9919393063
131.1 -144.8 2662.8 0.9983360767 0.0400523879 0.0414838791 -0.0447652154 0.9917966127 0.1197310314 -0.0363480598 -0.1213888377 0.9919393063
124.0 -335.9 2687.1 0.9983716011 0.0390085243 0.0416235588 -0.0438742489 0.9914072156 0.1232348084 -0.0364586897 -0.1248603314 0.9915042520
-4.8 -137.5 2667.9 0.3925483823 -0.9072008133 -0.1513025463 0.9193505645 0.3917732537 0.0361697525 0.0264630616 -0.1532984525 0.9878255129
-110.4 -384.9 2660.8 0.1131291091 -0.9072008133 -0.4052017927 0.5781497955 0.3917732537 -0.7157210112 0.8080498576 -0.1532984525 0.5688189268
266.9 -152.1 2657.7 0.2357772440 0.9669430256 0.0971097499 -0.7952451706 0.2494094521 -0.5526120663 -0.5585644245 0.0530672818 0.8277618289
313.5 -309.1 2547.4 -0.2471007258 0.9669430256 0.0629479364 0.9678757787 0.2494094521 -0.0318028256 -0.0464513302 0.0530672818 -0.9975099564
32.8 -527.0 2710.9 0.9888010025 0.1287856847 -0.0754107535 -0.0606876016 -0.1146524027 -0.9915502071 -0.1363434941 0.9850223660 -0.1055527180
-16.2 -483.4 2336.6 0.9888010025 0.0605841912 0.1363894790 -0.0606876016 0.9981510043 -0.0034035416 -0.1363434941 -0.0049117254 0.9906494617
211.8 -532.4 2706.8 0.9899438024 -0.1408462524 0.0131763406 -0.0046334327 -0.1253782809 -0.9920982122 0.1413853467 0.9820603728 -0.1247700602
264.2 -485.8 2341.7 0.9899438024 0.0065520559 -0.1413094252 -0.0046334327 0.9998926520 0.0139022181 0.1413853467 -0.0131076667 0.9898678660
-140.3 -537.8 2447.2 0 0 0 0 0 0 0 0 0
246.9 -48.3 2534.9 0 0 0 0 0 0 0 0 0
-38.8 -856.0 2338.4 0 0 0 0 0 0 0 0 0
261.7 -859.1 2346.6 0 0 0 0 0 0 0 0 0
140.5 51.2 2636.8 32 0.9981410503 0.0483470932 0.0371077135 -0.0525782369 0.9909982681 0.1231174693 -0.0308213085 -0.1248396561 0.9916980863
130.9 -145.5 2661.6 0.9981410503 0.0483470932 0.0371077135 -0.0525782369 0.9909982681 0.1231174693 -0.0308213085 -0.1248396561 0.9916980863
122.3 -336.4 2686.6 0.9981949925 0.0470914319 0.0372720622 -0.0514589660 0.9906271696 0.1265298873 -0.0309642442 -0.1282194704 0.9912623167
-4.9 -137.1 2666.0 0.3992724121 -0.9034150243 -0.1562780291 0.9164845943 0.3979744017 0.0408947542 0.0252497196 -0.1595545560 0.9868661761
-112.3 -383.8 2659.2 0.1131550968 -0.9034150243 -0.4135664403 0.5802273750 0.3979744017 -0.7106001377 0.8065556884 -0.1595545560 0.5692189932
266.7 -153.8 2657.2 0.2327850014 0.9684869051 0.0885679126 -0.7990117073 0.2423752099 -0.5503040552 -0.5544289351 0.0573357381 0.8302536607
312.7 -311.5 2547.8 -0.2395988107 0.9684869051 0.0680113211 0.9695180058 0.2423752099 -0.0359036177 -0.0512564443 0.0573357381 -0.9970383048
27.1 -524.4 2714.7 0.9909600616 0.1135912985 -0.0713807866 -0.0592785552 -0.1065694764 -0.9925366640 -0.1203505397 0.9877955317 -0.0988725647
-16.3 -483.7 2337.3 0.9909600616 0.0598933958 0.1200457439 -0.0592785552 0.9982036352 -0.0086894026 -0.1203505397 0.0014947121 0.9927303195
205.9 -532.2 2708.1 0.9879644513 -0.1533317119 0.0203879215 0.0001775146 -0.1306820512 -0.9914243221 0.1546811163 0.9794955850 -0.1290819943
262.8 -483.7 2344.6 0.9879644513 -0.0000094017 -0.1546812207 0.0001775146 0.9999994040 0.0010730224 0.1546811163 -0.0010875661 0.9879638553
-142.3 -537.2 2446.0 0 0 0 0 0 0 0 0 0
248.2 -50.3 2534.0 0 0 0 0 0 0 0 0 0
-38.7 -856.3 2336.8 0 0 0 0 0 0 0 0 0
262.8 -857.0 2345.0 0 0 0 0 0 0 0 0 0
139.9 52.3 2640.4 33 0.9981518388 0.0467982888 0.0387667418 -0.0507994555 0.9926730394 0.1096343920 -0.0333519988 -0.1114011034 0.9932156801
130.7 -144.8 2662.5 0.9981518388 0.0467982888 0.0387667418 -0.0507994555 0.9926730394 0.1096343920 -0.0333519988 -0.1114011034 0.9932156801
122.4 -336.1 2684.3 0.9982206821 0.0452947989 0.0387799852 -0.0493153259 0.9927162528 0.1099199131 -0.0335187241 -0.1116367728 0.9931836128
-5.2 -136.7 2667.2 0.3978573680 -0.9043205976 -0.1546409577 0.9165763259 0.3991354108 0.0240574591 0.0399670303 -0.1513116807 0.9876778126
-112.2 -383.4 2656.5 0.1136227995 -0.9043205976 -0.4114537239 0.5667785406 0.3991354108 -0.7207309008 0.8159974813 -0.1513116807 0.5579003692
266.5 -152.8 2657.8 0.2330990285 0.9681976438 0.0908744484 -0.7892071009 0.2429455519 -0.5640298128 -0.5681698918 0.0597560443 0.8207388520
312.5 -308.6 2545.6 -0.2412283719 0.9681976438 0.0663490221 0.9698530436 0.2429455519 -0.0190390591 -0.0345527716 0.0597560443 -0.9976148009
23.8 -524.1 2714.3 0.9914693236 0.1068532392 -0.0746388212 -0.0636486709 -0.1028089076 -0.9926626682 -0.1137427613 0.9889452457 -0.0951308161
-17.1 -484.7 2335.7 0.9914693236 0.0627969131 0.1142152175 -0.0636486709 0.9979650378 0.0038224086 -0.1137427613 -0.0110594481 0.9934486747
202.6 -533.3 2708.7 0.9864243865 -0.1618835330 0.0275795162 0.0047742380 -0.1396046579 -0.9901958108 0.1641466320 0.9768849611 -0.1369365752
262.7 -481.5 2346.5 0.9864243865 -0.0064532682 -0.1640892029 0.0047742380 0.9999321699 -0.0106247431 0.1641466320 0.0096971048 0.9863882661
-142.3 -533.2 2440.8 0 0 0 0 0 0 0 0 0
247.5 -47.3 2536.3 0 0 0 0 0 0 0 0 0
-40.6 -857.2 2339.8 0 0 0 0 0 0 0 0 0
265.1 -854.8 2342.8 0 0 0 0 0 0 0 0 0
140.1 51.3 2638.7 34 0.9977229834 0.0502183251 0.0450222827 -0.0552084073 0.9915393591 0.1174806878 -0.0387416817 -0.1196987927 0.9920540452
130.2 -145.3 2662.4 0.9977229834 0.0502183251 0.0450222827 -0.0552084073 0.9915393591 0.1174806878 -0.0387416817 -0.1196987927 0.9920540452
121.3 -336.4 2685.9 0.9978162646 0.0482908785 0.0450630747 -0.0533300638 0.9915445447 0.1183019131 -0.0389691442 -0.1204467937 0.9919546247
-5.6 -136.7 2667.9 0.4014616907 -0.9037234783 -0.1487021595 0.9153931737 0.4011963010 0.0331184790 0.0297288038 -0.1494167447 0.9883272648
-113.6 -383.1 2659.9 0.1205386966 -0.9037234783 -0.4107970893 0.5733388662 0.4011963010 -0.7143697143 0.8104029894 -0.1494167447 0.5664994717
265.9 -153.9 2657.0 0.2268220782 0.9694230556 0.0936521143 -0.7949239612 0.2398313880 -0.5572941899 -0.5627145171 0.0519603156 0.8250166774
310.7 -310.8 2545.8 -0.2378532887 0.9694230556 0.0603720322 0.9704148173 0.2398313880 -0.0278558359 -0.0414831974 0.0519603156 -0.9977871776
24.2 -524.4 2709.0 0.9910405278 0.1017429158 -0.0865279436 -0.0755460635 -0.1072410643 -0.9913587570 -0.1101430729 0.9890134931 -0.0985939652
-14.0 -484.1 2337.3 0.9910405278 0.0758521631 0.1099324971 -0.0755460635 0.9971180558 -0.0069529321 -0.1101430729 -0.0014143303 0.9939147234
203.0 -533.2 2703.0 0.9855694771 -0.1678510606 0.0218829475 -0.0022641865 -0.1423380524 -0.9898155332 0.1692563593 0.9754824042 -0.1406640857
264.2 -481.3 2347.4 0.9855694771 0.0004986800 -0.1692707688 -0.0022641865 0.9999450445 -0.0102372104 0.1692563593 0.0104727428 0.9855164289
-145.5 -534.6 2445.6 0 0 0 0 0 0 0 0 0
246.6 -49.4 2534.7 0 0 0 0 0 0 0 0 0
-42.4 -856.2 2337.8 0 0 0 0 0 0 0 0 0
264.0 -854.6 2343.5 0 0 0 0 0 0 0 0 0
139.0 52.7 2638.3 35 0.9981831312 0.0461264923 0.0387661196 -0.0504775792 0.9914898276 0.1199996173 -0.0329010524 -0.1217384189 0.9920167923
129.8 -144.1 2662.5 0.9981831312 0.0461264923 0.0387661196 -0.0504775792 0.9914898276 0.1199996173 -0.0329010524 -0.1217384189 0.9920167923
121.6 -335.2 2686.5 0.9982206821 0.0452493317 0.0388329588 -0.0496627502 0.9913544059 0.1214499995 -0.0330016911 -0.1231624484 0.9918376207
-6.0 -136.0 2667.1 0.3978236318 -0.9043449759 -0.1545849293 0.9169940948 0.3973160386 0.0355219133 0.0292950086 -0.1558849216 0.9873406887
-113.1 -382.8 2659.3 0.1136475876 -0.9043449759 -0.4113931954 0.5762226582 0.3973160386 -0.7142180204 0.8093526363 -0.1558849216 0.5662580729
265.7 -152.2 2657.8 0.2330972850 0.9681915641 0.0909439623 -0.7957442403 0.2436606437 -0.5544552207 -0.5589783192 0.0568738692 0.8272294998
311.7 -309.3 2547.5 -0.2412685007 0.9681915641 0.0662922263 0.9693769813 0.2436606437 -0.0306226835 -0.0458014309 0.0568738692 -0.9973302484
22.6 -524.1 2712.8 0.9916321635 0.0908649117 -0.0917018950 -0.0819430351 -0.1058617532 -0.9909988046 -0.0997547433 0.9902206063 -0.0975301713
-12.0 -483.8 2336.1 0.9916321635 0.0820224881 0.0996894240 -0.0819430351 0.9966250062 -0.0048982915 -0.0997547433 -0.0033115509 0.9950065613
201.4 -533.6 2705.8 0.9851410985 -0.1700425148 0.0241368357 0.0006679262 -0.1367428601 -0.9906063676 0.1717457473 0.9759031534 -0.1345974356
264.1 -483.2 2345.9 0.9851410985 -0.0003968216 -0.1717465818 0.0006679262 0.9999986291 0.0015207316 0.1717457473 -0.0016128492 0.9851399660
-143.1 -535.2 2445.3 0 0 0 0 0 0 0 0 0
246.7 -48.1 2535.1 0 0 0 0 0 0 0 0 0
-42.6 -855.8 2337.3 0 0 0 0 0 0 0 0 0
264.2 -856.5 2346.5 0 0 0 0 0 0 0 0 0
139.8 51.5 2639.6 36 0.9984369278 0.0464164950 0.0311313402 -0.0497698635 0.9918383360 0.1173868030 -0.0254285727 -0.1187527254 0.9925981760
130.6 -145.5 2663.2 0.9984369278 0.0464164950 0.0311313402 -0.0497698635 0.9918383360 0.1173868030 -0.0254285727 -0.1187527254 0.9925981760
122.5 -336.7 2687.0 0.9985253811 0.0443763249 0.0312689915 -0.0478374995 0.9915729165 0.1203938872 -0.0256628487 -0.1217121854 0.9922336340
-5.3 -137.7 2666.9 0.3959452510 -0.9038792849 -0.1619553864 0.9176712632 0.3958724439 0.0341247097 0.0332690515 -0.1621333063 0.9862078428
-111.9 -384.7 2657.9 0.1066144630 -0.9038792849 -0.4142892063 0.5755065680 0.3958724439 -0.7155957222 0.8108178377 -0.1621333063 0.5623942018
266.4 -153.4 2659.6 0.2386613488 0.9673038721 0.0858134851 -0.7946907878 0.2453294843 -0.5552297235 -0.5581284165 0.0643166900 0.8272581100
313.6 -310.3 2549.4 -0.2426664829 0.9673038721 0.0737303868 0.9689946771 0.2453294843 -0.0293722805 -0.0465001576 0.0643166900 -0.9968456030
23.4 -523.2 2713.4 0.9912116528 0.0890360251 -0.0978365242 -0.0882872194 -0.1055171937 -0.9904905558 -0.0985127762 0.9904235005 -0.0967291296
-10.5 -483.1 2336.9 0.9912116528 0.0884366632 0.0983786434 -0.0882872194 0.9960777164 -0.0058799591 -0.0985127762 -0.0028572928 0.9951316714
202.2 -532.1 2707.5 0.9853934050 -0.1696423143 0.0148783829 -0.0072039911 -0.1288169026 -0.9916422367 0.1701410711 0.9770504832 -0.1281574219
265.3 -484.2 2344.5 0.9853934050 0.0092807142 -0.1700404286 -0.0072039911 0.9998918176 0.0128260404 0.1701410711 -0.0114137251 0.9853535891
-140.0 -536.8 2443.6 0 0 0 0 0 0 0 0 0
248.2 -49.2 2536.9 0 0 0 0 0 0 0 0 0
-43.5 -854.9 2337.9 0 0 0 0 0 0 0 0 0
261.8 -857.4 2348.8 0 0 0 0 0 0 0 0 0
140.0 52.1 2638.3 37 0.9985579848 0.0478587709 0.0243205167 -0.0505708791 0.9906145334 0.1269859076 -0.0180148669 -0.1280326992 0.9916062951
130.5 -144.2 2663.7 0.9985579848 0.0478587709 0.0243205167 -0.0505708791 0.9906145334 0.1269859076 -0.0180148669 -0.1280326992 0.9916062951
122.0 -335.1 2689.2 0.9986166954 0.0465446524 0.0244597699 -0.0493388325 0.9902977347 0.1299079508 -0.0181759354 -0.1309350729 0.9912242889
-5.3 -136.2 2666.3 0.3969182670 -0.9021927714 -0.1688317358 0.9174502492 0.3954290450 0.0438279100 0.0272197481 -0.1722908169 0.9846699834
-112.2 -383.1 2659.0 0.1016807631 -0.9021927714 -0.4191769063 0.5831565857 0.3954290450 -0.7096226215 0.8059710860 -0.1722908169 0.5663272142
266.4 -152.3 2661.1 0.2415210903 0.9671527743 0.0792656168 -0.8003305197 0.2447204590 -0.5473417640 -0.5487610102 0.0687558800 0.8331470490
