134.6 107.6 2346.7 32 0.9666728973 -0.0143532353 0.2556120455 -0.0678637549 0.9483444691 0.3098987639 -0.2468563318 -0.3169175386 0.9157648087
137.5 -82.6 2410.3 0.9666728973 -0.0143532353 0.2556120455 -0.0678637549 0.9483444691 0.3098987639 -0.2468563318 -0.3169175386 0.9157648087
139.9 -271.0 2473.7 0.9667053819 -0.0123516731 0.2555935979 -0.0701730475 0.9477472901 0.3112086058 -0.2460820973 -0.3187828362 0.9153257012
1.5 -72.8 2444.9 0.0251303818 -0.9196410179 -0.3919551373 0.9647048712 0.1251180470 -0.2317109406 0.2621315420 -0.3722980618 0.8903264403
-5.9 -354.6 2368.3 -0.2400451601 -0.9196410179 -0.3108676374 0.5712091327 0.1251180470 -0.8112124205 0.7849193811 -0.3722980618 0.4952734113
273.5 -92.5 2375.7 0.0008080778 0.6590994000 0.7520554066 -0.9652301669 0.1971017271 -0.1717022955 -0.2614003122 -0.7257677913 0.6363418698
273.7 -325.8 2312.5 -0.5720578432 0.6590994000 0.4881985486 -0.4950652719 0.1971017271 -0.8462040424 -0.6539573669 -0.7257677913 0.2135436237
53.4 -453.1 2561.0 0.8341283798 0.5375030637 0.1237752736 0.1661157459 -0.0308201313 -0.9856244922 -0.5259614587 0.8426983953 -0.1149956733
-175.1 -440.0 2202.8 0.8341283798 -0.2091880143 0.5103628635 0.1661157459 0.9776050448 0.1292049438 -0.5259614587 -0.0229941942 0.8501975536
230.3 -466.2 2518.6 0.9779421687 -0.1196957529 0.1711782366 0.1461027563 -0.1936898679 -0.9701228142 0.1492750645 0.9737336040 -0.1719296128
282.2 -382.3 2096.6 0.9779421687 -0.1517586261 -0.1435213536 0.1461027563 0.9880442023 -0.0492204279 0.1492750645 0.0271658674 0.9884224534
56.6 -503.2 2164.2 0 0 0 0 0 0 0 0 0
124.8 -454.7 2142.2 0 0 0 0 0 0 0 0 0
-95.1 -813.8 2211.6 0 0 0 0 0 0 0 0 0
340.2 -760.0 2086.3 0 0 0 0 0 0 0 0 0
133.8 107.4 2342.8 33 0.9688571095 -0.0213555451 0.2466979325 -0.0609425791 0.9450654387 0.3211499751 -0.2400040179 -0.3261828423 0.9143319130
138.0 -82.5 2408.3 0.9688571095 -0.0213555451 0.2466979325 -0.0609425791 0.9450654387 0.3211499751 -0.2400040179 -0.3261828423 0.9143319130
141.9 -270.5 2472.9 0.9688863754 -0.0195305999 0.2467342317 -0.0622955747 0.9455462098 0.3194709420 -0.2395380735 -0.3249014914 0.9149101377
1.7 -73.8 2442.0 0.0334086418 -0.9085828662 -0.4163664877 0.9675947428 0.1337318122 -0.2141872793 0.2502883375 -0.3957183063 0.8836078048
-7.9 -351.3 2370.2 -0.2549341321 -0.9085828662 -0.3308863342 0.5729210377 0.1337318122 -0.8086267710 0.7789544463 -0.3957183063 0.4864534438
274.4 -91.3 2374.6 0.0042694146 0.6578891873 0.7531026602 -0.9671220779 0.1942164302 -0.1641792655 -0.2542766631 -0.7276412845 0.6370883584
275.4 -325.1 2313.1 -0.5766455531 0.6578891873 0.4844189882 -0.4915594459 0.1942164302 -0.8489106297 -0.6525712609 -0.7276412845 0.2113975883
53.7 -453.0 2559.6 0.8392907977 0.5330356359 0.1070700213 0.1518984735 -0.0408032984 -0.9875535369 -0.5220323801 0.8451083302 -0.1152131259
-166.8 -436.1 2210.1 0.8392907977 -0.1721888483 0.5156956315 0.1518984735 0.9850153923 0.0816793665 -0.5220323801 0.0097806351 0.8528695703
230.4 -466.2 2514.3 0.9799103141 -0.1206814498 0.1587822437 0.1334957480 -0.1945942938 -0.9717571735 0.1481711864 0.9734315872 -0.1745744795
281.3 -384.2 2104.1 0.9799103141 -0.1425540894 -0.1394781172 0.1334957480 0.9884068966 -0.0723237693 0.1481711864 0.0522510707 0.9875804186
58.4 -500.3 2167.6 0 0 0 0 0 0 0 0 0
125.3 -453.0 2143.3 0 0 0 0 0 0 0 0 0
-101.0 -812.2 2206.4 0 0 0 0 0 0 0 0 0
335.7 -761.9 2084.1 0 0 0 0 0 0 0 0 0
133.8 106.3 2348.8 34 0.9626629353 -0.0233989023 0.2696896791 -0.0624059848 0.9502398372 0.3052045107 -0.2634113133 -0.3106393218 0.9133004546
138.5 -84.7 2411.2 0.9626629353 -0.0233989023 0.2696896791 -0.0624059848 0.9502398372 0.3052045107 -0.2634113133 -0.3106393218 0.9133004546
143.2 -273.4 2473.5 0.9626672268 -0.0239563696 0.2696254551 -0.0625775456 0.9493972659 0.3077805340 -0.2633549869 -0.3131627440 0.9124545455
3.0 -75.9 2448.3 0.0335023813 -0.9056185484 -0.4227677882 0.9596665502 0.1472922415 -0.2394682765 0.2791373432 -0.3976933658 0.8740265369
-6.6 -352.2 2367.9 -0.2482123971 -0.9056185484 -0.3438686132 0.5762701035 0.1472922415 -0.8038767576 0.7786548734 -0.3976933658 0.4853211045
273.9 -93.5 2374.2 0.0063084685 0.6635736227 0.7480844259 -0.9684302807 0.1904876977 -0.1608017683 -0.2492046803 -0.7234531641 0.6438264847
275.4 -324.9 2314.6 -0.5733884573 0.6635736227 0.4805161357 -0.4916345179 0.1904876977 -0.8497116566 -0.6553786397 -0.7234531641 0.2170122415
56.9 -452.7 2559.5 0.8357597589 0.5389158130 0.1052395776 0.1468291730 -0.0346600786 -0.9885544181 -0.5291000009 0.8416462541 -0.1080960631
-169.5 -438.2 2205.9 0.8357597589 -0.1835417151 0.5175114274 0.1468291730 0.9828619957 0.1114608496 -0.5291000009 -0.0171687175 0.8483857512
234.1 -468.9 2510.9 0.9867134690 -0.0865705833 0.1374848336 0.1175881550 -0.2034193128 -0.9720049500 0.1121141091 0.9752569795 -0.1905369014
270.2 -384.0 2103.7 0.9867134690 -0.1272075176 -0.1010682732 0.1175881550 0.9884070754 -0.0960439667 0.1121141091 0.0828834400 0.9902327061
58.0 -502.1 2165.3 0 0 0 0 0 0 0 0 0
126.2 -452.9 2144.0 0 0 0 0 0 0 0 0 0
-99.4 -813.5 2212.5 0 0 0 0 0 0 0 0 0
318.8 -761.6 2072.1 0 0 0 0 0 0 0 0 0
133.0 107.3 2343.8 35 0.9658955336 -0.0315399133 0.2570040226 -0.0542798489 0.9458363652 0.3200738430 -0.2531788349 -0.3231080174 0.9118671417
139.4 -82.8 2408.7 0.9658955336 -0.0315399133 0.2570040226 -0.0542798489 0.9458363652 0.3200738430 -0.2531788349 -0.3231080174 0.9118671417
145.2 -270.8 2472.9 0.9659492970 -0.0295880884 0.2570340633 -0.0559438542 0.9460536242 0.3191438615 -0.2526108623 -0.3226562738 0.9121845365
3.5 -74.9 2444.3 0.0422007255 -0.9011810422 -0.4313836098 0.9664142728 0.1463698596 -0.2112327814 0.2535005212 -0.4079810977 0.8770911694
-8.5 -348.2 2372.6 -0.2568722665 -0.9011810422 -0.3491265774 0.5778067112 0.1463698596 -0.8029416203 0.7746974230 -0.4079810977 0.4831100702
275.3 -90.6 2373.2 -0.0011665273 0.6634962559 0.7481787205 -0.9689378738 0.1842760891 -0.1649295688 -0.2473015934 -0.7251310349 0.6426716447
275.0 -326.3 2313.0 -0.5778769851 0.6634962559 0.4752167463 -0.4893761575 0.1842760891 -0.8523809910 -0.6531226635 -0.7251310349 0.2182103246
59.6 -456.4 2559.9 0.8352482915 0.5413467288 0.0964572132 0.1406140029 -0.0406937860 -0.9892278314 -0.5315900445 0.8398141265 -0.1101103425
-170.1 -439.2 2203.5 0.8352482915 -0.1886074692 0.5165147781 0.1406140029 0.9813643694 0.1309644133 -0.5315900445 -0.0367586017 0.8462038040
238.6 -464.5 2513.5 0.9857988954 -0.0889700130 0.1424249560 0.1231686771 -0.1934352368 -0.9733510613 0.1141490638 0.9770706892 -0.1797299236
275.6 -384.1 2107.2 0.9857988954 -0.1326952279 -0.1029199138 0.1231686771 0.9879248738 -0.0939892158 0.1141490638 0.0799779519 0.9902391434
58.4 -498.5 2171.0 0 0 0 0 0 0 0 0 0
124.6 -453.7 2143.0 0 0 0 0 0 0 0 0 0
-98.0 -814.1 2217.6 0 0 0 0 0 0 0 0 0
326.3 -761.6 2076.6 0 0 0 0 0 0 0 0 0
132.2 107.3 2340.8 36 0.9679544568 -0.0398667343 0.2479411066 -0.0460380875 0.9424145818 0.3312631845 -0.2468696833 -0.3320624232 0.9103789926
140.3 -82.0 2407.5 0.9679544568 -0.0398667343 0.2479411066 -0.0460380875 0.9424145818 0.3312631845 -0.2468696833 -0.3320624232 0.9103789926
148.0 -269.5 2473.3 0.9679763913 -0.0389977060 0.2479937673 -0.0465619229 0.9428303242 0.3300045133 -0.2466854602 -0.3309836388 0.9108216763
4.0 -75.5 2442.2 0.0436817817 -0.9017245770 -0.4300984144 0.9681086540 0.1445108801 -0.2046515495 0.2466932386 -0.4074424505 0.8792798519
-8.3 -348.4 2372.7 -0.2583041489 -0.9017245770 -0.3466579020 0.5756445527 0.1445108801 -0.8048291802 0.7758300900 -0.4074424505 0.4817450643
276.5 -88.6 2372.8 -0.0063285269 0.6701886654 0.7421637774 -0.9717282057 0.1710490882 -0.1627467722 -0.2360174805 -0.7222114205 0.6501587033
274.9 -325.5 2315.2 -0.5781357288 0.6701886654 0.4654097855 -0.4898810685 0.1710490882 -0.8548442721 -0.6525148749 -0.7222114205 0.2294231653
62.5 -453.8 2560.2 0.8308572173 0.5468423963 0.1031488106 0.1441536397 -0.0324674845 -0.9890225530 -0.5374904275 0.8366057873 -0.1058051661
-172.4 -439.8 2200.9 0.8308572173 -0.1964467466 0.5206581950 0.1441536397 0.9796599746 0.1395923942 -0.5374904275 -0.0409265757 0.8422760963
244.0 -461.4 2516.3 0.9843529463 -0.0892589912 0.1519280821 0.1334559470 -0.1853537112 -0.9735674262 0.1150600761 0.9786096215 -0.1705413312
281.0 -384.5 2110.1 0.9843529463 -0.1425455511 -0.1035860702 0.1334559470 0.9869626760 -0.0899676755 0.1150600761 0.0747357681 0.9905431271
59.0 -498.2 2170.8 0 0 0 0 0 0 0 0 0
124.4 -453.0 2145.4 0 0 0 0 0 0 0 0 0
-97.3 -814.2 2216.6 0 0 0 0 0 0 0 0 0
335.5 -761.7 2081.6 0 0 0 0 0 0 0 0 0
132.1 108.3 2339.8 37 0.9697707891 -0.0421902202 0.2403427809 -0.0409888811 0.9427803159 0.3308854401 -0.2405505776 -0.3307344019 0.9125514627
140.6 -81.2 2406.3 0.9697707891 -0.0421902202 0.2403427809 -0.0409888811 0.9427803159 0.3308854401 -0.2405505776 -0.3307344019 0.9125514627
148.8 -268.7 2472.1 0.9698075652 -0.0413327739 0.2403432131 -0.0418200381 0.9427472353 0.3308757842 -0.2402589023 -0.3309369981 0.9125548601
4.1 -75.4 2440.1 0.0383095071 -0.8997678161 -0.4346841574 0.9687609076 0.1401047111 -0.2046289146 0.2450198084 -0.4132657647 0.8770272136
-6.8 -350.1 2370.6 -0.2657790184 -0.8997678161 -0.3460916579 0.5751731992 0.1401047111 -0.8059444427 0.7736519575 -0.4132657647 0.4802854061
277.0 -87.1 2372.4 -0.0039083883 0.6666985750 0.7453171611 -0.9716904759 0.1735334694 -0.1603240371 -0.2362252921 -0.7248442173 0.6471464634
276.1 -325.0 2314.6 -0.5796673298 0.6666985750 0.4685069621 -0.4905920029 0.1735334694 -0.8539353609 -0.6506191492 -0.7248442173 0.2264853269
66.9 -452.6 2561.7 0.8256705999 0.5532692671 0.1102777123 0.1509779096 -0.0283573903 -0.9881303310 -0.5435749292 0.8325196505 -0.1069453061
-173.3 -440.3 2200.3 0.8256705999 -0.1977262050 0.5283676982 0.1509779096 0.9798520207 0.1307505965 -0.5435749292 -0.0281850696 0.8388872743
245.7 -460.0 2515.7 0.9833064079 -0.0933114439 0.1562096626 0.1369462758 -0.1857527643 -0.9730064869 0.1198090166 0.9781558514 -0.1698732227
284.4 -383.0 2110.1 0.9833064079 -0.1466336846 -0.1077359989 0.1369462758 0.9862565398 -0.0924322307 0.1198090166 0.0761351585 0.9898733497
62.4 -499.7 2169.3 0 0 0 0 0 0 0 0 0
125.2 -452.7 2145.2 0 0 0 0 0 0 0 0 0
-97.7 -814.8 2211.1 0 0 0 0 0 0 0 0 0
340.4 -760.0 2081.0 0 0 0 0 0 0 0 0 0
132.1 109.6 2338.8 38 0.9757003188 -0.0416435264 0.2151156366 -0.0333706439 0.9420768619 0.3337328434 -0.2165532708 -0.3328017890 0.9177950025
140.5 -80.3 2405.9 0.9757003188 -0.0416435264 0.2151156366 -0.0333706439 0.9420768619 0.3337328434 -0.2165532708 -0.3328017890 0.9177950025
148.6 -267.6 2472.0 0.9757301807 -0.0408454463 0.2151332498 -0.0340525508 0.9421948791 0.3333305120 -0.2163124830 -0.3325664699 0.9179370403
3.2 -75.5 2436.3 0.0307122413 -0.9065638781 -0.4209497571 0.9708668590 0.1271873266 -0.2030787170 0.2376433015 -0.4024491608 0.8840590119
-5.5 -352.4 2368.5 -0.2640310526 -0.9065638781 -0.3292864263 0.5730113387 0.1271873266 -0.8096180558 0.7758515477 -0.4024491608 0.4858899713
277.8 -85.1 2375.4 -0.0028899990 0.6583148837 0.7527371049 -0.9697999358 0.1817375720 -0.1626640558 -0.2438847870 -0.7304744720 0.6379085183
277.0 -324.5 2315.2 -0.5781528950 0.6583148837 0.4820380807 -0.4993562102 0.1817375720 -0.8471214771 -0.6452771425 -0.7304744720 0.2236615270
68.0 -452.2 2559.9 0.8217221498 0.5588759184 0.1114915907 0.1549009383 -0.0307636522 -0.9874508977 -0.5484326482 0.8286804557 -0.1118495837
-173.6 -438.9 2201.6 0.8217221498 -0.1996343881 0.5337778330 0.1549009383 0.9796137214 0.1279166043 -0.5484326482 -0.0224292167 0.8358938694
246.1 -458.1 2518.2 0.9791416526 -0.1150397137 0.1674740165 0.1443949193 -0.1858944148 -0.9719019532 0.1429398060 0.9758120179 -0.1654058099
293.7 -381.1 2113.9 0.9791416526 -0.1558859944 -0.1303120852 0.1443949193 0.9850961566 -0.0934649557 0.1429398060 0.0726990253 0.9870578051
63.2 -501.5 2166.6 0 0 0 0 0 0 0 0 0
126.6 -454.5 2147.3 0 0 0 0 0 0 0 0 0
-97.3 -813.4 2210.2 0 0 0 0 0 0 0 0 0
353.3 -757.7 2086.1 0 0 0 0 0 0 0 0 0
133.6 108.0 2341.8 39 0.9731367230 -0.0387739055 0.2269395441 -0.0384860560 0.9444492459 0.3263960779 -0.2269885391 -0.3263620138 0.9175859690
141.4 -81.8 2407.4 0.9731367230 -0.0387739055 0.2269395441 -0.0384860560 0.9444492459 0.3263960779 -0.2269885391 -0.3263620138 0.9175859690
148.9 -269.7 2471.9 0.9731571078 -0.0377436504 0.2270258069 -0.0389894843 0.9451620579 0.3242660463 -0.2268151641 -0.3244134188 0.9183195829
4.5 -76.3 2439.3 0.0330895074 -0.9139847159 -0.4043970406 0.9678288102 0.1302794069 -0.2152548283 0.2494242340 -0.3842644393 0.8888916373
-5.1 -354.9 2367.5 -0.2498090714 -0.9139847159 -0.3197300732 0.5655968785 0.1302794069 -0.8143263459 0.7859361172 -0.3842644393 0.4844019413
278.3 -87.3 2375.4 -0.0036522732 0.6531827450 0.7571915388 -0.9696983695 0.1826543510 -0.1622420102 -0.2442779988 -0.7348399162 0.6327230930
277.4 -322.1 2316.3 -0.5643004775 0.6531827450 0.5048933625 -0.5296760201 0.1826543510 -0.8282998800 -0.6332521439 -0.7348399162 0.2429033071
67.2 -451.8 2557.9 0.8224347234 0.5586494207 0.1072938517 0.1476227790 -0.0274459310 -0.9886628389 -0.5493711829 0.8289496303 -0.1050418690
-173.0 -440.0 2201.5 0.8224347234 -0.1972061098 0.5335831046 0.1476227790 0.9798418880 0.1346008033 -0.5493711829 -0.0319313519 0.8349680901
245.6 -461.2 2515.5 0.9816696048 -0.1057913229 0.1585338414 0.1361244470 -0.1930147707 -0.9717074633 0.1333975941 0.9754760265 -0.1750759482
289.4 -381.2 2111.4 0.9816696048 -0.1479244232 -0.1201796532 0.1361244470 0.9855173230 -0.1011223421 0.1333975941 0.0829093382 0.9875885248
60.0 -502.1 2163.0 0 0 0 0 0 0 0 0 0
130.7 -459.9 2151.6 0 0 0 0 0 0 0 0 0
-97.6 -814.6 2213.7 0 0 0 0 0 0 0 0 0
346.0 -758.0 2079.7 0 0 0 0 0 0 0 0 0
133.8 107.8 2340.3 40 0.9708765149 -0.0386330225 0.2364451140 -0.0430178717 0.9427632689 0.3306764662 -0.2356867939 -0.3312173784 0.9136447906
141.6 -81.6 2406.8 0.9708765149 -0.0386330225 0.2364451140 -0.0430178717 0.9427632689 0.3306764662 -0.2356867939 -0.3312173784 0.9136447906
149.0 -269.3 2472.1 0.9708901048 -0.0375280343 0.2365671992 -0.0433547981 0.9438030720 0.3276524246 -0.2355690002 -0.3283708394 0.9147020578
4.9 -75.5 2440.0 0.0362814851 -0.9070872068 -0.4193762839 0.9675830603 0.1368398368 -0.2122683525 0.2499333024 -0.3980799913 0.8826469779
-5.5 -354.2 2368.0 -0.2591413558 -0.9070872068 -0.3317206502 0.5637093782 0.1368398368 -0.8145591617 0.7842687964 -0.3980799913 0.4758726954
278.2 -87.7 2373.7 -0.0064498158 0.6579529047 0.7530314326 -0.9712619781 0.1750509143 -0.1612677872 -0.2379254550 -0.7324309945 0.6379156113
276.6 -323.0 2316.0 -0.5568631291 0.6579529047 0.5069530606 -0.5416547060 0.1750509143 -0.8221723437 -0.6296932697 -0.7324309945 0.2589038908
67.1 -454.0 2557.2 0.8295703530 0.5528152585 0.0787931234 0.1275276840 -0.0501858667 -0.9905645251 -0.5436449051 0.8317912221 -0.1121319607
-166.7 -432.8 2205.3 0.8295703530 -0.1681037098 0.5324980617 0.1275276840 0.9854432344 0.1124200895 -0.5436449051 -0.0253521223 0.8389323950
245.5 -460.9 2515.8 0.9833584428 -0.0972392634 0.1534623653 0.1332514286 -0.1881376803 -0.9730612636 0.1234918162 0.9773170948 -0.1720495075
285.8 -382.9 2110.9 0.9833584428 -0.1437118948 -0.1111443415 0.1332514286 0.9863775969 -0.0964535922 0.1234918162 0.0800383165 0.9891125560
61.9 -500.9 2163.9 0 0 0 0 0 0 0 0 0
131.7 -464.0 2152.2 0 0 0 0 0 0 0 0 0
-102.5 -809.4 2215.0 0 0 0 0 0 0 0 0 0
340.7 -760.0 2080.3 0 0 0 0 0 0 0 0 0
134.7 107.0 2339.5 41 0.9708815813 -0.0325407162 0.2373394519 -0.0486257151 0.9433383942 0.3282501698 -0.2345729172 -0.3302328587 0.9142875671
141.3 -82.5 2405.9 0.9708815813 -0.0325407162 0.2373394519 -0.0486257151 0.9433383942 0.3282501698 -0.2345729172 -0.3302328587 0.9142875671
147.7 -270.2 2471.1 0.9708743095 -0.0322797410 0.2374048382 -0.0484139062 0.9440096021 0.3263463378 -0.2346468270 -0.3283349872 0.9149519205
4.7 -75.7 2438.9 0.0354255922 -0.9140620828 -0.4040242434 0.9697366953 0.1291632205 -0.2071898133 0.2415694147 -0.3844572902 0.8909751773
-5.4 -351.7 2370.1 -0.2457660139 -0.9140620828 -0.3226292431 0.5776698589 0.1291632205 -0.8059865832 0.7783935666 -0.3844572902 0.4962821901
277.9 -89.3 2372.8 -0.0067923572 0.6600139141 0.7512226701 -0.9720770121 0.1718595624 -0.1597827077 -0.2345636189 -0.7313315868 0.6404170394
276.3 -323.6 2316.3 -0.5606952906 0.6600139141 0.5000023842 -0.5352194905 0.1718595624 -0.8270455599 -0.6317917705 -0.7313315868 0.2568914890
67.4 -452.9 2559.0 0.8271957040 0.5543036461 0.0921668038 0.1382198632 -0.0417348929 -0.9895218611 -0.5446490049 0.8312674761 -0.1111386940
-168.4 -435.1 2205.3 0.8271957040 -0.1768069863 0.5333728194 0.1382198632 0.9840660691 0.1118446290 -0.5446490049 -0.0187946800 0.8384534717
243.2 -462.3 2514.9 0.9839482903 -0.0990536213 0.1484390050 0.1280283630 -0.1876309216 -0.9738600254 0.1243161112 0.9772323370 -0.1719374508
284.2 -384.6 2110.1 0.9839482903 -0.1385644674 -0.1124528646 0.1280283630 0.9871055484 -0.0960799083 0.1243161112 0.0801405013 0.9890010357
58.5 -502.0 2167.6 0 0 0 0 0 0 0 0 0
130.4 -462.9 2151.9 0 0 0 0 0 0 0 0 0
-100.9 -811.3 2212.5 0 0 0 0 0 0 0 0 0
337.2 -762.0 2079.4 0 0 0 0 0 0 0 0 0
134.7 107.5 2339.2 42 0.9689632058 -0.0330618881 0.2449840158 -0.0512390323 0.9426332116 0.3298744559 -0.2418363392 -0.3321889639 0.9116829038
141.3 -81.8 2405.9 0.9689632058 -0.0330618881 0.2449840158 -0.0512390323 0.9426332116 0.3298744559 -0.2418363392 -0.3321889639 0.9116829038
147.5 -269.3 2471.6 0.9690066576 -0.0312092807 0.2450551689 -0.0525139906 0.9432911277 0.3277868032 -0.2413883358 -0.3304964304 0.9124164581
4.9 -74.4 2439.8 0.0326696485 -0.9176006317 -0.3961587250 0.9684341550 0.1270655245 -0.2144519091 0.2471193373 -0.3766475916 0.8927869797
-4.6 -355.5 2368.1 -0.2466526330 -0.9176006317 -0.3117234707 0.5610522628 0.1270655245 -0.8179698586 0.7901790142 -0.3766475916 0.4834808707
277.7 -89.2 2371.9 -0.0082154823 0.6693087220 0.7429389954 -0.9728415012 0.1665232331 -0.1607774198 -0.2313263416 -0.7240827680 0.6497632265
275.7 -324.4 2316.0 -0.5645363331 0.6693087220 0.4830368459 -0.5196097493 0.1665232331 -0.8380189538 -0.6413302422 -0.7240827680 0.2537708879
65.0 -453.4 2557.9 0.8270264864 0.5536937118 0.0972136036 0.1433938742 -0.0405683145 -0.9888338447 -0.5435672998 0.8317316175 -0.1129473522
-170.8 -436.1 2203.7 0.8270264864 -0.1903114468 0.5289695263 0.1433938742 0.9812436104 0.1288379729 -0.5435672998 -0.0307014342 0.8388039470
242.6 -461.7 2515.1 0.9852699041 -0.0927446783 0.1436721534 0.1247538999 -0.1847987324 -0.9748260975 0.1169603616 0.9783904552 -0.1705063581
281.0 -385.1 2109.8 0.9852699041 -0.1344131976 -0.1057182848 0.1247538999 0.9877973199 -0.0932358205 0.1169603616 0.0786736831 0.9900155067
59.6 -501.5 2162.5 0 0 0 0 0 0 0 0 0
128.8 -459.6 2149.1 0 0 0 0 0 0 0 0 0
-98.1 -811.2 2215.4 0 0 0 0 0 0 0 0 0
332.4 -762.8 2079.8 0 0 0 0 0 0 0 0 0
134.9 108.9 2339.5 43 0.9711591601 -0.0302242544 0.2365088314 -0.0519778952 0.9412391782 0.3337171674 -0.2326977253 -0.3363857269 0.9125220180
141.0 -80.4 2407.1 0.9711591601 -0.0302242544 0.2365088314 -0.0519778952 0.9412391782 0.3337171674 -0.2326977253 -0.3363857269 0.9125220180
147.0 -267.9 2473.0 0.9711204171 -0.0302712265 0.2366618216 -0.0507715233 0.9429807067 0.3289522827 -0.2331253141 -0.3314679563 0.9142109156
4.3 -73.3 2439.9 0.0340373553 -0.9172111154 -0.3969448805 0.9687667489 0.1278927326 -0.2124485672 0.2456265539 -0.3773158193 0.8929167986
-5.5 -354.7 2368.6 -0.2455563843 -0.9172111154 -0.3137289286 0.5643135905 0.1278927326 -0.8155940175 0.7881955504 -0.3773158193 0.4861898124
277.7 -87.6 2374.3 -0.0090299239 0.6715129018 0.7409378290 -0.9719177485 0.1683499664 -0.1644206941 -0.2351474762 -0.7216153741 0.6511351466
275.5 -324.7 2316.9 -0.5683948994 0.6715129018 0.4753921032 -0.5077557564 0.1683499664 -0.8448919058 -0.6473881006 -0.7216153741 0.2452752888
64.8 -452.0 2559.4 0.8260287046 0.5539238453 0.1041393802 0.1469272673 -0.0332449079 -0.9885884523 -0.5441405773 0.8319033384 -0.1088477597
-173.1 -437.7 2202.1 0.8260287046 -0.1998700202 0.5269995928 0.1469272673 0.9790438414 0.1410159916 -0.5441405773 -0.0390526429 0.8380846381
242.1 -460.0 2517.5 0.9840009809 -0.1006511226 0.1470080614 0.1267681271 -0.1842455417 -0.9746709466 0.1251873076 0.9777131081 -0.1685384363
283.8 -383.7 2112.5 0.9840009809 -0.1370028257 -0.1138957739 0.1267681271 0.9875878096 -0.0927369818 0.1251873076 0.0768149272 0.9891549945
58.4 -501.6 2163.5 0 0 0 0 0 0 0 0 0
127.6 -456.9 2148.5 0 0 0 0 0 0 0 0 0
-96.7 -812.0 2217.1 0 0 0 0 0 0 0 0 0
336.2 -761.3 2083.2 0 0 0 0 0 0 0 0 0
134.7 109.6 2339.1 44 0.9704771042 -0.0305601135 0.2392492741 -0.0526945554 0.9411135912 0.3339588046 -0.2353665680 -0.3367065191 0.9117188454
140.9 -79.8 2406.9 0.9704771042 -0.0305601135 0.2392492741 -0.0526945554 0.9411135912 0.3339588046 -0.2353665680 -0.3367065191 0.9117188454
146.7 -267.3 2472.7 0.9704781771 -0.0289717056 0.2394425869 -0.0527276285 0.9432606697 0.3278401196 -0.2353548557 -0.3307869136 0.9138862491
4.3 -72.4 2440.0 0.0361733660 -0.9153780341 -0.4009670019 0.9700855613 0.1285433173 -0.2059383094 0.2400530279 -0.3815228343 0.8926448822
-6.2 -353.7 2370.4 -0.2501628101 -0.9153780341 -0.3154387772 0.5608945489 0.1285433173 -0.8178471327 0.7891868353 -0.3815228343 0.4812738001
277.5 -87.2 2373.8 -0.0046105231 0.6731039286 0.7395335436 -0.9732722640 0.1667859405 -0.1578719020 -0.2296079993 -0.7204953432 0.6543443799
276.4 -323.5 2318.0 -0.5672742724 0.6731039286 0.4744797349 -0.5086121559 0.1667859405 -0.8446869850 -0.6476987004 -0.7204953432 0.2477354407
64.0 -450.7 2560.3 0.8278453350 0.5505965352 0.1073102504 0.1487782896 -0.0310605429 -0.9883826375 -0.5408669710 0.8341934085 -0.1076301336
-172.7 -437.4 2201.7 0.8278453350 -0.1996613294 0.5242207646 0.1487782896 0.9791942239 0.1379987448 -0.5408669710 -0.0362489596 0.8403266668
241.5 -459.7 2516.8 0.9845575094 -0.0988296941 0.1444963962 0.1245411485 -0.1846502274 -0.9748814106 0.1230285242 0.9778226018 -0.1694904119
282.4 -383.2 2111.8 0.9845575094 -0.1346759796 -0.1118431836 0.1245411485 0.9878314137 -0.0931592956 0.1230285242 0.0777916014 0.9893494844
58.9 -499.6 2165.1 0 0 0 0 0 0 0 0 0
128.7 -455.9 2149.5 0 0 0 0 0 0 0 0 0
-96.4 -811.7 2215.6 0 0 0 0 0 0 0 0 0
333.9 -760.9 2082.0 0 0 0 0 0 0 0 0 0
135.4 109.2 2339.0 45 0.9719257951 -0.0279024243 0.2336272001 -0.0528656803 0.9416581392 0.3323930800 -0.2292715311 -0.3354122937 0.9137467742
141.1 -80.3 2406.4 0.9719257951 -0.0279024243 0.2336272001 -0.0528656803 0.9416581392 0.3323930800 -0.2292715311 -0.3354122937 0.9137467742
146.3 -267.8 2472.2 0.9719275832 -0.0266315583 0.2337682396 -0.0529258214 0.9433615208 0.3275177479 -0.2292502671 -0.3306958973 0.9154695868
4.3 -72.8 2438.7 0.0423602015 -0.9146422744 -0.4020386636 0.9729308486 0.1292631477 -0.1915636659 0.2271810174 -0.3830411136 0.8953592777
-7.8 -350.1 2374.0 -0.2490747422 -0.9146422744 -0.3184199035 0.5661153197 0.1292631477 -0.8141280413 0.7857959270 -0.3830411136 0.4855968356
277.8 -87.7 2374.2 -0.0051745125 0.6727787852 0.7398256063 -0.9727773070 0.1680237204 -0.1596003920 -0.2316840142 -0.7205114365 0.6535945535
276.6 -323.2 2318.1 -0.5669041872 0.6727787852 0.4753822982 -0.5086771250 0.1680237204 -0.8444024920 -0.6479716301 -0.7205114365 0.2469738424
63.4 -450.0 2560.0 0.8277866840 0.5504577756 0.1084686220 0.1479048282 -0.0276130661 -0.9886160493 -0.5411962271 0.8344062567 -0.1042730883
-172.4 -438.2 2202.6 0.8277866840 -0.1957470030 0.5257872939 0.1479048282 0.9801471829 0.1320443302 -0.5411962271 -0.0315380618 0.8403047323
240.8 -460.2 2516.9 0.9837980866 -0.1050331593 0.1452906281 0.1242333427 -0.1848910451 -0.9748750329 0.1292571425 0.9771301746 -0.1688468307
284.3 -383.6 2112.1 0.9837980866 -0.1348921508 -0.1180908158 0.1242333427 0.9878454804 -0.0934202895 0.1292571425 0.0772358850 0.9885985851
57.0 -497.5 2169.4 0 0 0 0 0 0 0 0 0
129.0 -455.6 2149.4 0 0 0 0 0 0 0 0 0
-97.6 -812.9 2214.7 0 0 0 0 0 0 0 0 0
335.9 -761.3 2082.6 0 0 0 0 0 0 0 0 0
133.5 110.8 2339.9 46 0.9741961956 -0.0279983170 0.2239594758 -0.0479233339 0.9439905882 0.3264737129 -0.2205563486 -0.3287823200 0.9182903171
139.1 -79.2 2406.0 0.9741961956 -0.0279983170 0.2239594758 -0.0479233339 0.9439905882 0.3264737129 -0.2205563486 -0.3287823200 0.9182903171
144.5 -267.0 2471.1 0.9742175937 -0.0268371738 0.2240086496 -0.0486593992 0.9445369840 0.3247800767 -0.2203006446 -0.3273065686 0.9188786745
2.0 -72.3 2437.0 0.0426675193 -0.9062427282 -0.4205991328 0.9746388197 0.1303203851 -0.1819225848 0.2196786553 -0.4021700323 0.8888197541
-10.0 -346.7 2375.2 -0.2623088360 -0.9062427282 -0.3315391541 0.5727034807 0.1303203851 -0.8093375564 0.7766625881 -0.4021700323 0.4848241806
276.3 -86.0 2375.0 -0.0002167953 0.6639881730 0.7477430701 -0.9718196392 0.1761221886 -0.1566764563 -0.2357254624 -0.7267053723 0.6452385783
276.2 -324.0 2317.3 -0.5696514249 0.6639881730 0.4843727946 -0.5104086399 0.1761221886 -0.8417029977 -0.6441896558 -0.7267053723 0.2385770380
62.5 -450.5 2559.0 0.8291588426 0.5492150784 0.1042038649 0.1410265863 -0.0251345299 -0.9896866679 -0.5409317613 0.8353029490 -0.0982944444
-172.8 -439.7 2201.2 0.8291588426 -0.1965679526 0.5233131647 0.1410265863 0.9794123173 0.1444405168 -0.5409317613 -0.0459630564 0.8398096561
239.2 -459.2 2516.0 0.9820978045 -0.1135424152 0.1503065675 0.1271643788 -0.1890519708 -0.9736983776 0.1389718205 0.9753806591 -0.1712289751
286.2 -380.9 2111.9 0.9820978045 -0.1390916109 -0.1270333380 0.1271643788 0.9870634675 -0.0976468027 0.1389718205 0.0797445923 0.9870803356
58.3 -495.8 2173.1 0 0 0 0 0 0 0 0 0
127.9 -456.9 2149.6 0 0 0 0 0 0 0 0 0
-97.6 -814.1 2218.8 0 0 0 0 0 0 0 0 0
339.4 -758.3 2081.5 0 0 0 0 0 0 0 0 0
133.5 109.3 2341.3 47 0.9745200872 -0.0301852133 0.2222599089 -0.0451371484 0.9442411661 0.3261459768 -0.2197117507 -0.3278679848 0.9188195467
139.6 -80.7 2407.3 0.9745200872 -0.0301852133 0.2222599089 -0.0451371484 0.9442411661 0.3261459768 -0.2197117507 -0.3278679848 0.9188195467
145.2 -268.5 2472.2 0.9745653272 -0.0283262841 0.2223060727 -0.0465988219 0.9446836114 0.3246558607 -0.2192052007 -0.3267575800 0.9193359613
2.4 -74.1 2438.1 0.0436248444 -0.9054378271 -0.4222312570 0.9742903113 0.1320621222 -0.1825321317 0.2210322469 -0.4034129083 0.8879204988
-9.8 -347.0 2376.2 -0.2638837099 -0.9054378271 -0.3324872255 0.5692898631 0.1320621222 -0.8114608526 0.7786362767 -0.4034129083 0.4806075096
276.8 -87.2 2376.4 -0.0010499095 0.6591038108 0.7520512342 -0.9717763662 0.1767377853 -0.1562511027 -0.2359015644 -0.7309896350 0.6403160095
276.5 -323.0 2319.2 -0.5727616549 0.6591038108 0.4873666167 -0.5119323134 0.1767377853 -0.8406479955 -0.6402103901 -0.7309896350 0.2361879200
60.4 -450.3 2556.4 0.8279283643 0.5496374965 0.1115046889 0.1488889903 -0.0237234607 -0.9885693192 -0.5407094359 0.8350663781 -0.1014762968
-172.5 -440.2 2202.4 0.8279283643 -0.1981403381 0.5246666074 0.1488889903 0.9795958996 0.1349962801 -0.5407094359 -0.0336501673 0.8405361176
240.3 -460.5 2517.1 0.9816845655 -0.1142967045 0.1524192691 0.1290112883 -0.1898643225 -0.9732972980 0.1401836574 0.9751347303 -0.1716413200
287.6 -381.9 2113.2 0.9816845655 -0.1411281973 -0.1279773712 0.1290112883 0.9867371917 -0.0985177234 0.1401836574 0.0802028105 0.9868718386
58.9 -495.2 2173.6 0 0 0 0 0 0 0 0 0
127.4 -456.3 2152.5 0 0 0 0 0 0 0 0 0
-96.8 -814.7 2215.3 0 0 0 0 0 0 0 0 0
341.6 -759.2 2082.5 0 0 0 0 0 0 0 0 0
134.7 107.6 2340.1 48 0.9713694453 -0.0288358331 0.2358174175 -0.0520330518 0.9426842928 0.3296041787 -0.2318057865 -0.3324377239 0.9141942859
140.5 -82.0 2406.9 0.9713694453 -0.0288358331 0.2358174175 -0.0520330518 0.9426842928 0.3296041787 -0.2318057865 -0.3324377239 0.9141942859
145.7 -269.4 2473.1 0.9714416862 -0.0262666121 0.2358201295 -0.0545036383 0.9425771236 0.3295113742 -0.2309338003 -0.3329541385 0.9142270684
3.8 -74.3 2439.4 0.0522343218 -0.8995336890 -0.4337173402 0.9722790718 0.1449298859 -0.1834904104 0.2279144078 -0.4121097922 0.8821681142
-10.8 -345.7 2375.8 -0.2631827295 -0.8995336890 -0.3486746252 0.5731595755 0.1449298859 -0.8065255284 0.7760302424 -0.4121097922 0.4774332643
277.2 -89.7 2374.4 -0.0022247469 0.6648887992 0.7469390631 -0.9714255929 0.1758379042 -0.1594157219 -0.2373339236 -0.7259503603 0.6454988122
276.7 -323.0 2317.4 -0.5704409480 0.6648887992 0.4822032750 -0.5078907609 0.1758379042 -0.8432840705 -0.6454797387 -0.7259503603 0.2373857498
61.4 -452.0 2557.3 0.8282042146 0.5504102707 0.1054810584 0.1446140110 -0.0280511156 -0.9890904427 -0.5414466858 0.8344229460 -0.1028290913
-173.4 -440.0 2201.3 0.8282042146 -0.1976485103 0.5244166255 0.1446140110 0.9794263244 0.1407510936 -0.5414466858 -0.0407326669 0.8397477865
240.1 -461.8 2518.1 0.9841648936 -0.1033604220 0.1440001875 0.1235620603 -0.1824279577 -0.9754242301 0.1270899177 0.9777712822 -0.1667677611
282.9 -386.2 2113.1 0.9841648936 -0.1337538958 -0.1163156256 0.1235620603 0.9881702065 -0.0908405781 0.1270899177 0.0750299096 0.9890493751
57.7 -494.8 2173.8 0 0 0 0 0 0 0 0 0
128.2 -455.2 2149.4 0 0 0 0 0 0 0 0 0
-97.9 -814.4 2216.8 0 0 0 0 0 0 0 0 0
334.0 -764.0 2084.4 0 0 0 0 0 0 0 0 0
134.9 108.0 2339.4 49 0.9693477154 -0.0248477049 0.2444331646 -0.0595599487 0.9414333105 0.3318975270 -0.2383644134 -0.3362825215 0.9110962749
139.9 -81.9 2407.3 0.9693477154 -0.0248477049 0.2444331646 -0.0595599487 0.9414333105 0.3318975270 -0.2383644134 -0.3362825215 0.9110962749
144.9 -269.1 2474.1 0.9693419337 -0.0251023266 0.2444301099 -0.0593416840 0.9414064884 0.3320125937 -0.2384423763 -0.3363386393 0.9110552073
3.5 -73.6 2440.8 0.0585452728 -0.8929736614 -0.4462851882 0.9744358659 0.1482519060 -0.1688078195 0.2169035673 -0.4249933958 0.8788250089
-12.8 -344.8 2380.5 -0.2749053240 -0.8929736614 -0.3564057946 0.5680053830 0.1482519060 -0.8095623851 0.7757557631 -0.4249933958 0.4664585888
276.3 -90.3 2373.7 -0.0065181279 0.6551930904 0.7554333210 -0.9707011580 0.1773182303 -0.1621649861 -0.2402014732 -0.7343570590 0.6348409057
274.8 -325.0 2315.6 -0.5795515776 0.6551930904 0.4846050143 -0.5055738688 0.1773182303 -0.8443655968 -0.6391518116 -0.7343570590 0.2284834683
61.8 -451.8 2560.5 0.8286742568 0.5484195948 0.1119594276 0.1518275440 -0.0277116261 -0.9880184531 -0.5387461185 0.8357439637 -0.1062291116
-173.5 -439.9 2201.9 0.8286742568 -0.1972443908 0.5238259435 0.1518275440 0.9799764156 0.1288200319 -0.5387461185 -0.0272186343 0.8420283794
238.9 -461.7 2519.1 0.9856393933 -0.0963084921 0.1387071908 0.1200188994 -0.1782862693 -0.9766317010 0.1187875122 0.9792541265 -0.1641671360
278.7 -387.9 2113.5 0.9856393933 -0.1291420311 -0.1087995619 0.1200188994 0.9889855385 -0.0866203159 0.1187875122 0.0723183900 0.9902825952
58.8 -492.6 2178.6 0 0 0 0 0 0 0 0 0
123.9 -456.6 2149.3 0 0 0 0 0 0 0 0 0
-98.1 -814.5 2212.3 0 0 0 0 0 0 0 0 0
328.1 -766.0 2085.9 0 0 0 0 0 0 0 0 0
134.9 109.7 2339.1 50 0.9706577063 -0.0254480131 0.2391151190 -0.0575464405 0.9409072399 0.3337393105 -0.2334781587 -0.3377068639 0.9118344188
140.0 -80.1 2407.2 0.9706577063 -0.0254480131 0.2391151190 -0.0575464405 0.9409072399 0.3337393105 -0.2334781587 -0.3377068639 0.9118344188
144.6 -267.3 2473.9 0.9706959128 -0.0232673194 0.2391820550 -0.0590238646 0.9417293668 0.3311525285 -0.2329497933 -0.3355658650 0.9127595425
3.4 -71.8 2440.0 0.0558891557 -0.8916124701 -0.4493367970 0.9746890068 0.1462935507 -0.1690549701 0.2164665908 -0.4285152853 0.8772211075
-12.1 -342.7 2379.8 -0.2678198516 -0.8916124701 -0.3651022911 0.5926934481 0.1462935507 -0.7920307517 0.7595965862 -0.4285152853 0.4892725646
276.6 -88.4 2374.4 -0.0076818122 0.6683845520 0.7437762022 -0.9704102278 0.1745307148 -0.1668622047 -0.2413399220 -0.7230498791 0.6472665071
274.7 -325.4 2315.5 -0.5677171350 0.6683845520 0.4805823267 -0.5083643198 0.1745307148 -0.8432702422 -0.6475052238 -0.7230498791 0.2406987995
61.0 -450.8 2562.9 0.8320949674 0.5450825691 0.1024838462 0.1407088339 -0.0287325513 -0.9896339774 -0.5364876390 0.8378898501 -0.1006061435
-173.9 -438.4 2201.9 0.8320949674 -0.1928170621 0.5200380087 0.1407088339 0.9803380370 0.1383414119 -0.5364876390 -0.0419392586 0.8428654075
238.2 -461.7 2519.6 0.9850681424 -0.0994915739 0.1405068636 0.1211173460 -0.1795444638 -0.9762655497 0.1223574206 0.9787058830 -0.1648133695
279.9 -386.6 2110.3 0.9850681424 -0.1302640140 -0.1125701368 0.1211173460 0.9890249372 -0.0846185312 0.1223574206 0.0697208270 0.9900341630
57.5 -496.9 2182.2 0 0 0 0 0 0 0 0 0
127.0 -457.7 2147.0 0 0 0 0 0 0 0 0 0
-100.2 -813.2 2217.9 0 0 0 0 0 0 0 0 0
329.7 -764.7 2083.7 0 0 0 0 0 0 0 0 0
135.2 108.7 2338.4 51 0.9727458358 -0.0244824812 0.2305777818 -0.0566677414 0.9391559362 0.3387844861 -0.2248427719 -0.3426175416 0.9121726751
140.2 -80.6 2407.5 0.9727458358 -0.0244824812 0.2305777818 -0.0566677414 0.9391559362 0.3387844861 -0.2248427719 -0.3426175416 0.9121726751
144.9 -267.5 2475.2 0.9727436900 -0.0240968671 0.2306274921 -0.0565844662 0.9398521781 0.3368621767 -0.2248730659 -0.3407304883 0.9128717780
3.3 -72.7 2439.2 0.0601047464 -0.8785242438 -0.4739014804 0.9752380848 0.1529104114 -0.1597780585 0.2128333598 -0.4525633454 0.8659609556
-13.3 -341.2 2380.5 -0.2856085300 -0.8785242438 -0.3829137683 0.5912718177 0.1529104114 -0.7918434739 0.7542051673 -0.4525633454 0.4757740796
277.1 -88.6 2375.9 -0.0068078423 0.6688755751 0.7433431745 -0.9699093699 0.1764998138 -0.1677010059 -0.2433710396 -0.7221171856 0.6475471258
275.4 -324.6 2316.6 -0.5654181242 0.6688755751 0.4826052189 -0.5098507404 0.1764998138 -0.8419620395 -0.6483475566 -0.7221171856 0.2412305176
60.2 -449.1 2562.0 0.8275616169 0.5491933823 0.1163116097 0.1550088376 -0.0244152602 -0.9876113534 -0.5395498276 0.8353385925 -0.1053349599
-175.8 -438.6 2203.0 0.8275616169 -0.2103482336 0.5204761028 0.1550088376 0.9767227769 0.1482729763 -0.5395498276 -0.0420266278 0.8409041166
238.9 -460.4 2522.5 0.9837402701 -0.1054607332 0.1453721970 0.1260632724 -0.1710494757 -0.9771643281 0.1279183030 0.9796020389 -0.1549735367
283.2 -388.6 2111.6 0.9837402701 -0.1347918957 -0.1186852530 0.1260632724 0.9889316559 -0.0782443210 0.1279183030 0.0620102398 0.9898442626
61.0 -495.0 2184.3 0 0 0 0 0 0 0 0 0
128.2 -457.3 2147.9 0 0 0 0 0 0 0 0 0
-95.4 -811.9 2219.0 0 0 0 0 0 0 0 0 0
334.7 -766.7 2087.9 0 0 0 0 0 0 0 0 0
135.8 110.2 2338.6 52 0.9699233770 -0.0300057102 0.2415538281 -0.0556502678 0.9387531877 0.3400668800 -0.2369633764 -0.3432813585 0.9088488817
141.8 -78.9 2407.8 0.9699233770 -0.0300057102 0.2415538281 -0.0556502678 0.9387531877 0.3400668800 -0.2369633764 -0.3432813585 0.9088488817
147.9 -265.8 2475.4 0.9698927999 -0.0302955490 0.2416405529 -0.0546965487 0.9397835732 0.3373649120 -0.2373104841 -0.3404247165 0.9098322392
5.4 -71.2 2441.2 0.0776857808 -0.9212011695 -0.3812522888 0.9817532301 0.1372596025 -0.1316069365 0.1735669971 -0.3640716672 0.9150553346
-16.2 -343.5 2393.0 -0.2392436564 -0.9212011695 -0.3068401217 0.5380923748 0.1372596025 -0.8316347599 0.8082196712 -0.3640716672 0.4628528655
278.3 -86.6 2374.4 -0.0154279433 0.6839371324 0.7293778062 -0.9735577106 0.1560038775 -0.1668776274 -0.2279195637 -0.7126659751 0.6634454727
274.6 -323.9 2318.8 -0.5601695180 0.6839371324 0.4673757851 -0.5135270357 0.1560038775 -0.8437729478 -0.6500000358 -0.7126659751 0.2638316154
60.5 -449.1 2563.6 0.8302105069 0.5459676385 0.1125603914 0.1503944844 -0.0249361955 -0.9883115292 -0.5367792845 0.8374351263 -0.1028128117
-174.6 -438.4 2203.0 0.8302105069 -0.2001800388 0.5202676654 0.1503944844 0.9791237712 0.1367410719 -0.5367792845 -0.0352784842 0.8429848552
242.8 -458.1 2521.4 0.9851126671 -0.0918990225 0.1452844739 0.1283136606 -0.1693563610 -0.9771663547 0.1144054756 0.9812608957 -0.1550431997
281.5 -386.9 2109.2 0.9851126671 -0.1360979080 -0.1050255597 0.1283136606 0.9886891842 -0.0776488557 0.1144054756 0.0630166605 0.9914334416
45.8 -482.9 2183.6 0 0 0 0 0 0 0 0 0
128.8 -457.6 2149.7 0 0 0 0 0 0 0 0 0
-98.1 -812.7 2216.5 0 0 0 0 0 0 0 0 0
333.5 -764.9 2085.1 0 0 0 0 0 0 0 0 0
135.6 108.8 2339.7 53 0.9714812040 -0.0313728936 0.2350318581 -0.0516302064 0.9394378662 0.3388079405 -0.2314272076 -0.3412803113 0.9110264778
141.9 -80.2 2408.3 0.9714812040 -0.0313728936 0.2350318581 -0.0516302064 0.9394378662 0.3388079405 -0.2314272076 -0.3412803113 0.9110264778
147.9 -267.1 2475.7 0.9714951515 -0.0302526914 0.2351212204 -0.0520543568 0.9403931499 0.3360818624 -0.2312737703 -0.3387409747 0.9120125771
5.2 -72.8 2440.9 0.0902061239 -0.8988430500 -0.4288869500 0.9797431231 0.1574006826 -0.1238081232 0.1787911654 -0.4090307951 0.8948338032
-19.2 -338.0 2392.5 -0.2600183785 -0.8988430500 -0.3528053164 0.5597697496 0.1574006826 -0.8135618567 0.7867962122 -0.4090307951 0.4622180760
278.7 -87.5 2375.8 -0.0131039750 0.6844189763 0.7289711833 -0.9736052752 0.1573999822 -0.1652817577 -0.2278620154 -0.7118960023 0.6642913222
275.5 -323.4 2320.6 -0.5636949539 0.6844189763 0.4624053538 -0.5050298572 0.1573999822 -0.8486283422 -0.6535999179 -0.7118960023 0.2569264174
64.9 -447.6 2564.9 0.8345445395 0.5429229140 0.0936488658 0.1356266886 -0.0377036296 -0.9900423288 -0.5339857936 0.8389357328 -0.1051001921
-166.6 -431.5 2207.2 0.8345445395 -0.1689170301 0.5244067907 0.1356266886 0.9855353832 0.1016142592 -0.5339857936 -0.0136780730 0.8453828096
243.1 -459.1 2521.8 0.9841083884 -0.0974167660 0.1484609842 0.1304490417 -0.1706135571 -0.9766647816 0.1204729751 0.9805105925 -0.1551942974
284.0 -387.3 2109.6 0.9841083884 -0.1388052553 -0.1107420027 0.1304490417 0.9882650971 -0.0794676021 0.1204729751 0.0637585446 0.9906669855
48.2 -483.3 2188.4 0 0 0 0 0 0 0 0 0
128.8 -454.9 2150.4 0 0 0 0 0 0 0 0 0
-102.1 -808.0 2212.4 0 0 0 0 0 0 0 0 0
337.1 -765.2 2085.2 0 0 0 0 0 0 0 0 0
135.2 107.9 2338.7 54 0.9720694423 -0.0307427272 0.2326711565 -0.0515472665 0.9392088652 0.3394548893 -0.2289625704 -0.3419673145 0.9113914967
141.4 -81.2 2407.6 0.9720694423 -0.0307427272 0.2326711565 -0.0515472665 0.9392088652 0.3394548893 -0.2289625704 -0.3419673145 0.9113914967
147.2 -268.1 2475.2 0.9720999599 -0.0291686784 0.2327463925 -0.0525038019 0.9400054812 0.3370950818 -0.2286154926 -0.3399101794 0.9122477770
4.6 -73.8 2439.8 0.0958906338 -0.8820260167 -0.4613405466 0.9785950184 0.1683208942 -0.1184056103 0.1820900887 -0.4401115477 0.8792866468
-21.0 -335.0 2391.2 -0.2768613398 -0.8820260167 -0.3812845349 0.5706611872 0.1683208942 -0.8037499189 0.7731065154 -0.4401115477 0.4567364454
278.2 -88.6 2375.4 -0.0139310695 0.6702634692 0.7419924736 -0.9719828963 0.1650560051 -0.1673491001 -0.2346382886 -0.7235353589 0.6491852403
274.9 -323.2 2318.8 -0.5695484877 0.6702634692 0.4757745862 -0.5106338263 0.1650560051 -0.8438066244 -0.6441021562 -0.7235353589 0.2482518107
64.8 -449.3 2564.2 0.8423713446 0.5348998308 0.0655188635 0.1157666296 -0.0608758591 -0.9914091825 -0.5263161063 0.8427196145 -0.1132036224
-161.0 -423.6 2208.4 0.8423713446 -0.1375178248 0.5210560560 0.1157666296 0.9904967546 0.0742578059 -0.5263161063 -0.0022317495 0.8502860665
242.2 -459.9 2521.8 0.9838242531 -0.0999135375 0.1486847699 0.1304823309 -0.1689932197 -0.9769420028 0.1227364540 0.9805399179 -0.1532226801
284.2 -388.8 2109.3 0.9838242531 -0.1388287246 -0.1132098213 0.1304823309 0.9883692861 -0.0781058967 0.1227364540 0.0620705932 0.9904963374
50.9 -483.2 2190.4 0 0 0 0 0 0 0 0 0
126.6 -456.1 2151.1 0 0 0 0 0 0 0 0 0
-108.5 -801.9 2209.2 0 0 0 0 0 0 0 0 0
337.3 -766.7 2085.6 0 0 0 0 0 0 0 0 0
135.4 109.4 2338.8 55 0.9723849893 -0.0296113864 0.2314964235 -0.0514246933 0.9403536320 0.3362893164 -0.2276465148 -0.3389073014 0.9128630161
141.4 -79.8 2406.9 0.9723849893 -0.0296113864 0.2314964235 -0.0514246933 0.9403536320 0.3362893164 -0.2276465148 -0.3389073014 0.9128630161
147.0 -266.8 2474.0 0.9724159241 -0.0280716941 0.2315582484 -0.0524340831 0.9410166144 0.3342729807 -0.2272837609 -0.3371939361 0.9135876298
4.5 -72.4 2438.9 0.1021537632 -0.8723923564 -0.4780127108 0.9784772992 0.1747289151 -0.1097816676 0.1792953312 -0.4565099776 0.8714653254
-22.7 -333.3 2391.1 -0.2867942154 -0.8723923564 -0.3958290219 0.5733157992 0.1747289151 -0.8004866242 0.7675011754 -0.4565099776 0.4500450790
278.2 -87.1 2374.9 -0.0156780556 0.6630218625 0.7484357953 -0.9710924625 0.1682154685 -0.1693603843 -0.2381881326 -0.7294556499 0.6412183046
