125.5 110.9 2354.8  0.9643295407 -0.0276679341 0.2632547617 -0.0543620139 0.9526236653 0.2992539108 -0.2590624690 -0.3028904498 0.9171390533
131.1 -80.9 2415.8 0.9643295407 -0.0276679341 0.2632547617 -0.0543620139 0.9526236653 0.2992539108 -0.2590624690 -0.3028904498 0.9171390533
136.1 -270.3 2475.9 0.9643841982 -0.0253552385 0.2632873058 -0.0563276410 0.9528760314 0.2980845869 -0.2584381700 -0.3022984266 0.9175104499
-4.7 -73.0 2452.2 -0.3075945675 -0.8391532302 0.4485614896 0.9232487082 -0.3772670031 -0.0726735070 0.2302116603 0.3917798400 0.8907924294
94.7 -371.2 2377.8 0.2746897638 -0.8391532302 0.4694330096 0.3277370930 -0.3772670031 -0.8661743402 0.9039546251 0.3917798400 0.1713902652
266.8 -88.8 2379.4 0.0631617457 0.6810540557 0.7295039296 -0.9738105536 0.2020280659 -0.1042961478 -0.2184115797 -0.7038111091 0.6759780645
281.4 -314.5 2328.8 -0.5545356870 0.6810540557 0.4781793952 -0.4853880405 0.2020280659 -0.8506368995 -0.6759353280 -0.7038111091 0.2185437232
53.4 -452.0 2560.0 0.8731653094 0.4861465096 0.0352692567 0.0689731240 -0.0516033247 -0.9962829947 -0.4825195074 0.8723523617 -0.0785892755
-141.1 -431.4 2211.0 0.8731653094 -0.0666505098 0.4828458130 0.0689731240 0.9975342155 0.0129673481 -0.4825195074 0.0219807439 0.8756093979
231.8 -462.9 2514.1 0.9800142646 -0.0973080173 0.1735028476 0.1537077874 -0.1832461059 -0.9709761739 0.1262774915 0.9782392383 -0.1646268070
273.0 -385.2 2099.8 0.9800142646 -0.1589825600 -0.1195685416 0.1537077874 0.9867379665 -0.0521734692 0.1262774915 0.0327521265 0.9914541245
22.0 -458.0 2138.6 0 0 0 0 0 0 0 0 0
137.3 -440.7 2153.1 0 0 0 0 0 0 0 0 0
-115.6 -812.7 2202.6 0 0 0 0 0 0 0 0 0
333.8 -762.5 2087.3 0 0 0 0 0 0 0 0 0
124.7 111.2 2353.8  0.9648094177 -0.0308414549 0.2611352205 -0.0514926426 0.9517096281 0.3026504815 -0.2578590810 -0.3054465652 0.9166302681
130.9 -80.3 2415.3 0.9648094177 -0.0308414549 0.2611352205 -0.0514926426 0.9517096281 0.3026504815 -0.2578590810 -0.3054465652 0.9166302681
136.4 -269.5 2476.0 0.9648942351 -0.0279336385 0.2611489594 -0.0542403720 0.9516984224 0.3022053838 -0.2569767535 -0.3057610691 0.9167732000
-4.9 -72.7 2451.4 -0.3042252660 -0.8597259521 0.4102661014 0.9274656177 -0.3656004369 -0.0783825740 0.2173810005 0.3566617668 0.9085911512
93.7 -373.4 2380.9 0.2459795028 -0.8597259521 0.4476219118 0.3156126738 -0.3656004369 -0.8756283522 0.9164511561 0.3566617668 0.1814101934
266.7 -87.9 2379.1 0.0621267110 0.6857047081 0.7252236009 -0.9745631814 0.1984451115 -0.1041449085 -0.2153297365 -0.7003060579 0.6805912852
281.2 -315.4 2328.8 -0.5541585684 0.6857047081 0.4719293714 -0.4814716280 0.1984451115 -0.8537005186 -0.6790385842 -0.7003060579 0.2201773077
53.8 -452.4 2560.6 0.8770972490 0.4792868197 0.0313770398 0.0626938120 -0.0494729988 -0.9968058467 -0.4762035906 0.8762628436 -0.0734409541
-136.9 -432.7 2211.9 0.8770972490 -0.0659270510 0.4757667482 0.0626938120 0.9977750182 0.0226829406 -0.4762035906 0.0099324873 0.8792789578
229.6 -465.2 2512.3 0.9791492224 -0.1025980115 0.1753295660 0.1539114714 -0.1886222512 -0.9699138403 0.1325822920 0.9766756296 -0.1688983291
272.5 -386.4 2104.3 0.9791492224 -0.1604582667 -0.1245790944 0.1539114714 0.9862263799 -0.0605708808 0.1325822920 0.0401337780 0.9903591275
29.8 -455.4 2142.7 0 0 0 0 0 0 0 0 0
137.1 -440.5 2152.3 0 0 0 0 0 0 0 0 0
-111.7 -814.1 2208.1 0 0 0 0 0 0 0 0 0
333.8 -763.4 2089.0 0 0 0 0 0 0 0 0 0
125.3 110.7 2346.8  0.9671327472 -0.0387140960 0.2513076365 -0.0454543643 0.9460984468 0.3206737041 -0.2501763403 -0.3215570748 0.9132430553
133.1 -79.9 2411.5 0.9671327472 -0.0387140960 0.2513076365 -0.0454543643 0.9460984468 0.3206737041 -0.2501763403 -0.3215570748 0.9132430553
140.0 -268.1 2475.2 0.9672709107 -0.0344391838 0.2513978481 -0.0490307100 0.9467080235 0.3183393776 -0.2489636987 -0.3202466369 0.9140345454
-3.0 -73.0 2446.6 -0.3051468134 -0.8612917066 0.4062782824 0.9322723746 -0.3572240174 -0.0570892654 0.1943028718 0.3613414168 0.9119642377
94.3 -370.1 2384.7 0.2525920272 -0.8612917066 0.4408785701 0.3160304129 -0.3572240174 -0.8789287806 0.9145064354 0.3613414168 0.1819624305
269.3 -86.8 2376.5 0.0504407324 0.6953872442 0.7168628573 -0.9767988324 0.1839335561 -0.1096926704 -0.2081340104 -0.6946977973 0.6885312200
281.0 -314.7 2327.9 -0.5514252782 0.6953872442 0.4608326554 -0.4833301008 0.1839335561 -0.8558974266 -0.6799427867 -0.6946977973 0.2346759737
58.2 -451.1 2561.8 0.8818040490 0.4701186419 0.0375507772 0.0601554886 -0.0331474952 -0.9976384640 -0.4677637517 0.8819805384 -0.0575098135
-128.3 -438.0 2211.9 0.8818040490 -0.0732123777 0.4658986330 0.0601554886 0.9972685575 0.0428570546 -0.4677637517 -0.0097651649 0.8837996125
235.1 -461.5 2515.6 0.9773323536 -0.1056072190 0.1834899485 0.1636991650 -0.1726460159 -0.9712857008 0.1342535913 0.9793061018 -0.1514447331
279.0 -389.7 2108.2 0.9773323536 -0.1690830737 -0.1274062693 0.1636991650 0.9851555824 -0.0516822487 0.1342535913 0.0296544340 0.9905031919
28.8 -452.1 2147.5 0 0 0 0 0 0 0 0 0
137.7 -440.4 2151.2 0 0 0 0 0 0 0 0 0
-100.3 -819.1 2215.6 0 0 0 0 0 0 0 0 0
343.7 -766.3 2096.9 0 0 0 0 0 0 0 0 0
125.4 111.3 2349.8  0.9651416540 -0.0412438177 0.2584580779 -0.0438651405 0.9480479956 0.3150885999 -0.2580261230 -0.3154424429 0.9131914377
133.7 -79.8 2413.4 0.9651416540 -0.0412438177 0.2584580779 -0.0438651405 0.9480479956 0.3150885999 -0.2580261230 -0.3154424429 0.9131914377
141.4 -268.2 2476.2 0.9652557969 -0.0384960733 0.2584555447 -0.0465799421 0.9478985071 0.3151487112 -0.2571216226 -0.3162379861 0.9131714106
-2.1 -73.3 2449.5 -0.3085034788 -0.8345187306 0.4565130174 0.9246016145 -0.3758249283 -0.0621890537 0.2234669030 0.4029071331 0.8875406384
96.6 -369.1 2378.1 0.2803935707 -0.8345187306 0.4742973447 0.3398037851 -0.3758249283 -0.8621420860 0.8977264762 0.4029071331 0.1781937331
269.6 -86.4 2377.2 0.0470573083 0.6793829799 0.7322733998 -0.9746928811 0.1916155964 -0.1151399910 -0.2185391635 -0.7083235383 0.6712067127
280.6 -314.8 2325.9 -0.5577959418 0.6793829799 0.4767624140 -0.4923270345 0.1916155964 -0.8490568399 -0.6681898832 -0.7083235383 0.2275962085
60.5 -452.1 2562.7 0.8787081242 0.4759338796 0.0368635915 0.0615959391 -0.0364668854 -0.9974347353 -0.4733687043 0.8787246943 -0.0613593422
-128.1 -437.6 2214.5 0.8787081242 -0.0738574043 0.4716111422 0.0615959391 0.9972417951 0.0414087735 -0.4733687043 -0.0073368959 0.8808338046
237.3 -461.3 2515.3 0.9784988761 -0.0958735719 0.1826149672 0.1639794558 -0.1754201502 -0.9707412124 0.1251027733 0.9798142910 -0.1559271216
277.1 -388.5 2108.6 0.9784988761 -0.1698475033 -0.1170119345 0.1639794558 0.9847487807 -0.0581428148 0.1251027733 0.0377051234 0.9914270639
23.8 -457.2 2145.1 0 0 0 0 0 0 0 0 0
135.6 -442.8 2152.3 0 0 0 0 0 0 0 0 0
-99.8 -818.8 2217.3 0 0 0 0 0 0 0 0 0
342.1 -765.0 2094.2 0 0 0 0 0 0 0 0 0
124.8 112.5 2351.3  0.9634589553 -0.0441202708 0.2641974688 -0.0421925895 0.9490293860 0.3123506904 -0.2645121515 -0.3120842278 0.9124892950
133.7 -78.4 2414.1 0.9634589553 -0.0441202708 0.2641974688 -0.0421925895 0.9490293860 0.3123506904 -0.2645121515 -0.3120842278 0.9124892950
141.8 -266.9 2476.6 0.9636355639 -0.0405954011 0.2641184628 -0.0461480245 0.9482610226 0.3141200840 -0.2632050514 -0.3148858249 0.9119046330
-1.9 -71.9 2451.1 -0.3072702587 -0.8443899751 0.4388513565 0.9273959398 -0.3690994382 -0.0608467758 0.2133581936 0.3882925808 0.8964971304
96.2 -368.0 2383.0 0.2718733847 -0.8443899751 0.4616171420 0.3292946815 -0.3690994382 -0.8690975904 0.9042399526 0.3882925808 0.1777048111
269.3 -84.9 2377.0 0.0502159037 0.6877626777 0.7241967320 -0.9758143425 0.1882525980 -0.1111185774 -0.2127551287 -0.7011016011 0.6805819273
281.1 -314.3 2327.0 -0.5538070798 0.6877626777 0.4693402648 -0.4883503318 0.1882525980 -0.8521003127 -0.6743972898 -0.7011016011 0.2316135019
61.5 -451.1 2563.4 0.8761687279 0.4806764424 0.0357562825 0.0614033565 -0.0377309881 -0.9973996282 -0.4780773818 0.8760859370 -0.0625738576
-128.9 -436.1 2216.5 0.8761687279 -0.0735783204 0.4763555229 0.0614033565 0.9972665310 0.0410984904 -0.4780773818 -0.0067593833 0.8782917261
238.1 -459.9 2515.0 0.9793986082 -0.0890135542 0.1812592596 0.1636548638 -0.1759755015 -0.9706954956 0.1183022410 0.9803617597 -0.1577826589
275.1 -386.9 2108.5 0.9793986082 -0.1695235670 -0.1097273454 0.1636548638 0.9846600890 -0.0605113581 0.1183022410 0.0413073264 0.9921180606
25.5 -453.7 2147.8 0 0 0 0 0 0 0 0 0
137.2 -441.3 2151.7 0 0 0 0 0 0 0 0 0
-100.8 -817.4 2219.1 0 0 0 0 0 0 0 0 0
339.9 -763.3 2092.7 0 0 0 0 0 0 0 0 0
124.8 110.3 2352.0  0.9617856741 -0.0376738869 0.2711991966 -0.0511821583 0.9482917786 0.3132461309 -0.2689771652 -0.3151562214 0.9101251960
132.3 -79.8 2415.2 0.9617856741 -0.0376738869 0.2711991966 -0.0511821583 0.9482917786 0.3132461309 -0.2689771652 -0.3151562214 0.9101251960
139.5 -268.1 2478.4 0.9618749022 -0.0359107256 0.2711219490 -0.0534809716 0.9475049376 0.3152367473 -0.2682097554 -0.3177181780 0.9094606638
-3.0 -72.2 2452.9 -0.3108836412 -0.8450244665 0.4350689650 0.9276289940 -0.3694670200 -0.0547591075 0.2070164233 0.3865588605 0.8987304568
95.4 -365.9 2387.4 0.2693738937 -0.8450244665 0.4619213641 0.3303526342 -0.3694670200 -0.8685397506 0.9046020508 0.3865588605 0.1796312928
267.7 -87.3 2377.4 0.0620172545 0.6719537377 0.7379919291 -0.9733283520 0.2043511719 -0.1042713001 -0.2208749950 -0.7118418217 0.6667048931
282.2 -314.9 2325.8 -0.5605478287 0.6719537377 0.4840086102 -0.4878337979 0.2043511719 -0.8486806154 -0.6691818237 -0.7118418217 0.2132531255
58.4 -451.5 2566.1 0.8742016554 0.4847389162 0.0282780584 0.0535396039 -0.0383458808 -0.9978291988 -0.4826022983 0.8738179207 -0.0594747625
-133.5 -436.3 2220.2 0.8742016554 -0.0666922554 0.4809611142 0.0535396039 0.9977222681 0.0410343632 -0.4826022983 -0.0101218401 0.8757811189
234.8 -461.5 2516.9 0.9811721444 -0.0845460668 0.1736466140 0.1572876871 -0.1719653159 -0.9724651575 0.1120793000 0.9814682603 -0.1554295272
269.8 -390.2 2110.1 0.9811721444 -0.1625818759 -0.1042512357 0.1572876871 0.9858953357 -0.0571926944 0.1120793000 0.0397184454 0.9929051399
25.8 -451.2 2153.7 0 0 0 0 0 0 0 0 0
136.5 -441.7 2151.8 0 0 0 0 0 0 0 0 0
-108.0 -817.8 2224.1 0 0 0 0 0 0 0 0 0
332.0 -767.1 2094.9 0 0 0 0 0 0 0 0 0
124.2 110.4 2351.9  0.9615516067 -0.0374312885 0.2720614970 -0.0529790074 0.9467752576 0.3175056577 -0.2694657147 -0.3197116256 0.9083901644
131.7 -79.3 2416.0 0.9615516067 -0.0374312885 0.2720614970 -0.0529790074 0.9467752576 0.3175056577 -0.2694657147 -0.3197116256 0.9083901644
138.8 -267.7 2479.1 0.9615880847 -0.0357165001 0.2721629441 -0.0539246611 0.9475989342 0.3148784041 -0.2691476643 -0.3174596131 0.9092738628
-3.6 -71.7 2453.9 -0.3091795146 -0.8517326117 0.4230360985 0.9277191758 -0.3679572046 -0.0628064275 0.2091534585 0.3730402291 0.9039335251
94.8 -367.1 2387.3 0.2618510723 -0.8517326117 0.4538562894 0.3177626729 -0.3679572046 -0.8738617897 0.9112962484 0.3730402291 0.1742988527
267.1 -86.9 2378.1 0.0623482279 0.6725431681 0.7374268770 -0.9718573093 0.2090856582 -0.1085199863 -0.2271697670 -0.7099076509 0.6666520834
281.8 -316.1 2324.5 -0.5602666140 0.6725431681 0.4835152924 -0.4828809798 0.2090856582 -0.8503582478 -0.6729987264 -0.7099076509 0.2076145858
57.7 -451.1 2566.9 0.8738737106 0.4853754640 0.0274847914 0.0529766232 -0.0388760678 -0.9978387356 -0.4832579195 0.8734411001 -0.0596863255
-134.4 -435.7 2221.2 0.8738737106 -0.0660580024 0.4816441536 0.0529766232 0.9977649450 0.0407260843 -0.4832579195 -0.0100735743 0.8754200935
234.1 -461.1 2517.5 0.9813985825 -0.0835175291 0.1728631556 0.1566696018 -0.1719933450 -0.9725599885 0.1109571159 0.9815514088 -0.1557093710
268.7 -389.8 2110.8 0.9813985825 -0.1619736850 -0.1030600369 0.1566696018 0.9859650135 -0.0576854423 0.1109571159 0.0404660329 0.9930010438
26.9 -449.5 2151.0 0 0 0 0 0 0 0 0 0
136.1 -441.7 2149.6 0 0 0 0 0 0 0 0 0
-109.2 -817.2 2225.0 0 0 0 0 0 0 0 0 0
330.7 -766.8 2095.3 0 0 0 0 0 0 0 0 0
124.5 112.3 2352.8  0.9612669349 -0.0345512964 0.2734449506 -0.0540518537 0.9492144585 0.3099521697 -0.2702671289 -0.3127269745 0.9105808735
131.4 -78.4 2415.7 0.9612669349 -0.0345512964 0.2734449506 -0.0540518537 0.9492144585 0.3099521697 -0.2702671289 -0.3127269745 0.9105808735
137.9 -267.2 2477.7 0.9613286257 -0.0324783288 0.2734821439 -0.0557992123 0.9494568706 0.3088982403 -0.2696920037 -0.3122127950 0.9109277725
-3.9 -70.5 2453.6 -0.3080820739 -0.8189396262 0.4841727912 0.9219676256 -0.3825325966 -0.0603697859 0.2346510887 0.4277927876 0.8728872538
94.9 -366.0 2378.4 0.2880246341 -0.8189396262 0.4963664711 0.3707809448 -0.3825325966 -0.8462802768 0.8829288483 0.4277927876 0.1934684068
266.7 -86.3 2377.7 0.0621458814 0.6701970696 0.7395767570 -0.9736390710 0.2036498040 -0.1027315259 -0.2194650173 -0.7136964202 0.6651860476
281.4 -315.0 2326.1 -0.5609681606 0.6701970696 0.4859532416 -0.4906345010 0.2036498040 -0.8472334743 -0.6667776704 -0.7136964202 0.2145807743
56.2 -450.8 2564.5 0.8739913702 0.4853545427 0.0238757227 0.0524805933 -0.0454295762 -0.9975880384 -0.4830992222 0.8731364012 -0.0651767477
-135.9 -432.8 2219.0 0.8739913702 -0.0625112578 0.4819039404 0.0524805933 0.9980333447 0.0342822112 -0.4830992222 -0.0046717511 0.8755531311
232.6 -461.1 2515.0 0.9819838405 -0.0838035569 0.1693655699 0.1525874436 -0.1770376861 -0.9723038077 0.1114666089 0.9806296825 -0.1610607654
267.3 -387.7 2108.8 0.9819838405 -0.1584919393 -0.1028981879 0.1525874436 0.9862819314 -0.0629684031 0.1114666089 0.0461329855 0.9926968217
20.2 -462.2 2149.5 0 0 0 0 0 0 0 0 0
135.5 -442.6 2152.8 0 0 0 0 0 0 0 0 0
-112.0 -814.3 2220.7 0 0 0 0 0 0 0 0 0
327.9 -764.8 2091.2 0 0 0 0 0 0 0 0 0
124.1 110.3 2352.8  0.9639537930 -0.0342321023 0.2638584673 -0.0503778271 0.9502686262 0.3073298633 -0.2612569928 -0.3095443845 0.9142904878
131.0 -80.6 2415.0 0.9639537930 -0.0342321023 0.2638584673 -0.0503778271 0.9502686262 0.3073298633 -0.2612569928 -0.3095443845 0.9142904878
137.2 -269.6 2476.3 0.9640350342 -0.0313262567 0.2639226019 -0.0527340025 0.9507402182 0.3054704666 -0.2604910731 -0.3084019125 0.9148948789
-4.7 -73.2 2451.7 -0.3179573119 -0.7975018024 0.5127319694 0.9164299965 -0.3971342146 -0.0494013354 0.2430210561 0.4541754127 0.8571262956
96.7 -365.4 2374.2 0.2973369062 -0.7975018024 0.5249587297 0.3963072300 -0.3971342146 -0.8277831674 0.8686376214 0.4541754127 0.1979730576
266.7 -88.0 2378.3 0.0645563826 0.6828436255 0.7277067304 -0.9746383429 0.1997235715 -0.1009484082 -0.2142721713 -0.7027340531 0.6784189939
281.7 -314.2 2328.6 -0.5543680787 0.6828436255 0.4758157730 -0.4848328829 0.1997235715 -0.8514972329 -0.6764710546 -0.7027340531 0.2203446478
55.0 -453.8 2561.5 0.8785988688 0.4768266082 0.0264651533 0.0562575608 -0.0483100936 -0.9972468019 -0.4742352962 0.8776687980 -0.0692702979
-133.7 -434.7 2214.2 0.8785988688 -0.0644563735 0.4731906652 0.0562575608 0.9979199767 0.0314766839 -0.4742352962 -0.0010348290 0.8803975582
231.9 -463.5 2513.7 0.9805439115 -0.0929945558 0.1728747785 0.1540307999 -0.1814415604 -0.9712638259 0.1216889173 0.9789949059 -0.1635873914
270.4 -388.3 2108.2 0.9805439115 -0.1609208137 -0.1124196202 0.1540307999 0.9857540131 -0.0675538927 0.1216889173 0.0489234775 0.9913618565
19.5 -468.3 2148.6 0 0 0 0 0 0 0 0 0
137.6 -440.3 2152.8 0 0 0 0 0 0 0 0 0
-109.0 -816.2 2214.6 0 0 0 0 0 0 0 0 0
332.0 -765.2 2089.5 0 0 0 0 0 0 0 0 0
123.5 112.4 2353.3  0.9650973678 -0.0328675620 0.2598206997 -0.0493269786 0.9515242577 0.3035925329 -0.2572040558 -0.3058125079 0.9166923165
130.1 -79.0 2414.8 0.9650973678 -0.0328675620 0.2598206997 -0.0493269786 0.9515242577 0.3035925329 -0.2572040558 -0.3058125079 0.9166923165
136.2 -268.2 2475.6 0.9651719332 -0.0304461308 0.2598388493 -0.0515673906 0.9515794516 0.3030467033 -0.2564839125 -0.3058913946 0.9168677330
-5.7 -71.7 2450.9 -0.2922985852 -0.8586515784 0.4210451543 0.9326177239 -0.3533661664 -0.0731882825 0.2116263360 0.3712813258 0.9040821195
89.1 -374.4 2382.2 0.2550819814 -0.8586515784 0.4445791841 0.3336945474 -0.3533661664 -0.8739452362 0.9075136781 0.3712813258 0.1963900179
265.9 -86.2 2378.7 0.0650100335 0.6887472272 0.7220810056 -0.9752191305 0.1972008348 -0.1002969220 -0.2114741951 -0.6976668835 0.6844995022
281.2 -315.1 2329.1 -0.5521267653 0.6887472272 0.4698758125 -0.4809988439 0.1972008348 -0.8542551994 -0.6810258031 -0.6976668835 0.2224067599
53.6 -452.6 2560.0 0.8806186318 0.4730439186 0.0272078738 0.0579502061 -0.0505337901 -0.9970396757 -0.4702686369 0.8795884252 -0.0719139874
-133.6 -432.6 2211.8 0.8806186318 -0.0649022758 0.4693596959 0.0579502061 0.9978905916 0.0292597357 -0.4702686369 0.0014328227 0.8825221658
230.8 -462.1 2512.9 0.9799440503 -0.0970999971 0.1740151346 0.1541294903 -0.1841801405 -0.9707325697 0.1263082623 0.9780845046 -0.1655202657
271.0 -385.8 2107.7 0.9799440503 -0.1615853906 -0.1166183501 0.1541294903 0.9855390787 -0.0704043731 0.1263082623 0.0510180183 0.9906782508
23.8 -459.9 2149.9 0 0 0 0 0 0 0 0 0
137.7 -440.1 2152.0 0 0 0 0 0 0 0 0 0
-108.8 -814.1 2211.3 0 0 0 0 0 0 0 0 0
332.8 -762.6 2088.2 0 0 0 0 0 0 0 0 0
123.9 110.0 2353.5  0.9659388065 -0.0356524251 0.2563027442 -0.0447259694 0.9525546432 0.3010635972 -0.2548760176 -0.3022724092 0.9185149074
131.0 -81.2 2414.2 0.9659388065 -0.0356524251 0.2563027442 -0.0447259694 0.9525546432 0.3010635972 -0.2548760176 -0.3022724092 0.9185149074
137.4 -270.6 2474.2 0.9660572410 -0.0319560729 0.2563439906 -0.0480629504 0.9527586102 0.2999016345 -0.2538176179 -0.3020428121 0.9188834429
-4.9 -74.4 2449.9 -0.2775728405 -0.8873487115 0.3681923151 0.9406167865 -0.3289807439 -0.0837360844 0.1954312921 0.3230850101 0.9259712100
84.9 -378.8 2386.7 0.2289959490 -0.8873487115 0.4002163410 0.2937518656 -0.3289807439 -0.8974862099 0.9280467033 0.3230850101 0.1853250861
267.0 -87.9 2378.5 0.0621407591 0.6849845052 0.7259027362 -0.9741161466 0.2000030130 -0.1053400785 -0.2173390538 -0.7005676627 0.6796827912
281.4 -313.7 2328.1 -0.5516461134 0.6849845052 0.4759020805 -0.4857356250 0.2000030130 -0.8509169817 -0.6780467629 -0.7005676627 0.2223904878
55.1 -455.6 2557.6 0.8818664551 0.4705477059 0.0299412049 0.0621101409 -0.0529841892 -0.9966619611 -0.4673905671 0.8807823658 -0.0759507567
-131.1 -434.6 2209.0 0.8818664551 -0.0674337447 0.4666522145 0.0621101409 0.9977093935 0.0268003251 -0.4673905671 0.0053495276 0.8840347528
232.4 -464.4 2511.0 0.9791727662 -0.0995204523 0.1769643426 0.1560789049 -0.1884645671 -0.9695981145 0.1298463494 0.9770244360 -0.1690063328
273.6 -386.3 2106.3 0.9791727662 -0.1642376930 -0.1193594486 0.1560789049 0.9849066734 -0.0748209953 0.1298463494 0.0546331927 0.9900278449
26.5 -453.7 2150.1 0 0 0 0 0 0 0 0 0
138.0 -440.0 2151.8 0 0 0 0 0 0 0 0 0
-105.4 -816.1 2206.9 0 0 0 0 0 0 0 0 0
336.4 -762.9 2085.4 0 0 0 0 0 0 0 0 0
122.8 110.0 2353.2  0.9637295604 -0.0371690281 0.2642797530 -0.0470499583 0.9510815144 0.3053363264 -0.2627006471 -0.3066959977 0.9148365855
130.3 -81.0 2414.7 0.9637295604 -0.0371690281 0.2642797530 -0.0470499583 0.9510815144 0.3053363264 -0.2627006471 -0.3066959977 0.9148365855
136.6 -270.1 2475.6 0.9638994932 -0.0318783745 0.2643511295 -0.0517325401 0.9514675140 0.3033700287 -0.2611924410 -0.3060937524 0.9154698849
-5.4 -73.7 2451.5 -0.2788175046 -0.8570807576 0.4332128763 0.9272876382 -0.3576084673 -0.1106968597 0.2497967482 0.3708487451 0.8944678903
88.1 -384.6 2367.7 0.2777966559 -0.8570807576 0.4338681996 0.2854234576 -0.3576084673 -0.8891848326 0.9172581434 0.3708487451 0.1452885121
266.0 -88.2 2378.0 0.0642120689 0.6767572761 0.7334005833 -0.9739565849 0.2026392370 -0.1017149761 -0.2174520940 -0.7077689767 0.6721441150
280.9 -315.4 2327.3 -0.5585316420 0.6767572761 0.4796268940 -0.4849991500 0.2026392370 -0.8507133126 -0.6729176641 -0.7077689767 0.2150462866
55.8 -457.1 2556.4 0.8787865043 0.4771905839 0.0048432075 0.0518981256 -0.0854762048 -0.9949876666 -0.4743847549 0.8746330738 -0.0998806283
-135.2 -422.8 2206.3 0.8787865043 -0.0641467422 0.4728842378 0.0518981256 0.9978937507 0.0389191657 -0.4743847549 -0.0096598295 0.8802646399
231.4 -464.0 2512.5 0.9805653095 -0.0922917128 0.1731298268 0.1541075557 -0.1838009059 -0.9708079696 0.1214189455 0.9786211848 -0.1660059392
269.6 -387.9 2107.1 0.9805653095 -0.1612665504 -0.1117353886 0.1541075557 0.9855680466 -0.0700462535 0.1214189455 0.0514656566 0.9912662506
16.7 -458.0 2131.9 0 0 0 0 0 0 0 0 0
135.7 -441.5 2152.3 0 0 0 0 0 0 0 0 0
-110.7 -804.3 2210.0 0 0 0 0 0 0 0 0 0
331.3 -764.7 2087.5 0 0 0 0 0 0 0 0 0
121.5 111.1 2353.0  0.9623020291 -0.0385941006 0.2692309916 -0.0483832508 0.9498019218 0.3090879321 -0.2676450908 -0.3104622066 0.9121289849
129.3 -79.8 2415.4 0.9623020291 -0.0385941006 0.2692309916 -0.0483832508 0.9498019218 0.3090879321 -0.2676450908 -0.3104622066 0.9121289849
136.1 -268.8 2476.5 0.9624298215 -0.0340857506 0.2693825662 -0.0517261811 0.9509066939 0.3051244020 -0.2665580511 -0.3075949550 0.9134178162
-6.1 -72.5 2452.9 -0.2972008884 -0.8515219092 0.4319515228 0.9229881763 -0.3720436692 -0.0983684808 0.2444677353 0.3694509566 0.8965163231
93.6 -382.2 2370.9 0.2754270434 -0.8515219092 0.4461506903 0.2821812928 -0.3720436692 -0.8842834830 0.9189742208 0.3694509566 0.1378126740
264.8 -87.0 2377.9 0.0700132996 0.6848378181 0.7253242731 -0.9745618701 0.2021420747 -0.0967874005 -0.2129022181 -0.7000969648 0.6815694571
281.1 -314.9 2328.1 -0.5525215864 0.6848378181 0.4750968516 -0.4823487103 0.2021420747 -0.8523369431 -0.6797496676 -0.7000969648 0.2186427861
55.2 -454.4 2560.1 0.8796213269 0.4756712615 -0.0017901843 0.0488485657 -0.0940740854 -0.9943660498 -0.4731597602 0.8745781183 -0.1059854254
-137.6 -416.2 2205.6 0.8796213269 -0.0643203110 0.4713058770 0.0488485657 0.9977918267 0.0450027063 -0.4731597602 -0.0165627245 0.8808209300
230.9 -463.8 2513.2 0.9819542170 -0.1012772173 0.1597147882 0.1391494572 -0.1850138307 -0.9728347063 0.1280754358 0.9775033593 -0.1675824523
273.1 -386.8 2106.2 0.9819542170 -0.1464051753 -0.1197138727 0.1391494572 0.9880077839 -0.0669184029 0.1280754358 0.0490526855 0.9905506372
22.8 -454.7 2134.6 0 0 0 0 0 0 0 0 0
137.5 -440.3 2151.4 0 0 0 0 0 0 0 0 0
-113.0 -797.7 2211.9 0 0 0 0 0 0 0 0 0
329.1 -764.5 2087.5 0 0 0 0 0 0 0 0 0
121.9 109.7 2345.9  0.9646093845 -0.0358483121 0.2612347603 -0.0544108599 0.9423326850 0.3302250504 -0.2580080628 -0.3327521980 0.9070324302
129.1 -80.6 2413.0 0.9646093845 -0.0358483121 0.2612347603 -0.0544108599 0.9423326850 0.3302250504 -0.2580080628 -0.3327521980 0.9070324302
135.8 -268.6 2477.2 0.9645875692 -0.0336194821 0.2616113722 -0.0538180210 0.9458916783 0.3199883401 -0.2582138777 -0.3227361739 0.9105860591
-6.6 -73.0 2449.4 -0.3118835986 -0.8501519561 0.4242290854 0.9254348278 -0.3729358017 -0.0670018569 0.2151719630 0.3716995716 0.9030727744
95.1 -374.7 2379.2 0.2714306414 -0.8501519561 0.4511840940 0.2944985926 -0.3729358017 -0.8798803687 0.9162946939 0.3716995716 0.1491423398
264.9 -88.1 2376.7 0.0715849474 0.6869136095 0.7232048512 -0.9752820134 0.2001667023 -0.0935858265 -0.2090469152 -0.6986293793 0.6842634082
281.5 -313.9 2328.3 -0.5509889722 0.6869136095 0.4738785326 -0.4833970666 0.2001667023 -0.8522092104 -0.6802488565 -0.6986293793 0.2217623740
54.3 -452.3 2564.0 0.8849372864 0.4657053947 -0.0021113150 0.0419869833 -0.0842974558 -0.9955556393 -0.4638136327 0.8809156418 -0.0941515267
-135.6 -417.9 2204.7 0.8849372864 -0.0659036487 0.4610235393 0.0419869833 0.9971953630 0.0619555451 -0.4638136327 -0.0354697853 0.8852224946
230.9 -462.2 2517.7 0.9809808135 -0.1153897494 0.1560827494 0.1355193257 -0.1685351431 -0.9763352275 0.1389645040 0.9789183140 -0.1496921927
279.0 -391.9 2109.4 0.9809808135 -0.1411930621 -0.1331958622 0.1355193257 0.9894721508 -0.0507879145 0.1389645040 0.0317713544 0.9897875786
24.7 -451.1 2141.5 0 0 0 0 0 0 0 0 0
138.2 -439.5 2151.5 0 0 0 0 0 0 0 0 0
-110.5 -799.1 2218.3 0 0 0 0 0 0 0 0 0
333.0 -770.1 2097.2 0 0 0 0 0 0 0 0 0
122.6 111.0 2349.3  0.9627518654 -0.0345934443 0.2681643665 -0.0556704067 0.9451718330 0.3217934370 -0.2645933628 -0.3247360587 0.9080401063
129.6 -79.4 2414.8 0.9627518654 -0.0345934443 0.2681643665 -0.0556704067 0.9451718330 0.3217934370 -0.2645933628 -0.3247360587 0.9080401063
135.6 -267.9 2477.8 0.9628142118 -0.0303694010 0.2684519589 -0.0574875735 0.9478753209 0.3134127259 -0.2639771402 -0.3171908855 0.9108819962
-5.9 -71.3 2451.9 -0.3267191648 -0.8351122737 0.4425404370 0.9206460714 -0.3870836496 -0.0507651195 0.2136947513 0.3908371627 0.8953104615
98.9 -366.7 2383.4 0.2775081396 -0.8351122737 0.4749491513 0.3170024455 -0.3870836496 -0.8658381104 0.9069171548 0.3908371627 0.1573137790
265.1 -87.5 2377.6 0.0674279705 0.6847803593 0.7256234288 -0.9737232327 0.2037266344 -0.1017770618 -0.2175237536 -0.6996937394 0.6805233955
280.9 -315.7 2326.6 -0.5526744723 0.6847803593 0.4750019014 -0.4806344509 0.2037266344 -0.8529279232 -0.6808388233 -0.6996937394 0.2165345103
53.4 -451.3 2564.6 0.8833681345 0.4685818255 -0.0095822690 0.0392794907 -0.0943918526 -0.9947599173 -0.4670309126 0.8783628345 -0.1017884091
-138.3 -412.7 2205.2 0.8833681345 -0.0606699921 0.4647364020 0.0392794907 0.9976812005 0.0555821806 -0.4670309126 -0.0308449175 0.8837028146
229.9 -461.9 2516.7 0.9825937748 -0.1141291037 0.1465741098 0.1256613433 -0.1727562547 -0.9769158363 0.1368161142 0.9783301353 -0.1554076076
277.6 -389.7 2108.1 0.9825937748 -0.1319356263 -0.1307761967 0.1256613433 0.9905386567 -0.0551574938 0.1368161142 0.0377639011 0.9898763895
26.7 -449.2 2147.4 0 0 0 0 0 0 0 0 0
137.2 -440.7 2149.6 0 0 0 0 0 0 0 0 0
-115.1 -794.1 2217.0 0 0 0 0 0 0 0 0 0
328.0 -768.4 2093.7 0 0 0 0 0 0 0 0 0
123.5 109.0 2350.6  0.9644918442 -0.0334715955 0.2619831562 -0.0522589907 0.9481397867 0.3135282397 -0.2588909566 -0.3160864115 0.9127238989
130.2 -81.8 2414.2 0.9644918442 -0.0334715955 0.2619831562 -0.0522589907 0.9481397867 0.3135282397 -0.2588909566 -0.3160864115 0.9127238989
136.1 -270.4 2476.7 0.9645951390 -0.0297023915 0.2620571554 -0.0553617217 0.9486954808 0.3113068044 -0.2578589916 -0.3147929907 0.9134626985
-5.5 -74.0 2450.4 -0.3264814317 -0.8409333825 0.4315564334 0.9231052995 -0.3818247914 -0.0456776172 0.2031907737 0.3834591508 0.9009287357
97.6 -365.6 2386.3 0.2697011828 -0.8409333825 0.4691400230 0.3186065257 -0.3818247914 -0.8675826788 0.9087085128 0.3834591508 0.1649482548
266.0 -89.6 2377.9 0.0640778914 0.6820108294 0.7285295129 -0.9728810787 0.2052774876 -0.1066000685 -0.2222531140 -0.7019419074 0.6766691804
280.8 -314.7 2326.4 -0.5522553921 0.6820108294 0.4794530869 -0.4846708179 0.2052774876 -0.8502678275 -0.6783127785 -0.7019419074 0.2171851546
53.6 -454.1 2562.7 0.8867468834 0.4621821642 -0.0082230056 0.0415479541 -0.0974059403 -0.9943771362 -0.4603843391 0.8814191818 -0.1055771336
-135.8 -414.2 2201.5 0.8867468834 -0.0619031750 0.4580916464 0.0415479541 0.9976550341 0.0543897524 -0.4603843391 -0.0291971695 0.8872393966
230.5 -464.2 2515.7 0.9815473557 -0.1219069213 0.1473212391 0.1248088107 -0.1752578467 -0.9765794873 0.1448709965 0.9769459367 -0.1568088084
281.4 -391.0 2107.5 0.9815473557 -0.1317704320 -0.1385691166 0.1248088107 0.9904946089 -0.0578205772 0.1448709965 0.0394589864 0.9886634350
27.4 -448.5 2149.6 0 0 0 0 0 0 0 0 0
137.2 -440.7 2150.1 0 0 0 0 0 0 0 0 0
-112.1 -795.6 2212.7 0 0 0 0 0 0 0 0 0
331.8 -769.7 2092.4 0 0 0 0 0 0 0 0 0
123.6 108.2 2351.7  0.9624355435 -0.0303369034 0.2698100805 -0.0578132011 0.9480507970 0.3128215373 -0.2652837038 -0.3166691363 0.9106839299
129.7 -82.2 2415.3 0.9624355435 -0.0303369034 0.2698100805 -0.0578132011 0.9480507970 0.3128215373 -0.2652837038 -0.3166691363 0.9106839299
135.3 -270.7 2478.1 0.9624995589 -0.0278960019 0.2698451281 -0.0598980300 0.9482970834 0.3116807342 -0.2645879984 -0.3161557615 0.9110646248
-5.7 -73.8 2452.5 -0.3275558949 -0.8382160664 0.4360056520 0.9217017889 -0.3849622309 -0.0476430878 0.2077809125 0.3862614334 0.8986819386
98.6 -367.4 2386.3 0.2760674357 -0.8382160664 0.4702983797 0.3112918437 -0.3849622309 -0.8688506484 0.9093316793 0.3862614334 0.1546542794
265.2 -90.6 2378.0 0.0652723163 0.6828086376 0.7276756763 -0.9720369577 0.2083547860 -0.1083165780 -0.2255742103 -0.7002575994 0.6773149967
280.3 -315.8 2325.8 -0.5525826216 0.6828086376 0.4779380858 -0.4797284603 0.2083547860 -0.8523197174 -0.6815519333 -0.7002575994 0.2124294788
52.6 -453.8 2565.1 0.8838392496 0.4675932825 -0.0135902613 0.0368602462 -0.0985756814 -0.9944466352 -0.4663362503 0.8784300685 -0.1043606550
-139.2 -413.4 2204.9 0.8838392496 -0.0578517728 0.4641996622 0.0368602462 0.9978507757 0.0541769080 -0.4663362503 -0.0307731647 0.8840721250
229.1 -464.8 2516.7 0.9830962420 -0.1165501252 0.1412012428 0.1199070141 -0.1729605347 -0.9776026607 0.1383619606 0.9780085683 -0.1560616791
277.8 -392.5 2108.0 0.9830962420 -0.1263362914 -0.1325174123 0.1199070141 0.9912350774 -0.0554555506 0.1383619606 0.0386283770 0.9896281362
27.6 -447.5 2152.4 0 0 0 0 0 0 0 0 0
136.7 -440.5 2148.6 0 0 0 0 0 0 0 0 0
-117.1 -794.9 2216.6 0 0 0 0 0 0 0 0 0
326.1 -771.5 2093.2 0 0 0 0 0 0 0 0 0
123.2 109.2 2352.2  0.9610768557 -0.0302059408 0.2746250629 -0.0586846620 0.9490042329 0.3097533286 -0.2699767351 -0.3138130307 0.9102933407
129.3 -81.6 2415.3 0.9610768557 -0.0302059408 0.2746250629 -0.0586846620 0.9490042329 0.3097533286 -0.2699767351 -0.3138130307 0.9102933407
134.8 -270.4 2477.6 0.9611396194 -0.0277785454 0.2746616602 -0.0607396625 0.9492649436 0.3085559607 -0.2692978978 -0.3132482171 0.9106888771
-6.0 -73.1 2453.2 -0.3233608902 -0.8437352777 0.4284256101 0.9229827523 -0.3810596764 -0.0538178869 0.2086637765 0.3780268431 0.9019728899
97.1 -367.4 2386.7 0.2686604559 -0.8437352777 0.4646852016 0.3098999858 -0.3810596764 -0.8710657358 0.9120216966 0.3780268431 0.1590978950
264.6 -90.2 2377.4 0.0658928752 0.6839690208 0.7265290618 -0.9720206261 0.2085191905 -0.1081462950 -0.2254639715 -0.6990752220 0.6785719395
279.9 -316.4 2324.9 -0.5526462793 0.6839690208 0.4762021303 -0.4774310589 0.2085191905 -0.8535686135 -0.6831117272 -0.6990752220 0.2113106847
52.2 -453.5 2564.5 0.8817980289 0.4713571072 -0.0159616489 0.0366585664 -0.1022423729 -0.9940838218 -0.4702004194 0.8759959936 -0.1074363962
-141.2 -411.6 2205.1 0.8817980289 -0.0562869795 0.4682564139 0.0366585664 0.9980289340 0.0509348810 -0.4702004194 -0.0277486667 0.8821233511
228.5 -464.7 2515.2 0.9839519858 -0.1126575992 0.1383716613 0.1173598915 -0.1755344272 -0.9774529934 0.1344064921 0.9780061245 -0.1594959646
275.6 -391.3 2106.4 0.9839519858 -0.1239950582 -0.1283108592 0.1173598915 0.9913902283 -0.0580697805 0.1344064921 0.0420793258 0.9900324345
27.6 -447.7 2150.6 0 0 0 0 0 0 0 0 0
136.2 -440.5 2147.4 0 0 0 0 0 0 0 0 0
-119.7 -793.2 2215.7 0 0 0 0 0 0 0 0 0
323.0 -770.3 2090.3 0 0 0 0 0 0 0 0 0
123.1 113.0 2353.5  0.9623944163 -0.0308653712 0.2698968351 -0.0545153283 0.9513699412 0.3031885922 -0.2661297619 -0.3065005243 0.9139105082
129.3 -78.4 2415.2 0.9623944163 -0.0308653712 0.2698968351 -0.0545153283 0.9513699412 0.3031885922 -0.2661297619 -0.3065005243 0.9139105082
134.8 -267.5 2476.3 0.9624881744 -0.0278342962 0.2698920369 -0.0575546399 0.9511414766 0.3033435643 -0.2651488781 -0.3074981570 0.9138604999
-6.2 -70.3 2452.5 -0.3150827587 -0.8288509250 0.4623083472 0.9217818379 -0.3832204938 -0.0588245913 0.2259228528 0.4076128304 0.8847658634
96.0 -369.2 2379.2 0.2781873345 -0.8288509250 0.4854049683 0.3498202562 -0.3832204938 -0.8548495770 0.8945599794 0.4076128304 0.1833417416
264.7 -86.5 2377.8 0.0655598193 0.6875890493 0.7231342793 -0.9734578729 0.2033210844 -0.1050726399 -0.2192752361 -0.6970522404 0.6826686859
280.2 -315.9 2326.2 -0.5514902472 0.6875890493 0.4723132551 -0.4782203436 0.2033210844 -0.8543803692 -0.6834938526 -0.6970522404 0.2166894972
52.0 -453.4 2564.2 0.8800972104 0.4747240245 -0.0081261918 0.0488700196 -0.1075985432 -0.9929925799 -0.4722718000 0.8735328317 -0.1178969517
-142.2 -409.4 2206.9 0.8800972104 -0.0609530136 0.4708648026 0.0488700196 0.9980874062 0.0378581509 -0.4722718000 -0.0103076817 0.8813927174
228.7 -461.9 2513.1 0.9831250906 -0.1171643212 0.1404903382 0.1178535447 -0.1817168891 -0.9762630463 0.1399126649 0.9763460159 -0.1648422182
277.6 -385.9 2105.0 0.9831250906 -0.1255662441 -0.1330343187 0.1178535447 0.9909421802 -0.0643751100 0.1399126649 0.0476102196 0.9890185595
23.8 -460.0 2147.1 0 0 0 0 0 0 0 0 0
136.8 -440.3 2148.5 0 0 0 0 0 0 0 0 0
-118.9 -790.9 2210.9 0 0 0 0 0 0 0 0 0
325.6 -764.8 2086.8 0 0 0 0 0 0 0 0 0
123.4 112.2 2352.6  0.9613702297 -0.0259980559 0.2740280032 -0.0605514944 0.9511689544 0.3026732504 -0.2685158551 -0.3075738549 0.9128513336
128.6 -79.3 2414.6 0.9613702297 -0.0259980559 0.2740280032 -0.0605514944 0.9511689544 0.3026732504 -0.2685158551 -0.3075738549 0.9128513336
133.1 -268.4 2475.5 0.9614413977 -0.0225841068 0.2740810513 -0.0633377433 0.9516462088 0.3005957603 -0.2676168978 -0.3063648939 0.9135216475
-6.7 -70.3 2452.2 -0.3188335598 -0.8407418728 0.4376051724 0.9241833687 -0.3782134652 -0.0532882325 0.2103098035 0.3874373436 0.8975868225
96.0 -368.0 2384.5 0.2669008374 -0.8407418728 0.4710807204 0.3330858946 -0.3782134652 -0.8637177348 0.9043327570 0.3874373436 0.1790937632
263.9 -88.2 2376.9 0.0764092132 0.6897050142 0.7200476527 -0.9755356908 0.2010113150 -0.0890199244 -0.2061352134 -0.6956302524 0.6881909370
281.6 -313.7 2329.2 -0.5483606458 0.6897050142 0.4728716612 -0.4823890030 0.2010113150 -0.8525815606 -0.6830822825 -0.6956302524 0.2224794030
49.3 -452.9 2562.2 0.8756549358 0.4828292131 -0.0102177514 0.0476836301 -0.1074940413 -0.9930616021 -0.4805774987 0.8690920472 -0.1171507388
-146.7 -409.2 2209.3 0.8756549358 -0.0561544485 0.4796614647 0.0476836301 0.9984167814 0.0298359171 -0.4805774987 -0.0032539670 0.8769462109
225.8 -463.5 2511.8 0.9841991663 -0.1159861237 0.1337877661 0.1113495752 -0.1820529699 -0.9769636393 0.1376706958 0.9764240384 -0.1662613750
274.3 -387.4 2103.7 0.9841991663 -0.1190524250 -0.1310666502 0.1113495752 0.9916772246 -0.0646343976 0.1376706958 0.0490189046 0.9892643094
25.9 -455.5 2146.9 0 0 0 0 0 0 0 0 0
139.0 -439.1 2151.7 0 0 0 0 0 0 0 0 0
-125.3 -790.9 2210.5 0 0 0 0 0 0 0 0 0
319.8 -766.5 2084.9 0 0 0 0 0 0 0 0 0
123.8 111.1 2352.7  0.9612559080 -0.0236469265 0.2746414542 -0.0636342466 0.9503682852 0.3045501113 -0.2682121992 -0.3102271855 0.9120423794
128.6 -80.2 2415.2 0.9612559080 -0.0236469265 0.2746414542 -0.0636342466 0.9503682852 0.3045501113 -0.2682121992 -0.3102271855 0.9120423794
132.4 -269.2 2476.7 0.9613463879 -0.0190130137 0.2746845186 -0.0676681921 0.9507023692 0.3026318848 -0.2668971419 -0.3095214665 0.9126676917
-6.7 -70.7 2452.7 -0.3019223809 -0.8234292269 0.4804239869 0.9202134609 -0.3833981752 -0.0788224936 0.2490984350 0.4182943404 0.8734871745
94.1 -378.0 2369.6 0.3037435710 -0.8234292269 0.4792746305 0.3248360753 -0.3833981752 -0.8645734787 0.8956680894 0.4182943404 0.1510247886
263.9 -89.8 2377.6 0.0726988539 0.6767544150 0.7326106429 -0.9733555317 0.2083114088 -0.0958405957 -0.2174717039 -0.7061230540 0.6738666296
280.7 -314.8 2327.3 -0.5546495914 0.6767544150 0.4841149151 -0.4864408374 0.2083114088 -0.8485173583 -0.6750845313 -0.7061230540 0.2136611491
47.9 -452.6 2563.3 0.8742454052 0.4853495955 -0.0114340363 0.0449087434 -0.1042987108 -0.9935315847 -0.4834026992 0.8680769205 -0.1129791066
-148.4 -410.4 2212.2 0.8742454052 -0.0533343330 0.4825457633 0.0449087434 0.9985699058 0.0290061571 -0.4834026992 -0.0036879766 0.8753903508
224.3 -464.5 2513.8 0.9845229387 -0.1171906441 0.1303111166 0.1082128063 -0.1783865541 -0.9779919386 0.1378572583 0.9769567847 -0.1629441231
273.3 -389.9 2105.4 0.9845229387 -0.1154594347 -0.1318474710 0.1082128063 0.9922613502 -0.0608881637 0.1378572583 0.0456782095 0.9893982410
13.8 -463.8 2132.9 0 0 0 0 0 0 0 0 0
136.5 -441.2 2151.8 0 0 0 0 0 0 0 0 0
-128.0 -792.1 2213.6 0 0 0 0 0 0 0 0 0
317.5 -769.3 2087.9 0 0 0 0 0 0 0 0 0
124.7 110.7 2352.7  0.9619827867 -0.0344600417 0.2709274292 -0.0524204485 0.9502658844 0.3069964647 -0.2680322230 -0.3095274568 0.9123330116
131.6 -80.3 2414.9 0.9619827867 -0.0344600417 0.2709274292 -0.0524204485 0.9502658844 0.3069964647 -0.2680322230 -0.3095274568 0.9123330116
137.8 -269.2 2476.5 0.9620907903 -0.0309867952 0.2709634006 -0.0555573404 0.9504244924 0.3059520721 -0.2670107186 -0.3094076812 0.9126731157
-3.8 -72.5 2452.5 -0.3021435142 -0.8415052295 0.4478596449 0.9248771071 -0.3725753427 -0.0760918781 0.2308931798 0.3912244737 0.8908601403
95.0 -374.8 2377.1 0.2834887505 -0.8415052295 0.4598946571 0.3119258881 -0.3725753427 -0.8740079403 0.9068276286 0.3912244737 0.1568663418
267.0 -88.1 2377.4 0.0566205457 0.6822172999 0.7289537787 -0.9736094475 0.1994083524 -0.1109995320 -0.2210852802 -0.7034314871 0.6755038500
280.2 -315.3 2325.8 -0.5540771484 0.6822172999 0.4770514369 -0.4867310226 0.1994083524 -0.8504876494 -0.6753454208 -0.7034314871 0.2215687186
55.6 -453.3 2562.8 0.8726526499 0.4883363843 0.0022104154 0.0569147915 -0.0972085968 -0.9936353564 -0.4850134254 0.8672243357 -0.1126229092
-141.6 -414.1 2212.6 0.8726526499 -0.0662531257 0.4838262498 0.0569147915 0.9978005886 0.0339803025 -0.4850134254 -0.0021161304 0.8745041490
223.6 -465.0 2514.7 0.9814054966 -0.1169940680 0.1521696746 0.1293198019 -0.1828280538 -0.9746026397 0.1418436170 0.9761589766 -0.1642988175
273.0 -387.7 2102.3 0.9814054966 -0.1359489262 -0.1355031729 0.1293198019 0.9899851084 -0.0566204228 0.1418436170 0.0380443521 0.9891577363
19.6 -457.6 2136.1 0 0 0 0 0 0 0 0 0
136.2 -441.9 2150.2 0 0 0 0 0 0 0 0 0
-116.2 -795.5 2213.4 0 0 0 0 0 0 0 0 0
325.0 -766.1 2087.8 0 0 0 0 0 0 0 0 0
123.6 110.0 2353.3  0.9595710039 -0.0343653671 0.2793609202 -0.0560779683 0.9492784142 0.3093958199 -0.2758237720 -0.3125532269 0.9089729190
130.5 -80.9 2416.1 0.9595710039 -0.0343653671 0.2793609202 -0.0560779683 0.9492784142 0.3093958199 -0.2758237720 -0.3125532269 0.9089729190
136.4 -269.6 2478.4 0.9597222805 -0.0296319649 0.2793834507 -0.0605654866 0.9492203593 0.3087273240 -0.2743446529 -0.3132134974 0.9091932178
-4.5 -72.3 2454.7 -0.3089708090 -0.8234937191 0.4758099318 0.9186742306 -0.3878772557 -0.0747588128 0.2461192757 0.4140160382 0.8763652444
95.8 -370.7 2374.8 0.2850114703 -0.8234937191 0.4905369878 0.3481453657 -0.3878772557 -0.8534319401 0.8930639625 0.4140160382 0.1761460602
265.6 -89.4 2377.5 0.0670925379 0.6688636541 0.7403512597 -0.9721233845 0.2109056711 -0.1024444997 -0.2246656865 -0.7128395438 0.6643682122
281.2 -315.9 2325.1 -0.5621415973 0.6688636541 0.4864341915 -0.4839657247 0.2109056711 -0.8492914438 -0.6706519127 -0.7128395438 0.2051482350
59.5 -453.7 2562.5 0.8669593930 0.4983776510 0.0010564282 0.0611289330 -0.1042334363 -0.9926725030 -0.4946156740 0.8606712818 -0.1208314523
-141.8 -411.6 2214.9 0.8669593930 -0.0667999834 0.4938817322 0.0611289330 0.9977470040 0.0276446361 -0.4946156740 0.0062236860 0.8690895438
231.8 -463.5 2513.9 0.9820236564 -0.0961992666 0.1624044925 0.1431715786 -0.1810839474 -0.9729905128 0.1230098158 0.9787514210 -0.1640557200
272.7 -386.6 2098.1 0.9820236564 -0.1469330192 -0.1184913814 0.1431715786 0.9889012575 -0.0397020951 0.1230098158 0.0220237989 0.9921610355
19.9 -463.5 2136.9 0 0 0 0 0 0 0 0 0
135.1 -441.7 2150.8 0 0 0 0 0 0 0 0 0
-116.2 -793.0 2212.5 0 0 0 0 0 0 0 0 0
328.9 -764.5 2089.6 0 0 0 0 0 0 0 0 0
123.6 112.8 2353.5  0.9626302123 -0.0318371803 0.2689414024 -0.0559226908 0.9482950568 0.3124246001 -0.2649825215 -0.3157892823 0.9110770226
130.0 -78.1 2417.1 0.9626302123 -0.0318371803 0.2689414024 -0.0559226908 0.9482950568 0.3124246001 -0.2649825215 -0.3157892823 0.9110770226
135.2 -266.7 2479.7 0.9627851248 -0.0260364804 0.2690109313 -0.0610011220 0.9487299919 0.3101456165 -0.2632938325 -0.3150135577 0.9118348360
-5.5 -69.5 2454.1 -0.2965005040 -0.8246597648 0.4816884696 0.9207589626 -0.3807435036 -0.0850723237 0.2535554767 0.4182949960 0.8722034693
93.2 -375.8 2369.8 0.2941218913 -0.8246597648 0.4831445217 0.3430289626 -0.3807435036 -0.8586999178 0.8920893669 0.4182949960 0.1708971709
265.5 -86.6 2380.0 0.0664555654 0.6636985540 0.7450422049 -0.9686195850 0.2221402973 -0.1114890203 -0.2394989878 -0.7142534256 0.6576339006
281.4 -317.7 2322.9 -0.5643088818 0.6636985540 0.4909783304 -0.4780741930 0.2221402973 -0.8497639298 -0.6730531454 -0.7142534256 0.1919414103
