128.4 112.7 2340.7 2 0.9673417211 -0.0287184361 0.2518437803 -0.0649651811 0.9322843552 0.3558447063 -0.2450093180 -0.3605844975 0.8999717832
134.2 -75.8 2413.6 0.9673417211 -0.0287184361 0.2518437803 -0.0649651811 0.9322843552 0.3558447063 -0.2450093180 -0.3605844975 0.8999717832
139.3 -261.7 2484.0 0.9673665762 -0.0258960295 0.2520540655 -0.0658167228 0.9349371195 0.3486555815 -0.2446835041 -0.3538671434 0.9027225971
-1.9 -66.6 2448.1 -0.3188928366 -0.7972241640 0.5125826597 0.9225754738 -0.3850151896 -0.0248559471 0.2171678841 0.4649698138 0.8582780361
100.3 -362.3 2378.4 0.3160699606 -0.7972241640 0.5143281221 0.3900063932 -0.3850151896 -0.8364558220 0.8648669124 0.4649698138 0.1892307848
270.3 -85.1 2379.2 0.0580113940 0.6921570301 0.7194117904 -0.9757490754 0.1916668266 -0.1057238281 -0.2110648602 -0.6958322525 0.6864904165
283.8 -311.9 2330.1 -0.5526257157 0.6921570301 0.4642450511 -0.4793903530 0.1916668266 -0.8564162254 -0.6817548275 -0.6958322525 0.2258933932
55.9 -441.5 2576.8 0.8424452543 0.5380005836 0.0290056616 0.0888731182 -0.0856632814 -0.9923524261 -0.5314014554 0.8385804296 -0.1199804172
-170.5 -405.5 2224.0 0.8424452543 -0.1012627780 0.5291803479 0.0888731182 0.9948425293 0.0488865189 -0.5314014554 0.0058456883 0.8470999599
233.3 -453.6 2531.9 0.9898245335 -0.0414212979 0.1361310631 0.1276587248 -0.1640908569 -0.9781500101 0.0628541037 0.9855751991 -0.1571333706
251.0 -383.3 2109.6 0.9898245335 -0.1321751028 -0.0526985116 0.1276587248 0.9884696007 -0.0814316124 0.0628541037 0.0738755837 0.9952847362
15.9 -466.4 2147.6 0 0 0 0 0 0 0 0 0
140.2 -436.5 2152.9 0 0 0 0 0 0 0 0 0
-131.8 -785.8 2221.7 0 0 0 0 0 0 0 0 0
301.5 -761.2 2081.4 0 0 0 0 0 0 0 0 0
128.1 112.8 2340.2 3 0.9687359929 -0.0306035224 0.2461990267 -0.0616468787 0.9315454960 0.3583610058 -0.2403127104 -0.3623346090 0.9005351067
134.3 -75.5 2413.5 0.9687359929 -0.0306035224 0.2461990267 -0.0616468787 0.9315454960 0.3583610058 -0.2403127104 -0.3623346090 0.9005351067
139.8 -261.1 2484.4 0.9687739015 -0.0276936069 0.2463944703 -0.0628584176 0.9338466525 0.3521068394 -0.2398457676 -0.3565998673 0.9029454589
-2.0 -66.6 2447.2 -0.3083000481 -0.7932577133 0.5250650048 0.9246613979 -0.3795659542 -0.0305113606 0.2235001624 0.4761007130 0.8505150080
98.3 -367.5 2374.5 0.3275595009 -0.7932577133 0.5132708549 0.3931102157 -0.3795659542 -0.8374927044 0.8591676950 0.4761007130 0.1875072867
270.6 -84.3 2379.7 0.0501959808 0.6898345947 0.7222247720 -0.9742550254 0.1929592341 -0.1165928766 -0.2197897285 -0.6977786422 0.6817605495
282.4 -313.1 2328.1 -0.5544294715 0.6898345947 0.4655494094 -0.4789864421 0.1929592341 -0.8563519716 -0.6805732846 -0.6977786422 0.2234391272
56.5 -441.0 2577.3 0.8447185159 0.5341699719 0.0333622061 0.0906325877 -0.0813319907 -0.9925577044 -0.5274811387 0.8414556384 -0.1171158478
-168.2 -406.8 2223.3 0.8447185159 -0.1050338820 0.5248032808 0.0906325877 0.9944650531 0.0531503931 -0.5274811387 0.0026671537 0.8495625854
234.2 -452.6 2533.3 0.9890261889 -0.0455697477 0.1405366659 0.1315391511 -0.1614870280 -0.9780692458 0.0672652200 0.9858221412 -0.1537206918
253.7 -383.4 2110.9 0.9890261889 -0.1362194419 -0.0571963415 0.1315391511 0.9881672859 -0.0788849518 0.0672652200 0.0704957247 0.9952415228
10.4 -473.0 2143.9 0 0 0 0 0 0 0 0 0
138.3 -437.6 2151.2 0 0 0 0 0 0 0 0 0
-128.1 -787.0 2222.3 0 0 0 0 0 0 0 0 0
305.8 -761.2 2083.9 0 0 0 0 0 0 0 0 0
128.5 112.4 2346.0 4 0.9667279124 -0.0301191825 0.2540276051 -0.0598613992 0.9388355017 0.3391231596 -0.2487042397 -0.3430462480 0.9057955146
134.6 -77.4 2415.4 0.9667279124 -0.0301191825 0.2540276051 -0.0598613992 0.9388355017 0.3391231596 -0.2487042397 -0.3430462480 0.9057955146
139.5 -264.4 2482.5 0.9668282866 -0.0248983335 0.2542109191 -0.0632904842 0.9408499599 0.3328599036 -0.2474619895 -0.3379074931 0.9080644846
-1.5 -68.5 2450.2 -0.3122709095 -0.7737562060 0.5511698127 0.9203580022 -0.3901897371 -0.0263271239 0.2354315817 0.4990523756 0.8339776397
98.4 -362.9 2374.9 0.3263860345 -0.7737562060 0.5429304242 0.4296296537 -0.3901897371 -0.8143526912 0.8419563770 0.4990523756 0.2050761431
270.6 -86.3 2380.5 0.0532222576 0.6860568523 0.7255986333 -0.9735624194 0.1972872764 -0.1151257604 -0.2221342027 -0.7002883554 0.6784192324
283.0 -313.1 2328.8 -0.5542023182 0.6860568523 0.4713659286 -0.4818969965 0.1972872764 -0.8537288904 -0.6787010431 -0.7002883554 0.2212716639
55.8 -445.6 2572.4 0.8417425752 0.5391955376 0.0271577202 0.0965165272 -0.1007985100 -0.9902142286 -0.5311816335 0.8361266851 -0.1368876845
-171.0 -403.2 2220.7 0.8417425752 -0.0995280966 0.5306256413 0.0965165272 0.9947681427 0.0334799327 -0.5311816335 0.0230326541 0.8469448090
233.1 -457.2 2527.0 0.9901518822 -0.0400911197 0.1341342777 0.1248439550 -0.1807020158 -0.9755823016 0.0633505210 0.9827204347 -0.1739172935
250.3 -379.8 2106.0 0.9901518822 -0.1302998960 -0.0511980392 0.1248439550 0.9872992039 -0.0982559100 0.0633505210 0.0908965096 0.9938433170
10.6 -478.4 2148.4 0 0 0 0 0 0 0 0 0
139.0 -438.4 2152.3 0 0 0 0 0 0 0 0 0
-133.0 -783.5 2211.9 0 0 0 0 0 0 0 0 0
300.1 -757.2 2071.2 0 0 0 0 0 0 0 0 0
128.7 111.6 2342.4 5 0.9694317579 -0.0334094651 0.2430758923 -0.0554152466 0.9352756739 0.3495548666 -0.2390214056 -0.3523396850 0.9048345089
135.4 -77.6 2413.6 0.9694317579 -0.0334094651 0.2430758923 -0.0554152466 0.9352756739 0.3495548666 -0.2390214056 -0.3523396850 0.9048345089
140.9 -263.8 2482.9 0.9695671201 -0.0278449804 0.2432370037 -0.0595527440 0.9368475676 0.3446304798 -0.2374722213 -0.3486278057 0.9066783190
-1.0 -69.2 2447.1 -0.2912490964 -0.7977813482 0.5279383659 0.9268046618 -0.3720710278 -0.0509534962 0.2370803207 0.4744555950 0.8477528095
94.2 -372.2 2369.6 0.3255830407 -0.7977813482 0.5074846148 0.3964727223 -0.3720710278 -0.8392690420 0.8583734632 0.4744555950 0.1951585114
271.9 -85.9 2380.2 0.0466598831 0.6972675323 0.7152907252 -0.9748476744 0.1880110502 -0.1196824163 -0.2179332376 -0.6917151213 0.6885021925
282.8 -313.5 2329.3 -0.5526567698 0.6972675323 0.4564958513 -0.4735433757 0.1880110502 -0.8604699373 -0.6858040094 -0.6917151213 0.2262808233
57.5 -444.5 2574.0 0.8462045789 0.5317074060 0.0350004733 0.0962368324 -0.0878944322 -0.9914701581 -0.5240957141 0.8423548937 -0.1255465001
-166.1 -407.6 2219.8 0.8462045789 -0.1062892005 0.5221498013 0.0962368324 0.9942748547 0.0464323387 -0.5240957141 0.0109587871 0.8515888453
235.4 -455.4 2530.5 0.9886520505 -0.0483899973 0.1422165334 0.1321505606 -0.1700457186 -0.9765350223 0.0714378431 0.9842473865 -0.1617212892
256.2 -382.6 2108.8 0.9886520505 -0.1376560330 -0.0601494126 0.1321505606 0.9873575568 -0.0875287652 0.0714378431 0.0785867125 0.9943444133
6.5 -478.9 2138.4 0 0 0 0 0 0 0 0 0
139.1 -436.6 2151.0 0 0 0 0 0 0 0 0 0
-125.5 -787.6 2215.6 0 0 0 0 0 0 0 0 0
308.8 -760.0 2078.8 0 0 0 0 0 0 0 0 0
129.5 111.8 2340.1 6 0.9705695510 -0.0328937955 0.2385638952 -0.0558300018 0.9329047799 0.3557691574 -0.2342599928 -0.3586177528 0.9036124945
136.2 -76.8 2412.6 0.9705695510 -0.0328937955 0.2385638952 -0.0558300018 0.9329047799 0.3557691574 -0.2342599928 -0.3586177528 0.9036124945
141.9 -262.7 2482.8 0.9706459641 -0.0288480204 0.2387764603 -0.0581419356 0.9351912141 0.3493378162 -0.2333793491 -0.3529662788 0.9060623050
-0.4 -68.6 2445.4 -0.2859618366 -0.8051218987 0.5196196437 0.9289086461 -0.3660540283 -0.0559750237 0.2352755815 0.4666724503 0.8525621295
92.3 -369.9 2369.1 0.3008648157 -0.8051218987 0.5111351013 0.4260131121 -0.3660540283 -0.8273555636 0.8532251716 0.4666724503 0.2328597009
272.8 -85.0 2379.8 0.0417854041 0.7047597766 0.7082144022 -0.9766028523 0.1784707308 -0.1199795455 -0.2109522969 -0.6866308451 0.6957278252
282.5 -313.7 2330.3 -0.5507637262 0.7047597766 0.4471834004 -0.4724198878 0.1784707308 -0.8631150723 -0.6880978942 -0.6866308451 0.2346473336
58.6 -443.3 2574.4 0.8480334282 0.5285748243 0.0380520783 0.0960793123 -0.0827385336 -0.9919289947 -0.5211603045 0.8448449373 -0.1209501475
-163.8 -408.5 2219.0 0.8480334282 -0.1088898331 0.5186350346 0.0960793123 0.9940353036 0.0516005717 -0.5211603045 0.0060710907 0.8534371853
236.7 -454.0 2531.5 0.9880220294 -0.0518126637 0.1453543007 0.1350264847 -0.1657059640 -0.9768875837 0.0747012198 0.9848131537 -0.1567250639
258.9 -383.0 2109.6 0.9880220294 -0.1404978782 -0.0638182685 0.1350264847 0.9873418808 -0.0832096189 0.0747012198 0.0735957846 0.9944865108
11.2 -484.7 2139.3 0 0 0 0 0 0 0 0 0
139.4 -436.5 2151.5 0 0 0 0 0 0 0 0 0
-122.1 -788.5 2216.7 0 0 0 0 0 0 0 0 0
312.6 -760.4 2081.4 0 0 0 0 0 0 0 0 0
128.0 113.2 2339.9 7 0.9713999033 -0.0393254012 0.2341703176 -0.0490532443 0.9316819906 0.3599477708 -0.2323273718 -0.3611400425 0.9031068087
135.9 -75.2 2413.0 0.9713999033 -0.0393254012 0.2341703176 -0.0490532443 0.9316819906 0.3599477708 -0.2323273718 -0.3611400425 0.9031068087
143.0 -261.0 2483.4 0.9714658260 -0.0357414484 0.2344709933 -0.0506927259 0.9344478846 0.3524733484 -0.2316988260 -0.3543017805 0.9059723616
-0.8 -68.1 2445.6 -0.2841445506 -0.7899181247 0.5434070230 0.9282104373 -0.3686154783 -0.0504780747 0.2401817888 0.4900529981 0.8379503489
91.4 -369.3 2367.6 0.3106951416 -0.7899181247 0.5286755562 0.4484013617 -0.3686154783 -0.8142842650 0.8380959034 0.4900529981 0.2396733314
272.7 -82.3 2380.3 0.0403875522 0.6993842125 0.7136039138 -0.9754641652 0.1822903603 -0.1234499812 -0.2164220810 -0.6911091805 0.6895865202
282.2 -313.4 2329.1 -0.5520642996 0.6993842125 0.4539677501 -0.4763678014 0.1822903603 -0.8601418138 -0.6843235493 -0.6911091805 0.2325281352
59.1 -442.7 2574.5 0.8573936820 0.5130336285 0.0408970825 0.0899147764 -0.0710768029 -0.9934099913 -0.5067458749 0.8554207087 -0.1070701033
-159.6 -412.4 2210.0 0.8573936820 -0.1131426468 0.5020705462 0.0899147764 0.9934631586 0.0703301355 -0.5067458749 -0.0151570579 0.8619621992
239.3 -451.4 2532.6 0.9867837429 -0.0520992912 0.1534388959 0.1430488676 -0.1647556126 -0.9759060740 0.0761239305 0.9849575162 -0.1551254094
261.6 -380.8 2110.5 0.9867837429 -0.1485314667 -0.0647783279 0.1430488676 0.9862821698 -0.0823678672 0.0761239305 0.0720128119 0.9944944978
7.7 -490.2 2141.7 0 0 0 0 0 0 0 0 0
138.7 -437.2 2151.2 0 0 0 0 0 0 0 0 0
-116.3 -792.1 2215.8 0 0 0 0 0 0 0 0 0
318.4 -757.8 2083.0 0 0 0 0 0 0 0 0 0
128.7 112.8 2339.4 8 0.9734753370 -0.0372077078 0.2257463187 -0.0478587300 0.9317433834 0.3599497378 -0.2237305343 -0.3612061143 0.9052484632
136.2 -75.8 2412.5 0.9734753370 -0.0372077078 0.2257463187 -0.0478587300 0.9317433834 0.3599497378 -0.2237305343 -0.3612061143 0.9052484632
142.8 -261.5 2483.1 0.9735587239 -0.0333357789 0.2259913981 -0.0500652641 0.9341060519 0.3534675539 -0.2228830457 -0.3554357588 0.9077381492
-0.8 -68.8 2443.9 -0.2842376828 -0.7958751917 0.5345947742 0.9293957949 -0.3656527102 -0.0502148680 0.2354408056 0.4825772047 0.8436153531
91.0 -368.8 2367.8 0.3088239431 -0.7958751917 0.5207786560 0.4404023588 -0.3656527102 -0.8199657798 0.8430145383 0.4825772047 0.2375830114
273.2 -82.8 2381.1 0.0418197960 0.7014479041 0.7114927769 -0.9770197868 0.1776772738 -0.1177420020 -0.2090059668 -0.6902185678 0.6927588582
283.0 -309.9 2332.5 -0.5482415557 0.7014479041 0.4554141462 -0.4842939377 0.1776772738 -0.8566738963 -0.6818288565 -0.6902185678 0.2422969043
59.2 -442.9 2574.0 0.8646242023 0.5008121133 0.0401530340 0.0839348957 -0.0651871338 -0.9943367243 -0.4953584075 0.8630978465 -0.0983979777
-156.4 -414.9 2202.5 0.8646242023 -0.1118220836 0.4898171425 0.0839348957 0.9933651090 0.0786171257 -0.4953584075 -0.0268615149 0.8682733178
238.8 -451.8 2533.4 0.9859364033 -0.0608284809 0.1556576639 0.1439602971 -0.1639382690 -0.9759096503 0.0848813504 0.9845933914 -0.1528758258
264.9 -381.6 2111.5 0.9859364033 -0.1500105560 -0.0736630484 0.1439602971 0.9862174392 -0.0815513656 0.0848813504 0.0697999075 0.9939432144
7.7 -487.6 2140.4 0 0 0 0 0 0 0 0 0
140.4 -435.8 2155.3 0 0 0 0 0 0 0 0 0
-113.6 -794.6 2212.8 0 0 0 0 0 0 0 0 0
322.2 -758.6 2084.8 0 0 0 0 0 0 0 0 0
128.3 113.5 2339.1 9 0.9745133519 -0.0394234546 0.2208381742 -0.0442425720 0.9313252568 0.3614911139 -0.2199233919 -0.3620483875 0.9058447480
136.3 -75.0 2412.4 0.9745133519 -0.0394234546 0.2208381742 -0.0442425720 0.9313252568 0.3614911139 -0.2199233919 -0.3620483875 0.9058447480
143.3 -260.6 2483.3 0.9746206403 -0.0351805016 0.2210812122 -0.0469246581 0.9335296750 0.3554159105 -0.2188895792 -0.3567698598 0.9081864357
-0.8 -68.4 2443.2 -0.2870913744 -0.8004752398 0.5261349678 0.9305809736 -0.3633132577 -0.0449722931 0.2271510065 0.4767000079 0.8492110968
92.3 -370.5 2369.4 0.3133499324 -0.8004752398 0.5109317303 0.4243179262 -0.3633132577 -0.8294321895 0.8495681882 0.4767000079 0.2258118093
273.5 -81.6 2381.6 0.0436304957 0.6940365434 0.7186164856 -0.9763185978 0.1821801364 -0.1166719869 -0.2118922621 -0.6965081692 0.6855494380
283.7 -309.6 2332.1 -0.5517869592 0.6940365434 0.4624331594 -0.4868112504 0.1821801364 -0.8542980552 -0.6771602631 -0.6965081692 0.2373401970
59.2 -443.0 2573.7 0.8629050851 0.5033197403 0.0454313494 0.0886866450 -0.0623152032 -0.9941083789 -0.4975233078 0.8618503809 -0.0984098464
-158.1 -416.1 2201.5 0.8629050851 -0.1237232983 0.4899870753 0.0886866450 0.9915955067 0.0941969827 -0.4975233078 -0.0378277488 0.8666254282
239.7 -450.5 2534.1 0.9850733280 -0.0642224848 0.1597058773 0.1475417763 -0.1628947407 -0.9755494595 0.0886674598 0.9845510721 -0.1509877592
267.2 -380.7 2112.3 0.9850733280 -0.1537602246 -0.0773840398 0.1475417763 0.9857707620 -0.0805444866 0.0886674598 0.0679248497 0.9937425852
7.8 -485.0 2140.2 0 0 0 0 0 0 0 0 0
140.2 -436.1 2156.0 0 0 0 0 0 0 0 0 0
-110.8 -795.1 2216.0 0 0 0 0 0 0 0 0 0
326.0 -757.6 2086.3 0 0 0 0 0 0 0 0 0
127.3 112.7 2338.9 0 0.9731203914 -0.0429966487 0.2262475044 -0.0432745107 0.9307771921 0.3630166352 -0.2261945307 -0.3630496562 0.9038976431
136.0 -75.6 2412.4 0.9731203914 -0.0429966487 0.2262475044 -0.0432745107 0.9307771921 0.3630166352 -0.2261945307 -0.3630496562 0.9038976431
143.7 -261.2 2483.3 0.9732429981 -0.0383480452 0.2265558392 -0.0460829772 0.9333677292 0.3559509516 -0.2251099199 -0.3568671048 0.9066264033
-0.9 -69.1 2444.1 -0.2914572954 -0.7896645069 0.5398913026 0.9285614491 -0.3691592515 -0.0386669338 0.2298397720 0.4900524914 0.8408461213
93.2 -369.0 2369.8 0.3204906583 -0.7896645069 0.5231784582 0.4329040647 -0.3691592515 -0.8223840594 0.8425436616 0.4900524914 0.2235368788
273.0 -82.1 2380.7 0.0447866805 0.6964873672 0.7161700130 -0.9773161411 0.1790893376 -0.1130495742 -0.2069960088 -0.6948614120 0.6887091398
283.4 -308.1 2332.8 -0.5492125750 0.6964873672 0.4618126154 -0.4901688695 0.1790893376 -0.8530307412 -0.6768308878 -0.6948614120 0.2430383116
60.4 -442.1 2574.0 0.8579450846 0.5103589296 0.0588555671 0.1033369824 -0.0592148192 -0.9928821921 -0.5032411814 0.8579204082 -0.1035420150
-160.6 -416.5 2202.5 0.8579450846 -0.1365645081 0.4952578545 0.1033369824 0.9901921153 0.0940270722 -0.5032411814 -0.0294916146 0.8636426330
240.6 -451.0 2533.6 0.9854807258 -0.0577571578 0.1596617401 0.1485078186 -0.1625934839 -0.9754531384 0.0822993591 0.9850012660 -0.1516553611
265.3 -381.3 2111.6 0.9854807258 -0.1542593539 -0.0709352493 0.1485078186 0.9856482148 -0.0802683979 0.0822993591 0.0685685202 0.9942460060
6.7 -485.8 2142.4 0 0 0 0 0 0 0 0 0
140.6 -435.5 2156.9 0 0 0 0 0 0 0 0 0
-108.4 -795.0 2213.8 0 0 0 0 0 0 0 0 0
324.3 -758.1 2085.3 0 0 0 0 0 0 0 0 0
126.8 113.0 2338.9 1 0.9742993712 -0.0434445553 0.2210277915 -0.0419186242 0.9291166067 0.3674033284 -0.2213222682 -0.3672260046 0.9034165740
135.6 -75.0 2413.2 0.9742993712 -0.0434445553 0.2210277915 -0.0419186242 0.9291166067 0.3674033284 -0.2213222682 -0.3672260046 0.9034165740
143.4 -260.2 2484.9 0.9744043350 -0.0392443798 0.2213505656 -0.0442806035 0.9318471551 0.3601390123 -0.2203983366 -0.3607225418 0.9062581658
-1.6 -68.7 2444.2 -0.2820880115 -0.7949539423 0.5370982885 0.9292858839 -0.3655434251 -0.0529694334 0.2384410203 0.4841758311 0.8418548703
91.5 -375.2 2365.5 0.3281589448 -0.7949539423 0.5102548003 0.4121559262 -0.3655434251 -0.8345690370 0.8499642611 0.4841758311 0.2076886296
272.7 -81.2 2382.1 0.0444667973 0.7012292147 0.7115478516 -0.9775970578 0.1772232652 -0.1135601997 -0.2057345510 -0.6905574203 0.6934001446
283.0 -308.2 2334.4 -0.5454196334 0.7012292147 0.4591242373 -0.4904211462 0.1772232652 -0.8532754779 -0.6797091365 -0.6905574203 0.2472365946
61.8 -442.6 2574.8 0.8530831933 0.5176104903 0.0657908395 0.1129477471 -0.0600908399 -0.9917821884 -0.5094034076 0.8535036445 -0.1097254232
-161.0 -416.7 2207.4 0.8530831933 -0.1365059018 0.5036022067 0.1129477471 0.9905987382 0.0771814287 -0.5094034076 -0.0089614466 0.8604812026
240.6 -449.5 2536.4 0.9846757054 -0.0619057864 0.1630382985 0.1515465826 -0.1588793546 -0.9755977392 0.0862985626 0.9853552580 -0.1470630318
267.1 -381.5 2114.2 0.9846757054 -0.1572758853 -0.0753532052 0.1515465826 0.9854815006 -0.0765493885 0.0862985626 0.0639567971 0.9942142963
2.9 -486.5 2136.2 0 0 0 0 0 0 0 0 0
141.2 -435.7 2157.7 0 0 0 0 0 0 0 0 0
-108.8 -795.3 2210.9 0 0 0 0 0 0 0 0 0
327.2 -758.2 2089.7 0 0 0 0 0 0 0 0 0
126.9 112.5 2338.8 2 0.9746717811 -0.0418291725 0.2196933925 -0.0430273935 0.9289259315 0.3677570522 -0.2194618583 -0.3678952456 0.9035981297
135.4 -75.3 2413.2 0.9746717811 -0.0418291725 0.2196933925 -0.0430273935 0.9289259315 0.3677570522 -0.2194618583 -0.3678952456 0.9035981297
142.8 -260.6 2484.9 0.9747830033 -0.0371752307 0.2200366855 -0.0456459373 0.9319620728 0.3596708775 -0.2184366882 -0.3606448472 0.9067638516
-1.8 -68.9 2443.9 -0.2922007143 -0.7790756226 0.5546710491 0.9280372262 -0.3710823953 -0.0323220231 0.2310099602 0.5053108335 0.8314417005
92.8 -369.5 2369.1 0.3296115100 -0.7790756226 0.5332893133 0.4431743324 -0.3710823953 -0.8160235286 0.8336382508 0.5053108335 0.2229532897
272.6 -81.7 2382.5 0.0446618050 0.7040075660 0.7087867856 -0.9771846533 0.1782548726 -0.1154789478 -0.2076427490 -0.6874580383 0.6959065795
282.9 -307.3 2334.5 -0.5422093868 0.7040075660 0.4586745799 -0.4902641177 0.1782548726 -0.8531507850 -0.6823856235 -0.6874580383 0.2484981865
60.7 -442.3 2575.6 0.8523355126 0.5184575915 0.0687452108 0.1167482510 -0.0604877323 -0.9913178682 -0.5097979903 0.8529613018 -0.1120848581
-162.2 -416.3 2208.9 0.8523355126 -0.1336694658 0.5056250095 0.1167482510 0.9910199046 0.0651874840 -0.5097979903 0.0034692285 0.8602871299
239.6 -450.0 2536.6 0.9847157001 -0.0641204715 0.1619367301 0.1501218826 -0.1589454561 -0.9758072495 0.0883083269 0.9852029681 -0.1468902081
267.1 -381.9 2114.4 0.9847157001 -0.1559935361 -0.0774658248 0.1501218826 0.9856948256 -0.0766099691 0.0883083269 0.0638097301 0.9940472841
3.9 -489.0 2144.2 0 0 0 0 0 0 0 0 0
141.9 -434.7 2157.1 0 0 0 0 0 0 0 0 0
-111.1 -795.1 2207.6 0 0 0 0 0 0 0 0 0
326.7 -758.8 2090.0 0 0 0 0 0 0 0 0 0
127.2 112.4 2338.3 3 0.9741716981 -0.0405688845 0.2221344709 -0.0454826877 0.9283140898 0.3690044880 -0.2211806625 -0.3695769906 0.9024921060
135.4 -75.4 2413.1 0.9741716981 -0.0405688845 0.2221344709 -0.0454826877 0.9283140898 0.3690044880 -0.2211806625 -0.3695769906 0.9024921060
142.6 -260.5 2485.2 0.9742605686 -0.0365722291 0.2224383950 -0.0476251803 0.9310856462 0.3616786003 -0.2203365862 -0.3629628718 0.9053782225
-1.7 -68.7 2444.1 -0.2991741896 -0.7781116366 0.5523016453 0.9264739156 -0.3753885329 -0.0270089917 0.2283437103 0.5036126971 0.8332067132
95.0 -368.2 2370.3 0.3310464025 -0.7781116366 0.5338076353 0.4362917542 -0.3753885329 -0.8177609444 0.8366945386 0.5036126971 0.2152126729
272.5 -82.1 2382.1 0.0437881611 0.6960909963 0.7166169882 -0.9760027528 0.1829615086 -0.1180832982 -0.2133100480 -0.6942495108 0.6873983145
282.6 -307.5 2332.8 -0.5457474589 0.6960909963 0.4664943814 -0.4934613705 0.1829615086 -0.8503063917 -0.6772411466 -0.6942495108 0.2436432391
60.5 -441.6 2577.1 0.8504672647 0.5214655995 0.0691302344 0.1166516319 -0.0588161945 -0.9914298058 -0.5129305720 0.8512427807 -0.1108510643
-163.6 -416.3 2211.3 0.8504672647 -0.1314705312 0.5093337893 0.1166516319 0.9912920594 0.0610941052 -0.5129305720 0.0074560754 0.8583977222
239.3 -450.0 2537.2 0.9851127863 -0.0623024032 0.1602224112 0.1489215195 -0.1563196480 -0.9764151573 0.0858789161 0.9857395887 -0.1447143257
266.0 -383.0 2114.8 0.9851127863 -0.1544376314 -0.0755104497 0.1489215195 0.9860805273 -0.0739426985 0.0858789161 0.0615967661 0.9943996668
5.6 -485.9 2144.5 0 0 0 0 0 0 0 0 0
140.7 -435.8 2156.7 0 0 0 0 0 0 0 0 0
-113.3 -795.2 2208.5 0 0 0 0 0 0 0 0 0
325.1 -760.0 2091.2 0 0 0 0 0 0 0 0 0
127.7 111.8 2339.0 4 0.9747357965 -0.0378986932 0.2201223373 -0.0462716222 0.9298597574 0.3649928272 -0.2185156494 -0.3659569919 0.9046139717
135.3 -76.3 2413.0 0.9747357965 -0.0378986932 0.2201223373 -0.0462716222 0.9298597574 0.3649928272 -0.2185156494 -0.3659569919 0.9046139717
142.2 -261.5 2484.8 0.9748162031 -0.0344116800 0.2203387618 -0.0483427085 0.9319226742 0.3594205678 -0.2177069485 -0.3610207736 0.9067897797
-1.9 -69.5 2443.7 -0.3121463060 -0.7756059170 0.5486348271 0.9242916107 -0.3814523220 -0.0133831352 0.2196580619 0.5029210448 0.8359549642
97.4 -363.5 2373.8 0.3271960020 -0.7756059170 0.5397946239 0.4383921027 -0.3814523220 -0.8138221502 0.8371111751 0.5029210448 0.2152098268
272.5 -83.1 2382.4 0.0423050635 0.6943607330 0.7183825374 -0.9755141139 0.1840333343 -0.1204321161 -0.2158296555 -0.6956974268 0.6851442456
282.3 -307.9 2332.7 -0.5467774868 0.6943607330 0.4678648710 -0.4936094284 0.1840333343 -0.8499891162 -0.6763017774 -0.6956974268 0.2421177179
60.4 -441.2 2577.8 0.8591444492 0.5085203648 0.0572527349 0.1038011089 -0.0636224449 -0.9925611019 -0.5010949969 0.8586962223 -0.1074458510
-157.2 -414.0 2210.4 0.8591444492 -0.1137877926 0.4989220202 0.1038011089 0.9934474826 0.0478272103 -0.5010949969 0.0106981797 0.8653261662
238.4 -451.3 2536.6 0.9850491285 -0.0652621612 0.1594336778 0.1475221068 -0.1583980769 -0.9762926102 0.0889689550 0.9852161407 -0.1464022696
266.4 -383.4 2114.4 0.9850491285 -0.1534041762 -0.0783926398 0.1475221068 0.9861320853 -0.0760308802 0.0889689550 0.0633295029 0.9940190911
9.1 -481.8 2147.8 0 0 0 0 0 0 0 0 0
140.1 -436.2 2156.8 0 0 0 0 0 0 0 0 0
-113.7 -793.7 2206.3 0 0 0 0 0 0 0 0 0
325.1 -760.4 2090.2 0 0 0 0 0 0 0 0 0
127.9 110.5 2338.4 5 0.9720815420 -0.0367093980 0.2317539752 -0.0530689061 0.9276978970 0.3695407212 -0.2285632938 -0.3715226352 0.8998498321
135.4 -77.2 2413.6 0.9720815420 -0.0367093980 0.2317539752 -0.0530689061 0.9276978970 0.3695407212 -0.2285632938 -0.3715226352 0.8998498321
141.9 -262.2 2486.0 0.9721471667 -0.0329816900 0.2320390195 -0.0548187755 0.9305880070 0.3619403541 -0.2278701365 -0.3645793796 0.9028605223
-1.4 -69.5 2445.6 -0.3123420477 -0.7764386535 0.5473440289 0.9229552746 -0.3844534457 -0.0186843742 0.2249355763 0.4993381500 0.8366991282
98.5 -364.7 2373.7 0.3281122744 -0.7764386535 0.5380384326 0.4298706055 -0.3844534457 -0.8169497252 0.8411620259 0.4993381500 0.2076242566
272.2 -84.9 2381.5 0.0434194580 0.6941895485 0.7184814811 -0.9757638574 0.1838538945 -0.1186701581 -0.2144751996 -0.6959156990 0.6853479147
282.1 -308.2 2332.4 -0.5466185808 0.6941895485 0.4683043957 -0.4943742752 0.1838538945 -0.8495833278 -0.6758714318 -0.6959156990 0.2426914722
59.7 -441.6 2580.1 0.8580052257 0.5118235350 0.0431700349 0.0901778489 -0.0673618466 -0.9936449528 -0.5056629181 0.8564455509 -0.1039519683
-158.0 -412.9 2215.8 0.8580052257 -0.0997712389 0.5038578510 0.0901778489 0.9949770570 0.0434587337 -0.5056629181 0.0081489934 0.8626926541
237.7 -452.2 2537.6 0.9867613316 -0.0556215905 0.1523429304 0.1422795057 -0.1539397836 -0.9777827263 0.0778374672 0.9865134358 -0.1439880133
261.5 -386.3 2114.9 0.9867613316 -0.1471415013 -0.0682019517 0.1422795057 0.9872483015 -0.0713952556 0.0778374672 0.0607463308 0.9951136708
9.9 -480.7 2146.6 0 0 0 0 0 0 0 0 0
140.0 -436.7 2156.7 0 0 0 0 0 0 0 0 0
-119.8 -793.3 2212.7 0 0 0 0 0 0 0 0 0
317.8 -763.7 2091.7 0 0 0 0 0 0 0 0 0
130.1 112.0 2345.1 6 0.9733163714 -0.0251632780 0.2280833870 -0.0553594679 0.9388601184 0.3398190439 -0.2226893604 -0.3433780074 0.9124149084
135.2 -78.0 2414.6 0.9733163714 -0.0251632780 0.2280833870 -0.0553594679 0.9388601184 0.3398190439 -0.2226893604 -0.3433780074 0.9124149084
139.9 -264.8 2482.1 0.9733345509 -0.0235375613 0.2281794548 -0.0560600199 0.9401518106 0.3361127973 -0.2224346101 -0.3399419487 0.9137627482
-1.8 -70.1 2445.9 -0.3152513504 -0.7860631943 0.5317153335 0.9231275320 -0.3839573264 -0.0203069448 0.2201185375 0.4844392836 0.8466796279
99.2 -365.6 2375.4 0.3234938979 -0.7860631943 0.5267412066 0.4122926295 -0.3839573264 -0.8261910081 0.8516845107 0.4844392836 0.1998801976
272.2 -85.9 2383.3 0.0105894562 0.6882963181 0.7253523469 -0.9666982293 0.1925400496 -0.1685908884 -0.2556998730 -0.6994115710 0.6674137115
274.8 -322.5 2320.7 -0.5585095286 0.6882963181 0.4629420042 -0.4746253192 0.1925400496 -0.8588708639 -0.6802924871 -0.6994115710 0.2191473842
55.5 -446.2 2570.4 0.8639174104 0.5025436282 0.0331142992 0.0938942730 -0.0961168185 -0.9909315705 -0.4948035479 0.8591923118 -0.1302229613
-157.5 -405.5 2206.2 0.8639174104 -0.0885172784 0.4957936704 0.0938942730 0.9954820275 0.0141197033 -0.4948035479 0.0343539305 0.8683255315
233.9 -456.8 2529.3 0.9871644974 -0.0639560670 0.1463417113 0.1328638345 -0.1795793027 -0.9747299552 0.0886198357 0.9816623330 -0.1687768698
261.3 -379.9 2108.8 0.9871644974 -0.1404723376 -0.0759854913 0.1328638345 0.9863439202 -0.0973288640 0.0886198357 0.0859838799 0.9923473597
11.9 -476.9 2145.5 0 0 0 0 0 0 0 0 0
130.4 -445.2 2144.8 0 0 0 0 0 0 0 0 0
-123.7 -785.9 2193.1 0 0 0 0 0 0 0 0 0
315.0 -756.9 2075.9 0 0 0 0 0 0 0 0 0
127.6 114.6 2341.4 7 0.9752925634 -0.0386311822 0.2175133973 -0.0373528711 0.9415798783 0.3347119093 -0.2177365571 -0.3345667720 0.9168728590
136.1 -91.5 2414.7 0.9752925634 -0.0386311822 0.2175133973 -0.0373528711 0.9415798783 0.3347119093 -0.2177365571 -0.3345667720 0.9168728590
147.2 -277.2 2484.2 0.9746558666 -0.0560923181 0.2165630758 -0.0247391723 0.9350922704 0.3535398245 -0.2223373204 -0.3499372602 0.9100055099
-1.0 -88.0 2446.0 -0.3222164512 -0.7759310007 0.5423169136 0.9166116118 -0.3989219069 -0.0261627957 0.2366426140 0.4886638820 0.8397665620
97.8 -368.9 2373.4 0.3264327645 -0.7759310007 0.5397894979 0.4089476764 -0.3989219069 -0.8207454681 0.8521757126 0.4886638820 0.1870939881
273.2 -94.9 2383.4 0.0219976138 0.6779218316 0.7348047495 -0.9662249088 0.2031755745 -0.1585217267 -0.2567597330 -0.7064995766 0.6594943404
278.3 -319.7 2323.6 -0.5618559122 0.6779218316 0.4740673602 -0.4765534401 0.2031755745 -0.8553458452 -0.6761765480 -0.7064995766 0.2089105844
69.1 -460.5 2574.3 0.8611823320 0.5040570498 0.0655095726 0.1167588234 -0.0707347468 -0.9906381369 -0.4947043359 0.8607689142 -0.1197686195
-144.2 -430.6 2210.1 0.8611823320 -0.1207797602 0.4937380552 0.1167588234 0.9923899174 0.0391097814 -0.4947043359 0.0239676200 0.8687307835
247.8 -465.2 2533.3 0.9819959998 -0.0576537848 0.1798884571 0.1678040922 -0.1710861474 -0.9708611369 0.0867502466 0.9835677743 -0.1583313793
272.5 -391.9 2112.0 0.9819959998 -0.1744427234 -0.0724814162 0.1678040922 0.9817606211 -0.0893751383 0.0867502466 0.0756033510 0.9933571815
9.6 -479.3 2143.4 0 0 0 0 0 0 0 0 0
132.6 -443.2 2148.3 0 0 0 0 0 0 0 0 0
-98.1 -809.7 2200.9 0 0 0 0 0 0 0 0 0
339.1 -767.0 2083.1 0 0 0 0 0 0 0 0 0
127.4 114.2 2341.6 8 0.9739295840 -0.0539828874 0.2203337848 -0.0267798007 0.9371219873 0.3479729295 -0.2252642214 -0.3448016346 0.9112452269
138.8 -83.1 2414.2 0.9739295840 -0.0539828874 0.2203337848 -0.0267798007 0.9371219873 0.3479729295 -0.2252642214 -0.3448016346 0.9112452269
151.3 -269.0 2483.2 0.9734529257 -0.0629989579 0.2200465947 -0.0191491302 0.9355893135 0.3525704741 -0.2280848175 -0.3474244773 0.9095457792
1.8 -80.4 2446.3 -0.3044951558 -0.7790079713 0.5481142998 0.9196761250 -0.3902369142 -0.0437148660 0.2479486614 0.4907766879 0.8352602720
98.7 -373.0 2367.4 0.3444543183 -0.7790079713 0.5239253640 0.3876850605 -0.3902369142 -0.8351140618 0.8550155163 0.4907766879 0.1675909460
275.7 -85.8 2382.1 -0.0010163209 0.6899898052 0.7238184214 -0.9668323994 0.1841923594 -0.1769414246 -0.2554095984 -0.6999909282 0.6669172645
275.5 -324.4 2319.0 -0.5638443828 0.6899898052 0.4538652301 -0.4696229398 0.1841923594 -0.8634393215 -0.6793628335 -0.6999909282 0.2201792002
75.9 -467.7 2576.3 0.8549104333 0.5180690289 0.0270680916 0.0952568427 -0.1054738685 -0.9898491502 -0.5099552274 0.8488107920 -0.1395203322
-149.4 -421.8 2207.1 0.8549104333 -0.1127339527 0.5063785315 0.0952568427 0.9936194420 0.0603867918 -0.5099552274 -0.0033892742 0.8601942658
253.1 -456.7 2531.4 0.9816186428 -0.0509006381 0.1839401275 0.1726711243 -0.1736900657 -0.9695444703 0.0812990069 0.9834840298 -0.1617083400
274.9 -382.3 2110.0 0.9816186428 -0.1790378839 -0.0661081150 0.1726711243 0.9806752205 -0.0919828638 0.0812990069 0.0788771287 0.9935637116
5.7 -477.6 2136.7 0 0 0 0 0 0 0 0 0
129.1 -446.3 2142.7 0 0 0 0 0 0 0 0 0
-106.4 -801.4 2208.4 0 0 0 0 0 0 0 0 0
343.3 -757.1 2079.9 0 0 0 0 0 0 0 0 0
127.1 113.1 2339.7 9 0.9752030969 -0.0673552752 0.2108132094 -0.0132654784 0.9330587983 0.3594792187 -0.2209139317 -0.3533617854 0.9090282917
141.0 -79.5 2412.6 0.9752030969 -0.0673552752 0.2108132094 -0.0132654784 0.9330587983 0.3594792187 -0.2209139317 -0.3533617854 0.9090282917
154.4 -265.2 2482.3 0.9751613736 -0.0672757998 0.2110313028 -0.0126872966 0.9342266321 0.3564542532 -0.2211318165 -0.3502778411 0.9101682305
3.8 -77.7 2443.8 -0.3037898242 -0.7757120728 0.5531568527 0.9228637815 -0.3838407397 -0.0314436406 0.2367153615 0.5009361506 0.8324835300
99.7 -369.2 2369.0 0.3478342593 -0.7757120728 0.5265758038 0.4022722244 -0.3838407397 -0.8311698437 0.8468697667 0.5009361506 0.1785344481
278.2 -81.3 2381.5 -0.0043244939 0.6757926941 0.7370790243 -0.9691699147 0.1787543297 -0.1695775241 -0.2463553250 -0.7150881886 0.6541849375
277.2 -317.5 2321.5 -0.5559633374 0.6757926941 0.4839514494 -0.5133534670 0.1787543297 -0.8393539786 -0.6537377238 -0.7150881886 0.2475396991
78.0 -456.7 2574.3 0.8474605083 0.5296773314 0.0353922397 0.0956119150 -0.0867153555 -0.9916344285 -0.5221772194 0.8437549472 -0.1241313070
-151.2 -419.2 2209.2 0.8474605083 -0.1118603870 0.5189392567 0.0956119150 0.9937238693 0.0580626950 -0.5221772194 0.0004109344 0.8528369069
255.8 -452.4 2530.4 0.9841483831 -0.0405264832 0.1726543754 0.1636494100 -0.1676449329 -0.9721697569 0.0683432519 0.9850140810 -0.1583553553
273.2 -380.4 2106.9 0.9841483831 -0.1681273878 -0.0564367697 0.1636494100 0.9835606813 -0.0763365626 0.0683432519 0.0658906624 0.9954836369
5.9 -477.7 2140.4 0 0 0 0 0 0 0 0 0
132.9 -450.6 2151.8 0 0 0 0 0 0 0 0 0
-108.5 -798.9 2209.1 0 0 0 0 0 0 0 0 0
337.5 -756.3 2081.7 0 0 0 0 0 0 0 0 0
128.1 112.7 2339.2 0 0.9774206877 -0.0608488806 0.2023518234 -0.0167288296 0.9323496819 0.3611706495 -0.2106394917 -0.3564007580 0.9102799296
140.5 -77.6 2412.0 0.9774206877 -0.0608488806 0.2023518234 -0.0167288296 0.9323496819 0.3611706495 -0.2106394917 -0.3564007580 0.9102799296
152.3 -263.3 2481.9 0.9774461985 -0.0594324246 0.2026491910 -0.0171252377 0.9341169000 0.3565562367 -0.2104890347 -0.3519849479 0.9120312333
3.0 -75.2 2441.6 -0.2983678281 -0.7805559635 0.5492804050 0.9260843396 -0.3760166764 -0.0312924050 0.2309640795 0.4993433654 0.8350519538
98.5 -371.8 2367.6 0.3503056169 -0.7805559635 0.5177048445 0.3984749913 -0.3760166764 -0.8365579247 0.8476459384 0.4993433654 0.1793112755
278.0 -80.0 2382.3 0.0119639952 0.6736815572 0.7389249206 -0.9716159701 0.1824363321 -0.1505966038 -0.2362609059 -0.7161495090 0.6567424536
280.9 -312.7 2325.8 -0.5436708331 0.6736815572 0.5005748272 -0.5340390205 0.1824363321 -0.8255417943 -0.6474753618 -0.7161495090 0.2605869472
80.0 -451.5 2572.7 0.8424223065 0.5379566550 0.0304512549 0.0910800174 -0.0864710808 -0.9920822382 -0.5310640931 0.8385257125 -0.1218422651
-153.8 -413.9 2208.3 0.8424223065 -0.1107042208 0.5273226500 0.0910800174 0.9938399792 0.0631386489 -0.5310640931 -0.0051608477 0.8473159671
253.1 -450.7 2532.0 0.9862976670 -0.0405058637 0.1599253863 0.1513724178 -0.1632631421 -0.9749007821 0.0655991212 0.9857506752 -0.1548945904
270.6 -380.2 2106.3 0.9862976670 -0.1552416235 -0.0558291301 0.1513724178 0.9861407280 -0.0679182708 0.0655991212 0.0585366450 0.9961276054
4.0 -479.4 2138.8 0 0 0 0 0 0 0 0 0
139.8 -451.4 2157.6 0 0 0 0 0 0 0 0 0
-111.5 -793.8 2210.3 0 0 0 0 0 0 0 0 0
329.9 -757.1 2083.9 0 0 0 0 0 0 0 0 0
126.8 112.6 2340.5 1 0.9756769538 -0.0614149347 0.2104346156 -0.0186469331 0.9332222939 0.3588153422 -0.2184188962 -0.3540118039 0.9093782306
139.3 -77.1 2412.5 0.9756769538 -0.0614149347 0.2104346156 -0.0186469331 0.9332222939 0.3588153422 -0.2184188962 -0.3540118039 0.9093782306
150.9 -263.0 2481.9 0.9757974744 -0.0582141615 0.2107851803 -0.0205297414 0.9352697134 0.3533398807 -0.2177103758 -0.3491155505 0.9114387035
2.0 -74.2 2443.1 -0.3035225868 -0.7874773741 0.5364264846 0.9239475727 -0.3807999790 -0.0362256877 0.2327981144 0.4846346378 0.8431692123
99.0 -369.5 2368.7 0.3379954696 -0.7874773741 0.5154012442 0.3907191157 -0.3807999790 -0.8380512595 0.8562112451 0.4846346378 0.1789737940
276.6 -80.0 2381.8 0.0233729687 0.6780617237 0.7346332669 -0.9738882184 0.1814297885 -0.1364734471 -0.2258217782 -0.7122608423 0.6645968556
282.2 -311.7 2328.1 -0.5470388532 0.6780617237 0.4908979535 -0.5226461887 0.1814297885 -0.8330211043 -0.6539032459 -0.7122608423 0.2551372349
75.7 -449.1 2572.0 0.8388733864 0.5436682105 0.0267639421 0.0895702988 -0.0893731117 -0.9919624925 -0.5369064808 0.8345282078 -0.1236692443
-159.2 -410.5 2211.4 0.8388733864 -0.1083197072 0.5334399939 0.0895702988 0.9941102862 0.0610070303 -0.5369064808 -0.0033967923 0.8436349034
251.6 -450.9 2531.0 0.9883261919 -0.0281735267 0.1497249156 0.1431741416 -0.1641976237 -0.9759817123 0.0520813204 0.9860250354 -0.1582470834
263.8 -379.9 2104.3 0.9883261919 -0.1461977661 -0.0428661816 0.1431741416 0.9874464869 -0.0667127818 0.0520813204 0.0597966649 0.9968509674
7.7 -474.9 2137.6 0 0 0 0 0 0 0 0 0
140.1 -447.5 2158.2 0 0 0 0 0 0 0 0 0
-117.8 -790.5 2212.7 0 0 0 0 0 0 0 0 0
319.7 -757.3 2081.4 0 0 0 0 0 0 0 0 0
126.9 112.5 2339.6 2 0.9771206975 -0.0572900213 0.2048242092 -0.0216796100 0.9311930537 0.3638811409 -0.2115776390 -0.3599963188 0.9086459875
138.5 -76.5 2412.7 0.9771206975 -0.0572900213 0.2048242092 -0.0216796100 0.9311930537 0.3638811409 -0.2115776390 -0.3599963188 0.9086459875
149.4 -262.2 2482.7 0.9771671891 -0.0546343327 0.2053274959 -0.0224541519 0.9344095588 0.3554920852 -0.2112820446 -0.3519856632 0.9118475914
1.0 -73.3 2442.4 -0.3072072566 -0.7835333347 0.5400918722 0.9242282510 -0.3808937371 -0.0268719010 0.2267726362 0.4909129441 0.8411769271
99.0 -368.1 2370.1 0.3432494104 -0.7835333347 0.5179337859 0.3932391703 -0.3808937371 -0.8368290663 0.8529611826 0.4909129441 0.1773744375
276.0 -79.6 2383.0 0.0304791089 0.6750797629 0.7371148467 -0.9724051356 0.1906791329 -0.1344235241 -0.2312990278 -0.7126771808 0.6622627974
283.3 -312.1 2327.7 -0.5559141636 0.6750797629 0.4850017726 -0.5035952330 0.1906791329 -0.8426347375 -0.6613253951 -0.7126771808 0.2339657396
73.5 -447.9 2571.6 0.8451756239 0.5339419246 0.0241700076 0.0844616443 -0.0887681618 -0.9924648404 -0.5277730227 0.8408485055 -0.1201222986
-156.2 -409.7 2209.9 0.8451756239 -0.1052045450 0.5240325928 0.0844616443 0.9944067597 0.0634143576 -0.5277730227 -0.0093356129 0.8493341208
249.7 -450.1 2533.1 0.9886471629 -0.0319847167 0.1468120515 0.1398882568 -0.1607204229 -0.9770364761 0.0548459291 0.9864816070 -0.1544215083
263.6 -380.5 2105.7 0.9886471629 -0.1428805441 -0.0464967825 0.1398882568 0.9882072210 -0.0622721277 0.0548459291 0.0550608076 0.9969755411
6.3 -474.3 2139.9 0 0 0 0 0 0 0 0 0
138.9 -442.9 2155.9 0 0 0 0 0 0 0 0 0
-115.9 -789.9 2213.5 0 0 0 0 0 0 0 0 0
318.2 -758.2 2084.7 0 0 0 0 0 0 0 0 0
126.9 111.2 2339.2 3 0.9802752137 -0.0526664071 0.1904906780 -0.0211329013 0.9303823709 0.3659809530 -0.1965040714 -0.3627876937 0.9109178185
137.6 -77.5 2412.8 0.9802752137 -0.0526664071 0.1904906780 -0.0211329013 0.9303823709 0.3659809530 -0.1965040714 -0.3627876937 0.9109178185
147.7 -263.1 2483.5 0.9802925587 -0.0508123375 0.1909047067 -0.0214447603 0.9332740307 0.3585242927 -0.1963838637 -0.3555525839 0.9137919545
-0.3 -74.5 2440.5 -0.3147194982 -0.7841562033 0.5348370671 0.9260404110 -0.3773329258 -0.0083108991 0.2083286792 0.4926651418 0.8449143171
98.5 -365.2 2375.1 0.3263801932 -0.7841562033 0.5278021097 0.4244562984 -0.3773329258 -0.8230776191 0.8445785046 0.4926651418 0.2096860260
275.6 -80.6 2385.2 0.0339309908 0.6736471057 0.7382738590 -0.9705556631 0.1984729767 -0.1364924908 -0.2384751886 -0.7119045258 0.6605464220
283.7 -312.3 2328.2 -0.5592622757 0.6736471057 0.4831410348 -0.4928171337 0.1984729767 -0.8471952081 -0.6666010618 -0.7119045258 0.2209863812
69.4 -447.7 2572.0 0.8562362194 0.5158052444 0.0283631478 0.0833022743 -0.0836782530 -0.9930048585 -0.5098237395 0.8526094556 -0.1146160960
-151.9 -411.8 2206.3 0.8562362194 -0.1057683229 0.5056407452 0.0833022743 0.9942749739 0.0669178069 -0.5098237395 -0.0151764266 0.8601449728
247.7 -450.6 2536.1 0.9877395630 -0.0452614538 0.1494055092 0.1406334043 -0.1574875265 -0.9774558544 0.0677705780 0.9864832163 -0.1491913944
267.3 -382.4 2108.5 0.9877395630 -0.1441052258 -0.0600357316 0.1406334043 0.9883297682 -0.0585369393 0.0677705780 0.0493762232 0.9964783788
10.4 -479.7 2147.2 0 0 0 0 0 0 0 0 0
138.3 -440.4 2155.0 0 0 0 0 0 0 0 0 0
-111.4 -791.9 2212.1 0 0 0 0 0 0 0 0 0
322.4 -760.2 2089.6 0 0 0 0 0 0 0 0 0
126.2 110.1 2339.0 4 0.9774028063 -0.0495306477 0.2055004388 -0.0291811954 0.9312373996 0.3632428944 -0.2093613446 -0.3610313833 0.9087486863
136.2 -78.6 2412.2 0.9774028063 -0.0495306477 0.2055004388 -0.0291811954 0.9312373996 0.3632428944 -0.2093613446 -0.3610313833 0.9087486863
145.4 -264.1 2483.0 0.9775075912 -0.0462187789 0.2057735622 -0.0312209185 0.9332284927 0.3579243422 -0.2085765749 -0.3562981784 0.9107949138
-1.3 -74.2 2441.5 -0.3168495595 -0.7685076594 0.5558797717 0.9235491753 -0.3834619522 -0.0037189326 0.2160167694 0.5122039914 0.8312543631
98.8 -366.1 2373.2 0.3405992985 -0.7685076594 0.5416530967 0.4325017929 -0.3834619522 -0.8160264492 0.8348259330 0.5122039914 0.2017740756
273.8 -83.0 2382.8 0.0419225097 0.6848689914 0.7274592519 -0.9744938612 0.1886890680 -0.1214831695 -0.2204636633 -0.7038117051 0.6753109097
283.6 -312.1 2331.0 -0.5562431812 0.6848689914 0.4706888497 -0.4885438085 0.1886890680 -0.8518928289 -0.6722487807 -0.7038117051 0.2296314836
65.6 -447.3 2572.9 0.8522643447 0.5228106380 0.0177354682 0.0737954304 -0.0865952373 -0.9935066700 -0.5178800225 0.8480390906 -0.1123830676
-158.3 -410.2 2209.6 0.8522643447 -0.0959423780 0.5142378211 0.0737954304 0.9952571392 0.0633833557 -0.5178800225 -0.0160709731 0.8553022742
244.2 -452.5 2534.7 0.9899348021 -0.0337083638 0.1374513805 0.1306577772 -0.1555383950 -0.9791508317 0.0543845370 0.9872545600 -0.1495686024
258.8 -385.1 2106.6 0.9899348021 -0.1333547980 -0.0473881029 0.1306577772 0.9898404479 -0.0560750403 0.0543845370 0.0493190102 0.9973013401
6.9 -482.8 2148.0 0 0 0 0 0 0 0 0 0
139.0 -439.1 2156.3 0 0 0 0 0 0 0 0 0
-121.6 -790.7 2215.8 0 0 0 0 0 0 0 0 0
309.8 -763.5 2087.8 0 0 0 0 0 0 0 0 0
127.6 112.8 2341.4 5 0.9764812589 -0.0456338860 0.2107176334 -0.0342953056 0.9320240617 0.3607700169 -0.2128572315 -0.3595117927 0.9085389972
136.8 -75.6 2414.1 0.9764812589 -0.0456338860 0.2107176334 -0.0342953056 0.9320240617 0.3607700169 -0.2128572315 -0.3595117927 0.9085389972
145.1 -261.4 2484.5 0.9766051173 -0.0415237844 0.2109934986 -0.0369471647 0.9341879487 0.3548631072 -0.2118428349 -0.3543567359 0.9107984900
-0.6 -70.4 2443.9 -0.3063689470 -0.7871455550 0.5352942944 0.9244844317 -0.3800569773 -0.0297534280 0.2268625945 0.4857557118 0.8441414237
98.7 -370.1 2370.4 0.3374168575 -0.7871455550 0.5162864923 0.3939187527 -0.3800569773 -0.8368899226 0.8549724221 0.4857557118 0.1818337590
274.3 -80.8 2384.3 0.0350680165 0.6856250763 0.7271096706 -0.9737468958 0.1871811450 -0.1295385063 -0.2249160707 -0.7034781575 0.6741893291
282.6 -313.1 2330.6 -0.5587482452 0.6856250763 0.4666033387 -0.4841080308 0.1871811450 -0.8547529578 -0.6733794212 -0.7034781575 0.2273294628
