12.1 90.2 2831.1 01 0.9643399715 -0.0565804169 0.2585479021 0.0072760475 0.9821801186 0.1878010780 -0.2645664811 -0.1792228818 0.9475672841
23.5 -107.2 2867.1 0.9643399715 -0.0565804169 0.2585479021 0.0072760475 0.9821801186 0.1878010780 -0.2645664811 -0.1792228818 0.9475672841
35.5 -302.0 2904.2 0.9642442465 -0.0602862202 0.2580669820 0.0088839214 0.9805880189 0.1958781034 -0.2648661435 -0.1865816861 0.9460619688
-117.3 -108.5 2905.8 0.4560933113 -0.7456040978 -0.4858532846 0.8803119659 0.4580503702 0.1234532669 0.1304980069 -0.4840086699 0.8652779460
-230.2 -326.2 2873.5 -0.4349448681 -0.7456040978 -0.5048737526 0.2157724500 0.4580503702 -0.8623410463 0.8742226362 -0.4840086699 -0.0383458361
164.4 -105.9 2828.4 0.2153465599 0.4585680366 0.8621723652 -0.9310491681 0.3627364337 0.0396195650 -0.2945730686 -0.8112568259 0.5050634146
215.8 -328.3 2758.1 -0.8129168749 0.4585680366 0.3590007424 -0.1975670606 0.3627364337 -0.9107082486 -0.5478443503 -0.8112568259 -0.2042766213
-42.0 -495.5 2972.7 0.9241150618 0.2122102231 -0.3177706003 -0.3334721327 0.0418476351 -0.9418307543 -0.1865681559 0.9763275981 0.1094382256
-147.8 -516.3 2485.9 0.9241150618 0.1784573495 0.3378821015 -0.3334721327 0.8083799481 0.4850960672 -0.1865681559 -0.5609588623 0.8065466285
135.2 -495.2 2925.1 0.9723510146 0.1487754434 0.1799981743 0.1845233142 -0.0170785692 -0.9826797247 -0.1431245059 0.9887235165 -0.0440589041
63.8 -487.0 2450.6 0.9723510146 -0.2288289219 0.0465918407 0.1845233142 0.8751550317 0.4472748339 -0.1431245059 -0.4263108671 0.8931821585
-116.9 -382.4 2646.0 0 0 0 0 0 0 0 0 0
4.6 -379.6 2615.7 0 0 0 0 0 0 0 0 0
-216.0 -825.2 2700.3 0 0 0 0 0 0 0 0 0
151.2 -821.5 2613.6 0 0 0 0 0 0 0 0 0
11.5 92.3 2825.4 02 0.9619777203 -0.0614690445 0.2661209702 0.0035156547 0.9770518541 0.2129725516 -0.2731052041 -0.2039392740 0.9401182532
23.9 -104.5 2866.5 0.9619777203 -0.0614690445 0.2661209702 0.0035156547 0.9770518541 0.2129725516 -0.2731052041 -0.2039392740 0.9401182532
36.9 -298.4 2907.8 0.9617857933 -0.0656692088 0.2658113539 0.0064645973 0.9759879112 0.2177288532 -0.2737267315 -0.2076901495 0.9391158223
-116.6 -105.5 2906.5 0.4461884797 -0.7344387174 -0.5113859177 0.8805577159 0.4623122513 0.1043335274 0.1597933918 -0.4968572557 0.8529940844
-228.8 -327.0 2866.3 -0.4468740225 -0.7344387174 -0.5107870102 0.2215733230 0.4623122513 -0.8585876226 0.8667230606 -0.4968572557 -0.0438632965
164.4 -103.6 2826.5 0.2214300334 0.4821135402 0.8476645947 -0.9369710684 0.3461067975 0.0479090102 -0.2702848911 -0.8048456907 0.5283648968
217.3 -327.5 2761.9 -0.8026047945 0.4821135402 0.3512721062 -0.1938528866 0.3461067975 -0.9179494381 -0.5641335249 -0.8048456907 -0.1843278706
-41.0 -497.5 2965.5 0.9222854972 0.2137771845 -0.3220073879 -0.3389961123 0.0472091697 -0.9396025538 -0.1856638938 0.9757410288 0.1160099655
-145.5 -520.6 2488.9 0.9222854972 0.1830287278 0.3404260874 -0.3389961123 0.8061411977 0.4849928021 -0.1856638938 -0.5627049208 0.8055383563
135.8 -495.9 2916.9 0.9718130231 0.1499048322 0.1819561273 0.1843418926 -0.0020575668 -0.9828600287 -0.1469610780 0.9886983037 -0.0296333097
64.8 -494.9 2448.5 0.9718130231 -0.2311762124 0.0462282449 0.1843418926 0.8673704863 0.4622623920 -0.1469610780 -0.4407108128 0.8855373859
-112.5 -384.7 2640.7 0 0 0 0 0 0 0 0 0
8.8 -377.9 2615.4 0 0 0 0 0 0 0 0 0
-215.4 -828.7 2703.9 0 0 0 0 0 0 0 0 0
153.1 -826.3 2616.9 0 0 0 0 0 0 0 0 0
12.0 90.2 2822.1 03 0.9637138247 -0.0562455915 0.2609446347 -0.0032964949 0.9749670625 0.2223248482 -0.2669172287 -0.2151177227 0.9394038320
23.3 -106.0 2865.4 0.9637138247 -0.0562455915 0.2609446347 -0.0032964949 0.9749670625 0.2223248482 -0.2669172287 -0.2151177227 0.9394038320
34.6 -299.5 2908.7 0.9637324810 -0.0567284711 0.2607710361 -0.0036189612 0.9742780328 0.2253203243 -0.2668455541 -0.2180922478 0.9387381077
-117.4 -105.5 2904.3 0.4383872449 -0.7340440154 -0.5186482072 0.8829098344 0.4596913755 0.0956769511 0.1681870222 -0.4998631775 0.8496175408
-226.9 -326.0 2862.3 -0.4455984235 -0.7340440154 -0.5124660134 0.2294182330 0.4596913755 -0.8579342365 0.8653376698 -0.4998631775 -0.0364346690
164.1 -106.5 2826.4 0.2302538157 0.4946312904 0.8380471468 -0.9371804595 0.3446266949 0.0540855303 -0.2620610297 -0.7978548408 0.5429103971
218.5 -327.8 2764.5 -0.7940424681 0.4946312904 0.3533220589 -0.1940116286 0.3446266949 -0.9184725881 -0.5760695338 -0.7978548408 -0.1776840091
-38.2 -492.8 2974.1 0.9216058254 0.2118534446 -0.3252088130 -0.3434997797 0.0551188663 -0.9375339150 -0.1806946397 0.9757458568 0.1235694811
-144.0 -520.4 2486.7 0.9216058254 0.1887168735 0.3391586542 -0.3434997797 0.8034014106 0.4863682687 -0.1806946397 -0.5647407770 0.8052436113
138.2 -491.6 2923.9 0.9727210402 0.1521146744 0.1751424372 0.1795281470 -0.0154835070 -0.9836309552 -0.1469128877 0.9882415533 -0.0423699953
65.1 -484.2 2448.8 0.9727210402 -0.2260925621 0.0519220605 0.1795281470 0.8754407167 0.4487462938 -0.1469128877 -0.4271834791 0.8921495676
-111.0 -385.7 2637.1 0 0 0 0 0 0 0 0 0
12.2 -378.2 2614.9 0 0 0 0 0 0 0 0 0
-216.1 -827.4 2702.5 0 0 0 0 0 0 0 0 0
151.5 -818.7 2612.0 0 0 0 0 0 0 0 0 0
12.6 87.6 2820.9 04 0.9622283578 -0.0597372614 0.2656088769 -0.0025725567 0.9735904932 0.2282868773 -0.2722314894 -0.2203474045 0.9366627336
24.6 -107.9 2865.2 0.9622283578 -0.0597372614 0.2656088769 -0.0025725567 0.9735904932 0.2282868773 -0.2722314894 -0.2203474045 0.9366627336
36.7 -301.3 2909.4 0.9621900916 -0.0609954000 0.2654614449 -0.0019558871 0.9730315208 0.2306639403 -0.2723717690 -0.2224617749 0.9361220002
-116.0 -107.7 2905.0 0.4406680465 -0.7306820750 -0.5214550495 0.8792324662 0.4684559703 0.0865985453 0.1810027361 -0.4966414273 0.8488729596
-225.6 -326.4 2859.9 -0.4436070323 -0.7306820750 -0.5189571381 0.2271861434 0.4684559703 -0.8537771702 0.8669482470 -0.4966414273 -0.0418095291
165.1 -108.2 2825.4 0.2240694612 0.4815774262 0.8472756743 -0.9347063303 0.3523069620 0.0469458364 -0.2758930624 -0.8024730682 0.5290746689
217.7 -327.5 2760.7 -0.8016067147 0.4815774262 0.3542737067 -0.1930676699 0.3523069620 -0.9157536030 -0.5658193827 -0.8024730682 -0.1894345880
-42.5 -492.7 2976.5 0.9276835322 0.2042337507 -0.3125568926 -0.3289361894 0.0509986356 -0.9429740906 -0.1766471565 0.9775928259 0.1144904718
-145.0 -518.3 2485.9 0.9276835322 0.1791884750 0.3275587559 -0.3289361894 0.8073087335 0.4899526834 -0.1766471565 -0.5622669458 0.8078685999
134.3 -493.4 2927.5 0.9735706449 0.1443846971 0.1769555062 0.1815635711 -0.0192821790 -0.9831901193 -0.1385455281 0.9893337488 -0.0449875630
64.7 -484.1 2451.2 0.9735706449 -0.2238500267 0.0452918857 0.1815635711 0.8789045811 0.4410912097 -0.1385455281 -0.4212100804 0.8963186741
-110.2 -385.5 2634.3 0 0 0 0 0 0 0 0 0
9.4 -377.7 2613.7 0 0 0 0 0 0 0 0 0
-213.5 -826.8 2700.8 0 0 0 0 0 0 0 0 0
150.3 -819.9 2612.1 0 0 0 0 0 0 0 0 0
14.9 90.8 2819.8 05 0.9627420306 -0.0545676537 0.2648587227 -0.0065480559 0.9744380713 0.2245608121 -0.2703421712 -0.2179284394 0.9377751946
25.9 -105.5 2863.7 0.9627420306 -0.0545676537 0.2648587227 -0.0065480559 0.9744380713 0.2245608121 -0.2703421712 -0.2179284394 0.9377751946
37.3 -298.9 2907.5 0.9626096487 -0.0576347597 0.2646902204 -0.0042491890 0.9737719893 0.2274864018 -0.2708590627 -0.2201053202 0.9371173978
-114.7 -104.8 2903.3 0.4383868575 -0.7312239408 -0.5226170421 0.8805500269 0.4659593105 0.0866809860 0.1801350564 -0.4981902242 0.8481496572
-225.2 -326.8 2857.9 -0.4457308054 -0.7312239408 -0.5163677335 0.2264712453 0.4659593105 -0.8553318977 0.8660455346 -0.4981902242 -0.0420912206
166.5 -106.1 2824.2 0.2153299451 0.4751937687 0.8531259298 -0.9355091453 0.3509573340 0.0406392366 -0.2800993025 -0.8068580031 0.5201197267
217.6 -328.1 2757.7 -0.8052825332 0.4751937687 0.3545573354 -0.1960475743 0.3509573340 -0.9156387448 -0.5595403314 -0.8068580031 -0.1894592345
-39.4 -494.4 2978.6 0.9245140553 0.2088089138 -0.3188614249 -0.3362405896 0.0528539158 -0.9402918220 -0.1794882417 0.9765271544 0.1190742254
-144.1 -520.9 2489.0 0.9245140553 0.1858724505 0.3327539563 -0.3362405896 0.8088561296 0.4823836982 -0.1794882417 -0.5578559041 0.8102967143
137.0 -494.8 2928.6 0.9733519554 0.1531126350 0.1707116216 0.1755580008 -0.0186100788 -0.9842931628 -0.1475307643 0.9880334735 -0.0449943058
63.4 -485.8 2453.5 0.9733519554 -0.2224665731 0.0556287542 0.1755580008 0.8789798617 0.4433664382 -0.1475307643 -0.4217855334 0.8946125507
-109.2 -385.7 2632.5 0 0 0 0 0 0 0 0 0
8.4 -379.1 2612.3 0 0 0 0 0 0 0 0 0
-215.2 -830.0 2702.1 0 0 0 0 0 0 0 0 0
148.4 -821.7 2614.7 0 0 0 0 0 0 0 0 0
11.4 88.9 2829.8 06 0.9564776421 -0.0682996958 0.2837000191 0.0125736548 0.9809659123 0.1937724799 -0.2915346324 -0.1817718893 0.9391307235
25.1 -106.8 2866.1 0.9564776421 -0.0682996958 0.2837000191 0.0125736548 0.9809659123 0.1937724799 -0.2915346324 -0.1817718893 0.9391307235
38.8 -301.4 2903.3 0.9565081596 -0.0695155710 0.2833014131 0.0121390400 0.9798341393 0.1994435340 -0.2914528251 -0.1873303652 0.9380632043
-114.6 -108.6 2908.6 0.4423880875 -0.7220879793 -0.5318662524 0.8732522130 0.4819077849 0.0720793679 0.2042628527 -0.4963404536 0.8437551856
-224.9 -326.4 2857.7 -0.4441671371 -0.7220879793 -0.5303815007 0.2271021903 0.4819077849 -0.8462797999 0.8666834235 -0.4963404536 -0.0500598364
164.8 -105.0 2823.5 0.2176639885 0.4726620615 0.8539396524 -0.9342146516 0.3542230129 0.0420604646 -0.2826046944 -0.8069179654 0.5186694264
216.7 -328.1 2756.1 -0.8051043153 0.4726620615 0.3583260775 -0.1987442672 0.3542230129 -0.9137979746 -0.5588449836 -0.8069179654 -0.1912476271
-39.5 -492.0 2976.0 0.9232050180 0.2116956264 -0.3207452297 -0.3384467661 0.0524751917 -0.9395212531 -0.1820613593 0.9759258628 0.1200930551
-144.9 -518.2 2490.1 0.9232050180 0.1871307641 0.3356704116 -0.3384467661 0.8096731901 0.4794613123 -0.1820613593 -0.5562476516 0.8108280897
137.1 -492.8 2926.4 0.9722792506 0.1536916047 0.1762157083 0.1804149598 -0.0137055917 -0.9834951162 -0.1487397999 0.9880238175 -0.0410539284
63.5 -486.3 2453.4 0.9722792506 -0.2273815125 0.0545044094 0.1804149598 0.8778142333 0.4437258244 -0.1487397999 -0.4215919971 0.8945035934
-109.3 -385.5 2632.1 0 0 0 0 0 0 0 0 0
7.5 -379.7 2610.9 0 0 0 0 0 0 0 0 0
-216.4 -827.6 2702.7 0 0 0 0 0 0 0 0 0
150.4 -821.7 2614.5 0 0 0 0 0 0 0 0 0
11.8 89.8 2824.8 07 0.9643229246 -0.0737778619 0.2542402446 0.0198776554 0.9778488278 0.2083663642 -0.2639813721 -0.1958787590 0.9444285631
26.6 -106.9 2864.2 0.9643229246 -0.0737778619 0.2542402446 0.0198776554 0.9778488278 0.2083663642 -0.2639813721 -0.1958787590 0.9444285631
41.7 -300.9 2903.9 0.9642300010 -0.0761191398 0.2539023459 0.0210896451 0.9768740535 0.2127729207 -0.2642267048 -0.1998073161 0.9435365796
-114.2 -110.0 2902.7 0.4525698423 -0.7313564420 -0.5101943016 0.8766642809 0.4696294069 0.1044412255 0.1632184833 -0.4945361018 0.8536942005
-226.4 -327.5 2862.3 -0.4408784211 -0.7313564420 -0.5203306079 0.2276741862 0.4696294069 -0.8530021906 0.8682112098 -0.4945361018 -0.0405384786
167.4 -103.7 2825.6 0.2045550197 0.4621497393 0.8628875017 -0.9341708422 0.3554709852 0.0310683642 -0.2923732400 -0.8124395609 0.5044401884
216.5 -328.0 2755.4 -0.8102177978 0.4621497393 0.3605062664 -0.2031825185 0.3554709852 -0.9123361707 -0.5497854352 -0.8124395609 -0.1941081583
-35.1 -497.1 2967.1 0.9189977050 0.2208914906 -0.3265733421 -0.3451778293 0.0505263805 -0.9371762872 -0.1905136853 0.9739887118 0.1226804778
-143.3 -521.9 2490.0 0.9189977050 0.1871741712 0.3470000327 -0.3451778293 0.8072608113 0.4787298143 -0.1905136853 -0.5597283244 0.8064792156
140.3 -494.9 2913.7 0.9722388983 0.1625845432 0.1682789028 0.1724808663 -0.0119813364 -0.9849399924 -0.1581198126 0.9866218567 -0.0396914408
64.1 -489.3 2451.7 0.9722388983 -0.2247123569 0.0652370602 0.1724808663 0.8766491413 0.4491510689 -0.1581198126 -0.4254299700 0.8910709620
-111.7 -386.7 2636.3 0 0 0 0 0 0 0 0 0
6.0 -380.8 2612.6 0 0 0 0 0 0 0 0 0
-214.9 -830.4 2703.9 0 0 0 0 0 0 0 0 0
150.0 -824.3 2614.3 0 0 0 0 0 0 0 0 0
11.5 89.1 2821.8 08 0.9646902084 -0.0770281851 0.2518718541 0.0219607167 0.9764734507 0.2145165652 -0.2624700069 -0.2014107406 0.9436859488
27.1 -108.2 2862.5 0.9646902084 -0.0770281851 0.2518718541 0.0219607167 0.9764734507 0.2145165652 -0.2624700069 -0.2014107406 0.9436859488
42.8 -302.0 2903.5 0.9646233320 -0.0792451501 0.2514399886 0.0227963664 0.9752537012 0.2199102193 -0.2626446187 -0.2063986063 0.9425590038
-113.8 -111.6 2900.8 0.4569133222 -0.7292206287 -0.5093795061 0.8740101457 0.4744907916 0.1047125384 0.1653373390 -0.4930474162 0.8541474342
-226.8 -327.9 2859.9 -0.4493792951 -0.7292206287 -0.5160382986 0.2113080770 0.4744907916 -0.8545217514 0.8679903150 -0.4930474162 -0.0591361299
168.0 -104.9 2824.1 0.2013301998 0.4641070664 0.8625953794 -0.9363215566 0.3498327434 0.0303154383 -0.2876944840 -0.8137700558 0.5049853325
216.1 -328.6 2755.3 -0.8110257983 0.4641070664 0.3561485708 -0.2015601248 0.3498327434 -0.9148718715 -0.5491909385 -0.8137700558 -0.1901778877
-31.7 -496.9 2967.8 0.9160280228 0.2285842597 -0.3296086490 -0.3485518098 0.0469513647 -0.9361128211 -0.1985050887 0.9723913074 0.1226822287
-143.5 -519.9 2491.9 0.9160280228 0.1874060184 0.3546429574 -0.3485518098 0.8094468117 0.4725542665 -0.1985050887 -0.5564844012 0.8067966700
145.1 -493.0 2919.4 0.9710653424 0.1732386947 0.1643789560 0.1696441323 -0.0159338899 -0.9853765965 -0.1680861562 0.9847509861 -0.0448617749
63.0 -485.4 2452.6 0.9710653424 -0.2264157534 0.0759472847 0.1696441323 0.8778288364 0.4479256868 -0.1680861562 -0.4220811129 0.8908392787
-109.9 -382.9 2634.0 0 0 0 0 0 0 0 0 0
5.4 -381.0 2612.6 0 0 0 0 0 0 0 0 0
-215.1 -829.2 2704.5 0 0 0 0 0 0 0 0 0
149.5 -820.9 2613.8 0 0 0 0 0 0 0 0 0
11.1 87.9 2820.8 09 0.9693391323 -0.0764532387 0.2335305512 0.0244426131 0.9756531715 0.2179529071 -0.2445080280 -0.2055621892 0.9476075172
26.5 -108.6 2862.2 0.9693391323 -0.0764532387 0.2335305512 0.0244426131 0.9756531715 0.2179529071 -0.2445080280 -0.2055621892 0.9476075172
42.5 -302.2 2903.8 0.9690967202 -0.0806385055 0.2331286967 0.0274521168 0.9744452238 0.2229414582 -0.2451488078 -0.2096519619 0.9465453625
-115.0 -112.6 2898.0 0.4585222304 -0.7279006243 -0.5098215938 0.8750820756 0.4698010087 0.1162684038 0.1548828632 -0.4994474053 0.8523870111
-227.9 -328.1 2859.8 -0.4536075294 -0.7279006243 -0.5141993165 0.2163006216 0.4698010087 -0.8558627367 0.8645543456 -0.4994474053 -0.0556599125
168.1 -104.6 2826.4 0.2024837136 0.4815167487 0.8527262211 -0.9383405447 0.3445562124 0.0282495040 -0.2802095115 -0.8058676124 0.5215936899
216.5 -328.8 2759.4 -0.8042424321 0.4815167487 0.3483328223 -0.1917336732 0.3445562124 -0.9189772606 -0.5625231862 -0.8058676124 -0.1847837567
-29.9 -497.8 2968.6 0.9142490625 0.2331934273 -0.3313148022 -0.3522150517 0.0533115789 -0.9343994856 -0.2002329081 0.9709679484 0.1308742911
-144.9 -524.1 2489.9 0.9142490625 0.1848794818 0.3605110943 -0.3522150517 0.8024411798 0.4816977382 -0.2002329081 -0.5673691034 0.7987484336
147.0 -493.6 2920.4 0.9684880376 0.1811029464 0.1709754169 0.1771636009 -0.0184399690 -0.9840086699 -0.1750540882 0.9832912683 -0.0499437377
60.6 -484.8 2451.3 0.9684880376 -0.2362025231 0.0789888725 0.1771636009 0.8762596250 0.4480871856 -0.1750540882 -0.4199731350 0.8904934525
-109.8 -384.4 2634.8 0 0 0 0 0 0 0 0 0
7.5 -378.6 2613.3 0 0 0 0 0 0 0 0 0
-215.5 -830.7 2706.7 0 0 0 0 0 0 0 0 0
150.8 -819.7 2611.8 0 0 0 0 0 0 0 0 0
12.0 87.8 2819.8 10 0.9710315466 -0.0742560476 0.2271206677 0.0230789799 0.9751902223 0.2201620787 -0.2378342301 -0.2085426152 0.9486542344
27.0 -108.4 2861.7 0.9710315466 -0.0742560476 0.2271206677 0.0230789799 0.9751902223 0.2201620787 -0.2378342301 -0.2085426152 0.9486542344
42.5 -302.0 2904.0 0.9707925916 -0.0784229115 0.2267413437 0.0261298064 0.9740072489 0.2250046730 -0.2384932488 -0.2125081569 0.9476081729
-114.8 -112.3 2896.6 0.4654606581 -0.7369954586 -0.4900857508 0.8768523335 0.4592649341 0.1421467811 0.1203176603 -0.4958965778 0.8600059748
-229.1 -327.5 2867.0 -0.4479479492 -0.7369954586 -0.5061425567 0.2175273001 0.4592649341 -0.8612535000 0.8671934605 -0.4958965778 -0.0454101451
168.8 -104.6 2826.9 0.2015590668 0.4714296460 0.8585616350 -0.9357457757 0.3516722918 0.0265785307 -0.2894024253 -0.8087525368 0.5120210052
216.8 -327.7 2757.9 -0.8083745241 0.4714296460 0.3525403738 -0.1942754686 0.3516722918 -0.9157421589 -0.5556866527 -0.8087525368 -0.1926957071
-30.3 -498.4 2968.0 0.9152790308 0.2284643501 -0.3317655623 -0.3502061069 0.0443345904 -0.9356228709 -0.1990477741 0.9725422859 0.1205881312
-143.2 -520.3 2487.3 0.9152790308 0.1865797639 0.3570046723 -0.3502061069 0.8065023422 0.4763503075 -0.1990477741 -0.5610186458 0.8035160303
147.4 -493.3 2923.0 0.9669741988 0.1830851585 0.1773153394 0.1818761677 -0.0082900357 -0.9832865000 -0.1785552055 0.9830620885 -0.0413150750
59.9 -489.4 2453.4 0.9669741988 -0.2420258224 0.0799024776 0.1818761677 0.8748643398 0.4489247501 -0.1785552055 -0.4195663035 0.8899899721
-112.5 -384.1 2641.3 0 0 0 0 0 0 0 0 0
6.8 -378.2 2613.5 0 0 0 0 0 0 0 0 0
-214.5 -828.5 2701.7 0 0 0 0 0 0 0 0 0
152.4 -823.7 2613.8 0 0 0 0 0 0 0 0 0
13.8 90.3 2819.3 11 0.9695443511 -0.0708046481 0.2344576716 0.0183662809 0.9756232500 0.2186822742 -0.2442260832 -0.2077160627 0.9472104907
28.1 -106.5 2861.2 0.9695443511 -0.0708046481 0.2344576716 0.0183662809 0.9756232500 0.2186822742 -0.2442260832 -0.2077160627 0.9472104907
43.2 -300.1 2903.2 0.9692533612 -0.0758373514 0.2340867817 0.0222362448 0.9744240046 0.2236144096 -0.2450581044 -0.2115338147 0.9461500645
-113.5 -109.7 2897.0 0.4948406518 -0.7358270288 -0.4622675776 0.8663003445 0.4594940841 0.1959308088 0.0682380423 -0.4974170923 0.8648235798
-232.2 -317.7 2880.6 -0.4410935044 -0.7358270288 -0.5138045549 0.2321139276 0.4594940841 -0.8573145866 0.8669254184 -0.4974170923 -0.0318841562
169.7 -103.2 2825.4 0.1953903437 0.4632326066 0.8644293547 -0.9369363189 0.3486071527 0.0249668807 -0.2897807956 -0.8147935867 0.5021339655
216.6 -327.9 2755.9 -0.8121744990 0.4632326066 0.3546661735 -0.2009442747 0.3486071527 -0.9154750109 -0.5477170348 -0.8147935867 -0.1900458932
-30.9 -497.9 2968.1 0.9142648578 0.2316633463 -0.3323430419 -0.3519167900 0.0477721989 -0.9348114133 -0.2006847858 0.9716222882 0.1252026707
-144.9 -521.4 2490.0 0.9142648578 0.1882905662 0.3587011099 -0.3519167900 0.8077478409 0.4729671776 -0.2006847858 -0.5586501956 0.8047580719
147.1 -493.1 2924.3 0.9717540741 0.1694860905 0.1642208695 0.1661352068 0.0029230346 -0.9860986471 -0.1676100343 0.9855282307 -0.0253171362
65.3 -494.5 2448.6 0.9717540741 -0.2245765328 0.0725218058 0.1661352068 0.8692420125 0.4656365216 -0.1676100343 -0.4404357672 0.8819995522
-117.4 -378.1 2655.0 0 0 0 0 0 0 0 0 0
5.5 -380.1 2613.6 0 0 0 0 0 0 0 0 0
-216.9 -830.1 2703.5 0 0 0 0 0 0 0 0 0
151.1 -826.6 2616.9 0 0 0 0 0 0 0 0 0
12.5 89.9 2819.5 12 0.9714772105 -0.0744826868 0.2251318693 0.0240836721 0.9754722714 0.2188009173 -0.2359067649 -0.2071381062 0.9494428635
27.4 -106.2 2861.2 0.9714772105 -0.0744826868 0.2251318693 0.0240836721 0.9754722714 0.2188009173 -0.2359067649 -0.2071381062 0.9494428635
42.7 -299.8 2903.2 0.9713976979 -0.0765714422 0.2247740477 0.0251103714 0.9743988514 0.2234197855 -0.2361271381 -0.2113852948 0.9484515190
-114.5 -109.9 2895.6 0.4874320328 -0.7544778585 -0.4395147264 0.8717489243 0.4491121173 0.1958369613 0.0496367291 -0.4786036909 0.8766269088
-231.4 -319.0 2883.7 -0.4199974239 -0.7544778585 -0.5043464303 0.2299824953 0.4491121173 -0.8633691669 0.8779010177 -0.4786036909 -0.0151092280
169.3 -102.5 2826.7 0.1953973323 0.4755923152 0.8576897979 -0.9395979643 0.3413834572 0.0247590616 -0.2810258865 -0.8107214570 0.5135709643
216.3 -328.5 2759.1 -0.8066391349 0.4755923152 0.3509205580 -0.1984118223 0.3413834572 -0.9187437296 -0.5567459464 -0.8107214570 -0.1810101122
-30.6 -495.8 2967.7 0.9171351194 0.2272956967 -0.3274138272 -0.3447093368 0.0399338566 -0.9378596544 -0.2000965625 0.9730066657 0.1149756834
-142.0 -515.4 2490.8 0.9171351194 0.1888691485 0.3509865999 -0.3447093368 0.8179445863 0.4605889022 -0.2000965625 -0.5434105992 0.8152706623
147.1 -491.7 2922.8 0.9695954919 0.1790231317 0.1668392420 0.1712089777 -0.0091311922 -0.9851924181 -0.1748487949 0.9838024974 -0.0395039283
60.5 -487.3 2446.5 0.9695954919 -0.2318933159 0.0781671330 0.1712089777 0.8710504770 0.4603896141 -0.1748487949 -0.4330087602 0.8842688203
-122.1 -378.8 2655.3 0 0 0 0 0 0 0 0 0
6.7 -380.0 2614.4 0 0 0 0 0 0 0 0 0
-214.2 -827.9 2698.4 0 0 0 0 0 0 0 0 0
149.1 -820.1 2611.9 0 0 0 0 0 0 0 0 0
12.1 87.7 2820.1 13 0.9708341360 -0.0766137913 0.2271815240 0.0277427454 0.9771012664 0.2109583020 -0.2381416857 -0.1985028833 0.9507287741
27.5 -108.0 2859.9 0.9708341360 -0.0766137913 0.2271815240 0.0277427454 0.9771012664 0.2109583020 -0.2381416857 -0.1985028833 0.9507287741
42.9 -301.9 2900.5 0.9708733559 -0.0774372369 0.2267342657 0.0272454415 0.9758738279 0.2166284770 -0.2380391508 -0.2041413486 0.9495597482
-114.3 -112.0 2894.7 0.4858644009 -0.7612968683 -0.4293749332 0.8724032044 0.4524028599 0.1850521415 0.0533708222 -0.4644983113 0.8839643002
-231.4 -322.2 2881.8 -0.4056399465 -0.7612968683 -0.5058490634 0.2265753597 0.4524028599 -0.8625515699 0.8855054379 -0.4644983113 -0.0110215489
169.3 -104.0 2825.1 0.1985424906 0.4485905468 0.8714054227 -0.9326567650 0.3597296178 0.0273129884 -0.3012179732 -0.8181449175 0.4898026288
216.8 -326.9 2753.2 -0.8183434010 0.4485905468 0.3592778146 -0.2026677132 0.3597296178 -0.9107801318 -0.5378102064 -0.8181449175 -0.2034675479
-31.2 -495.7 2966.8 0.9149791598 0.2282820493 -0.3327167630 -0.3543961942 0.0604227670 -0.9331411719 -0.1929157078 0.9717182517 0.1361878663
-142.4 -525.2 2493.7 0.9149791598 0.1950040907 0.3532513976 -0.3543961942 0.8069420457 0.4724910855 -0.1929157078 -0.5575104356 0.8074438572
147.0 -491.1 2923.5 0.9678132534 0.1809580475 0.1749047488 0.1777323037 0.0005988348 -0.9840787053 -0.1781817079 0.9834906459 -0.0315825306
59.7 -491.4 2449.1 0.9678132534 -0.2392868400 0.0779698417 0.1777323037 0.8691997528 0.4614141583 -0.1781817079 -0.4327049851 0.8837520480
-125.9 -381.2 2651.4 0 0 0 0 0 0 0 0 0
4.2 -379.6 2613.4 0 0 0 0 0 0 0 0 0
-216.9 -833.5 2706.6 0 0 0 0 0 0 0 0 0
151.1 -823.5 2614.4 0 0 0 0 0 0 0 0 0
13.4 88.3 2820.0 14 0.9646694064 -0.0433119237 0.2598789036 -0.0135332067 0.9769464731 0.2130549997 -0.2631156147 -0.2090446353 0.9418442249
22.1 -109.1 2862.2 0.9646694064 -0.0433119237 0.2598789036 -0.0135332067 0.9769464731 0.2130549997 -0.2631156147 -0.2090446353 0.9418442249
30.9 -302.8 2904.9 0.9647076130 -0.0439536013 0.2596292198 -0.0143881673 0.9756990671 0.2186420262 -0.2629300952 -0.2146612108 0.9406318665
-118.6 -107.0 2900.5 0.4606640041 -0.7591533065 -0.4598640800 0.8836087584 0.4411746860 0.1568453610 0.0838107094 -0.4785929322 0.8740277886
-232.1 -324.6 2879.9 -0.4250620008 -0.7591533065 -0.4929589927 0.2208362073 0.4411746860 -0.8698254228 0.8778118491 -0.4785929322 -0.0198780671
162.9 -111.2 2823.8 0.2260869443 0.4425638318 0.8677683473 -0.9261193871 0.3738156855 0.0506427810 -0.3019727767 -0.8151068091 0.4943818152
215.7 -327.7 2753.2 -0.8174866438 0.4425638318 0.3685822189 -0.2054264694 0.3738156855 -0.9044677019 -0.5380665064 -0.8151068091 -0.2146750093
-30.8 -498.4 2962.9 0.9129253626 0.2359469384 -0.3330109417 -0.3536528349 0.0500730202 -0.9340355396 -0.2037079632 0.9704750180 0.1291562319
-145.2 -522.6 2492.2 0.9129253626 0.1895607263 0.3614332378 -0.3536528349 0.8094516993 0.4687404633 -0.2037079632 -0.5557469726 0.8060076833
147.3 -493.4 2919.2 0.9688179493 0.1809682697 0.1692402959 0.1741167605 -0.0112906089 -0.9846602678 -0.1762814522 0.9834241271 -0.0424481556
60.8 -488.0 2448.9 0.9688179493 -0.2347876877 0.0791614726 0.1741167605 0.8724363446 0.4566598237 -0.1762814522 -0.4286368787 0.8861124516
-121.5 -382.0 2651.5 0 0 0 0 0 0 0 0 0
3.3 -381.1 2613.4 0 0 0 0 0 0 0 0 0
-217.6 -831.9 2704.6 0 0 0 0 0 0 0 0 0
150.5 -821.3 2612.7 0 0 0 0 0 0 0 0 0
12.0 87.9 2822.4 15 0.9656654596 -0.0312692896 0.2578999698 -0.0253430363 0.9766561389 0.2133084238 -0.2585496008 -0.2125205547 0.9423306584
18.3 -109.3 2865.3 0.9656654596 -0.0312692896 0.2578999698 -0.0253430363 0.9766561389 0.2133084238 -0.2585496008 -0.2125205547 0.9423306584
23.9 -303.0 2908.6 0.9657964706 -0.0281431023 0.2577694952 -0.0296476893 0.9755884409 0.2175964266 -0.2576007843 -0.2177961320 0.9413855076
-122.7 -104.9 2902.9 0.4394176304 -0.7666386962 -0.4681637585 0.8929649591 0.4294271171 0.1349294782 0.0976000577 -0.4773442149 0.8732792735
-230.5 -324.1 2878.9 -0.4312749207 -0.7666386962 -0.4756754339 0.2063685358 0.4294271171 -0.8792066574 0.8783017397 -0.4773442149 -0.0269910377
159.3 -113.6 2827.7 0.2414621562 0.4376544952 0.8661146164 -0.9176698923 0.3932134807 0.0571412779 -0.3155598342 -0.8086047769 0.4965685308
215.8 -328.3 2753.8 -0.8184755445 0.4376544952 0.3722316027 -0.1980750263 0.3932134807 -0.8978582621 -0.5393182039 -0.8086047769 -0.2351471931
-48.7 -495.2 2971.7 0.9273996949 0.1957500130 -0.3187658787 -0.3350428343 0.0556914434 -0.9405555725 -0.1663612276 0.9790711999 0.1172328666
-145.5 -522.8 2487.9 0.9273996949 0.1899538785 0.3222534359 -0.3350428343 0.8049230576 0.4897399247 -0.1663612276 -0.5621533394 0.8101280928
128.0 -497.9 2923.6 0.9742434025 0.1334612668 0.1817633063 0.1871543229 -0.0289193690 -0.9819047451 -0.1257897764 0.9906319976 -0.0531523563
64.4 -484.1 2451.5 0.9742434025 -0.2233667821 0.0309368242 0.1871543229 0.8774638176 0.4416226149 -0.1257897764 -0.4244579673 0.8966673613
-118.3 -377.8 2650.4 0 0 0 0 0 0 0 0 0
3.2 -379.8 2613.7 0 0 0 0 0 0 0 0 0
-218.0 -830.3 2702.7 0 0 0 0 0 0 0 0 0
149.8 -819.4 2613.7 0 0 0 0 0 0 0 0 0
12.8 89.0 2831.1 16 0.9672334790 -0.0321751386 0.2518415451 -0.0130272284 0.9843411446 0.1757918298 -0.2535541058 -0.1733125448 0.9516685605
19.3 -109.3 2866.0 0.9672334790 -0.0321751386 0.2518415451 -0.0130272284 0.9843411446 0.1757918298 -0.2535541058 -0.1733125448 0.9516685605
25.4 -304.5 2901.4 0.9673250914 -0.0304383151 0.2517055273 -0.0159066245 0.9835258126 0.1800665557 -0.2530398071 -0.1781866848 0.9509050250
-122.0 -107.0 2902.9 0.4464831054 -0.7670080662 -0.4608160853 0.8893858194 0.4369354546 0.1344630122 0.0982126668 -0.4698787332 0.8772503734
-231.6 -325.4 2878.8 -0.4312164783 -0.7670080662 -0.4751325548 0.1912559420 0.4369354546 -0.8789246678 0.8817445636 -0.4698787332 -0.0417189114
160.6 -111.6 2829.1 0.2442422658 0.4634018242 0.8518241644 -0.9239274263 0.3779421449 0.0593115836 -0.2944551706 -0.8015100956 0.5204591155
217.9 -328.5 2759.9 -0.8084940910 0.4634018242 0.3627617359 -0.1899479479 0.3779421449 -0.9061343670 -0.5570073128 -0.8015100956 -0.2175417542
-59.0 -494.1 2975.5 0.9361973405 0.1732010692 -0.3058365285 -0.3202215433 0.0616164804 -0.9453367591 -0.1448887736 0.9829571843 0.1131478995
-144.4 -524.5 2490.7 0.9361973405 0.1899294853 0.2957386971 -0.3202215433 0.8077760339 0.4949303269 -0.1448887736 -0.5580543280 0.8170572519
118.1 -499.5 2928.3 0.9737750888 0.1134458482 0.1972107142 0.2013075501 -0.0257533956 -0.9791894555 -0.1060061306 0.9932103753 -0.0479155183
63.6 -487.2 2451.7 0.9737750888 -0.2273645103 0.0082102427 0.2013075501 0.8778676391 0.4345384836 -0.1060061306 -0.4214899540 0.9006158710
-119.4 -375.2 2649.3 0 0 0 0 0 0 0 0 0
7.9 -377.9 2615.2 0 0 0 0 0 0 0 0 0
-217.0 -833.2 2704.0 0 0 0 0 0 0 0 0 0
150.5 -822.6 2612.8 0 0 0 0 0 0 0 0 0
10.9 86.3 2825.9 17 0.9629660845 -0.0421235822 0.2663117051 -0.0117103616 0.9802541733 0.1973946393 -0.2693681121 -0.1932029426 0.9434582591
19.4 -110.7 2864.8 0.9629660845 -0.0421235822 0.2663117051 -0.0117103616 0.9802541733 0.1973946393 -0.2693681121 -0.1932029426 0.9434582591
27.8 -305.2 2903.7 0.9630091190 -0.0419352315 0.2661857903 -0.0127136493 0.9796459675 0.2003301531 -0.2691687346 -0.1963039488 0.9428748488
-121.2 -108.8 2904.0 0.4460601807 -0.7395101190 -0.5041379333 0.8834255338 0.4541042745 0.1155363172 0.1434909254 -0.4969044924 0.8558599353
-232.7 -329.6 2868.2 -0.4583667219 -0.7395101190 -0.4929753840 0.2009057999 0.4541042745 -0.8680012226 0.8657579422 -0.4969044924 -0.0595744103
160.0 -112.6 2825.5 0.2518811524 0.4605631828 0.8511388898 -0.9240440726 0.3758031130 0.0701039359 -0.2875733674 -0.8041477203 0.5202383995
218.7 -327.9 2758.5 -0.8108312488 0.4605631828 0.3611568511 -0.1904904544 0.3758031130 -0.9069098234 -0.5534131527 -0.8041477203 -0.2169800103
-57.2 -498.3 2959.9 0.9328517914 0.1826705635 -0.3105140924 -0.3263059855 0.0631338209 -0.9431535006 -0.1526824385 0.9811450243 0.1185010001
-144.8 -528.6 2489.5 0.9328517914 0.1876295656 0.3075429499 -0.3263059855 0.8018485308 0.5005630255 -0.1526824385 -0.5673042536 0.8092304468
120.1 -501.2 2913.6 0.9710524678 0.0899302736 0.2212907970 0.2076655030 0.1399494410 -0.9681369662 -0.1180343404 0.9860662818 0.1172228307
81.4 -561.6 2488.4 0.9710524678 -0.2384180874 0.0146248499 0.2076655030 0.8728843331 0.4415291846 -0.1180343404 -0.4257109165 0.8971276879
-113.5 -381.8 2643.0 0 0 0 0 0 0 0 0 0
8.1 -377.4 2614.7 0 0 0 0 0 0 0 0 0
-216.5 -835.0 2706.2 0 0 0 0 0 0 0 0 0
152.8 -823.2 2616.0 0 0 0 0 0 0 0 0 0
11.4 86.8 2822.8 18 0.9647951126 -0.0437865928 0.2593320906 -0.0119197723 0.9777504802 0.2094322294 -0.2627324164 -0.2051503658 0.9428069592
20.3 -110.0 2864.1 0.9647951126 -0.0437865928 0.2593320906 -0.0119197723 0.9777504802 0.2094322294 -0.2627324164 -0.2051503658 0.9428069592
29.3 -304.0 2905.6 0.9647656679 -0.0454010181 0.2591639757 -0.0112744235 0.9769616723 0.2131169289 -0.2628690004 -0.2085298151 0.9420271516
-120.7 -108.3 2902.5 0.4332060814 -0.7355960011 -0.5207984447 0.8864253759 0.4522584677 0.0985512510 0.1630415916 -0.5043419003 0.8479720950
-227.4 -326.7 2862.4 -0.4571379721 -0.7355960011 -0.4999233782 0.2180261612 0.4522584677 -0.8648276329 0.8622583747 -0.5043419003 -0.0463653505
161.2 -111.7 2825.7 0.2362944037 0.5243085623 0.8180865049 -0.9273530841 0.3730815351 0.0287482031 -0.2901400328 -0.7654480338 0.5743762255
215.9 -326.3 2758.6 -0.7398996949 0.5243085623 0.4214842319 -0.2453351170 0.3730815351 -0.8947741985 -0.6263857484 -0.7654480338 -0.1474116147
-52.1 -498.6 2967.4 0.9294166565 0.1916265935 -0.3153790534 -0.3312417567 0.0564655587 -0.9418548346 -0.1626763791 0.9798423052 0.1159547642
-145.4 -526.1 2490.7 0.9294166565 0.1873339564 0.3179476261 -0.3312417567 0.8032877445 0.4949825704 -0.1626763791 -0.5653625727 0.8086417913
124.4 -501.0 2918.0 0.9710969925 0.1169723272 0.2080579400 0.2024532259 0.0580438413 -0.9775702357 -0.1264251471 0.9914375544 0.0326847769
71.8 -527.1 2471.7 0.9710969925 -0.2373921871 0.0248108506 0.2024532259 0.8742825985 0.4411832392 -0.1264251471 -0.4234086573 0.8970739841
-108.4 -383.4 2638.0 0 0 0 0 0 0 0 0 0
24.9 -389.7 2596.9 0 0 0 0 0 0 0 0 0
-217.0 -833.0 2706.7 0 0 0 0 0 0 0 0 0
152.7 -825.2 2616.0 0 0 0 0 0 0 0 0 0
9.5 87.6 2824.3 19 0.9667643905 -0.0619551651 0.2480486333 0.0109302029 0.9793233871 0.2020055950 -0.2554351091 -0.1925805956 0.9474521875
21.9 -108.8 2862.9 0.9667643905 -0.0619551651 0.2480486333 0.0109302029 0.9793233871 0.2020055950 -0.2554351091 -0.1925805956 0.9474521875
34.5 -303.1 2902.2 0.9667786956 -0.0630592331 0.2477144450 0.0107062608 0.9782318473 0.2072384953 -0.2553904653 -0.1977016628 0.9464088678
-119.3 -110.4 2900.2 0.4381042719 -0.7204785943 -0.5375641584 0.8830927610 0.4566898048 0.1076178029 0.1679637730 -0.5218668580 0.8363271952
-227.2 -328.0 2858.8 -0.4828859270 -0.7204785943 -0.4977266192 0.2097282559 0.4566898048 -0.8645510077 0.8501971960 -0.5218668580 -0.0694243684
163.1 -107.3 2825.6 0.1943560392 0.5591502786 0.8059632182 -0.9339771271 0.3566425145 -0.0222003516 -0.2998540998 -0.7484364510 0.5915491581
209.2 -329.0 2754.5 -0.7115589380 0.5591502786 0.4254819453 -0.2568548322 0.3566425145 -0.8982381225 -0.6539950371 -0.7484364510 -0.1101517156
-50.1 -497.1 2971.1 0.9291592836 0.1952613890 -0.3139044046 -0.3310316503 0.0614768825 -0.9416149259 -0.1645631641 0.9788225293 0.1217595115
-146.1 -527.3 2490.0 0.9291592836 0.1843518764 0.3204331100 -0.3310316503 0.8007628918 0.4991962314 -0.1645631641 -0.5699063540 0.8050625920
126.8 -499.1 2922.9 0.9732798934 0.1228844225 0.1939734817 0.1925622076 0.0233739465 -0.9810063243 -0.1250843257 0.9921457171 -0.0009135044
69.8 -510.0 2462.7 0.9732798934 -0.2280660719 0.0266863666 0.1925622076 0.8739754558 0.4461912811 -0.1250843257 -0.4291302264 0.8945396543
-101.6 -382.6 2637.7 0 0 0 0 0 0 0 0 0
25.1 -395.5 2585.2 0 0 0 0 0 0 0 0 0
-216.5 -833.3 2707.8 0 0 0 0 0 0 0 0 0
152.3 -826.0 2617.8 0 0 0 0 0 0 0 0 0
12.1 87.0 2832.0 20 0.9725344777 -0.0623195171 0.2242609859 0.0198209155 0.9821644425 0.1869762987 -0.2319134325 -0.1773958355 0.9564239979
24.5 -110.0 2867.6 0.9725344777 -0.0623195171 0.2242609859 0.0198209155 0.9821644425 0.1869762987 -0.2319134325 -0.1773958355 0.9564239979
37.5 -304.8 2904.5 0.9724791050 -0.0651119053 0.2237070650 0.0206737556 0.9804843068 0.1955074817 -0.2320711315 -0.1855020672 0.9548465610
-117.5 -113.0 2901.5 0.4523137808 -0.7039713264 -0.5475733280 0.8741591573 0.4716507494 0.1157208160 0.1767992377 -0.5310084224 0.8287171721
-229.7 -329.9 2857.6 -0.5077990294 -0.7039713264 -0.4965525866 0.1884718388 0.4716507494 -0.8614081144 0.8406060338 -0.5310084224 -0.1068250239
166.5 -107.0 2833.7 0.1778796911 0.5338248014 0.8266739845 -0.9267305732 0.3734035790 -0.0417160168 -0.3309520781 -0.7586836219 0.5611326694
208.9 -327.6 2755.0 -0.7303717136 0.5338248014 0.4261317253 -0.2485383451 0.3734035790 -0.8937552571 -0.6362278461 -0.7586836219 -0.1400474906
-41.6 -498.4 2964.9 0.9216045141 0.2141323537 -0.3237166405 -0.3430294394 0.0591499880 -0.9374604225 -0.1815927774 0.9750121236 0.1279665977
-146.5 -527.4 2487.4 0.9216045141 0.1827495694 0.3424145579 -0.3430294394 0.7962686419 0.4982840717 -0.1815927774 -0.5766791105 0.7965332866
135.6 -496.5 2918.1 0.9729976654 0.1446800530 0.1798423082 0.1804264486 0.0091830660 -0.9835456014 -0.1439509392 0.9894358516 -0.0171690080
68.0 -500.8 2455.6 0.9729976654 -0.2257372737 0.0481483117 0.1804264486 0.8739500642 0.4512844384 -0.1439509392 -0.4304114580 0.8910803199
-97.6 -378.9 2639.0 0 0 0 0 0 0 0 0 0
19.6 -392.0 2590.1 0 0 0 0 0 0 0 0 0
-216.3 -831.7 2707.7 0 0 0 0 0 0 0 0 0
152.0 -825.7 2615.6 0 0 0 0 0 0 0 0 0
11.8 87.7 2825.9 21 0.9704293013 -0.0695939139 0.2311355323 0.0212473981 0.9784477353 0.2053985894 -0.2404485345 -0.1944137812 0.9509930611
25.8 -109.8 2865.1 0.9704293013 -0.0695939139 0.2311355323 0.0212473981 0.9784477353 0.2053985894 -0.2404485345 -0.1944137812 0.9509930611
40.3 -303.9 2904.9 0.9703199267 -0.0725895166 0.2306728959 0.0227517374 0.9770565629 0.2117613256 -0.2407521158 -0.2002280354 0.9497089982
-115.9 -113.1 2900.3 0.4600296021 -0.7131127119 -0.5290018916 0.8722521663 0.4743287861 0.1191147938 0.1659785509 -0.5162193775 0.8402194381
-229.8 -329.1 2859.2 -0.4896307886 -0.7131127119 -0.5017289519 0.1900108159 0.4743287861 -0.8595976233 0.8509745002 -0.5162193775 -0.0967468470
167.5 -106.5 2830.0 0.1828592271 0.4969675839 0.8482840061 -0.9286934137 0.3704656065 -0.0168448742 -0.3226313889 -0.7847155333 0.5292735696
210.9 -326.7 2753.5 -0.7680743933 0.4969675839 0.4038377702 -0.2330446690 0.3704656065 -0.8991359472 -0.5964494348 -0.7847155333 -0.1687294841
-38.6 -501.4 2962.6 0.9194996357 0.2213864177 -0.3248206675 -0.3423454165 0.0449087694 -0.9385002851 -0.1931839138 0.9741515517 0.1170842201
-146.8 -523.4 2486.8 0.9194996357 0.1797519475 0.3495849669 -0.3423454165 0.8032445312 0.4874400496 -0.1931839138 -0.5678797960 0.8001203537
139.7 -497.7 2920.1 0.9714705944 0.1590158045 0.1759514064 0.1793925315 -0.0074361898 -0.9837494493 -0.1551232934 0.9872480035 -0.0357502885
64.8 -494.2 2455.6 0.9714705944 -0.2295269817 0.0596849024 0.1793925315 0.8757988214 0.4481012821 -0.1551232934 -0.4246101975 0.8919882178
-102.5 -378.5 2637.8 0 0 0 0 0 0 0 0 0
11.8 -387.1 2598.9 0 0 0 0 0 0 0 0 0
-215.5 -830.3 2703.8 0 0 0 0 0 0 0 0 0
151.4 -824.3 2615.7 0 0 0 0 0 0 0 0 0
11.0 86.0 2822.3 22 0.9721905589 -0.0739575177 0.2222066075 0.0231022034 0.9744842649 0.2232638150 -0.2330488712 -0.2119215131 0.9490929842
25.9 -110.3 2865.0 0.9721905589 -0.0739575177 0.2222066075 0.0231022034 0.9744842649 0.2232638150 -0.2330488712 -0.2119215131 0.9490929842
41.2 -303.7 2907.7 0.9720246792 -0.0769424886 0.2219186872 0.0252439976 0.9735720158 0.2269807458 -0.2335182875 -0.2150287628 0.9482783675
-116.0 -113.9 2899.1 0.4670385420 -0.7298932672 -0.4991300702 0.8741152287 0.4662680626 0.1360759437 0.1334075034 -0.4998499155 0.8557759523
-231.8 -330.6 2866.1 -0.4678071737 -0.7298932672 -0.4984097481 0.1924495399 0.4662680626 -0.8634566069 0.8626236916 -0.4998499155 -0.0776559189
167.9 -106.6 2830.9 0.1941690296 0.4938217402 0.8476074934 -0.9324309826 0.3613349497 0.0030841674 -0.3047471941 -0.7909343243 0.5306147337
214.0 -327.8 2758.6 -0.7811742425 0.4938217402 0.3819776475 -0.2152119428 0.3613349497 -0.9072600603 -0.5860466361 -0.7909343243 -0.1759892255
-34.3 -500.1 2966.8 0.9179393649 0.2279450297 -0.3246974349 -0.3437967002 0.0486464873 -0.9377831817 -0.1979676187 0.9724580050 0.1230212748
-147.3 -524.2 2484.6 0.9179393649 0.1778388321 0.3546275496 -0.3437967002 0.8026563525 0.4873875678 -0.1979676187 -0.5693120360 0.7979302406
143.7 -495.9 2922.6 0.9716472030 0.1661238372 0.1682397425 0.1719033569 -0.0078215040 -0.9850827456 -0.1623298377 0.9860738516 -0.0361569859
64.8 -492.2 2454.7 0.9716472030 -0.2262473702 0.0686576068 0.1719033569 0.8753778338 0.4518438876 -0.1623298377 -0.4272303581 0.8894510865
-110.1 -380.6 2641.7 0 0 0 0 0 0 0 0 0
11.3 -383.6 2606.6 0 0 0 0 0 0 0 0 0
-215.2 -830.9 2702.2 0 0 0 0 0 0 0 0 0
150.7 -824.5 2616.9 0 0 0 0 0 0 0 0 0
12.0 86.4 2820.5 23 0.9725602865 -0.0729324818 0.2209237665 0.0212250948 0.9734480977 0.2279216200 -0.2316807061 -0.2169784009 0.9482849836
26.7 -109.7 2864.3 0.9725602865 -0.0729324818 0.2209237665 0.0212250948 0.9734480977 0.2279216200 -0.2316807061 -0.2169784009 0.9482849836
42.0 -302.9 2908.1 0.9723442197 -0.0768000707 0.2205639184 0.0240328666 0.9722760916 0.2325976640 -0.2323125452 -0.2208642066 0.9472327232
-115.3 -113.2 2898.2 0.4672036171 -0.7340664268 -0.4928156435 0.8750351667 0.4637260139 0.1388224661 0.1266265213 -0.4960893691 0.8589884043
-233.4 -334.3 2866.2 -0.4668904841 -0.7340664268 -0.4931122959 0.1858316064 0.4637260139 -0.8662706017 0.8645691872 -0.4960893691 -0.0800965056
168.8 -106.2 2830.3 0.1952675879 0.4723768830 0.8594943881 -0.9306104779 0.3658649325 0.0103455316 -0.3095718622 -0.8018746376 0.5110404491
215.2 -327.5 2756.7 -0.7992858887 0.4723768830 0.3714863658 -0.2056329250 0.3658649325 -0.9076662064 -0.5646743774 -0.8018746376 -0.1952944398
-32.6 -499.4 2971.9 0.9188343287 0.2190497071 -0.3282692134 -0.3444820046 0.0393320210 -0.9379686117 -0.1925502717 0.9749206305 0.1115982980
-142.6 -519.1 2482.4 0.9188343287 0.1845595539 0.3488283455 -0.3444820046 0.8063525558 0.4807574153 -0.1925502717 -0.5619015098 0.8044818640
145.7 -494.8 2929.1 0.9715830088 0.1656369716 0.1690884531 0.1715430468 -0.0005212803 -0.9851765037 -0.1630935073 0.9861866832 -0.0289203394
65.1 -494.5 2449.5 0.9715830088 -0.2272154540 0.0663298666 0.1715430468 0.8690097332 0.4641066790 -0.1630935073 -0.4395397305 0.8832923174
-111.9 -382.7 2641.2 0 0 0 0 0 0 0 0 0
7.8 -380.8 2610.2 0 0 0 0 0 0 0 0 0
-213.1 -827.3 2697.1 0 0 0 0 0 0 0 0 0
151.6 -825.5 2616.8 0 0 0 0 0 0 0 0 0
9.4 86.8 2823.2 24 0.9691999555 -0.0795972347 0.2330574393 0.0264993068 0.9745407701 0.2226388007 -0.2448454201 -0.2096056491 0.9466341138
25.4 -108.9 2865.3 0.9691999555 -0.0795972347 0.2330574393 0.0264993068 0.9745407701 0.2226388007 -0.2448454201 -0.2096056491 0.9466341138
41.8 -302.3 2907.9 0.9690952897 -0.0821709558 0.2325989902 0.0277594924 0.9732281566 0.2281587571 -0.2451199144 -0.2146507353 0.9454318285
-116.1 -113.0 2901.1 0.4713684320 -0.7396286130 -0.4803761840 0.8745954633 0.4621498585 0.1466297507 0.1135542169 -0.4892514646 0.8647187352
-233.4 -330.5 2872.8 -0.4521725476 -0.7396286130 -0.4984871745 0.1972058713 0.4621498585 -0.8645966649 0.8698562384 -0.4892514646 -0.0631123632
167.0 -104.8 2829.5 0.1990719140 0.4380146563 0.8766490221 -0.9245693088 0.3804969788 0.0198397785 -0.3248721957 -0.8144723773 0.4807211459
