125.6 110.5 2338.7 2 0.9675229788 -0.0298905466 0.2510097325 -0.0642531812 0.9312909842 0.3585646749 -0.2444808036 -0.3630477190 0.8991248608
131.6 -77.6 2412.1 0.9675229788 -0.0298905466 0.2510097325 -0.0642531812 0.9312909842 0.3585646749 -0.2444808036 -0.3630477190 0.8991248608
136.9 -263.1 2483.3 0.9675756693 -0.0267095380 0.2511650324 -0.0659904778 0.9331232309 0.3534491658 -0.2438084036 -0.3585633337 0.9011047482
-4.6 -68.3 2446.4 -0.3197032809 -0.7808498144 0.5367153883 0.9197434783 -0.3918870091 -0.0222835019 0.2277318537 0.4865163565 0.8434690237
97.8 -362.9 2373.4 0.3087885380 -0.7808498144 0.5430683494 0.4348765016 -0.3918870091 -0.8107447028 0.8458912969 0.4865163565 0.2185630053
267.8 -86.9 2377.8 0.0633561164 0.6824493408 0.7281818986 -0.9745993018 0.1993581653 -0.1020418555 -0.2148074061 -0.7032206059 0.6777452230
282.6 -314.7 2327.5 -0.5565602779 0.6824493408 0.4738180339 -0.4819304347 0.1993581653 -0.8532288074 -0.6767449379 -0.7032206059 0.2179382741
55.7 -444.8 2573.5 0.8740943670 0.4855114520 0.0154176177 0.0653476343 -0.0860797018 -0.9941428304 -0.4813405871 0.8699821234 -0.1069688052
-150.3 -408.3 2204.3 0.8740943670 -0.0891964287 0.4774966538 0.0653476343 0.9956532717 0.0663642734 -0.4813405871 -0.0268053599 0.8761236668
231.0 -454.6 2532.3 0.9811056256 -0.0958984494 0.1680334061 0.1532219946 -0.1451630890 -0.9774715900 0.1181302518 0.9847493172 -0.1277265698
270.7 -394.5 2124.3 0.9811056256 -0.1545996219 -0.1163215190 0.1532219946 0.9879739881 -0.0207479540 0.1181302518 0.0025329201 0.9929949045
17.3 -476.3 2152.7 0 0 0 0 0 0 0 0 0
137.9 -440.0 2151.6 0 0 0 0 0 0 0 0 0
-116.2 -788.9 2214.5 0 0 0 0 0 0 0 0 0
329.8 -772.2 2123.3 0 0 0 0 0 0 0 0 0
124.5 110.1 2339.3 3 0.9671244621 -0.0304836594 0.2524697483 -0.0632248297 0.9327944517 0.3548198342 -0.2463185787 -0.3591173291 0.9002010226
130.6 -78.3 2411.8 0.9671244621 -0.0304836594 0.2524697483 -0.0632248297 0.9327944517 0.3548198342 -0.2463185787 -0.3591173291 0.9002010226
136.0 -264.2 2482.2 0.9671850801 -0.0268690046 0.2526481748 -0.0651974678 0.9348486662 0.3490089178 -0.2455653399 -0.3540282547 0.9024198651
-5.5 -69.2 2446.4 -0.3281730413 -0.7715575695 0.5449783206 0.9170421362 -0.3986064792 -0.0121093914 0.2265749723 0.4957940876 0.8383626938
97.8 -357.7 2375.1 0.3006866574 -0.7715575695 0.5606125593 0.4582983851 -0.3986064792 -0.7944025993 0.8363911510 0.4957940876 0.2337479442
266.8 -87.5 2377.3 0.0646347553 0.6879940033 0.7228323817 -0.9751832485 0.1972517818 -0.1005451679 -0.2117544413 -0.6983953118 0.6836695075
281.8 -314.9 2327.9 -0.5545006990 0.6879940033 0.4681808054 -0.4779611826 0.1972517818 -0.8559467793 -0.6812357306 -0.6983953118 0.2194581628
53.7 -445.2 2573.4 0.8800005913 0.4743277729 0.0247412957 0.0743985325 -0.0862070248 -0.9934954643 -0.4691096246 0.8761172891 -0.1111515164
-148.5 -408.5 2199.9 0.8800005913 -0.0925752670 0.4658634961 0.0743985325 0.9955808520 0.0573030822 -0.4691096246 -0.0157671869 0.8829991817
230.1 -456.0 2530.1 0.9813424349 -0.0945099071 0.1674360931 0.1522506028 -0.1498391777 -0.9769175649 0.1174168736 0.9841829538 -0.1326543540
269.2 -393.9 2122.3 0.9813424349 -0.1541882157 -0.1148606166 0.1522506028 0.9880126715 -0.0255086068 0.1174168736 0.0075450810 0.9930540323
19.4 -477.3 2156.9 0 0 0 0 0 0 0 0 0
137.7 -439.1 2150.8 0 0 0 0 0 0 0 0 0
-113.1 -789.0 2205.9 0 0 0 0 0 0 0 0 0
328.2 -771.7 2119.4 0 0 0 0 0 0 0 0 0
126.6 110.4 2340.5 4 0.9679442048 -0.0248577055 0.2499322742 -0.0659949854 0.9349544048 0.3485755622 -0.2423400730 -0.3538959622 0.9033432007
131.6 -78.3 2411.9 0.9679442048 -0.0248577055 0.2499322742 -0.0659949854 0.9349544048 0.3485755622 -0.2423400730 -0.3538959622 0.9033432007
135.9 -264.5 2481.3 0.9679862857 -0.0216263402 0.2500697672 -0.0676892474 0.9368792772 0.3430383801 -0.2417038679 -0.3489834666 0.9054224491
-4.6 -68.7 2445.9 -0.3100574911 -0.7964727283 0.5191296339 0.9224207401 -0.3842517138 -0.0386080071 0.2302266806 0.4668852389 0.8538230658
94.9 -364.9 2372.0 0.2935548723 -0.7964727283 0.5286366940 0.4293161035 -0.3842517138 -0.8173360825 0.8541154861 0.4668852389 0.2291395813
267.8 -87.8 2377.9 0.0570276231 0.6909732223 0.7206273675 -0.9745623469 0.1952255815 -0.1100689247 -0.2167395800 -0.6960193515 0.6845297813
281.1 -315.0 2327.4 -0.5516164899 0.6909732223 0.4671993256 -0.4798894823 0.1952255815 -0.8553321362 -0.6822208762 -0.6960193515 0.2239011228
52.0 -445.1 2572.0 0.8854972720 0.4639039636 0.0262240954 0.0769461244 -0.0907467157 -0.9928969145 -0.4582290649 0.8812253475 -0.1160515845
-146.2 -406.4 2195.5 0.8854972720 -0.0904895216 0.4557479918 0.0769461244 0.9958680868 0.0482285023 -0.4582290649 -0.0076381653 0.8888013363
229.0 -457.0 2528.5 0.9814098477 -0.0994273350 0.1641612202 0.1477082670 -0.1548460424 -0.9768341780 0.1225437298 0.9829226136 -0.1372811943
270.2 -392.8 2121.3 0.9814098477 -0.1503255367 -0.1193186119 0.1477082670 0.9885594845 -0.0305349212 0.1225437298 0.0123429261 0.9923863411
18.4 -476.9 2149.3 0 0 0 0 0 0 0 0 0
137.7 -439.7 2150.0 0 0 0 0 0 0 0 0 0
-111.6 -787.1 2198.4 0 0 0 0 0 0 0 0 0
327.7 -770.8 2116.6 0 0 0 0 0 0 0 0 0
124.7 109.6 2342.2 5 0.9681842923 -0.0379566215 0.2473427653 -0.0517325215 0.9367166758 0.3462450802 -0.2448323816 -0.3480247259 0.9049507976
132.3 -78.8 2412.2 0.9681842923 -0.0379566215 0.2473427653 -0.0517325215 0.9367166758 0.3462450802 -0.2448323816 -0.3480247259 0.9049507976
139.0 -265.3 2480.8 0.9682959914 -0.0339346826 0.2474899441 -0.0546454079 0.9379611611 0.3424072266 -0.2437554300 -0.3450757563 0.9063696861
-4.0 -71.1 2446.5 -0.3085281253 -0.8020517826 0.5113935471 0.9225261211 -0.3833426535 -0.0446533039 0.2318532169 0.4579971135 0.8581857085
95.4 -368.2 2371.8 0.2901299298 -0.8020517826 0.5220513344 0.4202102721 -0.3833426535 -0.8224790096 0.8597952724 0.4579971135 0.2258112133
268.6 -86.5 2377.9 0.0555712581 0.6864320040 0.7250674963 -0.9735549688 0.1984182447 -0.1132294014 -0.2215909064 -0.6996008158 0.6793056726
281.6 -315.9 2325.7 -0.5555565357 0.6864320040 0.4692206085 -0.4776752591 0.1984182447 -0.8558367491 -0.6805756688 -0.6996008158 0.2176590413
51.1 -445.1 2571.3 0.8764513731 0.4789990187 0.0489175692 0.0943799317 -0.0712845176 -0.9929808378 -0.4721497595 0.8749162555 -0.1076853126
-149.6 -415.2 2204.6 0.8764513731 -0.1034217328 0.4702519774 0.0943799317 0.9946141243 0.0428393520 -0.4721497595 0.0068357415 0.8814918399
234.6 -456.7 2527.0 0.9797323346 -0.0956097022 0.1760208458 0.1593961716 -0.1600786746 -0.9741497040 0.1213153526 0.9824630022 -0.1415944397
274.2 -390.4 2120.0 0.9797323346 -0.1625747979 -0.1170213073 0.1593961716 0.9865548015 -0.0360905826 0.1213153526 0.0167063642 0.9924734235
19.7 -477.9 2147.5 0 0 0 0 0 0 0 0 0
137.2 -440.1 2148.7 0 0 0 0 0 0 0 0 0
-110.1 -795.4 2202.0 0 0 0 0 0 0 0 0 0
336.4 -767.6 2113.6 0 0 0 0 0 0 0 0 0
125.9 109.9 2341.0 6 0.9670329690 -0.0380740426 0.2517889142 -0.0541874580 0.9353483319 0.3495529294 -0.2488192320 -0.3516729772 0.9024494886
133.5 -78.5 2411.8 0.9670329690 -0.0380740426 0.2517889142 -0.0541874580 0.9353483319 0.3495529294 -0.2488192320 -0.3516729772 0.9024494886
140.3 -264.7 2481.1 0.9671375751 -0.0342063047 0.2519420385 -0.0568980500 0.9366601110 0.3455871344 -0.2478053123 -0.3485653102 0.9039329290
-2.6 -70.5 2446.7 -0.2979484200 -0.8058367372 0.5117165446 0.9242158532 -0.3776538968 -0.0565913282 0.2388551235 0.4560752809 0.8572884798
93.3 -368.0 2369.8 0.2856057286 -0.8058367372 0.5187065601 0.4268112481 -0.3776538968 -0.8217114806 0.8580568433 0.4560752809 0.2360800803
269.6 -86.5 2376.9 0.0510914698 0.6925120950 0.7195947766 -0.9753065109 0.1896182746 -0.1132347062 -0.2148647308 -0.6960401535 0.6850994229
281.6 -314.8 2326.6 -0.5529619455 0.6925120950 0.4633142054 -0.4801331162 0.1896182746 -0.8564561605 -0.6809591055 -0.6960401535 0.2276462913
55.5 -444.9 2572.9 0.8645370007 0.5002016425 0.0487249158 0.0931472853 -0.0642084554 -0.9935798049 -0.4938617051 0.8635250926 -0.1021030098
-153.7 -418.0 2211.8 0.8645370007 -0.1023092791 0.4920453429 0.0931472853 0.9947162271 0.0431655943 -0.4938617051 0.0085144313 0.8694987893
235.9 -456.1 2527.6 0.9804670215 -0.0914991722 0.1741043031 0.1585481465 -0.1561490297 -0.9749256372 0.1163911000 0.9834863544 -0.1385919601
273.8 -391.4 2120.2 0.9804670215 -0.1611893326 -0.1127049401 0.1585481465 0.9868300557 -0.0320770703 0.1163911000 0.0135813486 0.9931105971
18.8 -479.4 2145.9 0 0 0 0 0 0 0 0 0
137.8 -439.6 2149.6 0 0 0 0 0 0 0 0 0
-114.6 -798.3 2208.5 0 0 0 0 0 0 0 0 0
335.4 -768.7 2115.0 0 0 0 0 0 0 0 0 0
123.7 110.6 2342.4 7 0.9675975442 -0.0429422297 0.2488190532 -0.0476390347 0.9366862774 0.3469139934 -0.2479626536 -0.3475266397 0.9042896628
132.4 -78.5 2412.5 0.9675975442 -0.0429422297 0.2488190532 -0.0476390347 0.9366862774 0.3469139934 -0.2479626536 -0.3475266397 0.9042896628
140.2 -265.0 2480.8 0.9677044153 -0.0391550213 0.2490282953 -0.0500789285 0.9383152723 0.3421352506 -0.2470633686 -0.3435568511 0.9060509801
-3.8 -71.4 2447.3 -0.3004476428 -0.8064974546 0.5092083216 0.9235123992 -0.3794469833 -0.0560790375 0.2384451479 0.4534113407 0.8588143587
92.5 -367.6 2370.8 0.2827027440 -0.8064974546 0.5192697048 0.4260454178 -0.3794469833 -0.8212826848 0.8593977094 0.4534113407 0.2363338321
268.6 -85.5 2377.7 0.0541654788 0.6931014657 0.7188020945 -0.9748080373 0.1926879287 -0.1123415381 -0.2163685709 -0.6946090460 0.6860778928
281.3 -314.7 2326.9 -0.5511847138 0.6931014657 0.4645490348 -0.4793360829 0.1926879287 -0.8562174439 -0.6829585433 -0.6946090460 0.2260219008
57.7 -444.8 2573.7 0.8652045727 0.5000099540 0.0375640690 0.0857110545 -0.0736669451 -0.9935928583 -0.4940391183 0.8628807664 -0.1065933630
-153.8 -413.6 2208.8 0.8652045727 -0.1044317633 0.4904233217 0.0857110545 0.9944781065 0.0605548322 -0.4940391183 -0.0103576165 0.8693779707
236.7 -456.1 2526.4 0.9794294834 -0.0916371047 0.1797790825 0.1634748429 -0.1619649380 -0.9731615186 0.1182956174 0.9825324416 -0.1436528862
274.7 -389.0 2119.4 0.9794294834 -0.1668003947 -0.1135583967 0.1634748429 0.9858130813 -0.0380590372 0.1182956174 0.0187122021 0.9928020835
18.7 -478.7 2146.5 0 0 0 0 0 0 0 0 0
138.0 -439.3 2149.3 0 0 0 0 0 0 0 0 0
-113.9 -793.7 2212.7 0 0 0 0 0 0 0 0 0
338.5 -765.9 2112.2 0 0 0 0 0 0 0 0 0
124.3 109.5 2340.6 8 0.9680599570 -0.0367984585 0.2480036020 -0.0546638742 0.9343948960 0.3520199060 -0.2446870953 -0.3543332219 0.9025387764
131.7 -78.8 2412.0 0.9680599570 -0.0367984585 0.2480036020 -0.0546638742 0.9343948960 0.3520199060 -0.2446870953 -0.3543332219 0.9025387764
138.2 -264.9 2481.7 0.9681712389 -0.0323871821 0.2481844127 -0.0576725453 0.9360414147 0.3471315503 -0.2435535043 -0.3503962159 0.9043805599
-4.5 -70.7 2446.3 -0.2993297875 -0.8004608750 0.5192918181 0.9250046611 -0.3769330680 -0.0478319488 0.2340258658 0.4660298228 0.8532573581
91.8 -368.5 2370.9 0.2894155085 -0.8004608750 0.5248818994 0.4378085732 -0.3769330680 -0.8162384033 0.8512122631 0.4660298228 0.2413583696
268.0 -87.0 2377.7 0.0575658046 0.6839218736 0.7272806168 -0.9737792611 0.1990658492 -0.1101213172 -0.2200911194 -0.7018715739 0.6774483323
281.4 -313.8 2326.5 -0.5532292724 0.6839218736 0.4755925834 -0.4856454730 0.1990658492 -0.8511881232 -0.6768203974 -0.7018715739 0.2220145017
58.8 -446.5 2572.1 0.8568807840 0.5133260489 0.0474518202 0.1042978615 -0.0824824497 -0.9911198616 -0.5048537254 0.8542206883 -0.1242164373
-158.6 -411.5 2210.3 0.8568807840 -0.1216400191 0.5009580851 0.1042978615 0.9925733209 0.0626116171 -0.5048537254 -0.0014018344 0.8632037640
233.4 -456.3 2529.0 0.9800179005 -0.0957562327 0.1743435413 0.1584125012 -0.1543394774 -0.9752357602 0.1202929914 0.9833667278 -0.1360864639
273.1 -392.3 2121.6 0.9800179005 -0.1608908623 -0.1169575006 0.1584125012 0.9869096279 -0.0302472878 0.1202929914 0.0111153536 0.9926761985
16.3 -482.8 2148.8 0 0 0 0 0 0 0 0 0
137.6 -440.1 2150.5 0 0 0 0 0 0 0 0 0
-112.1 -790.9 2210.8 0 0 0 0 0 0 0 0 0
334.6 -769.6 2117.3 0 0 0 0 0 0 0 0 0
125.1 110.5 2346.2 9 0.9646186829 -0.0300237834 0.2619338632 -0.0601989888 0.9421685934 0.3296883106 -0.2566843629 -0.3337916732 0.9070260525
131.1 -79.0 2413.3 0.9646186829 -0.0300237834 0.2619338632 -0.0601989888 0.9421685934 0.3296883106 -0.2566843629 -0.3337916732 0.9070260525
136.5 -266.3 2479.9 0.9647122622 -0.0268429015 0.2619345486 -0.0632991940 0.9419733882 0.3296655715 -0.2555845380 -0.3346126676 0.9070340991
-4.6 -70.2 2449.3 -0.2969646454 -0.8060476780 0.5119562149 0.9234505892 -0.3788628876 -0.0608438440 0.2430042475 0.4546977878 0.8568540215
91.9 -370.4 2370.3 0.2882912755 -0.8060476780 0.5168900490 0.4196268916 -0.3788628876 -0.8248491883 0.8606982231 0.4546977878 0.2290163934
266.9 -87.9 2377.4 0.0633591563 0.6744431853 0.7356031537 -0.9720241427 0.2087490708 -0.1076704934 -0.2261741161 -0.7082021236 0.6688011885
281.7 -315.2 2324.5 -0.5589911938 0.6744431853 0.4823434949 -0.4822673202 0.2087490708 -0.8507890701 -0.6744976640 -0.7082021236 0.2085729986
55.6 -445.5 2573.8 0.8623195887 0.5039622188 0.0492642708 0.1052949727 -0.0832992718 -0.9909461141 -0.4952957034 0.8596995473 -0.1248952821
-156.6 -410.4 2211.9 0.8623195887 -0.1189957634 0.4921838045 0.1052949727 0.9928870797 0.0555715896 -0.4952957034 0.0039040083 0.8687156439
230.3 -459.3 2522.9 0.9828756452 -0.0862833187 0.1628209651 0.1465481669 -0.1696513444 -0.9745470881 0.1117099524 0.9817197323 -0.1541015059
266.0 -389.0 2116.3 0.9828756452 -0.1506426930 -0.1061237827 0.1465481669 0.9881600738 -0.0454231612 0.1117099524 0.0290930718 0.9933149219
16.7 -479.9 2145.7 0 0 0 0 0 0 0 0 0
136.4 -440.6 2149.1 0 0 0 0 0 0 0 0 0
-111.1 -790.0 2210.4 0 0 0 0 0 0 0 0 0
323.6 -766.7 2105.1 0 0 0 0 0 0 0 0 0
125.3 110.5 2342.5 0 0.9703305364 -0.0284536760 0.2401020974 -0.0577856004 0.9369809031 0.3445687592 -0.2347753197 -0.3482200503 0.9075369835
131.0 -78.5 2412.7 0.9703305364 -0.0284536760 0.2401020974 -0.0577856004 0.9369809031 0.3445687592 -0.2347753197 -0.3482200503 0.9075369835
135.9 -265.2 2480.8 0.9703854322 -0.0247432292 0.2402911335 -0.0597224049 0.9392848015 0.3379013240 -0.2340625823 -0.3422453105 0.9099906087
-5.5 -70.1 2445.7 -0.3010156751 -0.8133265376 0.4978850782 0.9249849319 -0.3760038614 -0.0549904369 0.2319318801 0.4439832270 0.8654978275
92.5 -371.2 2370.2 0.2872444689 -0.8133265376 0.5059551597 0.4041129649 -0.3760038614 -0.8338547945 0.8684372902 0.4439832270 0.2206707448
267.6 -86.9 2379.8 0.0724922121 0.6682263017 0.7404177785 -0.9708251357 0.2174063474 -0.1011582762 -0.2285681516 -0.7114830017 0.6644911766
284.5 -314.3 2326.3 -0.5630326867 0.6682263017 0.4862794876 -0.4773201346 0.2174063474 -0.8514105678 -0.6746551991 -0.7114830017 0.1965509951
53.0 -445.4 2572.3 0.8754144907 0.4797185361 0.0593261495 0.1068454981 -0.0723422021 -0.9916403890 -0.4714164734 0.8744351268 -0.1145851761
-146.2 -415.3 2209.2 0.8754144907 -0.1278347075 0.4661628008 0.1068454981 0.9917152524 0.0713088289 -0.4714164734 -0.0126173850 0.8818204403
228.7 -460.8 2519.9 0.9809405208 -0.0945032164 0.1697788686 0.1506579518 -0.1818896681 -0.9717089534 0.1227106452 0.9787672162 -0.1641852856
268.6 -384.0 2106.3 0.9809405208 -0.1538095772 -0.1187364087 0.1506579518 0.9879614711 -0.0351320095 0.1227106452 0.0165738259 0.9923040867
17.5 -476.6 2143.6 0 0 0 0 0 0 0 0 0
138.2 -438.4 2150.9 0 0 0 0 0 0 0 0 0
-97.4 -794.4 2214.0 0 0 0 0 0 0 0 0 0
327.4 -761.6 2100.0 0 0 0 0 0 0 0 0 0
124.5 112.3 2340.6 1 0.9752254486 -0.0302652009 0.2191331983 -0.0495208316 0.9355880618 0.3496035039 -0.2155992389 -0.3517938852 0.9109105468
130.7 -76.7 2411.7 0.9752254486 -0.0302652009 0.2191331983 -0.0495208316 0.9355880618 0.3496035039 -0.2155992389 -0.3517938852 0.9109105468
136.1 -263.1 2480.6 0.9752718210 -0.0273363367 0.2193115950 -0.0510296226 0.9376545548 0.3438021541 -0.2150368094 -0.3464919329 0.9130731225
-6.6 -69.5 2442.0 -0.3053697050 -0.8117730618 0.4977689087 0.9261784554 -0.3746489286 -0.0427970998 0.2212301195 0.4479539096 0.8662531376
91.8 -367.9 2370.7 0.2812553346 -0.8117730618 0.5117811561 0.4214248657 -0.3746489286 -0.8258566856 0.8621464372 0.4479539096 0.2367293388
267.9 -83.9 2381.4 0.0668165758 0.6611855030 0.7472410798 -0.9698029160 0.2190941572 -0.1071447656 -0.2345587164 -0.7175175548 0.6558587551
283.7 -314.1 2325.8 -0.5638188124 0.6611855030 0.4949162006 -0.4858188331 0.2190941572 -0.8461546898 -0.6678984761 -0.7175175548 0.1976869702
52.6 -444.3 2570.2 0.8848638535 0.4601938725 0.0723709613 0.1140283123 -0.0633360744 -0.9914565682 -0.4516785443 0.8855563998 -0.1085189357
-137.2 -418.2 2205.0 0.8848638535 -0.1389986426 0.4446294606 0.1140283123 0.9900399446 0.0825736448 -0.4516785443 -0.0223660860 0.8919003606
229.0 -458.2 2525.8 0.9812489152 -0.1015853733 0.1638014913 0.1452184618 -0.1691539288 -0.9748325944 0.1267363876 0.9803404212 -0.1512300521
273.0 -384.9 2101.3 0.9812489152 -0.1475033909 -0.1240696013 0.1452184618 0.9890225530 -0.0273129977 0.1267363876 0.0087836524 0.9918975234
18.4 -477.8 2145.7 0 0 0 0 0 0 0 0 0
137.2 -440.4 2152.1 0 0 0 0 0 0 0 0 0
-84.0 -796.6 2213.5 0 0 0 0 0 0 0 0 0
329.4 -763.0 2098.0 0 0 0 0 0 0 0 0 0
124.3 109.9 2339.7 2 0.9723827243 -0.0306834616 0.2313662767 -0.0541892461 0.9345489144 0.3516842723 -0.2270139903 -0.3545092940 0.9070765376
130.5 -78.9 2411.4 0.9723827243 -0.0306834616 0.2313662767 -0.0541892461 0.9345489144 0.3516842723 -0.2270139903 -0.3545092940 0.9070765376
135.8 -265.4 2480.1 0.9724377394 -0.0264824759 0.2316538841 -0.0559910983 0.9379342794 0.3422635198 -0.2263401002 -0.3458005190 0.9105998874
-6.3 -71.1 2443.2 -0.3174793422 -0.7996238470 0.5097141862 0.9220222235 -0.3858873546 -0.0310796350 0.2215442657 0.4601006508 0.8597822785
95.1 -365.6 2372.4 0.2844167352 -0.7996238470 0.5288749933 0.4314310849 -0.3858873546 -0.8154496551 0.8561391830 0.4601006508 0.2352297604
267.4 -86.8 2379.5 0.0807448924 0.6712965369 0.7367776036 -0.9734193087 0.2120552063 -0.0865298957 -0.2143247575 -0.7102066875 0.6705753803
285.9 -310.0 2330.4 -0.5558651090 0.6712965369 0.4902804792 -0.4897908866 0.2120552063 -0.8456580043 -0.6716538072 -0.7102066875 0.2109208107
52.4 -443.7 2569.2 0.8853563666 0.4632437527 0.0393617414 0.0811665431 -0.0706499144 -0.9941934347 -0.4577730000 0.8834103346 -0.1001502424
-138.6 -414.6 2204.8 0.8853563666 -0.0990116894 0.4542475343 0.0811665431 0.9949720502 0.0586740561 -0.4577730000 -0.0150777474 0.8889412284
229.3 -459.0 2526.1 0.9857243896 -0.0823551193 0.1468505114 0.1324211657 -0.1594431251 -0.9782854915 0.1039811224 0.9837660193 -0.1462614089
265.4 -389.2 2095.3 0.9857243896 -0.1341769248 -0.1017054096 0.1324211657 0.9909064770 -0.0238533579 0.1039811224 0.0100448877 0.9945285320
20.9 -478.2 2149.0 0 0 0 0 0 0 0 0 0
141.4 -437.3 2155.8 0 0 0 0 0 0 0 0 0
-100.8 -794.6 2210.5 0 0 0 0 0 0 0 0 0
316.6 -768.0 2091.5 0 0 0 0 0 0 0 0 0
123.7 109.6 2346.2 3 0.9693714976 -0.0331513137 0.2433513701 -0.0519624762 0.9407333136 0.3351429105 -0.2400391698 -0.3375231326 0.9101974368
130.4 -79.9 2414.2 0.9693714976 -0.0331513137 0.2433513701 -0.0519624762 0.9407333136 0.3351429105 -0.2400391698 -0.3375231326 0.9101974368
136.0 -267.4 2480.0 0.9694654346 -0.0282417424 0.2435962707 -0.0548456572 0.9432135820 0.3276280463 -0.2390160859 -0.3309842646 0.9128640294
-6.0 -72.2 2447.9 -0.3133746684 -0.8040418625 0.5052850842 0.9209393263 -0.3871171772 -0.0448447131 0.2316615582 0.4512836933 0.8617864847
95.2 -369.6 2373.0 0.2842298746 -0.8040418625 0.5222356319 0.4164088666 -0.3871171772 -0.8226444721 0.8636069894 0.4512836933 0.2247798741
266.8 -87.6 2380.6 0.0702441111 0.6781973839 0.7315149307 -0.9723389149 0.2103129029 -0.1016145721 -0.2227617651 -0.7041426301 0.6742109060
283.1 -312.7 2329.0 -0.5522893667 0.6781973839 0.4847935438 -0.4862319529 0.2103129029 -0.8481432796 -0.6771668792 -0.7041426301 0.2136076391
52.9 -448.3 2567.5 0.8831481338 0.4686906040 0.0194548108 0.0718339011 -0.0941389725 -0.9929641485 -0.4635614753 0.8783319592 -0.1168065295
-140.8 -409.4 2204.5 0.8831481338 -0.0789075866 0.4624099433 0.0718339011 0.9968733191 0.0329164453 -0.4635614753 0.0041466160 0.8860550523
229.4 -459.4 2526.3 0.9832336903 -0.0939235985 0.1563005894 0.1395166367 -0.1644455194 -0.9764695764 0.1174164638 0.9819042683 -0.1485844702
270.7 -387.1 2094.7 0.9832336903 -0.1415311545 -0.1149802282 0.1395166367 0.9898932576 -0.0254241638 0.1174164638 0.0089562396 0.9930423498
21.0 -478.3 2147.7 0 0 0 0 0 0 0 0 0
139.5 -439.1 2153.0 0 0 0 0 0 0 0 0 0
-110.6 -790.2 2202.9 0 0 0 0 0 0 0 0 0
324.8 -765.5 2091.2 0 0 0 0 0 0 0 0 0
124.5 108.9 2343.0 4 0.9699409604 -0.0360222124 0.2406592518 -0.0496021956 0.9389505982 0.3404576480 -0.2382311821 -0.3421610594 0.9089398980
131.7 -80.3 2411.9 0.9699409604 -0.0360222124 0.2406592518 -0.0496021956 0.9389505982 0.3404576480 -0.2382311821 -0.3421610594 0.9089398980
137.8 -267.4 2478.8 0.9700575471 -0.0308936257 0.2409024239 -0.0528766215 0.9412217140 0.3336251974 -0.2370494753 -0.3363737464 0.9114056230
-4.8 -72.8 2445.3 -0.3117426932 -0.8077885509 0.5002940893 0.9228124619 -0.3828302324 -0.0431062989 0.2263484746 0.4482395649 0.8647818565
94.9 -367.9 2372.9 0.2782767117 -0.8077885509 0.5196534991 0.4226841927 -0.3828302324 -0.8214493990 0.8624964356 0.4482395649 0.2349066883
268.2 -87.7 2378.6 0.0591879562 0.6835061312 0.7275412083 -0.9736161828 0.2004273087 -0.1090892777 -0.2203823179 -0.7018890977 0.6773355007
281.9 -313.4 2327.5 -0.5519568324 0.6835061312 0.4776641428 -0.4873186946 0.2004273087 -0.8499113917 -0.6766565442 -0.7018890977 0.2224580944
53.2 -450.6 2566.7 0.8771728277 0.4800076485 0.0126668001 0.0694093034 -0.1006487831 -0.9924979210 -0.4751316905 0.8714714646 -0.1216033772
-146.8 -408.7 2203.6 0.8771728277 -0.0850577503 0.4725811779 0.0694093034 0.9963098168 0.0504884981 -0.4751316905 -0.0114856111 0.8798397183
230.1 -461.1 2523.0 0.9819068313 -0.0990859568 0.1613721102 0.1428944021 -0.1714830697 -0.9747690558 0.1242585108 0.9801915884 -0.1542215794
273.4 -386.1 2094.6 0.9819068313 -0.1451459229 -0.1216209084 0.1428944021 0.9893673658 -0.0270813685 0.1242585108 0.0092124343 0.9922071099
22.3 -478.2 2147.8 0 0 0 0 0 0 0 0 0
138.5 -440.1 2151.6 0 0 0 0 0 0 0 0 0
-114.3 -789.4 2208.0 0 0 0 0 0 0 0 0 0
328.9 -764.4 2091.1 0 0 0 0 0 0 0 0 0
124.3 110.2 2347.4 5 0.9677537084 -0.0381753668 0.2489886880 -0.0472555421 0.9433866739 0.3283115625 -0.2474260181 -0.3294908106 0.9111619592
131.9 -79.7 2413.7 0.9677537084 -0.0381753668 0.2489886880 -0.0472555421 0.9433866739 0.3283115625 -0.2474260181 -0.3294908106 0.9111619592
138.8 -267.4 2478.7 0.9678609967 -0.0344588272 0.2491136789 -0.0500442311 0.9443672895 0.3250630498 -0.2464561015 -0.3270825744 0.9122918248
-4.3 -72.6 2448.4 -0.3027577698 -0.8065605760 0.5077378750 0.9219743609 -0.3828262687 -0.0583719723 0.2414559275 0.4504487514 0.8595318198
93.6 -370.7 2370.3 0.2861241996 -0.8065605760 0.5172938704 0.4139732122 -0.3828262687 -0.8258754611 0.8641522527 0.4504487514 0.2243586183
268.1 -86.7 2379.0 0.0560963042 0.6939398050 0.7178444862 -0.9750998616 0.1925807297 -0.1099680215 -0.2145542055 -0.6938012242 0.6874637008
281.3 -314.8 2328.8 -0.5497829914 0.6939398050 0.4649582505 -0.4805036485 0.1925807297 -0.8555868864 -0.6832678318 -0.6938012242 0.2275630236
55.9 -451.0 2566.0 0.8675472736 0.4972864985 0.0082344143 0.0728320703 -0.1106473133 -0.9911875129 -0.4919930696 0.8605017662 -0.1322101802
-152.7 -404.6 2205.0 0.8675472736 -0.0870805979 0.4896719754 0.0728320703 0.9961826801 0.0481198020 -0.4919930696 -0.0060823797 0.8705778718
233.0 -460.6 2520.7 0.9833679795 -0.0864054859 0.1597546339 0.1420849860 -0.1819162518 -0.9729945064 0.1131340265 0.9795103669 -0.1666136831
270.8 -381.0 2092.4 0.9833679795 -0.1455613822 -0.1086247340 0.1420849860 0.9890808463 -0.0391270146 0.1131340265 0.0230423082 0.9933125377
18.9 -478.7 2144.8 0 0 0 0 0 0 0 0 0
138.3 -439.7 2151.2 0 0 0 0 0 0 0 0 0
-119.4 -785.4 2207.4 0 0 0 0 0 0 0 0 0
326.4 -759.2 2083.6 0 0 0 0 0 0 0 0 0
123.9 109.4 2342.6 6 0.9664505720 -0.0379289426 0.2540368140 -0.0532919206 0.9379043579 0.3427760303 -0.2512633502 -0.3448142111 0.9044168591
131.6 -80.3 2412.3 0.9664505720 -0.0379289426 0.2540368140 -0.0532919206 0.9379043579 0.3427760303 -0.2512633502 -0.3448142111 0.9044168591
138.7 -267.4 2478.9 0.9664251208 -0.0358993448 0.2544281185 -0.0526448078 0.9415217638 0.3328141272 -0.2514974475 -0.3350342810 0.9080204368
-4.4 -72.9 2447.7 -0.3020596802 -0.8037819862 0.5125373602 0.9223713279 -0.3822444975 -0.0558594726 0.2408134192 0.4558768570 0.8568460941
91.9 -367.1 2370.9 0.2792653739 -0.8037819862 0.5253050923 0.4341835678 -0.3822444975 -0.8157044649 0.8564435244 0.4558768570 0.2422412634
267.6 -87.7 2376.9 0.0595281348 0.6942765117 0.7172423005 -0.9760879874 0.1909684688 -0.1038424969 -0.2090660781 -0.6939100623 0.6890429854
281.4 -314.2 2328.4 -0.5493390560 0.6942765117 0.4649803340 -0.4822973609 0.1909684688 -0.8549387455 -0.6823604703 -0.6939100623 0.2299412936
56.7 -450.0 2568.4 0.8621742725 0.5065857172 0.0051388354 0.0672979504 -0.1044710800 -0.9922483563 -0.5021219850 0.8558368087 -0.1241644546
-156.5 -406.0 2208.1 0.8621742725 -0.0874439105 0.4990080893 0.0672979504 0.9960302711 0.0582640246 -0.5021219850 -0.0166515224 0.8646364808
233.8 -459.9 2522.2 0.9842444658 -0.0791327059 0.1581165940 0.1425523311 -0.1738985181 -0.9743911624 0.1046024486 0.9815790057 -0.1598780900
268.4 -383.8 2092.9 0.9842444658 -0.1450711340 -0.1010801941 0.1425523311 0.9892778993 -0.0317502841 0.1046024486 0.0168408249 0.9943715334
19.1 -480.4 2147.4 0 0 0 0 0 0 0 0 0
138.6 -439.6 2151.0 0 0 0 0 0 0 0 0 0
-123.1 -786.8 2214.5 0 0 0 0 0 0 0 0 0
323.9 -762.0 2086.5 0 0 0 0 0 0 0 0 0
125.1 109.6 2347.2 7 0.9662788510 -0.0367917605 0.2548560202 -0.0513714217 0.9422994256 0.3308062851 -0.2523216009 -0.3327434361 0.9086339474
132.6 -80.5 2414.3 0.9662788510 -0.0367917605 0.2548560202 -0.0513714217 0.9422994256 0.3308062851 -0.2523216009 -0.3327434361 0.9086339474
139.0 -268.3 2479.2 0.9663645029 -0.0324255489 0.2551239133 -0.0537072010 0.9447019100 0.3235024512 -0.2515057921 -0.3263232708 0.9111849070
-3.4 -73.0 2449.7 -0.2973309159 -0.8035306334 0.5156868100 0.9218192101 -0.3822741807 -0.0641545877 0.2486839145 0.4562948346 0.8543719053
91.5 -367.4 2370.3 0.2792125046 -0.8035306334 0.5257174969 0.4349421561 -0.3822741807 -0.8152863383 0.8560757637 0.4562948346 0.2427536100
268.6 -88.1 2378.9 0.0541981161 0.6945559978 0.7173942327 -0.9743561149 0.1939173192 -0.1141327322 -0.2183867395 -0.6928116679 0.6872548461
281.2 -314.9 2328.1 -0.5490931273 0.6945559978 0.4648534060 -0.4793360233 0.1939173192 -0.8559398651 -0.6846413016 -0.6928116679 0.2264470458
56.6 -451.3 2567.0 0.8613733053 0.5079719424 0.0007395294 0.0684712082 -0.1146645397 -0.9910417199 -0.5033366084 0.8537075520 -0.1335504204
-157.7 -403.0 2207.0 0.8613733053 -0.0842885673 0.5009306073 0.0684712082 0.9964033961 0.0499193780 -0.5033366084 -0.0086998949 0.8640466332
233.8 -461.3 2520.9 0.9847754836 -0.0793777257 0.1546492875 0.1381119788 -0.1829494834 -0.9733727574 0.1055571213 0.9799125791 -0.1692011505
268.5 -381.2 2092.2 0.9847754836 -0.1416439712 -0.1007681042 0.1381119788 0.9895576835 -0.0412391238 0.1055571213 0.0266939979 0.9940549135
18.6 -480.9 2146.9 0 0 0 0 0 0 0 0 0
138.4 -439.5 2150.1 0 0 0 0 0 0 0 0 0
-125.5 -783.9 2210.3 0 0 0 0 0 0 0 0 0
322.6 -759.5 2082.0 0 0 0 0 0 0 0 0 0
125.5 109.1 2343.0 8 0.9636301994 -0.0356038436 0.2648569345 -0.0603046305 0.9365513325 0.3453041017 -0.2603462636 -0.3487175703 0.9003421068
132.7 -79.9 2413.4 0.9636301994 -0.0356038436 0.2648569345 -0.0603046305 0.9365513325 0.3453041017 -0.2603462636 -0.3487175703 0.9003421068
139.3 -266.6 2481.3 0.9636344910 -0.0333957188 0.2651287913 -0.0604213625 0.9392357469 0.3379133344 -0.2603033185 -0.3416444063 0.9030621648
-2.9 -71.4 2450.0 -0.2952592373 -0.7935826182 0.5320231318 0.9225816727 -0.3815496564 -0.0571223497 0.2483245581 0.4739688933 0.8448008299
91.7 -367.1 2370.4 0.2880763710 -0.7935826182 0.5359464884 0.4505212903 -0.3815496564 -0.8071247935 0.8450103998 0.4739688933 0.2476104200
268.3 -88.4 2376.7 0.0557520203 0.6959033608 0.7159680128 -0.9762824774 0.1882428080 -0.1069448441 -0.2091991156 -0.6930246353 0.6898931861
281.2 -315.1 2328.2 -0.5510316491 0.6959033608 0.4605242908 -0.4788856804 0.1882428080 -0.8574573994 -0.6833978891 -0.6930246353 0.2295304239
56.5 -452.0 2566.3 0.8674653769 0.4974913597 -0.0024954421 0.0601499006 -0.1098586842 -0.9921255112 -0.4938479960 0.8604844213 -0.1252226532
-153.8 -405.5 2202.6 0.8674653769 -0.0857400745 0.4900535643 0.0601499006 0.9958863854 0.0677669123 -0.4938479960 -0.0293087773 0.8690541387
234.2 -459.0 2525.2 0.9861640930 -0.0694272220 0.1505333036 0.1373180449 -0.1665834785 -0.9764187932 0.0928664058 0.9835801125 -0.1547450423
264.6 -386.1 2095.0 0.9861640930 -0.1390147358 -0.0903067812 0.1373180449 0.9902173281 -0.0247676540 0.0928664058 0.0120242210 0.9956059456
16.5 -484.7 2149.9 0 0 0 0 0 0 0 0 0
138.0 -439.6 2150.5 0 0 0 0 0 0 0 0 0
-121.1 -786.2 2213.8 0 0 0 0 0 0 0 0 0
317.7 -764.6 2090.4 0 0 0 0 0 0 0 0 0
125.9 109.7 2347.4 9 0.9645775557 -0.0381298959 0.2610291839 -0.0490675271 0.9462983608 0.3195492923 -0.2591958940 -0.3210381269 0.9109072685
133.6 -81.1 2412.1 0.9645775557 -0.0381298959 0.2610291839 -0.0490675271 0.9462983608 0.3195492923 -0.2591958940 -0.3210381269 0.9109072685
140.3 -269.2 2476.0 0.9647342563 -0.0337674432 0.2610509694 -0.0531918555 0.9462688565 0.3189763427 -0.2577953935 -0.3216131926 0.9111018181
-2.2 -73.6 2448.4 -0.3183483779 -0.8003696203 0.5079988241 0.9228139520 -0.3842875659 -0.0271571055 0.2169533521 0.4601429701 0.8609295487
97.5 -362.7 2380.4 0.2922974825 -0.8003696203 0.5234220624 0.4199857414 -0.3842875659 -0.8221526742 0.8591706157 0.4601429701 0.2238175422
269.4 -88.6 2375.8 0.0488246977 0.6970521808 0.7153561115 -0.9761303067 0.1850503832 -0.1136923432 -0.2116264254 -0.6927298307 0.6894488335
280.7 -315.3 2326.7 -0.5508066416 0.6970521808 0.4590536654 -0.4803403318 0.1850503832 -0.8573386073 -0.6825578213 -0.6927298307 0.2328952998
58.0 -454.4 2560.2 0.8771010041 0.4802662432 0.0061764335 0.0734011531 -0.1213206351 -0.9898957610 -0.4746641815 0.8686919212 -0.1416625530
-148.1 -402.4 2187.5 0.8771010041 -0.0892139226 0.4719477594 0.0734011531 0.9959535003 0.0518546551 -0.4746641815 -0.0108402586 0.8801002502
235.5 -462.2 2516.3 0.9855706096 -0.0726832971 0.1528651267 0.1370085627 -0.1877589077 -0.9726125598 0.0993944779 0.9795221686 -0.1750914156
267.3 -380.0 2087.8 0.9855706096 -0.1408651024 -0.0938489661 0.1370085627 0.9894837737 -0.0463737622 0.0993944779 0.0328465067 0.9945058227
21.3 -472.3 2156.2 0 0 0 0 0 0 0 0 0
137.5 -440.1 2149.2 0 0 0 0 0 0 0 0 0
-114.0 -783.0 2191.6 0 0 0 0 0 0 0 0 0
321.1 -758.2 2075.3 0 0 0 0 0 0 0 0 0
125.7 109.0 2349.6 0 0.9661440253 -0.0311982725 0.2561101317 -0.0521180257 0.9485978484 0.3121631145 -0.2526844740 -0.3149424791 0.9148561358
132.0 -82.1 2413.0 0.9661440253 -0.0311982725 0.2561101317 -0.0521180257 0.9485978484 0.3121631145 -0.2526844740 -0.3149424791 0.9148561358
137.7 -270.7 2475.6 0.9662302136 -0.0282075461 0.2561317980 -0.0548710674 0.9486699700 0.3114714324 -0.2517703772 -0.3150073588 0.9150857925
-4.0 -74.4 2448.5 -0.3047337830 -0.8410175443 0.4470199049 0.9324716330 -0.3590408862 -0.0398283787 0.1939947903 0.4046963155 0.8936368823
94.2 -374.7 2386.0 0.2817943394 -0.8410175443 0.4618239999 0.3478360176 -0.3590408862 -0.8660829663 0.8942046762 0.4046963155 0.1913605034
268.0 -89.9 2377.6 0.0561702810 0.6906215549 0.7210317254 -0.9735850096 0.1979622394 -0.1137681380 -0.2213077843 -0.6955953240 0.6834983826
281.1 -316.9 2326.0 -0.5538926721 0.6906215549 0.4650212526 -0.4736524522 0.1979622394 -0.8581749797 -0.6847307682 -0.6955953240 0.2174647450
58.7 -455.7 2557.2 0.8696153760 0.4937290847 0.0008375294 0.0637210757 -0.1105508059 -0.9918256402 -0.4896005690 0.8625602126 -0.1275976300
-146.7 -409.7 2198.2 0.8696153760 -0.0830447152 0.4866956770 0.0637210757 0.9963864088 0.0561578870 -0.4896005690 -0.0178229902 0.8717646599
231.9 -464.3 2515.1 0.9853912592 -0.0797877312 0.1504591554 0.1326454580 -0.1945339590 -0.9718856812 0.1068139598 0.9776453376 -0.1811085790
266.8 -379.2 2087.5 0.9853912592 -0.1374737769 -0.1005236357 0.1326454580 0.9897312522 -0.0532652587 0.1068139598 0.0391531177 0.9935078025
23.3 -462.1 2161.2 0 0 0 0 0 0 0 0 0
137.1 -440.0 2148.0 0 0 0 0 0 0 0 0 0
-115.0 -790.5 2205.1 0 0 0 0 0 0 0 0 0
319.3 -757.6 2072.5 0 0 0 0 0 0 0 0 0
126.2 108.4 2345.2 1 0.9677295089 -0.0322084762 0.2499245107 -0.0530442037 0.9435385466 0.3269882500 -0.2463451922 -0.3296932280 0.9113816023
132.7 -81.8 2411.7 0.9677295089 -0.0322084762 0.2499245107 -0.0530442037 0.9435385466 0.3269882500 -0.2463451922 -0.3296932280 0.9113816023
138.4 -269.5 2476.8 0.9678161740 -0.0287276525 0.2500131130 -0.0557302199 0.9443307519 0.3242430389 -0.2454098165 -0.3277409375 0.9123376012
-3.5 -74.0 2446.2 -0.3052839935 -0.8206549287 0.4830395281 0.9280264974 -0.3701078892 -0.0422723293 0.2134677321 0.4353684187 0.8745775223
96.2 -377.2 2376.4 0.3064924777 -0.8206549287 0.4822736681 0.3579368293 -0.3701078892 -0.8572639227 0.8820111156 0.4353684187 0.1803073287
268.9 -89.7 2377.1 0.0539074317 0.6851289272 0.7264243960 -0.9727247953 0.2003979981 -0.1168206409 -0.2256111801 -0.7003135085 0.6772448421
281.5 -317.1 2324.4 -0.5583842993 0.6851289272 0.4677663445 -0.4728958905 0.2003979981 -0.8580268621 -0.6815984249 -0.7003135085 0.2120955586
54.7 -455.9 2558.1 0.8732787371 0.4871921539 -0.0052954825 0.0573289208 -0.1135416552 -0.9918778539 -0.4838363528 0.8658822775 -0.1270837188
-145.1 -409.3 2203.0 0.8732787371 -0.0777916685 0.4809705615 0.0573289208 0.9967200756 0.0571186431 -0.4838363528 -0.0223069731 0.8748741746
232.9 -462.4 2519.4 0.9844316840 -0.0849802420 0.1538591981 0.1365090609 -0.1817737520 -0.9738190770 0.1107229441 0.9796615243 -0.1673432589
270.1 -382.9 2090.9 0.9844316840 -0.1400947124 -0.1061497405 0.1365090609 0.9898163080 -0.0403598249 0.1107229441 0.0252410881 0.9935307503
17.9 -468.7 2151.0 0 0 0 0 0 0 0 0 0
136.3 -440.1 2147.2 0 0 0 0 0 0 0 0 0
-115.4 -790.4 2211.5 0 0 0 0 0 0 0 0 0
323.6 -761.2 2081.2 0 0 0 0 0 0 0 0 0
125.6 109.0 2342.0 2 0.9687953591 -0.0338851400 0.2455348372 -0.0535467416 0.9386062026 0.3408096135 -0.2420088947 -0.3433223665 0.9075028896
132.4 -80.5 2411.3 0.9687953591 -0.0338851400 0.2455348372 -0.0535467416 0.9386062026 0.3408096135 -0.2420088947 -0.3433223665 0.9075028896
138.3 -267.4 2478.5 0.9688902497 -0.0294162203 0.2457362711 -0.0563646406 0.9405913949 0.3348296583 -0.2409868389 -0.3382640481 0.9096717834
-3.9 -72.5 2445.2 -0.3081800938 -0.8024649024 0.5109550953 0.9254366159 -0.3773342073 -0.0344380811 0.2204361856 0.4622434080 0.8589172959
97.0 -375.5 2373.0 0.3193507791 -0.8024649024 0.5040487647 0.3827962279 -0.3773342073 -0.8432591558 0.8668807149 0.4622434080 0.1866785735
268.8 -88.4 2377.4 0.0511308238 0.6884916425 0.7234396338 -0.9741765857 0.1939011812 -0.1156819239 -0.2199218422 -0.6988430619 0.6806267500
280.8 -317.0 2325.8 -0.5580970645 0.6884916425 0.4631489217 -0.4737122059 0.1939011812 -0.8590686917 -0.6812667251 -0.6988430619 0.2179312110
55.4 -453.0 2562.9 0.8723612428 0.4888526797 0.0029963187 0.0633518025 -0.1069700271 -0.9922418594 -0.4847395718 0.8657831550 -0.1242862046
-147.4 -408.6 2203.7 0.8723612428 -0.0836434960 0.4816530645 0.0633518025 0.9962885380 0.0582730621 -0.4847395718 -0.0203215666 0.8744224310
233.4 -461.4 2521.6 0.9826155305 -0.0824683234 0.1663301736 0.1499107182 -0.1760443598 -0.9729003906 0.1095149517 0.9809216857 -0.1606210321
269.6 -384.1 2090.9 0.9826155305 -0.1519469917 -0.1066717356 0.1499107182 0.9883334637 -0.0269021448 0.1095149517 0.0104432264 0.9939302802
14.7 -474.2 2149.7 0 0 0 0 0 0 0 0 0
135.7 -440.2 2148.7 0 0 0 0 0 0 0 0 0
-115.5 -789.5 2211.5 0 0 0 0 0 0 0 0 0
327.7 -761.9 2086.9 0 0 0 0 0 0 0 0 0
125.0 111.0 2340.4 3 0.9681233168 -0.0354361013 0.2479546815 -0.0540712029 0.9370320439 0.3450322449 -0.2445680797 -0.3474409580 0.9052464962
132.2 -78.1 2410.5 0.9681233168 -0.0354361013 0.2479546815 -0.0540712029 0.9370320439 0.3450322449 -0.2445680797 -0.3474409580 0.9052464962
138.5 -264.7 2478.8 0.9682120085 -0.0315860994 0.2481286973 -0.0565529615 0.9386646748 0.3401622474 -0.2436540425 -0.3433815837 0.9070401192
-4.1 -70.2 2444.8 -0.3031418324 -0.8027898669 0.5134524703 0.9258071184 -0.3757736087 -0.0409314595 0.2258012444 0.4629499316 0.8571412563
94.7 -371.9 2371.2 0.3052429259 -0.8027898669 0.5122061968 0.4079674780 -0.3757736087 -0.8320797682 0.8604587913 0.4629499316 0.2128099203
268.5 -86.1 2376.2 0.0543718338 0.6959385872 0.7160398960 -0.9765515327 0.1866584271 -0.1072648466 -0.2083046287 -0.6934176683 0.6897688508
281.3 -315.7 2327.2 -0.5532267094 0.6959385872 0.4578315020 -0.4762794375 0.1866584271 -0.8592534661 -0.6834457517 -0.6934176683 0.2281968296
56.0 -448.0 2566.9 0.8707382083 0.4916568995 0.0094068581 0.0666004643 -0.0989549235 -0.9928606749 -0.4872159362 0.8651481867 -0.1189084128
-149.7 -406.6 2204.9 0.8707382083 -0.0867639408 0.4840320349 0.0666004643 0.9960494637 0.0587349795 -0.4872159362 -0.0189060308 0.8730768561
233.8 -457.4 2523.6 0.9821999669 -0.0767091960 0.1714611799 0.1567340195 -0.1684029251 -0.9731777310 0.1035262495 0.9827289581 -0.1533824056
267.6 -383.1 2089.6 0.9821999669 -0.1579742581 -0.1016236693 0.1567340195 0.9874357581 -0.0201260652 0.1035262495 0.0038399340 0.9946193099
15.7 -477.4 2148.6 0 0 0 0 0 0 0 0 0
137.4 -439.5 2149.6 0 0 0 0 0 0 0 0 0
-116.6 -787.4 2212.1 0 0 0 0 0 0 0 0 0
328.0 -760.5 2088.1 0 0 0 0 0 0 0 0 0
125.4 108.9 2339.6 4 0.9685611129 -0.0348756872 0.2463190854 -0.0556503199 0.9346598387 0.3511609435 -0.2424715459 -0.3538285494 0.9033343196
132.4 -80.0 2411.1 0.9685611129 -0.0348756872 0.2463190854 -0.0556503199 0.9346598387 0.3511609435 -0.2424715459 -0.3538285494 0.9033343196
138.4 -266.2 2480.6 0.9686798453 -0.0299056582 0.2465055585 -0.0590805598 0.9364556074 0.3457750380 -0.2411821336 -0.3495090008 0.9053588510
-3.9 -71.7 2445.0 -0.3116105497 -0.7828372717 0.5385764837 0.9220826030 -0.3860094249 -0.0275762323 0.2294833064 0.4880189598 0.8421252370
95.9 -367.1 2371.5 0.3167561889 -0.7828372717 0.5355663300 0.4278485775 -0.3860094249 -0.8172773719 0.8465288877 0.4880189598 0.2126649469
268.8 -88.3 2377.1 0.0686160922 0.6752746105 0.7343677282 -0.9742930532 0.2036837041 -0.0962600261 -0.2145806998 -0.7088844180 0.6718913913
284.6 -313.8 2327.5 -0.5622084141 0.6752746105 0.4774158001 -0.4799689353 0.2036837041 -0.8533128500 -0.6734623313 -0.7088844180 0.2095981389
55.5 -447.8 2570.9 0.8718352318 0.4896651208 0.0114648435 0.0650518313 -0.0925596729 -0.9935798645 -0.4854602218 0.8669837117 -0.1125503927
-150.3 -408.9 2206.6 0.8718352318 -0.0866783187 0.4820687175 0.0650518313 0.9959889054 0.0614355728 -0.4854602218 -0.0222022440 0.8739767671
233.3 -458.2 2527.4 0.9818406701 -0.0777669922 0.1730351001 0.1589306742 -0.1608484387 -0.9740989804 0.1035851762 0.9839106202 -0.1455679834
267.7 -386.9 2091.6 0.9818406701 -0.1594080329 -0.1028490439 0.1589306742 0.9872058034 -0.0128726019 0.1035851762 -0.0037070250 0.9946137071
13.8 -478.0 2152.1 0 0 0 0 0 0 0 0 0
138.5 -438.6 2152.4 0 0 0 0 0 0 0 0 0
-117.2 -789.7 2215.1 0 0 0 0 0 0 0 0 0
328.7 -764.3 2093.0 0 0 0 0 0 0 0 0 0
126.2 108.3 2339.2 5 0.9697884917 -0.0295977611 0.2421452105 -0.0588103905 0.9349700212 0.3498176038 -0.2367523313 -0.3534897268 0.9049825072
132.2 -80.5 2410.6 0.9697884917 -0.0295977611 0.2421452105 -0.0588103905 0.9349700212 0.3498176038 -0.2367523313 -0.3534897268 0.9049825072
137.0 -266.8 2479.7 0.9698841572 -0.0243861564 0.2423428148 -0.0621291324 0.9372914433 0.3429645896 -0.2355094254 -0.3476924598 0.9075490236
-4.3 -71.7 2443.7 -0.3173209131 -0.7798310518 0.5396025777 0.9216090441 -0.3876870573 -0.0183183067 0.2234821320 0.4914898276 0.8417205811
96.3 -364.0 2372.8 0.3168796301 -0.7798310518 0.5398618579 0.4326359630 -0.3876870573 -0.8139563203 0.8440458775 0.4914898276 0.2145328373
268.7 -89.2 2377.4 0.0592504144 0.6785288453 0.7321802974 -0.9741204977 0.1995702535 -0.1061174795 -0.2181251794 -0.7069443464 0.6727935076
