16.8 87.1 2820.8 71 0.9699617028 -0.0395377949 0.2400230914 -0.0151496129 0.9749692082 0.2218231559 -0.2427855134 -0.2187962085 0.9450837970
24.8 -110.1 2865.1 0.9699617028 -0.0395377949 0.2400230914 -0.0151496129 0.9749692082 0.2218231559 -0.2427855134 -0.2187962085 0.9450837970
33.4 -303.6 2909.2 0.9698445201 -0.0432316475 0.2398596853 -0.0123899886 0.9741247892 0.2256710231 -0.2434093952 -0.2218376547 0.9442139268
-116.9 -108.3 2900.6 0.4602364004 -0.7519014478 -0.4720451534 0.8815348148 0.4500770569 0.1425728351 0.1052559689 -0.4817414582 0.8699691892
-231.5 -327.8 2874.4 -0.4368244708 -0.7519014478 -0.4937900007 0.2071850449 0.4500770569 -0.8686224818 0.8753620386 -0.4817414582 -0.0408219285
166.5 -111.9 2829.5 0.2088677436 0.5109483600 0.8338501453 -0.9396681190 0.3410687149 0.0263810642 -0.2709208429 -0.7890525460 0.5513601303
214.7 -328.8 2767.0 -0.7730343342 0.5109483600 0.3759650290 -0.2191550136 0.3410687149 -0.9141352177 -0.5953058004 -0.7890525460 -0.1516809314
-51.7 -494.7 2976.6 0.9320002794 0.1899580508 -0.3086930215 -0.3257099092 0.0652672499 -0.9432142973 -0.1590236127 0.9796203971 0.1227003187
-146.0 -527.1 2490.1 0.9320002794 0.1857842058 0.3112228811 -0.3257099092 0.8060011268 0.4942421317 -0.1590236127 -0.5620021820 0.8117050529
126.2 -498.5 2932.0 0.9730597138 0.1284065694 0.1914850175 0.1956890523 -0.0208456703 -0.9804444313 -0.1219038740 0.9915025234 -0.0454118401
63.7 -488.4 2449.7 0.9730597138 -0.2296416312 0.0204811171 0.1956890523 0.8696197867 0.4532849193 -0.1219038740 -0.4370653629 0.8911303282
-117.8 -381.7 2646.6 0 0 0 0 0 0 0 0 0
13.8 -385.7 2612.3 0 0 0 0 0 0 0 0 0
-217.0 -835.1 2704.9 0 0 0 0 0 0 0 0 0
151.4 -820.3 2616.5 0 0 0 0 0 0 0 0 0
16.4 86.1 2820.3 72 0.9700118303 -0.0427054055 0.2392766625 -0.0117670484 0.9750382900 0.2217248380 -0.2427727580 -0.2178912908 0.9452961087
25.0 -110.8 2864.3 0.9700118303 -0.0427054055 0.2392766625 -0.0117670484 0.9750382900 0.2217248380 -0.2427727580 -0.2178912908 0.9452961087
34.1 -304.3 2908.3 0.9699217677 -0.0456913225 0.2390900999 -0.0097813439 0.9741156101 0.2258385867 -0.2432202697 -0.2213843763 0.9443690181
-116.6 -109.3 2899.8 0.4676453471 -0.7481539845 -0.4707158506 0.8785896301 0.4518083036 0.1547561586 0.0968918875 -0.4859370887 0.8686064482
-233.3 -328.6 2875.7 -0.4409064353 -0.7481539845 -0.4958498776 0.2087732702 0.4518083036 -0.8673424721 0.8729348183 -0.4859370887 -0.0430106334
166.7 -112.2 2828.8 0.1998587847 0.5036649704 0.8404629827 -0.9382013679 0.3457236588 0.0159184691 -0.2825503647 -0.7917049527 0.5416350365
213.0 -329.4 2763.4 -0.7777615786 0.5036649704 0.3760432303 -0.2174458355 0.3457236588 -0.9127937555 -0.5897492766 -0.7917049527 -0.1593707204
-47.0 -496.1 2975.6 0.9268683195 0.1961359084 -0.3200716078 -0.3375900984 0.0626526400 -0.9392058253 -0.1641586572 0.9785731435 0.1242842823
-144.7 -527.3 2488.0 0.9268683195 0.1910444647 0.3231364191 -0.3375900984 0.8006503582 0.4949666262 -0.1641586572 -0.5678565502 0.8065921664
130.9 -498.3 2930.9 0.9723742604 0.1416312605 0.1855502576 0.1905403286 -0.0224039797 -0.9814236760 -0.1348432004 0.9896659255 -0.0487715192
61.8 -487.4 2447.9 0.9723742604 -0.2309250087 0.0340873338 0.1905403286 0.8695705533 0.4555671811 -0.1348432004 -0.4364868104 0.8895485401
-118.6 -382.9 2648.5 0 0 0 0 0 0 0 0 0
10.9 -385.9 2610.1 0 0 0 0 0 0 0 0 0
-217.7 -833.2 2705.0 0 0 0 0 0 0 0 0 0
150.0 -819.5 2614.6 0 0 0 0 0 0 0 0 0
16.3 88.0 2830.5 73 0.9684799314 -0.0398879498 0.2458771318 -0.0053473120 0.9835385680 0.1806190759 -0.2490341812 -0.1762407273 0.9523240924
24.4 -110.1 2866.0 0.9684799314 -0.0398879498 0.2458771318 -0.0053473120 0.9835385680 0.1806190759 -0.2490341812 -0.1762407273 0.9523240924
33.0 -305.2 2901.5 0.9683426023 -0.0438490808 0.2457434088 -0.0021226464 0.9829689264 0.1837596893 -0.2496158183 -0.1784639657 0.9517576098
-117.1 -109.8 2902.5 0.4668883383 -0.7432971001 -0.4790873230 0.8776465654 0.4558879137 0.1479955465 0.1084054485 -0.4895667434 0.8652009368
-234.3 -330.2 2875.2 -0.4478622675 -0.7432971001 -0.4969193041 0.2044928968 0.4558879137 -0.8662267923 0.8704034090 -0.4895667434 -0.0521760024
165.8 -110.4 2829.6 0.1985453218 0.4992516041 0.8434023857 -0.9354628921 0.3532502651 0.0111109680 -0.2923849523 -0.7911776900 0.5371674895
212.3 -329.4 2761.1 -0.7783438563 0.4992516041 0.3806950450 -0.2183530927 0.3532502651 -0.9096901417 -0.5886448622 -0.7911776900 -0.1659370363
-45.8 -497.0 2974.6 0.9236875772 0.1920013428 -0.3315671384 -0.3461075723 0.0469271094 -0.9370204806 -0.1643497050 0.9802720547 0.1097991094
-140.8 -520.2 2489.4 0.9236875772 0.2015794665 0.3258327842 -0.3461075723 0.8037703633 0.4839036167 -0.1643497050 -0.5597489476 0.8122009039
132.2 -498.8 2930.0 0.9729013443 0.1403892934 0.1837222576 0.1895736307 -0.0293936525 -0.9814264178 -0.1323814988 0.9896599650 -0.0552112348
63.4 -484.4 2445.6 0.9729013443 -0.2288831919 0.0327949636 0.1895736307 0.8708046079 0.4536090791 -0.1323814988 -0.4350998104 0.8905971646
-117.8 -383.4 2648.7 0 0 0 0 0 0 0 0 0
10.1 -386.1 2608.2 0 0 0 0 0 0 0 0 0
-217.8 -827.4 2703.2 0 0 0 0 0 0 0 0 0
150.9 -817.1 2611.9 0 0 0 0 0 0 0 0 0
16.2 88.5 2825.6 74 0.9672080874 -0.0392511636 0.2509338856 -0.0135184508 0.9786301255 0.2051836401 -0.2536251545 -0.2018475235 0.9460083842
24.1 -108.9 2866.4 0.9672080874 -0.0392511636 0.2509338856 -0.0135184508 0.9786301255 0.2051836401 -0.2536251545 -0.2018475235 0.9460083842
32.6 -302.9 2907.5 0.9671255350 -0.0427384973 0.2506822646 -0.0115486700 0.9773775935 0.2111863047 -0.2540370226 -0.2071387172 0.9447532892
-117.2 -107.2 2903.4 0.4598288536 -0.7485129237 -0.4777926207 0.8820695281 0.4471226633 0.1484407932 0.1025220603 -0.4897036850 0.8658403754
-233.7 -330.7 2877.5 -0.4485359788 -0.7485129237 -0.4884095192 0.2025368810 0.4471226633 -0.8712405562 0.8705137968 -0.4897036850 -0.0489491336
165.4 -110.6 2829.3 0.2049854398 0.4937362373 0.8451067805 -0.9345506430 0.3553174436 0.0190936401 -0.2908539772 -0.7937090397 0.5342564583
213.4 -329.4 2761.2 -0.7819131613 0.4937362373 0.3805737197 -0.2180454880 0.3553174436 -0.9089585543 -0.5840103030 -0.7937090397 -0.1701704264
-47.1 -500.2 2959.8 0.9239152074 0.2030528188 -0.3242687881 -0.3422127962 0.0595833547 -0.9377314448 -0.1710879952 0.9773532748 0.1245372444
-144.6 -528.8 2490.5 0.9239152074 0.1912210435 0.3313837945 -0.3422127962 0.8003460765 0.4922769666 -0.1710879952 -0.5682259202 0.8048901558
130.5 -500.6 2914.0 0.9716956615 0.1479436904 0.1841744632 0.1910431236 -0.0335190520 -0.9810091853 -0.1389607638 0.9884275794 -0.0608339421
60.6 -484.7 2446.5 0.9716956615 -0.2330165505 0.0388696976 0.1910431236 0.8718811870 0.4509164989 -0.1389607638 -0.4307278097 0.8917194009
-117.0 -383.4 2650.9 0 0 0 0 0 0 0 0 0
10.2 -386.0 2609.4 0 0 0 0 0 0 0 0 0
-217.6 -834.6 2707.6 0 0 0 0 0 0 0 0 0
149.6 -817.8 2611.1 0 0 0 0 0 0 0 0 0
16.7 88.9 2822.7 75 0.9652217031 -0.0412945375 0.2581508458 -0.0143026989 0.9776265025 0.2098614573 -0.2610412240 -0.2062550783 0.9430356622
25.1 -109.0 2864.5 0.9652217031 -0.0412945375 0.2581508458 -0.0143026989 0.9776265025 0.2098614573 -0.2610412240 -0.2062550783 0.9430356622
33.9 -303.0 2906.3 0.9651511312 -0.0441685319 0.2579387724 -0.0126895439 0.9765953422 0.2147102803 -0.2613852620 -0.2105010003 0.9420016408
-115.9 -107.2 2902.6 0.4658722281 -0.7505754828 -0.4686144292 0.8794977665 0.4509571195 0.1520572156 0.0971945897 -0.4829845726 0.8702178597
-233.1 -328.4 2878.2 -0.4392789900 -0.7505754828 -0.4936298132 0.2055018395 0.4509571195 -0.8685658574 0.8745301366 -0.4829845726 -0.0438513383
166.1 -110.9 2826.3 0.2051506042 0.5149170756 0.8323302269 -0.9422281384 0.3339909017 0.0256160963 -0.2648005784 -0.7895001173 0.5536878109
213.7 -329.7 2764.8 -0.7743279934 0.5149170756 0.3677995801 -0.2139327973 0.3339909017 -0.9179775715 -0.5955240726 -0.7895001173 -0.1484608650
-47.6 -495.9 2971.9 0.9263988137 0.2013549805 -0.3181845248 -0.3376737833 0.0703362599 -0.9386315942 -0.1666182429 0.9769897461 0.1331517249
-146.7 -530.5 2491.2 0.9263988137 0.1868935525 0.3268883824 -0.3376737833 0.7964844108 0.5015864372 -0.1666182429 -0.5750507116 0.8009712696
129.8 -498.0 2925.3 0.9722415209 0.1392797232 0.1880096495 0.1924318373 -0.0188722294 -0.9811288714 -0.1331031919 0.9900732040 -0.0451502167
62.7 -488.9 2448.4 0.9722415209 -0.2318032086 0.0318393372 0.1924318373 0.8695725799 0.4547675550 -0.1331031919 -0.4360169768 0.8900408745
-118.8 -381.9 2650.6 0 0 0 0 0 0 0 0 0
12.5 -385.2 2610.1 0 0 0 0 0 0 0 0 0
-218.1 -834.9 2710.9 0 0 0 0 0 0 0 0 0
151.3 -821.2 2615.0 0 0 0 0 0 0 0 0 0
16.8 87.4 2821.7 76 0.9644003510 -0.0385352075 0.2616238594 -0.0185264777 0.9770496488 0.2122044563 -0.2637968659 -0.2094970196 0.9415531158
24.6 -109.7 2864.0 0.9644003510 -0.0385352075 0.2616238594 -0.0185264777 0.9770496488 0.2122044563 -0.2637968659 -0.2094970196 0.9415531158
32.8 -303.6 2906.5 0.9643325806 -0.0415120460 0.2614181638 -0.0168732163 0.9759760499 0.2172234505 -0.2641552687 -0.2138866186 0.9404650331
-116.3 -107.3 2902.6 0.4566474855 -0.7406882644 -0.4928021729 0.8796404004 0.4587617815 0.1255800575 0.1330631375 -0.4908345342 0.8610317707
-231.1 -328.4 2869.1 -0.4462221861 -0.7406882644 -0.5022615790 0.2102464885 0.4587617815 -0.8633273244 0.8698747754 -0.4908345342 -0.0489825904
165.4 -112.2 2825.4 0.2153106332 0.5046647787 0.8360351324 -0.9393386245 0.3410949111 0.0360164456 -0.2669911087 -0.7930748463 0.5474925041
215.3 -329.7 2763.6 -0.7799088955 0.5046647787 0.3702102005 -0.2138053179 0.3410949111 -0.9153915048 -0.5882426500 -0.7930748463 -0.1581229270
-45.9 -495.8 2972.1 0.9255239367 0.2028588057 -0.3197714388 -0.3383536637 0.0637636557 -0.9388561845 -0.1700654626 0.9771296978 0.1276528090
-146.2 -527.4 2488.7 0.9255239367 0.1869799942 0.3293083012 -0.3383536637 0.7988368869 0.4973694980 -0.1700654626 -0.5717500448 0.8026080132
131.2 -498.2 2924.1 0.9741511345 0.1391476691 0.1779537201 0.1825068742 -0.0205729324 -0.9829893112 -0.1331196427 0.9900579453 -0.0454365499
63.8 -488.2 2444.8 0.9741511345 -0.2232530713 0.0344624445 0.1825068742 0.8677244782 0.4623261392 -0.1331196427 -0.4440858960 0.8860400319
-115.0 -383.1 2642.7 0 0 0 0 0 0 0 0 0
12.6 -385.3 2610.7 0 0 0 0 0 0 0 0 0
-217.7 -832.6 2707.2 0 0 0 0 0 0 0 0 0
149.1 -819.8 2614.5 0 0 0 0 0 0 0 0 0
16.5 86.7 2820.8 77 0.9650053978 -0.0406370461 0.2590622306 -0.0169375464 0.9761976004 0.2162206918 -0.2616824806 -0.2130420059 0.9413476586
24.7 -110.6 2863.8 0.9650053978 -0.0406370461 0.2590622306 -0.0169375464 0.9761976004 0.2162206918 -0.2616824806 -0.2130420059 0.9413476586
33.1 -304.5 2906.3 0.9649453759 -0.0423805900 0.2590064704 -0.0155259045 0.9759297371 0.2175317407 -0.2619912326 -0.2139275521 0.9410609007
-116.3 -108.3 2902.1 0.4481499791 -0.7387233973 -0.5034375191 0.8804343343 0.4623131752 0.1053657532 0.1549096256 -0.4904633164 0.8575831056
-228.2 -328.1 2863.4 -0.4442258179 -0.7387233973 -0.5069034696 0.2133116722 0.4623131752 -0.8606768847 0.8701503277 -0.4904633164 -0.0477931090
165.6 -112.9 2825.5 0.2172563076 0.4966446459 0.8403236270 -0.9378251433 0.3449563682 0.0385895185 -0.2707097232 -0.7964604497 0.5407097340
215.9 -329.9 2762.9 -0.7844802737 0.4966446459 0.3713957071 -0.2142503709 0.3449563682 -0.9138391018 -0.5819686055 -0.7964604497 -0.1642051786
-47.4 -496.0 2973.2 0.9270378351 0.1984961331 -0.3181196153 -0.3351002932 0.0578858964 -0.9404025674 -0.1682516485 0.9783907533 0.1201785281
-146.4 -524.9 2485.0 0.9270378351 0.1844453365 0.3264670372 -0.3351002932 0.7981936932 0.5005943179 -0.1682516485 -0.5734691024 0.8017634153
129.5 -499.1 2924.8 0.9735603333 0.1373392195 0.1825326830 0.1876806468 -0.0254065897 -0.9819014668 -0.1302160472 0.9901981950 -0.0505107604
63.0 -486.8 2445.6 0.9735603333 -0.2264126837 0.0302908812 0.1876806468 0.8684154749 0.4589450359 -0.1302160472 -0.4411256611 0.8879481554
-112.6 -383.7 2636.9 0 0 0 0 0 0 0 0 0
12.1 -385.6 2611.7 0 0 0 0 0 0 0 0 0
-216.9 -829.9 2704.1 0 0 0 0 0 0 0 0 0
149.6 -818.6 2614.1 0 0 0 0 0 0 0 0 0
16.8 85.8 2830.8 78 0.9613128304 -0.0432311743 0.2720454931 -0.0077136187 0.9829956889 0.1834665835 -0.2753510177 -0.1784672439 0.9446328878
25.5 -112.3 2866.7 0.9613128304 -0.0432311743 0.2720454931 -0.0077136187 0.9829956889 0.1834665835 -0.2753510177 -0.1784672439 0.9446328878
34.8 -307.3 2902.9 0.9611932039 -0.0471292511 0.2718207240 -0.0051120515 0.9820877314 0.1883547753 -0.2758288085 -0.1824348867 0.9437351227
-114.9 -111.6 2907.0 0.4501502812 -0.7231499553 -0.5238500237 0.8709986806 0.4848734438 0.0791143849 0.1967893988 -0.4918860197 0.8481285572
-227.0 -328.5 2858.0 -0.4555571675 -0.7231499553 -0.5191549063 0.2004598379 0.4848734438 -0.8513011336 0.8673427701 -0.4918860197 -0.0759250522
165.9 -113.0 2826.5 0.2149997503 0.5145552158 0.8300650716 -0.9427655339 0.3311804235 0.0388930179 -0.2548886836 -0.7909187078 0.5563086867
215.4 -329.8 2767.8 -0.7755647898 0.5145552158 0.3656940162 -0.2136326581 0.3311804235 -0.9190650582 -0.5940204263 -0.7909187078 -0.1469260752
-47.0 -497.0 2972.8 0.9281591773 0.2009538561 -0.3132699728 -0.3308692873 0.0600815192 -0.9417620301 -0.1704289764 0.9777565002 0.1222546771
-146.5 -526.8 2488.5 0.9281591773 0.1821747720 0.3245502710 -0.3308692873 0.8031916618 0.4953873754 -0.1704289764 -0.5671820641 0.8057657480
130.0 -499.9 2924.8 0.9745980501 0.1368859857 0.1772592366 0.1830227077 -0.0306320656 -0.9826313257 -0.1290786564 0.9901130795 -0.0549071953
64.1 -485.1 2448.1 0.9745980501 -0.2213672251 0.0339876339 0.1830227077 0.8746881485 0.4488020539 -0.1290786564 -0.4311811030 0.8929846287
-108.5 -380.7 2632.2 0 0 0 0 0 0 0 0 0
13.8 -385.3 2613.5 0 0 0 0 0 0 0 0 0
-216.1 -833.7 2705.2 0 0 0 0 0 0 0 0 0
148.7 -819.3 2612.8 0 0 0 0 0 0 0 0 0
16.8 85.8 2825.3 79 0.9670910239 -0.0435439944 0.2506768405 -0.0094771739 0.9783974290 0.2065153867 -0.2542540729 -0.2020948827 0.9457867146
25.6 -112.0 2866.1 0.9670910239 -0.0435439944 0.2506768405 -0.0094771739 0.9783974290 0.2065153867 -0.2542540729 -0.2020948827 0.9457867146
35.3 -306.1 2907.0 0.9669015408 -0.0488203987 0.2504356802 -0.0054645226 0.9773364067 0.2116216421 -0.2550913692 -0.2059857994 0.9447212815
-115.6 -111.2 2903.4 0.4606669843 -0.7345242500 -0.4982570410 0.8756209016 0.4679140151 0.1197684333 0.1451686323 -0.4914576411 0.8587173223
-228.4 -325.6 2867.8 -0.4436075389 -0.7345242500 -0.5135041475 0.2169507444 0.4679140151 -0.8567314744 0.8695658445 -0.4914576411 -0.0482145995
166.9 -112.7 2828.9 0.2039013207 0.4875365794 0.8489595652 -0.9348832369 0.3543303013 0.0210551172 -0.2905469537 -0.7979712486 0.5280382037
214.0 -329.0 2761.7 -0.7854879498 0.4875365794 0.3812043071 -0.2210364044 0.3543303013 -0.9086214304 -0.5780584216 -0.7979712486 -0.1705588549
-44.0 -501.9 2964.5 0.9225497246 0.2097492218 -0.3238938749 -0.3390780985 0.0399805643 -0.9399082661 -0.1841955781 0.9769374728 0.1080054268
-145.8 -521.3 2490.5 0.9225497246 0.1842284501 0.3390602469 -0.3390780985 0.8064572811 0.4844096303 -0.1841955781 -0.5618598461 0.8064647913
132.3 -502.8 2913.9 0.9731376767 0.1445607245 0.1791792661 0.1845023334 -0.0241862293 -0.9825344086 -0.1377022117 0.9892002940 -0.0502083227
64.3 -491.4 2448.4 0.9731376767 -0.2269144207 0.0388954952 0.1845023334 0.8697168231 0.4577679634 -0.1377022117 -0.4382949471 0.8882204890
-112.9 -382.0 2641.5 0 0 0 0 0 0 0 0 0
10.0 -386.4 2611.5 0 0 0 0 0 0 0 0 0
-216.2 -829.5 2705.2 0 0 0 0 0 0 0 0 0
151.0 -823.8 2615.9 0 0 0 0 0 0 0 0 0
15.4 87.7 2823.0 80 0.9685344100 -0.0512538403 0.2435449213 -0.0029310470 0.9761481285 0.2170858681 -0.2488624007 -0.2109689713 0.9452828169
25.8 -109.3 2865.6 0.9685344100 -0.0512538403 0.2435449213 -0.0029310470 0.9761481285 0.2170858681 -0.2488624007 -0.2109689713 0.9452828169
36.8 -303.0 2908.5 0.9683734775 -0.0556024909 0.2432307750 0.0000077837 0.9748592377 0.2228215784 -0.2495052069 -0.2157726139 0.9440282583
-115.7 -109.3 2902.0 0.4537342489 -0.7312481999 -0.5093145370 0.8774576187 0.4663666487 0.1121170446 0.1555419415 -0.4977732897 0.8532458544
-228.1 -326.7 2863.5 -0.4487946332 -0.7312481999 -0.5136725307 0.2206005305 0.4663666487 -0.8566431999 0.8659785390 -0.4977732897 -0.0479891151
167.2 -109.3 2829.2 0.1952677220 0.4842080474 0.8528851271 -0.9365358949 0.3502250016 0.0155864740 -0.2911545932 -0.8018010855 0.5218658447
213.2 -329.7 2760.6 -0.7892740369 0.4842080474 0.3776096404 -0.2206557095 0.3502250016 -0.9103040695 -0.5730249286 -0.8018010855 -0.1695802212
-43.8 -499.7 2971.3 0.9252847433 0.2021829337 -0.3208897412 -0.3368678391 0.0493600070 -0.9402572513 -0.1742648333 0.9781031013 0.1137809828
-143.4 -524.0 2489.5 0.9252847433 0.1880591810 0.3293659389 -0.3368678391 0.8065079451 0.4858651757 -0.1742648333 -0.5605164170 0.8096005917
133.6 -500.6 2924.6 0.9692060947 0.1497853845 0.1954581439 0.1992637813 -0.0106862625 -0.9798876047 -0.1446841210 0.9886607528 -0.0402039923
61.8 -495.5 2450.9 0.9692060947 -0.2433326989 0.0377987735 0.1992637813 0.8651640415 0.4602011442 -0.1446841210 -0.4384978116 0.8870096803
-111.3 -384.2 2638.1 0 0 0 0 0 0 0 0 0
8.1 -387.0 2611.7 0 0 0 0 0 0 0 0 0
-215.2 -832.2 2703.7 0 0 0 0 0 0 0 0 0
154.8 -826.1 2618.4 0 0 0 0 0 0 0 0 0
16.2 89.4 2820.4 81 0.9685223103 -0.0556478910 0.2426270694 -0.0006995155 0.9740799069 0.2262030691 -0.2489258796 -0.2192524374 0.9433791637
27.4 -107.6 2864.7 0.9685223103 -0.0556478910 0.2426270694 -0.0006995155 0.9740799069 0.2262030691 -0.2489258796 -0.2192524374 0.9433791637
39.2 -301.0 2908.8 0.9683510661 -0.0593726784 0.2424275428 0.0021994638 0.9732870460 0.2295812070 -0.2495824248 -0.2217819840 0.9426141381
-114.0 -108.0 2901.2 0.4534614980 -0.7281549573 -0.5139679313 0.8757356405 0.4712258875 0.1050394997 0.1657099575 -0.4977313876 0.8513540030
-228.7 -329.3 2859.3 -0.4528896809 -0.7281549573 -0.5144718885 0.2142888308 0.4712258875 -0.8555854559 0.8654312491 -0.4977313876 -0.0573778711
168.9 -107.3 2828.3 0.1892915517 0.5226567984 0.8312632442 -0.9495037198 0.3131606579 0.0193169657 -0.2502228022 -0.7929440737 0.5555432439
213.3 -330.2 2769.5 -0.7743870020 0.5226567984 0.3565874994 -0.2146385759 0.3131606579 -0.9251273870 -0.5951933265 -0.7929440737 -0.1303252131
-41.0 -496.6 2974.2 0.9237592816 0.2017404735 -0.3255297244 -0.3425388336 0.0550867580 -0.9378873110 -0.1712774485 0.9778886437 0.1199908555
-141.0 -523.9 2489.5 0.9237592816 0.1948384792 0.3297071159 -0.3425388336 0.8053712845 0.4837812185 -0.1712774485 -0.5598348975 0.8107089400
136.6 -496.6 2928.5 0.9697058201 0.1526740044 0.1906861961 0.1931439042 -0.0012921260 -0.9811695814 -0.1495527029 0.9882757664 -0.0307410359
62.9 -496.0 2451.8 0.9697058201 -0.2402773798 0.0440154299 0.1931439042 0.8644937873 0.4640538096 -0.1495527029 -0.4414943755 0.8847127557
-110.8 -385.1 2634.1 0 0 0 0 0 0 0 0 0
12.2 -386.0 2614.9 0 0 0 0 0 0 0 0 0
-215.5 -831.7 2703.5 0 0 0 0 0 0 0 0 0
154.7 -826.3 2620.5 0 0 0 0 0 0 0 0 0
16.1 88.0 2820.6 82 0.9685562849 -0.0534863137 0.2429772466 -0.0028571628 0.9741623998 0.2258305252 -0.2487781346 -0.2194238007 0.9433783293
26.9 -107.6 2864.6 0.9685562849 -0.0534863137 0.2429772466 -0.0028571628 0.9741623998 0.2258305252 -0.2487781346 -0.2194238007 0.9433783293
37.8 -301.0 2908.9 0.9685137868 -0.0551765002 0.2427686453 -0.0020953841 0.9732901454 0.2295689881 -0.2489511371 -0.2228494287 0.9425292611
-114.6 -107.3 2901.0 0.4479856789 -0.7306159735 -0.5152758360 0.8782017231 0.4676176310 0.1004761010 0.1675426066 -0.4975279570 0.8511142135
-227.3 -328.1 2858.9 -0.4486941695 -0.7306159735 -0.5146589875 0.2204232216 0.4676176310 -0.8560066223 0.8660756946 -0.4975279570 -0.0487725697
168.3 -107.9 2828.3 0.1995258629 0.4985968769 0.8435583115 -0.9431875348 0.3311314583 0.0273711942 -0.2656815052 -0.8010949492 0.5363396406
215.1 -328.8 2766.0 -0.7841977477 0.4985968769 0.3693712056 -0.2214921862 0.3311314583 -0.9172203541 -0.5796335936 -0.8010949492 -0.1492372304
-37.8 -494.6 2975.8 0.9221886396 0.2116881311 -0.3236607313 -0.3432130516 0.0622350760 -0.9371934533 -0.1782496870 0.9753537178 0.1300466061
-143.2 -525.6 2490.3 0.9221886396 0.1922247857 0.3355857134 -0.3432130516 0.8067130446 0.4810601771 -0.1782496870 -0.5588055849 0.8099156618
139.8 -494.2 2930.0 0.9714896679 0.1563926786 0.1781828254 0.1815842241 -0.0076208990 -0.9833458662 -0.1524301767 0.9876655340 -0.0358020701
63.7 -490.5 2449.3 0.9714896679 -0.2309265584 0.0536722913 0.1815842241 0.8703132272 0.4578012824 -0.1524301767 -0.4350031614 0.8874329925
-110.5 -385.5 2633.5 0 0 0 0 0 0 0 0 0
11.4 -386.4 2615.5 0 0 0 0 0 0 0 0 0
-216.7 -833.8 2703.9 0 0 0 0 0 0 0 0 0
151.9 -823.0 2615.5 0 0 0 0 0 0 0 0 0
17.0 87.9 2819.7 83 0.9702028036 -0.0478659198 0.2375191748 -0.0086474931 0.9728271365 0.2313711643 -0.2421398908 -0.2265308946 0.9434257150
26.6 -108.2 2865.3 0.9702028036 -0.0478659198 0.2375191748 -0.0086474931 0.9728271365 0.2313711643 -0.2421398908 -0.2265308946 0.9434257150
36.8 -301.2 2911.4 0.9701077938 -0.0512053221 0.2372106761 -0.0067826007 0.9713821411 0.2374251783 -0.2425796539 -0.2319369316 0.9419980645
-115.1 -107.2 2900.7 0.4457852542 -0.7242622972 -0.5260414481 0.8779993057 0.4682324529 0.0993762091 0.1743352562 -0.5061644912 0.8446329236
-226.0 -325.7 2857.4 -0.4501501620 -0.7242622972 -0.5223111510 0.2349782586 0.4682324529 -0.8517884612 0.8614813089 -0.5061644912 -0.0405890197
168.4 -109.1 2829.9 0.1968449950 0.4914698005 0.8483569026 -0.9379459620 0.3463656604 0.0169759933 -0.2854985297 -0.7990546227 0.5291524529
214.5 -328.9 2763.0 -0.7854008675 0.4914698005 0.3763016164 -0.2201680690 0.3463656604 -0.9118973613 -0.5785080194 -0.7990546227 -0.1638299227
-40.1 -494.2 2976.0 0.9243379831 0.2162671536 -0.3143688440 -0.3338330686 0.0593138151 -0.9407642484 -0.1848099828 0.9745308757 0.1270231307
-146.9 -523.5 2494.6 0.9243379831 0.1832827032 0.3346740007 -0.3338330686 0.8132424355 0.4766468406 -0.1848099828 -0.5523080826 0.8128967285
137.6 -494.6 2930.4 0.9722937942 0.1474907398 0.1813594848 0.1836651862 -0.0020513036 -0.9829867482 -0.1446094066 0.9890612960 -0.0290833823
66.0 -493.6 2450.2 0.9722937942 -0.2290963382 0.0464720353 0.1836651862 0.8716572523 0.4544015229 -0.1446094066 -0.4332764745 0.8895839453
-108.9 -386.8 2633.1 0 0 0 0 0 0 0 0 0
10.4 -386.1 2612.7 0 0 0 0 0 0 0 0 0
-216.9 -834.2 2705.6 0 0 0 0 0 0 0 0 0
153.5 -826.6 2615.7 0 0 0 0 0 0 0 0 0
16.6 84.6 2821.7 84 0.9699965715 -0.0509713739 0.2377153933 -0.0060407077 0.9724202752 0.2331572324 -0.2430436164 -0.2275976837 0.9429364204
26.8 -110.4 2867.3 0.9699965715 -0.0509713739 0.2377153933 -0.0060407077 0.9724202752 0.2331572324 -0.2430436164 -0.2275976837 0.9429364204
37.2 -303.4 2913.4 0.9699924588 -0.0521515906 0.2374759316 -0.0059638429 0.9713273644 0.2376710474 -0.2430617958 -0.2319553941 0.9418692589
-114.9 -109.5 2902.8 0.4462266862 -0.7203998566 -0.5309479833 0.8742355704 0.4777248502 0.0865514427 0.1912953854 -0.5027951598 0.8429727554
-226.7 -328.6 2854.9 -0.4535641968 -0.7203998566 -0.5246937275 0.2239348441 0.4777248502 -0.8494893312 0.8626312613 -0.5027951598 -0.0553562492
168.6 -111.2 2831.8 0.1869240999 0.4680052400 0.8637305498 -0.9292889237 0.3693523705 0.0009813809 -0.3185616434 -0.8028386831 0.5039529204
212.3 -328.7 2757.3 -0.7927454114 0.4680052400 0.3905455768 -0.2260160893 0.3693523705 -0.9013853669 -0.5661020279 -0.8028386831 -0.1870256662
-42.0 -493.6 2979.7 0.9270195365 0.2054051012 -0.3137570620 -0.3300592601 0.0496967211 -0.9426510930 -0.1780326515 0.9774144292 0.1138656884
-145.3 -518.5 2488.4 0.9270195365 0.1827204823 0.3274873495 -0.3300592601 0.8121085763 0.4811865985 -0.1780326515 -0.5541595817 0.8131491542
135.9 -494.8 2935.2 0.9734194875 0.1414928287 0.1800953001 0.1818869263 0.0002750600 -0.9833194017 -0.1391821802 0.9899392128 -0.0254679490
67.3 -494.9 2455.2 0.9734194875 -0.2248904258 0.0433455259 0.1818869263 0.8740957379 0.4504151344 -0.1391821802 -0.4305588603 0.8917664289
-108.6 -386.9 2630.4 0 0 0 0 0 0 0 0 0
6.3 -387.4 2610.2 0 0 0 0 0 0 0 0 0
-215.1 -828.9 2700.2 0 0 0 0 0 0 0 0 0
153.3 -829.0 2619.7 0 0 0 0 0 0 0 0 0
16.0 84.4 2821.2 85 0.9684902430 -0.0494472310 0.2440933883 -0.0074720737 0.9738821387 0.2269311994 -0.2489393055 -0.2216045409 0.9428258538
25.9 -111.4 2865.8 0.9684902430 -0.0494472310 0.2440933883 -0.0074720737 0.9738821387 0.2269311994 -0.2489393055 -0.2216045409 0.9428258538
36.2 -304.7 2910.7 0.9684399366 -0.0516638272 0.2438337654 -0.0065034875 0.9727109075 0.2319293469 -0.2491621226 -0.2261954099 0.9416760802
-115.5 -110.4 2902.2 0.4532814920 -0.7325497866 -0.5078452229 0.8768406510 0.4688877463 0.1062765494 0.1602695286 -0.4934725165 0.8548675776
-228.3 -328.5 2862.3 -0.4429230690 -0.7325497866 -0.5169042349 0.2221573442 0.4688877463 -0.8548628092 0.8685995936 -0.4934725165 -0.0449398905
167.4 -112.3 2829.4 0.1872919351 0.4584916532 0.8687388301 -0.9270472527 0.3749393523 0.0019820805 -0.3248156011 -0.8057331443 0.4952665269
211.3 -329.3 2753.4 -0.7979243398 0.4584916532 0.3912826777 -0.2255055606 0.3749393523 -0.8992039561 -0.5589847565 -0.8057331443 -0.1957808137
-41.4 -495.9 2981.8 0.9273391962 0.2059336454 -0.3124633729 -0.3281954527 0.0463660508 -0.9434711933 -0.1798047721 0.9774668813 0.1105835438
-145.6 -519.3 2487.2 0.9273391962 0.1793396175 0.3284498751 -0.3281954527 0.8114607334 0.4835485220 -0.1798047721 -0.5562092662 0.8113577962
136.5 -496.9 2937.2 0.9732592106 0.1465200633 0.1769136190 0.1812940091 -0.0169946998 -0.9832820892 -0.1410639584 0.9890617132 -0.0431034565
65.0 -488.6 2454.1 0.9732592106 -0.2246427834 0.0479810201 0.1812940091 0.8794533610 0.4401071370 -0.1410639584 -0.4196396470 0.8966624141
-113.0 -386.3 2636.3 0 0 0 0 0 0 0 0 0
3.9 -387.9 2608.1 0 0 0 0 0 0 0 0 0
-214.1 -829.4 2699.8 0 0 0 0 0 0 0 0 0
150.8 -824.7 2614.5 0 0 0 0 0 0 0 0 0
16.8 85.7 2819.5 86 0.9707989693 -0.0449962318 0.2356368005 -0.0109065818 0.9729576707 0.2307259589 -0.2396464348 -0.2265585065 0.9440554976
25.9 -110.6 2865.2 0.9707989693 -0.0449962318 0.2356368005 -0.0109065818 0.9729576707 0.2307259589 -0.2396464348 -0.2265585065 0.9440554976
35.4 -303.7 2911.1 0.9707188606 -0.0478243642 0.2354097962 -0.0092276698 0.9718348384 0.2354823649 -0.2400412261 -0.2307594568 0.9429370761
-115.9 -109.2 2900.3 0.4491698444 -0.7315568924 -0.5129044652 0.8790288568 0.4645622075 0.1071926281 0.1598585248 -0.4990055263 0.8517268896
-227.8 -328.2 2860.5 -0.4487165213 -0.7315568924 -0.5133011341 0.2229704261 0.4645622075 -0.8570100069 0.8654118180 -0.4990055263 -0.0453411862
167.7 -111.9 2830.2 0.1787258834 0.4576465786 0.8709860444 -0.9282998443 0.3718005121 -0.0048703654 -0.3260619640 -0.8076657653 0.4912836552
209.5 -329.3 2753.8 -0.7979561090 0.4576465786 0.3922061324 -0.2289475203 0.3718005121 -0.8996374011 -0.5575384498 -0.8076657653 -0.1919034570
-42.4 -497.4 2978.5 0.9273941517 0.2006253898 -0.3157364130 -0.3328015804 0.0570472218 -0.9412697554 -0.1708307266 0.9780056477 0.1196737140
-142.7 -525.9 2489.2 0.9273941517 0.1859228313 0.3246116638 -0.3328015804 0.8063206673 0.4889683425 -0.1708307266 -0.5614976883 0.8096525073
135.3 -498.5 2932.8 0.9717271328 0.1507801414 0.1816914082 0.1873655915 -0.0241987500 -0.9819921255 -0.1436682045 0.9882711172 -0.0517655909
62.2 -486.8 2454.0 0.9717271328 -0.2310930789 0.0483984463 0.1873655915 0.8794829249 0.4374972880 -0.1436682045 -0.4160597920 0.8979163170
-111.0 -386.2 2635.2 0 0 0 0 0 0 0 0 0
2.2 -388.8 2608.9 0 0 0 0 0 0 0 0 0
-213.8 -834.0 2703.8 0 0 0 0 0 0 0 0 0
150.5 -822.9 2613.0 0 0 0 0 0 0 0 0 0
16.8 86.9 2819.6 87 0.9688308239 -0.0444939137 0.2436947674 -0.0106673352 0.9753319025 0.2204855680 -0.2474935502 -0.2162127793 0.9444569945
25.8 -110.7 2863.4 0.9688308239 -0.0444939137 0.2436947674 -0.0106673352 0.9753319025 0.2204855680 -0.2474935502 -0.2162127793 0.9444569945
35.2 -304.3 2907.2 0.9687392712 -0.0475947633 0.2434727103 -0.0087292418 0.9742765427 0.2251867205 -0.2479274571 -0.2202725559 0.9434044361
-115.7 -109.4 2899.7 0.4491187036 -0.7377317548 -0.5040280819 0.8805146813 0.4611806870 0.1095731780 0.1516124159 -0.4930154681 0.8567084670
-228.9 -331.3 2861.4 -0.4480931163 -0.7377317548 -0.5049400330 0.2117151767 0.4611806870 -0.8616780639 0.8685558438 -0.4930154681 -0.0504628941
167.3 -112.0 2827.2 0.1835176051 0.4809437096 0.8573298454 -0.9376078248 0.3476482034 0.0056784721 -0.2953181565 -0.8048812747 0.5147361755
210.5 -332.8 2757.7 -0.7958760858 0.4809437096 0.3677967191 -0.2119998634 0.3476482034 -0.9133437276 -0.5671308041 -0.8048812747 -0.1747248769
-44.1 -496.0 2978.9 0.9271799922 0.1991038620 -0.3173246086 -0.3359641135 0.0672058687 -0.9394740462 -0.1657268405 0.9776712060 0.1292036921
-143.3 -529.4 2492.1 0.9271799922 0.1904933751 0.3225671053 -0.3359641135 0.8037534356 0.4910280108 -0.1657268405 -0.5636423230 0.8092230558
133.9 -497.7 2934.9 0.9713180661 0.1461789757 0.1875445098 0.1924184263 -0.0198192652 -0.9811128378 -0.1397010684 0.9890596271 -0.0473783351
63.0 -488.1 2455.1 0.9713180661 -0.2338996679 0.0428039804 0.1924184263 0.8789247274 0.4364247024 -0.1397010684 -0.4156709015 0.8987220526
-112.3 -386.4 2635.4 0 0 0 0 0 0 0 0 0
3.8 -387.9 2610.3 0 0 0 0 0 0 0 0 0
-216.1 -836.6 2707.5 0 0 0 0 0 0 0 0 0
152.4 -823.9 2614.0 0 0 0 0 0 0 0 0 0
15.5 85.8 2821.2 88 0.9697947502 -0.0456860363 0.2396057993 -0.0081694806 0.9756686687 0.2190980017 -0.2437855899 -0.2144375443 0.9458250999
24.8 -111.4 2864.5 0.9697947502 -0.0456860363 0.2396057993 -0.0081694806 0.9756686687 0.2190980017 -0.2437855899 -0.2144375443 0.9458250999
34.3 -305.0 2908.1 0.9697397351 -0.0481598340 0.2393437773 -0.0070267688 0.9744388461 0.2245429158 -0.2440398335 -0.2194300145 0.9446136951
-116.9 -110.4 2900.2 0.4456306696 -0.7459028363 -0.4950174391 0.8828666210 0.4577142000 0.1050915271 0.1481884420 -0.4838663638 0.8625042439
-228.6 -331.7 2863.1 -0.4428155720 -0.7459028363 -0.4975372553 0.2018798292 0.4577142000 -0.8658765554 0.8735896349 -0.4838663638 -0.0521002412
166.4 -112.4 2828.9 0.1916174889 0.4765785038 0.8579951525 -0.9335167408 0.3584104180 0.0094026541 -0.3030332923 -0.8027545810 0.5135717392
211.5 -332.0 2757.6 -0.7951434851 0.4765785038 0.3749929965 -0.2137587219 0.3584104180 -0.9087624550 -0.5674980283 -0.8027545810 -0.1831149012
-44.2 -497.1 2973.7 0.9258387089 0.2026999444 -0.3189599812 -0.3370214999 0.0609668531 -0.9395208955 -0.1709948480 0.9773411751 0.1247597039
-144.0 -527.1 2492.2 0.9258387089 0.1892350018 0.3271281719 -0.3370214999 0.8050802946 0.4881211221 -0.1709948480 -0.5621706247 0.8091507554
133.5 -498.7 2928.2 0.9755225182 0.1348869801 0.1736700684 0.1771134138 -0.0138684819 -0.9840927124 -0.1303327531 0.9907639027 -0.0374193117
68.7 -492.0 2452.3 0.9755225182 -0.2165408432 0.0382864960 0.1771134138 0.8769064546 0.4468398988 -0.1303327531 -0.4291213155 0.8937942982
-113.3 -384.2 2635.7 0 0 0 0 0 0 0 0 0
4.9 -387.5 2610.2 0 0 0 0 0 0 0 0 0
-216.3 -834.8 2707.0 0 0 0 0 0 0 0 0 0
151.5 -827.0 2616.2 0 0 0 0 0 0 0 0 0
16.5 85.4 2820.0 89 0.9720057845 -0.0446774364 0.2306700051 -0.0084744068 0.9744495749 0.2244465202 -0.2348039746 -0.2201181054 0.9467920065
25.6 -111.8 2864.5 0.9720057845 -0.0446774364 0.2306700051 -0.0084744068 0.9744495749 0.2244465202 -0.2348039746 -0.2201181054 0.9467920065
35.5 -305.2 2909.2 0.9718099833 -0.0500927567 0.2303825021 -0.0044500660 0.9730965495 0.2303547710 -0.2357235253 -0.2248862833 0.9454420209
-116.4 -111.2 2899.0 0.4579851627 -0.7476511002 -0.4809026718 0.8809145093 0.4543145299 0.1326193511 0.1193280667 -0.4843718410 0.8666860461
-229.7 -329.2 2869.4 -0.4398223758 -0.7476511002 -0.4975681603 0.2077332884 0.4543145299 -0.8662824035 0.8737294674 -0.4843718410 -0.0445056744
167.5 -112.5 2830.1 0.1935810000 0.4979957640 0.8452967405 -0.9363551140 0.3509705663 0.0076644076 -0.2928574383 -0.7929816246 0.5342420936
213.4 -334.4 2760.7 -0.7883138061 0.4979957640 0.3613329828 -0.1978024244 0.3509705663 -0.9152561426 -0.5826109648 -0.7929816246 -0.1781701893
-45.0 -498.0 2974.1 0.9266424179 0.1970028281 -0.3201932609 -0.3365782499 0.0553114451 -0.9400296211 -0.1674781442 0.9788414240 0.1175607964
-143.3 -525.6 2486.0 0.9266424179 0.1885068864 0.3252675831 -0.3365782499 0.8014229536 0.4944050312 -0.1674781442 -0.5676146746 0.8060798049
132.8 -499.3 2929.4 0.9744887352 0.1390581131 0.1761661023 0.1802727878 -0.0174102988 -0.9834625721 -0.1336913407 0.9901311398 -0.0420345329
65.9 -490.9 2452.4 0.9744887352 -0.2207075506 0.0407409929 0.1802727878 0.8778598905 0.4436932802 -0.1336913407 -0.4250296056 0.8952521682
-115.3 -383.3 2642.0 0 0 0 0 0 0 0 0 0
8.6 -385.8 2609.3 0 0 0 0 0 0 0 0 0
-215.3 -831.9 2702.9 0 0 0 0 0 0 0 0 0
150.2 -826.3 2614.8 0 0 0 0 0 0 0 0 0
16.3 86.4 2820.4 90 0.9695928097 -0.0465225913 0.2402611226 -0.0069582937 0.9761264324 0.2170914859 -0.2446248978 -0.2121621519 0.9461215138
25.7 -111.2 2863.3 0.9695928097 -0.0465225913 0.2402611226 -0.0069582937 0.9761264324 0.2170914859 -0.2446248978 -0.2121621519 0.9461215138
35.6 -305.2 2905.4 0.9694341421 -0.0498543270 0.2402333021 -0.0037437070 0.9760185480 0.2176551968 -0.2453232110 -0.2119017243 0.9459990263
-115.9 -110.7 2899.2 0.4659579694 -0.7450349927 -0.4772902429 0.8783699274 0.4544459283 0.1481390595 0.1065338328 -0.4882639647 0.8661690354
-232.0 -329.5 2872.6 -0.4427683055 -0.7450349927 -0.4988777936 0.2105362564 0.4544459283 -0.8655364513 0.8715679646 -0.4882639647 -0.0443573669
167.3 -111.8 2827.5 0.1982307434 0.5208112001 0.8303374648 -0.9435347915 0.3307964206 0.0177700389 -0.2654178441 -0.7869748473 0.5569775105
213.7 -332.3 2765.5 -0.7753117681 0.5208112001 0.3572777510 -0.2025314718 0.3307964206 -0.9217129350 -0.5982245803 -0.7869748473 -0.1509897113
-43.6 -498.1 2975.5 0.9237332940 0.2004617453 -0.3263922036 -0.3437458575 0.0579175130 -0.9372749329 -0.1689839512 0.9779880643 0.1224082336
-144.2 -527.2 2485.0 0.9237332940 0.1917186230 0.3316033185 -0.3437458575 0.7968546748 0.4968515337 -0.1689839512 -0.5729455352 0.8019836545
134.6 -499.0 2932.3 0.9756324887 0.1352775097 0.1727462858 0.1761449575 -0.0134790521 -0.9842719436 -0.1308214068 0.9907160401 -0.0369790532
69.0 -492.4 2451.7 0.9756324887 -0.2158929706 0.0391345210 0.1761449575 0.8770316243 0.4469770193 -0.1308214068 -0.4291919470 0.8936890364
-116.7 -384.3 2645.8 0 0 0 0 0 0 0 0 0
12.3 -384.9 2610.1 0 0 0 0 0 0 0 0 0
-217.5 -831.7 2703.9 0 0 0 0 0 0 0 0 0
151.5 -827.5 2615.7 0 0 0 0 0 0 0 0 0
15.4 87.3 2820.6 91 0.9703261852 -0.0501761399 0.2365363389 -0.0022320598 0.9763322473 0.2162644863 -0.2417893708 -0.2103750706 0.9472487569
25.6 -110.6 2863.2 0.9703261852 -0.0501761399 0.2365363389 -0.0022320598 0.9763322473 0.2162644863 -0.2417893708 -0.2103750706 0.9472487569
36.2 -304.4 2905.8 0.9702086449 -0.0534692965 0.2362969965 -0.0000181886 0.9753255844 0.2207714170 -0.2422709912 -0.2141986340 0.9462683201
-116.2 -110.6 2898.6 0.4630717337 -0.7330712676 -0.4981677234 0.8762667775 0.4630784094 0.1330975443 0.1331207156 -0.4981615245 0.8568044901
-232.6 -330.9 2865.1 -0.4554408789 -0.7330712676 -0.5051535368 0.2097674459 0.4630784094 -0.8611364961 0.8652001023 -0.4981615245 -0.0571303479
167.3 -110.6 2827.8 0.2051735222 0.5174676180 0.8307412863 -0.9453387260 0.3245850801 0.0312927924 -0.2534532249 -0.7917523384 0.5557784438
215.3 -331.5 2768.6 -0.7776855230 0.5174676180 0.3569768667 -0.2076069266 0.3245850801 -0.9227913618 -0.5933839679 -0.7917523384 -0.1449952722
-43.4 -498.8 2970.0 0.9216429591 0.2059432119 -0.3288794160 -0.3484282196 0.0661583766 -0.9349977970 -0.1707983315 0.9763249755 0.1327308267
-145.1 -531.4 2487.9 0.9216429591 0.1933361143 0.3364453018 -0.3484282196 0.7939577699 0.4982257187 -0.1707983315 -0.5764132738 0.7991093397
134.4 -499.4 2925.0 0.9754741788 0.1388523728 0.1707925498 0.1752721071 -0.0206087101 -0.9843043089 -0.1331531703 0.9900986552 -0.0444402099
67.6 -489.5 2448.9 0.9754741788 -0.2165109813 0.0396619439 0.1752721071 0.8730375767 0.4550660551 -0.1331531703 -0.4369535744 0.8895739317
-114.0 -385.5 2640.0 0 0 0 0 0 0 0 0 0
13.2 -385.5 2614.4 0 0 0 0 0 0 0 0 0
-219.0 -834.8 2708.2 0 0 0 0 0 0 0 0 0
150.4 -823.1 2615.9 0 0 0 0 0 0 0 0 0
15.8 86.4 2820.2 92 0.9705946445 -0.0489728861 0.2356855422 -0.0034217418 0.9761809111 0.2169310898 -0.2406954616 -0.2113586068 0.9473084211
25.7 -111.1 2862.9 0.9705946445 -0.0489728861 0.2356855422 -0.0034217418 0.9761809111 0.2169310898 -0.2406954616 -0.2113586068 0.9473084211
36.0 -304.9 2905.5 0.9705032110 -0.0515987240 0.2355018109 -0.0016471416 0.9753864408 0.2204961926 -0.2410826087 -0.2143801600 0.9465306997
-116.1 -110.9 2898.1 0.4619998038 -0.7473033071 -0.4775918126 0.8801948428 0.4523512721 0.1436503232 0.1086889058 -0.4867402613 0.8667587042
-232.7 -333.1 2870.7 -0.4474304318 -0.7473033071 -0.4912675023 0.1990060508 0.4523512721 -0.8693531752 0.8718959689 -0.4867402613 -0.0536778495
167.5 -111.3 2827.7 0.2066522390 0.4888800383 0.8475205898 -0.9368085265 0.3487809002 0.0272342209 -0.2822847068 -0.7995924950 0.5300633311
215.7 -329.7 2761.9 -0.7879527807 0.4888800383 0.3743350208 -0.2167685479 0.3487809002 -0.9117912650 -0.5763174295 -0.7995924950 -0.1688490510
-42.2 -498.2 2970.6 0.9227694869 0.2105840892 -0.3227239549 -0.3416344821 0.0596155971 -0.9379402399 -0.1782759130 0.9757562876 0.1269542426
-146.3 -527.7 2487.9 0.9227694869 0.1855505705 0.3377386630 -0.3416344821 0.7993826866 0.4942400455 -0.1782759130 -0.5714527965 0.8010364175
135.8 -498.2 2926.1 0.9728995562 0.1485432833 0.1772042960 0.1820581257 -0.0196319334 -0.9830917716 -0.1425528079 0.9887109995 -0.0461434126
64.1 -488.7 2448.7 0.9728995562 -0.2267742902 0.0451650992 0.1820581257 0.8716799021 0.4550044239 -0.1425528079 -0.4344509244 0.8893430829
-116.3 -384.9 2643.8 0 0 0 0 0 0 0 0 0
11.0 -386.0 2612.2 0 0 0 0 0 0 0 0 0
-217.2 -833.2 2706.3 0 0 0 0 0 0 0 0 0
150.7 -821.8 2614.8 0 0 0 0 0 0 0 0 0
16.5 87.6 2820.5 93 0.9708417654 -0.0437082797 0.2357030064 -0.0065510008 0.9780329466 0.2083474547 -0.2396318167 -0.2038164884 0.9492288828
25.3 -110.5 2861.7 0.9708417654 -0.0437082797 0.2357030064 -0.0065510008 0.9780329466 0.2083474547 -0.2396318167 -0.2038164884 0.9492288828
34.5 -304.7 2902.6 0.9707582593 -0.0460531041 0.2356003523 -0.0047321958 0.9775642753 0.2105841041 -0.2400125414 -0.2055411637 0.9487606883
-116.5 -109.8 2896.8 0.4638463259 -0.7625055313 -0.4510342181 0.8823853731 0.4430461526 0.1584493220 0.0790104866 -0.4714821279 0.8783290386
-232.1 -329.8 2877.1 -0.4348984957 -0.7625055313 -0.4790079296 0.1885494739 0.4430461526 -0.8764469028 0.8805182576 -0.4714821279 -0.0489100739
167.2 -111.2 2826.7 0.2058815360 0.4912893176 0.8463141322 -0.9374069571 0.3472280204 0.0264740624 -0.2808575332 -0.7987912893 0.5320258737
215.1 -329.7 2761.2 -0.7865646482 0.4912893176 0.3741000891 -0.2170323581 0.3472280204 -0.9123210311 -0.5781115890 -0.7987912893 -0.1664915979
-42.8 -498.6 2970.2 0.9216071367 0.2086810023 -0.3272499442 -0.3460969329 0.0602534451 -0.9362619519 -0.1756621450 0.9761258960 0.1277538687
-145.6 -528.3 2489.2 0.9216071367 0.1909406930 0.3379081786 -0.3460969329 0.7983332872 0.4928294718 -0.1756621450 -0.5711441636 0.8018336296
135.2 -498.9 2926.0 0.9722677469 0.1473054588 0.1816493422 0.1858806312 -0.0153691731 -0.9824521542 -0.1419287622 0.9889716506 -0.0423241816
64.0 -491.5 2447.6 0.9722677469 -0.2302871495 0.0407824665 0.1858806312 0.8667463064 0.4628165960 -0.1419287622 -0.4424009919 0.8855154514
-119.0 -378.9 2648.0 0 0 0 0 0 0 0 0 0
10.8 -386.1 2611.0 0 0 0 0 0 0 0 0 0
-218.6 -833.4 2707.5 0 0 0 0 0 0 0 0 0
152.0 -822.7 2616.7 0 0 0 0 0 0 0 0 0
17.1 88.2 2819.6 94 0.9680196643 -0.0425787866 0.2472347617 -0.0095549393 0.9785196781 0.2059319913 -0.2506923974 -0.2017085254 0.9468194246
25.7 -110.7 2860.6 0.9680196643 -0.0425787866 0.2472347617 -0.0095549393 0.9785196781 0.2059319913 -0.2506923974 -0.2017085254 0.9468194246
35.0 -305.0 2901.2 0.9678696394 -0.0466535091 0.2470865399 -0.0062669292 0.9778566957 0.2091818452 -0.2513742745 -0.2040092349 0.9461454153
-115.6 -109.8 2897.3 0.4728860557 -0.7604396343 -0.4450958967 0.8785331249 0.4456234872 0.1720444709 0.0675157532 -0.4723889232 0.8788005114
-235.4 -332.3 2880.2 -0.4385198355 -0.7604396343 -0.4789905250 0.1841662079 0.4456234872 -0.8760722280 0.8796494603 -0.4723889232 -0.0553674586
