-24.0 87.7 2836.1 8 0.9656009674 -0.1560819894 0.2079740316 0.1128600240 0.9721143842 0.2055631876 -0.2342592627 -0.1750200540 0.9562900066
7.7 -109.8 2871.6 0.9656009674 -0.1560819894 0.2079740316 0.1128600240 0.9721143842 0.2055631876 -0.2342592627 -0.1750200540 0.9562900066
38.3 -302.9 2906.4 0.9659303427 -0.1539413482 0.2080400735 0.1107941642 0.9724394679 0.2051489502 -0.2338872999 -0.1751099676 0.9563645720
-133.4 -125.9 2905.8 0.3931032717 -0.8720043898 -0.2916815281 0.9191041589 0.3818823993 0.0970227122 0.0267838053 -0.3062256575 0.9515820742
-218.5 -325.0 2900.0 -0.2038266659 -0.8720043898 -0.4450426698 0.2855016291 0.3818823993 -0.8790077567 0.9364526272 -0.3062256575 0.1711208671
148.7 -93.6 2837.5 0.3045303822 0.7716668248 0.5583829880 -0.9352037311 0.3534519076 0.0215816330 -0.1807076931 -0.5287740827 0.8293025494
218.2 -307.1 2796.3 -0.4168820381 0.7716668248 0.4803536534 -0.3468101025 0.3534519076 -0.8687890768 -0.8401976824 -0.5287740827 0.1202741116
-31.5 -507.5 2960.5 0.9091573954 0.2128551453 -0.3579462767 -0.3704089522 0.0204627011 -0.9286433458 -0.1903419793 0.9768694639 0.0974472687
-136.4 -517.6 2478.9 0.9091573954 0.2036848068 0.3632428348 -0.3704089522 0.7941589952 0.4817766249 -0.1903419793 -0.5725591779 0.7974621654
146.9 -491.0 2921.1 0.9555109143 0.2091615349 0.2079670578 0.2084763646 0.0198606439 -0.9778257012 -0.2086538970 0.9776793718 -0.0246281754
47.1 -500.5 2455.0 0.9555109143 -0.2823065221 0.0854509994 0.2084763646 0.8513395190 0.4814131856 -0.2086538970 -0.4421810508 0.8723184466
-160.4 -406.5 2632.8 0 0 0 0 0 0 0 0 0
101.1 -404.5 2560.2 0 0 0 0 0 0 0 0 0
-214.3 -821.0 2697.7 0 0 0 0 0 0 0 0 0
155.0 -825.8 2624.0 0 0 0 0 0 0 0 0 0
-23.7 88.4 2827.9 9 0.9685666561 -0.1627625078 0.1881141961 0.1221753433 0.9699923396 0.2102096528 -0.2166835815 -0.1806191504 0.9593877792
9.7 -110.5 2865.0 0.9685666561 -0.1627625078 0.1881141961 0.1221753433 0.9699923396 0.2102096528 -0.2166835815 -0.1806191504 0.9593877792
41.3 -303.6 2899.4 0.9688957334 -0.1592319161 0.1894367486 0.1201909184 0.9719340205 0.2022334635 -0.2163220495 -0.1731745601 0.9608409405
-131.8 -128.1 2896.6 0.4064033329 -0.8630225062 -0.3000474274 0.9136769176 0.3858544528 0.1277139634 0.0055546048 -0.3260497749 0.9453362823
-221.8 -330.5 2895.3 -0.2327948809 -0.8630225062 -0.4483287334 0.2690386176 0.3858544528 -0.8824594021 0.9345719814 -0.3260497749 0.1423614472
151.2 -93.0 2833.4 0.2923573554 0.7759688497 0.5589271188 -0.9408480525 0.3380614221 0.0227913689 -0.1712663025 -0.5325286984 0.8289034963
217.2 -305.6 2794.7 -0.4183352292 0.7759688497 0.4720889926 -0.3560466170 0.3380614221 -0.8711746335 -0.8355994821 -0.5325286984 0.1348580718
-19.7 -506.2 2962.6 0.8988887072 0.2262820750 -0.3752272129 -0.3872808814 0.0097065810 -0.9219107032 -0.2049696892 0.9740134478 0.0963598564
-133.1 -511.0 2474.4 0.8988887072 0.2124112695 0.3832499087 -0.3872808814 0.7942734361 0.4681273997 -0.2049696892 -0.5692198277 0.7962262630
157.4 -485.9 2919.7 0.9530587196 0.2334417254 0.1928316504 0.1933999509 0.0206794925 -0.9809020162 -0.2329711169 0.9721508622 -0.0254388470
45.6 -495.8 2454.3 0.9530587196 -0.2805186212 0.1139666364 0.1933999509 0.8535921574 0.4837115407 -0.2329711169 -0.4389643669 0.8677757382
-155.4 -407.3 2628.6 0 0 0 0 0 0 0 0 0
99.7 -405.6 2560.0 0 0 0 0 0 0 0 0 0
-214.3 -814.5 2691.9 0 0 0 0 0 0 0 0 0
152.8 -822.0 2622.0 0 0 0 0 0 0 0 0 0
-23.6 86.4 2834.3 0 0.9676511288 -0.1660075635 0.1899809539 0.1292170882 0.9728622437 0.1919425428 -0.2166892141 -0.1611846387 0.9628422856
10.2 -111.4 2867.1 0.9676511288 -0.1660075635 0.1899809539 0.1292170882 0.9728622437 0.1919425428 -0.2166892141 -0.1611846387 0.9628422856
42.8 -305.0 2897.4 0.9676716924 -0.1641836762 0.1914555728 0.1290959269 0.9745538831 0.1832455099 -0.2166696936 -0.1526053548 0.9642436504
-131.2 -130.3 2898.7 0.4344798326 -0.8619584441 -0.2612564862 0.8957510591 0.3832146823 0.2253365517 -0.0941134170 -0.3319249451 0.9385992289
-228.6 -331.3 2919.9 -0.2478888780 -0.8619584441 -0.4422428906 0.2525409162 0.3832146823 -0.8884647489 0.9352936149 -0.3319249451 0.1226851046
151.5 -92.6 2835.5 0.2884121835 0.7775764465 0.5587426424 -0.9405536056 0.3393892646 0.0131832212 -0.1793802828 -0.5293295979 0.8292363286
217.2 -306.7 2794.6 -0.4176401794 0.7775764465 0.4700548649 -0.3505489528 0.3393892646 -0.8728862405 -0.8382673264 -0.5293295979 0.1308360100
-15.8 -507.7 2953.6 0.8950056434 0.2427772880 -0.3741978407 -0.3881931603 0.0107339062 -0.9215155244 -0.2197064459 0.9700226784 0.1038513929
-134.4 -512.9 2479.9 0.8950056434 0.2083069682 0.3944275081 -0.3881931603 0.7992939949 0.4587321281 -0.2197064459 -0.5636819005 0.7962359786
161.8 -485.7 2913.9 0.9521500468 0.2446872592 0.1831348836 0.1848851293 0.0160017107 -0.9826298356 -0.2433674783 0.9694700241 -0.0300030038
46.1 -493.3 2455.3 0.9521500468 -0.2764304578 0.1303703785 0.1848851293 0.8606153131 0.4745089412 -0.2433674783 -0.4277001619 0.8705428243
-157.9 -403.4 2652.8 0 0 0 0 0 0 0 0 0
99.8 -405.2 2559.2 0 0 0 0 0 0 0 0 0
-214.0 -818.4 2695.3 0 0 0 0 0 0 0 0 0
151.7 -822.1 2618.8 0 0 0 0 0 0 0 0 0
-23.4 87.3 2838.1 1 0.9656234384 -0.1554130614 0.2083701789 0.1176256090 0.9760687947 0.1829042733 -0.2318093330 -0.1521069854 0.9607954621
8.2 -111.3 2869.0 0.9656234384 -0.1554130614 0.2083701789 0.1176256090 0.9760687947 0.1829042733 -0.2318093330 -0.1521069854 0.9607954621
38.3 -305.5 2898.1 0.9659948349 -0.1516635716 0.2094090134 0.1152628437 0.9775655866 0.1762951016 -0.2314486057 -0.1461630911 0.9618045092
-132.9 -128.1 2902.8 0.4507619441 -0.8456628323 -0.2857762575 0.8852018118 0.3822225034 0.2651861906 -0.1150279939 -0.3725054860 0.9208736420
-235.1 -328.9 2928.9 -0.2954723835 -0.8456628323 -0.4444665015 0.2459511459 0.3822225034 -0.8907378912 0.9231489897 -0.3725054860 0.0950555354
149.3 -94.5 2835.2 0.2679183185 0.8045935631 0.5299518704 -0.9489645958 0.3153812289 0.0009270876 -0.1663909256 -0.5031539202 0.8480272293
212.0 -316.5 2796.3 -0.4242438674 0.8045935631 0.4155073166 -0.2875844538 0.3153812289 -0.9043394327 -0.8586689234 -0.5031539202 0.0975900590
-13.3 -510.4 2947.6 0.8872298598 0.2412843257 -0.3931985497 -0.4026566148 -0.0109416228 -0.9152857065 -0.2251463234 0.9703927636 0.0874469951
-130.0 -505.2 2478.4 0.8872298598 0.2238706052 0.4033672810 -0.4026566148 0.8025167584 0.4402663708 -0.2251463234 -0.5530359745 0.8021597862
164.1 -486.8 2907.9 0.9509620667 0.2527959347 0.1782283038 0.1807149649 0.0135451639 -0.9834422469 -0.2510243058 0.9674248099 -0.0328030698
46.3 -493.1 2456.8 0.9509620667 -0.2766475379 0.1383374482 0.1807149649 0.8599126339 0.4773807228 -0.2510243058 -0.4289713204 0.8677386642
-150.8 -399.1 2665.5 0 0 0 0 0 0 0 0 0
93.7 -396.7 2556.9 0 0 0 0 0 0 0 0 0
-215.5 -811.8 2689.7 0 0 0 0 0 0 0 0 0
152.0 -821.7 2620.7 0 0 0 0 0 0 0 0 0
-23.4 87.7 2829.4 2 0.9681897759 -0.1477427930 0.2019421160 0.1051978394 0.9726219177 0.2072197795 -0.2270285487 -0.1793842018 0.9572247863
6.8 -111.5 2866.1 0.9681897759 -0.1477427930 0.2019421160 0.1051978394 0.9726219177 0.2072197795 -0.2270285487 -0.1793842018 0.9572247863
35.2 -305.1 2899.9 0.9685945511 -0.1428900659 0.2034873068 0.1024854556 0.9750595093 0.1968647093 -0.2265422344 -0.1698275954 0.9590814114
-134.6 -126.4 2899.2 0.4363460243 -0.8561547399 -0.2767692506 0.8893070221 0.3635660410 0.2774036229 -0.1368765235 -0.3671768010 0.9200249910
-233.8 -328.6 2930.3 -0.2950234711 -0.8561547399 -0.4242171943 0.2394431978 0.3635660410 -0.9002703428 0.9250016809 -0.3671768010 0.0977399051
148.3 -96.5 2833.1 0.2471454889 0.8284142017 0.5026420355 -0.9575094581 0.2883673310 -0.0044633178 -0.1486430019 -0.4801813960 0.8644831181
207.3 -325.0 2797.6 -0.4215171337 0.8284142017 0.3688538969 -0.2435903102 0.2883673310 -0.9260172844 -0.8734912872 -0.4801813960 0.0802419111
-20.1 -510.3 2948.3 0.8930811882 0.2317632437 -0.3856057227 -0.3939102590 -0.0112557905 -0.9190799594 -0.2173492610 0.9727070928 0.0812415853
-132.5 -504.8 2476.9 0.8930811882 0.2191544473 0.3929087818 -0.3939102590 0.8028202057 0.4475649893 -0.2173492610 -0.5544826388 0.8033108115
157.0 -489.1 2905.9 0.9535244107 0.2381139100 0.1846427917 0.1888104230 0.0053908448 -0.9819987416 -0.2348229438 0.9712222815 -0.0398180895
46.3 -491.6 2454.4 0.9535244107 -0.2757427096 0.1214789972 0.1888104230 0.8609809875 0.4722947478 -0.2348229438 -0.4274080694 0.8730295300
-149.6 -397.0 2666.1 0 0 0 0 0 0 0 0 0
90.6 -392.4 2555.8 0 0 0 0 0 0 0 0 0
-216.2 -811.6 2688.8 0 0 0 0 0 0 0 0 0
151.7 -820.7 2617.8 0 0 0 0 0 0 0 0 0
-21.6 88.0 2834.6 3 0.9657419324 -0.1408739984 0.2179381400 0.0956169516 0.9739065766 0.2058236301 -0.2412465811 -0.1779339314 0.9540123940
7.2 -110.5 2870.9 0.9657419324 -0.1408739984 0.2179381400 0.0956169516 0.9739065766 0.2058236301 -0.2412465811 -0.1779339314 0.9540123940
34.2 -304.2 2905.6 0.9662732482 -0.1362199187 0.2185409218 0.0918796957 0.9751523733 0.2015836984 -0.2405704111 -0.1747054607 0.9547795057
-134.0 -123.9 2906.0 0.3866967857 -0.8646826744 -0.3206079006 0.9221830368 0.3650675714 0.1276874989 0.0066343774 -0.3450355232 0.9385662079
-221.4 -332.5 2904.5 -0.2657485306 -0.8646826744 -0.4262646437 0.2504251897 0.3650675714 -0.8966676593 0.9309484363 -0.3450355232 0.1195221469
148.3 -97.1 2835.7 0.2478529513 0.8236324787 0.5100964904 -0.9573310018 0.2889899313 -0.0014588989 -0.1486143321 -0.4879695773 0.8601159453
207.7 -326.6 2800.1 -0.4335455000 0.8236324787 0.3656060696 -0.2338451594 0.2889899313 -0.9283325076 -0.8702613115 -0.4879695773 0.0673122033
-25.2 -508.2 2954.4 0.8978609443 0.2254351974 -0.3781860769 -0.3890227973 0.0039744312 -0.9212195277 -0.2061722279 0.9742500782 0.0912679210
-135.3 -510.2 2478.8 0.8978609443 0.2165832222 0.3833242059 -0.3890227973 0.7979582548 0.4603518844 -0.2061722279 -0.5624538064 0.8007113934
152.4 -489.4 2912.9 0.9560819268 0.2211348265 0.1923714280 0.1948230863 0.0108840717 -0.9807780385 -0.2189779580 0.9751825333 -0.0326761045
47.5 -494.6 2450.4 0.9560819268 -0.2750492692 0.1012683883 0.1948230863 0.8545027971 0.4815276861 -0.2189779580 -0.4406504929 0.8705606461
-145.5 -404.0 2638.6 0 0 0 0 0 0 0 0 0
90.4 -389.9 2564.7 0 0 0 0 0 0 0 0 0
-218.1 -815.1 2693.7 0 0 0 0 0 0 0 0 0
152.6 -821.1 2618.8 0 0 0 0 0 0 0 0 0
-18.2 85.3 2828.2 4 0.9721481204 -0.1309835315 0.1943484098 0.0897221640 0.9740713835 0.2076892257 -0.2165130973 -0.1844673306 0.9586938620
8.4 -112.7 2865.7 0.9721481204 -0.1309835315 0.1943484098 0.0897221640 0.9740713835 0.2076892257 -0.2165130973 -0.1844673306 0.9586938620
33.7 -306.6 2901.1 0.9724297523 -0.1274936050 0.1952580363 0.0875976682 0.9757022262 0.2008276880 -0.2161179483 -0.1781866699 0.9599700570
-133.6 -125.5 2897.2 0.3529959619 -0.8743644953 -0.3329873383 0.9328946471 0.3560895622 0.0539239049 0.0714241713 -0.3296770155 0.9413881302
-215.5 -341.8 2880.7 -0.2574485242 -0.8743644953 -0.4113477468 0.2354900241 0.3560895622 -0.9042923450 0.9371578097 -0.3296770155 0.1142293736
150.4 -99.9 2834.1 0.2830276191 0.8023369312 0.5255005360 -0.9495396018 0.3116165400 0.0356317051 -0.1351660341 -0.5090683699 0.8500468135
215.3 -317.8 2803.1 -0.4357736409 0.8023369312 0.4078685939 -0.2769928873 0.3116165400 -0.9089389443 -0.8563739061 -0.5090683699 0.0864473507
-27.3 -506.4 2962.4 0.9017327428 0.2164859772 -0.3741815686 -0.3857258856 0.0121328775 -0.9225336313 -0.1951756924 0.9762103558 0.0944448560
-134.0 -512.3 2481.4 0.9017327428 0.2192741632 0.3725545108 -0.3857258856 0.7972146273 0.4643967450 -0.1951756924 -0.5624656677 0.8034542799
149.9 -489.5 2918.3 0.9554311037 0.2167805582 0.2003936768 0.2038716674 0.0064367382 -0.9789764881 -0.2135129422 0.9761991501 -0.0380455554
46.0 -492.6 2450.6 0.9554311037 -0.2799371481 0.0937370062 0.2038716674 0.8553125262 0.4763158858 -0.2135129422 -0.4359766841 0.8742634058
-141.9 -409.1 2613.0 0 0 0 0 0 0 0 0 0
99.0 -391.8 2574.4 0 0 0 0 0 0 0 0 0
-217.8 -817.0 2696.3 0 0 0 0 0 0 0 0 0
153.0 -819.4 2617.2 0 0 0 0 0 0 0 0 0
-18.1 84.3 2824.5 5 0.9724332690 -0.1307340562 0.1930857450 0.0875467658 0.9721659422 0.2173221707 -0.2161227912 -0.1944272816 0.9568119049
8.5 -113.4 2864.0 0.9724332690 -0.1307340562 0.1930857450 0.0875467658 0.9721659422 0.2173221707 -0.2161227912 -0.1944272816 0.9568119049
33.8 -307.0 2900.7 0.9725695848 -0.1276465803 0.1944600791 0.0865197927 0.9745146036 0.2069676220 -0.2159229070 -0.1844657809 0.9588272572
-133.6 -126.0 2895.5 0.3431168795 -0.8676089644 -0.3598964810 0.9303144217 0.3667522669 0.0028036598 0.1295603812 -0.3357788920 0.9329880476
-217.8 -354.3 2863.7 -0.2776655555 -0.8676089644 -0.4125003517 0.2028531879 0.3667522669 -0.9079335332 0.9390167594 -0.3357788920 0.0741627663
150.5 -100.7 2832.5 0.3002406061 0.7862693071 0.5400334597 -0.9439373016 0.3263765574 0.0496051610 -0.1372512579 -0.5246512294 0.8401804566
217.6 -311.6 2801.8 -0.4356471896 0.7862693071 0.4381690621 -0.3093143404 0.3263765574 -0.8931981921 -0.8453024030 -0.5246512294 0.1010193452
-30.1 -508.5 2956.3 0.9067701101 0.2065408826 -0.3675715625 -0.3745267093 -0.0058195340 -0.9271978736 -0.1936433613 0.9784206748 0.0720780939
-131.6 -505.6 2475.6 0.9067701101 0.2111818939 0.3649249375 -0.3745267093 0.8009579778 0.4671146572 -0.1936433613 -0.5602397323 0.8053779602
148.2 -492.4 2916.6 0.9554309845 0.2154652625 0.2018078268 0.2055844814 0.0049788030 -0.9786267281 -0.2118648291 0.9764988422 -0.0395394117
44.9 -494.8 2448.4 0.9554309845 -0.2813673317 0.0893538222 0.2055844814 0.8513616920 0.4826160967 -0.2118648291 -0.4427365959 0.8712620735
-138.5 -412.2 2595.6 0 0 0 0 0 0 0 0 0
102.0 -393.7 2577.4 0 0 0 0 0 0 0 0 0
-212.3 -811.7 2689.7 0 0 0 0 0 0 0 0 0
152.4 -820.1 2617.6 0 0 0 0 0 0 0 0 0
-17.7 82.2 2822.6 6 0.9751545191 -0.1319890320 0.1779118180 0.0918161646 0.9717028737 0.2176312655 -0.2016023695 -0.1958889216 0.9596791267
9.1 -115.2 2862.4 0.9751545191 -0.1319890320 0.1779118180 0.0918161646 0.9717028737 0.2176312655 -0.2016023695 -0.1958889216 0.9596791267
34.7 -308.8 2898.9 0.9752800465 -0.1287743002 0.1795716435 0.0908789411 0.9744825363 0.2052433193 -0.2014195025 -0.1838504374 0.9620962739
-133.3 -128.5 2891.8 0.3120460510 -0.8864092231 -0.3419151604 0.9383016825 0.3439943492 -0.0354662016 0.1490544528 -0.3097524941 0.9390613437
-206.8 -349.4 2856.7 -0.2369642258 -0.8864092231 -0.3976514339 0.2376271784 0.3439943492 -0.9084058404 0.9420091510 -0.3097524941 0.1291205585
151.6 -101.9 2833.0 0.3030965924 0.7772204876 0.5514170527 -0.9417014122 0.3329628110 0.0483136512 -0.1460510194 -0.5339139104 0.8328295350
218.3 -309.2 2800.9 -0.4316495955 0.7772204876 0.4578284919 -0.3352534473 0.3329628110 -0.8813290596 -0.8374268413 -0.5339139104 0.1168425754
-30.0 -508.6 2957.1 0.9067602754 0.2128761858 -0.3639636338 -0.3727208376 0.0010850214 -0.9279428720 -0.1971420348 0.9770785570 0.0803272426
-133.8 -509.1 2480.9 0.9067602754 0.2093743682 0.3659892976 -0.3727208376 0.8038538694 0.4635710418 -0.1971420348 -0.5567596555 0.8069409728
148.4 -492.7 2917.5 0.9544849992 0.2161464989 0.2055215389 0.2083652020 0.0098035624 -0.9780019522 -0.2134065479 0.9763117433 -0.0356800556
45.8 -497.4 2454.1 0.9544849992 -0.2838109136 0.0917048380 0.2083652020 0.8545020223 0.4758258760 -0.2134065479 -0.4350605607 0.8747456670
-139.2 -417.2 2588.0 0 0 0 0 0 0 0 0 0
104.0 -397.9 2579.2 0 0 0 0 0 0 0 0 0
-213.8 -816.3 2693.6 0 0 0 0 0 0 0 0 0
154.2 -823.9 2620.3 0 0 0 0 0 0 0 0 0
-19.2 83.5 2821.2 7 0.9756768346 -0.1299948692 0.1765107661 0.0904762074 0.9722160101 0.2158936411 -0.1996716559 -0.1946724057 0.9603300691
7.4 -114.9 2860.9 0.9756768346 -0.1299948692 0.1765107661 0.0904762074 0.9722160101 0.2158936411 -0.1996716559 -0.1946724057 0.9603300691
32.2 -308.7 2897.3 0.9760732651 -0.1246565059 0.1781621426 0.0874445811 0.9752112031 0.2032648474 -0.1990839988 -0.1828220636 0.9627780914
-135.2 -127.7 2890.0 0.2959156930 -0.8917838931 -0.3422797024 0.9421299696 0.3315865993 -0.0494114533 0.1575597078 -0.3078503311 0.9382979870
-204.2 -347.5 2853.2 -0.2327190936 -0.8917838931 -0.3880249262 0.2473493516 0.3315865993 -0.9104222059 0.9405637383 -0.3078503311 0.1434156299
150.0 -102.2 2831.8 0.3064551651 0.7740978003 0.5539474487 -0.9393440485 0.3400879204 0.0444185026 -0.1540065706 -0.5339595079 0.8313658834
217.8 -309.9 2797.8 -0.4281695485 0.7740978003 0.4663082957 -0.3400164843 0.3400879204 -0.8767719269 -0.8372930288 -0.5339595079 0.1175907254
-29.1 -510.8 2953.9 0.9041985869 0.2107649148 -0.3714875877 -0.3819061220 0.0095269810 -0.9241520166 -0.1912396699 0.9774903655 0.0891066864
-131.9 -515.4 2477.4 0.9041985869 0.2146838754 0.3692366779 -0.3819061220 0.7934614420 0.4738846719 -0.1912396699 -0.5694996119 0.7994357944
149.7 -494.1 2917.0 0.9537887573 0.2239838988 0.2002954185 0.2074639648 -0.0086925738 -0.9782040119 -0.2173608691 0.9745540619 -0.0547594652
43.5 -490.0 2455.1 0.9537887573 -0.2839752436 0.0982094929 0.2074639648 0.8588055372 0.4684141278 -0.2173608691 -0.4263932109 0.8780336380
-137.8 -418.2 2584.7 0 0 0 0 0 0 0 0 0
104.5 -399.9 2576.4 0 0 0 0 0 0 0 0 0
-213.9 -818.6 2695.0 0 0 0 0 0 0 0 0 0
152.1 -818.2 2618.0 0 0 0 0 0 0 0 0 0
-17.4 82.4 2821.5 8 0.9753135443 -0.1218347028 0.1841732413 0.0821546838 0.9743523598 0.2094949186 -0.2049733698 -0.1891925335 0.9603083134
7.5 -117.1 2860.2 0.9753135443 -0.1218347028 0.1841732413 0.0821546838 0.9743523598 0.2094949186 -0.2049733698 -0.1891925335 0.9603083134
30.7 -311.3 2895.3 0.9756565690 -0.1165100858 0.1857945770 0.0793457106 0.9773446321 0.1962185353 -0.2044467628 -0.1766999066 0.9627972841
-135.0 -128.7 2890.1 0.2937501371 -0.8870305419 -0.3562130034 0.9370952249 0.3407534659 -0.0757605508 0.1885827333 -0.3115508258 0.9313284159
-203.9 -348.3 2845.9 -0.2348210514 -0.8870305419 -0.3975373209 0.2480399460 0.3407534659 -0.9068424702 0.9398591518 -0.3115508258 0.1400029212
150.0 -105.5 2830.3 0.3133989871 0.7755053639 0.5480625033 -0.9376294017 0.3441348374 0.0492164753 -0.1504397690 -0.5293039680 0.8349881768
218.2 -309.4 2797.6 -0.4233517647 0.7755053639 0.4683638811 -0.3385004997 0.3441348374 -0.8757788539 -0.8403515220 -0.5293039680 0.1168188453
-32.6 -510.5 2951.8 0.9032195807 0.2012872249 -0.3790485859 -0.3857450485 -0.0064153634 -0.9225831032 -0.1881359220 0.9795112610 0.0718510672
-131.8 -507.4 2468.9 0.9032195807 0.2160112411 0.3708551228 -0.3857450485 0.7873866558 0.4808565974 -0.1881359220 -0.5773746371 0.7945082784
146.4 -494.5 2915.3 0.9545977712 0.2138883173 0.2073520273 0.2116038799 0.0030812754 -0.9773506522 -0.2096828073 0.9768532515 -0.0423182212
45.1 -495.9 2452.6 0.9545977712 -0.2851206362 0.0863093734 0.2116038799 0.8529226780 0.4772281051 -0.2096828073 -0.4372974932 0.8745307326
-136.8 -419.2 2577.4 0 0 0 0 0 0 0 0 0
106.3 -398.9 2575.5 0 0 0 0 0 0 0 0 0
-214.4 -808.2 2689.6 0 0 0 0 0 0 0 0 0
154.1 -821.9 2619.7 0 0 0 0 0 0 0 0 0
-15.4 83.3 2830.6 9 0.9760525823 -0.1163963079 0.1837751567 0.0821384937 0.9794675112 0.1841103882 -0.2014315724 -0.1646064073 0.9655724168
8.4 -116.9 2864.3 0.9760525823 -0.1163963079 0.1837751567 0.0821384937 0.9794675112 0.1841103882 -0.2014315724 -0.1646064073 0.9655724168
30.9 -311.8 2895.3 0.9762210846 -0.1133506000 0.1847810000 0.0807002261 0.9811614752 0.1755265892 -0.2011960596 -0.1564408988 0.9669779539
-134.3 -128.7 2893.7 0.3095245659 -0.8697448373 -0.3843676150 0.9280135036 0.3644335270 -0.0773248896 0.2073293626 -0.3327643871 0.9199360609
-209.9 -355.4 2843.0 -0.2666742206 -0.8697448373 -0.4152454734 0.2203000337 0.3644335270 -0.9047961831 0.9382711649 -0.3327643871 0.0944197997
151.0 -105.1 2834.9 0.2581156194 0.8148000836 0.5191119313 -0.9516066313 0.3071870506 -0.0089990282 -0.1667968631 -0.4916675687 0.8546589017
210.9 -326.2 2796.1 -0.4150910974 0.8148000836 0.4047224522 -0.2829306722 0.3071870506 -0.9086177945 -0.8646673560 -0.4916675687 0.1030213311
-35.7 -512.8 2949.2 0.9095329046 0.2038785815 -0.3621925712 -0.3680393100 -0.0098470002 -0.9297580719 -0.1931242645 0.9789466858 0.0660791621
-134.5 -508.0 2474.5 0.9095329046 0.2005858868 0.3640264273 -0.3680393100 0.7956427336 0.4811441004 -0.1931242645 -0.5715924501 0.7974867225
143.3 -498.2 2911.7 0.9536043406 0.2106245160 0.2151186466 0.2184575349 0.0075698812 -0.9758170843 -0.2071594149 0.9775377512 -0.0387938395
44.8 -501.8 2454.6 0.9536043406 -0.2901273072 0.0804044232 0.2184575349 0.8505906463 0.4783009887 -0.2071594149 -0.4385449588 0.8745074868
-133.7 -418.3 2575.1 0 0 0 0 0 0 0 0 0
101.5 -400.8 2568.1 0 0 0 0 0 0 0 0 0
-211.2 -812.0 2692.9 0 0 0 0 0 0 0 0 0
155.7 -826.8 2622.2 0 0 0 0 0 0 0 0 0
-16.4 85.1 2826.2 0 0.9784085155 -0.1213337108 0.1673167646 0.0879967585 0.9770546556 0.1939607561 -0.1870115995 -0.1750495136 0.9666355848
8.6 -116.0 2862.2 0.9784085155 -0.1213337108 0.1673167646 0.0879967585 0.9770546556 0.1939607561 -0.1870115995 -0.1750495136 0.9666355848
31.6 -310.8 2894.1 0.9787397385 -0.1159711033 0.1691720337 0.0852646902 0.9802096486 0.1786587238 -0.1865433007 -0.1604359895 0.9692584276
-134.4 -128.5 2889.5 0.2545357943 -0.9112373590 -0.3238178492 0.9523282647 0.2944180071 -0.0799309686 0.1681738943 -0.2880355716 0.9427369833
-201.2 -378.5 2845.3 -0.2571674883 -0.9112373590 -0.3217317760 0.1395613849 0.2944180071 -0.9454314709 0.9562361240 -0.2880355716 0.0514588095
151.5 -103.5 2835.0 0.2750948668 0.7966117263 0.5382681489 -0.9467614889 0.3218473792 0.0075461487 -0.1672288328 -0.5116874576 0.8427398801
214.6 -320.4 2796.7 -0.4243647158 0.7966117263 0.4304931760 -0.3050717413 0.3218473792 -0.8962954283 -0.8525525331 -0.5116874576 0.1064430699
-36.1 -514.1 2944.9 0.9097332358 0.1947496980 -0.3666850924 -0.3708676100 -0.0158909578 -0.9285497665 -0.1866617650 0.9807242155 0.0577698201
-131.0 -506.4 2467.2 0.9097332358 0.2061361372 0.3604071140 -0.3708676100 0.7937018871 0.4821768105 -0.1866617650 -0.5723156333 0.7985062599
142.9 -499.3 2908.0 0.9548024535 0.2130074352 0.2073164284 0.2138624489 -0.0079015987 -0.9768318534 -0.2064343095 0.9770186543 -0.0530987568
43.8 -495.7 2453.1 0.9548024535 -0.2855161130 0.0826609135 0.2138624489 0.8530104160 0.4760631323 -0.2064343095 -0.4368681908 0.8755176067
-128.2 -418.1 2573.8 0 0 0 0 0 0 0 0 0
102.6 -400.9 2571.8 0 0 0 0 0 0 0 0 0
-209.8 -809.7 2685.8 0 0 0 0 0 0 0 0 0
152.9 -821.6 2620.0 0 0 0 0 0 0 0 0 0
-16.8 87.4 2823.0 1 0.9777137637 -0.1332582235 0.1622283906 0.0998571515 0.9749007821 0.1989900619 -0.1846736372 -0.1783556640 0.9664806724
10.7 -113.8 2859.8 0.9777137637 -0.1332582235 0.1622283906 0.0998571515 0.9749007821 0.1989900619 -0.1846736372 -0.1783556640 0.9664806724
36.4 -308.1 2892.6 0.9779454470 -0.1292417496 0.1640710235 0.0981337875 0.9777729511 0.1852831393 -0.1843705326 -0.1650958955 0.9688915610
-132.2 -128.1 2886.7 0.3291406631 -0.8840227723 -0.3319189250 0.9396468401 0.3414057493 0.0224921275 0.0934354663 -0.3192896545 0.9430397153
-211.9 -355.6 2864.1 -0.2606959641 -0.8840227723 -0.3879965842 0.2068729997 0.3414057493 -0.9168673158 0.9429958463 -0.3192896545 0.0938773304
153.5 -99.5 2832.8 0.2769594491 0.7944941521 0.5404374003 -0.9485828280 0.3157697618 0.0219114162 -0.1532452852 -0.5187181830 0.8410989046
216.5 -315.3 2798.0 -0.4241591096 0.7944941521 0.4345896244 -0.3227343559 0.3157697618 -0.8922622800 -0.8461273909 -0.5187181830 0.1224739477
-35.1 -513.3 2943.1 0.9104124904 0.2132178694 -0.3545239270 -0.3606551290 -0.0107740285 -0.9326370358 -0.2026745230 0.9769452810 0.0670893043
-137.7 -508.2 2472.8 0.9104124904 0.1902747154 0.3673480749 -0.3606551290 0.8000500798 0.4794243872 -0.2026745230 -0.5689599514 0.7969991565
144.4 -497.7 2908.9 0.9553995132 0.2175974399 0.1996576488 0.2090570182 -0.0208244268 -0.9776816964 -0.2085832804 0.9758164287 -0.0653859153
43.2 -488.0 2454.9 0.9553995132 -0.2812197208 0.0901514441 0.2090570182 0.8596648574 0.4661239386 -0.2085832804 -0.4264877737 0.8801143169
-138.0 -414.3 2596.8 0 0 0 0 0 0 0 0 0
104.6 -400.4 2574.7 0 0 0 0 0 0 0 0 0
-210.4 -813.8 2690.2 0 0 0 0 0 0 0 0 0
150.6 -816.5 2617.8 0 0 0 0 0 0 0 0 0
-17.4 85.7 2832.4 2 0.9765822887 -0.1381141096 0.1649592668 0.1063704640 0.9764305353 0.1877998114 -0.1870090663 -0.1658551693 0.9682559967
10.7 -112.9 2866.1 0.9765822887 -0.1381141096 0.1649592668 0.1063704640 0.9764305353 0.1877998114 -0.1870090663 -0.1658551693 0.9682559967
37.5 -307.3 2897.5 0.9768545628 -0.1347679198 0.1661107987 0.1044201776 0.9781910181 0.1795514822 -0.1866858751 -0.1580503583 0.9696228504
-132.0 -128.1 2893.4 0.3470261097 -0.8665434122 -0.3587134778 0.9309822321 0.3645105660 0.0201021563 0.1133354679 -0.3409318626 0.9332312346
-213.0 -345.6 2866.9 -0.2616123855 -0.8665434122 -0.4250428975 0.2500041723 0.3645105660 -0.8970116973 0.9322322011 -0.3409318626 0.1212789938
153.4 -97.6 2838.8 0.2530574501 0.8071054816 0.5334253907 -0.9525129199 0.3043748736 -0.0086650727 -0.1693549156 -0.5059018135 0.8458027244
212.7 -321.0 2799.1 -0.4335275590 0.8071054816 0.4007924199 -0.2761486471 0.3043748736 -0.9116457105 -0.8577854037 -0.5059018135 0.0909261853
-27.7 -511.3 2942.3 0.9066008329 0.2273199856 -0.3555285037 -0.3646279275 -0.0021059264 -0.9311509132 -0.2124179304 0.9738178253 0.0809779763
-137.4 -510.3 2472.2 0.9066008329 0.1875222623 0.3780347705 -0.3646279275 0.7990512848 0.4780831933 -0.2124179304 -0.5712726712 0.7927964330
151.7 -493.3 2908.5 0.9532884359 0.2305685729 0.1951392740 0.2005970478 -0.0002342265 -0.9796738029 -0.2258362919 0.9730560780 -0.0464746617
44.2 -493.2 2454.8 0.9532884359 -0.2822584510 0.1075703204 0.2005970478 0.8578215837 0.4731838703 -0.2258362919 -0.4295023978 0.8743715882
-138.8 -416.5 2602.5 0 0 0 0 0 0 0 0 0
97.4 -394.4 2571.0 0 0 0 0 0 0 0 0 0
-209.0 -815.6 2690.5 0 0 0 0 0 0 0 0 0
152.1 -821.0 2618.9 0 0 0 0 0 0 0 0 0
-16.0 87.7 2826.1 3 0.9765321612 -0.1375026554 0.1657646298 0.1021588147 0.9733031392 0.2055347711 -0.1896008104 -0.1837770045 0.9645089507
12.1 -111.6 2863.7 0.9765321612 -0.1375026554 0.1657646298 0.1021588147 0.9733031392 0.2055347711 -0.1896008104 -0.1837770045 0.9645089507
39.0 -305.5 2897.4 0.9765406847 -0.1350113302 0.1677506119 0.1020981446 0.9762017131 0.1913274825 -0.1895898134 -0.1697120368 0.9670850635
-130.5 -126.5 2891.4 0.3342349529 -0.8679753542 -0.3672951758 0.9311336279 0.3644151092 -0.0138469571 0.1458667368 -0.3373727500 0.9300013781
-209.2 -345.6 2857.1 -0.2514223158 -0.8679753542 -0.4282587767 0.2633908391 0.3644151092 -0.8932115436 0.9313495755 -0.3373727500 0.1369946599
154.8 -96.6 2836.0 0.2213197500 0.8469124436 0.4834841490 -0.9677583575 0.2518740296 0.0017969841 -0.1202552021 -0.4682935178 0.8753512502
208.5 -331.5 2806.8 -0.4203417599 0.8469124436 0.3256564736 -0.2222454101 0.2518740296 -0.9418951273 -0.8797271252 -0.4682935178 0.0823492259
-25.3 -511.2 2946.0 0.9052118063 0.2263091803 -0.3596884310 -0.3673156798 -0.0089737298 -0.9300530553 -0.2137072831 0.9740141630 0.0750037879
-135.9 -506.8 2470.2 0.9052118063 0.1891644597 0.3805370033 -0.3673156798 0.7985998392 0.4767782688 -0.2137072831 -0.5713625550 0.7923850417
153.8 -492.0 2911.8 0.9538829923 0.2308068722 0.1919256002 0.1958882511 0.0058467183 -0.9806088209 -0.2274533808 0.9729819894 -0.0396352671
45.4 -494.8 2454.7 0.9538829923 -0.2790349722 0.1106649339 0.1958882511 0.8579781055 0.4748698175 -0.2274533808 -0.4312922955 0.8730704188
-137.8 -420.3 2592.6 0 0 0 0 0 0 0 0 0
94.8 -391.6 2568.9 0 0 0 0 0 0 0 0 0
-208.2 -812.0 2688.5 0 0 0 0 0 0 0 0 0
152.0 -822.6 2619.5 0 0 0 0 0 0 0 0 0
-17.1 87.6 2833.4 4 0.9752068520 -0.1476908326 0.1647998691 0.1171278805 0.9763240814 0.1818581522 -0.1877568513 -0.1580466628 0.9694166183
13.0 -111.5 2865.6 0.9752068520 -0.1476908326 0.1647998691 0.1171278805 0.9763240814 0.1818581522 -0.1877568513 -0.1580466628 0.9694166183
42.0 -305.7 2895.5 0.9753187299 -0.1455761492 0.1660150290 0.1163825467 0.9778866172 0.1737608016 -0.1876393110 -0.1501509100 0.9706936479
-129.4 -128.5 2893.0 0.3512940407 -0.8540451527 -0.3836657107 0.9213128090 0.3882699609 -0.0207169671 0.1666590869 -0.3461983502 0.9232396483
-211.7 -344.1 2854.0 -0.2580330968 -0.8540451527 -0.4516921341 0.2616758347 0.3882699609 -0.8836131692 0.9300240278 -0.3461983502 0.1232964694
155.5 -94.5 2838.2 0.2165286839 0.8446226120 0.4896202385 -0.9665515423 0.2560736835 -0.0142957494 -0.1374533623 -0.4701477587 0.8718186021
208.3 -330.2 2804.7 -0.4234400392 0.8446226120 0.3275838494 -0.2178159803 0.2560736835 -0.9417974949 -0.8793490529 -0.4701477587 0.0755404532
-23.8 -508.8 2948.5 0.9052731395 0.2291178703 -0.3577506542 -0.3680077493 0.0021987960 -0.9298201203 -0.2122517824 0.9733961821 0.0863076597
-135.8 -509.9 2472.6 0.9052731395 0.1907114387 0.3796177804 -0.3680077493 0.7984772921 0.4764496982 -0.2122517824 -0.5710194111 0.7930233479
155.4 -490.1 2913.8 0.9548391700 0.2327529937 0.1846840829 0.1905955076 -0.0029658719 -0.9816641808 -0.2279375345 0.9725313783 -0.0471936092
45.5 -488.7 2454.5 0.9548391700 -0.2737095356 0.1156082079 0.1905955076 0.8627259731 0.4683772922 -0.2279375345 -0.4251905680 0.8759323359
-138.4 -418.4 2589.8 0 0 0 0 0 0 0 0 0
94.2 -388.9 2567.7 0 0 0 0 0 0 0 0 0
-208.7 -815.0 2690.8 0 0 0 0 0 0 0 0 0
150.0 -818.4 2617.0 0 0 0 0 0 0 0 0 0
-15.4 87.8 2826.6 5 0.9786832929 -0.1472852826 0.1431293637 0.1201283559 0.9757978320 0.1827230901 -0.1665777415 -0.1616341472 0.9726902246
14.9 -112.7 2859.8 0.9786832929 -0.1472852826 0.1431293637 0.1201283559 0.9757978320 0.1827230901 -0.1665777415 -0.1616341472 0.9726902246
44.2 -307.0 2889.6 0.9784424901 -0.1471832693 0.1448702067 0.1217259765 0.9776922464 0.1711744368 -0.1668324918 -0.1498498768 0.9745316505
-128.0 -130.5 2884.2 0.3681397438 -0.8560332060 -0.3628777266 0.9206228852 0.3902218044 0.0134343067 0.1301025897 -0.3390192389 0.9317399263
-214.3 -346.2 2853.7 -0.2546841204 -0.8560332060 -0.4498256445 0.2523291111 0.3902218044 -0.8854699135 0.9335234165 -0.3390192389 0.1166188121
157.8 -94.9 2835.4 0.2005527765 0.8564954400 0.4755987823 -0.9726687074 0.2320675105 -0.0077657001 -0.1170223057 -0.4610425830 0.8796280622
207.0 -333.4 2806.8 -0.4207969904 0.8564954400 0.2989071906 -0.2033264339 0.2320675105 -0.9512113333 -0.8840748072 -0.4610425830 0.0764948502
-18.6 -510.6 2942.5 0.8970962763 0.2334580570 -0.3751207292 -0.3815247715 -0.0188865215 -0.9241656661 -0.2228386402 0.9721834064 0.0721270069
-132.5 -501.4 2467.8 0.8970962763 0.1992330551 0.3943658471 -0.3815247715 0.7994660735 0.4639965892 -0.2228386402 -0.5667099953 0.7932103872
160.3 -489.3 2908.1 0.9517254233 0.2496696860 0.1785603911 0.1853096783 -0.0035941747 -0.9826735854 -0.2447020411 0.9683243632 -0.0496868789
43.1 -487.6 2453.5 0.9517254233 -0.2774231136 0.1313589513 0.1853096783 0.8604574203 0.4746296704 -0.2447020411 -0.4273750186 0.8703283668
-141.9 -417.9 2588.4 0 0 0 0 0 0 0 0 0
92.6 -388.7 2566.5 0 0 0 0 0 0 0 0 0
-208.7 -806.9 2684.4 0 0 0 0 0 0 0 0 0
149.1 -816.4 2616.8 0 0 0 0 0 0 0 0 0
-15.2 89.5 2822.7 6 0.9747682214 -0.1519751549 0.1634945422 0.1167115793 0.9713417292 0.2070593983 -0.1902769506 -0.1827532202 0.9645703435
16.1 -111.1 2860.4 0.9747682214 -0.1519751549 0.1634945422 0.1167115793 0.9713417292 0.2070593983 -0.1902769506 -0.1827532202 0.9645703435
46.3 -304.4 2894.8 0.9745533466 -0.1517194957 0.1650059372 0.1180873662 0.9731884003 0.1973820627 -0.1905285716 -0.1728742272 0.9663401842
-126.2 -128.3 2888.2 0.4011580348 -0.8473639488 -0.3479174376 0.9111231565 0.4082928002 0.0561390407 0.0944819897 -0.3395162523 0.9358428717
-219.2 -339.5 2866.3 -0.2435343415 -0.8473639488 -0.4718742669 0.2693606317 0.4082928002 -0.8722051382 0.9317380786 -0.3395162523 0.1288131624
158.5 -93.9 2832.6 0.2300764024 0.8347006440 0.5003395677 -0.9671187401 0.2533692122 0.0220325254 -0.1083800793 -0.4889569283 0.8655489087
214.0 -327.2 2806.5 -0.4346412420 0.8347006440 0.3381742239 -0.2421284467 0.2533692122 -0.9365777373 -0.8674449921 -0.4889569283 0.0919800550
-16.3 -512.4 2934.7 0.8897219896 0.2493110895 -0.3824117482 -0.3942688406 -0.0025811382 -0.9189915061 -0.2301018387 0.9684200287 0.0959990993
-134.6 -511.2 2475.1 0.8897219896 0.2056297660 0.4075673819 -0.3942688406 0.7961562276 0.4590069056 -0.2301018387 -0.5690796375 0.7894310951
163.1 -490.1 2904.1 0.9473565221 0.2634618878 0.1819433719 0.1896584779 -0.0039265538 -0.9818422794 -0.2579636276 0.9646618366 -0.0536876284
41.9 -488.3 2460.4 0.9473565221 -0.2855337560 0.1448656023 0.1896584779 0.8649720550 0.4645997882 -0.2579636276 -0.4126666784 0.8735908866
-150.0 -416.1 2601.5 0 0 0 0 0 0 0 0 0
95.4 -393.2 2569.9 0 0 0 0 0 0 0 0 0
-213.2 -815.4 2692.6 0 0 0 0 0 0 0 0 0
151.0 -818.8 2618.1 0 0 0 0 0 0 0 0 0
-14.5 88.5 2823.2 7 0.9751852155 -0.1500764340 0.1627601385 0.1138987616 0.9705111384 0.2124504298 -0.1898443252 -0.1886403412 0.9635216594
16.2 -110.1 2861.8 0.9751852155 -0.1500764340 0.1627601385 0.1138987616 0.9705111384 0.2124504298 -0.1898443252 -0.1886403412 0.9635216594
46.0 -303.3 2897.5 0.9749892950 -0.1498449445 0.1641411334 0.1151676700 0.9722768068 0.2035048008 -0.1900847852 -0.1795112640 0.9652168155
-126.2 -126.9 2889.6 0.4009160399 -0.8416157961 -0.3618689477 0.9107091427 0.4089874029 0.0577768423 0.0993739292 -0.3527210057 0.9304368496
-218.8 -337.3 2866.6 -0.2494688928 -0.8416157961 -0.4790073931 0.2848512828 0.4089874029 -0.8669423461 0.9255403876 -0.3527210057 0.1377056986
158.7 -93.3 2834.1 0.2062703073 0.8513919115 0.4822700024 -0.9719612002 0.2351406366 0.0006010938 -0.1128895059 -0.4688716829 0.8760223985
208.4 -327.8 2806.8 -0.4207500517 0.8513919115 0.3132110834 -0.2276108414 0.2351406366 -0.9449350238 -0.8781586885 -0.4688716829 0.0948505923
-12.8 -508.5 2946.5 0.8882778287 0.2486926317 -0.3861534297 -0.4010280371 0.0100676548 -0.9160104394 -0.2239173800 0.9685301185 0.1086755916
-132.5 -513.4 2480.2 0.8882778287 0.2165013701 0.4050798118 -0.4010280371 0.7955322266 0.4542080462 -0.2239173800 -0.5659112930 0.7934767604
165.9 -486.9 2911.6 0.9466264248 0.2639066577 0.1850721538 0.1901176125 0.0065261959 -0.9817396402 -0.2602954507 0.9645261168 -0.0439954363
42.0 -490.0 2459.0 0.9466264248 -0.2878800333 0.1449948847 0.1901176125 0.8619127274 0.4700656533 -0.2602954507 -0.4174104631 0.8706404567
-147.9 -418.2 2603.6 0 0 0 0 0 0 0 0 0
94.0 -389.7 2568.0 0 0 0 0 0 0 0 0 0
-215.3 -817.4 2696.5 0 0 0 0 0 0 0 0 0
152.0 -819.3 2618.5 0 0 0 0 0 0 0 0 0
-13.8 83.9 2823.5 8 0.9735138416 -0.1424846947 0.1787984669 0.1038091257 0.9722645879 0.2095834762 -0.2037018538 -0.1854715049 0.9613042474
15.2 -113.9 2861.2 0.9735138416 -0.1424846947 0.1787984669 0.1038091257 0.9722645879 0.2095834762 -0.2037018538 -0.1854715049 0.9613042474
43.5 -307.2 2897.2 0.9733961225 -0.1424933672 0.1794313341 0.1046126932 0.9730997682 0.2052633315 -0.2038532495 -0.1810317338 0.9621181488
-127.0 -129.2 2891.0 0.3908842504 -0.8307110071 -0.3963946998 0.9082159996 0.4180470109 0.0195035022 0.1495098323 -0.3676356077 0.9178730249
-216.0 -336.0 2856.9 -0.2578358054 -0.8307110071 -0.4933963418 0.2963669300 0.4180470109 -0.8587219119 0.9196125865 -0.3676356077 0.1384077817
157.3 -98.6 2831.5 0.2108273059 0.8501520157 0.4824866652 -0.9710364342 0.2389080971 0.0033426499 -0.1124282107 -0.4692168534 0.8758969307
207.6 -330.2 2804.6 -0.4236568809 0.8501520157 0.3126601577 -0.2187883854 0.2389080971 -0.9460732341 -0.8790031075 -0.4692168534 0.0847883299
-13.6 -507.0 2950.6 0.8941364288 0.2429416180 -0.3761640787 -0.3886606395 0.0038206277 -0.9213730693 -0.2224026769 0.9700334072 0.0978380069
-131.9 -508.9 2478.0 0.8941364288 0.2076398432 0.3967439234 -0.3886606395 0.7998951077 0.4572862685 -0.2224026769 -0.5630750656 0.7959167957
165.3 -485.9 2915.7 0.9493167996 0.2552630305 0.1834077984 0.1860194206 0.0140902931 -0.9824450612 -0.2533661723 0.9667689800 -0.0341077298
44.4 -492.6 2458.1 0.9493167996 -0.2819520831 0.1389268041 0.1860194206 0.8602397442 0.4747466445 -0.2533661723 -0.4248418808 0.8690885901
-142.7 -420.2 2595.6 0 0 0 0 0 0 0 0 0
93.2 -389.2 2567.3 0 0 0 0 0 0 0 0 0
-211.3 -814.5 2693.2 0 0 0 0 0 0 0 0 0
152.2 -821.3 2620.4 0 0 0 0 0 0 0 0 0
-11.6 83.2 2820.6 9 0.9751920104 -0.1365879923 0.1741959155 0.0976226851 0.9716439247 0.2153553814 -0.1986713558 -0.1930073798 0.9608734846
16.2 -114.3 2859.9 0.9751920104 -0.1365879923 0.1741959155 0.0976226851 0.9716439247 0.2153553814 -0.1986713558 -0.1930073798 0.9608734846
43.1 -307.6 2897.3 0.9751979113 -0.1356684268 0.1748801619 0.0975805447 0.9727182984 0.2104687840 -0.1986631006 -0.1881838143 0.9618315101
-126.3 -128.6 2888.9 0.3933663964 -0.8432037234 -0.3664292693 0.9140699506 0.4014699757 0.0574283116 0.0986865908 -0.3575323522 0.9286719561
-216.9 -339.1 2866.1 -0.2599802613 -0.8432037234 -0.4705505073 0.2775992155 0.4014699757 -0.8727889061 0.9248507619 -0.3575323522 0.1296984255
158.6 -100.1 2830.9 0.2101893574 0.8456615806 0.4905883074 -0.9720263481 0.2345580757 0.0121340910 -0.1048101187 -0.4794152379 0.8713069558
209.2 -333.8 2805.7 -0.4380541444 0.8456615806 0.3049016595 -0.2081171274 0.2345580757 -0.9495629072 -0.8745260835 -0.4794152379 0.0732475296
-17.4 -510.2 2951.9 0.8956665993 0.2437480688 -0.3719788492 -0.3864600360 0.0126912333 -0.9222187996 -0.2200681865 0.9697555304 0.1055660024
-135.8 -516.3 2480.9 0.8956665993 0.2025785297 0.3959082067 -0.3864600360 0.7950556874 0.4674773812 -0.2200681865 -0.5717065930 0.7903932929
161.1 -491.0 2914.5 0.9497696757 0.2481070459 0.1907365769 0.1966664195 0.0009015961 -0.9804700613 -0.2434334904 0.9687321782 -0.0479380190
43.3 -491.4 2454.6 0.9497696757 -0.2870837152 0.1245812550 0.1966664195 0.8571889997 0.4759720266 -0.2434334904 -0.4275628328 0.8705918193
-143.0 -418.0 2603.3 0 0 0 0 0 0 0 0 0
91.9 -389.5 2571.6 0 0 0 0 0 0 0 0 0
-213.2 -820.1 2699.4 0 0 0 0 0 0 0 0 0
153.0 -819.0 2618.0 0 0 0 0 0 0 0 0 0
-11.6 85.4 2810.2 0 0.9802766442 -0.1325407475 0.1465970427 0.0940003097 0.9651898146 0.2440749556 -0.1738438457 -0.2254808098 0.9586118460
15.4 -111.5 2856.2 0.9802766442 -0.1325407475 0.1465970427 0.0940003097 0.9651898146 0.2440749556 -0.1738438457 -0.2254808098 0.9586118460
41.8 -303.7 2899.0 0.9800301194 -0.1328944117 0.1479191333 0.0957951844 0.9673969746 0.2344489843 -0.1742534935 -0.2155971229 0.9608088136
-127.7 -125.6 2881.6 0.3644851446 -0.8667952418 -0.3403183520 0.9279094338 0.3688092828 0.0544403829 0.0783239082 -0.3356273472 0.9387329817
-212.2 -340.7 2863.5 -0.2406956106 -0.8667952418 -0.4367283285 0.2800216973 0.3688092828 -0.8863224983 0.9293295741 -0.3356273472 0.1539506912
158.6 -97.5 2830.8 0.1937948465 0.8508574367 0.4883494079 -0.9724029899 0.2325139195 -0.0192270335 -0.1299075037 -0.4711463451 0.8724363446
206.2 -336.7 2798.8 -0.4337721467 0.8508574367 0.2964512110 -0.1951012909 0.2325139195 -0.9528235793 -0.8796460629 -0.4711463451 0.0651453212
-19.3 -509.8 2952.9 0.8990295529 0.2395051420 -0.3665830791 -0.3783645034 0.0034787876 -0.9256501198 -0.2204227000 0.9708888531 0.0937477723
-136.9 -511.5 2476.3 0.8990295529 0.1954424381 0.3918521702 -0.3783645034 0.7971748710 0.4704812169 -0.2204227000 -0.5712394714 0.7906322479
159.5 -491.9 2916.4 0.9515912533 0.2430719286 0.1881225705 0.1943801641 -0.0017953954 -0.9809246063 -0.2380974889 0.9700065851 -0.0489568450
43.2 -491.1 2452.1 0.9515912533 -0.2832666337 0.1193066686 0.1943801641 0.8552885056 0.4803102612 -0.2380974889 -0.4338681996 0.8689464927
-143.8 -420.3 2599.4 0 0 0 0 0 0 0 0 0
91.0 -388.5 2565.2 0 0 0 0 0 0 0 0 0
-211.6 -816.1 2694.6 0 0 0 0 0 0 0 0 0
151.4 -817.9 2617.9 0 0 0 0 0 0 0 0 0
-11.9 83.5 2814.5 1 0.9758082032 -0.1279750168 0.1772589386 0.0866557807 0.9707695842 0.2238241285 -0.2007214725 -0.2030489147 0.9583746791
14.3 -115.0 2856.0 0.9758082032 -0.1279750168 0.1772589386 0.0866557807 0.9707695842 0.2238241285 -0.2007214725 -0.2030489147 0.9583746791
39.6 -308.0 2895.4 0.9756922126 -0.1280540526 0.1778395474 0.0875359923 0.9716957808 0.2194191217 -0.2009034455 -0.1985181570 0.9592853189
-128.2 -127.8 2885.3 0.3644547164 -0.8607318401 -0.3554060161 0.9256840944 0.3764219284 0.0376233682 0.1013989821 -0.3427056968 0.9339545369
-210.2 -336.1 2862.5 -0.2387380451 -0.8607318401 -0.4496051669 0.2960998714 0.3764219284 -0.8778561354 0.9248399734 -0.3427056968 0.1649963409
156.7 -102.1 2826.6 0.2064910233 0.8517251611 0.4815866649 -0.9724760056 0.2329497635 0.0049801879 -0.1079437509 -0.4693598449 0.8763843179
