129.7 110.9 2339.4 2 0.9737821817 -0.0207887404 0.2265306115 -0.0633664429 0.9316126704 0.3578861356 -0.2184787989 -0.3628575802 0.9058704972
133.9 -77.2 2412.6 0.9737821817 -0.0207887404 0.2265306115 -0.0633664429 0.9316126704 0.3578861356 -0.2184787989 -0.3628575802 0.9058704972
136.6 -263.0 2483.3 0.9738732576 -0.0135169849 0.2266895771 -0.0683215857 0.9345397949 0.3492384851 -0.2165710926 -0.3556017876 0.9091998339
-3.2 -67.6 2443.1 -0.3124119639 -0.7771587372 0.5462810993 0.9236907959 -0.3827908337 -0.0163234528 0.2217973173 0.4994951785 0.8374428153
96.9 -363.4 2372.1 0.3289365768 -0.7771587372 0.5364932418 0.4295713902 -0.3827908337 -0.8178873062 0.8409929872 0.4994951785 0.2079312354
270.9 -86.8 2382.2 0.0477778576 0.6684921384 0.7421829104 -0.9701958895 0.2077782899 -0.1246920153 -0.2375651449 -0.7141053081 0.6584955454
282.1 -314.4 2326.4 -0.5658536553 0.6684921384 0.4826260209 -0.4809998274 0.2077782899 -0.8517436981 -0.6696631908 -0.7141053081 0.2039725035
49.9 -442.6 2573.9 0.8464103937 0.5325049162 -0.0052891118 0.0541665331 -0.0959690958 -0.9939094186 -0.5297692418 0.8409687877 -0.1100731865
-174.5 -402.1 2219.6 0.8464103937 -0.0770596713 0.5269262195 0.0541665331 0.9968010783 0.0587673374 -0.5297692418 -0.0211995170 0.8478768468
228.2 -455.3 2534.1 0.9874557257 -0.0523327701 0.1489713788 0.1382435113 -0.1693011969 -0.9758206010 0.0762884319 0.9841739535 -0.1599427760
251.3 -380.6 2099.9 0.9874557257 -0.1430705935 -0.0667982027 0.1382435113 0.9877747297 -0.0720403269 0.0762884319 0.0619022176 0.9951623678
11.3 -475.1 2153.4 0 0 0 0 0 0 0 0 0
135.0 -439.4 2152.3 0 0 0 0 0 0 0 0 0
-145.0 -783.2 2227.7 0 0 0 0 0 0 0 0 0
306.0 -758.3 2076.2 0 0 0 0 0 0 0 0 0
129.2 113.1 2339.1 3 0.9711680412 -0.0202422123 0.2375351191 -0.0680903196 0.9313298464 0.3577547371 -0.2284652889 -0.3636138141 0.9030994177
133.3 -75.0 2412.5 0.9711680412 -0.0202422123 0.2375351191 -0.0680903196 0.9313298464 0.3577547371 -0.2284652889 -0.3636138141 0.9030994177
136.5 -260.6 2483.6 0.9712199569 -0.0156926457 0.2376669496 -0.0707849860 0.9337287545 0.3509131968 -0.2274232209 -0.3576371372 0.9057452083
-3.3 -65.1 2444.5 -0.3010756969 -0.7890896201 0.5354353189 0.9253441095 -0.3774245977 -0.0359020382 0.2304163873 0.4846526980 0.8438128233
95.4 -368.5 2369.0 0.3291832209 -0.7890896201 0.5186289549 0.4063124359 -0.3774245977 -0.8321423531 0.8523781896 0.4846526980 0.1963750869
270.0 -85.0 2380.5 0.0567824505 0.6755474806 0.7351267934 -0.9736408591 0.2003877461 -0.1089413762 -0.2209054679 -0.7095634937 0.6691191196
283.4 -314.2 2328.5 -0.5654252768 0.6755474806 0.4732123315 -0.4768483639 0.2003877461 -0.8558390141 -0.6729857922 -0.7095634937 0.2088294029
50.5 -439.8 2575.6 0.8404432535 0.5418331027 -0.0084904935 0.0512443744 -0.0950640067 -0.9941512942 -0.5394712090 0.8350926638 -0.1076617986
-177.8 -399.7 2223.7 0.8404432535 -0.0753359199 0.5366373658 0.0512443744 0.9969004989 0.0596947372 -0.5394712090 -0.0226703901 0.8416987658
227.8 -454.9 2533.8 0.9838561416 -0.0772109553 0.1614482105 0.1465286613 -0.1703847200 -0.9744220972 0.1027443632 0.9823479652 -0.1563204378
261.8 -379.8 2100.8 0.9838561416 -0.1520303935 -0.0944130123 0.1465286613 0.9872147441 -0.0627404004 0.1027443632 0.0478933156 0.9935541153
9.8 -474.1 2147.3 0 0 0 0 0 0 0 0 0
136.4 -438.2 2153.5 0 0 0 0 0 0 0 0 0
-149.0 -780.9 2232.4 0 0 0 0 0 0 0 0 0
319.9 -757.1 2082.5 0 0 0 0 0 0 0 0 0
128.4 111.9 2339.4 4 0.9723417163 -0.0194577109 0.2327508926 -0.0673688576 0.9308047295 0.3592548072 -0.2236358970 -0.3649986088 0.9037494063
132.4 -76.2 2413.2 0.9723417163 -0.0194577109 0.2327508926 -0.0673688576 0.9308047295 0.3592548072 -0.2236358970 -0.3649986088 0.9037494063
135.3 -261.7 2484.8 0.9723997712 -0.0146691576 0.2328594923 -0.0705377534 0.9328379035 0.3533239663 -0.2224031389 -0.3599975407 0.9060566425
-4.5 -66.3 2444.5 -0.3039233387 -0.7765006423 0.5519758463 0.9255948067 -0.3778791726 -0.0219458360 0.2256211340 0.5042361021 0.8335712552
93.6 -365.1 2371.7 0.3263605535 -0.7765006423 0.5390134454 0.4433438480 -0.3778791726 -0.8128059506 0.8348263502 0.5042361021 0.2209319472
269.2 -86.1 2381.9 0.0634634420 0.6671728492 0.7421945333 -0.9715865850 0.2112219185 -0.1067931578 -0.2280172557 -0.7143288255 0.6616210938
284.1 -313.6 2328.5 -0.5658794045 0.6671728492 0.4844180942 -0.4799038470 0.2112219185 -0.8515148759 -0.6704273224 -0.7143288255 0.2006526887
49.0 -440.6 2576.7 0.8430743814 0.5377496481 -0.0071302098 0.0506216772 -0.0925491303 -0.9944204688 -0.5354091525 0.8380095363 -0.1052475944
-177.6 -401.6 2223.7 0.8430743814 -0.0760276467 0.5323958397 0.0506216772 0.9967802763 0.0621812120 -0.5354091525 -0.0254726205 0.8442085981
226.9 -454.6 2535.9 0.9804461002 -0.0981848612 0.1705437005 0.1528931409 -0.1655414551 -0.9742790461 0.1238915101 0.9813030958 -0.1472926885
270.2 -381.8 2103.9 0.9804461002 -0.1586426497 -0.1164385155 0.1528931409 0.9866085649 -0.0568086058 0.1238915101 0.0378951244 0.9915719032
8.8 -480.3 2154.7 0 0 0 0 0 0 0 0 0
137.0 -438.4 2154.2 0 0 0 0 0 0 0 0 0
-148.5 -782.7 2233.4 0 0 0 0 0 0 0 0 0
330.8 -758.9 2089.4 0 0 0 0 0 0 0 0 0
127.2 111.1 2339.6 5 0.9736604691 -0.0284480378 0.2262210846 -0.0575173907 0.9294498563 0.3644374609 -0.2206286937 -0.3678500056 0.9033323526
132.9 -76.2 2413.7 0.9736604691 -0.0284480378 0.2262210846 -0.0575173907 0.9294498563 0.3644374609 -0.2206286937 -0.3678500056 0.9033323526
137.8 -261.3 2486.2 0.9737408161 -0.0244473573 0.2263430059 -0.0603428073 0.9309409857 0.3601494133 -0.2195166796 -0.3643503487 0.9050199986
-4.1 -67.7 2444.6 -0.3078396022 -0.7816187739 0.5425005555 0.9240733385 -0.3813881576 -0.0251313616 0.2265464365 0.4935738742 0.8396794200
94.0 -362.2 2372.5 0.3157768846 -0.7816187739 0.5379191637 0.4404574931 -0.3813881576 -0.8127362728 0.8404059410 0.4935738742 0.2238362879
270.0 -84.7 2382.8 0.0553060919 0.6649585962 0.7448297143 -0.9704635739 0.2112390399 -0.1165268645 -0.2348226607 -0.7163854837 0.6570008993
283.0 -313.1 2327.6 -0.5566948056 0.6649585962 0.4979165792 -0.4992630482 0.2112390399 -0.8403061628 -0.6639482379 -0.7163854837 0.2143935859
53.3 -440.8 2578.8 0.8438851237 0.5365040898 0.0046097473 0.0578733459 -0.0824824423 -0.9949107170 -0.5333934426 0.8398571014 -0.1006549969
-172.8 -406.1 2224.9 0.8438851237 -0.0874326825 0.5293518901 0.0578733459 0.9957097173 0.0721998364 -0.5333934426 -0.0302929990 0.8453246355
231.7 -452.4 2538.5 0.9767116308 -0.1070586890 0.1859376281 0.1675086021 -0.1610397547 -0.9726289511 0.1340717375 0.9811241627 -0.1393561512
278.9 -381.5 2106.7 0.9767116308 -0.1728944033 -0.1270507276 0.1675086021 0.9844982624 -0.0519999675 0.1340717375 0.0295068827 0.9905322194
11.9 -476.7 2154.0 0 0 0 0 0 0 0 0 0
138.3 -442.8 2155.0 0 0 0 0 0 0 0 0 0
-139.3 -786.7 2236.5 0 0 0 0 0 0 0 0 0
344.9 -757.9 2095.4 0 0 0 0 0 0 0 0 0
128.5 109.9 2339.2 6 0.9732944965 -0.0316850878 0.2273627967 -0.0551415384 0.9291620255 0.3655371070 -0.2228389531 -0.3683123887 0.9026011229
134.9 -77.4 2413.5 0.9732944965 -0.0316850878 0.2273627967 -0.0551415384 0.9291620255 0.3655371070 -0.2228389531 -0.3683123887 0.9026011229
140.4 -262.5 2485.8 0.9733764529 -0.0277175047 0.2275301814 -0.0577080064 0.9310516119 0.3602952361 -0.2218288332 -0.3638332188 0.9046642184
-2.1 -69.3 2444.7 -0.3075480163 -0.7774774432 0.5485827327 0.9254021049 -0.3785718977 -0.0177284833 0.2214615196 0.5022072792 0.8359082937
95.0 -361.2 2374.8 0.3182139695 -0.7774774432 0.5424653888 0.4519766271 -0.3785718977 -0.8077130914 0.8333408833 0.5022072792 0.2309347540
271.9 -85.6 2382.2 0.0474529192 0.6842944026 0.7276602387 -0.9742646813 0.1924133003 -0.1174114421 -0.2203554958 -0.7033621669 0.6758144498
282.9 -310.5 2331.4 -0.5466676950 0.6842944026 0.4825926125 -0.5029873252 0.1924133003 -0.8426036239 -0.6694461703 -0.7033621669 0.2390052676
56.6 -442.3 2578.5 0.8424667716 0.5387032628 0.0069680763 0.0603334457 -0.0814859569 -0.9948467016 -0.5353593826 0.8385456800 -0.1011510342
-170.3 -408.0 2225.2 0.8424667716 -0.0900909305 0.5311623216 0.0603334457 0.9954941273 0.0731529146 -0.5353593826 -0.0295820478 0.8441061974
235.1 -453.2 2537.8 0.9757786393 -0.1083863974 0.1900221556 0.1713742465 -0.1611483991 -0.9719372988 0.1359665394 0.9809605479 -0.1386705339
282.8 -382.3 2106.2 0.9757786393 -0.1767899096 -0.1288462728 0.1713742465 0.9838295579 -0.0520605482 0.1359665394 0.0287186410 0.9902970791
12.2 -478.8 2158.1 0 0 0 0 0 0 0 0 0
140.8 -441.2 2157.4 0 0 0 0 0 0 0 0 0
-135.9 -788.6 2236.5 0 0 0 0 0 0 0 0 0
350.4 -758.4 2095.2 0 0 0 0 0 0 0 0 0
129.5 109.5 2331.5 7 0.9805200696 -0.0351195671 0.1932537556 -0.0442809537 0.9190335870 0.3916841149 -0.1913624704 -0.3926115930 0.8995757699
136.6 -76.9 2411.1 0.9805200696 -0.0351195671 0.1932537556 -0.0442809537 0.9190335870 0.3916841149 -0.1913624704 -0.3926115930 0.8995757699
142.7 -260.1 2488.0 0.9806144834 -0.0309738722 0.1934833676 -0.0469109267 0.9216025472 0.3852896392 -0.1902486682 -0.3868970871 0.9022837877
-1.3 -70.4 2437.9 -0.3037600219 -0.7878131866 0.5357986689 0.9300071001 -0.3673172593 -0.0128376847 0.2069218010 0.4943970144 0.8442481756
94.3 -363.1 2372.8 0.3198045492 -0.7878131866 0.5263795257 0.4420616925 -0.3673172593 -0.8183272481 0.8380373120 0.4943970144 0.2307922989
274.6 -83.5 2384.3 0.0299942140 0.6925628185 0.7207337022 -0.9734622240 0.1839026064 -0.1362027079 -0.2268737406 -0.6975217462 0.6796997190
281.6 -310.8 2331.3 -0.5422416925 0.6925628185 0.4757422507 -0.5049967170 0.1839026064 -0.8433019519 -0.6715298295 -0.6975217462 0.2500222921
58.8 -439.0 2582.4 0.8577489853 0.5134430528 0.0253560971 0.0610675998 -0.0527951978 -0.9967364073 -0.5104286671 0.8564980626 -0.0766397640
-157.3 -416.7 2221.8 0.8577489853 -0.1043670177 0.5033628941 0.0610675998 0.9929275513 0.1018116623 -0.5104286671 -0.0565896854 0.8580560088
236.8 -453.6 2537.4 0.9793286324 -0.0952940658 0.1784221083 0.1621953696 -0.1571053118 -0.9741717577 0.1208638474 0.9829735160 -0.1384014785
278.7 -384.7 2106.2 0.9793286324 -0.1674393117 -0.1134878099 0.1621953696 0.9852783680 -0.0540301278 0.1208638474 0.0345060565 0.9920691848
11.1 -478.1 2154.8 0 0 0 0 0 0 0 0 0
140.6 -442.1 2156.8 0 0 0 0 0 0 0 0 0
-117.4 -796.2 2243.4 0 0 0 0 0 0 0 0 0
342.7 -761.3 2093.0 0 0 0 0 0 0 0 0 0
130.1 110.1 2335.1 8 0.9807557464 -0.0337970406 0.1922911853 -0.0415732376 0.9261645079 0.3748211861 -0.1907611340 -0.3756021857 0.9069361687
136.9 -77.5 2411.2 0.9807557464 -0.0337970406 0.1922911853 -0.0415732376 0.9261645079 0.3748211861 -0.1907611340 -0.3756021857 0.9069361687
142.8 -261.9 2485.2 0.9808604121 -0.0297312271 0.1924289614 -0.0446271636 0.9276394248 0.3708011508 -0.1895290613 -0.3722917140 0.9085580111
-1.1 -71.3 2437.9 -0.3094357848 -0.7904171348 0.5286684036 0.9284552336 -0.3712618053 -0.0116413115 0.2054758668 0.4872426987 0.8487486243
95.0 -359.7 2374.1 0.3087047040 -0.7904171348 0.5290956497 0.4456020594 -0.3712618053 -0.8146185875 0.8403214812 0.4872426987 0.2376012206
274.9 -83.8 2384.6 0.0328753926 0.7032028437 0.7102288008 -0.9759687185 0.1757474393 -0.1288327724 -0.2154164761 -0.6889256835 0.6920817494
282.5 -309.2 2334.8 -0.5411770344 0.7032028437 0.4611216486 -0.4961299896 0.1757474393 -0.8502751589 -0.6789568663 -0.6889256835 0.2537695467
58.7 -442.2 2576.6 0.8584992290 0.5122072697 0.0249553099 0.0687465519 -0.0667275712 -0.9954000711 -0.5081859231 0.8562658429 -0.0924980491
-157.0 -414.1 2216.0 0.8584992290 -0.1037834436 0.5022031665 0.0687465519 0.9937589765 0.0878466442 -0.5081859231 -0.0408915430 0.8602761030
239.5 -447.8 2547.3 0.9828390479 -0.0822966099 0.1650899351 0.1527267843 -0.1388700306 -0.9784628749 0.1034502238 0.9868851900 -0.1239179894
276.6 -385.1 2101.7 0.9828390479 -0.1559151411 -0.0985793546 0.1527267843 0.9874927402 -0.0391484052 0.1034502238 0.0234208722 0.9943588376
14.7 -475.6 2155.5 0 0 0 0 0 0 0 0 0
141.8 -438.2 2158.3 0 0 0 0 0 0 0 0 0
-117.4 -793.9 2231.7 0 0 0 0 0 0 0 0 0
336.2 -762.6 2092.8 0 0 0 0 0 0 0 0 0
129.8 111.5 2337.0 9 0.9828544855 -0.0298313815 0.1819537431 -0.0375439487 0.9337724447 0.3558924198 -0.1805201620 -0.3566217422 0.9166424870
135.9 -77.5 2409.1 0.9828544855 -0.0298313815 0.1819537431 -0.0375439487 0.9337724447 0.3558924198 -0.1805201620 -0.3566217422 0.9166424870
141.3 -263.3 2479.5 0.9829034805 -0.0275470205 0.1820493340 -0.0391390324 0.9348875880 0.3527794182 -0.1799136847 -0.3538733423 0.9178260565
-2.4 -71.9 2434.4 -0.3125244677 -0.7927449942 0.5233390927 0.9280972481 -0.3722144663 -0.0095885620 0.2023956627 0.4827128947 0.8520705700
95.7 -363.3 2370.9 0.3066805005 -0.7927449942 0.5267850161 0.4408316314 -0.3722144663 -0.8167765141 0.8435724974 0.4827128947 0.2353161573
274.2 -83.0 2383.8 0.0399163701 0.7031687498 0.7099016309 -0.9757292271 0.1805245578 -0.1239490882 -0.2153118104 -0.6877241731 0.6933082342
283.5 -309.8 2333.8 -0.5437821150 0.7031687498 0.4580990076 -0.4866317809 0.1805245578 -0.8547516465 -0.6837328076 -0.6877241731 0.2440182567
56.7 -445.5 2566.3 0.8636723757 0.5032763481 0.0279808268 0.0806105658 -0.0831123367 -0.9932745099 -0.4975660443 0.8601193428 -0.1123512164
-155.3 -410.5 2204.0 0.8636723757 -0.1054527760 0.4928993285 0.0806105658 0.9941814542 0.0714508519 -0.4975660443 -0.0219772384 0.8671476245
237.4 -451.4 2536.0 0.9822847843 -0.0909547657 0.1638407260 0.1482789367 -0.1573635787 -0.9763452411 0.1145858169 0.9833432436 -0.1410891712
278.2 -380.8 2095.0 0.9822847843 -0.1524470448 -0.1089791209 0.1482789367 0.9879016876 -0.0454266407 0.1145858169 0.0284625906 0.9930055141
15.9 -478.0 2151.5 0 0 0 0 0 0 0 0 0
142.1 -436.3 2156.0 0 0 0 0 0 0 0 0 0
-115.0 -790.4 2212.4 0 0 0 0 0 0 0 0 0
336.5 -758.5 2084.1 0 0 0 0 0 0 0 0 0
131.0 108.3 2337.4 0 0.9788105488 -0.0232751891 0.2034409195 -0.0521917380 0.9323475361 0.3577765226 -0.1980049610 -0.3608133793 0.9113768339
135.7 -80.4 2410.4 0.9788105488 -0.0232751891 0.2034409195 -0.0521917380 0.9323475361 0.3577765226 -0.1980049610 -0.3608133793 0.9113768339
139.7 -266.1 2481.3 0.9788551927 -0.0201705880 0.2035574913 -0.0541105941 0.9341447353 0.3527685702 -0.1972677112 -0.3563239574 0.9133009911
-2.0 -72.8 2438.2 -0.3144898117 -0.7852030993 0.5334343910 0.9246847630 -0.3804438412 -0.0148504367 0.2146024257 0.4885883629 0.8457110524
98.6 -368.7 2369.5 0.3225314617 -0.7852030993 0.5286109447 0.4222770929 -0.3804438412 -0.8227663636 0.8471454978 0.4885883629 0.2088681906
273.4 -88.1 2382.7 0.0528653748 0.6924061775 0.7195686102 -0.9747882485 0.1922058761 -0.1133345664 -0.2167788595 -0.6954355240 0.6851104498
285.4 -309.2 2333.5 -0.5491898060 0.6924061775 0.4679361284 -0.4847166836 0.1922058761 -0.8532916307 -0.6807644963 -0.6954355240 0.2300633043
53.9 -446.8 2570.2 0.8557865024 0.5172048211 0.0113430815 0.0663892254 -0.0880523622 -0.9939010143 -0.5130515695 0.8513201475 -0.1096908525
-163.9 -409.7 2211.6 0.8557865024 -0.0912529305 0.5092173815 0.0663892254 0.9955530763 0.0668322146 -0.5130515695 -0.0233875569 0.8580390811
233.7 -456.1 2535.4 0.9865915775 -0.0749541968 0.1449791491 0.1323214918 -0.1526596397 -0.9793804288 0.0955411419 0.9854323268 -0.1406946629
267.2 -387.9 2094.9 0.9865915775 -0.1349107921 -0.0918485895 0.1323214918 0.9906321764 -0.0337480046 0.0955411419 0.0211419538 0.9952009320
14.7 -478.5 2149.2 0 0 0 0 0 0 0 0 0
142.6 -435.2 2156.5 0 0 0 0 0 0 0 0 0
-129.1 -790.3 2220.5 0 0 0 0 0 0 0 0 0
318.8 -766.5 2086.8 0 0 0 0 0 0 0 0 0
130.4 106.2 2339.1 1 0.9752768278 -0.0231350455 0.2197722793 -0.0586628355 0.9317205548 0.3584069014 -0.2130581141 -0.3624384105 0.9073283076
135.0 -81.6 2412.2 0.9752768278 -0.0231350455 0.2197722793 -0.0586628355 0.9317205548 0.3584069014 -0.2130581141 -0.3624384105 0.9073283076
138.8 -267.1 2483.7 0.9753510952 -0.0188833084 0.2198492587 -0.0619571581 0.9328142405 0.3549914360 -0.2117819339 -0.3598625064 0.9086514115
-2.2 -72.9 2441.9 -0.3061160743 -0.7816290855 0.5434601903 0.9238370061 -0.3817141056 -0.0286267381 0.2298219055 0.4933055043 0.8389467001
95.6 -368.1 2368.5 0.3220512271 -0.7816290855 0.5341713428 0.4303309321 -0.3817141056 -0.8179911971 0.8432664275 0.4933055043 0.2134276778
272.3 -90.4 2382.4 0.0448575094 0.6891251206 0.7232525945 -0.9727674127 0.1949313730 -0.1254004240 -0.2274012268 -0.6979314685 0.6791026592
282.6 -313.3 2330.3 -0.5534654260 0.6891251206 0.4677419662 -0.4801000059 0.1949313730 -0.8552811146 -0.6805732846 -0.6979314685 0.2229611874
53.1 -446.8 2574.7 0.8483913541 0.5293630958 0.0026141317 0.0581639372 -0.0883066878 -0.9943937063 -0.5261644721 0.8437870741 -0.1057084724
-169.9 -409.6 2219.2 0.8483913541 -0.0844909698 0.5225833654 0.0581639372 0.9960817099 0.0666192919 -0.5261644721 -0.0261237230 0.8499814272
232.1 -457.9 2536.5 0.9890130758 -0.0607718490 0.1347588301 0.1246026009 -0.1478143185 -0.9811345935 0.0795446485 0.9871462584 -0.1386179626
259.3 -391.9 2096.0 0.9890130758 -0.1262264103 -0.0769418702 0.1246026009 0.9918771386 -0.0255712215 0.0795446485 0.0157031156 0.9967076182
11.9 -480.0 2149.2 0 0 0 0 0 0 0 0 0
138.7 -438.1 2153.3 0 0 0 0 0 0 0 0 0
-137.6 -790.4 2229.2 0 0 0 0 0 0 0 0 0
307.5 -771.1 2090.0 0 0 0 0 0 0 0 0 0
130.1 107.0 2338.4 2 0.9761499166 -0.0254933015 0.2155954689 -0.0563687086 0.9292596579 0.3651013970 -0.2096518129 -0.3685465455 0.9056597352
135.2 -80.5 2412.8 0.9761499166 -0.0254933015 0.2155954689 -0.0563687086 0.9292596579 0.3651013970 -0.2096518129 -0.3685465455 0.9056597352
139.4 -265.6 2485.3 0.9762306809 -0.0209475644 0.2157194763 -0.0596025847 0.9309946299 0.3601340950 -0.2083775997 -0.3644313812 0.9076169729
-2.2 -72.1 2442.1 -0.2891877294 -0.8045669198 0.5186930895 0.9288569093 -0.3668809533 -0.0512177236 0.2315067053 0.4669801295 0.8534249663
91.1 -371.6 2367.5 0.3100677431 -0.8045669198 0.5064879656 0.4111296237 -0.3668809533 -0.8344883323 0.8572224975 0.4669801295 0.2170233428
272.6 -88.9 2383.5 0.0377192907 0.6930739880 0.7198789716 -0.9723940492 0.1914638430 -0.1333843619 -0.2302760333 -0.6949748397 0.6811628938
281.4 -315.5 2329.8 -0.5546071529 0.6930739880 0.4604990184 -0.4742429852 0.1914638430 -0.8593224883 -0.6837430000 -0.6949748397 0.2224982530
54.0 -445.2 2576.8 0.8498650193 0.5269611478 0.0064301975 0.0585709624 -0.0823212788 -0.9948832393 -0.5237355232 0.8458930850 -0.1008265987
-168.0 -410.5 2220.4 0.8498650193 -0.0878155231 0.5196324587 0.0585709624 0.9956495166 0.0724667460 -0.5237355232 -0.0311515834 0.8513111472
231.4 -458.7 2537.1 0.9854357243 -0.0786401778 0.1507718265 0.1370994896 -0.1571074426 -0.9780188799 0.1005989611 0.9844455123 -0.1440377682
266.2 -389.1 2100.5 0.9854357243 -0.1409131289 -0.0951835513 0.1370994896 0.9895110130 -0.0455158576 0.1005989611 0.0318033360 0.9944186211
10.4 -478.5 2144.6 0 0 0 0 0 0 0 0 0
137.2 -438.8 2152.1 0 0 0 0 0 0 0 0 0
-134.5 -791.1 2232.4 0 0 0 0 0 0 0 0 0
320.1 -767.3 2088.3 0 0 0 0 0 0 0 0 0
131.9 106.7 2340.1 3 0.9744223952 -0.0150779942 0.2242178768 -0.0680762529 0.9310589433 0.3584617376 -0.2141649425 -0.3645570576 0.9062182307
135.0 -80.9 2413.6 0.9744223952 -0.0150779942 0.2242178768 -0.0680762529 0.9310589433 0.3584617376 -0.2141649425 -0.3645570576 0.9062182307
137.4 -266.2 2485.4 0.9744522572 -0.0120831504 0.2242693454 -0.0701270550 0.9322587252 0.3549307883 -0.2133657336 -0.3615904450 0.9075943232
-2.2 -71.0 2443.6 -0.2809325755 -0.8158399463 0.5054523349 0.9308087230 -0.3599294722 -0.0636070669 0.2338203788 0.4526101649 0.8605068326
87.1 -366.9 2369.3 0.2722074687 -0.8158399463 0.5102041364 0.4515219033 -0.3599294722 -0.8164427280 0.8497241139 0.4526101649 0.2703941166
272.1 -90.8 2383.5 0.0446971133 0.6816293597 0.7303311825 -0.9694089890 0.2062101066 -0.1331301183 -0.2413470745 -0.7020390630 0.6699945927
282.4 -315.1 2327.7 -0.5572355986 0.6816293597 0.4742045105 -0.4755220413 0.2062101066 -0.8551936150 -0.6807108521 -0.7020390630 0.2092221528
50.4 -445.1 2576.9 0.8479220271 0.5300931334 -0.0054340535 0.0504189692 -0.0908444077 -0.9945879579 -0.5277178884 0.8430590630 -0.1037557200
-173.0 -406.8 2221.7 0.8479220271 -0.0765589997 0.5245636106 0.0504189692 0.9966777563 0.0639642030 -0.5277178884 -0.0277887005 0.8489649892
228.3 -459.3 2537.0 0.9864637852 -0.0790739805 0.1436541229 0.1297506094 -0.1592874825 -0.9786686301 0.1002695262 0.9840603471 -0.1468714327
263.4 -388.7 2100.6 0.9864637852 -0.1348740458 -0.0932641029 0.1297506094 0.9897897243 -0.0590007976 0.1002695262 0.0461010747 0.9938917160
16.4 -484.1 2148.6 0 0 0 0 0 0 0 0 0
137.6 -438.7 2150.7 0 0 0 0 0 0 0 0 0
-143.7 -787.9 2232.3 0 0 0 0 0 0 0 0 0
314.9 -767.0 2083.0 0 0 0 0 0 0 0 0 0
130.9 109.2 2332.9 4 0.9811360240 -0.0215149056 0.1921176165 -0.0543594621 0.9229860306 0.3809748888 -0.1855185032 -0.3842315972 0.9044052958
135.2 -77.3 2410.6 0.9811360240 -0.0215149056 0.1921176165 -0.0543594621 0.9229860306 0.3809748888 -0.1855185032 -0.3842315972 0.9044052958
138.4 -261.3 2485.7 0.9812083840 -0.0162384287 0.1922664344 -0.0579029731 0.9257456660 0.3736873567 -0.1840579063 -0.3777979910 0.9074091315
-2.8 -69.2 2436.5 -0.2809590697 -0.8101122975 0.5145679116 0.9360892773 -0.3495680988 -0.0392302684 0.2116574496 0.4706593752 0.8565517068
87.5 -370.0 2368.5 0.2987448573 -0.8101122975 0.5044498444 0.4446162581 -0.3495680988 -0.8246929646 0.8444334865 0.4706593752 0.2557573915
273.2 -85.4 2384.7 0.0334809236 0.6896252632 0.7233920097 -0.9691716433 0.1991815716 -0.1450276971 -0.2441011369 -0.6962353587 0.6750340462
281.2 -315.9 2326.7 -0.5558229685 0.6896252632 0.4641959369 -0.4706968367 0.1991815716 -0.8595179915 -0.6852045655 -0.6962353587 0.2138947397
48.5 -445.1 2577.0 0.8662766218 0.4994513094 0.0106387204 0.0633256435 -0.0886615813 -0.9940467477 -0.4955347180 0.8617932200 -0.1084335372
-161.8 -407.7 2213.9 0.8662766218 -0.0867474675 0.4919752777 0.0633256435 0.9959320426 0.0641029254 -0.4955347180 -0.0243762136 0.8682460189
226.8 -459.6 2537.0 0.9824871421 -0.0891733319 0.1636068076 0.1477488726 -0.1621576250 -0.9756408930 0.1135312393 0.9827273488 -0.1461425126
266.4 -387.4 2099.7 0.9824871421 -0.1525944918 -0.1069298536 0.1477488726 0.9876618385 -0.0519068912 0.1135312393 0.0351990871 0.9929106832
9.9 -485.6 2149.1 0 0 0 0 0 0 0 0 0
136.7 -438.3 2148.5 0 0 0 0 0 0 0 0 0
-128.7 -788.5 2223.3 0 0 0 0 0 0 0 0 0
324.8 -764.9 2086.3 0 0 0 0 0 0 0 0 0
130.9 109.5 2328.9 5 0.9817869663 -0.0242865458 0.1884265244 -0.0525551178 0.9183747172 0.3922063708 -0.1825714856 -0.3949658573 0.9003719091
135.8 -76.3 2408.8 0.9817869663 -0.0242865458 0.1884265244 -0.0525551178 0.9183747172 0.3922063708 -0.1825714856 -0.3949658573 0.9003719091
139.6 -259.6 2485.6 0.9818498492 -0.0195778199 0.1886467040 -0.0551944971 0.9221112132 0.3829679191 -0.1814509183 -0.3864292502 0.9042941928
-2.4 -68.5 2434.3 -0.2983313501 -0.8263810873 0.4775905013 0.9393114448 -0.3429993093 -0.0067465822 0.1693884581 0.4465934932 0.8785566688
91.9 -365.3 2380.8 0.3001800478 -0.8263810873 0.4764307141 0.4026732147 -0.3429993093 -0.8486493826 0.8647232056 0.4465934932 0.2297999859
273.9 -84.0 2383.2 0.0363753662 0.6979830861 0.7151898146 -0.9726770520 0.1889350712 -0.1349180341 -0.2292949408 -0.6907410026 0.6857847571
282.5 -312.5 2329.4 -0.5507522225 0.6979830861 0.4577024877 -0.4748731554 0.1889350712 -0.8595342040 -0.6864163876 -0.6907410026 0.2273970246
51.9 -440.3 2578.7 0.8660779595 0.4995482862 0.0189875066 0.0658443347 -0.0763400793 -0.9949053526 -0.4955537617 0.8629158139 -0.0990088880
-159.5 -408.0 2213.5 0.8660779595 -0.0885036141 0.4920123219 0.0658443347 0.9958248138 0.0632255822 -0.4955537617 -0.0223620590 0.8682893515
230.3 -451.4 2543.5 0.9829531312 -0.0896987841 0.1604907215 0.1466628462 -0.1438656300 -0.9786688089 0.1108745039 0.9855236411 -0.1282576919
271.1 -386.1 2096.3 0.9829531312 -0.1497855484 -0.1066181809 0.1466628462 0.9885093570 -0.0365951955 0.1108745039 0.0203344375 0.9936263561
13.9 -469.9 2156.1 0 0 0 0 0 0 0 0 0
139.3 -435.9 2150.9 0 0 0 0 0 0 0 0 0
-125.7 -788.7 2222.1 0 0 0 0 0 0 0 0 0
328.3 -763.9 2088.5 0 0 0 0 0 0 0 0 0
130.7 108.5 2326.3 6 0.9804104567 -0.0268873889 0.1951215565 -0.0534704626 0.9171048403 0.3950437605 -0.1895686239 -0.3977382779 0.8977015018
136.2 -77.0 2406.8 0.9804104567 -0.0268873889 0.1951215565 -0.0534704626 0.9171048403 0.3950437605 -0.1895686239 -0.3977382779 0.8977015018
140.7 -259.8 2484.8 0.9804835916 -0.0227570999 0.1952795237 -0.0561752990 0.9194389582 0.3891996443 -0.1884046644 -0.3925737441 0.9002164006
-1.8 -69.1 2433.3 -0.3207910359 -0.7947217822 0.5152770281 0.9311524034 -0.3641852140 0.0180086531 0.1733444035 0.4855784476 0.8568344712
99.0 -361.6 2378.9 0.3265610337 -0.7947217822 0.5116397142 0.4178033769 -0.3641852140 -0.8323517442 0.8478196859 0.4855784476 0.2131087482
274.2 -84.9 2380.3 0.0346809998 0.6966595054 0.7165631652 -0.9758666158 0.1782802343 -0.1260971725 -0.2155958414 -0.6948969364 0.6860296726
282.2 -310.4 2330.5 -0.5509126782 0.6966595054 0.4595223665 -0.4874951839 0.1782802343 -0.8547307253 -0.6773800254 -0.6948969364 0.2414012998
53.6 -437.9 2579.5 0.8671027422 0.4964073896 0.0413833708 0.0849491432 -0.0655007213 -0.9942300320 -0.4908324778 0.8656150103 -0.0989652351
-157.3 -410.1 2211.8 0.8671027422 -0.0998546854 0.4880183637 0.0849491432 0.9949931502 0.0526519194 -0.4908324778 -0.0041978802 0.8712438345
233.6 -449.5 2544.5 0.9844759107 -0.0801954418 0.1561277807 0.1444581896 -0.1350354403 -0.9802536964 0.0996946618 0.9875900745 -0.1213542446
270.2 -387.8 2093.0 0.9844759107 -0.1463554800 -0.0968879312 0.1444581896 0.9891598821 -0.0263537131 0.0996946618 0.0119483406 0.9949463606
14.1 -470.2 2158.4 0 0 0 0 0 0 0 0 0
139.0 -437.1 2154.4 0 0 0 0 0 0 0 0 0
-119.1 -790.4 2213.4 0 0 0 0 0 0 0 0 0
326.2 -765.9 2088.5 0 0 0 0 0 0 0 0 0
130.8 106.5 2332.6 7 0.9728984237 -0.0284520462 0.2294757515 -0.0613393150 0.9250916839 0.3747571111 -0.2229487151 -0.3786765039 0.8982750177
136.5 -80.5 2409.1 0.9728984237 -0.0284520462 0.2294757515 -0.0613393150 0.9250916839 0.3747571111 -0.2229487151 -0.3786765039 0.8982750177
141.8 -264.5 2484.2 0.9729418755 -0.0266624428 0.2295064032 -0.0627985373 0.9254099727 0.3737282157 -0.2223520130 -0.3780285120 0.8986957669
-0.3 -71.7 2440.4 -0.3361089230 -0.7855046391 0.5196280479 0.9227972031 -0.3849978447 0.0149005856 0.1883511990 0.4845195115 0.8542626500
103.2 -356.0 2382.4 0.3228266835 -0.7855046391 0.5279824138 0.4130457640 -0.3849978447 -0.8253301382 0.8515727520 0.4845195115 0.2001617700
273.4 -89.3 2377.8 0.0360368639 0.7066629529 0.7066320181 -0.9775105715 0.1719437242 -0.1221000999 -0.2077845633 -0.6863401532 0.6969668269
281.5 -310.3 2330.8 -0.5441316366 0.7066629529 0.4522700906 -0.4879790843 0.1719437242 -0.8557521701 -0.6824933290 -0.6863401532 0.2512767315
57.0 -442.9 2579.5 0.8526660800 0.5211046338 0.0375560485 0.0942683220 -0.0827472359 -0.9921020269 -0.5138813257 0.8494721055 -0.1196794212
-165.2 -407.7 2217.4 0.8526660800 -0.0943288580 0.5138701797 0.0942683220 0.9952002764 0.0262648091 -0.5138813257 0.0260465685 0.8574658036
235.4 -455.0 2538.4 0.9890452027 -0.0471516550 0.1398794204 0.1315444559 -0.1484089941 -0.9801381826 0.0669744983 0.9878013134 -0.1405806690
257.0 -387.0 2085.5 0.9890452027 -0.1337653100 -0.0624209009 0.1315444559 0.9905645251 -0.0384447165 0.0669744983 0.0298124384 0.9973092079
19.3 -463.4 2160.9 0 0 0 0 0 0 0 0 0
140.1 -437.2 2153.4 0 0 0 0 0 0 0 0 0
-129.1 -787.9 2207.4 0 0 0 0 0 0 0 0 0
308.2 -765.6 2074.1 0 0 0 0 0 0 0 0 0
130.4 106.7 2329.7 8 0.9749900699 -0.0309546143 0.2200822979 -0.0579299927 0.9206265211 0.3861228824 -0.2145658880 -0.3892153203 0.8958085179
136.7 -79.8 2408.5 0.9749900699 -0.0309546143 0.2200822979 -0.0579299927 0.9206265211 0.3861228824 -0.2145658880 -0.3892153203 0.8958085179
142.1 -263.2 2484.9 0.9750548601 -0.0274820048 0.2202560008 -0.0599753186 0.9227750301 0.3806431293 -0.2137075812 -0.3843578696 0.8981080651
-0.5 -71.4 2438.6 -0.3372630775 -0.7702662349 0.5412425995 0.9208328128 -0.3894684017 0.0195265096 0.1957562715 0.5049794912 0.8406397700
104.0 -356.8 2377.9 0.3328905702 -0.7702662349 0.5439428091 0.4298475981 -0.3894684017 -0.8145829439 0.8392943144 0.5049794912 0.2014467418
273.8 -88.2 2378.5 0.0268204156 0.7017974854 0.7118714452 -0.9757914543 0.1730046868 -0.1337925941 -0.2170524150 -0.6910496354 0.6894480586
280.1 -314.7 2328.1 -0.5509260297 0.7017974854 0.4516201317 -0.4831747711 0.1730046868 -0.8582607508 -0.6804576516 -0.6910496354 0.2437780648
58.6 -445.4 2579.4 0.8574634194 0.5129742622 0.0401738919 0.0950399414 -0.0811626911 -0.9921592474 -0.5056915283 0.8545584083 -0.1183470786
-159.7 -410.9 2215.7 0.8574634194 -0.1029519215 0.5041402578 0.0950399414 0.9946095347 0.0414640382 -0.5056915283 0.0123595679 0.8626258373
236.6 -452.6 2541.4 0.9880108833 -0.0544331931 0.1444697678 0.1355939209 -0.1414687335 -0.9806125164 0.0738158226 0.9884450436 -0.1323918402
261.6 -387.6 2087.3 0.9880108833 -0.1375120580 -0.0701777637 0.1355939209 0.9902660251 -0.0314239077 0.0738158226 0.0215314832 0.9970394373
17.5 -468.6 2159.7 0 0 0 0 0 0 0 0 0
136.9 -440.3 2151.2 0 0 0 0 0 0 0 0 0
-120.3 -791.0 2211.0 0 0 0 0 0 0 0 0 0
314.1 -766.1 2079.0 0 0 0 0 0 0 0 0 0
131.1 109.7 2328.2 9 0.9793633819 -0.0276944302 0.2002008855 -0.0531149581 0.9204788208 0.3871660233 -0.1950030178 -0.3898098767 0.9000122547
136.7 -77.1 2407.3 0.9793633819 -0.0276944302 0.2002008855 -0.0531149581 0.9204788208 0.3871660233 -0.1950030178 -0.3898098767 0.9000122547
141.5 -260.6 2483.7 0.9794297218 -0.0238386635 0.2003725767 -0.0554876029 0.9228983521 0.3810245693 -0.1940066367 -0.3843049705 0.9025913477
-1.0 -69.3 2434.6 -0.3274862766 -0.7748397589 0.5407181382 0.9254473448 -0.3784387708 0.0182015691 0.1905253977 0.5063669086 0.8410069346
101.3 -358.5 2375.1 0.3229002953 -0.7748397589 0.5434691906 0.4517027438 -0.3784387708 -0.8079286814 0.8316850662 0.5063669086 0.2277992517
274.5 -84.9 2380.0 0.0243045110 0.7006729841 0.7130684853 -0.9739281535 0.1775237471 -0.1412420273 -0.2255510688 -0.6910446286 0.6867197752
280.3 -314.5 2326.8 -0.5496914387 0.7006729841 0.4548589885 -0.4831555784 0.1775237471 -0.8573482633 -0.6814690232 -0.6910446286 0.2409507781
58.5 -442.6 2580.8 0.8644557595 0.5010447502 0.0408708528 0.0912834927 -0.0765013546 -0.9928820729 -0.4943516552 0.8620334864 -0.1118691489
-157.4 -409.6 2209.3 0.8644557595 -0.1084492058 0.4908716977 0.0912834927 0.9940834045 0.0588687770 -0.4943516552 -0.0060809734 0.8692407608
235.8 -449.4 2542.2 0.9857854843 -0.0735122263 0.1510727406 0.1395827085 -0.1421078891 -0.9799602032 0.0935076848 0.9871176481 -0.1298268586
269.6 -384.0 2088.2 0.9857854843 -0.1419383585 -0.0898917243 0.1395827085 0.9896931052 -0.0320030674 0.0935076848 0.0190008301 0.9954372048
17.3 -475.9 2158.8 0 0 0 0 0 0 0 0 0
137.4 -440.1 2149.7 0 0 0 0 0 0 0 0 0
-115.9 -789.5 2211.7 0 0 0 0 0 0 0 0 0
323.9 -762.3 2080.9 0 0 0 0 0 0 0 0 0
131.0 110.1 2326.0 0 0.9785445333 -0.0278555714 0.2041437328 -0.0554167368 0.9187227488 0.3909955621 -0.1984428912 -0.3939195275 0.8974674344
136.6 -76.4 2405.9 0.9785445333 -0.0278555714 0.2041437328 -0.0554167368 0.9187227488 0.3909955621 -0.1984428912 -0.3939195275 0.8974674344
141.4 -259.4 2483.3 0.9786061049 -0.0243952107 0.2042913884 -0.0575843230 0.9207846522 0.3857975006 -0.1975199729 -0.3893077672 0.8996806741
-1.1 -68.3 2433.7 -0.3156055510 -0.7864423990 0.5309439301 0.9286021590 -0.3710694909 0.0023490661 0.1951696873 0.4937770665 0.8474037051
99.1 -363.0 2371.8 0.3244676888 -0.7864423990 0.5255749822 0.4320459962 -0.3710694909 -0.8219754696 0.8414611816 0.4937770665 0.2193792462
274.3 -84.5 2378.2 0.0297916941 0.7018361688 0.7117151022 -0.9777415395 0.1684069335 -0.1251420677 -0.2076869905 -0.6921452880 0.6912315488
281.2 -310.7 2330.1 -0.5418189168 0.7018361688 0.4624480307 -0.5045887828 0.1684069335 -0.8467758298 -0.6721773744 -0.6921452880 0.2628925741
57.6 -439.0 2580.3 0.8608587384 0.5074317455 0.0378851742 0.0839210674 -0.0681491494 -0.9941393137 -0.5018759966 0.8589928150 -0.1012510061
-160.3 -409.7 2211.4 0.8608587384 -0.1082883775 0.4971880019 0.0839210674 0.9939273596 0.0711734742 -0.5018759966 -0.0195457563 0.8647186756
235.5 -447.7 2542.5 0.9846884608 -0.0817963257 0.1539416462 0.1417988539 -0.1378308982 -0.9802528620 0.1013990045 0.9870724678 -0.1241218746
273.2 -384.1 2087.0 0.9846884608 -0.1425105333 -0.1003962979 0.1417988539 0.9897932410 -0.0142264627 0.1013990045 -0.0002274458 0.9948458076
14.7 -475.3 2153.0 0 0 0 0 0 0 0 0 0
140.4 -441.8 2155.4 0 0 0 0 0 0 0 0 0
-118.9 -789.6 2218.9 0 0 0 0 0 0 0 0 0
327.7 -762.5 2087.1 0 0 0 0 0 0 0 0 0
130.7 108.6 2324.9 1 0.9754601121 -0.0290325079 0.2182537466 -0.0613557585 0.9161587954 0.3960916400 -0.2114546150 -0.3997626901 0.8918949962
136.6 -76.8 2405.8 0.9754601121 -0.0290325079 0.2182537466 -0.0613557585 0.9161587954 0.3960916400 -0.2114546150 -0.3997626901 0.8918949962
141.4 -259.6 2484.0 0.9755387902 -0.0244223420 0.2184664309 -0.0640578419 0.9190971255 0.3887892962 -0.2102870196 -0.3932735324 0.8950504661
-0.7 -67.8 2435.4 -0.3242001534 -0.8009784818 0.5033167601 0.9293417931 -0.3690471947 0.0113127409 0.1766863763 0.4714209139 0.8640279174
101.1 -359.5 2380.0 0.3227288723 -0.8009784818 0.5042614341 0.3970641494 -0.3690471947 -0.8403238654 0.8591775894 0.4714209139 0.1989376396
273.9 -85.9 2376.2 0.0324143246 0.7148166895 0.6985602379 -0.9803307056 0.1588784158 -0.1170867831 -0.1946817338 -0.6810247898 0.7059066892
281.3 -309.9 2331.8 -0.5380899310 0.7148166895 0.4466501176 -0.4970369041 0.1588784158 -0.8530603647 -0.6807448268 -0.6810247898 0.2697993815
57.3 -437.3 2582.2 0.8536194563 0.5200207829 0.0302021652 0.0748253688 -0.0650339574 -0.9950737357 -0.5154948235 0.8516741991 -0.0944250003
-165.5 -409.4 2217.2 0.8536194563 -0.1034545377 0.5105202794 0.0748253688 0.9942678809 0.0763713643 -0.5154948235 -0.0269922223 0.8564674258
235.8 -447.0 2542.7 0.9840351343 -0.0828558058 0.1575109959 0.1453336775 -0.1367397606 -0.9798879623 0.1027274206 0.9871358275 -0.1225149930
273.3 -385.1 2095.4 0.9840351343 -0.1483282596 -0.0983540937 0.1453336775 0.9886912704 -0.0369827673 0.1027274206 0.0220981836 0.9944640398
16.6 -463.5 2155.0 0 0 0 0 0 0 0 0 0
141.4 -439.0 2154.8 0 0 0 0 0 0 0 0 0
-126.0 -789.5 2227.5 0 0 0 0 0 0 0 0 0
330.0 -762.9 2087.0 0 0 0 0 0 0 0 0 0
130.9 105.5 2324.8 2 0.9756678343 -0.0277344789 0.2174928188 -0.0630334541 0.9146087170 0.3993966877 -0.2099978775 -0.4033878148 0.8906060457
136.5 -79.8 2406.5 0.9756678343 -0.0277344789 0.2174928188 -0.0630334541 0.9146087170 0.3993966877 -0.2099978775 -0.4033878148 0.8906060457
141.1 -262.2 2485.4 0.9757369757 -0.0233222041 0.2177002132 -0.0655163974 0.9176491499 0.3919535577 -0.2089136392 -0.3967065215 0.8938562870
-0.8 -70.5 2435.9 -0.3331680894 -0.7738348842 0.5386822820 0.9244961143 -0.3803434670 0.0254130624 0.1852187663 0.5064764619 0.8421256542
103.0 -358.6 2378.2 0.3326451480 -0.7738348842 0.5390053391 0.4364340305 -0.3803434670 -0.8153920770 0.8359859586 0.5064764619 0.2112084627
273.8 -89.0 2377.1 0.0302147772 0.7162915468 0.6971467137 -0.9786565304 0.1630380303 -0.1250997335 -0.2032693028 -0.6784873009 0.7059295774
280.7 -310.9 2331.1 -0.5383386016 0.7162915468 0.4439797699 -0.4895317852 0.1630380303 -0.8566079736 -0.6859666109 -0.6784873009 0.2628778219
56.5 -439.1 2583.8 0.8538075089 0.5197677016 0.0292280354 0.0713134259 -0.0611603446 -0.9955770969 -0.5156812668 0.8521155715 -0.0892855749
-166.1 -412.9 2218.9 0.8538075089 -0.1028920189 0.5103194714 0.0713134259 0.9941490889 0.0811296999 -0.5156812668 -0.0328765176 0.8561494946
235.3 -450.1 2545.0 0.9824393392 -0.0913456455 0.1626928449 0.1493782103 -0.1374071538 -0.9791861176 0.1117995456 0.9862936735 -0.1213491410
276.3 -388.4 2102.0 0.9824393392 -0.1536597610 -0.1058379114 0.1493782103 0.9876478910 -0.0473055430 0.1117995456 0.0306649506 0.9932575226
15.6 -473.2 2158.7 0 0 0 0 0 0 0 0 0
140.7 -438.1 2152.7 0 0 0 0 0 0 0 0 0
-126.8 -792.9 2231.4 0 0 0 0 0 0 0 0 0
335.0 -765.9 2090.2 0 0 0 0 0 0 0 0 0
130.0 108.2 2323.8 3 0.9740163684 -0.0301560052 0.2244609147 -0.0648671091 0.9124274254 0.4040649533 -0.2169892788 -0.4081260264 0.8867630959
136.1 -76.8 2406.6 0.9740163684 -0.0301560052 0.2244609147 -0.0648671091 0.9124274254 0.4040649533 -0.2169892788 -0.4081260264 0.8867630959
141.4 -259.4 2485.1 0.9740331173 -0.0262406133 0.2248797268 -0.0654107705 0.9182890654 0.3904697001 -0.2167507708 -0.3950399756 0.8927275538
-0.9 -67.6 2437.1 -0.3332979679 -0.7544267774 0.5654667616 0.9224629402 -0.3849030733 0.0301942267 0.1948705763 0.5316858292 0.8242182136
102.7 -354.6 2376.5 0.3353722990 -0.7544267774 0.5642390251 0.4702719748 -0.3849030733 -0.7941623926 0.8163146973 0.5316858292 0.2256999463
273.2 -86.0 2376.1 0.0282699764 0.7157638669 0.6977699399 -0.9784179926 0.1627563536 -0.1273131073 -0.2046926171 -0.6791115403 0.7049173713
279.8 -314.4 2328.3 -0.5440102816 0.7157638669 0.4378754199 -0.4798037708 0.1627563536 -0.8621477485 -0.6883612275 -0.6791115403 0.2548850775
56.1 -440.0 2584.6 0.8656910658 0.4995366335 0.0322813839 0.0768217891 -0.0688533857 -0.9946645498 -0.4946486950 0.8635521531 -0.0979810581
-159.8 -410.2 2211.3 0.8656910658 -0.1011800021 0.4902464151 0.0768217891 0.9946112037 0.0696197525 -0.4946486950 -0.0226075929 0.8687989116
235.0 -451.6 2546.2 0.9821387529 -0.0869308487 0.1668728292 0.1534844339 -0.1428712308 -0.9777680635 0.1088395342 0.9859162569 -0.1269768327
274.1 -387.4 2103.4 0.9821387529 -0.1584076732 -0.1015407443 0.1534844339 0.9866392016 -0.0546403900 0.1088395342 0.0380795188 0.9933297038
14.5 -478.3 2161.7 0 0 0 0 0 0 0 0 0
138.4 -439.1 2149.3 0 0 0 0 0 0 0 0 0
-121.2 -790.4 2220.0 0 0 0 0 0 0 0 0 0
334.6 -764.6 2088.8 0 0 0 0 0 0 0 0 0
131.4 107.1 2325.3 4 0.9746982455 -0.0281728655 0.2217423320 -0.0638604388 0.9155796766 0.3970336020 -0.2142083496 -0.4011485279 0.8906147480
137.1 -78.5 2406.6 0.9746982455 -0.0281728655 0.2217423320 -0.0638604388 0.9155796766 0.3970336020 -0.2142083496 -0.4011485279 0.8906147480
142.0 -261.2 2484.6 0.9747306705 -0.0247383527 0.2220093757 -0.0649852306 0.9194616079 0.3877721727 -0.2137219459 -0.3924007714 0.8946197629
-0.1 -69.3 2436.7 -0.3362925351 -0.7845285535 0.5209820271 0.9244761467 -0.3804982305 0.0237679705 0.1795860827 0.4896284342 0.8532366753
103.4 -353.9 2381.4 0.3191869259 -0.7845285535 0.5316339135 0.4291694164 -0.3804982305 -0.8191670775 0.8449457288 0.4896284342 0.2152456194
274.3 -87.6 2376.5 0.0291479062 0.7172345519 0.6962218881 -0.9788300991 0.1616471112 -0.1255462468 -0.2025883645 -0.6778235435 0.7067624927
281.0 -313.3 2329.8 -0.5430170298 0.7172345519 0.4367001653 -0.4799445570 0.1616471112 -0.8622780442 -0.6890469790 -0.6778235435 0.2564556897
57.0 -440.1 2582.7 0.8728743792 0.4864577055 0.0380679034 0.0800919607 -0.0658794791 -0.9946080446 -0.4813268483 0.8712168336 -0.0964658633
-154.1 -411.5 2204.7 0.8728743792 -0.1001302004 0.4775606990 0.0800919607 0.9948449731 0.0621990189 -0.4813268483 -0.0160431601 0.8763943315
235.8 -448.4 2544.3 0.9828944206 -0.0872597694 0.1621861160 0.1493396461 -0.1377353817 -0.9791458845 0.1077788100 0.9866178036 -0.1223479956
274.6 -387.1 2105.4 0.9828944206 -0.1546102762 -0.1000712961 0.1493396461 0.9870705009 -0.0582198501 0.1077788100 0.0422793515 0.9932754636
19.3 -467.0 2158.7 0 0 0 0 0 0 0 0 0
139.9 -438.1 2150.7 0 0 0 0 0 0 0 0 0
-115.8 -791.8 2210.9 0 0 0 0 0 0 0 0 0
333.7 -764.5 2089.2 0 0 0 0 0 0 0 0 0
131.0 107.0 2325.0 5 0.9762835503 -0.0277252402 0.2147131115 -0.0611496754 0.9160686731 0.3963318467 -0.2076803595 -0.4000619054 0.8926473856
136.7 -78.7 2406.1 0.9762835503 -0.0277252402 0.2147131115 -0.0611496754 0.9160686731 0.3963318467 -0.2076803595 -0.4000619054 0.8926473856
141.5 -261.3 2484.5 0.9763268232 -0.0246111955 0.2148958147 -0.0626666397 0.9187109470 0.3899270892 -0.2070236951 -0.3941630721 0.8954198360
-0.8 -69.9 2435.3 -0.3335304856 -0.7710642815 0.5424180031 0.9240894318 -0.3812756240 0.0262232665 0.1865909398 0.5099890232 0.8396993876
103.0 -357.3 2377.2 0.3363613486 -0.7710642815 0.5406671166 0.4361666739 -0.3812756240 -0.8150997162 0.8346374631 0.5099890232 0.2080661654
274.1 -87.5 2377.0 0.0269065015 0.7229349017 0.6903920770 -0.9791146517 0.1582881808 -0.1275905371 -0.2015205622 -0.6725399494 0.7120951414
