130.8 112.7 2338.6 2 0.9718887210 -0.0180752967 0.2347458601 -0.0669439584 0.9346802235 0.3491294682 -0.2257229239 -0.3550297916 0.9071951509
134.4 -76.4 2410.5 0.9718887210 -0.0180752967 0.2347458601 -0.0669439584 0.9346802235 0.3491294682 -0.2257229239 -0.3550297916 0.9071951509
136.6 -262.7 2479.9 0.9719706178 -0.0106320092 0.2348617762 -0.0722852349 0.9370719194 0.3415714800 -0.2237139642 -0.3489744663 0.9100378156
-2.3 -66.3 2442.0 -0.2802548110 -0.8343073130 0.4747510552 0.9385945797 -0.3418495059 -0.0466810875 0.2012397796 0.4325161874 0.8788812757
88.5 -370.4 2376.8 0.2856093645 -0.8343073130 0.4715491533 0.4030341208 -0.3418495059 -0.8489419222 0.8694773316 0.4325161874 0.2386188805
271.2 -86.6 2379.0 0.0405443050 0.7033841610 0.7096526027 -0.9755467772 0.1814182550 -0.1240802407 -0.2160200179 -0.6872685552 0.6935396791
280.7 -314.9 2328.5 -0.5434901714 0.7033841610 0.4581147730 -0.4858872890 0.1814182550 -0.8549859524 -0.6844939590 -0.6872685552 0.2431664020
48.7 -440.5 2568.2 0.8736889958 0.4832572639 0.0559458211 0.1004663557 -0.0667115822 -0.9927014112 -0.4759979248 0.8729329705 -0.1068362743
-152.0 -412.8 2205.7 0.8736889958 -0.1143245101 0.4728609025 0.1004663557 0.9934434295 0.0545585081 -0.4759979248 -0.0001605554 0.8794463873
226.5 -454.7 2526.0 0.9809003472 -0.1088926867 0.1611733139 0.1406834424 -0.1750375777 -0.9744588137 0.1343228221 0.9785214663 -0.1563750207
272.5 -380.8 2113.2 0.9809003472 -0.1530019343 -0.1201035455 0.1406834424 0.9844564199 -0.1051367298 0.1343228221 0.0862320736 0.9871785045
12.5 -477.6 2145.4 0 0 0 0 0 0 0 0 0
139.5 -441.2 2150.6 0 0 0 0 0 0 0 0 0
-108.4 -792.5 2205.8 0 0 0 0 0 0 0 0 0
330.9 -757.1 2080.3 0 0 0 0 0 0 0 0 0
131.0 111.4 2339.2 3 0.9706076384 -0.0200921912 0.2398273051 -0.0655063391 0.9368298054 0.3435968757 -0.2315809876 -0.3492079675 0.9079779983
135.1 -77.6 2409.7 0.9706076384 -0.0200921912 0.2398273051 -0.0655063391 0.9368298054 0.3435968757 -0.2315809876 -0.3492079675 0.9079779983
137.9 -264.2 2478.2 0.9706824422 -0.0143659106 0.2399358302 -0.0695789382 0.9386819601 0.3376906216 -0.2300746590 -0.3444848359 0.9101625681
-1.5 -67.8 2442.1 -0.3207589686 -0.7718313336 0.5489900112 0.9271746278 -0.3743096292 0.0154751195 0.1935480833 0.5139734149 0.8356856108
100.6 -363.1 2380.4 0.3320401311 -0.7718313336 0.5422413945 0.4520916641 -0.3743096292 -0.8096328974 0.8278661966 0.5139734149 0.2246526927
271.7 -87.4 2377.3 0.0417415425 0.6977931857 0.7150820494 -0.9777923226 0.1756477952 -0.1143243238 -0.2053773254 -0.6944296360 0.6896286011
281.4 -314.1 2329.7 -0.5483908653 0.6977931857 0.4608168304 -0.4926884174 0.1756477952 -0.8522945642 -0.6756667495 -0.6944296360 0.2474709451
49.7 -441.8 2569.3 0.8764703274 0.4803906083 0.0320095345 0.0759871006 -0.0723736808 -0.9944787621 -0.4754216075 0.8740634322 -0.0999368727
-153.4 -411.2 2199.8 0.8764703274 -0.1093029603 0.4688844383 0.0759871006 0.9930874109 0.0894611925 -0.4754216075 -0.0427809134 0.8787173033
229.2 -456.7 2524.2 0.9828184843 -0.0929746255 0.1594477594 0.1406844854 -0.1818619817 -0.9732081294 0.1194811463 0.9789187312 -0.1656572223
269.0 -378.9 2105.5 0.9828184843 -0.1513084024 -0.1057054177 0.1406844854 0.9848226905 -0.1016470194 0.1194811463 0.0850294605 0.9891886711
12.7 -482.8 2161.2 0 0 0 0 0 0 0 0 0
138.8 -442.2 2154.1 0 0 0 0 0 0 0 0 0
-111.6 -790.5 2216.1 0 0 0 0 0 0 0 0 0
326.8 -755.4 2073.0 0 0 0 0 0 0 0 0 0
132.3 111.1 2339.5 4 0.9704788923 -0.0182009619 0.2404983640 -0.0667197853 0.9379761219 0.3402194083 -0.2317740470 -0.3462217450 0.9090716839
136.0 -77.8 2409.2 0.9704788923 -0.0182009619 0.2404983640 -0.0667197853 0.9379761219 0.3402194083 -0.2317740470 -0.3462217450 0.9090716839
138.5 -264.4 2477.6 0.9705533385 -0.0126866205 0.2405520827 -0.0712425411 0.9388216138 0.3369547129 -0.2301103175 -0.3441700637 0.9102725983
-0.6 -67.7 2441.6 -0.3094817102 -0.7654698491 0.5641604066 0.9266757965 -0.3758581579 -0.0016287677 0.2132910490 0.5222896934 0.8256636262
100.0 -369.1 2372.2 0.3366869092 -0.7654698491 0.5483591557 0.4577517509 -0.3758581579 -0.8057257533 0.8228640556 0.5222896934 0.2238486409
272.5 -87.8 2376.8 0.0349036120 0.6961705089 0.7170274258 -0.9769626856 0.1749127209 -0.1222680509 -0.2105366290 -0.6962414384 0.6862376928
280.7 -315.0 2327.9 -0.5518313050 0.6961705089 0.4591610432 -0.4899439514 0.1749127209 -0.8540260196 -0.6748608351 -0.6962414384 0.2445622236
50.9 -443.2 2567.9 0.8765862584 0.4810237288 0.0145853842 0.0597717352 -0.0787511095 -0.9951007962 -0.4775184989 0.8731634617 -0.0977837592
-153.7 -409.7 2196.5 0.8765862584 -0.1038351879 0.4699093699 0.0597717352 0.9923759699 0.1077834666 -0.4775184989 -0.0663942099 0.8761095405
229.7 -457.3 2524.3 0.9836999774 -0.0887041241 0.1564158797 0.1382704675 -0.1829698533 -0.9733464718 0.1149592325 0.9791085720 -0.1677222848
267.9 -378.5 2102.5 0.9836999774 -0.1481134295 -0.1019644961 0.1382704675 0.9855666161 -0.0976712927 0.1149592325 0.0819805712 0.9899815917
10.8 -490.3 2154.2 0 0 0 0 0 0 0 0 0
137.2 -442.3 2152.4 0 0 0 0 0 0 0 0 0
-114.0 -788.8 2221.9 0 0 0 0 0 0 0 0 0
324.5 -755.3 2071.2 0 0 0 0 0 0 0 0 0
130.7 112.5 2340.6 5 0.9717802405 -0.0261670221 0.2344322801 -0.0562045760 0.9395202994 0.3378500044 -0.2290944159 -0.3414921165 0.9115365744
136.0 -76.8 2409.4 0.9717802405 -0.0261670221 0.2344322801 -0.0562045760 0.9395202994 0.3378500044 -0.2290944159 -0.3414921165 0.9115365744
139.9 -263.8 2476.7 0.9719063044 -0.0196768846 0.2345440388 -0.0613772310 0.9408329129 0.3332661092 -0.2272243798 -0.3382990956 0.9131937027
-0.8 -68.2 2441.4 -0.3112049997 -0.8006938100 0.5118992925 0.9305942059 -0.3659908175 -0.0067220707 0.1927327514 0.4742785394 0.8590191603
99.0 -366.7 2379.6 0.3243147731 -0.8006938100 0.5036956668 0.4008274674 -0.3659908175 -0.8398738503 0.8568297625 0.4742785394 0.2022438347
272.7 -85.5 2377.5 0.0329673849 0.7008485794 0.7125478387 -0.9769715071 0.1729716212 -0.1249301583 -0.2108076811 -0.6920202971 0.6904115081
280.5 -315.6 2327.8 -0.5516189337 0.7008485794 0.4522475004 -0.4836634099 0.1729716212 -0.8579921722 -0.6795485616 -0.6920202971 0.2435603738
51.5 -443.9 2567.2 0.8680751324 0.4953176081 0.0332569070 0.0825193822 -0.0779115781 -0.9935392737 -0.4895263910 0.8652111292 -0.1085064113
-155.3 -411.4 2205.9 0.8680751324 -0.1064966992 0.4848752320 0.0825193822 0.9940853715 0.0706032813 -0.4895263910 -0.0212773513 0.8717288375
232.8 -456.4 2522.8 0.9823876619 -0.0881109834 0.1647755951 0.1457630843 -0.1903673410 -0.9708312750 0.1169087887 0.9777508378 -0.1741711944
270.9 -374.1 2100.2 0.9823876619 -0.1562290490 -0.1025037840 0.1457630843 0.9839723706 -0.1027202979 0.1169087887 0.0859698802 0.9894147515
13.0 -472.9 2152.5 0 0 0 0 0 0 0 0 0
137.1 -441.3 2151.2 0 0 0 0 0 0 0 0 0
-114.7 -790.9 2214.0 0 0 0 0 0 0 0 0 0
330.6 -750.3 2067.3 0 0 0 0 0 0 0 0 0
129.1 111.5 2340.7 6 0.9701583982 -0.0244111884 0.2412401438 -0.0610292740 0.9383054972 0.3403795660 -0.2346660197 -0.3449447751 0.9088151455
134.0 -77.5 2410.2 0.9701583982 -0.0244111884 0.2412401438 -0.0610292740 0.9383054972 0.3403795660 -0.2346660197 -0.3449447751 0.9088151455
137.7 -264.6 2477.4 0.9702457786 -0.0184299387 0.2414195836 -0.0648639649 0.9408669472 0.3325086832 -0.2332718223 -0.3382745981 0.9116767645
-2.6 -68.4 2443.0 -0.3130482733 -0.7849545479 0.5346466899 0.9271816015 -0.3745464683 -0.0070127500 0.2057547271 0.4935192764 0.8450465798
98.7 -368.3 2376.5 0.3266946673 -0.7849545479 0.5264189839 0.4266005158 -0.3745464683 -0.8232417107 0.8433757424 0.4935192764 0.2124996930
270.5 -86.6 2377.4 0.0457195342 0.6981412768 0.7144987583 -0.9767970443 0.1810512245 -0.1144027635 -0.2092301697 -0.6926898360 0.6902199388
281.2 -314.9 2328.5 -0.5496483445 0.6981412768 0.4587869346 -0.4844371378 0.1810512245 -0.8558861613 -0.6805934310 -0.6926898360 0.2386910766
50.8 -445.0 2567.3 0.8563693166 0.5153927803 0.0316529870 0.0852362886 -0.0806363598 -0.9930924177 -0.5092802644 0.8531518579 -0.1129846722
-162.2 -411.7 2214.7 0.8563693166 -0.0997234508 0.5066427588 0.0852362886 0.9950145483 0.0517771915 -0.5092802644 -0.0011560490 0.8605999351
230.3 -457.5 2523.1 0.9837592840 -0.0815643519 0.1598902643 0.1421129853 -0.1901973933 -0.9714056253 0.1096427813 0.9783517718 -0.1755170971
265.6 -375.2 2099.5 0.9837592840 -0.1518258303 -0.0957421511 0.1421129853 0.9846605659 -0.1012295336 0.1096427813 0.0859792903 0.9902454615
11.9 -481.6 2152.5 0 0 0 0 0 0 0 0 0
138.3 -440.8 2151.5 0 0 0 0 0 0 0 0 0
-124.2 -791.7 2215.2 0 0 0 0 0 0 0 0 0
323.6 -751.6 2066.7 0 0 0 0 0 0 0 0 0
128.9 110.0 2339.7 7 0.9710455537 -0.0219724867 0.2378816903 -0.0628998429 0.9371103644 0.3433188200 -0.2304649651 -0.3483409286 0.9085947871
133.3 -78.6 2409.8 0.9710455537 -0.0219724867 0.2378816903 -0.0628998429 0.9371103644 0.3433188200 -0.2304649651 -0.3483409286 0.9085947871
136.8 -265.1 2478.7 0.9711199999 -0.0174982380 0.2379490286 -0.0664358884 0.9380324483 0.3401196301 -0.2291554064 -0.3461053371 0.9097796082
-3.4 -69.3 2442.1 -0.2969763577 -0.7951096892 0.5287774801 0.9305479527 -0.3652075827 -0.0265317000 0.2142091542 0.4841735065 0.8483456969
93.0 -371.1 2372.6 0.3073921204 -0.7951096892 0.5227912068 0.4455161393 -0.3652075827 -0.8173975945 0.8408480287 0.4841735065 0.2419722676
270.0 -88.0 2377.6 0.0483140759 0.7060944438 0.7064675093 -0.9777100682 0.1781187952 -0.1111608520 -0.2043251991 -0.6853497624 0.6989613175
281.2 -315.4 2330.1 -0.5477179885 0.7060944438 0.4488157928 -0.4760579467 0.1781187952 -0.8611866832 -0.6880216599 -0.6853497624 0.2385829985
50.4 -445.2 2569.1 0.8535423875 0.5199173093 0.0339313745 0.0845485628 -0.0739524364 -0.9936712384 -0.5141175985 0.8510094285 -0.1070798039
-163.4 -414.7 2219.1 0.8535423875 -0.0985360965 0.5116209388 0.0845485628 0.9951334596 0.0506054051 -0.5141175985 0.0000629546 0.8577197194
229.0 -458.1 2523.3 0.9812247753 -0.0949169025 0.1678951383 0.1492212266 -0.1779086292 -0.9726672173 0.1221925542 0.9794586897 -0.1604047269
269.9 -381.3 2100.7 0.9812247753 -0.1560204774 -0.1133825779 0.1492212266 0.9865842462 -0.0662162900 0.1221925542 0.0480539761 0.9913424253
11.2 -489.5 2149.1 0 0 0 0 0 0 0 0 0
138.8 -439.2 2151.2 0 0 0 0 0 0 0 0 0
-125.8 -795.0 2219.1 0 0 0 0 0 0 0 0 0
329.6 -758.2 2082.3 0 0 0 0 0 0 0 0 0
130.0 110.0 2339.8 8 0.9672314525 -0.0146082425 0.2534756362 -0.0748469457 0.9375725389 0.3396405578 -0.2426133454 -0.3474828899 0.9057562351
132.9 -78.5 2409.6 0.9672314525 -0.0146082425 0.2534756362 -0.0748469457 0.9375725389 0.3396405578 -0.2426133454 -0.3474828899 0.9057562351
135.2 -265.0 2478.2 0.9672662616 -0.0111727109 0.2535175681 -0.0773789212 0.9384670258 0.3365890384 -0.2416784912 -0.3451881409 0.9068829417
-3.2 -67.6 2443.6 -0.2814930975 -0.7982374430 0.5325210690 0.9319908023 -0.3595185280 -0.0462557897 0.2283742875 0.4832840264 0.8451519012
88.6 -371.4 2369.2 0.2942781448 -0.7982374430 0.5255638957 0.4672998786 -0.3595185280 -0.8076987267 0.8336853385 0.4832840264 0.2672178149
269.0 -89.3 2375.6 0.0512406416 0.7067052722 0.7056500912 -0.9784237146 0.1771340668 -0.1063509062 -0.2001534104 -0.6849753261 0.7005336881
280.9 -315.7 2329.3 -0.5475853086 0.7067052722 0.4480155706 -0.4761234522 0.1771340668 -0.8613535762 -0.6880819201 -0.6849753261 0.2394829392
48.2 -444.3 2569.4 0.8454250693 0.5336485505 0.0218097270 0.0767588913 -0.0809903219 -0.9937548041 -0.5285494328 0.8418193460 -0.1094335169
-170.6 -411.1 2224.1 0.8454250693 -0.0861755013 0.5270960331 0.0767588913 0.9962564707 0.0397631787 -0.5285494328 0.0068425182 0.8488749266
225.9 -458.9 2523.1 0.9835127592 -0.0876223519 0.1581926793 0.1413181871 -0.1734179407 -0.9746565223 0.1128351539 0.9809426665 -0.1581761390
263.9 -383.7 2097.7 0.9835127592 -0.1461910605 -0.1064461172 0.1413181871 0.9885972738 -0.0520059913 0.1128351539 0.0361057855 0.9929574728
10.3 -495.7 2147.4 0 0 0 0 0 0 0 0 0
138.5 -439.5 2150.4 0 0 0 0 0 0 0 0 0
-137.7 -791.9 2221.4 0 0 0 0 0 0 0 0 0
319.8 -761.4 2083.9 0 0 0 0 0 0 0 0 0
131.1 111.4 2339.8 9 0.9703850746 -0.0158360805 0.2410435975 -0.0688939318 0.9382629991 0.3389928341 -0.2315306067 -0.3455600441 0.9093854427
134.3 -77.4 2409.3 0.9703850746 -0.0158360805 0.2410435975 -0.0688939318 0.9382629991 0.3389928341 -0.2315306067 -0.3455600441 0.9093854427
136.9 -263.8 2478.4 0.9704324007 -0.0129825706 0.2410235852 -0.0719753727 0.9375599623 0.3402952254 -0.2303919792 -0.3475812674 0.9089041948
-2.2 -67.3 2441.7 -0.2733075917 -0.7764638066 0.5678088665 0.9353097081 -0.3524066210 -0.0317073949 0.2247192562 0.5224112868 0.8225495219
87.1 -372.9 2368.3 0.3227448165 -0.7764638066 0.5412390828 0.4896360636 -0.3524066210 -0.7975375056 0.8099952340 0.5224112868 0.2664472759
270.9 -87.5 2376.9 0.0395867825 0.7066641450 0.7064408660 -0.9768167138 0.1762269139 -0.1215447932 -0.2103852332 -0.6852516532 0.6972576380
280.2 -316.3 2327.6 -0.5505114198 0.7066641450 0.4444805682 -0.4714581072 0.1762269139 -0.8641014695 -0.6889589429 -0.6852516532 0.2361476123
50.3 -443.5 2568.8 0.8497323394 0.5263807774 0.0296356771 0.0816121399 -0.0757953078 -0.9937779307 -0.5208593011 0.8468638659 -0.1073647812
-165.4 -412.5 2221.9 0.8497323394 -0.0920282304 0.5191202164 0.0816121399 0.9957389832 0.0429334566 -0.5208593011 0.0058845649 0.8536222577
224.4 -459.3 2523.1 0.9798009992 -0.0992807895 0.1735894531 0.1550776362 -0.1708351523 -0.9730191827 0.1262573004 0.9802849889 -0.1519882232
267.3 -385.4 2098.9 0.9798009992 -0.1595765054 -0.1205210239 0.1550776362 0.9868358970 -0.0458890945 0.1262573004 0.0262720678 0.9916495681
1.2 -503.1 2152.9 0 0 0 0 0 0 0 0 0
137.0 -438.9 2148.5 0 0 0 0 0 0 0 0 0
-130.2 -793.1 2219.6 0 0 0 0 0 0 0 0 0
328.3 -762.5 2088.9 0 0 0 0 0 0 0 0 0
130.6 112.0 2339.3 0 0.9718484879 -0.0211435948 0.2346561104 -0.0625391677 0.9370874166 0.3434472382 -0.2271550000 -0.3484538794 0.9093846679
134.9 -76.4 2409.3 0.9718484879 -0.0211435948 0.2346561104 -0.0625391677 0.9370874166 0.3434472382 -0.2271550000 -0.3484538794 0.9093846679
138.5 -262.7 2478.5 0.9719011188 -0.0182843730 0.2346782684 -0.0650419667 0.9373025894 0.3423936665 -0.2262250036 -0.3480367064 0.9097761512
-1.9 -67.3 2441.2 -0.2676170468 -0.7905521989 0.5508251190 0.9371400476 -0.3464296460 -0.0418936647 0.2239412814 0.5049888492 0.8335685730
85.8 -374.3 2367.8 0.3114703894 -0.7905521989 0.5272697806 0.4825322628 -0.3464296460 -0.8044558167 0.8186261654 0.5049888492 0.2735643685
271.7 -85.6 2377.5 0.0395577475 0.7096600533 0.7034328580 -0.9777435064 0.1726537794 -0.1191985309 -0.2060407698 -0.6830616593 0.7006953359
281.0 -315.1 2329.1 -0.5498881340 0.7096600533 0.4404606819 -0.4703760743 0.1726537794 -0.8654114604 -0.6901951432 -0.6830616593 0.2388668656
52.9 -443.1 2568.6 0.8507289886 0.5242630839 0.0375297368 0.0879977345 -0.0716719702 -0.9935389161 -0.5181859136 0.8485348225 -0.1071073785
-161.8 -413.7 2221.1 0.8507289886 -0.0990827158 0.5161810517 0.0879977345 0.9950591922 0.0459740758 -0.5181859136 0.0063112820 0.8552446961
227.7 -457.1 2525.6 0.9800468087 -0.0988616496 0.1724372506 0.1549940258 -0.1630219370 -0.9743719697 0.1244390756 0.9816568494 -0.1444461644
271.2 -385.2 2092.7 0.9800468087 -0.1562528163 -0.1228547469 0.1549940258 0.9877170324 -0.0197970849 0.1244390756 0.0003603186 0.9922271967
2.9 -502.7 2150.0 0 0 0 0 0 0 0 0 0
138.0 -437.4 2149.7 0 0 0 0 0 0 0 0 0
-123.9 -794.1 2218.7 0 0 0 0 0 0 0 0 0
331.0 -762.6 2092.5 0 0 0 0 0 0 0 0 0
130.9 111.8 2339.0 1 0.9702010155 -0.0240798313 0.2411018908 -0.0621000864 0.9371028543 0.3434848487 -0.2342083156 -0.3482218087 0.9076827765
135.7 -76.3 2408.9 0.9702010155 -0.0240798313 0.2411018908 -0.0621000864 0.9371028543 0.3434848487 -0.2342083156 -0.3482218087 0.9076827765
140.0 -262.5 2478.5 0.9702706337 -0.0213778298 0.2410764098 -0.0649699569 0.9365226030 0.3445349932 -0.2331389040 -0.3499549329 0.9072914720
-0.8 -67.1 2441.7 -0.2646621466 -0.8083212972 0.5258998275 0.9369843602 -0.3445235193 -0.0579984859 0.2280662805 0.4774099290 0.8485667706
86.0 -374.5 2366.9 0.2956514060 -0.8083212972 0.5091237426 0.4636996090 -0.3445235193 -0.8162635565 0.8352082968 0.4774099290 0.2729593813
272.3 -85.4 2376.1 0.0377050973 0.7002189755 0.7129317522 -0.9770907164 0.1753746420 -0.1205716506 -0.2094567120 -0.6920528412 0.6907899976
281.1 -313.6 2327.2 -0.5516688228 0.7002189755 0.4531609714 -0.4823803008 0.1753746420 -0.8582266569 -0.6804195642 -0.6920528412 0.2410231233
55.2 -442.7 2569.5 0.8465766907 0.5309458971 0.0374758281 0.0875822306 -0.0695065930 -0.9937294126 -0.5250117183 0.8445503712 -0.1053440794
-162.2 -414.2 2223.8 0.8465766907 -0.0995397717 0.5228764415 0.0875822306 0.9950184822 0.0476189815 -0.5250117183 0.0054815668 0.8510773182
230.9 -455.2 2526.6 0.9804596305 -0.0942093432 0.1726949364 0.1564006060 -0.1591738760 -0.9747833014 0.1193222180 0.9827452898 -0.1413291693
271.8 -386.1 2099.8 0.9804596305 -0.1604902744 -0.1137620881 0.1564006060 0.9867102504 -0.0440649725 0.1193222180 0.0254114680 0.9925303459
7.3 -497.9 2144.7 0 0 0 0 0 0 0 0 0
137.7 -439.0 2150.3 0 0 0 0 0 0 0 0 0
-124.1 -794.6 2221.7 0 0 0 0 0 0 0 0 0
333.1 -763.1 2090.1 0 0 0 0 0 0 0 0 0
132.0 111.9 2338.9 2 0.9702060223 -0.0139088463 0.2418818623 -0.0713776723 0.9376338720 0.3402175307 -0.2315286547 -0.3473460674 0.9087052345
134.8 -76.6 2408.7 0.9702060223 -0.0139088463 0.2418818623 -0.0713776723 0.9376338720 0.3402175307 -0.2315286547 -0.3473460674 0.9087052345
137.3 -263.1 2477.7 0.9702245593 -0.0122611672 0.2418967038 -0.0727050826 0.9379171729 0.3391539156 -0.2310374826 -0.3466425538 0.9090988040
-1.7 -66.4 2441.3 -0.2659530640 -0.8217313886 0.5040103793 0.9367906451 -0.3436244726 -0.0659206137 0.2273593396 0.4546204209 0.8611782789
85.8 -374.6 2366.4 0.2813149393 -0.8217313886 0.4956000447 0.4491839111 -0.3436244726 -0.8247157335 0.8479951024 0.4546204209 0.2724418342
271.4 -86.9 2376.2 0.0454158336 0.6927574873 0.7197391987 -0.9756941199 0.1853768975 -0.1168607697 -0.2143791914 -0.6969379187 0.6843384504
282.0 -314.7 2326.2 -0.5552149415 0.6927574873 0.4602428079 -0.4796490967 0.1853768975 -0.8576550484 -0.6794653535 -0.6969379187 0.2293564677
50.7 -442.8 2567.8 0.8484478593 0.5284814835 0.0290439203 0.0821004063 -0.0772004649 -0.9936295152 -0.5228726268 0.8454273343 -0.1088891178
-165.6 -411.3 2221.8 0.8484478593 -0.0907275155 0.5214448571 0.0821004063 0.9958337545 0.0396812893 -0.5228726268 0.0091433320 0.8523617983
227.5 -456.5 2525.3 0.9813968539 -0.0981410965 0.1650106609 0.1478297710 -0.1621188074 -0.9756351113 0.1225012317 0.9818786979 -0.1445947140
269.8 -386.7 2102.8 0.9813968539 -0.1538948119 -0.1147892922 0.1478297710 0.9872123599 -0.0596500002 0.1225012317 0.0415710509 0.9915973544
10.9 -494.2 2140.8 0 0 0 0 0 0 0 0 0
137.6 -439.3 2149.5 0 0 0 0 0 0 0 0 0
-130.9 -792.0 2218.3 0 0 0 0 0 0 0 0 0
328.6 -764.0 2086.9 0 0 0 0 0 0 0 0 0
130.5 110.9 2340.3 3 0.9673311710 -0.0169223789 0.2529507279 -0.0724360645 0.9377248287 0.3397428393 -0.2429474145 -0.3469665945 0.9058646560
133.9 -77.8 2410.1 0.9673311710 -0.0169223789 0.2529507279 -0.0724360645 0.9377248287 0.3397428393 -0.2429474145 -0.3469665945 0.9058646560
136.4 -264.3 2478.9 0.9673875570 -0.0127054583 0.2529820502 -0.0760059282 0.9381588697 0.3377588391 -0.2416287363 -0.3459718227 0.9065974951
-2.2 -67.1 2444.1 -0.2683429122 -0.8101602793 0.5211836696 0.9343591332 -0.3505632877 -0.0638619363 0.2344462723 0.4698358476 0.8510518074
86.0 -374.2 2367.1 0.2852799892 -0.8101602793 0.5121090412 0.4643928111 -0.3505632877 -0.8132925034 0.8384239078 0.4698358476 0.2762239277
270.0 -88.5 2376.1 0.0488611199 0.6972142458 0.7151957154 -0.9759152532 0.1857456714 -0.1144025475 -0.2126075923 -0.6923805475 0.6894977689
281.4 -314.9 2326.8 -0.5518611670 0.6972142458 0.4575386047 -0.4773807824 0.1857456714 -0.8588399887 -0.6837812662 -0.6923805475 0.2303308547
50.2 -443.8 2569.9 0.8429111242 0.5375024676 0.0243285354 0.0794350281 -0.0795948729 -0.9936572313 -0.5321568251 0.8394973278 -0.1097879261
-169.8 -411.2 2226.3 0.8429111242 -0.0870498493 0.5309643149 0.0794350281 0.9961453080 0.0372108407 -0.5321568251 0.0108117331 0.8465767503
225.9 -457.1 2524.7 0.9793097973 -0.1078827381 0.1712123454 0.1522381604 -0.1646559387 -0.9745316505 0.1333262771 0.9804334641 -0.1448253095
271.7 -387.1 2107.9 0.9793097973 -0.1612450182 -0.1222800016 0.1522381604 0.9851176143 -0.0797921717 0.1333262771 0.0595255755 0.9892829657
10.0 -497.8 2143.9 0 0 0 0 0 0 0 0 0
137.9 -439.0 2149.0 0 0 0 0 0 0 0 0 0
-136.5 -792.1 2222.2 0 0 0 0 0 0 0 0 0
333.4 -763.6 2085.1 0 0 0 0 0 0 0 0 0
130.5 111.5 2340.1 4 0.9719406962 -0.0199684575 0.2343769670 -0.0626714006 0.9383921027 0.3398419619 -0.2267236114 -0.3449949622 0.9108099937
134.6 -77.5 2409.6 0.9719406962 -0.0199684575 0.2343769670 -0.0626714006 0.9383921027 0.3398419619 -0.2267236114 -0.3449949622 0.9108099937
138.1 -264.2 2478.0 0.9719780684 -0.0176607985 0.2344071269 -0.0645370632 0.9388091564 0.3383375406 -0.2260388732 -0.3439846337 0.9113621712
-2.2 -68.5 2441.4 -0.2710024416 -0.7869432569 0.5543266535 0.9353374839 -0.3513175547 -0.0414706022 0.2273796946 0.5072438121 0.8312653899
85.6 -371.4 2367.7 0.3040130436 -0.7869432569 0.5369324088 0.4946047366 -0.3513175547 -0.7949478626 0.8142126203 0.5072438121 0.2824207246
271.3 -86.6 2377.8 0.0403550267 0.6994544268 0.7135369778 -0.9752966762 0.1827939600 -0.1240271032 -0.2171815485 -0.6909050941 0.6895522475
280.8 -315.3 2326.8 -0.5503425002 0.6994544268 0.4559458792 -0.4789901972 0.1827939600 -0.8585771918 -0.6838797331 -0.6909050941 0.2344325334
49.9 -444.3 2570.9 0.8569421172 0.5144734979 0.0310993362 0.0859195665 -0.0830980018 -0.9928305745 -0.5082007647 0.8534703851 -0.1154135242
-163.4 -409.8 2217.0 0.8569421172 -0.0983818173 0.5059359670 0.0859195665 0.9951459765 0.0479827076 -0.5082007647 0.0023513949 0.8612354398
229.8 -456.4 2525.2 0.9732897282 -0.1285646409 0.1902058274 0.1671305001 -0.1712312549 -0.9709517360 0.1573992372 0.9768065214 -0.1451705396
284.3 -384.0 2111.8 0.9732897282 -0.1793192774 -0.1433587223 0.1671305001 0.9815328717 -0.0930627361 0.1573992372 0.0666173846 0.9852855206
4.7 -503.0 2151.1 0 0 0 0 0 0 0 0 0
137.7 -439.8 2149.1 0 0 0 0 0 0 0 0 0
-125.8 -790.2 2216.1 0 0 0 0 0 0 0 0 0
352.8 -759.1 2086.3 0 0 0 0 0 0 0 0 0
130.5 111.5 2338.9 5 0.9737412333 -0.0226672851 0.2265264988 -0.0578559749 0.9377233386 0.3425311744 -0.2201834470 -0.3466426134 0.9117884040
135.1 -77.2 2408.7 0.9737412333 -0.0226672851 0.2265264988 -0.0578559749 0.9377233386 0.3425311744 -0.2201834470 -0.3466426134 0.9117884040
138.9 -263.7 2477.5 0.9738076925 -0.0192840155 0.2265538722 -0.0608297139 0.9379813671 0.3413073123 -0.2190850973 -0.3461488783 0.9122404456
-1.9 -68.7 2439.5 -0.2689093649 -0.8016824126 0.5338473916 0.9372437000 -0.3455241621 -0.0467681624 0.2219503820 0.4877687097 0.8442865014
85.6 -373.7 2367.3 0.3036468029 -0.8016824126 0.5148823857 0.4674802423 -0.3455241621 -0.8136801124 0.8302173615 0.4877687097 0.2698533833
272.1 -85.8 2377.9 0.0363961197 0.6974847317 0.7156747580 -0.9770264030 0.1753175259 -0.1211742088 -0.2099874914 -0.6948229074 0.6878418326
280.6 -313.0 2329.0 -0.5482074022 0.6974847317 0.4615015686 -0.4939024150 0.1753175259 -0.8516596556 -0.6749289036 -0.6948229074 0.2483790219
52.2 -444.3 2568.3 0.8583019972 0.5122199655 0.0307954438 0.0860388801 -0.0844883397 -0.9927029014 -0.5058803558 0.8546885252 -0.1165873483
-160.7 -409.2 2213.1 0.8583019972 -0.1027141958 0.5027598143 0.0860388801 0.9946978688 0.0563335493 -0.5058803558 -0.0050943065 0.8625885844
231.7 -455.6 2526.0 0.9704109430 -0.1381137967 0.1980584860 0.1735991389 -0.1710486859 -0.9698482752 0.1678270698 0.9755342007 -0.1420110762
290.0 -383.3 2114.0 0.9704109430 -0.1869309545 -0.1528378427 0.1735991389 0.9800797105 -0.0964730978 0.1678270698 0.0670860335 0.9835311770
4.8 -498.1 2146.4 0 0 0 0 0 0 0 0 0
138.1 -441.4 2153.6 0 0 0 0 0 0 0 0 0
-121.4 -789.4 2215.1 0 0 0 0 0 0 0 0 0
361.4 -758.0 2088.3 0 0 0 0 0 0 0 0 0
131.0 114.9 2339.9 6 0.9781069756 -0.0213401280 0.2070055604 -0.0500533916 0.9414018393 0.3335524499 -0.2019934654 -0.3366113007 0.9197235703
135.3 -75.0 2407.8 0.9781069756 -0.0213401280 0.2070055604 -0.0500533916 0.9414018393 0.3335524499 -0.2019934654 -0.3366113007 0.9197235703
138.9 -262.1 2474.9 0.9781823158 -0.0176393427 0.2069980055 -0.0536917485 0.9410719872 0.3339172900 -0.2006901056 -0.3377460837 0.9195928574
-2.3 -67.5 2436.0 -0.2787266076 -0.7993734479 0.5322721004 0.9364728928 -0.3490985930 -0.0338928550 0.2129084915 0.4890115559 0.8458945751
88.8 -373.6 2366.4 0.3087351918 -0.7993734479 0.5154461265 0.4595635831 -0.3490985930 -0.8166587353 0.8327568173 0.4890115559 0.2595838904
273.0 -82.6 2379.5 0.0307126008 0.7029587626 0.7105671763 -0.9762074351 0.1737651676 -0.1297103018 -0.2146528214 -0.6896771789 0.6915703416
280.2 -312.3 2329.0 -0.5401635766 0.7029587626 0.4626794457 -0.5003837943 0.1737651676 -0.8481873274 -0.6766383052 -0.6896771789 0.2578875422
52.0 -444.1 2561.4 0.8665716648 0.4977731407 0.0357135385 0.0940497071 -0.0926119685 -0.9912505746 -0.4901103973 0.8623484969 -0.1270703226
-155.0 -405.6 2202.7 0.8665716648 -0.1080065444 0.4872249365 0.0940497071 0.9941501617 0.0531046577 -0.4901103973 -0.0001956281 0.8716603518
231.9 -454.0 2523.5 0.9654531479 -0.1577258408 0.2074193656 0.1781024337 -0.1816238910 -0.9671050906 0.1902097911 0.9706365466 -0.1472579986
298.4 -377.4 2114.1 0.9654531479 -0.1950617731 -0.1727748215 0.1781024337 0.9779677987 -0.1088965982 0.1902097911 0.0743629485 0.9789230824
6.7 -495.9 2144.7 0 0 0 0 0 0 0 0 0
139.8 -442.3 2153.1 0 0 0 0 0 0 0 0 0
-113.7 -785.6 2202.8 0 0 0 0 0 0 0 0 0
373.0 -751.3 2085.6 0 0 0 0 0 0 0 0 0
129.7 112.2 2338.8 7 0.9758045077 -0.0250976700 0.2171996087 -0.0513780862 0.9392537475 0.3393562734 -0.2125225961 -0.3423046768 0.9152385592
134.8 -77.5 2407.9 0.9758045077 -0.0250976700 0.2171996087 -0.0513780862 0.9392537475 0.3393562734 -0.2125225961 -0.3423046768 0.9152385592
138.9 -264.4 2475.5 0.9758922458 -0.0205680076 0.2172815651 -0.0549893491 0.9402613640 0.3359833062 -0.2112119645 -0.3398316801 0.9164627194
-2.5 -69.7 2437.7 -0.2817967534 -0.7969582677 0.5342733860 0.9326160550 -0.3583432436 -0.0426307172 0.2254281789 0.4862587750 0.8442360759
90.6 -377.8 2363.2 0.3104979694 -0.7969582677 0.5181201696 0.4474816322 -0.3583432436 -0.8193596601 0.8386603594 0.4862587750 0.2453593612
272.1 -85.2 2378.2 0.0402718186 0.7064426541 0.7066236138 -0.9785206318 0.1709789336 -0.1151674017 -0.2021769136 -0.6868078113 0.6981543899
281.4 -309.3 2331.9 -0.5168578625 0.7064426541 0.4835253060 -0.5383080244 0.1709789336 -0.8252215981 -0.6656444073 -0.6868078113 0.2919119596
52.0 -444.0 2558.0 0.8640925884 0.5023653507 0.0311934743 0.0878655165 -0.0895301998 -0.9921007752 -0.4956043363 0.8600077629 -0.1215029806
-156.9 -406.8 2200.3 0.8640925884 -0.1124555022 0.4906095862 0.0878655165 0.9934567213 0.0729617476 -0.4956043363 -0.0199380387 0.8683195710
232.0 -453.3 2522.3 0.9734796882 -0.1260631680 0.1909067184 0.1673607528 -0.1765061170 -0.9699670076 0.1559733003 0.9761934876 -0.1507270932
285.9 -377.8 2105.1 0.9734796882 -0.1762544811 -0.1458480358 0.1673607528 0.9833176732 -0.0712512285 0.1559733003 0.0449523889 0.9867378473
7.9 -497.0 2139.9 0 0 0 0 0 0 0 0 0
147.1 -449.1 2159.1 0 0 0 0 0 0 0 0 0
-114.0 -786.5 2207.9 0 0 0 0 0 0 0 0 0
353.2 -753.5 2088.0 0 0 0 0 0 0 0 0 0
129.3 111.7 2332.3 8 0.9781448245 -0.0221796185 0.2067383230 -0.0540142357 0.9330533743 0.3556598127 -0.2007862926 -0.3590536118 0.9114633203
133.8 -77.2 2405.0 0.9781448245 -0.0221796185 0.2067383230 -0.0540142357 0.9330533743 0.3556598127 -0.2007862926 -0.3590536118 0.9114633203
137.4 -263.2 2475.0 0.9781984687 -0.0178450793 0.2069041431 -0.0565179884 0.9358199835 0.3479176164 -0.1998336464 -0.3520262837 0.9144091010
-3.8 -69.3 2433.1 -0.3021973372 -0.8191463351 0.4875203073 0.9360459447 -0.3517139256 -0.0107371658 0.1802629828 0.4530966580 0.8730456233
94.1 -372.7 2374.7 0.3100735843 -0.8191463351 0.4825491011 0.3930330575 -0.3517139256 -0.8496012688 0.8656670451 0.4530966580 0.2128944099
271.5 -85.2 2376.9 0.0382640883 0.7019247413 0.7112225294 -0.9780338407 0.1722530127 -0.1173825115 -0.2049039155 -0.6911081672 0.6930972934
280.4 -313.0 2329.1 -0.5090815425 0.7019247413 0.4981341660 -0.5572862625 0.1722530127 -0.8122566938 -0.6559481621 -0.6911081672 0.3034822047
50.4 -443.0 2561.0 0.8726994991 0.4872789979 0.0308998376 0.0805360451 -0.0812404603 -0.9934354424 -0.4815698862 0.8694590926 -0.1101420298
-154.6 -408.8 2195.2 0.8726994991 -0.1154202819 0.4744194150 0.0805360451 0.9923768044 0.0932859182 -0.4815698862 -0.0432027094 0.8753421903
232.5 -456.0 2523.0 0.9771650434 -0.1112817824 0.1810105890 0.1604971439 -0.1717052907 -0.9719865918 0.1392448843 0.9788430333 -0.1499239951
280.6 -381.8 2100.1 0.9771650434 -0.1654243022 -0.1333539188 0.1604971439 0.9859184623 -0.0469628237 0.1392448843 0.0244875103 0.9899551868
11.8 -477.0 2144.8 0 0 0 0 0 0 0 0 0
148.1 -457.8 2158.7 0 0 0 0 0 0 0 0 0
-110.5 -788.0 2211.7 0 0 0 0 0 0 0 0 0
343.8 -758.5 2090.8 0 0 0 0 0 0 0 0 0
127.5 109.1 2335.5 9 0.9748310447 -0.0222806428 0.2218287587 -0.0585297979 0.9345166683 0.3510739505 -0.2151248157 -0.3552213609 0.9096917510
132.0 -79.9 2407.4 0.9748310447 -0.0222806428 0.2218287587 -0.0585297979 0.9345166683 0.3510739505 -0.2151248157 -0.3552213609 0.9096917510
135.5 -266.2 2476.7 0.9748845100 -0.0179405622 0.2219872177 -0.0610175617 0.9370949268 0.3437003493 -0.2141892761 -0.3486132622 0.9124646783
-5.2 -71.3 2437.5 -0.3145154715 -0.7941558361 0.5199966431 0.9287794232 -0.3706087172 -0.0042415019 0.1960837096 0.4816281796 0.8541577458
96.4 -371.3 2374.2 0.3189086914 -0.7941558361 0.5173140168 0.4204833806 -0.3706087172 -0.8281563520 0.8494062424 0.4816281796 0.2157389820
269.1 -88.5 2377.2 0.0490533672 0.6870123148 0.7249881625 -0.9754594564 0.1889432520 -0.1130456701 -0.2146453857 -0.7016512752 0.6794209480
280.5 -313.7 2327.7 -0.5124468207 0.6870123148 0.5151818395 -0.5586198568 0.1889432520 -0.8076164722 -0.6521825790 -0.7016512752 0.2869553268
49.6 -442.4 2562.6 0.8673043251 0.4957625568 0.0447509810 0.0910732821 -0.0696551129 -0.9934051633 -0.4893759787 0.8656602502 -0.1055629030
-157.0 -413.4 2201.8 0.8673043251 -0.1238260716 0.4821309745 0.0910732821 0.9916900992 0.0908650085 -0.4893759787 -0.0348983705 0.8713743687
230.6 -454.2 2526.3 0.9781725407 -0.1076406017 0.1777414829 0.1593080312 -0.1607191563 -0.9740586877 0.1334147155 0.9811130762 -0.1400630474
278.3 -383.0 2091.2 0.9781725407 -0.1605171859 -0.1319574565 0.1593080312 0.9870315790 -0.0197396576 0.1334147155 -0.0017130910 0.9910588264
11.7 -483.0 2148.6 0 0 0 0 0 0 0 0 0
147.3 -458.9 2158.2 0 0 0 0 0 0 0 0 0
-109.7 -792.4 2215.1 0 0 0 0 0 0 0 0 0
339.7 -760.1 2091.9 0 0 0 0 0 0 0 0 0
128.7 112.8 2337.2 0 0.9754274487 -0.0155413589 0.2197721004 -0.0626782700 0.9367175698 0.3444293737 -0.2112172842 -0.3497408032 0.9127259254
131.8 -76.8 2407.9 0.9754274487 -0.0155413589 0.2197721004 -0.0626782700 0.9367175698 0.3444293737 -0.2112172842 -0.3497408032 0.9127259254
134.0 -263.6 2475.9 0.9754617214 -0.0109444801 0.2198970318 -0.0651050508 0.9397598505 0.3355782926 -0.2103231251 -0.3416601717 0.9159871936
-5.4 -67.6 2437.6 -0.3034331501 -0.7911813855 0.5309994221 0.9302486181 -0.3666352332 -0.0147018582 0.2063149214 0.4895004332 0.8472446203
94.0 -372.3 2370.0 0.3160677552 -0.7911813855 0.5235773325 0.4400906265 -0.3666352332 -0.8196943402 0.8404887915 0.4895004332 0.2323099375
269.1 -86.0 2378.3 0.0438520424 0.6877061129 0.7246636152 -0.9737499952 0.1915921271 -0.1228958443 -0.2233560681 -0.7002519369 0.6780555248
279.5 -315.6 2325.7 -0.5280264616 0.6877061129 0.4982453287 -0.5299677849 0.1915921271 -0.8260911703 -0.6635677814 -0.7002519369 0.2632963359
46.7 -442.2 2561.6 0.8723641634 0.4866795838 0.0460837446 0.0967284441 -0.0794385225 -0.9921356440 -0.4791913331 0.8699612021 -0.1163750812
-156.1 -409.1 2199.1 0.8723641634 -0.1245681494 0.4727192819 0.0967284441 0.9918554425 0.0828634799 -0.4791913331 -0.0265617315 0.8773084879
228.5 -458.0 2526.2 0.9789128304 -0.1109868065 0.1714982092 0.1523615867 -0.1625366509 -0.9748680592 0.1360722333 0.9804406166 -0.1421990842
277.5 -386.2 2093.5 0.9789128304 -0.1548917592 -0.1331850141 0.1523615867 0.9878978729 -0.0290463287 0.1360722333 0.0081415437 0.9906654358
10.0 -489.2 2146.7 0 0 0 0 0 0 0 0 0
142.3 -453.3 2153.3 0 0 0 0 0 0 0 0 0
-108.5 -788.3 2209.3 0 0 0 0 0 0 0 0 0
336.7 -763.8 2090.3 0 0 0 0 0 0 0 0 0
128.5 112.6 2339.0 1 0.9713627100 -0.0146672996 0.2371482551 -0.0689348057 0.9377658367 0.3403575420 -0.2273816615 -0.3469583988 0.9098997116
131.5 -76.8 2409.0 0.9713627100 -0.0146672996 0.2371482551 -0.0689348057 0.9377658367 0.3403575420 -0.2273816615 -0.3469583988 0.9098997116
133.3 -263.9 2476.4 0.9713990092 -0.0094055934 0.2372667342 -0.0717651397 0.9408583641 0.3311122358 -0.2263486981 -0.3386695683 0.9132738709
-5.2 -66.7 2440.9 -0.2933333516 -0.7965466976 0.5286481977 0.9297628999 -0.3663801849 -0.0361458734 0.2224780917 0.4809146821 0.8480710983
92.7 -377.2 2366.6 0.3093545735 -0.7965466976 0.5194354057 0.4364338219 -0.3663801849 -0.8217609525 0.8448818326 0.4809146821 0.2342985272
268.2 -86.9 2377.2 0.0542736240 0.6866418123 0.7249671817 -0.9745698571 0.1945082843 -0.1112658307 -0.2174118906 -0.7004923820 0.6797370911
280.8 -313.8 2326.6 -0.5395528674 0.6866418123 0.4872429669 -0.5094359517 0.1945082843 -0.8382371664 -0.6703414321 -0.7004923820 0.2448525280
46.1 -443.2 2563.7 0.8664143682 0.4977253675 0.0399443805 0.0951226205 -0.0859931856 -0.9917443395 -0.4901813865 0.8630611897 -0.1218506694
-161.2 -407.4 2204.2 0.8664143682 -0.1207399741 0.4845079482 0.0951226205 0.9924658537 0.0772220492 -0.4901813865 -0.0208186284 0.8713718057
225.7 -458.3 2523.8 0.9819205999 -0.0998335928 0.1608265042 0.1442968845 -0.1551322788 -0.9772984982 0.1225166097 0.9828363061 -0.1379218996
269.5 -390.3 2093.0 0.9819205999 -0.1472166181 -0.1189923435 0.1442968845 0.9889894128 -0.0328389890 0.1225166097 0.0150750559 0.9923519492
10.5 -493.1 2142.1 0 0 0 0 0 0 0 0 0
140.6 -446.1 2152.4 0 0 0 0 0 0 0 0 0
-115.1 -786.8 2212.2 0 0 0 0 0 0 0 0 0
325.7 -768.3 2087.3 0 0 0 0 0 0 0 0 0
128.5 110.7 2338.9 2 0.9705580473 -0.0145867141 0.2404251397 -0.0700744092 0.9378902316 0.3397815228 -0.2304486930 -0.3466253579 0.9092547894
131.5 -78.6 2408.8 0.9705580473 -0.0145867141 0.2404251397 -0.0700744092 0.9378902316 0.3397815228 -0.2304486930 -0.3466253579 0.9092547894
133.5 -265.7 2476.2 0.9705853462 -0.0103124548 0.2405363023 -0.0721330643 0.9407306314 0.3313950598 -0.2296973616 -0.3389978111 0.9123154879
-5.1 -68.5 2441.2 -0.2938934565 -0.7857304811 0.5442924500 0.9294528365 -0.3677933216 -0.0290768780 0.2230337262 0.4973486662 0.8383914828
91.8 -374.9 2367.6 0.3114939928 -0.7857304811 0.5344147682 0.4593837857 -0.3677933216 -0.8085138202 0.8318281174 0.4973486662 0.2463864237
268.1 -88.8 2376.5 0.0572840162 0.6861991882 0.7251546383 -0.9743325114 0.1968137175 -0.1092728749 -0.2177033424 -0.7002821565 0.6798604131
281.4 -315.0 2326.0 -0.5487399697 0.6861991882 0.4775093198 -0.4919050038 0.1968137175 -0.8481119275 -0.6759541035 -0.7002821565 0.2295452356
46.5 -445.5 2564.3 0.8653363585 0.4995191097 0.0409104750 0.0964642465 -0.0858950913 -0.9916232824 -0.4918207526 0.8620340228 -0.1225138828
-161.5 -409.7 2205.3 0.8653363585 -0.1221941411 0.4860674739 0.0964642465 0.9922971725 0.0777235404 -0.4918207526 -0.0203688685 0.8704581857
225.3 -459.7 2523.0 0.9822784662 -0.0982450247 0.1596149653 0.1439591348 -0.1498575509 -0.9781709909 0.1200199425 0.9838142991 -0.1330585778
268.2 -394.2 2093.3 0.9822784662 -0.1469044387 -0.1163963303 0.1439591348 0.9890210032 -0.0333654247 0.1200199425 0.0160178225 0.9926422238
9.0 -497.0 2146.6 0 0 0 0 0 0 0 0 0
138.8 -442.9 2150.3 0 0 0 0 0 0 0 0 0
-114.8 -789.1 2213.1 0 0 0 0 0 0 0 0 0
324.4 -772.3 2087.2 0 0 0 0 0 0 0 0 0
128.5 112.4 2339.3 3 0.9701607823 -0.0190762132 0.2417108268 -0.0661495849 0.9382572174 0.3395550549 -0.2332643569 -0.3454120457 0.9089984894
132.4 -76.8 2409.0 0.9701607823 -0.0190762132 0.2417108268 -0.0661495849 0.9382572174 0.3395550549 -0.2332643569 -0.3454120457 0.9089984894
135.0 -263.7 2476.6 0.9702293873 -0.0132802213 0.2418234199 -0.0701320022 0.9403086305 0.3330183625 -0.2318111956 -0.3400637805 0.9113836884
-4.2 -66.9 2441.6 -0.2879805267 -0.7910183072 0.5397751331 0.9307752252 -0.3637655973 -0.0364968777 0.2252213359 0.4918989539 0.8410176635
91.0 -374.4 2367.2 0.3076288104 -0.7910183072 0.5288237333 0.4584923387 -0.3637655973 -0.8108386397 0.8337561488 0.4918989539 0.2507710755
268.9 -86.7 2376.4 0.0496547408 0.6966542006 0.7156866193 -0.9757168293 0.1868927330 -0.1142268553 -0.2133332491 -0.6926355958 0.6890172958
280.6 -316.0 2326.2 -0.5485704541 0.6966542006 0.4623239338 -0.4834105968 0.1868927330 -0.8552106619 -0.6821910739 -0.6926355958 0.2342461795
48.6 -444.0 2565.3 0.8642938733 0.5010770559 0.0437929332 0.0988073424 -0.0837688074 -0.9915744662 -0.4931867421 0.8613387942 -0.1219109595
-160.1 -409.1 2206.6 0.8642938733 -0.1253964603 0.4871055186 0.0988073424 0.9918836951 0.0800239742 -0.4931867421 -0.0210346282 0.8696691394
227.0 -457.3 2523.1 0.9821559787 -0.0965724513 0.1613795310 0.1463459432 -0.1464941651 -0.9783262610 0.1181205288 0.9844862819 -0.1297471374
269.1 -393.4 2093.9 0.9821559787 -0.1491964757 -0.1144989207 0.1463459432 0.9886842966 -0.0329581760 0.1181205288 0.0156136202 0.9928765297
9.2 -496.2 2145.6 0 0 0 0 0 0 0 0 0
138.0 -441.6 2148.9 0 0 0 0 0 0 0 0 0
-112.1 -788.3 2214.6 0 0 0 0 0 0 0 0 0
326.2 -771.4 2087.9 0 0 0 0 0 0 0 0 0
128.7 109.9 2339.6 4 0.9715703726 -0.0180487521 0.2360619307 -0.0653611124 0.9378905892 0.3407185376 -0.2275498211 -0.3464612961 0.9100470543
132.4 -79.0 2409.4 0.9715703726 -0.0180487521 0.2360619307 -0.0653611124 0.9378905892 0.3407185376 -0.2275498211 -0.3464612961 0.9100470543
135.0 -265.9 2477.0 0.9716157317 -0.0135008059 0.2361792624 -0.0680593252 0.9402071834 0.3337340653 -0.2265631109 -0.3403354585 0.9126011729
-4.4 -69.4 2441.2 -0.2904747128 -0.7908713818 0.5386528969 0.9299513698 -0.3659361005 -0.0357949212 0.2254217118 0.4905234277 0.8417670727
90.6 -373.4 2367.5 0.3040294647 -0.7908713818 0.5311201215 0.4606884718 -0.3659361005 -0.8086141944 0.8338658214 0.4905234277 0.2530899644
269.1 -88.6 2377.5 0.0561192147 0.6854811907 0.7259243727 -0.9737576246 0.1981931627 -0.1118727624 -0.2205599099 -0.7005962133 0.6786149740
282.2 -315.3 2326.1 -0.5542619228 0.6854811907 0.4721326530 -0.4819205999 0.1981931627 -0.8535057306 -0.6786355972 -0.7005962133 0.2204965800
48.6 -446.5 2565.4 0.8668695092 0.4963122308 0.0470257662 0.1010332704 -0.0825261921 -0.9914543629 -0.4881900549 0.8642126918 -0.1216834933
-158.1 -412.1 2205.5 0.8668695092 -0.1278629899 0.4818592370 0.1010332704 0.9915513992 0.0813516825 -0.4881900549 -0.0218374785 0.8724641204
227.9 -456.1 2523.2 0.9820228219 -0.1071504429 0.1554026008 0.1379252076 -0.1547485590 -0.9782788754 0.1288713515 0.9821261168 -0.1371878684
274.3 -389.0 2097.4 0.9820228219 -0.1430942863 -0.1231065169 0.1379252076 0.9892010689 -0.0495774448 0.1288713515 0.0317066871 0.9911543131
9.8 -495.9 2145.9 0 0 0 0 0 0 0 0 0
138.1 -440.6 2149.7 0 0 0 0 0 0 0 0 0
-109.2 -791.2 2213.8 0 0 0 0 0 0 0 0 0
329.0 -767.1 2085.3 0 0 0 0 0 0 0 0 0
128.9 112.1 2339.2 5 0.9730673432 -0.0223691911 0.2294332087 -0.0583069175 0.9390342236 0.3388436735 -0.2230252922 -0.3430952728 0.9124392271
133.4 -77.1 2408.3 0.9730673432 -0.0223691911 0.2294332087 -0.0583069175 0.9390342236 0.3388436735 -0.2230252922 -0.3430952728 0.9124392271
137.1 -264.3 2475.3 0.9731159210 -0.0183762461 0.2295815200 -0.0605505556 0.9413341880 0.3319993019 -0.2222138345 -0.3369750977 0.9149146676
-3.5 -68.6 2439.6 -0.2856314182 -0.7932896614 0.5376859903 0.9321488738 -0.3602485955 -0.0363231748 0.2225154340 0.4908283949 0.8423624039
90.1 -374.0 2366.7 0.3049539626 -0.7932896614 0.5269674063 0.4626497924 -0.3602485955 -0.8100469708 0.8324411511 0.4908283949 0.2571560442
270.4 -85.7 2377.0 0.0456075855 0.6958221793 0.7167645693 -0.9755538702 0.1854317933 -0.1179395691 -0.2149759084 -0.6938635111 0.6872690916
281.1 -315.7 2326.3 -0.5525937676 0.6958221793 0.4587718844 -0.4788874686 0.1854317933 -0.8580686450 -0.6821340919 -0.6938635111 0.2307520658
