133.6 110.2 2339.5 72 0.9692717195 -0.0225436911 0.2449573874 -0.0647237971 0.9373334646 0.3423693478 -0.2373250276 -0.3477034867 0.9070717096
138.2 -79.0 2409.7 0.9692717195 -0.0225436911 0.2449573874 -0.0647237971 0.9373334646 0.3423693478 -0.2373250276 -0.3477034867 0.9070717096
141.7 -265.8 2477.8 0.9693337679 -0.0178798828 0.2450966984 -0.0676038563 0.9394679666 0.3359012008 -0.2362663746 -0.3421698511 0.9094492793
1.8 -69.5 2443.0 -0.2723402977 -0.8337051868 0.4803814888 0.9411432743 -0.3346836865 -0.0472880527 0.2002001405 0.4392293692 0.8757839203
88.3 -368.7 2379.4 0.2731371224 -0.8337051868 0.4799288809 0.4413590133 -0.3346836865 -0.8325797319 0.8547504544 0.4392293692 0.2765487731
274.6 -88.5 2376.5 0.0085103735 0.6700688601 0.7422501445 -0.9697268605 0.1866849810 -0.1574119776 -0.2440438271 -0.7184402943 0.6513725519
276.6 -321.5 2317.9 -0.5547157526 0.6700688601 0.4932526648 -0.5172017813 0.1866849810 -0.8352550864 -0.6517612934 -0.7184402943 0.2430037260
55.0 -444.9 2568.7 0.8390117288 0.5355329514 0.0962482542 0.1356469244 -0.0345613547 -0.9901542664 -0.5269337893 0.8438068032 -0.1016407758
-169.5 -430.4 2215.0 0.8390117288 -0.1725662798 0.5160233974 0.1356469244 0.9847683907 0.1087711379 -0.5269337893 -0.0212632772 0.8496403098
234.2 -458.8 2524.1 0.9845921397 -0.0871438831 0.1516057998 0.1338039339 -0.1827326417 -0.9740150571 0.1125827804 0.9792929888 -0.1682569236
271.0 -381.7 2111.0 0.9845921397 -0.1421984136 -0.1017742082 0.1338039339 0.9873502851 -0.0850641578 0.1125827804 0.0701357052 0.9911640286
17.1 -483.8 2156.5 0 0 0 0 0 0 0 0 0
132.3 -456.1 2148.2 0 0 0 0 0 0 0 0 0
-103.6 -806.7 2223.1 0 0 0 0 0 0 0 0 0
325.4 -759.2 2084.2 0 0 0 0 0 0 0 0 0
136.2 109.9 2340.2 73 0.9693617225 -0.0229807720 0.2445603758 -0.0636174306 0.9381565452 0.3403162360 -0.2372566462 -0.3454478383 0.9079510570
140.8 -79.3 2409.8 0.9693617225 -0.0229807720 0.2445603758 -0.0636174306 0.9381565452 0.3403162360 -0.2372566462 -0.3454478383 0.9079510570
144.7 -266.1 2477.9 0.9694116712 -0.0197544396 0.2446442544 -0.0658119693 0.9393339157 0.3366312683 -0.2364525944 -0.3424347937 0.9093011618
4.4 -70.1 2443.1 -0.2611047328 -0.8223571181 0.5055226088 0.9411203265 -0.3333662748 -0.0562094413 0.2147484124 0.4610810280 0.8609805107
87.9 -371.1 2374.4 0.2869594693 -0.8223571181 0.4913074970 0.4567519128 -0.3333662748 -0.8247694373 0.8420403600 0.4610810280 0.2799505889
277.3 -88.6 2376.6 -0.0052897786 0.6695250869 0.7427706122 -0.9698241949 0.1776190549 -0.1670105904 -0.2437479943 -0.7212403417 0.6483820081
276.0 -321.3 2318.1 -0.5551462770 0.6695250869 0.4935066104 -0.5254661441 0.1776190549 -0.8320677876 -0.6447464228 -0.7212403417 0.2532081902
56.1 -446.2 2567.3 0.8413432837 0.5324892402 0.0927179828 0.1372021288 -0.0444808751 -0.9895438552 -0.5227972865 0.8452671766 -0.1104823500
-165.2 -427.7 2215.9 0.8413432837 -0.1572232097 0.5171288848 0.1372021288 0.9875439405 0.0770228356 -0.5227972865 0.0061485451 0.8524348736
237.6 -458.9 2524.3 0.9843559265 -0.0865855440 0.1534481496 0.1357343942 -0.1826187074 -0.9737692475 0.1123368442 0.9793637395 -0.1680091619
274.1 -381.8 2111.2 0.9843559265 -0.1440868676 -0.1014020145 0.1357343942 0.9870946407 -0.0849727765 0.1123368442 0.0698797107 0.9912099838
12.8 -490.6 2154.1 0 0 0 0 0 0 0 0 0
131.5 -458.0 2150.3 0 0 0 0 0 0 0 0 0
-105.1 -804.9 2213.6 0 0 0 0 0 0 0 0 0
329.2 -759.2 2084.4 0 0 0 0 0 0 0 0 0
137.3 111.2 2339.5 74 0.9729070663 -0.0200344510 0.2303269207 -0.0620388761 0.9370781183 0.3435634375 -0.2227174193 -0.3485445082 0.9104469419
141.3 -77.8 2409.8 0.9729070663 -0.0200344510 0.2303269207 -0.0620388761 0.9370781183 0.3435634375 -0.2227174193 -0.3485445082 0.9104469419
144.5 -264.4 2478.3 0.9729600549 -0.0160833802 0.2304127514 -0.0647918209 0.9385143518 0.3391059637 -0.2216996402 -0.3448654413 0.9120948911
4.4 -68.7 2441.0 -0.2515793145 -0.8329628110 0.4928294122 0.9443423152 -0.3227805793 -0.0634848773 0.2119562924 0.4494281709 0.8678069115
84.4 -368.8 2373.6 0.2716589570 -0.8329628110 0.4820522666 0.4690437019 -0.3227805793 -0.8220770955 0.8403567076 0.4494281709 0.3030097187
278.3 -86.9 2378.6 -0.0078136418 0.6595810056 0.7515928745 -0.9668772817 0.1867763698 -0.1739625186 -0.2551221848 -0.7280573249 0.6362745166
276.4 -322.1 2316.5 -0.5633320808 0.6595810056 0.4976041317 -0.5184239745 0.1867763698 -0.8344765902 -0.6433456540 -0.7280573249 0.2367254943
56.7 -444.7 2567.0 0.8478374481 0.5220550895 0.0928985700 0.1372016519 -0.0467521958 -0.9894391894 -0.5121985674 0.8516294360 -0.1112650856
-160.7 -425.3 2212.5 0.8478374481 -0.1505588293 0.5084325671 0.1372016519 0.9884785414 0.0639208853 -0.5121985674 0.0155632729 0.8587260842
237.0 -456.9 2526.6 0.9823431969 -0.1010183319 0.1574712098 0.1375514120 -0.1805474311 -0.9739005566 0.1268128306 0.9783649445 -0.1634643227
279.6 -380.8 2113.9 0.9823431969 -0.1466496289 -0.1161713004 0.1375514120 0.9870241284 -0.0828434005 0.1268128306 0.0654011220 0.9897682667
13.2 -491.8 2153.4 0 0 0 0 0 0 0 0 0
129.7 -457.1 2149.1 0 0 0 0 0 0 0 0 0
-103.1 -803.0 2206.6 0 0 0 0 0 0 0 0 0
335.7 -758.1 2088.9 0 0 0 0 0 0 0 0 0
137.5 111.3 2339.1 75 0.9708597064 -0.0141217541 0.2392322272 -0.0702764913 0.9375984669 0.3405442238 -0.2291128337 -0.3474330604 0.9092841148
140.4 -77.8 2409.2 0.9708597064 -0.0141217541 0.2392322272 -0.0702764913 0.9375984669 0.3405442238 -0.2291128337 -0.3474330604 0.9092841148
142.4 -264.5 2477.6 0.9708950520 -0.0102609769 0.2392854244 -0.0729982927 0.9388680458 0.3364491761 -0.2281097472 -0.3441242576 0.9107933044
3.8 -67.5 2441.3 -0.2571021318 -0.8471277952 0.4650516510 0.9492205977 -0.3116656840 -0.0429501198 0.1813248843 0.4303940535 0.8842410445
84.7 -366.4 2384.2 0.2793504000 -0.8471277952 0.4520374835 0.4278005064 -0.3116656840 -0.8484404683 0.8596220613 0.4303940535 0.2753377557
277.0 -88.1 2377.1 0.0020594310 0.6674108505 0.7446868420 -0.9699955583 0.1823777109 -0.1607698798 -0.2431138456 -0.7220118642 0.6477611661
277.5 -321.0 2318.7 -0.5581161976 0.6674108505 0.4930203557 -0.5193860531 0.1823777109 -0.8348512053 -0.6471046805 -0.7220118642 0.2448559254
54.5 -444.3 2566.8 0.8451119661 0.5282801390 0.0818894878 0.1299564391 -0.0544316173 -0.9900245070 -0.5185528994 0.8473235965 -0.1146542132
-165.6 -421.6 2213.9 0.8451119661 -0.1375137866 0.5166001916 0.1299564391 0.9902079105 0.0509862266 -0.5185528994 0.0240464527 0.8547073603
233.5 -457.8 2525.1 0.9842973351 -0.0961613208 0.1480262429 0.1290193796 -0.1803893149 -0.9750967622 0.1204689443 0.9788833857 -0.1651500463
274.1 -381.7 2112.2 0.9842973351 -0.1377315968 -0.1104027927 0.1290193796 0.9882006645 -0.0825433731 0.1204689443 0.0670031160 0.9904533625
12.1 -477.6 2160.8 0 0 0 0 0 0 0 0 0
132.3 -456.1 2150.3 0 0 0 0 0 0 0 0 0
-113.0 -800.0 2204.7 0 0 0 0 0 0 0 0 0
326.8 -759.5 2086.6 0 0 0 0 0 0 0 0 0
136.0 109.0 2347.5 76 0.9710153341 -0.0177063476 0.2383604497 -0.0603327043 0.9468018413 0.3161110878 -0.2312772870 -0.3213296533 0.9182908535
139.6 -81.3 2412.0 0.9710153341 -0.0177063476 0.2383604497 -0.0603327043 0.9468018413 0.3161110878 -0.2312772870 -0.3213296533 0.9182908535
142.6 -269.5 2476.0 0.9710560441 -0.0152689405 0.2383633256 -0.0626687109 0.9467051029 0.3159463108 -0.2304839343 -0.3217394948 0.9183468223
2.9 -72.5 2444.5 -0.2678725421 -0.8274869323 0.4934670329 0.9404607415 -0.3358086348 -0.0525944717 0.2092317343 0.4499977529 0.8681728244
86.9 -367.3 2378.9 0.2766340077 -0.8274869323 0.4886093140 0.4535949528 -0.3358086348 -0.8255205750 0.8471866846 0.4499977529 0.2824477851
276.2 -90.1 2379.6 0.0033519692 0.6667442918 0.7452790141 -0.9659240246 0.1950421631 -0.1701450050 -0.2588040531 -0.7193126082 0.6446781158
277.0 -321.8 2317.5 -0.5557886362 0.6667442918 0.4965390265 -0.5128979683 0.1950421631 -0.8359989524 -0.6542435884 -0.7193126082 0.2335695475
56.1 -451.8 2561.0 0.8436394930 0.5299821496 0.0859731659 0.1464359909 -0.0730687380 -0.9865178466 -0.5165548921 0.8448549509 -0.1392521411
-164.7 -421.4 2209.0 0.8436394930 -0.1403328329 0.5182462335 0.1464359909 0.9887841344 0.0293676835 -0.5165548921 0.0511141643 0.8547270894
234.7 -463.4 2518.8 0.9837366343 -0.0943945423 0.1528134197 0.1311245263 -0.2040269226 -0.9701439738 0.1227543503 0.9744037390 -0.1883313209
274.5 -377.3 2107.9 0.9837366343 -0.1426742971 -0.1091160700 0.1311245263 0.9856191874 -0.1065886319 0.1227543503 0.0905473456 0.9882978201
15.0 -485.1 2158.8 0 0 0 0 0 0 0 0 0
132.4 -455.3 2147.2 0 0 0 0 0 0 0 0 0
-111.1 -799.2 2189.4 0 0 0 0 0 0 0 0 0
329.1 -754.0 2073.3 0 0 0 0 0 0 0 0 0
135.0 107.9 2343.1 77 0.9752297997 -0.0206508264 0.2202280164 -0.0536072664 0.9438846111 0.3258958459 -0.2145998627 -0.3296291828 0.9193973541
139.1 -81.8 2409.3 0.9752297997 -0.0206508264 0.2202280164 -0.0536072664 0.9438846111 0.3258958459 -0.2145998627 -0.3296291828 0.9193973541
142.6 -269.7 2473.9 0.9752635360 -0.0176416859 0.2203402370 -0.0552717447 0.9456824064 0.3203588724 -0.2140235454 -0.3246129155 0.9213144779
1.9 -74.0 2439.4 -0.2862579823 -0.8275099397 0.4829944670 0.9402163625 -0.3396788239 -0.0247273110 0.1845250726 0.4470409155 0.8752741814
92.5 -371.6 2381.0 0.2942801118 -0.8275099397 0.4781490266 0.4156800508 -0.3396788239 -0.8436992168 0.8605865836 0.4470409155 0.2440186590
276.4 -89.5 2379.2 -0.0010531344 0.6706083417 0.7418108582 -0.9653088450 0.1930117607 -0.1758560240 -0.2611087263 -0.7162617445 0.6471409202
276.1 -323.2 2316.0 -0.5546208620 0.6706083417 0.4926257730 -0.5107567310 0.1930117607 -0.8377792239 -0.6569043398 -0.7162617445 0.2354694009
56.9 -455.6 2558.1 0.8443225622 0.5311037898 0.0710505769 0.1332259774 -0.0796382874 -0.9878808260 -0.5190089345 0.8435558677 -0.1379972249
-161.2 -422.9 2211.6 0.8443225622 -0.1335727870 0.5189197659 0.1332259774 0.9903510213 0.0381527990 -0.5190089345 0.0369203277 0.8539711237
235.6 -462.8 2518.8 0.9804336429 -0.1090590805 0.1638779342 0.1395247430 -0.2022649050 -0.9693408608 0.1388621777 0.9732394218 -0.1830908805
281.6 -377.5 2108.3 0.9804336429 -0.1522088945 -0.1248291358 0.1395247430 0.9846596718 -0.1047768146 0.1388621777 0.0853099599 0.9866303802
16.2 -479.5 2157.7 0 0 0 0 0 0 0 0 0
131.8 -456.2 2145.0 0 0 0 0 0 0 0 0 0
-110.2 -801.4 2197.5 0 0 0 0 0 0 0 0 0
339.8 -753.9 2075.7 0 0 0 0 0 0 0 0 0
134.3 106.9 2341.9 78 0.9725903869 -0.0217971951 0.2315011621 -0.0574504659 0.9422041774 0.3300768733 -0.2253161073 -0.3343294561 0.9151265025
138.7 -83.0 2409.3 0.9725903869 -0.0217971951 0.2315011621 -0.0574504659 0.9422041774 0.3300768733 -0.2253161073 -0.3343294561 0.9151265025
142.4 -270.5 2475.0 0.9726351500 -0.0185729545 0.2315941602 -0.0595419742 0.9435851574 0.3257326484 -0.2245786339 -0.3306086063 0.9166582823
1.8 -74.6 2440.9 -0.2865638137 -0.8122846484 0.5080106854 0.9350871444 -0.3525590599 -0.0362515189 0.2085503191 0.4646458626 0.8605875969
94.4 -376.7 2373.5 0.3047156930 -0.8122846484 0.4973348975 0.4227610826 -0.3525590599 -0.8348503709 0.8534760475 0.4646458626 0.2359720469
275.5 -91.3 2377.7 0.0009504962 0.6615143418 0.7499319315 -0.9654067159 0.1961496770 -0.1717998683 -0.2607469857 -0.7238259912 0.6388168335
275.8 -323.3 2315.1 -0.5514611006 0.6615143418 0.5082218647 -0.5268661976 0.1961496770 -0.8270050287 -0.6467632055 -0.7238259912 0.2403606176
56.9 -454.1 2561.4 0.8350803852 0.5470804572 0.0578248762 0.1179505363 -0.0753868222 -0.9901537895 -0.5373345613 0.8336784840 -0.1274824888
-165.8 -423.4 2222.0 0.8350803852 -0.1227603257 0.5362561345 0.1179505363 0.9920693636 0.0434280969 -0.5373345613 0.0269857477 0.8429373503
235.3 -463.6 2520.2 0.9823238254 -0.0986843109 0.1590637863 0.1375852078 -0.1955433339 -0.9709959626 0.1269259304 0.9757173061 -0.1785093695
276.9 -381.1 2108.7 0.9823238254 -0.1484567672 -0.1140195951 0.1375852078 0.9856327772 -0.0979711339 0.1269259304 0.0805519670 0.9886360168
15.3 -486.5 2151.9 0 0 0 0 0 0 0 0 0
132.3 -460.5 2146.7 0 0 0 0 0 0 0 0 0
-118.9 -802.6 2211.7 0 0 0 0 0 0 0 0 0
333.7 -757.9 2077.9 0 0 0 0 0 0 0 0 0
135.0 108.9 2341.9 79 0.9704980850 -0.0137613602 0.2407157868 -0.0679209605 0.9423337579 0.3277099431 -0.2313443571 -0.3343915045 0.9135984182
137.8 -81.1 2409.3 0.9704980850 -0.0137613602 0.2407157868 -0.0679209605 0.9423337579 0.3277099431 -0.2313443571 -0.3343915045 0.9135984182
139.4 -268.7 2475.2 0.9705467820 -0.0085157892 0.2407622039 -0.0720424652 0.9433852434 0.3237811029 -0.2298887521 -0.3315898180 0.9149860144
1.2 -71.0 2441.6 -0.2924352586 -0.8167476654 0.4973981380 0.9371584654 -0.3482773900 -0.0209018718 0.1903040707 0.4600284100 0.8672705293
95.1 -372.0 2380.5 0.3152216971 -0.8167476654 0.4832789898 0.3984574378 -0.3482773900 -0.8484895825 0.8613169789 0.4600284100 0.2156545967
274.3 -91.3 2376.9 0.0018624347 0.6686660051 0.7435605526 -0.9670066833 0.1906227320 -0.1690002978 -0.2547442913 -0.7187132239 0.6469594836
274.8 -325.2 2315.3 -0.5531481504 0.6686660051 0.4969033301 -0.5184165239 0.1906227320 -0.8336110115 -0.6521283984 -0.7187132239 0.2412049174
52.2 -450.3 2562.3 0.8314549327 0.5541319251 0.0402557515 0.1021137238 -0.0811922997 -0.9914537668 -0.5461277366 0.8284597993 -0.1240922064
-172.5 -417.4 2226.4 0.8314549327 -0.1062545329 0.5453372002 0.1021137238 0.9940469265 0.0379930623 -0.5461277366 0.0240968969 0.8373552561
230.2 -462.8 2520.1 0.9846706390 -0.0957178399 0.1458144039 0.1253224462 -0.1932104379 -0.9731207490 0.1213178858 0.9764772654 -0.1782530397
270.6 -381.3 2108.2 0.9846706390 -0.1355700344 -0.1097474918 0.1253224462 0.9875134230 -0.0954544470 0.1213178858 0.0802373663 0.9893653989
13.6 -474.9 2157.9 0 0 0 0 0 0 0 0 0
130.8 -460.1 2145.6 0 0 0 0 0 0 0 0 0
-131.9 -797.3 2217.2 0 0 0 0 0 0 0 0 0
322.4 -758.8 2077.5 0 0 0 0 0 0 0 0 0
135.1 110.0 2339.8 80 0.9712343812 -0.0104763387 0.2378950417 -0.0727882087 0.9381539822 0.3384804726 -0.2267282009 -0.3460598290 0.9104048014
137.2 -79.1 2409.6 0.9712343812 -0.0104763387 0.2378950417 -0.0727882087 0.9381539822 0.3384804726 -0.2267282009 -0.3460598290 0.9104048014
138.4 -265.8 2477.8 0.9712648988 -0.0058388286 0.2379294187 -0.0763012543 0.9392932653 0.3345240057 -0.2254387289 -0.3430657387 0.9118570685
0.5 -68.4 2441.3 -0.2866652608 -0.8026939631 0.5229774714 0.9371472001 -0.3483071327 -0.0209119245 0.1989426613 0.4841121733 0.8520899415
93.3 -371.8 2376.9 0.3191075921 -0.8026939631 0.5038380623 0.4349294007 -0.3483071327 -0.8303725719 0.8420253992 0.4841121733 0.2379677445
273.9 -89.8 2377.9 0.0028554047 0.6703615189 0.7420291305 -0.9681586623 0.1876002550 -0.1657556295 -0.2503210604 -0.7179286480 0.6495520473
274.6 -323.8 2317.4 -0.5521094799 0.6703615189 0.4957726598 -0.5203198195 0.1876002550 -0.8331106901 -0.6514924169 -0.7179286480 0.2452265322
50.4 -445.9 2566.7 0.8324993253 0.5527902842 0.0369829535 0.0918246433 -0.0718413740 -0.9931802750 -0.5463635325 0.8302178979 -0.1105676740
-173.2 -416.8 2230.9 0.8324993253 -0.1028373092 0.5443981290 0.0918246433 0.9946430922 0.0474697910 -0.5463635325 0.0104705961 0.8374826908
228.6 -459.5 2525.3 0.9844174385 -0.0995919853 0.1449268311 0.1252796501 -0.1811449081 -0.9754442573 0.1233991832 0.9784007072 -0.1658453494
270.6 -383.1 2112.6 0.9844174385 -0.1343081743 -0.1135062203 0.1252796501 0.9886203408 -0.0832758918 0.1233991832 0.0677582175 0.9900411367
10.7 -484.4 2158.8 0 0 0 0 0 0 0 0 0
130.9 -459.2 2147.8 0 0 0 0 0 0 0 0 0
-133.9 -797.0 2226.9 0 0 0 0 0 0 0 0 0
322.0 -761.1 2086.7 0 0 0 0 0 0 0 0 0
136.5 109.7 2346.3 81 0.9715131521 -0.0064282385 0.2368983924 -0.0722877830 0.9439539909 0.3220642209 -0.2256914973 -0.3300144970 0.9165990353
137.8 -80.0 2412.6 0.9715131521 -0.0064282385 0.2368983924 -0.0722877830 0.9439539909 0.3220642209 -0.2256914973 -0.3300144970 0.9165990353
138.1 -267.7 2477.9 0.9715305567 -0.0014849555 0.2369097322 -0.0764330700 0.9445457458 0.3193607628 -0.2242463082 -0.3283764720 0.9175415635
1.0 -69.2 2444.2 -0.2707830667 -0.7904444933 0.5494306684 0.9354718328 -0.3507119715 -0.0435148664 0.2270879894 0.5021938682 0.8344054222
89.0 -373.2 2370.4 0.3187200129 -0.7904444933 0.5230823159 0.4646450579 -0.3507119715 -0.8130843043 0.8261492252 0.5021938682 0.2554971874
274.5 -90.7 2381.1 0.0029066657 0.6672245860 0.7448509336 -0.9654914141 0.1958472580 -0.1716689020 -0.2604187131 -0.7186481953 0.6447688341
275.2 -322.2 2318.6 -0.5430766344 0.6672245860 0.5097833872 -0.5324131846 0.1958472580 -0.8235169053 -0.6493104100 -0.7186481953 0.2488790601
49.2 -448.6 2563.7 0.8336309791 0.5513636470 0.0325191729 0.0960714370 -0.0867714062 -0.9915850759 -0.5439022779 0.8297402263 -0.1253056377
-173.6 -413.6 2228.5 0.8336309791 -0.0982197300 0.5435184240 0.0960714370 0.9948460460 0.0324283056 -0.5439022779 0.0251833573 0.8387706280
227.5 -462.5 2522.6 0.9845583439 -0.1027373672 0.1417389512 0.1196638644 -0.1959879547 -0.9732775688 0.1277711093 0.9752095938 -0.1806676239
270.8 -379.8 2111.3 0.9845583439 -0.1308298558 -0.1163118407 0.1196638644 0.9879345298 -0.0983156636 0.1277711093 0.0828791857 0.9883347750
6.4 -493.7 2156.1 0 0 0 0 0 0 0 0 0
133.8 -460.8 2149.6 0 0 0 0 0 0 0 0 0
-136.0 -793.8 2218.9 0 0 0 0 0 0 0 0 0
320.8 -757.5 2079.6 0 0 0 0 0 0 0 0 0
135.8 108.3 2344.0 82 0.9696667194 -0.0077982810 0.2443064004 -0.0762444064 0.9399728775 0.3326226175 -0.2322352827 -0.3411600888 0.9108658433
137.3 -81.4 2412.9 0.9696667194 -0.0077982810 0.2443064004 -0.0762444064 0.9399728775 0.3326226175 -0.2322352827 -0.3411600888 0.9108658433
137.8 -268.3 2480.4 0.9696916938 -0.0022106830 0.2443217933 -0.0809339136 0.9405996203 0.3297303319 -0.2305379212 -0.3395106792 0.9119126797
0.9 -70.0 2445.3 -0.2644226849 -0.7734822631 0.5760258436 0.9349491596 -0.3520923257 -0.0436011739 0.2365390211 0.5270257592 0.8162677884
86.9 -374.4 2368.3 0.3333089948 -0.7734822631 0.5391013622 0.4812938869 -0.3520923257 -0.8027372956 0.8107165098 0.5270257592 0.2549167573
273.8 -92.8 2380.4 0.0058094342 0.6731629372 0.7394713759 -0.9667459130 0.1928499192 -0.1679621041 -0.2556728423 -0.7139051557 0.6518978477
275.2 -322.2 2319.8 -0.5378631353 0.6731629372 0.5074986815 -0.5348449945 0.1928499192 -0.8226480484 -0.6516472101 -0.7139051557 0.2563109398
49.3 -448.0 2569.0 0.8294504285 0.5578145981 0.0292371940 0.0874765590 -0.0780220255 -0.9931064248 -0.5516881347 0.8262901306 -0.1135111079
-176.0 -416.5 2235.3 0.8294504285 -0.0957723483 0.5503086448 0.0874765590 0.9953072667 0.0413684919 -0.5516881347 0.0138259958 0.8339358568
227.2 -462.7 2526.7 0.9856981039 -0.0957959592 0.1386447996 0.1193188429 -0.1842540503 -0.9756093025 0.1190052927 0.9781991243 -0.1701886058
267.6 -385.0 2114.1 0.9856981039 -0.1284394115 -0.1090988815 0.1193188429 0.9890898466 -0.0863964260 0.1190052927 0.0721432418 0.9902691841
0.4 -499.3 2157.9 0 0 0 0 0 0 0 0 0
135.2 -461.4 2150.1 0 0 0 0 0 0 0 0 0
-139.4 -796.9 2230.0 0 0 0 0 0 0 0 0 0
316.7 -763.1 2086.6 0 0 0 0 0 0 0 0 0
136.1 108.3 2342.4 83 0.9745026231 -0.0075411522 0.2242493629 -0.0688210800 0.9412155151 0.3307218850 -0.2135610133 -0.3377224505 0.9166980386
137.6 -81.6 2410.6 0.9745026231 -0.0075411522 0.2242493629 -0.0688210800 0.9412155151 0.3307218850 -0.2135610133 -0.3377224505 0.9166980386
138.3 -268.9 2477.2 0.9745203257 -0.0036399213 0.2242697775 -0.0717996359 0.9421945214 0.3272831142 -0.2124970555 -0.3350465298 0.9179263711
0.5 -71.5 2440.5 -0.2639402449 -0.7990648150 0.5402138233 0.9382585287 -0.3425506055 -0.0482696891 0.2236211896 0.4941199422 0.8401422501
84.9 -371.8 2368.9 0.3013548851 -0.7990648150 0.5202698112 0.4829626381 -0.3425506055 -0.8058574200 0.8221510649 0.4941199422 0.2826891243
274.7 -91.8 2380.7 -0.0013018115 0.6627289653 0.7488582134 -0.9635612965 0.1994770169 -0.1782093942 -0.2674845457 -0.7218027711 0.6383202672
274.4 -324.3 2316.1 -0.5526041389 0.6627289653 0.5053899288 -0.5202265978 0.1994770169 -0.8304054737 -0.6511474252 -0.7218027711 0.2345373929
49.7 -449.7 2563.3 0.8388693333 0.5429105759 0.0393229835 0.0966769680 -0.0775070712 -0.9922934175 -0.5356788039 0.8362061381 -0.1175052598
-169.5 -418.4 2225.7 0.8388693333 -0.1040726528 0.5342912078 0.0966769680 0.9944329262 0.0419133306 -0.5356788039 0.0164938439 0.8442607522
228.5 -462.8 2524.3 0.9822429419 -0.1127055213 0.1499875337 0.1268738806 -0.1898986548 -0.9735715389 0.1382093281 0.9753132463 -0.1722272336
276.0 -382.7 2113.0 0.9822429419 -0.1380231827 -0.1270763576 0.1268738806 0.9876394272 -0.0920404047 0.1382093281 0.0742833689 0.9876133800
6.7 -497.2 2155.5 0 0 0 0 0 0 0 0 0
130.6 -459.7 2146.7 0 0 0 0 0 0 0 0 0
-129.7 -798.6 2219.4 0 0 0 0 0 0 0 0 0
328.8 -760.3 2084.6 0 0 0 0 0 0 0 0 0
136.7 111.5 2341.1 84 0.9728359580 -0.0041203909 0.2314589173 -0.0747415423 0.9407049417 0.3308895230 -0.2190979421 -0.3392008245 0.9148436189
137.5 -78.5 2409.6 0.9728359580 -0.0041203909 0.2314589173 -0.0747415423 0.9407049417 0.3308895230 -0.2190979421 -0.3392008245 0.9148436189
137.6 -265.6 2476.8 0.9728434682 -0.0005403254 0.2314632535 -0.0777871683 0.9410726428 0.3291374445 -0.2180015743 -0.3382041156 0.9154743552
0.6 -67.5 2440.3 -0.2496180385 -0.8176997900 0.5187079310 0.9393352866 -0.3346021771 -0.0754356980 0.2352445573 0.4684105814 0.8516169786
83.2 -378.3 2362.4 0.2908196747 -0.8176997900 0.4967806339 0.4621093869 -0.3346021771 -0.8212772012 0.8377820849 0.4684105814 0.2805578411
274.4 -89.4 2378.9 0.0023271909 0.6641262174 0.7476168275 -0.9656502008 0.1957506686 -0.1708841920 -0.2598351836 -0.7215386629 0.6417691708
275.0 -324.2 2315.7 -0.5546078682 0.6641262174 0.5013446808 -0.5181963444 0.1957506686 -0.8325588107 -0.6510627270 -0.7215386629 0.2355829179
49.9 -450.6 2560.4 0.8488187194 0.5270415545 0.0416403711 0.0998897105 -0.0825341567 -0.9915695190 -0.5191616416 0.8458222747 -0.1227025688
-162.5 -417.3 2219.5 0.8488187194 -0.1060072929 0.5179470778 0.0998897105 0.9942029715 0.0397811122 -0.5191616416 0.0179706309 0.8544871211
229.1 -462.9 2523.1 0.9819638133 -0.1168578565 0.1486315578 0.1253417432 -0.1861937195 -0.9744851589 0.1415505111 0.9755389094 -0.1681883186
278.5 -384.2 2110.8 0.9819638133 -0.1365856826 -0.1307342649 0.1253417432 0.9879574180 -0.0907168090 0.1415505111 0.0726941600 0.9872583151
7.7 -498.4 2144.9 0 0 0 0 0 0 0 0 0
130.6 -459.1 2146.3 0 0 0 0 0 0 0 0 0
-122.0 -797.4 2212.7 0 0 0 0 0 0 0 0 0
330.7 -761.9 2083.0 0 0 0 0 0 0 0 0 0
136.5 111.0 2340.9 85 0.9705544114 0.0026543890 0.2408674210 -0.0834956095 0.9416542053 0.3260611594 -0.2259483337 -0.3365714848 0.9141482115
135.9 -79.2 2408.9 0.9705544114 0.0026543890 0.2408674210 -0.0834956095 0.9416542053 0.3260611594 -0.2259483337 -0.3365714848 0.9141482115
134.7 -266.6 2475.3 0.9705424905 0.0061095944 0.2408524901 -0.0860526115 0.9425299764 0.3228500485 -0.2250382155 -0.3340656757 0.9152911901
-0.7 -67.1 2440.6 -0.2643526196 -0.8346853852 0.4831334949 0.9443125725 -0.3257949650 -0.0461669192 0.1959373057 0.4440247118 0.8743286729
85.1 -373.4 2377.1 0.2951310575 -0.8346853852 0.4649709165 0.4160949886 -0.3257949650 -0.8489538431 0.8600945473 0.4440247118 0.2511562109
272.5 -91.3 2377.3 0.0149024790 0.6683251262 0.7437199950 -0.9678202271 0.1965059936 -0.1571921855 -0.2512009144 -0.7174447179 0.6497470140
276.1 -323.3 2317.0 -0.5530613065 0.6683251262 0.4974582493 -0.5137249231 0.1965059936 -0.8351479769 -0.6559038758 -0.7174447179 0.2346553952
45.1 -448.6 2560.6 0.8555629849 0.5158880353 0.0432612635 0.0989373326 -0.0809102803 -0.9917988181 -0.5081568956 0.8528265357 -0.1202644259
-163.7 -415.8 2215.4 0.8555629849 -0.1000805497 0.5079329610 0.0989373326 0.9946612716 0.0293328650 -0.5081568956 0.0251574181 0.8608970046
227.3 -459.8 2523.5 0.9815391302 -0.1213475540 0.1478369236 0.1253116727 -0.1759309322 -0.9763939977 0.1444921196 0.9768946171 -0.1574768275
279.0 -384.9 2107.4 0.9815391302 -0.1348218620 -0.1356615424 0.1253116727 0.9891718626 -0.0763936862 0.1444921196 0.0579834171 0.9878056049
8.6 -481.1 2154.3 0 0 0 0 0 0 0 0 0
132.1 -457.0 2146.3 0 0 0 0 0 0 0 0 0
-125.4 -796.1 2205.7 0 0 0 0 0 0 0 0 0
330.6 -763.0 2085.2 0 0 0 0 0 0 0 0 0
135.3 111.3 2340.4 86 0.9696775079 0.0039917105 0.2443555146 -0.0868356377 0.9402481914 0.3292308152 -0.2284406424 -0.3404664695 0.9120841026
134.5 -78.8 2409.2 0.9696775079 0.0039917105 0.2443555146 -0.0868356377 0.9402481914 0.3292308152 -0.2284406424 -0.3404664695 0.9120841026
132.7 -265.9 2476.3 0.9696508646 0.0089961272 0.2443282604 -0.0906955823 0.9412579536 0.3252811432 -0.2270496339 -0.3375686407 0.9135074615
-1.9 -66.1 2441.1 -0.2700392306 -0.8211443424 0.5027929544 0.9394036531 -0.3392240107 -0.0494757220 0.2111861557 0.4589651525 0.8629897833
87.9 -378.7 2370.9 0.3097774982 -0.8211443424 0.4793327153 0.4104970694 -0.3392240107 -0.8464155197 0.8576304913 0.4589651525 0.2319933772
271.0 -91.6 2377.2 0.0165440626 0.6753172278 0.7373418212 -0.9678602815 0.1958983988 -0.1577032804 -0.2509438097 -0.7110347748 0.6568536758
275.0 -324.6 2316.8 -0.5501368046 0.6753172278 0.4912190139 -0.5083113313 0.1958983988 -0.8385961056 -0.6625474095 -0.7110347748 0.2355004698
42.3 -446.0 2563.3 0.8592781425 0.5095310211 0.0449353531 0.0961266309 -0.0745743886 -0.9925715923 -0.5023949742 0.8572145700 -0.1130596399
-164.4 -415.7 2215.5 0.8592781425 -0.0979858637 0.5020356774 0.0961266309 0.9949271679 0.0296578258 -0.5023949742 0.0227746721 0.8643382788
222.3 -460.4 2523.8 0.9795213938 -0.1336493641 0.1505846530 0.1263377666 -0.1743526608 -0.9765448570 0.1567694396 0.9755710959 -0.1538971961
279.2 -386.1 2108.2 0.9795213938 -0.1348163337 -0.1495407820 0.1263377666 0.9898645282 -0.0648609996 0.1567694396 0.0446400903 0.9866258502
7.6 -485.2 2148.3 0 0 0 0 0 0 0 0 0
131.8 -456.9 2144.4 0 0 0 0 0 0 0 0 0
-126.9 -796.1 2206.8 0 0 0 0 0 0 0 0 0
330.8 -764.5 2091.1 0 0 0 0 0 0 0 0 0
135.9 110.4 2339.6 87 0.9714136720 0.0072269430 0.2372830808 -0.0891494229 0.9374842048 0.3364160061 -0.2200178802 -0.3479527533 0.9113292694
134.4 -78.7 2409.7 0.9714136720 0.0072269430 0.2372830808 -0.0891494229 0.9374842048 0.3364160061 -0.2200178802 -0.3479527533 0.9113292694
132.1 -265.0 2479.0 0.9713730216 0.0115055786 0.2372805029 -0.0932151899 0.9371809959 0.3361587226 -0.2185070813 -0.3486536741 0.9114248753
-2.3 -65.6 2440.5 -0.2684659958 -0.8187321424 0.5075467229 0.9376636147 -0.3428298533 -0.0570489913 0.2207100093 0.4605923593 0.8597335219
86.7 -376.3 2367.3 0.2923434377 -0.8187321424 0.4941790700 0.4415175021 -0.3428298533 -0.8291742802 0.8482909799 0.4605923593 0.2612605393
271.1 -91.8 2379.0 0.0158338826 0.6656184196 0.7461242676 -0.9651027918 0.2052539885 -0.1626264155 -0.2613921165 -0.7175115943 0.6456401944
275.0 -325.0 2315.8 -0.5531157255 0.6656184196 0.5010140538 -0.5097678304 0.2052539885 -0.8354684711 -0.6589383483 -0.7175115943 0.2257816344
40.9 -443.4 2567.9 0.8653102517 0.4988613129 0.0487393327 0.0915242359 -0.0616508015 -0.9938926101 -0.4928097427 0.8644862771 -0.0990049765
-161.7 -418.3 2216.9 0.8653102517 -0.0991420746 0.4913338721 0.0915242359 0.9950156212 0.0395882539 -0.4928097427 0.0107128378 0.8700711131
219.8 -460.6 2523.9 0.9790362716 -0.1404362917 0.1475318819 0.1221051365 -0.1750727594 -0.9769544005 0.1630286574 0.9744881392 -0.1542545855
279.8 -385.9 2107.8 0.9790362716 -0.1321368366 -0.1550092399 0.1221051365 0.9898593426 -0.0725862235 0.1630286574 0.0521371178 0.9852427840
10.8 -490.9 2147.2 0 0 0 0 0 0 0 0 0
131.0 -457.6 2144.3 0 0 0 0 0 0 0 0 0
-123.8 -798.7 2212.8 0 0 0 0 0 0 0 0 0
330.3 -764.3 2087.9 0 0 0 0 0 0 0 0 0
137.7 113.9 2338.7 88 0.9705731273 0.0118984766 0.2405125052 -0.0947363302 0.9371059537 0.3359426260 -0.2213885039 -0.3488421440 0.9106570482
135.3 -75.6 2409.2 0.9705731273 0.0118984766 0.2405125052 -0.0947363302 0.9371059537 0.3359426260 -0.2213885039 -0.3488421440 0.9106570482
132.5 -261.6 2479.4 0.9705370069 0.0137269860 0.2405607700 -0.0973744169 0.9355633259 0.3394693732 -0.2203999460 -0.3528920412 0.9093354940
-1.3 -61.9 2440.2 -0.2606464326 -0.8237402439 0.5035032034 0.9402202964 -0.3349970579 -0.0613412112 0.2192013115 0.4574155509 0.8618130684
85.6 -375.6 2367.1 0.2876421213 -0.8237402439 0.4885836840 0.4483118951 -0.3349970579 -0.8287299871 0.8463323712 0.4574155509 0.2729332745
271.8 -89.3 2378.2 0.0218494032 0.6475812793 0.7616830468 -0.9674380422 0.2058552653 -0.1472660750 -0.2521632314 -0.7336634994 0.6309925318
277.1 -322.2 2317.5 -0.5630791187 0.6475812793 0.5134007931 -0.5194289684 0.2058552653 -0.8293474317 -0.6427561045 -0.7336634994 0.2204596698
40.8 -438.9 2569.5 0.8655299544 0.4986762106 0.0466895252 0.0871328861 -0.0581206866 -0.9944998026 -0.4932197630 0.8648375869 -0.0937562957
-161.8 -415.3 2218.0 0.8655299544 -0.0963599235 0.4915004075 0.0871328861 0.9953237772 0.0416951776 -0.4932197630 0.0067374227 0.8698786497
219.3 -456.9 2527.1 0.9806773067 -0.1358737350 0.1407492161 0.1166423857 -0.1714856923 -0.9782572389 0.1570559442 0.9757720232 -0.1523234993
278.0 -382.8 2105.5 0.9806773067 -0.1270804703 -0.1487365663 0.1166423857 0.9901885986 -0.0769487694 0.1570559442 0.0581129193 0.9858784676
10.9 -492.0 2147.2 0 0 0 0 0 0 0 0 0
130.6 -457.4 2150.2 0 0 0 0 0 0 0 0 0
-125.0 -795.8 2215.5 0 0 0 0 0 0 0 0 0
326.5 -761.3 2083.3 0 0 0 0 0 0 0 0 0
138.7 112.5 2338.7 89 0.9686666727 0.0123256398 0.2480582893 -0.0981464908 0.9364722967 0.3367297947 -0.2281493098 -0.3505249619 0.9083392024
136.2 -76.5 2409.4 0.9686666727 0.0123256398 0.2480582893 -0.0981464908 0.9364722967 0.3367297947 -0.2281493098 -0.3505249619 0.9083392024
133.2 -262.5 2479.5 0.9686256647 0.0149729587 0.2480729222 -0.1009618193 0.9358115792 0.3377327323 -0.2270926535 -0.3521824777 0.9079627991
-0.1 -62.2 2441.4 -0.2733657360 -0.8258916140 0.4931269288 0.9413178563 -0.3351945281 -0.0395645089 0.1979694515 0.4533736110 0.8690572381
88.7 -368.1 2377.1 0.2860732675 -0.8258916140 0.4858652949 0.4437944591 -0.3351945281 -0.8310782909 0.8492400050 0.4533736110 0.2706359327
272.5 -90.7 2377.5 0.0224420559 0.6541476250 0.7560338974 -0.9680565000 0.2031149566 -0.1470066160 -0.2497258186 -0.7285844088 0.6378101707
277.8 -320.9 2318.1 -0.5531022549 0.6541476250 0.5159155130 -0.5285853744 0.2031149566 -0.8242219687 -0.6439529657 -0.7285844088 0.2334295064
41.4 -439.4 2570.2 0.8630517721 0.5032932758 0.0428668223 0.0845034271 -0.0601942204 -0.9946033359 -0.4979968071 0.8620165586 -0.0944807306
-163.2 -415.0 2219.8 0.8630517721 -0.0926608071 0.4965437055 0.0845034271 0.9956625700 0.0389252119 -0.4979968071 0.0083651710 0.8671385050
219.3 -458.0 2527.5 0.9825745821 -0.1285124719 0.1342824697 0.1111934260 -0.1724987626 -0.9787135124 0.1489404589 0.9765903354 -0.1552031636
275.2 -383.0 2103.1 0.9825745821 -0.1219124645 -0.1403017789 0.1111934260 0.9904195070 -0.0818853006 0.1489404589 0.0648577809 0.9867168665
13.9 -484.1 2155.1 0 0 0 0 0 0 0 0 0
133.9 -458.4 2150.5 0 0 0 0 0 0 0 0 0
-127.8 -795.6 2216.6 0 0 0 0 0 0 0 0 0
321.8 -761.7 2078.3 0 0 0 0 0 0 0 0 0
137.9 110.3 2339.3 90 0.9666759372 0.0045389268 0.2559628785 -0.0945872366 0.9354263544 0.3406328857 -0.2378883362 -0.3534924388 0.9046835303
137.0 -78.2 2410.5 0.9666759372 0.0045389268 0.2559628785 -0.0945872366 0.9354263544 0.3406328857 -0.2378883362 -0.3534924388 0.9046835303
135.3 -264.2 2480.7 0.9666507244 0.0086419452 0.2559525371 -0.0981686339 0.9355916977 0.3391622901 -0.2365360409 -0.3529779911 0.9052387476
1.0 -64.4 2443.8 -0.2656975389 -0.8126258254 0.5186946392 0.9395232201 -0.3388694525 -0.0496342964 0.2161038816 0.4741379619 0.8535175920
87.5 -370.5 2373.4 0.2953814268 -0.8126258254 0.5023834705 0.4618389606 -0.3388694525 -0.8196781278 0.8363339901 0.4741379619 0.2752065063
273.0 -92.0 2377.2 0.0129089840 0.6645265222 0.7471531630 -0.9670934677 0.1981759518 -0.1595509350 -0.2540936172 -0.7205073237 0.6452175379
276.1 -323.1 2316.5 -0.5493468642 0.6645265222 0.5065792203 -0.5240802765 0.1981759518 -0.8282911181 -0.6508132219 -0.7205073237 0.2393978983
41.7 -439.7 2570.5 0.8688927889 0.4926968515 0.0476986393 0.0929655731 -0.0677804500 -0.9933595657 -0.4861920774 0.8675572872 -0.1046977937
-161.1 -411.8 2213.5 0.8688927889 -0.1061695293 0.4834804833 0.0929655731 0.9943479896 0.0512788892 -0.4861920774 0.0003911846 0.8738518953
222.4 -459.3 2528.6 0.9838386774 -0.1176915243 0.1349448860 0.1135729104 -0.1724736392 -0.9784446955 0.1384290904 0.9779578447 -0.1563196629
273.6 -384.1 2102.3 0.9838386774 -0.1238340214 -0.1293311715 0.1135729104 0.9899777770 -0.0839357078 0.1384290904 0.0678906813 0.9880426526
10.1 -491.5 2154.1 0 0 0 0 0 0 0 0 0
133.1 -459.5 2147.1 0 0 0 0 0 0 0 0 0
-120.5 -791.9 2213.4 0 0 0 0 0 0 0 0 0
321.0 -762.6 2076.4 0 0 0 0 0 0 0 0 0
136.7 111.4 2340.0 91 0.9670432210 0.0023991887 0.2546008825 -0.0921367332 0.9354843497 0.3411449194 -0.2373566777 -0.3533599973 0.9048748612
136.2 -77.5 2411.4 0.9670432210 0.0023991887 0.2546008825 -0.0921367332 0.9354843497 0.3411449194 -0.2373566777 -0.3533599973 0.9048748612
134.8 -263.5 2481.5 0.9670231342 0.0070003550 0.2545922101 -0.0961339027 0.9357099533 0.3394188881 -0.2358484268 -0.3527008593 0.9055261612
0.1 -64.0 2444.6 -0.2615837157 -0.8185776472 0.5113752484 0.9393185973 -0.3377341926 -0.0601343289 0.2219335139 0.4646141231 0.8572509885
85.2 -369.6 2372.3 0.2780253589 -0.8185776472 0.5026256442 0.4748380482 -0.3377341926 -0.8126896024 0.8350034356 0.4646141231 0.2947931290
272.3 -91.0 2378.2 0.0119896745 0.6665993333 0.7453197837 -0.9673174024 0.1965377480 -0.1602186263 -0.2532851100 -0.7190397978 0.6471695304
275.2 -323.7 2317.3 -0.5528505445 0.6665993333 0.5000016093 -0.5166803598 0.1965377480 -0.8333152533 -0.6537565589 -0.7190397978 0.2357627898
43.1 -440.0 2572.2 0.8724200726 0.4862762392 0.0491798669 0.0978062525 -0.0751088560 -0.9923671484 -0.4788707197 0.8705711365 -0.1130873263
-159.9 -408.6 2208.9 0.8724200726 -0.1133704782 0.4754264951 0.0978062525 0.9935461879 0.0574445762 -0.4788707197 -0.0036161186 0.8778780103
222.2 -458.4 2529.7 0.9835913777 -0.1177532747 0.1366825551 0.1151940897 -0.1731583327 -0.9781342149 0.1388462335 0.9778293967 -0.1567525566
273.6 -382.8 2102.9 0.9835913777 -0.1256920546 -0.1294197142 0.1151940897 0.9896425605 -0.0856615454 0.1388462335 0.0693475753 0.9878829122
12.2 -494.3 2153.1 0 0 0 0 0 0 0 0 0
131.3 -458.1 2147.1 0 0 0 0 0 0 0 0 0
-116.6 -788.4 2210.2 0 0 0 0 0 0 0 0 0
321.6 -761.2 2076.3 0 0 0 0 0 0 0 0 0
136.6 110.0 2346.4 92 0.9634210467 0.0046009831 0.2679528296 -0.0935352668 0.9427492619 0.3201170564 -0.2511394918 -0.3334705532 0.9086948633
135.6 -79.8 2413.5 0.9634210467 0.0046009831 0.2679528296 -0.0935352668 0.9427492619 0.3201170564 -0.2511394918 -0.3334705532 0.9086948633
134.1 -266.9 2480.6 0.9633957148 0.0076754643 0.2679735720 -0.0974271521 0.9412673116 0.3233014047 -0.2497532815 -0.3375750780 0.9075606465
0.1 -66.1 2448.7 -0.2796441019 -0.8154512048 0.5067923665 0.9360832572 -0.3489040434 -0.0448784977 0.2134181410 0.4618498385 0.8608992100
90.1 -367.6 2379.9 0.2882602215 -0.8154512048 0.5019415617 0.4471341074 -0.3489040434 -0.8236122131 0.8467450142 0.4618498385 0.2640408874
271.2 -93.5 2378.4 0.0203030277 0.6702327728 0.7418732047 -0.9675862789 0.1999958754 -0.1542026997 -0.2517232895 -0.7146955132 0.6525685191
276.0 -321.7 2319.0 -0.5520728230 0.6702327728 0.4959875643 -0.5092306733 0.1999958754 -0.8370697498 -0.6602270603 -0.7146955132 0.2308907807
43.8 -440.1 2573.1 0.8710971475 0.4878866971 0.0561809614 0.1059661433 -0.0750202388 -0.9915357232 -0.4795424044 0.8696772456 -0.1170493886
-159.5 -408.8 2210.7 0.8710971475 -0.1186289340 0.4765678346 0.1059661433 0.9929309487 0.0534730405 -0.4795424044 0.0039198431 0.8775099516
221.0 -463.0 2524.7 0.9859453440 -0.1061553508 0.1290072203 0.1074282899 -0.1885422766 -0.9761716127 0.1279491633 0.9763108492 -0.1744882911
267.3 -380.6 2098.3 0.9859453440 -0.1191245243 -0.1171374097 0.1074282899 0.9890114665 -0.1015653163 0.1279491633 0.0875539780 0.9879085422
14.2 -485.3 2157.0 0 0 0 0 0 0 0 0 0
132.3 -454.2 2147.2 0 0 0 0 0 0 0 0 0
-114.2 -788.4 2209.2 0 0 0 0 0 0 0 0 0
312.9 -758.7 2064.8 0 0 0 0 0 0 0 0 0
135.7 107.4 2342.6 93 0.9692499638 -0.0030649097 0.2460590899 -0.0821890160 0.9384695292 0.3354398608 -0.2319470495 -0.3453484476 0.9093596935
136.3 -81.6 2412.2 0.9692499638 -0.0030649097 0.2460590899 -0.0821890160 0.9384695292 0.3354398608 -0.2319470495 -0.3453484476 0.9093596935
135.7 -268.4 2480.1 0.9692502618 0.0029481107 0.2460593879 -0.0867919698 0.9397639632 0.3306218386 -0.2302630395 -0.3418112993 0.9111223817
-0.1 -69.4 2444.6 -0.2768287957 -0.8112679720 0.5149855018 0.9360163808 -0.3488786519 -0.0464435890 0.2173456550 0.4691779613 0.8559398055
88.8 -369.8 2374.8 0.2836532891 -0.8112679720 0.5112583637 0.4668430090 -0.3488786519 -0.8126138449 0.8376147151 0.4691779613 0.2797741890
272.7 -93.8 2379.8 0.0125904242 0.6794412136 0.7336219549 -0.9678240418 0.1926783174 -0.1618385017 -0.2513127923 -0.7079793215 0.6600054502
275.7 -323.3 2320.2 -0.5529407263 0.6794412136 0.4823029935 -0.4998017251 0.1926783174 -0.8444366455 -0.6666743755 -0.7079793215 0.2330461890
46.0 -444.8 2570.4 0.8803723454 0.4689055383 0.0712186098 0.1166788787 -0.0685799569 -0.9907990694 -0.4597070217 0.8805818558 -0.1150872707
-148.1 -416.4 2205.9 0.8803723454 -0.1357504576 0.4544406533 0.1166788787 0.9907064438 0.0699056834 -0.4597070217 -0.0085194064 0.8880297542
224.0 -463.2 2526.9 0.9818730950 -0.1230515465 0.1441649497 0.1199411005 -0.1855705678 -0.9752833843 0.1467629075 0.9748958349 -0.1674478203
277.8 -382.2 2101.0 0.9818730950 -0.1327371299 -0.1352999359 0.1199411005 0.9878591895 -0.0987336263 0.1467629075 0.0807158649 0.9858730435
14.0 -492.9 2154.0 0 0 0 0 0 0 0 0 0
131.8 -453.3 2146.7 0 0 0 0 0 0 0 0 0
-96.2 -795.1 2209.2 0 0 0 0 0 0 0 0 0
328.5 -759.8 2070.1 0 0 0 0 0 0 0 0 0
135.1 107.4 2347.7 94 0.9708608389 -0.0082135815 0.2395032048 -0.0679869428 0.9489095807 0.3081370294 -0.2297977805 -0.3154412806 0.9207007289
136.8 -83.9 2411.3 0.9708608389 -0.0082135815 0.2395032048 -0.0679869428 0.9489095807 0.3081370294 -0.2297977805 -0.3154412806 0.9207007289
137.2 -272.4 2474.1 0.9708929658 -0.0019217784 0.2395059764 -0.0740070716 0.9486279488 0.3076165318 -0.2277932465 -0.3163878620 0.9208739996
0.2 -73.4 2443.3 -0.2937473059 -0.8129223585 0.5028615594 0.9351094365 -0.3534645736 -0.0251627360 0.1981990933 0.4628390968 0.8640006185
92.9 -368.4 2380.8 0.2927765250 -0.8129223585 0.5034273863 0.4389695823 -0.3534645736 -0.8260560036 0.8494631648 0.4628390968 0.2533620596
273.4 -94.3 2379.2 0.0062142317 0.6677451730 0.7443640232 -0.9650037289 0.1991562694 -0.1706005037 -0.2621624172 -0.7172539234 0.6456142068
274.9 -324.6 2316.7 -0.5554881096 0.6677451730 0.4955293536 -0.5081034303 0.1991562694 -0.8379544616 -0.6582278013 -0.7172539234 0.2286546677
47.1 -447.2 2569.1 0.8752355576 0.4807094038 0.0536766574 0.1016502380 -0.0743035898 -0.9920414090 -0.4728952944 0.8737261891 -0.1138973683
-151.5 -416.5 2208.1 0.8752355576 -0.1186694726 0.4689139426 0.1016502380 0.9929144382 0.0615480319 -0.4728952944 -0.0062038107 0.8810967803
226.7 -467.7 2516.1 0.9803286195 -0.1262112707 0.1517448425 0.1226925105 -0.2125425786 -0.9694184661 0.1546037793 0.9689666629 -0.1928763837
281.8 -374.8 2092.8 0.9803286195 -0.1400431395 -0.1390816271 0.1226925105 0.9843671918 -0.1263638288 0.1546037793 0.1068138033 0.9821855426
15.4 -484.6 2156.1 0 0 0 0 0 0 0 0 0
130.3 -456.8 2145.4 0 0 0 0 0 0 0 0 0
-106.1 -796.0 2210.5 0 0 0 0 0 0 0 0 0
335.3 -751.0 2052.0 0 0 0 0 0 0 0 0 0
136.5 108.2 2343.2 95 0.9710844159 -0.0052562086 0.2386785001 -0.0749641210 0.9424781203 0.3257534802 -0.2266614884 -0.3342264593 0.9148318172
137.6 -81.7 2410.6 0.9710844159 -0.0052562086 0.2386785001 -0.0749641210 0.9424781203 0.3257534802 -0.2266614884 -0.3342264593 0.9148318172
137.4 -269.3 2476.2 0.9710950851 0.0011682186 0.2386900336 -0.0798947215 0.9438980222 0.3204268515 -0.2249247283 -0.3302350044 0.9167080522
0.9 -70.5 2442.2 -0.2790654898 -0.7803264260 0.5596544147 0.9288197756 -0.3672832847 -0.0489575267 0.2437545657 0.5061557293 0.8272787333
94.0 -380.1 2361.0 0.3408997059 -0.7803264260 0.5242881179 0.4287223220 -0.3672832847 -0.8254091144 0.8366507888 0.5061557293 0.2093366086
274.3 -93.0 2379.0 0.0021181013 0.6658982635 0.7460395694 -0.9638345838 0.2001744807 -0.1759348065 -0.2664927542 -0.7186861038 0.6422397494
274.8 -326.4 2314.4 -0.5586119890 0.6658982635 0.4945019484 -0.5047455430 0.2001744807 -0.8397393227 -0.6581676006 -0.7186861038 0.2242892981
