149.9 34.4 2633.1 4 0.8684920669 0.1700427979 0.4656253457 -0.2050521821 0.9784278274 0.0251524057 -0.4513037801 -0.1173221618 0.8846244216
116.6 -157.2 2656.0 0.8684920669 0.1700427979 0.4656253457 -0.2050521821 0.9784278274 0.0251524057 -0.4513037801 -0.1173221618 0.8846244216
85.8 -345.8 2681.2 0.8685843349 0.1626554132 0.4680859447 -0.2045095861 0.9780623317 0.0396223962 -0.4513724148 -0.1301434487 0.8827942014
-1.3 -128.1 2717.6 0.5277009010 -0.8024622202 0.2785428464 0.8376740217 0.5459905863 -0.0140178306 -0.1408329904 0.2407253385 0.9603214860
-143.3 -353.5 2755.5 0.5385967493 -0.8024622202 -0.2568422258 0.4891124368 0.5459905863 -0.6801936030 0.6860631108 0.2407253385 0.6865629554
234.5 -186.3 2594.5 -0.1634610742 0.9304508567 0.3279355168 -0.7787860036 0.0823565796 -0.6218599081 -0.6056177020 -0.3570414782 0.7111600041
202.2 -340.1 2474.9 -0.0647800267 0.9304508567 -0.3606449366 0.9960374832 0.0823565796 0.0335660167 0.0609330088 -0.3570414782 -0.9320989847
-23.5 -517.4 2746.7 0.9957991838 0.0078695584 -0.0912253261 -0.0832111314 -0.3379666805 -0.9374723434 -0.0382086150 0.9411251545 -0.3358920813
-26.8 -376.7 2355.0 0.9957991838 0.0876376852 0.0265259538 -0.0832111314 0.9870379567 -0.1372296512 -0.0382086150 0.1344459206 0.9901840091
131.3 -552.1 2671.7 0.9045869708 -0.4242113531 -0.0420380197 -0.0971012935 -0.1090234295 -0.9892852306 0.4150828719 0.8989764452 -0.1398126334
296.6 -509.7 2321.5 0.9045869708 0.1546178013 -0.3972603679 -0.0971012935 0.9821409583 0.1611535400 0.4150828719 -0.1072028950 0.9034454823
-285.7 -482.8 2574.1 0 0 0 0 0 0 0 0 0
184.8 -71.7 2491.3 0 0 0 0 0 0 0 0 0
-59.5 -745.0 2304.9 0 0 0 0 0 0 0 0 0
238.9 -876.3 2361.6 0 0 0 0 0 0 0 0 0
147.3 37.8 2625.0 5 0.8424575329 0.1577697098 0.5151446462 -0.2110161930 0.9763968587 0.0460576303 -0.4957191050 -0.1475054622 0.8558648825
116.3 -153.9 2654.0 0.8424575329 0.1577697098 0.5151446462 -0.2110161930 0.9763968587 0.0460576303 -0.4957191050 -0.1475054622 0.8558648825
87.5 -342.2 2683.2 0.8428339958 0.1525103748 0.5161117911 -0.2086466402 0.9765999317 0.0521454290 -0.4960820377 -0.1516349465 0.8549324274
1.9 -124.2 2721.6 0.5167900920 -0.7894109488 0.3312979639 0.8368251324 0.5474696159 -0.0008583516 -0.1806979924 0.2776820362 0.9435257912
-137.1 -349.4 2770.2 0.5743895173 -0.7894109488 -0.2165802419 0.4991593361 0.5474696159 -0.6716523767 0.6487808824 0.2776820362 0.7085026503
230.7 -183.5 2586.4 -0.1945807040 0.9090359211 0.3684997261 -0.7869908214 0.0795568377 -0.6118138433 -0.5854774117 -0.4090530574 0.6999226809
192.3 -338.9 2470.8 -0.0640509427 0.9090359211 -0.4117659330 0.9966172576 0.0795568377 0.0206081793 0.0514923707 -0.4090530574 -0.9110565782
-17.4 -513.0 2756.9 0.9924780726 0.0606982559 -0.1063154116 -0.0809948146 -0.3256369531 -0.9420193434 -0.0917991549 0.9435445666 -0.3182713091
-42.6 -377.6 2364.5 0.9924780726 0.0914914384 0.0813422427 -0.0809948146 0.9889571071 -0.1241118014 -0.0917991549 0.1165899485 0.9889285564
132.0 -553.9 2666.0 0.9039168358 -0.4261875451 -0.0360346101 -0.0914694294 -0.1103225648 -0.9896778464 0.4178129435 0.8978825808 -0.1387055665
295.3 -511.6 2321.9 0.9039168358 0.1513357759 -0.4000397623 -0.0914694294 0.9820702076 0.1648375988 0.4178129435 -0.1124080718 0.9015524387
-289.0 -481.4 2598.7 0 0 0 0 0 0 0 0 0
175.0 -70.4 2484.6 0 0 0 0 0 0 0 0 0
-76.8 -746.6 2321.0 0 0 0 0 0 0 0 0 0
238.8 -878.2 2363.9 0 0 0 0 0 0 0 0 0
147.3 32.8 2621.5 6 0.8687863350 0.1504239440 0.4717869759 -0.2024807930 0.9773694277 0.0612411462 -0.4518980384 -0.1487332731 0.8795831800
117.6 -159.7 2650.8 0.8687863350 0.1504239440 0.4717869759 -0.2024807930 0.9773694277 0.0612411462 -0.4518980384 -0.1487332731 0.8795831800
90.0 -348.3 2679.9 0.8692277074 0.1460078508 0.4723609984 -0.1995697618 0.9777235985 0.0650270730 -0.4523440301 -0.1507923156 0.8790031672
-0.4 -131.3 2712.5 0.5132195354 -0.8098527193 0.2841553390 0.8430531025 0.5377389193 0.0099173011 -0.1608329415 0.2344682962 0.9587269425
-138.5 -358.2 2755.7 0.5344480276 -0.8098527193 -0.2418756038 0.5115215778 0.5377389193 -0.6702108383 0.6728380322 0.2344682962 0.7016506791
235.6 -188.2 2589.1 -0.1542077214 0.9269580245 0.3420070112 -0.7934198976 0.0901074335 -0.6019679904 -0.5888164639 -0.3641833067 0.7215716839
205.2 -344.8 2472.9 -0.0806063339 0.9269580245 -0.3664034009 0.9958925247 0.0901074335 0.0088715311 0.0412392057 -0.3641833067 -0.9304137826
-15.9 -520.2 2749.6 0.9968505502 0.0181011651 -0.0772099495 -0.0674308166 -0.3189533055 -0.9453686476 -0.0417386442 0.9475975633 -0.3167282045
-23.5 -387.5 2355.5 0.9968505502 0.0717881992 0.0336969346 -0.0674308166 0.9909248948 -0.1162797436 -0.0417386442 0.1136413142 0.9926447272
133.3 -550.4 2668.2 0.9040109515 -0.4250203371 -0.0460641310 -0.0971103385 -0.0992206410 -0.9903155565 0.4163337052 0.8997293711 -0.1309704185
296.7 -512.3 2322.4 0.9040109515 0.1544090807 -0.3986502290 -0.0971103385 0.9822872877 0.1602539122 0.4163337052 -0.1061582342 0.9029931426
-279.8 -493.4 2577.9 0 0 0 0 0 0 0 0 0
183.5 -76.5 2484.0 0 0 0 0 0 0 0 0 0
-50.3 -757.3 2313.0 0 0 0 0 0 0 0 0 0
239.1 -879.0 2362.0 0 0 0 0 0 0 0 0 0
146.5 40.7 2619.7 7 0.8653835654 0.1440687478 0.4799536467 -0.1972172856 0.9784033895 0.0619044118 -0.4606697559 -0.1482262164 0.8751070499
117.9 -153.1 2649.1 0.8653835654 0.1440687478 0.4799536467 -0.1972172856 0.9784033895 0.0619044118 -0.4606697559 -0.1482262164 0.8751070499
91.3 -341.9 2677.7 0.8658051491 0.1407346427 0.4801824987 -0.1943201274 0.9788821936 0.0634773672 -0.4611086249 -0.1482681632 0.8748687506
0.4 -125.4 2712.0 0.5083690882 -0.8097821474 0.2929397225 0.8457220197 0.5335737467 0.0073037376 -0.1622193754 0.2440325767 0.9561030269
-136.4 -353.0 2755.6 0.5385959744 -0.8097821474 -0.2327385098 0.5110196471 0.5335737467 -0.6739124656 0.6699054241 0.2440325767 0.7011952400
235.5 -180.8 2586.2 -0.1564827710 0.9231969714 0.3510278463 -0.7917211652 0.0952386260 -0.6034129262 -0.5905003548 -0.3723399043 0.7160114050
204.6 -337.2 2469.6 -0.0841699094 0.9231969714 -0.3749971092 0.9953932166 0.0952386260 0.0110450378 0.0459109545 -0.3723399043 -0.9269601703
-13.4 -514.5 2747.7 0.9966837764 0.0280721951 -0.0763769373 -0.0633122697 -0.3221044838 -0.9445847273 -0.0511179194 0.9462878108 -0.3192589879
-25.1 -380.4 2353.8 0.9966837764 0.0689436048 0.0432234257 -0.0633122697 0.9907131195 -0.1203288585 -0.0511179194 0.1171932444 0.9917926788
139.5 -555.9 2668.7 0.9096131325 -0.4127782285 -0.0470961966 -0.1029922366 -0.1142192483 -0.9881024957 0.4024879336 0.9036415815 -0.1464082748
296.7 -512.4 2324.6 0.9096131325 0.1493621767 -0.3876788318 -0.1029922366 0.9850804210 0.1378735751 0.4024879336 -0.0854837000 0.9114252925
-278.8 -488.1 2578.5 0 0 0 0 0 0 0 0 0
181.9 -69.0 2482.0 0 0 0 0 0 0 0 0 0
-50.8 -750.1 2310.0 0 0 0 0 0 0 0 0 0
240.9 -880.1 2356.5 0 0 0 0 0 0 0 0 0
144.8 40.0 2618.8 8 0.8744236231 0.1399488747 0.4645402730 -0.1927557737 0.9788927436 0.0679279342 -0.4452286363 -0.1489406079 0.8829429150
117.0 -154.0 2648.4 0.8744236231 0.1399488747 0.4645402730 -0.1927557737 0.9788927436 0.0679279342 -0.4452286363 -0.1489406079 0.8829429150
91.7 -342.8 2677.9 0.8748679757 0.1341972202 0.4653999507 -0.1895820796 0.9790672064 0.0740678906 -0.4457181096 -0.1530311108 0.8819959164
-1.8 -126.9 2709.1 0.5032053590 -0.8184373379 0.2773891091 0.8492048383 0.5277979374 0.0167458095 -0.1601108015 0.2271336019 0.9606117010
-137.2 -355.4 2752.2 0.5230398774 -0.8184373379 -0.2378857732 0.5206726193 0.5277979374 -0.6710658073 0.6747809649 0.2271336019 0.7021972537
235.8 -181.1 2587.6 -0.1397200376 0.9281823635 0.3448997140 -0.7972745299 0.1011120677 -0.5950879455 -0.5872236490 -0.3581254780 0.7258887887
208.2 -338.5 2471.6 -0.0939534754 0.9281823635 -0.3600697815 0.9948744774 0.1011120677 0.0010512315 0.0373831354 -0.3581254780 -0.9329248071
-12.7 -515.9 2747.5 0.9979140162 0.0156337563 -0.0626353994 -0.0545380451 -0.3149888515 -0.9475271106 -0.0345428586 0.9489666224 -0.3134791553
-19.2 -384.7 2352.3 0.9979140162 0.0580696128 0.0282051023 -0.0545380451 0.9920995831 -0.1129780039 -0.0345428586 0.1112040877 0.9931970835
141.5 -549.3 2665.2 0.9101157784 -0.4115727544 -0.0479285829 -0.0974043682 -0.1000803933 -0.9902001619 0.4027426839 0.9058651924 -0.1311737299
297.2 -511.4 2322.5 0.9101157784 0.1494015306 -0.3864821792 -0.0974043682 0.9837375879 0.1509064287 0.4027426839 -0.0996972620 0.9098674655
-275.5 -493.1 2573.8 0 0 0 0 0 0 0 0 0
182.9 -70.5 2481.7 0 0 0 0 0 0 0 0 0
-40.8 -755.0 2310.8 0 0 0 0 0 0 0 0 0
241.5 -878.6 2359.8 0 0 0 0 0 0 0 0 0
144.2 41.6 2609.4 9 0.8722504973 0.1378417760 0.4692321122 -0.2066052407 0.9734959006 0.0980817974 -0.4432757497 -0.1824977100 0.8776111007
116.8 -151.7 2645.7 0.8722504973 0.1378417760 0.4692321122 -0.2066052407 0.9734959006 0.0980817974 -0.4432757497 -0.1824977100 0.8776111007
92.0 -339.5 2681.5 0.8727665544 0.1317207515 0.4700299799 -0.2028773427 0.9736821651 0.1038453430 -0.4439812303 -0.1859911829 0.8765203953
-1.6 -122.8 2706.1 0.5009033680 -0.8180863261 0.2825431228 0.8442120552 0.5337771177 0.0488671623 -0.1907926053 0.2140485793 0.9580090642
-136.4 -350.0 2757.5 0.5257984400 -0.8180863261 -0.2329609841 0.5434519053 0.5337771177 -0.6478750110 0.6543669105 0.2140485793 0.7252497077
235.3 -180.7 2585.2 -0.1415463388 0.9260636568 0.3498152196 -0.8164355755 0.0906299576 -0.5702798963 -0.5598192215 -0.3663226068 0.7432430387
207.4 -341.9 2474.6 -0.0954248086 0.9260636568 -0.3651029468 0.9954239130 0.0906299576 -0.0302901622 0.0050386428 -0.3663226068 -0.9304742813
-11.7 -510.2 2757.4 0.9978082180 0.0213168878 -0.0626442730 -0.0540618375 -0.2832967639 -0.9575073123 -0.0381579958 0.9587953687 -0.2815234065
-20.6 -392.3 2358.1 0.9978082180 0.0569168143 0.0337519012 -0.0540618375 0.9953122139 -0.0801927075 -0.0381579958 0.0781922489 0.9962077737
144.0 -549.8 2667.7 0.9143339396 -0.4021092057 -0.0479752682 -0.0959383175 -0.0999908522 -0.9903522730 0.3934327066 0.9101153612 -0.1300027072
298.3 -511.4 2318.6 0.9143339396 0.1544817090 -0.3743378818 -0.0959383175 0.9806967974 0.1703809649 0.3934327066 -0.1198717505 0.9115050435
-275.5 -493.7 2584.5 0 0 0 0 0 0 0 0 0
181.7 -73.7 2476.0 0 0 0 0 0 0 0 0 0
-41.8 -763.6 2329.0 0 0 0 0 0 0 0 0 0
240.6 -877.4 2363.3 0 0 0 0 0 0 0 0 0
143.8 45.4 2613.2 0 0.8298527002 0.1354190856 0.5413004160 -0.2059062272 0.9759553671 0.0715108588 -0.5186011195 -0.1708006114 0.8377828002
116.9 -147.8 2647.0 0.8298527002 0.1354190856 0.5413004160 -0.2059062272 0.9759553671 0.0715108588 -0.5186011195 -0.1708006114 0.8377828002
92.4 -336.0 2680.9 0.8300688267 0.1301467568 0.5422615409 -0.2043180168 0.9757459760 0.0785743222 -0.5188833475 -0.1760158986 0.8365276456
4.3 -118.7 2717.7 0.4957386553 -0.7897235751 0.3613584042 0.8416737318 0.5394420028 0.0242414642 -0.2140759528 0.2921284437 0.9321117997
-129.1 -345.2 2775.3 0.5859238505 -0.7897235751 -0.1817413270 0.5221857429 0.5394420028 -0.6605485678 0.6196896434 0.2921284437 0.7284542918
229.6 -176.9 2576.3 -0.1992128342 0.8938841820 0.4016034603 -0.8020943999 0.0867087245 -0.5908690095 -0.5629909635 -0.4398325682 0.6997059584
190.3 -335.3 2465.2 -0.0801089779 0.8938841820 -0.4410823584 0.9962200522 0.0867087245 -0.0052113030 0.0335873887 -0.4398325682 -0.8974515200
-7.0 -507.1 2761.4 0.9903099537 0.0958462581 -0.1004973799 -0.0667964891 -0.3057090640 -0.9497790337 -0.1217557266 0.9472884536 -0.2963445485
-46.8 -380.2 2368.0 0.9903099537 0.0783855021 0.1146383062 -0.0667964891 0.9925740957 -0.1016605273 -0.1217557266 0.0930179954 0.9881919026
144.6 -546.6 2677.9 0.9187810421 -0.3901784718 -0.0600182712 -0.1014482304 -0.0864370614 -0.9910786748 0.3815097511 0.9166730046 -0.1189996526
297.7 -512.7 2318.3 0.9187810421 0.1571652442 -0.3621332943 -0.1014482304 0.9805258512 0.1681587398 0.3815097511 -0.1177632734 0.9168326259
-284.0 -483.3 2611.5 0 0 0 0 0 0 0 0 0
168.7 -66.9 2474.2 0 0 0 0 0 0 0 0 0
-76.1 -750.5 2333.3 0 0 0 0 0 0 0 0 0
239.0 -878.7 2362.3 0 0 0 0 0 0 0 0 0
141.6 55.1 2615.1 1 0.8328322172 0.1323594749 0.5374676585 -0.2055883855 0.9754980803 0.0783381015 -0.5139299035 -0.1757396013 0.8396378160
115.3 -138.9 2650.0 0.8328322172 0.1323594749 0.5374676585 -0.2055883855 0.9754980803 0.0783381015 -0.5139299035 -0.1757396013 0.8396378160
91.0 -326.9 2684.8 0.8328796029 0.1288553029 0.5382451415 -0.2052341998 0.9750890732 0.0841437951 -0.5139945745 -0.1805479676 0.8385773897
2.2 -109.7 2720.0 0.4949054718 -0.7922143936 0.3570223153 0.8416140079 0.5392500162 0.0299203228 -0.2162276059 0.2856672704 0.9336165190
-131.0 -336.2 2778.2 0.5819486380 -0.7922143936 -0.1836631149 0.5267045498 0.5392500162 -0.6571086049 0.6196112633 0.2856672704 0.7310787439
228.3 -168.1 2580.0 -0.1949010640 0.8957055211 0.3996563554 -0.8054702878 0.0863415971 -0.5863128901 -0.5596706271 -0.4361843169 0.7046360970
189.8 -327.2 2469.5 -0.0824040398 0.8957055211 -0.4369452894 0.9962061644 0.0863415971 -0.0108818319 0.0279796403 -0.4361843169 -0.8994222283
-8.6 -497.9 2765.8 0.9910205603 0.0923438966 -0.0967000350 -0.0649337471 -0.2998221219 -0.9517827034 -0.1168841273 0.9495152831 -0.2911336422
-47.0 -373.1 2370.8 0.9910205603 0.0755277872 0.1103351489 -0.0649337471 0.9931985140 -0.0966456085 -0.1168841273 0.0886133090 0.9891843796
141.2 -543.5 2668.8 0.9139997959 -0.4021935165 -0.0533357747 -0.0928878188 -0.0794734433 -0.9924997687 0.3949382007 0.9120988846 -0.1099975929
295.9 -513.0 2318.0 0.9139997959 0.1501249671 -0.3769175112 -0.0928878188 0.9817764759 0.1657914817 0.3949382007 -0.1165223345 0.9112883210
-284.8 -475.4 2614.4 0 0 0 0 0 0 0 0 0
167.6 -58.8 2477.1 0 0 0 0 0 0 0 0 0
-75.2 -743.8 2337.7 0 0 0 0 0 0 0 0 0
239.8 -879.4 2361.4 0 0 0 0 0 0 0 0 0
137.8 45.4 2615.0 2 0.8286703825 0.1345260590 0.5433306098 -0.2165137827 0.9721670151 0.0895159617 -0.5161659122 -0.1918177903 0.8347327113
111.3 -146.6 2652.9 0.8286703825 0.1345260590 0.5433306098 -0.2165137827 0.9721670151 0.0895159617 -0.5161659122 -0.1918177903 0.8347327113
87.7 -334.2 2690.8 0.8293712139 0.1250507683 0.5445234179 -0.2112634331 0.9724582434 0.0984515250 -0.5172148347 -0.1966907382 0.8329474926
-1.3 -116.6 2723.3 0.4911406636 -0.7913001180 0.3641770780 0.8393008709 0.5417774916 0.0452905968 -0.2331413925 0.2834100723 0.9302278161
-133.5 -342.5 2786.1 0.5854380131 -0.7913001180 -0.1763700843 0.5376499295 0.5417774916 -0.6460725665 0.6067906022 0.2834100723 0.7426195741
223.8 -176.7 2582.5 -0.1972522587 0.8920807242 0.4065507650 -0.8145418167 0.0816349238 -0.5743321180 -0.5455393791 -0.4444409013 0.7105343938
184.9 -337.5 2474.8 -0.0846364275 0.8920807242 -0.4438790977 0.9963254929 0.0816349238 -0.0259090438 0.0131230773 -0.4444409013 -0.8957120776
-10.8 -504.0 2775.3 0.9902527928 0.1005733088 -0.0963555053 -0.0641882643 -0.2844281197 -0.9565461278 -0.1236092299 0.9534074068 -0.2752001286
-52.7 -385.6 2378.4 0.9902527928 0.0735603496 0.1182719246 -0.0641882643 0.9946295023 -0.0811915994 -0.1236092299 0.0728085414 0.9896563292
140.4 -534.5 2673.9 0.9132232070 -0.4012576342 -0.0708218813 -0.0985928029 -0.0489604659 -0.9939227104 0.3953515887 0.9146558046 -0.0842729434
297.0 -515.4 2316.9 0.9132232070 0.1612358689 -0.3742010295 -0.0985928029 0.9785258174 0.1810155958 0.3953515887 -0.1284141093 0.9095091820
-288.3 -484.6 2625.7 0 0 0 0 0 0 0 0 0
162.1 -69.1 2478.3 0 0 0 0 0 0 0 0 0
-80.1 -756.8 2351.2 0 0 0 0 0 0 0 0 0
236.8 -880.6 2364.9 0 0 0 0 0 0 0 0 0
137.9 51.5 2625.5 3 0.8560376167 0.1328954697 0.4995382130 -0.1898139715 0.9796897173 0.0646428466 -0.4808017313 -0.1501560360 0.8638766408
111.7 -141.8 2655.1 0.8560376167 0.1328954697 0.4995382130 -0.1898139715 0.9796897173 0.0646428466 -0.4808017313 -0.1501560360 0.8638766408
87.5 -330.5 2686.5 0.8557190299 0.1283298135 0.5012747645 -0.1922017336 0.9782778621 0.0776589289 -0.4804200828 -0.1628001034 0.8617962003
-4.5 -114.4 2720.6 0.4966652095 -0.8081306219 0.3166206181 0.8481172323 0.5293992162 0.0208243113 -0.1844474673 0.2581886649 0.9483236670
-138.2 -342.6 2770.2 0.5505973101 -0.8081306219 -0.2092069685 0.5232939124 0.5293992162 -0.6677573919 0.6503891945 0.2581886649 0.7143756151
227.8 -169.3 2589.7 -0.1641547829 0.9127440453 0.3741009831 -0.7997813821 0.0988409966 -0.5920981169 -0.5774105191 -0.3963947594 0.7137705088
195.4 -327.2 2475.6 -0.0917985812 0.9127440453 -0.3980846107 0.9950991869 0.0988409966 -0.0028440189 0.0367512181 -0.3963947594 -0.9173442721
-13.8 -503.0 2761.0 0.9956576228 0.0547004193 -0.0753242671 -0.0546857528 -0.3111285865 -0.9487931728 -0.0753349140 0.9487923384 -0.3067862093
-36.5 -373.6 2366.4 0.9956576228 0.0623968877 0.0690833479 -0.0546857528 0.9926044345 -0.1083784029 -0.0753349140 0.1041299105 0.9917064309
137.7 -541.8 2682.7 0.9162922502 -0.3957976401 -0.0612598695 -0.0933808312 -0.0623848736 -0.9936740398 0.3894721568 0.9162163138 -0.0941226855
297.0 -516.7 2313.8 0.9162922502 0.1578132361 -0.3681080341 -0.0933808312 0.9779465795 0.1868168414 0.3894721568 -0.1368045807 0.9108215570
-283.7 -481.0 2598.3 0 0 0 0 0 0 0 0 0
170.7 -59.1 2485.5 0 0 0 0 0 0 0 0 0
-59.8 -743.9 2327.5 0 0 0 0 0 0 0 0 0
238.1 -881.7 2364.9 0 0 0 0 0 0 0 0 0
138.1 49.9 2640.2 4 0.9066278934 0.1266117692 0.4024863541 -0.1584534049 0.9862626195 0.0466744490 -0.3910477161 -0.1060916930 0.9142352939
113.3 -143.5 2661.0 0.9066278934 0.1266117692 0.4024863541 -0.1584534049 0.9862626195 0.0466744490 -0.3910477161 -0.1060916930 0.9142352939
88.7 -333.4 2683.7 0.9055836201 0.1304678470 0.4036043584 -0.1664590985 0.9844995737 0.0552449301 -0.3901406229 -0.1172125190 0.9132642150
-9.7 -119.6 2714.3 0.5008983016 -0.8392587304 0.2115316838 0.8593945503 0.5112714171 -0.0065250071 -0.1026739404 0.1850575358 0.9773493409
-144.5 -350.9 2741.9 0.4688437283 -0.8392587304 -0.2753730714 0.5080956817 0.5112714171 -0.6931380033 0.7225125432 0.1850575358 0.6661301255
236.2 -167.5 2607.8 -0.0884734765 0.9487626553 0.3033510149 -0.7823235393 0.1223221347 -0.6107431650 -0.6165568829 -0.2913531959 0.7314170599
218.8 -322.0 2486.0 -0.1102365851 0.9487626553 -0.2961372733 0.9922345281 0.1223221347 0.0225372855 0.0576066785 -0.2913531959 -0.9548794627
-16.7 -509.3 2741.1 0.9987332225 -0.0432784930 -0.0256694648 -0.0389946327 -0.3432732224 -0.9384257793 0.0318020135 0.9382379651 -0.3445259929
1.2 -367.1 2352.5 0.9987332225 0.0341764241 -0.0369313098 -0.0389946327 0.9895532727 -0.1387940198 0.0318020135 0.1400583237 0.9896324277
139.3 -537.5 2675.2 0.9153474569 -0.3973144889 -0.0654239058 -0.0958592892 -0.0572080165 -0.9937495589 0.3910883367 0.9158976078 -0.0904514939
293.7 -515.3 2319.2 0.9153474569 0.1479927748 -0.3744826019 -0.0958592892 0.9833615422 0.1543084979 0.3910883367 -0.1053482443 0.9143038988
-268.5 -485.2 2550.9 0 0 0 0 0 0 0 0 0
189.1 -54.6 2501.6 0 0 0 0 0 0 0 0 0
-11.5 -736.0 2300.3 0 0 0 0 0 0 0 0 0
238.5 -882.2 2358.5 0 0 0 0 0 0 0 0 0
135.5 52.1 2639.1 5 0.9450129867 0.1122884601 0.3071510196 -0.1400410235 0.9876832962 0.0697870031 -0.2955316603 -0.1089633629 0.9490985274
113.3 -142.6 2660.6 0.9450129867 0.1122884601 0.3071510196 -0.1400410235 0.9876832962 0.0697870031 -0.2955316603 -0.1089633629 0.9490985274
91.3 -332.8 2682.7 0.9443262219 0.1169449612 0.3075253367 -0.1459556818 0.9865933061 0.0730107576 -0.2948642075 -0.1138310432 0.9487347603
-15.0 -121.4 2700.9 0.4870177805 -0.8662379384 0.1115592420 0.8712859154 0.4907289147 0.0067790854 -0.0606176481 0.0938984603 0.9937346578
-146.0 -355.9 2717.2 0.3803740740 -0.8662379384 -0.3239558041 0.5258685350 0.4907289147 -0.6947282553 0.7607744932 0.0938984603 0.6421878934
241.6 -163.7 2620.3 -0.0059354850 0.9700251222 0.2429322600 -0.7892554998 0.1446301192 -0.5967896581 -0.6140362620 -0.1952778548 0.7647391558
240.5 -319.6 2499.0 -0.1403446347 0.9700251222 -0.1983801723 0.9894595742 0.1446301192 0.0072058970 0.0356816500 -0.1952778548 -0.9800986648
-18.1 -512.4 2731.1 0.9976701736 -0.0458618440 -0.0505067706 -0.0640368164 -0.3742223382 -0.9251253605 0.0235271920 0.9262042642 -0.3762873113
0.2 -362.3 2359.8 0.9976701736 0.0605745688 -0.0313841328 -0.0640368164 0.9901387095 -0.1245977357 0.0235271920 0.1263171881 0.9917108417
144.5 -539.3 2671.8 0.9194633365 -0.3885867298 -0.0598955639 -0.0899334028 -0.0595603995 -0.9941652417 0.3827520013 0.9194851518 -0.0897105336
293.6 -516.5 2319.1 0.9194633365 0.1441420764 -0.3658007383 -0.0899334028 0.9828124642 0.1612193286 0.3827520013 -0.1153375655 0.9166232347
-246.6 -494.9 2516.1 0 0 0 0 0 0 0 0 0
202.6 -53.0 2508.6 0 0 0 0 0 0 0 0 0
-22.3 -731.5 2312.7 0 0 0 0 0 0 0 0 0
239.8 -883.3 2362.2 0 0 0 0 0 0 0 0 0
133.8 53.5 2638.0 6 0.9789961576 0.0925664529 0.1816536039 -0.1131810993 0.9878400564 0.1065930501 -0.1695777625 -0.1249139383 0.9775683284
115.5 -142.2 2662.8 0.9789961576 0.0925664529 0.1816536039 -0.1131810993 0.9878400564 0.1065930501 -0.1695777625 -0.1249139383 0.9775683284
98.1 -332.8 2686.5 0.9790323377 0.0927330926 0.1813732833 -0.1127950549 0.9882021546 0.1036037728 -0.1696259826 -0.1218894497 0.9779416919
-17.6 -125.6 2686.0 0.4571636021 -0.8892377019 -0.0160526913 0.8891666532 0.4565804601 0.0302803386 -0.0195970740 -0.0281165875 0.9994125366
-140.6 -364.9 2691.3 0.2601960599 -0.8892377019 -0.3762369752 0.5553971529 0.4565804601 -0.6950311065 0.7898303270 -0.0281165875 0.6126805544
248.6 -158.9 2639.5 0.1023199335 0.9807503223 0.1663111150 -0.8003997803 0.1804444641 -0.5716642737 -0.5906698704 -0.0746227205 0.8034554124
268.8 -316.9 2522.9 -0.1814006120 0.9807503223 -0.0722673610 0.9833898544 0.1804444641 -0.0196015630 -0.0061839959 -0.0746227205 -0.9971926808
-15.7 -512.7 2726.0 0.9965623021 -0.0465644524 -0.0685225204 -0.0820049271 -0.4368228912 -0.8958018422 0.0117803169 0.8983415365 -0.4391397238
2.7 -340.7 2372.4 0.9965623021 0.0797414631 -0.0224696007 -0.0820049271 0.9880278707 -0.1306757331 0.0117803169 0.1320691258 0.9911705256
152.8 -537.2 2678.8 0.9278870821 -0.3651892841 -0.0752482191 -0.1011720523 -0.0523505062 -0.9934906363 0.3588728607 0.9294601679 -0.0855223089
295.8 -516.7 2314.9 0.9278870821 0.1571955085 -0.3381051421 -0.1011720523 0.9789115787 0.1774721891 0.3588728607 -0.1304673702 0.9242231846
-209.4 -511.7 2482.5 0 0 0 0 0 0 0 0 0
219.9 -52.0 2521.2 0 0 0 0 0 0 0 0 0
-27.1 -709.3 2323.1 0 0 0 0 0 0 0 0 0
237.1 -882.0 2363.6 0 0 0 0 0 0 0 0 0
133.8 58.8 2637.0 7 0.9911590219 0.0751689374 0.1093317494 -0.0887126699 0.9882064462 0.1248121783 -0.0986603424 -0.1334078312 0.9861381650
118.8 -137.8 2663.5 0.9911590219 0.0751689374 0.1093317494 -0.0887126699 0.9882064462 0.1248121783 -0.0986603424 -0.1334078312 0.9861381650
105.0 -328.5 2688.4 0.9912733436 0.0742646754 0.1089123413 -0.0871998519 0.9890260696 0.1192627847 -0.0988601372 -0.1277191639 0.9868710637
-16.0 -124.6 2677.2 0.4331058562 -0.8970883489 -0.0874747112 0.9013422132 0.4311926365 0.0406828001 0.0012223842 -0.0964646116 0.9953356385
-132.6 -367.2 2676.8 0.1885450482 -0.8970883489 -0.3996038735 0.5710126758 0.4311926365 -0.6985824704 0.7989964485 -0.0964646116 0.5935480595
253.6 -151.0 2649.9 0.1655010283 0.9783127904 0.1245532259 -0.8035982847 0.2069884539 -0.5580193400 -0.5716985464 -0.0077379788 0.8204272389
286.3 -309.7 2537.0 -0.2071304321 0.9783127904 -0.0010385151 0.9778048992 0.2069884539 -0.0324554592 -0.0315366313 -0.0077379788 -0.9994726181
-6.8 -515.3 2722.9 0.9565302134 -0.2250234038 -0.1855112314 -0.2794012129 -0.5248039365 -0.8040620685 0.0835757628 0.8209417462 -0.5648626089
91.1 -287.1 2366.0 0.9565302134 0.2711293995 -0.1074188352 -0.2794012129 0.9575371742 -0.0711164623 0.0835757628 0.0980379954 0.9916670918
166.7 -534.4 2695.6 0.9446953535 -0.3183751404 -0.0786637515 -0.0973300114 -0.0431267284 -0.9943173528 0.3131734133 0.9469832778 -0.0717290714
293.8 -517.1 2317.5 0.9446953535 0.1437714696 -0.2947549522 -0.0973300114 0.9812003374 0.1666516811 0.3131734133 -0.1287465692 0.9409286380
-182.4 -518.2 2465.6 0 0 0 0 0 0 0 0 0
230.5 -46.2 2528.5 0 0 0 0 0 0 0 0 0
-8.1 -637.5 2330.1 0 0 0 0 0 0 0 0 0
240.2 -883.3 2365.6 0 0 0 0 0 0 0 0 0
132.4 55.6 2628.5 8 0.9972609282 0.0594681799 0.0439790227 -0.0657959506 0.9848858118 0.1602211148 -0.0337862596 -0.1626759022 0.9861009121
120.5 -140.9 2660.9 0.9972609282 0.0594681799 0.0439790227 -0.0657959506 0.9848858118 0.1602211148 -0.0337862596 -0.1626759022 0.9861009121
110.7 -331.1 2690.5 0.9976223707 0.0535480455 0.0433840938 -0.0594897419 0.9869187474 0.1498412937 -0.0347928628 -0.1520659477 0.9877577424
-15.2 -131.5 2665.8 0.4059867859 -0.9013516307 -0.1507978737 0.9138779640 0.4006630778 0.0655452013 0.0013398671 -0.1644213349 0.9863892794
-124.5 -377.4 2665.4 0.1215608194 -0.9013516307 -0.4156780541 0.5984402299 0.4006630778 -0.6937855482 0.7918915749 -0.1644213349 0.5881100297
256.3 -150.3 2656.1 0.2241138220 0.9704942107 0.0889603794 -0.8136808872 0.2365749776 -0.5309950113 -0.5363733768 0.0466179661 0.8426923156
300.5 -311.0 2550.2 -0.2328788489 0.9704942107 0.0625172108 0.9697494507 0.2365749776 -0.0601517409 -0.0731669292 0.0466179661 -0.9962295890
2.4 -513.0 2721.0 0.9830276966 -0.1162322983 -0.1419385672 -0.1834425777 -0.6324989200 -0.7525250316 -0.0023082844 0.7657905221 -0.6430859566
49.5 -256.6 2410.5 0.9830276966 0.1803127974 -0.0338201299 -0.1834425777 0.9637834430 -0.1935723126 -0.0023082844 0.1964910030 0.9805029035
178.5 -528.0 2704.8 0.9551664591 -0.2838815451 -0.0840729028 -0.0971196368 -0.0321743116 -0.9947525263 0.2796868980 0.9583194256 -0.0583022945
293.0 -515.0 2318.4 0.9551664591 0.1347791851 -0.2636125088 -0.0971196368 0.9837415218 0.1510643512 0.2796868980 -0.1186896637 0.9527266026
-156.6 -535.6 2456.1 0 0 0 0 0 0 0 0 0
237.8 -49.7 2530.5 0 0 0 0 0 0 0 0 0
-16.5 -609.7 2338.5 0 0 0 0 0 0 0 0 0
242.7 -882.2 2362.7 0 0 0 0 0 0 0 0 0
133.1 57.3 2633.7 9 0.9977997541 0.0561695658 0.0352219269 -0.0607061535 0.9875993133 0.1447836906 -0.0266527142 -0.1466033161 0.9888362288
121.8 -140.2 2663.0 0.9977997541 0.0561695658 0.0352219269 -0.0607061535 0.9875993133 0.1447836906 -0.0266527142 -0.1466033161 0.9888362288
112.5 -330.9 2689.6 0.9980981946 0.0509738922 0.0346652567 -0.0552000888 0.9893732667 0.1345122159 -0.0274402667 -0.1361699253 0.9903054237
-14.0 -131.4 2666.9 0.4024174511 -0.9015125632 -0.1591707170 0.9152591825 0.3998102546 0.0495211110 0.0189941823 -0.1656106263 0.9860082865
-122.3 -377.7 2661.8 0.1127137095 -0.9015125632 -0.4178166389 0.5864138603 0.3998102546 -0.7044647336 0.8021311760 -0.1656106263 0.5737235546
257.6 -149.0 2659.2 0.2316759676 0.9691532254 0.0840729848 -0.8043341637 0.2394494116 -0.5437927842 -0.5471497178 0.0583609380 0.8349977136
303.4 -307.9 2551.1 -0.2360244989 0.9691532254 0.0709538758 0.9698974490 0.2394494116 -0.0443049036 -0.0599281043 0.0583609380 -0.9964951873
11.3 -517.5 2722.8 0.9901484847 -0.0457468294 -0.1323376447 -0.1290527284 -0.6648514271 -0.7357431054 -0.0543269627 0.7455734611 -0.6642053723
29.4 -254.6 2427.9 0.9901484847 0.1378292292 0.0246805549 -0.1290527284 0.9666837454 -0.2210610360 -0.0543269627 0.2156981528 0.9749476314
188.9 -527.7 2717.2 0.9854388237 -0.1633850187 0.0470704138 0.0063006771 -0.2415559143 -0.9703664184 0.1699134856 0.9565333724 -0.2370091528
253.0 -432.9 2341.9 0.9854388237 -0.0020768032 -0.1700175852 0.0063006771 0.9996846914 0.0243079774 0.1699134856 -0.0250252504 0.9851411581
-152.1 -532.7 2449.7 0 0 0 0 0 0 0 0 0
239.8 -46.6 2535.0 0 0 0 0 0 0 0 0 0
-21.5 -611.7 2348.2 0 0 0 0 0 0 0 0 0
253.8 -800.9 2351.1 0 0 0 0 0 0 0 0 0
132.9 59.1 2625.8 0 0.9975602031 0.0511935055 0.0474644750 -0.0590723380 0.9813161492 0.1831096113 -0.0372036323 -0.1854666919 0.9819460511
122.6 -136.8 2662.9 0.9975602031 0.0511935055 0.0474644750 -0.0590723380 0.9813161492 0.1831096113 -0.0372036323 -0.1854666919 0.9819460511
113.5 -326.4 2696.2 0.9976579547 0.0499301665 0.0467500426 -0.0571723655 0.9839177132 0.1692253351 -0.0375487469 -0.1715018153 0.9844679832
-13.1 -127.7 2668.1 0.4031829536 -0.9032068849 -0.1471762061 0.9149405956 0.3946780562 0.0843379423 -0.0180873908 -0.1686611027 0.9855081439
-121.6 -373.9 2673.0 0.1227906495 -0.9032068849 -0.4112660885 0.6141468883 0.3946780562 -0.6834126115 0.7795806527 -0.1686611027 0.6031644940
258.4 -145.9 2657.7 0.2245299965 0.9699370861 0.0938528553 -0.8233228922 0.2403427809 -0.5141738653 -0.5212731361 0.0381762385 0.8525355458
302.7 -308.4 2554.7 -0.2361349165 0.9699370861 0.0588419586 0.9674351215 0.2403427809 -0.0794017911 -0.0911569819 0.0381762385 -0.9951044917
13.4 -518.1 2718.3 0.9924812913 -0.0206165332 -0.1206475794 -0.1012822464 -0.6917882562 -0.7149621844 -0.0687225312 0.7218060493 -0.6886749864
21.4 -247.3 2435.7 0.9924812913 0.1139320731 0.0447254144 -0.1012822464 0.9696479440 -0.2225416154 -0.0687225312 0.2163385004 0.9738967419
191.6 -527.7 2713.7 0.9869221449 -0.1034930795 0.1235873029 0.0819879249 -0.3378321528 -0.9376286268 0.1387898326 0.9354991317 -0.3249288797
231.1 -398.9 2357.1 0.9869221449 -0.0870772377 -0.1356546879 0.0819879249 0.9957193136 -0.0426730029 0.1387898326 0.0309928861 0.9898367524
-154.1 -536.3 2466.8 0 0 0 0 0 0 0 0 0
239.1 -47.8 2530.2 0 0 0 0 0 0 0 0 0
-20.9 -607.3 2355.4 0 0 0 0 0 0 0 0 0
263.2 -766.2 2345.7 0 0 0 0 0 0 0 0 0
133.1 62.2 2631.4 1 0.9982126355 0.0463758111 0.0376930758 -0.0520282462 0.9846985340 0.1663186550 -0.0294031519 -0.1679824889 0.9853513837
123.8 -134.8 2665.0 0.9982126355 0.0463758111 0.0376930758 -0.0520282462 0.9846985340 0.1663186550 -0.0294031519 -0.1679824889 0.9853513837
115.8 -324.8 2696.8 0.9983264208 0.0440344885 0.0374880023 -0.0495494455 0.9855706692 0.1618496478 -0.0298201106 -0.1634362787 0.9861031175
-12.0 -126.7 2669.2 0.3965291977 -0.9047037959 -0.1558062583 0.9179900289 0.3893440068 0.0755350366 -0.0076746074 -0.1729804426 0.9848953485
-118.7 -373.8 2671.2 0.1118948981 -0.9047037959 -0.4110845625 0.6089083552 0.3893440068 -0.6911163926 0.7853089571 -0.1729804426 0.5944473147
259.7 -142.9 2660.9 0.2348533869 0.9677878618 0.0907224268 -0.8175447583 0.2471520156 -0.5201311707 -0.5257988572 0.0479849093 0.8492543697
306.0 -304.3 2557.0 -0.2425445914 0.9677878618 0.0675188303 0.9663593173 0.2471520156 -0.0711726472 -0.0855674371 0.0479849093 -0.9951761961
14.6 -512.2 2732.7 0.9934592247 -0.0044831517 -0.1140993088 -0.0888252184 -0.6582570076 -0.7475344539 -0.0717553645 0.7527799010 -0.6543497443
16.3 -255.9 2439.6 0.9934592247 0.1026573107 0.0500022732 -0.0888252184 0.9699431062 -0.2265401334 -0.0717553645 0.2206169367 0.9727175236
193.0 -522.3 2726.2 0.9866896868 -0.0861351565 0.1379280835 0.1017083749 -0.3349194229 -0.9367413521 0.1268811524 0.9383015037 -0.3217009008
225.8 -395.0 2369.3 0.9866896868 -0.1115195379 -0.1183503866 0.1017083749 0.9910946488 -0.0859466046 0.1268811524 0.0727654025 0.9892453551
-148.3 -534.8 2463.6 0 0 0 0 0 0 0 0 0
240.7 -43.9 2534.0 0 0 0 0 0 0 0 0 0
-21.9 -616.9 2357.5 0 0 0 0 0 0 0 0 0
267.1 -762.3 2342.3 0 0 0 0 0 0 0 0 0
132.3 61.7 2632.7 2 0.9984887242 0.0302402973 0.0458892770 -0.0375261493 0.9851929545 0.1672919244 -0.0401508361 -0.1687611490 0.9848388433
126.2 -135.1 2666.4 0.9984887242 0.0302402973 0.0458892770 -0.0375261493 0.9851929545 0.1672919244 -0.0401508361 -0.1687611490 0.9848388433
121.3 -325.1 2698.5 0.9985480309 0.0283874031 0.0457814448 -0.0355309322 0.9858756661 0.1636666507 -0.0404887423 -0.1650556624 0.9854528308
-9.6 -128.9 2672.0 0.3834501803 -0.9119036794 -0.1462792754 0.9234699011 0.3763409555 0.0746381432 -0.0130119165 -0.1637045294 0.9864236116
-112.8 -377.5 2675.5 0.1117233187 -0.9119036794 -0.3949045241 0.6114622355 0.3763409555 -0.6960470080 0.7833465338 -0.1637045294 0.5996407270
262.1 -141.2 2660.8 0.2406945229 0.9646685123 0.1071483940 -0.8148531914 0.2608139813 -0.5176777840 -0.5273332596 0.0372919925 0.8488397598
309.7 -302.1 2556.6 -0.2570405900 0.9646685123 0.0578339361 0.9627352357 0.2608139813 -0.0715325847 -0.0840891302 0.0372919925 -0.9957602024
24.7 -513.5 2734.9 0.9944862127 0.0606181212 -0.0855720416 -0.0853389502 -0.0064285472 -0.9963312149 -0.0609458312 0.9981403351 -0.0012200150
6.9 -511.7 2442.1 0.9944862127 0.1045477912 0.0081786122 -0.0853389502 0.8521547914 -0.5162843466 -0.0609458312 0.5127397180 0.8563781977
196.6 -520.4 2725.9 0.9882291555 -0.0972389653 0.1181006357 0.0808127373 -0.3236708343 -0.9427123070 0.1298941076 0.9411597848 -0.3120028079
231.7 -403.6 2386.2 0.9882291555 -0.0987761393 -0.1168180257 0.0808127373 0.9854381680 -0.1496025771 0.1298941076 0.1384012401 0.9818210602
-142.4 -539.1 2468.4 0 0 0 0 0 0 0 0 0
240.4 -42.8 2534.0 0 0 0 0 0 0 0 0 0
-30.2 -813.6 2260.4 0 0 0 0 0 0 0 0 0
268.4 -769.3 2334.8 0 0 0 0 0 0 0 0 0
131.0 58.8 2625.3 3 0.9986461401 0.0320767350 0.0409514196 -0.0391368791 0.9819057584 0.1852820069 -0.0342671946 -0.1866338700 0.9818317294
124.6 -137.1 2662.6 0.9986461401 0.0320767350 0.0409514196 -0.0391368791 0.9819057584 0.1852820069 -0.0342671946 -0.1866338700 0.9818317294
119.1 -326.6 2697.8 0.9986970425 0.0306645036 0.0407915562 -0.0375427641 0.9828994274 0.1802756339 -0.0345659330 -0.1815721691 0.9827699065
-11.3 -130.7 2667.4 0.3848274350 -0.9104869366 -0.1513981074 0.9226049781 0.3747290075 0.0915324539 -0.0266058408 -0.1749048531 0.9842258096
-114.9 -379.0 2674.5 0.1084406301 -0.9104869366 -0.3990666270 0.6244949698 0.3747290075 -0.6852621436 0.7734640241 -0.1749048531 0.6092303991
260.5 -143.6 2657.8 0.2423258275 0.9648275375 0.1019119918 -0.8239895105 0.2601221502 -0.5033664703 -0.5121713877 0.0380042866 0.8580420613
308.3 -306.3 2556.6 -0.2552211881 0.9648275375 0.0630079955 0.9615144134 0.2601221502 -0.0884676054 -0.1017457545 0.0380042866 -0.9940842390
29.7 -514.2 2736.0 0.9932574034 0.1141621694 -0.0201669838 -0.0239737052 0.0320706107 -0.9991980195 -0.1134238467 0.9929443598 0.0345912650
-9.1 -525.1 2398.1 0.9932574034 0.0529031605 0.1031550467 -0.0239737052 0.9643048644 -0.2637070715 -0.1134238467 0.2594560087 0.9590712190
205.2 -519.6 2726.9 0.9418844581 0.1256915033 0.3115369678 0.3358033895 -0.3261201978 -0.8836750984 -0.0094719594 0.9369350076 -0.3493751884
159.2 -400.3 2384.0 0.9418844581 -0.3325740695 0.0474144034 0.3358033895 0.9360646009 -0.1049720570 -0.0094719594 0.1147934720 0.9933442473
-143.6 -544.1 2470.0 0 0 0 0 0 0 0 0 0
239.6 -47.2 2529.2 0 0 0 0 0 0 0 0 0
-27.6 -862.8 2307.3 0 0 0 0 0 0 0 0 0
279.4 -738.7 2342.5 0 0 0 0 0 0 0 0 0
131.7 62.4 2631.1 4 0.9981620312 0.0391411893 0.0462658294 -0.0463371724 0.9849668145 0.1664129496 -0.0390567072 -0.1682509184 0.9849701524
123.9 -134.1 2664.7 0.9981620312 0.0391411893 0.0462658294 -0.0463371724 0.9849668145 0.1664129496 -0.0390567072 -0.1682509184 0.9849701524
117.1 -324.0 2696.9 0.9982308745 0.0374768674 0.0461582467 -0.0445663631 0.9855119586 0.1636460871 -0.0393565595 -0.1654136926 0.9854386449
-12.0 -126.7 2670.2 0.3917914629 -0.9082832932 -0.1466998905 0.9199629426 0.3844968975 0.0763566196 -0.0129477913 -0.1648743302 0.9862295985
-117.4 -374.3 2673.7 0.1163683534 -0.9082832932 -0.4018455148 0.6107457280 0.3844968975 -0.6922079325 0.7832292318 -0.1648743302 0.5994734168
259.7 -141.5 2659.3 0.2339117080 0.9669431448 0.1015198454 -0.8172081113 0.2521040440 -0.5182802677 -0.5267410874 0.0382689759 0.8491638899
305.9 -302.8 2555.2 -0.2482387275 0.9669431448 0.0582966879 0.9649837613 0.2521040440 -0.0724559948 -0.0847576633 0.0382689759 -0.9956664443
23.4 -511.4 2732.4 0.9921810627 0.1242744848 -0.0115158260 -0.0141736083 0.0205234531 -0.9996889234 -0.1239994839 0.9920356274 0.0221243985
-21.8 -518.9 2371.5 0.9921810627 0.0331388973 0.1203269586 -0.0141736083 0.9877858162 -0.1551717669 -0.1239994839 0.1522530168 0.9805320501
202.6 -520.7 2730.0 0.9786025882 0.0089227762 0.2055658400 0.1906690598 -0.4148710370 -0.8896782398 0.0773449168 0.9098364711 -0.4076952040
199.3 -365.9 2390.5 0.9786025882 -0.1991389543 -0.0517745540 0.1906690598 0.9722407460 -0.1356218010 0.0773449168 0.1228480414 0.9894069433
-148.2 -535.7 2466.6 0 0 0 0 0 0 0 0 0
239.0 -42.8 2532.4 0 0 0 0 0 0 0 0 0
-33.7 -874.1 2316.7 0 0 0 0 0 0 0 0 0
271.8 -719.8 2345.8 0 0 0 0 0 0 0 0 0
131.7 62.5 2633.6 5 0.9991580844 0.0349598154 0.0214692522 -0.0378945656 0.9869596362 0.1564439982 -0.0157200303 -0.1571258605 0.9874534607
124.7 -135.5 2665.1 0.9991580844 0.0349598154 0.0214692522 -0.0378945656 0.9869596362 0.1564439982 -0.0157200303 -0.1571258605 0.9874534607
119.0 -325.8 2694.8 0.9992549419 0.0321742147 0.0213154946 -0.0350451469 0.9877710938 0.1519212425 -0.0161668826 -0.1525550485 0.9881627560
-11.2 -129.4 2667.4 0.3833813965 -0.9076814651 -0.1706840098 0.9235597849 0.3782624304 0.0628872663 0.0074817417 -0.1817467064 0.9833168983
-114.4 -377.9 2665.4 0.0921094716 -0.9076814651 -0.4094266593 0.6020916700 0.3782624304 -0.7031380534 0.7930961251 -0.1817467064 0.5813490152
260.7 -141.5 2662.7 0.2539206743 0.9633719325 0.0862483829 -0.8085162044 0.2603525817 -0.5277481675 -0.5308727622 0.0642729476 0.8450106978
310.9 -301.2 2557.9 -0.2551644146 0.9633719325 0.0824960843 0.9636679292 0.2603525817 -0.0596708581 -0.0789633021 0.0642729476 -0.9948033690
20.3 -510.0 2730.6 0.9936236143 0.0896373615 -0.0683906302 -0.0675668791 -0.0121957222 -0.9976401925 -0.0902599096 0.9958997965 -0.0060614403
-13.3 -505.5 2357.1 0.9936236143 0.0751562491 0.0840456635 -0.0675668791 0.9936684370 -0.0897648409 -0.0902599096 0.0835137591 0.9924104810
199.3 -519.3 2725.4 0.9852368832 -0.0488529317 0.1640782505 0.1189440712 -0.4939799011 -0.8612990975 0.1231283471 0.8680998087 -0.4808764458
217.8 -332.2 2396.8 0.9852368832 -0.1346899420 -0.1056735590 0.1189440712 0.9825027585 -0.1433201730 0.1231283471 0.1286350787 0.9840185046
-138.8 -537.1 2455.7 0 0 0 0 0 0 0 0 0
242.1 -41.6 2536.6 0 0 0 0 0 0 0 0 0
-40.8 -868.5 2326.6 0 0 0 0 0 0 0 0 0
267.3 -693.7 2349.4 0 0 0 0 0 0 0 0 0
133.3 61.9 2635.3 6 0.9996687174 0.0116901286 0.0229310058 -0.0148258898 0.9897933602 0.1417367458 -0.0210400354 -0.1420297623 0.9896387458
131.0 -136.1 2663.7 0.9996687174 0.0116901286 0.0229310058 -0.0148258898 0.9897933602 0.1417367458 -0.0210400354 -0.1420297623 0.9896387458
129.9 -327.1 2689.8 0.9997076392 0.0078976220 0.0228518434 -0.0108854091 0.9909577966 0.1337317228 -0.0215890501 -0.1339413822 0.9907540679
-5.1 -133.3 2666.8 0.3613611758 -0.9173488617 -0.1670004576 0.9321379066 0.3598594964 0.0402498245 0.0231735706 -0.1702121794 0.9851348996
-102.3 -384.1 2660.5 0.0819106922 -0.9173488617 -0.3895660341 0.5890601277 0.3598594964 -0.7235394716 0.8039271235 -0.1702121794 0.5698499680
267.1 -138.9 2660.6 0.2702894509 0.9572354555 0.1031694934 -0.7920772433 0.2820033431 -0.5413758159 -0.5473182201 0.0646099597 0.8344269395
320.4 -295.3 2552.5 -0.2783994973 0.9572354555 0.0787023082 0.9586235881 0.2820033431 -0.0389222316 -0.0594520532 0.0646099597 -0.9961380363
23.2 -513.8 2724.9 0.9905722141 0.0695148110 -0.1180440038 -0.1151613519 -0.0441238806 -0.9923663139 -0.0741927177 0.9966046214 -0.0357024707
-3.0 -497.1 2349.5 0.9905722141 0.1191792414 0.0675500184 -0.1151613519 0.9914993644 -0.0605551377 -0.0741927177 0.0522050820 0.9958765507
202.3 -520.7 2722.9 0.9897820950 -0.1041185111 0.0974206105 0.0471503176 -0.4058022797 -0.9127438664 0.1345670372 0.9080109596 -0.3967466056
238.3 -380.5 2409.2 0.9897820950 -0.0746423304 -0.1214905828 0.0471503176 0.9754388928 -0.2151647359 0.1345670372 0.2072378695 0.9689913392
-124.0 -539.9 2448.0 0 0 0 0 0 0 0 0 0
245.4 -37.0 2536.5 0 0 0 0 0 0 0 0 0
-46.9 -862.8 2330.2 0 0 0 0 0 0 0 0 0
265.8 -740.2 2332.8 0 0 0 0 0 0 0 0 0
133.9 60.7 2636.1 7 0.9996272326 -0.0000677319 0.0273022503 -0.0038096807 0.9898678064 0.1419409066 -0.0270352326 -0.1419920027 0.9894985557
133.9 -136.9 2664.5 0.9996272326 -0.0000677319 0.0273022503 -0.0038096807 0.9898678064 0.1419409066 -0.0270352326 -0.1419920027 0.9894985557
135.4 -327.8 2691.1 0.9996151328 -0.0048427265 0.0273153093 0.0010643823 0.9906154275 0.1366745383 -0.0277208444 -0.1365928650 0.9902393222
-2.1 -135.7 2668.4 0.3502592742 -0.9226369262 -0.1614298224 0.9364701509 0.3483539224 0.0409042425 0.0184949469 -0.1655012965 0.9860361218
-96.4 -387.7 2663.4 0.0797470585 -0.9226369262 -0.3773348033 0.5921726823 0.3483539224 -0.7266230583 0.8018553257 -0.1655012965 0.5741405487
270.0 -138.0 2660.5 0.2764359117 0.9541525841 0.1147869229 -0.7902504802 0.2936538458 -0.5378397703 -0.5468888283 0.0579677969 0.8351960182
