138.0 63.3 2661.4 4 0.9965751767 0.0416905358 0.0714126751 -0.0485472642 0.9940860271 0.0971399546 -0.0669405237 -0.1002741605 0.9927054048
129.8 -133.6 2681.2 0.9965751767 0.0416905358 0.0714126751 -0.0485472642 0.9940860271 0.0971399546 -0.0669405237 -0.1002741605 0.9927054048
120.9 -326.6 2699.5 0.9964101911 0.0459032208 0.0711310729 -0.0522934087 0.9945000410 0.0907469541 -0.0665742829 -0.0941408798 0.9933304191
-6.3 -126.5 2690.3 0.4028271139 -0.9070102572 -0.1227300242 0.9141908884 0.4052436650 0.0057093757 0.0445571020 -0.1144985631 0.9924236536
-114.7 -372.5 2678.3 0.1421841085 -0.9070102572 -0.3963786364 0.5506383777 0.4052436650 -0.7297773361 0.8225454688 -0.1144985631 0.5570539236
265.9 -140.7 2672.1 0.1227255240 0.0927177146 0.9881001115 -0.9345506430 0.3458652496 0.0836204514 -0.3339963853 -0.9336919785 0.1290958822
297.3 -379.8 2586.7 -0.6760956645 0.0927177146 0.7309569716 -0.6665376425 0.3458652496 -0.6603823304 -0.3140417337 -0.9336919785 -0.1720381379
20.3 -510.6 2714.0 0.9845810533 0.0351177044 -0.1713675857 -0.1686387658 -0.0697880760 -0.9832042456 -0.0464872904 0.9969435334 -0.0627898127
7.4 -485.0 2348.3 0.9845810533 0.1700644940 0.0409654602 -0.1686387658 0.9850174189 -0.0360780545 -0.0464872904 0.0286134034 0.9985089898
198.8 -520.3 2704.5 0.9871550798 -0.1489077955 0.0578909069 0.0420717932 -0.1072738171 -0.9933389425 0.1541260928 0.9830151796 -0.0996310785
252.9 -481.4 2347.4 0.9871550798 -0.0430001095 -0.1538696885 0.0420717932 0.9990714192 -0.0092857517 0.1541260928 0.0026929032 0.9880475402
-152.3 -518.1 2460.9 0 0 0 0 0 0 0 0 0
117.2 -557.4 2503.0 0 0 0 0 0 0 0 0 0
-56.1 -852.6 2337.6 0 0 0 0 0 0 0 0 0
269.0 -854.3 2346.4 0 0 0 0 0 0 0 0 0
137.9 64.2 2668.7 5 0.9983633757 0.0389921106 0.0418346711 -0.0418948531 0.9966022372 0.0709140077 -0.0389274396 -0.0725506023 0.9966047406
130.2 -133.3 2683.0 0.9983633757 0.0389921106 0.0418346711 -0.0418948531 0.9966022372 0.0709140077 -0.0389274396 -0.0725506023 0.9966047406
121.9 -326.7 2697.2 0.9982278347 0.0423011929 0.0418551117 -0.0452190302 0.9964211583 0.0714151934 -0.0386843719 -0.0731812865 0.9965681434
-6.2 -127.2 2688.3 0.3955747187 -0.9058762789 -0.1513565332 0.9154319763 0.4022041261 -0.0147032468 0.0741955414 -0.1327403784 0.9883698821
-112.7 -373.5 2668.4 0.1148934811 -0.9058762789 -0.4076611996 0.5350086689 0.4022041261 -0.7429654002 0.8369977474 -0.1327403784 0.5308622718
266.5 -139.5 2677.7 0.1382313520 0.1174353138 0.9834129810 -0.9270123243 0.3648636937 0.0867329314 -0.3486261666 -0.9236251712 0.1592995971
301.9 -376.6 2588.6 -0.6625145674 0.1174353138 0.7397860885 -0.6640557051 0.3648636937 -0.6526135802 -0.3465609550 -0.9236251712 -0.1637438983
22.8 -514.8 2723.7 0.9851374626 0.0465919934 -0.1653279364 -0.1616250724 -0.0744093135 -0.9840430021 -0.0581504628 0.9961387515 -0.0657729730
5.1 -486.6 2346.2 0.9851374626 0.1629436314 0.0543462224 -0.1616250724 0.9864587784 -0.0278633442 -0.0581504628 0.0186655130 0.9981333017
201.3 -524.3 2711.8 0.9884141684 -0.1400429457 0.0585272983 0.0425576344 -0.1144285947 -0.9925194979 0.1456925571 0.9835110903 -0.1071429476
253.2 -481.8 2347.1 0.9884141684 -0.0433713533 -0.1454523951 0.0425576344 0.9990561008 -0.0087028407 0.1456925571 0.0024119010 0.9893269539
-143.1 -515.0 2447.1 0 0 0 0 0 0 0 0 0
125.4 -553.6 2496.2 0 0 0 0 0 0 0 0 0
-55.7 -854.8 2339.2 0 0 0 0 0 0 0 0 0
269.4 -854.8 2346.2 0 0 0 0 0 0 0 0 0
135.7 63.5 2671.3 6 0.9987663627 0.0349372178 0.0352864303 -0.0370353572 0.9974705577 0.0606698543 -0.0330775417 -0.0619018562 0.9975339770
128.7 -134.0 2683.6 0.9987663627 0.0349372178 0.0352864303 -0.0370353572 0.9974705577 0.0606698543 -0.0330775417 -0.0619018562 0.9975339770
121.5 -327.6 2694.5 0.9986907244 0.0372249894 0.0350872092 -0.0391264595 0.9977105260 0.0551616512 -0.0329534858 -0.0564622656 0.9978607297
-7.7 -128.6 2688.1 0.3899944127 -0.9072325826 -0.1575860977 0.9162252545 0.3993946016 -0.0318624154 0.0918456614 -0.1319582015 0.9869911075
-112.7 -375.2 2663.4 0.1065641344 -0.9072325826 -0.4069067538 0.5217207074 0.3993946016 -0.7538510561 0.8464346528 -0.1319582015 0.5158832073
265.2 -139.3 2679.1 0.1456108242 0.1213046014 0.9818771482 -0.9203556776 0.3807146549 0.0894524455 -0.3629640043 -0.9167014360 0.1670795530
302.4 -374.7 2586.2 -0.6565821767 0.1213046014 0.7444360256 -0.6618419290 0.3807146549 -0.6457720995 -0.3617528379 -0.9167014360 -0.1696859747
24.4 -516.0 2714.9 0.9848072529 0.0497249141 -0.1663793027 -0.1618019938 -0.0850990415 -0.9831471443 -0.0630456209 0.9951309562 -0.0757605657
6.0 -484.5 2346.5 0.9848072529 0.1632324159 0.0592436977 -0.1618019938 0.9864196777 -0.0282203648 -0.0630456209 0.0182058718 0.9978445768
203.2 -524.1 2708.0 0.9890084863 -0.1349361241 0.0604523756 0.0449975692 -0.1147817895 -0.9923710823 0.1408455372 0.9841836095 -0.1074483693
252.7 -482.0 2347.1 0.9890084863 -0.0465538129 -0.1403388381 0.0449975692 0.9988855720 -0.0142437611 0.1408455372 0.0077722939 0.9900010824
-140.8 -513.1 2439.6 0 0 0 0 0 0 0 0 0
127.5 -551.1 2489.8 0 0 0 0 0 0 0 0 0
-54.9 -852.7 2339.7 0 0 0 0 0 0 0 0 0
270.1 -854.9 2344.2 0 0 0 0 0 0 0 0 0
135.9 62.2 2672.1 7 0.9982905388 0.0430330187 0.0395499952 -0.0453388840 0.9972050786 0.0593839660 -0.0368839838 -0.0610756017 0.9974514246
127.5 -134.4 2684.2 0.9982905388 0.0430330187 0.0395499952 -0.0453388840 0.9972050786 0.0593839660 -0.0368839838 -0.0610756017 0.9974514246
118.7 -328.0 2695.5 0.9981917739 0.0453741774 0.0394256674 -0.0475667305 0.9972643852 0.0565791167 -0.0367505811 -0.0583521575 0.9976193905
-8.9 -128.0 2689.2 0.3980211616 -0.9043558836 -0.1540117115 0.9130749702 0.4067704976 -0.0288427230 0.0887315050 -0.1291442215 0.9876479506
-116.0 -373.7 2665.3 0.1142253131 -0.9043558836 -0.4112092257 0.5222607851 0.4067704976 -0.7495207787 0.8451012969 -0.1291442215 0.5187731385
263.8 -140.9 2679.1 0.1364730895 0.1209315285 0.9832348228 -0.9221679568 0.3781075180 0.0814922303 -0.3619134724 -0.9178290963 0.1631206870
298.7 -376.8 2586.6 -0.6635121703 0.1209315285 0.7383273244 -0.6569262743 0.3781075180 -0.6522902250 -0.3580495417 -0.9178290963 -0.1714358181
24.9 -517.7 2708.4 0.9839979410 0.0527245067 -0.1702002585 -0.1653457582 -0.0857627839 -0.9824996591 -0.0663986579 0.9949195385 -0.0756726339
5.7 -486.4 2346.1 0.9839979410 0.1664625704 0.0635469258 -0.1653457582 0.9859793186 -0.0224837177 -0.0663986579 0.0116167180 0.9977255464
203.8 -524.7 2702.5 0.9889497161 -0.1389263719 0.0517490655 0.0350853801 -0.1198222041 -0.9921752214 0.1440399885 0.9830269814 -0.1136238500
254.2 -481.3 2346.0 0.9889497161 -0.0343261808 -0.1442227960 0.0350853801 0.9993805885 0.0027232661 0.1440399885 -0.0077532846 0.9895414710
-146.2 -511.8 2441.9 0 0 0 0 0 0 0 0 0
121.9 -551.9 2491.2 0 0 0 0 0 0 0 0 0
-56.5 -854.5 2341.8 0 0 0 0 0 0 0 0 0
267.0 -854.3 2348.9 0 0 0 0 0 0 0 0 0
134.5 66.3 2673.6 8 0.9978693128 0.0395430364 0.0518954061 -0.0427710563 0.9971191883 0.0626415163 -0.0492688715 -0.0647276640 0.9966859818
126.7 -130.2 2686.3 0.9978693128 0.0395430364 0.0518954061 -0.0427710563 0.9971191883 0.0626415163 -0.0492688715 -0.0647276640 0.9966859818
118.8 -323.7 2698.0 0.9978458285 0.0403582565 0.0517195202 -0.0433578268 0.9973599911 0.0582510643 -0.0492320694 -0.0603680275 0.9969613552
-9.7 -124.3 2693.1 0.3951841593 -0.9076445699 -0.1414596587 0.9148995280 0.4027085900 -0.0280112103 0.0823912472 -0.1183517948 0.9895476699
-116.0 -370.5 2670.9 0.1225975677 -0.9076445699 -0.4014364183 0.5240175128 0.4027085900 -0.7504874468 0.8428377509 -0.1183517948 0.5249927640
263.0 -136.1 2679.6 0.1358680725 0.1077616140 0.9848488569 -0.9221212268 0.3772363663 0.0859372690 -0.3622600734 -0.9198261499 0.1506236494
297.7 -372.0 2586.9 -0.6651359797 0.1077616140 0.7389056683 -0.6602936387 0.3772363663 -0.6493881941 -0.3487212062 -0.9198261499 -0.1797591746
20.5 -517.3 2710.1 0.9860793948 0.0441059284 -0.1603186280 -0.1564510018 -0.0803946331 -0.9844083190 -0.0563070029 0.9957867861 -0.0723750740
4.3 -487.7 2344.4 0.9860793948 0.1570793092 0.0545296445 -0.1564510018 0.9875620008 -0.0156328417 -0.0563070029 0.0068840063 0.9983897805
199.3 -525.8 2703.5 0.9863016009 -0.1597828418 0.0409710258 0.0230184011 -0.1126298383 -0.9933703542 0.1633380949 0.9807058573 -0.1074090451
257.7 -484.6 2344.9 0.9863016009 -0.0208786912 -0.1636253744 0.0230184011 0.9996724129 0.0111916335 0.1633380949 -0.0148047209 0.9864590764
-148.4 -509.0 2448.1 0 0 0 0 0 0 0 0 0
120.5 -547.9 2494.0 0 0 0 0 0 0 0 0 0
-54.4 -856.4 2341.9 0 0 0 0 0 0 0 0 0
265.5 -857.7 2350.4 0 0 0 0 0 0 0 0 0
136.4 68.3 2674.8 9 0.9987038970 0.0411238186 0.0299886074 -0.0427558385 0.9975160360 0.0559798218 -0.0276120119 -0.0571894534 0.9979814291
128.3 -128.3 2686.0 0.9987038970 0.0411238186 0.0299886074 -0.0427558385 0.9975160360 0.0559798218 -0.0276120119 -0.0571894534 0.9979814291
119.9 -321.9 2696.4 0.9986231327 0.0431575887 0.0298203416 -0.0446681269 0.9976478219 0.0519965477 -0.0275061540 -0.0532569773 0.9982019663
-8.1 -122.2 2689.8 0.3946282566 -0.9042175412 -0.1632761955 0.9137309790 0.4049025476 -0.0339052565 0.0967686772 -0.1358105540 0.9859976172
-114.3 -368.1 2663.8 0.1047684997 -0.9042175412 -0.4140219092 0.5185924768 0.4049025476 -0.7530708909 0.8485784531 -0.1358105540 0.5113414526
264.8 -134.4 2682.3 0.1424519569 0.1285674721 0.9814162254 -0.9200805426 0.3827463984 0.0834085867 -0.3649098873 -0.9148637056 0.1728154123
301.2 -369.7 2588.9 -0.6582668424 0.1285674721 0.7417244911 -0.6570450068 0.3827463984 -0.6494590640 -0.3673916757 -0.9148637056 -0.1674746275
21.6 -513.4 2714.1 0.9861738682 0.0468587242 -0.1589508206 -0.1555800736 -0.0684745237 -0.9854471684 -0.0570608787 0.9965518117 -0.0602375045
4.3 -488.1 2345.4 0.9861738682 0.1567276865 0.0538287684 -0.1555800736 0.9875090718 -0.0249125138 -0.0570608787 0.0161933862 0.9982393384
200.4 -521.2 2705.3 0.9868022799 -0.1582610011 0.0342748538 0.0187878963 -0.0983357653 -0.9949759245 0.1608363241 0.9824884534 -0.0940645635
258.4 -485.2 2345.1 0.9868022799 -0.0172665864 -0.1610067487 0.0187878963 0.9997920394 0.0079309894 0.1608363241 -0.0108512966 0.9869214296
-142.0 -505.2 2439.4 0 0 0 0 0 0 0 0 0
125.8 -544.8 2491.0 0 0 0 0 0 0 0 0 0
-54.2 -856.7 2339.3 0 0 0 0 0 0 0 0 0
264.9 -858.4 2349.1 0 0 0 0 0 0 0 0 0
134.3 70.5 2677.4 0 0.9964401722 0.0449307635 0.0713319331 -0.0482652299 0.9977871180 0.0457309149 -0.0691193566 -0.0490109734 0.9964037538
125.4 -126.5 2687.0 0.9964401722 0.0449307635 0.0713319331 -0.0482652299 0.9977871180 0.0457309149 -0.0691193566 -0.0490109734 0.9964037538
116.3 -320.1 2696.3 0.9963408113 0.0471946485 0.0712580606 -0.0504177548 0.9977527261 0.0441308171 -0.0690151900 -0.0475620031 0.9964811802
-10.7 -119.6 2696.5 0.4040151536 -0.9064839482 -0.1227133870 0.9105859995 0.4113287032 -0.0405198261 0.0872061104 -0.0953704715 0.9916146398
-119.4 -364.7 2673.0 0.1429070830 -0.9064839482 -0.3973215222 0.5114089847 0.4113287032 -0.7544995546 0.8473714590 -0.0953704715 0.5223658681
261.6 -133.3 2677.6 0.1215079278 0.0931585059 0.9882091284 -0.9180781245 0.3890039921 0.0762133524 -0.3773173988 -0.9165136814 0.1327938586
292.6 -368.2 2581.1 -0.6769641638 0.0931585059 0.7300965786 -0.6502542496 0.3890039921 -0.6525682211 -0.3448027968 -0.9165136814 -0.2027650476
22.2 -511.5 2709.1 0.9853564501 0.0441958569 -0.1646796763 -0.1614786685 -0.0682305619 -0.9845147133 -0.0547476560 0.9966901541 -0.0600947365
6.1 -486.8 2347.3 0.9853564501 0.1628569961 0.0505001694 -0.1614786685 0.9864110947 -0.0302948561 -0.0547476560 0.0216965321 0.9982644916
201.0 -519.6 2704.2 0.9865475297 -0.1611208022 0.0276426952 0.0130646061 -0.0908459276 -0.9957792759 0.1629519761 0.9827446938 -0.0875188410
260.6 -486.0 2341.0 0.9865475297 -0.0082209175 -0.1632680148 0.0130646061 0.9995051026 0.0286155548 0.1629519761 -0.0303636361 0.9861666560
-157.2 -499.9 2449.0 0 0 0 0 0 0 0 0 0
112.3 -541.5 2489.2 0 0 0 0 0 0 0 0 0
-54.7 -855.0 2339.2 0 0 0 0 0 0 0 0 0
263.6 -859.0 2352.4 0 0 0 0 0 0 0 0 0
133.6 73.8 2676.7 1 0.9966887832 0.0472448878 0.0661770254 -0.0506730899 0.9974061251 0.0511198528 -0.0635902211 -0.0543039814 0.9964975715
124.2 -124.4 2687.5 0.9966887832 0.0472448878 0.0661770254 -0.0506730899 0.9974061251 0.0511198528 -0.0635902211 -0.0543039814 0.9964975715
114.5 -317.9 2697.2 0.9965782762 0.0497855581 0.0659780428 -0.0529446006 0.9974894524 0.0470288396 -0.0634710416 -0.0503611043 0.9967122078
-12.0 -117.1 2696.1 0.4056680202 -0.9049906135 -0.1281618476 0.9099086523 0.4131386280 -0.0371854417 0.0866010860 -0.1015306339 0.9910559058
-121.1 -362.0 2672.8 0.1395246536 -0.9049906135 -0.4019015729 0.5136786103 0.4131386280 -0.7519646287 0.8465619683 -0.1015306339 0.5225173235
260.3 -131.6 2678.8 0.1213953346 0.0990173444 0.9876531363 -0.9195137620 0.3859666288 0.0743249729 -0.3738416731 -0.9171833992 0.1379023641
291.4 -366.8 2583.1 -0.6766117811 0.0990173444 0.7296520472 -0.6497366428 0.3859666288 -0.6548832059 -0.3464661241 -0.9171833992 -0.1968143582
17.9 -509.3 2711.7 0.9857476354 0.0330759138 -0.1649471074 -0.1627186090 -0.0614691451 -0.9847559333 -0.0427108593 0.9975607991 -0.0552110001
5.9 -486.9 2347.6 0.9857476354 0.1637456119 0.0385867693 -0.1627186090 0.9862630367 -0.0284230765 -0.0427108593 0.0217391942 0.9988509417
196.3 -518.3 2699.3 0.9840490222 -0.1744189113 0.0350079648 0.0195245687 -0.0897091925 -0.9957765937 0.1768228114 0.9805765152 -0.0848727897
259.8 -485.7 2342.5 0.9840490222 -0.0157689285 -0.1771972179 0.0195245687 0.9996197820 0.0194709655 0.1768228114 -0.0226200838 0.9839827418
-158.0 -497.8 2449.0 0 0 0 0 0 0 0 0 0
111.1 -539.9 2490.8 0 0 0 0 0 0 0 0 0
-55.3 -855.0 2339.5 0 0 0 0 0 0 0 0 0
265.6 -858.7 2350.9 0 0 0 0 0 0 0 0 0
135.6 71.4 2675.3 2 0.9988061786 0.0483282134 0.0071161715 -0.0485997610 0.9978094101 0.0448826328 -0.0049314853 -0.0451748930 0.9989669323
126.1 -125.7 2684.2 0.9988061786 0.0483282134 0.0071161715 -0.0485997610 0.9978094101 0.0448826328 -0.0049314853 -0.0451748930 0.9989669323
116.5 -319.3 2692.9 0.9987519979 0.0494373925 0.0070985346 -0.0497052781 0.9977710843 0.0445226245 -0.0048816297 -0.0448198952 0.9989831448
-10.4 -118.9 2684.9 0.3969308734 -0.8987841010 -0.1860996187 0.9109138250 0.4106265306 -0.0402729250 0.1126141027 -0.1535351425 0.9817051888
-117.2 -364.1 2654.6 0.0878393278 -0.8987841010 -0.4295013845 0.5118027925 0.4106265306 -0.7546149492 0.8546005487 -0.1535351425 0.4960693717
262.5 -132.5 2683.6 0.1461402178 0.1515344679 0.9775890708 -0.9181165099 0.3887607157 0.0769884735 -0.3683818281 -0.9087917209 0.1959398687
299.9 -367.3 2589.3 -0.6529633403 0.1515344679 0.7420756221 -0.6508714557 0.3887607157 -0.6520977616 -0.3873051405 -0.9087917209 -0.1552170366
15.6 -506.8 2712.7 0.9867876172 0.0277570039 -0.1596238613 -0.1578886509 -0.0563001893 -0.9858506322 -0.0363511145 0.9980279803 -0.0511738136
5.2 -485.7 2338.0 0.9867876172 0.1585028172 0.0335721187 -0.1578886509 0.9872496128 -0.0202334076 -0.0363511145 0.0146654192 0.9992314577
194.1 -516.3 2701.3 0.9826880097 -0.1841088682 0.0206922162 0.0059227017 -0.0804126114 -0.9967440367 0.1851733327 0.9796110392 -0.0779300928
262.4 -486.5 2338.0 0.9826880097 0.0005640102 -0.1852671653 0.0059227017 0.9993886352 0.0344574451 0.1851733327 -0.0349582024 0.9820838571
-140.4 -499.4 2428.7 0 0 0 0 0 0 0 0 0
125.9 -540.8 2486.1 0 0 0 0 0 0 0 0 0
-54.0 -854.2 2332.5 0 0 0 0 0 0 0 0 0
262.2 -859.5 2351.0 0 0 0 0 0 0 0 0 0
134.3 74.4 2674.6 3 0.9993816614 0.0312626623 -0.0160918795 -0.0305280946 0.9985636473 0.0440308265 0.0174452867 -0.0435123481 0.9989005923
128.2 -122.6 2683.2 0.9993816614 0.0312626623 -0.0160918795 -0.0305280946 0.9985636473 0.0440308265 0.0174452867 -0.0435123481 0.9989005923
122.1 -316.4 2691.7 0.9993812442 0.0312776454 -0.0160898399 -0.0305420179 0.9985603094 0.0440959483 0.0174458940 -0.0435772464 0.9988977313
-8.4 -118.5 2680.9 0.3767672181 -0.9028390050 -0.2071912885 0.9182949662 0.3934017122 -0.0443790480 0.1215765402 -0.1735421419 0.9772933125
-109.8 -365.6 2648.1 0.0588796251 -0.9028390050 -0.4259283543 0.5129185319 0.3934017122 -0.7629873157 0.8564156294 -0.1735421419 0.4862461984
264.7 -126.8 2685.6 0.1719237715 0.1643262058 0.9713079333 -0.9149407148 0.3920994401 0.0956111252 -0.3651378751 -0.9051270485 0.2177599669
308.7 -360.8 2592.2 -0.6315365434 0.1643262058 0.7577324510 -0.6630574465 0.3920994401 -0.6376619935 -0.4018910527 -0.9051270485 -0.1386674047
17.6 -508.6 2702.1 0.9864007235 0.0335158519 -0.1609045565 -0.1584515274 -0.0661746860 -0.9851467013 -0.0436658412 0.9972450137 -0.0599641241
5.3 -484.2 2334.2 0.9864007235 0.1593247950 0.0403633378 -0.1584515274 0.9870749712 -0.0240025390 -0.0436658412 0.0172804911 0.9988967180
196.2 -517.5 2701.2 0.9826782942 -0.1849841774 0.0111464998 -0.0036735185 -0.0795795619 -0.9968217611 0.1852832884 0.9795141220 -0.0788806528
264.6 -488.1 2339.3 0.9826782942 0.0095159346 -0.1850752234 -0.0036735185 0.9994847775 0.0318851173 0.1852832884 -0.0306529365 0.9822069407
-125.3 -501.2 2421.7 0 0 0 0 0 0 0 0 0
140.4 -537.5 2485.1 0 0 0 0 0 0 0 0 0
-54.2 -852.6 2327.7 0 0 0 0 0 0 0 0 0
261.0 -861.1 2350.7 0 0 0 0 0 0 0 0 0
132.7 75.6 2664.8 4 0.9986628294 0.0214597043 -0.0470326766 -0.0182395671 0.9975283146 0.0678567737 0.0483726151 -0.0669081807 0.9965858459
128.4 -122.8 2678.1 0.9986628294 0.0214597043 -0.0470326766 -0.0182395671 0.9975283146 0.0678567737 0.0483726151 -0.0669081807 0.9965858459
124.4 -316.5 2690.3 0.9986752868 0.0206678845 -0.0471220091 -0.0176479910 0.9978177547 0.0636256859 0.0483341850 -0.0627097860 0.9968607426
-8.0 -120.5 2671.5 0.3618849516 -0.9017496109 -0.2364041656 0.9251741767 0.3785343766 -0.0276501365 0.1144206002 -0.2087088525 0.9712613225
-105.4 -369.4 2640.7 0.0265612956 -0.9017496109 -0.4314419329 0.5304443240 0.3785343766 -0.7585120797 0.8473035693 -0.2087088525 0.4883823097
264.9 -125.2 2684.7 0.1939110756 0.1872053742 0.9629915357 -0.9197496772 0.3761637211 0.1120776013 -0.3412609398 -0.9074442387 0.2451243997
314.5 -360.5 2597.4 -0.6110020280 0.1872053742 0.7691752911 -0.6787441969 0.3761637211 -0.6307196021 -0.4074099362 -0.9074442387 -0.1027722359
26.6 -507.5 2698.6 0.9854530692 0.0584916435 -0.1595648229 -0.1559895128 -0.0613271706 -0.9858530760 -0.0674498230 0.9964023829 -0.0513109639
5.1 -485.0 2332.7 0.9854530692 0.1578385383 0.0630016252 -0.1559895128 0.9871975183 -0.0332921147 -0.0674498230 0.0229802243 0.9974579811
205.5 -513.0 2701.7 0.9866096377 -0.1630917341 0.0015815445 -0.0089663230 -0.0639180616 -0.9979148507 0.1628527492 0.9845382571 -0.0645245090
265.6 -489.4 2338.6 0.9866096377 0.0158648808 -0.1623259634 -0.0089663230 0.9990286827 0.0431428887 0.1628527492 -0.0411097221 0.9857935905
-112.4 -509.7 2416.7 0 0 0 0 0 0 0 0 0
151.7 -541.4 2488.8 0 0 0 0 0 0 0 0 0
-53.8 -853.5 2324.1 0 0 0 0 0 0 0 0 0
259.7 -862.3 2353.9 0 0 0 0 0 0 0 0 0
129.9 74.9 2670.9 5 0.9983693361 0.0139532853 -0.0553532504 -0.0113533754 0.9988299608 0.0470089354 0.0559444129 -0.0463038310 0.9973595738
127.1 -123.5 2680.1 0.9983693361 0.0139532853 -0.0553532504 -0.0113533754 0.9988299608 0.0470089354 0.0559444129 -0.0463038310 0.9973595738
124.7 -317.4 2689.4 0.9983943701 0.0121399174 -0.0553286448 -0.0094348397 0.9987594485 0.0488926992 0.0558535606 -0.0482921787 0.9972704053
-9.3 -122.3 2672.5 0.3526320457 -0.9035046101 -0.2435775399 0.9266268611 0.3734350801 -0.0436904132 0.1304348856 -0.2102988660 0.9688968658
-104.2 -371.6 2637.4 0.0152812907 -0.9035046101 -0.4283058047 0.5184476376 0.3734350801 -0.7692582607 0.8549728394 -0.2102988660 0.4741263986
263.5 -124.8 2687.7 0.2048135996 0.1907475144 0.9600347877 -0.9129928350 0.3907999098 0.1171303838 -0.3528391719 -0.9004947543 0.2541922629
315.9 -358.4 2597.4 -0.6017118692 0.1907475144 0.7756018639 -0.6782491803 0.3907999098 -0.6222969890 -0.4218067229 -0.9004947543 -0.1057746038
31.0 -508.6 2698.2 0.9856694937 0.0783039629 -0.1494127363 -0.1447862685 -0.0617901832 -0.9875317216 -0.0865598917 0.9950128198 -0.0495673604
2.1 -485.8 2331.4 0.9856694937 0.1470523626 0.0826515779 -0.1447862685 0.9889189601 -0.0328058787 -0.0865598917 0.0203689393 0.9960383773
209.7 -511.7 2706.8 0.9886509180 -0.1502037346 0.0028697432 -0.0055025388 -0.0552942231 -0.9984549284 0.1501303464 0.9871075749 -0.0554931872
266.2 -490.9 2335.8 0.9886509180 0.0130180391 -0.1496660560 -0.0055025388 0.9987078905 0.0505199954 0.1501303464 -0.0491230972 0.9874451160
-108.3 -508.7 2411.3 0 0 0 0 0 0 0 0 0
155.5 -539.1 2485.0 0 0 0 0 0 0 0 0 0
-52.8 -854.9 2323.8 0 0 0 0 0 0 0 0 0
261.3 -863.7 2354.1 0 0 0 0 0 0 0 0 0
130.7 74.5 2672.9 6 0.9980121255 0.0150157502 -0.0612074174 -0.0124890376 0.9990622401 0.0414567105 0.0617725253 -0.0406098776 0.9972637296
127.7 -123.0 2681.0 0.9980121255 0.0150157502 -0.0612074174 -0.0124890376 0.9990622401 0.0414567105 0.0617725253 -0.0406098776 0.9972637296
125.3 -316.9 2688.9 0.9980492592 0.0123252207 -0.0612022504 -0.0097725522 0.9990767837 0.0418342911 0.0616613626 -0.0411545821 0.9972482920
-8.7 -121.7 2672.5 0.3517666161 -0.9022881389 -0.2492717355 0.9257012606 0.3748615682 -0.0505565777 0.1390589923 -0.2129670531 0.9671130180
-103.3 -370.8 2635.1 0.0101975808 -0.9022881389 -0.4310129583 0.5123880506 0.3748615682 -0.7726171613 0.8586934805 -0.2129670531 0.4661442935
264.0 -124.3 2689.4 0.2069770396 0.1960057169 0.9585104585 -0.9104624987 0.3971705437 0.1153843924 -0.3580760956 -0.8965697289 0.2606610358
317.0 -357.2 2597.8 -0.5991517305 0.1960057169 0.7762724757 -0.6752830148 0.3971705437 -0.6214888692 -0.4301279187 -0.8965697289 -0.1056060791
33.0 -510.4 2693.8 0.9860431552 0.0939741805 -0.1374325454 -0.1323293746 -0.0585638881 -0.9894742370 -0.1010336131 0.9938506484 -0.0453109816
-1.6 -488.8 2328.4 0.9860431552 0.1344893426 0.0981400535 -0.1323293746 0.9908038378 -0.0282258336 -0.1010336131 0.0148450788 0.9947722554
211.7 -512.0 2703.9 0.9896776676 -0.1431298405 0.0072092633 -0.0014652051 -0.0604078807 -0.9981727004 0.1433037966 0.9878586531 -0.0599940419
264.8 -489.6 2337.5 0.9896776676 0.0078245457 -0.1430975348 -0.0014652051 0.9990086555 0.0444920920 0.1433037966 -0.0438231602 0.9887080193
-106.0 -506.3 2408.1 0 0 0 0 0 0 0 0 0
157.3 -537.2 2483.1 0 0 0 0 0 0 0 0 0
-51.8 -858.7 2322.8 0 0 0 0 0 0 0 0 0
261.9 -862.5 2353.8 0 0 0 0 0 0 0 0 0
131.8 76.5 2674.4 7 0.9983168244 0.0173054878 -0.0553541519 -0.0155441342 0.9993640184 0.0320935398 0.0558743402 -0.0311790872 0.9979508519
128.4 -121.0 2680.6 0.9983168244 0.0173054878 -0.0553541519 -0.0155441342 0.9993640184 0.0320935398 0.0558743402 -0.0311790872 0.9979508519
125.7 -315.0 2686.8 0.9983687401 0.0140292253 -0.0553445108 -0.0122303842 0.9993901253 0.0327084921 0.0557696298 -0.0319782533 0.9979314208
-8.0 -119.4 2673.0 0.3543652892 -0.9027757645 -0.2437646538 0.9237064123 0.3785238862 -0.0590434596 0.1455737501 -0.2042440176 0.9680354595
-103.4 -367.9 2633.8 0.0161665212 -0.9027757645 -0.4298076332 0.5043899417 0.3785238862 -0.7760866284 0.8633246422 -0.2042440176 0.4614703953
264.8 -122.7 2688.2 0.2031292170 0.1915820837 0.9602264166 -0.9074954987 0.4050890505 0.1111519635 -0.3676824868 -0.8939794302 0.2561452985
316.7 -354.8 2594.2 -0.6029444933 0.1915820837 0.7744380236 -0.6701348424 0.4050890505 -0.6219502687 -0.4328708649 -0.8939794302 -0.1158603728
33.5 -509.9 2691.4 0.9860902429 0.0967838243 -0.1351253837 -0.1301450878 -0.0560725592 -0.9899081588 -0.1033839211 0.9937247038 -0.0426966660
-1.9 -489.4 2328.2 0.9860902429 0.1323798895 0.1005064473 -0.1301450878 0.9910851121 -0.0285049602 -0.1033839211 0.0150280437 0.9945279956
212.3 -511.7 2702.5 0.9905689955 -0.1362312287 0.0146330837 0.0060670669 -0.0630826056 -0.9979898930 0.1368804872 0.9886665940 -0.0616611466
262.3 -488.5 2339.5 0.9905689955 -0.0025502662 -0.1369911432 0.0060670669 0.9996625185 0.0252603404 0.1368804872 -0.0258532446 0.9902501702
-107.7 -501.3 2405.6 0 0 0 0 0 0 0 0 0
156.1 -533.4 2478.8 0 0 0 0 0 0 0 0 0
-51.3 -859.4 2322.6 0 0 0 0 0 0 0 0 0
263.2 -861.6 2349.2 0 0 0 0 0 0 0 0 0
130.5 80.2 2674.7 8 0.9980136156 0.0121118622 -0.0618232042 -0.0102184536 0.9994717836 0.0308510140 0.0621642098 -0.0301579945 0.9976102114
128.1 -117.3 2680.7 0.9980136156 0.0121118622 -0.0618232042 -0.0102184536 0.9994717836 0.0308510140 0.0621642098 -0.0301579945 0.9976102114
126.3 -311.3 2686.8 0.9980487823 0.0088428808 -0.0618100204 -0.0068668863 0.9994608164 0.0321084745 0.0620606244 -0.0316213816 0.9975713491
-8.3 -116.4 2672.2 0.3484559059 -0.9034976363 -0.2495405972 0.9255586863 0.3737150431 -0.0606485046 0.1480528563 -0.2098311335 0.9664632678
-102.1 -365.5 2632.4 0.0080044139 -0.9034976363 -0.4285183251 0.5042090416 0.3737150431 -0.7785308957 0.8635445237 -0.2098311335 0.4585430622
264.4 -118.2 2689.1 0.2103322297 0.1950275302 0.9579794407 -0.9062766433 0.4063854814 0.1162476167 -0.3666374385 -0.8926450014 0.2622248530
318.2 -350.1 2595.3 -0.5965823531 0.1950275302 0.7784945369 -0.6732436419 0.4063854814 -0.6177328229 -0.4368437827 -0.8926450014 -0.1111413538
33.5 -507.9 2688.0 0.9865535498 0.0998494849 -0.1293914616 -0.1249716207 -0.0493442640 -0.9909325242 -0.1053288281 0.9937782288 -0.0362024084
-2.7 -490.0 2327.5 0.9865535498 0.1268068701 0.1031120047 -0.1249716207 0.9918677211 -0.0240945667 -0.1053288281 0.0108845048 0.9943778515
212.4 -510.0 2698.0 0.9908251762 -0.1335593909 0.0206721500 0.0129498085 -0.0584316626 -0.9982073903 0.1345278770 0.9893167615 -0.0561659932
260.8 -488.9 2339.3 0.9908251762 -0.0083356444 -0.1348924190 0.0129498085 0.9993593097 0.0333650485 0.1345278770 -0.0348057598 0.9902983308
-104.2 -498.8 2404.1 0 0 0 0 0 0 0 0 0
159.3 -529.4 2478.9 0 0 0 0 0 0 0 0 0
-50.1 -860.2 2323.5 0 0 0 0 0 0 0 0 0
263.9 -861.9 2352.3 0 0 0 0 0 0 0 0 0
128.1 78.0 2675.8 9 0.9969525337 0.0003437980 -0.0780097097 0.0014665353 0.9997309446 0.0231480356 0.0779966787 -0.0231918972 0.9966838360
128.0 -119.2 2680.4 0.9969525337 0.0003437980 -0.0780097097 0.0014665353 0.9997309446 0.0231480356 0.0779966787 -0.0231918972 0.9966838360
128.1 -313.2 2685.0 0.9969524145 -0.0006039426 -0.0780097842 0.0024631666 0.9997151494 0.0237391926 0.0779732242 -0.0238589961 0.9966698885
-8.2 -119.5 2669.8 0.3368226588 -0.9037157297 -0.2642883658 0.9277601838 0.3664350808 -0.0706141964 0.1606596857 -0.2214117646 0.9618551135
-98.8 -369.2 2626.5 -0.0107721118 -0.9037157297 -0.4279974103 0.4975315034 0.3664350808 -0.7862491608 0.8673790097 -0.2214117646 0.4456797838
264.2 -118.8 2691.0 0.2251569480 0.2051674128 0.9524760842 -0.9012858868 0.4152139127 0.1236171871 -0.3701190948 -0.8862864971 0.2784027755
321.8 -349.4 2596.4 -0.5828166008 0.2051674128 0.7862767577 -0.6756582260 0.4152139127 -0.6091661453 -0.4514540732 -0.8862864971 -0.1033704951
35.2 -504.7 2687.4 0.9848541021 0.1009201631 -0.1409874856 -0.1376516521 -0.0393231101 -0.9896998405 -0.1054247320 0.9941170812 -0.0248357002
-1.4 -490.4 2326.3 0.9848541021 0.1386008859 0.1041736305 -0.1376516521 0.9903468490 -0.0162820257 -0.1054247320 0.0016957489 0.9944258332
214.0 -505.9 2698.5 0.9916070700 -0.1272332221 0.0229583178 0.0171544831 -0.0465253368 -0.9987698197 0.1281448454 0.9907810688 -0.0439522304
260.4 -488.9 2337.4 0.9916070700 -0.0120827453 -0.1287221313 0.0171544831 0.9991165400 0.0383650884 0.1281448454 -0.0402512550 0.9909383059
-96.0 -500.7 2397.2 0 0 0 0 0 0 0 0 0
166.5 -529.4 2476.1 0 0 0 0 0 0 0 0 0
-53.2 -860.0 2325.7 0 0 0 0 0 0 0 0 0
264.9 -861.9 2352.5 0 0 0 0 0 0 0 0 0
131.0 76.4 2675.4 0 0.9965772033 0.0111720646 -0.0819090828 -0.0089798477 0.9995928407 0.0270837396 0.0821783096 -0.0262555052 0.9962717295
128.8 -121.4 2680.6 0.9965772033 0.0111720646 -0.0819090828 -0.0089798477 0.9995928407 0.0270837396 0.0821783096 -0.0262555052 0.9962717295
127.2 -315.4 2685.8 0.9966096878 0.0077998275 -0.0819041580 -0.0055548274 0.9996035695 0.0276022702 0.0820869803 -0.0270537250 0.9962579012
-7.4 -120.6 2669.4 0.3438560069 -0.8997228742 -0.2688155770 0.9254481196 0.3732020855 -0.0653145984 0.1590875834 -0.2263160646 0.9609745741
-99.9 -369.7 2626.6 -0.0102018593 -0.8997228742 -0.4363423884 0.5004007816 0.3732020855 -0.7812293172 0.8657338023 -0.2263160646 0.4464146495
264.9 -122.1 2691.8 0.2191800028 0.2122496665 0.9523183107 -0.9043124318 0.4106349647 0.1166102439 -0.3663047254 -0.8867519498 0.2819429934
321.0 -353.4 2598.1 -0.5865501165 0.2122496665 0.7816067338 -0.6722542644 0.4106349647 -0.6159976721 -0.4517003596 -0.8867519498 -0.0981722474
39.0 -507.4 2682.7 0.9838289022 0.1097440198 -0.1415520459 -0.1365023255 -0.0522742346 -0.9892596006 -0.1159648448 0.9925843477 -0.0364485867
-0.5 -488.6 2325.4 0.9838289022 0.1375892311 0.1146731749 -0.1365023255 0.9904884100 -0.0173152871 -0.1159648448 0.0013821252 0.9932523370
217.6 -507.0 2696.7 0.9931919575 -0.1124283150 0.0304901488 0.0242602453 -0.0563701354 -0.9981151223 0.1139351428 0.9920595884 -0.0532588288
258.0 -486.7 2339.6 0.9931919575 -0.0214155503 -0.1145039275 0.0242602453 0.9994292259 0.0235079415 0.1139351428 -0.0261257924 0.9931446314
-97.2 -502.0 2397.7 0 0 0 0 0 0 0 0 0
164.7 -532.6 2477.7 0 0 0 0 0 0 0 0 0
-51.9 -858.4 2324.9 0 0 0 0 0 0 0 0 0
266.0 -859.8 2349.4 0 0 0 0 0 0 0 0 0
131.0 75.2 2676.2 1 0.9977648854 0.0096196700 -0.0661264509 -0.0082346238 0.9997416139 0.0211861655 0.0663131699 -0.0205942858 0.9975863099
129.1 -121.9 2680.2 0.9977648854 0.0096196700 -0.0661264509 -0.0082346238 0.9997416139 0.0211861655 0.0663131699 -0.0205942858 0.9975863099
127.4 -315.9 2684.6 0.9977778792 0.0082915388 -0.0661102310 -0.0067838868 0.9997125268 0.0229970962 0.0662819073 -0.0224975105 0.9975472689
-7.3 -121.0 2671.2 0.3471814990 -0.9028459787 -0.2536418736 0.9243999720 0.3750216067 -0.0695948899 0.1579546481 -0.2103044838 0.9647913575
-100.7 -369.7 2628.7 0.0039539509 -0.9028459787 -0.4299459755 0.4963418841 0.3750216067 -0.7829453945 0.8681181073 -0.2103044838 0.4496030807
265.4 -122.8 2689.3 0.2125256509 0.1985750794 0.9567657709 -0.9027691483 0.4146109819 0.1144796237 -0.3739528060 -0.8880684972 0.2673829198
319.7 -353.7 2593.6 -0.5942403674 0.1985750794 0.7793884277 -0.6696305871 0.4146109819 -0.6161919832 -0.4455033839 -0.8880684972 -0.1134066358
36.5 -508.9 2683.7 0.9852577448 0.1082912907 -0.1324394643 -0.1271745861 -0.0541886762 -0.9903990030 -0.1144283041 0.9926412106 -0.0396179147
-2.7 -489.3 2325.0 0.9852577448 0.1278823465 0.1136367917 -0.1271745861 0.9917886853 -0.0134860594 -0.1144283041 -0.0011644674 0.9934308529
215.0 -509.9 2698.4 0.9927489161 -0.1122704223 0.0429525636 0.0354164019 -0.0682790577 -0.9970374107 0.1148705781 0.9913290739 -0.0638077483
255.4 -485.3 2342.1 0.9927489161 -0.0338231139 -0.1153497621 0.0354164019 0.9993031025 0.0117906984 0.1148705781 -0.0157904774 0.9932549596
-101.7 -501.0 2399.2 0 0 0 0 0 0 0 0 0
161.4 -532.1 2474.9 0 0 0 0 0 0 0 0 0
-50.4 -859.5 2325.4 0 0 0 0 0 0 0 0 0
268.0 -858.3 2348.0 0 0 0 0 0 0 0 0 0
130.9 76.0 2676.1 2 0.9979669452 0.0036685206 -0.0636284202 -0.0021527254 0.9997126460 0.0238748267 0.0636977255 -0.0236893129 0.9976880550
130.1 -120.7 2680.7 0.9979669452 0.0036685206 -0.0636284202 -0.0021527254 0.9997126460 0.0238748267 0.0636977255 -0.0236893129 0.9976880550
129.6 -314.7 2685.3 0.9979699850 0.0026899325 -0.0636289939 -0.0011839186 0.9997185469 0.0236945469 0.0636748224 -0.0235711150 0.9976922870
-6.2 -120.6 2672.1 0.3424627483 -0.9054579139 -0.2507293820 0.9264776707 0.3697881997 -0.0699701086 0.1560717523 -0.2083330154 0.9655252099
-98.4 -369.9 2630.1 0.0034712171 -0.9054579139 -0.4244218469 0.4972819984 0.3697881997 -0.7848358154 0.8675820231 -0.2083330154 0.4515515268
266.5 -120.9 2689.4 0.2165493518 0.1939513236 0.9568120241 -0.9019759893 0.4147574008 0.1200649217 -0.3735581338 -0.8890214562 0.2647548914
321.9 -351.6 2593.9 -0.5916811228 0.1939513236 0.7824937105 -0.6733881235 0.4147574008 -0.6119841933 -0.4432401955 -0.8890214562 -0.1147996038
36.5 -509.3 2683.0 0.9852330685 0.1098697633 -0.1313178986 -0.1256713420 -0.0568590611 -0.9904412031 -0.1162861511 0.9923183322 -0.0422119498
-3.2 -488.8 2324.8 0.9852330685 0.1265248209 0.1153569445 -0.1256713420 0.9919634461 -0.0146712745 -0.1162861511 -0.0000424371 0.9932157397
215.2 -510.5 2694.9 0.9928753972 -0.1097192392 0.0464774333 0.0387707725 -0.0713582113 -0.9966969490 0.1126733795 0.9913978577 -0.0665959120
254.3 -485.1 2342.0 0.9928753972 -0.0375662409 -0.1130806878 0.0387707725 0.9992122054 0.0084709320 0.1126733795 -0.0127948057 0.9935497046
-99.3 -501.4 2400.7 0 0 0 0 0 0 0 0 0
164.2 -531.0 2475.8 0 0 0 0 0 0 0 0 0
-50.4 -859.1 2324.9 0 0 0 0 0 0 0 0 0
268.3 -858.1 2346.8 0 0 0 0 0 0 0 0 0
131.9 73.4 2666.0 3 0.9988309741 0.0011496908 -0.0483257622 0.0013321087 0.9986827970 0.0512920581 0.0483210795 -0.0512964725 0.9975137711
131.6 -123.5 2676.1 0.9988309741 0.0011496908 -0.0483257622 0.0013321087 0.9986827970 0.0512920581 0.0483210795 -0.0512964725 0.9975137711
131.0 -317.3 2684.9 0.9988264441 0.0030385070 -0.0483379252 -0.0008373689 0.9989643693 0.0454916917 0.0484260917 -0.0453978255 0.9977945685
-4.8 -123.4 2669.5 0.3454684019 -0.9082771540 -0.2359750569 0.9293003082 0.3661058545 -0.0486563258 0.1305852681 -0.2024824619 0.9705402255
-97.8 -373.5 2634.4 0.0170995984 -0.9082771540 -0.4180194438 0.5160617828 0.3661058545 -0.7743685842 0.8563806415 -0.2024824619 0.4749873877
268.1 -123.5 2682.7 0.2101675123 0.1806190461 0.9608362913 -0.9101259112 0.3950875998 0.1248064265 -0.3570720851 -0.9007122517 0.2474206537
321.9 -356.4 2591.4 -0.5988721251 0.1806190461 0.7802107930 -0.6822674870 0.3950875998 -0.6151559353 -0.4193605185 -0.9007122517 -0.1133764461
39.7 -508.7 2684.2 0.9833672643 0.1140235886 -0.1413771361 -0.1356498450 -0.0565530136 -0.9891414642 -0.1207807660 0.9918671250 -0.0401450992
-1.5 -488.3 2326.0 0.9833672643 0.1372446567 0.1189654469 -0.1356498450 0.9905248284 -0.0214400664 -0.1207807660 0.0049458155 0.9926669002
218.5 -508.9 2695.6 0.9935226440 -0.1070873663 0.0380136184 0.0311043579 -0.0654675886 -0.9973698258 0.1092943624 0.9920918941 -0.0617126450
256.9 -485.5 2340.2 0.9935226440 -0.0285232384 -0.1099961996 0.0311043579 0.9992778897 0.0218211357 0.1092943624 -0.0251011550 0.9936924577
-102.3 -509.9 2408.0 0 0 0 0 0 0 0 0 0
162.3 -538.2 2479.6 0 0 0 0 0 0 0 0 0
-52.7 -858.0 2324.2 0 0 0 0 0 0 0 0 0
267.5 -858.4 2349.6 0 0 0 0 0 0 0 0 0
130.8 73.2 2670.0 4 0.9988239408 -0.0029503552 -0.0483949110 0.0044785901 0.9994937181 0.0315004438 0.0482774712 -0.0316801406 0.9983314276
131.4 -124.5 2676.3 0.9988239408 -0.0029503552 -0.0483949110 0.0044785901 0.9994937181 0.0315004438 0.0482774712 -0.0316801406 0.9983314276
131.7 -318.4 2682.6 0.9988268018 -0.0016218536 -0.0483980514 0.0032157425 0.9994543791 0.0328732505 0.0483183265 -0.0329903178 0.9982870221
-5.0 -124.9 2669.7 0.3411554992 -0.9100033641 -0.2355987132 0.9292069674 0.3643554151 -0.0618024319 0.1420820802 -0.1978357285 0.9698833227
-96.8 -375.0 2631.4 0.0148252798 -0.9100033641 -0.4143356681 0.5054627657 0.3643554151 -0.7821460962 0.8627210259 -0.1978357285 0.4653744996
267.9 -124.0 2682.8 0.2143507153 0.1786401272 0.9602819681 -0.9046329260 0.4070782661 0.1262006313 -0.3683654368 -0.8957538605 0.2488612533
322.7 -355.4 2588.6 -0.5957509875 0.1786401272 0.7830507159 -0.6797910929 0.4070782661 -0.6100584865 -0.4277438521 -0.8957538605 -0.1210793257
41.0 -511.1 2689.4 0.9840579033 0.1220339090 -0.1293743551 -0.1226066127 -0.0614570789 -0.9905506968 -0.1288317442 0.9906213880 -0.0455151647
-3.9 -488.5 2324.6 0.9840579033 0.1228870153 0.1285642982 -0.1226066127 0.9924036860 -0.0101235248 -0.1288317442 -0.0058006989 0.9916495085
220.0 -511.3 2698.1 0.9937632084 -0.1049274653 0.0377486646 0.0303145833 -0.0715634152 -0.9969753027 0.1073115170 0.9919016361 -0.0679362565
257.8 -485.5 2340.5 0.9937632084 -0.0280134398 -0.1079350859 0.0303145833 0.9993454814 0.0197378937 0.1073115170 -0.0228867996 0.9939619899
-100.8 -508.6 2403.4 0 0 0 0 0 0 0 0 0
164.0 -536.6 2474.6 0 0 0 0 0 0 0 0 0
-49.8 -858.9 2326.7 0 0 0 0 0 0 0 0 0
268.2 -858.5 2349.0 0 0 0 0 0 0 0 0 0
129.3 73.4 2672.5 5 0.9992215037 -0.0051444112 -0.0391146243 0.0062678102 0.9995697737 0.0286525264 0.0389503948 -0.0288753826 0.9988238215
130.3 -124.3 2678.2 0.9992215037 -0.0051444112 -0.0391146243 0.0062678102 0.9995697737 0.0286525264 0.0389503948 -0.0288753826 0.9988238215
130.4 -318.3 2684.6 0.9992340803 -0.0005671118 -0.0391272642 0.0018624269 0.9994511008 0.0330766775 0.0390870310 -0.0331242159 0.9986866117
-6.2 -124.6 2672.9 0.3437173665 -0.9112960696 -0.2267109901 0.9287611842 0.3655668199 -0.0613479428 0.1387841552 -0.1894740015 0.9720280766
-98.7 -374.6 2635.5 0.0234835409 -0.9112960696 -0.4110815525 0.5055609941 0.3655668199 -0.7815170884 0.8624712229 -0.1894740015 0.4693005383
266.8 -124.0 2683.5 0.2097072303 0.1709094793 0.9627112150 -0.9049746394 0.4067112207 0.1249273196 -0.3701941669 -0.8974273801 0.2399590313
320.5 -355.6 2588.8 -0.6006019711 0.1709094793 0.7810680270 -0.6790382266 0.4067112207 -0.6111407876 -0.4221188724 -0.8974273801 -0.1282174885
42.6 -512.7 2684.7 0.9829380512 0.1204406992 -0.1390210390 -0.1310029626 -0.0721491799 -0.9887531400 -0.1291163713 0.9900951982 -0.0551400855
-1.0 -486.6 2326.2 0.9829380512 0.1323047876 0.1277820468 -0.1310029626 0.9912078977 -0.0185767077 -0.1291163713 0.0015199265 0.9916282892
221.6 -512.1 2693.4 0.9945057631 -0.0908981040 0.0519213155 0.0441517122 -0.0854942203 -0.9953598976 0.0949153006 0.9921835661 -0.0810111910
253.7 -481.9 2343.0 0.9945057631 -0.0426946916 -0.0955795571 0.0441517122 0.9989379048 0.0131805129 0.0949153006 -0.0173280966 0.9953345060
-104.9 -508.2 2407.5 0 0 0 0 0 0 0 0 0
160.4 -536.5 2476.3 0 0 0 0 0 0 0 0 0
-50.4 -856.5 2325.7 0 0 0 0 0 0 0 0 0
269.6 -854.8 2349.4 0 0 0 0 0 0 0 0 0
127.7 73.8 2673.7 6 0.9994018078 0.0042901961 -0.0343156569 -0.0032539708 0.9995387197 0.0301959123 0.0344293751 -0.0300661884 0.9989547729
126.8 -123.4 2679.7 0.9994018078 0.0042901961 -0.0343156569 -0.0032539708 0.9995387197 0.0301959123 0.0344293751 -0.0300661884 0.9989547729
125.8 -317.3 2686.3 0.9993977547 0.0052968529 -0.0342942290 -0.0041073295 0.9993906021 0.0346638300 0.0344569385 -0.0345020965 0.9988104701
-9.7 -122.8 2675.0 0.3499432504 -0.9099476337 -0.2225647122 0.9268596768 0.3707959652 -0.0586644635 0.1359076947 -0.1857570261 0.9731512666
-103.9 -372.3 2638.4 0.0305276718 -0.9099476337 -0.4135980904 0.5065773726 0.3707959652 -0.7783891559 0.8616538644 -0.1857570261 0.4722784162
263.4 -123.9 2684.3 0.2025351226 0.1691902876 0.9645487070 -0.9067224860 0.4044584632 0.1194472760 -0.3699105680 -0.8987702727 0.2353256792
315.2 -355.9 2589.7 -0.6066312194 0.1691902876 0.7767710090 -0.6759767532 0.4044584632 -0.6160103679 -0.4183945954 -0.8987702727 -0.1309884340
41.0 -512.5 2687.5 0.9834595323 0.1161999404 -0.1389420778 -0.1314029396 -0.0702382550 -0.9888375998 -0.1246619225 0.9907392263 -0.0538074709
-1.3 -486.9 2326.7 0.9834595323 0.1326191127 0.1233673394 -0.1314029396 0.9911659956 -0.0179794319 -0.1246619225 0.0014712123 0.9921981692
220.1 -512.1 2694.5 0.9940351248 -0.0983641297 0.0471030474 0.0391991101 -0.0807961151 -0.9959595203 0.1017724350 0.9918651581 -0.0764583871
255.2 -483.3 2340.3 0.9940351248 -0.0368576124 -0.1026436314 0.0391991101 0.9990130663 0.0208883416 0.1017724350 -0.0247872844 0.9944988489
-111.9 -506.2 2410.6 0 0 0 0 0 0 0 0 0
153.5 -536.0 2478.2 0 0 0 0 0 0 0 0 0
-50.8 -856.9 2326.1 0 0 0 0 0 0 0 0 0
268.9 -856.2 2349.6 0 0 0 0 0 0 0 0 0
128.8 73.4 2674.8 7 0.9984465241 0.0070781047 -0.0552668571 -0.0057652267 0.9996982217 0.0238786582 0.0554191954 -0.0235229377 0.9981860518
127.4 -124.8 2679.5 0.9984465241 0.0070781047 -0.0552668571 -0.0057652267 0.9996982217 0.0238786582 0.0554191954 -0.0235229377 0.9981860518
126.3 -318.8 2685.1 0.9984590411 0.0053603677 -0.0552343428 -0.0037562866 0.9995692968 0.0291043743 0.0553665683 -0.0288520493 0.9980491400
-9.0 -124.3 2672.0 0.3464087546 -0.9061003327 -0.2428644598 0.9262812138 0.3713270128 -0.0641822666 0.1483377069 -0.2027274817 0.9679346681
-102.3 -373.6 2632.0 0.0121359406 -0.9061003327 -0.4228887558 0.5018065572 0.3713270128 -0.7812211514 0.8648947477 -0.2027274817 0.4591934681
263.8 -125.3 2687.1 0.2108372748 0.1877157688 0.9593281150 -0.9045466781 0.4095293581 0.1186632887 -0.3705980480 -0.8927757144 0.2561417222
