-31.6 86.0 2831.9 6 0.9630993605 -0.1590360850 0.2171340138 0.1115417704 0.9700555205 0.2157562524 -0.2449450791 -0.1835751832 0.9519990087
0.8 -111.9 2869.4 0.9630993605 -0.1590360850 0.2171340138 0.1115417704 0.9700555205 0.2157562524 -0.2449450791 -0.1835751832 0.9519990087
32.5 -304.8 2904.7 0.9628314972 -0.1594591141 0.2180099785 0.1131743342 0.9710385799 0.2104176730 -0.2452491224 -0.1779236346 0.9529932141
-139.9 -128.4 2905.2 0.2726319730 -0.8708515167 -0.4090103209 0.9261385798 0.3527111113 -0.1336494535 0.2606513202 -0.3423631191 0.9026895165
-207.8 -359.1 2840.2 -0.2803166211 -0.8708515167 -0.4037823975 0.2157890052 0.3527111113 -0.9105108380 0.9353382587 -0.3423631191 0.0890493989
141.5 -95.3 2833.5 0.3110567033 0.7619098425 0.5680996180 -0.9365655184 0.3473290801 0.0469839126 -0.1615200192 -0.5466771722 0.8216175437
217.1 -323.0 2794.3 -0.4759704769 0.7619098425 0.4392556548 -0.2721695602 0.3473290801 -0.8973774314 -0.8362869620 -0.5466771722 0.0420502611
-25.7 -509.6 2954.6 0.9007076025 0.2282932699 -0.3696052134 -0.3825438619 0.0136014372 -0.9238371849 -0.2058786601 0.9734973907 0.0995831043
-136.8 -516.2 2480.8 0.9007076025 0.2046048045 0.3832266927 -0.3825438619 0.7916079164 0.4764631093 -0.2058786601 -0.5757549405 0.7912775874
151.1 -488.4 2910.6 0.9533920288 0.2286361158 0.1968988031 0.1996538043 0.0112557057 -0.9798018336 -0.2262343168 0.9734469056 -0.0349169709
44.0 -493.7 2454.6 0.9533920288 -0.2807914615 0.1104525477 0.1996538043 0.8615249991 0.4668115079 -0.2262343168 -0.4230021238 0.8774321675
-127.7 -420.8 2573.0 0 0 0 0 0 0 0 0 0
87.2 -397.3 2566.1 0 0 0 0 0 0 0 0 0
-215.0 -818.7 2700.8 0 0 0 0 0 0 0 0 0
151.3 -822.9 2616.2 0 0 0 0 0 0 0 0 0
-33.1 87.8 2836.3 7 0.9645985365 -0.1584885418 0.2107866257 0.1142971516 0.9715452790 0.2074511349 -0.2376673669 -0.1760147512 0.9552659392
-0.8 -110.4 2872.3 0.9645985365 -0.1584885418 0.2107866257 0.1142971516 0.9715452790 0.2074511349 -0.2376673669 -0.1760147512 0.9552659392
31.0 -303.5 2906.6 0.9643225074 -0.1595240831 0.2112681270 0.1159843951 0.9719690681 0.2045084387 -0.2379701138 -0.1727082729 0.9557939768
-141.6 -127.3 2907.0 0.3113375008 -0.8694560528 -0.3835559785 0.9302120209 0.3613785207 -0.0641180649 0.1943567246 -0.3368260264 0.9212891459
-217.3 -353.3 2859.8 -0.2739801705 -0.8694560528 -0.4110730886 0.2146101147 0.3613785207 -0.9073852897 0.9374846220 -0.3368260264 0.0875834972
140.1 -93.4 2837.5 0.2910524309 0.7824698091 0.5504810810 -0.9413144588 0.3370151520 0.0186521728 -0.1709257066 -0.5236045718 0.8346392512
212.3 -326.8 2795.1 -0.4640764892 0.7824698091 0.4151794314 -0.2450371087 0.3370151520 -0.9090531468 -0.8512284160 -0.5236045718 0.0353333317
-24.1 -508.0 2962.5 0.9004307985 0.2209536582 -0.3747049570 -0.3871968985 0.0145281088 -0.9218825698 -0.1982495785 0.9751760960 0.0986341238
-134.0 -515.3 2477.6 0.9004307985 0.2138824761 0.3787856996 -0.3871968985 0.7909287214 0.4738252163 -0.1982495785 -0.5733115077 0.7949911952
152.5 -487.3 2917.6 0.9518489838 0.2284993976 0.2043808848 0.2044151127 0.0237807017 -0.9785953760 -0.2284687907 0.9732535481 -0.0240730941
44.2 -498.6 2456.2 0.9518489838 -0.2871420979 0.1073915362 0.2044151127 0.8555277586 0.4756959975 -0.2284687907 -0.4308382869 0.8730294108
-139.0 -414.7 2591.9 0 0 0 0 0 0 0 0 0
85.8 -393.6 2563.1 0 0 0 0 0 0 0 0 0
-215.7 -817.5 2696.7 0 0 0 0 0 0 0 0 0
153.9 -825.5 2620.8 0 0 0 0 0 0 0 0 0
-30.7 88.8 2827.6 8 0.9686169624 -0.1538751125 0.1952015162 0.1088058949 0.9685854316 0.2236148268 -0.2234780937 -0.1953580379 0.9549307823
0.7 -109.3 2867.5 0.9686169624 -0.1538751125 0.1952015162 0.1088058949 0.9685854316 0.2236148268 -0.2234780937 -0.1953580379 0.9549307823
31.4 -302.0 2905.3 0.9683855772 -0.1543311775 0.1959880590 0.1102611348 0.9695496559 0.2186686546 -0.2237675488 -0.1901457012 0.9559146166
-140.7 -125.5 2900.2 0.3423470259 -0.8711710572 -0.3519367576 0.9354502559 0.3510839939 0.0409005173 0.0879280120 -0.3432214856 0.9351297617
-222.0 -347.6 2879.3 -0.2775497437 -0.8711710572 -0.4050026238 0.2244902849 0.3510839939 -0.9090347290 0.9341146946 -0.3432214856 0.0981261730
142.2 -93.2 2834.8 0.2731113434 0.8040049672 0.5281914473 -0.9485541582 0.3164952099 0.0087036891 -0.1601722538 -0.5033953190 0.8490806818
209.6 -327.4 2795.3 -0.4490795434 0.8040049672 0.3897481263 -0.2316982150 0.3164952099 -0.9198623300 -0.8629273176 -0.5033953190 0.0441549979
-25.8 -507.2 2962.7 0.9038257003 0.2181209326 -0.3681336641 -0.3784221709 0.0058582891 -0.9256145954 -0.1997392774 0.9759041667 0.0878366679
-135.0 -510.2 2474.1 0.9038257003 0.2061002403 0.3749957681 -0.3784221709 0.7940691710 0.4756582975 -0.1997392774 -0.5718188882 0.7956930399
151.1 -486.0 2919.1 0.9538227916 0.2195105702 0.2050298303 0.2020828575 0.0360459052 -0.9787048697 -0.2222265452 0.9749439955 -0.0099779181
47.1 -503.0 2457.3 0.9538227916 -0.2828899622 0.1009722501 0.2020828575 0.8530735373 0.4810697436 -0.2222265452 -0.4384505153 0.8708481789
-142.7 -411.7 2612.3 0 0 0 0 0 0 0 0 0
86.6 -390.8 2559.0 0 0 0 0 0 0 0 0 0
-213.7 -813.6 2692.6 0 0 0 0 0 0 0 0 0
155.2 -829.0 2624.8 0 0 0 0 0 0 0 0 0
-31.7 87.2 2824.7 9 0.9684903026 -0.1639615446 0.1874650717 0.1163797751 0.9634248018 0.2413886040 -0.2201869488 -0.2119653672 0.9521493316
1.8 -109.3 2867.9 0.9684903026 -0.1639615446 0.1874650717 0.1163797751 0.9634248018 0.2413886040 -0.2201869488 -0.2119653672 0.9521493316
34.3 -300.9 2909.0 0.9683818221 -0.1636726260 0.1882761568 0.1170180663 0.9645308256 0.2366158366 -0.2203256935 -0.2071027607 0.9531867504
-139.7 -126.4 2900.1 0.3300603926 -0.8881205916 -0.3198468089 0.9417431951 0.3330137134 0.0471344367 0.0646523088 -0.3167707622 0.9462961555
-215.5 -342.7 2885.2 -0.2448719889 -0.8881205916 -0.3889467120 0.2404093295 0.3330137134 -0.9117594361 0.9392768741 -0.3167707622 0.1319667399
143.2 -92.2 2835.7 0.2941858768 0.7774199247 0.5559433103 -0.9394527078 0.3421712816 0.0186402816 -0.1757365018 -0.5277661085 0.8310111761
214.8 -320.7 2792.9 -0.4549145699 0.7774199247 0.4343627691 -0.2735712230 0.3421712816 -0.8989313841 -0.8474736214 -0.5277661085 0.0570210032
-26.8 -504.7 2963.6 0.9032798409 0.2165273428 -0.3704071045 -0.3824438453 0.0150128715 -0.9238567352 -0.1944793761 0.9761611223 0.0963703766
-134.6 -512.2 2477.5 0.9032798409 0.2137403041 0.3720223308 -0.3824438453 0.7941312790 0.4723263979 -0.1944793761 -0.5689205527 0.7990664244
150.8 -484.5 2922.5 0.9551695585 0.2161370367 0.2023261636 0.1994888037 0.0351006873 -0.9792712331 -0.2187585682 0.9757319093 -0.0095898109
47.2 -501.3 2454.9 0.9551695585 -0.2789858580 0.0990857333 0.1994888037 0.8537873030 0.4808861017 -0.2187585682 -0.4395612776 0.8711662292
-145.5 -411.3 2616.9 0 0 0 0 0 0 0 0 0
90.0 -395.8 2560.6 0 0 0 0 0 0 0 0 0
-216.3 -815.6 2694.9 0 0 0 0 0 0 0 0 0
153.8 -827.6 2622.9 0 0 0 0 0 0 0 0 0
-31.5 85.2 2832.2 0 0.9677856565 -0.1597050279 0.1946413368 0.1176712662 0.9703544974 0.2111058384 -0.2225857526 -0.1814015061 0.9578878284
0.8 -111.3 2869.0 0.9677856565 -0.1597050279 0.1946413368 0.1176712662 0.9703544974 0.2111058384 -0.2225857526 -0.1814015061 0.9578878284
32.0 -304.3 2904.0 0.9679939747 -0.1573687643 0.1955064684 0.1163954362 0.9716457725 0.2058071047 -0.2223506570 -0.1764639765 0.9588642716
-140.6 -128.3 2901.4 0.3546566963 -0.8773388267 -0.3232571483 0.9339643121 0.3486605287 0.0783997253 0.0439238846 -0.3297156096 0.9430579543
-221.4 -341.2 2891.4 -0.2598849237 -0.8773388267 -0.4034059644 0.2323821336 0.3486605287 -0.9079836607 0.9372611046 -0.3297156096 0.1132662520
142.2 -94.3 2836.5 0.2796955407 0.8021289706 0.5275978446 -0.9445698261 0.3283066154 0.0016067728 -0.1719250232 -0.4988024533 0.8494927287
210.7 -325.5 2794.4 -0.4282665551 0.8021289706 0.4161452353 -0.2658317983 0.3283066154 -0.9063929915 -0.8636673093 -0.4988024533 0.0726286545
-22.0 -503.3 2970.4 0.9029769301 0.2211221159 -0.3684259653 -0.3821380138 0.0211964957 -0.9238621593 -0.1964770108 0.9750157595 0.1036391109
-134.2 -514.0 2476.0 0.9029769301 0.2100298554 0.3748601675 -0.3821380138 0.7914345264 0.4770763814 -0.1964770108 -0.5740373135 0.7949075103
155.6 -481.8 2930.0 0.9540379643 0.2244184017 0.1986151636 0.1965774447 0.0316204540 -0.9799783230 -0.2262054682 0.9739797115 -0.0139484843
45.9 -497.3 2453.9 0.9540379643 -0.2796809375 0.1076577082 0.1965774447 0.8551765680 0.4796148241 -0.2262054682 -0.4364076555 0.8708498478
-147.2 -407.5 2623.7 0 0 0 0 0 0 0 0 0
91.9 -399.2 2555.0 0 0 0 0 0 0 0 0 0
-214.4 -816.5 2695.3 0 0 0 0 0 0 0 0 0
152.8 -824.1 2620.7 0 0 0 0 0 0 0 0 0
-34.8 84.9 2838.5 1 0.9628901482 -0.1723597497 0.2076890022 0.1347167045 0.9737401009 0.1835254729 -0.2338675112 -0.1487356871 0.9608244896
0.1 -111.9 2868.5 0.9628901482 -0.1723597497 0.2076890022 0.1347167045 0.9737401009 0.1835254729 -0.2338675112 -0.1487356871 0.9608244896
33.0 -305.7 2895.8 0.9635080695 -0.1662293524 0.2098094821 0.1311575472 0.9764475822 0.1713120490 -0.2333450466 -0.1375424415 0.9626173377
-140.7 -131.0 2902.6 0.3390233815 -0.8844671845 -0.3205946386 0.9379127026 0.3443361819 0.0418606736 0.0733679384 -0.3148815632 0.9462910295
-217.2 -342.7 2886.0 -0.2400013804 -0.8844671845 -0.4001463950 0.2429995537 0.3443361819 -0.9068537951 0.9398673177 -0.3148815632 0.1322839707
140.8 -92.7 2834.5 0.3021346033 0.7757301331 0.5540373921 -0.9351333380 0.3540073335 0.0142986663 -0.1850413978 -0.5224189758 0.8323689699
213.5 -317.6 2790.0 -0.4300183952 0.7757301331 0.4618732929 -0.3093646169 0.3540073335 -0.8825941086 -0.8481613398 -0.5224189758 0.0877537876
-25.5 -507.9 2959.4 0.9046878219 0.2127940208 -0.3691322803 -0.3770172894 -0.0037915702 -0.9261984825 -0.1984890848 0.9770897031 0.0767968372
-132.0 -506.0 2470.4 0.9046878219 0.2065840960 0.3726432025 -0.3770172894 0.7955710292 0.4742622972 -0.1984890848 -0.5695522428 0.7976291776
152.0 -486.6 2918.7 0.9550166726 0.2217651457 0.1968840510 0.1967908740 0.0227428749 -0.9801816940 -0.2218478471 0.9748348594 -0.0219215322
45.9 -497.4 2452.1 0.9550166726 -0.2781148553 0.1029332131 0.1967908740 0.8540068269 0.4816074669 -0.2218478471 -0.4396868348 0.8703212142
-148.6 -412.1 2617.5 0 0 0 0 0 0 0 0 0
93.7 -403.8 2553.7 0 0 0 0 0 0 0 0 0
-211.0 -810.0 2688.0 0 0 0 0 0 0 0 0 0
152.2 -823.8 2620.1 0 0 0 0 0 0 0 0 0
-32.8 84.7 2839.6 2 0.9632812738 -0.1684501022 0.2090782821 0.1300752014 0.9740073681 0.1854455471 -0.2348821163 -0.1514403224 0.9601542950
1.5 -113.3 2870.4 0.9632812738 -0.1684501022 0.2090782821 0.1300752014 0.9740073681 0.1854455471 -0.2348821163 -0.1514403224 0.9601542950
34.4 -307.0 2899.2 0.9634631276 -0.1659075320 0.2102699429 0.1290148348 0.9754453897 0.1784976870 -0.2347209603 -0.1448480040 0.9612102509
-139.3 -132.2 2904.7 0.3337878883 -0.8687348962 -0.3659034967 0.9314467907 0.3636223376 -0.0136259114 0.1448879987 -0.3362714946 0.9305530190
-215.8 -345.7 2871.5 -0.2608284056 -0.8687348962 -0.4210323691 0.2412873656 0.3636223376 -0.8997550607 0.9347453713 -0.3362714946 0.1147717088
142.2 -94.4 2836.1 0.3197131455 0.7677208185 0.5553271174 -0.9298661947 0.3668127060 0.0282367952 -0.1820230782 -0.5254076123 0.8311524987
216.2 -309.6 2794.0 -0.4191515446 0.7677208185 0.4846820533 -0.3327250183 0.3668127060 -0.8687591553 -0.8447520733 -0.5254076123 0.1016898230
-22.4 -511.6 2944.5 0.8966051936 0.2254430503 -0.3811490536 -0.3880792558 -0.0145458560 -0.9215112329 -0.2132924348 0.9741477370 0.0744478852
-131.6 -504.5 2472.4 0.8966051936 0.2133692950 0.3880369961 -0.3880792558 0.8006562591 0.4564471841 -0.2132924348 -0.5598420501 0.8006767631
154.3 -487.5 2901.8 0.9555686116 0.1959249526 0.2202318758 0.1855487078 0.1807372719 -0.9658704400 -0.2290422320 0.9638192058 0.1363532394
69.8 -565.4 2486.1 0.9555686116 -0.2722548246 0.1129866391 0.1855487078 0.8533992171 0.4871154130 -0.2290422320 -0.4445076585 0.8659980297
-141.3 -414.7 2604.4 0 0 0 0 0 0 0 0 0
99.1 -402.6 2557.9 0 0 0 0 0 0 0 0 0
-213.2 -810.4 2686.4 0 0 0 0 0 0 0 0 0
152.4 -824.1 2620.9 0 0 0 0 0 0 0 0 0
-36.0 83.5 2842.2 3 0.9613839388 -0.1770878881 0.2106676251 0.1386566162 0.9728964567 0.1850589812 -0.2377294898 -0.1487022638 0.9598814249
-0.2 -113.5 2872.3 0.9613839388 -0.1770878881 0.2106676251 0.1386566162 0.9728964567 0.1850589812 -0.2377294898 -0.1487022638 0.9598814249
34.3 -307.0 2901.4 0.9619206786 -0.1735256761 0.2111809701 0.1356761456 0.9738541842 0.1822086871 -0.2372773588 -0.1466180831 0.9603137970
-140.7 -133.4 2907.0 0.3369196951 -0.8672123551 -0.3666440845 0.9317784309 0.3630194664 -0.0024013948 0.1351814568 -0.3408219814 0.9303581715
-217.8 -346.7 2876.0 -0.2686831057 -0.8672123551 -0.4192280471 0.2351214886 0.3630194664 -0.9016289711 0.9340916872 -0.3408219814 0.1063630581
140.3 -93.7 2837.7 0.3179774880 0.7537264228 0.5751406550 -0.9239150882 0.3824780881 0.0095634283 -0.2127704918 -0.5344220400 0.8179986477
214.5 -309.2 2788.0 -0.4150165915 0.7537264228 0.5095661283 -0.3535125554 0.3824780881 -0.8536623120 -0.8383257985 -0.5344220400 0.1077169925
-21.0 -512.6 2949.5 0.8959454298 0.2299741358 -0.3799916208 -0.3879622519 -0.0113461455 -0.9216054082 -0.2162568420 0.9731305838 0.0790557563
-133.7 -507.0 2472.8 0.8959454298 0.2085947692 0.3921351135 -0.3879622519 0.7973773479 0.4622495174 -0.2162568420 -0.5662840009 0.7953335643
155.7 -488.9 2906.4 0.9529736638 0.2204850465 0.2079123557 0.1915956289 0.0932152271 -0.9770373702 -0.2348027229 0.9709259868 0.0465876833
55.8 -531.1 2466.7 0.9529736638 -0.2815375626 0.1121508107 0.1915956289 0.8464394212 0.4968212843 -0.2348027229 -0.4519699812 0.8605758548
-141.0 -413.9 2609.1 0 0 0 0 0 0 0 0 0
98.3 -408.2 2553.4 0 0 0 0 0 0 0 0 0
-213.4 -811.7 2689.2 0 0 0 0 0 0 0 0 0
152.3 -821.1 2621.5 0 0 0 0 0 0 0 0 0
-35.0 86.1 2843.0 4 0.9627265930 -0.1667376608 0.2129696608 0.1265952140 0.9735935926 0.1899714023 -0.2390212864 -0.1559295803 0.9584126472
-1.0 -112.1 2874.7 0.9627265930 -0.1667376608 0.2129696608 0.1265952140 0.9735935926 0.1899714023 -0.2390212864 -0.1559295803 0.9584126472
32.0 -305.7 2905.3 0.9627588391 -0.1660933048 0.2133270204 0.1264064312 0.9740238190 0.1878802627 -0.2389912605 -0.1539174765 0.9587453008
-141.7 -130.6 2909.6 0.2971921563 -0.8801196218 -0.3702245653 0.9348511696 0.3470937610 -0.0746940821 0.1942423582 -0.3239063621 0.9259344339
-210.8 -348.2 2864.4 -0.2478820086 -0.8801196218 -0.4048998952 0.2459106445 0.3470937610 -0.9050159454 0.9370605350 -0.3239063621 0.1303924918
139.6 -93.7 2839.8 0.3234135807 0.7429530025 0.5860242844 -0.9212481380 0.3886592686 0.0156795494 -0.2161146104 -0.5449447632 0.8101417422
214.9 -308.1 2789.5 -0.4268341660 0.7429530025 0.5155903697 -0.3520317078 0.3886592686 -0.8514797091 -0.8329983354 -0.5449447632 0.0956499577
-19.5 -512.9 2952.3 0.8945320249 0.2360104471 -0.3796202242 -0.3907536566 0.0004367272 -0.9204952121 -0.2170806974 0.9717504382 0.0926126093
-134.9 -513.1 2476.9 0.8945320249 0.2086031735 0.3953443468 -0.3907536566 0.7944306135 0.4649640322 -0.2170806974 -0.5704074502 0.7921561003
157.0 -488.0 2908.8 0.9528048038 0.2315291613 0.1963599175 0.1908300519 0.0462722108 -0.9805318713 -0.2361077219 0.9717268944 -0.0000943385
50.8 -509.2 2463.4 0.9528048038 -0.2785872519 0.1206321716 0.1908300519 0.8586526513 0.4757094979 -0.2361077219 -0.4302380383 0.8712912202
-140.0 -418.5 2596.7 0 0 0 0 0 0 0 0 0
95.3 -406.8 2556.1 0 0 0 0 0 0 0 0 0
-214.6 -816.7 2694.9 0 0 0 0 0 0 0 0 0
151.8 -820.3 2619.3 0 0 0 0 0 0 0 0 0
-33.1 85.5 2841.9 5 0.9619612098 -0.1605126113 0.2210574150 0.1192879528 0.9747645855 0.1886913776 -0.2457662821 -0.1551442891 0.9568328857
-0.5 -112.6 2873.4 0.9619612098 -0.1605126113 0.2210574150 0.1192879528 0.9747645855 0.1886913776 -0.2457662821 -0.1551442891 0.9568328857
31.2 -306.3 2903.9 0.9620582461 -0.1594869941 0.2213772535 0.1186966673 0.9752119780 0.1867424101 -0.2456727326 -0.1533803344 0.9571412802
-141.1 -129.9 2909.3 0.3012760282 -0.8709579706 -0.3881559074 0.9268212914 0.3631576598 -0.0954925865 0.2241318077 -0.3309815228 0.9166330695
-213.1 -351.4 2855.7 -0.2600737810 -0.8709579706 -0.4168859124 0.2307955474 0.3631576598 -0.9026904106 0.9376006722 -0.3309815228 0.1065654308
140.0 -95.2 2837.5 0.3312342167 0.7348404527 0.5918558836 -0.9202206135 0.3902077675 0.0305278450 -0.2085136622 -0.5547498465 0.8054655194
215.9 -306.0 2789.7 -0.4340076447 0.7348404527 0.5211974978 -0.3580071330 0.3902077675 -0.8482739925 -0.8267213702 -0.5547498465 0.0937249810
-23.3 -510.8 2957.8 0.9012556076 0.2132053375 -0.3772026598 -0.3842978477 -0.0087738466 -0.9231674671 -0.2001337558 0.9769679904 0.0740268752
-128.7 -506.4 2474.9 0.9012556076 0.2154954672 0.3758990169 -0.3842978477 0.7982761860 0.4637567103 -0.2001337558 -0.5624204874 0.8022653461
153.3 -487.6 2914.0 0.9551793337 0.2220365703 0.1957860589 0.1941748410 0.0292846095 -0.9805297256 -0.2234469801 0.9745984674 -0.0151418624
49.1 -501.3 2456.8 0.9551793337 -0.2756629884 0.1078996882 0.1941748410 0.8585585952 0.4745242894 -0.2234469801 -0.4323043823 0.8736042380
-138.8 -417.4 2587.8 0 0 0 0 0 0 0 0 0
94.2 -406.4 2558.0 0 0 0 0 0 0 0 0 0
-211.1 -811.5 2689.8 0 0 0 0 0 0 0 0 0
151.7 -820.9 2617.7 0 0 0 0 0 0 0 0 0
-32.6 87.5 2841.8 6 0.9641342759 -0.1597955674 0.2119208425 0.1200575009 0.9746630788 0.1887274832 -0.2367092371 -0.1565159410 0.9588907361
-0.1 -110.9 2873.7 0.9641342759 -0.1597955674 0.2119208425 0.1200575009 0.9746630788 0.1887274832 -0.2367092371 -0.1565159410 0.9588907361
31.2 -304.8 2903.8 0.9643675685 -0.1572090387 0.2127923071 0.1186223179 0.9758616090 0.1833654493 -0.2364825457 -0.1515897661 0.9597377777
-141.0 -128.2 2908.2 0.3203761578 -0.8759050965 -0.3607622087 0.9326082468 0.3584329188 -0.0420437381 0.1661353856 -0.3229800165 0.9317097068
-216.1 -346.9 2869.3 -0.2497823685 -0.8759050965 -0.4127941430 0.2358530015 0.3584329188 -0.9032713771 0.9391390085 -0.3229800165 0.1170546263
140.8 -93.6 2839.1 0.3057981730 0.7782312036 0.5484921932 -0.9359388947 0.3513953984 0.0232301299 -0.1746592224 -0.5204588771 0.8358329535
213.1 -314.8 2797.8 -0.4340328872 0.7782312036 0.4538410008 -0.2979843020 0.3513953984 -0.8875396252 -0.8501886725 -0.5204588771 0.0793835223
-25.4 -511.0 2956.9 0.9004929662 0.2229767442 -0.3733548224 -0.3855379820 0.0121657243 -0.9226117730 -0.2011788338 0.9747478366 0.0969211534
-133.9 -516.9 2482.6 0.9004929662 0.2131993622 0.3790230751 -0.3855379820 0.7945999503 0.4690110981 -0.2011788338 -0.5684689879 0.7977280617
151.1 -489.2 2911.8 0.9575650692 0.2177189440 0.1888586283 0.1905775517 0.0132735595 -0.9815824032 -0.2162159085 0.9759212732 -0.0287820436
49.1 -495.4 2454.8 0.9575650692 -0.2689597607 0.1035845950 0.1905775517 0.8604787588 0.4725002944 -0.2162159085 -0.4327088892 0.8752220869
-144.7 -414.3 2600.9 0 0 0 0 0 0 0 0 0
92.2 -397.9 2560.9 0 0 0 0 0 0 0 0 0
-215.4 -820.5 2699.8 0 0 0 0 0 0 0 0 0
150.6 -820.0 2618.0 0 0 0 0 0 0 0 0 0
-33.4 87.1 2842.3 7 0.9620957375 -0.1609585732 0.2201457322 0.1195153594 0.9744526744 0.1901526749 -0.2451283038 -0.1566342860 0.9567537904
-0.7 -111.3 2874.2 0.9620957375 -0.1609585732 0.2201457322 0.1195153594 0.9744526744 0.1901526749 -0.2451283038 -0.1566342860 0.9567537904
31.0 -305.1 2904.6 0.9622609019 -0.1590789407 0.2207891196 0.1185090169 0.9753322005 0.1862329990 -0.2449684739 -0.1530392319 0.9573763013
-141.2 -128.6 2910.0 0.3504041433 -0.8674162626 -0.3532789350 0.9288241863 0.3703265786 0.0119921165 0.1204264164 -0.3323360980 0.9354411960
-222.1 -343.1 2882.2 -0.2561779618 -0.8674162626 -0.4265699387 0.2402094901 0.3703265786 -0.8973057866 0.9363077879 -0.3323360980 0.1134921089
139.9 -94.0 2838.4 0.2946904600 0.8015894890 0.5202035904 -0.9437158704 0.3296869993 0.0265865680 -0.1501928419 -0.4987592101 0.8536283374
211.1 -322.1 2802.1 -0.4314867556 0.8015894890 0.4138519466 -0.2584439814 0.3296869993 -0.9080271125 -0.8643066287 -0.4987592101 0.0649104193
-26.0 -509.6 2955.6 0.9011127949 0.2217280269 -0.3726022542 -0.3844834566 0.0114021357 -0.9230614901 -0.2004201412 0.9750418663 0.0955253690
-134.2 -515.1 2479.8 0.9011127949 0.2115092129 0.3784964979 -0.3844834566 0.7933074236 0.4720548391 -0.2004201412 -0.5709003210 0.7961812615
150.8 -487.8 2912.2 0.9547318816 0.2200290859 0.2001853734 0.1981146485 0.0316714346 -0.9796670079 -0.2218954116 0.9749790430 -0.0133532584
48.7 -502.5 2459.7 0.9547318816 -0.2786276639 0.1041806638 0.1981146485 0.8568336368 0.4760112762 -0.2218954116 -0.4338234365 0.8732466102
-148.9 -411.7 2614.6 0 0 0 0 0 0 0 0 0
92.0 -393.4 2563.5 0 0 0 0 0 0 0 0 0
-215.1 -818.3 2698.0 0 0 0 0 0 0 0 0 0
154.5 -827.8 2624.4 0 0 0 0 0 0 0 0 0
-31.7 88.6 2841.5 8 0.9619852901 -0.1651962399 0.2174729258 0.1249856204 0.9743290544 0.1872471124 -0.2428227216 -0.1529479772 0.9579374194
1.9 -110.0 2872.7 0.9619852901 -0.1651962399 0.2174729258 0.1249856204 0.9743290544 0.1872471124 -0.2428227216 -0.1529479772 0.9579374194
34.7 -303.8 2902.4 0.9618937373 -0.1649795473 0.2180416882 0.1255261600 0.9748989344 0.1838893592 -0.2429065853 -0.1495120972 0.9584584236
-138.6 -128.4 2908.2 0.3606868088 -0.8587721586 -0.3638893366 0.9248021245 0.3799192309 0.0200607236 0.1210209578 -0.3437612653 0.9312261343
-221.7 -341.6 2880.3 -0.2642445564 -0.8587721586 -0.4389592707 0.2464043051 0.3799192309 -0.8915976286 0.9324482679 -0.3437612653 0.1112135723
142.5 -91.7 2837.2 0.3033619225 0.7820652723 0.5443761945 -0.9384822249 0.3441429734 0.0285785347 -0.1649929583 -0.5195569992 0.8383542299
215.4 -317.2 2797.6 -0.4396642447 0.7820652723 0.4416663945 -0.2861640155 0.3441429734 -0.8942459226 -0.8513550758 -0.5195569992 0.0724915713
-25.7 -509.8 2957.5 0.9013311863 0.2201589793 -0.3730041981 -0.3827495575 0.0017442185 -0.9238504767 -0.2027433813 0.9754624367 0.0858378708
-134.4 -510.7 2475.7 0.9013311863 0.2063070536 0.3808405399 -0.3827495575 0.7909588814 0.4773749411 -0.2027433813 -0.5760394931 0.7918798327
150.8 -488.1 2912.5 0.9552654624 0.2209918946 0.1965463161 0.1965357363 0.0222610999 -0.9802439213 -0.2210012972 0.9750215411 -0.0221675429
46.9 -498.5 2454.3 0.9552654624 -0.2771058381 0.1033451632 0.1965357363 0.8559065461 0.4783280492 -0.2210012972 -0.4366192520 0.8720791340
-146.2 -412.0 2613.8 0 0 0 0 0 0 0 0 0
94.5 -395.9 2563.6 0 0 0 0 0 0 0 0 0
-213.3 -812.9 2695.8 0 0 0 0 0 0 0 0 0
152.5 -824.5 2620.6 0 0 0 0 0 0 0 0 0
-31.1 89.2 2840.6 9 0.9629330635 -0.1676771641 0.2112919539 0.1279736608 0.9735333920 0.1893553138 -0.2374503314 -0.1552966982 0.9589057565
3.1 -109.3 2872.3 0.9629330635 -0.1676771641 0.2112919539 0.1279736608 0.9735333920 0.1893553138 -0.2374503314 -0.1552966982 0.9589057565
36.5 -302.8 2902.7 0.9627539515 -0.1682132632 0.2116816193 0.1290120184 0.9738330841 0.1870961487 -0.2376146168 -0.1528180838 0.9592632055
-137.6 -128.1 2907.0 0.3142197430 -0.8813840151 -0.3527438343 0.9346962571 0.3522535563 -0.0475433059 0.1661591679 -0.3147692680 0.9345113039
-209.5 -342.2 2869.0 -0.2299385220 -0.8813840151 -0.4126627445 0.2621607780 0.3522535563 -0.8984370828 0.9372299910 -0.3147692680 0.1500676572
143.7 -90.4 2837.6 0.2796159983 0.7960808277 0.5367217660 -0.9440969229 0.3296554089 0.0028920842 -0.1746308953 -0.5075260401 0.8437543511
211.8 -320.4 2795.1 -0.4393266141 0.7960808277 0.4162300527 -0.2619868219 0.3296554089 -0.9070227146 -0.8592758775 -0.5075260401 0.0637362972
-20.7 -509.0 2954.4 0.8957037330 0.2284238040 -0.3814935982 -0.3934761584 0.0075719655 -0.9193036556 -0.2071021795 0.9735323191 0.0966615602
-133.5 -512.7 2473.9 0.8957037330 0.2127427161 0.3904553056 -0.3934761584 0.7882200480 0.4731655419 -0.2071021795 -0.5774509907 0.7897208333
155.7 -486.0 2909.9 0.9508008361 0.2386602461 0.1975324601 0.1965126097 0.0283069592 -0.9800925851 -0.2395006865 0.9706904888 -0.0199854691
43.6 -499.3 2454.0 0.9508008361 -0.2859663367 0.1191680953 0.1965126097 0.8540730476 0.4816036224 -0.2395006865 -0.4344910979 0.8682493567
-143.9 -417.0 2601.3 0 0 0 0 0 0 0 0 0
91.8 -392.0 2560.3 0 0 0 0 0 0 0 0 0
-214.8 -813.9 2694.5 0 0 0 0 0 0 0 0 0
152.7 -825.1 2619.8 0 0 0 0 0 0 0 0 0
-30.7 90.3 2840.2 0 0.9667002559 -0.1680087745 0.1930380911 0.1326235235 0.9740185738 0.1835724413 -0.2188644707 -0.1518581361 0.9638658762
3.5 -108.1 2871.1 0.9667002559 -0.1680087745 0.1930380911 0.1326235235 0.9740185738 0.1835724413 -0.2188644707 -0.1518581361 0.9638658762
37.0 -301.8 2900.5 0.9664918780 -0.1684519053 0.1936939508 0.1338300407 0.9745618701 0.1797741055 -0.2190500349 -0.1478281468 0.9644500613
-137.7 -127.7 2903.1 0.2957925200 -0.8758741021 -0.3812497258 0.9304494262 0.3545279205 -0.0925950035 0.2162652314 -0.3273446858 0.9198232293
-208.0 -348.8 2851.7 -0.2451290488 -0.8758741021 -0.4156396389 0.2574228346 0.3545279205 -0.8989123702 0.9346899390 -0.3273446858 0.1385648996
144.7 -88.6 2839.1 0.2965963185 0.7756990194 0.5570651889 -0.9374914765 0.3476847410 0.0150033012 -0.1820450276 -0.5266938210 0.8303332329
216.4 -315.4 2795.1 -0.4496390224 0.7756990194 0.4428496063 -0.2811488807 0.3476847410 -0.8944666982 -0.8478089571 -0.5266938210 0.0617542863
-18.4 -508.1 2954.8 0.8947004676 0.2301037461 -0.3828358650 -0.3939076662 0.0023770269 -0.9191469550 -0.2105891407 0.9731631875 0.0927663520
-132.4 -509.3 2472.5 0.8947004676 0.2124887705 0.3928861916 -0.3939076662 0.7900558114 0.4697324634 -0.2105891407 -0.5750307441 0.7905642390
158.2 -484.5 2911.3 0.9525799155 0.2374403328 0.1902986169 0.1880039871 0.0324888304 -0.9816308022 -0.2392613143 0.9708586931 -0.0136915212
46.0 -499.8 2452.3 0.9525799155 -0.2793819010 0.1205704212 0.1880039871 0.8519360423 0.4887325466 -0.2392613143 -0.4428890944 0.8640620708
-137.9 -422.4 2584.7 0 0 0 0 0 0 0 0 0
93.9 -392.0 2564.2 0 0 0 0 0 0 0 0 0
-213.6 -811.2 2692.3 0 0 0 0 0 0 0 0 0
152.6 -825.1 2621.4 0 0 0 0 0 0 0 0 0
-32.4 88.6 2843.0 1 0.9669272900 -0.1705294549 0.1896609813 0.1359870434 0.9737973213 0.1822807193 -0.2157755941 -0.1504607797 0.9647810459
2.3 -109.3 2873.6 0.9669272900 -0.1705294549 0.1896609813 0.1359870434 0.9737973213 0.1822807193 -0.2157755941 -0.1504607797 0.9647810459
36.0 -303.0 2902.5 0.9669209719 -0.1695945710 0.1905294508 0.1360232234 0.9747104645 0.1773053706 -0.2157810777 -0.1455238461 0.9655368328
-139.0 -129.2 2905.1 0.2873405218 -0.8698431253 -0.4010092318 0.9204786420 0.3665430546 -0.1355183870 0.2648668885 -0.3301805258 0.9059946537
-210.0 -356.8 2839.6 -0.2644005120 -0.8698431253 -0.4164917171 0.2186657488 0.3665430546 -0.9043403864 0.9392963648 -0.3301805258 0.0932907239
143.5 -89.5 2842.0 0.2841199338 0.7874227166 0.5470295548 -0.9405586123 0.3396312892 -0.0003691402 -0.1860790253 -0.5144084692 0.8371132016
211.8 -315.4 2797.4 -0.4379142523 0.7874227166 0.4338163137 -0.2790934741 0.3396312892 -0.8981967568 -0.8545981050 -0.5144084692 0.0710351765
-18.2 -507.7 2950.0 0.8928188086 0.2360104918 -0.3836320937 -0.3956532776 0.0039074346 -0.9183916450 -0.2152510434 0.9717426300 0.0968669578
-134.2 -509.6 2472.4 0.8928188086 0.2109662890 0.3979544640 -0.3956532776 0.7895681262 0.4690849483 -0.2152510434 -0.5762598515 0.7884107828
159.1 -483.2 2909.8 0.9515263438 0.2402224541 0.1920696944 0.1890072227 0.0359498896 -0.9813174009 -0.2426393628 0.9700519443 -0.0111965118
46.0 -500.1 2453.3 0.9515263438 -0.2814961076 0.1239254773 0.1890072227 0.8530340791 0.4864248335 -0.2426393628 -0.4394232333 0.8648892045
-134.5 -419.2 2571.4 0 0 0 0 0 0 0 0 0
92.7 -391.2 2565.1 0 0 0 0 0 0 0 0 0
-214.8 -811.4 2692.6 0 0 0 0 0 0 0 0 0
153.6 -825.9 2621.2 0 0 0 0 0 0 0 0 0
-32.6 88.7 2841.9 2 0.9638501406 -0.1665153205 0.2080038041 0.1282515228 0.9742183685 0.1856073886 -0.2335476130 -0.1522209048 0.9603563547
1.4 -110.0 2872.9 0.9638501406 -0.1665153205 0.2080038041 0.1282515228 0.9742183685 0.1856073886 -0.2335476130 -0.1522209048 0.9603563547
34.2 -303.8 2901.9 0.9638473988 -0.1651875973 0.2090724558 0.1282676756 0.9753919840 0.1793263257 -0.2335500866 -0.1460259706 0.9613171816
-139.4 -128.7 2907.0 0.2943765521 -0.8608011007 -0.4151673317 0.9196602702 0.3733091950 -0.1219232455 0.2599374354 -0.3459215462 0.9015380144
-211.5 -353.8 2843.4 -0.2760231495 -0.8608011007 -0.4275893867 0.2286055088 0.3733091950 -0.8990994096 0.9335688353 -0.3459215462 0.0937418938
142.2 -91.2 2838.8 0.2794427574 0.8029724956 0.5264474154 -0.9470353127 0.3208536804 0.0133070638 -0.1582273841 -0.5022828579 0.8501035571
209.8 -320.5 2800.5 -0.4386025965 0.8029724956 0.4035627842 -0.2525159717 0.3208536804 -0.9128464460 -0.8624752164 -0.5022828579 0.0620361418
-19.0 -509.2 2951.2 0.8982403278 0.2304125130 -0.3742650747 -0.3839100599 -0.0032105274 -0.9233649373 -0.2139564157 0.9730877280 0.0855738521
-132.6 -507.6 2471.5 0.8982403278 0.2034551501 0.3895770609 -0.3839100599 0.7947261333 0.4701313078 -0.2139564157 -0.5718534589 0.7919635773
158.4 -484.2 2911.6 0.9520810843 0.2351135314 0.1956098080 0.1918318868 0.0390672013 -0.9806499481 -0.2382059991 0.9711824656 -0.0079071298
47.5 -502.7 2453.6 0.9520810843 -0.2827155590 0.1166768447 0.1918318868 0.8491214514 0.4921313524 -0.2382059991 -0.4461666048 0.8626663685
-132.6 -419.1 2576.7 0 0 0 0 0 0 0 0 0
89.4 -389.8 2563.8 0 0 0 0 0 0 0 0 0
-210.3 -811.3 2690.0 0 0 0 0 0 0 0 0 0
155.5 -827.1 2624.0 0 0 0 0 0 0 0 0 0
-33.9 89.2 2842.3 3 0.9636700153 -0.1706528068 0.2054694295 0.1317673177 0.9728941917 0.1900375485 -0.2323304415 -0.1560593247 0.9600354433
0.9 -109.4 2874.2 0.9636700153 -0.1706528068 0.2054694295 0.1317673177 0.9728941917 0.1900375485 -0.2323304415 -0.1560593247 0.9600354433
34.4 -302.9 2904.5 0.9638723731 -0.1686531305 0.2061701417 0.1306063086 0.9738273025 0.1860172451 -0.2321465015 -0.1523697674 0.9606723785
-139.9 -128.4 2908.1 0.3009563982 -0.8653227687 -0.4008014202 0.9285206199 0.3617171049 -0.0837267116 0.2174273580 -0.3469543159 0.9123311043
-211.8 -350.4 2856.1 -0.2734394968 -0.8653227687 -0.4200564325 0.2394479066 0.3617171049 -0.9010135531 0.9316090941 -0.3469543159 0.1082919836
141.7 -90.3 2840.3 0.2701783180 0.8125662804 0.5164685249 -0.9506366849 0.3101662397 0.0093147997 -0.1526222080 -0.4934905767 0.8562555313
208.6 -325.7 2802.5 -0.4384658933 0.8125662804 0.3840360940 -0.2325668931 0.3101662397 -0.9217969179 -0.8681361079 -0.4934905767 0.0529786944
-21.3 -509.4 2952.4 0.8967780471 0.2284509689 -0.3789450228 -0.3913756013 0.0099827992 -0.9201768637 -0.2064323574 0.9735042453 0.0983624831
-133.0 -514.2 2476.6 0.8967780471 0.2124694437 0.3881313205 -0.3913756013 0.7901088595 0.4717554152 -0.2064323574 -0.5749650002 0.7917075753
155.4 -485.8 2909.5 0.9521781206 0.2316815257 0.1991997808 0.1958750337 0.0375092253 -0.9799112082 -0.2344991565 0.9720682502 -0.0096651623
47.2 -503.4 2455.3 0.9521781206 -0.2845125794 0.1113977730 0.1958750337 0.8482131362 0.4921050966 -0.2344991565 -0.4467516541 0.8633788824
-133.7 -418.9 2589.9 0 0 0 0 0 0 0 0 0
87.3 -390.0 2562.4 0 0 0 0 0 0 0 0 0
-214.2 -816.2 2696.4 0 0 0 0 0 0 0 0 0
155.9 -827.5 2626.0 0 0 0 0 0 0 0 0 0
-32.5 91.8 2842.5 4 0.9642347693 -0.1689592898 0.2042156160 0.1294614226 0.9725466371 0.1933720112 -0.2312812060 -0.1600179821 0.9596370459
2.0 -107.2 2875.3 0.9642347693 -0.1689592898 0.2042156160 0.1294614226 0.9725466371 0.1933720112 -0.2312812060 -0.1600179821 0.9596370459
35.4 -300.5 2907.0 0.9644076228 -0.1677938253 0.2043604106 0.1284630448 0.9728449583 0.1925355196 -0.2311172634 -0.1594299674 0.9597743750
-138.8 -126.0 2909.0 0.3242247105 -0.8704637289 -0.3703663945 0.9312709570 0.3624770343 -0.0366719775 0.1661709398 -0.3330215216 0.9281615615
-215.3 -345.5 2869.9 -0.2558411956 -0.8704637289 -0.4205213487 0.2448228449 0.3624770343 -0.8992620111 0.9352042675 -0.3330215216 0.1203728393
142.9 -88.4 2841.5 0.2661381066 0.8176037073 0.5105826259 -0.9523438215 0.3049181104 0.0081334515 -0.1490359604 -0.4884148538 0.8597902060
209.4 -326.2 2804.3 -0.4346352220 0.8176037073 0.3776457906 -0.2295226753 0.3049181104 -0.9243074656 -0.8708682656 -0.4884148538 0.0551304482
-20.5 -508.4 2956.0 0.9002786279 0.2338514924 -0.3671674132 -0.3786182702 0.0044170786 -0.9255423546 -0.2148176581 0.9722623229 0.0925170481
-135.9 -510.5 2476.2 0.9002786279 0.2017033249 0.3857644200 -0.3786182702 0.8001227379 0.4652438462 -0.2148176581 -0.5649065375 0.7967019081
156.3 -484.4 2913.5 0.9510602951 0.2377266735 0.1974091828 0.1971306354 0.0251905005 -0.9800535440 -0.2379577011 0.9710053802 -0.0229055267
44.4 -496.3 2456.4 0.9510602951 -0.2856402993 0.1178727522 0.1971306354 0.8546055555 0.4804049432 -0.2379577011 -0.4336577356 0.8690898418
-142.1 -415.4 2602.7 0 0 0 0 0 0 0 0 0
89.3 -389.5 2563.8 0 0 0 0 0 0 0 0 0
-212.9 -816.3 2692.0 0 0 0 0 0 0 0 0 0
153.6 -822.8 2622.1 0 0 0 0 0 0 0 0 0
-31.8 90.4 2843.7 5 0.9637130499 -0.1736954749 0.2026994824 0.1346030086 0.9719400406 0.1929107606 -0.2305194736 -0.1586266458 0.9600512385
3.6 -107.7 2876.0 0.9637130499 -0.1736954749 0.2026994824 0.1346030086 0.9719400406 0.1929107606 -0.2305194736 -0.1586266458 0.9600512385
37.4 -301.0 2907.0 0.9641893506 -0.1703923047 0.2032370716 0.1319106072 0.9729070663 0.1898722649 -0.2300835401 -0.1562636942 0.9605432153
-137.3 -126.9 2909.6 0.3510733247 -0.8711859584 -0.3431945741 0.9288069010 0.3704346120 0.0097958548 0.1185971349 -0.3222005665 0.9392132759
-218.0 -340.5 2882.3 -0.2428430915 -0.8711859584 -0.4266875088 0.2452310026 0.3704346120 -0.8959017396 0.9385568500 -0.3222005665 0.1236843243
144.4 -88.4 2842.4 0.2591544986 0.8189293742 0.5120484829 -0.9538545012 0.3002583683 0.0025491302 -0.1516592950 -0.4890803695 0.8589527607
209.1 -326.5 2804.5 -0.4369342327 0.8189293742 0.3720795512 -0.2263179123 0.3002583683 -0.9266202450 -0.8705565333 -0.4890803695 0.0541452132
-19.7 -505.6 2959.8 0.9012774825 0.2281138003 -0.3683245480 -0.3779610097 -0.0015542629 -0.9258202314 -0.2117648274 0.9736332297 0.0848172978
-133.4 -504.8 2474.6 0.9012774825 0.2067849040 0.3807083964 -0.3779610097 0.8048074841 0.4576356113 -0.2117648274 -0.5563496351 0.8035115004
157.2 -482.1 2917.5 0.9516340494 0.2348866463 0.1980427355 0.1949647218 0.0364974253 -0.9801309705 -0.2374477237 0.9713373184 -0.0110624162
46.0 -499.3 2457.8 0.9516340494 -0.2836205959 0.1181186810 0.1949647218 0.8546064496 0.4812864363 -0.2374477237 -0.4349795580 0.8685685396
-148.6 -410.6 2614.1 0 0 0 0 0 0 0 0 0
88.3 -389.0 2563.9 0 0 0 0 0 0 0 0 0
-212.4 -812.4 2687.2 0 0 0 0 0 0 0 0 0
154.4 -825.9 2624.0 0 0 0 0 0 0 0 0 0
-31.9 89.8 2842.2 6 0.9650884271 -0.1734306365 0.1962806433 0.1351494342 0.9716441035 0.1940165460 -0.2243633270 -0.1607159078 0.9611615539
3.5 -108.4 2875.0 0.9650884271 -0.1734306365 0.1962806433 0.1351494342 0.9716441035 0.1940165460 -0.2243633270 -0.1607159078 0.9611615539
37.6 -301.6 2906.2 0.9652700424 -0.1715846211 0.1970087588 0.1341260970 0.9725960493 0.1899134517 -0.2241961658 -0.1568937600 0.9618318081
-137.5 -127.9 2907.7 0.3866518140 -0.8743045926 -0.2934141457 0.9221404195 0.3708549142 0.1101075709 0.0125465263 -0.3131423295 0.9496233463
-226.6 -340.5 2904.9 -0.2370476127 -0.8743045926 -0.4235562682 0.2367362678 0.3708549142 -0.8980103135 0.9422124624 -0.3131423295 0.1190693378
144.5 -88.8 2842.2 0.2840806544 0.7903087139 0.5428723097 -0.9424411654 0.3343091011 0.0064875404 -0.1763599962 -0.5134681463 0.8397902250
214.5 -321.1 2798.8 -0.4446451962 0.7903087139 0.4215480983 -0.2636381984 0.3343091011 -0.9048382640 -0.8560289741 -0.5134681463 0.0597066171
-17.1 -506.4 2959.2 0.8984319568 0.2380522788 -0.3689866960 -0.3823055923 0.0106755598 -0.9239742756 -0.2160150409 0.9711936712 0.1005999818
-134.8 -511.7 2479.0 0.8984319568 0.2063722461 0.3875958920 -0.3823055923 0.8018375039 0.4592374861 -0.2160150409 -0.5607736707 0.7992936969
159.7 -482.2 2917.0 0.9497727752 0.2423025966 0.1980433911 0.1949819475 0.0368010327 -0.9801161885 -0.2447728962 0.9695025086 -0.0122920135
44.7 -499.7 2457.0 0.9497727752 -0.2872283161 0.1242241114 0.1949819475 0.8536363840 0.4829979241 -0.2447728962 -0.4345168173 0.8667649031
-158.9 -408.1 2635.6 0 0 0 0 0 0 0 0 0
91.7 -394.0 2562.2 0 0 0 0 0 0 0 0 0
-213.7 -818.1 2693.3 0 0 0 0 0 0 0 0 0
154.5 -825.9 2623.0 0 0 0 0 0 0 0 0 0
-30.3 89.3 2841.5 7 0.9674589634 -0.1666571647 0.1903906018 0.1304494143 0.9732609391 0.1890663505 -0.2168090045 -0.1580775976 0.9633303285
3.7 -109.4 2873.7 0.9674589634 -0.1666571647 0.1903906018 0.1304494143 0.9732609391 0.1890663505 -0.2168090045 -0.1580775976 0.9633303285
36.1 -303.1 2904.1 0.9678996801 -0.1629365832 0.1913684011 0.1278445274 0.9747110009 0.1832873076 -0.2163930982 -0.1529383212 0.9642530084
-137.7 -128.0 2905.4 0.4153070450 -0.8641284704 -0.2842569947 0.9080559611 0.3751342595 0.1863026172 -0.0543548614 -0.3354940712 0.9404729009
-231.9 -334.0 2917.7 -0.2589512765 -0.8641284704 -0.4315393567 0.2401914001 0.3751342595 -0.8953113556 0.9355491996 -0.3354940712 0.1104147285
145.1 -90.7 2842.1 0.2973214388 0.7708992958 0.5633065104 -0.9324583411 0.3612705767 -0.0022428031 -0.2052350342 -0.5245929956 0.8262449503
216.0 -313.2 2793.2 -0.4321017563 0.7708992958 0.4679768384 -0.3084822595 0.3612705767 -0.8799558282 -0.8474236131 -0.5245929956 0.0817031041
-16.8 -507.2 2957.9 0.8978535533 0.2437713444 -0.3666530848 -0.3798071444 0.0075658388 -0.9250347614 -0.2227229327 0.9698032141 0.0993791148
-138.1 -511.0 2475.5 0.8978535533 0.1965004355 0.3940133750 -0.3798071444 0.7983363867 0.4673388302 -0.2227229327 -0.5692509413 0.7914214134
160.2 -482.6 2916.8 0.9508157372 0.2401952744 0.1955906451 0.1930219382 0.0344140269 -0.9805907607 -0.2422643304 0.9701143503 -0.0136415586
46.0 -499.0 2455.3 0.9508157372 -0.2839895785 0.1236907095 0.1930219382 0.8555124402 0.4804591238 -0.2422643304 -0.4329530597 0.8682509065
-157.9 -402.6 2650.4 0 0 0 0 0 0 0 0 0
96.7 -398.4 2559.1 0 0 0 0 0 0 0 0 0
-213.2 -816.0 2693.0 0 0 0 0 0 0 0 0 0
154.5 -825.9 2620.8 0 0 0 0 0 0 0 0 0
-26.3 88.6 2842.1 8 0.9725595713 -0.1525890082 0.1756260991 0.1203718260 0.9760130644 0.1814086884 -0.1990943402 -0.1552903205 0.9675982594
4.8 -110.5 2873.8 0.9725595713 -0.1525890082 0.1756260991 0.1203718260 0.9760130644 0.1814086884 -0.1990943402 -0.1552903205 0.9675982594
34.7 -304.5 2904.3 0.9728428721 -0.1504322290 0.1759171486 0.1185459644 0.9765831828 0.1795332581 -0.1988053024 -0.1538033932 0.9678951502
-137.3 -127.8 2902.8 0.3763996959 -0.8626580238 -0.3378527164 0.9258953333 0.3629673719 0.1047498211 0.0322662331 -0.3522440493 0.9353517890
-221.0 -333.8 2895.7 -0.2641028762 -0.8626580238 -0.4313592911 0.2706919014 0.3629673719 -0.8916168213 0.9257297516 -0.3522440493 0.1376538128
146.9 -93.2 2844.8 0.2892720103 0.7654815316 0.5747692585 -0.9295087457 0.3681160212 -0.0224527847 -0.2287689596 -0.5277580619 0.8180074692
215.2 -312.5 2790.8 -0.4266954958 0.7654815316 0.4816315472 -0.3235164881 0.3681160212 -0.8716809750 -0.8445519805 -0.5277580619 0.0905724540
-20.3 -508.5 2954.4 0.9010425806 0.2323377132 -0.3662533164 -0.3766982853 0.0006353328 -0.9263358116 -0.2149900496 0.9726349711 0.0880936757
-135.0 -508.8 2474.3 0.9010425806 0.2000477016 0.3848418295 -0.3766982853 0.8007428050 0.4657353163 -0.2149900496 -0.5646166205 0.7968609333
157.2 -485.0 2914.7 0.9526910782 0.2352073640 0.1925024390 0.1910626292 0.0291202329 -0.9811457992 -0.2363784313 0.9715088606 -0.0171967503
46.4 -498.7 2457.0 0.9526910782 -0.2793772817 0.1196997315 0.1910626292 0.8567652702 0.4790076315 -0.2363784313 -0.4334761798 0.8696112037
-145.6 -411.1 2631.2 0 0 0 0 0 0 0 0 0
97.2 -401.9 2557.3 0 0 0 0 0 0 0 0 0
-211.4 -814.8 2690.0 0 0 0 0 0 0 0 0 0
153.2 -826.1 2622.7 0 0 0 0 0 0 0 0 0
-27.7 88.5 2842.9 9 0.9731423259 -0.1551401615 0.1700749546 0.1247547790 0.9763163924 0.1767557263 -0.1934688836 -0.1507908106 0.9694492817
3.9 -110.2 2873.6 0.9731423259 -0.1551401615 0.1700749546 0.1247547790 0.9763163924 0.1767557263 -0.1934688836 -0.1507908106 0.9694492817
34.1 -304.4 2903.0 0.9735260010 -0.1521137059 0.1706121713 0.1223153919 0.9772369862 0.1733400822 -0.1930959225 -0.1478825957 0.9699714780
-138.3 -128.1 2901.8 0.3570664525 -0.8676130772 -0.3460506499 0.9315354228 0.3580771387 0.0634231642 0.0688860640 -0.3450047374 0.9360696673
-219.7 -340.5 2886.1 -0.2679728866 -0.8676130772 -0.4188532531 0.2477459759 0.3580771387 -0.9002236724 0.9310276508 -0.3450047374 0.1189926863
146.1 -92.4 2845.4 0.2952605486 0.7656574845 0.5714803338 -0.9283992648 0.3711664975 -0.0176151898 -0.2256015539 -0.5253608823 0.8204266429
