-5.4 83.2 2797.4 1 0.9666440487 -0.1101284847 0.2312379479 0.0339436308 0.9499577880 0.3105286360 -0.2538643479 -0.2923215926 0.9220092297
17.0 -110.8 2857.1 0.9666440487 -0.1101284847 0.2312379479 0.0339436308 0.9499577880 0.3105286360 -0.2538643479 -0.2923215926 0.9220092297
38.9 -299.8 2914.6 0.9665693641 -0.1100932211 0.2315668315 0.0345885456 0.9508578181 0.3076899052 -0.2540616989 -0.2893940508 0.9228779674
-124.2 -115.9 2894.2 0.4234271348 -0.7290902734 -0.5377144814 0.8980703354 0.4158332944 0.1433611065 0.1190764010 -0.5436084270 0.8308494091
-238.2 -357.8 2862.1 -0.5775534511 -0.7290902734 -0.3672320843 0.0523619913 0.4158332944 -0.9079322219 0.8146718740 -0.5436084270 -0.2019893378
158.2 -105.8 2820.0 0.2516103387 0.5281841159 0.8109955192 -0.9437462091 0.3196637928 0.0846058354 -0.2145584524 -0.7866616845 0.5789024830
217.3 -327.4 2769.6 -0.7613765597 0.5281841159 0.3759352267 -0.2318682224 0.3196637928 -0.9187231064 -0.6054278612 -0.7866616845 -0.1209153980
-28.1 -490.7 2997.7 0.9157079458 0.2059120685 -0.3450785875 -0.3528269529 0.0009738536 -0.9356880784 -0.1923334152 0.9785699844 0.0735430941
-136.4 -491.2 2482.8 0.9157079458 0.2333330810 0.3271615505 -0.3528269529 0.8565253019 0.3766663969 -0.1923334152 -0.4603478014 0.8666532040
149.5 -484.1 2952.2 0.9679225087 0.1802177131 0.1750644296 0.1918939352 -0.0804934129 -0.9781091809 -0.1621810645 0.9803276658 -0.1124940664
58.5 -443.5 2457.3 0.9679225087 -0.2328631878 0.0943435654 0.1918939352 0.9275482893 0.3206726015 -0.1621810645 -0.2922822833 0.9424799085
-88.0 -371.5 2650.2 0 0 0 0 0 0 0 0 0
19.5 -387.7 2612.3 0 0 0 0 0 0 0 0 0
-225.6 -818.5 2658.7 0 0 0 0 0 0 0 0 0
147.5 -797.9 2568.9 0 0 0 0 0 0 0 0 0
-4.5 82.2 2797.6 2 0.9688363671 -0.1069816351 0.2234078795 0.0325974524 0.9491450787 0.3131469488 -0.2455474585 -0.2961056232 0.9230535626
17.3 -111.2 2857.9 0.9688363671 -0.1069816351 0.2234078795 0.0325974524 0.9491450787 0.3131469488 -0.2455474585 -0.2961056232 0.9230535626
38.6 -299.9 2916.5 0.9687760472 -0.1071825251 0.2235730141 0.0331320614 0.9496083856 0.3116828799 -0.2457137555 -0.2945434749 0.9235090017
-124.3 -116.1 2893.8 0.4273153543 -0.7547693253 -0.4977196157 0.9020981789 0.3925814927 0.1791610122 0.0601702742 -0.5255501866 0.8486321568
-239.7 -359.8 2877.6 -0.5530023575 -0.7547693253 -0.3528620601 0.0501656495 0.3925814927 -0.9183480740 0.8316680789 -0.5255501866 -0.1792349964
158.8 -106.4 2822.0 0.2537833750 0.5297406316 0.8093014956 -0.9442663193 0.3170397282 0.0885828808 -0.2096547782 -0.7866770029 0.5806756616
218.2 -327.5 2772.9 -0.7617280483 0.5297406316 0.3730218410 -0.2300836146 0.3170397282 -0.9200800657 -0.6056665182 -0.7866770029 -0.1196134165
-27.9 -491.9 2995.4 0.9157769680 0.2027318627 -0.3467741609 -0.3522570133 -0.0095753614 -0.9358543158 -0.1930479854 0.9791874886 0.0626448318
-134.2 -486.9 2481.5 0.9157769680 0.2348979563 0.3258457780 -0.3522570133 0.8594804406 0.3704165518 -0.1930479854 -0.4540004134 0.8698368073
149.4 -485.5 2948.8 0.9690992832 0.1782827079 0.1704754829 0.1871706694 -0.0813265517 -0.9789551497 -0.1606665850 0.9806126952 -0.1121827960
60.6 -445.0 2460.2 0.9690992832 -0.2270507663 0.0964083076 0.1871706694 0.9314181805 0.3121334016 -0.1606665850 -0.2844434381 0.9451339245
-95.8 -372.8 2661.2 0 0 0 0 0 0 0 0 0
20.3 -387.3 2615.6 0 0 0 0 0 0 0 0 0
-224.0 -815.3 2655.0 0 0 0 0 0 0 0 0 0
147.4 -800.9 2568.9 0 0 0 0 0 0 0 0 0
-4.9 81.4 2797.2 3 0.9707761407 -0.1058075354 0.2154030949 0.0337953083 0.9488897324 0.3137931228 -0.2375954688 -0.2973432541 0.9247353077
16.6 -111.6 2857.6 0.9707761407 -0.1058075354 0.2154030949 0.0337953083 0.9488897324 0.3137931228 -0.2375954688 -0.2973432541 0.9247353077
37.3 -300.4 2915.9 0.9708458781 -0.1041856483 0.2158787102 0.0331643075 0.9503236413 0.3094916344 -0.2373992205 -0.2933092117 0.9260730743
-125.2 -116.4 2892.3 0.4244069159 -0.7511598468 -0.5056062341 0.9027038217 0.3946287036 0.1714467108 0.0707428455 -0.5291758776 0.8455579877
-239.4 -359.3 2873.3 -0.5539489985 -0.7511598468 -0.3590256274 0.0591635071 0.3946287036 -0.9169339538 0.8304457664 -0.5291758776 -0.1741629243
158.4 -106.7 2823.0 0.2571237385 0.5138470531 0.8184427619 -0.9396621585 0.3307037354 0.0875788778 -0.2256599367 -0.7915783525 0.5678744316
218.6 -326.9 2770.1 -0.7681370378 0.5138470531 0.3820035160 -0.2335113734 0.3307037354 -0.9143891335 -0.5961861610 -0.7915783525 -0.1340366602
-29.0 -491.7 2997.5 0.9191402793 0.2035749555 -0.3372512162 -0.3433568180 -0.0056453180 -0.9391880631 -0.1930990666 0.9790430665 0.0647100061
-135.2 -488.7 2486.5 0.9191402793 0.2278868854 0.3213233650 -0.3433568180 0.8632928133 0.3699076176 -0.1930990666 -0.4503255486 0.8717337251
148.7 -485.6 2952.5 0.9672046900 0.1770526767 0.1821191609 0.1962689459 -0.0658470318 -0.9783366919 -0.1612251252 0.9819961786 -0.0984375030
60.5 -452.8 2463.4 0.9672046900 -0.2362029254 0.0933982059 0.1962689459 0.9284201860 0.3154590726 -0.1612251252 -0.2867823243 0.9443317056
-95.3 -374.7 2657.2 0 0 0 0 0 0 0 0 0
19.1 -387.6 2615.2 0 0 0 0 0 0 0 0 0
-222.3 -818.6 2658.6 0 0 0 0 0 0 0 0 0
150.8 -807.5 2573.0 0 0 0 0 0 0 0 0 0
-4.5 82.0 2798.0 4 0.9737833142 -0.1048625931 0.2018660456 0.0377461240 0.9495949745 0.3111986816 -0.2243240774 -0.2954204082 0.9286578894
16.8 -110.9 2858.0 0.9737833142 -0.1048625931 0.2018660456 0.0377461240 0.9495949745 0.3111986816 -0.2243240774 -0.2954204082 0.9286578894
37.2 -299.8 2916.1 0.9739265442 -0.1027885228 0.2022413462 0.0364351049 0.9507648945 0.3077639639 -0.2239185721 -0.2923707962 0.9297202826
-125.5 -116.2 2890.7 0.4250491858 -0.7769277096 -0.4644529223 0.9047397375 0.3804787099 0.1915252209 0.0279132109 -0.5016166568 0.8646395802
-240.3 -360.5 2883.1 -0.5294139385 -0.7769277096 -0.3407406807 0.0363892093 0.3804787099 -0.9240734577 0.8475828767 -0.5016166568 -0.1731589586
159.0 -105.5 2825.3 0.2458934635 0.5012449026 0.8296324015 -0.9385498762 0.3369910419 0.0745730549 -0.2421993166 -0.7969884276 0.5533072352
217.2 -327.4 2768.0 -0.7748887539 0.5012449026 0.3850986362 -0.2350957841 0.3369910419 -0.9116836190 -0.5867515802 -0.7969884276 -0.1432899982
-31.1 -492.3 2996.0 0.9192142487 0.1978586167 -0.3404367268 -0.3469496071 -0.0018620075 -0.9378819466 -0.1862019151 0.9802287817 0.0669353828
-133.9 -491.3 2486.5 0.9192142487 0.2324343175 0.3178355992 -0.3469496071 0.8598124981 0.3746310472 -0.1862019151 -0.4546391368 0.8709948659
147.0 -486.2 2952.4 0.9692724943 0.1700171083 0.1777779907 0.1918475032 -0.0701268688 -0.9789161086 -0.1539654732 0.9829427004 -0.1005894020
61.0 -450.7 2455.2 0.9692724943 -0.2310670167 0.0843733624 0.1918475032 0.9247613549 0.3286502957 -0.1539654732 -0.3023648858 0.9406753778
-102.6 -370.0 2662.7 0 0 0 0 0 0 0 0 0
15.8 -388.5 2615.5 0 0 0 0 0 0 0 0 0
-222.7 -819.9 2660.2 0 0 0 0 0 0 0 0 0
149.3 -804.1 2570.7 0 0 0 0 0 0 0 0 0
-4.9 83.3 2798.4 5 0.9729190469 -0.1075968072 0.2045762241 0.0392590687 0.9491132498 0.3124784529 -0.2277876884 -0.2959847748 0.9276345372
17.0 -109.3 2858.4 0.9729190469 -0.1075968072 0.2045762241 0.0392590687 0.9491132498 0.3124784529 -0.2277876884 -0.2959847748 0.9276345372
37.9 -298.1 2916.7 0.9731012583 -0.1052380949 0.2049363106 0.0376331657 0.9502310157 0.3092649281 -0.2272832990 -0.2932336926 0.9286314249
-125.2 -114.8 2891.6 0.4369401038 -0.7769401670 -0.4532629550 0.8993067145 0.3875209093 0.2026695609 0.0181867499 -0.4961768985 0.8680309653
-238.7 -348.4 2886.9 -0.4990446270 -0.7769401670 -0.3838208318 0.1013976634 0.3875209093 -0.9162674546 0.8606235981 -0.4961768985 -0.1146103144
159.1 -103.8 2825.2 0.2366911471 0.4806342423 0.8443743587 -0.9395982027 0.3343956470 0.0730393827 -0.2472498864 -0.8106603622 0.5307515860
215.6 -327.9 2766.2 -0.7921638489 0.4806342423 0.3761212230 -0.2309370041 0.3343956470 -0.9136999846 -0.5649287701 -0.8106603622 -0.1538999230
-31.7 -492.1 2994.7 0.9195407629 0.1979145259 -0.3395211697 -0.3448293209 -0.0080860164 -0.9386305809 -0.1885139942 0.9801859260 0.0608113036
-133.3 -487.9 2491.4 0.9195407629 0.2378162742 0.3128708899 -0.3448293209 0.8701390028 0.3520666063 -0.1885139942 -0.4316266477 0.8821343184
146.9 -485.4 2953.6 0.9699314237 0.1704972833 0.1736768931 0.1894737333 -0.0811065286 -0.9785302281 -0.1527504176 0.9820144773 -0.1109725311
60.0 -444.0 2453.0 0.9699314237 -0.2281910926 0.0846274793 0.1894737333 0.9262246490 0.3258951306 -0.1527504176 -0.3000612557 0.9416106343
-109.2 -374.7 2663.6 0 0 0 0 0 0 0 0 0
9.8 -387.9 2619.5 0 0 0 0 0 0 0 0 0
-224.2 -820.3 2656.3 0 0 0 0 0 0 0 0 0
147.2 -798.0 2567.7 0 0 0 0 0 0 0 0 0
-5.8 85.3 2798.6 6 0.9723840952 -0.1072057262 0.2073068023 0.0371880196 0.9480791092 0.3158529699 -0.2304044962 -0.2994210720 0.9258837700
16.0 -107.5 2859.5 0.9723840952 -0.1072057262 0.2073068023 0.0371880196 0.9480791092 0.3158529699 -0.2304044962 -0.2994210720 0.9258837700
36.9 -296.0 2918.5 0.9725130200 -0.1054387540 0.2076079398 0.0360376239 0.9490143061 0.3131663799 -0.2300427705 -0.2970766723 0.9267285466
-126.1 -112.7 2893.1 0.4476032257 -0.7849245071 -0.4284213483 0.8941017389 0.3846465945 0.2294103354 -0.0152789708 -0.4857370853 0.8739714026
-239.2 -338.6 2896.9 -0.4660737216 -0.7849245071 -0.4082508981 0.1500059217 0.3846465945 -0.9107937217 0.8719366193 -0.4857370853 -0.0615303516
158.0 -102.2 2825.8 0.2512744963 0.4725270569 0.8447362185 -0.9366689920 0.3386725187 0.0891746953 -0.2439514995 -0.8136455417 0.5277011991
218.4 -327.2 2767.2 -0.7982758284 0.4725270569 0.3734620810 -0.2267439365 0.3386725187 -0.9131747484 -0.5579810739 -0.8136455417 -0.1632114500
-30.5 -490.4 2995.8 0.9185722470 0.2015635967 -0.3399958014 -0.3478059173 0.0035644362 -0.9375597835 -0.1877660304 0.9794689417 0.0733791962
-134.5 -492.2 2490.1 0.9185722470 0.2373961806 0.3160191178 -0.3478059173 0.8653039932 0.3609433472 -0.1877660304 -0.4414658546 0.8774120212
148.0 -483.5 2954.1 0.9691458941 0.1715112925 0.1770312786 0.1907358766 -0.0668974444 -0.9793592691 -0.1561282277 0.9829082489 -0.0975467414
61.3 -449.7 2457.3 0.9691458941 -0.2310879230 0.0857587755 0.1907358766 0.9234642386 0.3329168558 -0.1561282277 -0.3062877357 0.9390483499
-118.3 -377.5 2670.7 0 0 0 0 0 0 0 0 0
11.0 -386.1 2622.3 0 0 0 0 0 0 0 0 0
-225.2 -822.8 2658.7 0 0 0 0 0 0 0 0 0
149.6 -802.6 2574.4 0 0 0 0 0 0 0 0 0
-4.8 81.7 2797.7 7 0.9727628827 -0.1056327969 0.2063350230 0.0345730260 0.9462923408 0.3214584887 -0.2292097956 -0.3055692613 0.9241700768
16.5 -109.3 2859.4 0.9727628827 -0.1056327969 0.2063350230 0.0345730260 0.9462923408 0.3214584887 -0.2292097956 -0.3055692613 0.9241700768
36.7 -297.7 2919.4 0.9731139541 -0.1014354229 0.2067850530 0.0313613303 0.9477924705 0.3173420131 -0.2281790227 -0.3023248911 0.9254912138
-125.6 -113.9 2892.7 0.4588221610 -0.7910100818 -0.4047039747 0.8877682686 0.3892829418 0.2456141412 -0.0367388949 -0.4719765484 0.8808452487
-239.2 -333.5 2901.8 -0.4389963746 -0.7910100818 -0.4261282086 0.1761775613 0.3892829418 -0.9041129351 0.8810468912 -0.4719765484 -0.0315355808
158.7 -104.7 2826.0 0.2575249970 0.4787307084 0.8393436670 -0.9348607659 0.3431193829 0.0911286548 -0.2443689853 -0.8081373572 0.5359083414
219.9 -326.9 2768.0 -0.7950726748 0.4787307084 0.3723927140 -0.2209920585 0.3431193829 -0.9129247665 -0.5648202300 -0.8081373572 -0.1670091599
-31.3 -487.9 2998.6 0.9199671745 0.1952829361 -0.3398896158 -0.3458586931 -0.0037519319 -0.9382790923 -0.1845051348 0.9807397723 0.0640886426
-132.8 -486.0 2488.8 0.9199671745 0.2374322265 0.3119075298 -0.3458586931 0.8661596179 0.3607621491 -0.1845051348 -0.4397652745 0.8789563775
147.1 -481.3 2956.4 0.9687346220 0.1689492166 0.1816849858 0.1921099126 -0.0474162772 -0.9802272320 -0.1569938064 0.9844835401 -0.0783906057
61.9 -457.4 2460.1 0.9687346220 -0.2324834317 0.0866298154 0.1921099126 0.9238554835 0.3310359418 -0.1569938064 -0.3040435314 0.9396331906
-125.2 -379.3 2673.0 0 0 0 0 0 0 0 0 0
13.3 -384.3 2621.2 0 0 0 0 0 0 0 0 0
-223.6 -816.9 2656.8 0 0 0 0 0 0 0 0 0
150.7 -810.5 2576.3 0 0 0 0 0 0 0 0 0
-4.5 81.3 2798.2 8 0.9711912274 -0.1040062755 0.2144068033 0.0305792168 0.9466831684 0.3207114935 -0.2363313287 -0.3049157858 0.9225908518
16.5 -110.0 2859.8 0.9711912274 -0.1040062755 0.2144068033 0.0305792168 0.9466831684 0.3207114935 -0.2363313287 -0.3049157858 0.9225908518
36.9 -298.3 2920.0 0.9713127613 -0.1023246646 0.2146653682 0.0294637214 0.9475193620 0.3183378577 -0.2359734029 -0.3028807640 0.9233524799
-125.3 -114.3 2894.3 0.4721039236 -0.8079261780 -0.3526658714 0.8749424815 0.3805758953 0.2993954420 -0.1076732874 -0.4499081075 0.8865603209
-242.1 -330.7 2920.9 -0.4157059789 -0.8079261780 -0.4176647961 0.1730446070 0.3805758953 -0.9084148407 0.8928852677 -0.4499081075 -0.0184004102
158.4 -105.7 2825.3 0.2603834271 0.4751804769 0.8404784203 -0.9345248342 0.3427842855 0.0957197398 -0.2426186353 -0.8103718162 0.5333232880
220.2 -327.3 2767.8 -0.7984161973 0.4751804769 0.3697771430 -0.2190734297 0.3427842855 -0.9135128856 -0.5608372688 -0.8103718162 -0.1695850939
-32.4 -488.9 3000.4 0.9215347171 0.1972059309 -0.3344900310 -0.3413266242 0.0007213972 -0.9399445057 -0.1851213276 0.9803618193 0.0679764226
-135.3 -489.3 2489.2 0.9215347171 0.2309906036 0.3121171296 -0.3413266242 0.8651128411 0.3675267398 -0.1851213276 -0.4452225268 0.8760747910
146.1 -483.1 2958.6 0.9712361097 0.1610921174 0.1753560305 0.1841176599 -0.0410571396 -0.9820463061 -0.1510003060 0.9860849977 -0.0695360824
64.3 -462.3 2458.2 0.9712361097 -0.2236800492 0.0816555992 0.1841176599 0.9229012132 0.3381626606 -0.1510003060 -0.3134015501 0.9375384450
-134.1 -375.7 2688.9 0 0 0 0 0 0 0 0 0
12.7 -384.2 2622.1 0 0 0 0 0 0 0 0 0
-223.5 -819.8 2659.3 0 0 0 0 0 0 0 0 0
149.8 -814.9 2577.9 0 0 0 0 0 0 0 0 0
-5.9 83.2 2800.0 9 0.9702195525 -0.1084337011 0.2166013718 0.0361690745 0.9490349293 0.3130886555 -0.2395116240 -0.2959304452 0.9246941805
16.1 -109.4 2860.0 0.9702195525 -0.1084337011 0.2166013718 0.0361690745 0.9490349293 0.3130886555 -0.2395116240 -0.2959304452 0.9246941805
37.4 -298.2 2918.2 0.9702696800 -0.1072197333 0.2169807404 0.0357274413 0.9501473308 0.3097476959 -0.2393747270 -0.2927866578 0.9257298112
-125.7 -114.6 2895.0 0.4769566059 -0.8174495101 -0.3229375780 0.8666964769 0.3763415515 0.3274205625 -0.1461149603 -0.4360542595 0.8879792094
-243.7 -329.0 2931.1 -0.4004965127 -0.8174495101 -0.4139792621 0.1727325916 0.3763415515 -0.9102364779 0.8998699784 -0.4360542595 -0.0095233135
157.8 -104.1 2825.1 0.2603525221 0.4804037213 0.8375135064 -0.9381979108 0.3307484388 0.1019319817 -0.2280377746 -0.8122916818 0.5368249416
219.8 -327.4 2770.8 -0.8020899892 0.4804037213 0.3547729850 -0.2089576870 0.3307484388 -0.9202945828 -0.5594535470 -0.8122916818 -0.1649059653
-31.9 -489.3 3001.8 0.9214611053 0.1950498372 -0.3359538615 -0.3418562710 -0.0036084130 -0.9397453070 -0.1845094264 0.9807866812 0.0633539930
-134.3 -487.4 2486.8 0.9214611053 0.2305739075 0.3126421571 -0.3418562710 0.8635501862 0.3706957400 -0.1845094264 -0.4484604001 0.8745510578
146.3 -483.8 2958.5 0.9726838470 0.1577054858 0.1703380793 0.1795851290 -0.0462646000 -0.9826539159 -0.1470892876 0.9864018559 -0.0733223930
65.2 -460.1 2451.2 0.9726838470 -0.2196438164 0.0751177073 0.1795851290 0.9170512557 0.3560423255 -0.1470892876 -0.3328266144 0.9314457774
-139.5 -373.9 2697.1 0 0 0 0 0 0 0 0 0
11.4 -381.7 2625.4 0 0 0 0 0 0 0 0 0
-222.4 -817.3 2658.2 0 0 0 0 0 0 0 0 0
149.1 -810.4 2578.3 0 0 0 0 0 0 0 0 0
-4.3 83.8 2798.9 0 0.9703406096 -0.1078799218 0.2163355500 0.0361869670 0.9496403337 0.3112454116 -0.2390180975 -0.2941855192 0.9253784418
17.7 -109.7 2858.8 0.9703406096 -0.1078799218 0.2163355500 0.0361869670 0.9496403337 0.3112454116 -0.2390180975 -0.2941855192 0.9253784418
39.2 -298.7 2916.3 0.9701634645 -0.1084547490 0.2168419361 0.0377431661 0.9510265589 0.3067963123 -0.2394959629 -0.2894582748 0.9267446399
-124.1 -115.2 2893.8 0.4682413042 -0.7993601561 -0.3765281141 0.8818683028 0.3960994482 0.2557606399 -0.0553022921 -0.4518059194 0.8904005289
-237.0 -327.9 2907.1 -0.3997962475 -0.7993601561 -0.4485379457 0.2106959969 0.3960994482 -0.8937071562 0.8920595050 -0.4518059194 0.0100629143
159.4 -104.2 2823.8 0.2533667386 0.4430815578 0.8599326015 -0.9353654385 0.3389744461 0.1009348258 -0.2467728108 -0.8299247026 0.5003280044
220.1 -328.2 2764.7 -0.8253680468 0.4430815578 0.3499232531 -0.2071041316 0.3389744461 -0.9177168608 -0.5252384543 -0.8299247026 -0.1880146712
-30.3 -490.2 2998.3 0.9177993536 0.1949154884 -0.3459078968 -0.3509297669 -0.0092847561 -0.9363557696 -0.1857219189 0.9807760715 0.0598801039
-131.7 -485.4 2488.1 0.9177993536 0.2400931567 0.3162271380 -0.3509297669 0.8630837798 0.3632281721 -0.1857219189 -0.4443441033 0.8763935566
147.7 -483.7 2954.4 0.9681057930 0.1747228354 0.1795637757 0.1941839755 -0.0703908652 -0.9784363508 -0.1583155245 0.9820982814 -0.1020741761
58.9 -447.9 2455.2 0.9681057930 -0.2352908999 0.0860779583 0.1941839755 0.9217593670 0.3356371522 -0.1583155245 -0.3082172871 0.9380502701
-133.1 -382.7 2675.2 0 0 0 0 0 0 0 0 0
5.8 -382.0 2628.3 0 0 0 0 0 0 0 0 0
-223.5 -815.2 2657.9 0 0 0 0 0 0 0 0 0
148.7 -800.0 2572.9 0 0 0 0 0 0 0 0 0
-4.2 85.2 2798.8 1 0.9711404443 -0.1036594808 0.2148043662 0.0329375230 0.9502741694 0.3096676767 -0.2362230420 -0.2936556935 0.9262639880
17.0 -108.7 2858.7 0.9711404443 -0.1036594808 0.2148043662 0.0329375230 0.9502741694 0.3096676767 -0.2362230420 -0.2936556935 0.9262639880
37.6 -297.8 2916.2 0.9709965587 -0.1040232629 0.2152785659 0.0342554078 0.9516318440 0.3053251505 -0.2366268486 -0.2890952229 0.9275945425
-124.9 -113.7 2893.3 0.4622277319 -0.8129012585 -0.3543120623 0.8817510605 0.3789203167 0.2809528708 -0.0941309035 -0.4422792196 0.8919240236
-238.2 -329.9 2916.4 -0.3995834589 -0.8129012585 -0.4237034023 0.1896085143 0.3789203167 -0.9057968855 0.8968732953 -0.4422792196 0.0027227064
158.8 -103.7 2824.2 0.2491167337 0.4435017705 0.8609570265 -0.9360455275 0.3383778334 0.0965360850 -0.2485148609 -0.8299437165 0.4994334280
218.4 -327.5 2764.8 -0.8224985600 0.4435017705 0.3560931683 -0.2142445445 0.3383778334 -0.9162967205 -0.5268732905 -0.8299437165 -0.1832974404
-28.2 -491.1 2995.8 0.9176458120 0.2053037435 -0.3402595520 -0.3469058275 -0.0038482046 -0.9378920794 -0.1938621402 0.9786907434 0.0676897764
-134.8 -489.1 2487.8 0.9176458120 0.2324496806 0.3223249018 -0.3469058275 0.8642255664 0.3643768132 -0.1938621402 -0.4461852610 0.8736911416
149.8 -484.2 2951.9 0.9670848250 0.1790623218 0.1807862371 0.1952272654 -0.0664651170 -0.9785032868 -0.1631970853 0.9815900922 -0.0992352515
60.2 -450.9 2461.0 0.9670848250 -0.2369261235 0.0928061977 0.1952272654 0.9247947931 0.3265591860 -0.1631970853 -0.2976921499 0.9406094551
-134.3 -379.2 2683.1 0 0 0 0 0 0 0 0 0
4.7 -383.1 2627.9 0 0 0 0 0 0 0 0 0
-223.6 -819.4 2658.3 0 0 0 0 0 0 0 0 0
150.7 -804.2 2574.7 0 0 0 0 0 0 0 0 0
-3.9 83.9 2799.3 2 0.9664371610 -0.1050917730 0.2344246805 0.0282561220 0.9504487514 0.3095944524 -0.2553444803 -0.2925796509 0.9215185046
17.4 -109.3 2858.7 0.9664371610 -0.1050917730 0.2344246805 0.0282561220 0.9504487514 0.3095944524 -0.2553444803 -0.2925796509 0.9215185046
38.1 -298.3 2916.4 0.9664838910 -0.1039706841 0.2347317338 0.0278310496 0.9513666034 0.3068011999 -0.2552142739 -0.2899855673 0.9223741293
-123.7 -113.4 2896.0 0.4737346172 -0.8330168724 -0.2857593000 0.8617020249 0.3714742064 0.3456538022 -0.1817832589 -0.4099875391 0.8937925100
-242.8 -329.8 2941.7 -0.3676436543 -0.8330168724 -0.4134259224 0.1820887476 0.3714742064 -0.9104123116 0.9119659066 -0.4099875391 0.0151128648
158.6 -105.2 2821.5 0.2548263669 0.4419589043 0.8600789905 -0.9383928180 0.3277205229 0.1096274108 -0.2334147394 -0.8350278735 0.4982428849
219.2 -328.3 2766.0 -0.8282981515 0.4419589043 0.3443755209 -0.2082751840 0.3277205229 -0.9215317369 -0.5201380849 -0.8350278735 -0.1794012487
-30.7 -490.1 2995.3 0.9227534533 0.2076893151 -0.3246402144 -0.3308123648 -0.0052905111 -0.9436817169 -0.1977101266 0.9781805277 0.0638243631
-138.7 -487.3 2487.0 0.9227534533 0.2154893875 0.3195159435 -0.3308123648 0.8682072163 0.3698369265 -0.1977101266 -0.4469681382 0.8724277616
147.4 -483.8 2951.9 0.9661972523 0.1774745584 0.1869909465 0.2022598088 -0.0720860437 -0.9766752720 -0.1598555744 0.9814817309 -0.1055453122
58.2 -447.6 2458.7 0.9661972523 -0.2420517206 0.0887344331 0.2022598088 0.9251356125 0.3212709427 -0.1598555744 -0.2924636900 0.9428208470
-147.2 -377.2 2704.6 0 0 0 0 0 0 0 0 0
4.0 -382.4 2630.9 0 0 0 0 0 0 0 0 0
-221.0 -819.1 2657.8 0 0 0 0 0 0 0 0 0
150.7 -801.0 2570.4 0 0 0 0 0 0 0 0 0
-4.0 82.7 2799.0 3 0.9677178264 -0.1029892266 0.2300335318 0.0268232208 0.9496019483 0.3123086393 -0.2506047189 -0.2960563898 0.9217092395
16.9 -110.1 2859.1 0.9677178264 -0.1029892266 0.2300335318 0.0268232208 0.9496019483 0.3123086393 -0.2506047189 -0.2960563898 0.9217092395
37.1 -299.0 2917.2 0.9677730799 -0.1014490873 0.2304850966 0.0263097119 0.9509866834 0.3081105947 -0.2504458129 -0.2921171188 0.9230083823
-124.4 -113.9 2895.7 0.4764311016 -0.8307656050 -0.2878227830 0.8611844778 0.3749963939 0.3431311846 -0.1771290898 -0.4113468826 0.8941023350
-243.7 -329.5 2940.0 -0.3794100881 -0.8307656050 -0.4072794318 0.1592298150 0.3749963939 -0.9132488966 0.9114241004 -0.4113468826 -0.0099947629
158.3 -106.2 2822.5 0.2690910399 0.4734331965 0.8387198448 -0.9403433204 0.3173950315 0.1225351021 -0.2081933320 -0.8216577172 0.5305978656
222.0 -328.8 2773.3 -0.8129541278 0.4734331965 0.3390673101 -0.2016320527 0.3173950315 -0.9266093373 -0.5463058949 -0.8216577172 -0.1625682712
-29.9 -489.9 2997.4 0.9195544720 0.2057953775 -0.3347653151 -0.3429623246 0.0044439575 -0.9393386245 -0.1918238699 0.9785849452 0.0746665150
-137.4 -492.3 2486.2 0.9195544720 0.2266103029 0.3210409880 -0.3429623246 0.8616136909 0.3741640747 -0.1918238699 -0.4541691840 0.8700194955
147.4 -484.8 2950.6 0.9685676098 0.1738947928 0.1778688729 0.1920371056 -0.0682308674 -0.9790129066 -0.1581090987 0.9823976755 -0.0994804576
60.9 -450.9 2461.9 0.9685676098 -0.2314060628 0.0912577137 0.1920371056 0.9287887216 0.3169751167 -0.1581090987 -0.2894869745 0.9440332651
-145.0 -370.9 2703.0 0 0 0 0 0 0 0 0 0
10.9 -381.2 2631.4 0 0 0 0 0 0 0 0 0
-224.0 -821.5 2659.7 0 0 0 0 0 0 0 0 0
149.3 -805.8 2572.5 0 0 0 0 0 0 0 0 0
-1.8 83.1 2798.4 4 0.9689792991 -0.0989003405 0.2264901549 0.0234394278 0.9490832686 0.3141520023 -0.2460277677 -0.2990980148 0.9219602346
18.3 -109.8 2859.2 0.9689792991 -0.0989003405 0.2264901549 0.0234394278 0.9490832686 0.3141520023 -0.2460277677 -0.2990980148 0.9219602346
38.2 -298.6 2917.8 0.9687941074 -0.0998471603 0.2268667072 0.0252093207 0.9502215385 0.3105536401 -0.2465815246 -0.2951433659 0.9230861068
-123.2 -113.5 2895.2 0.4604457617 -0.7966842651 -0.3915147781 0.8869071603 0.3943851292 0.2405329794 -0.0372212343 -0.4579896629 0.8881779313
-235.5 -329.9 2904.3 -0.4192298055 -0.7966842651 -0.4353624880 0.1852461547 0.3943851292 -0.9000801444 0.8887801766 -0.4579896629 -0.0177552998
159.9 -106.1 2823.2 0.2697431445 0.4891341031 0.8294494748 -0.9431523681 0.3078978956 0.1251499206 -0.1941706538 -0.8160555959 0.5443813205
223.5 -328.8 2777.3 -0.8030703068 0.4891341031 0.3403320312 -0.2060929537 0.3078978956 -0.9288296700 -0.5591098070 -0.8160555959 -0.1464565545
-31.5 -490.4 2998.2 0.9210641384 0.1982386559 -0.3351750374 -0.3401020765 -0.0096963244 -0.9403385520 -0.1896614134 0.9801058173 0.0584904365
-134.9 -485.4 2487.0 0.9210641384 0.2296719700 0.3144704401 -0.3401020765 0.8677673340 0.3623678684 -0.1896614134 -0.4407160878 0.8773812652
146.0 -485.6 2952.3 0.9683793783 0.1677335203 0.1846802980 0.1971267164 -0.0607184432 -0.9784959555 -0.1529130787 0.9839607477 -0.0918632522
61.9 -455.2 2458.8 0.9683793783 -0.2358925492 0.0812161043 0.1971267164 0.9230093360 0.3304464519 -0.1529130787 -0.3039876521 0.9403239489
-126.6 -378.0 2673.3 0 0 0 0 0 0 0 0 0
14.9 -382.3 2632.1 0 0 0 0 0 0 0 0 0
-222.7 -816.9 2655.4 0 0 0 0 0 0 0 0 0
152.0 -807.8 2575.0 0 0 0 0 0 0 0 0 0
-0.1 82.3 2798.1 5 0.9677478075 -0.1003808230 0.2310581505 0.0246922281 0.9505645633 0.3095437288 -0.2507079542 -0.2938549221 0.9223853946
20.4 -111.0 2857.9 0.9677478075 -0.1003808230 0.2310581505 0.0246922281 0.9505645633 0.3095437288 -0.2507079542 -0.2938549221 0.9223853946
40.4 -300.1 2915.6 0.9676133394 -0.1009191871 0.2313866317 0.0259629618 0.9515358210 0.3064399958 -0.2510983348 -0.2905079424 0.9233388901
-121.0 -114.8 2894.5 0.4731489420 -0.7996870875 -0.3696358204 0.8770994544 0.3882448375 0.2827764153 -0.0826234370 -0.4580027461 0.8851027489
-236.8 -329.4 2914.8 -0.4208830893 -0.7996870875 -0.4282031953 0.1815387309 0.3882448375 -0.9034985304 0.8887637854 -0.4580027461 -0.0182315018
161.7 -107.2 2821.2 0.2652347982 0.5080221891 0.8194900751 -0.9470162392 0.2969353199 0.1224321797 -0.1811372638 -0.8085436821 0.5598628521
223.7 -328.6 2778.8 -0.7925857306 0.5080221891 0.3372259140 -0.2063590139 0.2969353199 -0.9323332906 -0.5737802982 -0.8085436821 -0.1305117309
-30.8 -489.8 2999.1 0.9219521880 0.2046126127 -0.3288431168 -0.3339691162 -0.0099767130 -0.9425312281 -0.1961345375 0.9787921906 0.0591362379
-137.3 -484.6 2490.1 0.9219521880 0.2226645201 0.3168984652 -0.3339691162 0.8714022636 0.3593365252 -0.1961345375 -0.4371254146 0.8777543306
146.9 -485.2 2953.9 0.9676309228 0.1694070399 0.1870604604 0.1996991336 -0.0607731193 -0.9779707789 -0.1543068886 0.9836705923 -0.0926363915
61.9 -454.7 2460.4 0.9676309228 -0.2384748310 0.0825839937 0.1996991336 0.9236087799 0.3272109628 -0.1543068886 -0.3001275063 0.9413356781
-127.3 -376.6 2683.6 0 0 0 0 0 0 0 0 0
17.8 -382.2 2629.8 0 0 0 0 0 0 0 0 0
-222.3 -817.6 2657.1 0 0 0 0 0 0 0 0 0
153.0 -807.6 2575.1 0 0 0 0 0 0 0 0 0
-2.1 82.9 2798.9 6 0.9654737711 -0.1092262790 0.2364952862 0.0316014178 0.9502542019 0.3098682761 -0.2585763931 -0.2916961014 0.9208971858
20.2 -110.9 2858.4 0.9654737711 -0.1092262790 0.2364952862 0.0316014178 0.9502542019 0.3098682761 -0.2585763931 -0.2916961014 0.9208971858
42.1 -299.8 2916.0 0.9653440714 -0.1099984273 0.2366667986 0.0327260718 0.9506998062 0.3083810806 -0.2589205205 -0.2899486721 0.9213522077
-120.8 -115.7 2896.2 0.4712043107 -0.7871997952 -0.3978479803 0.8816246986 0.4067830443 0.2393020540 -0.0265407041 -0.4635127783 0.8856926560
-237.1 -333.2 2902.8 -0.4402436316 -0.7871997952 -0.4318588674 0.1556532383 0.4067830443 -0.9001664519 0.8842836618 -0.4635127783 -0.0565534495
161.2 -106.1 2820.6 0.2685321569 0.5326958299 0.8025743961 -0.9503861070 0.2823317349 0.1305951178 -0.1570247412 -0.7978245020 0.5820818543
224.1 -328.5 2783.8 -0.7792325616 0.5326958299 0.3301995397 -0.2041886747 0.2823317349 -0.9373344183 -0.5925399065 -0.7978245020 -0.1112316251
-28.3 -491.6 2996.3 0.9177010059 0.2083133161 -0.3382756710 -0.3459073007 0.0002208494 -0.9382686615 -0.1953791529 0.9780620933 0.0722597763
-136.7 -491.7 2487.4 0.9177010059 0.2304503024 0.3236008883 -0.3459073007 0.8641152978 0.3655856550 -0.1953791529 -0.4474342465 0.8727139235
149.2 -486.8 2950.3 0.9659713507 0.1770063937 0.1885951012 0.2016855180 -0.0589695461 -0.9776735306 -0.1619330943 0.9824414849 -0.0926625207
60.4 -457.2 2457.6 0.9659713507 -0.2439475507 0.0859591216 0.2016855180 0.9184851050 0.3401588798 -0.1619330943 -0.3112470210 0.9364309907
-122.6 -373.7 2672.8 0 0 0 0 0 0 0 0 0
21.7 -381.5 2629.9 0 0 0 0 0 0 0 0 0
-224.7 -821.8 2658.4 0 0 0 0 0 0 0 0 0
153.7 -808.2 2576.5 0 0 0 0 0 0 0 0 0
-3.4 84.1 2809.8 7 0.9650639296 -0.1143349931 0.2357523292 0.0452463329 0.9589728713 0.2798638642 -0.2580783367 -0.2594195902 0.9306433797
19.9 -110.7 2862.5 0.9650639296 -0.1143349931 0.2357523292 0.0452463329 0.9589728713 0.2798638642 -0.2580783367 -0.2594195902 0.9306433797
42.5 -301.3 2913.4 0.9650393724 -0.1137093976 0.2361548990 0.0454526022 0.9599452615 0.2764763534 -0.2581337392 -0.2560766935 0.9315533638
-121.1 -117.3 2900.2 0.4368837774 -0.7967001796 -0.4176138937 0.8986965418 0.4064297080 0.1648012549 0.0384335071 -0.4473071396 0.8935542703
-226.9 -335.0 2890.9 -0.4270181656 -0.7967001796 -0.4276964664 0.1452138573 0.4064297080 -0.9020686150 0.8925068378 -0.4473071396 -0.0578609630
160.8 -104.1 2824.9 0.2696507275 0.5147846937 0.8138090968 -0.9455680251 0.3014338911 0.1226326227 -0.1821802408 -0.8025798202 0.5680457950
224.4 -327.0 2781.9 -0.7842740417 0.5147846937 0.3462816179 -0.2125452310 0.3014338911 -0.9294956326 -0.5828711390 -0.8025798202 -0.1269917339
-24.6 -491.7 2997.4 0.9144502282 0.2146545351 -0.3430804908 -0.3495447338 -0.0083154300 -0.9368827939 -0.2039589882 0.9766546488 0.0674273148
-136.4 -487.4 2488.6 0.9144502282 0.2332353145 0.3307296038 -0.3495447338 0.8670547605 0.3550134897 -0.2039589882 -0.4402469397 0.8744045496
152.5 -485.7 2949.9 0.9679667950 0.1769017726 0.1781743616 0.1897655427 -0.0507857986 -0.9805150628 -0.1644061357 0.9829173684 -0.0827288255
63.6 -460.2 2456.4 0.9679667950 -0.2344280183 0.0899101943 0.1897655427 0.9175570607 0.3493967950 -0.1644061357 -0.3211426437 0.9326511025
-115.9 -372.8 2658.7 0 0 0 0 0 0 0 0 0
20.7 -382.2 2630.5 0 0 0 0 0 0 0 0 0
-225.5 -818.7 2656.9 0 0 0 0 0 0 0 0 0
153.2 -810.8 2579.1 0 0 0 0 0 0 0 0 0
-1.1 84.5 2804.3 8 0.9664388299 -0.1126640961 0.2308738381 0.0407421179 0.9545470476 0.2952626348 -0.2536454499 -0.2759469748 0.9271015525
21.7 -109.0 2860.3 0.9664388299 -0.1126640961 0.2308738381 0.0407421179 0.9545470476 0.2952626348 -0.2536454499 -0.2759469748 0.9271015525
44.0 -298.8 2914.6 0.9664074183 -0.1123091206 0.2311781347 0.0410089009 0.9553308487 0.2926793396 -0.2537221611 -0.2733671069 0.9278445244
-119.5 -115.0 2897.3 0.4260082841 -0.7798889279 -0.4585740566 0.9013872743 0.4093380272 0.1412209272 0.0775751546 -0.4735141098 0.8773633838
-226.3 -341.1 2877.8 -0.4563893974 -0.7798889279 -0.4283479154 0.1458288729 0.4093380272 -0.9006533027 0.8777486086 -0.4735141098 -0.0730872005
162.9 -103.1 2823.2 0.2605946064 0.5393034220 0.8007760644 -0.9518648982 0.2821660638 0.1197310388 -0.1613804847 -0.7934318781 0.5868749619
224.3 -327.3 2785.2 -0.7730482221 0.5393034220 0.3339883983 -0.2077973485 0.2821660638 -0.9365909100 -0.5993468761 -0.7934318781 -0.1060621738
-23.5 -496.1 2987.9 0.9121623039 0.2190554291 -0.3463735878 -0.3525911272 -0.0113416435 -0.9357087612 -0.2089005262 0.9756464958 0.0668915808
-135.7 -490.3 2488.0 0.9121623039 0.2308222950 0.3386458457 -0.3525911272 0.8631846309 0.3613748550 -0.2089005262 -0.4490360320 0.8687503934
153.6 -487.8 2940.6 0.9687867761 0.1847527176 0.1652835608 0.1804815531 -0.0686038062 -0.9811829329 -0.1699371189 0.9803876281 -0.0998069122
62.4 -454.0 2457.1 0.9687867761 -0.2266661227 0.1003727615 0.1804815531 0.9224924445 0.3412244320 -0.1699371189 -0.3124582767 0.9346075058
-107.6 -379.0 2649.6 0 0 0 0 0 0 0 0 0
23.5 -381.2 2629.5 0 0 0 0 0 0 0 0 0
-223.9 -820.1 2659.6 0 0 0 0 0 0 0 0 0
149.0 -806.4 2576.5 0 0 0 0 0 0 0 0 0
-0.6 82.8 2802.5 9 0.9669274688 -0.1114537567 0.2294109464 0.0374416076 0.9517519474 0.3045757413 -0.2522884309 -0.2859131098 0.9244480729
22.0 -110.1 2860.5 0.9669274688 -0.1114537567 0.2294109464 0.0374416076 0.9517519474 0.3045757413 -0.2522884309 -0.2859131098 0.9244480729
44.3 -299.4 2916.5 0.9667693377 -0.1119649559 0.2298279107 0.0387892909 0.9528282285 0.3010211885 -0.2526903450 -0.2821032107 0.9255081415
-119.2 -115.8 2897.4 0.4084142447 -0.7494376302 -0.5210959911 0.9014080763 0.4210361242 0.1009556353 0.1437402666 -0.5109518170 0.8475062847
-222.5 -343.8 2861.0 -0.4965842962 -0.7494376302 -0.4378895164 0.1529579610 0.4210361242 -0.8940539360 0.8544049859 -0.5109518170 -0.0944474712
163.3 -104.5 2823.6 0.2602057457 0.5531755090 0.7913847566 -0.9501828551 0.2923628986 0.1080575064 -0.1715967804 -0.7800773978 0.6016924381
224.1 -326.5 2783.5 -0.7558622360 0.5531755090 0.3502415717 -0.2175391167 0.2923628986 -0.9312360883 -0.6175346375 -0.7800773978 -0.1006487533
-22.3 -492.3 2992.1 0.9133202434 0.2213830352 -0.3418124020 -0.3488961160 -0.0075397287 -0.9371311069 -0.2100420892 0.9751577973 0.0703534931
-136.5 -488.4 2489.2 0.9133202434 0.2271855772 0.3379835486 -0.3488961160 0.8645622134 0.3616678715 -0.2100420892 -0.4482397437 0.8688863516
155.0 -484.8 2945.6 0.9699129462 0.1862103790 0.1568267196 0.1715671420 -0.0657782108 -0.9829740524 -0.1727241874 0.9803055525 -0.0957467183
62.1 -452.0 2456.6 0.9699129462 -0.2195693105 0.1051582024 0.1715671420 0.9229260087 0.3446335495 -0.1727241874 -0.3162228465 0.9328287244
-93.5 -383.6 2639.0 0 0 0 0 0 0 0 0 0
27.8 -383.0 2623.1 0 0 0 0 0 0 0 0 0
-223.3 -818.8 2660.5 0 0 0 0 0 0 0 0 0
146.0 -804.6 2577.5 0 0 0 0 0 0 0 0 0
-0.7 81.7 2800.1 0 0.9689936638 -0.1066013202 0.2229066640 0.0324673876 0.9492551684 0.3128266931 -0.2449430376 -0.2958898842 0.9232833385
21.0 -110.9 2860.2 0.9689936638 -0.1066013202 0.2229066640 0.0324673876 0.9492551684 0.3128266931 -0.2449430376 -0.2958898842 0.9232833385
42.4 -299.7 2918.2 0.9687736630 -0.1078205034 0.2232764214 0.0344167091 0.9502597451 0.3095512092 -0.2455465496 -0.2922005951 0.9242973924
-120.6 -115.9 2896.0 0.4063654542 -0.7313011885 -0.5477825403 0.8996484876 0.4250100255 0.0999954119 0.1596863121 -0.5334463716 0.8306233883
-223.9 -344.8 2855.4 -0.5246354938 -0.7313011885 -0.4358396530 0.1492587626 0.4250100255 -0.8927980065 0.8381404877 -0.5334463716 -0.1138222292
162.5 -105.9 2824.3 0.2584198713 0.5661535263 0.7827447653 -0.9506999254 0.2928354144 0.1020638645 -0.1714315861 -0.7705307007 0.6139166355
222.6 -327.2 2784.4 -0.7418171167 0.5661535263 0.3594127297 -0.2265777439 0.2928354144 -0.9289294481 -0.6311654449 -0.7705307007 -0.0889525563
-22.2 -492.3 2995.7 0.9130171537 0.2151130885 -0.3465919793 -0.3529309332 -0.0094830152 -0.9356013536 -0.2045468241 0.9765431285 0.0672619045
-133.7 -487.4 2489.2 0.9130171537 0.2337540984 0.3343032598 -0.3529309332 0.8636059165 0.3600341082 -0.2045468241 -0.4467032850 0.8709861040
155.2 -485.2 2949.4 0.9668012261 0.1874927729 0.1736139506 0.1887573153 -0.0660497323 -0.9798000455 -0.1722382605 0.9800428152 -0.0992475897
60.8 -451.9 2456.2 0.9668012261 -0.2349929065 0.1003677174 0.1887573153 0.9215236902 0.3393593431 -0.1722382605 -0.3091478944 0.9352868795
-87.6 -383.6 2637.5 0 0 0 0 0 0 0 0 0
30.0 -386.1 2620.5 0 0 0 0 0 0 0 0 0
-223.1 -817.4 2659.9 0 0 0 0 0 0 0 0 0
150.6 -804.0 2574.3 0 0 0 0 0 0 0 0 0
-3.0 81.2 2799.0 1 0.9706053138 -0.1089877486 0.2145856172 0.0364829376 0.9479151964 0.3164266348 -0.2378955930 -0.2992966771 0.9240276814
19.1 -111.5 2859.8 0.9706053138 -0.1089877486 0.2145856172 0.0364829376 0.9479151964 0.3164266348 -0.2378955930 -0.2992966771 0.9240276814
40.9 -300.2 2918.2 0.9704271555 -0.1094665080 0.2151471078 0.0380306318 0.9494684935 0.3115498126 -0.2383796573 -0.2941541970 0.9255530238
-122.6 -117.1 2894.6 0.4172335267 -0.7726642489 -0.4784413278 0.9076445699 0.3808128536 0.1765300930 0.0457981192 -0.5079089403 0.8601924181
-231.1 -353.0 2882.7 -0.5099185705 -0.7726642489 -0.3781176805 0.1042474732 0.3808128536 -0.9187567830 0.8538826108 -0.5079089403 -0.1136352420
160.9 -106.0 2825.0 0.2592717409 0.5739324093 0.7767752409 -0.9500226378 0.2963569164 0.0981302932 -0.1738825440 -0.7633964419 0.6220857501
221.4 -327.8 2784.4 -0.7358705401 0.5739324093 0.3592994213 -0.2223742902 0.2963569164 -0.9288284183 -0.6395656466 -0.7633964419 -0.0904525071
-25.1 -491.6 2998.8 0.9152757525 0.2058736533 -0.3462461531 -0.3497593701 -0.0202785600 -0.9366200566 -0.1998467743 0.9783684611 0.0534457676
-132.9 -481.0 2486.5 0.9152757525 0.2337729037 0.3280557692 -0.3497593701 0.8652087450 0.3592800796 -0.1998467743 -0.4435808957 0.8736688495
152.6 -485.3 2953.8 0.9662851691 0.1812359989 0.1828838736 0.1963843703 -0.0594274290 -0.9787244797 -0.1665117741 0.9816424251 -0.0930157602
61.4 -455.4 2459.4 0.9662851691 -0.2398996949 0.0934939981 0.1963843703 0.9215455055 0.3349433541 -0.1665117741 -0.3052900136 0.9375883341
-98.6 -380.1 2660.9 0 0 0 0 0 0 0 0 0
30.3 -385.5 2618.2 0 0 0 0 0 0 0 0 0
-222.2 -811.7 2656.0 0 0 0 0 0 0 0 0 0
153.0 -807.5 2576.0 0 0 0 0 0 0 0 0 0
-1.6 81.1 2797.9 2 0.9691092968 -0.1109034196 0.2202898711 0.0370388590 0.9485089779 0.3145772815 -0.2438345999 -0.2967004776 0.9233165979
20.9 -111.4 2858.1 0.9691092968 -0.1109034196 0.2202898711 0.0370388590 0.9485089779 0.3145772815 -0.2438345999 -0.2967004776 0.9233165979
43.1 -300.1 2916.4 0.9689264297 -0.1118709370 0.2206048667 0.0385968164 0.9493327141 0.3118936718 -0.2443192601 -0.2936873734 0.9241514206
-120.7 -117.1 2893.8 0.4511550069 -0.7467231154 -0.4887369275 0.8911306262 0.4066498876 0.2013008744 0.0484288149 -0.5263463259 0.8488899469
-234.0 -341.0 2881.6 -0.5136440396 -0.7467231154 -0.4225806892 0.1502092928 0.4066498876 -0.9011509418 0.8447526097 -0.5263463259 -0.0967085436
162.4 -105.8 2822.4 0.2525483966 0.5525106788 0.7943243980 -0.9487072229 0.3027651310 0.0910377651 -0.1901943982 -0.7765727639 0.6006336808
221.0 -325.9 2778.3 -0.7461416721 0.5525106788 0.3714897037 -0.2355922908 0.3027651310 -0.9234877229 -0.6227109432 -0.7765727639 -0.0957384259
-26.4 -492.3 2998.6 0.9149890542 0.2016070485 -0.3494991064 -0.3531677723 -0.0186874103 -0.9353733659 -0.1951090991 0.9792882204 0.0541023389
-132.2 -482.5 2484.3 0.9149890542 0.2369238585 0.3265916705 -0.3531677723 0.8617073894 0.3643252850 -0.1951090991 -0.4486953020 0.8721266985
151.6 -485.3 2954.8 0.9671670794 0.1766797602 0.1826802641 0.1958630234 -0.0601519421 -0.9787846804 -0.1619428694 0.9824286103 -0.0927820131
62.2 -454.9 2457.4 0.9671670794 -0.2386429608 0.0873919651 0.1958630234 0.9190461040 0.3420407772 -0.1619428694 -0.3136937320 0.9356124997
-100.6 -380.0 2662.2 0 0 0 0 0 0 0 0 0
27.2 -387.1 2616.5 0 0 0 0 0 0 0 0 0
-222.8 -811.8 2655.8 0 0 0 0 0 0 0 0 0
153.4 -806.1 2577.3 0 0 0 0 0 0 0 0 0
-0.9 82.0 2797.3 3 0.9715794325 -0.1108108014 0.2091753781 0.0400216468 0.9478394389 0.3162257373 -0.2333059013 -0.2988668978 0.9253361225
21.6 -110.6 2858.0 0.9715794325 -0.1108108014 0.2091753781 0.0400216468 0.9478394389 0.3162257373 -0.2333059013 -0.2988668978 0.9253361225
44.0 -299.0 2917.1 0.9713312984 -0.1126758754 0.2093313932 0.0421268269 0.9481887817 0.3149020970 -0.2339675575 -0.2970557809 0.9257521629
-120.3 -116.7 2892.2 0.4679672420 -0.7612602115 -0.4488759041 0.8836857677 0.3971614242 0.2477139980 -0.0102986097 -0.5125873089 0.8585733771
-236.8 -336.7 2894.8 -0.4932969213 -0.7612602115 -0.4208813012 0.1583737284 0.3971614242 -0.9039803743 0.8553221226 -0.5125873089 -0.0753548890
163.5 -104.4 2823.9 0.2379120737 0.5553100705 0.7968868017 -0.9531989098 0.2910858691 0.0817363411 -0.1865734905 -0.7790377140 0.5985738039
219.3 -327.8 2780.1 -0.7508002520 0.5553100705 0.3576726913 -0.2274031043 0.2910858691 -0.9292775989 -0.6201506853 -0.7790377140 -0.0922681242
-23.5 -492.2 2997.2 0.9146679044 0.2126272619 -0.3437619507 -0.3490856588 -0.0132003417 -0.9369978309 -0.2037690580 0.9770442247 0.0621512011
-135.3 -485.3 2483.9 0.9146679044 0.2275203317 0.3340914845 -0.3490856588 0.8613166213 0.3691515923 -0.2037690580 -0.4542776644 0.8672427535
154.2 -485.2 2952.4 0.9693236947 0.1785088778 0.1689559072 0.1840830892 -0.0717654601 -0.9802872539 -0.1628647894 0.9813176394 -0.1024244279
62.7 -448.4 2449.4 0.9693236947 -0.2285965085 0.0903059170 0.1840830892 0.9186578989 0.3495440483 -0.1628647894 -0.3221975267 0.9325576425
-108.5 -377.9 2672.4 0 0 0 0 0 0 0 0 0
24.2 -386.9 2619.0 0 0 0 0 0 0 0 0 0
-222.2 -814.4 2657.5 0 0 0 0 0 0 0 0 0
150.0 -799.4 2572.5 0 0 0 0 0 0 0 0 0
-0.9 82.0 2797.5 4 0.9728559852 -0.1047837809 0.2063287348 0.0354909450 0.9486222863 0.3144140542 -0.2286735177 -0.2985568047 0.9265917540
20.4 -110.8 2858.2 0.9728559852 -0.1047837809 0.2063287348 0.0354909450 0.9486222863 0.3144140542 -0.2286735177 -0.2985568047 0.9265917540
41.5 -299.5 2916.7 0.9725924730 -0.1063601151 0.2067640871 0.0378603563 0.9498192072 0.3104996979 -0.2294132859 -0.2941615283 0.9278138280
-121.7 -116.3 2891.7 0.4648676813 -0.7633290291 -0.4485831559 0.8853260279 0.4063640833 0.2259780765 0.0097924620 -0.5021922588 0.8647005558
-235.6 -333.2 2889.3 -0.4840174019 -0.7633290291 -0.4278504252 0.1550960392 0.4063640833 -0.9004517794 0.8612040281 -0.5021922588 -0.0782979876
162.4 -105.2 2824.7 0.2471434176 0.5339088440 0.8086169958 -0.9487977028 0.3027689457 0.0900773406 -0.1967310309 -0.7894759774 0.5813988447
