-4.8 78.9 2546.3 0.9915242791 0.0060066916 -0.1297825426 0.0481071919 0.9109531641 0.4096950293 0.1206867322 -0.4124660194 0.9029432535
-6.0 -101.1 2627.8 0.9915242791 0.0060066916 -0.1297825426 0.0481071919 0.9109531641 0.4096950293 0.1206867322 -0.4124660194 0.9029432535
-6.9 -276.5 2714.6 0.9915556908 0.0044862689 -0.1296037585 0.0535201654 0.8961626887 0.4404861033 0.1181221977 -0.4437029064 0.8883551359
-147.2 -108.8 2611.0 -0.2878468931 -0.8222903609 -0.4908999205 0.8070653081 0.0676612929 -0.5865727067 0.5155479908 -0.5650314093 0.6441659331
-80.6 -295.3 2491.9 -0.5003558397 -0.8127680421 -0.2984160781 0.4386530221 0.0591910742 -0.8967050314 0.7464767694 -0.5795727372 0.3269065320
135.2 -93.3 2644.5 -0.2549127936 0.8930624127 0.3707547188 -0.8115403652 0.0108850533 -0.5841950178 -0.5257582664 -0.4498011768 0.7219814062
52.3 -357.3 2473.5 -0.3842909336 0.9018452168 0.1974733621 -0.4190068841 0.0202223714 -0.9077578187 -0.8226504326 -0.4315858185 0.3701080680
-97.0 -465.6 2793.0 0.9859265089 0.1663181633 0.0169478096 0.0337790549 -0.0988987684 -0.9945240021 -0.1637312919 0.9811000228 -0.1031249836
-165.7 -424.8 2387.6 0.9859265089 0.0237031132 0.1654905528 0.0337790549 0.9412364960 -0.3360548317 -0.1637312919 0.3369154632 0.9271892905
81.4 -452.4 2818.1 0.9975315928 0.0414997414 0.0566438586 0.0563759245 0.0075993375 -0.9983807206 -0.0418629944 0.9991096258 0.0052409931
65.2 -455.4 2426.9 0.9975315928 -0.0334599465 0.0617348105 0.0563759245 0.9057605267 -0.4200233519 -0.0418629944 0.4224669337 0.9054110646
-13.9 -353.9 2392.2 0 0 0 0 0 0 0 0 0
-51.4 -470.3 2251.7 0 0 0 0 0 0 0 0 0
-174.8 -786.2 2258.2 0 0 0 0 0 0 0 0 0
77.6 -792.0 2269.9 0 0 0 0 0 0 0 0 0
-2.7 82.4 2546.3 0.9922958612 0.0172640383 -0.1226817891 0.0360162966 0.9072775841 0.4189871848 0.1185398474 -0.4201777875 0.8996660113
-6.1 -96.4 2629.1 0.9922958612 0.0172640383 -0.1226817891 0.0360162966 0.9072775841 0.4189871848 0.1185398474 -0.4201777875 0.8996660113
-9.5 -271.4 2716.8 0.9923613071 0.0172293372 -0.1221564561 0.0394320302 0.8939543962 0.4464198053 0.1168938205 -0.4478266239 0.8864463568
-147.4 -102.2 2612.5 -0.2753717005 -0.8218001127 -0.4988135695 0.8135790825 0.0771886706 -0.5763081312 0.5121128559 -0.5645232201 0.6473438144
-83.7 -290.2 2494.1 -0.4930450022 -0.8124190569 -0.3112584949 0.4494040310 0.0685123503 -0.8906975389 0.7449446917 -0.5790348053 0.3313247561
135.2 -90.7 2645.7 -0.2470029294 0.8979421854 0.3642655313 -0.8131955862 0.0123500824 -0.5818594694 -0.5269748569 -0.4399401248 0.7271521091
54.7 -356.0 2473.8 -0.3917078674 0.8991607428 0.1951280236 -0.4205581546 0.0136537943 -0.9071628451 -0.8183494210 -0.4374054968 0.3728010654
-97.4 -456.8 2790.9 0.9846839905 0.1736698002 0.0153691033 0.0423838906 -0.1529362649 -0.9873267412 -0.1691183448 0.9728562832 -0.1579546928
-167.2 -395.3 2400.0 0.9846839905 0.0181715377 0.1733989865 0.0423838906 0.9397696853 -0.3391703665 -0.1691183448 0.3413249552 0.9246060252
81.7 -447.1 2812.2 0.9978566170 0.0386212394 0.0528255031 0.0509810857 0.0472758263 -0.9975800514 -0.0410251468 0.9981349707 0.0452055447
66.6 -465.6 2421.6 0.9978566170 -0.0288050137 0.0587571710 0.0509810857 0.9051293135 -0.4220685363 -0.0410251468 0.4241594076 0.9046577811
-17.9 -350.2 2394.7 0 0 0 0 0 0 0 0 0
-51.2 -469.6 2252.7 0 0 0 0 0 0 0 0 0
-174.7 -785.4 2258.3 0 0 0 0 0 0 0 0 0
76.9 -790.0 2269.6 0 0 0 0 0 0 0 0 0
-4.0 80.5 2545.8 0.9879227281 0.0191896390 -0.1537546515 0.0476779975 0.9065093398 0.4194849432 0.1474297941 -0.4217494130 0.8946462274
-7.8 -98.0 2628.8 0.9879227281 0.0191896390 -0.1537546515 0.0476779975 0.9065093398 0.4194849432 0.1474297941 -0.4217494130 0.8946462274
-11.5 -272.9 2716.7 0.9880231619 0.0184719041 -0.1531959623 0.0524795130 0.8934006095 0.4461852908 0.1451072544 -0.4488810301 0.8817310929
-148.5 -105.6 2608.2 -0.3003805280 -0.8062597513 -0.5096241236 0.8107405305 0.0656422302 -0.5817137361 0.5024652481 -0.5879084468 0.6339498162
-79.1 -293.0 2492.1 -0.5198967457 -0.7963564992 -0.3090690672 0.4441384971 0.0570656024 -0.8941389918 0.7296906114 -0.6021293998 0.3240243495
132.8 -90.5 2649.4 -0.2387874126 0.9060010910 0.3494890332 -0.8140832186 0.0094321761 -0.5806716681 -0.5293856263 -0.4231702387 0.7353079915
55.0 -355.8 2476.9 -0.3870471120 0.9033313394 0.1848974377 -0.4186113775 0.0065212091 -0.9081420302 -0.8215588927 -0.4288939238 0.3756207526
-102.6 -450.0 2793.9 0.9860820174 0.1656038910 0.0147496723 0.0444496721 -0.1771053076 -0.9831876159 -0.1602074504 0.9701592922 -0.1820014119
-168.3 -379.8 2409.1 0.9860820174 0.0144962305 0.1656262577 0.0444496721 0.9369434118 -0.3466429114 -0.1602074504 0.3491804004 0.9232587218
76.8 -442.9 2815.1 0.9991449714 0.0211260933 0.0355383754 0.0346115828 0.0427253768 -0.9984871745 -0.0226125233 0.9988634586 0.0419576354
68.5 -459.6 2424.0 0.9991449714 -0.0218405742 0.0351038054 0.0346115828 0.9062698483 -0.4212801456 -0.0226125233 0.4221349359 0.9062509537
-9.7 -352.3 2394.7 0 0 0 0 0 0 0 0 0
-51.0 -470.4 2251.9 0 0 0 0 0 0 0 0 0
-174.5 -784.0 2258.5 0 0 0 0 0 0 0 0 0
76.5 -791.5 2269.5 0 0 0 0 0 0 0 0 0
-5.8 77.5 2547.5 0.9839816689 0.0202247668 -0.1771185547 0.0559241958 0.9083697796 0.4144114256 0.1692705154 -0.4176784754 0.8926881552
-9.8 -101.0 2629.6 0.9839816689 0.0202247668 -0.1771185547 0.0559241958 0.9083697796 0.4144114256 0.1692705154 -0.4176784754 0.8926881552
-13.8 -275.9 2717.3 0.9841045141 0.0201272592 -0.1764461845 0.0614078455 0.8937020302 0.4444386661 0.1666356474 -0.4482092857 0.8782601953
-149.9 -109.8 2605.9 -0.3186347485 -0.7938084006 -0.5180156231 0.8077843189 0.0585302301 -0.5865651965 0.4959399402 -0.6053448915 0.6225761771
-76.3 -296.5 2491.3 -0.5397095680 -0.7835196853 -0.3079131842 0.4391147494 0.0500494540 -0.8970358372 0.7182561159 -0.6193480492 0.3170428574
130.3 -92.1 2653.3 -0.2285226882 0.9138041735 0.3357667327 -0.8086313605 0.0138882641 -0.5881516933 -0.5421186686 -0.4059174955 0.7357569337
55.9 -355.6 2476.6 -0.3880334496 0.9037658572 0.1806580275 -0.4167770743 0.0027612518 -0.9090045094 -0.8220260739 -0.4280183017 0.3755974174
-104.4 -452.6 2791.5 0.9871215224 0.1591723859 0.0159777645 0.0400419720 -0.1491477191 -0.9880038500 -0.1548798829 0.9759196043 -0.1536004990
-167.1 -393.8 2407.0 0.9871215224 0.0179159846 0.1589658856 0.0400419720 0.9344041944 -0.3539568186 -0.1548798829 0.3557637036 0.9216530919
74.1 -443.1 2817.7 0.9991143346 0.0193661414 0.0373558737 0.0370061919 0.0181107260 -0.9991509318 -0.0200262386 0.9996483922 0.0173780192
66.5 -450.2 2426.4 0.9991143346 -0.0253756996 0.0335646011 0.0370061919 0.9095686674 -0.4139026701 -0.0200262386 0.4147782028 0.9097021222
-4.2 -355.1 2395.4 0 0 0 0 0 0 0 0 0
-50.8 -470.2 2250.6 0 0 0 0 0 0 0 0 0
-174.6 -785.6 2257.8 0 0 0 0 0 0 0 0 0
76.2 -794.6 2269.3 0 0 0 0 0 0 0 0 0
-3.5 82.4 2546.4 0.9874521494 0.0205089003 -0.1565809846 0.0467823707 0.9090329409 0.4140899777 0.1508298069 -0.4162192941 0.8966671228
-7.5 -96.8 2628.4 0.9874521494 0.0205089003 -0.1565809846 0.0467823707 0.9090329409 0.4140899777 0.1508298069 -0.4162192941 0.8966671228
-11.2 -272.2 2715.3 0.9875820875 0.0186179709 -0.1559968144 0.0527755171 0.8959349990 0.4410388172 0.1479742527 -0.4437948465 0.8838267922
-148.1 -104.4 2607.4 -0.3026114702 -0.8048034310 -0.5106052756 0.8075582981 0.0680433288 -0.5858495831 0.5062370300 -0.5896283388 0.6293349862
-78.2 -291.1 2490.4 -0.5222985744 -0.7948534489 -0.3088886738 0.4394348860 0.0595581681 -0.8962978125 0.7308222651 -0.6038715243 0.3181791902
133.1 -89.2 2649.5 -0.2317114472 0.8932096362 0.3853392005 -0.8161389828 0.0370610356 -0.5766659975 -0.5293647051 -0.4481104612 0.7203957438
57.9 -354.2 2477.5 -0.3937630355 0.8932096362 0.2170879543 -0.4166880548 0.0370610356 -0.9082937241 -0.8193422556 -0.4481104612 0.3575965464
-106.6 -456.5 2790.0 0.9865896702 0.1606661826 0.0287613440 0.0471619256 -0.1119153872 -0.9925979376 -0.1562580913 0.9806433320 -0.1179918870
-169.7 -412.5 2405.0 0.9865896702 0.0134641407 0.1626639366 0.0471619256 0.9305666685 -0.3630721867 -0.1562580913 0.3658748269 0.9174524546
71.2 -445.4 2820.1 0.9993504882 0.0120539041 0.0339606889 0.0339389704 0.0020018918 -0.9994218946 -0.0121149216 0.9999253154 0.0015914945
66.4 -446.2 2428.6 0.9993504882 -0.0258556362 0.0251020137 0.0339389704 0.9094639421 -0.4143953323 -0.0121149216 0.4149781168 0.9097507596
-8.5 -349.7 2392.8 0 0 0 0 0 0 0 0 0
-50.7 -469.1 2251.5 0 0 0 0 0 0 0 0 0
-175.1 -784.4 2258.8 0 0 0 0 0 0 0 0 0
76.3 -793.4 2270.2 0 0 0 0 0 0 0 0 0
-1.7 84.6 2537.8 0.9892738461 0.0265013985 -0.1436486542 0.0392340794 0.8990612626 0.4360613525 0.1407051831 -0.4370200038 0.8883780241
-6.9 -93.0 2624.1 0.9892738461 0.0265013985 -0.1436486542 0.0392340794 0.8990612626 0.4360613525 0.1407051831 -0.4370200038 0.8883780241
-11.5 -266.9 2713.8 0.9894364476 0.0233384687 -0.1430764943 0.0450652242 0.8885387182 0.4565830827 0.1377849579 -0.4582076967 0.8781008124
-147.8 -99.5 2604.6 -0.2896268964 -0.8097034097 -0.5103886724 0.8185333610 0.0668585226 -0.5705550313 0.4961042106 -0.5830182433 0.6434052587
-80.8 -288.7 2489.9 -0.5108277202 -0.7999761701 -0.3147906363 0.4562776387 0.0580474734 -0.8879421353 0.7286053300 -0.5972173810 0.3353589773
134.0 -86.5 2643.7 -0.2358349711 0.9000375271 0.3664891720 -0.8257833123 0.0132105956 -0.5638328195 -0.5123122334 -0.4356121123 0.7401204109
57.3 -355.0 2477.1 -0.3920406997 0.9000375271 0.1903589666 -0.4120481014 0.0132105956 -0.9110663533 -0.8225086331 -0.4356121123 0.3656796515
-104.1 -452.4 2788.9 0.9844822884 0.1718293428 0.0356272943 0.0547123998 -0.1076463014 -0.9926826358 -0.1667368561 0.9792277217 -0.1153770760
-171.5 -410.2 2404.9 0.9844822884 0.0092529329 0.1752398610 0.0547123998 0.9326481223 -0.3566147387 -0.1667368561 0.3606686890 0.9176692963
74.4 -442.9 2815.6 0.9984915257 0.0257005468 0.0485200100 0.0479846373 0.0210540034 -0.9986261725 -0.0266867783 0.9994479418 0.0197890121
64.3 -451.1 2424.3 0.9984915257 -0.0328222327 0.0440160260 0.0479846373 0.9112762213 -0.4089903831 -0.0266867783 0.4104855061 0.9114765525
-12.6 -349.6 2392.6 0 0 0 0 0 0 0 0 0
-50.8 -468.7 2250.3 0 0 0 0 0 0 0 0 0
-175.2 -787.0 2259.2 0 0 0 0 0 0 0 0 0
76.6 -793.2 2270.2 0 0 0 0 0 0 0 0 0
-2.7 84.4 2525.1 0.9903166294 0.0310383271 -0.1353128850 0.0382823944 0.8758404851 0.4810799360 0.1334444284 -0.4816015661 0.8661711812
-8.9 -88.9 2620.4 0.9903166294 0.0310383271 -0.1353128850 0.0382823944 0.8758404851 0.4810799360 0.1334444284 -0.4816015661 0.8661711812
-14.5 -258.3 2718.0 0.9904683232 0.0286126565 -0.1347359270 0.0427127816 0.8661652207 0.4979291856 0.1309506446 -0.4989380240 0.8566870689
-149.9 -95.0 2601.7 -0.2801165283 -0.8120363951 -0.5119878650 0.8431019783 0.0469267964 -0.5357022882 0.4590356946 -0.5817170739 0.6714845300
-85.1 -289.8 2495.6 -0.5032265186 -0.8024566174 -0.3206656575 0.4939358532 0.0373837389 -0.8686943054 0.7090771794 -0.5955382586 0.3775495887
132.2 -82.8 2639.0 -0.2343058884 0.9023094773 0.3618541062 -0.8312656283 0.0070476877 -0.5558307171 -0.5040815473 -0.4310312867 0.7484075427
55.7 -354.2 2474.5 -0.3886941373 0.9023094773 0.1864256412 -0.4190943241 0.0070476877 -0.9079153538 -0.8205344677 -0.4310312867 0.3754133880
-105.5 -445.0 2791.1 0.9836064577 0.1752952188 0.0423078798 0.0631420985 -0.1150341928 -0.9913527369 -0.1689125299 0.9777723551 -0.1242168769
-174.2 -399.9 2407.9 0.9836064577 0.0014170528 0.1803229302 0.0631420985 0.9339581132 -0.3517602682 -0.1689125299 0.3573796451 0.9185577631
73.3 -436.8 2816.0 0.9988343120 0.0199112054 0.0439725928 0.0427221172 0.0593863092 -0.9973204732 -0.0224692225 0.9980365038 0.0584664345
65.5 -460.1 2425.5 0.9988343120 -0.0292792097 0.0383767225 0.0427221172 0.9062944055 -0.4204822183 -0.0224692225 0.4216316044 0.9064887762
-18.0 -355.8 2400.9 0 0 0 0 0 0 0 0 0
-50.4 -468.6 2250.5 0 0 0 0 0 0 0 0 0
-174.8 -786.8 2259.9 0 0 0 0 0 0 0 0 0
76.3 -792.3 2270.9 0 0 0 0 0 0 0 0 0
-2.0 84.0 2519.7 0.9934149384 0.0386577770 -0.1078530997 0.0192535333 0.8716426492 0.4897635579 0.1129425317 -0.4886150062 0.8651585579
-9.6 -88.2 2616.2 0.9934149384 0.0386577770 -0.1078530997 0.0192535333 0.8716426492 0.4897635579 0.1129425317 -0.4886150062 0.8651585579
-16.8 -257.2 2714.5 0.9935648441 0.0363351144 -0.1072786003 0.0227218829 0.8639531732 0.5030593276 0.1109624058 -0.5022596121 0.8575678468
-151.1 -91.5 2600.4 -0.2535085380 -0.8224183917 -0.5092753768 0.8500005007 0.0619321801 -0.5231286287 0.4617711306 -0.5655019283 0.6833556890
-92.5 -287.9 2493.7 -0.4786626101 -0.8133155704 -0.3307566047 0.5062158704 0.0521544665 -0.8608283401 0.7173754573 -0.5794805884 0.3867488503
131.8 -84.9 2632.0 -0.2358901352 0.9021401405 0.3612464964 -0.8391830325 -0.0016541949 -0.5438466072 -0.4900282919 -0.4314399660 0.7574508786
55.8 -355.2 2474.1 -0.3929156065 0.9021401405 0.1782147735 -0.4162136316 -0.0016541949 -0.9092653394 -0.8199899793 -0.4314399660 0.3761329949
-109.6 -431.6 2803.7 0.9876996875 0.1508795321 0.0410447344 0.0477289967 -0.0409493968 -0.9980205894 -0.1489001215 0.9877036810 -0.0476470366
-171.4 -414.8 2399.1 0.9876996875 0.0080361962 0.1561560780 0.0477289967 0.9355202317 -0.3500339985 -0.1489001215 0.3531816602 0.9236295223
69.4 -423.9 2827.4 0.9990865588 0.0133256037 0.0406017900 0.0401594006 0.0319377072 -0.9986827374 -0.0146047780 0.9994010329 0.0313733816
64.2 -436.4 2436.3 0.9990865588 -0.0302507523 0.0301822647 0.0401594006 0.9060667157 -0.4212248027 -0.0146047780 0.4220521450 0.9064539075
-28.6 -355.5 2397.9 0 0 0 0 0 0 0 0 0
-51.2 -468.6 2250.8 0 0 0 0 0 0 0 0 0
-174.6 -784.8 2259.4 0 0 0 0 0 0 0 0 0
76.1 -793.5 2270.0 0 0 0 0 0 0 0 0 0
-2.8 83.3 2516.5 0.9960601926 0.0338982791 -0.0819448680 0.0123432847 0.8620648384 0.5066476464 0.0878162757 -0.5056629777 0.8582500815
-9.5 -87.5 2616.6 0.9960601926 0.0338982791 -0.0819448680 0.0123432847 0.8620648384 0.5066476464 0.0878162757 -0.5056629777 0.8582500815
-15.7 -254.3 2718.8 0.9961877465 0.0315240473 -0.0813403502 0.0156850927 0.8525007367 0.5224906206 0.0858137235 -0.5217745900 0.8487563133
-151.3 -89.8 2604.4 -0.2342888564 -0.8356849551 -0.4967286587 0.8621599674 0.0574868508 -0.5033640862 0.4492091835 -0.5461921692 0.7070255876
-97.2 -289.0 2500.6 -0.4560635686 -0.8270216584 -0.3286962807 0.5261385441 0.0473230556 -0.8490811586 0.7177633643 -0.5601747632 0.4135456383
132.3 -85.2 2628.9 -0.2520153522 0.9182407260 0.3054868281 -0.8401848078 -0.0509750843 -0.5398991108 -0.4801851213 -0.3927282393 0.7843384147
52.2 -352.0 2476.4 -0.3752720058 0.9182407260 0.1265103072 -0.4287954569 -0.0509750843 -0.9019623399 -0.8217696548 -0.3927282393 0.4128669798
-113.6 -428.4 2802.8 0.9912071228 0.1318301558 0.0113708619 0.0277108662 -0.1227851510 -0.9920463562 -0.1293854415 0.9836384654 -0.1253586411
-166.3 -379.3 2410.1 0.9912071228 0.0194414705 0.1308835894 0.0277108662 0.9367131591 -0.3489993513 -0.1293854415 0.3495575190 0.9279379845
65.9 -424.3 2822.8 0.9993000627 0.0039677313 0.0371980891 0.0369130746 0.0568067394 -0.9977025986 -0.0060717179 0.9983773232 0.0566205159
64.3 -446.5 2432.1 0.9993000627 -0.0308871586 0.0211050771 0.0369130746 0.9057089090 -0.4222899973 -0.0060717179 0.4227734804 0.9062150717
-36.3 -359.2 2404.8 0 0 0 0 0 0 0 0 0
-50.8 -469.7 2250.7 0 0 0 0 0 0 0 0 0
-174.7 -785.7 2258.5 0 0 0 0 0 0 0 0 0
76.2 -793.0 2270.3 0 0 0 0 0 0 0 0 0
-3.1 82.3 2505.9  0.9976723194 0.0296625141 -0.0614010729 0.0079827020 0.8434382677 0.5371668339 0.0677217320 -0.5364066362 0.8412382007
-9.0 -85.3 2612.5 0.9976723194 0.0296625141 -0.0614010729 0.0079827020 0.8434382677 0.5371668339 0.0677217320 -0.5364066362 0.8412382007
-14.4 -248.3 2720.5 0.9977601767 0.0277162641 -0.0608804151 0.0105508287 0.8335232139 0.5523836613 0.0660552531 -0.5517887473 0.8313638568
-151.0 -86.8 2603.1 -0.2190448195 -0.8457173705 -0.4866019487 0.8791637421 0.0452305786 -0.4743683338 0.4231908321 -0.5317106843 0.7336165309
-100.4 -290.0 2505.3 -0.4380474687 -0.8374043107 -0.3269073367 0.5545182228 0.0345156901 -0.8314554691 0.7075478435 -0.5454930067 0.4492364526
133.0 -83.8 2621.9 -0.2475746721 0.9133368731 0.3232994378 -0.8537764549 -0.0479180031 -0.5184299946 -0.4580093920 -0.4043755829 0.7916488051
54.7 -353.9 2477.0 -0.3856635094 0.9133368731 0.1306881607 -0.4205015302 -0.0479180031 -0.9060255885 -0.8212442398 -0.4043755829 0.4025397897
-111.8 -422.5 2813.1 0.9914713502 0.1291968971 0.0171076469 0.0226967130 -0.0419122912 -0.9988634586 -0.1283330321 0.9907328486 -0.0444871821
-165.5 -405.1 2401.6 0.9914713502 0.0244090706 0.1280183792 0.0226967130 0.9349523783 -0.3540464938 -0.1283330321 0.3539325595 0.9264245033
68.2 -419.8 2828.7 0.9994919896 0.0058801174 0.0313239843 0.0310423616 0.0430642143 -0.9985899329 -0.0072207688 0.9990550280 0.0428598039
65.9 -436.6 2437.5 0.9994919896 -0.0250155330 0.0197481867 0.0310423616 0.9044821858 -0.4253802598 -0.0072207688 0.4257771969 0.9047992229
-41.9 -364.0 2410.8 0 0 0 0 0 0 0 0 0
-50.8 -468.9 2252.5 0 0 0 0 0 0 0 0 0
-175.4 -784.0 2258.2 0 0 0 0 0 0 0 0 0
75.7 -793.9 2269.3 0 0 0 0 0 0 0 0 0
-4.7 80.5 2501.6  0.9974775910 0.0423768535 -0.0569445267 -0.0042781304 0.8366690874 0.5476920605 0.0708531886 -0.5460668802 0.8347399235
-13.2 -86.6 2610.6 0.9974775910 0.0423768535 -0.0569445267 -0.0042781304 0.8366690874 0.5476920605 0.0708531886 -0.5460668802 0.8347399235
-21.1 -248.4 2720.3 0.9976083636 0.0402035117 -0.0562244654 -0.0016429606 0.8270007968 0.5621984005 0.0691000298 -0.5607614517 0.8250889778
-155.2 -86.4 2600.8 -0.2088970542 -0.8434444070 -0.4949379265 0.8865081072 0.0503477976 -0.4599657655 0.4128745794 -0.5348519683 0.7372027636
-106.9 -291.3 2505.4 -0.4329552054 -0.8352293968 -0.3390305042 0.5678588152 0.0393758900 -0.8221836090 0.7000615597 -0.5484901071 0.4572443366
128.9 -86.8 2620.4 -0.2464874089 0.9180852771 0.3104245961 -0.8555840254 -0.0556894206 -0.5146597624 -0.4552141726 -0.3924514949 0.7992258072
52.8 -350.8 2479.9 -0.3770383894 0.9180852771 0.1223173141 -0.4282135665 -0.0556894206 -0.9019600153 -0.8212643862 -0.3924514949 0.4141336083
-109.9 -412.4 2822.5 0.9916285872 0.1279348880 0.0174747035 0.0161104668 0.0116906501 -0.9998018742 -0.1281138361 0.9917136431 0.0095316917
-164.9 -417.4 2396.6 0.9916285872 0.0304773040 0.1254744381 0.0161104668 0.9349485636 -0.3544172943 -0.1281138361 0.3534717560 0.9266307354
70.4 -410.6 2834.4 0.9994040728 0.0114702191 0.0325574353 0.0321552120 0.0336604416 -0.9989159107 -0.0125536816 0.9993674755 0.0332715549
65.9 -423.7 2443.1 0.9994040728 -0.0237397868 0.0250594299 0.0321552120 0.9042748809 -0.4257381260 -0.0125536816 0.4262902141 0.9044993520
-49.1 -367.1 2411.9 0 0 0 0 0 0 0 0 0
-50.7 -468.4 2254.5 0 0 0 0 0 0 0 0 0
-176.8 -782.9 2258.4 0 0 0 0 0 0 0 0 0
75.6 -793.4 2268.8 0 0 0 0 0 0 0 0 0
-7.4 74.9 2514.9  0.9979266524 0.0431918278 -0.0477162413 -0.0130310599 0.8616174459 0.5073909760 0.0630282909 -0.5057171583 0.8603938818
-16.0 -95.4 2614.9 0.9979266524 0.0431918278 -0.0477162413 -0.0130310599 0.8616174459 0.5073909760 0.0630282909 -0.5057171583 0.8603938818
-24.0 -262.0 2717.3 0.9980877638 0.0402967483 -0.0468722023 -0.0097261053 0.8512272239 0.5247071981 0.0610428900 -0.5232479572 0.8499913812
-158.1 -94.1 2606.2 -0.2009811252 -0.8472557664 -0.4916952848 0.8680253625 0.0786076635 -0.4902578890 0.4540248513 -0.5253365636 0.7196408510
-111.7 -294.7 2501.3 -0.4245185852 -0.8392046094 -0.3398817480 0.5378745198 0.0682209134 -0.8402600288 0.7283371091 -0.5395197272 0.4224257469
126.2 -96.8 2623.6 -0.2437965572 0.9119536877 0.3300057054 -0.8394380212 -0.0280136373 -0.5427329540 -0.4857026339 -0.4093357623 0.7723581791
53.0 -348.6 2478.0 -0.3785762787 0.9119536877 0.1581787616 -0.4420787394 -0.0280136373 -0.8965386748 -0.8131705523 -0.4093357623 0.4137606323
-119.1 -410.1 2823.8 0.9935899973 0.1109691039 0.0215588324 0.0175541621 0.0369396135 -0.9991633296 -0.1116726324 0.9931371212 0.0347548611
-167.3 -426.2 2391.7 0.9935899973 0.0224790033 0.1107863709 0.0175541621 0.9374603033 -0.3476493657 -0.1116726324 0.3473656774 0.9310565591
61.3 -410.4 2836.4 0.9995047450 -0.0055852300 0.0309692472 0.0310601387 0.0169958379 -0.9993730187 0.0050553801 0.9998399615 0.0171608981
63.4 -417.1 2444.9 0.9995047450 -0.0303173289 0.0084349709 0.0310601387 0.9073633552 -0.4191980064 0.0050553801 0.4192523956 0.9078556299
-55.0 -366.5 2404.1 0 0 0 0 0 0 0 0 0
-50.5 -469.5 2255.5 0 0 0 0 0 0 0 0 0
-176.0 -785.9 2258.4 0 0 0 0 0 0 0 0 0
76.0 -794.1 2270.7 0 0 0 0 0 0 0 0 0
-6.7 72.6 2504.6  0.9987336993 0.0473154448 -0.0170955714 -0.0304573718 0.8391193748 0.5430939794 0.0400419571 -0.5418855548 0.8394978642
-16.1 -93.7 2612.0 0.9987336993 0.0473154448 -0.0170955714 -0.0304573718 0.8391193748 0.5430939794 0.0400419571 -0.5418855548 0.8394978642
-25.3 -255.8 2721.1 0.9987629652 0.0470089018 -0.0162088554 -0.0299399849 0.8287797570 0.5587733984 0.0397008955 -0.5575968623 0.8291619420
-158.2 -89.4 2606.3 -0.1717046946 -0.8569935560 -0.4858801365 0.8896024823 0.0770052150 -0.4501972497 0.4232314527 -0.5095411539 0.7491614819
-118.5 -295.0 2508.5 -0.3961306214 -0.8494932055 -0.3484850228 0.5756893754 0.0658868700 -0.8150095940 0.7153056860 -0.5234693885 0.4629444182
126.1 -98.1 2617.7 -0.2513748109 0.9175515771 0.3080744147 -0.8446723223 -0.0525515489 -0.5326978564 -0.4725879431 -0.3941287696 0.7882405519
51.2 -349.5 2477.1 -0.3756528199 0.9175515771 0.1303230524 -0.4394557178 -0.0525515489 -0.8967257142 -0.8159434199 -0.3941287696 0.4229644239
-122.2 -425.8 2815.6 0.9934945107 0.1129307002 0.0146717550 0.0244906861 -0.0860567912 -0.9959892035 -0.1112151518 0.9898691177 -0.0882627070
-168.6 -390.4 2408.8 0.9934945107 0.0169227570 0.1126153842 0.0244906861 0.9340082407 -0.3564109802 -0.1112151518 0.3568503857 0.9275176525
58.3 -429.3 2825.2 0.9996038079 -0.0157041661 0.0233594161 0.0236198772 0.0166098662 -0.9995830059 0.0153096206 0.9997386932 0.0169742163
64.5 -435.8 2433.6 0.9996038079 -0.0278598815 -0.0040137377 0.0236198772 0.9078006148 -0.4187364280 0.0153096206 0.4184757173 0.9080989361
-65.7 -371.9 2413.0 0 0 0 0 0 0 0 0 0
-50.4 -468.4 2256.3 0 0 0 0 0 0 0 0 0
-175.7 -785.2 2258.0 0 0 0 0 0 0 0 0 0
75.5 -793.0 2269.0 0 0 0 0 0 0 0 0 0
-7.6 72.1 2507.4  0.9989891648 0.0440425165 0.0089963330 -0.0420080274 0.8434435129 0.5355730057 0.0160000827 -0.5354095101 0.8444410563
-16.3 -95.2 2613.6 0.9989891648 0.0440425165 0.0089963330 -0.0420080274 0.8434435129 0.5355730057 0.0160000827 -0.5354095101 0.8444410563
-24.6 -257.9 2722.1 0.9990497231 0.0424287766 0.0099707814 -0.0408346206 0.8312180638 0.5544447899 0.0152365221 -0.5543251038 0.8321607709
-158.5 -89.5 2611.5 -0.1517421603 -0.8682251573 -0.4723975062 0.8890978694 0.0889083818 -0.4489992559 0.4318325520 -0.4881397188 0.7584459782
-123.5 -294.9 2511.7 -0.3723972440 -0.8611858487 -0.3459468186 0.5760360360 0.0777855664 -0.8137148619 0.7276694179 -0.5023030043 0.4671069682
125.9 -101.0 2615.8 -0.2363361716 0.9104214311 0.3395261467 -0.8563057184 -0.0300052073 -0.5155969262 -0.4592229426 -0.4125923812 0.7866904140
60.3 -338.7 2488.4 -0.3815196455 0.9104214311 0.1599235535 -0.4464682639 -0.0300052073 -0.8942962289 -0.8093879223 -0.4125923812 0.4179218709
-124.7 -414.2 2827.3 0.9954067469 0.0954518169 0.0073743812 0.0085620191 -0.0120386910 -0.9998908639 -0.0953526273 0.9953612685 -0.0128006544
-165.9 -409.0 2397.1 0.9954067469 0.0252463687 0.0923474506 0.0085620191 0.9372614026 -0.3485222161 -0.0953526273 0.3477120399 0.9327401519
55.9 -420.6 2833.8 0.9995312095 -0.0281433910 0.0120524662 0.0119961565 -0.0021687991 -0.9999256730 0.0281674396 0.9996015429 -0.0018301698
66.9 -419.8 2442.4 0.9995312095 -0.0226663593 -0.0205802955 0.0119961565 0.9084227681 -0.4178805351 0.0281674396 0.4174377620 0.9082688689
-73.7 -371.8 2414.5 0 0 0 0 0 0 0 0 0
-42.3 -458.7 2270.6 0 0 0 0 0 0 0 0 0
-176.0 -783.6 2258.1 0 0 0 0 0 0 0 0 0
76.2 -793.2 2270.8 0 0 0 0 0 0 0 0 0
-8.7 73.2 2510.9  0.9988048673 0.0414164178 0.0259522796 -0.0488739647 0.8508970737 0.5230539441 -0.0004196964 -0.5236972570 0.8519043326
-16.9 -95.7 2614.8 0.9988048673 0.0414164178 0.0259522796 -0.0488739647 0.8508970737 0.5230539441 -0.0004196964 -0.5236972570 0.8519043326
-24.7 -259.7 2721.3 0.9988634586 0.0393293835 0.0269250367 -0.0476479866 0.8381193876 0.5434018373 -0.0011947368 -0.5440671444 0.8390408158
-159.2 -89.0 2615.0 -0.1388124377 -0.8752130866 -0.4633930922 0.8843418360 0.1010539308 -0.4557715058 0.4457248747 -0.4730646610 0.7599599957
-127.1 -293.4 2512.0 -0.3568921685 -0.8684749007 -0.3440629244 0.5688944459 0.0900715142 -0.8174632788 0.7409366369 -0.4874817133 0.4619247317
125.3 -102.4 2614.7 -0.2520024478 0.9231300950 0.2903886735 -0.8519393206 -0.0692955703 -0.5190352201 -0.4590143859 -0.3781916797 0.8039134741
53.6 -344.8 2484.1 -0.3694598377 0.9231300950 0.1064436138 -0.4321832359 -0.0692955703 -0.8991194367 -0.8226281404 -0.3781916797 0.4245632887
-123.2 -416.4 2829.6 0.9952260256 0.0971829444 0.0089817066 0.0081763985 0.0086816074 -0.9999288917 -0.0972540081 0.9952286482 0.0078455554
-165.8 -420.2 2392.7 0.9952260256 0.0262377169 0.0940041393 0.0081763985 0.9373847842 -0.3481995761 -0.0972540081 0.3473058641 0.9326951504
57.3 -424.2 2832.0 0.9994298220 -0.0139079839 0.0307675693 0.0308526922 0.0059478898 -0.9995062351 0.0137181152 0.9998855591 0.0063735968
62.8 -426.6 2440.4 0.9994298220 -0.0337605998 0.0005452465 0.0308526922 0.9065468311 -0.4209761322 0.0137181152 0.4207529128 0.9070715308
-79.4 -369.3 2413.1 0 0 0 0 0 0 0 0 0
-45.9 -461.2 2262.6 0 0 0 0 0 0 0 0 0
-176.0 -784.0 2257.9 0 0 0 0 0 0 0 0 0
76.4 -792.6 2270.6 0 0 0 0 0 0 0 0 0
-9.3 71.8 2513.1  0.9987449646 0.0428810790 0.0258779079 -0.0500844344 0.8545998335 0.5168662071 0.0000485247 -0.5175136328 0.8556749821
-17.8 -97.5 2615.6 0.9987449646 0.0428810790 0.0258779079 -0.0500844344 0.8545998335 0.5168662071 0.0000485247 -0.5175136328 0.8556749821
-25.7 -262.4 2720.8 0.9988402128 0.0399705172 0.0268433746 -0.0481337123 0.8424361944 0.5366417170 -0.0011639848 -0.5373114347 0.8433831334
-160.0 -90.8 2615.8 -0.1385614872 -0.8749655485 -0.4639353156 0.8808075786 0.1052800119 -0.4616212249 0.4527457654 -0.4726006687 0.7560885549
-128.0 -294.3 2511.2 -0.3569202125 -0.8682268262 -0.3446595371 0.5631112456 0.0944102407 -0.8209704161 0.7453278899 -0.4871025980 0.4552113414
124.4 -104.3 2615.4 -0.2578119040 0.9255335927 0.2773455679 -0.8396554589 -0.0725994259 -0.5382453203 -0.4780290127 -0.3716408014 0.7958463430
49.7 -347.6 2476.9 -0.3646509945 0.9255335927 0.1020647511 -0.4354178011 -0.0725994259 -0.8972963095 -0.8230680227 -0.3716408014 0.4294672608
-122.7 -419.3 2828.1 0.9944986701 0.1030520350 0.0187790152 0.0169839337 0.0182691328 -0.9996888638 -0.1033630520 0.9945082068 0.0164183993
-168.1 -427.3 2390.2 0.9944986701 0.0199797302 0.1028259918 0.0169839337 0.9378955364 -0.3465018868 -0.1033630520 0.3463420570 0.9323965311
57.8 -428.1 2827.7 0.9995753765 -0.0187767614 0.0222812407 0.0226816107 0.0213864557 -0.9995139837 0.0182911176 0.9995949268 0.0218032636
65.2 -436.5 2436.3 0.9995753765 -0.0282802731 -0.0070175952 0.0226816107 0.9063732624 -0.4218685627 0.0182911176 0.4215302765 0.9066298604
-80.4 -369.5 2411.7 0 0 0 0 0 0 0 0 0
-48.6 -464.9 2255.0 0 0 0 0 0 0 0 0 0
-175.7 -786.0 2257.8 0 0 0 0 0 0 0 0 0
76.3 -792.5 2270.7 0 0 0 0 0 0 0 0 0
-14.0 65.8 2513.7  0.9985986352 0.0440977216 0.0292595923 -0.0528462864 0.8604561687 0.5067765117 -0.0028289086 -0.5076125860 0.8615807891
-22.7 -103.0 2613.3 0.9985986352 0.0440977216 0.0292595923 -0.0528462864 0.8604561687 0.5067765117 -0.0028289086 -0.5076125860 0.8615807891
-31.5 -269.2 2716.2 0.9985452890 0.0446622521 0.0302091800 -0.0538742803 0.8493529558 0.5250687003 -0.0022075069 -0.5259323716 0.8505235314
-164.9 -95.4 2613.6 -0.1333303303 -0.8744934797 -0.4663519859 0.8754135966 0.1166816726 -0.4690803587 0.4646224380 -0.4707935154 0.7499862909
-134.1 -297.7 2506.3 -0.3534263670 -0.8678222299 -0.3492483795 0.5550697446 0.1059695482 -0.8250260949 0.7529856563 -0.4854431748 0.4442494214
119.5 -110.6 2612.9 -0.2531799972 0.9252123833 0.2826339602 -0.8363052607 -0.0624575317 -0.5446949005 -0.4863058329 -0.3742741346 0.7895730138
47.4 -349.0 2474.3 -0.3617317080 0.9252123833 0.1145959422 -0.4430656135 -0.0624575317 -0.8943108916 -0.8202701211 -0.3742741346 0.4325226545
-123.8 -422.9 2826.2 0.9946293235 0.1014414206 0.0205469802 0.0190676823 0.0155310361 -0.9996975660 -0.1017298549 0.9947202802 0.0135133704
-168.2 -429.7 2391.0 0.9946293235 0.0179355443 0.1019355506 0.0190676823 0.9362612367 -0.3507866263 -0.1017298549 0.3508463502 0.9308909178
56.7 -431.7 2825.9 0.9994549751 -0.0158766098 0.0289419834 0.0291858595 0.0153503353 -0.9994561076 0.0154237049 0.9997560978 0.0158053413
63.0 -437.7 2434.3 0.9994549751 -0.0329737663 -0.0015607100 0.0291858595 0.9047541022 -0.4249331653 0.0154237049 0.4246560037 0.9052233696
-86.9 -371.9 2405.7 0 0 0 0 0 0 0 0 0
-49.2 -467.3 2255.3 0 0 0 0 0 0 0 0 0
-175.0 -785.0 2257.9 0 0 0 0 0 0 0 0 0
75.8 -791.4 2268.3 0 0 0 0 0 0 0 0 0
-15.4 60.7 2515.5  0.9988433719 0.0463002436 0.0129690534 -0.0464969203 0.8614180088 0.5057637691 0.0122452090 -0.5057818294 0.8625745177
-24.6 -109.0 2615.1 0.9988433719 0.0463002436 0.0129690534 -0.0464969203 0.8614180088 0.5057637691 0.0122452090 -0.5057818294 0.8625745177
-33.6 -275.0 2718.4 0.9988631010 0.0455283895 0.0141286766 -0.0461291820 0.8483915925 0.5273554921 0.0120229954 -0.5274077058 0.8495272994
-166.8 -102.5 2613.5 -0.1466420144 -0.8686276078 -0.4732675254 0.8754807115 0.1087460890 -0.4708586335 0.4604668319 -0.4833842218 0.7445199490
-132.9 -304.8 2507.0 -0.3683103621 -0.8616674542 -0.3491084874 0.5541412234 0.0980504304 -0.8266278505 0.7465085387 -0.4979110062 0.4413724244
117.7 -115.4 2616.8 -0.2479931563 0.9304872751 0.2696160972 -0.8257196546 -0.0574742667 -0.5611450672 -0.5066423416 -0.3617874682 0.7825748324
47.4 -349.5 2473.2 -0.3659519553 0.9235702157 0.1144431531 -0.4460240901 -0.0661285296 -0.8925746679 -0.8167874217 -0.3776838481 0.4361344278
-130.5 -430.6 2819.5 0.9964225888 0.0840915814 0.0084046917 0.0080235433 0.0048694760 -0.9999559522 -0.0841288045 0.9964461327 0.0041773436
-166.8 -432.7 2390.0 0.9964225888 0.0220129415 0.0815932825 0.0080235433 0.9364777803 -0.3506351411 -0.0841288045 0.3500354290 0.9329509735
50.0 -440.4 2819.0 0.9991258383 -0.0404062122 0.0107208434 0.0122627383 0.0381072238 -0.9991984367 0.0399652794 0.9984564185 0.0385694019
65.8 -455.3 2428.1 0.9991258383 -0.0281739868 -0.0308840536 0.0122627383 0.9037992358 -0.4277809560 0.0399652794 0.4270282686 0.9033546448
-83.8 -378.8 2407.4 0 0 0 0 0 0 0 0 0
-49.7 -467.8 2256.5 0 0 0 0 0 0 0 0 0
-175.1 -786.8 2257.7 0 0 0 0 0 0 0 0 0
76.3 -793.0 2268.6 0 0 0 0 0 0 0 0 0
-19.7 56.6 2518.9  0.9995364547 0.0302610733 0.0033325981 -0.0279271826 0.8678115606 0.4961080551 0.0121206958 -0.4959711730 0.8682543635
-25.7 -114.8 2616.8 0.9995364547 0.0302610733 0.0033325981 -0.0279271826 0.8678115606 0.4961080551 0.0121206958 -0.4959711730 0.8682543635
-31.2 -281.4 2719.3 0.9996054173 0.0277640224 0.0042623696 -0.0258842781 0.8515351415 0.5236582160 0.0109093003 -0.5235618949 0.8519178033
-168.0 -111.2 2615.3 -0.1639325768 -0.8711380959 -0.4628655314 0.8702146411 0.0932803303 -0.4837616086 0.4645994306 -0.4820966423 0.7427854538
-130.1 -312.3 2508.0 -0.3787442148 -0.8639765978 -0.3318090439 0.5431390405 0.0827945247 -0.8355507851 0.7493683100 -0.4966784418 0.4379014671
116.7 -118.4 2618.4 -0.2337981761 0.9111627936 0.3392945528 -0.8295313120 -0.0049032830 -0.5584387183 -0.5071648955 -0.4120174050 0.7569844127
49.6 -356.3 2472.9 -0.3751420379 0.9111627936 0.1704430878 -0.4234923124 -0.0049032830 -0.9058864117 -0.8245742917 -0.4120174050 0.3877098560
-132.8 -437.0 2820.6 0.9967427254 0.0803842694 0.0065032807 0.0075200107 -0.0123521062 -0.9998954535 -0.0802955329 0.9966874123 -0.0129163628
-167.5 -431.6 2389.5 0.9967427254 0.0208296012 0.0779105276 0.0075200107 0.9378553033 -0.3469449878 -0.0802955329 0.3464007974 0.9346438646
47.8 -445.3 2822.7 0.9990238547 -0.0413469486 0.0155488970 0.0149491383 -0.0147753693 -0.9997791052 0.0415675528 0.9990355968 -0.0141428458
64.0 -439.6 2432.1 0.9990238547 -0.0308977403 -0.0315700471 0.0149491383 0.9089830518 -0.4165649712 0.0415675528 0.4156863987 0.9085575938
-79.6 -384.8 2407.9 0 0 0 0 0 0 0 0 0
-49.9 -468.6 2254.2 0 0 0 0 0 0 0 0 0
-175.4 -785.6 2258.7 0 0 0 0 0 0 0 0 0
76.0 -793.4 2270.3 0 0 0 0 0 0 0 0 0
-21.8 54.2 2515.1  0.9987411499 0.0456621423 -0.0207633488 -0.0285534430 0.8578504324 0.5131056309 0.0412413478 -0.5118668079 0.8580743074
-30.8 -114.7 2615.8 0.9987411499 0.0456621423 -0.0207633488 -0.0285534430 0.8578504324 0.5131056309 0.0412413478 -0.5118668079 0.8580743074
-39.7 -279.6 2720.8 0.9988089204 0.0447437949 -0.0194598772 -0.0272778943 0.8427428603 0.5376247168 0.0404550433 -0.5364535451 0.8429596424
-173.1 -110.9 2610.1 -0.1755961925 -0.8565423489 -0.4852846265 0.8780134916 0.0866938308 -0.4707191288 0.4452620745 -0.5087429285 0.7368326187
-132.5 -313.8 2507.2 -0.3992782533 -0.8489810228 -0.3461330235 0.5560164452 0.0759577453 -0.8276932836 0.7289873362 -0.5229355693 0.4417191446
111.4 -118.5 2621.6 -0.2109316885 0.8964172006 0.3897999525 -0.8258483410 0.0499151237 -0.5616787672 -0.5229554176 -0.4403915107 0.7297759652
50.2 -358.2 2469.8 -0.3804930449 0.8964172006 0.2272910625 -0.4228954613 0.0499151237 -0.9048026800 -0.8224259615 -0.4403915107 0.3600984216
-127.0 -445.8 2820.9 0.9948876500 0.0991449207 0.0192043595 0.0221676677 -0.0288739838 -0.9993371964 -0.0985247046 0.9946539998 -0.0309241824
-169.7 -433.4 2392.6 0.9948876500 0.0144677553 0.0999460146 0.0221676677 0.9342603087 -0.3559020162 -0.0985247046 0.3562980890 0.9291633368
53.7 -450.5 2822.9 0.9993699789 -0.0332437195 0.0124280099 0.0118374433 -0.0179029945 -0.9997696280 0.0334585607 0.9992868900 -0.0174981952
66.7 -443.5 2431.8 0.9993699789 -0.0247849748 -0.0254028626 0.0118374433 0.9075490236 -0.4197792411 0.0334585607 0.4192140698 0.9072706699
-79.2 -388.1 2409.9 0 0 0 0 0 0 0 0 0
-50.0 -469.5 2253.2 0 0 0 0 0 0 0 0 0
-175.1 -785.6 2258.2 0 0 0 0 0 0 0 0 0
76.2 -792.3 2270.7 0 0 0 0 0 0 0 0 0
-23.5 50.9 2514.2  0.9973973632 0.0537989102 -0.0480019972 -0.0211358089 0.8546782732 0.5187276006 0.0689332411 -0.5163629651 0.8535909653
-34.1 -117.8 2616.1 0.9973973632 0.0537989102 -0.0480019972 -0.0211358089 0.8546782732 0.5187276006 0.0689332411 -0.5163629651 0.8535909653
-45.2 -282.0 2722.1 0.9973441362 0.0561729968 -0.0463605262 -0.0219555795 0.8387948275 0.5440047979 0.0694453493 -0.5415421128 0.8378003836
-176.1 -114.8 2606.3 -0.1925804615 -0.8419051766 -0.5040916800 0.8805292845 0.0784713328 -0.4674509764 0.4331061542 -0.5338894129 0.7262101173
-131.6 -318.3 2506.2 -0.4228143692 -0.8338859677 -0.3547705710 0.5596119761 0.0676641539 -0.8259878755 0.7127849460 -0.5477734208 0.4380432367
107.9 -120.8 2626.0 -0.1965071112 0.8892209530 0.4131234884 -0.8226843476 0.0797067136 -0.5628830194 -0.5334560871 -0.4504807591 0.7158852220
50.8 -359.9 2471.0 -0.3822514415 0.8892209530 0.2513362467 -0.4115388393 0.0797067136 -0.9079000950 -0.8273569942 -0.4504807591 0.3354809582
-138.7 -442.2 2822.2 0.9976462126 0.0683728158 0.0052193585 0.0065268492 -0.0189135466 -0.9997998476 -0.0682604164 0.9974805713 -0.0193152856
-168.0 -434.1 2395.2 0.9976462126 0.0185913779 0.0660033673 0.0065268492 0.9324290752 -0.3612940907 -0.0682604164 0.3608744740 0.9301129580
41.8 -447.1 2829.5 0.9981409311 -0.0608642995 0.0032057599 -0.0013301410 -0.0743384138 -0.9972321987 0.0609341487 0.9953739643 -0.0742811635
65.6 -418.0 2440.5 0.9981409311 -0.0242279172 -0.0559262708 -0.0013301410 0.9087185860 -0.4174071848 0.0609341487 0.4167055786 0.9069969654
-75.2 -393.0 2411.0 0 0 0 0 0 0 0 0 0
-50.6 -469.0 2251.6 0 0 0 0 0 0 0 0 0
-175.0 -785.5 2259.2 0 0 0 0 0 0 0 0 0
75.5 -791.1 2269.5 0 0 0 0 0 0 0 0 0
-25.2 46.6 2516.2  0.9983062744 0.0432605669 -0.0388989151 -0.0168034583 0.8545406461 0.5191125870 0.0556978099 -0.5175797343 0.8538202047
-33.7 -122.0 2618.3 0.9983062744 0.0432605669 -0.0388989151 -0.0168034583 0.8545406461 0.5191125870 0.0556978099 -0.5175797343 0.8538202047
-42.4 -286.2 2724.5 0.9983197451 0.0440788344 -0.0376133136 -0.0165422615 0.8388966918 0.5440392494 0.0555343032 -0.5425029397 0.8382162452
-175.9 -119.8 2610.5 -0.1912803501 -0.8496807814 -0.4913800955 0.8796272874 0.0737346411 -0.4699138701 0.4355084896 -0.5221166611 0.7332984209
-131.7 -323.1 2509.8 -0.4158528745 -0.8417976499 -0.3441556394 0.5575685501 0.0629661083 -0.8277394772 0.7184592485 -0.5361081958 0.4431752563
108.4 -124.3 2626.2 -0.1649243981 0.8212587833 0.5461995602 -0.8110656142 0.2021844983 -0.5489025116 -0.5612241030 -0.5335311294 0.6327496171
61.7 -354.0 2467.3 -0.4169425368 0.8212587833 0.3894777894 -0.4256604612 0.2021844983 -0.8820059896 -0.8031015396 -0.5335311294 0.2652780712
-146.3 -444.3 2821.8 0.9990078211 0.0390527360 -0.0214058831 -0.0202515125 -0.0297191795 -0.9993531108 -0.0396636389 0.9987950921 -0.0288988166
-163.2 -431.4 2389.3 0.9990078211 0.0327482000 0.0301808473 -0.0202515125 0.9376284480 -0.3470486701 -0.0396636389 0.3460931480 0.9373613596
33.9 -448.2 2834.4 0.9968855381 -0.0788419619 -0.0017755107 -0.0108438106 -0.1147404090 -0.9933363199 0.0781128556 0.9902618527 -0.1152379960
64.7 -403.4 2447.3 0.9968855381 -0.0229088664 -0.0754611865 -0.0108438106 0.9079684019 -0.4188983142 0.0781128556 0.4184119701 0.9048921466
-76.2 -397.5 2413.9 0 0 0 0 0 0 0 0 0
-49.1 -467.1 2253.9 0 0 0 0 0 0 0 0 0
-175.6 -784.6 2258.9 0 0 0 0 0 0 0 0 0
74.5 -791.9 2268.3 0 0 0 0 0 0 0 0 0
-25.8 45.5 2522.8  0.9994174838 0.0340892114 0.0016050185 -0.0304113477 0.8682780862 0.4951447248 0.0154854916 -0.4949051142 0.8688090444
-32.5 -124.5 2619.6 0.9994174838 0.0340892114 0.0016050185 -0.0304113477 0.8682780862 0.4951447248 0.0154854916 -0.4949051142 0.8688090444
-38.5 -291.4 2721.6 0.9995332956 0.0304383971 0.0025884018 -0.0273228902 0.8528901935 0.5213748813 0.0136621920 -0.5212022662 0.8533238173
-174.8 -120.7 2617.7 -0.1640246511 -0.8696399927 -0.4656416476 0.8692011833 0.0957957208 -0.4850901961 0.4664603472 -0.4843030274 0.7401792407
-136.9 -321.6 2509.9 -0.3800990283 -0.8624520302 -0.3342172503 0.5416695476 0.0853387639 -0.8362483978 0.7497458458 -0.4988925159 0.4347268343
109.8 -128.2 2621.6 -0.1790280193 0.8449666500 0.5039646029 -0.8202624917 0.1546511799 -0.5506836772 -0.5432480574 -0.5119710565 0.6654075384
60.7 -353.5 2472.4 -0.4113291800 0.8449666500 0.3418181539 -0.4239063859 0.1546511799 -0.8924048543 -0.8069149256 -0.5119710565 0.2945742309
-141.3 -449.0 2825.7 0.9978801608 0.0649906248 0.0033838912 0.0058619296 -0.0379764177 -0.9992614388 -0.0648141205 0.9971629977 -0.0382768810
-169.6 -432.5 2391.5 0.9978801608 0.0173161458 0.0627326369 0.0058619296 0.9361162186 -0.3516419828 -0.0648141205 0.3512642682 0.9340302944
39.1 -452.0 2835.7 0.9984878898 -0.0501852557 0.0224350877 0.0157140214 -0.1305188239 -0.9913212657 0.0526779145 0.9901748896 -0.1295328438
58.7 -400.9 2448.5 0.9984878898 -0.0363192111 -0.0412650928 0.0157140214 0.9079133272 -0.4188633561 0.0526779145 0.4175815582 0.9071111679
-86.2 -393.9 2409.8 0 0 0 0 0 0 0 0 0
-50.3 -467.8 2254.7 0 0 0 0 0 0 0 0 0
-176.1 -785.0 2259.2 0 0 0 0 0 0 0 0 0
74.4 -793.5 2267.9 0 0 0 0 0 0 0 0 0
-26.8 43.7 2527.0  0.9995772839 0.0288416129 -0.0036648843 -0.0235684868 0.8776540756 0.4787147939 0.0170234069 -0.4784260392 0.8779628277
-32.5 -127.9 2620.5 0.9995772839 0.0288416129 -0.0036648843 -0.0235684868 0.8776540756 0.4787147939 0.0170234069 -0.4784260392 0.8779628277
-37.5 -296.3 2720.1 0.9996777177 0.0252386797 -0.0027264487 -0.0203394890 0.8605983257 0.5088780522 0.0151897874 -0.5086585879 0.8608343005
-174.8 -125.1 2618.4 -0.1711373031 -0.8694236279 -0.4634808898 0.8611044288 0.0966009349 -0.4991666973 0.4787600040 -0.4845314920 0.7321325541
-135.3 -324.1 2507.7 -0.3853607774 -0.8621338606 -0.3289714754 0.5279322267 0.0864097998 -0.8448792696 0.7568253875 -0.4992579520 0.4218492806
109.9 -130.7 2622.7 -0.2055777758 0.8380352259 0.5054055452 -0.8151313066 0.1391621232 -0.5623120666 -0.5415706635 -0.5275707245 0.6545000672
54.1 -351.7 2475.8 -0.3879463077 0.8569818139 0.3392342627 -0.4268398881 0.1591621041 -0.8902107477 -0.8168876171 -0.4901526570 0.3040476739
