127.6 66.9 2656.5 6 0.9984558225 0.0176629722 0.0526690669 -0.0232379176 0.9939668775 0.1071905196 -0.0504580066 -0.1082489118 0.9928424954
124.1 -129.2 2677.9 0.9984558225 0.0176629722 0.0526690669 -0.0232379176 0.9939668775 0.1071905196 -0.0504580066 -0.1082489118 0.9928424954
120.8 -322.3 2697.4 0.9984737039 0.0170383230 0.0525351390 -0.0222114529 0.9947881103 0.0995149314 -0.0505657643 -0.1005299240 0.9936482310
-12.3 -126.2 2684.8 0.3739964366 -0.9170146585 -0.1386030763 0.9263705611 0.3765155375 0.0085787848 0.0443193391 -0.1316062510 0.9903108478
-113.0 -375.5 2672.9 0.1122328192 -0.9170146585 -0.3827374279 0.5602148175 0.3765155375 -0.7378315926 0.8207089305 -0.1316062510 0.5559825897
260.5 -132.2 2671.0 0.1564660221 0.0969515815 0.9829134345 -0.9325660467 0.3422968388 0.1146883219 -0.3253289163 -0.9345765114 0.1439715773
300.5 -370.8 2587.7 -0.6503745317 0.0969515815 0.7534012198 -0.6890040040 0.3422968388 -0.6388320327 -0.3198226392 -0.9345765114 -0.1558210999
20.6 -512.9 2721.0 0.9855995774 0.0394698419 -0.1644249856 -0.1607595384 -0.0828316882 -0.9835116863 -0.0524386503 0.9957816005 -0.0752937198
5.6 -481.5 2342.8 0.9855995774 0.1618649364 0.0489201881 -0.1607595384 0.9866571426 -0.0257696137 -0.0524386503 0.0175341349 0.9984701872
199.5 -519.0 2713.7 0.9868507981 -0.1516745538 0.0558596030 0.0402824730 -0.1038994491 -0.9937717319 0.1565336585 0.9829546213 -0.0964234322
256.4 -480.0 2344.7 0.9868507981 -0.0405870527 -0.1564549655 0.0402824730 0.9991752505 -0.0051183095 0.1565336585 -0.0012513848 0.9876718521
-142.7 -523.6 2455.9 0 0 0 0 0 0 0 0 0
127.2 -554.4 2502.5 0 0 0 0 0 0 0 0 0
-54.8 -849.7 2336.2 0 0 0 0 0 0 0 0 0
271.6 -852.9 2345.1 0 0 0 0 0 0 0 0 0
127.0 70.9 2657.2 7 0.9985753894 0.0069120987 0.0529100001 -0.0124630891 0.9943608046 0.1053149402 -0.0518836826 -0.1058243290 0.9930303693
125.7 -125.4 2678.1 0.9985753894 0.0069120987 0.0529100001 -0.0124630891 0.9943608046 0.1053149402 -0.0518836826 -0.1058243290 0.9930303693
124.2 -318.5 2696.9 0.9985749722 0.0074423072 0.0528456829 -0.0125192292 0.9952639341 0.0964000970 -0.0518779606 -0.0969243050 0.9939388037
-10.8 -123.7 2685.2 0.3652188182 -0.9207227230 -0.1374224871 0.9297226071 0.3682423830 0.0036607985 0.0472342037 -0.1291017830 0.9905057549
-109.1 -373.9 2672.5 0.1079366580 -0.9207227230 -0.3749925196 0.5582727790 0.3682423830 -0.7434574962 0.8226063251 -0.1291017830 0.5537612438
262.1 -127.0 2671.0 0.1649218053 0.0925041884 0.9819591641 -0.9298458695 0.3465975225 0.1235185191 -0.3289186060 -0.9334415793 0.1431761235
304.3 -364.9 2586.9 -0.6441926360 0.0925041884 0.7592488527 -0.6939991117 0.3465975225 -0.6310589910 -0.3215293586 -0.9334415793 -0.1590777338
28.0 -513.4 2721.4 0.9843602180 0.0553462505 -0.1672474444 -0.1622855365 -0.0844995156 -0.9831191301 -0.0685442835 0.9948852062 -0.0741960630
7.1 -481.4 2345.0 0.9843602180 0.1642385274 0.0637229979 -0.1622855365 0.9861322641 -0.0347359776 -0.0685442835 0.0238513947 0.9973629117
206.9 -517.4 2712.4 0.9897719026 -0.1333313882 0.0507372059 0.0372079611 -0.1020726562 -0.9940808415 0.1377210617 0.9858011603 -0.0960676596
256.6 -479.3 2344.8 0.9897719026 -0.0374152660 -0.1376648843 0.0372079611 0.9992992282 -0.0040798467 0.1377210617 -0.0010841121 0.9904704690
-137.6 -521.5 2455.1 0 0 0 0 0 0 0 0 0
132.6 -549.8 2501.2 0 0 0 0 0 0 0 0 0
-54.2 -849.5 2336.1 0 0 0 0 0 0 0 0 0
270.6 -852.3 2345.2 0 0 0 0 0 0 0 0 0
127.8 73.5 2656.6 8 0.9989043474 0.0010439750 0.0467865132 -0.0060576056 0.9942247868 0.1071467474 -0.0464044549 -0.1073127687 0.9931417704
127.6 -123.3 2677.9 0.9989043474 0.0010439750 0.0467865132 -0.0060576056 0.9942247868 0.1071467474 -0.0464044549 -0.1073127687 0.9931417704
127.3 -316.5 2696.2 0.9989041686 0.0017685000 0.0467685796 -0.0061850520 0.9955095053 0.0944590494 -0.0463915169 -0.0946448073 0.9944295883
-8.8 -122.5 2684.2 0.3591474593 -0.9222764969 -0.1428956836 0.9318676591 0.3627979159 0.0005453191 0.0513393208 -0.1333557218 0.9897376299
-105.5 -373.3 2670.4 0.0999206007 -0.9222764969 -0.3733924627 0.5570554137 0.3627979159 -0.7470387816 0.8244423270 -0.1333557218 0.5500100851
264.1 -124.2 2671.5 0.1725269407 0.0954801440 0.9803662300 -0.9280484319 0.3492954969 0.1293012351 -0.3300918341 -0.9321352839 0.1488730758
308.2 -361.6 2587.1 -0.6380711198 0.0954801440 0.7640345693 -0.6972599030 0.3492954969 -0.6259562373 -0.3266402185 -0.9321352839 -0.1563008875
33.3 -510.6 2720.4 0.9834782481 0.0694940686 -0.1671559215 -0.1618034542 -0.0766265094 -0.9838435054 -0.0811798647 0.9946351051 -0.0641161278
7.1 -481.7 2345.3 0.9834782481 0.1640901566 0.0764522403 -0.1618034542 0.9861934185 -0.0352438018 -0.0811798647 0.0222912747 0.9964501858
212.2 -512.8 2711.1 0.9913187027 -0.1227831766 0.0470268205 0.0361103117 -0.0896683037 -0.9953168631 0.1264249831 0.9883743525 -0.0844561234
257.6 -479.7 2345.5 0.9913187027 -0.0361181721 -0.1264227331 0.0361103117 0.9993450642 -0.0023546931 0.1264249831 -0.0022309131 0.9919736385
-131.9 -520.6 2452.4 0 0 0 0 0 0 0 0 0
138.2 -547.4 2500.0 0 0 0 0 0 0 0 0 0
-54.1 -849.8 2337.0 0 0 0 0 0 0 0 0 0
271.1 -852.7 2346.3 0 0 0 0 0 0 0 0 0
127.4 75.6 2656.3 9 0.9982632995 0.0066423449 0.0585340299 -0.0129225347 0.9941129088 0.1075759158 -0.0574748777 -0.1081454977 0.9924722910
126.1 -121.7 2677.7 0.9982632995 0.0066423449 0.0585340299 -0.0129225347 0.9941129088 0.1075759158 -0.0574748777 -0.1081454977 0.9924722910
125.0 -314.8 2696.7 0.9982749820 0.0052913665 0.0584722944 -0.0109733269 0.9951961040 0.0972845480 -0.0576766320 -0.0977583677 0.9935374856
-10.3 -120.2 2685.6 0.3640043736 -0.9220440984 -0.1316644996 0.9303398728 0.3666739166 0.0042401236 0.0443683565 -0.1240361556 0.9912852645
-108.3 -370.6 2673.7 0.1118292138 -0.9220440984 -0.3705792129 0.5591060519 0.3666739166 -0.7436065078 0.8215197325 -0.1240361556 0.5565252900
262.4 -123.2 2669.8 0.1644883603 0.0865204111 0.9825771451 -0.9298471212 0.3459921777 0.1251948923 -0.3291320801 -0.9342396259 0.1373624504
304.5 -361.0 2585.6 -0.6449444294 0.0865204111 0.7593160868 -0.6952812076 0.3459921777 -0.6299789548 -0.3172234595 -0.9342396259 -0.1629897207
37.5 -509.2 2718.7 0.9824418426 0.0854520947 -0.1658490598 -0.1599340290 -0.0719969943 -0.9844986200 -0.0960680991 0.9937375784 -0.0570661649
5.4 -482.2 2346.0 0.9824418426 0.1633613855 0.0901167691 -0.1599340290 0.9861432910 -0.0440743901 -0.0960680991 0.0288877878 0.9949554801
216.4 -510.3 2710.4 0.9927576780 -0.1140033752 0.0378870256 0.0289151426 -0.0793480352 -0.9964275360 0.1166023612 0.9903065562 -0.0754769444
258.6 -481.0 2343.8 0.9927576780 -0.0283847563 -0.1167326048 0.0289151426 0.9995778203 0.0028523153 0.1166023612 -0.0062069977 0.9931592941
-137.8 -518.4 2456.5 0 0 0 0 0 0 0 0 0
132.7 -546.3 2501.1 0 0 0 0 0 0 0 0 0
-55.6 -850.3 2335.2 0 0 0 0 0 0 0 0 0
269.2 -854.1 2346.1 0 0 0 0 0 0 0 0 0
126.6 78.7 2657.6 0 0.9988341331 0.0050860210 0.0480051935 -0.0102517698 0.9940997362 0.1079842523 -0.0471727401 -0.1083504930 0.9929928780
125.6 -118.7 2679.1 0.9988341331 0.0050860210 0.0480051935 -0.0102517698 0.9940997362 0.1079842523 -0.0471727401 -0.1083504930 0.9929928780
124.9 -311.7 2698.8 0.9988415837 0.0037321653 0.0479742289 -0.0085682506 0.9948495626 0.1009996980 -0.0473501906 -0.1012937501 0.9937291145
-10.8 -117.5 2685.6 0.3611268103 -0.9216588736 -0.1418886185 0.9314421415 0.3638131022 0.0074506490 0.0447539836 -0.1348516792 0.9898545742
-108.0 -368.2 2673.6 0.1019105688 -0.9216588736 -0.3743783832 0.5623393655 0.3638131022 -0.7425729036 0.8206026554 -0.1348516792 0.5553614497
262.1 -119.8 2672.7 0.1702708751 0.0952555910 0.9807824492 -0.9305879474 0.3428646624 0.1282570362 -0.3240584433 -0.9345427752 0.1470235735
305.6 -357.9 2589.7 -0.6398440003 0.0952555910 0.7625785470 -0.6980993748 0.3428646624 -0.6285706162 -0.3213361204 -0.9345427752 -0.1528820395
34.6 -507.0 2720.9 0.9831104875 0.0781794190 -0.1654744446 -0.1604634225 -0.0665770397 -0.9847939014 -0.0880074129 0.9947137833 -0.0529076494
5.0 -481.9 2344.8 0.9831104875 0.1630857736 0.0830472559 -0.1604634225 0.9863339663 -0.0373734944 -0.0880074129 0.0234162249 0.9958445430
213.4 -509.0 2710.5 0.9917536378 -0.1236773357 0.0335954428 0.0246978775 -0.0727849603 -0.9970418215 0.1257567108 0.9896495938 -0.0691301823
259.4 -481.9 2342.8 0.9917536378 -0.0235725865 -0.1259724945 0.0246978775 0.9996677041 0.0073782452 0.1257567108 -0.0104286550 0.9920063019
-135.0 -516.9 2456.6 0 0 0 0 0 0 0 0 0
135.1 -543.9 2504.1 0 0 0 0 0 0 0 0 0
-55.9 -850.1 2336.1 0 0 0 0 0 0 0 0 0
268.2 -855.1 2346.7 0 0 0 0 0 0 0 0 0
125.5 76.2 2658.3 1 0.9991493821 -0.0068425899 0.0406651236 0.0024445422 0.9942308664 0.1072331965 -0.0411642753 -0.1070425808 0.9934019446
126.9 -120.7 2679.5 0.9991493821 -0.0068425899 0.0406651236 0.0024445422 0.9942308664 0.1072331965 -0.0411642753 -0.1070425808 0.9934019446
128.4 -313.8 2698.9 0.9991382957 -0.0080558555 0.0407157242 0.0039274087 0.9949316382 0.1004771590 -0.0413187928 -0.1002306715 0.9941059351
-9.6 -121.3 2685.2 0.3492136598 -0.9252911210 -0.1479396522 0.9358175993 0.3524549901 0.0045747543 0.0479090922 -0.1400420964 0.9889858365
-103.6 -373.2 2672.3 0.0899417102 -0.9252911210 -0.3684383333 0.5626463890 0.3524549901 -0.7477998137 0.8217904568 -0.1400420964 0.5523120761
263.4 -120.2 2673.8 0.1838074625 0.0966114253 0.9782029986 -0.9280315042 0.3450703919 0.1402994841 -0.3239943385 -0.9335912466 0.1530849636
310.4 -357.6 2591.0 -0.6291436553 0.0966114253 0.7712616324 -0.7056553364 0.3450703919 -0.6188513637 -0.3259276450 -0.9335912466 -0.1489244699
34.7 -504.1 2722.7 0.9838690162 0.0830507204 -0.1584433466 -0.1544367224 -0.0526706800 -0.9865977168 -0.0902829766 0.9951524138 -0.0389949717
2.9 -483.9 2341.7 0.9838690162 0.1556932628 0.0880983621 -0.1544367224 0.9877806306 -0.0209458098 -0.0902829766 0.0070023127 0.9958915114
213.6 -505.6 2714.2 0.9915331006 -0.1273386031 0.0254352316 0.0182902701 -0.0569682159 -0.9982084632 0.1285594702 0.9902219176 -0.0541568175
261.6 -484.2 2341.2 0.9915331006 -0.0164760854 -0.1288045496 0.0182902701 0.9997493029 0.0129145589 0.1285594702 -0.0151610831 0.9915859103
-127.4 -521.9 2455.0 0 0 0 0 0 0 0 0 0
142.7 -545.6 2504.1 0 0 0 0 0 0 0 0 0
-55.2 -852.6 2339.1 0 0 0 0 0 0 0 0 0
267.8 -857.4 2346.9 0 0 0 0 0 0 0 0 0
126.3 70.9 2659.6 2 0.9993801117 -0.0059490041 0.0346988030 0.0023994364 0.9948372841 0.1014542878 -0.0351232179 -0.1013081372 0.9942349195
127.4 -125.7 2679.7 0.9993801117 -0.0059490041 0.0346988030 0.0023994364 0.9948372841 0.1014542878 -0.0351232179 -0.1013081372 0.9942349195
128.7 -318.9 2698.0 0.9993760586 -0.0063785180 0.0347390175 0.0030526854 0.9954762459 0.0949618742 -0.0351875797 -0.0947965756 0.9948745966
-9.1 -126.1 2684.5 0.3499143720 -0.9240394235 -0.1539839357 0.9351541400 0.3542403877 -0.0007027837 0.0551967248 -0.1437527984 0.9880731106
-103.3 -377.8 2669.6 0.0855126977 -0.9240394235 -0.3726106286 0.5580174327 0.3542403877 -0.7504200935 0.8254114985 -0.1437527984 0.5459221601
264.0 -125.2 2674.8 0.1847942770 0.1026915759 0.9773973227 -0.9264372587 0.3500942886 0.1383762509 -0.3279711306 -0.9310684204 0.1598327160
311.2 -362.2 2590.9 -0.6278915405 0.1026915759 0.7714963555 -0.7031573057 0.3500942886 -0.6188730001 -0.3336495161 -0.9310684204 -0.1476129144
40.5 -507.3 2722.1 0.9832153916 0.1004891396 -0.1522807181 -0.1467595994 -0.0602627955 -0.9873347878 -0.1083932891 0.9931114316 -0.0445035622
2.0 -484.2 2342.0 0.9832153916 0.1484981477 0.1059989780 -0.1467595994 0.9888795018 -0.0240613669 -0.1083932891 0.0081011383 0.9940750599
219.5 -506.6 2714.7 0.9931669831 -0.1152095348 0.0186054558 0.0126720965 -0.0520205349 -0.9985656142 0.1160121486 0.9919781089 -0.0502051301
262.9 -487.0 2340.5 0.9931669831 -0.0100373700 -0.1162697375 0.0126720965 0.9996789098 0.0219434593 0.1160121486 -0.0232668985 0.9929752350
-125.9 -525.3 2451.4 0 0 0 0 0 0 0 0 0
143.9 -549.6 2502.0 0 0 0 0 0 0 0 0 0
-53.4 -853.4 2339.0 0 0 0 0 0 0 0 0 0
266.7 -860.1 2349.1 0 0 0 0 0 0 0 0 0
125.2 69.1 2658.3 3 0.9989979267 -0.0115998397 0.0432274453 0.0071514435 0.9947919846 0.1016749814 -0.0441817306 -0.1012639552 0.9938780665
127.5 -127.6 2678.3 0.9989979267 -0.0115998397 0.0432274453 0.0071514435 0.9947919846 0.1016749814 -0.0441817306 -0.1012639552 0.9938780665
129.6 -320.8 2696.1 0.9990024567 -0.0107782250 0.0433355309 0.0067494297 0.9957305193 0.0920609608 -0.0441427603 -0.0916766301 0.9948099256
-9.0 -128.5 2684.4 0.3470603824 -0.9265503287 -0.1450987011 0.9362328649 0.3513543010 -0.0042598639 0.0549280308 -0.1343677342 0.9894080162
-102.4 -380.5 2669.6 0.0909340009 -0.9265503287 -0.3650144637 0.5558090210 0.3513543010 -0.7534099221 0.8263216019 -0.1343677342 0.5469350219
264.0 -126.6 2672.3 0.1851419657 0.0930753425 0.9782941341 -0.9247661233 0.3532899320 0.1413996369 -0.3324606717 -0.9308722615 0.1514817178
311.4 -363.2 2587.2 -0.6283528209 0.0930753425 0.7723404169 -0.7043905854 0.3532899320 -0.6156461239 -0.3301615715 -0.9308722615 -0.1564293355
40.4 -512.4 2719.6 0.9844586253 0.1125069037 -0.1348459572 -0.1278864145 -0.0669699237 -0.9895251989 -0.1203590408 0.9913915396 -0.0515410155
-2.6 -486.8 2340.5 0.9844586253 0.1298270077 0.1182631999 -0.1278864145 0.9915011525 -0.0238851812 -0.1203590408 0.0083897160 0.9926949739
219.4 -511.8 2713.3 0.9934145808 -0.1112440154 0.0274276417 0.0200555604 -0.0668553784 -0.9975610971 0.1128063872 0.9915418029 -0.0641840473
261.5 -486.6 2338.8 0.9934145808 -0.0180735197 -0.1131408662 0.0200555604 0.9996642470 0.0164046343 0.1128063872 -0.0185657050 0.9934435487
-126.4 -527.4 2451.1 0 0 0 0 0 0 0 0 0
143.9 -550.9 2499.2 0 0 0 0 0 0 0 0 0
-51.1 -856.8 2337.3 0 0 0 0 0 0 0 0 0
268.2 -859.8 2345.7 0 0 0 0 0 0 0 0 0
126.2 68.7 2657.1 4 0.9985409975 0.0065955948 0.0535948724 -0.0122826332 0.9942383170 0.1064863056 -0.0525837354 -0.1069892272 0.9928687215
124.9 -127.7 2678.3 0.9985409975 0.0065955948 0.0535948724 -0.0122826332 0.9942383170 0.1064863056 -0.0525837354 -0.1069892272 0.9928687215
123.8 -320.9 2697.3 0.9985486865 0.0058222050 0.0535405688 -0.0110455249 0.9951460958 0.0977865979 -0.0527113564 -0.0982360691 0.9937661886
-11.5 -126.2 2685.5 0.3638218045 -0.9213998318 -0.1365869343 0.9303466082 0.3666504920 0.0047492143 0.0457037389 -0.1288010478 0.9906166792
-109.4 -376.6 2673.2 0.1077723429 -0.9213998318 -0.3733730316 0.5595183969 0.3666504920 -0.7433078289 0.8217811584 -0.1288010478 0.5550549626
261.3 -129.2 2671.1 0.1660789996 0.0911759585 0.9818883538 -0.9300212264 0.3455139399 0.1252224147 -0.3278388381 -0.9339737892 0.1421781778
303.8 -367.1 2587.2 -0.6433923244 0.0911759585 0.7600876689 -0.6954144835 0.3455139399 -0.6300942898 -0.3200703561 -0.9339737892 -0.1588959396
42.2 -514.7 2717.8 0.9842582941 0.1212845594 -0.1285520643 -0.1205552593 -0.0711452216 -0.9901539087 -0.1292362511 0.9900648594 -0.0554037876
-4.0 -487.6 2340.7 0.9842582941 0.1230486557 0.1268645227 -0.1205552593 0.9923345447 -0.0271778870 -0.1292362511 0.0114558758 0.9915476441
221.2 -513.5 2709.9 0.9939317107 -0.1070984080 0.0250932258 0.0163629595 -0.0816300362 -0.9965283871 0.1087749675 0.9908917546 -0.0793822333
261.3 -482.9 2338.6 0.9939317107 -0.0139749134 -0.1091074720 0.0163629595 0.9996451139 0.0210224856 0.1087749675 -0.0226802360 0.9938076138
-137.9 -524.5 2455.9 0 0 0 0 0 0 0 0 0
132.4 -552.4 2501.9 0 0 0 0 0 0 0 0 0
-49.9 -858.0 2336.4 0 0 0 0 0 0 0 0 0
266.5 -856.1 2347.1 0 0 0 0 0 0 0 0 0
127.8 70.5 2657.1 5 0.9981397986 0.0194582790 0.0577779450 -0.0259844549 0.9930899143 0.1144433320 -0.0551518202 -0.1157317683 0.9917481542
124.0 -125.8 2679.9 0.9981397986 0.0194582790 0.0577779450 -0.0259844549 0.9930899143 0.1144433320 -0.0551518202 -0.1157317683 0.9917481542
120.2 -318.7 2701.0 0.9981475472 0.0194672830 0.0576408096 -0.0255886968 0.9938818812 0.1074432358 -0.0551965274 -0.1087191552 0.9925389290
-12.4 -122.3 2687.5 0.3769209683 -0.9165338278 -0.1337771118 0.9255853891 0.3781546056 0.0170512144 0.0349604152 -0.1302490979 0.9908647537
-113.8 -371.4 2678.1 0.1178501546 -0.9165338278 -0.3822003007 0.5665407777 0.3781546056 -0.7321411371 0.8155629635 -0.1302490979 0.5638193488
260.4 -129.3 2672.4 0.1521531790 0.0934249833 0.9839314818 -0.9356440306 0.3343886435 0.1129356697 -0.3184645176 -0.9377931356 0.1382908225
299.3 -368.6 2590.9 -0.6539337039 0.0934249833 0.7507612705 -0.6896491647 0.3343886435 -0.6423147917 -0.3110542893 -0.9377931356 -0.1542375386
33.2 -513.0 2721.1 0.9872115850 0.0996359289 -0.1244425327 -0.1183270290 -0.0651215240 -0.9908369780 -0.1068268493 0.9928906560 -0.0524990968
-4.8 -488.2 2342.0 0.9872115850 0.1201591045 0.1047618762 -0.1183270290 0.9926952720 -0.0235539954 -0.1068268493 0.0108566163 0.9942183495
212.1 -515.0 2711.7 0.9914906621 -0.1210873649 0.0477923416 0.0364185981 -0.0944614783 -0.9948621392 0.1249797717 0.9881370664 -0.0892478377
257.5 -479.6 2341.2 0.9914906621 -0.0345969051 -0.1254962683 0.0364185981 0.9992615581 0.0122501124 0.1249797717 -0.0167162698 0.9920184612
-145.0 -521.2 2462.5 0 0 0 0 0 0 0 0 0
125.0 -552.4 2508.0 0 0 0 0 0 0 0 0 0
-49.7 -858.7 2338.0 0 0 0 0 0 0 0 0 0
270.4 -852.5 2347.4 0 0 0 0 0 0 0 0 0
129.0 69.0 2657.5 6 0.9981722236 0.0252836552 0.0548905917 -0.0313268825 0.9931930304 0.1121881381 -0.0516804270 -0.1137026325 0.9921697378
124.0 -126.9 2679.9 0.9981722236 0.0252836552 0.0548905917 -0.0313268825 0.9931930304 0.1121881381 -0.0516804270 -0.1137026325 0.9921697378
119.3 -319.8 2700.7 0.9982061982 0.0242923163 0.0547201261 -0.0299649574 0.9939830899 0.1053552851 -0.0518315546 -0.1068059802 0.9929279685
-12.4 -122.9 2687.0 0.3809419870 -0.9143787026 -0.1370939910 0.9238190651 0.3825021088 0.0158262122 0.0379675850 -0.1326789111 0.9904316068
-114.9 -371.5 2676.8 0.1175918058 -0.9143787026 -0.3874064088 0.5645032525 0.3825021088 -0.7314562201 0.8170117736 -0.1326789111 0.5611488819
260.4 -131.0 2672.8 0.1490501612 0.0981351659 0.9839479327 -0.9357291460 0.3356927931 0.1082651913 -0.3196796179 -0.9368456602 0.1418630034
298.5 -370.4 2591.1 -0.6559471488 0.0981351659 0.7484001517 -0.6861342192 0.3356927931 -0.6453914642 -0.3145681322 -0.9368456602 -0.1528628469
27.0 -509.3 2727.1 0.9890074730 0.0818457529 -0.1231482551 -0.1189982519 -0.0538014844 -0.9914357066 -0.0877703652 0.9951917529 -0.0434705690
-4.5 -488.5 2343.2 0.9890074730 0.1205264926 0.0856597051 -0.1189982519 0.9926338792 -0.0227471776 -0.0877703652 0.0123037733 0.9960647225
205.9 -513.9 2717.2 0.9898838401 -0.1293142289 0.0583760254 0.0463859700 -0.0938677564 -0.9945034981 0.1340830773 0.9871507883 -0.0869198143
254.8 -478.4 2343.9 0.9898838401 -0.0457147881 -0.1343133897 0.0463859700 0.9989218116 0.0018704287 0.1340830773 -0.0080817640 0.9909371138
-146.0 -520.7 2460.8 0 0 0 0 0 0 0 0 0
123.7 -553.2 2507.2 0 0 0 0 0 0 0 0 0
-49.5 -859.1 2338.6 0 0 0 0 0 0 0 0 0
271.8 -851.2 2346.9 0 0 0 0 0 0 0 0 0
128.3 68.6 2665.7 7 0.9985858798 0.0265955422 0.0460322313 -0.0300958287 0.9965692163 0.0770974979 -0.0438238569 -0.0783738494 0.9959603548
123.0 -128.6 2681.2 0.9985858798 0.0265955422 0.0460322313 -0.0300958287 0.9965692163 0.0770974979 -0.0438238569 -0.0783738494 0.9959603548
118.0 -322.0 2696.4 0.9986079335 0.0257682931 0.0460237563 -0.0292553715 0.9966191649 0.0767749399 -0.0438897982 -0.0780145079 0.9959856272
-13.4 -124.6 2687.3 0.3810903132 -0.9129676223 -0.1458091140 0.9220472574 0.3868756890 -0.0124937575 0.0678163990 -0.1296816468 0.9892338514
-116.0 -372.7 2669.0 0.1106908098 -0.9129676223 -0.3927310407 0.5407320857 0.3868756890 -0.7469511628 0.8338803053 -0.1296816468 0.5364944339
259.4 -132.5 2675.2 0.1513575763 0.1065689549 0.9827176332 -0.9262877703 0.3623610139 0.1033707261 -0.3450824320 -0.9259252548 0.1535596102
298.2 -369.5 2587.0 -0.6535189152 0.1065689549 0.7493704557 -0.6763051748 0.3623610139 -0.6413312554 -0.3398886323 -0.9259252548 -0.1647366434
25.1 -510.1 2726.0 0.9880211353 0.0683238879 -0.1383693963 -0.1341757625 -0.0625840351 -0.9889793396 -0.0762306303 0.9956982732 -0.0526669435
-1.1 -486.1 2344.0 0.9880211353 0.1356288642 0.0736142322 -0.1341757625 0.9906580448 -0.0243613273 -0.0762306303 0.0141922599 0.9969891906
204.0 -515.5 2716.8 0.9888787270 -0.1329131722 0.0667304918 0.0537754036 -0.0987841934 -0.9936547875 0.1386617273 0.9861925840 -0.0905381292
254.2 -478.1 2343.8 0.9888787270 -0.0517619736 -0.1394258440 0.0537754036 0.9984956384 0.0107099814 0.1386617273 -0.0180885531 0.9901745915
-145.2 -515.7 2448.5 0 0 0 0 0 0 0 0 0
124.0 -549.7 2496.4 0 0 0 0 0 0 0 0 0
-51.7 -855.9 2338.7 0 0 0 0 0 0 0 0 0
273.6 -850.8 2350.5 0 0 0 0 0 0 0 0 0
128.7 66.4 2661.4 8 0.9995104074 0.0174242165 0.0259873979 -0.0196358170 0.9959771037 0.0874301717 -0.0243594516 -0.0878976509 0.9958316088
125.2 -131.5 2678.8 0.9995104074 0.0174242165 0.0259873979 -0.0196358170 0.9959771037 0.0874301717 -0.0243594516 -0.0878976509 0.9958316088
122.0 -324.9 2695.2 0.9995217323 0.0168535952 0.0259285364 -0.0189782828 0.9962842464 0.0840091482 -0.0244163368 -0.0844610482 0.9961276054
-11.3 -128.9 2682.2 0.3700460196 -0.9142805338 -0.1647939682 0.9264687896 0.3763001561 -0.0073292279 0.0687129647 -0.1499643177 0.9863007665
-110.9 -378.3 2663.7 0.0888679028 -0.9142805338 -0.3952133656 0.5475151539 0.3763001561 -0.7474124432 0.8320634961 -0.1499643177 0.5340234637
261.8 -134.1 2675.5 0.1676849574 0.1206801608 0.9784263372 -0.9269518256 0.3571826220 0.1148078516 -0.3356218636 -0.9262056351 0.1717588454
304.7 -371.2 2589.6 -0.6397106051 0.1206801608 0.7590827346 -0.6854751706 0.3571826220 -0.6344638467 -0.3476983905 -0.9262056351 -0.1457702667
23.6 -512.7 2715.4 0.9872795939 0.0630612671 -0.1459530592 -0.1414213777 -0.0711940080 -0.9873861670 -0.0726568028 0.9954670668 -0.0613701753
0.0 -486.2 2344.0 0.9872795939 0.1432812214 0.0689166784 -0.1414213777 0.9894585609 -0.0311737433 -0.0726568028 0.0210309085 0.9971352220
202.5 -518.0 2707.6 0.9877142906 -0.1393083483 0.0708071887 0.0557626151 -0.1090838239 -0.9924672246 0.1459828913 0.9842224717 -0.0999754518
253.8 -477.8 2344.8 0.9877142906 -0.0548744164 -0.1463190764 0.0557626151 0.9984421134 0.0019724283 0.1459828913 -0.0101073300 0.9892354608
-134.4 -523.0 2443.7 0 0 0 0 0 0 0 0 0
134.2 -553.9 2497.0 0 0 0 0 0 0 0 0 0
-53.4 -855.5 2336.2 0 0 0 0 0 0 0 0 0
274.3 -850.5 2348.6 0 0 0 0 0 0 0 0 0
129.9 66.4 2659.2 9 0.9994750023 0.0145249153 0.0289603695 -0.0172724426 0.9951345921 0.0969990790 -0.0274105612 -0.0974483714 0.9948630333
127.1 -130.8 2678.5 0.9994750023 0.0145249153 0.0289603695 -0.0172724426 0.9951345921 0.0969990790 -0.0274105612 -0.0974483714 0.9948630333
124.4 -324.0 2696.7 0.9994872212 0.0137595339 0.0289132316 -0.0164142158 0.9954668880 0.0936816409 -0.0274931490 -0.0941081941 0.9951822758
-9.5 -128.6 2682.3 0.3676419258 -0.9158226252 -0.1615807116 0.9281206727 0.3722754717 0.0017191282 0.0585781150 -0.1505984217 0.9868580103
-108.4 -378.4 2666.5 0.0900089592 -0.9158226252 -0.3913659453 0.5557586551 0.3722754717 -0.7433325648 0.8264567256 -0.1505984217 0.5424845219
263.6 -133.1 2674.7 0.1692219228 0.1166712418 0.9786479473 -0.9296715260 0.3485725522 0.1191975325 -0.3272228539 -0.9299919605 0.1674520373
306.9 -370.9 2591.0 -0.6388888955 0.1166712418 0.7604004145 -0.6905840039 0.3485725522 -0.6337119937 -0.3389906585 -0.9299919605 -0.1421278417
29.2 -516.5 2713.8 0.9851635098 0.0734015182 -0.1551291794 -0.1489923745 -0.0827938095 -0.9853661656 -0.0851711035 0.9938598275 -0.0706291720
1.8 -485.6 2343.2 0.9851635098 0.1505990773 0.0822968185 -0.1489923745 0.9885129929 -0.0253628977 -0.0851711035 0.0127250031 0.9962850809
208.2 -519.9 2709.4 0.9900579453 -0.1262235492 0.0620711632 0.0479218587 -0.1121981815 -0.9925296307 0.1322448850 0.9856364131 -0.1050338373
255.0 -478.4 2344.5 0.9900579453 -0.0468282662 -0.1326360703 0.0479218587 0.9988382459 0.0050631226 0.1322448850 -0.0113689518 0.9911518693
-132.2 -525.3 2448.0 0 0 0 0 0 0 0 0 0
136.7 -554.9 2500.7 0 0 0 0 0 0 0 0 0
-54.4 -854.6 2338.5 0 0 0 0 0 0 0 0 0
272.4 -851.2 2348.8 0 0 0 0 0 0 0 0 0
130.9 70.1 2667.6 0 0.9989574552 0.0242175274 0.0386983939 -0.0270978548 0.9967602491 0.0757275447 -0.0367390886 -0.0766972378 0.9963773489
126.1 -127.0 2682.7 0.9989574552 0.0242175274 0.0386983939 -0.0270978548 0.9967602491 0.0757275447 -0.0367390886 -0.0766972378 0.9963773489
121.6 -320.5 2696.8 0.9989835620 0.0232859943 0.0385957174 -0.0260014907 0.9971075058 0.0714178234 -0.0368210450 -0.0723487809 0.9966995120
-10.4 -123.4 2687.8 0.3777718842 -0.9131851196 -0.1529097706 0.9228040576 0.3848304749 -0.0183903128 0.0756381005 -0.1341584176 0.9880689979
-112.0 -371.8 2667.4 0.1030138731 -0.9131851196 -0.3943109512 0.5364550352 0.3848304749 -0.7510802150 0.8376181126 -0.1341584176 0.5295256376
262.6 -130.5 2677.7 0.1566747576 0.1121447608 0.9812627435 -0.9239093661 0.3677830696 0.1054848358 -0.3490622640 -0.9231246710 0.1612339169
302.7 -366.8 2588.4 -0.6489782333 0.1121447608 0.7524963617 -0.6763874292 0.3677830696 -0.6381501555 -0.3483206332 -0.9231246710 -0.1628299206
32.2 -515.8 2717.5 0.9842902422 0.0756764114 -0.1595172435 -0.1529265195 -0.0861186311 -0.9844780564 -0.0882391781 0.9934065938 -0.0731927976
3.6 -483.2 2342.2 0.9842902422 0.1546869129 0.0851154029 -0.1529265195 0.9878722429 -0.0268673673 -0.0882391781 0.0134288864 0.9960088134
211.3 -518.7 2712.5 0.9913381934 -0.1219232231 0.0488195084 0.0362620093 -0.1031698436 -0.9940025210 0.1262286901 0.9871629477 -0.0978550240
256.7 -480.3 2345.0 0.9913381934 -0.0359605439 -0.1263149083 0.0362620093 0.9993423223 0.0000872602 0.1262286901 -0.0046669366 0.9919902086
-139.3 -513.6 2446.0 0 0 0 0 0 0 0 0 0
129.8 -547.1 2495.6 0 0 0 0 0 0 0 0 0
-54.2 -852.0 2337.2 0 0 0 0 0 0 0 0 0
270.1 -853.3 2346.7 0 0 0 0 0 0 0 0 0
130.5 70.9 2661.8 1 0.9972651005 0.0256063771 0.0693294853 -0.0322356634 0.9948344827 0.0962562487 -0.0665065870 -0.0982278809 0.9929391742
125.4 -126.6 2681.3 0.9972651005 0.0256063771 0.0693294853 -0.0322356634 0.9948344827 0.0962562487 -0.0665065870 -0.0982278809 0.9929391742
120.1 -319.8 2698.6 0.9972362518 0.0273126327 0.0690931380 -0.0333214961 0.9956187606 0.0873666331 -0.0664042160 -0.0894274637 0.9937772155
-10.9 -122.1 2690.4 0.3856314421 -0.9143983722 -0.1231420934 0.9213487506 0.3887348473 -0.0012788706 0.0490390211 -0.1129636392 0.9923882484
-114.6 -370.0 2677.2 0.1315823942 -0.9143983722 -0.3828337193 0.5493093133 0.3887348473 -0.7396921515 0.8251941204 -0.1129636392 0.5534381866
261.6 -131.1 2672.2 0.1403054595 0.0865354612 0.9863194227 -0.9305012226 0.3519487381 0.1014867574 -0.3383516669 -0.9320105910 0.1299016923
297.5 -369.2 2585.6 -0.6633985639 0.0865354612 0.7432455420 -0.6775822043 0.3519487381 -0.6457665563 -0.3174660504 -0.9320105910 -0.1748474091
27.6 -511.6 2714.1 0.9845355749 0.0598451644 -0.1646457016 -0.1597465128 -0.0790840164 -0.9839851260 -0.0719075948 0.9950699806 -0.0683009699
5.3 -482.2 2344.0 0.9845355749 0.1614630222 0.0679657459 -0.1597465128 0.9867017865 -0.0300110672 -0.0719075948 0.0186896753 0.9972361922
206.5 -516.3 2707.5 0.9891703725 -0.1392741203 0.0463112928 0.0328038968 -0.0977623314 -0.9946690202 0.1430591494 0.9854162931 -0.0921348706
257.7 -480.3 2345.3 0.9891703725 -0.0331000499 -0.1429909319 0.0328038968 0.9994519949 -0.0044287299 0.1430591494 -0.0003098913 0.9897140861
-149.4 -515.2 2459.0 0 0 0 0 0 0 0 0 0
120.7 -549.7 2501.0 0 0 0 0 0 0 0 0 0
-55.0 -850.5 2337.0 0 0 0 0 0 0 0 0 0
270.1 -853.4 2345.4 0 0 0 0 0 0 0 0 0
131.4 67.7 2658.9 2 0.9992654920 0.0194697212 0.0330064297 -0.0228388105 0.9942120910 0.1049796343 -0.0307714660 -0.1056563482 0.9939264655
127.5 -130.2 2679.9 0.9992654920 0.0194697212 0.0330064297 -0.0228388105 0.9942120910 0.1049796343 -0.0307714660 -0.1056563482 0.9939264655
123.9 -323.3 2698.6 0.9992904663 0.0184517708 0.0328336395 -0.0215269160 0.9951567054 0.0959150344 -0.0309048146 -0.0965537876 0.9948478341
-9.0 -127.3 2684.1 0.3725171089 -0.9144505858 -0.1581492126 0.9263898134 0.3765340447 0.0048959889 0.0550714247 -0.1483316571 0.9874030948
-109.2 -376.6 2669.3 0.0956730768 -0.9144505858 -0.3932262063 0.5572726727 0.3765340447 -0.7400467992 0.8247992396 -0.1483316571 0.5456224680
264.0 -133.1 2675.7 0.1633979082 0.1152036265 0.9798108339 -0.9312943816 0.3457530439 0.1146543324 -0.3255639672 -0.9312266111 0.1637838185
305.8 -371.3 2592.4 -0.6435332298 0.1152036265 0.7566987872 -0.6881579757 0.3457530439 -0.6378819942 -0.3351172209 -0.9312266111 -0.1432252824
25.5 -510.0 2721.9 0.9851733446 0.0549240522 -0.1625327021 -0.1584917903 -0.0713210404 -0.9847810268 -0.0656801686 0.9959400892 -0.0615585782
4.5 -482.8 2341.8 0.9851733446 0.1593763828 0.0635035560 -0.1584917903 0.9871819615 -0.0187643934 -0.0656801686 0.0084213875 0.9978051782
204.1 -516.0 2710.0 0.9884859920 -0.1438282430 0.0469992608 0.0334499702 -0.0952141732 -0.9948946238 0.1475689411 0.9850115180 -0.0893068239
257.3 -480.8 2345.5 0.9884859920 -0.0331974626 -0.1476259530 0.0334499702 0.9994400740 -0.0007725524 0.1475689411 -0.0041744262 0.9890429378
-134.5 -523.9 2451.3 0 0 0 0 0 0 0 0 0
134.4 -554.7 2503.1 0 0 0 0 0 0 0 0 0
-55.0 -851.3 2338.6 0 0 0 0 0 0 0 0 0
269.7 -853.9 2347.1 0 0 0 0 0 0 0 0 0
131.3 64.8 2657.9 3 0.9987652898 0.0114049911 0.0483511947 -0.0165895075 0.9939884543 0.1082205996 -0.0468262732 -0.1088890955 0.9929503798
129.1 -132.2 2679.5 0.9987652898 0.0114049911 0.0483511947 -0.0165895075 0.9939884543 0.1082205996 -0.0468262732 -0.1088890955 0.9929503798
127.1 -325.3 2698.9 0.9987847805 0.0100020822 0.0482592173 -0.0147793861 0.9949102402 0.0996752977 -0.0470166281 -0.1002674103 0.9938490391
-7.4 -130.2 2685.9 0.3669413030 -0.9193136096 -0.1421848089 0.9291141033 0.3697206676 0.0073220376 0.0458374135 -0.1347926706 0.9898130298
-106.1 -380.3 2673.6 0.1051461250 -0.9193136096 -0.3792185783 0.5608456135 0.3697206676 -0.7407825589 0.8212164640 -0.1347926706 0.5544677377
265.5 -134.2 2673.1 0.1645487845 0.0977287591 0.9815155268 -0.9313031435 0.3432216048 0.1219564751 -0.3249586821 -0.9341562986 0.1474917978
307.6 -372.5 2589.9 -0.6440941095 0.0977287591 0.7586777210 -0.6937448978 0.3432216048 -0.6331800818 -0.3222744763 -0.9341562986 -0.1532681882
30.9 -514.5 2720.2 0.9848870635 0.0726918280 -0.1572050154 -0.1512213796 -0.0815899596 -0.9851269722 -0.0844370350 0.9940115809 -0.0693643391
3.4 -483.6 2343.4 0.9848870635 0.1532307267 0.0807332695 -0.1512213796 0.9880299568 -0.0304778647 -0.0844370350 0.0178086590 0.9962696433
209.8 -518.4 2714.6 0.9910191298 -0.1240261123 0.0499860942 0.0376541503 -0.0998552069 -0.9942892194 0.1283092052 0.9872418642 -0.0942883268
256.2 -481.0 2345.4 0.9910191298 -0.0376887694 -0.1282990426 0.0376541503 0.9992871881 -0.0026962177 0.1283092052 -0.0021589878 0.9917318821
-133.9 -528.5 2456.5 0 0 0 0 0 0 0 0 0
136.0 -557.3 2504.1 0 0 0 0 0 0 0 0 0
-53.8 -852.4 2336.7 0 0 0 0 0 0 0 0 0
270.3 -854.1 2346.2 0 0 0 0 0 0 0 0 0
132.3 67.9 2656.4 4 0.9972270131 0.0311971884 0.0675651282 -0.0388003215 0.9926865697 0.1143148914 -0.0635046884 -0.1166194379 0.9911442995
126.1 -128.6 2679.5 0.9972270131 0.0311971884 0.0675651282 -0.0388003215 0.9926865697 0.1143148914 -0.0635046884 -0.1166194379 0.9911442995
120.3 -321.5 2700.0 0.9972826838 0.0301165916 0.0672331452 -0.0369970277 0.9939350486 0.1035584286 -0.0637065545 -0.1057644561 0.9923484325
-10.1 -123.5 2688.2 0.3879471123 -0.9131342769 -0.1252310127 0.9210290909 0.3891891241 0.0154007645 0.0346755795 -0.1213160828 0.9920080900
-114.5 -371.4 2678.9 0.1312902719 -0.9131342769 -0.3859386444 0.5624955297 0.3891891241 -0.7294728160 0.8163097501 -0.1213160828 0.5647307038
262.4 -133.6 2670.8 0.1385709643 0.0894190893 0.9863074422 -0.9363133311 0.3363105357 0.1010569930 -0.3226691484 -0.9374963641 0.1303271651
297.8 -373.1 2588.3 -0.6645078659 0.0894190893 0.7419120669 -0.6810015440 0.3363105357 -0.6504860520 -0.3076787293 -0.9374963641 -0.1625864655
35.8 -517.1 2722.6 0.9853242636 0.0937904641 -0.1426163167 -0.1349725425 -0.0833619535 -0.9873363972 -0.1044915169 0.9920958281 -0.0694794208
-0.2 -485.1 2342.1 0.9853242636 0.1368044764 0.1020813361 -0.1349725425 0.9905420542 -0.0246751010 -0.1044915169 0.0105347997 0.9944700003
214.6 -519.7 2714.2 0.9927480817 -0.1013333797 0.0646742135 0.0533031933 -0.1111601293 -0.9923719764 0.1077496037 0.9886227846 -0.1049526185
252.4 -478.3 2345.3 0.9927480817 -0.0536583550 -0.1075731814 0.0533031933 0.9985592961 -0.0061763013 0.1077496037 0.0003975172 0.9941779971
-149.2 -520.1 2463.1 0 0 0 0 0 0 0 0 0
120.8 -554.6 2506.3 0 0 0 0 0 0 0 0 0
-51.3 -854.8 2338.1 0 0 0 0 0 0 0 0 0
272.5 -851.0 2345.1 0 0 0 0 0 0 0 0 0
131.8 69.0 2656.7 5 0.9954394698 0.0471009165 0.0829560608 -0.0562021546 0.9922259450 0.1110357791 -0.0770812705 -0.1151917055 0.9903481007
122.5 -127.0 2679.5 0.9954394698 0.0471009165 0.0829560608 -0.0562021546 0.9922259450 0.1110357791 -0.0770812705 -0.1151917055 0.9903481007
113.4 -319.8 2699.8 0.9954853058 0.0469907410 0.0824674740 -0.0552355759 0.9933798313 0.1007251740 -0.0771883726 -0.1048255712 0.9914905429
-13.5 -119.5 2690.0 0.4052741528 -0.9073609710 -0.1115747169 0.9136801958 0.4061139822 0.0161236897 0.0306820441 -0.1084781215 0.9936252236
-122.6 -365.4 2681.8 0.1525924057 -0.9073609710 -0.3916779757 0.5586857200 0.4061139822 -0.7231470942 0.8152213693 -0.1084781215 0.5688995123
258.5 -134.5 2668.9 0.1169527099 0.0829822570 0.9896646142 -0.9381895661 0.3360997438 0.0826881155 -0.3257643580 -0.9381635785 0.1171608642
288.4 -374.5 2585.6 -0.6810138822 0.0829822570 0.7275534272 -0.6681715250 0.3360997438 -0.6637648344 -0.2996112108 -0.9381635785 -0.1734422147
25.2 -511.0 2726.3 0.9884282947 0.0702153891 -0.1344591379 -0.1299786568 -0.0649129078 -0.9893896580 -0.0781985149 0.9954175353 -0.0550352558
-2.1 -485.9 2340.4 0.9884282947 0.1306614876 0.0770521462 -0.1299786568 0.9914202690 -0.0138330664 -0.0781985149 0.0036578595 0.9969310760
203.7 -517.7 2714.9 0.9891804457 -0.1244821027 0.0776287317 0.0634733364 -0.1139066294 -0.9914617538 0.1322616786 0.9856619239 -0.1047729179
250.3 -475.1 2346.3 0.9891804457 -0.0637893453 -0.1321095526 0.0634733364 0.9979616404 -0.0066061905 0.1322616786 -0.0018507192 0.9912130833
-162.9 -513.1 2466.2 0 0 0 0 0 0 0 0 0
107.0 -552.6 2505.7 0 0 0 0 0 0 0 0 0
-50.8 -855.9 2339.0 0 0 0 0 0 0 0 0 0
274.1 -847.6 2347.0 0 0 0 0 0 0 0 0 0
130.6 68.1 2657.8 6 0.9954190254 0.0506376773 0.0810977519 -0.0593225919 0.9923208952 0.1085357666 -0.0749789998 -0.1128494963 0.9907790422
120.6 -128.3 2680.2 0.9954190254 0.0506376773 0.0810977519 -0.0593225919 0.9923208952 0.1085357666 -0.0749789998 -0.1128494963 0.9907790422
110.9 -321.0 2700.6 0.9954949617 0.0497392453 0.0807203799 -0.0578198768 0.9931976199 0.1010711119 -0.0751440898 -0.1052830219 0.9915991426
-15.4 -120.4 2690.5 0.4075433612 -0.9060997963 -0.1135411486 0.9126597643 0.4083678722 0.0169664379 0.0309932716 -0.1105389968 0.9933884144
-125.1 -366.0 2682.1 0.1523707360 -0.9060997963 -0.3946724534 0.5587520599 0.4083678722 -0.7218253016 0.8152173162 -0.1105389968 0.5685084462
256.6 -136.1 2669.9 0.1152145416 0.0857362598 0.9896337390 -0.9386678338 0.3353599012 0.0802273452 -0.3250050843 -0.9381806850 0.1191162020
286.1 -376.3 2586.7 -0.6821111441 0.0857362598 0.7262049913 -0.6665990949 0.3353599012 -0.6657171845 -0.3006161451 -0.9381806850 -0.1716010123
15.1 -507.6 2727.1 0.9890853167 0.0416997038 -0.1413201839 -0.1387442648 -0.0592907853 -0.9885517955 -0.0496013016 0.9973694086 -0.0528580472
-1.1 -484.6 2340.0 0.9890853167 0.1388741136 0.0492365658 -0.1387442648 0.9903097153 -0.0060619987 -0.0496013016 -0.0008354575 0.9987687469
193.4 -517.5 2713.3 0.9850918055 -0.1594910473 0.0644730777 0.0475124419 -0.1079614162 -0.9930191040 0.1653382629 0.9812782407 -0.0987740979
253.0 -477.2 2346.9 0.9850918055 -0.0476796143 -0.1652901322 0.0475124419 0.9988582730 -0.0049673822 0.1653382629 -0.0029600109 0.9862324595
-165.4 -513.7 2466.6 0 0 0 0 0 0 0 0 0
104.3 -553.9 2506.6 0 0 0 0 0 0 0 0 0
-52.9 -854.3 2340.3 0 0 0 0 0 0 0 0 0
270.7 -850.0 2348.0 0 0 0 0 0 0 0 0 0
129.0 68.9 2666.4 7 0.9959934354 0.0449665301 0.0772984400 -0.0505297817 0.9961534142 0.0715896636 -0.0737819672 -0.0752087086 0.9944344759
120.1 -128.6 2681.3 0.9959934354 0.0449665301 0.0772984400 -0.0505297817 0.9961534142 0.0715896636 -0.0737819672 -0.0752087086 0.9944344759
110.8 -321.9 2695.6 0.9958544374 0.0480671450 0.0772238374 -0.0535071082 0.9961115122 0.0699920505 -0.0735592321 -0.0738339126 0.9945539832
-15.9 -121.3 2691.4 0.4055802524 -0.9065571427 -0.1168710142 0.9120182991 0.4098930657 -0.0145019786 0.0610514879 -0.1007067859 0.9930412173
-125.1 -366.8 2675.0 0.1485275775 -0.9065571427 -0.3950870037 0.5331310034 0.4098930657 -0.7401074171 0.8328930736 -0.1007067859 0.5441941619
256.2 -135.9 2671.2 0.1182021871 0.0881661922 0.9890677333 -0.9277584553 0.3648635149 0.0783509985 -0.3539668322 -0.9268772006 0.1249245927
286.4 -373.2 2580.7 -0.6797519922 0.0881661922 0.7281235456 -0.6581302881 0.3648635149 -0.6585887671 -0.3237310052 -0.9268772006 -0.1899918765
12.1 -508.6 2727.8 0.9867221713 0.0197434686 -0.1612128168 -0.1595166177 -0.0689492673 -0.9847844839 -0.0305585656 0.9974247813 -0.0648843572
4.5 -481.9 2342.1 0.9867221713 0.1598181129 0.0289404429 -0.1595166177 0.9871166348 -0.0124577507 -0.0305585656 0.0076758568 0.9995034933
190.5 -519.0 2714.3 0.9830432534 -0.1750587225 0.0545933470 0.0363847837 -0.1055874527 -0.9937441349 0.1797279567 0.9788798094 -0.0974275544
256.4 -479.2 2345.3 0.9830432534 -0.0346491337 -0.1800706238 0.0363847837 0.9993177056 0.0063437321 0.1797279567 -0.0127879940 0.9836332202
-164.3 -507.7 2454.8 0 0 0 0 0 0 0 0 0
105.3 -548.6 2494.4 0 0 0 0 0 0 0 0 0
-55.1 -850.3 2339.2 0 0 0 0 0 0 0 0 0
269.4 -852.1 2350.1 0 0 0 0 0 0 0 0 0
130.8 68.5 2670.7 8 0.9987229109 0.0326879993 0.0385238826 -0.0347126648 0.9979848862 0.0531151518 -0.0367100276 -0.0543845817 0.9978449941
124.3 -129.7 2681.5 0.9987229109 0.0326879993 0.0385238826 -0.0347126648 0.9979848862 0.0531151518 -0.0367100276 -0.0543845817 0.9978449941
117.7 -323.4 2691.7 0.9986820817 0.0339682288 0.0384743586 -0.0359348245 0.9980194569 0.0516321361 -0.0366443060 -0.0529466607 0.9979247451
-12.1 -124.8 2686.5 0.3875118494 -0.9089158773 -0.1539690793 0.9170793891 0.3970811665 -0.0359438173 0.0938081294 -0.1272732168 0.9874216914
-116.4 -371.6 2661.3 0.1079821438 -0.9089158773 -0.4027552307 0.5189575553 0.3970811665 -0.7569739819 0.8479521871 -0.1272732168 0.5145664811
260.8 -134.6 2676.5 0.1471338272 0.1168702766 0.9821878672 -0.9185746312 0.3844243288 0.0918618813 -0.3668409884 -0.9157288074 0.1639158875
298.4 -369.5 2582.6 -0.6558375955 0.1168702766 0.7458004951 -0.6625350118 0.3844243288 -0.6428571343 -0.3618347645 -0.9157288074 -0.1746892780
12.3 -510.4 2716.6 0.9826535583 0.0036314668 -0.1854151487 -0.1845828593 -0.0774601027 -0.9797596931 -0.0179202408 0.9969888330 -0.0754461437
10.9 -481.4 2343.7 0.9826535583 0.1848439127 0.0149897756 -0.1845828593 0.9826654196 -0.0172594674 -0.0179202408 0.0141932210 0.9997386932
190.7 -520.0 2703.4 0.9814536572 -0.1853004545 0.0491163172 0.0277825985 -0.1160181612 -0.9928584695 0.1896755099 0.9758091569 -0.1087183282
258.4 -477.6 2346.7 0.9814536572 -0.0282900780 -0.1896004826 0.0277825985 0.9995997548 -0.0053344932 0.1896755099 -0.0000320357 0.9818468094
-144.9 -508.8 2437.1 0 0 0 0 0 0 0 0 0
123.7 -546.1 2486.2 0 0 0 0 0 0 0 0 0
-58.1 -848.1 2338.4 0 0 0 0 0 0 0 0 0
269.0 -850.7 2346.8 0 0 0 0 0 0 0 0 0
127.7 70.1 2672.3 9 0.9985670447 0.0274331644 0.0459488258 -0.0298630428 0.9981447458 0.0530585833 -0.0444080159 -0.0543547235 0.9975336790
122.3 -127.0 2683.1 0.9985670447 0.0274331644 0.0459488258 -0.0298630428 0.9981447458 0.0530585833 -0.0444080159 -0.0543547235 0.9975336790
117.2 -320.7 2693.0 0.9986000657 0.0263430532 0.0458683632 -0.0286359694 0.9983350635 0.0500713140 -0.0444729626 -0.0513147041 0.9976918101
-14.1 -123.1 2689.2 0.3815941215 -0.9127245545 -0.1460132152 0.9196865559 0.3907240331 -0.0388761237 0.0925340652 -0.1194515005 0.9885184765
-116.8 -370.6 2664.2 0.1108280346 -0.9127245545 -0.3932569921 0.5181631446 0.3907240331 -0.7608164549 0.8480708003 -0.1194515005 0.5162433982
258.7 -130.9 2677.0 0.1509065628 0.1069567725 0.9827448726 -0.9168081284 0.3869462907 0.0986683667 -0.3697162271 -0.9158781767 0.1564515680
