-1.5 85.1 2547.2 64 0.9915069938 0.1192458794 -0.0519067645 -0.0837370902 0.8907278776 0.4467571974 0.0995087549 -0.4386163652 0.8931481838
-25.0 -90.2 2633.5 0.9915069938 0.1192458794 -0.0519067645 -0.0837370902 0.8907278776 0.4467571974 0.0995087549 -0.4386163652 0.8931481838
-48.4 -261.8 2724.8 0.9916373491 0.1197236702 -0.0481832698 -0.0827731192 0.8764673471 0.4742926955 0.0990151241 -0.4663380682 0.8790476918
-166.2 -78.4 2619.3 -0.2498181313 -0.9455222487 -0.2087549567 0.9080027342 -0.1538690627 -0.3896862566 0.3363360763 -0.2869007587 0.8969760537
-75.9 -406.6 2497.8 -0.3045803308 -0.9455222487 0.1149719283 0.1068692580 -0.1538690627 -0.9822949171 0.9464722872 -0.2869007587 0.1479127556
116.3 -102.0 2647.6 -0.1325715631 0.9416226745 0.3094697893 -0.8578197360 0.0474194996 -0.5117584467 -0.4965582192 -0.3333139122 0.8014560342
84.5 -307.6 2528.6 -0.3053196073 0.9416226745 0.1418686509 -0.2969108522 0.0474194996 -0.9537270665 -0.9047783613 -0.3333139122 0.2650998831
-165.7 -416.8 2814.6 0.9976498485 0.0524919890 0.0440377742 0.0491622165 -0.1007069647 -0.9937007427 -0.0477264188 0.9935303926 -0.1030509099
-186.7 -376.5 2417.2 0.9976498485 -0.0294587538 0.0618620738 0.0491622165 0.9366470575 -0.3468073606 -0.0477264188 0.3490335941 0.9358940721
13.4 -436.0 2828.9 0.9809570312 -0.1671529561 -0.0989099368 -0.1033801287 -0.0182349682 -0.9944747686 0.1644257754 0.9857623577 -0.0351680145
78.8 -428.8 2443.2 0.9809570312 0.0146176964 -0.1936739832 -0.1033801287 0.8834701180 -0.4569388628 0.1644257754 0.4682594240 0.8681573868
14.5 -438.3 2216.8 0 0 0 0 0 0 0 0 0
-2.5 -392.2 2270.8 0 0 0 0 0 0 0 0 0
-173.9 -784.7 2265.1 0 0 0 0 0 0 0 0 0
72.8 -792.1 2250.6 0 0 0 0 0 0 0 0 0
-0.3 87.1 2546.2 65 0.9900304079 0.1256393045 -0.0636752844 -0.0842124671 0.8903483152 0.4474239051 0.1129072160 -0.4376010001 0.8920522928
-25.0 -87.9 2632.2 0.9900304079 0.1256393045 -0.0636752844 -0.0842124671 0.8903483152 0.4474239051 0.1129072160 -0.4376010001 0.8920522928
-49.9 -259.5 2723.1 0.9900352955 0.1274581105 -0.0598709323 -0.0841783360 0.8765017390 0.4739817381 0.1128897890 -0.4642188251 0.8784968853
-166.0 -75.8 2616.1 -0.2532247901 -0.9416026473 -0.2219496369 0.9081783891 -0.1523357183 -0.3898793161 0.3333005309 -0.3002969623 0.8937183619
-74.5 -404.2 2495.6 -0.3177695870 -0.9416026473 0.1113864407 0.1069967523 -0.1523357183 -0.9825199842 0.9421115518 -0.3002969623 0.1491560787
116.1 -99.9 2648.3 -0.1271014512 0.9381064177 0.3221825361 -0.8611024022 0.0568519011 -0.5052430630 -0.4922884703 -0.3416492641 0.8005797267
84.7 -312.3 2526.9 -0.3143530190 0.9381064177 0.1453910023 -0.2743272483 0.0568519011 -0.9599543810 -0.9088051319 -0.3416492641 0.2394765764
-161.4 -425.9 2807.2 0.9971596599 0.0581709482 0.0478411391 0.0510315560 -0.0546563156 -0.9972003102 -0.0553932674 0.9968093038 -0.0574696250
-185.0 -403.7 2402.0 0.9971596599 -0.0292172804 0.0694189072 0.0510315560 0.9399704933 -0.3374185562 -0.0553932674 0.3400027156 0.9387916327
17.8 -440.9 2825.1 0.9829114676 -0.1594581455 -0.0919679776 -0.1006284133 -0.0470985807 -0.9938086271 0.1541393250 0.9860805273 -0.0623397566
80.2 -422.5 2439.2 0.9829114676 0.0204429403 -0.1829401404 -0.1006284133 0.8918473721 -0.4410013258 0.1541393250 0.4518742263 0.8786641955
19.9 -436.0 2215.9 0 0 0 0 0 0 0 0 0
-5.1 -390.6 2267.2 0 0 0 0 0 0 0 0 0
-173.1 -785.5 2263.9 0 0 0 0 0 0 0 0 0
71.7 -792.2 2251.9 0 0 0 0 0 0 0 0 0
-2.3 82.6 2547.2 66 0.9933105111 0.0970942676 -0.0625054091 -0.0592431575 0.8931253552 0.4458894134 0.0991184711 -0.4392036200 0.8929029703
-21.2 -91.3 2632.8 0.9933105111 0.0970942676 -0.0625054091 -0.0592431575 0.8931253552 0.4458894134 0.0991184711 -0.4392036200 0.8929029703
-40.6 -263.1 2724.5 0.9933194518 0.0990241766 -0.0592507049 -0.0591622964 0.8778433800 0.4752797186 0.0990770236 -0.4685992002 0.8778374195
-162.7 -82.9 2618.7 -0.2709963322 -0.9416892529 -0.1994551718 0.9026252627 -0.1766159683 -0.3925231397 0.3344078660 -0.2864056230 0.8978548050
-64.7 -409.2 2497.7 -0.3069793880 -0.9416892529 0.1377861649 0.1023946926 -0.1766159683 -0.9789392948 0.9461918473 -0.2864056230 0.1506414413
120.3 -99.7 2646.9 -0.1418088824 0.9407274723 0.3080942035 -0.8511137962 0.0430552959 -0.5232126713 -0.5054656267 -0.3364194334 0.7945605516
86.3 -303.4 2525.9 -0.3067864478 0.9407274723 0.1446162909 -0.3149204850 0.0430552959 -0.9481409788 -0.8981688023 -0.3364194334 0.2830455899
-164.3 -423.5 2803.8 0.9980556965 0.0509814136 0.0358566716 0.0411380194 -0.1066336334 -0.9934470057 -0.0468238071 0.9929904938 -0.1085235775
-184.6 -381.0 2408.1 0.9980556965 -0.0229718052 0.0579405017 0.0411380194 0.9411467314 -0.3354854882 -0.0468238071 0.3372167647 0.9402619004
14.6 -438.8 2824.2 0.9789901972 -0.1743462980 -0.1057430953 -0.1181361228 -0.0622795448 -0.9910424352 0.1661989540 0.9827128649 -0.0815676600
82.9 -414.4 2439.6 0.9789901972 0.0319482684 -0.2013890445 -0.1181361228 0.8938713670 -0.4324786663 0.1661989540 0.4471836984 0.8788655400
26.4 -439.6 2216.8 0 0 0 0 0 0 0 0 0
-0.6 -392.6 2271.3 0 0 0 0 0 0 0 0 0
-174.8 -781.8 2264.5 0 0 0 0 0 0 0 0 0
69.4 -791.8 2250.8 0 0 0 0 0 0 0 0 0
-4.8 81.5 2547.3 67 0.9956147671 0.0789041892 -0.0502527058 -0.0485007279 0.8947333097 0.4439595044 0.0799930319 -0.4395753443 0.8946365714
-20.1 -92.5 2632.8 0.9956147671 0.0789041892 -0.0502527058 -0.0485007279 0.8947333097 0.4439595044 0.0799930319 -0.4395753443 0.8946365714
-35.7 -264.7 2724.7 0.9956735373 0.0798147172 -0.0475792214 -0.0478437990 0.8793093562 0.4738417566 0.0796563998 -0.4695153534 0.8793237209
-161.9 -85.7 2621.4 -0.2746945024 -0.9450125694 -0.1774659455 0.8992027640 -0.1871054620 -0.3955071270 0.3405543864 -0.2682215273 0.9011547565
-62.6 -410.9 2498.3 -0.2896597683 -0.9450125694 0.1518171430 0.0981395841 -0.1871054620 -0.9774252772 0.9520850182 -0.2682215273 0.1469400674
121.7 -99.4 2644.1 -0.1515597850 0.9423980713 0.2981870472 -0.8626413941 0.0211734790 -0.5053726435 -0.4825758934 -0.3338226676 0.8097425103
85.3 -306.3 2528.3 -0.3130932748 0.9423980713 0.1177220419 -0.2953980267 0.0211734790 -0.9551396370 -0.9026142955 -0.3338226676 0.2717532814
-149.7 -429.6 2807.3 0.9953614473 0.0834525153 0.0478677005 0.0530125424 -0.0605643280 -0.9967555404 -0.0802826807 0.9946696162 -0.0647074282
-183.9 -404.8 2399.8 0.9953614473 -0.0230437871 0.0934056863 0.0530125424 0.9415668249 -0.3326283097 -0.0802826807 0.3360370696 0.9384208918
29.8 -440.3 2825.2 0.9865968823 -0.1310365647 -0.0972422287 -0.1009086519 -0.0216209497 -0.9946607351 0.1282344460 0.9911417365 -0.0345538855
81.0 -431.9 2437.8 0.9865968823 0.0306677148 -0.1602689028 -0.1009086519 0.8865243196 -0.4515441656 0.1282344460 0.4616645575 0.8777367473
23.4 -440.0 2215.6 0 0 0 0 0 0 0 0 0
-4.1 -390.7 2270.5 0 0 0 0 0 0 0 0 0
-174.6 -782.6 2265.0 0 0 0 0 0 0 0 0 0
68.5 -792.2 2250.1 0 0 0 0 0 0 0 0 0
-3.8 82.7 2546.3 68 0.9962947965 0.0809315816 -0.0290997475 -0.0594345555 0.8924555182 0.4472031891 0.0621630922 -0.4438166916 0.8939588666
-19.5 -90.9 2632.6 0.9962947965 0.0809315816 -0.0290997475 -0.0594345555 0.8924555182 0.4472031891 0.0621630922 -0.4438166916 0.8939588666
-35.2 -262.5 2725.7 0.9964607954 0.0798564777 -0.0262459181 -0.0576085486 0.8761443496 0.4785941243 0.0612140521 -0.4753882885 0.8776438832
-161.5 -82.7 2623.9 -0.2591893077 -0.9517107010 -0.1645223200 0.9036598206 -0.1788353622 -0.3891231418 0.3409102559 -0.2495287657 0.9063749909
-67.8 -409.4 2500.6 -0.2707185745 -0.9517107010 0.1447692811 0.1055960134 -0.1788353622 -0.9781959653 0.9568494558 -0.2495287657 0.1489109099
122.4 -99.1 2641.3 -0.1546268165 0.9411237240 0.3006271422 -0.8635909557 0.0190532990 -0.5038328767 -0.4798970222 -0.3375249803 0.8097997904
84.8 -309.4 2524.5 -0.3187130690 0.9411237240 0.1127302945 -0.2829239368 0.0190532990 -0.9589530826 -0.9046413898 -0.3375249803 0.2601938844
-141.3 -432.5 2809.4 0.9920104742 0.1067860052 0.0671716034 0.0711607635 -0.0339916162 -0.9968854785 -0.1041701511 0.9937008023 -0.0413190126
-185.5 -418.5 2398.4 0.9920104742 -0.0319483168 0.1220433488 0.0711607635 0.9405164123 -0.3322123289 -0.1041701511 0.3382427990 0.9352755547
38.6 -441.2 2823.8 0.9898616672 -0.1100754663 -0.0897623673 -0.0926966816 -0.0218257271 -0.9954551458 0.1076160669 0.9936835766 -0.0318080820
81.7 -432.6 2435.0 0.9898616672 0.0336499177 -0.1379912049 -0.0926966816 0.8891533613 -0.4481223822 0.1076160669 0.4563705027 0.8832580447
12.6 -440.8 2216.5 0 0 0 0 0 0 0 0 0
-5.9 -389.9 2267.0 0 0 0 0 0 0 0 0 0
-173.1 -784.3 2266.8 0 0 0 0 0 0 0 0 0
68.0 -792.8 2250.2 0 0 0 0 0 0 0 0 0
-3.2 86.4 2546.8 69 0.9961078167 0.0834385082 -0.0284110066 -0.0624231733 0.8953631520 0.4409401417 0.0622295551 -0.4374504089 0.8970867395
-19.5 -88.6 2632.2 0.9961078167 0.0834385082 -0.0284110066 -0.0624231733 0.8953631520 0.4409401417 0.0622295551 -0.4374504089 0.8970867395
-35.4 -260.8 2724.2 0.9963613153 0.0813382566 -0.0254602302 -0.0596934259 0.8791894317 0.4727183282 0.0608344525 -0.4694784582 0.8808457255
-161.5 -80.1 2623.6 -0.2577019334 -0.9519928694 -0.1652248204 0.9017596841 -0.1755521148 -0.3949821591 0.3470146358 -0.2507807612 0.9037089348
-68.3 -406.2 2498.1 -0.2706036568 -0.9519928694 0.1431194991 0.0995934010 -0.1755521148 -0.9794195294 0.9575253725 -0.2507807612 0.1423172653
122.5 -97.1 2640.9 -0.1506832838 0.9414834976 0.3015018702 -0.8580671549 0.0268975683 -0.5128326416 -0.4909331203 -0.3359841406 0.8038030267
86.3 -303.1 2523.0 -0.3109815121 0.9414834976 0.1299974024 -0.3151330054 0.0268975683 -0.9486662745 -0.8966502547 -0.3359841406 0.2883278728
-140.8 -428.8 2813.2 0.9923420548 0.1028571501 0.0683932379 0.0698688701 -0.0108084409 -0.9974976182 -0.1018605381 0.9946374297 -0.0179121830
-184.2 -424.3 2393.6 0.9923420548 -0.0323893875 0.1191979721 0.0698688701 0.9429792166 -0.3254358768 -0.1018605381 0.3312719464 0.9380209446
39.2 -439.3 2824.3 0.9916381240 -0.1060195714 -0.0735777095 -0.0792405382 -0.0502241664 -0.9955894947 0.1018565893 0.9930948615 -0.0582052432
80.7 -419.6 2435.7 0.9916381240 0.0263862554 -0.1263233721 -0.0792405382 0.8971057534 -0.4346517920 0.1018565893 0.4410272241 0.8916951418
12.1 -435.8 2213.7 0 0 0 0 0 0 0 0 0
-1.7 -392.3 2269.3 0 0 0 0 0 0 0 0 0
-171.8 -785.2 2266.8 0 0 0 0 0 0 0 0 0
69.7 -793.7 2251.7 0 0 0 0 0 0 0 0 0
5.1 98.8 2538.0 70 0.9947754741 0.0981752947 0.0279878583 -0.1001929939 0.8863518834 0.4520416856 0.0195722338 -0.4524841607 0.8915576339
-14.3 -76.2 2627.3 0.9947754741 0.0981752947 0.0279878583 -0.1001929939 0.8863518834 0.4520416856 0.0195722338 -0.4524841607 0.8915576339
-32.6 -247.1 2721.1 0.9951191545 0.0937553346 0.0307873264 -0.0970428288 0.8731439114 0.4777053893 0.0179056637 -0.4783614576 0.8779804707
-155.8 -62.3 2624.8 -0.2082429826 -0.9679579735 -0.1403288245 0.9128207564 -0.1408101618 -0.3833154440 0.3512735069 -0.2079178095 0.9128949046
-80.6 -392.0 2497.9 -0.2244419158 -0.9679579735 0.1126194671 0.1137927249 -0.1408101618 -0.9834753275 0.9678207636 -0.2079178095 0.1417502761
127.3 -90.0 2629.9 -0.1752610654 0.9521459937 0.2504027784 -0.8793952465 -0.0370429307 -0.4746491611 -0.4426596761 -0.3033905327 0.8438048363
86.2 -296.1 2526.2 -0.2982681096 0.9521459937 0.0667392984 -0.3293591142 -0.0370429307 -0.9434778094 -0.8958563805 -0.3033905327 0.3246467113
-141.4 -427.6 2810.6 0.9910493493 0.1113426387 0.0736479759 0.0795124769 -0.0491759516 -0.9956201315 -0.1072332710 0.9925646186 -0.0575889237
-186.6 -407.6 2407.2 0.9910493493 -0.0381676741 0.1279235631 0.0795124769 0.9385056496 -0.3359835446 -0.1072332710 0.3431477845 0.9331402183
38.7 -438.4 2821.6 0.9918724895 -0.1047815830 -0.0721784532 -0.0748733580 -0.0220126156 -0.9969500899 0.1028731689 0.9942516088 -0.0296790581
79.7 -429.7 2432.5 0.9918724895 0.0218304172 -0.1253488809 -0.0748733580 0.8966798782 -0.4363017380 0.1028731689 0.4421409965 0.8910266161
-14.1 -425.8 2210.8 0 0 0 0 0 0 0 0 0
2.0 -389.1 2273.3 0 0 0 0 0 0 0 0 0
-171.3 -785.7 2268.9 0 0 0 0 0 0 0 0 0
70.9 -792.2 2253.8 0 0 0 0 0 0 0 0 0
-0.1 95.1 2537.2 71 0.9964375496 0.0840671286 0.0067069125 -0.0775626749 0.8823031187 0.4642469287 0.0331103802 -0.4631132782 0.8856804371
-16.6 -78.7 2628.3 0.9964375496 0.0840671286 0.0067069125 -0.0775626749 0.8823031187 0.4642469287 0.0331103802 -0.4631132782 0.8856804371
-32.5 -248.8 2723.9 0.9966681600 0.0810626373 0.0090235397 -0.0751163885 0.8691456914 0.4888182282 0.0317821242 -0.4878673851 0.8723390102
-158.5 -68.0 2623.8 -0.2325028926 -0.9618744254 -0.1440139711 0.9121198654 -0.1642434001 -0.3755815029 0.3376089036 -0.2186817974 0.9155318141
-74.5 -397.5 2501.8 -0.2396260947 -0.9618744254 0.1318216771 0.1207190156 -0.1642434001 -0.9790050983 0.9633308053 -0.2186817974 0.1554735303
125.2 -89.4 2632.9 -0.1622605026 0.9540809989 0.2517954409 -0.8833584785 -0.0267381798 -0.4679346383 -0.4397149980 -0.2983529568 0.8471341133
86.3 -301.2 2527.4 -0.2912875712 0.9540809989 0.0698638931 -0.3151136041 -0.0267381798 -0.9486772418 -0.9032468796 -0.2983529568 0.3084324002
-140.7 -409.3 2813.2 0.9912194610 0.1139760613 0.0670334995 0.0756375790 -0.0729181767 -0.9944656491 -0.1084573194 0.9908038974 -0.0808987841
-186.1 -380.2 2417.9 0.9912194610 -0.0337527767 0.1278467178 0.0756375790 0.9377970099 -0.3388447165 -0.1084573194 0.3455394804 0.9321156144
38.9 -426.8 2816.4 0.9907461405 -0.1053333059 -0.0855977014 -0.0801699609 0.0547344908 -0.9952772856 0.1095209941 0.9929295182 0.0457834192
80.1 -448.2 2428.8 0.9907461405 0.0221676081 -0.1339054406 -0.0801699609 0.8916580677 -0.4455543756 0.1095209941 0.4521664679 0.8851839304
-3.4 -433.3 2216.0 0 0 0 0 0 0 0 0 0
2.9 -391.4 2268.7 0 0 0 0 0 0 0 0 0
-171.5 -787.3 2267.9 0 0 0 0 0 0 0 0 0
71.5 -793.7 2253.6 0 0 0 0 0 0 0 0 0
-1.0 95.0 2541.2 72 0.9963665009 0.0818485469 -0.0235506352 -0.0621301830 0.8876337409 0.4563399851 0.0582551025 -0.4532186687 0.8894937634
-17.1 -79.5 2630.3 0.9963665009 0.0818485469 -0.0235506352 -0.0621301830 0.8876337409 0.4563399851 0.0582551025 -0.4532186687 0.8894937634
-32.7 -250.4 2724.7 0.9966123700 0.0795228332 -0.0209729224 -0.0594476312 0.8727908731 0.4844606221 0.0568306558 -0.4815726876 0.8745616078
-159.0 -71.0 2622.2 -0.2555893064 -0.9532572627 -0.1611665636 0.9065933824 -0.1784200668 -0.3824326098 0.3358013332 -0.2438582331 0.9098190069
-66.6 -398.6 2500.9 -0.2659158707 -0.9532572627 0.1434897631 0.1121118069 -0.1784200668 -0.9775465131 0.9574548006 -0.2438582331 0.1543161273
124.8 -88.0 2638.4 -0.1556986868 0.9485445023 0.2757194936 -0.8801630735 -0.0065114377 -0.4746267498 -0.4484092593 -0.3165768981 0.8358876705
86.2 -306.2 2527.2 -0.3044309318 0.9485445023 0.0870926604 -0.2937445641 -0.0065114377 -0.9558617473 -0.9061103463 -0.3165768981 0.2806120813
-138.4 -412.2 2816.6 0.9918168783 0.1082389057 0.0677023754 0.0696110800 -0.0139497351 -0.9974766970 -0.1070213541 0.9940270185 -0.0213702098
-183.5 -406.4 2402.3 0.9918168783 -0.0296485666 0.1241782382 0.0696110800 0.9409440160 -0.3313286006 -0.1070213541 0.3372614682 0.9353080392
41.6 -425.8 2822.4 0.9909546375 -0.1018957719 -0.0873280689 -0.0852258801 0.0248133317 -0.9960526228 0.1036604494 0.9944855571 0.0159047283
81.4 -435.5 2433.7 0.9909546375 0.0291383322 -0.1309957951 -0.0852258801 0.8906665444 -0.4465978742 0.1036604494 0.4537224472 0.8850934505
12.3 -431.9 2216.7 0 0 0 0 0 0 0 0 0
-1.2 -390.5 2267.2 0 0 0 0 0 0 0 0 0
-171.5 -787.8 2265.6 0 0 0 0 0 0 0 0 0
69.7 -794.3 2250.9 0 0 0 0 0 0 0 0 0
-4.4 88.8 2544.7 73 0.9958625436 0.0648139045 -0.0636941716 -0.0285445601 0.8885555863 0.4578801394 0.0862728134 -0.4541675746 0.8867293000
-17.2 -86.0 2634.1 0.9958625436 0.0648139045 -0.0636941716 -0.0285445601 0.8885555863 0.4578801394 0.0862728134 -0.4541675746 0.8867293000
-29.7 -257.2 2728.4 0.9960228801 0.0642523095 -0.0617257729 -0.0263547432 0.8742473722 0.4847648442 0.0851108506 -0.4812100828 0.8724637628
-158.9 -82.3 2622.0 -0.2947803140 -0.9395582080 -0.1741694361 0.8981586695 -0.2102064192 -0.3861661255 0.3262139857 -0.2702659667 0.9058370590
-52.4 -406.7 2504.2 -0.2964309156 -0.9395582080 0.1713450998 0.1043816432 -0.2102064192 -0.9720687866 0.9493330121 -0.2702659667 0.1603843123
124.6 -89.8 2646.2 -0.1471629590 0.9487155676 0.2797889411 -0.8704296947 0.0101335645 -0.4921884239 -0.4697820842 -0.3159685135 0.8242989182
87.7 -307.9 2528.5 -0.2995010614 0.9487155676 0.1011825576 -0.2910895348 0.0101335645 -0.9566421509 -0.9086066484 -0.3159685135 0.2731261551
-138.2 -415.9 2813.9 0.9923939109 0.1060821936 0.0624573529 0.0625948235 0.0020363762 -0.9980369210 -0.1060011312 0.9943552613 -0.0046193092
-182.9 -416.8 2395.1 0.9923939109 -0.0238219798 0.1207760945 0.0625948235 0.9424483180 -0.3284403086 -0.1060011312 0.3335021138 0.9367710948
41.8 -426.7 2824.1 0.9897615314 -0.1052321494 -0.0964275748 -0.0949659869 0.0188243501 -0.9953024983 0.1065530106 0.9942694902 0.0086381426
83.0 -434.0 2435.1 0.9897615314 0.0358787701 -0.1381477267 -0.0949659869 0.8880994320 -0.4497342408 0.1065530106 0.4582490027 0.8824139237
35.5 -437.7 2222.5 0 0 0 0 0 0 0 0 0
0.7 -392.4 2264.7 0 0 0 0 0 0 0 0 0
-173.6 -785.3 2264.7 0 0 0 0 0 0 0 0 0
68.5 -793.2 2249.7 0 0 0 0 0 0 0 0 0
2.5 99.3 2536.0 74 0.9977591038 0.0624300241 -0.0240682680 -0.0441279002 0.8843903542 0.4646573067 0.0502943099 -0.4625539780 0.8851634264
-9.8 -75.7 2627.6 0.9977591038 0.0624300241 -0.0240682680 -0.0441279002 0.8843903542 0.4646573067 0.0502943099 -0.4625539780 0.8851634264
-21.9 -246.7 2722.3 0.9978389740 0.0617002621 -0.0225940049 -0.0429970995 0.8731612563 0.4855312705 0.0496856160 -0.4835105538 0.8739272952
-151.9 -69.6 2620.5 -0.2678609192 -0.9519632459 -0.1483795792 0.9029511809 -0.1943267733 -0.3832965791 0.3360501230 -0.2366496772 0.9116289020
-55.1 -395.8 2499.1 -0.2607454062 -0.9519632459 0.1605546623 0.1092143655 -0.1943267733 -0.9748380780 0.9592100978 -0.2366496772 0.1546378732
132.2 -81.8 2634.6 -0.1752304286 0.9552087188 0.2384755015 -0.8907358050 -0.0506344587 -0.4516922534 -0.4193852842 -0.2915689051 0.8597112894
87.5 -308.7 2527.8 -0.2933990955 0.9552087188 0.0386425182 -0.2906910479 -0.0506344587 -0.9554762244 -0.9107226133 -0.2915689051 0.2925267220
-132.2 -426.0 2815.0 0.9918500185 0.1131598055 0.0585525595 0.0596789084 -0.0065889219 -0.9981958866 -0.1125698537 0.9935549498 -0.0132884765
-180.3 -423.2 2392.3 0.9918500185 -0.0190176163 0.1259836257 0.0596789084 0.9429647326 -0.3274995685 -0.1125698537 0.3323490322 0.9364145398
47.6 -430.7 2830.4 0.9928101897 -0.0877258554 -0.0814378634 -0.0824754089 -0.0082621286 -0.9965588450 0.0867511258 0.9961103797 -0.0154379513
81.9 -427.5 2440.6 0.9928101897 0.0332636535 -0.1149846986 -0.0824754089 0.8862928152 -0.4557222724 0.0867511258 0.4619291425 0.8826639652
22.3 -428.2 2214.5 0 0 0 0 0 0 0 0 0
2.4 -393.0 2263.7 0 0 0 0 0 0 0 0 0
-173.0 -785.1 2264.8 0 0 0 0 0 0 0 0 0
68.2 -792.4 2250.4 0 0 0 0 0 0 0 0 0
-4.1 89.0 2544.6 75 0.9946121573 0.0351621509 -0.0975208506 0.0117562050 0.8963927031 0.4431048334 0.1029974967 -0.4418639243 0.8911496997
-11.0 -86.7 2631.2 0.9946121573 0.0351621509 -0.0975208506 0.0117562050 0.8963927031 0.4431048334 0.1029974967 -0.4418639243 0.8911496997
-17.8 -259.8 2722.5 0.9946869016 0.0355811119 -0.0966022387 0.0136378324 0.8845580220 0.4662307203 0.1020392925 -0.4650710225 0.8793730140
-152.2 -88.6 2616.7 -0.3377221227 -0.9252706170 -0.1726792157 0.8795040250 -0.2448624820 -0.4080625176 0.3352855742 -0.2896837890 0.8964747190
-30.4 -405.6 2495.8 -0.3157837689 -0.9252706170 0.2101307660 0.0741881728 -0.2448624820 -0.9667152762 0.9459263682 -0.2896837890 0.1459677368
130.3 -84.9 2645.8 -0.1725022495 0.9635472894 0.2044983506 -0.8628757000 -0.0476908311 -0.5031611919 -0.4750668705 -0.2632530928 0.8396483064
87.6 -298.5 2528.2 -0.2618795335 0.9635472894 0.0547330417 -0.3694311678 -0.0476908311 -0.9280335307 -0.8915939331 -0.2632530928 0.3684536517
-123.5 -416.4 2811.8 0.9867538214 0.1483552009 0.0656324029 0.0773454309 -0.0746086836 -0.9942088723 -0.1425992996 0.9861157537 -0.0850950032
-183.9 -386.0 2410.4 0.9867538214 -0.0236105714 0.1604974121 0.0773454309 0.9381355643 -0.3375193775 -0.1425992996 0.3454622924 0.9275350571
56.1 -421.6 2821.5 0.9952843189 -0.0638351217 -0.0730354115 -0.0698640123 0.0505785085 -0.9962734580 0.0672912598 0.9966779351 0.0458802171
81.0 -441.3 2432.0 0.9952843189 0.0310481936 -0.0918972418 -0.0698640123 0.8866745234 -0.4570857286 0.0672912598 0.4613505602 0.8846623898
63.1 -427.6 2215.6 0 0 0 0 0 0 0 0 0
13.0 -403.7 2274.3 0 0 0 0 0 0 0 0 0
-173.8 -784.1 2263.8 0 0 0 0 0 0 0 0 0
68.7 -792.5 2249.3 0 0 0 0 0 0 0 0 0
-4.8 83.6 2546.5 76 0.9929616451 0.0411617979 -0.1110536605 0.0133294677 0.8928676248 0.4501219094 0.1176840439 -0.4484340847 0.8860346079
-12.8 -90.9 2634.1 0.9929616451 0.0411617979 -0.1110536605 0.0133294677 0.8928676248 0.4501219094 0.1176840439 -0.4484340847 0.8860346079
-20.8 -262.8 2727.6 0.9931106567 0.0411051214 -0.1097343341 0.0165370069 0.8779206872 0.4785203934 0.1160076782 -0.4770383537 0.8711926341
-154.1 -93.3 2617.6 -0.3434979320 -0.9207289219 -0.1851147264 0.8834679127 -0.2499283254 -0.3962578475 0.3185806572 -0.2996566594 0.8992843032
-30.1 -412.2 2502.6 -0.3297769725 -0.9207289219 0.2085795403 0.0879084095 -0.2499283254 -0.9642655253 0.9399570227 -0.2996566594 0.1633604169
128.4 -88.6 2650.7 -0.1686539203 0.9605581760 0.2210969180 -0.8482964635 -0.0272214059 -0.5288214087 -0.5019451380 -0.2767435312 0.8194290996
88.1 -291.4 2530.7 -0.2657987177 0.9605581760 0.0817253739 -0.3823583722 -0.0272214059 -0.9236130714 -0.8849593997 -0.2767435312 0.3745128810
-113.9 -435.3 2804.1 0.9848625660 0.1619756520 0.0617218204 0.0737338215 -0.0692223087 -0.9948726296 -0.1568726152 0.9843638539 -0.0801175460
-180.4 -406.8 2399.5 0.9848625660 -0.0167813841 0.1725226939 0.0737338215 0.9413232803 -0.3293536007 -0.1568726152 0.3370887935 0.9283114076
65.0 -431.6 2822.9 0.9967914820 -0.0451786332 -0.0660729855 -0.0647957027 0.0291762128 -0.9974719286 0.0469921790 0.9985527992 0.0261552185
82.7 -443.0 2432.4 0.9967914820 0.0357828327 -0.0715984404 -0.0647957027 0.8858942986 -0.4593395591 0.0469921790 0.4625050426 0.8853704333
67.7 -438.3 2223.8 0 0 0 0 0 0 0 0 0
12.8 -399.7 2280.0 0 0 0 0 0 0 0 0 0
-173.7 -783.8 2264.5 0 0 0 0 0 0 0 0 0
68.6 -792.6 2250.0 0 0 0 0 0 0 0 0 0
-5.1 80.0 2546.9 77 0.9966398478 0.0505989641 -0.0644107908 -0.0167510714 0.8956655860 0.4444126189 0.0801773444 -0.4418403804 0.8935036063
-14.9 -94.2 2632.8 0.9966398478 0.0505989641 -0.0644107908 -0.0167510714 0.8956655860 0.4444126189 0.0801773444 -0.4418403804 0.8935036063
-24.5 -266.3 2725.9 0.9968309402 0.0491052754 -0.0625838041 -0.0133500053 0.8788406253 0.4769286513 0.0784209073 -0.4745817482 0.8767110705
-156.7 -92.3 2621.7 -0.3047246039 -0.9383937120 -0.1629730165 0.8915764689 -0.2208577394 -0.3953647017 0.3350138962 -0.2657802701 0.9039505124
-46.7 -414.2 2500.7 -0.2914355695 -0.9383937120 0.1856949478 0.0925025865 -0.2208577394 -0.9709094167 0.9521074295 -0.2657802701 0.1511696428
126.9 -96.2 2644.0 -0.1694031209 0.9657173157 0.1967043877 -0.8478989601 -0.0410739332 -0.5285643339 -0.5023643374 -0.2563259006 0.8257887959
88.2 -289.6 2529.4 -0.2511024475 0.9657173157 0.0658604652 -0.3983070254 -0.0410739332 -0.9163320661 -0.8822125793 -0.2563259006 0.3949657679
-118.3 -436.7 2810.4 0.9877225161 0.1451457739 0.0577657223 0.0653381050 -0.0479533747 -0.9967103004 -0.1418982297 0.9882475138 -0.0568481795
-179.8 -416.4 2391.6 0.9877225161 -0.0158555433 0.1554116309 0.0653381050 0.9455713034 -0.3187880516 -0.1418982297 0.3250284493 0.9349980950
60.8 -433.1 2831.6 0.9965553284 -0.0568490587 -0.0603796504 -0.0634049624 -0.0530080348 -0.9965791106 0.0534539782 0.9969745874 -0.0564299524
83.0 -412.5 2442.7 0.9965553284 0.0324026421 -0.0763386264 -0.0634049624 0.8910213113 -0.4495117366 0.0534539782 0.4528035522 0.8900065422
39.8 -441.6 2218.4 0 0 0 0 0 0 0 0 0
17.3 -402.1 2280.3 0 0 0 0 0 0 0 0 0
-173.6 -783.8 2265.3 0 0 0 0 0 0 0 0 0
69.1 -792.3 2249.7 0 0 0 0 0 0 0 0 0
-5.9 81.4 2547.6 78 0.9976749420 0.0615789704 -0.0292007644 -0.0424642712 0.8968111277 0.4403709471 0.0533051603 -0.4381070733 0.8973409534
-17.9 -93.4 2633.0 0.9976749420 0.0615789704 -0.0292007644 -0.0424642712 0.8968111277 0.4403709471 0.0533051603 -0.4381070733 0.8973409534
-29.3 -265.7 2725.5 0.9979292154 0.0584124327 -0.0269308407 -0.0387001261 0.8796859980 0.4739776552 0.0513768718 -0.4719538987 0.8801249266
-159.9 -87.9 2625.7 -0.2730390429 -0.9504747391 -0.1484837383 0.8971827030 -0.1958916038 -0.3958405256 0.3471496999 -0.2412969619 0.9062355161
-61.3 -411.9 2500.3 -0.2633295059 -0.9504747391 0.1650918573 0.0951695517 -0.1958916038 -0.9759965539 0.9600001574 -0.2412969619 0.1420402974
124.1 -98.9 2640.3 -0.1548607498 0.9610602260 0.2288699001 -0.8665291071 -0.0208688155 -0.4986901283 -0.4744949937 -0.2755499482 0.8360183835
88.7 -297.0 2531.8 -0.2646048963 0.9610602260 0.0796713904 -0.3569832444 -0.0208688155 -0.9338776469 -0.8958500028 -0.2755499482 0.3486043811
-123.9 -437.5 2811.7 0.9857442975 0.1553191990 0.0646852329 0.0862834454 -0.1366098374 -0.9868601561 -0.1444416940 0.9783729911 -0.1480638385
-187.0 -382.0 2414.5 0.9857442975 -0.0310194995 0.1653663367 0.0862834454 0.9369749427 -0.3385750651 -0.1444416940 0.3480167985 0.9262942076
55.8 -439.6 2825.9 0.9959393740 -0.0648279563 -0.0624671727 -0.0640521869 -0.0226642229 -0.9976891279 0.0632623807 0.9976390600 -0.0267245639
81.2 -430.7 2436.2 0.9959393740 0.0282527879 -0.0854786038 -0.0640521869 0.8895807266 -0.4522647560 0.0632623807 0.4559033513 0.8877781034
16.9 -440.2 2215.5 0 0 0 0 0 0 0 0 0
13.8 -398.0 2278.2 0 0 0 0 0 0 0 0 0
-173.7 -782.4 2265.8 0 0 0 0 0 0 0 0 0
69.7 -790.5 2251.8 0 0 0 0 0 0 0 0 0
-4.3 83.0 2546.4 79 0.9960568547 0.0886969715 -0.0018858834 -0.0785268098 0.8913403153 0.4464817941 0.0412825458 -0.4445731640 0.8947907090
-21.5 -90.7 2633.0 0.9960568547 0.0886969715 -0.0018858834 -0.0785268098 0.8913403153 0.4464817941 0.0412825458 -0.4445731640 0.8947907090
-38.7 -262.3 2725.6 0.9961462617 0.0877030790 0.0008641327 -0.0776304379 0.8770686984 0.4740507007 0.0408178046 -0.4722909033 0.8804971576
-163.3 -79.6 2627.2 -0.2342153192 -0.9599105716 -0.1539964229 0.9067449570 -0.1585584879 -0.3907336295 0.3506518900 -0.2311512828 0.9075309038
-78.7 -407.1 2500.6 -0.2491575927 -0.9599105716 0.1284219772 0.1048389003 -0.1585584879 -0.9817677736 0.9627716541 -0.2311512828 0.1401420236
120.2 -101.7 2638.8 -0.1402630508 0.9600602984 0.2420959473 -0.8559101820 0.0053480733 -0.5170968175 -0.4977388978 -0.2797419727 0.8209753036
88.2 -297.2 2525.2 -0.2562321723 0.9600602984 0.1123799235 -0.3847746253 0.0053480733 -0.9229950905 -0.8867319822 -0.2797419727 0.3680365086
-130.8 -434.6 2813.3 0.9891161323 0.1305810809 0.0678071976 0.0767290518 -0.0645458251 -0.9949605465 -0.1255463511 0.9893343449 -0.0738626793
-184.7 -407.9 2404.9 0.9891161323 -0.0285478961 0.1443407536 0.0767290518 0.9371263385 -0.3404510617 -0.1255463511 0.3478207588 0.9291172028
49.3 -441.4 2822.6 0.9951640368 -0.0786266103 -0.0588763654 -0.0613942742 -0.0299977344 -0.9976627231 0.0766766816 0.9964526892 -0.0346798897
80.1 -429.7 2432.8 0.9951640368 0.0212092027 -0.0959100649 -0.0613942742 0.8964946866 -0.4387802184 0.0766766816 0.4425466061 0.8934613466
-4.7 -438.2 2214.9 0 0 0 0 0 0 0 0 0
15.8 -405.9 2274.8 0 0 0 0 0 0 0 0 0
-173.2 -784.6 2265.1 0 0 0 0 0 0 0 0 0
71.5 -793.3 2253.3 0 0 0 0 0 0 0 0 0
-2.4 83.8 2545.9 80 0.9918690920 0.1249518096 0.0241398588 -0.1224348694 0.8851715922 0.4488662481 0.0347187370 -0.4481721222 0.8932728171
-26.8 -89.1 2633.4 0.9918690920 0.1249518096 0.0241398588 -0.1224348694 0.8851715922 0.4488662481 0.0347187370 -0.4481721222 0.8932728171
-51.0 -259.2 2727.1 0.9919104576 0.1237419769 0.0283124167 -0.1221431419 0.8696562052 0.4783085883 0.0345647819 -0.4778974354 0.8777353168
-167.9 -71.7 2628.5 -0.1907677352 -0.9677070379 -0.1647749394 0.9181503654 -0.1165134013 -0.3787142634 0.3472859859 -0.2235346437 0.9107275605
-99.1 -403.2 2503.1 -0.2372448891 -0.9677070379 0.0851937160 0.1212690696 -0.1165134013 -0.9857578278 0.9638509750 -0.2235346437 0.1449951380
114.3 -106.5 2638.3 -0.1190313846 0.9556429386 0.2694031596 -0.8708232045 0.0298623312 -0.4906884432 -0.4769679606 -0.2930098474 0.8286415339
86.5 -309.4 2527.2 -0.2688096762 0.9556429386 0.1203656569 -0.3181349635 0.0298623312 -0.9475749731 -0.9091377854 -0.2930098474 0.2959961593
-145.7 -427.0 2814.4 0.9956851602 0.0861715078 0.0344316550 0.0464490280 -0.1415943652 -0.9888344407 -0.0803340226 0.9861670732 -0.1449859887
-180.3 -370.3 2419.4 0.9956851602 -0.0153973522 0.0915094987 0.0464490280 0.9364033937 -0.3478378952 -0.0803340226 0.3505875766 0.9330781102
34.0 -441.0 2821.8 0.9875156879 -0.1237276196 -0.0974894613 -0.0969417840 0.0104536293 -0.9952351451 0.1241571978 0.9922611713 -0.0016712535
82.4 -445.1 2434.1 0.9875156879 0.0287315920 -0.1548780650 -0.0969417840 0.8858257532 -0.4537785947 0.1241571978 0.4631276727 0.8775521517
-28.6 -439.2 2217.0 0 0 0 0 0 0 0 0 0
10.2 -399.7 2269.1 0 0 0 0 0 0 0 0 0
-173.5 -782.6 2265.0 0 0 0 0 0 0 0 0 0
71.1 -791.9 2252.8 0 0 0 0 0 0 0 0 0
-1.7 84.4 2545.6 81 0.9907345772 0.1332714409 0.0261477511 -0.1306879371 0.8831299543 0.4505576491 0.0369546004 -0.4498002231 0.8923643231
-27.7 -88.3 2633.5 0.9907345772 0.1332714409 0.0261477511 -0.1306879371 0.8831299543 0.4505576491 0.0369546004 -0.4498002231 0.8923643231
-53.7 -258.2 2727.1 0.9906736016 0.1328333616 0.0303494669 -0.1310892701 0.8684049249 0.4782138467 0.0371671282 -0.4777323306 0.8777188659
-168.8 -69.6 2628.2 -0.1834209263 -0.9680941701 -0.1707350612 0.9199017286 -0.1077940762 -0.3770427406 0.3466086388 -0.2262170017 0.9103232026
-102.5 -402.0 2503.0 -0.2388503104 -0.9680941701 0.0757906660 0.1238984913 -0.1077940762 -0.9864225984 0.9631197453 -0.2262170017 0.1456920505
113.3 -106.9 2638.8 -0.1132833958 0.9490748644 0.2939791679 -0.8573946953 0.0561264306 -0.5115898848 -0.5020371079 -0.3100108206 0.8073735833
87.0 -306.6 2521.9 -0.2744555473 0.9490748644 0.1546965688 -0.3358745575 0.0561264306 -0.9402329922 -0.9010341167 -0.3100108206 0.3033658862
-164.7 -418.3 2817.6 0.9986517429 0.0452598520 0.0254214089 0.0336938351 -0.1926152557 -0.9806957245 -0.0394895934 0.9802300334 -0.1938805431
-182.6 -342.2 2430.1 0.9986517429 -0.0178001951 0.0487632602 0.0336938351 0.9368713498 -0.3480471373 -0.0394895934 0.3492209017 0.9362079501
14.3 -440.3 2823.8 0.9773066640 -0.1768271178 -0.1166354865 -0.1254069209 -0.0392293781 -0.9913294911 0.1707184017 0.9834598303 -0.0605144762
83.3 -425.0 2440.1 0.9773066640 0.0346583538 -0.2089747936 -0.1254069209 0.8897286057 -0.4389260709 0.1707184017 0.4551722705 0.8738840818
-31.6 -438.8 2217.0 0 0 0 0 0 0 0 0 0
9.4 -401.5 2267.2 0 0 0 0 0 0 0 0 0
-174.2 -785.2 2265.0 0 0 0 0 0 0 0 0 0
68.9 -793.3 2251.7 0 0 0 0 0 0 0 0 0
-2.2 84.1 2546.9 82 0.9902591705 0.1354750544 0.0321448930 -0.1355026364 0.8845645785 0.4463009238 0.0320284106 -0.4463092983 0.8943054080
-28.7 -89.1 2634.3 0.9902591705 0.1354750544 0.0321448930 -0.1355026364 0.8845645785 0.4463009238 0.0320284106 -0.4463092983 0.8943054080
-55.0 -259.3 2727.3 0.9902821779 0.1341964304 0.0365034677 -0.1353528649 0.8697027564 0.4746543467 0.0319497548 -0.4749825895 0.8794150352
-169.8 -69.8 2629.7 -0.1779611707 -0.9695718884 -0.1681076735 0.9193022251 -0.1028712690 -0.3798696697 0.3510175049 -0.2221437991 0.9096366763
-105.4 -402.1 2502.8 -0.2338867486 -0.9695718884 0.0723004639 0.1212577149 -0.1028712690 -0.9872760773 0.9646727443 -0.2221437991 0.1416282952
112.4 -108.3 2638.8 -0.1165457219 0.9474560022 0.2978996038 -0.8502600789 0.0598366819 -0.5229506493 -0.5132980943 -0.3142398000 0.7986103296
85.9 -301.7 2522.1 -0.2733711600 0.9474560022 0.1661183238 -0.3586817682 0.0598366819 -0.9315401316 -0.8925332427 -0.3142398000 0.3234775662
-169.2 -416.4 2817.3 0.9990559220 0.0339507498 0.0271043759 0.0323205143 -0.1639674157 -0.9859361649 -0.0290290359 0.9858813286 -0.1649099290
-182.5 -351.9 2429.6 0.9990559220 -0.0200175904 0.0385564081 0.0323205143 0.9355284572 -0.3517696559 -0.0290290359 0.3526837230 0.9352921844
9.8 -440.1 2824.1 0.9738906622 -0.1887257248 -0.1261728853 -0.1358789057 -0.0393542834 -0.9899435043 0.1818623692 0.9812409878 -0.0639706179
83.5 -424.7 2440.5 0.9738906622 0.0384549052 -0.2237369418 -0.1358789057 0.8882572651 -0.4387891889 0.1818623692 0.4577338398 0.8702906370
-36.0 -438.1 2216.3 0 0 0 0 0 0 0 0 0
8.7 -402.9 2270.2 0 0 0 0 0 0 0 0 0
-173.3 -784.4 2266.5 0 0 0 0 0 0 0 0 0
67.6 -793.1 2250.6 0 0 0 0 0 0 0 0 0
-1.8 85.0 2545.6 83 0.9894911647 0.1321884096 0.0585957207 -0.1444171965 0.8835018277 0.4456098676 0.0071350341 -0.4493892491 0.8933075666
-27.7 -87.8 2633.5 0.9894911647 0.1321884096 0.0585957207 -0.1444171965 0.8835018277 0.4456098676 0.0071350341 -0.4493892491 0.8933075666
-52.9 -257.8 2727.3 0.9896587133 0.1288585216 0.0630163178 -0.1432927698 0.8680922389 0.4752715826 0.0065388130 -0.4793864489 0.8775795698
-168.6 -67.3 2632.5 -0.1614442468 -0.9757712483 -0.1476691365 0.9211431742 -0.0952950642 -0.3773779571 0.3541624546 -0.1969499141 0.9142099023
-110.2 -400.4 2504.5 -0.2079571635 -0.9757712483 0.0680017173 0.1241729558 -0.0952950642 -0.9876739979 0.9702241421 -0.1969499141 0.1409816891
113.3 -108.2 2634.4 -0.1182786077 0.9454866052 0.3034225702 -0.8754053712 0.0449442938 -0.4812956154 -0.4686956704 -0.3225447237 0.8223680854
86.1 -309.5 2526.6 -0.2943728566 0.9454866052 0.1392827928 -0.3056504130 0.0449442938 -0.9510824680 -0.9054957032 -0.3225447237 0.2757579982
-170.7 -417.4 2817.5 0.9992532730 0.0291604586 0.0253483467 0.0295011122 -0.1521600932 -0.9879154563 -0.0249510631 0.9879255891 -0.1529067308
-182.2 -357.7 2429.7 0.9992532730 -0.0185922757 0.0338703170 0.0295011122 0.9332243204 -0.3580810726 -0.0249510631 0.3588128984 0.9330759645
8.2 -441.8 2823.2 0.9724854827 -0.1935615093 -0.1296377927 -0.1405408531 -0.0436428078 -0.9891124964 0.1857963502 0.9801169634 -0.0696452931
84.0 -424.8 2439.7 0.9724854827 0.0409229621 -0.2293410599 -0.1405408531 0.8881895542 -0.4374558032 0.1857963502 0.4576511979 0.8695027828
-48.5 -437.2 2216.4 0 0 0 0 0 0 0 0 0
2.2 -396.6 2268.6 0 0 0 0 0 0 0 0 0
-173.6 -785.5 2265.2 0 0 0 0 0 0 0 0 0
67.0 -793.1 2249.9 0 0 0 0 0 0 0 0 0
-2.0 84.4 2546.4 84 0.9918561578 0.1268731654 0.0111588715 -0.1186203435 0.8883183599 0.4436437190 0.0463738516 -0.4413544536 0.8961337805
-26.8 -89.2 2632.7 0.9918561578 0.1268731654 0.0111588715 -0.1186203435 0.8883183599 0.4436437190 0.0463738516 -0.4413544536 0.8961337805
-51.5 -260.2 2724.9 0.9918278456 0.1266572475 0.0153465290 -0.1188173667 0.8731555343 0.4727386534 0.0464758687 -0.4706987739 0.8810690641
-167.9 -72.2 2626.0 -0.1986222863 -0.9642505646 -0.1754139513 0.9154403210 -0.1186063141 -0.3845797181 0.3500260115 -0.2369671166 0.9062716961
-96.1 -403.0 2499.6 -0.2503246665 -0.9642505646 0.0869392082 0.1143100411 -0.1186063141 -0.9863395691 0.9613900185 -0.2369671166 0.1399136037
114.4 -106.1 2639.3 -0.1175887063 0.9432758093 0.3104892969 -0.8539844751 0.0635229275 -0.5164061785 -0.5068366528 -0.3258765638 0.7980733514
86.7 -307.7 2519.7 -0.2890245616 0.9432758093 0.1633875966 -0.3259159327 0.0635229275 -0.9432622194 -0.9001353383 -0.3258765638 0.2890689373
-167.5 -414.8 2820.6 0.9991182089 0.0359221399 0.0217351895 0.0279154107 -0.1816677451 -0.9829636812 -0.0313615762 0.9827036262 -0.1825103313
-181.6 -343.6 2435.5 0.9991182089 -0.0147840017 0.0392969698 0.0279154107 0.9330242276 -0.3587290049 -0.0313615762 0.3595096767 0.9326142073
11.3 -440.7 2821.8 0.9741286039 -0.1838271469 -0.1314575076 -0.1371457726 -0.0185229797 -0.9903776646 0.1796233207 0.9827840328 -0.0432548784
83.3 -433.5 2437.2 0.9741286039 0.0395555869 -0.2225058526 -0.1371457726 0.8860127926 -0.4429135323 0.1796233207 0.4619704783 0.8685152531
-21.9 -436.9 2214.4 0 0 0 0 0 0 0 0 0
4.8 -400.0 2264.7 0 0 0 0 0 0 0 0 0
-174.6 -787.0 2264.7 0 0 0 0 0 0 0 0 0
67.2 -793.1 2249.7 0 0 0 0 0 0 0 0 0
-0.9 85.8 2544.9 85 0.9927092195 0.1199924648 -0.0114127547 -0.1022055224 0.8881673217 0.4480098188 0.0638942420 -0.4435770214 0.8939557672
-24.4 -87.7 2631.5 0.9927092195 0.1199924648 -0.0114127547 -0.1022055224 0.8881673217 0.4480098188 0.0638942420 -0.4435770214 0.8939557672
-47.7 -259.1 2723.5 0.9928330779 0.1192450896 -0.0079406872 -0.1012924835 0.8748974204 0.4735972881 0.0634214357 -0.4693987072 0.8807057142
-165.7 -73.3 2622.5 -0.2206437886 -0.9578447938 -0.1839828789 0.9119805694 -0.1357182115 -0.3871330619 0.3458435535 -0.2532073259 0.9034811854
-86.0 -402.9 2497.5 -0.2686311007 -0.9578447938 0.1018366739 0.1106878594 -0.1357182115 -0.9845449328 0.9568623304 -0.2532073259 0.1424799263
117.0 -102.2 2640.6 -0.1297307312 0.9410775900 0.3123185635 -0.8653590083 0.0463146977 -0.4990077615 -0.4840699732 -0.3350043297 0.8083615303
85.7 -310.9 2523.8 -0.3073284328 0.9410775900 0.1411459744 -0.2963058949 0.0463146977 -0.9539694786 -0.9042964578 -0.3350043297 0.2646130025
-165.8 -420.4 2812.9 0.9983858466 0.0452804342 0.0342831649 0.0393793993 -0.1169295385 -0.9923591614 -0.0409257375 0.9921074510 -0.1185239106
-183.5 -374.7 2425.0 0.9983858466 -0.0218234845 0.0524346121 0.0393793993 0.9312637448 -0.3622113764 -0.0409257375 0.3636915684 0.9306199551
13.3 -441.9 2821.3 0.9746826291 -0.1812489480 -0.1309296638 -0.1370397061 -0.0215533283 -0.9903310537 0.1766744852 0.9832010269 -0.0458459556
84.2 -433.5 2436.3 0.9746826291 0.0409666896 -0.2198078334 -0.1370397061 0.8862380385 -0.4424955249 0.1766744852 0.4614151120 0.8694148660
-6.2 -435.7 2213.5 0 0 0 0 0 0 0 0 0
-1.4 -394.9 2267.6 0 0 0 0 0 0 0 0 0
-173.9 -785.1 2264.7 0 0 0 0 0 0 0 0 0
67.6 -793.5 2248.9 0 0 0 0 0 0 0 0 0
0.1 84.4 2546.6 86 0.9931573272 0.1163860634 -0.0096331118 -0.1001648456 0.8913326263 0.4421461225 0.0600459538 -0.4381557703 0.8968912959
-22.7 -89.5 2632.0 0.9931573272 0.1163860634 -0.0096331118 -0.1001648456 0.8913326263 0.4421461225 0.0600459538 -0.4381557703 0.8968912959
-45.5 -261.4 2723.2 0.9931355119 0.1168103889 -0.0060989684 -0.1003303900 0.8775058985 0.4689532518 0.0601304919 -0.4651222229 0.8832018971
-164.1 -75.2 2623.5 -0.2208619118 -0.9583718777 -0.1809511483 0.9097839594 -0.1355919391 -0.3923110068 0.3514443338 -0.2512730062 0.9018585086
-84.3 -404.1 2496.4 -0.2661389112 -0.9583718777 0.1034088209 0.1054942384 -0.1355919391 -0.9851323962 0.9581446052 -0.2512730062 0.1371890008
118.8 -103.8 2640.6 -0.1383875906 0.9449819922 0.2964084148 -0.8522195220 0.0388489328 -0.5217400789 -0.5045500994 -0.3248073757 0.7999558449
86.4 -303.2 2522.5 -0.2941592634 0.9449819922 0.1431062967 -0.3334571421 0.0388489328 -0.9419645071 -0.8956989646 -0.3248073757 0.3036832213
-160.7 -421.2 2809.7 0.9978473186 0.0533202998 0.0381791331 0.0406795107 -0.0466232821 -0.9980838895 -0.0514380969 0.9974884391 -0.0486919619
-182.3 -402.3 2404.0 0.9978473186 -0.0210126080 0.0621222220 0.0406795107 0.9413330555 -0.3350182772 -0.0514380969 0.3368241787 0.9401614666
18.7 -439.6 2821.2 0.9776598215 -0.1649137735 -0.1303252727 -0.1308815777 0.0075362390 -0.9913693666 0.1644726247 0.9862791896 -0.0142162954
83.2 -442.5 2435.1 0.9776598215 0.0391127542 -0.2065222114 -0.1308815777 0.8820946217 -0.4525252283 0.1644726247 0.4694457054 0.8675076365
-5.3 -435.4 2211.9 0 0 0 0 0 0 0 0 0
3.4 -397.4 2269.7 0 0 0 0 0 0 0 0 0
-173.8 -786.8 2266.4 0 0 0 0 0 0 0 0 0
67.7 -792.9 2248.6 0 0 0 0 0 0 0 0 0
-0.9 83.0 2547.9 87 0.9932149649 0.1160889342 -0.0068813362 -0.1018346772 0.8967844844 0.4305894077 0.0561577417 -0.4269670844 0.9025216699
-23.6 -92.6 2631.5 0.9932149649 0.1160889342 -0.0068813362 -0.1018346772 0.8967844844 0.4305894077 0.0561577417 -0.4269670844 0.9025216699
-46.0 -265.4 2720.9 0.9934226871 0.1144630983 -0.0030949798 -0.1002319381 0.8823435307 0.4598080218 0.0553618856 -0.4564734995 0.8880129457
-165.1 -78.3 2623.6 -0.2201575041 -0.9592171907 -0.1772935838 0.9059094787 -0.1336520910 -0.4018272161 0.3617439270 -0.2490772158 0.8983885050
-85.5 -405.8 2492.8 -0.2626280189 -0.9592171907 0.1045411825 0.0954971984 -0.1336520910 -0.9864164591 0.9601597786 -0.2490772158 0.1267033368
118.0 -106.9 2639.4 -0.1403331459 0.9535358548 0.2666007876 -0.8684080243 0.0107980352 -0.4957327247 -0.4755776823 -0.3010860085 0.8265428543
