-24.6 104.6 2485.5 4 0.9992053509 0.0262414068 0.0300004501 -0.0386256129 0.8232198358 0.5664072633 -0.0098336423 -0.5671159625 0.8235792518
-30.0 -63.4 2601.2 0.9992053509 0.0262414068 0.0300004501 -0.0386256129 0.8232198358 0.5664072633 -0.0098336423 -0.5671159625 0.8235792518
-35.4 -223.7 2713.4 0.9991697073 0.0273530148 0.0301936287 -0.0397174470 0.8190632463 0.5723267794 -0.0090756286 -0.5730507970 0.8194695711
-172.2 -57.8 2602.6 -0.1419940591 -0.8803616166 -0.4525495768 0.8981142044 0.0776503310 -0.4328525662 0.4162074029 -0.4679036736 0.7796393633
-139.4 -265.4 2506.4 -0.3547132015 -0.8736667037 -0.3329940736 0.5913544893 0.0662288219 -0.8036875129 0.7242088318 -0.4819961190 0.4931544960
112.3 -69.0 2599.9 -0.2940191627 0.9372248650 0.1875161380 -0.9107115865 -0.2151593417 -0.3525775373 -0.2900985777 -0.2744376659 0.9168024659
7.8 -392.8 2496.7 -0.2903021574 0.9372248650 -0.1932206899 -0.0453350320 -0.2151593417 -0.9755260944 -0.9558605552 -0.2744376659 0.1049503386
-133.4 -383.0 2825.1 0.9934705496 0.1095900759 0.0317214765 0.0431460589 -0.1035033017 -0.9936928749 -0.1056156009 0.9885732532 -0.1075558662
-176.2 -342.6 2438.6 0.9934705496 -0.0007080151 0.1140865311 0.0431460589 0.9280459285 -0.3699584007 -0.1056156009 0.3724651635 0.9220168591
47.1 -392.2 2822.1 0.9989209771 -0.0463677980 -0.0026297993 0.0012382796 0.0831961855 -0.9965324402 0.0464258008 0.9954538941 0.0831638277
65.2 -424.8 2432.3 0.9989209771 -0.0201104563 -0.0418623686 0.0012382796 0.9125968218 -0.4088587165 0.0464258008 0.4083657265 0.9116370082
-92.1 -344.4 2409.7 0 0 0 0 0 0 0 0 0
-77.3 -406.1 2216.6 0 0 0 0 0 0 0 0 0
-175.9 -791.3 2258.5 0 0 0 0 0 0 0 0 0
73.4 -793.5 2267.3 0 0 0 0 0 0 0 0 0
-25.4 102.8 2491.4 5 0.9994220138 0.0295235328 0.0168526676 -0.0339249708 0.8344082236 0.5501018167 0.0021789449 -0.5503556132 0.8349274993
-31.4 -67.2 2603.5 0.9994220138 0.0295235328 0.0168526676 -0.0339249708 0.8344082236 0.5501018167 0.0021789449 -0.5503556132 0.8349274993
-38.3 -229.4 2712.8 0.9992358088 0.0351167656 0.0171629582 -0.0387155563 0.8288794160 0.5580860376 0.0053721541 -0.5583240390 0.8296055794
-173.7 -61.8 2602.8 -0.1492632627 -0.8732674718 -0.4638150334 0.8906580806 0.0849961936 -0.4466585219 0.4294748604 -0.4797703028 0.7650959492
-139.2 -267.6 2503.5 -0.3662794530 -0.8663475513 -0.3395309448 0.5784361362 0.0738258809 -0.8123800755 0.7288696766 -0.4939551055 0.4740858674
110.9 -72.6 2604.2 -0.2952060699 0.9390156865 0.1763602048 -0.9060890079 -0.2165954113 -0.3634407520 -0.3030777574 -0.2670879662 0.9147720337
6.4 -393.3 2497.0 -0.2814060748 0.9390156865 -0.1976364702 -0.0376142710 -0.2165954113 -0.9755365849 -0.9588512778 -0.2670879662 0.0962716490
-131.0 -380.5 2826.5 0.9920978546 0.1208217591 0.0338231586 0.0507827699 -0.1401762813 -0.9888234138 -0.1147301793 0.9827271700 -0.1452042460
-178.3 -325.7 2442.2 0.9920978546 -0.0051290896 0.1253618598 0.0507827699 0.9300780892 -0.3638349175 -0.1147301793 0.3673260510 0.9229889512
49.5 -387.7 2824.8 0.9992832541 -0.0369171835 0.0083701033 0.0112034362 0.0772221461 -0.9969509840 0.0361582637 0.9963302016 0.0775803998
64.0 -417.9 2434.6 0.9992832541 -0.0249493010 -0.0284687467 0.0112034362 0.9132975936 -0.4071387351 0.0361582637 0.4065279961 0.9129225612
-90.3 -344.8 2406.2 0 0 0 0 0 0 0 0 0
-76.4 -404.4 2214.6 0 0 0 0 0 0 0 0 0
-175.7 -791.2 2258.3 0 0 0 0 0 0 0 0 0
74.2 -792.3 2268.0 0 0 0 0 0 0 0 0 0
-25.6 101.9 2494.8 6 0.9990224242 0.0101787960 -0.0430191159 0.0149778519 0.8376374245 0.5460212231 0.0415922627 -0.5461317897 0.8366661072
-27.7 -68.2 2605.7 0.9990224242 0.0101787960 -0.0430191159 0.0149778519 0.8376374245 0.5460212231 0.0415922627 -0.5461317897 0.8366661072
-30.3 -231.0 2714.2 0.9989843369 0.0137706473 -0.0429028496 0.0123243518 0.8323398829 0.5541285872 0.0433404595 -0.5540944934 0.8313247561
-169.8 -70.0 2599.6 -0.2108497918 -0.8576553464 -0.4690092802 0.8797430396 0.0426706187 -0.4735307693 0.4261390865 -0.5124515295 0.7455192208
-121.1 -273.3 2501.1 -0.4227888882 -0.8496397138 -0.3152172863 0.5553731322 0.0319383629 -0.8309877515 0.7161076665 -0.5263956189 0.4583638906
114.4 -66.4 2611.8 -0.2402801067 0.9573302865 0.1605747044 -0.9188836217 -0.1709937602 -0.3555475771 -0.3129191697 -0.2329804599 0.9207614660
29.7 -390.3 2501.5 -0.2447245419 0.9573302865 -0.1537161767 -0.0508619696 -0.1709937602 -0.9839584231 -0.9682576656 -0.2329804599 0.0905380696
-135.5 -388.2 2821.6 0.9940931201 0.1042167693 0.0302945487 0.0420932695 -0.1129468605 -0.9927089810 -0.1000352502 0.9881203771 -0.1166665182
-176.3 -344.0 2435.1 0.9940931201 -0.0022847967 0.1085065603 0.0420932695 0.9296362996 -0.3660663068 -0.1000352502 0.3684714139 0.9242411852
45.1 -395.2 2822.6 0.9987375736 -0.0502059460 -0.0016090724 0.0036469600 0.1044223085 -0.9945263863 0.0500991605 0.9932649732 0.1044735834
64.8 -436.1 2433.7 0.9987375736 -0.0243329536 -0.0439446643 0.0036469600 0.9076554775 -0.4197001457 0.0500991605 0.4190100431 0.9065983891
-64.6 -347.4 2405.5 0 0 0 0 0 0 0 0 0
-42.5 -405.3 2215.8 0 0 0 0 0 0 0 0 0
-175.2 -791.7 2257.6 0 0 0 0 0 0 0 0 0
74.4 -793.9 2268.6 0 0 0 0 0 0 0 0 0
-29.0 101.4 2495.6 7 0.9943730235 -0.0166998990 -0.1046107113 0.0702429935 0.8431342244 0.5330953002 0.0792982355 -0.5374437571 0.8395630121
-25.5 -72.1 2606.1 0.9943730235 -0.0166998990 -0.1046107113 0.0702429935 0.8431342244 0.5330953002 0.0792982355 -0.5374437571 0.8395630121
-22.4 -236.2 2712.4 0.9943885207 -0.0150332451 -0.1047162116 0.0694216117 0.8396391869 0.5386897922 0.0798255801 -0.5429365039 0.8359711766
-166.9 -81.9 2594.8 -0.2768137455 -0.8398823738 -0.4668745100 0.8598548174 0.0004021501 -0.5105384588 0.4289799929 -0.5427683592 0.7220655680
-102.9 -280.6 2495.7 -0.4796827137 -0.8307631612 -0.2823775709 0.5196335912 -0.0096468870 -0.8543347716 0.7070257664 -0.5565424562 0.4363198578
115.8 -62.2 2617.4 -0.1835351884 0.9498974681 0.2530012131 -0.9012626410 -0.0598437525 -0.4291204214 -0.3924798667 -0.3067792356 0.8670905828
52.2 -374.3 2481.5 -0.3123558462 0.9498974681 -0.0113398675 -0.1461405456 -0.0598437525 -0.9874520898 -0.9386568666 -0.3067792356 0.1575110853
-123.1 -395.0 2818.9 0.9915434122 0.1231206581 0.0410241075 0.0428307988 -0.0120623261 -0.9990095496 -0.1225038618 0.9923183918 -0.0172336753
-174.1 -390.0 2408.0 0.9915434122 0.0029251557 0.1297425032 0.0428307988 0.9363517165 -0.3484407365 -0.1225038618 0.3510510921 0.9283081293
57.1 -392.8 2826.7 0.9997179508 -0.0211449694 0.0108131897 0.0125765661 0.0851235464 -0.9962910414 0.0201460868 0.9961460233 0.0853654668
65.4 -426.1 2436.9 0.9997179508 -0.0198634192 -0.0130184237 0.0125765661 0.9077692032 -0.4192813635 0.0201460868 0.4189993739 0.9077630043
-38.8 -350.0 2401.3 0 0 0 0 0 0 0 0 0
-37.2 -416.1 2212.9 0 0 0 0 0 0 0 0 0
-175.3 -791.7 2257.4 0 0 0 0 0 0 0 0 0
73.5 -794.1 2267.0 0 0 0 0 0 0 0 0 0
-29.1 99.5 2495.4 8 0.9952514768 -0.0246913172 -0.0941534042 0.0708278418 0.8472135663 0.5265098214 0.0667678192 -0.5306783319 0.8449393511
-24.0 -74.7 2604.5 0.9952514768 -0.0246913172 -0.0941534042 0.0708278418 0.8472135663 0.5265098214 0.0667678192 -0.5306783319 0.8449393511
-19.4 -239.9 2709.2 0.9952659607 -0.0236474201 -0.0942678154 0.0703195930 0.8447540998 0.5305145383 0.0670878291 -0.5346319079 0.8424178958
-165.6 -84.7 2595.0 -0.2723320723 -0.8471229672 -0.4563089609 0.8552592993 0.0041755573 -0.5181834102 0.4408704340 -0.5313804746 0.7233726978
-102.7 -282.4 2493.1 -0.4709087610 -0.8381748199 -0.2751506567 0.5120623112 -0.0057263812 -0.8589292169 0.7183572054 -0.5453715920 0.4318943620
117.5 -64.6 2614.0 -0.1780175567 0.9448179007 0.2750069797 -0.8920702338 -0.0369873978 -0.4503805637 -0.4153558314 -0.3255011737 0.8494283557
58.3 -361.6 2475.7 -0.3262296319 0.9448179007 0.0298883766 -0.1968823969 -0.0369873978 -0.9797291756 -0.9245601892 -0.3255011737 0.1980843991
-109.0 -406.7 2811.7 0.9807506204 0.1822789907 0.0700181052 0.0827402845 -0.0631436929 -0.9945687056 -0.1768677682 0.9812172055 -0.0770100281
-182.2 -381.3 2417.7 0.9807506204 -0.0137282098 0.1947811544 0.0827402845 0.9327625036 -0.3508677483 -0.1768677682 0.3602300286 0.9159432650
70.2 -394.2 2826.2 0.9992218614 0.0153757036 0.0363217518 0.0351893865 0.0684242845 -0.9970355034 -0.0178154130 0.9975377917 0.0678299814
64.2 -421.0 2435.9 0.9992218614 -0.0247346498 0.0307226125 0.0351893865 0.9108905792 -0.4111448526 -0.0178154130 0.4119060338 0.9110521674
-39.8 -350.7 2397.2 0 0 0 0 0 0 0 0 0
-33.7 -417.1 2215.1 0 0 0 0 0 0 0 0 0
-176.1 -790.6 2259.6 0 0 0 0 0 0 0 0 0
74.3 -794.3 2267.1 0 0 0 0 0 0 0 0 0
-33.6 100.1 2494.8 9 0.9953717589 -0.0356470011 -0.0892430767 0.0774549916 0.8472884893 0.5254549980 0.0568837412 -0.5299353600 0.8461281061
-26.2 -75.4 2604.6 0.9953717589 -0.0356470011 -0.0892430767 0.0774549916 0.8472884893 0.5254549980 0.0568837412 -0.5299353600 0.8461281061
-19.3 -240.6 2709.2 0.9953599572 -0.0355053619 -0.0894312710 0.0777362287 0.8444713354 0.5299294591 0.0567068048 -0.5344226360 0.8433129787
-167.9 -86.5 2596.6 -0.2740827501 -0.8526217937 -0.4448761046 0.8532772660 -0.0022128278 -0.5214527845 0.4436175525 -0.5225238800 0.7281292677
-104.5 -283.7 2494.1 -0.4671967328 -0.8437464237 -0.2642332613 0.5086549520 -0.0120500503 -0.8608860970 0.7231855392 -0.5366067290 0.4348055422
115.5 -64.2 2612.6 -0.1708704680 0.9613615274 0.2158408612 -0.9053851366 -0.0667803586 -0.4193066955 -0.3886913955 -0.2670662403 0.8818132281
60.5 -355.3 2487.7 -0.2752795219 0.9613615274 -0.0022777007 -0.2251750678 -0.0667803586 -0.9720270634 -0.9346215129 -0.2670662403 0.2348579168
-104.5 -411.6 2807.8 0.9772646427 0.2007543445 0.0682023391 0.0938831940 -0.1213102713 -0.9881648421 -0.1901047379 0.9721015692 -0.1373997033
-184.0 -363.6 2423.0 0.9772646427 -0.0199934803 0.2110784948 0.0938831940 0.9334324598 -0.3462511003 -0.1901047379 0.3581956625 0.9140875340
75.1 -398.9 2820.0 0.9987282157 0.0240471493 0.0443128832 0.0415778570 0.1042849347 -0.9936779737 -0.0285162907 0.9942566752 0.1031524837
65.7 -439.7 2431.0 0.9987282157 -0.0258686282 0.0432748310 0.0415778570 0.9080745578 -0.4167396426 -0.0285162907 0.4180089235 0.9079952240
-42.2 -351.6 2397.5 0 0 0 0 0 0 0 0 0
-16.8 -418.6 2225.0 0 0 0 0 0 0 0 0 0
-174.9 -789.8 2259.5 0 0 0 0 0 0 0 0 0
75.7 -793.0 2268.4 0 0 0 0 0 0 0 0 0
-34.4 101.1 2495.1 0 0.9966491461 -0.0367999747 -0.0730497763 0.0701371953 0.8440039158 0.5317313075 0.0420865975 -0.5350730419 0.8437567949
-26.8 -72.7 2605.2 0.9966491461 -0.0367999747 -0.0730497763 0.0701371953 0.8440039158 0.5317313075 0.0420865975 -0.5350730419 0.8437567949
-19.9 -236.9 2711.5 0.9966585636 -0.0358505994 -0.0733925104 0.0699189231 0.8389676213 0.5396708846 0.0422264189 -0.5429990888 0.8386709094
-168.7 -82.7 2599.2 -0.2608427703 -0.8597320914 -0.4391147196 0.8602681756 -0.0005999939 -0.5098415017 0.4380636215 -0.5107448697 0.7397566438
-108.4 -281.5 2498.0 -0.4529416263 -0.8511337638 -0.2653587162 0.5203061104 -0.0106622158 -0.8539132476 0.7239651084 -0.5248405933 0.4476794600
115.1 -62.6 2611.2 -0.1591259092 0.9694050550 0.1869031936 -0.9236909747 -0.0793539807 -0.3748305142 -0.3485310972 -0.2322860360 0.9080579877
66.1 -346.7 2504.0 -0.2449964434 0.9694050550 -0.0151856113 -0.2542447448 -0.0793539807 -0.9638789296 -0.9355941415 -0.2322860360 0.2659075856
-102.2 -413.0 2808.8 0.9756842256 0.2085028142 0.0675788149 0.0980231017 -0.1393194944 -0.9853839874 -0.1960402727 0.9680478573 -0.1563699245
-184.3 -358.1 2427.6 0.9756842256 -0.0210145228 0.2181712836 0.0980231017 0.9321374297 -0.3485846817 -0.1960402727 0.3614943922 0.9115316868
77.6 -398.9 2819.0 0.9984546900 0.0305099562 0.0464469790 0.0436327457 0.0871960074 -0.9952351451 -0.0344145745 0.9957238436 0.0857300311
65.6 -433.1 2429.3 0.9984546900 -0.0259301178 0.0491508730 0.0436327457 0.9135351181 -0.4044128954 -0.0344145745 0.4059325457 0.9132548571
-47.9 -351.0 2401.4 0 0 0 0 0 0 0 0 0
-3.2 -418.7 2239.1 0 0 0 0 0 0 0 0 0
-174.6 -790.0 2260.2 0 0 0 0 0 0 0 0 0
75.8 -791.8 2269.9 0 0 0 0 0 0 0 0 0
-36.7 100.4 2495.7 1 0.9968774915 -0.0347279087 -0.0709172934 0.0674339086 0.8416844606 0.5357423425 0.0410847776 -0.5388517380 0.8413981795
-29.6 -71.1 2605.4 0.9968774915 -0.0347279087 -0.0709172934 0.0674339086 0.8416844606 0.5357423425 0.0410847776 -0.5388517380 0.8413981795
-23.1 -234.3 2713.3 0.9968743920 -0.0337852500 -0.0714143142 0.0675094277 0.8338173032 0.5478971004 0.0410356522 -0.5510057211 0.8334919214
-171.6 -80.8 2599.6 -0.2581802011 -0.8600094914 -0.4401439130 0.8651636243 -0.0030751307 -0.5014802217 0.4299242496 -0.5102688074 0.7448428869
-111.9 -280.8 2500.3 -0.4510791004 -0.8514471650 -0.2675170004 0.5285033584 -0.0132963508 -0.8488270640 0.7191744447 -0.5242717862 0.4559904039
112.3 -61.4 2611.2 -0.1414927691 0.9729251862 0.1827469021 -0.9251985550 -0.0643033534 -0.3739956617 -0.3521185517 -0.2219948471 0.9092473984
70.0 -338.1 2505.9 -0.2311155200 0.9729251862 0.0014999271 -0.2769194841 -0.0643033534 -0.9587391019 -0.9326849580 -0.2219948471 0.2842834294
-102.8 -407.5 2814.0 0.9760816097 0.2096783519 0.0574428253 0.0987278000 -0.1921009868 -0.9763964415 -0.1936943829 0.9587138295 -0.2082073241
-185.1 -332.1 2438.1 0.9760816097 -0.0217187777 0.2163168639 0.0987278000 0.9307650328 -0.3520359397 -0.1936943829 0.3649722934 0.9106468558
77.2 -394.8 2821.7 0.9985541701 0.0286030509 0.0455131121 0.0424082689 0.1011011377 -0.9939718843 -0.0330320559 0.9944648743 0.0997419581
66.0 -434.4 2432.3 0.9985541701 -0.0248025898 0.0476907715 0.0424082689 0.9086580276 -0.4153818786 -0.0330320559 0.4168037772 0.9083961248
-51.7 -351.3 2404.3 0 0 0 0 0 0 0 0 0
3.3 -418.0 2237.0 0 0 0 0 0 0 0 0 0
-174.4 -790.0 2258.5 0 0 0 0 0 0 0 0 0
75.8 -792.1 2268.3 0 0 0 0 0 0 0 0 0
-41.2 104.7 2497.0 2 0.9972797036 -0.0379579067 -0.0631849468 0.0657958612 0.8448403478 0.5309573412 0.0332271643 -0.5336703062 0.8450396061
-33.4 -67.9 2606.0 0.9972797036 -0.0379579067 -0.0631849468 0.0657958612 0.8448403478 0.5309573412 0.0332271643 -0.5336703062 0.8450396061
-26.5 -231.5 2713.1 0.9973198771 -0.0358552560 -0.0637766421 0.0648814589 0.8362909555 0.5444335341 0.0338150263 -0.5471122861 0.8363758922
-175.4 -77.2 2601.2 -0.2527838349 -0.8638297915 -0.4357733428 0.8639134169 0.0012606623 -0.5036387444 0.4356075525 -0.5037822127 0.7459554672
-117.0 -276.9 2500.6 -0.4443379641 -0.8553985953 -0.2661898136 0.5264706612 -0.0089204572 -0.8501465321 0.7248395681 -0.5178934932 0.4543059468
108.6 -58.5 2610.8 -0.0981990024 0.9742101431 0.2031540573 -0.9416744709 -0.0249360614 -0.3356001079 -0.3218791485 -0.2242605835 0.9198374748
80.4 -329.0 2518.3 -0.2220216393 0.9742101431 0.0402617455 -0.2832720280 -0.0249360614 -0.9587153792 -0.9329862595 -0.2242605835 0.2815028131
-106.6 -403.7 2817.5 0.9763479233 0.2076077759 0.0603637397 0.1037801653 -0.2050886750 -0.9732257128 -0.1896693110 0.9564714432 -0.2217834741
-187.9 -323.3 2442.7 0.9763479233 -0.0275192056 0.2144468874 0.1037801653 0.9297807813 -0.3531817198 -0.1896693110 0.3670835793 0.9106454849
73.6 -391.5 2824.9 0.9992899299 0.0159694515 0.0341260880 0.0327229649 0.0811259598 -0.9961665273 -0.0186767448 0.9965758920 0.0805457830
67.4 -423.2 2434.8 0.9992899299 -0.0221532080 0.0304770172 0.0327229649 0.9112449884 -0.4105628133 -0.0186767448 0.4112685919 0.9113228321
-57.7 -347.1 2403.8 0 0 0 0 0 0 0 0 0
17.4 -409.3 2253.7 0 0 0 0 0 0 0 0 0
-174.1 -790.8 2258.1 0 0 0 0 0 0 0 0 0
76.3 -793.1 2267.8 0 0 0 0 0 0 0 0 0
-43.9 103.1 2495.6 3 0.9973059893 -0.0354155377 -0.0642379895 0.0645650029 0.8394584656 0.5395746827 0.0348157957 -0.5422685742 0.8394835591
-36.7 -67.9 2606.1 0.9973059893 -0.0354155377 -0.0642379895 0.0645650029 0.8394584656 0.5395746827 0.0348157957 -0.5422685742 0.8394835591
-30.5 -230.6 2714.7 0.9973844886 -0.0321114324 -0.0647533759 0.0626221299 0.8312726617 0.5523262024 0.0360917225 -0.5549365878 0.8311093450
-178.7 -76.9 2601.0 -0.2517800331 -0.8623777032 -0.4392169118 0.8685630560 -0.0011838274 -0.4955772758 0.4268548489 -0.5062640309 0.7493274808
-120.5 -277.7 2502.4 -0.4450392723 -0.8539326787 -0.2697017193 0.5343107581 -0.0115170367 -0.8452096581 0.7186459899 -0.5202560425 0.4613909423
105.4 -58.9 2611.2 -0.0662669316 0.9729507565 0.2213042080 -0.9392346144 0.0140445037 -0.3429885507 -0.3368190527 -0.2305853665 0.9128983021
86.3 -328.4 2514.6 -0.2158952802 0.9729507565 0.0821954086 -0.2998664975 0.0140445037 -0.9538778067 -0.9292305112 -0.2305853665 0.2887232006
-109.6 -401.2 2817.2 0.9753451943 0.2046331167 0.0826259032 0.1117455736 -0.1350922585 -0.9845115542 -0.1903015524 0.9694716930 -0.1546284258
-189.6 -348.4 2438.3 0.9753451943 -0.0325890109 0.2182652205 0.1117455736 0.9258004427 -0.3611183763 -0.1903015524 0.3766052425 0.9066166878
70.7 -389.5 2823.3 0.9992095232 0.0128931617 0.0376042798 0.0362355635 0.0936406851 -0.9949464202 -0.0163492952 0.9955225587 0.0930994749
65.6 -426.1 2433.5 0.9992095232 -0.0263173208 0.0297945328 0.0362355635 0.9112033248 -0.4103602171 -0.0163492952 0.4111154377 0.9114366770
-61.1 -349.0 2406.4 0 0 0 0 0 0 0 0 0
25.1 -413.4 2251.0 0 0 0 0 0 0 0 0 0
-174.0 -791.0 2258.3 0 0 0 0 0 0 0 0 0
76.2 -793.1 2267.9 0 0 0 0 0 0 0 0 0
-47.5 107.5 2487.5 4 0.9987233877 -0.0390171818 -0.0320821516 0.0502663702 0.8303901553 0.5549103618 0.0049896655 -0.5558145642 0.8312913179
-39.5 -62.6 2601.3 0.9987233877 -0.0390171818 -0.0320821516 0.0502663702 0.8303901553 0.5549103618 0.0049896655 -0.5558145642 0.8312913179
-32.6 -223.8 2712.2 0.9988349080 -0.0356236808 -0.0325543545 0.0477953404 0.8234493732 0.5653731227 0.0066661914 -0.5662703514 0.8241925836
-181.7 -69.5 2600.4 -0.2263805121 -0.8765034676 -0.4248453081 0.8784931302 0.0046645920 -0.4777321517 0.4207156301 -0.4813729525 0.7689463496
-129.4 -272.5 2503.2 -0.4161445200 -0.8686198592 -0.2689298689 0.5515635610 -0.0060011786 -0.8341112733 0.7229117155 -0.4954427481 0.4815964401
102.6 -55.7 2602.2 -0.0642511845 0.9778538346 0.1991825104 -0.9581519365 -0.0046550231 -0.2862222493 -0.2789563239 -0.2092372328 0.9372316599
84.9 -319.7 2525.4 -0.2001795173 0.9778538346 0.0610741153 -0.3125477731 -0.0046550231 -0.9498906136 -0.9285699129 -0.2092372328 0.3065578640
-114.4 -399.1 2820.2 0.9786644578 0.1786478311 0.1014928445 0.1052526683 -0.0116704134 -0.9943770170 -0.1764588356 0.9838438630 -0.0302245803
-187.8 -394.3 2415.8 0.9786644578 -0.0331622660 0.2027710825 0.1052526683 0.9284830093 -0.3561476469 -0.1764588356 0.3698912561 0.9121637940
65.9 -387.8 2826.7 0.9998821616 -0.0117460033 0.0098837856 0.0108546289 0.0856889114 -0.9962627888 0.0108551756 0.9962527156 0.0858063102
70.5 -421.3 2436.6 0.9998821616 -0.0143638924 -0.0054163081 0.0108546289 0.9110299945 -0.4121971726 0.0108551756 0.4120898247 0.9110785723
-73.9 -346.2 2406.7 0 0 0 0 0 0 0 0 0
29.3 -406.6 2267.3 0 0 0 0 0 0 0 0 0
-173.6 -791.1 2257.7 0 0 0 0 0 0 0 0 0
76.4 -793.5 2268.3 0 0 0 0 0 0 0 0 0
-51.5 101.5 2482.9 5 0.9977261424 -0.0487646163 -0.0465254039 0.0666652471 0.8155906796 0.5747761130 0.0099169509 -0.5765707493 0.8169870377
-41.6 -65.0 2600.6 0.9977261424 -0.0487646163 -0.0465254039 0.0666652471 0.8155906796 0.5747761130 0.0099169509 -0.5765707493 0.8169870377
-32.6 -224.1 2714.2 0.9978363514 -0.0462190211 -0.0467589498 0.0647750646 0.8129069209 0.5787802339 0.0112600168 -0.5805567503 0.8141419291
-183.6 -74.3 2599.0 -0.2435105145 -0.8736931682 -0.4211447537 0.8816213012 -0.0183962490 -0.4715988338 0.4042851925 -0.4861294627 0.7747461796
-127.4 -278.0 2505.6 -0.4294779301 -0.8655511737 -0.2576235235 0.5567571521 -0.0291667804 -0.8301631212 0.7110345960 -0.4999704659 0.4944282770
100.5 -55.7 2602.1 -0.0565400980 0.9789823294 0.1959511042 -0.9604675174 0.0002515563 -0.2783918977 -0.2725900412 -0.2039449811 0.9402664900
85.6 -309.3 2530.2 -0.1913838685 0.9789823294 0.0704686418 -0.3443940282 0.0002515563 -0.9388251901 -0.9191109538 -0.2039449811 0.3371075094
-115.8 -389.3 2822.4 0.9808019400 0.1640601754 0.1054127514 0.0961410552 0.0634857491 -0.9933410287 -0.1696599126 0.9844053388 0.0464940220
-185.7 -416.3 2403.4 0.9808019400 -0.0287959147 0.1928688288 0.0961410552 0.9318873286 -0.3497754335 -0.1696599126 0.3616030514 0.9167653918
64.6 -380.7 2823.7 0.9998384714 -0.0118074836 0.0135518461 0.0146987876 0.1031870320 -0.9945533872 0.0103447977 0.9945918918 0.1033439189
69.3 -421.1 2434.2 0.9998384714 -0.0176365282 -0.0034672853 0.0146987876 0.9133092165 -0.4070015550 0.0103447977 0.4068848491 0.9134208560
-70.0 -352.4 2410.7 0 0 0 0 0 0 0 0 0
33.0 -403.9 2277.7 0 0 0 0 0 0 0 0 0
-174.1 -791.0 2258.1 0 0 0 0 0 0 0 0 0
76.5 -794.9 2267.7 0 0 0 0 0 0 0 0 0
-52.0 95.2 2482.6 6 0.9977201223 -0.0439707153 -0.0511964746 0.0657229871 0.8053812981 0.5891022682 0.0153294355 -0.5911239982 0.8064350486
-43.1 -67.6 2602.1 0.9977201223 -0.0439707153 -0.0511964746 0.0657229871 0.8053812981 0.5891022682 0.0153294355 -0.5911239982 0.8064350486
-34.9 -224.7 2718.6 0.9977911711 -0.0420554355 -0.0514205322 0.0643951818 0.8024091721 0.5932897925 0.0163092464 -0.5952905416 0.8033449650
-185.2 -76.9 2599.8 -0.2454148233 -0.8706684113 -0.4262723625 0.8888571858 -0.0265964847 -0.4574117959 0.3869166374 -0.4911508858 0.7804270387
-128.4 -282.3 2510.4 -0.4335064888 -0.8624479175 -0.2612578869 0.5696433187 -0.0376177467 -0.8210306764 0.6982682943 -0.5047459006 0.5075952411
99.0 -58.4 2604.4 -0.0552007370 0.9738100767 0.2205603272 -0.9509482980 0.0160659607 -0.3089324236 -0.3043850362 -0.2267947644 0.9251561165
84.9 -301.2 2526.7 -0.2045008540 0.9738100767 0.0993648916 -0.3740470707 0.0160659607 -0.9272705317 -0.9045817852 -0.2267947644 0.3609653115
-113.7 -389.1 2826.9 0.9746256471 0.1979939640 0.1044183671 0.1206256300 -0.0716133118 -0.9901115894 -0.1885583699 0.9775837064 -0.0936793163
-193.8 -360.1 2431.6 0.9746256471 -0.0422930680 0.2198092341 0.1206256300 0.9264391065 -0.3565950394 -0.1885583699 0.3740613163 0.9080329537
66.6 -377.4 2828.9 0.9997352362 -0.0068261786 0.0219753589 0.0224645324 0.0826084614 -0.9963288307 0.0049857679 0.9965587258 0.0827399343
69.3 -409.7 2438.7 0.9997352362 -0.0225678328 0.0044951099 0.0224645324 0.9148593545 -0.4031473100 0.0049857679 0.4031415284 0.9151240587
-70.6 -358.4 2417.2 0 0 0 0 0 0 0 0 0
29.2 -403.1 2280.2 0 0 0 0 0 0 0 0 0
-174.1 -790.4 2257.9 0 0 0 0 0 0 0 0 0
78.8 -794.0 2269.4 0 0 0 0 0 0 0 0 0
-53.0 93.4 2480.9 7 0.9978626370 -0.0479601845 -0.0443848372 0.0649722964 0.8007745743 0.5954315662 0.0069852415 -0.5970426798 0.8021790981
-43.2 -69.2 2602.1 0.9978626370 -0.0479601845 -0.0443848372 0.0649722964 0.8007745743 0.5954315662 0.0069852415 -0.5970426798 0.8021790981
-34.6 -225.4 2719.8 0.9980145097 -0.0444647931 -0.0446089543 0.0623450726 0.7980867028 0.5993085504 0.0089536831 -0.6008997560 0.7992742658
-185.3 -78.2 2600.9 -0.2408483922 -0.8740959167 -0.4218392670 0.8922176957 -0.0283256378 -0.4507163763 0.3820204735 -0.4849267900 0.7867060304
-129.7 -284.4 2512.6 -0.4274611771 -0.8659930229 -0.2594861090 0.5757182240 -0.0394646861 -0.8166952133 0.6970118284 -0.4984963834 0.5154376030
98.9 -60.2 2603.4 -0.0417279154 0.9687991142 0.2443092614 -0.9526554346 0.0351289958 -0.3020158410 -0.3011750281 -0.2453450412 0.9214659333
88.4 -299.8 2527.6 -0.2137873173 0.9687991142 0.1253922433 -0.3823738992 0.0351289958 -0.9233396649 -0.8989355564 -0.2453450412 0.3629333675
-116.9 -387.6 2833.7 0.9781584144 0.1886579692 0.0872596949 0.1117430925 -0.1232875809 -0.9860596657 -0.1752699763 0.9742732644 -0.1416760087
-191.9 -338.6 2446.5 0.9781584144 -0.0366080739 0.2046116590 0.1117430925 0.9226393700 -0.3691207170 -0.1752699763 0.3839224875 0.9065781832
63.5 -376.0 2836.7 0.9994159341 -0.0016272408 0.0341348350 0.0341582857 0.0774653107 -0.9964097142 -0.0010228669 0.9969937205 0.0774756521
64.1 -406.3 2446.2 0.9994159341 -0.0305893663 0.0152356625 0.0341582857 0.9075376987 -0.4185791612 -0.0010228669 0.4188551009 0.9080525041
-72.6 -361.2 2419.6 0 0 0 0 0 0 0 0 0
30.4 -403.6 2283.8 0 0 0 0 0 0 0 0 0
-173.9 -791.1 2258.2 0 0 0 0 0 0 0 0 0
77.1 -792.3 2268.1 0 0 0 0 0 0 0 0 0
-53.2 89.8 2480.6 8 0.9959679842 -0.0672447830 -0.0593790039 0.0893450677 0.8031060100 0.5890994668 0.0080737676 -0.5920294523 0.8058758974
-39.6 -73.2 2600.8 0.9959679842 -0.0672447830 -0.0593790039 0.0893450677 0.8031060100 0.5890994668 0.0080737676 -0.5920294523 0.8058758974
-27.4 -230.1 2717.1 0.9962592125 -0.0626096427 -0.0595615804 0.0857457072 0.8018389344 0.5913560390 0.0107342023 -0.5942510962 0.8042079806
-181.4 -85.5 2599.3 -0.2622011602 -0.8726699948 -0.4119436741 0.8830593228 -0.0448207594 -0.4671159387 0.3891744614 -0.4862490594 0.7823714614
-120.8 -289.6 2509.3 -0.4416430295 -0.8642925620 -0.2407275736 0.5596191287 -0.0556515828 -0.8268792629 0.7012687325 -0.4999012053 0.5082527995
102.3 -60.9 2602.2 -0.0585349128 0.9721792936 0.2268061787 -0.9536926746 0.0126873404 -0.3005151153 -0.2950321436 -0.2338940203 0.9264176488
87.5 -300.8 2528.0 -0.2129601985 0.9721792936 0.0975465551 -0.3679568172 0.0126873404 -0.9297563434 -0.9051274657 -0.2338940203 0.3550181091
-116.1 -387.3 2836.6 0.9809103608 0.1687222570 0.0966831073 0.0982753113 -0.0010919432 -0.9951586723 -0.1677998453 0.9856630564 -0.0176523309
-187.2 -386.9 2421.6 0.9809103608 -0.0290344413 0.1922805905 0.0982753113 0.9272435308 -0.3613327444 -0.1677998453 0.3733314574 0.9123961926
64.3 -376.1 2838.3 0.9998167157 -0.0093375146 0.0167127177 0.0173166413 0.0688539147 -0.9974764585 0.0081632147 0.9975830317 0.0690029860
67.9 -403.0 2447.5 0.9998167157 -0.0191436764 -0.0001542053 0.0173166413 0.9077721238 -0.4191060960 0.0081632147 0.4190266132 0.9079372287
-61.9 -364.3 2415.7 0 0 0 0 0 0 0 0 0
28.8 -402.3 2278.4 0 0 0 0 0 0 0 0 0
-174.6 -788.8 2259.7 0 0 0 0 0 0 0 0 0
76.2 -792.8 2267.6 0 0 0 0 0 0 0 0 0
-52.6 87.6 2479.9 9 0.9954462647 -0.0699915513 -0.0647142902 0.0947913900 0.7985116243 0.5944693089 0.0100672813 -0.5978966355 0.8015099764
-38.4 -74.5 2601.3 0.9954462647 -0.0699915513 -0.0647142902 0.0947913900 0.7985116243 0.5944693089 0.0100672813 -0.5978966355 0.8015099764
-25.3 -230.7 2718.5 0.9956495166 -0.0669685230 -0.0647863373 0.0924218222 0.7981635928 0.5953091979 0.0118431179 -0.5987070203 0.8008805513
-180.1 -87.8 2599.7 -0.2686856985 -0.8715654016 -0.4100997150 0.8833993673 -0.0532613993 -0.4655843377 0.3839446902 -0.4873776734 0.7842509151
-118.0 -291.9 2511.0 -0.4464816749 -0.8630941510 -0.2360562831 0.5604747534 -0.0641103387 -0.8256863356 0.6975114346 -0.5009573698 0.5123665929
103.4 -61.3 2603.0 -0.0622731261 0.9724379778 0.2246917486 -0.9548265934 0.0074955281 -0.2970690727 -0.2905654609 -0.2330410630 0.9280428886
87.8 -300.4 2530.2 -0.2152007222 0.9724379778 0.0897383392 -0.3558240533 0.0074955281 -0.9345229268 -0.9094382524 -0.2330410630 0.3444038033
-105.2 -394.9 2832.5 0.9756638408 0.1879912019 0.1128687412 0.1063881442 0.0442464314 -0.9933397174 -0.1917331666 0.9811735749 0.0231696106
-186.4 -414.0 2408.5 0.9756638408 -0.0287609771 0.2173772156 0.1063881442 0.9289463758 -0.3545986116 -0.1917331666 0.3690954149 0.9093992114
74.9 -379.4 2834.4 0.9990989566 0.0213912427 0.0366569348 0.0350020453 0.0731885582 -0.9967036843 -0.0240035988 0.9970886707 0.0723738670
66.5 -408.0 2444.1 0.9990989566 -0.0217736326 0.0364311002 0.0350020453 0.9081762433 -0.4171220064 -0.0240035988 0.4180212915 0.9081200361
-58.4 -366.8 2417.9 0 0 0 0 0 0 0 0 0
27.0 -401.0 2273.3 0 0 0 0 0 0 0 0 0
-174.7 -790.3 2259.0 0 0 0 0 0 0 0 0 0
75.8 -793.7 2266.6 0 0 0 0 0 0 0 0 0
-53.8 88.3 2479.6 0 0.9940582514 -0.0703786910 -0.0830361918 0.1060645282 0.7977369428 0.5936043262 0.0244639404 -0.5988845229 0.8004616499
-39.5 -73.5 2601.1 0.9940582514 -0.0703786910 -0.0830361918 0.1060645282 0.7977369428 0.5936043262 0.0244639404 -0.5988845229 0.8004616499
-26.0 -229.7 2718.4 0.9941401482 -0.0692072138 -0.0830405131 0.1051285341 0.7978240252 0.5936537385 0.0251665954 -0.5989049673 0.8004245758
-181.0 -88.6 2597.6 -0.2850467861 -0.8642549515 -0.4145017266 0.8795194030 -0.0639231205 -0.4715500474 0.3810432255 -0.4989761412 0.7783501148
-115.2 -291.9 2509.5 -0.4628507197 -0.8554658294 -0.2322658151 0.5540440083 -0.0746497065 -0.8291336894 0.6919569373 -0.5124505758 0.5085174441
102.1 -58.5 2604.6 -0.0566830002 0.9686416984 0.2419097424 -0.9556342959 0.0175107960 -0.2940348983 -0.2890504897 -0.2478440255 0.9246746302
87.8 -298.9 2531.9 -0.2253005952 0.9686416984 0.1047517359 -0.3586495221 0.0175107960 -0.9333080649 -0.9058753848 -0.2478440255 0.3434576690
-102.2 -395.4 2834.7 0.9742694497 0.1916733831 0.1185764670 0.1076540053 0.0664651915 -0.9919642210 -0.1980143487 0.9792056680 0.0441205949
-186.7 -424.7 2403.3 0.9742694497 -0.0274124295 0.2237132639 0.1076540053 0.9286304712 -0.3550437093 -0.1980143487 0.3699918687 0.9076873660
77.8 -378.7 2836.9 0.9984688163 0.0312169977 0.0456675030 0.0443889275 0.0404920168 -0.9981933832 -0.0330097675 0.9986920953 0.0390443243
65.5 -394.5 2446.0 0.9984688163 -0.0272705555 0.0481283553 0.0443889275 0.9141644239 -0.4029057026 -0.0330097675 0.4044251442 0.9139751792
-53.4 -365.8 2417.1 0 0 0 0 0 0 0 0 0
24.1 -400.2 2275.9 0 0 0 0 0 0 0 0 0
-175.9 -787.6 2258.7 0 0 0 0 0 0 0 0 0
77.4 -792.5 2269.9 0 0 0 0 0 0 0 0 0
-53.7 89.9 2479.4 1 0.9937033057 -0.0683802813 -0.0887574404 0.1078096479 0.7992493510 0.5912508965 0.0305094216 -0.5970968604 0.8015887737
-39.8 -73.2 2601.3 0.9937033057 -0.0683802813 -0.0887574404 0.1078096479 0.7992493510 0.5912508965 0.0305094216 -0.5970968604 0.8015887737
-26.3 -229.3 2718.6 0.9936162233 -0.0693939254 -0.0889453888 0.1088188589 0.7974962592 0.5934292078 0.0297532380 -0.5993198156 0.7999565601
-181.3 -88.8 2597.1 -0.2900677323 -0.8616935015 -0.4163472354 0.8784975410 -0.0671837106 -0.4729994237 0.3796087801 -0.5029618740 0.7764834166
-114.2 -291.9 2509.4 -0.4681000113 -0.8528023958 -0.2315393835 0.5523987412 -0.0778790712 -0.8299340010 0.6897376180 -0.5163941979 0.5075421929
101.7 -57.6 2605.5 -0.0599660054 0.9662819505 0.2504062057 -0.9521939158 0.0199070219 -0.3048449159 -0.2995509803 -0.2567155957 0.9188940525
86.3 -301.4 2528.8 -0.2325521559 0.9662819505 0.1105381474 -0.3605404794 0.0199070219 -0.9325311184 -0.9032884836 -0.2567155957 0.3437543213
-102.3 -395.4 2833.4 0.9745402336 0.1883087456 0.1217011511 0.1072920933 0.0849442706 -0.9905921817 -0.1968749911 0.9784294963 0.0625775680
-185.8 -433.1 2399.8 0.9745402336 -0.0282807574 0.2224220186 0.1072920933 0.9298810959 -0.3518658876 -0.1968749911 0.3667715788 0.9092407823
77.4 -376.4 2837.9 0.9985126853 0.0300570820 0.0454861782 0.0433440134 0.0684407279 -0.9967131615 -0.0330713950 0.9972022772 0.0670361444
65.6 -403.2 2447.6 0.9985126853 -0.0255927052 0.0481397361 0.0433440134 0.9082459211 -0.4161858261 -0.0330713950 0.4176533818 0.9080043435
-51.8 -365.6 2417.3 0 0 0 0 0 0 0 0 0
17.8 -407.6 2262.7 0 0 0 0 0 0 0 0 0
-174.9 -789.9 2259.1 0 0 0 0 0 0 0 0 0
76.5 -790.5 2269.5 0 0 0 0 0 0 0 0 0
-55.5 92.7 2479.4 2 0.9939118624 -0.0729012117 -0.0826113001 0.1077865586 0.7987387180 0.5919446945 0.0228313524 -0.5972452760 0.8017336130
-40.6 -70.5 2601.4 0.9939118624 -0.0729012117 -0.0826113001 0.1077865586 0.7987387180 0.5919446945 0.0228313524 -0.5972452760 0.8017336130
-26.4 -226.1 2719.4 0.9938580990 -0.0730846897 -0.0830948353 0.1083736196 0.7947202921 0.5972226262 0.0223893225 -0.6025598049 0.7977595925
-182.2 -86.1 2598.3 -0.2869543135 -0.8651802540 -0.4112425148 0.8804365396 -0.0690333769 -0.4691118598 0.3774768412 -0.4966865778 0.7815456986
-115.8 -289.6 2511.1 -0.4630235732 -0.8563879132 -0.2284926176 0.5558989048 -0.0797967762 -0.8274109364 0.6903517842 -0.5101295710 0.5130128860
100.9 -55.0 2604.6 -0.0697081834 0.9570939541 0.2812684774 -0.9431999922 0.0285755340 -0.3309941888 -0.3248299360 -0.2883654237 0.9007390738
81.7 -314.5 2515.2 -0.2615751326 0.9570939541 0.1246981621 -0.3430307508 0.0285755340 -0.9388894439 -0.9021686912 -0.2883654237 0.3208380044
-102.5 -395.4 2833.3 0.9827377796 0.1654611081 0.0827592984 0.0698527768 0.0823655128 -0.9941511750 -0.1713098586 0.9827708602 0.0693857819
-177.8 -432.8 2386.3 0.9827377796 -0.0087526748 0.1847968251 0.0698527768 0.9424973130 -0.3268323839 -0.1713098586 0.3340990841 0.9268391132
77.1 -375.7 2838.7 0.9982593656 0.0330061540 0.0488762483 0.0460808501 0.0807137936 -0.9956715703 -0.0368082747 0.9961906672 0.0790523440
64.2 -407.3 2448.6 0.9982593656 -0.0260701049 0.0529022068 0.0460808501 0.9046045542 -0.4237536192 -0.0368082747 0.4254537821 0.9042313099
-54.0 -363.8 2418.9 0 0 0 0 0 0 0 0 0
3.5 -417.1 2245.6 0 0 0 0 0 0 0 0 0
-174.5 -790.9 2259.4 0 0 0 0 0 0 0 0 0
75.2 -790.1 2268.6 0 0 0 0 0 0 0 0 0
-53.8 94.1 2480.8 3 0.9972417951 -0.0554753281 -0.0493082590 0.0738201216 0.8103272915 0.5813090801 0.0077075148 -0.5833456516 0.8121874332
-42.4 -72.0 2600.3 0.9972417951 -0.0554753281 -0.0493082590 0.0738201216 0.8103272915 0.5813090801 0.0077075148 -0.5833456516 0.8121874332
-31.4 -229.8 2715.6 0.9971541166 -0.0567007624 -0.0496855713 0.0750833303 0.8062821031 0.5867466331 0.0067916042 -0.5888074040 0.8082448244
-184.4 -82.7 2599.5 -0.2510465682 -0.8752486706 -0.4134191275 0.8832625151 -0.0324021615 -0.4677579403 0.3960088193 -0.4825866520 0.7812087536
-126.4 -286.9 2507.9 -0.4325368404 -0.8670478463 -0.2472649664 0.5597373843 -0.0432329327 -0.8275415301 0.7068280578 -0.4963456392 0.5040189624
99.5 -61.2 2601.2 -0.0955437571 0.9568364024 0.2744731307 -0.9291463494 0.0132072372 -0.3694762290 -0.3571533263 -0.2903268337 0.8877791762
71.8 -331.2 2497.4 -0.2718826234 0.9568364024 0.1026837230 -0.3122748435 0.0132072372 -0.9498999715 -0.9102550745 -0.2903268337 0.2952051163
-101.9 -391.5 2835.4 0.9859076142 0.1551593095 0.0625444725 0.0497760400 0.0848578885 -0.9951489568 -0.1597140282 0.9842381477 0.0759388208
-173.9 -430.9 2379.1 0.9859076142 0.0033398056 0.1672574878 0.0497760400 0.9486620426 -0.3123502731 -0.1597140282 0.3162739277 0.9351268411
77.7 -372.0 2839.4 0.9980265498 0.0371313766 0.0506383255 0.0483251847 0.0607494600 -0.9969825149 -0.0400955863 0.9974621534 0.0588351935
63.2 -395.7 2448.9 0.9980265498 -0.0273044892 0.0565459505 0.0483251847 0.9089911580 -0.4140045047 -0.0400955863 0.4159200788 0.9085168242
-68.7 -361.6 2413.6 0 0 0 0 0 0 0 0 0
-6.6 -421.2 2235.0 0 0 0 0 0 0 0 0 0
-175.1 -789.7 2259.5 0 0 0 0 0 0 0 0 0
75.1 -791.1 2268.0 0 0 0 0 0 0 0 0 0
-53.1 95.4 2479.5 4 0.9989112616 -0.0436477400 -0.0164679382 0.0449637771 0.8067231774 0.5892163515 -0.0124328937 -0.5893152952 0.8078074455
-44.1 -69.9 2600.3 0.9989112616 -0.0436477400 -0.0164679382 0.0449637771 0.8067231774 0.5892163515 -0.0124328937 -0.5893152952 0.8078074455
-35.5 -226.8 2716.9 0.9988689423 -0.0444771275 -0.0168130174 0.0457366109 0.8020404577 0.5955159664 -0.0130021200 -0.5956113338 0.8031675220
-186.3 -76.5 2602.2 -0.2173607051 -0.8850117326 -0.4117141664 0.8939526081 -0.0111327786 -0.4480232596 0.3919223249 -0.4654355943 0.7935783267
-136.1 -283.1 2511.6 -0.4021846652 -0.8773996830 -0.2615669966 0.5788459182 -0.0223291107 -0.8151311874 0.7093552947 -0.4792402387 0.5168596506
98.1 -63.3 2598.4 -0.1037768200 0.9264633060 0.3617957234 -0.9168725014 0.0518612154 -0.3957968950 -0.3854544759 -0.3727951050 0.8440667391
66.7 -340.7 2481.8 -0.3472738564 0.9264633060 0.1451435536 -0.2641651332 0.0518612154 -0.9630821347 -0.8997875452 -0.3727951050 0.2267292589
-110.5 -394.4 2830.4 0.9777324200 0.1825521737 0.1035083532 0.1035765633 0.0091868248 -0.9945790768 -0.1825134903 0.9831532240 -0.0099258693
-188.2 -398.3 2411.6 0.9777324200 -0.0308557395 0.2075745612 0.1035765633 0.9312124848 -0.3494499326 -0.1825134903 0.3631683886 0.9136725664
69.7 -380.8 2831.6 0.9988617897 0.0161848683 0.0448688902 0.0429160520 0.1056057289 -0.9934815764 -0.0208177809 0.9942763448 0.1047909334
63.4 -422.1 2442.6 0.9988617897 -0.0299132131 0.0371532924 0.0429160520 0.9035575986 -0.4263119102 -0.0208177809 0.4274211526 0.9038129449
-82.4 -360.3 2416.9 0 0 0 0 0 0 0 0 0
-30.2 -414.3 2230.9 0 0 0 0 0 0 0 0 0
-175.3 -787.4 2259.8 0 0 0 0 0 0 0 0 0
75.6 -791.4 2267.9 0 0 0 0 0 0 0 0 0
-51.7 103.6 2488.9 5 0.9993850589 -0.0273119900 0.0219903830 0.0101214210 0.8251395822 0.5648381710 -0.0335719883 -0.5642682910 0.8249086142
-46.1 -65.1 2604.3 0.9993850589 -0.0273119900 0.0219903830 0.0101214210 0.8251395822 0.5648381710 -0.0335719883 -0.5642682910 0.8249086142
-41.0 -225.2 2716.7 0.9994198084 -0.0262727682 0.0216740984 0.0090549709 0.8184269071 0.5745393038 -0.0328334048 -0.5740097165 0.8181899190
-188.4 -66.4 2609.0 -0.1757371277 -0.8939648867 -0.4122416973 0.8908390999 0.0338006839 -0.4530597925 0.4189535975 -0.4468604326 0.7904388905
-147.8 -272.3 2512.2 -0.3658561409 -0.8870570660 -0.2815653384 0.5746028423 0.0226948243 -0.8181176782 0.7321071625 -0.4611016214 0.5014024377
96.2 -63.7 2599.5 -0.1042017341 0.9067527056 0.4085847437 -0.9125970006 0.0761374086 -0.4017085731 -0.3953589201 -0.4147319496 0.8195661902
64.0 -345.5 2477.4 -0.3869763911 0.9067527056 0.1674776524 -0.2403962463 0.0761374086 -0.9676842093 -0.8902016282 -0.4147319496 0.1885165721
-117.0 -388.0 2834.8 0.9848051071 0.1490204781 0.0891728774 0.0792716667 0.0711216629 -0.9943127036 -0.1545150727 0.9862731099 0.0582278781
-182.0 -419.0 2404.6 0.9848051071 -0.0176075511 0.1727682799 0.0792716667 0.9307325482 -0.3570054471 -0.1545150727 0.3652764261 0.9179859757
63.4 -379.7 2832.4 0.9996649027 -0.0044106022 0.0255070608 0.0257912185 0.0856473222 -0.9959916472 0.0022083113 0.9963157773 0.0857323781
65.2 -413.2 2442.6 0.9996649027 -0.0243558511 0.0087667592 0.0257912185 0.9082673192 -0.4175946116 0.0022083113 0.4176807702 0.9085911512
-99.0 -349.0 2414.5 0 0 0 0 0 0 0 0 0
-41.9 -411.3 2233.8 0 0 0 0 0 0 0 0 0
-175.0 -788.7 2259.5 0 0 0 0 0 0 0 0 0
75.4 -793.8 2267.6 0 0 0 0 0 0 0 0 0
-50.7 103.7 2492.6 6 0.9998449683 -0.0172141660 0.0037031316 0.0122201415 0.8298004270 0.5579264164 -0.0126770977 -0.5577946901 0.8298821449
-47.2 -65.7 2606.5 0.9998449683 -0.0172141660 0.0037031316 0.0122201415 0.8298004270 0.5579264164 -0.0126770977 -0.5577946901 0.8298821449
-44.1 -226.5 2718.1 0.9998676181 -0.0158974919 0.0034603097 0.0110894637 0.8215445876 0.5700364709 -0.0119049484 -0.5699226260 0.8216121197
-189.5 -67.4 2608.3 -0.1861972511 -0.8845078349 -0.4277574420 0.8881769180 0.0346187390 -0.4581957459 0.4200861752 -0.4652390778 0.7791535258
-146.5 -272.6 2511.2 -0.3821881115 -0.8772824407 -0.2903580368 0.5698584914 0.0236047599 -0.8214037418 0.7274569273 -0.4793937504 0.4909053743
95.2 -64.1 2604.8 -0.1246966198 0.9082298875 0.3994611800 -0.9087775946 0.0570357367 -0.4133644402 -0.3982135057 -0.4145665467 0.8182668090
56.2 -348.2 2480.2 -0.3919589818 0.9082298875 0.1465832442 -0.2310688198 0.0570357367 -0.9712641835 -0.8904916644 -0.4145665467 0.1875079274
-126.2 -386.2 2832.1 0.9867871404 0.1441379935 0.0739961565 0.0805500597 -0.0401696600 -0.9959408045 -0.1405805051 0.9887419343 -0.0512492247
-185.5 -369.6 2425.7 0.9867871404 -0.0231353678 0.1603619307 0.0805500597 0.9288223386 -0.3616638780 -0.1405805051 0.3698024154 0.9184134603
54.2 -384.5 2826.1 0.9995392561 -0.0250741839 0.0171042532 0.0194917433 0.0982923657 -0.9949666858 0.0232667606 0.9948416352 0.0987358168
64.0 -423.0 2436.7 0.9995392561 -0.0274089146 -0.0130392341 0.0194917433 0.9089429975 -0.4164645076 0.0232667606 0.4160184562 0.9090584517
-95.5 -348.7 2414.1 0 0 0 0 0 0 0 0 0
-50.4 -411.1 2238.1 0 0 0 0 0 0 0 0 0
-175.0 -790.3 2258.2 0 0 0 0 0 0 0 0 0
75.2 -793.6 2267.1 0 0 0 0 0 0 0 0 0
-50.7 103.7 2493.9 7 0.9998247623 -0.0179467127 -0.0053239451 0.0179110151 0.8344351649 0.5508149862 -0.0054428312 -0.5508137941 0.8346104026
-47.0 -66.6 2606.3 0.9998247623 -0.0179467127 -0.0053239451 0.0179110151 0.8344351649 0.5508149862 -0.0054428312 -0.5508137941 0.8346104026
-43.9 -228.0 2717.0 0.9998528361 -0.0162108224 -0.0056169992 0.0165484715 0.8248898983 0.5650511384 -0.0045265378 -0.5650609136 0.8250367641
-189.4 -69.0 2607.0 -0.1940720528 -0.8812727928 -0.4309225678 0.8845955133 0.0326748788 -0.4652129412 0.4240598679 -0.4714770019 0.7732287049
-144.5 -273.5 2509.0 -0.3905631602 -0.8738847971 -0.2894576192 0.5633666515 0.0217860602 -0.8259197474 0.7280648351 -0.4856446087 0.4838087261
95.4 -64.1 2605.6 -0.1358127594 0.9053618312 0.4023367763 -0.9036364555 0.0533002913 -0.4249708652 -0.4061970413 -0.4212826490 0.8108790517
