128.4 111.9 2339.1 92 0.9646160007 -0.0362816229 0.2611505091 -0.0547638983 0.9413142800 0.3330590725 -0.2579086125 -0.3355757296 0.9060199261
135.8 -77.7 2406.7 0.9646160007 -0.0362816229 0.2611505091 -0.0547638983 0.9413142800 0.3330590725 -0.2579086125 -0.3355757296 0.9060199261
142.0 -264.9 2473.5 0.9647804499 -0.0313734226 0.2611787617 -0.0593401268 0.9413149953 0.3322722912 -0.2562760115 -0.3360681832 0.9063006043
0.0 -69.4 2442.7 -0.2770378292 -0.7950755954 0.5395413041 0.9330310225 -0.3567597568 -0.0466435328 0.2295717597 0.4904867411 0.8406661153
89.3 -370.1 2368.7 0.2995136678 -0.7950755954 0.5273957849 0.4722605646 -0.3567597568 -0.8060349822 0.8290123940 0.4904867411 0.2686284482
271.5 -86.1 2370.6 0.0226119142 0.6696496606 0.7423328161 -0.9760842323 0.1753720194 -0.1284689009 -0.2162135690 -0.7216744423 0.6575999856
277.0 -322.6 2318.2 -0.5612112880 0.6696496606 0.4864269793 -0.5169513226 0.1753720194 -0.8378579617 -0.6463769674 -0.7216744423 0.2477555275
74.3 -449.3 2566.2 0.8404389024 0.5397096872 0.0487434939 0.1092380136 -0.0806280375 -0.9907402396 -0.5307820439 0.8379812241 -0.1267197430
-152.4 -415.4 2214.1 0.8404389024 -0.1357399374 0.5246304870 0.1092380136 0.9906829596 0.0813284367 -0.5307820439 -0.0110419886 0.8474364281
236.7 -457.4 2516.8 0.9839277864 -0.0696975142 0.1644029170 0.1481835097 -0.1950298399 -0.9695385695 0.0996379033 0.9783177376 -0.1815672666
267.5 -371.4 2085.4 0.9839277864 -0.1530224383 -0.0920336694 0.1481835097 0.9872965217 -0.0573339462 0.0996379033 0.0427745916 0.9941039085
10.3 -494.8 2149.9 0 0 0 0 0 0 0 0 0
130.9 -457.2 2150.0 0 0 0 0 0 0 0 0 0
-100.5 -794.1 2218.3 0 0 0 0 0 0 0 0 0
325.9 -748.8 2069.0 0 0 0 0 0 0 0 0 0
127.9 110.0 2339.9 93 0.9646506906 -0.0256000534 0.2622855008 -0.0649764016 0.9414393902 0.3308624625 -0.2553959787 -0.3362090886 0.9064967632
133.0 -79.9 2407.7 0.9646506906 -0.0256000534 0.2622855008 -0.0649764016 0.9414393902 0.3308624625 -0.2553959787 -0.3362090886 0.9064967632
137.2 -267.1 2474.4 0.9647524953 -0.0207967293 0.2623359263 -0.0691082329 0.9418624043 0.3288150132 -0.2539226115 -0.3353546858 0.9072268605
-2.7 -70.2 2443.5 -0.2895495594 -0.7903175354 0.5399622321 0.9295470119 -0.3667113483 -0.0382776633 0.2282617837 0.4908370078 0.8408184052
91.0 -370.9 2369.6 0.3026356399 -0.7903175354 0.5327380300 0.4629169106 -0.3667113483 -0.8069886565 0.8331384063 0.4908370078 0.2548714578
268.8 -89.6 2372.0 0.0352353714 0.6635258794 0.7473230958 -0.9743886590 0.1889904439 -0.1218577400 -0.2220927030 -0.7238894701 0.6531912684
277.2 -322.1 2319.0 -0.5628037453 0.6635258794 0.4929353893 -0.5114133954 0.1889904439 -0.8382952809 -0.6493906975 -0.7238894701 0.2329714894
60.1 -449.4 2565.6 0.8521816134 0.5215183496 0.0424873754 0.1009389013 -0.0841762722 -0.9913251996 -0.5134178400 0.8490777612 -0.1243749559
-156.6 -414.4 2212.7 0.8521816134 -0.1242255270 0.5082858801 0.1009389013 0.9921916127 0.0732604563 -0.5134178400 -0.0111253904 0.8580666184
229.8 -460.7 2517.7 0.9851710796 -0.0740322322 0.1547810882 0.1378986090 -0.1951126009 -0.9710381031 0.1020878628 0.9779827595 -0.1820103526
262.5 -374.6 2086.4 0.9851710796 -0.1428809464 -0.0949894190 0.1378986090 0.9887974262 -0.0571284778 0.1020878628 0.0431824140 0.9938377142
11.0 -493.2 2149.5 0 0 0 0 0 0 0 0 0
130.7 -455.2 2150.0 0 0 0 0 0 0 0 0 0
-109.2 -793.7 2216.9 0 0 0 0 0 0 0 0 0
317.1 -752.6 2069.9 0 0 0 0 0 0 0 0 0
128.2 112.5 2339.4 94 0.9669918418 -0.0163226873 0.2542840242 -0.0710565224 0.9410842061 0.3306228220 -0.2446993440 -0.3377780914 0.9088609219
131.5 -77.6 2407.6 0.9669918418 -0.0163226873 0.2542840242 -0.0710565224 0.9410842061 0.3306228220 -0.2446993440 -0.3377780914 0.9088609219
133.9 -265.0 2473.9 0.9670318961 -0.0122757750 0.2543592453 -0.0736950338 0.9426077604 0.3256680965 -0.2437588274 -0.3336764574 0.9106270671
-4.6 -67.3 2441.9 -0.2819319069 -0.7984052300 0.5320370793 0.9309668541 -0.3617317080 -0.0495063998 0.2319808602 0.4813514352 0.8452725410
89.1 -376.8 2364.8 0.3073010445 -0.7984052300 0.5177983642 0.4426761568 -0.3617317080 -0.8204803467 0.8423798680 0.4813514352 0.2422744483
267.6 -88.0 2373.3 0.0329902358 0.6635854244 0.7473727465 -0.9731696844 0.1916982383 -0.1272498369 -0.2277111709 -0.7231224775 0.6521054506
275.5 -322.5 2318.4 -0.5637177825 0.6635854244 0.4918095171 -0.5073292851 0.1916982383 -0.8401600122 -0.6517969370 -0.7231224775 0.2285926044
51.3 -446.3 2563.2 0.8626794815 0.5041387677 0.0403505899 0.0973975435 -0.0873151794 -0.9914079905 -0.4962839782 0.8591973782 -0.1244268939
-157.1 -410.3 2208.1 0.8626794815 -0.1182753593 0.4917265773 0.0973975435 0.9929228425 0.0679553300 -0.4962839782 -0.0107307080 0.8680939078
225.1 -459.2 2517.9 0.9847430587 -0.0854293853 0.1516013294 0.1325019002 -0.1966287494 -0.9714835882 0.1128024310 0.9767491817 -0.1823092401
262.8 -372.5 2087.1 0.9847430587 -0.1381324530 -0.1058327407 0.1325019002 0.9894526601 -0.0585375763 0.1128024310 0.0436214320 0.9926594496
7.9 -493.7 2142.2 0 0 0 0 0 0 0 0 0
128.8 -454.5 2148.8 0 0 0 0 0 0 0 0 0
-111.9 -789.8 2212.2 0 0 0 0 0 0 0 0 0
315.6 -750.7 2070.4 0 0 0 0 0 0 0 0 0
128.6 112.4 2339.1 95 0.9679074287 -0.0195744019 0.2505435050 -0.0661880448 0.9419066310 0.3292887509 -0.2424342185 -0.3353040218 0.9103828073
132.6 -77.5 2406.7 0.9679074287 -0.0195744019 0.2505435050 -0.0661880448 0.9419066310 0.3292887509 -0.2424342185 -0.3353040218 0.9103828073
135.3 -265.1 2472.5 0.9679812789 -0.0138305519 0.2506410480 -0.0703569055 0.9435116053 0.3237835765 -0.2409608364 -0.3310507834 0.9123284817
-3.7 -67.6 2440.6 -0.2913805544 -0.8123741746 0.5051193833 0.9335412979 -0.3567360044 -0.0352141000 0.2088012844 0.4612890780 0.8623307943
93.1 -377.6 2371.3 0.3056628704 -0.8123741746 0.4966069162 0.4131687880 -0.3567360044 -0.8378729224 0.8578238487 0.4612890780 0.2266066968
268.8 -87.4 2372.8 0.0414999835 0.6733857393 0.7381255627 -0.9747141600 0.1896342039 -0.1181998700 -0.2195679694 -0.7145561576 0.6642284393
278.6 -319.0 2320.6 -0.5579952598 0.6733857393 0.4849669039 -0.5036702156 0.1896342039 -0.8428257108 -0.6595131159 -0.7145561576 0.2333493531
51.1 -446.6 2560.7 0.8662238717 0.4976902902 0.0442788489 0.1011211053 -0.0878330320 -0.9909893274 -0.4893166125 0.8628961444 -0.1264100522
-154.1 -410.3 2204.9 0.8662238717 -0.1206620336 0.4848679304 0.1011211053 0.9926575422 0.0663738847 -0.4893166125 -0.0084642591 0.8720651269
226.9 -459.1 2516.2 0.9840249419 -0.0878770575 0.1548307985 0.1348790079 -0.1996540427 -0.9705389738 0.1162007079 0.9759179950 -0.1846117824
265.6 -371.1 2085.8 0.9840249419 -0.1409795135 -0.1087185740 0.1348790079 0.9889456034 -0.0615972169 0.1162007079 0.0459493436 0.9921622872
12.2 -486.9 2144.2 0 0 0 0 0 0 0 0 0
133.4 -450.1 2149.0 0 0 0 0 0 0 0 0 0
-108.0 -789.8 2208.2 0 0 0 0 0 0 0 0 0
319.5 -749.1 2068.2 0 0 0 0 0 0 0 0 0
129.1 109.8 2338.9 96 0.9715253711 -0.0188115127 0.2361876667 -0.0620726496 0.9418187737 0.3303398192 -0.2286601663 -0.3355942965 0.9138331413
132.9 -79.7 2406.5 0.9715253711 -0.0188115127 0.2361876667 -0.0620726496 0.9418187737 0.3303398192 -0.2286601663 -0.3355942965 0.9138331413
135.6 -267.3 2472.2 0.9715844393 -0.0137810856 0.2362917960 -0.0654893070 0.9436789751 0.3243164122 -0.2274530232 -0.3305753767 0.9159612656
-3.9 -70.5 2438.5 -0.3131102026 -0.8024492860 0.5079735518 0.9313363433 -0.3641581237 -0.0011959426 0.1859423816 0.4727197886 0.8613718152
97.7 -372.5 2378.2 0.3188069165 -0.8024492860 0.5044177771 0.4080234766 -0.3641581237 -0.8372011185 0.8554992676 0.4727197886 0.2113220245
269.6 -88.9 2374.4 0.0345686674 0.6702669859 0.7413144708 -0.9734960198 0.1903772503 -0.1267358512 -0.2260762751 -0.7172856331 0.6590833664
277.8 -318.9 2321.0 -0.5606520176 0.6702669859 0.4862216413 -0.5033545494 0.1903772503 -0.8428467512 -0.6574978828 -0.7172856331 0.2306465656
50.1 -449.1 2558.9 0.8735880256 0.4839634895 0.0512180813 0.1056370884 -0.0858368352 -0.9906930923 -0.4750629067 0.8708681464 -0.1261105239
-149.1 -413.8 2200.3 0.8735880256 -0.1251817495 0.4702908695 0.1056370884 0.9920874834 0.0678472668 -0.4750629067 -0.0095904060 0.8798995614
227.5 -460.9 2517.0 0.9816414118 -0.1005183533 0.1620994806 0.1395485550 -0.2008577436 -0.9696300030 0.1300245523 0.9744496942 -0.1831430793
271.8 -372.3 2087.3 0.9816414118 -0.1463902742 -0.1222704798 0.1395485550 0.9882214069 -0.0628063381 0.1300245523 0.0445906371 0.9905076027
13.2 -480.6 2151.5 0 0 0 0 0 0 0 0 0
131.8 -450.0 2149.9 0 0 0 0 0 0 0 0 0
-101.3 -793.0 2204.0 0 0 0 0 0 0 0 0 0
327.8 -750.2 2070.2 0 0 0 0 0 0 0 0 0
129.3 111.7 2338.9 97 0.9685736895 -0.0209950376 0.2478391975 -0.0642993748 0.9414245486 0.3310369253 -0.2402720302 -0.3365695477 0.9104890227
133.5 -77.5 2406.5 0.9685736895 -0.0209950376 0.2478391975 -0.0642993748 0.9414245486 0.3310369253 -0.2402720302 -0.3365695477 0.9104890227
137.0 -264.8 2473.1 0.9686265588 -0.0177383684 0.2478870004 -0.0668708086 0.9420598149 0.3287120461 -0.2393552065 -0.3349756300 0.9113179445
-2.8 -68.1 2440.2 -0.2989592552 -0.7810034156 0.5483220220 0.9311298728 -0.3645061255 -0.0115089975 0.2088553011 0.5071182847 0.8361880779
96.4 -377.1 2370.9 0.3354392648 -0.7810034156 0.5267961025 0.4401027858 -0.3645061255 -0.8206368685 0.8329405785 0.5071182847 0.2214521021
269.8 -87.0 2372.8 0.0282052513 0.6720263362 0.7399899364 -0.9742641449 0.1841029078 -0.1300593913 -0.2236376256 -0.7172772884 0.6599238515
276.5 -319.8 2319.4 -0.5598671436 0.6720263362 0.4846951365 -0.5076637268 0.1841029078 -0.8416553140 -0.6548483372 -0.7172772884 0.2380902022
49.7 -450.4 2558.0 0.8698161840 0.4915355742 0.0425749980 0.0970956162 -0.0859342664 -0.9915582538 -0.4837275147 0.8666072488 -0.1224729642
-152.9 -415.0 2200.9 0.8698161840 -0.1223245412 0.4779712856 0.0970956162 0.9922724962 0.0772513747 -0.4837275147 -0.0207855720 0.8749718070
229.4 -458.3 2517.7 0.9832307696 -0.0882633179 0.1595832258 0.1399248540 -0.1960711032 -0.9705550671 0.1169540733 0.9766092896 -0.1804329008
268.3 -371.8 2087.0 0.9832307696 -0.1456199735 -0.1097817943 0.1399248540 0.9884648919 -0.0579495989 0.1169540733 0.0416166298 0.9922649860
7.5 -493.7 2150.3 0 0 0 0 0 0 0 0 0
130.8 -452.0 2148.9 0 0 0 0 0 0 0 0 0
-106.1 -794.3 2208.8 0 0 0 0 0 0 0 0 0
324.0 -749.7 2071.1 0 0 0 0 0 0 0 0 0
129.4 111.4 2338.8 98 0.9674642682 -0.0200442616 0.2522124350 -0.0666645393 0.9414351583 0.3305385411 -0.2440670431 -0.3365978599 0.9094685912
133.5 -77.9 2406.5 0.9674642682 -0.0200442616 0.2522124350 -0.0666645393 0.9414351583 0.3305385411 -0.2440670431 -0.3365978599 0.9094685912
136.8 -265.1 2473.5 0.9675220251 -0.0168621521 0.2522236705 -0.0696115568 0.9414228201 0.3299655914 -0.2430130392 -0.3368066847 0.9096735120
-2.7 -68.1 2440.7 -0.3045908511 -0.7968683839 0.5217520595 0.9336022735 -0.3583041131 -0.0022127365 0.1887091696 0.4864349365 0.8530943394
96.3 -371.5 2379.4 0.3208070695 -0.7968683839 0.5119410157 0.4313107431 -0.3583041131 -0.8280031681 0.8432400823 0.4864349365 0.2287513912
269.6 -87.7 2372.3 0.0309257563 0.6883406639 0.7247280478 -0.9762847424 0.1762386709 -0.1257297844 -0.2142700255 -0.7036526203 0.6774668097
277.0 -319.4 2321.5 -0.5495078564 0.6883406639 0.4735274017 -0.5065436959 0.1762386709 -0.8440102935 -0.6644204855 -0.7036526203 0.2518301010
51.9 -446.7 2561.3 0.8631076217 0.5023099780 0.0522482619 0.1033871919 -0.0744797140 -0.9918487072 -0.4943240583 0.8614740372 -0.1162164286
-154.6 -416.1 2207.1 0.8631076217 -0.1229596734 0.4898225069 0.1033871919 0.9923859835 0.0669409558 -0.4943240583 -0.0071358774 0.8692483902
228.9 -458.6 2518.1 0.9840062261 -0.0848843604 0.1566091925 0.1378595978 -0.1938882023 -0.9712888598 0.1128119156 0.9773443937 -0.1790850610
266.4 -373.1 2087.1 0.9840062261 -0.1431509554 -0.1060169786 0.1378595978 0.9888843894 -0.0556990765 0.1128119156 0.0401927754 0.9928030968
11.3 -485.6 2156.1 0 0 0 0 0 0 0 0 0
133.9 -451.2 2148.5 0 0 0 0 0 0 0 0 0
-107.6 -795.4 2209.8 0 0 0 0 0 0 0 0 0
321.1 -751.2 2071.7 0 0 0 0 0 0 0 0 0
128.1 113.1 2340.3 99 0.9705438018 -0.0237577297 0.2397505790 -0.0583569854 0.9423104525 0.3296140730 -0.2337503582 -0.3338960111 0.9131671190
132.9 -76.6 2407.5 0.9705438018 -0.0237577297 0.2397505790 -0.0583569854 0.9423104525 0.3296140730 -0.2337503582 -0.3338960111 0.9131671190
136.9 -264.0 2473.6 0.9706031084 -0.0205577854 0.2398060411 -0.0608820207 0.9429727197 0.3272549510 -0.2328581959 -0.3322345614 0.9140006900
-3.7 -68.0 2440.3 -0.3056279123 -0.7883918881 0.5338817835 0.9308472872 -0.3653481007 -0.0066392287 0.2002870142 0.4949332774 0.8455330729
96.0 -371.7 2374.9 0.3178276122 -0.7883918881 0.5267103314 0.4469427764 -0.3653481007 -0.8165555000 0.8361983895 0.4949332774 0.2362483591
269.4 -85.1 2374.7 0.0296679195 0.6772608757 0.7351445556 -0.9747521877 0.1824408621 -0.1287382096 -0.2213097662 -0.7127643228 0.6655741930
276.6 -320.2 2321.4 -0.5576087832 0.6772608757 0.4799897075 -0.5047338605 0.1824408621 -0.8437766433 -0.6590266824 -0.7127643228 0.2401058972
52.2 -446.3 2560.3 0.8664578795 0.4948127866 0.0664157346 0.1175907180 -0.0729786977 -0.9903769493 -0.4852042496 0.8659297824 -0.1214183569
-150.5 -416.4 2205.5 0.8664578795 -0.1322692931 0.4814099669 0.1175907180 0.9912056923 0.0606939532 -0.4852042496 0.0040205894 0.8743916154
230.1 -457.1 2518.3 0.9816257954 -0.0938968807 0.1661149412 0.1449082494 -0.1995614916 -0.9691113234 0.1241466776 0.9753761292 -0.1822882742
271.5 -369.1 2088.1 0.9816257954 -0.1512898207 -0.1162849367 0.1449082494 0.9875288010 -0.0615504272 0.1241466776 0.0435688384 0.9913069010
11.8 -490.0 2153.6 0 0 0 0 0 0 0 0 0
131.5 -451.6 2149.9 0 0 0 0 0 0 0 0 0
-99.9 -795.3 2204.0 0 0 0 0 0 0 0 0 0
329.3 -746.6 2071.4 0 0 0 0 0 0 0 0 0
129.9 113.1 2340.0 00 0.9707487822 -0.0156203797 0.2395889014 -0.0661605820 0.9418452382 0.3294697106 -0.2308021039 -0.3356836438 0.9132616520
133.1 -76.3 2407.5 0.9707487822 -0.0156203797 0.2395889014 -0.0661605820 0.9418452382 0.3294697106 -0.2308021039 -0.3356836438 0.9132616520
135.5 -263.6 2474.0 0.9707916975 -0.0120592974 0.2396207154 -0.0690820664 0.9423903823 0.3273041844 -0.2297633141 -0.3342976868 0.9140316844
-3.6 -66.5 2439.9 -0.3079497814 -0.8004032373 0.5143166184 0.9329132438 -0.3600966930 -0.0018123742 0.1866543442 0.4792546630 0.8575984836
96.1 -368.4 2379.4 0.3126768172 -0.8004032373 0.5114566088 0.4313216209 -0.3600966930 -0.8272194266 0.8462829590 0.4792546630 0.2326373458
269.7 -86.0 2375.2 0.0346832052 0.6802592874 0.7321505547 -0.9762445688 0.1798400581 -0.1208475232 -0.2138776481 -0.7105665803 0.6703368425
277.9 -318.3 2324.3 -0.5516721010 0.6802592874 0.4826025367 -0.5126704574 0.1798400581 -0.8395394683 -0.6578958035 -0.7105665803 0.2495360970
48.9 -444.8 2561.2 0.8682932854 0.4922246933 0.0614948310 0.1121240780 -0.0739888847 -0.9909358621 -0.4832131565 0.8673179746 -0.1194342896
-152.4 -414.6 2206.4 0.8682932854 -0.1251477450 0.4800049961 0.1121240780 0.9921237826 0.0558441319 -0.4832131565 0.0053310343 0.8754864931
226.9 -457.3 2519.4 0.9823677540 -0.0984450802 0.1589407474 0.1373601109 -0.1966729164 -0.9707996249 0.1268297881 0.9755144119 -0.1796827018
270.4 -370.5 2089.1 0.9823677540 -0.1435576379 -0.1197697818 0.1373601109 0.9887903333 -0.0585311055 0.1268297881 0.0410474800 0.9910748005
13.4 -482.5 2155.7 0 0 0 0 0 0 0 0 0
134.4 -451.8 2153.0 0 0 0 0 0 0 0 0 0
-104.6 -793.8 2204.4 0 0 0 0 0 0 0 0 0
325.2 -748.6 2073.4 0 0 0 0 0 0 0 0 0
129.9 112.5 2339.9 01 0.9693626761 -0.0117520997 0.2453525364 -0.0719746053 0.9414231181 0.3294573426 -0.2348523587 -0.3370228112 0.9117345810
132.2 -76.6 2407.6 0.9693626761 -0.0117520997 0.2453525364 -0.0719746053 0.9414231181 0.3294573426 -0.2348523587 -0.3370228112 0.9117345810
134.0 -263.9 2474.2 0.9693847299 -0.0089761559 0.2453827560 -0.0739764795 0.9422247410 0.3267109096 -0.2341383100 -0.3348611295 0.9127142429
-4.2 -66.2 2440.5 -0.3041332960 -0.7987552881 0.5191270709 0.9321187735 -0.3619889915 -0.0108880196 0.1966151595 0.4805766940 0.8546277285
94.9 -369.9 2376.5 0.3054480851 -0.7987552881 0.5183545947 0.4441881776 -0.3619889915 -0.8195491433 0.8422578573 0.4805766940 0.2442288250
268.7 -87.0 2374.6 0.0344739519 0.6777666807 0.7344684601 -0.9754109979 0.1828877628 -0.1229854822 -0.2176807523 -0.7121688128 0.6674059033
276.9 -319.4 2322.8 -0.5506909490 0.6777666807 0.4872081876 -0.5155323148 0.1828877628 -0.8371251225 -0.6564799547 -0.7121688128 0.2486959845
46.9 -444.5 2562.0 0.8663585186 0.4961169660 0.0573658012 0.1087749898 -0.0753385499 -0.9912074208 -0.4874329567 0.8649809361 -0.1192353144
-155.8 -413.8 2208.6 0.8663585186 -0.1206176877 0.4846382737 0.1087749898 0.9926733375 0.0526079461 -0.4874329567 0.0071391817 0.8731312156
224.8 -458.0 2519.3 0.9835950732 -0.0949653238 0.1533698142 0.1326296329 -0.1955711246 -0.9716796279 0.1222705767 0.9760807157 -0.1797675937
266.6 -371.7 2088.7 0.9835950732 -0.1385291219 -0.1155439168 0.1326296329 0.9895074368 -0.0573093481 0.1222705767 0.0410446450 0.9916477203
14.2 -487.3 2153.9 0 0 0 0 0 0 0 0 0
133.5 -453.6 2151.9 0 0 0 0 0 0 0 0 0
-109.7 -793.3 2205.8 0 0 0 0 0 0 0 0 0
319.6 -750.0 2073.0 0 0 0 0 0 0 0 0 0
130.2 108.5 2339.8 02 0.9690454602 -0.0186445080 0.2461773157 -0.0667639449 0.9402003288 0.3340148032 -0.2376835346 -0.3401112854 0.9098520875
133.9 -80.2 2408.1 0.9690454602 -0.0186445080 0.2461773157 -0.0667639449 0.9402003288 0.3340148032 -0.2376835346 -0.3401112854 0.9098520875
136.5 -267.3 2475.2 0.9691232443 -0.0128174601 0.2462435216 -0.0714146793 0.9412561059 0.3300559521 -0.2360086888 -0.3374502957 0.9112777710
-2.5 -70.1 2441.3 -0.2922791243 -0.7953411937 0.5310417414 0.9319816232 -0.3613981307 -0.0283142291 0.2144369632 0.4866454601 0.8468724489
92.1 -371.5 2372.0 0.3043362200 -0.7953411937 0.5242250562 0.4562333226 -0.3613981307 -0.8131682277 0.8362001181 0.4866454601 0.2528746128
270.3 -90.2 2374.9 0.0281187929 0.6770142317 0.7354325652 -0.9741757512 0.1834516674 -0.1316323727 -0.2240333110 -0.7127392292 0.6646893024
276.9 -319.2 2322.2 -0.5496255159 0.6770142317 0.4894522727 -0.5180242062 0.1834516674 -0.8354617953 -0.6554103494 -0.7127392292 0.2498800308
50.1 -447.9 2563.8 0.8648154736 0.4983645678 0.0610490777 0.1109085679 -0.0710286275 -0.9912891984 -0.4896871746 0.8640530705 -0.1166995540
-153.4 -418.9 2210.9 0.8648154736 -0.1240767911 0.4865173995 0.1109085679 0.9922567606 0.0559087843 -0.4896871746 0.0056081666 0.8718801737
227.9 -461.0 2520.6 0.9834070206 -0.0922449678 0.1562096775 0.1362256110 -0.1931610405 -0.9716642499 0.1198047623 0.9768211842 -0.1773898005
268.6 -375.8 2089.8 0.9834070206 -0.1417255998 -0.1132450998 0.1362256110 0.9891526103 -0.0549518168 0.1198047623 0.0386131220 0.9920462966
11.7 -492.1 2151.1 0 0 0 0 0 0 0 0 0
133.9 -454.0 2151.6 0 0 0 0 0 0 0 0 0
-106.0 -798.2 2208.8 0 0 0 0 0 0 0 0 0
322.8 -753.9 2075.0 0 0 0 0 0 0 0 0 0
130.6 108.0 2338.8 03 0.9672922492 -0.0179562904 0.2530280948 -0.0703926012 0.9393135309 0.3357603550 -0.2437017262 -0.3425897062 0.9073266983
134.2 -80.7 2407.6 0.9672922492 -0.0179562904 0.2530280948 -0.0703926012 0.9393135309 0.3357603550 -0.2437017262 -0.3425897062 0.9073266983
137.0 -267.6 2475.4 0.9673452377 -0.0140368976 0.2530733347 -0.0735047832 0.9400209785 0.3331029713 -0.2425699830 -0.3408276737 0.9082930684
-2.0 -70.4 2441.8 -0.2745557427 -0.8166118264 0.5077049136 0.9341300726 -0.3517491817 -0.0606095493 0.2280792594 0.4576217532 0.8593963981
87.3 -374.2 2367.6 0.2794522047 -0.8166118264 0.5050263405 0.4527770281 -0.3517491817 -0.8193079233 0.8466991186 0.4576217532 0.2714459896
270.3 -91.1 2373.5 0.0222994071 0.6839966774 0.7291442156 -0.9749779105 0.1762311906 -0.1355014741 -0.2211805135 -0.7078779340 0.6708114743
275.6 -321.3 2321.3 -0.5492933989 0.6839966774 0.4800263643 -0.5141184330 0.1762311906 -0.8394193053 -0.6587556005 -0.7078779340 0.2548526525
51.0 -447.8 2565.4 0.8614042997 0.5044441223 0.0593190230 0.1083229259 -0.0683513060 -0.9917631745 -0.4962345660 0.8607347012 -0.1135209724
-155.0 -419.9 2213.9 0.8614042997 -0.1229031757 0.4928259552 0.1083229259 0.9924132228 0.0581562258 -0.4962345660 0.0032883221 0.8681822419
228.5 -461.3 2520.9 0.9843940735 -0.0855869353 0.1537635326 0.1354352087 -0.1894478798 -0.9725054502 0.1123639345 0.9781535268 -0.1748998761
266.3 -377.7 2089.5 0.9843940735 -0.1402366906 -0.1063109562 0.1354352087 0.9894650578 -0.0511489548 0.1123639345 0.0359524786 0.9930164814
13.6 -493.8 2144.0 0 0 0 0 0 0 0 0 0
132.6 -455.1 2149.8 0 0 0 0 0 0 0 0 0
-108.0 -799.3 2212.6 0 0 0 0 0 0 0 0 0
319.9 -756.0 2075.7 0 0 0 0 0 0 0 0 0
131.3 108.0 2338.8 04 0.9697810411 -0.0187543724 0.2432550341 -0.0669385940 0.9383275509 0.3392058015 -0.2346145064 -0.3452385068 0.9087169170
135.0 -80.6 2408.2 0.9697810411 -0.0187543724 0.2432550341 -0.0669385940 0.9383275509 0.3392058015 -0.2346145064 -0.3452385068 0.9087169170
138.0 -267.4 2476.1 0.9698303938 -0.0147285378 0.2433352172 -0.0697084889 0.9397397637 0.3347086608 -0.2336015552 -0.3415731788 0.9103615284
-1.4 -70.7 2441.1 -0.2693544030 -0.8426651955 0.4662226737 0.9428058267 -0.3294535279 -0.0507699847 0.1963807940 0.4258823097 0.8832094073
85.1 -373.5 2378.0 0.2687996626 -0.8426651955 0.4665427208 0.4279469848 -0.3294535279 -0.8416185379 0.8629068136 0.4258823097 0.2720590234
271.5 -90.4 2375.3 0.0139628639 0.6836530566 0.7296735644 -0.9728654623 0.1778393835 -0.1480065286 -0.2309498191 -0.7078076601 0.6675856113
274.9 -322.1 2320.3 -0.5483772159 0.6836530566 0.4815609455 -0.5147785544 0.1778393835 -0.8386752605 -0.6590034366 -0.7078076601 0.2544068694
51.9 -447.8 2565.4 0.8654597402 0.4968029261 0.0645468161 0.1116613299 -0.0656910837 -0.9915726781 -0.4883760512 0.8653736711 -0.1123266593
-150.9 -421.0 2212.1 0.8654597402 -0.1270088553 0.4846113622 0.1116613299 0.9919000864 0.0605468936 -0.4883760512 0.0017114496 0.8726316094
229.9 -460.6 2522.6 0.9827581644 -0.0938249528 0.1593212932 0.1395110488 -0.1891951114 -0.9719783068 0.1213386357 0.9774467349 -0.1728434265
271.3 -377.2 2091.4 0.9827581644 -0.1445797384 -0.1152523085 0.1395110488 0.9889095426 -0.0509374700 0.1213386357 0.0339802429 0.9920293689
14.2 -486.2 2150.7 0 0 0 0 0 0 0 0 0
132.1 -456.0 2148.8 0 0 0 0 0 0 0 0 0
-102.4 -800.2 2211.4 0 0 0 0 0 0 0 0 0
326.5 -755.2 2078.4 0 0 0 0 0 0 0 0 0
130.0 109.7 2339.3 05 0.9675321579 -0.0149198119 0.2523072958 -0.0736688673 0.9382643700 0.3379835784 -0.2417736053 -0.3455971479 0.9067018032
133.0 -78.7 2408.7 0.9675321579 -0.0149198119 0.2523072958 -0.0736688673 0.9382643700 0.3379835784 -0.2417736053 -0.3455971479 0.9067018032
134.8 -265.4 2476.9 0.9675897956 -0.0092038270 0.2523594797 -0.0781562030 0.9393543601 0.3339236379 -0.2401283383 -0.3428245783 0.9081903696
-3.2 -67.7 2442.5 -0.2918198407 -0.8263766766 0.4816043377 0.9381618500 -0.3453553319 -0.0241264030 0.1862621307 0.4447822273 0.8760566115
90.7 -369.4 2382.6 0.2893882096 -0.8263766766 0.4830693603 0.4171254337 -0.3453553319 -0.8406759501 0.8615456223 0.4447822273 0.2447609901
269.2 -89.7 2374.9 0.0230084676 0.6882147789 0.7251420617 -0.9723802209 0.1839202791 -0.1437010616 -0.2322655320 -0.7018074989 0.6734381914
274.7 -322.3 2319.3 -0.5435424447 0.6882147789 0.4805434644 -0.5100102425 0.1839202791 -0.8402754664 -0.6666716933 -0.7018074989 0.2510281205
47.9 -445.0 2567.0 0.8629868031 0.5021640062 0.0555440448 0.1037973985 -0.0686298460 -0.9922277927 -0.4944491088 0.8620448112 -0.1113499627
-157.2 -417.0 2215.1 0.8629868031 -0.1187131256 0.4910814762 0.1037973985 0.9929277897 0.0576234013 -0.4944491088 0.0012447481 0.8692057133
225.4 -459.4 2523.0 0.9846997261 -0.0886960551 0.1499980688 0.1314457953 -0.1870529056 -0.9735159278 0.1144045964 0.9783374667 -0.1725322306
264.5 -376.9 2091.5 0.9846997261 -0.1360654086 -0.1088697016 0.1314457953 0.9901326299 -0.0485733189 0.1144045964 0.0335196704 0.9928686023
14.3 -479.4 2155.4 0 0 0 0 0 0 0 0 0
133.2 -455.1 2145.8 0 0 0 0 0 0 0 0 0
-111.8 -796.6 2214.6 0 0 0 0 0 0 0 0 0
316.6 -755.4 2078.6 0 0 0 0 0 0 0 0 0
129.6 112.3 2339.0 06 0.9658606648 -0.0150694707 0.2586235404 -0.0758828223 0.9380630255 0.3380525410 -0.2476994693 -0.3461367190 0.9048946500
132.7 -76.6 2408.7 0.9658606648 -0.0150694707 0.2586235404 -0.0758828223 0.9380630255 0.3380525410 -0.2476994693 -0.3461367190 0.9048946500
135.0 -263.1 2477.7 0.9659099579 -0.0114449235 0.2586252391 -0.0793705583 0.9378173947 0.3379332125 -0.2464108616 -0.3469402790 0.9049387574
-3.3 -65.5 2443.4 -0.2824349701 -0.8219429851 0.4946111441 0.9368743896 -0.3471457660 -0.0419075824 0.2061478049 0.4515523314 0.8681034446
88.8 -370.7 2376.2 0.2799659073 -0.8219429851 0.4960128963 0.4441667199 -0.3471457660 -0.8259574771 0.8510787487 0.4515523314 0.2678907514
268.6 -87.8 2374.1 0.0293089729 0.6862136722 0.7268093228 -0.9724938273 0.1876694411 -0.1379709095 -0.2310774326 -0.7027737498 0.6728389263
275.7 -322.1 2318.4 -0.5485221148 0.6862136722 0.4777387083 -0.5010346174 0.1876694411 -0.8448340297 -0.6693935990 -0.7027737498 0.2408759594
48.6 -442.2 2569.3 0.8595693707 0.5080807805 0.0547218509 0.1015205905 -0.0648333654 -0.9927185774 -0.5008333921 0.8588658571 -0.1073094308
-158.8 -415.8 2218.6 0.8595693707 -0.1186072752 0.4970642328 0.1015205905 0.9929385781 0.0613718554 -0.5008333921 -0.0022911110 0.8655406833
225.9 -456.8 2524.1 0.9854755402 -0.0820060745 0.1487044692 0.1318181604 -0.1826588809 -0.9742996097 0.1070606783 0.9797503352 -0.1691959649
262.0 -376.2 2091.9 0.9854755402 -0.1357272267 -0.1020594612 0.1318181604 0.9902902842 -0.0441487096 0.1070606783 0.0300541818 0.9937981367
14.9 -487.9 2151.7 0 0 0 0 0 0 0 0 0
132.9 -452.5 2144.2 0 0 0 0 0 0 0 0 0
-113.5 -795.4 2219.5 0 0 0 0 0 0 0 0 0
313.9 -754.8 2080.5 0 0 0 0 0 0 0 0 0
130.1 111.6 2339.9 07 0.9672703743 -0.0111357039 0.2535035610 -0.0775742605 0.9382290840 0.3372067809 -0.2415994555 -0.3458354771 0.9066573381
132.4 -77.2 2409.5 0.9672703743 -0.0111357039 0.2535035610 -0.0775742605 0.9382290840 0.3372067809 -0.2415994555 -0.3458354771 0.9066573381
134.1 -263.7 2478.3 0.9672951698 -0.0085272016 0.2535101473 -0.0799399763 0.9382558465 0.3365792334 -0.2407274544 -0.3458370566 0.9068886638
-3.8 -66.0 2443.4 -0.2744063735 -0.8287149072 0.4877834618 0.9387506247 -0.3408142030 -0.0509215109 0.2084429413 0.4439338446 0.8714782000
84.5 -367.8 2376.4 0.2633142471 -0.8287149072 0.4938594699 0.4625045657 -0.3408142030 -0.8184956908 0.8466139436 0.4439338446 0.2935432196
268.5 -88.5 2375.6 0.0351042375 0.6707320213 0.7408685684 -0.9706178308 0.1994646639 -0.1345913857 -0.2380518466 -0.7143755555 0.6580265164
276.9 -320.8 2318.6 -0.5581951737 0.6707320213 0.4884022176 -0.4984800816 0.1994646639 -0.8436417580 -0.6632764935 -0.7143755555 0.2230063379
47.0 -442.9 2569.1 0.8626354933 0.5028814673 0.0545003079 0.1013834551 -0.0663339868 -0.9926334620 -0.4955617487 0.8618062735 -0.1082059145
-158.3 -415.9 2217.2 0.8626354933 -0.1177009270 0.4919416010 0.1013834551 0.9930475950 0.0598153397 -0.4955617487 -0.0017240924 0.8685709834
224.5 -457.6 2524.9 0.9849360585 -0.0880341902 0.1488320827 0.1307869256 -0.1837857217 -0.9742266536 0.1131184697 0.9790162444 -0.1695034653
263.4 -376.6 2093.1 0.9849360585 -0.1350103617 -0.1080426350 0.1307869256 0.9903751016 -0.0452982485 0.1131184697 0.0304853134 0.9931136966
15.0 -489.9 2152.9 0 0 0 0 0 0 0 0 0
131.6 -450.5 2146.0 0 0 0 0 0 0 0 0 0
-113.3 -795.5 2217.9 0 0 0 0 0 0 0 0 0
315.0 -755.2 2081.5 0 0 0 0 0 0 0 0 0
132.1 113.2 2340.3 08 0.9660643935 -0.0118715484 0.2580282986 -0.0782301202 0.9385794401 0.3360783458 -0.2461698353 -0.3448589146 0.9057995081
134.5 -75.8 2409.8 0.9660643935 -0.0118715484 0.2580282986 -0.0782301202 0.9385794401 0.3360783458 -0.2461698353 -0.3448589146 0.9057995081
136.0 -262.6 2477.9 0.9660990238 -0.0074918410 0.2580631673 -0.0815843493 0.9394977093 0.3326981068 -0.2449422777 -0.3424732387 0.9070366025
-1.4 -64.3 2444.3 -0.2629860938 -0.8243126273 0.5013452172 0.9386572242 -0.3387490511 -0.0645888895 0.2230716497 0.4536053240 0.8628332615
84.6 -371.4 2371.3 0.2797714770 -0.8243126273 0.4921754003 0.4528156519 -0.3387490511 -0.8247466683 0.8465730548 0.4536053240 0.2784893513
270.5 -87.3 2375.3 0.0266615339 0.6802009940 0.7325406075 -0.9727672338 0.1864380836 -0.1377123743 -0.2302455604 -0.7089199424 0.6666479707
276.9 -320.1 2320.2 -0.5551494360 0.6802009940 0.4786812365 -0.5005245805 0.1864380836 -0.8454087377 -0.6642922759 -0.7089199424 0.2369563133
48.9 -441.9 2568.5 0.8608762026 0.5062029958 0.0514842682 0.1009126157 -0.0706855878 -0.9923810959 -0.4987070858 0.8595126867 -0.1119338125
-157.8 -413.0 2217.5 0.8608762026 -0.1151164547 0.4956211448 0.1009126157 0.9933493733 0.0554407053 -0.4987070858 0.0022868407 0.8667675853
226.2 -456.9 2523.5 0.9857245088 -0.0845449194 0.1456000656 0.1278264970 -0.1870356202 -0.9740010500 0.1095792428 0.9787082672 -0.1735585183
263.5 -374.4 2091.8 0.9857245088 -0.1322996914 -0.1041345969 0.1278264970 0.9906076789 -0.0485466681 0.1095792428 0.0345424786 0.9933776855
10.7 -490.9 2147.8 0 0 0 0 0 0 0 0 0
132.4 -450.4 2147.3 0 0 0 0 0 0 0 0 0
-113.8 -792.8 2216.7 0 0 0 0 0 0 0 0 0
314.0 -753.1 2078.6 0 0 0 0 0 0 0 0 0
130.0 111.2 2339.1 09 0.9655204415 -0.0187534224 0.2596509755 -0.0733421743 0.9374052286 0.3404297531 -0.2497824132 -0.3477352560 0.9037084579
133.8 -77.8 2409.2 0.9655204415 -0.0187534224 0.2596509755 -0.0733421743 0.9374052286 0.3404297531 -0.2497824132 -0.3477352560 0.9037084579
136.1 -264.4 2477.6 0.9656121731 -0.0114484010 0.2597345412 -0.0790433884 0.9388114810 0.3352389932 -0.2476797253 -0.3442411721 0.9056228399
-2.1 -66.7 2444.0 -0.2570217550 -0.8263781071 0.5010379553 0.9375249147 -0.3390126526 -0.0782143325 0.2344928235 0.4496327639 0.8618836999
82.9 -376.7 2366.5 0.2798312008 -0.8263781071 0.4886652231 0.4456789494 -0.3390126526 -0.8285171390 0.8503321409 0.4496327639 0.2734329998
269.7 -88.9 2374.3 0.0302163400 0.6796154976 0.7329459190 -0.9749447703 0.1817174107 -0.1283023804 -0.2203853279 -0.7107049823 0.6680784225
276.9 -320.0 2322.1 -0.5584340096 0.6796154976 0.4756828845 -0.5000805259 0.1817174107 -0.8466984630 -0.6618692875 -0.7107049823 0.2383853048
49.8 -443.8 2568.8 0.8590607643 0.5089893341 0.0542623848 0.1026509181 -0.0674510673 -0.9924278855 -0.5014751554 0.8581259847 -0.1101927906
-158.0 -416.3 2218.4 0.8590607643 -0.1182145178 0.4980360270 0.1026509181 0.9929878116 0.0586347058 -0.5014751554 0.0007530788 0.8651717305
227.0 -458.3 2523.3 0.9856436253 -0.0810341015 0.1481219381 0.1311099678 -0.1854106933 -0.9738752842 0.1063804999 0.9793142080 -0.1721244901
262.7 -376.5 2091.4 0.9856436253 -0.1352912188 -0.1010094881 0.1311099678 0.9902542233 -0.0469758622 0.1063804999 0.0330581106 0.9937757850
9.0 -494.4 2141.9 0 0 0 0 0 0 0 0 0
131.5 -450.1 2149.8 0 0 0 0 0 0 0 0 0
-112.8 -795.9 2218.1 0 0 0 0 0 0 0 0 0
314.4 -755.1 2078.7 0 0 0 0 0 0 0 0 0
131.3 111.7 2345.9 10 0.9589164257 -0.0132684205 0.2833783031 -0.0809814781 0.9445394278 0.3182565868 -0.2718847692 -0.3281298578 0.9046598673
134.0 -78.5 2412.0 0.9589164257 -0.0132684205 0.2833783031 -0.0809814781 0.9445394278 0.3182565868 -0.2718847692 -0.3281298578 0.9046598673
135.9 -266.3 2477.2 0.9589545131 -0.0097767338 0.2833914459 -0.0841031447 0.9446282983 0.3171813190 -0.2708005607 -0.3279965520 0.9050333500
-1.0 -66.7 2450.1 -0.2558985054 -0.8110885620 0.5259765387 0.9316121936 -0.3521776497 -0.0898311436 0.2580981851 0.4670185149 0.8457416892
83.8 -375.3 2364.6 0.2794664800 -0.8110885620 0.5138422251 0.4680749774 -0.3521776497 -0.8104793429 0.8383342624 0.4670185149 0.2812283933
268.9 -90.3 2373.9 0.0306244660 0.6759950519 0.7362695336 -0.9739769101 0.1856805682 -0.1299681962 -0.2245688140 -0.7131292820 0.6640899777
276.1 -320.6 2320.8 -0.5567945838 0.6759950519 0.4827115536 -0.5052152276 0.1856805682 -0.8427813053 -0.6593461633 -0.7131292820 0.2381370813
49.8 -446.3 2567.2 0.8485626578 0.5274552703 0.0416221805 0.1027036384 -0.0870352089 -0.9908969998 -0.5190312266 0.8451129198 -0.1280263960
-165.5 -410.8 2222.3 0.8485626578 -0.1080096811 0.5179530382 0.1027036384 0.9939467907 0.0390101112 -0.5190312266 0.0200931411 0.8545190692
225.7 -461.7 2517.5 0.9890664220 -0.0609559938 0.1342833787 0.1195708662 -0.2014904469 -0.9721648097 0.0863160938 0.9775919318 -0.1919988692
252.6 -372.9 2086.5 0.9890664220 -0.1243852451 -0.0792210326 0.1195708662 0.9908324480 -0.0628798082 0.0863160938 0.0527197756 0.9948719144
10.0 -498.9 2143.3 0 0 0 0 0 0 0 0 0
131.2 -452.1 2149.2 0 0 0 0 0 0 0 0 0
-124.2 -790.7 2214.7 0 0 0 0 0 0 0 0 0
300.2 -751.6 2066.3 0 0 0 0 0 0 0 0 0
131.5 110.4 2341.9 11 0.9644301534 -0.0175162088 0.2637568116 -0.0736317188 0.9405088425 0.3316949308 -0.2538756430 -0.3393174410 0.9057652950
135.0 -79.0 2410.2 0.9644301534 -0.0175162088 0.2637568116 -0.0736317188 0.9405088425 0.3316949308 -0.2538756430 -0.3393174410 0.9057652950
137.6 -266.0 2477.5 0.9644900560 -0.0132657634 0.2637857795 -0.0772931948 0.9408376217 0.3299247026 -0.2525562942 -0.3385979235 0.9064031839
-0.7 -68.2 2445.7 -0.2603740990 -0.7943977714 0.5487599969 0.9347639680 -0.3496929407 -0.0626994893 0.2417058200 0.4966357052 0.8336253762
84.5 -374.1 2366.6 0.3068926334 -0.7943977714 0.5241651535 0.4745202959 -0.3496929407 -0.8078027964 0.8250135779 0.4966357052 0.2696397007
270.7 -89.9 2374.6 0.0311500467 0.6710565090 0.7407515049 -0.9741908312 0.1861517131 -0.1276706606 -0.2235663980 -0.7176563740 0.6595357060
278.1 -319.9 2321.9 -0.5634547472 0.6710565090 0.4818733335 -0.5010771155 0.1861517131 -0.8451445103 -0.6568412781 -0.7176563740 0.2313629985
51.7 -446.0 2568.0 0.8567668200 0.5128909945 0.0537909158 0.1056336612 -0.0724434257 -0.9917628169 -0.5047694445 0.8553915620 -0.1162456796
-157.6 -416.4 2218.9 0.8567668200 -0.1182635352 0.5019605756 0.1056336612 0.9929571152 0.0536440611 -0.5047694445 0.0070634820 0.8632252812
228.7 -460.1 2521.7 0.9860983491 -0.0766383186 0.1474335790 0.1305649579 -0.1914315522 -0.9727829695 0.1027758867 0.9785093665 -0.1787640601
262.5 -375.7 2090.2 0.9860983491 -0.1351948082 -0.0966046304 0.1305649579 0.9900345206 -0.0527680703 0.1027758867 0.0394213274 0.9939230680
3.5 -499.4 2148.9 0 0 0 0 0 0 0 0 0
131.4 -450.3 2150.9 0 0 0 0 0 0 0 0 0
-112.4 -795.9 2216.2 0 0 0 0 0 0 0 0 0
314.2 -754.1 2075.1 0 0 0 0 0 0 0 0 0
132.3 110.3 2340.3 12 0.9658426046 -0.0117492490 0.2588629425 -0.0780783370 0.9393504262 0.3339529335 -0.2470867187 -0.3427575827 0.9063472748
134.6 -79.0 2409.4 0.9658426046 -0.0117492490 0.2588629425 -0.0780783370 0.9393504262 0.3339529335 -0.2470867187 -0.3427575827 0.9063472748
136.1 -265.9 2477.3 0.9658795595 -0.0073897187 0.2588861883 -0.0817077309 0.9398500919 0.3316710591 -0.2457651645 -0.3415072858 0.9071781635
-1.3 -67.5 2444.0 -0.2619338632 -0.8046805263 0.5328037739 0.9354727268 -0.3474087715 -0.0647913516 0.2372370511 0.4814523757 0.8437548280
84.3 -373.0 2366.5 0.2977111638 -0.8046805263 0.5136704445 0.4654944539 -0.3474087715 -0.8140160441 0.8334764242 0.4814523757 0.2711468637
270.6 -90.5 2374.8 0.0285507161 0.6691942811 0.7425388098 -0.9740974903 0.1853275746 -0.1295676082 -0.2243188322 -0.7196059227 0.6571516991
277.3 -320.1 2321.9 -0.5626302361 0.6691942811 0.4854134917 -0.5062288046 0.1853275746 -0.8422505856 -0.6535897851 -0.7196059227 0.2344945520
48.9 -445.2 2567.7 0.8605473042 0.5068187118 0.0509225130 0.1009775847 -0.0717528462 -0.9922978878 -0.4992613196 0.8590613008 -0.1129240468
-157.9 -415.9 2217.1 0.8605473042 -0.1146207154 0.4963067770 0.1009775847 0.9934036732 0.0543386713 -0.4992613196 0.0033548614 0.8664449453
226.1 -460.2 2522.6 0.9858654141 -0.0839299709 0.1450004578 0.1272263080 -0.1880734414 -0.9738798141 0.1090084389 0.9785622954 -0.1747370064
263.2 -377.2 2091.1 0.9858654141 -0.1317793429 -0.1034580991 0.1272263080 0.9906394482 -0.0494672582 0.1090084389 0.0356054641 0.9934029579
5.7 -495.9 2146.4 0 0 0 0 0 0 0 0 0
130.8 -451.9 2151.8 0 0 0 0 0 0 0 0 0
-114.1 -795.7 2215.8 0 0 0 0 0 0 0 0 0
313.5 -755.9 2077.5 0 0 0 0 0 0 0 0 0
132.4 109.0 2339.5 13 0.9651287794 -0.0066271215 0.2616916895 -0.0845547020 0.9382020831 0.3356000781 -0.2477437556 -0.3460245430 0.9049254656
133.8 -79.6 2409.1 0.9651287794 -0.0066271215 0.2616916895 -0.0845547020 0.9382020831 0.3356000781 -0.2477437556 -0.3460245430 0.9049254656
134.3 -266.2 2477.6 0.9651444554 -0.0028003028 0.2617026865 -0.0876822099 0.9386952519 0.3334113061 -0.2465927154 -0.3447367251 0.9057309628
-2.1 -67.3 2443.8 -0.2626850605 -0.8097479343 0.5246950388 0.9355865717 -0.3467374146 -0.0667155385 0.2359541804 0.4733724594 0.8486719728
83.8 -373.2 2366.6 0.2873195708 -0.8097479343 0.5116207600 0.4691042006 -0.3467374146 -0.8122280240 0.8350980282 0.4733724594 0.2802317142
269.6 -91.9 2374.4 0.0316551402 0.6582583189 0.7521262765 -0.9732078910 0.1917584240 -0.1268663853 -0.2277374119 -0.7279592752 0.6466923356
277.1 -321.7 2320.6 -0.5696329474 0.6582583189 0.4921527505 -0.5053226948 0.1917584240 -0.8413546681 -0.6482031345 -0.7279592752 0.2234009504
46.3 -444.8 2568.8 0.8604782820 0.5074443817 0.0455773845 0.0947502404 -0.0714863092 -0.9929310679 -0.5005991459 0.8587141037 -0.1095928997
-160.8 -415.6 2218.2 0.8604782820 -0.1094019711 0.4976025522 0.0947502404 0.9939975739 0.0546917766 -0.5005991459 0.0000868765 0.8656792045
224.9 -460.2 2523.1 0.9835034013 -0.1088549718 0.1444701105 0.1231934205 -0.1817435324 -0.9755986333 0.1324552745 0.9773023725 -0.1653351784
272.0 -381.5 2099.9 0.9835034013 -0.1308197230 -0.1249288544 0.1231934205 0.9901205897 -0.0669672936 0.1324552745 0.0504721478 0.9899030924
8.0 -497.1 2146.1 0 0 0 0 0 0 0 0 0
128.8 -453.2 2151.9 0 0 0 0 0 0 0 0 0
-119.0 -795.6 2218.2 0 0 0 0 0 0 0 0 0
322.0 -760.0 2080.6 0 0 0 0 0 0 0 0 0
132.5 110.7 2339.2 14 0.9654209614 -0.0057557239 0.2606323659 -0.0852153674 0.9378693700 0.3363619745 -0.2463751286 -0.3469407856 0.9049482942
133.7 -77.9 2408.9 0.9654209614 -0.0057557239 0.2606323659 -0.0852153674 0.9378693700 0.3363619745 -0.2463751286 -0.3469407856 0.9049482942
134.1 -264.4 2477.7 0.9654344320 -0.0017912147 0.2606398463 -0.0885651186 0.9382244349 0.3345013261 -0.2451378405 -0.3460226953 0.9056355357
-2.2 -65.5 2443.4 -0.2543537915 -0.8228284717 0.5081903934 0.9369168878 -0.3399290740 -0.0814556181 0.2397727072 0.4554136395 0.8573840857
82.4 -377.1 2363.7 0.2812016606 -0.8228284717 0.4938410521 0.4528484046 -0.3399290740 -0.8242430091 0.8460815549 0.4554136395 0.2770279348
269.6 -90.4 2374.4 0.0205528997 0.6662759185 0.7454220057 -0.9713613391 0.1898355782 -0.1428970248 -0.2367164642 -0.7211371660 0.6510963440
274.5 -323.4 2317.6 -0.5592065454 0.6662759185 0.4933198094 -0.5125576258 0.1898355782 -0.8374050260 -0.6515924335 -0.7211371660 0.2353475094
45.8 -442.8 2569.0 0.8612186909 0.5062212348 0.0451938137 0.0936105028 -0.0705956221 -0.9931029081 -0.4995392859 0.8595093489 -0.1081858948
-160.8 -414.0 2218.1 0.8612186909 -0.1088646725 0.4964382052 0.0936105028 0.9940555692 0.0555928648 -0.4995392859 -0.0014057825 0.8662900925
223.7 -458.8 2523.8 0.9810872674 -0.1263761371 0.1466179937 0.1226246282 -0.1802935153 -0.9759392738 0.1497697085 0.9754605889 -0.1613868475
278.1 -381.3 2104.5 0.9810872674 -0.1325263977 -0.1410833746 0.1226246282 0.9894816279 -0.0767417029 0.1497697085 0.0579900146 0.9870188236
8.2 -496.7 2140.3 0 0 0 0 0 0 0 0 0
129.0 -456.8 2148.1 0 0 0 0 0 0 0 0 0
-119.2 -794.1 2218.6 0 0 0 0 0 0 0 0 0
328.7 -759.5 2082.3 0 0 0 0 0 0 0 0 0
133.1 111.0 2339.0 15 0.9671170115 -0.0052504851 0.2542775273 -0.0836305395 0.9376246333 0.3374403715 -0.2401885986 -0.3476096988 0.9063536525
134.2 -77.7 2409.0 0.9671170115 -0.0052504851 0.2542775273 -0.0836305395 0.9376246333 0.3374403715 -0.2401885986 -0.3476096988 0.9063536525
134.4 -264.2 2477.9 0.9671291709 -0.0010583294 0.2542833686 -0.0872384682 0.9379197359 0.3357022107 -0.2388526946 -0.3468506932 0.9069972634
-2.0 -65.5 2442.6 -0.2514509559 -0.8234322071 0.5086569190 0.9377779365 -0.3373035491 -0.0824552551 0.2394680977 0.4562737644 0.8570118546
82.0 -378.5 2362.6 0.2828569114 -0.8234322071 0.4918855429 0.4530754983 -0.3373035491 -0.8251962662 0.8454079032 0.4562737644 0.2776682973
270.3 -90.0 2375.3 0.0206381511 0.6709128618 0.7412489653 -0.9714232087 0.1888033003 -0.1438412517 -0.2364551872 -0.7170978189 0.6556368470
