-25.7 86.5 2536.5 4 0.9985973835 0.0476466119 -0.0230876766 -0.0325484499 0.8963816762 0.4420865178 0.0417592935 -0.4407149851 0.8966752291
-35.1 -90.1 2623.3 0.9985973835 0.0476466119 -0.0230876766 -0.0325484499 0.8963816762 0.4420865178 0.0417592935 -0.4407149851 0.8966752291
-44.7 -262.9 2714.7 0.9985730052 0.0488088839 -0.0216716509 -0.0329985432 0.8830013871 0.4682089388 0.0419888571 -0.4668256640 0.8833519816
-177.3 -85.5 2617.4 -0.1754301935 -0.8542758822 -0.4893229306 0.8398483396 0.1294813752 -0.5271520615 0.5136914849 -0.5034354329 0.6947472692
-136.7 -279.6 2498.6 -0.4009825885 -0.8466814160 -0.3497765064 0.4966709912 0.1199004650 -0.8596172333 0.7697603106 -0.5184153914 0.3724440932
107.1 -94.7 2629.3 -0.1351950914 0.8242586255 0.5498363376 -0.8587822318 0.1792970598 -0.4799433649 -0.4941814840 -0.5370756388 0.6836186051
71.3 -321.9 2498.5 -0.4389763176 0.8242586255 0.3576276004 -0.3967527747 0.1792970598 -0.9002442956 -0.8061557412 -0.5370756388 0.2483197302
-147.8 -441.8 2794.4 0.9920290112 0.1039602309 0.0712091476 0.0758633688 -0.0415187478 -0.9962534308 -0.1006142274 0.9937144518 -0.0490745753
-188.5 -425.5 2405.5 0.9920290112 -0.0331552848 0.1215697303 0.0758633688 0.9274737239 -0.3661108911 -0.1006142274 0.3724153042 0.9225960970
32.5 -447.5 2805.7 0.9944811463 -0.0982560739 -0.0367825516 -0.0345559679 0.0242680497 -0.9991080761 0.0990610793 0.9948652387 0.0207387842
70.9 -457.0 2416.8 0.9944811463 -0.0088063134 -0.1045450196 -0.0345559679 0.9133749008 -0.4056503773 0.0990610793 0.4070242941 0.9080297947
-83.2 -345.9 2395.9 0 0 0 0 0 0 0 0 0
-41.0 -423.5 2292.3 0 0 0 0 0 0 0 0 0
-175.5 -789.6 2259.3 0 0 0 0 0 0 0 0 0
74.2 -795.5 2265.9 0 0 0 0 0 0 0 0 0
-26.9 83.6 2541.9 5 0.9976588488 0.0395917483 -0.0557611324 -0.0120479846 0.9043745995 0.4265694022 0.0673175752 -0.4248989224 0.9027343392
-34.6 -94.3 2625.5 0.9976588488 0.0395917483 -0.0557611324 -0.0120479846 0.9043745995 0.4265694022 0.0673175752 -0.4248989224 0.9027343392
-42.8 -268.6 2714.1 0.9976565838 0.0413670093 -0.0544988848 -0.0120985191 0.8906360865 0.4545557797 0.0673422888 -0.4528312087 0.8890494108
-176.6 -92.7 2615.9 -0.2068638206 -0.8437596560 -0.4952545166 0.8282082081 0.1184614226 -0.5477572680 0.5208440423 -0.5234850049 0.6743032932
-128.8 -284.1 2495.5 -0.4313147366 -0.8355765939 -0.3402637243 0.4765134156 0.1092682406 -0.8723505139 0.7660956383 -0.5383978486 0.3510344625
107.4 -96.0 2635.1 -0.1336409748 0.8101891875 0.5707306862 -0.8456737399 0.2070275545 -0.4919100106 -0.5166971684 -0.5483913422 0.6574884057
72.5 -316.7 2500.2 -0.4363968074 0.8101891875 0.3913455009 -0.4115706980 0.2070275545 -0.8875523210 -0.8001046181 -0.5483913422 0.2431039661
-144.5 -432.8 2802.3 0.9942951202 0.0984261632 0.0411035046 0.0534114167 -0.1258738190 -0.9906073809 -0.0923278332 0.9871515036 -0.1304128021
-182.9 -383.7 2417.2 0.9942951202 -0.0163084920 0.1054098755 0.0534114167 0.9315426946 -0.3596878946 -0.0923278332 0.3632659912 0.9270994663
36.0 -438.8 2809.9 0.9956705570 -0.0867918655 -0.0332760662 -0.0289000124 0.0511985309 -0.9982702732 0.0883454233 0.9949100018 0.0484685861
70.0 -458.8 2420.7 0.9956705570 -0.0109029878 -0.0923106074 -0.0289000124 0.9075665474 -0.4189125896 0.0883454233 0.4197667241 0.9033222198
-71.3 -347.7 2393.3 0 0 0 0 0 0 0 0 0
-39.2 -422.0 2295.4 0 0 0 0 0 0 0 0 0
-175.8 -787.3 2259.8 0 0 0 0 0 0 0 0 0
74.0 -794.9 2265.3 0 0 0 0 0 0 0 0 0
-27.4 84.9 2543.6 6 0.9969491959 0.0324010588 -0.0710107386 0.0002525672 0.9084258080 0.4180459976 0.0780531242 -0.4167885482 0.9056462049
-33.8 -94.7 2625.9 0.9969491959 0.0324010588 -0.0710107386 0.0002525672 0.9084258080 0.4180459976 0.0780531242 -0.4167885482 0.9056462049
-40.5 -269.6 2713.4 0.9969725013 0.0340407491 -0.0699075907 0.0008853694 0.8940466642 0.4479729533 0.0777499825 -0.4466786087 0.8913097978
-175.7 -94.9 2614.9 -0.2234629095 -0.8397796154 -0.4948075414 0.8219354153 0.1105112731 -0.5587570071 0.5239145756 -0.5315613151 0.6655494571
-124.1 -284.8 2493.8 -0.4456832707 -0.8313179612 -0.3320796490 0.4656606615 0.1015264988 -0.8791202903 0.7645433545 -0.5464456677 0.3418634236
108.1 -94.5 2637.0 -0.1606749147 0.8383077383 0.5209833980 -0.8400590420 0.1609535217 -0.5180683136 -0.5181547999 -0.5208973885 0.6783667803
62.2 -334.8 2488.7 -0.4380145073 0.8383077383 0.3246281445 -0.3700619936 0.1609535217 -0.9149579406 -0.8192663789 -0.5208973885 0.2397258431
-140.9 -441.8 2796.7 0.9938388467 0.1030363962 0.0408391021 0.0515214950 -0.1032424048 -0.9933209419 -0.0981318802 0.9893050790 -0.1079149023
-181.2 -401.5 2410.1 0.9938388467 -0.0126874624 0.1101061255 0.0515214950 0.9324538112 -0.3575967252 -0.0981318802 0.3610663414 0.9273625016
39.3 -444.1 2808.9 0.9958574772 -0.0829165801 -0.0373195857 -0.0345126987 0.0350316353 -0.9987900853 0.0841236264 0.9959405661 0.0320248380
71.8 -457.8 2419.1 0.9958574772 -0.0034295951 -0.0908633545 -0.0345126987 0.9102517366 -0.4126143754 0.0841236264 0.4140410423 0.9063626528
-64.6 -347.0 2391.8 0 0 0 0 0 0 0 0 0
-49.2 -428.9 2280.4 0 0 0 0 0 0 0 0 0
-175.9 -788.5 2260.2 0 0 0 0 0 0 0 0 0
73.1 -795.4 2265.5 0 0 0 0 0 0 0 0 0
-27.1 84.4 2544.9 7 0.9952768087 0.0312289502 -0.0919175968 0.0095665418 0.9106850624 0.4129905403 0.0966052413 -0.4119192362 0.9060849547
-33.3 -95.0 2626.1 0.9952768087 0.0312289502 -0.0919175968 0.0095665418 0.9106850624 0.4129905403 0.0966052413 -0.4119192362 0.9060849547
-39.9 -270.7 2712.1 0.9952979088 0.0333720222 -0.0909309611 0.0101565924 0.8976418972 0.4406085312 0.0963274390 -0.4394602776 0.8930821419
-175.0 -96.5 2612.4 -0.2413757145 -0.8308286667 -0.5014593005 0.8157619238 0.1061651036 -0.5685608387 0.5256141424 -0.5463082194 0.6521327496
-119.2 -285.1 2490.9 -0.4644461274 -0.8220024705 -0.3295477331 0.4555263817 0.0973755270 -0.8848806024 0.7594639659 -0.5610970855 0.3292181492
108.4 -93.5 2639.8 -0.1457876265 0.8299124837 0.5385083556 -0.8452095985 0.1784119606 -0.5037756562 -0.5141660571 -0.5285966992 0.6754397154
68.5 -324.8 2499.0 -0.4338510334 0.8299124837 0.3507400453 -0.3892791867 0.1784119606 -0.9036763310 -0.8125484586 -0.5285966992 0.2456634343
-137.2 -444.7 2793.8 0.9930282235 0.1103110239 0.0415498354 0.0522488654 -0.0959419161 -0.9940146804 -0.1056644097 0.9892556071 -0.1010366604
-180.4 -407.2 2406.8 0.9930282235 -0.0106637869 0.1173933372 0.0522488654 0.9325416684 -0.3572619557 -0.1056644097 0.3609048724 0.9265973568
43.0 -444.6 2807.9 0.9971491098 -0.0703330189 -0.0273299869 -0.0238442197 0.0499320924 -0.9984679222 0.0715899095 0.9962731004 0.0481127053
70.5 -464.2 2417.9 0.9971491098 -0.0082778046 -0.0750009343 -0.0238442197 0.9084653854 -0.4172793627 0.0715899095 0.4178780913 0.9056780934
-57.2 -345.9 2389.5 0 0 0 0 0 0 0 0 0
-42.2 -424.1 2291.7 0 0 0 0 0 0 0 0 0
-176.0 -786.8 2259.9 0 0 0 0 0 0 0 0 0
73.5 -796.3 2265.1 0 0 0 0 0 0 0 0 0
-26.2 83.2 2537.1 8 0.9958988428 0.0366795473 -0.0827049911 0.0043416559 0.8937036991 0.4486367106 0.0903695449 -0.4471558332 0.8898792267
-33.4 -92.7 2625.1 0.9958988428 0.0366795473 -0.0827049911 0.0043416559 0.8937036991 0.4486367106 0.0903695449 -0.4471558332 0.8898792267
-41.2 -264.9 2717.6 0.9958864450 0.0393880457 -0.0816014335 0.0040523661 0.8803143501 0.4743735194 0.0905195549 -0.4727528393 0.8765335083
-175.2 -93.3 2612.2 -0.2305776775 -0.8329054713 -0.5030928254 0.8370496035 0.0938530415 -0.5390172005 0.4961671531 -0.5453989506 0.6755428314
-121.9 -286.7 2497.5 -0.4557191730 -0.8242484331 -0.3360573649 0.4879443049 0.0844342783 -0.8687814474 0.7444664836 -0.5598976612 0.3637090027
108.3 -92.0 2638.0 -0.1275736988 0.8293836713 0.5439188480 -0.8609364629 0.1796871871 -0.4759211242 -0.4924564362 -0.5289945602 0.6911233068
74.3 -321.6 2506.7 -0.4364304543 0.8293836713 0.3487853408 -0.3827483952 0.1796871871 -0.9062097669 -0.8142678142 -0.5289945602 0.2390243113
-136.3 -447.4 2789.4 0.9933998585 0.1081492230 0.0382153988 0.0457563922 -0.0681271926 -0.9966268539 -0.1051809117 0.9917975664 -0.0726260617
-178.6 -420.7 2401.3 0.9933998585 -0.0047370428 0.1146046743 0.0457563922 0.9325720072 -0.3580723107 -0.1051809117 0.3609528840 0.9266336560
43.6 -445.6 2806.9 0.9976879358 -0.0658932030 -0.0166382082 -0.0142326308 0.0368098877 -0.9992209077 0.0664543211 0.9971475005 0.0357869491
69.4 -460.0 2416.4 0.9976879358 -0.0140874935 -0.0664852411 -0.0142326308 0.9132769704 -0.4070904553 0.0664543211 0.4070955217 0.9109649062
-61.1 -351.9 2398.2 0 0 0 0 0 0 0 0 0
-37.2 -419.5 2298.5 0 0 0 0 0 0 0 0 0
-176.8 -785.4 2260.2 0 0 0 0 0 0 0 0 0
74.6 -796.9 2266.2 0 0 0 0 0 0 0 0 0
-26.2 85.2 2541.2 9 0.9960968494 0.0409251004 -0.0782065243 -0.0036314030 0.9042691588 0.4269474447 0.0881926194 -0.4249970019 0.9008882642
-34.3 -92.6 2624.7 0.9960968494 0.0409251004 -0.0782065243 -0.0036314030 0.9042691588 0.4269474447 0.0881926194 -0.4249970019 0.9008882642
-42.6 -266.9 2713.3 0.9961331487 0.0424300507 -0.0769316629 -0.0028494932 0.8907923102 0.4544017911 0.0878104195 -0.4524254501 0.8874686360
-176.1 -92.2 2612.2 -0.2251490057 -0.8338934779 -0.5039142966 0.8264771700 0.1104407981 -0.5520310998 0.5159878135 -0.5407629013 0.6643282771
-124.1 -283.2 2493.0 -0.4513307810 -0.8253214955 -0.3393302262 0.4728248119 0.1013174951 -0.8753122091 0.7567940354 -0.5554990768 0.3445047736
107.6 -92.9 2637.2 -0.1163903698 0.8209766150 0.5589728951 -0.8649092913 0.1928844899 -0.4633869827 -0.4882470965 -0.5373946428 0.6876204014
76.9 -320.8 2508.6 -0.4409414232 0.8209766150 0.3627231121 -0.3837477267 0.1928844899 -0.9030687809 -0.8113620281 -0.5373946428 0.2299971431
-138.9 -437.5 2801.9 0.9922709465 0.1159677580 0.0441575758 0.0602101348 -0.1387926340 -0.9884894490 -0.1085041612 0.9835080504 -0.1447023153
-184.2 -383.3 2417.8 0.9922709465 -0.0171223190 0.1229033768 0.0602101348 0.9324659705 -0.3562049270 -0.1085041612 0.3608517945 0.9262897968
41.1 -436.8 2818.3 0.9962883592 -0.0815195069 -0.0276417863 -0.0286233146 -0.0108962348 -0.9995308518 0.0811800733 0.9966121912 -0.0131891510
73.0 -432.6 2428.5 0.9962883592 -0.0069720740 -0.0857956260 -0.0286233146 0.9131619334 -0.4065907598 0.0811800733 0.4075374007 0.9095730186
-63.8 -346.3 2392.0 0 0 0 0 0 0 0 0 0
-35.9 -419.0 2301.0 0 0 0 0 0 0 0 0 0
-176.8 -786.5 2261.8 0 0 0 0 0 0 0 0 0
75.8 -794.8 2266.8 0 0 0 0 0 0 0 0 0
-26.6 84.6 2543.2 0 0.9953459501 0.0414428338 -0.0869997218 -0.0011646757 0.9079099894 0.4191635251 0.0963592455 -0.4171113670 0.9037328362
-34.8 -93.2 2624.9 0.9953459501 0.0414428338 -0.0869997218 -0.0011646757 0.9079099894 0.4191635251 0.0963592455 -0.4171113670 0.9037328362
-43.2 -268.0 2712.6 0.9954096675 0.0429044217 -0.0855496675 0.0001965886 0.8929663897 0.4501232505 0.0957052559 -0.4480738640 0.8888589740
-176.5 -93.3 2611.3 -0.2321160287 -0.8299614787 -0.5072337389 0.8233569860 0.1099979058 -0.5567618608 0.5178855658 -0.5468677878 0.6578223109
-122.9 -283.6 2491.6 -0.4589632750 -0.8212412000 -0.3389920890 0.4678419232 0.1009708568 -0.8780255318 0.7552990317 -0.5615761876 0.3378691375
107.0 -93.1 2638.5 -0.1203272194 0.8200556040 0.5594909787 -0.8589156270 0.1965965629 -0.4728781283 -0.4977803826 -0.5374556184 0.6807026863
75.8 -316.1 2509.3 -0.4346322417 0.8200556040 0.3722950220 -0.3969988227 0.1965965629 -0.8965164423 -0.8083852530 -0.5374556184 0.2401139140
-141.0 -440.9 2793.9 0.9939587712 0.1014094874 0.0419767722 0.0485825948 -0.0635729730 -0.9967939854 -0.0984157771 0.9928114414 -0.0681156516
-180.5 -416.2 2406.7 0.9939587712 -0.0089742746 0.1093864515 0.0485825948 0.9296674728 -0.3651823699 -0.0984157771 0.3682905138 0.9244871140
39.1 -441.5 2809.8 0.9957629442 -0.0844385400 -0.0364186838 -0.0317316838 0.0562008843 -0.9979150891 0.0863092616 0.9948424697 0.0532833822
72.1 -463.4 2421.2 0.9957629442 -0.0078022471 -0.0916259363 -0.0317316838 0.9060391784 -0.4220024943 0.0863092616 0.4231218696 0.9019526243
-61.6 -346.1 2390.8 0 0 0 0 0 0 0 0 0
-35.5 -417.7 2302.4 0 0 0 0 0 0 0 0 0
-177.0 -784.1 2261.0 0 0 0 0 0 0 0 0 0
74.9 -794.7 2266.6 0 0 0 0 0 0 0 0 0
-28.3 82.5 2546.8 1 0.9960776567 0.0381033793 -0.0798586830 -0.0025173670 0.9143674374 0.4048776329 0.0884473845 -0.4030885398 0.9108768702
-35.7 -95.7 2625.3 0.9960776567 0.0381033793 -0.0798586830 -0.0025173670 0.9143674374 0.4048776329 0.0884473845 -0.4030885398 0.9108768702
-43.8 -271.9 2710.3 0.9960938692 0.0403849706 -0.0785240605 -0.0021425236 0.9000746012 0.4357305467 0.0882744789 -0.4338603020 0.8966453671
-177.6 -95.5 2612.8 -0.2275053710 -0.8339060545 -0.5028340220 0.8150417805 0.1195011735 -0.5669447780 0.5328679681 -0.5388137102 0.6524810791
-125.0 -283.9 2489.6 -0.4529045820 -0.8253036141 -0.3372705281 0.4559065998 0.1107067391 -0.8831155896 0.7661765814 -0.5537309647 0.3261217773
106.1 -95.9 2637.9 -0.1201845333 0.8100757599 0.5738753676 -0.8524749875 0.2120347470 -0.4778364003 -0.5087652206 -0.5466429591 0.6650860906
75.2 -314.9 2507.2 -0.4348055422 0.8100757599 0.3933463693 -0.4082177877 0.2120347470 -0.8879186511 -0.8026844859 -0.5466429591 0.2384934574
-141.6 -442.8 2791.7 0.9937182069 0.1029421389 0.0438975468 0.0517946072 -0.0753388926 -0.9958119392 -0.0992038175 0.9918301105 -0.0801974759
-181.8 -413.4 2404.1 0.9937182069 -0.0128482506 0.1111710444 0.0517946072 0.9333925247 -0.3550995290 -0.0992038175 0.3586269319 0.9281946421
38.3 -442.8 2809.0 0.9958868623 -0.0844159946 -0.0329139717 -0.0299010351 0.0367111936 -0.9988784790 0.0855296254 0.9957541227 0.0340360701
71.3 -457.2 2419.6 0.9958868623 -0.0081979809 -0.0902340412 -0.0299010351 0.9103678465 -0.4127181470 0.0855296254 0.4137186706 0.9063782692
-64.6 -344.7 2387.4 0 0 0 0 0 0 0 0 0
-36.1 -419.4 2301.7 0 0 0 0 0 0 0 0 0
-176.7 -786.6 2260.7 0 0 0 0 0 0 0 0 0
74.4 -793.9 2266.6 0 0 0 0 0 0 0 0 0
-27.3 84.4 2546.0 2 0.9984389544 0.0354075469 -0.0431965515 -0.0147409281 0.9130133390 0.4076632559 0.0538733825 -0.4063901305 0.9121100307
-34.2 -95.0 2625.9 0.9984389544 0.0354075469 -0.0431965515 -0.0147409281 0.9130133390 0.4076632559 0.0538733825 -0.4063901305 0.9121100307
-41.3 -271.1 2711.0 0.9984608889 0.0361370370 -0.0420713350 -0.0141857602 0.8997507691 0.4361734390 0.0536157340 -0.4349053204 0.8988785744
-176.4 -93.1 2618.3 -0.1990158707 -0.8506183624 -0.4866631925 0.8174425960 0.1298192441 -0.5611903071 0.5405370593 -0.5095050335 0.6694955826
-130.4 -282.0 2493.3 -0.4204875827 -0.8426459432 -0.3363599479 0.4609256685 0.1209296957 -0.8791607022 0.7814971209 -0.5247130990 0.3375477195
107.9 -96.9 2633.5 -0.1311852783 0.8149059415 0.5645517707 -0.8526200652 0.1978038698 -0.4836451709 -0.5057958364 -0.5447953343 0.6688562036
74.1 -316.6 2503.2 -0.4376892745 0.8149059415 0.3799426258 -0.4061555862 0.1978038698 -0.8921386003 -0.8021631837 -0.5447953343 0.2444019765
-141.7 -447.9 2787.2 0.9944054484 0.0972861946 0.0411486700 0.0450649709 -0.0384060256 -0.9982455373 -0.0955351517 0.9945151210 -0.0425753593
-179.7 -432.9 2398.4 0.9944054484 -0.0071450230 0.1053886414 0.0450649709 0.9310520887 -0.3620927632 -0.0955351517 0.3648163378 0.9261652231
38.4 -448.3 2803.2 0.9953888059 -0.0875225887 -0.0392549112 -0.0351171643 0.0483255051 -0.9982141256 0.0892632976 0.9949896932 0.0450291187
72.6 -467.2 2413.8 0.9953888059 -0.0047455630 -0.0958051682 -0.0351171643 0.9114080071 -0.4100026786 0.0892632976 0.4114764929 0.9070386887
-74.2 -343.6 2389.0 0 0 0 0 0 0 0 0 0
-37.9 -420.6 2297.8 0 0 0 0 0 0 0 0 0
-177.0 -784.8 2260.5 0 0 0 0 0 0 0 0 0
74.3 -793.4 2266.5 0 0 0 0 0 0 0 0 0
-26.6 83.5 2548.1 3 0.9981562495 0.0312861502 -0.0520124510 -0.0080922963 0.9178649187 0.3968104124 0.0601550750 -0.3956578970 0.9164257646
-32.8 -96.6 2625.8 0.9981562495 0.0312861502 -0.0520124510 -0.0080922963 0.9178649187 0.3968104124 0.0601550750 -0.3956578970 0.9164257646
-39.1 -273.5 2709.2 0.9981995225 0.0316422842 -0.0509559661 -0.0068396712 0.9040378332 0.4273977578 0.0595899634 -0.4262796938 0.9026265144
-174.9 -95.7 2617.3 -0.2087443918 -0.8485236168 -0.4862442315 0.8107587099 0.1278930008 -0.5712387562 0.5468968153 -0.5134696364 0.6612509489
-126.7 -283.1 2490.9 -0.4288397431 -0.8403892517 -0.3314247131 0.4502727389 0.1192091256 -0.8848975301 0.7831672430 -0.5287107825 0.3272827566
109.3 -97.5 2634.3 -0.1390150338 0.8240737319 0.5491605401 -0.8518332243 0.1832998097 -0.4906947613 -0.5050296783 -0.5360071063 0.6764919758
73.2 -318.7 2503.1 -0.4351531267 0.8240737319 0.3626902401 -0.4009740353 0.1832998097 -0.8975639343 -0.8061399460 -0.5360071063 0.2506687045
-138.6 -446.1 2791.3 0.9920638800 0.1137715951 0.0535282567 0.0610606931 -0.0637851581 -0.9960938692 -0.1099128798 0.9914572239 -0.0702259243
-183.1 -421.1 2403.5 0.9920638800 -0.0167871397 0.1246091574 0.0610606931 0.9306609035 -0.3607517481 -0.1099128798 0.3654974997 0.9243001342
41.8 -448.6 2801.0 0.9970796704 -0.0726499185 -0.0235398691 -0.0200809650 0.0479792021 -0.9986464381 0.0736810118 0.9962027669 0.0463802069
70.2 -467.4 2411.0 0.9970796704 -0.0113358358 -0.0755224153 -0.0200809650 0.9152045846 -0.4024888575 0.0736810118 0.4028300345 0.9123042822
-69.4 -343.2 2386.4 0 0 0 0 0 0 0 0 0
-38.2 -421.4 2296.6 0 0 0 0 0 0 0 0 0
-176.5 -786.6 2259.9 0 0 0 0 0 0 0 0 0
74.3 -793.6 2267.4 0 0 0 0 0 0 0 0 0
-27.1 85.1 2546.7 4 0.9979615808 0.0338237882 -0.0541165359 -0.0092700785 0.9158294797 0.4014603198 0.0631404296 -0.4001403153 0.9142762423
-33.8 -95.3 2625.5 0.9979615808 0.0338237882 -0.0541165359 -0.0092700785 0.9158294797 0.4014603198 0.0631404296 -0.4001403153 0.9142762423
-40.9 -271.7 2710.0 0.9979589581 0.0357576832 -0.0529082566 -0.0093387365 0.9013381600 0.4330153465 0.0631718561 -0.4316374660 0.8998324275
-175.9 -94.0 2616.5 -0.2083319873 -0.8463324904 -0.4902235270 0.8146597147 0.1272041649 -0.5658167601 0.5412275791 -0.5172430873 0.6629723310
-127.8 -282.3 2491.5 -0.4303002656 -0.8381695151 -0.3351321816 0.4562475085 0.1184045821 -0.8819402456 0.7788965702 -0.5324023366 0.3314632475
108.3 -96.5 2634.5 -0.1363615245 0.8307510614 0.5396834016 -0.8568267226 0.1745373309 -0.4851645827 -0.4972459078 -0.5285729170 0.6880095601
72.9 -319.1 2505.3 -0.4312296808 0.8307510614 0.3519852161 -0.3986501992 0.1745373309 -0.9003414512 -0.8093941808 -0.5285729170 0.2559134066
-135.4 -450.0 2787.3 0.9916722178 0.1179936305 0.0516108871 0.0599482171 -0.0682361573 -0.9958664775 -0.1139841676 0.9906671047 -0.0747414082
-181.6 -423.2 2399.5 0.9916722178 -0.0150281256 0.1279075295 0.0599482171 0.9328754544 -0.3551754653 -0.1139841676 0.3598854542 0.9260075688
45.0 -451.2 2798.1 0.9967406988 -0.0730345920 -0.0342625193 -0.0293274373 0.0676050857 -0.9972810149 0.0751523301 0.9950354099 0.0652428195
73.6 -477.7 2408.5 0.9967406988 -0.0035272674 -0.0805948526 -0.0293274373 0.9148445725 -0.4027397931 0.0751523301 0.4037907720 0.9117593765
-70.3 -343.2 2387.5 0 0 0 0 0 0 0 0 0
-37.5 -421.2 2298.0 0 0 0 0 0 0 0 0 0
-175.7 -789.2 2258.4 0 0 0 0 0 0 0 0 0
74.8 -792.2 2269.7 0 0 0 0 0 0 0 0 0
-26.6 84.7 2547.5 5 0.9962456226 0.0414479747 -0.0760044083 -0.0074599572 0.9157750010 0.4016223550 0.0862493664 -0.3995475173 0.9126460552
-34.8 -95.7 2626.2 0.9962456226 0.0414479747 -0.0760044083 -0.0074599572 0.9157750010 0.4016223550 0.0862493664 -0.3995475173 0.9126460552
-43.6 -272.4 2709.8 0.9961944222 0.0449302308 -0.0746858492 -0.0085389614 0.9030802250 0.4293870628 0.0867397711 -0.4271152318 0.9000270963
-176.6 -94.6 2613.9 -0.2220162451 -0.8339990973 -0.5051279664 0.8122869730 0.1283639371 -0.5689574480 0.5393502116 -0.5366266370 0.6489477754
-125.3 -282.3 2489.2 -0.4491363466 -0.8254695535 -0.3418720961 0.4527015090 0.1196331754 -0.8836001754 0.7702842951 -0.5516229868 0.3199597001
107.1 -96.8 2638.5 -0.1521965265 0.8524042368 0.5002431870 -0.8467757106 0.1485670060 -0.5107824802 -0.5097128153 -0.5013330579 0.6991838217
63.7 -338.1 2493.3 -0.4292491674 0.8524042368 0.2985835671 -0.3486745656 0.1485670060 -0.9253938794 -0.8331693411 -0.5013330579 0.2334394306
-138.1 -447.4 2788.8 0.9929053783 0.1088791415 0.0477933027 0.0549158156 -0.0633847490 -0.9964771271 -0.1054662094 0.9920321107 -0.0689142495
-180.7 -422.5 2400.4 0.9929053783 -0.0133748678 0.1181523651 0.0549158156 0.9329150319 -0.3558844924 -0.1054662094 0.3598480821 0.9270308614
42.3 -449.0 2800.3 0.9974325299 -0.0696426183 -0.0166806336 -0.0124874497 0.0602170303 -0.9981071949 0.0705152601 0.9957528710 0.0591927655
69.6 -472.6 2410.3 0.9974325299 -0.0170119088 -0.0695624352 -0.0124874497 0.9151743650 -0.4028646946 0.0705152601 0.4026990235 0.9126122594
-65.4 -342.7 2386.4 0 0 0 0 0 0 0 0 0
-47.4 -428.4 2277.6 0 0 0 0 0 0 0 0 0
-175.4 -790.1 2258.6 0 0 0 0 0 0 0 0 0
75.5 -791.1 2270.1 0 0 0 0 0 0 0 0 0
-27.3 84.7 2546.9 6 0.9961246848 0.0327806361 -0.0816148594 0.0029188059 0.9151155949 0.4031810462 0.0879035592 -0.4018568397 0.9114735723
-33.7 -95.5 2626.0 0.9961246848 0.0327806361 -0.0816148594 0.0029188059 0.9151155949 0.4031810462 0.0879035592 -0.4018568397 0.9114735723
-40.9 -272.1 2710.0 0.9960981011 0.0360073857 -0.0805734545 0.0022150786 0.9024932384 0.4306983650 0.0882253200 -0.4291962981 0.8988919854
-175.6 -95.9 2613.5 -0.2314088643 -0.8345072865 -0.5000475049 0.8111631870 0.1182568818 -0.5727387071 0.5370886922 -0.5381569266 0.6495558619
-122.1 -283.4 2489.4 -0.4550552070 -0.8258633614 -0.3329781294 0.4497398138 0.1095814854 -0.8864118457 0.7685433626 -0.5531198978 0.3215579987
108.1 -95.1 2638.6 -0.1700550169 0.8645527959 0.4728950560 -0.8391510248 0.1245401651 -0.5294480920 -0.5166302919 -0.4868656695 0.7043117285
57.1 -346.6 2483.7 -0.4269601703 0.8645527959 0.2650536597 -0.3289431036 0.1245401651 -0.9361015558 -0.8423190713 -0.4868656695 0.2312150151
-142.5 -448.5 2785.6 0.9938999414 0.0987471268 0.0491113365 0.0528192483 -0.0352911800 -0.9979802966 -0.0968144909 0.9944865704 -0.0402916484
-181.1 -434.7 2396.3 0.9938999414 -0.0143824741 0.1093437821 0.0528192483 0.9324324727 -0.3574630320 -0.0968144909 0.3610579371 0.9275042415
37.6 -450.1 2801.3 0.9959222078 -0.0855135173 -0.0287462994 -0.0245330594 0.0499193482 -0.9984518886 0.0868161246 0.9950856566 0.0476178788
71.1 -469.6 2411.6 0.9959222078 -0.0126302028 -0.0893274248 -0.0245330594 0.9149218202 -0.4028848410 0.0868161246 0.4034334421 0.9108811021
-61.3 -343.4 2386.8 0 0 0 0 0 0 0 0 0
-54.2 -432.4 2264.0 0 0 0 0 0 0 0 0 0
-175.6 -789.5 2258.9 0 0 0 0 0 0 0 0 0
75.5 -791.6 2269.6 0 0 0 0 0 0 0 0 0
-28.1 81.8 2548.6 7 0.9953011274 0.0237781219 -0.0938633084 0.0159251392 0.9159797430 0.4009083807 0.0955097377 -0.4005193412 0.9112969637
-32.8 -97.6 2627.0 0.9953011274 0.0237781219 -0.0938633084 0.0159251392 0.9159797430 0.4009083807 0.0955097377 -0.4005193412 0.9112969637
-38.2 -274.2 2711.1 0.9952839613 0.0274614934 -0.0930362865 0.0153159881 0.9025749564 0.4302602112 0.0957878157 -0.4296560287 0.8978977799
-174.5 -99.8 2613.4 -0.2460795790 -0.8318651915 -0.4974386096 0.8084551692 0.1069334820 -0.5787619948 0.5346447825 -0.5445783138 0.6462115645
-117.6 -286.7 2489.8 -0.4667327404 -0.8229949474 -0.3237898648 0.4443040192 0.0983611047 -0.8904600143 0.7646924257 -0.5594679713 0.3197516203
109.0 -95.3 2640.6 -0.1766813844 0.8643797040 0.4707774222 -0.8310535550 0.1252726018 -0.5419010520 -0.5273838043 -0.4869850874 0.6962125301
54.8 -349.8 2479.1 -0.4273437858 0.8643797040 0.2650000155 -0.3273786902 0.1252726018 -0.9365521669 -0.8427339196 -0.4869850874 0.2294450253
-137.9 -449.1 2786.1 0.9926292300 0.1096749082 0.0515618883 0.0564943813 -0.0423503481 -0.9975042939 -0.1072175354 0.9930648804 -0.0482342094
-180.9 -432.5 2397.3 0.9926292300 -0.0137002012 0.1204139516 0.0564943813 0.9313383102 -0.3597461283 -0.1072175354 0.3638972342 0.9252476692
42.1 -448.7 2802.1 0.9969918132 -0.0746071562 -0.0210015308 -0.0197840426 0.0170204490 -0.9996594191 0.0749391988 0.9970677495 0.0154932169
71.3 -455.3 2411.8 0.9969918132 -0.0108434139 -0.0767444596 -0.0197840426 0.9217609763 -0.3872535825 0.0749391988 0.3876069486 0.9187735915
-55.3 -346.0 2387.7 0 0 0 0 0 0 0 0 0
-56.7 -435.2 2259.2 0 0 0 0 0 0 0 0 0
-175.6 -789.0 2258.0 0 0 0 0 0 0 0 0 0
75.3 -793.2 2269.7 0 0 0 0 0 0 0 0 0
-30.0 79.3 2548.4 8 0.9948106408 0.0094519546 -0.1013035327 0.0324149691 0.9143479466 0.4036298394 0.0964417756 -0.4048190415 0.9092967510
-31.8 -100.0 2627.8 0.9948106408 0.0094519546 -0.1013035327 0.0324149691 0.9143479466 0.4036298394 0.0964417756 -0.4048190415 0.9092967510
-34.5 -276.2 2712.8 0.9948024750 0.0134864934 -0.1009263769 0.0317678154 0.9006070495 0.4334717691 0.0967410207 -0.4344249964 0.8954976797
-173.5 -104.6 2614.1 -0.2595978975 -0.8328572512 -0.4888329804 0.8072338104 0.0907015800 -0.5832210183 0.5300778151 -0.5460054874 0.6487646103
-113.5 -291.1 2491.5 -0.4746495783 -0.8238341212 -0.3098469079 0.4408197701 0.0821935162 -0.8938244581 0.7618305087 -0.5608400702 0.3241492510
109.8 -95.3 2641.5 -0.1810055524 0.8641141057 0.4696209431 -0.8265542984 0.1251065433 -0.5487771630 -0.5329587460 -0.4874989092 0.6915922165
53.7 -351.6 2476.3 -0.4286536872 0.8641141057 0.2637476921 -0.3246518373 0.1251065433 -0.9375230670 -0.8431234956 -0.4874989092 0.2269088477
-133.6 -452.4 2786.6 0.9914274812 0.1196343601 0.0525272936 0.0594730675 -0.0552456714 -0.9966999888 -0.1163376570 0.9912797213 -0.0618871003
-180.4 -430.7 2398.4 0.9914274812 -0.0129695963 0.1300126314 0.0594730675 0.9307968616 -0.3606662750 -0.1163376570 0.3653067350 0.9235889316
46.3 -449.6 2803.9 0.9979072213 -0.0624775365 -0.0166644454 -0.0145220729 0.0345889628 -0.9992961287 0.0630099699 0.9974468350 0.0336092710
70.8 -463.1 2413.4 0.9979072213 -0.0120715005 -0.0635249987 -0.0145220729 0.9154837728 -0.4020927846 0.0630099699 0.4021738172 0.9133925438
-50.1 -350.0 2389.8 0 0 0 0 0 0 0 0 0
-58.6 -436.7 2255.4 0 0 0 0 0 0 0 0 0
-175.5 -786.9 2258.7 0 0 0 0 0 0 0 0 0
75.1 -792.3 2268.8 0 0 0 0 0 0 0 0 0
-26.4 83.8 2547.4 9 0.9962813854 0.0196074825 -0.0838983506 0.0165855791 0.9119040370 0.4100682139 0.0845476463 -0.4099348187 0.9081878066
-30.3 -94.9 2627.7 0.9962813854 0.0196074825 -0.0838983506 0.0165855791 0.9119040370 0.4100682139 0.0845476463 -0.4099348187 0.9081878066
-34.5 -271.0 2712.9 0.9962989688 0.0210845433 -0.0833298564 0.0173669327 0.9000778794 0.4353828132 0.0841832086 -0.4352186322 0.8963804841
-172.1 -97.4 2615.7 -0.2411506623 -0.8382670879 -0.4890343547 0.8112099767 0.1024908721 -0.5757030249 0.5327144861 -0.5355407000 0.6552948952
-116.4 -284.9 2492.6 -0.4585617483 -0.8295561075 -0.3186813891 0.4480855167 0.0938445330 -0.8890514970 0.7674245834 -0.5504814982 0.3286785483
111.6 -92.3 2639.6 -0.1867013425 0.8695090413 0.4572708309 -0.8308379054 0.1086397693 -0.5458074212 -0.5242623091 -0.4818209112 0.7021378875
53.2 -352.2 2475.6 -0.4272097647 0.8695090413 0.2478826493 -0.3241570890 0.1086397693 -0.9397444129 -0.8440462351 -0.4818209112 0.2354455441
-127.1 -455.5 2789.2 0.9881112576 0.1414693296 0.0601877794 0.0720690787 -0.0804162771 -0.9941525459 -0.1358020157 0.9866709709 -0.0896557942
-182.5 -424.0 2403.0 0.9881112576 -0.0173500516 0.1527583599 0.0720690787 0.9299500585 -0.3605536819 -0.1358020157 0.3672763109 0.9201444983
52.7 -449.7 2806.7 0.9989597797 -0.0451578200 -0.0063380999 -0.0057439618 0.0132745607 -0.9998953938 0.0452372320 0.9988916516 0.0130013674
70.4 -454.9 2415.6 0.9989597797 -0.0127087580 -0.0437936932 -0.0057439618 0.9176601768 -0.3973245025 0.0452372320 0.3971627355 0.9166325927
-55.2 -344.7 2390.2 0 0 0 0 0 0 0 0 0
-58.9 -437.2 2254.1 0 0 0 0 0 0 0 0 0
-175.7 -787.3 2259.5 0 0 0 0 0 0 0 0 0
75.1 -794.4 2268.7 0 0 0 0 0 0 0 0 0
-26.9 86.4 2546.8 0 0.9965080619 0.0349665098 -0.0758225098 -0.0009407933 0.9127336144 0.4085541368 0.0834914669 -0.4070561528 0.9095792770
-33.7 -92.1 2626.5 0.9965080619 0.0349665098 -0.0758225098 -0.0009407933 0.9127336144 0.4085541368 0.0834914669 -0.4070561528 0.9095792770
-41.1 -268.5 2711.0 0.9964871407 0.0375899822 -0.0748355165 -0.0014633044 0.9012820721 0.4332303107 0.0837330297 -0.4315989316 0.8981710076
-175.6 -92.0 2614.6 -0.2258170247 -0.8364598155 -0.4993412197 0.8133869171 0.1201900095 -0.5691713691 0.5361047983 -0.5346862078 0.6532245278
-123.4 -280.0 2490.7 -0.4498246014 -0.8279173970 -0.3349785209 0.4534142613 0.1114439517 -0.8843052387 0.7694630027 -0.5496662855 0.3252592981
108.2 -92.3 2638.3 -0.1772942692 0.8649145365 0.4695631862 -0.8332483172 0.1219712645 -0.5392774940 -0.5237021446 -0.4868735671 0.6990637779
52.8 -352.6 2474.7 -0.4285041392 0.8649145365 0.2613561749 -0.3256651163 0.1219712645 -0.9375848174 -0.8428086638 -0.4868735671 0.2294072807
-128.6 -448.9 2790.5 0.9864888787 0.1462382078 0.0738517493 0.0847340673 -0.0696327984 -0.9939675331 -0.1402135193 0.9867956638 -0.0810833350
-185.9 -421.6 2404.1 0.9864888787 -0.0272782240 0.1615412980 0.0847340673 0.9288645387 -0.3605977893 -0.1402135193 0.3694137633 0.9186259508
51.4 -445.7 2805.8 0.9989230037 -0.0463155173 -0.0027855178 -0.0011830897 0.0345895626 -0.9994009137 0.0463841222 0.9983277917 0.0344975144
69.6 -459.3 2414.9 0.9989230037 -0.0174200609 -0.0430049747 -0.0011830897 0.9169831872 -0.3989240229 0.0463841222 0.3985452652 0.9159749746
-63.4 -340.5 2388.0 0 0 0 0 0 0 0 0 0
-60.1 -438.4 2252.7 0 0 0 0 0 0 0 0 0
-175.1 -788.5 2258.2 0 0 0 0 0 0 0 0 0
75.9 -794.1 2269.4 0 0 0 0 0 0 0 0 0
-27.2 85.9 2546.5 1 0.9971050024 0.0420493707 -0.0633521229 -0.0123893982 0.9118855596 0.4102575183 0.0750209540 -0.4082849324 0.9097666144
-35.4 -92.4 2626.4 0.9971050024 0.0420493707 -0.0633521229 -0.0123893982 0.9118855596 0.4102575183 0.0750209540 -0.4082849324 0.9097666144
-44.1 -268.6 2711.1 0.9971033931 0.0437923074 -0.0621860810 -0.0124236327 0.9004051089 0.4348749816 0.0750368461 -0.4328427315 0.8983410597
-177.4 -90.7 2615.7 -0.2121075392 -0.8397172689 -0.4998852909 0.8163411021 0.1289472580 -0.5629918575 0.5372128487 -0.5274916887 0.6581450105
-128.4 -279.3 2491.6 -0.4380388558 -0.8314033747 -0.3418923616 0.4590910375 0.1200930849 -0.8802346587 0.7728889585 -0.5425366759 0.3290844262
106.5 -94.0 2637.0 -0.1714326292 0.8568368554 0.4862524867 -0.8318207860 0.1385825872 -0.5374653935 -0.5279062986 -0.4966140389 0.6889771223
53.0 -354.0 2472.0 -0.4360143542 0.8568368554 0.2751765251 -0.3193123937 0.1385825872 -0.9374617338 -0.8413863778 -0.4966140389 0.2131746113
-138.6 -444.9 2787.9 0.9921528697 0.1109110042 0.0577182248 0.0629937500 -0.0446624048 -0.9970140457 -0.1080019996 0.9928262830 -0.0512986332
-182.0 -427.4 2399.5 0.9921528697 -0.0194277279 0.1235119700 0.0629937500 0.9309852719 -0.3595805764 -0.1080019996 0.3645393848 0.9249035716
41.5 -445.1 2803.1 0.9971876144 -0.0729052275 -0.0173698757 -0.0138916261 0.0479480252 -0.9987532496 0.0736471862 0.9961856604 0.0468004011
70.1 -463.9 2413.1 0.9971876144 -0.0168501083 -0.0730271116 -0.0138916261 0.9159567952 -0.4010363817 0.0736471862 0.4009229839 0.9131466746
-69.9 -340.6 2388.4 0 0 0 0 0 0 0 0 0
-61.6 -437.9 2250.9 0 0 0 0 0 0 0 0 0
-174.4 -789.1 2257.8 0 0 0 0 0 0 0 0 0
76.1 -792.8 2269.1 0 0 0 0 0 0 0 0 0
-28.0 82.9 2548.9 2 0.9967327118 0.0410017222 -0.0695901886 -0.0095226681 0.9152190089 0.4028441906 0.0802075714 -0.4008652866 0.9126191735
-36.1 -96.6 2627.5 0.9967327118 0.0410017222 -0.0695901886 -0.0095226681 0.9152190089 0.4028441906 0.0802075714 -0.4008652866 0.9126191735
-44.6 -273.2 2711.5 0.9967414737 0.0429425985 -0.0682813227 -0.0093322862 0.9022168517 0.4311817288 0.0801206231 -0.4291394949 0.8996776938
-178.0 -95.4 2616.1 -0.2176468372 -0.8374325037 -0.5013348460 0.8135319352 0.1281391531 -0.5672267675 0.5392547846 -0.5313069820 0.6533889771
-127.7 -283.4 2491.5 -0.4435653687 -0.8290113211 -0.3405730128 0.4546082914 0.1193715334 -0.8826560378 0.7723866105 -0.5463429689 0.3239263594
105.9 -97.8 2638.9 -0.1700838357 0.8582383394 0.4842503965 -0.8290910125 0.1409730911 -0.5410496593 -0.5326158404 -0.4935114384 0.6875804067
53.0 -355.5 2473.3 -0.4343348742 0.8582383394 0.2734596133 -0.3128226101 0.1409730911 -0.9392915368 -0.8446864486 -0.4935114384 0.2072468400
-142.8 -443.8 2789.1 0.9938314557 0.1005810201 0.0467175245 0.0528020374 -0.0587054603 -0.9968779087 -0.0975244269 0.9931954145 -0.0636542141
-182.2 -420.8 2400.3 0.9938314557 -0.0149755897 0.1098854020 0.0528020374 0.9352231622 -0.3500993252 -0.0975244269 0.3537418842 0.9302449226
37.4 -446.0 2802.7 0.9965355992 -0.0804863051 -0.0209462661 -0.0175906625 0.0421768948 -0.9989553094 0.0812856704 0.9958629608 0.0406149700
68.9 -462.5 2412.7 0.9965355992 -0.0163385849 -0.0815465599 -0.0175906625 0.9169216752 -0.3986792862 0.0812856704 0.3987325430 0.9134576917
-68.5 -344.1 2388.4 0 0 0 0 0 0 0 0 0
-61.7 -438.1 2250.3 0 0 0 0 0 0 0 0 0
-176.2 -792.1 2259.9 0 0 0 0 0 0 0 0 0
74.8 -793.5 2268.8 0 0 0 0 0 0 0 0 0
-29.0 86.3 2547.6 3 0.9983708858 0.0408616289 -0.0398239158 -0.0211380031 0.9131661654 0.4070390463 0.0529981293 -0.4055341184 0.9125422239
-37.1 -93.1 2627.3 0.9983708858 0.0408616289 -0.0398239158 -0.0211380031 0.9131661654 0.4070390463 0.0529981293 -0.4055341184 0.9125422239
-45.5 -269.1 2712.5 0.9983562231 0.0425062217 -0.0384459421 -0.0214564912 0.8992077708 0.4369954467 0.0531459153 -0.4354522228 0.8986417055
-179.2 -90.2 2619.7 -0.1927710027 -0.8498922586 -0.4904308915 0.8191924691 0.1357387900 -0.5572240949 0.5401509404 -0.5091739297 0.6700588465
-134.7 -279.5 2494.9 -0.4167277217 -0.8419923782 -0.3426175714 0.4644459486 0.1267823279 -0.8764794469 0.7814269066 -0.5243806243 0.3382262588
105.1 -96.1 2634.8 -0.1663109064 0.8594102263 0.4834818542 -0.8396008015 0.1337120831 -0.5264898539 -0.5171181560 -0.4934927523 0.6993237734
53.5 -356.5 2474.4 -0.4385648370 0.8594102263 0.2628210485 -0.3033626378 0.1337120831 -0.9434469938 -0.8459503651 -0.4934927523 0.2020715475
-143.1 -449.0 2788.3 0.9938361049 0.1001438648 0.0475503765 0.0530773811 -0.0532680824 -0.9971686602 -0.0973274037 0.9935460091 -0.0582551174
-182.3 -428.2 2399.3 0.9938361049 -0.0151135456 0.1098244637 0.0530773811 0.9346078038 -0.3516974151 -0.0973274037 0.3553587794 0.9296491146
37.1 -450.7 2802.8 0.9960896373 -0.0840888247 -0.0271013007 -0.0227274355 0.0525431335 -0.9983599782 0.0853749067 0.9950720072 0.0504265465
70.0 -471.3 2413.1 0.9960896373 -0.0145197064 -0.0871469378 -0.0227274355 0.9110931754 -0.4115734696 0.0853749067 0.4119447172 0.9072004557
-79.0 -341.5 2390.6 0 0 0 0 0 0 0 0 0
-63.6 -437.5 2248.5 0 0 0 0 0 0 0 0 0
-176.4 -792.4 2260.8 0 0 0 0 0 0 0 0 0
75.2 -792.5 2267.9 0 0 0 0 0 0 0 0 0
-29.4 86.5 2547.4 4 0.9985582232 0.0440233238 -0.0307148620 -0.0277439505 0.9131068587 0.4067753255 0.0459535532 -0.4053366780 0.9130117297
-38.1 -92.7 2627.0 0.9985582232 0.0440233238 -0.0307148620 -0.0277439505 0.9131068587 0.4067753255 0.0459535532 -0.4053366780 0.9130117297
-47.1 -269.0 2711.7 0.9985201955 0.0457685292 -0.0293703787 -0.0285117999 0.9004948735 0.4339309633 0.0463082567 -0.4324514270 0.9004672766
-180.2 -88.8 2620.4 -0.1834702492 -0.8523504734 -0.4897319078 0.8184993267 0.1434529275 -0.5563093424 0.5444239974 -0.5029114485 0.6713289618
-137.8 -277.9 2494.6 -0.4082357287 -0.8446152806 -0.3463648260 0.4644123018 0.1344985366 -0.8753464222 0.7859165072 -0.5182037950 0.3373426199
104.1 -96.7 2633.6 -0.1609623730 0.8561643958 0.4909924865 -0.8436027765 0.1388637871 -0.5187014937 -0.5122748017 -0.4976940453 0.6999108195
54.6 -356.3 2475.9 -0.4413455129 0.8561643958 0.2686943412 -0.3043491840 0.1388637871 -0.9423844218 -0.8441479206 -0.4976940453 0.1992860287
-144.0 -443.3 2793.0 0.9931905866 0.1048077196 0.0508708432 0.0595623404 -0.0815390423 -0.9948887825 -0.1001240611 0.9911441207 -0.0872263983
-185.0 -411.3 2405.0 0.9931905866 -0.0203794986 0.1147047356 0.0595623404 0.9350001216 -0.3496099710 -0.1001240611 0.3540614247 0.9298471212
36.4 -447.2 2802.6 0.9964099526 -0.0821804553 -0.0203367956 -0.0150547242 0.0643900931 -0.9978112578 0.0833100751 0.9945352077 0.0629217252
68.6 -472.4 2413.1 0.9964099526 -0.0206836518 -0.0820938423 -0.0150547242 0.9109504223 -0.4122411013 0.0833100751 0.4119970500 0.9073686600
-83.3 -339.9 2389.7 0 0 0 0 0 0 0 0 0
-64.4 -438.3 2248.3 0 0 0 0 0 0 0 0 0
-176.7 -791.9 2260.9 0 0 0 0 0 0 0 0 0
76.0 -794.6 2267.4 0 0 0 0 0 0 0 0 0
-27.7 90.0 2544.9 5 0.9977739453 0.0584998615 -0.0320136137 -0.0399002470 0.9083534479 0.4162955284 0.0534329079 -0.4140914679 0.9086655974
-39.3 -90.1 2627.0 0.9977739453 0.0584998615 -0.0320136137 -0.0399002470 0.9083534479 0.4162955284 0.0534329079 -0.4140914679 0.9086655974
-51.3 -265.0 2714.0 0.9976790547 0.0611374155 -0.0299777314 -0.0413294211 0.8935989141 0.4469595253 0.0541140214 -0.4446832240 0.8940517306
-181.4 -84.3 2619.3 -0.1762542129 -0.8466612697 -0.5020948052 0.8285069466 0.1478283554 -0.5401138663 0.5315173268 -0.5111863613 0.6754093766
-140.6 -275.8 2496.4 -0.4075551331 -0.8389381766 -0.3606681824 0.4809310734 0.1385553181 -0.8657411337 0.7762758136 -0.5262938142 0.3470025063
102.8 -95.9 2634.6 -0.1554999202 0.8491791487 0.5046925545 -0.8370513916 0.1580331773 -0.5238038301 -0.5245614648 -0.5039050579 0.6862324476
54.8 -354.3 2472.7 -0.4408578277 0.8491791487 0.2907562256 -0.3132044375 0.1580331773 -0.9364445806 -0.8411583304 -0.5039050579 0.1962964982
-146.3 -442.7 2792.2 0.9949061871 0.0913972929 0.0425237305 0.0492924936 -0.0731241629 -0.9961039424 -0.0879317001 0.9931260943 -0.0772568807
-182.1 -414.1 2403.3 0.9949061871 -0.0149849234 0.0996854305 0.0492924936 0.9349183440 -0.3514227271 -0.0879317001 0.3545463979 0.9308946729
34.2 -447.9 2800.6 0.9953840375 -0.0900812671 -0.0331048705 -0.0268919952 0.0693301558 -0.9972312450 0.0921270251 0.9935183525 0.0665876642
69.5 -475.1 2411.4 0.9953840375 -0.0136243794 -0.0949997082 -0.0268919952 0.9106218815 -0.4123646617 0.0921270251 0.4130159318 0.9060521126
-86.2 -340.0 2392.8 0 0 0 0 0 0 0 0 0
-64.0 -438.7 2246.0 0 0 0 0 0 0 0 0 0
-176.0 -791.0 2260.4 0 0 0 0 0 0 0 0 0
74.2 -794.2 2266.7 0 0 0 0 0 0 0 0 0
-29.4 89.7 2546.6 6 0.9974291325 0.0489186421 -0.0523644276 -0.0234260466 0.9131828547 0.4068762660 0.0677221343 -0.4046035707 0.9119811654
-39.1 -91.5 2626.8 0.9974291325 0.0489186421 -0.0523644276 -0.0234260466 0.9131828547 0.4068762660 0.0677221343 -0.4046035707 0.9119811654
-49.5 -267.6 2711.4 0.9973152280 0.0527367778 -0.0508050025 -0.0254583005 0.9002180696 0.4346944392 0.0686599687 -0.4322339594 0.8991438150
-181.1 -87.9 2617.1 -0.1980513781 -0.8413122296 -0.5029606223 0.8184587359 0.1404062808 -0.5571457744 0.5393523574 -0.5219960213 0.6607716680
-135.4 -277.1 2492.4 -0.4271025062 -0.8332101107 -0.3512041271 0.4639251232 0.1314607412 -0.8760659695 0.7761165500 -0.5371024013 0.3303998709
102.9 -95.0 2636.6 -0.1563981324 0.8541147709 0.4960116446 -0.8383231759 0.1507487744 -0.5239170194 -0.5222584009 -0.4977577031 0.6924474239
54.3 -355.1 2474.6 -0.4374315143 0.8541147709 0.2813211381 -0.3094685376 0.1507487744 -0.9388844371 -0.8443239331 -0.4977577031 0.1983793825
-153.5 -436.2 2796.2 0.9967737198 0.0725117773 0.0344114415 0.0403098352 -0.0815167800 -0.9958564639 -0.0694062114 0.9940307140 -0.0841767266
-181.9 -404.3 2407.0 0.9967737198 -0.0131905852 0.0791714191 0.0403098352 0.9352506995 -0.3516834974 -0.0694062114 0.3537402749 0.9327650070
26.9 -443.7 2806.0 0.9921827316 -0.1148954183 -0.0487076044 -0.0448061712 0.0362995006 -0.9983360171 0.1164722964 0.9927141666 0.0308677144
71.8 -457.9 2417.5 0.9921827316 -0.0065005808 -0.1246239543 -0.0448061712 0.9134973288 -0.4043698609 0.1164722964 0.4067927301 0.9060650468
-78.4 -339.0 2388.8 0 0 0 0 0 0 0 0 0
-63.7 -438.6 2246.7 0 0 0 0 0 0 0 0 0
-176.4 -791.7 2260.4 0 0 0 0 0 0 0 0 0
74.2 -795.2 2267.3 0 0 0 0 0 0 0 0 0
-28.7 89.1 2545.9 7 0.9971928000 0.0422400311 -0.0618248433 -0.0130949095 0.9113439918 0.4114373326 0.0737228245 -0.4094727337 0.9093387723
-37.1 -91.4 2627.0 0.9971928000 0.0422400311 -0.0618248433 -0.0130949095 0.9113439918 0.4114373326 0.0737228245 -0.4094727337 0.9093387723
-46.2 -267.2 2712.5 0.9971035719 0.0461197607 -0.0604767948 -0.0149223423 0.8983404040 0.4390465021 0.0745774731 -0.4368723631 0.8964266777
-179.1 -89.4 2616.4 -0.2095053792 -0.8396262527 -0.5011339188 0.8193249106 0.1289820969 -0.5586325526 0.5336798429 -0.5276280642 0.6609042883
-130.6 -278.7 2493.1 -0.4363254905 -0.8313454986 -0.3442161083 0.4637714028 0.1200374290 -0.8777853251 0.7710617185 -0.5426377058 0.3331788778
104.9 -93.4 2637.6 -0.1652424932 0.8653649688 0.4731155634 -0.8378854990 0.1298629493 -0.5301730633 -0.5202333927 -0.4840238094 0.7036179304
