136.6 111.3 2339.0 22 0.9703533053 -0.0242663603 0.2404696643 -0.0567704551 0.9442263246 0.3243666291 -0.2349289805 -0.3284018040 0.9148555398
141.5 -78.3 2405.0 0.9703533053 -0.0242663603 0.2404696643 -0.0567704551 0.9442263246 0.3243666291 -0.2349289805 -0.3284018040 0.9148555398
145.8 -266.2 2469.8 0.9703983068 -0.0215592310 0.2405457795 -0.0586280674 0.9451853037 0.3212280273 -0.2342857718 -0.3258218765 0.9159423113
4.9 -70.0 2438.0 0.0678208768 -0.8939465284 -0.4430122972 0.9768331051 0.1498317420 -0.1527991146 0.2029715478 -0.4223861098 0.8833982944
-13.8 -339.8 2381.9 -0.2688398957 -0.8939465284 -0.3585870862 0.5747964382 0.1498317420 -0.8044622540 0.7728739977 -0.4223861098 0.4735565186
278.1 -86.5 2372.0 -0.0060637449 0.6654674411 0.7464022636 -0.9750536680 0.1616879404 -0.1520768851 -0.2218864560 -0.7287043929 0.6478860378
276.6 -323.6 2318.1 -0.5815626979 0.6654674411 0.4679080546 -0.4996681213 0.1616879404 -0.8509927988 -0.6419630647 -0.7287043929 0.2384811789
67.5 -451.5 2555.8 0.8190831542 0.5637762547 0.1061091647 0.1499267071 -0.0318335630 -0.9881845117 -0.5537371039 0.8253138661 -0.1105994508
-175.0 -437.8 2200.8 0.8190831542 -0.2032811046 0.5364509225 0.1499267071 0.9784669280 0.1418608725 -0.5537371039 -0.0357675254 0.8319230080
239.1 -459.4 2513.0 0.9883438945 -0.0599716306 0.1399277300 0.1281288117 -0.1686929613 -0.9773052931 0.0822154209 0.9838424921 -0.1590425670
264.2 -388.9 2101.4 0.9883438945 -0.1313333809 -0.0769929364 0.1281288117 0.9907269478 -0.0452013500 0.0822154209 0.0348094627 0.9960064888
56.1 -489.3 2180.9 0 0 0 0 0 0 0 0 0
125.2 -453.6 2151.0 0 0 0 0 0 0 0 0 0
-97.3 -811.9 2214.4 0 0 0 0 0 0 0 0 0
314.4 -767.6 2088.1 0 0 0 0 0 0 0 0 0
135.8 110.3 2339.4 23 0.9690470099 -0.0169147626 0.2462961823 -0.0651778132 0.9447246194 0.3213211000 -0.2381171286 -0.3274282813 0.9143800735
139.2 -79.6 2405.2 0.9690470099 -0.0169147626 0.2462961823 -0.0651778132 0.9447246194 0.3213211000 -0.2381171286 -0.3274282813 0.9143800735
142.0 -267.5 2470.0 0.9690870643 -0.0138083557 0.2463323921 -0.0676407889 0.9453064799 0.3190929890 -0.2372657657 -0.3258910179 0.9151502848
2.8 -70.1 2438.6 0.0836230218 -0.8774338961 -0.4723525345 0.9780550003 0.1630420834 -0.1297139972 0.1908288002 -0.4511396885 0.8718127012
-19.7 -333.2 2387.3 -0.2839960456 -0.8774338961 -0.3865953684 0.5813766718 0.1630420834 -0.7971314192 0.7624614239 -0.4511396885 0.4638162851
275.6 -89.1 2371.8 0.0069233542 0.6579204798 0.7530555725 -0.9746894240 0.1727227569 -0.1419413388 -0.2234559506 -0.7330126166 0.6424639821
277.3 -322.5 2318.3 -0.5808264613 0.6579204798 0.4793550372 -0.5031722188 0.1727227569 -0.8467494249 -0.6398892999 -0.7330126166 0.2307253480
61.0 -448.7 2556.0 0.8297690153 0.5480393171 0.1055286378 0.1405757517 -0.0222448390 -0.9898200035 -0.5401127934 0.8361567259 -0.0954991132
-171.7 -439.2 2200.9 0.8297690153 -0.1916541159 0.5241679549 0.1405757517 0.9806796312 0.1360363364 -0.5401127934 -0.0391934253 0.8406795263
233.6 -461.7 2513.0 0.9897363186 -0.0585021451 0.1303822696 0.1189798787 -0.1680307537 -0.9785752296 0.0791569799 0.9840443134 -0.1593455523
258.1 -391.3 2101.3 0.9897363186 -0.1220442504 -0.0743454024 0.1189798787 0.9919053912 -0.0443558358 0.0791569799 0.0350549743 0.9962456226
54.2 -484.3 2189.0 0 0 0 0 0 0 0 0 0
126.1 -453.4 2151.8 0 0 0 0 0 0 0 0 0
-98.5 -814.1 2215.9 0 0 0 0 0 0 0 0 0
304.8 -770.5 2087.9 0 0 0 0 0 0 0 0 0
135.4 110.8 2339.1 24 0.9671106339 -0.0159883853 0.2538531721 -0.0691328123 0.9439293146 0.3228282630 -0.2447809726 -0.3297602236 0.9117787480
138.6 -78.7 2405.3 0.9671106339 -0.0159883853 0.2538531721 -0.0691328123 0.9439293146 0.3228282630 -0.2447809726 -0.3297602236 0.9117787480
141.1 -266.4 2470.7 0.9671510458 -0.0129452795 0.2538724542 -0.0717730895 0.9441615939 0.3215703368 -0.2438594550 -0.3292283118 0.9122177958
2.5 -68.6 2439.6 0.0843561515 -0.8707386255 -0.4844566882 0.9770558476 0.1677033007 -0.1312915534 0.1955656111 -0.4622659981 0.8649070859
-20.5 -334.8 2386.3 -0.2939802706 -0.8707386255 -0.3941951990 0.5760385990 0.1677033007 -0.8000344634 0.7627287507 -0.4622659981 0.4522776008
274.7 -88.8 2371.0 0.0058756950 0.6573072672 0.7535997629 -0.9750238061 0.1710878313 -0.1416246891 -0.2220226824 -0.7339455485 0.6418954730
276.1 -323.8 2317.4 -0.5804419518 0.6573072672 0.4806602299 -0.5062152743 0.1710878313 -0.8452662230 -0.6378347874 -0.7339455485 0.2334324419
55.8 -449.2 2556.6 0.8339122534 0.5402097702 0.1129768342 0.1474054456 -0.0207421035 -0.9888586402 -0.5318477154 0.8412747383 -0.0969269574
-172.3 -440.5 2201.4 0.8339122534 -0.1979826838 0.5151633024 0.1474054456 0.9794304967 0.1377952844 -0.5318477154 -0.0389713012 0.8459427953
232.5 -460.6 2513.8 0.9906638265 -0.0520948879 0.1259812862 0.1159324646 -0.1642822772 -0.9795769453 0.0717274472 0.9850367904 -0.1567090154
254.3 -391.9 2101.7 0.9906638265 -0.1184774563 -0.0674407482 0.1159324646 0.9924314618 -0.0404897146 0.0717274472 0.0322931260 0.9969013929
55.9 -484.6 2188.0 0 0 0 0 0 0 0 0 0
125.0 -455.5 2151.4 0 0 0 0 0 0 0 0 0
-96.6 -814.9 2216.3 0 0 0 0 0 0 0 0 0
299.5 -771.3 2089.3 0 0 0 0 0 0 0 0 0
135.4 109.8 2338.9 25 0.9663511515 -0.0159074459 0.2567341924 -0.0699397624 0.9442346692 0.3217597604 -0.2475356907 -0.3288888335 0.9113496542
138.6 -80.2 2405.1 0.9663511515 -0.0159074459 0.2567341924 -0.0699397624 0.9442346692 0.3217597604 -0.2475356907 -0.3288888335 0.9113496542
141.5 -267.9 2470.5 0.9663671255 -0.0147876935 0.2567408979 -0.0709241480 0.9443019032 0.3213465810 -0.2471929044 -0.3287478983 0.9114935398
2.6 -70.2 2439.9 0.0954329446 -0.8624682426 -0.4970322847 0.9775204659 0.1755010486 -0.1168463603 0.1880059540 -0.4747082591 0.8598289490
-23.1 -332.8 2389.4 -0.3032615483 -0.8624682426 -0.4051925242 0.5717203617 0.1755010486 -0.8014581800 0.7623439431 -0.4747082591 0.4398679137
274.6 -90.2 2370.3 0.0061357543 0.6588611603 0.7522395253 -0.9748473167 0.1715382189 -0.1422930360 -0.2227891833 -0.7324455976 0.6433416009
276.0 -323.5 2317.0 -0.5788214803 0.6588611603 0.4804868698 -0.5062929392 0.1715382189 -0.8451284170 -0.6392441988 -0.7324455976 0.2342867702
55.0 -447.5 2558.6 0.8371068239 0.5349643230 0.1143036708 0.1455833614 -0.0164470412 -0.9892092943 -0.5273116827 0.8447145820 -0.0916498378
-173.0 -440.5 2198.6 0.8371068239 -0.1996465474 0.5093067884 0.1455833614 0.9787536263 0.1443843693 -0.5273116827 -0.0467185527 0.8483865857
233.1 -462.2 2513.2 0.9908149838 -0.0486127697 0.1261843592 0.1166480333 -0.1647656262 -0.9794108272 0.0684027150 0.9851340652 -0.1575816721
253.5 -393.2 2101.0 0.9908149838 -0.1191155240 -0.0640092790 0.1166480333 0.9923263788 -0.0410074629 0.0684027150 0.0331642553 0.9971064329
55.8 -481.5 2191.1 0 0 0 0 0 0 0 0 0
125.4 -455.3 2150.6 0 0 0 0 0 0 0 0 0
-96.6 -814.6 2216.5 0 0 0 0 0 0 0 0 0
299.0 -772.6 2088.3 0 0 0 0 0 0 0 0 0
135.0 107.6 2338.9 26 0.9663767815 -0.0205267034 0.2563095093 -0.0662793368 0.9432381988 0.3254361749 -0.2484410703 -0.3314819634 0.9101630449
139.2 -81.9 2405.4 0.9663767815 -0.0205267034 0.2563095093 -0.0662793368 0.9432381988 0.3254361749 -0.2484410703 -0.3314819634 0.9101630449
143.0 -269.5 2471.2 0.9663987160 -0.0191537458 0.2563330531 -0.0673230290 0.9435493946 0.3243179023 -0.2480747998 -0.3306775093 0.9105554819
3.1 -72.4 2440.4 0.0949157104 -0.8714900613 -0.4811404347 0.9770283103 0.1741913259 -0.1227721870 0.1908052266 -0.4584348500 0.8680039644
-22.4 -334.8 2389.1 -0.2932110727 -0.8714900613 -0.3931060731 0.5642388463 0.1741913259 -0.8070266247 0.7717912793 -0.4584348500 0.4406536818
275.2 -91.4 2370.5 -0.0003896832 0.6465967298 0.7628319263 -0.9715694785 0.1803589910 -0.1533734351 -0.2367543578 -0.7412039638 0.6281433702
275.1 -324.0 2313.8 -0.5817027092 0.6465967298 0.4934922457 -0.5120021105 0.1803589910 -0.8398360014 -0.6320409775 -0.7412039638 0.2261435688
55.8 -449.1 2558.5 0.8341867924 0.5395579338 0.1140600517 0.1474909931 -0.0189844240 -0.9888811707 -0.5313932896 0.8417344093 -0.0954164863
-174.4 -441.0 2199.4 0.8341867924 -0.2019918710 0.5131585598 0.1474909931 0.9783274531 0.1453335285 -0.5313932896 -0.0455490425 0.8458997607
235.4 -463.2 2514.2 0.9903808832 -0.0468781665 0.1301851422 0.1210020781 -0.1629290730 -0.9791897535 0.0671135634 0.9855235219 -0.1556894779
255.1 -395.1 2101.8 0.9903808832 -0.1233027130 -0.0627867356 0.1210020781 0.9918768406 -0.0392274968 0.0671135634 0.0312528387 0.9972557425
53.9 -481.5 2188.4 0 0 0 0 0 0 0 0 0
123.7 -457.3 2149.3 0 0 0 0 0 0 0 0 0
-97.2 -815.1 2216.8 0 0 0 0 0 0 0 0 0
302.2 -774.3 2089.9 0 0 0 0 0 0 0 0 0
134.3 106.3 2338.8 27 0.9691686034 -0.0218560360 0.2454272211 -0.0611108392 0.9436159730 0.3253526986 -0.2386999726 -0.3303198814 0.9131873250
138.7 -83.1 2405.1 0.9691686034 -0.0218560360 0.2454272211 -0.0611108392 0.9436159730 0.3253526986 -0.2386999726 -0.3303198814 0.9131873250
142.7 -270.8 2470.6 0.9691937566 -0.0203479864 0.2454574853 -0.0622366741 0.9440079331 0.3239993155 -0.2383065522 -0.3292945921 0.9136602283
2.3 -74.3 2438.7 0.0853183642 -0.8739966154 -0.4783833921 0.9765205979 0.1686733365 -0.1340029538 0.1978086531 -0.4557183385 0.8678666353
-20.7 -336.8 2385.5 -0.2895434797 -0.8739966154 -0.3902492225 0.5723935962 0.1686733365 -0.8024430275 0.7671571374 -0.4557183385 0.4514318407
275.1 -91.9 2371.6 -0.0020126437 0.6552873850 0.7553769946 -0.9710735083 0.1790830046 -0.1579413563 -0.2387721539 -0.7338444591 0.6359718442
274.6 -326.0 2314.0 -0.5801218152 0.6552873850 0.4837944806 -0.5028967857 0.1790830046 -0.8455909491 -0.6407444477 -0.7338444591 0.2256519794
58.1 -450.9 2559.7 0.8323848248 0.5429067016 0.1113004982 0.1480533630 -0.0243075434 -0.9886806011 -0.5340558887 0.8394411206 -0.1006124020
-174.3 -440.5 2200.4 0.8323848248 -0.2024633139 0.5158915520 0.1480533630 0.9782847762 0.1450486928 -0.5340558887 -0.0443568490 0.8442847729
236.6 -463.8 2514.7 0.9871137142 -0.0707510561 0.1435298175 0.1293704063 -0.1750512123 -0.9760227203 0.0941797048 0.9820139408 -0.1636423618
266.4 -390.0 2100.7 0.9871137142 -0.1331160814 -0.0888066813 0.1293704063 0.9904958606 -0.0467040278 0.0941797048 0.0346132293 0.9949533343
54.6 -485.6 2186.0 0 0 0 0 0 0 0 0 0
123.6 -456.9 2147.2 0 0 0 0 0 0 0 0 0
-96.9 -814.5 2217.3 0 0 0 0 0 0 0 0 0
317.3 -768.6 2087.4 0 0 0 0 0 0 0 0 0
133.8 106.9 2338.8 28 0.9705272317 -0.0272494312 0.2394459248 -0.0533542447 0.9446344376 0.3237578571 -0.2350110710 -0.3269912601 0.9153395295
139.2 -83.0 2404.5 0.9705272317 -0.0272494312 0.2394459248 -0.0533542447 0.9446344376 0.3237578571 -0.2350110710 -0.3269912601 0.9153395295
144.4 -270.8 2469.5 0.9705631733 -0.0258048065 0.2394603789 -0.0546333045 0.9447376728 0.3232428133 -0.2345684618 -0.3268100619 0.9155178070
2.6 -75.3 2437.5 0.0793182850 -0.8893219233 -0.4503499866 0.9752522707 0.1627598703 -0.1496404558 0.2063774467 -0.4273356199 0.8802230358
-18.8 -339.4 2381.6 -0.2716840804 -0.8893219233 -0.3678236902 0.5636314154 0.1627598703 -0.8098325729 0.7800688148 -0.4273356199 0.4570305347
275.8 -90.7 2371.5 -0.0067432541 0.6529115438 0.7574041486 -0.9706535935 0.1778049767 -0.1619165838 -0.2403874397 -0.7362688780 0.6325519681
274.2 -327.3 2312.9 -0.5823071003 0.6529115438 0.4843809903 -0.5038013458 0.1778049767 -0.8453221917 -0.6380459666 -0.7362688780 0.2254005969
57.8 -452.7 2557.9 0.8326125741 0.5435693264 0.1062481329 0.1451147199 -0.0289676487 -0.9889907241 -0.5345072150 0.8388642669 -0.1029987335
-173.4 -440.4 2201.1 0.8326125741 -0.1978864968 0.5172979832 0.1451147199 0.9793084860 0.1410552412 -0.5345072150 -0.0423768274 0.8441008329
239.0 -463.4 2513.2 0.9844278693 -0.0827733651 0.1550817192 0.1378023326 -0.1843716353 -0.9731482863 0.1091434360 0.9793649316 -0.1700942218
274.0 -385.4 2098.9 0.9844278693 -0.1426917166 -0.1026686281 0.1378023326 0.9890260696 -0.0532720536 0.1091434360 0.0382945165 0.9932880998
51.8 -485.9 2178.8 0 0 0 0 0 0 0 0 0
122.6 -458.4 2146.8 0 0 0 0 0 0 0 0 0
-97.7 -814.8 2217.3 0 0 0 0 0 0 0 0 0
328.6 -763.5 2084.3 0 0 0 0 0 0 0 0 0
132.9 108.0 2338.8 29 0.9700862765 -0.0356529579 0.2401280105 -0.0456563085 0.9447105527 0.3247113228 -0.2384283841 -0.3259613514 0.9148229957
140.0 -81.8 2404.3 0.9700862765 -0.0356529579 0.2401280105 -0.0456563085 0.9447105527 0.3247113228 -0.2384283841 -0.3259613514 0.9148229957
146.5 -269.7 2468.7 0.9701778889 -0.0324174166 0.2402165830 -0.0481994040 0.9454261065 0.3222519755 -0.2375535965 -0.3242200315 0.9156689644
3.5 -75.0 2437.7 0.0876616538 -0.8889190555 -0.4495979548 0.9758695960 0.1672417223 -0.1403876692 0.1999848187 -0.4264423847 0.8821297884
-20.2 -338.6 2383.7 -0.2720621824 -0.8889190555 -0.3685173690 0.5562094450 0.1672417223 -0.8140400648 0.7852472067 -0.4264423847 0.4489250183
276.6 -88.6 2370.8 -0.0097563891 0.6539549232 0.7564705610 -0.9711948633 0.1739258468 -0.1628814340 -0.2380869091 -0.7362694740 0.6334207654
274.2 -327.5 2312.3 -0.5831184387 0.6539549232 0.4819915593 -0.5041592121 0.1739258468 -0.8459156156 -0.6370214820 -0.7362694740 0.2282780558
60.4 -453.6 2556.0 0.8371613622 0.5415058136 0.0770218521 0.1242838651 -0.0511956811 -0.9909250736 -0.5326485038 0.8391367197 -0.1101594791
-164.0 -432.4 2208.2 0.8371613622 -0.1534262598 0.5249964595 0.1242838651 0.9881034493 0.0905822590 -0.5326485038 -0.0105833793 0.8462703824
242.2 -462.0 2511.5 0.9832035303 -0.0834363326 0.1623242199 0.1441575438 -0.1904418916 -0.9710564017 0.1119347140 0.9781463146 -0.1752151549
277.5 -381.3 2097.1 0.9832035303 -0.1496357769 -0.1044983640 0.1441575438 0.9878425598 -0.0581864901 0.1119347140 0.0421449356 0.9928214550
50.6 -483.3 2179.5 0 0 0 0 0 0 0 0 0
122.4 -458.7 2146.5 0 0 0 0 0 0 0 0 0
-105.4 -809.6 2212.2 0 0 0 0 0 0 0 0 0
334.7 -759.0 2081.0 0 0 0 0 0 0 0 0 0
134.7 109.6 2339.3 30 0.9706425667 -0.0344217010 0.2380508035 -0.0452842228 0.9458555579 0.3214135170 -0.2362252623 -0.3227576017 0.9165288806
141.7 -80.5 2404.1 0.9706425667 -0.0344217010 0.2380508035 -0.0452842228 0.9458555579 0.3214135170 -0.2362252623 -0.3227576017 0.9165288806
148.2 -268.7 2467.8 0.9706801772 -0.0326132476 0.2381519973 -0.0463464484 0.9467702508 0.3185563385 -0.2358643860 -0.3202538192 0.9174996018
5.1 -73.9 2437.3 0.0939776152 -0.8814314008 -0.4628681540 0.9742907286 0.1770447344 -0.1393296570 0.2047578990 -0.4378742874 0.8754086494
-20.3 -336.7 2382.1 -0.2733952701 -0.8814314008 -0.3851412237 0.5647304058 0.1770447344 -0.8060612679 0.7786749005 -0.4378742874 0.4493678808
278.3 -87.0 2371.0 -0.0132951625 0.6494851112 0.7602580786 -0.9726397395 0.1679635197 -0.1604997218 -0.2319377959 -0.7415910959 0.6294819117
275.0 -326.7 2313.8 -0.5828540921 0.6494851112 0.4883136153 -0.5163637996 0.1679635197 -0.8397361040 -0.6274149418 -0.7415910959 0.2374723554
63.8 -452.8 2553.6 0.8387130499 0.5411753654 0.0607422702 0.1133283675 -0.0643520728 -0.9914713502 -0.5326510072 0.8384438157 -0.1153034419
-158.1 -426.4 2209.7 0.8387130499 -0.1289665848 0.5290822387 0.1133283675 0.9916173816 0.0620613024 -0.5326510072 0.0079083974 0.8462980390
243.8 -461.1 2509.9 0.9824872017 -0.0875181630 0.1644975543 0.1449013352 -0.1961562634 -0.9698073864 0.1171429902 0.9766592383 -0.1800395250
280.9 -377.9 2095.8 0.9824872017 -0.1511660516 -0.1089389771 0.1449013352 0.9874166846 -0.0633397922 0.1171429902 0.0464451350 0.9920284152
50.8 -483.5 2179.6 0 0 0 0 0 0 0 0 0
123.3 -461.1 2150.5 0 0 0 0 0 0 0 0 0
-108.9 -805.1 2206.7 0 0 0 0 0 0 0 0 0
338.7 -755.4 2078.0 0 0 0 0 0 0 0 0 0
134.3 109.3 2340.0 31 0.9718643427 -0.0277550444 0.2339003235 -0.0488662198 0.9476688504 0.3154930770 -0.2304165661 -0.3180463016 0.9196492434
139.9 -81.0 2403.9 0.9718643427 -0.0277550444 0.2339003235 -0.0488662198 0.9476688504 0.3154930770 -0.2304165661 -0.3180463016 0.9196492434
144.9 -269.5 2466.8 0.9719228148 -0.0250957720 0.2339576632 -0.0509648621 0.9482407570 0.3134359717 -0.2297140956 -0.3165591955 0.9203377962
3.1 -73.8 2436.2 0.0879733190 -0.8804168701 -0.4659686983 0.9758423567 0.1700833291 -0.1371254027 0.1999810338 -0.4426485896 0.8741108775
-20.5 -335.2 2382.7 -0.2788802683 -0.8804168701 -0.3835256398 0.5692558885 0.1700833291 -0.8043751121 0.7734167576 -0.4426485896 0.4537496269
276.7 -88.1 2371.6 -0.0063896384 0.6427552104 0.7660449743 -0.9732734561 0.1718632728 -0.1523211896 -0.2295602262 -0.7465445399 0.6244784594
275.1 -325.4 2315.6 -0.5799148083 0.6427552104 0.5005642176 -0.5276038647 0.1718632728 -0.8319237828 -0.6207519770 -0.7465445399 0.2394540906
59.8 -453.4 2551.1 0.8429903984 0.5358567238 0.0471673012 0.1037858874 -0.0759811699 -0.9916931987 -0.5278216004 0.8408831358 -0.1196657643
-158.8 -422.4 2208.0 0.8429903984 -0.1107122451 0.5264123678 0.1037858874 0.9936790466 0.0427838154 -0.5278216004 0.0185678303 0.8491522670
239.1 -462.6 2508.7 0.9823148251 -0.0962238610 0.1606191397 0.1389527917 -0.2003337592 -0.9698239565 0.1254976392 0.9749909639 -0.1834202558
279.9 -377.7 2095.1 0.9823148251 -0.1461132169 -0.1170831621 0.1389527917 0.9880169630 -0.0671910197 0.1254976392 0.0497337058 0.9908465743
52.1 -483.3 2181.5 0 0 0 0 0 0 0 0 0
124.2 -462.7 2154.1 0 0 0 0 0 0 0 0 0
-116.5 -802.0 2200.9 0 0 0 0 0 0 0 0 0
335.8 -755.4 2076.1 0 0 0 0 0 0 0 0 0
134.2 107.1 2339.9 32 0.9704831839 -0.0246902425 0.2399016321 -0.0538313314 0.9474713802 0.3152779937 -0.2350842059 -0.3188861907 0.9181759357
139.1 -83.2 2404.0 0.9704831839 -0.0246902425 0.2399016321 -0.0538313314 0.9474713802 0.3152779937 -0.2350842059 -0.3188861907 0.9181759357
143.2 -271.7 2467.0 0.9705640078 -0.0204945281 0.2399697304 -0.0572226681 0.9482187033 0.3124209046 -0.2339467108 -0.3169561923 0.9191341996
2.5 -75.2 2436.9 0.0916100442 -0.8821421862 -0.4619877934 0.9752259851 0.1732866019 -0.1374991536 0.2013500929 -0.4379462004 0.8761628270
-21.9 -334.9 2383.3 -0.2742929459 -0.8821421862 -0.3828687966 0.5668725371 0.1732866019 -0.8053739667 0.7768003941 -0.4379462004 0.4525309205
275.7 -91.3 2371.0 -0.0036335292 0.6356216669 0.7719921470 -0.9715796113 0.1804775745 -0.1531695873 -0.2366851866 -0.7506083846 0.6169012785
274.8 -326.2 2313.8 -0.5763995647 0.6356216669 0.5135646462 -0.5358589888 0.1804775745 -0.8247926831 -0.6169430017 -0.7506083846 0.2365763634
57.8 -453.7 2549.8 0.8396797180 0.5418852568 0.0360327438 0.1192769483 -0.1192836538 -0.9856695533 -0.5298216939 0.8319445848 -0.1647944897
-160.2 -405.7 2215.0 0.8396797180 -0.1198134422 0.5297006369 0.1192769483 0.9922313094 0.0353562199 -0.5298216939 0.0334931724 0.8474474549
236.4 -465.5 2508.5 0.9836214781 -0.0937874392 0.1539243758 0.1328903139 -0.1995983869 -0.9708247185 0.1217742190 0.9753791094 -0.1838658154
276.2 -380.8 2094.7 0.9836214781 -0.1397864819 -0.1137916371 0.1328903139 0.9889225960 -0.0661229789 0.1217742190 0.0499181785 0.9913017750
49.5 -482.3 2181.2 0 0 0 0 0 0 0 0 0
124.8 -465.7 2153.2 0 0 0 0 0 0 0 0 0
-114.5 -784.8 2202.2 0 0 0 0 0 0 0 0 0
329.6 -758.9 2075.6 0 0 0 0 0 0 0 0 0
132.4 105.3 2340.8 33 0.9719942212 -0.0343494117 0.2324809730 -0.0416516252 0.9484181404 0.3142740726 -0.2312842906 -0.3151557744 0.9204261899
139.3 -85.2 2404.1 0.9719942212 -0.0343494117 0.2324809730 -0.0416516252 0.9484181404 0.3142740726 -0.2312842906 -0.3151557744 0.9204261899
145.5 -273.7 2466.9 0.9721050858 -0.0309782885 0.2324909121 -0.0448716469 0.9483668804 0.3139853477 -0.2302134037 -0.3156590164 0.9205222130
2.5 -78.9 2436.5 0.0935829058 -0.8737452030 -0.4772961140 0.9737239480 0.1802918166 -0.1391278654 0.2076148838 -0.4517346621 0.8676588535
-22.1 -335.8 2381.8 -0.2759658992 -0.8737452030 -0.4005148709 0.5810295939 0.1802918166 -0.7936620712 0.7656679749 -0.4517346621 0.4579174221
276.1 -91.5 2371.7 -0.0091017336 0.6487074494 0.7609834671 -0.9698984027 0.1794658154 -0.1645877808 -0.2433398366 -0.7395746708 0.6275468469
273.9 -328.0 2312.4 -0.5793520212 0.6487074494 0.4934874773 -0.5136967897 0.1794658154 -0.8389920592 -0.6328245401 -0.7395746708 0.2292650640
62.3 -457.5 2550.0 0.8406672478 0.5396404862 0.0454609282 0.1410818845 -0.1371855885 -0.9804468155 -0.5228522420 0.8306432962 -0.1914609373
-154.5 -402.4 2216.4 0.8406672478 -0.1400201917 0.5231375694 0.1410818845 0.9892657995 0.0380669795 -0.5228522420 0.0418035723 0.8513976932
240.9 -466.4 2508.6 0.9813719988 -0.0953969136 0.1667585820 0.1449004263 -0.2024006546 -0.9685235620 0.1261461973 0.9746452570 -0.1848072857
281.4 -380.5 2094.9 0.9813719988 -0.1522697955 -0.1171448082 0.1449004263 0.9870309830 -0.0690921396 0.1261461973 0.0508307591 0.9907085299
49.6 -486.9 2182.7 0 0 0 0 0 0 0 0 0
123.2 -461.6 2147.8 0 0 0 0 0 0 0 0 0
-100.9 -780.4 2200.4 0 0 0 0 0 0 0 0 0
339.6 -757.8 2075.5 0 0 0 0 0 0 0 0 0
132.6 105.6 2332.3 34 0.9732214212 -0.0365111381 0.2269515246 -0.0441407412 0.9392481446 0.3403887153 -0.2255917788 -0.3412913978 0.9124848247
140.0 -83.8 2401.1 0.9732214212 -0.0365111381 0.2269515246 -0.0441407412 0.9392481446 0.3403887153 -0.2255917788 -0.3412913978 0.9124848247
146.8 -270.8 2468.3 0.9732607007 -0.0344677418 0.2271025032 -0.0451815054 0.9406382442 0.3363902271 -0.2252158970 -0.3376562297 0.9139289260
3.0 -77.5 2432.8 0.0772176534 -0.8929257393 -0.4435324967 0.9765877724 0.1573271900 -0.1467123032 0.2007829100 -0.4218196273 0.8841687441
-17.7 -339.0 2379.1 -0.2658468187 -0.8929257393 -0.3633306026 0.5718933344 0.1573271900 -0.8051001430 0.7760564089 -0.4218196273 0.4688333273
276.9 -90.2 2369.4 -0.0177612789 0.6445002556 0.7643977404 -0.9707580805 0.1719401032 -0.1675271094 -0.2394018918 -0.7450208068 0.6225999594
272.6 -328.8 2310.6 -0.5874492526 0.6445002556 0.4894106388 -0.5123378634 0.1719401032 -0.8413955569 -0.6264289618 -0.7450208068 0.2291958183
64.2 -453.2 2555.6 0.8424832225 0.5364316702 0.0496294200 0.1386395395 -0.1268685758 -0.9821829796 -0.5205776095 0.8343533278 -0.1812552810
-151.0 -402.3 2220.8 0.8424832225 -0.1490669996 0.5176881552 0.1386395395 0.9885815978 0.0590382665 -0.5205776095 0.0220332928 0.8535299897
242.9 -461.9 2514.7 0.9800623655 -0.0986350998 0.1724787205 0.1528438181 -0.1803839356 -0.9716482759 0.1269510090 0.9786382318 -0.1617117375
284.8 -385.3 2099.5 0.9800623655 -0.1574949473 -0.1211327240 0.1528438181 0.9871399999 -0.0468336008 0.1269510090 0.0273854621 0.9915308952
51.4 -487.8 2177.3 0 0 0 0 0 0 0 0 0
119.7 -462.1 2147.6 0 0 0 0 0 0 0 0 0
-94.1 -780.1 2212.4 0 0 0 0 0 0 0 0 0
345.0 -762.6 2089.0 0 0 0 0 0 0 0 0 0
133.2 105.9 2335.5 35 0.9729492068 -0.0358086675 0.2282269597 -0.0427132510 0.9429981112 0.3300457001 -0.2270360887 -0.3308660388 0.9159597754
140.4 -84.0 2402.2 0.9729492068 -0.0358086675 0.2282269597 -0.0427132510 0.9429981112 0.3300457001 -0.2270360887 -0.3308660388 0.9159597754
147.3 -271.4 2468.0 0.9729805589 -0.0349784270 0.2282222509 -0.0435473211 0.9429160357 0.3301711977 -0.2267432809 -0.3311886191 0.9159157276
3.4 -77.9 2434.1 0.0536763109 -0.9121018648 -0.4064345956 0.9754935503 0.1348721832 -0.1738441288 0.2133802772 -0.3871430457 0.8969889283
-11.0 -340.5 2376.6 -0.2462095618 -0.9121018648 -0.3277973235 0.5748575926 0.1348721832 -0.8070614934 0.7803329825 -0.3871430457 0.4911218584
277.3 -90.1 2370.3 -0.0115728788 0.6459785104 0.7632678747 -0.9714329243 0.1736797988 -0.1617200226 -0.2370318770 -0.7433351278 0.6255148649
274.5 -327.3 2312.4 -0.5848934054 0.6459785104 0.4905216396 -0.5131195188 0.1736797988 -0.8405615687 -0.6281784177 -0.7433351278 0.2298800051
64.9 -454.7 2554.4 0.8420094252 0.5372593403 0.0487084650 0.1449508220 -0.1383491606 -0.9797187448 -0.5196242332 0.8319927454 -0.1943674833
-150.5 -399.2 2220.8 0.8420094252 -0.1510650069 0.5178797841 0.1449508220 0.9880430102 0.0525387526 -0.5196242332 0.0308289751 0.8538385034
243.5 -462.9 2513.0 0.9801998138 -0.0974215493 0.1723873168 0.1520844400 -0.1871047318 -0.9704958200 0.1268016845 0.9774972200 -0.1685837209
284.9 -383.5 2098.2 0.9801998138 -0.1575676054 -0.1199199483 0.1520844400 0.9869110584 -0.0536363982 0.1268016845 0.0343364254 0.9913336039
53.0 -490.0 2173.7 0 0 0 0 0 0 0 0 0
122.3 -460.8 2148.9 0 0 0 0 0 0 0 0 0
-92.8 -776.9 2209.0 0 0 0 0 0 0 0 0 0
345.1 -760.7 2085.1 0 0 0 0 0 0 0 0 0
132.2 104.7 2329.7 36 0.9729433060 -0.0395184904 0.2276391387 -0.0441706069 0.9352756143 0.3511530459 -0.2267823666 -0.3517069817 0.9082246423
140.1 -83.9 2400.6 0.9729433060 -0.0395184904 0.2276391387 -0.0441706069 0.9352756143 0.3511530459 -0.2267823666 -0.3517069817 0.9082246423
147.1 -270.1 2469.6 0.9730615020 -0.0351757333 0.2278465033 -0.0471323170 0.9370664954 0.3459550440 -0.2256765515 -0.3473744690 0.9101654291
3.2 -77.2 2432.3 0.0204166137 -0.9456946850 -0.3244144320 0.9766120911 0.0883299634 -0.1960272491 0.2140374333 -0.3128248453 0.9253802299
-2.5 -347.2 2373.1 -0.2138781697 -0.9456946850 -0.2447808981 0.5556194782 0.0883299634 -0.8267313838 0.8034569621 -0.3128248453 0.5065545440
277.1 -90.5 2368.8 -0.0100555448 0.6508983970 0.7590982914 -0.9726655483 0.1697561145 -0.1584441215 -0.2319926023 -0.7399420142 0.6313994527
274.6 -326.2 2312.6 -0.5766490102 0.6508983970 0.4937683642 -0.5233859420 0.1697561145 -0.8350149393 -0.6273300648 -0.7399420142 0.2427813709
64.8 -452.0 2559.3 0.8422141671 0.5369395018 0.0486954451 0.1376194358 -0.1267733425 -0.9823387265 -0.5212832093 0.8340410590 -0.1806636155
-150.5 -401.1 2224.8 0.8422141671 -0.1523701251 0.5171640515 0.1376194358 0.9882140160 0.0670372322 -0.5212832093 0.0147121167 0.8532569408
243.4 -460.7 2517.9 0.9801050425 -0.0976855904 0.1727762818 0.1545833051 -0.1703054607 -0.9731906652 0.1244914457 0.9805374146 -0.1518166810
284.8 -388.4 2101.9 0.9801050425 -0.1579170674 -0.1202344447 0.1545833051 0.9873006344 -0.0366262272 0.1244914457 0.0173113104 0.9920696616
53.1 -491.6 2164.4 0 0 0 0 0 0 0 0 0
124.6 -462.4 2149.3 0 0 0 0 0 0 0 0 0
-92.3 -778.8 2219.2 0 0 0 0 0 0 0 0 0
345.2 -765.8 2095.3 0 0 0 0 0 0 0 0 0
132.6 104.2 2326.7 37 0.9741213322 -0.0358691253 0.2231615782 -0.0484020114 0.9313197732 0.3609718680 -0.2207825482 -0.3624318540 0.9054822922
139.8 -83.7 2399.8 0.9741213322 -0.0358691253 0.2231615782 -0.0484020114 0.9313197732 0.3609718680 -0.2207825482 -0.3624318540 0.9054822922
146.3 -269.0 2471.3 0.9742058516 -0.0325546935 0.2233005911 -0.0507052429 0.9326562285 0.3571852744 -0.2198907435 -0.3592945039 0.9069484472
2.7 -76.5 2430.8 0.0022699980 -0.9596073031 -0.2813336551 0.9773319364 0.0616877079 -0.2025261968 0.2117004544 -0.2744966447 0.9379949570
2.1 -351.8 2371.2 -0.1973860264 -0.9596073031 -0.2004807591 0.5476281047 0.0616877079 -0.8344447613 0.8131065369 -0.2744966447 0.5133316517
277.0 -90.8 2368.9 -0.0111249890 0.6523595452 0.7578279972 -0.9718983769 0.1711617112 -0.1616083533 -0.2351378947 -0.7383296490 0.6321229935
274.3 -326.0 2312.0 -0.5760986209 0.6523595452 0.4924808145 -0.5210176706 0.1711617112 -0.8362082839 -0.6298023462 -0.7383296490 0.2412848175
64.7 -450.6 2561.7 0.8383053541 0.5402680039 0.0731754377 0.1345487386 -0.0749453232 -0.9880687594 -0.5283377767 0.8381489515 -0.1355194449
-160.7 -419.3 2212.0 0.8383053541 -0.1685376018 0.5184971094 0.1345487386 0.9855582714 0.1028177664 -0.5283377767 -0.0164295472 0.8488752842
242.2 -459.1 2522.5 0.9795621037 -0.1030362472 0.1727471203 0.1553594768 -0.1579142511 -0.9751546383 0.1277555078 0.9820624590 -0.1386791617
285.9 -392.1 2105.8 0.9795621037 -0.1571606547 -0.1255331188 0.1553594768 0.9875646234 -0.0240737237 0.1277555078 0.0040789503 0.9917973280
53.4 -494.1 2159.8 0 0 0 0 0 0 0 0 0
124.3 -461.6 2148.1 0 0 0 0 0 0 0 0 0
-96.3 -795.8 2218.2 0 0 0 0 0 0 0 0 0
346.0 -769.6 2104.2 0 0 0 0 0 0 0 0 0
132.6 104.4 2333.3 38 0.9718293548 -0.0317326598 0.2335396558 -0.0525670946 0.9367495775 0.3460302949 -0.2297486365 -0.3485589027 0.9086925983
139.0 -84.3 2403.5 0.9718293548 -0.0317326598 0.2335396558 -0.0525670946 0.9367495775 0.3460302949 -0.2297486365 -0.3485589027 0.9086925983
144.8 -270.6 2472.4 0.9718858600 -0.0293191262 0.2336199135 -0.0543023087 0.9375570416 0.3435665965 -0.2291050702 -0.3465936184 0.9096063375
2.2 -76.6 2435.7 0.0003537066 -0.9577344656 -0.2876535952 0.9717916846 0.0681696385 -0.2257739305 0.2358407080 -0.2794595063 0.9307424426
2.1 -353.8 2368.4 -0.1997544765 -0.9577344656 -0.2069851756 0.5414523482 0.0681696385 -0.8379631639 0.8166562915 -0.2794595063 0.5049504042
275.8 -91.9 2371.2 -0.0058052880 0.6596624255 0.7515395880 -0.9712573886 0.1751234233 -0.1612167507 -0.2379608154 -0.7308743000 0.6396853924
274.4 -326.1 2313.8 -0.5753619671 0.6596624255 0.4835329056 -0.5079877973 0.1751234233 -0.8433743119 -0.6410202980 -0.7308743000 0.2343410999
63.3 -449.1 2564.0 0.8323276043 0.5456467867 0.0974700451 0.1464734375 -0.0469234511 -0.9881010652 -0.5345805287 0.8367005587 -0.1189784408
-170.2 -429.0 2205.9 0.8323276043 -0.1932705045 0.5194971561 0.1464734375 0.9806159735 0.1301455647 -0.5345805287 -0.0322312042 0.8445026875
239.8 -462.0 2520.2 0.9816735983 -0.0956089571 0.1648511887 0.1470335424 -0.1703272760 -0.9743560553 0.1212358251 0.9807382822 -0.1531480551
280.4 -389.7 2104.1 0.9816735983 -0.1503397524 -0.1171108261 0.1470335424 0.9884605408 -0.0364267789 0.1212358251 0.0185399856 0.9924505949
54.1 -494.6 2156.1 0 0 0 0 0 0 0 0 0
124.7 -458.3 2147.0 0 0 0 0 0 0 0 0 0
-96.4 -803.6 2218.2 0 0 0 0 0 0 0 0 0
337.8 -767.5 2097.0 0 0 0 0 0 0 0 0 0
133.2 105.3 2336.0 39 0.9719395638 -0.0319761895 0.2330473214 -0.0501045436 0.9398405552 0.3379189670 -0.2298326939 -0.3401135206 0.9118660688
139.7 -83.8 2404.4 0.9719395638 -0.0319761895 0.2330473214 -0.0501045436 0.9398405552 0.3379189670 -0.2298326939 -0.3401135206 0.9118660688
145.5 -270.7 2471.7 0.9720014334 -0.0294638593 0.2331202924 -0.0519991703 0.9405377507 0.3356856704 -0.2291490287 -0.3384090066 0.9126719236
2.9 -76.5 2436.7 0.0072761923 -0.9514631033 -0.3076768219 0.9710736871 0.0801599994 -0.2249228805 0.2386692017 -0.2971402705 0.9245240092
0.8 -352.5 2368.9 -0.2037089467 -0.9514631033 -0.2306959927 0.5596861243 0.0801599994 -0.8248186707 0.8032770753 -0.2971402705 0.5161914229
276.5 -91.1 2372.2 -0.0089267353 0.6613501310 0.7500241995 -0.9702680111 0.1756930053 -0.1664691716 -0.2418684065 -0.7292105556 0.6401184797
274.3 -326.3 2313.6 -0.5736263990 0.6613501310 0.4832895696 -0.5079264641 0.1756930053 -0.8432927728 -0.6426223516 -0.7292105556 0.2351350635
61.4 -451.6 2562.9 0.8305000663 0.5466259718 0.1070967689 0.1539478451 -0.0404708646 -0.9872497916 -0.5353220701 0.8363983035 -0.1177629456
-173.5 -434.3 2203.4 0.8305000663 -0.2047364563 0.5180276632 0.1539478451 0.9781424999 0.1397758275 -0.5353220701 -0.0363345928 0.8438661695
240.5 -462.5 2518.0 0.9815732241 -0.0959487408 0.1652508825 0.1463083327 -0.1788969636 -0.9729284644 0.1229141355 0.9791780710 -0.1615623683
281.3 -386.5 2102.4 0.9815732241 -0.1506927609 -0.1174976826 0.1463083327 0.9882087111 -0.0451375805 0.1229141355 0.0271149520 0.9920468330
53.7 -498.0 2160.0 0 0 0 0 0 0 0 0 0
125.0 -458.5 2146.3 0 0 0 0 0 0 0 0 0
-95.3 -808.0 2217.3 0 0 0 0 0 0 0 0 0
338.9 -764.3 2092.1 0 0 0 0 0 0 0 0 0
134.8 108.3 2338.9 40 0.9675664306 -0.0256448835 0.2513117492 -0.0586750582 0.9448121786 0.3223152757 -0.2457081378 -0.3266071677 0.9126638174
139.9 -81.8 2404.6 0.9675664306 -0.0256448835 0.2513117492 -0.0586750582 0.9448121786 0.3223152757 -0.2457081378 -0.3266071677 0.9126638174
144.3 -269.8 2468.9 0.9676282406 -0.0221071448 0.2514098585 -0.0611223541 0.9459736943 0.3184302151 -0.2448666990 -0.3234888017 0.9139996171
3.8 -73.2 2439.1 0.0313536003 -0.9285475612 -0.3698870540 0.9712234139 0.1157187223 -0.2081689090 0.2360975891 -0.3527161181 0.9054552913
-5.2 -351.1 2371.5 -0.2321046144 -0.9285475612 -0.2897014320 0.5605437756 0.1157187223 -0.8199998736 0.7949327826 -0.3527161181 0.4936327040
276.1 -90.3 2370.1 -0.0059053190 0.6672477722 0.7448124290 -0.9739080667 0.1651409715 -0.1556649357 -0.2268661261 -0.7262980938 0.6488627195
274.7 -325.9 2315.3 -0.5724695921 0.6672477722 0.4765071273 -0.5101221800 0.1651409715 -0.8440994024 -0.6419142485 -0.7262980938 0.2458397150
62.2 -452.7 2560.3 0.8283272386 0.5496252775 0.1085635796 0.1553847492 -0.0392066315 -0.9870756865 -0.5382653475 0.8344907761 -0.1178793088
-173.6 -435.9 2202.4 0.8283272386 -0.2041726112 0.5217159390 0.1553847492 0.9784198999 0.1361988485 -0.5382653475 -0.0317505039 0.8421771526
237.4 -463.4 2510.7 0.9851874113 -0.0835194513 0.1497674733 0.1314684153 -0.1928791702 -0.9723752737 0.1100992709 0.9776615500 -0.1790419668
272.8 -381.6 2095.9 0.9851874113 -0.1370226294 -0.1031047627 0.1314684153 0.9895693064 -0.0588951446 0.1100992709 0.0444677360 0.9929253459
55.1 -496.8 2164.9 0 0 0 0 0 0 0 0 0
125.6 -458.7 2148.2 0 0 0 0 0 0 0 0 0
-95.6 -809.9 2214.5 0 0 0 0 0 0 0 0 0
325.2 -759.8 2078.9 0 0 0 0 0 0 0 0 0
135.1 110.0 2338.3 41 0.9710114598 -0.0242596697 0.2377986461 -0.0566089936 0.9431968331 0.3273762167 -0.2322329730 -0.3313476145 0.9144815803
140.0 -79.4 2404.9 0.9710114598 -0.0242596697 0.2377986461 -0.0566089936 0.9431968331 0.3273762167 -0.2322329730 -0.3313476145 0.9144815803
144.4 -267.0 2470.4 0.9710391164 -0.0225778725 0.2378514856 -0.0577218533 0.9438655376 0.3252477050 -0.2318432182 -0.3295574784 0.9152270555
3.3 -71.3 2437.5 0.0494962968 -0.9102069139 -0.4111855328 0.9744789004 0.1342618912 -0.1799017489 0.2189543545 -0.3917871416 0.8936228752
-10.6 -345.3 2375.9 -0.2554392815 -0.9102069139 -0.3259972334 0.5626361966 0.1342618912 -0.8157292604 0.7862514257 -0.3917871416 0.4778195918
276.6 -87.5 2372.2 -0.0034908473 0.6660643816 0.7458860874 -0.9732950926 0.1689429879 -0.1554185301 -0.2295309752 -0.7265098095 0.6476874352
275.8 -325.8 2316.0 -0.5743058324 0.6660643816 0.4759528339 -0.5053570271 0.1689429879 -0.8462107182 -0.6440396905 -0.7265098095 0.2395753562
59.9 -452.1 2555.8 0.8282915354 0.5500113964 0.1068669707 0.1504860967 -0.0346562341 -0.9880045056 -0.5397101045 0.8344377875 -0.1114745364
-173.6 -437.4 2201.6 0.8282915354 -0.1987120807 0.5238764882 0.1504860967 0.9795405865 0.1336196065 -0.5397101045 -0.0318398587 0.8412485719
238.0 -459.9 2514.6 0.9830011129 -0.0952916592 0.1569342613 0.1371255368 -0.1873386204 -0.9726771712 0.1220878661 0.9776623845 -0.1710871458
278.4 -380.4 2099.8 0.9830011129 -0.1425244510 -0.1157395393 0.1371255368 0.9891142249 -0.0533819906 0.1220878661 0.0366037078 0.9918441176
55.8 -491.5 2171.6 0 0 0 0 0 0 0 0 0
126.3 -457.3 2148.4 0 0 0 0 0 0 0 0 0
-97.7 -811.9 2213.8 0 0 0 0 0 0 0 0 0
332.9 -758.5 2085.8 0 0 0 0 0 0 0 0 0
137.0 112.8 2340.1 42 0.9731840491 -0.0191298723 0.2292309850 -0.0571493357 0.9451829791 0.3215012848 -0.2228154987 -0.3259803355 0.9187437296
140.9 -77.3 2405.6 0.9731840491 -0.0191298723 0.2292309850 -0.0571493357 0.9451829791 0.3215012848 -0.2228154987 -0.3259803355 0.9187437296
144.5 -265.1 2470.9 0.9732052088 -0.0185607113 0.2291880846 -0.0582084171 0.9443840384 0.3236519694 -0.2224487662 -0.3283204436 0.9179990292
3.9 -69.1 2436.9 0.0645642728 -0.9000610113 -0.4309542775 0.9758534431 0.1472479105 -0.1613323092 0.2086660415 -0.4101319015 0.8878346086
-14.1 -341.5 2378.7 -0.2625527680 -0.9000610113 -0.3477875292 0.5679183602 0.1472479105 -0.8098066449 0.7800863981 -0.4101319015 0.4725008309
277.8 -85.5 2374.3 -0.0073693600 0.6685372591 0.7436421514 -0.9724518061 0.1684775651 -0.1610988230 -0.2329875827 -0.7243432999 0.6488786936
276.0 -324.5 2317.1 -0.5703482628 0.6685372591 0.4772429168 -0.5088931322 0.1684775651 -0.8441818953 -0.6447717547 -0.7243432999 0.2441231310
59.8 -449.3 2557.2 0.8326019645 0.5449652076 0.0989288986 0.1362183839 -0.0283487141 -0.9902731180 -0.5368598700 0.8379793167 -0.0978374705
-172.2 -437.3 2200.5 0.8326019645 -0.1897846311 0.5203419924 0.1362183839 0.9807718396 0.1397537440 -0.5368598700 -0.0454790927 0.8424447179
237.5 -458.1 2515.8 0.9818782806 -0.1049385816 0.1578067094 0.1361412406 -0.1886943430 -0.9725533724 0.1318355948 0.9764130116 -0.1709883958
282.0 -378.1 2101.4 0.9818782806 -0.1420884877 -0.1254030466 0.1361412406 0.9891710281 -0.0548287742 0.1318355948 0.0367626548 0.9905896783
54.2 -489.1 2175.9 0 0 0 0 0 0 0 0 0
127.5 -457.0 2149.2 0 0 0 0 0 0 0 0 0
-99.6 -812.2 2217.9 0 0 0 0 0 0 0 0 0
336.4 -756.2 2087.3 0 0 0 0 0 0 0 0 0
138.0 112.5 2339.4 43 0.9707838893 -0.0180674512 0.2392743081 -0.0623640902 0.9438974261 0.3242967129 -0.2317096144 -0.3297441602 0.9151936769
141.6 -77.2 2405.7 0.9707838893 -0.0180674512 0.2392743081 -0.0623640902 0.9438974261 0.3242967129 -0.2317096144 -0.3297441602 0.9151936769
144.7 -264.7 2471.6 0.9708290696 -0.0157255903 0.2392564863 -0.0648856685 0.9433848858 0.3252918124 -0.2308263630 -0.3313270509 0.9148451090
5.0 -68.1 2438.2 0.0781110749 -0.8868151307 -0.4554751217 0.9757062793 0.1618033350 -0.1477054805 0.2046848387 -0.4328725338 0.8779097199
-16.7 -338.7 2381.4 -0.2741781175 -0.8868151307 -0.3720017374 0.5698081255 0.1618033350 -0.8056912422 0.7746903300 -0.4328725338 0.4609515369
278.2 -86.3 2373.2 -0.0031881907 0.6662752032 0.7456991076 -0.9737410545 0.1676812321 -0.1539848000 -0.2276360095 -0.7266088128 0.6482449770
277.5 -322.3 2318.1 -0.5702124238 0.6662752032 0.4805570841 -0.5133671165 0.1676812321 -0.8416277170 -0.6413360834 -0.7266088128 0.2464298755
58.9 -447.5 2556.6 0.8192987442 0.5677507520 0.0800541192 0.1632541865 -0.0971512496 -0.9817890525 -0.5496340990 0.8174477220 -0.1722835749
-174.1 -407.6 2221.1 0.8192987442 -0.1756613255 0.5457954407 0.1632541865 0.9839805365 0.0716264322 -0.5496340990 0.0304199401 0.8348515034
236.9 -458.2 2516.3 0.9838133454 -0.0974083096 0.1504093409 0.1306194514 -0.1848086566 -0.9740555882 0.1226780564 0.9779352546 -0.1690937877
278.3 -379.8 2101.2 0.9838133454 -0.1357813925 -0.1169391274 0.1306194514 0.9901320934 -0.0507644899 0.1226780564 0.0346682556 0.9918408394
54.6 -486.9 2180.0 0 0 0 0 0 0 0 0 0
129.1 -455.9 2151.1 0 0 0 0 0 0 0 0 0
-107.1 -782.6 2209.5 0 0 0 0 0 0 0 0 0
330.2 -758.3 2088.0 0 0 0 0 0 0 0 0 0
137.6 110.3 2340.1 44 0.9699494243 -0.0191851202 0.2425490320 -0.0627922267 0.9433773756 0.3257242143 -0.2350643277 -0.3311662078 0.9138236642
141.4 -79.3 2406.7 0.9699494243 -0.0191851202 0.2425490320 -0.0627922267 0.9433773756 0.3257242143 -0.2350643277 -0.3311662078 0.9138236642
144.9 -266.9 2472.5 0.9699826837 -0.0172807556 0.2425592393 -0.0645123273 0.9434435964 0.3251958489 -0.2344605923 -0.3310824037 0.9140090942
4.9 -70.2 2439.7 0.0740994737 -0.9057622552 -0.4172576964 0.9760040641 0.1517756581 -0.1561415642 0.2047567070 -0.3956752121 0.8952741623
-15.1 -333.5 2384.4 -0.2377320826 -0.9057622552 -0.3508250117 0.5909477472 0.1517756581 -0.7923035622 0.7708853483 -0.3956752121 0.4991762042
278.0 -88.4 2373.7 -0.0042476868 0.6694231033 0.7428691983 -0.9723339677 0.1707401574 -0.1594191492 -0.2335564643 -0.7229941487 0.6501775384
276.9 -322.6 2317.4 -0.5705254674 0.6694231033 0.4757871330 -0.5051558614 0.1707401574 -0.8459700942 -0.6475479007 -0.7229941487 0.2407513857
58.8 -446.3 2558.6 0.8248011470 0.5569990277 0.0972376913 0.1584050655 -0.0625413731 -0.9853914976 -0.5427807570 0.8281549811 -0.1398156732
-173.6 -420.2 2213.1 0.8248011470 -0.1814420074 0.5355201960 0.1584050655 0.9833371639 0.0891954973 -0.5427807570 0.0112605738 0.8397989273
237.3 -460.4 2516.8 0.9842204452 -0.0936914608 0.1501068473 0.1309332550 -0.1850043237 -0.9739763141 0.1190236807 0.9782613516 -0.1698177159
277.1 -381.8 2101.6 0.9842204452 -0.1359924227 -0.1132087335 0.1309332550 0.9900774956 -0.0510194600 0.1190236807 0.0353916064 0.9922604561
46.7 -487.1 2184.1 0 0 0 0 0 0 0 0 0
128.4 -454.1 2148.9 0 0 0 0 0 0 0 0 0
-104.3 -795.5 2208.8 0 0 0 0 0 0 0 0 0
329.1 -760.4 2088.1 0 0 0 0 0 0 0 0 0
137.5 109.4 2338.9 45 0.9697421193 -0.0195648577 0.2433462143 -0.0638934895 0.9417005777 0.3303295374 -0.2356221229 -0.3358827233 0.9119566679
141.5 -80.0 2406.5 0.9697421193 -0.0195648577 0.2433462143 -0.0638934895 0.9417005777 0.3303295374 -0.2356221229 -0.3358827233 0.9119566679
144.9 -267.4 2472.8 0.9697695971 -0.0174152441 0.2434002608 -0.0652907640 0.9425663352 0.3275757432 -0.2351257056 -0.3335647583 0.9129350781
5.0 -70.8 2439.6 0.0714677423 -0.9031003714 -0.4234407246 0.9746501446 0.1534651816 -0.1628053635 0.2120129913 -0.4010712206 0.8911747336
-14.6 -338.1 2381.4 -0.2483402491 -0.9031003714 -0.3503381312 0.5753057599 0.1534651816 -0.8034125566 0.7793268561 -0.4010712206 0.4814472795
278.0 -89.2 2373.4 -0.0063823704 0.6709729433 0.7414543629 -0.9722057581 0.1693742424 -0.1616424471 -0.2340409756 -0.7218779325 0.6512427330
