124.8 62.3 2636.8 94 0.9992482066 0.0133327721 0.0364039205 -0.0183911342 0.9896434546 0.1423642635 -0.0341287926 -0.1429267526 0.9891446829
122.1 -135.6 2665.4 0.9992482066 0.0133327721 0.0364039205 -0.0183911342 0.9896434546 0.1423642635 -0.0341287926 -0.1429267526 0.9891446829
120.4 -326.4 2692.8 0.9992717505 0.0115171680 0.0363781080 -0.0165178236 0.9899700880 0.1403080672 -0.0343972892 -0.1408067644 0.9894393682
-13.9 -132.0 2670.2 0.3666592240 -0.9175155759 -0.1540330499 0.9302761555 0.3637282550 0.0478336327 0.0121380668 -0.1608319134 0.9869071841
-112.5 -382.4 2666.9 0.0954752490 -0.9175155759 -0.3860694766 0.5940303206 0.3637282550 -0.7175163627 0.7987568378 -0.1608319134 0.5797591209
258.2 -139.2 2660.6 0.2589108348 0.9594995975 0.1110213324 -0.7972356081 0.2771764100 -0.5362728834 -0.5453261137 0.0503366888 0.8367112279
309.3 -296.6 2552.9 -0.2739636302 0.9594995975 0.0656085014 0.9597126842 0.2771764100 -0.0460959710 -0.0624141954 0.0503366888 -0.9967801571
31.5 -516.3 2722.0 0.9893577099 0.1382650286 -0.0453216545 -0.0341151729 -0.0823712125 -0.9960176349 -0.1414476186 0.9869639277 -0.0767776594
-22.2 -484.4 2339.2 0.9893577099 0.0379722081 0.1404613256 -0.0341151729 0.9989745021 -0.0297673158 -0.1414476186 0.0246586613 0.9896385670
210.5 -518.2 2716.0 0.9906575084 -0.1355423182 0.0150332712 0.0007108062 -0.1051025093 -0.9944611192 0.1363716125 0.9851810932 -0.1040242463
261.4 -478.8 2346.3 0.9906575084 -0.0023709834 -0.1363528520 0.0007108062 0.9999250174 -0.0122229960 0.1363716125 0.0120118819 0.9905849099
-137.8 -539.4 2455.8 0 0 0 0 0 0 0 0 0
235.5 -38.0 2536.1 0 0 0 0 0 0 0 0 0
-36.3 -857.2 2330.0 0 0 0 0 0 0 0 0 0
262.3 -852.0 2341.8 0 0 0 0 0 0 0 0 0
126.2 65.4 2637.9 95 0.9990559220 0.0141824884 0.0410621390 -0.0196638331 0.9904684424 0.1363290548 -0.0387372673 -0.1370077878 0.9898122549
123.4 -133.9 2665.5 0.9990559220 0.0141824884 0.0410621390 -0.0196638331 0.9904684424 0.1363290548 -0.0387372673 -0.1370077878 0.9898122549
121.4 -324.9 2692.1 0.9990722537 0.0129936794 0.0410590805 -0.0184760541 0.9905219674 0.1361060292 -0.0389014035 -0.1367383599 0.9898430705
-12.6 -130.1 2670.9 0.3686824143 -0.9174453020 -0.1495572031 0.9294441938 0.3663244843 0.0440436564 0.0143788168 -0.1552432030 0.9877716303
-111.8 -380.2 2667.0 0.1002733856 -0.9174453020 -0.3850185871 0.5904937983 0.3663244843 -0.7191129923 0.8007885814 -0.1552432030 0.5784783959
259.4 -137.8 2660.0 0.2548000813 0.9602991343 0.1135891899 -0.7954985499 0.2749454677 -0.5399879813 -0.5497807860 0.0472289361 0.8339726925
309.7 -294.8 2551.5 -0.2722005546 0.9602991343 0.0610936731 0.9605385661 0.2749454677 -0.0420788787 -0.0572057404 0.0472289361 -0.9972446561
28.7 -517.1 2723.2 0.9907255769 0.1264788508 -0.0496580452 -0.0393278114 -0.0829030648 -0.9957813025 -0.1300620735 0.9884989262 -0.0771600530
-20.5 -484.9 2339.4 0.9907255769 0.0426438786 0.1290128678 -0.0393278114 0.9988299608 -0.0281438138 -0.1300620735 0.0228090044 0.9912434816
207.7 -520.0 2717.1 0.9896757007 -0.1427019089 0.0133465659 -0.0022374231 -0.1084924191 -0.9940947294 0.1433072239 0.9838016033 -0.1076915935
261.5 -479.2 2346.3 0.9896757007 0.0002769130 -0.1433244199 -0.0022374231 0.9999061227 -0.0135178389 0.1433072239 0.0136989541 0.9895834327
-138.3 -536.4 2455.3 0 0 0 0 0 0 0 0 0
236.3 -36.1 2536.1 0 0 0 0 0 0 0 0 0
-36.4 -857.7 2330.9 0 0 0 0 0 0 0 0 0
261.4 -852.4 2341.2 0 0 0 0 0 0 0 0 0
125.2 64.4 2640.9 96 0.9997359514 0.0098749958 0.0207482483 -0.0123819569 0.9921543598 0.1244040951 -0.0193569753 -0.1246281564 0.9920147061
123.2 -134.9 2666.0 0.9997359514 0.0098749958 0.0207482483 -0.0123819569 0.9921543598 0.1244040951 -0.0193569753 -0.1246281564 0.9920147061
122.0 -326.0 2690.8 0.9997476935 0.0085374480 0.0207760409 -0.0111169992 0.9917892814 0.1273989230 -0.0195177924 -0.1275977492 0.9916339517
-12.9 -132.1 2668.8 0.3616424799 -0.9168537855 -0.1690970510 0.9318374395 0.3612773120 0.0340249687 0.0298950076 -0.1698758453 0.9850119352
-110.2 -382.8 2660.7 0.0803972483 -0.9168537855 -0.3910439610 0.5838882327 0.3612773120 -0.7270166278 0.8078433275 -0.1698758453 0.5643858910
259.3 -137.7 2663.1 0.2711798251 0.9571951032 0.1011881977 -0.7886687517 0.2812314630 -0.5467270613 -0.5517817140 0.0684573799 0.8311741948
312.8 -293.4 2554.2 -0.2779301405 0.9571951032 0.0808231607 0.9590862393 0.2812314630 -0.0325945541 -0.0539293662 0.0684573799 -0.9961953759
29.3 -515.5 2722.1 0.9904777408 0.1218200177 -0.0641383380 -0.0547579303 -0.0788507164 -0.9953814149 -0.1263147295 0.9894152284 -0.0714292675
-17.9 -484.9 2338.4 0.9904777408 0.0577058196 0.1249955297 -0.0547579303 0.9981373549 -0.0268955473 -0.1263147295 0.0197949447 0.9917926788
208.3 -518.8 2715.1 0.9891711473 -0.1467272192 0.0033948170 -0.0120485313 -0.1042351648 -0.9944797158 0.1462710947 0.9836697578 -0.1048742682
263.3 -479.7 2346.8 0.9891711473 0.0093882522 -0.1464659125 -0.0120485313 0.9997779727 -0.0172865596 0.1462710947 0.0188640635 0.9890646935
-131.5 -537.2 2447.1 0 0 0 0 0 0 0 0 0
237.9 -35.0 2539.7 0 0 0 0 0 0 0 0 0
-39.5 -857.5 2331.0 0 0 0 0 0 0 0 0 0
259.8 -852.9 2339.7 0 0 0 0 0 0 0 0 0
125.4 57.9 2639.9 97 0.9993911982 0.0062702624 0.0343207344 -0.0106025226 0.9917763472 0.1275429875 -0.0332387649 -0.1278292388 0.9912390709
124.1 -140.6 2665.5 0.9993911982 0.0062702624 0.0343207344 -0.0106025226 0.9917763472 0.1275429875 -0.0332387649 -0.1278292388 0.9912390709
123.7 -331.8 2690.1 0.9994015098 0.0044053723 0.0343110152 -0.0086896075 0.9920255542 0.1257370114 -0.0334834866 -0.1259599179 0.9914700985
-11.9 -138.1 2670.2 0.3598150611 -0.9199888706 -0.1554141790 0.9326476455 0.3593736887 0.0319202878 0.0264854543 -0.1564320624 0.9873335361
-108.8 -389.1 2663.1 0.0902794525 -0.9199888706 -0.3814053535 0.5826842189 0.3593736887 -0.7289236188 0.8076686859 -0.1564320624 0.5685070753
260.1 -143.1 2660.8 0.2653212547 0.9573880434 0.1140734255 -0.7870639563 0.2834039032 -0.5479165912 -0.5568976402 0.0555908345 0.8287186623
312.5 -298.5 2550.9 -0.2809279263 0.9573880434 0.0669896677 0.9585096836 0.2834039032 -0.0306819342 -0.0483596511 0.0555908345 -0.9972817898
30.8 -517.6 2717.4 0.9900768995 0.1248312667 -0.0645359457 -0.0543947257 -0.0830110312 -0.9950630069 -0.1295721680 0.9886993170 -0.0753971413
-17.3 -485.5 2336.0 0.9900768995 0.0567075722 0.1285767704 -0.0543947257 0.9982894659 -0.0214316603 -0.1295721680 0.0142250946 0.9914679527
209.9 -519.6 2713.9 0.9894662499 -0.1445859373 0.0071697598 -0.0075067943 -0.1007070690 -0.9948878288 0.1445688307 0.9843540788 -0.1007316262
264.1 -481.8 2345.2 0.9894662499 0.0071604848 -0.1445863992 -0.0075067943 0.9999701381 -0.0018497529 0.1445688307 0.0029156485 0.9894904494
-132.6 -543.2 2449.6 0 0 0 0 0 0 0 0 0
236.8 -40.3 2537.8 0 0 0 0 0 0 0 0 0
-38.5 -858.2 2330.7 0 0 0 0 0 0 0 0 0
261.4 -855.1 2344.1 0 0 0 0 0 0 0 0 0
125.6 56.3 2639.0 98 0.9993267059 0.0081920596 0.0357642584 -0.0128664263 0.9911000729 0.1324957609 -0.0343605429 -0.1328666955 0.9905381203
123.9 -141.6 2665.5 0.9993267059 0.0081920596 0.0357642584 -0.0128664263 0.9911000729 0.1324957609 -0.0343605429 -0.1328666955 0.9905381203
123.4 -332.7 2690.7 0.9993462563 0.0054294323 0.0357427187 -0.0100138020 0.9915469885 0.1293611079 -0.0347382277 -0.1296344697 0.9909531474
-12.1 -138.9 2670.4 0.3609645367 -0.9197596908 -0.1540997624 0.9323063493 0.3598975539 0.0357576832 0.0225716569 -0.1565754414 0.9874080420
-109.2 -389.8 2664.3 0.0920202285 -0.9197596908 -0.3815421462 0.5855579972 0.3598975539 -0.7263577580 0.8053906560 -0.1565754414 0.5716904998
260.0 -144.2 2660.6 0.2636595070 0.9577974677 0.1144887209 -0.7894359827 0.2824573517 -0.5449850559 -0.5543234944 0.0533089638 0.8305923343
312.0 -300.1 2551.1 -0.2798432410 0.9577974677 0.0656640232 0.9586610794 0.2824573517 -0.0344499126 -0.0515433252 0.0533089638 -0.9972469211
33.4 -523.6 2717.5 0.9888315201 0.1365828216 -0.0596437640 -0.0468705818 -0.0948994085 -0.9943828583 -0.1414757818 0.9860726595 -0.0874378085
-19.9 -486.6 2333.3 0.9888315201 0.0485557690 0.1409062892 -0.0468705818 0.9987844825 -0.0152558312 -0.1414757818 0.0084810872 0.9899053574
212.4 -525.2 2711.5 0.9899643660 -0.1413154155 -0.0007111189 -0.0171245802 -0.1149656996 -0.9932218194 0.1402758062 0.9832664132 -0.1162319109
265.1 -482.3 2345.0 0.9899643660 0.0167890154 -0.1403163522 -0.0171245802 0.9998526573 -0.0011843377 0.1402758062 0.0035753108 0.9901059866
-133.6 -544.6 2451.4 0 0 0 0 0 0 0 0 0
236.6 -41.8 2537.3 0 0 0 0 0 0 0 0 0
-38.0 -859.4 2330.1 0 0 0 0 0 0 0 0 0
258.8 -855.5 2343.7 0 0 0 0 0 0 0 0 0
124.3 56.0 2638.5 99 0.9992299080 0.0112489453 0.0375905968 -0.0163281709 0.9903428555 0.1376749873 -0.0356788822 -0.1381827444 0.9897638559
122.1 -141.2 2666.0 0.9992299080 0.0112489453 0.0375905968 -0.0163281709 0.9903428555 0.1376749873 -0.0356788822 -0.1381827444 0.9897638559
121.1 -332.2 2692.0 0.9992651939 0.0076931058 0.0375489667 -0.0126391398 0.9909923673 0.1333203912 -0.0361850895 -0.1336970031 0.9903614521
-13.9 -138.2 2671.1 0.3633080423 -0.9190983772 -0.1525300890 0.9314908981 0.3615393043 0.0401753224 0.0182205476 -0.1566763967 0.9874818921
-111.7 -388.8 2666.2 0.0946789384 -0.9190983772 -0.3824840784 0.5886138678 0.3615393043 -0.7230650187 0.8028509021 -0.1566763967 0.5752242208
258.1 -144.2 2660.9 0.2608702779 0.9585735798 0.1143825054 -0.7923474312 0.2802917361 -0.5418690443 -0.5514818430 0.0507268570 0.8326430917
309.6 -300.7 2552.0 -0.2775427997 0.9585735798 0.0640831962 0.9591349363 0.2802917361 -0.0386880003 -0.0550472848 0.0507268570 -0.9971943498
32.8 -524.2 2719.0 0.9890044332 0.1307141483 -0.0691668019 -0.0562388711 -0.1001319885 -0.9933835268 -0.1367750764 0.9863505363 -0.0916797668
-18.1 -485.2 2334.8 0.9890044332 0.0595535152 0.1353647411 -0.0562388711 0.9980194569 -0.0281836893 -0.1367750764 0.0202610344 0.9903948903
211.8 -526.0 2712.8 0.9896153212 -0.1436770856 -0.0042900033 -0.0218187254 -0.1206490844 -0.9924554229 0.1420755088 0.9822427034 -0.1225310341
265.2 -481.2 2347.9 0.9896153212 0.0203167945 -0.1422980577 -0.0218187254 0.9997214079 -0.0090023112 0.1420755088 0.0120135872 0.9897829294
-136.7 -544.5 2453.9 0 0 0 0 0 0 0 0 0
234.9 -42.3 2537.2 0 0 0 0 0 0 0 0 0
-40.4 -857.7 2327.2 0 0 0 0 0 0 0 0 0
257.6 -854.4 2343.4 0 0 0 0 0 0 0 0 0
123.6 57.5 2627.7 00 0.9990789294 0.0079865623 0.0421605743 -0.0153147029 0.9841857553 0.1764761358 -0.0400843993 -0.1769592613 0.9834015965
122.0 -139.2 2663.1 0.9990789294 0.0079865623 0.0421605743 -0.0153147029 0.9841857553 0.1764761358 -0.0400843993 -0.1769592613 0.9834015965
120.9 -329.2 2695.7 0.9990803003 0.0082025789 0.0420862623 -0.0151464082 0.9857670069 0.1674334109 -0.0401138626 -0.1679168791 0.9849846959
-14.0 -135.8 2668.6 0.3644209504 -0.9193811417 -0.1481071562 0.9311037064 0.3570684195 0.0744849443 -0.0155956671 -0.1650470048 0.9861623645
-112.1 -386.4 2672.8 0.0988909155 -0.9193811417 -0.3807347417 0.6158992052 0.3570684195 -0.7022609115 0.7815937400 -0.1650470048 0.6015568972
258.0 -142.6 2657.5 0.2575421333 0.9591001272 0.1174690649 -0.8112697005 0.2806653976 -0.5129019022 -0.5248938203 0.0367947519 0.8503720760
308.8 -302.8 2553.9 -0.2767171860 0.9591001272 0.0596198030 0.9570085406 0.2806653976 -0.0732224509 -0.0869608745 0.0367947519 -0.9955319762
30.1 -523.4 2721.2 0.9900517464 0.1216014922 -0.0707854927 -0.0588431396 -0.0991414338 -0.9933320284 -0.1278084368 0.9876153469 -0.0909997374
-17.3 -484.8 2336.3 0.9900517464 0.0607146025 0.1269300878 -0.0588431396 0.9980968237 -0.0184455756 -0.1278084368 0.0107931113 0.9917401671
209.1 -525.7 2714.7 0.9880992770 -0.1537849754 0.0031655566 -0.0164270811 -0.1259648353 -0.9918987155 0.1529378593 0.9800423980 -0.1269919872
266.3 -478.9 2350.6 0.9880992770 0.0143014248 -0.1531512588 -0.0164270811 0.9997853637 -0.0126230167 0.1529378593 0.0149886217 0.9881221056
-138.2 -549.2 2466.2 0 0 0 0 0 0 0 0 0
234.3 -44.9 2530.4 0 0 0 0 0 0 0 0 0
-40.0 -857.3 2332.3 0 0 0 0 0 0 0 0 0
260.9 -852.1 2345.0 0 0 0 0 0 0 0 0 0
124.7 61.4 2623.3 01 0.9990969896 0.0095894700 0.0413914658 -0.0172987767 0.9816049933 0.1901378185 -0.0388067476 -0.1906821430 0.9808844924
122.7 -135.1 2661.5 0.9990969896 0.0095894700 0.0413914658 -0.0172987767 0.9816049933 0.1901378185 -0.0388067476 -0.1906821430 0.9808844924
121.7 -324.6 2697.0 0.9991152287 0.0078272615 0.0413214490 -0.0152391456 0.9831360579 0.1822395027 -0.0391981713 -0.1827079654 0.9823855162
-13.3 -131.7 2666.9 0.3639673889 -0.9194446206 -0.1488263756 0.9309495091 0.3540796340 0.0892224610 -0.0293387249 -0.1710239053 0.9848299623
-111.2 -382.3 2674.8 0.0980431810 -0.9194446206 -0.3808006048 0.6276266575 0.3540796340 -0.6933342814 0.7723162174 -0.1710239053 0.6117830276
258.7 -138.5 2656.1 0.2583095729 0.9589344263 0.1171365306 -0.8189356923 0.2816747725 -0.5000036359 -0.5124651194 0.0332284458 0.8580648899
309.7 -300.2 2554.9 -0.2771340609 0.9589344263 0.0603449047 0.9554525614 0.2816747725 -0.0881459564 -0.1015238240 0.0332284458 -0.9942780137
29.8 -519.1 2731.9 0.9904407859 0.1163018495 -0.0741685927 -0.0643414706 -0.0860910863 -0.9942075014 -0.1220134273 0.9894757271 -0.0777850896
-16.6 -484.7 2337.0 0.9904407859 0.0666433871 0.1207715198 -0.0643414706 0.9976659417 -0.0228648391 -0.1220134273 0.0148756504 0.9924169779
208.8 -521.8 2724.7 0.9893426299 -0.1455215961 0.0049607153 -0.0116352085 -0.1129717305 -0.9935300946 0.1451405138 0.9828839302 -0.1134609282
264.2 -478.8 2350.6 0.9893426299 0.0091822948 -0.1453163177 -0.0116352085 0.9998036623 -0.0160389114 0.1451405138 0.0175587647 0.9892552495
-137.1 -548.2 2470.7 0 0 0 0 0 0 0 0 0
235.1 -42.8 2527.6 0 0 0 0 0 0 0 0 0
-41.5 -857.1 2331.4 0 0 0 0 0 0 0 0 0
260.8 -852.0 2344.1 0 0 0 0 0 0 0 0 0
124.9 60.4 2629.7 02 0.9983995557 0.0099166790 0.0556779467 -0.0190675706 0.9858875871 0.1663194001 -0.0532428585 -0.1671148539 0.9844987392
122.9 -137.7 2663.2 0.9983995557 0.0099166790 0.0556779467 -0.0190675706 0.9858875871 0.1663194001 -0.0532428585 -0.1671148539 0.9844987392
121.6 -327.8 2695.4 0.9984071255 0.0092180585 0.0556614771 -0.0182829443 0.9861873388 0.1646217555 -0.0533751473 -0.1653771996 0.9847849607
-13.0 -133.9 2670.6 0.3672387004 -0.9203062654 -0.1348039508 0.9299538732 0.3604998291 0.0722887889 -0.0179310236 -0.1519086957 0.9882318974
-111.9 -384.2 2675.4 0.1112432629 -0.9203062654 -0.3750484288 0.6134510040 0.3604998291 -0.7026504874 0.7818585634 -0.1519086957 0.6046659946
258.8 -141.5 2655.9 0.2479106337 0.9604195356 0.1270223111 -0.8106744289 0.2774473727 -0.5155869722 -0.5304217935 0.0248457585 0.8473696709
307.7 -301.6 2551.1 -0.2746988237 0.9604195356 0.0462050252 0.9581349492 0.2774473727 -0.0707134157 -0.0807340071 0.0248457585 -0.9964259863
30.7 -514.0 2736.0 0.9907168746 0.1132094339 -0.0752576888 -0.0666308701 -0.0781509951 -0.9947124124 -0.1184922904 0.9904928207 -0.0698822662
-14.8 -482.6 2337.8 0.9907168746 0.0695238411 0.1168183759 -0.0666308701 0.9973707199 -0.0284947660 -0.1184922904 0.0204465352 0.9927444458
209.7 -516.7 2729.0 0.9910523295 -0.1323869079 0.0170007497 0.0034631554 -0.1018236428 -0.9947964549 0.1334290951 0.9859541655 -0.1004540846
260.5 -477.7 2350.7 0.9910523295 -0.0060633933 -0.1333362460 0.0034631554 0.9997994304 -0.0197246391 0.1334290951 0.0190863851 0.9908745289
-141.3 -546.4 2468.7 0 0 0 0 0 0 0 0 0
233.7 -43.5 2529.4 0 0 0 0 0 0 0 0 0
-40.8 -854.9 2330.2 0 0 0 0 0 0 0 0 0
262.8 -850.9 2343.6 0 0 0 0 0 0 0 0 0
123.6 58.7 2633.3 03 0.9987756014 0.0024463786 0.0494099818 -0.0101118423 0.9877850413 0.1554941982 -0.0484260432 -0.1558034271 0.9866003394
123.1 -139.0 2664.5 0.9987756014 0.0024463786 0.0494099818 -0.0101118423 0.9877850413 0.1554941982 -0.0484260432 -0.1558034271 0.9866003394
123.4 -329.5 2694.3 0.9987778664 0.0013957431 0.0494052768 -0.0089528197 0.9881742597 0.1530735493 -0.0486073680 -0.1533287913 0.9869790077
-12.8 -136.5 2671.2 0.3591699004 -0.9226723313 -0.1402594298 0.9332599044 0.3543143570 0.0590535924 -0.0047911899 -0.1521087736 0.9883521199
-109.5 -387.6 2672.5 0.1020483226 -0.9226723313 -0.3718358278 0.6048110127 0.3543143570 -0.7132074833 0.7898036242 -0.1521087736 0.5941995978
259.1 -141.6 2657.8 0.2575846016 0.9578219056 0.1273865700 -0.8019582629 0.2854599357 -0.5247623324 -0.5389926434 0.0330119953 0.8416633010
310.0 -299.9 2551.3 -0.2826750576 0.9578219056 0.0516912118 0.9566249847 0.2854599357 -0.0581484325 -0.0704516172 0.0330119953 -0.9969688058
30.3 -517.5 2732.2 0.9905529022 0.1130840257 -0.0775693804 -0.0676353350 -0.0891863331 -0.9937158823 -0.1192915216 0.9895745516 -0.0806953013
-14.6 -482.1 2339.2 0.9905529022 0.0708814114 0.1173917800 -0.0676353350 0.9972154498 -0.0314132944 -0.1192915216 0.0231766980 0.9925886989
209.2 -520.8 2722.7 0.9906761050 -0.1353055239 0.0159146208 0.0000845348 -0.1162041128 -0.9932253361 0.1362382174 0.9839659929 -0.1151091978
260.5 -476.8 2350.0 0.9906761050 -0.0022860866 -0.1362190545 0.0000845348 0.9998693466 -0.0161654409 0.1362382174 0.0160032008 0.9905468225
-136.4 -547.5 2463.7 0 0 0 0 0 0 0 0 0
233.8 -42.2 2532.3 0 0 0 0 0 0 0 0 0
-41.0 -854.4 2330.6 0 0 0 0 0 0 0 0 0
261.3 -850.0 2344.1 0 0 0 0 0 0 0 0 0
124.2 62.5 2634.6 04 0.9992126226 -0.0029761256 0.0395632125 -0.0030267434 0.9885584712 0.1508076340 -0.0395593718 -0.1508086473 0.9877711535
124.8 -135.3 2664.8 0.9992126226 -0.0029761256 0.0395632125 -0.0030267434 0.9885584712 0.1508076340 -0.0395593718 -0.1508086473 0.9877711535
126.2 -325.9 2693.4 0.9992058277 -0.0046162149 0.0395784192 -0.0012467636 0.9891585708 0.1468462348 -0.0398272052 -0.1467789561 0.9883671999
-11.2 -133.8 2670.4 0.3522364199 -0.9239120483 -0.1493854225 0.9358999729 0.3484927416 0.0514200851 0.0045520961 -0.1579218358 0.9874411225
-106.0 -385.7 2669.1 0.0905877426 -0.9239120483 -0.3717261851 0.6002658606 0.3484927416 -0.7198845148 0.7946538329 -0.1579218358 0.5861620307
260.8 -136.8 2659.3 0.2682832181 0.9553414583 0.1238821521 -0.7964189053 0.2923041880 -0.5294102430 -0.5419788361 0.0433698073 0.8392723203
313.8 -294.0 2552.2 -0.2891622782 0.9553414583 0.0608921498 0.9549585581 0.2923041880 -0.0511120297 -0.0666284710 0.0433698073 -0.9968348145
33.6 -520.4 2728.4 0.9895527363 0.1260547638 -0.0699683204 -0.0581704304 -0.0949619040 -0.9937798977 -0.1319150031 0.9874677062 -0.0866371542
-16.1 -483.0 2338.9 0.9895527363 0.0632051453 0.1295780689 -0.0581704304 0.9974108934 -0.0422817655 -0.1319150031 0.0343024246 0.9906673431
212.6 -522.0 2719.7 0.9909286499 -0.1338475347 0.0120509956 -0.0043801856 -0.1217924431 -0.9925459027 0.1343175471 0.9834893942 -0.1212738976
262.8 -476.3 2350.7 0.9909286499 0.0001064553 -0.1343889087 -0.0043801856 0.9994939566 -0.0315059498 0.1343175471 0.0318087973 0.9904276729
-130.0 -544.4 2459.0 0 0 0 0 0 0 0 0 0
235.9 -36.8 2534.3 0 0 0 0 0 0 0 0 0
-39.7 -855.3 2326.1 0 0 0 0 0 0 0 0 0
262.7 -849.4 2338.9 0 0 0 0 0 0 0 0 0
126.6 62.4 2635.3 05 0.9998247027 0.0022776122 0.0185854454 -0.0050277589 0.9887790680 0.1493008137 -0.0180368498 -0.1493680775 0.9886171222
126.2 -135.2 2665.2 0.9998247027 0.0022776122 0.0185854454 -0.0050277589 0.9887790680 0.1493008137 -0.0180368498 -0.1493680775 0.9886171222
126.6 -325.8 2693.8 0.9998272061 0.0004719291 0.0185823645 -0.0032005049 0.9891189337 0.1470834464 -0.0183107536 -0.1471175104 0.9889495373
-9.9 -133.5 2667.8 0.3538802564 -0.9196180701 -0.1705033928 0.9352153540 0.3502366543 0.0520242751 0.0118740750 -0.1778677553 0.9839827418
-105.2 -385.1 2664.6 0.0746328607 -0.9196180701 -0.3856586218 0.6003414989 0.3502366543 -0.7189745307 0.7962537408 -0.1778677553 0.5782240629
262.3 -137.0 2662.5 0.2783335447 0.9547545910 0.1047573984 -0.7971109152 0.2904615402 -0.5293829441 -0.5358588099 0.0638417676 0.8418905139
317.2 -294.4 2556.7 -0.2857994437 0.9547545910 0.0822335780 0.9554972053 0.2904615402 -0.0515473001 -0.0731007159 0.0638417676 -0.9952791333
37.6 -517.8 2725.4 0.9878144264 0.1389063597 -0.0701975077 -0.0581892468 -0.0887015536 -0.9943571091 -0.1443491578 0.9863250256 -0.0795378163
-16.9 -483.0 2338.4 0.9878144264 0.0637821034 0.1419665813 -0.0581892468 0.9973700643 -0.0432086512 -0.1443491578 0.0344211981 0.9889279604
216.6 -518.0 2718.3 0.9927076101 -0.1198694855 0.0127639538 -0.0008335687 -0.1127068400 -0.9936279058 0.1205442548 0.9863713384 -0.1119848564
261.4 -475.9 2350.0 0.9927076101 -0.0026310796 -0.1205184236 -0.0008335687 0.9995880723 -0.0286884420 0.1205442548 0.0285796952 0.9922964573
-124.9 -543.9 2454.1 0 0 0 0 0 0 0 0 0
240.2 -36.9 2537.0 0 0 0 0 0 0 0 0 0
-40.7 -855.3 2325.6 0 0 0 0 0 0 0 0 0
262.3 -849.1 2339.3 0 0 0 0 0 0 0 0 0
127.5 59.7 2637.6 06 0.9996640086 0.0040274928 0.0256053843 -0.0075710560 0.9901448488 0.1398421079 -0.0247898269 -0.1399889737 0.9898427129
126.7 -138.2 2665.6 0.9996640086 0.0040274928 0.0256053843 -0.0075710560 0.9901448488 0.1398421079 -0.0247898269 -0.1399889737 0.9898427129
127.5 -329.0 2693.1 0.9996705651 -0.0017405580 0.0256067403 -0.0018884154 0.9900055528 0.1410158277 -0.0255962610 -0.1410177201 0.9896761179
-9.4 -136.6 2669.2 0.3528771102 -0.9212915301 -0.1634002477 0.9355483651 0.3502214253 0.0457622707 0.0150658758 -0.1690173000 0.9854979515
-104.4 -388.4 2665.2 0.0797304362 -0.9212915301 -0.3806113005 0.5955182314 0.3502214253 -0.7229819894 0.7993754148 -0.1690173000 0.5765692592
262.7 -139.8 2662.0 0.2753480375 0.9548577070 0.1114907116 -0.7934631109 0.2912081480 -0.5344287157 -0.5427704453 0.0586901307 0.8378279805
317.1 -296.5 2554.8 -0.2874268591 0.9548577070 0.0750501007 0.9555855393 0.2912081480 -0.0453216583 -0.0651309416 0.0586901307 -0.9961493015
36.9 -517.5 2724.0 0.9876185060 0.1387325376 -0.0732322559 -0.0615272112 -0.0868633017 -0.9943184257 -0.1443055123 0.9865130782 -0.0772519782
-17.4 -483.5 2337.6 0.9876185060 0.0655175596 0.1425381601 -0.0615272112 0.9975849390 -0.0322293900 -0.1443055123 0.0230603684 0.9892644286
216.0 -518.1 2720.7 0.9919483662 -0.1261894554 0.0107084187 -0.0024611494 -0.1037482247 -0.9946005344 0.1266190857 0.9865660071 -0.1032234505
264.0 -478.7 2345.6 0.9919483662 0.0012997825 -0.1266363263 -0.0024611494 0.9999563098 -0.0090148486 0.1266190857 0.0092539350 0.9919082522
-125.5 -545.8 2453.8 0 0 0 0 0 0 0 0 0
239.7 -39.0 2537.3 0 0 0 0 0 0 0 0 0
-41.9 -855.9 2329.0 0 0 0 0 0 0 0 0 0
263.5 -851.9 2342.1 0 0 0 0 0 0 0 0 0
128.3 60.4 2637.8 07 0.9999157786 0.0010453877 0.0129343048 -0.0028432519 0.9901792407 0.1397749335 -0.0126611609 -0.1397999376 0.9900988340
128.1 -137.7 2665.8 0.9999157786 0.0010453877 0.0129343048 -0.0028432519 0.9901792407 0.1397749335 -0.0126611609 -0.1397999376 0.9900988340
129.2 -328.6 2692.9 0.9999108911 -0.0033046377 0.0129346559 0.0014685073 0.9902256131 0.1394672096 -0.0132691152 -0.1394357830 0.9901422262
-8.0 -136.6 2667.7 0.3495417535 -0.9203012586 -0.1756876707 0.9366871715 0.3474430442 0.0435944982 0.0209213849 -0.1798024774 0.9834802151
-102.1 -388.7 2662.1 0.0678835884 -0.9203012586 -0.3852757514 0.5944598913 0.3474430442 -0.7251901627 0.8012548089 -0.1798024774 0.5706678629
264.3 -138.8 2663.8 0.2846631110 0.9530849457 0.1029366255 -0.7916493416 0.2942754328 -0.5354374647 -0.5406091213 0.0709295794 0.8382784724
320.5 -295.2 2557.1 -0.2897882760 0.9530849457 0.0874745473 0.9547334313 0.2942754328 -0.0434292704 -0.0671333969 0.0709295794 -0.9952196479
38.3 -521.0 2722.7 0.9870665669 0.1418674141 -0.0746544525 -0.0616651140 -0.0938527957 -0.9936745167 -0.1479765624 0.9854264259 -0.0838906839
-17.1 -484.4 2337.9 0.9870665669 0.0661644861 0.1460202336 -0.0616651140 0.9974783659 -0.0351326093 -0.1479765624 0.0256738681 0.9886575937
217.4 -521.3 2718.2 0.9928350449 -0.1177662909 0.0202418007 0.0066417949 -0.1147479489 -0.9933724403 0.1193084940 0.9863893986 -0.1131436005
261.8 -478.1 2346.2 0.9928350449 -0.0074687060 -0.1192595810 0.0066417949 0.9999510646 -0.0073296758 0.1193084940 0.0064850613 0.9928360581
-120.0 -545.8 2450.3 0 0 0 0 0 0 0 0 0
242.4 -37.9 2539.0 0 0 0 0 0 0 0 0 0
-41.8 -856.7 2328.3 0 0 0 0 0 0 0 0 0
264.6 -851.3 2343.7 0 0 0 0 0 0 0 0 0
130.4 64.8 2637.9 08 0.9997369647 0.0078787291 0.0215386245 -0.0107799973 0.9903602600 0.1380952597 -0.0202429835 -0.1382911205 0.9901847243
128.8 -133.4 2665.6 0.9997369647 0.0078787291 0.0215386245 -0.0107799973 0.9903602600 0.1380952597 -0.0202429835 -0.1382911205 0.9901847243
128.5 -324.3 2692.2 0.9997587204 0.0043515861 0.0215304755 -0.0072571626 0.9905754924 0.1367752701 -0.0207323711 -0.1368985176 0.9903680682
-7.3 -131.1 2668.5 0.3578984737 -0.9185284376 -0.1679707170 0.9335314035 0.3559583724 0.0425763689 0.0206829738 -0.1720439494 0.9848721027
-103.6 -382.3 2663.0 0.0790642276 -0.9185284376 -0.3873684704 0.5917583704 0.3559583724 -0.7232673764 0.8022286892 -0.1720439494 0.5716904998
264.9 -135.7 2662.6 0.2736684382 0.9561336637 0.1044701114 -0.7927054763 0.2857289910 -0.5384951234 -0.5447234511 0.0645550862 0.8361274004
318.9 -292.2 2555.0 -0.2818863392 0.9561336637 0.0796774849 0.9574067593 0.2857289910 -0.0416078195 -0.0625488013 0.0645550862 -0.9959519506
40.3 -520.9 2721.2 0.9860244989 0.1459429413 -0.0803510770 -0.0668860078 -0.0949420035 -0.9932332635 -0.1525840759 0.9847267270 -0.0838536024
-16.4 -484.0 2338.7 0.9860244989 0.0714214966 0.1505144686 -0.0668860078 0.9971469045 -0.0349898674 -0.1525840759 0.0244335569 0.9879884124
219.5 -520.7 2718.8 0.9936059713 -0.1124574095 0.0100226626 -0.0030263748 -0.1152688116 -0.9933297038 0.1128625944 0.9869480133 -0.1148721203
261.6 -477.4 2348.9 0.9936059713 0.0004320554 -0.1129023358 -0.0030263748 0.9997352958 -0.0228080582 0.1128625944 0.0230039097 0.9933443069
-124.5 -538.8 2450.9 0 0 0 0 0 0 0 0 0
243.0 -34.3 2538.2 0 0 0 0 0 0 0 0 0
-43.0 -856.3 2329.5 0 0 0 0 0 0 0 0 0
261.5 -850.6 2340.3 0 0 0 0 0 0 0 0 0
127.0 63.8 2628.4 09 0.9996231794 0.0037749363 0.0271892156 -0.0081240293 0.9868105650 0.1616751701 -0.0262202937 -0.1618351340 0.9864693880
126.2 -134.4 2660.9 0.9996231794 0.0037749363 0.0271892156 -0.0081240293 0.9868105650 0.1616751701 -0.0262202937 -0.1618351340 0.9864693880
126.5 -324.7 2691.4 0.9996299744 0.0011534138 0.0271769594 -0.0054015210 0.9876211882 0.1567646414 -0.0266597271 -0.1568534374 0.9872620106
-9.9 -132.3 2664.7 0.3557800949 -0.9203994274 -0.1621278077 0.9345696568 0.3503286242 0.0620436408 -0.0003069178 -0.1735936254 0.9848173261
-105.6 -383.8 2664.8 0.0824849382 -0.9203994274 -0.3821794391 0.6079913974 0.3503286242 -0.7124719620 0.7896471620 -0.1735936254 0.5884917974
262.3 -136.4 2657.2 0.2722749412 0.9558187127 0.1108015105 -0.8029034734 0.2891448140 -0.5212881565 -0.5302946568 0.0529707856 0.8461570144
316.0 -295.0 2552.5 -0.2845505476 0.9558187127 0.0737672746 0.9553078413 0.2891448140 -0.0614993572 -0.0801116601 0.0529707856 -0.9953774214
38.0 -516.0 2720.7 0.9870263338 0.1432054192 -0.0726035461 -0.0613352470 -0.0815946981 -0.9947764874 -0.1483814418 0.9863237143 -0.0717525706
-17.3 -484.4 2339.2 0.9870263338 0.0665584728 0.1461130977 -0.0613352470 0.9973165393 -0.0399715193 -0.1483814418 0.0304910596 0.9884600639
217.2 -517.3 2717.0 0.9925549626 -0.1215213388 0.0082004275 -0.0045891958 -0.1045938954 -0.9945044518 0.1217112243 0.9870626330 -0.1043728739
262.6 -478.2 2348.3 0.9925549626 0.0026479946 -0.1217689291 -0.0045891958 0.9998667836 -0.0156639908 0.1217112243 0.0161061920 0.9924348593
-127.4 -544.6 2456.0 0 0 0 0 0 0 0 0 0
239.4 -37.6 2530.9 0 0 0 0 0 0 0 0 0
-42.2 -856.7 2327.8 0 0 0 0 0 0 0 0 0
261.6 -851.4 2342.3 0 0 0 0 0 0 0 0 0
125.0 58.8 2624.2 10 0.9992865920 0.0036561554 0.0375895128 -0.0102990577 0.9839608669 0.1780867875 -0.0363354981 -0.1783468723 0.9832965732
124.3 -138.2 2659.9 0.9992865920 0.0036561554 0.0375895128 -0.0102990577 0.9839608669 0.1780867875 -0.0363354981 -0.1783468723 0.9832965732
124.6 -328.0 2693.3 0.9992935061 0.0007761739 0.0375754200 -0.0072261197 0.9851009250 0.1718252152 -0.0368822142 -0.1719753444 0.9844105840
-11.7 -135.9 2665.0 0.3569346070 -0.9217023253 -0.1518636346 0.9339501262 0.3489337265 0.0773463324 -0.0182999466 -0.1694406420 0.9853704572
-107.8 -387.2 2669.9 0.0914064795 -0.9217023253 -0.3769744337 0.6198942065 0.3489337265 -0.7028345466 0.7793433070 -0.1694406420 0.6032527089
260.3 -140.5 2654.8 0.2657689154 0.9566784501 0.1188833266 -0.8113147020 0.2885668278 -0.5084266067 -0.5207065940 0.0386721939 0.8528593779
312.8 -300.7 2552.0 -0.2841599286 0.9566784501 0.0633994564 0.9543715119 0.2885668278 -0.0768385604 -0.0918047726 0.0386721939 -0.9950258136
36.7 -515.9 2724.3 0.9877912998 0.1385007203 -0.0713157058 -0.0606957972 -0.0794479176 -0.9949894547 -0.1434726417 0.9871705174 -0.0700715482
-17.6 -484.8 2337.3 0.9877912998 0.0638322607 0.1421049684 -0.0606957972 0.9978097081 -0.0263021588 -0.1434726417 0.0173558686 0.9895020723
215.8 -516.9 2719.5 0.9927100539 -0.1190225407 0.0189836770 0.0064875484 -0.1045101434 -0.9945026636 0.1203522235 0.9873759747 -0.1029760987
260.5 -477.6 2348.4 0.9927100539 -0.0089168279 -0.1201966554 0.0064875484 0.9997670054 -0.0205870587 0.1203522235 0.0196571983 0.9925366044
-131.9 -551.1 2463.9 0 0 0 0 0 0 0 0 0
236.3 -43.6 2527.2 0 0 0 0 0 0 0 0 0
-41.4 -857.2 2330.9 0 0 0 0 0 0 0 0 0
263.9 -850.8 2341.1 0 0 0 0 0 0 0 0 0
129.1 60.1 2630.6 11 0.9991882443 0.0147221433 0.0374980755 -0.0204896666 0.9871615171 0.1584054679 -0.0346845910 -0.1590452045 0.9866618514
126.2 -137.2 2662.4 0.9991882443 0.0147221433 0.0374980755 -0.0204896666 0.9871615171 0.1584054679 -0.0346845910 -0.1590452045 0.9866618514
123.9 -327.5 2693.3 0.9991980195 0.0140319485 0.0375018790 -0.0198175944 0.9871333241 0.1586666554 -0.0347929522 -0.1592826098 0.9866197109
-9.8 -133.2 2667.2 0.3691308498 -0.9166710973 -0.1531553864 0.9293611646 0.3631021678 0.0666683018 -0.0055018486 -0.1669459939 0.9859507084
-109.2 -383.3 2668.7 0.0976554751 -0.9166710973 -0.3875274956 0.6085892916 0.3631021678 -0.7055323124 0.7874531150 -0.1669459939 0.5933351517
262.1 -141.3 2657.5 0.2563837767 0.9602683187 0.1102368087 -0.8079683781 0.2755129039 -0.5208451748 -0.5305227637 0.0444683954 0.8465034962
312.8 -300.8 2552.8 -0.2714683115 0.9602683187 0.0647282749 0.9591054320 0.2755129039 -0.0648799464 -0.0801356286 0.0444683954 -0.9957915545
35.0 -518.6 2730.0 0.9886016846 0.1291484535 -0.0773779377 -0.0665559694 -0.0861100107 -0.9940600395 -0.1350443214 0.9878793955 -0.0765329003
-16.4 -484.3 2336.7 0.9886016846 0.0701511204 0.1332121938 -0.0665559694 0.9972929955 -0.0312574506 -0.1350443214 0.0220351033 0.9905945063
214.0 -519.9 2723.4 0.9929201603 -0.1165719330 0.0228155889 0.0098313456 -0.1107671410 -0.9937977791 0.1183761433 0.9869861603 -0.1088368669
258.3 -477.8 2348.3 0.9929201603 -0.0123921344 -0.1181355193 0.0098313456 0.9997044206 -0.0222348962 0.1183761433 0.0209160466 0.9927484989
-135.0 -544.2 2460.5 0 0 0 0 0 0 0 0 0
239.6 -42.4 2531.2 0 0 0 0 0 0 0 0 0
-42.6 -856.5 2328.4 0 0 0 0 0 0 0 0 0
263.0 -851.0 2340.5 0 0 0 0 0 0 0 0 0
131.0 58.2 2627.3 12 0.9986672401 0.0225417092 0.0464288443 -0.0303409323 0.9841337800 0.1748145670 -0.0417515747 -0.1759902686 0.9835060835
126.5 -138.9 2662.5 0.9986672401 0.0225417092 0.0464288443 -0.0303409323 0.9841337800 0.1748145670 -0.0417515747 -0.1759902686 0.9835060835
122.9 -328.8 2695.9 0.9987052679 0.0210002009 0.0463335589 -0.0286211409 0.9849409461 0.1705054641 -0.0420551710 -0.1716108173 0.9842667580
-9.4 -133.7 2668.4 0.3767695725 -0.9148752093 -0.1450793594 0.9260953665 0.3686870337 0.0801074207 -0.0197994132 -0.1645393670 0.9861717820
-110.8 -383.0 2673.7 0.1086952463 -0.9148752093 -0.3888298869 0.6174169183 0.3686870337 -0.6948857903 0.7790903449 -0.1645393670 0.6049339175
262.4 -144.2 2656.7 0.2456267625 0.9628301859 0.1123631671 -0.8165723681 0.2679806054 -0.5112690330 -0.5223764181 0.0338286981 0.8520437479
310.9 -305.4 2553.6 -0.2641111314 0.9628301859 0.0565976836 0.9602860212 0.2679806054 -0.0776993558 -0.0899783671 0.0338286981 -0.9953690171
31.7 -517.3 2727.4 0.9896964431 0.1225095689 -0.0741102546 -0.0638049245 -0.0860060751 -0.9942494035 -0.1281789988 0.9887337089 -0.0773031935
-16.5 -483.4 2338.1 0.9896964431 0.0679546446 0.1260281354 -0.0638049245 0.9972880483 -0.0366810635 -0.1281789988 0.0282619018 0.9913482666
210.7 -520.8 2721.1 0.9916375279 -0.1261236072 0.0273478515 0.0116916066 -0.1232414171 -0.9923078418 0.1285238266 0.9843294024 -0.1207362190
258.2 -474.4 2350.5 0.9916375279 -0.0156566631 -0.1281012744 0.0116916066 0.9994307756 -0.0316461697 0.1285238266 0.0298838206 0.9912560582
-139.6 -546.2 2467.7 0 0 0 0 0 0 0 0 0
239.8 -46.7 2529.3 0 0 0 0 0 0 0 0 0
-41.9 -855.7 2327.5 0 0 0 0 0 0 0 0 0
264.1 -847.5 2339.3 0 0 0 0 0 0 0 0 0
131.9 55.5 2623.1 13 0.9978154898 0.0306859948 0.0585032366 -0.0411241502 0.9815856814 0.1865432262 -0.0517016724 -0.1885416061 0.9807032943
125.8 -141.9 2661.0 0.9978154898 0.0306859948 0.0585032366 -0.0411241502 0.9815856814 0.1865432262 -0.0517016724 -0.1885416061 0.9807032943
121.0 -331.3 2696.6 0.9979174733 0.0274861678 0.0583545044 -0.0376807414 0.9826648831 0.1815211922 -0.0523536019 -0.1833420098 0.9816541076
-10.0 -135.4 2668.2 0.3843566477 -0.9134394526 -0.1337848157 0.9225341678 0.3745920956 0.0927980393 -0.0346506536 -0.1590886116 0.9866560698
-113.5 -383.7 2677.6 0.1222854108 -0.9134394526 -0.3881683946 0.6254677176 0.3745920956 -0.6844493747 0.7706078291 -0.1590886116 0.6171339750
261.6 -148.3 2653.8 0.2330786586 0.9653710723 0.1171881482 -0.8246628642 0.2600793839 -0.5022847056 -0.5153692961 0.0204311237 0.8567246199
307.6 -311.1 2552.1 -0.2569293678 0.9653710723 0.0452329144 0.9614083171 0.2600793839 -0.0897374004 -0.0983940437 0.0204311237 -0.9949377775
29.4 -517.4 2733.0 0.9905377626 0.1182903573 -0.0695870072 -0.0600674078 -0.0822236165 -0.9948020577 -0.1233971864 0.9895689487 -0.0743402019
-17.9 -484.4 2336.9 0.9905377626 0.0644537359 0.1211638376 -0.0600674078 0.9974118471 -0.0395157672 -0.1233971864 0.0318638645 0.9918456674
208.3 -522.5 2725.4 0.9907414317 -0.1334397942 0.0250051618 0.0077973669 -0.1279505193 -0.9917498827 0.1355383396 0.9827626944 -0.1257254034
258.8 -474.1 2353.6 0.9907414317 -0.0130060343 -0.1351380050 0.0077973669 0.9992087483 -0.0390013754 0.1355383396 0.0375865586 0.9900588989
-145.8 -549.0 2473.8 0 0 0 0 0 0 0 0 0
238.4 -52.1 2525.6 0 0 0 0 0 0 0 0 0
-42.0 -856.8 2325.0 0 0 0 0 0 0 0 0 0
263.7 -847.1 2339.6 0 0 0 0 0 0 0 0 0
130.9 54.9 2620.5 14 0.9994469881 0.0142287929 0.0300536342 -0.0197601393 0.9810688496 0.1926484704 -0.0267435294 -0.1931357980 0.9808074832
128.1 -142.2 2659.4 0.9994469881 0.0142287929 0.0300536342 -0.0197601393 0.9810688496 0.1926484704 -0.0267435294 -0.1931357980 0.9808074832
126.1 -331.5 2695.7 0.9994724989 0.0125095081 0.0299710520 -0.0178893618 0.9822760224 0.1865845770 -0.0271057636 -0.1870223135 0.9819816351
-8.0 -138.4 2663.1 0.3666473031 -0.9164239764 -0.1604270786 0.9299033880 0.3555759192 0.0940504819 -0.0291461106 -0.1836650372 0.9825567007
-106.6 -388.7 2671.0 0.0903400704 -0.9164239764 -0.3898791671 0.6308739185 0.3555759192 -0.6896114349 0.7706080675 -0.1836650372 0.6102707386
264.1 -146.0 2655.6 0.2623785138 0.9591751099 0.1055491045 -0.8218853474 0.2794480920 -0.4964002371 -0.5056302547 0.0434954949 0.8616531491
315.9 -308.2 2555.8 -0.2734761834 0.9591751099 0.0720685720 0.9556658864 0.2794480920 -0.0927977860 -0.1091487557 0.0434954949 -0.9930733442
26.3 -518.6 2736.9 0.9919395447 0.1088671461 -0.0648375079 -0.0551621392 -0.0896487758 -0.9944446683 -0.1140749604 0.9900055528 -0.0829208195
-17.4 -482.6 2339.9 0.9919395447 0.0593007430 0.1119793728 -0.0551621392 0.9976876378 -0.0397047475 -0.1140749604 0.0332076848 0.9929170012
205.0 -525.4 2727.6 0.9892430902 -0.1448652744 0.0203018393 0.0009310640 -0.1325483322 -0.9911761284 0.1462779641 0.9805330038 -0.1309876442
260.2 -474.9 2354.1 0.9892430902 -0.0070812902 -0.1461094320 0.0009310640 0.9991121888 -0.0421188064 0.1462779641 0.0415297002 0.9883714318
-130.5 -555.5 2467.2 0 0 0 0 0 0 0 0 0
242.2 -50.8 2526.3 0 0 0 0 0 0 0 0 0
-39.5 -855.1 2327.6 0 0 0 0 0 0 0 0 0
262.9 -847.8 2338.6 0 0 0 0 0 0 0 0 0
132.0 55.0 2620.3 15 0.9994795918 0.0123755159 0.0297884364 -0.0178936478 0.9810762405 0.1927933246 -0.0268388093 -0.1932260096 0.9807870984
129.5 -141.7 2659.0 0.9994795918 0.0123755159 0.0297884364 -0.0178936478 0.9810762405 0.1927933246 -0.0268388093 -0.1932260096 0.9807870984
128.0 -331.0 2695.1 0.9995064139 0.0102315526 0.0297031067 -0.0155670391 0.9825432897 0.1853816807 -0.0272878446 -0.1857525557 0.9822175503
-6.5 -138.2 2662.8 0.3645138144 -0.9172649384 -0.1604826897 0.9307768941 0.3537152410 0.0924114436 -0.0280006006 -0.1830588430 0.9827031493
-104.6 -388.7 2670.3 0.0890211090 -0.9172649384 -0.3882013261 0.6300811172 0.3537152410 -0.6912910342 0.7714097500 -0.1830588430 0.6094394922
265.5 -145.1 2655.2 0.2641765475 0.9585402012 0.1068242639 -0.8206277490 0.2815858126 -0.4972721338 -0.5067355037 0.0437046736 0.8609930277
317.7 -307.1 2555.1 -0.2756798863 0.9585402012 0.0721198544 0.9551780224 0.2815858126 -0.0913473442 -0.1078680307 0.0437046736 -0.9932041168
34.2 -520.5 2734.5 0.9891657233 0.1242850125 -0.0781310797 -0.0660820529 -0.0982829407 -0.9929620624 -0.1310892552 0.9873670340 -0.0890051052
-15.6 -481.2 2339.1 0.9891657233 0.0699220970 0.1290818751 -0.0660820529 0.9972414970 -0.0338011570 -0.1310892552 0.0249049477 0.9910576940
213.2 -523.7 2729.6 0.9913806319 -0.1308704466 0.0061137816 -0.0106338225 -0.1268902123 -0.9918597937 0.1305809170 0.9832455516 -0.1271881610
263.2 -475.3 2354.2 0.9913806319 0.0052163429 -0.1309092939 -0.0106338225 0.9991140366 -0.0407186039 0.1305809170 0.0417597033 0.9905577898
-128.2 -555.3 2466.4 0 0 0 0 0 0 0 0 0
243.4 -49.8 2526.1 0 0 0 0 0 0 0 0 0
-41.7 -853.4 2329.8 0 0 0 0 0 0 0 0 0
261.2 -848.2 2338.6 0 0 0 0 0 0 0 0 0
131.8 54.8 2628.1 16 0.9998272657 0.0184900630 0.0018754327 -0.0185449794 0.9859719872 0.1658774763 0.0012179611 -0.1658836156 0.9861446023
128.1 -142.3 2661.3 0.9998272657 0.0184900630 0.0018754327 -0.0185449794 0.9859719872 0.1658774763 0.0012179611 -0.1658836156 0.9861446023
125.9 -332.4 2693.5 0.9999027848 0.0138166072 0.0018699423 -0.0139355231 0.9861042500 0.1655423343 0.0004432753 -0.1655523032 0.9862009287
-8.0 -139.1 2661.3 0.3636249900 -0.9123566151 -0.1881017685 0.9315448999 0.3563506603 0.0723763183 0.0009971800 -0.2015430778 0.9794791341
-105.9 -389.8 2661.1 0.0663395151 -0.9123566151 -0.4039857388 0.6144715548 0.3563506603 -0.7038742304 0.7861448526 -0.2015430778 0.5842573047
264.2 -145.6 2661.2 0.2796173394 0.9564755559 0.0834787413 -0.8099429011 0.2816788852 -0.5144408941 -0.5155643821 0.0762335882 0.8534528613
319.4 -305.5 2559.4 -0.2741191685 0.9564755559 0.1000661626 0.9568637013 0.2816788852 -0.0711956322 -0.0962834060 0.0762335882 -0.9924303293
36.5 -520.3 2733.6 0.9881681800 0.1315923035 -0.0787855610 -0.0664046779 -0.0959649459 -0.9931672215 -0.1382538229 0.9866479635 -0.0860911608
-16.0 -482.0 2339.9 0.9881681800 0.0716214553 0.1356247216 -0.0664046779 0.9968824983 -0.0426116325 -0.1382538229 0.0331013426 0.9898434877
215.6 -523.1 2728.7 0.9928408265 -0.1186137721 0.0140654147 -0.0007745927 -0.1241478398 -0.9922634363 0.1194422990 0.9851487875 -0.1233509257
260.7 -475.9 2353.8 0.9928408265 -0.0039851540 -0.1193783134 -0.0007745927 0.9992074370 -0.0397982076 0.1194422990 0.0396057554 0.9920508862
-123.4 -552.3 2453.2 0 0 0 0 0 0 0 0 0
245.5 -47.7 2533.5 0 0 0 0 0 0 0 0 0
-42.7 -854.1 2327.5 0 0 0 0 0 0 0 0 0
262.2 -848.8 2339.0 0 0 0 0 0 0 0 0 0
131.8 55.1 2632.0 17 0.9998462200 0.0150845898 0.0089465911 -0.0163018890 0.9874815941 0.1568894833 -0.0064679808 -0.1570111960 0.9875756502
128.8 -142.2 2663.4 0.9998462200 0.0150845898 0.0089465911 -0.0163018890 0.9874815941 0.1568894833 -0.0064679808 -0.1570111960 0.9875756502
127.1 -332.6 2693.6 0.9998965263 0.0112839062 0.0089204060 -0.0125300819 0.9878463149 0.1549278945 -0.0070637986 -0.1550236493 0.9878855348
-7.3 -139.1 2664.5 0.3623829484 -0.9142909050 -0.1809715927 0.9319918752 0.3572114706 0.0615718886 0.0083505083 -0.1909766495 0.9815590382
-104.8 -390.0 2662.2 0.0713160634 -0.9142909050 -0.3987306356 0.6060733199 0.3572114706 -0.7106863260 0.7922052145 -0.1909766495 0.5796022415
264.9 -145.2 2662.3 0.2768859565 0.9566360116 0.0904527977 -0.8039558530 0.2821905613 -0.5234724879 -0.5262975693 0.0722221360 0.8472277522
