137.6 55.0 2639.0 44 0.9996910691 0.0135510983 0.0208349451 -0.0160454120 0.9920728207 0.1246357709 -0.0189808309 -0.1249315739 0.9919837713
135.0 -142.0 2663.8 0.9996910691 0.0135510983 0.0208349451 -0.0160454120 0.9920728207 0.1246357709 -0.0189808309 -0.1249315739 0.9919837713
133.4 -333.2 2688.2 0.9997271895 0.0105424719 0.0208423771 -0.0130725773 0.9920393229 0.1252478957 -0.0193560366 -0.1254861951 0.9919065237
-1.1 -138.9 2666.6 0.3634971976 -0.9160981774 -0.1692155749 0.9310474396 0.3634686172 0.0322677195 0.0319441520 -0.1692769527 0.9850506783
-98.9 -389.5 2658.0 0.0814100429 -0.9160981774 -0.3926022351 0.5820070505 0.3634686172 -0.7274327278 0.8090983629 -0.1692769527 0.5627655983
271.0 -145.1 2661.0 0.2697087824 0.9577418566 0.0999384075 -0.7880336046 0.2791725397 -0.5486945510 -0.5534078479 0.0692329109 0.8300280571
324.3 -300.7 2551.7 -0.2760038376 0.9577418566 0.0809468329 0.9597520828 0.2791725397 -0.0306371860 -0.0519406497 0.0692329109 -0.9962474704
45.5 -525.6 2713.4 0.9836603403 0.1567818522 -0.0884972662 -0.0711220205 -0.1131715328 -0.9910266995 -0.1653903723 0.9811277390 -0.1001717076
-14.0 -482.6 2341.0 0.9836603403 0.0749359205 0.1636976600 -0.0711220205 0.9970446825 -0.0290447045 -0.1653903723 0.0169276167 0.9860829115
224.7 -525.9 2712.3 0.9946572781 -0.1025634333 0.0117339855 0.0004388193 -0.1094639376 -0.9939906597 0.1032315493 0.9886851907 -0.1088340953
263.4 -484.6 2338.9 0.9946572781 0.0027136251 -0.1031968072 0.0004388193 0.9995342493 0.0305129215 0.1032315493 -0.0303951837 0.9941928387
-120.5 -543.4 2444.1 0 0 0 0 0 0 0 0 0
249.9 -42.1 2537.7 0 0 0 0 0 0 0 0 0
-42.0 -854.8 2334.7 0 0 0 0 0 0 0 0 0
262.4 -857.6 2350.2 0 0 0 0 0 0 0 0 0
136.8 58.5 2639.5 45 0.9997557402 0.0193873756 0.0106087737 -0.0205482300 0.9921591878 0.1232800037 -0.0081355162 -0.1234678850 0.9923152328
133.0 -139.0 2664.0 0.9997557402 0.0193873756 0.0106087737 -0.0205482300 0.9921591878 0.1232800037 -0.0081355162 -0.1234678850 0.9923152328
130.5 -330.2 2688.5 0.9998227358 0.0155301876 0.0106472764 -0.0167441275 0.9919563532 0.1254678369 -0.0086130947 -0.1256238818 0.9920405746
-3.1 -135.4 2665.4 0.3665474951 -0.9128872156 -0.1796660125 0.9297178388 0.3667746186 0.0331831537 0.0356044620 -0.1792019010 0.9831678271
-101.8 -385.6 2655.8 0.0748506933 -0.9128872156 -0.4012908041 0.5819470286 0.3667746186 -0.7258195281 0.8097746968 -0.1792019010 0.5587053299
269.1 -142.6 2662.7 0.2727432251 0.9579611421 0.0890035778 -0.7891830802 0.2756795287 -0.5488085747 -0.5502737761 0.0794437081 0.8311964273
322.9 -298.4 2554.1 -0.2719060481 0.9579611421 0.0915292129 0.9607420564 0.2756795287 -0.0312323179 -0.0551520735 0.0794437081 -0.9953125119
41.8 -524.6 2714.4 0.9855378866 0.1414676309 -0.0932844654 -0.0782968104 -0.1080513522 -0.9910572767 -0.1502820402 0.9840283394 -0.0954122320
-11.8 -483.7 2341.3 0.9855378866 0.0820476040 0.1482675672 -0.0782968104 0.9964489341 -0.0309694950 -0.1502820402 0.0189127307 0.9884622693
220.9 -527.0 2710.9 0.9935544729 -0.1125067323 0.0138480151 0.0010147335 -0.1133318394 -0.9935566783 0.1133512408 0.9871667027 -0.1124871895
263.2 -484.4 2339.9 0.9935544729 0.0011488856 -0.1133499593 0.0010147335 0.9998184443 0.0190284140 0.1133512408 -0.0190207865 0.9933729172
-121.5 -539.5 2441.7 0 0 0 0 0 0 0 0 0
249.7 -39.6 2539.2 0 0 0 0 0 0 0 0 0
-42.5 -855.6 2334.3 0 0 0 0 0 0 0 0 0
262.8 -857.6 2347.0 0 0 0 0 0 0 0 0 0
137.6 58.3 2640.2 46 0.9997057915 0.0222287904 0.0097046969 -0.0232623369 0.9919925332 0.1241356060 -0.0068676025 -0.1243248433 0.9922177792
133.2 -139.1 2665.0 0.9997057915 0.0222287904 0.0097046969 -0.0232623369 0.9919925332 0.1241356060 -0.0068676025 -0.1243248433 0.9922177792
129.9 -330.2 2689.9 0.9997615814 0.0195196588 0.0097839851 -0.0206114706 0.9915724993 0.1279027611 -0.0072049121 -0.1280739307 0.9917384386
-2.8 -135.0 2666.1 0.3700756133 -0.9112243056 -0.1808709800 0.9283869863 0.3698348701 0.0363289602 0.0337885693 -0.1813627332 0.9828356504
-102.4 -384.8 2657.0 0.0759916976 -0.9112243056 -0.4048401415 0.5836750269 0.3698348701 -0.7228731513 0.8084235787 -0.1813627332 0.5599632859
269.3 -143.2 2663.8 0.2704492807 0.9589067101 0.0857618824 -0.7915980220 0.2721900046 -0.5470696688 -0.5479322672 0.0800656527 0.8326822519
322.7 -299.5 2555.6 -0.2681300044 0.9589067101 0.0927589089 0.9616401792 0.2721900046 -0.0340694375 -0.0579174571 0.0800656527 -0.9951055646
37.9 -521.2 2713.7 0.9869427681 0.1314022988 -0.0931524411 -0.0807318240 -0.0968857780 -0.9920158982 -0.1393783242 0.9865832925 -0.0850123763
-12.0 -484.5 2339.3 0.9869427681 0.0822511837 0.1384871304 -0.0807318240 0.9965982437 -0.0165625047 -0.1393783242 0.0051659252 0.9902257323
217.0 -524.2 2712.2 0.9925389886 -0.1213350445 0.0120090516 -0.0010323660 -0.1068525165 -0.9942743182 0.1219235212 0.9868436456 -0.1061805487
262.5 -484.2 2342.0 0.9925389886 0.0019034749 -0.1219130307 -0.0010323660 0.9999734759 0.0072080968 0.1219235212 -0.0070284582 0.9925146103
-122.5 -539.1 2443.3 0 0 0 0 0 0 0 0 0
250.5 -40.4 2540.0 0 0 0 0 0 0 0 0 0
-42.7 -856.5 2337.4 0 0 0 0 0 0 0 0 0
261.8 -857.4 2344.6 0 0 0 0 0 0 0 0 0
138.2 58.5 2638.1 47 0.9995928407 0.0279638562 0.0056764674 -0.0284666568 0.9909732342 0.1310027540 -0.0019618853 -0.1311109960 0.9913657308
132.6 -138.5 2664.2 0.9995928407 0.0279638562 0.0056764674 -0.0284666568 0.9909732342 0.1310027540 -0.0019618853 -0.1311109960 0.9913657308
128.2 -329.4 2690.9 0.9996570349 0.0255285855 0.0058391592 -0.0260880850 0.9902235270 0.1370283663 -0.0022839326 -0.1371337026 0.9905499220
-3.4 -133.7 2664.6 0.3749730587 -0.9083340168 -0.1852688342 0.9266435504 0.3730655909 0.0464092642 0.0269623157 -0.1890803874 0.9815914035
-104.3 -383.0 2657.4 0.0753899142 -0.9083340168 -0.4113948345 0.5907181501 0.3730655909 -0.7154538035 0.8033482432 -0.1890803874 0.5646947622
268.7 -143.4 2663.7 0.2686883211 0.9599921703 0.0788770765 -0.7980914116 0.2677260041 -0.5397896767 -0.5393112898 0.0820840672 0.8380963802
321.7 -301.0 2557.2 -0.2626053691 0.9599921703 0.0972287878 0.9624996185 0.2677260041 -0.0437866263 -0.0680654943 0.0820840672 -0.9942983985
36.6 -520.8 2715.4 0.9871049523 0.1225229204 -0.1030145809 -0.0909882411 -0.1000113338 -0.9908172488 -0.1317004561 0.9874137044 -0.0875735357
-10.0 -482.8 2339.8 0.9871049523 0.0926538482 0.1305340379 -0.0909882411 0.9956767559 -0.0186797120 -0.1317004561 0.0065617729 0.9912678599
215.7 -524.5 2714.1 0.9923754930 -0.1205751002 0.0255456790 0.0117311347 -0.1139200032 -0.9934206605 0.1226919591 0.9861459732 -0.1116369367
261.0 -481.8 2344.1 0.9923754930 -0.0116301402 -0.1227015704 0.0117311347 0.9999311566 0.0001006533 0.1226919591 -0.0015393145 0.9924436212
-124.3 -539.2 2445.0 0 0 0 0 0 0 0 0 0
251.0 -41.7 2538.9 0 0 0 0 0 0 0 0 0
-44.6 -854.4 2337.4 0 0 0 0 0 0 0 0 0
265.3 -855.0 2344.6 0 0 0 0 0 0 0 0 0
139.3 58.7 2637.5 48 0.9991613030 0.0378119498 0.0157158859 -0.0395749211 0.9902576208 0.1335053593 -0.0105146784 -0.1340153366 0.9909234643
131.7 -137.8 2664.1 0.9991613030 0.0378119498 0.0157158859 -0.0395749211 0.9902576208 0.1335053593 -0.0105146784 -0.1340153366 0.9909234643
125.3 -328.6 2690.8 0.9992249608 0.0360461138 0.0158176906 -0.0378682129 0.9899525642 0.1362348348 -0.0107480269 -0.1367282420 0.9905502796
-4.2 -131.3 2665.7 0.3860894740 -0.9054351449 -0.1764145344 0.9221394062 0.3838832080 0.0478812419 0.0243692156 -0.1811652333 0.9831507206
-108.1 -379.5 2659.2 0.0891311094 -0.9054351449 -0.4150214493 0.5892083049 0.3838832080 -0.7109622359 0.8030499816 -0.1811652333 0.5677058697
267.7 -144.3 2662.5 0.2546945512 0.9637416005 0.0795788392 -0.8008136153 0.2563320398 -0.5412868857 -0.5420593023 0.0741350055 0.8370637298
318.0 -302.4 2555.5 -0.2518013418 0.9637416005 0.0883073956 0.9655771255 0.2563320398 -0.0442118272 -0.0652447939 0.0741350055 -0.9951115847
33.7 -519.3 2717.7 0.9882300496 0.1087761968 -0.1075597182 -0.0967750847 -0.0999957174 -0.9902703762 -0.1184733585 0.9890240431 -0.0882919431
-7.7 -481.2 2341.5 0.9882300496 0.0993335620 0.1163365692 -0.0967750847 0.9949276447 -0.0274518449 -0.1184733585 0.0158702563 0.9928303957
212.8 -523.9 2717.3 0.9916422367 -0.1263639927 0.0260356870 0.0120201847 -0.1104335636 -0.9938108325 0.1284571141 0.9858177304 -0.1079916582
260.7 -482.1 2343.7 0.9916422367 -0.0118646510 -0.1284715682 0.0120201847 0.9999276400 0.0004353527 0.1284571141 -0.0019759662 0.9917131066
-131.7 -535.3 2446.9 0 0 0 0 0 0 0 0 0
250.2 -42.2 2537.9 0 0 0 0 0 0 0 0 0
-44.8 -852.6 2335.6 0 0 0 0 0 0 0 0 0
265.1 -855.3 2344.4 0 0 0 0 0 0 0 0 0
137.6 60.2 2637.8 49 0.9991362691 0.0340718776 0.0237868950 -0.0368842036 0.9908230305 0.1300357133 -0.0191380437 -0.1308007538 0.9912239313
130.8 -137.0 2663.8 0.9991362691 0.0340718776 0.0237868950 -0.0368842036 0.9908230305 0.1300357133 -0.0191380437 -0.1308007538 0.9912239313
124.9 -328.0 2689.1 0.9991748333 0.0329394750 0.0237631164 -0.0357444361 0.9909568429 0.1293324977 -0.0192880780 -0.1300751716 0.9913164973
-5.2 -130.8 2666.6 0.3844415247 -0.9076694250 -0.1683475673 0.9227355123 0.3832852840 0.0406391099 0.0276382696 -0.1709636450 0.9848896265
-108.6 -379.1 2659.1 0.0946165249 -0.9076694250 -0.4088812768 0.5837561488 0.3832852840 -0.7157661319 0.8063971996 -0.1709636450 0.5661227107
266.8 -143.2 2661.0 0.2517830431 0.9638111591 0.0875976756 -0.7964774966 0.2577813268 -0.5469665527 -0.5497535467 0.0679473281 0.8325588703
316.5 -300.4 2552.4 -0.2542559803 0.9638111591 0.0801371187 0.9654920101 0.2577813268 -0.0370666459 -0.0563830994 0.0679473281 -0.9960944057
28.8 -517.4 2718.3 0.9901430011 0.1011291593 -0.0969007015 -0.0872573033 -0.0957848355 -0.9915701747 -0.1095582768 0.9902515411 -0.0860164315
-9.7 -480.9 2341.2 0.9901430011 0.0894276500 0.1077940091 -0.0872573033 0.9958796501 -0.0246950127 -0.1095582768 0.0150457798 0.9938665032
207.8 -524.2 2716.4 0.9893169403 -0.1440612972 0.0223231241 0.0069456557 -0.1063746363 -0.9943018556 0.1456150413 0.9838347435 -0.1042376310
262.7 -483.6 2341.5 0.9893169403 -0.0045199730 -0.1457104981 0.0069456557 0.9998455644 0.0161428321 0.1456150413 -0.0169824325 0.9891955853
-133.7 -533.5 2445.9 0 0 0 0 0 0 0 0 0
248.0 -40.3 2537.3 0 0 0 0 0 0 0 0 0
-43.1 -852.6 2335.5 0 0 0 0 0 0 0 0 0
264.4 -856.8 2347.9 0 0 0 0 0 0 0 0 0
136.7 56.6 2639.9 50 0.9990135431 0.0351062305 0.0271944180 -0.0381865725 0.9917252064 0.1225681305 -0.0226664860 -0.1234856844 0.9920874834
129.7 -140.1 2664.4 0.9990135431 0.0351062305 0.0271944180 -0.0381865725 0.9917252064 0.1225681305 -0.0226664860 -0.1234856844 0.9920874834
123.7 -331.3 2688.5 0.9990639091 0.0336285271 0.0272097904 -0.0367317647 0.9917252064 0.1230117232 -0.0228479318 -0.1238960400 0.9920321107
-6.2 -133.8 2667.6 0.3855761886 -0.9077989459 -0.1650215536 0.9221136570 0.3853712082 0.0345744789 0.0322078839 -0.1654997319 0.9856837392
-110.0 -382.0 2659.0 0.0979617760 -0.9077989459 -0.4078046381 0.5785208344 0.3853712082 -0.7188898921 0.8097636104 -0.1654997319 0.5629322529
265.7 -146.5 2661.1 0.2490491718 0.9643233418 0.0897494704 -0.7932515740 0.2562735379 -0.5523366332 -0.5556315184 0.0663650706 0.8287757635
314.9 -303.1 2551.4 -0.2533486485 0.9643233418 0.0767783895 0.9661124349 0.2562735379 -0.0308329351 -0.0494091883 0.0663650706 -0.9965713024
29.0 -517.1 2716.1 0.9898377657 0.0979215875 -0.1031140760 -0.0933915675 -0.0991652012 -0.9906786680 -0.1072341576 0.9902411699 -0.0890124142
-8.1 -479.6 2340.8 0.9898377657 0.0948498026 0.1059465185 -0.0933915675 0.9954547286 -0.0186526552 -0.1072341576 0.0085685924 0.9941968918
208.0 -523.5 2712.7 0.9887185693 -0.1493775100 0.0110445227 -0.0040797666 -0.1005652174 -0.9949221015 0.1497296691 0.9836528897 -0.1000401229
264.3 -485.7 2342.1 0.9887185693 0.0067042541 -0.1496351361 -0.0040797666 0.9998325706 0.0178393293 0.1497296691 -0.0170275997 0.9885803461
-135.9 -534.9 2444.9 0 0 0 0 0 0 0 0 0
246.6 -42.8 2538.1 0 0 0 0 0 0 0 0 0
-43.5 -851.1 2337.6 0 0 0 0 0 0 0 0 0
261.8 -858.9 2348.5 0 0 0 0 0 0 0 0 0
136.5 57.1 2638.9 51 0.9992304444 0.0306460876 0.0244805496 -0.0335132517 0.9913498163 0.1268954575 -0.0203799382 -0.1276182234 0.9916139841
130.4 -139.9 2664.3 0.9992304444 0.0306460876 0.0244805496 -0.0335132517 0.9913498163 0.1268954575 -0.0203799382 -0.1276182234 0.9916139841
125.2 -331.0 2689.1 0.9992612600 0.0296272244 0.0244768821 -0.0324994624 0.9913989902 0.1267748475 -0.0205103699 -0.1274766773 0.9916294813
-5.6 -134.1 2667.2 0.3815243542 -0.9090824127 -0.1673568040 0.9238828421 0.3808349967 0.0374852903 0.0296581089 -0.1689196378 0.9851835370
-108.3 -382.8 2659.2 0.0936686695 -0.9090824127 -0.4059498906 0.5819121003 0.3808349967 -0.7185701132 0.8078393936 -0.1689196378 0.5646783710
266.4 -145.6 2661.3 0.2536998689 0.9630597234 0.0902900845 -0.7942059636 0.2606790960 -0.5488927364 -0.5521532893 0.0675451085 0.8310020566
316.5 -302.4 2552.3 -0.2574014962 0.9630597234 0.0791227072 0.9648208022 0.2606790960 -0.0341650322 -0.0535286032 0.0675451085 -0.9962792397
27.7 -520.5 2714.6 0.9901239872 0.0965169296 -0.1016806513 -0.0914403051 -0.1051743403 -0.9902408719 -0.1062692031 0.9897589684 -0.0953100994
-8.9 -480.7 2339.6 0.9901239872 0.0930435434 0.1048683599 -0.0914403051 0.9956096411 -0.0200041756 -0.1062692031 0.0102174189 0.9942849278
206.7 -527.1 2710.5 0.9877461791 -0.1558751613 0.0077726878 -0.0093872109 -0.1090499014 -0.9939919710 0.1557862610 0.9817388058 -0.1091768593
265.3 -486.1 2341.6 0.9877461791 0.0128477216 -0.1555391103 -0.0093872109 0.9996922612 0.0229626223 0.1557862610 -0.0212211646 0.9875628352
-133.0 -536.6 2445.7 0 0 0 0 0 0 0 0 0
247.1 -42.5 2537.9 0 0 0 0 0 0 0 0 0
-43.6 -852.3 2335.8 0 0 0 0 0 0 0 0 0
260.5 -859.3 2349.6 0 0 0 0 0 0 0 0 0
136.9 58.7 2637.9 52 0.9995458126 0.0270734038 0.0132370591 -0.0286040120 0.9905797839 0.1339159161 -0.0094868029 -0.1342337281 0.9909042716
131.5 -138.5 2664.7 0.9995458126 0.0270734038 0.0132370591 -0.0286040120 0.9905797839 0.1339159161 -0.0094868029 -0.1342337281 0.9909042716
127.3 -329.4 2691.0 0.9996170998 0.0242881328 0.0132583026 -0.0258547328 0.9905442595 0.1347353458 -0.0098604653 -0.1350265443 0.9907929301
-4.5 -133.7 2666.2 0.3749699891 -0.9098086357 -0.1778925508 0.9266641140 0.3732953072 0.0440936573 0.0262896661 -0.1813804358 0.9830615520
-105.5 -383.1 2659.1 0.0813039094 -0.9098086357 -0.4069863856 0.5888733268 0.3732953072 -0.7168534398 0.8041255474 -0.1813804358 0.5661123991
267.6 -143.4 2663.2 0.2647936344 0.9605258107 0.0852903873 -0.7967789769 0.2677541375 -0.5417111516 -0.5431643724 0.0754840672 0.8362264037
319.8 -300.7 2555.9 -0.2633124888 0.9605258107 0.0897589028 0.9625947475 0.2677541375 -0.0414616801 -0.0638583302 0.0754840672 -0.9951001406
29.9 -520.5 2715.7 0.9896314144 0.1031767800 -0.0999211743 -0.0888428465 -0.1068993658 -0.9902926087 -0.1128567159 0.9889019728 -0.0966244489
-9.1 -480.1 2341.7 0.9896314144 0.0911099091 0.1110345572 -0.0888428465 0.9957266450 -0.0252073985 -0.1128567159 0.0150814066 0.9934968352
208.9 -526.3 2712.0 0.9887378216 -0.1494909376 0.0070687495 -0.0085999537 -0.1039081216 -0.9945496917 0.1494106650 0.9832881093 -0.1040235087
265.3 -487.1 2341.3 0.9887378216 0.0124856224 -0.1491362303 -0.0085999537 0.9996072650 0.0266710483 0.1494106650 -0.0250881091 0.9884569049
-126.9 -538.8 2446.5 0 0 0 0 0 0 0 0 0
248.9 -41.3 2538.7 0 0 0 0 0 0 0 0 0
-43.1 -851.8 2336.1 0 0 0 0 0 0 0 0 0
260.6 -860.3 2350.6 0 0 0 0 0 0 0 0 0
137.8 55.8 2639.5 53 0.9994651675 0.0324254408 0.0042415014 -0.0327014327 0.9915148020 0.1258132756 -0.0001259604 -0.1258846968 0.9920448661
131.4 -141.4 2664.5 0.9994651675 0.0324254408 0.0042415014 -0.0327014327 0.9915148020 0.1258132756 -0.0001259604 -0.1258846968 0.9920448661
125.9 -332.5 2689.5 0.9995219111 0.0306153968 0.0043133339 -0.0309157167 0.9912828207 0.1280725896 -0.0003547404 -0.1281447113 0.9917554259
-4.7 -135.9 2664.7 0.3793853223 -0.9061011076 -0.1872099936 0.9245331883 0.3791553676 0.0384660214 0.0361275710 -0.1876752973 0.9815664887
-106.8 -384.7 2655.0 0.0764685869 -0.9061011076 -0.4160929620 0.5830870867 0.3791553676 -0.7185058594 0.8088028431 -0.1876752973 0.5573292971
267.4 -147.0 2664.3 0.2660197020 0.9610908628 0.0744168758 -0.7944964170 0.2623156607 -0.5476914644 -0.5459019542 0.0865727738 0.8333643675
319.9 -303.8 2556.5 -0.2578009665 0.9610908628 0.0992119387 0.9643361568 0.2623156607 -0.0353019871 -0.0599532612 0.0865727738 -0.9944398999
33.0 -519.4 2718.1 0.9881199598 0.1068255305 -0.1104864851 -0.0994237363 -0.1038689464 -0.9896091223 -0.1171916351 0.9888374805 -0.0920139849
-7.6 -479.9 2342.0 0.9881199598 0.1024900824 0.1145196110 -0.0994237363 0.9945244193 -0.0321893618 -0.1171916351 0.0204209834 0.9928993583
212.1 -524.0 2716.3 0.9904339314 -0.1377329677 0.0083806738 -0.0052975179 -0.0986439362 -0.9951086640 0.1378859729 0.9855450392 -0.0984299481
264.5 -486.5 2341.6 0.9904339314 0.0087433010 -0.1377104223 -0.0052975179 0.9996641278 0.0253686141 0.1378859729 -0.0243964121 0.9901475906
-127.0 -538.9 2441.2 0 0 0 0 0 0 0 0 0
250.5 -44.0 2540.4 0 0 0 0 0 0 0 0 0
-45.9 -851.1 2334.4 0 0 0 0 0 0 0 0 0
261.2 -859.7 2350.8 0 0 0 0 0 0 0 0 0
139.1 57.2 2639.7 54 0.9991881847 0.0360005163 0.0180806238 -0.0379370824 0.9918500781 0.1216313541 -0.0135544753 -0.1222185418 0.9924106598
131.9 -140.4 2664.1 0.9991881847 0.0360005163 0.0180806238 -0.0379370824 0.9918500781 0.1216313541 -0.0135544753 -0.1222185418 0.9924106598
125.8 -331.6 2688.3 0.9992600679 0.0339110717 0.0181476697 -0.0358977094 0.9916908741 0.1235335991 -0.0138077214 -0.1240936518 0.9921744466
-4.1 -134.2 2666.1 0.3844933510 -0.9065915942 -0.1739440113 0.9224557281 0.3845194876 0.0349305160 0.0352171473 -0.1738862097 0.9841358066
-107.6 -382.5 2656.6 0.0901590958 -0.9065915942 -0.4122656882 0.5790106654 0.3845194876 -0.7189515829 0.8103196621 -0.1738862097 0.5595941544
267.9 -146.6 2662.0 0.2547236681 0.9634687304 0.0827273503 -0.7933198810 0.2571229339 -0.5518435836 -0.5529551506 0.0749383718 0.8298342228
318.2 -303.3 2552.9 -0.2537052929 0.9634687304 0.0857996270 0.9658727050 0.2571229339 -0.0312691331 -0.0521878861 0.0749383718 -0.9958215952
30.4 -522.2 2714.4 0.9886257052 0.1017249674 -0.1107755080 -0.0995328426 -0.1096434891 -0.9889749885 -0.1127492562 0.9887518883 -0.0982713997
-7.8 -480.9 2342.5 0.9886257052 0.1020870805 0.1104418859 -0.0995328426 0.9946285486 -0.0284131020 -0.1127492562 0.0170973279 0.9934763908
209.5 -527.7 2714.3 0.9896522164 -0.1423608661 0.0179415867 0.0017864840 -0.1128051579 -0.9936155081 0.1434758753 0.9833658338 -0.1113835424
263.4 -485.0 2342.5 0.9896522164 -0.0002273509 -0.1434868127 0.0017864840 0.9999407530 0.0107372962 0.1434758753 -0.0108825257 0.9895939827
-131.4 -535.6 2442.4 0 0 0 0 0 0 0 0 0
249.8 -43.1 2538.8 0 0 0 0 0 0 0 0 0
-45.9 -852.2 2336.1 0 0 0 0 0 0 0 0 0
263.4 -858.3 2346.6 0 0 0 0 0 0 0 0 0
138.2 59.2 2638.3 55 0.9993590713 0.0321975574 0.0156457406 -0.0339410864 0.9911630750 0.1282332987 -0.0113786813 -0.1286821514 0.9916206002
131.8 -138.4 2664.0 0.9993590713 0.0321975574 0.0156457406 -0.0339410864 0.9911630750 0.1282332987 -0.0113786813 -0.1286821514 0.9916206002
126.4 -329.5 2688.9 0.9994198680 0.0302632861 0.0156212412 -0.0320104174 0.9913275838 0.1274556816 -0.0116285393 -0.1278817803 0.9917212725
-4.2 -132.7 2665.7 0.3807869852 -0.9077383280 -0.1761033386 0.9240945578 0.3802635074 0.0380652733 0.0324123614 -0.1772308946 0.9836354256
-106.7 -381.4 2657.0 0.0862134472 -0.9077383280 -0.4105829597 0.5825036764 0.3802635074 -0.7183934450 0.8082429767 -0.1772308946 0.5615447164
267.8 -144.1 2662.3 0.2589800954 0.9622933269 0.0831919089 -0.7944502831 0.2612091899 -0.5482868552 -0.5493432879 0.0759035498 0.8321421742
318.9 -300.9 2553.8 -0.2573965192 0.9622933269 0.0879694447 0.9646548033 0.2612091899 -0.0347968973 -0.0564632490 0.0759035498 -0.9955152273
29.7 -520.9 2713.6 0.9894418716 0.1051208451 -0.0997717381 -0.0888650268 -0.1037791595 -0.9906224608 -0.1144893020 0.9890295863 -0.0933418795
-9.7 -481.9 2342.3 0.9894418716 0.0915511400 0.1123529300 -0.0888650268 0.9956301451 -0.0286979787 -0.1144893020 0.0184107348 0.9932538867
208.8 -527.3 2711.1 0.9892358780 -0.1456869245 0.0137007805 -0.0033745829 -0.1163176522 -0.9932063222 0.1462908089 0.9824690819 -0.1155572236
263.4 -483.7 2342.6 0.9892358780 0.0048493980 -0.1462493539 -0.0033745829 0.9999409318 0.0103306677 0.1462908089 -0.0097259358 0.9891937971
-129.5 -535.4 2443.3 0 0 0 0 0 0 0 0 0
249.6 -41.0 2538.6 0 0 0 0 0 0 0 0 0
-43.9 -853.6 2335.4 0 0 0 0 0 0 0 0 0
261.6 -856.9 2346.2 0 0 0 0 0 0 0 0 0
136.7 56.8 2639.7 56 0.9994471073 0.0260787718 0.0206259489 -0.0285245348 0.9912505150 0.1288748533 -0.0170845855 -0.1293919384 0.9914463162
131.5 -140.3 2665.4 0.9994471073 0.0260787718 0.0206259489 -0.0285245348 0.9912505150 0.1288748533 -0.0170845855 -0.1293919384 0.9914463162
127.2 -331.3 2690.8 0.9994779825 0.0248475242 0.0206480194 -0.0273211896 0.9911723733 0.1297339499 -0.0172421783 -0.1302303523 0.9913338423
-4.5 -135.2 2667.9 0.3765896559 -0.9105183482 -0.1706944108 0.9259504080 0.3755818605 0.0394223258 0.0282149762 -0.1729006022 0.9845350385
-105.9 -384.4 2660.3 0.0880443156 -0.9105183482 -0.4039858282 0.5847005844 0.3755818605 -0.7190712690 0.8064573407 -0.1729006022 0.5654484034
267.5 -145.3 2662.9 0.2596120834 0.9614624381 0.0905071422 -0.7944399118 0.2659140229 -0.5460356474 -0.5490599275 0.0698549747 0.8328586221
318.8 -302.2 2554.5 -0.2622728050 0.9614624381 0.0824800283 0.9633018374 0.2659140229 -0.0365961865 -0.0571184531 0.0698549747 -0.9959205389
31.0 -519.0 2714.8 0.9896513224 0.1123086140 -0.0893139392 -0.0785081685 -0.0972159579 -0.9921620488 -0.1201110855 0.9889063835 -0.0873927623
-11.2 -482.5 2342.7 0.9896513224 0.0814501941 0.1181358099 -0.0785081685 0.9964811802 -0.0293550063 -0.1201110855 0.0197765976 0.9925634265
210.1 -524.8 2712.7 0.9896179438 -0.1432992816 0.0110280216 -0.0048678084 -0.1101059839 -0.9939079285 0.1436405480 0.9835354686 -0.1096604168
263.9 -483.4 2343.4 0.9896179438 0.0068672397 -0.1435588449 -0.0048678084 0.9998862743 0.0142742023 0.1436405480 -0.0134271896 0.9895388484
-129.2 -539.0 2447.1 0 0 0 0 0 0 0 0 0
248.1 -42.6 2539.1 0 0 0 0 0 0 0 0 0
-41.6 -854.4 2335.4 0 0 0 0 0 0 0 0 0
261.3 -856.7 2348.4 0 0 0 0 0 0 0 0 0
137.3 57.9 2639.3 57 0.9998167157 0.0178728122 0.0068594385 -0.0185767487 0.9923483729 0.1220638156 -0.0046253293 -0.1221688688 0.9924985766
133.7 -140.9 2663.8 0.9998167157 0.0178728122 0.0068594385 -0.0185767487 0.9923483729 0.1220638156 -0.0046253293 -0.1221688688 0.9924985766
131.2 -332.1 2687.9 0.9998571873 0.0154335024 0.0068865134 -0.0161669925 0.9921908379 0.1236770675 -0.0049239653 -0.1237707362 0.9922986031
-2.4 -137.4 2664.6 0.3658840954 -0.9124227762 -0.1833399832 0.9298575521 0.3665857911 0.0313017294 0.0386494286 -0.1819328815 0.9825510979
-100.9 -387.6 2654.2 0.0715078861 -0.9124227762 -0.4029532671 0.5805215836 0.3665857911 -0.7270553708 0.8110988140 -0.1819328815 0.5558948517
269.8 -144.4 2663.0 0.2752362788 0.9575021863 0.0862236544 -0.7880319953 0.2760731578 -0.5502628684 -0.5506819487 0.0835053101 0.8305276632
324.1 -300.0 2554.2 -0.2722450495 0.9575021863 0.0952478573 0.9606875181 0.2760731578 -0.0293784030 -0.0544252619 0.0835053101 -0.9950199723
32.8 -521.3 2717.6 0.9890281558 0.1119107902 -0.0964327902 -0.0849492773 -0.1032083705 -0.9910255671 -0.1208591312 0.9883440733 -0.0925692394
-9.8 -482.0 2341.6 0.9890281558 0.0868198425 0.1195224822 -0.0849492773 0.9961709380 -0.0206669942 -0.1208591312 0.0102868900 0.9926163554
211.9 -526.1 2714.5 0.9904182553 -0.1369641572 0.0176759958 0.0021399746 -0.1127576455 -0.9936202168 0.1380834579 0.9841374755 -0.1113841310
263.7 -483.5 2341.9 0.9904182553 -0.0001059526 -0.1380999982 0.0021399746 0.9998914003 0.0145802237 0.1380834579 -0.0147360507 0.9903109670
-119.8 -541.1 2439.8 0 0 0 0 0 0 0 0 0
250.8 -41.2 2539.6 0 0 0 0 0 0 0 0 0
-42.2 -853.8 2337.8 0 0 0 0 0 0 0 0 0
263.8 -856.7 2347.4 0 0 0 0 0 0 0 0 0
137.7 56.3 2639.1 58 0.9998569489 0.0168809146 -0.0010487954 -0.0166271422 0.9924007058 0.1219196245 0.0030989402 -0.1218847483 0.9925394058
134.4 -142.0 2663.5 0.9998569489 0.0168809146 -0.0010487954 -0.0166271422 0.9924007058 0.1219196245 0.0030989402 -0.1218847483 0.9925394058
132.2 -333.3 2687.7 0.9999050498 0.0137413461 -0.0010166349 -0.0135092391 0.9921897650 0.1240039095 0.0027126754 -0.1239784062 0.9922811985
-1.7 -138.9 2663.3 0.3631063402 -0.9119783044 -0.1909170598 0.9308393598 0.3641011417 0.0311199408 0.0411324091 -0.1890129596 0.9811127186
-99.4 -389.4 2652.2 0.0637718290 -0.9119783044 -0.4052514136 0.5809622407 0.3641011417 -0.7279514074 0.8114284277 -0.1890129596 0.5530443788
270.5 -145.2 2663.7 0.2815245986 0.9560999870 0.0813434869 -0.7874686122 0.2786447406 -0.5497729778 -0.5483038425 0.0907191783 0.8313440084
326.1 -300.7 2555.4 -0.2743734121 0.9560999870 0.1029178798 0.9599430561 0.2786447406 -0.0294347946 -0.0568201318 0.0907191783 -0.9942542315
38.6 -523.2 2712.4 0.9867233634 0.1220595539 -0.1071375608 -0.0934048742 -0.1131669730 -0.9891757965 -0.1328627914 0.9860500693 -0.1002635360
-7.3 -480.7 2341.3 0.9867233634 0.0949288458 0.1317782402 -0.0934048742 0.9954706430 -0.0177123602 -0.1328627914 0.0051684696 0.9911209941
217.8 -526.1 2711.5 0.9929749370 -0.1153738946 0.0262609236 0.0124637764 -0.1187177971 -0.9928498268 0.1176665872 0.9862022996 -0.1164458022
261.0 -481.7 2342.1 0.9929749370 -0.0096500926 -0.1179306880 0.0124637764 0.9996544123 0.0231446065 0.1176665872 -0.0244518761 0.9927520752
-116.3 -543.0 2437.7 0 0 0 0 0 0 0 0 0
252.1 -42.1 2540.1 0 0 0 0 0 0 0 0 0
-42.7 -852.2 2339.4 0 0 0 0 0 0 0 0 0
264.6 -854.8 2351.2 0 0 0 0 0 0 0 0 0
136.0 57.7 2639.1 59 0.9996106625 0.0221106615 0.0170190949 -0.0239454303 0.9929047227 0.1164765805 -0.0143229654 -0.1168387607 0.9930475950
131.5 -140.7 2662.4 0.9996106625 0.0221106615 0.0170190949 -0.0239454303 0.9929047227 0.1164765805 -0.0143229654 -0.1168387607 0.9930475950
128.1 -332.0 2685.3 0.9996482730 0.0203268211 0.0170355048 -0.0221867133 0.9928552508 0.1172444150 -0.0145305824 -0.1175811365 0.9929569960
-4.5 -136.3 2664.5 0.3719115853 -0.9118458629 -0.1738359481 0.9273578525 0.3732651770 0.0260868389 0.0410997272 -0.1709101200 0.9844290614
-104.6 -385.9 2653.5 0.0827305019 -0.9118458629 -0.4021104574 0.5748460889 0.3732651770 -0.7281655669 0.8140685558 -0.1709101200 0.5550514460
267.6 -145.0 2660.2 0.2651881576 0.9599196911 0.0907159969 -0.7861231565 0.2697292864 -0.5561083555 -0.5582880974 0.0761593953 0.8261441588
320.0 -300.2 2550.0 -0.2668696344 0.9599196911 0.0856431350 0.9626481533 0.2697292864 -0.0235501286 -0.0457066968 0.0761593953 -0.9960474968
40.0 -524.7 2711.5 0.9863112569 0.1299450248 -0.1015107334 -0.0869881883 -0.1129438505 -0.9897862077 -0.1400827914 0.9850674868 -0.1000941023
-8.8 -482.3 2341.7 0.9863112569 0.0893515795 0.1385872662 -0.0869881883 0.9959431291 -0.0230299700 -0.1400827914 0.0106592616 0.9900824428
219.1 -527.1 2712.0 0.9934083223 -0.1099764854 0.0323278494 0.0188335329 -0.1215968803 -0.9924008846 0.1130717248 0.9864681363 -0.1187241077
260.3 -481.5 2342.2 0.9934083223 -0.0164210480 -0.1134471968 0.0188335329 0.9996180534 0.0202262551 0.1130717248 -0.0222295411 0.9933381081
-126.5 -537.9 2438.3 0 0 0 0 0 0 0 0 0
248.1 -40.9 2537.7 0 0 0 0 0 0 0 0 0
-42.2 -854.0 2337.7 0 0 0 0 0 0 0 0 0
266.5 -854.6 2350.5 0 0 0 0 0 0 0 0 0
134.9 59.5 2637.5 60 0.9991599321 0.0266969446 0.0310921483 -0.0304022990 0.9916219115 0.1255456060 -0.0274799708 -0.1263854206 0.9916005135
129.6 -138.4 2662.7 0.9991599321 0.0266969446 0.0310921483 -0.0304022990 0.9916219115 0.1255456060 -0.0274799708 -0.1263854206 0.9916005135
124.9 -329.5 2687.7 0.9991558790 0.0267917141 0.0311404336 -0.0305520911 0.9913890362 0.1273356974 -0.0274607427 -0.1281796247 0.9913707376
-6.4 -132.9 2666.6 0.3799076080 -0.9109837413 -0.1605578959 0.9246438742 0.3789655864 0.0376671217 0.0265317783 -0.1627689004 0.9863074422
-108.6 -381.8 2659.5 0.0981557369 -0.9109837413 -0.4005921483 0.5825124383 0.3789655864 -0.7190718651 0.8068733811 -0.1627689004 0.5678570271
265.6 -143.9 2658.8 0.2514029145 0.9629936814 0.0971583948 -0.7939929962 0.2626004815 -0.5482847095 -0.5535085201 0.0606972836 0.8306287527
315.2 -300.7 2549.6 -0.2596617639 0.9629936814 0.0722422376 0.9642867446 0.2626004815 -0.0345254950 -0.0522186793 0.0606972836 -0.9967893958
34.6 -522.8 2709.5 0.9881008267 0.1241147593 -0.0908421203 -0.0776913166 -0.1069798172 -0.9912211299 -0.1327434480 0.9864841104 -0.0960642025
-11.8 -482.8 2340.6 0.9881008267 0.0799329504 0.1314058155 -0.0776913166 0.9967323542 -0.0221063253 -0.1327434480 0.0116341878 0.9910821319
213.7 -526.7 2706.9 0.9915931225 -0.1260140389 0.0293863900 0.0136658540 -0.1238467023 -0.9922072291 0.1286714524 0.9842674732 -0.1210834458
260.3 -480.9 2342.8 0.9915931225 -0.0115482202 -0.1288787574 0.0136658540 0.9997855425 0.0155589934 0.1286714524 -0.0171894282 0.9915382862
-134.6 -535.8 2446.2 0 0 0 0 0 0 0 0 0
245.2 -40.9 2535.5 0 0 0 0 0 0 0 0 0
-41.6 -854.8 2336.3 0 0 0 0 0 0 0 0 0
264.6 -854.1 2349.2 0 0 0 0 0 0 0 0 0
136.8 62.7 2637.2 61 0.9984359145 0.0397108495 0.0393539928 -0.0445815176 0.9902719855 0.1318099350 -0.0337368734 -0.1333582401 0.9904935360
128.9 -134.9 2663.9 0.9984359145 0.0397108495 0.0393539928 -0.0445815176 0.9902719855 0.1318099350 -0.0337368734 -0.1333582401 0.9904935360
121.5 -325.8 2689.5 0.9983977675 0.0407233834 0.0392874517 -0.0455213487 0.9904459715 0.1301713884 -0.0336110815 -0.1317512393 0.9907128215
-7.0 -127.4 2668.6 0.3937770426 -0.9062561393 -0.1537513882 0.9189666510 0.3919450641 0.0433514006 0.0209746249 -0.1583631784 0.9871581197
-112.9 -374.7 2662.9 0.1118990108 -0.9062561393 -0.4076499045 0.5836802125 0.3919450641 -0.7111234069 0.8042362928 -0.1583631784 0.5728220344
264.7 -142.4 2659.1 0.2360679954 0.9671565294 0.0942342207 -0.7994952798 0.2484304011 -0.5468909144 -0.5523397923 0.0537636355 0.8318835497
311.3 -300.3 2550.1 -0.2456163466 0.9671565294 0.0654278249 0.9678671360 0.2484304011 -0.0389298461 -0.0539055169 0.0537636355 -0.9970976114
30.2 -519.2 2715.1 0.9892334938 0.1099928990 -0.0965333432 -0.0864227042 -0.0932574645 -0.9918841720 -0.1181026697 0.9895476699 -0.0827475190
-11.5 -483.8 2339.8 0.9892334938 0.0884755328 0.1165727377 -0.0864227042 0.9960031509 -0.0225582495 -0.1181026697 0.0122408438 0.9929259419
209.2 -524.7 2710.2 0.9899592400 -0.1385845691 0.0278383773 0.0122336578 -0.1122034490 -0.9936099648 0.1408225745 0.9839739203 -0.1093814448
260.9 -482.8 2343.0 0.9899592400 -0.0115259327 -0.1408822536 0.0122336578 0.9999164939 0.0041584522 0.1408225745 -0.0058402037 0.9900176525
-142.5 -529.1 2450.3 0 0 0 0 0 0 0 0 0
245.2 -39.6 2535.5 0 0 0 0 0 0 0 0 0
-44.5 -855.6 2335.2 0 0 0 0 0 0 0 0 0
265.2 -856.1 2345.2 0 0 0 0 0 0 0 0 0
136.0 61.1 2639.1 62 0.9990807772 0.0319494903 0.0285806488 -0.0352219492 0.9918455482 0.1224819124 -0.0244343560 -0.1233759895 0.9920591116
129.6 -136.7 2663.7 0.9990807772 0.0319494903 0.0285806488 -0.0352219492 0.9918455482 0.1224819124 -0.0244343560 -0.1233759895 0.9920591116
124.3 -327.9 2687.9 0.9991367459 0.0301303864 0.0286001042 -0.0334338732 0.9918304682 0.1231035590 -0.0246572979 -0.1239534989 0.9919816256
-6.3 -130.9 2667.2 0.3825880289 -0.9093642235 -0.1633494645 0.9233814478 0.3823721409 0.0340322591 0.0315125659 -0.1638541967 0.9859811068
-109.3 -379.4 2658.7 0.0975179374 -0.9093642235 -0.4044093192 0.5788432360 0.3823721409 -0.7202305794 0.8095867634 -0.1638541967 0.5636674762
265.6 -142.6 2660.2 0.2506595552 0.9635908008 0.0930729061 -0.7924267054 0.2594554126 -0.5520351529 -0.5560842156 0.0646194294 0.8286100626
315.1 -299.1 2550.4 -0.2566253245 0.9635908008 0.0750748515 0.9652707577 0.2594554126 -0.0305820424 -0.0489471518 0.0646194294 -0.9967088103
24.2 -514.0 2718.1 0.9908121824 0.0908625424 -0.1001761854 -0.0928004459 -0.0820659101 -0.9922969341 -0.0983836725 0.9924762845 -0.0728798136
-10.4 -482.7 2339.9 0.9908121824 0.0946523473 0.0966033265 -0.0928004459 0.9954074621 -0.0234964956 -0.0983836725 0.0143157812 0.9950456023
203.1 -522.2 2712.1 0.9877019525 -0.1537843347 0.0281994659 0.0119155878 -0.1057984009 -0.9943162203 0.1558937132 0.9824240804 -0.1026648581
260.7 -482.5 2344.0 0.9877019525 -0.0111630717 -0.1559494138 0.0119155878 0.9999214411 0.0038913563 0.1558937132 -0.0057017291 0.9877573848
-135.1 -532.4 2444.7 0 0 0 0 0 0 0 0 0
246.0 -39.0 2537.2 0 0 0 0 0 0 0 0 0
-45.8 -854.3 2334.6 0 0 0 0 0 0 0 0 0
264.8 -855.8 2346.1 0 0 0 0 0 0 0 0 0
134.2 62.5 2638.0 63 0.9987674952 0.0295771100 0.0398576893 -0.0343666002 0.9915106297 0.1254017800 -0.0358102992 -0.1266169846 0.9913050532
128.3 -135.1 2663.3 0.9987674952 0.0295771100 0.0398576893 -0.0343666002 0.9915106297 0.1254017800 -0.0358102992 -0.1266169846 0.9913050532
123.3 -326.3 2687.2 0.9988048673 0.0284415372 0.0397483930 -0.0330901034 0.9920194745 0.1216651723 -0.0359708332 -0.1228350475 0.9917749763
-7.6 -129.3 2668.3 0.3826498389 -0.9112655520 -0.1522306502 0.9234523177 0.3823306262 0.0325435959 0.0285465829 -0.1530305594 0.9878090620
-110.6 -377.8 2660.6 0.1064722091 -0.9112655520 -0.3978174627 0.5776916146 0.3823306262 -0.7211765647 0.8092811704 -0.1530305594 0.5671380758
264.2 -140.9 2658.2 0.2446040213 0.9641824961 0.1025716886 -0.7915374041 0.2596576810 -0.5532146096 -0.5600333810 0.0541291796 0.8266998529
312.5 -297.2 2547.6 -0.2574423552 0.9641824961 0.0638396814 0.9652620554 0.2596576810 -0.0291049276 -0.0446389243 0.0541291796 -0.9975356460
29.0 -517.4 2714.2 0.9895082116 0.1033807471 -0.1009250283 -0.0911391154 -0.0953762829 -0.9912603498 -0.1121030897 0.9900584817 -0.0849535912
-10.0 -481.4 2340.6 0.9895082116 0.0927924365 0.1107384488 -0.0911391154 0.9956390858 -0.0199106559 -0.1121030897 0.0096091535 0.9936501384
208.0 -523.4 2709.8 0.9884314537 -0.1504814476 0.0189358871 0.0033773042 -0.1029819027 -0.9946774840 0.1516305655 0.9832344651 -0.1012823358
264.2 -484.9 2342.1 0.9884314537 -0.0009764616 -0.1516650319 0.0033773042 0.9998730421 0.0155731086 0.1516305655 -0.0159051698 0.9883092642
-138.7 -530.5 2446.7 0 0 0 0 0 0 0 0 0
243.2 -37.1 2535.6 0 0 0 0 0 0 0 0 0
-44.7 -853.1 2337.0 0 0 0 0 0 0 0 0 0
264.6 -858.1 2348.1 0 0 0 0 0 0 0 0 0
132.8 57.0 2640.0 64 0.9986492991 0.0313177146 0.0414575115 -0.0361001901 0.9920990467 0.1201508343 -0.0373671092 -0.1214851737 0.9918896556
126.5 -140.5 2664.2 0.9986492991 0.0313177146 0.0414575115 -0.0361001901 0.9920990467 0.1201508343 -0.0373671092 -0.1214851737 0.9918896556
121.0 -331.8 2687.4 0.9986615181 0.0310341399 0.0413766615 -0.0357117094 0.9924213886 0.1175775155 -0.0374141671 -0.1188977733 0.9922013283
-9.4 -134.3 2669.4 0.3852475286 -0.9103996158 -0.1508539319 0.9222671390 0.3854633868 0.0290045887 0.0317429006 -0.1503015757 0.9881304502
-113.1 -382.5 2660.9 0.1091279984 -0.9103996158 -0.3990785182 0.5741453767 0.3854633868 -0.7223399878 0.8114481568 -0.1503015757 0.5647665858
262.4 -146.6 2658.9 0.2416776270 0.9649689198 0.1021121740 -0.7899602652 0.2567672729 -0.5568064451 -0.5635199547 0.0539030917 0.8243420124
310.1 -302.6 2547.7 -0.2548208833 0.9649689198 0.0624602623 0.9661425352 0.2567672729 -0.0252821650 -0.0404342562 0.0539030917 -0.9977271557
28.3 -515.9 2714.3 0.9894666076 0.0969708711 -0.1074823961 -0.0987477750 -0.0907841623 -0.9909627438 -0.1058522165 0.9911381602 -0.0802522376
-8.3 -481.6 2340.2 0.9894666076 0.0993975922 0.1052422673 -0.0987477750 0.9950473905 -0.0113802943 -0.1058522165 0.0008679815 0.9943814874
207.3 -521.8 2707.8 0.9885505438 -0.1493450403 0.0215373002 0.0065279403 -0.1002717838 -0.9949386716 0.1507487446 0.9836877584 -0.0981488153
262.9 -484.5 2341.4 0.9885505438 -0.0019326218 -0.1508776397 0.0065279403 0.9995295405 0.0299679022 0.1507487446 -0.0306097064 0.9880980849
-141.9 -534.3 2446.4 0 0 0 0 0 0 0 0 0
241.5 -42.3 2536.8 0 0 0 0 0 0 0 0 0
-45.4 -853.0 2339.8 0 0 0 0 0 0 0 0 0
263.6 -857.5 2352.8 0 0 0 0 0 0 0 0 0
131.4 59.0 2638.5 65 0.9994343519 0.0268963128 0.0201888736 -0.0293009095 0.9910544753 0.1302015483 -0.0165063329 -0.1307194531 0.9912819862
126.0 -139.9 2664.7 0.9994343519 0.0268963128 0.0201888736 -0.0293009095 0.9910544753 0.1302015483 -0.0165063329 -0.1307194531 0.9912819862
121.4 -331.0 2689.5 0.9994431734 0.0266419128 0.0200878009 -0.0289731622 0.9915486574 0.1264586747 -0.0165489316 -0.1269702762 0.9917684793
-10.0 -134.7 2667.1 0.3781471848 -0.9097393751 -0.1714030802 0.9252081513 0.3777006865 0.0364969671 0.0315363333 -0.1723847538 0.9845247269
-111.8 -383.6 2658.6 0.0884062946 -0.9097393751 -0.4056582749 0.5819110274 0.3777006865 -0.7202233672 0.8084329367 -0.1723847538 0.5627785325
262.0 -145.2 2662.3 0.2586885691 0.9618595243 0.0889183357 -0.7930842638 0.2640404403 -0.5489079356 -0.5514503717 0.0714764819 0.8311399221
313.1 -301.8 2553.4 -0.2605831325 0.9618595243 0.0832026452 0.9639302492 0.2640404403 -0.0334828533 -0.0541746654 0.0714764819 -0.9959700108
25.5 -521.2 2713.8 0.9906255603 0.0932365805 -0.0998397470 -0.0903083459 -0.1013914794 -0.9907392263 -0.1024960354 0.9904679060 -0.0920209512
-9.8 -482.7 2338.1 0.9906255603 0.0906896070 0.1021588519 -0.0903083459 0.9958787560 -0.0083604706 -0.1024960354 -0.0009437011 0.9947329760
204.5 -527.6 2707.1 0.9870756269 -0.1583000571 0.0249557383 0.0067504654 -0.1145152748 -0.9933985472 0.1601128578 0.9807279706 -0.1119666398
263.4 -484.9 2341.8 0.9870756269 -0.0028864180 -0.1602291018 0.0067504654 0.9996992350 0.0235766768 0.1601128578 -0.0243535843 0.9867982268
-135.1 -537.5 2444.9 0 0 0 0 0 0 0 0 0
242.9 -42.1 2538.8 0 0 0 0 0 0 0 0 0
-43.7 -854.5 2338.4 0 0 0 0 0 0 0 0 0
264.5 -858.1 2350.9 0 0 0 0 0 0 0 0 0
132.3 59.5 2638.2 66 0.9997022748 0.0215859283 0.0113765933 -0.0228937529 0.9910807014 0.1312817335 -0.0084412843 -0.1315031052 0.9912798405
128.0 -139.1 2664.6 0.9997022748 0.0215859283 0.0113765933 -0.0228937529 0.9910807014 0.1312817335 -0.0084412843 -0.1315031052 0.9912798405
124.1 -330.2 2689.5 0.9996844530 0.0224350374 0.0112974960 -0.0236953367 0.9915272593 0.1277193725 -0.0083363866 -0.1279467791 0.9917460084
-8.1 -134.6 2665.9 0.3729767203 -0.9102826715 -0.1796490848 0.9272353649 0.3726728857 0.0367357098 0.0335104614 -0.1802785546 0.9830446243
-108.5 -384.1 2656.8 0.0787045434 -0.9102826715 -0.4064369798 0.5833134055 0.3726728857 -0.7217065692 0.8084250689 -0.1802785546 0.5603111386
264.0 -143.6 2663.3 0.2673867941 0.9598318338 0.0850125849 -0.7923445106 0.2692174017 -0.5474597812 -0.5483561754 0.0790242627 0.8325026631
316.8 -300.1 2555.0 -0.2652263045 0.9598318338 0.0915306062 0.9624719024 0.2692174017 -0.0342024118 -0.0574701987 0.0790242627 -0.9952147007
26.7 -520.9 2715.6 0.9904598594 0.0933080465 -0.1014043316 -0.0918282717 -0.1017600372 -0.9905616641 -0.1027462855 0.9904233813 -0.0922209173
-8.7 -482.3 2340.2 0.9904598594 0.0929536223 0.1017293185 -0.0918282717 0.9956510663 -0.0157000944 -0.1027462855 0.0062086871 0.9946882129
205.7 -526.1 2712.6 0.9878991246 -0.1531019062 0.0248024259 0.0069015902 -0.1163621694 -0.9931828976 0.1549442559 0.9813356400 -0.1138974354
263.4 -482.2 2342.9 0.9878991246 -0.0042996705 -0.1550382674 0.0069015902 0.9998441935 0.0162480809 0.1549442559 -0.0171214752 0.9877748489
-129.3 -538.3 2443.1 0 0 0 0 0 0 0 0 0
245.4 -40.8 2539.5 0 0 0 0 0 0 0 0 0
-43.4 -854.0 2337.9 0 0 0 0 0 0 0 0 0
265.0 -855.5 2349.2 0 0 0 0 0 0 0 0 0
133.7 59.5 2637.6 67 0.9999445081 0.0077195619 0.0071688984 -0.0085545732 0.9921349883 0.1248799115 -0.0061484966 -0.1249343082 0.9921459556
132.2 -139.5 2662.7 0.9999445081 0.0077195619 0.0071688984 -0.0085545732 0.9921349883 0.1248799115 -0.0061484966 -0.1249343082 0.9921459556
131.1 -330.9 2685.6 0.9999443889 0.0077859415 0.0071095838 -0.0085662464 0.9930612445 0.1172857806 -0.0061470722 -0.1173401624 0.9930727482
-4.0 -137.1 2663.7 0.3588872254 -0.9153804183 -0.1824242175 0.9323300123 0.3608416319 0.0235384237 0.0442796387 -0.1785272211 0.9829381108
-100.5 -388.0 2651.7 0.0680630133 -0.9153804183 -0.3967947364 0.5757721663 0.3608416319 -0.7336754799 0.8147722483 -0.1785272211 0.5516105890
268.3 -142.0 2661.7 0.2805441320 0.9554840922 0.0913516432 -0.7823371291 0.2827651203 -0.5549707413 -0.5560967922 0.0842260048 0.8268387914
