141.2 111.7 2347.2 52 0.9752867818 -0.0329260007 0.2184754759 -0.0359195061 0.9520494938 0.3038281500 -0.2180033177 -0.3041671216 0.9273386002
147.9 -80.3 2408.5 0.9752867818 -0.0329260007 0.2184754759 -0.0359195061 0.9520494938 0.3038281500 -0.2180033177 -0.3041671216 0.9273386002
154.2 -269.5 2469.1 0.9753276110 -0.0318428166 0.2184538096 -0.0371194221 0.9517999291 0.3044652343 -0.2176193446 -0.3050622344 0.9271347523
10.6 -75.0 2439.1 0.1250182986 -0.8474821448 -0.5158919096 0.9683899283 0.2173542678 -0.1223849580 0.2158503681 -0.4842841625 0.8478664160
-22.6 -332.0 2381.8 -0.2837575972 -0.8474821448 -0.4486152530 0.5855330825 0.2173542678 -0.7809661627 0.7593632936 -0.4842841625 0.4345529079
285.1 -85.5 2377.9 -0.0391722172 0.6577281952 0.7522360682 -0.9656416774 0.1686347127 -0.1977333128 -0.2569078803 -0.7341361642 0.6285240054
275.3 -327.6 2313.5 -0.5760314465 0.6577281952 0.4853672385 -0.5153999925 0.1686347127 -0.8401935697 -0.6344687343 -0.7341361642 0.2418542057
71.7 -452.8 2551.6 0.8100396991 0.5782021880 0.0975599289 0.1406702399 -0.0300989598 -0.9895988703 -0.5692517757 0.8153381348 -0.1057171896
-176.7 -439.9 2201.2 0.8100396991 -0.2062993348 0.5488864183 0.1406702399 0.9771005511 0.1596445292 -0.5692517757 -0.0521064252 0.8205103874
249.9 -462.3 2509.3 0.9805119038 -0.1075111628 0.1644316763 0.1450817287 -0.1680976301 -0.9750356078 0.1324677914 0.9798900485 -0.1492238194
294.3 -392.9 2104.5 0.9805119038 -0.1504691839 -0.1263148785 0.1450817287 0.9881110191 -0.0508719906 0.1324677914 0.0315546095 0.9906849265
51.2 -484.3 2184.3 0 0 0 0 0 0 0 0 0
125.4 -461.8 2148.3 0 0 0 0 0 0 0 0 0
-97.9 -813.3 2221.1 0 0 0 0 0 0 0 0 0
351.8 -770.6 2092.4 0 0 0 0 0 0 0 0 0
141.9 110.1 2343.0 53 0.9776697755 -0.0327040702 0.2075866163 -0.0346851237 0.9491556883 0.3128903508 -0.2072648108 -0.3131036162 0.9268265367
148.5 -81.2 2406.1 0.9776697755 -0.0327040702 0.2075866163 -0.0346851237 0.9491556883 0.3128903508 -0.2072648108 -0.3131036162 0.9268265367
154.7 -269.9 2468.2 0.9777120948 -0.0312392488 0.2076130509 -0.0359407328 0.9493673444 0.3121056855 -0.2068509907 -0.3126112521 0.9270851612
10.9 -76.1 2435.2 0.1245700493 -0.8534466028 -0.5060742497 0.9703435898 0.2112783045 -0.1174511388 0.2071608007 -0.4764350355 0.8544554114
-22.0 -332.7 2380.4 -0.2807271183 -0.8534466028 -0.4391140640 0.5838484168 0.2112783045 -0.7838893533 0.7617830038 -0.4764350355 0.4389719069
286.1 -86.2 2377.0 -0.0399329513 0.6620897055 0.7483599186 -0.9666699171 0.1639581919 -0.1966393590 -0.2528926432 -0.7312693596 0.6334748864
276.1 -327.5 2313.8 -0.5745608211 0.6620897055 0.4811622202 -0.5154355168 0.1639581919 -0.8410968781 -0.6357721090 -0.7312693596 0.2470605969
71.1 -454.7 2550.5 0.8156905174 0.5725972652 0.0823487937 0.1377033889 -0.0539297834 -0.9890041947 -0.5618600845 0.8180611134 -0.1228385940
-168.5 -432.1 2208.2 0.8156905174 -0.1728743762 0.5520538092 0.1377033889 0.9848971963 0.1049537733 -0.5618600845 -0.0095901238 0.8271766901
250.5 -462.0 2511.1 0.9786988497 -0.1173300967 0.1684703380 0.1488208473 -0.1598309875 -0.9758619070 0.1414247453 0.9801467657 -0.1389652342
299.0 -396.0 2106.2 0.9786988497 -0.1533967704 -0.1364479214 0.1488208473 0.9879205823 -0.0431888439 0.1414247453 0.0219625738 0.9897053242
51.0 -484.6 2182.3 0 0 0 0 0 0 0 0 0
126.6 -461.7 2148.4 0 0 0 0 0 0 0 0 0
-102.5 -808.0 2211.8 0 0 0 0 0 0 0 0 0
357.7 -773.7 2097.8 0 0 0 0 0 0 0 0 0
141.5 109.6 2340.4 54 0.9796000719 -0.0308587831 0.1985733807 -0.0347832553 0.9471877217 0.3187876642 -0.1979236603 -0.3191914558 0.9267917871
147.7 -81.5 2404.8 0.9796000719 -0.0308587831 0.1985733807 -0.0347832553 0.9471877217 0.3187876642 -0.1979236603 -0.3191914558 0.9267917871
154.0 -269.9 2468.0 0.9795662761 -0.0316919610 0.1986089200 -0.0337592214 0.9475863576 0.3177111447 -0.1982679963 -0.3179240227 0.9271537662
9.9 -76.8 2432.7 0.1026855037 -0.8653329015 -0.4905656278 0.9717291594 0.1926702410 -0.1364575922 0.2125986367 -0.4626846910 0.8606536388
-17.8 -339.0 2375.3 -0.2803063691 -0.8653329015 -0.4154843986 0.5792400837 0.1926702410 -0.7920600176 0.7654470801 -0.4626846910 0.4472288191
285.6 -86.3 2376.9 -0.0369003266 0.6652755141 0.7456855178 -0.9670355916 0.1643621176 -0.1944922209 -0.2519533634 -0.7282812595 0.6372801065
276.3 -328.3 2313.8 -0.5738428235 0.6652755141 0.4776116610 -0.5114527941 0.1643621176 -0.8434459567 -0.6396251917 -0.7282812595 0.2459389865
70.4 -454.9 2550.0 0.8193094730 0.5681318045 0.0771897063 0.1365311444 -0.0625683069 -0.9886578918 -0.5568583608 0.8205555677 -0.1288304925
-164.2 -429.1 2211.1 0.8193094730 -0.1579323560 0.5511709452 0.1365311444 0.9874020219 0.0799778551 -0.5568583608 0.0097253900 0.8305504918
250.1 -461.5 2512.9 0.9769908786 -0.1250881404 0.1727477312 0.1528185904 -0.1544409990 -0.9761118889 0.1487793624 0.9800515175 -0.1317716390
301.8 -397.6 2107.9 0.9769908786 -0.1567721963 -0.1446073949 0.1528185904 0.9875186086 -0.0381245241 0.1487793624 0.0151486145 0.9887543917
55.1 -489.7 2176.2 0 0 0 0 0 0 0 0 0
127.0 -461.5 2147.3 0 0 0 0 0 0 0 0 0
-103.9 -806.1 2207.4 0 0 0 0 0 0 0 0 0
361.8 -775.2 2102.1 0 0 0 0 0 0 0 0 0
141.1 109.4 2339.1 55 0.9798320532 -0.0167642217 0.1991183311 -0.0486659519 0.9464498758 0.3191617429 -0.1938060224 -0.3224152029 0.9265460968
144.5 -81.4 2404.1 0.9798320532 -0.0167642217 0.1991183311 -0.0486659519 0.9464498758 0.3191617429 -0.1938060224 -0.3224152029 0.9265460968
147.7 -269.8 2467.6 0.9798368812 -0.0157883670 0.1991744190 -0.0489458367 0.9475296736 0.3158983886 -0.1937111914 -0.3192776442 0.9276517630
6.6 -74.5 2431.4 0.0788933784 -0.8846084476 -0.4596125484 0.9755621552 0.1633543968 -0.1469483078 0.2050714493 -0.4367873669 0.8758781552
-14.9 -341.2 2375.3 -0.2705142498 -0.8846084476 -0.3798550963 0.5831911564 0.1633543968 -0.7957407832 0.7659700513 -0.4367873669 0.4717061520
282.4 -88.3 2376.8 -0.0275581703 0.6523380280 0.7574269772 -0.9657312036 0.1782487780 -0.1886547953 -0.2580771446 -0.7366698384 0.6250709295
275.5 -328.9 2312.6 -0.5749841332 0.6523380280 0.4938100576 -0.5168666840 0.1782487780 -0.8373029232 -0.6342255473 -0.7366698384 0.2346815616
70.0 -455.0 2549.7 0.8246714473 0.5625095963 0.0591602959 0.1249001846 -0.0790944546 -0.9890116453 -0.5516493320 0.8229987621 -0.1354845017
-160.1 -422.6 2213.0 0.8246714473 -0.1364905983 0.5488964915 0.1249001846 0.9904353023 0.0586330816 -0.5516493320 0.0202042442 0.8338314295
240.7 -462.6 2513.2 0.9785403013 -0.1318091303 0.1583830267 0.1381169409 -0.1508403718 -0.9788620472 0.1529135108 0.9797313809 -0.1293983161
295.1 -400.3 2108.3 0.9785403013 -0.1417548060 -0.1495473385 0.1381169409 0.9898151755 -0.0344912000 0.1529135108 0.0130960112 0.9881528020
55.4 -492.9 2176.1 0 0 0 0 0 0 0 0 0
125.9 -463.4 2147.5 0 0 0 0 0 0 0 0 0
-107.9 -801.0 2205.3 0 0 0 0 0 0 0 0 0
349.3 -778.7 2103.3 0 0 0 0 0 0 0 0 0
142.8 110.3 2339.9 56 0.9753273726 -0.0179293025 0.2200341076 -0.0534783527 0.9478222728 0.3142817020 -0.2141880840 -0.3182946146 0.9234781861
146.5 -80.7 2404.1 0.9753273726 -0.0179293025 0.2200341076 -0.0534783527 0.9478222728 0.3142817020 -0.2141880840 -0.3182946146 0.9234781861
149.4 -269.0 2468.0 0.9753884077 -0.0148635898 0.2199919820 -0.0570049658 0.9468060136 0.3167157173 -0.2129972577 -0.3214614689 0.9226562977
9.2 -72.7 2434.0 0.0772110075 -0.8899067044 -0.4495603144 0.9731112719 0.1654077768 -0.1602956951 0.2170089930 -0.4250956178 0.8787495494
-12.4 -345.1 2373.3 -0.2628693283 -0.8899067044 -0.3727810979 0.5756533742 0.1654077768 -0.8007892966 0.7742886543 -0.4250956178 0.4687971771
283.7 -88.8 2374.1 -0.0372823291 0.6666692495 0.7444207072 -0.9684016109 0.1597217768 -0.1915393621 -0.2465935946 -0.7280392051 0.6396487355
274.5 -328.6 2313.0 -0.5763147473 0.6666692495 0.4726663232 -0.5089579821 0.1597217768 -0.8458431959 -0.6393927336 -0.7280392051 0.2472566068
60.7 -453.5 2549.0 0.8407903314 0.5397691727 0.0414831489 0.1050061658 -0.0874338746 -0.9906205535 -0.5310794115 0.8372601271 -0.1301926523
-156.9 -418.3 2211.4 0.8407903314 -0.1176121160 0.5284307003 0.1050061658 0.9930078387 0.0539362803 -0.5310794115 0.0101393824 0.8472613692
241.8 -462.4 2512.3 0.9824221134 -0.1134082824 0.1482746750 0.1309655756 -0.1472812742 -0.9803857803 0.1330219507 0.9825715423 -0.1298397928
288.7 -401.6 2106.3 0.9824221134 -0.1338690966 -0.1300995201 0.1309655756 0.9909126163 -0.0306620095 0.1330219507 0.0130844787 0.9910266995
56.0 -494.8 2171.9 0 0 0 0 0 0 0 0 0
124.5 -461.1 2146.6 0 0 0 0 0 0 0 0 0
-112.0 -797.7 2207.5 0 0 0 0 0 0 0 0 0
339.9 -780.4 2101.3 0 0 0 0 0 0 0 0 0
142.5 111.6 2339.9 57 0.9762237072 -0.0169177838 0.2161042243 -0.0538346395 0.9467921853 0.3173111379 -0.2099740058 -0.3214005530 0.9233702421
145.9 -79.0 2404.6 0.9762237072 -0.0169177838 0.2161042243 -0.0538346395 0.9467921853 0.3173111379 -0.2099740058 -0.3214005530 0.9233702421
148.8 -267.0 2469.0 0.9762710333 -0.0144231804 0.2160712928 -0.0566932335 0.9459561706 0.3193004429 -0.2089993060 -0.3239735663 0.9226919413
8.5 -71.0 2434.0 0.0553718358 -0.9153041840 -0.3989388347 0.9741062522 0.1372400075 -0.1796724051 0.2192052752 -0.3786600232 0.8992027640
-7.2 -346.9 2371.9 -0.2379040271 -0.9153041840 -0.3249921501 0.5743923187 0.1372400075 -0.8069936037 0.7832465768 -0.3786600232 0.4930937290
283.3 -86.9 2375.1 -0.0346301533 0.6675367951 0.7437710762 -0.9670214057 0.1655195504 -0.1935790330 -0.2523297668 -0.7259462476 0.6397904158
274.6 -329.7 2311.8 -0.5806852579 0.6675367951 0.4660464525 -0.4945295453 0.1655195504 -0.8532548547 -0.6467188001 -0.7259462476 0.2340018898
61.0 -450.7 2551.3 0.8498948812 0.5255048871 0.0390296020 0.0977787748 -0.0844888911 -0.9916152954 -0.5178011656 0.8465850353 -0.1231898963
-152.5 -416.3 2207.4 0.8498948812 -0.1128547937 0.5147256851 0.0977787748 0.9936085939 0.0564025044 -0.5178011656 0.0023930431 0.8554976583
241.2 -460.3 2514.2 0.9817779064 -0.1171550453 0.1496222913 0.1321734637 -0.1447250545 -0.9806042910 0.1365368366 0.9825117588 -0.1266030818
289.6 -400.5 2108.2 0.9817779064 -0.1347805560 -0.1339639425 0.1321734637 0.9908251166 -0.0282088239 0.1365368366 0.0099883210 0.9905846119
54.7 -496.2 2168.2 0 0 0 0 0 0 0 0 0
123.5 -458.4 2143.5 0 0 0 0 0 0 0 0 0
-109.4 -796.1 2206.4 0 0 0 0 0 0 0 0 0
341.1 -779.3 2104.3 0 0 0 0 0 0 0 0 0
143.4 109.8 2346.8 58 0.9714565277 -0.0159226358 0.2366827726 -0.0574617870 0.9522351027 0.2999108136 -0.2301530093 -0.3049505055 0.9241400361
146.6 -81.6 2408.1 0.9714565277 -0.0159226358 0.2366827726 -0.0574617870 0.9522351027 0.2999108136 -0.2301530093 -0.3049505055 0.9241400361
148.9 -270.8 2469.0 0.9715166688 -0.0118484432 0.2366747707 -0.0615879744 0.9518041611 0.3004593253 -0.2288279980 -0.3064775765 0.9239639044
9.9 -73.0 2440.3 0.0606807135 -0.9078025818 -0.4149847925 0.9690520763 0.1532439739 -0.1935311705 0.2392820120 -0.3903982639 0.8890069127
-7.1 -345.1 2373.1 -0.2400906086 -0.9078025818 -0.3438764513 0.5733464360 0.1532439739 -0.8048540950 0.7833455801 -0.3903982639 0.4836929440
283.3 -90.3 2375.9 -0.0332151204 0.6594241261 0.7510370016 -0.9661496282 0.1711691618 -0.1930182576 -0.2558352649 -0.7320252061 0.6314169765
275.1 -329.1 2312.7 -0.5845676661 0.6594241261 0.4726948440 -0.4955104589 0.1711691618 -0.8515694141 -0.6424562335 -0.7320252061 0.2266916037
61.6 -454.8 2550.3 0.8441570401 0.5354980826 0.0253118798 0.0960264057 -0.1045866013 -0.9898689389 -0.5274256468 0.8380354643 -0.1397094727
-156.8 -412.1 2208.6 0.8441570401 -0.1006594524 0.5265610814 0.0960264057 0.9947199821 0.0362096615 -0.5274256468 0.0199971255 0.8493658304
240.9 -459.2 2515.1 0.9829331636 -0.1009734422 0.1537749022 0.1367006600 -0.1584752947 -0.9778540134 0.1231068075 0.9821863174 -0.1419674903
283.4 -392.4 2101.0 0.9829331636 -0.1395193040 -0.1199029535 0.1367006600 0.9901127219 -0.0314606912 0.1231068075 0.0145329442 0.9922869802
55.3 -494.2 2169.4 0 0 0 0 0 0 0 0 0
123.0 -458.1 2145.4 0 0 0 0 0 0 0 0 0
-118.3 -792.3 2201.0 0 0 0 0 0 0 0 0 0
336.8 -770.9 2095.5 0 0 0 0 0 0 0 0 0
142.6 109.5 2342.3 59 0.9770240784 -0.0199718121 0.2121910155 -0.0487283282 0.9482964873 0.3136228621 -0.2074836046 -0.3167568147 0.9255353212
146.6 -81.7 2406.2 0.9770240784 -0.0199718121 0.2121910155 -0.0487283282 0.9482964873 0.3136228621 -0.2074836046 -0.3167568147 0.9255353212
149.8 -270.5 2468.4 0.9770733714 -0.0162915830 0.2122785598 -0.0513075218 0.9496637583 0.3090408146 -0.2066280246 -0.3128470480 0.9270553589
9.1 -74.5 2435.2 0.0508039929 -0.9221390486 -0.3835081756 0.9740813971 0.1305033267 -0.1847548634 0.2204187661 -0.3641818762 0.9048685431
-5.0 -345.6 2373.9 -0.2314449847 -0.9221390486 -0.3099883497 0.5682199001 0.1305033267 -0.8124623299 0.7896577716 -0.3641818762 0.4937734008
284.0 -88.9 2377.1 -0.0386056155 0.6722102761 0.7393530607 -0.9653050900 0.1661385745 -0.2014548481 -0.2582550645 -0.7214785814 0.6424741149
274.5 -328.5 2313.0 -0.5787184834 0.6722102761 0.4617556334 -0.4898725748 0.1661385745 -0.8558170795 -0.6520044208 -0.7214785814 0.2331499159
63.1 -454.8 2549.2 0.8563514948 0.5149064064 0.0391598381 0.1011718661 -0.0929297209 -0.9905192256 -0.5063855648 0.8521944880 -0.1316745430
-147.2 -416.8 2201.1 0.8563514948 -0.1114567146 0.5042216778 0.1011718661 0.9937184453 0.0478319563 -0.5063855648 0.0100520831 0.8622485399
242.9 -460.7 2514.7 0.9761103392 -0.1234787256 0.1787781417 0.1568111032 -0.1691898108 -0.9730288386 0.1503957957 0.9778178930 -0.1457850933
294.8 -389.5 2103.0 0.9761103392 -0.1580744982 -0.1490673423 0.1568111032 0.9874206781 -0.0202665273 0.1503957957 -0.0035930478 0.9886193275
55.2 -493.4 2168.5 0 0 0 0 0 0 0 0 0
123.8 -456.0 2143.3 0 0 0 0 0 0 0 0 0
-104.6 -796.6 2197.3 0 0 0 0 0 0 0 0 0
355.2 -766.9 2104.4 0 0 0 0 0 0 0 0 0
142.0 107.9 2340.0 60 0.9770115018 -0.0244551934 0.2117793262 -0.0465809889 0.9449071288 0.3240073025 -0.2080354542 -0.3264237642 0.9220460057
147.0 -82.6 2405.9 0.9770115018 -0.0244551934 0.2117793262 -0.0465809889 0.9449071288 0.3240073025 -0.2080354542 -0.3264237642 0.9220460057
151.0 -270.6 2470.2 0.9770804644 -0.0206369907 0.2118675411 -0.0494736955 0.9460207820 0.3203077018 -0.2070412934 -0.3234482706 0.9233174324
9.5 -75.6 2435.0 0.0569691770 -0.9156502485 -0.3979184926 0.9723331928 0.1413257420 -0.1859976947 0.2265449613 -0.3763132393 0.8983683586
-6.5 -348.4 2371.4 -0.2382349521 -0.9156502485 -0.3237726390 0.5632414222 0.1413257420 -0.8141167760 0.7912036180 -0.3763132393 0.4820634127
284.4 -89.5 2376.7 -0.0379871279 0.6724185944 0.7391956449 -0.9658761621 0.1649509072 -0.1996858567 -0.2562034726 -0.7215569615 0.6432070732
275.1 -327.7 2313.5 -0.5721435547 0.6724185944 0.4695795774 -0.5026319027 0.1649509072 -0.8486179113 -0.6480840445 -0.7215569615 0.2436034232
65.4 -454.2 2553.3 0.8562303185 0.5148102641 0.0428955741 0.0984380245 -0.0810790062 -0.9918347597 -0.5071287751 0.8534615636 -0.1200992018
-145.2 -421.1 2204.3 0.8562303185 -0.1150747016 0.5036143661 0.0984380245 0.9933557510 0.0596180260 -0.5071287751 -0.0014719609 0.8618690372
244.9 -461.6 2517.0 0.9743729830 -0.1231775656 0.1882141382 0.1666976213 -0.1663772464 -0.9718695879 0.1510270834 0.9783383608 -0.1415800899
296.7 -391.6 2105.3 0.9743729830 -0.1658197492 -0.1519903988 0.1666976213 0.9859829545 -0.0070385570 0.1510270834 -0.0184782576 0.9883568883
55.4 -494.8 2165.7 0 0 0 0 0 0 0 0 0
126.2 -458.5 2144.9 0 0 0 0 0 0 0 0 0
-101.2 -800.8 2204.8 0 0 0 0 0 0 0 0 0
360.1 -768.4 2112.4 0 0 0 0 0 0 0 0 0
142.5 110.1 2341.9 61 0.9775545597 -0.0249276906 0.2092025131 -0.0438537113 0.9471508861 0.3177766800 -0.2060677856 -0.3198183477 0.9247984886
147.5 -81.0 2406.5 0.9775545597 -0.0249276906 0.2092025131 -0.0438537113 0.9471508861 0.3177766800 -0.2060677856 -0.3198183477 0.9247984886
151.9 -269.4 2469.9 0.9776135683 -0.0221517477 0.2092391551 -0.0462281890 0.9475315213 0.3163020909 -0.2052673250 -0.3188939691 0.9252955914
9.9 -74.5 2435.4 0.0633183718 -0.9123815298 -0.4044140577 0.9737256169 0.1452986002 -0.1753476262 0.2187447250 -0.3826855719 0.8976092935
-7.8 -347.7 2374.0 -0.2444407940 -0.9123815298 -0.3283422589 0.5564986467 0.1452986002 -0.8180449605 0.7940768003 -0.3826855719 0.4722221792
285.1 -87.5 2377.6 -0.0414201021 0.6695394516 0.7416207194 -0.9646772742 0.1664713174 -0.2041692287 -0.2601579428 -0.7238813639 0.6389942169
274.7 -328.4 2312.6 -0.5688025951 0.6695394516 0.4776824713 -0.5118334889 0.1664713174 -0.8428011537 -0.6438090205 -0.7238813639 0.2480033934
66.5 -454.0 2555.3 0.8392429948 0.5384632349 0.0756867826 0.1255281121 -0.0564235821 -0.9904842377 -0.5290688276 0.8407578468 -0.1149453744
-159.5 -430.3 2202.6 0.8392429948 -0.1603520960 0.5195751786 0.1255281121 0.9868528247 0.1018049568 -0.5290688276 -0.0202178098 0.8483380079
246.0 -461.2 2515.2 0.9730514288 -0.1254710853 0.1934629828 0.1702040434 -0.1752184778 -0.9697056413 0.1555683166 0.9765016437 -0.1491409093
298.8 -387.5 2104.4 0.9730514288 -0.1697888225 -0.1560213864 0.1702040434 0.9853497148 -0.0107938694 0.1555683166 -0.0160524826 0.9876946807
55.7 -492.4 2167.5 0 0 0 0 0 0 0 0 0
126.7 -461.6 2145.1 0 0 0 0 0 0 0 0 0
-98.2 -807.1 2210.3 0 0 0 0 0 0 0 0 0
363.7 -764.1 2110.5 0 0 0 0 0 0 0 0 0
141.6 106.4 2339.8 62 0.9798381329 -0.0296596494 0.1975790560 -0.0367886722 0.9452262521 0.3243361413 -0.1963766068 -0.3250655830 0.9250776172
147.5 -84.3 2405.4 0.9798381329 -0.0296596494 0.1975790560 -0.0367886722 0.9452262521 0.3243361413 -0.1963766068 -0.3250655830 0.9250776172
152.8 -272.6 2469.1 0.9798963666 -0.0264890436 0.1977409124 -0.0387497470 0.9470021129 0.3188815117 -0.1957079321 -0.3201332390 0.9269375205
9.6 -78.9 2433.0 0.0767646655 -0.9012010694 -0.4265487492 0.9761969447 0.1549708396 -0.1517351866 0.2028465271 -0.4047476649 0.8916460276
-11.1 -342.5 2378.2 -0.2557837069 -0.9012010694 -0.3498733342 0.5637222528 0.1549708396 -0.8112960458 0.7853609920 -0.4047476649 0.4683880806
285.4 -89.8 2377.9 -0.0380628742 0.6630474329 0.7476090193 -0.9642560482 0.1719547659 -0.2015980631 -0.2622240186 -0.7285599709 0.6328024268
276.0 -327.9 2313.1 -0.5623636842 0.6630474329 0.4940801263 -0.5279557705 0.1719547659 -0.8316816092 -0.6364037991 -0.7285599709 0.2533586323
67.1 -453.5 2553.0 0.8275783658 0.5537722707 0.0919256061 0.1395992339 -0.0444143564 -0.9892114997 -0.5437150598 0.8314828277 -0.1140625402
-166.3 -434.7 2202.5 0.8275783658 -0.1807839721 0.5314425230 0.1395992339 0.9832605124 0.1170934439 -0.5437150598 -0.0227150340 0.8389624357
248.0 -464.0 2515.2 0.9697966576 -0.1338923872 0.2038804144 0.1789966673 -0.1771491617 -0.9677698016 0.1656942517 0.9750338197 -0.1478323787
304.3 -389.5 2105.0 0.9697966576 -0.1781912297 -0.1665601432 0.1789966673 0.9837958813 -0.0102870828 0.1656942517 -0.0198373329 0.9859776497
55.4 -489.1 2174.0 0 0 0 0 0 0 0 0 0
129.7 -465.3 2147.5 0 0 0 0 0 0 0 0 0
-97.3 -810.3 2211.2 0 0 0 0 0 0 0 0 0
372.4 -765.6 2112.6 0 0 0 0 0 0 0 0 0
142.3 105.1 2339.8 63 0.9783991575 -0.0282296594 0.2047880292 -0.0403503738 0.9454994202 0.3231140971 -0.2027483582 -0.3243978322 0.9239367843
147.9 -85.0 2405.1 0.9783991575 -0.0282296594 0.2047880292 -0.0403503738 0.9454994202 0.3231140971 -0.2027483582 -0.3243978322 0.9239367843
152.9 -273.0 2469.5 0.9784843326 -0.0248402413 0.2048204690 -0.0433840938 0.9457594752 0.3219577968 -0.2017084062 -0.3239165843 0.9243331552
10.2 -78.9 2433.4 0.0682081804 -0.9081069231 -0.4131458700 0.9741175771 0.1500704885 -0.1690377891 0.2155053765 -0.3909229040 0.8948389292
-8.5 -347.0 2374.1 -0.2495575547 -0.9081069231 -0.3362482488 0.5556997061 0.1500704885 -0.8177264929 0.7930440307 -0.3909229040 0.4671835303
285.6 -91.1 2376.7 -0.0437122881 0.6627523303 0.7475617528 -0.9640173912 0.1684200317 -0.2056822330 -0.2622207701 -0.7296533585 0.6315427423
274.8 -329.9 2311.7 -0.5545193553 0.6627523303 0.5032570362 -0.5444533229 0.1684200317 -0.8217087388 -0.6293479204 -0.7296533585 0.2674455643
68.4 -457.3 2551.2 0.8218290806 0.5628187656 0.0884985402 0.1388678253 -0.0472341925 -0.9891838431 -0.5525510907 0.8252296448 -0.1169758514
-170.1 -437.2 2201.5 0.8218290806 -0.1867243350 0.5382666588 0.1388678253 0.9819248915 0.1286047697 -0.5525510907 -0.0309432205 0.8329044580
247.6 -464.8 2515.5 0.9713408351 -0.1285956502 0.1999002844 0.1764263958 -0.1735140830 -0.9688996673 0.1592817903 0.9763995409 -0.1458536536
301.7 -391.8 2104.8 0.9713408351 -0.1749565601 -0.1608949006 0.1764263958 0.9843000174 -0.0052181417 0.1592817903 -0.0233175121 0.9869577289
56.4 -491.5 2167.9 0 0 0 0 0 0 0 0 0
130.5 -471.5 2148.0 0 0 0 0 0 0 0 0 0
-98.7 -812.5 2213.3 0 0 0 0 0 0 0 0 0
368.6 -768.1 2113.7 0 0 0 0 0 0 0 0 0
141.5 105.1 2339.3 64 0.9763939977 -0.0344831795 0.2132267058 -0.0377475135 0.9447416663 0.3256353140 -0.2126730829 -0.3259971440 0.9211384654
148.5 -84.5 2404.7 0.9763939977 -0.0344831795 0.2132267058 -0.0377475135 0.9447416663 0.3256353140 -0.2126730829 -0.3259971440 0.9211384654
154.9 -272.4 2469.2 0.9764491916 -0.0324130766 0.2132987976 -0.0393061936 0.9453778267 0.3235982060 -0.2121367604 -0.3243611455 0.9218393564
11.1 -79.0 2434.6 0.0680088475 -0.9094549417 -0.4102030694 0.9731146097 0.1511531174 -0.1737835407 0.2200517654 -0.3873557746 0.8952835798
-7.8 -348.9 2373.6 -0.2480907589 -0.9094549417 -0.3336805701 0.5503374934 0.1511531174 -0.8211463690 0.7972324491 -0.3873557746 0.4630074799
285.9 -90.0 2374.9 -0.0490294322 0.6682717800 0.7422997952 -0.9652930498 0.1591737270 -0.2070579529 -0.2565256059 -0.7266888022 0.6372739077
273.7 -330.5 2311.0 -0.5608621836 0.6682717800 0.4887191951 -0.5339360833 0.1591737270 -0.8304071426 -0.6327288747 -0.7266888022 0.2675398886
68.2 -457.0 2552.6 0.8199310303 0.5655491352 0.0886975080 0.1394871771 -0.0471027270 -0.9891029596 -0.5552084446 0.8233683705 -0.1175078452
-172.5 -437.0 2202.2 0.8199310303 -0.1912980229 0.5395536423 0.1394871771 0.9808685780 0.1357943714 -0.5552084446 -0.0360812098 0.8309282660
251.0 -463.9 2514.3 0.9721354246 -0.1174770594 0.2028593272 0.1810071468 -0.1737187207 -0.9680176973 0.1489603370 0.9777632356 -0.1476139277
300.4 -390.8 2103.1 0.9721354246 -0.1796838790 -0.1505538821 0.1810071468 0.9834691882 -0.0049822484 0.1489603370 -0.0224079099 0.9885892272
56.7 -492.0 2166.2 0 0 0 0 0 0 0 0 0
127.7 -469.5 2146.3 0 0 0 0 0 0 0 0 0
-99.4 -811.9 2216.0 0 0 0 0 0 0 0 0 0
369.1 -766.8 2111.6 0 0 0 0 0 0 0 0 0
141.6 107.3 2339.0 65 0.9776166081 -0.0329125784 0.2078041136 -0.0368147865 0.9456906319 0.3229765892 -0.2071483880 -0.3233975470 0.9233111739
148.2 -82.6 2404.0 0.9776166081 -0.0329125784 0.2078041136 -0.0368147865 0.9456906319 0.3229765892 -0.2071483880 -0.3233975470 0.9233111739
154.6 -270.7 2468.1 0.9776418805 -0.0319036208 0.2078426480 -0.0375518277 0.9460451007 0.3218516707 -0.2068967670 -0.3224605322 0.9236952662
10.6 -77.3 2433.1 0.0680066496 -0.9093793035 -0.4103710353 0.9752303958 0.1473674178 -0.1649500728 0.2104775012 -0.3889885843 0.8968762755
-8.2 -347.5 2374.8 -0.2497941703 -0.9093793035 -0.3326141238 0.5542846322 0.1473674178 -0.8191772699 0.7939593792 -0.3889885843 0.4672434330
285.8 -87.9 2374.9 -0.0481438041 0.6649826765 0.7453054786 -0.9657441974 0.1594976187 -0.2046915889 -0.2549908161 -0.7296290398 0.6345243454
273.8 -329.2 2311.2 -0.5655639172 0.6649826765 0.4877863526 -0.5305103064 0.1594976187 -0.8325378895 -0.6314240098 -0.7296290398 0.2625740469
71.8 -456.8 2553.3 0.8125152588 0.5746206045 0.0981334373 0.1505455077 -0.0442075208 -0.9876141548 -0.5631651878 0.8172250986 -0.1224258319
-175.4 -437.7 2201.7 0.8125152588 -0.2048042268 0.5457785726 0.1505455077 0.9782126546 0.1429546177 -0.5631651878 -0.0339882933 0.8256450295
250.6 -462.1 2513.3 0.9710251093 -0.1226137802 0.2051247358 0.1820917577 -0.1762649864 -0.9673537612 0.1547672004 0.9766762853 -0.1488307565
302.2 -388.0 2102.5 0.9710251093 -0.1809797138 -0.1560661346 0.1820917577 0.9832547307 -0.0072629168 0.1547672004 -0.0213658810 0.9877198935
56.8 -491.7 2168.3 0 0 0 0 0 0 0 0 0
126.6 -467.2 2146.8 0 0 0 0 0 0 0 0 0
-97.1 -811.7 2214.6 0 0 0 0 0 0 0 0 0
371.4 -763.9 2110.6 0 0 0 0 0 0 0 0 0
140.3 107.7 2339.9 66 0.9767135382 -0.0334199630 0.2119286954 -0.0381988361 0.9449231029 0.3250555992 -0.2111196816 -0.3255816400 0.9216426015
147.0 -82.5 2405.4 0.9767135382 -0.0334199630 0.2119286954 -0.0381988361 0.9449231029 0.3250555992 -0.2111196816 -0.3255816400 0.9216426015
153.3 -270.3 2470.1 0.9767593145 -0.0319546610 0.2119436711 -0.0395225734 0.9450174570 0.3246228099 -0.2106636763 -0.3254549205 0.9217916727
9.5 -76.9 2435.1 0.0672667995 -0.9065885544 -0.4166201055 0.9743180275 0.1496234685 -0.1682772189 0.2148943543 -0.3946010172 0.8933702707
-9.1 -347.0 2375.5 -0.2536465228 -0.9065885544 -0.3372841179 0.5541149378 0.1496234685 -0.8188830614 0.7928556800 -0.3946010172 0.4644027948
284.5 -88.0 2375.8 -0.0381308235 0.6569865346 0.7529374361 -0.9658908248 0.1688960493 -0.1962880790 -0.2561267912 -0.7347399592 0.6281371117
275.0 -327.5 2312.3 -0.5686171055 0.6569865346 0.4950184822 -0.5289079547 0.1688960493 -0.8317033648 -0.6300245523 -0.7347399592 0.2514481843
71.3 -455.3 2551.2 0.8066357374 0.5802976489 0.1122203618 0.1675448716 -0.0424197465 -0.9849514365 -0.5668046474 0.8132989407 -0.1314431727
-178.5 -437.0 2201.2 0.8066357374 -0.2221516073 0.5477110744 0.1675448716 0.9746082425 0.1485511512 -0.5668046474 -0.0280604921 0.8233742118
249.3 -461.8 2515.5 0.9718496203 -0.1189703345 0.2033577114 0.1813899279 -0.1729990691 -0.9680749178 0.1503528953 0.9777102470 -0.1465490609
299.4 -389.0 2104.3 0.9718496203 -0.1798398793 -0.1522035301 0.1813899279 0.9834040999 -0.0037551499 0.1503528953 -0.0239587445 0.9883420467
56.9 -491.1 2169.3 0 0 0 0 0 0 0 0 0
127.0 -465.2 2148.3 0 0 0 0 0 0 0 0 0
-93.6 -809.5 2211.9 0 0 0 0 0 0 0 0 0
368.1 -765.0 2113.5 0 0 0 0 0 0 0 0 0
141.3 108.2 2340.8 67 0.9742121696 -0.0221469812 0.2245443910 -0.0527428389 0.9452484250 0.3220615387 -0.2193829268 -0.3255993724 0.9197043777
145.7 -81.9 2406.3 0.9742121696 -0.0221469812 0.2245443910 -0.0527428389 0.9452484250 0.3220615387 -0.2193829268 -0.3255993724 0.9197043777
149.7 -270.0 2470.7 0.9742491841 -0.0197997969 0.2246029675 -0.0544123724 0.9460495710 0.3194205463 -0.2188100070 -0.3234163821 0.9206106663
8.6 -74.3 2437.1 0.0772042125 -0.8954023719 -0.4385134876 0.9753488898 0.1590230614 -0.1529909223 0.2067221999 -0.4158920944 0.8856069446
-12.7 -344.3 2379.9 -0.2671159506 -0.8954023719 -0.3562353551 0.5554521680 0.1590230614 -0.8162013292 0.7874782085 -0.4158920944 0.4548755884
282.8 -89.6 2375.6 -0.0312197488 0.6473717093 0.7615347505 -0.9654380679 0.1777126491 -0.1906503588 -0.2587560117 -0.7411667109 0.6194491386
275.1 -328.3 2311.6 -0.5678653121 0.6473717093 0.5083687901 -0.5361508727 0.1777126491 -0.8252032995 -0.6245568395 -0.7411667109 0.2461720407
70.1 -454.6 2554.2 0.8132797480 0.5713765025 0.1100224480 0.1590494514 -0.0364097096 -0.9865990281 -0.5597136021 0.8198800087 -0.1204883978
-175.0 -439.0 2202.5 0.8132797480 -0.2076028436 0.5435780287 0.1590494514 0.9779245257 0.1355246305 -0.5597136021 -0.0237636548 0.8283452988
243.0 -463.0 2514.9 0.9757733941 -0.1136238500 0.1869650781 0.1658535153 -0.1731634140 -0.9708279967 0.1426847279 0.9783169627 -0.1501233429
290.8 -390.2 2103.4 0.9757733941 -0.1645852625 -0.1441458166 0.1658535153 0.9861450195 -0.0032569934 0.1426847279 -0.0207290035 0.9895511270
56.7 -488.7 2175.1 0 0 0 0 0 0 0 0 0
127.3 -467.9 2149.0 0 0 0 0 0 0 0 0 0
-95.7 -812.7 2211.6 0 0 0 0 0 0 0 0 0
353.7 -767.2 2111.3 0 0 0 0 0 0 0 0 0
138.9 107.3 2341.8 68 0.9728842974 -0.0212915745 0.2303102762 -0.0552019067 0.9456033111 0.3206042647 -0.2246083319 -0.3246244192 0.9187873006
143.1 -82.6 2407.0 0.9728842974 -0.0212915745 0.2303102762 -0.0552019067 0.9456033111 0.3206042647 -0.2246083319 -0.3246244192 0.9187873006
146.7 -270.7 2471.2 0.9729373455 -0.0181296710 0.2303567827 -0.0577476285 0.9462051988 0.3183722794 -0.2237367630 -0.3230588436 0.9195514321
6.2 -74.4 2438.5 0.0710534006 -0.8927611113 -0.4448921680 0.9740332961 0.1582221836 -0.1619408727 0.2149663121 -0.4218333364 0.8808212876
-13.3 -341.4 2379.6 -0.2652071416 -0.8927611113 -0.3642015755 0.5723322630 0.1582221836 -0.8046126962 0.7759516835 -0.4218333364 0.4689943194
280.0 -90.7 2375.5 -0.0254593678 0.6399832368 0.7679669857 -0.9642143250 0.1870763004 -0.1878648400 -0.2638987601 -0.7452676892 0.6123181581
273.8 -329.1 2310.2 -0.5751746893 0.6399832368 0.5095051527 -0.5264959931 0.1870763004 -0.8293397427 -0.6260799170 -0.7452676892 0.2293470800
64.2 -453.1 2555.1 0.8211224675 0.5601985455 0.1092498526 0.1535697579 -0.0324957184 -0.9876033664 -0.5497037768 0.8277207613 -0.1127125174
-175.4 -439.2 2201.0 0.8211224675 -0.2065748572 0.5320571065 0.1535697579 0.9777898788 0.1426298767 -0.5497037768 -0.0354087204 0.8346088529
239.6 -464.1 2514.9 0.9770494699 -0.1092977822 0.1828342974 0.1624226272 -0.1730603576 -0.9714262486 0.1378161013 0.9788279533 -0.1513360888
285.6 -391.3 2103.2 0.9770494699 -0.1612613797 -0.1391731054 0.1624226272 0.9867165685 -0.0030490290 0.1378161013 -0.0196258090 0.9902634025
55.7 -490.2 2177.8 0 0 0 0 0 0 0 0 0
124.1 -466.2 2147.3 0 0 0 0 0 0 0 0 0
-96.4 -812.9 2214.5 0 0 0 0 0 0 0 0 0
347.2 -768.5 2110.7 0 0 0 0 0 0 0 0 0
138.0 109.3 2340.3 69 0.9749514461 -0.0197703503 0.2215374261 -0.0547006913 0.9441357851 0.3249853253 -0.2155864835 -0.3289631605 0.9194051027
142.0 -80.6 2406.5 0.9749514461 -0.0197703503 0.2215374261 -0.0547006913 0.9441357851 0.3249853253 -0.2155864835 -0.3289631605 0.9194051027
145.5 -268.4 2471.6 0.9749793410 -0.0179894697 0.2215664685 -0.0560954139 0.9445529580 0.3235321343 -0.2151014358 -0.3278660178 0.9199104309
4.7 -72.7 2436.7 0.0664464161 -0.8978332877 -0.4352933466 0.9752332568 0.1506758332 -0.1619161516 0.2109618932 -0.4137538075 0.8856087327
-13.6 -342.1 2378.4 -0.2625450194 -0.8978332877 -0.3535046279 0.5711652637 0.1506758332 -0.8068872094 0.7777147889 -0.4137538075 0.4732519984
279.2 -88.5 2376.2 -0.0201430153 0.6504877806 0.7592495680 -0.9666467309 0.1812595129 -0.1809395403 -0.2553201616 -0.7375707626 0.6251407266
274.2 -327.7 2313.0 -0.5762966871 0.6504877806 0.4947199523 -0.5147498250 0.1812595129 -0.8379603624 -0.6347556710 -0.7375707626 0.2303792089
61.1 -453.5 2556.0 0.8253939748 0.5534262657 0.1115532741 0.1566541791 -0.0346810147 -0.9870443940 -0.5423874855 0.8321758509 -0.1153220385
-174.8 -438.7 2201.3 0.8253939748 -0.2109076083 0.5236818790 0.1566541791 0.9767336249 0.1464612931 -0.5423874855 -0.0388513058 0.8392296433
238.6 -461.3 2517.1 0.9753742218 -0.1172292680 0.1868220419 0.1658448130 -0.1685782224 -0.9716361761 0.1453983188 0.9786923528 -0.1449849755
287.9 -390.4 2105.4 0.9753742218 -0.1638204008 -0.1476754993 0.1658448130 0.9861508608 0.0014161690 0.1453983188 -0.0258725118 0.9890348315
54.7 -490.7 2176.2 0 0 0 0 0 0 0 0 0
124.2 -461.7 2147.8 0 0 0 0 0 0 0 0 0
-94.2 -812.1 2216.2 0 0 0 0 0 0 0 0 0
350.5 -767.4 2115.3 0 0 0 0 0 0 0 0 0
137.0 109.4 2340.0 70 0.9761081934 -0.0212328434 0.2162450403 -0.0519594662 0.9435310364 0.3271839619 -0.2109809518 -0.3306029141 0.9198851585
141.3 -80.2 2406.5 0.9761081934 -0.0212328434 0.2162450403 -0.0519594662 0.9435310364 0.3271839619 -0.2109809518 -0.3306029141 0.9198851585
145.2 -267.8 2472.3 0.9761438966 -0.0195489414 0.2162426263 -0.0536117293 0.9433999658 0.3272954822 -0.2104015648 -0.3310806453 0.9198460579
3.9 -72.7 2436.1 0.0653540418 -0.8992220163 -0.4325836301 0.9758438468 0.1481594890 -0.1605537832 0.2084648609 -0.4116412699 0.8871831298
-14.1 -341.2 2378.7 -0.2608096004 -0.8992220163 -0.3512521982 0.5738914013 0.1481594890 -0.8054175377 0.7762905359 -0.4116412699 0.4774143696
278.7 -87.8 2376.9 -0.0158496536 0.6451226473 0.7639145851 -0.9677938223 0.1820796132 -0.1738451868 -0.2512447536 -0.7420672178 0.6214598417
274.8 -326.3 2314.9 -0.5795753002 0.6451226473 0.4979048371 -0.5162575841 0.1820796132 -0.8368542790 -0.6305320263 -0.7420672178 0.2275206298
59.6 -451.0 2556.6 0.8271291256 0.5499995947 0.1155763119 0.1573165953 -0.0291521978 -0.9871178269 -0.5395451188 0.8346560001 -0.1106366962
-175.2 -438.5 2200.2 0.8271291256 -0.2089167237 0.5217386484 0.1573165953 0.9772954583 0.1419335455 -0.5395451188 -0.0353192203 0.8412155509
238.6 -460.2 2518.8 0.9741415381 -0.1212184206 0.1906682253 0.1695275754 -0.1657234579 -0.9714916945 0.1493608803 0.9786939621 -0.1408882439
289.6 -390.5 2107.2 0.9741415381 -0.1669226885 -0.1522665173 0.1695275754 0.9855164886 0.0041952063 0.1493608803 -0.0299000982 0.9883305430
53.8 -490.5 2176.8 0 0 0 0 0 0 0 0 0
123.9 -460.6 2150.8 0 0 0 0 0 0 0 0 0
-95.3 -812.2 2213.7 0 0 0 0 0 0 0 0 0
353.4 -767.3 2118.6 0 0 0 0 0 0 0 0 0
137.8 111.5 2339.9 71 0.9745350480 -0.0203794483 0.2233071774 -0.0550000966 0.9437162280 0.3261513412 -0.2173853815 -0.3301278353 0.9185636640
141.9 -78.5 2406.4 0.9745350480 -0.0203794483 0.2233071774 -0.0550000966 0.9437162280 0.3261513412 -0.2173853815 -0.3301278353 0.9185636640
145.4 -266.0 2472.4 0.9745866060 -0.0180265363 0.2232844383 -0.0575339161 0.9431781173 0.3272687495 -0.2164965123 -0.3317981958 0.9181716442
4.7 -70.4 2436.9 0.0650439262 -0.8989583850 -0.4331779182 0.9742170572 0.1511847228 -0.1674643755 0.2160333842 -0.4111167789 0.8856142163
-13.5 -342.7 2376.5 -0.2633162439 -0.8989583850 -0.3500548303 0.5635288358 0.1511847228 -0.8121443391 0.7830069065 -0.4111167789 0.4667795599
279.0 -86.6 2375.9 -0.0145323509 0.6541526914 0.7562229037 -0.9705507755 0.1726498604 -0.1679977626 -0.2404579669 -0.7363941073 0.6323793530
275.5 -325.2 2316.8 -0.5791804790 0.6541526914 0.4864506721 -0.5118252039 0.1726498604 -0.8415622711 -0.6344958544 -0.7363941073 0.2348163873
59.5 -450.4 2557.4 0.8256288171 0.5511949062 0.1205038056 0.1636477560 -0.0295473803 -0.9860762358 -0.5399596691 0.8338531852 -0.1145969853
-176.0 -437.8 2201.2 0.8256288171 -0.2110780925 0.5232428312 0.1636477560 0.9771068096 0.1359474510 -0.5399596691 -0.0266146213 0.8412700295
238.4 -458.8 2518.5 0.9757032990 -0.1156738400 0.1860714406 0.1659380198 -0.1644060910 -0.9723349214 0.1430649906 0.9795867205 -0.1412168890
287.1 -389.7 2106.4 0.9757032990 -0.1633494496 -0.1460136026 0.1659380198 0.9861200452 0.0056440085 0.1430649906 -0.0297360849 0.9892664552
55.0 -489.3 2172.8 0 0 0 0 0 0 0 0 0
124.7 -458.4 2151.7 0 0 0 0 0 0 0 0 0
-95.3 -811.3 2211.4 0 0 0 0 0 0 0 0 0
349.6 -766.7 2117.8 0 0 0 0 0 0 0 0 0
138.7 113.3 2346.8 72 0.9734033942 -0.0181135740 0.2283806205 -0.0545812584 0.9498291016 0.3079700172 -0.2225009948 -0.3122443557 0.9235782623
142.3 -77.7 2409.6 0.9734033942 -0.0181135740 0.2283806205 -0.0545812584 0.9498291016 0.3079700172 -0.2225009948 -0.3122443557 0.9235782623
145.6 -266.4 2472.0 0.9734407067 -0.0162655748 0.2283606976 -0.0566421375 0.9493509531 0.3090702593 -0.2218216509 -0.3137964308 0.9232155681
5.3 -69.7 2440.8 0.0690596029 -0.9358029962 -0.3456929028 0.9756892323 0.1356036365 -0.1721689403 0.2079934180 -0.3253989220 0.9224176407
-14.4 -348.0 2381.5 -0.2114663869 -0.9358029962 -0.2820545435 0.5226044655 0.1356036365 -0.8417221904 0.8259337544 -0.3253989220 0.4603792131
279.3 -85.6 2378.4 -0.0124929072 0.6520924568 0.7580365539 -0.9687612653 0.1798867881 -0.1707113683 -0.2476803511 -0.7364891171 0.6294745803
276.3 -324.1 2317.4 -0.5816411972 0.6520924568 0.4862807393 -0.5043922663 0.1798867881 -0.8445289731 -0.6381864548 -0.7364891171 0.2242808342
59.6 -448.3 2558.2 0.8260949254 0.5509493351 0.1184143722 0.1586107016 -0.0256859772 -0.9870070219 -0.5407493114 0.8341432810 -0.1086055189
-175.6 -437.3 2202.2 0.8260949254 -0.2068376243 0.5241997242 0.1586107016 0.9779413342 0.1359168291 -0.5407493114 -0.0291365217 0.8406790495
238.4 -458.1 2518.3 0.9807969928 -0.1099627987 0.1610759944 0.1413923949 -0.1679552943 -0.9756019711 0.1343334913 0.9796423912 -0.1491821408
284.6 -387.4 2105.9 0.9807969928 -0.1444349736 -0.1310565919 0.1413923949 0.9894271493 -0.0322811939 0.1343334913 0.0131308911 0.9908491969
40.6 -483.8 2166.8 0 0 0 0 0 0 0 0 0
124.9 -455.4 2151.3 0 0 0 0 0 0 0 0 0
-96.5 -811.2 2213.3 0 0 0 0 0 0 0 0 0
339.8 -765.3 2100.8 0 0 0 0 0 0 0 0 0
138.2 111.4 2350.3 73 0.9746727347 -0.0138270883 0.2232081294 -0.0547167622 0.9530072808 0.2979651988 -0.2168389559 -0.3026317656 0.9281136394
141.0 -79.9 2411.1 0.9746727347 -0.0138270883 0.2232081294 -0.0547167622 0.9530072808 0.2979651988 -0.2168389559 -0.3026317656 0.9281136394
143.4 -269.3 2471.2 0.9746952653 -0.0120520471 0.2232125849 -0.0563771948 0.9530130029 0.2976370752 -0.2163116336 -0.3026895523 0.9282178283
3.8 -72.0 2441.5 0.0790892690 -0.9485730529 -0.3065192103 0.9760882258 0.1361425072 -0.1694608778 0.2024763227 -0.2857872546 0.9366584420
-18.7 -349.9 2383.8 -0.1853879839 -0.9485730529 -0.2565939128 0.4928697944 0.1361425072 -0.8593861461 0.8501238823 -0.2857872546 0.4422838092
278.2 -87.8 2380.6 -0.0039470736 0.6459625959 0.7633588910 -0.9657895565 0.1954772621 -0.1704087704 -0.2592969835 -0.7379166484 0.6230923533
277.2 -322.5 2317.6 -0.5813168883 0.6459625959 0.4947757125 -0.5005724430 0.1954772621 -0.8433361650 -0.6414809823 -0.7379166484 0.2097168416
59.5 -449.9 2554.7 0.8363966942 0.5421636105 0.0806180313 0.1316691041 -0.0559589192 -0.9897130132 -0.5320750475 0.8384075761 -0.1181900501
-167.6 -426.5 2203.6 0.8363966942 -0.1660610288 0.5223641992 0.1316691041 0.9859681129 0.1026166603 -0.5320750475 -0.0170490034 0.8465255499
235.3 -462.9 2513.7 0.9816470146 -0.1170842648 0.1505337954 0.1282936186 -0.1785910875 -0.9755234122 0.1411024332 0.9769321680 -0.1602922380
284.2 -388.3 2105.9 0.9816470146 -0.1345609277 -0.1351388395 0.1282936186 0.9902594686 -0.0541012697 0.1411024332 0.0357708968 0.9893485308
29.8 -478.8 2161.5 0 0 0 0 0 0 0 0 0
125.9 -452.8 2150.7 0 0 0 0 0 0 0 0 0
-104.2 -803.1 2210.1 0 0 0 0 0 0 0 0 0
335.6 -766.6 2092.2 0 0 0 0 0 0 0 0 0
138.3 114.3 2351.5 74 0.9728710055 -0.0103057269 0.2311185002 -0.0580402948 0.9561851025 0.2869519293 -0.2239493132 -0.2925814092 0.9296466112
140.4 -77.7 2410.3 0.9728710055 -0.0103057269 0.2311185002 -0.0580402948 0.9561851025 0.2869519293 -0.2239493132 -0.2925814092 0.9296466112
142.0 -267.7 2468.7 0.9728927612 -0.0082248747 0.2311104387 -0.0602825843 0.9557963014 0.2877835929 -0.2232614905 -0.2939145267 0.9293915033
3.4 -69.2 2441.7 0.0853486285 -0.9279091358 -0.3629052341 0.9720053673 0.1575697809 -0.1742910147 0.2189091295 -0.3378703594 0.9153810143
-20.7 -344.3 2379.8 -0.2124057561 -0.9279091358 -0.3063794971 0.5213570595 0.1575697809 -0.8386647701 0.8264808655 -0.3378703594 0.4503032863
277.3 -86.2 2378.9 -0.0015880963 0.6467492580 0.7627010345 -0.9683693051 0.1893121004 -0.1625477374 -0.2495161742 -0.7388344407 0.6259915233
276.9 -322.9 2317.9 -0.5809510946 0.6467492580 0.4941772819 -0.5053760409 0.1893121004 -0.8418764472 -0.6380367279 -0.7388344407 0.2168705016
56.3 -453.6 2551.2 0.8422840238 0.5349770784 0.0660089403 0.1191249937 -0.0653114393 -0.9907288551 -0.5257060528 0.8423383832 -0.1187399253
-162.0 -426.9 2207.4 0.8422840238 -0.1453434527 0.5190692544 0.1191249937 0.9893431664 0.0837219208 -0.5257060528 -0.0086835083 0.8506219387
233.0 -462.7 2507.7 0.9839584827 -0.1121110171 0.1387691647 0.1163210049 -0.1865847707 -0.9755283594 0.1352596879 0.9760211110 -0.1705508083
279.5 -385.1 2102.1 0.9839584827 -0.1242212430 -0.1280423403 0.1163210049 0.9909179211 -0.0674621835 0.1352596879 0.0514859706 0.9894715548
35.0 -481.1 2163.0 0 0 0 0 0 0 0 0 0
125.7 -454.4 2151.8 0 0 0 0 0 0 0 0 0
-106.5 -804.9 2210.7 0 0 0 0 0 0 0 0 0
327.0 -763.7 2082.4 0 0 0 0 0 0 0 0 0
138.0 115.7 2352.2 75 0.9686537385 -0.0087416787 0.2482610345 -0.0628140420 0.9582846761 0.2788277864 -0.2403421551 -0.2856818438 0.9276968837
139.7 -77.2 2409.7 0.9686537385 -0.0087416787 0.2482610345 -0.0628140420 0.9582846761 0.2788277864 -0.2403421551 -0.2856818438 0.9276968837
140.7 -267.7 2466.3 0.9686779380 -0.0048524910 0.2482730001 -0.0662297159 0.9585439563 0.2771408558 -0.2393254191 -0.2849032879 0.9281990528
3.4 -67.9 2443.3 0.0817031786 -0.9130784273 -0.3995151222 0.9690074921 0.1665395498 -0.1824528873 0.2331288606 -0.3722261786 0.8983866572
-19.7 -342.3 2377.3 -0.2320505232 -0.9130784273 -0.3353211880 0.5383972526 0.1665395498 -0.8260707855 0.8101117015 -0.3722261786 0.4529533386
276.1 -86.5 2376.0 0.0105688600 0.6578998566 0.7530312538 -0.9707325101 0.1874458641 -0.1501412690 -0.2399305105 -0.7294051051 0.6406258941
