126.9 109.9 2345.6 2 0.9685274363 -0.0361343995 0.2462700009 -0.0497444682 0.9413464069 0.3337551057 -0.2438854128 -0.3355015516 0.9099223018
134.2 -79.8 2413.2 0.9685274363 -0.0361343995 0.2462700009 -0.0497444682 0.9413464069 0.3337551057 -0.2438854128 -0.3355015516 0.9099223018
140.9 -267.2 2479.1 0.9685737491 -0.0336401649 0.2464411706 -0.0509948991 0.9429057240 0.3291326165 -0.2434428632 -0.3313564360 0.9115582705
-2.1 -72.6 2447.5 -0.3029206693 -0.7915996909 0.5306684375 0.9239001274 -0.3805135489 -0.0402246714 0.2337683737 0.4780997634 0.8466244340
95.3 -369.7 2372.3 0.3086402118 -0.7915996909 0.5273624659 0.4262929559 -0.3805135489 -0.8206605315 0.8503031731 0.4780997634 0.2200115919
270.5 -86.9 2379.0 0.0441685468 0.6925392747 0.7200267315 -0.9744667411 0.1886855811 -0.1217057481 -0.2201446742 -0.6962665319 0.6831904650
280.8 -313.6 2327.7 -0.5500878096 0.6925392747 0.4666827023 -0.4862789512 0.1886855811 -0.8531884551 -0.6789228320 -0.6962665319 0.2329736203
61.1 -449.0 2567.4 0.8607080579 0.5079627633 0.0339933336 0.1025884226 -0.1076521799 -0.9888815284 -0.4986554980 0.8546255827 -0.1447681934
-155.6 -403.1 2202.9 0.8607080579 -0.1120184362 0.4966221452 0.1025884226 0.9936444163 0.0463286266 -0.4986554980 0.0110722594 0.8667295575
238.6 -457.4 2521.9 0.9819664955 -0.0803296566 0.1711400598 0.1521013677 -0.2019431293 -0.9675143957 0.1122806594 0.9760974050 -0.1860831380
273.6 -369.6 2097.5 0.9819664955 -0.1588516086 -0.1025082469 0.1521013677 0.9858359098 -0.0706593245 0.1122806594 0.0537934452 0.9922193885
15.3 -480.2 2151.9 0 0 0 0 0 0 0 0 0
137.8 -440.0 2151.2 0 0 0 0 0 0 0 0 0
-112.8 -782.8 2198.6 0 0 0 0 0 0 0 0 0
334.3 -746.4 2077.0 0 0 0 0 0 0 0 0 0
127.3 109.4 2349.2 3 0.9649461508 -0.0332882777 0.2603282928 -0.0552722141 0.9439004064 0.3255717456 -0.2565616965 -0.3285481036 0.9089731574
134.0 -80.6 2415.3 0.9649461508 -0.0332882777 0.2603282928 -0.0552722141 0.9439004064 0.3255717456 -0.2565616965 -0.3285481036 0.9089731574
140.1 -268.6 2479.7 0.9649787545 -0.0308668725 0.2605056465 -0.0562331229 0.9456294775 0.3203477561 -0.2562299669 -0.3237778246 0.9107766747
-1.8 -72.7 2451.4 -0.2991560996 -0.7949209809 0.5278316736 0.9222372174 -0.3828507364 -0.0538868159 0.2449165136 0.4706654847 0.8476378322
95.0 -371.0 2372.2 0.2988457978 -0.7949209809 0.5280074477 0.4280495346 -0.3828507364 -0.8186567426 0.8529154658 0.4706654847 0.2258522213
269.8 -88.5 2379.3 0.0518856607 0.6850109100 0.7266828418 -0.9739121795 0.1956760585 -0.1149169207 -0.2209137678 -0.7017627358 0.6772932410
281.7 -312.8 2328.4 -0.5519374013 0.6850109100 0.4755261540 -0.4893448949 0.1956760585 -0.8498543501 -0.6752086282 -0.7017627358 0.2272056490
58.9 -450.9 2567.6 0.8573701382 0.5137829781 0.0307151601 0.1063583046 -0.1184644625 -0.9872456789 -0.5035914183 0.8497018218 -0.1562129855
-159.8 -400.5 2205.9 0.8573701382 -0.1101544946 0.5027747154 0.1063583046 0.9936637878 0.0363345593 -0.5035914183 0.0223220978 0.8636535406
235.9 -460.8 2520.2 0.9837546349 -0.0729412064 0.1640316248 0.1453974247 -0.2121845335 -0.9663525820 0.1052918956 0.9745036364 -0.1981320530
267.7 -368.3 2095.4 0.9837546349 -0.1525688022 -0.0946020782 0.1453974247 0.9862467647 -0.0785934180 0.1052918956 0.0635617450 0.9924079180
17.4 -482.2 2150.7 0 0 0 0 0 0 0 0 0
138.2 -440.0 2152.9 0 0 0 0 0 0 0 0 0
-117.7 -780.3 2197.4 0 0 0 0 0 0 0 0 0
326.0 -745.3 2071.1 0 0 0 0 0 0 0 0 0
127.0 108.8 2350.5 4 0.9640291929 -0.0328820758 0.2637546062 -0.0555660687 0.9454596043 0.3209649622 -0.2599233389 -0.3240754008 0.9096235633
133.6 -81.5 2415.7 0.9640291929 -0.0328820758 0.2637546062 -0.0555660687 0.9454596043 0.3209649622 -0.2599233389 -0.3240754008 0.9096235633
139.5 -269.6 2479.7 0.9641053081 -0.0297489539 0.2638484538 -0.0578645319 0.9462792873 0.3181308210 -0.2591383755 -0.3219790757 0.9105914235
-2.1 -73.4 2452.2 -0.2960343063 -0.7945152521 0.5301973224 0.9210011959 -0.3845830560 -0.0620696284 0.2532201707 0.4699376523 0.8455992937
93.7 -371.4 2370.2 0.2995922565 -0.7945152521 0.5281950235 0.4248897433 -0.3845830560 -0.8194904327 0.8542324901 0.4699376523 0.2223632932
269.3 -89.7 2379.2 0.0528449528 0.6760382652 0.7349691987 -0.9722819924 0.2026983798 -0.1165377647 -0.2277610451 -0.7084388733 0.6680114269
281.6 -315.5 2326.3 -0.5597568750 0.6760382652 0.4792123735 -0.4839807749 0.2026983798 -0.8512790203 -0.6726327538 -0.7084388733 0.2137276977
57.8 -451.9 2567.7 0.8593502641 0.5106683969 0.0271096714 0.0972470641 -0.1111423150 -0.9890350699 -0.5020559430 0.8525638580 -0.1451711804
-156.6 -405.3 2209.9 0.8593502641 -0.1078490764 0.4998857379 0.0972470641 0.9941353798 0.0473054014 -0.5020559430 0.0079605132 0.8647984862
234.4 -462.6 2519.8 0.9840325117 -0.0723248199 0.1626317650 0.1437963545 -0.2154351771 -0.9658728242 0.1048931777 0.9738361239 -0.2015951723
266.0 -368.6 2094.7 0.9840325117 -0.1511598080 -0.0939717144 0.1437963545 0.9863061309 -0.0807641894 0.1048931777 0.0659618005 0.9922935367
15.9 -481.8 2148.3 0 0 0 0 0 0 0 0 0
136.1 -441.4 2151.5 0 0 0 0 0 0 0 0 0
-115.3 -785.2 2206.8 0 0 0 0 0 0 0 0 0
323.8 -745.6 2069.5 0 0 0 0 0 0 0 0 0
126.2 108.6 2345.1 5 0.9656884670 -0.0387387201 0.2567978203 -0.0503023453 0.9421858788 0.3312935531 -0.2547851801 -0.3328438997 0.9079093933
134.0 -81.4 2412.3 0.9656884670 -0.0387387201 0.2567978203 -0.0503023453 0.9421858788 0.3312935531 -0.2547851801 -0.3328438997 0.9079093933
141.3 -268.7 2478.7 0.9657693505 -0.0368056446 0.2567778528 -0.0523205660 0.9419004917 0.3317920864 -0.2540709972 -0.3338693976 0.9077329636
-1.9 -74.1 2448.0 -0.2958506346 -0.8000595570 0.5218975544 0.9243891239 -0.3775084019 -0.0547005981 0.2407844514 0.4662532210 0.8512524962
92.7 -369.7 2371.1 0.2928934991 -0.8000595570 0.5235628486 0.4324769676 -0.3775084019 -0.8188107610 0.8527467847 0.4662532210 0.2354375869
269.9 -88.8 2376.5 0.0534401610 0.6941348910 0.7178585529 -0.9768325686 0.1855235994 -0.1066732556 -0.2072253376 -0.6955269575 0.6879679561
282.3 -315.4 2328.5 -0.5533899069 0.6941348910 0.4603655040 -0.4803996682 0.1855235994 -0.8572031260 -0.6804232001 -0.6955269575 0.2307952642
60.4 -450.8 2568.5 0.8625413775 0.5047254562 0.0357006826 0.0947566405 -0.0918181688 -0.9912570715 -0.4970347285 0.8583831191 -0.1270230561
-149.8 -412.6 2211.0 0.8625413775 -0.1166778207 0.4923501015 0.0947566405 0.9930827022 0.0693392828 -0.4970347285 -0.0131545616 0.8676308990
237.5 -460.5 2521.6 0.9820191264 -0.0757719800 0.1729076803 0.1543796211 -0.2048224360 -0.9665478468 0.1086526141 0.9758618474 -0.1894418895
270.6 -371.0 2095.4 0.9820191264 -0.1608078182 -0.0988903791 0.1543796211 0.9855578542 -0.0695888326 0.1086526141 0.0530709065 0.9926621318
16.6 -482.0 2149.5 0 0 0 0 0 0 0 0 0
138.4 -440.3 2151.6 0 0 0 0 0 0 0 0 0
-105.2 -792.1 2216.0 0 0 0 0 0 0 0 0 0
332.1 -747.7 2075.1 0 0 0 0 0 0 0 0 0
127.3 108.1 2341.5 6 0.9687334299 -0.0403572731 0.2447995842 -0.0474289432 0.9383618236 0.3423850834 -0.2435283065 -0.3432904780 0.9071083665
135.4 -81.1 2410.7 0.9687334299 -0.0403572731 0.2447995842 -0.0474289432 0.9383618236 0.3423850834 -0.2435283065 -0.3432904780 0.9071083665
142.4 -267.8 2478.5 0.9688993096 -0.0353266895 0.2449206263 -0.0515447035 0.9392352700 0.3393822014 -0.2420273274 -0.3414515555 0.9082034826
-0.9 -73.8 2444.7 -0.3043352664 -0.8202557564 0.4843144715 0.9305556417 -0.3646714687 -0.0328773595 0.2035835087 0.4406758249 0.8742760420
94.9 -366.9 2380.6 0.2909303904 -0.8202557564 0.4924834669 0.3973383307 -0.3646714687 -0.8421027064 0.8703342676 0.4406758249 0.2198250592
271.8 -88.3 2376.6 0.0424143560 0.7035899162 0.7093392611 -0.9780195355 0.1743142754 -0.1144215539 -0.2041538209 -0.6888945699 0.6955181360
281.6 -315.7 2329.1 -0.5509719253 0.7035899162 0.4487662315 -0.4784095287 0.1743142754 -0.8606618643 -0.6837794185 -0.6888945699 0.2405618578
60.7 -449.6 2568.7 0.8690892458 0.4930839241 0.0393967107 0.0913523734 -0.0817177445 -0.9924600720 -0.4861466885 0.8661353588 -0.1160643995
-143.8 -415.7 2209.4 0.8690892458 -0.1190082878 0.4801259339 0.0913523734 0.9925464392 0.0806619227 -0.4861466885 -0.0262417700 0.8734831214
239.0 -459.4 2522.6 0.9827049375 -0.0784839466 0.1677237451 0.1506157964 -0.1881686598 -0.9705191851 0.1077305302 0.9789958000 -0.1730933487
272.6 -378.8 2103.4 0.9827049375 -0.1581885517 -0.0962671489 0.1506157964 0.9852309823 -0.0814543962 0.1077305302 0.0655462891 0.9920170307
20.1 -469.1 2156.8 0 0 0 0 0 0 0 0 0
138.4 -440.0 2151.4 0 0 0 0 0 0 0 0 0
-98.3 -795.1 2219.4 0 0 0 0 0 0 0 0 0
333.1 -755.4 2078.3 0 0 0 0 0 0 0 0 0
126.7 110.0 2341.6 7 0.9718992710 -0.0452397093 0.2310091406 -0.0373009220 0.9393621087 0.3408921659 -0.2324230969 -0.3399296999 0.9112778306
135.8 -79.5 2410.2 0.9718992710 -0.0452397093 0.2310091406 -0.0373009220 0.9393621087 0.3408921659 -0.2324230969 -0.3399296999 0.9112778306
143.8 -266.3 2477.8 0.9721202254 -0.0399259627 0.2310588211 -0.0421761535 0.9395530224 0.3397959173 -0.2306586951 -0.3400676847 0.9116745591
-1.0 -73.6 2442.7 -0.3056893945 -0.8033374548 0.5110801458 0.9283237457 -0.3707533479 -0.0275129788 0.2115868777 0.4660374224 0.8590925932
96.3 -369.0 2375.3 0.3075145483 -0.8033374548 0.5099840164 0.4119044840 -0.3707533479 -0.8323920965 0.8577700853 0.4660374224 0.2168862671
272.6 -85.4 2377.7 0.0371789448 0.6979469061 0.7151837945 -0.9766293168 0.1769848019 -0.1219489947 -0.2116905898 -0.6939355135 0.6882154942
281.4 -316.5 2327.6 -0.5554597974 0.6979469061 0.4520337880 -0.4778375030 0.1769848019 -0.8604345918 -0.6805407405 -0.6939355135 0.2351972461
62.6 -449.1 2566.6 0.8743566275 0.4827378988 0.0496450216 0.0993239656 -0.0778819546 -0.9920026064 -0.4750108123 0.8722949624 -0.1160440445
-137.3 -416.9 2205.5 0.8743566275 -0.1277609318 0.4681641459 0.0993239656 0.9914134145 0.0850542113 -0.4750108123 -0.0278677922 0.8795385957
239.2 -458.6 2524.6 0.9837999344 -0.0789400414 0.1609538198 0.1440059245 -0.1867421567 -0.9717971087 0.1067705676 0.9792322516 -0.1723490804
273.2 -378.3 2103.5 0.9837999344 -0.1512106359 -0.0962964371 0.1440059245 0.9865090847 -0.0778599605 0.1067705676 0.0627313703 0.9923027754
16.8 -475.5 2153.6 0 0 0 0 0 0 0 0 0
137.0 -440.8 2150.7 0 0 0 0 0 0 0 0 0
-88.4 -795.8 2216.1 0 0 0 0 0 0 0 0 0
331.0 -755.4 2079.5 0 0 0 0 0 0 0 0 0
124.9 109.7 2340.2 8 0.9727063775 -0.0551627614 0.2253871858 -0.0281218067 0.9361463189 0.3504843116 -0.2303290665 -0.3472566307 0.9090442061
136.1 -79.4 2410.4 0.9727063775 -0.0551627614 0.2253871858 -0.0281218067 0.9361463189 0.3504843116 -0.2303290665 -0.3472566307 0.9090442061
145.8 -265.9 2478.5 0.9729714394 -0.0487307422 0.2257251292 -0.0329045504 0.9382508993 0.3443872035 -0.2285690457 -0.3425063193 0.9112879038
-0.8 -74.8 2442.5 -0.3030586541 -0.8035004139 0.5123890638 0.9274567962 -0.3722684681 -0.0352155194 0.2190419734 0.4645463526 0.8580310345
95.9 -371.0 2372.6 0.3015925884 -0.8035004139 0.5132533908 0.4182382822 -0.3722684681 -0.8285486698 0.8568072319 0.4645463526 0.2237812132
273.0 -84.0 2378.2 0.0398992859 0.7020785809 0.7109808326 -0.9772953987 0.1756044030 -0.1185611561 -0.2080906183 -0.6901077628 0.6931446791
282.5 -315.8 2328.8 -0.5540860295 0.7020785809 0.4472966790 -0.4740238488 0.1756044030 -0.8628235459 -0.6843172312 -0.6901077628 0.2355020493
66.2 -449.4 2567.5 0.8745318651 0.4812589288 0.0598652922 0.1065499187 -0.0702439472 -0.9918230176 -0.4731185138 0.8737595081 -0.1127086729
-132.9 -420.3 2206.1 0.8745318651 -0.1377221644 0.4650017321 0.1065499187 0.9899659157 0.0928146169 -0.4731185138 -0.0316234417 0.8804310560
243.9 -456.3 2525.8 0.9843658805 -0.0700781047 0.1615946740 0.1468570232 -0.1799870282 -0.9726446867 0.0972460359 0.9811695814 -0.1668816209
274.0 -379.0 2104.4 0.9843658805 -0.1529473811 -0.0873548985 0.1468570232 0.9865062237 -0.0723770857 0.0972460359 0.0584168546 0.9935445189
17.8 -479.4 2150.5 0 0 0 0 0 0 0 0 0
138.4 -439.0 2150.9 0 0 0 0 0 0 0 0 0
-80.2 -798.8 2218.2 0 0 0 0 0 0 0 0 0
332.4 -756.1 2082.1 0 0 0 0 0 0 0 0 0
127.1 111.1 2341.0 9 0.9703885317 -0.0417693555 0.2379104942 -0.0434858724 0.9386336207 0.3421636224 -0.2376027256 -0.3423773944 0.9090229273
135.5 -78.5 2410.2 0.9703885317 -0.0417693555 0.2379104942 -0.0434858724 0.9386336207 0.3421636224 -0.2376027256 -0.3423773944 0.9090229273
142.7 -265.3 2477.9 0.9705886245 -0.0360148735 0.2380350232 -0.0483166575 0.9394882917 0.3391565979 -0.2358458042 -0.3406825960 0.9101165533
-1.1 -71.7 2443.4 -0.3064985573 -0.8228714466 0.4784779549 0.9319432378 -0.3617328703 -0.0251221135 0.1937534809 0.4382144213 0.8777401447
96.2 -367.6 2381.9 0.2948800027 -0.8228714466 0.4857245386 0.3873780966 -0.3617328703 -0.8479902744 0.8734895587 0.4382144213 0.2120945901
272.1 -85.3 2377.0 0.0438844822 0.7019968629 0.7108266354 -0.9781311154 0.1749859452 -0.1124251783 -0.2033067942 -0.6903479695 0.6943241954
282.3 -313.8 2329.5 -0.5505630970 0.7019968629 0.4517528713 -0.4815369546 0.1749859452 -0.8587794304 -0.6819108725 -0.6903479695 0.2416966408
68.0 -449.5 2568.0 0.8604438305 0.5073160529 0.0476115495 0.1002529189 -0.0769385546 -0.9919827580 -0.4995856583 0.8583186269 -0.1170612201
-145.4 -417.1 2206.8 0.8604438305 -0.1315784752 0.4922637045 0.1002529189 0.9909167290 0.0896294042 -0.4995856583 -0.0277701933 0.8658192754
238.4 -456.9 2524.1 0.9882997870 -0.0610714108 0.1397634596 0.1269811392 -0.1781787723 -0.9757705331 0.0844945684 0.9821011424 -0.1683391184
264.7 -380.4 2102.7 0.9882997870 -0.1322674155 -0.0759530813 0.1269811392 0.9893841743 -0.0706733987 0.0844945684 0.0602018945 0.9946036339
20.4 -467.3 2157.1 0 0 0 0 0 0 0 0 0
139.2 -439.0 2152.2 0 0 0 0 0 0 0 0 0
-95.1 -796.0 2217.4 0 0 0 0 0 0 0 0 0
315.2 -758.6 2079.7 0 0 0 0 0 0 0 0 0
125.7 110.8 2340.9 0 0.9688420892 -0.0401433371 0.2444043010 -0.0475265905 0.9383087754 0.3425169289 -0.2430764735 -0.3434605300 0.9071651697
133.8 -78.4 2410.2 0.9688420892 -0.0401433371 0.2444043010 -0.0475265905 0.9383087754 0.3425169289 -0.2430764735 -0.3434605300 0.9071651697
140.9 -265.0 2478.4 0.9689995050 -0.0358334221 0.2444501966 -0.0514147580 0.9385169744 0.3413830400 -0.2416535914 -0.3433683515 0.9075801373
-2.5 -71.2 2444.2 -0.3103636205 -0.8020176888 0.5103352666 0.9276332259 -0.3728548288 -0.0218141805 0.2077763230 0.4666336179 0.8596988320
98.2 -372.3 2376.7 0.3260694444 -0.8020176888 0.5004462004 0.3812522292 -0.3728548288 -0.8459467888 0.8650580645 0.4666336179 0.1841944754
270.2 -85.7 2376.1 0.0493590310 0.7011368871 0.7113161683 -0.9793048501 0.1739318222 -0.1034877077 -0.1962795705 -0.6914873719 0.6952118874
281.7 -314.8 2330.2 -0.5533064008 0.7011368871 0.4497322142 -0.4789634943 0.1739318222 -0.8604310751 -0.6815027595 -0.6914873719 0.2395813912
62.8 -447.8 2569.2 0.8582212925 0.5106824040 0.0515720248 0.1013924628 -0.0701781213 -0.9923681617 -0.5031657219 0.8569005132 -0.1120077074
-151.7 -418.3 2209.3 0.8582212925 -0.1342258453 0.4954186380 0.1013924628 0.9905162454 0.0927209854 -0.5031657219 -0.0293434132 0.8636916280
236.8 -456.5 2524.6 0.9895569682 -0.0531533733 0.1339838952 0.1229615882 -0.1737565845 -0.9770819545 0.0752157867 0.9833531380 -0.1654062271
259.6 -382.0 2102.8 0.9895569682 -0.1274128705 -0.0674012378 0.1229615882 0.9901790023 -0.0665277243 0.0752157867 0.0575452149 0.9955054522
13.9 -470.9 2153.1 0 0 0 0 0 0 0 0 0
137.9 -439.4 2153.0 0 0 0 0 0 0 0 0 0
-100.4 -797.0 2220.5 0 0 0 0 0 0 0 0 0
308.3 -760.5 2080.8 0 0 0 0 0 0 0 0 0
125.8 111.1 2339.8 1 0.9677940607 -0.0331297033 0.2495538294 -0.0562758148 0.9377453327 0.3427341878 -0.2453726232 -0.3457399309 0.9056799412
132.5 -78.1 2409.6 0.9677940607 -0.0331297033 0.2495538294 -0.0562758148 0.9377453327 0.3427341878 -0.2453726232 -0.3457399309 0.9056799412
138.5 -264.6 2478.2 0.9678723216 -0.0304534994 0.2495912164 -0.0585847795 0.9380063415 0.3416312635 -0.2445220053 -0.3452776968 0.9060862660
-3.7 -69.8 2444.0 -0.3076450229 -0.7926512361 0.5263635516 0.9256563783 -0.3773807287 -0.0272772163 0.2202607691 0.4788400531 0.8498219848
96.1 -370.2 2372.5 0.3225922287 -0.7926512361 0.5173376799 0.4068413675 -0.3773807287 -0.8319037557 0.8546428084 0.4788400531 0.2007432133
268.7 -86.3 2375.2 0.0577555522 0.6763638854 0.7342997789 -0.9776788354 0.1871526837 -0.0954881683 -0.2020109296 -0.7123943567 0.6720757484
282.2 -315.4 2327.8 -0.5670132041 0.6763638854 0.4701360166 -0.4850366414 0.1871526837 -0.8542326093 -0.6657593250 -0.7123943567 0.2219432294
60.2 -447.0 2569.8 0.8580481410 0.5110861659 0.0504417308 0.1060022265 -0.0801443234 -0.9911308885 -0.5025106668 0.8557848930 -0.1229439527
-154.4 -413.3 2210.6 0.8580481410 -0.1256463677 0.4979622662 0.1060022265 0.9920610785 0.0676634833 -0.5025106668 -0.0052734120 0.8645549417
233.3 -456.5 2524.5 0.9908172488 -0.0501399375 0.1255675405 0.1153759286 -0.1706738770 -0.9785493612 0.0704955012 0.9840510488 -0.1633216739
254.8 -383.3 2102.4 0.9908172488 -0.1193874553 -0.0634653866 0.1153759286 0.9912891388 -0.0635154918 0.0704955012 0.0556098633 0.9959608316
12.5 -475.6 2151.1 0 0 0 0 0 0 0 0 0
134.8 -441.5 2154.8 0 0 0 0 0 0 0 0 0
-106.4 -792.5 2212.6 0 0 0 0 0 0 0 0 0
300.4 -762.3 2081.2 0 0 0 0 0 0 0 0 0
126.6 110.5 2339.3 2 0.9682886600 -0.0228285380 0.2487889975 -0.0659270659 0.9371718168 0.3425822556 -0.2409786880 -0.3481204212 0.9059478045
131.2 -78.6 2409.6 0.9682886600 -0.0228285380 0.2487889975 -0.0659270659 0.9371718168 0.3425822556 -0.2409786880 -0.3481204212 0.9059478045
135.0 -265.2 2478.1 0.9683454633 -0.0191313494 0.2488796115 -0.0684668496 0.9384608269 0.3385314643 -0.2400403321 -0.3448554277 0.9074444175
-5.1 -69.0 2443.3 -0.3033024371 -0.7998979092 0.5178522468 0.9264032245 -0.3747779727 -0.0363110788 0.2231247723 0.4687267542 0.8546990752
93.8 -371.2 2370.5 0.3084198833 -0.7998979092 0.5148208141 0.4132873118 -0.3747779727 -0.8299006224 0.8567793369 0.4687267542 0.2149986774
267.4 -88.3 2375.8 0.0606580488 0.6837645769 0.7271772027 -0.9763868451 0.1919746995 -0.0990677103 -0.2073386163 -0.7039969563 0.6792635322
281.6 -315.3 2327.6 -0.5592907071 0.6837645769 0.4686789811 -0.4817828536 0.1919746995 -0.8550034761 -0.6745955944 -0.7039969563 0.2220563740
56.3 -445.7 2569.8 0.8668755889 0.4973592758 0.0340655930 0.0868781433 -0.0834305733 -0.9927192330 -0.4908960462 0.8635236621 -0.1155335829
-153.0 -410.6 2206.5 0.8668755889 -0.1087686643 0.4865142405 0.0868781433 0.9939355850 0.0674111843 -0.4908960462 -0.0161696505 0.8710681200
227.6 -458.1 2524.7 0.9917219281 -0.0559229590 0.1155863479 0.1045932099 -0.1703447849 -0.9798178077 0.0744838417 0.9837963581 -0.1630855054
251.6 -385.0 2102.8 0.9917219281 -0.1088508740 -0.0681107044 0.1045932099 0.9925023317 -0.0632407069 0.0744838417 0.0555932820 0.9956713915
13.8 -478.5 2148.2 0 0 0 0 0 0 0 0 0
136.2 -440.5 2152.2 0 0 0 0 0 0 0 0 0
-111.4 -790.5 2212.7 0 0 0 0 0 0 0 0 0
293.2 -764.4 2081.5 0 0 0 0 0 0 0 0 0
125.2 111.2 2339.5 3 0.9726151228 -0.0325682461 0.2301284373 -0.0505343638 0.9368141294 0.3461583555 -0.2268613428 -0.3483082652 0.9095137715
131.8 -77.9 2409.9 0.9726151228 -0.0325682461 0.2301284373 -0.0505343638 0.9368141294 0.3461583555 -0.2268613428 -0.3483082652 0.9095137715
137.4 -264.4 2478.5 0.9727228284 -0.0281774644 0.2302526534 -0.0538587905 0.9380367994 0.3423247337 -0.2256312966 -0.3453882039 0.9109322429
-5.1 -70.3 2441.6 -0.3015908599 -0.8050792217 0.5107743144 0.9274763465 -0.3718905747 -0.0385355949 0.2209763676 0.4621091187 0.8588507175
92.9 -371.5 2369.9 0.2987389266 -0.8050792217 0.5124475956 0.4188288152 -0.3718905747 -0.8284200430 0.8575181961 0.4621091187 0.2260921896
268.7 -85.5 2378.1 0.0520111024 0.6898635030 0.7220687270 -0.9760211110 0.1881535351 -0.1094581708 -0.2113709748 -0.6990612745 0.6831073761
280.9 -315.9 2328.2 -0.5562241077 0.6898635030 0.4633606970 -0.4802996516 0.1881535351 -0.8566857576 -0.6781791449 -0.6990612745 0.2266856581
56.9 -446.0 2568.5 0.8789722919 0.4744866788 0.0476453006 0.0952466577 -0.0767814592 -0.9924881458 -0.4672641158 0.8769076467 -0.1126820445
-141.6 -413.9 2201.6 0.8789722919 -0.1200929135 0.4615033865 0.0952466577 0.9924820662 0.0768594518 -0.4672641158 -0.0236006770 0.8838027120
232.2 -455.8 2526.5 0.9888755679 -0.0676451176 0.1324733496 0.1193182319 -0.1710365862 -0.9780130982 0.0888156071 0.9829397798 -0.1610626131
261.2 -382.5 2105.0 0.9888755679 -0.1243558228 -0.0816129968 0.1193182319 0.9907937050 -0.0639613271 0.0888156071 0.0535118803 0.9946095943
15.3 -480.3 2147.1 0 0 0 0 0 0 0 0 0
136.4 -440.8 2151.9 0 0 0 0 0 0 0 0 0
-95.7 -793.3 2210.6 0 0 0 0 0 0 0 0 0
308.7 -761.2 2084.6 0 0 0 0 0 0 0 0 0
126.5 109.1 2340.2 4 0.9728049636 -0.0339212269 0.2291284502 -0.0485668629 0.9373564720 0.3449696600 -0.2264768332 -0.3467162549 0.9102175832
133.4 -79.9 2410.1 0.9728049636 -0.0339212269 0.2291284502 -0.0485668629 0.9373564720 0.3449696600 -0.2264768332 -0.3467162549 0.9102175832
139.3 -266.3 2478.8 0.9729155302 -0.0300673191 0.2291972339 -0.0518064648 0.9379224777 0.3429540992 -0.2252809405 -0.3455392420 0.9109616280
-3.6 -72.6 2441.8 -0.3011074960 -0.8097025752 0.5037022829 0.9276532531 -0.3710771501 -0.0419668220 0.2208930552 0.4546245039 0.8628573418
93.7 -372.3 2370.4 0.2915255129 -0.8097025752 0.5093079209 0.4179998338 -0.3710771501 -0.8292031884 0.8604004979 0.4546245039 0.2302770764
270.3 -87.2 2378.4 0.0495996661 0.6897022724 0.7223923206 -0.9763348103 0.1859204322 -0.1104716510 -0.2105000466 -0.6998173594 0.6826019287
281.8 -313.7 2329.5 -0.5538517237 0.6897022724 0.4664322138 -0.4871101677 0.1859204322 -0.8533213139 -0.6752569675 -0.6998173594 0.2329886258
57.6 -448.1 2568.4 0.8820520043 0.4686475694 0.0485155396 0.0948739648 -0.0758081600 -0.9925986528 -0.4615010619 0.8801264763 -0.1113291979
-138.0 -416.5 2201.1 0.8820520043 -0.1205959171 0.4554568231 0.0948739648 0.9923482537 0.0790181905 -0.4615010619 -0.0264871549 0.8867441416
234.6 -457.6 2526.8 0.9886160493 -0.0674871728 0.1344758868 0.1213359162 -0.1709089428 -0.9777871370 0.0889712274 0.9829728603 -0.1607747078
263.5 -384.3 2105.3 0.9886160493 -0.1263738871 -0.0816573650 0.1213359162 0.9905472398 -0.0639827549 0.0889712274 0.0533464067 0.9946045876
18.0 -480.9 2146.8 0 0 0 0 0 0 0 0 0
137.8 -440.4 2154.0 0 0 0 0 0 0 0 0 0
-91.9 -795.8 2211.2 0 0 0 0 0 0 0 0 0
311.8 -763.0 2084.9 0 0 0 0 0 0 0 0 0
126.6 110.3 2346.5 5 0.9737038016 -0.0358426608 0.2249804586 -0.0396098308 0.9458698034 0.3221201301 -0.2243478596 -0.3225610256 0.9195773005
133.8 -80.3 2411.5 0.9737038016 -0.0358426608 0.2249804586 -0.0396098308 0.9458698034 0.3221201301 -0.2243478596 -0.3225610256 0.9195773005
140.2 -268.2 2475.7 0.9738324285 -0.0320691019 0.2249932140 -0.0431930907 0.9458339214 0.3217647076 -0.2231249213 -0.3230630755 0.9196985960
-3.3 -74.2 2442.8 -0.3125160038 -0.7953218222 0.5194198489 0.9229747057 -0.3835333884 -0.0319358073 0.2246140838 0.4694308937 0.8539222479
96.9 -370.1 2370.8 0.2990204394 -0.7953218222 0.5273044705 0.4254087508 -0.3835333884 -0.8197131157 0.8541745543 0.4694308937 0.2236525267
270.8 -86.3 2380.1 0.0428355187 0.6855747700 0.7267409563 -0.9735541940 0.1920266151 -0.1237661168 -0.2244045287 -0.7022200823 0.6756697297
280.9 -316.0 2327.1 -0.5565487742 0.6855747700 0.4692981541 -0.4835620522 0.1920266151 -0.8539868593 -0.6755895615 -0.7022200823 0.2246457487
58.0 -452.3 2560.5 0.8847441673 0.4632122219 0.0515959598 0.1077115759 -0.0955040380 -0.9895843267 -0.4534599483 0.8810864687 -0.1343899667
-135.1 -412.5 2193.3 0.8847441673 -0.1231000274 0.4495265186 0.1077115759 0.9923842549 0.0597636402 -0.4534599483 -0.0044563231 0.8912655115
235.9 -460.2 2519.4 0.9879063368 -0.0701032653 0.1382987797 0.1224334762 -0.1945905238 -0.9732135534 0.0951370820 0.9783762097 -0.1836542189
266.0 -376.8 2100.0 0.9879063368 -0.1298952997 -0.0846654028 0.1224334762 0.9885612726 -0.0880720168 0.0951370820 0.0766410232 0.9925094843
19.2 -480.7 2148.8 0 0 0 0 0 0 0 0 0
136.3 -441.7 2151.5 0 0 0 0 0 0 0 0 0
-88.0 -791.8 2195.0 0 0 0 0 0 0 0 0 0
315.6 -754.6 2070.7 0 0 0 0 0 0 0 0 0
126.5 109.9 2342.6 6 0.9725751877 -0.0375015512 0.2295454890 -0.0434180647 0.9402951002 0.3375795484 -0.2285002619 -0.3382878900 0.9128794670
134.0 -79.2 2410.7 0.9725751877 -0.0375015512 0.2295454890 -0.0434180647 0.9402951002 0.3375795484 -0.2285002619 -0.3382878900 0.9128794670
140.9 -266.4 2477.1 0.9726393223 -0.0346193239 0.2297263443 -0.0450924933 0.9418976903 0.3328594863 -0.2279020846 -0.3341111839 0.9145656824
-2.9 -72.9 2442.7 -0.3076369762 -0.7909567356 0.5289111137 0.9211048484 -0.3869437575 -0.0428991839 0.2385902405 0.4739852250 0.8475922942
99.0 -377.9 2363.7 0.3116708398 -0.7909567356 0.5265441537 0.4118339717 -0.3869437575 -0.8250256181 0.8563025594 0.4739852250 0.2051437646
270.9 -85.6 2378.6 0.0425939113 0.6915804744 0.7210424542 -0.9747557640 0.1870861202 -0.1218603104 -0.2191732526 -0.6976497769 0.6820908189
280.9 -314.9 2327.0 -0.5526402593 0.6915804744 0.4650861919 -0.4848684967 0.1870861202 -0.8543426394 -0.6778578758 -0.6976497769 0.2319342792
58.2 -454.4 2556.5 0.8690974116 0.4935057461 0.0334928408 0.0951292887 -0.1003136858 -0.9903976917 -0.4854071736 0.8639382124 -0.1341292113
-146.0 -412.9 2199.1 0.8690974116 -0.1179221198 0.4803791046 0.0951292887 0.9928849339 0.0716235936 -0.4854071736 -0.0165497586 0.8741315603
236.6 -461.5 2515.7 0.9859630466 -0.0819688588 0.1454579234 0.1279695630 -0.1885725409 -0.9736858606 0.1072412953 0.9786324501 -0.1754360348
271.5 -381.3 2099.4 0.9859630466 -0.1333500892 -0.1004721671 0.1279695630 0.9900662303 -0.0582466573 0.1072412953 0.0445716716 0.9932334423
18.0 -484.9 2141.2 0 0 0 0 0 0 0 0 0
137.3 -441.0 2150.8 0 0 0 0 0 0 0 0 0
-100.9 -792.4 2205.4 0 0 0 0 0 0 0 0 0
322.4 -759.6 2082.3 0 0 0 0 0 0 0 0 0
125.9 108.8 2340.7 7 0.9730223417 -0.0423072278 0.2267986983 -0.0402883664 0.9367789626 0.3475946188 -0.2271660119 -0.3473546505 0.9098023772
134.4 -79.3 2410.4 0.9730223417 -0.0423072278 0.2267986983 -0.0402883664 0.9367789626 0.3475946188 -0.2271660119 -0.3473546505 0.9098023772
141.9 -265.8 2478.7 0.9731556177 -0.0378288291 0.2270178795 -0.0434076004 0.9385272264 0.3424652517 -0.2260175198 -0.3431262672 0.9116909504
-2.6 -73.2 2442.3 -0.3061703742 -0.7907162309 0.5301203132 0.9249748588 -0.3787811399 -0.0307637770 0.2251249850 0.4809289575 0.8473641872
97.5 -375.6 2368.6 0.3101686239 -0.7907162309 0.5277909040 0.4294174016 -0.3787811399 -0.8198326230 0.8481721878 0.4809289575 0.2220612913
271.3 -85.4 2378.6 0.0421629734 0.6964473128 0.7163681984 -0.9756001830 0.1833283305 -0.1208098307 -0.2154682726 -0.6937952042 0.6871837974
281.2 -314.5 2328.0 -0.5510814786 0.6964473128 0.4596414566 -0.4826302230 0.1833283305 -0.8564220667 -0.6807181835 -0.6937952042 0.2350976765
59.1 -450.6 2562.5 0.8635741472 0.5026955605 0.0392037481 0.0945808664 -0.0851261392 -0.9918709397 -0.4952718318 0.8602620363 -0.1210581139
-152.0 -414.8 2201.3 0.8635741472 -0.1220878586 0.4892180562 0.0945808664 0.9922436476 0.0806661025 -0.4952718318 -0.0233904887 0.8684231043
238.5 -458.2 2522.7 0.9843654037 -0.0892540440 0.1518500000 0.1350449175 -0.1710466444 -0.9759640694 0.1130821705 0.9812119007 -0.1563190967
276.8 -384.7 2100.9 0.9843654037 -0.1386261582 -0.1086622998 0.1350449175 0.9900443554 -0.0396871716 0.1130821705 0.0243923906 0.9932861924
16.9 -487.2 2148.2 0 0 0 0 0 0 0 0 0
138.0 -440.0 2151.1 0 0 0 0 0 0 0 0 0
-105.3 -794.1 2210.2 0 0 0 0 0 0 0 0 0
329.8 -763.0 2091.6 0 0 0 0 0 0 0 0 0
127.3 108.7 2340.2 8 0.9710924029 -0.0353326797 0.2360743433 -0.0504305810 0.9362934828 0.3475791216 -0.2333157659 -0.3494368196 0.9074456692
134.4 -79.5 2410.5 0.9710924029 -0.0353326797 0.2360743433 -0.0504305810 0.9362934828 0.3475791216 -0.2333157659 -0.3494368196 0.9074456692
140.4 -265.8 2479.3 0.9712347388 -0.0300596021 0.2362190783 -0.0545093715 0.9375944734 0.3434316814 -0.2318011224 -0.3464289606 0.9089857936
-2.3 -71.8 2443.1 -0.3080804944 -0.7847304344 0.5378518105 0.9235062003 -0.3824811280 -0.0290606692 0.2285229564 0.4877564609 0.8425383568
96.7 -368.4 2369.7 0.3047308028 -0.7847304344 0.5397567153 0.4471820593 -0.3824811280 -0.8085396886 0.8409324288 0.4877564609 0.2343635857
271.1 -87.1 2377.8 0.0428192094 0.6946754456 0.7180477381 -0.9753286242 0.1848548949 -0.1206763163 -0.2165655196 -0.6951652765 0.6854521632
281.0 -314.0 2327.5 -0.5507194400 0.6946754456 0.4627463222 -0.4850257933 0.1848548949 -0.8547389507 -0.6793070436 -0.6951652765 0.2351323068
60.4 -448.9 2566.6 0.8617282510 0.5061485171 0.0351863429 0.0927525088 -0.0889718086 -0.9917060733 -0.4988199770 0.8578447700 -0.1236160621
-152.8 -411.5 2205.3 0.8617282510 -0.1123833433 0.4947670102 0.0927525088 0.9936205745 0.0641492754 -0.4988199770 -0.0093883621 0.8666547537
239.4 -456.6 2526.2 0.9846535325 -0.0863216743 0.1516770869 0.1361133009 -0.1640987694 -0.9770080447 0.1092270017 0.9826597571 -0.1498309225
277.2 -384.7 2095.5 0.9846535325 -0.1377305388 -0.1071805432 0.1361133009 0.9904423356 -0.0222960506 0.1092270017 0.0073651867 0.9939895272
17.5 -484.6 2151.1 0 0 0 0 0 0 0 0 0
137.9 -440.1 2150.9 0 0 0 0 0 0 0 0 0
-109.9 -791.3 2208.9 0 0 0 0 0 0 0 0 0
329.9 -763.2 2092.7 0 0 0 0 0 0 0 0 0
127.8 108.7 2339.0 9 0.9712794423 -0.0302931629 0.2360054404 -0.0549043491 0.9365624189 0.3461738229 -0.2315205336 -0.3491892219 0.9080006480
133.8 -79.8 2409.3 0.9712794423 -0.0302931629 0.2360054404 -0.0549043491 0.9365624189 0.3461738229 -0.2315205336 -0.3491892219 0.9080006480
139.1 -266.2 2478.1 0.9713585377 -0.0266132355 0.2361235321 -0.0575097352 0.9378347397 0.3422843516 -0.2305541486 -0.3460602462 0.9094433188
-2.9 -71.7 2441.7 -0.3030826747 -0.7966910005 0.5228999257 0.9270165563 -0.3736541271 -0.0319835916 0.2208647579 0.4750432372 0.8517938256
93.5 -366.4 2371.5 0.2942448854 -0.7966910005 0.5279237032 0.4467591345 -0.3736541271 -0.8128892183 0.8448823690 0.4750432372 0.2459831685
270.6 -87.9 2376.8 0.0430683754 0.6879180670 0.7245093584 -0.9765425324 0.1821225584 -0.1148740053 -0.2109734118 -0.7025668025 0.6796249747
280.6 -315.1 2327.7 -0.5591141582 0.6879180670 0.4627743661 -0.4842372835 0.1821225584 -0.8557719588 -0.6729826331 -0.7025668025 0.2312882692
56.9 -448.3 2566.6 0.8665757179 0.4976118803 0.0378016904 0.0952840000 -0.0906276032 -0.9913160801 -0.4898647964 0.8626523018 -0.1259501278
-152.2 -410.2 2204.1 0.8665757179 -0.1096145883 0.4868585169 0.0952840000 0.9939740300 0.0541908070 -0.4898647964 -0.0005706121 0.8717982173
235.8 -457.3 2527.0 0.9829666018 -0.0920832232 0.1590512544 0.1425273120 -0.1644225866 -0.9760385156 0.1160283908 0.9820824265 -0.1484975368
276.4 -384.8 2093.5 0.9829666018 -0.1439836323 -0.1142161787 0.1425273120 0.9895710349 -0.0208590943 0.1160283908 0.0042248704 0.9932368994
17.0 -482.5 2151.9 0 0 0 0 0 0 0 0 0
135.2 -441.0 2152.8 0 0 0 0 0 0 0 0 0
-110.3 -790.1 2204.3 0 0 0 0 0 0 0 0 0
331.5 -763.0 2091.9 0 0 0 0 0 0 0 0 0
126.2 109.3 2340.4 0 0.9698840380 -0.0351535641 0.2410168648 -0.0498711951 0.9399036169 0.3377782106 -0.2384067178 -0.3396254778 0.9098443389
133.2 -80.2 2408.9 0.9698840380 -0.0351535641 0.2410168648 -0.0498711951 0.9399036169 0.3377782106 -0.2384067178 -0.3396254778 0.9098443389
139.6 -267.3 2475.9 0.9699639082 -0.0320234001 0.2411316633 -0.0521072000 0.9409313798 0.3345637918 -0.2376022339 -0.3370795250 0.9110008478
-3.3 -72.9 2442.3 -0.3102172017 -0.7860224247 0.5347279906 0.9231593013 -0.3833957613 -0.0280100666 0.2270289660 0.4849499166 0.8445599079
95.5 -366.7 2370.1 0.3037959933 -0.7860224247 0.5384020209 0.4436437190 -0.3833957613 -0.8100543022 0.8431419134 0.4849499166 0.2322398275
269.7 -87.6 2375.4 0.0453632474 0.6942391396 0.7183133960 -0.9776870012 0.1784910858 -0.1107656360 -0.2051103860 -0.6972610354 0.6868455410
280.3 -315.7 2327.6 -0.5481839180 0.6942391396 0.4663971961 -0.4966336191 0.1784910858 -0.8494092226 -0.6729408503 -0.6972610354 0.2469365597
57.7 -450.0 2564.0 0.8648747802 0.5001496673 0.0429176725 0.1051506251 -0.0969019607 -0.9897238612 -0.4908512235 0.8605000377 -0.1363991201
-152.2 -409.3 2202.8 0.8648747802 -0.1129874736 0.4891067445 0.1051506251 0.9935013056 0.0435714237 -0.4908512235 0.0137460576 0.8711349368
233.7 -458.0 2525.7 0.9819755554 -0.0948580503 0.1634809226 0.1462916136 -0.1662257314 -0.9751757383 0.1196780056 0.9815146327 -0.1493526548
275.5 -384.8 2093.6 0.9819755554 -0.1482954025 -0.1171859056 0.1462916136 0.9889110327 -0.0255677085 0.1196780056 0.0079635484 0.9927808046
16.5 -482.0 2150.9 0 0 0 0 0 0 0 0 0
137.8 -444.8 2152.6 0 0 0 0 0 0 0 0 0
-109.0 -789.1 2197.6 0 0 0 0 0 0 0 0 0
332.2 -762.9 2090.6 0 0 0 0 0 0 0 0 0
126.2 110.6 2339.6 1 0.9706969261 -0.0305382106 0.2383588254 -0.0529880971 0.9402784705 0.3362569213 -0.2343923450 -0.3390337229 0.9111072421
132.4 -79.2 2408.0 0.9706969261 -0.0305382106 0.2383588254 -0.0529880971 0.9402784705 0.3362569213 -0.2343923450 -0.3390337229 0.9111072421
137.4 -266.4 2474.6 0.9708094001 -0.0253735278 0.2385063916 -0.0567745827 0.9418196082 0.3312891722 -0.2330359668 -0.3351597190 0.9128867388
-4.2 -71.2 2440.8 -0.3027126193 -0.8060206771 0.5086213946 0.9257355332 -0.3755773008 -0.0442200340 0.2266689092 0.4574629068 0.8598539829
93.5 -370.1 2367.6 0.2916094661 -0.8060206771 0.5150675178 0.4205951691 -0.3755773008 -0.8258579969 0.8591063023 0.4574629068 0.2294865102
269.0 -87.2 2375.2 0.0492397435 0.6900936365 0.7220430374 -0.9760145545 0.1867368519 -0.1119146720 -0.2120636553 -0.6992139220 0.6827363372
280.6 -317.0 2325.3 -0.5525340438 0.6900936365 0.4674150944 -0.4880385697 0.1867368519 -0.8526122570 -0.6756659746 -0.6992139220 0.2336138487
53.8 -448.6 2562.3 0.8687525392 0.4936518371 0.0397103727 0.1028303951 -0.1013668627 -0.9895204306 -0.4844532609 0.8637318015 -0.1388251334
-153.3 -406.1 2200.0 0.8687525392 -0.1078836620 0.4833530486 0.1028303951 0.9940090179 0.0370395333 -0.4844532609 0.0175251942 0.8746415973
230.9 -458.3 2522.2 0.9819679260 -0.1008659378 0.1598907411 0.1416745186 -0.1673505604 -0.9756649733 0.1251691729 0.9807241559 -0.1500427425
274.9 -385.4 2095.0 0.9819679260 -0.1435653120 -0.1229958907 0.1416745186 0.9896215796 -0.0240292884 0.1251691729 0.0061706067 0.9921162128
17.7 -479.3 2144.4 0 0 0 0 0 0 0 0 0
137.0 -443.9 2149.6 0 0 0 0 0 0 0 0 0
-112.0 -786.1 2193.3 0 0 0 0 0 0 0 0 0
329.8 -763.7 2092.6 0 0 0 0 0 0 0 0 0
127.3 109.6 2341.2 2 0.9704192877 -0.0251593087 0.2401111871 -0.0572388954 0.9422225356 0.3300612271 -0.2345422804 -0.3340415061 0.9129108191
132.4 -80.0 2408.4 0.9704192877 -0.0251593087 0.2401111871 -0.0572388954 0.9422225356 0.3300612271 -0.2345422804 -0.3340415061 0.9129108191
136.7 -267.5 2474.5 0.9704816937 -0.0219688695 0.2401722372 -0.0597333834 0.9429197311 0.3276191950 -0.2336605638 -0.3322947025 0.9137740135
-4.2 -71.6 2441.3 -0.3012393713 -0.8124765754 0.4991359413 0.9276954532 -0.3707768321 -0.0436536185 0.2205355763 0.4498959780 0.8654233813
94.6 -375.8 2369.0 0.2973512709 -0.8124765754 0.5014619231 0.4002254605 -0.3707768321 -0.8380597234 0.8668343425 0.4498959780 0.2149228454
269.0 -88.4 2375.5 0.0499790944 0.6966464520 0.7156715989 -0.9770770669 0.1825738400 -0.1094859540 -0.2069359124 -0.6937943101 0.6898021102
280.6 -316.3 2327.3 -0.5507900119 0.6966464520 0.4596891403 -0.4835494459 0.1825738400 -0.8560646772 -0.6803016067 -0.6937943101 0.2363031358
52.2 -449.6 2561.8 0.8693996072 0.4927528799 0.0365910344 0.1016079932 -0.1058193967 -0.9891805053 -0.4835495055 0.8637111187 -0.1420669705
-154.4 -405.2 2199.6 0.8693996072 -0.1041713059 0.4830037653 0.1016079932 0.9943239093 0.0315568373 -0.4835495055 0.0216415394 0.8750494123
229.8 -460.1 2520.3 0.9824517965 -0.1013028771 0.1566084325 0.1380464286 -0.1697015166 -0.9757789373 0.1254259050 0.9802750349 -0.1527390629
273.7 -386.6 2095.4 0.9824517965 -0.1400922835 -0.1231366321 0.1380464286 0.9901093245 -0.0250348207 0.1254259050 0.0075969314 0.9920738935
17.3 -479.8 2143.7 0 0 0 0 0 0 0 0 0
137.4 -442.0 2150.4 0 0 0 0 0 0 0 0 0
-114.6 -785.3 2191.3 0 0 0 0 0 0 0 0 0
327.3 -765.1 2092.5 0 0 0 0 0 0 0 0 0
126.4 111.5 2342.0 3 0.9693033099 -0.0246885773 0.2446253598 -0.0593254454 0.9420630932 0.3301478922 -0.2386033982 -0.3345259726 0.9116802216
131.3 -78.1 2409.3 0.9693033099 -0.0246885773 0.2446253598 -0.0593254454 0.9420630932 0.3301478922 -0.2386033982 -0.3345259726 0.9116802216
135.3 -265.5 2475.7 0.9693984389 -0.0201796088 0.2446618676 -0.0633211061 0.9423391223 0.3286144137 -0.2371857613 -0.3340505660 0.9122242928
-5.1 -69.2 2442.7 -0.2994944751 -0.8078382611 0.5076420307 0.9268017411 -0.3726871312 -0.0462903269 0.2265867591 0.4566198289 0.8603236675
94.8 -378.5 2367.1 0.3093640208 -0.8078382611 0.5016884208 0.3913109004 -0.3726871312 -0.8414155245 0.8667004704 0.4566198289 0.2008199245
267.8 -87.0 2375.9 0.0525216646 0.6830818653 0.7284508348 -0.9755390286 0.1910208166 -0.1087869257 -0.2134596556 -0.7049185634 0.6764057875
280.1 -316.4 2325.8 -0.5592797995 0.6830818653 0.4696863294 -0.4839043915 0.1910208166 -0.8540185094 -0.6730844378 -0.7049185634 0.2237122357
50.5 -447.1 2563.8 0.8681416512 0.4952047169 0.0332023241 0.0981535092 -0.1057262644 -0.9895392060 -0.4865141213 0.8623191118 -0.1403914541
-157.1 -402.7 2202.3 0.8681416512 -0.1009088755 0.4859501123 0.0981535092 0.9946821332 0.0311988983 -0.4865141213 0.0206126440 0.8734295368
229.3 -461.1 2519.3 0.9811671972 -0.1069288030 0.1608638912 0.1408724785 -0.1736732423 -0.9746755958 0.1321586519 0.9789810181 -0.1553391516
275.5 -386.0 2096.1 0.9811671972 -0.1436141580 -0.1291740537 0.1408724785 0.9895681143 -0.0301650316 0.1321586519 0.0113998707 0.9911630154
14.4 -480.2 2141.8 0 0 0 0 0 0 0 0 0
134.7 -442.2 2150.8 0 0 0 0 0 0 0 0 0
-118.5 -783.0 2194.4 0 0 0 0 0 0 0 0 0
330.4 -764.3 2091.8 0 0 0 0 0 0 0 0 0
126.1 109.5 2340.4 4 0.9683652520 -0.0233034641 0.2484465241 -0.0652668178 0.9373187423 0.3423066139 -0.2408505231 -0.3476931453 0.9061459899
130.8 -79.4 2410.5 0.9683652520 -0.0233034641 0.2484465241 -0.0652668178 0.9373187423 0.3423066139 -0.2408505231 -0.3476931453 0.9061459899
134.7 -266.3 2478.2 0.9683981538 -0.0198106430 0.2486212552 -0.0666998476 0.9399616122 0.3346988857 -0.2403250188 -0.3407047987 0.9089357257
-5.5 -70.0 2444.3 -0.3029104173 -0.8059209585 0.5086616278 0.9242612123 -0.3785539865 -0.0493770838 0.2323499173 0.4551793933 0.8595494032
94.6 -375.5 2367.5 0.3100477159 -0.8059209585 0.5043429732 0.3851042986 -0.3785539865 -0.8416600227 0.8692324758 0.4551793933 0.1929938346
267.1 -88.8 2376.6 0.0574384890 0.6774598956 0.7333136797 -0.9750548005 0.1958127916 -0.1045250371 -0.2144037187 -0.7090172172 0.6718077064
280.4 -315.1 2326.9 -0.5614517927 0.6774598956 0.4752051830 -0.4850753546 0.1958127916 -0.8522671461 -0.6704280376 -0.7090172172 0.2186796367
49.8 -447.1 2567.9 0.8666053414 0.4980204403 0.0311583001 0.0933242068 -0.1004198343 -0.9905586839 -0.4901895523 0.8613312244 -0.1335017234
-158.9 -405.0 2206.8 0.8666053414 -0.0991521925 0.4890440106 0.0933242068 0.9949718714 0.0363533497 -0.4901895523 0.0141356373 0.8715012074
227.9 -458.9 2520.5 0.9812819958 -0.1122338027 0.1564903706 0.1360630244 -0.1709997058 -0.9758309126 0.1362810135 0.9788578153 -0.1525280625
276.2 -385.3 2098.8 0.9812819958 -0.1416967213 -0.1304135919 0.1360630244 0.9893770218 -0.0511854887 0.1362810135 0.0324829295 0.9901375175
14.0 -475.6 2141.5 0 0 0 0 0 0 0 0 0
134.4 -441.2 2152.6 0 0 0 0 0 0 0 0 0
-121.0 -785.3 2201.4 0 0 0 0 0 0 0 0 0
330.4 -763.4 2086.3 0 0 0 0 0 0 0 0 0
125.1 109.6 2340.1 5 0.9688665271 -0.0248775110 0.2463305444 -0.0626262873 0.9379574656 0.3410480618 -0.2395319939 -0.3458568454 0.9071975946
130.1 -79.5 2409.8 0.9688665271 -0.0248775110 0.2463305444 -0.0626262873 0.9379574656 0.3410480618 -0.2395319939 -0.3458568454 0.9071975946
134.3 -266.3 2477.8 0.9689260125 -0.0211708043 0.2464431226 -0.0650502667 0.9394490123 0.3364580870 -0.2386438400 -0.3420341611 0.9088793993
-6.3 -70.4 2443.4 -0.3067853451 -0.8056762218 0.5067233443 0.9252690077 -0.3772374690 -0.0396119282 0.2230694294 0.4567030668 0.8611981869
93.6 -371.6 2370.8 0.2960781455 -0.8056762218 0.5130531788 0.4113177061 -0.3772374690 -0.8297647834 0.8620646596 0.4567030668 0.2196971327
266.4 -88.7 2376.2 0.0576455817 0.6856078506 0.7256851196 -0.9749308228 0.1951379478 -0.1069164351 -0.2149114460 -0.7013294697 0.6796690822
279.9 -315.7 2326.2 -0.5561344624 0.6856078506 0.4697407186 -0.4812581539 0.1951379478 -0.8545827866 -0.6775729060 -0.7013294697 0.2214314342
