-25.3 84.8 2512.4 4 0.9989523292 0.0454678424 0.0051869913 -0.0419568233 0.8647153974 0.5005066395 0.0182716865 -0.5001999140 0.8657171726
-34.3 -87.4 2612.1 0.9989523292 0.0454678424 0.0051869913 -0.0419568233 0.8647153974 0.5005066395 0.0182716865 -0.5001999140 0.8657171726
-43.5 -254.3 2713.8 0.9988957047 0.0465655923 0.0062426906 -0.0430133455 0.8529546857 0.5202097297 0.0188991409 -0.5199037790 0.8540157080
-176.6 -81.4 2609.4 -0.1528457254 -0.8654542565 -0.4771027863 0.8710867167 0.1100250557 -0.4786463976 0.4667398334 -0.4887569547 0.7370688915
-141.3 -282.7 2501.5 -0.3755256236 -0.8583541512 -0.3495835662 0.5466327071 0.0994743630 -0.8314430714 0.7484471798 -0.5033220053 0.4318492711
107.9 -93.4 2614.7 -0.1819422245 0.9001993537 0.3956490159 -0.8638914227 0.0458498672 -0.5015868545 -0.4696686268 -0.4330576062 0.7693324685
55.0 -344.6 2478.2 -0.3750437498 0.9001993537 0.2213216722 -0.4237766564 0.0458498672 -0.9046055079 -0.8244729042 -0.4330576062 0.3642877638
-136.3 -415.8 2812.6 0.9968601465 0.0791532099 -0.0021493693 0.0126266666 -0.1857009977 -0.9825251698 -0.0781691596 0.9794130325 -0.1861173660
-167.4 -342.9 2428.5 0.9968601465 0.0164087713 0.0774635598 0.0126266666 0.9328330755 -0.3600875735 -0.0781691596 0.3599350750 0.9296969175
44.2 -423.3 2811.4 0.9986903071 -0.0511331931 0.0017609518 0.0057034185 0.0770587772 -0.9970102310 0.0508446209 0.9957144856 0.0772494897
64.3 -453.5 2421.5 0.9986903071 -0.0260897037 -0.0440117233 0.0057034185 0.9116250873 -0.4109832048 0.0508446209 0.4101939201 0.9105799198
-91.1 -355.7 2401.6 0 0 0 0 0 0 0 0 0
-48.6 -461.6 2250.5 0 0 0 0 0 0 0 0 0
-175.1 -784.6 2258.1 0 0 0 0 0 0 0 0 0
74.0 -793.5 2268.5 0 0 0 0 0 0 0 0 0
-18.8 88.4 2519.4 5 0.9963430166 0.0667741075 0.0533087887 -0.0841390640 0.8753602505 0.4760935903 -0.0148736686 -0.4788378477 0.8777773380
-32.1 -85.2 2614.3 0.9963430166 0.0667741075 0.0533087887 -0.0841390640 0.8753602505 0.4760935903 -0.0148736686 -0.4788378477 0.8777773380
-44.8 -254.3 2712.2 0.9963847399 0.0648422092 0.0548906364 -0.0835879520 0.8637181520 0.4969949424 -0.0151837924 -0.4997863770 0.8660156131
-173.9 -73.4 2616.6 -0.1019864976 -0.8754099607 -0.4724999070 0.8640016317 0.1574666649 -0.4782316089 0.4930516779 -0.4570138454 0.7402961254
-150.4 -273.1 2502.6 -0.3286553323 -0.8692180514 -0.3693854213 0.5414891839 0.1470243186 -0.8277519345 0.7738056183 -0.4720633328 0.4223518670
109.8 -97.1 2612.1 -0.2048400342 0.9146246314 0.3485718966 -0.8577558398 0.0038029735 -0.5140432119 -0.4714822173 -0.4042862058 0.7837455869
50.0 -347.6 2474.4 -0.3629691899 0.9146246314 0.1780875325 -0.4327360988 0.0038029735 -0.9015126228 -0.8252229095 -0.4042862058 0.3944107294
-142.9 -417.5 2813.9 0.9982299209 0.0590461269 -0.0071145454 0.0022498597 -0.1570321172 -0.9875909090 -0.0594306290 0.9858267903 -0.1568869948
-166.0 -356.0 2427.7 0.9982299209 0.0197350979 0.0561033636 0.0022498597 0.9301323891 -0.3672174215 -0.0594306290 0.3666936159 0.9284415841
37.6 -425.3 2817.3 0.9968966246 -0.0757588446 -0.0213943869 -0.0165650602 0.0638102815 -0.9978245497 0.0769592151 0.9950823188 0.0623572990
67.3 -450.2 2427.7 0.9968966246 -0.0175695773 -0.0767361224 -0.0165650602 0.9061325192 -0.4226695001 0.0769592151 0.4226289392 0.9030293822
-106.5 -345.4 2399.3 0 0 0 0 0 0 0 0 0
-49.7 -466.4 2247.8 0 0 0 0 0 0 0 0 0
-175.2 -786.2 2258.1 0 0 0 0 0 0 0 0 0
73.9 -793.3 2267.7 0 0 0 0 0 0 0 0 0
-16.6 92.2 2516.3 6 0.9942571521 0.0754688159 0.0758759826 -0.1026998386 0.8722205758 0.4782092273 -0.0300907083 -0.4832553864 0.8749621511
-31.6 -81.4 2612.5 0.9942571521 0.0754688159 0.0758759826 -0.1026998386 0.8722205758 0.4782092273 -0.0300907083 -0.4832553864 0.8749621511
-46.2 -249.9 2711.1 0.9942300320 0.0740405992 0.0776181296 -0.1030139029 0.8608033657 0.4984031320 -0.0299118813 -0.5035231113 0.8634638190
-173.2 -66.8 2616.8 -0.0777224973 -0.8789958358 -0.4704525173 0.8672844768 0.1731202006 -0.4667409062 0.4917081296 -0.4442924261 0.7488840818
-155.2 -267.3 2503.2 -0.3063415885 -0.8732361197 -0.3789637089 0.5500814319 0.1625145972 -0.8191455603 0.7768946290 -0.4593992531 0.4305659831
109.9 -96.0 2608.2 -0.1623021215 0.8959069848 0.4135319591 -0.8931613564 0.0447538272 -0.4475041032 -0.4194291830 -0.4419816136 0.7929258347
63.2 -352.9 2487.5 -0.3891651332 0.8959069848 0.2142455578 -0.4007532895 0.0447538272 -0.9150922894 -0.8294258714 -0.4419816136 0.3416210413
-147.5 -415.8 2811.5 0.9990904927 0.0360267311 -0.0228096545 -0.0167909395 -0.1593099833 -0.9870858192 -0.0391952805 0.9865710139 -0.1585601717
-161.6 -353.4 2425.2 0.9990904927 0.0297368653 0.0305601787 -0.0167909395 0.9331565499 -0.3590778708 -0.0391952805 0.3582381308 0.9328071475
32.3 -430.8 2808.7 0.9954470992 -0.0887754932 -0.0346990675 -0.0268637240 0.0879806429 -0.9957599044 0.0914519206 0.9921584129 0.0851952359
67.1 -465.2 2420.3 0.9954470992 -0.0145463813 -0.0941993445 -0.0268637240 0.9054064155 -0.4236951172 0.0914519206 0.4242966175 0.9008933902
-114.3 -340.7 2399.5 0 0 0 0 0 0 0 0 0
-43.2 -462.5 2260.6 0 0 0 0 0 0 0 0 0
-175.4 -786.5 2258.9 0 0 0 0 0 0 0 0 0
72.4 -794.4 2266.1 0 0 0 0 0 0 0 0 0
-15.5 89.7 2507.3 7 0.9944468737 0.0760100633 0.0727866665 -0.1026807800 0.8523734808 0.5127534866 -0.0230669938 -0.5173798800 0.8554449081
-30.7 -80.4 2610.5 0.9944468737 0.0760100633 0.0727866665 -0.1026807800 0.8523734808 0.5127534866 -0.0230669938 -0.5173798800 0.8554449081
-45.6 -245.2 2714.9 0.9943626523 0.0757253990 0.0742200837 -0.1036216393 0.8424198627 0.5287639499 -0.0224836152 -0.5334739089 0.8455176353
-172.3 -65.7 2613.7 -0.0798066035 -0.8773517013 -0.4731647670 0.8841583729 0.1568992734 -0.4400528669 0.4603203535 -0.4534717202 0.7631962895
-153.8 -270.0 2507.4 -0.3094223738 -0.8715321422 -0.3803808093 0.5771871209 0.1457664818 -0.8034968376 0.7557200789 -0.4681707919 0.4579336941
110.9 -95.1 2607.3 -0.1678555161 0.8914027214 0.4209818542 -0.8856171370 0.0512249544 -0.4615823328 -0.4330205321 -0.4503079057 0.7808431387
63.9 -343.2 2486.0 -0.3880882263 0.8914027214 0.2340698987 -0.4268846512 0.0512249544 -0.9028540850 -0.8167967796 -0.4503079057 0.3606463373
-150.5 -409.1 2812.5 0.9992022514 0.0337097049 -0.0214136560 -0.0159887467 -0.1536801904 -0.9879912734 -0.0365957506 0.9875454903 -0.1530186087
-163.7 -348.9 2425.7 0.9992022514 0.0279885624 0.0284873545 -0.0159887467 0.9340218306 -0.3568578959 -0.0365957506 0.3561177254 0.9337242246
29.1 -427.7 2807.0 0.9943323135 -0.0976884216 -0.0419552922 -0.0323652253 0.0977642462 -0.9946832061 0.1012707576 0.9904035330 0.0940484405
67.3 -466.0 2419.2 0.9943323135 -0.0135148810 -0.1054543555 -0.0323652253 0.9063311815 -0.4213267863 0.1012707576 0.4223518968 0.9007569551
-112.5 -347.1 2406.5 0 0 0 0 0 0 0 0 0
-42.1 -459.8 2262.8 0 0 0 0 0 0 0 0 0
-176.7 -783.8 2259.9 0 0 0 0 0 0 0 0 0
72.2 -794.2 2266.3 0 0 0 0 0 0 0 0 0
-12.1 91.5 2510.3 8 0.9930970669 0.0923232287 0.0723509043 -0.1162137613 0.8580356836 0.5002690554 -0.0158932023 -0.5052238703 0.8628419638
-30.5 -80.0 2611.3 0.9930970669 0.0923232287 0.0723509043 -0.1162137613 0.8580356836 0.5002690554 -0.0158932023 -0.5052238703 0.8628419638
-49.0 -246.4 2712.6 0.9928574562 0.0938314274 0.0736868680 -0.1184128895 0.8504651785 0.5125303268 -0.0145766614 -0.5175950527 0.8555015326
-171.9 -63.2 2613.4 -0.0710570738 -0.8702641726 -0.4874332845 0.8769970536 0.1783026159 -0.4461886883 0.4752126634 -0.4591824114 0.7505494356
-155.5 -265.8 2503.5 -0.3082549274 -0.8644658327 -0.3970865905 0.5683994293 0.1673437953 -0.8055545688 0.7628243566 -0.4740199447 0.4397773445
110.9 -96.8 2609.2 -0.1591435969 0.8828469515 0.4418761730 -0.8835701346 0.0723049492 -0.4626833200 -0.4404284060 -0.4640616775 0.7685503364
67.5 -337.5 2489.2 -0.3947158754 0.8828469515 0.2545203269 -0.4212359786 0.0723049492 -0.9040642977 -0.8165534735 -0.4640616775 0.3433470130
-150.3 -400.7 2821.4 0.9990837574 0.0399550982 -0.0153374514 -0.0072458144 -0.1952835023 -0.9807200432 -0.0421799161 0.9799326062 -0.1948150694
-165.9 -324.3 2437.9 0.9990837574 0.0220437963 0.0366840325 -0.0072458144 0.9318979979 -0.3626480699 -0.0421799161 0.3620499969 0.9312039018
29.4 -419.4 2817.3 0.9947429299 -0.0951223075 -0.0379238389 -0.0307095014 0.0761924386 -0.9966201186 0.0976903141 0.9925454259 0.0728707314
66.6 -449.2 2428.7 0.9947429299 -0.0137806162 -0.1014719903 -0.0307095014 0.9051529169 -0.4239753783 0.0976903141 0.4248626530 0.8999713063
-114.3 -341.7 2401.7 0 0 0 0 0 0 0 0 0
-40.3 -452.5 2266.2 0 0 0 0 0 0 0 0 0
-176.8 -784.2 2259.2 0 0 0 0 0 0 0 0 0
71.9 -795.8 2266.0 0 0 0 0 0 0 0 0 0
-11.2 91.5 2511.3 9 0.9938272834 0.0902165323 0.0645625964 -0.1103812084 0.8623922467 0.4940603375 -0.0111058718 -0.4981371164 0.8670271635
-29.3 -80.7 2610.8 0.9938272834 0.0902165323 0.0645625964 -0.1103812084 0.8623922467 0.4940603375 -0.0111058718 -0.4981371164 0.8670271635
-47.2 -247.6 2711.5 0.9936106205 0.0913626626 0.0662627965 -0.1124274209 0.8527238369 0.5101196766 -0.0098979753 -0.5143101215 0.8575471640
-170.8 -64.8 2612.2 -0.0787276626 -0.8689712882 -0.4885599911 0.8749747872 0.1746207327 -0.4515824616 0.4777249098 -0.4630296826 0.7465804815
-152.6 -267.0 2501.8 -0.3155308366 -0.8630319834 -0.3944819868 0.5640121698 0.1637460738 -0.8093686104 0.7631058693 -0.4778733850 0.4350936115
112.2 -96.7 2609.3 -0.1737442762 0.8880823255 0.4255852103 -0.8759958744 0.0580745190 -0.4788095057 -0.4499378800 -0.4560013115 0.7678663135
65.8 -331.0 2489.0 -0.3879349530 0.8880823255 0.2466096133 -0.4374929965 0.0580745190 -0.8973445296 -0.8112375140 -0.4560013115 0.3660006523
-157.1 -402.1 2815.2 0.9994707704 0.0319517069 -0.0061000250 -0.0022906053 -0.1179295257 -0.9930193424 -0.0324480385 0.9925078154 -0.1177939326
-169.5 -356.1 2427.8 0.9994707704 0.0140059376 0.0293590818 -0.0022906053 0.9306201935 -0.3659792542 -0.0324480385 0.3657183349 0.9301598072
22.4 -423.5 2812.6 0.9933831692 -0.1085292548 -0.0375668444 -0.0297550559 0.0727225691 -0.9969082475 0.1109256670 0.9914296865 0.0690120831
64.9 -452.0 2424.3 0.9933831692 -0.0192329846 -0.1132252589 -0.0297550559 0.9091141820 -0.4154828489 0.1109256670 0.4161026776 0.9025264978
-110.4 -342.3 2399.9 0 0 0 0 0 0 0 0 0
-40.2 -450.4 2267.5 0 0 0 0 0 0 0 0 0
-176.0 -783.9 2259.7 0 0 0 0 0 0 0 0 0
72.1 -795.4 2267.1 0 0 0 0 0 0 0 0 0
-10.2 88.9 2519.8 0 0.9947800636 0.0968582332 0.0321099944 -0.1004479602 0.8740916848 0.4752620161 0.0179659575 -0.4760065675 0.8792582154
-29.4 -85.0 2614.5 0.9947800636 0.0968582332 0.0321099944 -0.1004479602 0.8740916848 0.4752620161 0.0179659575 -0.4760065675 0.8792582154
-48.6 -253.9 2711.5 0.9946028590 0.0979197174 0.0343055911 -0.1020285264 0.8629720807 0.4948427379 0.0188500918 -0.4956721365 0.8683051467
-171.0 -70.6 2611.8 -0.1028625891 -0.8561429381 -0.5063976049 0.8651462793 0.1742233783 -0.4702852070 0.4908576608 -0.4864827693 0.7227677703
-147.2 -270.5 2498.4 -0.3449603617 -0.8496321440 -0.3989079893 0.5465520620 0.1636863053 -0.8212719560 0.7630748153 -0.5013302565 0.4079028964
112.2 -99.5 2617.2 -0.1654279828 0.8888647556 0.4272623062 -0.8705939054 0.0719286278 -0.4867160320 -0.4633571208 -0.4524884224 0.7619411945
69.9 -322.1 2498.7 -0.3717271090 0.8888647556 0.2678403556 -0.4641224742 0.0719286278 -0.8828457594 -0.8039958477 -0.4524884224 0.3858042657
-154.9 -404.4 2813.1 0.9995061755 0.0263266992 -0.0171551816 -0.0135729862 -0.1306736469 -0.9913325310 -0.0283402447 0.9910758138 -0.1302517802
-165.2 -353.3 2425.6 0.9995061755 0.0228868760 0.0215310548 -0.0135729862 0.9324381948 -0.3610744774 -0.0283402447 0.3606039286 0.9322884083
24.7 -424.7 2811.3 0.9934517741 -0.1073108017 -0.0392166488 -0.0317266211 0.0706362426 -0.9969974756 0.1097587124 0.9917131066 0.0667690933
66.7 -452.4 2422.8 0.9934517741 -0.0164645594 -0.1130595952 -0.0317266211 0.9108884335 -0.4114312232 0.1097587124 0.4123240709 0.9044014215
-101.2 -343.5 2396.5 0 0 0 0 0 0 0 0 0
-31.6 -448.7 2279.3 0 0 0 0 0 0 0 0 0
-175.8 -785.6 2258.4 0 0 0 0 0 0 0 0 0
72.9 -794.5 2268.0 0 0 0 0 0 0 0 0 0
-10.5 83.8 2516.0 1 0.9961020350 0.0853534564 0.0222602803 -0.0849463567 0.8602215052 0.5027952194 0.0237665400 -0.5027263165 0.8641188741
-27.5 -87.0 2615.9 0.9961020350 0.0853534564 0.0222602803 -0.0849463567 0.8602215052 0.5027952194 0.0237665400 -0.5027263165 0.8641188741
-44.1 -252.6 2718.7 0.9961163998 0.0845678672 0.0245039128 -0.0848023221 0.8466604948 0.5253328085 0.0236797817 -0.5253706574 0.8505439162
-169.3 -75.0 2612.5 -0.1180616766 -0.8579970002 -0.4999025464 0.8799183965 0.1429260373 -0.4531178176 0.4602228403 -0.4933692813 0.7380932570
-142.0 -278.3 2506.2 -0.3553680182 -0.8512852788 -0.3860400617 0.5670436621 0.1319868565 -0.8130442500 0.7430847883 -0.5078315139 0.4358120263
114.4 -99.1 2619.2 -0.2026261538 0.9180164337 0.3408642709 -0.8577958345 0.0015123790 -0.5139883161 -0.4723652601 -0.3965394497 0.7871642113
58.5 -335.5 2489.0 -0.3559599221 0.9180164337 0.1747522503 -0.4375438988 0.0015123790 -0.8991957903 -0.8257408142 -0.3965394497 0.4011341631
-157.6 -413.6 2806.9 0.9995796084 0.0231943112 -0.0173977315 -0.0150222266 -0.0989255086 -0.9949814677 -0.0247989893 0.9948244691 -0.0985354930
-166.7 -374.9 2417.7 0.9995796084 0.0229537673 0.0177138839 -0.0150222266 0.9325539470 -0.3607179821 -0.0247989893 0.3603002131 0.9325066805
22.1 -432.1 2810.3 0.9925119281 -0.1139401272 -0.0440201536 -0.0360286757 0.0712713599 -0.9968060851 0.1167135835 0.9909278750 0.0666325614
66.7 -460.0 2422.1 0.9925119281 -0.0164849889 -0.1210304573 -0.0360286757 0.9072586298 -0.4190270603 0.1167135835 0.4202499092 0.8998710513
-94.6 -354.0 2407.0 0 0 0 0 0 0 0 0 0
-39.8 -456.4 2260.9 0 0 0 0 0 0 0 0 0
-176.8 -784.7 2259.4 0 0 0 0 0 0 0 0 0
72.8 -793.1 2267.8 0 0 0 0 0 0 0 0 0
-9.9 86.0 2508.2 2 0.9951250553 0.0955625549 0.0243714340 -0.0942244679 0.8483055234 0.5210561752 0.0291190352 -0.5208123922 0.8531743884
-28.9 -83.0 2611.9 0.9951250553 0.0955625549 0.0243714340 -0.0942244679 0.8483055234 0.5210561752 0.0291190352 -0.5208123922 0.8531743884
-47.7 -246.8 2717.2 0.9950843453 0.0954647064 0.0263372771 -0.0945835784 0.8373624682 0.5384032130 0.0293446556 -0.5382477045 0.8422756791
-170.6 -69.6 2607.7 -0.1109401733 -0.8544082046 -0.5076208115 0.8882262707 0.1438798308 -0.4362943172 0.4458098412 -0.4992847145 0.7429457307
-145.0 -274.8 2504.7 -0.3526323736 -0.8477486968 -0.3961976469 0.5822902918 0.1326460093 -0.8020867109 0.7325220108 -0.5135437846 0.4468605220
112.8 -96.4 2616.0 -0.1957578063 0.9085166454 0.3691562712 -0.8603397608 0.0215518661 -0.5092651844 -0.4706319273 -0.4172924459 0.7774140239
56.1 -345.6 2479.7 -0.3682035804 0.9085166454 0.1975439042 -0.4308428466 0.0215518661 -0.9021695852 -0.8238935471 -0.4172924459 0.3834924400
-150.7 -410.7 2819.4 0.9990553856 0.0431848913 -0.0048435987 -0.0043562730 -0.0113716144 -0.9999258518 -0.0432367697 0.9990023971 -0.0111727472
-168.5 -406.0 2407.9 0.9990553856 0.0197676271 0.0386993065 -0.0043562730 0.9316189289 -0.3634105623 -0.0432367697 0.3628986776 0.9308249950
29.3 -426.0 2823.6 0.9942507744 -0.0986420065 -0.0416546464 -0.0370820276 0.0477446243 -0.9981710315 0.1004503742 0.9939769506 0.0438122861
68.0 -444.7 2434.5 0.9942507744 -0.0103095667 -0.1065789238 -0.0370820276 0.9006081223 -0.4330472946 0.1004503742 0.4345097840 0.8950480223
-97.9 -352.6 2406.9 0 0 0 0 0 0 0 0 0
-45.0 -463.9 2253.5 0 0 0 0 0 0 0 0 0
-176.5 -786.1 2259.9 0 0 0 0 0 0 0 0 0
72.0 -793.8 2266.0 0 0 0 0 0 0 0 0 0
-6.3 90.1 2509.7 3 0.9933326244 0.1049748883 0.0476507172 -0.1144958064 0.8500868082 0.5140458345 0.0134546608 -0.5160742998 0.8564381003
-27.3 -79.8 2612.8 0.9933326244 0.1049748883 0.0476507172 -0.1144958064 0.8500868082 0.5140458345 0.0134546608 -0.5160742998 0.8564381003
-47.6 -244.2 2717.0 0.9934157133 0.1032654196 0.0496130995 -0.1138211787 0.8403394222 0.5299758315 0.0130363330 -0.5321333408 0.8465601802
-168.8 -63.6 2611.0 -0.0869871527 -0.8590514660 -0.5044440627 0.8860127926 0.1647761464 -0.4333937764 0.4554278851 -0.4846435785 0.7467972040
-148.7 -268.4 2505.7 -0.3300837278 -0.8528288603 -0.4046326876 0.5821009278 0.1535498649 -0.7984866500 0.7431038022 -0.4991045296 0.4457481503
114.2 -95.9 2614.6 -0.2054353803 0.9142377377 0.3492357731 -0.8609930873 0.0008186540 -0.5086159706 -0.4652818441 -0.4051772952 0.7869842052
53.2 -351.6 2476.4 -0.3675531745 0.9142377377 0.1705109179 -0.4191530049 0.0008186540 -0.9079152346 -0.8301900029 -0.4051772952 0.3829046190
-156.3 -402.2 2819.9 0.9995412230 0.0280123744 -0.0115157124 -0.0096862717 -0.0645892397 -0.9978649020 -0.0286963582 0.9975187182 -0.0642882735
-167.6 -376.3 2419.8 0.9995412230 0.0195163004 0.0231607165 -0.0096862717 0.9305322170 -0.3660818934 -0.0286963582 0.3656896353 0.9302943945
23.5 -419.3 2825.2 0.9935966134 -0.1076307222 -0.0343720093 -0.0326063968 0.0181219745 -0.9993039370 0.1081786975 0.9940257668 0.0144964810
65.7 -426.4 2436.1 0.9935966134 -0.0157937501 -0.1118765622 -0.0326063968 0.9079708457 -0.4177628160 0.1081786975 0.4187355936 0.9016417861
-104.6 -346.1 2406.5 0 0 0 0 0 0 0 0 0
-47.9 -466.9 2248.2 0 0 0 0 0 0 0 0 0
-176.2 -785.5 2258.9 0 0 0 0 0 0 0 0 0
72.1 -795.2 2266.0 0 0 0 0 0 0 0 0 0
-3.6 92.5 2510.0 4 0.9927341342 0.1077550948 0.0535517335 -0.1199810728 0.8526386619 0.5085389614 0.0091373837 -0.5112691522 0.8593720794
-25.1 -78.3 2612.4 0.9927341342 0.1077550948 0.0535517335 -0.1199810728 0.8526386619 0.5085389614 0.0091373837 -0.5112691522 0.8593720794
-46.4 -243.0 2715.9 0.9925943017 0.1079341099 0.0557381026 -0.1210794970 0.8419985175 0.5257169008 0.0098113874 -0.5285723805 0.8488315344
-166.5 -61.1 2611.0 -0.0793243870 -0.8591327071 -0.5055676699 0.8845236897 0.1732197106 -0.4331428707 0.4597014785 -0.4815453589 0.7461826801
-148.2 -265.5 2504.8 -0.3238470852 -0.8530307412 -0.4092207551 0.5810672045 0.1620150059 -0.7975663543 0.7466484904 -0.4960742891 0.4432001114
116.2 -95.4 2613.8 -0.2230810821 0.9242629409 0.3097949028 -0.8553178310 -0.0331377462 -0.5170428157 -0.4676176310 -0.3803155720 0.7979309559
49.5 -351.3 2473.9 -0.3573271334 0.9242629409 0.1343702525 -0.4257454574 -0.0331377462 -0.9042359591 -0.8312990665 -0.3803155720 0.4053417742
-157.6 -398.4 2820.0 0.9996110797 0.0255230721 -0.0112353032 -0.0096211964 -0.0625064969 -0.9979981780 -0.0261742584 0.9977181554 -0.0622366220
-167.7 -373.6 2424.5 0.9996110797 0.0186809078 0.0207046587 -0.0096211964 0.9279024005 -0.3726989925 -0.0261742584 0.3723548353 0.9277212620
21.9 -419.0 2822.4 0.9920948744 -0.1166630611 -0.0462326296 -0.0418862067 0.0394380391 -0.9983437061 0.1182931587 0.9923881888 0.0342397057
67.6 -434.4 2433.9 0.9920948744 -0.0120282853 -0.1249121502 -0.0418862067 0.9065700769 -0.4199717641 0.1182931587 0.4218839407 0.8988996744
-104.9 -343.1 2405.1 0 0 0 0 0 0 0 0 0
-48.8 -468.3 2245.3 0 0 0 0 0 0 0 0 0
-176.0 -785.9 2259.1 0 0 0 0 0 0 0 0 0
72.4 -794.5 2266.3 0 0 0 0 0 0 0 0 0
-3.0 91.4 2510.1 5 0.9917855263 0.1096429154 0.0658775792 -0.1278840005 0.8606843948 0.4928164780 -0.0026659654 -0.4971929491 0.8676359057
-25.0 -80.9 2609.7 0.9917855263 0.1096429154 0.0658775792 -0.1278840005 0.8606843948 0.4928164780 -0.0026659654 -0.4971929491 0.8676359057
-46.3 -247.4 2710.2 0.9917749166 0.1084662154 0.0679531768 -0.1279676110 0.8511372209 0.5091067553 -0.0026165966 -0.5136151314 0.8580167294
-166.3 -62.8 2610.1 -0.0685208067 -0.8627146482 -0.5010272861 0.8761482239 0.1881544590 -0.4438041747 0.4771468937 -0.4693839848 0.7429734468
-150.4 -265.2 2499.8 -0.3122476935 -0.8568376899 -0.4102810919 0.5689592957 0.1771866977 -0.8030505776 0.7607803345 -0.4841839373 0.4321796000
116.3 -99.0 2609.3 -0.2285974026 0.9239733219 0.3066211343 -0.8542653322 -0.0393374898 -0.5183466673 -0.4668767750 -0.3804285228 0.7983108163
49.4 -348.8 2472.7 -0.3585234582 0.9239733219 0.1331699044 -0.4354369938 -0.0393374898 -0.8993593454 -0.8257454634 -0.3804285228 0.4164355695
-157.2 -397.0 2818.5 0.9995959401 0.0265601091 -0.0101262107 -0.0077490890 -0.0881228745 -0.9960794449 -0.0273483302 0.9957554340 -0.0878814533
-167.7 -362.3 2426.2 0.9995959401 0.0172381364 0.0226014648 -0.0077490890 0.9302688241 -0.3667967021 -0.0273483302 0.3664733469 0.9300265312
22.2 -418.9 2820.3 0.9931584597 -0.1111128777 -0.0359201692 -0.0312486235 0.0435032435 -0.9985644817 0.1125160158 0.9928551912 0.0397334881
65.7 -435.9 2431.5 0.9931584597 -0.0180475470 -0.1153716445 -0.0312486235 0.9108796120 -0.4114873707 0.1125160158 0.4122773707 0.9040837884
-108.7 -341.2 2398.3 0 0 0 0 0 0 0 0 0
-49.8 -469.4 2244.2 0 0 0 0 0 0 0 0 0
-175.5 -785.6 2259.5 0 0 0 0 0 0 0 0 0
72.8 -795.2 2268.8 0 0 0 0 0 0 0 0 0
-2.2 93.0 2511.2 6 0.9911977649 0.1064395458 0.0787250847 -0.1313240826 0.8657897115 0.4828686416 -0.0167630501 -0.4889568090 0.8721469045
-23.5 -80.3 2609.0 0.9911977649 0.1064395458 0.0787250847 -0.1313240826 0.8657897115 0.4828686416 -0.0167630501 -0.4889568090 0.8721469045
-44.4 -247.8 2708.0 0.9910168648 0.1066188589 0.0807343200 -0.1327863038 0.8563050032 0.4991087615 -0.0159187950 -0.5053455830 0.8627701998
-164.6 -61.5 2611.3 -0.0584203564 -0.8672894835 -0.4943642020 0.8710645437 0.1976324171 -0.4496531487 0.4876818657 -0.4568920434 0.7439193726
-151.1 -262.8 2498.6 -0.3002923727 -0.8616445661 -0.4091370106 0.5619099736 0.1868027300 -0.8058299422 0.7707669139 -0.4718827605 0.4280712605
117.7 -99.1 2606.7 -0.2386242598 0.9308710098 0.2766542435 -0.8609257340 -0.0709785298 -0.5037548542 -0.4492942691 -0.3583868742 0.8183480501
48.5 -348.8 2476.4 -0.3520054519 0.9308710098 0.0978328213 -0.4369197190 -0.0709785298 -0.8966957331 -0.8277640343 -0.3583868742 0.4317007363
-157.2 -402.6 2811.0 0.9996030927 0.0252800342 -0.0124333119 -0.0111904182 -0.0487257093 -0.9987494946 -0.0258542430 0.9984922409 -0.0484234728
-167.2 -383.4 2419.1 0.9996030927 0.0199557506 0.0198855568 -0.0111904182 0.9290423393 -0.3698041439 -0.0258542430 0.3694348335 0.9288969040
22.0 -425.7 2810.6 0.9934469461 -0.1091314703 -0.0339633189 -0.0260608643 0.0730398819 -0.9969884753 0.1112834960 0.9913402796 0.0697171912
64.8 -454.3 2422.5 0.9934469461 -0.0223572459 -0.1120862961 -0.0260608643 0.9105378389 -0.4126035571 0.1112834960 0.4128208160 0.9039883614
-111.0 -337.8 2395.7 0 0 0 0 0 0 0 0 0
-50.0 -471.0 2244.9 0 0 0 0 0 0 0 0 0
-175.8 -784.7 2259.5 0 0 0 0 0 0 0 0 0
73.1 -793.6 2268.6 0 0 0 0 0 0 0 0 0
-3.0 89.4 2511.2 7 0.9911866188 0.1185480803 0.0591223389 -0.1322673559 0.8607624173 0.4915215671 0.0073786522 -0.4950095713 0.8688561916
-26.6 -82.2 2609.9 0.9911866188 0.1185480803 0.0591223389 -0.1322673559 0.8607624173 0.4915215671 0.0073786522 -0.4950095713 0.8688561916
-50.0 -248.6 2710.1 0.9910230637 0.1187211275 0.0614701472 -0.1334470510 0.8506843448 0.5084565282 0.0080728447 -0.5120951533 0.8588907719
-167.8 -63.3 2608.8 -0.0688422993 -0.8565292358 -0.5114864707 0.8763651848 0.1930663437 -0.4412588775 0.4767019451 -0.4786262512 0.7373412848
-151.9 -265.8 2498.6 -0.3173191845 -0.8505530357 -0.4193663299 0.5704399943 0.1820708662 -0.8009047508 0.7575663328 -0.4933657646 0.4274148941
114.5 -101.0 2611.0 -0.2165632546 0.9203842282 0.3255659640 -0.8567907214 -0.0193229783 -0.5153021216 -0.4679850638 -0.3905374110 0.7927613258
50.7 -353.5 2473.1 -0.3614344597 0.9203842282 0.1491910219 -0.4231240153 -0.0193229783 -0.9058657289 -0.8308617473 -0.3905374110 0.3964206576
-154.9 -403.5 2808.4 0.9993196726 0.0368629433 -0.0011447540 -0.0005746676 -0.0154719083 -0.9998801351 -0.0368762352 0.9992005229 -0.0154401986
-169.4 -397.5 2416.8 0.9993196726 0.0144327451 0.0339393988 -0.0005746676 0.9262297750 -0.3769589961 -0.0368762352 0.3766830266 0.9256079197
24.2 -427.5 2805.5 0.9938126206 -0.1051324233 -0.0358272307 -0.0249580182 0.1029377654 -0.9943746328 0.1082289889 0.9891162515 0.0996769592
65.4 -467.8 2418.3 0.9938126206 -0.0228102282 -0.1087019369 -0.0249580182 0.9077939391 -0.4186731577 0.1082289889 0.4187956750 0.9016078115
-109.5 -342.0 2397.5 0 0 0 0 0 0 0 0 0
-49.9 -471.3 2241.8 0 0 0 0 0 0 0 0 0
-175.4 -786.9 2258.4 0 0 0 0 0 0 0 0 0
73.6 -793.7 2268.0 0 0 0 0 0 0 0 0 0
-3.9 85.9 2511.3 8 0.9908754826 0.1160434261 0.0685547739 -0.1347773820 0.8566632271 0.4979590178 -0.0009434876 -0.5026549697 0.8644865751
-27.1 -85.2 2611.7 0.9908754826 0.1160434261 0.0685547739 -0.1347773820 0.8566632271 0.4979590178 -0.0009434876 -0.5026549697 0.8644865751
-49.8 -250.8 2713.5 0.9908033013 0.1152229607 0.0709404349 -0.1353088468 0.8461242318 0.5155243278 -0.0006241807 -0.5203820467 0.8539333344
-168.2 -66.1 2611.8 -0.0624705218 -0.8608744144 -0.5049679279 0.8804668784 0.1907151639 -0.4340573251 0.4699739218 -0.4717233479 0.7460573912
-153.8 -269.6 2503.2 -0.3087192476 -0.8550653458 -0.4166001081 0.5773947239 0.1795847416 -0.7964701653 0.7558490634 -0.4864283502 0.4382689297
114.0 -104.4 2611.5 -0.2058165669 0.9045621753 0.3733722270 -0.8597458601 0.0150969708 -0.5104988813 -0.4674147666 -0.4260743558 0.7745863795
56.7 -343.7 2481.5 -0.3791450560 0.9045621753 0.1949777007 -0.4285553098 0.0150969708 -0.9033893943 -0.8201154470 -0.4260743558 0.3819309771
-162.8 -403.2 2809.7 0.9998222589 0.0154913981 -0.0107481759 -0.0096779047 -0.0675804317 -0.9976668954 -0.0161816217 0.9975935817 -0.0674184933
-168.9 -376.8 2419.4 0.9998222589 0.0149300164 0.0115152644 -0.0096779047 0.9305062890 -0.3661479652 -0.0161816217 0.3659714460 0.9304853678
16.3 -427.3 2811.1 0.9906660914 -0.1272129864 -0.0489642248 -0.0384323746 0.0839644447 -0.9957273602 0.1307806969 0.9883151650 0.0782916322
66.1 -460.2 2424.3 0.9906660914 -0.0204685889 -0.1347652674 -0.0384323746 0.9066093564 -0.4202170968 0.1307806969 0.4214741886 0.8973605037
-112.6 -346.6 2402.3 0 0 0 0 0 0 0 0 0
-48.6 -462.7 2253.6 0 0 0 0 0 0 0 0 0
-175.4 -786.5 2258.3 0 0 0 0 0 0 0 0 0
73.7 -794.4 2268.9 0 0 0 0 0 0 0 0 0
-4.8 82.0 2519.8 9 0.9925552607 0.1067480296 0.0586427040 -0.1217948049 0.8684723973 0.4805431366 0.0003674632 -0.4841079712 0.8750081658
-26.0 -90.0 2615.7 0.9925552607 0.1067480296 0.0586427040 -0.1217948049 0.8684723973 0.4805431366 0.0003674632 -0.4841079712 0.8750081658
-46.5 -257.7 2714.4 0.9926547408 0.1043936089 0.0611436963 -0.1209816858 0.8569605947 0.5009810328 -0.0000985170 -0.5046984553 0.8632956743
-167.3 -72.9 2615.7 -0.0764825270 -0.8622511625 -0.5006729364 0.8708403707 0.1867796630 -0.4546981454 0.4855795205 -0.4707826674 0.7365977168
-149.6 -274.1 2503.5 -0.3191018105 -0.8562415242 -0.4062319994 0.5591351986 0.1760016084 -0.8101797700 0.7652070522 -0.4856684506 0.4225923717
115.4 -107.1 2615.6 -0.1995161474 0.8937633634 0.4017218053 -0.8567806482 0.0398314074 -0.5141404271 -0.4755210280 -0.4467667639 0.7578121424
62.2 -335.4 2488.9 -0.3836713433 0.8937633634 0.2323432714 -0.4480636120 0.0398314074 -0.8931139112 -0.8074870110 -0.4467667639 0.3851806521
-161.9 -404.3 2815.5 0.9997662306 0.0124274865 -0.0176918134 -0.0163868181 -0.0982387066 -0.9950279593 -0.0141037172 0.9950852990 -0.0980120972
-166.7 -365.9 2426.1 0.9997662306 0.0204417054 0.0070412606 -0.0163868181 0.9288928509 -0.3699858189 -0.0141037172 0.3697839379 0.9290107489
17.2 -428.8 2815.4 0.9894404411 -0.1308590472 -0.0623183548 -0.0527617596 0.0752710477 -0.9957662821 0.1349958032 0.9885393977 0.0675718635
68.4 -458.2 2428.3 0.9894404411 -0.0106619010 -0.1445475370 -0.0527617596 0.9023709893 -0.4277181327 0.1349958032 0.4308281839 0.8922798038
-107.0 -348.8 2401.3 0 0 0 0 0 0 0 0 0
-44.2 -459.8 2264.8 0 0 0 0 0 0 0 0 0
-176.0 -785.3 2259.2 0 0 0 0 0 0 0 0 0
72.4 -793.5 2268.2 0 0 0 0 0 0 0 0 0
-3.2 82.8 2516.0 0 0.9925183654 0.1103067696 0.0523420125 -0.1217585951 0.8623982072 0.4913696647 0.0090617407 -0.4940665066 0.8693768978
-25.1 -88.1 2613.9 0.9925183654 0.1103067696 0.0523420125 -0.1217585951 0.8623982072 0.4913696647 0.0090617407 -0.4940665066 0.8693768978
-46.7 -254.3 2715.1 0.9923827648 0.1101239771 0.0552187897 -0.1228113845 0.8491308093 0.5137063265 0.0096834041 -0.5165748000 0.8561872840
-166.4 -70.7 2612.6 -0.0786477700 -0.8580833077 -0.5074520111 0.8781369925 0.1813261360 -0.4427146614 0.4719003737 -0.4804309309 0.7392538190
-148.2 -273.7 2503.5 -0.3241135180 -0.8519760370 -0.4112022519 0.5710942745 0.1703157723 -0.8030217290 0.7541894913 -0.4951054454 0.4313569963
116.3 -105.5 2615.3 -0.2167643756 0.9127067327 0.3463806808 -0.8502295017 -0.0021496036 -0.5264078379 -0.4797113836 -0.4086095393 0.7764761448
55.8 -342.6 2481.5 -0.3687732518 0.9127067327 0.1759905070 -0.4350272417 -0.0021496036 -0.9004147053 -0.8214362860 -0.4086095393 0.3978450000
-156.6 -414.5 2813.3 0.9994921088 0.0295465738 -0.0119395442 -0.0081812264 -0.1241980866 -0.9922237396 -0.0307996795 0.9918174148 -0.1238932759
-168.2 -365.9 2425.2 0.9994921088 0.0189290736 0.0256367493 -0.0081812264 0.9299252033 -0.3676577806 -0.0307996795 0.3672612906 0.9296077490
22.8 -436.4 2813.3 0.9930953383 -0.1091499925 -0.0429873578 -0.0358858518 0.0662134886 -0.9971599579 0.1116863415 0.9918175340 0.0618393645
65.6 -462.3 2424.9 0.9930953383 -0.0162270423 -0.1161822528 -0.0358858518 0.9008865952 -0.4325686097 0.1116863415 0.4337511659 0.8940839171
-105.0 -349.9 2402.8 0 0 0 0 0 0 0 0 0
-46.2 -462.9 2254.4 0 0 0 0 0 0 0 0 0
-176.7 -786.0 2259.3 0 0 0 0 0 0 0 0 0
71.5 -794.5 2265.0 0 0 0 0 0 0 0 0 0
-2.8 81.0 2514.1 1 0.9923477173 0.1034798473 0.0673645064 -0.1233477369 0.8555499315 0.5028117895 -0.0056028143 -0.5072733760 0.8617669940
-23.3 -88.9 2614.9 0.9923477173 0.1034798473 0.0673645064 -0.1233477369 0.8555499315 0.5028117895 -0.0056028143 -0.5072733760 0.8617669940
-43.7 -253.5 2718.6 0.9921454191 0.1035874858 0.0701222345 -0.1250057369 0.8416133523 0.5254145861 -0.0045894296 -0.5300533772 0.8479518890
-164.6 -71.1 2615.6 -0.0691488534 -0.8653340340 -0.4964025021 0.8847884536 0.1766608059 -0.4312079847 0.4608338177 -0.4690287411 0.7534216642
-148.6 -275.6 2509.1 -0.3106830120 -0.8594878316 -0.4059024155 0.5822752714 0.1654333621 -0.7959819436 0.7512866259 -0.4836450219 0.4490611851
118.0 -106.6 2614.2 -0.2202443331 0.9156584144 0.3362471759 -0.8475025892 -0.0089618564 -0.5307156444 -0.4829408228 -0.4018574357 0.7779965997
54.5 -350.8 2475.0 -0.3681027591 0.9156584144 0.1614623070 -0.4202859402 -0.0089618564 -0.9073474407 -0.8293733001 -0.4018574357 0.3881372213
-158.0 -409.5 2815.3 0.9996209145 0.0169455241 -0.0217009373 -0.0193475988 -0.1284578145 -0.9915262461 -0.0195895880 0.9915701747 -0.1280812621
-164.6 -359.2 2427.1 0.9996209145 0.0251943134 0.0111053176 -0.0193475988 0.9297327995 -0.3677262068 -0.0195895880 0.3673719168 0.9298678041
21.4 -431.7 2817.1 0.9921117425 -0.1170447841 -0.0448871627 -0.0417537466 0.0290882476 -0.9987044334 0.1181988269 0.9927005768 0.0239717327
67.2 -443.0 2428.6 0.9921117425 -0.0121349134 -0.1247681156 -0.0417537466 0.9064819217 -0.4201751351 0.1181988269 0.4220702052 0.8988246322
-107.1 -353.4 2408.8 0 0 0 0 0 0 0 0 0
-47.4 -467.2 2245.4 0 0 0 0 0 0 0 0 0
-176.2 -785.2 2258.8 0 0 0 0 0 0 0 0 0
71.9 -794.5 2264.9 0 0 0 0 0 0 0 0 0
-4.4 78.7 2515.7 2 0.9947751164 0.0966249853 0.0329555795 -0.1001602113 0.8612427711 0.4982256591 0.0197582953 -0.4989233315 0.8664208651
-23.6 -92.6 2614.9 0.9947751164 0.0966249853 0.0329555795 -0.1001602113 0.8612427711 0.4982256591 0.0197582953 -0.4989233315 0.8664208651
-42.6 -258.2 2717.5 0.9946322441 0.0970910564 0.0357774086 -0.1014195532 0.8462166786 0.5230979323 0.0205126945 -0.5239186287 0.8515213132
-165.2 -78.3 2612.0 -0.1020244211 -0.8569617271 -0.5051807165 0.8808111548 0.1582042128 -0.4462545812 0.4623448253 -0.4904976785 0.7386807799
-141.6 -281.8 2505.2 -0.3436652422 -0.8504761457 -0.3982267082 0.5713473558 0.1471846253 -0.8074025512 0.7452894449 -0.5050019622 0.4353350699
118.0 -107.0 2617.8 -0.2381272018 0.9332649112 0.2689089477 -0.8410153389 -0.0596539639 -0.5377123952 -0.4857866466 -0.3542005122 0.7990953326
48.2 -353.7 2475.3 -0.3459148705 0.9332649112 0.0967444405 -0.4148693681 -0.0596539639 -0.9079233408 -0.8415618539 -0.3542005122 0.4078182280
-153.6 -407.0 2822.8 0.9993606806 0.0328932256 -0.0140076065 -0.0075646262 -0.1883854270 -0.9820660353 -0.0349421464 0.9815441966 -0.1880161762
-166.5 -333.4 2439.2 0.9993606806 0.0199747197 0.0296511017 -0.0075646262 0.9287270904 -0.3706868291 -0.0349421464 0.3702255487 0.9282844663
25.7 -429.7 2822.0 0.9948570132 -0.0987213403 -0.0226644259 -0.0231966823 -0.0042468854 -0.9997218847 0.0985976383 0.9951060414 -0.0065150512
64.4 -428.0 2432.7 0.9948570132 -0.0197876021 -0.0993379653 -0.0231966823 0.9101583362 -0.4136105776 0.0985976383 0.4137876928 0.9050183892
-95.7 -358.1 2405.7 0 0 0 0 0 0 0 0 0
-48.6 -469.8 2239.8 0 0 0 0 0 0 0 0 0
-176.2 -786.8 2258.5 0 0 0 0 0 0 0 0 0
72.3 -794.8 2265.9 0 0 0 0 0 0 0 0 0
-8.1 77.1 2516.5 3 0.9964233637 0.0844034776 0.0040630330 -0.0754922181 0.8675583601 0.4915724397 0.0379655026 -0.4901209772 0.8708271980
-24.9 -95.4 2614.0 0.9964233637 0.0844034776 0.0040630330 -0.0754922181 0.8675583601 0.4915724397 0.0379655026 -0.4901209772 0.8708271980
-41.4 -262.6 2714.3 0.9964173436 0.0843422040 0.0062381192 -0.0755540133 0.8545942903 0.5137705207 0.0380014777 -0.5124011636 0.8579049706
-166.7 -84.7 2608.6 -0.1337680221 -0.8516533375 -0.5067471862 0.8723173738 0.1414694339 -0.4680264592 0.4702855349 -0.5046513677 0.7239879370
-135.8 -286.3 2499.9 -0.3723237216 -0.8446125388 -0.3847137690 0.5533098578 0.1307954937 -0.8226425648 0.7451330423 -0.5191552639 0.4186341763
117.0 -106.1 2619.3 -0.2366126627 0.9343919754 0.2663195133 -0.8372836113 -0.0570328683 -0.5437861681 -0.4929204583 -0.3516516387 0.7958458066
47.2 -352.7 2474.1 -0.3416553438 0.9343919754 0.1009121016 -0.4230745435 -0.0570328683 -0.9042981863 -0.8392136693 -0.3516516387 0.4148030579
-151.5 -414.7 2818.2 0.9990581274 0.0429881997 -0.0059025539 -0.0006438483 -0.1213287637 -0.9926121831 -0.0433867574 0.9916810989 -0.1211868078
-168.2 -367.4 2431.1 0.9990581274 0.0170381758 0.0399064645 -0.0006438483 0.9254027605 -0.3789845407 -0.0433867574 0.3786018789 0.9245421290
28.2 -433.1 2822.0 0.9949221015 -0.0972575694 -0.0259032771 -0.0260292217 -0.0000261941 -0.9996612072 0.0972239375 0.9952592254 -0.0025575999
66.3 -433.1 2432.3 0.9949221015 -0.0169428177 -0.0992116705 -0.0260292217 0.9088812470 -0.4162419438 0.0972239375 0.4167107046 0.9038250446
-86.1 -360.2 2400.4 0 0 0 0 0 0 0 0 0
-48.6 -471.4 2238.7 0 0 0 0 0 0 0 0 0
-176.0 -787.6 2259.2 0 0 0 0 0 0 0 0 0
73.0 -794.0 2266.8 0 0 0 0 0 0 0 0 0
-6.6 78.9 2522.4 4 0.9964081645 0.0843325481 0.0076708589 -0.0777948797 0.8758410811 0.4762880802 0.0334481336 -0.4751740694 0.8792558312
-23.3 -94.7 2616.5 0.9964081645 0.0843325481 0.0076708589 -0.0777948797 0.8758410811 0.4762880802 0.0334481336 -0.4751740694 0.8792558312
-39.6 -263.2 2714.7 0.9965041876 0.0829206780 0.0101768831 -0.0767973289 0.8612670302 0.5023158789 0.0328873619 -0.5013414621 0.8646243215
-165.2 -83.8 2611.9 -0.1311338097 -0.8536068797 -0.5041420460 0.8660883904 0.1488020122 -0.4772303700 0.4823845029 -0.4992126226 0.7197860479
-134.9 -284.0 2500.4 -0.3688135147 -0.8466343284 -0.3836494386 0.5436338186 0.1383165866 -0.8278470635 0.7539488673 -0.5138859749 0.4092460275
118.6 -105.5 2621.2 -0.2260892242 0.9141293764 0.3365280330 -0.8374499679 -0.0059422818 -0.5464816689 -0.4975551963 -0.4053790271 0.7668811679
55.6 -338.9 2482.5 -0.3679889441 0.9141293764 0.1701517105 -0.4318059981 -0.0059422818 -0.9019469619 -0.8234851360 -0.4053790271 0.3969132602
-147.9 -423.1 2811.2 0.9985864162 0.0531394742 -0.0011487033 0.0045510735 -0.1070152596 -0.9942469597 -0.0529566891 0.9928362966 -0.1071058288
-168.6 -381.2 2423.0 0.9985864162 0.0157249086 0.0507725365 0.0045510735 0.9264308810 -0.3764373660 -0.0529566891 0.3761363328 0.9250497818
32.1 -436.8 2818.1 0.9961576462 -0.0857534334 -0.0177840274 -0.0181585178 -0.0035889759 -0.9998286963 0.0856749192 0.9963099360 -0.0051323413
65.7 -435.4 2428.0 0.9961576462 -0.0185381044 -0.0855935887 -0.0181585178 0.9123809934 -0.4089390635 0.0856749192 0.4089220464 0.9085386992
-85.7 -356.6 2399.8 0 0 0 0 0 0 0 0 0
-47.7 -460.1 2251.4 0 0 0 0 0 0 0 0 0
-175.5 -786.6 2258.4 0 0 0 0 0 0 0 0 0
73.0 -793.8 2267.3 0 0 0 0 0 0 0 0 0
-4.4 82.3 2517.3 5 0.9945368767 0.1039762646 -0.0092388410 -0.0867784172 0.8727278113 0.4804327786 0.0580165982 -0.4770063758 0.8769828677
-25.1 -90.8 2612.0 0.9945368767 0.1039762646 -0.0092388410 -0.0867784172 0.8727278113 0.4804327786 0.0580165982 -0.4770063758 0.8769828677
-45.5 -259.5 2709.2 0.9945400357 0.1041281745 -0.0068884101 -0.0867520496 0.8616567254 0.5000217557 0.0580017939 -0.4966940582 0.8659854531
-166.7 -78.6 2603.7 -0.1348367929 -0.8391183019 -0.5269720554 0.8661338091 0.1585054994 -0.4740129411 0.4812808931 -0.5203426480 0.7054163218
-135.5 -278.7 2492.5 -0.3825140297 -0.8318781257 -0.4020719528 0.5453710556 0.1479882747 -0.8250272274 0.7458239794 -0.5348628759 0.3970746398
116.5 -103.1 2620.2 -0.2307790816 0.9278148413 0.2930881083 -0.8435918689 -0.0406890698 -0.5354411602 -0.4848647416 -0.3708153367 0.7920871973
50.1 -345.7 2480.8 -0.3526228964 0.9278148413 0.1217239499 -0.4200162590 -0.0406890698 -0.9066039920 -0.8362078071 -0.3708153367 0.4040451944
-145.9 -424.9 2809.9 0.9980314970 0.0626299754 0.0032647692 0.0112293642 -0.1272431463 -0.9918079972 -0.0617014877 0.9898922443 -0.1276959628
-170.4 -375.1 2422.6 0.9980314970 0.0124888336 0.0614589415 0.0112293642 0.9285488129 -0.3710404336 -0.0617014877 0.3710001707 0.9265807271
34.2 -438.8 2815.9 0.9965962768 -0.0806785300 -0.0169356335 -0.0153277256 0.0205076523 -0.9996721745 0.0809993967 0.9965291619 0.0192012321
65.8 -446.9 2425.7 0.9965962768 -0.0197821651 -0.0800281689 -0.0153277256 0.9093869925 -0.4156686068 0.0809993967 0.4154804647 0.9059884548
-84.5 -351.5 2392.9 0 0 0 0 0 0 0 0 0
-48.9 -463.7 2245.9 0 0 0 0 0 0 0 0 0
-175.9 -785.4 2258.7 0 0 0 0 0 0 0 0 0
73.3 -792.4 2267.8 0 0 0 0 0 0 0 0 0
-5.8 79.8 2514.8 6 0.9948265553 0.1015642434 0.0022003646 -0.0889641941 0.8605425358 0.5015494823 0.0490459837 -0.4991504848 0.8651261926
-26.0 -90.8 2613.8 0.9948265553 0.1015642434 0.0022003646 -0.0889641941 0.8605425358 0.5015494823 0.0490459837 -0.4991504848 0.8651261926
-46.1 -256.8 2715.5 0.9947196841 0.1025247723 0.0046336190 -0.0898591653 0.8482465744 0.5219225287 0.0495795384 -0.5195829868 0.8529803157
-167.6 -78.1 2606.7 -0.1258572787 -0.8439815044 -0.5213972926 0.8787161112 0.1491029859 -0.4534603357 0.4604540467 -0.5152314901 0.7228544950
-138.5 -281.2 2500.3 -0.3720645905 -0.8369442821 -0.4013628960 0.5659409165 0.1381862313 -0.8127825260 0.7357165217 -0.5295552611 0.4222468436
115.7 -103.6 2620.8 -0.2261515707 0.9267314672 0.3000403643 -0.8437241912 -0.0324245915 -0.5357967615 -0.4868110418 -0.3743225932 0.7892386317
49.0 -352.5 2477.2 -0.3529026210 0.9267314672 0.1289515048 -0.4170455039 -0.0324245915 -0.9083070755 -0.8375755548 -0.3743225932 0.3979319036
-155.7 -420.3 2801.2 0.9990317822 0.0432854705 0.0078636231 0.0098186480 -0.0451401733 -0.9989324212 -0.0428842939 0.9980424643 -0.0455214716
-172.6 -402.7 2411.8 0.9990317822 0.0068815146 0.0434524231 0.0098186480 0.9279018641 -0.3726952374 -0.0428842939 0.3727610409 0.9269359112
24.0 -436.0 2811.7 0.9942739606 -0.1040594876 -0.0243077762 -0.0211731903 0.0311225578 -0.9992913008 0.1047422588 0.9940840006 0.0287410785
64.7 -448.2 2422.5 0.9942739606 -0.0233574193 -0.1042769179 -0.0211731903 0.9134125113 -0.4064840972 0.1047422588 0.4063644409 0.9076877236
-88.8 -356.7 2402.1 0 0 0 0 0 0 0 0 0
-48.6 -467.7 2245.8 0 0 0 0 0 0 0 0 0
-175.5 -786.7 2257.6 0 0 0 0 0 0 0 0 0
73.5 -792.7 2269.2 0 0 0 0 0 0 0 0 0
-7.9 76.8 2515.5 7 0.9917513132 0.1276312768 0.0118148811 -0.1167707965 0.8616396189 0.4939045608 0.0528574958 -0.4912101030 0.8694358468
-33.2 -94.0 2612.9 0.9917513132 0.1276312768 0.0118148811 -0.1167707965 0.8616396189 0.4939045608 0.0528574958 -0.4912101030 0.8694358468
-58.7 -260.2 2712.9 0.9913966656 0.1300543398 0.0147842504 -0.1191262677 0.8497049809 0.5136247873 0.0542368814 -0.5109670758 0.8578875661
-174.3 -77.0 2605.2 -0.1030404717 -0.8363035917 -0.5384969115 0.8776825666 0.1782953292 -0.4448416233 0.4680341482 -0.5184660554 0.7156374454
-150.5 -279.9 2497.0 -0.3597941101 -0.8295022249 -0.4271700084 0.5696365237 0.1673125774 -0.8046867251 0.7389603853 -0.5328531861 0.4123167098
108.0 -110.9 2620.6 -0.2020357847 0.9162936211 0.3458143771 -0.8407189250 0.0188583694 -0.5411432385 -0.5023676157 -0.4000630081 0.7665353417
