-15.2 98.5 2546.7 34 0.9822830558 0.1569980979 0.1023306176 -0.1815765798 0.9324296117 0.3124178648 -0.0463670902 -0.3254636228 0.9444170594
-46.9 -89.2 2612.2 0.9822830558 0.1569980979 0.1023306176 -0.1815765798 0.9324296117 0.3124178648 -0.0463670902 -0.3254636228 0.9444170594
-80.8 -263.6 2689.7 0.9781776071 0.1727370769 0.1154578328 -0.2043899745 0.8998444080 0.3853632510 -0.0373275653 -0.4005520940 0.9155133367
-186.1 -60.6 2617.6 0.2309050709 -0.9729742408 0.0019986629 0.9104313850 0.2167861611 0.3523044884 -0.3432164788 -0.0795292407 0.9358832836
-252.4 -322.0 2716.1 -0.1468591243 -0.9729742408 -0.1781952232 -0.3151634634 0.2167861611 -0.9239457250 0.9376056790 -0.0795292407 -0.3384829760
92.4 -117.9 2606.9 -0.1042537317 0.9874019027 0.1190323085 -0.9342149496 -0.0561727546 -0.3522599041 -0.3411357105 -0.1479261816 0.9283018112
66.8 -347.6 2523.0 -0.1571766883 0.9874019027 -0.0182488374 -0.2403726429 -0.0561727546 -0.9690539837 -0.9578707814 -0.1479261816 0.2461734563
-194.6 -426.9 2756.9 0.9994088411 -0.0332088545 0.0088963062 0.0134094935 0.1382616013 -0.9903049469 0.0316568762 0.9898388386 0.1386251748
-181.2 -482.4 2359.5 0.9994088411 -0.0221474282 -0.0262956973 0.0134094935 0.9553945065 -0.2950279415 0.0316568762 0.2945009172 0.9551267028
-16.8 -460.2 2749.4 0.9473177791 -0.2363827676 -0.2161299437 -0.1640098244 0.2216078192 -0.9612444043 0.2751176953 0.9460513592 0.1711639464
75.5 -546.7 2380.2 0.9473177791 0.0165532734 -0.3198671043 -0.1640098244 0.8828724027 -0.4400421381 0.2751176953 0.4693211019 0.8390756845
-219.7 -251.9 2507.6 0 0 0 0 0 0 0 0 0
25.0 -411.5 2268.3 0 0 0 0 0 0 0 0 0
-174.2 -785.8 2266.0 0 0 0 0 0 0 0 0 0
70.9 -791.7 2249.9 0 0 0 0 0 0 0 0 0
-14.8 96.0 2545.5 35 0.9762337804 0.1646185517 0.1409549117 -0.2032720000 0.9210683107 0.3321350813 -0.0751535073 -0.3528936803 0.9326403141
-47.3 -85.8 2615.1 0.9762337804 0.1646185517 0.1409549117 -0.2032720000 0.9210683107 0.3321350813 -0.0751535073 -0.3528936803 0.9326403141
-81.5 -261.3 2692.4 0.9733537436 0.1744425744 0.1488365680 -0.2187496871 0.9010576010 0.3744913638 -0.0687830895 -0.3970705271 0.9152070284
-185.8 -54.9 2625.0 0.2329243273 -0.9718390107 0.0357096493 0.9104639888 0.2308244407 0.3431842625 -0.3417625129 -0.0474236086 0.9385890365
-253.1 -317.7 2723.6 -0.1222750396 -0.9718390107 -0.2014391571 -0.3219273686 0.2308244407 -0.9181954265 0.9388352036 -0.0474236086 -0.3410856426
91.3 -116.7 2605.3 -0.0752459392 0.9954611659 0.0582671911 -0.9290754795 -0.0487661660 -0.3666613996 -0.3621557355 -0.0817243978 0.9285280704
73.1 -341.0 2517.9 -0.0927288234 0.9954611659 -0.0214098673 -0.3038302958 -0.0487661660 -0.9514772892 -0.9482027888 -0.0817243978 0.3069733083
-205.1 -422.8 2762.8 0.9978170395 -0.0653476194 -0.0095323259 -0.0059848917 0.0542679541 -0.9985084534 0.0657674521 0.9963858128 0.0537583902
-177.7 -445.5 2344.8 0.9978170395 -0.0092423195 -0.0653892681 -0.0059848917 0.9734281301 -0.2289146334 0.0657674521 0.2288062572 0.9712478518
-28.1 -459.1 2755.8 0.9148437381 -0.2835588753 -0.2874984145 -0.2336019427 0.2091060430 -0.9495813847 0.3293798864 0.9358787537 0.1250594556
82.7 -540.8 2390.3 0.9148437381 0.0451353341 -0.4012776613 -0.2336019427 0.8697276115 -0.4347459078 0.3293798864 0.4914638102 0.8062085509
-225.7 -245.7 2513.7 0 0 0 0 0 0 0 0 0
48.8 -420.8 2269.1 0 0 0 0 0 0 0 0 0
-174.5 -782.7 2265.6 0 0 0 0 0 0 0 0 0
69.6 -792.0 2248.3 0 0 0 0 0 0 0 0 0
-14.5 98.0 2546.4 36 0.9805040359 0.1595306396 0.1147249788 -0.1894279271 0.9226056933 0.3360293806 -0.0522389375 -0.3512102664 0.9348381758
-45.7 -82.4 2615.1 0.9805040359 0.1595306396 0.1147249788 -0.1894279271 0.9226056933 0.3360293806 -0.0522389375 -0.3512102664 0.9348381758
-77.6 -259.5 2691.0 0.9792059064 0.1626658142 0.1212255508 -0.1967983842 0.9067456126 0.3729380369 -0.0492564701 -0.3890401125 0.9199030399
-185.1 -54.5 2622.1 0.2187826782 -0.9757387042 0.0082570557 0.9172572494 0.2085414231 0.3393369317 -0.3328261077 -0.0666671991 0.9406286478
-248.4 -319.9 2718.4 -0.1342043728 -0.9757387042 -0.1729833186 -0.3291158080 0.2085414231 -0.9209740758 0.9347042441 -0.0666671991 -0.3491182029
93.7 -110.4 2608.1 -0.0583077185 0.9931238294 0.1015146747 -0.9068641663 -0.0101790400 -0.4213000238 -0.4173697829 -0.1166250631 0.9012219906
79.4 -333.5 2505.3 -0.1134738550 0.9931238294 0.0287871975 -0.3286694884 -0.0101790400 -0.9443901777 -0.9376033545 -0.1166250631 0.3275645673
-204.7 -418.8 2772.1 0.9937387109 -0.0968944728 -0.0556314215 -0.0543921813 0.0153863970 -0.9984011054 0.0975955203 0.9951757193 0.0100197569
-158.3 -426.1 2296.0 0.9937387109 0.0466458350 -0.1015261561 -0.0543921813 0.9957051873 -0.0749177784 0.0975955203 0.0799709260 0.9920079708
-28.7 -458.0 2759.5 0.8980509639 -0.2904936075 -0.3303301036 -0.2710782588 0.2259450257 -0.9356631041 0.3464405835 0.9298184514 0.1241636351
84.9 -546.3 2395.9 0.8980509639 0.0572438315 -0.4361509383 -0.2710782588 0.8528791070 -0.4462217093 0.3464405835 0.5189608932 0.7814464569
-218.3 -246.1 2508.8 0 0 0 0 0 0 0 0 0
49.7 -419.5 2260.0 0 0 0 0 0 0 0 0 0
-174.9 -779.2 2267.7 0 0 0 0 0 0 0 0 0
68.6 -789.3 2248.0 0 0 0 0 0 0 0 0 0
-15.4 95.7 2548.3 37 0.9820860624 0.1514920145 0.1120588630 -0.1810314059 0.9235784411 0.3379800022 -0.0522938780 -0.3522115946 0.9344583154
-44.9 -84.3 2617.0 0.9820860624 0.1514920145 0.1120588630 -0.1810314059 0.9235784411 0.3379800022 -0.0522938780 -0.3522115946 0.9344583154
-75.2 -261.7 2693.6 0.9807977676 0.1548645645 0.1185438931 -0.1887286156 0.9068945050 0.3767278790 -0.0491649993 -0.3918665051 0.9187074900
-184.6 -57.5 2624.0 0.2105953544 -0.9775561690 0.0057857349 0.9181119204 0.1998149604 0.3422637284 -0.3357380927 -0.0667672008 0.9395861030
-245.6 -323.5 2721.3 -0.1307730377 -0.9775561690 -0.1651735306 -0.3270505071 0.1998149604 -0.9236406088 0.9359147549 -0.0667672008 -0.3458406627
94.8 -111.2 2610.0 -0.0498350263 0.9924955368 0.1116652563 -0.8949351907 0.0052615097 -0.4461651444 -0.4434044063 -0.1221678182 0.8879569769
82.9 -325.8 2503.7 -0.1119531244 0.9924955368 0.0491849296 -0.3627578020 0.0052615097 -0.9318686128 -0.9251341820 -0.1221678182 0.3594464362
-198.4 -419.7 2769.5 0.9991293550 -0.0414699465 -0.0045599318 0.0010961270 0.1353543550 -0.9907966256 0.0417054892 0.9899290204 0.1352819651
-180.5 -477.9 2343.5 0.9991293550 -0.0111604473 -0.0401994251 0.0010961270 0.9702450037 -0.2421227545 0.0417054892 0.2418678850 0.9694125056
-21.4 -455.1 2760.6 0.9043725729 -0.2735092044 -0.3275712132 -0.2656252384 0.2399865538 -0.9337289333 0.3339961469 0.9314500093 0.1443863064
85.6 -549.0 2396.1 0.9043725729 0.0587483421 -0.4226805270 -0.2656252384 0.8527058959 -0.4498175681 0.3339961469 0.5190773010 0.7867689133
-216.3 -250.1 2511.1 0 0 0 0 0 0 0 0 0
53.6 -420.5 2262.0 0 0 0 0 0 0 0 0 0
-177.2 -765.6 2271.8 0 0 0 0 0 0 0 0 0
68.9 -791.4 2248.5 0 0 0 0 0 0 0 0 0
-12.9 95.2 2548.3 38 0.9733346105 0.1692784280 0.1548049152 -0.2089567631 0.9327197671 0.2938893437 -0.0946404785 -0.3184002042 0.9432202578
-45.7 -85.3 2609.9 0.9733346105 0.1692784280 0.1548049152 -0.2089567631 0.9327197671 0.2938893437 -0.0946404785 -0.3184002042 0.9432202578
-78.9 -265.8 2676.9 0.9727625847 0.1685503125 0.1591342539 -0.2121007890 0.9241694212 0.3176856637 -0.0935209841 -0.3427852392 0.9347470999
-184.1 -55.3 2623.3 0.2274794728 -0.9727008939 0.0458917283 0.9301229119 0.2309921384 0.2855065167 -0.2883130908 -0.0222619269 0.9572773576
-250.0 -324.6 2706.8 -0.1110442802 -0.9727008939 -0.2037698030 -0.3790657818 0.2309921384 -0.8960757852 0.9186829329 -0.0222619269 -0.3943679631
92.8 -115.3 2596.5 -0.0544417202 0.9962928891 0.0666073710 -0.9276226759 -0.0257771499 -0.3726281226 -0.3695298135 -0.0820730254 0.9255872369
80.4 -326.7 2512.3 -0.0859374106 0.9962928891 0.0038993254 -0.3414712846 -0.0257771499 -0.9395386577 -0.9359551668 -0.0820730254 0.3424206376
-194.5 -422.5 2773.5 0.9981017709 -0.0550836921 -0.0275441520 -0.0255903788 0.0358654782 -0.9990289211 0.0560180843 0.9978373647 0.0343877859
-168.8 -439.2 2306.5 0.9981017709 0.0189714413 -0.0585916191 -0.0255903788 0.9931086302 -0.1143696010 0.0560180843 0.1156518757 0.9917089343
-19.7 -458.8 2756.1 0.9051628113 -0.2772050798 -0.3222385049 -0.2650864720 0.2244781852 -0.9377306104 0.3322792053 0.9342199564 0.1297059804
86.6 -544.8 2397.9 0.9051628113 0.0645800084 -0.4201306105 -0.2650864720 0.8584023714 -0.4391748011 0.3322792053 0.5088956356 0.7941132188
-225.1 -239.6 2500.7 0 0 0 0 0 0 0 0 0
58.3 -414.5 2271.5 0 0 0 0 0 0 0 0 0
-175.2 -777.1 2267.2 0 0 0 0 0 0 0 0 0
67.8 -794.4 2249.9 0 0 0 0 0 0 0 0 0
-12.0 92.6 2548.8 39 0.9890555143 0.1276027709 0.0740721077 -0.1426828802 0.9550032616 0.2600200474 -0.0375598259 -0.2677430809 0.9627579451
-36.8 -92.9 2600.8 0.9890555143 0.1276027709 0.0740721077 -0.1426828802 0.9550032616 0.2600200474 -0.0375598259 -0.2677430809 0.9627579451
-62.6 -278.5 2654.9 0.9881114364 0.1341145039 0.0751601756 -0.1495610476 0.9517540336 0.2679471970 -0.0355983935 -0.2760027349 0.9604973793
-177.0 -71.5 2605.6 0.1854205728 -0.9820201993 -0.0354329981 0.9580362439 0.1726354212 0.2288308144 -0.2185994983 -0.0763760358 0.9728211164
-230.5 -348.2 2668.7 -0.1465287507 -0.9820201993 -0.1190193743 -0.4419935048 0.1726354212 -0.8802492619 0.8849695325 -0.0763760358 -0.4593425989
103.4 -114.3 2596.0 -0.0810247138 0.9954933524 0.0492741913 -0.9130856991 -0.0543138906 -0.4041343033 -0.3996367455 -0.0777364224 0.9133715034
84.2 -329.7 2501.8 -0.0923513249 0.9954933524 -0.0215449166 -0.3690145910 -0.0543138906 -0.9278352261 -0.9248239994 -0.0777364224 0.3723675311
-189.1 -436.4 2739.3 0.9978255033 -0.0554111563 -0.0356906056 -0.0374655314 -0.0313303210 -0.9988066554 0.0542268343 0.9979719520 -0.0333382003
-163.6 -422.0 2280.2 0.9978255033 0.0359364785 -0.0552520119 -0.0374655314 0.9989359975 -0.0268916544 0.0542268343 0.0289032254 0.9981102347
-18.9 -468.5 2727.2 0.8985076547 -0.2684865296 -0.3472735584 -0.2696335316 0.2867092788 -0.9192907810 0.3463837504 0.9196264148 0.1852175295
83.5 -577.9 2376.6 0.8985076547 0.0678363442 -0.4336844087 -0.2696335316 0.8649179339 -0.4233376086 0.3463837504 0.4973079562 0.7954263687
-197.7 -249.3 2470.6 0 0 0 0 0 0 0 0 0
60.6 -424.4 2264.5 0 0 0 0 0 0 0 0 0
-176.2 -771.7 2270.0 0 0 0 0 0 0 0 0 0
66.4 -795.7 2251.3 0 0 0 0 0 0 0 0 0
-7.4 97.9 2539.0 40 0.9927592278 0.1168787703 -0.0277214721 -0.1047951132 0.9555132985 0.2757034004 0.0587121099 -0.2708020210 0.9608429670
-30.2 -88.7 2591.9 0.9927592278 0.1168787703 -0.0277214721 -0.1047951132 0.9555132985 0.2757034004 0.0587121099 -0.2708020210 0.9608429670
-54.7 -275.1 2645.0 0.9915832877 0.1264797896 -0.0276665539 -0.1140236482 0.9543313980 0.2761344016 0.0613284782 -0.2706556022 0.9607207775
-170.5 -72.4 2583.0 0.1719399542 -0.9753357172 -0.1384083182 0.9628197551 0.1366653442 0.2330249995 -0.2083619982 -0.1733285785 0.9625707865
-220.2 -351.1 2643.4 -0.2166927755 -0.9753357172 -0.0420053825 -0.4434143603 0.1366653442 -0.8858364820 0.8697286844 -0.1733285785 -0.4620922506
110.0 -104.9 2600.7 -0.1058035791 0.9942300916 -0.0176669806 -0.8965305090 -0.1030621976 -0.4308262467 -0.4301612079 -0.0297439732 0.9022619724
83.8 -327.3 2494.0 -0.0695282444 0.9942300916 -0.0816844106 -0.4080094695 -0.1030621976 -0.9071419239 -0.9103263617 -0.0297439732 0.4128210247
-171.9 -455.0 2705.5 0.9978463054 -0.0351686776 -0.0553702675 -0.0582651794 -0.0874659866 -0.9944620728 0.0301309004 0.9955465198 -0.0893267244
-156.4 -416.6 2267.5 0.9978463054 0.0588169917 -0.0290390011 -0.0582651794 0.9981107116 0.0194971189 0.0301309004 -0.0177631658 0.9993880987
3.2 -479.2 2701.9 0.9037939310 -0.2101553679 -0.3728153408 -0.2789787352 0.3712985814 -0.8856117725 0.3245418668 0.9044181108 0.2769485116
84.0 -622.0 2354.2 0.9037939310 0.0840782598 -0.4196276963 -0.2789787352 0.8592987061 -0.4286917746 0.3245418668 0.5045161843 0.8000849485
-171.7 -251.8 2448.7 0 0 0 0 0 0 0 0 0
66.0 -431.8 2260.9 0 0 0 0 0 0 0 0 0
-176.6 -759.6 2273.6 0 0 0 0 0 0 0 0 0
67.0 -796.4 2251.8 0 0 0 0 0 0 0 0 0
-4.3 100.7 2533.7 41 0.9923319817 0.1139015928 -0.0479960255 -0.0974699184 0.9599147439 0.2627989352 0.0760053098 -0.2561056316 0.9636561275
-26.6 -86.9 2583.7 0.9923319817 0.1139015928 -0.0479960255 -0.0974699184 0.9599147439 0.2627989352 0.0760053098 -0.2561056316 0.9636561275
-49.9 -275.1 2631.5 0.9915412068 0.1200103834 -0.0494327620 -0.1039689779 0.9623895288 0.2509917319 0.0776951909 -0.2437291592 0.9667261839
-167.4 -72.1 2572.6 0.1646196991 -0.9733017683 -0.1599501818 0.9698669910 0.1301968545 0.2059290260 -0.1796060801 -0.1890303791 0.9654062390
-215.0 -353.0 2624.6 -0.2283708453 -0.9733017683 -0.0230318457 -0.4666646123 0.1301968545 -0.8747987747 0.8544418812 -0.1890303791 -0.4839386642
114.1 -101.8 2594.9 -0.1194256321 0.9897912741 -0.0777866170 -0.9077548981 -0.1405889243 -0.3952414989 -0.4021425247 0.0234092139 0.9152777791
85.8 -317.6 2499.3 -0.0524184443 0.9897912741 -0.1325350702 -0.5118219852 -0.1405889243 -0.8475098610 -0.8574908376 0.0234092139 0.5139663815
-165.4 -453.6 2689.2 0.9976061583 -0.0272536650 -0.0635542125 -0.0657651946 -0.0898506492 -0.9937815666 0.0213738009 0.9955822825 -0.0914279073
-153.7 -414.9 2261.0 0.9976061583 0.0666682720 -0.0183641389 -0.0657651946 0.9967727661 0.0460328273 0.0213738009 -0.0447149128 0.9987711310
12.8 -476.4 2685.4 0.9107698798 -0.1513274014 -0.3841851950 -0.2998209596 0.3973757625 -0.8672946095 0.2839113176 0.9050925374 0.3165467381
74.0 -637.0 2319.6 0.9107698798 0.1126753911 -0.3972436190 -0.2998209596 0.8419440985 -0.4485950470 0.2839113176 0.5276688337 0.8005997539
-163.8 -248.4 2433.0 0 0 0 0 0 0 0 0 0
72.4 -447.7 2281.2 0 0 0 0 0 0 0 0 0
-176.2 -751.5 2276.1 0 0 0 0 0 0 0 0 0
53.9 -787.2 2225.5 0 0 0 0 0 0 0 0 0
-2.9 99.8 2532.5 42 0.9939663410 0.1029320061 -0.0378933400 -0.0918256119 0.9698389173 0.2257887721 0.0599913262 -0.2209468633 0.9734390378
-23.0 -89.9 2575.7 0.9939663410 0.1029320061 -0.0378933400 -0.0918256119 0.9698389173 0.2257887721 0.0599913262 -0.2209468633 0.9734390378
-43.9 -280.1 2615.9 0.9934606552 0.1071116850 -0.0395346582 -0.0965024903 0.9727956057 0.2106086910 0.0610177927 -0.2054162621 0.9767706990
-164.3 -76.2 2566.9 0.1532839984 -0.9767976999 -0.1495669484 0.9780617952 0.1283601075 0.1640694439 -0.1410642266 -0.1714349389 0.9750440717
-208.7 -359.5 2607.8 -0.2131019980 -0.9767976999 -0.0213025529 -0.5029214025 0.1283601075 -0.8547477722 0.8376500607 -0.1714349389 -0.5186062455
118.3 -103.6 2584.4 -0.1411704421 0.9790508151 -0.1467322707 -0.9169701934 -0.1851800084 -0.3533752561 -0.3731442094 0.0846629739 0.9239023328
85.2 -318.7 2496.9 -0.0355743580 0.9790508151 -0.2004842162 -0.5649674535 -0.1851800084 -0.8040647507 -0.8243459463 0.0846629739 0.5597195625
-155.9 -461.5 2659.0 0.9978402257 0.0008872240 -0.0656817555 -0.0650503039 -0.1256162971 -0.9899439216 -0.0091290008 0.9920784831 -0.1252872795
-156.3 -409.4 2247.7 0.9978402257 0.0647247657 0.0112064602 -0.0650503039 0.9973801374 0.0316432193 -0.0091290008 -0.0323038585 0.9994363785
23.2 -480.9 2661.2 0.9179002643 -0.1048782840 -0.3827004731 -0.3180116415 0.3824089468 -0.8675436378 0.2373345643 0.9180217385 0.3176607490
66.6 -639.3 2280.8 0.9179002643 0.1384477913 -0.3718754053 -0.3180116415 0.8171786070 -0.4807158411 0.2373345643 0.5595099330 0.7941164970
-160.9 -246.7 2419.9 0 0 0 0 0 0 0 0 0
76.1 -462.6 2287.0 0 0 0 0 0 0 0 0 0
-177.9 -743.3 2258.6 0 0 0 0 0 0 0 0 0
43.6 -775.0 2188.0 0 0 0 0 0 0 0 0 0
-2.9 99.8 2532.5 43 0.9939663410 0.1029320061 -0.0378933400 -0.0918256119 0.9698389173 0.2257887721 0.0599913262 -0.2209468633 0.9734390378
-23.0 -89.9 2575.7 0.9939663410 0.1029320061 -0.0378933400 -0.0918256119 0.9698389173 0.2257887721 0.0599913262 -0.2209468633 0.9734390378
-43.9 -280.1 2615.9 0.9934606552 0.1071116850 -0.0395346582 -0.0965024903 0.9727956057 0.2106086910 0.0610177927 -0.2054162621 0.9767706990
-164.3 -76.2 2566.9 0.1532839984 -0.9767976999 -0.1495669484 0.9780617952 0.1283601075 0.1640694439 -0.1410642266 -0.1714349389 0.9750440717
-208.7 -359.5 2607.8 -0.2131019980 -0.9767976999 -0.0213025529 -0.5029214025 0.1283601075 -0.8547477722 0.8376500607 -0.1714349389 -0.5186062455
118.3 -103.6 2584.4 -0.1411704421 0.9790508151 -0.1467322707 -0.9169701934 -0.1851800084 -0.3533752561 -0.3731442094 0.0846629739 0.9239023328
85.2 -318.7 2496.9 -0.0355743580 0.9790508151 -0.2004842162 -0.5649674535 -0.1851800084 -0.8040647507 -0.8243459463 0.0846629739 0.5597195625
-155.9 -461.5 2659.0 0.9978402257 0.0008872240 -0.0656817555 -0.0650503039 -0.1256162971 -0.9899439216 -0.0091290008 0.9920784831 -0.1252872795
-156.3 -409.4 2247.7 0.9978402257 0.0647247657 0.0112064602 -0.0650503039 0.9973801374 0.0316432193 -0.0091290008 -0.0323038585 0.9994363785
23.2 -480.9 2661.2 0.9179002643 -0.1048782840 -0.3827004731 -0.3180116415 0.3824089468 -0.8675436378 0.2373345643 0.9180217385 0.3176607490
66.6 -639.3 2280.8 0.9179002643 0.1384477913 -0.3718754053 -0.3180116415 0.8171786070 -0.4807158411 0.2373345643 0.5595099330 0.7941164970
-160.9 -246.7 2419.9 0 0 0 0 0 0 0 0 0
76.1 -462.6 2287.0 0 0 0 0 0 0 0 0 0
-177.9 -743.3 2258.6 0 0 0 0 0 0 0 0 0
43.6 -775.0 2188.0 0 0 0 0 0 0 0 0 0
-4.2 93.6 2531.4 44 0.9945901036 0.1028404236 -0.0146404430 -0.0981084183 0.9762932062 0.1929410845 0.0341355093 -0.1904609501 0.9811010957
-24.2 -96.6 2568.5 0.9945901036 0.1028404236 -0.0146404430 -0.0981084183 0.9762932062 0.1929410845 0.0341355093 -0.1904609501 0.9811010957
-44.7 -288.0 2603.3 0.9944289923 0.1041934863 -0.0159587022 -0.0996297002 0.9785171151 0.1804940999 0.0344221741 -0.1778986156 0.9834465981
-165.8 -82.5 2563.6 0.1523491144 -0.9802353382 -0.1262078136 0.9816884995 0.1353113204 0.1340838820 -0.1143564209 -0.1443243176 0.9829003215
-209.9 -367.0 2596.7 -0.1945910901 -0.9802353382 -0.0356787294 -0.5278835893 0.1353113204 -0.8384687304 0.8267244101 -0.1443243176 -0.5437805057
117.3 -110.7 2573.4 -0.1359004974 0.9858099818 -0.0985378399 -0.9250397682 -0.1618733257 -0.3436545134 -0.3547286987 0.0444486067 0.9339121580
86.3 -321.7 2492.5 -0.0513674468 0.9858099818 -0.1598125100 -0.5429810286 -0.1618733257 -0.8239955306 -0.8381724358 0.0444486067 0.5435911417
-151.1 -465.4 2644.0 0.9966462255 -0.0039495132 -0.0817355737 -0.0815521851 -0.1303135157 -0.9881131649 -0.0067486842 0.9914649725 -0.1301985532
-149.6 -413.7 2250.0 0.9966462255 0.0810753703 0.0110945050 -0.0815521851 0.9952613711 0.0529537871 -0.0067486842 -0.0536809713 0.9985353351
23.8 -489.3 2641.0 0.9759303331 -0.1479383111 -0.1602316946 -0.1358354241 0.1624471843 -0.9773226976 0.1706126481 0.9755640030 0.1384418756
75.9 -546.5 2297.9 0.9759303331 0.0667942166 -0.2076017112 -0.1358354241 0.9309119582 -0.3390452564 0.1706126481 0.3590842485 0.9175782204
-166.2 -248.5 2411.1 0 0 0 0 0 0 0 0 0
73.2 -460.3 2278.5 0 0 0 0 0 0 0 0 0
-176.8 -747.4 2268.0 0 0 0 0 0 0 0 0 0
58.0 -795.8 2201.7 0 0 0 0 0 0 0 0 0
-3.2 92.5 2512.8 45 0.9930611849 0.1034974307 -0.0558364503 -0.0789369196 0.9385980368 0.3358611465 0.0871687457 -0.3291231394 0.9402550459
-23.0 -87.9 2576.1 0.9930611849 0.1034974307 -0.0558364503 -0.0789369196 0.9385980368 0.3358611465 0.0871687457 -0.3291231394 0.9402550459
-43.8 -269.7 2639.0 0.9931035042 0.1028437316 -0.0562902391 -0.0785518363 0.9400984645 0.3317294717 0.0870346650 -0.3250200152 0.9416936636
-164.3 -77.3 2564.0 0.1529922783 -0.9738546014 -0.1679302156 0.9531669617 0.1005560383 0.2852388322 -0.2608947754 -0.2037048787 0.9436303377
-208.2 -350.6 2638.8 -0.2269912362 -0.9738546014 -0.0090650711 -0.3949441910 0.1005560383 -0.9131854177 0.8902213573 -0.2037048787 -0.4074435532
118.2 -98.5 2588.2 -0.1321569383 0.9890183210 -0.0661615953 -0.9012300372 -0.1476798356 -0.4074003696 -0.4126971662 0.0057860296 0.9108499289
84.2 -330.3 2482.0 -0.0693293288 0.9890183210 -0.1305230111 -0.4981646538 -0.1476798356 -0.8544136286 -0.8643063307 0.0057860296 0.5029324889
-152.6 -452.5 2675.8 0.9958243370 -0.0163002070 -0.0898230821 -0.0909100026 -0.0873740762 -0.9920186996 0.0083219018 0.9960421920 -0.0884910822
-145.7 -415.6 2255.0 0.9958243370 0.0912333280 -0.0032192767 -0.0909100026 0.9942759275 0.0561313778 0.0083219018 -0.0556043275 0.9984182119
24.5 -468.8 2686.6 0.9710578918 -0.1219211742 -0.2053821683 -0.1466835737 0.3742092550 -0.9156699181 0.1884954572 0.9192946553 0.3454950154
76.2 -627.6 2296.4 0.9710578918 0.0607668124 -0.2309848666 -0.1466835737 0.9149556160 -0.3759523630 0.1884954572 0.3989531994 0.8973883390
-157.8 -262.9 2441.0 0 0 0 0 0 0 0 0 0
66.5 -457.5 2261.4 0 0 0 0 0 0 0 0 0
-176.2 -747.2 2273.5 0 0 0 0 0 0 0 0 0
65.4 -791.0 2225.2 0 0 0 0 0 0 0 0 0
-3.7 81.0 2504.1 46 0.9927890301 0.0928788260 -0.0757859871 -0.0593676120 0.9301820397 0.3622662723 0.1041416302 -0.3551547527 0.9289885163
-21.8 -100.1 2573.2 0.9927890301 0.0928788260 -0.0757859871 -0.0593676120 0.9301820397 0.3622662723 0.1041416302 -0.3551547527 0.9289885163
-40.5 -281.1 2641.9 0.9926989079 0.0936780423 -0.0759824067 -0.0602665246 0.9308850169 0.3603067994 0.1044837236 -0.3530969620 0.9297342300
-163.1 -91.8 2558.5 0.1404388696 -0.9723939300 -0.1863518804 0.9469558001 0.0769706070 0.3120100200 -0.2890530229 -0.2202853262 0.9316236973
-203.6 -364.8 2641.8 -0.2330262661 -0.9723939300 0.0122007569 -0.3696719408 0.0769706070 -0.9259687662 0.8994672894 -0.2202853262 -0.3774029016
119.5 -108.3 2587.9 -0.1479763389 0.9791862369 -0.1389148682 -0.9021682739 -0.1911973059 -0.3866987824 -0.4052102864 0.0681023225 0.9116834402
85.1 -317.9 2493.7 -0.0526817106 0.9791862369 -0.1960075796 -0.5634639859 -0.1911973059 -0.8037113547 -0.8244591951 0.0681023225 0.5618087649
-151.7 -442.4 2708.7 0.9952301979 -0.0164833572 -0.0961517990 -0.0970320851 -0.0653992593 -0.9931302667 0.0100818649 0.9977230430 -0.0666867346
-144.3 -413.0 2260.6 0.9952301979 0.0974117890 -0.0052737677 -0.0970320851 0.9940405488 0.0496811084 0.0100818649 -0.0489324145 0.9987512231
26.4 -455.0 2725.8 0.9640604854 -0.1204893962 -0.2367904633 -0.1749315113 0.3829316199 -0.9070624709 0.1999659687 0.9158852100 0.3480918407
74.5 -608.0 2360.0 0.9640604854 0.0386628248 -0.2628547251 -0.1749315113 0.8370085359 -0.5184743404 0.1999659687 0.5458222032 0.8136901855
-151.6 -282.2 2440.8 0 0 0 0 0 0 0 0 0
71.7 -461.6 2283.5 0 0 0 0 0 0 0 0 0
-177.0 -746.0 2277.0 0 0 0 0 0 0 0 0 0
65.9 -793.5 2239.0 0 0 0 0 0 0 0 0 0
-6.1 73.1 2502.2 47 0.9949329495 0.0870082602 -0.0503782965 -0.0619330890 0.9251075387 0.3746201992 0.0792003945 -0.3696019053 0.9258086681
-23.0 -106.6 2574.0 0.9949329495 0.0870082602 -0.0503782965 -0.0619330890 0.9251075387 0.3746201992 0.0792003945 -0.3696019053 0.9258086681
-40.4 -287.5 2645.2 0.9948424101 0.0877754688 -0.0508332700 -0.0628924370 0.9269806743 0.3697991073 0.0795807466 -0.3646948040 0.9277201295
-164.7 -97.8 2562.7 0.1347083300 -0.9777762294 -0.1606464535 0.9437932968 0.0772230327 0.3213888407 -0.3018407822 -0.1949108094 0.9332212806
-203.6 -370.7 2650.0 -0.2096511722 -0.9777762294 -0.0000733219 -0.3598294854 0.0772230327 -0.9298168421 0.9091584682 -0.1949108094 -0.3680226207
118.6 -115.4 2585.2 -0.1450064033 0.9813494086 -0.1262003332 -0.8968896866 -0.1842302084 -0.4020548463 -0.4178061783 0.0548872538 0.9068767428
84.8 -325.0 2487.6 -0.0571866333 0.9813494086 -0.1835294813 -0.5523836017 -0.1842302084 -0.8129770160 -0.8316261768 0.0548872538 0.5526167750
-147.7 -455.8 2708.6 0.9942198992 -0.0122954408 -0.1066567004 -0.1073442400 -0.0952326059 -0.9896504283 0.0020109918 0.9953790903 -0.0960019976
-142.1 -412.9 2261.2 0.9942198992 0.1073089615 0.0034083156 -0.1073442400 0.9929498434 0.0502779819 0.0020109918 -0.0503532328 0.9987294674
31.0 -465.8 2728.1 0.9663792849 -0.1189715341 -0.2279403806 -0.1720357388 0.3596602380 -0.9170867801 0.1910883188 0.9254676104 0.3271008432
78.1 -608.0 2362.1 0.9663792849 0.0477532782 -0.2526473105 -0.1720357388 0.8503423333 -0.4973144233 0.1910883188 0.5240586996 0.8299685121
-156.7 -290.1 2446.3 0 0 0 0 0 0 0 0 0
70.1 -466.1 2275.1 0 0 0 0 0 0 0 0 0
-178.1 -745.7 2278.0 0 0 0 0 0 0 0 0 0
67.4 -797.5 2245.4 0 0 0 0 0 0 0 0 0
-3.1 75.5 2497.7 48 0.9933658242 0.1042570993 -0.0485258251 -0.0729665682 0.8975851536 0.4347606301 0.0888829380 -0.4283356071 0.8992376924
-23.3 -98.4 2580.7 0.9933658242 0.1042570993 -0.0485258251 -0.0729665682 0.8975851536 0.4347606301 0.0888829380 -0.4283356071 0.8992376924
-43.6 -272.5 2666.0 0.9934868217 0.1035922617 -0.0474615693 -0.0719243810 0.8931702971 0.4439298809 0.0883789659 -0.4376248419 0.8948037028
-164.8 -88.3 2568.1 0.1504201144 -0.9759705663 -0.1576552987 0.9142798781 0.0766586363 0.3977634311 -0.3761197627 -0.2039726824 0.9038412571
-208.2 -352.3 2676.7 -0.2174445540 -0.9759705663 -0.0141161121 -0.2819873691 0.0766586363 -0.9563506842 0.9344522357 -0.2039726824 -0.2918803990
118.2 -108.6 2593.3 -0.1354175806 0.9897515178 -0.0453216881 -0.9144117832 -0.1424592882 -0.3788884878 -0.3814619482 -0.0098654777 0.9243319035
84.4 -336.8 2498.1 -0.0755898058 0.9897515178 -0.1211534515 -0.4640488029 -0.1424592882 -0.8742791414 -0.8825785518 -0.0098654777 0.4700614512
-149.5 -452.5 2724.3 0.9940298796 -0.0178276151 -0.1076417342 -0.1087685153 -0.0841425061 -0.9904996157 0.0086010005 0.9962942600 -0.0855792463
-141.3 -413.9 2266.4 0.9940298796 0.1090175584 -0.0044428608 -0.1087685153 0.9933246374 0.0384139717 0.0086010005 -0.0377013944 0.9992520213
29.5 -463.2 2741.6 0.9567317367 -0.1312109381 -0.2597076595 -0.1984988004 0.3582918048 -0.9122637510 0.2127501220 0.9243433475 0.3167439401
83.4 -610.2 2362.2 0.9567317367 0.0624243058 -0.2841964066 -0.1984988004 0.8541705012 -0.4806151688 0.2127501220 0.5162324309 0.8296031952
-159.6 -289.2 2467.7 0 0 0 0 0 0 0 0 0
65.6 -452.7 2277.8 0 0 0 0 0 0 0 0 0
-177.8 -746.1 2279.0 0 0 0 0 0 0 0 0 0
69.7 -797.8 2248.9 0 0 0 0 0 0 0 0 0
-2.7 71.2 2496.0 49 0.9946241975 0.1023551598 -0.0156895779 -0.0825765282 0.8754286170 0.4762413502 0.0624808632 -0.4723855853 0.8791745901
-22.5 -98.5 2587.5 0.9946241975 0.1023551598 -0.0156895779 -0.0825765282 0.8754286170 0.4762413502 0.0624808632 -0.4723855853 0.8791745901
-43.0 -267.0 2683.5 0.9943367243 0.1054362431 -0.0133311693 -0.0849832296 0.8641621470 0.4959855080 0.0638151392 -0.4920436740 0.8682284355
-164.1 -86.3 2578.4 0.1531799883 -0.9803926945 -0.1239601374 0.8880796432 0.0815559104 0.4523971379 -0.4334171712 -0.1793846637 0.8831595182
-208.4 -342.9 2703.6 -0.1933774650 -0.9803926945 -0.0378863588 -0.2231667638 0.0815559104 -0.9713625908 0.9554066062 -0.1793846637 -0.2345621288
119.1 -110.6 2596.7 -0.1299133301 0.9907975793 -0.0379821807 -0.9137306213 -0.1345063746 -0.3834114373 -0.3849920034 -0.0151047762 0.9227963090
86.0 -343.4 2498.6 -0.0706021041 0.9907975793 -0.1154792756 -0.4183790386 -0.1345063746 -0.8982577920 -0.9055243134 -0.0151047762 0.4240253866
-154.7 -434.9 2750.9 0.9991014600 0.0207973029 -0.0369281955 -0.0350543931 -0.0842106268 -0.9958311915 -0.0238203481 0.9962309003 -0.0834059268
-163.9 -397.8 2311.3 0.9991014600 0.0371244028 0.0204450060 -0.0350543931 0.9949848652 -0.0936817005 -0.0238203481 0.0928808376 0.9953922629
24.5 -447.5 2768.4 0.9467706084 -0.1523086876 -0.2835974693 -0.2214776874 0.3311299384 -0.9172244072 0.2336088717 0.9312115908 0.2797711194
85.5 -580.2 2395.1 0.9467706084 0.0594724156 -0.3163676560 -0.2214776874 0.8335496783 -0.5061052442 0.2336088717 0.5492339730 0.8023521304
-165.1 -292.9 2489.8 0 0 0 0 0 0 0 0 0
68.5 -446.9 2274.5 0 0 0 0 0 0 0 0 0
-176.9 -748.1 2278.6 0 0 0 0 0 0 0 0 0
70.0 -798.0 2251.6 0 0 0 0 0 0 0 0 0
-3.3 61.9 2497.6 50 0.9943737388 0.1043111980 0.0184403583 -0.1010115072 0.8813146353 0.4616071880 0.0318990424 -0.4608727396 0.8868927360
-23.4 -108.4 2586.7 0.9943737388 0.1043111980 0.0184403583 -0.1010115072 0.8813146353 0.4616071880 0.0318990424 -0.4608727396 0.8868927360
-44.4 -278.0 2681.4 0.9940090775 0.1072034091 0.0212932844 -0.1040278003 0.8681904674 0.4852046371 0.0335289650 -0.4845128953 0.8741413355
-165.0 -93.6 2581.9 0.1573530287 -0.9834793210 -0.0894898474 0.8904793262 0.1021256521 0.4434150457 -0.4269503355 -0.1494615674 0.8918377757
-210.5 -351.4 2705.5 -0.1696438342 -0.9834793210 -0.0631615371 -0.2318862826 0.1021256521 -0.9673671126 0.9578359723 -0.1494615674 -0.2453803569
118.1 -123.2 2591.5 -0.1316324621 0.9907205701 -0.0338474438 -0.9195103049 -0.1347857565 -0.3692337275 -0.3703696132 -0.0174800698 0.9287199974
85.9 -348.4 2500.8 -0.0698436499 0.9907205701 -0.1165959612 -0.3945523202 -0.1347857565 -0.9089341164 -0.9162152410 -0.0174800698 0.4003050327
-153.8 -425.2 2777.5 0.9983607531 0.0016904449 -0.0572097972 -0.0571005605 -0.0389932208 -0.9976066351 -0.0039171930 0.9992380738 -0.0388327762
-154.6 -406.1 2289.0 0.9983607531 0.0572173707 0.0014110431 -0.0571005605 0.9974043369 -0.0438645259 -0.0039171930 0.0437120497 0.9990364909
25.5 -441.8 2788.5 0.9711927772 -0.1552741975 -0.1807610393 -0.1541747898 0.1689625978 -0.9734894633 0.1816996485 0.9733147025 0.1401558816
86.0 -507.6 2409.6 0.9711927772 0.0509957485 -0.2327747047 -0.1541747898 0.8793022633 -0.4506192505 0.1816996485 0.4735261500 0.8618342280
-172.5 -299.4 2490.7 0 0 0 0 0 0 0 0 0
68.7 -445.5 2275.2 0 0 0 0 0 0 0 0 0
-175.1 -763.6 2273.4 0 0 0 0 0 0 0 0 0
69.1 -799.2 2252.6 0 0 0 0 0 0 0 0 0
1.4 64.4 2488.5 51 0.9920991659 0.1234577000 -0.0223022215 -0.0952094272 0.8566822410 0.5069819689 0.0816967487 -0.5008530021 0.8616681099
-22.5 -101.6 2585.5 0.9920991659 0.1234577000 -0.0223022215 -0.0952094272 0.8566822410 0.5069819689 0.0816967487 -0.5008530021 0.8616681099
-47.2 -266.1 2688.0 0.9919295907 0.1253916770 -0.0187774226 -0.0963669717 0.8418487310 0.5310406089 0.0823958293 -0.5249453783 0.8471382856
-163.7 -88.1 2573.8 0.1740071625 -0.9761306643 -0.1299632490 0.8674948215 0.0894914716 0.4893302023 -0.4660196006 -0.1978894025 0.8623604178
-214.0 -339.2 2708.7 -0.2113640904 -0.9761306643 -0.0499415994 -0.1819178909 0.0894914716 -0.9792329669 0.9603286386 -0.1978894025 -0.1964909136
118.6 -115.2 2597.2 -0.1218765453 0.9925292134 -0.0056440169 -0.9240858555 -0.1155437157 -0.3643006980 -0.3622311950 -0.0391841531 0.9312642813
86.8 -356.6 2502.6 -0.0788485780 0.9925292134 -0.0931055844 -0.3623688817 -0.1155437157 -0.9248450994 -0.9286935329 -0.0391841531 0.3687721789
-155.3 -437.0 2775.0 0.9972480536 -0.0113758584 -0.0732595101 -0.0737195089 -0.0473764539 -0.9961530566 0.0078613209 0.9988123178 -0.0480846986
-149.5 -413.0 2269.5 0.9972480536 0.0738106221 -0.0069540101 -0.0737195089 0.9971999526 0.0125562120 0.0078613209 -0.0120090116 0.9998970032
22.5 -450.0 2786.3 0.9739069343 -0.1566294581 -0.1642331928 -0.1384812593 0.1631861478 -0.9768281579 0.1798006445 0.9740828872 0.1372378767
84.7 -514.8 2399.5 0.9739069343 0.0428667851 -0.2228626758 -0.1384812593 0.8902419209 -0.4339266121 0.1798006445 0.4534664154 0.8729490042
-166.7 -298.4 2493.5 0 0 0 0 0 0 0 0 0
67.6 -444.6 2276.9 0 0 0 0 0 0 0 0 0
-175.5 -763.0 2273.7 0 0 0 0 0 0 0 0 0
71.1 -798.5 2255.0 0 0 0 0 0 0 0 0 0
3.7 66.2 2483.4 52 0.9908248186 0.1329758316 0.0241589267 -0.1262113601 0.8464358449 0.5173171759 0.0483416952 -0.5156198144 0.8554527164
-22.1 -98.3 2583.5 0.9908248186 0.1329758316 0.0241589267 -0.1262113601 0.8464358449 0.5173171759 0.0483416952 -0.5156198144 0.8554527164
-48.5 -261.0 2688.8 0.9904932976 0.1347333491 0.0277484320 -0.1282897294 0.8319463730 0.5398212671 0.0496467203 -0.5382491946 0.8413221836
-163.0 -80.1 2576.4 0.1852035969 -0.9791035056 -0.0839996636 0.8565402627 0.1189360395 0.5021882653 -0.4817036986 -0.1649561673 0.8606689572
-216.7 -328.3 2716.0 -0.1833536923 -0.9791035056 -0.0879644305 -0.1654254943 0.1189360395 -0.9790243506 0.9690282941 -0.1649561673 -0.1837760359
118.8 -116.5 2590.6 -0.1074095219 0.9928481579 0.0521125942 -0.9488814473 -0.0867237672 -0.3034847081 -0.2967948318 -0.0820458233 0.9514101744
91.0 -362.0 2513.8 -0.1061543673 0.9928481579 -0.0546239689 -0.3268611431 -0.0867237672 -0.9410849214 -0.9390916228 -0.0820458233 0.3337295949
-161.6 -421.4 2784.0 0.9954869151 -0.0311447941 -0.0896426290 -0.0901982039 -0.0169138070 -0.9957802296 0.0294971708 0.9993717670 -0.0196466781
-145.4 -412.6 2263.9 0.9954869151 0.0912446976 -0.0260807257 -0.0901982039 0.9951667786 0.0388241597 0.0294971708 -0.0362965092 0.9989056587
16.6 -435.7 2801.5 0.9730325937 -0.1741783768 -0.1512263566 -0.1330287606 0.1118584350 -0.9847797155 0.1884432733 0.9783402085 0.0856711715
85.2 -479.7 2416.2 0.9730325937 0.0340617113 -0.2281388044 -0.1330287606 0.8908556104 -0.4343726337 0.1884432733 0.4530077577 0.8713628054
-175.6 -291.2 2498.6 0 0 0 0 0 0 0 0 0
64.8 -442.6 2282.3 0 0 0 0 0 0 0 0 0
-176.6 -752.7 2276.3 0 0 0 0 0 0 0 0 0
73.1 -795.8 2255.5 0 0 0 0 0 0 0 0 0
6.2 66.2 2481.8 53 0.9934980273 0.1136010140 0.0075175562 -0.0998863727 0.8380634785 0.5363509059 0.0546298213 -0.5336144567 0.8439615965
-15.9 -96.5 2585.4 0.9934980273 0.1136010140 0.0075175562 -0.0998863727 0.8380634785 0.5363509059 0.0546298213 -0.5336144567 0.8439615965
-38.6 -257.4 2694.3 0.9932307601 0.1156667992 0.0106712449 -0.1018224359 0.8227585554 0.5591962934 0.0559005924 -0.5564975739 0.8289666176
-157.3 -82.0 2577.5 0.1653590500 -0.9811011553 -0.1004834995 0.8498182297 0.0900429785 0.5193277001 -0.5004651546 -0.1712682396 0.8486470580
-205.2 -328.3 2722.5 -0.1832221150 -0.9811011553 -0.0622109883 -0.1477357596 0.0900429785 -0.9849194884 0.9719073176 -0.1712682396 -0.1614415795
125.5 -110.9 2593.3 -0.1405277848 0.9900325537 0.0093534850 -0.9219735265 -0.1274123788 -0.3656924069 -0.3608556390 -0.0600136109 0.9306887388
89.5 -347.2 2500.9 -0.1052512750 0.9900325537 -0.0935826674 -0.3861962557 -0.1274123788 -0.9135745764 -0.9163921475 -0.0600136109 0.3957571983
-164.3 -411.8 2790.1 0.9941929579 -0.0397224836 -0.1000123993 -0.0999814868 0.0027690378 -0.9949854612 0.0398002304 0.9992069006 -0.0012185549
-143.3 -413.3 2260.0 0.9941929579 0.1018828303 -0.0346445441 -0.0999814868 0.9935882092 0.0527843684 0.0398002304 -0.0490140356 0.9980047941
14.0 -433.5 2800.4 0.9748967290 -0.1748474240 -0.1378578097 -0.1198574826 0.1096815243 -0.9867138267 0.1876448244 0.9784673452 0.0859713852
82.7 -476.6 2416.1 0.9748967290 0.0235941801 -0.2214039564 -0.1198574826 0.8936158419 -0.4325330853 0.1876448244 0.4482119977 0.8740110993
-164.0 -295.1 2504.3 0 0 0 0 0 0 0 0 0
63.1 -444.1 2271.0 0 0 0 0 0 0 0 0 0
-177.5 -746.8 2276.5 0 0 0 0 0 0 0 0 0
74.3 -794.4 2256.7 0 0 0 0 0 0 0 0 0
4.6 68.0 2480.5 54 0.9952437878 0.0943792760 -0.0241323039 -0.0654479191 0.8312934041 0.5519672036 0.0721552968 -0.5477625728 0.8335165381
-13.8 -93.7 2587.1 0.9952437878 0.0943792760 -0.0241323039 -0.0654479191 0.8312934041 0.5519672036 0.0721552968 -0.5477625728 0.8335165381
-32.8 -253.4 2698.7 0.9950787425 0.0967118517 -0.0215674266 -0.0668708533 0.8160650134 0.5740785003 0.0731206164 -0.5698111057 0.8185161352
-155.4 -84.2 2576.8 0.1446275711 -0.9806842804 -0.1316860765 0.8456841111 0.0534151644 0.5310039520 -0.5137131810 -0.1881626248 0.8370743990
-197.3 -329.4 2725.7 -0.1938303411 -0.9806842804 -0.0262327455 -0.1363746971 0.0534151644 -0.9892162085 0.9715100527 -0.1881626248 -0.1440940052
127.9 -103.2 2597.5 -0.1591684222 0.9869971275 -0.0224066786 -0.9084622860 -0.1553126723 -0.3880389929 -0.3864734173 -0.0414079316 0.9213705659
87.5 -333.7 2499.4 -0.1057849303 0.9869971275 -0.1210214496 -0.4336809218 -0.1553126723 -0.8875803351 -0.8948354125 -0.0414079316 0.4444715679
-150.9 -409.0 2798.4 0.9987938404 0.0484267697 -0.0081070792 -0.0071922019 -0.0190364420 -0.9997929335 -0.0485710725 0.9986453056 -0.0186651852
-173.7 -400.0 2328.4 0.9987938404 0.0141261462 0.0470247678 -0.0071922019 0.9894818664 -0.1444778889 -0.0485710725 0.1439654082 0.9883900285
28.2 -426.6 2809.2 0.9863284230 -0.1310961694 -0.0998499095 -0.0878083408 0.0946364626 -0.9916318059 0.1394485831 0.9868422747 0.0818312988
79.6 -463.7 2422.5 0.9863284230 0.0152834058 -0.1640811563 -0.0878083408 0.8913080096 -0.4448142648 0.1394485831 0.4531406462 0.8804644346
-153.8 -298.8 2507.4 0 0 0 0 0 0 0 0 0
60.7 -443.5 2272.9 0 0 0 0 0 0 0 0 0
-178.7 -745.4 2278.1 0 0 0 0 0 0 0 0 0
73.9 -792.6 2255.3 0 0 0 0 0 0 0 0 0
7.0 69.6 2488.9 55 0.9889634252 0.0969329700 -0.1120507196 -0.0225839112 0.8460701108 0.5325930119 0.1464285851 -0.5241844654 0.8389215469
-12.1 -96.9 2592.0 0.9889634252 0.0969329700 -0.1120507196 -0.0225839112 0.8460701108 0.5325930119 0.1464285851 -0.5241844654 0.8389215469
-31.7 -259.1 2699.9 0.9889190793 0.1009353176 -0.1088630632 -0.0229593273 0.8284651637 0.5595697165 0.1466696113 -0.5508697629 0.8216024041
-152.4 -93.5 2571.2 0.1418073922 -0.9655889273 -0.2180107534 0.8595553637 0.0108780870 0.5109268427 -0.4909737706 -0.2598455250 0.8315197229
-193.5 -342.8 2713.5 -0.2581361234 -0.9655889273 0.0316821262 -0.1618003845 0.0108780870 -0.9867635369 0.9524633288 -0.2598455250 -0.1590406895
128.2 -100.3 2612.9 -0.1681980640 0.9850124717 -0.0382082947 -0.8985975385 -0.1691464931 -0.4048603475 -0.4052552879 -0.0337628499 0.9135798812
85.0 -330.9 2508.9 -0.1033453420 0.9850124717 -0.1380949169 -0.4220449924 -0.1691464931 -0.8906556368 -0.9006651640 -0.0337628499 0.4332000613
-141.6 -406.9 2803.8 0.9985308647 0.0357749537 -0.0406965464 -0.0404516049 -0.0075443527 -0.9991530180 -0.0360516831 0.9993314147 -0.0060861148
-159.5 -403.1 2302.9 0.9985308647 0.0434885696 0.0323233753 -0.0404516049 0.9951819181 -0.0893118456 -0.0360516831 0.0878731087 0.9954791069
37.9 -418.6 2817.3 0.9919391274 -0.1041746885 -0.0721413568 -0.0674369335 0.0480006561 -0.9965682030 0.1072800159 0.9933999777 0.0405885093
78.7 -437.3 2428.7 0.9919391274 0.0135263633 -0.1259911805 -0.0674369335 0.8981373906 -0.4345129132 0.1072800159 0.4395068288 0.8918098211
-135.7 -306.5 2500.0 0 0 0 0 0 0 0 0 0
58.5 -439.3 2277.7 0 0 0 0 0 0 0 0 0
-175.3 -764.4 2271.1 0 0 0 0 0 0 0 0 0
73.3 -792.9 2254.7 0 0 0 0 0 0 0 0 0
7.3 70.2 2483.6 56 0.9908419251 0.0895761475 -0.1010368690 -0.0203651339 0.8388494849 0.5439823866 0.1334825605 -0.5369428992 0.8329914212
-10.3 -94.3 2588.9 0.9908419251 0.0895761475 -0.1010368690 -0.0203651339 0.8388494849 0.5439823866 0.1334825605 -0.5369428992 0.8329914212
-28.4 -256.1 2697.5 0.9907546043 0.0927344039 -0.0990236253 -0.0211627353 0.8266121745 0.5623739362 0.1340055466 -0.5550789833 0.8209323287
-151.2 -91.2 2569.8 0.1347766668 -0.9688257575 -0.2078746408 0.8580185771 0.0091756741 0.5135366917 -0.4956201911 -0.2475730628 0.8325071931
-190.3 -340.1 2713.5 -0.2458858341 -0.9688257575 0.0302782319 -0.1577458829 0.0091756741 -0.9874371290 0.9563766718 -0.2475730628 -0.1550844461
130.6 -97.3 2607.9 -0.1782596558 0.9834219813 -0.0332363509 -0.9097675085 -0.1775896400 -0.3752133250 -0.3748954535 -0.0366480425 0.9263424277
85.6 -326.8 2513.4 -0.1090177298 0.9834219813 -0.1449009776 -0.4175377786 -0.1775896400 -0.8911364079 -0.9020960927 -0.0366480425 0.4299762547
-140.3 -419.1 2794.6 0.9975966811 0.0692828819 0.0008632926 0.0034883411 -0.0377768092 -0.9992800951 -0.0692003965 0.9968815446 -0.0379277021
-172.3 -401.6 2333.7 0.9975966811 0.0083327601 0.0687853768 0.0034883411 0.9854431152 -0.1699695289 -0.0692003965 0.1698009819 0.9830457568
37.6 -423.1 2821.2 0.9908574224 -0.1102201194 -0.0778017789 -0.0750196055 0.0291742645 -0.9967551827 0.1121322885 0.9934789538 0.0206388645
80.8 -434.5 2432.4 0.9908574224 0.0180464629 -0.1337008476 -0.0750196055 0.8973744512 -0.4348461628 0.1121322885 0.4409007132 0.8905239701
-135.0 -304.6 2498.8 0 0 0 0 0 0 0 0 0
57.1 -436.0 2277.5 0 0 0 0 0 0 0 0 0
-175.4 -764.6 2271.2 0 0 0 0 0 0 0 0 0
73.6 -792.8 2256.3 0 0 0 0 0 0 0 0 0
7.9 68.5 2490.4 57 0.9939476848 0.0888158008 -0.0646507964 -0.0419828407 0.8509495258 0.5235669017 0.1015155837 -0.5176839232 0.8495280743
-9.6 -98.9 2592.3 0.9939476848 0.0888158008 -0.0646507964 -0.0419828407 0.8509495258 0.5235669017 0.1015155837 -0.5176839232 0.8495280743
-27.6 -262.2 2698.9 0.9938499928 0.0918917209 -0.0617904328 -0.0428936034 0.8339067698 0.5502359867 0.1020895913 -0.5442016125 0.8327198029
-151.0 -92.8 2577.8 0.1368816644 -0.9756978154 -0.1711059064 0.8634213805 0.0328478962 0.5034129024 -0.4855584204 -0.2166444957 0.8469345570
-190.7 -343.3 2718.7 -0.2190626711 -0.9756978154 0.0050367694 -0.1689526737 0.0328478962 -0.9850766659 0.9609716535 -0.2166444957 -0.1720425040
