-21.6 90.9 2546.3 44 0.9949704409 0.0174415242 -0.0986386463 0.0264749993 0.9039174318 0.4268868268 0.0966067463 -0.4273512363 0.8989093900
-25.0 -86.0 2630.0 0.9949704409 0.0174415242 -0.0986386463 0.0264749993 0.9039174318 0.4268868268 0.0966067463 -0.4273512363 0.8989093900
-29.4 -260.7 2718.4 0.9949302673 0.0221240111 -0.0981037170 0.0246495474 0.8920980096 0.4511691034 0.0974997953 -0.4512999952 0.8870299459
-166.8 -89.5 2616.1 0.0652522668 -0.9769381881 -0.2033073306 0.9186326861 -0.0207541715 0.3945672214 -0.3896872699 -0.2125111520 0.8960930705
-185.7 -356.0 2729.2 -0.1977909505 -0.9769381881 0.0804392025 -0.2869798839 -0.0207541715 -0.9577117562 0.9372946620 -0.2125111520 -0.2762566209
116.7 -82.5 2643.9 -0.1370471567 0.9198307991 0.3675994277 -0.8541893363 0.0781679973 -0.5140529275 -0.5015762448 -0.3844490051 0.7749969363
82.0 -299.1 2516.6 -0.3242176771 0.9078726768 0.2658008933 -0.5317812562 0.0574642681 -0.8449299335 -0.7823628187 -0.4152891338 0.4641587436
-118.8 -439.8 2797.2 0.9923325181 0.1235644445 0.0028265873 0.0163229462 -0.1083501205 -0.9939787984 -0.1225141734 0.9864035845 -0.1095362827
-168.0 -396.7 2404.3 0.9923325181 0.0267927460 0.1206578240 0.0163229462 0.9392614961 -0.3428139389 -0.1225141734 0.3421549201 0.9316223860
61.4 -436.2 2811.3 0.9996295571 -0.0270055588 0.0033852083 0.0046375236 0.0464455187 -0.9989100695 0.0268188957 0.9985557199 0.0465535522
71.9 -454.3 2420.4 0.9996295571 -0.0152182253 -0.0225646943 0.0046375236 0.9121835828 -0.4097555876 0.0268188957 0.4094991386 0.9119162560
-141.2 -291.5 2518.4 0 0 0 0 0 0 0 0 0
-6.7 -444.6 2302.6 0 0 0 0 0 0 0 0 0
-179.1 -784.7 2263.0 0 0 0 0 0 0 0 0 0
77.6 -796.0 2267.0 0 0 0 0 0 0 0 0 0
-23.7 88.6 2547.8 45 0.9954131246 0.0174422041 -0.0940664485 0.0244697966 0.9041163921 0.4265850186 0.0924876034 -0.4269300997 0.8995425105
-27.2 -88.4 2631.4 0.9954131246 0.0174422041 -0.0940664485 0.0244697966 0.9041163921 0.4265850186 0.0924876034 -0.4269300997 0.8995425105
-31.5 -262.8 2720.3 0.9953813553 0.0219191164 -0.0934640616 0.0230210591 0.8906774521 0.4540525377 0.0931987688 -0.4541070759 0.8860591054
-169.0 -91.7 2618.1 0.0653009564 -0.9778762460 -0.1987305731 0.9173178673 -0.0195611939 0.3976749182 -0.3927642703 -0.2082676440 0.8957459331
-188.0 -357.8 2732.1 -0.1943152994 -0.9778762460 0.0774571896 -0.2837164998 -0.0195611939 -0.9587086439 0.9390136003 -0.2082676440 -0.2736385763
114.7 -85.1 2644.7 -0.1555818468 0.9089403749 0.3868096471 -0.8537712693 0.0732266530 -0.5154731274 -0.4968590736 -0.4104452133 0.7646344304
71.6 -321.6 2507.0 -0.3440285325 0.9089403749 0.2355244756 -0.4243969023 0.0732266530 -0.9025104642 -0.8375748396 -0.4104452133 0.3605594337
-123.6 -437.6 2797.9 0.9924644828 0.1215357408 0.0155996904 0.0278321784 -0.0996120051 -0.9946370125 -0.1193300337 0.9875760674 -0.1022439823
-171.6 -398.3 2407.8 0.9924644828 0.0159662850 0.1214881241 0.0278321784 0.9361852407 -0.3504033685 -0.1193300337 0.3511441648 0.9286862016
56.2 -433.2 2815.5 0.9992322326 -0.0391658507 -0.0009975497 0.0010847404 0.0531087369 -0.9985881448 0.0391635299 0.9978203773 0.0531104468
71.5 -454.0 2424.8 0.9992322326 -0.0173834208 -0.0351109020 0.0010847404 0.9081083536 -0.4187338054 0.0391635299 0.4183742404 0.9074299932
-144.3 -294.0 2520.9 0 0 0 0 0 0 0 0 0
-23.3 -438.6 2276.1 0 0 0 0 0 0 0 0 0
-178.2 -784.7 2262.9 0 0 0 0 0 0 0 0 0
78.1 -796.7 2266.9 0 0 0 0 0 0 0 0 0
-25.3 89.4 2547.5 46 0.9964213967 0.0035876466 -0.0844480544 0.0323640630 0.9067646265 0.4203932881 0.0780827329 -0.4216219783 0.9034035802
-26.0 -89.0 2630.5 0.9964213967 0.0035876466 -0.0844480544 0.0323640630 0.9067646265 0.4203932881 0.0780827329 -0.4216219783 0.9034035802
-27.3 -264.2 2718.2 0.9964194298 0.0064303805 -0.0843030140 0.0320029669 0.8942271471 0.4464679658 0.0782570019 -0.4475673139 0.8908194900
-168.0 -93.6 2619.4 0.0504991859 -0.9807164073 -0.1887991726 0.9208571911 -0.0274569746 0.3889320493 -0.3866159022 -0.1934978217 0.9017132521
-182.7 -360.8 2731.5 -0.1772095561 -0.9807164073 0.0824139789 -0.2925783098 -0.0274569746 -0.9558472633 0.9396779537 -0.1934978217 -0.2820707262
115.9 -84.5 2641.7 -0.1422640979 0.8889514804 0.4353460371 -0.8641029596 0.1029858440 -0.4926661551 -0.4827907979 -0.4462725222 0.7534944415
75.0 -333.4 2502.6 -0.3867085278 0.8889514804 0.2454012334 -0.3533134460 0.1029858440 -0.9298191071 -0.8518369198 -0.4462725222 0.2742530107
-125.7 -439.4 2800.8 0.9924012423 0.1218500510 0.0170982480 0.0323238708 -0.1240965798 -0.9917435050 -0.1187221631 0.9847601652 -0.1270922720
-173.6 -390.6 2413.6 0.9924012423 0.0118788844 0.1224690825 0.0323238708 0.9352009296 -0.3526391685 -0.1187221631 0.3539182246 0.9277105927
54.2 -435.2 2817.7 0.9989851713 -0.0450308919 -0.0009253839 0.0000067414 0.0206951331 -0.9997858405 0.0450403988 0.9987711906 0.0206744336
71.8 -443.3 2426.7 0.9989851713 -0.0185362194 -0.0410493128 0.0000067414 0.9114502668 -0.4114102423 0.0450403988 0.4109924436 0.9105254412
-142.8 -295.0 2520.3 0 0 0 0 0 0 0 0 0
-34.0 -432.9 2262.5 0 0 0 0 0 0 0 0 0
-178.6 -784.2 2264.6 0 0 0 0 0 0 0 0 0
79.0 -796.2 2267.6 0 0 0 0 0 0 0 0 0
-24.6 93.4 2546.9 47 0.9975657463 0.0026219608 -0.0696829781 0.0271785296 0.9056479335 0.4231584966 0.0642177537 -0.4240222871 0.9033721089
-25.1 -85.1 2630.5 0.9975657463 0.0026219608 -0.0696829781 0.0271785296 0.9056479335 0.4231584966 0.0642177537 -0.4240222871 0.9033721089
-26.0 -259.6 2719.2 0.9975667596 0.0046190247 -0.0695646182 0.0274298470 0.8913266063 0.4525312185 0.0640950501 -0.4533382654 0.8890310526
-167.3 -89.0 2621.3 0.0495888852 -0.9834575653 -0.1742187589 0.9181086421 -0.0237889681 0.3956142664 -0.3932143152 -0.1795698106 0.9017412066
-181.7 -355.3 2735.4 -0.1654373407 -0.9834575653 0.0737679899 -0.2857565582 -0.0237889681 -0.9580069184 0.9439139962 -0.1795698106 -0.2770938575
117.0 -81.2 2639.6 -0.1670873612 0.9090886712 0.3816276193 -0.8648882508 0.0506801531 -0.4993995130 -0.4733393788 -0.4135085642 0.7777920961
66.6 -342.0 2496.8 -0.3756023943 0.9090886712 0.1802239269 -0.3296832144 0.0506801531 -0.9427303672 -0.8661592603 -0.4135085642 0.2806756794
-118.6 -442.2 2798.7 0.9889873862 0.1450206786 0.0295451358 0.0447555967 -0.1027700678 -0.9936977625 -0.1410703659 0.9840768576 -0.1081287935
-175.5 -401.9 2412.7 0.9889873862 0.0088623650 0.1477341205 0.0447555967 0.9335608482 -0.3556137085 -0.1410703659 0.3583094180 0.9228832722
61.5 -436.4 2812.9 0.9996815920 -0.0216010232 0.0130448220 0.0138050225 0.0354259312 -0.9992769361 0.0211232789 0.9991388321 0.0357128531
69.9 -450.2 2421.8 0.9996815920 -0.0212779343 -0.0135654379 0.0138050225 0.9111514688 -0.4118402898 0.0211232789 0.4115218818 0.9111550450
-144.5 -291.1 2523.2 0 0 0 0 0 0 0 0 0
-39.9 -435.5 2251.1 0 0 0 0 0 0 0 0 0
-179.1 -782.7 2266.5 0 0 0 0 0 0 0 0 0
78.0 -794.3 2266.4 0 0 0 0 0 0 0 0 0
-27.0 90.8 2546.6 48 0.9982070923 0.0019383839 -0.0598235466 0.0237833355 0.9043410420 0.4261474609 0.0549269281 -0.4268062413 0.9026735425
-27.3 -87.3 2630.6 0.9982070923 0.0019383839 -0.0598235466 0.0237833355 0.9043410420 0.4261474609 0.0549269281 -0.4268062413 0.9026735425
-28.1 -261.6 2719.9 0.9982062578 0.0041389200 -0.0597251169 0.0235458426 0.8900721073 0.4552112520 0.0550437421 -0.4558010101 0.8883780837
-169.6 -90.6 2622.8 0.0497514307 -0.9851215482 -0.1645003706 0.9168239832 -0.0202873144 0.3987758458 -0.3961799443 -0.1706575602 0.9021737576
-184.0 -356.6 2737.7 -0.1580866426 -0.9851215482 0.0674106106 -0.2825302482 -0.0202873144 -0.9590438604 0.9461423159 -0.1706575602 -0.2751194835
114.9 -83.9 2638.4 -0.1585963666 0.8947750330 0.4174025357 -0.8633879423 0.0793969706 -0.4982543290 -0.4789660275 -0.4394016266 0.7599458694
68.1 -338.9 2497.0 -0.3911120892 0.8947750330 0.2154275030 -0.3354119062 0.0793969706 -0.9387198687 -0.8570473790 -0.4394016266 0.2690650821
-117.1 -436.7 2802.2 0.9894090891 0.1434537023 0.0221525356 0.0412350520 -0.1314502656 -0.9904648066 -0.1391738802 0.9808883071 -0.1359734088
-173.3 -385.2 2417.8 0.9894090891 0.0112297703 0.1447190046 0.0412350520 0.9341827631 -0.3544040024 -0.1391738802 0.3566180170 0.9238258600
63.2 -431.7 2813.8 0.9997574687 -0.0163605735 0.0147420010 0.0158070978 0.0670049712 -0.9976274371 0.0153339691 0.9976184964 0.0672473311
69.6 -457.9 2423.3 0.9997574687 -0.0208272990 -0.0071567167 0.0158070978 0.9049170017 -0.4252944887 0.0153339691 0.4250782132 0.9050267339
-148.5 -293.1 2525.0 0 0 0 0 0 0 0 0 0
-43.8 -434.8 2252.0 0 0 0 0 0 0 0 0 0
-178.1 -783.5 2265.8 0 0 0 0 0 0 0 0 0
77.3 -793.4 2265.7 0 0 0 0 0 0 0 0 0
-29.7 87.9 2548.4 49 0.9987677932 -0.0037635367 -0.0494841449 0.0240663681 0.9087576270 0.4166298211 0.0434010923 -0.4173073769 0.9077284336
-28.9 -90.2 2630.2 0.9987677932 -0.0037635367 -0.0494841449 0.0240663681 0.9087576270 0.4166298211 0.0434010923 -0.4173073769 0.9077284336
-28.7 -265.8 2717.0 0.9987708926 -0.0010917163 -0.0495536104 0.0229322948 0.8964959979 0.4424579442 0.0439415723 -0.4430505037 0.8954191208
-171.3 -93.5 2624.0 0.0452902056 -0.9870085120 -0.1541525126 0.9224027991 -0.0179311633 0.3858128786 -0.3835647404 -0.1596642435 0.9096072912
-184.4 -361.1 2735.2 -0.1472872943 -0.9870085120 0.0641922876 -0.2960577011 -0.0179311633 -0.9550017118 0.9437459111 -0.1596642435 -0.2895704210
113.4 -87.0 2636.5 -0.1637364030 0.9040707946 0.3947738707 -0.8691203594 0.0571218692 -0.4912910163 -0.4667120576 -0.4235482216 0.7763934135
65.3 -342.0 2499.5 -0.3858714104 0.9040707946 0.1837369353 -0.3169575334 0.0571218692 -0.9467180371 -0.8663954735 -0.4235482216 0.2645103633
-119.2 -438.0 2804.2 0.9898020625 0.1408197880 0.0214876551 0.0424139984 -0.1473362893 -0.9881766438 -0.1359889060 0.9790106416 -0.1518064886
-174.3 -380.3 2420.6 0.9898020625 0.0085962871 0.1421901435 0.0424139984 0.9351203442 -0.3517826498 -0.1359889060 0.3542260528 0.9252194166
61.3 -433.8 2814.1 0.9996967912 -0.0223273635 0.0103853839 0.0117105376 0.0600638278 -0.9981258512 0.0216617323 0.9979447722 0.0603070818
70.0 -457.3 2423.4 0.9996967912 -0.0198419206 -0.0145830568 0.0117105376 0.9040449858 -0.4272768199 0.0216617323 0.4269764721 0.9040032625
-151.3 -294.6 2523.1 0 0 0 0 0 0 0 0 0
-44.8 -432.5 2252.1 0 0 0 0 0 0 0 0 0
-178.0 -784.1 2267.7 0 0 0 0 0 0 0 0 0
77.4 -793.6 2264.6 0 0 0 0 0 0 0 0 0
-30.1 88.9 2547.4 50 0.9987475872 0.0053063580 -0.0497507751 0.0160138737 0.9081489444 0.4183408618 0.0474009775 -0.4186136127 0.9069265723
-31.1 -90.2 2629.9 0.9987475872 0.0053063580 -0.0497507751 0.0160138737 0.9081489444 0.4183408618 0.0474009775 -0.4186136127 0.9069265723
-32.6 -265.2 2717.8 0.9987455606 0.0072793001 -0.0495412350 0.0157253798 0.8937245011 0.4483405352 0.0475398190 -0.4485571682 0.8924888968
-173.5 -92.5 2623.1 0.0536055118 -0.9865219593 -0.1545992345 0.9196458459 -0.0115499711 0.3925788105 -0.3890732229 -0.1632209271 0.9066316485
-189.0 -359.3 2736.0 -0.1529678553 -0.9865219593 0.0580973998 -0.2890719771 -0.0115499711 -0.9572376609 0.9450069666 -0.1632209271 -0.2834090889
111.2 -88.0 2636.7 -0.1522255391 0.8961377740 0.4168506563 -0.8678308129 0.0806397423 -0.4902723134 -0.4729662836 -0.4363878071 0.7654205561
66.3 -343.7 2497.3 -0.3952386677 0.8961377740 0.2018006295 -0.3021354675 0.0806397423 -0.9498481154 -0.8674678802 -0.4363878071 0.2388830632
-118.8 -443.5 2799.8 0.9901701808 0.1385863572 0.0188892167 0.0378952660 -0.1358161718 -0.9900090694 -0.1346362829 0.9809932709 -0.1397328973
-173.1 -390.3 2415.5 0.9901701808 0.0123356730 0.1393226832 0.0378952660 0.9351857305 -0.3521243334 -0.1346362829 0.3539426923 0.9255256057
61.7 -439.3 2807.7 0.9997524023 -0.0192578137 0.0111480746 0.0123610310 0.0640595332 -0.9978694916 0.0185026433 0.9977602363 0.0642817244
69.3 -464.4 2417.0 0.9997524023 -0.0190282371 -0.0115355579 0.0123610310 0.9059782624 -0.4231437445 0.0185026433 0.4228963852 0.9059891105
-154.6 -294.3 2523.5 0 0 0 0 0 0 0 0 0
-46.3 -429.8 2250.0 0 0 0 0 0 0 0 0 0
-178.3 -783.3 2266.7 0 0 0 0 0 0 0 0 0
76.2 -793.8 2263.2 0 0 0 0 0 0 0 0 0
-31.3 86.9 2548.8 51 0.9984176755 -0.0011374981 -0.0562212653 0.0244110115 0.9094446301 0.4151079357 0.0506579429 -0.4158235192 0.9080333710
-31.1 -92.0 2630.6 0.9984176755 -0.0011374981 -0.0562212653 0.0244110115 0.9094446301 0.4151079357 0.0506579429 -0.4158235192 0.9080333710
-31.3 -267.3 2717.8 0.9984177351 0.0008398999 -0.0562261492 0.0242920257 0.8953341246 0.4447321892 0.0507147200 -0.4453943372 0.8938969970
-173.4 -95.4 2623.4 0.0467238091 -0.9858741760 -0.1608384252 0.9214382768 -0.0196341109 0.3880283535 -0.3857050240 -0.1663328558 0.9075047970
-187.0 -362.8 2735.3 -0.1533351690 -0.9858741760 0.0673828050 -0.2937354743 -0.0196341109 -0.9556850791 0.9435082078 -0.1663328558 -0.2865756154
111.2 -88.5 2637.8 -0.1629613787 0.9119250178 0.3766116202 -0.8635615706 0.0527822748 -0.5014733076 -0.4771844745 -0.4069480896 0.7789019346
62.9 -344.2 2496.5 -0.3762617111 0.9119250178 0.1637676358 -0.2882199585 0.0527822748 -0.9561083913 -0.8805432320 -0.4069480896 0.2429750562
-124.3 -441.7 2801.3 0.9924964309 0.1215841398 0.0129684247 0.0301269162 -0.1403700709 -0.9896406531 -0.1185042262 0.9826054573 -0.1429797560
-171.9 -386.7 2416.5 0.9924964309 0.0143307094 0.1214311048 0.0301269162 0.9338310957 -0.3564434052 -0.1185042262 0.3574271500 0.9263922572
56.3 -438.8 2809.9 0.9995021820 -0.0315442905 0.0005383716 0.0014539423 0.0290091801 -0.9995780587 0.0315153636 0.9990813136 0.0290406048
68.6 -450.2 2418.8 0.9995021820 -0.0143902674 -0.0280758329 0.0014539423 0.9099799395 -0.4146497250 0.0315153636 0.4144024849 0.9095478654
-152.5 -296.7 2523.1 0 0 0 0 0 0 0 0 0
-43.5 -425.8 2247.4 0 0 0 0 0 0 0 0 0
-178.0 -784.0 2264.4 0 0 0 0 0 0 0 0 0
74.1 -793.9 2262.3 0 0 0 0 0 0 0 0 0
-29.5 95.4 2547.5 52 0.9995501041 0.0275609531 -0.0118329469 -0.0201695226 0.9096302986 0.4149287641 0.0221994389 -0.4145034254 0.9097769260
-35.0 -84.6 2629.6 0.9995501041 0.0275609531 -0.0118329469 -0.0201695226 0.9096302986 0.4149287641 0.0221994389 -0.4145034254 0.9097769260
-40.3 -260.1 2716.3 0.9995771646 0.0269169193 -0.0109994309 -0.0192720387 0.8965302110 0.4425631762 0.0217737593 -0.4421640635 0.8966698647
-177.2 -81.9 2626.5 0.0756123811 -0.9901935458 -0.1174713820 0.9200975895 0.0238782372 0.3909606934 -0.3843217492 -0.1376466006 0.9128801823
-199.2 -348.7 2738.0 -0.1385975480 -0.9901935458 0.0175349452 -0.2915769815 0.0238782372 -0.9562492967 0.9464531541 -0.1376466006 -0.2920270860
107.3 -87.3 2632.7 -0.1575629115 0.9192568064 0.3607504666 -0.8704928756 0.0431999788 -0.4902814627 -0.4662789702 -0.3912808895 0.7933997512
60.8 -344.3 2495.0 -0.3647103310 0.9192568064 0.1481666565 -0.2806498110 0.0431999788 -0.9588375688 -0.8878186941 -0.3912808895 0.2422337681
-121.7 -444.9 2800.5 0.9909842610 0.1322057247 0.0217230991 0.0374928042 -0.1179888099 -0.9923068881 -0.1286255568 0.9841749072 -0.1218818128
-173.5 -398.7 2415.1 0.9909842610 0.0122251520 0.1334196031 0.0374928042 0.9307365417 -0.3637634218 -0.1286255568 0.3654860854 0.9218868613
58.8 -440.5 2809.7 0.9997106194 -0.0203598626 0.0128128650 0.0132993031 0.0239389688 -0.9996249676 0.0200455002 0.9995060563 0.0242028143
66.8 -449.8 2418.3 0.9997106194 -0.0203994419 -0.0127497595 0.0132993031 0.9103179574 -0.4136959612 0.0200455002 0.4134066701 0.9103258252
-168.0 -283.2 2525.2 0 0 0 0 0 0 0 0 0
-42.3 -423.6 2244.1 0 0 0 0 0 0 0 0 0
-178.5 -784.7 2263.5 0 0 0 0 0 0 0 0 0
74.5 -794.1 2262.0 0 0 0 0 0 0 0 0 0
-29.5 96.5 2546.9 53 0.9987922907 0.0394664593 0.0292639639 -0.0480322577 0.9096662402 0.4125533104 -0.0103384210 -0.4134606719 0.9104632735
-37.3 -83.4 2628.7 0.9987922907 0.0394664593 0.0292639639 -0.0480322577 0.9096662402 0.4125533104 -0.0103384210 -0.4134606719 0.9104632735
-44.8 -259.0 2715.1 0.9988051653 0.0382407606 0.0304291919 -0.0477332808 0.8969032764 0.4396430552 -0.0104797585 -0.4405702353 0.8976569772
-179.4 -76.6 2630.2 0.0894257352 -0.9930211902 -0.0768895522 0.9188944101 0.0524753630 0.3909980059 -0.3842344880 -0.1056186631 0.9171742201
-205.3 -343.2 2741.7 -0.1163789779 -0.9930211902 -0.0191023629 -0.2909521163 0.0524753630 -0.9552974701 0.9496330023 -0.1056186631 -0.2950286269
104.8 -90.2 2627.2 -0.1378995478 0.9068678021 0.3982140720 -0.8778675795 0.0742578283 -0.4731112719 -0.4586199224 -0.4148210585 0.7858697176
65.2 -342.6 2495.3 -0.3801903427 0.9068678021 0.1817856878 -0.2804523706 0.0742578283 -0.9569912553 -0.8813635707 -0.4148210585 0.2261011153
-135.8 -433.8 2801.0 0.9945231676 0.1010634303 0.0266441349 0.0327671841 -0.0594180897 -0.9976952672 -0.0992473587 0.9931040406 -0.0624042302
-175.3 -410.6 2412.9 0.9945231676 0.0069126305 0.1042877883 0.0327671841 0.9268833399 -0.3739165068 -0.0992473587 0.3752858341 0.9215804338
44.7 -437.3 2804.9 0.9983963966 -0.0560849607 -0.0076863915 -0.0046504964 0.0540613532 -0.9985268116 0.0564178750 0.9969612956 0.0537138395
66.6 -458.4 2414.9 0.9983963966 -0.0194774438 -0.0531529188 -0.0046504964 0.9075506926 -0.4199168384 0.0564178750 0.4194906652 0.9060047269
-179.2 -277.8 2528.2 0 0 0 0 0 0 0 0 0
-42.5 -422.0 2245.7 0 0 0 0 0 0 0 0 0
-178.0 -784.5 2261.5 0 0 0 0 0 0 0 0 0
73.8 -792.6 2260.4 0 0 0 0 0 0 0 0 0
-30.9 95.1 2549.1 54 0.9980643988 0.0527645350 0.0329136811 -0.0615712814 0.9127953053 0.4037494957 -0.0087398002 -0.4049945474 0.9142773151
-41.3 -84.8 2628.9 0.9980643988 0.0527645350 0.0329136811 -0.0615712814 0.9127953053 0.4037494957 -0.0087398002 -0.4049945474 0.9142773151
-51.8 -261.0 2713.7 0.9979711175 0.0534986816 0.0345192626 -0.0631634295 0.9000710249 0.4311409295 -0.0080043171 -0.4324465394 0.9016240239
-183.4 -75.8 2630.1 0.1048694029 -0.9917504191 -0.0737126023 0.9208633900 0.0688505843 0.3837580383 -0.3755170107 -0.1081237122 0.9204869270
-213.8 -343.0 2739.0 -0.1238491535 -0.9917504191 -0.0330534093 -0.2971725464 0.0688505843 -0.9523382187 0.9467575550 -0.1081237122 -0.3032480776
100.8 -93.8 2627.8 -0.1267588437 0.9018167257 0.4131086171 -0.8764182329 0.0932287574 -0.4724399447 -0.4645678699 -0.4219418764 0.7785510421
64.6 -344.5 2494.9 -0.3858654499 0.9018167257 0.1945106834 -0.2657922208 0.0932287574 -0.9595118165 -0.8834378123 -0.4219418764 0.2037221342
-142.4 -430.3 2802.4 0.9955201745 0.0894765481 0.0305535477 0.0354579985 -0.0537460297 -0.9979249239 -0.0876487494 0.9945377111 -0.0566779152
-177.4 -409.2 2413.3 0.9955201745 0.0001937233 0.0945491120 0.0354579985 0.9262493253 -0.3752397895 -0.0876487494 0.3769113123 0.9220930338
37.9 -438.9 2800.5 0.9967954159 -0.0769373327 -0.0218989439 -0.0151477503 0.0872616470 -0.9960702658 0.0785459280 0.9932099581 0.0858165845
68.0 -473.0 2412.0 0.9967954159 -0.0196944978 -0.0775309205 -0.0151477503 0.9052104950 -0.4246934652 0.0785459280 0.4245069027 0.9020113349
-186.0 -276.1 2526.2 0 0 0 0 0 0 0 0 0
-44.2 -419.4 2245.9 0 0 0 0 0 0 0 0 0
-177.5 -785.2 2260.3 0 0 0 0 0 0 0 0 0
74.9 -793.4 2261.7 0 0 0 0 0 0 0 0 0
-29.2 100.9 2547.7 55 0.9959707260 0.0679525062 0.0585211143 -0.0858302414 0.9114089012 0.4024511576 -0.0259891003 -0.4058524668 0.9135690331
-42.7 -79.9 2628.2 0.9959707260 0.0679525062 0.0585211143 -0.0858302414 0.9114089012 0.4024511576 -0.0259891003 -0.4058524668 0.9135690331
-56.4 -255.8 2713.1 0.9956998825 0.0700659007 0.0606013015 -0.0893823504 0.8985226154 0.4297300875 -0.0243422110 -0.4332988858 0.9009214640
-184.4 -67.2 2631.7 0.1228560880 -0.9912409186 -0.0484541096 0.9179152846 0.0949360132 0.3852515221 -0.3772770464 -0.0918072611 0.9215386510
-220.1 -333.4 2741.1 -0.1160404533 -0.9912409186 -0.0630557910 -0.2941815853 0.0949360132 -0.9510228038 0.9486789703 -0.0918072611 -0.3026212454
99.1 -92.6 2624.7 -0.1197990924 0.9057402611 0.4065497816 -0.8843622804 0.0887359157 -0.4582894742 -0.4511668086 -0.4144399762 0.7903720737
64.2 -350.2 2493.3 -0.3821606934 0.9057402611 0.1832696497 -0.2518410981 0.0887359157 -0.9636918306 -0.8891171217 -0.4144399762 0.1941912621
-152.4 -431.6 2799.1 0.9984332919 0.0543188751 0.0134298941 0.0155606726 -0.0389964543 -0.9991182089 -0.0537472591 0.9977618456 -0.0397805981
-173.6 -416.3 2408.8 0.9984332919 0.0056222770 0.0556712896 0.0155606726 0.9277931452 -0.3727703393 -0.0537472591 0.3730525970 0.9262521267
27.9 -443.0 2797.7 0.9938411117 -0.1030863002 -0.0406579897 -0.0333950035 0.0712282807 -0.9969008565 0.1056628153 0.9921188354 0.0673470274
68.2 -470.8 2409.5 0.9938411117 -0.0147750098 -0.1098251194 -0.0333950035 0.9050641656 -0.4239618480 0.1056628153 0.4250183105 0.8989965320
-194.0 -267.3 2527.8 0 0 0 0 0 0 0 0 0
-42.5 -420.6 2245.0 0 0 0 0 0 0 0 0 0
-175.9 -783.2 2261.3 0 0 0 0 0 0 0 0 0
73.4 -792.0 2258.7 0 0 0 0 0 0 0 0 0
-29.6 102.2 2549.0 56 0.9949807525 0.0752773806 0.0659288391 -0.0953296721 0.9133748412 0.3958012760 -0.0304228589 -0.4000996053 0.9159665704
-44.5 -78.7 2628.2 0.9949807525 0.0752773806 0.0659288391 -0.0953296721 0.9133748412 0.3958012760 -0.0304228589 -0.4000996053 0.9159665704
-59.9 -255.0 2711.9 0.9945664406 0.0786681920 0.0681832507 -0.1002126187 0.9008671045 0.4223694205 -0.0281970073 -0.4269072413 0.9038556814
-186.1 -64.4 2632.2 0.1318867505 -0.9904017448 -0.0413558036 0.9193151593 0.1066027880 0.3788079321 -0.3707633913 -0.0879787654 0.9245508313
-224.4 -331.1 2739.8 -0.1163783297 -0.9904017448 -0.0745687708 -0.2997582853 0.1066027880 -0.9480405450 0.9468901753 -0.0879787654 -0.3092873693
97.2 -92.9 2624.2 -0.1286276877 0.9164391756 0.3789381683 -0.8839883208 0.0672279969 -0.4626500010 -0.4494658411 -0.3944865167 0.8014741540
59.4 -352.4 2492.3 -0.3671008945 0.9164391756 0.1592989117 -0.2511817515 0.0672279969 -0.9656024575 -0.8956252933 -0.3944865167 0.2055133283
-160.0 -423.7 2800.2 0.9992491007 0.0370704457 0.0112686884 0.0129169440 -0.0445280634 -0.9989246130 -0.0365288071 0.9983201027 -0.0449734665
-174.5 -406.2 2409.5 0.9992491007 0.0011770858 0.0387274548 0.0129169440 0.9322366118 -0.3616186082 -0.0365288071 0.3618473113 0.9315214157
19.8 -439.8 2795.8 0.9907242060 -0.1235672012 -0.0565397479 -0.0466389619 0.0816002488 -0.9955732822 0.1276338696 0.9889755249 0.0750802979
68.2 -471.7 2408.7 0.9907242060 -0.0129878242 -0.1352660805 -0.0466389619 0.9024573565 -0.4282470942 0.1276338696 0.4305834174 0.8934805393
-198.2 -263.7 2526.9 0 0 0 0 0 0 0 0 0
-41.1 -421.2 2246.9 0 0 0 0 0 0 0 0 0
-175.0 -785.2 2262.4 0 0 0 0 0 0 0 0 0
72.8 -790.3 2256.7 0 0 0 0 0 0 0 0 0
-30.6 100.7 2549.1 57 0.9945701361 0.0742201358 0.0729497969 -0.0973282978 0.9115425944 0.3995213211 -0.0368443169 -0.4044520557 0.9138167500
-45.3 -79.7 2629.2 0.9945701361 0.0742201358 0.0729497969 -0.0973282978 0.9115425944 0.3995213211 -0.0368443169 -0.4044520557 0.9138167500
-60.5 -255.7 2713.8 0.9941408634 0.0776178613 0.0752293840 -0.1024457663 0.8985735774 0.4266971350 -0.0344798118 -0.4319039583 0.9012603164
-187.0 -65.1 2634.1 0.1312320828 -0.9907591343 -0.0342700928 0.9172348380 0.1082329825 0.3833612502 -0.3761095107 -0.0817430243 0.9229624867
-225.0 -331.2 2743.2 -0.1105121225 -0.9907591343 -0.0786344111 -0.2947718501 0.1082329825 -0.9494183064 0.9491557479 -0.0817430243 -0.3040089905
96.3 -94.3 2624.3 -0.1183867902 0.9113553166 0.3942284882 -0.8812903762 0.0864895731 -0.4645932019 -0.4575061202 -0.4024314582 0.7929294109
61.6 -352.8 2490.1 -0.3706047833 0.9113553166 0.1791189909 -0.2530286908 0.0864895731 -0.9635850191 -0.8936601877 -0.4024314582 0.1985455751
-165.2 -422.4 2798.0 0.9996079803 0.0253053308 0.0119820181 0.0124203796 -0.0172373150 -0.9997742772 -0.0250930805 0.9995311499 -0.0175448600
-175.1 -415.6 2406.8 0.9996079803 -0.0025030714 0.0278866123 0.0124203796 0.9322762489 -0.3615339100 -0.0250930805 0.3617385328 0.9319418073
14.6 -440.5 2792.9 0.9889495373 -0.1360918432 -0.0588035323 -0.0485463403 0.0775009319 -0.9958096743 0.1400788873 0.9876601696 0.0700377524
67.8 -470.8 2406.2 0.9889495373 -0.0161560699 -0.1473696828 -0.0485463403 0.9039480090 -0.4248779118 0.1400788873 0.4273370802 0.8931746483
-200.2 -265.0 2529.8 0 0 0 0 0 0 0 0 0
-38.4 -421.0 2249.0 0 0 0 0 0 0 0 0 0
-174.1 -786.6 2262.9 0 0 0 0 0 0 0 0 0
73.5 -789.5 2255.6 0 0 0 0 0 0 0 0 0
-31.8 99.8 2547.7 58 0.9939725399 0.0774318278 0.0776076391 -0.1026695371 0.9056916237 0.4113170207 -0.0384395570 -0.4168057442 0.9081824422
-47.2 -80.0 2630.5 0.9939725399 0.0774318278 0.0776076391 -0.1026695371 0.9056916237 0.4113170207 -0.0384395570 -0.4168057442 0.9081824422
-62.9 -254.7 2717.6 0.9935686588 0.0800697133 0.0800637454 -0.1072790548 0.8918877840 0.4393487573 -0.0362293459 -0.4451123178 0.8947415352
-188.8 -64.7 2635.6 0.1339347214 -0.9905498624 -0.0295373462 0.9111415148 0.1113666743 0.3967601061 -0.3897211850 -0.0800526515 0.9174469709
-227.6 -329.0 2748.7 -0.1086104363 -0.9905498624 -0.0837540179 -0.2805038095 0.1113666743 -0.9533703923 0.9536883235 -0.0800526515 -0.2899485826
94.4 -95.3 2625.3 -0.0900198519 0.8682643175 0.4878662229 -0.8713790774 0.1685465276 -0.4607499838 -0.4822809398 -0.4665930569 0.7414148450
69.3 -337.9 2491.0 -0.4038521647 0.8682643175 0.2881326973 -0.3061137497 0.1685465276 -0.9369559288 -0.8620892167 -0.4665930569 0.1977197677
-165.6 -422.4 2801.5 0.9991865158 0.0327790901 0.0234909821 0.0248390324 -0.0413428992 -0.9988362193 -0.0317697562 0.9986071587 -0.0421234705
-178.4 -406.2 2410.6 0.9991865158 -0.0116828838 0.0385979936 0.0248390324 0.9323058724 -0.3608167768 -0.0317697562 0.3614819944 0.9318376780
14.1 -440.9 2795.3 0.9858682156 -0.1460913718 -0.0819825381 -0.0672557428 0.1030463576 -0.9924001694 0.1534291059 0.9838895798 0.0917646438
71.3 -481.3 2410.1 0.9858682156 -0.0086485138 -0.1672992259 -0.0672557428 0.8942161798 -0.4425539970 0.1534291059 0.4475517869 0.8809976578
-203.2 -266.0 2534.2 0 0 0 0 0 0 0 0 0
-38.5 -419.6 2260.8 0 0 0 0 0 0 0 0 0
-173.6 -787.3 2262.9 0 0 0 0 0 0 0 0 0
74.3 -789.3 2255.9 0 0 0 0 0 0 0 0 0
-32.0 99.6 2547.0 59 0.9926334023 0.0833502039 0.0879298449 -0.1124527007 0.9039399028 0.4126100242 -0.0450921692 -0.4194584489 0.9066539407
-48.5 -79.4 2630.0 0.9926334023 0.0833502039 0.0879298449 -0.1124527007 0.9039399028 0.4126100242 -0.0450921692 -0.4194584489 0.9066539407
-65.3 -253.9 2717.4 0.9922060370 0.0857572705 0.0904038250 -0.1169885769 0.8909032345 0.4388679266 -0.0429049470 -0.4460236132 0.8939922452
-189.9 -62.8 2636.2 0.1401866674 -0.9899340272 -0.0194518007 0.9096490145 0.1210093796 0.3973605037 -0.3910067976 -0.0733989552 0.9174563885
-230.6 -326.7 2749.6 -0.1048888937 -0.9899340272 -0.0950210318 -0.2790884972 0.1210093796 -0.9526102543 0.9545197487 -0.0733989552 -0.2889717221
92.8 -96.1 2623.9 -0.0814144239 0.8541633487 0.5135918856 -0.8730552197 0.1874521971 -0.4501513541 -0.4807767272 -0.4850428998 0.7304704785
69.4 -347.2 2485.7 -0.4255504310 0.8541633487 0.2988507748 -0.2840869725 0.1874521971 -0.9402958155 -0.8591864705 -0.4850428998 0.1628863364
-168.4 -419.6 2808.1 0.9996079206 0.0236721560 0.0149555812 0.0165632907 -0.0692445934 -0.9974622130 -0.0225764886 0.9973188043 -0.0696095303
-177.6 -392.5 2417.7 0.9996079206 -0.0071839010 0.0270634796 0.0165632907 0.9309988618 -0.3646460772 -0.0225764886 0.3649513721 0.9307528138
11.3 -439.0 2801.5 0.9872254133 -0.1477173269 -0.0597125292 -0.0533766635 0.0464937985 -0.9974914789 0.1501230448 0.9879361987 0.0380152017
69.0 -457.2 2415.3 0.9872254133 -0.0164377764 -0.1584796309 -0.0533766635 0.9030671716 -0.4261696935 0.1501230448 0.4291846454 0.8906534910
-207.0 -263.9 2535.0 0 0 0 0 0 0 0 0 0
-43.9 -422.9 2256.8 0 0 0 0 0 0 0 0 0
-174.6 -784.7 2264.0 0 0 0 0 0 0 0 0 0
75.1 -790.5 2256.9 0 0 0 0 0 0 0 0 0
-33.2 96.2 2548.6 60 0.9928603172 0.0839050561 0.0847840756 -0.1114588529 0.9057652950 0.4088596404 -0.0424890816 -0.4153904319 0.9086503386
-49.7 -82.4 2630.5 0.9928603172 0.0839050561 0.0847840756 -0.1114588529 0.9057652950 0.4088596404 -0.0424890816 -0.4153904319 0.9086503386
-66.5 -257.3 2717.0 0.9925006628 0.0856259838 0.0872389898 -0.1152750626 0.8930659890 0.4349078536 -0.0406707637 -0.4417027831 0.8962391019
-191.2 -66.0 2636.3 0.1398773789 -0.9899102449 -0.0226289388 0.9116543531 0.1198335215 0.3930982947 -0.3864203095 -0.0756153315 0.9192179441
-231.8 -330.5 2748.4 -0.1071224138 -0.9899102449 -0.0927498713 -0.2835986316 0.1198335215 -0.9514261484 0.9529410005 -0.0756153315 -0.2935740352
91.7 -98.8 2624.7 -0.0782079771 0.8399778008 0.5369550586 -0.8689625263 0.2065667063 -0.4497047663 -0.4886590540 -0.5017643571 0.7137540579
70.5 -334.4 2492.2 -0.4226477146 0.8399778008 0.3403030336 -0.3308606446 0.2065667063 -0.9207938910 -0.8437417746 -0.5017643571 0.1906106621
-171.8 -417.8 2808.6 0.9999333620 0.0111025572 0.0031592357 0.0038161248 -0.0596514530 -0.9982119799 -0.0108942520 0.9981575012 -0.0596898459
-176.2 -394.4 2417.8 0.9999333620 0.0004559913 0.0115342801 0.0038161248 0.9299784899 -0.3675940633 -0.0108942520 0.3676135838 0.9299148321
7.6 -439.0 2800.9 0.9855141640 -0.1564676613 -0.0654197633 -0.0580577701 0.0511722639 -0.9970008731 0.1593460739 0.9863565564 0.0413468257
68.8 -459.0 2414.9 0.9855141640 -0.0164931715 -0.1687893718 -0.0580577701 0.9023138285 -0.4271523058 0.1593460739 0.4307641983 0.8882854581
-207.7 -266.7 2534.1 0 0 0 0 0 0 0 0 0
-41.9 -422.4 2267.9 0 0 0 0 0 0 0 0 0
-176.3 -783.2 2264.2 0 0 0 0 0 0 0 0 0
74.8 -789.9 2256.9 0 0 0 0 0 0 0 0 0
-30.2 96.4 2547.0 61 0.9925614595 0.0884551033 0.0836505815 -0.1151880100 0.9047639966 0.4100412428 -0.0394137911 -0.4166266918 0.9082228541
-47.7 -82.7 2629.4 0.9925614595 0.0884551033 0.0836505815 -0.1151880100 0.9047639966 0.4100412428 -0.0394137911 -0.4166266918 0.9082228541
-65.3 -257.3 2716.3 0.9922084212 0.0898400769 0.0863202810 -0.1187450141 0.8916185498 0.4369393587 -0.0377100967 -0.4437850118 0.8953394890
-189.1 -65.8 2634.8 0.1440166086 -0.9892901778 -0.0237515476 0.9101725817 0.1230024844 0.3955455720 -0.3883878589 -0.0785831362 0.9181391597
-230.9 -329.9 2747.5 -0.1106366217 -0.9892901778 -0.0952074453 -0.2807395756 0.1230024844 -0.9518695474 0.9533860087 -0.0785831362 -0.2913414836
93.7 -99.6 2624.0 -0.1038677618 0.8610860109 0.4977372587 -0.8666538000 0.1671757400 -0.4700674713 -0.4879781008 -0.4801907539 0.7288993001
64.4 -344.5 2486.2 -0.4120835066 0.8610860109 0.2978558242 -0.3237797916 0.1671757400 -0.9312459230 -0.8516770601 -0.4801907539 0.2099118829
-173.0 -421.8 2807.2 0.9999213219 0.0090903323 0.0086445650 0.0091073522 -0.0521652624 -0.9985969067 -0.0086266324 0.9985970855 -0.0522439480
-176.6 -401.4 2416.2 0.9999213219 -0.0053150612 0.0113627799 0.0091073522 0.9304930568 -0.3661963046 -0.0086266324 0.3662709594 0.9304682612
6.4 -442.6 2799.9 0.9854534268 -0.1582619399 -0.0619252548 -0.0540880002 0.0533612035 -0.9971093535 0.1611088663 0.9859542251 0.0440249071
68.4 -463.5 2413.8 0.9854534268 -0.0206488650 -0.1686866879 -0.0540880002 0.9028701186 -0.4264974594 0.1611088663 0.4294172823 0.8886195421
-206.0 -266.8 2533.1 0 0 0 0 0 0 0 0 0
-45.2 -430.6 2259.7 0 0 0 0 0 0 0 0 0
-174.4 -785.6 2264.9 0 0 0 0 0 0 0 0 0
75.8 -789.3 2258.9 0 0 0 0 0 0 0 0 0
-30.7 96.9 2547.6 62 0.9915550351 0.1036982760 0.0778800175 -0.1263441592 0.9078807831 0.3997369409 -0.0292537399 -0.4062008560 0.9133154154
-51.2 -82.9 2628.1 0.9915550351 0.1036982760 0.0778800175 -0.1263441592 0.9078807831 0.3997369409 -0.0292537399 -0.4062008560 0.9133154154
-71.2 -258.2 2713.3 0.9914748073 0.1019478291 0.0811443329 -0.1270475537 0.8946372867 0.4283491671 -0.0289254803 -0.4350065887 0.8999625444
-192.5 -64.8 2632.2 0.1557092816 -0.9873602986 -0.0295670051 0.9122502804 0.1322544962 0.3876959682 -0.3788852394 -0.0873403698 0.9213129878
-237.7 -329.5 2742.1 -0.1225930452 -0.9873602986 -0.1004516557 -0.2880247533 0.1322544962 -0.9484463334 0.9497435093 -0.0873403698 -0.3005976975
90.1 -101.1 2623.9 -0.0715300217 0.8452085257 0.5296281576 -0.8736459613 0.2031176388 -0.4421378970 -0.4812755585 -0.4943336248 0.7238840461
70.9 -335.3 2494.9 -0.3881711066 0.8452085257 0.3673495650 -0.4024657607 0.2031176388 -0.8926166892 -0.8290624022 -0.4943336248 0.2613231242
-172.5 -421.2 2806.7 0.9999962449 0.0018851286 -0.0019743107 -0.0016817553 -0.1442409754 -0.9895411730 -0.0021501889 0.9895408154 -0.1442372650
-173.3 -365.0 2420.8 0.9999962449 0.0023232859 0.0014331626 -0.0016817553 0.9378847480 -0.3469428420 -0.0021501889 0.3469391465 0.9378851652
6.8 -442.7 2799.9 0.9832630157 -0.1642511636 -0.0788381323 -0.0699946210 0.0589594692 -0.9958034754 0.1682101339 0.9846549034 0.0464759655
71.2 -465.8 2414.2 0.9832630157 -0.0109642455 -0.1818616986 -0.0699946210 0.8988516331 -0.4326273799 0.1682101339 0.4381158352 0.8830401301
-210.1 -264.7 2528.6 0 0 0 0 0 0 0 0 0
-31.9 -442.0 2275.2 0 0 0 0 0 0 0 0 0
-174.3 -783.9 2265.8 0 0 0 0 0 0 0 0 0
75.1 -788.4 2257.0 0 0 0 0 0 0 0 0 0
-29.6 96.9 2546.9 63 0.9920218587 0.1030546278 0.0726115257 -0.1236748248 0.9072144628 0.4020776749 -0.0244382638 -0.4078500271 0.9127218127
-50.1 -83.6 2628.1 0.9920218587 0.1030546278 0.0726115257 -0.1236748248 0.9072144628 0.4020776749 -0.0244382638 -0.4078500271 0.9127218127
-70.4 -258.8 2713.2 0.9917392135 0.1035922542 0.0756441206 -0.1261393875 0.8946835399 0.4285209477 -0.0232860986 -0.4345227182 0.9003598094
-191.5 -65.6 2631.4 0.1570282876 -0.9869693518 -0.0351235867 0.9123481512 0.1313562244 0.3877709806 -0.3781043589 -0.0929359570 0.9210863113
-237.0 -330.3 2741.1 -0.1277040392 -0.9869693518 -0.0978939682 -0.2880578935 0.1313562244 -0.9485611320 0.9490597248 -0.0929359570 -0.3010790050
91.2 -101.6 2624.8 -0.0676480904 0.8275621533 0.5572832227 -0.8634041548 0.2313403338 -0.4483468235 -0.4999569654 -0.5114904642 0.6988708973
73.2 -331.5 2491.7 -0.3962290883 0.8275621533 0.3976724148 -0.4047338963 0.2313403338 -0.8846876025 -0.8241316676 -0.5114904642 0.2432786822
-180.7 -421.9 2801.1 0.9999054074 -0.0126937861 -0.0052939937 -0.0062007210 -0.0724898204 -0.9973498583 0.0122763859 0.9972883463 -0.0725616813
-175.8 -393.6 2412.3 0.9999054074 0.0014549164 -0.0136763230 -0.0062007210 0.9352813363 -0.3538508415 0.0122763859 0.3539021611 0.9352018833
-1.5 -444.8 2795.8 0.9775713086 -0.1868617237 -0.0971442163 -0.0853056684 0.0704038963 -0.9938642979 0.1925545335 0.9798601866 0.0528844669
71.7 -472.4 2412.2 0.9775713086 -0.0083661592 -0.2104383856 -0.0853056684 0.8978427052 -0.4319738150 0.1925545335 0.4402368069 0.8769916296
-208.3 -265.6 2527.7 0 0 0 0 0 0 0 0 0
-32.0 -438.9 2272.9 0 0 0 0 0 0 0 0 0
-176.4 -782.7 2265.1 0 0 0 0 0 0 0 0 0
74.6 -789.1 2256.9 0 0 0 0 0 0 0 0 0
-28.1 98.1 2546.6 64 0.9910337329 0.1020937264 0.0861915797 -0.1284333616 0.9057603478 0.4038602412 -0.0368373133 -0.4113089740 0.9107512832
-48.3 -81.8 2628.3 0.9910337329 0.1020937264 0.0861915797 -0.1284333616 0.9057603478 0.4038602412 -0.0368373133 -0.4113089740 0.9107512832
-68.6 -256.7 2713.9 0.9906308651 0.1034707129 0.0891308933 -0.1319594234 0.8933327794 0.4295850098 -0.0351740755 -0.4373218417 0.8986169100
-189.5 -62.9 2633.3 0.1576761156 -0.9872547388 -0.0215939786 0.9107784629 0.1369419843 0.3895246387 -0.3816029131 -0.0810860619 0.9207628965
-235.2 -327.2 2744.0 -0.1177494824 -0.9872547388 -0.1070659533 -0.2857612073 0.1369419843 -0.9484658241 0.9510391951 -0.0810860619 -0.2982439399
92.9 -100.6 2623.3 -0.1057879031 0.8655133843 0.4895870686 -0.8585925102 0.1688655168 -0.4840488732 -0.5016251206 -0.4715623260 0.7252594233
63.1 -341.8 2482.3 -0.3940984905 0.8655133843 0.3091487586 -0.3514867127 0.1688655168 -0.9208374023 -0.8492016792 -0.4715623260 0.2376668155
-180.4 -422.7 2800.4 0.9999758005 -0.0052095903 0.0046142698 0.0042793765 -0.0625607520 -0.9980319738 0.0054880097 0.9980275631 -0.0625369400
-178.3 -398.2 2410.4 0.9999758005 -0.0059433472 -0.0036204888 0.0042793765 0.9353964925 -0.3535746932 0.0054880097 0.3535506427 0.9353992939
-1.1 -445.5 2796.2 0.9775499701 -0.1857796311 -0.0994080082 -0.0857353806 0.0802538246 -0.9930804372 0.1924719810 0.9793085456 0.0625242367
71.7 -476.9 2412.7 0.9775499701 -0.0092073651 -0.2105023712 -0.0857353806 0.8952183723 -0.4373025596 0.1924719810 0.4455326200 0.8743312955
-208.8 -263.0 2530.2 0 0 0 0 0 0 0 0 0
-40.4 -434.2 2259.2 0 0 0 0 0 0 0 0 0
-175.9 -784.2 2264.6 0 0 0 0 0 0 0 0 0
74.9 -790.2 2256.8 0 0 0 0 0 0 0 0 0
-28.3 97.2 2547.9 65 0.9908436537 0.0958765075 0.0950604975 -0.1262178868 0.9077575803 0.4000565708 -0.0479358621 -0.4083918631 0.9115471840
-47.3 -82.6 2628.8 0.9908436537 0.0958765075 0.0950604975 -0.1262178868 0.9077575803 0.4000565708 -0.0479358621 -0.4083918631 0.9115471840
-66.4 -257.7 2714.4 0.9903952479 0.0974379256 0.0980976000 -0.1303979307 0.8941471577 0.4283657372 -0.0459746271 -0.4370431006 0.8982648253
-188.4 -64.0 2635.4 0.1522263885 -0.9882688522 -0.0123203211 0.9115986228 0.1355785877 0.3880804181 -0.3818574250 -0.0703072697 0.9215431809
-232.6 -328.5 2746.2 -0.1071363837 -0.9882688522 -0.1088414416 -0.2873634100 0.1355785877 -0.9481775761 0.9518109560 -0.0703072697 -0.2985177040
93.9 -101.2 2622.2 -0.1242979243 0.8770623207 0.4640169442 -0.8507895470 0.1464366168 -0.5046914816 -0.5105949640 -0.4575128555 0.7279936671
57.7 -348.8 2473.6 -0.3935120702 0.8770623207 0.2755175829 -0.3272314966 0.1464366168 -0.9335287213 -0.8591087461 -0.4575128555 0.2293778509
-178.4 -419.8 2802.8 0.9999210238 0.0025769027 0.0123008257 0.0123989284 -0.0423372462 -0.9990264177 -0.0020536107 0.9991000295 -0.0423658565
-179.4 -403.2 2412.0 0.9999210238 -0.0108184824 0.0063961837 0.0123989284 0.9323303699 -0.3613950312 -0.0020536107 0.3614457846 0.9323908687
0.7 -443.6 2796.4 0.9764071703 -0.1840598136 -0.1129202768 -0.0978647619 0.0889524296 -0.9912164211 0.1924876422 0.9788817167 0.0688408166
72.8 -478.5 2413.0 0.9764071703 0.0007235308 -0.2159362882 -0.0978647619 0.8928821087 -0.4395270050 0.1924876422 0.4502898753 0.8718873262
-208.5 -263.9 2532.1 0 0 0 0 0 0 0 0 0
-45.0 -434.1 2249.5 0 0 0 0 0 0 0 0 0
-175.0 -784.3 2264.2 0 0 0 0 0 0 0 0 0
72.5 -791.3 2255.2 0 0 0 0 0 0 0 0 0
-26.9 101.3 2555.6 66 0.9897122383 0.1010677144 0.1012668908 -0.1315659285 0.9210184813 0.3666269779 -0.0562145300 -0.3761784732 0.9248403311
-46.9 -81.1 2630.1 0.9897122383 0.1010677144 0.1012668908 -0.1315659285 0.9210184813 0.3666269779 -0.0562145300 -0.3761784732 0.9248403311
-67.0 -258.8 2709.8 0.9892398119 0.1022416279 0.1046482027 -0.1358153820 0.9076963067 0.3970410228 -0.0543946661 -0.4069816172 0.9118153453
-187.9 -61.8 2637.9 0.1575582772 -0.9874911904 -0.0060467795 0.9228373766 0.1450574845 0.3568325937 -0.3514919281 -0.0618021227 0.9341487885
-233.6 -329.4 2739.8 -0.1057539657 -0.9874911904 -0.1169498786 -0.3185996711 0.1450574845 -0.9367243648 0.9419715405 -0.0618021227 -0.3299547732
94.0 -100.4 2622.3 -0.1310162544 0.8852312565 0.4463187158 -0.8472635150 0.1337786168 -0.5140503645 -0.5147613287 -0.4454985261 0.7324969769
55.0 -352.8 2469.0 -0.3887287378 0.8852312565 0.2554517984 -0.3132114112 0.1337786168 -0.9402137399 -0.8664805889 -0.4454985261 0.2252609283
-175.0 -421.0 2804.1 0.9995821714 0.0170015115 0.0233755670 0.0244848598 -0.0682654828 -0.9973666668 -0.0153609971 0.9975222945 -0.0686532408
-181.6 -394.3 2413.8 0.9995821714 -0.0173389986 0.0231263414 0.0244848598 0.9331400990 -0.3586781621 -0.0153609971 0.3590945303 0.9331747890
4.1 -444.6 2795.8 0.9784894586 -0.1742080152 -0.1104985327 -0.0966674462 0.0859986693 -0.9915944934 0.1822464317 0.9809463620 0.0673085451
72.3 -478.3 2411.6 0.9784894586 0.0050391676 -0.2062352151 -0.0966674462 0.8943549395 -0.4367890060 0.1822464317 0.4473296702 0.8756040335
-209.8 -257.8 2528.1 0 0 0 0 0 0 0 0 0
-46.0 -434.2 2243.9 0 0 0 0 0 0 0 0 0
-174.4 -785.0 2263.5 0 0 0 0 0 0 0 0 0
70.5 -792.3 2254.6 0 0 0 0 0 0 0 0 0
-23.7 106.3 2559.4 67 0.9870532155 0.1124237031 0.1143979728 -0.1457567215 0.9263846278 0.3472268283 -0.0669400021 -0.3594056368 0.9307774305
-45.9 -77.3 2630.7 0.9870532155 0.1124237031 0.1143979728 -0.1457567215 0.9263846278 0.3472268283 -0.0669400021 -0.3594056368 0.9307774305
-68.0 -256.3 2706.8 0.9866362810 0.1124224514 0.1179408133 -0.1491700113 0.9144384265 0.3762321770 -0.0655526668 -0.3887975514 0.9189881682
-186.5 -56.0 2640.0 0.1684690863 -0.9856834412 0.0068069599 0.9275616407 0.1608642787 0.3372715414 -0.3335379660 -0.0505059548 0.9413828254
-235.4 -325.0 2736.8 -0.1029130891 -0.9856834412 -0.1335554719 -0.3367322683 0.1608642787 -0.9277575612 0.9359595180 -0.0505059548 -0.3484664559
94.7 -98.5 2621.3 -0.1328666657 0.8929178119 0.4301677048 -0.8551376462 0.1161482707 -0.5052219033 -0.5010848641 -0.4349797666 0.7481353879
