-20.7 102.2 2546.7 04 0.9942937493 0.0873518214 0.0612344146 -0.1043552980 0.9155579209 0.3884117305 -0.0221351832 -0.3925854862 0.9194490910
-38.0 -78.9 2624.3 0.9942937493 0.0873518214 0.0612344146 -0.1043552980 0.9155579209 0.3884117305 -0.0221351832 -0.3925854862 0.9194490910
-55.2 -255.3 2707.6 0.9940369725 0.0880206525 0.0643653348 -0.1070146710 0.9008009434 0.4208391309 -0.0209378172 -0.4252176583 0.9048489332
-179.7 -63.6 2627.3 0.1409152895 -0.9889678955 -0.0456657447 0.9189023376 0.1134864613 0.3778086007 -0.3684581220 -0.0952013582 0.9247568846
-220.6 -330.2 2734.2 -0.1254531145 -0.9889678955 -0.0787654370 -0.2999472916 0.1134864613 -0.9471812844 0.9456707239 -0.0952013582 -0.3108754754
103.7 -94.1 2621.4 -0.1583177149 0.8868715763 0.4340440929 -0.8478670120 0.1031744704 -0.5200735927 -0.5060207844 -0.4503485262 0.7356148362
54.4 -358.0 2463.9 -0.4038615823 0.8868715763 0.2243983150 -0.3003067076 0.1031744704 -0.9482462406 -0.8641248345 -0.4503485262 0.2246652842
-165.0 -423.0 2794.3 0.9990078807 0.0360655114 0.0261251777 0.0262266956 -0.0023445475 -0.9996532798 -0.0359917544 0.9993466735 -0.0032881007
-179.2 -422.1 2403.4 0.9990078807 -0.0113511402 0.0430627167 0.0262266956 0.9314579964 -0.3629024625 -0.0359917544 0.3636718094 0.9308315516
14.5 -443.5 2789.6 0.9866819382 -0.1422375739 -0.0789129958 -0.0650308579 0.0997405052 -0.9928861260 0.1490965337 0.9847945571 0.0891623199
70.2 -482.6 2404.2 0.9866819382 -0.0076141511 -0.1624832749 -0.0650308579 0.8971360326 -0.4369415641 0.1490965337 0.4416887760 0.8846927285
-192.4 -262.8 2521.6 0 0 0 0 0 0 0 0 0
-53.4 -438.2 2233.3 0 0 0 0 0 0 0 0 0
-174.7 -786.9 2261.0 0 0 0 0 0 0 0 0 0
72.8 -790.4 2252.6 0 0 0 0 0 0 0 0 0
-20.3 101.8 2546.5 05 0.9945284724 0.0920230597 0.0494455695 -0.1040697470 0.9139271975 0.3923092782 -0.0090881512 -0.3953085244 0.9185034633
-38.5 -79.1 2624.7 0.9945284724 0.0920230597 0.0494455695 -0.1040697470 0.9139271975 0.3923092782 -0.0090881512 -0.3953085244 0.9185034633
-56.6 -255.3 2708.3 0.9943362474 0.0923375115 0.0526237451 -0.1059609726 0.8996432424 0.4235732555 -0.0082308948 -0.4267502725 0.9043320417
-180.2 -64.0 2625.9 0.1445153058 -0.9878250957 -0.0575927310 0.9179800153 0.1121159643 0.3804506958 -0.3693616688 -0.1078499258 0.9230061173
-222.1 -330.3 2733.1 -0.1369102895 -0.9878250957 -0.0738726631 -0.2973268926 0.1121159643 -0.9481701851 0.9449086189 -0.1078499258 -0.3090567887
103.2 -94.2 2623.5 -0.1618437767 0.9117419124 0.3775357902 -0.8413898349 0.0724084601 -0.5355559587 -0.5156255960 -0.4043311775 0.7554115057
52.5 -358.0 2461.9 -0.3656531274 0.9117419124 0.1871482432 -0.3054066002 0.0724084601 -0.9494650364 -0.8792181611 -0.4043311775 0.2519756258
-162.3 -422.1 2792.8 0.9989575744 0.0395894013 0.0227247812 0.0237875748 -0.0265843906 -0.9993634820 -0.0389600806 0.9988623261 -0.0274984147
-177.8 -411.7 2401.9 0.9989575744 -0.0086551728 0.0448199101 0.0237875748 0.9367107153 -0.3492953181 -0.0389600806 0.3499973714 0.9359401464
17.4 -441.4 2789.0 0.9894145131 -0.1304500848 -0.0635747463 -0.0509219505 0.0981376469 -0.9938691854 0.1358893961 0.9865859151 0.0904560387
68.4 -479.8 2402.7 0.9894145131 -0.0137414970 -0.1444650292 -0.0509219505 0.8993282318 -0.4342991114 0.1358893961 0.4370582700 0.8891085982
-191.3 -263.5 2520.6 0 0 0 0 0 0 0 0 0
-47.5 -441.5 2221.4 0 0 0 0 0 0 0 0 0
-174.4 -785.4 2262.3 0 0 0 0 0 0 0 0 0
73.2 -789.8 2252.1 0 0 0 0 0 0 0 0 0
-19.7 104.5 2555.9 06 0.9924142361 0.1027453393 0.0675084516 -0.1202922165 0.9248768687 0.3607388437 -0.0253727734 -0.3661231101 0.9302204251
-39.9 -77.7 2628.0 0.9924142361 0.1027453393 0.0675084516 -0.1202922165 0.9248768687 0.3607388437 -0.0253727734 -0.3661231101 0.9302204251
-60.2 -256.0 2706.3 0.9920899272 0.1033458859 0.0712541118 -0.1231805310 0.9107747674 0.3941013813 -0.0241676886 -0.3997611403 0.9163007140
-181.3 -60.2 2631.5 0.1568515301 -0.9868263602 -0.0396400429 0.9262877107 0.1330679506 0.3525394201 -0.3426203728 -0.0920144320 0.9349570274
-226.8 -328.9 2730.9 -0.1310823560 -0.9868263602 -0.0948216915 -0.3242987692 0.1330679506 -0.9365485907 0.9368285537 -0.0920144320 -0.3374694288
101.4 -95.2 2624.5 -0.1297714561 0.9340043664 0.3328591883 -0.8622288704 0.0594653003 -0.5030161738 -0.4896128476 -0.3522779346 0.7976086140
62.7 -352.8 2478.3 -0.3222057521 0.9340043664 0.1543351263 -0.2857604325 0.0594653003 -0.9564543366 -0.9025101066 -0.3522779346 0.2477414161
-164.5 -421.9 2792.6 0.9993067384 0.0322396457 0.0186190307 0.0189633667 -0.0104079116 -0.9997659922 -0.0320383161 0.9994259477 -0.0110120689
-177.2 -417.8 2401.4 0.9993067384 -0.0063795662 0.0366792046 0.0189633667 0.9350470901 -0.3540160060 -0.0320383161 0.3544661403 0.9345198274
15.2 -441.1 2791.1 0.9872848988 -0.1420674473 -0.0713115185 -0.0624920540 0.0656077862 -0.9958867431 0.1461616755 0.9876803160 0.0558954924
70.8 -466.7 2404.5 0.9872848988 -0.0062380894 -0.1588382125 -0.0624920540 0.9035436511 -0.4239146709 0.1461616755 0.4284506738 0.8916651607
-197.3 -256.0 2520.3 0 0 0 0 0 0 0 0 0
-25.4 -431.0 2231.5 0 0 0 0 0 0 0 0 0
-174.6 -786.8 2261.5 0 0 0 0 0 0 0 0 0
73.0 -788.7 2251.9 0 0 0 0 0 0 0 0 0
-16.7 111.9 2561.1 07 0.9848639965 0.1452215910 0.0946235359 -0.1684596986 0.9304649830 0.3253555596 -0.0407952331 -0.3363712430 0.9408454299
-45.2 -71.2 2627.3 0.9848639965 0.1452215910 0.0946235359 -0.1684596986 0.9304649830 0.3253555596 -0.0407952331 -0.3363712430 0.9408454299
-73.9 -250.8 2699.0 0.9842799306 0.1460995823 0.0992368236 -0.1721677035 0.9190137386 0.3546434641 -0.0393867493 -0.3661538064 0.9297204018
-185.3 -46.8 2633.0 0.2011942863 -0.9794523120 -0.0139299165 0.9293268919 0.1863640398 0.3187789023 -0.3096326888 -0.0770819411 0.9477267265
-243.6 -316.0 2722.7 -0.1399040967 -0.9794523120 -0.1452584863 -0.3525798619 0.1863640398 -0.9170364738 0.9252644181 -0.0770819411 -0.3714082241
94.8 -95.7 2621.5 -0.0975062475 0.9384527206 0.3313594162 -0.8907291293 0.0662314594 -0.4496831894 -0.4439527988 -0.3389984071 0.8294491768
67.7 -343.6 2497.9 -0.3059766889 0.9384527206 0.1602647752 -0.2959728837 0.0662314594 -0.9528973699 -0.9048637152 -0.3389984071 0.2574912608
-170.2 -423.2 2786.8 0.9996833205 0.0192980077 0.0161497090 0.0152440863 0.0461879224 -0.9988164306 -0.0200210903 0.9987463355 0.0458791144
-177.7 -441.2 2396.3 0.9996833205 -0.0070405812 0.0241589826 0.0152440863 0.9332879782 -0.3588052690 -0.0200210903 0.3590599298 0.9330997467
9.1 -445.4 2782.4 0.9842321277 -0.1546769589 -0.0858032778 -0.0689979866 0.1109276339 -0.9914304614 0.1628693938 0.9817179441 0.0985061377
69.6 -488.8 2398.4 0.9842321277 -0.0096037667 -0.1766208708 -0.0689979866 0.8985775113 -0.4333563149 0.1628693938 0.4387096763 0.8837462068
-212.2 -236.7 2514.8 0 0 0 0 0 0 0 0 0
-16.0 -424.5 2250.6 0 0 0 0 0 0 0 0 0
-175.1 -789.0 2262.6 0 0 0 0 0 0 0 0 0
72.8 -788.5 2252.0 0 0 0 0 0 0 0 0 0
-17.2 108.8 2553.7 08 0.9797593355 0.1644113213 0.1141952649 -0.1946039051 0.9159816504 0.3508660495 -0.0469144136 -0.3659871221 0.9294366241
-49.4 -71.1 2625.5 0.9797593355 0.1644113213 0.1141952649 -0.1946039051 0.9159816504 0.3508660495 -0.0469144136 -0.3659871221 0.9294366241
-81.7 -248.1 2702.2 0.9791678190 0.1647233516 0.1187292635 -0.1978771389 0.9052639008 0.3759546280 -0.0455528125 -0.3916164637 0.9190002680
-188.8 -42.9 2632.1 0.2202104032 -0.9754365683 0.0055557033 0.9158351421 0.2087089568 0.3430546820 -0.3357875943 -0.0704561025 0.9392989874
-252.6 -308.2 2729.3 -0.1371387839 -0.9754365683 -0.1723845750 -0.3250691295 0.2087089568 -0.9223722816 0.9356938601 -0.0704561025 -0.3457064033
90.0 -99.2 2619.0 -0.0619193204 0.9359516501 0.3466417193 -0.9094306827 0.0901870728 -0.4059582651 -0.4112199247 -0.3403832912 0.8455988169
73.5 -341.2 2509.6 -0.3046757877 0.9359516501 0.1765422076 -0.2772228420 0.0901870728 -0.9565635324 -0.9112190604 -0.3403832912 0.2319893539
-191.5 -415.0 2774.4 0.9996193051 -0.0273451451 0.0036798371 0.0070399917 0.1238202825 -0.9922797084 0.0266783945 0.9919278026 0.1239656508
-180.8 -463.2 2387.8 0.9996193051 -0.0161788408 -0.0223504659 0.0070399917 0.9327883124 -0.3603559434 0.0266783945 0.3600614071 0.9325470924
-13.8 -446.0 2767.1 0.9661447406 -0.2185476571 -0.1371176988 -0.1070915610 0.1438110322 -0.9837935567 0.2347248197 0.9651711583 0.1155376583
71.5 -502.1 2390.3 0.9661447406 -0.0049431170 -0.2579533160 -0.1070915610 0.9019333124 -0.4183870256 0.2347248197 0.4318470359 0.8708687425
-221.8 -235.2 2519.1 0 0 0 0 0 0 0 0 0
-9.8 -417.0 2260.4 0 0 0 0 0 0 0 0 0
-175.2 -787.0 2262.8 0 0 0 0 0 0 0 0 0
73.1 -789.0 2252.9 0 0 0 0 0 0 0 0 0
-20.1 102.8 2550.0 09 0.9856789112 0.1391416490 0.0952716991 -0.1652020663 0.9101355076 0.3799494803 -0.0338433571 -0.3902472854 0.9200878739
-47.5 -76.9 2627.0 0.9856789112 0.1391416490 0.0952716991 -0.1652020663 0.9101355076 0.3799494803 -0.0338433571 -0.3902472854 0.9200878739
-75.2 -252.4 2708.9 0.9849817157 0.1411085427 0.0994956642 -0.1696988046 0.8974384665 0.4071934819 -0.0318327583 -0.4179624319 0.9079064131
-187.8 -52.8 2631.6 0.1959709972 -0.9805220962 -0.0131079452 0.9113115668 0.1771700084 0.3716476560 -0.3620863855 -0.0847775862 0.9282813072
-244.6 -316.9 2736.6 -0.1358980834 -0.9805220962 -0.1418032646 -0.3003478646 0.1771700084 -0.9372310042 0.9440989494 -0.0847775862 -0.3185747564
92.7 -101.1 2622.4 -0.0544965528 0.9470434785 0.3164470494 -0.9142510891 0.0800956041 -0.3971519172 -0.4014661610 -0.3109554648 0.8614706397
78.3 -343.0 2516.2 -0.2820445895 0.9470434785 0.1534908712 -0.2554064989 0.0800956041 -0.9635103345 -0.9247801900 -0.3109554648 0.2192905247
-202.3 -407.2 2783.1 0.9991376996 -0.0399292186 0.0113797234 0.0171429496 0.1471088678 -0.9889717102 0.0378148109 0.9883140326 0.1476665288
-186.7 -464.7 2397.0 0.9991376996 -0.0304802973 -0.0281920563 0.0171429496 0.9212852120 -0.3885094821 0.0378148109 0.3876911998 0.9210133553
-25.5 -442.9 2774.8 0.9440741539 -0.2630768716 -0.1987825781 -0.1666906327 0.1393708885 -0.9761096239 0.2844963670 0.9546550512 0.0877240077
77.3 -497.4 2401.9 0.9440741539 0.0190346744 -0.3291832805 -0.1666906327 0.8889200687 -0.4266559780 0.2844963670 0.4576666653 0.8423793912
-214.0 -249.4 2524.4 0 0 0 0 0 0 0 0 0
0.2 -413.7 2260.2 0 0 0 0 0 0 0 0 0
-176.1 -786.4 2261.6 0 0 0 0 0 0 0 0 0
71.0 -789.2 2251.6 0 0 0 0 0 0 0 0 0
-18.9 98.5 2548.6 10 0.9889782667 0.1339771301 0.0630243570 -0.1480021328 0.9065144062 0.3953820467 -0.0041603367 -0.4003520012 0.9163519740
-45.5 -81.5 2628.1 0.9889782667 0.1339771301 0.0630243570 -0.1480021328 0.9065144062 0.3953820467 -0.0041603367 -0.4003520012 0.9163519740
-71.8 -256.2 2712.2 0.9887117147 0.1338549107 0.0673198774 -0.1497931331 0.8930727839 0.4242440164 -0.0033344040 -0.4295390844 0.9030420780
-186.3 -60.2 2628.6 0.1869031787 -0.9813498855 -0.0449395217 0.9090593457 0.1554317027 0.3865903616 -0.3723953962 -0.1131076589 0.9211559892
-240.5 -323.8 2736.6 -0.1544940025 -0.9813498855 -0.1143851429 -0.2876022458 0.1554317027 -0.9450533986 0.9452071190 -0.1131076589 -0.3062517047
95.3 -102.8 2627.6 -0.0568307266 0.9070403576 0.4171907008 -0.8849064112 0.1477247477 -0.4417217076 -0.4622887969 -0.3942780793 0.7942504883
80.5 -333.1 2507.2 -0.3420235217 0.9070403576 0.2455559671 -0.2876209617 0.1477247477 -0.9462830424 -0.8945915699 -0.3942780793 0.2103584856
-191.8 -412.6 2793.7 0.9995850921 -0.0150001552 0.0245887619 0.0253062490 0.0496819839 -0.9984444380 0.0137552032 0.9986524582 0.0500409678
-186.0 -431.9 2405.0 0.9995850921 -0.0286077522 -0.0033478898 0.0253062490 0.9277898073 -0.3722440302 0.0137552032 0.3720048666 0.9281288385
-13.9 -443.2 2787.8 0.9629399776 -0.2287742943 -0.1428598315 -0.1299012899 0.0708143860 -0.9889949560 0.2363731414 0.9709004164 0.0384719260
75.3 -470.8 2409.2 0.9629399776 0.0124471085 -0.2694284320 -0.1299012899 0.8968475461 -0.4228357971 0.2363731414 0.4421645701 0.8652272820
-205.7 -259.1 2524.2 0 0 0 0 0 0 0 0 0
-14.6 -413.1 2258.6 0 0 0 0 0 0 0 0 0
-175.0 -788.3 2262.1 0 0 0 0 0 0 0 0 0
70.8 -791.0 2251.3 0 0 0 0 0 0 0 0 0
-19.6 94.6 2549.5 11 0.9929306507 0.1111925542 0.0415317006 -0.1185025722 0.9086998701 0.4002770483 0.0067679733 -0.4023689628 0.9154525995
-41.7 -85.7 2629.3 0.9929306507 0.1111925542 0.0415317006 -0.1185025722 0.9086998701 0.4002770483 0.0067679733 -0.4023689628 0.9154525995
-63.4 -260.8 2714.1 0.9928209782 0.1107050404 0.0452871062 -0.1193941385 0.8945171237 0.4307947457 0.0071810577 -0.4331090748 0.9013128877
-183.0 -68.7 2628.3 0.1624846011 -0.9845129848 -0.0658252090 0.9124328494 0.1245248094 0.3898202479 -0.3755862117 -0.1234008670 0.9185353518
-230.1 -333.3 2737.2 -0.1548078656 -0.9845129848 -0.0822722763 -0.2871849239 0.1245248094 -0.9497464895 0.9452826977 -0.1234008670 -0.3020147085
99.7 -102.7 2630.3 -0.0705659837 0.8616575599 0.5025601387 -0.8760127425 0.1874387711 -0.4443741739 -0.4770976007 -0.4716067612 0.7415962219
81.0 -334.4 2504.1 -0.4091920257 0.8616575599 0.3001801372 -0.2930704355 0.1874387711 -0.9375374317 -0.8641016483 -0.4716067612 0.1758279204
-187.3 -417.5 2796.7 0.9995610118 -0.0056847706 0.0290775467 0.0291220862 0.0079154810 -0.9995445013 0.0054520187 0.9999524951 0.0080775591
-185.1 -420.6 2406.6 0.9995610118 -0.0291153230 0.0054880190 0.0291220862 0.9314045906 -0.3628187478 0.0054520187 0.3628192842 0.9318435788
-8.8 -444.5 2796.0 0.9742366076 -0.2039970160 -0.0961676389 -0.0947366133 0.0167924743 -0.9953607321 0.2046655118 0.9788274765 -0.0029661427
70.8 -451.0 2414.1 0.9742366076 -0.0027616252 -0.2255113423 -0.0947366133 0.9024145603 -0.4203248024 0.2046655118 0.4308599830 0.8789036870
-195.3 -268.8 2524.7 0 0 0 0 0 0 0 0 0
-35.7 -418.0 2257.6 0 0 0 0 0 0 0 0 0
-173.6 -790.1 2262.7 0 0 0 0 0 0 0 0 0
71.9 -789.8 2252.4 0 0 0 0 0 0 0 0 0
-19.5 91.9 2548.4 12 0.9949504733 0.0965331495 0.0274756625 -0.0992226377 0.9048085809 0.4140970111 0.0151138762 -0.4147322178 0.9098179936
-38.5 -86.5 2630.1 0.9949504733 0.0965331495 0.0274756625 -0.0992226377 0.9048085809 0.4140970111 0.0151138762 -0.4147322178 0.9098179936
-57.9 -260.6 2717.6 0.9946550727 0.0985241160 0.0308924224 -0.1019401476 0.8894461393 0.4455264509 0.0164179523 -0.4462943077 0.8947356343
-180.2 -72.0 2627.8 0.1495396048 -0.9855414629 -0.0796613768 0.9092108011 0.1054015160 0.4027731121 -0.3885531723 -0.1326595247 0.9118266702
-223.6 -335.7 2740.5 -0.1570884585 -0.9855414629 -0.0634920597 -0.2750150859 0.1054015160 -0.9556449056 0.9485198259 -0.1326595247 -0.2875961363
103.1 -101.0 2632.4 -0.0976065099 0.9150326252 0.3913927674 -0.8692922592 0.1130937487 -0.4811868370 -0.4845657349 -0.3872016668 0.7843920588
78.5 -320.7 2510.0 -0.3306766748 0.9150326252 0.2310157120 -0.3394257426 0.1130937487 -0.9338093996 -0.8805924654 -0.3872016668 0.2731881440
-174.7 -425.0 2798.4 0.9995674491 0.0176537056 0.0235203747 0.0243007168 -0.0453733057 -0.9986745119 -0.0165631082 0.9988141060 -0.0457826778
-181.6 -407.3 2408.6 0.9995674491 -0.0167931821 0.0241422951 0.0243007168 0.9340009093 -0.3564432859 -0.0165631082 0.3568757772 0.9340050220
4.6 -446.6 2799.6 0.9853119850 -0.1611043960 -0.0566184334 -0.0558685623 0.0091843903 -0.9983958602 0.1613659710 0.9868946075 0.0000488188
67.5 -450.1 2414.2 0.9853119850 -0.0182353389 -0.1697873473 -0.0558685623 0.9051383734 -0.4214299321 0.1613659710 0.4247257411 0.8908249140
-188.3 -273.9 2527.3 0 0 0 0 0 0 0 0 0
-14.9 -416.6 2261.4 0 0 0 0 0 0 0 0 0
-174.8 -786.4 2263.7 0 0 0 0 0 0 0 0 0
74.3 -789.8 2254.8 0 0 0 0 0 0 0 0 0
-18.9 88.1 2548.8 13 0.9958325028 0.0903620347 -0.0123414909 -0.0773009285 0.9081019759 0.4115523696 0.0483960398 -0.4088832140 0.9113025665
-36.7 -90.5 2629.2 0.9958325028 0.0903620347 -0.0123414909 -0.0773009285 0.9081019759 0.4115523696 0.0483960398 -0.4088832140 0.9113025665
-54.8 -265.2 2715.6 0.9956787825 0.0924196243 -0.0090745362 -0.0788153410 0.8926836252 0.4437387586 0.0491108596 -0.4411060512 0.8961102366
-178.4 -79.2 2622.2 0.1407606155 -0.9828655720 -0.1190028265 0.9135114551 0.0825981870 0.3983394802 -0.3816847503 -0.1647809595 0.9094855785
-219.3 -344.2 2732.9 -0.1816211790 -0.9828655720 -0.0314478911 -0.2814558148 0.0825981870 -0.9560126662 0.9422294497 -0.1647809595 -0.2916347980
105.1 -101.7 2636.2 -0.1327420622 0.9269846678 0.3508260846 -0.8568717241 0.0705684349 -0.5106769204 -0.4981469214 -0.3684012592 0.7849395871
69.5 -331.4 2502.6 -0.3246362209 0.9269846678 0.1879114807 -0.3410851061 0.0705684349 -0.9373798966 -0.8821974397 -0.3684012592 0.2932716012
-167.1 -425.5 2803.5 0.9983221889 0.0439744182 0.0376702882 0.0401009321 -0.0557671860 -0.9976381660 -0.0417697914 0.9974749684 -0.0574370362
-184.2 -403.7 2413.7 0.9983221889 -0.0220127366 0.0535559468 0.0401009321 0.9300497770 -0.3652387559 -0.0417697914 0.3667736053 0.9293720722
12.7 -443.9 2806.5 0.9890218377 -0.1405802816 -0.0455298498 -0.0464734957 -0.0034351500 -0.9989136457 0.1402711570 0.9900633097 -0.0099306963
67.6 -442.5 2419.3 0.9890218377 -0.0187308360 -0.1465774179 -0.0464734957 0.9021729231 -0.4288638532 0.1402711570 0.4309676886 0.8913982511
-178.4 -281.0 2521.1 0 0 0 0 0 0 0 0 0
-22.7 -428.2 2252.2 0 0 0 0 0 0 0 0 0
-175.2 -785.2 2263.2 0 0 0 0 0 0 0 0 0
74.8 -789.4 2253.6 0 0 0 0 0 0 0 0 0
-20.2 85.2 2549.0 14 0.9967339635 0.0768454373 0.0248230528 -0.0803022012 0.9106428027 0.4053162336 0.0085417684 -0.4059858024 0.9138394594
-35.2 -93.2 2628.6 0.9967339635 0.0768454373 0.0248230528 -0.0803022012 0.9106428027 0.4053162336 0.0085417684 -0.4059858024 0.9138394594
-50.5 -268.6 2714.4 0.9965736270 0.0779806972 0.0275682993 -0.0821726322 0.8955332637 0.4373418391 0.0094158920 -0.4381086826 0.8988726735
-177.1 -81.5 2627.3 0.1287644953 -0.9882891774 -0.0818793774 0.9159340262 0.0868757516 0.3918130994 -0.3801113069 -0.1254477203 0.9163941741
-214.4 -347.3 2737.5 -0.1454478651 -0.9882891774 -0.0461459123 -0.2877025008 0.0868757516 -0.9537714124 0.9466108680 -0.1254477203 -0.2969691753
106.6 -104.9 2629.9 -0.1487482637 0.9686008692 0.1992141008 -0.8634941578 -0.0290466789 -0.5035216808 -0.4819250405 -0.2469181865 0.8407018781
66.7 -336.5 2500.7 -0.2428241372 0.9686008692 0.0533736050 -0.3237330317 -0.0290466789 -0.9457024932 -0.9144579768 -0.2469181865 0.3206213415
-162.8 -432.9 2797.6 0.9977242947 0.0525208488 0.0422824323 0.0444228351 -0.0402772054 -0.9982005358 -0.0507233217 0.9978072643 -0.0425186716
-183.3 -417.1 2407.3 0.9977242947 -0.0230987910 0.0633457899 0.0444228351 0.9319534898 -0.3598461747 -0.0507233217 0.3618412614 0.9308587909
17.0 -447.1 2806.5 0.9912695289 -0.1266291440 -0.0367393866 -0.0377468914 -0.0055651371 -0.9992718101 0.1263324767 0.9919345379 -0.0102964072
66.6 -444.9 2418.3 0.9912695289 -0.0208395552 -0.1301938295 -0.0377468914 0.9012481570 -0.4316560328 0.1263324767 0.4328018725 0.8925932050
-181.7 -282.6 2524.8 0 0 0 0 0 0 0 0 0
-1.2 -427.1 2244.7 0 0 0 0 0 0 0 0 0
-174.2 -786.3 2263.9 0 0 0 0 0 0 0 0 0
74.5 -788.7 2253.2 0 0 0 0 0 0 0 0 0
-20.4 82.6 2548.2 15 0.9957347512 0.0804756656 0.0451213829 -0.0919639319 0.9050040245 0.4153436422 -0.0074099740 -0.4177216589 0.9085448384
-36.1 -94.3 2629.8 0.9957347512 0.0804756656 0.0451213829 -0.0919639319 0.9050040245 0.4153436422 -0.0074099740 -0.4177216589 0.9085448384
-52.0 -268.4 2718.1 0.9955560565 0.0809550807 0.0481085405 -0.0939498693 0.8888127208 0.4485369027 -0.0064481404 -0.4510634243 0.8924686313
-177.9 -80.9 2630.7 0.1328120083 -0.9892308712 -0.0615077056 0.9093425274 0.0969294533 0.4045996368 -0.3942805529 -0.1096672639 0.9124231339
-216.4 -344.7 2745.1 -0.1324217319 -0.9892308712 -0.0623435043 -0.2735615075 0.0969294533 -0.9569581151 0.9526954293 -0.1096672639 -0.2834510803
105.6 -107.7 2628.9 -0.1454707086 0.9706360102 0.1915829033 -0.8786099553 -0.0377167948 -0.4760483503 -0.4548437893 -0.2375777215 0.8582971096
68.3 -333.5 2512.0 -0.2368172854 0.9706360102 0.0422292314 -0.3232039809 -0.0377167948 -0.9455773830 -0.9162187576 -0.2375777215 0.3226453960
-155.8 -436.6 2799.3 0.9958154559 0.0768237188 0.0494941175 0.0580890588 -0.1140105575 -0.9917798638 -0.0705493614 0.9905048013 -0.1179960966
-185.7 -392.1 2412.7 0.9958154559 -0.0296707246 0.0864361003 0.0580890588 0.9356757402 -0.3480467796 -0.0705493614 0.3516113460 0.9334838986
24.2 -451.4 2801.0 0.9927793145 -0.1131352335 -0.0398709066 -0.0382478684 0.0164813269 -0.9991323352 0.1136941984 0.9934428930 0.0120351380
68.4 -457.8 2412.1 0.9927793145 -0.0149405720 -0.1190212145 -0.0382478684 0.9009979367 -0.4321340322 0.1136941984 0.4335660338 0.8939206600
-186.7 -283.2 2531.0 0 0 0 0 0 0 0 0 0
2.0 -424.0 2255.5 0 0 0 0 0 0 0 0 0
-173.2 -788.2 2263.8 0 0 0 0 0 0 0 0 0
73.9 -788.6 2252.9 0 0 0 0 0 0 0 0 0
-18.9 84.7 2547.2 16 0.9928948879 0.1062998101 0.0534802079 -0.1189179569 0.9025509357 0.4138360918 -0.0042779148 -0.4172554910 0.9087791443
-39.7 -91.9 2628.8 0.9928948879 0.1062998101 0.0534802079 -0.1189179569 0.9025509357 0.4138360918 -0.0042779148 -0.4172554910 0.9087791443
-60.8 -265.6 2716.5 0.9925310016 0.1078000739 0.0571080782 -0.1219602600 0.8876028657 0.4441698194 -0.0028077548 -0.4478172362 0.8941206932
-181.0 -74.5 2629.2 0.1600629240 -0.9856402874 -0.0537877493 0.9064293504 0.1251865625 0.4033784866 -0.3908525705 -0.1133207381 0.9134509563
-227.5 -337.4 2742.6 -0.1439786553 -0.9856402874 -0.0882236287 -0.2724277377 0.1251865625 -0.9539976120 0.9513428807 -0.1133207381 -0.2865399420
101.6 -109.2 2628.4 -0.1182869375 0.9594419599 0.2558891773 -0.8833041191 0.0160584971 -0.4685252607 -0.4536319971 -0.2814483941 0.8455795646
72.2 -329.4 2515.4 -0.2627096474 0.9594419599 0.1022482365 -0.3111822009 0.0160584971 -0.9502145648 -0.9133177400 -0.2814483941 0.2943425477
-157.7 -433.9 2807.0 0.9966540337 0.0652815327 0.0491835102 0.0523634776 -0.0479283817 -0.9974772930 -0.0627595559 0.9967151880 -0.0511863828
-184.2 -414.5 2402.5 0.9966540337 -0.0272777956 0.0770494491 0.0523634776 0.9369039536 -0.3456429243 -0.0627595559 0.3485209942 0.9351974726
22.1 -450.9 2805.9 0.9923555255 -0.1171051785 -0.0389471762 -0.0394700468 -0.0021483325 -0.9992184639 0.1169299856 0.9931172132 -0.0067540566
68.0 -450.1 2417.1 0.9923555255 -0.0156727042 -0.1224127114 -0.0394700468 0.8995001912 -0.4351338744 0.1169299856 0.4366391599 0.8920053840
-195.1 -276.1 2528.7 0 0 0 0 0 0 0 0 0
-1.8 -417.0 2258.4 0 0 0 0 0 0 0 0 0
-173.3 -789.2 2263.1 0 0 0 0 0 0 0 0 0
73.9 -788.3 2252.9 0 0 0 0 0 0 0 0 0
-16.3 85.6 2547.2 17 0.9876959324 0.1189200580 0.1015616357 -0.1494725794 0.9088278413 0.3894738555 -0.0459857844 -0.3998624384 0.9154208302
-39.6 -92.3 2625.5 0.9876959324 0.1189200580 0.1015616357 -0.1494725794 0.9088278413 0.3894738555 -0.0459857844 -0.3998624384 0.9154208302
-62.7 -267.6 2709.5 0.9874866605 0.1174135432 0.1052811742 -0.1510705054 0.8958552480 0.4178768992 -0.0452522822 -0.4285527468 0.9023828506
-180.1 -70.9 2632.0 0.1728887707 -0.9849228263 -0.0060369731 0.9113953710 0.1576520950 0.3801372647 -0.3734541535 -0.0712235346 0.9249103665
-230.3 -335.2 2740.3 -0.1157142147 -0.9849228263 -0.1285970211 -0.2943300307 0.1576520950 -0.9426110983 0.9486727715 -0.0712235346 -0.3081349730
100.9 -113.7 2619.0 -0.1429615319 0.9380741715 0.3155611455 -0.8567181230 0.0423571728 -0.5140427351 -0.4955764711 -0.3438352644 0.7976096869
63.2 -339.5 2488.5 -0.3187555075 0.9380741715 0.1356899440 -0.2832061648 0.0423571728 -0.9581232071 -0.9045380950 -0.3438352644 0.2521668077
-171.5 -428.3 2804.5 0.9979436994 0.0405190513 0.0496644452 0.0510338210 -0.0334916487 -0.9981352091 -0.0387801453 0.9986172915 -0.0354906246
-187.7 -415.0 2406.4 0.9979436994 -0.0336081833 0.0545787588 0.0510338210 0.9318093061 -0.3593424559 -0.0387801453 0.3613889217 0.9316083789
7.8 -450.4 2804.0 0.9866465330 -0.1527372897 -0.0565678254 -0.0567436107 0.0032114037 -0.9983836412 0.1526720822 0.9882615805 -0.0054983455
67.5 -451.6 2417.2 0.9866465330 -0.0160856023 -0.1620797813 -0.0567436107 0.8988220096 -0.4346253574 0.1526720822 0.4380185902 0.8859068751
-204.3 -269.1 2527.2 0 0 0 0 0 0 0 0 0
-26.2 -418.9 2234.8 0 0 0 0 0 0 0 0 0
-174.3 -786.1 2262.5 0 0 0 0 0 0 0 0 0
73.6 -788.4 2253.1 0 0 0 0 0 0 0 0 0
-15.7 84.4 2547.8 18 0.9857301712 0.1126094088 0.1251203418 -0.1531212926 0.9086042643 0.3885770440 -0.0699274391 -0.4021907151 0.9128816128
-37.8 -93.7 2626.6 0.9857301712 0.1126094088 0.1251203418 -0.1531212926 0.9086042643 0.3885770440 -0.0699274391 -0.4021907151 0.9128816128
-59.7 -268.5 2712.1 0.9852862358 0.1116876528 0.1293712705 -0.1566866338 0.8926152587 0.4227141738 -0.0682668164 -0.4367651939 0.8969814777
-178.0 -71.4 2636.4 0.1682440341 -0.9855729342 0.0184383392 0.9083343148 0.1622705758 0.3854828775 -0.3829134703 -0.0481070131 0.9225307703
-226.8 -334.9 2747.4 -0.0939093083 -0.9855729342 -0.1408086270 -0.2878229916 0.1622705758 -0.9438359141 0.9530681968 -0.0481070131 -0.2989092767
102.5 -116.0 2616.9 -0.1686955392 0.9313432574 0.3227096498 -0.8460299373 0.0311722960 -0.5322232842 -0.5057421923 -0.3628057241 0.7826856971
55.8 -350.3 2476.8 -0.3421827853 0.9313432574 0.1245416924 -0.2658388317 0.0311722960 -0.9635133743 -0.9012439251 -0.3628057241 0.2369205952
-174.9 -429.4 2797.5 0.9994223118 0.0175033938 0.0291318893 0.0290979855 0.0021885841 -0.9995741844 -0.0175596979 0.9998444319 0.0016780061
-181.8 -430.3 2402.8 0.9994223118 -0.0206015799 0.0270298123 0.0290979855 0.9296278954 -0.3673489690 -0.0175596979 0.3679232597 0.9296903610
3.3 -456.6 2789.3 0.9828203917 -0.1660559326 -0.0805574358 -0.0720543340 0.0566195101 -0.9957923293 0.1699183434 0.9844895601 0.0436817594
68.2 -478.7 2404.4 0.9828203917 -0.0098230401 -0.1843029559 -0.0720543340 0.8989183903 -0.4321503043 0.1699183434 0.4380059540 0.8827675581
-205.7 -270.2 2533.2 0 0 0 0 0 0 0 0 0
-37.6 -422.9 2230.8 0 0 0 0 0 0 0 0 0
-173.9 -785.9 2262.1 0 0 0 0 0 0 0 0 0
71.6 -789.8 2252.9 0 0 0 0 0 0 0 0 0
-16.3 81.7 2555.5 19 0.9873193502 0.1146554798 0.1097934023 -0.1478251070 0.9161371589 0.3726130426 -0.0578636825 -0.3841182888 0.9214689136
-38.8 -97.8 2630.8 0.9873193502 0.1146554798 0.1097934023 -0.1478251070 0.9161371589 0.3726130426 -0.0578636825 -0.3841182888 0.9214689136
-61.0 -273.7 2713.9 0.9868943095 0.1133700311 0.1148337945 -0.1512069702 0.8982203603 0.4127185643 -0.0563561395 -0.4246732891 0.9035909176
-179.4 -76.3 2638.8 0.1689576060 -0.9856162071 0.0037400371 0.9136219621 0.1580375433 0.3745918572 -0.3697948754 -0.0598731600 0.9271822572
-228.4 -341.3 2746.1 -0.1055999622 -0.9856162071 -0.1319443285 -0.2993203700 0.1580375433 -0.9409736991 0.9482910633 -0.0598731600 -0.3117037714
101.8 -119.4 2622.7 -0.1668448597 0.9086778164 0.3827106059 -0.8264675140 0.0827862546 -0.5568643212 -0.5376934409 -0.4092078209 0.7371802330
54.3 -354.7 2469.6 -0.3757227361 0.9086778164 0.1820358038 -0.2652043700 0.0827862546 -0.9606316090 -0.8879746795 -0.4092078209 0.2098806500
-170.5 -429.1 2803.9 0.9992734194 0.0269940011 0.0269060228 0.0282046814 -0.0489414483 -0.9984033704 -0.0256340802 0.9984368086 -0.0496672466
-181.1 -409.9 2411.7 0.9992734194 -0.0167959481 0.0342126600 0.0282046814 0.9296302795 -0.3674126863 -0.0256340802 0.3681106865 0.9294285178
7.4 -457.4 2791.5 0.9810468554 -0.1661606431 -0.0996879041 -0.0907295793 0.0606782138 -0.9940252900 0.1712167710 0.9842300415 0.0444524847
72.4 -481.1 2406.3 0.9810468554 0.0049728178 -0.1937067658 -0.0907295793 0.8951032758 -0.4365298450 0.1712167710 0.4458311796 0.8785894513
-204.6 -274.0 2532.9 0 0 0 0 0 0 0 0 0
-44.8 -424.7 2235.4 0 0 0 0 0 0 0 0 0
-174.3 -786.3 2262.7 0 0 0 0 0 0 0 0 0
70.7 -790.7 2252.2 0 0 0 0 0 0 0 0 0
-15.2 85.9 2550.9 20 0.9862155318 0.1244115084 0.1090905443 -0.1572548449 0.9098327756 0.3840250671 -0.0514770113 -0.3958864808 0.9168555140
-39.7 -93.8 2629.1 0.9862155318 0.1244115084 0.1090905443 -0.1572548449 0.9098327756 0.3840250671 -0.0514770113 -0.3958864808 0.9168555140
-64.3 -268.2 2714.4 0.9854493737 0.1255549937 0.1145663187 -0.1627746820 0.8911627531 0.4234777391 -0.0489274859 -0.4359643757 0.8986329436
-180.1 -70.6 2636.0 0.1810556501 -0.9834682345 0.0030205799 0.9066979885 0.1681104004 0.3868302107 -0.3809430301 -0.0672990382 0.9221460223
-232.7 -333.6 2746.5 -0.1138864681 -0.9834682345 -0.1407840252 -0.2852785587 0.1681104004 -0.9435862899 0.9516543746 -0.0672990382 -0.2997078896
100.7 -116.9 2622.1 -0.1643405557 0.8895801306 0.4261916876 -0.8298911452 0.1088482291 -0.5472044349 -0.5331724286 -0.4436205924 0.7203665376
53.0 -357.6 2467.5 -0.4017333984 0.8895801306 0.2173878103 -0.2757678628 0.1088482291 -0.9550414681 -0.8732481599 -0.4436205924 0.2015896291
-172.3 -435.9 2802.2 0.9994559288 0.0215254575 0.0249891728 0.0257859156 -0.0375680663 -0.9989613295 -0.0205643047 0.9990621805 -0.0381026790
-180.8 -421.2 2410.4 0.9994559288 -0.0162053015 0.0287261605 0.0257859156 0.9269819260 -0.3742186427 -0.0205643047 0.3747557998 0.9268954396
6.0 -463.2 2792.0 0.9803970456 -0.1702442169 -0.0991892070 -0.0919328332 0.0500095896 -0.9945086241 0.1742697656 0.9841320515 0.0333782211
72.6 -482.8 2406.7 0.9803970456 0.0035605102 -0.1969997883 -0.0919328332 0.8925964236 -0.4413841069 0.1742697656 0.4508424401 0.8754262924
-207.1 -269.5 2532.6 0 0 0 0 0 0 0 0 0
-49.0 -427.7 2245.7 0 0 0 0 0 0 0 0 0
-174.4 -788.3 2261.9 0 0 0 0 0 0 0 0 0
71.4 -790.4 2251.4 0 0 0 0 0 0 0 0 0
-16.3 80.3 2556.6 21 0.9852824807 0.1342806965 0.1057693586 -0.1644912660 0.9131168723 0.3730418384 -0.0464874692 -0.3849497139 0.9217660427
-42.5 -97.4 2631.5 0.9852824807 0.1342806965 0.1057693586 -0.1644912660 0.9131168723 0.3730418384 -0.0464874692 -0.3849497139 0.9217660427
-69.0 -272.3 2715.4 0.9844229221 0.1354065537 0.1121454909 -0.1702491045 0.8934007287 0.4157527685 -0.0438952148 -0.4283692241 0.9025369883
-182.7 -73.1 2637.8 0.1906685233 -0.9816544652 0.0000932237 0.9080840945 0.1764148921 0.3798170984 -0.3728656173 -0.0723345131 0.9250615835
-238.0 -336.6 2745.9 -0.1222885475 -0.9816544652 -0.1462874115 -0.2914664447 0.1764148921 -0.9401729107 0.9487321973 -0.0723345131 -0.3076928556
97.8 -121.6 2625.3 -0.1586859673 0.8642558455 0.4773684442 -0.8129348159 0.1600171626 -0.5599387884 -0.5603175163 -0.4769238532 0.6771911979
51.7 -357.7 2462.5 -0.4135828316 0.8642558455 0.2863757908 -0.3136889040 0.1600171626 -0.9359453917 -0.8547213078 -0.4769238532 0.2049271017
-178.0 -428.0 2804.2 0.9997482300 0.0085718222 0.0207372811 0.0210541002 -0.0386900268 -0.9990294576 -0.0077611767 0.9992144704 -0.0388607569
-181.3 -412.9 2412.6 0.9997482300 -0.0166863985 0.0150025040 0.0210541002 0.9288093448 -0.3699593842 -0.0077611767 0.3701820970 0.9289267659
0.1 -457.5 2795.4 0.9771777987 -0.1862870604 -0.1020818502 -0.0951873660 0.0456104018 -0.9944139123 0.1899024546 0.9814360738 0.0268372949
73.1 -475.3 2411.1 0.9771777987 0.0000461621 -0.2124231011 -0.0951873660 0.8940772414 -0.4376817346 0.1899024546 0.4479128718 0.8736767769
-210.5 -271.0 2532.6 0 0 0 0 0 0 0 0 0
-53.5 -437.6 2245.0 0 0 0 0 0 0 0 0 0
-174.6 -787.2 2263.4 0 0 0 0 0 0 0 0 0
73.1 -791.6 2252.6 0 0 0 0 0 0 0 0 0
-17.5 76.5 2551.4 22 0.9782500863 0.1431659460 0.1501010656 -0.1920172125 0.8987317681 0.3942215145 -0.0784614906 -0.4144692123 0.9066747427
-45.5 -99.3 2632.5 0.9782500863 0.1431659460 0.1501010656 -0.1920172125 0.8987317681 0.3942215145 -0.0784614906 -0.4144692123 0.9066747427
-73.4 -271.7 2720.8 0.9773560762 0.1431326568 0.1558464468 -0.1975743771 0.8809762001 0.4299363494 -0.0757590756 -0.4509921670 0.8893068433
-184.6 -71.1 2643.2 0.2002100348 -0.9787651896 0.0439851098 0.8952549100 0.2009974718 0.3976413012 -0.3980383575 -0.0402338952 0.9164860845
-242.7 -330.7 2758.7 -0.0948563367 -0.9787651896 -0.1817168891 -0.2701137960 0.2009974718 -0.9416148663 0.9581444860 -0.0402338952 -0.2834438682
93.7 -127.5 2621.8 -0.1541349143 0.8672997355 0.4733218253 -0.8111476898 0.1624558568 -0.5618251562 -0.5641646981 -0.4705308080 0.6784681082
49.3 -360.8 2459.5 -0.3953073621 0.8672997355 0.3025280833 -0.3496928513 0.1624558568 -0.9226716757 -0.8493803740 -0.4705308080 0.2390685230
-184.5 -431.9 2803.2 0.9998263717 -0.0057057240 0.0177394077 0.0175394844 -0.0333634987 -0.9992893934 0.0062935180 0.9994270205 -0.0332576297
-182.2 -418.8 2411.7 0.9998263717 -0.0186207574 0.0007136494 0.0175394844 0.9274526238 -0.3735290766 0.0062935180 0.3734767139 0.9276182055
-6.5 -462.7 2795.3 0.9719525576 -0.2064367235 -0.1126593351 -0.1075644195 0.0357767716 -0.9935541749 0.2091366500 0.9778056741 0.0125680799
74.3 -476.7 2412.5 0.9719525576 0.0014311722 -0.2351726890 -0.1075644195 0.8919620514 -0.4391281903 0.2091366500 0.4521079659 0.8670987487
-221.4 -270.0 2543.4 0 0 0 0 0 0 0 0 0
-52.6 -451.0 2240.4 0 0 0 0 0 0 0 0 0
-174.9 -785.2 2264.1 0 0 0 0 0 0 0 0 0
73.8 -791.0 2253.2 0 0 0 0 0 0 0 0 0
-18.7 75.0 2548.9 23 0.9774889946 0.1399502158 0.1578898430 -0.1932776868 0.8940650821 0.4040932059 -0.0846108645 -0.4255132675 0.9009880424
-46.2 -100.8 2632.5 0.9774889946 0.1399502158 0.1578898430 -0.1932776868 0.8940650821 0.4040932059 -0.0846108645 -0.4255132675 0.9009880424
-73.3 -272.2 2723.2 0.9766902328 0.1389125735 0.1636443883 -0.1983463913 0.8755122423 0.4406097829 -0.0820664242 -0.4627975523 0.8826571107
-185.3 -72.5 2644.2 0.1966895908 -0.9790900350 0.0519224070 0.8904320598 0.2005449682 0.4085492194 -0.4104192257 -0.0341239981 0.9112582803
-242.4 -330.8 2763.3 -0.0864542648 -0.9790900350 -0.1841423064 -0.2583628297 0.2005449682 -0.9450028539 0.9621716738 -0.0341239981 -0.2702984214
92.9 -129.1 2620.9 -0.1524765939 0.8875797391 0.4346873462 -0.8286210895 0.1249043420 -0.5456976891 -0.5386445522 -0.4433972538 0.7164223194
49.6 -364.7 2467.7 -0.3815279007 0.8875797391 0.2581446767 -0.3400694132 0.1249043420 -0.9320685267 -0.8595284820 -0.4433972538 0.2541842461
-189.6 -426.3 2816.0 0.9996159673 -0.0276852567 0.0011842642 -0.0030493906 -0.1523788869 -0.9883174300 0.0275422800 0.9879342914 -0.1524048001
-178.8 -367.1 2431.8 0.9996159673 -0.0074245324 -0.0266974196 -0.0030493906 0.9281137586 -0.3722842932 0.0275422800 0.3722227514 0.9277346730
-13.0 -462.1 2802.3 0.9634909630 -0.2326120585 -0.1325774491 -0.1377492100 -0.0060571888 -0.9904485941 0.2295872420 0.9725507498 -0.0378781743
77.9 -459.7 2421.9 0.9634909630 0.0184502639 -0.2671043575 -0.1377492100 0.8896190524 -0.4354343712 0.2295872420 0.4563305080 0.8596814275
-222.9 -272.7 2547.0 0 0 0 0 0 0 0 0 0
-49.5 -453.0 2244.5 0 0 0 0 0 0 0 0 0
-175.5 -784.4 2264.4 0 0 0 0 0 0 0 0 0
71.1 -791.5 2251.7 0 0 0 0 0 0 0 0 0
-12.4 84.8 2546.1 24 0.9698654413 0.1624299884 0.1815972626 -0.2224915773 0.8942074776 0.3884463012 -0.0992902964 -0.4171444774 0.9034001827
-44.5 -91.7 2628.4 0.9698654413 0.1624299884 0.1815972626 -0.2224915773 0.8942074776 0.3884463012 -0.0992902964 -0.4171444774 0.9034001827
-76.0 -263.3 2717.2 0.9689258337 0.1607300043 0.1880123019 -0.2276408076 0.8767787218 0.4236021042 -0.0967596099 -0.4532382786 0.8861222267
-182.5 -59.3 2642.2 0.2198278606 -0.9726027846 0.0756274834 0.8890310526 0.2316472232 0.3949219584 -0.4016211033 -0.0195796639 0.9155966043
-246.2 -317.1 2758.7 -0.0831858516 -0.9726027846 -0.2170804441 -0.2681430876 0.2316472232 -0.9351143241 0.9597809315 -0.0195796639 -0.2800664902
93.5 -124.1 2614.6 -0.1571386606 0.8870288134 0.4341512620 -0.8348483443 0.1155336797 -0.5382194519 -0.5275752544 -0.4470255375 0.7223797441
48.0 -365.6 2462.0 -0.3870224655 0.8870288134 0.2517805994 -0.3419161737 0.1155336797 -0.9326013923 -0.8563334346 -0.4470255375 0.2585753500
-188.7 -425.7 2821.2 0.9994941950 -0.0314208977 -0.0049018404 -0.0102989310 -0.1739896536 -0.9846936464 0.0300870892 0.9842460752 -0.1742252558
-176.5 -357.8 2437.1 0.9994941950 -0.0018100770 -0.0317494012 -0.0102989310 0.9261483550 -0.3770188093 0.0300870892 0.3771551251 0.9256612659
-12.2 -461.6 2806.4 0.9693122506 -0.2244049460 -0.1003802195 -0.1184435636 -0.0685041100 -0.9905949235 0.2154179364 0.9720851779 -0.0929811895
75.4 -434.8 2426.6 0.9693122506 0.0111635337 -0.2455791980 -0.1184435636 0.8965821862 -0.4267452955 0.2154179364 0.4427367151 0.8703902960
-227.5 -256.8 2542.9 0 0 0 0 0 0 0 0 0
-53.1 -455.0 2238.3 0 0 0 0 0 0 0 0 0
-175.6 -784.8 2263.3 0 0 0 0 0 0 0 0 0
71.0 -791.3 2250.6 0 0 0 0 0 0 0 0 0
-13.6 83.9 2545.7 25 0.9711921811 0.1681734324 0.1688296497 -0.2227313817 0.8924895525 0.3922412395 -0.0847141445 -0.4185452759 0.9042363167
-46.7 -91.8 2628.1 0.9711921811 0.1681734324 0.1688296497 -0.2227313817 0.8924895525 0.3922412395 -0.0847141445 -0.4185452759 0.9042363167
-79.6 -263.4 2716.4 0.9701234102 0.1682034135 0.1748375446 -0.2283518761 0.8764806390 0.4238361418 -0.0819510445 -0.4510978460 0.8887040019
-184.9 -59.2 2639.7 0.2265259027 -0.9720320106 0.0619657673 0.8888031244 0.2323134542 0.3950435817 -0.3983905017 -0.0344122350 0.9165701270
-250.6 -317.1 2755.3 -0.0978973731 -0.9720320106 -0.2134709507 -0.2676299214 0.2323134542 -0.9350960851 0.9585354924 -0.0344122350 -0.2828877270
91.5 -124.3 2616.4 -0.1639371067 0.8955771923 0.4136013687 -0.8219292164 0.1078384519 -0.5592881441 -0.5454878807 -0.4316391349 0.7184223533
44.8 -358.6 2460.9 -0.3641178608 0.8955771923 0.2556553185 -0.3798354864 0.1078384519 -0.9187468886 -0.8503782749 -0.4316391349 0.3009060919
-194.9 -414.4 2814.7 0.9986723065 -0.0488205142 -0.0164387394 -0.0205783341 -0.0855381489 -0.9961223602 0.0472250655 0.9951380491 -0.0864292234
-175.9 -381.1 2427.3 0.9986723065 0.0013016366 -0.0514973812 -0.0205783341 0.9265330434 -0.3756502271 0.0472250655 0.3762111962 0.9253296256
-19.9 -455.5 2797.2 0.9634048343 -0.2412900627 -0.1167487502 -0.1229891703 -0.0109120719 -0.9923480153 0.2381697446 0.9703916907 -0.0401888080
74.3 -451.2 2418.3 0.9634048343 0.0059771859 -0.2679840326 -0.1229891703 0.8981609941 -0.4221143126 0.2381697446 0.4396260977 0.8660277724
-228.6 -256.9 2539.8 0 0 0 0 0 0 0 0 0
-52.3 -459.8 2234.3 0 0 0 0 0 0 0 0 0
-176.5 -785.7 2263.0 0 0 0 0 0 0 0 0 0
72.0 -791.3 2251.9 0 0 0 0 0 0 0 0 0
-14.5 80.8 2553.0 26 0.9690570235 0.1742408872 0.1748389155 -0.2279075384 0.9036233425 0.3626610041 -0.0947981477 -0.3912862837 0.9153733253
-48.6 -95.9 2629.5 0.9690570235 0.1742408872 0.1748389155 -0.2279075384 0.9036233425 0.3626610041 -0.0947981477 -0.3912862837 0.9153733253
-82.5 -270.1 2712.3 0.9682265520 0.1728143245 0.1807556450 -0.2321986556 0.8896355629 0.3932331800 -0.0928503275 -0.4227100015 0.9014959931
-186.6 -62.9 2642.8 0.2316171676 -0.9704450369 0.0677492097 0.8997856379 0.2401838750 0.3642767668 -0.3697828352 -0.0234129820 0.9288231730
-253.7 -323.8 2750.0 -0.0967172459 -0.9704450369 -0.2210932821 -0.2982136905 0.2401838750 -0.9237858653 0.9495863914 -0.0234129820 -0.3126299083
89.3 -129.0 2616.3 -0.1472331285 0.8773593307 0.4566870034 -0.8225907683 0.1477758288 -0.5490962267 -0.5492420197 -0.4565116763 0.6999502182
48.3 -358.5 2463.1 -0.3817626238 0.8773593307 0.2906852663 -0.3613816500 0.1477758288 -0.9206332564 -0.8506824374 -0.4565116763 0.2606462836
-200.2 -414.4 2812.2 0.9977249503 -0.0638841614 -0.0215354785 -0.0270431526 -0.0866417661 -0.9958724380 0.0617546067 0.9941891432 -0.0881722793
-175.3 -380.6 2423.9 0.9977249503 0.0024906355 -0.0673703179 -0.0270431526 0.9301788807 -0.3661091328 0.0617546067 0.3670981228 0.9281300306
-24.9 -455.7 2797.3 0.9627673626 -0.2476363629 -0.1084215045 -0.1176414117 -0.0226977915 -0.9927967191 0.2433916479 0.9685871601 -0.0509849861
71.9 -446.8 2418.6 0.9627673626 -0.0000174889 -0.2703312635 -0.1176414117 0.9003188014 -0.4190305471 0.2433916479 0.4352310896 0.8667954803
-232.0 -256.8 2536.6 0 0 0 0 0 0 0 0 0
-52.2 -453.5 2239.2 0 0 0 0 0 0 0 0 0
-176.4 -787.1 2263.5 0 0 0 0 0 0 0 0 0
71.9 -791.3 2252.0 0 0 0 0 0 0 0 0 0
-13.5 81.3 2547.6 27 0.9677032828 0.1827005595 0.1736974716 -0.2361019254 0.8983344436 0.3704741001 -0.0883525982 -0.3995193243 0.9124571681
-49.3 -95.0 2626.0 0.9677032828 0.1827005595 0.1736974716 -0.2361019254 0.8983344436 0.3704741001 -0.0883525982 -0.3995193243 0.9124571681
-85.0 -268.4 2709.6 0.9668154120 0.1822243482 0.1790591925 -0.2404430211 0.8859033585 0.3966893256 -0.0863426849 -0.4265789092 0.9003195763
-187.1 -60.7 2638.3 0.2407429516 -0.9683616161 0.0657161623 0.8959124088 0.2477543950 0.3687257767 -0.3733413517 -0.0298922099 0.9272122979
-256.9 -320.6 2746.6 -0.1041034460 -0.9683616161 -0.2268000394 -0.2921924293 0.2477543950 -0.9237106442 0.9506766200 -0.0298922099 -0.3087400198
