129.9 110.8 2339.7 2 0.9682409167 -0.0069719721 0.2499217242 -0.0802356154 0.9380738139 0.3370160460 -0.2367946804 -0.3463653624 0.9077220559
131.3 -78.1 2409.4 0.9682409167 -0.0069719721 0.2499217242 -0.0802356154 0.9380738139 0.3370160460 -0.2367946804 -0.3463653624 0.9077220559
132.0 -264.4 2478.7 0.9682620168 -0.0032911180 0.2499155402 -0.0840916559 0.9373295903 0.3381447196 -0.2353661060 -0.3484285176 0.9073038697
-5.0 -66.2 2442.5 -0.2766576111 -0.8077540994 0.5205706954 0.9327834249 -0.3559639454 -0.0566103682 0.2310316563 0.4699180424 0.8519397974
85.7 -372.0 2366.8 0.2802593112 -0.8077540994 0.5186405182 0.4694088995 -0.3559639454 -0.8080500960 0.8373231292 0.4699180424 0.2794047594
267.6 -89.9 2376.3 0.0541856997 0.6928187609 0.7190730572 -0.9749263525 0.1923618764 -0.1118729785 -0.2158299387 -0.6949813366 0.6858705282
280.2 -316.2 2326.2 -0.5516152978 0.6928187609 0.4644596279 -0.4793748558 0.1923618764 -0.8562690616 -0.6825835705 -0.6949813366 0.2260101438
43.8 -443.0 2569.6 0.8467581272 0.5300039649 0.0457875580 0.1025905162 -0.0782342553 -0.9916423559 -0.5219922066 0.8443785906 -0.1206188723
-173.3 -411.0 2223.7 0.8467581272 -0.1097260490 0.5205390453 0.1025905162 0.9938108325 0.0426050462 -0.5219922066 0.0173262004 0.8527742624
221.5 -458.5 2526.3 0.9816078544 -0.1188561544 0.1493961662 0.1273125559 -0.1755835265 -0.9761977196 0.1422586143 0.9772633314 -0.1572222859
270.9 -385.5 2120.2 0.9816078544 -0.1422155350 -0.1273606718 0.1273125559 0.9847711921 -0.1183940992 0.1422586143 0.1000019684 0.9847649932
12.0 -495.4 2146.6 0 0 0 0 0 0 0 0 0
136.7 -440.8 2148.7 0 0 0 0 0 0 0 0 0
-131.4 -790.9 2217.1 0 0 0 0 0 0 0 0 0
325.2 -762.0 2082.0 0 0 0 0 0 0 0 0 0
130.0 110.5 2339.2 3 0.9683720469 -0.0098877894 0.2493146211 -0.0782656670 0.9367465377 0.3411458135 -0.2369177788 -0.3498688340 0.9063452482
132.0 -77.9 2409.6 0.9683720469 -0.0098877894 0.2493146211 -0.0782656670 0.9367465377 0.3411458135 -0.2369177788 -0.3498688340 0.9063452482
133.3 -264.1 2479.3 0.9683984518 -0.0068295733 0.2493146807 -0.0812219158 0.9364971519 0.3411393762 -0.2358123213 -0.3506086469 0.9063476920
-4.3 -66.5 2442.8 -0.2769057751 -0.8025380969 0.5284465551 0.9335598350 -0.3549380004 -0.0498502068 0.2275724560 0.4795326591 0.8475017548
86.5 -372.7 2368.2 0.2916147709 -0.8025380969 0.5204741955 0.4678345323 -0.3549380004 -0.8094132543 0.8343210816 0.4795326591 0.2719498873
268.3 -89.4 2376.4 0.0504499301 0.6912987232 0.7208057046 -0.9744064212 0.1923721284 -0.1162974536 -0.2190592140 -0.6964905262 0.6833111048
280.0 -316.0 2325.5 -0.5525416732 0.6912987232 0.4656218886 -0.4804016054 0.1923721284 -0.8556910753 -0.6811108589 -0.6964905262 0.2258073986
43.2 -442.2 2570.2 0.8660891652 0.4987355471 0.0339466184 0.0838270634 -0.0779536217 -0.9934265018 -0.4928108454 0.8632416129 -0.1093223318
-162.4 -410.1 2214.4 0.8660891652 -0.1015345603 0.4894693494 0.0838270634 0.9947891831 0.0580297187 -0.4928108454 -0.0092281317 0.8700875044
223.5 -457.7 2527.4 0.9812282324 -0.1176478788 0.1528073400 0.1311616004 -0.1737613976 -0.9760141373 0.1413780153 0.9777351022 -0.1550687104
272.4 -385.5 2121.0 0.9812282324 -0.1456960589 -0.1263477951 0.1311616004 0.9844774008 -0.1166226864 0.1413780153 0.0978614986 0.9851067662
9.8 -495.8 2148.8 0 0 0 0 0 0 0 0 0
136.3 -440.9 2148.4 0 0 0 0 0 0 0 0 0
-123.6 -790.3 2217.9 0 0 0 0 0 0 0 0 0
328.1 -761.9 2083.6 0 0 0 0 0 0 0 0 0
129.9 110.4 2331.0 4 0.9739430547 -0.0147750108 0.2263108939 -0.0714370161 0.9270933270 0.3679602146 -0.2152479291 -0.3745392561 0.9018806219
132.9 -77.0 2406.7 0.9739430547 -0.0147750108 0.2263108939 -0.0714370161 0.9270933270 0.3679602146 -0.2152479291 -0.3745392561 0.9018806219
134.7 -261.8 2479.9 0.9739890695 -0.0091821384 0.2264087647 -0.0750053450 0.9297875166 0.3603739440 -0.2138210535 -0.3679821789 0.9049142003
-4.1 -66.5 2436.8 -0.2686546147 -0.8240352869 0.4987891018 0.9390305281 -0.3394128382 -0.0549596474 0.2145841122 0.4536130130 0.8649791479
82.9 -370.8 2367.3 0.2657906711 -0.8240352869 0.5003210902 0.4754824936 -0.3394128382 -0.8116127849 0.8386129737 0.4536130130 0.3016015887
270.0 -87.5 2376.6 0.0429964811 0.6981720924 0.7146376967 -0.9757986069 0.1828505695 -0.1199282706 -0.2144024819 -0.6921859384 0.6891372800
280.0 -316.0 2326.4 -0.5507821441 0.6981720924 0.4573781192 -0.4804886580 0.1828505695 -0.8577274084 -0.6824731827 -0.6921859384 0.2347529233
45.8 -439.4 2572.4 0.8824250102 0.4689621925 0.0374243036 0.0738293231 -0.0594783723 -0.9954956174 -0.4646238685 0.8812132478 -0.0871083662
-148.8 -414.8 2206.6 0.8824250102 -0.1051476374 0.4585521817 0.0738293231 0.9935770035 0.0857556239 -0.4646238685 -0.0418183133 0.8845201135
225.8 -453.5 2533.4 0.9765700102 -0.1367311329 0.1661795676 0.1442289203 -0.1572614014 -0.9769682288 0.1597156078 0.9780457020 -0.1338561922
282.6 -388.1 2127.1 0.9765700102 -0.1578976214 -0.1462169588 0.1442289203 0.9844939113 -0.0998489484 0.1597156078 0.0764207765 0.9842005968
13.1 -495.8 2146.8 0 0 0 0 0 0 0 0 0
136.8 -440.9 2149.0 0 0 0 0 0 0 0 0 0
-108.7 -794.3 2222.6 0 0 0 0 0 0 0 0 0
343.0 -764.4 2097.8 0 0 0 0 0 0 0 0 0
130.8 111.3 2334.9 5 0.9721661806 -0.0093969535 0.2341037393 -0.0753051564 0.9336438775 0.3501974642 -0.2218603045 -0.3580793440 0.9069494009
132.7 -77.3 2407.2 0.9721661806 -0.0093969535 0.2341037393 -0.0753051564 0.9336438775 0.3501974642 -0.2218603045 -0.3580793440 0.9069494009
134.2 -262.9 2478.5 0.9721809626 -0.0076850737 0.2341049165 -0.0769179612 0.9335609078 0.3500680923 -0.2212415040 -0.3583364189 0.9069989920
-4.1 -66.5 2438.4 -0.2728386819 -0.8157630563 0.5099898577 0.9369418025 -0.3456496596 -0.0516368672 0.2184012830 0.4637422860 0.8586291075
85.2 -373.0 2366.9 0.2718987465 -0.8157630563 0.5104916096 0.4784905612 -0.3456496596 -0.8072007895 0.8349358439 0.4637422860 0.2963531911
269.6 -88.1 2376.1 0.0461747162 0.6907493472 0.7216184735 -0.9763543010 0.1839300096 -0.1135872304 -0.2111876011 -0.6993104815 0.6829090118
280.3 -315.3 2326.9 -0.5417839289 0.6907493472 0.4788898826 -0.5088486075 0.1839300096 -0.8409773111 -0.6689867377 -0.6993104815 0.2518364787
47.1 -438.1 2573.5 0.8761010170 0.4798047543 0.0472692028 0.0882357508 -0.0631786138 -0.9940940142 -0.4739846289 0.8750976324 -0.0976867825
-152.6 -411.8 2209.2 0.8761010170 -0.1089267507 0.4696615040 0.0882357508 0.9939159155 0.0659210905 -0.4739846289 -0.0163126029 0.8803820014
224.9 -455.5 2529.4 0.9782378078 -0.1307274103 0.1611246467 0.1385154128 -0.1667088568 -0.9762282968 0.1544807106 0.9773016572 -0.1449731439
279.2 -386.2 2123.3 0.9782378078 -0.1532177329 -0.1399111599 0.1385154128 0.9842959046 -0.1094306782 0.1544807106 0.0876693726 0.9840984941
13.7 -498.8 2147.4 0 0 0 0 0 0 0 0 0
139.5 -447.5 2153.1 0 0 0 0 0 0 0 0 0
-111.0 -791.5 2215.5 0 0 0 0 0 0 0 0 0
337.8 -762.5 2089.8 0 0 0 0 0 0 0 0 0
128.4 110.4 2336.8 6 0.9719354510 -0.0190130193 0.2344780862 -0.0659507811 0.9347367287 0.3491672277 -0.2258140147 -0.3548320234 0.9072498083
132.3 -78.7 2408.6 0.9719354510 -0.0190130193 0.2344780862 -0.0659507811 0.9347367287 0.3491672277 -0.2258140147 -0.3548320234 0.9072498083
135.3 -264.8 2478.4 0.9719778299 -0.0155327506 0.2345587164 -0.0682469159 0.9361914992 0.3448011577 -0.2249475867 -0.3511470258 0.9088973403
-4.5 -69.1 2440.3 -0.2732675970 -0.8150710464 0.5108659267 0.9346507788 -0.3505743444 -0.0593761429 0.2274922580 0.4612556398 0.8576074243
84.5 -373.7 2366.2 0.2707734406 -0.8150710464 0.5121922493 0.4733371735 -0.3505743444 -0.8081148267 0.8382324576 0.4612556398 0.2908771932
269.1 -88.3 2377.0 0.0470144823 0.6879053712 0.7242761254 -0.9754440188 0.1878057271 -0.1150563508 -0.2151710838 -0.7010815144 0.6798427701
280.0 -316.1 2326.7 -0.5477207899 0.6879053712 0.4762228131 -0.4994616807 0.1878057271 -0.8457345963 -0.6712227464 -0.7010815144 0.2407172471
49.5 -443.0 2570.6 0.8715794086 0.4868954718 0.0572901741 0.1048567072 -0.0709842518 -0.9919507504 -0.4789096415 0.8705710769 -0.1129226685
-151.7 -413.6 2210.8 0.8715794086 -0.1200243086 0.4753351808 0.1048567072 0.9927703738 0.0584127568 -0.4789096415 -0.0010692733 0.8778635263
227.6 -457.2 2527.6 0.9777235389 -0.1262715310 0.1676670015 0.1444060653 -0.1750489622 -0.9739120603 0.1523272991 0.9764288664 -0.1529151201
280.1 -384.4 2121.8 0.9777235389 -0.1600226909 -0.1358287930 0.1444060653 0.9824587703 -0.1179902777 0.1523272991 0.0957473665 0.9836812615
13.3 -498.1 2145.7 0 0 0 0 0 0 0 0 0
137.7 -445.9 2152.3 0 0 0 0 0 0 0 0 0
-105.9 -793.0 2211.2 0 0 0 0 0 0 0 0 0
341.2 -760.0 2085.2 0 0 0 0 0 0 0 0 0
129.5 109.8 2338.3 7 0.9723528624 -0.0234636497 0.2323347181 -0.0598020367 0.9367392063 0.3448817432 -0.2257292122 -0.3492408395 0.9094378352
134.2 -79.3 2408.8 0.9723528624 -0.0234636497 0.2323347181 -0.0598020367 0.9367392063 0.3448817432 -0.2257292122 -0.3492408395 0.9094378352
138.2 -265.8 2477.4 0.9723994136 -0.0201395173 0.2324517071 -0.0618047789 0.9384465218 0.3398503363 -0.2249879241 -0.3448368907 0.9113001227
-2.6 -70.6 2440.5 -0.2778896689 -0.8098187447 0.5166923404 0.9332385659 -0.3550828099 -0.0546076298 0.2276908457 0.4670222998 0.8544279337
87.1 -372.0 2367.0 0.2797086239 -0.8098187447 0.5157099366 0.4660663307 -0.3550828099 -0.8103693128 0.8393719792 0.4670222998 0.2781094909
271.1 -88.0 2377.2 0.0390336365 0.6958630681 0.7171129584 -0.9755021334 0.1820284426 -0.1235362962 -0.2164992988 -0.6947231293 0.6859211326
280.2 -316.0 2326.5 -0.5443460941 0.6958630681 0.4684676230 -0.4973193407 0.1820284426 -0.8482565284 -0.6755447984 -0.6947231293 0.2469796836
53.2 -445.9 2567.4 0.8700358868 0.4888248146 0.0639363527 0.1158832833 -0.0767284632 -0.9902948141 -0.4791749418 0.8690011501 -0.1234031469
-148.2 -414.3 2209.5 0.8700358868 -0.1270524263 0.4763352275 0.1158832833 0.9918535352 0.0528929606 -0.4791749418 0.0091805160 0.8776714206
231.4 -458.1 2525.3 0.9769159555 -0.1257411540 0.1726972163 0.1483695358 -0.1822479665 -0.9719939232 0.1536933631 0.9751793742 -0.1593847871
283.7 -382.3 2120.0 0.9769159555 -0.1650794148 -0.1355874538 0.1483695358 0.9809595942 -0.1253187954 0.1536933631 0.1023088917 0.9828078151
13.6 -494.5 2146.2 0 0 0 0 0 0 0 0 0
138.7 -445.3 2150.9 0 0 0 0 0 0 0 0 0
-99.6 -793.4 2206.0 0 0 0 0 0 0 0 0 0
346.8 -757.3 2080.9 0 0 0 0 0 0 0 0 0
130.1 113.1 2338.5 8 0.9712466598 -0.0251110569 0.2367475182 -0.0602072701 0.9361910820 0.3462965786 -0.2303368002 -0.3505933285 0.9077605605
135.2 -76.1 2409.4 0.9712466598 -0.0251110569 0.2367475182 -0.0602072701 0.9361910820 0.3462965786 -0.2303368002 -0.3505933285 0.9077605605
139.2 -262.6 2478.2 0.9713225365 -0.0204437245 0.2368852496 -0.0633288398 0.9380621910 0.3406299651 -0.2291768491 -0.3458632231 0.9098662734
-1.5 -67.2 2441.7 -0.2770140171 -0.8058742881 0.5232875347 0.9327604771 -0.3562894464 -0.0549158752 0.2306971252 0.4728894532 0.8503848314
88.6 -370.8 2366.6 0.2870923281 -0.8058742881 0.5178267956 0.4633744061 -0.3562894464 -0.8113827705 0.8383687735 0.4728894532 0.2711335719
271.9 -85.0 2377.2 0.0347235650 0.7011468410 0.7121708989 -0.9761493206 0.1766006202 -0.1262724549 -0.2143053561 -0.6908005476 0.6905561686
280.1 -316.3 2326.4 -0.5427221656 0.7011468410 0.4624346495 -0.4961684346 0.1766006202 -0.8500759602 -0.6776942611 -0.6908005476 0.2520418465
54.2 -442.9 2568.4 0.8674965501 0.4934543371 0.0628691986 0.1158749983 -0.0775473416 -0.9902319908 -0.4837589562 0.8663077950 -0.1244510710
-148.7 -411.0 2212.2 0.8674965501 -0.1267072707 0.4810353518 0.1158749983 0.9918859601 0.0522997007 -0.4837589562 0.0103701614 0.8751398325
232.4 -454.9 2525.9 0.9777680635 -0.1216972023 0.1707611531 0.1473055333 -0.1809244603 -0.9724029303 0.1492335796 0.9759386182 -0.1589754820
283.0 -379.7 2120.3 0.9777680635 -0.1633836776 -0.1314357519 0.1473055333 0.9812893867 -0.1239847019 0.1492335796 0.1018670723 0.9835407734
13.1 -492.7 2146.1 0 0 0 0 0 0 0 0 0
139.0 -445.3 2150.2 0 0 0 0 0 0 0 0 0
-100.2 -790.1 2208.2 0 0 0 0 0 0 0 0 0
345.4 -754.9 2081.4 0 0 0 0 0 0 0 0 0
131.1 112.7 2339.7 9 0.9731225967 -0.0254350770 0.2288787365 -0.0568038560 0.9366600513 0.3456028402 -0.2231719941 -0.3493151367 0.9100401998
136.3 -76.2 2410.1 0.9731225967 -0.0254350770 0.2288787365 -0.0568038560 0.9366600513 0.3456028402 -0.2231719941 -0.3493151367 0.9100401998
140.4 -262.7 2478.7 0.9732025862 -0.0208172891 0.2290050387 -0.0600477643 0.9383315444 0.3404822946 -0.2219705731 -0.3451094925 0.9119367003
-0.7 -67.7 2441.3 -0.2798994780 -0.7942771316 0.5392403603 0.9315895438 -0.3604180217 -0.0473264828 0.2319422811 0.4891040027 0.8408210874
90.4 -370.9 2365.8 0.3026518822 -0.7942771316 0.5268070698 0.4633207917 -0.3604180217 -0.8095879555 0.8329079747 0.4891040027 0.2589239180
273.2 -84.6 2378.9 0.0327474847 0.6988499165 0.7145183086 -0.9754185081 0.1782173961 -0.1296043843 -0.2179135978 -0.6927101612 0.6875072718
280.9 -312.7 2327.9 -0.5397298932 0.6988499165 0.4693617523 -0.5041152239 0.1782173961 -0.8450481296 -0.6742102504 -0.6927101612 0.2561116219
55.3 -443.5 2567.9 0.8704193234 0.4876895845 0.0672982633 0.1199231222 -0.0774559826 -0.9897570610 -0.4774815738 0.8695743084 -0.1259044409
-145.1 -411.7 2210.6 0.8704193234 -0.1304156780 0.4747230113 0.1199231222 0.9913954735 0.0524729267 -0.4774815738 0.0112568187 0.8785696626
233.8 -454.8 2526.9 0.9761547446 -0.1284136325 0.1750197411 0.1502435207 -0.1822708845 -0.9717016816 0.1566807479 0.9748268127 -0.1586312652
287.2 -379.0 2121.8 0.9761547446 -0.1672416925 -0.1383914351 0.1502435207 0.9806697965 -0.1253542453 0.1566807479 0.1015727222 0.9824123979
10.8 -492.7 2146.8 0 0 0 0 0 0 0 0 0
140.6 -443.8 2152.6 0 0 0 0 0 0 0 0 0
-95.2 -790.7 2206.3 0 0 0 0 0 0 0 0 0
351.2 -754.0 2083.0 0 0 0 0 0 0 0 0 0
130.1 111.3 2339.7 0 0.9721089602 -0.0250451230 0.2331886441 -0.0585773066 0.9368413091 0.3448145092 -0.2270966768 -0.3488568366 0.9092447162
135.2 -77.4 2410.0 0.9721089602 -0.0250451230 0.2331886441 -0.0585773066 0.9368413091 0.3448145092 -0.2270966768 -0.3488568366 0.9092447162
139.6 -263.9 2478.8 0.9721567631 -0.0221878719 0.2332785875 -0.0604759715 0.9380272627 0.3412441313 -0.2263931483 -0.3458505571 0.9105677009
-1.7 -68.9 2441.9 -0.3010698259 -0.8121843338 0.4997134507 0.9322229624 -0.3610126376 -0.0251035690 0.2007915974 0.4582864344 0.8658269644
94.9 -367.9 2377.4 0.3088372052 -0.8121843338 0.4949506521 0.4003900290 -0.3610126376 -0.8422337770 0.8627325296 0.4582864344 0.2136963755
272.0 -85.9 2378.1 0.0375818089 0.7041212320 0.7090845704 -0.9771168828 0.1745546609 -0.1215451881 -0.2093565613 -0.6882906556 0.6945688128
280.7 -311.6 2329.8 -0.5355210304 0.7041212320 0.4662944973 -0.5059892535 0.1745546609 -0.8446925879 -0.6761598587 -0.6882906556 0.2628000975
54.8 -444.7 2568.4 0.8680943251 0.4919002354 0.0666813776 0.1197138876 -0.0770908222 -0.9898108840 -0.4817476869 0.8672319055 -0.1258093864
-147.2 -413.0 2212.3 0.8680943251 -0.1303755194 0.4789722860 0.1197138876 0.9913988113 0.0528865494 -0.4817476869 0.0114291217 0.8762354255
233.2 -455.9 2526.7 0.9768995643 -0.1239700392 0.1740649939 0.1501567066 -0.1813601255 -0.9718855023 0.1520531327 0.9755715728 -0.1585557014
284.7 -380.5 2121.3 0.9768995643 -0.1665497422 -0.1338968724 0.1501567066 0.9807980657 -0.1244513243 0.1520531327 0.1014709398 0.9831497669
13.1 -474.0 2148.9 0 0 0 0 0 0 0 0 0
141.4 -443.1 2154.0 0 0 0 0 0 0 0 0 0
-97.4 -792.1 2207.9 0 0 0 0 0 0 0 0 0
348.4 -755.5 2082.5 0 0 0 0 0 0 0 0 0
130.3 113.3 2339.3 1 0.9703104496 -0.0211562123 0.2409356982 -0.0647737607 0.9370476604 0.3431414962 -0.2330278009 -0.3485600948 0.9078567624
134.6 -75.7 2409.5 0.9703104496 -0.0211562123 0.2409356982 -0.0647737607 0.9370476604 0.3431414962 -0.2330278009 -0.3485600948 0.9078567624
138.5 -262.1 2478.4 0.9703291059 -0.0196816865 0.2409854978 -0.0656306744 0.9378219247 0.3408556879 -0.2327100933 -0.3465582430 0.9087042212
-2.0 -66.4 2442.3 -0.3058735728 -0.7889219522 0.5329573750 0.9292548895 -0.3692031801 -0.0132055236 0.2071876824 0.4912140071 0.8460390568
97.6 -368.9 2374.9 0.3231475949 -0.7889219522 0.5226641297 0.4306541681 -0.3692031801 -0.8235448003 0.8426818252 0.4912140071 0.2204453796
271.1 -84.9 2376.8 0.0453324839 0.7095094323 0.7032362819 -0.9791514874 0.1710916311 -0.1094991341 -0.1980085224 -0.6836109757 0.7024732232
281.6 -310.8 2331.1 -0.5348978043 0.7095094323 0.4587817490 -0.5008019209 0.1710916311 -0.8484839797 -0.6805011630 -0.6836109757 0.2638071775
53.4 -442.5 2568.8 0.8654425144 0.4972936511 0.0608956069 0.1150657460 -0.0789940357 -0.9902120233 -0.4876157343 0.8639785647 -0.1255862564
-150.8 -410.0 2214.0 0.8654425144 -0.1253685504 0.4850690365 0.1150657460 0.9920425415 0.0511023141 -0.4876157343 0.0115887150 0.8729814291
232.8 -456.5 2526.6 0.9792665839 -0.1107052714 0.1696504205 0.1477603465 -0.1825450063 -0.9720309377 0.1385777891 0.9769450426 -0.1624023765
278.9 -380.5 2120.0 0.9792665839 -0.1625979692 -0.1208255962 0.1477603465 0.9813392758 -0.1230451390 0.1385777891 0.1026407629 0.9850183129
11.5 -483.6 2150.5 0 0 0 0 0 0 0 0 0
142.5 -441.0 2154.2 0 0 0 0 0 0 0 0 0
-102.9 -789.3 2209.6 0 0 0 0 0 0 0 0 0
341.1 -755.7 2080.7 0 0 0 0 0 0 0 0 0
130.2 113.2 2339.0 2 0.9695317745 -0.0195506439 0.2441841662 -0.0680873245 0.9360253811 0.3452833593 -0.2353130877 -0.3513890207 0.9061751962
134.2 -75.7 2409.9 0.9695317745 -0.0195506439 0.2441841662 -0.0680873245 0.9360253811 0.3452833593 -0.2353130877 -0.3513890207 0.9061751962
137.6 -262.1 2479.0 0.9695531726 -0.0172355641 0.2442736477 -0.0691762567 0.9376142621 0.3407259583 -0.2349070460 -0.3472498655 0.9078745842
-2.3 -65.9 2443.0 -0.2884101272 -0.7955571413 0.5328305960 0.9307299852 -0.3636096418 -0.0391124114 0.2248584926 0.4846409857 0.8453175426
93.5 -374.9 2368.3 0.3197947741 -0.7955571413 0.5146067739 0.4273945689 -0.3636096418 -0.8277209401 0.8456152678 0.4846409857 0.2237363309
270.6 -85.4 2376.9 0.0511101000 0.6975679398 0.7146934867 -0.9776335359 0.1811337769 -0.1068796217 -0.2040109187 -0.6932456493 0.6912235618
282.4 -310.5 2329.9 -0.5432041883 0.6975679398 0.4672560692 -0.4972501099 0.1811337769 -0.8484885693 -0.6765142679 -0.6932456493 0.2484730929
52.1 -442.1 2569.6 0.8646646142 0.4990796447 0.0572244562 0.1117934212 -0.0801138133 -0.9904968739 -0.4897523522 0.8628448844 -0.1250654012
-152.8 -409.2 2215.4 0.8646646142 -0.1219637990 0.4873191714 0.1117934212 0.9924711585 0.0500323772 -0.4897523522 0.0112178540 0.8717893958
230.7 -455.8 2526.8 0.9800508618 -0.1087827161 0.1663327664 0.1453522146 -0.1784680933 -0.9731504917 0.1355470419 0.9779138565 -0.1590960026
275.9 -381.6 2120.1 0.9800508618 -0.1598191857 -0.1181443855 0.1453522146 0.9817851186 -0.1223547682 0.1355470419 0.1027413532 0.9854294658
8.0 -489.1 2142.4 0 0 0 0 0 0 0 0 0
141.2 -439.7 2154.0 0 0 0 0 0 0 0 0 0
-106.2 -788.6 2211.1 0 0 0 0 0 0 0 0 0
337.0 -756.9 2080.8 0 0 0 0 0 0 0 0 0
129.7 111.4 2338.9 3 0.9706332088 -0.0186533295 0.2398399860 -0.0671492293 0.9363533258 0.3445771635 -0.2310024798 -0.3505631089 0.9076030850
133.5 -77.4 2409.6 0.9706332088 -0.0186533295 0.2398399860 -0.0671492293 0.9363533258 0.3445771635 -0.2310024798 -0.3505631089 0.9076030850
136.7 -263.8 2478.7 0.9706642628 -0.0160046853 0.2399057895 -0.0688266233 0.9375333786 0.3410191238 -0.2303775996 -0.3475269973 0.9089285731
-3.1 -67.7 2442.0 -0.2896716297 -0.7921627164 0.5371857882 0.9300186038 -0.3655833304 -0.0376061648 0.2261763811 0.4886993468 0.8426252007
92.1 -373.5 2367.6 0.3120148480 -0.7921627164 0.5245235562 0.4455948174 -0.3655833304 -0.8171867132 0.8391019106 0.4886993468 0.2389161587
270.1 -87.1 2377.2 0.0557669513 0.6880744100 0.7234940529 -0.9758436680 0.1908640116 -0.1063019261 -0.2112326026 -0.7000889778 0.6820969582
283.1 -314.3 2328.0 -0.5549575686 0.6880744100 0.4675208330 -0.4831879139 0.1908640116 -0.8544591069 -0.6771643162 -0.7000889778 0.2265478224
50.8 -443.8 2568.9 0.8668684959 0.4951233566 0.0582401752 0.1121001393 -0.0797573179 -0.9904909730 -0.4857701063 0.8651540875 -0.1246424988
-152.5 -411.1 2213.8 0.8668684959 -0.1224518642 0.4832645059 0.1121001393 0.9924188852 0.0503812470 -0.4857701063 0.0105001042 0.8740235567
229.3 -456.9 2526.8 0.9793289900 -0.1131281853 0.1676804125 0.1462240517 -0.1768341511 -0.9733181596 0.1397613436 0.9777175784 -0.1566367596
276.3 -383.4 2120.5 0.9793289900 -0.1611307561 -0.1222766712 0.1462240517 0.9816448689 -0.1224413663 0.1397613436 0.1020305902 0.9849144816
8.6 -492.7 2143.1 0 0 0 0 0 0 0 0 0
138.8 -439.9 2152.0 0 0 0 0 0 0 0 0 0
-105.6 -790.5 2209.8 0 0 0 0 0 0 0 0 0
337.9 -758.8 2081.4 0 0 0 0 0 0 0 0 0
129.3 110.0 2338.3 4 0.9718531966 -0.0223408584 0.2345255166 -0.0625706315 0.9352626204 0.3483801782 -0.2271260619 -0.3532488048 0.9075400829
133.9 -78.6 2409.6 0.9718531966 -0.0223408584 0.2345255166 -0.0625706315 0.9352626204 0.3483801782 -0.2271260619 -0.3532488048 0.9075400829
137.6 -264.9 2478.9 0.9718992114 -0.0188839696 0.2346386462 -0.0646602362 0.9370186329 0.3432421088 -0.2263425589 -0.3487685323 0.9094666243
-2.9 -69.5 2441.5 -0.2897491753 -0.7921689749 0.5371347070 0.9295690060 -0.3665618300 -0.0391653143 0.2279186249 0.4879556596 0.8425866961
91.0 -371.0 2367.5 0.3029604256 -0.7921689749 0.5297955275 0.4578736126 -0.3665618300 -0.8099285364 0.8358030319 0.4879556596 0.2516595423
270.6 -87.7 2377.7 0.0492698923 0.6901532412 0.7219840288 -0.9742837548 0.1923401952 -0.1173728853 -0.2198718339 -0.6976343989 0.6818816662
282.1 -314.2 2326.6 -0.5525859594 0.6901532412 0.4672656953 -0.4824013412 0.1923401952 -0.8545725346 -0.6796599627 -0.6976343989 0.2266463637
52.2 -445.3 2569.1 0.8683099747 0.4919674993 0.0632911399 0.1154941991 -0.0764350519 -0.9903629422 -0.4823887348 0.8672517538 -0.1231887117
-149.8 -413.9 2213.1 0.8683099747 -0.1270512640 0.4794744849 0.1154941991 0.9918572903 0.0536670275 -0.4823887348 0.0087769041 0.8759132624
230.7 -457.4 2527.6 0.9780604243 -0.1162402481 0.1728755981 0.1511044204 -0.1754076183 -0.9728307128 0.1434057802 0.9776095152 -0.1539948285
279.0 -384.5 2121.4 0.9780604243 -0.1662541926 -0.1255281270 0.1511044204 0.9809731245 -0.1218980178 0.1434057802 0.1002557725 0.9845727682
9.9 -493.7 2143.7 0 0 0 0 0 0 0 0 0
138.4 -439.6 2150.0 0 0 0 0 0 0 0 0 0
-101.2 -793.1 2209.7 0 0 0 0 0 0 0 0 0
342.6 -759.6 2083.1 0 0 0 0 0 0 0 0 0
130.8 110.4 2339.1 5 0.9697680473 -0.0183157548 0.2433401793 -0.0685439184 0.9365896583 0.3436590433 -0.2342042774 -0.3499490321 0.9070193172
134.5 -78.3 2409.6 0.9697680473 -0.0183157548 0.2433401793 -0.0685439184 0.9365896583 0.3436590433 -0.2342042774 -0.3499490321 0.9070193172
137.5 -264.7 2478.7 0.9698071480 -0.0153591949 0.2433890104 -0.0707185119 0.9374209046 0.3409412205 -0.2333945334 -0.3478593230 0.9080313444
-2.0 -68.3 2442.4 -0.2863528132 -0.7925768495 0.5383530855 0.9305021167 -0.3639915884 -0.0409385636 0.2284029424 0.4892157912 0.8417243958
91.5 -372.0 2367.9 0.3036665022 -0.7925768495 0.5287802815 0.4601195157 -0.3639915884 -0.8098148704 0.8343120813 0.4892157912 0.2541480362
271.0 -88.3 2376.7 0.0466898158 0.6920180917 0.7203686237 -0.9755017161 0.1867907792 -0.1162135676 -0.2149801254 -0.6972948909 0.6837860942
281.9 -315.5 2326.7 -0.5554014444 0.6920180917 0.4611292183 -0.4792653024 0.1867907792 -0.8575627804 -0.6795836687 -0.6972948909 0.2279164046
51.6 -444.5 2569.3 0.8655396104 0.4976985157 0.0560118668 0.1103215814 -0.0803700238 -0.9906411171 -0.4885389507 0.8636184335 -0.1244703233
-152.7 -411.6 2214.8 0.8655396104 -0.1205965281 0.4861045480 0.1103215814 0.9926460981 0.0498287193 -0.4885389507 0.0104990900 0.8724789023
229.7 -457.6 2526.5 0.9800163507 -0.1102854386 0.1655446142 0.1447907686 -0.1751472354 -0.9738373160 0.1363947541 0.9783458114 -0.1556788534
275.5 -384.9 2120.1 0.9800163507 -0.1593085527 -0.1191162467 0.1447907686 0.9819144607 -0.1219820902 0.1363947541 0.1022975147 0.9853586555
10.1 -495.3 2144.3 0 0 0 0 0 0 0 0 0
137.5 -440.1 2150.0 0 0 0 0 0 0 0 0 0
-106.6 -791.1 2210.8 0 0 0 0 0 0 0 0 0
336.4 -760.3 2081.0 0 0 0 0 0 0 0 0 0
129.2 112.0 2339.9 6 0.9693831801 -0.0288743712 0.2438493222 -0.0580194555 0.9380101562 0.3417173326 -0.2386000007 -0.3454030454 0.9076159596
135.0 -77.1 2409.5 0.9693831801 -0.0288743712 0.2438493222 -0.0580194555 0.9380101562 0.3417173326 -0.2386000007 -0.3454030454 0.9076159596
140.4 -263.6 2478.3 0.9694410563 -0.0267985985 0.2438561618 -0.0599699579 0.9379714131 0.3414868116 -0.2378814816 -0.3456753790 0.9077008963
-1.4 -68.7 2443.0 -0.2841789722 -0.7917694449 0.5406879187 0.9302700758 -0.3641833961 -0.0443621911 0.2320342064 0.4903790057 0.8400527239
91.3 -372.1 2367.3 0.3056503236 -0.7917694449 0.5288468599 0.4588604569 -0.3641833961 -0.8104428053 0.8342810869 0.4903790057 0.2519989014
271.5 -85.6 2376.1 0.0438318253 0.6846178770 0.7275830507 -0.9743729830 0.1901285201 -0.1202018708 -0.2206266522 -0.7036685944 0.6754068136
281.8 -315.8 2323.9 -0.5601575971 0.6846178770 0.4663923085 -0.4804691970 0.1901285201 -0.8561545014 -0.6748131514 -0.7036685944 0.2224358618
51.3 -444.2 2569.5 0.8641139865 0.5004719496 0.0532429256 0.1091635600 -0.0831021592 -0.9905439615 -0.4913148880 0.8617550731 -0.1264430434
-154.1 -410.1 2215.7 0.8641139865 -0.1128363088 0.4904844165 0.1091635600 0.9933642745 0.0362046137 -0.4913148880 0.0222581103 0.8706975579
234.7 -455.6 2525.2 0.9790388942 -0.1040130779 0.1751115918 0.1548682749 -0.1782301962 -0.9717251658 0.1322823018 0.9784759879 -0.1583859771
277.9 -381.6 2118.7 0.9790388942 -0.1692362279 -0.1133220568 0.1548682749 0.9799352884 -0.1254696846 0.1322823018 0.1052897051 0.9856041074
9.4 -495.1 2143.7 0 0 0 0 0 0 0 0 0
136.2 -440.7 2148.5 0 0 0 0 0 0 0 0 0
-111.0 -789.8 2207.2 0 0 0 0 0 0 0 0 0
342.6 -756.2 2078.5 0 0 0 0 0 0 0 0 0
128.4 111.6 2339.3 7 0.9726470709 -0.0344919190 0.2297127396 -0.0488497391 0.9364268184 0.3474457264 -0.2270932496 -0.3491635025 0.9091278911
135.4 -77.3 2409.8 0.9726470709 -0.0344919190 0.2297127396 -0.0488497391 0.9364268184 0.3474457264 -0.2270932496 -0.3491635025 0.9091278911
141.5 -263.6 2478.7 0.9727411866 -0.0309618860 0.2298172116 -0.0515434183 0.9373868108 0.3444549143 -0.2260926068 -0.3469110429 0.9102389216
-1.5 -70.0 2441.6 -0.2871000767 -0.7917115688 0.5392274857 0.9297879338 -0.3657039106 -0.0418929420 0.2303647399 0.4893397689 0.8411175013
90.9 -369.4 2367.4 0.2987920344 -0.7917115688 0.5328377485 0.4668602049 -0.3657039106 -0.8051721454 0.8323249817 0.4893397689 0.2603492141
272.3 -84.5 2377.9 0.0428436510 0.6834185123 0.7287685275 -0.9736107588 0.1922191530 -0.1230199710 -0.2241574079 -0.7042662501 0.6736189723
282.4 -315.2 2324.8 -0.5600106120 0.6834185123 0.4683238864 -0.4808396697 0.1922191530 -0.8554794192 -0.6746712923 -0.7042662501 0.2209699452
55.7 -445.1 2568.8 0.8641501665 0.5001876950 0.0552876890 0.1104537845 -0.0813366249 -0.9905474782 -0.4909627438 0.8620885015 -0.1255346835
-150.8 -411.5 2212.9 0.8641501665 -0.1129797101 0.4903876483 0.1104537845 0.9932925105 0.0342040397 -0.4909627438 0.0246077441 0.8708329797
236.9 -454.7 2527.0 0.9759480357 -0.1142433286 0.1856715679 0.1637256444 -0.1782478392 -0.9702688456 0.1439422965 0.9773311615 -0.1552560627
284.4 -380.7 2121.0 0.9759480357 -0.1792264134 -0.1241102964 0.1637256444 0.9784837365 -0.1255529225 0.1439422965 0.1022130847 0.9842932224
10.8 -494.6 2144.3 0 0 0 0 0 0 0 0 0
136.8 -440.2 2149.4 0 0 0 0 0 0 0 0 0
-107.6 -791.2 2203.5 0 0 0 0 0 0 0 0 0
352.9 -754.7 2082.0 0 0 0 0 0 0 0 0 0
128.3 109.9 2332.1 8 0.9741663933 -0.0405728556 0.2221569717 -0.0454990305 0.9282948971 0.3690507710 -0.2212006152 -0.3696247935 0.9024676085
136.5 -78.1 2406.9 0.9741663933 -0.0405728556 0.2221569717 -0.0454990305 0.9282948971 0.3690507710 -0.2212006152 -0.3696247935 0.9024676085
143.3 -263.0 2479.3 0.9743410349 -0.0344281085 0.2224281132 -0.0498281308 0.9307169318 0.3623301685 -0.2194919437 -0.3641163111 0.9051201940
-0.7 -71.0 2437.8 -0.2866118550 -0.7965783477 0.5322749019 0.9329223037 -0.3584587872 -0.0341062844 0.2179669440 0.4867958426 0.8458842635
91.6 -371.3 2367.6 0.3016801476 -0.7965783477 0.5238816738 0.4621030390 -0.3584587872 -0.8111523390 0.8339363933 0.4867958426 0.2599613965
273.6 -85.1 2376.0 0.0384214222 0.6902575493 0.7225429416 -0.9766498208 0.1788921654 -0.1189650968 -0.2113738358 -0.7011006474 0.6810132265
282.5 -312.7 2326.7 -0.5514113307 0.6902575493 0.4684976935 -0.4973308444 0.1788921654 -0.8489167094 -0.6697817445 -0.7011006474 0.2446432114
57.9 -445.5 2568.4 0.8623614311 0.5048358440 0.0383859687 0.0927485377 -0.0829878524 -0.9922251105 -0.4977252483 0.8592169881 -0.1183883175
-153.3 -410.8 2209.0 0.8623614311 -0.1124763191 0.4936413467 0.0927485377 0.9936068058 0.0643675253 -0.4977252483 -0.0097235544 0.8672802448
239.5 -452.6 2531.5 0.9740954638 -0.1190215424 0.1922808290 0.1721507311 -0.1610632539 -0.9718141556 0.1466362029 0.9797410369 -0.1364013404
289.0 -385.7 2124.6 0.9740954638 -0.1855795085 -0.1292218715 0.1721507311 0.9790882468 -0.1083986908 0.1466362029 0.0833450332 0.9856730700
10.7 -495.2 2144.1 0 0 0 0 0 0 0 0 0
139.2 -442.0 2152.6 0 0 0 0 0 0 0 0 0
-110.3 -790.4 2212.7 0 0 0 0 0 0 0 0 0
359.9 -760.0 2092.8 0 0 0 0 0 0 0 0 0
128.1 109.1 2335.9 9 0.9749379158 -0.0399223529 0.2188657671 -0.0417192280 0.9335100651 0.3561158776 -0.2185303867 -0.3563217819 0.9084488153
136.2 -79.6 2407.9 0.9749379158 -0.0399223529 0.2188657671 -0.0417192280 0.9335100651 0.3561158776 -0.2185303867 -0.3563217819 0.9084488153
143.4 -265.6 2477.7 0.9750132561 -0.0365576074 0.2191179991 -0.0435600691 0.9357545972 0.3499511480 -0.2178340554 -0.3507518172 0.9107807279
-1.1 -73.4 2438.6 -0.2868383825 -0.7892111540 0.5430188179 0.9311497808 -0.3628981411 -0.0355674252 0.2251307368 0.4954297543 0.8389669061
91.2 -372.9 2366.2 0.3089933097 -0.7892111540 0.5307248235 0.4625272751 -0.3628981411 -0.8089334965 0.8310184479 0.4954297543 0.2528986037
273.4 -85.7 2377.3 0.0318640471 0.7010090947 0.7124401331 -0.9770866632 0.1719279438 -0.1254689544 -0.2104432434 -0.6921178102 0.6904249787
280.8 -312.4 2328.5 -0.5414863229 0.7010090947 0.4640892148 -0.5032436848 0.1719279438 -0.8468686938 -0.6734525561 -0.6921178102 0.2596817911
59.8 -448.6 2565.7 0.8614079952 0.5068459511 0.0329157449 0.0957661420 -0.0984319821 -0.9905251265 -0.4988036454 0.8563984632 -0.1333287805
-155.4 -406.8 2202.1 0.8614079952 -0.1124673113 0.4953052998 0.0957661420 0.9936494231 0.0590733811 -0.4988036454 -0.0034528049 0.8667081594
240.2 -455.6 2527.4 0.9731845856 -0.1207720637 0.1957699358 0.1731737107 -0.1755051464 -0.9691278338 0.1514022052 0.9770424962 -0.1498843580
290.3 -382.7 2121.6 0.9731845856 -0.1889759600 -0.1311481744 0.1731737107 0.9771785736 -0.1230157167 0.1514022052 0.0970055908 0.9837008119
8.4 -496.9 2143.4 0 0 0 0 0 0 0 0 0
140.0 -443.2 2153.4 0 0 0 0 0 0 0 0 0
-112.4 -786.5 2203.4 0 0 0 0 0 0 0 0 0
362.6 -756.2 2084.6 0 0 0 0 0 0 0 0 0
129.7 111.0 2336.9 0 0.9730673432 -0.0354194492 0.2277836055 -0.0469983257 0.9368887544 0.3464543521 -0.2256791145 -0.3478288651 0.9099912047
136.8 -78.5 2407.2 0.9730673432 -0.0354194492 0.2277836055 -0.0469983257 0.9368887544 0.3464543521 -0.2256791145 -0.3478288651 0.9099912047
143.6 -264.7 2476.3 0.9731065035 -0.0342543609 0.2277945280 -0.0480512716 0.9369440079 0.3461602926 -0.2252882272 -0.3477966487 0.9101004004
-0.1 -71.7 2438.9 -0.2830619514 -0.7996810675 0.5295149684 0.9332727790 -0.3569197655 -0.0401272140 0.2210833430 0.4828234315 0.8473509550
92.8 -378.1 2366.3 0.3120810390 -0.7996810675 0.5129479766 0.4399002194 -0.3569197655 -0.8240728378 0.8420767188 0.4828234315 0.2403919846
273.8 -85.2 2375.5 0.0282529108 0.7109850645 0.7026393414 -0.9792782664 0.1607059389 -0.1232382730 -0.2005388886 -0.6845976114 0.7007926106
280.3 -312.1 2329.0 -0.5371851325 0.7109850645 0.4537977874 -0.5041258335 0.1607059389 -0.8485462666 -0.6762316823 -0.6845976114 0.2720970809
60.8 -450.1 2564.3 0.8557207584 0.5162967443 0.0343456566 0.1006322801 -0.1009461433 -0.9897893667 -0.5075579882 0.8504396081 -0.1383378357
-156.6 -407.6 2206.3 0.8557207584 -0.1148302779 0.5045353770 0.1006322801 0.9933794737 0.0554111861 -0.5075579882 0.0033560449 0.8616110682
239.7 -455.4 2524.8 0.9751985073 -0.1143488288 0.1895051152 0.1676028818 -0.1776905954 -0.9697088599 0.1445583552 0.9774202704 -0.1541184187
287.2 -381.6 2118.9 0.9751985073 -0.1830655783 -0.1243979111 0.1676028818 0.9778774381 -0.1251597703 0.1445583552 0.1012061760 0.9843069315
9.2 -496.0 2140.6 0 0 0 0 0 0 0 0 0
140.7 -443.1 2153.2 0 0 0 0 0 0 0 0 0
-112.7 -787.3 2205.0 0 0 0 0 0 0 0 0 0
357.2 -755.4 2080.2 0 0 0 0 0 0 0 0 0
130.4 111.1 2337.3 1 0.9715695977 -0.0351506174 0.2341301143 -0.0505830087 0.9352639318 0.3503181040 -0.2312873453 -0.3522014320 0.9068959951
137.6 -77.9 2408.5 0.9715695977 -0.0351506174 0.2341301143 -0.0505830087 0.9352639318 0.3503181040 -0.2312873453 -0.3522014320 0.9068959951
144.2 -264.1 2477.7 0.9715886712 -0.0335507393 0.2342858315 -0.0511015058 0.9368141890 0.3460749090 -0.2310933620 -0.3482148051 0.9084835052
0.8 -70.7 2441.0 -0.2810315490 -0.7944312096 0.5384239554 0.9324125648 -0.3588520586 -0.0428025611 0.2272182405 0.4900043905 0.8415863514
92.9 -376.1 2366.6 0.3191092610 -0.7944312096 0.5167672634 0.4398338497 -0.3588520586 -0.8232687116 0.8394733071 0.4900043905 0.2349047065
274.3 -85.0 2376.0 0.0242588911 0.7113509178 0.7024182081 -0.9790900350 0.1588606387 -0.1270667762 -0.2019756883 -0.6846482158 0.7003303766
279.9 -312.1 2329.1 -0.5363527536 0.7113509178 0.4542087317 -0.5068269372 0.1588606387 -0.8472837806 -0.6748719811 -0.6846482158 0.2753264606
61.6 -447.4 2567.2 0.8522680998 0.5216918588 0.0384283513 0.1017883345 -0.0933325142 -0.9904181957 -0.5131064653 0.8480133414 -0.1326464713
-157.3 -408.2 2211.4 0.8522680998 -0.1156540439 0.5101600289 0.1017883345 0.9932772517 0.0551309027 -0.5131064653 0.0049420274 0.8583107591
240.0 -455.0 2525.7 0.9765454531 -0.1089940965 0.1856859922 0.1647907794 -0.1766963452 -0.9703723192 0.1385748833 0.9782119989 -0.1545907855
285.3 -381.6 2119.4 0.9765454531 -0.1795425713 -0.1188421845 0.1647907794 0.9784842730 -0.1241470203 0.1385748833 0.1016511098 0.9851213098
7.3 -494.0 2141.6 0 0 0 0 0 0 0 0 0
140.5 -443.9 2153.7 0 0 0 0 0 0 0 0 0
-113.1 -788.0 2209.5 0 0 0 0 0 0 0 0 0
353.9 -755.7 2080.6 0 0 0 0 0 0 0 0 0
130.8 110.3 2337.5 2 0.9724341035 -0.0321903229 0.2309451550 -0.0521017797 0.9353883862 0.3497627079 -0.2272824049 -0.3521538377 0.9079264402
137.3 -78.6 2408.7 0.9724341035 -0.0321903229 0.2309451550 -0.0521017797 0.9353883862 0.3497627079 -0.2272824049 -0.3521538377 0.9079264402
143.0 -264.9 2477.7 0.9724960923 -0.0288865846 0.2311209738 -0.0540021397 0.9372788072 0.3443722725 -0.2265725136 -0.3473817110 0.9099400043
0.4 -71.0 2440.5 -0.2830490470 -0.7887336016 0.5456945300 0.9305654168 -0.3636071980 -0.0428693369 0.2322309464 0.4956703484 0.8368868828
91.7 -371.0 2365.7 0.3084571064 -0.7887336016 0.5317457318 0.4633732438 -0.3636071980 -0.8081305623 0.8307463527 0.4956703484 0.2533208430
274.2 -86.2 2376.8 0.0291482359 0.7030572891 0.7105355859 -0.9775572419 0.1684249043 -0.1265500188 -0.2086437941 -0.6909005046 0.6921880245
280.9 -312.0 2328.6 -0.5398783088 0.7030572891 0.4628626406 -0.5059491396 0.1684249043 -0.8459600806 -0.6727160215 -0.6909005046 0.2647823095
59.5 -447.2 2567.1 0.8546404839 0.5176929832 0.0397948250 0.1015888676 -0.0915620774 -0.9906039238 -0.5091850162 0.8506528735 -0.1308445036
-157.4 -408.8 2210.8 0.8546404839 -0.1143900007 0.5064628124 0.1015888676 0.9934165478 0.0529455803 -0.5091850162 0.0062015462 0.8606347442
238.0 -456.2 2526.0 0.9764096737 -0.1141666397 0.1832761914 0.1614902169 -0.1773358434 -0.9708104134 0.1433356106 0.9775059819 -0.1547156423
285.4 -382.5 2120.0 0.9764096737 -0.1768627912 -0.1238698438 0.1614902169 0.9789509773 -0.1248035654 0.1433356106 0.1018556431 0.9844187498
9.0 -495.2 2143.0 0 0 0 0 0 0 0 0 0
140.5 -443.5 2153.7 0 0 0 0 0 0 0 0 0
-113.7 -788.6 2208.4 0 0 0 0 0 0 0 0 0
353.0 -756.8 2081.0 0 0 0 0 0 0 0 0 0
132.1 110.1 2338.2 3 0.9706803560 -0.0311125759 0.2383520454 -0.0558620133 0.9352415204 0.3495750427 -0.2337929159 -0.3526404500 0.9060825706
138.4 -78.7 2409.3 0.9706803560 -0.0311125759 0.2383520454 -0.0558620133 0.9352415204 0.3495750427 -0.2337929159 -0.3526404500 0.9060825706
144.0 -265.1 2478.2 0.9707189798 -0.0280992612 0.2385687977 -0.0570848025 0.9377020001 0.3427188993 -0.2333365977 -0.3463023901 0.9086410999
1.8 -70.6 2442.2 -0.2785380185 -0.7940248847 0.5403157473 0.9318538308 -0.3596293330 -0.0481161475 0.2325188071 0.4900931120 0.8400855660
91.9 -372.0 2367.0 0.3057314456 -0.7940248847 0.5254072547 0.4605796039 -0.3596293330 -0.8115005493 0.8333035111 0.4900931120 0.2557616532
275.0 -86.7 2376.5 0.0237280298 0.7091399431 0.7046684027 -0.9774084687 0.1645354778 -0.1326676458 -0.2100228816 -0.6856009364 0.6970235109
280.5 -314.1 2327.6 -0.5434087515 0.7091399431 0.4492521584 -0.4920405447 0.1645354778 -0.8548825383 -0.6801492572 -0.6856009364 0.2595155835
60.4 -446.7 2568.2 0.8512721062 0.5233837366 0.0374874398 0.1001739353 -0.0919709280 -0.9907101393 -0.5150738358 0.8471191525 -0.1307217032
-158.6 -408.2 2213.6 0.8512721062 -0.1119121760 0.5126514435 0.1001739353 0.9936834574 0.0505801775 -0.5150738358 0.0082968222 0.8571056724
238.6 -456.7 2525.6 0.9779202342 -0.1080135778 0.1788996011 0.1580362618 -0.1778880954 -0.9712777138 0.1367352903 0.9781047702 -0.1568903029
283.5 -382.8 2119.4 0.9779202342 -0.1728215665 -0.1174934357 0.1580362618 0.9794497490 -0.1253106147 0.1367352903 0.1039755717 0.9851357937
9.9 -495.5 2143.6 0 0 0 0 0 0 0 0 0
139.3 -442.0 2150.8 0 0 0 0 0 0 0 0 0
-115.8 -788.1 2210.5 0 0 0 0 0 0 0 0 0
349.6 -757.3 2079.6 0 0 0 0 0 0 0 0 0
131.2 111.1 2339.5 4 0.9738871455 -0.0323611759 0.2247143537 -0.0490262657 0.9364590049 0.3473341465 -0.2216759175 -0.3492811620 0.9104188085
137.7 -77.6 2409.9 0.9738871455 -0.0323611759 0.2247143537 -0.0490262657 0.9364590049 0.3473341465 -0.2216759175 -0.3492811620 0.9104188085
143.8 -264.1 2478.3 0.9738994837 -0.0307068769 0.2248929292 -0.0493931919 0.9383916855 0.3420253396 -0.2215401977 -0.3442065120 0.9123824835
0.6 -70.6 2441.0 -0.2759471834 -0.8015434742 0.5304538012 0.9329572916 -0.3561007380 -0.0527534857 0.2311792076 0.4803335667 0.8460708261
89.9 -372.5 2366.2 0.2944194078 -0.8015434742 0.5204280019 0.4641393125 -0.3561007380 -0.8110283613 0.8353992701 0.4803335667 0.2671848536
274.8 -84.5 2378.7 0.0247773826 0.7102186680 0.7035449743 -0.9760516882 0.1693322212 -0.1365639716 -0.2161231041 -0.6833125353 0.6974057555
280.6 -314.6 2327.7 -0.5442646742 0.7102186680 0.4465035498 -0.4835588038 0.1693322212 -0.8587767482 -0.6855267286 -0.6833125353 0.2512709498
60.5 -446.4 2566.9 0.8566872478 0.5136647820 0.0472810231 0.1082331091 -0.0893753916 -0.9900997877 -0.5043536425 0.8533232212 -0.1321622878
-154.4 -409.0 2209.9 0.8566872478 -0.1197621673 0.5017409921 0.1082331091 0.9927560091 0.0521637425 -0.5043536425 0.0096169775 0.8634436727
239.3 -455.2 2526.4 0.9749865532 -0.1186806932 0.1879259795 0.1648015827 -0.1813131571 -0.9695184231 0.1491365731 0.9762378931 -0.1572191268
288.6 -379.9 2120.9 0.9749865532 -0.1812496185 -0.1286462247 0.1648015827 0.9778881669 -0.1287448108 0.1491365731 0.1043233499 0.9832980037
11.0 -496.9 2142.3 0 0 0 0 0 0 0 0 0
139.1 -440.3 2149.5 0 0 0 0 0 0 0 0 0
-108.6 -788.5 2206.3 0 0 0 0 0 0 0 0 0
357.9 -753.8 2081.0 0 0 0 0 0 0 0 0 0
130.6 110.4 2339.1 5 0.9740635157 -0.0368408859 0.2232556194 -0.0448872223 0.9355874658 0.3502302766 -0.2217779607 -0.3511678278 0.9096679091
138.1 -78.3 2409.9 0.9740635157 -0.0368408859 0.2232556194 -0.0448872223 0.9355874658 0.3502302766 -0.2217779607 -0.3511678278 0.9096679091
144.6 -264.7 2478.9 0.9741673470 -0.0326601043 0.2234532237 -0.0476855263 0.9374256134 0.3449048400 -0.2207354009 -0.3466505110 0.9116519690
1.0 -71.6 2441.0 -0.2937987447 -0.8160457015 0.4977466762 0.9340134263 -0.3558001518 -0.0320187435 0.2032271028 0.4554949999 0.8667312264
94.4 -368.8 2376.4 0.3015246093 -0.8160457015 0.4931048155 0.4102720320 -0.3558001518 -0.8396922946 0.8606740236 0.4554949999 0.2275182307
275.2 -85.0 2378.9 0.0253143106 0.7125201821 0.7011948228 -0.9780974984 0.1626145840 -0.1299301088 -0.2066023350 -0.6825477481 0.7010306716
281.0 -311.6 2331.0 -0.5307207108 0.7125201821 0.4589667320 -0.5114086866 0.1626145840 -0.8438113928 -0.6758673787 -0.6825477481 0.2780860662
