129.6 70.5 2639.8 4 0.9993551970 0.0331574567 -0.0137744443 -0.0314335749 0.9933627248 0.1106452793 0.0173517354 -0.1101409569 0.9937645197
123.1 -125.2 2661.6 0.9993551970 0.0331574567 -0.0137744443 -0.0314335749 0.9933627248 0.1106452793 0.0173517354 -0.1101409569 0.9937645197
117.1 -317.9 2684.0 0.9994374514 0.0306591485 -0.0135927089 -0.0288736150 0.9927941561 0.1163014174 0.0170604642 -0.1158435270 0.9931209683
-13.5 -121.3 2659.2 0.3766050339 -0.9034740329 -0.2047029734 0.9248099923 0.3795099258 0.0264322106 0.0538059920 -0.1992658526 0.9784671664
-114.8 -370.2 2644.8 0.0607783981 -0.9034740329 -0.4243119657 0.5736012459 0.3795099258 -0.7259159088 0.8168767691 -0.1992658526 0.5412998199
259.6 -129.1 2663.9 0.1714681089 0.1618430018 0.9718052745 -0.9389215112 0.3255868256 0.1114432588 -0.2983706892 -0.9315578938 0.2077856213
303.5 -369.3 2587.5 -0.6322104931 0.1618430018 0.7577049136 -0.6906218529 0.3255868256 -0.6457822323 -0.3512140512 -0.9315578938 -0.0940670967
19.4 -508.1 2704.3 0.9914668798 0.0704919174 -0.1096556112 -0.1065626293 -0.0462453440 -0.9932299852 -0.0750857517 0.9964398146 -0.0383389220
-7.2 -490.6 2328.1 0.9914668798 0.1083987206 0.0724098161 -0.1065626293 0.9938897491 -0.0287676360 -0.0750857517 0.0208059773 0.9969599843
198.5 -513.7 2706.6 0.9868435860 -0.1601433754 0.0222223755 0.0155393789 -0.0428636409 -0.9989600778 0.1609293818 0.9861626625 -0.0398111828
259.9 -497.3 2328.6 0.9868435860 -0.0057874178 -0.1615742594 0.0155393789 0.9981276989 0.0591576584 0.1609293818 -0.0608901195 0.9850858450
-130.9 -521.8 2428.8 0 0 0 0 0 0 0 0 0
135.0 -553.3 2494.0 0 0 0 0 0 0 0 0 0
-47.6 -861.6 2320.4 0 0 0 0 0 0 0 0 0
262.0 -869.9 2351.4 0 0 0 0 0 0 0 0 0
130.1 69.9 2638.4 5 0.9995857477 0.0268828776 -0.0102764135 -0.0255731791 0.9934522510 0.1113491431 0.0132025108 -0.1110402122 0.9937282205
124.8 -125.8 2660.3 0.9995857477 0.0268828776 -0.0102764135 -0.0255731791 0.9934522510 0.1113491431 0.0132025108 -0.1110402122 0.9937282205
119.8 -318.5 2682.9 0.9996176362 0.0257284939 -0.0101324981 -0.0243707709 0.9928584695 0.1167825535 0.0130647756 -0.1164909676 0.9931058288
-11.8 -122.5 2658.5 0.3726542890 -0.9059638381 -0.2008938342 0.9265230894 0.3753351867 0.0260470677 0.0518048257 -0.1958393306 0.9792666435
-112.1 -371.9 2644.6 0.0614735112 -0.9059638381 -0.4188681841 0.5743156075 0.3753351867 -0.7275198102 0.8163226247 -0.1958393306 0.5433822870
261.4 -129.2 2662.1 0.1744915098 0.1566394269 0.9721197486 -0.9383043051 0.3258013427 0.1159248054 -0.2985595167 -0.9323720336 0.2038250118
306.0 -369.2 2585.7 -0.6305012703 0.1566394269 0.7602185607 -0.6936492324 0.3258013427 -0.6424205899 -0.3483086228 -0.9323720336 -0.0967653394
21.6 -508.0 2705.0 0.9903374910 0.0722345337 -0.1183801219 -0.1150791347 -0.0482800268 -0.9921823740 -0.0773852244 0.9962184429 -0.0395008326
-5.7 -489.7 2328.3 0.9903374910 0.1161374077 0.0757877529 -0.1150791347 0.9931895733 -0.0181992985 -0.0773852244 0.0093018580 0.9969578981
200.7 -513.2 2708.0 0.9873102307 -0.1576857418 0.0188063439 0.0125668300 -0.0404734649 -0.9991015792 0.1583052278 0.9866595864 -0.0379782580
261.0 -497.7 2330.6 0.9873102307 -0.0023076725 -0.1587864757 0.0125668300 0.9978940487 0.0636360720 0.1583052278 -0.0648239851 0.9852600098
-128.3 -523.7 2428.8 0 0 0 0 0 0 0 0 0
138.0 -554.0 2492.9 0 0 0 0 0 0 0 0 0
-49.1 -860.5 2324.8 0 0 0 0 0 0 0 0 0
261.9 -870.2 2354.8 0 0 0 0 0 0 0 0 0
130.5 69.2 2637.2 6 0.9996644855 0.0259024128 0.0000391100 -0.0257446580 0.9934074879 0.1117083058 0.0028546625 -0.1116718352 0.9937410355
125.4 -126.7 2659.2 0.9996644855 0.0259024128 0.0000391100 -0.0257446580 0.9934074879 0.1117083058 0.0028546625 -0.1116718352 0.9937410355
120.5 -319.4 2681.6 0.9996864796 0.0250385441 0.0001387165 -0.0248867329 0.9929849505 0.1155923605 0.0027565211 -0.1155595705 0.9932967424
-11.2 -123.3 2658.9 0.3736422956 -0.9077368975 -0.1908013374 0.9262734652 0.3760239482 0.0249690693 0.0490805246 -0.1860637069 0.9813110828
-111.7 -372.6 2645.6 0.0701579228 -0.9077368975 -0.4136321843 0.5733019114 0.3760239482 -0.7279635072 0.8163349628 -0.1860637069 0.5467883348
262.0 -130.0 2659.6 0.1709313989 0.1472118497 0.9742233157 -0.9380314946 0.3268447518 0.1151929125 -0.3014620245 -0.9335422516 0.1939573884
305.7 -370.0 2582.4 -0.6344047785 0.1472118497 0.7588539124 -0.6929139495 0.3268447518 -0.6426840425 -0.3426381350 -0.9335422516 -0.1053467169
25.2 -509.1 2704.3 0.9888338447 0.0795765445 -0.1259970367 -0.1220071763 -0.0531730391 -0.9911038876 -0.0855682716 0.9954095483 -0.0428703874
-4.8 -489.0 2329.1 0.9888338447 0.1230393127 0.0840773880 -0.1220071763 0.9923779964 -0.0173255242 -0.0855682716 0.0068740202 0.9963086247
204.4 -513.4 2706.7 0.9885825515 -0.1498353332 0.0159338489 0.0099847568 -0.0403730310 -0.9991347790 0.1503489912 0.9878863096 -0.0384160057
261.4 -498.1 2330.4 0.9885825515 -0.0001298621 -0.1506801248 0.0099847568 0.9978581667 0.0646480247 0.1503489912 -0.0654144138 0.9864664674
-130.3 -524.1 2429.8 0 0 0 0 0 0 0 0 0
136.7 -554.6 2491.1 0 0 0 0 0 0 0 0 0
-50.7 -859.5 2326.5 0 0 0 0 0 0 0 0 0
261.5 -870.6 2354.8 0 0 0 0 0 0 0 0 0
130.0 69.3 2636.6 7 0.9996675849 0.0240774341 -0.0092181694 -0.0228911005 0.9934098125 0.1123073250 0.0118614919 -0.1120589748 0.9936307669
125.3 -126.9 2658.7 0.9996675849 0.0240774341 -0.0092181694 -0.0228911005 0.9934098125 0.1123073250 0.0118614919 -0.1120589748 0.9936307669
121.0 -319.7 2681.3 0.9997130632 0.0221510902 -0.0091180429 -0.0209378377 0.9929571152 0.1166096106 0.0116368551 -0.1163852364 0.9931359887
-11.3 -124.1 2657.1 0.3695423007 -0.9075262547 -0.1995860487 0.9277908802 0.3722472787 0.0252211336 0.0514065214 -0.1944943815 0.9795556664
-110.8 -373.8 2643.3 0.0606635250 -0.9075262547 -0.4155911803 0.5744104385 0.3722472787 -0.7290299535 0.8163164854 -0.1944943815 0.5438743830
261.9 -129.8 2660.3 0.1772884578 0.1541899443 0.9720053077 -0.9376578927 0.3264666498 0.1192360297 -0.2989422977 -0.9325475693 0.2024561912
307.2 -369.7 2583.8 -0.6286102533 0.1541899443 0.7622824907 -0.6957632899 0.3264666498 -0.6397913694 -0.3475092053 -0.9325475693 -0.0979405716
26.1 -509.9 2703.8 0.9891781807 0.0837561414 -0.1204632595 -0.1161470711 -0.0546422265 -0.9917278290 -0.0896456763 0.9949870110 -0.0443228669
-5.5 -489.3 2328.3 0.9891781807 0.1170070395 0.0885202885 -0.1161470711 0.9931214452 -0.0148220323 -0.0896456763 0.0043802592 0.9959641099
205.2 -514.4 2704.3 0.9882445335 -0.1513486356 0.0215948224 0.0146514131 -0.0468429625 -0.9987947941 0.1521777958 0.9873698950 -0.0440748297
262.4 -496.7 2331.6 0.9882445335 -0.0047899554 -0.1528064311 0.0146514131 0.9978758693 0.0634750649 0.1521777958 -0.0649677143 0.9862155318
-126.8 -525.7 2427.5 0 0 0 0 0 0 0 0 0
139.7 -555.0 2491.2 0 0 0 0 0 0 0 0 0
-49.2 -860.0 2326.6 0 0 0 0 0 0 0 0 0
264.2 -869.2 2355.8 0 0 0 0 0 0 0 0 0
130.3 68.6 2636.3 8 0.9996391535 0.0268543977 -0.0006386791 -0.0266058967 0.9931042194 0.1141757965 0.0037003972 -0.1141176075 0.9934603572
125.0 -127.4 2658.8 0.9996391535 0.0268543977 -0.0006386791 -0.0266058967 0.9931042194 0.1141757965 0.0037003972 -0.1141176075 0.9934603572
119.7 -320.1 2681.6 0.9996291995 0.0272237249 -0.0005450085 -0.0269706976 0.9926928878 0.1176154688 0.0037429570 -0.1175571531 0.9930590391
-11.6 -123.8 2658.3 0.3755335808 -0.9067744017 -0.1916629970 0.9255884886 0.3775407076 0.0273672696 0.0475446433 -0.1876783818 0.9810791612
-112.6 -372.8 2645.5 0.0705965534 -0.9067744017 -0.4156636894 0.5748161077 0.3775407076 -0.7259817123 0.8152315617 -0.1876783818 0.5478816628
261.6 -131.1 2659.3 0.1692492813 0.1487652063 0.9742810726 -0.9389990568 0.3246335089 0.1135511547 -0.2993918061 -0.9340674281 0.1946343631
304.9 -371.3 2582.7 -0.6355335712 0.1487652063 0.7576054335 -0.6922829747 0.3246335089 -0.6444822550 -0.3418206275 -0.9340674281 -0.1033278704
27.1 -510.5 2702.8 0.9891270399 0.0894650444 -0.1167204380 -0.1118679643 -0.0574748889 -0.9920595884 -0.0954631492 0.9943302274 -0.0468416959
-6.7 -488.8 2326.8 0.9891270399 0.1125607789 0.0946452618 -0.1118679643 0.9936430454 -0.0126113696 -0.0954631492 0.0018864740 0.9954311848
206.2 -514.3 2704.9 0.9887098074 -0.1492295712 0.0135427713 0.0052863355 -0.0555854440 -0.9984399676 0.1497495472 0.9872390032 -0.0541689955
262.0 -493.5 2335.7 0.9887098074 0.0015325547 -0.1498349905 0.0052863355 0.9989684820 0.0451004542 0.1497495472 -0.0453833379 0.9876818657
-131.3 -524.8 2430.0 0 0 0 0 0 0 0 0 0
135.5 -555.8 2491.6 0 0 0 0 0 0 0 0 0
-48.7 -859.7 2326.1 0 0 0 0 0 0 0 0 0
261.5 -866.3 2352.7 0 0 0 0 0 0 0 0 0
130.6 63.3 2637.1 9 0.9994413853 0.0332958736 -0.0028804448 -0.0327185318 0.9923846722 0.1187525466 0.0068124789 -0.1185919642 0.9929196835
124.0 -132.2 2660.5 0.9994413853 0.0332958736 -0.0028804448 -0.0327185318 0.9923846722 0.1187525466 0.0068124789 -0.1185919642 0.9929196835
117.5 -324.7 2684.8 0.9994302392 0.0336486548 -0.0026461564 -0.0330494754 0.9915181994 0.1256956905 0.0068532028 -0.1255366057 0.9920653105
-12.5 -127.7 2659.6 0.3810694516 -0.9039034843 -0.1942795068 0.9236319065 0.3815365732 0.0365229435 0.0411115214 -0.1933605224 0.9802660346
-115.1 -376.3 2648.5 0.0718047544 -0.9039034843 -0.4216663837 0.5809903741 0.3815365732 -0.7189437151 0.8107368946 -0.1933605224 0.5525553823
260.6 -136.7 2661.4 0.1643345505 0.1534090042 0.9744023085 -0.9424219131 0.3161044717 0.1091738045 -0.2912646830 -0.9362391233 0.1965228915
302.6 -377.8 2586.9 -0.6387953758 0.1534090042 0.7539271712 -0.6911444068 0.3161044717 -0.6499210596 -0.3380234838 -0.9362391233 -0.0958982930
24.9 -510.4 2704.1 0.9894875884 0.0824967101 -0.1187795624 -0.1142587885 -0.0575295649 -0.9917838573 -0.0886522457 0.9949294925 -0.0474988148
-6.3 -488.6 2327.7 0.9894875884 0.1150171533 0.0876661018 -0.1142587885 0.9933574200 -0.0136368359 -0.0886522457 0.0034768570 0.9960565567
204.0 -515.2 2704.8 0.9888482094 -0.1434880048 0.0398798622 0.0302203465 -0.0688806772 -0.9971670508 0.1458284706 0.9872520566 -0.0637762770
257.4 -489.6 2337.3 0.9888482094 -0.0245699864 -0.1468861103 0.0302203465 0.9988816977 0.0363603160 0.1458284706 -0.0403937846 0.9884849191
-134.0 -529.9 2434.2 0 0 0 0 0 0 0 0 0
132.4 -562.0 2496.8 0 0 0 0 0 0 0 0 0
-49.3 -859.4 2326.4 0 0 0 0 0 0 0 0 0
266.6 -862.3 2352.4 0 0 0 0 0 0 0 0 0
130.7 66.1 2636.5 0 0.9992930293 0.0375599824 0.0016299512 -0.0374773629 0.9917888641 0.1222715825 0.0029759509 -0.1222462282 0.9924953580
123.3 -129.5 2660.6 0.9992930293 0.0375599824 0.0016299512 -0.0374773629 0.9917888641 0.1222715825 0.0029759509 -0.1222462282 0.9924953580
116.2 -321.8 2685.4 0.9993276000 0.0366195850 0.0018275420 -0.0365534760 0.9911578894 0.1275535226 0.0028595743 -0.1275345534 0.9918299913
-13.2 -124.5 2660.3 0.3844743371 -0.9033366442 -0.1901641190 0.9223602414 0.3843539357 0.0390338562 0.0378296189 -0.1904073358 0.9809760451
-116.7 -372.7 2650.1 0.0771391094 -0.9033366442 -0.4219389558 0.5822445154 0.3843539357 -0.7164239883 0.8093459606 -0.1904073358 0.5556115508
259.9 -134.4 2661.0 0.1598390639 0.1507114023 0.9755703807 -0.9435357451 0.3138166666 0.1061103567 -0.2901582122 -0.9374461174 0.1923617572
300.8 -375.8 2586.8 -0.6425870061 0.1507114023 0.7512443066 -0.6895211339 0.3138166666 -0.6527478099 -0.3341295123 -0.9374461174 -0.0977358073
21.4 -514.2 2708.6 0.9893251657 0.0641580448 -0.1308413446 -0.1262589693 -0.0709318593 -0.9894580841 -0.0727625117 0.9954156876 -0.0620741434
-3.0 -487.2 2330.3 0.9893251657 0.1279715151 0.0697065368 -0.1262589693 0.9915889502 -0.0284616873 -0.0727625117 0.0193567872 0.9971614480
200.5 -520.1 2709.8 0.9890833497 -0.1223695129 0.0820966214 0.0681267083 -0.1142754108 -0.9911104441 0.1306633204 0.9858837724 -0.1046912745
246.2 -477.4 2341.3 0.9890833497 -0.0648973063 -0.1322969794 0.0681267083 0.9974756241 0.0200269930 0.1306633204 -0.0288213231 0.9910078049
-137.0 -526.7 2436.1 0 0 0 0 0 0 0 0 0
129.5 -559.6 2497.8 0 0 0 0 0 0 0 0 0
-50.7 -857.3 2323.0 0 0 0 0 0 0 0 0 0
270.4 -849.3 2352.0 0 0 0 0 0 0 0 0 0
131.4 68.0 2636.8 1 0.9986707568 0.0510988794 -0.0067531834 -0.0498273559 0.9906277657 0.1271764040 0.0131884627 -0.1266708672 0.9918571115
121.3 -127.6 2661.8 0.9986707568 0.0510988794 -0.0067531834 -0.0498273559 0.9906277657 0.1271764040 0.0131884627 -0.1266708672 0.9918571115
111.5 -319.7 2687.1 0.9986858368 0.0508314744 -0.0065378523 -0.0495343320 0.9900963306 0.1313607395 0.0131503632 -0.1308642626 0.9913130999
-15.1 -120.8 2660.0 0.3960694969 -0.8962753415 -0.1995481551 0.9174221754 0.3953278959 0.0453038439 0.0382822305 -0.2010133713 0.9788401723
-121.7 -367.7 2649.7 0.0765390024 -0.8962753415 -0.4368435442 0.5843235254 0.3953278959 -0.7087184787 0.8079033494 -0.2010133713 0.5539727807
257.8 -134.3 2663.5 0.1504449844 0.1642627567 0.9748764038 -0.9466516376 0.3081958890 0.0941595063 -0.2849860191 -0.9370341897 0.2018661350
296.3 -376.5 2590.6 -0.6481141448 0.1642627567 0.7436167002 -0.6823959947 0.3081958890 -0.6628355980 -0.3380587995 -0.9370341897 -0.0876538679
19.6 -511.0 2709.9 0.9896515608 0.0638440028 -0.1285059303 -0.1248125210 -0.0588284358 -0.9904347658 -0.0707931221 0.9962244630 -0.0502511188
-4.7 -488.6 2331.0 0.9896515608 0.1266713887 0.0674106106 -0.1248125210 0.9916920662 -0.0311242882 -0.0707931221 0.0223885123 0.9972397089
198.7 -517.5 2710.4 0.9854638577 -0.0713915527 0.1541565210 0.1382921636 -0.1899323165 -0.9720087647 0.0986725166 0.9791980982 -0.1772985309
225.1 -447.1 2347.6 0.9854638577 -0.1400542110 -0.0961551145 0.1382921636 0.9900813103 -0.0247842446 0.0986725166 0.0111264791 0.9950577617
-141.9 -522.2 2436.1 0 0 0 0 0 0 0 0 0
123.6 -558.3 2500.6 0 0 0 0 0 0 0 0 0
-52.0 -858.8 2322.7 0 0 0 0 0 0 0 0 0
277.2 -815.2 2343.5 0 0 0 0 0 0 0 0 0
133.9 64.3 2636.9 2 0.9987792373 0.0489534326 -0.0066071604 -0.0476897955 0.9904536605 0.1293340176 0.0128754303 -0.1288610399 0.9915790558
124.3 -130.7 2662.2 0.9987792373 0.0489534326 -0.0066071604 -0.0476897955 0.9904536605 0.1293340176 0.0128754303 -0.1288610399 0.9915790558
114.7 -322.8 2688.1 0.9987658262 0.0492542870 -0.0063869422 -0.0479591638 0.9898506403 0.1337745935 0.0129110916 -0.1333031803 0.9909911752
-12.2 -124.2 2660.5 0.3946645856 -0.8969570398 -0.1992684305 0.9181238413 0.3934500217 0.0473893769 0.0358959287 -0.2016559988 0.9787983894
-118.4 -371.3 2650.8 0.0759241730 -0.8969570398 -0.4355497360 0.5864152312 0.3934500217 -0.7080354691 0.8064444661 -0.2016559988 0.5558616519
260.7 -137.3 2664.0 0.1518062949 0.1634516120 0.9748017192 -0.9471122622 0.3061566055 0.0961588472 -0.2827246785 -0.9378441572 0.2012835145
299.5 -379.5 2591.7 -0.6471792459 0.1634516120 0.7446089983 -0.6842211485 0.3061566055 -0.6618984342 -0.3361553252 -0.9378441572 -0.0863011554
12.1 -507.5 2711.4 0.9918563962 0.0454218686 -0.1189863458 -0.1167810857 -0.0484646671 -0.9919744730 -0.0508239679 0.9977915883 -0.0427655764
-5.2 -489.0 2330.5 0.9918563962 0.1179098636 0.0481472798 -0.1167810857 0.9928269386 -0.0256301761 -0.0508239679 0.0197987631 0.9985113740
191.1 -516.3 2713.7 0.9787965417 -0.0493635088 0.1987977773 0.1781526506 -0.2738129795 -0.9451391697 0.1010887995 0.9605153203 -0.2592129707
210.0 -411.4 2345.5 0.9787965417 -0.1792118102 -0.0991989821 0.1781526506 0.9838094711 -0.0195070859 0.1010887995 0.0014209067 0.9948763847
-138.5 -526.3 2437.6 0 0 0 0 0 0 0 0 0
127.1 -561.9 2502.1 0 0 0 0 0 0 0 0 0
-49.2 -859.6 2323.1 0 0 0 0 0 0 0 0 0
276.7 -777.5 2345.0 0 0 0 0 0 0 0 0 0
136.0 61.9 2636.4 3 0.9985247850 0.0534992181 -0.0092814807 -0.0518395826 0.9901339412 0.1301823407 0.0161545631 -0.1295091361 0.9914466143
125.4 -132.9 2661.9 0.9985247850 0.0534992181 -0.0092814807 -0.0518395826 0.9901339412 0.1301823407 0.0161545631 -0.1295091361 0.9914466143
115.5 -325.0 2687.7 0.9986398220 0.0513410494 -0.0090898322 -0.0496667810 0.9897627831 0.1338016093 0.0158662926 -0.1331681460 0.9909664392
-11.0 -126.2 2659.7 0.3961261511 -0.8956824541 -0.2020818442 0.9174481630 0.3949799240 0.0477461405 0.0370528959 -0.2043131143 0.9782040715
-117.6 -373.1 2649.8 0.0745407939 -0.8956824541 -0.4384023845 0.5862978101 0.3949799240 -0.7072805166 0.8066588640 -0.2043131143 0.5545787811
261.9 -139.7 2664.0 0.1918327510 0.5473279953 0.8146362901 -0.9066918492 0.4165422022 -0.0663510859 -0.3756462038 -0.7258957624 0.5761642456
308.9 -361.8 2572.0 -0.6278443933 0.5473279953 0.5533927679 -0.3691524565 0.4165422022 -0.8307942152 -0.6852283478 -0.7258957624 -0.0594762079
15.6 -510.7 2712.8 0.9916116595 0.0548044853 -0.1170590892 -0.1137350053 -0.0602907985 -0.9916800857 -0.0614061020 0.9966751933 -0.0535518676
-5.4 -487.5 2329.9 0.9916116595 0.1150772870 0.0588521883 -0.1137350053 0.9931791425 -0.0256813075 -0.0614061020 0.0187723301 0.9979363084
194.6 -519.3 2715.1 0.9785059094 -0.0155891078 0.2056285739 0.1849455237 -0.3747459352 -0.9084936380 0.0912210718 0.9269964695 -0.3638079762
200.9 -367.0 2338.4 0.9785059094 -0.1843592077 -0.0924002826 0.1849455237 0.9827461839 -0.0022512893 0.0912210718 -0.0148861185 0.9957193732
-137.3 -528.1 2436.5 0 0 0 0 0 0 0 0 0
164.6 -446.6 2414.5 0 0 0 0 0 0 0 0 0
-48.4 -858.3 2322.9 0 0 0 0 0 0 0 0 0
269.6 -733.3 2344.0 0 0 0 0 0 0 0 0 0
134.6 61.2 2637.7 4 0.9986050129 0.0527296178 0.0027564294 -0.0526648462 0.9909054041 0.1238259152 0.0037979323 -0.1237983480 0.9923001528
124.2 -134.1 2662.1 0.9986050129 0.0527296178 0.0027564294 -0.0526648462 0.9909054041 0.1238259152 0.0037979323 -0.1237983480 0.9923001528
114.5 -326.4 2686.5 0.9987495542 0.0499111451 0.0028710687 -0.0498747341 0.9907706976 0.1260392517 0.0034461925 -0.1260248423 0.9920210838
-12.2 -127.3 2661.6 0.3967085481 -0.8980073929 -0.1902761310 0.9170961380 0.3966439962 0.0401028283 0.0394592509 -0.1904106289 0.9809111953
-119.0 -374.2 2651.0 0.0843569413 -0.8980073929 -0.4318177700 0.5799575448 0.3966439962 -0.7115636468 0.8102673292 -0.1904106289 0.5542658567
260.7 -140.9 2662.5 0.3019910157 0.7049881220 0.6417111754 -0.9051764011 0.4232431054 -0.0389991999 -0.2990937829 -0.5690844059 0.7659541965
335.4 -365.0 2588.5 -0.5790885687 0.7049881220 0.4094486833 -0.1197268590 0.4232431054 -0.8980705738 -0.8064253926 -0.5690844059 -0.1606892347
16.0 -512.7 2712.1 0.9910089374 0.0550583750 -0.1219420806 -0.1183254570 -0.0647674724 -0.9908603430 -0.0624530427 0.9963803291 -0.0576703325
-5.0 -487.9 2330.8 0.9910089374 0.1194846556 0.0602055863 -0.1183254570 0.9927204251 -0.0224775821 -0.0624530427 0.0151516311 0.9979329109
195.0 -521.6 2715.0 0.9868212938 -0.0929167122 0.1324773431 0.1004544571 -0.2900565565 -0.9517226815 0.1268568635 0.9524881244 -0.2769000828
231.6 -407.2 2339.3 0.9868212938 -0.1001356170 -0.1271086931 0.1004544571 0.9949339628 -0.0039157560 0.1268568635 -0.0089044841 0.9918810725
-141.3 -527.5 2436.8 0 0 0 0 0 0 0 0 0
200.4 -392.9 2400.5 0 0 0 0 0 0 0 0 0
-49.6 -858.5 2325.2 0 0 0 0 0 0 0 0 0
268.8 -777.0 2342.6 0 0 0 0 0 0 0 0 0
135.1 58.9 2637.3 5 0.9975357652 0.0688270926 0.0136106107 -0.0699879229 0.9897621274 0.1243888363 -0.0049099457 -0.1250348836 0.9921401739
121.5 -136.5 2662.0 0.9975357652 0.0688270926 0.0136106107 -0.0699879229 0.9897621274 0.1243888363 -0.0049099457 -0.1250348836 0.9921401739
108.9 -328.6 2686.5 0.9978105426 0.0647033304 0.0136960205 -0.0659139380 0.9898818731 0.1256550699 -0.0054271417 -0.1262827218 0.9919794202
-14.8 -127.5 2662.8 0.4117266238 -0.8931725025 -0.1808979362 0.9105919600 0.4110806882 0.0428361855 0.0361035429 -0.1823610067 0.9825685620
-125.6 -372.5 2653.1 0.1008488387 -0.8931725025 -0.4382606447 0.5782646537 0.4110806882 -0.7047145367 0.8095921874 -0.1823610067 0.5579470992
257.8 -145.5 2661.2 0.2841905653 0.8480985761 0.4471739531 -0.9380660653 0.3423568904 -0.0531400703 -0.1981610954 -0.4043767750 0.8928670883
321.1 -354.3 2617.1 -0.4606654346 0.8480985761 0.2617559731 0.0994100794 0.3423568904 -0.9342961907 -0.8819892406 -0.4043767750 -0.2420215309
15.3 -514.3 2710.7 0.9903160930 0.0490815863 -0.1298653185 -0.1263414025 -0.0691394508 -0.9895744324 -0.0575486980 0.9963988662 -0.0622688718
-3.4 -487.9 2329.7 0.9903160930 0.1274000704 0.0551654026 -0.1263414025 0.9917364717 -0.0222853627 -0.0575486980 0.0150998794 0.9982284904
194.3 -523.2 2711.3 0.9866175652 -0.1344463676 0.0922492668 0.0614528805 -0.2174331397 -0.9741387963 0.1510274708 0.9667714238 -0.2062612474
246.7 -438.4 2334.3 0.9866175652 -0.0575783178 -0.1525466740 0.0614528805 0.9978931546 0.0208033305 0.1510274708 -0.0298993643 0.9880772829
-152.3 -525.4 2439.0 0 0 0 0 0 0 0 0 0
219.0 -332.2 2421.7 0 0 0 0 0 0 0 0 0
-51.0 -858.1 2324.1 0 0 0 0 0 0 0 0 0
268.1 -809.7 2345.5 0 0 0 0 0 0 0 0 0
135.3 55.1 2637.1 6 0.9970519543 0.0734647810 0.0221443884 -0.0755724609 0.9901632667 0.1177518442 -0.0132759474 -0.1190782115 0.9927961230
120.8 -140.5 2660.7 0.9970519543 0.0734647810 0.0221443884 -0.0755724609 0.9901632667 0.1177518442 -0.0132759474 -0.1190782115 0.9927961230
107.4 -332.8 2683.5 0.9973763227 0.0689505264 0.0220515728 -0.0710604191 0.9906499386 0.1164608896 -0.0138153499 -0.1177223325 0.9929504395
-15.5 -130.8 2662.6 0.4167989194 -0.8923756480 -0.1730443090 0.9080637097 0.4173882902 0.0347472169 0.0412190929 -0.1716178507 0.9843009114
-127.7 -375.2 2651.5 0.1101772562 -0.8923756480 -0.4376375675 0.5702670813 0.4173882902 -0.7075185180 0.8140370846 -0.1716178507 0.5548791885
257.0 -150.2 2658.8 0.2858692408 0.8953846097 0.3414163589 -0.9422860742 0.3274545074 -0.0697890669 -0.1742863804 -0.3017613292 0.9373176694
319.1 -354.7 2620.9 -0.4196084738 0.8953846097 0.1490472704 0.3936305046 0.3274545074 -0.8589695096 -0.8179143071 -0.3017613292 -0.4898533821
7.0 -514.8 2711.5 0.9918697476 0.0288426932 -0.1239455864 -0.1216455102 -0.0711494908 -0.9900202751 -0.0373735167 0.9970485568 -0.0670624375
-4.0 -487.6 2330.1 0.9918697476 0.1223241687 0.0350885652 -0.1216455102 0.9923540950 -0.0208726935 -0.0373735167 0.0164346267 0.9991661906
185.7 -526.6 2710.5 0.9778987765 -0.2086878866 0.0127785578 -0.0157568939 -0.1345046163 -0.9907876849 0.2084841579 0.9686887264 -0.1348201782
267.8 -473.7 2329.7 0.9778987765 0.0301534459 -0.2068929523 -0.0157568939 0.9973601699 0.0708830282 0.2084841579 -0.0660564378 0.9757924676
-156.8 -526.0 2436.3 0 0 0 0 0 0 0 0 0
223.7 -265.2 2435.0 0 0 0 0 0 0 0 0 0
-49.7 -858.0 2323.9 0 0 0 0 0 0 0 0 0
256.6 -843.8 2354.2 0 0 0 0 0 0 0 0 0
134.4 54.3 2628.1 7 0.9970161319 0.0681335181 0.0362857021 -0.0729926303 0.9850631952 0.1559569687 -0.0251178108 -0.1581401974 0.9870971441
120.9 -140.6 2659.3 0.9970161319 0.0681335181 0.0362857021 -0.0729926303 0.9850631952 0.1559569687 -0.0251178108 -0.1581401974 0.9870971441
107.9 -331.9 2688.9 0.9970955849 0.0671777055 0.0358827636 -0.0718354061 0.9860596061 0.1500872523 -0.0253000259 -0.1522289813 0.9880213737
-15.3 -130.7 2662.8 0.4172192514 -0.8947346807 -0.1593045145 0.9087944031 0.4116334915 0.0681949779 0.0045586629 -0.1732273102 0.9848713279
-127.6 -375.3 2661.6 0.1214477494 -0.8947346807 -0.4297676980 0.5975289345 0.4116334915 -0.6881257296 0.7925967574 -0.1732273102 0.5846217871
257.1 -150.4 2655.9 0.2619855404 0.9127398729 0.3134796917 -0.9010300636 0.3476927578 -0.2593348026 -0.3456998467 -0.2145126760 0.9134965539
308.7 -327.8 2587.8 -0.3969919682 0.9127398729 0.0964537039 0.6308706999 0.3476927578 -0.6936222911 -0.6666330099 -0.2145126760 -0.7138520479
4.6 -518.7 2707.6 0.9915031195 0.0207542479 -0.1284165084 -0.1262743026 -0.0835676789 -0.9884691238 -0.0312464032 0.9962859750 -0.0802368894
-3.2 -487.1 2330.5 0.9915031195 0.1267721504 0.0291609280 -0.1262743026 0.9918259978 -0.0183308162 -0.0312464032 0.0144927865 0.9994066358
183.3 -531.4 2705.1 0.9683266878 -0.2473647892 -0.0339716226 -0.0595171712 -0.0965360254 -0.9935484529 0.2424894273 0.9641013741 -0.1082008630
281.1 -493.3 2324.3 0.9683266878 0.0855776817 -0.2345631570 -0.0595171712 0.9914616346 0.1160238534 0.2424894273 -0.0983884633 0.9651520848
-159.7 -533.3 2452.0 0 0 0 0 0 0 0 0 0
215.8 -180.1 2431.8 0 0 0 0 0 0 0 0 0
-50.5 -857.3 2325.1 0 0 0 0 0 0 0 0 0
249.3 -861.5 2360.8 0 0 0 0 0 0 0 0 0
133.8 55.2 2634.5 8 0.9958670139 0.0866497606 -0.0272150952 -0.0835470930 0.9915081859 0.0996561199 0.0356191695 -0.0969705060 0.9946497083
115.3 -156.9 2655.3 0.9958670139 0.0866497606 -0.0272150952 -0.0835470930 0.9915081859 0.0996561199 0.0356191695 -0.0969705060 0.9946497083
113.1 -345.9 2698.2 0.9997101426 0.0113880830 -0.0212122966 -0.0064417990 0.9754577875 0.2200922966 0.0231981277 -0.2198918462 0.9752483964
-21.3 -155.8 2652.3 0.3577168882 -0.9098180532 -0.2104036659 0.9328435659 0.3377967775 0.1252844185 -0.0429123417 -0.2410900593 0.9695535898
-117.6 -406.8 2663.9 0.0449242368 -0.9098180532 -0.4125686586 0.6576799750 0.3377967775 -0.6733130217 0.7519567013 -0.2410900593 0.6135444045
251.8 -158.1 2658.2 0.2579283714 0.9301350117 0.2613844872 -0.8160453439 0.3545640409 -0.4564584792 -0.5172455311 -0.0955679938 0.8504844308
297.9 -304.0 2565.7 -0.3538915813 0.9301350117 0.0980288163 0.7960194349 0.3545640409 -0.4905480742 -0.4910334349 -0.0955679938 -0.8658827543
6.5 -517.8 2721.4 0.9920012355 0.0290329922 -0.1228437796 -0.1203325614 -0.0764337406 -0.9897868037 -0.0381258838 0.9966518879 -0.0723287538
-5.0 -487.7 2329.5 0.9920012355 0.1209267899 0.0361969583 -0.1203325614 0.9925672412 -0.0181760341 -0.0381258838 0.0136749772 0.9991793633
185.2 -530.0 2717.5 0.9657747149 -0.2508817613 -0.0658600181 -0.0853295997 -0.0675226972 -0.9940621257 0.2449450046 0.9656599164 -0.0866193548
288.4 -502.3 2320.4 0.9657747149 0.1159829050 -0.2320068181 -0.0853295997 0.9867383838 0.1380805075 0.2449450046 -0.1135576218 0.9628637433
-129.4 -580.7 2465.1 0 0 0 0 0 0 0 0 0
211.9 -110.5 2446.3 0 0 0 0 0 0 0 0 0
-50.1 -858.3 2324.4 0 0 0 0 0 0 0 0 0
245.2 -869.5 2362.7 0 0 0 0 0 0 0 0 0
136.5 46.8 2626.2 9 0.9944593310 0.1050515473 -0.0038553260 -0.1041047424 0.9892613888 0.1025869623 0.0145908436 -0.1016172022 0.9947165847
113.5 -169.4 2648.4 0.9944593310 0.1050515473 -0.0038553260 -0.1041047424 0.9892613888 0.1025869623 0.0145908436 -0.1016172022 0.9947165847
115.3 -356.2 2699.7 0.9999531507 -0.0087764086 0.0040840604 0.0073888241 0.9645733833 0.2637111247 -0.0062538125 -0.2636685967 0.9645930529
-23.0 -170.1 2649.4 0.3431240320 -0.9211242199 -0.1838369519 0.9344404340 0.3148878515 0.1663330197 -0.0953253657 -0.2288575470 0.9687813520
-115.3 -421.5 2675.1 0.0575144142 -0.9211242199 -0.3849963844 0.6915550828 0.3148878515 -0.6500747800 0.7200303078 -0.2288575470 0.6551187634
250.0 -168.6 2647.5 0.2631455958 0.9380354881 0.2254856527 -0.7310395241 0.3463906944 -0.5878730416 -0.6295518875 -0.0101427250 0.7768921852
290.8 -281.8 2550.0 -0.3326378763 0.9380354881 0.0971670374 0.8918141127 0.3463906944 -0.2910001278 -0.3066262007 -0.0101427250 -0.9517759681
21.7 -534.5 2739.4 0.9899755120 0.0646565855 -0.1255709231 -0.1178572401 -0.1117820367 -0.9867190123 -0.0778344572 0.9916270971 -0.1030412316
-5.1 -488.2 2329.0 0.9899755120 0.1192769185 0.0756409168 -0.1178572401 0.9927646518 -0.0229787156 -0.0778344572 0.0138335349 0.9968703389
200.3 -535.1 2743.5 0.9720577598 -0.2133854628 -0.0978282094 -0.1133092865 -0.0615394227 -0.9916521311 0.2055838555 0.9750279784 -0.0839984268
293.1 -508.3 2319.3 0.9720577598 0.1381773800 -0.1897649169 -0.1133092865 0.9841786623 0.1362109184 0.2055838555 -0.1109027490 0.9723352790
-130.5 -604.4 2484.7 0 0 0 0 0 0 0 0 0
205.9 -54.4 2471.8 0 0 0 0 0 0 0 0 0
-49.6 -858.9 2323.8 0 0 0 0 0 0 0 0 0
241.6 -875.0 2360.6 0 0 0 0 0 0 0 0 0
143.5 39.6 2630.6 0 0.9852675796 0.1620635092 0.0546190366 -0.1647311449 0.9851462841 0.0484809093 -0.0459507555 -0.0567641221 0.9973295927
108.0 -176.0 2643.0 0.9852675796 0.1620635092 0.0546190366 -0.1647311449 0.9851462841 0.0484809093 -0.0459507555 -0.0567641221 0.9973295927
116.1 -359.1 2705.4 0.9966079593 -0.0396972932 0.0720883086 0.0142295500 0.9458950162 0.3241606057 -0.0810562670 -0.3220352530 0.9432513714
-27.7 -177.4 2654.0 0.3239970803 -0.9391841292 -0.1138378903 0.9290126562 0.2931091487 0.2258817106 -0.1787775904 -0.1789418459 0.9674804211
-114.9 -427.5 2702.1 0.1022293344 -0.9391841292 -0.3278449774 0.7360714078 0.2931091487 -0.6101523638 0.6691397429 -0.1789418459 0.7212709785
243.7 -174.5 2632.1 0.2880032957 0.9497066140 0.1229285225 -0.7510026097 0.3036405444 -0.5863425136 -0.5941794515 0.0765489265 0.8006816506
286.8 -286.8 2543.3 -0.2846985757 0.9497066140 0.1303995401 0.9390457869 0.3036405444 -0.1612309068 -0.1927166581 0.0765489265 -0.9782640338
27.8 -543.8 2751.7 0.9886697531 0.0742733851 -0.1304438263 -0.1191197708 -0.1405671537 -0.9828791022 -0.0913378745 0.9872812629 -0.1301270574
-3.6 -484.4 2334.4 0.9886697531 0.1228303090 0.0862835050 -0.1191197708 0.9917701483 -0.0469303951 -0.0913378745 0.0361205898 0.9951646328
206.6 -542.3 2750.5 0.9758630991 -0.1966443807 -0.0949855149 -0.1120744422 -0.0776574016 -0.9906607270 0.1874315292 0.9773946404 -0.0978218019
292.8 -508.2 2321.8 0.9758630991 0.1312088668 -0.1745723188 -0.1120744422 0.9869854450 0.1153214499 0.1874315292 -0.0929728523 0.9778678417
-141.9 -622.1 2525.2 0 0 0 0 0 0 0 0 0
211.6 -39.0 2492.4 0 0 0 0 0 0 0 0 0
-49.5 -854.5 2320.9 0 0 0 0 0 0 0 0 0
243.9 -876.3 2356.5 0 0 0 0 0 0 0 0 0
149.2 28.9 2633.3 1 0.9855539203 0.1622281224 0.0486364774 -0.1652017832 0.9841108322 0.0650706068 -0.0373074040 -0.0721654221 0.9966946840
115.7 -174.3 2648.2 0.9855539203 0.1622281224 0.0486364774 -0.1652017832 0.9841108322 0.0650706068 -0.0373074040 -0.0721654221 0.9966946840
106.2 -362.3 2689.7 0.9965655208 0.0518768653 0.0645440221 -0.0644206107 0.9754343033 0.2106606215 -0.0520300418 -0.2140950859 0.9754261374
-19.9 -164.2 2655.3 0.4073712528 -0.9039977193 -0.1297566295 0.9110239148 0.3923076987 0.1270044297 -0.0639071986 -0.1699493527 0.9833784103
-129.5 -409.4 2672.5 0.1392630041 -0.9039977193 -0.4042201638 0.6460261941 0.3923076987 -0.6547860503 0.7505037785 -0.1699493527 0.6386401653
251.2 -184.4 2641.1 0.2114074826 0.9716377854 0.1059572548 -0.8460125923 0.2361988425 -0.4779882729 -0.4894584417 0.0114091299 0.8719519973
293.0 -351.4 2544.4 -0.2328405231 0.9716377854 0.0412959196 0.9640187025 0.2361988425 -0.1219757870 -0.1282703280 0.0114091299 -0.9916735888
3.9 -543.7 2724.1 0.9791703224 -0.0120977229 -0.2026799172 -0.1978149116 -0.2818556428 -0.9388432503 -0.0457686149 0.9593805671 -0.2783778012
9.2 -420.3 2303.9 0.9791703224 0.2029892504 0.0045677805 -0.1978149116 0.9587987065 -0.2038976550 -0.0457686149 0.1987469494 0.9789815545
196.8 -548.9 2739.5 0.9716894031 -0.2211145610 -0.0832351595 -0.1066142693 -0.0959758312 -0.9896575212 0.2108391225 0.9705137610 -0.1168326661
291.6 -507.7 2323.2 0.9716894031 0.1278686970 -0.1986689121 -0.1066142693 0.9877125621 0.1142683178 0.2108391225 -0.0898523703 0.9733824730
-166.4 -580.2 2474.1 0 0 0 0 0 0 0 0 0
230.3 -91.7 2509.9 0 0 0 0 0 0 0 0 0
-65.3 -772.1 2230.9 0 0 0 0 0 0 0 0 0
243.9 -876.2 2356.7 0 0 0 0 0 0 0 0 0
154.9 32.3 2625.1 2 0.9776197076 0.2103640735 0.0025734401 -0.2089206874 0.9693284035 0.1294394433 0.0247349013 -0.1270802021 0.9915840030
109.7 -176.1 2652.4 0.9776197076 0.2103640735 0.0025734401 -0.2089206874 0.9693284035 0.1294394433 0.0247349013 -0.1270802021 0.9915840030
111.7 -364.2 2694.2 0.9999006391 -0.0081212660 0.0115208440 0.0054478045 0.9764833450 0.2155239135 -0.0130002396 -0.2154397368 0.9764305949
-26.5 -175.5 2654.2 0.3448698223 -0.9218844175 -0.1766180694 0.9372471571 0.3279181719 0.1184795573 -0.0513081811 -0.2063948214 0.9771226645
-119.3 -427.7 2668.1 0.0643467829 -0.9218844175 -0.3820846081 0.6548527479 0.3279181719 -0.6809093356 0.7530121803 -0.2063948214 0.6247990131
245.8 -176.7 2650.6 0.2889850736 0.9515597224 0.1049843356 -0.8295719624 0.3036409914 -0.4686282873 -0.4778053463 0.0483345166 0.8771349788
302.8 -340.5 2556.3 -0.2944776416 0.9515597224 0.0884137973 0.9452422857 0.3036409914 -0.1196625382 -0.1407121122 0.0483345166 -0.9888700247
2.6 -546.9 2717.7 0.9885714650 0.0364605673 -0.1462773383 -0.1334487945 -0.2397226393 -0.9616259336 -0.0701274201 0.9701565504 -0.2321173400
-12.7 -446.0 2309.6 0.9885714650 0.1417338550 0.0513609573 -0.1334487945 0.9812301397 -0.1392080784 -0.0701274201 0.1307630837 0.9889302850
189.8 -555.0 2725.9 0.9667920470 -0.2436961681 -0.0769760013 -0.1071728244 -0.1131678373 -0.9877788424 0.2320067137 0.9632264376 -0.1355273724
292.0 -507.5 2322.0 0.9667920470 0.1334675997 -0.2179438621 -0.1071728244 0.9859201312 0.1283567250 0.2320067137 -0.1007365957 0.9674838781
-136.3 -600.9 2469.0 0 0 0 0 0 0 0 0 0
223.5 -85.8 2518.4 0 0 0 0 0 0 0 0 0
-53.0 -724.7 2272.5 0 0 0 0 0 0 0 0 0
242.2 -875.4 2359.6 0 0 0 0 0 0 0 0 0
153.8 25.5 2622.0 3 0.9789525270 0.1803259552 0.0955748037 -0.1917430013 0.9730527997 0.1280736625 -0.0699043274 -0.1437038332 0.9871487021
116.7 -174.7 2651.6 0.9789525270 0.1803259552 0.0955748037 -0.1917430013 0.9730527997 0.1280736625 -0.0699043274 -0.1437038332 0.9871487021
104.9 -363.8 2687.1 0.9928047657 0.0634329021 0.1015625224 -0.0806949288 0.9810637236 0.1760747433 -0.0884703696 -0.1830034256 0.9791234732
-18.4 -162.4 2663.7 0.4224944413 -0.9014844894 -0.0939372554 0.9051254988 0.4142246544 0.0957381129 -0.0473952927 -0.1254738271 0.9909641743
-132.1 -406.0 2676.5 0.1770236939 -0.9014844894 -0.3949536383 0.6174271703 0.4142246544 -0.6687313318 0.7664504647 -0.1254738271 0.6299285889
251.7 -187.0 2639.5 0.1783496141 0.9758478999 0.1261440367 -0.8325322270 0.2179898918 -0.5092843175 -0.5244821310 -0.0141883167 0.8513032198
286.9 -351.4 2535.9 -0.2183853686 0.9758478999 0.0053601763 0.9719005823 0.2179898918 -0.0888240561 -0.0878472328 -0.0141883167 -0.9960328937
16.1 -552.0 2726.9 0.9878928661 0.0497683175 -0.1469379812 -0.1276679188 -0.2773073614 -0.9522612691 -0.0881394222 0.9594913721 -0.2675961554
-3.1 -445.0 2356.8 0.9878928661 0.1444234252 0.0566527247 -0.1276679188 0.9642959237 -0.2320221364 -0.0881394222 0.2219802886 0.9710593224
193.3 -555.3 2725.7 0.9678750634 -0.2371626347 -0.0834967121 -0.1130392849 -0.1138140783 -0.9870504141 0.2245883644 0.9647799134 -0.1369665116
291.9 -508.0 2324.5 0.9678750634 0.1366541684 -0.2110531926 -0.1130392849 0.9862906337 0.1202200577 0.2245883644 -0.0925006941 0.9700534344
-178.9 -569.3 2473.9 0 0 0 0 0 0 0 0 0
228.1 -89.6 2512.3 0 0 0 0 0 0 0 0 0
-50.4 -760.9 2284.1 0 0 0 0 0 0 0 0 0
240.9 -876.1 2359.0 0 0 0 0 0 0 0 0 0
154.3 23.6 2620.5 4 0.9677131772 0.1586821973 0.1958344579 -0.1822443306 0.9772234559 0.1087258384 -0.1741211712 -0.1409051418 0.9745909572
122.3 -173.2 2648.9 0.9677131772 0.1586821973 0.1958344579 -0.1822443306 0.9772234559 0.1087258384 -0.1741211712 -0.1409051418 0.9745909572
104.7 -362.7 2679.8 0.9753643274 0.0939327180 0.1996021867 -0.1228799298 0.9827857018 0.1379592568 -0.1832072884 -0.1590876579 0.9701166153
-10.3 -155.2 2673.9 0.4598267972 -0.8880054951 0.0023477231 0.8859840631 0.4589552581 0.0662744194 -0.0599295534 -0.0283947103 0.9977986813
-134.0 -393.6 2690.1 0.2765440941 -0.8880054951 -0.3673820496 0.5823636651 0.4589552581 -0.6709788442 0.7644448280 -0.0283947103 0.6440635324
254.9 -191.3 2623.8 0.0886996537 0.9798436165 0.1789938509 -0.8215445280 0.1735773236 -0.5430796146 -0.5632023811 -0.0988804549 0.8203814626
272.4 -353.5 2512.6 -0.1780524552 0.9798436165 -0.0905745625 0.9832744598 0.1735773236 -0.0551567562 -0.0383233055 -0.0988804549 -0.9943611026
0.2 -545.4 2726.0 0.9923274517 0.0042012916 -0.1235662922 -0.1152382568 -0.3306549788 -0.9366896152 -0.0447931141 0.9437423348 -0.3276338577
-1.4 -417.7 2361.7 0.9923274517 0.1212065071 0.0243979953 -0.1152382568 0.9782184958 -0.1726519912 -0.0447931141 0.1685157269 0.9846806526
175.9 -561.6 2710.6 0.9571210742 -0.2841816843 -0.0562143438 -0.0971065089 -0.1319142431 -0.9864932895 0.2729278505 0.9496522546 -0.1538537890
290.8 -508.3 2326.9 0.9571210742 0.1265947968 -0.2605629265 -0.0971065089 0.9876268506 0.1231400892 0.2729278505 -0.0925576165 0.9575716853
-207.2 -547.6 2488.0 0 0 0 0 0 0 0 0 0
224.4 -88.6 2502.3 0 0 0 0 0 0 0 0 0
-43.8 -760.0 2302.8 0 0 0 0 0 0 0 0 0
243.5 -877.0 2361.5 0 0 0 0 0 0 0 0 0
156.3 25.0 2619.2 5 0.9631881118 0.1505513936 0.2227170616 -0.1764561385 0.9790834785 0.1012857854 -0.2028098702 -0.1368570477 0.9696072936
126.3 -170.2 2646.5 0.9631881118 0.1505513936 0.2227170616 -0.1764561385 0.9790834785 0.1012857854 -0.2028098702 -0.1368570477 0.9696072936
104.5 -359.5 2675.4 0.9673925638 0.1158478558 0.2252351344 -0.1455041468 0.9820747972 0.1198231280 -0.2073165029 -0.1486886442 0.9669082165
-5.2 -149.1 2674.9 0.4812650681 -0.8761633635 0.0268637314 0.8745684028 0.4820102751 0.0528792851 -0.0592794903 -0.0019547830 0.9982395172
-134.7 -384.4 2690.8 0.3090114892 -0.8761633635 -0.3699319065 0.5648019314 0.4820102751 -0.6698245406 0.7651867270 -0.0019547830 0.6438054442
257.7 -191.3 2618.2 0.0543779731 0.9815191031 0.1834754497 -0.8159723878 0.1495884359 -0.5584016442 -0.5755277276 -0.1193461493 0.8090267777
268.5 -352.4 2504.5 -0.1532028913 0.9815191031 -0.1146694273 0.9879574180 0.1495884359 -0.0395399779 -0.0216560252 -0.1193461493 -0.9926164746
-2.4 -541.6 2725.0 0.9939793348 -0.0037169990 -0.1095045656 -0.1035505757 -0.3585087061 -0.9277654886 -0.0358098373 0.9335190058 -0.3567351401
-0.9 -402.9 2363.8 0.9939793348 0.1076671928 0.0203185007 -0.1035505757 0.9837078452 -0.1469562501 -0.0358098373 0.1439674795 0.9889342785
170.4 -564.1 2692.5 0.9486224651 -0.3111338913 -0.0575425699 -0.1046199873 -0.1367965490 -0.9850590825 0.2986136377 0.9404692650 -0.1623190939
292.9 -510.3 2322.0 0.9486224651 0.1427048296 -0.2824018002 -0.1046199873 0.9837817550 0.1456985623 0.2986136377 -0.1086680517 0.9481672645
-216.4 -533.7 2488.5 0 0 0 0 0 0 0 0 0
227.2 -86.2 2498.7 0 0 0 0 0 0 0 0 0
-39.8 -758.4 2311.8 0 0 0 0 0 0 0 0 0
239.7 -877.4 2362.6 0 0 0 0 0 0 0 0 0
155.8 27.1 2618.6 6 0.9612756371 0.1490622908 0.2317964286 -0.1761893630 0.9791614413 0.1009959653 -0.2119114250 -0.1379250288 0.9675072432
126.1 -167.6 2646.0 0.9612756371 0.1490622908 0.2317964286 -0.1761893630 0.9791614413 0.1009959653 -0.2119114250 -0.1379250288 0.9675072432
101.3 -356.7 2674.4 0.9634621143 0.1312845945 0.2334633172 -0.1609054953 0.9805201888 0.1126478761 -0.2141265571 -0.1460974962 0.9658184648
-4.8 -144.4 2675.3 0.4954247475 -0.8679770231 0.0342075191 0.8666145205 0.4965748489 0.0489155762 -0.0594441891 0.0054107453 0.9982169867
-138.1 -377.7 2691.3 0.3233590424 -0.8679770231 -0.3769015372 0.5568720102 0.4965748489 -0.6658130288 0.7650702596 0.0054107453 0.6439241171
257.0 -190.8 2616.8 0.0370010994 0.9830893278 0.1793495119 -0.8147392273 0.1335991919 -0.5642262101 -0.5786457658 -0.1252460927 0.8059047461
264.4 -351.7 2502.5 -0.1368019730 0.9830893278 -0.1217396855 0.9904475212 0.1335991919 -0.0341320187 -0.0172905009 -0.1252460927 -0.9919750094
-5.4 -536.6 2721.8 0.9956342578 0.0015317914 -0.0933280885 -0.0873758569 -0.3364011645 -0.9376565218 -0.0328319706 0.9417175651 -0.3347986639
-6.0 -406.3 2356.9 0.9956342578 0.0904804543 0.0229295809 -0.0873758569 0.9898579121 -0.1120125204 -0.0328319706 0.1095200107 0.9934422374
166.8 -562.9 2684.8 0.9433922768 -0.3276622593 -0.0514625534 -0.1006807014 -0.1350607276 -0.9857088923 0.3160290420 0.9350914359 -0.1604045182
294.4 -510.3 2320.6 0.9433922768 0.1444595754 -0.2985672355 -0.1006807014 0.9824193120 0.1572123915 0.3160290420 -0.1182530075 0.9413511157
-223.6 -524.9 2489.0 0 0 0 0 0 0 0 0 0
227.5 -84.9 2497.8 0 0 0 0 0 0 0 0 0
-39.2 -769.7 2316.7 0 0 0 0 0 0 0 0 0
240.5 -877.0 2364.8 0 0 0 0 0 0 0 0 0
154.2 28.4 2618.3 7 0.9289513826 0.1542416066 0.3365395963 -0.1954547167 0.9763860106 0.0920206010 -0.3143991530 -0.1512609124 0.9371623993
123.7 -164.6 2648.2 0.9289513826 0.1542416066 0.3365395963 -0.1954547167 0.9763860106 0.0920206010 -0.3143991530 -0.1512609124 0.9371623993
96.5 -352.9 2678.9 0.9300515652 0.1437594742 0.3381380737 -0.1882439852 0.9767591953 0.1024972498 -0.3155445158 -0.1589801759 0.9354982376
-2.6 -137.7 2691.2 0.5115467906 -0.8474951982 0.1416750252 0.8519740105 0.5216894746 0.0445012301 -0.1116249487 0.0979389846 0.9889124632
-140.3 -367.0 2721.3 0.4191786647 -0.8474951982 -0.3256396055 0.5445867181 0.5216894746 -0.6567080021 0.7264396548 0.0979389846 0.6802157164
250.0 -191.5 2605.1 -0.0487621315 0.9676764011 0.2474362254 -0.8134999871 0.1052580029 -0.5719602108 -0.5795170069 -0.2291793823 0.7820721269
