-33.1 111.5 2545.8 84 0.9953215122 -0.0330314897 -0.0907965973 0.0693487972 0.8985723853 0.4333109260 0.0672744140 -0.4375803173 0.8966591358
-26.5 -68.4 2633.4 0.9953215122 -0.0330314897 -0.0907965973 0.0693487972 0.8985723853 0.4333109260 0.0672744140 -0.4375803173 0.8966591358
-19.9 -242.0 2723.7 0.9952252507 -0.0335145742 -0.0916707218 0.0719316751 0.8866763711 0.4567612708 0.0659741014 -0.4611743689 0.8848534226
-168.3 -78.6 2624.0 0.0101069352 -0.9809928536 -0.1937803477 0.9159175158 -0.0686781406 0.3954471350 -0.4012392759 -0.1814835817 0.8978144526
-171.3 -344.4 2740.4 -0.1551023275 -0.9809928536 0.1166029274 -0.2844886184 -0.0686781406 -0.9562162757 0.9460493922 -0.1814835817 -0.2684291601
115.3 -58.1 2642.8 -0.1720468700 0.8957646489 0.4098847806 -0.8605207801 0.0658644587 -0.5051394105 -0.4794828594 -0.4396220446 0.7594923377
59.4 -337.9 2486.9 -0.3899279833 0.8957646489 0.2134522051 -0.3584558666 0.0658644587 -0.9312202930 -0.8482131362 -0.4396220446 0.2954097092
-104.5 -424.3 2810.8 0.9826110601 0.1804438233 0.0437668003 0.0693470612 -0.1379901022 -0.9880028963 -0.1722396314 0.9738576412 -0.1481038481
-175.8 -369.8 2426.0 0.9826110601 -0.0005664027 0.1856749505 0.0693470612 0.9287515283 -0.3641586602 -0.1722396314 0.3707023263 0.9126408100
75.4 -410.8 2822.4 0.9995742440 0.0151794637 0.0249177311 0.0243789386 0.0347016789 -0.9991003275 -0.0160304941 0.9992824197 0.0343168452
69.5 -424.4 2431.1 0.9995742440 -0.0157708395 0.0245477092 0.0243789386 0.9136801958 -0.4057020247 -0.0160304941 0.4061277509 0.9136756659
-136.4 -280.4 2527.6 0 0 0 0 0 0 0 0 0
-51.1 -439.5 2246.4 0 0 0 0 0 0 0 0 0
-175.5 -787.4 2259.3 0 0 0 0 0 0 0 0 0
75.9 -794.7 2266.5 0 0 0 0 0 0 0 0 0
-34.1 109.1 2546.0 85 0.9938728809 -0.0412393250 -0.1025478914 0.0819016024 0.8977970481 0.4327269495 0.0742218271 -0.4384744167 0.8956736326
-25.8 -70.5 2633.8 0.9938728809 -0.0412393250 -0.1025478914 0.0819016024 0.8977970481 0.4327269495 0.0742218271 -0.4384744167 0.8956736326
-17.8 -243.8 2724.6 0.9937705398 -0.0408066586 -0.1037059948 0.0841248408 0.8850186467 0.4578918815 0.0730967000 -0.4637637138 0.8829383254
-167.4 -82.5 2623.3 0.0020282429 -0.9787262678 -0.2051603049 0.9149206877 -0.0809926838 0.3954242170 -0.4036285579 -0.1885074228 0.8952926397
-168.0 -348.0 2740.5 -0.1586364210 -0.9787262678 0.1301128417 -0.2839343846 -0.0809926838 -0.9554169178 0.9456298351 -0.1885074228 -0.2650456429
115.8 -58.5 2644.2 -0.1538753062 0.8760206103 0.4570670426 -0.8672995567 0.1018806547 -0.4872491956 -0.4734066129 -0.4713896811 0.7440953851
70.7 -312.8 2505.4 -0.3977833390 0.8760206103 0.2726835012 -0.4000131190 0.1018806547 -0.9108291864 -0.8256863356 -0.4713896811 0.3098933101
-103.3 -422.2 2808.1 0.9818779230 0.1840665489 0.0451135002 0.0695047081 -0.1282930523 -0.9892977476 -0.1763088703 0.9745051861 -0.1387616098
-175.8 -371.7 2424.7 0.9818779230 0.0004284080 0.1895139515 0.0695047081 0.9295024872 -0.3622073531 -0.1763088703 0.3688155115 0.9126282334
76.6 -409.2 2820.0 0.9991077781 0.0235014763 0.0350908600 0.0339611806 0.0468555763 -0.9983242154 -0.0251062959 0.9986251593 0.0460156314
67.4 -427.5 2428.9 0.9991077781 -0.0209276304 0.0366840847 0.0339611806 0.9144505858 -0.4032700658 -0.0251062959 0.4041560888 0.9143453836
-132.3 -284.1 2527.8 0 0 0 0 0 0 0 0 0
-41.3 -425.4 2273.0 0 0 0 0 0 0 0 0 0
-175.9 -788.1 2259.5 0 0 0 0 0 0 0 0 0
75.8 -795.0 2266.5 0 0 0 0 0 0 0 0 0
-35.4 104.2 2546.7 86 0.9925476313 -0.0485817641 -0.1117543131 0.0921406969 0.8993657827 0.4273772538 0.0797452554 -0.4344893992 0.8971397281
-25.7 -74.9 2633.2 0.9925476313 -0.0485817641 -0.1117543131 0.0921406969 0.8993657827 0.4273772538 0.0797452554 -0.4344893992 0.8971397281
-16.3 -249.0 2722.3 0.9924605489 -0.0477921665 -0.1128626317 0.0937566906 0.8891313672 0.4479454160 0.0789414272 -0.4551497698 0.8869086504
-167.1 -88.2 2621.9 -0.0056232214 -0.9768868685 -0.2136828750 0.9188730717 -0.0893511400 0.3843028247 -0.3945131898 -0.1941864192 0.8981375098
-165.5 -354.8 2736.4 -0.1602614969 -0.9768868685 0.1414505243 -0.2950011790 -0.0893511400 -0.9513099790 0.9419609904 -0.1941864192 -0.2738632262
115.8 -61.5 2644.4 -0.1432783604 0.8562659621 0.4962659776 -0.8686361909 0.1315010041 -0.4776805043 -0.4742810428 -0.4995158613 0.7249423265
76.4 -299.9 2514.3 -0.4067245126 0.8562659621 0.3184082210 -0.4244722128 0.1315010041 -0.8958408237 -0.8089489937 -0.4995158613 0.3099764287
-99.7 -424.8 2808.8 0.9798976779 0.1975731999 0.0276661031 0.0737070665 -0.2296674997 -0.9704741836 -0.1853856891 0.9530045390 -0.2396131754
-176.8 -335.1 2436.8 0.9798976779 -0.0017893942 0.1994928122 0.0737070665 0.9324574471 -0.3536811471 -0.1853856891 0.3612753749 0.9138447642
80.0 -409.6 2822.0 0.9985872507 0.0325964801 0.0419638380 0.0402584523 0.0513213016 -0.9978704453 -0.0346807018 0.9981501102 0.0499365143
67.2 -429.7 2431.1 0.9985872507 -0.0225656033 0.0481070429 0.0402584523 0.9121885300 -0.4077883959 -0.0346807018 0.4091490209 0.9118082523
-129.4 -288.5 2524.6 0 0 0 0 0 0 0 0 0
-37.7 -419.1 2287.2 0 0 0 0 0 0 0 0 0
-175.9 -790.0 2260.5 0 0 0 0 0 0 0 0 0
76.2 -793.7 2267.8 0 0 0 0 0 0 0 0 0
-36.8 98.3 2555.5 87 0.9891207218 -0.0539589226 -0.1368523836 0.1054966375 0.9085351229 0.4042701721 0.1025212184 -0.4143094718 0.9043434262
-26.1 -82.3 2637.8 0.9891207218 -0.0539589226 -0.1368523836 0.1054966375 0.9085351229 0.4042701721 0.1025212184 -0.4143094718 0.9043434262
-15.8 -257.8 2724.1 0.9889792800 -0.0526047871 -0.1383932233 0.1078922227 0.8961836100 0.4303652048 0.1013864726 -0.4405538142 0.8919826746
-167.0 -97.6 2623.3 -0.0123882294 -0.9710922241 -0.2383828312 0.9254821539 -0.1013982296 0.3649673760 -0.3785885870 -0.2160977572 0.8999847174
-163.4 -366.1 2733.2 -0.1748362929 -0.9710922241 0.1625180244 -0.3142193556 -0.1013982296 -0.9439197779 0.9331122637 -0.2160977572 -0.2874079049
114.8 -66.9 2652.3 -0.1341297776 0.8383262753 0.5284110904 -0.8527686596 0.1739678085 -0.4924640357 -0.5047720671 -0.5166665316 0.6915640831
78.9 -295.1 2517.2 -0.4077858329 0.8383262753 0.3618283868 -0.4288980663 0.1739678085 -0.8864432573 -0.8060751557 -0.5166665316 0.2886148989
-96.7 -431.6 2804.3 0.9779383540 0.2044247240 0.0429774821 0.0775401741 -0.1641999930 -0.9833747149 -0.1939692050 0.9650123715 -0.1764286011
-176.4 -367.5 2427.8 0.9779383540 -0.0002377879 0.2088934481 0.0775401741 0.9289677143 -0.3619482219 -0.1939692050 0.3701606691 0.9084916115
82.8 -414.7 2818.6 0.9981485009 0.0400536247 0.0457742102 0.0432887077 0.0608634502 -0.9972069860 -0.0427277312 0.9973421693 0.0590168908
67.1 -438.5 2428.0 0.9981485009 -0.0217923820 0.0567861162 0.0432887077 0.9103648067 -0.4115361571 -0.0427277312 0.4132323861 0.9096226096
-124.1 -295.5 2523.4 0 0 0 0 0 0 0 0 0
-35.4 -415.3 2291.2 0 0 0 0 0 0 0 0 0
-176.3 -787.4 2260.5 0 0 0 0 0 0 0 0 0
75.6 -793.5 2266.8 0 0 0 0 0 0 0 0 0
-34.7 97.1 2550.4 88 0.9893856049 -0.0478633195 -0.1372051537 0.1023740247 0.8996838331 0.4243684411 0.1031295732 -0.4339102507 0.8950341940
-25.1 -81.8 2636.7 0.9893856049 -0.0478633195 -0.1372051537 0.1023740247 0.8996838331 0.4243684411 0.1031295732 -0.4339102507 0.8950341940
-16.1 -255.6 2726.5 0.9892972708 -0.0459542833 -0.1384886801 0.1040565670 0.8875432611 0.4488197863 0.1022895053 -0.4584268332 0.8828259706
-166.1 -96.7 2622.1 -0.0056261369 -0.9710307717 -0.2388881743 0.9178532958 -0.0998274609 0.3841612041 -0.3968799412 -0.2171029598 0.8918254375
-164.5 -362.9 2737.2 -0.1795833111 -0.9710307717 0.1576358080 -0.2944908440 -0.0998274609 -0.9504260421 0.9386293292 -0.2171029598 -0.2680323422
115.8 -67.0 2651.3 -0.1579407901 0.8731650710 0.4611262977 -0.8519833088 0.1155716628 -0.5106541514 -0.4991784990 -0.4735250175 0.7256685495
69.6 -316.4 2505.2 -0.4041492939 0.8731650710 0.2724813521 -0.3714190722 0.1155716628 -0.9212443233 -0.8358894587 -0.4735250175 0.2776019573
-94.8 -443.0 2801.2 0.9757553339 0.2146162391 0.0429116637 0.0867044106 -0.1990250647 -0.9761512876 -0.2009574175 0.9562054873 -0.2128079534
-178.6 -365.2 2427.6 0.9757553339 -0.0072559309 0.2187438905 0.0867044106 0.9304936528 -0.3558987975 -0.2009574175 0.3662362099 0.9085632563
83.9 -423.5 2819.6 0.9983635545 0.0398532338 0.0410115644 0.0398723818 0.0289710667 -0.9987847209 -0.0409929492 0.9987854362 0.0273346137
68.3 -434.9 2428.5 0.9983635545 -0.0196749754 0.0536947288 0.0398723818 0.9125691056 -0.4069739878 -0.0409929492 0.4084489346 0.9118602276
-124.1 -296.7 2526.2 0 0 0 0 0 0 0 0 0
-44.3 -421.0 2269.7 0 0 0 0 0 0 0 0 0
-175.3 -789.2 2260.8 0 0 0 0 0 0 0 0 0
76.1 -795.1 2267.3 0 0 0 0 0 0 0 0 0
-33.4 98.8 2556.8 89 0.9910075068 -0.0445100740 -0.1261863708 0.0926330984 0.9087396264 0.4069538414 0.0965570062 -0.4149833620 0.9046908617
-24.6 -81.3 2639.1 0.9910075068 -0.0445100740 -0.1261863708 0.0926330984 0.9087396264 0.4069538414 0.0965570062 -0.4149833620 0.9046908617
-16.3 -256.8 2725.4 0.9909397960 -0.0424162336 -0.1274330020 0.0940389261 0.8965504169 0.4328440726 0.0958904997 -0.4409060776 0.8924162984
-165.8 -94.7 2625.4 -0.0011657696 -0.9735726118 -0.2283747643 0.9253444076 -0.0876331031 0.3688606024 -0.3791257739 -0.2108953148 0.9009921551
-165.4 -363.1 2735.4 -0.1743823439 -0.9735726118 0.1474692822 -0.3110408187 -0.0876331031 -0.9463477135 0.9342614412 -0.2108953148 -0.2875391543
116.6 -67.9 2652.7 -0.1766277999 0.8847234249 0.4313549399 -0.8466978669 0.0868980661 -0.5249299407 -0.5019017458 -0.4579445422 0.7337448001
62.7 -326.6 2499.4 -0.4077700973 0.8847234249 0.2258052975 -0.3316540122 0.0868980661 -0.9393904209 -0.8507227302 -0.4579445422 0.2579876482
-96.5 -438.8 2807.0 0.9770006537 0.2095225155 0.0396239683 0.0845247284 -0.2099284679 -0.9740562439 -0.1957685202 0.9550027847 -0.2228100747
-178.5 -356.7 2433.4 0.9770006537 -0.0053862054 0.2131683081 0.0845247284 0.9275715947 -0.3639594615 -0.1957685202 0.3736066222 0.9066933393
82.3 -420.0 2825.5 0.9981741309 0.0399330780 0.0453186929 0.0450215116 0.0083105667 -0.9989514351 -0.0402678326 0.9991677999 0.0064975452
66.7 -423.3 2434.3 0.9981741309 -0.0245692171 0.0551795997 0.0450215116 0.9116474986 -0.4084995389 -0.0402678326 0.4102379382 0.9110890627
-126.2 -293.2 2525.3 0 0 0 0 0 0 0 0 0
-53.2 -420.8 2257.6 0 0 0 0 0 0 0 0 0
-176.0 -785.4 2260.7 0 0 0 0 0 0 0 0 0
76.6 -792.6 2268.1 0 0 0 0 0 0 0 0 0
-31.6 98.9 2551.6 90 0.9896497130 -0.0371145196 -0.1386217326 0.0921483859 0.9048686624 0.4155975580 0.1100097597 -0.4240697622 0.8989230394
-24.2 -80.6 2635.7 0.9896497130 -0.0371145196 -0.1386217326 0.0921483859 0.9048686624 0.4155975580 0.1100097597 -0.4240697622 0.8989230394
-17.3 -255.5 2723.3 0.9895861745 -0.0352088362 -0.1395693123 0.0937286243 0.8935063481 0.4391598105 0.1092437580 -0.4476681054 0.8875015974
-165.2 -93.9 2620.1 0.0052154996 -0.9705982804 -0.2406486124 0.9227128029 -0.0880901515 0.3752880991 -0.3854527473 -0.2240068763 0.8951240778
-166.8 -361.6 2731.9 -0.1878994554 -0.9705982804 0.1504418403 -0.3043647110 -0.0880901515 -0.9484736323 0.9338393211 -0.2240068763 -0.2788637877
116.8 -67.2 2651.2 -0.1624085307 0.8668768406 0.4713257849 -0.8521016836 0.1176406071 -0.5099837780 -0.4975401759 -0.4844431877 0.7195613384
66.6 -330.7 2497.4 -0.4259696901 0.8668768406 0.2589871585 -0.3300447464 0.1176406071 -0.9366061687 -0.8423896432 -0.4844431877 0.2359968126
-97.5 -440.8 2803.1 0.9752781987 0.2128727287 0.0593099780 0.0930006281 -0.1519218534 -0.9840074182 -0.2004578561 0.9651968479 -0.1679633707
-180.7 -381.5 2425.9 0.9752781987 -0.0108452262 0.2207144052 0.0930006281 0.9261791706 -0.3654353917 -0.2004578561 0.3769277334 0.9042909741
81.6 -423.8 2820.4 0.9976862073 0.0414416417 0.0538968630 0.0523806140 0.0368425362 -0.9979473352 -0.0433422737 0.9984614253 0.0345865488
65.4 -438.3 2429.5 0.9976862073 -0.0296587497 0.0611771196 0.0523806140 0.9089676738 -0.4135626256 -0.0433422737 0.4158102274 0.9084179997
-124.5 -293.2 2522.0 0 0 0 0 0 0 0 0 0
-57.2 -426.6 2252.6 0 0 0 0 0 0 0 0 0
-176.0 -786.7 2261.0 0 0 0 0 0 0 0 0 0
76.9 -792.8 2267.3 0 0 0 0 0 0 0 0 0
-28.7 99.3 2548.4 91 0.9903287888 -0.0345780551 -0.1343625337 0.0893234983 0.8999396563 0.4267667830 0.1061614081 -0.4346411526 0.8943247795
-21.8 -79.2 2634.6 0.9903287888 -0.0345780551 -0.1343625337 0.0893234983 0.8999396563 0.4267667830 0.1061614081 -0.4346411526 0.8943247795
-15.0 -253.2 2724.2 0.9902081490 -0.0345904566 -0.1352453530 0.0924418941 0.8884375691 0.4495922625 0.1046054438 -0.4576922357 0.8829357028
-162.9 -92.4 2619.7 0.0060740183 -0.9716223478 -0.2364596128 0.9182437062 -0.0882148072 0.3860655427 -0.3959691525 -0.2194725275 0.8916503191
-164.7 -358.8 2734.6 -0.1852427125 -0.9716223478 0.1470890194 -0.2932003438 -0.0882148072 -0.9519725442 0.9379332066 -0.2194725275 -0.2685388327
119.3 -66.0 2649.5 -0.1599589586 0.8559959531 0.4916137457 -0.8593750000 0.1242789477 -0.4960134029 -0.4856826961 -0.5018223524 0.7157419920
69.3 -334.4 2497.8 -0.4418281913 0.8559959531 0.2684376836 -0.3281514347 0.1242789477 -0.9364141226 -0.8349278569 -0.5018223524 0.2259863615
-99.9 -439.0 2801.1 0.9773421288 0.2040291429 0.0563424341 0.0861232728 -0.1401617378 -0.9863759279 -0.1933523715 0.9688791633 -0.1545576155
-179.7 -384.2 2422.1 0.9773421288 -0.0078260722 0.2115209401 0.0861232728 0.9275586009 -0.3636176884 -0.1933523715 0.3735957742 0.9072161317
79.0 -422.0 2820.8 0.9991109967 0.0248322450 0.0340669528 0.0332303718 0.0333574116 -0.9988908768 -0.0259410888 0.9991349578 0.0325025730
69.3 -435.1 2429.6 0.9991109967 -0.0195295550 0.0373603292 0.0332303718 0.9101773500 -0.4128836989 -0.0259410888 0.4137581289 0.9100171924
-123.0 -292.8 2523.7 0 0 0 0 0 0 0 0 0
-59.4 -430.1 2254.5 0 0 0 0 0 0 0 0 0
-176.3 -785.7 2260.3 0 0 0 0 0 0 0 0 0
77.0 -794.1 2266.5 0 0 0 0 0 0 0 0 0
-27.4 100.6 2546.8 92 0.9897868037 -0.0356984548 -0.1380134821 0.0914572924 0.9016521573 0.4226806760 0.1093511134 -0.4309860766 0.8957082629
-20.4 -78.4 2632.4 0.9897868037 -0.0356984548 -0.1380134821 0.0914572924 0.9016521573 0.4226806760 0.1093511134 -0.4309860766 0.8957082629
-13.3 -252.8 2721.3 0.9896448851 -0.0361238495 -0.1389174759 0.0949979648 0.8903597593 0.4452357590 0.1076029018 -0.4538221657 0.8845716715
-161.4 -92.0 2617.1 0.0042752926 -0.9707758427 -0.2399500161 0.9200125933 -0.0902113989 0.3813643157 -0.3918654919 -0.2223874778 0.8927403092
-162.6 -358.9 2730.8 -0.1867667884 -0.9707758427 0.1507065147 -0.2979311645 -0.0902113989 -0.9503151774 0.9361384511 -0.2223874778 -0.2723758817
120.7 -64.9 2647.7 -0.1799304783 0.8656280637 0.4672398865 -0.8517176509 0.1005452201 -0.5142641664 -0.4921402335 -0.4904882610 0.7191795707
62.9 -338.3 2489.7 -0.4337983131 0.8656280637 0.2500141859 -0.3385621309 0.1005452201 -0.9355567098 -0.8349818587 -0.4904882610 0.2494525313
-97.8 -435.5 2804.4 0.9761515856 0.2102040350 0.0542433821 0.0866792053 -0.1483081877 -0.9851351976 -0.1990346611 0.9663431048 -0.1629915982
-180.1 -377.5 2426.1 0.9761515856 -0.0064625386 0.2169938087 0.0866792053 0.9280263186 -0.3622897863 -0.1990346611 0.3724585772 0.9064545035
81.2 -418.8 2823.3 0.9990563393 0.0270940010 0.0339464471 0.0335584171 0.0146502377 -0.9993293881 -0.0275731534 0.9995255470 0.0137271816
70.6 -424.5 2431.9 0.9990563393 -0.0195072200 0.0388061143 0.0335584171 0.9138986468 -0.4045529366 -0.0275731534 0.4054734409 0.9136908650
-120.6 -291.9 2520.3 0 0 0 0 0 0 0 0 0
-60.7 -434.8 2251.7 0 0 0 0 0 0 0 0 0
-177.2 -786.4 2262.0 0 0 0 0 0 0 0 0 0
78.5 -794.8 2267.7 0 0 0 0 0 0 0 0 0
-26.7 98.5 2548.1 93 0.9902285933 -0.0351198018 -0.1349592060 0.0890842006 0.9038735032 0.4184217155 0.1072911620 -0.4263558686 0.8981699347
-19.7 -80.9 2632.7 0.9902285933 -0.0351198018 -0.1349592060 0.0890842006 0.9038735032 0.4184217155 0.1072911620 -0.4263558686 0.8981699347
-12.8 -255.7 2720.7 0.9901054502 -0.0351683088 -0.1358469874 0.0922312811 0.8926993608 0.4411136806 0.1057572961 -0.4492784142 0.8871101141
-160.8 -94.0 2617.6 0.0054513947 -0.9714928865 -0.2370060235 0.9219502211 -0.0869052857 0.3774325252 -0.3872700930 -0.2205652893 0.8951942921
-162.4 -361.5 2730.0 -0.1852643937 -0.9714928865 0.1479144394 -0.3021857440 -0.0869052857 -0.9492793083 0.9350726604 -0.2205652893 -0.2774708271
121.4 -67.7 2647.8 -0.1962634623 0.8798877001 0.4327566624 -0.8445923924 0.0725144967 -0.5304765105 -0.4981408417 -0.4696161449 0.7289144993
57.7 -341.8 2486.1 -0.4160247743 0.8798877001 0.2296106964 -0.3599886000 0.0725144967 -0.9301342964 -0.8350638151 -0.4696161449 0.2865816951
-95.7 -435.8 2800.4 0.9754530191 0.2128126025 0.0565878265 0.0854578689 -0.1290051937 -0.9879547358 -0.2029490918 0.9685393572 -0.1440250129
-179.0 -385.2 2421.2 0.9754530191 -0.0046496294 0.2201585025 0.0854578689 0.9294137955 -0.3590082228 -0.2029490918 0.3690099418 0.9069969058
83.3 -418.6 2819.9 0.9987031221 0.0307964440 0.0405420475 0.0391115621 0.0457122140 -0.9981886744 -0.0325939283 0.9984798431 0.0444484353
71.2 -436.5 2429.0 0.9987031221 -0.0224398077 0.0457004756 0.0391115621 0.9128102660 -0.4065067470 -0.0325939283 0.4077669680 0.9125040770
-120.8 -293.6 2519.7 0 0 0 0 0 0 0 0 0
-60.9 -444.4 2248.1 0 0 0 0 0 0 0 0 0
-177.0 -786.9 2261.8 0 0 0 0 0 0 0 0 0
80.0 -794.7 2269.0 0 0 0 0 0 0 0 0 0
-27.0 95.6 2549.7 94 0.9891434312 -0.0353877470 -0.1426287740 0.0922130719 0.9051715732 0.4149231315 0.1144203097 -0.4235707223 0.8986077309
-20.0 -82.8 2633.1 0.9891434312 -0.0353877470 -0.1426287740 0.0922130719 0.9051715732 0.4149231315 0.1144203097 -0.4235707223 0.8986077309
-13.3 -257.8 2720.8 0.9890606999 -0.0339682326 -0.1435446441 0.0943587050 0.8936767578 0.4386778772 0.1133814007 -0.4474237561 0.8871057630
-161.0 -96.2 2617.0 0.0061031976 -0.9696037769 -0.2446044236 0.9228792191 -0.0887247622 0.3747290373 -0.3850411475 -0.2280273885 0.8942856789
-162.7 -364.0 2728.7 -0.1915098280 -0.9696037769 0.1522910297 -0.3048568368 -0.0887247622 -0.9482564330 0.9329449534 -0.2280273885 -0.2785986662
121.0 -69.3 2649.3 -0.1970968395 0.8832541108 0.4254585505 -0.8376127481 0.0738076121 -0.5412552953 -0.5094680786 -0.4630492330 0.7252776623
55.9 -345.7 2481.2 -0.4070145786 0.8832541108 0.2328116745 -0.3696390390 0.0738076121 -0.9262393713 -0.8352880478 -0.4630492330 0.2964444160
-95.5 -438.9 2799.1 0.9747591615 0.2144407630 0.0621269569 0.0888889953 -0.1174982116 -0.9890869260 -0.2048007548 0.9696438909 -0.1335938871
-179.4 -392.9 2419.4 0.9747591615 -0.0062002973 0.2231729329 0.0888889953 0.9277476072 -0.3624680340 -0.2048007548 0.3731566370 0.9048816562
83.5 -422.2 2818.2 0.9988793135 0.0301330071 0.0364983082 0.0358909965 0.0204552431 -0.9991463423 -0.0308538657 0.9993366003 0.0193508156
71.7 -430.2 2427.0 0.9988793135 -0.0206613597 0.0425820723 0.0358909965 0.9171575904 -0.3969053328 -0.0308538657 0.3979888260 0.9168712497
-119.7 -295.5 2518.9 0 0 0 0 0 0 0 0 0
-60.3 -451.3 2242.6 0 0 0 0 0 0 0 0 0
-176.8 -785.2 2261.6 0 0 0 0 0 0 0 0 0
79.9 -794.1 2269.1 0 0 0 0 0 0 0 0 0
-27.6 94.6 2557.5 95 0.9850818515 -0.0393230096 -0.1675333977 0.1024534851 0.9162155390 0.3873658776 0.1382643133 -0.3987514675 0.9065760970
-19.9 -85.9 2636.0 0.9850818515 -0.0393230096 -0.1675333977 0.1024534851 0.9162155390 0.3873658776 0.1382643133 -0.3987514675 0.9065760970
-12.4 -262.7 2719.8 0.9849325418 -0.0377663635 -0.1687647998 0.1059766933 0.9029723406 0.4164251685 0.1366630793 -0.4280358255 0.8933691978
-160.2 -100.9 2616.5 0.0002600088 -0.9631413221 -0.2689957619 0.9313045740 -0.0977461338 0.3508809209 -0.3642412126 -0.2506082356 0.8969525099
-160.3 -371.1 2722.2 -0.2064419240 -0.9631413221 0.1724544019 -0.3286865354 -0.0977461338 -0.9393672347 0.9216001630 -0.2506082356 -0.2963926792
120.4 -70.8 2655.5 -0.2009095848 0.8964053988 0.3950856924 -0.8327767253 0.0560956299 -0.5507596135 -0.5158665180 -0.4396710396 0.7352353930
54.1 -345.9 2485.1 -0.3904353082 0.8964053988 0.2098037601 -0.3696060181 0.0560956299 -0.9274937510 -0.8431794643 -0.4396710396 0.3094151318
-96.1 -441.4 2798.1 0.9742124081 0.2154590338 0.0669893920 0.0922184661 -0.1092511788 -0.9897271991 -0.2059269994 0.9703822136 -0.1263031512
-180.5 -398.6 2418.1 0.9742124081 -0.0086560966 0.2254667282 0.0922184661 0.9272675514 -0.3628644347 -0.2059269994 0.3742992282 0.9041538239
82.7 -424.3 2818.6 0.9981809855 0.0369900391 0.0476068072 0.0473396555 0.0080653941 -0.9988462925 -0.0373313315 0.9992830753 0.0062996275
68.2 -427.5 2427.4 0.9981809855 -0.0285440721 0.0531027988 0.0473396555 0.9165084362 -0.3972043395 -0.0373313315 0.3989956975 0.9161925316
-113.9 -297.2 2515.0 0 0 0 0 0 0 0 0 0
-60.0 -453.9 2238.7 0 0 0 0 0 0 0 0 0
-176.9 -786.4 2261.5 0 0 0 0 0 0 0 0 0
79.6 -792.3 2268.5 0 0 0 0 0 0 0 0 0
-26.9 93.3 2561.4 96 0.9861957431 -0.0348426849 -0.1618762910 0.0951130092 0.9194408059 0.3815521896 0.1355413646 -0.3916817009 0.9100626111
-20.0 -87.3 2638.3 0.9861957431 -0.0348426849 -0.1618762910 0.0951130092 0.9194408059 0.3815521896 0.1355413646 -0.3916817009 0.9100626111
-13.4 -264.8 2720.7 0.9860637784 -0.0335682407 -0.1629458368 0.0986350551 0.9066902399 0.4101023078 0.1339749992 -0.4204592109 0.8973654509
-160.5 -101.3 2619.2 0.0050304797 -0.9646211267 -0.2635920048 0.9342626929 -0.0894524679 0.3451831937 -0.3565499485 -0.2480006367 0.9007595778
-162.0 -372.3 2722.7 -0.2053698748 -0.9646211267 0.1653156728 -0.3348986804 -0.0894524679 -0.9379984736 0.9196010232 -0.2480006367 -0.3046795130
120.5 -73.2 2657.4 -0.2034445405 0.9010484219 0.3830431998 -0.8308578730 0.0480849892 -0.5544032454 -0.5179628134 -0.4310447872 0.7388605475
53.7 -346.2 2487.2 -0.3843995333 0.9010484219 0.2008700520 -0.3717425168 0.0480849892 -0.9270896912 -0.8450115323 -0.4310447872 0.3164741695
-94.0 -449.0 2791.3 0.9704720378 0.2289307714 0.0759918764 0.1025337353 -0.1063556001 -0.9890274405 -0.2183366567 0.9676151872 -0.1266882569
-183.7 -407.4 2412.3 0.9704720378 -0.0157022476 0.2407021075 0.1025337353 0.9300925136 -0.3527247012 -0.2183366567 0.3669895530 0.9042387605
84.0 -429.9 2816.0 0.9986469150 0.0350822248 0.0383877158 0.0381487794 0.0074551608 -0.9992442727 -0.0353418998 0.9993566275 0.0061067292
70.3 -432.9 2424.6 0.9986469150 -0.0211658720 0.0475014225 0.0381487794 0.9189354777 -0.3925585449 -0.0353418998 0.3938395083 0.9184995294
-115.8 -297.0 2515.9 0 0 0 0 0 0 0 0 0
-59.9 -456.0 2237.6 0 0 0 0 0 0 0 0 0
-177.3 -785.0 2263.3 0 0 0 0 0 0 0 0 0
78.6 -792.6 2270.4 0 0 0 0 0 0 0 0 0
-26.5 88.2 2562.3 97 0.9828222990 -0.0350929238 -0.1811872721 0.1030662134 0.9187636971 0.3811176419 0.1530937552 -0.3932452202 0.9065983295
-19.7 -90.5 2638.8 0.9828222990 -0.0350929238 -0.1811872721 0.1030662134 0.9187636971 0.3811176419 0.1530937552 -0.3932452202 0.9065983295
-13.4 -267.8 2721.6 0.9827194214 -0.0322332196 -0.1822731495 0.1058531106 0.9056760669 0.4105435014 0.1518473029 -0.4227432609 0.8934375048
-159.7 -105.5 2617.2 0.0050666248 -0.9592549205 -0.2824966609 0.9336443543 -0.0966453552 0.3449172080 -0.3581655025 -0.2654989660 0.8951132894
-161.2 -376.4 2721.1 -0.2198814899 -0.9592549205 0.1774321198 -0.3347534239 -0.0966453552 -0.9373365641 0.9162926674 -0.2654989660 -0.2998633385
120.3 -75.4 2660.5 -0.2004723549 0.8996229768 0.3879295290 -0.8263040781 0.0574683733 -0.5602847338 -0.5263386965 -0.4328693449 0.7318413258
54.8 -345.4 2488.5 -0.3827545047 0.8996229768 0.2101843804 -0.3733720779 0.0574683733 -0.9258999228 -0.8450398445 -0.4328693449 0.3138978183
-95.9 -451.3 2790.9 0.9738519192 0.2168897837 0.0676111877 0.0942591652 -0.1149644479 -0.9888874292 -0.2067067027 0.9694029093 -0.1324021965
-180.9 -406.2 2411.2 0.9738519192 -0.0122909006 0.2268510163 0.0942591652 0.9303929806 -0.3542373478 -0.2067067027 0.3663575053 0.9072235227
82.3 -433.5 2815.1 0.9987838268 0.0294644516 0.0395304523 0.0391962938 0.0118339034 -0.9991614819 -0.0299075432 0.9994958043 0.0106646148
70.8 -438.1 2423.6 0.9987838268 -0.0241415892 0.0429883040 0.0391962938 0.9177122116 -0.3953073919 -0.0299075432 0.3965116143 0.9175423980
-111.7 -301.2 2515.1 0 0 0 0 0 0 0 0 0
-58.8 -456.2 2237.6 0 0 0 0 0 0 0 0 0
-175.9 -785.2 2262.0 0 0 0 0 0 0 0 0 0
80.1 -792.8 2270.4 0 0 0 0 0 0 0 0 0
-24.1 88.9 2554.3 98 0.9835414290 -0.0263616946 -0.1787493974 0.0979396328 0.9091362357 0.4048198760 0.1518358290 -0.4156637490 0.8967549801
-18.9 -88.4 2635.4 0.9835414290 -0.0263616946 -0.1787493974 0.0979396328 0.9091362357 0.4048198760 0.1518358290 -0.4156637490 0.8967549801
-14.3 -264.2 2721.5 0.9834889770 -0.0236606132 -0.1794144958 0.0998329595 0.8978446722 0.4288452864 0.1509396136 -0.4396761060 0.8853824735
-159.1 -102.6 2613.8 0.0138296830 -0.9598454237 -0.2801884413 0.9266825914 -0.0929527357 0.3641691506 -0.3755903542 -0.2646820843 0.8881865144
-163.1 -371.4 2722.8 -0.2237483859 -0.9598454237 0.1692142934 -0.3154524267 -0.0929527357 -0.9443778396 0.9221856594 -0.2646820843 -0.2819875479
121.2 -74.1 2656.9 -0.2038072497 0.8934623599 0.4002345204 -0.8259228468 0.0625897422 -0.5602981448 -0.5256558657 -0.4447556436 0.7251747251
54.1 -346.2 2483.7 -0.3902007937 0.8934623599 0.2224149108 -0.3822016120 0.0625897422 -0.9219568372 -0.8376545906 -0.4447556436 0.3170601726
-95.9 -454.8 2790.7 0.9716676474 0.2238820940 0.0757548064 0.1031378359 -0.1132511199 -0.9881987572 -0.2126606852 0.9680139422 -0.1331331730
-183.5 -410.4 2411.5 0.9716676474 -0.0178014021 0.2356800586 0.1031378359 0.9291446805 -0.3550390303 -0.2126606852 0.3692874908 0.9046558142
81.8 -435.7 2818.1 0.9991126657 0.0255108587 0.0335126407 0.0334776454 0.0017978438 -0.9994378686 -0.0255567692 0.9996729493 0.0009422050
71.8 -436.4 2426.6 0.9991126657 -0.0203350857 0.0368834026 0.0334776454 0.9148126841 -0.4024884403 -0.0255567692 0.4033660889 0.9146817327
-112.8 -300.5 2515.5 0 0 0 0 0 0 0 0 0
-59.0 -457.0 2240.9 0 0 0 0 0 0 0 0 0
-176.3 -786.4 2262.1 0 0 0 0 0 0 0 0 0
79.7 -793.4 2269.1 0 0 0 0 0 0 0 0 0
-19.8 87.9 2550.3 99 0.9825494885 -0.0176391695 -0.1851629317 0.0942278579 0.9055007696 0.4137504995 0.1603669673 -0.4239778519 0.8913614154
-16.3 -88.9 2633.1 0.9825494885 -0.0176391695 -0.1851629317 0.0942278579 0.9055007696 0.4137504995 0.1603669673 -0.4239778519 0.8913614154
-13.1 -264.2 2720.3 0.9824945927 -0.0164293274 -0.1855651289 0.0971297622 0.8951723576 0.4350084066 0.1589658707 -0.4454173148 0.8810977936
-156.3 -102.8 2610.4 0.0206471570 -0.9578285217 -0.2865976095 0.9242817163 -0.0909970999 0.3707058728 -0.3811522126 -0.2725509405 0.8834245801
-162.3 -370.9 2721.0 -0.2330475301 -0.9578285217 0.1680873036 -0.3088496923 -0.0909970999 -0.9467477798 0.9221175313 -0.2725509405 -0.2746184170
123.7 -75.1 2655.8 -0.2134229094 0.8987021446 0.3831254244 -0.8225791454 0.0462720618 -0.5667648911 -0.5270808339 -0.4361115992 0.7293781638
53.7 -344.9 2482.9 -0.3880435824 0.8987021446 0.2043443024 -0.3794443011 0.0462720618 -0.9240567684 -0.8399072289 -0.4361115992 0.3230518401
-98.5 -449.0 2793.9 0.9739195704 0.2168327421 0.0668147206 0.0984724835 -0.1386449337 -0.9854342937 -0.2044109106 0.9663131833 -0.1563810706
-183.4 -394.7 2415.5 0.9739195704 -0.0176587328 0.2262052596 0.0984724835 0.9310754538 -0.3512856662 -0.2044109106 0.3643989861 0.9085315466
79.2 -431.0 2821.2 0.9983718395 0.0305102244 0.0481951311 0.0482941195 -0.0025154746 -0.9988300204 -0.0303532928 0.9995312691 -0.0039848434
67.3 -430.0 2429.7 0.9983718395 -0.0319630802 0.0472441092 0.0482941195 0.9143992066 -0.4019225836 -0.0303532928 0.4035498202 0.9144540429
-109.9 -301.5 2513.7 0 0 0 0 0 0 0 0 0
-59.3 -455.4 2238.2 0 0 0 0 0 0 0 0 0
-176.1 -784.2 2263.1 0 0 0 0 0 0 0 0 0
80.0 -794.9 2268.7 0 0 0 0 0 0 0 0 0
-20.2 80.6 2557.3 00 0.9809784293 -0.0220629144 -0.1928588748 0.0985011756 0.9126843214 0.3966167271 0.1672687531 -0.4080692828 0.8974968791
-15.9 -96.4 2636.5 0.9809784293 -0.0220629144 -0.1928588748 0.0985011756 0.9126843214 0.3966167271 0.1672687531 -0.4080692828 0.8974968791
-12.4 -272.9 2721.4 0.9809534550 -0.0178190004 -0.1934238821 0.0996368229 0.9009586573 0.4223103225 0.1667417735 -0.4335389137 0.8855739236
-155.7 -110.6 2612.7 0.0186431203 -0.9555659890 -0.2941870689 0.9293776751 -0.0919300690 0.3574995697 -0.3686590791 -0.2800758183 0.8863678575
-161.1 -380.3 2719.6 -0.2375832945 -0.9555659890 0.1744929105 -0.3222409785 -0.0919300690 -0.9421834350 0.9163596034 -0.2800758183 -0.2860814631
123.9 -82.3 2660.2 -0.1941829622 0.8575319052 0.4763738215 -0.8056361675 0.1376551688 -0.5761956573 -0.5596814752 -0.4956713617 0.6641284227
61.0 -343.3 2478.9 -0.4100738764 0.8575319052 0.3106098175 -0.3988593519 0.1376551688 -0.9066213369 -0.8202137947 -0.4956713617 0.2855858207
-98.7 -448.3 2793.2 0.9742207527 0.2150271386 0.0682440326 0.0959545374 -0.1211802214 -0.9879817963 -0.2041730732 0.9690607190 -0.1386891156
-182.9 -400.8 2413.7 0.9742207527 -0.0150553836 0.2250938714 0.0959545374 0.9306711555 -0.3530495465 -0.2041730732 0.3655469716 0.9081237316
78.9 -430.7 2821.9 0.9992430210 0.0206135605 0.0329921320 0.0326782539 0.0153826540 -0.9993475676 -0.0211076178 0.9996691942 0.0146973943
70.9 -436.8 2430.4 0.9992430210 -0.0212019067 0.0326171555 0.0326782539 0.9123744369 -0.4080502093 -0.0211076178 0.4088071883 0.9123766422
-107.7 -307.8 2513.6 0 0 0 0 0 0 0 0 0
-57.7 -458.7 2241.5 0 0 0 0 0 0 0 0 0
-176.7 -783.5 2263.4 0 0 0 0 0 0 0 0 0
79.2 -795.3 2269.8 0 0 0 0 0 0 0 0 0
-27.3 70.4 2560.3 01 0.9912416935 -0.0368537717 -0.1268137246 0.0755470842 0.9458692074 0.3156328201 0.1083169356 -0.3224488199 0.9403691888
-19.9 -118.8 2624.8 0.9912416935 -0.0368537717 -0.1268137246 0.0755470842 0.9458692074 0.3156328201 0.1083169356 -0.3224488199 0.9403691888
-10.9 -276.5 2735.9 0.9895493984 -0.0418092534 -0.1379999965 0.1134592071 0.8163969517 0.5662358403 0.0889888778 -0.5759757161 0.8126087189
-160.6 -134.0 2612.2 -0.0061120372 -0.9698563814 -0.2436006367 0.8550898433 -0.1313669533 0.5015616417 -0.5184438229 -0.2052348703 0.8301172256
-158.9 -378.6 2760.5 -0.1832875609 -0.9698563814 0.1605748981 -0.1617321372 -0.1313669533 -0.9780518413 0.9696640372 -0.2052348703 -0.1327790171
120.8 -103.6 2637.4 -0.1905549318 0.8505224586 0.4902044535 -0.8206684589 0.1360022128 -0.5549834967 -0.5386947989 -0.5080501437 0.6720810533
64.3 -346.7 2477.8 -0.4280004501 0.8505224586 0.3056586087 -0.3824201524 0.1360022128 -0.9139246345 -0.8188836575 -0.5080501437 0.2670479119
-94.4 -448.1 2816.9 0.9712808728 0.2229012251 0.0832378715 0.1099220961 -0.1100975648 -0.9878237247 -0.2110228240 0.9686039090 -0.1314374357
-187.1 -402.3 2414.2 0.9712808728 -0.0256180800 0.2365527749 0.1099220961 0.9300459027 -0.3506161869 -0.2110228240 0.3665491641 0.9061517715
82.5 -432.5 2834.2 0.9993104935 0.0251324307 0.0273285788 0.0270752646 0.0103649059 -0.9995796680 -0.0254051257 0.9996303916 0.0096772928
72.4 -436.7 2429.9 0.9993104935 -0.0144496020 0.0342008695 0.0270752646 0.9139232635 -0.4049829841 -0.0254051257 0.4056297541 0.9136843681
-118.3 -342.8 2545.9 0 0 0 0 0 0 0 0 0
-59.4 -457.3 2241.1 0 0 0 0 0 0 0 0 0
-176.6 -783.4 2264.0 0 0 0 0 0 0 0 0 0
78.0 -795.9 2270.5 0 0 0 0 0 0 0 0 0
-23.2 73.3 2561.8 02 0.9988655448 -0.0060185287 -0.0472375564 0.0214633308 0.9424055815 0.3337828815 0.0425080545 -0.3344180882 0.9414656758
-22.0 -115.1 2628.6 0.9988655448 -0.0060185287 -0.0472375564 0.0214633308 0.9424055815 0.3337828815 0.0425080545 -0.3344180882 0.9414656758
-20.0 -283.6 2723.6 0.9987289310 -0.0125054261 -0.0488274805 0.0348396264 0.8713309169 0.4894574881 0.0364240222 -0.4905364811 0.8706590533
-163.6 -120.0 2624.1 0.0360939465 -0.9869307280 -0.1570509821 0.9004446864 -0.0360480659 0.4334742129 -0.4334703982 -0.1570615172 0.8873754144
-173.9 -377.9 2748.2 -0.1433750838 -0.9869307280 0.0735620037 -0.2484968752 -0.0360480659 -0.9679616690 0.9579628706 -0.1570615172 -0.2400807887
119.5 -110.2 2633.2 -0.1761422157 0.8325435519 0.5252096057 -0.8257658482 0.1654466242 -0.5392014384 -0.5358028412 -0.5286762714 0.6583439112
68.2 -350.9 2477.1 -0.4454265833 0.8325435519 0.3293423355 -0.3674562573 0.1654466242 -0.9152067304 -0.8164380193 -0.5286762714 0.2322290093
-100.3 -448.8 2826.2 0.9765212536 0.1987315416 0.0831387267 0.0987400636 -0.0699121282 -0.9926543832 -0.1914593279 0.9775571823 -0.0878934413
-185.4 -418.8 2407.8 0.9765212536 -0.0223190840 0.2142618299 0.0987400636 0.9303585291 -0.3531054258 -0.1914593279 0.3659711778 0.9107186198
77.1 -440.1 2831.0 0.9995250106 0.0152443871 0.0267839655 0.0266405419 0.0095348498 -0.9995995760 -0.0154936640 0.9998383522 0.0091242017
70.9 -444.0 2424.2 0.9995250106 -0.0182057880 0.0248660687 0.0266405419 0.9160599709 -0.4001555145 -0.0154936640 0.4006278813 0.9161098599
-142.1 -322.8 2535.5 0 0 0 0 0 0 0 0 0
-60.0 -456.6 2242.2 0 0 0 0 0 0 0 0 0
-176.6 -784.7 2263.9 0 0 0 0 0 0 0 0 0
77.9 -796.5 2270.1 0 0 0 0 0 0 0 0 0
-20.0 74.8 2562.5 03 0.9989373088 0.0253558867 -0.0384877510 -0.0108161801 0.9407176375 0.3390181065 0.0448022150 -0.3382415473 0.9399922490
-24.9 -110.4 2629.1 0.9989373088 0.0253558867 -0.0384877510 -0.0108161801 0.9407176375 0.3390181065 0.0448022150 -0.3382415473 0.9399922490
-29.4 -285.0 2713.9 0.9991265535 0.0212162025 -0.0360000730 -0.0033398182 0.8993073702 0.4373043180 0.0416530669 -0.4368021190 0.8985927701
-166.8 -109.8 2623.6 0.0700528696 -0.9869304299 -0.1451236755 0.9233799577 0.0091090156 0.3837792277 -0.3774414659 -0.1608891189 0.9119499326
-187.0 -375.4 2732.2 -0.1561913937 -0.9869304299 0.0396551602 -0.2997594476 0.0091090156 -0.9539713264 0.9411421418 -0.1608891189 -0.2972644866
117.0 -110.9 2634.6 -0.1750296801 0.8460310698 0.5035831928 -0.8341233134 0.1443132311 -0.5323644876 -0.5230706334 -0.5132300854 0.6804351807
66.4 -351.9 2483.4 -0.4376136661 0.8460310698 0.3045089245 -0.3618648648 0.1443132311 -0.9209926724 -0.8231331110 -0.5132300854 0.2429954857
-112.4 -457.6 2809.2 0.9778259993 0.1888631433 0.0904819146 0.1083945632 -0.0867582560 -0.9903149009 -0.1791839302 0.9781634212 -0.1053062230
-189.8 -422.0 2408.3 0.9778259993 -0.0357790105 0.2063398361 0.1083945632 0.9295145869 -0.3524957597 -0.1791839302 0.3670456409 0.9127818346
66.6 -456.7 2809.4 0.9998250604 -0.0181718897 0.0044280379 0.0057379934 0.0726801679 -0.9973387718 0.0178017002 0.9971897602 0.0727717206
73.8 -485.7 2412.3 0.9998250604 -0.0127048753 -0.0137262978 0.0057379934 0.9068508148 -0.4214127064 0.0178017002 0.4212602377 0.9067651033
-152.1 -308.6 2522.2 0 0 0 0 0 0 0 0 0
-59.9 -456.3 2246.0 0 0 0 0 0 0 0 0 0
-175.8 -786.5 2264.4 0 0 0 0 0 0 0 0 0
78.2 -795.1 2268.6 0 0 0 0 0 0 0 0 0
-19.5 75.7 2564.4 04 0.9984359145 0.0401852317 -0.0388705097 -0.0240826141 0.9365687370 0.3496555090 0.0504558943 -0.3481725156 0.9360716343
-27.4 -108.0 2632.7 0.9984359145 0.0401852317 -0.0388705097 -0.0240826141 0.9365687370 0.3496555090 0.0504558943 -0.3481725156 0.9360716343
-35.5 -284.8 2714.4 0.9985374808 0.0405503698 -0.0357578769 -0.0217636339 0.9069254994 0.4207285047 0.0494904257 -0.4193349481 0.9064816236
-169.4 -104.8 2625.9 0.0885321051 -0.9855338931 -0.1445164829 0.9291328192 0.0294186361 0.3685739934 -0.3589906991 -0.1669056267 0.9182963371
-195.0 -373.2 2729.6 -0.1676302552 -0.9855338931 0.0249608513 -0.3142512441 0.0294186361 -0.9488839507 0.9344229698 -0.1669056267 -0.3146367073
114.6 -111.1 2639.5 -0.1486262083 0.8238519430 0.5469718575 -0.8343482614 0.1924335659 -0.5165581703 -0.5308231711 -0.5331391096 0.6587787271
72.6 -347.1 2489.4 -0.4443992972 0.8238519430 0.3518199027 -0.3645409346 0.1924335659 -0.9110868573 -0.8183026314 -0.5331391096 0.2148104012
-126.1 -460.5 2792.1 0.9845082164 0.1522523165 0.0869641006 0.0916143507 -0.0237855818 -0.9955104589 -0.1495002806 0.9880554080 -0.0373655967
-187.0 -451.0 2397.2 0.9845082164 -0.0303358529 0.1726941317 0.0916143507 0.9287798405 -0.3591306508 -0.1495002806 0.3693883419 0.9171705842
53.6 -463.8 2796.2 0.9979415536 -0.0573736802 -0.0286523327 -0.0236033145 0.0868236497 -0.9959440231 0.0596286766 0.9945701957 0.0852907225
76.2 -498.1 2403.7 0.9979415536 -0.0033172257 -0.0640444458 -0.0236033145 0.9095614552 -0.4148985445 0.0596286766 0.4155561626 0.9076108932
-157.5 -302.8 2520.3 0 0 0 0 0 0 0 0 0
-54.1 -451.0 2256.1 0 0 0 0 0 0 0 0 0
-176.0 -786.3 2263.8 0 0 0 0 0 0 0 0 0
77.3 -796.9 2267.2 0 0 0 0 0 0 0 0 0
-18.1 76.6 2563.8 05 0.9977096319 0.0493846983 -0.0462242849 -0.0291275959 0.9304185510 0.3653394580 0.0610501133 -0.3631562889 0.9297260046
-27.8 -105.5 2634.9 0.9977096319 0.0493846983 -0.0462242849 -0.0291275959 0.9304185510 0.3653394580 0.0610501133 -0.3631562889 0.9297260046
-37.9 -282.4 2717.2 0.9977368712 0.0516751222 -0.0430208631 -0.0286321733 0.9054282308 0.4235326350 0.0608384050 -0.4213423431 0.9048587084
-169.8 -101.4 2626.4 0.0986870453 -0.9835301638 -0.1514243037 0.9275261760 0.0357882194 0.3720408380 -0.3604941964 -0.1771656126 0.9157817960
-198.4 -369.9 2730.7 -0.1794559807 -0.9835301638 0.0215407331 -0.3101741970 0.0357882194 -0.9500058889 0.9335885048 -0.1771656126 -0.3114880919
114.3 -109.6 2643.5 -0.1415672898 0.8234441280 0.5494529009 -0.8365375996 0.1972639710 -0.5111671090 -0.5293048024 -0.5320025086 0.6609158516
72.8 -354.6 2488.4 -0.4524569809 0.8234441280 0.3423776329 -0.3374871314 0.1972639710 -0.9204288721 -0.8254605532 -0.5320025086 0.1886483431
-134.8 -460.2 2790.3 0.9865188599 0.1390042156 0.0863616318 0.0917277709 -0.0326601639 -0.9952483773 -0.1355231404 0.9897530675 -0.0449704155
-189.8 -447.3 2398.7 0.9865188599 -0.0353962556 0.1597736180 0.0917277709 0.9281405210 -0.3607509136 -0.1355231404 0.3705432713 0.9188749194
45.2 -465.5 2797.5 0.9936278462 -0.0900473222 -0.0677878782 -0.0596186742 0.0905059949 -0.9941098094 0.0956521332 0.9918165803 0.0845607743
80.6 -501.1 2407.7 0.9936278462 0.0126434257 -0.1119993776 -0.0596186742 0.9022524953 -0.4270667732 0.0956521332 0.4310226738 0.8972569704
-158.1 -300.3 2521.2 0 0 0 0 0 0 0 0 0
-57.2 -451.6 2251.2 0 0 0 0 0 0 0 0 0
-176.9 -786.2 2263.4 0 0 0 0 0 0 0 0 0
76.5 -797.7 2266.0 0 0 0 0 0 0 0 0 0
-16.6 79.0 2555.1 06 0.9974198341 0.0450759754 -0.0558733195 -0.0195559748 0.9194670320 0.3926804066 0.0690741241 -0.3905745745 0.9179762006
-25.4 -101.1 2631.6 0.9974198341 0.0450759754 -0.0558733195 -0.0195559748 0.9194670320 0.3926804066 0.0690741241 -0.3905745745 0.9179762006
-34.9 -277.1 2716.5 0.9974010587 0.0481096357 -0.0536336787 -0.0199223161 0.8995328546 0.4363985956 0.0692402348 -0.4341959059 0.8981534839
-167.5 -98.3 2621.8 0.0942762718 -0.9823836684 -0.1613514870 0.9228811860 0.0254561529 0.3842424452 -0.3733661175 -0.1851332039 0.9090233445
-194.8 -365.7 2730.0 -0.1842387170 -0.9823836684 0.0312796310 -0.2977547348 0.0254561529 -0.9543029070 0.9366953373 -0.1851332039 -0.2971993983
116.7 -104.0 2641.4 -0.1454044580 0.8348289132 0.5309597254 -0.8514326215 0.1677461565 -0.4969142079 -0.5039048195 -0.5243299603 0.6864095330
73.4 -357.2 2491.5 -0.4525285959 0.8348289132 0.3134941161 -0.3332750201 0.1677461565 -0.9277871251 -0.8271309733 -0.5243299603 0.2023176849
-138.8 -457.0 2793.3 0.9905990362 0.1212045476 0.0634271950 0.0713739097 -0.0623850785 -0.9954968095 -0.1167018265 0.9906651974 -0.0704494417
-186.5 -432.5 2403.6 0.9905990362 -0.0233231969 0.1347945929 0.0713739097 0.9287276268 -0.3638278842 -0.1167018265 0.3700283766 0.9216613770
41.3 -462.9 2803.5 0.9926454425 -0.0993971378 -0.0691033900 -0.0649897158 0.0440489724 -0.9969132543 0.1021342576 0.9940723777 0.0372652188
80.3 -480.1 2413.9 0.9926454425 0.0152402911 -0.1200949773 -0.0649897158 0.9040549994 -0.4224463403 0.1021342576 0.4271443486 0.8983964920
-153.4 -298.9 2519.6 0 0 0 0 0 0 0 0 0
-58.4 -454.3 2250.6 0 0 0 0 0 0 0 0 0
-177.6 -785.6 2262.9 0 0 0 0 0 0 0 0 0
74.9 -797.9 2263.7 0 0 0 0 0 0 0 0 0
-16.9 76.1 2559.2 07 0.9976341724 0.0386069231 -0.0568817519 -0.0136345653 0.9220982194 0.3867156804 0.0673804581 -0.3850252032 0.9204430580
-24.4 -102.5 2633.7 0.9976341724 0.0386069231 -0.0568817519 -0.0136345653 0.9220982194 0.3867156804 0.0673804581 -0.3850252032 0.9204430580
-32.6 -279.1 2717.7 0.9976057410 0.0419979692 -0.0549453273 -0.0142788440 0.9024546742 0.4305481017 0.0676678121 -0.4287326932 0.9008936286
-166.5 -100.4 2624.1 0.0879438370 -0.9828515053 -0.1620764136 0.9257301688 0.0205606651 0.3776254356 -0.3678173125 -0.1832488477 0.9116634727
-192.0 -368.9 2730.8 -0.1807340980 -0.9828515053 0.0365796089 -0.3045465350 0.0205606651 -0.9522755146 0.9351933599 -0.1832488477 -0.3030400574
