136.5 58.5 2638.9 34 0.9987998009 0.0356511883 0.0335853212 -0.0394770168 0.9918481112 0.1211562306 -0.0289921742 -0.1223366633 0.9920651317
129.3 -139.7 2663.4 0.9987998009 0.0356511883 0.0335853212 -0.0394770168 0.9918481112 0.1211562306 -0.0289921742 -0.1223366633 0.9920651317
123.0 -330.8 2688.1 0.9988099337 0.0352070481 0.0337521993 -0.0391935334 0.9912776947 0.1258266419 -0.0290278178 -0.1269997656 0.9914779067
-6.6 -133.0 2667.5 0.3879646361 -0.9079040289 -0.1587252319 0.9212760925 0.3870646358 0.0378325433 0.0270886067 -0.1609074473 0.9865977168
-111.0 -381.0 2660.2 0.1044381186 -0.9079040289 -0.4059592783 0.5806335211 0.3870646358 -0.7162720561 0.8074387908 -0.1609074473 0.5675837994
265.3 -146.3 2659.3 0.2436551452 0.9653294683 0.0936548114 -0.7954568267 0.2541520894 -0.5501410365 -0.5548698902 0.0595463328 0.8298033476
313.4 -303.4 2549.7 -0.2513552606 0.9653294683 0.0704243705 0.9665696025 0.2541520894 -0.0339110494 -0.0506338365 0.0595463328 -0.9969405532
22.3 -518.3 2716.6 0.9920963645 0.1124359295 -0.0557042807 -0.0467238203 -0.0809859633 -0.9956194758 -0.1164546683 0.9903531671 -0.0750924423
-21.4 -486.9 2332.2 0.9920963645 0.0473186560 0.1162142456 -0.0467238203 0.9988771081 -0.0078388490 -0.1164546683 0.0023469198 0.9931932092
201.0 -527.0 2708.2 0.9850102663 -0.1722929627 0.0083645815 -0.0129269017 -0.1220852956 -0.9924354553 0.1720108241 0.9774509072 -0.1224824786
265.2 -481.5 2344.0 0.9850102663 0.0142781064 -0.1719039381 -0.0129269017 0.9998761415 0.0089771496 0.1720108241 -0.0066203992 0.9850727916
-138.6 -534.5 2446.7 0 0 0 0 0 0 0 0 0
245.7 -43.0 2536.1 0 0 0 0 0 0 0 0 0
-39.0 -859.8 2331.4 0 0 0 0 0 0 0 0 0
259.9 -854.8 2346.5 0 0 0 0 0 0 0 0 0
135.3 60.0 2639.4 35 0.9992399216 0.0273461957 0.0277814493 -0.0304317735 0.9926049709 0.1175126731 -0.0243624803 -0.1182687879 0.9926826954
129.8 -138.3 2663.1 0.9992399216 0.0273461957 0.0277814493 -0.0304317735 0.9926049709 0.1175126731 -0.0243624803 -0.1182687879 0.9926826954
125.2 -329.6 2686.1 0.9992595315 0.0266213901 0.0277797673 -0.0297100581 0.9926341772 0.1174508259 -0.0244484432 -0.1181891933 0.9926900864
-6.1 -132.9 2666.6 0.3792628050 -0.9106667638 -0.1638468951 0.9245481491 0.3800550401 0.0277286042 0.0370193236 -0.1620007753 0.9860960245
-108.2 -381.7 2656.6 0.0951327831 -0.9106667638 -0.4020395875 0.5744845271 0.3800550401 -0.7249315381 0.8129681945 -0.1620007753 0.5593196154
265.8 -143.6 2659.6 0.2537114620 0.9626296163 0.0947351828 -0.7882854939 0.2625273466 -0.5564938188 -0.5605679750 0.0665104762 0.8254331350
315.9 -299.3 2548.9 -0.2600658536 0.9626296163 0.0755645856 0.9646126628 0.2625273466 -0.0245325621 -0.0434535407 0.0665104762 -0.9968391061
26.8 -519.7 2715.4 0.9906007051 0.1231941655 -0.0594424047 -0.0492302924 -0.0843440518 -0.9952198267 -0.1276188791 0.9887918234 -0.0774863884
-20.9 -487.0 2332.6 0.9906007051 0.0500435196 0.1273021847 -0.0492302924 0.9987419844 -0.0095285233 -0.1276188791 0.0031718381 0.9918181896
205.7 -526.7 2710.2 0.9864452481 -0.1640555561 0.0034011994 -0.0164029133 -0.1192099750 -0.9927335382 0.1632689238 0.9792215228 -0.1202851012
267.0 -482.1 2344.1 0.9864452481 0.0156838410 -0.1633395553 -0.0164029133 0.9998608232 -0.0030544791 0.1632689238 0.0056923209 0.9865651727
-133.4 -533.6 2441.7 0 0 0 0 0 0 0 0 0
245.9 -39.4 2537.2 0 0 0 0 0 0 0 0 0
-39.6 -859.8 2331.4 0 0 0 0 0 0 0 0 0
261.2 -855.3 2342.0 0 0 0 0 0 0 0 0 0
136.2 60.3 2638.7 36 0.9992954731 0.0306679793 0.0216349587 -0.0331204943 0.9917286634 0.1240050942 -0.0176530238 -0.1246342883 0.9920457006
130.0 -137.9 2663.6 0.9992954731 0.0306679793 0.0216349587 -0.0331204943 0.9917286634 0.1240050942 -0.0176530238 -0.1246342883 0.9920457006
124.9 -329.2 2687.1 0.9993431568 0.0291613247 0.0215137471 -0.0315380953 0.9922745824 0.1199855655 -0.0178486053 -0.1205852553 0.9925425053
-6.0 -132.3 2666.2 0.3806609511 -0.9089117050 -0.1702254862 0.9239702225 0.3812395036 0.0305850022 0.0370976143 -0.1689258069 0.9849303961
-108.4 -380.9 2656.2 0.0908522457 -0.9089117050 -0.4069709480 0.5764302015 0.3812395036 -0.7227618694 0.8120801449 -0.1689258069 0.5585606098
266.0 -143.5 2661.0 0.2559565902 0.9626418352 0.0883570537 -0.7901890278 0.2609993517 -0.5545094013 -0.5568550825 0.0721115544 0.8274734616
316.6 -299.5 2551.1 -0.2580567896 0.9626418352 0.0820209607 0.9649539590 0.2609993517 -0.0272610504 -0.0476500466 0.0721115544 -0.9962577224
30.5 -519.6 2711.3 0.9892360568 0.1351528317 -0.0560868979 -0.0447593145 -0.0854428858 -0.9953371882 -0.1393148601 0.9871338606 -0.0784738362
-21.3 -486.9 2333.0 0.9892360568 0.0461203791 0.1388702244 -0.0447593145 0.9989143610 -0.0129097626 -0.1393148601 0.0065550664 0.9902264476
209.6 -525.0 2706.9 0.9874961376 -0.1576413214 0.0008022515 -0.0186932459 -0.1221482530 -0.9923357964 0.1565311253 0.9799127579 -0.1235677525
267.5 -480.0 2346.4 0.9874961376 0.0178697724 -0.1566272676 -0.0186932459 0.9998180866 -0.0037859783 0.1565311253 0.0066665108 0.9876505136
-132.4 -533.3 2441.5 0 0 0 0 0 0 0 0 0
247.0 -39.6 2538.2 0 0 0 0 0 0 0 0 0
-38.5 -859.8 2330.6 0 0 0 0 0 0 0 0 0
260.9 -853.2 2343.9 0 0 0 0 0 0 0 0 0
136.4 61.0 2637.8 37 0.9991352558 0.0347715914 0.0227964260 -0.0373726524 0.9913398623 0.1258912981 -0.0182215646 -0.1266344041 0.9917820692
129.4 -137.1 2663.1 0.9991352558 0.0347715914 0.0227964260 -0.0373726524 0.9913398623 0.1258912981 -0.0182215646 -0.1266344041 0.9917820692
123.7 -328.3 2686.8 0.9992182851 0.0324232429 0.0226171594 -0.0349215940 0.9920867682 0.1205998138 -0.0185279474 -0.1212953627 0.9924435019
-6.6 -131.1 2665.8 0.3838014305 -0.9077393413 -0.1694278419 0.9227063060 0.3841864765 0.0318413451 0.0361882448 -0.1685528904 0.9850280881
-109.8 -379.4 2656.1 0.0933678001 -0.9077393413 -0.4090131819 0.5766828060 0.3841864765 -0.7209976912 0.8116152883 -0.1685528904 0.5593482852
265.4 -143.2 2660.5 0.2528976500 0.9635672569 0.0870687440 -0.7914335132 0.2578002512 -0.5542309880 -0.5564851761 0.0712545887 0.8277965188
315.3 -299.5 2550.6 -0.2548339665 0.9635672569 0.0812270865 0.9657858014 0.2578002512 -0.0282276999 -0.0481396504 0.0712545887 -0.9962958097
29.7 -518.9 2712.1 0.9891626239 0.1376901418 -0.0509772301 -0.0400998406 -0.0806504339 -0.9959354997 -0.1412418336 0.9871863723 -0.0742550418
-23.3 -487.9 2332.4 0.9891626239 0.0414864123 0.1408407986 -0.0400998406 0.9991153479 -0.0126699582 -0.1412418336 0.0068849558 0.9899511933
208.8 -524.6 2708.9 0.9880642295 -0.1540324539 0.0017637504 -0.0174914338 -0.1235624179 -0.9921826124 0.1530462652 0.9803093076 -0.1247818545
265.6 -479.0 2347.1 0.9880642295 0.0158799496 -0.1532218605 -0.0174914338 0.9998049140 -0.0091749867 0.1530462652 0.0117455460 0.9881492257
-134.5 -531.8 2441.5 0 0 0 0 0 0 0 0 0
246.7 -39.3 2537.6 0 0 0 0 0 0 0 0 0
-38.7 -860.9 2329.8 0 0 0 0 0 0 0 0 0
259.7 -852.2 2342.7 0 0 0 0 0 0 0 0 0
136.4 58.1 2638.9 38 0.9987428188 0.0376870781 0.0330515951 -0.0412641801 0.9924812317 0.1152315438 -0.0284603480 -0.1164505258 0.9927886128
128.9 -139.8 2662.1 0.9987428188 0.0376870781 0.0330515951 -0.0412641801 0.9924812317 0.1152315438 -0.0284603480 -0.1164505258 0.9927886128
122.6 -331.3 2683.6 0.9988444448 0.0351061523 0.0328231268 -0.0384929739 0.9932963252 0.1089988947 -0.0287765563 -0.1101364046 0.9934998155
-7.1 -133.3 2666.2 0.3877387345 -0.9078418016 -0.1596305817 0.9207627773 0.3895539641 0.0210611951 0.0430644937 -0.1551481336 0.9869521260
-111.4 -381.1 2654.6 0.1035770923 -0.9078418016 -0.4063188732 0.5668761730 0.3895539641 -0.7258781791 0.8172656894 -0.1551481336 0.5549827814
264.8 -146.4 2658.0 0.2443332374 0.9652193785 0.0930202752 -0.7858818173 0.2533013523 -0.5641171932 -0.5680590272 0.0647296384 0.8204383254
313.0 -301.6 2545.9 -0.2515200675 0.9652193785 0.0713383034 0.9672383666 0.2533013523 -0.0169827472 -0.0344621651 0.0647296384 -0.9973075986
27.8 -517.8 2712.0 0.9894925356 0.1374924928 -0.0447247624 -0.0344401523 -0.0762916729 -0.9964905977 -0.1404221058 0.9875603318 -0.0707547814
-25.1 -488.4 2331.7 0.9894925356 0.0358775146 0.1400617510 -0.0344401523 0.9993264079 -0.0126735223 -0.1404221058 0.0077166078 0.9900616407
206.9 -524.1 2708.7 0.9871138334 -0.1598981172 0.0062377290 -0.0132033741 -0.1202338338 -0.9926577806 0.1594740897 0.9797838330 -0.1207956746
265.9 -479.7 2347.0 0.9871138334 0.0111636743 -0.1596298516 -0.0132033741 0.9998441339 -0.0117227416 0.1594740897 0.0136793330 0.9871073365
-138.8 -531.0 2438.6 0 0 0 0 0 0 0 0 0
245.3 -41.0 2536.6 0 0 0 0 0 0 0 0 0
-38.5 -861.5 2328.8 0 0 0 0 0 0 0 0 0
261.7 -852.9 2341.9 0 0 0 0 0 0 0 0 0
134.5 55.6 2640.4 39 0.9990965724 0.0338020734 0.0257577579 -0.0363872796 0.9935303330 0.1075800359 -0.0219546854 -0.1084201038 0.9938626885
127.7 -142.4 2662.0 0.9990965724 0.0338020734 0.0257577579 -0.0363872796 0.9935303330 0.1075800359 -0.0219546854 -0.1084201038 0.9938626885
121.9 -334.0 2682.6 0.9991350770 0.0327282995 0.0256518126 -0.0352378823 0.9939093590 0.1044151783 -0.0220782440 -0.1052287817 0.9942029119
-8.2 -136.3 2665.2 0.3845269680 -0.9079787731 -0.1664739698 0.9217556715 0.3874446452 0.0159088410 0.0500545613 -0.1595657170 0.9859175086
-111.7 -384.4 2651.8 0.0961702019 -0.9079787731 -0.4078306854 0.5633370280 0.3874446452 -0.7297520638 0.8206111789 -0.1595657170 0.5487586856
263.7 -148.5 2658.9 0.2507087588 0.9639479518 0.0891598985 -0.7824278474 0.2560059130 -0.5676862001 -0.5700454116 0.0725627095 0.8184026480
313.2 -303.0 2546.3 -0.2543275058 0.9639479518 0.0782425106 0.9666000009 0.2560059130 -0.0120573146 -0.0316531695 0.0725627095 -0.9968614578
26.3 -520.7 2707.6 0.9899340272 0.1310882270 -0.0533525869 -0.0423836634 -0.0850873962 -0.9954716563 -0.1350342482 0.9877125025 -0.0786749125
-23.6 -488.3 2331.8 0.9899340272 0.0438839048 0.1345541775 -0.0423836634 0.9990033507 -0.0139954137 -0.1350342482 0.0081516374 0.9908074141
205.2 -527.6 2702.4 0.9863017201 -0.1645654887 0.0112753054 -0.0109895905 -0.1337604076 -0.9909527898 0.1645848155 0.9772545099 -0.1337366253
265.0 -479.0 2347.7 0.9863017201 0.0091181407 -0.1646990925 -0.0109895905 0.9998849630 -0.0104551883 0.1645848155 0.0121219456 0.9862884283
-137.1 -533.3 2434.8 0 0 0 0 0 0 0 0 0
244.7 -42.6 2537.8 0 0 0 0 0 0 0 0 0
-40.0 -861.2 2328.7 0 0 0 0 0 0 0 0 0
261.6 -852.3 2343.1 0 0 0 0 0 0 0 0 0
134.2 57.4 2640.7 40 0.9986558557 0.0376450568 0.0356280208 -0.0414174795 0.9928599000 0.1118653715 -0.0311624538 -0.1131906360 0.9930844903
126.7 -140.5 2663.3 0.9986558557 0.0376450568 0.0356280208 -0.0414174795 0.9928599000 0.1118653715 -0.0311624538 -0.1131906360 0.9930844903
119.8 -331.9 2685.2 0.9986243844 0.0384922922 0.0356050991 -0.0422385037 0.9928924441 0.1112675443 -0.0310690925 -0.1126183867 0.9931524396
-9.2 -133.4 2667.7 0.3912221789 -0.9067733288 -0.1571856290 0.9194302559 0.3925185800 0.0240233466 0.0399145521 -0.1539196968 0.9872768521
-114.5 -380.8 2656.9 0.1076186672 -0.9067733288 -0.4076522291 0.5684558749 0.3925185800 -0.7230401635 0.8156446218 -0.1539196968 0.5577029586
262.6 -147.5 2658.9 0.2400808483 0.9662961960 0.0929129943 -0.7881404161 0.2499017715 -0.5624800324 -0.5667414665 0.0618122034 0.8215737343
310.0 -303.1 2547.0 -0.2480455339 0.9662961960 0.0688843727 0.9680718780 0.2499017715 -0.0196448583 -0.0361970775 0.0618122034 -0.9974312186
26.1 -523.8 2705.0 0.9892554879 0.1393583715 -0.0441902764 -0.0279077720 -0.1166997552 -0.9927750826 -0.1435085088 0.9833414555 -0.1115566939
-27.5 -478.9 2327.2 0.9892554879 0.0267247111 0.1437335163 -0.0279077720 0.9995911717 0.0062207645 -0.1435085088 -0.0101652080 0.9895969033
205.1 -530.1 2701.1 0.9857701659 -0.1679007709 0.0081557110 -0.0139990738 -0.1303460002 -0.9913697243 0.1675148159 0.9771485329 -0.1308416426
266.4 -482.5 2344.4 0.9857701659 0.0146430871 -0.1674597412 -0.0139990738 0.9998893738 0.0050256765 0.1675148159 -0.0026098809 0.9858661294
-142.9 -531.1 2441.3 0 0 0 0 0 0 0 0 0
243.2 -42.3 2537.2 0 0 0 0 0 0 0 0 0
-37.5 -852.0 2331.0 0 0 0 0 0 0 0 0 0
260.9 -855.7 2345.4 0 0 0 0 0 0 0 0 0
134.3 59.4 2639.3 41 0.9989701509 0.0320602022 0.0321054421 -0.0355123617 0.9929065704 0.1134699509 -0.0282398332 -0.1144932359 0.9930225611
127.9 -138.9 2662.2 0.9989701509 0.0320602022 0.0321054421 -0.0355123617 0.9929065704 0.1134699509 -0.0282398332 -0.1144932359 0.9930225611
122.1 -330.4 2684.1 0.9989560843 0.0325724334 0.0320271999 -0.0359443761 0.9931628108 0.1110657677 -0.0281905439 -0.1121010259 0.9932968616
-8.1 -132.7 2666.2 0.3853140473 -0.9087746143 -0.1601931304 0.9218552709 0.3868739903 0.0226134025 0.0414240696 -0.1563881338 0.9868266582
-111.8 -380.8 2655.1 0.1016776189 -0.9087746143 -0.4047102630 0.5687736273 0.3868739903 -0.7258271575 0.8161851764 -0.1563881338 0.5562233925
263.8 -145.1 2658.2 0.2466742843 0.9645221233 0.0940685943 -0.7863733172 0.2559471726 -0.5622348785 -0.5663645864 0.0647158548 0.8216100335
312.5 -300.4 2546.4 -0.2540237904 0.9645221233 0.0718958601 0.9665082097 0.2559471726 -0.0187859703 -0.0365210287 0.0647158548 -0.9972352386
22.8 -520.8 2709.9 0.9912572503 0.1240808070 -0.0448666103 -0.0325061195 -0.0999057144 -0.9944657683 -0.1278765500 0.9872298837 -0.0949988738
-24.6 -482.6 2332.5 0.9912572503 0.0339028612 0.1275133491 -0.0325061195 0.9993867278 -0.0130193625 -0.1278765500 0.0087605733 0.9917513728
201.8 -528.4 2704.3 0.9842658639 -0.1765519381 0.0070790723 -0.0148542728 -0.1226009503 -0.9923448563 0.1760683060 0.9766260386 -0.1232944801
267.0 -483.1 2343.5 0.9842658639 0.0177045353 -0.1758045703 -0.0148542728 0.9997362494 0.0175155401 0.1760683060 -0.0146284988 0.9842692614
-138.7 -531.2 2439.3 0 0 0 0 0 0 0 0 0
244.1 -40.0 2536.5 0 0 0 0 0 0 0 0 0
-37.3 -855.5 2329.2 0 0 0 0 0 0 0 0 0
260.4 -856.2 2348.9 0 0 0 0 0 0 0 0 0
134.4 60.9 2638.2 42 0.9989126921 0.0297224652 0.0359166525 -0.0339952186 0.9915872812 0.1248956770 -0.0319022909 -0.1259808689 0.9915195704
128.4 -137.7 2663.4 0.9989126921 0.0297224652 0.0359166525 -0.0339952186 0.9915872812 0.1248956770 -0.0319022909 -0.1259808689 0.9915195704
122.6 -329.0 2686.7 0.9988361001 0.0324254259 0.0357082039 -0.0364408754 0.9923160076 0.1182415411 -0.0315997899 -0.1194051504 0.9923425913
-7.5 -131.5 2667.9 0.3857099712 -0.9092399478 -0.1565582305 0.9220176935 0.3859990835 0.0298011359 0.0333349518 -0.1558440477 0.9872190356
-111.3 -379.6 2658.9 0.1048293263 -0.9092399478 -0.4028566480 0.5746352077 0.3859990835 -0.7216640711 0.8116681576 -0.1558440477 0.5629453659
264.3 -144.0 2658.9 0.2443804741 0.9648218155 0.0969381481 -0.7905237079 0.2561254799 -0.5563021302 -0.5615607500 0.0593174621 0.8253065944
312.6 -300.1 2548.0 -0.2538981140 0.9648218155 0.0682243258 0.9662932158 0.2561254799 -0.0260231905 -0.0425817296 0.0593174621 -0.9973305464
26.2 -519.9 2708.4 0.9899635911 0.1304053366 -0.0544655137 -0.0424971804 -0.0928648487 -0.9947713614 -0.1347814351 0.9871020913 -0.0863909647
-23.3 -484.6 2333.1 0.9899635911 0.0429755934 0.1346296519 -0.0424971804 0.9990758896 -0.0064266659 -0.1347814351 0.0006407850 0.9908751249
205.2 -526.4 2703.3 0.9854227901 -0.1700375825 0.0053948308 -0.0151863834 -0.1195062324 -0.9927173257 0.1694439650 0.9781643152 -0.1203464270
267.7 -482.5 2343.8 0.9854227901 0.0170220137 -0.1692694128 -0.0151863834 0.9998110533 0.0121332537 0.1694439650 -0.0093857944 0.9854951501
-139.0 -531.5 2444.3 0 0 0 0 0 0 0 0 0
244.2 -39.8 2536.6 0 0 0 0 0 0 0 0 0
-39.4 -857.5 2332.9 0 0 0 0 0 0 0 0 0
261.4 -855.7 2347.3 0 0 0 0 0 0 0 0 0
134.3 61.1 2637.6 43 0.9996117949 0.0237358473 0.0145880729 -0.0254562609 0.9909185767 0.1320316941 -0.0113217086 -0.1323518008 0.9911381602
129.6 -137.9 2664.1 0.9996117949 0.0237358473 0.0145880729 -0.0254562609 0.9909185767 0.1320316941 -0.0113217086 -0.1323518008 0.9911381602
124.8 -329.1 2688.3 0.9995288849 0.0271186922 0.0143725630 -0.0286897812 0.9919136763 0.1236288697 -0.0109036891 -0.1239829734 0.9922244549
-6.5 -132.7 2665.8 0.3777266741 -0.9088319540 -0.1770509481 0.9252035618 0.3779769242 0.0336430147 0.0363453291 -0.1765160263 0.9836264849
-108.1 -381.7 2656.0 0.0836254805 -0.9088319540 -0.4086945653 0.5796194077 0.3779769242 -0.7219243646 0.8105850816 -0.1765160263 0.5583851337
265.6 -143.1 2662.5 0.2620444298 0.9613674879 0.0842929035 -0.7914441824 0.2640622258 -0.5512597561 -0.5522217751 0.0777414292 0.8300647140
317.3 -299.4 2553.5 -0.2605117857 0.9613674879 0.0889167860 0.9640195966 0.2640622258 -0.0306170303 -0.0529137813 0.0777414292 -0.9955683947
26.9 -518.4 2712.7 0.9902277589 0.1285478324 -0.0540781654 -0.0436263271 -0.0827777982 -0.9956126809 -0.1324603260 0.9882425070 -0.0763608068
-22.5 -486.6 2333.5 0.9902277589 0.0440056324 0.1323347986 -0.0436263271 0.9990313053 -0.0057657030 -0.1324603260 -0.0000639219 0.9911882877
205.8 -524.9 2707.0 0.9854457974 -0.1698810607 -0.0060878885 -0.0247816462 -0.1081383750 -0.9938269258 0.1681740284 0.9795134068 -0.1107744351
269.1 -484.6 2342.1 0.9854457974 0.0275519267 -0.1677424461 -0.0247816462 0.9995200634 0.0185864419 0.1681740284 -0.0141589958 0.9856556058
-130.2 -534.9 2441.7 0 0 0 0 0 0 0 0 0
247.1 -39.7 2539.2 0 0 0 0 0 0 0 0 0
-38.9 -859.5 2333.5 0 0 0 0 0 0 0 0 0
258.8 -857.7 2347.4 0 0 0 0 0 0 0 0 0
133.8 60.9 2637.8 44 0.9996866584 0.0209355820 -0.0137208821 -0.0190086141 0.9915871024 0.1280379742 0.0162859987 -0.1277370453 0.9916743636
129.5 -138.6 2663.5 0.9996866584 0.0209355820 -0.0137208821 -0.0190086141 0.9915871024 0.1280379742 0.0162859987 -0.1277370453 0.9916743636
125.4 -329.9 2687.0 0.9996173382 0.0239273272 -0.0138809616 -0.0220751930 0.9924120307 0.1209586486 0.0166698508 -0.1206059307 0.9925605059
-6.5 -134.3 2661.4 0.3704065979 -0.9061035514 -0.2043900490 0.9275666475 0.3724724650 0.0297381878 0.0491837896 -0.2006006241 0.9784377217
-106.2 -383.9 2648.1 0.0573269427 -0.9061035514 -0.4191538692 0.5778992176 0.3724724650 -0.7261520028 0.8140922189 -0.2006006241 0.5449892282
265.6 -142.9 2665.6 0.2824732959 0.9570712447 0.0649885312 -0.7881609201 0.2701712251 -0.5530008078 -0.5468192101 0.1049865410 0.8306422830
321.4 -298.6 2557.6 -0.2653653622 0.9570712447 0.1166014299 0.9624263048 0.2701712251 -0.0272595491 -0.0575916804 0.1049865410 -0.9928046465
30.0 -519.1 2713.4 0.9894014001 0.1347948611 -0.0539930090 -0.0429723151 -0.0833719894 -0.9955915213 -0.1387021244 0.9873598218 -0.0766959190
-21.7 -487.1 2334.7 0.9894014001 0.0443090051 0.1382809132 -0.0429723151 0.9989963174 -0.0126385149 -0.1387021244 0.0065623131 0.9903123975
209.1 -524.2 2711.4 0.9879064560 -0.1550509185 -0.0002026669 -0.0183512811 -0.1156270206 -0.9931231737 0.1539612263 0.9811165333 -0.1170740649
267.2 -480.8 2343.3 0.9879064560 0.0200620871 -0.1537476480 -0.0183512811 0.9997529984 0.0125386119 0.1539612263 -0.0095655099 0.9880306125
-121.3 -536.7 2432.9 0 0 0 0 0 0 0 0 0
249.9 -39.3 2542.1 0 0 0 0 0 0 0 0 0
-38.2 -860.0 2332.2 0 0 0 0 0 0 0 0 0
259.7 -854.0 2346.9 0 0 0 0 0 0 0 0 0
135.0 61.3 2637.9 45 0.9997314215 0.0224678237 0.0056826291 -0.0230029430 0.9918534756 0.1252897978 -0.0028213465 -0.1253868639 0.9921039343
130.5 -137.7 2663.0 0.9997314215 0.0224678237 0.0056826291 -0.0230029430 0.9918534756 0.1252897978 -0.0028213465 -0.1253868639 0.9921039343
126.9 -329.0 2686.1 0.9997641444 0.0210029334 0.0055304044 -0.0215099975 0.9927400947 0.1183401868 -0.0030047630 -0.1184312329 0.9929577112
-5.6 -133.4 2663.6 0.3707832396 -0.9100728035 -0.1851682514 0.9276596308 0.3724465370 0.0270411391 0.0443558656 -0.1817995012 0.9823347330
-105.4 -383.1 2651.7 0.0729679316 -0.9100728035 -0.4079744518 0.5757917166 0.3724465370 -0.7278375626 0.8143338561 -0.1817995012 0.5511890054
266.5 -141.9 2662.4 0.2721284926 0.9587962627 0.0815832391 -0.7865483165 0.2704772353 -0.5551430583 -0.5543355346 0.0869010910 0.8277441263
320.3 -297.2 2553.0 -0.2669808269 0.9587962627 0.0971132442 0.9624125957 0.2704772353 -0.0245782156 -0.0498324260 0.0869010910 -0.9949697852
31.3 -520.6 2708.9 0.9887288213 0.1391673684 -0.0552065335 -0.0429870673 -0.0893314779 -0.9950738549 -0.1434134990 0.9862313867 -0.0823422074
-21.4 -486.7 2335.6 0.9887288213 0.0453275628 0.1426910311 -0.0429870673 0.9988864064 -0.0194443651 -0.1434134990 0.0130913351 0.9895762801
210.3 -524.5 2711.9 0.9888634682 -0.1487254053 0.0054572076 -0.0124737751 -0.1193651035 -0.9927720428 0.1483018398 0.9816479683 -0.1198909581
266.0 -479.8 2343.9 0.9888634682 0.0142513756 -0.1481415778 -0.0124737751 0.9998387098 0.0129215345 0.1483018398 -0.0109297484 0.9888817668
-124.7 -535.3 2436.4 0 0 0 0 0 0 0 0 0
248.3 -37.9 2539.6 0 0 0 0 0 0 0 0 0
-38.4 -859.6 2330.7 0 0 0 0 0 0 0 0 0
260.7 -853.0 2348.0 0 0 0 0 0 0 0 0 0
135.3 59.2 2637.9 46 0.9995044470 0.0236738827 0.0207460485 -0.0260618180 0.9919867516 0.1236247346 -0.0176531263 -0.1241041496 0.9921121597
130.5 -138.8 2662.7 0.9995044470 0.0236738827 0.0207460485 -0.0260618180 0.9919867516 0.1236247346 -0.0176531263 -0.1241041496 0.9921121597
126.4 -330.0 2686.3 0.9995033741 0.0237863101 0.0206698906 -0.0261074509 0.9923771620 0.1204404980 -0.0176474918 -0.1209203228 0.9925053120
-5.5 -133.9 2665.2 0.3756219745 -0.9109396338 -0.1705787182 0.9260399342 0.3762316704 0.0299956258 0.0368529111 -0.1692297310 0.9848873615
-106.6 -383.1 2655.3 0.0875590965 -0.9109396338 -0.4031406343 0.5771937370 0.3762316704 -0.7247738242 0.8118994832 -0.1692297310 0.5587311983
266.6 -143.6 2660.1 0.2603583336 0.9611939192 0.0912130624 -0.7889754772 0.2662568092 -0.5537373424 -0.5565350056 0.0722052529 0.8276805878
318.0 -299.4 2550.2 -0.2632929385 0.9611939192 0.0823595971 0.9635195136 0.2662568092 -0.0271554217 -0.0480304286 0.0722052529 -0.9962326288
33.3 -519.8 2709.4 0.9883089662 0.1407778561 -0.0585402362 -0.0460594632 -0.0903374627 -0.9948455691 -0.1453405917 0.9859111309 -0.0827971697
-19.8 -485.7 2337.5 0.9883089662 0.0514894985 0.1435067803 -0.0460594632 0.9981006980 -0.0409090295 -0.1453405917 0.0338209160 0.9888034463
212.4 -523.7 2708.9 0.9893519282 -0.1455180496 0.0026981812 -0.0141178463 -0.1144030839 -0.9933341146 0.1448567212 0.9827188849 -0.1152393147
266.4 -481.2 2344.0 0.9893519282 0.0152039556 -0.1447467506 -0.0141178463 0.9998639822 0.0085277902 0.1448567212 -0.0063934736 0.9894319773
-129.7 -535.7 2440.7 0 0 0 0 0 0 0 0 0
247.0 -39.8 2537.3 0 0 0 0 0 0 0 0 0
-39.0 -858.2 2324.9 0 0 0 0 0 0 0 0 0
260.7 -854.4 2346.4 0 0 0 0 0 0 0 0 0
135.0 59.5 2637.4 47 0.9993729591 0.0246343277 0.0254338123 -0.0275781583 0.9920528531 0.1227621287 -0.0222075246 -0.1233865619 0.9921101928
130.1 -138.7 2662.1 0.9993729591 0.0246343277 0.0254338123 -0.0275781583 0.9920528531 0.1227621287 -0.0222075246 -0.1233865619 0.9921101928
125.6 -330.0 2685.4 0.9993472099 0.0257579107 0.0253316965 -0.0285916403 0.9925135970 0.1187405363 -0.0220835432 -0.1193872914 0.9926021099
-5.9 -133.5 2665.3 0.3781145811 -0.9107221961 -0.1661760211 0.9250299335 0.3788017333 0.0287896767 0.0367283709 -0.1646035910 0.9856757522
-107.7 -382.5 2655.4 0.0925789475 -0.9107221961 -0.4025099277 0.5756232738 0.3788017333 -0.7246841192 0.8124573827 -0.1646035910 0.5593019724
266.1 -143.9 2658.9 0.2559212446 0.9621701837 0.0934498236 -0.7887029052 0.2637184858 -0.5553380251 -0.5589741468 0.0684186444 0.8263575435
316.6 -299.7 2548.6 -0.2610703707 0.9621701837 0.0779153779 0.9642570615 0.2637184858 -0.0257087946 -0.0452839620 0.0684186444 -0.9966284633
32.3 -520.3 2711.3 0.9884196520 0.1448481530 -0.0452279560 -0.0320290402 -0.0921924114 -0.9952259660 -0.1483263224 0.9851495028 -0.0864854455
-22.6 -485.4 2337.9 0.9884196520 0.0358475931 0.1474500149 -0.0320290402 0.9990893006 -0.0281913262 -0.1483263224 0.0231421776 0.9886676669
211.3 -525.0 2708.2 0.9893885255 -0.1450112760 0.0090597095 -0.0082961246 -0.1186356395 -0.9929031730 0.1450569630 0.9822918773 -0.1185797751
265.0 -481.1 2344.5 0.9893885255 0.0107359504 -0.1448968202 -0.0082961246 0.9998136163 0.0174321216 0.1450569630 -0.0160450581 0.9892932177
-132.2 -534.7 2440.6 0 0 0 0 0 0 0 0 0
246.3 -39.9 2536.4 0 0 0 0 0 0 0 0 0
-36.0 -858.2 2329.3 0 0 0 0 0 0 0 0 0
261.0 -854.3 2350.4 0 0 0 0 0 0 0 0 0
135.8 59.7 2636.7 48 0.9978059530 0.0521311387 0.0408114232 -0.0567950457 0.9907796979 0.1230038777 -0.0340227969 -0.1250518858 0.9915666580
125.4 -137.7 2661.6 0.9978059530 0.0521311387 0.0408114232 -0.0567950457 0.9907796979 0.1230038777 -0.0340227969 -0.1250518858 0.9915666580
115.6 -328.8 2685.1 0.9977539182 0.0533063672 0.0405657999 -0.0577740371 0.9912854433 0.1183865145 -0.0339015275 -0.1204642579 0.9921386242
-10.3 -128.6 2666.4 0.4053704143 -0.9011634588 -0.1535552591 0.9136090279 0.4051644504 0.0340637714 0.0315181054 -0.1540979147 0.9875527620
-119.4 -374.4 2657.9 0.1189812124 -0.9011634588 -0.4168307483 0.5730312467 0.4051644504 -0.7123741508 0.8108505607 -0.1540979147 0.5646017790
261.2 -146.9 2656.9 0.2261328846 0.9702038765 0.0869963020 -0.7960860729 0.2355368882 -0.5574668646 -0.5613473654 0.0568050519 0.8256284595
305.8 -304.1 2546.0 -0.2333249897 0.9702038765 0.0652984232 0.9714500308 0.2355368882 -0.0284114610 -0.0429450944 0.0568050519 -0.9974612594
31.1 -520.2 2710.5 0.9884168506 0.1472416222 -0.0367700346 -0.0239158217 -0.0881379545 -0.9958211184 -0.1498671621 0.9851657748 -0.0835956335
-25.0 -486.6 2335.3 0.9884168506 0.0261630174 0.1494912356 -0.0239158217 0.9995726347 -0.0168105811 -0.1498671621 0.0130406562 0.9886201620
210.1 -525.3 2706.6 0.9884958267 -0.1512063444 0.0035591938 -0.0146454833 -0.1191118583 -0.9927728176 0.1505374908 0.9812996387 -0.1199560687
266.0 -481.3 2344.2 0.9884958267 0.0156101221 -0.1504405290 -0.0146454833 0.9998644590 0.0075179762 0.1505374908 -0.0052282140 0.9885904789
-150.9 -525.9 2443.6 0 0 0 0 0 0 0 0 0
243.0 -42.4 2534.4 0 0 0 0 0 0 0 0 0
-34.8 -859.6 2330.4 0 0 0 0 0 0 0 0 0
260.1 -854.5 2346.1 0 0 0 0 0 0 0 0 0
136.9 61.1 2636.8 49 0.9976631999 0.0543367118 0.0414205492 -0.0592278130 0.9900265336 0.1278259754 -0.0340618007 -0.1299805194 0.9909313321
126.1 -136.5 2662.8 0.9976631999 0.0543367118 0.0414205492 -0.0592278130 0.9900265336 0.1278259754 -0.0340618007 -0.1299805194 0.9909313321
116.2 -327.5 2687.0 0.9977251291 0.0534258485 0.0411118977 -0.0580889285 0.9908099771 0.1221524999 -0.0342079774 -0.1242627725 0.9916595221
-9.7 -127.3 2667.6 0.4055558145 -0.9011698961 -0.1530271322 0.9136465788 0.4047435820 0.0378491729 0.0278282091 -0.1551626623 0.9874969125
-118.8 -373.2 2660.1 0.1195155010 -0.9011698961 -0.4166639447 0.5760896206 0.4047435820 -0.7101432085 0.8086017370 -0.1551626623 0.5675277710
261.8 -145.8 2658.0 0.2256891578 0.9702772498 0.0873295441 -0.7982580662 0.2355700880 -0.5543381572 -0.5584338903 0.0553965904 0.8276972771
306.4 -303.4 2547.7 -0.2331681699 0.9702772498 0.0647661164 0.9713231921 0.2355700880 -0.0322181173 -0.0465174653 0.0553965904 -0.9973802567
16.0 -516.0 2711.6 0.9936003089 0.1083735004 -0.0318371132 -0.0245660078 -0.0677792579 -0.9973978400 -0.1102493927 0.9917969108 -0.0646831840
-25.7 -490.0 2330.5 0.9936003089 0.0237664226 0.1104245186 -0.0245660078 0.9996808767 0.0058859731 -0.1102493927 -0.0085609946 0.9938670993
194.6 -526.4 2705.5 0.9802722335 -0.1976366043 0.0024642774 -0.0216344371 -0.1196824014 -0.9925764799 0.1964643747 0.9729418755 -0.1215970889
268.1 -481.9 2344.0 0.9802722335 0.0247577932 -0.1960952580 -0.0216344371 0.9996029139 0.0180540960 0.1964643747 -0.0134555185 0.9804186225
-150.4 -525.5 2446.3 0 0 0 0 0 0 0 0 0
243.5 -41.7 2535.2 0 0 0 0 0 0 0 0 0
-34.6 -863.0 2333.7 0 0 0 0 0 0 0 0 0
258.8 -855.0 2349.1 0 0 0 0 0 0 0 0 0
136.5 59.7 2637.9 50 0.9980971813 0.0456642732 0.0414343923 -0.0502468683 0.9918243885 0.1173015162 -0.0357391536 -0.1191602647 0.9922316074
127.4 -138.3 2661.7 0.9980971813 0.0456642732 0.0414343923 -0.0502468683 0.9918243885 0.1173015162 -0.0357391536 -0.1191602647 0.9922316074
119.0 -329.6 2683.7 0.9980829954 0.0462275371 0.0411502048 -0.0505529009 0.9925153852 0.1111646295 -0.0357033424 -0.1130317897 0.9929496646
-8.4 -130.1 2666.7 0.3990398943 -0.9041824937 -0.1523849815 0.9161509275 0.4000198245 0.0255265199 0.0378763825 -0.1497937441 0.9879915118
-115.8 -376.6 2656.5 0.1161384508 -0.9041824937 -0.4110545814 0.5677026510 0.4000198245 -0.7195122242 0.8150003552 -0.1497937441 0.5597645044
263.2 -146.5 2656.7 0.2308755666 0.9686191082 0.0920515060 -0.7902234197 0.2418646961 -0.5630705357 -0.5676649213 0.0572579838 0.8212661147
308.8 -302.5 2544.6 -0.2401482016 0.9686191082 0.0640769228 0.9700952172 0.2418646961 -0.0204154328 -0.0352727249 0.0572579838 -0.9977360964
16.5 -514.6 2714.2 0.9937295318 0.1039886773 -0.0410855375 -0.0345746651 -0.0636581779 -0.9973726869 -0.1063308939 0.9925391674 -0.0596636347
-23.7 -490.0 2330.3 0.9937295318 0.0334619209 0.1066862941 -0.0345746651 0.9993651509 0.0085970443 -0.1063308939 -0.0122317793 0.9942555428
195.2 -525.0 2708.1 0.9800279140 -0.1988064200 -0.0046164733 -0.0277723949 -0.1138446927 -0.9931102991 0.1969111413 0.9734040499 -0.1170923039
269.6 -482.5 2344.2 0.9800279140 0.0314891599 -0.1963510513 -0.0277723949 0.9993796945 0.0216546133 0.1969111413 -0.0157689862 0.9802945256
-146.5 -526.7 2441.1 0 0 0 0 0 0 0 0 0
244.1 -41.1 2535.1 0 0 0 0 0 0 0 0 0
-36.2 -863.0 2334.8 0 0 0 0 0 0 0 0 0
257.8 -855.5 2350.0 0 0 0 0 0 0 0 0 0
137.3 57.1 2638.9 51 0.9984248281 0.0439288877 0.0349015407 -0.0476212800 0.9924339652 0.1131681949 -0.0296661220 -0.1146519929 0.9929626584
128.5 -141.0 2661.8 0.9984248281 0.0439288877 0.0349015407 -0.0476212800 0.9924339652 0.1131681949 -0.0296661220 -0.1146519929 0.9929626584
120.6 -332.4 2683.2 0.9984531403 0.0434553325 0.0346833915 -0.0469777063 0.9930173159 0.1082115695 -0.0297388360 -0.1096735299 0.9935227036
-7.4 -133.3 2666.0 0.3956016302 -0.9046388268 -0.1585178524 0.9174076319 0.3973447680 0.0219182763 0.0431581177 -0.1540963948 0.9871128201
-113.8 -380.2 2654.4 0.1091661379 -0.9046388268 -0.4119603336 0.5655594468 0.3973447680 -0.7226753235 0.8174504638 -0.1540963948 0.5550036430
264.3 -148.7 2657.6 0.2371017039 0.9674007297 0.0889867619 -0.7876444459 0.2450447530 -0.5653045774 -0.5686817765 0.0639447495 0.8200683594
311.2 -304.2 2545.3 -0.2433110476 0.9674007297 0.0702537894 0.9693612456 0.2450447530 -0.0170833059 -0.0337417237 0.0639447495 -0.9973828793
20.6 -517.7 2708.9 0.9925684929 0.1094792634 -0.0531232208 -0.0448889248 -0.0763533413 -0.9960698485 -0.1131051332 0.9910522103 -0.0708715096
-21.1 -488.6 2331.7 0.9925684929 0.0447154082 0.1131738424 -0.0448889248 0.9989914894 -0.0010159443 -0.1131051332 -0.0040718578 0.9935746789
199.4 -526.8 2702.5 0.9807768464 -0.1946416050 -0.0138344793 -0.0368370377 -0.1150615886 -0.9926751256 0.1916240603 0.9741023779 -0.1200197637
271.2 -484.4 2343.4 0.9807768464 0.0397035368 -0.1910507083 -0.0368370377 0.9991493821 0.0185335577 0.1916240603 -0.0111395419 0.9814051986
-142.7 -529.7 2438.3 0 0 0 0 0 0 0 0 0
245.6 -43.1 2536.2 0 0 0 0 0 0 0 0 0
-37.7 -861.5 2333.2 0 0 0 0 0 0 0 0 0
256.4 -857.3 2347.6 0 0 0 0 0 0 0 0 0
136.6 57.7 2639.0 52 0.9991861582 0.0389629751 0.0104361260 -0.0398831666 0.9929960370 0.1112123877 -0.0060298662 -0.1115381047 0.9937418699
128.8 -140.9 2661.3 0.9991861582 0.0389629751 0.0104361260 -0.0398831666 0.9929960370 0.1112123877 -0.0060298662 -0.1115381047 0.9937418699
122.0 -332.4 2681.7 0.9992281199 0.0379466005 0.0101599563 -0.0387991667 0.9938120246 0.1040780842 -0.0061476771 -0.1043919399 0.9945172071
-7.2 -134.3 2662.3 0.3869637251 -0.9039303660 -0.1821235716 0.9203646779 0.3907229900 0.0162602440 0.0564617328 -0.1739122272 0.9831411839
-111.3 -382.0 2647.1 0.0850746259 -0.9039303660 -0.4191326797 0.5627879500 0.3907229900 -0.7284265757 0.8222116828 -0.1739122272 0.5419617295
264.8 -147.5 2660.2 0.2569794357 0.9635743499 0.0740676522 -0.7831774950 0.2525450587 -0.5682024360 -0.5662106872 0.0880082175 0.8195486665
315.5 -302.1 2548.4 -0.2503419816 0.9635743499 0.0940922126 0.9675095677 0.2525450587 -0.0120910583 -0.0354131572 0.0880082175 -0.9954900742
22.7 -521.0 2707.2 0.9917593598 0.1126806587 -0.0609622039 -0.0511960126 -0.0876223966 -0.9948373437 -0.1174405813 0.9897602797 -0.0811315328
-19.7 -488.0 2334.2 0.9917593598 0.0522157997 0.1169907302 -0.0511960126 0.9986200333 -0.0117070554 -0.1174405813 0.0056211227 0.9930639863
201.6 -529.4 2701.9 0.9812523723 -0.1920536160 -0.0160988644 -0.0393424593 -0.1178354621 -0.9922534823 0.1886688471 0.9742844701 -0.1231821924
272.3 -486.0 2343.2 0.9812523723 0.0429580063 -0.1878786087 -0.0393424593 0.9989625812 0.0229326859 0.1886688471 -0.0151111474 0.9819244742
-133.8 -530.8 2429.7 0 0 0 0 0 0 0 0 0
248.1 -41.4 2538.9 0 0 0 0 0 0 0 0 0
-39.2 -860.7 2332.1 0 0 0 0 0 0 0 0 0
256.3 -858.9 2348.8 0 0 0 0 0 0 0 0 0
135.5 59.7 2638.5 53 0.9991732836 0.0328070037 0.0240097512 -0.0354008786 0.9924920201 0.1170742139 -0.0199886318 -0.1178273931 0.9928328991
128.9 -139.1 2662.1 0.9991732836 0.0328070037 0.0240097512 -0.0354008786 0.9924920201 0.1170742139 -0.0199886318 -0.1178273931 0.9928328991
123.0 -330.5 2684.4 0.9991629720 0.0332008526 0.0238963831 -0.0357104279 0.9928772449 0.1136643663 -0.0199524220 -0.1144225821 0.9932317734
-7.1 -132.9 2664.9 0.3846995234 -0.9075801969 -0.1682394743 0.9220786095 0.3861854672 0.0251363106 0.0421584211 -0.1647999436 0.9854255915
-110.6 -381.1 2653.6 0.0948573351 -0.9075801969 -0.4090236127 0.5709303617 0.3861854672 -0.7244993448 0.8155001998 -0.1647999436 0.5547976494
264.9 -145.3 2659.2 0.2515086234 0.9638891220 0.0875282139 -0.7877709866 0.2564117014 -0.5600624084 -0.5622813106 0.0719083250 0.8238136768
314.5 -300.8 2548.1 -0.2539943755 0.9638891220 0.0800288990 0.9663315415 0.2564117014 -0.0213631857 -0.0411120914 0.0719083250 -0.9965636134
25.1 -521.9 2702.5 0.9909124374 0.1197433993 -0.0612704642 -0.0502835326 -0.0927159637 -0.9944220781 -0.1247562319 0.9884661436 -0.0858522803
-19.6 -487.3 2333.5 0.9909124374 0.0518018976 0.1241334602 -0.0502835326 0.9986172318 -0.0153358271 -0.1247562319 0.0089545930 0.9921470284
204.1 -528.8 2701.4 0.9819041491 -0.1885352582 -0.0178531259 -0.0403631367 -0.1162396744 -0.9924007058 0.1850272715 0.9751629829 -0.1217460930
273.9 -485.8 2340.7 0.9819041491 0.0465114303 -0.1835782230 -0.0403631367 0.9984964728 0.0370892063 0.1850272715 -0.0290082507 0.9823051691
-135.7 -532.0 2438.0 0 0 0 0 0 0 0 0 0
246.1 -40.5 2537.1 0 0 0 0 0 0 0 0 0
-38.9 -860.0 2330.1 0 0 0 0 0 0 0 0 0
256.5 -858.5 2351.5 0 0 0 0 0 0 0 0 0
138.1 58.6 2637.2 54 0.9989615083 0.0357887335 0.0281961933 -0.0389547981 0.9918663502 0.1211759895 -0.0236301199 -0.1221485287 0.9922304749
130.9 -139.5 2661.6 0.9989615083 0.0357887335 0.0281961933 -0.0389547981 0.9918663502 0.1211759895 -0.0236301199 -0.1221485287 0.9922304749
124.7 -330.8 2684.4 0.9990057945 0.0346790701 0.0280145667 -0.0377087779 0.9925259948 0.1160613820 -0.0237802844 -0.1170023829 0.9928469062
-5.0 -133.1 2665.0 0.3866513968 -0.9074684381 -0.1643219441 0.9214272499 0.3875487447 0.0278894193 0.0383739956 -0.1621941924 0.9860123992
-109.1 -381.1 2654.7 0.0991650969 -0.9074684381 -0.4082490504 0.5727493167 0.3875487447 -0.7223324776 0.8137103319 -0.1621941924 0.5581832528
266.9 -146.0 2658.2 0.2477702647 0.9646598697 0.0896729752 -0.7896414995 0.2547068000 -0.5582031012 -0.5613164902 0.0674966276 0.8248442411
315.8 -301.9 2547.4 -0.2522772551 0.9646598697 0.0760758370 0.9667211771 0.2547068000 -0.0239716191 -0.0425014906 0.0674966276 -0.9968138337
27.1 -520.0 2708.4 0.9904966354 0.1218430921 -0.0638021231 -0.0529409200 -0.0903892741 -0.9944983721 -0.1269397885 0.9884250164 -0.0830797851
-19.0 -485.8 2334.8 0.9904966354 0.0552400760 0.1259562820 -0.0529409200 0.9983655214 -0.0215311442 -0.1269397885 0.0146582844 0.9918020964
206.1 -526.4 2704.8 0.9842189550 -0.1763240546 -0.0149290934 -0.0367963463 -0.1214082167 -0.9919204116 0.1730869114 0.9768161774 -0.1259803474
271.2 -481.6 2344.1 0.9842189550 0.0382378846 -0.1727741659 -0.0367963463 0.9992561340 0.0115398178 0.1730869114 -0.0050002495 0.9848938584
-135.3 -532.5 2439.6 0 0 0 0 0 0 0 0 0
247.8 -41.4 2535.9 0 0 0 0 0 0 0 0 0
-39.6 -858.5 2329.4 0 0 0 0 0 0 0 0 0
256.9 -854.5 2345.9 0 0 0 0 0 0 0 0 0
136.9 58.9 2637.6 55 0.9990205169 0.0352577195 0.0267374068 -0.0382092111 0.9921119213 0.1193901524 -0.0223170761 -0.1202948242 0.9924873114
129.9 -138.9 2661.6 0.9990205169 0.0352577195 0.0267374068 -0.0382092111 0.9921119213 0.1193901524 -0.0223170761 -0.1202948242 0.9924873114
123.7 -330.3 2684.1 0.9990434051 0.0347371772 0.0265623461 -0.0375596918 0.9927214980 0.1144260094 -0.0223941766 -0.1153142229 0.9930766225
-6.0 -132.5 2664.8 0.3864918947 -0.9072759151 -0.1657541543 0.9214051366 0.3877161145 0.0262443051 0.0404547341 -0.1628699452 0.9858178496
-110.0 -380.5 2653.9 0.0979211777 -0.9072759151 -0.4089765847 0.5714167356 0.3877161145 -0.7232974172 0.8147971034 -0.1628699452 0.5563982725
265.9 -145.3 2658.4 0.2486723214 0.9645324349 0.0885399282 -0.7886869907 0.2547010779 -0.5595535636 -0.5622587800 0.0693151951 0.8240512609
315.0 -301.1 2547.3 -0.2523239255 0.9645324349 0.0775233582 0.9667622447 0.2547010779 -0.0223183837 -0.0412720889 0.0693151951 -0.9967406988
28.5 -520.1 2709.3 0.9900830984 0.1254211515 -0.0632852167 -0.0521663688 -0.0900375545 -0.9945712090 -0.1304383129 0.9880095124 -0.0826018900
-18.7 -486.2 2337.2 0.9900830984 0.0566480942 0.1285553426 -0.0521663688 0.9979163408 -0.0379682444 -0.1304383129 0.0308854505 0.9909752607
207.5 -526.9 2705.0 0.9861387014 -0.1659185737 -0.0012011343 -0.0234555546 -0.1322346181 -0.9909408689 0.1642566621 0.9772333503 -0.1342933923
268.4 -478.4 2346.6 0.9861387014 0.0224805716 -0.1643929482 -0.0234555546 0.9997169375 -0.0039918059 0.1642566621 0.0077924025 0.9863868356
-135.9 -531.5 2438.5 0 0 0 0 0 0 0 0 0
247.0 -40.6 2536.2 0 0 0 0 0 0 0 0 0
-39.9 -858.7 2325.6 0 0 0 0 0 0 0 0 0
260.0 -851.4 2343.7 0 0 0 0 0 0 0 0 0
136.4 59.3 2636.8 56 0.9989080429 0.0345657840 0.0314313434 -0.0383290946 0.9909939766 0.1283037663 -0.0267133508 -0.1293683946 0.9912366867
129.5 -139.3 2662.7 0.9989080429 0.0345657840 0.0314313434 -0.0383290946 0.9909939766 0.1283037663 -0.0267133508 -0.1293683946 0.9912366867
122.9 -330.3 2687.3 0.9988350272 0.0367167555 0.0313126035 -0.0403597616 0.9913352728 0.1250016689 -0.0264516324 -0.1261198074 0.9916623235
-6.5 -132.5 2666.5 0.3889873028 -0.9070200920 -0.1612558812 0.9207918048 0.3882726133 0.0372406952 0.0288331825 -0.1629692465 0.9862097502
-111.1 -380.3 2658.7 0.1030193791 -0.9070200920 -0.4082910717 0.5798695683 0.3882726133 -0.7162371874 0.8081697226 -0.1629692465 0.5659529567
265.4 -146.1 2658.9 0.2441575825 0.9654720426 0.0908337012 -0.7953069806 0.2529553473 -0.5509086847 -0.5548638105 0.0622678585 0.8296076655
313.6 -303.1 2549.4 -0.2500731349 0.9654720426 0.0729870498 0.9669079185 0.2529553473 -0.0332058817 -0.0505218133 0.0622678585 -0.9967799187
27.5 -519.6 2708.5 0.9899481535 0.1276373565 -0.0609213188 -0.0498792864 -0.0879913643 -0.9948716164 -0.1323433369 0.9879100323 -0.0807404220
-20.9 -486.3 2334.5 0.9899481535 0.0523104630 0.1314013600 -0.0498792864 0.9985188842 -0.0217279345 -0.1323433369 0.0149553213 0.9910911322
206.5 -526.3 2704.5 0.9865850210 -0.1630942076 0.0070892130 -0.0150860483 -0.1343261749 -0.9908223152 0.1625496447 0.9774235487 -0.1349846423
266.2 -477.2 2346.6 0.9865850210 0.0134590017 -0.1626924425 -0.0150860483 0.9998477697 -0.0087694097 0.1625496447 0.0111061540 0.9866378307
-138.4 -533.6 2445.0 0 0 0 0 0 0 0 0 0
246.2 -42.6 2535.8 0 0 0 0 0 0 0 0 0
-40.4 -859.0 2328.9 0 0 0 0 0 0 0 0 0
261.2 -850.3 2342.4 0 0 0 0 0 0 0 0 0
137.5 59.2 2637.4 57 0.9987989664 0.0344614983 0.0348285213 -0.0387765765 0.9904960990 0.1319615543 -0.0299499203 -0.1331536025 0.9906427860
130.6 -138.8 2664.0 0.9987989664 0.0344614983 0.0348285213 -0.0387765765 0.9904960990 0.1319615543 -0.0299499203 -0.1331536025 0.9906427860
124.5 -329.7 2689.9 0.9988014102 0.0343955904 0.0348236114 -0.0387062915 0.9905176759 0.1318203211 -0.0299593639 -0.1330102086 0.9906617403
-5.3 -132.2 2668.2 0.3873792887 -0.9083498120 -0.1576004475 0.9216793180 0.3854868710 0.0436709784 0.0210843757 -0.1621742994 0.9865368605
-109.6 -380.2 2662.5 0.1049905792 -0.9083498120 -0.4048179984 0.5855568051 0.3854868710 -0.7131080627 0.8038035631 -0.1621742994 0.5723628998
266.5 -145.4 2659.8 0.2435405254 0.9652279019 0.0949901044 -0.7986239791 0.2551454306 -0.5450693369 -0.5503524542 0.0568851009 0.8329923749
