-2.7 67.8 2551.7 54 0.9755619764 0.1815915555 0.1237067059 -0.2156759501 0.8989782333 0.3812112808 -0.0419848822 -0.3985758126 0.9161738753
-38.3 -108.6 2629.9 0.9755619764 0.1815915555 0.1237067059 -0.2156759501 0.8989782333 0.3812112808 -0.0419848822 -0.3985758126 0.9161738753
-74.1 -282.0 2713.2 0.9745467901 0.1832455099 0.1291497350 -0.2206427753 0.8859921694 0.4078413844 -0.0396905541 -0.4259564579 0.9038726687
-177.1 -77.1 2635.5 -0.0116583053 0.9985013604 -0.0534707159 0.8632705808 0.0370359086 0.5033807755 0.5046067238 -0.0402911305 -0.8624086380
-174.1 -303.3 2503.3 -0.0547117591 0.9985013604 0.0012872129 0.6582229137 0.0370359086 -0.7519115210 -0.7508323789 -0.0402911305 -0.6592627764
100.5 -140.1 2624.3 -0.0897904560 0.7620316744 0.6412841678 -0.7754637003 0.3505531549 -0.5251367092 -0.6249749660 -0.5444448590 0.5594515800
74.0 -369.5 2439.3 -0.5001537204 0.7620316744 0.4112833738 -0.2153877616 0.3505531549 -0.9114387631 -0.8387218714 -0.5444448590 -0.0111981649
-201.8 -444.3 2788.7 0.9990322590 -0.0372987650 0.0233094543 0.0201212037 -0.0836818218 -0.9962893724 0.0391109399 0.9957942367 -0.0828503445
-187.0 -411.2 2394.9 0.9990322590 -0.0317929722 -0.0303930156 0.0201212037 0.9448262453 -0.3269534409 0.0391109399 0.3260255158 0.9445515871
-25.3 -483.0 2785.7 0.9419513941 -0.2740721107 -0.1939383894 -0.1959714741 0.0202202927 -0.9804010987 0.2726220787 0.9614965320 -0.0346637778
81.8 -490.9 2410.2 0.9419513941 0.0492860824 -0.3321121633 -0.1959714741 0.8838925958 -0.4246516824 0.2726220787 0.4650857449 0.8422425389
-160.1 -471.7 2695.3 0 0 0 0 0 0 0 0 0
-55.2 -425.1 2222.8 0 0 0 0 0 0 0 0 0
-174.4 -785.2 2265.9 0 0 0 0 0 0 0 0 0
64.8 -795.2 2250.1 0 0 0 0 0 0 0 0 0
-2.4 69.1 2549.0 55 0.9760584235 0.1850511432 0.1143069118 -0.2153636962 0.8958399296 0.3887021244 -0.0304709170 -0.4040135443 0.9142453671
-38.8 -106.9 2628.3 0.9760584235 0.1850511432 0.1143069118 -0.2153636962 0.8958399296 0.3887021244 -0.0304709170 -0.4040135443 0.9142453671
-75.3 -280.2 2711.8 0.9751939774 0.1867485642 0.1188346446 -0.2195042968 0.8850976229 0.4103901684 -0.0285404827 -0.4262947440 0.9041339755
-177.7 -75.5 2632.4 -0.0074956194 0.9981753826 -0.0599144995 0.8635435700 0.0366730466 0.5029389858 0.5042185783 -0.0479689427 -0.8622427583
-175.8 -296.4 2503.5 -0.0601533465 0.9981753826 -0.0052446919 0.6729592681 0.0366730466 -0.7387698293 -0.7372295260 -0.0479689427 -0.6739373803
100.2 -138.2 2624.3 -0.0959506780 0.7307252884 0.6758949757 -0.7734124064 0.3727200925 -0.5127503872 -0.6265993118 -0.5719442964 0.5293892622
70.8 -375.2 2432.2 -0.5404676795 0.7307252884 0.4170554280 -0.1959762126 0.3727200925 -0.9070132375 -0.8182224631 -0.5719442964 -0.0582384169
-197.9 -435.5 2800.2 0.9992812276 -0.0267645624 0.0268451627 0.0240512248 -0.0997420847 -0.9947226048 0.0293009076 0.9946532845 -0.0990266725
-187.4 -396.2 2408.7 0.9992812276 -0.0327097848 -0.0191591885 0.0240512248 0.9377329350 -0.3465233743 0.0293009076 0.3458135128 0.9378456473
-21.8 -475.4 2793.0 0.9374538660 -0.2735878527 -0.2152437866 -0.2144309729 0.0332472734 -0.9761731029 0.2742253840 0.9612722397 -0.0274979249
85.2 -488.4 2417.1 0.9374538660 0.0598972030 -0.3429176509 -0.2144309729 0.8753675222 -0.4333025217 0.2742253840 0.4797332883 0.8334605098
-160.4 -468.6 2692.1 0 0 0 0 0 0 0 0 0
-67.6 -425.4 2222.7 0 0 0 0 0 0 0 0 0
-173.9 -783.6 2265.9 0 0 0 0 0 0 0 0 0
64.2 -794.7 2249.2 0 0 0 0 0 0 0 0 0
-0.6 71.1 2547.6 56 0.9756976962 0.1903429925 0.1085518450 -0.2180462480 0.8924022913 0.3950620294 -0.0216746274 -0.4091304243 0.9122184515
-38.1 -104.7 2628.2 0.9756976962 0.1903429925 0.1085518450 -0.2180462480 0.8924022913 0.3950620294 -0.0216746274 -0.4091304243 0.9122184515
-75.9 -277.3 2712.7 0.9745936990 0.1932431459 0.1132440194 -0.2231509686 0.8812019825 0.4167574346 -0.0192553364 -0.4314396679 0.9019362926
-176.9 -72.9 2631.0 0.0098990789 0.9967457652 -0.0799989998 0.8738092184 0.0302741751 0.4853256047 0.4861681461 -0.0747081414 -0.8706659675
-179.5 -298.0 2505.7 -0.0755867213 0.9967457652 -0.0280085634 0.6730470657 0.0302741751 -0.7389798164 -0.7357270718 -0.0747081414 -0.6731451154
100.8 -136.5 2625.5 -0.0613798685 0.7107224464 0.7007896304 -0.7957676649 0.3889649510 -0.4641767442 -0.6024834514 -0.5861568451 0.5416953564
82.7 -371.3 2447.7 -0.5586277246 0.7107224464 0.4275612533 -0.1943678111 0.3889649510 -0.9005150795 -0.8063226342 -0.5861568451 -0.0791450366
-199.9 -433.6 2797.8 0.9991238713 -0.0302092079 0.0289628264 0.0255025886 -0.1092315540 -0.9936891198 0.0331822149 0.9935571551 -0.1083654389
-188.1 -390.7 2407.7 0.9991238713 -0.0352866501 -0.0225009732 0.0255025886 0.9396515489 -0.3411812186 0.0331822149 0.3403084576 0.9397282004
-23.7 -473.3 2792.7 0.9367468357 -0.2764118314 -0.2147134244 -0.2144063860 0.0317103527 -0.9762296677 0.2766500711 0.9605159760 -0.0295598879
84.5 -485.7 2416.7 0.9367468357 0.0588778444 -0.3450199366 -0.2144063860 0.8756766319 -0.4326896071 0.2766500711 0.4792951047 0.8329111338
-160.1 -470.3 2694.1 0 0 0 0 0 0 0 0 0
-60.3 -421.1 2241.3 0 0 0 0 0 0 0 0 0
-173.3 -784.8 2265.0 0 0 0 0 0 0 0 0 0
63.7 -794.8 2247.6 0 0 0 0 0 0 0 0 0
-1.7 69.8 2550.0 57 0.9770077467 0.1873513460 0.1017609537 -0.2125158757 0.8940775394 0.3942871690 -0.0171119533 -0.4068474472 0.9133358598
-38.6 -106.0 2630.0 0.9770077467 0.1873513460 0.1017609537 -0.2125158757 0.8940775394 0.3942871690 -0.0171119533 -0.4068474472 0.9133358598
-75.6 -279.0 2713.9 0.9761598110 0.1892554462 0.1062752530 -0.2165180892 0.8834036589 0.4155934453 -0.0152306240 -0.4286961257 0.9033203721
-177.7 -75.2 2632.1 0.0028511889 0.9971845746 -0.0749318227 0.8745737672 0.0338469744 0.4837097824 0.4848841429 -0.0669125542 -0.8720149398
-178.4 -297.8 2508.7 -0.0720653981 0.9971845746 -0.0207240395 0.6791907549 0.0338469744 -0.7331809402 -0.7304152846 -0.0669125542 -0.6797177196
100.6 -136.9 2627.8 -0.0362178124 0.6992658377 0.7139436603 -0.8064835668 0.4014327824 -0.4340921044 -0.5901461840 -0.5915057063 0.5494074225
90.1 -369.4 2457.7 -0.5674495697 0.6992658377 0.4347738028 -0.1915424615 0.4014327824 -0.8956356645 -0.8008198738 -0.5915057063 -0.0938537642
-201.8 -429.7 2798.9 0.9990578294 -0.0343948640 0.0264670700 0.0214735325 -0.1382070929 -0.9901705384 0.0377147160 0.9898059368 -0.1373382956
-188.3 -375.5 2410.9 0.9990578294 -0.0328799635 -0.0283270273 0.0214735325 0.9417137504 -0.3357292712 0.0377147160 0.3348046541 0.9415324926
-25.6 -470.0 2795.4 0.9407895207 -0.2797429264 -0.1914653182 -0.1986256987 0.0028050852 -0.9800714254 0.2747051418 0.9600708485 -0.0529251434
83.9 -471.1 2419.7 0.9407895207 0.0506348684 -0.3351882994 -0.1986256987 0.8836075068 -0.4240113199 0.2747051418 0.4654824138 0.8413460851
-159.9 -471.7 2695.7 0 0 0 0 0 0 0 0 0
-55.2 -418.4 2252.6 0 0 0 0 0 0 0 0 0
-174.0 -784.7 2265.4 0 0 0 0 0 0 0 0 0
65.3 -795.6 2248.7 0 0 0 0 0 0 0 0 0
-2.2 72.9 2547.6 58 0.9772132635 0.1806801856 0.1113952547 -0.2105400711 0.8917558789 0.4005550146 -0.0269650165 -0.4148808420 0.9094761014
-37.6 -101.7 2628.8 0.9772132635 0.1806801856 0.1113952547 -0.2105400711 0.8917558789 0.4005550146 -0.0269650165 -0.4148808420 0.9094761014
-73.3 -274.4 2713.8 0.9764015079 0.1826665550 0.1152087748 -0.2145033777 0.8822027445 0.4191736579 -0.0250684898 -0.4339944720 0.9005666971
-176.7 -71.1 2632.4 -0.0242962297 0.9990416169 -0.0364084058 0.8751884699 0.0388578475 0.4822190404 0.4831716418 -0.0201481115 -0.8752937913
-170.4 -298.3 2507.0 -0.0411337130 0.9990416169 0.0149631733 0.6761158109 0.0388578475 -0.7357699871 -0.7356462479 -0.0201481115 -0.6770662069
101.6 -132.2 2625.3 -0.0474598035 0.7810306549 0.6226866841 -0.8159692287 0.3292527497 -0.4751702845 -0.5761438608 -0.5306446552 0.6216707230
88.7 -353.4 2469.1 -0.4530404210 0.7810306549 0.4298203588 -0.2861080468 0.3292527497 -0.8998526931 -0.8443320394 -0.5306446552 0.0742943436
-200.9 -432.5 2799.2 0.9987661242 -0.0492278412 0.0065452540 0.0024458743 -0.0828770995 -0.9965567589 0.0496007912 0.9953431487 -0.0826544389
-180.7 -398.5 2391.2 0.9987661242 -0.0175817981 -0.0464446023 0.0024458743 0.9515120983 -0.3076016307 0.0496007912 0.3071084917 0.9503810406
-24.4 -471.6 2796.5 0.9451679587 -0.2757369578 -0.1750048399 -0.1858276725 -0.0134102730 -0.9824908376 0.2685621977 0.9611395597 -0.0639145225
83.5 -466.4 2420.2 0.9451679587 0.0446175747 -0.3235225379 -0.1858276725 0.8880990148 -0.4204143882 0.2685621977 0.4574816227 0.8476938605
-159.9 -471.3 2695.3 0 0 0 0 0 0 0 0 0
-25.9 -425.8 2255.5 0 0 0 0 0 0 0 0 0
-173.6 -784.2 2266.8 0 0 0 0 0 0 0 0 0
66.9 -796.8 2250.0 0 0 0 0 0 0 0 0 0
-1.7 74.6 2546.4 59 0.9779134393 0.1763093174 0.1122509688 -0.2073343247 0.8861723542 0.4143802524 -0.0264146123 -0.4285015166 0.9031548500
-36.4 -100.2 2631.0 0.9779134393 0.1763093174 0.1122509688 -0.2073343247 0.8861723542 0.4143802524 -0.0264146123 -0.4285015166 0.9031548500
-71.5 -271.1 2719.9 0.9768153429 0.1791202724 0.1172507703 -0.2127690613 0.8728682399 0.4391245246 -0.0236883704 -0.4538908899 0.8907423615
-175.7 -69.9 2634.4 -0.0081976606 0.9986051321 -0.0521591753 0.8670362830 0.0330845118 0.4971453846 0.4981775880 -0.0411484689 -0.8660981059
-173.5 -293.6 2505.9 -0.0526463166 0.9986051321 -0.0040183137 0.6832298636 0.0330845118 -0.7294534445 -0.7283030152 -0.0411484689 -0.6840186119
102.8 -130.6 2627.6 -0.0706226677 0.7613919377 0.6444336772 -0.7990123034 0.3435750008 -0.4934931993 -0.5971530676 -0.5497622490 0.5840973854
83.9 -344.3 2467.9 -0.4523431957 0.7613919377 0.4644005895 -0.3259215951 0.3435750008 -0.8807561398 -0.8301570415 -0.5497622490 0.0927402675
-197.3 -427.8 2801.1 0.9992715716 -0.0349812694 0.0152527662 0.0101116579 -0.1426935941 -0.9897152781 0.0367979705 0.9891485572 -0.1422359347
-183.3 -370.7 2405.4 0.9992715716 -0.0213090666 -0.0316584893 0.0101116579 0.9477764368 -0.3187751174 0.0367979705 0.3182227910 0.9473015070
-20.8 -466.6 2796.6 0.9474136233 -0.2663009763 -0.1774577647 -0.1846437007 -0.0019821022 -0.9828035235 0.2613698244 0.9638878703 -0.0510486700
83.4 -465.8 2419.1 0.9474136233 0.0472457260 -0.3165048361 -0.1846437007 0.8885063529 -0.4200751483 0.2613698244 0.4564255476 0.8505066633
-160.1 -468.5 2692.3 0 0 0 0 0 0 0 0 0
-31.2 -427.2 2256.7 0 0 0 0 0 0 0 0 0
-174.1 -783.5 2266.8 0 0 0 0 0 0 0 0 0
65.9 -795.4 2249.8 0 0 0 0 0 0 0 0 0
-0.6 79.1 2545.9 60 0.9776600599 0.1657731235 0.1292286664 -0.2051831335 0.8861014843 0.4156008661 -0.0456142537 -0.4328319132 0.9003198743
-33.3 -95.8 2631.3 0.9776600599 0.1657731235 0.1292286664 -0.2051831335 0.8861014843 0.4156008661 -0.0456142537 -0.4328319132 0.9003198743
-66.1 -266.7 2721.1 0.9767397642 0.1674138457 0.1339853555 -0.2100413740 0.8727295399 0.4407105148 -0.0431519337 -0.4586019218 0.8875934482
-172.5 -65.9 2637.4 0.0141250901 0.9976872802 -0.0664872900 0.8585180044 0.0219864286 0.5123118162 0.5125887990 -0.0643169880 -0.8562219739
-176.2 -290.0 2503.6 -0.0618590303 0.9976872802 -0.0281698126 0.6858566403 0.0219864286 -0.7274044752 -0.7251028419 -0.0643169880 -0.6856305003
105.9 -125.8 2625.1 -0.1226661205 0.8242300153 0.5528091192 -0.7982637882 0.2490215153 -0.5484187603 -0.5896846056 -0.5085599422 0.6274064779
70.6 -355.3 2455.6 -0.4313363731 0.8242300153 0.3668703735 -0.3057692051 0.2490215153 -0.9189632535 -0.8487957120 -0.5085599422 0.1446121186
-194.9 -422.8 2810.9 0.9995138049 -0.0235409997 0.0204441864 0.0191012621 -0.0559229515 -0.9982523322 0.0246431567 0.9981575012 -0.0554460995
-185.2 -399.7 2398.3 0.9995138049 -0.0260537863 -0.0171272773 0.0191012621 0.9458361864 -0.3240818381 0.0246431567 0.3235971332 0.9458739758
-18.3 -461.3 2806.6 0.9479712248 -0.2636395097 -0.1784508973 -0.1902031898 -0.0195289124 -0.9815505147 0.2552905381 0.9644235969 -0.0686579198
84.9 -453.6 2428.9 0.9479712248 0.0513780192 -0.3141827583 -0.1902031898 0.8827948570 -0.4295299649 0.2552905381 0.4669406116 0.8466364145
-160.3 -465.6 2689.3 0 0 0 0 0 0 0 0 0
-39.6 -433.4 2238.7 0 0 0 0 0 0 0 0 0
-174.6 -783.8 2266.9 0 0 0 0 0 0 0 0 0
65.2 -793.7 2249.1 0 0 0 0 0 0 0 0 0
-0.8 80.5 2547.1 61 0.9805453420 0.1612514704 0.1119321883 -0.1935241669 0.8895765543 0.4137655497 -0.0328519419 -0.4273774624 0.9034761786
-32.7 -95.4 2631.6 0.9805453420 0.1612514704 0.1119321883 -0.1935241669 0.8895765543 0.4137655497 -0.0328519419 -0.4273774624 0.9034761786
-64.6 -267.1 2720.1 0.9797329903 0.1630386412 0.1163686812 -0.1979492605 0.8769441843 0.4379326701 -0.0306488890 -0.4520922005 0.8914445043
-172.3 -67.2 2635.9 0.0221742410 0.9967788458 -0.0770728588 0.8640009761 0.0196805932 0.5031052828 0.5030015707 -0.0777470022 -0.8607814908
-177.9 -286.7 2508.1 -0.0691966116 0.9967788458 -0.0405432023 0.7011210322 0.0196805932 -0.7127706409 -0.7096768022 -0.0777470022 -0.7002244592
106.9 -123.6 2627.2 -0.1361930966 0.7998527884 0.5845399499 -0.7772178650 0.2796127200 -0.5636923909 -0.6143157482 -0.5310859084 0.5835785866
65.4 -360.3 2440.1 -0.4488454759 0.7998527884 0.3984636068 -0.3087829053 0.2796127200 -0.9091038704 -0.8385647535 -0.5310859084 0.1214779690
-187.1 -418.6 2814.8 0.9994483590 -0.0026291991 0.0331062414 0.0330793746 -0.0096776644 -0.9994058609 0.0029480280 0.9999496937 -0.0095853545
-186.0 -414.6 2393.6 0.9994483590 -0.0322256386 0.0080276998 0.0330793746 0.9445246458 -0.3267705142 0.0029480280 0.3268558085 0.9450696111
-10.6 -456.6 2807.0 0.9567831159 -0.2390715182 -0.1655624658 -0.1733299047 -0.0116874138 -0.9847944975 0.2335013151 0.9709316492 -0.0526205637
83.0 -452.0 2426.8 0.9567831159 0.0477904528 -0.2868487239 -0.1733299047 0.8857575655 -0.4305697083 0.2335013151 0.4616812766 0.8557614088
-160.2 -466.2 2689.8 0 0 0 0 0 0 0 0 0
-48.9 -439.0 2226.5 0 0 0 0 0 0 0 0 0
-173.4 -784.2 2265.7 0 0 0 0 0 0 0 0 0
64.6 -793.9 2248.6 0 0 0 0 0 0 0 0 0
3.4 88.4 2538.2 62 0.9763437510 0.1582761556 0.1473143399 -0.2076602429 0.8762212396 0.4348718524 -0.0602501072 -0.4551757574 0.8883607984
-28.0 -85.4 2628.5 0.9763437510 0.1582761556 0.1473143399 -0.2076602429 0.8762212396 0.4348718524 -0.0602501072 -0.4551757574 0.8883607984
-59.0 -254.7 2721.7 0.9756637812 0.1589551866 0.1510410458 -0.2113921493 0.8648653626 0.4553254545 -0.0582538247 -0.4761734605 0.8774197102
-166.9 -55.2 2636.7 0.0477339923 0.9946960211 -0.0911111012 0.8720995188 0.0029694038 0.4893195927 0.4869948030 -0.1028151214 -0.8673321605
-179.7 -288.1 2506.7 -0.0759298950 0.9946960211 -0.0693859980 0.6954974532 0.0029694038 -0.7185224295 -0.7145053744 -0.1028151214 -0.6920340657
111.0 -115.6 2620.2 -0.1647625715 0.8220858574 0.5450029373 -0.7927675843 0.2183742374 -0.5690626502 -0.5868329406 -0.5258208513 0.6157431006
59.3 -364.1 2436.2 -0.4529216290 0.8220858574 0.3450172544 -0.3088077009 0.2183742374 -0.9257162213 -0.8363610506 -0.5258208513 0.1549600214
-185.1 -421.0 2811.4 0.9992762804 0.0037741656 0.0378504433 0.0378318690 0.0048775701 -0.9992722273 -0.0039560371 0.9999809861 0.0047312560
-186.7 -423.0 2390.9 0.9992762804 -0.0344965421 0.0160277616 0.0378318690 0.9451448321 -0.3244533539 -0.0039560371 0.3248249292 0.9457659125
-8.0 -456.8 2805.9 0.9577609897 -0.2319329232 -0.1700030416 -0.1736457646 0.0047741565 -0.9847965837 0.2292183638 0.9727200866 -0.0357016698
82.8 -458.6 2425.0 0.9577609897 0.0490523577 -0.2833509743 -0.1736457646 0.8840699196 -0.4338980019 0.2292183638 0.4647732675 0.8552454114
-160.2 -466.2 2689.7 0 0 0 0 0 0 0 0 0
-55.7 -442.5 2223.8 0 0 0 0 0 0 0 0 0
-173.4 -786.0 2266.1 0 0 0 0 0 0 0 0 0
64.2 -794.0 2248.7 0 0 0 0 0 0 0 0 0
3.1 87.7 2541.7 63 0.9822611809 0.1587463915 0.0998125672 -0.1864801198 0.8828700185 0.4310054183 -0.0197009724 -0.4419729710 0.8968120217
-28.3 -87.1 2629.2 0.9822611809 0.1587463915 0.0998125672 -0.1864801198 0.8828700185 0.4310054183 -0.0197009724 -0.4419729710 0.8968120217
-59.8 -257.9 2719.6 0.9814709425 0.1613971740 0.1032751352 -0.1908129007 0.8724101186 0.4499899745 -0.0174711663 -0.4613583088 0.8870418668
-168.0 -59.9 2631.7 0.0513505004 0.9938071370 -0.0985417739 0.8734171391 0.0031552871 0.4869625568 0.4842578173 -0.1110738516 -0.8678461909
-180.8 -277.7 2510.9 -0.0790135637 0.9938071370 -0.0781294629 0.7229002118 0.0031552871 -0.6909452081 -0.6864197850 -0.1110738516 -0.7186727524
111.3 -114.3 2626.8 -0.1207391843 0.8547183275 0.5048550963 -0.7922787070 0.2234466523 -0.5677728653 -0.5980940461 -0.4685383737 0.6501963735
73.0 -366.3 2436.6 -0.3959116936 0.8547183275 0.3357239068 -0.3031536639 0.2234466523 -0.9263743758 -0.8668054938 -0.4685383737 0.1706458479
-178.2 -404.9 2820.1 0.9996693134 0.0065061171 0.0248777568 0.0245909132 0.0409702957 -0.9988577366 -0.0075179343 0.9991391897 0.0407967567
-181.0 -422.9 2381.9 0.9996693134 -0.0211358089 0.0146461576 0.0245909132 0.9522913098 -0.3041981757 -0.0075179343 0.3044577539 0.9524961710
-1.9 -443.2 2809.7 0.9624656439 -0.2181805670 -0.1614223570 -0.1636848003 0.0077882684 -0.9864819646 0.2164883912 0.9758773446 -0.0282169022
83.6 -446.3 2427.5 0.9624656439 0.0485178269 -0.2670317590 -0.1636848003 0.8885809779 -0.4285219908 0.2164883912 0.4561467171 0.8631702662
-160.6 -462.7 2686.6 0 0 0 0 0 0 0 0 0
-27.2 -443.0 2217.3 0 0 0 0 0 0 0 0 0
-173.0 -785.0 2266.1 0 0 0 0 0 0 0 0 0
64.6 -794.0 2249.0 0 0 0 0 0 0 0 0 0
1.7 84.2 2544.0 64 0.9859374166 0.1532336026 0.0666852072 -0.1669574082 0.8858566880 0.4328777194 0.0072578732 -0.4379239380 0.8989827633
-28.5 -90.7 2630.5 0.9859374166 0.1532336026 0.0666852072 -0.1669574082 0.8858566880 0.4328777194 0.0072578732 -0.4379239380 0.8989827633
-59.0 -262.4 2719.5 0.9852747917 0.1561681926 0.0696063340 -0.1707321405 0.8768026829 0.4495193362 0.0091696056 -0.4547841251 0.8905544877
-168.8 -66.3 2629.1 0.0703852028 0.9888924360 -0.1309107393 0.8821581602 -0.0004429895 0.4709530473 0.4656639397 -0.1486320943 -0.8723907471
-186.3 -285.9 2513.2 -0.1044650525 0.9888924360 -0.1057296023 0.7092732787 -0.0004429895 -0.7049334645 -0.6971502304 -0.1486320943 -0.7013487220
111.7 -115.0 2631.8 -0.1402815580 0.8100811839 0.5692886710 -0.7726405859 0.2699860632 -0.5745729208 -0.6191506982 -0.5204575062 0.5880275369
65.8 -367.8 2429.2 -0.4421381354 0.8100811839 0.3850745261 -0.3016990721 0.2699860632 -0.9143769741 -0.8446843028 -0.5204575062 0.1250295937
-179.9 -411.5 2811.4 0.9997265935 0.0054316344 0.0227425862 0.0229983274 -0.0528973415 -0.9983350635 -0.0042195693 0.9985851645 -0.0530077964
-182.1 -389.6 2398.9 0.9997265935 -0.0204833671 0.0112765040 0.0229983274 0.9484360218 -0.3161332309 -0.0042195693 0.3163061440 0.9486477971
-2.7 -446.0 2808.3 0.9627839923 -0.2164806277 -0.1618119180 -0.1616398096 0.0186225139 -0.9866740704 0.2166091800 0.9761092663 -0.0170624293
82.1 -453.3 2426.0 0.9627839923 0.0452642106 -0.2664547265 -0.1616398096 0.8865631223 -0.4334494174 0.2166091800 0.4603878558 0.8608852625
-159.6 -467.4 2691.6 0 0 0 0 0 0 0 0 0
-45.9 -444.0 2215.9 0 0 0 0 0 0 0 0 0
-173.6 -782.8 2267.7 0 0 0 0 0 0 0 0 0
64.7 -793.6 2249.4 0 0 0 0 0 0 0 0 0
-1.7 80.2 2548.6 65 0.9891964197 0.1328270733 0.0620277636 -0.1465959400 0.8972116709 0.4165583849 -0.0003218030 -0.4211510718 0.9069904685
-27.7 -95.5 2631.1 0.9891964197 0.1328270733 0.0620277636 -0.1465959400 0.8972116709 0.4165583849 -0.0003218030 -0.4211510718 0.9069904685
-53.9 -269.5 2716.7 0.9889286757 0.1336769313 0.0644250587 -0.1483907551 0.8892765641 0.4326284528 0.0005407502 -0.4373987317 0.8992674947
-168.6 -74.3 2631.0 0.0676394626 0.9895147681 -0.1276144832 0.8813883066 0.0006745045 0.4723920226 0.4675249457 -0.1444302499 -0.8721010685
-185.5 -294.4 2514.2 -0.1044566482 0.9895147681 -0.0997464880 0.6939474940 0.0006745045 -0.7200253010 -0.7124083638 -0.1444302499 -0.6867417097
113.1 -116.6 2631.2 -0.1531601399 0.7521027923 0.6410018802 -0.7657645345 0.3196695447 -0.5580466390 -0.6246172190 -0.5763270259 0.5269730091
62.8 -367.7 2426.4 -0.5009106994 0.7521027923 0.4282871485 -0.2910206318 0.3196695447 -0.9017307758 -0.8151045442 -0.5763270259 0.0587515160
-178.5 -418.6 2807.8 0.9995692372 0.0124875745 0.0265585277 0.0275335945 -0.0857820436 -0.9959334135 -0.0101585481 0.9962356687 -0.0860889181
-183.5 -384.1 2407.1 0.9995692372 -0.0226092599 0.0187113937 0.0275335945 0.9431457520 -0.3312370181 -0.0101585481 0.3316095471 0.9433619976
-0.6 -449.5 2809.4 0.9641609192 -0.2140311897 -0.1567939967 -0.1591372043 0.0063486518 -0.9872360826 0.2122947425 0.9768062234 -0.0279392023
83.2 -452.0 2426.9 0.9641609192 0.0457801521 -0.2613386214 -0.1591372043 0.8879351020 -0.4315629601 0.2122947425 0.4576848447 0.8633976579
-158.7 -472.1 2696.5 0 0 0 0 0 0 0 0 0
-63.9 -441.3 2220.2 0 0 0 0 0 0 0 0 0
-173.9 -784.2 2266.4 0 0 0 0 0 0 0 0 0
65.6 -794.9 2250.1 0 0 0 0 0 0 0 0 0
-3.9 76.5 2548.0 66 0.9906390905 0.1257361174 0.0531468354 -0.1363739073 0.8943970799 0.4259765148 0.0060262564 -0.4292368293 0.9031718969
-28.6 -98.9 2632.2 0.9906390905 0.1257361174 0.0531468354 -0.1363739073 0.8943970799 0.4259765148 0.0060262564 -0.4292368293 0.9031718969
-53.3 -271.8 2720.7 0.9904126525 0.1261166185 0.0563678406 -0.1379718781 0.8829638958 0.4487076104 0.0068187146 -0.4521828592 0.8918991685
-169.7 -79.3 2631.2 0.0597082824 0.9911434054 -0.1186157987 0.8727577329 0.0058394414 0.4881187081 0.4844882786 -0.1326675862 -0.8646793962
-184.7 -298.9 2509.3 -0.1017099991 0.9911434054 -0.0853806883 0.6757053137 0.0058394414 -0.7371487021 -0.7301214933 -0.1326675862 -0.6703147888
112.5 -118.6 2633.1 -0.1353179961 0.7897701859 0.5982909799 -0.7779503465 0.2892571986 -0.5577844381 -0.6135815382 -0.5409189463 0.5752602816
70.9 -357.7 2444.5 -0.4624033272 0.7897701859 0.4030461311 -0.2986761034 0.2892571986 -0.9094629288 -0.8348507285 -0.5409189463 0.1021319926
-169.3 -430.2 2802.3 0.9989347458 0.0330404118 0.0322140753 0.0341536291 -0.0599231832 -0.9976185560 -0.0310313553 0.9976560473 -0.0609878004
-182.8 -405.8 2395.8 0.9989347458 -0.0221977364 0.0404558517 0.0341536291 0.9452009797 -0.3246977627 -0.0310313553 0.3257336020 0.9449521899
9.3 -457.0 2802.4 0.9704197049 -0.1852682829 -0.1547943652 -0.1499258876 0.0400924012 -0.9878840446 0.1892296523 0.9818697572 0.0111299455
81.8 -472.7 2418.2 0.9704197049 0.0457235016 -0.2370548248 -0.1499258876 0.8837540150 -0.4432843626 0.1892296523 0.4657125473 0.8644674420
-158.7 -471.8 2696.1 0 0 0 0 0 0 0 0 0
-47.1 -434.0 2231.4 0 0 0 0 0 0 0 0 0
-173.9 -784.2 2265.4 0 0 0 0 0 0 0 0 0
65.2 -794.5 2248.6 0 0 0 0 0 0 0 0 0
-3.5 76.6 2545.6 67 0.9906646013 0.1278177053 0.0473944657 -0.1357025653 0.8915498257 0.4321154356 0.0129774725 -0.4345130324 0.9005720615
-28.6 -98.5 2631.0 0.9906646013 0.1278177053 0.0473944657 -0.1357025653 0.8915498257 0.4321154356 0.0129774725 -0.4345130324 0.9005720615
-53.8 -271.3 2719.5 0.9904595017 0.1284443140 0.0499197580 -0.1371225268 0.8826427460 0.4495989084 0.0136871096 -0.4521546364 0.8918345571
-169.8 -79.0 2629.0 0.0347529575 0.9954110980 -0.0891569778 0.8799782395 0.0118100718 0.4748671651 0.4737409949 -0.0949592441 -0.8755296469
-178.6 -303.5 2508.1 -0.0787398592 0.9954110980 -0.0543761887 0.6649944186 0.0118100718 -0.7467549443 -0.7426859736 -0.0949592441 -0.6628727317
112.5 -118.0 2632.9 -0.1224638224 0.8312486410 0.5422437191 -0.8046420813 0.2366789430 -0.5445495844 -0.5809937716 -0.5029997230 0.6398730278
75.7 -359.9 2458.3 -0.4322253764 0.8312486410 0.3495810330 -0.2938382626 0.2366789430 -0.9260897040 -0.8525493145 -0.5029997230 0.1419540197
-167.4 -432.2 2808.6 0.9982799888 0.0403168947 0.0425635614 0.0440133326 -0.0357813835 -0.9983899593 -0.0387290008 0.9985460639 -0.0374943204
-184.4 -417.1 2388.6 0.9982799888 -0.0296357404 0.0505848974 0.0440133326 0.9488283992 -0.3127098680 -0.0387290008 0.3143984079 0.9485007524
11.5 -457.1 2809.9 0.9679161310 -0.1873790175 -0.1674141139 -0.1631736904 0.0379428118 -0.9858675003 0.1910830438 0.9815546274 0.0061501339
84.9 -472.0 2425.6 0.9679161310 0.0525855608 -0.2457094640 -0.1631736904 0.8751600981 -0.4554877877 0.1910830438 0.4809672832 0.8556621671
-158.5 -473.7 2698.2 0 0 0 0 0 0 0 0 0
-36.8 -436.3 2236.4 0 0 0 0 0 0 0 0 0
-172.9 -785.7 2266.5 0 0 0 0 0 0 0 0 0
65.5 -794.4 2248.3 0 0 0 0 0 0 0 0 0
-0.0 85.3 2535.9 68 0.9868898392 0.1455975771 0.0696407482 -0.1613444090 0.8791581392 0.4483847916 0.0040585087 -0.4537425339 0.8911235929
-28.8 -88.4 2625.6 0.9868898392 0.1455975771 0.0696407482 -0.1613444090 0.8791581392 0.4483847916 0.0040585087 -0.4537425339 0.8911235929
-57.5 -258.9 2717.4 0.9864928126 0.1470921338 0.0720817372 -0.1637182981 0.8711165786 0.4629818499 0.0053093862 -0.4685293734 0.8834319711
-169.3 -65.0 2624.8 0.0389798060 0.9941613078 -0.1006172672 0.9072117209 0.0069991737 0.4206161499 0.4188645482 -0.1076766998 -0.9016419649
-179.7 -306.9 2513.1 -0.0848597661 0.9941613078 -0.0666489229 0.6670826674 0.0069991737 -0.7449508309 -0.7401348352 -0.1076766998 -0.6637817025
111.7 -111.7 2626.4 -0.1240447015 0.8292929530 0.5448725820 -0.8214941025 0.2221668512 -0.5251564980 -0.5565612316 -0.5127524734 0.6537005901
74.1 -361.3 2457.3 -0.4416395724 0.8292929530 0.3423853219 -0.3016289175 0.2221668512 -0.9271795154 -0.8449701071 -0.5127524734 0.1520210505
-168.4 -431.8 2806.8 0.9979343414 0.0434831567 0.0472889133 0.0481830277 -0.0197488908 -0.9986432791 -0.0424902551 0.9988589287 -0.0218032468
-186.7 -423.5 2387.3 0.9979343414 -0.0320206545 0.0556929410 0.0481830277 0.9464617968 -0.3191997409 -0.0424902551 0.3212238550 0.9460495710
10.6 -456.6 2809.3 0.9700846076 -0.1865060776 -0.1554070562 -0.1546156853 0.0188729949 -0.9877943993 0.1871626526 0.9822725058 -0.0105283633
83.6 -464.0 2424.7 0.9700846076 0.0492155403 -0.2377261072 -0.1546156853 0.8801991343 -0.4487131238 0.1871626526 0.4720458686 0.8614771366
-158.0 -477.7 2702.6 0 0 0 0 0 0 0 0 0
-44.2 -442.1 2231.0 0 0 0 0 0 0 0 0 0
-174.5 -785.6 2264.4 0 0 0 0 0 0 0 0 0
65.1 -794.6 2247.3 0 0 0 0 0 0 0 0 0
-1.9 82.8 2541.1 69 0.9872481227 0.1476724893 0.0594477803 -0.1587116569 0.8841730356 0.4393730462 0.0123211872 -0.4432052374 0.8963354826
-30.9 -91.0 2628.2 0.9872481227 0.1476724893 0.0594477803 -0.1587116569 0.8841730356 0.4393730462 0.0123211872 -0.4432052374 0.8963354826
-60.3 -262.3 2718.4 0.9867060184 0.1500680894 0.0623758510 -0.1619138867 0.8747773170 0.4566710889 0.0139667746 -0.4606996477 0.8874462247
-171.5 -67.9 2626.2 0.0188585427 0.9965372682 -0.0809807256 0.9015650749 0.0180655811 0.4322661757 0.4322323203 -0.0811613053 -0.8981024623
-176.3 -296.7 2516.5 -0.0709125102 0.9965372682 -0.0434158742 0.6943390369 0.0180655811 -0.7194212079 -0.7161456943 -0.0811613053 -0.6932157874
109.7 -114.1 2630.2 -0.1228826866 0.8063104153 0.5785873532 -0.8045926094 0.2603552341 -0.5337095857 -0.5809738636 -0.5311107635 0.6167582273
72.5 -357.7 2454.3 -0.4458580613 0.8063104153 0.3886825144 -0.3225136697 0.2603552341 -0.9100549817 -0.8349823356 -0.5311107635 0.1439646482
-175.4 -414.6 2808.6 0.9987546206 0.0321171843 0.0381796174 0.0416974835 -0.1171405315 -0.9922395945 -0.0273955632 0.9925958514 -0.1183338538
-188.4 -367.3 2407.9 0.9987546206 -0.0306857098 0.0393393449 0.0416974835 0.9463481307 -0.3204473555 -0.0273955632 0.3216886222 0.9464491010
2.8 -444.2 2809.6 0.9616023302 -0.2089524269 -0.1779319793 -0.1729023010 0.0422469042 -0.9840325117 0.2131330520 0.9770128131 0.0044963667
84.6 -460.8 2427.2 0.9616023302 0.0526266545 -0.2693535686 -0.1729023010 0.8783487678 -0.4456548095 0.2131330520 0.4751145542 0.8537215590
-158.1 -474.4 2699.8 0 0 0 0 0 0 0 0 0
-50.8 -446.9 2223.4 0 0 0 0 0 0 0 0 0
-174.9 -784.4 2266.1 0 0 0 0 0 0 0 0 0
64.6 -794.6 2246.6 0 0 0 0 0 0 0 0 0
-3.6 81.1 2543.2 70 0.9878506660 0.1457352936 0.0539650582 -0.1545610428 0.8851816654 0.4388214350 0.0161828883 -0.4418309629 0.8969523311
-32.3 -93.1 2630.1 0.9878506660 0.1457352936 0.0539650582 -0.1545610428 0.8851816654 0.4388214350 0.0161828883 -0.4418309629 0.8969523311
-61.3 -264.6 2720.1 0.9872838259 0.1484583318 0.0568395071 -0.1579541564 0.8758363128 0.4560276270 0.0179190002 -0.4592067599 0.8881486654
-173.0 -70.6 2627.6 0.0164882857 0.9963635206 -0.0835934058 0.8973805308 0.0221240148 0.4407025576 0.4409493804 -0.0822815225 -0.8937523961
-177.2 -298.6 2515.5 -0.0749080703 0.9963635206 -0.0406017452 0.6876316667 0.0221240148 -0.7257225513 -0.7221851945 -0.0822815225 -0.6867883801
108.4 -115.6 2632.7 -0.1271558702 0.7924636006 0.5965172648 -0.8001092672 0.2734895051 -0.5338807106 -0.5862222314 -0.5451650620 0.5992816687
70.1 -356.5 2456.2 -0.4545212984 0.7924636006 0.4067085683 -0.3312209845 0.2734895051 -0.9030482769 -0.8268634081 -0.5451650620 0.1381737739
-178.8 -418.9 2807.4 0.9989618659 0.0265604816 0.0370093882 0.0406533480 -0.1532258689 -0.9873546362 -0.0205538180 0.9878341556 -0.1541465670
-189.3 -358.0 2414.8 0.9989618659 -0.0316471867 0.0327659845 0.0406533480 0.9438790679 -0.3277797997 -0.0205538180 0.3287715614 0.9441857934
-0.4 -448.2 2809.9 0.9669212699 -0.2093127519 -0.1457786262 -0.1488675177 0.0010080051 -0.9888566136 0.2071272433 0.9778482318 -0.0301852077
81.4 -448.6 2427.4 0.9669212699 0.0391067229 -0.2520593107 -0.1488675177 0.8889428377 -0.4331501424 0.2071272433 0.4563455582 0.8653594851
-158.0 -474.7 2700.4 0 0 0 0 0 0 0 0 0
-58.5 -450.2 2222.3 0 0 0 0 0 0 0 0 0
-175.1 -782.6 2266.9 0 0 0 0 0 0 0 0 0
66.2 -795.3 2249.4 0 0 0 0 0 0 0 0 0
-2.5 81.2 2544.2 71 0.9880063534 0.1440661997 0.0555730350 -0.1538297534 0.8870621920 0.4352667034 0.0134104891 -0.4385950565 0.8985847235
-30.8 -93.1 2630.4 0.9880063534 0.1440661997 0.0555730350 -0.1538297534 0.8870621920 0.4352667034 0.0134104891 -0.4385950565 0.8985847235
-59.4 -264.5 2720.7 0.9875299335 0.1458570212 0.0592486896 -0.1567258537 0.8752319217 0.4576091468 0.0148891630 -0.4611885250 0.8871772289
-171.5 -70.7 2628.3 0.0376146100 0.9940910935 -0.1018238515 0.8854941726 0.0140664196 0.4644375443 0.4631255269 -0.1076340675 -0.8797327280
-181.2 -297.5 2509.6 -0.0886228457 0.9940910935 -0.0626813173 0.6777488589 0.0140664196 -0.7351589203 -0.7299332023 -0.1076340675 -0.6749906540
109.9 -115.4 2632.5 -0.1251020283 0.7642422318 0.6326794624 -0.7958363295 0.3034906089 -0.5239636898 -0.5924474597 -0.5690582395 0.5702444315
72.5 -353.4 2455.3 -0.4697328806 0.7642422318 0.4419104457 -0.3426573277 0.3034906089 -0.8890891075 -0.8135950565 -0.5690582395 0.1193136796
-179.6 -421.8 2808.4 0.9991272092 0.0259100460 0.0327650458 0.0377780683 -0.2257875353 -0.9734438062 -0.0178240333 0.9738319516 -0.2265692949
-189.8 -333.0 2425.2 0.9991272092 -0.0296750329 0.0293984879 0.0377780683 0.9422354698 -0.3328139186 -0.0178240333 0.3336340487 0.9425341487
-1.2 -450.4 2811.6 0.9652906060 -0.2132316232 -0.1508189589 -0.1543010324 0.0003160103 -0.9880238175 0.2107255757 0.9770016074 -0.0325968191
82.3 -450.5 2429.2 0.9652906060 0.0437531956 -0.2574873567 -0.1543010324 0.8909598589 -0.4270617366 0.2107255757 0.4519692361 0.8667863011
-158.5 -471.0 2696.5 0 0 0 0 0 0 0 0 0
-62.4 -451.8 2221.7 0 0 0 0 0 0 0 0 0
-175.7 -782.3 2266.1 0 0 0 0 0 0 0 0 0
65.3 -796.7 2253.6 0 0 0 0 0 0 0 0 0
-3.9 79.2 2547.8 72 0.9893012047 0.1381688565 0.0468240306 -0.1448117495 0.8911488056 0.4299806952 0.0176827665 -0.4321610928 0.9016230106
-31.0 -95.9 2632.6 0.9893012047 0.1381688565 0.0468240306 -0.1448117495 0.8911488056 0.4299806952 0.0176827665 -0.4321610928 0.9016230106
-58.3 -268.0 2721.9 0.9889394045 0.1394680887 0.0504730605 -0.1471187919 0.8791599274 0.4532481730 0.0188397616 -0.4556605220 0.8899542689
-172.0 -74.9 2630.0 0.0401806310 0.9939656258 -0.1020680144 0.8696526289 0.0155128539 0.4934203625 0.4920262396 -0.1085896567 -0.8637815118
-182.1 -295.0 2505.4 -0.0905583799 0.9939656258 -0.0618994571 0.6746789813 0.0155128539 -0.7379482388 -0.7325349450 -0.1085896567 -0.6720125675
109.9 -116.8 2635.3 -0.1286265552 0.7688964009 0.6263014674 -0.7897610068 0.3025390506 -0.5336174965 -0.5997772217 -0.5632658601 0.5683298707
71.4 -353.3 2455.8 -0.4632930160 0.7688964009 0.4406335354 -0.3434996009 0.3025390506 -0.8890883923 -0.8169257045 -0.5632658601 0.1239513904
-177.2 -421.7 2809.7 0.9992388487 0.0230123606 0.0314981900 0.0336883739 -0.1019764990 -0.9942162037 -0.0196671858 0.9945206046 -0.1026741266
-186.5 -380.3 2406.3 0.9992388487 -0.0253256597 0.0296701156 0.0336883739 0.9437169433 -0.3290340602 -0.0196671858 0.3297831416 0.9438518286
1.3 -450.1 2812.4 0.9672834873 -0.2067630291 -0.1470093429 -0.1509643048 -0.0033933674 -0.9885333776 0.2038933039 0.9783851504 -0.0344961844
82.3 -448.7 2429.3 0.9672834873 0.0423011594 -0.2501465976 -0.1509643048 0.8884066939 -0.4335243702 0.2038933039 0.4571041465 0.8657270670
-158.9 -467.8 2693.0 0 0 0 0 0 0 0 0 0
-62.7 -452.7 2219.3 0 0 0 0 0 0 0 0 0
-175.7 -783.1 2265.5 0 0 0 0 0 0 0 0 0
65.8 -795.3 2251.0 0 0 0 0 0 0 0 0 0
0.4 86.8 2545.5 73 0.9864410758 0.1432005167 0.0801721215 -0.1638075262 0.8890340328 0.4275343716 -0.0100525953 -0.4348702729 0.9004369974
-27.7 -87.9 2631.0 0.9864410758 0.1432005167 0.0801721215 -0.1638075262 0.8890340328 0.4275343716 -0.0100525953 -0.4348702729 0.9004369974
-55.8 -259.8 2720.5 0.9861350060 0.1432676464 0.0837386623 -0.1656954437 0.8777624369 0.4495310485 -0.0090993932 -0.4571734071 0.8893310428
-168.2 -64.3 2632.2 0.0379708484 0.9952650666 -0.0894744396 0.8867262006 0.0077246400 0.4622304738 0.4607329965 -0.0968906134 -0.8822342753
-178.3 -300.6 2509.4 -0.0770004690 0.9952650666 -0.0593160093 0.6709896922 0.0077246400 -0.7414264083 -0.7374576330 -0.0968906134 -0.6684073806
112.8 -111.5 2629.7 -0.1384324580 0.7775179744 0.6134347916 -0.8034949303 0.2739407122 -0.5285379887 -0.5789925456 -0.5660585165 0.5868094563
71.1 -353.0 2455.6 -0.4683237672 0.7775179744 0.4196887314 -0.3484962285 0.2739407122 -0.8963854313 -0.8119256496 -0.5660585165 0.1426691413
-175.0 -426.9 2809.4 0.9985703230 0.0326224416 0.0423443392 0.0441675596 -0.0573587008 -0.9973761439 -0.0301080290 0.9978204966 -0.0587175488
-188.7 -403.0 2392.7 0.9985703230 -0.0323911160 0.0425215513 0.0441675596 0.9480498433 -0.3150407672 -0.0301080290 0.3164684176 0.9481251240
3.7 -453.5 2812.9 0.9683583975 -0.2016397715 -0.1470488608 -0.1519751698 -0.0090844054 -0.9883425832 0.1979533285 0.9794176221 -0.0394411981
82.7 -450.0 2429.3 0.9683583975 0.0447607376 -0.2455166876 -0.1519751698 0.8861011267 -0.4378679693 0.1979533285 0.4613255560 0.8648660183
-158.6 -472.5 2698.3 0 0 0 0 0 0 0 0 0
-64.5 -454.0 2220.5 0 0 0 0 0 0 0 0 0
-175.6 -783.7 2265.6 0 0 0 0 0 0 0 0 0
65.3 -793.9 2250.2 0 0 0 0 0 0 0 0 0
0.2 86.9 2545.9 74 0.9877061248 0.1413184255 0.0668255910 -0.1563153118 0.8889261484 0.4305529892 0.0014420541 -0.4357056916 0.9000880122
-27.6 -88.1 2631.7 0.9877061248 0.1413184255 0.0668255910 -0.1563153118 0.8889261484 0.4305529892 0.0014420541 -0.4357056916 0.9000880122
-54.9 -260.2 2721.2 0.9877731800 0.1392241269 0.0701479986 -0.1558928788 0.8785549402 0.4514848590 0.0012287144 -0.4569002390 0.8895171285
-168.4 -65.9 2631.5 0.0627183467 0.9909002781 -0.1190928444 0.8819491863 0.0008268037 0.4713438153 0.4671531916 -0.1345957369 -0.8738718033
-184.3 -290.0 2512.8 -0.0971344039 0.9909002781 -0.0931751281 0.6966256499 0.0008268037 -0.7174343467 -0.7108288407 -0.1345957369 -0.6903668046
113.1 -110.4 2631.9 -0.1454137862 0.7705466747 0.6205744743 -0.7992752790 0.2781864107 -0.5327019691 -0.5831071138 -0.5734720230 0.5754267573
68.6 -354.8 2453.6 -0.4797039628 0.7705466747 0.4196926951 -0.3393283188 0.2781864107 -0.8985925913 -0.8091602921 -0.5734720230 0.1280211657
-172.9 -416.7 2810.9 0.9981493354 0.0367133319 0.0484767444 0.0486676246 -0.0043229996 -0.9988057017 -0.0364599191 0.9993165135 -0.0061017498
-188.4 -414.9 2388.4 0.9981493354 -0.0347218141 0.0499225296 0.0486676246 0.9483509660 -0.3134675026 -0.0364599191 0.3153170049 0.9482857585
5.3 -446.7 2809.2 0.9702118039 -0.1947789192 -0.1440494210 -0.1422461122 0.0232894737 -0.9895572662 0.1960997283 0.9805706143 -0.0051108235
81.5 -455.8 2425.4 0.9702118039 0.0382742211 -0.2392157018 -0.1422461122 0.8893022537 -0.4346349835 0.1960997283 0.4557155073 0.8682558537
-159.4 -468.3 2694.7 0 0 0 0 0 0 0 0 0
-70.7 -453.3 2218.6 0 0 0 0 0 0 0 0 0
-174.9 -784.0 2265.7 0 0 0 0 0 0 0 0 0
67.0 -793.9 2252.1 0 0 0 0 0 0 0 0 0
-0.6 83.6 2549.1 75 0.9888791442 0.1409249902 0.0475203171 -0.1475908756 0.8905952573 0.4301825166 0.0183020979 -0.4324120879 0.9014903307
-28.4 -92.1 2634.4 0.9888791442 0.1409249902 0.0475203171 -0.1475908756 0.8905952573 0.4301825166 0.0183020979 -0.4324120879 0.9014903307
-55.7 -264.4 2723.5 0.9889656305 0.1390824616 0.0510198772 -0.1470440477 0.8796568513 0.4523073137 0.0180280302 -0.4548185468 0.8904016614
-169.3 -71.2 2631.9 0.0548612699 0.9924834967 -0.1093928069 0.8758671880 0.0047698352 0.4825286865 0.4794235528 -0.1222857088 -0.8690220118
-183.1 -291.5 2511.3 -0.0917529836 0.9924834967 -0.0809810758 0.6902249455 0.0047698352 -0.7235791683 -0.7177540660 -0.1222857088 -0.6854745150
112.5 -113.1 2637.0 -0.1379065365 0.7225756049 0.6773967147 -0.7862885594 0.3360158205 -0.5185014009 -0.6022724509 -0.6041340232 0.5218141079
70.4 -353.2 2453.1 -0.5151070356 0.7225756049 0.4610306621 -0.3211193383 0.3360158205 -0.8854240775 -0.7946994305 -0.6041340232 0.0589489006
-171.4 -418.2 2810.6 0.9984265566 0.0401476547 0.0391487144 0.0435495228 -0.1153490767 -0.9923698902 -0.0353255533 0.9925133586 -0.1169159934
-187.7 -371.5 2409.1 0.9984265566 -0.0294613838 0.0477125011 0.0435495228 0.9434004426 -0.3287842274 -0.0353255533 0.3303447664 0.9431990385
7.1 -446.4 2810.8 0.9722387791 -0.1907101423 -0.1355781257 -0.1356260031 0.0128636090 -0.9906765819 0.1906761080 0.9815620780 -0.0133587541
81.8 -451.4 2426.5 0.9722387791 0.0350203291 -0.2313554883 -0.1356260031 0.8900489807 -0.4352221787 0.1906761080 0.4545176923 0.8700898290
-159.6 -468.1 2695.0 0 0 0 0 0 0 0 0 0
-79.1 -446.4 2222.5 0 0 0 0 0 0 0 0 0
-174.8 -783.9 2264.7 0 0 0 0 0 0 0 0 0
68.3 -794.1 2251.5 0 0 0 0 0 0 0 0 0
2.0 90.4 2546.7 76 0.9872673154 0.1542585790 0.0388264395 -0.1563817263 0.8965448737 0.4144297540 0.0291197021 -0.4152247310 0.9092527032
-28.6 -87.4 2629.0 0.9872673154 0.1542585790 0.0388264395 -0.1563817263 0.8965448737 0.4144297540 0.0291197021 -0.4152247310 0.9092527032
-58.6 -261.3 2713.7 0.9872593284 0.1535362750 0.0417811759 -0.1564282775 0.8884154558 0.4315648377 0.0291418172 -0.4326021671 0.9011138082
-169.2 -65.1 2624.9 0.0552678034 0.9925176501 -0.1088771522 0.8839015365 0.0020826904 0.4676683843 0.4643958807 -0.1220836863 -0.8771727681
-183.5 -293.1 2505.1 -0.0915129557 0.9925176501 -0.0808340460 0.6746156216 0.0020826904 -0.7381662726 -0.7324746847 -0.1220836863 -0.6697584987
112.1 -109.7 2633.1 -0.1425893605 0.7583889365 0.6360145211 -0.7997235060 0.2903397679 -0.5254951119 -0.5831900239 -0.5835657716 0.5651021004
68.5 -354.5 2454.6 -0.4915555418 0.7583889365 0.4280413389 -0.3331897855 0.2903397679 -0.8970437050 -0.8045854568 -0.5835657716 0.1099693254
-172.3 -423.4 2811.0 0.9986500740 0.0329332761 0.0401670523 0.0419424623 -0.0551191308 -0.9975984693 -0.0306402128 0.9979364872 -0.0564260297
-185.9 -400.6 2398.3 0.9986500740 -0.0297463536 0.0425810665 0.0419424623 0.9453858137 -0.3232437670 -0.0306402128 0.3245933652 0.9453572631
6.5 -450.0 2814.2 0.9740697742 -0.1887922883 -0.1246818677 -0.1312603951 -0.0227026846 -0.9910879135 0.1842791438 0.9817546010 -0.0468949527
80.4 -441.1 2430.0 0.9740697742 0.0340462252 -0.2236715257 -0.1312603951 0.8902663589 -0.4361153245 0.1842791438 0.4541659653 0.8716504574
-160.0 -465.8 2692.6 0 0 0 0 0 0 0 0 0
-74.1 -451.1 2221.2 0 0 0 0 0 0 0 0 0
-173.8 -785.3 2266.2 0 0 0 0 0 0 0 0 0
66.9 -793.3 2250.3 0 0 0 0 0 0 0 0 0
1.6 88.7 2546.0 77 0.9883161187 0.1451521367 0.0464989729 -0.1509571224 0.8900397420 0.4301642179 0.0210533217 -0.4321575761 0.9015523195
-27.1 -87.6 2631.5 0.9883161187 0.1451521367 0.0464989729 -0.1509571224 0.8900397420 0.4301642179 0.0210533217 -0.4321575761 0.9015523195
-55.3 -259.8 2720.1 0.9883111119 0.1440885216 0.0497960970 -0.1509876400 0.8799974322 0.4503412843 0.0210685730 -0.4525958896 0.8914667964
-168.0 -66.0 2628.6 0.0551846512 0.9925252199 -0.1088502109 0.8921643496 -0.0000654342 0.4517109394 0.4483273923 -0.1220397875 -0.8854992390
-182.1 -294.7 2513.7 -0.0884089544 0.9925252199 -0.0841282979 0.6889656782 -0.0000654342 -0.7247939706 -0.7193817496 -0.1220397875 -0.6838100553
113.7 -109.1 2634.5 -0.1516307890 0.7699635625 0.6198098063 -0.7954453826 0.2771773934 -0.5389242172 -0.5867492557 -0.5747423768 0.5704353452
