131.8 74.8 2676.7 9 0.9992888570 0.0377026126 -0.0005903852 -0.0376426652 0.9983712435 0.0428712331 0.0022057812 -0.0428185202 0.9990804195
124.3 -122.1 2685.1 0.9992888570 0.0377026126 -0.0005903852 -0.0376426652 0.9983712435 0.0428712331 0.0022057812 -0.0428185202 0.9990804195
117.4 -315.9 2693.3 0.9993551970 0.0359003618 -0.0006225565 -0.0358425640 0.9984745383 0.0419984274 0.0021293657 -0.0419490337 0.9991174936
-12.2 -117.2 2684.9 0.3834379315 -0.9032829404 -0.1924973577 0.9160303473 0.3985288441 -0.0454215668 0.1177442819 -0.1589170694 0.9802457094
-115.4 -363.8 2653.2 0.0746487677 -0.9032829404 -0.4225014150 0.5107297897 0.3985288441 -0.7617938519 0.8564944267 -0.1589170694 0.4910832047
260.9 -127.0 2685.4 0.1614854485 0.1525808126 0.9750084877 -0.9150338173 0.3932044208 0.0900188982 -0.3696424961 -0.9067024589 0.2031133920
302.2 -361.1 2590.8 -0.6410958767 0.1525808126 0.7521404028 -0.6588431597 0.3932044208 -0.6413391829 -0.3936010003 -0.9067024589 -0.1515549123
23.5 -508.3 2703.3 0.9914954305 0.1121826172 -0.0659688786 -0.0634629279 -0.0257682335 -0.9976514578 -0.1136190519 0.9933534265 -0.0184296481
-19.3 -498.5 2323.9 0.9914954305 0.0607316606 0.1151021197 -0.0634629279 0.9977794886 0.0202115607 -0.1136190519 -0.0273443870 0.9931480289
202.6 -513.5 2702.8 0.9854519963 -0.1688658595 0.0192008838 0.0073967618 -0.0702555254 -0.9975016117 0.1697929204 0.9831320047 -0.0679843873
265.3 -487.4 2337.9 0.9854519963 -0.0002674001 -0.1699537486 0.0073967618 0.9991186857 0.0413170606 0.1697929204 -0.0419730879 0.9845855236
-135.1 -498.8 2426.7 0 0 0 0 0 0 0 0 0
131.3 -536.6 2486.0 0 0 0 0 0 0 0 0 0
-42.0 -870.9 2334.1 0 0 0 0 0 0 0 0 0
265.4 -860.3 2353.5 0 0 0 0 0 0 0 0 0
131.9 73.4 2666.8 0 0.9989099503 0.0353053659 0.0305360612 -0.0375581607 0.9963501096 0.0766541213 -0.0277183056 -0.0777174458 0.9965900183
124.9 -124.1 2682.2 0.9989099503 0.0353053659 0.0305360612 -0.0375581607 0.9963501096 0.0766541213 -0.0277183056 -0.0777174458 0.9965900183
117.5 -317.5 2696.1 0.9988169074 0.0380325541 0.0303037241 -0.0400866941 0.9967172742 0.0703400001 -0.0275290348 -0.0714715570 0.9970626831
-11.6 -118.6 2686.0 0.3900387883 -0.9063710570 -0.1623616070 0.9173372388 0.3977584243 -0.0167502631 0.0797626525 -0.1424071044 0.9865891337
-116.6 -365.5 2664.5 0.1027606428 -0.9063710570 -0.4097948372 0.5345050097 0.3977584243 -0.7457162142 0.8388949037 -0.1424071044 0.5253337622
261.3 -129.5 2678.5 0.1468655318 0.1259288490 0.9811077714 -0.9258455038 0.3666495681 0.0915322900 -0.3481961787 -0.9217971563 0.1704388410
298.9 -366.4 2589.4 -0.6551850438 0.1259288490 0.7448989749 -0.6669716239 0.3666495681 -0.6486269832 -0.3547977209 -0.9217971563 -0.1562323570
20.9 -506.5 2701.2 0.9922446609 0.1075020060 -0.0624005124 -0.0603889078 -0.0218703244 -0.9979352951 -0.1086447686 0.9939643145 -0.0152087836
-19.7 -498.2 2325.7 0.9922446609 0.0579780601 0.1099502146 -0.0603889078 0.9979993105 0.0187221710 -0.1086447686 -0.0252167471 0.9937607646
199.9 -512.9 2701.6 0.9840600491 -0.1768659353 0.0185551886 0.0059939018 -0.0712928697 -0.9974374175 0.1777355522 0.9816495180 -0.0690963492
264.8 -486.7 2341.3 0.9840600491 -0.0016236430 -0.1778291762 0.0059939018 0.9996929765 0.0240411311 0.1777355522 -0.0247238073 0.9837676883
-143.7 -506.8 2442.8 0 0 0 0 0 0 0 0 0
124.3 -544.1 2494.8 0 0 0 0 0 0 0 0 0
-41.4 -870.8 2335.2 0 0 0 0 0 0 0 0 0
265.4 -859.9 2350.5 0 0 0 0 0 0 0 0 0
128.2 74.3 2663.9 1 0.9987034798 0.0342814848 0.0376320966 -0.0373904072 0.9956548810 0.0852835849 -0.0345449336 -0.0865800902 0.9956457615
121.5 -122.9 2681.0 0.9987034798 0.0342814848 0.0376320966 -0.0373904072 0.9956548810 0.0852835849 -0.0345449336 -0.0865800902 0.9956457615
114.6 -316.3 2696.0 0.9986853600 0.0351628549 0.0372977816 -0.0379096642 0.9964102507 0.0756934285 -0.0345022939 -0.0770078674 0.9964333177
-15.0 -117.7 2685.8 0.3884328008 -0.9083078504 -0.1552314758 0.9186514616 0.3948897421 -0.0118988268 0.0721071139 -0.1379817277 0.9878064394
-119.5 -365.0 2666.4 0.1075197905 -0.9083078504 -0.4042478800 0.5391808748 0.3948897421 -0.7438723445 0.8352984190 -0.1379817277 0.5322006941
257.9 -128.0 2676.3 0.1465483159 0.1184382662 0.9820875525 -0.9273338914 0.3620509207 0.0947151184 -0.3443478346 -0.9246034026 0.1628897786
295.4 -365.3 2588.2 -0.6561384797 0.1184382662 0.7452883124 -0.6703640819 0.3620509207 -0.6477122307 -0.3465462327 -0.9246034026 -0.1581587940
20.7 -507.3 2712.4 0.9926551580 0.1059793010 -0.0583452098 -0.0561507903 -0.0235757865 -0.9981439114 -0.1071581319 0.9940888286 -0.0174518041
-20.5 -498.1 2325.6 0.9926551580 0.0531616583 0.1086720452 -0.0561507903 0.9981184006 0.0246313289 -0.1071581319 -0.0305524357 0.9937724471
199.6 -514.6 2707.5 0.9844902754 -0.1743582636 0.0194445737 0.0061417115 -0.0765134320 -0.9970496297 0.1753316224 0.9817050695 -0.0742558688
264.5 -486.1 2342.1 0.9844902754 -0.0019393526 -0.1754284352 0.0061417115 0.9997069836 0.0234150793 0.1753316224 -0.0241293497 0.9842137098
-147.9 -507.5 2445.5 0 0 0 0 0 0 0 0 0
120.6 -543.9 2495.9 0 0 0 0 0 0 0 0 0
-40.3 -870.7 2337.0 0 0 0 0 0 0 0 0 0
265.3 -859.2 2351.1 0 0 0 0 0 0 0 0 0
128.3 76.5 2660.9 2 0.9982585311 0.0415148884 0.0419090167 -0.0453508720 0.9944278002 0.0951665789 -0.0377246626 -0.0969014615 0.9945787787
120.1 -120.4 2680.1 0.9982585311 0.0415148884 0.0419090167 -0.0453508720 0.9944278002 0.0951665789 -0.0377246626 -0.0969014615 0.9945787787
112.0 -313.5 2697.7 0.9982548952 0.0418644734 0.0416479856 -0.0454385579 0.9950001240 0.0889383852 -0.0377163962 -0.0906755999 0.9951660037
-16.3 -114.2 2685.3 0.3951486349 -0.9060343504 -0.1515233517 0.9167741537 0.3993975222 0.0026014063 0.0581610873 -0.1399406344 0.9884502292
-122.6 -360.9 2669.6 0.1145051867 -0.9060343504 -0.4074191153 0.5496888161 0.3993975222 -0.7337055206 0.8274846077 -0.1399406344 0.5437700152
256.5 -126.6 2675.0 0.1387107670 0.1174327806 0.9833457470 -0.9329335690 0.3486274183 0.0899659619 -0.3322563469 -0.9298754930 0.1579153687
292.0 -365.2 2590.0 -0.6621540189 0.1174327806 0.7401091456 -0.6703449488 0.3486274183 -0.6550546288 -0.3349472284 -0.9298754930 -0.1521245837
18.4 -506.2 2714.0 0.9933555722 0.0960930139 -0.0633309111 -0.0614009500 -0.0229129959 -0.9978501201 -0.0973375291 0.9951086044 -0.0168605484
-19.1 -497.3 2325.2 0.9933555722 0.0582990237 0.0992264822 -0.0614009500 0.9977062941 0.0284971874 -0.0973375291 -0.0344004408 0.9946567416
197.3 -513.1 2707.8 0.9833547473 -0.1802665144 0.0227471273 0.0097285295 -0.0727763176 -0.9973008633 0.1814354062 0.9809218049 -0.0698112100
264.8 -485.8 2340.6 0.9833547473 -0.0034787157 -0.1816627234 0.0097285295 0.9993906021 0.0335236639 0.1814354062 -0.0347329639 0.9827892780
-152.9 -506.3 2450.9 0 0 0 0 0 0 0 0 0
115.5 -543.9 2500.7 0 0 0 0 0 0 0 0 0
-40.9 -869.7 2338.1 0 0 0 0 0 0 0 0 0
266.1 -858.9 2353.5 0 0 0 0 0 0 0 0 0
128.5 76.8 2667.5 3 0.9982339740 0.0476865768 0.0354240611 -0.0501786508 0.9960573912 0.0731556118 -0.0317958556 -0.0748039559 0.9966912270
119.1 -120.7 2682.3 0.9982339740 0.0476865768 0.0354240611 -0.0501786508 0.9960573912 0.0731556118 -0.0317958556 -0.0748039559 0.9966912270
110.1 -314.0 2696.7 0.9982996583 0.0463087745 0.0354020670 -0.0487872921 0.9961606264 0.0726894885 -0.0318999849 -0.0742930621 0.9967260957
-17.3 -114.0 2686.7 0.3982948959 -0.9035377502 -0.1580527872 0.9141389728 0.4052001238 -0.0127600022 0.0755721554 -0.1393999606 0.9873481989
-124.5 -360.0 2666.3 0.1111478433 -0.9035377502 -0.4138425589 0.5357947946 0.4052001238 -0.7407677174 0.8370006680 -0.1393999606 0.5291479826
255.4 -127.3 2677.9 0.1373009980 0.1249327734 0.9826190472 -0.9279896617 0.3631297052 0.0834983885 -0.3463864923 -0.9233247638 0.1657943875
290.6 -364.7 2589.3 -0.6625076532 0.1249327734 0.7385630608 -0.6622136831 0.3631297052 -0.6554462910 -0.3500809073 -0.9233247638 -0.1578440219
14.5 -502.5 2718.7 0.9944543242 0.0839310884 -0.0633732751 -0.0628162399 -0.0092636906 -0.9979821444 -0.0843487903 0.9964284897 -0.0039400817
-18.8 -498.8 2323.7 0.9944543242 0.0592783615 0.0868715942 -0.0628162399 0.9972794652 0.0385717079 -0.0843487903 -0.0438147485 0.9954725504
193.3 -510.7 2711.9 0.9818834662 -0.1879027784 0.0244415123 0.0126006408 -0.0639541969 -0.9978733063 0.1890663058 0.9801032543 -0.0604278743
264.4 -486.5 2340.9 0.9818834662 -0.0084386300 -0.1892977357 0.0126006408 0.9997043610 0.0207938328 0.1890663058 -0.0228023939 0.9816995263
-153.9 -501.7 2445.0 0 0 0 0 0 0 0 0 0
114.0 -541.2 2496.0 0 0 0 0 0 0 0 0 0
-40.9 -871.1 2340.0 0 0 0 0 0 0 0 0 0
267.6 -859.6 2349.4 0 0 0 0 0 0 0 0 0
128.6 79.9 2671.2 4 0.9987341166 0.0430567041 0.0260046665 -0.0446375683 0.9969749451 0.0636273548 -0.0231864173 -0.0647075921 0.9976348877
120.1 -117.6 2684.0 0.9987341166 0.0430567041 0.0260046665 -0.0446375683 0.9969749451 0.0636273548 -0.0231864173 -0.0647075921 0.9976348877
111.3 -311.0 2696.4 0.9986460209 0.0450772084 0.0259654075 -0.0466314554 0.9969399571 0.0627391562 -0.0230578464 -0.0638650060 0.9976921082
-16.4 -111.2 2687.2 0.3958081007 -0.9029787779 -0.1672283262 0.9140635133 0.4049203098 -0.0229668692 0.0884527415 -0.1437668353 0.9856506586
-122.9 -357.2 2663.4 0.1023035869 -0.9029787779 -0.4173288047 0.5275637507 0.4049203098 -0.7468038797 0.8433329463 -0.1437668353 0.5178036690
256.5 -123.9 2680.9 0.1423156708 0.1328366846 0.9808673263 -0.9242099524 0.3726144135 0.0836328119 -0.3543757796 -0.9184296131 0.1757978499
292.9 -360.3 2590.2 -0.6579351425 0.1328366846 0.7412663102 -0.6598791480 0.3726144135 -0.6524707079 -0.3628785610 -0.9184296131 -0.1574999690
11.7 -503.0 2714.0 0.9943178296 0.0712889507 -0.0790564865 -0.0780831650 -0.0163425542 -0.9968128800 -0.0723537281 0.9973218441 -0.0106832264
-16.1 -496.6 2325.6 0.9943178296 0.0756215230 0.0749228150 -0.0780831650 0.9964806437 0.0304860435 -0.0723537281 -0.0361630283 0.9967232347
190.5 -511.7 2708.2 0.9805608392 -0.1935524046 0.0322171263 0.0183176063 -0.0731781125 -0.9971506596 0.1953584999 0.9783570170 -0.0682101771
263.0 -484.3 2342.1 0.9805608392 -0.0161404666 -0.1955504119 0.0183176063 0.9997887015 0.0093299327 0.1953584999 -0.0127305817 0.9806492925
-149.9 -496.7 2440.4 0 0 0 0 0 0 0 0 0
117.6 -536.2 2493.5 0 0 0 0 0 0 0 0 0
-44.3 -868.5 2339.1 0 0 0 0 0 0 0 0 0
269.0 -857.5 2346.9 0 0 0 0 0 0 0 0 0
128.0 77.6 2674.1 5 0.9992664456 0.0378412344 0.0058844895 -0.0380997621 0.9978756309 0.0528450385 -0.0038722672 -0.0530304722 0.9985854030
120.6 -119.4 2684.6 0.9992664456 0.0378412344 0.0058844895 -0.0380997621 0.9978756309 0.0528450385 -0.0038722672 -0.0530304722 0.9985854030
112.7 -313.0 2695.0 0.9991578460 0.0406028926 0.0059201056 -0.0408628583 0.9977179170 0.0537511073 -0.0037241452 -0.0539477505 0.9985368252
-15.9 -113.8 2685.1 0.3887311518 -0.9022774696 -0.1865032017 0.9154034257 0.4011897743 -0.0329144597 0.1045211479 -0.1579307914 0.9819028378
-120.6 -360.1 2657.0 0.0826178491 -0.9022774696 -0.4231662154 0.5203860998 0.4011897743 -0.7538203597 0.8499250412 -0.1579307914 0.5026780367
257.1 -124.9 2684.0 0.1545826495 0.1487851590 0.9767124653 -0.9201228023 0.3817355931 0.0874755234 -0.3598308265 -0.9122175574 0.1959103048
296.6 -360.3 2592.0 -0.6468493938 0.1487851590 0.7479631305 -0.6601807475 0.3817355931 -0.6468688846 -0.3817686141 -0.9122175574 -0.1487003267
13.1 -500.3 2710.9 0.9937161207 0.0730556846 -0.0848007649 -0.0842761323 -0.0102397185 -0.9963898063 -0.0736602768 0.9972752929 -0.0040185223
-15.0 -496.4 2327.6 0.9937161207 0.0831175745 0.0749651343 -0.0842761323 0.9963650107 0.0124204708 -0.0736602768 -0.0186601933 0.9971088171
192.1 -508.7 2706.7 0.9815088511 -0.1878751218 0.0366516113 0.0239381753 -0.0694979429 -0.9972948432 0.1899140924 0.9797310829 -0.0637154579
261.8 -482.9 2343.2 0.9815088511 -0.0218845196 -0.1901616901 0.0239381753 0.9996772408 0.0085089384 0.1899140924 -0.0129037220 0.9817159176
-142.4 -497.7 2432.3 0 0 0 0 0 0 0 0 0
124.2 -536.2 2490.3 0 0 0 0 0 0 0 0 0
-46.0 -868.3 2334.6 0 0 0 0 0 0 0 0 0
269.9 -856.1 2348.0 0 0 0 0 0 0 0 0 0
128.9 78.3 2675.0 6 0.9987622499 0.0461674854 0.0185071938 -0.0470072366 0.9977478981 0.0478485823 -0.0162564646 -0.0486593321 0.9986831546
119.8 -118.8 2684.6 0.9987622499 0.0461674854 0.0185071938 -0.0470072366 0.9977478981 0.0478485823 -0.0162564646 -0.0486593321 0.9986831546
110.6 -312.5 2693.8 0.9987016916 0.0474820957 0.0184493046 -0.0482977293 0.9977446198 0.0466150939 -0.0161943119 -0.0474456362 0.9987425208
-16.7 -112.2 2686.9 0.3968768716 -0.9010714889 -0.1748110950 0.9117090702 0.4090294540 -0.0384904183 0.1061855108 -0.1441009045 0.9838493466
-123.5 -357.6 2658.3 0.0968605503 -0.9010714889 -0.4227152765 0.5137073994 0.4090294540 -0.7541880608 0.8524803519 -0.1441009045 0.5025058985
256.2 -125.4 2682.4 0.1432458907 0.1405785382 0.9796521068 -0.9186741114 0.3870800436 0.0787842274 -0.3681284189 -0.9112665653 0.1845934838
292.9 -360.4 2588.2 -0.6564065218 0.1405785382 0.7411937118 -0.6526035666 0.3870800436 -0.6513659954 -0.3784693778 -0.9112665653 -0.1623398066
15.3 -503.0 2705.8 0.9930039048 0.0757328123 -0.0905969217 -0.0893852562 -0.0192455538 -0.9958111644 -0.0771591663 0.9969424009 -0.0123415133
-13.4 -495.7 2327.6 0.9930039048 0.0879352987 0.0788076445 -0.0893852562 0.9958832860 0.0150570851 -0.0771591663 -0.0219959859 0.9967761040
194.3 -510.3 2705.2 0.9827306867 -0.1816024631 0.0355098508 0.0221933257 -0.0748416632 -0.9969484210 0.1837059110 0.9805198908 -0.0695188344
261.6 -482.6 2341.9 0.9827306867 -0.0184228327 -0.1841222495 0.0221933257 0.9995836616 0.0184382889 0.1837059110 -0.0222061574 0.9827303886
-149.1 -493.4 2432.9 0 0 0 0 0 0 0 0 0
118.0 -534.3 2487.4 0 0 0 0 0 0 0 0 0
-46.2 -867.4 2335.8 0 0 0 0 0 0 0 0 0
268.5 -855.7 2350.2 0 0 0 0 0 0 0 0 0
129.5 77.5 2675.0 7 0.9988853335 0.0391583443 0.0263571329 -0.0404222161 0.9979676008 0.0492619388 -0.0243745483 -0.0502724424 0.9984380603
121.8 -119.9 2684.9 0.9988853335 0.0391583443 0.0263571329 -0.0404222161 0.9979676008 0.0492619388 -0.0243745483 -0.0502724424 0.9984380603
113.7 -313.6 2694.5 0.9987965226 0.0413905159 0.0263117887 -0.0426227748 0.9979308844 0.0481383801 -0.0242648739 -0.0492019318 0.9984940886
-14.7 -114.1 2688.3 0.3925103545 -0.9045378566 -0.1665738374 0.9141081572 0.4036774933 -0.0380892791 0.1016953066 -0.1373160630 0.9852930307
-120.3 -360.1 2660.9 0.1008587107 -0.9045378566 -0.4142930508 0.5154621601 0.4036774933 -0.7558724880 0.8509560823 -0.1373160630 0.5069694519
258.2 -125.7 2681.6 0.1454932690 0.1309412867 0.9806559682 -0.9183640480 0.3865807056 0.0846335664 -0.3680206537 -0.9129127860 0.1764966547
295.5 -360.6 2587.5 -0.6557245851 0.1309412867 0.7435587645 -0.6568744183 0.3865807056 -0.6473571658 -0.3722112477 -0.9129127860 -0.1674785018
11.9 -501.8 2704.5 0.9941369891 0.0689313486 -0.0833075941 -0.0823561475 -0.0165363830 -0.9964657426 -0.0700653344 0.9974843264 -0.0107625090
-14.1 -495.6 2328.4 0.9941369891 0.0813259035 0.0712585673 -0.0823561475 0.9965350032 0.0116362125 -0.0700653344 -0.0174365696 0.9973899722
190.8 -510.5 2701.6 0.9795349836 -0.2001993209 0.0207706839 0.0066503831 -0.0709472969 -0.9974579215 0.2011640221 0.9771830440 -0.0681639537
264.6 -484.3 2341.6 0.9795349836 -0.0031118691 -0.2012498677 0.0066503831 0.9998348951 0.0169089679 0.2011640221 -0.0179013144 0.9793939590
-147.0 -496.4 2435.9 0 0 0 0 0 0 0 0 0
120.7 -535.7 2488.3 0 0 0 0 0 0 0 0 0
-44.5 -867.5 2334.9 0 0 0 0 0 0 0 0 0
265.7 -857.5 2348.3 0 0 0 0 0 0 0 0 0
129.6 77.7 2675.0 8 0.9989144206 0.0459032916 0.0079270145 -0.0462145843 0.9979174137 0.0450011194 -0.0058448063 -0.0453186110 0.9989554882
120.5 -119.5 2683.9 0.9989144206 0.0459032916 0.0079270145 -0.0462145843 0.9979174137 0.0450011194 -0.0058448063 -0.0453186110 0.9989554882
111.3 -313.2 2692.6 0.9988342524 0.0476201251 0.0079059275 -0.0479261577 0.9978568554 0.0445511267 -0.0057674539 -0.0448780917 0.9989758134
-15.9 -113.0 2684.7 0.3954073787 -0.8996500373 -0.1851561219 0.9116212130 0.4090223610 -0.0405887179 0.1122486368 -0.1527431756 0.9818705320
-122.3 -358.3 2654.5 0.0876860172 -0.8996500373 -0.4277159572 0.5119721293 0.4090223610 -0.7553709149 0.8545148969 -0.1527431756 0.4964612722
257.0 -126.1 2683.1 0.1474484354 0.1500349790 0.9776238799 -0.9178605676 0.3890155554 0.0787329003 -0.3684982061 -0.9089314938 0.1950709224
294.7 -360.9 2588.9 -0.6521463394 0.1500349790 0.7430979609 -0.6520397663 0.3890155554 -0.6507772803 -0.3867160380 -0.9089314938 -0.1558663100
16.2 -503.5 2706.2 0.9936034083 0.0856704637 -0.0735721737 -0.0723805279 -0.0169379171 -0.9972332716 -0.0866795927 0.9961795211 -0.0106286993
-16.4 -497.0 2326.9 0.9936034083 0.0708469003 0.0879375339 -0.0723805279 0.9972735643 0.0143715767 -0.0866795927 -0.0206446126 0.9960222840
195.2 -511.1 2701.9 0.9816613197 -0.1902454495 0.0121522844 -0.0008422223 -0.0680745170 -0.9976798892 0.1906313151 0.9793735147 -0.0669863522
265.1 -486.1 2342.2 0.9816613197 0.0043676654 -0.1905831397 -0.0008422223 0.9998270869 0.0185752716 0.1906313151 -0.0180741120 0.9814953208
-145.5 -493.7 2428.6 0 0 0 0 0 0 0 0 0
120.9 -534.6 2485.8 0 0 0 0 0 0 0 0 0
-42.8 -869.3 2334.6 0 0 0 0 0 0 0 0 0
263.4 -859.3 2348.9 0 0 0 0 0 0 0 0 0
130.4 80.2 2675.5 9 0.9995864034 0.0278562885 0.0071466588 -0.0281363260 0.9986939430 0.0426465906 -0.0059493491 -0.0428300314 0.9990646839
124.9 -117.3 2683.9 0.9995864034 0.0278562885 0.0071466588 -0.0281363260 0.9986939430 0.0426465906 -0.0059493491 -0.0428300314 0.9990646839
119.3 -311.1 2692.3 0.9995644689 0.0286287647 0.0071560540 -0.0289104842 0.9986575842 0.0429788120 -0.0059160176 -0.0431669801 0.9990503788
-11.7 -113.4 2684.8 0.3780087829 -0.9072816372 -0.1842534840 0.9187826514 0.3920993209 -0.0457880348 0.1137883067 -0.1519806385 0.9818116426
-113.4 -360.6 2654.1 0.0780175030 -0.9072816372 -0.4132229984 0.5120798349 0.3920993209 -0.7642201185 0.8553873301 -0.1519806385 0.4951912761
261.4 -121.2 2683.1 0.1648421437 0.1425191611 0.9759689569 -0.9142563939 0.3933581710 0.0969773680 -0.3700842261 -0.9082717896 0.1951410621
303.6 -355.1 2588.4 -0.6396654844 0.1425191611 0.7553253174 -0.6636604071 0.3933581710 -0.6362579465 -0.3877923489 -0.9082717896 -0.1570333093
12.6 -502.6 2701.9 0.9942464232 0.0818988979 -0.0690403730 -0.0681378469 -0.0137675125 -0.9975809455 -0.0826512948 0.9965455532 -0.0081078857
-18.2 -497.4 2327.4 0.9942464232 0.0668823346 0.0836705267 -0.0681378469 0.9976008534 0.0122377994 -0.0826512948 -0.0178685188 0.9964182973
191.5 -511.2 2700.8 0.9798237681 -0.1993744373 0.0139729008 0.0005998806 -0.0669782162 -0.9977542758 0.1998625845 0.9776316881 -0.0655072406
264.7 -486.6 2342.2 0.9798237681 0.0024327212 -0.1998486668 0.0005998806 0.9998856187 0.0151125360 0.1998625845 -0.0149275074 0.9797102213
-134.0 -496.0 2428.0 0 0 0 0 0 0 0 0 0
133.2 -532.0 2485.1 0 0 0 0 0 0 0 0 0
-43.2 -869.8 2334.1 0 0 0 0 0 0 0 0 0
263.8 -859.9 2347.7 0 0 0 0 0 0 0 0 0
133.5 79.3 2674.7 0 0.9996809363 0.0188538842 -0.0168077163 -0.0180433616 0.9987254739 0.0471360572 0.0176749919 -0.0468177535 0.9987470508
129.8 -117.9 2684.0 0.9996809363 0.0188538842 -0.0168077163 -0.0180433616 0.9987254739 0.0471360572 0.0176749919 -0.0468177535 0.9987470508
126.3 -311.8 2692.8 0.9996916056 0.0182625316 -0.0168286506 -0.0174715128 0.9987881780 0.0460094362 0.0176485050 -0.0457012244 0.9987992644
-6.8 -115.6 2681.6 0.3647419512 -0.9078628421 -0.2067567110 0.9233862758 0.3812259138 -0.0449955687 0.1196708232 -0.1745045334 0.9773572087
-104.9 -364.1 2649.4 0.0520453006 -0.9078628421 -0.4160244167 0.5154651999 0.3812259138 -0.7674388885 0.8553285599 -0.1745045334 0.4878127277
266.4 -120.3 2686.4 0.1838989556 0.1593496054 0.9699427485 -0.9133967757 0.3922803700 0.1087311432 -0.3631632328 -0.9059380889 0.2176893651
313.4 -354.0 2593.5 -0.6227711439 0.1593496054 0.7660050988 -0.6720898747 0.3922803700 -0.6280217767 -0.4005638063 -0.9059380889 -0.1372036487
24.2 -502.4 2701.2 0.9915362000 0.1128354892 -0.0642188862 -0.0633124337 -0.0116021987 -0.9979262948 -0.1133465767 0.9935459495 -0.0043601110
-18.4 -498.0 2325.9 0.9915362000 0.0610358641 0.1145885438 -0.0633124337 0.9978601336 0.0163307674 -0.1133465767 -0.0234474279 0.9932788014
203.3 -507.5 2700.2 0.9851676822 -0.1715932488 0.0006348514 -0.0098104710 -0.0600177161 -0.9981490970 0.1713137478 0.9833379984 -0.0608109236
266.0 -485.6 2340.6 0.9851676822 0.0146225393 -0.1709702611 -0.0098104710 0.9995325208 0.0289567597 0.1713137478 -0.0268499646 0.9848505855
-118.7 -500.4 2423.2 0 0 0 0 0 0 0 0 0
147.5 -533.1 2486.7 0 0 0 0 0 0 0 0 0
-41.2 -870.5 2334.6 0 0 0 0 0 0 0 0 0
260.6 -858.7 2350.6 0 0 0 0 0 0 0 0 0
134.3 80.1 2675.3 1 0.9996760488 0.0133011397 -0.0216986369 -0.0123855770 0.9990493655 0.0417966098 0.0222339518 -0.0415143222 0.9988905191
131.7 -117.2 2683.5 0.9996760488 0.0133011397 -0.0216986369 -0.0123855770 0.9990493655 0.0417966098 0.0222339518 -0.0415143222 0.9988905191
129.4 -311.1 2691.6 0.9996909499 0.0121289203 -0.0217005368 -0.0112173324 0.9990693927 0.0416472591 0.0221854784 -0.0413909666 0.9988966584
-4.9 -115.7 2680.5 0.3583182096 -0.9094556570 -0.2109465301 0.9251587391 0.3762106299 -0.0504661612 0.1252570599 -0.1770760864 0.9761940241
-101.3 -364.7 2646.8 0.0448480248 -0.9094556570 -0.4133751690 0.5121365190 0.3762106299 -0.7721281052 0.8577324152 -0.1770760864 0.4826377332
268.3 -118.7 2686.6 0.1913590431 0.1610080004 0.9682242274 -0.9106590748 0.3971365392 0.1139412597 -0.3661717474 -0.9035258889 0.2226190716
317.2 -351.7 2592.9 -0.6166471839 0.1610080004 0.7705989480 -0.6743067503 0.3971365392 -0.6225696802 -0.4062716663 -0.9035258889 -0.1363243312
33.2 -504.1 2700.1 0.9879846573 0.1379056871 -0.0697731674 -0.0685136989 -0.0138645619 -0.9975538254 -0.1385357231 0.9903483391 -0.0042495453
-19.0 -498.8 2325.4 0.9879846573 0.0650890470 0.1401773542 -0.0685136989 0.9974548817 0.0197400246 -0.1385357231 -0.0291069113 0.9899296165
212.2 -507.2 2703.3 0.9892085195 -0.1465124190 -0.0007461002 -0.0092281215 -0.0572217070 -0.9983188510 0.1462234259 0.9875524044 -0.0579562373
266.2 -486.1 2339.2 0.9892085195 0.0138295805 -0.1458601654 -0.0092281215 0.9994395971 0.0321766585 0.1462234259 -0.0304834116 0.9887818098
-113.1 -500.1 2420.1 0 0 0 0 0 0 0 0 0
152.9 -531.4 2484.6 0 0 0 0 0 0 0 0 0
-43.3 -871.2 2336.3 0 0 0 0 0 0 0 0 0
261.1 -859.2 2350.6 0 0 0 0 0 0 0 0 0
135.0 76.8 2675.2 2 0.9994586110 0.0291723981 -0.0152122695 -0.0284180753 0.9984599948 0.0476446040 0.0165787507 -0.0471865088 0.9987484813
129.2 -120.1 2684.5 0.9994586110 0.0291723981 -0.0152122695 -0.0284180753 0.9984599948 0.0476446040 0.0165787507 -0.0471865088 0.9987484813
123.9 -313.9 2693.7 0.9995111227 0.0273243021 -0.0151959388 -0.0265630726 0.9984833598 0.0482218340 0.0164905190 -0.0477946103 0.9987210631
-7.3 -116.5 2682.2 0.3733013570 -0.9045558572 -0.2059727460 0.9202620387 0.3891393840 -0.0410890840 0.1173194796 -0.1742102951 0.9776946902
-107.8 -364.2 2650.7 0.0577866919 -0.9045558572 -0.4224208593 0.5167320967 0.3891393840 -0.7625998259 0.8541947603 -0.1742102951 0.4899001420
265.8 -123.7 2686.7 0.1751120239 0.1618247032 0.9711583257 -0.9157853127 0.3889389336 0.1003184393 -0.3614872992 -0.9069395065 0.2163045704
310.6 -358.0 2594.2 -0.6293663383 0.1618247032 0.7600728869 -0.6671999693 0.3889389336 -0.6352721453 -0.3984246552 -0.9069395065 -0.1368156224
37.5 -504.0 2697.6 0.9861271381 0.1561628431 -0.0562707409 -0.0547801442 -0.0138359722 -0.9984025955 -0.1566919535 0.9876344204 -0.0050894045
-21.7 -498.8 2323.7 0.9861271381 0.0497966744 0.1583462059 -0.0547801442 0.9981262088 0.0272619072 -0.1566919535 -0.0355579332 0.9870072007
216.5 -506.0 2701.6 0.9917566776 -0.1273541152 0.0141306771 0.0065653301 -0.0596291535 -0.9981989861 0.1279673576 0.9900632501 -0.0583014861
262.9 -484.3 2341.5 0.9917566776 -0.0034336864 -0.1280896366 0.0065653301 0.9996895790 0.0240346473 0.1279673576 -0.0246774722 0.9914713502
-123.1 -500.8 2424.8 0 0 0 0 0 0 0 0 0
142.9 -535.8 2488.1 0 0 0 0 0 0 0 0 0
-40.3 -871.3 2336.9 0 0 0 0 0 0 0 0 0
264.1 -857.5 2350.7 0 0 0 0 0 0 0 0 0
136.0 76.3 2675.1 3 0.9995973706 0.0281713326 0.0033797421 -0.0283005703 0.9984608293 0.0476973355 -0.0020308427 -0.0477737822 0.9988561273
130.4 -120.7 2684.5 0.9995973706 0.0281713326 0.0033797421 -0.0283005703 0.9984608293 0.0476973355 -0.0020308427 -0.0477737822 0.9988561273
125.5 -314.5 2693.8 0.9996713996 0.0254089329 0.0033905481 -0.0255427025 0.9985159039 0.0481000803 -0.0021633443 -0.0481708795 0.9988367558
-6.1 -117.3 2684.8 0.3744859397 -0.9080452919 -0.1876541078 0.9206308126 0.3882326782 -0.0414036438 0.1104498431 -0.1572550684 0.9813621640
-106.9 -365.0 2655.1 0.0731859282 -0.9080452919 -0.4124288857 0.5167000890 0.3882326782 -0.7630834579 0.8530327082 -0.1572550684 0.4976002574
267.0 -124.2 2684.2 0.1692717224 0.1444788873 0.9749220014 -0.9155673385 0.3892006278 0.1012884974 -0.3648062348 -0.9097520113 0.1981607974
310.3 -358.4 2590.9 -0.6360089779 0.1444788873 0.7580358982 -0.6678008437 0.3892006278 -0.6344799995 -0.3866970241 -0.9097520113 -0.1510519832
29.1 -505.3 2701.5 0.9892472625 0.1372577250 -0.0504995920 -0.0491632074 -0.0131111871 -0.9987046719 -0.1377420425 0.9904485941 -0.0062221754
-23.4 -500.3 2322.7 0.9892472625 0.0438764393 0.1395161301 -0.0491632074 0.9981886744 0.0346741416 -0.1377420425 -0.0411603600 0.9896125197
208.2 -510.1 2704.5 0.9886955619 -0.1480681002 0.0235989317 0.0138004282 -0.0668574423 -0.9976670742 0.1493004411 0.9867147207 -0.0640582591
262.8 -485.4 2340.5 0.9886955619 -0.0096959062 -0.1496230662 0.0138004282 0.9995557070 0.0264185425 0.1493004411 -0.0281847585 0.9883900881
-126.3 -501.6 2429.6 0 0 0 0 0 0 0 0 0
140.8 -536.4 2487.8 0 0 0 0 0 0 0 0 0
-39.8 -872.9 2338.1 0 0 0 0 0 0 0 0 0
266.4 -858.5 2351.0 0 0 0 0 0 0 0 0 0
136.6 76.3 2674.5 4 0.9996576309 0.0251235627 0.0073128669 -0.0254520774 0.9984760880 0.0489665307 -0.0060715089 -0.0491358899 0.9987736344
131.6 -120.6 2684.2 0.9996576309 0.0251235627 0.0073128669 -0.0254520774 0.9984760880 0.0489665307 -0.0060715089 -0.0491358899 0.9987736344
127.2 -314.4 2693.8 0.9997144938 0.0227455366 0.0073162806 -0.0230779108 0.9985267520 0.0491089374 -0.0061884928 -0.0492637642 0.9987666607
-4.9 -117.5 2685.1 0.3726534247 -0.9096314311 -0.1835757643 0.9216623306 0.3858329952 -0.0408834107 0.1080184206 -0.1539595127 0.9821550250
-105.2 -365.5 2656.0 0.0753622204 -0.9096314311 -0.4085231721 0.5177334547 0.3858329952 -0.7635999918 0.8522163033 -0.1539595127 0.5000238419
268.2 -123.8 2683.3 0.1700556129 0.1398313344 0.9754630923 -0.9155118465 0.3886443675 0.1038924605 -0.3645808399 -0.9107155204 0.1941083968
311.7 -358.0 2590.1 -0.6359170675 0.1398313344 0.7589839697 -0.6697553396 0.3886443675 -0.6327584982 -0.3834543228 -0.9107155204 -0.1534928083
31.0 -506.0 2703.4 0.9887179732 0.1391737014 -0.0553846546 -0.0533787347 -0.0181074906 -0.9984101653 -0.1399553120 0.9901024103 -0.0104742851
-22.3 -499.1 2324.2 0.9887179732 0.0497590527 0.1412827522 -0.0533787347 0.9983331561 0.0219446458 -0.1399553120 -0.0292385593 0.9897260070
210.1 -510.6 2703.0 0.9894369245 -0.1429517865 0.0240694731 0.0143187828 -0.0688508302 -0.9975242019 0.1442550719 0.9873319268 -0.0660766587
262.4 -485.4 2341.8 0.9894369245 -0.0116814747 -0.1444925517 0.0143187828 0.9997490644 0.0172257219 0.1442550719 -0.0191127229 0.9893559217
-125.2 -502.4 2430.7 0 0 0 0 0 0 0 0 0
142.3 -536.4 2487.9 0 0 0 0 0 0 0 0 0
-40.8 -871.7 2335.1 0 0 0 0 0 0 0 0 0
266.8 -858.6 2348.9 0 0 0 0 0 0 0 0 0
135.5 75.9 2684.2 5 0.9997622371 0.0212004576 -0.0050998428 -0.0210971069 0.9995866418 0.0195305683 0.0055117919 -0.0194183327 0.9997962713
131.3 -121.2 2688.1 0.9997622371 0.0212004576 -0.0050998428 -0.0210971069 0.9995866418 0.0195305683 0.0055117919 -0.0194183327 0.9997962713
127.4 -315.2 2692.7 0.9997866154 0.0200407431 -0.0050038211 -0.0199141372 0.9995091558 0.0241850521 0.0054860516 -0.0240802448 0.9996950030
-5.3 -118.5 2687.3 0.3682605624 -0.9089612365 -0.1953808218 0.9197937846 0.3868225515 -0.0659374297 0.1355122775 -0.1554279029 0.9785083532
-104.4 -366.1 2650.9 0.0632705539 -0.9089612365 -0.4120514095 0.4965238273 0.3868225515 -0.7770665288 0.8657141328 -0.1554279029 0.4757953882
267.9 -123.9 2688.8 0.1775078475 0.1496201009 0.9726791978 -0.9056114554 0.4116739035 0.1019436419 -0.3851737976 -0.8989651799 0.2085730284
313.3 -355.6 2590.3 -0.6289838552 0.1496201009 0.7628847361 -0.6618818045 0.4116739035 -0.6264480352 -0.4077889621 -0.8989651799 -0.1599054188
33.2 -506.2 2703.9 0.9878291488 0.1485684514 -0.0460542738 -0.0444384180 -0.0141791850 -0.9989115000 -0.1490597427 0.9888004661 -0.0074044657
-24.0 -500.7 2322.9 0.9878291488 0.0397347845 0.1503819376 -0.0444384180 0.9986183643 0.0280464403 -0.1490597427 -0.0343878269 0.9882300496
212.4 -510.3 2702.8 0.9906094074 -0.1345981061 0.0240073781 0.0150861433 -0.0669129789 -0.9976447821 0.1358875036 0.9886384606 -0.0642540604
261.3 -486.0 2343.1 0.9906094074 -0.0118115852 -0.1362112015 0.0150861433 0.9996208549 0.0230331179 0.1358875036 -0.0248717256 0.9904120564
-121.1 -497.3 2422.0 0 0 0 0 0 0 0 0 0
145.7 -532.0 2481.6 0 0 0 0 0 0 0 0 0
-38.8 -873.5 2335.8 0 0 0 0 0 0 0 0 0
265.7 -859.1 2352.4 0 0 0 0 0 0 0 0 0
134.3 75.5 2680.1 6 0.9997574091 0.0202828441 -0.0085896570 -0.0199710466 0.9991894960 0.0349494591 0.0092915697 -0.0347694382 0.9993521571
130.3 -121.8 2687.0 0.9997574091 0.0202828441 -0.0085896570 -0.0199710466 0.9991894960 0.0349494591 0.0092915697 -0.0347694382 0.9993521571
126.6 -315.7 2694.5 0.9997795224 0.0191954859 -0.0085091041 -0.0188495219 0.9990603924 0.0390267409 0.0092502460 -0.0388577431 0.9992019534
-6.3 -119.3 2685.7 0.3669311404 -0.9087733626 -0.1987272948 0.9220660329 0.3835791647 -0.0515872464 0.1231087670 -0.1643107235 0.9786961675
-105.0 -367.4 2652.6 0.0597925745 -0.9087733626 -0.4129840732 0.5093900561 0.3835791647 -0.7703173161 0.8584559560 -0.1643107235 0.4858552814
266.9 -124.4 2688.2 0.1796903461 0.1523683816 0.9718514681 -0.9110582471 0.3984220326 0.1059847698 -0.3710582852 -0.9044577479 0.2104090601
312.9 -357.5 2593.3 -0.6269438267 0.1523683816 0.7640191913 -0.6684827805 0.3984220326 -0.6280053258 -0.4000902176 -0.9044577479 -0.1479325891
34.0 -507.4 2696.9 0.9871317744 0.1534608901 -0.0449516699 -0.0429374948 -0.0164158195 -0.9989429116 -0.1540365815 0.9880183339 -0.0096153505
-24.2 -501.1 2322.0 0.9871317744 0.0378554054 0.1553636491 -0.0429374948 0.9986425638 0.0294853076 -0.1540365815 -0.0357768089 0.9874172211
213.1 -511.0 2697.9 0.9910989404 -0.1295724958 0.0305593424 0.0219496973 -0.0673617497 -0.9974871278 0.1313054264 0.9892792106 -0.0639180839
259.5 -486.8 2343.5 0.9910989404 -0.0199532602 -0.1316235960 0.0219496973 0.9996647239 0.0137342447 0.1313054264 -0.0165010933 0.9912046194
-120.8 -502.1 2425.6 0 0 0 0 0 0 0 0 0
145.8 -535.6 2486.7 0 0 0 0 0 0 0 0 0
-38.4 -873.9 2335.4 0 0 0 0 0 0 0 0 0
267.0 -860.0 2349.7 0 0 0 0 0 0 0 0 0
134.5 74.7 2687.5 7 0.9997454882 0.0223841742 -0.0028105329 -0.0223555323 0.9997016788 0.0098390095 0.0030299325 -0.0097736744 0.9999476671
130.1 -122.6 2689.5 0.9997454882 0.0223841742 -0.0028105329 -0.0223555323 0.9997016788 0.0098390095 0.0030299325 -0.0097736744 0.9999476671
126.3 -316.6 2692.3 0.9998088479 0.0193646047 -0.0027074048 -0.0193225592 0.9997040629 0.0147779593 0.0029927730 -0.0147228204 0.9998871088
-6.5 -120.0 2689.1 0.3680019081 -0.9095580578 -0.1930769086 0.9187148809 0.3876833022 -0.0752635524 0.1433092654 -0.1496855021 0.9782927632
-105.5 -367.2 2650.5 0.0649638101 -0.9095580578 -0.4104677737 0.4883998036 0.3876833022 -0.7817718983 0.8701984286 -0.1496855021 0.4694133699
266.7 -125.2 2689.9 0.1771789044 0.1472856253 0.9730953574 -0.9018343687 0.4202070832 0.1006022170 -0.3940843046 -0.8953953981 0.2072790712
312.0 -355.9 2589.0 -0.6295140386 0.1472856253 0.7629016638 -0.6584209204 0.4202070832 -0.6244260669 -0.4125456810 -0.8953953981 -0.1675503403
33.3 -507.9 2701.2 0.9880048037 0.1469162256 -0.0475617610 -0.0449019335 -0.0213699415 -0.9987627864 -0.1477508545 0.9889180660 -0.0145167829
-22.8 -499.8 2323.8 0.9880048037 0.0412314236 0.1488168985 -0.0449019335 0.9987624288 0.0213882476 -0.1477508545 -0.0278138593 0.9886334538
212.4 -511.3 2702.9 0.9912794232 -0.1269755512 0.0352462679 0.0268957168 -0.0668898746 -0.9973977804 0.1290027499 0.9896478653 -0.0628914610
258.6 -487.0 2343.3 0.9912794232 -0.0255428068 -0.1292774379 0.0268957168 0.9996001124 0.0087298900 0.1290027499 -0.0121307690 0.9915700555
-122.7 -496.4 2420.4 0 0 0 0 0 0 0 0 0
144.3 -531.4 2479.1 0 0 0 0 0 0 0 0 0
-38.1 -872.6 2334.2 0 0 0 0 0 0 0 0 0
268.1 -860.2 2347.9 0 0 0 0 0 0 0 0 0
135.0 74.4 2690.8 8 0.9989715219 0.0413448550 0.0186144169 -0.0413240194 0.9991446733 -0.0015027204 -0.0186606254 0.0007319524 0.9998255968
126.9 -122.1 2690.6 0.9989715219 0.0413448550 0.0186144169 -0.0413240194 0.9991446733 -0.0015027204 -0.0186606254 0.0007319524 0.9998255968
119.4 -316.1 2691.1 0.9990842342 0.0384584926 0.0187534690 -0.0385022834 0.9992565513 0.0019793515 -0.0186634045 -0.0026995903 0.9998221993
-9.6 -116.9 2693.2 0.3887254596 -0.9048236012 -0.1737432629 0.9095820785 0.4069214761 -0.0841151774 0.1468092650 -0.1253360361 0.9811921120
-114.2 -361.7 2653.7 0.0928480104 -0.9048236012 -0.4155399501 0.4758455455 0.4069214761 -0.7797344923 0.8746143579 -0.1253360361 0.4683381617
263.4 -127.4 2688.0 0.1512478739 0.1364248395 0.9790364504 -0.8999243379 0.4287788272 0.0792775005 -0.4089746773 -0.8930492401 0.1876239181
302.0 -357.6 2583.4 -0.6507760286 0.1364248395 0.7469128370 -0.6408901811 0.4287788272 -0.6367169023 -0.4071244299 -0.8930492401 -0.1916056424
33.0 -508.9 2694.9 0.9878995419 0.1441841871 -0.0571440123 -0.0537637770 -0.0272354763 -0.9981821775 -0.1454784274 0.9891759753 -0.0191540271
-20.9 -498.7 2325.3 0.9878995419 0.0502843112 0.1467174292 -0.0537637770 0.9983564615 0.0198445581 -0.1454784274 -0.0274925120 0.9889793396
212.1 -512.3 2695.4 0.9908401966 -0.1291242540 0.0395299457 0.0299717057 -0.0751461908 -0.9967219830 0.1316715032 0.9887769818 -0.0705877915
257.8 -485.7 2345.4 0.9908401966 -0.0300195329 -0.1316606104 0.0299717057 0.9995480180 -0.0023453687 0.1316715032 -0.0016222073 0.9912920594
-138.8 -487.5 2422.4 0 0 0 0 0 0 0 0 0
128.6 -528.4 2474.9 0 0 0 0 0 0 0 0 0
-39.7 -871.4 2335.6 0 0 0 0 0 0 0 0 0
269.0 -858.9 2346.0 0 0 0 0 0 0 0 0 0
135.2 77.2 2693.4 9 0.9981720448 0.0525602102 0.0298335515 -0.0522650369 0.9985771179 -0.0105896294 -0.0303476937 0.0090110200 0.9994987845
124.9 -119.3 2691.6 0.9981720448 0.0525602102 0.0298335515 -0.0522650369 0.9985771179 -0.0105896294 -0.0303476937 0.0090110200 0.9994987845
115.0 -313.1 2689.8 0.9982594252 0.0508789085 0.0298238434 -0.0505774543 0.9986619949 -0.0107770441 -0.0303322636 0.0092498716 0.9994970560
-11.5 -112.4 2695.7 0.4016316235 -0.9010108709 -0.1639252007 0.9028109908 0.4195817709 -0.0942521393 0.1537022293 -0.1101388335 0.9819598198
-119.6 -355.3 2654.4 0.1084311977 -0.9010108709 -0.4200263023 0.4636711776 0.4195817709 -0.7803590298 0.8793473244 -0.1101388335 0.4632685184
261.2 -126.1 2687.4 0.1354901940 0.1318821311 0.9819620848 -0.8965263367 0.4382183850 0.0648470595 -0.4217616618 -0.8891410232 0.1776100993
295.9 -355.5 2579.5 -0.6631731391 0.1318821311 0.7367553711 -0.6276695132 0.4382183850 -0.6434249282 -0.4077160060 -0.8891410232 -0.2078362703
22.4 -506.5 2693.4 0.9913181663 0.1246492490 -0.0418439358 -0.0399485081 -0.0176681001 -0.9990455508 -0.1252695769 0.9920435548 -0.0125351558
-24.1 -499.9 2323.5 0.9913181663 0.0365634710 0.1262990981 -0.0399485081 0.9989044666 0.0243728291 -0.1252695769 -0.0292066876 0.9916927218
201.4 -513.4 2690.0 0.9864066839 -0.1588762701 0.0419541486 0.0289939232 -0.0830317736 -0.9961250424 0.1617441475 0.9838008285 -0.0772966519
257.0 -484.3 2345.3 0.9864066839 -0.0281279646 -0.1618969887 0.0289939232 0.9995751381 0.0029882377 0.1617441475 -0.0076416465 0.9868031144
-148.3 -477.9 2421.9 0 0 0 0 0 0 0 0 0
119.2 -522.7 2470.9 0 0 0 0 0 0 0 0 0
-37.7 -872.8 2334.4 0 0 0 0 0 0 0 0 0
267.5 -857.4 2348.1 0 0 0 0 0 0 0 0 0
135.1 77.0 2685.2 0 0.9975287318 0.0591810606 0.0378683805 -0.0598070696 0.9980877638 0.0156165641 -0.0368717648 -0.0178427678 0.9991607070
123.5 -119.5 2688.7 0.9975287318 0.0591810606 0.0378683805 -0.0598070696 0.9980877638 0.0156165641 -0.0368717648 -0.0178427678 0.9991607070
111.8 -313.2 2691.6 0.9974638820 0.0603657812 0.0377059728 -0.0608897470 0.9980610609 0.0129047194 -0.0368538611 -0.0151678985 0.9992055297
-12.8 -111.2 2693.7 0.4113420546 -0.8978655934 -0.1569555253 0.9023318291 0.4254674315 -0.0690994039 0.1288214475 -0.1132024750 0.9851853848
-123.5 -354.1 2659.1 0.1198211163 -0.8978655934 -0.4236510694 0.4835576415 0.4254674315 -0.7649506330 0.8670725822 -0.1132024750 0.4851497710
259.8 -127.8 2683.6 0.1236561835 0.1288999468 0.9839176536 -0.9076429605 0.4154845774 0.0596388541 -0.4011151791 -0.9004206657 0.1683723778
291.4 -360.0 2581.0 -0.6722987890 0.1288999468 0.7289713025 -0.6308570504 0.4154845774 -0.6552800536 -0.3873419166 -0.9004206657 -0.1980123371
15.7 -502.3 2690.7 0.9934594631 0.1066105738 -0.0408952609 -0.0408389829 -0.0027119135 -0.9991620779 -0.1066321433 0.9942971468 0.0016596909
-23.9 -501.3 2321.8 0.9934594631 0.0375707224 0.1078270674 -0.0408389829 0.9987659454 0.0282629970 -0.1066321433 -0.0324816890 0.9937678576
194.5 -511.4 2685.3 0.9823291302 -0.1840394735 0.0340432972 0.0203212518 -0.0759390816 -0.9969053864 0.1860551536 0.9799810052 -0.0708572641
258.8 -484.8 2342.8 0.9823291302 -0.0176799987 -0.1863247007 0.0203212518 0.9997181296 0.0122750290 0.1860551536 -0.0158444699 0.9824115634
-155.2 -481.9 2429.8 0 0 0 0 0 0 0 0 0
112.3 -528.1 2477.8 0 0 0 0 0 0 0 0 0
-37.9 -874.2 2333.9 0 0 0 0 0 0 0 0 0
265.4 -858.0 2348.7 0 0 0 0 0 0 0 0 0
135.1 75.2 2689.6 1 0.9964324236 0.0767705515 0.0350535512 -0.0767274275 0.9970487952 -0.0025756017 -0.0351478308 -0.0001231560 0.9993821383
120.0 -121.2 2689.6 0.9964324236 0.0767705515 0.0350535512 -0.0767274275 0.9970487952 -0.0025756017 -0.0351478308 -0.0001231560 0.9993821383
105.1 -314.7 2690.0 0.9964084029 0.0770124868 0.0352051556 -0.0770388246 0.9970279336 -0.0006097840 -0.0351474807 -0.0021045699 0.9993799329
-16.1 -110.7 2694.4 0.4259547293 -0.8903483152 -0.1607556939 0.8936091661 0.4418088198 -0.0791679546 0.1415103525 -0.1099308059 0.9838140011
-130.7 -351.2 2656.3 0.1255017072 -0.8903483152 -0.4376404285 0.4702724218 0.4418088198 -0.7639691234 0.8735520244 -0.1099308059 0.4741540551
256.1 -131.7 2684.8 0.1096175760 0.1382402778 0.9843137860 -0.9043322802 0.4248512387 0.0410429686 -0.4125131369 -0.8946457505 0.1715863049
284.2 -363.0 2579.2 -0.6816540360 0.1382402778 0.7184966207 -0.6145088673 0.4248512387 -0.6647407413 -0.3971481323 -0.8946457505 -0.2046516836
10.7 -501.4 2697.9 0.9951943755 0.0830397755 -0.0518892519 -0.0517350771 -0.0040087742 -0.9986528158 -0.0831359178 0.9965381622 0.0003065594
-20.6 -499.9 2322.5 0.9951943755 0.0488099903 0.0848862976 -0.0517350771 0.9981284142 0.0326062366 -0.0831359178 -0.0368411429 0.9958570004
189.4 -512.3 2691.3 0.9786034226 -0.2047737986 0.0200743191 0.0057640332 -0.0702418908 -0.9975133538 0.2056746632 0.9762856960 -0.0675586313
263.2 -487.0 2339.6 0.9786034226 -0.0007166071 -0.2057541609 0.0057640332 0.9996969700 0.0239329934 0.2056746632 -0.0246068835 0.9783110023
-163.9 -475.5 2425.4 0 0 0 0 0 0 0 0 0
102.6 -526.8 2473.4 0 0 0 0 0 0 0 0 0
-38.8 -872.5 2336.3 0 0 0 0 0 0 0 0 0
263.4 -860.1 2348.8 0 0 0 0 0 0 0 0 0
135.3 74.2 2682.3 2 0.9957665205 0.0767403841 0.0505955331 -0.0783396810 0.9964625239 0.0304200370 -0.0480821058 -0.0342548937 0.9982558489
120.1 -122.9 2689.0 0.9957665205 0.0767403841 0.0505955331 -0.0783396810 0.9964625239 0.0304200370 -0.0480821058 -0.0342548937 0.9982558489
104.1 -316.2 2695.1 0.9953148961 0.0825419053 0.0503496565 -0.0839895532 0.9960913658 0.0273442119 -0.0478958152 -0.0314449444 0.9983572364
-15.9 -111.4 2695.6 0.4330381751 -0.8894300461 -0.1462606043 0.8946646452 0.4438815117 -0.0504415669 0.1097866222 -0.1090110689 0.9879592657
-132.4 -352.2 2666.1 0.1413579136 -0.8894300461 -0.4346632659 0.4939416349 0.4438815117 -0.7476568818 0.8579275012 -0.1090110689 0.5020726919
256.1 -134.3 2682.5 0.0982953757 0.1270317584 0.9870162010 -0.9162417650 0.3986297250 0.0399423018 -0.3883800507 -0.9082716107 0.1555752605
