127.4 79.8 2674.2 0.9997990727 0.0090005239 0.0179116298 -0.0095690144 0.9994449615 0.0319101922 -0.0176144782 -0.0320751742 0.9993302226
125.6 -116.9 2680.5 0.9997990727 0.0090005239 0.0179116298 -0.0095690144 0.9994449615 0.0319101922 -0.0176144782 -0.0320751742 0.9993302226
124.2 -310.8 2688.5 0.9998136759 0.0070069823 0.0179856662 -0.0077424585 0.9991227984 0.0411538929 -0.0176815260 -0.0412854813 0.9989909530
-11.0 -115.9 2683.0 0.3598173559 -0.9170891643 -0.1716944277 0.9263495207 0.3731127083 -0.0516090207 0.1113914475 -0.1404792368 0.9837974906
-107.8 -365.2 2653.0 0.0772239566 -0.9170891643 -0.3911316693 0.5119311810 0.3731127083 -0.7737657428 0.8555483222 -0.1404792368 0.4982997477
262.2 -118.0 2678.1 0.1797673702 0.1234907657 0.9759271145 -0.9098334908 0.3980728388 0.1172219291 -0.3740142584 -0.9090038538 0.1839165539
308.2 -350.7 2582.4 -0.6300093532 0.1234907657 0.7667061090 -0.6762819290 0.3980728388 -0.6198232174 -0.3817473352 -0.9090038538 -0.1672750264
35.9 -506.2 2695.6 0.9833815098 0.1811059862 -0.0127045354 -0.0130867641 0.0009157060 -0.9999139309 -0.1810787767 0.9834631681 0.0032705797
-33.8 -506.6 2317.5 0.9833815098 -0.0003374128 0.1815507412 -0.0130867641 0.9972651601 0.0727387369 -0.1810787767 -0.0739058405 0.9806877375
215.0 -506.7 2694.8 0.9913274646 -0.1277737767 0.0307192262 0.0252642687 -0.0440964103 -0.9987077713 0.1289632767 0.9908225536 -0.0404858738
261.1 -490.8 2337.5 0.9913274646 -0.0209483113 -0.1297342628 0.0252642687 0.9991776943 0.0317115821 0.1289632767 -0.0347142071 0.9910416007
-128.2 -500.5 2426.8 0 0 0 0 0 0 0 0 0
140.3 -530.9 2480.7 0 0 0 0 0 0 0 0 0
-33.6 -878.8 2345.1 0 0 0 0 0 0 0 0 0
268.9 -863.8 2350.4 0 0 0 0 0 0 0 0 0
124.5 80.3 2677.6 0.9998584986 -0.0019114908 0.0167128481 0.0015839016 0.9998068213 0.0195923485 -0.0167470705 -0.0195631050 0.9996683598
124.9 -116.9 2681.5 0.9998584986 -0.0019114908 0.0167128481 0.0015839016 0.9998068213 0.0195923485 -0.0167470705 -0.0195631050 0.9996683598
125.3 -310.9 2687.3 0.9998581409 -0.0022612265 0.0166907068 0.0017563531 0.9995422959 0.0302016996 -0.0167513601 -0.0301681012 0.9994044900
-11.7 -117.2 2683.8 0.3510722816 -0.9203959703 -0.1721032709 0.9283600450 0.3661048114 -0.0641470030 0.1220484823 -0.1372535676 0.9829881191
-106.2 -367.0 2650.9 0.0716725066 -0.9203959703 -0.3843622506 0.5030765533 0.3661048114 -0.7828673124 0.8612647653 -0.1372535676 0.4892692566
261.5 -116.6 2679.1 0.1885744482 0.1206066534 0.9746249318 -0.9039040208 0.4092937708 0.1242423132 -0.3839234412 -0.9043962955 0.1861991882
309.7 -347.9 2580.9 -0.6233349442 0.1206066534 0.7725979090 -0.6778242588 0.4092937708 -0.6107641459 -0.3898817301 -0.9043962955 -0.1733769923
33.3 -504.1 2698.1 0.9844462276 0.1755211055 -0.0076117679 -0.0090056024 0.0071459571 -0.9999338984 -0.1754551083 0.9844497442 0.0086154845
-34.0 -506.8 2320.4 0.9844462276 -0.0035074344 0.1756510586 -0.0090056024 0.9974789023 0.0703902543 -0.1754551083 -0.0708772615 0.9819327593
212.4 -505.5 2695.0 0.9902845025 -0.1368329525 0.0247648451 0.0192467440 -0.0415043384 -0.9989529252 0.1377175301 0.9897242785 -0.0384675153
261.7 -490.5 2338.7 0.9902845025 -0.0144099342 -0.1383073032 0.0192467440 0.9992467165 0.0336979590 0.1377175301 -0.0360325314 0.9898158908
-125.1 -500.0 2423.2 0 0 0 0 0 0 0 0 0
143.6 -528.5 2477.0 0 0 0 0 0 0 0 0 0
-32.7 -879.2 2346.8 0 0 0 0 0 0 0 0 0
267.1 -863.5 2352.2 0 0 0 0 0 0 0 0 0
125.4 79.0 2676.3 0.9989230037 0.0063544973 0.0459615923 -0.0077485079 0.9995133877 0.0302156061 -0.0457472205 -0.0305391978 0.9984861016
124.1 -118.2 2682.3 0.9989230037 0.0063544973 0.0459615923 -0.0077485079 0.9995133877 0.0302156061 -0.0457472205 -0.0305391978 0.9984861016
123.1 -312.1 2689.7 0.9989271760 0.0052987160 0.0460049547 -0.0070346198 0.9992660880 0.0376534536 -0.0457716770 -0.0379366837 0.9982312918
-12.3 -117.2 2688.6 0.3622964919 -0.9208757281 -0.1439761966 0.9261843562 0.3730119467 -0.0551779456 0.1045168713 -0.1133577302 0.9880416393
-109.8 -366.5 2660.4 0.1009349898 -0.9208757281 -0.3765634298 0.5089702010 0.3730119467 -0.7757650614 0.8548458815 -0.1133577302 0.5063482523
260.6 -119.1 2676.0 0.1696926951 0.0977021009 0.9806419611 -0.9083968401 0.4013454914 0.1172048599 -0.3821250796 -0.9107008576 0.1568576694
304.0 -351.5 2578.3 -0.6401094794 0.0977021009 0.7620460391 -0.6753424406 0.4013454914 -0.6187360883 -0.3662955761 -0.9107008576 -0.1909226775
36.2 -505.0 2694.7 0.9840914607 0.1760647446 -0.0237739626 -0.0240953155 -0.0003127592 -0.9997096062 -0.1760210544 0.9843785167 0.0039345515
-30.1 -504.9 2323.8 0.9840914607 0.0135059189 0.1771484762 -0.0240953155 0.9980395436 0.0577625744 -0.1760210544 -0.0611121058 0.9824876189
215.3 -504.7 2691.7 0.9913917780 -0.1262018383 0.0348631777 0.0299407635 -0.0406937972 -0.9987229705 0.1274593771 0.9911695719 -0.0365649164
260.4 -490.2 2338.0 0.9913917780 -0.0253404863 -0.1284531206 0.0299407635 0.9989729524 0.0340090245 0.1274593771 -0.0375622511 0.9911322594
-136.5 -501.0 2434.4 0 0 0 0 0 0 0 0 0
133.5 -531.4 2480.7 0 0 0 0 0 0 0 0 0
-35.2 -877.4 2346.6 0 0 0 0 0 0 0 0 0
269.8 -863.1 2352.0 0 0 0 0 0 0 0 0 0
124.9 78.9 2675.1 0.9984472990 0.0166702587 0.0531514734 -0.0184469242 0.9992813468 0.0331129618 -0.0525612757 -0.0340420268 0.9980372787
121.6 -118.1 2681.8 0.9984472990 0.0166702587 0.0531514734 -0.0184469242 0.9992813468 0.0331129618 -0.0525612757 -0.0340420268 0.9980372787
118.2 -312.0 2689.7 0.9984268546 0.0175108761 0.0532656871 -0.0196439810 0.9990149140 0.0397901721 -0.0525164567 -0.0407739282 0.9977872968
-14.8 -115.4 2689.0 0.3745302558 -0.9168991446 -0.1379241794 0.9218645692 0.3841830492 -0.0506867953 0.0994628146 -0.1081636772 0.9891449809
-115.6 -363.5 2662.3 0.1130961627 -0.9168991446 -0.3827600479 0.5099918842 0.3841830492 -0.7696179152 0.8527119160 -0.1081636772 0.5110607147
258.0 -120.7 2674.6 0.1557373255 0.0965014622 0.9830734134 -0.9114826918 0.3976147473 0.1053649485 -0.3807166219 -0.9124636650 0.1498828679
297.9 -353.9 2577.2 -0.6509667039 0.0965014622 0.7529474497 -0.6682827473 0.3976147473 -0.6287294030 -0.3600563109 -0.9124636650 -0.1943436861
32.7 -505.4 2701.1 0.9870791435 0.1555279493 -0.0385460407 -0.0381018184 -0.0058374302 -0.9992567897 -0.1556373835 0.9878142476 0.0001638921
-26.3 -503.2 2326.8 0.9870791435 0.0301523581 0.1573708206 -0.0381018184 0.9981326461 0.0477436446 -0.1556373835 -0.0531228706 0.9863848090
211.6 -506.7 2692.9 0.9902689457 -0.1354614943 0.0319000483 0.0255951881 -0.0480331667 -0.9985177517 0.1367929727 0.9896175861 -0.0440985896
260.2 -489.4 2337.8 0.9902689457 -0.0209115725 -0.1375868320 0.0255951881 0.9991484880 0.0323603153 0.1367929727 -0.0355669744 0.9899609685
-145.5 -498.4 2436.8 0 0 0 0 0 0 0 0 0
124.4 -532.0 2481.3 0 0 0 0 0 0 0 0 0
-37.5 -875.7 2346.6 0 0 0 0 0 0 0 0 0
268.0 -862.4 2351.1 0 0 0 0 0 0 0 0 0
127.1 77.7 2674.5 0.9970289469 0.0325396918 0.0698173419 -0.0350211263 0.9987868667 0.0346169248 -0.0686062202 -0.0369591601 0.9969589710
120.7 -118.7 2681.8 0.9970289469 0.0325396918 0.0698173419 -0.0350211263 0.9987868667 0.0346169248 -0.0686062202 -0.0369591601 0.9969589710
114.1 -312.5 2690.1 0.9969675541 0.0339652188 0.0700146332 -0.0368645079 0.9984975457 0.0405419320 -0.0685324222 -0.0430000462 0.9967218041
-15.5 -113.7 2691.2 0.3918242455 -0.9118064642 -0.1228117943 0.9154662490 0.3996809125 -0.0466547757 0.0916256607 -0.0941495821 0.9913327098
-121.0 -360.1 2666.5 0.1355463564 -0.9118064642 -0.3876031041 0.5094037652 0.3996809125 -0.7620780468 0.8497852683 -0.0941495821 0.5186529756
256.9 -123.7 2672.4 0.1339413375 0.0885804594 0.9870223999 -0.9146579504 0.3943705261 0.0887284726 -0.3813929558 -0.9146722555 0.1338433325
291.1 -357.7 2574.9 -0.6680396795 0.0885804594 0.7388345599 -0.6576144695 0.3943705261 -0.6418839693 -0.3482329547 -0.9146722555 -0.2052033693
25.4 -504.1 2702.4 0.9905651212 0.1282046139 -0.0484186672 -0.0479851477 -0.0064698504 -0.9988270998 -0.1283674985 0.9917266369 -0.0002568908
-22.9 -501.7 2328.6 0.9905651212 0.0428596139 0.1301685125 -0.0479851477 0.9981810451 0.0364969894 -0.1283674985 -0.0423987992 0.9908199310
204.3 -507.6 2693.0 0.9864287972 -0.1616392881 0.0288257059 0.0212476067 -0.0484172702 -0.9986011982 0.1628088504 0.9856614470 -0.0443257429
262.6 -490.2 2337.4 0.9864287972 -0.0147016477 -0.1635299474 0.0212476067 0.9990383387 0.0383522511 0.1628088504 -0.0413063839 0.9857925773
-156.8 -494.8 2441.9 0 0 0 0 0 0 0 0 0
113.1 -533.0 2482.1 0 0 0 0 0 0 0 0 0
-38.9 -874.2 2344.5 0 0 0 0 0 0 0 0 0
268.1 -863.1 2352.9 0 0 0 0 0 0 0 0 0
125.4 77.4 2677.3 0.9967302084 0.0441076942 0.0677010268 -0.0464551523 0.9983584881 0.0334996209 -0.0661123022 -0.0365351439 0.9971430898
116.7 -119.3 2684.5 0.9967302084 0.0441076942 0.0677010268 -0.0464551523 0.9983584881 0.0334996209 -0.0661123022 -0.0365351439 0.9971430898
107.8 -313.0 2693.2 0.9966219068 0.0459197052 0.0680895299 -0.0488566756 0.9979175329 0.0421144590 -0.0660138577 -0.0452988222 0.9967899323
-19.5 -112.7 2693.5 0.4024424553 -0.9067680240 -0.1257448941 0.9109712243 0.4102432728 -0.0428009033 0.0903964937 -0.0973250791 0.9911388755
-127.8 -357.8 2669.2 0.1395364106 -0.9067680240 -0.3978709877 0.5098096728 0.4102432728 -0.7561709881 0.8488956094 -0.0973250791 0.5195229650
252.9 -126.0 2675.4 0.1239922345 0.0954591930 0.9876808524 -0.9171009064 0.3910824060 0.0773336664 -0.3788824081 -0.9153917432 0.1360369027
284.6 -360.6 2578.5 -0.6749584079 0.0954591930 0.7316547632 -0.6504803896 0.3910824060 -0.6510989070 -0.3482906818 -0.9153917432 -0.2018700242
18.2 -503.0 2704.7 0.9930587411 0.0984020829 -0.0644306988 -0.0638139024 -0.0094059585 -0.9979174733 -0.0988031924 0.9951022863 -0.0030612487
-18.6 -499.5 2332.4 0.9930587411 0.0615734272 0.1002147570 -0.0638139024 0.9977750778 0.0193037596 -0.0988031924 -0.0255648624 0.9947785735
196.8 -509.6 2692.4 0.9818993807 -0.1873071492 0.0280999206 0.0185051020 -0.0527784936 -0.9984347820 0.1884970367 0.9808824658 -0.0483570322
264.7 -490.5 2336.8 0.9818993807 -0.0090934830 -0.1891847849 0.0185051020 0.9986739159 0.0480415225 0.1884970367 -0.0506728254 0.9807655811
-164.7 -492.6 2444.7 0 0 0 0 0 0 0 0 0
104.7 -533.9 2485.7 0 0 0 0 0 0 0 0 0
-41.6 -871.8 2341.9 0 0 0 0 0 0 0 0 0
268.1 -863.3 2355.7 0 0 0 0 0 0 0 0 0
125.9 78.8 2666.1 0.9971359968 0.0520868525 0.0548340157 -0.0559971519 0.9958044887 0.0723721385 -0.0508343205 -0.0752354115 0.9958692193
115.6 -118.0 2681.0 0.9971359968 0.0520868525 0.0548340157 -0.0559971519 0.9958044887 0.0723721385 -0.0508343205 -0.0752354115 0.9958692193
105.0 -311.2 2695.9 0.9969904423 0.0547216944 0.0549148396 -0.0587112494 0.9955374599 0.0738790333 -0.0506269932 -0.0768808052 0.9957541227
-20.6 -110.0 2687.9 0.4086463749 -0.9019664526 -0.1395158619 0.9102694988 0.4139033854 -0.0096666850 0.0664651170 -0.1230467781 0.9901726246
-130.6 -355.0 2670.0 0.1321976632 -0.9019664526 -0.4110721350 0.5359643698 0.4139033854 -0.7358166575 0.8338261247 -0.1230467781 0.5381389260
251.8 -126.0 2674.0 0.1215824485 0.1110668555 0.9863477349 -0.9298379421 0.3604456484 0.0740290806 -0.3473025560 -0.9261441827 0.1470980346
282.9 -363.9 2585.2 -0.6754933596 0.1110668555 0.7289533019 -0.6561678648 0.3604456484 -0.6629651189 -0.3363814652 -0.9261441827 -0.1706001312
9.6 -502.3 2708.0 0.9943930507 0.0640980750 -0.0841065720 -0.0835012794 -0.0120690111 -0.9964345694 -0.0648846254 0.9978706241 -0.0066490686
-14.3 -497.8 2336.2 0.9943930507 0.0833364204 0.0650962368 -0.0835012794 0.9965076447 -0.0001887242 -0.0648846254 -0.0052479529 0.9978789687
188.1 -511.1 2696.1 0.9778155684 -0.2073473781 0.0297283512 0.0175429974 -0.0603612475 -0.9980224371 0.2087317705 0.9764034152 -0.0553846769
264.2 -488.9 2337.9 0.9778155684 -0.0080337152 -0.2093135715 0.0175429974 0.9988944530 0.0436139032 0.2087317705 -0.0463183410 0.9768754840
-165.6 -496.7 2449.6 0 0 0 0 0 0 0 0 0
102.9 -538.7 2495.6 0 0 0 0 0 0 0 0 0
-45.4 -869.6 2338.1 0 0 0 0 0 0 0 0 0
267.2 -861.8 2355.2 0 0 0 0 0 0 0 0 0
127.5 78.8 2671.5 0.9959060550 0.0570406541 0.0701251552 -0.0605352521 0.9969743490 0.0487607196 -0.0671316385 -0.0528061390 0.9963457584
116.2 -117.8 2682.0 0.9959060550 0.0570406541 0.0701251552 -0.0605352521 0.9969743490 0.0487607196 -0.0671316385 -0.0528061390 0.9963457584
104.9 -311.2 2693.2 0.9957969785 0.0585761145 0.0704072416 -0.0624153689 0.9966086149 0.0536248349 -0.0670273304 -0.0577939451 0.9960759282
-19.8 -109.3 2691.1 0.4142022133 -0.9016290307 -0.1245053932 0.9068028331 0.4205653965 -0.0288682561 0.0783911198 -0.1009445488 0.9917988777
-131.3 -353.3 2670.0 0.1475547552 -0.9016290307 -0.4065620005 0.5184938908 0.4205653965 -0.7445057631 0.8422539234 -0.1009445488 0.5295456052
252.3 -126.3 2672.8 0.1115936935 0.0988047495 0.9888298512 -0.9232494831 0.3784230947 0.0663802996 -0.3676373363 -0.9203442931 0.1334510595
280.8 -362.5 2578.7 -0.6838315129 0.0988047495 0.7229191065 -0.6460732222 0.3784230947 -0.6628614664 -0.3390631378 -0.9203442931 -0.1949425340
5.0 -499.1 2715.3 0.9948507547 0.0448699817 -0.0908770263 -0.0906716138 -0.0065964176 -0.9958590269 -0.0452836379 0.9989710450 -0.0024940176
-12.0 -496.6 2337.0 0.9948507547 0.0904678032 0.0456894450 -0.0906716138 0.9958779216 0.0024038621 -0.0452836379 -0.0065342197 0.9989528060
183.6 -509.6 2706.3 0.9754745364 -0.2192969471 0.0189270787 0.0076604066 -0.0521132313 -0.9986118078 0.2199788690 0.9742653966 -0.0491552278
266.7 -489.8 2337.1 0.9754745364 0.0044976347 -0.2200662494 0.0076604066 0.9984918833 0.0543626472 0.2199788690 -0.0547151752 0.9739689827
-170.3 -490.4 2447.4 0 0 0 0 0 0 0 0 0
98.6 -534.6 2488.4 0 0 0 0 0 0 0 0 0
-45.8 -868.2 2339.4 0 0 0 0 0 0 0 0 0
265.0 -862.5 2357.6 0 0 0 0 0 0 0 0 0
128.5 77.7 2673.3 0.9956396222 0.0594868325 0.0718544051 -0.0629516095 0.9969113469 0.0469563119 -0.0688391849 -0.0512749143 0.9963092208
116.8 -118.5 2683.3 0.9956396222 0.0594868325 0.0718544051 -0.0629516095 0.9969113469 0.0469563119 -0.0688391849 -0.0512749143 0.9963092208
104.8 -311.8 2694.4 0.9954682589 0.0619008020 0.0721892118 -0.0657660663 0.9964553714 0.0524544269 -0.0686863586 -0.0569643155 0.9960106611
-19.2 -109.5 2692.7 0.4174349010 -0.9003422856 -0.1230117977 0.9053041339 0.4237476289 -0.0293659978 0.0785654113 -0.0991046950 0.9919706583
-131.5 -353.1 2671.6 0.1506835669 -0.9003422856 -0.4082624912 0.5171995163 0.4237476289 -0.7436010838 0.8424957991 -0.0991046950 0.5295084119
252.8 -127.4 2673.9 0.1078366041 0.0986248031 0.9892646074 -0.9232834578 0.3789401054 0.0628657490 -0.3686718941 -0.9201508164 0.1319222599
280.4 -363.6 2579.6 -0.6865864992 0.0986248031 0.7203277946 -0.6434088349 0.3789401054 -0.6651536822 -0.3385617435 -0.9201508164 -0.1967190802
4.2 -499.0 2710.4 0.9942929745 0.0389809385 -0.0993071422 -0.0990378410 -0.0087846797 -0.9950448871 -0.0396601632 0.9992013574 -0.0048739575
-10.3 -495.7 2338.3 0.9942929745 0.0991535038 0.0393701047 -0.0990378410 0.9950717092 -0.0048822029 -0.0396601632 0.0009552098 0.9992127419
182.6 -510.2 2698.4 0.9729955792 -0.2306133360 0.0098513551 -0.0021201631 -0.0516063608 -0.9986652732 0.2308139205 0.9716759920 -0.0507017002
268.5 -490.9 2336.5 0.9729955792 0.0124962535 -0.2304851562 -0.0021201631 0.9989752173 0.0452113189 0.2308139205 -0.0435017496 0.9720249772
-171.4 -489.9 2448.9 0 0 0 0 0 0 0 0 0
97.5 -535.1 2489.4 0 0 0 0 0 0 0 0 0
-47.3 -867.1 2337.9 0 0 0 0 0 0 0 0 0
263.8 -863.8 2352.8 0 0 0 0 0 0 0 0 0
128.2 78.9 2674.1  0.9952499866 0.0560379662 0.0796067864 -0.0595416799 0.9973274469 0.0423413180 -0.0770213082 -0.0468801148 0.9959266782
117.2 -117.3 2683.3 0.9952499866 0.0560379662 0.0796067864 -0.0595416799 0.9973274469 0.0423413180 -0.0770213082 -0.0468801148 0.9959266782
105.8 -310.8 2693.3 0.9950960875 0.0583684817 0.0798552185 -0.0622237846 0.9969703555 0.0466719493 -0.0768891200 -0.0514119677 0.9957132339
-18.8 -108.8 2693.9 0.4152374268 -0.9024000764 -0.1151174977 0.9061203003 0.4215079546 -0.0357352756 0.0807704553 -0.0894716829 0.9927089214
-130.5 -352.7 2672.1 0.1557022631 -0.9024000764 -0.4017847180 0.5125788450 0.4215079546 -0.7480601668 0.8444049954 -0.0894716829 0.5281808972
253.1 -125.8 2672.8 0.1077900976 0.0902147368 0.9900720119 -0.9206995368 0.3847914934 0.0651754886 -0.3750914931 -0.9185841084 0.1245373785
280.7 -361.3 2576.9 -0.6872336268 0.0902147368 0.7208129168 -0.6435080767 0.3847914934 -0.6616894007 -0.3370567858 -0.9185841084 -0.2063877285
3.6 -499.4 2711.6 0.9949105382 0.0417392999 -0.0917108431 -0.0914309323 -0.0085705174 -0.9957745671 -0.0423489399 0.9990918040 -0.0047106352
-12.0 -496.1 2338.1 0.9949105382 0.0915719718 0.0420431010 -0.0914309323 0.9957974553 -0.0052693565 -0.0423489399 0.0013984982 0.9991018772
181.9 -511.1 2699.3 0.9726042747 -0.2322456092 0.0101429764 -0.0020978733 -0.0523989275 -0.9986240268 0.2324575186 0.9712447524 -0.0514506437
268.4 -491.6 2337.9 0.9726042747 0.0138773043 -0.2320524156 -0.0020978733 0.9986999035 0.0509318672 0.2324575186 -0.0490497351 0.9713689685
-171.7 -488.2 2448.9 0 0 0 0 0 0 0 0 0
97.6 -532.8 2487.0 0 0 0 0 0 0 0 0 0
-46.2 -867.8 2337.6 0 0 0 0 0 0 0 0 0
263.2 -864.4 2356.2 0 0 0 0 0 0 0 0 0
126.9 77.5 2664.5  0.9959261417 0.0501353033 0.0749507397 -0.0552019477 0.9962159395 0.0671304017 -0.0713015199 -0.0709943473 0.9949250817
117.0 -119.9 2678.6 0.9959261417 0.0501353033 0.0749507397 -0.0552019477 0.9962159395 0.0671304017 -0.0713015199 -0.0709943473 0.9949250817
106.5 -313.2 2692.3 0.9957174063 0.0541657209 0.0749193579 -0.0591884777 0.9960272908 0.0665310100 -0.0710180253 -0.0706804469 0.9949676991
-19.0 -111.9 2688.3 0.4108048081 -0.9038357735 -0.1196675152 0.9094091058 0.4155630171 -0.0168057643 0.0649190471 -0.1019228399 0.9926717877
-129.6 -356.6 2670.9 0.1494054496 -0.9038357735 -0.4009475112 0.5297248960 0.4155630171 -0.7393909097 0.8349069357 -0.1019228399 0.5408716798
253.0 -128.0 2668.9 0.1136735901 0.0928569883 0.9891692996 -0.9273704290 0.3671300709 0.0721079186 -0.3564580679 -0.9255231619 0.1278458238
282.1 -365.2 2577.7 -0.6827498078 0.0928569883 0.7247277498 -0.6531082988 0.3671300709 -0.6623179317 -0.3275702000 -0.9255231619 -0.1900123060
5.4 -498.7 2710.2 0.9941282272 0.0441347845 -0.0987984687 -0.0986344740 -0.0058833319 -0.9951063395 -0.0445000678 0.9990082383 -0.0014955752
-11.1 -496.5 2337.5 0.9941282272 0.0986068472 0.0445612557 -0.0986344740 0.9951224923 -0.0015836570 -0.0445000678 -0.0028209181 0.9990053773
183.6 -509.8 2696.4 0.9729110003 -0.2310993075 0.0061087376 -0.0050461404 -0.0476469062 -0.9988514781 0.2311249524 0.9717627764 -0.0475223586
269.4 -492.2 2335.8 0.9729110003 0.0172861014 -0.2305328548 -0.0050461404 0.9985508919 0.0535785072 0.2311249524 -0.0509638190 0.9715883732
-169.1 -496.7 2450.1 0 0 0 0 0 0 0 0 0
100.2 -539.3 2490.4 0 0 0 0 0 0 0 0 0
-47.9 -868.0 2338.5 0 0 0 0 0 0 0 0 0
262.9 -864.9 2354.8 0 0 0 0 0 0 0 0 0
126.0 77.5 2659.8  0.9974088669 0.0333463326 0.0637464523 -0.0385616943 0.9958516359 0.0824167728 -0.0607337095 -0.0846613869 0.9945571423
119.4 -119.2 2676.5 0.9974088669 0.0333463326 0.0637464523 -0.0385616943 0.9958516359 0.0824167728 -0.0607337095 -0.0846613869 0.9945571423
112.5 -312.5 2692.7 0.9973359108 0.0355152898 0.0637158528 -0.0406707898 0.9958405495 0.0815318450 -0.0605552047 -0.0839060098 0.9946320057
-16.8 -113.7 2684.8 0.3924030066 -0.9106763601 -0.1291836798 0.9180673957 0.3963845670 -0.0056171329 0.0563218072 -0.1163951457 0.9916047454
-122.4 -360.7 2669.6 0.1307817698 -0.9106763601 -0.3918733001 0.5438699722 0.3963845670 -0.7396517992 0.8289158940 -0.1163951457 0.5471293926
255.7 -124.7 2668.2 0.1351983398 0.0949093923 0.9862624407 -0.9297407269 0.3562325537 0.0931695029 -0.3424961269 -0.9295647144 0.1364031732
290.3 -362.6 2580.6 -0.6666482687 0.0949093923 0.7393052578 -0.6707347035 0.3562325537 -0.6505485177 -0.3251077533 -0.9295647144 -0.1738227755
6.8 -501.2 2712.4 0.9943766594 0.0488402881 -0.0939664617 -0.0935448557 -0.0108525371 -0.9955559373 -0.0496430136 0.9987476468 -0.0062227515
-11.6 -497.2 2336.4 0.9943766594 0.0932023674 0.0502830707 -0.0935448557 0.9956049323 0.0044962205 -0.0496430136 -0.0091746589 0.9987248778
185.2 -511.8 2699.7 0.9744742513 -0.2243313193 0.0086861746 -0.0032657031 -0.0528518818 -0.9985970259 0.2244756669 0.9730786681 -0.0522353947
268.9 -492.1 2336.6 0.9744742513 0.0142362053 -0.2240475863 -0.0032657031 0.9987806678 0.0492596403 0.2244756669 -0.0472705737 0.9733325243
-157.0 -504.5 2450.5 0 0 0 0 0 0 0 0 0
112.6 -541.3 2493.9 0 0 0 0 0 0 0 0 0
-46.4 -868.8 2339.8 0 0 0 0 0 0 0 0 0
263.6 -865.0 2354.3 0 0 0 0 0 0 0 0 0
127.6 77.7 2666.9  0.9975462556 0.0297374967 0.0633809790 -0.0335686691 0.9976177812 0.0602648370 -0.0614378713 -0.0622445755 0.9961681366
121.7 -119.3 2679.2 0.9975462556 0.0297374967 0.0633809790 -0.0335686691 0.9976177812 0.0602648370 -0.0614378713 -0.0622445755 0.9961681366
116.1 -312.9 2692.5 0.9975590706 0.0288741756 0.0635779798 -0.0331321321 0.9972047806 0.0669696108 -0.0614665709 -0.0689126179 0.9957273006
-14.6 -114.8 2687.6 0.3863269687 -0.9133331180 -0.1287404001 0.9197003841 0.3920370936 -0.0214026868 0.0700187907 -0.1101341620 0.9914473295
-118.6 -362.3 2668.7 0.1275079697 -0.9133331180 -0.3867354989 0.5321852565 0.3920370936 -0.7503904104 0.8369710445 -0.1101341620 0.5360502601
258.0 -123.8 2670.7 0.1412238181 0.0921661779 0.9856780767 -0.9235609770 0.3708090782 0.0976513103 -0.3564982116 -0.9241244793 0.1374881566
294.1 -360.1 2579.5 -0.6623162031 0.0921661779 0.7435339093 -0.6701753736 0.3708090782 -0.6429351568 -0.3349659741 -0.9241244793 -0.1838253438
16.3 -502.1 2714.5 0.9928902388 0.0764770061 -0.0912156776 -0.0904840678 -0.0129847098 -0.9958132505 -0.0773412213 0.9969868064 -0.0059724404
-12.7 -497.1 2336.6 0.9928902388 0.0897844434 0.0781523213 -0.0904840678 0.9958829880 0.0054502622 -0.0773412213 -0.0124830520 0.9969265461
194.9 -509.3 2703.6 0.9807332158 -0.1951243579 0.0094231106 -0.0003548767 -0.0500160791 -0.9987483621 0.1953514367 0.9795023799 -0.0491216779
267.8 -490.7 2338.0 0.9807332158 0.0094781686 -0.1951216906 -0.0003548767 0.9989070892 0.0467388853 0.1953514367 -0.0457691364 0.9796647429
-152.3 -503.0 2447.5 0 0 0 0 0 0 0 0 0
117.6 -538.7 2490.3 0 0 0 0 0 0 0 0 0
-46.2 -868.9 2341.2 0 0 0 0 0 0 0 0 0
264.2 -863.5 2355.1 0 0 0 0 0 0 0 0 0
128.4 76.1 2671.4  0.9977385998 0.0263022296 0.0618534721 -0.0290382951 0.9986199737 0.0437598079 -0.0606171302 -0.0454569682 0.9971255064
123.2 -120.5 2680.4 0.9977385998 0.0263022296 0.0618534721 -0.0290382951 0.9986199737 0.0437598079 -0.0606171302 -0.0454569682 0.9971255064
118.0 -314.2 2691.0 0.9977117181 0.0267215315 0.0621068180 -0.0300505292 0.9981262684 0.0533001721 -0.0605661832 -0.0550445504 0.9966452718
-13.1 -116.4 2688.7 0.3841632903 -0.9140661359 -0.1300063729 0.9195011258 0.3914871216 -0.0354332514 0.0832841620 -0.1059288532 0.9908798337
-116.5 -363.8 2666.2 0.1252002567 -0.9140661359 -0.3857564032 0.5208135843 0.3914871216 -0.7586112618 0.8444395065 -0.1059288532 0.5250723362
259.5 -124.5 2672.1 0.1437742263 0.0925567746 0.9852726460 -0.9182122946 0.3837901950 0.0979351997 -0.3690734208 -0.9187700152 0.1401659101
296.3 -359.4 2577.7 -0.6603617668 0.0925567746 0.7452218533 -0.6669433713 0.3837901950 -0.6386639476 -0.3451215029 -0.9187700152 -0.1917102486
21.1 -503.4 2711.4 0.9918113947 0.0906719863 -0.0899373367 -0.0884726122 -0.0200542286 -0.9958767295 -0.0921017379 0.9956789017 -0.0118680261
-12.9 -495.9 2337.6 0.9918113947 0.0883942842 0.0921769142 -0.0884726122 0.9960733056 -0.0032442943 -0.0921017379 -0.0049374038 0.9957373738
199.8 -509.4 2700.4 0.9834796786 -0.1801648140 0.0175616257 0.0088227196 -0.0491922610 -0.9987503886 0.1808035672 0.9824056029 -0.0467900448
266.4 -491.2 2337.1 0.9834796786 0.0009597642 -0.1810161620 0.0088227196 0.9985433221 0.0532291196 0.1808035672 -0.0539468117 0.9820386171
-149.6 -501.5 2443.0 0 0 0 0 0 0 0 0 0
120.3 -537.1 2485.7 0 0 0 0 0 0 0 0 0
-45.9 -867.7 2339.4 0 0 0 0 0 0 0 0 0
266.1 -863.9 2357.2 0 0 0 0 0 0 0 0 0
125.6 76.0 2674.7  0.9994099736 0.0078168213 0.0334458202 -0.0089964280 0.9993374944 0.0352653302 -0.0331479982 -0.0355454162 0.9988181591
124.1 -121.0 2681.7 0.9994099736 0.0078168213 0.0334458202 -0.0089964280 0.9993374944 0.0352653302 -0.0331479982 -0.0355454162 0.9988181591
122.5 -314.8 2690.2 0.9994031787 0.0083760833 0.0335122757 -0.0098302858 0.9990065098 0.0434663631 -0.0331149027 -0.0437698588 0.9984926581
-12.4 -119.6 2686.2 0.3633579314 -0.9183997512 -0.1565661430 0.9258705378 0.3746574819 -0.0489436239 0.1036084890 -0.1271759272 0.9864540100
-110.2 -368.8 2658.4 0.0914717913 -0.9183997512 -0.3849348724 0.5137827396 0.3746574819 -0.7717894912 0.8530300260 -0.1271759272 0.5061285496
260.6 -122.3 2677.2 0.1721338183 0.1102211848 0.9788877368 -0.9110766649 0.3956803083 0.1156565100 -0.3745788336 -0.9117501974 0.1685299128
304.7 -355.3 2581.3 -0.6371945739 0.1102211848 0.7627806664 -0.6758870482 0.3956803083 -0.6217827797 -0.3703509569 -0.9117501974 -0.1776282787
23.4 -505.2 2707.1 0.9915055633 0.1060353816 -0.0753205419 -0.0733788535 -0.0221010521 -0.9970592260 -0.1073882133 0.9941167235 -0.0141325621
-16.3 -496.9 2334.3 0.9915055633 0.0714372545 0.1086894870 -0.0733788535 0.9972063303 0.0139651112 -0.1073882133 -0.0218219943 0.9939776659
202.2 -510.6 2696.3 0.9841510057 -0.1769013107 0.0123602962 0.0027266785 -0.0545973927 -0.9985046983 0.1773116440 0.9827131033 -0.0532497242
267.1 -490.5 2335.9 0.9841510057 0.0075334241 -0.1771725118 0.0027266785 0.9983362556 0.0575955808 0.1773116440 -0.0571658388 0.9824931026
-134.4 -504.6 2432.8 0 0 0 0 0 0 0 0 0
134.9 -535.4 2482.6 0 0 0 0 0 0 0 0 0
-43.0 -869.0 2342.4 0 0 0 0 0 0 0 0 0
264.3 -863.2 2357.2 0 0 0 0 0 0 0 0 0
125.0 77.7 2675.3  0.9989109039 0.0060008867 0.0462706722 -0.0078266775 0.9991936684 0.0393792726 -0.0459970534 -0.0396985300 0.9981524348
123.8 -118.9 2683.1 0.9989109039 0.0060008867 0.0462706722 -0.0078266775 0.9991936684 0.0393792726 -0.0459970534 -0.0396985300 0.9981524348
122.8 -312.7 2692.1 0.9989138842 0.0051814648 0.0463061593 -0.0073009650 0.9989275932 0.0457201935 -0.0460196026 -0.0460086167 0.9978804588
-12.7 -117.9 2689.4 0.3622304797 -0.9209497571 -0.1436682940 0.9270358086 0.3719890416 -0.0472101010 0.0969211608 -0.1160847098 0.9884991646
-110.2 -367.4 2663.4 0.1011425257 -0.9209497571 -0.3763265908 0.5158690810 0.3719890416 -0.7716885805 0.8506758213 -0.1160847098 0.5127133727
260.3 -119.8 2676.8 0.1696718931 0.0973812342 0.9806774855 -0.9114363194 0.3939863145 0.1185693070 -0.3748270869 -0.9139429331 0.1556051970
303.7 -353.0 2580.9 -0.6401500106 0.0973812342 0.7620530725 -0.6783452630 0.3939863145 -0.6201794147 -0.3606323004 -0.9139429331 -0.1861522347
31.4 -507.8 2701.7 0.9888407588 0.1316695064 -0.0696930662 -0.0666618720 -0.0272959732 -0.9974021912 -0.1332297921 0.9909178019 -0.0182140358
-17.8 -497.6 2331.3 0.9888407588 0.0625126287 0.1352263093 -0.0666618720 0.9974270463 0.0263719801 -0.1332297921 -0.0350921266 0.9904637337
210.4 -509.6 2695.8 0.9878730178 -0.1548121870 0.0118359942 0.0036530844 -0.0530350618 -0.9985859394 0.1552210003 0.9865193963 -0.0518263653
266.7 -490.3 2336.8 0.9878730178 0.0043655979 -0.1552025974 0.0036530844 0.9986743927 0.0513431802 0.1552210003 -0.0512875095 0.9865475297
-136.9 -503.7 2438.5 0 0 0 0 0 0 0 0 0
133.1 -533.7 2484.9 0 0 0 0 0 0 0 0 0
-41.2 -869.8 2344.4 0 0 0 0 0 0 0 0 0
265.1 -863.1 2355.9 0 0 0 0 0 0 0 0 0
124.5 78.1 2665.6  0.9989404082 0.0042954404 0.0458219610 -0.0075937803 0.9973719120 0.0720523894 -0.0453920439 -0.0723240077 0.9963477254
123.7 -118.9 2679.9 0.9989404082 0.0042954404 0.0458219610 -0.0075937803 0.9973719120 0.0720523894 -0.0453920439 -0.0723240077 0.9963477254
123.5 -312.4 2694.5 0.9989487529 0.0010237023 0.0458301082 -0.0044676415 0.9971655011 0.0751066059 -0.0456233136 -0.0752324015 0.9961217642
-12.8 -118.3 2686.2 0.3583289981 -0.9224617481 -0.1437519938 0.9309825301 0.3645766973 -0.0188521314 0.0697989911 -0.1270753145 0.9894341826
-109.2 -368.9 2667.4 0.0987449735 -0.9224617481 -0.3732475340 0.5409697890 0.3645766973 -0.7579152584 0.8352252245 -0.1270753145 0.5350240469
260.2 -119.5 2673.7 0.1735829115 0.0959961563 0.9801294208 -0.9213011265 0.3674657345 0.1271738559 -0.3479557633 -0.9250695705 0.1522271335
304.6 -355.2 2584.7 -0.6372091770 0.0959961563 0.7646889687 -0.6912830472 0.3674657345 -0.6221709251 -0.3407230079 -0.9250695705 -0.1677920222
32.3 -505.9 2705.1 0.9885208011 0.1378425360 -0.0618550219 -0.0596660860 -0.0199598055 -0.9980188012 -0.1388040632 0.9902530313 -0.0115061598
-19.9 -498.4 2329.9 0.9885208011 0.0547024757 0.1408341080 -0.0596660860 0.9977287054 0.0312632769 -0.1388040632 -0.0393074192 0.9895394444
211.3 -507.3 2696.9 0.9889447093 -0.1466087103 0.0222325772 0.0151398694 -0.0493182056 -0.9986683726 0.1475099474 0.9879643917 -0.0465533435
264.7 -489.3 2337.0 0.9889447093 -0.0080721993 -0.1480649859 0.0151398694 0.9987956882 0.0466688015 0.1475099474 -0.0483945496 0.9878758788
-135.3 -511.9 2446.6 0 0 0 0 0 0 0 0 0
134.8 -539.4 2493.9 0 0 0 0 0 0 0 0 0
-40.3 -870.8 2344.5 0 0 0 0 0 0 0 0 0
267.7 -862.1 2355.1 0 0 0 0 0 0 0 0 0
123.9 78.5 2660.8  0.9991075397 0.0021498746 0.0421842001 -0.0058953548 0.9960260987 0.0888664946 -0.0418255143 -0.0890358761 0.9951498508
123.4 -118.3 2678.4 0.9991075397 0.0021498746 0.0421842001 -0.0058953548 0.9960260987 0.0888664946 -0.0418255143 -0.0890358761 0.9951498508
123.4 -311.6 2695.9 0.9991098046 -0.0001438843 0.0421853662 -0.0036576316 0.9959329367 0.0900235102 -0.0420267470 -0.0900976658 0.9950457811
-13.1 -117.8 2684.2 0.3567391336 -0.9225283861 -0.1472364068 0.9324533939 0.3612645268 -0.0043071881 0.0571647957 -0.1357545555 0.9890919328
-109.1 -368.7 2668.8 0.0950007886 -0.9225283861 -0.3740537465 0.5535135269 0.3612645268 -0.7504070401 0.8274041414 -0.1357545555 0.5449523330
259.9 -118.8 2672.6 0.1761424392 0.0987508669 0.9793988466 -0.9261283875 0.3537703753 0.1308919042 -0.3335566223 -0.9301047325 0.1537699550
305.0 -355.7 2587.3 -0.6350003481 0.0987508669 0.7661741376 -0.6972376704 0.3537703753 -0.6234630346 -0.3326172233 -0.9301047325 -0.1557914764
33.8 -505.5 2713.2 0.9881377220 0.1457207352 -0.0484690852 -0.0465422422 -0.0166052207 -0.9987782836 -0.1463475525 0.9891864061 -0.0096260766
-22.8 -499.0 2329.0 0.9881377220 0.0414472558 0.1478712708 -0.0465422422 0.9984301329 0.0311619509 -0.1463475525 -0.0376745574 0.9885155559
212.8 -506.3 2705.0 0.9904627204 -0.1350595504 0.0272487793 0.0206084009 -0.0503230430 -0.9985203743 0.1362309605 0.9895587564 -0.0470597371
262.6 -487.7 2339.6 0.9904627204 -0.0168792494 -0.1367430836 0.0206084009 0.9994520545 0.0259015150 0.1362309605 -0.0284725409 0.9902678728
-134.2 -515.1 2450.0 0 0 0 0 0 0 0 0 0
135.8 -541.5 2498.7 0 0 0 0 0 0 0 0 0
-38.3 -871.7 2343.0 0 0 0 0 0 0 0 0 0
268.9 -860.7 2350.2 0 0 0 0 0 0 0 0 0
125.2 77.5 2657.9  0.9991321564 -0.0029688752 0.0415462442 -0.0010237490 0.9954047799 0.0957509726 -0.0416396037 -0.0957104117 0.9945378900
125.8 -120.2 2676.9 0.9991321564 -0.0029688752 0.0415462442 -0.0010237490 0.9954047799 0.0957509726 -0.0416396037 -0.0957104117 0.9945378900
126.9 -313.4 2695.0 0.9991205335 -0.0055944864 0.0415560491 0.0016871575 0.9956204891 0.0934716389 -0.0418969803 -0.0933193192 0.9947543144
-10.7 -120.5 2682.6 0.3516113758 -0.9244776964 -0.1473446637 0.9345763326 0.3557575345 -0.0019154844 0.0541897938 -0.1370313168 0.9890833497
-105.3 -372.0 2668.1 0.0918511003 -0.9244776964 -0.3700059354 0.5566997528 0.3557575345 -0.7506810427 0.8256202340 -0.1370313168 0.5473331809
262.3 -120.0 2671.2 0.1812649369 0.0969349965 0.9786453247 -0.9262223244 0.3512964249 0.1367591619 -0.3305378258 -0.9312327504 0.1534610838
308.7 -356.9 2586.6 -0.6311212182 0.0969349965 0.7696035504 -0.7017827034 0.3512964249 -0.6197514534 -0.3304345608 -0.9312327504 -0.1536833197
34.0 -504.5 2717.1 0.9882044196 0.1451000273 -0.0489695817 -0.0475779511 -0.0130476393 -0.9987823367 -0.1455622762 0.9893309474 -0.0059901727
-22.8 -499.4 2329.9 0.9882044196 0.0427167229 0.1470623016 -0.0475779511 0.9984259605 0.0296966303 -0.1455622762 -0.0363432653 0.9886813164
213.0 -505.2 2709.6 0.9915615916 -0.1254256815 0.0327720791 0.0265632886 -0.0508584268 -0.9983525276 0.1268857867 0.9907985926 -0.0470975414
259.7 -486.2 2340.8 0.9915615916 -0.0235791113 -0.1274740696 0.0265632886 0.9994102716 0.0217607543 0.1268857867 -0.0249632578 0.9916031361
-129.6 -519.2 2449.8 0 0 0 0 0 0 0 0 0
140.5 -543.9 2498.6 0 0 0 0 0 0 0 0 0
-38.8 -872.1 2343.5 0 0 0 0 0 0 0 0 0
268.5 -859.3 2350.1 0 0 0 0 0 0 0 0 0
125.5 77.7 2665.9  0.9993929863 -0.0060624438 0.0343054757 0.0039755208 0.9981555343 0.0605779178 -0.0346094519 -0.0604047626 0.9975737929
126.7 -120.3 2677.9 0.9993929863 -0.0060624438 0.0343054757 0.0039755208 0.9981555343 0.0605779178 -0.0346094519 -0.0604047626 0.9975737929
128.9 -314.0 2690.2 0.9993473887 -0.0113944132 0.0342775360 0.0091907661 0.9979221225 0.0637726411 -0.0349329636 -0.0634159893 0.9973756075
-9.8 -121.6 2682.7 0.3452003896 -0.9258145690 -0.1539612561 0.9347032905 0.3539325893 -0.0325795598 0.0846545398 -0.1326616257 0.9875396490
-102.7 -373.2 2659.9 0.0827151611 -0.9258145690 -0.3688164651 0.5321827531 0.3539325893 -0.7690989375 0.8425791860 -0.1326616257 0.5219781399
263.2 -119.1 2673.1 0.1894527972 0.1009106189 0.9766906500 -0.9147123694 0.3797408938 0.1381961852 -0.3569439054 -0.9195726514 0.1642471701
311.7 -353.1 2581.8 -0.6243475080 0.1009106189 0.7746013403 -0.6954591274 0.3797408938 -0.6100274324 -0.3557060361 -0.9195726514 -0.1669110656
38.4 -506.8 2716.9 0.9859250188 0.1595159024 -0.0500647537 -0.0478316657 -0.0178105086 -0.9986966252 -0.1601996720 0.9870346785 -0.0099299150
-24.3 -499.8 2328.5 0.9859250188 0.0409660935 0.1620912701 -0.0478316657 0.9981061220 0.0386814661 -0.1601996720 -0.0458901227 0.9860173464
217.5 -506.5 2709.4 0.9928988218 -0.1151109561 0.0300229229 0.0237316173 -0.0556406528 -0.9981687665 0.1165706590 0.9917930961 -0.0525137670
260.1 -485.9 2341.7 0.9928988218 -0.0210709777 -0.1170808375 0.0237316173 0.9994897842 0.0213772580 0.1165706590 -0.0240039732 0.9928922653
-124.6 -513.9 2437.2 0 0 0 0 0 0 0 0 0
145.3 -538.4 2487.0 0 0 0 0 0 0 0 0 0
-39.6 -872.4 2345.6 0 0 0 0 0 0 0 0 0
268.0 -859.0 2350.7 0 0 0 0 0 0 0 0 0
126.5 75.6 2669.4  0.9995287061 0.0056020706 0.0301824268 -0.0072066197 0.9985516071 0.0533180051 -0.0298400186 -0.0535103902 0.9981213212
125.4 -121.4 2680.0 0.9995287061 0.0056020706 0.0301824268 -0.0072066197 0.9985516071 0.0533180051 -0.0298400186 -0.0535103902 0.9981213212
124.9 -315.1 2691.4 0.9995403886 0.0025971152 0.0302041285 -0.0043646884 0.9982718229 0.0586030856 -0.0299997311 -0.0587079823 0.9978243113
-11.2 -120.8 2684.1 0.3575537205 -0.9202082157 -0.1592863798 0.9294677973 0.3672288358 -0.0351085924 0.0908017680 -0.1354983598 0.9866079688
-107.4 -371.0 2659.7 0.0858232081 -0.9202082157 -0.3819046915 0.5270271897 0.3672288358 -0.7664106488 0.8455038071 -0.1354983598 0.5164915323
261.9 -122.0 2675.9 0.1786663234 0.1106621325 0.9776667356 -0.9155375361 0.3826418817 0.1240011081 -0.3603740036 -0.9172453880 0.1696805507
307.6 -356.2 2583.7 -0.6320489645 0.1106621325 0.7669863105 -0.6851415038 0.3826418817 -0.6198114753 -0.3620707393 -0.9172453880 -0.1660291702
41.6 -508.4 2705.6 0.9837892056 0.1723512411 -0.0495364256 -0.0467299558 -0.0203053951 -0.9987011552 -0.1731332541 0.9848262668 -0.0119222617
-24.1 -500.7 2330.2 0.9837892056 0.0413970575 0.1744852215 -0.0467299558 0.9985542297 0.0265650935 -0.1731332541 -0.0342881382 0.9843013883
220.7 -506.8 2699.4 0.9938533306 -0.1012747437 0.0447101109 0.0388646610 -0.0589750223 -0.9975026250 0.1036586016 0.9931089282 -0.0546765104
257.1 -485.6 2342.3 0.9938533306 -0.0372157544 -0.1042619571 0.0388646610 0.9991487861 0.0138276350 0.1036586016 -0.0177947469 0.9944537282
-130.1 -510.3 2436.2 0 0 0 0 0 0 0 0 0
139.2 -538.7 2487.2 0 0 0 0 0 0 0 0 0
-39.6 -873.4 2343.0 0 0 0 0 0 0 0 0 0
271.0 -858.5 2348.9 0 0 0 0 0 0 0 0 0
123.9 76.7 2671.7  0.9991677403 -0.0067631858 0.0402260609 0.0048933420 0.9989109039 0.0464015342 -0.0404960699 -0.0461660735 0.9981126189
125.3 -120.2 2680.8 0.9991677403 -0.0067631858 0.0402260609 0.0048933420 0.9989109039 0.0464015342 -0.0404960699 -0.0461660735 0.9981126189
126.9 -314.0 2690.7 0.9991553426 -0.0085733682 0.0401888937 0.0065080510 0.9986650348 0.0512422398 -0.0405745618 -0.0509374030 0.9978772998
-11.2 -121.1 2686.4 0.3486596048 -0.9254248142 -0.1484095603 0.9324956536 0.3584427536 -0.0443924516 0.0942782089 -0.1229134127 0.9879291058
-105.1 -372.0 2661.0 0.0892338976 -0.9254248142 -0.3682746589 0.5213900805 0.3584427536 -0.7743843794 0.8486399055 -0.1229134127 0.5144925714
261.8 -119.3 2675.2 0.1844874173 0.0968566611 0.9780507088 -0.9107835889 0.3908443749 0.1330935359 -0.3693746328 -0.9153466225 0.1603213251
309.0 -352.3 2580.8 -0.6285888553 0.0968566611 0.7716831565 -0.6890257001 0.3908443749 -0.6103149056 -0.3607210815 -0.9153466225 -0.1789436936
34.8 -508.4 2705.5 0.9862754941 0.1575238854 -0.0494658127 -0.0473727398 -0.0170166958 -0.9987323284 -0.1581659466 0.9873685241 -0.0093208123
-25.1 -502.0 2330.2 0.9862754941 0.0419940352 0.1596782506 -0.0473727398 0.9984258413 0.0300268792 -0.1581659466 -0.0371791720 0.9867123365
213.9 -509.2 2700.1 0.9918214679 -0.1190177351 0.0460971445 0.0384970792 -0.0653854534 -0.9971172214 0.1216887161 0.9907368422 -0.0602688640
257.0 -485.6 2341.5 0.9918214679 -0.0375071168 -0.1219974756 0.0384970792 0.9992420673 0.0057668211 0.1216887161 -0.0104162032 0.9925136566
-128.7 -509.9 2436.6 0 0 0 0 0 0 0 0 0
141.5 -535.9 2484.6 0 0 0 0 0 0 0 0 0
-40.7 -874.7 2344.1 0 0 0 0 0 0 0 0 0
271.0 -858.6 2345.4 0 0 0 0 0 0 0 0 0
126.2 76.7 2672.8  0.9995428324 -0.0057674837 0.0296800099 0.0043989075 0.9989330769 0.0459714718 -0.0299134832 -0.0458198935 0.9985017180
127.4 -120.4 2681.9 0.9995428324 -0.0057674837 0.0296800099 0.0043989075 0.9989330769 0.0459714718 -0.0299134832 -0.0458198935 0.9985017180
129.0 -314.2 2691.8 0.9995262027 -0.0082913488 0.0296414662 0.0067583900 0.9986528158 0.0514478907 -0.0300281066 -0.0512231849 0.9982357025
-9.2 -121.4 2686.0 0.3474059999 -0.9241678715 -0.1588169634 0.9326041341 0.3581794798 -0.0442374945 0.0977678448 -0.1327449828 0.9863165021
-102.7 -372.3 2659.7 0.0801383033 -0.9241678715 -0.3734857738 0.5215791464 0.3581794798 -0.7743788958 0.8494309783 -0.1327449828 0.5107306242
263.9 -119.5 2677.8 0.1886092126 0.1064120308 0.9762699604 -0.9108081460 0.3906902969 0.1333777308 -0.3672262132 -0.9143509269 0.1706087291
312.2 -352.5 2583.8 -0.6245698929 0.1064120308 0.7736852765 -0.6892586946 0.3906902969 -0.6101503968 -0.3671986759 -0.9143509269 -0.1706679761
39.1 -508.4 2704.2 0.9847815633 0.1667412668 -0.0490159765 -0.0467813425 -0.0173056051 -0.9987552166 -0.1673819572 0.9858487844 -0.0092418613
-24.1 -501.8 2330.9 0.9847815633 0.0425328575 0.1685116291 -0.0467813425 0.9986776114 0.0213207416 -0.1673819572 -0.0288794730 0.9854690433
218.1 -507.2 2696.9 0.9929412007 -0.1085269377 0.0478508919 0.0418423824 -0.0569825694 -0.9974979758 0.1109820679 0.9924589992 -0.0520393141
256.9 -486.8 2342.0 0.9929412007 -0.0415616967 -0.1110874861 0.0418423824 0.9991242290 0.0001955725 0.1109820679 -0.0048423572 0.9938105941
-123.9 -510.2 2435.1 0 0 0 0 0 0 0 0 0
145.8 -536.1 2486.0 0 0 0 0 0 0 0 0 0
-39.9 -874.6 2341.7 0 0 0 0 0 0 0 0 0
272.4 -859.8 2343.8 0 0 0 0 0 0 0 0 0
129.2 76.7 2673.4  0.9997318983 -0.0168035291 0.0159292743 0.0160494000 0.9987966418 0.0463430695 -0.0166888312 -0.0460749902 0.9987985492
132.5 -120.2 2682.5 0.9997318983 -0.0168035291 0.0159292743 0.0160494000 0.9987966418 0.0463430695 -0.0166888312 -0.0460749902 0.9987985492
136.5 -314.0 2692.3 0.9996607304 -0.0206709113 0.0158469416 0.0198430177 0.9985151887 0.0507311933 -0.0168720726 -0.0503995307 0.9985865951
-4.1 -122.9 2684.8 0.3338709474 -0.9269468188 -0.1711717248 0.9369529486 0.3462268114 -0.0473937988 0.1031957716 -0.1445564330 0.9841006398
-94.0 -375.1 2657.0 0.0621450059 -0.9269468188 -0.3700102270 0.5216453671 0.3462268114 -0.7797519565 0.8508960605 -0.1445564330 0.5050538182
269.0 -117.5 2680.2 0.2053080052 0.1133014411 0.9721169472 -0.9078626037 0.3930532634 0.1459268332 -0.3655600250 -0.9125086069 0.1835591197
