134.5 61.1 2641.2 14 0.9983324409 0.0105569065 0.0567526892 -0.0176448394 0.9918882847 0.1258820146 -0.0549634025 -0.1266735047 0.9904205203
132.4 -136.0 2666.4 0.9983324409 0.0105569065 0.0567526892 -0.0176448394 0.9918882847 0.1258820146 -0.0549634025 -0.1266735047 0.9904205203
131.1 -327.1 2691.2 0.9983417392 0.0095828874 0.0567616522 -0.0167273600 0.9917917252 0.1267650276 -0.0550809614 -0.1275042892 0.9903073907
-3.5 -132.4 2674.0 0.3677241802 -0.9202661514 -0.1337501705 0.9297738671 0.3665144444 0.0344634838 0.0173057895 -0.1370304674 0.9904156327
-102.4 -382.6 2669.4 0.1123783886 -0.9202661514 -0.3748083115 0.5830073357 0.3665144444 -0.7250997424 0.8046573997 -0.1370304674 0.5777102113
268.3 -139.6 2658.7 0.2469264716 0.9605947733 0.1276126206 -0.7898941636 0.2758100033 -0.5477189422 -0.5613327622 0.0344458297 0.8268730044
317.0 -295.5 2547.9 -0.2742621303 0.9605947733 0.0451437384 0.9606615305 0.2758100033 -0.0325309969 -0.0437001996 0.0344458297 -0.9984506965
39.5 -515.5 2721.1 0.9869588017 0.1287991852 -0.0965559632 -0.0855830833 -0.0881777778 -0.9924213886 -0.1363371611 0.9877426028 -0.0760048106
-9.6 -481.9 2344.4 0.9869588017 0.0904499143 0.1331581622 -0.0855830833 0.9954520464 -0.0418417454 -0.1363371611 0.0298999939 0.9902111888
218.4 -519.1 2710.8 0.9918884635 -0.1271110773 -0.0002461936 -0.0130363470 -0.0997997820 -0.9949221611 0.1264410615 0.9868549705 -0.1006473154
265.4 -482.2 2345.2 0.9918884635 0.0138282245 -0.1263568997 -0.0130363470 0.9998898506 0.0070918147 0.1264410615 -0.0053870566 0.9919595122
-132.1 -536.7 2456.6 0 0 0 0 0 0 0 0 0
243.2 -36.7 2536.1 0 0 0 0 0 0 0 0 0
-43.4 -853.4 2333.3 0 0 0 0 0 0 0 0 0
260.3 -855.4 2347.2 0 0 0 0 0 0 0 0 0
135.0 61.4 2639.6 15 0.9988112450 0.0135325175 0.0468295068 -0.0196623802 0.9909179211 0.1330228001 -0.0446040630 -0.1337854415 0.9900060296
132.3 -135.9 2666.2 0.9988112450 0.0135325175 0.0468295068 -0.0196623802 0.9909179211 0.1330228001 -0.0446040630 -0.1337854415 0.9900060296
130.5 -326.9 2692.2 0.9988315105 0.0119443405 0.0468284078 -0.0180827286 0.9909594655 0.1329373270 -0.0448172055 -0.1336287707 0.9900175333
-3.6 -132.1 2672.5 0.3685282767 -0.9184312820 -0.1437737495 0.9294922352 0.3665747941 0.0408308916 0.0152034629 -0.1486839205 0.9887679219
-102.8 -382.3 2668.4 0.1048196927 -0.9184312820 -0.3814404309 0.5879458189 0.3665747941 -0.7210704684 0.8020801544 -0.1486839205 0.5784120560
268.3 -139.7 2660.0 0.2517706454 0.9604908824 0.1186121330 -0.7936603427 0.2750502527 -0.5426330566 -0.5538184047 0.0424813367 0.8315530419
318.0 -296.4 2550.6 -0.2727711499 0.9604908824 0.0552557074 0.9606441855 0.2750502527 -0.0388594568 -0.0525222495 0.0424813367 -0.9977157712
39.7 -518.2 2720.9 0.9868665338 0.1316591352 -0.0935968310 -0.0810250416 -0.0978123844 -0.9919010401 -0.1397477537 0.9864575863 -0.0858600810
-10.4 -480.9 2345.3 0.9868665338 0.0857009962 0.1369300187 -0.0810250416 0.9959340096 -0.0393751152 -0.1397477537 0.0277632233 0.9897978306
218.6 -521.2 2711.0 0.9920210838 -0.1260668188 -0.0011290133 -0.0142788952 -0.1034540758 -0.9945317507 0.1252606511 0.9866126180 -0.1044287235
265.6 -482.7 2343.8 0.9920210838 0.0155490004 -0.1251093298 -0.0142788952 0.9998371005 0.0110423518 0.1252606511 -0.0091678230 0.9920815229
-130.5 -537.7 2456.3 0 0 0 0 0 0 0 0 0
244.5 -37.6 2536.5 0 0 0 0 0 0 0 0 0
-42.4 -852.7 2334.9 0 0 0 0 0 0 0 0 0
259.8 -855.9 2347.2 0 0 0 0 0 0 0 0 0
132.9 62.9 2640.3 16 0.9992607832 0.0039267205 0.0382421128 -0.0088090505 0.9916895628 0.1283519715 -0.0374203026 -0.1285939813 0.9909910560
132.1 -134.7 2665.9 0.9992607832 0.0039267205 0.0382421128 -0.0088090505 0.9916895628 0.1283519715 -0.0374203026 -0.1285939813 0.9909910560
132.0 -325.8 2690.6 0.9992651939 0.0026686552 0.0382361338 -0.0074915281 0.9919315577 0.1265530586 -0.0375899002 -0.1267465055 0.9912226200
-3.9 -132.3 2671.2 0.3587752879 -0.9210655093 -0.1513891071 0.9331080914 0.3581242263 0.0325007960 0.0242807474 -0.1529228836 0.9879397750
-100.5 -383.4 2664.6 0.0928865224 -0.9210655093 -0.3781672418 0.5834248662 0.3581242263 -0.7289461493 0.8068379760 -0.1529228836 0.5706374049
268.1 -137.0 2660.6 0.2639938295 0.9572598934 0.1181554422 -0.7871729136 0.2846197486 -0.5471292138 -0.5573742390 0.0514299721 0.8286669254
320.2 -292.4 2550.6 -0.2823015153 0.9572598934 0.0629229620 0.9581267834 0.2846197486 -0.0313785262 -0.0479465239 0.0514299721 -0.9975249767
38.7 -517.6 2722.2 0.9871653318 0.1195990890 -0.1058330610 -0.0943571702 -0.0978639349 -0.9907165766 -0.1288460344 0.9879872203 -0.0853228569
-7.1 -480.1 2343.8 0.9871653318 0.0988342091 0.1254447103 -0.0943571702 0.9946872592 -0.0411575697 -0.1288460344 0.0287927184 0.9912465215
217.7 -520.9 2714.2 0.9916397929 -0.1290317774 -0.0011260556 -0.0143542979 -0.1016353071 -0.9947181344 0.1282358170 0.9864183068 -0.1026377827
266.1 -482.8 2344.4 0.9916397929 0.0153784733 -0.1281170249 -0.0143542979 0.9998572469 0.0089136083 0.1282358170 -0.0070000589 0.9917190075
-125.1 -537.7 2451.3 0 0 0 0 0 0 0 0 0
244.2 -34.3 2537.7 0 0 0 0 0 0 0 0 0
-44.0 -851.4 2333.1 0 0 0 0 0 0 0 0 0
260.3 -856.0 2347.0 0 0 0 0 0 0 0 0 0
133.5 61.9 2638.1 17 0.9988198876 0.0024987028 0.0485030413 -0.0092004295 0.9903272986 0.1384457350 -0.0476879478 -0.1387286037 0.9891815782
133.0 -136.4 2665.9 0.9988198876 0.0024987028 0.0485030413 -0.0092004295 0.9903272986 0.1384457350 -0.0476879478 -0.1387286037 0.9891815782
132.9 -327.5 2691.1 0.9988185763 0.0034013025 0.0484758466 -0.0096524656 0.9915570617 0.1293113381 -0.0476267412 -0.1296264678 0.9904184341
-2.9 -133.7 2672.5 0.3608913720 -0.9218318462 -0.1413630098 0.9324345589 0.3595769107 0.0356399119 0.0179768633 -0.1446738839 0.9893160462
-100.0 -384.7 2667.7 0.1021915004 -0.9218318462 -0.3738756180 0.5855401158 0.3595769107 -0.7265309691 0.8041763902 -0.1446738839 0.5765152574
269.0 -139.0 2659.3 0.2567702532 0.9583041072 0.1253885478 -0.7893061638 0.2827981710 -0.5449963212 -0.5577318668 0.0409689061 0.8290094733
319.7 -294.8 2549.1 -0.2808285058 0.9583041072 0.0528072380 0.9585636854 0.2827981710 -0.0343633033 -0.0478642844 0.0409689061 -0.9980133176
42.0 -517.7 2718.6 0.9857607484 0.1314541101 -0.1048596948 -0.0923302621 -0.0980479866 -0.9908893704 -0.1405377537 0.9864615798 -0.0845146626
-8.0 -480.4 2343.6 0.9857607484 0.0975673869 0.1369538009 -0.0923302621 0.9947513342 -0.0441005789 -0.1405377537 0.0308276396 0.9895952940
221.0 -519.1 2711.8 0.9926290512 -0.1211412102 -0.0035194501 -0.0164054800 -0.1055399552 -0.9942797422 0.1200768054 0.9870086908 -0.1067494079
266.1 -479.8 2345.2 0.9926290512 0.0164187495 -0.1200749874 -0.0164054800 0.9998648167 0.0010991010 0.1200768054 0.0008788882 0.9927642345
-127.0 -539.5 2455.1 0 0 0 0 0 0 0 0 0
244.0 -36.6 2536.2 0 0 0 0 0 0 0 0 0
-44.4 -851.8 2332.1 0 0 0 0 0 0 0 0 0
259.9 -853.1 2344.8 0 0 0 0 0 0 0 0 0
135.5 60.0 2637.0 18 0.9981504083 0.0181958769 0.0580058284 -0.0265136100 0.9889258146 0.1460232288 -0.0547064394 -0.1472910792 0.9875791073
131.9 -137.2 2666.4 0.9981504083 0.0181958769 0.0580058284 -0.0265136100 0.9889258146 0.1460232288 -0.0547064394 -0.1472910792 0.9875791073
128.9 -328.0 2694.2 0.9981539845 0.0182719585 0.0579203106 -0.0263195820 0.9896049500 0.1413834840 -0.0547348745 -0.1426469237 0.9882590771
-4.0 -132.3 2674.0 0.3758629560 -0.9170241356 -0.1333934516 0.9266700149 0.3724316061 0.0507682376 0.0031242410 -0.1426936090 0.9897619486
-105.1 -381.7 2673.2 0.1175258756 -0.9170241356 -0.3811226189 0.5942298770 0.3724316061 -0.7128713131 0.7956622839 -0.1426936090 0.5886934996
267.7 -142.1 2658.8 0.2399633825 0.9629778266 0.1228466928 -0.8005158901 0.2678716183 -0.5361148715 -0.5491738915 0.0303072091 0.8351584077
315.1 -300.2 2550.4 -0.2658309042 0.9629778266 0.0448069796 0.9622491002 0.2678716183 -0.0481820032 -0.0584007166 0.0303072091 -0.9978330731
42.7 -519.1 2720.6 0.9856638908 0.1394312233 -0.0950032175 -0.0817586854 -0.0978351012 -0.9918385744 -0.1475879103 0.9853868484 -0.0850328133
-10.6 -481.7 2343.6 0.9856638908 0.0859488770 0.1451876909 -0.0817586854 0.9960514903 -0.0345960446 -0.1475879103 0.0222297180 0.9887990952
221.7 -520.8 2712.0 0.9931434393 -0.1168373302 0.0038845458 -0.0093321158 -0.1123605520 -0.9936236739 0.1165288016 0.9867746234 -0.1126804873
265.2 -479.0 2344.7 0.9931434393 0.0090412032 -0.1165517345 -0.0093321158 0.9999545813 -0.0019505328 0.1165288016 0.0030248333 0.9931827188
-136.2 -538.8 2462.8 0 0 0 0 0 0 0 0 0
243.5 -40.9 2534.7 0 0 0 0 0 0 0 0 0
-42.7 -853.4 2335.4 0 0 0 0 0 0 0 0 0
261.8 -852.3 2343.6 0 0 0 0 0 0 0 0 0
134.7 61.2 2637.0 19 0.9985798597 0.0153660467 0.0510114096 -0.0226371400 0.9891465902 0.1451776922 -0.0482269563 -0.1461262703 0.9880896807
131.6 -135.5 2666.1 0.9985798597 0.0153660467 0.0510114096 -0.0226371400 0.9891465902 0.1451776922 -0.0482269563 -0.1461262703 0.9880896807
129.4 -326.3 2693.7 0.9986032248 0.0139830932 0.0509514809 -0.0210605357 0.9897660613 0.1411367804 -0.0484565161 -0.1420127153 0.9886780977
-4.3 -131.3 2672.8 0.3709736168 -0.9180464149 -0.1398903877 0.9286241531 0.3677022159 0.0495198593 0.0059764720 -0.1482761502 0.9889279604
-104.1 -381.3 2671.2 0.1093948260 -0.9180464149 -0.3810820282 0.5943959355 0.3677022159 -0.7151842713 0.7966970801 -0.1482761502 0.5859078169
267.5 -139.7 2659.3 0.2476108223 0.9613505006 0.1203912124 -0.7989432216 0.2728951573 -0.5359271765 -0.5480680466 0.0365156196 0.8356363177
316.4 -297.5 2551.1 -0.2704975605 0.9613505006 0.0513441674 0.9608756900 0.2728951573 -0.0473931991 -0.0595730543 0.0365156196 -0.9975558519
35.9 -517.7 2726.8 0.9882230163 0.1222501248 -0.0920334086 -0.0814030096 -0.0892830491 -0.9926742315 -0.1295715719 0.9884753227 -0.0782800391
-11.3 -483.2 2344.9 0.9882230163 0.0862658322 0.1263861060 -0.0814030096 0.9957464337 -0.0431579128 -0.1295715719 0.0323614329 0.9910418391
214.7 -522.4 2717.0 0.9922512174 -0.1215836853 0.0255919248 0.0111686038 -0.1178602651 -0.9929673672 0.1237449050 0.9855589271 -0.1155890673
260.8 -477.8 2343.9 0.9922512174 -0.0110979732 -0.1237512603 0.0111686038 0.9999375939 -0.0001229863 0.1237449050 -0.0012600955 0.9923132658
-133.1 -538.4 2460.6 0 0 0 0 0 0 0 0 0
243.5 -38.6 2535.1 0 0 0 0 0 0 0 0 0
-43.5 -854.8 2332.8 0 0 0 0 0 0 0 0 0
264.9 -851.0 2344.3 0 0 0 0 0 0 0 0 0
134.7 61.6 2637.0 20 0.9986537099 0.0185543373 0.0484404527 -0.0254046600 0.9891234040 0.1448774189 -0.0452254824 -0.1459129900 0.9882631302
131.0 -135.6 2666.1 0.9986537099 0.0185543373 0.0484404527 -0.0254046600 0.9891234040 0.1448774189 -0.0452254824 -0.1459129900 0.9882631302
128.6 -326.3 2693.8 0.9987123609 0.0152554214 0.0483824648 -0.0219718516 0.9896967411 0.1414834857 -0.0457255803 -0.1423643529 0.9887576103
-4.9 -131.3 2672.4 0.3717863858 -0.9173095822 -0.1425412297 0.9282947183 0.3684633374 0.0500371903 0.0066216257 -0.1509234160 0.9885233045
-105.0 -381.1 2670.7 0.1077542976 -0.9173095822 -0.3833172619 0.5946140289 0.3684633374 -0.7146109939 0.7967578769 -0.1509234160 0.5851486921
266.9 -139.9 2659.7 0.2483891845 0.9614911079 0.1176335067 -0.7993814945 0.2720507085 -0.5357028842 -0.5470758677 0.0390287563 0.8361726999
316.0 -297.7 2551.7 -0.2694746256 0.9614911079 0.0540208109 0.9610932469 0.2720507085 -0.0478348508 -0.0606891848 0.0390287563 -0.9973933697
37.2 -516.5 2725.6 0.9875308275 0.1246987879 -0.0960889608 -0.0853829086 -0.0885415599 -0.9924062490 -0.1322597265 0.9882361293 -0.0767903700
-11.0 -482.3 2343.5 0.9875308275 0.0891224891 0.1297692508 -0.0853829086 0.9957640767 -0.0341122150 -0.1322597265 0.0226067882 0.9909572601
216.2 -520.3 2717.0 0.9927923083 -0.1174615175 0.0237959065 0.0105723199 -0.1119420826 -0.9936584830 0.1193803996 0.9867480993 -0.1098934039
260.3 -478.2 2345.8 0.9927923083 -0.0114879310 -0.1192957759 0.0105723199 0.9999096394 -0.0083051948 0.1193803996 0.0069841007 0.9928240180
-133.5 -538.3 2460.0 0 0 0 0 0 0 0 0 0
243.4 -38.8 2535.3 0 0 0 0 0 0 0 0 0
-44.2 -854.0 2335.0 0 0 0 0 0 0 0 0 0
264.6 -851.4 2343.2 0 0 0 0 0 0 0 0 0
135.3 61.7 2637.0 21 0.9995666742 0.0222904757 0.0192243401 -0.0246420354 0.9909011722 0.1323166341 -0.0161000192 -0.1327330321 0.9910210371
130.9 -136.2 2663.5 0.9995666742 0.0222904757 0.0192243401 -0.0246420354 0.9909011722 0.1323166341 -0.0161000192 -0.1327330321 0.9910210371
127.5 -327.3 2688.8 0.9996184707 0.0198911410 0.0191637743 -0.0222083908 0.9913345575 0.1294704676 -0.0164223965 -0.1298466623 0.9913980961
-5.2 -131.9 2665.9 0.3718305528 -0.9122817516 -0.1717090607 0.9278516769 0.3709894121 0.0381850339 0.0288667325 -0.1735189110 0.9844073653
-105.3 -381.6 2658.1 0.0843878761 -0.9122817516 -0.4007750452 0.5848439336 0.3709894121 -0.7213351727 0.8067442775 -0.1735189110 0.5648494363
266.9 -140.5 2661.1 0.2641222179 0.9600331187 0.0926057547 -0.7928997874 0.2707964778 -0.5458747149 -0.5491350889 0.0707505569 0.8327334523
319.1 -297.1 2552.7 -0.2671435177 0.9600331187 0.0834908485 0.9619705081 0.2707964778 -0.0358053781 -0.0569833778 0.0707505569 -0.9958651066
36.1 -516.5 2725.5 0.9884075522 0.1287710071 -0.0804274157 -0.0693961456 -0.0879795700 -0.9937020540 -0.1350359768 0.9877639413 -0.0780234635
-14.3 -482.0 2338.4 0.9884075522 0.0728556886 0.1332013160 -0.0693961456 0.9971246719 -0.0304391664 -0.1350359768 0.0208426435 0.9906214476
215.1 -520.4 2717.3 0.9920642972 -0.1240558699 0.0204600990 0.0067600780 -0.1098645553 -0.9939236045 0.1255498976 0.9861744046 -0.1081540734
261.7 -479.1 2346.5 0.9920642972 -0.0084507065 -0.1254474372 0.0067600780 0.9998806119 -0.0138963806 0.1255498976 0.0129380682 0.9920029640
-127.6 -536.2 2444.8 0 0 0 0 0 0 0 0 0
247.1 -37.9 2537.3 0 0 0 0 0 0 0 0 0
-41.5 -854.2 2330.6 0 0 0 0 0 0 0 0 0
264.9 -852.3 2341.7 0 0 0 0 0 0 0 0 0
132.9 58.6 2638.0 22 0.9997688532 0.0210857429 0.0041952529 -0.0214478448 0.9916729927 0.1269829422 -0.0014827892 -0.1270435750 0.9918960333
128.6 -139.8 2663.4 0.9997688532 0.0210857429 0.0041952529 -0.0214478448 0.9916729927 0.1269829422 -0.0014827892 -0.1270435750 0.9918960333
125.3 -330.9 2688.3 0.9997925162 0.0199304596 0.0042078332 -0.0203045178 0.9916189909 0.1275912672 -0.0016296149 -0.1276502311 0.9918178916
-7.4 -135.7 2663.8 0.3695966303 -0.9103108644 -0.1863663942 0.9284889698 0.3696146607 0.0359621979 0.0361469723 -0.1863306314 0.9818218946
-106.9 -385.6 2654.0 0.0712982491 -0.9103108644 -0.4077384770 0.5834417939 0.3696146607 -0.7231740355 0.8090192676 -0.1863306314 0.5574663281
264.7 -143.8 2663.0 0.2737467289 0.9583613276 0.0812794268 -0.7913417816 0.2724568248 -0.5473074913 -0.5466634631 0.0855038390 0.8329755068
318.8 -300.1 2555.1 -0.2680972219 0.9583613276 0.0983234942 0.9615767598 0.2724568248 -0.0337256342 -0.0591102503 0.0855038390 -0.9945828915
34.2 -517.7 2715.5 0.9885604978 0.1329455525 -0.0712295175 -0.0589969866 -0.0937890187 -0.9938425422 -0.1388074905 0.9866757989 -0.0848727375
-16.5 -481.9 2339.1 0.9885604978 0.0644791946 0.1363473386 -0.0589969866 0.9972934127 -0.0438775606 -0.1388074905 0.0353315398 0.9896889329
213.2 -521.7 2712.5 0.9912500978 -0.1303211749 0.0209670626 0.0060433587 -0.1138711199 -0.9934771657 0.1318586469 0.9849110246 -0.1120871827
261.9 -479.1 2344.5 0.9912500978 -0.0054484429 -0.1318845749 0.0060433587 0.9999732971 0.0041110399 0.1318586469 -0.0048720948 0.9912565351
-125.8 -539.8 2440.1 0 0 0 0 0 0 0 0 0
246.5 -41.0 2539.1 0 0 0 0 0 0 0 0 0
-40.6 -854.1 2325.9 0 0 0 0 0 0 0 0 0
263.9 -852.4 2346.3 0 0 0 0 0 0 0 0 0
133.6 59.0 2639.5 23 0.9997203946 0.0232381169 0.0043776273 -0.0236067474 0.9915513396 0.1275485456 -0.0013766543 -0.1276162267 0.9918226600
129.0 -139.1 2665.0 0.9997203946 0.0232381169 0.0043776273 -0.0236067474 0.9915513396 0.1275485456 -0.0013766543 -0.1276162267 0.9918226600
125.0 -330.2 2690.1 0.9997287393 0.0228695478 0.0044045681 -0.0232463069 0.9914101362 0.1287072003 -0.0014232580 -0.1287746876 0.9916728735
-7.1 -134.6 2665.3 0.3723190725 -0.9091864228 -0.1864364892 0.9274386168 0.3720776439 0.0376276262 0.0351583213 -0.1869178861 0.9817461967
-107.3 -384.2 2655.8 0.0728681758 -0.9091864228 -0.4099637568 0.5841501355 0.3720776439 -0.7213368416 0.8083680272 -0.1869178861 0.5582140088
265.0 -143.6 2664.6 0.2715167105 0.9591429830 0.0795196295 -0.7927650809 0.2697345912 -0.5465956330 -0.5457125902 0.0853694603 0.8336125016
318.6 -300.1 2556.9 -0.2652575374 0.9591429830 0.0984028578 0.9622930884 0.2697345912 -0.0351466984 -0.0602533631 0.0853694603 -0.9945257902
31.9 -521.5 2713.2 0.9891337156 0.1312512755 -0.0662384853 -0.0534503497 -0.0986699313 -0.9936836958 -0.1369580030 0.9864265323 -0.0905823335
-18.5 -483.7 2334.8 0.9891337156 0.0560055003 0.1359331459 -0.0534503497 0.9983197451 -0.0223775525 -0.1369580030 0.0148687176 0.9904652834
211.0 -525.2 2712.9 0.9905565381 -0.1351372004 0.0231456459 0.0067885574 -0.1202678159 -0.9927182794 0.1369368434 0.9835006595 -0.1182146817
261.9 -479.8 2342.0 0.9905565381 -0.0048492332 -0.1370192319 0.0067885574 0.9998832345 0.0136899231 0.1369368434 -0.0144908056 0.9904738069
-126.6 -538.7 2442.1 0 0 0 0 0 0 0 0 0
247.2 -40.9 2540.6 0 0 0 0 0 0 0 0 0
-39.4 -856.2 2329.2 0 0 0 0 0 0 0 0 0
263.7 -853.1 2347.4 0 0 0 0 0 0 0 0 0
134.1 61.1 2639.2 24 0.9996001720 0.0250722077 0.0130735096 -0.0266035553 0.9905691147 0.1344064772 -0.0095803477 -0.1347005367 0.9908400178
129.1 -137.4 2666.2 0.9996001720 0.0250722077 0.0130735096 -0.0266035553 0.9905691147 0.1344064772 -0.0095803477 -0.1347005367 0.9908400178
124.6 -328.4 2692.1 0.9995824099 0.0257921126 0.0130287204 -0.0272942614 0.9907854795 0.1326617748 -0.0094870394 -0.1329619884 0.9910757542
-6.9 -132.4 2667.7 0.3763109148 -0.9091846347 -0.1782508940 0.9260589480 0.3749989569 0.0423155949 0.0283712130 -0.1809946597 0.9830747843
-108.2 -381.6 2660.0 0.0818174705 -0.9091846347 -0.4082758725 0.5870857835 0.3749989569 -0.7174301744 0.8053795099 -0.1809946597 0.5644508600
265.1 -142.4 2664.8 0.2638639212 0.9608830810 0.0841397941 -0.7960373163 0.2661938667 -0.5435673594 -0.5447021723 0.0764494017 0.8351377249
317.2 -299.6 2557.2 -0.2618795931 0.9608830810 0.0901263729 0.9631085992 0.2661938667 -0.0395299420 -0.0619747378 0.0764494017 -0.9951454997
31.0 -520.6 2715.2 0.9894877672 0.1315041482 -0.0601718724 -0.0485716909 -0.0897071809 -0.9947831035 -0.1362159550 0.9872483611 -0.0823767781
-19.8 -485.9 2333.5 0.9894877672 0.0510646664 0.1353011280 -0.0485716909 0.9985846877 -0.0216650106 -0.1362159550 0.0148654589 0.9905676246
210.2 -524.7 2714.9 0.9898496270 -0.1411845535 0.0162688214 -0.0011297971 -0.1222870201 -0.9924941063 0.1421143115 0.9824015498 -0.1212052703
263.4 -478.6 2344.5 0.9898496270 0.0014208532 -0.1421117038 -0.0011297971 0.9999970794 0.0021287473 0.1421143115 -0.0019465823 0.9898483157
-129.9 -536.8 2447.1 0 0 0 0 0 0 0 0 0
246.7 -40.1 2540.5 0 0 0 0 0 0 0 0 0
-38.9 -858.6 2327.9 0 0 0 0 0 0 0 0 0
262.9 -851.9 2345.2 0 0 0 0 0 0 0 0 0
136.7 60.9 2638.6 25 0.9996448755 0.0206988119 -0.0167824253 -0.0184361693 0.9919496775 0.1252833456 0.0192405377 -0.1249294579 0.9919790626
132.6 -138.1 2663.7 0.9996448755 0.0206988119 -0.0167824253 -0.0184361693 0.9919496775 0.1252833456 0.0192405377 -0.1249294579 0.9919790626
129.5 -329.4 2687.4 0.9996890426 0.0183855593 -0.0168453660 -0.0161940157 0.9923871756 0.1220877990 0.0189617779 -0.1217770427 0.9923763275
-3.5 -134.6 2661.2 0.3648520708 -0.9078123569 -0.2067840546 0.9297816753 0.3669085205 0.0297348350 0.0488771796 -0.2031128407 0.9779346585
-101.7 -384.8 2648.1 0.0520891361 -0.9078123569 -0.4161290824 0.5792195797 0.3669085205 -0.7279304862 0.8135055900 -0.2031128407 0.5449346900
268.6 -141.7 2666.1 0.2883290350 0.9552305341 0.0663398877 -0.7871588469 0.2759056389 -0.5515950322 -0.5452039838 0.1068208292 0.8314697742
325.6 -297.1 2558.4 -0.2708689272 0.9552305341 0.1190152913 0.9607829452 0.2759056389 -0.0277884696 -0.0593813844 0.1068208292 -0.9925034642
30.1 -518.3 2718.8 0.9900948405 0.1301686019 -0.0526152439 -0.0418116041 -0.0843825564 -0.9955558181 -0.1340299249 0.9878945947 -0.0781041756
-20.6 -485.4 2334.2 0.9900948405 0.0454675183 0.1328342408 -0.0418116041 0.9986694455 -0.0301847626 -0.1340299249 0.0243317634 0.9906785488
209.1 -523.2 2717.1 0.9888052940 -0.1491149962 0.0053626290 -0.0107203424 -0.1068434045 -0.9942180514 0.1488257796 0.9830306172 -0.1072458923
266.0 -482.4 2342.2 0.9888052940 0.0123160277 -0.1487022340 -0.0107203424 0.9998760819 0.0115275308 0.1488257796 -0.0098043447 0.9888148308
-115.5 -538.0 2433.0 0 0 0 0 0 0 0 0 0
252.6 -38.2 2542.4 0 0 0 0 0 0 0 0 0
-37.6 -858.2 2325.1 0 0 0 0 0 0 0 0 0
261.4 -855.6 2345.8 0 0 0 0 0 0 0 0 0
136.7 62.6 2638.3 26 0.9994309545 0.0327701010 -0.0079897800 -0.0315476507 0.9919832945 0.1223679557 0.0119357388 -0.1220462695 0.9924526215
130.1 -136.3 2662.8 0.9994309545 0.0327701010 -0.0079897800 -0.0315476507 0.9919832945 0.1223679557 0.0119357388 -0.1220462695 0.9924526215
124.7 -327.6 2686.2 0.9995014668 0.0305283535 -0.0080518881 -0.0293379668 0.9922893047 0.1204210147 0.0116660576 -0.1201247573 0.9926902652
-5.9 -131.0 2661.3 0.3773703575 -0.9043653011 -0.1992861629 0.9248231053 0.3791651428 0.0305942465 0.0478939936 -0.1958498061 0.9794636369
-107.5 -379.9 2648.4 0.0655798540 -0.9043653011 -0.4216902256 0.5769470334 0.3791651428 -0.7234403491 0.8141446114 -0.1958498061 0.5466364622
266.1 -141.6 2664.2 0.2740140557 0.9595187902 0.0651149675 -0.7898395658 0.2631528974 -0.5539891720 -0.5486982465 0.1003704518 0.8299735188
320.2 -297.6 2555.8 -0.2586564720 0.9595187902 0.1114472747 0.9643629789 0.2631528974 -0.0274695326 -0.0556852035 0.1003704518 -0.9933906198
36.4 -520.6 2709.4 0.9873483181 0.1482199430 -0.0563399643 -0.0424928777 -0.0949861407 -0.9945712686 -0.1527668089 0.9843822718 -0.0874861106
-19.9 -484.5 2335.2 0.9873483181 0.0487145893 0.1508980840 -0.0424928777 0.9981191754 -0.0441867560 -0.1527668089 0.0372156240 0.9875612855
215.5 -523.5 2712.8 0.9903699756 -0.1384137422 0.0029945313 -0.0118441777 -0.1062574014 -0.9942681193 0.1379385591 0.9846578240 -0.1068735346
267.6 -483.5 2342.1 0.9903699756 0.0137111936 -0.1377655119 -0.0118441777 0.9998266697 0.0143628111 0.1379385591 -0.0125927776 0.9903607368
-124.8 -532.4 2433.2 0 0 0 0 0 0 0 0 0
250.5 -37.8 2540.8 0 0 0 0 0 0 0 0 0
-38.1 -857.0 2321.3 0 0 0 0 0 0 0 0 0
262.5 -856.7 2346.8 0 0 0 0 0 0 0 0 0
133.8 60.9 2639.6 27 0.9993640780 0.0356466845 -0.0008598387 -0.0352875851 0.9921837449 0.1196920052 0.0051197410 -0.1195855513 0.9928107262
126.7 -137.2 2663.5 0.9993640780 0.0356466845 -0.0008598387 -0.0352875851 0.9921837449 0.1196920052 0.0051197410 -0.1195855513 0.9928107262
120.1 -328.3 2687.9 0.9993222952 0.0368039161 -0.0006680941 -0.0364321135 0.9914949536 0.1249419227 0.0052607642 -0.1248329058 0.9921638370
-9.3 -130.9 2662.9 0.3842537105 -0.9029100537 -0.1926200390 0.9223069549 0.3847375512 0.0364264026 0.0412183963 -0.1916517913 0.9805970788
-112.7 -379.1 2651.9 0.0750376433 -0.9029100537 -0.4232289493 0.5801215172 0.3847375512 -0.7179387212 0.8110662103 -0.1916517913 0.5526673794
262.7 -143.5 2664.1 0.2647691965 0.9620076418 0.0666227713 -0.7942403555 0.2567334473 -0.5506997705 -0.5468816757 0.0928938463 0.8320403695
315.0 -300.3 2556.1 -0.2521426082 0.9620076418 0.1047159806 0.9659276605 0.2567334473 -0.0327363200 -0.0583766848 0.0928938463 -0.9939632416
29.3 -517.6 2708.5 0.9898781180 0.1315688342 -0.0532062054 -0.0420324989 -0.0862931237 -0.9953827262 -0.1355526745 0.9875440001 -0.0798895061
-20.6 -484.9 2334.3 0.9898781180 0.0467351414 0.1340040565 -0.0420324989 0.9984042645 -0.0377116352 -0.1355526745 0.0316973999 0.9902629852
208.3 -522.8 2710.6 0.9874974489 -0.1575628519 0.0047716228 -0.0117945215 -0.1040375605 -0.9945034385 0.1571932286 0.9820132852 -0.1045952067
267.2 -483.9 2343.3 0.9874974489 0.0133022331 -0.1570728272 -0.0117945215 0.9998750091 0.0105270334 0.1571932286 -0.0085428199 0.9875308871
-132.5 -532.5 2437.4 0 0 0 0 0 0 0 0 0
247.1 -40.1 2540.4 0 0 0 0 0 0 0 0 0
-38.0 -857.5 2322.4 0 0 0 0 0 0 0 0 0
262.3 -857.2 2346.5 0 0 0 0 0 0 0 0 0
135.0 60.5 2639.8 28 0.9994573593 0.0329399258 -0.0000251051 -0.0326814353 0.9917089939 0.1242787018 0.0041186279 -0.1242104396 0.9922473431
128.4 -137.7 2664.6 0.9994573593 0.0329399258 -0.0000251051 -0.0326814353 0.9917089939 0.1242787018 0.0041186279 -0.1242104396 0.9922473431
122.8 -328.8 2689.7 0.9994906187 0.0319141895 0.0001193234 -0.0316641480 0.9911786318 0.1286945492 0.0039889109 -0.1286327690 0.9916842580
-7.6 -132.1 2664.2 0.3799199760 -0.9049956203 -0.1914254129 0.9242715240 0.3797151446 0.0392249599 0.0371887125 -0.1918313950 0.9807230830
-109.8 -380.8 2654.2 0.0734071583 -0.9049956203 -0.4190396965 0.5835394263 0.3797151446 -0.7178426981 0.8087602258 -0.1918313950 0.5559744835
264.5 -143.3 2665.0 0.2677817345 0.9609041810 0.0703996643 -0.7950393558 0.2616506517 -0.5472214818 -0.5442475677 0.0905654132 0.8340218663
317.3 -300.3 2557.6 -0.2568146288 0.9609041810 0.1034862623 0.9644908905 0.2616506517 -0.0360031687 -0.0616728440 0.0905654132 -0.9939790368
23.4 -517.5 2711.6 0.9917656779 0.1147918403 -0.0567770042 -0.0473844148 -0.0829593390 -0.9954257607 -0.1189769432 0.9899194837 -0.0768368840
-20.5 -485.7 2332.3 0.9917656779 0.0512467586 0.1173650920 -0.0473844148 0.9982468486 -0.0354677625 -0.1189769432 0.0296144355 0.9924553037
202.5 -524.0 2712.6 0.9839634299 -0.1780856401 -0.0100753624 -0.0289090332 -0.1034805030 -0.9942112565 0.1760121435 0.9785587788 -0.1069693118
270.2 -484.7 2340.2 0.9839634299 0.0326167569 -0.1753629148 -0.0289090332 0.9993020892 0.0236570165 0.1760121435 -0.0182080660 0.9842196107
-129.2 -535.1 2440.4 0 0 0 0 0 0 0 0 0
248.2 -40.5 2540.9 0 0 0 0 0 0 0 0 0
-39.7 -858.3 2321.2 0 0 0 0 0 0 0 0 0
258.1 -857.6 2347.0 0 0 0 0 0 0 0 0 0
133.8 61.4 2639.9 29 0.9997889996 0.0198576339 -0.0052587604 -0.0190510992 0.9920737743 0.1242040619 0.0076834774 -0.1240776703 0.9922427535
129.8 -136.2 2664.6 0.9997889996 0.0198576339 -0.0052587604 -0.0190510992 0.9920737743 0.1242040619 0.0076834774 -0.1240776703 0.9922427535
126.8 -327.3 2689.4 0.9998288751 0.0177543070 -0.0051962603 -0.0169472098 0.9916937351 0.1275005043 0.0074167820 -0.1273906231 0.9918248653
-6.3 -132.6 2663.7 0.3661339581 -0.9098236561 -0.1953634024 0.9297209382 0.3665755689 0.0352331065 0.0395595394 -0.1945334822 0.9800978303
-104.8 -382.8 2653.1 0.0620142631 -0.9098236561 -0.4103354216 0.5835929513 0.3665755689 -0.7245975733 0.8096749187 -0.1945334822 0.5536996126
265.9 -139.8 2665.5 0.2813387215 0.9566278458 0.0755758435 -0.7903607488 0.2756642103 -0.5471189618 -0.5442227721 0.0941935778 0.8336361051
321.4 -295.9 2558.0 -0.2707792819 0.9566278458 0.1074325815 0.9606773257 0.2756642103 -0.0332908407 -0.0614622608 0.0941935778 -0.9936548471
27.0 -518.3 2714.3 0.9911012053 0.1166845709 -0.0640553087 -0.0539091118 -0.0881280601 -0.9946492910 -0.1217053011 0.9892513156 -0.0810534656
-17.7 -484.5 2335.1 0.9911012053 0.0585278459 0.1195527688 -0.0539091118 0.9976826310 -0.0415116027 -0.1217053011 0.0346972197 0.9919596314
206.1 -524.0 2715.0 0.9863719940 -0.1643924862 -0.0067365495 -0.0242698435 -0.1048812792 -0.9941885471 0.1627305895 0.9808032513 -0.1074417382
268.7 -484.1 2342.0 0.9863719940 0.0264339130 -0.1623930931 -0.0242698435 0.9995884299 0.0152958417 0.1627305895 -0.0111461347 0.9866076112
-121.2 -537.1 2439.0 0 0 0 0 0 0 0 0 0
248.5 -37.1 2541.4 0 0 0 0 0 0 0 0 0
-39.5 -857.0 2322.2 0 0 0 0 0 0 0 0 0
258.8 -857.2 2346.1 0 0 0 0 0 0 0 0 0
133.2 61.6 2638.4 30 0.9998872876 0.0150134452 -0.0000221088 -0.0148849431 0.9915192127 0.1291048378 0.0019602298 -0.1290899515 0.9916309714
130.2 -135.9 2664.1 0.9998872876 0.0150134452 -0.0000221088 -0.0148849431 0.9915192127 0.1291048378 0.0019602298 -0.1290899515 0.9916309714
128.3 -327.0 2689.2 0.9999247193 0.0122693470 -0.0000295764 -0.0121637275 0.9916268587 0.1285620332 0.0016067009 -0.1285519898 0.9917014837
-5.9 -132.9 2664.1 0.3619077802 -0.9126838446 -0.1898183674 0.9315018058 0.3620125353 0.0353746489 0.0364307612 -0.1896185130 0.9811817408
-103.3 -383.6 2654.3 0.0639370605 -0.9126838446 -0.4036338627 0.5847702026 0.3620125353 -0.7259413004 0.8086753488 -0.1896185130 0.5568563342
266.3 -138.9 2664.2 0.2819409668 0.9558309317 0.0830451697 -0.7896044850 0.2803330421 -0.5458371043 -0.5450083017 0.0883209929 0.8337658048
321.9 -294.8 2556.6 -0.2757237852 0.9558309317 0.1018017977 0.9593051672 0.2803330421 -0.0338672288 -0.0609097518 0.0883209929 -0.9942280650
33.8 -518.3 2713.5 0.9887366891 0.1291787326 -0.0755821839 -0.0636332110 -0.0942521393 -0.9935126305 -0.1354644895 0.9871318936 -0.0849704891
-15.5 -482.3 2336.5 0.9887366891 0.0688472316 0.1328904480 -0.0636332110 0.9970423579 -0.0430965759 -0.1354644895 0.0341549180 0.9901933074
213.0 -521.3 2714.8 0.9897431135 -0.1428123713 -0.0036285282 -0.0184572190 -0.1026463285 -0.9945466518 0.1416611075 0.9844126701 -0.1042294130
266.9 -482.6 2342.9 0.9897431135 0.0193774477 -0.1415381730 -0.0184572190 0.9997991323 0.0078116707 0.1416611075 -0.0051191463 0.9899019599
-120.2 -538.2 2440.5 0 0 0 0 0 0 0 0 0
247.7 -36.3 2540.2 0 0 0 0 0 0 0 0 0
-41.2 -854.5 2323.7 0 0 0 0 0 0 0 0 0
259.7 -855.7 2344.8 0 0 0 0 0 0 0 0 0
132.9 63.0 2638.2 31 0.9998442531 0.0174998529 -0.0022829950 -0.0170817412 0.9921338558 0.1240106672 0.0044352049 -0.1239523590 0.9922782779
129.4 -135.3 2663.0 0.9998442531 0.0174998529 -0.0022829950 -0.0170817412 0.9921338558 0.1240106672 0.0044352049 -0.1239523590 0.9922782779
126.8 -326.5 2687.0 0.9998680949 0.0160773657 -0.0022999784 -0.0156724341 0.9922820330 0.1230069473 0.0042598550 -0.1229546815 0.9924031496
-6.7 -131.8 2662.6 0.3650505841 -0.9108934999 -0.1923828274 0.9300107360 0.3662608862 0.0305448063 0.0426392406 -0.1900684834 0.9808444381
-104.9 -382.1 2651.1 0.0637575909 -0.9108934999 -0.4076862037 0.5800060034 0.3662608862 -0.7276303768 0.8121132851 -0.1900684834 0.5516756177
265.5 -138.7 2663.4 0.2806804478 0.9565563798 0.0788566470 -0.7875227332 0.2764867842 -0.5507839918 -0.5486587882 0.0924928859 0.8309143186
320.9 -294.2 2555.1 -0.2722109854 0.9565563798 0.1044081300 0.9605903625 0.2764867842 -0.0286562964 -0.0562788323 0.0924928859 -0.9941216111
36.3 -518.4 2714.0 0.9880071878 0.1358871460 -0.0733241290 -0.0610515811 -0.0923839211 -0.9938500524 -0.1418254077 0.9864075780 -0.0829798579
-15.9 -482.9 2335.1 0.9880071878 0.0652810559 0.1399290115 -0.0610515811 0.9975446463 -0.0343128741 -0.1418254077 0.0253584795 0.9895668030
215.5 -520.6 2714.3 0.9913367033 -0.1308383495 0.0115290033 -0.0026074001 -0.1073625311 -0.9942165017 0.1313194335 0.9855732322 -0.1067735627
264.6 -480.3 2344.0 0.9913367033 0.0014095271 -0.1313377619 -0.0026074001 0.9999565482 -0.0089490283 0.1313194335 0.0092139505 0.9912973046
-121.8 -535.5 2436.4 0 0 0 0 0 0 0 0 0
247.6 -35.4 2539.9 0 0 0 0 0 0 0 0 0
-40.2 -855.3 2325.6 0 0 0 0 0 0 0 0 0
264.1 -853.4 2340.6 0 0 0 0 0 0 0 0 0
133.1 65.3 2638.1 32 0.9998565316 0.0168345049 0.0018824162 -0.0169373434 0.9918005466 0.1266679317 0.0002654105 -0.1266816407 0.9919434190
129.8 -132.9 2663.4 0.9998565316 0.0168345049 0.0018824162 -0.0169373434 0.9918005466 0.1266679317 0.0002654105 -0.1266816407 0.9919434190
126.9 -324.1 2687.7 0.9998494983 0.0172512792 0.0018507044 -0.0173473638 0.9920274615 0.1248222664 0.0003173943 -0.1248355806 0.9921773672
-6.3 -129.2 2663.5 0.3667750955 -0.9110267162 -0.1884312481 0.9294713736 0.3674457669 0.0326592103 0.0394848511 -0.1871200353 0.9815431833
-105.0 -379.3 2652.9 0.0679568574 -0.9110267162 -0.4067089558 0.5813795924 0.3674457669 -0.7259348035 0.8107895255 -0.1871200353 0.5546228290
265.9 -136.5 2663.3 0.2771773934 0.9573784471 0.0812356174 -0.7889943719 0.2750449479 -0.5493980050 -0.5483252406 0.0881862566 0.8316024542
320.6 -292.3 2555.0 -0.2708224654 0.9573784471 0.1004077718 0.9609428048 0.2750449479 -0.0306468885 -0.0569573194 0.0881862566 -0.9944742322
34.1 -517.7 2710.4 0.9880336523 0.1380093843 -0.0688685030 -0.0573133454 -0.0860236585 -0.9946432114 -0.1431944221 0.9866880774 -0.0770844892
-18.6 -484.9 2333.4 0.9880336523 0.0607273988 0.1417802721 -0.0573133454 0.9979622960 -0.0280443691 -0.1431944221 0.0195828788 0.9895008206
213.3 -520.5 2711.2 0.9900624752 -0.1404836923 0.0063727507 -0.0084315883 -0.1045346111 -0.9944854975 0.1403751671 0.9845490456 -0.1046802923
266.1 -481.2 2341.0 0.9900624752 0.0090800775 -0.1403347105 -0.0084315883 0.9999508262 0.0052149035 0.1403751671 -0.0039798357 0.9900903702
-123.0 -533.0 2438.5 0 0 0 0 0 0 0 0 0
247.6 -33.4 2539.7 0 0 0 0 0 0 0 0 0
-41.3 -857.4 2326.1 0 0 0 0 0 0 0 0 0
262.7 -854.4 2342.5 0 0 0 0 0 0 0 0 0
135.2 63.9 2639.5 33 0.9997131228 0.0239164867 -0.0012846353 -0.0235825796 0.9922908545 0.1216665059 0.0041845674 -0.1216013059 0.9925702214
130.4 -134.7 2663.9 0.9997131228 0.0239164867 -0.0012846353 -0.0235825796 0.9922908545 0.1216665059 0.0041845674 -0.1216013059 0.9925702214
125.9 -325.9 2688.0 0.9996700883 0.0256548095 -0.0012370456 -0.0253053885 0.9920129776 0.1235714853 0.0043973681 -0.1234994158 0.9923349023
-5.7 -130.0 2663.4 0.3739912212 -0.9072979093 -0.1922007203 0.9264728427 0.3749174178 0.0329391509 0.0421737768 -0.1903877109 0.9808026552
-106.3 -379.3 2652.1 0.0692440122 -0.9072979093 -0.4147478938 0.5798130631 0.3749174178 -0.7233628035 0.8118017316 -0.1903877109 0.5520239472
266.5 -139.5 2664.3 0.2731455564 0.9591651559 0.0734421834 -0.7904940844 0.2673063576 -0.5510593653 -0.5481885076 0.0924637988 0.8312278986
320.4 -295.6 2556.1 -0.2629338205 0.9591651559 0.1042499617 0.9631379247 0.2673063576 -0.0302102249 -0.0568432733 0.0924637988 -0.9940921664
34.0 -515.1 2712.0 0.9882856607 0.1381380558 -0.0648795888 -0.0549139120 -0.0747741461 -0.9956873655 -0.1423936337 0.9875863194 -0.0663125142
-19.1 -486.3 2332.2 0.9882856607 0.0590218343 0.1407405734 -0.0549139120 0.9979489446 -0.0328984521 -0.1423936337 0.0247844514 0.9894997478
213.1 -518.2 2712.0 0.9901914001 -0.1395095587 0.0076233451 -0.0052166521 -0.0914402381 -0.9957969189 0.1396202594 0.9859897494 -0.0912711099
265.3 -484.0 2343.1 0.9901914001 0.0058077816 -0.1395969242 -0.0052166521 0.9999758005 0.0046000802 0.1396202594 -0.0038267314 0.9901977181
-124.6 -532.6 2437.5 0 0 0 0 0 0 0 0 0
249.6 -36.1 2540.8 0 0 0 0 0 0 0 0 0
-41.2 -858.9 2322.9 0 0 0 0 0 0 0 0 0
263.2 -857.2 2344.5 0 0 0 0 0 0 0 0 0
135.0 61.7 2640.2 34 0.9997156858 0.0238175970 0.0011303411 -0.0237839762 0.9926883578 0.1183390021 0.0016964742 -0.1183322370 0.9929726124
130.2 -137.0 2663.9 0.9997156858 0.0238175970 0.0011303411 -0.0237839762 0.9926883578 0.1183390021 0.0016964742 -0.1183322370 0.9929726124
126.3 -328.3 2687.2 0.9997416735 0.0226990804 0.0011468853 -0.0226741731 0.9926298857 0.1190451086 0.0015637816 -0.1190403625 0.9928882122
-5.9 -132.6 2663.9 0.3716584146 -0.9088008404 -0.1896076947 0.9272595644 0.3733737171 0.0279601831 0.0453842953 -0.1862071902 0.9814617634
-105.9 -382.1 2651.7 0.0699302182 -0.9088008404 -0.4113281071 0.5762898326 0.3733737171 -0.7269677520 0.8142480254 -0.1862071902 0.5498427749
266.3 -141.4 2664.0 0.2737328708 0.9587052464 0.0771661773 -0.7872610688 0.2694248259 -0.5546442866 -0.5525308847 0.0910744444 0.8285017014
320.3 -296.8 2554.9 -0.2656292021 0.9587052464 0.1016140729 0.9626863003 0.2694248259 -0.0254039690 -0.0517322719 0.0910744444 -0.9944995046
31.4 -516.2 2711.5 0.9889990687 0.1328161955 -0.0651205182 -0.0550559908 -0.0780946836 -0.9954245687 -0.1372940689 0.9880592227 -0.0699232444
-19.5 -486.3 2332.6 0.9889990687 0.0584280826 0.1358932853 -0.0550559908 0.9980779886 -0.0284448117 -0.1372940689 0.0206501540 0.9903150797
210.5 -520.8 2712.3 0.9892838597 -0.1459387094 0.0043918970 -0.0099128867 -0.0971473977 -0.9952206612 0.1456678808 0.9845122099 -0.0975530297
265.3 -484.3 2342.7 0.9892838597 0.0097280890 -0.1456803381 -0.0099128867 0.9999507070 -0.0005426265 0.1456678808 0.0019809243 0.9893315434
-124.4 -534.5 2436.4 0 0 0 0 0 0 0 0 0
248.8 -37.5 2540.9 0 0 0 0 0 0 0 0 0
-41.4 -858.9 2324.9 0 0 0 0 0 0 0 0 0
261.7 -857.6 2341.9 0 0 0 0 0 0 0 0 0
135.1 62.6 2639.1 35 0.9997311831 0.0231822673 0.0002988726 -0.0230387729 0.9919363260 0.1246256232 0.0025926421 -0.1245990172 0.9922037721
130.4 -136.1 2664.1 0.9997311831 0.0231822673 0.0002988726 -0.0230387729 0.9919363260 0.1246256232 0.0025926421 -0.1245990172 0.9922037721
126.5 -327.3 2688.3 0.9997409582 0.0227569751 0.0002953829 -0.0226167478 0.9919649363 0.1244749278 0.0025396633 -0.1244493648 0.9922227263
-5.6 -131.7 2663.9 0.3715789020 -0.9086581469 -0.1904453933 0.9275119901 0.3723053634 0.0333195999 0.0406277217 -0.1890212446 0.9811322093
-105.6 -381.3 2652.9 0.0692108870 -0.9086581469 -0.4117647111 0.5807389021 0.3723053634 -0.7239689827 0.8111425042 -0.1890212446 0.5534607172
266.5 -140.5 2664.2 0.2742382586 0.9586154222 0.0764843300 -0.7902585864 0.2699655592 -0.5500999689 -0.5479824543 0.0904160589 0.8315889239
320.7 -296.5 2556.0 -0.2656272650 0.9586154222 0.1024628058 0.9623759985 0.2699655592 -0.0308390148 -0.0572241843 0.0904160589 -0.9942587018
32.3 -519.0 2710.1 0.9890875816 0.1312431544 -0.0669399202 -0.0553686656 -0.0899185389 -0.9944088459 -0.1365284920 0.9872638583 -0.0816705525
-17.7 -484.7 2333.9 0.9890875816 0.0600219294 0.1345477104 -0.0553686656 0.9977400303 -0.0380669720 -0.1365284920 0.0302018449 0.9901756644
211.5 -523.0 2710.4 0.9904286861 -0.1365899444 0.0198545903 0.0036248781 -0.1180572212 -0.9930001497 0.1379778236 0.9835678339 -0.1164321378
262.1 -479.2 2345.5 0.9904286861 -0.0034480602 -0.1379823536 0.0036248781 0.9999929070 0.0010301851 0.1379778236 -0.0015204941 0.9904341698
-123.9 -534.8 2438.5 0 0 0 0 0 0 0 0 0
249.1 -37.2 2540.6 0 0 0 0 0 0 0 0 0
-40.1 -857.2 2322.7 0 0 0 0 0 0 0 0 0
263.4 -852.5 2346.1 0 0 0 0 0 0 0 0 0
133.7 62.0 2640.5 36 0.9996407628 0.0203213952 -0.0174760595 -0.0179909784 0.9920584559 0.1244843453 0.0198669676 -0.1241252124 0.9920676351
129.6 -136.5 2665.4 0.9996407628 0.0203213952 -0.0174760595 -0.0179909784 0.9920584559 0.1244843453 0.0198669676 -0.1241252124 0.9920676351
126.4 -327.6 2690.5 0.9996704459 0.0188854635 -0.0173876435 -0.0164883491 0.9915130138 0.1289575249 0.0196754970 -0.1286283433 0.9914976954
-6.5 -133.0 2662.9 0.3652226627 -0.9075325727 -0.2073573619 0.9299420714 0.3658812940 0.0365877934 0.0426635593 -0.2061930150 0.9775808454
-104.8 -383.2 2651.4 0.0518507063 -0.9075325727 -0.4167687297 0.5848115087 0.3658812940 -0.7239657044 0.8095103502 -0.2061930150 0.5497066975
265.7 -140.1 2667.9 0.2883171141 0.9552849531 0.0656042174 -0.7910345793 0.2762310505 -0.5458577275 -0.5395715833 0.1054849178 0.8353055716
322.6 -296.3 2561.4 -0.2704199255 0.9552849531 0.1195981875 0.9604644775 0.2762310505 -0.0347048715 -0.0661897734 0.1054849178 -0.9922156334
32.5 -517.8 2712.3 0.9893412590 0.1287416220 -0.0680398345 -0.0569887459 -0.0876607075 -0.9945189357 -0.1340003908 0.9877961278 -0.0793895349
-16.9 -484.1 2332.6 0.9893412590 0.0596845523 0.1328216046 -0.0569887459 0.9980860949 -0.0240096506 -0.1340003908 0.0161844008 0.9908491373
211.7 -521.9 2712.7 0.9904340506 -0.1369975656 0.0164932888 0.0009665220 -0.1126373559 -0.9936357141 0.1379834414 0.9841465950 -0.1114274636
262.9 -479.8 2345.0 0.9904340506 0.0002370175 -0.1379866153 0.0009665220 0.9999620914 0.0086550768 0.1379834414 -0.0087056505 0.9903962612
-118.5 -537.9 2437.4 0 0 0 0 0 0 0 0 0
249.7 -37.5 2543.5 0 0 0 0 0 0 0 0 0
-39.2 -856.7 2326.5 0 0 0 0 0 0 0 0 0
262.8 -853.0 2348.2 0 0 0 0 0 0 0 0 0
134.2 62.3 2639.3 37 0.9996840954 0.0233131293 -0.0093945246 -0.0218980182 0.9913009405 0.1297805011 0.0123383906 -0.1295337677 0.9914982319
129.6 -135.7 2665.1 0.9996840954 0.0233131293 -0.0093945246 -0.0218980182 0.9913009405 0.1297805011 0.0123383906 -0.1295337677 0.9914982319
125.6 -326.7 2690.4 0.9996944070 0.0228668246 -0.0093906671 -0.0214539059 0.9912889004 0.1299461275 0.0122803189 -0.1297049522 0.9914765954
-6.5 -131.4 2663.6 0.3701542020 -0.9072042108 -0.1999158859 0.9281482100 0.3702130318 0.0385119580 0.0390732549 -0.1998069435 0.9790558815
-106.1 -381.2 2653.1 0.0607645027 -0.9072042108 -0.4162789583 0.5852832198 0.3702130318 -0.7213777304 0.8085488081 -0.1998069435 0.5534672141
265.7 -139.9 2666.6 0.2803652883 0.9574044347 0.0690798238 -0.7929534912 0.2715612352 -0.5454165339 -0.5409436226 0.0981387869 0.8353135586
