135.6 66.5 2667.3 4 0.9980714321 0.0468033925 -0.0407774560 -0.0449847989 0.9979991913 0.0444290638 0.0427752994 -0.0425090156 0.9981799722
126.4 -129.9 2675.7 0.9980714321 0.0468033925 -0.0407774560 -0.0449847989 0.9979991913 0.0444290638 0.0427752994 -0.0425090156 0.9981799722
116.6 -323.5 2685.2 0.9979175329 0.0502369329 -0.0404585302 -0.0481506400 0.9975378513 0.0509874485 0.0429203697 -0.0489331633 0.9978794456
-9.9 -123.3 2669.9 0.3899637461 -0.8909928203 -0.2325082868 0.9122512341 0.4081990123 -0.0342244767 0.1254034191 -0.1987596601 0.9719920754
-114.9 -368.9 2636.1 0.0464576781 -0.8909928203 -0.4516342580 0.5174525976 0.4081990123 -0.7520747185 0.8544498086 -0.1987596601 0.4800104797
262.7 -136.5 2681.6 0.1646613628 0.1940705031 0.9670694470 -0.9202443957 0.3831208050 0.0798042566 -0.3550167680 -0.9030808806 0.2416774929
304.9 -371.9 2590.7 -0.6329799294 0.1940705031 0.7494484782 -0.6543957591 0.3831208050 -0.6519084573 -0.4136455059 -0.9030808806 -0.1155088618
12.8 -510.0 2695.9 0.9684880376 -0.0417412221 -0.2455373853 -0.2485866845 -0.1012481675 -0.9633033872 0.0153492531 0.9939851761 -0.1084339470
28.0 -473.2 2334.8 0.9684880376 0.2478066981 -0.0249555875 -0.2485866845 0.9679574966 -0.0355385616 0.0153492531 0.0406222977 0.9990566969
191.5 -520.1 2703.2 0.9812191129 -0.1913793385 0.0241458155 0.0079708882 -0.0848409235 -0.9963626266 0.1927317828 0.9778425097 -0.0817220733
262.5 -488.6 2340.8 0.9812191129 -0.0019998460 -0.1928861737 0.0079708882 0.9995125532 0.0301852487 0.1927317828 -0.0311558172 0.9807567596
-127.2 -505.7 2410.2 0 0 0 0 0 0 0 0 0
136.2 -546.2 2480.5 0 0 0 0 0 0 0 0 0
-64.5 -834.5 2319.6 0 0 0 0 0 0 0 0 0
263.2 -861.7 2352.4 0 0 0 0 0 0 0 0 0
134.7 66.5 2671.7 5 0.9974203706 0.0603703745 -0.0388333388 -0.0590469725 0.9976633787 0.0343689248 0.0408174656 -0.0319872759 0.9986544847
122.9 -129.2 2677.9 0.9974203706 0.0603703745 -0.0388333388 -0.0590469725 0.9976633787 0.0343689248 0.0408174656 -0.0319872759 0.9986544847
111.1 -322.8 2685.0 0.9974145889 0.0606427006 -0.0385563150 -0.0591421500 0.9974899292 0.0389362872 0.0408207364 -0.0365553200 0.9984975457
-13.4 -121.2 2672.4 0.3996932209 -0.8869279623 -0.2315255404 0.9064747691 0.4199689031 -0.0439274944 0.1361940503 -0.1923145354 0.9718365669
-121.0 -365.1 2635.7 0.0530574098 -0.8869279623 -0.4588503838 0.5062203407 0.4199689031 -0.7532377243 0.8607705235 -0.1923145354 0.4712634385
259.1 -137.3 2683.5 0.1545028687 0.1968480200 0.9681836963 -0.9174122214 0.3923193216 0.0666356385 -0.3667200804 -0.8985189795 0.2412052453
298.6 -372.0 2589.7 -0.6403821111 0.1968480200 0.7424026132 -0.6425043941 0.3923193216 -0.6582352519 -0.4208312035 -0.8985189795 -0.1247585490
17.5 -512.8 2690.8 0.9697858095 -0.0286456943 -0.2422703505 -0.2439575195 -0.1119476557 -0.9633029103 0.0004728826 0.9933011532 -0.1155535802
27.8 -472.7 2335.3 0.9697858095 0.2437599450 -0.0098277442 -0.2439575195 0.9690748453 -0.0371305309 0.0004728826 0.0384062156 0.9992620945
196.3 -521.4 2698.6 0.9834247828 -0.1796224415 0.0247283615 0.0082000187 -0.0921829864 -0.9957083464 0.1811310947 0.9794070125 -0.0891821235
262.2 -487.6 2339.4 0.9834247828 -0.0025499086 -0.1812986881 0.0082000187 0.9995034933 0.0304219481 0.1811310947 -0.0314043500 0.9829574227
-135.0 -499.0 2408.1 0 0 0 0 0 0 0 0 0
128.0 -543.2 2477.5 0 0 0 0 0 0 0 0 0
-63.2 -834.4 2321.0 0 0 0 0 0 0 0 0 0
263.1 -860.7 2351.1 0 0 0 0 0 0 0 0 0
131.7 66.2 2675.3 6 0.9974392653 0.0483865403 -0.0526656061 -0.0474859811 0.9987057447 0.0182193294 0.0534790121 -0.0156717952 0.9984459877
122.2 -130.2 2678.4 0.9974392653 0.0483865403 -0.0526656061 -0.0474859811 0.9987057447 0.0182193294 0.0534790121 -0.0156717952 0.9984459877
112.9 -324.0 2683.3 0.9974822402 0.0479981191 -0.0522055551 -0.0465959758 0.9985282421 0.0277522653 0.0534607768 -0.0252498221 0.9982506633
-14.1 -123.8 2671.1 0.3859126270 -0.8897647262 -0.2437009066 0.9100890756 0.4104286730 -0.0573248118 0.1510274410 -0.1996671706 0.9681547880
-117.9 -368.7 2630.5 0.0350613259 -0.8897647262 -0.4550707340 0.4976344705 0.4104286730 -0.7641388774 0.8666779399 -0.1996671706 0.4571678042
258.5 -136.5 2685.7 0.1713659465 0.2034834921 0.9639648199 -0.9113510847 0.4044321775 0.0766410306 -0.3742631972 -0.8916440606 0.2547508180
302.3 -369.7 2589.9 -0.6262837052 0.2034834921 0.7525710464 -0.6462433338 0.4044321775 -0.6471507549 -0.4360484481 -0.8916440606 -0.1217894107
10.0 -511.1 2688.5 0.9710548520 -0.0441937745 -0.2347325087 -0.2381945401 -0.1060544848 -0.9654096365 0.0177706610 0.9933777452 -0.1135114357
25.6 -473.5 2336.2 0.9710548520 0.2372101843 -0.0279958453 -0.2381945401 0.9704092741 -0.0396136679 0.0177706610 0.0451355055 0.9988228083
188.7 -521.7 2695.8 0.9785634279 -0.2043170631 0.0258480925 0.0076833577 -0.0892026797 -0.9959838390 0.2058022171 0.9748319983 -0.0857206360
263.7 -488.9 2337.6 0.9785634279 -0.0007079790 -0.2059443742 0.0076833577 0.9994234443 0.0330724344 0.2058022171 -0.0339458212 0.9780046940
-127.2 -500.3 2401.3 0 0 0 0 0 0 0 0 0
135.4 -541.9 2473.7 0 0 0 0 0 0 0 0 0
-62.9 -835.7 2319.4 0 0 0 0 0 0 0 0 0
264.0 -862.0 2350.2 0 0 0 0 0 0 0 0 0
130.1 68.2 2675.1 7 0.9988116622 0.0334789790 -0.0354171284 -0.0328471847 0.9992933273 0.0182727724 0.0360038541 -0.0170877054 0.9992055297
123.5 -128.6 2678.5 0.9988116622 0.0334789790 -0.0354171284 -0.0328471847 0.9992933273 0.0182727724 0.0360038541 -0.0170877054 0.9992055297
116.6 -322.5 2682.9 0.9987533689 0.0353729837 -0.0352201089 -0.0345397741 0.9991153479 0.0239912476 0.0360375904 -0.0227448437 0.9990915656
-13.0 -123.9 2673.6 0.3773470819 -0.8980324268 -0.2261568904 0.9142720103 0.4001198411 -0.0633308738 0.1473630369 -0.1828711927 0.9720299840
-114.5 -370.0 2633.9 0.0440154299 -0.8980324268 -0.4377218187 0.4953160882 0.4001198411 -0.7710810900 0.8675970435 -0.1828711927 0.4624213576
259.9 -133.3 2683.4 0.1759501547 0.1830426455 0.9672315717 -0.9080094695 0.4096787572 0.0876478106 -0.3802109361 -0.8936770558 0.2382874936
304.9 -365.6 2586.1 -0.6258245111 0.1830426455 0.7581813931 -0.6525014043 0.4096787572 -0.6374992132 -0.4273003340 -0.8936770558 -0.1369514316
14.2 -513.6 2683.4 0.9709954262 -0.0336854644 -0.2367132008 -0.2390365750 -0.1143256575 -0.9642567635 0.0054190452 0.9928720593 -0.1190617532
26.0 -473.7 2337.0 0.9709954262 0.2385371029 -0.0163677298 -0.2390365750 0.9700202942 -0.0438421741 0.0054190452 0.0464830399 0.9989044070
192.9 -521.9 2693.0 0.9803060293 -0.1964270025 0.0204080138 0.0023791618 -0.0915855616 -0.9957943559 0.1974699944 0.9762318134 -0.0893145502
264.2 -488.7 2338.8 0.9803060293 0.0060330941 -0.1973921508 0.0023791618 0.9990999103 0.0423520915 0.1974699944 -0.0419876389 0.9794093370
-126.2 -500.9 2404.6 0 0 0 0 0 0 0 0 0
138.2 -539.5 2472.3 0 0 0 0 0 0 0 0 0
-63.1 -835.8 2319.7 0 0 0 0 0 0 0 0 0
261.9 -861.6 2354.5 0 0 0 0 0 0 0 0 0
127.9 68.9 2667.1 8 0.9995427132 0.0220892616 -0.0206513032 -0.0210954770 0.9986645579 0.0471607819 0.0216654707 -0.0467035659 0.9986737967
123.5 -128.1 2676.3 0.9995427132 0.0220892616 -0.0206513032 -0.0210954770 0.9986645579 0.0471607819 0.0216654707 -0.0467035659 0.9986737967
118.3 -321.9 2684.8 0.9994257689 0.0268181320 -0.0207117889 -0.0258715879 0.9986658096 0.0446905792 0.0218826737 -0.0441290699 0.9987861514
-13.0 -124.6 2673.3 0.3719442189 -0.9038855433 -0.2113016248 0.9201225042 0.3890725374 -0.0446887016 0.1226051375 -0.1778016835 0.9763987660
-113.1 -372.2 2640.3 0.0527022518 -0.9038855433 -0.4245154262 0.5137618184 0.3890725374 -0.7646380067 0.8563125730 -0.1778016835 0.4848869145
260.1 -131.6 2679.2 0.1777968109 0.1664985567 0.9698796272 -0.9143741727 0.3922538459 0.1002836823 -0.3637419343 -0.9046630263 0.2219834626
305.6 -365.5 2586.2 -0.6266577244 0.1664985567 0.7613003850 -0.6662634611 0.3922538459 -0.6342159510 -0.4042190611 -0.9046630263 -0.1348769963
20.3 -513.4 2684.1 0.9741139412 -0.0083320374 -0.2259039134 -0.2255259305 -0.1043110639 -0.9686368108 -0.0154935587 0.9945098162 -0.1034899577
23.2 -476.6 2333.9 0.9741139412 0.2259603143 0.0066283485 -0.2255259305 0.9734151363 -0.0400133282 -0.0154935587 0.0374826789 0.9991771579
199.2 -519.6 2690.5 0.9832727909 -0.1811229289 0.0192132685 0.0044266121 -0.0816920027 -0.9966477752 0.1820853502 0.9800617099 -0.0795237571
264.6 -490.1 2336.7 0.9832727909 0.0029222590 -0.1821157038 0.0044266121 0.9991925359 0.0399332196 0.1820853502 -0.0400714055 0.9824658632
-127.0 -508.1 2413.9 0 0 0 0 0 0 0 0 0
138.6 -543.1 2478.5 0 0 0 0 0 0 0 0 0
-61.1 -840.0 2320.0 0 0 0 0 0 0 0 0 0
263.5 -863.1 2351.6 0 0 0 0 0 0 0 0 0
129.3 69.2 2662.0 9 0.9987619519 0.0279241074 -0.0411676913 -0.0253551472 0.9977753758 0.0616558418 0.0427977927 -0.0605356954 0.9972481132
123.8 -127.5 2673.9 0.9987619519 0.0279241074 -0.0411676913 -0.0253551472 0.9977753758 0.0616558418 0.0427977927 -0.0605356954 0.9972481132
118.1 -321.2 2685.3 0.9987072349 0.0297430791 -0.0412218161 -0.0272496883 0.9978393912 0.0597827993 0.0429108776 -0.0585822314 0.9973599315
-12.6 -123.8 2668.1 0.3711964190 -0.8992362022 -0.2314896733 0.9212286472 0.3878939450 -0.0295974948 0.1164085791 -0.2022684366 0.9723870158
-112.5 -371.7 2636.8 0.0360646136 -0.8992362022 -0.4359742999 0.5265257955 0.3878939450 -0.7565109730 0.8493938446 -0.2022684366 0.4874603152
260.3 -131.2 2679.8 0.1834127754 0.1859194636 0.9652945995 -0.9200585485 0.3782810867 0.1019591987 -0.3461965024 -0.9068281651 0.2404383719
307.2 -366.6 2591.2 -0.6195319891 0.1859194636 0.7626363039 -0.6712095737 0.3782810867 -0.6374803185 -0.4070108831 -0.9068281651 -0.1095663086
23.6 -513.4 2691.4 0.9784770608 0.0178368688 -0.2055833489 -0.2030191869 -0.0952173993 -0.9745341539 -0.0369577520 0.9952966571 -0.0895468146
17.2 -479.1 2333.3 0.9784770608 0.2043566406 0.0286536515 -0.2030191869 0.9781994820 -0.0436920673 -0.0369577520 0.0369344428 0.9986340404
202.7 -518.1 2695.3 0.9852799773 -0.1701140702 0.0168700889 0.0046400684 -0.0720358491 -0.9973912239 0.1708855480 0.9827879071 -0.0701861382
264.9 -491.7 2335.9 0.9852799773 0.0027640553 -0.1709261835 0.0046400684 0.9990684390 0.0429030061 0.1708855480 -0.0430645831 0.9843493104
-122.0 -510.9 2412.2 0 0 0 0 0 0 0 0 0
142.1 -545.4 2482.8 0 0 0 0 0 0 0 0 0
-59.1 -844.2 2319.5 0 0 0 0 0 0 0 0 0
263.8 -864.7 2352.0 0 0 0 0 0 0 0 0 0
131.2 70.6 2668.5 0 0.9992043376 0.0343518704 -0.0202654637 -0.0335200578 0.9986353517 0.0400486551 0.0216135550 -0.0393374898 0.9989922047
124.4 -126.5 2676.3 0.9992043376 0.0343518704 -0.0202654637 -0.0335200578 0.9986353517 0.0400486551 0.0216135550 -0.0393374898 0.9989922047
117.2 -320.2 2684.9 0.9991207719 0.0368077606 -0.0200704746 -0.0358638130 0.9983193874 0.0455206707 0.0217122585 -0.0447608456 0.9987617731
-12.1 -121.6 2673.3 0.3811622858 -0.8999788165 -0.2115500271 0.9164286852 0.3979922831 -0.0419597514 0.1219581664 -0.1778770238 0.9764660597
-114.7 -368.2 2640.5 0.0580091253 -0.8999788165 -0.4320567548 0.5137440562 0.3979922831 -0.7600454688 0.8559800982 -0.1778770238 0.4854459763
260.9 -131.3 2679.2 0.1685621887 0.1702431589 0.9708780050 -0.9163360000 0.3900009096 0.0907061622 -0.3632011712 -0.9049400687 0.2217393517
304.0 -365.7 2586.3 -0.6333755255 0.1702431589 0.7548858523 -0.6602081656 0.3900009096 -0.6418913007 -0.4036837816 -0.9049400687 -0.1346211135
22.8 -512.4 2692.8 0.9781252742 0.0157163776 -0.2074221671 -0.2051178217 -0.0930196047 -0.9743069410 -0.0346069038 0.9955402017 -0.0877611190
17.2 -478.9 2334.3 0.9781252742 0.2064807713 0.0252320245 -0.2051178217 0.9775523543 -0.0481462739 -0.0346069038 0.0419175476 0.9985215664
201.7 -517.2 2700.5 0.9858008623 -0.1659952998 0.0253419969 0.0136409514 -0.0712547675 -0.9973648787 0.1673636138 0.9835488200 -0.0679786727
262.8 -491.0 2338.3 0.9858008623 -0.0063027921 -0.1678002626 0.0136409514 0.9989984632 0.0426148400 0.1673636138 -0.0442987047 0.9848995209
-130.0 -504.0 2414.2 0 0 0 0 0 0 0 0 0
135.2 -541.7 2478.7 0 0 0 0 0 0 0 0 0
-59.9 -843.7 2318.6 0 0 0 0 0 0 0 0 0
265.2 -863.9 2354.9 0 0 0 0 0 0 0 0 0
131.0 71.5 2671.2 1 0.9989966154 0.0418314375 -0.0159974061 -0.0413168259 0.9986572862 0.0312490147 0.0172831174 -0.0305566974 0.9993836284
122.7 -125.2 2677.2 0.9989966154 0.0418314375 -0.0159974061 -0.0413168259 0.9986572862 0.0312490147 0.0172831174 -0.0305566974 0.9993836284
114.4 -318.9 2684.2 0.9989643097 0.0426789485 -0.0157742966 -0.0420801304 0.9984465241 0.0365214199 0.0173084866 -0.0358198099 0.9992083907
-13.7 -119.4 2674.9 0.3871988952 -0.8982580900 -0.2078688592 0.9129638076 0.4050151408 -0.0495964661 0.1287404597 -0.1705730408 0.9768985510
-117.9 -365.1 2640.3 0.0645671934 -0.8982580900 -0.4346993268 0.5055497885 0.4050151408 -0.7618281841 0.8603781462 -0.1705730408 0.4802648425
259.2 -130.9 2679.6 0.1615406722 0.1689609587 0.9722946286 -0.9139813185 0.3972127438 0.0828264430 -0.3722133636 -0.9020389318 0.2185931653
300.5 -364.7 2584.4 -0.6389859915 0.1689609587 0.7504326105 -0.6526671052 0.3972127438 -0.6451725960 -0.4070903957 -0.9020389318 -0.1435381174
20.6 -510.8 2691.7 0.9776986241 0.0064495476 -0.2099139094 -0.2084003389 -0.0938340351 -0.9735319614 -0.0259759091 0.9955669641 -0.0903973132
18.3 -477.1 2335.1 0.9776986241 0.2093823552 0.0162628014 -0.2084003389 0.9768558145 -0.0481869504 -0.0259759091 0.0437231399 0.9987059236
199.5 -517.1 2695.6 0.9854916334 -0.1661398262 0.0346951298 0.0218761973 -0.0783753395 -0.9966838956 0.1683081388 0.9829826355 -0.0736037344
259.5 -488.9 2340.8 0.9854916334 -0.0166314244 -0.1689070463 0.0218761973 0.9993330836 0.0292378440 0.1683081388 -0.0325086974 0.9851982594
-135.0 -498.8 2412.8 0 0 0 0 0 0 0 0 0
130.3 -538.6 2475.9 0 0 0 0 0 0 0 0 0
-59.9 -841.8 2318.7 0 0 0 0 0 0 0 0 0
265.7 -861.9 2353.0 0 0 0 0 0 0 0 0 0
131.5 71.0 2673.6 2 0.9989449978 0.0370401405 -0.0271458011 -0.0363912992 0.9990489483 0.0240186285 0.0280096363 -0.0230054185 0.9993429184
124.2 -126.3 2678.1 0.9989449978 0.0370401405 -0.0271458011 -0.0363912992 0.9990489483 0.0240186285 0.0280096363 -0.0230054185 0.9993429184
117.1 -320.1 2684.2 0.9989846349 0.0361772217 -0.0268494319 -0.0353098325 0.9988605976 0.0321057402 0.0279803351 -0.0311250910 0.9991237521
-12.3 -121.5 2674.3 0.3794756234 -0.8991295099 -0.2180925161 0.9150316119 0.3995833993 -0.0552291423 0.1368042976 -0.1786034256 0.9743641019
-114.4 -367.7 2637.5 0.0517545268 -0.8991295099 -0.4346119463 0.5022674799 0.3995833993 -0.7668510079 0.8631621599 -0.1786034256 0.4722837508
260.7 -131.1 2681.9 0.1718632728 0.1759793609 0.9692751169 -0.9112405181 0.4022448659 0.0885424465 -0.3743042946 -0.8984599710 0.2294906527
304.6 -364.2 2586.2 -0.6300218105 0.1759793609 0.7563754320 -0.6552686691 0.4022448659 -0.6393919587 -0.4167679250 -0.8984599710 -0.1381092668
16.7 -509.0 2689.6 0.9778845906 0.0016934216 -0.2091383189 -0.2081619948 -0.0889660940 -0.9740398526 -0.0202556793 0.9960331917 -0.0866460651
16.1 -477.2 2333.8 0.9778845906 0.2088314146 0.0114520015 -0.2081619948 0.9771305323 -0.0434109904 -0.0202556793 0.0400670692 0.9989916682
195.6 -516.5 2692.7 0.9826878309 -0.1831342280 0.0280452669 0.0153217129 -0.0705257133 -0.9973922968 0.1846345812 0.9805549383 -0.0664988235
261.9 -490.9 2337.6 0.9826878309 -0.0080619762 -0.1850937307 0.0153217129 0.9991669059 0.0378251672 0.1846345812 -0.0400062837 0.9819926620
-128.1 -500.5 2409.3 0 0 0 0 0 0 0 0 0
136.7 -538.8 2475.1 0 0 0 0 0 0 0 0 0
-61.9 -841.9 2318.8 0 0 0 0 0 0 0 0 0
264.9 -863.9 2352.5 0 0 0 0 0 0 0 0 0
130.5 70.7 2674.8 3 0.9993174076 0.0252581257 -0.0269589368 -0.0245997328 0.9993975759 0.0244805999 0.0275610294 -0.0238007065 0.9993367195
125.6 -126.0 2679.5 0.9993174076 0.0252581257 -0.0269589368 -0.0245997328 0.9993975759 0.0244805999 0.0275610294 -0.0238007065 0.9993367195
120.6 -319.9 2685.3 0.9993184209 0.0253833793 -0.0268016644 -0.0245580263 0.9992272854 0.0306875389 0.0275599081 -0.0300084278 0.9991696477
-11.0 -122.7 2675.7 0.3696324229 -0.9034595490 -0.2171008289 0.9189188480 0.3900576532 -0.0586782210 0.1376952380 -0.1778086722 0.9743839502
-110.4 -370.0 2638.7 0.0466703847 -0.9034595490 -0.4261252880 0.5018231869 0.3900576532 -0.7720288634 0.8637102246 -0.1778086722 0.4715810716
262.1 -129.3 2683.2 0.1815400720 0.1712750494 0.9683532715 -0.9089100361 0.4051334262 0.0987391174 -0.3754007220 -0.8980711102 0.2292215526
308.5 -361.8 2587.2 -0.6230773330 0.1712750494 0.7631772161 -0.6615595222 0.4051334262 -0.6310355663 -0.4172692597 -0.8980711102 -0.1391208321
20.6 -510.9 2687.7 0.9771848321 0.0072218636 -0.2122678608 -0.2106143832 -0.0960373282 -0.9728403687 -0.0274113603 0.9953515530 -0.0923251957
18.1 -476.8 2334.4 0.9771848321 0.2114579678 0.0198829677 -0.2106143832 0.9768388867 -0.0377801061 -0.0274113603 0.0327305086 0.9990882277
199.6 -517.2 2692.7 0.9840227365 -0.1770186424 0.0190701634 0.0065506794 -0.0710408315 -0.9974519014 0.1779223531 0.9816402793 -0.0687462017
263.4 -491.6 2338.9 0.9840227365 -0.0014057577 -0.1780373454 0.0065506794 0.9995776415 0.0283134617 0.1779223531 -0.0290273558 0.9836162925
-122.8 -502.6 2410.3 0 0 0 0 0 0 0 0 0
142.5 -538.1 2476.0 0 0 0 0 0 0 0 0 0
-60.9 -841.4 2322.1 0 0 0 0 0 0 0 0 0
263.9 -864.7 2349.7 0 0 0 0 0 0 0 0 0
130.0 70.9 2674.4 4 0.9986816645 0.0450728424 -0.0245630071 -0.0445700884 0.9987928867 0.0206450392 0.0254638884 -0.0195230469 0.9994850755
121.2 -125.3 2678.2 0.9986816645 0.0450728424 -0.0245630071 -0.0445700884 0.9987928867 0.0206450392 0.0254638884 -0.0195230469 0.9994850755
112.3 -319.1 2682.6 0.9986542463 0.0457595140 -0.0244090091 -0.0451737791 0.9986900687 0.0240315758 0.0254767071 -0.0228965878 0.9994131923
-15.2 -119.2 2674.7 0.3885890245 -0.8956055641 -0.2165392637 0.9101572037 0.4097106755 -0.0612455495 0.1435703039 -0.1732854247 0.9743509293
-119.8 -364.1 2636.1 0.0584438108 -0.8956055641 -0.4409931898 0.4945307076 0.4097106755 -0.7665354013 0.8671929836 -0.1732854247 0.4668495059
257.6 -131.5 2681.7 0.1622534543 0.1779425740 0.9705721140 -0.9097029567 0.4080063105 0.0772747844 -0.3822490871 -0.8954704404 0.2280753106
299.1 -364.2 2583.9 -0.6372098327 0.1779425740 0.7498667240 -0.6456649899 0.4080063105 -0.6454824209 -0.4208091497 -0.8954704404 -0.1450943351
26.2 -511.7 2688.6 0.9771254659 0.0251483694 -0.2111715525 -0.2079555243 -0.0947973281 -0.9735337496 -0.0445012860 0.9951788783 -0.0873991400
17.2 -477.8 2332.6 0.9771254659 0.2093098015 0.0376200750 -0.2079555243 0.9774408937 -0.0369303711 -0.0445012860 0.0282623004 0.9986094832
205.2 -516.1 2693.6 0.9865941405 -0.1623199731 0.0168578420 0.0054480280 -0.0704822317 -0.9974981546 0.1631020606 0.9842177033 -0.0686530322
263.7 -490.7 2338.9 0.9865941405 0.0010332852 -0.1631897539 0.0054480280 0.9992140532 0.0392639004 0.1631020606 -0.0396265946 0.9858130813
-135.3 -494.8 2406.8 0 0 0 0 0 0 0 0 0
129.3 -536.2 2471.8 0 0 0 0 0 0 0 0 0
-60.9 -842.6 2322.0 0 0 0 0 0 0 0 0 0
263.3 -863.6 2353.7 0 0 0 0 0 0 0 0 0
128.7 68.7 2675.7 5 0.9980615973 0.0576662049 -0.0234022811 -0.0572457425 0.9981932044 0.0182561465 0.0244127605 -0.0168810785 0.9995594025
117.4 -127.2 2679.0 0.9980615973 0.0576662049 -0.0234022811 -0.0572457425 0.9981932044 0.0182561465 0.0244127605 -0.0168810785 0.9995594025
106.3 -320.9 2683.9 0.9981020093 0.0571639165 -0.0229062457 -0.0565433912 0.9980382323 0.0268793143 0.0243978370 -0.0255331006 0.9993762374
-19.0 -119.5 2675.7 0.3991611600 -0.8910673261 -0.2160309702 0.9060128927 0.4194948375 -0.0562557876 0.1407515705 -0.1732717305 0.9747645259
-126.4 -363.3 2637.8 0.0651663467 -0.8910673261 -0.4491685033 0.4960570633 0.4194948375 -0.7602311969 0.8658410311 -0.1732717305 0.4693571925
253.7 -134.9 2682.3 0.1513572186 0.1815041900 0.9716723561 -0.9124815464 0.4036375582 0.0667393282 -0.3800899982 -0.8967345953 0.2267126888
292.5 -368.3 2585.1 -0.6450769901 0.1815041900 0.7422478795 -0.6394041777 0.4036375582 -0.6543997526 -0.4183754027 -0.8967345953 -0.1443227530
14.0 -508.9 2684.8 0.9791246057 -0.0026466968 -0.2032436281 -0.2027675956 -0.0823376328 -0.9757590890 -0.0141520621 0.9966009855 -0.0811554715
14.9 -479.8 2332.4 0.9791246057 0.2030751705 0.0086865937 -0.2027675956 0.9788316488 -0.0278190058 -0.0141520621 0.0254769139 0.9995752573
192.9 -517.0 2689.4 0.9789279103 -0.2040521652 0.0079269093 -0.0054909773 -0.0651070848 -0.9978631735 0.2041322440 0.9767925739 -0.0648555905
267.2 -493.3 2333.3 0.9789279103 0.0181974657 -0.2033936530 -0.0054909773 0.9980070591 0.0628629625 0.2041322440 -0.0604214817 0.9770768881
-143.6 -494.5 2408.9 0 0 0 0 0 0 0 0 0
120.6 -538.7 2473.6 0 0 0 0 0 0 0 0 0
-60.9 -845.2 2322.9 0 0 0 0 0 0 0 0 0
260.5 -865.7 2355.9 0 0 0 0 0 0 0 0 0
129.1 68.0 2675.3 6 0.9988492727 0.0317678861 -0.0359290950 -0.0309685506 0.9992650747 0.0225895774 0.0366203152 -0.0214509107 0.9990990162
122.8 -127.9 2679.5 0.9988492727 0.0317678861 -0.0359290950 -0.0309685506 0.9992650747 0.0225895774 0.0366203152 -0.0214509107 0.9990990162
117.1 -321.8 2684.9 0.9989213347 0.0296506304 -0.0357359089 -0.0286250971 0.9991730452 0.0288754757 0.0365625359 -0.0278213844 0.9989440441
-13.6 -124.0 2674.5 0.3720411956 -0.9002431631 -0.2261584401 0.9171603918 0.3940246403 -0.0596773326 0.1428361088 -0.1852211505 0.9722607732
-113.8 -370.8 2636.1 0.0408449061 -0.9002431631 -0.4334674180 0.4999715388 0.3940246403 -0.7712153196 0.8650781512 -0.1852211505 0.4661898315
259.3 -131.8 2684.5 0.1812992543 0.1810287386 0.9666225910 -0.9089091420 0.4061665833 0.0944078192 -0.3755192757 -0.8956881762 0.2381763756
305.7 -364.3 2588.4 -0.6219097972 0.1810287386 0.7618771791 -0.6582484245 0.4061665833 -0.6338278651 -0.4241901040 -0.8956881762 -0.1334371120
5.8 -509.5 2686.7 0.9790551662 -0.0253849141 -0.2020063102 -0.2034548670 -0.0851756036 -0.9753723741 0.0075537348 0.9960425496 -0.0885563046
14.8 -479.3 2332.5 0.9790551662 0.2031317800 -0.0137265613 -0.2034548670 0.9786563516 -0.0289459936 0.0075537348 0.0311324615 0.9994867444
184.6 -519.7 2691.1 0.9722709060 -0.2338462472 -0.0022925038 -0.0179305542 -0.0647692010 -0.9977391958 0.2331690788 0.9701138735 -0.0671662018
271.4 -495.6 2331.1 0.9722709060 0.0334362574 -0.2314548343 -0.0179305542 0.9974710345 0.0687751621 0.2331690788 -0.0627179742 0.9704115987
-124.6 -503.0 2407.4 0 0 0 0 0 0 0 0 0
140.0 -539.7 2475.4 0 0 0 0 0 0 0 0 0
-61.0 -844.6 2320.9 0 0 0 0 0 0 0 0 0
258.9 -867.9 2354.5 0 0 0 0 0 0 0 0 0
127.1 67.1 2675.1 7 0.9990730286 0.0288570765 -0.0319435522 -0.0280676223 0.9992960095 0.0248925965 0.0326393917 -0.0239729434 0.9991796613
121.4 -128.7 2679.8 0.9990730286 0.0288570765 -0.0319435522 -0.0280676223 0.9992960095 0.0248925965 0.0326393917 -0.0239729434 0.9991796613
116.2 -322.6 2685.5 0.9991355538 0.0267795455 -0.0317953974 -0.0258200318 0.9992098808 0.0302143060 0.0325794034 -0.0293672290 0.9990376234
-15.1 -125.2 2675.4 0.3700792193 -0.9020656943 -0.2220785469 0.9183865786 0.3912757933 -0.0589011386 0.1400266588 -0.1821558625 0.9732480645
-114.7 -372.4 2637.7 0.0429450944 -0.9020656943 -0.4294568896 0.5013264418 0.3912757933 -0.7717350721 0.8641918302 -0.1821558625 0.4690327644
257.9 -132.2 2684.3 0.1822955310 0.1763008237 0.9673088193 -0.9089456201 0.4053745568 0.0974134132 -0.3749483228 -0.8969891071 0.2341458350
304.6 -364.7 2588.4 -0.6217918992 0.1763008237 0.7630811334 -0.6605691314 0.4053745568 -0.6319175959 -0.4207412899 -0.8969891071 -0.1355997324
21.9 -513.1 2687.1 0.9745573401 0.0018484103 -0.2241307199 -0.2225972712 -0.1090780124 -0.9687891603 -0.0262384526 0.9940314889 -0.1058913246
21.2 -474.2 2332.7 0.9745573401 0.2233995497 0.0181834921 -0.2225972712 0.9741634130 -0.0381592587 -0.0262384526 0.0331407897 0.9991062284
200.8 -518.2 2693.6 0.9806547165 -0.1950632483 -0.0163284689 -0.0288419519 -0.0614837781 -0.9976912737 0.1936089545 0.9788616300 -0.0659203604
273.0 -495.5 2331.1 0.9806547165 0.0409870744 -0.1914062351 -0.0288419519 0.9974150062 0.0658135638 0.1936089545 -0.0590198524 0.9793019295
-126.0 -504.9 2409.2 0 0 0 0 0 0 0 0 0
138.9 -540.8 2476.2 0 0 0 0 0 0 0 0 0
-62.2 -837.8 2320.3 0 0 0 0 0 0 0 0 0
257.7 -867.7 2353.1 0 0 0 0 0 0 0 0 0
126.4 66.2 2675.1 8 0.9990295172 0.0341485068 -0.0278195832 -0.0335906036 0.9992299080 0.0202808492 0.0284907185 -0.0193266906 0.9994072318
119.7 -129.4 2678.8 0.9990295172 0.0341485068 -0.0278195832 -0.0335906036 0.9992299080 0.0202808492 0.0284907185 -0.0193266906 0.9994072318
113.4 -323.3 2683.3 0.9990856647 0.0325627029 -0.0277036950 -0.0319080763 0.9992085099 0.0237524211 0.0284552127 -0.0228467304 0.9993339181
-16.8 -125.1 2675.0 0.3760400116 -0.9004465342 -0.2186091542 0.9152435660 0.3977741897 -0.0640695468 0.1446482837 -0.1759879142 0.9737069011
-118.0 -371.4 2636.0 0.0492880382 -0.9004465342 -0.4321651757 0.4953039885 0.3977741897 -0.7723015547 0.8673203588 -0.1759879142 0.4656002522
256.2 -133.8 2682.7 0.1754565835 0.1751766503 0.9687766433 -0.9074863195 0.4102909565 0.0901663527 -0.3816852272 -0.8949717879 0.2309586555
301.1 -365.9 2585.1 -0.6273236871 0.1751766503 0.7588004470 -0.6540890336 0.4102909565 -0.6354753375 -0.4226493835 -0.8949717879 -0.1428041160
21.5 -514.2 2688.3 0.9756012559 0.0028161488 -0.2195319235 -0.2177902013 -0.1139349565 -0.9693225622 -0.0277421176 0.9934841990 -0.1105417609
20.5 -473.4 2332.5 0.9756012559 0.2186105400 0.0202886928 -0.2177902013 0.9753171206 -0.0363852866 -0.0277421176 0.0310788527 0.9991318583
200.5 -518.9 2694.2 0.9815456867 -0.1911292225 -0.0061408528 -0.0185101908 -0.0629992560 -0.9978418946 0.1903298795 0.9795410633 -0.0653744861
271.7 -495.4 2329.4 0.9815456867 0.0336934812 -0.1882361174 -0.0185101908 0.9964732528 0.0818442926 0.1903298795 -0.0768496245 0.9787076712
-131.0 -502.3 2406.7 0 0 0 0 0 0 0 0 0
133.9 -540.2 2472.4 0 0 0 0 0 0 0 0 0
-61.1 -837.5 2320.9 0 0 0 0 0 0 0 0 0
259.1 -867.3 2358.1 0 0 0 0 0 0 0 0 0
124.6 66.5 2666.0 9 0.9991863966 0.0308590997 -0.0259659253 -0.0295422226 0.9983294010 0.0496557876 0.0274548791 -0.0488482974 0.9984288216
118.5 -129.3 2675.6 0.9991863966 0.0308590997 -0.0259659253 -0.0295422226 0.9983294010 0.0496557876 0.0274548791 -0.0488482974 0.9984288216
112.9 -323.1 2685.3 0.9992463589 0.0288773216 -0.0259376355 -0.0275376365 0.9983392358 0.0506013297 0.0273557901 -0.0498489328 0.9983820915
-18.0 -125.6 2671.9 0.3729683459 -0.9022153616 -0.2165688425 0.9201581478 0.3896430731 -0.0385655835 0.1191790104 -0.1848938316 0.9755053520
-118.4 -373.2 2639.8 0.0490896367 -0.9022153616 -0.4284829795 0.5186938643 0.3896430731 -0.7610091567 0.8535495400 -0.1848938316 0.4871010184
255.0 -133.1 2679.3 0.1780559719 0.1720204353 0.9688678980 -0.9168155789 0.3866265416 0.0998452231 -0.3574146330 -0.9060512781 0.2265521884
300.6 -367.6 2587.9 -0.6257173419 0.1720204353 0.7608460784 -0.6675026417 0.3866265416 -0.6363647580 -0.4036310613 -0.9060512781 -0.1270948350
17.5 -514.4 2685.2 0.9814186692 0.0114943879 -0.1915341020 -0.1893751472 -0.1026986912 -0.9765193462 -0.0308947954 0.9946460724 -0.0986136571
13.5 -478.1 2333.1 0.9814186692 0.1900036633 0.0267589781 -0.1893751472 0.9816026092 -0.0243580062 -0.0308947954 0.0188379157 0.9993451238
196.5 -520.1 2690.3 0.9787992239 -0.2045344263 -0.0108528752 -0.0244545788 -0.0640909746 -0.9976443648 0.2033570558 0.9767589569 -0.0677340031
272.0 -496.5 2329.9 0.9787992239 0.0403374359 -0.2008108795 -0.0244545788 0.9964176416 0.0809558332 0.2033570558 -0.0743287653 0.9762792587
-131.4 -510.3 2414.1 0 0 0 0 0 0 0 0 0
133.8 -545.5 2480.3 0 0 0 0 0 0 0 0 0
-57.4 -844.3 2326.1 0 0 0 0 0 0 0 0 0
256.9 -868.4 2357.6 0 0 0 0 0 0 0 0 0
123.3 69.4 2653.0 0 0.9987299442 0.0287950523 -0.0413443297 -0.0247098263 0.9950620532 0.0961297974 0.0439082347 -0.0949860960 0.9945097566
117.6 -126.9 2671.7 0.9987299442 0.0287950523 -0.0413443297 -0.0247098263 0.9950620532 0.0961297974 0.0439082347 -0.0949860960 0.9945097566
112.2 -320.2 2688.9 0.9987479448 0.0278993975 -0.0415233932 -0.0240780413 0.9956648946 0.0898422971 0.0438499302 -0.0887300074 0.9950900078
-18.8 -123.7 2665.8 0.3694611192 -0.8999170065 -0.2316199988 0.9250181317 0.3799225390 -0.0006068363 0.0885437652 -0.2140284926 0.9728061557
-118.3 -372.6 2641.9 0.0349235721 -0.8999170065 -0.4346604049 0.5520399809 0.3799225390 -0.7422335744 0.8330859542 -0.2140284926 0.5100584626
254.1 -130.2 2677.7 0.1851888150 0.1853892058 0.9650574923 -0.9297644496 0.3510281444 0.1109831929 -0.3181872368 -0.9178290367 0.2373747826
301.4 -368.1 2596.3 -0.6182054877 0.1853892058 0.7638408542 -0.6843655109 0.3510281444 -0.6390798688 -0.3866081536 -0.9178290367 -0.0901335403
17.8 -514.3 2692.5 0.9835736156 0.0197420865 -0.1794244647 -0.1767928302 -0.0952524915 -0.9796281457 -0.0364305303 0.9952573776 -0.0901975855
10.6 -479.8 2331.4 0.9835736156 0.1774048656 0.0333227441 -0.1767928302 0.9840342402 -0.0205169674 -0.0364305303 0.0142887253 0.9992340207
196.8 -519.3 2697.4 0.9786120057 -0.2050352097 -0.0167072695 -0.0282735769 -0.0536118075 -0.9981614947 0.2037625462 0.9772852063 -0.0582622364
273.5 -499.2 2331.6 0.9786120057 0.0414849296 -0.2014883906 -0.0282735769 0.9972838759 0.0680108145 0.2037625462 -0.0608594008 0.9771268964
-127.5 -518.6 2421.7 0 0 0 0 0 0 0 0 0
136.7 -550.4 2493.3 0 0 0 0 0 0 0 0 0
-55.6 -847.0 2326.1 0 0 0 0 0 0 0 0 0
258.1 -871.4 2354.4 0 0 0 0 0 0 0 0 0
119.3 71.9 2645.5 1 0.9989661574 0.0144175170 -0.0431132801 -0.0093578026 0.9932823777 0.1153365672 0.0444865301 -0.1148138791 0.9923903942
116.5 -124.3 2668.2 0.9989661574 0.0144175170 -0.0431132801 -0.0093578026 0.9932823777 0.1153365672 0.0444865301 -0.1148138791 0.9923903942
113.8 -317.2 2688.8 0.9989691973 0.0138446875 -0.0432308801 -0.0091453735 0.9942098260 0.1070664600 0.0444628671 -0.1065607369 0.9933115840
-20.0 -123.1 2662.1 0.3562935591 -0.9051089883 -0.2320185006 0.9315946698 0.3632461131 0.0135500971 0.0720155016 -0.2209750116 0.9726169705
-115.9 -373.8 2642.7 0.0267388169 -0.9051089883 -0.4243379831 0.5673222542 0.3632461131 -0.7390518785 0.8230616450 -0.2209750116 0.5232012272
253.0 -125.5 2674.2 0.1984695047 0.1808086634 0.9632850289 -0.9326030016 0.3371106088 0.1288722754 -0.3014324009 -0.9239397645 0.2355288863
303.7 -364.1 2597.1 -0.6082869768 0.1808086634 0.7728487253 -0.6998689771 0.3371106088 -0.6297140718 -0.3743932843 -0.9239397645 -0.0785176232
17.2 -511.1 2702.2 0.9815280437 0.0118768942 -0.1909492165 -0.1892006844 -0.0878266171 -0.9780028462 -0.0283860620 0.9960649610 -0.0839571729
12.8 -478.5 2331.7 0.9815280437 0.1897448450 0.0244859420 -0.1892006844 0.9816709161 -0.0229198560 -0.0283860620 0.0178637244 0.9994373918
196.2 -515.4 2710.1 0.9812729359 -0.1925405413 -0.0056190812 -0.0147640035 -0.0460942984 -0.9988279939 0.1920558810 0.9802058339 -0.0480737574
269.9 -497.7 2334.8 0.9812729359 0.0263713673 -0.1908087730 -0.0147640035 0.9979669452 0.0620004795 0.1920558810 -0.0580222905 0.9796672463
-123.0 -523.8 2425.1 0 0 0 0 0 0 0 0 0
141.6 -550.6 2497.3 0 0 0 0 0 0 0 0 0
-58.0 -844.8 2325.0 0 0 0 0 0 0 0 0 0
260.0 -870.2 2356.5 0 0 0 0 0 0 0 0 0
119.3 68.4 2650.7 2 0.9994118214 0.0139061417 -0.0313476697 -0.0110643851 0.9959639311 0.0890700445 0.0324597657 -0.0886708051 0.9955319166
116.5 -128.8 2668.3 0.9994118214 0.0139061417 -0.0313476697 -0.0110643851 0.9959639311 0.0890700445 0.0324597657 -0.0886708051 0.9955319166
114.1 -322.1 2685.0 0.9994336367 0.0121592749 -0.0313783474 -0.0093969479 0.9961879253 0.0867253393 0.0323132463 -0.0863813609 0.9957379699
-20.0 -127.5 2663.9 0.3567475080 -0.9078391194 -0.2203617692 0.9301625490 0.3670908511 -0.0064725000 0.0867687836 -0.2026632279 0.9753967524
-116.0 -377.9 2640.5 0.0363587253 -0.9078391194 -0.4177393019 0.5504085422 0.3670908511 -0.7498631477 0.8341034055 -0.2026632279 0.5130293965
253.0 -130.1 2672.7 0.1952292472 0.1695943773 0.9659830928 -0.9261207581 0.3560320735 0.1246655658 -0.3227783740 -0.9189553261 0.2265727520
303.0 -367.0 2590.1 -0.6124385595 0.1695943773 0.7721118927 -0.6924737692 0.3560320735 -0.6274721026 -0.3813123405 -0.9189553261 -0.1006081179
21.6 -509.3 2705.5 0.9792160392 0.0149977170 -0.2022648007 -0.2002163827 -0.0878019035 -0.9758095145 -0.0323941484 0.9960250258 -0.0829742476
16.0 -476.5 2333.5 0.9792160392 0.2010641843 0.0266303420 -0.2002163827 0.9792479277 -0.0314150602 -0.0323941484 0.0254302993 0.9991515875
200.5 -510.9 2713.5 0.9841703773 -0.1771021634 -0.0065951040 -0.0132810157 -0.0365928747 -0.9992420077 0.1767265946 0.9835119843 -0.0383657217
268.7 -496.8 2335.3 0.9841703773 0.0230790265 -0.1757157743 -0.0132810157 0.9983009696 0.0567338541 0.1767265946 -0.0535020940 0.9828047752
-125.7 -523.4 2420.0 0 0 0 0 0 0 0 0 0
139.8 -551.5 2488.5 0 0 0 0 0 0 0 0 0
-59.1 -842.0 2324.0 0 0 0 0 0 0 0 0 0
260.0 -869.5 2355.2 0 0 0 0 0 0 0 0 0
118.3 70.6 2645.8 3 0.9994851947 0.0108077126 -0.0302088708 -0.0076017254 0.9945173264 0.1042953581 0.0311704390 -0.1040120274 0.9940874577
116.1 -127.2 2666.5 0.9994851947 0.0108077126 -0.0302088708 -0.0076017254 0.9945173264 0.1042953581 0.0311704390 -0.1040120274 0.9940874577
114.3 -320.4 2685.4 0.9994966388 0.0094758337 -0.0302769747 -0.0064781606 0.9952031970 0.0976147801 0.0310567226 -0.0973695070 0.9947636127
-20.4 -126.4 2662.3 0.3544632196 -0.9090514183 -0.2190463841 0.9319739342 0.3625063002 0.0037142427 0.0760292560 -0.2054620683 0.9757073522
-115.8 -377.2 2641.9 0.0360492468 -0.9090514183 -0.4151215851 0.5596603751 0.3625063002 -0.7452311516 0.8279376626 -0.2054620683 0.5218281150
252.7 -128.1 2670.8 0.1971867681 0.1674530208 0.9659590125 -0.9291188121 0.3463149369 0.1296312213 -0.3128188848 -0.9230522513 0.2238724828
303.1 -365.8 2590.7 -0.6111579537 0.1674530208 0.7735925913 -0.6982023716 0.3463149369 -0.6265615821 -0.3728263080 -0.9230522513 -0.0947370231
22.2 -514.6 2698.9 0.9779260159 0.0148821399 -0.2084208727 -0.2056611478 -0.1077631637 -0.9726718664 -0.0369355306 0.9940652251 -0.1023237258
16.7 -475.1 2334.3 0.9779260159 0.2068322301 0.0296844486 -0.2056611478 0.9778761268 -0.0382330082 -0.0369355306 0.0312841162 0.9988278747
201.3 -516.2 2704.7 0.9840882421 -0.1776765883 -0.0011787576 -0.0107296119 -0.0528028980 -0.9985473156 0.1773562431 0.9826713204 -0.0538691133
268.1 -496.4 2335.1 0.9840882421 0.0207654852 -0.1764629036 -0.0107296119 0.9982799292 0.0576375164 0.1773562431 -0.0548270233 0.9826183319
-125.3 -525.2 2423.0 0 0 0 0 0 0 0 0 0
140.3 -551.8 2491.4 0 0 0 0 0 0 0 0 0
-60.5 -840.1 2322.6 0 0 0 0 0 0 0 0 0
260.3 -869.0 2355.5 0 0 0 0 0 0 0 0 0
115.8 70.3 2650.9 4 0.9997272491 0.0096395379 0.0212715063 -0.0119161233 0.9939002991 0.1096365005 -0.0200849120 -0.1098600700 0.9937441349
113.9 -126.7 2672.7 0.9997272491 0.0096395379 0.0212715063 -0.0119161233 0.9939002991 0.1096365005 -0.0200849120 -0.1098600700 0.9937441349
112.3 -319.7 2693.8 0.9997419715 0.0079871668 0.0212640371 -0.0102553815 0.9940114021 0.1087940335 -0.0202677399 -0.1089840382 0.9938368797
-22.7 -125.4 2675.5 0.3612083793 -0.9171224236 -0.1685675234 0.9312915802 0.3639461100 0.0154668977 0.0471644551 -0.1625722945 0.9855687618
-119.9 -376.0 2662.8 0.0805626363 -0.9171224236 -0.3903795183 0.5686784983 0.3639461100 -0.7376638651 0.8186051846 -0.1625722945 0.5508682728
250.5 -128.1 2669.9 0.1775417775 0.1209924072 0.9766471982 -0.9333451986 0.3353359699 0.1281267852 -0.3120025694 -0.9342968464 0.1724638343
295.9 -366.9 2590.1 -0.6319948435 0.1209924072 0.7654693723 -0.6997777820 0.3353359699 -0.6307621002 -0.3330068588 -0.9342968464 -0.1272628158
22.9 -512.9 2701.5 0.9812155366 0.0279808585 -0.1908745617 -0.1874551922 -0.0954271555 -0.9776268005 -0.0455694534 0.9950430989 -0.0883894563
12.7 -478.3 2340.7 0.9812155366 0.1887733787 0.0397572145 -0.1874551922 0.9816617370 -0.0346516855 -0.0455694534 0.0265480783 0.9986083508
202.0 -514.1 2707.1 0.9849832058 -0.1724854112 0.0075428337 -0.0009992163 -0.0493829474 -0.9987794161 0.1726473719 0.9837734103 -0.0488137230
267.1 -495.4 2335.7 0.9849832058 0.0107849967 -0.1723130792 -0.0009992163 0.9983863831 0.0567767881 0.1726473719 -0.0557520017 0.9834045768
-141.2 -526.3 2446.4 0 0 0 0 0 0 0 0 0
127.5 -553.3 2501.4 0 0 0 0 0 0 0 0 0
-57.7 -844.7 2330.8 0 0 0 0 0 0 0 0 0
263.1 -868.1 2356.5 0 0 0 0 0 0 0 0 0
115.1 68.3 2653.9 5 0.9996199608 0.0120131746 0.0248119012 -0.0146250986 0.9940514565 0.1079251021 -0.0233677831 -0.1082469672 0.9938493371
112.7 -128.2 2675.3 0.9996199608 0.0120131746 0.0248119012 -0.0146250986 0.9940514565 0.1079251021 -0.0233677831 -0.1082469672 0.9938493371
109.8 -321.2 2695.0 0.9995869398 0.0146623487 0.0247170459 -0.0170852859 0.9947546124 0.1008530930 -0.0231086519 -0.1012337357 0.9945942760
-23.9 -125.8 2678.5 0.3678565323 -0.9149844646 -0.1657859981 0.9283455014 0.3716113865 0.0089230044 0.0534435511 -0.1571890712 0.9861213565
-122.9 -375.7 2664.1 0.0867644772 -0.9149844646 -0.3940499425 0.5616704822 0.3716113865 -0.7392098904 0.8227989674 -0.1571890712 0.5461624861
249.3 -130.5 2672.2 0.1701470017 0.1208110228 0.9779850245 -0.9320905805 0.3417914510 0.1199407354 -0.3197767437 -0.9319781661 0.1707616001
292.8 -368.9 2590.3 -0.6377857327 0.1208110228 0.7606800199 -0.6927119493 0.3417914510 -0.6350817084 -0.3367187977 -0.9319781661 -0.1343024671
21.4 -511.6 2716.8 0.9817672968 0.0247104988 -0.1884738952 -0.1858271211 -0.0839634165 -0.9789884686 -0.0400162078 0.9961624146 -0.0778406560
12.1 -480.1 2342.3 0.9817672968 0.1865935773 0.0362747349 -0.1858271211 0.9823015928 -0.0234921165 -0.0400162078 0.0163229629 0.9990656972
200.3 -513.5 2713.2 0.9855602980 -0.1688342690 0.0128817288 0.0047794967 -0.0483080819 -0.9988210201 0.1692575067 0.9844599366 -0.0468035862
264.8 -495.1 2337.0 0.9855602980 0.0019350032 -0.1693139225 0.0047794967 0.9992183447 0.0392405577 0.1692575067 -0.0394831710 0.9847806692
-145.8 -524.2 2446.6 0 0 0 0 0 0 0 0 0
122.8 -553.5 2500.6 0 0 0 0 0 0 0 0 0
-57.6 -846.7 2336.2 0 0 0 0 0 0 0 0 0
264.1 -868.0 2351.8 0 0 0 0 0 0 0 0 0
115.3 65.7 2656.0 6 0.9996185899 0.0033741246 0.0274090711 -0.0060488181 0.9951585531 0.0980960578 -0.0269453842 -0.0982244387 0.9947994351
114.7 -130.5 2675.3 0.9996185899 0.0033741246 0.0274090711 -0.0060488181 0.9951585531 0.0980960578 -0.0269453842 -0.0982244387 0.9947994351
113.8 -323.8 2693.3 0.9996160865 0.0042020772 0.0273874663 -0.0067176959 0.9956975579 0.0924188718 -0.0268812831 -0.0925673693 0.9953435063
-21.9 -129.6 2679.0 0.3586233556 -0.9192818403 -0.1622040868 0.9315365553 0.3636451066 -0.0013662154 0.0602406599 -0.1506090760 0.9867562652
-118.4 -380.3 2662.8 0.0841220766 -0.9192818403 -0.3845053315 0.5553245544 0.3636451066 -0.7479150295 0.8273681998 -0.1506090760 0.5410903692
251.2 -131.4 2671.6 0.1783975661 0.1138777882 0.9773464799 -0.9274871349 0.3511195183 0.1283851117 -0.3285452127 -0.9293798804 0.1682590544
296.9 -368.7 2587.6 -0.6319774985 0.1138777882 0.7665743828 -0.6961977482 0.3511195183 -0.6261180043 -0.3404601812 -0.9293798804 -0.1426181644
17.5 -512.8 2716.7 0.9799456000 0.0102740759 -0.1990001947 -0.1972264647 -0.0924839601 -0.9759858847 -0.0284316801 0.9956611395 -0.0886029303
13.7 -478.2 2344.6 0.9799456000 0.1977698803 0.0243661553 -0.1972264647 0.9800878763 -0.0230101086 -0.0284316801 0.0177430045 0.9994382262
196.5 -515.8 2712.5 0.9835657477 -0.1804901958 0.0046581477 -0.0051762559 -0.0539779030 -0.9985287189 0.1804760844 0.9820945263 -0.0540250801
265.9 -495.1 2335.0 0.9835657477 0.0128890146 -0.1800896525 -0.0051762559 0.9990516305 0.0432318188 0.1804760844 -0.0415891483 0.9826996922
-140.7 -527.1 2444.1 0 0 0 0 0 0 0 0 0
128.5 -554.2 2496.9 0 0 0 0 0 0 0 0 0
-60.1 -844.0 2338.0 0 0 0 0 0 0 0 0 0
261.1 -868.0 2350.5 0 0 0 0 0 0 0 0 0
112.2 67.5 2656.5 7 0.9987739921 -0.0158602688 0.0468934625 0.0109636365 0.9946321845 0.1028915122 -0.0482736342 -0.1022512391 0.9935865998
115.3 -128.7 2676.6 0.9987739921 -0.0158602688 0.0468934625 0.0109636365 0.9946321845 0.1028915122 -0.0482736342 -0.1022512391 0.9935865998
118.5 -321.8 2695.6 0.9987625480 -0.0163536631 0.0469677597 0.0116707310 0.9950881600 0.0983024836 -0.0483446680 -0.0976326838 0.9940475821
-21.1 -130.3 2683.3 0.3423937559 -0.9289190769 -0.1409819424 0.9383380413 0.3457177877 0.0009733461 0.0478358045 -0.1326219887 0.9900116920
-113.2 -382.8 2670.4 0.0914482176 -0.9289190769 -0.3588127792 0.5612635016 0.3457177877 -0.7519723773 0.8225694299 -0.1326219887 0.5529836416
251.8 -127.1 2670.0 0.1885893345 0.0873802528 0.9781609178 -0.9257867336 0.3481296301 0.1473927796 -0.3276475668 -0.9333651066 0.1465490162
