-3.2 69.1 2538.2 4 0.9678395987 0.2104161978 0.1378825158 -0.2496397793 0.8710473776 0.4230323732 -0.0310893375 -0.4438484311 0.8955624104
-44.6 -101.9 2625.3 0.9678395987 0.2104161978 0.1378825158 -0.2496397793 0.8710473776 0.4230323732 -0.0310893375 -0.4438484311 0.8955624104
-86.0 -269.3 2717.7 0.9665721059 0.2118358314 0.1444434077 -0.2548236251 0.8559702039 0.4498665631 -0.0283413995 -0.4716360867 0.8813377023
-182.2 -65.6 2629.4 0.0915494636 -0.9948786497 0.0428394899 0.8641968369 0.1007510498 0.4929635525 -0.4947550297 -0.0081087993 0.8689946532
-206.7 -296.6 2761.7 -0.0044895848 -0.9948786497 -0.1009770781 0.0360972956 0.1007510498 -0.9942566156 0.9993382096 -0.0081087993 0.0354600996
93.1 -138.1 2621.2 -0.2350647002 0.9532427788 0.1899284571 -0.8545656204 -0.1095848903 -0.5076501966 -0.4631005824 -0.2816369832 0.8403680325
29.7 -368.4 2496.4 -0.3006046712 0.9532427788 -0.0310654901 -0.2480314672 -0.1095848903 -0.9625338912 -0.9209328294 -0.2816369832 0.2693759203
-200.2 -406.3 2820.2 0.9979977012 -0.0614610575 -0.0149361826 -0.0239243433 -0.1482166350 -0.9886655211 0.0585506335 0.9870432615 -0.1493902802
-176.2 -348.3 2434.1 0.9979977012 0.0006630997 -0.0632464290 -0.0239243433 0.9296097755 -0.3677680194 0.0585506335 0.3685447872 0.9277642965
-24.4 -449.1 2816.3 0.9717043042 -0.2294910550 -0.0558981225 -0.0801325589 -0.0976723060 -0.9919873476 0.2221925110 0.9683976173 -0.1132983044
65.4 -410.9 2437.5 0.9717043042 -0.0177447945 -0.2355331481 -0.0801325589 0.9132698774 -0.3993957341 0.2221925110 0.4069684446 0.8860062957
-205.5 -305.8 2507.4 0 0 0 0 0 0 0 0 0
-53.3 -437.0 2241.9 0 0 0 0 0 0 0 0 0
-176.5 -790.9 2258.6 0 0 0 0 0 0 0 0 0
72.8 -795.4 2266.2 0 0 0 0 0 0 0 0 0
-0.9 78.1 2533.7 5 0.9576718211 0.2199701518 0.1856821030 -0.2788347304 0.8691288829 0.4084925354 -0.0715255067 -0.4429763854 0.8936755657
-44.4 -94.1 2621.4 0.9576718211 0.2199701518 0.1856821030 -0.2788347304 0.8691288829 0.4084925354 -0.0715255067 -0.4429763854 0.8936755657
-87.7 -261.6 2712.9 0.9562640786 0.2211312801 0.1914680302 -0.2843413949 0.8563182950 0.4311252236 -0.0686222985 -0.4667118490 0.8817431927
-180.5 -53.6 2631.2 0.1005936041 -0.9907537699 0.0910378024 0.8686218858 0.1320739537 0.4775484502 -0.4851566553 0.0310391076 0.8738762140
-207.4 -285.9 2761.0 0.0339611992 -0.9907537699 -0.1313529313 0.0199293643 0.1320739537 -0.9910395145 0.9992244244 0.0310391076 0.0242304821
91.6 -134.5 2611.6 -0.2507225871 0.9569800496 0.1460387558 -0.8859429955 -0.1660248041 -0.4330597520 -0.3901835084 -0.2379598916 0.8894559741
24.2 -373.0 2506.6 -0.2720168233 0.9569800496 -0.1009751707 -0.2279468924 -0.1660248041 -0.9594144225 -0.9349048138 -0.2379598916 0.2633021772
-214.9 -413.4 2812.6 0.9934346080 -0.1074948609 -0.0391469821 -0.0529492870 -0.1287100315 -0.9902676940 0.1014100760 0.9858390093 -0.1335567832
-172.9 -363.1 2427.2 0.9934346080 0.0118179936 -0.1137891263 -0.0529492870 0.9291987419 -0.3657677472 0.1014100760 0.3693913817 0.9237239957
-40.2 -459.7 2807.4 0.9587561488 -0.2725390494 -0.0806790739 -0.1044677272 -0.0739099085 -0.9917781353 0.2643352747 0.9593017101 -0.0993331149
66.3 -430.9 2432.4 0.9587561488 -0.0158897042 -0.2837854326 -0.1044677272 0.9088507295 -0.4038278162 0.2643352747 0.4168187976 0.8697062135
-216.0 -291.0 2506.9 0 0 0 0 0 0 0 0 0
-52.9 -437.5 2241.8 0 0 0 0 0 0 0 0 0
-178.3 -787.6 2258.4 0 0 0 0 0 0 0 0 0
72.7 -795.6 2265.1 0 0 0 0 0 0 0 0 0
0.2 83.2 2531.0 6 0.9530403018 0.2299186736 0.1971079707 -0.2931258678 0.8638839126 0.4096117914 -0.0761010051 -0.4481540024 0.8907113075
-45.4 -88.1 2619.9 0.9530403018 0.2299186736 0.1971079707 -0.2931258678 0.8638839126 0.4096117914 -0.0761010051 -0.4481540024 0.8907113075
-90.5 -254.7 2712.4 0.9516501427 0.2302812636 0.2033039927 -0.2983054221 0.8507566452 0.4326973259 -0.0733201504 -0.4724231660 0.8783168793
-180.9 -45.7 2630.4 0.1096188203 -0.9885594249 0.1036049053 0.8647813797 0.1462393403 0.4803823531 -0.4900376201 0.0369366445 0.8709183931
-210.2 -277.0 2761.5 0.0409739725 -0.9885594249 -0.1451599002 0.0246913768 0.1462393403 -0.9889410734 0.9988550544 0.0369366445 0.0304009002
90.1 -130.6 2609.4 -0.2447348833 0.9574910402 0.1526949257 -0.9000617266 -0.1657891124 -0.4029924273 -0.3605464697 -0.2360611558 0.9023754001
24.4 -372.2 2512.7 -0.2702564001 0.9574910402 -0.1008582339 -0.2294437140 -0.1657891124 -0.9590982795 -0.9350492358 -0.2360611558 0.2644958794
-217.4 -403.4 2810.5 0.9933458567 -0.1076685041 -0.0408842079 -0.0488912836 -0.0728094280 -0.9961467981 0.1042768732 0.9915171862 -0.0775889903
-175.4 -375.0 2423.1 0.9933458567 0.0069117513 -0.1149619594 -0.0488912836 0.9290958047 -0.3665932119 0.1042768732 0.3697744906 0.9232513905
-44.8 -454.9 2798.1 0.9540420771 -0.2824376225 -0.1001635864 -0.1129528061 -0.0293250941 -0.9931675196 0.2775705457 0.9588373303 -0.0598794930
65.6 -443.4 2423.3 0.9540420771 -0.0126652578 -0.2994049788 -0.1129528061 0.9102200866 -0.3984232247 0.2775705457 0.4139311612 0.8669576645
-220.6 -283.3 2507.2 0 0 0 0 0 0 0 0 0
-53.0 -437.9 2244.6 0 0 0 0 0 0 0 0 0
-178.4 -788.1 2258.7 0 0 0 0 0 0 0 0 0
70.5 -796.1 2262.8 0 0 0 0 0 0 0 0 0
-5.0 79.9 2538.6 7 0.9671950340 0.1961713582 0.1614018083 -0.2469107509 0.8753550053 0.4156786203 -0.0597396307 -0.4418941438 0.8950758576
-44.1 -94.5 2626.7 0.9671950340 0.1961713582 0.1614018083 -0.2469107509 0.8753550053 0.4156786203 -0.0597396307 -0.4418941438 0.8950758576
-82.6 -262.8 2719.0 0.9660354853 0.1965274066 0.1677867174 -0.2520345449 0.8599058986 0.4438923299 -0.0570437834 -0.4711037874 0.8802313209
-181.5 -58.7 2634.8 0.0755426958 -0.9949535131 0.0660364628 0.8677819371 0.0982193872 0.4871420860 -0.4911697805 0.0205052271 0.8708224893
-201.8 -290.7 2766.2 0.0234139170 -0.9949535131 -0.0975669101 0.0285535958 0.0982193872 -0.9947550893 0.9993180037 0.0205052271 0.0307092015
93.3 -130.4 2618.6 -0.2352087051 0.9566773176 0.1715966761 -0.8844000101 -0.1374342591 -0.4460363388 -0.4031295776 -0.2566717267 0.8784111738
27.8 -377.0 2506.2 -0.2817358971 0.9566773176 -0.0734401047 -0.2146161497 -0.1374342591 -0.9669807553 -0.9351816773 -0.2566717267 0.2440385520
-221.5 -394.2 2811.6 0.9927777052 -0.1132025719 -0.0397196673 -0.0460790768 -0.0541249849 -0.9974703789 0.1107663885 0.9920966029 -0.0589503497
-177.3 -373.0 2423.6 0.9927777052 0.0018097056 -0.1199549884 -0.0460790768 0.9289416075 -0.3673475385 0.1107663885 0.3702218533 0.9223158956
-49.6 -448.2 2798.4 0.9499041438 -0.2919252515 -0.1116320863 -0.1165344492 0.0005992086 -0.9931864738 0.2900031209 0.9564409256 -0.0334501565
64.6 -448.4 2424.3 0.9499041438 -0.0168774109 -0.3120853007 -0.1165344492 0.9074073434 -0.4037717879 0.2900031209 0.4199132025 0.8599832058
-207.7 -298.0 2511.8 0 0 0 0 0 0 0 0 0
-52.1 -437.8 2241.2 0 0 0 0 0 0 0 0 0
-178.1 -788.1 2258.1 0 0 0 0 0 0 0 0 0
71.0 -796.6 2263.1 0 0 0 0 0 0 0 0 0
-10.2 76.4 2545.0 8 0.9762384295 0.1694871485 0.1350283325 -0.2106512636 0.8884223104 0.4078379869 -0.0508388802 -0.4265910089 0.9030146599
-43.8 -99.5 2629.4 0.9762384295 0.1694871485 0.1350283325 -0.2106512636 0.8884223104 0.4078379869 -0.0508388802 -0.4265910089 0.9030146599
-76.6 -270.1 2719.6 0.9756181240 0.1679167449 0.1413267404 -0.2138873488 0.8718019724 0.4406966269 -0.0492085926 -0.4601795971 0.8864610791
-182.6 -69.1 2636.4 0.0467132851 -0.9981759191 0.0382451527 0.8752156496 0.0593531169 0.4800778925 -0.4814721644 0.0110467393 0.8763917685
-195.1 -303.1 2765.2 0.0121907992 -0.9981759191 -0.0591287352 0.0189480670 0.0593531169 -0.9980571866 0.9997461438 0.0110467393 0.0196370669
95.1 -130.0 2622.5 -0.2246419936 0.9532077909 0.2023139149 -0.8704348803 -0.1029608771 -0.4813960493 -0.4380400479 -0.2842428684 0.8528346419
32.6 -372.1 2500.6 -0.3009368479 0.9532077909 -0.0288436860 -0.2334512621 -0.1029608771 -0.9669020176 -0.9246283174 -0.2842428684 0.2535122931
-208.2 -408.2 2816.5 0.9958467484 -0.0858156681 -0.0304131936 -0.0400696024 -0.1131481007 -0.9927698374 0.0817540139 0.9898652434 -0.1161167696
-174.7 -364.0 2429.9 0.9958467484 0.0065478981 -0.0908097848 -0.0400696024 0.9271414876 -0.3725628555 0.0817540139 0.3746542335 0.9235531688
-33.8 -453.7 2806.2 0.9601426721 -0.2625578642 -0.0958613828 -0.1105111316 -0.0415741764 -0.9930049777 0.2567358911 0.9640201926 -0.0689327121
68.8 -437.5 2429.4 0.9601426721 -0.0075756572 -0.2794076502 -0.1105111316 0.9078939557 -0.4043709636 0.2567358911 0.4191314876 0.8708705306
-198.2 -308.0 2510.6 0 0 0 0 0 0 0 0 0
-52.3 -437.9 2239.9 0 0 0 0 0 0 0 0 0
-177.7 -788.7 2258.2 0 0 0 0 0 0 0 0 0
71.8 -796.2 2263.7 0 0 0 0 0 0 0 0 0
-16.0 71.3 2545.1 9 0.9803264737 0.1600778103 0.1154778451 -0.1939929128 0.8893551230 0.4140219688 -0.0364250839 -0.4282785654 0.9029123187
-47.5 -103.9 2629.5 0.9803264737 0.1600778103 0.1154778451 -0.1939929128 0.8893551230 0.4140219688 -0.0364250839 -0.4282785654 0.9029123187
-78.8 -275.0 2719.3 0.9797058105 0.1599353105 0.1208190694 -0.1974134594 0.8742840886 0.4434582591 -0.0347055607 -0.4583099186 0.8881145716
-187.0 -75.8 2634.4 0.0390682779 -0.9990888834 0.0171775520 0.8757895827 0.0425135866 0.4808172584 -0.4811094403 -0.0037407810 0.8766525388
-197.5 -310.0 2763.1 -0.0029014610 -0.9990888834 -0.0425791033 0.0197869800 0.0425135866 -0.9988999367 0.9998000264 -0.0037407810 0.0196455996
92.0 -132.0 2624.6 -0.2328822911 0.9569665790 0.1731496602 -0.8640590310 -0.1219023317 -0.4884074628 -0.4462822676 -0.2633529603 0.8552644849
26.7 -374.1 2499.5 -0.2859605849 0.9569665790 -0.0494116955 -0.2416011244 -0.1219023317 -0.9626882672 -0.9272838831 -0.2633529603 0.2660634518
-197.4 -421.3 2814.2 0.9987277389 -0.0492012948 -0.0110529391 -0.0183747951 -0.1509517431 -0.9883703589 0.0469606407 0.9873159528 -0.1516637504
-178.2 -362.3 2428.5 0.9987277389 -0.0003015055 -0.0504266210 -0.0183747951 0.9290577173 -0.3694781363 0.0469606407 0.3699346483 0.9278701544
-21.3 -459.9 2805.4 0.9687640667 -0.2325555682 -0.0861052722 -0.0972360447 -0.0368091092 -0.9945804477 0.2281257510 0.9718863368 -0.0582721233
69.6 -445.5 2425.2 0.9687640667 -0.0070494912 -0.2478840798 -0.0972360447 0.9087501168 -0.4058550596 0.2281257510 0.4172810614 0.8796790242
-196.7 -315.1 2508.6 0 0 0 0 0 0 0 0 0
-54.8 -443.0 2235.2 0 0 0 0 0 0 0 0 0
-178.1 -789.4 2258.5 0 0 0 0 0 0 0 0 0
72.3 -795.5 2264.5 0 0 0 0 0 0 0 0 0
-17.8 70.3 2544.7 0 0.9827985168 0.1506980509 0.1067573130 -0.1819701493 0.8888631463 0.4204868376 -0.0315260999 -0.4326804876 0.9009959698
-47.5 -104.8 2629.9 0.9827985168 0.1506980509 0.1067573130 -0.1819701493 0.8888631463 0.4204868376 -0.0315260999 -0.4326804876 0.9009959698
-76.9 -275.8 2720.7 0.9823181033 0.1500869542 0.1119153723 -0.1847848743 0.8733375669 0.4507061839 -0.0300947782 -0.4634171128 0.8856291175
-187.4 -78.5 2634.2 0.0293525048 -0.9995388389 0.0077782949 0.8732032776 0.0294281580 0.4864668250 -0.4864713848 -0.0074869874 0.8736644387
-195.3 -312.1 2764.4 -0.0067118951 -0.9995388389 -0.0296145547 0.0263495613 0.0294281580 -0.9992195368 0.9996302724 -0.0074869874 0.0261398926
92.4 -131.1 2625.6 -0.2219742090 0.9545306563 0.1989942044 -0.8590579629 -0.0949095935 -0.5030025244 -0.4612448812 -0.2826011479 0.8410646319
30.7 -370.2 2497.3 -0.2976966202 0.9545306563 -0.0157465730 -0.2533954084 -0.0949095935 -0.9626956582 -0.9204170108 -0.2826011479 0.2701279521
-198.6 -428.3 2812.2 0.9984245300 -0.0552704744 -0.0096752103 -0.0213448592 -0.2146498114 -0.9764578342 0.0518925041 0.9751259685 -0.2154913843
-177.0 -344.5 2431.6 0.9984245300 0.0012126551 -0.0560978092 -0.0213448592 0.9328123331 -0.3597297370 0.0518925041 0.3603604138 0.9313686490
-21.6 -463.9 2806.0 0.9724736214 -0.2270192057 -0.0525100715 -0.0809946582 -0.1180336252 -0.9897009134 0.2184831649 0.9667111039 -0.1331719309
67.0 -417.9 2428.8 0.9724736214 -0.0133520365 -0.2326300740 -0.0809946582 0.9167336822 -0.3912023306 0.2184831649 0.3992757499 0.8904178739
-193.5 -318.8 2509.8 0 0 0 0 0 0 0 0 0
-54.0 -442.2 2235.5 0 0 0 0 0 0 0 0 0
-177.6 -789.2 2259.8 0 0 0 0 0 0 0 0 0
72.5 -795.9 2264.2 0 0 0 0 0 0 0 0 0
-16.6 69.4 2544.5 1 0.9812615514 0.1626669765 0.1032724306 -0.1911707222 0.8888844252 0.4163390398 -0.0240726471 -0.4282801449 0.9033253193
-48.5 -104.7 2628.4 0.9812615514 0.1626669765 0.1032724306 -0.1911707222 0.8888844252 0.4163390398 -0.0240726471 -0.4282801449 0.9033253193
-80.4 -275.9 2717.9 0.9806588888 0.1629111916 0.1084807888 -0.1944347173 0.8743988276 0.4445467293 -0.0224338397 -0.4570411444 0.8891626000
-188.2 -77.0 2631.6 0.0423911922 -0.9990896583 0.0047829542 0.8756808639 0.0394589975 0.4812753797 -0.4810259640 -0.0162134953 0.8765563965
-199.5 -311.3 2760.3 -0.0153967859 -0.9990896583 -0.0397847816 0.0209143106 0.0394589975 -0.9990022779 0.9996626973 -0.0162134953 0.0202877298
91.2 -132.4 2625.2 -0.2313343883 0.9570802450 0.1745902896 -0.8459624052 -0.1092664003 -0.5219275951 -0.4804497659 -0.2684366405 0.8349310160
27.2 -366.7 2492.1 -0.2888772786 0.9570802450 -0.0233940445 -0.2848900855 -0.1092664003 -0.9523121715 -0.9139953852 -0.2684366405 0.3042272627
-195.0 -430.1 2814.2 0.9988227487 -0.0475347824 -0.0096729612 -0.0193933994 -0.2085231543 -0.9778251052 0.0444636680 0.9768615961 -0.2091995329
-176.4 -348.5 2432.2 0.9988227487 0.0018424244 -0.0484739840 -0.0193933994 0.9311120510 -0.3642173111 0.0444636680 0.3647285998 0.9300516248
-17.5 -463.5 2808.8 0.9754757881 -0.2141674161 -0.0507862717 -0.0739785060 -0.1017017066 -0.9920604825 0.2073019743 0.9714880586 -0.1150513366
66.2 -423.7 2429.1 0.9754757881 -0.0166877322 -0.2194731236 -0.0739785060 0.9142571688 -0.3983226717 0.2073019743 0.4047904313 0.8906012774
-195.6 -316.6 2505.7 0 0 0 0 0 0 0 0 0
-54.2 -447.0 2234.5 0 0 0 0 0 0 0 0 0
-177.3 -788.8 2259.8 0 0 0 0 0 0 0 0 0
73.0 -795.4 2264.5 0 0 0 0 0 0 0 0 0
-18.5 70.6 2545.9 2 0.9806295037 0.1584202945 0.1151899844 -0.1921160370 0.8925322294 0.4080166817 -0.0381726548 -0.4222430587 0.9056785703
-49.6 -104.3 2628.6 0.9806295037 0.1584202945 0.1151899844 -0.1921160370 0.8925322294 0.4080166817 -0.0381726548 -0.4222430587 0.9056785703
-80.3 -276.5 2716.7 0.9803293347 0.1566997170 0.1199985445 -0.1938041300 0.8792997599 0.4350538850 -0.0373418704 -0.4497522712 0.8923723698
-189.3 -76.7 2633.9 0.0359428264 -0.9992226958 0.0161904562 0.8808370233 0.0393287279 0.4717831910 -0.4720532298 -0.0026960697 0.8815659285
-198.9 -312.4 2760.2 -0.0022945504 -0.9992226958 -0.0393541977 0.0102508748 0.0393287279 -0.9991737604 0.9999448061 -0.0026960697 0.0101526650
90.1 -131.9 2623.3 -0.2649911046 0.9602282047 0.0879856274 -0.8751695156 -0.2012009472 -0.4399959743 -0.4047937691 -0.1935973614 0.8936789632
10.4 -395.0 2501.6 -0.2303658873 0.9602282047 -0.1577761769 -0.1790796816 -0.2012009472 -0.9630413651 -0.9564841986 -0.1935973614 0.2183071971
-200.9 -429.6 2809.5 0.9977374077 -0.0651497245 -0.0165989529 -0.0272559784 -0.1662735045 -0.9857029319 0.0614583082 0.9839251041 -0.1676730216
-175.4 -364.6 2424.8 0.9977374077 0.0031219334 -0.0671585128 -0.0272559784 0.9319327474 -0.3616053760 0.0614583082 0.3626176715 0.9299092889
-23.6 -464.7 2805.4 0.9712308049 -0.2286888212 -0.0664240122 -0.0814828128 -0.0570381321 -0.9950413108 0.2237661183 0.9718272090 -0.0740313977
65.7 -442.4 2425.6 0.9712308049 -0.0182507057 -0.2374397516 -0.0814828128 0.9114084840 -0.4033547938 0.2237661183 0.4110978544 0.8837009072
-198.3 -315.0 2505.6 0 0 0 0 0 0 0 0 0
-53.8 -444.9 2234.7 0 0 0 0 0 0 0 0 0
-176.8 -789.3 2259.5 0 0 0 0 0 0 0 0 0
72.8 -795.7 2266.2 0 0 0 0 0 0 0 0 0
-15.9 79.1 2546.1 3 0.9742184877 0.1501877010 0.1683507860 -0.2066631615 0.8933951855 0.3989177048 -0.0904912576 -0.4234248996 0.9014003873
-45.6 -97.6 2629.8 0.9742184877 0.1501877010 0.1683507860 -0.2066631615 0.8933951855 0.3989177048 -0.0904912576 -0.4234248996 0.9014003873
-74.6 -269.5 2719.0 0.9735493064 0.1484458148 0.1736826003 -0.2106319368 0.8776509166 0.4305380583 -0.0885211304 -0.4557331204 0.8857038617
-184.1 -67.6 2642.4 0.0267340615 -0.9971814156 0.0701035634 0.8814598322 0.0565929785 0.4688558578 -0.4715017080 0.0492590517 0.8804883361
-191.3 -303.5 2768.6 0.0497447774 -0.9971814156 -0.0561665036 0.0072055110 0.0565929785 -0.9983713031 0.9987359643 0.0492590517 0.0100004068
93.0 -127.6 2617.2 -0.3109114766 0.9455564022 0.0962138698 -0.8826069236 -0.2496816218 -0.3983266652 -0.3526175022 -0.2087633610 0.9121835232
-4.3 -403.6 2507.0 -0.2450421453 0.9455564022 -0.2141901106 -0.1240190938 -0.2496816218 -0.9603532553 -0.9615474939 -0.2087633610 0.1784495711
-199.6 -431.1 2808.1 0.9980397820 -0.0604766682 -0.0160994343 -0.0260938518 -0.1683043540 -0.9853896499 0.0568834767 0.9838781357 -0.1695525050
-175.9 -365.3 2423.1 0.9980397820 0.0039310278 -0.0624593161 -0.0260938518 0.9332737327 -0.3582167923 0.0568834767 0.3591444194 0.9315468669
-22.4 -466.2 2801.4 0.9703210592 -0.2273478359 -0.0824014693 -0.0882546529 -0.0156834219 -0.9959744811 0.2251403034 0.9736872911 -0.0352824591
66.5 -460.0 2420.7 0.9703210592 -0.0151941925 -0.2413424402 -0.0882546529 0.9069328904 -0.4119269848 0.2251403034 0.4210010171 0.8786751628
-203.9 -305.3 2514.6 0 0 0 0 0 0 0 0 0
-72.8 -438.3 2238.2 0 0 0 0 0 0 0 0 0
-177.7 -789.2 2260.0 0 0 0 0 0 0 0 0 0
72.1 -795.1 2265.2 0 0 0 0 0 0 0 0 0
-14.4 81.4 2547.7 4 0.9884999990 0.1299885958 0.0772700235 -0.1503626704 0.8992438912 0.4107936919 -0.0160860997 -0.4176881015 0.9084480405
-39.9 -95.3 2629.8 0.9884999990 0.1299885958 0.0772700235 -0.1503626704 0.8992438912 0.4107936919 -0.0160860997 -0.4176881015 0.9084480405
-65.6 -268.5 2717.4 0.9879182577 0.1318069696 0.0815132037 -0.1543270648 0.8847818971 0.4397091866 -0.0141646713 -0.4469764233 0.8944335580
-180.0 -73.4 2631.7 0.0116544757 -0.9996564388 -0.0234775674 0.8812006712 -0.0008291755 0.4727416337 -0.4725986719 -0.0261980053 0.8808882833
-183.1 -309.2 2758.2 -0.0262038130 -0.9996564388 0.0006190152 0.0080101099 -0.0008291755 -0.9999675751 0.9996245503 -0.0261980053 0.0080290847
100.1 -117.2 2627.8 -0.2371397913 0.9707355499 0.0379099697 -0.9050601721 -0.2065784782 -0.3717410862 -0.3530309200 -0.1224654093 0.9275620580
24.6 -405.6 2515.4 -0.1473136544 0.9707355499 -0.1896605790 -0.1094872877 -0.2065784782 -0.9722848535 -0.9830113053 -0.1224654093 0.1367150396
-191.5 -422.4 2816.2 0.9991942048 -0.0376851223 -0.0138136381 -0.0158364903 -0.0539183393 -0.9984197617 0.0368807651 0.9978339672 -0.0544716902
-176.0 -400.2 2405.6 0.9991942048 0.0018959658 -0.0400922745 -0.0158364903 0.9364673495 -0.3503971398 0.0368807651 0.3507497013 0.9357427359
-15.8 -460.4 2800.3 0.9742477536 -0.2103856802 -0.0811118782 -0.0787818134 0.0194470324 -0.9967021942 0.2112692595 0.9774250388 0.0023716616
66.5 -468.0 2418.1 0.9742477536 -0.0184261352 -0.2247259468 -0.0787818134 0.9060241580 -0.4158288538 0.2112692595 0.4228246510 0.8812403679
-176.5 -311.2 2504.5 0 0 0 0 0 0 0 0 0
-16.5 -436.1 2241.3 0 0 0 0 0 0 0 0 0
-176.8 -789.2 2259.9 0 0 0 0 0 0 0 0 0
73.1 -795.6 2265.2 0 0 0 0 0 0 0 0 0
-14.3 82.2 2547.0 5 0.9898961782 0.1217436120 0.0726913437 -0.1408663243 0.9029052258 0.4061020315 -0.0161930658 -0.4122386277 0.9109320045
-38.2 -95.3 2628.0 0.9898961782 0.1217436120 0.0726913437 -0.1408663243 0.9029052258 0.4061020315 -0.0161930658 -0.4122386277 0.9109320045
-61.7 -268.9 2715.5 0.9897063375 0.1204775944 0.0772435665 -0.1422692686 0.8867868781 0.4397368729 -0.0155201377 -0.4461997449 0.8947988153
-178.9 -75.1 2630.2 0.0003063280 -0.9996042252 -0.0281304270 0.8818951845 -0.0129919210 0.4712665081 -0.4714454710 -0.0249524489 0.8815421462
-178.9 -311.1 2756.4 -0.0250557382 -0.9996042252 0.0127915880 0.0078490945 -0.0129919210 -0.9998847842 0.9996552467 -0.0249524489 0.0081715100
102.5 -115.6 2625.9 -0.2296787798 0.9726049900 0.0358782299 -0.9096539021 -0.2014125288 -0.3632667661 -0.3460887372 -0.1160714403 0.9309940934
28.4 -408.8 2514.3 -0.1380365193 0.9726049900 -0.1870441288 -0.0986343250 -0.2014125288 -0.9745277166 -0.9855034947 -0.1160714403 0.1237345189
-180.2 -427.8 2806.3 0.9997642040 0.0093299467 0.0196075141 0.0203670654 -0.0898293853 -0.9957488775 -0.0075289528 0.9959134459 -0.0899982303
-183.9 -391.8 2407.1 0.9997642040 -0.0165079907 0.0141063360 0.0203670654 0.9381626248 -0.3455953300 -0.0075289528 0.3458011448 0.9382776022
-2.5 -455.6 2803.8 0.9816241860 -0.1801570803 -0.0629081577 -0.0626375377 0.0071963682 -0.9980103970 0.1802513599 0.9836115241 -0.0042204671
68.0 -458.4 2419.1 0.9816241860 -0.0178197324 -0.1899907142 -0.0626375377 0.9103750587 -0.4090155661 0.1802513599 0.4134001136 0.8925299644
-172.6 -313.1 2502.2 0 0 0 0 0 0 0 0 0
-10.2 -436.4 2238.6 0 0 0 0 0 0 0 0 0
-176.9 -790.4 2260.1 0 0 0 0 0 0 0 0 0
74.5 -794.7 2266.4 0 0 0 0 0 0 0 0 0
-15.1 82.4 2546.1 6 0.9886952043 0.1292693615 0.0759686902 -0.1491249502 0.9005037546 0.4084786177 -0.0156063167 -0.4151896834 0.9096009731
-40.4 -93.8 2627.4 0.9886952043 0.1292693615 0.0759686902 -0.1491249502 0.9005037546 0.4084786177 -0.0156063167 -0.4151896834 0.9096009731
-64.6 -267.3 2714.8 0.9890184402 0.1240577102 0.0803259984 -0.1468452066 0.8863008022 0.4392122328 -0.0167053286 -0.4461844862 0.8947851062
-181.1 -72.8 2629.7 0.0038220000 -0.9996828437 -0.0248908736 0.8820426464 -0.0083574615 0.4710954726 -0.4711540937 -0.0237553380 0.8817309737
-182.2 -308.9 2755.8 -0.0238253064 -0.9996828437 0.0081558600 0.0083743846 -0.0083574615 -0.9999300241 0.9996810555 -0.0237553380 0.0085708480
100.4 -114.7 2625.0 -0.2360289991 0.9712411165 0.0313203558 -0.9094964862 -0.2094439268 -0.3590951860 -0.3422081470 -0.1132426262 0.9327752590
23.9 -409.6 2514.0 -0.1349077970 0.9712411165 -0.1961900592 -0.0921834931 -0.2094439268 -0.9734656811 -0.9865607619 -0.1132426262 0.1177880168
-174.5 -429.7 2804.3 0.9996831417 0.0181840863 0.0174047593 0.0190878976 -0.0969086513 -0.9951102138 -0.0164084975 0.9951271415 -0.0972250402
-181.7 -391.3 2409.9 0.9996831417 -0.0120609812 0.0220934227 0.0190878976 0.9354138970 -0.3530389965 -0.0164084975 0.3533488512 0.9353477359
4.0 -455.4 2801.5 0.9872901440 -0.1551776230 -0.0343231931 -0.0368465818 -0.0134134768 -0.9992309213 0.1545978785 0.9877955317 -0.0189607572
64.7 -450.2 2415.1 0.9872901440 -0.0272778999 -0.1565697640 -0.0368465818 0.9190304279 -0.3924607337 0.1545978785 0.3932416737 0.9063445926
-176.1 -311.0 2501.4 0 0 0 0 0 0 0 0 0
-14.0 -435.4 2237.5 0 0 0 0 0 0 0 0 0
-176.6 -789.3 2259.6 0 0 0 0 0 0 0 0 0
74.8 -793.0 2268.4 0 0 0 0 0 0 0 0 0
-14.2 81.8 2545.2 7 0.9869911075 0.1378887743 0.0826752260 -0.1598644257 0.8963457942 0.4135306776 -0.0170843508 -0.4213679433 0.9067288637
-41.1 -93.6 2627.6 0.9869911075 0.1378887743 0.0826752260 -0.1598644257 0.8963457942 0.4135306776 -0.0170843508 -0.4213679433 0.9067288637
-67.8 -265.9 2716.8 0.9867963195 0.1360852271 0.0878282785 -0.1611273587 0.8799333572 0.4469398856 -0.0164611135 -0.4551901817 0.8902420402
-181.7 -70.6 2630.0 0.0157207306 -0.9997341633 -0.0168659557 0.8771627545 0.0056928056 0.4801594019 -0.4799357355 -0.0223426446 0.8770191073
-185.9 -305.3 2758.4 -0.0222308598 -0.9997341633 -0.0061147907 0.0189959463 0.0056928056 -0.9998033643 0.9995723963 -0.0223426446 0.0188643392
99.4 -116.5 2625.3 -0.2503785491 0.9678098559 0.0255866349 -0.9098343253 -0.2261819094 -0.3479126394 -0.3309260309 -0.1103894562 0.9371777177
18.0 -412.4 2517.7 -0.1352152824 0.9678098559 -0.2122755647 -0.0973380059 -0.2261819094 -0.9692094922 -0.9860234261 -0.1103894562 0.1247879341
-178.2 -427.6 2803.7 0.9999809265 0.0007790436 0.0061230110 0.0061700838 -0.0991570577 -0.9950526953 -0.0001680497 0.9950714707 -0.0991599783
-178.5 -388.6 2411.7 0.9999809265 -0.0057072095 0.0023507301 0.0061700838 0.9346466064 -0.3555244207 -0.0001680497 0.3555321395 0.9346640706
0.4 -454.1 2800.7 0.9842101932 -0.1694924980 -0.0510158688 -0.0486073382 0.0183320716 -0.9986497164 0.1701988578 0.9853609800 0.0098040318
66.7 -461.3 2415.2 0.9842101932 -0.0247979369 -0.1752580702 -0.0486073382 0.9142066836 -0.4023225904 0.1701988578 0.4044888020 0.8985661864
-180.2 -310.2 2503.9 0 0 0 0 0 0 0 0 0
-20.0 -439.7 2241.0 0 0 0 0 0 0 0 0 0
-176.1 -790.2 2258.9 0 0 0 0 0 0 0 0 0
75.7 -792.3 2268.7 0 0 0 0 0 0 0 0 0
-15.2 77.8 2544.7 8 0.9871360660 0.1398379356 0.0775097758 -0.1595543623 0.8926497102 0.4215672314 -0.0102379899 -0.4285112321 0.9034784436
-42.6 -97.3 2628.8 0.9871360660 0.1398379356 0.0775097758 -0.1595543623 0.8926497102 0.4215672314 -0.0102379899 -0.4285112321 0.9034784436
-70.0 -268.8 2719.2 0.9866774082 0.1400908232 0.0827181712 -0.1624520272 0.8758223653 0.4544716775 -0.0087791132 -0.4618546665 0.8869121671
-183.1 -74.1 2630.0 0.0199202131 -0.9995625019 -0.0218628626 0.8730201721 0.0067325393 0.4876376390 -0.4872770905 -0.0288005657 0.8727723360
-188.5 -307.7 2760.4 -0.0286031850 -0.9995625019 -0.0075271102 0.0277745947 0.0067325393 -0.9995915294 0.9992048740 -0.0288005657 0.0275698714
98.0 -120.4 2627.5 -0.2498278618 0.9681181908 0.0182543043 -0.9125691056 -0.2291065156 -0.3387149274 -0.3237339258 -0.1012787446 0.9407119751
16.6 -417.6 2522.1 -0.1278553903 0.9681181908 -0.2154069990 -0.1042669266 -0.2291065156 -0.9678009152 -0.9862968326 -0.1012787446 0.1302352101
-183.5 -423.6 2807.4 0.9997625351 -0.0201898534 -0.0082031479 -0.0106108459 -0.1221959367 -0.9924492836 0.0190350134 0.9923006296 -0.1223811433
-175.6 -375.6 2417.8 0.9997625351 0.0030893714 -0.0215726122 -0.0106108459 0.9336442947 -0.3580443561 0.0190350134 0.3581882417 0.9334553480
-5.3 -452.7 2804.5 0.9774177074 -0.1944434643 -0.0827427134 -0.0789707527 0.0270846952 -0.9965088964 0.1960057169 0.9805397391 0.0111177135
70.8 -463.3 2420.7 0.9774177074 -0.0117996521 -0.2109867036 -0.0789707527 0.9057028294 -0.4164925516 0.1960057169 0.4237489700 0.8843181133
-181.2 -314.8 2506.0 0 0 0 0 0 0 0 0 0
-19.3 -446.9 2245.2 0 0 0 0 0 0 0 0 0
-177.0 -789.0 2259.2 0 0 0 0 0 0 0 0 0
75.1 -792.2 2266.9 0 0 0 0 0 0 0 0 0
-18.9 75.2 2545.0 9 0.9891825914 0.1265264750 0.0742213801 -0.1461765468 0.8925040960 0.4266953170 -0.0122546321 -0.4329290092 0.9013447165
-43.7 -99.7 2629.9 0.9891825914 0.1265264750 0.0742213801 -0.1461765468 0.8925040960 0.4266953170 -0.0122546321 -0.4329290092 0.9013447165
-68.7 -271.2 2721.1 0.9886404276 0.1279112697 0.0789227188 -0.1499439627 0.8755010366 0.4593633711 -0.0103391679 -0.4659791887 0.8847352862
-184.5 -78.4 2631.3 0.0077343723 -0.9996280670 -0.0261510238 0.8710619807 -0.0061088405 0.4911351204 -0.4911122024 -0.0265777837 0.8706907630
-186.6 -311.4 2762.8 -0.0267593898 -0.9996280670 0.0052565793 0.0318675898 -0.0061088405 -0.9994734526 0.9991338253 -0.0265777837 0.0320192054
97.2 -121.1 2628.4 -0.2484588027 0.9653369784 0.0799543858 -0.9148229361 -0.2067223489 -0.3469363451 -0.3183821440 -0.1593434960 0.9344744086
15.9 -420.3 2524.3 -0.1811016351 0.9653369784 -0.1879539192 -0.0908750668 -0.2067223489 -0.9741702080 -0.9792568088 -0.1593434960 0.1251628250
-186.6 -425.6 2810.5 0.9993721247 -0.0321649201 -0.0148585821 -0.0218242034 -0.2284640521 -0.9733077288 0.0279117115 0.9730208516 -0.2290225774
-174.1 -336.5 2431.1 0.9993721247 0.0104264077 -0.0338622145 -0.0218242034 0.9340412021 -0.3564978242 0.0279117115 0.3570129871 0.9336823225
-8.3 -455.0 2808.9 0.9728806019 -0.2069808543 -0.1032580435 -0.1003665775 0.0244511366 -0.9946500063 0.2083982825 0.9780393839 0.0030140784
72.8 -464.6 2426.0 0.9728806019 -0.0015971991 -0.2313022763 -0.1003665775 0.8980202079 -0.4283529520 0.2083982825 0.4399513006 0.8735061884
-179.8 -319.6 2508.3 0 0 0 0 0 0 0 0 0
-36.5 -446.6 2240.6 0 0 0 0 0 0 0 0 0
-179.1 -785.5 2259.5 0 0 0 0 0 0 0 0 0
73.3 -793.0 2265.1 0 0 0 0 0 0 0 0 0
-19.7 73.8 2545.1 0 0.9859133959 0.1270785779 0.1087466404 -0.1611368358 0.8959380984 0.4139201343 -0.0448298715 -0.4256125093 0.9037944078
-44.7 -101.8 2628.6 0.9859133959 0.1270785779 0.1087466404 -0.1611368358 0.8959380984 0.4139201343 -0.0448298715 -0.4256125093 0.9037944078
-69.8 -274.2 2718.1 0.9852727056 0.1281936467 0.1131552681 -0.1655948907 0.8802912235 0.4445961118 -0.0426151864 -0.4567863643 0.8885551095
-185.0 -78.3 2634.7 0.0075045372 -0.9999377728 0.0082511576 0.8781734109 0.0105368616 0.4782263637 -0.4782835841 0.0036570791 0.8781978488
-187.0 -313.3 2762.7 0.0038354220 -0.9999377728 -0.0104732616 0.0169554278 0.0105368616 -0.9998007417 0.9998489022 0.0036570791 0.0169947874
95.7 -125.4 2622.5 -0.2487534434 0.9618873000 0.1135543734 -0.9203191996 -0.1981907189 -0.3372431993 -0.3018845320 -0.1883966774 0.9345439672
15.6 -421.6 2525.4 -0.2099826932 0.9618873000 -0.1751574576 -0.0940369964 -0.1981907189 -0.9756420851 -0.9731723070 -0.1883966774 0.1320696026
-183.1 -429.1 2813.3 0.9996419549 -0.0214106888 -0.0160490274 -0.0200288817 -0.2009979337 -0.9793868661 0.0177435260 0.9793576598 -0.2013548017
-174.7 -350.6 2430.8 0.9996419549 0.0121424245 -0.0238442943 -0.0200288817 0.9304530025 -0.3658634424 0.0177435260 0.3662100434 0.9303630590
-4.4 -456.2 2811.5 0.9761943221 -0.1954034567 -0.0941390246 -0.0947037861 0.0064719617 -0.9954844713 0.1951303780 0.9807015657 -0.0121875545
72.1 -458.7 2427.5 0.9761943221 -0.0004022542 -0.2168974578 -0.0947037861 0.8988498449 -0.4279020131 0.1951303780 0.4382565320 0.8774139881
-188.0 -317.6 2508.2 0 0 0 0 0 0 0 0 0
-45.7 -449.0 2241.1 0 0 0 0 0 0 0 0 0
-180.4 -783.9 2260.2 0 0 0 0 0 0 0 0 0
72.2 -793.9 2264.1 0 0 0 0 0 0 0 0 0
-20.6 70.2 2548.2 1 0.9892527461 0.1203220785 0.0830761567 -0.1440961063 0.8986570835 0.4143087268 -0.0248064939 -0.4218269885 0.9063369036
-44.1 -105.3 2630.6 0.9892527461 0.1203220785 0.0830761567 -0.1440961063 0.8986570835 0.4143087268 -0.0248064939 -0.4218269885 0.9063369036
-67.8 -277.9 2720.0 0.9887548089 0.1211081520 0.0877311677 -0.1477673054 0.8814168572 0.4486303031 -0.0229949448 -0.4565491676 0.8894009590
-184.9 -84.3 2633.9 0.0008209712 -0.9998453856 -0.0175636876 0.8770186901 -0.0077186800 0.4803942144 -0.4804555178 -0.0157980733 0.8768768311
-185.1 -319.0 2762.5 -0.0159445163 -0.9998453856 0.0074114446 0.0192945842 -0.0077186800 -0.9997840524 0.9996867180 -0.0157980733 0.0194146726
96.8 -126.3 2627.3 -0.2516014278 0.9600871801 0.1221855581 -0.9155615568 -0.1951813698 -0.3516408801 -0.3137575686 -0.2003417462 0.9281268120
15.4 -422.2 2525.9 -0.2179055065 0.9600871801 -0.1753561348 -0.0728904605 -0.1951813698 -0.9780548215 -0.9732441306 -0.2003417462 0.1125122979
-183.9 -431.7 2811.4 0.9997389317 -0.0207141321 -0.0096407980 -0.0133722322 -0.1883428991 -0.9820122719 0.0185257569 0.9818848372 -0.1885707378
-175.8 -358.0 2427.3 0.9997389317 0.0057095238 -0.0221228749 -0.0133722322 0.9313281178 -0.3639355898 0.0185257569 0.3641364276 0.9311613441
-5.9 -461.6 2803.7 0.9785493016 -0.1917703599 -0.0752691180 -0.0767914951 -0.0005079483 -0.9970470667 0.1911658347 0.9814397097 -0.0152233848
69.2 -461.4 2419.3 0.9785493016 -0.0110037066 -0.2057188004 -0.0767914951 0.9071242809 -0.4137977958 0.1911658347 0.4207189977 0.8868207932
-181.0 -323.9 2508.0 0 0 0 0 0 0 0 0 0
-48.4 -443.6 2240.7 0 0 0 0 0 0 0 0 0
-178.5 -786.5 2259.8 0 0 0 0 0 0 0 0 0
73.2 -794.5 2264.8 0 0 0 0 0 0 0 0 0
-20.8 71.0 2546.7 2 0.9941214919 0.0926938355 0.0559487343 -0.1076805741 0.9003192186 0.4216992259 -0.0112828007 -0.4252448678 0.9050080180
-38.9 -104.5 2629.6 0.9941214919 0.0926938355 0.0559487343 -0.1076805741 0.9003192186 0.4216992259 -0.0112828007 -0.4252448678 0.9050080180
-57.3 -277.7 2719.0 0.9938314557 0.0938167050 0.0591396764 -0.1104573384 0.8850279450 0.4522440732 -0.0099122142 -0.4559867978 0.8899313211
-180.4 -88.8 2631.1 -0.0259556733 -0.9985518456 -0.0471225008 0.8759170771 -0.0454345793 0.4803175628 -0.4817629755 -0.0288084373 0.8758279085
-173.5 -323.1 2759.9 -0.0297097452 -0.9985518456 0.0448503941 0.0192884449 -0.0454345793 -0.9987810850 0.9993724227 -0.0288084373 0.0206103623
102.6 -120.2 2628.2 -0.2636255026 0.9562168717 0.1270862669 -0.9139856696 -0.2054833472 -0.3498668373 -0.3084344566 -0.2083888501 0.9281391501
15.4 -422.5 2526.2 -0.2252954394 0.9562168717 -0.1867920905 -0.0623724386 -0.2054833472 -0.9766710401 -0.9722919464 -0.2083888501 0.1059360355
-180.9 -437.2 2811.5 0.9998336434 -0.0147195319 -0.0107725952 -0.0132292565 -0.1785776019 -0.9838368893 0.0125578744 0.9838157296 -0.1787426174
-175.1 -367.3 2426.5 0.9998336434 0.0075897481 -0.0165864155 -0.0132292565 0.9277657866 -0.3729285002 0.0125578744 0.3730858862 0.9277118444
-2.2 -463.9 2807.4 0.9818019271 -0.1808554679 -0.0579336211 -0.0685543790 -0.0530324876 -0.9962368608 0.1771025062 0.9820788503 -0.0644658357
68.5 -443.1 2423.3 0.9818019271 -0.0106764017 -0.1896075308 -0.0685543790 0.9111707807 -0.4062857926 0.1771025062 0.4118905962 0.8938573003
-165.9 -328.0 2505.5 0 0 0 0 0 0 0 0 0
-51.3 -441.0 2238.7 0 0 0 0 0 0 0 0 0
-178.5 -784.0 2258.9 0 0 0 0 0 0 0 0 0
72.6 -793.6 2264.9 0 0 0 0 0 0 0 0 0
-21.0 70.6 2547.0 3 0.9920231700 0.0985278785 0.0786276162 -0.1222189441 0.9045074582 0.4085691869 -0.0308638122 -0.4149198830 0.9093343019
-40.2 -105.9 2628.0 0.9920231700 0.0985278785 0.0786276162 -0.1222189441 0.9045074582 0.4085691869 -0.0308638122 -0.4149198830 0.9093343019
-59.7 -280.2 2715.2 0.9916504622 0.0995989814 0.0819108710 -0.1255945712 0.8900073171 0.4383069277 -0.0292463508 -0.4449348450 0.8950852752
-181.4 -88.1 2632.2 -0.0206100699 -0.9994959831 -0.0241464432 0.8831973672 -0.0295199007 0.4680715501 -0.4685484171 -0.0116790878 0.8833606243
-175.9 -324.4 2757.5 -0.0118402829 -0.9994959831 0.0294556171 0.0052916720 -0.0295199007 -0.9995501637 0.9999158978 -0.0116790878 0.0056385286
101.0 -123.8 2623.8 -0.2629912794 0.9539035559 0.1445809007 -0.9172465801 -0.2007399201 -0.3440380991 -0.2991560102 -0.2230953574 0.9277575612
15.3 -422.7 2526.3 -0.2380681187 0.9539035559 -0.1827337593 -0.0535126477 -0.2007399201 -0.9781818986 -0.9697731733 -0.2230953574 0.0988356769
-165.4 -441.0 2809.2 0.9997271895 0.0230643582 -0.0036915168 0.0000552828 -0.1603773534 -0.9870557785 -0.0233578440 0.9867862463 -0.1603348702
-174.4 -378.2 2423.2 0.9997271895 0.0086372746 0.0217022896 0.0000552828 0.9282420278 -0.3719768226 -0.0233578440 0.3718765378 0.9279882908
14.1 -460.9 2807.5 0.9895798564 -0.1370954067 -0.0440059640 -0.0469360948 -0.0182125401 -0.9987318516 0.1361200809 0.9903904200 -0.0244574845
67.7 -453.8 2420.4 0.9895798564 -0.0138593381 -0.1433164030 -0.0469360948 0.9099369645 -0.4120821953 0.1361200809 0.4145149589 0.8998047709
-172.9 -325.7 2503.0 0 0 0 0 0 0 0 0 0
-54.0 -438.3 2243.9 0 0 0 0 0 0 0 0 0
-178.2 -786.1 2259.8 0 0 0 0 0 0 0 0 0
72.8 -793.1 2265.8 0 0 0 0 0 0 0 0 0
-18.7 78.0 2538.1 4 0.9891347289 0.1016996801 0.1061588675 -0.1372415870 0.8976427913 0.4188103676 -0.0526998676 -0.4288292825 0.9018470645
-38.7 -98.0 2622.2 0.9891347289 0.1016996801 0.1061588675 -0.1372415870 0.8976427913 0.4188103676 -0.0526998676 -0.4288292825 0.9018470645
-59.5 -271.6 2710.6 0.9883902669 0.1061928049 0.1086636558 -0.1436297446 0.8862860203 0.4403039813 -0.0495499633 -0.4507994950 0.8912488818
-179.4 -77.6 2629.3 -0.0147441858 -0.9998868704 0.0029815384 0.8815864325 -0.0115926554 0.4718803167 -0.4717923403 0.0095859747 0.8816576004
-175.5 -313.5 2755.5 0.0094765415 -0.9998868704 0.0116822831 0.0094582327 -0.0115926554 -0.9998880625 0.9999103546 0.0095859747 0.0093473038
102.1 -118.5 2615.2 -0.2640750706 0.9524677992 0.1518864036 -0.9259057641 -0.2062420100 -0.3164849877 -0.2701163888 -0.2242082953 0.9363588095
15.3 -422.8 2526.4 -0.2400759608 0.9524677992 -0.1875330955 -0.0551022999 -0.2062420100 -0.9769483209 -0.9691889882 -0.2242082953 0.1019969136
-168.8 -443.1 2805.0 0.9998683929 0.0162160099 -0.0005302664 0.0018709538 -0.1477032155 -0.9890299439 -0.0161164422 0.9888987541 -0.1477141082
-175.2 -385.3 2417.9 0.9998683929 0.0041446821 0.0156863574 0.0018709538 0.9309170842 -0.3652258515 -0.0161164422 0.3652071357 0.9307867885
10.3 -465.8 2799.7 0.9873203039 -0.1489922404 -0.0547716729 -0.0521395169 0.0215183757 -0.9984079599 0.1499336362 0.9886041880 0.0134771466
68.6 -474.2 2413.2 0.9873203039 -0.0152637335 -0.1580051929 -0.0521395169 0.9089599848 -0.4136099815 0.1499336362 0.4166038632 0.8966388106
-177.9 -315.9 2501.0 0 0 0 0 0 0 0 0 0
-53.9 -438.7 2247.1 0 0 0 0 0 0 0 0 0
-177.0 -788.6 2259.7 0 0 0 0 0 0 0 0 0
73.9 -793.8 2266.7 0 0 0 0 0 0 0 0 0
-18.1 80.7 2534.7 5 0.9949853420 0.0892293304 0.0451919958 -0.1000208780 0.8870889544 0.4506318271 0.0001202575 -0.4528921843 0.8915652633
-35.7 -94.1 2623.9 0.9949853420 0.0892293304 0.0451919958 -0.1000208780 0.8870889544 0.4506318271 0.0001202575 -0.4528921843 0.8915652633
-53.6 -265.3 2717.2 0.9947589636 0.0905235335 0.0475399569 -0.1022393927 0.8747612238 0.4736453891 0.0012899463 -0.4760234654 0.8794316053
-177.2 -79.7 2623.9 -0.0279284231 -0.9978619814 -0.0590884499 0.8640167713 -0.0538240634 0.5005776882 -0.5026878715 -0.0370730646 0.8636726737
-169.7 -310.7 2758.3 -0.0393500738 -0.9978619814 0.0521825030 0.0418798439 -0.0538240634 -0.9976718426 0.9983474612 -0.0370730646 0.0439082868
105.7 -108.5 2624.0 -0.2686458826 0.9522004724 0.1454085559 -0.9034263492 -0.1967104971 -0.3809538186 -0.3341410160 -0.2337075919 0.9130884409
20.5 -394.9 2518.1 -0.2655045092 0.9522004724 -0.1510682106 -0.1545882672 -0.1967104971 -0.9681980610 -0.9516353607 -0.2337075919 0.1994265467
-169.5 -432.1 2803.4 0.9998328686 0.0176869985 0.0046205092 0.0066489461 -0.1164041013 -0.9931796789 -0.0170285217 0.9930444360 -0.1165022552
-176.5 -386.6 2414.7 0.9998328686 -0.0000742847 0.0182804130 0.0066489461 0.9329797029 -0.3598676324 -0.0170285217 0.3599290550 0.9328242540
9.0 -458.1 2794.4 0.9861274958 -0.1541109234 -0.0616632625 -0.0530962162 0.0591047518 -0.9968386889 0.1572683305 0.9862841368 0.0501021147
69.3 -481.2 2408.7 0.9861274958 -0.0170477852 -0.1651118100 -0.0530962162 0.9100520611 -0.4110791087 0.1572683305 0.4141432345 0.8965222239
-159.7 -321.4 2504.5 0 0 0 0 0 0 0 0 0
-54.7 -438.8 2248.4 0 0 0 0 0 0 0 0 0
-176.4 -790.3 2258.9 0 0 0 0 0 0 0 0 0
75.2 -794.3 2266.2 0 0 0 0 0 0 0 0 0
-19.9 79.3 2540.5 6 0.9968625903 0.0791130736 0.0024592448 -0.0724421293 0.8994056582 0.4310703576 0.0318914391 -0.4298960567 0.9023149610
-35.5 -97.6 2625.0 0.9968625903 0.0791130736 0.0024592448 -0.0724421293 0.8994056582 0.4310703576 0.0318914391 -0.4298960567 0.9023149610
-51.7 -270.9 2714.5 0.9965593815 0.0827375725 0.0048924875 -0.0757869557 0.8857631087 0.4579083622 0.0335526429 -0.4567036331 0.8889859319
-177.2 -86.8 2620.2 -0.0353632197 -0.9941859841 -0.1017040983 0.8723893762 -0.0803555027 0.4821616113 -0.4875307977 -0.0716747865 0.8701588511
-167.8 -320.1 2750.6 -0.0736563727 -0.9941859841 0.0785431042 0.0219697040 -0.0803555027 -0.9965240955 0.9970416427 -0.0716747865 0.0277606659
106.2 -108.3 2629.8 -0.2305245399 0.9432813525 0.2389116287 -0.8787007332 -0.0963210538 -0.4675545692 -0.4180232882 -0.3177146316 0.8510663509
36.5 -374.2 2503.3 -0.3317286074 0.9432813525 -0.0132837147 -0.2351627797 -0.0963210538 -0.9671714902 -0.9135943055 -0.3177146316 0.2537771165
-161.2 -427.3 2810.4 0.9991634488 0.0395517536 0.0103963735 0.0153974146 -0.1283218414 -0.9916130304 -0.0378859527 0.9909435511 -0.1288234740
-176.7 -377.0 2422.5 0.9991634488 -0.0002652543 0.0408944450 0.0153974146 0.9288339019 -0.3701763451 -0.0378859527 0.3704963326 0.9280609488
18.2 -445.6 2810.6 0.9908944964 -0.1269822270 -0.0447614454 -0.0402983837 0.0375022888 -0.9984836578 0.1284683347 0.9911957979 0.0320436358
67.9 -460.2 2422.9 0.9908944964 -0.0182698350 -0.1333952248 -0.0402983837 0.9050891399 -0.4233080745 0.1284683347 0.4248292744 0.8961116076
-149.0 -325.7 2497.1 0 0 0 0 0 0 0 0 0
-56.3 -439.9 2247.8 0 0 0 0 0 0 0 0 0
-176.6 -789.6 2258.0 0 0 0 0 0 0 0 0 0
74.6 -794.9 2265.8 0 0 0 0 0 0 0 0 0
-22.8 75.6 2542.9 7 0.9960470200 0.0687937960 0.0561942533 -0.0859573409 0.9059959650 0.4144667089 -0.0223990306 -0.4176586270 0.9083278775
-36.3 -102.7 2625.1 0.9960470200 0.0687937960 0.0561942533 -0.0859573409 0.9059959650 0.4144667089 -0.0223990306 -0.4176586270 0.9083278775
-50.7 -277.4 2712.2 0.9956064224 0.0732579902 0.0583193488 -0.0915360004 0.8926420808 0.4413743317 -0.0197241083 -0.4447734356 0.8954259157
-177.9 -89.7 2627.9 -0.0460214950 -0.9977654219 -0.0484368615 0.8818842769 -0.0633563995 0.4671895504 -0.4692143798 -0.0212149452 0.8828294277
-165.5 -325.6 2753.4 -0.0215660799 -0.9977654219 0.0632377416 0.0048634205 -0.0633563995 -0.9979791045 0.9997556210 -0.0212149452 0.0062189018
