-21.2 76.2 2533.8 4 0.9923767447 0.1071034521 0.0609696135 -0.1231301874 0.8826632500 0.4535906911 -0.0052345074 -0.4576400518 0.8891221285
-42.3 -97.7 2623.9 0.9923767447 0.1071034521 0.0609696135 -0.1231301874 0.8826632500 0.4535906911 -0.0052345074 -0.4576400518 0.8891221285
-63.5 -268.7 2716.7 0.9920960069 0.1085311845 0.0629797801 -0.1254165024 0.8737302423 0.4699639678 -0.0040215920 -0.4741480947 0.8804359436
-183.5 -79.9 2624.5 -0.0727783442 -0.8611586094 -0.5030995011 0.8535264730 0.2071737200 -0.4780916870 0.5159417987 -0.4642034471 0.7199439406
-166.7 -277.2 2505.3 -0.3169488013 -0.8551905155 -0.4101128876 0.5332674980 0.1968995631 -0.8227127790 0.7843272686 -0.4794577062 0.3936382234
99.0 -115.4 2623.3 -0.1461500078 0.9888284206 0.0293001998 -0.9301735163 -0.1272771806 -0.3443512321 -0.3367750645 -0.0775812045 0.9383835793
45.7 -454.3 2500.6 -0.0669513345 0.9888284206 -0.1331759840 0.0857748315 -0.1272771806 -0.9881514311 -0.9940624833 -0.0775812045 -0.0762952119
-177.8 -421.8 2813.6 0.9997476339 0.0126431268 0.0185706690 0.0194704197 -0.0752165616 -0.9969770908 -0.0112080863 0.9970870614 -0.0754437447
-182.9 -391.5 2411.5 0.9997476339 -0.0142016578 0.0174077954 0.0194704197 0.9342843294 -0.3559967875 -0.0112080863 0.3562458754 0.9343250394
1.3 -444.7 2815.9 0.9807541966 -0.1773908436 -0.0815702677 -0.0805730745 0.0128300898 -0.9966661334 0.1778459996 0.9840568304 -0.0017097623
70.8 -449.7 2430.6 0.9807541966 -0.0041566826 -0.1952023059 -0.0805730745 0.9020560980 -0.4240315855 0.1778459996 0.4315987825 0.8843603730
-124.4 -348.4 2400.5 0 0 0 0 0 0 0 0 0
29.9 -433.9 2265.2 0 0 0 0 0 0 0 0 0
-176.9 -786.6 2260.9 0 0 0 0 0 0 0 0 0
72.3 -795.9 2264.9 0 0 0 0 0 0 0 0 0
-22.3 71.4 2539.5 5 0.9925952554 0.1064862236 0.0584404804 -0.1213113889 0.8935049176 0.4323569834 -0.0061767930 -0.4362449944 0.8998067379
-43.2 -103.8 2625.0 0.9925952554 0.1064862236 0.0584404804 -0.1213113889 0.8935049176 0.4323569834 -0.0061767930 -0.4362449944 0.8998067379
-64.6 -276.5 2714.6 0.9921941757 0.1087617874 0.0610047095 -0.1246208251 0.8824933171 0.4535142779 -0.0045112250 -0.4575766921 0.8891587257
-184.5 -86.1 2625.7 -0.0743627846 -0.8604518771 -0.5040761232 0.8437089324 0.2151843011 -0.4917834401 0.5316252708 -0.4618639052 0.7099692225
-167.3 -281.1 2502.8 -0.3187922537 -0.8544480205 -0.4102317691 0.5183306932 0.2052004784 -0.8301963806 0.7935394049 -0.4772958755 0.3774703145
98.1 -121.4 2624.4 -0.1288086772 0.9787770510 0.1593857855 -0.8940398693 -0.0450762920 -0.4457138479 -0.4290699661 -0.1999090612 0.8808718920
57.0 -406.6 2487.5 -0.2036349475 0.9787770510 -0.0229850560 -0.1045202240 -0.0450762920 -0.9935007095 -0.9734517336 -0.1999090612 0.1114811003
-174.3 -428.5 2809.9 0.9992021918 0.0292448420 0.0271987282 0.0315336883 -0.1597878188 -0.9866476059 -0.0245083272 0.9867181182 -0.1605825424
-185.9 -365.2 2419.2 0.9992021918 -0.0209291577 0.0340147316 0.0315336883 0.9360887408 -0.3503476083 -0.0245083272 0.3511407077 0.9360018969
4.9 -451.0 2809.3 0.9798071980 -0.1764100492 -0.0941136405 -0.0892198384 0.0354886204 -0.9953795075 0.1789349169 0.9836767912 0.0190327298
74.0 -464.9 2424.1 0.9798071980 0.0028234634 -0.1999247670 -0.0892198384 0.9010067582 -0.4245311022 0.1789349169 0.4337958694 0.8830648065
-124.7 -350.3 2396.9 0 0 0 0 0 0 0 0 0
8.1 -431.7 2253.7 0 0 0 0 0 0 0 0 0
-176.5 -788.9 2260.3 0 0 0 0 0 0 0 0 0
72.9 -795.7 2264.9 0 0 0 0 0 0 0 0 0
-21.6 70.8 2542.4 6 0.9900718927 0.1123557761 0.0844621211 -0.1375737488 0.8978151083 0.4183318615 -0.0288293678 -0.4257983863 0.9043586850
-43.6 -105.0 2625.8 0.9900718927 0.1123557761 0.0844621211 -0.1375737488 0.8978151083 0.4183318615 -0.0288293678 -0.4257983863 0.9043586850
-65.9 -278.6 2713.3 0.9897333384 0.1132934391 0.0871351585 -0.1402519643 0.8872366548 0.4394775331 -0.0275195856 -0.4471864402 0.8940173388
-184.5 -85.1 2629.7 -0.0494497716 -0.8664485216 -0.4968115389 0.8369403481 0.2355065048 -0.4940319359 0.5450555682 -0.4402313828 0.7135199904
-173.1 -278.5 2503.7 -0.2935042977 -0.8609347939 -0.4155075252 0.5116927028 0.2256548256 -0.8290057182 0.8074811101 -0.4559289217 0.3743034005
97.3 -124.9 2621.8 -0.1346954554 0.9795236588 0.1496347636 -0.9043654203 -0.0598109104 -0.4225468934 -0.4049448669 -0.1922396421 0.8939035535
58.5 -385.5 2505.1 -0.1999894381 0.9795236588 -0.0231872816 -0.1790893972 -0.0598109104 -0.9820130467 -0.9632918835 -0.1922396421 0.1873838454
-175.5 -438.0 2804.6 0.9996533394 0.0183283798 0.0189009216 0.0216449294 -0.1634109467 -0.9863206148 -0.0149890417 0.9863878489 -0.1637510061
-182.7 -373.7 2416.2 0.9996533394 -0.0149517627 0.0216706973 0.0216449294 0.9353212118 -0.3531369865 -0.0149890417 0.3534836471 0.9353206158
3.8 -460.5 2803.9 0.9766361713 -0.1832079738 -0.1123239547 -0.1034609154 0.0572690926 -0.9929834008 0.1883551776 0.9814046621 0.0369761996
75.6 -482.9 2419.6 0.9766361713 0.0091571640 -0.2147044092 -0.1034609154 0.8957192898 -0.4324150681 0.1883551776 0.4445257187 0.8757392168
-133.9 -346.9 2395.9 0 0 0 0 0 0 0 0 0
9.9 -429.0 2270.8 0 0 0 0 0 0 0 0 0
-176.0 -790.1 2258.8 0 0 0 0 0 0 0 0 0
72.4 -796.0 2264.2 0 0 0 0 0 0 0 0 0
-21.3 72.1 2543.8 7 0.9887429476 0.1374604404 0.0590930991 -0.1496183574 0.9048699141 0.3985282183 0.0013102981 -0.4028833807 0.9152503610
-48.3 -105.7 2623.0 0.9887429476 0.1374604404 0.0590930991 -0.1496183574 0.9048699141 0.3985282183 0.0013102981 -0.4028833807 0.9152503610
-76.1 -280.7 2706.0 0.9879149795 0.1418879330 0.0623839237 -0.1549509168 0.8943279386 0.4197234213 0.0037620044 -0.4243175089 0.9055056572
-189.0 -83.7 2622.5 -0.0560749508 -0.8470056057 -0.5286180973 0.8262964487 0.2578223050 -0.5007612705 0.5604371428 -0.4648754001 0.6854203343
-176.0 -274.7 2492.9 -0.3139006197 -0.8410938978 -0.4404855371 0.4995695353 0.2482091933 -0.8299533129 0.8074011803 -0.4805760086 0.3422718346
92.3 -127.7 2623.5 -0.1011695042 0.9836832285 0.1487684846 -0.9011893272 -0.0272653978 -0.4325671792 -0.4214528501 -0.1778311878 0.8892432451
66.0 -362.1 2514.0 -0.1782343388 0.9836832285 0.0244919527 -0.2822527885 -0.0272653978 -0.9589525461 -0.9426377416 -0.1778311878 0.2825069427
-177.5 -439.7 2803.4 0.9996211529 0.0183232594 0.0205366481 0.0238538831 -0.2045763731 -0.9785599113 -0.0137290945 0.9786791205 -0.2049359530
-184.7 -359.4 2419.3 0.9996211529 -0.0176217537 0.0211416539 0.0238538831 0.9378848076 -0.3461257517 -0.0137290945 0.3464989364 0.9379498959
1.4 -465.0 2798.4 0.9737388492 -0.1913685948 -0.1233316511 -0.1123879775 0.0670657754 -0.9913985729 0.1979938895 0.9792243242 0.0437970236
76.3 -491.3 2415.0 0.9737388492 0.0131206457 -0.2272894233 -0.1123879775 0.8959180713 -0.4297671020 0.1979938895 0.4440255165 0.8738648295
-134.1 -341.3 2385.1 0 0 0 0 0 0 0 0 0
21.6 -432.4 2279.2 0 0 0 0 0 0 0 0 0
-176.6 -790.5 2260.1 0 0 0 0 0 0 0 0 0
71.9 -795.6 2264.1 0 0 0 0 0 0 0 0 0
-18.5 76.2 2539.6 8 0.9867862463 0.1500900835 0.0610403828 -0.1618465930 0.8952572942 0.4151144922 0.0076577212 -0.4195084572 0.9077191353
-48.1 -100.1 2622.1 0.9867862463 0.1500900835 0.0610403828 -0.1618465930 0.8952572942 0.4151144922 0.0076577212 -0.4195084572 0.9077191353
-78.4 -273.0 2708.4 0.9858120680 0.1548971385 0.0646642074 -0.1675300002 0.8840893507 0.4362565279 0.0104059493 -0.4409001172 0.8974958658
-188.4 -76.3 2620.7 -0.0473371670 -0.8419895768 -0.5374130607 0.8375937343 0.2596786320 -0.4806284606 0.5442388058 -0.4728854001 0.6929527521
-177.5 -269.8 2494.9 -0.3102155328 -0.8361481428 -0.4523523748 0.5190256238 0.2496896535 -0.8174762726 0.7964789867 -0.4883762896 0.3565246761
92.3 -123.9 2623.6 -0.0955333412 0.9866135120 0.1321633011 -0.9091844559 -0.0324266814 -0.4151290357 -0.4052863121 -0.1598194838 0.9001114964
68.0 -355.3 2520.5 -0.1620766968 0.9866135120 0.0180251095 -0.3033049703 -0.0324266814 -0.9523416162 -0.9390086532 -0.1598194838 0.3045004010
-193.1 -441.7 2788.7 0.9996492267 -0.0212401431 0.0158196390 0.0133400960 -0.1121900231 -0.9935972095 0.0228789523 0.9934597611 -0.1118673235
-184.8 -397.9 2401.2 0.9996492267 -0.0202856343 -0.0170263816 0.0133400960 0.9410590529 -0.3379791975 0.0228789523 0.3376334906 0.9409995675
-14.6 -469.7 2789.4 0.9657996297 -0.2253004760 -0.1283384711 -0.1162336469 0.0662505552 -0.9910098910 0.2317775041 0.9720342159 0.0377972685
73.6 -495.7 2408.9 0.9657996297 0.0041420986 -0.2592564523 -0.1162336469 0.9006966352 -0.4186111093 0.2317775041 0.4344287813 0.8703739643
-136.1 -339.1 2388.5 0 0 0 0 0 0 0 0 0
26.9 -432.2 2282.3 0 0 0 0 0 0 0 0 0
-176.3 -790.1 2260.5 0 0 0 0 0 0 0 0 0
72.2 -795.1 2264.5 0 0 0 0 0 0 0 0 0
-14.5 83.3 2533.9 9 0.9833670855 0.1644519567 0.0771019459 -0.1816238910 0.8871049881 0.4243317842 0.0013846670 -0.4312774837 0.9022182822
-47.1 -92.4 2619.3 0.9833670855 0.1644519567 0.0771019459 -0.1816238910 0.8871049881 0.4243317842 0.0013846670 -0.4312774837 0.9022182822
-80.2 -264.1 2707.2 0.9823720455 0.1687644720 0.0803975910 -0.1868933141 0.8774383068 0.4417838156 0.0040134937 -0.4490218461 0.8935117722
-187.0 -65.8 2618.8 -0.0264878422 -0.8404529691 -0.5412367582 0.8425269723 0.2726218402 -0.4645703733 0.5380024910 -0.4683120251 0.7008831501
-180.9 -260.6 2494.4 -0.2935720980 -0.8349331021 -0.4655127525 0.5311654806 0.2624005079 -0.8056110740 0.7947821617 -0.4837692380 0.3664541543
92.8 -118.9 2619.9 -0.0731054097 0.9796136618 0.1871168613 -0.9213255644 0.0055004964 -0.3887530267 -0.3818570077 -0.2008154988 0.9021409750
74.0 -355.1 2522.0 -0.1908138692 0.9796136618 0.0628266707 -0.2871462107 0.0055004964 -0.9578709602 -0.9386890531 -0.2008154988 0.2802427709
-197.8 -431.0 2793.8 0.9994696379 -0.0281350352 0.0163957328 0.0140186837 -0.0826978087 -0.9964760542 0.0293917805 0.9961774349 -0.0822595358
-186.8 -398.6 2404.5 0.9994696379 -0.0233028326 -0.0227459501 0.0140186837 0.9383680820 -0.3453531265 0.0293917805 0.3448511064 0.9381971359
-19.7 -461.2 2795.6 0.9637380242 -0.2386695445 -0.1193559170 -0.1163670868 0.0266269650 -0.9928492904 0.2401409745 0.9707357287 -0.0021118599
73.7 -471.7 2415.9 0.9637380242 0.0046623037 -0.2668093741 -0.1163670868 0.9071148634 -0.4044765532 0.2401409745 0.4208572805 0.8747636676
-141.7 -331.5 2388.3 0 0 0 0 0 0 0 0 0
25.3 -428.5 2282.1 0 0 0 0 0 0 0 0 0
-177.1 -789.5 2260.9 0 0 0 0 0 0 0 0 0
72.0 -796.3 2265.2 0 0 0 0 0 0 0 0 0
-13.9 84.6 2525.6 0 0.9806493521 0.1623419076 0.1094161794 -0.1945793927 0.8698412776 0.4533376098 -0.0215790216 -0.4658553898 0.8845977187
-45.9 -87.1 2617.5 0.9806493521 0.1623419076 0.1094161794 -0.1945793927 0.8698412776 0.4533376098 -0.0215790216 -0.4658553898 0.8845977187
-78.4 -255.1 2712.3 0.9796881080 0.1657931209 0.1127998680 -0.1996443570 0.8591530919 0.4711667895 -0.0187961441 -0.4841163456 0.8748016953
-185.4 -58.6 2620.2 0.0001010272 -0.8508547544 -0.5254009366 0.8608193398 0.2674561143 -0.4329633713 0.5089106560 -0.4522315264 0.7324592471
-185.4 -257.6 2502.6 -0.2628682852 -0.8459306359 -0.4640060067 0.5620450377 0.2566366792 -0.7862842679 0.7842229605 -0.4674814939 0.4079895020
93.5 -115.5 2614.9 -0.0818636045 0.9791448712 0.1859399825 -0.9197966456 -0.0023870065 -0.3923881352 -0.3837609887 -0.2031492740 0.9008095860
72.9 -346.3 2518.6 -0.1936458647 0.9791448712 0.0614540949 -0.3134305775 -0.0023870065 -0.9496081471 -0.9296572208 -0.2031492740 0.3073561490
-202.0 -418.9 2794.8 0.9988138676 -0.0486782789 0.0011502720 -0.0051064594 -0.1282125413 -0.9917335510 0.0484233648 0.9905513525 -0.1283090264
-182.9 -368.8 2407.7 0.9988138676 -0.0112006571 -0.0473861098 -0.0051064594 0.9437212944 -0.3307023942 0.0484233648 0.3305521309 0.9425446987
-24.4 -452.7 2795.5 0.9586551189 -0.2508982122 -0.1342776716 -0.1262479424 0.0479063801 -0.9908412695 0.2550330758 0.9668273330 0.0142503083
73.8 -471.5 2417.1 0.9586551189 0.0055727544 -0.2845160067 -0.1262479424 0.9043600559 -0.4076693654 0.2550330758 0.4267338812 0.8676729202
-150.3 -332.6 2397.9 0 0 0 0 0 0 0 0 0
23.3 -426.5 2280.5 0 0 0 0 0 0 0 0 0
-178.0 -786.5 2261.4 0 0 0 0 0 0 0 0 0
71.8 -795.4 2264.3 0 0 0 0 0 0 0 0 0
-13.6 85.1 2528.4 1 0.9809274673 0.1695762277 0.0950010344 -0.1942345798 0.8736842871 0.4460366368 -0.0073636980 -0.4559820890 0.8899585009
-47.2 -88.1 2618.8 0.9809274673 0.1695762277 0.0950010344 -0.1942345798 0.8736842871 0.4460366368 -0.0073636980 -0.4559820890 0.8899585009
-81.1 -257.1 2711.4 0.9800133109 0.1729259193 0.0983389616 -0.1988720149 0.8637761474 0.4629694521 -0.0048834356 -0.4732730687 0.8809022307
-186.7 -59.9 2619.5 -0.0087431809 -0.8436595201 -0.5368074179 0.8559852242 0.2711966634 -0.4401609600 0.5169263482 -0.4633476138 0.7197889090
-184.7 -257.7 2500.1 -0.2758893371 -0.8384822011 -0.4699283540 0.5544723868 0.2605243623 -0.7903717160 0.7851403952 -0.4786174297 0.3930393755
92.3 -116.4 2618.1 -0.0860332474 0.9834809303 0.1592594236 -0.9067931175 -0.0110806627 -0.4214302301 -0.4127039015 -0.1806723624 0.8927670717
71.0 -340.8 2516.0 -0.1741701216 0.9834809303 0.0492956042 -0.3297512233 -0.0110806627 -0.9440028071 -0.9278625250 -0.1806723624 0.3262339532
-199.2 -405.1 2808.7 0.9991917014 -0.0401896760 0.0008586779 -0.0041193147 -0.1236155778 -0.9923216105 0.0399872288 0.9915159941 -0.1236812174
-183.5 -356.8 2420.8 0.9991917014 -0.0101323938 -0.0389009230 -0.0041193147 0.9368098974 -0.3498145938 0.0399872288 0.3496921062 0.9360109568
-22.2 -441.3 2805.3 0.9586285353 -0.2480232865 -0.1396989226 -0.1341804117 0.0391036458 -0.9901850820 0.2510516942 0.9679645300 0.0042060027
74.9 -456.6 2426.3 0.9586285353 0.0129271783 -0.2843663692 -0.1341804117 0.9015458822 -0.4113521874 0.2510516942 0.4324903488 0.8659821749
-147.9 -331.7 2395.2 0 0 0 0 0 0 0 0 0
26.5 -425.1 2278.9 0 0 0 0 0 0 0 0 0
-178.9 -785.3 2260.8 0 0 0 0 0 0 0 0 0
70.0 -796.6 2263.3 0 0 0 0 0 0 0 0 0
-13.2 85.3 2536.9 2 0.9809539914 0.1695492417 0.0947748274 -0.1938709766 0.8846990466 0.4239359498 -0.0119691743 -0.4342357516 0.9007197618
-46.7 -89.8 2622.8 0.9809539914 0.1695492417 0.0947748274 -0.1938709766 0.8846990466 0.4239359498 -0.0119691743 -0.4342357516 0.9007197618
-81.2 -260.7 2711.5 0.9794703126 0.1759237498 0.0984316841 -0.2014234811 0.8738294840 0.4425501227 -0.0081574330 -0.4532911479 0.8913251758
-186.2 -61.2 2623.9 -0.0070872386 -0.8422940969 -0.5389716625 0.8440336585 0.2839957178 -0.4549214840 0.5362433195 -0.4581343830 0.7089118361
-184.6 -256.2 2500.0 -0.2754163146 -0.8371256590 -0.4726165831 0.5372426510 0.2736590207 -0.7977976203 0.7971926928 -0.4736362994 0.3743694723
92.8 -118.4 2621.6 -0.1109707355 0.9904158115 0.0822315216 -0.8981701136 -0.0645276234 -0.4348869622 -0.4254127145 -0.1221176237 0.8967225552
65.2 -341.5 2515.9 -0.1365355402 0.9904158115 -0.0208464786 -0.3239662945 -0.0645276234 -0.9438654780 -0.9361644387 -0.1221176237 0.3296716511
-203.4 -408.2 2804.5 0.9987905622 -0.0491579622 0.0009221209 -0.0032959781 -0.0856569037 -0.9963192344 0.0490560085 0.9951112270 -0.0857153311
-184.2 -374.7 2415.2 0.9987905622 -0.0142674400 -0.0470509902 -0.0032959781 0.9353880882 -0.3536075354 0.0490560085 0.3533349633 0.9342097640
-26.3 -444.2 2803.7 0.9567354321 -0.2557711601 -0.1387026608 -0.1329569966 0.0397080779 -0.9903260469 0.2588044405 0.9659215212 0.0039835619
73.8 -459.8 2425.4 0.9567354321 0.0082978318 -0.2908409536 -0.1329569966 0.9015932083 -0.4116456509 0.2588044405 0.4325053096 0.8636894226
-147.8 -327.9 2393.6 0 0 0 0 0 0 0 0 0
30.3 -424.3 2276.6 0 0 0 0 0 0 0 0 0
-177.9 -786.7 2259.6 0 0 0 0 0 0 0 0 0
70.7 -796.8 2263.7 0 0 0 0 0 0 0 0 0
-15.5 81.7 2534.1 3 0.9842728376 0.1505750567 0.0923802480 -0.1760340035 0.8798206449 0.4415060878 -0.0147982445 -0.4508245289 0.8924899101
-45.3 -92.7 2623.4 0.9842728376 0.1505750567 0.0923802480 -0.1760340035 0.8798206449 0.4415060878 -0.0147982445 -0.4508245289 0.8924899101
-76.1 -262.7 2715.2 0.9829938412 0.1568457633 0.0955118686 -0.1833105087 0.8691490889 0.4593224525 -0.0109712770 -0.4690194726 0.8831197023
-185.3 -66.6 2625.0 -0.0196199659 -0.8501914144 -0.5261080265 0.8527107239 0.2605126202 -0.4527886808 0.5220147967 -0.4575016499 0.7198560834
-180.8 -263.7 2504.3 -0.2805987298 -0.8449242711 -0.4553760588 0.5454502106 0.2500127852 -0.7999860644 0.7897774577 -0.4728600383 0.3907108307
94.7 -118.7 2621.8 -0.1104919761 0.9873626828 0.1136067659 -0.8936634064 -0.0486790016 -0.4460897148 -0.4349220693 -0.1508155465 0.8877485394
67.3 -340.0 2514.1 -0.1584705710 0.9873626828 0.0014335158 -0.3118816018 -0.0486790016 -0.9488731623 -0.9368121028 -0.1508155465 0.3156544268
-204.2 -413.6 2801.0 0.9986971617 -0.0510294400 0.0001303594 -0.0030125312 -0.0615079924 -0.9981020689 0.0509406067 0.9968012571 -0.0615815818
-184.2 -389.5 2410.9 0.9986971617 -0.0153171076 -0.0486765541 -0.0030125312 0.9345279336 -0.3558770716 0.0509406067 0.3555600643 0.9332641959
-27.1 -450.0 2799.5 0.9535872936 -0.2620524168 -0.1483234614 -0.1410298049 0.0465345494 -0.9889110923 0.2660486996 0.9639310241 0.0074175550
75.5 -468.3 2422.0 0.9535872936 0.0122388648 -0.3008679748 -0.1410298049 0.9009625912 -0.4103376865 0.2660486996 0.4337241352 0.8608725071
-143.3 -336.5 2398.9 0 0 0 0 0 0 0 0 0
26.9 -419.4 2275.5 0 0 0 0 0 0 0 0 0
-177.7 -788.2 2259.2 0 0 0 0 0 0 0 0 0
71.1 -796.4 2264.0 0 0 0 0 0 0 0 0 0
-19.1 78.1 2538.7 4 0.9897793531 0.1297865808 0.0590958707 -0.1425689757 0.8909301758 0.4311814606 0.0033112720 -0.4351997375 0.9003278613
-44.7 -97.9 2624.6 0.9897793531 0.1297865808 0.0590958707 -0.1425689757 0.8909301758 0.4311814606 0.0033112720 -0.4351997375 0.9003278613
-71.0 -270.3 2713.2 0.9889710546 0.1346787214 0.0616271123 -0.1479863971 0.8816260099 0.4481469095 0.0060237879 -0.4523243010 0.8918331861
-185.4 -76.8 2623.8 -0.0604660623 -0.8498746157 -0.5235045552 0.8429513574 0.2374055237 -0.4827749133 0.5345810056 -0.4704803824 0.7020479441
-171.5 -271.6 2500.2 -0.3154338300 -0.8439337015 -0.4339094162 0.5223180652 0.2273487151 -0.8218858838 0.7922659516 -0.4858893454 0.3690883517
96.1 -118.9 2625.5 -0.1078132540 0.9860664606 0.1266853809 -0.8912844062 -0.0394140445 -0.4517285526 -0.4404411912 -0.1616150290 0.8831149936
69.4 -338.9 2516.7 -0.1657747328 0.9860664606 0.0138427299 -0.3136646748 -0.0394140445 -0.9487154484 -0.9349508882 -0.1616150290 0.3158280849
-195.6 -416.3 2808.0 0.9994565248 -0.0329559818 0.0007074013 0.0003520416 -0.0107874135 -0.9999417663 0.0329616927 0.9993985891 -0.0107699493
-182.0 -411.8 2394.8 0.9994565248 -0.0114578689 -0.0309081599 0.0003520416 0.9413026571 -0.3375636637 0.0329616927 0.3373693526 0.9407951236
-18.0 -449.4 2806.0 0.9630167484 -0.2347522825 -0.1322499812 -0.1247067302 0.0467603914 -0.9910911918 0.2388449758 0.9709298611 0.0157558508
73.9 -467.7 2425.9 0.9630167484 0.0067574824 -0.2693566978 -0.1247067302 0.8973444104 -0.4233452678 0.2388449758 0.4412792027 0.8650004268
-129.4 -341.4 2394.5 0 0 0 0 0 0 0 0 0
27.0 -419.3 2277.2 0 0 0 0 0 0 0 0 0
-177.4 -789.8 2259.3 0 0 0 0 0 0 0 0 0
71.5 -797.3 2263.8 0 0 0 0 0 0 0 0 0
-14.4 83.4 2533.5 5 0.9867908955 0.1389853954 0.0832276568 -0.1615107507 0.8839226365 0.4388565123 -0.0125721600 -0.4465017617 0.8946944475
-41.9 -91.4 2621.7 0.9867908955 0.1389853954 0.0832276568 -0.1615107507 0.8839226365 0.4388565123 -0.0125721600 -0.4465017617 0.8946944475
-69.9 -262.3 2712.8 0.9859506488 0.1430933177 0.0861722976 -0.1667459458 0.8735908270 0.4572033584 -0.0098565817 -0.4651488066 0.8851776123
-182.2 -67.7 2623.2 -0.0348851681 -0.8536055088 -0.5197505355 0.8500949740 0.2481023669 -0.4645252526 0.5254726410 -0.4580423832 0.7169907093
-174.2 -264.1 2501.7 -0.2911594808 -0.8481347561 -0.4425986707 0.5373942852 0.2377560288 -0.8091226220 0.7914755344 -0.4734337330 0.3865578473
98.4 -115.1 2620.3 -0.1098124385 0.9854308963 0.1298738420 -0.8832765222 -0.0368277766 -0.4674037695 -0.4558111429 -0.1660412550 0.8744521141
72.0 -327.5 2510.7 -0.1670302600 0.9854308963 0.0320449509 -0.3935048878 -0.0368277766 -0.9185845852 -0.9040214419 -0.1660412550 0.3939232230
-186.7 -429.5 2801.2 0.9998455048 -0.0058670281 0.0165705513 0.0163687821 -0.0329126827 -0.9993242025 0.0064084441 0.9994410276 -0.0328115597
-184.3 -416.2 2399.1 0.9998455048 -0.0175763257 -0.0002792272 0.0163687821 0.9367092252 -0.3497255147 0.0064084441 0.3496668935 0.9368521571
-8.0 -456.2 2802.3 0.9691767693 -0.2141624987 -0.1217819750 -0.1162087619 0.0384720713 -0.9924794436 0.2172370702 0.9760401249 0.0123986788
75.8 -471.3 2420.2 0.9691767693 0.0115461862 -0.2460957319 -0.1162087619 0.9022200108 -0.4153246880 0.2172370702 0.4311214983 0.8757524490
-135.3 -335.9 2396.1 0 0 0 0 0 0 0 0 0
29.2 -428.3 2279.2 0 0 0 0 0 0 0 0 0
-177.3 -789.4 2259.8 0 0 0 0 0 0 0 0 0
71.7 -797.4 2264.4 0 0 0 0 0 0 0 0 0
-12.7 88.3 2531.4 6 0.9847161174 0.1450667977 0.0963834822 -0.1728614420 0.8816717267 0.4390602112 -0.0212855395 -0.4490106404 0.8932728171
-41.4 -86.2 2620.3 0.9847161174 0.1450667977 0.0963834822 -0.1728614420 0.8816717267 0.4390602112 -0.0212855395 -0.4490106404 0.8932728171
-70.7 -256.9 2711.5 0.9837862849 0.1494248509 0.0991805643 -0.1783988327 0.8720640540 0.4557171762 -0.0183963347 -0.4660220146 0.8845818639
-181.5 -60.9 2622.9 -0.0203024838 -0.8545117378 -0.5190351009 0.8501905203 0.2584126592 -0.4586927295 0.5260835886 -0.4505913258 0.7212513685
-176.8 -257.4 2501.3 -0.2779664099 -0.8492963314 -0.4488100410 0.5404144526 0.2480098307 -0.8040170074 0.7941579819 -0.4660331309 0.3900336027
98.7 -111.5 2617.6 -0.1061738729 0.9824256897 0.1535149068 -0.8771986365 -0.0198404696 -0.4797174931 -0.4682410061 -0.1855965406 0.8638890386
73.1 -322.8 2504.9 -0.1757454723 0.9824256897 0.0628748462 -0.4332683384 -0.0198404696 -0.9010465741 -0.8839638233 -0.1855965406 0.4291408360
-186.9 -418.2 2804.8 0.9998580813 -0.0087821996 0.0143769616 0.0145181110 0.0162256826 -0.9997629523 0.0085468423 0.9998297691 0.0163508803
-183.3 -424.9 2390.3 0.9998580813 -0.0165439304 -0.0031815749 0.0145181110 0.9419389963 -0.3354700208 0.0085468423 0.3353762031 0.9420455098
-8.8 -448.4 2803.0 0.9697225690 -0.2119266540 -0.1213476211 -0.1131858677 0.0502744205 -0.9923011065 0.2163957208 0.9759916067 0.0247651376
74.2 -468.0 2420.8 0.9697225690 0.0095705912 -0.2440216243 -0.1131858677 0.9030410051 -0.4143741429 0.2163957208 0.4294477701 0.8767824769
-139.7 -329.5 2395.3 0 0 0 0 0 0 0 0 0
28.0 -434.0 2278.0 0 0 0 0 0 0 0 0 0
-176.9 -789.9 2260.4 0 0 0 0 0 0 0 0 0
70.7 -797.5 2264.1 0 0 0 0 0 0 0 0 0
-14.7 82.0 2521.8 7 0.9847741127 0.1422290951 0.0999539942 -0.1728458852 0.8624729514 0.4756729007 -0.0185530838 -0.4857070148 0.8739247322
-42.6 -87.0 2617.0 0.9847741127 0.1422290951 0.0999539942 -0.1728458852 0.8624729514 0.4756729007 -0.0185530838 -0.4857070148 0.8739247322
-71.3 -254.1 2714.6 0.9839701056 0.1462031007 0.1021149978 -0.1776313782 0.8542718887 0.4885351956 -0.0158086140 -0.4988428652 0.8665482402
-182.7 -61.7 2619.3 -0.0194282457 -0.8567371964 -0.5153871775 0.8691973686 0.2402672917 -0.4321661890 0.4940835238 -0.4563694000 0.7400057316
-178.2 -262.6 2505.1 -0.2755260468 -0.8515693545 -0.4459989071 0.5692902803 0.2293026596 -0.7895117998 0.7745928168 -0.4714339077 0.4216112792
97.5 -112.2 2614.8 -0.0952116773 0.9824095964 0.1606426835 -0.8909271359 -0.0121103488 -0.4539848268 -0.4440536201 -0.1863455772 0.8764083982
74.7 -325.5 2508.4 -0.1742693782 0.9824095964 0.0670933723 -0.4179906249 -0.0121103488 -0.9083706141 -0.8915795088 -0.1863455772 0.4127484858
-188.8 -411.5 2804.4 0.9996917844 -0.0034768076 0.0245814398 0.0242067091 -0.0832842588 -0.9962317944 0.0055109533 0.9965197444 -0.0831744298
-187.4 -378.1 2404.8 0.9996917844 -0.0246557817 0.0029030668 0.0242067091 0.9421051145 -0.3344427347 0.0055109533 0.3344099522 0.9424116015
-11.0 -443.7 2801.1 0.9658648968 -0.2179605067 -0.1399936676 -0.1234669909 0.0877493992 -0.9884613752 0.2277299166 0.9720047712 0.0578431338
74.3 -478.1 2420.7 0.9658648968 0.0110621015 -0.2588100433 -0.1234669909 0.8979653120 -0.4223910570 0.2277299166 0.4399271905 0.8686789870
-141.4 -338.6 2401.7 0 0 0 0 0 0 0 0 0
29.5 -434.1 2276.9 0 0 0 0 0 0 0 0 0
-176.7 -789.3 2258.9 0 0 0 0 0 0 0 0 0
70.3 -797.1 2264.4 0 0 0 0 0 0 0 0 0
-14.8 87.6 2525.1 8 0.9795232415 0.1476632059 0.1368570179 -0.1950067282 0.8648884892 0.4625367820 -0.0500663929 -0.4797535539 0.8759737015
-43.8 -82.8 2619.5 0.9795232415 0.1476632059 0.1368570179 -0.1950067282 0.8648884892 0.4625367820 -0.0500663929 -0.4797535539 0.8759737015
-73.4 -250.0 2716.8 0.9786694646 0.1505981982 0.1397364140 -0.1999288499 0.8546671271 0.4791373014 -0.0472709090 -0.4968543947 0.8665455580
-183.2 -54.4 2626.3 0.0157088283 -0.8644819260 -0.5024183393 0.8654396534 0.2634121180 -0.4261786640 0.5007668138 -0.4281180203 0.7522948384
-186.8 -254.4 2510.6 -0.2385688573 -0.8600302339 -0.4510353208 0.5692293644 0.2524529994 -0.7824611664 0.7868054509 -0.4434134066 0.4293270409
95.5 -111.1 2612.8 -0.0845877826 0.9843208790 0.1547815204 -0.9070221186 -0.0117568709 -0.4209188223 -0.4124994278 -0.1759948581 0.8937953115
75.3 -327.8 2514.2 -0.1656779349 0.9843208790 0.0605246499 -0.4039976299 -0.0117568709 -0.9146844745 -0.8996314406 -0.1759948581 0.3996111453
-188.8 -405.2 2813.7 0.9997935891 -0.0086205080 0.0183974989 0.0183813628 -0.0019474181 -0.9998291731 0.0086548626 0.9999609590 -0.0017885594
-185.2 -404.4 2398.3 0.9997935891 -0.0202302653 -0.0018754901 0.0183813628 0.9400022626 -0.3406726122 0.0086548626 0.3405678272 0.9401801229
-10.9 -437.3 2810.9 0.9655622840 -0.2232666910 -0.1335719377 -0.1279884726 0.0393618084 -0.9909942746 0.2265136391 0.9739623070 0.0094307167
76.4 -452.7 2429.9 0.9655622840 0.0171367172 -0.2596070170 -0.1279884726 0.9000262022 -0.4166194499 0.2265136391 0.4354987442 0.8712246418
-155.0 -330.4 2405.5 0 0 0 0 0 0 0 0 0
31.8 -433.7 2278.3 0 0 0 0 0 0 0 0 0
-177.0 -786.6 2259.8 0 0 0 0 0 0 0 0 0
69.8 -797.1 2263.3 0 0 0 0 0 0 0 0 0
-13.4 86.1 2535.7 9 0.9870335460 0.1453107446 0.0681876466 -0.1604823768 0.8849266171 0.4372074008 0.0031898720 -0.4424812794 0.8967720866
-42.1 -88.5 2623.0 0.9870335460 0.1453107446 0.0681876466 -0.1604823768 0.8849266171 0.4372074008 0.0031898720 -0.4424812794 0.8967720866
-71.5 -259.6 2713.1 0.9859073758 0.1513947546 0.0711778924 -0.1671612412 0.8746917844 0.4549411237 0.0066169784 -0.4604279995 0.8876723647
-182.2 -64.7 2622.0 -0.0435400791 -0.8455320001 -0.5321464539 0.8487886190 0.2496329099 -0.4660914838 0.5269365311 -0.4719735384 0.7068089247
-172.2 -260.9 2500.3 -0.3044606149 -0.8398025632 -0.4494835138 0.5355356336 0.2393227816 -0.8098927140 0.7877215743 -0.4872948825 0.3768798411
98.0 -112.4 2624.0 -0.0964679718 0.9812127352 0.1670792550 -0.8715489507 -0.0021983120 -0.4903035462 -0.4807247818 -0.1929163486 0.8553870320
74.8 -322.1 2508.3 -0.1749217361 0.9812127352 0.0813875571 -0.4319621027 -0.0021983120 -0.9018890858 -0.8847661614 -0.1929163486 0.4242312610
-191.1 -400.4 2817.2 0.9991416931 0.0073130992 0.0407728516 0.0413352810 -0.1118105203 -0.9928694963 -0.0027021193 0.9937026501 -0.1120168418
-194.0 -355.7 2419.6 0.9991416931 -0.0378385261 0.0168568306 0.0413352810 0.9372727871 -0.3461374342 -0.0027021193 0.3465371132 0.9380323887
-14.4 -435.4 2809.8 0.9648401141 -0.2253772616 -0.1352353692 -0.1255166978 0.0569750592 -0.9904541373 0.2309308797 0.9726042151 0.0266832132
73.8 -457.6 2429.2 0.9648401141 0.0112265656 -0.2625975609 -0.1255166978 0.8974856734 -0.4228061736 0.2309308797 0.4409007430 0.8673393130
-131.5 -332.4 2395.1 0 0 0 0 0 0 0 0 0
28.7 -435.8 2275.3 0 0 0 0 0 0 0 0 0
-176.5 -788.2 2259.7 0 0 0 0 0 0 0 0 0
69.5 -796.9 2262.5 0 0 0 0 0 0 0 0 0
-14.3 79.7 2532.5 0 0.9890255332 0.1452988237 0.0267720092 -0.1414008588 0.8783611655 0.4566042423 0.0428285673 -0.4553788602 0.8892670274
-42.8 -93.0 2622.0 0.9890255332 0.1452988237 0.0267720092 -0.1414008588 0.8783611655 0.4566042423 0.0428285673 -0.4553788602 0.8892670274
-72.1 -263.0 2714.2 0.9882211089 0.1501617879 0.0295039620 -0.1461582333 0.8689849377 0.4727609456 0.0453521274 -0.4715045691 0.8806966543
-183.4 -72.2 2615.5 -0.0800237879 -0.8327090144 -0.5478976965 0.8573265672 0.2229122967 -0.4640056193 0.5085148215 -0.5068587661 0.6960653067
-164.9 -270.3 2498.0 -0.3438139856 -0.8262161016 -0.4462721944 0.5435357690 0.2124424875 -0.8120573163 0.7657420039 -0.5217615366 0.3760372996
97.7 -113.7 2628.4 -0.0824316740 0.9799790978 0.1812346429 -0.8765472174 0.0152372019 -0.4810746610 -0.4742046297 -0.1985165179 0.8577418923
78.5 -318.7 2517.5 -0.1725380719 0.9799790978 0.0993558839 -0.4325680435 0.0152372019 -0.9014725089 -0.8849381208 -0.1985165179 0.4212786555
-189.7 -416.2 2802.0 0.9995360374 -0.0010551277 0.0304392502 0.0303561576 -0.0469614901 -0.9984353185 0.0024829493 0.9988961220 -0.0469076708
-189.3 -397.6 2407.4 0.9995360374 -0.0292271748 0.0085693356 0.0303561576 0.9330300689 -0.3585155606 0.0024829493 0.3586093783 0.9334844351
-12.0 -445.9 2803.9 0.9638361931 -0.2230684906 -0.1458088309 -0.1316941381 0.0769758224 -0.9882972240 0.2316817194 0.9717587829 0.0448152758
75.3 -476.1 2423.4 0.9638361931 0.0143769775 -0.2661072314 -0.1316941381 0.8937945366 -0.4287050366 0.2316817194 0.4482461810 0.8633648753
-119.0 -342.9 2395.8 0 0 0 0 0 0 0 0 0
32.1 -435.0 2279.6 0 0 0 0 0 0 0 0 0
-177.2 -784.8 2258.5 0 0 0 0 0 0 0 0 0
70.2 -795.8 2263.1 0 0 0 0 0 0 0 0 0
-17.0 76.3 2538.9 1 0.9906899333 0.1361326128 0.0011489053 -0.1228941604 0.8906540871 0.4377582967 0.0585699044 -0.4338239431 0.8990919590
-43.6 -97.7 2623.6 0.9906899333 0.1361326128 0.0011489053 -0.1228941604 0.8906540871 0.4377582967 0.0585699044 -0.4338239431 0.8990919590
-71.6 -270.4 2711.3 0.9896594286 0.1433969587 0.0033981453 -0.1294314712 0.8825641870 0.4520265162 0.0618201494 -0.4477921426 0.8919979930
-184.4 -79.3 2614.8 -0.1058318838 -0.8265101910 -0.5528838038 0.8433504105 0.2199759632 -0.4902761281 0.5268393755 -0.5181616545 0.6737571955
-160.0 -274.2 2493.1 -0.3688192964 -0.8195325732 -0.4385643899 0.5188139677 0.2099836618 -0.8286971450 0.7712356448 -0.5331728458 0.3477389216
97.2 -116.1 2632.4 -0.0751005411 0.9815964699 0.1755799502 -0.8848828077 0.0155732585 -0.4655533731 -0.4597198665 -0.1903309822 0.8674282432
79.8 -321.0 2526.0 -0.1674028039 0.9815964699 0.0918951109 -0.4094354212 0.0155732585 -0.9122061729 -0.8968494534 -0.1903309822 0.3992933333
-190.5 -420.2 2802.1 0.9997897744 -0.0092181489 0.0183145236 0.0168599524 -0.1386922002 -0.9901919961 0.0116678188 0.9902926087 -0.1385076344
-186.9 -365.8 2414.3 0.9997897744 -0.0198714565 -0.0050518555 0.0168599524 0.9369868040 -0.3489576578 0.0116678188 0.3487991095 0.9371248484
-12.3 -446.3 2810.7 0.9679564834 -0.2203929722 -0.1203627735 -0.1182753071 0.0226929635 -0.9927214980 0.2215202302 0.9751471281 -0.0041012452
73.9 -455.2 2429.4 0.9679564834 0.0094851684 -0.2509388328 -0.1182753071 0.8987267017 -0.4222573936 0.2215202302 0.4384066463 0.8710501790
-110.7 -343.5 2390.1 0 0 0 0 0 0 0 0 0
33.9 -433.4 2279.8 0 0 0 0 0 0 0 0 0
-178.0 -785.5 2258.1 0 0 0 0 0 0 0 0 0
70.3 -796.8 2262.7 0 0 0 0 0 0 0 0 0
-19.7 75.2 2542.1 2 0.9918559194 0.1257552803 0.0201844238 -0.1223494560 0.8967234492 0.4253441989 0.0353894308 -0.4243497252 0.9048065543
-44.1 -99.1 2624.6 0.9918559194 0.1257552803 0.0201844238 -0.1223494560 0.8967234492 0.4253441989 0.0353894308 -0.4243497252 0.9048065543
-69.1 -273.0 2710.8 0.9915526509 0.1277426332 0.0224749185 -0.1244852766 0.8885959387 0.4414755702 0.0364241265 -0.4405440688 0.8969917297
-185.2 -81.5 2619.4 -0.0976657495 -0.8399633765 -0.5337817073 0.8364517689 0.2213437408 -0.5013535023 0.5392678380 -0.4954477251 0.6809712052
-162.7 -274.8 2494.7 -0.3529073000 -0.8332960010 -0.4255281687 0.5075524449 0.2115694433 -0.8352417946 0.7860324383 -0.5107408166 0.3482770026
97.0 -116.8 2629.8 -0.0721001104 0.9792327881 0.1894855052 -0.8882941008 0.0233522486 -0.4586809576 -0.4535803497 -0.2013898045 0.8681629896
80.7 -317.6 2527.2 -0.1731821001 0.9792327881 0.1054094061 -0.4201177359 0.0233522486 -0.9071691036 -0.8907912374 -0.2013898045 0.4073488712
-188.9 -431.5 2793.2 0.9998275638 -0.0093537485 0.0160419103 0.0149648050 -0.1056387350 -0.9942919612 0.0109950034 0.9943605661 -0.1054805443
-185.3 -390.2 2403.9 0.9998275638 -0.0178273655 -0.0051981290 0.0149648050 0.9392609000 -0.3428775966 0.0109950034 0.3427406847 0.9393656850
-10.3 -454.8 2804.5 0.9702196121 -0.2153981328 -0.1108041331 -0.1104270294 0.0138226030 -0.9937881231 0.2155917138 0.9764285088 -0.0103748152
74.0 -460.2 2422.4 0.9702196121 0.0082847178 -0.2420852631 -0.1104270294 0.9046471715 -0.4116058946 0.2155917138 0.4260808527 0.8786212802
-115.6 -342.6 2389.8 0 0 0 0 0 0 0 0 0
32.8 -433.9 2280.7 0 0 0 0 0 0 0 0 0
-177.7 -787.1 2259.1 0 0 0 0 0 0 0 0 0
70.9 -796.8 2263.9 0 0 0 0 0 0 0 0 0
-20.4 72.3 2546.2 3 0.9945008159 0.1033508182 0.0169333275 -0.1011572629 0.9060807228 0.4108344615 0.0271171145 -0.4102881253 0.9115526676
-40.5 -103.7 2625.9 0.9945008159 0.1033508182 0.0169333275 -0.1011572629 0.9060807228 0.4108344615 0.0271171145 -0.4102881253 0.9115526676
-61.1 -279.5 2709.4 0.9942775369 0.1051531509 0.0188405793 -0.1030892655 0.8981949687 0.4273387194 0.0280135013 -0.4268355668 0.9038952589
-182.0 -89.1 2621.9 -0.1123935133 -0.8479782343 -0.5179774761 0.8252790570 0.2106692195 -0.5239589214 0.5534276962 -0.4863655567 0.6761407852
-156.1 -279.8 2494.0 -0.3586502969 -0.8412012458 -0.4046608806 0.4868757725 0.2012927532 -0.8499607444 0.7964433432 -0.5018582344 0.3373667896
101.1 -118.3 2629.9 -0.0913928226 0.9776809216 0.1891754419 -0.8870052695 0.0064225029 -0.4617146552 -0.4526245892 -0.2099970132 0.8666211367
80.5 -317.5 2528.3 -0.1898030192 0.9776809216 0.0900822282 -0.4015676975 0.0064225029 -0.9158068299 -0.8959454298 -0.2099970132 0.3913860619
-183.6 -435.8 2793.6 0.9997827411 0.0050648847 0.0202197563 0.0207025595 -0.1282828599 -0.9915215373 -0.0024280937 0.9917246699 -0.1283598542
-185.6 -385.6 2405.4 0.9997827411 -0.0186394099 0.0093308091 0.0207025595 0.9400773644 -0.3403320611 -0.0024280937 0.3404513001 0.9402590394
-4.6 -458.2 2800.3 0.9713719487 -0.2053748369 -0.1194056347 -0.1132692173 0.0414241441 -0.9927003980 0.2088219672 0.9778063297 0.0169756059
75.8 -474.4 2417.6 0.9713719487 0.0126373274 -0.2372273803 -0.1132692173 0.9024071693 -0.4157299697 0.2088219672 0.4306989908 0.8780044317
-108.2 -344.8 2387.6 0 0 0 0 0 0 0 0 0
28.7 -427.1 2283.7 0 0 0 0 0 0 0 0 0
-177.6 -787.8 2259.7 0 0 0 0 0 0 0 0 0
71.3 -796.2 2264.1 0 0 0 0 0 0 0 0 0
-17.7 73.5 2545.2 4 0.9952548146 0.0941431820 0.0245957188 -0.0958573297 0.9052146673 0.4140021801 0.0167110767 -0.4143953323 0.9099435210
-36.1 -102.7 2625.9 0.9952548146 0.0941431820 0.0245957188 -0.0958573297 0.9052146673 0.4140021801 0.0167110767 -0.4143953323 0.9099435210
-55.0 -277.8 2711.0 0.9949683547 0.0965439081 0.0267825536 -0.0985621065 0.8951900601 0.4346495569 0.0179872904 -0.4351022840 0.9002013206
-177.7 -88.7 2623.3 -0.1100080162 -0.8541370630 -0.5082795620 0.8291960955 0.2030951679 -0.5207553506 0.5480256081 -0.4787507057 0.6859050393
-152.3 -280.3 2496.7 -0.3521132171 -0.8474876881 -0.3972164989 0.4916906953 0.1936241537 -0.8489699364 0.7964022756 -0.4942411780 0.3485241830
105.6 -116.6 2628.4 -0.1237483248 0.9829828143 0.1357614696 -0.8879805803 -0.0486295894 -0.4573025405 -0.4429184794 -0.1771439761 0.8788874745
77.0 -322.3 2525.9 -0.1819152683 0.9829828143 0.0255276673 -0.3917043507 -0.0486295894 -0.9188051224 -0.9019282460 -0.1771439761 0.3938851058
-171.5 -446.0 2790.3 0.9990420938 0.0340197757 0.0275234263 0.0309098456 -0.1033973768 -0.9941596985 -0.0309752394 0.9940581918 -0.1043498814
-184.8 -405.5 2401.4 0.9990420938 -0.0182766803 0.0397598669 0.0309098456 0.9378947020 -0.3455402851 -0.0309752394 0.3464382589 0.9375612140
8.1 -464.6 2795.5 0.9778148532 -0.1767796725 -0.1123702377 -0.1031531915 0.0605215579 -0.9928225279 0.1823116690 0.9823879600 0.0409434885
77.3 -488.3 2411.1 0.9778148532 0.0154271582 -0.2089021951 -0.1031531915 0.9034425020 -0.4161142111 0.1823116690 0.4284315705 0.8849908710
-105.3 -346.0 2390.4 0 0 0 0 0 0 0 0 0
27.5 -428.7 2280.8 0 0 0 0 0 0 0 0 0
-177.4 -785.8 2260.9 0 0 0 0 0 0 0 0 0
72.1 -796.3 2265.0 0 0 0 0 0 0 0 0 0
-19.9 68.0 2547.8 5 0.9942947030 0.0981331095 -0.0418090187 -0.0711313710 0.9020710588 0.4256854951 0.0794885457 -0.4202828705 0.9039047956
-39.1 -108.0 2629.8 0.9942947030 0.0981331095 -0.0418090187 -0.0711313710 0.9020710588 0.4256854951 0.0794885457 -0.4202828705 0.9039047956
-58.4 -282.0 2717.3 0.9943341017 0.0989361852 -0.0388753489 -0.0707728788 0.8890286088 0.4523486793 0.0793149471 -0.4470343888 0.8909934759
-180.5 -98.1 2618.5 -0.1645746380 -0.8288412094 -0.5347312093 0.8361766338 0.1703173071 -0.5213450193 0.5231862068 -0.5329298973 0.6650277376
-142.5 -291.3 2497.6 -0.4122110605 -0.8210248947 -0.3949685991 0.4969433546 0.1607385576 -0.8527663350 0.7636290789 -0.5477967262 0.3417446315
102.4 -118.0 2641.0 -0.1154997721 0.9799287915 0.1624786854 -0.8649279475 -0.0187857617 -0.5015443563 -0.4884254932 -0.1984606087 0.8497375250
74.9 -324.2 2524.6 -0.1918347329 0.9799287915 0.0542121269 -0.3596017659 -0.0187857617 -0.9329167604 -0.9131735563 -0.1984606087 0.3559879065
-163.8 -444.2 2794.6 0.9968846440 0.0652970299 0.0442409106 0.0533120520 -0.1444580853 -0.9880737066 -0.0581273250 0.9873540998 -0.1474891603
-189.3 -387.7 2408.5 0.9968846440 -0.0297921747 0.0730300397 0.0533120520 0.9368930459 -0.3455274403 -0.0581273250 0.3483443856 0.9355626106
16.0 -462.0 2797.9 0.9782629609 -0.1709006578 -0.1174503714 -0.1108930483 0.0474560671 -0.9926986694 0.1752265990 0.9841447473 0.0274728145
82.9 -480.6 2412.6 0.9782629609 0.0268124975 -0.2056276202 -0.1108930483 0.9055498242 -0.4094902575 0.1752265990 0.4233918190 0.8888391256
-87.5 -357.7 2395.6 0 0 0 0 0 0 0 0 0
22.7 -422.0 2276.2 0 0 0 0 0 0 0 0 0
-176.6 -786.8 2260.1 0 0 0 0 0 0 0 0 0
73.5 -796.7 2264.8 0 0 0 0 0 0 0 0 0
-20.4 66.7 2546.5 6 0.9940320849 0.0932637602 -0.0565869883 -0.0601200350 0.9011992216 0.4292150140 0.0910263583 -0.4232514799 0.9014279842
-38.6 -109.1 2629.1 0.9940320849 0.0932637602 -0.0565869883 -0.0601200350 0.9011992216 0.4292150140 0.0910263583 -0.4232514799 0.9014279842
-57.6 -282.9 2717.0 0.9938352108 0.0969386175 -0.0538000688 -0.0619719513 0.8881106377 0.4554326832 0.0919294283 -0.4492909610 0.8886431456
-180.0 -100.4 2616.0 -0.1781673133 -0.8235614300 -0.5385192633 0.8367519379 0.1611761153 -0.5233244300 0.5177862644 -0.5438463688 0.6604003310
-138.9 -293.8 2496.4 -0.4258871377 -0.8154796362 -0.3919351101 0.4963458478 0.1516072452 -0.8547841907 0.7564793229 -0.5585769415 0.3401923776
102.9 -117.8 2642.1 -0.1166981384 0.9823458791 0.1462126374 -0.8601289392 -0.0263608415 -0.5093950033 -0.4965477884 -0.1852071732 0.8480203748
74.9 -324.6 2522.8 -0.1826682091 0.9823458791 0.0403598361 -0.3487542272 -0.0263608415 -0.9368433952 -0.9192403555 -0.1852071732 0.3474125564
-167.5 -449.8 2797.6 0.9983632565 0.0494477451 0.0287351552 0.0384978242 -0.2094956189 -0.9770514369 -0.0422931015 0.9765585065 -0.2110563666
-186.8 -368.0 2416.3 0.9983632565 -0.0212148447 0.0531104431 0.0384978242 0.9360414743 -0.3497774899 -0.0422931015 0.3512496352 0.9353261590
11.8 -462.5 2811.9 0.9809614420 -0.1726146042 -0.0889880285 -0.0943566486 -0.0231333356 -0.9952696562 0.1697394997 0.9847177267 -0.0389802456
79.3 -453.4 2427.3 0.9809614420 0.0130735924 -0.1937621087 -0.0943566486 0.9041355848 -0.4166961908 0.1697394997 0.4270456433 0.8881556988
-82.0 -360.0 2395.4 0 0 0 0 0 0 0 0 0
24.5 -420.7 2269.3 0 0 0 0 0 0 0 0 0
-177.4 -784.5 2260.0 0 0 0 0 0 0 0 0 0
74.3 -795.8 2265.5 0 0 0 0 0 0 0 0 0
-16.2 76.6 2544.9 7 0.9933666587 0.1149889380 0.0004963831 -0.1041730419 0.8980857134 0.4273055792 0.0486896224 -0.4245228171 0.9041070938
-38.8 -99.5 2628.2 0.9933666587 0.1149889380 0.0004963831 -0.1041730419 0.8980857134 0.4273055792 0.0486896224 -0.4245228171 0.9041070938
-61.6 -273.1 2715.6 0.9931432009 0.1168570966 0.0033147677 -0.1058936268 0.8872305155 0.4490083754 0.0495288521 -0.4462806284 0.8935213685
-180.1 -84.5 2621.2 -0.1196245179 -0.8377051353 -0.5328602195 0.8388161063 0.2018376887 -0.5056174994 0.5311096311 -0.5074560046 0.6785358787
-152.4 -278.4 2498.5 -0.3718185425 -0.8306716084 -0.4144099951 0.5072621703 0.1920653433 -0.8401166201 0.7774548531 -0.5225854516 0.3499548435
102.5 -114.5 2635.1 -0.1145756394 0.9844560623 0.1331115961 -0.8790552020 -0.0380553938 -0.4751986265 -0.4627465606 -0.1714586318 0.8697514534
