-10.9 57.5 2782.9 1 0.9926055670 -0.1194526777 -0.0215702541 0.1193474978 0.9279957414 0.3529590070 -0.0221447945 -0.3529234231 0.9353901148
13.3 -130.4 2854.3 0.9926055670 -0.1194526777 -0.0215702541 0.1193474978 0.9279957414 0.3529590070 -0.0221447945 -0.3529234231 0.9353901148
35.9 -316.8 2918.9 0.9932920337 -0.1142132431 -0.0180639587 0.1138630733 0.9388532639 0.3249458373 -0.0201537106 -0.3248229325 0.9455600977
-131.6 -147.1 2857.3 0.5405046344 -0.8277398348 0.1506702453 0.8068386316 0.4592009783 -0.3716798127 0.2384662479 0.3224612474 0.9160526991
-229.2 -292.9 2814.2 -0.3898323774 -0.8277398348 -0.4035808742 -0.8839666247 0.4592009783 -0.0879628658 0.2581351101 0.3224612474 -0.9107058048
158.2 -113.8 2851.4 0.1469722539 0.8452599645 0.5137457848 -0.9419209957 0.2781572640 -0.1881843805 -0.3019668460 -0.4562500715 0.8370494843
195.1 -350.3 2775.5 -0.4050204456 0.8452599645 0.3485599458 -0.2234538794 0.2781572640 -0.9341824651 -0.8865815401 -0.4562500715 0.0762172416
-29.6 -518.0 2972.5 0.9080733061 0.2083404511 -0.3633140922 -0.3666374683 -0.0238528475 -0.9300580621 -0.2024347931 0.9777654409 0.0547252819
-136.4 -505.7 2471.4 0.9080733061 0.1959573627 0.3701399565 -0.3666374683 0.7991318107 0.4764088094 -0.2024347931 -0.5683212876 0.7975155711
151.9 -496.0 2970.7 0.9567251801 0.2042897642 0.2072259337 0.2140253037 -0.0115197031 -0.9767602086 -0.1971549243 0.9788426757 -0.0547443666
44.4 -489.9 2455.8 0.9567251801 -0.2805147469 0.0773845837 0.2140253037 0.8585093021 0.4659988284 -0.1971549243 -0.4292705655 0.8813947439
-127.3 -61.8 2746.8 0 0 0 0 0 0 0 0 0
85.7 -410.6 2536.2 0 0 0 0 0 0 0 0 0
-211.3 -811.1 2688.6 0 0 0 0 0 0 0 0 0
151.6 -818.0 2619.8 0 0 0 0 0 0 0 0 0
-14.4 56.8 2780.3 2 0.9908332229 -0.1298365742 -0.0373096280 0.1346566081 0.9271066785 0.3497725725 -0.0108232666 -0.3515902460 0.9360914230
12.0 -131.7 2851.8 0.9908332229 -0.1298365742 -0.0373096280 0.1346566081 0.9271066785 0.3497725725 -0.0108232666 -0.3515902460 0.9360914230
36.2 -318.2 2915.8 0.9919840097 -0.1218932867 -0.0333134867 0.1261260360 0.9389336705 0.3201496899 -0.0077449428 -0.3217850626 0.9467810988
-132.8 -150.1 2853.0 0.5359942317 -0.8305811286 0.1511461735 0.7974792719 0.4393896759 -0.4134773314 0.2770144045 0.3421574235 0.8978815675
-229.4 -293.9 2803.0 -0.3821943700 -0.8305811286 -0.4050462246 -0.8966126442 0.4393896759 -0.0549776070 0.2236364782 0.3421574235 -0.9126417637
156.8 -113.3 2850.7 0.1909678429 0.8050382733 0.5616446137 -0.9299468398 0.3315336108 -0.1590103656 -0.3142135143 -0.4919337928 0.8119550347
202.9 -338.2 2774.7 -0.4230318367 0.8050382733 0.4158815444 -0.2605190575 0.3315336108 -0.9067608714 -0.8678559065 -0.4919337928 0.0694785193
-32.5 -513.6 2985.3 0.9144973755 0.1960921735 -0.3538959920 -0.3576682806 -0.0170508269 -0.9336930513 -0.1891241074 0.9804372191 0.0545430072
-134.2 -504.8 2476.8 0.9144973755 0.1997630745 0.3518369496 -0.3576682806 0.8056512475 0.4722281992 -0.1891241074 -0.5576923490 0.8082149029
149.4 -492.7 2981.6 0.9583308697 0.1958155185 0.2079861760 0.2133434713 -0.0064359820 -0.9769560695 -0.1899645627 0.9806196094 -0.0479437597
43.7 -489.2 2452.0 0.9583308697 -0.2770789564 0.0694925413 0.2133434713 0.8559955359 0.4709099829 -0.1899645627 -0.4364617765 0.8794399500
-128.4 -56.8 2743.9 0 0 0 0 0 0 0 0 0
89.8 -407.9 2542.5 0 0 0 0 0 0 0 0 0
-210.5 -812.6 2689.9 0 0 0 0 0 0 0 0 0
149.6 -816.3 2618.8 0 0 0 0 0 0 0 0 0
-14.1 57.3 2789.0 3 0.9922911525 -0.1235932410 -0.0091092279 0.1194947213 0.9347168207 0.3347021043 -0.0328523666 -0.3332104385 0.9422799945
10.9 -131.7 2856.4 0.9922911525 -0.1235932410 -0.0091092279 0.1194947213 0.9347168207 0.3347021043 -0.0328523666 -0.3332104385 0.9422799945
33.7 -319.4 2917.4 0.9933242202 -0.1152146012 -0.0057123299 0.1113639772 0.9448570609 0.3079662919 -0.0300848763 -0.3065465093 0.9513801336
-134.1 -148.0 2860.9 0.5128314495 -0.8526207209 0.1002088860 0.7893759608 0.4224363267 -0.4454583228 0.3374751210 0.3075475395 0.8896769285
-229.9 -295.4 2797.8 -0.3784551620 -0.8526207209 -0.3602910340 -0.9050677419 0.4224363267 -0.0489892885 0.1939692944 0.3075475395 -0.9315527081
155.9 -115.5 2852.0 0.2142465115 0.7810435295 0.5865743160 -0.9212834239 0.3611145020 -0.1443370283 -0.3245539963 -0.5094774365 0.7969300151
206.2 -331.8 2775.8 -0.4297845364 0.7810435295 0.4530521333 -0.2810485363 0.3611145020 -0.8891614079 -0.8580774665 -0.5094774365 0.0643097311
-30.6 -516.2 2980.4 0.9103292823 0.2014453858 -0.3615527451 -0.3629282415 -0.0314005278 -0.9312878847 -0.1989565939 0.9789962769 0.0445253998
-134.5 -500.0 2475.3 0.9103292823 0.1984675080 0.3631959260 -0.3629282415 0.8046132326 0.4699794054 -0.1989565939 -0.5596500635 0.8044924140
151.2 -493.1 2979.0 0.9552546144 0.2016288638 0.2164127380 0.2216766179 -0.0036235740 -0.9751135111 -0.1958268285 0.9794552922 -0.0481578410
42.9 -491.1 2452.6 0.9552546144 -0.2871648669 0.0708873495 0.2216766179 0.8537217975 0.4711884260 -0.1958268285 -0.4343908429 0.8791794181
-129.0 -54.3 2746.2 0 0 0 0 0 0 0 0 0
91.7 -406.7 2547.2 0 0 0 0 0 0 0 0 0
-210.3 -807.5 2689.2 0 0 0 0 0 0 0 0 0
152.6 -817.4 2618.6 0 0 0 0 0 0 0 0 0
-15.1 57.8 2783.9 4 0.9885224104 -0.1263953447 0.0827508122 0.0885849819 0.9286502600 0.3602240384 -0.1223772019 -0.3487590551 0.9291883111
10.5 -130.3 2854.5 0.9885224104 -0.1263953447 0.0827508122 0.0885849819 0.9286502600 0.3602240384 -0.1223772019 -0.3487590551 0.9291883111
34.3 -316.8 2918.6 0.9890824556 -0.1194569990 0.0862900242 0.0843305066 0.9390285015 0.3333375156 -0.1208482906 -0.3224214017 0.9388504624
-133.3 -142.4 2872.1 0.4982939959 -0.8653198481 0.0540796854 0.7847390175 0.4236131310 -0.4524783194 0.3686296344 0.2679056823 0.8901340961
-229.9 -294.5 2800.7 -0.3760982156 -0.8653198481 -0.3313180804 -0.9020917416 0.4236131310 -0.0823551416 0.2116142213 0.2679056823 -0.9399180412
154.3 -118.1 2837.0 0.2325506508 0.7660759687 0.5992059708 -0.9238407612 0.3665894270 -0.1101384088 -0.3040369749 -0.5279581547 0.7929828167
207.6 -330.0 2767.3 -0.4402855933 0.7660759687 0.4682693779 -0.2991299927 0.3665894270 -0.8809843659 -0.8465635180 -0.5279581547 0.0677522495
-34.5 -517.3 2981.1 0.9142895341 0.1971654743 -0.3538366854 -0.3546689749 -0.0322924517 -0.9344341159 -0.1956643909 0.9798382521 0.0404038243
-136.4 -500.7 2474.8 0.9142895341 0.1925200820 0.3563855290 -0.3546689749 0.8054899573 0.4747586846 -0.1956643909 -0.5604658127 0.8047319651
147.6 -496.9 2975.5 0.9584062696 0.1935861260 0.2097184509 0.2178269625 -0.0213504005 -0.9757538438 -0.1844148338 0.9808509350 -0.0626306310
44.2 -485.5 2451.8 0.9584062696 -0.2779116631 0.0649809241 0.2178269625 0.8593711853 0.4626365602 -0.1844148338 -0.4292391837 0.8841633797
-129.3 -53.4 2744.1 0 0 0 0 0 0 0 0 0
90.6 -409.5 2542.2 0 0 0 0 0 0 0 0 0
-209.9 -808.5 2689.0 0 0 0 0 0 0 0 0 0
150.4 -813.9 2615.9 0 0 0 0 0 0 0 0 0
-15.4 58.6 2791.3 5 0.9851949215 -0.1343036145 0.1065526456 0.0903351456 0.9349200726 0.3431676030 -0.1457068622 -0.3284615278 0.9332108498
11.9 -130.8 2857.9 0.9851949215 -0.1343036145 0.1065526456 0.0903351456 0.9349200726 0.3431676030 -0.1457068622 -0.3284615278 0.9332108498
36.9 -318.2 2918.8 0.9859462380 -0.1259897202 0.1097113714 0.0849133655 0.9434781671 0.3203727603 -0.1438739598 -0.3065543771 0.9409169555
-131.8 -143.1 2878.8 0.4918828905 -0.8700720668 0.0320289321 0.7664390802 0.4152564108 -0.4900339246 0.4130645990 0.2655875087 0.8711147308
-228.6 -293.9 2797.6 -0.3722180128 -0.8700720668 -0.3231537938 -0.9067165256 0.4152564108 -0.0736701787 0.1982900500 0.2655875087 -0.9434745908
155.5 -118.4 2836.9 0.2261652648 0.7687563300 0.5982164741 -0.9255638719 0.3610165417 -0.1140111461 -0.3036128283 -0.5279021859 0.7931824923
207.0 -329.2 2767.8 -0.4392131865 0.7687563300 0.4648714364 -0.3019707799 0.3610165417 -0.8823155165 -0.8461119533 -0.5279021859 0.0735787153
-32.1 -511.0 2993.6 0.9173179269 0.1943412125 -0.3475044072 -0.3502553403 -0.0211633202 -0.9364151359 -0.1893384010 0.9807056785 0.0486555547
-134.7 -499.8 2475.7 0.9173179269 0.1942045987 0.3475807905 -0.3502553403 0.8087378144 0.4725085497 -0.1893384010 -0.5551825762 0.8098909259
148.5 -495.7 2971.6 0.9551227093 0.1999846697 0.2185102999 0.2246473432 -0.0082415221 -0.9744052887 -0.1930652559 0.9797643423 -0.0527976900
43.5 -491.4 2457.1 0.9551227093 -0.2876536250 0.0706825256 0.2246473432 0.8589745760 0.4601046443 -0.1930652559 -0.4235777557 0.8850467205
-129.3 -52.0 2744.7 0 0 0 0 0 0 0 0 0
90.3 -409.5 2543.0 0 0 0 0 0 0 0 0 0
-208.9 -808.8 2687.8 0 0 0 0 0 0 0 0 0
153.4 -819.6 2618.9 0 0 0 0 0 0 0 0 0
-17.2 57.1 2795.0 6 0.9694049954 -0.2058834136 0.1336634904 0.1475832164 0.9239702225 0.3528430462 -0.1961456239 -0.3223213255 0.9260863066
26.9 -140.8 2864.1 0.9694049954 -0.2058834136 0.1336634904 0.1475832164 0.9239702225 0.3528430462 -0.1961456239 -0.3223213255 0.9260863066
40.0 -331.6 2915.5 0.9869948030 -0.0667989552 0.1462161392 0.0258200169 0.9636412859 0.2659488320 -0.1586650163 -0.2587148249 0.9528337121
-116.8 -144.6 2887.4 0.5405737758 -0.8386794925 0.0663074553 0.7198904753 0.4203394353 -0.5523336530 0.4353592694 0.3463111818 0.8309818506
-228.9 -293.9 2797.2 -0.3740409017 -0.8386794925 -0.3958662748 -0.9067378640 0.4203394353 -0.0337817036 0.1947302222 0.3463111818 -0.9176865816
170.6 -137.0 2840.7 0.1204742491 0.8313136101 0.5425897837 -0.9339172840 0.2802243233 -0.2219748795 -0.3365775943 -0.4799917042 0.8101379275
197.4 -344.6 2765.9 -0.4205706418 0.8313136101 0.3633703887 -0.2474479079 0.2802243233 -0.9274933338 -0.8728630543 -0.4799917042 0.0878526792
-28.2 -513.4 2992.8 0.9124745727 0.2065176070 -0.3531863689 -0.3602591157 -0.0035880192 -0.9328453541 -0.1939162314 0.9784362912 0.0711258799
-136.5 -511.5 2479.7 0.9124745727 0.1951255351 0.3596055806 -0.3602591157 0.7997869253 0.4801606238 -0.1939162314 -0.5676855445 0.8000810146
151.6 -499.0 2965.9 0.9526808858 0.2137397230 0.2161353678 0.2247875780 -0.0167396273 -0.9742639661 -0.2046208829 0.9767472148 -0.0639935583
40.6 -490.3 2458.7 0.9526808858 -0.2924850583 0.0827747434 0.2247875780 0.8611913323 0.4558728635 -0.2046208829 -0.4156946242 0.8861874938
-129.4 -52.6 2745.3 0 0 0 0 0 0 0 0 0
87.4 -409.4 2537.5 0 0 0 0 0 0 0 0 0
-211.1 -817.1 2696.6 0 0 0 0 0 0 0 0 0
152.4 -819.4 2617.6 0 0 0 0 0 0 0 0 0
-17.1 59.3 2796.4 7 0.9705724716 -0.1892593205 0.1488960385 0.1256647557 0.9255116582 0.3572624922 -0.2054202855 -0.3280381560 0.9220593572
22.3 -133.1 2864.6 0.9705724716 -0.1892593205 0.1488960385 0.1256647557 0.9255116582 0.3572624922 -0.2054202855 -0.3280381560 0.9220593572
44.5 -321.7 2921.0 0.9809980392 -0.1123917401 0.1581484675 0.0607710071 0.9521051049 0.2996710241 -0.1842545271 -0.2843658328 0.9408434033
-120.7 -141.9 2891.7 0.5146278143 -0.8571195602 0.0224557593 0.7146434784 0.4143176079 -0.5635828376 0.4737540781 0.3060832620 0.8257542849
-228.1 -291.1 2792.8 -0.3743849099 -0.8571195602 -0.3538106680 -0.9091787934 0.4143176079 -0.0416519977 0.1822907180 0.3060832620 -0.9343891740
165.2 -124.3 2837.5 0.1218418330 0.8068947792 0.5779924989 -0.9195832610 0.3109180927 -0.2402011752 -0.3735254109 -0.5022456646 0.7798897624
194.7 -347.3 2747.0 -0.4442191422 0.8068947792 0.3893457949 -0.2410356402 0.3109180927 -0.9193648696 -0.8628853559 -0.5022456646 0.0563746318
-34.0 -522.4 2984.6 0.9095639586 0.2022337914 -0.3630357385 -0.3698557615 -0.0043583065 -0.9290789366 -0.1894733757 0.9793275595 0.0708331764
-138.0 -520.2 2481.2 0.9095639586 0.1994404346 0.3645777702 -0.3698557615 0.7885130644 0.4913795888 -0.1894733757 -0.5817823410 0.7909672260
148.1 -513.0 2956.3 0.9560346603 0.2064112723 0.2083077878 0.2225815356 -0.0482652225 -0.9737185836 -0.1909324676 0.9772741795 -0.0920865610
42.4 -488.3 2455.8 0.9560346603 -0.2845219076 0.0710283443 0.2225815356 0.8617277741 0.4559415877 -0.1909324676 -0.4200863838 0.8871709108
-129.6 -52.0 2744.9 0 0 0 0 0 0 0 0 0
78.9 -410.1 2522.0 0 0 0 0 0 0 0 0 0
-214.2 -821.4 2703.4 0 0 0 0 0 0 0 0 0
151.1 -817.6 2616.3 0 0 0 0 0 0 0 0 0
-19.4 53.9 2796.6 8 0.9825553298 -0.1779336035 0.0540796444 0.1523080915 0.9367898703 0.3150032163 -0.1067109182 -0.3012713492 0.9475486279
17.3 -139.1 2858.7 0.9825553298 -0.1779336035 0.0540796444 0.1523080915 0.9367898703 0.3150032163 -0.1067109182 -0.3012713492 0.9475486279
44.3 -328.2 2912.3 0.9889439344 -0.1356083155 0.0600019917 0.1137936041 0.9534373283 0.2792996168 -0.0950834826 -0.2693838179 0.9583274722
-126.2 -155.6 2872.5 0.5382388830 -0.8384000063 0.0859323069 0.7313323021 0.4139471054 -0.5420340300 0.4188698828 0.3545888662 0.8359513879
-228.7 -294.8 2792.8 -0.3736993372 -0.8384000063 -0.3967798948 -0.9101330042 0.4139471054 -0.0174836013 0.1789041460 0.3545888662 -0.9177472591
160.8 -122.7 2844.8 0.1656431258 0.7692594528 0.6170917153 -0.9053901434 0.3666711152 -0.2140582502 -0.3909360468 -0.5232515335 0.7572165132
200.7 -341.0 2750.6 -0.4526297450 0.7692594528 0.4509613812 -0.2652732432 0.3666711152 -0.8917300105 -0.8513262868 -0.5232515335 0.0380977094
-22.0 -517.7 2991.0 0.8995833397 0.2122650445 -0.3816980422 -0.3893595636 -0.0061594876 -0.9210652709 -0.1978610307 0.9771926999 0.0771064535
-134.1 -514.4 2474.7 0.8995833397 0.2114859223 0.3821302950 -0.3893595636 0.7847138047 0.4823104739 -0.1978610307 -0.5826645494 0.7882595062
158.9 -501.3 2962.4 0.9558020234 0.2187490016 0.1964467913 0.2049980462 -0.0168750528 -0.9786168933 -0.2107564211 0.9756352305 -0.0609723255
44.8 -492.5 2453.6 0.9558020234 -0.2786961496 0.0936531946 0.2049980462 0.8600524068 0.4672104716 -0.2107564211 -0.4273619950 0.8791720271
-131.0 -56.9 2746.0 0 0 0 0 0 0 0 0 0
82.9 -410.0 2529.1 0 0 0 0 0 0 0 0 0
-214.9 -814.2 2697.3 0 0 0 0 0 0 0 0 0
151.3 -821.1 2617.0 0 0 0 0 0 0 0 0 0
-20.3 54.6 2797.2 9 0.9686473608 -0.2276154906 0.0995663404 0.1807775497 0.9206631184 0.3459752798 -0.1704163849 -0.3171286881 0.9329456687
28.0 -140.7 2864.4 0.9686473608 -0.2276154906 0.0995663404 0.1807775497 0.9206631184 0.3459752798 -0.1704163849 -0.3171286881 0.9329456687
40.3 -333.8 2903.7 0.9905134439 -0.0641344488 0.1215312555 0.0384446457 0.9784238935 0.2029991299 -0.1319283247 -0.1964011490 0.9716076851
-115.7 -146.5 2884.1 0.5471394062 -0.8346459866 0.0632812530 0.7062765956 0.4197680056 -0.5700598359 0.4492346942 0.3565962613 0.8191625476
-228.7 -292.4 2791.3 -0.3731164932 -0.8346459866 -0.4051544666 -0.9071574807 0.4197680056 -0.0293276925 0.1945491284 0.3565962613 -0.9137777090
171.6 -135.0 2844.8 0.1358474791 0.7624005079 0.6326854825 -0.8995728493 0.3624909222 -0.2436574697 -0.4151073396 -0.5360464454 0.7350782752
201.9 -335.6 2752.2 -0.4551102817 0.7624005079 0.4600218832 -0.2885221541 0.3624909222 -0.8862027526 -0.8423951864 -0.5360464454 0.0549960770
-18.3 -528.4 2973.0 0.8930485845 0.2301694304 -0.3866345286 -0.3929442763 -0.0197011568 -0.9193512201 -0.2192236930 0.9729511142 0.0728496686
-135.9 -518.3 2476.0 0.8930485845 0.2014070302 0.4023672938 -0.3929442763 0.7847601771 0.4793185592 -0.2192236930 -0.5861626863 0.7799707055
156.1 -509.9 2950.5 0.9566133022 0.2175128460 0.1938533485 0.2064224780 -0.0364094824 -0.9777852893 -0.2056227624 0.9753781557 -0.0797293335
44.9 -491.3 2452.2 0.9566133022 -0.2782738507 0.0863402188 0.2064224780 0.8564312458 0.4731968641 -0.2056227624 -0.4348438680 0.8767155409
-130.7 -54.2 2740.2 0 0 0 0 0 0 0 0 0
83.6 -410.6 2533.3 0 0 0 0 0 0 0 0 0
-212.8 -818.2 2699.9 0 0 0 0 0 0 0 0 0
151.3 -818.5 2618.4 0 0 0 0 0 0 0 0 0
-21.1 48.4 2788.0 0 0.9617142081 -0.2527086735 0.1060380638 0.1878569126 0.8896014690 0.4163160324 -0.1995382905 -0.3804570735 0.9030154347
32.4 -139.8 2868.5 0.9617142081 -0.2527086735 0.1060380638 0.1878569126 0.8896014690 0.4163160324 -0.1995382905 -0.3804570735 0.9030154347
39.5 -334.6 2903.1 0.9890387654 -0.0368107706 0.1429938525 0.0110166054 0.9841232896 0.1771439016 -0.1472443938 -0.1736268848 0.9737416506
-111.5 -141.5 2890.2 0.5374093056 -0.8428121209 0.0293083303 0.6855884194 0.4163919389 -0.5971484780 0.4910802245 0.3410066068 0.8015950918
-226.8 -288.6 2784.8 -0.3740797341 -0.8428121209 -0.3869523406 -0.9087408185 0.4163919389 -0.0284237880 0.1850797385 0.3410066068 -0.9216615558
176.3 -138.1 2846.7 0.0823565871 0.7648050189 0.6389762759 -0.8817514181 0.3547295630 -0.3109362721 -0.4644694030 -0.5378106236 0.7035822272
195.3 -342.1 2739.3 -0.4593659937 0.7648050189 0.4517258108 -0.2850518823 0.3547295630 -0.8904562593 -0.8412659168 -0.5378106236 0.0550584011
-37.3 -530.9 2954.5 0.9035959840 0.2597858012 -0.3406253755 -0.3810477555 0.1240842938 -0.9161908627 -0.1957471222 0.9576609135 0.2111128569
-153.7 -586.5 2525.6 0.9035959840 0.2057685256 0.3757307827 -0.3810477555 0.7868434787 0.4854688048 -0.1957471222 -0.5818390250 0.7893962264
140.1 -524.8 2927.3 0.9603246450 0.1600373685 0.2283956856 0.2183907479 0.0777784213 -0.9727569222 -0.1734417230 0.9840419292 0.0397418551
68.2 -559.8 2485.1 0.9603246450 -0.2740030587 0.0519506298 0.2183907479 0.8547046781 0.4709409773 -0.1734417230 -0.4409106970 0.8806337118
-128.4 -49.5 2736.1 0 0 0 0 0 0 0 0 0
76.0 -416.2 2520.7 0 0 0 0 0 0 0 0 0
-214.0 -817.0 2696.1 0 0 0 0 0 0 0 0 0
151.4 -819.5 2619.1 0 0 0 0 0 0 0 0 0
-20.4 54.3 2793.4 1 0.9578508139 -0.2569683194 0.1284099817 0.1896179616 0.9013626575 0.3893460631 -0.2157935649 -0.3485866189 0.9120967388
36.2 -144.0 2870.1 0.9578508139 -0.2569683194 0.1284099817 0.1896179616 0.9013626575 0.3893460631 -0.2157935649 -0.3485866189 0.9120967388
39.4 -338.0 2910.6 0.9877054095 -0.0165202990 0.1554513127 -0.0156426206 0.9789649844 0.2034276575 -0.1555420905 -0.2033582628 0.9666706324
-107.7 -141.8 2892.9 0.5437867641 -0.8390317559 0.0179360565 0.6648613811 0.4176663160 -0.6192852259 0.5121086836 0.3486841023 0.7849612236
-226.0 -286.4 2781.4 -0.3734268546 -0.8390317559 -0.3956995606 -0.9081510305 0.4176663160 -0.0285755005 0.1892461330 0.3486841023 -0.9179353714
180.1 -146.3 2847.3 0.0576010309 0.7618478537 0.6451898813 -0.8643065095 0.3615011573 -0.3497016132 -0.4996563196 -0.5374986529 0.6792928576
193.4 -344.8 2732.5 -0.4373341501 0.7618478537 0.4778354466 -0.3250574768 0.3615011573 -0.8738732934 -0.8384965658 -0.5374986529 0.0895475447
-43.7 -530.6 2951.0 0.9100254774 0.2118625492 -0.3563255370 -0.3715850413 0.0358049832 -0.9277082086 -0.1837884039 0.9766433835 0.1113084033
-142.5 -547.3 2495.7 0.9100254774 0.2015185058 0.3622760177 -0.3715850413 0.7839577794 0.4973275661 -0.1837884039 -0.5871971250 0.7883028388
135.5 -529.0 2922.5 0.9587752819 0.1145502180 0.2600542009 0.2296654135 0.2265589982 -0.9465330839 -0.1673431844 0.9672379494 0.1909109503
87.7 -623.6 2518.6 0.9587752819 -0.2813730240 0.0397387333 0.2296654135 0.8496308923 0.4747432172 -0.1673431844 -0.4460454583 0.8792267442
-128.5 -49.2 2732.0 0 0 0 0 0 0 0 0 0
79.8 -429.2 2514.9 0 0 0 0 0 0 0 0 0
-212.9 -821.3 2700.9 0 0 0 0 0 0 0 0 0
153.5 -822.4 2623.0 0 0 0 0 0 0 0 0 0
-20.5 55.3 2795.6 2 0.9571962357 -0.2438924760 0.1558583677 0.1661694348 0.9039558768 0.3940196931 -0.2369875163 -0.3512552679 0.9057906270
32.6 -141.6 2872.1 0.9571962357 -0.2438924760 0.1558583677 0.1661694348 0.9039558768 0.3940196931 -0.2369875163 -0.3512552679 0.9057906270
36.8 -337.1 2904.5 0.9819009304 -0.0217985772 0.1881366968 -0.0095965583 0.9863521457 0.1643695384 -0.1891520619 -0.1632000655 0.9682908654
-110.5 -140.3 2899.7 0.5230205059 -0.8519281149 -0.0258467346 0.6542355418 0.4207191467 -0.6284673810 0.5462831855 0.3117914796 0.7774063945
-225.2 -283.7 2779.9 -0.3720258176 -0.8519281149 -0.3685313165 -0.9052901268 0.4207191467 -0.0586956181 0.2050526291 0.3117914796 -0.9277604818
175.8 -142.8 2844.4 0.0528655723 0.7516868114 0.6573980451 -0.8614157438 0.3673370481 -0.3507512510 -0.5051417351 -0.5477503538 0.6669343114
188.5 -349.7 2723.2 -0.4181229174 0.7516868114 0.5100393891 -0.3768588305 0.3673370481 -0.8503181338 -0.8265292645 -0.5477503538 0.1296877861
-47.7 -530.7 2965.2 0.9144624472 0.1760981679 -0.3643458784 -0.3638897836 -0.0360547826 -0.9307439327 -0.1770387143 0.9837120771 0.0311095770
-133.9 -513.1 2483.6 0.9144624472 0.2108352631 0.3454084098 -0.3638897836 0.8018451929 0.4739499390 -0.1770387143 -0.5590999722 0.8099780679
132.3 -533.8 2935.9 0.9586626887 0.1505143642 0.2414773554 0.2375487089 0.0438311622 -0.9703862071 -0.1566412896 0.9876356721 0.0062648095
63.5 -553.9 2484.9 0.9586626887 -0.2827620804 0.0318039320 0.2375487089 0.8568418622 0.4575944543 -0.1566412896 -0.4311237335 0.8885920644
-128.8 -49.1 2726.8 0 0 0 0 0 0 0 0 0
80.1 -447.4 2508.8 0 0 0 0 0 0 0 0 0
-212.6 -812.4 2692.3 0 0 0 0 0 0 0 0 0
150.6 -817.8 2617.7 0 0 0 0 0 0 0 0 0
-21.0 54.0 2798.2 3 0.9577132463 -0.2427089512 0.1545239687 0.1635334343 0.9010466933 0.4017108977 -0.2367321402 -0.3594540358 0.9026353955
31.1 -139.3 2875.3 0.9577132463 -0.2427089512 0.1545239687 0.1635334343 0.9010466933 0.4017108977 -0.2367321402 -0.3594540358 0.9026353955
36.1 -335.5 2904.5 0.9813755155 -0.0258168336 0.1903563589 -0.0029940463 0.9887520671 0.1495339125 -0.1920757443 -0.1473188698 0.9702597857
-112.1 -138.9 2903.3 0.5068140030 -0.8613858223 -0.0339709111 0.6576935053 0.4118420184 -0.6307340264 0.5572960377 0.2973223925 0.7752551436
-225.3 -285.7 2778.9 -0.3746641576 -0.8613858223 -0.3429886401 -0.9103837013 0.4118420184 -0.0398460068 0.1755799055 0.2973223925 -0.9384940863
174.3 -139.6 2847.2 0.0702206120 0.7562227845 0.6505352855 -0.8703687787 0.3650687337 -0.3304285705 -0.4873677194 -0.5430027246 0.6838280559
191.2 -349.1 2729.9 -0.4347471297 0.7562227845 0.4890010655 -0.3398683071 0.3650687337 -0.8667262197 -0.8339571357 -0.5430027246 0.0983035937
-48.9 -532.0 2954.2 0.9124686718 0.2409970164 -0.3306378722 -0.3654478192 0.1166769564 -0.9234903455 -0.1839805990 0.9634868503 0.1945358962
-153.9 -582.8 2534.3 0.9124686718 0.2088438869 0.3518311977 -0.3654478192 0.8026902676 0.4713132679 -0.1839805990 -0.5586345196 0.8087512851
130.5 -533.7 2919.2 0.9589902163 0.1302824765 0.2517224848 0.2356895953 0.1267754287 -0.9635239244 -0.1574425101 0.9833384156 0.0908701792
75.1 -587.6 2501.0 0.9589902163 -0.2817130089 0.0312331021 0.2356895953 0.8537872434 0.4642173946 -0.1574425101 -0.4378186464 0.8851704597
-128.1 -49.6 2733.3 0 0 0 0 0 0 0 0 0
78.5 -437.3 2513.6 0 0 0 0 0 0 0 0 0
-215.0 -817.4 2697.5 0 0 0 0 0 0 0 0 0
151.1 -818.1 2619.2 0 0 0 0 0 0 0 0 0
-19.2 65.3 2800.5 4 0.9627930522 -0.1974612474 0.1844955236 0.1204377189 0.9246903658 0.3611681759 -0.2419179529 -0.3255099952 0.9140672684
21.9 -127.2 2868.2 0.9627930522 -0.1974612474 0.1844955236 0.1204377189 0.9246903658 0.3611681759 -0.2419179529 -0.3255099952 0.9140672684
38.2 -320.0 2909.7 0.9753506184 -0.0819411427 0.2048823833 0.0350897387 0.9742763042 0.2226082683 -0.2178528309 -0.2099318355 0.9531362653
-120.4 -132.2 2900.2 0.4732033908 -0.8789921999 -0.0587478317 0.6873695254 0.4101079702 -0.5994452238 0.5510006547 0.2432780415 0.7982569337
-224.9 -284.0 2778.5 -0.3734480441 -0.8789921999 -0.2964950502 -0.9093082547 0.4101079702 -0.0704980195 0.1835621893 0.2432780415 -0.9524288774
164.1 -122.2 2836.3 0.1088022292 0.7395043969 0.6643006206 -0.8960211873 0.3623474240 -0.2566133440 -0.4304743111 -0.5673072934 0.7020357847
191.5 -347.5 2728.0 -0.4582857788 0.7395043969 0.4930592179 -0.3462888300 0.3623474240 -0.8653255701 -0.8185708523 -0.5673072934 0.0900234506
-46.6 -529.1 2954.7 0.9121371508 0.2049897164 -0.3549436331 -0.3718033433 0.0492804199 -0.9270025492 -0.1725342125 0.9775227308 0.1211663634
-141.3 -551.9 2502.9 0.9121371508 0.2150337398 0.3489502370 -0.3718033433 0.7924219370 0.4835594594 -0.1725342125 -0.5708134174 0.8027477860
133.0 -528.5 2918.7 0.9583473802 0.1084560975 0.2642111480 0.2316898704 0.2457093745 -0.9412474036 -0.1670031846 0.9632570744 0.2103467733
88.3 -629.8 2521.8 0.9583473802 -0.2825421393 0.0417157672 0.2316898704 0.8545044065 0.4649107456 -0.1670031846 -0.4358808994 0.8843742609
-128.7 -49.8 2731.2 0 0 0 0 0 0 0 0 0
72.5 -437.3 2515.6 0 0 0 0 0 0 0 0 0
-211.6 -811.1 2689.6 0 0 0 0 0 0 0 0 0
150.4 -817.4 2617.5 0 0 0 0 0 0 0 0 0
-17.3 62.6 2789.1 5 0.9604151845 -0.2156923562 0.1762936860 0.1314230412 0.9088169932 0.3959541023 -0.2456229627 -0.3571112752 0.9011886120
30.7 -139.8 2868.7 0.9604151845 -0.2156923562 0.1762936860 0.1314230412 0.9088169932 0.3959541023 -0.2456229627 -0.3571112752 0.9011886120
42.2 -329.0 2924.8 0.9796831608 -0.0584307648 0.1918508112 0.0002751957 0.9570071697 0.2900642157 -0.2005512714 -0.2841182351 0.9375798702
-112.2 -139.9 2897.8 0.5166817904 -0.8554794192 -0.0345663205 0.6445674896 0.4152367115 -0.6419588923 0.5635358095 0.3094081581 0.7659595013
-221.3 -276.0 2778.8 -0.3677604795 -0.8554794192 -0.3645643592 -0.9078238010 0.4152367115 -0.0586035065 0.2015146017 0.3094081581 -0.9293322563
173.7 -139.7 2839.5 0.0934715793 0.7291663289 0.6779229641 -0.8872847557 0.3698904812 -0.2755118310 -0.4516511858 -0.5757581592 0.6815524101
194.9 -341.1 2737.0 -0.4434760511 0.7291663289 0.5211961865 -0.3853639662 0.3698904812 -0.8453848958 -0.8092117310 -0.5757581592 0.1169568598
-33.7 -514.7 2972.9 0.9091960192 0.2093042880 -0.3599365056 -0.3707053959 0.0133156404 -0.9286550283 -0.1895786971 0.9777598977 0.0896967575
-137.9 -521.4 2486.0 0.9091960192 0.2075623870 0.3609437943 -0.3707053959 0.7982397079 0.4747534990 -0.1895786971 -0.5654478073 0.8027008772
143.3 -512.1 2937.5 0.9504479766 0.1840169132 0.2505722940 0.2338954061 0.1076929644 -0.9662790298 -0.2047965527 0.9770056605 0.0593158454
58.4 -561.8 2486.7 0.9504479766 -0.3022710085 0.0726699978 0.2338954061 0.8492515087 0.4733548462 -0.2047965527 -0.4329019785 0.8778691888
-125.6 -39.7 2726.3 0 0 0 0 0 0 0 0 0
79.8 -441.1 2527.0 0 0 0 0 0 0 0 0 0
-211.5 -804.4 2686.5 0 0 0 0 0 0 0 0 0
149.3 -817.3 2616.9 0 0 0 0 0 0 0 0 0
-14.1 71.2 2793.9 6 0.9566452503 -0.2097456902 0.2020807713 0.1322561502 0.9310002923 0.3402158320 -0.2594960630 -0.2987394035 0.9183771610
35.6 -149.2 2864.6 0.9566452503 -0.2097456902 0.2020807713 0.1322561502 0.9310002923 0.3402158320 -0.2594960630 -0.2987394035 0.9183771610
39.7 -335.0 2932.0 0.9790753126 -0.0206498113 0.2024476826 -0.0499040633 0.9400964975 0.3372360170 -0.1972842216 -0.3402824402 0.9193947911
-107.2 -141.9 2893.2 0.5470200181 -0.8369565010 -0.0165192969 0.6272861958 0.4228907824 -0.6539689898 0.5543294549 0.3473717868 0.7563409805
-219.8 -271.1 2779.1 -0.3684581220 -0.8369565010 -0.4046509266 -0.9047526717 0.4228907824 -0.0508530736 0.2136849612 0.3473717868 -0.9130561948
178.4 -156.4 2836.1 0.0584020540 0.7541022897 0.6541551352 -0.8690699339 0.3608460426 -0.3383897245 -0.4912297726 -0.5487438440 0.6764417887
191.2 -346.9 2728.4 -0.4574607611 0.7541022897 0.4712317586 -0.3109075725 0.3608460426 -0.8792761564 -0.8331063390 -0.5487438440 0.0693832040
-35.4 -517.6 3000.1 0.9128676057 0.1884561032 -0.3621560335 -0.3673062325 -0.0081006447 -0.9300647974 -0.1782100797 0.9820482135 0.0618262850
-135.2 -513.3 2480.0 0.9128676057 0.2098649293 0.3501848280 -0.3673062325 0.7966187000 0.4800883234 -0.1782100797 -0.5668821931 0.8042920828
143.3 -519.3 2965.8 0.9550328851 0.1813772917 0.2345516682 0.2347478122 0.0206965152 -0.9718359709 -0.1811233759 0.9831957817 -0.0228120685
51.4 -529.8 2467.9 0.9550328851 -0.2921417356 0.0506499670 0.2347478122 0.8493666053 0.4727259576 -0.1811233759 -0.4395788610 0.8797526360
-122.6 -32.4 2722.7 0 0 0 0 0 0 0 0 0
72.8 -427.4 2512.8 0 0 0 0 0 0 0 0 0
-212.5 -806.8 2688.8 0 0 0 0 0 0 0 0 0
151.2 -819.9 2618.0 0 0 0 0 0 0 0 0 0
-14.9 64.7 2795.9 7 0.9532428384 -0.2434959859 0.1789911985 0.1728663296 0.9251561761 0.3379397392 -0.2478817701 -0.2911970615 0.9239907265
42.3 -152.8 2864.3 0.9532428384 -0.2434959859 0.1789911985 0.1728663296 0.9251561761 0.3379397392 -0.2478817701 -0.2911970615 0.9239907265
44.3 -340.5 2927.8 0.9832735062 -0.0096928207 0.1818771809 -0.0492231920 0.9472822547 0.3165965974 -0.1753577441 -0.3202536106 0.9309604168
-101.2 -145.6 2889.8 0.5840285420 -0.8116806746 0.0092290854 0.6055474877 0.4280816019 -0.6708639264 0.5405764580 0.3973923326 0.7415230274
-219.4 -268.2 2780.3 -0.3702109456 -0.8116806746 -0.4517946243 -0.9032775164 0.4280816019 -0.0289121419 0.2168723941 0.3973923326 -0.8916533589
185.8 -160.0 2838.8 -0.0603184812 0.8845064640 0.4626121521 -0.8665595055 0.1836204529 -0.4640670121 -0.4954153299 -0.4288727641 0.7554017305
171.5 -365.9 2721.1 -0.3910872638 0.8845064640 0.2543601096 -0.2093757391 0.1836204529 -0.9604401588 -0.8962212801 -0.4288727641 0.1133825779
-45.5 -516.0 3017.7 0.9228248000 0.1601703167 -0.3503424823 -0.3524512053 -0.0159983244 -0.9356934428 -0.1554751992 0.9869597554 0.0416885689
-133.1 -507.3 2478.2 0.9228248000 0.2111637294 0.3221867085 -0.3524512053 0.8003886938 0.4849289060 -0.1554751992 -0.5610595345 0.8130434752
133.4 -526.0 2983.0 0.9584589601 0.1632972658 0.2338597625 0.2424049526 -0.0342420004 -0.9695706964 -0.1503204256 0.9859824777 -0.0724036172
46.4 -507.8 2457.8 0.9584589601 -0.2843826115 0.0219752137 0.2424049526 0.8527347445 0.4626913965 -0.1503204256 -0.4381438196 0.8862470388
-120.8 -27.6 2722.6 0 0 0 0 0 0 0 0 0
73.4 -418.5 2496.3 0 0 0 0 0 0 0 0 0
-212.3 -807.6 2688.7 0 0 0 0 0 0 0 0 0
149.3 -816.3 2616.3 0 0 0 0 0 0 0 0 0
-15.2 62.4 2796.8 8 0.9492211342 -0.2542856634 0.1852513254 0.1816155165 0.9237015247 0.3373296857 -0.2568950355 -0.2865559459 0.9229792356
45.3 -157.5 2865.1 0.9492211342 -0.2542856634 0.1852513254 0.1816155165 0.9237015247 0.3373296857 -0.2568950355 -0.2865559459 0.9229792356
44.5 -344.8 2930.7 0.9823498726 0.0043237810 0.1870028228 -0.0658776984 0.9436765313 0.3242448270 -0.1750682145 -0.3308411837 0.9273053408
-98.1 -147.9 2890.5 0.5979652405 -0.8015217781 -0.0006369329 0.5860837102 0.4377821386 -0.6818010807 0.5467572212 0.4073200226 0.7315373421
-219.1 -266.5 2779.9 -0.3778983355 -0.8015217781 -0.4634173512 -0.8987529874 0.4377821386 -0.0242862143 0.2223417759 0.4073200226 -0.8858072758
188.8 -167.2 2839.6 -0.0874705538 0.9212576151 0.3789898753 -0.9064487815 0.0841825008 -0.4138404727 -0.4131579995 -0.3797337711 0.8277093172
168.7 -375.5 2744.6 -0.3629908562 0.9212576151 0.1397213787 -0.1646277457 0.0841825008 -0.9827568531 -0.9171342850 -0.3797337711 0.1211070865
-43.7 -523.5 3007.4 0.9180908799 0.1703398973 -0.3579014242 -0.3590808213 -0.0249138530 -0.9329738617 -0.1678393781 0.9850703478 0.0382926092
-134.7 -510.2 2481.2 0.9180908799 0.2117405534 0.3350746632 -0.3590808213 0.8022640944 0.4768996835 -0.1678393781 -0.5581561327 0.8125833273
136.3 -533.0 2976.0 0.9589500427 0.1757291704 0.2225625962 0.2379830480 -0.0719239861 -0.9686025977 -0.1542041451 0.9818075895 -0.1107920781
42.5 -494.7 2452.1 0.9589500427 -0.2821920514 0.0279730912 0.2379830480 0.8544902205 0.4617472887 -0.1542041451 -0.4361354411 0.8865703344
-117.0 -23.8 2719.9 0 0 0 0 0 0 0 0 0
78.3 -416.5 2516.4 0 0 0 0 0 0 0 0 0
-214.9 -814.1 2692.6 0 0 0 0 0 0 0 0 0
147.5 -812.5 2614.4 0 0 0 0 0 0 0 0 0
-16.1 57.9 2796.8 9 0.9483391643 -0.2664473355 0.1722169816 0.1974841803 0.9206121564 0.3368579745 -0.2482999563 -0.2854454815 0.9256716371
46.3 -157.7 2863.6 0.9483391643 -0.2664473355 0.1722169816 0.1974841803 0.9206121564 0.3368579745 -0.2482999563 -0.2854454815 0.9256716371
43.8 -348.1 2918.6 0.9833709002 0.0128889084 0.1811505407 -0.0624351017 0.9606721401 0.2705752254 -0.1705388576 -0.2773859501 0.9455017447
-97.3 -148.5 2888.5 0.6022717953 -0.7980158925 0.0209601335 0.5948782563 0.4311429262 -0.6784067154 0.5323424935 0.4210539460 0.7343875170
-219.7 -269.4 2780.4 -0.3726781905 -0.7980158925 -0.4735837877 -0.9021311998 0.4311429262 -0.0165847614 0.2174172103 0.4210539460 -0.8805925846
189.9 -166.8 2838.8 -0.1050475165 0.9371546507 0.3327253163 -0.8927679658 0.0585230514 -0.4466994107 -0.4380985498 -0.3439711928 0.8305140138
165.8 -371.5 2738.3 -0.3306111991 0.9371546507 0.1115228608 -0.1661577374 0.0585230514 -0.9843610525 -0.9290252328 -0.3439711928 0.1363671273
-46.3 -526.2 3011.1 0.9202296138 0.1630577892 -0.3557944000 -0.3558838367 -0.0296713673 -0.9340590239 -0.1628625095 0.9861702323 0.0307251606
-134.6 -510.1 2477.2 0.9202296138 0.2083747536 0.3312966228 -0.3558838367 0.7977507114 0.4867653847 -0.1628625095 -0.5658389926 0.8082709908
133.7 -538.2 2980.5 0.9585127831 0.1727813929 0.2267152071 0.2455013096 -0.0962170735 -0.9646094441 -0.1448526978 0.9802494049 -0.1346433610
40.8 -486.5 2453.5 0.9585127831 -0.2842839658 0.0208764337 0.2455013096 0.8605275750 0.4463422596 -0.1448526978 -0.4226995707 0.8946188092
-117.8 -22.8 2720.9 0 0 0 0 0 0 0 0 0
81.8 -413.7 2502.2 0 0 0 0 0 0 0 0 0
-213.9 -813.6 2692.5 0 0 0 0 0 0 0 0 0
148.0 -810.9 2612.9 0 0 0 0 0 0 0 0 0
-15.7 59.3 2799.3 0 0.9442018270 -0.2824037671 0.1695021838 0.2159106433 0.9193305969 0.3289586902 -0.2487277240 -0.2740060687 0.9290076494
50.2 -155.2 2863.2 0.9442018270 -0.2824037671 0.1695021838 0.2159106433 0.9193305969 0.3289586902 -0.2487277240 -0.2740060687 0.9290076494
43.5 -347.1 2912.9 0.9828731418 0.0340318717 0.1811139733 -0.0778608322 0.9674595594 0.2407481968 -0.1670273393 -0.2507266104 0.9535397291
-93.4 -143.8 2887.6 0.6058259010 -0.7948267460 0.0350058563 0.6077283025 0.4339244068 -0.6651134491 0.5134600401 0.4242170155 0.7459213734
-220.8 -271.7 2779.6 -0.3694016635 -0.7948267460 -0.4814487100 -0.9005920291 0.4339244068 -0.0253703296 0.2290773541 0.4242170155 -0.8761070371
193.7 -166.6 2838.8 -0.0857584998 0.8784774542 0.4700243473 -0.8621748686 0.1709868759 -0.4768836796 -0.4992995262 -0.4461399913 0.7427375913
174.0 -364.6 2724.2 -0.4103634357 0.8784774542 0.2447023839 -0.2082186192 0.1709868759 -0.9630205035 -0.8878327012 -0.4461399913 0.1127486005
-48.9 -532.9 2988.6 0.9189625382 0.1654920280 -0.3579389453 -0.3556870818 -0.0440870337 -0.9335646629 -0.1702779830 0.9852252007 0.0183490478
-135.3 -509.9 2474.4 0.9189625382 0.2029400617 0.3381171823 -0.3556870818 0.7967925072 0.4884755611 -0.1702779830 -0.5691546202 0.8044056296
131.4 -544.4 2958.1 0.9598845840 0.1732961237 0.2204314470 0.2421740144 -0.1161431000 -0.9632562399 -0.1413269639 0.9779975414 -0.1534517854
41.4 -484.1 2450.1 0.9598845840 -0.2798067927 0.0181584992 0.2421740144 0.8599411249 0.4492805004 -0.1413269639 -0.4268599153 0.8932061791
-119.0 -23.4 2716.5 0 0 0 0 0 0 0 0 0
69.1 -417.8 2497.0 0 0 0 0 0 0 0 0 0
-212.6 -813.7 2691.4 0 0 0 0 0 0 0 0 0
147.6 -810.5 2612.2 0 0 0 0 0 0 0 0 0
-15.4 57.2 2801.5 1 0.9412231445 -0.2849634290 0.1813694537 0.2118169665 0.9161725640 0.3402372301 -0.2631208897 -0.2818220258 0.9226828814
49.6 -151.9 2865.8 0.9412231445 -0.2849634290 0.1813694537 0.2118169665 0.9161725640 0.3402372301 -0.2631208897 -0.2818220258 0.9226828814
43.6 -344.1 2915.1 0.9802973270 0.0303094871 0.1951882541 -0.0773200393 0.9681869745 0.2379824519 -0.1817655861 -0.2483855337 0.9514546394
-93.5 -140.6 2892.4 0.5922400355 -0.8055805564 0.0170795843 0.6112622619 0.4353702366 -0.6609169841 0.5249859095 0.4018615782 0.7502646446
-221.1 -272.2 2779.3 -0.3676659763 -0.8055805564 -0.4646092057 -0.8992096186 0.4353702366 -0.0432987809 0.2371576726 0.4018615782 -0.8844566345
192.8 -163.2 2839.3 -0.1184590980 0.9176694155 0.3792760670 -0.8589427471 0.0969360694 -0.5028128028 -0.4981814325 -0.3853391707 0.7767425179
163.8 -373.8 2717.1 -0.3680179119 0.9176694155 0.1498189270 -0.1583070308 0.0969360694 -0.9826201200 -0.9162432551 -0.3853391707 0.1095992997
-53.4 -531.9 2977.7 0.9214285016 0.1599398404 -0.3541028202 -0.3520714939 -0.0418332741 -0.9350377917 -0.1643630713 0.9862399697 0.0177638885
-135.2 -510.5 2473.2 0.9214285016 0.2013858110 0.3322849870 -0.3520714939 0.7945091724 0.4947735667 -0.1643630713 -0.5728865266 0.8029855490
126.8 -546.2 2947.4 0.9610028267 0.1676874608 0.2198964357 0.2416464090 -0.1225617677 -0.9625931978 -0.1344639063 0.9781919718 -0.1583032757
41.9 -484.1 2451.8 0.9610028267 -0.2761615515 0.0144334557 0.2416464090 0.8639827967 0.4417473972 -0.1344639063 -0.4210327268 0.8970233798
-119.4 -23.5 2713.7 0 0 0 0 0 0 0 0 0
71.1 -413.7 2486.5 0 0 0 0 0 0 0 0 0
-212.1 -813.8 2691.9 0 0 0 0 0 0 0 0 0
147.0 -813.2 2612.1 0 0 0 0 0 0 0 0 0
-17.4 57.7 2801.1 2 0.9386120439 -0.2890008986 0.1883769631 0.2098039836 0.9116826057 0.3532945812 -0.2738424540 -0.2920843363 0.9163498282
48.8 -151.1 2868.0 0.9386120439 -0.2890008986 0.1883769631 0.2098039836 0.9116826057 0.3532945812 -0.2738424540 -0.2920843363 0.9163498282
49.5 -342.4 2921.0 0.9792593122 -0.0035458128 0.2025800049 -0.0507618934 0.9636647105 0.2622471452 -0.1961490810 -0.2670913041 0.9434975982
-94.2 -143.7 2896.7 0.5891921520 -0.8079929352 0.0001437035 0.5959193707 0.4344269931 -0.6753911972 0.5456489325 0.3980208337 0.7374596000
-221.0 -271.9 2779.3 -0.3660295606 -0.8079929352 -0.4617031217 -0.8994707465 0.4344269931 -0.0471754782 0.2386937588 0.3980208337 -0.8857791424
191.8 -158.6 2839.3 -0.0785845593 0.8533191085 0.5154328346 -0.8446283937 0.2176547945 -0.4891107380 -0.5295539498 -0.4737857580 0.7036331892
172.3 -367.5 2708.4 -0.4370899498 0.8533191085 0.2842515111 -0.1967802942 0.2176547945 -0.9559832215 -0.8776274323 -0.4737857580 0.0727816597
-52.3 -529.3 2981.0 0.9199939370 0.1554069966 -0.3598051667 -0.3569934368 -0.0466245078 -0.9329425693 -0.1617615372 0.9867496490 0.0125850085
-133.6 -504.9 2464.5 0.9199939370 0.2028247863 0.3353702426 -0.3569934368 0.7868189216 0.5034597516 -0.1617615372 -0.5829048753 0.7962757349
127.5 -543.5 2947.8 0.9607370496 0.1654705554 0.2227190435 0.2422249764 -0.1087129563 -0.9641102552 -0.1353194118 0.9802045822 -0.1445256621
44.5 -488.9 2456.0 0.9607370496 -0.2769953310 0.0160583537 0.2422249764 0.8655512333 0.4383470416 -0.1353194118 -0.4172465205 0.8986623287
-119.7 -23.0 2713.2 0 0 0 0 0 0 0 0 0
60.9 -417.6 2484.7 0 0 0 0 0 0 0 0 0
-211.1 -805.4 2687.2 0 0 0 0 0 0 0 0 0
150.1 -819.1 2615.1 0 0 0 0 0 0 0 0 0
-16.4 51.6 2800.0 3 0.9425093532 -0.2901068628 0.1658739150 0.2141766548 0.9054091573 0.3665550351 -0.2565238774 -0.3099552095 0.9154907465
49.2 -153.0 2870.0 0.9425093532 -0.2901068628 0.1658739150 0.2141766548 0.9054091573 0.3665550351 -0.2565238774 -0.3099552095 0.9154907465
45.8 -343.8 2924.7 0.9834845662 0.0167189259 0.1802180558 -0.0655613616 0.9610103965 0.2686274946 -0.1687002629 -0.2760063410 0.9462350011
-94.4 -143.4 2894.6 0.5937017798 -0.8045257330 -0.0160153285 0.5920276642 0.4501948357 -0.6684518456 0.5449967384 0.3873795271 0.7435829639
-219.8 -268.5 2779.5 -0.3723725379 -0.8045257330 -0.4626845717 -0.8904771209 0.4501948357 -0.0661447123 0.2615133226 0.3873795271 -0.8840519786
192.7 -162.6 2845.4 -0.0694431588 0.8046173453 0.5897190571 -0.8166521788 0.2936574519 -0.4968345165 -0.5729370713 -0.5160970688 0.6367000341
175.7 -363.0 2704.7 -0.4639401436 0.8046173453 0.3706082106 -0.2315691710 0.2936574519 -0.9274379015 -0.8550645113 -0.5160970688 0.0500851087
-39.5 -529.0 2991.9 0.9098170400 0.1788521409 -0.3744927943 -0.3757084608 -0.0283384509 -0.9263045192 -0.1762840897 0.9834677577 0.0414134599
-134.6 -514.0 2469.4 0.9098170400 0.2079260796 0.3591652513 -0.3757084608 0.7802785039 0.5000085831 -0.1762840897 -0.5898578167 0.7880302668
140.0 -538.4 2956.0 0.9591311812 0.1883705407 0.2111491710 0.2324343622 -0.0989206657 -0.9675685763 -0.1613744050 0.9771034718 -0.1386616826
43.7 -487.8 2456.3 0.9591311812 -0.2795551717 0.0437759794 0.2324343622 0.8666065931 0.4415509403 -0.1613744050 -0.4133302271 0.8961676359
-116.1 -20.5 2706.7 0 0 0 0 0 0 0 0 0
56.4 -422.6 2484.9 0 0 0 0 0 0 0 0 0
-214.0 -812.0 2694.7 0 0 0 0 0 0 0 0 0
150.4 -818.7 2614.1 0 0 0 0 0 0 0 0 0
-17.4 49.5 2799.4 4 0.9422783852 -0.2977404296 0.1531734318 0.2262555063 0.9034149647 0.3642112911 -0.2468196005 -0.3085320890 0.9186337590
49.5 -153.5 2868.7 0.9422783852 -0.2977404296 0.1531734318 0.2262555063 0.9034149647 0.3642112911 -0.2468196005 -0.3085320890 0.9186337590
45.8 -344.7 2922.5 0.9855817556 0.0187810026 0.1681542546 -0.0633838624 0.9624348879 0.2640105188 -0.1568791419 -0.2708622217 0.9497486949
-94.4 -144.3 2891.6 0.5992890000 -0.7990794778 -0.0482154712 0.5860330462 0.4789462984 -0.6535868049 0.5453603864 0.3634314835 0.7553142309
-217.8 -264.9 2779.3 -0.4028123319 -0.7990794778 -0.4463342130 -0.8752398491 0.4789462984 -0.0675699040 0.2677638531 0.3634314835 -0.8923116326
193.4 -162.8 2845.8 -0.0604342297 0.7869451046 0.6140562892 -0.8160191178 0.3153376579 -0.4844326079 -0.5748569369 -0.5303580165 0.6231050491
