-4.0 79.6 2816.1 1 0.9734820724 -0.1240388080 0.1922159493 0.0688923746 0.9601915479 0.2707138360 -0.2181431651 -0.2502928674 0.9432746172
20.9 -113.1 2866.3 0.9734820724 -0.1240388080 0.1922159493 0.0688923746 0.9601915479 0.2707138360 -0.2181431651 -0.2502928674 0.9432746172
44.9 -303.9 2916.0 0.9738613367 -0.1208733842 0.1923116595 0.0659183040 0.9606115818 0.2699632645 -0.2173681706 -0.2502299249 0.9434702396
-121.3 -122.7 2898.0 0.4916197956 -0.8086696863 -0.3230531812 0.8647654057 0.4097346365 0.2903417349 -0.1024244875 -0.4221029580 0.9007431865
-240.8 -332.8 2922.9 -0.3854717910 -0.8086696863 -0.4443701804 0.1729437262 0.4097346365 -0.8956606388 0.9063674808 -0.4221029580 -0.0180868078
163.0 -103.5 2834.6 0.2094455808 0.4319578707 0.8772371411 -0.9254078865 0.3773397207 0.0351418592 -0.3158366084 -0.8191624880 0.4787693620
214.5 -330.9 2756.9 -0.8239930272 0.4319578707 0.3666713834 -0.2041483819 0.3773397207 -0.9032929540 -0.5285441875 -0.8191624880 -0.2227417827
-24.4 -498.6 2993.3 0.9146907926 0.2161257714 -0.3415118754 -0.3448840380 -0.0231296625 -0.9383602738 -0.2107028961 0.9760915041 0.0533818379
-136.7 -486.6 2486.4 0.9146907926 0.2247883379 0.3358733654 -0.3448840380 0.8673999906 0.3587092161 -0.2107028961 -0.4439453781 0.8709287047
153.1 -490.7 2948.0 0.9671157598 0.1829448640 0.1766869426 0.1916791648 -0.0676582903 -0.9791228175 -0.1671711504 0.9807922840 -0.1005001217
62.4 -457.2 2461.8 0.9671157598 -0.2355468273 0.0959416106 0.1916791648 0.9229565859 0.3337816596 -0.1671711504 -0.3044154942 0.9377552867
-140.6 -377.8 2687.4 0 0 0 0 0 0 0 0 0
0.6 -383.9 2619.7 0 0 0 0 0 0 0 0 0
-222.6 -818.0 2656.0 0 0 0 0 0 0 0 0 0
152.4 -809.9 2578.2 0 0 0 0 0 0 0 0 0
-5.4 82.0 2817.9 2 0.9749683142 -0.1300360262 0.1803535372 0.0791693032 0.9610152245 0.2649187744 -0.2077714801 -0.2440089583 0.9472542405
20.9 -112.6 2867.3 0.9749683142 -0.1300360262 0.1803535372 0.0791693032 0.9610152245 0.2649187744 -0.2077714801 -0.2440089583 0.9472542405
46.2 -303.6 2915.8 0.9752824306 -0.1275211871 0.1804508865 0.0768247694 0.9614054561 0.2641922235 -0.2071765661 -0.2437989265 0.9474386573
-121.5 -123.8 2897.6 0.4760323763 -0.7874253392 -0.3916050494 0.8793170452 0.4332437813 0.1977406740 0.0139544299 -0.4384759665 0.8986345530
-232.3 -328.4 2894.3 -0.4039132893 -0.7874253392 -0.4656343758 0.1746904701 0.4332437813 -0.8841849566 0.8979628682 -0.4384759665 -0.0374372080
163.3 -101.4 2837.1 0.2178576589 0.4465762675 0.8678177595 -0.9276328683 0.3711370230 0.0418877527 -0.3033732474 -0.8141418695 0.4951138794
216.8 -329.4 2762.5 -0.8178566694 0.4465762675 0.3628775179 -0.1997095346 0.3711370230 -0.9068480730 -0.5396541357 -0.8141418695 -0.2143513709
-20.3 -500.7 2985.7 0.9111418724 0.2272532284 -0.3437680900 -0.3460417688 -0.0310658719 -0.9377046227 -0.2237758636 0.9733400941 0.0503336936
-136.3 -484.8 2488.9 0.9111418724 0.2217236012 0.3473603129 -0.3460417688 0.8693811893 0.3527484238 -0.2237758636 -0.4416050017 0.8688551784
158.2 -488.6 2945.9 0.9661478400 0.1924305856 0.1718394905 0.1859215796 -0.0575489737 -0.9808778167 -0.1788617074 0.9796216488 -0.0913778171
63.2 -460.2 2462.3 0.9661478400 -0.2342505753 0.1080972329 0.1859215796 0.9226845503 0.3377667665 -0.1788617074 -0.3062350154 0.9350019097
-127.2 -373.8 2660.8 0 0 0 0 0 0 0 0 0
4.4 -381.3 2622.4 0 0 0 0 0 0 0 0 0
-221.0 -817.0 2657.6 0 0 0 0 0 0 0 0 0
152.7 -812.8 2579.4 0 0 0 0 0 0 0 0 0
-3.4 81.7 2818.8 3 0.9717265964 -0.1298231632 0.1972140074 0.0763130262 0.9631268978 0.2579978704 -0.2234362215 -0.2356533855 0.9458032250
22.8 -112.7 2866.4 0.9717265964 -0.1298231632 0.1972140074 0.0763130262 0.9631268978 0.2579978704 -0.2234362215 -0.2356533855 0.9458032250
48.5 -304.1 2913.4 0.9718033075 -0.1294176877 0.1971023977 0.0757429451 0.9629493952 0.2588270605 -0.2232964337 -0.2365998775 0.9455999136
-119.1 -123.8 2899.0 0.5007705688 -0.7932548523 -0.3463749290 0.8629086614 0.4260964096 0.2717176974 -0.0679522604 -0.4349581599 0.8978829980
-237.7 -328.2 2915.1 -0.3995554149 -0.7932548523 -0.4594585896 0.1747670472 0.4260964096 -0.8876363635 0.8998954892 -0.4349581599 -0.0316143222
164.7 -101.7 2833.8 0.2169375718 0.4320210218 0.8753833175 -0.9295383096 0.3653102517 0.0500695854 -0.2981553674 -0.8245642781 0.4808296263
217.6 -328.1 2761.2 -0.8221285343 0.4320210218 0.3707593679 -0.2163441479 0.3653102517 -0.9053969383 -0.5265927315 -0.8245642781 -0.2068667561
-17.8 -501.6 2983.2 0.9080930948 0.2348345071 -0.3467271030 -0.3517420888 -0.0215868596 -0.9358479977 -0.2272541523 0.9717956185 0.0629982948
-137.5 -490.6 2487.7 0.9080930948 0.2212893516 0.3555248976 -0.3517420888 0.8637748361 0.3607915044 -0.2272541523 -0.4526853561 0.8622247577
161.0 -487.6 2945.3 0.9647376537 0.2008439600 0.1701264828 0.1875429600 -0.0709954128 -0.9796873331 -0.1846860796 0.9770472646 -0.1061588228
60.6 -452.1 2456.8 0.9647376537 -0.2380402833 0.1123304740 0.1875429600 0.9210917354 0.3412002921 -0.1846860796 -0.3081019521 0.9332546592
-133.8 -373.7 2681.0 0 0 0 0 0 0 0 0 0
4.0 -384.3 2624.4 0 0 0 0 0 0 0 0 0
-222.1 -820.7 2660.7 0 0 0 0 0 0 0 0 0
151.6 -804.1 2574.5 0 0 0 0 0 0 0 0 0
-3.2 81.7 2808.8 4 0.9712267518 -0.1360115856 0.1954980344 0.0743159950 0.9529730082 0.2938018739 -0.2262648195 -0.2708196044 0.9356607199
24.2 -110.5 2863.4 0.9712267518 -0.1360115856 0.1954980344 0.0743159950 0.9529730082 0.2938018739 -0.2262648195 -0.2708196044 0.9356607199
51.0 -299.8 2917.1 0.9713818431 -0.1347154379 0.1956246942 0.0732236281 0.9533320665 0.2929100394 -0.2259548008 -0.2702031434 0.9359138012
-117.7 -121.2 2896.4 0.4550524354 -0.8054347634 -0.3797396123 0.8903367519 0.4187681079 0.1787001491 0.0150915217 -0.4194140732 0.9076696038
-220.3 -322.0 2893.0 -0.3372119069 -0.8054347634 -0.4874043763 0.2581622601 0.4187681079 -0.8706236482 0.9053398967 -0.4194140732 0.0667192787
166.1 -99.8 2830.4 0.2136126906 0.4705491662 0.8561267853 -0.9416274428 0.3325940371 0.0521438271 -0.2602064312 -0.8172910810 0.5141283274
217.9 -328.0 2767.4 -0.8101581931 0.4705491662 0.3496100307 -0.2041424215 0.3325940371 -0.9207100868 -0.5495175719 -0.8172910810 -0.1733947396
-14.9 -502.3 2980.9 0.9043549299 0.2415613979 -0.3518383503 -0.3578820825 -0.0199034121 -0.9335546494 -0.2325135469 0.9701814055 0.0684507489
-138.4 -492.2 2484.6 0.9043549299 0.2199993730 0.3657080829 -0.3578820825 0.8577665091 0.3689946532 -0.2325135469 -0.4645825028 0.8544592261
163.3 -488.5 2940.0 0.9660125971 0.2035668343 0.1593117863 0.1774743497 -0.0742066950 -0.9813237190 -0.1879429519 0.9762448072 -0.1078124940
62.5 -451.7 2456.5 0.9660125971 -0.2290701866 0.1197770759 0.1774743497 0.9246317148 0.3369852602 -0.1879429519 -0.3042746484 0.9338599443
-133.1 -388.8 2658.7 0 0 0 0 0 0 0 0 0
7.5 -381.0 2624.7 0 0 0 0 0 0 0 0 0
-222.5 -819.9 2662.1 0 0 0 0 0 0 0 0 0
150.1 -805.0 2572.8 0 0 0 0 0 0 0 0 0
-2.7 80.8 2803.3 5 0.9697635174 -0.1383819729 0.2010201514 0.0710668489 0.9481266141 0.3098475039 -0.2334698588 -0.2861929536 0.9292929769
25.2 -110.3 2861.0 0.9697635174 -0.1383819729 0.2010201514 0.0710668489 0.9481266141 0.3098475039 -0.2334698588 -0.2861929536 0.9292929769
52.4 -298.9 2916.9 0.9697888494 -0.1372088790 0.2017009705 0.0708924681 0.9496589303 0.3051591814 -0.2334176898 -0.2816409171 0.9306957722
-116.5 -120.6 2895.1 0.4122454226 -0.8044874668 -0.4276138842 0.9041752815 0.4189063013 0.0835736841 0.1118961722 -0.4210907817 0.9000898600
-207.8 -321.0 2870.3 -0.3202913702 -0.8044874668 -0.5002133250 0.2910869718 0.4189063013 -0.8601080775 0.9014886618 -0.4210907817 0.1000037417
166.8 -99.9 2826.9 0.2228877693 0.4983767569 0.8378195763 -0.9485217333 0.3092406094 0.0683865324 -0.2250055671 -0.8099325895 0.5416471362
220.3 -327.3 2773.0 -0.7955914736 0.4983767569 0.3444630802 -0.2080526650 0.3092406094 -0.9279463291 -0.5689888597 -0.8099325895 -0.1423405707
-11.3 -495.8 2991.5 0.9049237370 0.2421912700 -0.3499376774 -0.3587097526 -0.0083853789 -0.9334114790 -0.2289984673 0.9701923132 0.0792882368
-137.8 -491.4 2484.8 0.9049237370 0.2248955369 0.3612962663 -0.3587097526 0.8598968983 0.3631867170 -0.2289984673 -0.4582567811 0.8588134050
166.8 -482.4 2950.0 0.9664614797 0.2053711712 0.1541912109 0.1704046577 -0.0636445731 -0.9833166599 -0.1921314597 0.9766125679 -0.0965062305
63.4 -450.3 2458.1 0.9664614797 -0.2233815789 0.1267001033 0.1704046577 0.9269083142 0.3343699574 -0.1921314597 -0.3015653789 0.9338864088
-124.8 -396.5 2636.4 0 0 0 0 0 0 0 0 0
13.6 -381.3 2625.2 0 0 0 0 0 0 0 0 0
-223.7 -820.0 2659.9 0 0 0 0 0 0 0 0 0
148.7 -804.5 2573.3 0 0 0 0 0 0 0 0 0
-4.4 82.9 2811.5 6 0.9683084488 -0.1412079632 0.2060073912 0.0789444670 0.9555864930 0.2839404643 -0.2369525433 -0.2586787939 0.9364500642
24.0 -109.5 2863.6 0.9683084488 -0.1412079632 0.2060073912 0.0789444670 0.9555864930 0.2839404643 -0.2369525433 -0.2586787939 0.9364500642
52.0 -299.5 2914.3 0.9682582021 -0.1407678276 0.2065441757 0.0792853385 0.9566324353 0.2803002596 -0.2370441258 -0.2550270855 0.9374279976
-117.4 -121.1 2898.2 0.4100591838 -0.7834413648 -0.4669808447 0.9006147981 0.4286678433 0.0716716126 0.1440291554 -0.4499594569 0.8813580871
-209.3 -323.0 2866.0 -0.3635161817 -0.7834413648 -0.5040591359 0.2711522579 0.4286678433 -0.8618122339 0.8912532926 -0.4499594569 0.0566042066
165.5 -98.0 2829.0 0.2261982560 0.4837048054 0.8454962969 -0.9425365329 0.3277922273 0.0646311864 -0.2458847016 -0.8115305901 0.5300554633
220.2 -325.8 2769.6 -0.7979095578 0.4837048054 0.3596803546 -0.2158915251 0.3277922273 -0.9197516441 -0.5627887249 -0.8115305901 -0.1571207941
-9.2 -494.0 2994.3 0.9046501517 0.2386376113 -0.3530724347 -0.3607478142 -0.0122313853 -0.9325832129 -0.2268679887 0.9710316658 0.0750228688
-134.3 -487.6 2485.4 0.9046501517 0.2310520858 0.3580823839 -0.3607478142 0.8625245690 0.3548414111 -0.2268679887 -0.4501847923 0.8636345267
168.6 -481.1 2951.5 0.9643844366 0.2147646397 0.1543983370 0.1719722450 -0.0655917898 -0.9829156995 -0.2009682655 0.9744607806 -0.1001892537
61.3 -448.3 2464.5 0.9643844366 -0.2243753225 0.1400657296 0.1719722450 0.9342238307 0.3124921322 -0.2009682655 -0.2772751153 0.9395372868
-115.0 -393.4 2634.6 0 0 0 0 0 0 0 0 0
12.9 -381.9 2623.4 0 0 0 0 0 0 0 0 0
-222.6 -817.2 2657.4 0 0 0 0 0 0 0 0 0
147.0 -805.2 2570.4 0 0 0 0 0 0 0 0 0
-3.0 81.8 2815.6 7 0.9685029984 -0.1338186711 0.2099868357 0.0739844739 0.9598805904 0.2704729140 -0.2377566099 -0.2464180589 0.9395477176
23.9 -111.4 2865.2 0.9685029984 -0.1338186711 0.2099868357 0.0739844739 0.9598805904 0.2704729140 -0.2377566099 -0.2464180589 0.9395477176
50.4 -302.2 2913.6 0.9684929848 -0.1332870722 0.2103708982 0.0740566701 0.9606488347 0.2677114606 -0.2377750278 -0.2436973006 0.9402524233
-117.6 -122.2 2900.0 0.4573394954 -0.7912537456 -0.4059040844 0.8886958361 0.4233603477 0.1760274768 0.0325613022 -0.4412296116 0.8968033195
-222.1 -325.3 2892.5 -0.3779575527 -0.7912537456 -0.4806928635 0.2286216170 0.4233603477 -0.8766402602 0.8971511722 -0.4412296116 0.0208854526
165.4 -100.6 2830.5 0.2236644179 0.4771341681 0.8498924971 -0.9388985634 0.3395293355 0.0564743765 -0.2616175711 -0.8105940819 0.5239211917
219.0 -325.5 2767.8 -0.7970037460 0.4771341681 0.3703079820 -0.2214741707 0.3395293355 -0.9141493440 -0.5619022846 -0.8105940819 -0.1649332792
-8.8 -496.8 2986.7 0.9050048590 0.2516843975 -0.3429594636 -0.3502243161 -0.0168144908 -0.9365149140 -0.2414728850 0.9676632881 0.0729288086
-138.9 -488.1 2486.8 0.9050048590 0.2190851271 0.3646476865 -0.3502243161 0.8702871799 0.3463280797 -0.2414728850 -0.4411370754 0.8643430471
168.8 -482.2 2943.2 0.9624962807 0.2202118784 0.1584539711 0.1778542250 -0.0711325109 -0.9814825654 -0.2048628926 0.9728550315 -0.1076303944
60.1 -447.2 2463.4 0.9624962807 -0.2307685912 0.1426421702 0.1778542250 0.9337651730 0.3105648160 -0.2048628926 -0.2735479772 0.9397886395
-124.0 -384.7 2659.6 0 0 0 0 0 0 0 0 0
11.9 -383.0 2621.8 0 0 0 0 0 0 0 0 0
-222.6 -820.6 2655.4 0 0 0 0 0 0 0 0 0
148.3 -803.9 2567.9 0 0 0 0 0 0 0 0 0
-1.1 80.0 2817.2 8 0.9677835703 -0.1257316768 0.2181434035 0.0649340749 0.9617196321 0.2662308514 -0.2432664484 -0.2434888780 0.9389007092
24.2 -113.3 2866.1 0.9677835703 -0.1257316768 0.2181434035 0.0649340749 0.9617196321 0.2662308514 -0.2432664484 -0.2434888780 0.9389007092
49.3 -304.4 2914.5 0.9677246809 -0.1261397302 0.2181688547 0.0653834194 0.9617429972 0.2660364211 -0.2433801442 -0.2431853861 0.9389499426
-117.1 -122.9 2901.7 0.4853986502 -0.7832568884 -0.3884544075 0.8742625117 0.4385485649 0.2081831843 0.0072952071 -0.4406629503 0.8976429701
-229.8 -325.7 2900.0 -0.3800288141 -0.7832568884 -0.4920231402 0.2232237756 0.4385485649 -0.8705436587 0.8976353407 -0.4406629503 0.0081804600
165.6 -103.8 2830.6 0.2209283561 0.4897965491 0.8433800936 -0.9412100911 0.3336743414 0.0527727157 -0.2555663884 -0.8054568768 0.5347195864
217.9 -326.8 2770.0 -0.7958574891 0.4897965491 0.3559637964 -0.2060842067 0.3336743414 -0.9198862910 -0.5693331361 -0.8054568768 -0.1646178812
-12.0 -499.8 2983.8 0.9043731093 0.2422785759 -0.3512981534 -0.3561899066 -0.0248200875 -0.9340838790 -0.2350277752 0.9698892236 0.0638505667
-136.4 -487.1 2485.9 0.9043731093 0.2249793857 0.3626204431 -0.3561899066 0.8659533262 0.3510748446 -0.2350277752 -0.4466643929 0.8632802963
165.7 -486.2 2940.2 0.9621969461 0.2156757116 0.1663161516 0.1858617663 -0.0736134648 -0.9798145294 -0.1990790814 0.9736863375 -0.1109165177
60.2 -450.2 2464.2 0.9621969461 -0.2389694899 0.1306547225 0.1858617663 0.9267941117 0.3263556957 -0.1990790814 -0.2897347212 0.9361737370
-131.0 -383.8 2666.6 0 0 0 0 0 0 0 0 0
11.2 -380.3 2622.1 0 0 0 0 0 0 0 0 0
-222.3 -818.0 2656.6 0 0 0 0 0 0 0 0 0
151.5 -804.3 2574.9 0 0 0 0 0 0 0 0 0
-0.5 78.3 2807.5 9 0.9697400928 -0.1215379164 0.2117373794 0.0556466207 0.9544854164 0.2930205762 -0.2377133518 -0.2723713219 0.9323659539
24.0 -114.2 2862.4 0.9697400928 -0.1215379164 0.2117373794 0.0556466207 0.9544854164 0.2930205762 -0.2377133518 -0.2723713219 0.9323659539
48.3 -304.0 2915.9 0.9696053267 -0.1219651997 0.2121084780 0.0567034930 0.9553118944 0.2901100516 -0.2380130887 -0.2692649662 0.9331913590
-117.6 -122.5 2897.2 0.4949986339 -0.7870551348 -0.3681311309 0.8683418632 0.4329930842 0.2418665290 -0.0309640709 -0.4393872619 0.8977639079
-232.1 -323.4 2904.3 -0.3647738099 -0.7870551348 -0.4974778891 0.2477357388 0.4329930842 -0.8666856289 0.8975338936 -0.4393872619 0.0370371602
165.7 -105.9 2827.7 0.2499857247 0.5010049343 0.8285536766 -0.9450588226 0.3124167621 0.0962265804 -0.2106440663 -0.8070872426 0.5515788794
224.3 -327.3 2778.3 -0.7979855537 0.5010049343 0.3349822760 -0.1942036301 0.3124167621 -0.9298821092 -0.5705295801 -0.8070872426 -0.1520070732
-14.4 -501.5 2985.1 0.9072369933 0.2332044542 -0.3500524759 -0.3524655402 -0.0326681323 -0.9352543950 -0.2295410484 0.9718788266 0.0525587946
-133.3 -484.8 2489.5 0.9072369933 0.2302127331 0.3520272076 -0.3524655402 0.8728173971 0.3375764787 -0.2295410484 -0.4303393364 0.8729942441
163.1 -489.5 2940.5 0.9634722471 0.2097718716 0.1664843410 0.1864725649 -0.0792779624 -0.9792563319 -0.1922218949 0.9745310545 -0.1154988185
60.1 -450.5 2462.0 0.9634722471 -0.2375872135 0.1235863864 0.1864725649 0.9263805747 0.3271803558 -0.1922218949 -0.2921837270 0.9368454814
-137.3 -387.8 2671.0 0 0 0 0 0 0 0 0 0
16.9 -377.8 2630.1 0 0 0 0 0 0 0 0 0
-221.3 -818.3 2653.9 0 0 0 0 0 0 0 0 0
150.9 -804.5 2573.6 0 0 0 0 0 0 0 0 0
-1.2 79.9 2804.1 0 0.9706581831 -0.1203550026 0.2081763893 0.0522832163 0.9506498575 0.3058288097 -0.2347108871 -0.2859711051 0.9290485978
23.2 -112.4 2862.0 0.9706581831 -0.1203550026 0.2081763893 0.0522832163 0.9506498575 0.3058288097 -0.2347108871 -0.2859711051 0.9290485978
47.4 -301.4 2918.0 0.9703859091 -0.1218214259 0.2085922807 0.0544217266 0.9515747428 0.3025620878 -0.2353496850 -0.2822500169 0.9300244451
-118.6 -120.3 2896.3 0.4854581654 -0.7735462785 -0.4073776007 0.8742064238 0.4346624911 0.2164063156 0.0096714543 -0.4611883163 0.8872495890
-233.0 -326.4 2894.1 -0.3938304782 -0.7735462785 -0.4965115488 0.2404402792 0.4346624911 -0.8679038286 0.8871787190 -0.4611883163 0.0148083530
164.9 -104.4 2827.6 0.2519485950 0.5017790794 0.8274899721 -0.9457375407 0.3089668155 0.1005984023 -0.2051887661 -0.8079339266 0.5523950458
224.3 -327.1 2779.3 -0.7938274741 0.5017790794 0.3435924053 -0.2065313905 0.3089668155 -0.9283772111 -0.5719988942 -0.8079339266 -0.1416332126
-16.4 -498.9 2991.2 0.9081490636 0.2292718589 -0.3502851427 -0.3548722267 -0.0223166086 -0.9346484542 -0.2221057564 0.9731065631 0.0610954054
-134.2 -487.5 2491.6 0.9081490636 0.2342896461 0.3469490111 -0.3548722267 0.8704834580 0.3410634100 -0.2221057564 -0.4328589737 0.8736716509
161.4 -488.5 2947.6 0.9653202295 0.2024261504 0.1648651809 0.1859272718 -0.0897408724 -0.9784567356 -0.1832700819 0.9751770496 -0.1242652237
60.0 -443.5 2459.0 0.9653202295 -0.2337398678 0.1162865013 0.1859272718 0.9282015562 0.3222931921 -0.1832700819 -0.2894953191 0.9394703507
-130.6 -388.9 2663.4 0 0 0 0 0 0 0 0 0
18.0 -380.7 2630.7 0 0 0 0 0 0 0 0 0
-223.7 -820.1 2657.0 0 0 0 0 0 0 0 0 0
149.3 -798.2 2569.6 0 0 0 0 0 0 0 0 0
-1.6 79.5 2801.9 1 0.9715172052 -0.1161494255 0.2065516710 0.0470120534 0.9487849474 0.3124051690 -0.2322588116 -0.2937965691 0.9272213578
21.8 -112.0 2861.3 0.9715172052 -0.1161494255 0.2065516710 0.0470120534 0.9487849474 0.3124051690 -0.2322588116 -0.2937965691 0.9272213578
45.2 -300.7 2918.9 0.9712852240 -0.1173988432 0.2069358975 0.0488977171 0.9497124553 0.3092818260 -0.2328389287 -0.2902821898 0.9281822443
-120.1 -119.2 2895.3 0.4919899702 -0.7916653156 -0.3622318208 0.8672364354 0.4091100693 0.2837778926 -0.0764644369 -0.4537565410 0.8878390789
-238.6 -328.1 2913.7 -0.4042281210 -0.7916653156 -0.4581109583 0.2061536014 0.4091100693 -0.8888923526 0.8911230564 -0.4537565410 -0.0021691381
163.7 -104.9 2827.2 0.2480497360 0.4947884977 0.8328599334 -0.9450626969 0.3125382662 0.0957930759 -0.2129032910 -0.8108662963 0.5451312065
222.0 -327.0 2777.2 -0.7946838737 0.4947884977 0.3516558409 -0.2148557156 0.3125382662 -0.9252874255 -0.5677275062 -0.8108662963 -0.1420609951
-17.4 -495.4 2995.7 0.9098771811 0.2248608321 -0.3486561179 -0.3542440534 -0.0163583010 -0.9350099564 -0.2159505188 0.9742535949 0.0647715628
-134.9 -486.9 2486.9 0.9098771811 0.2322557122 0.3437742889 -0.3542440534 0.8662303090 0.3523580730 -0.2159505188 -0.4423825443 0.8704383969
160.6 -485.4 2952.5 0.9659308195 0.2025662959 0.1610730886 0.1807526201 -0.0826117843 -0.9800529480 -0.1852191687 0.9757777452 -0.1164116561
58.4 -443.8 2460.6 0.9659308195 -0.2302152067 0.1182311550 0.1807526201 0.9270703197 0.3284342885 -0.1852191687 -0.2958742082 0.9370977879
-133.5 -381.7 2682.0 0 0 0 0 0 0 0 0 0
15.5 -382.8 2629.7 0 0 0 0 0 0 0 0 0
-223.6 -817.9 2655.9 0 0 0 0 0 0 0 0 0
146.4 -798.0 2573.7 0 0 0 0 0 0 0 0 0
-1.4 79.9 2799.4 2 0.9709732533 -0.1163112670 0.2090040296 0.0440727808 0.9458442330 0.3216150701 -0.2350927144 -0.3030682504 0.9235156178
22.1 -111.4 2860.7 0.9709732533 -0.1163112670 0.2090040296 0.0440727808 0.9458442330 0.3216150701 -0.2350927144 -0.3030682504 0.9235156178
45.5 -299.7 2919.9 0.9706889391 -0.1176695675 0.2095633894 0.0463727154 0.9472612143 0.3170894682 -0.2358230501 -0.2980772257 0.9249526858
-119.7 -118.2 2895.1 0.4336485267 -0.8153501749 -0.3836053014 0.9008204341 0.4025352895 0.1627511531 0.0217154939 -0.4161362946 0.9090428948
-218.9 -324.3 2890.1 -0.3363424242 -0.8153501749 -0.4712513387 0.2557092011 0.4025352895 -0.8789642453 0.9063589573 -0.4161362946 0.0731028542
163.9 -104.7 2826.2 0.2387121171 0.4657974243 0.8520852923 -0.9423797131 0.3229018152 0.0874920040 -0.2343863249 -0.8238732815 0.5160385966
220.3 -327.0 2770.9 -0.8129666448 0.4657974243 0.3494538665 -0.2115236968 0.3229018152 -0.9224923849 -0.5425338149 -0.8238732815 -0.1639811993
-20.6 -493.9 2998.0 0.9131431580 0.2163368016 -0.3454966843 -0.3505016267 -0.0160554424 -0.9364244938 -0.2081301808 0.9761867523 0.0611654855
-134.3 -485.5 2484.7 0.9131431580 0.2308885157 0.3359465301 -0.3505016267 0.8654916286 0.3578727245 -0.2081301808 -0.4445388317 0.8712445498
157.6 -484.9 2955.3 0.9668522477 0.1933609247 0.1667583138 0.1838292927 -0.0738659129 -0.9801788926 -0.1772105396 0.9783431888 -0.1069628224
60.0 -447.7 2461.7 0.9668522477 -0.2300729305 0.1107394993 0.1838292927 0.9282112718 0.3234665394 -0.1772105396 -0.2923871875 0.9397372603
-131.7 -390.6 2655.2 0 0 0 0 0 0 0 0 0
9.1 -382.0 2630.0 0 0 0 0 0 0 0 0 0
-222.6 -816.2 2654.6 0 0 0 0 0 0 0 0 0
147.9 -802.4 2573.4 0 0 0 0 0 0 0 0 0
-0.4 79.5 2798.6 3 0.9699985385 -0.1091219112 0.2172447741 0.0350771956 0.9470735192 0.3190946281 -0.2405669838 -0.3019009829 0.9224875569
21.7 -112.0 2859.6 0.9699985385 -0.1091219112 0.2172447741 0.0350771956 0.9470735192 0.3190946281 -0.2405669838 -0.3019009829 0.9224875569
43.7 -300.4 2918.7 0.9696583748 -0.1112160534 0.2177006602 0.0380028635 0.9482730031 0.3151730597 -0.2414919734 -0.2973369658 0.9237274528
-120.0 -117.5 2894.9 0.4362511039 -0.8071578145 -0.3977200389 0.8995457888 0.4022121727 0.1704192013 0.0224126540 -0.4321129620 0.9015409350
-221.3 -326.3 2889.7 -0.3588675559 -0.8071578145 -0.4687326849 0.2468881160 0.4022121727 -0.8816300631 0.9001446366 -0.4321129620 0.0549367703
163.3 -106.4 2824.3 0.2487925887 0.4832592309 0.8393823504 -0.9448151588 0.3117976785 0.1005309597 -0.2131349593 -0.8180725574 0.5341635942
221.3 -326.8 2774.6 -0.8009024262 0.4832592309 0.3535757959 -0.2199348956 0.3117976785 -0.9243434668 -0.5569416285 -0.8180725574 -0.1434339434
-20.1 -492.1 3000.7 0.9148218632 0.2263134867 -0.3344893754 -0.3429109454 -0.0022325488 -0.9393652678 -0.2133377939 0.9740519524 0.0755629838
-139.5 -490.9 2487.0 0.9148218632 0.2183224410 0.3397590816 -0.3429109454 0.8643220663 0.3679122329 -0.2133377939 -0.4530812800 0.8655658960
157.9 -483.6 2957.5 0.9649736285 0.1957737803 0.1746382564 0.1918517202 -0.0725677907 -0.9787373543 -0.1789380014 0.9779604077 -0.1075855419
59.2 -447.0 2464.2 0.9649736285 -0.2371621281 0.1121606901 0.1918517202 0.9295349717 0.3148931265 -0.1789380014 -0.2823453546 0.9424766898
-128.1 -390.4 2655.9 0 0 0 0 0 0 0 0 0
13.3 -383.9 2629.9 0 0 0 0 0 0 0 0 0
-222.9 -821.2 2660.1 0 0 0 0 0 0 0 0 0
149.8 -802.2 2572.1 0 0 0 0 0 0 0 0 0
-0.1 78.8 2798.7 4 0.9689021707 -0.1045169160 0.2242872715 0.0285766590 0.9476144314 0.3181355298 -0.2457884103 -0.3018328249 0.9211324453
21.1 -112.8 2859.7 0.9689021707 -0.1045169160 0.2242872715 0.0285766590 0.9476144314 0.3181355298 -0.2457884103 -0.3018328249 0.9211324453
42.2 -301.4 2918.6 0.9685529470 -0.1066042557 0.2248127460 0.0317143500 0.9490866065 0.3134147823 -0.2467781156 -0.2964290380 0.9226214886
-120.4 -117.4 2895.7 0.4508243501 -0.7868531346 -0.4214493334 0.8921046853 0.4131100476 0.1830008626 0.0301101506 -0.4584781528 0.8881954551
-227.4 -329.2 2888.6 -0.4101499319 -0.7868531346 -0.4611281455 0.2050482184 0.4131100476 -0.8872966170 0.8886688352 -0.4584781528 -0.0080942335
162.5 -108.1 2823.6 0.2401019931 0.4778484106 0.8449922800 -0.9432139993 0.3206815720 0.0866639838 -0.2295611948 -0.8178167343 0.5277096033
218.4 -327.6 2770.2 -0.7977410555 0.4778484106 0.3677908778 -0.2313735932 0.3206815720 -0.9184930921 -0.5568442345 -0.8178167343 -0.1452593356
-23.1 -492.3 2999.9 0.9150853157 0.2192806304 -0.3384299576 -0.3465552330 -0.0015016968 -0.9380283356 -0.2061996758 0.9756606817 0.0746186748
-137.8 -491.5 2489.4 0.9150853157 0.2277885824 0.3327629864 -0.3465552330 0.8661583662 0.3600960374 -0.2061996758 -0.4448393285 0.8715501428
154.8 -485.3 2955.6 0.9658946395 0.1919960678 0.1737386137 0.1920926869 -0.0813847631 -0.9779964089 -0.1736317873 0.9780153632 -0.1154901460
58.5 -444.5 2465.1 0.9658946395 -0.2351772636 0.1083478183 0.1920926869 0.9313938618 0.3092020452 -0.1736317873 -0.2778437734 0.9448041320
-121.0 -382.3 2658.1 0 0 0 0 0 0 0 0 0
11.2 -387.7 2625.6 0 0 0 0 0 0 0 0 0
-224.8 -822.5 2659.4 0 0 0 0 0 0 0 0 0
148.4 -800.4 2571.3 0 0 0 0 0 0 0 0 0
-0.1 76.5 2799.7 5 0.9682935476 -0.1045384109 0.2268905938 0.0283759888 0.9483809471 0.3158612847 -0.2481983602 -0.2994081974 0.9212775230
21.1 -115.7 2860.4 0.9682935476 -0.1045384109 0.2268905938 0.0283759888 0.9483809471 0.3158612847 -0.2481983602 -0.2994081974 0.9212775230
41.9 -304.4 2919.1 0.9681313634 -0.1050843671 0.2273300737 0.0298445486 0.9496520162 0.3118818998 -0.2486583889 -0.2951580882 0.9225240946
-120.4 -120.1 2896.7 0.4807154536 -0.8272370696 -0.2908460796 0.8583338857 0.3760625422 0.3490557075 -0.1793755144 -0.4174395204 0.8908247352
-238.5 -330.9 2940.8 -0.3829935193 -0.8272370696 -0.4110897481 0.1661769897 0.3760625422 -0.9115712643 0.9086810350 -0.4174395204 -0.0065617464
162.5 -111.3 2824.1 0.2283439487 0.4585723281 0.8588192463 -0.9355359674 0.3475367725 0.0631718710 -0.2695024014 -0.8178811669 0.5083688498
215.3 -327.6 2761.8 -0.7998351455 0.4585723281 0.3872663081 -0.2396666706 0.3475367725 -0.9065197706 -0.5502941608 -0.8178811669 -0.1680676192
-25.4 -492.9 3000.1 0.9167550802 0.2083090842 -0.3408334851 -0.3467250466 -0.0087119350 -0.9379263520 -0.1983478963 0.9780242443 0.0642392635
-135.0 -488.3 2485.4 0.9167550802 0.2297866642 0.3267387748 -0.3467250466 0.8639274240 0.3652548790 -0.1983478963 -0.4481377900 0.8716826439
152.2 -487.0 2954.9 0.9676036835 0.1828701496 0.1740736216 0.1916965842 -0.0834452435 -0.9779004455 -0.1643031836 0.9795894027 -0.1157975048
59.4 -444.7 2457.6 0.9676036835 -0.2339213639 0.0949942619 0.1916965842 0.9255442023 0.3265276253 -0.1643031836 -0.2977392673 0.9404019117
-139.1 -374.0 2705.0 0 0 0 0 0 0 0 0 0
7.5 -389.8 2618.8 0 0 0 0 0 0 0 0 0
-222.8 -818.4 2656.7 0 0 0 0 0 0 0 0 0
148.8 -798.3 2571.3 0 0 0 0 0 0 0 0 0
-0.4 76.1 2798.7 6 0.9691692591 -0.1018959358 0.2243395150 0.0260551143 0.9477607608 0.3179161549 -0.2450145483 -0.3022693694 0.9211954474
20.2 -116.1 2860.0 0.9691692591 -0.1018959358 0.2243395150 0.0260551143 0.9477607608 0.3179161549 -0.2450145483 -0.3022693694 0.9211954474
40.8 -304.7 2919.2 0.9689043760 -0.1034006625 0.2247946262 0.0285023116 0.9490906000 0.3137111366 -0.2457883954 -0.2975489199 0.9225251675
-121.3 -120.2 2895.9 0.4520522058 -0.8235439658 -0.3426721096 0.8903501034 0.3933009207 0.2293274552 -0.0540879704 -0.4087661207 0.9110350013
-222.6 -319.7 2908.1 -0.3117466271 -0.8235439658 -0.4739086628 0.2882224321 0.3933009207 -0.8730648160 0.9053959846 -0.4087661207 0.1147535965
161.8 -111.9 2824.1 0.2159732431 0.4089936316 0.8866114020 -0.9255187511 0.3750536740 0.0524386652 -0.3110797703 -0.8319008350 0.4595328271
211.5 -325.1 2752.5 -0.8205760121 0.4089936316 0.3992232680 -0.2476717532 0.3750536740 -0.8933047652 -0.5150861144 -0.8319008350 -0.2064638585
-26.0 -495.8 3000.5 0.9165066481 0.2101889700 -0.3403470814 -0.3456980586 -0.0119082201 -0.9382702708 -0.2012669891 0.9775882363 0.0617479570
-136.1 -489.6 2488.2 0.9165066481 0.2282448113 0.3285115659 -0.3456980586 0.8651308417 0.3633751571 -0.2012669891 -0.4466015697 0.8718019724
151.6 -490.4 2954.9 0.9687624574 0.1786494106 0.1719991416 0.1906057000 -0.0926971287 -0.9772802591 -0.1586467177 0.9795364141 -0.1238530949
60.9 -443.3 2457.5 0.9687624574 -0.2306193858 0.0911812037 0.1906057000 0.9276501536 0.3211458623 -0.1586467177 -0.2937344015 0.9426299930
-142.4 -393.9 2675.1 0 0 0 0 0 0 0 0 0
-1.5 -389.4 2618.7 0 0 0 0 0 0 0 0 0
-223.3 -820.2 2658.9 0 0 0 0 0 0 0 0 0
149.0 -797.8 2569.8 0 0 0 0 0 0 0 0 0
-0.2 78.1 2798.8 7 0.9714067578 -0.0982879773 0.2161211371 0.0252350345 0.9478721023 0.3176503181 -0.2360763848 -0.3031138480 0.9232496619
19.7 -114.3 2860.3 0.9714067578 -0.0982879773 0.2161211371 0.0252350345 0.9478721023 0.3176503181 -0.2360763848 -0.3031138480 0.9232496619
39.7 -302.9 2919.7 0.9711132050 -0.1003208533 0.2165059596 0.0280387327 0.9490171671 0.3139748573 -0.2369661033 -0.2988345623 0.9244160056
-122.1 -118.4 2894.9 0.4034084082 -0.8241674304 -0.3975043595 0.9128500223 0.3923931420 0.1128383353 0.0629803017 -0.4083817899 0.9106359482
-212.3 -322.4 2880.8 -0.3023051322 -0.8241674304 -0.4789150953 0.3049603105 0.3923931420 -0.8677712083 0.9031117558 -0.4083817899 0.1327158958
161.6 -110.2 2825.7 0.2181506008 0.4160375595 0.8827927709 -0.9303632379 0.3617951870 0.0594011545 -0.2946770489 -0.8342763186 0.4659918845
212.7 -328.2 2756.6 -0.8303685784 0.4160375595 0.3706761301 -0.2228275239 0.3617951870 -0.9052359462 -0.5107209682 -0.8342763186 -0.2077187300
-27.6 -495.9 3000.8 0.9164831638 0.2050527185 -0.3435286880 -0.3476942778 -0.0165286083 -0.9374622703 -0.1979072392 0.9786113501 0.0561474636
-133.9 -487.3 2493.5 0.9164831638 0.2357035875 0.3232682943 -0.3476942778 0.8689661622 0.3521456122 -0.1979072392 -0.4351340532 0.8783456683
150.2 -490.7 2955.8 0.9701682925 0.1744353771 0.1683619618 0.1855759025 -0.0874778181 -0.9787283540 -0.1559969187 0.9807751775 -0.1172392070
61.7 -446.3 2458.3 0.9701682925 -0.2250613868 0.0901156068 0.1855759025 0.9286127687 0.3213097453 -0.1559969187 -0.2950012684 0.9426766038
-134.1 -401.4 2647.1 0 0 0 0 0 0 0 0 0
-2.9 -386.1 2624.0 0 0 0 0 0 0 0 0 0
-223.9 -819.4 2659.8 0 0 0 0 0 0 0 0 0
147.7 -801.1 2571.1 0 0 0 0 0 0 0 0 0
-0.8 78.7 2798.8 8 0.9672579765 -0.1016025618 0.2325702012 0.0231518447 0.9478726387 0.3178071976 -0.2527369559 -0.3020171225 0.9191896915
19.8 -113.8 2860.1 0.9672579765 -0.1016025618 0.2325702012 0.0231518447 0.9478726387 0.3178071976 -0.2527369559 -0.3020171225 0.9191896915
40.2 -302.5 2919.2 0.9670642018 -0.1024388969 0.2330086976 0.0249533299 0.9491841793 0.3137303889 -0.2533063591 -0.2975830734 0.9204782248
-121.4 -117.5 2897.1 0.4132284224 -0.8136544824 -0.4089115560 0.9091254473 0.3943945169 0.1339546740 0.0522796661 -0.4271058142 0.9026890397
-216.2 -326.0 2885.1 -0.3515230417 -0.8136544824 -0.4630312622 0.2513838112 0.3943945169 -0.8838886619 0.9017969370 -0.4271058142 0.0659008026
161.1 -110.2 2823.1 0.2370627671 0.4395061433 0.8663923144 -0.9358226657 0.3427556157 0.0821862221 -0.2608394921 -0.8302727938 0.4925543964
216.3 -328.2 2762.3 -0.8235851526 0.4395061433 0.3585273027 -0.2151717693 0.3427556157 -0.9144504666 -0.5247938633 -0.8302727938 -0.1877191365
-29.4 -494.1 3000.8 0.9176387787 0.2015325129 -0.3425254822 -0.3480607569 -0.0084401648 -0.9374339581 -0.1918144077 0.9794454575 0.0624005422
-135.0 -489.6 2487.6 0.9176387787 0.2344886065 0.3208647072 -0.3480607569 0.8638821840 0.3640896976 -0.1918144077 -0.4457832575 0.8743480444
148.7 -488.9 2957.3 0.9704131484 0.1682465076 0.1731804907 0.1879531592 -0.0761382133 -0.9792224169 -0.1515651047 0.9828001261 -0.1055079848
62.1 -449.7 2451.4 0.9704131484 -0.2272483706 0.0815877095 0.1879531592 0.9230820537 0.3355489969 -0.1515651047 -0.3102864623 0.9384829998
-125.2 -391.1 2651.7 0 0 0 0 0 0 0 0 0
2.4 -384.1 2626.0 0 0 0 0 0 0 0 0 0
-224.6 -819.7 2657.9 0 0 0 0 0 0 0 0 0
148.9 -802.4 2570.0 0 0 0 0 0 0 0 0 0
-0.2 79.0 2798.3 9 0.9648642540 -0.0954025090 0.2448169738 0.0128585109 0.9477810264 0.3186624348 -0.2624340951 -0.3043180108 0.9157067537
19.1 -113.5 2860.1 0.9648642540 -0.0954025090 0.2448169738 0.0128585109 0.9477810264 0.3186624348 -0.2624340951 -0.3043180108 0.9157067537
38.0 -302.1 2919.7 0.9648029804 -0.0949119255 0.2452487051 0.0134691224 0.9492085576 0.3143591285 -0.2626285851 -0.2999913394 0.9170776606
-121.8 -115.4 2898.4 0.3991712928 -0.8061952591 -0.4367052019 0.9123897552 0.3963289559 0.1023144871 0.0905934647 -0.4392863810 0.8937674761
-215.9 -330.6 2877.1 -0.3912129700 -0.8061952591 -0.4438485801 0.1999057680 0.3963289559 -0.8960809112 0.8983262777 -0.4392863810 0.0061140689
160.1 -111.5 2821.7 0.2374121696 0.4446354210 0.8636751771 -0.9329472184 0.3520712852 0.0752014816 -0.2706379890 -0.8236171007 0.4984073937
215.8 -330.3 2758.2 -0.8164330721 0.4446354210 0.3684242070 -0.2189124078 0.3520712852 -0.9100127220 -0.5343354940 -0.8236171007 -0.1901064217
-28.2 -493.4 3001.6 0.9176293612 0.2021677941 -0.3421761096 -0.3479161561 -0.0075695920 -0.9374951124 -0.1921214610 0.9793216586 0.0633913651
-134.3 -489.4 2487.6 0.9176293612 0.2331411093 0.3218719065 -0.3479161561 0.8627113104 0.3669926226 -0.1921214610 -0.4487476349 0.8727627993
149.2 -488.8 2955.1 0.9707719684 0.1688636392 0.1705485582 0.1841348857 -0.0682519600 -0.9805284142 -0.1539353132 0.9832735062 -0.0973507762
63.0 -453.9 2453.1 0.9707719684 -0.2243373096 0.0852907300 0.1841348857 0.9241079092 0.3348416984 -0.1539353132 -0.3093499541 0.9384063482
-114.6 -382.4 2644.4 0 0 0 0 0 0 0 0 0
3.7 -387.2 2619.4 0 0 0 0 0 0 0 0 0
-223.3 -819.1 2659.1 0 0 0 0 0 0 0 0 0
148.7 -807.1 2571.3 0 0 0 0 0 0 0 0 0
-0.6 78.6 2798.0 0 0.9661135674 -0.0933515206 0.2406450957 0.0097079724 0.9447906613 0.3275306523 -0.2579347193 -0.3140956163 0.9136813283
18.3 -112.6 2861.6 0.9661135674 -0.0933515206 0.2406450957 0.0097079724 0.9447906613 0.3275306523 -0.2579347193 -0.3140956163 0.9136813283
36.6 -300.6 2923.3 0.9661481977 -0.0920153111 0.2410203367 0.0093545495 0.9461125731 0.3237028122 -0.2578179836 -0.3104902506 0.9149457216
-122.8 -114.0 2899.2 0.4423089921 -0.8082970381 -0.3886111379 0.8964555860 0.3853949606 0.2187193036 -0.0270213876 -0.4451141357 0.8950660825
-228.8 -328.9 2905.7 -0.4053803384 -0.8082970381 -0.4269925654 0.1839834452 0.3853949606 -0.9042238593 0.8954423070 -0.4451141357 -0.0075182584
159.5 -111.2 2823.9 0.2432198077 0.4700419009 0.8484719992 -0.9370636940 0.3397799432 0.0803817064 -0.2505109906 -0.8146227002 0.5231004357
216.2 -329.9 2765.5 -0.8044552207 0.4700419009 0.3631974161 -0.2148596346 0.3397799432 -0.9156336188 -0.5537933707 -0.8146227002 -0.1723447293
-31.6 -491.9 3003.4 0.9196106791 0.1945947856 -0.3412462771 -0.3470733762 -0.0044080550 -0.9378275871 -0.1840005964 0.9808738232 0.0634849742
-133.5 -489.6 2489.7 0.9196106791 0.2375165224 0.3128930330 -0.3470733762 0.8643373847 0.3639518023 -0.1840005964 -0.4432908297 0.8772895932
145.3 -489.5 2955.2 0.9677543044 0.1678961515 0.1877830625 0.2012486756 -0.0669998005 -0.9772461057 -0.1514944285 0.9835252762 -0.0986282229
60.5 -455.6 2458.0 0.9677543044 -0.2392721921 0.0787427127 0.2012486756 0.9224285483 0.3295824230 -0.1514944285 -0.3031079471 0.9408373833
-123.6 -376.7 2673.2 0 0 0 0 0 0 0 0 0
7.3 -385.7 2621.6 0 0 0 0 0 0 0 0 0
-224.3 -819.9 2659.1 0 0 0 0 0 0 0 0 0
151.9 -808.0 2573.9 0 0 0 0 0 0 0 0 0
-2.2 78.0 2798.9 1 0.9648836255 -0.0975449607 0.2438945621 0.0133562330 0.9455112815 0.3253153563 -0.2623379230 -0.3106339574 0.9136111736
17.5 -112.3 2861.4 0.9648836255 -0.0975449607 0.2438945621 0.0133562330 0.9455112815 0.3253153563 -0.2623379230 -0.3106339574 0.9136111736
36.4 -300.5 2922.4 0.9649946690 -0.0953955054 0.2443052083 0.0122673754 0.9469021559 0.3212877214 -0.2619825304 -0.3070439398 0.9149257541
-123.5 -114.1 2899.7 0.4662856758 -0.8189969659 -0.3343974948 0.8791342974 0.3869192302 0.2782379687 -0.0984912366 -0.4237186909 0.9004232287
-236.9 -327.9 2923.7 -0.3922118247 -0.8189969659 -0.4188244343 0.1615137607 0.3869192302 -0.9078583717 0.9055844545 -0.4237186909 -0.0194750130
158.4 -110.5 2823.2 0.2474887371 0.4657942355 0.8495793343 -0.9369412065 0.3383775949 0.0874174684 -0.2467600554 -0.8176407218 0.5201664567
216.4 -330.2 2765.3 -0.8125756979 0.4657942355 0.3503662348 -0.2022898048 0.3383775949 -0.9190100431 -0.5466256738 -0.8176407218 -0.1807319671
-33.7 -489.5 3008.6 0.9220401049 0.1904114038 -0.3370244801 -0.3437790871 0.0026066524 -0.9390469193 -0.1779267490 0.9817008972 0.0678628981
-134.6 -490.8 2488.2 0.9220401049 0.2339612395 0.3083895743 -0.3437790871 0.8611160517 0.3745597899 -0.1779267490 -0.4513770640 0.8744145632
143.5 -487.7 2961.3 0.9711883068 0.1536011696 0.1822085679 0.1928552389 -0.0574015044 -0.9795467854 -0.1400004774 0.9864642620 -0.0853704587
65.3 -458.5 2459.0 0.9711883068 -0.2279095799 0.0696455315 0.1928552389 0.9233062267 0.3321331441 -0.1400004774 -0.3091323376 0.9406577945
-135.0 -369.9 2688.3 0 0 0 0 0 0 0 0 0
5.4 -382.8 2623.3 0 0 0 0 0 0 0 0 0
-224.0 -819.9 2660.7 0 0 0 0 0 0 0 0 0
152.4 -811.3 2577.1 0 0 0 0 0 0 0 0 0
0.2 79.9 2797.8 2 0.9667060375 -0.0961151123 0.2371524423 0.0138579188 0.9450813532 0.3265412748 -0.2555139065 -0.3123829961 0.9149478078
19.6 -111.2 2861.0 0.9667060375 -0.0961151123 0.2371524423 0.0138579188 0.9450813532 0.3265412748 -0.2555139065 -0.3123829961 0.9149478078
38.6 -299.3 2922.3 0.9666631818 -0.0955668837 0.2375483364 0.0142807560 0.9464158416 0.3226346672 -0.2556526959 -0.3084867001 0.9162301421
-121.6 -113.3 2898.3 0.4637905955 -0.8025211692 -0.3753106296 0.8857327700 0.4107491076 0.2162466794 -0.0193840340 -0.4327180982 0.9013208747
-234.3 -328.6 2903.1 -0.4246400297 -0.8025211692 -0.4190950096 0.1162317693 0.4107491076 -0.9043093324 0.8978702426 -0.4327180982 -0.0811420605
160.8 -109.2 2823.7 0.2528361678 0.4567408264 0.8529136777 -0.9377069473 0.3327975571 0.0997568741 -0.2382845432 -0.8250052333 0.5124322772
220.4 -329.9 2767.6 -0.8215412498 0.4567408264 0.3412591517 -0.1979617029 0.3327975571 -0.9219853282 -0.5346785188 -0.8250052333 -0.1829897314
-33.1 -489.8 3007.5 0.9214272499 0.1925278455 -0.3374978900 -0.3436074257 -0.0017606294 -0.9391117096 -0.1813993752 0.9812899232 0.0645317063
-135.0 -488.8 2488.2 0.9214272499 0.2328366786 0.3110608757 -0.3436074257 0.8620451093 0.3725750744 -0.1813993752 -0.4501836598 0.8743162751
143.9 -487.5 2959.4 0.9713061452 0.1522867382 0.1826832294 0.1920425743 -0.0490755662 -0.9801588058 -0.1402999014 0.9871171713 -0.0769129321
65.7 -462.3 2452.8 0.9713061452 -0.2282412052 0.0668607727 0.1920425743 0.9185082316 0.3456331789 -0.1402999014 -0.3228754997 0.9359846711
-124.1 -358.8 2669.9 0 0 0 0 0 0 0 0 0
6.9 -381.3 2628.7 0 0 0 0 0 0 0 0 0
-224.0 -818.3 2660.2 0 0 0 0 0 0 0 0 0
152.9 -813.3 2576.2 0 0 0 0 0 0 0 0 0
0.1 79.1 2799.8 3 0.9648839235 -0.0972981527 0.2439919114 0.0143325012 0.9469855428 0.3209563196 -0.2622852623 -0.3061885834 0.9151256680
19.7 -111.7 2861.5 0.9648839235 -0.0972981527 0.2439919114 0.0143325012 0.9469855428 0.3209563196 -0.2622852623 -0.3061885834 0.9151256680
38.8 -300.2 2921.4 0.9648646116 -0.0962427408 0.2444864362 0.0145218074 0.9486104846 0.3161127865 -0.2623459399 -0.3014556766 0.9166783094
-121.2 -113.8 2899.8 0.4306486845 -0.7960280180 -0.4253011346 0.9005638361 0.4100182652 0.1444637477 0.0593840368 -0.4452239573 0.8934479356
-226.4 -333.7 2885.3 -0.4344112575 -0.7960280180 -0.4214572608 0.1251765788 0.4100182652 -0.9034466743 0.8919740319 -0.4452239573 -0.0784724727
160.7 -109.6 2823.2 0.2634617984 0.4786341190 0.8375543356 -0.9403994679 0.3209616542 0.1123940796 -0.2150271684 -0.8172472119 0.5346684456
222.0 -328.4 2773.1 -0.8067867160 0.4786341190 0.3464168012 -0.2064665705 0.3209616542 -0.9243133664 -0.5535944104 -0.8172472119 -0.1601256430
-31.0 -488.7 3007.0 0.9198396206 0.1949295998 -0.3404372931 -0.3461253643 -0.0051793465 -0.9381739497 -0.1846411228 0.9808035493 0.0627059117
-134.0 -485.9 2489.0 0.9198396206 0.2377079725 0.3120737374 -0.3461253643 0.8661943078 0.3604228497 -0.1846411228 -0.4395478666 0.8790366054
146.3 -486.1 2960.2 0.9694797397 0.1590913832 0.1865448207 0.1950313747 -0.0393726379 -0.9800063968 -0.1485658139 0.9864784479 -0.0691987872
64.0 -465.7 2450.0 0.9694797397 -0.2352252454 0.0691239834 0.1950313747 0.9107716084 0.3639476001 -0.1485658139 -0.3393584788 0.9288509488
-113.4 -366.2 2653.4 0 0 0 0 0 0 0 0 0
12.4 -382.1 2629.3 0 0 0 0 0 0 0 0 0
-224.8 -816.9 2656.9 0 0 0 0 0 0 0 0 0
153.8 -813.7 2579.6 0 0 0 0 0 0 0 0 0
-1.1 78.9 2799.3 4 0.9657233953 -0.0978035405 0.2404429168 0.0151671236 0.9459791183 0.3238725662 -0.2591298521 -0.3091244698 0.9150375724
18.6 -111.6 2861.5 0.9657233953 -0.0978035405 0.2404429168 0.0151671236 0.9459791183 0.3238725662 -0.2591298521 -0.3091244698 0.9150375724
37.8 -299.9 2922.1 0.9657319784 -0.0965194330 0.2409267873 0.0150833521 0.9475816488 0.3191574216 -0.2591027021 -0.3045865595 0.9165657759
-122.5 -113.8 2899.4 0.4400191307 -0.7656686306 -0.4691851735 0.8949431777 0.4169021249 0.1589633375 0.0738910511 -0.4898409843 0.8686748147
-229.0 -330.5 2881.5 -0.4641170502 -0.7656686306 -0.4453615844 0.1691983342 0.4169021249 -0.8930646777 0.8694638014 -0.4898409843 -0.0639415234
159.7 -109.4 2823.7 0.2701106071 0.4967509508 0.8247901201 -0.9407982230 0.3183711171 0.1163549870 -0.2047898918 -0.8073897958 0.5533378720
