-17.7 68.8 2525.4 4 0.9718617201 0.1599796712 0.1728908867 -0.2225947231 0.8638309836 0.4519375861 -0.0770476758 -0.4777054489 0.8751349449
-49.4 -102.0 2619.9 0.9718617201 0.1599796712 0.1728908867 -0.2225947231 0.8638309836 0.4519375861 -0.0770476758 -0.4777054489 0.8751349449
-80.9 -268.6 2717.7 0.9709971547 0.1608817875 0.1768658161 -0.2272157371 0.8511583209 0.4731834233 -0.0744142085 -0.4996464849 0.8630272150
-187.6 -69.8 2630.5 0.0537616499 -0.8681517839 -0.4933782816 0.8635912538 0.2884798646 -0.4135087430 0.5013180375 -0.4038462639 0.7652374506
-200.1 -269.4 2514.7 -0.2008018792 -0.8644309640 -0.4609096646 0.5740265250 0.2774330080 -0.7704054117 0.7938337922 -0.4192732275 0.4404972494
88.9 -134.3 2609.3 -0.2778050303 0.9605430961 0.0134644536 -0.8406128883 -0.2362873405 -0.4873789847 -0.4649670422 -0.1467147171 0.8730867505
8.0 -379.2 2473.8 -0.2230819911 0.9605430961 -0.1661064327 -0.3394830227 -0.2362873405 -0.9104502201 -0.9137755036 -0.1467147171 0.3787995279
-203.7 -412.3 2823.0 0.9957577586 -0.0854312703 -0.0341760851 -0.0476438925 -0.1609552950 -0.9858110547 0.0787182674 0.9832572937 -0.1643427610
-170.3 -349.4 2438.2 0.9957577586 0.0139642516 -0.0909478217 -0.0476438925 0.9238454700 -0.3797888160 0.0787182674 0.3825107813 0.9205916524
-28.2 -453.9 2811.6 0.9703647494 -0.2304470837 -0.0727072880 -0.0805140063 -0.0246427953 -0.9964488149 0.2278370112 0.9727727771 -0.0424667187
62.0 -444.2 2430.8 0.9703647494 -0.0240138080 -0.2404486388 -0.0805140063 0.9060617685 -0.4154148996 0.2278370112 0.4224634767 0.8772770166
-173.3 -346.0 2408.7 0 0 0 0 0 0 0 0 0
-49.9 -467.3 2236.6 0 0 0 0 0 0 0 0 0
-176.9 -785.6 2257.6 0 0 0 0 0 0 0 0 0
71.3 -796.0 2266.8 0 0 0 0 0 0 0 0 0
-18.4 65.7 2527.4 5 0.9756370187 0.1486240625 0.1613793075 -0.2072915286 0.8653889298 0.4562151134 -0.0718513206 -0.4785529375 0.8751139641
-47.8 -105.5 2622.0 0.9756370187 0.1486240625 0.1613793075 -0.2072915286 0.8653889298 0.4562151134 -0.0718513206 -0.4785529375 0.8751139641
-77.0 -272.1 2720.4 0.9749218822 0.1488224268 0.1654665321 -0.2114193588 0.8515202999 0.4798072278 -0.0694920346 -0.5027574301 0.8616297841
-186.7 -75.5 2631.9 0.0374036022 -0.8711423874 -0.4896038771 0.8665410876 0.2722931504 -0.4182857871 0.4977022409 -0.4086164832 0.7650653720
-195.3 -275.7 2516.9 -0.2135312110 -0.8671759367 -0.4499003887 0.5740766525 0.2612423003 -0.7760080099 0.7904684544 -0.4239792526 0.4420420527
91.0 -135.5 2612.1 -0.2559933364 0.9612829685 0.1019923463 -0.8208941221 -0.1604563296 -0.5480753779 -0.5104901791 -0.2240285724 0.8301873207
17.4 -371.7 2465.2 -0.2683839798 0.9612829685 -0.0624906160 -0.3607941866 -0.1604563296 -0.9187389612 -0.8931951523 -0.2240285724 0.3898892403
-200.2 -414.7 2822.2 0.9972201586 -0.0699523091 -0.0256636720 -0.0361616760 -0.1532110125 -0.9875316024 0.0651481599 0.9857144952 -0.1553147137
-172.8 -354.8 2436.4 0.9972201586 0.0083712656 -0.0740396604 -0.0361616760 0.9231757522 -0.3826733232 0.0651481599 0.3842869401 0.9209122062
-24.7 -455.8 2808.8 0.9735186100 -0.2177010626 -0.0697696805 -0.0719146505 -0.0019354116 -0.9974089265 0.2170019448 0.9760136008 -0.0175400544
60.5 -455.0 2426.8 0.9735186100 -0.0281097405 -0.2268730998 -0.0719146505 0.9043728113 -0.4206401408 0.2170019448 0.4258164763 0.8784022331
-166.8 -352.4 2411.4 0 0 0 0 0 0 0 0 0
-52.0 -465.0 2234.2 0 0 0 0 0 0 0 0 0
-176.7 -784.9 2257.3 0 0 0 0 0 0 0 0 0
71.1 -794.4 2267.0 0 0 0 0 0 0 0 0 0
-17.8 66.2 2527.3 6 0.9764838815 0.1561197937 0.1486804187 -0.2079382241 0.8641304970 0.4583014250 -0.0569293573 -0.4784402847 0.8762727380
-48.7 -105.1 2622.1 0.9764838815 0.1561197937 0.1486804187 -0.2079382241 0.8641304970 0.4583014250 -0.0569293573 -0.4784402847 0.8762727380
-79.7 -271.5 2720.4 0.9756164551 0.1575291008 0.1528305262 -0.2126803845 0.8505387902 0.4809893966 -0.0542184636 -0.5017651916 0.8633030057
-187.7 -74.9 2629.9 0.0308213010 -0.8644544482 -0.5017654300 0.8672913909 0.2726667821 -0.4164834321 0.4968457222 -0.4223402441 0.7581378818
-194.8 -275.3 2515.1 -0.2249192894 -0.8602665663 -0.4575508535 0.5755919218 0.2615866959 -0.7747685313 0.7861967087 -0.4376229644 0.4363265932
90.2 -135.3 2614.4 -0.2460016459 0.9617228508 0.1207157671 -0.8135668039 -0.1371780783 -0.5650585890 -0.5268702507 -0.2372156978 0.8161718249
18.8 -371.6 2461.4 -0.2720648944 0.9617228508 -0.0327077024 -0.3746749461 -0.1371780783 -0.9169519544 -0.8863404393 -0.2372156978 0.3976548016
-194.3 -419.8 2825.2 0.9985113144 -0.0489995815 -0.0239625163 -0.0270684212 -0.0637378842 -0.9975994825 0.0473546386 0.9967630506 -0.0649693385
-174.3 -393.8 2419.0 0.9985113144 0.0070023192 -0.0540936999 -0.0270684212 0.9246044755 -0.3799656332 0.0473546386 0.3808642328 0.9234175682
-18.1 -458.0 2812.6 0.9771839976 -0.2045713067 -0.0571142398 -0.0669024438 -0.0412493832 -0.9969065189 0.2015825361 0.9779821634 -0.0539945588
61.9 -441.8 2430.0 0.9771839976 -0.0244875532 -0.2109782398 -0.0669024438 0.9072779417 -0.4151755869 0.2015825361 0.4198178947 0.8849391937
-164.8 -352.2 2410.1 0 0 0 0 0 0 0 0 0
-50.9 -467.5 2234.5 0 0 0 0 0 0 0 0 0
-177.3 -783.3 2258.5 0 0 0 0 0 0 0 0 0
71.5 -794.4 2266.8 0 0 0 0 0 0 0 0 0
-17.7 67.7 2527.8 7 0.9770647287 0.1646587998 0.1350261122 -0.2086941600 0.8664771914 0.4535019994 -0.0423239507 -0.4712799788 0.8809675574
-50.3 -103.6 2621.0 0.9770647287 0.1646587998 0.1350261122 -0.2086941600 0.8664771914 0.4535019994 -0.0423239507 -0.4712799788 0.8809675574
-83.2 -270.0 2718.5 0.9758167267 0.1677956730 0.1400941908 -0.2151401341 0.8506603241 0.4796787798 -0.0386845432 -0.4982184470 0.8661881089
-189.3 -73.0 2626.5 0.0250126366 -0.8568158150 -0.5150155425 0.8666822910 0.2753441036 -0.4159896970 0.4982330501 -0.4359498620 0.7494741678
-195.0 -273.3 2511.4 -0.2361167073 -0.8524098992 -0.4665257037 0.5753375888 0.2642694414 -0.7740467191 0.7830935717 -0.4511751235 0.4280250371
88.7 -134.1 2615.4 -0.2204886824 0.9525148869 0.2100002766 -0.8094789386 -0.0585761443 -0.5842196941 -0.5441769958 -0.2988046408 0.7839561105
25.6 -365.6 2459.8 -0.2963179350 0.9525148869 0.0700789914 -0.4041711688 -0.0585761443 -0.9128058553 -0.8653562069 -0.2988046408 0.4023362398
-198.7 -418.9 2823.5 0.9978346229 -0.0615591928 -0.0231635552 -0.0309676640 -0.1290112734 -0.9911594987 0.0580266193 0.9897305369 -0.1306382567
-174.1 -367.5 2428.9 0.9978346229 0.0068863323 -0.0654114932 -0.0309676640 0.9265651703 -0.3748572469 0.0580266193 0.3760711849 0.9247720838
-22.3 -457.3 2813.7 0.9732045531 -0.2213762254 -0.0621729195 -0.0795705467 -0.0705498010 -0.9943295717 0.2157346308 0.9726331830 -0.0862744153
64.3 -429.7 2433.2 0.9732045531 -0.0177491773 -0.2292550355 -0.0795705467 0.9094219804 -0.4081912935 0.2157346308 0.4154955745 0.8836413026
-163.5 -350.1 2406.8 0 0 0 0 0 0 0 0 0
-50.3 -469.2 2237.9 0 0 0 0 0 0 0 0 0
-177.3 -785.9 2259.1 0 0 0 0 0 0 0 0 0
71.4 -794.4 2266.6 0 0 0 0 0 0 0 0 0
-14.9 70.9 2527.5 8 0.9654269218 0.1767711937 0.1915798634 -0.2449221760 0.8667315245 0.4344992042 -0.0892413780 -0.4663993716 0.8800611496
-49.9 -100.9 2620.0 0.9654269218 0.1767711937 0.1915798634 -0.2449221760 0.8667315245 0.4344992042 -0.0892413780 -0.4663993716 0.8800611496
-84.8 -268.1 2715.6 0.9642356038 0.1785239428 0.1959053427 -0.2506925464 0.8542352319 0.4554508328 -0.0860403702 -0.4882739186 0.8684386015
-187.1 -65.3 2632.3 0.0798879266 -0.8637446165 -0.4975571334 0.8542789221 0.3165327013 -0.4123282135 0.5136393905 -0.3921125531 0.7631660104
-205.6 -262.7 2513.6 -0.1796105951 -0.8604328036 -0.4768600166 0.5669010282 0.3056288958 -0.7649929523 0.8039671779 -0.4077332616 0.4328860343
87.4 -136.4 2607.7 -0.2304626256 0.9578332901 0.1715879142 -0.8195590377 -0.0959962159 -0.5648961663 -0.5246045589 -0.2708138824 0.8071244359
22.3 -367.8 2459.6 -0.2862256765 0.9578332901 0.0251057576 -0.4011483192 -0.0959962159 -0.9109691381 -0.8701464534 -0.2708138824 0.4117097855
-204.3 -417.2 2819.6 0.9968111515 -0.0754631087 -0.0259381812 -0.0349166207 -0.1202058196 -0.9921347499 0.0717516541 0.9898766875 -0.1224574223
-174.4 -369.7 2428.4 0.9968111515 0.0052350662 -0.0796245188 -0.0349166207 0.9258620143 -0.3762450218 0.0717516541 0.3778254688 0.9230924249
-27.9 -456.1 2812.6 0.9695179462 -0.2354580760 -0.0677820891 -0.0860670879 -0.0682571158 -0.9939484000 0.2294065654 0.9694846272 -0.0864416957
64.3 -429.4 2433.1 0.9695179462 -0.0177119635 -0.2443792224 -0.0860670879 0.9092083573 -0.4073482454 0.2294065654 0.4159644544 0.8799694180
-181.6 -338.4 2406.3 0 0 0 0 0 0 0 0 0
-50.1 -469.3 2239.6 0 0 0 0 0 0 0 0 0
-176.8 -785.6 2258.7 0 0 0 0 0 0 0 0 0
71.4 -795.0 2265.8 0 0 0 0 0 0 0 0 0
-15.0 68.0 2527.4 9 0.9705626369 0.1825495809 0.1571108401 -0.2337642163 0.8710446358 0.4320133030 -0.0579867028 -0.4560228586 0.8880769610
-51.2 -104.9 2617.9 0.9705626369 0.1825495809 0.1571108401 -0.2337642163 0.8710446358 0.4320133030 -0.0579867028 -0.4560228586 0.8880769610
-87.7 -272.8 2711.7 0.9689939618 0.1867364943 0.1618028581 -0.2411079258 0.8577703834 0.4539790452 -0.0540152416 -0.4789149165 0.8761979342
-189.1 -70.7 2625.7 0.0540614240 -0.8529311419 -0.5192165375 0.8530324697 0.3097385466 -0.4199972451 0.5190501213 -0.4202028811 0.7443228364
-201.6 -267.9 2505.7 -0.2123656273 -0.8489838243 -0.4838670194 0.5620710254 0.2989268899 -0.7711802125 0.7993603945 -0.4357397854 0.4137074053
86.7 -139.1 2610.2 -0.2192518264 0.9538947344 0.2049718052 -0.8167813420 -0.0645407960 -0.5733260512 -0.5336636305 -0.2931199074 0.7932741046
25.1 -368.8 2460.2 -0.2940614522 0.9538947344 0.0601055063 -0.3965380490 -0.0645407960 -0.9157467484 -0.8696467280 -0.2931199074 0.3972345293
-206.9 -412.7 2819.1 0.9947584271 -0.0929015577 -0.0427201204 -0.0523730330 -0.1040819064 -0.9931887984 0.0878224000 0.9902203083 -0.1084018871
-170.3 -371.8 2429.6 0.9947584271 0.0148885418 -0.1011634320 -0.0523730330 0.9239054322 -0.3790194690 0.0878224000 0.3823310435 0.9198424816
-32.9 -457.9 2803.5 0.9655619860 -0.2446909994 -0.0884101689 -0.0909853354 0.0007824362 -0.9958519340 0.2437451780 0.9696007967 -0.0215078015
62.7 -458.2 2424.7 0.9655619860 -0.0228296891 -0.2591695487 -0.0909853354 0.9036143422 -0.4185723960 0.2437451780 0.4277382195 0.8704184890
-173.3 -342.9 2399.0 0 0 0 0 0 0 0 0 0
-49.9 -469.9 2238.5 0 0 0 0 0 0 0 0 0
-177.0 -785.0 2258.6 0 0 0 0 0 0 0 0 0
71.2 -794.4 2265.6 0 0 0 0 0 0 0 0 0
-17.2 66.6 2528.8 0 0.9714140296 0.1636701822 0.1719501764 -0.2243987769 0.8694323897 0.4401505888 -0.0774595290 -0.4661538601 0.8813061714
-49.6 -105.4 2621.1 0.9714140296 0.1636701822 0.1719501764 -0.2243987769 0.8694323897 0.4401505888 -0.0774595290 -0.4661538601 0.8813061714
-81.8 -272.5 2717.7 0.9704250693 0.1641776711 0.1769771874 -0.2295981497 0.8541595936 0.4665790796 -0.0745648965 -0.4934136868 0.8665927649
-187.8 -72.8 2631.7 0.0555857494 -0.8666759133 -0.4957651496 0.8598846197 0.2939104736 -0.4173907936 0.5074530840 -0.4030998349 0.7615785003
-200.6 -271.5 2514.4 -0.2002827078 -0.8629648089 -0.4638734162 0.5690376163 0.2829611301 -0.7720940709 0.7975481749 -0.4185985029 0.4343872070
88.5 -138.0 2610.4 -0.2146065384 0.9511252046 0.2220469862 -0.8234708309 -0.0539495684 -0.5647878051 -0.5252045989 -0.3040563762 0.7948017716
27.9 -370.4 2462.2 -0.3008933365 0.9511252046 0.0694552884 -0.3833649457 -0.0539495684 -0.9220199585 -0.8732092977 -0.3040563762 0.3808611333
-211.8 -419.0 2810.4 0.9929946065 -0.1080660671 -0.0477847084 -0.0603891648 -0.1165478677 -0.9913474321 0.1015618145 0.9872883558 -0.1222574264
-169.4 -373.3 2422.9 0.9929946065 0.0189314671 -0.1166329831 -0.0603891648 0.9297397137 -0.3632315397 0.1015618145 0.3677303493 0.9243698120
-36.9 -462.5 2800.6 0.9634785652 -0.2547974586 -0.0823851973 -0.0918439776 -0.0254298691 -0.9954486489 0.2515427470 0.9666600227 -0.0479027443
62.8 -452.6 2422.6 0.9634785652 -0.0221150592 -0.2668707371 -0.0918439776 0.9088451862 -0.4068968594 0.2515427470 0.4165468812 0.8736217618
-173.9 -347.5 2408.0 0 0 0 0 0 0 0 0 0
-49.7 -469.4 2236.9 0 0 0 0 0 0 0 0 0
-177.8 -787.3 2259.1 0 0 0 0 0 0 0 0 0
71.1 -795.7 2265.4 0 0 0 0 0 0 0 0 0
-17.7 66.1 2529.6 1 0.9740630388 0.1693038493 0.1501245201 -0.2190134525 0.8721630573 0.4374524653 -0.0568706729 -0.4589855671 0.8866216540
-51.0 -105.8 2620.0 0.9740630388 0.1693038493 0.1501245201 -0.2190134525 0.8721630573 0.4374524653 -0.0568706729 -0.4589855671 0.8866216540
-84.4 -273.5 2715.2 0.9730211496 0.1706087887 0.1553142667 -0.2243139446 0.8570430875 0.4638538063 -0.0539734848 -0.4861786962 0.8721910119
-189.5 -73.9 2627.7 0.0398562215 -0.8590585589 -0.5103232861 0.8580300212 0.2911518812 -0.4231017530 0.5120507479 -0.4210094512 0.7487022281
-198.8 -272.2 2509.4 -0.2208532691 -0.8549482226 -0.4693477750 0.5646673441 0.2802865505 -0.7762668729 0.7952198386 -0.4364664555 0.4208591878
87.5 -137.6 2612.3 -0.2216148227 0.9576579332 0.1837882847 -0.8100799918 -0.0758867040 -0.5813876390 -0.5428233743 -0.2777273357 0.7925971746
24.4 -368.3 2457.7 -0.2845987678 0.9576579332 0.0435292087 -0.3953618407 -0.0758867040 -0.9153853059 -0.8733227253 -0.2777273357 0.4002186656
-201.5 -419.0 2821.0 0.9957027435 -0.0788376108 -0.0485868044 -0.0515935160 -0.0365591273 -0.9979987741 0.0769035518 0.9962168932 -0.0404695347
-168.9 -403.9 2408.4 0.9957027435 0.0201644525 -0.0903849676 -0.0515935160 0.9312925935 -0.3605997860 0.0769035518 0.3637134731 0.9283309579
-26.3 -460.5 2807.5 0.9722253680 -0.2253339440 -0.0632645860 -0.0741385147 -0.0401179679 -0.9964407086 0.2219938636 0.9734552503 -0.0557096303
61.9 -444.8 2426.7 0.9722253680 -0.0258464646 -0.2326150388 -0.0741385147 0.9086914659 -0.4108324647 0.2219938636 0.4166674912 0.8815366626
-169.3 -347.6 2403.2 0 0 0 0 0 0 0 0 0
-48.8 -470.1 2232.9 0 0 0 0 0 0 0 0 0
-177.2 -786.6 2258.9 0 0 0 0 0 0 0 0 0
71.8 -793.8 2266.7 0 0 0 0 0 0 0 0 0
-16.0 66.4 2536.9 2 0.9740254283 0.1759006977 0.1425953507 -0.2189720273 0.8920659423 0.3953094482 -0.0576692522 -0.4162658453 0.9074122310
-50.4 -108.1 2618.4 0.9740254283 0.1759006977 0.1425953507 -0.2189720273 0.8920659423 0.3953094482 -0.0576692522 -0.4162658453 0.9074122310
-85.4 -280.1 2704.8 0.9727967381 0.1786182225 0.1475197673 -0.2251109332 0.8792030811 0.4199131131 -0.0546957031 -0.4416984022 0.8954947591
-188.9 -76.1 2626.1 0.0372157954 -0.8535478711 -0.5196835995 0.8317196369 0.3147330880 -0.4573680162 0.5539470911 -0.4152097404 0.7216255665
-197.5 -268.3 2498.1 -0.2274695784 -0.8493085504 -0.4763744175 0.5258171558 0.3046234846 -0.7941793799 0.8196181655 -0.4311375022 0.3772884011
88.1 -140.2 2610.6 -0.2283006608 0.9568359256 0.1798439026 -0.7980842590 -0.0781259537 -0.5974594951 -0.5576202273 -0.2799309790 0.7814719081
23.1 -367.7 2451.7 -0.2813463211 0.9584949017 0.0461714305 -0.4074161351 -0.0757485554 -0.9100957513 -0.8688247204 -0.2748630643 0.4118178785
-205.7 -421.0 2815.2 0.9946558475 -0.0923135653 -0.0462380648 -0.0556295030 -0.1019006222 -0.9932379723 0.0869776458 0.9905021191 -0.1064914092
-168.6 -380.1 2417.1 0.9946558475 0.0203786585 -0.1012149379 -0.0556295030 0.9316382408 -0.3591038585 0.0869776458 0.3628152907 0.9277930856
-29.9 -461.6 2805.5 0.9669311643 -0.2404830754 -0.0849236995 -0.0901912078 -0.0109621827 -0.9958641529 0.2385575175 0.9705914259 -0.0322891325
64.2 -457.3 2425.7 0.9669311643 -0.0215524994 -0.2541252375 -0.0901912078 0.9031392336 -0.4197678268 0.2385575175 0.4288064539 0.8713296652
-167.1 -338.5 2388.7 0 0 0 0 0 0 0 0 0
-48.5 -471.3 2230.6 0 0 0 0 0 0 0 0 0
-177.5 -785.3 2259.3 0 0 0 0 0 0 0 0 0
72.2 -793.2 2266.3 0 0 0 0 0 0 0 0 0
-16.7 64.3 2534.6 3 0.9779275656 0.1615407765 0.1325226426 -0.2023816258 0.8900274038 0.4085252881 -0.0519552827 -0.4263283014 0.9030752182
-48.5 -110.8 2618.5 0.9779275656 0.1615407765 0.1325226426 -0.2023816258 0.8900274038 0.4085252881 -0.0519552827 -0.4263283014 0.9030752182
-80.5 -281.8 2707.9 0.9769009948 0.1631345898 0.1380275637 -0.2079605162 0.8743694425 0.4384409487 -0.0491622090 -0.4570176601 0.8880979419
-187.6 -81.2 2625.5 0.0207588095 -0.8584467769 -0.5124823451 0.8419892788 0.2914066613 -0.4540223181 0.5390947461 -0.4220796824 0.7288522124
-192.4 -275.8 2500.9 -0.2387153804 -0.8539909124 -0.4622926414 0.5360028148 0.2810957432 -0.7960440516 0.8097628951 -0.4378181100 0.3906396627
90.6 -140.4 2611.4 -0.2432754487 0.9529529214 0.1808252782 -0.7876836658 -0.0853079408 -0.6101450324 -0.5660136938 -0.2908664346 0.7713788152
19.6 -370.2 2446.3 -0.2698291242 0.9619176984 0.0436640568 -0.4061077237 -0.0725679398 -0.9109392762 -0.8730800748 -0.2635302544 0.4102231562
-208.2 -431.7 2796.1 0.9930225015 -0.1000574380 -0.0624081194 -0.0640526041 -0.0133047896 -0.9978578091 0.0990127698 0.9948927164 -0.0196208954
-168.7 -426.4 2402.9 0.9930225015 0.0228100810 -0.1156977266 -0.0640526041 0.9280999303 -0.3667802215 0.0990127698 0.3716317713 0.9230852127
-32.4 -472.4 2786.2 0.9612332582 -0.2511472702 -0.1138232052 -0.1034380719 0.0542160831 -0.9931572080 0.2555997372 0.9664293528 0.0261361133
65.7 -493.6 2408.7 0.9612332582 -0.0170335136 -0.2752099633 -0.1034380719 0.9029250145 -0.4171654582 0.2555997372 0.4294604957 0.8661596179
-160.6 -347.3 2392.8 0 0 0 0 0 0 0 0 0
-47.7 -471.6 2228.4 0 0 0 0 0 0 0 0 0
-177.5 -786.2 2258.8 0 0 0 0 0 0 0 0 0
71.4 -794.3 2265.7 0 0 0 0 0 0 0 0 0
-17.0 62.6 2531.9 4 0.9810057878 0.1528681666 0.1194109470 -0.1896418184 0.8852545023 0.4246886969 -0.0407876931 -0.4392673969 0.8974299431
-47.1 -111.5 2618.4 0.9810057878 0.1528681666 0.1194109470 -0.1896418184 0.8852545023 0.4246886969 -0.0407876931 -0.4392673969 0.8974299431
-77.7 -281.9 2709.8 0.9799308777 0.1559431255 0.1241659820 -0.1957528591 0.8704181910 0.4517222941 -0.0376333371 -0.4669624865 0.8834759593
-186.7 -83.7 2623.8 0.0048690503 -0.8582535386 -0.5132028461 0.8491265774 0.2746116817 -0.4511900544 0.5281669497 -0.4335772991 0.7301030159
-187.8 -280.0 2501.7 -0.2530786097 -0.8535198569 -0.4554723501 0.5433084369 0.2641563416 -0.7968923450 0.8004793525 -0.4491383731 0.3968721926
92.5 -139.4 2613.0 -0.1928598583 0.9091852903 0.3690354526 -0.8100922108 0.0646856800 -0.5827232599 -0.5536746979 -0.4113366604 0.7240486741
38.0 -368.3 2456.5 -0.3635005355 0.9091852903 0.2030995637 -0.3585397303 0.0646856800 -0.9312706590 -0.8598352075 -0.4113366604 0.3024657667
-200.7 -434.1 2801.8 0.9973565936 -0.0667369664 -0.0287396144 -0.0336023718 -0.0729239583 -0.9967712760 0.0644256845 0.9951021671 -0.0749737173
-174.5 -405.5 2411.2 0.9973565936 0.0072211777 -0.0723024383 -0.0336023718 0.9280943274 -0.3708258271 0.0644256845 0.3722751439 0.9258836508
-24.2 -471.7 2792.9 0.9697259665 -0.2297069877 -0.0828631222 -0.0885844305 -0.0146892937 -0.9959603548 0.2275618464 0.9731490016 -0.0345930532
65.4 -466.0 2413.2 0.9697259665 -0.0133102117 -0.2438327968 -0.0885844305 0.9113232493 -0.4020481408 0.2275618464 0.4114763141 0.8825547099
-154.0 -352.5 2394.8 0 0 0 0 0 0 0 0 0
-53.4 -458.4 2240.3 0 0 0 0 0 0 0 0 0
-177.5 -785.8 2258.6 0 0 0 0 0 0 0 0 0
70.2 -794.4 2264.9 0 0 0 0 0 0 0 0 0
-17.4 61.0 2531.1 5 0.9836310744 0.1454999596 0.1062998697 -0.1775108576 0.8838426471 0.4327955842 -0.0309806187 -0.4445805550 0.8952029347
-46.0 -112.5 2618.4 0.9836310744 0.1454999596 0.1062998697 -0.1775108576 0.8838426471 0.4327955842 -0.0309806187 -0.4445805550 0.8952029347
-75.0 -282.6 2710.8 0.9827657938 0.1479625106 0.1108083799 -0.1826793849 0.8690686822 0.4597258568 -0.0282779094 -0.4720452428 0.8811206818
-186.0 -86.6 2622.5 -0.0109457951 -0.8583160043 -0.5130047202 0.8528998494 0.2597860098 -0.4528499544 0.5219597816 -0.4424984455 0.7292140126
-183.4 -283.7 2501.8 -0.2669496834 -0.8533141017 -0.4478760362 0.5455743670 0.2492840588 -0.8001287580 0.7944095135 -0.4579437971 0.3989999890
94.0 -138.4 2614.3 -0.1977465749 0.9176229835 0.3447671235 -0.8123917580 0.0434081964 -0.5814940929 -0.5485580564 -0.3950744271 0.7368854880
38.4 -366.9 2460.1 -0.3527360260 0.9176229835 0.1831539571 -0.3691197634 0.0434081964 -0.9283675551 -0.8598417640 -0.3950744271 0.3234011233
-196.8 -434.5 2804.6 0.9977024794 -0.0614121333 -0.0286065079 -0.0351590067 -0.1084172130 -0.9934835434 0.0579105057 0.9922067523 -0.1103273109
-172.7 -392.1 2415.8 0.9977024794 0.0112070339 -0.0668145567 -0.0351590067 0.9286687970 -0.3692399859 0.0579105057 0.3707407713 0.9269291759
-19.7 -469.9 2797.8 0.9687311053 -0.2268097103 -0.1005855575 -0.1006363779 0.0113698430 -0.9948583245 0.2267871648 0.9738727212 -0.0118109873
68.9 -474.4 2417.2 0.9687311053 -0.0062741176 -0.2480337322 -0.1006363779 0.9038193226 -0.4159122109 0.2267871648 0.4278683066 0.8749264479
-147.8 -356.5 2395.8 0 0 0 0 0 0 0 0 0
-51.8 -461.3 2240.1 0 0 0 0 0 0 0 0 0
-177.5 -785.0 2258.9 0 0 0 0 0 0 0 0 0
71.2 -793.2 2266.3 0 0 0 0 0 0 0 0 0
-17.2 61.9 2529.7 6 0.9829383492 0.1362382174 0.1235771701 -0.1776588708 0.8772150278 0.4460169375 -0.0476391986 -0.4603617489 0.8864522576
-43.9 -109.9 2619.9 0.9829383492 0.1362382174 0.1235771701 -0.1776588708 0.8772150278 0.4460169375 -0.0476391986 -0.4603617489 0.8864522576
-71.0 -278.6 2715.3 0.9821049571 0.1383714378 0.1277622133 -0.1829375029 0.8621221185 0.4725243747 -0.0447627492 -0.4874410331 0.8720077276
-183.7 -84.0 2626.3 -0.0011322217 -0.8668840528 -0.4985085130 0.8604094386 0.2531968355 -0.4422521591 0.5096021295 -0.4294221699 0.7455885410
-183.5 -282.8 2508.5 -0.2516497076 -0.8621796370 -0.4396802187 0.5570493340 0.2424717396 -0.7942943573 0.7914344072 -0.4448075294 0.4192586541
96.0 -135.9 2613.5 -0.1865194887 0.8860760331 0.4243580401 -0.8118609786 0.1042280644 -0.5744721889 -0.5532560349 -0.4516699910 0.6999300122
44.7 -359.3 2461.2 -0.3816650212 0.8860760331 0.2630609870 -0.3889270127 0.1042280644 -0.9153536558 -0.8384912610 -0.4516699910 0.3048386872
-192.8 -436.2 2805.8 0.9978996515 -0.0588666797 -0.0270376354 -0.0375108942 -0.1848178953 -0.9820566773 0.0528133772 0.9810081720 -0.1866378486
-169.8 -364.0 2422.6 0.9978996515 0.0157831162 -0.0628268495 -0.0375108942 0.9315050840 -0.3617888391 0.0528133772 0.3633856475 0.9301406741
-15.2 -469.2 2800.7 0.9723122716 -0.2139046341 -0.0940941051 -0.0942601115 0.0094466396 -0.9955027699 0.2138315290 0.9768088460 -0.0109775923
68.5 -472.9 2418.5 0.9723122716 -0.0068496023 -0.2335850447 -0.0942601115 0.9031510949 -0.4188473821 0.2138315290 0.4292682111 0.8774992228
-149.9 -357.2 2402.8 0 0 0 0 0 0 0 0 0
-53.7 -459.5 2245.1 0 0 0 0 0 0 0 0 0
-177.0 -786.3 2257.9 0 0 0 0 0 0 0 0 0
70.9 -793.9 2266.0 0 0 0 0 0 0 0 0 0
-17.4 59.9 2531.5 7 0.9839648604 0.1280891895 0.1241223738 -0.1707584560 0.8775256276 0.4480963051 -0.0515242778 -0.4621059299 0.8853266835
-42.5 -111.9 2622.0 0.9839648604 0.1280891895 0.1241223738 -0.1707584560 0.8775256276 0.4480963051 -0.0515242778 -0.4621059299 0.8853266835
-67.5 -279.8 2719.3 0.9833671451 0.1276075989 0.1292490512 -0.1748152226 0.8580517173 0.4828943014 -0.0492813848 -0.4974570870 0.8660876155
-182.5 -87.1 2629.0 -0.0054050349 -0.8718479276 -0.4897468388 0.8657517433 0.2410184294 -0.4386160672 0.5004445314 -0.4263699055 0.7535011172
-181.3 -287.2 2513.4 -0.2514073551 -0.8671491146 -0.4299380481 0.5632365346 0.2301713824 -0.7935904264 0.7871206999 -0.4416712821 0.4305433035
97.6 -136.7 2614.9 -0.1871683300 0.8924273849 0.4105379283 -0.8163009286 0.0911877751 -0.5703837276 -0.5464620590 -0.4418802559 0.7114218473
45.6 -363.4 2463.1 -0.3807465732 0.8924273849 0.2420855612 -0.3732720912 0.0911877751 -0.9232295156 -0.8459905386 -0.4418802559 0.2983987927
-186.9 -430.9 2814.8 0.9985476732 -0.0429459959 -0.0325302221 -0.0359144062 -0.0805371925 -0.9961043596 0.0401588008 0.9958260059 -0.0819626078
-169.4 -398.1 2409.3 0.9985476732 0.0189706217 -0.0504250862 -0.0359144062 0.9320486784 -0.3605487645 0.0401588008 0.3618361056 0.9313763380
-9.3 -464.0 2806.7 0.9793795347 -0.1903648973 -0.0676534250 -0.0711624771 -0.0116501087 -0.9973967075 0.1890811473 0.9816442728 -0.0249567162
65.1 -459.4 2422.6 0.9793795347 -0.0159113500 -0.2014016062 -0.0711624771 0.9058336020 -0.4176138937 0.1890811473 0.4233347178 0.8860225677
-147.7 -362.4 2408.3 0 0 0 0 0 0 0 0 0
-53.9 -461.0 2242.0 0 0 0 0 0 0 0 0 0
-177.2 -784.9 2259.1 0 0 0 0 0 0 0 0 0
71.0 -793.8 2266.3 0 0 0 0 0 0 0 0 0
-17.3 62.4 2530.4 8 0.9855267406 0.1239640787 0.1156286448 -0.1630172879 0.8801444173 0.4458375871 -0.0465020575 -0.4582343102 0.8876141310
-41.6 -110.5 2620.4 0.9855267406 0.1239640787 0.1156286448 -0.1630172879 0.8801444173 0.4458375871 -0.0465020575 -0.4582343102 0.8876141310
-66.1 -279.3 2716.5 0.9849281907 0.1243689507 0.1202031970 -0.1672169566 0.8623316288 0.4779358208 -0.0442146398 -0.4908324778 0.8701313138
-181.9 -86.8 2626.7 -0.0149816331 -0.8709087372 -0.4912164211 0.8622663021 0.2374730110 -0.4473292232 0.5062335730 -0.4302610755 0.7473974824
-178.4 -286.1 2509.7 -0.2605337799 -0.8660332561 -0.4267417789 0.5560026765 0.2267651558 -0.7996490598 0.7892928123 -0.4456051588 0.4224368334
98.6 -134.2 2614.1 -0.1906039715 0.9000542760 0.3918831050 -0.8224572539 0.0715296343 -0.5643115640 -0.5359423161 -0.4298671484 0.7266223431
45.0 -365.9 2463.1 -0.3767103851 0.9000542760 0.2190697044 -0.3681791127 0.0715296343 -0.9269992709 -0.8500196338 -0.4298671484 0.3044352531
-181.4 -432.0 2821.2 0.9990407228 -0.0296802223 -0.0321990252 -0.0333103016 -0.0377403609 -0.9987322688 0.0284273922 0.9988467097 -0.0386928134
-168.9 -416.2 2402.1 0.9990407228 0.0207215175 -0.0385786407 -0.0333103016 0.9314672351 -0.3622971773 0.0284273922 0.3632346988 0.9312638640
-3.6 -463.6 2812.3 0.9837759733 -0.1731938869 -0.0467834547 -0.0560933426 -0.0492532291 -0.9972099066 0.1704064310 0.9836554527 -0.0581691675
64.1 -444.4 2427.5 0.9837759733 -0.0203349292 -0.1782450676 -0.0560933426 0.9088745117 -0.4132803380 0.1704064310 0.4165736437 0.8929882646
-143.7 -360.3 2404.4 0 0 0 0 0 0 0 0 0
-53.9 -462.5 2240.0 0 0 0 0 0 0 0 0 0
-177.1 -784.9 2258.3 0 0 0 0 0 0 0 0 0
71.9 -793.1 2267.7 0 0 0 0 0 0 0 0 0
-15.2 64.5 2528.8 9 0.9866312742 0.1219247729 0.1081345975 -0.1579386145 0.8789438605 0.4500145316 -0.0401763245 -0.4610770345 0.8864501119
-39.3 -109.1 2619.9 0.9866312742 0.1219247729 0.1081345975 -0.1579386145 0.8789438605 0.4500145316 -0.0401763245 -0.4610770345 0.8864501119
-63.2 -277.7 2716.5 0.9861747622 0.1215671226 0.1126088947 -0.1612010747 0.8612194657 0.4819909632 -0.0383867137 -0.4934799969 0.8689096570
-179.8 -86.3 2625.4 -0.0230508000 -0.8700894713 -0.4923544824 0.8640769720 0.2303636372 -0.4475528300 0.5028315783 -0.4357486069 0.7465142608
-174.4 -286.0 2509.2 -0.2681760788 -0.8650661111 -0.4239601493 0.5573589802 0.2196282148 -0.8006961942 0.7857687473 -0.4510255754 0.4232533276
101.1 -132.0 2614.4 -0.2002063692 0.9157507420 0.3483073413 -0.8165112138 0.0405362509 -0.5759047270 -0.5415042639 -0.3996966481 0.7396051288
43.6 -366.6 2458.8 -0.3570372164 0.9157507420 0.1841874123 -0.3740102649 0.0405362509 -0.9265382290 -0.8559443355 -0.3996966481 0.3280272186
-179.4 -433.0 2816.6 0.9992393255 -0.0266828015 -0.0284387954 -0.0313694999 -0.1167587191 -0.9926647544 0.0231666006 0.9928017855 -0.1175069287
-168.6 -385.8 2415.2 0.9992393255 0.0208250768 -0.0329704881 -0.0313694999 0.9315151572 -0.3623472452 0.0231666006 0.3631058931 0.9314598441
-1.4 -463.3 2808.6 0.9850911498 -0.1666670889 -0.0426320285 -0.0495666228 -0.0376697816 -0.9980601668 0.1647378504 0.9852933884 -0.0453692935
63.8 -448.5 2423.0 0.9850911498 -0.0225095320 -0.1705541909 -0.0495666228 0.9122239947 -0.4066823423 0.1647378504 0.4090729952 0.8975080848
-138.6 -360.4 2404.3 0 0 0 0 0 0 0 0 0
-51.4 -466.1 2231.1 0 0 0 0 0 0 0 0 0
-177.6 -787.3 2258.7 0 0 0 0 0 0 0 0 0
72.4 -793.8 2268.1 0 0 0 0 0 0 0 0 0
-16.6 65.0 2530.1 0 0.9879015684 0.1169205755 0.1018828526 -0.1506488025 0.8794748187 0.4514742494 -0.0368167721 -0.4613606334 0.8864484429
-39.7 -108.6 2621.1 0.9879015684 0.1169205755 0.1018828526 -0.1506488025 0.8794748187 0.4514742494 -0.0368167721 -0.4613606334 0.8864484429
-62.6 -277.3 2717.7 0.9875138402 0.1164243445 0.1061213315 -0.1535420865 0.8619936705 0.4831062853 -0.0352305882 -0.4933682680 0.8691067696
-180.4 -86.8 2626.2 -0.0313497260 -0.8704763651 -0.4912108481 0.8640190363 0.2234659195 -0.4511475265 0.5024821758 -0.4385588765 0.7451025248
-173.1 -286.5 2510.1 -0.2749740481 -0.8653215766 -0.4190558493 0.5554878712 0.2127653807 -0.8038433194 0.7847435474 -0.4538165033 0.4221706986
100.9 -130.4 2616.1 -0.2004559338 0.9205706716 0.3352119923 -0.8228238821 0.0275223982 -0.5676295757 -0.5317689776 -0.3896051645 0.7519505024
43.5 -366.3 2463.6 -0.3506008387 0.9205706716 0.1721299738 -0.3813826442 0.0275223982 -0.9240074754 -0.8553515673 -0.3896051645 0.3414402902
-176.1 -431.8 2816.6 0.9994366765 -0.0209087376 -0.0262520369 -0.0290860366 -0.1493830532 -0.9883515239 0.0167435724 0.9885582924 -0.1499070525
-167.8 -372.3 2423.4 0.9994366765 0.0207808763 -0.0263533667 -0.0290860366 0.9280838370 -0.3712336123 0.0167435724 0.3717910051 0.9281654358
2.1 -460.9 2809.7 0.9855694175 -0.1612749696 -0.0514126718 -0.0548444577 -0.0168971121 -0.9983519316 0.1601404399 0.9867648482 -0.0254983138
65.3 -454.3 2423.4 0.9855694175 -0.0175452717 -0.1683598459 -0.0548444577 0.9078615904 -0.4156673849 0.1601404399 0.4189026654 0.8937984109
-136.4 -360.7 2405.3 0 0 0 0 0 0 0 0 0
-50.9 -468.9 2233.4 0 0 0 0 0 0 0 0 0
-177.1 -785.7 2257.8 0 0 0 0 0 0 0 0 0
71.8 -792.8 2267.2 0 0 0 0 0 0 0 0 0
-17.0 64.0 2530.2 1 0.9888845682 0.1081562117 0.1020269394 -0.1429014057 0.8808761239 0.4512609243 -0.0410664268 -0.4608247578 0.8865405321
-38.3 -109.8 2621.1 0.9888845682 0.1081562117 0.1020269394 -0.1429014057 0.8808761239 0.4512609243 -0.0410664268 -0.4608247578 0.8865405321
-59.6 -278.8 2717.5 0.9884871840 0.1080882549 0.1058773696 -0.1461075842 0.8637216687 0.4823250473 -0.0393149033 -0.4922415912 0.8695703149
-179.1 -89.1 2626.7 -0.0358453058 -0.8738068342 -0.4849502444 0.8628585339 0.2177521735 -0.4561349452 0.5041728020 -0.4347937703 0.7461662889
-170.8 -288.5 2510.2 -0.2760702372 -0.8686314821 -0.4114177823 0.5520128608 0.2071177810 -0.8077029586 0.7868081331 -0.4500906467 0.4223166704
102.5 -130.5 2615.4 -0.1940858662 0.9067338109 0.3743854463 -0.8204303384 0.0591899157 -0.5686744452 -0.5377961993 -0.4175288379 0.7324240208
49.0 -356.6 2467.2 -0.3637986183 0.9067338109 0.2132706046 -0.3909366131 0.0591899157 -0.9185124636 -0.8454697728 -0.4175288379 0.3329422474
-174.7 -432.2 2817.6 0.9996150136 -0.0154877864 -0.0230208412 -0.0253775436 -0.1749429107 -0.9842514992 0.0112165436 0.9844567776 -0.1752686054
-168.6 -363.2 2429.1 0.9996150136 0.0193236545 -0.0199104752 -0.0253775436 0.9268594980 -0.3745497167 0.0112165436 0.3749108016 0.9269930124
3.9 -460.0 2811.2 0.9849001765 -0.1620488465 -0.0609244630 -0.0630511269 -0.0080085928 -0.9979781508 0.1612332910 0.9867502451 -0.0181050282
67.3 -456.9 2424.8 0.9849001765 -0.0116979703 -0.1727274656 -0.0630511269 0.9049556255 -0.4208086431 0.1612332910 0.4253451824 0.8905533552
-134.0 -362.2 2405.2 0 0 0 0 0 0 0 0 0
-49.5 -462.5 2238.3 0 0 0 0 0 0 0 0 0
-177.3 -784.3 2258.7 0 0 0 0 0 0 0 0 0
71.7 -792.7 2266.9 0 0 0 0 0 0 0 0 0
-16.4 65.1 2528.7 2 0.9898412824 0.1131551191 0.0860824063 -0.1400670260 0.8800187707 0.4538151920 -0.0244026203 -0.4612623155 0.8869282007
-38.7 -108.2 2619.6 0.9898412824 0.1131551191 0.0860824063 -0.1400670260 0.8800187707 0.4538151920 -0.0244026203 -0.4612623155 0.8869282007
-61.2 -278.0 2714.2 0.9894140363 0.1146836877 0.0889242291 -0.1433446407 0.8678945303 0.4756168127 -0.0226313621 -0.4833287597 0.8751463294
-179.6 -87.9 2622.8 -0.0471840426 -0.8663943410 -0.4971262813 0.8587083817 0.2190611511 -0.4632840455 0.5102877021 -0.4487461150 0.7336438894
-168.7 -286.3 2504.9 -0.2916505039 -0.8609163165 -0.4168490171 0.5450198054 0.2085622400 -0.8120684624 0.7860619426 -0.4640311599 0.4083891511
102.2 -128.5 2616.3 -0.2017994523 0.9266085625 0.3172908723 -0.8310780525 0.0094179586 -0.5560760498 -0.5182530880 -0.3759093285 0.7681835294
45.3 -362.6 2470.3 -0.3451532722 0.9266085625 0.1492170691 -0.3753983378 0.0094179586 -0.9268157482 -0.8602007031 -0.3759093285 0.3445966840
-170.1 -434.8 2817.4 0.9997114539 -0.0043291016 -0.0236287732 -0.0239174850 -0.0876894668 -0.9958606958 0.0022391879 0.9961384535 -0.0877676979
-168.3 -399.2 2413.3 0.9997114539 0.0213993546 -0.0109145595 -0.0239174850 0.9290382266 -0.3692099154 0.0022391879 0.3693644404 0.9292819500
8.6 -461.2 2810.3 0.9875269532 -0.1478195488 -0.0542213507 -0.0554218665 -0.0040117204 -0.9984549880 0.1473736465 0.9890062213 -0.0121541172
66.5 -459.6 2423.0 0.9875269532 -0.0125385551 -0.1569501758 -0.0554218665 0.9053472281 -0.4210401773 0.1473736465 0.4244869947 0.8933598399
-129.8 -359.1 2400.0 0 0 0 0 0 0 0 0 0
-49.2 -465.5 2234.7 0 0 0 0 0 0 0 0 0
-177.2 -785.2 2259.9 0 0 0 0 0 0 0 0 0
71.1 -793.7 2266.4 0 0 0 0 0 0 0 0 0
-16.1 68.5 2513.0 3 0.9878640771 0.0947348773 0.1230846494 -0.1445135623 0.8510349393 0.5048320293 -0.0569241345 -0.5164928436 0.8543972969
-35.0 -100.8 2615.8 0.9878640771 0.0947348773 0.1230846494 -0.1445135623 0.8510349393 0.5048320293 -0.0569241345 -0.5164928436 0.8543972969
-54.5 -264.8 2720.4 0.9870635271 0.1002294645 0.1251385510 -0.1514532566 0.8389955163 0.5226360559 -0.0526071452 -0.5348276496 0.8433219194
-175.4 -79.2 2623.2 -0.0230759252 -0.8820153475 -0.4706553519 0.8859289289 0.2001044899 -0.4184353948 0.4632466733 -0.4266229570 0.7767852545
-170.1 -283.9 2516.1 -0.2582481205 -0.8771861792 -0.4047867954 0.5897280574 0.1887374669 -0.7852381468 0.7651984692 -0.4415004253 0.4685601890
105.5 -122.5 2608.4 -0.2056112587 0.9234344959 0.3240258992 -0.8525823355 -0.0064757126 -0.5225527883 -0.4804449677 -0.3837015033 0.7886354327
47.1 -364.5 2472.0 -0.3595090508 0.9234344959 0.1342461109 -0.3643696010 -0.0064757126 -0.9312319160 -0.8590623140 -0.3837015033 0.3387995064
-170.6 -430.7 2815.7 0.9999429584 0.0036314409 -0.0100450199 -0.0097521637 -0.0732375234 -0.9972668290 -0.0043571880 0.9973078966 -0.0731979311
-172.1 -401.2 2413.6 0.9999429584 0.0106747029 0.0003748313 -0.0097521637 0.9267150760 -0.3756381869 -0.0043571880 0.3756131232 0.9267663360
6.2 -460.2 2807.4 0.9849120378 -0.1579367071 -0.0707404912 -0.0663815662 0.0327125117 -0.9972579479 0.1598177403 0.9869072437 0.0217348617
68.1 -473.1 2420.6 0.9849120378 -0.0091692274 -0.1728124619 -0.0663815662 0.9021908641 -0.4261984229 0.1598177403 0.4312395453 0.8879700303
-135.6 -362.6 2414.0 0 0 0 0 0 0 0 0 0
-51.8 -464.7 2235.8 0 0 0 0 0 0 0 0 0
-176.5 -784.6 2258.2 0 0 0 0 0 0 0 0 0
71.4 -794.3 2267.0 0 0 0 0 0 0 0 0 0
-18.0 66.2 2520.6 4 0.9908261299 0.1065381244 0.0831456184 -0.1335869431 0.8652005792 0.4833037555 -0.0204473622 -0.4899771512 0.8714954257
-39.1 -104.6 2617.4 0.9908261299 0.1065381244 0.0831456184 -0.1335869431 0.8652005792 0.4833037555 -0.0204473622 -0.4899771512 0.8714954257
-60.8 -271.0 2717.7 0.9900285602 0.1115395427 0.0860371888 -0.1398639828 0.8510820866 0.5060605407 -0.0167789496 -0.5130479336 0.8581959605
-179.9 -84.7 2619.7 -0.0513025075 -0.8668460250 -0.4959294200 0.8756864667 0.1997017115 -0.4396503568 0.4801471233 -0.4568338394 0.7488401532
-168.0 -287.0 2508.7 -0.2947338820 -0.8613084555 -0.4138594866 0.5707237124 0.1887021065 -0.7991657853 0.7664244175 -0.4717406631 0.4359522760
101.8 -124.6 2615.0 -0.1832752973 0.9074283242 0.3781321943 -0.8419625163 0.0536609553 -0.5368609428 -0.5074537396 -0.4167664647 0.7541859150
49.8 -363.5 2471.0 -0.3693107069 0.9074283242 0.2004579604 -0.3712959588 0.0536609553 -0.9269626737 -0.8519089818 -0.4167664647 0.3171069324
-164.5 -416.7 2828.3 0.9998520613 0.0157207008 -0.0069806715 -0.0070426655 0.0038915570 -0.9999676347 -0.0156930257 0.9998688698 0.0040016971
-171.1 -418.4 2406.7 0.9998520613 0.0124045862 0.0119162267 -0.0070426655 0.9272649884 -0.3743395209 -0.0156930257 0.3742001951 0.9272151589
15.4 -442.3 2820.5 0.9888820052 -0.1370086968 -0.0578015223 -0.0565562695 0.0129675036 -0.9983152151 0.1375274062 0.9904849529 0.0050746300
69.1 -447.4 2432.5 0.9888820052 -0.0080502778 -0.1484843194 -0.0565562695 0.9031327367 -0.4256203473 0.1375274062 0.4292860329 0.8926364183
-128.7 -363.2 2406.4 0 0 0 0 0 0 0 0 0
-51.5 -465.3 2237.5 0 0 0 0 0 0 0 0 0
-176.0 -784.8 2258.8 0 0 0 0 0 0 0 0 0
72.2 -794.5 2267.5 0 0 0 0 0 0 0 0 0
-12.5 74.2 2515.5 5 0.9844021797 0.1501244754 0.0917331576 -0.1758179516 0.8582805395 0.4821229577 -0.0063543199 -0.4907312393 0.8712878227
-42.4 -96.3 2613.0 0.9844021797 0.1501244754 0.0917331576 -0.1758179516 0.8582805395 0.4821229577 -0.0063543199 -0.4907312393 0.8712878227
-72.3 -262.0 2712.4 0.9836413264 0.1531607509 0.0948238075 -0.1800970882 0.8473842740 0.4995046854 -0.0038476919 -0.5084109306 0.8611059785
-182.3 -70.7 2613.5 -0.0221402962 -0.8516423106 -0.5236555338 0.8755801320 0.2363042235 -0.4213309288 0.4825652838 -0.4678307772 0.7404492497
-177.2 -273.0 2502.0 -0.2817013264 -0.8463539481 -0.4520280957 0.5799326301 0.2251334041 -0.7829387784 0.7644099593 -0.4827007055 0.4274078608
97.6 -122.0 2612.5 -0.1688974351 0.9016978145 0.3980134428 -0.8466047645 0.0740615800 -0.5270438790 -0.5047118068 -0.4259764254 0.7508728504
49.4 -363.3 2468.6 -0.3692387044 0.9016978145 0.2249529213 -0.3806893229 0.0740615800 -0.9217323661 -0.8477844000 -0.4259764254 0.3159203231
-172.5 -425.7 2818.8 0.9996601939 -0.0116403997 -0.0233239196 -0.0247540716 -0.1434952915 -0.9893413782 0.0081694564 0.9895825386 -0.1437346786
-167.9 -368.0 2421.3 0.9996601939 0.0201024096 -0.0165950954 -0.0247540716 0.9315916300 -0.3626627326 0.0081694564 0.3629502952 0.9317727089
7.1 -450.1 2816.7 0.9873524308 -0.1508510858 -0.0487765931 -0.0510151833 -0.0110031655 -0.9986372590 0.1501088142 0.9884952903 -0.0185596980
66.1 -445.8 2429.6 0.9873524308 -0.0174859539 -0.1575736254 -0.0510151833 0.9059970975 -0.4201984107 0.1501088142 0.4229225516 0.8936463594
-139.6 -350.4 2399.9 0 0 0 0 0 0 0 0 0
-50.9 -466.7 2238.3 0 0 0 0 0 0 0 0 0
-176.9 -786.5 2258.2 0 0 0 0 0 0 0 0 0
72.9 -794.7 2266.7 0 0 0 0 0 0 0 0 0
-13.7 75.5 2506.4 6 0.9843943119 0.1234522760 0.1254090220 -0.1707722545 0.8421902657 0.5114219189 -0.0424820557 -0.5248571634 0.8501295447
-38.2 -91.9 2610.7 0.9843943119 0.1234522760 0.1254090220 -0.1707722545 0.8421902657 0.5114219189 -0.0424820557 -0.5248571634 0.8501295447
-62.9 -254.1 2717.0 0.9836442471 0.1265657246 0.1281605512 -0.1757878512 0.8296913505 0.5298215151 -0.0392764583 -0.5436849594 0.8383698463
-178.1 -66.8 2616.2 -0.0068952427 -0.8720139265 -0.4894324541 0.8918657303 0.2159923911 -0.3973949850 0.4522476494 -0.4392481744 0.7762300372
-176.5 -272.9 2511.7 -0.2525787354 -0.8672925234 -0.4289610982 0.6051485538 0.2043301314 -0.7694442272 0.7549829483 -0.4539304376 0.4732313454
101.7 -117.0 2605.1 -0.1920250356 0.9229329824 0.3336481452 -0.8580026031 0.0071535320 -0.5135955215 -0.4764010310 -0.3848941922 0.7905052304
46.4 -364.0 2468.0 -0.3533978462 0.9229329824 0.1526586413 -0.3807437420 0.0071535320 -0.9246529341 -0.8544847369 -0.3848941922 0.3488729298
-186.8 -411.1 2815.2 0.9984418154 -0.0440775044 -0.0342214704 -0.0371655673 -0.0678041056 -0.9970061779 0.0416251905 0.9967245460 -0.0693366230
-169.3 -384.0 2418.2 0.9984418154 0.0193067379 -0.0523563325 -0.0371655673 0.9299389124 -0.3658309877 0.0416251905 0.3672067821 0.9292074442
-10.4 -442.9 2812.9 0.9795701504 -0.1900923252 -0.0656292588 -0.0643031895 0.0131424209 -0.9978438616 0.1905449927 0.9816782475 0.0006503812
64.1 -448.1 2428.3 0.9795701504 -0.0231308844 -0.1997680068 -0.0643031895 0.9051858187 -0.4201234877 0.1905449927 0.4243861437 0.8852056265
-142.8 -353.7 2410.9 0 0 0 0 0 0 0 0 0
-50.3 -468.3 2234.1 0 0 0 0 0 0 0 0 0
-177.6 -784.8 2260.0 0 0 0 0 0 0 0 0 0
72.9 -792.9 2266.6 0 0 0 0 0 0 0 0 0
-12.7 75.2 2500.3 7 0.9864786267 0.1120223776 0.1196279824 -0.1589006782 0.8324856162 0.5307713747 -0.0401303023 -0.5426036119 0.8390297294
-35.0 -90.6 2608.4 0.9864786267 0.1120223776 0.1196279824 -0.1589006782 0.8324856162 0.5307713747 -0.0401303023 -0.5426036119 0.8390297294
-57.1 -251.1 2718.0 0.9860661626 0.1131479442 0.1219471097 -0.1619294435 0.8207892179 0.5477991700 -0.0381105170 -0.5599130988 0.8276743889
-175.3 -67.5 2613.8 -0.0192386881 -0.8759980798 -0.4819307625 0.9002574682 0.1945073009 -0.3894912004 0.4349325895 -0.4413550794 0.7848817110
-170.9 -275.6 2513.3 -0.2600340843 -0.8711332083 -0.4165443480 0.6158503890 0.1826340854 -0.7664026618 0.7437140346 -0.4558198154 0.4889966547
