113.9 69.6 2648.1 4 0.9986014962 -0.0512153506 -0.0131149162 0.0523943864 0.9918498397 0.1161409169 0.0070598298 -0.1166656464 0.9931461811
124.1 -128.2 2671.4 0.9986014962 -0.0512153506 -0.0131149162 0.0523943864 0.9918498397 0.1161409169 0.0070598298 -0.1166656464 0.9931461811
135.5 -319.3 2693.7 0.9983237386 -0.0564031564 -0.0129789049 0.0575150959 0.9918565154 0.1136338636 0.0064639035 -0.1141898632 0.9934379458
-11.9 -134.7 2670.7 0.2959117293 -0.9349402189 -0.1957626343 0.9538169503 0.3002919853 0.0076140733 0.0516672432 -0.1889747977 0.9806217551
-91.5 -391.4 2656.8 0.0197493285 -0.9349402189 -0.3542551696 0.5758351684 0.3002919853 -0.7604199648 0.8173272014 -0.1889747977 0.5443020463
260.1 -121.7 2672.1 0.3385103941 0.9335898161 0.1175617203 -0.7599313855 0.3449202776 -0.5509394407 -0.5549008846 0.0971598923 0.8262233138
327.0 -271.7 2562.5 -0.3417101502 0.9335898161 0.1079083532 0.9385546446 0.3449202776 -0.0120511325 -0.0484705940 0.0971598923 -0.9940878153
54.2 -516.1 2729.0 0.9723772407 0.0914395005 -0.2147586644 -0.2049969286 -0.1054291949 -0.9730678201 -0.1116186678 0.9902138710 -0.0837721378
19.0 -475.5 2347.8 0.9723772407 0.2093494087 0.1032244787 -0.2049969286 0.9774209857 -0.0512296632 -0.1116186678 0.0286538582 0.9933379292
233.2 -507.9 2725.1 0.9974687099 -0.0589729510 0.0397283174 0.0348584615 -0.0814262182 -0.9960696101 0.0619760901 0.9949331284 -0.0791644007
255.6 -476.9 2346.3 0.9974687099 -0.0351478606 -0.0618124269 0.0348584615 0.9993757010 -0.0057543418 0.0619760901 0.0035850899 0.9980711937
-96.7 -543.6 2440.7 0 0 0 0 0 0 0 0 0
234.9 -18.9 2549.4 0 0 0 0 0 0 0 0 0
-59.1 -840.4 2337.1 0 0 0 0 0 0 0 0 0
268.7 -849.9 2345.0 0 0 0 0 0 0 0 0 0
111.1 68.4 2651.5 5 0.9978566170 -0.0643120408 -0.0120882988 0.0652352870 0.9921796322 0.1064140275 0.0051500602 -0.1069745272 0.9942484498
123.9 -129.0 2672.8 0.9978566170 -0.0643120408 -0.0120882988 0.0652352870 0.9921796322 0.1064140275 0.0051500602 -0.1069745272 0.9942484498
138.0 -320.2 2692.8 0.9974356890 -0.0705939680 -0.0117691876 0.0714268759 0.9922455549 0.1017199978 0.0044971057 -0.1022997946 0.9947434664
-11.9 -137.4 2672.4 0.2826842964 -0.9395780563 -0.1930872947 0.9571967125 0.2893607020 -0.0066937329 0.0621611625 -0.1829303205 0.9811587334
-88.0 -395.0 2655.7 0.0139940316 -0.9395780563 -0.3420486748 0.5663790107 0.2893607020 -0.7716768384 0.8240260482 -0.1829303205 0.5362066031
259.8 -120.6 2673.2 0.3475436270 0.9289433956 0.1275838166 -0.7485151887 0.3568068743 -0.5589399934 -0.5647463799 0.0987576097 0.8193341494
328.4 -268.4 2561.7 -0.3549411893 0.9289433956 0.1052661166 0.9341773987 0.3568068743 0.0011843684 -0.0364594609 0.0987576097 -0.9944433570
57.1 -516.8 2715.2 0.9716644883 0.1069418862 -0.2107878029 -0.1988025457 -0.1126101762 -0.9735484123 -0.1278499514 0.9878675938 -0.0881589949
17.3 -474.9 2347.3 0.9716644883 0.2029579133 0.1211451739 -0.1988025457 0.9789789319 -0.0455827676 -0.1278499514 0.0202071890 0.9915876389
235.9 -506.6 2716.4 0.9979633689 -0.0535456911 0.0346691832 0.0305106472 -0.0766182542 -0.9965935946 0.0560195819 0.9956216812 -0.0748284981
255.9 -478.0 2344.3 0.9979633689 -0.0301938187 -0.0561909825 0.0305106472 0.9995229840 0.0047889235 0.0560195819 -0.0064935940 0.9984085560
-91.7 -544.8 2437.8 0 0 0 0 0 0 0 0 0
232.8 -16.7 2551.9 0 0 0 0 0 0 0 0 0
-58.5 -840.3 2339.7 0 0 0 0 0 0 0 0 0
267.2 -851.1 2346.7 0 0 0 0 0 0 0 0 0
112.5 70.4 2644.3 6 0.9979842901 -0.0634418651 0.0015756675 0.0627036467 0.9895889759 0.1295448691 -0.0097778318 -0.1291849464 0.9915723205
125.2 -126.9 2670.0 0.9979842901 -0.0634418651 0.0015756675 0.0627036467 0.9895889759 0.1295448691 -0.0097778318 -0.1291849464 0.9915723205
139.2 -317.8 2693.2 0.9975259900 -0.0702622011 0.0022582095 0.0694903731 0.9904069304 0.1194372475 -0.0106284702 -0.1189848334 0.9928391576
-10.7 -135.1 2671.6 0.2852088213 -0.9415219426 -0.1794222295 0.9575815201 0.2879462540 0.0111635588 0.0411532260 -0.1749953628 0.9837087989
-87.5 -392.8 2660.6 0.0264614522 -0.9415219426 -0.3359110057 0.5809305310 0.2879462540 -0.7613190413 0.8135228753 -0.1749953628 0.5545783043
261.1 -118.8 2668.4 0.3383288085 0.9308555126 0.1379913539 -0.7591481209 0.3566403985 -0.5445197225 -0.5560824871 0.0794708282 0.8273189664
327.9 -268.7 2558.6 -0.3537672758 0.9308555126 0.0914150625 0.9340918660 0.3566403985 -0.0167320091 -0.0481773876 0.0794708282 -0.9956722856
62.4 -519.1 2712.3 0.9703835249 0.1289870441 -0.2042500973 -0.1894571036 -0.1182010248 -0.9747484326 -0.1498724818 0.9845764637 -0.0902628154
14.3 -475.0 2344.6 0.9703835249 0.1928291619 0.1455083191 -0.1894571036 0.9811983705 -0.0368199386 -0.1498724818 0.0081618791 0.9886716604
241.1 -506.4 2713.1 0.9986354709 -0.0393910110 0.0342865922 0.0311869625 -0.0767753497 -0.9965605736 0.0418878943 0.9962700009 -0.0754420981
255.7 -478.0 2344.8 0.9986354709 -0.0310610626 -0.0419813357 0.0311869625 0.9995108247 0.0023472004 0.0418878943 -0.0036532681 0.9991156459
-94.5 -546.4 2445.5 0 0 0 0 0 0 0 0 0
232.6 -17.0 2545.6 0 0 0 0 0 0 0 0 0
-57.7 -841.2 2341.6 0 0 0 0 0 0 0 0 0
267.3 -851.1 2346.2 0 0 0 0 0 0 0 0 0
112.7 70.6 2640.6 7 0.9980413318 -0.0620932989 -0.0076092905 0.0625466704 0.9881595969 0.1401016861 -0.0011801816 -0.1403032094 0.9901078939
125.2 -127.6 2668.8 0.9980413318 -0.0620932989 -0.0076092905 0.0625466704 0.9881595969 0.1401016861 -0.0011801816 -0.1403032094 0.9901078939
139.1 -318.3 2693.4 0.9975323677 -0.0698894039 -0.0066826311 0.0701734200 0.9895176291 0.1262162775 -0.0022085991 -0.1263737679 0.9919802547
-10.7 -135.8 2669.2 0.2841616869 -0.9401240945 -0.1881987453 0.9580564499 0.2860296369 0.0177448709 0.0371480435 -0.1853474379 0.9819706678
-87.2 -393.6 2659.2 0.0187971480 -0.9401240945 -0.3403135240 0.5864924788 0.2860296369 -0.7577688098 0.8097364902 -0.1853474379 0.5567522645
261.1 -119.3 2668.3 0.3438062668 0.9298602939 0.1309853047 -0.7626708746 0.3578813672 -0.5387523174 -0.5478415489 0.0853277370 0.8322191834
329.0 -269.9 2560.1 -0.3539755046 0.9298602939 0.1003057212 0.9334722757 0.3578813672 -0.0234616995 -0.0577136464 0.0853277370 -0.9946799874
63.5 -516.2 2717.3 0.9713891149 0.1383378059 -0.1930436790 -0.1800079942 -0.1013588235 -0.9784290791 -0.1549204141 0.9851847887 -0.0735569447
11.3 -477.9 2345.4 0.9713891149 0.1834732741 0.1508004367 -0.1800079942 0.9829900861 -0.0364363156 -0.1549204141 0.0082485564 0.9878925085
242.2 -503.8 2715.4 0.9986535311 -0.0397998467 0.0332737751 0.0307570864 -0.0622561388 -0.9975861907 0.0417752713 0.9972663522 -0.0609481819
257.1 -480.5 2343.1 0.9986535311 -0.0308088232 -0.0417371318 0.0307570864 0.9995251298 -0.0018813220 0.0417752713 0.0005950763 0.9991268516
-92.1 -548.7 2445.1 0 0 0 0 0 0 0 0 0
233.6 -18.4 2544.6 0 0 0 0 0 0 0 0 0
-57.2 -844.8 2342.3 0 0 0 0 0 0 0 0 0
268.6 -853.6 2342.9 0 0 0 0 0 0 0 0 0
112.6 65.8 2638.8 8 0.9987990856 -0.0477444716 0.0109945443 0.0456020758 0.9879853129 0.1476666182 -0.0179127138 -0.1469879001 0.9889760613
122.1 -131.4 2668.1 0.9987990856 -0.0477444716 0.0109945443 0.0456020758 0.9879853129 0.1476666182 -0.0179127138 -0.1469879001 0.9889760613
133.2 -321.9 2694.8 0.9984254241 -0.0549037382 0.0115011828 0.0527988300 0.9890366197 0.1379086673 -0.0189467929 -0.1370842755 0.9903781414
-13.9 -137.2 2670.8 0.3011478186 -0.9379388690 -0.1719902754 0.9533431530 0.3001345396 0.0324980393 0.0211390499 -0.1737524569 0.9845624566
-94.9 -393.8 2665.2 0.0419425257 -0.9379388690 -0.3442549706 0.5955092907 0.3001345396 -0.7451764345 0.8022527695 -0.1737524569 0.5711397529
258.1 -125.5 2665.4 0.3217597604 0.9371297956 0.1351235658 -0.7748861313 0.3426434994 -0.5311750174 -0.5440791249 0.0662053749 0.8364177942
321.6 -278.5 2558.0 -0.3387657404 0.9371297956 0.0838182718 0.9387431145 0.3426434994 -0.0368350372 -0.0632389933 0.0662053749 -0.9958000183
63.4 -516.6 2718.1 0.9720125198 0.1378716677 -0.1902184784 -0.1775362045 -0.0991934240 -0.9791024327 -0.1538589001 0.9854704738 -0.0719400346
10.9 -478.8 2342.9 0.9720125198 0.1799789220 0.1509942263 -0.1775362045 0.9836684465 -0.0296181608 -0.1538589001 0.0019822819 0.9880908132
242.1 -504.0 2717.7 0.9987747669 -0.0387502126 0.0307798889 0.0282115862 -0.0651652664 -0.9974756241 0.0406581685 0.9971218109 -0.0639922172
256.6 -479.6 2344.2 0.9987747669 -0.0286135040 -0.0403763279 0.0282115862 0.9995469451 -0.0104893092 0.0406581685 0.0093373777 0.9991294742
-106.0 -551.2 2453.1 0 0 0 0 0 0 0 0 0
230.4 -25.6 2540.9 0 0 0 0 0 0 0 0 0
-56.3 -846.0 2342.2 0 0 0 0 0 0 0 0 0
267.3 -852.7 2340.7 0 0 0 0 0 0 0 0 0
111.9 64.2 2637.9 9 0.9986564517 -0.0506165996 0.0111016640 0.0484149046 0.9877514243 0.1483345926 -0.0184738766 -0.1475978196 0.9888749123
122.0 -132.7 2667.3 0.9986564517 -0.0506165996 0.0111016640 0.0484149046 0.9877514243 0.1483345926 -0.0184738766 -0.1475978196 0.9888749123
133.4 -323.2 2694.0 0.9983202815 -0.0567511208 0.0116576701 0.0546036884 0.9889121652 0.1380983889 -0.0193656515 -0.1372298747 0.9903498888
-14.0 -138.8 2670.1 0.2994293869 -0.9385520816 -0.1716449559 0.9538905621 0.2984057367 0.0323546417 0.0208533239 -0.1734184325 0.9846274257
-94.6 -395.5 2664.5 0.0411930270 -0.9385520816 -0.3426705003 0.5957213044 0.2984057367 -0.7457011342 0.8021342158 -0.1734184325 0.5714076757
257.9 -126.6 2664.5 0.3229394257 0.9365347624 0.1364284605 -0.7743950486 0.3443514109 -0.5307865739 -0.5440794230 0.0657623932 0.8364525437
321.7 -279.5 2557.1 -0.3404912651 0.9365347624 0.0834763423 0.9381172061 0.3443514109 -0.0368532315 -0.0632595271 0.0657623932 -0.9958280921
54.4 -518.6 2723.1 0.9765337110 0.1173910275 -0.1805582941 -0.1686157286 -0.1048198715 -0.9800925851 -0.1339801699 0.9875383973 -0.0825661644
9.2 -478.2 2342.4 0.9765337110 0.1714137793 0.1303812563 -0.1686157286 0.9851529002 -0.0322885811 -0.1339801699 0.0095465556 0.9909380078
233.3 -509.2 2719.8 0.9975545406 -0.0634244904 0.0293640606 0.0244747996 -0.0765345320 -0.9967665076 0.0654667690 0.9950476289 -0.0747950673
257.2 -480.3 2344.8 0.9975545406 -0.0244928598 -0.0654600188 0.0244747996 0.9996998906 -0.0010779285 0.0654667690 -0.0005268284 0.9978545904
-105.5 -553.0 2452.4 0 0 0 0 0 0 0 0 0
230.0 -26.7 2540.0 0 0 0 0 0 0 0 0 0
-54.8 -845.9 2338.8 0 0 0 0 0 0 0 0 0
266.3 -853.5 2345.0 0 0 0 0 0 0 0 0 0
112.0 63.6 2637.4 0 0.9986655116 -0.0513181388 0.0058000037 0.0498599708 0.9873213768 0.1507001519 -0.0134601183 -0.1502098441 0.9885625243
122.2 -132.8 2667.3 0.9986655116 -0.0513181388 0.0058000037 0.0498599708 0.9873213768 0.1507001519 -0.0134601183 -0.1502098441 0.9885625243
133.7 -323.2 2694.9 0.9983499646 -0.0570805818 0.0062610214 0.0556113087 0.9882603884 0.1422980279 -0.0143099744 -0.1417150497 0.9898040295
-13.8 -139.0 2669.4 0.2982943356 -0.9379383922 -0.1768954992 0.9542965889 0.2966447175 0.0363309421 0.0183989331 -0.1796480864 0.9835588932
-94.0 -395.9 2664.4 0.0363040715 -0.9379383922 -0.3448964357 0.5991528034 0.2966447175 -0.7436516881 0.7998111844 -0.1796480864 0.5727378726
258.2 -126.5 2665.2 0.3266464770 0.9358043075 0.1325609684 -0.7763360143 0.3456488252 -0.5270951986 -0.5390774608 0.0692619234 0.8394035101
322.7 -279.8 2558.8 -0.3411542773 0.9358043075 0.0887923539 0.9374690056 0.3456488252 -0.0409731269 -0.0690338016 0.0692619234 -0.9952070713
55.0 -520.1 2722.4 0.9765998721 0.1239695475 -0.1757389754 -0.1629843414 -0.1065193415 -0.9808617234 -0.1403165907 0.9865521789 -0.0838216841
6.9 -478.8 2339.9 0.9765998721 0.1646817476 0.1383205056 -0.1629843414 0.9863466620 -0.0235886872 -0.1403165907 0.0004926351 0.9901065826
233.8 -510.3 2719.0 0.9977099299 -0.0627006814 0.0253668148 0.0205942169 -0.0756247267 -0.9969236851 0.0644261539 0.9951630831 -0.0741602704
257.4 -481.9 2344.8 0.9977099299 -0.0202393848 -0.0645385012 0.0205942169 0.9997761846 0.0048374250 0.0644261539 -0.0061554667 0.9979034662
-103.6 -554.3 2453.0 0 0 0 0 0 0 0 0 0
230.8 -27.2 2540.2 0 0 0 0 0 0 0 0 0
-54.6 -846.9 2339.7 0 0 0 0 0 0 0 0 0
265.0 -855.1 2347.1 0 0 0 0 0 0 0 0 0
111.8 63.5 2636.7 1 0.9985912442 -0.0523540750 0.0086358981 0.0504053868 0.9868040681 0.1538733840 -0.0165778380 -0.1532213241 0.9880528450
122.2 -132.8 2667.2 0.9985912442 -0.0523540750 0.0086358981 0.0504053868 0.9868040681 0.1538733840 -0.0165778380 -0.1532213241 0.9880528450
134.1 -323.2 2695.3 0.9982220531 -0.0589038432 0.0091141807 0.0569575429 0.9877342582 0.1453851312 -0.0175661314 -0.1446075141 0.9893331528
-13.7 -139.3 2669.7 0.2970105112 -0.9389032722 -0.1739118844 0.9547638893 0.2947772443 0.0391440205 0.0145128164 -0.1776709706 0.9839829206
-93.7 -396.2 2665.8 0.0379301123 -0.9389032722 -0.3420846462 0.6016880870 0.2947772443 -0.7423461676 0.7978300452 -0.1776709706 0.5761078596
258.2 -126.4 2664.7 0.3260711133 0.9355276227 0.1358886659 -0.7775533795 0.3471662104 -0.5242961049 -0.5376694202 0.0652971119 0.8406234980
322.6 -279.9 2558.5 -0.3426804841 0.9355276227 0.0857798308 0.9367734194 0.3471662104 -0.0439451709 -0.0708917826 0.0652971119 -0.9953444600
55.3 -520.0 2723.7 0.9768465161 0.1258851588 -0.1729848981 -0.1602181345 -0.1053804010 -0.9814403057 -0.1417779922 0.9864318967 -0.0827713907
6.4 -479.1 2340.2 0.9768465161 0.1627094448 0.1389118135 -0.1602181345 0.9866552949 -0.0290083066 -0.1417779922 0.0060804728 0.9898797870
234.2 -510.1 2721.1 0.9977140427 -0.0632723048 0.0237330757 0.0187383723 -0.0783963054 -0.9967461228 0.0649270117 0.9949123859 -0.0770314783
258.1 -480.5 2345.8 0.9977140427 -0.0189608186 -0.0648623928 0.0187383723 0.9998162985 -0.0040362100 0.0649270117 0.0028115676 0.9978860617
-103.7 -555.3 2454.9 0 0 0 0 0 0 0 0 0
230.3 -27.5 2539.4 0 0 0 0 0 0 0 0 0
-54.3 -847.4 2338.0 0 0 0 0 0 0 0 0 0
265.2 -853.7 2344.7 0 0 0 0 0 0 0 0 0
112.5 62.4 2636.8 2 0.9991874099 -0.0402804501 0.0014191894 0.0396034159 0.9877182245 0.1511434019 -0.0074898833 -0.1509643793 0.9885108471
120.5 -134.3 2666.9 0.9991874099 -0.0402804501 0.0014191894 0.0396034159 0.9877182245 0.1511434019 -0.0074898833 -0.1509643793 0.9885108471
130.0 -324.7 2695.6 0.9989188313 -0.0464615673 0.0015743860 0.0457205363 0.9879885316 0.1476085186 -0.0084135979 -0.1473769397 0.9890446067
-15.5 -139.2 2668.2 0.3075695038 -0.9338452816 -0.1825760901 0.9514054656 0.3048652709 0.0434137881 0.0151193477 -0.1870566458 0.9822327495
-98.3 -395.2 2664.1 0.0372883901 -0.9338452816 -0.3557282686 0.6031064391 0.3048652709 -0.7371022701 0.7967886925 -0.1870566458 0.5745760202
256.6 -129.4 2665.6 0.3222867846 0.9387227893 0.1221914440 -0.7824271917 0.3368086517 -0.5238010883 -0.5328592062 0.0732082576 0.8430312276
320.2 -283.9 2560.4 -0.3314639628 0.9387227893 0.0945047811 0.9403866529 0.3368086517 -0.0472533293 -0.0761878043 0.0732082576 -0.9944022894
56.1 -520.0 2725.0 0.9795791507 0.1499000639 -0.1339950860 -0.1206930354 -0.0946077853 -0.9881713390 -0.1608039290 0.9841642976 -0.0745839179
-3.5 -482.4 2333.9 0.9795791507 0.1199050546 0.1613923460 -0.1206930354 0.9926775694 -0.0049486379 -0.1608039290 -0.0146313505 0.9868779182
234.9 -509.8 2721.8 0.9977588654 -0.0613871776 0.0266248900 0.0217597205 -0.0786033049 -0.9966684580 0.0632754713 0.9950141311 -0.0770913735
258.1 -480.2 2346.8 0.9977588654 -0.0226853006 -0.0629495606 0.0217597205 0.9996453524 -0.0153504200 0.0632754713 0.0139462529 0.9978986382
-108.1 -554.7 2453.4 0 0 0 0 0 0 0 0 0
230.9 -30.5 2539.9 0 0 0 0 0 0 0 0 0
-48.2 -852.5 2339.3 0 0 0 0 0 0 0 0 0
266.6 -853.3 2341.6 0 0 0 0 0 0 0 0 0
113.8 62.8 2636.9 3 0.9993139505 -0.0325171761 0.0177260302 0.0294774976 0.9881202579 0.1508293152 -0.0224199928 -0.1502033323 0.9884008765
120.3 -134.2 2666.8 0.9993139505 -0.0325171761 0.0177260302 0.0294774976 0.9881202579 0.1508293152 -0.0224199928 -0.1502033323 0.9884008765
128.2 -324.8 2694.7 0.9990833998 -0.0388433672 0.0179866981 0.0358653441 0.9889846444 0.1436073333 -0.0233667586 -0.1428305954 0.9894712567
-15.8 -137.8 2670.2 0.3172205389 -0.9334830046 -0.1672739983 0.9482463598 0.3148424625 0.0412685014 0.0141415102 -0.1717081666 0.9850463271
-101.2 -393.0 2666.4 0.0553254858 -0.9334830046 -0.3543283045 0.5994988680 0.3148424625 -0.7358500361 0.7984611392 -0.1717081666 0.5770408511
256.3 -130.6 2663.5 0.3063928783 0.9430286884 0.1296928823 -0.7834295034 0.3272044063 -0.5283706188 -0.5407047272 0.0602837615 0.8390496373
316.8 -285.3 2556.8 -0.3231975138 0.9430286884 0.0789950117 0.9439198971 0.3272044063 -0.0441872329 -0.0675173476 0.0602837615 -0.9958952069
49.5 -520.5 2724.9 0.9820801616 0.1403926909 -0.1257318407 -0.1132650226 -0.0935414732 -0.9891516566 -0.1506308019 0.9856672287 -0.0759636462
-6.2 -483.4 2333.8 0.9820801616 0.1118904501 0.1516546458 -0.1132650226 0.9935647249 0.0004280992 -0.1506308019 -0.0175975934 0.9884334803
228.5 -512.3 2723.4 0.9968024492 -0.0740290433 0.0300766509 0.0234188661 -0.0892143622 -0.9957370758 0.0763967335 0.9932575226 -0.0871954188
256.5 -478.6 2347.9 0.9968024492 -0.0246276837 -0.0760156661 0.0234188661 0.9995853901 -0.0167529788 0.0763967335 0.0149192093 0.9969658852
-115.8 -551.4 2455.3 0 0 0 0 0 0 0 0 0
229.7 -31.0 2538.6 0 0 0 0 0 0 0 0 0
-48.0 -854.1 2340.4 0 0 0 0 0 0 0 0 0
265.7 -851.8 2342.3 0 0 0 0 0 0 0 0 0
114.4 65.6 2637.9 4 0.9994072914 -0.0299938601 0.0168958865 0.0272132047 0.9889284968 0.1458762139 -0.0210842136 -0.1453299522 0.9891585708
120.4 -131.5 2666.9 0.9994072914 -0.0299938601 0.0168958865 0.0272132047 0.9889284968 0.1458762139 -0.0210842136 -0.1453299522 0.9891585708
127.8 -322.2 2694.1 0.9991970658 -0.0362389013 0.0170876049 0.0334927812 0.9895637631 0.1401492655 -0.0219881292 -0.1394644231 0.9899829030
-15.7 -134.7 2670.0 0.3195253611 -0.9324907660 -0.1684175879 0.9474102855 0.3177236319 0.0382814407 0.0178131554 -0.1717924476 0.9849721193
-101.7 -389.7 2665.2 0.0557850115 -0.9324907660 -0.3568598926 0.5966038704 0.3177236319 -0.7369637489 0.8005946875 -0.1717924476 0.5740517974
256.4 -128.2 2663.8 0.3051553369 0.9437507987 0.1273366958 -0.7823098302 0.3246783316 -0.5315780640 -0.5430207253 0.0625971407 0.8373829126
316.7 -282.7 2556.5 -0.3207976222 0.9437507987 0.0801455155 0.9449377656 0.3246783316 -0.0409459993 -0.0646643341 0.0625971407 -0.9959418178
46.3 -520.0 2724.5 0.9831101894 0.1382033825 -0.1199759468 -0.1083060801 -0.0890963301 -0.9901169538 -0.1475269347 0.9863882065 -0.0726232380
-8.3 -484.8 2334.9 0.9831101894 0.1070050821 0.1484732777 -0.1083060801 0.9941173792 0.0006815883 -0.1475269347 -0.0167506356 0.9889161587
225.3 -513.5 2720.3 0.9957129955 -0.0884268209 0.0271352027 0.0195161421 -0.0859151706 -0.9961112738 0.0904142857 0.9923705459 -0.0838211030
258.7 -481.0 2344.7 0.9957129955 -0.0197192337 -0.0903702080 0.0195161421 0.9998046160 -0.0031305281 0.0904142857 0.0013534300 0.9959033132
-116.5 -547.4 2453.6 0 0 0 0 0 0 0 0 0
230.2 -28.1 2539.1 0 0 0 0 0 0 0 0 0
-48.3 -855.8 2341.1 0 0 0 0 0 0 0 0 0
266.1 -854.2 2344.2 0 0 0 0 0 0 0 0 0
113.4 65.2 2640.0 5 0.9991196394 -0.0335549861 0.0251789112 0.0296244472 0.9892970324 0.1428767294 -0.0297036488 -0.1420050263 0.9894201756
120.1 -131.9 2668.2 0.9991196394 -0.0335549861 0.0251789112 0.0296244472 0.9892970324 0.1428767294 -0.0297036488 -0.1420050263 0.9894201756
128.2 -322.6 2695.3 0.9988958836 -0.0395926163 0.0252868310 0.0356777869 0.9895145297 0.1399572641 -0.0305629615 -0.1389005631 0.9898346066
-15.9 -135.5 2672.5 0.3176007867 -0.9346226454 -0.1600320935 0.9481009841 0.3157281280 0.0376861244 0.0153043251 -0.1636957228 0.9863921404
-101.4 -390.6 2668.4 0.0613606721 -0.9346226454 -0.3503075838 0.5965389609 0.3157281280 -0.7378733158 0.8002350330 -0.1636957228 0.5769121051
256.1 -128.4 2663.9 0.3021832108 0.9435438514 0.1356846988 -0.7815166116 0.3267221153 -0.5314926505 -0.5458177924 0.0545683131 0.8361251354
315.8 -282.7 2556.2 -0.3234002590 0.9435438514 0.0716750398 0.9442505836 0.3267221153 -0.0405407287 -0.0616697744 0.0545683131 -0.9966037869
45.3 -517.3 2723.1 0.9842856526 0.1460113227 -0.0993099436 -0.0896875635 -0.0710855201 -0.9934298992 -0.1521115005 0.9867256880 -0.0568730533
-12.3 -489.2 2333.3 0.9842856526 0.0870049596 0.1536616683 -0.0896875635 0.9959135652 0.0105996728 -0.1521115005 -0.0242146458 0.9880666733
224.4 -511.3 2719.2 0.9949989915 -0.0984088406 0.0171083231 0.0095719956 -0.0765501335 -0.9970197678 0.0994252041 0.9921974540 -0.0752253383
261.6 -482.3 2343.4 0.9949989915 -0.0090447553 -0.0994745493 0.0095719956 0.9999425411 0.0048242514 0.0994252041 -0.0057522953 0.9950284362
-117.6 -548.3 2456.9 0 0 0 0 0 0 0 0 0
228.7 -28.3 2539.6 0 0 0 0 0 0 0 0 0
-44.8 -860.8 2342.3 0 0 0 0 0 0 0 0 0
265.0 -855.5 2345.5 0 0 0 0 0 0 0 0 0
114.2 64.5 2639.0 6 0.9989041090 -0.0435314626 0.0171940420 0.0407743715 0.9897363186 0.1369651854 -0.0229798630 -0.1361140162 0.9904266000
122.9 -132.8 2666.1 0.9989041090 -0.0435314626 0.0171940420 0.0407743715 0.9897363186 0.1369651854 -0.0229798630 -0.1361140162 0.9904266000
132.7 -323.7 2690.7 0.9986522794 -0.0488087237 0.0176434387 0.0461747274 0.9907854795 0.1273264885 -0.0236955062 -0.1263402104 0.9917039275
-13.2 -137.7 2669.5 0.3078132868 -0.9367476702 -0.1665976346 0.9509861469 0.3083589673 0.0232393518 0.0296024662 -0.1655854136 0.9857510924
-96.0 -393.7 2661.5 0.0502488427 -0.9367476702 -0.3463796377 0.5866759419 0.3083589673 -0.7488164902 0.8082613349 -0.1655854136 0.5650619864
258.9 -127.8 2662.7 0.3135581017 0.9398016930 0.1358457804 -0.7712583542 0.3355129659 -0.5409173965 -0.5539330840 0.0648368448 0.8300327063
320.8 -280.1 2553.3 -0.3326192796 0.9398016930 0.0783401355 0.9416527152 0.3355129659 -0.0268546063 -0.0515221357 0.0648368448 -0.9965649247
46.4 -517.9 2725.0 0.9840068221 0.1543809921 -0.0888652205 -0.0795226544 -0.0656844452 -0.9946666360 -0.1593946815 0.9858255982 -0.0523571558
-15.4 -491.6 2330.1 0.9840068221 0.0750795156 0.1615350842 -0.0795226544 0.9966074228 0.0212092530 -0.1593946815 -0.0337157510 0.9866390228
225.4 -511.5 2719.5 0.9954119325 -0.0937555879 0.0191047285 0.0119016282 -0.0767946914 -0.9969758987 0.0949392021 0.9926290512 -0.0753265023
260.9 -482.4 2343.9 0.9954119325 -0.0118816197 -0.0949417055 0.0119016282 0.9999291301 -0.0003555372 0.0949392021 -0.0007760549 0.9954827428
-109.3 -548.8 2447.8 0 0 0 0 0 0 0 0 0
231.2 -26.4 2539.5 0 0 0 0 0 0 0 0 0
-43.4 -863.5 2342.7 0 0 0 0 0 0 0 0 0
265.3 -855.7 2344.2 0 0 0 0 0 0 0 0 0
112.3 66.7 2640.0 7 0.9990799427 -0.0428375341 -0.0020482249 0.0426893383 0.9887787104 0.1431581676 -0.0041073021 -0.1431138963 0.9896976948
120.9 -130.9 2668.6 0.9990799427 -0.0428375341 -0.0020482249 0.0426893383 0.9887787104 0.1431581676 -0.0041073021 -0.1431138963 0.9896976948
130.9 -321.6 2694.7 0.9987784624 -0.0493847653 -0.0016390381 0.0491568930 0.9897099137 0.1343796998 -0.0050141378 -0.1342961192 0.9909285307
-15.1 -136.3 2669.4 0.3043199480 -0.9343497753 -0.1854180545 0.9521378875 0.3042252064 0.0296723507 0.0286844932 -0.1855734438 0.9822116494
-97.0 -392.5 2661.7 0.0330681093 -0.9343497753 -0.3548196554 0.5925231576 0.3042252064 -0.7458976507 0.8048744202 -0.1855734438 0.5636840463
256.9 -125.5 2667.7 0.3263829648 0.9373782277 0.1216397360 -0.7741566896 0.3389258385 -0.5346126556 -0.5423611403 0.0803202391 0.8362972736
321.4 -278.4 2560.6 -0.3344196081 0.9373782277 0.0973939300 0.9402114153 0.3389258385 -0.0336423032 -0.0645448789 0.0803202391 -0.9946771264
52.8 -520.1 2717.4 0.9809982777 0.1728820950 -0.0880577788 -0.0763946474 -0.0730077848 -0.9944012165 -0.1783430576 0.9822329879 -0.0584132448
-14.9 -491.6 2332.8 0.9809982777 0.0745703876 0.1791135073 -0.0763946474 0.9970722198 0.0032993576 -0.1783430576 -0.0169199780 0.9838228822
231.7 -511.9 2713.1 0.9966924191 -0.0790743530 0.0187474899 0.0125014866 -0.0787568986 -0.9968154430 0.0802990273 0.9937527776 -0.0775078535
261.2 -482.5 2342.2 0.9966924191 -0.0115419840 -0.0804425478 0.0125014866 0.9998564720 0.0114343641 0.0802990273 -0.0124021955 0.9966936707
-105.8 -549.2 2448.9 0 0 0 0 0 0 0 0 0
231.3 -25.1 2543.3 0 0 0 0 0 0 0 0 0
-42.8 -863.7 2339.1 0 0 0 0 0 0 0 0 0
265.5 -855.7 2346.8 0 0 0 0 0 0 0 0 0
112.5 66.8 2638.5 8 0.9989275336 -0.0425984636 -0.0181417093 0.0448383205 0.9877231717 0.1496409774 0.0115445107 -0.1502939463 0.9885739684
121.0 -130.7 2668.5 0.9989275336 -0.0425984636 -0.0181417093 0.0448383205 0.9877231717 0.1496409774 0.0115445107 -0.1502939463 0.9885739684
130.9 -321.3 2695.8 0.9986580610 -0.0486842096 -0.0176598448 0.0506733917 0.9889660478 0.1392063946 0.0106878327 -0.1399144828 0.9901059270
-15.0 -136.3 2667.2 0.3024274409 -0.9317120314 -0.2011225820 0.9527350068 0.3018743992 0.0341742709 0.0288731772 -0.2019517571 0.9789697528
-96.4 -392.7 2659.4 0.0193425473 -0.9317120314 -0.3626824021 0.5964903831 0.3018743992 -0.7436874509 0.8023871183 -0.2019517571 0.5615963340
257.0 -125.2 2669.8 0.3361364007 0.9354783893 0.1090527475 -0.7762869596 0.3407597840 -0.5303407907 -0.5332831144 0.0936106220 0.8407414556
323.4 -278.4 2564.5 -0.3347237110 0.9354783893 0.1133146659 0.9393682480 0.3407597840 -0.0383408070 -0.0744800791 0.0936106220 -0.9928191304
51.0 -518.1 2721.3 0.9821123481 0.1732729673 -0.0737010986 -0.0644047707 -0.0586825237 -0.9961969852 -0.1769389808 0.9831240177 -0.0464732237
-17.8 -494.8 2330.9 0.9821123481 0.0603918768 0.1783485264 -0.0644047707 0.9977825880 0.0167915802 -0.1769389808 -0.0279777125 0.9838240743
229.9 -509.3 2720.4 0.9963022470 -0.0827855915 0.0229854602 0.0172182191 -0.0697170272 -0.9974182248 0.0841743276 0.9941257834 -0.0680338070
261.4 -482.8 2342.6 0.9963022470 -0.0160075128 -0.0844129398 0.0172182191 0.9997587800 0.0136341648 0.0841743276 -0.0150371892 0.9963375926
-101.5 -550.4 2447.3 0 0 0 0 0 0 0 0 0
233.2 -25.4 2544.5 0 0 0 0 0 0 0 0 0
-40.3 -867.2 2341.4 0 0 0 0 0 0 0 0 0
267.4 -856.0 2348.3 0 0 0 0 0 0 0 0 0
112.8 68.2 2638.7 9 0.9989096522 -0.0452401862 -0.0115270764 0.0464635380 0.9874324799 0.1510570943 0.0045483583 -0.1514279842 0.9884577990
121.9 -129.4 2669.0 0.9989096522 -0.0452401862 -0.0115270764 0.0464635380 0.9874324799 0.1510570943 0.0045483583 -0.1514279842 0.9884577990
132.3 -319.9 2696.9 0.9985936284 -0.0518374629 -0.0111191431 0.0528949276 0.9883436561 0.1427546293 0.0035894972 -0.1431420147 0.9896956682
-14.2 -135.3 2668.7 0.3005124629 -0.9337517619 -0.1944218278 0.9534922838 0.2991029322 0.0372820012 0.0233399980 -0.1965834051 0.9802092910
-95.0 -391.9 2662.4 0.0235727634 -0.9337517619 -0.3571441174 0.5994351506 0.2991029322 -0.7424384952 0.8000761271 -0.1965834051 0.5667743087
257.9 -123.6 2669.4 0.3341556489 0.9353476763 0.1160375476 -0.7774777412 0.3431411088 -0.5270508528 -0.5327930450 0.0859003961 0.8418745399
323.9 -277.1 2564.2 -0.3373071849 0.9353476763 0.1065296382 0.9383581877 0.3431411088 -0.0416906551 -0.0755499527 0.0859003961 -0.9934350848
50.9 -517.8 2722.0 0.9823162556 0.1715726852 -0.0749508440 -0.0655959919 -0.0595667996 -0.9960667491 -0.1753624231 0.9833689928 -0.0472589545
-17.3 -494.2 2331.4 0.9823162556 0.0619033799 0.1766996980 -0.0655959919 0.9977315664 0.0151276188 -0.1753624231 -0.0264508966 0.9841485620
229.8 -508.7 2723.9 0.9964141250 -0.0807112083 0.0253876857 0.0197510011 -0.0698846206 -0.9973595142 0.0822723061 0.9942845702 -0.0680398941
260.7 -481.9 2342.5 0.9964141250 -0.0182767902 -0.0826123059 0.0197510011 0.9996592999 0.0170630123 0.0822723061 -0.0186335035 0.9964357018
-101.3 -550.4 2450.9 0 0 0 0 0 0 0 0 0
233.0 -24.3 2543.8 0 0 0 0 0 0 0 0 0
-40.4 -866.6 2341.3 0 0 0 0 0 0 0 0 0
267.6 -855.1 2349.4 0 0 0 0 0 0 0 0 0
113.5 67.4 2638.8 0 0.9986200929 -0.0523562729 -0.0040951171 0.0523848273 0.9875774384 0.1481438428 -0.0037120136 -0.1481539309 0.9889573455
124.0 -130.5 2668.5 0.9986200929 -0.0523562729 -0.0040951171 0.0523848273 0.9875774384 0.1481438428 -0.0037120136 -0.1481539309 0.9889573455
136.1 -321.0 2695.9 0.9981570244 -0.0605728924 -0.0036696305 0.0604861006 0.9882029295 0.1406996250 -0.0048962440 -0.1406622827 0.9900455475
-12.0 -137.5 2669.3 0.2934537828 -0.9376561642 -0.1862411201 0.9557034969 0.2923777103 0.0338540524 0.0227092896 -0.1879258901 0.9819206595
-90.9 -394.7 2663.2 0.0259174760 -0.9376561642 -0.3465965390 0.5980067253 0.2923777103 -0.7462595105 0.8010719419 -0.1879258901 0.5683023930
260.0 -123.6 2667.7 0.3354436457 0.9334210157 0.1272902191 -0.7738521695 0.3500784636 -0.5278237462 -0.5372433066 0.0785513073 0.8397614360
326.2 -276.4 2561.6 -0.3450614810 0.9334210157 0.0982741863 0.9359120727 0.3500784636 -0.0389052108 -0.0707186162 0.0785513073 -0.9943985939
52.9 -516.5 2724.4 0.9815557599 0.1747235060 -0.0775885060 -0.0688238293 -0.0556847341 -0.9960735440 -0.1783579588 0.9830416441 -0.0426325314
-16.9 -494.2 2331.3 0.9815557599 0.0647788793 0.1798665524 -0.0688238293 0.9974951148 0.0163333155 -0.1783579588 -0.0284111649 0.9835554361
231.8 -507.0 2725.0 0.9970217347 -0.0663102716 0.0393782668 0.0345027000 -0.0731315613 -0.9967253208 0.0689729229 0.9951154590 -0.0706258714
257.2 -479.0 2344.0 0.9970217347 -0.0335824937 -0.0694256127 0.0345027000 0.9993313551 0.0120978635 0.0689729229 -0.0144572034 0.9975137711
-97.8 -552.8 2451.4 0 0 0 0 0 0 0 0 0
233.2 -24.3 2542.6 0 0 0 0 0 0 0 0 0
-41.1 -866.6 2341.9 0 0 0 0 0 0 0 0 0
269.8 -852.0 2349.4 0 0 0 0 0 0 0 0 0
115.5 69.9 2639.9 1 0.9985732436 -0.0532716028 -0.0036817538 0.0532348417 0.9877433777 0.1467278600 -0.0041798004 -0.1467145234 0.9891700745
126.2 -128.4 2669.4 0.9985732436 -0.0532716028 -0.0036817538 0.0532348417 0.9877433777 0.1467278600 -0.0041798004 -0.1467145234 0.9891700745
138.5 -318.9 2696.3 0.9980973601 -0.0615751259 -0.0031800773 0.0614237972 0.9885124564 0.1380951256 -0.0053596790 -0.1380277276 0.9904138446
-9.8 -135.5 2670.2 0.2925836444 -0.9380437136 -0.1856576949 0.9559121132 0.2920012176 0.0311021078 0.0250371322 -0.1865724027 0.9821221232
-88.5 -392.7 2663.5 0.0258656517 -0.9380437136 -0.3455501795 0.5959242582 0.2920012176 -0.7480705976 0.8026239872 -0.1865724027 0.5665557981
262.1 -121.4 2668.5 0.3358230591 0.9331457019 0.1283040941 -0.7721270919 0.3507358432 -0.5299094915 -0.5394836068 0.0788887739 0.8382923007
328.4 -273.8 2562.0 -0.3459713757 0.9331457019 0.0976876765 0.9357744455 0.3507358432 -0.0362019986 -0.0680443048 0.0788887739 -0.9945584536
58.5 -518.2 2723.7 0.9785175323 0.1902302802 -0.0794726014 -0.0690990388 -0.0605675243 -0.9957695007 -0.1942389607 0.9798693657 -0.0461216569
-17.8 -493.9 2330.9 0.9785175323 0.0650090277 0.1956457943 -0.0690990388 0.9975095391 0.0141454134 -0.1942389607 -0.0273604710 0.9805725813
237.3 -507.4 2722.8 0.9979466200 -0.0548009351 0.0331570543 0.0285503678 -0.0828065276 -0.9961565733 0.0573359318 0.9950577617 -0.0810719058
258.0 -476.1 2346.5 0.9979466200 -0.0285636745 -0.0573293045 0.0285503678 0.9995918274 -0.0010513287 0.0573359318 -0.0005876028 0.9983547926
-95.4 -550.3 2451.3 0 0 0 0 0 0 0 0 0
235.2 -21.7 2543.6 0 0 0 0 0 0 0 0 0
-42.0 -866.3 2341.1 0 0 0 0 0 0 0 0 0
268.7 -849.2 2346.7 0 0 0 0 0 0 0 0 0
118.2 70.4 2638.9 2 0.9989376664 -0.0457961187 -0.0051225736 0.0460416004 0.9872443676 0.1524097472 -0.0019225426 -0.1524836868 0.9883041382
127.4 -127.7 2669.5 0.9989376664 -0.0457961187 -0.0051225736 0.0460416004 0.9872443676 0.1524097472 -0.0019225426 -0.1524836868 0.9883041382
138.0 -318.2 2697.2 0.9986172915 -0.0523676351 -0.0045952024 0.0524897426 0.9885033965 0.1417953074 -0.0028831123 -0.1418404579 0.9898853302
-8.6 -133.5 2670.1 0.3010481000 -0.9348937869 -0.1879990250 0.9533481598 0.2996697724 0.0364057049 0.0223021526 -0.1901883781 0.9814942479
-89.6 -390.1 2664.1 0.0290438272 -0.9348937869 -0.3537372351 0.5986462831 0.2996697724 -0.7428463697 0.8004868031 -0.1901883781 0.5683742166
263.4 -121.8 2669.0 0.3303502500 0.9360290170 0.1213194206 -0.7770928741 0.3426810503 -0.5279169679 -0.5357194543 0.0801210478 0.8405862451
328.6 -275.3 2563.2 -0.3374101222 0.9360290170 0.1000205204 0.9385669231 0.3426810503 -0.0407661237 -0.0724334121 0.0801210478 -0.9941499233
61.0 -516.3 2723.5 0.9772139788 0.1970661879 -0.0788527951 -0.0685093328 -0.0587752089 -0.9959176183 -0.2008962929 0.9786267877 -0.0439350829
-17.8 -492.8 2332.1 0.9772139788 0.0645214617 0.2022123337 -0.0685093328 0.9975686669 0.0127771208 -0.2008962929 -0.0263394136 0.9792583585
239.9 -505.3 2722.6 0.9982427359 -0.0471181162 0.0359353647 0.0318765454 -0.0842309445 -0.9959362745 0.0499535091 0.9953316450 -0.0825809613
257.6 -473.7 2348.7 0.9982427359 -0.0326609686 -0.0494441949 0.0318765454 0.9993544221 -0.0165713336 0.0499535091 0.0149661032 0.9986394048
-97.3 -548.3 2452.4 0 0 0 0 0 0 0 0 0
237.7 -22.4 2543.7 0 0 0 0 0 0 0 0 0
-41.9 -865.2 2341.9 0 0 0 0 0 0 0 0 0
269.8 -846.7 2343.1 0 0 0 0 0 0 0 0 0
121.1 71.0 2638.5 3 0.9997655749 -0.0214080662 0.0032312614 0.0205889940 0.9862573743 0.1639281809 -0.0066962405 -0.1638232321 0.9864670038
125.4 -126.5 2671.3 0.9997655749 -0.0214080662 0.0032312614 0.0205889940 0.9862573743 0.1639281809 -0.0066962405 -0.1638232321 0.9864670038
131.4 -316.7 2701.9 0.9995817542 -0.0287200920 0.0033885883 0.0278264377 0.9870893359 0.1577348411 -0.0078749992 -0.1575745791 0.9874756932
-10.7 -128.9 2672.4 0.3244682550 -0.9281073809 -0.1825843602 0.9458797574 0.3195126653 0.0567730479 0.0056465310 -0.1911239028 0.9815496802
-98.0 -383.5 2670.9 0.0473756157 -0.9281073809 -0.3692861199 0.6105200648 0.3195126653 -0.7246909142 0.7905825973 -0.1911239028 0.5817652941
261.5 -124.0 2670.1 0.3087276518 0.9445169568 0.1121381745 -0.7934913039 0.3207660019 -0.5171853304 -0.5244604349 0.0706887469 0.8484953642
322.5 -280.7 2566.5 -0.3145844638 0.9445169568 0.0944686830 0.9453085661 0.3207660019 -0.0591679327 -0.0861874595 0.0706887469 -0.9937679768
58.7 -514.7 2724.9 0.9789584279 0.1886118650 -0.0778841600 -0.0682140961 -0.0572392121 -0.9960273504 -0.1923206002 0.9803822041 -0.0431688204
-17.1 -491.7 2331.0 0.9789584279 0.0629008934 0.1941232979 -0.0682140961 0.9974538088 0.0208013598 -0.1923206002 -0.0336056091 0.9807565808
237.6 -505.3 2724.4 0.9979209304 -0.0496745929 0.0410633124 0.0361646563 -0.0957844406 -0.9947448969 0.0533467755 0.9941618443 -0.0937888324
256.2 -469.5 2352.4 0.9979209304 -0.0374977812 -0.0524182878 0.0361646563 0.9990035295 -0.0261539966 0.0533467755 0.0242039319 0.9982826710
-110.5 -544.9 2461.9 0 0 0 0 0 0 0 0 0
237.7 -26.0 2543.3 0 0 0 0 0 0 0 0 0
-40.6 -864.1 2343.5 0 0 0 0 0 0 0 0 0
270.2 -842.4 2343.4 0 0 0 0 0 0 0 0 0
121.1 72.2 2638.2 4 0.9997184873 -0.0205126647 0.0119222011 0.0182309411 0.9857406616 0.1672810614 -0.0151835792 -0.1670166254 0.9858371615
125.2 -125.2 2671.7 0.9997184873 -0.0205126647 0.0119222011 0.0182309411 0.9857406616 0.1672810614 -0.0151835792 -0.1670166254 0.9858371615
131.0 -315.4 2702.8 0.9995459318 -0.0276029594 0.0120849991 0.0253062211 0.9866939187 0.1606073976 -0.0163574349 -0.1602286398 0.9869443774
-10.9 -127.4 2674.0 0.3268428445 -0.9288890958 -0.1741803735 0.9450786710 0.3212709427 0.0600936264 0.0001387779 -0.1842553318 0.9828783870
-98.8 -381.7 2674.0 0.0555340573 -0.9288890958 -0.3661707342 0.6127046943 0.3212709427 -0.7220650315 0.7883583903 -0.1842553318 0.5869761705
261.3 -123.1 2669.3 0.3023414910 0.9458686709 0.1179919615 -0.7957874537 0.3186104894 -0.5149851441 -0.5247017741 0.0618048459 0.8490396142
321.0 -280.2 2565.7 -0.3129591942 0.9458686709 0.0859593824 0.9458358884 0.3186104894 -0.0623040386 -0.0863189995 0.0618048459 -0.9943486452
47.5 -510.7 2733.2 0.9846665859 0.1547058523 -0.0806088820 -0.0736817643 -0.0500088707 -0.9960271716 -0.1581223905 0.9866940975 -0.0378430672
-15.4 -490.4 2332.2 0.9846665859 0.0704882741 0.1595716029 -0.0736817643 0.9971809983 0.0141779752 -0.1581223905 -0.0257180948 0.9870845675
226.5 -505.7 2731.8 0.9963038564 -0.0792089105 0.0332351550 0.0250987019 -0.1015889868 -0.9945098162 0.0821503624 0.9916681051 -0.0992254615
257.0 -466.7 2350.8 0.9963038564 -0.0266755000 -0.0816519707 0.0250987019 0.9994792938 -0.0202772561 0.0821503624 0.0181529503 0.9964545965
-113.5 -543.7 2465.5 0 0 0 0 0 0 0 0 0
236.7 -25.4 2542.5 0 0 0 0 0 0 0 0 0
-41.7 -862.6 2341.8 0 0 0 0 0 0 0 0 0
266.9 -839.8 2344.0 0 0 0 0 0 0 0 0 0
122.2 71.4 2637.6 5 0.9998283386 -0.0146649061 0.0113259153 0.0125784790 0.9859985709 0.1662786007 -0.0136057967 -0.1661075950 0.9860137701
125.2 -126.1 2670.9 0.9998283386 -0.0146649061 0.0113259153 0.0125784790 0.9859985709 0.1662786007 -0.0136057967 -0.1661075950 0.9860137701
129.4 -316.3 2701.4 0.9997440577 -0.0194956306 0.0114778085 0.0174459498 0.9873642325 0.1575041264 -0.0144034196 -0.1572635770 0.9874516129
-11.0 -127.1 2672.9 0.3343044519 -0.9259677529 -0.1755684316 0.9424580932 0.3291698694 0.0584801994 0.0036410575 -0.1850160807 0.9827287197
-100.9 -380.7 2672.0 0.0588777587 -0.9259677529 -0.3729841113 0.6098453999 0.3291698694 -0.7209270597 0.7903302908 -0.1850160807 0.5840779543
261.3 -125.0 2668.8 0.2970369756 0.9482390881 0.1123016253 -0.7965552807 0.3109266758 -0.5184826851 -0.5265631080 0.0645540804 0.8476815820
319.9 -282.3 2564.8 -0.3053060472 0.9482390881 0.0873546898 0.9485408068 0.3109266758 -0.0599575751 -0.0840150192 0.0645540804 -0.9943712950
46.9 -509.1 2735.4 0.9846954942 0.1478433609 -0.0922879726 -0.0859764591 -0.0485407002 -0.9951139688 -0.1516007185 0.9878188968 -0.0350867622
-13.1 -489.4 2334.7 0.9846954942 0.0849154368 0.1521975547 -0.0859764591 0.9962971210 0.0003917601 -0.1516007185 -0.0134711713 0.9883500338
225.9 -504.6 2732.5 0.9962021112 -0.0784359053 0.0378035568 0.0292728152 -0.1071933135 -0.9938071966 0.0820024535 0.9911394715 -0.1044901684
255.9 -463.6 2353.6 0.9962021112 -0.0318149328 -0.0810500458 0.0292728152 0.9990474582 -0.0323625319 0.0820024535 0.0298670623 0.9961845279
-116.5 -542.0 2463.0 0 0 0 0 0 0 0 0 0
237.7 -26.7 2542.2 0 0 0 0 0 0 0 0 0
-44.8 -861.3 2339.7 0 0 0 0 0 0 0 0 0
267.8 -836.5 2342.5 0 0 0 0 0 0 0 0 0
124.0 70.5 2647.3 6 0.9999542236 -0.0053249528 0.0079508703 0.0042038015 0.9908494949 0.1349057257 -0.0085964827 -0.1348661333 0.9908265471
125.0 -127.3 2674.2 0.9999542236 -0.0053249528 0.0079508703 0.0042038015 0.9908494949 0.1349057257 -0.0085964827 -0.1348661333 0.9908265471
127.5 -318.2 2700.6 0.9999141097 -0.0104254968 0.0079450579 0.0092518516 0.9907153845 0.1356370002 -0.0092853745 -0.1355518401 0.9907267690
-11.1 -127.2 2675.6 0.3421893120 -0.9222483635 -0.1799010932 0.9392713904 0.3410273492 0.0383359902 0.0259958915 -0.1820941120 0.9829373956
-103.2 -380.0 2668.6 0.0601126626 -0.9222483635 -0.3818957806 0.5917860866 0.3410273492 -0.7304036617 0.8038505316 -0.1820941120 0.5662738681
261.1 -127.3 2672.8 0.2929194570 0.9504891634 0.1037716940 -0.7872756124 0.3013519347 -0.5379443765 -0.5425820947 0.0758774355 0.8365687728
319.0 -282.8 2565.6 -0.2969087362 0.9504891634 0.0917363763 0.9527229667 0.3013519347 -0.0388062522 -0.0645298511 0.0758774355 -0.9950268865
43.6 -509.5 2733.3 0.9856848121 0.1347941905 -0.1012715474 -0.0945494175 -0.0553865731 -0.9939782619 -0.1395915747 0.9893244505 -0.0418489911
-10.3 -487.4 2337.2 0.9856848121 0.0945366919 0.1396002024 -0.0945494175 0.9954985976 -0.0065560029 -0.1395915747 -0.0067369645 0.9901862741
222.7 -506.4 2730.7 0.9953031540 -0.0883322209 0.0396107398 0.0290436447 -0.1178574786 -0.9926056862 0.0923474878 0.9890940189 -0.1147384346
256.5 -461.4 2352.8 0.9953031540 -0.0319974460 -0.0913660452 0.0290436447 0.9990173578 -0.0334782153 0.0923474878 0.0306673720 0.9952544570
-119.1 -536.4 2456.1 0 0 0 0 0 0 0 0 0
239.0 -26.1 2548.3 0 0 0 0 0 0 0 0 0
-45.6 -858.9 2339.7 0 0 0 0 0 0 0 0 0
268.4 -834.3 2341.4 0 0 0 0 0 0 0 0 0
125.1 75.4 2652.1 7 0.9999909997 -0.0011820905 0.0040725796 0.0007028333 0.9932804704 0.1157301664 -0.0041820169 -0.1157262623 0.9932723641
125.4 -123.8 2675.3 0.9999909997 -0.0011820905 0.0040725796 0.0007028333 0.9932804704 0.1157301664 -0.0041820169 -0.1157262623 0.9932723641
126.7 -315.2 2698.4 0.9999829531 -0.0041937176 0.0040663360 0.0036844555 0.9930023551 0.1180371270 -0.0045328955 -0.1180201322 0.9930008650
-10.8 -123.0 2676.1 0.3473636508 -0.9194435477 -0.1842878461 0.9366879463 0.3494755328 0.0219672490 0.0442064479 -0.1802508235 0.9826267958
-104.2 -375.0 2664.2 0.0596851744 -0.9194435477 -0.3886659145 0.5771151185 0.3494755328 -0.7381090522 0.8144788742 -0.1802508235 0.5514833331
261.5 -124.6 2674.5 0.2910083532 0.9518100023 0.0968084037 -0.7792170644 0.2945102751 -0.5532490015 -0.5550990105 0.0855653286 0.8273715377
