135.2 110.5 2339.6 62 0.9785475731 -0.0373547003 0.2026062310 -0.0321421959 0.9437019825 0.3292315900 -0.2034982443 -0.3286809623 0.9222566485
142.7 -80.1 2405.9 0.9785475731 -0.0373547003 0.2026062310 -0.0321421959 0.9437019825 0.3292315900 -0.2034982443 -0.3286809623 0.9222566485
149.7 -267.7 2471.3 0.9786212444 -0.0353420377 0.2026113421 -0.0340556353 0.9436811209 0.3290989697 -0.2028315216 -0.3289633095 0.9223028421
5.0 -75.3 2434.5 0.1141965091 -0.8633592725 -0.4914976358 0.9796721935 0.1799980253 -0.0885616094 0.1649290919 -0.4713931382 0.8663641810
-25.0 -332.8 2391.1 -0.2983339429 -0.8633592725 -0.4069491923 0.5713468790 0.1799980253 -0.8007268310 0.7645649910 -0.4713931382 0.4395781159
280.4 -84.9 2377.4 -0.0110102994 0.6839729548 0.7294242978 -0.9757050872 0.1522768736 -0.1575160921 -0.2188111991 -0.7134373188 0.6656792760
277.8 -318.0 2325.1 -0.5620852709 0.6839729548 0.4650173783 -0.5133924484 0.1522768736 -0.8445353508 -0.6484507322 -0.7134373188 0.2655539513
67.1 -452.6 2555.4 0.8278200626 0.5605207682 0.0230313707 0.0871326774 -0.0879109502 -0.9923102260 -0.5541857481 0.8234610558 -0.1216141209
-163.6 -416.4 2216.5 0.8278200626 -0.0987294391 0.5522376895 0.0871326774 0.9950738549 0.0472856276 -0.5541857481 0.0089739542 0.8323446512
245.9 -457.3 2518.5 0.9868291020 -0.0721915662 0.1447643340 0.1309140474 -0.1692844331 -0.9768338203 0.0950255170 0.9829196930 -0.1576039046
276.8 -385.0 2098.6 0.9868291020 -0.1339186430 -0.0907421187 0.1309140474 0.9906529188 -0.0383185484 0.0950255170 0.0259344392 0.9951369762
52.6 -481.4 2192.3 0 0 0 0 0 0 0 0 0
131.5 -451.6 2156.4 0 0 0 0 0 0 0 0 0
-125.8 -796.8 2213.0 0 0 0 0 0 0 0 0 0
328.0 -763.6 2088.7 0 0 0 0 0 0 0 0 0
135.4 112.4 2339.2 63 0.9747462273 -0.0333185494 0.2208158970 -0.0433341749 0.9417908192 0.3333950341 -0.2190706134 -0.3345444500 0.9165632129
142.1 -77.5 2406.6 0.9747462273 -0.0333185494 0.2208158970 -0.0433341749 0.9417908192 0.3333950341 -0.2190706134 -0.3345444500 0.9165632129
148.4 -264.8 2473.1 0.9748041034 -0.0313738063 0.2208452821 -0.0450195000 0.9420142174 0.3325394392 -0.2184724212 -0.3341031373 0.9168668985
5.0 -71.2 2437.4 0.1015595645 -0.8636762500 -0.4937093854 0.9789128900 0.1751784682 -0.1050810888 0.1772432923 -0.4726264775 0.8632549047
-22.6 -336.5 2389.3 -0.3055700064 -0.8636762500 -0.4008618891 0.5637413263 0.1751784682 -0.8071606159 0.7673478127 -0.4726264775 0.4333606958
279.3 -83.9 2375.9 -0.0077548707 0.6810318828 0.7322127223 -0.9752066135 0.1567954719 -0.1561640650 -0.2211603373 -0.7152697444 0.6629308462
277.4 -320.6 2322.2 -0.5645613670 0.6810318828 0.4663325548 -0.5096426606 0.1567954719 -0.8459784389 -0.6492571235 -0.7152697444 0.2585622370
65.2 -448.2 2559.5 0.8182824254 0.5747226477 0.0103811100 0.0745507255 -0.0882023647 -0.9933089018 -0.5699614882 0.8135811090 -0.1150204316
-171.1 -411.9 2224.9 0.8182824254 -0.0879225135 0.5680524111 0.0745507255 0.9961190224 0.0467874892 -0.5699614882 0.0040633362 0.8216613531
243.7 -455.7 2519.6 0.9889361858 -0.0661742240 0.1327634901 0.1202372089 -0.1665951908 -0.9786669612 0.0868802890 0.9838023186 -0.1567954123
271.9 -384.7 2100.9 0.9889361858 -0.1230382100 -0.0828659758 0.1202372089 0.9920175672 -0.0380027331 0.0868802890 0.0276187044 0.9958358407
56.9 -483.1 2189.8 0 0 0 0 0 0 0 0 0
130.5 -453.3 2153.2 0 0 0 0 0 0 0 0 0
-137.5 -792.7 2223.4 0 0 0 0 0 0 0 0 0
318.9 -763.9 2090.3 0 0 0 0 0 0 0 0 0
135.6 112.6 2339.0 64 0.9739707112 -0.0270627905 0.2250524610 -0.0514284633 0.9405730963 0.3356744349 -0.2207625806 -0.3385111690 0.9146988988
141.1 -76.8 2407.2 0.9739707112 -0.0270627905 0.2250524610 -0.0514284633 0.9405730963 0.3356744349 -0.2207625806 -0.3385111690 0.9146988988
146.1 -263.9 2474.2 0.9740153551 -0.0249605626 0.2251023203 -0.0530424267 0.9411251545 0.3338710964 -0.2201830596 -0.3371355534 0.9153463840
4.0 -69.3 2438.1 0.0739731491 -0.8910986781 -0.4477399886 0.9804841280 0.1469913572 -0.1305541247 0.1821505129 -0.4293444455 0.8845815659
-15.9 -333.7 2389.0 -0.2659825981 -0.8910986781 -0.3676905930 0.5973809958 0.1469913572 -0.7883713841 0.7565640807 -0.4293444455 0.4932283163
278.2 -84.3 2376.2 0.0011679222 0.6766448617 0.7363085747 -0.9736431837 0.1687022895 -0.1534878165 -0.2280736864 -0.7167226076 0.6590076685
278.4 -319.4 2321.1 -0.5627899766 0.6766448617 0.4747832716 -0.5091647506 0.1687022895 -0.8439732194 -0.6511671543 -0.7167226076 0.2495797575
64.3 -445.9 2561.6 0.8274773955 0.5584977865 0.0579772256 0.1034494787 -0.0501511358 -0.9933695793 -0.5518870354 0.8279885650 -0.0992752314
-169.7 -424.9 2214.7 0.8274773955 -0.1376237124 0.5443719625 0.1034494787 0.9902677536 0.0931021795 -0.5518870354 -0.0207249578 0.8336613178
240.2 -455.6 2521.1 0.9896738529 -0.0696650520 0.1252694726 0.1124347970 -0.1647634059 -0.9799038172 0.0889048800 0.9838697910 -0.1552292705
269.9 -385.6 2103.0 0.9896738529 -0.1152745262 -0.0851906389 0.1124347970 0.9929539561 -0.0374280177 0.0889048800 0.0274631362 0.9956614375
53.2 -488.8 2192.5 0 0 0 0 0 0 0 0 0
132.0 -451.9 2151.6 0 0 0 0 0 0 0 0 0
-117.2 -802.9 2222.6 0 0 0 0 0 0 0 0 0
313.9 -765.1 2092.5 0 0 0 0 0 0 0 0 0
135.5 109.5 2339.4 65 0.9717023969 -0.0242812596 0.2349571139 -0.0569808222 0.9412307739 0.3329232037 -0.2292326540 -0.3368903100 0.9132125974
140.4 -79.8 2407.2 0.9717023969 -0.0242812596 0.2349571139 -0.0569808222 0.9412307739 0.3329232037 -0.2292326540 -0.3368903100 0.9132125974
144.9 -267.1 2473.7 0.9717167616 -0.0230408851 0.2350227833 -0.0575507656 0.9421165586 0.3303094208 -0.2290294766 -0.3344929218 0.9141443968
3.6 -71.7 2439.4 0.0843886361 -0.8833778501 -0.4610012472 0.9796108603 0.1582041681 -0.1238305494 0.1823214889 -0.4411519170 0.8787171841
-18.9 -332.8 2390.8 -0.2759175599 -0.8833778501 -0.3788312078 0.5853188038 0.1582041681 -0.7952190638 0.7624115944 -0.4411519170 0.4734063447
277.1 -87.9 2374.9 0.0087527772 0.6695735455 0.7426941991 -0.9732769728 0.1761417538 -0.1473298073 -0.2294676006 -0.7215575576 0.6532222033
279.2 -319.0 2320.4 -0.5683307648 0.6695735455 0.4781960249 -0.5039542913 0.1761417538 -0.8455791473 -0.6504077315 -0.7215575576 0.2373276949
61.2 -445.1 2562.5 0.8303871751 0.5495940447 0.0916704759 0.1297235489 -0.0306925606 -0.9910750389 -0.5418753624 0.8348678350 -0.0967819989
-172.4 -432.1 2207.5 0.8303871751 -0.1729175150 0.5296760201 0.1297235489 0.9845004678 0.1180280149 -0.5418753624 -0.0292975027 0.8399480581
238.6 -459.6 2519.2 0.9908659458 -0.0638339743 0.1187853143 0.1066662073 -0.1679226756 -0.9800124168 0.0825048387 0.9837312698 -0.1595799327
265.7 -388.3 2101.5 0.9908659458 -0.1096452326 -0.0785025582 0.1066662073 0.9934409857 -0.0411981232 0.0825048387 0.0324482471 0.9960622787
52.8 -484.9 2192.7 0 0 0 0 0 0 0 0 0
131.3 -450.2 2151.1 0 0 0 0 0 0 0 0 0
-106.4 -807.9 2218.7 0 0 0 0 0 0 0 0 0
307.6 -768.1 2089.1 0 0 0 0 0 0 0 0 0
133.8 108.7 2339.6 66 0.9689749479 -0.0200480297 0.2463444322 -0.0656172708 0.9400712252 0.3346049786 -0.2382894754 -0.3403882980 0.9095900059
137.9 -80.3 2408.0 0.9689749479 -0.0200480297 0.2463444322 -0.0656172708 0.9400712252 0.3346049786 -0.2382894754 -0.3403882980 0.9095900059
141.6 -267.4 2475.1 0.9689816236 -0.0188969169 0.2464092821 -0.0659381822 0.9411579370 0.3314723670 -0.2381738424 -0.3374384344 0.9107186794
1.5 -71.0 2441.5 0.0769478753 -0.8728939891 -0.4818039834 0.9764201641 0.1637325883 -0.1406956762 0.2016994208 -0.4596168995 0.8649101853
-19.4 -336.2 2386.8 -0.2914967835 -0.8728939891 -0.3912616372 0.5804069638 0.1637325883 -0.7976962924 0.7603666186 -0.4596168995 0.4589062631
274.2 -89.6 2374.5 0.0130108939 0.6627466083 0.7487307191 -0.9712662101 0.1863349378 -0.1480583102 -0.2376398444 -0.7252904773 0.6461277604
277.3 -321.6 2317.8 -0.5721195340 0.6627466083 0.4831627011 -0.4989249408 0.1863349378 -0.8463764787 -0.6509632468 -0.7252904773 0.2240549475
60.1 -448.6 2561.7 0.8307517171 0.5461332798 0.1076569781 0.1473722309 -0.0292876270 -0.9886474013 -0.5367802382 0.8371861577 -0.1048156321
-172.6 -436.2 2204.9 0.8307517171 -0.1891173273 0.5235324502 0.1473722309 0.9816811085 0.1207626686 -0.5367802382 -0.0231696516 0.8434039354
234.2 -460.5 2520.4 0.9923564196 -0.0566783920 0.1096188352 0.0990007520 -0.1646583974 -0.9813696742 0.0736721158 0.9847208858 -0.1577886045
258.3 -390.6 2102.5 0.9923564196 -0.1014897153 -0.0702037513 0.0990007520 0.9943585992 -0.0380769297 0.0736721158 0.0308356620 0.9968056679
56.4 -487.1 2189.1 0 0 0 0 0 0 0 0 0
128.4 -451.4 2148.3 0 0 0 0 0 0 0 0 0
-100.4 -811.2 2213.8 0 0 0 0 0 0 0 0 0
297.1 -770.8 2090.7 0 0 0 0 0 0 0 0 0
133.7 108.0 2347.2 67 0.9683187604 -0.0229953639 0.2486563474 -0.0572023280 0.9488488436 0.3105056882 -0.2430774719 -0.3148922324 0.9174727201
138.3 -82.5 2410.4 0.9683187604 -0.0229953639 0.2486563474 -0.0572023280 0.9488488436 0.3105056882 -0.2430774719 -0.3148922324 0.9174727201
142.4 -271.2 2472.9 0.9683678746 -0.0204559062 0.2486870587 -0.0593465902 0.9491550922 0.3091642857 -0.2423668206 -0.3141435087 0.9179173112
2.0 -74.2 2444.5 0.0663023219 -0.8803848028 -0.4696025848 0.9703871608 0.1664528251 -0.1750493348 0.2322774529 -0.4440901279 0.8653503060
-16.2 -340.2 2380.8 -0.2773488760 -0.8803848028 -0.3847079277 0.5788729191 0.1664528251 -0.7982478738 0.7668009996 -0.4440901279 0.4634653926
274.6 -90.9 2376.3 0.0081261322 0.6489238143 0.7608099580 -0.9681361318 0.1955433339 -0.1564458013 -0.2502927184 -0.7352963090 0.6298356056
276.5 -322.6 2316.4 -0.5764187574 0.6489238143 0.4966279268 -0.5044505596 0.1955433339 -0.8410068154 -0.6428616643 -0.7352963090 0.2146351337
56.4 -448.2 2564.3 0.8388553262 0.5333360434 0.1089694947 0.1439041048 -0.0242093187 -0.9892954826 -0.5249888897 0.8455569744 -0.0970573649
-171.8 -437.9 2202.5 0.8388553262 -0.1892699748 0.5103905797 0.1439041048 0.9813559651 0.1274053454 -0.5249888897 -0.0334273539 0.8504524231
235.2 -465.2 2513.1 0.9924573302 -0.0544020683 0.1098585054 0.0977923945 -0.1890725642 -0.9770814776 0.0739264786 0.9804549813 -0.1823263317
258.3 -385.0 2097.2 0.9924573302 -0.1020330042 -0.0679539740 0.0977923945 0.9932070374 -0.0630591363 0.0739264786 0.0559381209 0.9956936240
55.9 -490.7 2181.5 0 0 0 0 0 0 0 0 0
126.5 -453.9 2149.1 0 0 0 0 0 0 0 0 0
-99.5 -812.9 2215.3 0 0 0 0 0 0 0 0 0
297.3 -764.6 2075.8 0 0 0 0 0 0 0 0 0
131.7 107.1 2345.0 68 0.9715973139 -0.0284098424 0.2349287719 -0.0493705012 0.9465850592 0.3186522424 -0.2314329296 -0.3212002218 0.9182969332
137.4 -83.1 2409.5 0.9715973139 -0.0284098424 0.2349287719 -0.0493705012 0.9465850592 0.3186522424 -0.2314329296 -0.3212002218 0.9182969332
142.5 -271.4 2472.9 0.9716480374 -0.0258487463 0.2350147516 -0.0511409566 0.9474962354 0.3156508207 -0.2308347821 -0.3187204003 0.9193109274
0.7 -75.9 2442.0 0.0491028316 -0.8981303573 -0.4369791448 0.9708920121 0.1456093192 -0.1901752204 0.2344303727 -0.4149214327 0.8791373968
-12.9 -344.6 2377.1 -0.2649500072 -0.8981303573 -0.3509463966 0.5738775134 0.1456093192 -0.8058923483 0.7748974562 -0.4149214327 0.4768376350
274.1 -90.3 2377.0 0.0088485805 0.6583905220 0.7526245117 -0.9677735567 0.1950638294 -0.1592623591 -0.2516666353 -0.7269608378 0.6388989687
276.3 -323.2 2316.5 -0.5737706423 0.6583905220 0.4871439040 -0.4950315058 0.1950638294 -0.8466959000 -0.6524806619 -0.7269608378 0.2140021622
57.5 -454.3 2557.7 0.8329710960 0.5431277156 0.1056951135 0.1483637989 -0.0352102444 -0.9883058071 -0.5330547094 0.8389115334 -0.1099096090
-173.7 -439.3 2200.6 0.8329710960 -0.2007653564 0.5156087875 0.1483637989 0.9787681699 0.1414250135 -0.5330547094 -0.0413052626 0.8450719118
236.8 -464.4 2515.1 0.9905333519 -0.0642899871 0.1212866977 0.1075704768 -0.1853564382 -0.9767658710 0.0852775425 0.9805660248 -0.1766860336
264.1 -385.8 2099.1 0.9905333519 -0.1121077761 -0.0792181417 0.1075704768 0.9924210906 -0.0594052374 0.0852775425 0.0503213368 0.9950856566
56.0 -493.8 2175.6 0 0 0 0 0 0 0 0 0
126.9 -452.1 2146.6 0 0 0 0 0 0 0 0 0
-96.9 -813.4 2216.4 0 0 0 0 0 0 0 0 0
306.9 -765.1 2079.9 0 0 0 0 0 0 0 0 0
132.4 107.0 2348.9 69 0.9719778895 -0.0238622781 0.2338579595 -0.0502678454 0.9507239461 0.3059364557 -0.2296347022 -0.3091190159 0.9228831530
137.2 -83.7 2410.9 0.9719778895 -0.0238622781 0.2338579595 -0.0502678454 0.9507239461 0.3059364557 -0.2296347022 -0.3091190159 0.9228831530
141.6 -272.7 2472.0 0.9720057249 -0.0222684480 0.2338995934 -0.0514141321 0.9512134194 0.3042197526 -0.2292629331 -0.3077290952 0.9234399199
0.4 -76.4 2443.1 0.0429641865 -0.8940470219 -0.4459080994 0.9676885009 0.1482354254 -0.2039736211 0.2484613806 -0.4227365851 0.8715277910
-11.6 -347.4 2373.6 -0.2734949291 -0.8940470219 -0.3547964096 0.5667695403 0.1482354254 -0.8104310632 0.7771568894 -0.4227365851 0.4661769569
274.0 -90.9 2378.6 0.0129319504 0.6607030630 0.7505359650 -0.9673300982 0.1983265132 -0.1579211056 -0.2531901300 -0.7239738107 0.6416826844
277.1 -322.6 2318.0 -0.5725115538 0.6607030630 0.4854915142 -0.4906443954 0.1983265132 -0.8484896421 -0.6568855047 -0.7239738107 0.2106260210
58.5 -455.0 2557.5 0.8308212161 0.5467560291 0.1038939655 0.1493861824 -0.0392607599 -0.9879991412 -0.5361155272 0.8363710046 -0.1142964661
-175.1 -438.2 2200.1 0.8308212161 -0.2061136961 0.5169654489 0.1493861824 0.9773953557 0.1496064365 -0.5361155272 -0.0470687114 0.8428313136
235.2 -466.5 2512.2 0.9906463623 -0.0671898276 0.1187656894 0.1035580263 -0.1965735555 -0.9750049114 0.0888566077 0.9781842232 -0.1877768338
263.7 -383.1 2097.3 0.9906463623 -0.1092479900 -0.0817596391 0.1035580263 0.9920947552 -0.0708782002 0.0888566077 0.0617483668 0.9941285849
59.5 -494.8 2171.5 0 0 0 0 0 0 0 0 0
128.1 -450.3 2147.0 0 0 0 0 0 0 0 0 0
-96.3 -811.8 2218.1 0 0 0 0 0 0 0 0 0
305.5 -762.4 2073.7 0 0 0 0 0 0 0 0 0
132.6 106.8 2344.3 70 0.9719390869 -0.0251353942 0.2338858396 -0.0521901883 0.9464526772 0.3185962141 -0.2293699086 -0.3218626678 0.9185824990
137.6 -83.3 2409.0 0.9719390869 -0.0251353942 0.2338858396 -0.0521901883 0.9464526772 0.3185962141 -0.2293699086 -0.3218626678 0.9185824990
142.3 -271.6 2472.5 0.9719643593 -0.0234899875 0.2339519262 -0.0531736910 0.9472604394 0.3160224855 -0.2290367633 -0.3196026683 0.9194543362
0.8 -75.8 2441.2 0.0415385328 -0.8967201710 -0.4406443536 0.9694131613 0.1429449469 -0.1995115131 0.2418938875 -0.4188790321 0.8752300739
-10.8 -348.5 2373.1 -0.2735326290 -0.8967201710 -0.3479551673 0.5650499463 0.1429449469 -0.8125793934 0.7783948183 -0.4188790321 0.4675915837
274.4 -90.7 2376.7 0.0101314457 0.6755272150 0.7372654676 -0.9716439843 0.1808339655 -0.1523387581 -0.2362316102 -0.7148160934 0.6582040191
276.8 -321.9 2320.5 -0.5676139593 0.6755272150 0.4706138968 -0.4912301600 0.1808339655 -0.8520516753 -0.6606870294 -0.7148160934 0.2291954458
56.9 -457.1 2554.3 0.8295471668 0.5495854020 0.0990321040 0.1467354447 -0.0434112661 -0.9882227182 -0.5388137102 0.8343089223 -0.1166553572
-175.9 -438.7 2200.9 0.8295471668 -0.2144440264 0.5156212449 0.1467354447 0.9745880961 0.1692533493 -0.5388137102 -0.0647437274 0.8399333358
236.2 -464.7 2515.0 0.9905607104 -0.0666005313 0.1198073253 0.1057858765 -0.1844029278 -0.9771412015 0.0871709436 0.9805915952 -0.1756169051
264.4 -386.5 2099.1 0.9905607104 -0.1103602648 -0.0813021362 0.1057858765 0.9926616549 -0.0585847534 0.0871709436 0.0494311377 0.9949662089
60.3 -495.5 2170.7 0 0 0 0 0 0 0 0 0
129.1 -449.7 2148.6 0 0 0 0 0 0 0 0 0
-94.0 -811.2 2225.6 0 0 0 0 0 0 0 0 0
306.6 -766.0 2080.2 0 0 0 0 0 0 0 0 0
133.4 105.9 2348.1 71 0.9635819197 -0.0233967546 0.2663877904 -0.0619507767 0.9495336413 0.3074865341 -0.2601383328 -0.3127914071 0.9135040045
138.1 -84.4 2410.8 0.9635819197 -0.0233967546 0.2663877904 -0.0619507767 0.9495336413 0.3074865341 -0.2601383328 -0.3127914071 0.9135040045
142.7 -273.0 2473.5 0.9636107087 -0.0229752492 0.2663204372 -0.0631279945 0.9485588074 0.3102435172 -0.2597485185 -0.3157662451 0.9125910401
2.6 -75.6 2447.3 0.0490821451 -0.8846814036 -0.4636052251 0.9627847672 0.1654193699 -0.2137333453 0.2657752037 -0.4358615577 0.8598768711
-11.3 -348.3 2372.0 -0.2749925554 -0.8846814036 -0.3764544427 0.5697953105 0.1654193699 -0.8049656749 0.7744110227 -0.4358615577 0.4585981965
273.7 -93.3 2374.2 0.0109143639 0.6786590219 0.7343723774 -0.9739255309 0.1736473292 -0.1459988803 -0.2266052514 -0.7136304975 0.6628586054
276.2 -321.9 2321.0 -0.5667224526 0.6786590219 0.4671697915 -0.4942325950 0.1736473292 -0.8518102765 -0.6592115164 -0.7136304975 0.2370055765
57.8 -455.0 2557.1 0.8300637603 0.5475574136 0.1057121232 0.1496343166 -0.0360759757 -0.9880830646 -0.5372185111 0.8359900713 -0.1118787378
-174.9 -439.6 2201.8 0.8300637603 -0.2073571086 0.5176844597 0.1496343166 0.9770751595 0.1514386982 -0.5372185111 -0.0482404232 0.8420624137
236.6 -463.8 2516.4 0.9875298142 -0.0848871469 0.1325860173 0.1152971089 -0.1834904999 -0.9762365818 0.1071982086 0.9793494940 -0.1714150906
272.6 -386.1 2101.8 0.9875298142 -0.1206730008 -0.1011083871 0.1152971089 0.9916685224 -0.0574461594 0.1071982086 0.0450722910 0.9932155013
60.2 -496.5 2170.6 0 0 0 0 0 0 0 0 0
128.7 -450.6 2149.4 0 0 0 0 0 0 0 0 0
-95.7 -813.1 2220.2 0 0 0 0 0 0 0 0 0
318.7 -765.2 2084.5 0 0 0 0 0 0 0 0 0
133.7 106.0 2350.4 72 0.9631978869 -0.0218220428 0.2679060996 -0.0624353588 0.9512745738 0.3019578755 -0.2614415884 -0.3075720072 0.9149031639
138.1 -84.3 2412.0 0.9631978869 -0.0218220428 0.2679060996 -0.0624353588 0.9512745738 0.3019578755 -0.2614415884 -0.3075720072 0.9149031639
142.1 -273.3 2473.7 0.9632430077 -0.0205069482 0.2678476870 -0.0644632876 0.9503021836 0.3045820892 -0.2607822716 -0.3106529117 0.9140499830
2.5 -75.3 2448.7 0.0617307350 -0.8819431067 -0.4672961533 0.9648633003 0.1725339741 -0.1981685907 0.2553978860 -0.4386438429 0.8616051674
-14.6 -343.3 2377.7 -0.2735719681 -0.8819431067 -0.3838421106 0.5704560280 0.1725339741 -0.8030018210 0.7744277120 -0.4386438429 0.4559092820
273.6 -93.4 2375.3 0.0021390785 0.6758663058 0.7370211482 -0.9703619480 0.1795023382 -0.1617916971 -0.2416465878 -0.7148312330 0.6562189460
274.1 -324.5 2317.7 -0.5670359135 0.6758663058 0.4708237648 -0.4929392636 0.1795023382 -0.8513458967 -0.6599099636 -0.7148312330 0.2313767523
58.8 -455.8 2560.1 0.8292676806 0.5480384827 0.1094028354 0.1536083966 -0.0353023820 -0.9875009656 -0.5373263359 0.8357078433 -0.1134584323
-175.4 -440.7 2202.9 0.8292676806 -0.2102897912 0.5177773237 0.1536083966 0.9765861034 0.1506122649 -0.5373263359 -0.0453629419 0.8421535492
235.1 -466.3 2513.5 0.9830551744 -0.1112297773 0.1457066685 0.1219351217 -0.1967225224 -0.9728474021 0.1368733943 0.9741294384 -0.1798262894
281.8 -383.7 2104.5 0.9830551744 -0.1290743500 -0.1301626265 0.1219351217 0.9906349182 -0.0614354387 0.1368733943 0.0445230305 0.9895874858
56.5 -491.7 2176.3 0 0 0 0 0 0 0 0 0
126.5 -452.8 2146.0 0 0 0 0 0 0 0 0 0
-95.0 -814.0 2220.2 0 0 0 0 0 0 0 0 0
331.1 -762.4 2087.5 0 0 0 0 0 0 0 0 0
132.1 108.9 2351.6 73 0.9598993659 -0.0258158632 0.2791536450 -0.0616614223 0.9519245625 0.3000624180 -0.2734795809 -0.3052427471 0.9121599793
137.3 -82.0 2412.8 0.9598993659 -0.0258158632 0.2791536450 -0.0616614223 0.9519245625 0.3000624180 -0.2734795809 -0.3052427471 0.9121599793
142.0 -271.0 2474.3 0.9599740505 -0.0239239298 0.2790653408 -0.0645181909 0.9506639838 0.3034393489 -0.2725568414 -0.3092986941 0.9110692143
2.2 -72.9 2451.2 0.0590672381 -0.8819850683 -0.4675611258 0.9623797536 0.1747480631 -0.2080585212 0.2652099133 -0.4376819134 0.8591264486
-14.3 -341.7 2377.1 -0.2684541345 -0.8819850683 -0.3873431385 0.5770202279 0.1747480631 -0.7978162169 0.7713494897 -0.4376819134 0.4620113969
272.4 -91.1 2374.5 0.0040352652 0.6536529064 0.7567837238 -0.9687762856 0.1901678145 -0.1590870172 -0.2479036003 -0.7325121760 0.6340107918
273.3 -326.7 2314.2 -0.5801007152 0.6536529064 0.4860257804 -0.4957086444 0.1901678145 -0.8474131823 -0.6463405490 -0.7325121760 0.2137048990
57.8 -456.3 2559.4 0.8415559530 0.5342448354 0.0797875002 0.1294206828 -0.0560128950 -0.9900065064 -0.5244367123 0.8434720039 -0.1162803173
-167.0 -432.7 2204.5 0.8415559530 -0.1719537824 0.5120698214 0.1294206828 0.9845533371 0.1179193482 -0.5244367123 -0.0329633020 0.8508111238
235.1 -465.0 2511.8 0.9820151925 -0.1128818989 0.1513402313 0.1264528036 -0.2019934505 -0.9711891413 0.1401994079 0.9728598595 -0.1840864122
282.3 -380.5 2104.9 0.9820151925 -0.1338166445 -0.1331889480 0.1264528036 0.9900125265 -0.0623292699 0.1401994079 0.0443661734 0.9891287684
55.5 -491.8 2176.5 0 0 0 0 0 0 0 0 0
122.4 -455.7 2146.0 0 0 0 0 0 0 0 0 0
-101.3 -808.8 2217.1 0 0 0 0 0 0 0 0 0
333.5 -759.0 2087.9 0 0 0 0 0 0 0 0 0
133.3 108.9 2352.7 74 0.9644312859 -0.0278866459 0.2628586888 -0.0526016131 0.9542842507 0.2942357659 -0.2590471506 -0.2975969613 0.9188746810
138.9 -82.5 2412.4 0.9644312859 -0.0278866459 0.2628586888 -0.0526016131 0.9542842507 0.2942357659 -0.2590471506 -0.2975969613 0.9188746810
144.2 -271.9 2472.3 0.9644961357 -0.0266008079 0.2627539635 -0.0548718907 0.9530182481 0.2979014218 -0.2583337426 -0.3017425835 0.9177227616
3.2 -74.7 2448.7 0.0740231946 -0.8762326837 -0.4761689305 0.9672037363 0.1794151515 -0.1797973514 0.2429762334 -0.4472432137 0.8607764244
-16.8 -335.5 2383.2 -0.2709817290 -0.8762326837 -0.3984785974 0.5840071440 0.1794151515 -0.7916728258 0.7651827335 -0.4472432137 0.4631078839
274.6 -90.2 2376.0 -0.0025872176 0.6435507536 0.7653990388 -0.9678186774 0.1909912378 -0.1638576835 -0.2516352534 -0.7411914468 0.6223463416
274.0 -326.8 2314.5 -0.5868874192 0.6435507536 0.4913304150 -0.4984857142 0.1909912378 -0.8455970287 -0.6380244493 -0.7411914468 0.2087105066
58.7 -454.1 2560.8 0.8448906541 0.5313265920 0.0620631985 0.1164865866 -0.0695031211 -0.9907574058 -0.5221021771 0.8443111777 -0.1206149608
-162.9 -425.1 2208.7 0.8448906541 -0.1466604173 0.5144419074 0.1164865866 0.9890465140 0.0906526744 -0.5221021771 -0.0166660137 0.8527200818
238.1 -466.0 2509.1 0.9771777391 -0.1327024251 0.1658727527 0.1352775842 -0.2132930011 -0.9675773978 0.1637793779 0.9679339528 -0.1904734969
293.5 -377.0 2105.2 0.9771777391 -0.1449966431 -0.1552407146 0.1352775842 0.9882248640 -0.0714957193 0.1637793779 0.0488634333 0.9852861166
53.7 -487.4 2184.2 0 0 0 0 0 0 0 0 0
121.2 -456.5 2148.5 0 0 0 0 0 0 0 0 0
-106.8 -802.9 2215.1 0 0 0 0 0 0 0 0 0
348.9 -754.7 2086.5 0 0 0 0 0 0 0 0 0
132.8 111.7 2352.7 75 0.9690738916 -0.0342576317 0.2443812191 -0.0399347171 0.9554925561 0.2922998965 -0.2435179353 -0.2930195034 0.9245747924
139.6 -79.7 2411.4 0.9690738916 -0.0342576317 0.2443812191 -0.0399347171 0.9554925561 0.2922998965 -0.2435179353 -0.2930195034 0.9245747924
146.6 -269.4 2470.5 0.9690851569 -0.0349692106 0.2442357540 -0.0402451754 0.9542427659 0.2963125408 -0.2434220165 -0.2969813943 0.9233351350
3.3 -74.1 2445.7 0.0634119064 -0.8898351789 -0.4518542290 0.9689807296 0.1632633507 -0.1855301112 0.2388624698 -0.4260732234 0.8725860119
-14.1 -340.0 2380.1 -0.2640333772 -0.8898351789 -0.3721286058 0.5773284435 0.1632633507 -0.8000230789 0.7726436853 -0.4260732234 0.4706202149
276.0 -85.4 2377.2 -0.0055365791 0.6375505328 0.7703886032 -0.9675562382 0.1911869794 -0.1651742011 -0.2525951862 -0.7463088036 0.6158074737
274.6 -325.6 2314.5 -0.5791795850 0.6375505328 0.5080160499 -0.5198392868 0.1911869794 -0.8325951099 -0.6279475689 -0.7463088036 0.2206922472
63.5 -454.3 2554.3 0.8442806005 0.5328350067 0.0572458766 0.1182092279 -0.0809754804 -0.9896815419 -0.5227014422 0.8423359394 -0.1313520372
-155.9 -420.9 2207.4 0.8442806005 -0.1436925083 0.5162777305 0.1182092279 0.9895876050 0.0821158141 -0.5227014422 -0.0083000017 0.8524754047
242.5 -462.6 2507.5 0.9716542363 -0.1481593847 0.1842196435 0.1488986015 -0.2217200398 -0.9636749625 0.1836226732 0.9637888670 -0.1933744848
304.3 -370.2 2105.6 0.9716542363 -0.1606931388 -0.1733949184 0.1488986015 0.9856840968 -0.0790952817 0.1836226732 0.0510350056 0.9816710949
54.5 -490.1 2179.2 0 0 0 0 0 0 0 0 0
123.9 -460.9 2151.1 0 0 0 0 0 0 0 0 0
-101.0 -799.1 2210.5 0 0 0 0 0 0 0 0 0
365.7 -746.9 2086.1 0 0 0 0 0 0 0 0 0
133.5 111.5 2352.8 76 0.9680345654 -0.0351935737 0.2483354658 -0.0391301960 0.9567921758 0.2881276608 -0.2477456778 -0.2886349559 0.9248307347
140.6 -80.4 2410.7 0.9680345654 -0.0351935737 0.2483354658 -0.0391301960 0.9567921758 0.2881276608 -0.2477456778 -0.2886349559 0.9248307347
147.6 -270.3 2469.1 0.9680693746 -0.0355577357 0.2481477857 -0.0400712639 0.9552110434 0.2931998968 -0.2474590242 -0.2937814295 0.9232857227
4.3 -74.7 2445.5 0.0810080767 -0.8725385666 -0.4817822278 0.9677411914 0.1845514327 -0.1715160608 0.2385679781 -0.4523463249 0.8593416810
-17.6 -336.4 2381.0 -0.2669254839 -0.8725385666 -0.4091787338 0.5954000354 0.1845514327 -0.7819460034 0.7577925920 -0.4523463249 0.4702480137
276.8 -86.0 2375.8 -0.0138489632 0.6576676369 0.7531809211 -0.9678699970 0.1803200245 -0.1752495766 -0.2510695755 -0.7314082384 0.6340394616
273.4 -320.5 2315.0 -0.5414412022 0.6576676369 0.5237506628 -0.5619042516 0.1803200245 -0.8073092699 -0.6253839135 -0.7314082384 0.2719135582
65.3 -455.9 2551.4 0.8386286497 0.5427820683 0.0457122363 0.1129608378 -0.0912047327 -0.9894046187 -0.5328619480 0.8349067569 -0.1378000230
-156.8 -418.6 2209.7 0.8386286497 -0.1348050386 0.5277590156 0.1129608378 0.9908698797 0.0735981092 -0.5328619480 -0.0021053790 0.8461995721
243.6 -463.7 2504.9 0.9720349312 -0.1461432278 0.1838210970 0.1482533514 -0.2251725346 -0.9629736543 0.1821235418 0.9632961750 -0.1972093582
304.5 -369.9 2103.4 0.9720349312 -0.1605298072 -0.1714007705 0.1482533514 0.9855228662 -0.0822537318 0.1821235418 0.0545427650 0.9817617536
51.8 -491.3 2183.9 0 0 0 0 0 0 0 0 0
132.8 -466.5 2152.5 0 0 0 0 0 0 0 0 0
-105.3 -797.3 2210.5 0 0 0 0 0 0 0 0 0
365.8 -746.6 2082.6 0 0 0 0 0 0 0 0 0
132.5 110.6 2353.3 77 0.9679715037 -0.0331918336 0.2488563359 -0.0408778936 0.9571583271 0.2866652906 -0.2477098554 -0.2876565456 0.9251451492
139.1 -81.1 2410.9 0.9679715037 -0.0331918336 0.2488563359 -0.0408778936 0.9571583271 0.2866652906 -0.2477098554 -0.2876565456 0.9251451492
145.7 -271.1 2468.9 0.9680160284 -0.0329238512 0.2487186193 -0.0421669409 0.9558997154 0.2906504571 -0.2473193854 -0.2918420136 0.9239379764
2.9 -75.2 2445.7 0.0924336314 -0.8623846173 -0.4977437556 0.9695971012 0.1917054355 -0.1520871669 0.2265778035 -0.4685529172 0.8538855910
-21.6 -332.2 2385.6 -0.2795473933 -0.8623846173 -0.4220735431 0.5913078189 0.1917054355 -0.7833288312 0.7564445138 -0.4685529172 0.4563440084
275.3 -87.0 2376.1 -0.0064576357 0.6507773995 0.7592411041 -0.9679469466 0.1865639836 -0.1681445688 -0.2510717213 -0.7359909415 0.6287132502
273.8 -322.4 2315.0 -0.5376277566 0.6507773995 0.5361391306 -0.5712501407 0.1865639836 -0.7992916703 -0.6201851964 -0.7359909415 0.2714546919
63.1 -457.0 2550.2 0.8371556401 0.5456501842 0.0378997512 0.1086717993 -0.0980179310 -0.9892334938 -0.5360605717 0.8322610259 -0.1413530409
-159.5 -417.0 2210.7 0.8371556401 -0.1280117482 0.5317739248 0.1086717993 0.9917719960 0.0676664636 -0.5360605717 0.0011414683 0.8441787362
244.1 -464.3 2503.6 0.9789064527 -0.1116269380 0.1711187810 0.1456744820 -0.2059050053 -0.9676683545 0.1432520598 0.9721844196 -0.1853005439
291.4 -377.0 2091.5 0.9789064527 -0.1476204991 -0.1412458718 0.1456744820 0.9890395403 -0.0240773950 0.1432520598 0.0029935983 0.9896817207
51.1 -486.0 2188.9 0 0 0 0 0 0 0 0 0
134.0 -470.9 2153.8 0 0 0 0 0 0 0 0 0
-110.6 -796.1 2210.2 0 0 0 0 0 0 0 0 0
347.8 -754.6 2090.3 0 0 0 0 0 0 0 0 0
134.0 114.6 2353.5 78 0.9682952762 -0.0253625773 0.2485174984 -0.0464913510 0.9591560960 0.2790307701 -0.2454439998 -0.2817381024 0.9275671840
139.1 -77.7 2410.0 0.9682952762 -0.0253625773 0.2485174984 -0.0464913510 0.9591560960 0.2790307701 -0.2454439998 -0.2817381024 0.9275671840
144.0 -268.3 2466.5 0.9683247805 -0.0247592367 0.2484635115 -0.0476188324 0.9584974647 0.2810962498 -0.2451113611 -0.2840240002 0.9269577861
2.8 -71.0 2444.5 0.1009580716 -0.8545042276 -0.5095390081 0.9714049697 0.1952900887 -0.1350338906 0.2148949355 -0.4813359678 0.8497857451
-24.3 -331.9 2386.8 -0.2915922999 -0.8545042276 -0.4298795760 0.5865213871 0.1952900887 -0.7860371470 0.7556232810 -0.4813359678 0.4442399442
275.4 -84.4 2375.5 -0.0077250218 0.6400594711 0.7682865262 -0.9672008157 0.1902935505 -0.1682586372 -0.2538954914 -0.7443871498 0.6175960302
273.5 -324.5 2312.5 -0.5621103644 0.6400594711 0.5237898231 -0.5445109606 0.1902935505 -0.8168820143 -0.6225268841 -0.7443871498 0.2415534258
62.0 -457.6 2549.7 0.8403827548 0.5399416089 0.0471156910 0.1020524204 -0.0722619295 -0.9921509624 -0.5322988629 0.8385948539 -0.1158300266
-155.4 -428.5 2212.0 0.8403827548 -0.1155104935 0.5295414329 0.1020524204 0.9932734966 0.0547084957 -0.5322988629 0.0080649089 0.8465180993
241.3 -465.3 2503.7 0.9824924469 -0.1143688858 0.1470656395 0.1231556460 -0.1936042160 -0.9733191133 0.1397899538 0.9743906856 -0.1761295199
289.2 -384.2 2095.8 0.9824924469 -0.1272052974 -0.1361152232 0.1231556460 0.9916670322 -0.0378047787 0.1397899538 0.0203795526 0.9899714589
51.6 -484.4 2190.3 0 0 0 0 0 0 0 0 0
127.3 -466.0 2150.7 0 0 0 0 0 0 0 0 0
-111.3 -808.2 2208.9 0 0 0 0 0 0 0 0 0
337.7 -763.0 2088.0 0 0 0 0 0 0 0 0 0
131.0 110.0 2346.2 79 0.9715223908 -0.0320366956 0.2347721010 -0.0419927388 0.9518542886 0.3036611080 -0.2331971228 -0.3048722744 0.9234024286
137.5 -81.8 2407.6 0.9715223908 -0.0320366956 0.2347721010 -0.0419927388 0.9518542886 0.3036611080 -0.2331971228 -0.3048722744 0.9234024286
143.9 -271.3 2467.4 0.9714890718 -0.0320519023 0.2349077314 -0.0410031937 0.9531742334 0.2996291518 -0.2335116863 -0.3007183969 0.9246841073
0.8 -76.1 2440.5 0.0893050730 -0.8678928614 -0.4886579812 0.9727310538 0.1814396679 -0.1444781125 0.2140534669 -0.4624301493 0.8604298234
-22.8 -332.6 2384.0 -0.2816828489 -0.8678928614 -0.4091659486 0.5870191455 0.1814396679 -0.7889791727 0.7589883208 -0.4624301493 0.4583612680
274.2 -87.6 2374.7 0.0065924702 0.6322289705 0.7747535706 -0.9677596092 0.1991169155 -0.1542523503 -0.2517893314 -0.7487583160 0.6131583452
275.8 -323.8 2313.3 -0.5743514895 0.6322289705 0.5200066566 -0.5281738639 0.1991169155 -0.8254603744 -0.6254220605 -0.7487583160 0.2195637226
59.4 -454.6 2545.5 0.8422948122 0.5374664664 0.0408555567 0.0957047045 -0.0745306313 -0.9926156402 -0.5304526687 0.8399850726 -0.1142148376
-155.6 -424.8 2209.3 0.8422948122 -0.1153859869 0.5265220404 0.0957047045 0.9933126569 0.0645799786 -0.5304526687 -0.0040047420 0.8477051258
241.1 -465.5 2507.3 0.9800596833 -0.1287791580 0.1513238698 0.1293560416 -0.1645808220 -0.9778446555 0.1508310139 0.9779207706 -0.1446406692
294.1 -397.7 2104.3 0.9800596833 -0.1318634152 -0.1486439407 0.1293560416 0.9912452698 -0.0264547355 0.1508310139 0.0066992268 0.9885368347
50.5 -485.3 2186.6 0 0 0 0 0 0 0 0 0
126.4 -461.2 2150.6 0 0 0 0 0 0 0 0 0
-111.5 -804.5 2210.9 0 0 0 0 0 0 0 0 0
344.5 -776.4 2101.8 0 0 0 0 0 0 0 0 0
129.7 110.8 2342.0 80 0.9726499319 -0.0328229405 0.2299451679 -0.0431054160 0.9472622275 0.3175470531 -0.2282412052 -0.3187740147 0.9199396968
136.3 -79.8 2406.1 0.9726499319 -0.0328229405 0.2299451679 -0.0431054160 0.9472622275 0.3175470531 -0.2282412052 -0.3187740147 0.9199396968
142.7 -268.4 2468.8 0.9726413488 -0.0322083123 0.2300683111 -0.0428554825 0.9484694004 0.3139572442 -0.2283247858 -0.3152274787 0.9211402535
-0.6 -73.8 2438.3 0.0825414583 -0.8692411184 -0.4874492288 0.9743726850 0.1730867475 -0.1436621100 0.2092480212 -0.4630991518 0.8612516522
-22.6 -333.6 2382.5 -0.2863279879 -0.8692411184 -0.4030336440 0.5873717666 0.1730867475 -0.7905917764 0.7569746971 -0.4630991518 0.4610081315
273.2 -85.9 2374.0 0.0043713576 0.6303075552 0.7763332129 -0.9673925638 0.1992710382 -0.1563416719 -0.2532440722 -0.7503355145 0.6106259227
274.3 -327.3 2310.8 -0.5796870589 0.6303075552 0.5164061189 -0.5220865011 0.1992710382 -0.8292868733 -0.6256105900 -0.7503355145 0.2135602385
60.7 -457.1 2548.6 0.8454763293 0.5334971547 0.0234641265 0.0824208334 -0.0869540647 -0.9927969575 -0.5276140571 0.8413202167 -0.1174888834
-157.3 -421.5 2204.8 0.8454763293 -0.1192526072 0.5205272436 0.0824208334 0.9922074676 0.0934407562 -0.5276140571 -0.0360996574 0.8487167954
239.2 -461.3 2511.3 0.9794225097 -0.1357963830 0.1493012905 0.1297776848 -0.1427775621 -0.9812096357 0.1545615941 0.9803947806 -0.1222162247
294.7 -402.9 2110.3 0.9794225097 -0.1303471774 -0.1540816128 0.1297776848 0.9914472103 -0.0137923909 0.1545615941 -0.0064877779 0.9879618287
51.9 -486.3 2185.6 0 0 0 0 0 0 0 0 0
123.5 -463.1 2148.0 0 0 0 0 0 0 0 0 0
-111.8 -800.6 2218.5 0 0 0 0 0 0 0 0 0
344.5 -781.8 2112.8 0 0 0 0 0 0 0 0 0
131.0 109.9 2346.9 81 0.9726940989 -0.0270810369 0.2305055559 -0.0462147333 0.9506805539 0.3067093492 -0.2274431735 -0.3089871407 0.9234698415
136.5 -81.2 2409.0 0.9726940989 -0.0270810369 0.2305055559 -0.0462147333 0.9506805539 0.3067093492 -0.2274431735 -0.3089871407 0.9234698415
141.9 -270.3 2470.0 0.9726799130 -0.0270913448 0.2305641323 -0.0457171947 0.9513657093 0.3046526313 -0.2276042700 -0.3068702519 0.9241358042
-0.4 -74.8 2441.0 0.0911654904 -0.8621246815 -0.4984274209 0.9735087156 0.1825459898 -0.1376870573 0.2096893340 -0.4726711512 0.8559277654
-24.6 -333.4 2385.3 -0.2933547497 -0.8621246815 -0.4131392539 0.5807859302 0.1825459898 -0.7933250666 0.7593620420 -0.4726711512 0.4471591413
273.4 -87.6 2376.9 0.0062850076 0.6309071779 0.7758328319 -0.9654127359 0.2060574740 -0.1597451419 -0.2606505156 -0.7479948997 0.6103809476
274.9 -326.0 2312.6 -0.5770593882 0.6309071779 0.5186121464 -0.5198048353 0.2060574740 -0.8290616274 -0.6299248934 -0.7479948997 0.2090412229
59.7 -453.0 2552.4 0.8442417383 0.5344288945 0.0405169763 0.1005609557 -0.0836950392 -0.9914043546 -0.5264440775 0.8410593867 -0.1244015247
-158.9 -418.8 2208.4 0.8442417383 -0.1222661287 0.5218303204 0.1005609557 0.9924761057 0.0698473305 -0.5264440775 -0.0064922785 0.8501849771
236.9 -463.9 2510.5 0.9800151587 -0.1389561594 0.1423429102 0.1217473075 -0.1469077319 -0.9816291332 0.1573146731 0.9793412685 -0.1270542592
293.5 -404.0 2111.4 0.9800151587 -0.1238097548 -0.1556966901 0.1217473075 0.9923003316 -0.0227510165 0.1573146731 0.0033406876 0.9875428677
51.7 -484.4 2187.8 0 0 0 0 0 0 0 0 0
124.8 -461.3 2148.6 0 0 0 0 0 0 0 0 0
-112.2 -797.9 2210.9 0 0 0 0 0 0 0 0 0
340.9 -783.3 2110.1 0 0 0 0 0 0 0 0 0
131.5 110.4 2342.8 82 0.9763970375 -0.0257115271 0.2144474983 -0.0439324640 0.9484891295 0.3137487471 -0.2114680856 -0.3157645464 0.9249724150
136.7 -80.8 2406.5 0.9763970375 -0.0257115271 0.2144474983 -0.0439324640 0.9484891295 0.3137487471 -0.2114680856 -0.3157645464 0.9249724150
141.7 -269.6 2468.4 0.9763892889 -0.0250366740 0.2145626992 -0.0436417684 0.9499172568 0.3094392419 -0.2115641385 -0.3114970624 0.9263963699
-0.7 -74.7 2436.3 0.0838729888 -0.8711076975 -0.4838767350 0.9772396684 0.1668583900 -0.1309995055 0.1948535740 -0.4618762434 0.8652759194
-22.8 -332.5 2384.9 -0.2897682488 -0.8711076975 -0.3964917958 0.5846956372 0.1668583900 -0.7939075828 0.7577370405 -0.4618762434 0.4609825909
274.1 -86.9 2376.7 0.0031124577 0.6362043619 0.7715142965 -0.9656981230 0.2022369355 -0.1628723145 -0.2596487701 -0.7445430160 0.6150107980
274.9 -326.1 2312.4 -0.5789857507 0.6362043619 0.5099211335 -0.5126696825 0.2022369355 -0.8344279528 -0.6339915991 -0.7445430160 0.2090703845
57.9 -453.4 2550.0 0.8512742519 0.5222579241 0.0507815257 0.1097928807 -0.0826490521 -0.9905123115 -0.5131058693 0.8487731218 -0.1276972145
-154.5 -419.7 2204.7 0.8512742519 -0.1294265240 0.5085085034 0.1097928807 0.9915857315 0.0685802475 -0.5131058693 -0.0025499871 0.8583215475
235.8 -465.1 2510.1 0.9810010195 -0.1194692701 0.1528532356 0.1313929409 -0.1705269068 -0.9765533805 0.1427337080 0.9780836701 -0.1515896469
285.1 -394.8 2106.8 0.9810010195 -0.1358387917 -0.1385093480 0.1313929409 0.9904906154 -0.0407946743 0.1427337080 0.0218204651 0.9895205498
52.6 -484.5 2187.8 0 0 0 0 0 0 0 0 0
124.2 -459.5 2147.4 0 0 0 0 0 0 0 0 0
-105.1 -798.7 2205.7 0 0 0 0 0 0 0 0 0
337.0 -773.4 2098.5 0 0 0 0 0 0 0 0 0
131.6 110.3 2340.8 83 0.9756211638 -0.0271519683 0.2177752852 -0.0448333696 0.9467313290 0.3188883662 -0.2148331255 -0.3208778501 0.9224337935
137.0 -80.2 2405.4 0.9756211638 -0.0271519683 0.2177752852 -0.0448333696 0.9467313290 0.3188883662 -0.2148331255 -0.3208778501 0.9224337935
142.0 -268.5 2468.9 0.9756672978 -0.0250140950 0.2178246528 -0.0465083458 0.9472523928 0.3170960546 -0.2142667919 -0.3195109069 0.9230398536
-0.3 -73.6 2435.5 0.0795517117 -0.8759535551 -0.4757907689 0.9782214761 0.1603968143 -0.1317406297 0.1917140037 -0.4549485445 0.8696364760
-21.6 -335.2 2384.3 -0.2897858322 -0.8759535551 -0.3856546283 0.5790072083 0.1603968143 -0.7993894815 0.7620858550 -0.4549485445 0.4607026875
274.3 -86.7 2375.2 0.0067802402 0.6527634859 0.7575314045 -0.9695381522 0.1897787750 -0.1548542380 -0.2448465824 -0.7334056497 0.6341658235
276.0 -324.1 2315.3 -0.5748926401 0.6527634859 0.4933541417 -0.5063786507 0.1897787750 -0.8411686420 -0.6427122951 -0.7334056497 0.2214430720
57.0 -453.5 2548.8 0.8481563330 0.5256117582 0.0660534352 0.1031007394 -0.0414778776 -0.9938057065 -0.5196162462 0.8497127891 -0.0893706828
-154.2 -436.9 2207.4 0.8481563330 -0.1263590902 0.5144551992 0.1031007394 0.9919397235 0.0736605376 -0.5196162462 -0.0094349450 0.8543477058
236.3 -462.4 2512.3 0.9834847450 -0.0974946618 0.1524878144 0.1345926225 -0.1693237573 -0.9763269424 0.1210064739 0.9807264209 -0.1534052640
276.7 -392.1 2105.1 0.9834847450 -0.1387340426 -0.1162351370 0.1345926225 0.9899767041 -0.0427897759 0.1210064739 0.0264387000 0.9922995567
53.8 -485.8 2186.1 0 0 0 0 0 0 0 0 0
126.4 -455.8 2148.0 0 0 0 0 0 0 0 0 0
-105.9 -816.0 2211.0 0 0 0 0 0 0 0 0 0
329.8 -770.5 2095.0 0 0 0 0 0 0 0 0 0
132.2 108.8 2340.8 84 0.9740489721 -0.0283679850 0.2245524675 -0.0470893644 0.9450061321 0.3236449361 -0.2213846147 -0.3258200586 0.9191464186
137.9 -81.4 2406.4 0.9740489721 -0.0283679850 0.2245524675 -0.0470893644 0.9450061321 0.3236449361 -0.2213846147 -0.3258200586 0.9191464186
143.1 -269.3 2470.9 0.9740932584 -0.0264493916 0.2245946676 -0.0486156754 0.9454259276 0.3221899271 -0.2208593488 -0.3247618675 0.9196471572
0.8 -74.5 2437.4 0.0870867223 -0.8687182665 -0.4875904620 0.9763954878 0.1715440750 -0.1312421113 0.1976556778 -0.4646516740 0.8631517887
-22.4 -334.1 2384.9 -0.2919206917 -0.8687182665 -0.4001385570 0.5805358291 0.1715440750 -0.7959590554 0.7601055503 -0.4646516740 0.4542448223
275.0 -88.2 2375.3 0.0095990552 0.6582427025 0.7527446151 -0.9712133408 0.1853203923 -0.1496697068 -0.2380179018 -0.7296388745 0.6410729885
277.3 -322.5 2317.9 -0.5747377276 0.6582427025 0.4862027466 -0.5022662282 0.1853203923 -0.8446211815 -0.6460689902 -0.7296388745 0.2241024673
57.4 -452.1 2551.6 0.8458799124 0.5299953222 0.0599349476 0.1085570008 -0.0610532053 -0.9922136068 -0.5222093463 0.8457999229 -0.1091783792
-157.7 -427.3 2208.3 0.8458799124 -0.1340409815 0.5162559748 0.1085570008 0.9909132719 0.0794117972 -0.5222093463 -0.0111296391 0.8527446985
237.7 -462.4 2515.0 0.9851614833 -0.0812847465 0.1511609554 0.1360320151 -0.1672313809 -0.9764880538 0.1046524420 0.9825611711 -0.1536925882
271.6 -392.7 2105.5 0.9851614833 -0.1396537274 -0.0997681394 0.1360320151 0.9898027182 -0.0422592834 0.1046524420 0.0280605555 0.9941129088
53.6 -485.1 2187.2 0 0 0 0 0 0 0 0 0
127.7 -453.2 2149.7 0 0 0 0 0 0 0 0 0
-106.4 -806.1 2212.6 0 0 0 0 0 0 0 0 0
324.9 -771.1 2094.8 0 0 0 0 0 0 0 0 0
132.3 109.1 2339.8 85 0.9731649756 -0.0292035379 0.2282479703 -0.0478565358 0.9445391893 0.3248930871 -0.2250771821 -0.3270977139 0.9177948236
138.1 -80.9 2405.6 0.9731649756 -0.0292035379 0.2282479703 -0.0478565358 0.9445391893 0.3248930871 -0.2250771821 -0.3270977139 0.9177948236
143.5 -268.8 2470.3 0.9732217789 -0.0267250258 0.2283093184 -0.0497766808 0.9451503754 0.3228204548 -0.2244140208 -0.3255403936 0.9185106158
1.2 -73.9 2437.2 0.0889000148 -0.8602843881 -0.5020035505 0.9757320285 0.1764737070 -0.1296305060 0.2001095265 -0.4782967865 0.8550955057
-22.4 -332.6 2384.1 -0.2977089584 -0.8602843881 -0.4138600826 0.5877035260 0.1764737070 -0.7895958424 0.7523123622 -0.4782967865 0.4530543685
275.1 -87.9 2374.0 0.0047852788 0.6670790911 0.7449715137 -0.9735631943 0.1732391268 -0.1488720328 -0.2283676267 -0.7245644927 0.6502726674
