56.4 2.2 3159.5 1 0.9935235977 0.0918683857 -0.0668658689 -0.1133221611 0.8441320658 -0.5240220428 0.0083025694 0.5282056332 0.8490758538
37.3 -174.0 3049.3 0.9935235977 0.0918683857 -0.0668658689 -0.1133221611 0.8441320658 -0.5240220428 0.0083025694 0.5282056332 0.8490758538
18.9 -336.6 2936.8 0.9932060838 0.0920663700 -0.0711716190 -0.1161916927 0.8182911873 -0.5629378557 0.0064114607 0.5673828721 0.8234291673
-107.1 -157.1 3048.3 0.5321014524 -0.7811574936 -0.3265900016 0.8268663883 0.3964738548 0.3988740146 -0.1820990294 -0.4822877347 0.8568771482
-224.0 -338.7 3088.3 -0.3551331460 -0.7811574936 -0.5134913921 0.3531691432 0.3964738548 -0.8473960161 0.8655356765 -0.4822877347 0.1350797266
181.6 -190.8 3050.2 0.4524790049 0.8125691414 0.3674154282 -0.8698305488 0.3113078773 0.3827299774 0.1966152489 -0.4927664399 0.8476577401
301.5 -421.2 3102.3 -0.5483200550 0.8125691414 0.1976776570 0.1215480193 0.3113078773 -0.9425038099 -0.8273881674 -0.4927664399 -0.2694625258
-103.9 -486.5 2829.6 0.9827148318 0.1221635193 -0.1390959471 -0.1335892379 -0.0522061102 -0.9896607399 -0.1281621009 0.9911360145 -0.0349839851
-156.1 -464.2 2406.2 0.9827148318 0.1384605467 0.1228832155 -0.1335892379 0.9899181724 -0.0470731296 -0.1281621009 0.0298435874 0.9913040996
78.0 -502.1 2814.6 0.9921817183 -0.0058621699 0.1246638596 0.1240620464 -0.0622562915 -0.9903195500 0.0135665303 0.9980430007 -0.0610422827
80.5 -475.0 2379.2 0.9921817183 -0.1246777177 -0.0055596191 0.1240620464 0.9901655316 -0.0646594092 0.0135665303 0.0634641498 0.9978919029
-132.0 -430.1 2864.3 0 0 0 0 0 0 0 0 0
159.7 -389.7 2888.3 0 0 0 0 0 0 0 0 0
-205.2 -814.8 2395.6 0 0 0 0 0 0 0 0 0
128.2 -853.3 2354.9 0 0 0 0 0 0 0 0 0
54.6 3.3 3160.1 2 0.9942959547 0.0946016237 -0.0492558032 -0.1063820273 0.8465383053 -0.5215896368 -0.0076462980 0.5238543749 0.8517735004
34.9 -173.1 3050.9 0.9942959547 0.0946016237 -0.0492558032 -0.1063820273 0.8465383053 -0.5215896368 -0.0076462980 0.5238543749 0.8517735004
15.5 -336.0 2938.9 0.9937562346 0.0976890475 -0.0539015234 -0.1110586599 0.8197523355 -0.5618469715 -0.0107003981 0.5643252134 0.8254832625
-109.9 -156.9 3052.5 0.4121628106 -0.9103531837 -0.0371334292 0.7484335899 0.3150484264 0.5836023092 -0.5195853710 -0.2683310807 0.8111901283
-219.9 -356.7 3191.2 -0.2135105133 -0.9103531837 -0.3545001447 0.1978747100 0.3150484264 -0.9282187819 0.9566916227 -0.2683310807 0.1128697097
179.7 -189.3 3049.4 0.4611058533 0.8021811843 0.3793240190 -0.8665872812 0.3151765168 0.3868982494 0.1908084750 -0.5071184039 0.8404897451
302.0 -419.1 3100.0 -0.5632972121 0.8021811843 0.1979939491 0.1178420186 0.3151765168 -0.9416883588 -0.8178077936 -0.5071184039 -0.2720687091
-90.1 -488.7 2823.7 0.9777702689 0.1503465176 -0.1461548507 -0.1394391954 -0.0543374717 -0.9887386560 -0.1565950960 0.9871389866 -0.0321653672
-154.4 -465.5 2401.5 0.9777702689 0.1439204514 0.1524867862 -0.1394391954 0.9894328117 -0.0397418812 -0.1565950960 0.0175957941 0.9875061512
91.2 -509.9 2824.9 0.9918482304 0.0249240994 0.1249637306 0.1264807880 -0.0733988062 -0.9892498255 -0.0154839735 0.9969911575 -0.0759528875
79.9 -476.7 2374.5 0.9918482304 -0.1258130968 0.0202041883 0.1264807880 0.9913111329 -0.0361223444 -0.0154839735 0.0383833237 0.9991431236
-166.2 -406.6 2950.3 0 0 0 0 0 0 0 0 0
156.0 -388.5 2888.0 0 0 0 0 0 0 0 0 0
-205.6 -817.5 2395.2 0 0 0 0 0 0 0 0 0
128.0 -855.4 2359.8 0 0 0 0 0 0 0 0 0
54.4 4.1 3159.4 3 0.9925979972 0.0857788846 -0.0859717801 -0.1177659333 0.8527871370 -0.5088076591 0.0296706725 0.5151660442 0.8565766811
36.5 -173.6 3052.1 0.9925979972 0.0857788846 -0.0859717801 -0.1177659333 0.8527871370 -0.5088076591 0.0296706725 0.5151660442 0.8565766811
18.8 -338.6 2942.8 0.9920257926 0.0886390433 -0.0895988122 -0.1232871786 0.8301071525 -0.5438036323 0.0261743851 0.5505135655 0.8344157934
-108.1 -155.7 3048.2 0.3991845548 -0.9143639207 0.0677516982 0.6732546687 0.3424800932 0.6553133130 -0.6223984361 -0.2159768045 0.7523125410
-228.2 -358.2 3235.4 -0.1793489605 -0.9143639207 -0.3630048931 0.1356437504 0.3424800932 -0.9296817780 0.9743894339 -0.2159768045 0.0626043081
181.1 -191.6 3055.9 0.4431872368 0.8231892586 0.3548866510 -0.8678065538 0.2947427630 0.4000480473 0.2247149795 -0.4852691591 0.8449952602
298.7 -421.7 3115.5 -0.5331763029 0.8231892586 0.1951473802 0.1075354218 0.2947427630 -0.9495066404 -0.8391419053 -0.4852691591 -0.2456718534
-94.9 -488.8 2827.9 0.9796290994 0.1458281577 -0.1380614042 -0.1314918697 -0.0538138151 -0.9898555279 -0.1517784148 0.9878452420 -0.0335423611
-157.5 -465.7 2403.7 0.9796290994 0.1363935620 0.1473892778 -0.1314918697 0.9904036522 -0.0425499715 -0.1517784148 0.0223027002 0.9881628752
86.9 -509.1 2825.9 0.9907773733 0.0177111998 0.1343370974 0.1352893561 -0.0740953237 -0.9880317450 -0.0075454754 0.9970938563 -0.0758081079
79.0 -475.8 2377.9 0.9907773733 -0.1347731054 0.0140126152 0.1352893561 0.9896948338 -0.0469139405 -0.0075454754 0.0483770296 0.9988006353
-182.6 -392.7 2987.5 0 0 0 0 0 0 0 0 0
160.4 -393.8 2897.9 0 0 0 0 0 0 0 0 0
-205.6 -815.0 2395.8 0 0 0 0 0 0 0 0 0
130.5 -853.9 2359.4 0 0 0 0 0 0 0 0 0
53.4 1.4 3159.1 4 0.9923942089 0.0854599625 -0.0886020139 -0.1194436401 0.8426123857 -0.5251072645 0.0297815036 0.5316963196 0.8464112878
35.4 -176.1 3047.1 0.9923942089 0.0854599625 -0.0886020139 -0.1194436401 0.8426123857 -0.5251072645 0.0297815036 0.5316963196 0.8464112878
17.0 -339.1 2935.1 0.9914522767 0.0925056785 -0.0920060277 -0.1282468587 0.8206049800 -0.5569202304 0.0239823218 0.5639593005 0.8254542351
-109.3 -157.4 3043.6 0.3776944876 -0.9168742895 0.1291837692 0.6583528519 0.3640262783 0.6588295102 -0.6510901451 -0.1637877822 0.7411175370
-229.9 -367.7 3251.6 -0.1452252418 -0.9168742895 -0.3718214631 0.0779991969 0.3640262783 -0.9281169176 0.9863193035 -0.1637877822 0.0186496489
180.1 -194.8 3050.6 0.4395963848 0.8244588375 0.3564022779 -0.8731324673 0.2991670370 0.3848880231 0.2107005268 -0.4803817868 0.8513745666
296.8 -426.5 3106.5 -0.5327582955 0.8244588375 0.1908826977 0.1239861399 0.2991670370 -0.9461112618 -0.8371356130 -0.4803817868 -0.2616051733
-89.7 -492.3 2831.1 0.9780612588 0.1553856283 -0.1387496740 -0.1318236142 -0.0540748611 -0.9897971749 -0.1613031179 0.9863727689 -0.0324050337
-157.2 -468.8 2402.5 0.9780612588 0.1378631592 0.1561727077 -0.1318236142 0.9900888801 -0.0484412648 -0.1613031179 0.0267912727 0.9865412116
91.9 -514.8 2835.9 0.9921466112 0.0242089350 0.1227150485 0.1244010925 -0.0888891295 -0.9882424474 -0.0130162630 0.9957472682 -0.0912026688
80.8 -473.8 2376.6 0.9921466112 -0.1236955076 0.0185600687 0.1244010925 0.9912776351 -0.0435094051 -0.0130162630 0.0454766005 0.9988806248
-192.8 -387.6 2999.3 0 0 0 0 0 0 0 0 0
158.5 -394.3 2889.2 0 0 0 0 0 0 0 0 0
-205.5 -815.8 2393.1 0 0 0 0 0 0 0 0 0
128.0 -852.5 2359.3 0 0 0 0 0 0 0 0 0
53.2 1.8 3159.9 5 0.9937865138 0.1077233255 -0.0280014593 -0.1063318849 0.8445169330 -0.5248663425 -0.0328926407 0.5245825052 0.8507239819
30.5 -176.0 3049.5 0.9937865138 0.1077233255 -0.0280014593 -0.1063318849 0.8445169330 -0.5248663425 -0.0328926407 0.5245825052 0.8507239819
8.4 -339.2 2938.4 0.9932725430 0.1111138463 -0.0326093137 -0.1102438644 0.8211665154 -0.5599391460 -0.0354393125 0.5597671270 0.8278917670
-114.3 -160.0 3054.6 0.3118795753 -0.9311006665 0.1891631186 0.6552916765 0.3549588919 0.6667810678 -0.6879854202 -0.0839983597 0.7208469510
-216.6 -374.9 3280.3 -0.0692377687 -0.9311006665 -0.3581308126 0.0541079491 0.3549588919 -0.9333148003 0.9961317778 -0.0839983597 0.0258033853
175.3 -192.1 3044.3 0.4666479528 0.7888772488 0.3998905122 -0.8656864762 0.3147766888 0.3892332613 0.1811810434 -0.5278146863 0.8298102617
299.0 -421.7 3092.3 -0.5838096142 0.7888772488 0.1919350624 0.1156174019 0.3147766888 -0.9420977831 -0.8036161661 -0.5278146863 -0.2749775946
-92.3 -490.5 2820.9 0.9785994291 0.1534163654 -0.1371370405 -0.1307162046 -0.0512326807 -0.9900951982 -0.1589227021 0.9868326187 -0.0300822686
-157.3 -468.7 2402.7 0.9785994291 0.1364231557 0.1540515274 -0.1307162046 0.9903224111 -0.0466344543 -0.1589227021 0.0254994202 0.9869616628
89.4 -513.9 2825.3 0.9919452071 0.0224651340 0.1246596724 0.1261734217 -0.0883795619 -0.9880633950 -0.0111796102 0.9958335161 -0.0905021876
79.5 -474.9 2385.3 0.9919452071 -0.1247806624 0.0217830706 0.1261734217 0.9885319471 -0.0829748064 -0.0111796102 0.0850549117 0.9963135719
-198.8 -388.8 3025.1 0 0 0 0 0 0 0 0 0
147.7 -391.8 2884.0 0 0 0 0 0 0 0 0 0
-205.1 -816.0 2393.8 0 0 0 0 0 0 0 0 0
127.1 -852.3 2352.8 0 0 0 0 0 0 0 0 0
52.4 4.8 3173.4 6 0.9965378046 0.0760447681 -0.0336097889 -0.0819141865 0.8288429976 -0.5534522533 -0.0142299095 0.5542891622 0.8322024941
36.3 -170.1 3056.3 0.9965378046 0.0760447681 -0.0336097889 -0.0819141865 0.8288429976 -0.5534522533 -0.0142299095 0.5542891622 0.8322024941
19.3 -330.1 2940.0 0.9956474304 0.0856422633 -0.0367643088 -0.0909150839 0.8056733608 -0.5853416920 -0.0205099620 0.5861364007 0.8099527955
-108.9 -156.8 3059.3 0.3069447577 -0.9345877767 0.1798070669 0.6755175591 0.3470245004 0.6505766511 -0.6704184413 -0.0782282725 0.7378478050
-211.2 -381.9 3282.6 -0.0790403411 -0.9345877767 -0.3468404412 0.0118374759 0.3470245004 -0.9377813339 0.9968011379 -0.0782282725 -0.0163657758
181.6 -183.4 3053.4 0.4801656902 0.7919694781 0.3771276772 -0.8616638780 0.3453539908 0.3718412519 0.1642443687 -0.5035027266 0.8482386470
309.0 -412.1 3097.0 -0.5716536641 0.7919694781 0.2144678980 0.1297471672 0.3453539908 -0.9294602275 -0.8101714253 -0.5035027266 -0.3001786768
-103.3 -491.7 2830.0 0.9822128415 0.1202224493 -0.1442376822 -0.1388448775 -0.0521312617 -0.9889410734 -0.1264122128 0.9913772941 -0.0345117263
-155.1 -469.2 2402.3 0.9822128415 0.1424191892 0.1223712564 -0.1388448775 0.9896114469 -0.0372998714 -0.1264122128 0.0196457915 0.9917832613
78.2 -512.0 2824.0 0.9927282333 -0.0073514041 0.1201522723 0.1191743389 -0.0807171091 -0.9895868897 0.0169731975 0.9967099428 -0.0792540535
81.4 -476.4 2384.5 0.9927282333 -0.1201454327 -0.0074623865 0.1191743389 0.9896610379 -0.0798029825 0.0169731975 0.0783333480 0.9967827201
-190.8 -384.9 3026.4 0 0 0 0 0 0 0 0 0
160.6 -378.4 2886.7 0 0 0 0 0 0 0 0 0
-205.1 -816.6 2395.4 0 0 0 0 0 0 0 0 0
127.3 -854.4 2354.6 0 0 0 0 0 0 0 0 0
53.0 5.1 3180.1 7 0.9960304499 0.0748438388 -0.0481850095 -0.0889921188 0.8254243731 -0.5574540496 -0.0019489224 0.5595293045 0.8288083076
37.2 -168.4 3062.4 0.9960304499 0.0748438388 -0.0481850095 -0.0889921188 0.8254243731 -0.5574540496 -0.0019489224 0.5595293045 0.8288083076
21.5 -328.0 2945.2 0.9955333471 0.0793929398 -0.0510889925 -0.0942409188 0.8032648563 -0.5881192088 -0.0056545194 0.5903069377 0.8071590662
-108.1 -154.7 3063.2 0.3173855841 -0.9313043356 0.1787137836 0.6735928655 0.3540568948 0.6487806439 -0.6674870849 -0.0855332911 0.7396925092
-214.7 -380.8 3287.3 -0.0902004316 -0.9313043356 -0.3528967500 0.0033330792 0.3540568948 -0.9352179766 0.9959180355 -0.0855332911 -0.0288319718
182.5 -182.2 3061.6 0.4747326672 0.8007674813 0.3652400970 -0.8638570905 0.3445084393 0.3675117195 0.1684631407 -0.4899850488 0.8552981019
308.6 -411.5 3106.3 -0.5586775541 0.8007674813 0.2159880698 0.1346040666 0.3445084393 -0.9290832281 -0.8183893561 -0.4899850488 -0.3002556860
-88.2 -481.4 2825.3 0.9774842262 0.1541676968 -0.1440724283 -0.1400556266 -0.0366639756 -0.9894645810 -0.1578257382 0.9873642325 -0.0142464051
-153.5 -465.9 2407.4 0.9774842262 0.1472673714 0.1511187106 -0.1400556266 0.9884805679 -0.0573639460 -0.1578257382 0.0349073298 0.9868497849
94.0 -498.2 2821.8 0.9907960892 0.0317127332 0.1315958202 0.1331116110 -0.0516890101 -0.9897522926 -0.0245856922 0.9981595874 -0.0554345995
80.1 -475.6 2385.1 0.9907960892 -0.1307259947 0.0351264700 0.1331116110 0.9880719781 -0.0774275064 -0.0245856922 0.0813906118 0.9963790178
-191.4 -381.7 3030.7 0 0 0 0 0 0 0 0 0
163.5 -376.6 2893.8 0 0 0 0 0 0 0 0 0
-205.8 -817.0 2395.0 0 0 0 0 0 0 0 0 0
130.1 -853.0 2354.0 0 0 0 0 0 0 0 0 0
53.1 3.8 3183.4 8 0.9964517355 0.0759233013 -0.0363256596 -0.0831655785 0.8218388557 -0.5636172295 -0.0129378466 0.5646384358 0.8252369761
37.0 -169.9 3064.1 0.9964517355 0.0759233013 -0.0363256596 -0.0831655785 0.8218388557 -0.5636172295 -0.0129378466 0.5646384358 0.8252369761
21.9 -328.0 2944.9 0.9962992668 0.0762538910 -0.0396618880 -0.0847866312 0.7961801887 -0.5990896225 -0.0141049027 0.6002353430 0.7996990681
-108.4 -157.5 3066.2 0.3050190508 -0.9347647429 0.1821490675 0.6836501956 0.3480738103 0.6414569616 -0.6630126834 -0.0711303651 0.7452211976
-211.2 -387.9 3289.6 -0.0807169303 -0.9347647429 -0.3459764123 -0.0130983358 0.3480738103 -0.9373756051 0.9966509938 -0.0711303651 -0.0403393097
182.5 -182.2 3062.1 0.4840381444 0.7938809991 0.3680489361 -0.8614410162 0.3584300280 0.3597878218 0.1537089348 -0.4912034869 0.8573754430
311.0 -410.9 3102.9 -0.5659146309 0.7938809991 0.2224715352 0.1399655044 0.3584300280 -0.9230046272 -0.8124963641 -0.4912034869 -0.3139567375
-85.2 -478.8 2828.3 0.9760167003 0.1612786651 -0.1462210864 -0.1438639760 -0.0262614395 -0.9892489314 -0.1633847207 0.9865594506 -0.0024294120
-154.7 -467.4 2402.9 0.9760167003 0.1493389904 0.1583959609 -0.1438639760 0.9885485172 -0.0455515757 -0.1633847207 0.0216716230 0.9863243699
97.2 -496.1 2827.5 0.9913819432 0.0368890986 0.1257019490 0.1271837503 -0.0410204083 -0.9910305738 -0.0314018801 0.9984771013 -0.0453585871
80.7 -477.8 2381.9 0.9913819432 -0.1250606179 0.0390080065 0.1271837503 0.9901958704 -0.0577614978 -0.0314018801 0.0622248948 0.9975680113
-190.4 -384.5 3032.5 0 0 0 0 0 0 0 0 0
164.0 -374.6 2891.8 0 0 0 0 0 0 0 0 0
-207.6 -817.5 2395.2 0 0 0 0 0 0 0 0 0
128.5 -856.1 2358.1 0 0 0 0 0 0 0 0 0
53.8 4.3 3185.1 9 0.9963369370 0.0854579583 -0.0031123552 -0.0722174421 0.8213614821 -0.5658179522 -0.0457972772 0.5639700890 0.8245243430
35.8 -168.5 3066.4 0.9963369370 0.0854579583 -0.0031123552 -0.0722174421 0.8213614821 -0.5658179522 -0.0457972772 0.5639700890 0.8245243430
18.7 -326.4 2947.1 0.9962433577 0.0863145441 -0.0069964398 -0.0730976462 0.7948676348 -0.6023637652 -0.0464315154 0.6006123424 0.7981910110
-109.6 -157.8 3073.2 0.2749675214 -0.9403432012 0.2003684342 0.6888691783 0.3380660117 0.6412258744 -0.6707101464 -0.0382886343 0.7407306433
-202.4 -390.4 3299.6 -0.0473892093 -0.9403432012 -0.3369108438 -0.0187040698 0.3380660117 -0.9409365058 0.9987013936 -0.0382886343 -0.0336089246
181.3 -179.2 3059.7 0.4984816313 0.7735105753 0.3914044201 -0.8563978076 0.3693255484 0.3608067036 0.1345321685 -0.5150533915 0.8465347290
313.6 -406.5 3095.4 -0.5932970047 0.7735105753 0.2228900939 0.1361555606 0.3693255484 -0.9192715883 -0.7933853269 -0.5150533915 -0.3244375288
-84.4 -478.3 2826.9 0.9757918715 0.1691865772 -0.1385860592 -0.1365025043 -0.0239422861 -0.9903503656 -0.1708720475 0.9852932096 -0.0002682970
-157.4 -468.0 2401.9 0.9757918715 0.1422733217 0.1660978347 -0.1365025043 0.9895842671 -0.0457164794 -0.1708720475 0.0219369996 0.9850490093
98.2 -493.9 2824.4 0.9914015532 0.0409275517 0.1242897958 0.1258724183 -0.0386674665 -0.9912925959 -0.0357652083 0.9984136224 -0.0434866361
80.0 -476.8 2382.2 0.9914015532 -0.1234866157 0.0432905592 0.1258724183 0.9903748035 -0.0575663410 -0.0357652083 0.0625204444 0.9974026680
-190.2 -385.6 3042.0 0 0 0 0 0 0 0 0 0
159.5 -371.1 2889.4 0 0 0 0 0 0 0 0 0
-207.2 -814.1 2394.2 0 0 0 0 0 0 0 0 0
127.2 -855.2 2358.3 0 0 0 0 0 0 0 0 0
53.2 3.8 3185.9 0 0.9951580167 0.0832113698 -0.0523106121 -0.0981803238 0.8166785240 -0.5686798692 -0.0045996751 0.5710622072 0.8208939433
35.6 -169.3 3064.9 0.9951580167 0.0832113698 -0.0523106121 -0.0981803238 0.8166785240 -0.5686798692 -0.0045996751 0.5710622072 0.8208939433
18.0 -326.8 2945.1 0.9945031404 0.0886590779 -0.0557056107 -0.1043131053 0.7928124070 -0.6004725099 -0.0090732388 0.6029826403 0.7977027297
-109.5 -154.1 3066.2 0.3211306632 -0.9270845056 0.1933633387 0.6783308387 0.3676503897 0.6361607313 -0.6608648896 -0.0731264055 0.7469338179
-217.9 -383.1 3289.4 -0.0847989693 -0.9270845056 -0.3651348054 -0.0156720039 0.3676503897 -0.9298320413 0.9962748289 -0.0731264055 -0.0457056463
180.6 -184.5 3063.6 0.4659250379 0.8034403920 0.3706714809 -0.8714603186 0.3441471159 0.3494562805 0.1532017887 -0.4858459234 0.8605132103
304.3 -415.7 3104.2 -0.5585140586 0.8034403920 0.2062657475 0.1529456675 0.3441471159 -0.9263748527 -0.8152727485 -0.4858459234 -0.3150937259
-89.7 -477.6 2832.1 0.9784878492 0.1564937085 -0.1344293952 -0.1333317012 -0.0175395794 -0.9909162521 -0.1574299932 0.9875231981 0.0037033057
-157.3 -470.1 2405.4 0.9784878492 0.1391119212 0.1523463726 -0.1333317012 0.9899290204 -0.0475724414 -0.1574299932 0.0262364559 0.9871815443
92.9 -491.1 2823.6 0.9930779338 0.0248986054 0.1147881150 0.1156099662 -0.0345513821 -0.9926936030 -0.0207505990 0.9990926981 -0.0371907428
81.8 -475.7 2380.7 0.9930779338 -0.1141522303 0.0276680123 0.1156099662 0.9915673137 -0.0585542582 -0.0207505990 0.0613476373 0.9979007244
-196.0 -379.1 3032.4 0 0 0 0 0 0 0 0 0
159.3 -376.0 2892.7 0 0 0 0 0 0 0 0 0
-205.7 -814.8 2396.3 0 0 0 0 0 0 0 0 0
125.5 -854.6 2357.2 0 0 0 0 0 0 0 0 0
54.3 3.6 3186.3 1 0.9959522486 0.0823018849 -0.0361313038 -0.0881615505 0.8161606789 -0.5710598230 -0.0175103489 0.5719336867 0.8201129436
36.9 -168.4 3065.8 0.9959522486 0.0823018849 -0.0361313038 -0.0881615505 0.8161606789 -0.5710598230 -0.0175103489 0.5719336867 0.8201129436
19.7 -325.4 2945.4 0.9954391122 0.0867247880 -0.0397472344 -0.0930394232 0.7904422879 -0.6054293513 -0.0210878365 0.6063660979 0.7949059606
-108.4 -154.8 3068.9 0.3056840301 -0.9318412542 0.1955226511 0.6852545142 0.3578855693 0.6343060732 -0.6610473394 -0.0599144511 0.7479483485
-211.7 -386.4 3292.4 -0.0728230998 -0.9318412542 -0.3554836512 -0.0226878673 0.3578855693 -0.9334897995 0.9970867634 -0.0599144511 -0.0472038276
182.2 -182.0 3062.8 0.4775427580 0.7938476801 0.3765086532 -0.8668614030 0.3558643460 0.3491587639 0.1431928724 -0.4931190908 0.8580963612
309.0 -412.0 3100.8 -0.5696342587 0.7938476801 0.2128912061 0.1512743682 0.3558643460 -0.9222128987 -0.8078569770 -0.4931190908 -0.3228013217
-90.6 -474.8 2826.1 0.9789310694 0.1530817151 -0.1351293772 -0.1344257593 -0.0149856992 -0.9908103347 -0.1536999643 0.9880998731 0.0059081600
-155.9 -468.4 2404.7 0.9789310694 0.1405564845 0.1481142640 -0.1344257593 0.9896273017 -0.0506702885 -0.1536999643 0.0296923481 0.9876713157
91.5 -493.9 2824.5 0.9922941327 0.0239297990 0.1215720400 0.1224272251 -0.0382828414 -0.9917388558 -0.0190779883 0.9989804029 -0.0409174971
80.8 -476.8 2378.4 0.9922941327 -0.1212242395 0.0256335679 0.1224272251 0.9911039472 -0.0521969981 -0.0190779883 0.0549330190 0.9983077645
-192.9 -380.6 3035.0 0 0 0 0 0 0 0 0 0
161.0 -372.7 2891.0 0 0 0 0 0 0 0 0 0
-205.2 -815.1 2394.3 0 0 0 0 0 0 0 0 0
127.1 -855.5 2357.4 0 0 0 0 0 0 0 0 0
52.6 1.0 3188.6 2 0.9963283539 0.0854357705 -0.0055235126 -0.0727373436 0.8106839657 -0.5809482336 -0.0451559350 0.5792169571 0.8139217496
34.7 -169.1 3067.0 0.9963283539 0.0854357705 -0.0055235126 -0.0727373436 0.8106839657 -0.5809482336 -0.0451559350 0.5792169571 0.8139217496
17.1 -325.4 2945.5 0.9960319996 0.0885371044 -0.0090250932 -0.0754581168 0.7863988280 -0.6130929589 -0.0471841544 0.6113412380 0.7899591923
-110.7 -158.1 3073.9 0.2768144608 -0.9390448332 0.2038835436 0.6962902546 0.3422374725 0.6309147477 -0.6622338295 -0.0326841921 0.7485840917
-204.3 -393.5 3297.7 -0.0467731506 -0.9390448332 -0.3405980468 -0.0329931155 0.3422374725 -0.9390340447 0.9983605146 -0.0326841921 -0.0469895415
180.1 -180.1 3060.1 0.4958670139 0.7747481465 0.3922769427 -0.8596525788 0.3739868104 0.3480392396 0.1229363605 -0.5098030567 0.8514619470
311.6 -408.3 3092.7 -0.5926098228 0.7747481465 0.2204061896 0.1484429091 0.3739868104 -0.9154772162 -0.7916933298 -0.5098030567 -0.3366341293
-88.7 -474.0 2826.8 0.9782994390 0.1534303874 -0.1392456591 -0.1395017952 -0.0091485977 -0.9901795387 -0.1531975418 0.9881170988 0.0124537479
-154.3 -470.1 2404.4 0.9782994390 0.1461515129 0.1468672007 -0.1395017952 0.9887122512 -0.0546565950 -0.1531975418 0.0329822786 0.9876450300
93.7 -491.0 2822.9 0.9904719591 0.0332861580 0.1336315274 0.1346774250 -0.0314497538 -0.9903903008 -0.0287636090 0.9989508986 -0.0356329940
79.0 -477.1 2381.1 0.9904719591 -0.1326336265 0.0370631181 0.1346774250 0.9890997410 -0.0595287420 -0.0287636090 0.0639531165 0.9975382686
-192.2 -385.0 3040.0 0 0 0 0 0 0 0 0 0
157.8 -369.7 2887.1 0 0 0 0 0 0 0 0 0
-205.2 -814.5 2393.0 0 0 0 0 0 0 0 0 0
129.6 -855.0 2356.7 0 0 0 0 0 0 0 0 0
53.0 2.3 3187.7 3 0.9959340096 0.0887297019 0.0155727072 -0.0637462288 0.8162754178 -0.5741348863 -0.0636544377 0.5708077550 0.8186126351
34.3 -170.2 3067.0 0.9959340096 0.0887297019 0.0155727072 -0.0637462288 0.8162754178 -0.5741348863 -0.0636544377 0.5708077550 0.8186126351
14.8 -326.7 2946.2 0.9951171875 0.0980692729 0.0111450311 -0.0707593709 0.7875688672 -0.6121506691 -0.0688106492 0.6083729863 0.7906625867
-111.0 -159.9 3077.1 0.2588852644 -0.9411679506 0.2172126919 0.6967408657 0.3377081454 0.6328549981 -0.6689773202 -0.0124958670 0.7431777716
-198.5 -395.5 3303.3 -0.0248255227 -0.9411679506 -0.3370261490 -0.0322155654 0.3377081454 -0.9406993985 0.9991725683 -0.0124958670 -0.0387040377
179.6 -180.6 3057.0 0.5025847554 0.7616633177 0.4089958370 -0.8570909500 0.3770567477 0.3510318398 0.1131534353 -0.5269698501 0.8423177004
313.0 -408.1 3087.0 -0.6104497313 0.7616633177 0.2173019797 0.1448157281 0.3770567477 -0.9147986770 -0.7787037492 -0.5269698501 -0.3404749930
-91.8 -474.8 2828.3 0.9792320132 0.1427971572 -0.1439222544 -0.1433540583 -0.0143137677 -0.9895679355 -0.1433675587 0.9896484613 0.0064540524
-153.4 -468.6 2401.2 0.9792320132 0.1476438791 0.1389457732 -0.1433540583 0.9888445735 -0.0404471271 -0.1433675587 0.0196886808 0.9894736409
90.7 -488.6 2819.7 0.9901741147 0.0261212699 0.1373788267 0.1380368024 -0.0253123920 -0.9901036024 -0.0223853774 0.9993382692 -0.0286693722
79.2 -477.4 2377.7 0.9901741147 -0.1367201060 0.0293747801 0.1380368024 0.9892238379 -0.0488066860 -0.0223853774 0.0523819178 0.9983761907
-192.1 -387.2 3045.4 0 0 0 0 0 0 0 0 0
154.4 -370.5 2884.8 0 0 0 0 0 0 0 0 0
-205.5 -817.3 2394.2 0 0 0 0 0 0 0 0 0
131.4 -855.4 2357.7 0 0 0 0 0 0 0 0 0
53.3 -0.3 3187.2 4 0.9966737628 0.0795214325 -0.0178271141 -0.0751891434 0.8129071593 -0.5775192976 -0.0314333737 0.5769387484 0.8161823750
36.4 -172.7 3064.9 0.9966737628 0.0795214325 -0.0178271141 -0.0751891434 0.8129071593 -0.5775192976 -0.0314333737 0.5769387484 0.8161823750
18.1 -328.5 2943.0 0.9954745770 0.0924907625 -0.0218147691 -0.0863230452 0.7841463089 -0.6145428419 -0.0397335663 0.6136448979 0.7885817885
-108.9 -160.0 3070.7 0.2894262671 -0.9349742532 0.2050747275 0.6944912672 0.3525532782 0.6272065639 -0.6587217450 -0.0391074419 0.7513695955
-206.8 -394.9 3293.4 -0.0548079200 -0.9349742532 -0.3504558206 -0.0346582048 0.3525532782 -0.9351497293 0.9978952408 -0.0391074419 -0.0517272390
181.7 -185.3 3059.1 0.4854296446 0.7827253342 0.3894856870 -0.8653091192 0.3665001988 0.3419322968 0.1248924881 -0.5030096173 0.8552094698
310.6 -415.0 3092.2 -0.5848405957 0.7827253342 0.2128439248 0.1567354947 0.3665001988 -0.9171213508 -0.7958614826 -0.5030096173 -0.3370250165
-95.9 -476.8 2831.6 0.9797435999 0.1181356460 -0.1616987735 -0.1597291380 -0.0260180142 -0.9868179560 -0.1207854524 0.9926565289 -0.0066212760
-147.1 -465.5 2401.7 0.9797435999 0.1632004976 0.1160522401 -0.1597291380 0.9864031076 -0.0386712179 -0.1207854524 0.0193509515 0.9924899936
86.5 -489.7 2819.0 0.9912312031 0.0155113414 0.1312255263 0.1316279024 -0.0286387503 -0.9908854365 -0.0116118267 0.9994694591 -0.0304293465
79.7 -477.1 2377.8 0.9912312031 -0.1310169846 0.0171839669 0.1316279024 0.9904394746 -0.0412759706 -0.0116118267 0.0431759208 0.9990000129
-192.6 -385.9 3035.8 0 0 0 0 0 0 0 0 0
158.7 -374.3 2885.6 0 0 0 0 0 0 0 0 0
-205.5 -818.5 2394.8 0 0 0 0 0 0 0 0 0
129.7 -855.5 2361.3 0 0 0 0 0 0 0 0 0
53.7 0.4 3187.5 5 0.9974913001 0.0684196800 -0.0181620568 -0.0661769733 0.8101918101 -0.5824172497 -0.0251340512 0.5821580291 0.8126870990
39.2 -171.3 3064.1 0.9974913001 0.0684196800 -0.0181620568 -0.0661769733 0.8101918101 -0.5824172497 -0.0251340512 0.5821580291 0.8126870990
23.4 -326.7 2941.4 0.9966137409 0.0793654323 -0.0214995220 -0.0756331459 0.7822318077 -0.6183793545 -0.0322603323 0.6179113984 0.7855856419
-106.3 -160.2 3068.8 0.2871880233 -0.9382871985 0.1927177012 0.7004450560 0.3429476619 0.6259102821 -0.6533756852 -0.0447657816 0.7557091117
-203.5 -397.2 3289.9 -0.0622298568 -0.9382871985 -0.3402124643 -0.0400834046 0.3429476619 -0.9384989142 0.9972566366 -0.0447657816 -0.0589513294
184.7 -182.4 3059.4 0.4936638474 0.7827442288 0.3789557815 -0.8606200218 0.3770725429 0.3422710896 0.1250168979 -0.4951037765 0.8597924113
315.8 -410.8 3092.6 -0.5801985860 0.7827442288 0.2251244634 0.1543627083 0.3770725429 -0.9132297039 -0.7997135520 -0.4951037765 -0.3396034837
-91.5 -476.4 2824.7 0.9782713056 0.1401851922 -0.1527524441 -0.1510254592 -0.0229397193 -0.9882636666 -0.1420440376 0.9898595214 -0.0012697363
-151.5 -466.6 2401.4 0.9782713056 0.1539241821 0.1388975978 -0.1510254592 0.9880362153 -0.0312373303 -0.1420440376 0.0095815109 0.9898139834
90.9 -492.2 2817.4 0.9901674390 0.0258462597 0.1374787837 0.1382170022 -0.0293471757 -0.9899670482 -0.0215523317 0.9992350936 -0.0326310098
79.5 -479.3 2375.4 0.9901674390 -0.1373073012 0.0267422330 0.1382170022 0.9897546172 -0.0358022973 -0.0215523317 0.0391465016 0.9990010262
-187.4 -386.9 3032.4 0 0 0 0 0 0 0 0 0
165.1 -370.8 2884.9 0 0 0 0 0 0 0 0 0
-206.3 -818.5 2398.0 0 0 0 0 0 0 0 0 0
131.9 -857.5 2360.5 0 0 0 0 0 0 0 0 0
51.6 2.7 3187.1 6 0.9967187047 0.0809039026 -0.0025377369 -0.0677022934 0.8160738349 -0.5739685297 -0.0443653129 0.5722569823 0.8188734055
34.4 -170.8 3065.4 0.9967187047 0.0809039026 -0.0025377369 -0.0677022934 0.8160738349 -0.5739685297 -0.0443653129 0.5722569823 0.8188734055
18.2 -327.0 2943.7 0.9966317415 0.0817396939 -0.0066205305 -0.0685588941 0.7861750126 -0.6141893268 -0.0449987501 0.6125744581 0.7891309261
-111.1 -160.8 3072.0 0.2734281719 -0.9412805438 0.1980605125 0.6988739967 0.3358844519 0.6314718723 -0.6609176397 -0.0342428684 0.7496767640
-203.6 -397.2 3295.6 -0.0488298871 -0.9412805438 -0.3340757191 -0.0350766443 0.3358844519 -0.9412498474 0.9981909990 -0.0342428684 -0.0494181626
180.0 -180.8 3058.9 0.5016202927 0.7733545899 0.3876851797 -0.8562784791 0.3800698519 0.3497629166 0.1231433004 -0.5074146390 0.8528575897
313.1 -408.2 3091.6 -0.5918036699 0.7733545899 0.2273568362 0.1457592100 0.3800698519 -0.9134008884 -0.7927942276 -0.5074146390 -0.3376502693
-83.7 -475.2 2821.6 0.9756609797 0.1647663563 -0.1446987689 -0.1431224346 -0.0214633811 -0.9894722104 -0.1661374569 0.9860990644 0.0026407780
-153.9 -466.1 2401.2 0.9756609797 0.1469673663 0.1627460420 -0.1431224346 0.9890799522 -0.0351683944 -0.1661374569 0.0110198185 0.9860410094
99.0 -489.1 2815.6 0.9889497757 0.0476029180 0.1404004246 0.1416238397 -0.0233666506 -0.9896447062 -0.0438292883 0.9985929728 -0.0298501514
78.0 -478.8 2375.9 0.9889497757 -0.1397758275 0.0494068302 0.1416238397 0.9892618060 -0.0361078307 -0.0438292883 0.0427060165 0.9981258512
-191.0 -388.2 3037.8 0 0 0 0 0 0 0 0 0
159.4 -370.3 2885.6 0 0 0 0 0 0 0 0 0
-205.9 -815.9 2397.3 0 0 0 0 0 0 0 0 0
131.5 -856.8 2359.6 0 0 0 0 0 0 0 0 0
52.1 4.3 3173.4 7 0.9928106070 0.0694821924 -0.0974647626 -0.1120430380 0.8259538412 -0.5524912477 0.0421130955 0.5594394207 0.8278007507
37.3 -171.2 3054.5 0.9928106070 0.0694821924 -0.0974647626 -0.1120430380 0.8259538412 -0.5524912477 0.0421130955 0.5594394207 0.8278007507
22.2 -330.2 2936.4 0.9920753837 0.0753215402 -0.1005640477 -0.1203003898 0.8003788590 -0.5873001814 0.0362529792 0.5947439671 0.8030973673
-106.9 -153.9 3049.2 0.3610130250 -0.9165636897 0.1719900221 0.6632948518 0.3820093274 0.6435129046 -0.6555223465 -0.1182364449 0.7458623052
-228.5 -377.3 3270.0 -0.1273378134 -0.9165636897 -0.3790726364 0.0014674432 0.3820093274 -0.9241573215 0.9918583035 -0.1182364449 -0.0472992286
181.6 -188.6 3059.9 0.4433005750 0.8294566274 0.3398327827 -0.8770016432 0.3229508102 0.3557680845 0.1853449047 -0.4557461143 0.8705990911
298.8 -420.6 3108.9 -0.5198510885 0.8294566274 0.2043443322 0.1478366256 0.3229508102 -0.9347978830 -0.8413674831 -0.4557461143 -0.2905103862
-89.4 -476.9 2826.1 0.9785152674 0.1555593014 -0.1353114247 -0.1330320090 -0.0250203591 -0.9907958508 -0.1575130671 0.9875096083 -0.0037884361
-156.4 -466.2 2401.1 0.9785152674 0.1367920935 0.1542588770 -0.1330320090 0.9905114770 -0.0344893374 -0.1575130671 0.0132269748 0.9874283075
93.3 -489.5 2817.9 0.9906254411 0.0312102567 0.1329928488 0.1336687952 -0.0206661094 -0.9908105731 -0.0281750076 0.9992991686 -0.0246442109
79.5 -480.4 2374.7 0.9906254411 -0.1325267404 0.0331337005 0.1336687952 0.9904071689 -0.0350182019 -0.0281750076 0.0391188674 0.9988372922
-195.8 -377.7 3014.8 0 0 0 0 0 0 0 0 0
164.3 -382.3 2891.1 0 0 0 0 0 0 0 0 0
-204.6 -815.6 2396.4 0 0 0 0 0 0 0 0 0
130.1 -858.8 2359.7 0 0 0 0 0 0 0 0 0
51.5 1.7 3166.6 8 0.9964259267 0.0825765207 -0.0177909676 -0.0787816644 0.8324759007 -0.5484317541 -0.0304770339 0.5478731990 0.8360060453
34.0 -174.3 3050.8 0.9964259267 0.0825765207 -0.0177909676 -0.0787816644 0.8324759007 -0.5484317541 -0.0304770339 0.5478731990 0.8360060453
17.7 -334.4 2934.3 0.9964152575 0.0817705542 -0.0216846205 -0.0788879246 0.8055596948 -0.5872395039 -0.0305506419 0.5868450403 0.8091226816
-110.8 -162.8 3055.2 0.2876770198 -0.9378579259 0.1940733939 0.6746823788 0.3422747552 0.6539508104 -0.6797393560 -0.0571887232 0.7312207818
-207.6 -390.0 3284.1 -0.0604347773 -0.9378579259 -0.3417165577 0.0011830269 0.3422747552 -0.9395991564 0.9981714487 -0.0571887232 -0.0195757877
178.8 -185.7 3046.3 0.4911015630 0.7826336622 0.3824968338 -0.8570436835 0.3555356860 0.3729215562 0.1558696777 -0.5109588504 0.8453553319
308.7 -412.5 3087.6 -0.5809593201 0.7826336622 0.2235415727 0.1224147230 0.3555356860 -0.9266116023 -0.8046743870 -0.5109588504 -0.3023576438
-83.6 -478.4 2815.0 0.9750715494 0.1718775630 -0.1403340101 -0.1376131326 -0.0277048498 -0.9900985360 -0.1740636528 0.9847286940 -0.0033615981
-156.0 -466.7 2400.0 0.9750715494 0.1410137862 0.1713202894 -0.1376131326 0.9899809957 -0.0316268466 -0.1740636528 0.0072625144 0.9847075939
97.5 -500.2 2821.7 0.9908533692 0.0386809371 0.1292801499 0.1310248971 -0.0465988107 -0.9902833104 -0.0322807841 0.9981644750 -0.0512407534
80.3 -479.4 2376.9 0.9908533692 -0.1299916953 0.0362178572 0.1310248971 0.9909898639 -0.0277767386 -0.0322807841 0.0322681181 0.9989578128
-192.1 -390.3 3027.3 0 0 0 0 0 0 0 0 0
158.5 -380.8 2879.5 0 0 0 0 0 0 0 0 0
-205.4 -813.5 2397.4 0 0 0 0 0 0 0 0 0
130.0 -858.1 2364.5 0 0 0 0 0 0 0 0 0
50.1 1.9 3163.7 9 0.9957629442 0.0771914870 -0.0499759279 -0.0919569135 0.8371124864 -0.5392463207 0.0002102509 0.5415571332 0.8406639099
33.9 -173.8 3050.0 0.9957629442 0.0771914870 -0.0499759279 -0.0919569135 0.8371124864 -0.5392463207 0.0002102509 0.5415571332 0.8406639099
18.1 -335.2 2935.2 0.9954458475 0.0789556429 -0.0534191243 -0.0953065455 0.8121483922 -0.5756140947 -0.0020637272 0.5780838728 0.8159747124
-111.1 -160.0 3050.3 0.3173740208 -0.9300184250 0.1853092313 0.6601380110 0.3569632471 0.6609047055 -0.6808021069 -0.0874243006 0.7272313833
-218.2 -382.7 3280.0 -0.0878867954 -0.9300184250 -0.3568496704 0.0149590913 0.3569632471 -0.9339986444 0.9960181117 -0.0874243006 -0.0174601264
178.8 -187.7 3049.7 0.4728402495 0.8021466732 0.3646681011 -0.8622070551 0.3358452916 0.3792188168 0.1817170531 -0.4937293231 0.8504177332
304.1 -416.1 3097.9 -0.5566508770 0.8021466732 0.2161029726 0.1213364527 0.3358452916 -0.9340692759 -0.8218377233 -0.4937293231 -0.2842782140
-89.4 -487.3 2820.5 0.9770135283 0.1567462385 -0.1444823295 -0.1389818043 -0.0455609374 -0.9892463088 -0.1616433859 0.9865874648 -0.0227287784
-156.2 -467.9 2400.1 0.9770135283 0.1419010162 0.1590868533 -0.1389818043 0.9898588657 -0.0293856747 -0.1616433859 0.0066000246 0.9868271947
92.3 -501.6 2814.9 0.9900684357 0.0288476944 0.1375945359 0.1389396191 -0.0514295399 -0.9889644980 -0.0214529224 0.9982599020 -0.0549268536
79.7 -479.1 2378.4 0.9900684357 -0.1381559223 0.0260267127 0.1389396191 0.9898096919 -0.0311862826 -0.0214529224 0.0344926976 0.9991746545
-195.5 -386.6 3023.3 0 0 0 0 0 0 0 0 0
159.9 -384.7 2884.9 0 0 0 0 0 0 0 0 0
-205.7 -813.3 2397.8 0 0 0 0 0 0 0 0 0
132.5 -857.4 2365.2 0 0 0 0 0 0 0 0 0
49.8 -3.2 3174.2 0 0.9968937635 0.0781950206 -0.0093986150 -0.0695033595 0.8173404336 -0.5719474554 -0.0370415747 0.5708240867 0.8202363849
33.4 -174.7 3054.5 0.9968937635 0.0781950206 -0.0093986150 -0.0695033595 0.8173404336 -0.5719474554 -0.0370415747 0.5708240867 0.8202363849
17.7 -332.8 2935.3 0.9968852997 0.0779117271 -0.0122241769 -0.0695908219 0.7960996032 -0.6011510491 -0.0371050537 0.6001293063 0.7990419269
-111.9 -164.7 3059.8 0.2783985734 -0.9407854676 0.1934344769 0.6882531643 0.3358824551 0.6430323720 -0.6699267626 -0.0458873995 0.7410077453
-205.9 -396.9 3285.9 -0.0550293587 -0.9407854676 -0.3345062733 -0.0177448615 0.3358824551 -0.9417367578 0.9983270168 -0.0458873995 -0.0351775028
178.6 -184.8 3049.1 0.4999803603 0.7767102122 0.3830676973 -0.8546519876 0.3710305393 0.3631890714 0.1399628520 -0.5089769959 0.8493249416
311.1 -411.2 3086.2 -0.5865774155 0.7767102122 0.2294518948 0.1317197531 0.3710305393 -0.9192313552 -0.7991100550 -0.5089769959 -0.3199461997
-88.6 -487.9 2820.6 0.9765385985 0.1535421014 -0.1509872079 -0.1451818049 -0.0484097265 -0.9882199764 -0.1590426117 0.9869555831 -0.0249824468
-154.0 -467.3 2400.3 0.9765385985 0.1487034261 0.1557549387 -0.1451818049 0.9888271093 -0.0338116698 -0.1590426117 0.0104056187 0.9872168899
93.4 -505.3 2820.2 0.9904506803 0.0305291824 0.1344449222 0.1361332983 -0.0623751394 -0.9887249470 -0.0217989441 0.9975857139 -0.0659355372
79.9 -477.7 2379.1 0.9904506803 -0.1347301602 0.0292447489 0.1361332983 0.9892752171 -0.0529366434 -0.0217989441 0.0564123169 0.9981695414
-191.7 -392.4 3028.6 0 0 0 0 0 0 0 0 0
159.0 -377.0 2879.0 0 0 0 0 0 0 0 0 0
-206.1 -813.7 2396.6 0 0 0 0 0 0 0 0 0
131.4 -855.7 2357.5 0 0 0 0 0 0 0 0 0
50.6 -4.3 3167.0 1 0.9954550266 0.0887201875 0.0346121266 -0.0541815720 0.8265147209 -0.5603014827 -0.0783174857 0.5558795929 0.8275652528
32.1 -176.7 3051.1 0.9954550266 0.0887201875 0.0346121266 -0.0541815720 0.8265147209 -0.5603014827 -0.0783174857 0.5558795929 0.8275652528
14.7 -336.0 2933.7 0.9957137704 0.0871903747 0.0308532417 -0.0517863147 0.8019818068 -0.5950994492 -0.0766306818 0.5909509063 0.8030595779
-113.1 -169.1 3062.2 0.2384038866 -0.9480504394 0.2106275558 0.6879716516 0.3179425597 0.6523860097 -0.6854622960 -0.0106255803 0.7280305624
-193.6 -401.4 3293.7 -0.0149665987 -0.9480504394 -0.3177678287 -0.0112138772 0.3179425597 -0.9480436444 0.9998251200 -0.0106255803 -0.0153898401
177.2 -184.2 3039.9 0.5209462047 0.7488227487 0.4097310901 -0.8442911506 0.3813713491 0.3764682412 0.1256482750 -0.5420520306 0.8308983445
315.3 -408.1 3073.2 -0.6203449368 0.7488227487 0.2333167046 0.1153929159 0.3813713491 -0.9171915650 -0.7757942080 -0.5420520306 -0.3229906261
-89.1 -484.7 2819.5 0.9773011208 0.1537237167 -0.1457789093 -0.1408349276 -0.0426344275 -0.9891146421 -0.1582655907 0.9871936440 -0.0200170055
-154.0 -466.7 2402.8 0.9773011208 0.1457905918 0.1537126303 -0.1408349276 0.9891114235 -0.0427096486 -0.1582655907 0.0200920813 0.9871921539
93.3 -497.3 2812.8 0.9891566634 0.0355678871 0.1424922198 0.1441785246 -0.0504746363 -0.9882635474 -0.0279582031 0.9980918169 -0.0550554469
77.9 -475.4 2379.9 0.9891566634 -0.1420373768 0.0373429097 0.1441785246 0.9875568748 -0.0628006980 -0.0279582031 0.0675037801 0.9973272085
-189.7 -398.6 3035.9 0 0 0 0 0 0 0 0 0
154.4 -378.1 2872.0 0 0 0 0 0 0 0 0 0
-205.4 -815.5 2395.7 0 0 0 0 0 0 0 0 0
132.2 -852.7 2354.1 0 0 0 0 0 0 0 0 0
48.7 -5.4 3163.4 2 0.9966496229 0.0817713067 -0.0017351836 -0.0689389259 0.8284512162 -0.5558021665 -0.0440111533 0.5540596247 0.8313127756
31.6 -178.4 3047.7 0.9966496229 0.0817713067 -0.0017351836 -0.0689389259 0.8284512162 -0.5558021665 -0.0440111533 0.5540596247 0.8313127756
15.5 -337.9 2930.4 0.9966904521 0.0811110958 -0.0054012053 -0.0685301274 0.8026403189 -0.5925134420 -0.0437241867 0.5909225941 0.8055424690
-113.7 -168.4 3054.1 0.2722350657 -0.9417486787 0.1974779367 0.6812755466 0.3335762024 0.6516061425 -0.6795231700 -0.0428531580 0.7324014306
-205.7 -398.6 3283.7 -0.0480674393 -0.9417486787 -0.3328648210 -0.0073896060 0.3335762024 -0.9426941872 0.9988167286 -0.0428531580 -0.0229933057
177.0 -188.4 3041.4 0.5024097562 0.7725406289 0.3882852793 -0.8522861600 0.3668803275 0.3728365302 0.1455771476 -0.5182468891 0.8427499533
310.2 -414.4 3080.0 -0.5924636722 0.7725406289 0.2284026742 0.1229050457 0.3668803275 -0.9221134186 -0.7961665392 -0.5182468891 -0.3123123944
-93.8 -490.6 2823.4 0.9788343310 0.1408314854 -0.1484920382 -0.1413176507 -0.0597005039 -0.9881625175 -0.1480294466 0.9882318974 -0.0385349281
-153.7 -465.2 2403.0 0.9788343310 0.1458052695 0.1436113417 -0.1413176507 0.9891139269 -0.0410237126 -0.1480294466 0.0198606029 0.9887835383
88.5 -500.1 2809.4 0.9882900119 0.0283664614 0.1499271393 0.1513580382 -0.0577900447 -0.9867882729 -0.0193273947 0.9979256988 -0.0614068173
76.3 -475.2 2379.9 0.9882900119 -0.1502134502 0.0268090013 0.1513580382 0.9873348475 -0.0475461185 -0.0193273947 0.0510471128 0.9985092282
-193.3 -396.7 3026.1 0 0 0 0 0 0 0 0 0
156.5 -382.5 2873.4 0 0 0 0 0 0 0 0 0
-205.0 -813.4 2396.0 0 0 0 0 0 0 0 0 0
133.7 -852.4 2360.4 0 0 0 0 0 0 0 0 0
45.4 -3.0 3162.6 3 0.9977422953 0.0671488568 -0.0011812893 -0.0567902215 0.8341763616 -0.5485660434 -0.0358501785 0.5473946333 0.8361063600
31.3 -177.3 3048.2 0.9977422953 0.0671488568 -0.0011812893 -0.0567902215 0.8341763616 -0.5485660434 -0.0358501785 0.5473946333 0.8361063600
18.4 -337.5 2931.4 0.9978891611 0.0647887737 -0.0044377381 -0.0549642406 0.8062223196 -0.5890539289 -0.0345862769 0.5880544186 0.8080815673
-114.3 -169.3 3053.2 0.2688850164 -0.9457934499 0.1821418405 0.6818267107 0.3204771280 0.6575763822 -0.6803037524 -0.0526232570 0.7310387492
-205.2 -399.9 3283.3 -0.0569603778 -0.9457934499 -0.3197347522 -0.0041668839 0.3204771280 -0.9472470880 0.9983677268 -0.0526232570 -0.0221955106
177.0 -185.4 3043.1 0.5129378438 0.7720766068 0.3752232790 -0.8444693089 0.3753414452 0.3820869327 0.1541635245 -0.5128513575 0.8445218205
313.1 -409.5 3084.0 -0.5869220495 0.7720766068 0.2437626868 0.1115913242 0.3753414452 -0.9201446772 -0.8019163609 -0.5128513575 -0.3064532280
-91.9 -491.1 2817.0 0.9770829678 0.1490498781 -0.1519637704 -0.1443316191 -0.0608144701 -0.9876588583 -0.1564520299 0.9869577885 -0.0379081741
-154.3 -465.6 2403.8 0.9770829678 0.1488484144 0.1521611065 -0.1443316191 0.9887053967 -0.0403734371 -0.1564520299 0.0174865406 0.9875307679
90.6 -503.6 2809.0 0.9907286167 0.0277757365 0.1329863071 0.1345293671 -0.0641131774 -0.9888333082 -0.0189393982 0.9975560308 -0.0672554150
78.5 -475.8 2376.0 0.9907286167 -0.1337395608 0.0238868035 0.1345293671 0.9902821779 -0.0352571569 -0.0189393982 0.0381437503 0.9990927577
-190.5 -398.8 3025.6 0 0 0 0 0 0 0 0 0
160.7 -380.5 2875.8 0 0 0 0 0 0 0 0 0
-206.9 -814.8 2397.6 0 0 0 0 0 0 0 0 0
129.6 -854.1 2361.5 0 0 0 0 0 0 0 0 0
44.7 -1.3 3161.7 4 0.9969809055 0.0752264559 0.0192364566 -0.0524908900 0.8355250359 -0.5469393134 -0.0572168455 0.5442783237 0.8369512558
28.9 -176.4 3047.6 0.9969809055 0.0752264559 0.0192364566 -0.0524908900 0.8355250359 -0.5469393134 -0.0572168455 0.5442783237 0.8369512558
14.5 -336.8 2931.3 0.9972395301 0.0726056471 0.0155485850 -0.0496168695 0.8073929548 -0.5879241228 -0.0552404299 0.5855296850 0.8087666631
-116.7 -169.1 3055.7 0.2509540319 -0.9484179020 0.1937151551 0.6822955012 0.3152627051 0.6596076488 -0.6866548657 -0.0333602317 0.7262176871
-201.5 -399.9 3287.9 -0.0361998044 -0.9484179020 -0.3149493039 -0.0031540033 0.3152627051 -0.9489991665 0.9993395805 -0.0333602317 -0.0144037614
174.5 -183.6 3039.5 0.5206633806 0.7591973543 0.3905497193 -0.8414235115 0.3788125813 0.3853667378 0.1446242481 -0.5292640924 0.8360403180
