209.1 -65.5 2793.5  0.9849369526 0.1451465338 0.0939769149 -0.0140548721 0.6088937521 -0.7931272984 -0.1723416299 0.7798595428 0.6017619371
180.3 -186.6 2638.4 0.9849369526 0.1451465338 0.0939769149 -0.0140548721 0.6088937521 -0.7931272984 -0.1723416299 0.7798595428 0.6017619371
151.0 -308.2 2483.8 0.9845935106 0.1471697539 0.0944281742 -0.0154885193 0.6113048792 -0.7912436128 -0.1741715223 0.7775907516 0.6041662693
41.7 -184.5 2662.9 0.2888957858 -0.2148790359 -0.9329342246 0.4339907169 0.8980001211 -0.0724416822 0.8533412218 -0.3839566708 0.3526839614
-39.7 -306.7 2422.5 -0.2632474005 -0.2148790359 -0.9404934049 0.3253337741 0.8980001211 -0.2962324619 0.9082173705 -0.3839566708 -0.1664887965
318.8 -188.8 2613.9 -0.0694890544 0.1201691702 0.9903184772 -0.4047729373 0.9039304852 -0.1380887777 -0.9117730856 -0.4104497731 -0.0141720483
299.7 -300.5 2362.3 -0.5386140347 0.1191287041 0.8340882659 -0.2897750437 0.9033722878 -0.3161469698 -0.7911544442 -0.4119791687 -0.4520484805
31.4 -428.3 2345.2 0.8001587391 0.3254258037 0.5038293600 0.2998247743 0.5105078220 -0.8059074879 -0.5194718838 0.7959144711 0.3109165728
-98.0 -631.3 2028.7 0.8001587391 0.3254258037 0.5038293600 0.2998247743 0.5105078220 -0.8059074879 -0.5194718838 0.7959144711 0.3109165728
212.1 -431.1 2313.2 0.9580450654 0.0108968718 0.2864104509 0.2645892501 0.3505530953 -0.8983902335 -0.1101917103 0.9364794493 0.3329624534
207.7 -572.5 1935.4 0.9580450654 -0.1356977373 0.2524594963 0.2645892501 0.7573583722 -0.5969931483 -0.1101917103 0.6387444139 0.7614876032
28.7 -391.3 2186.4 0 0 0 0 0 0 0 0 0
159.6 -375.8 2156.6 0 0 0 0 0 0 0 0 0
-222.4 -826.4 1724.4 0 0 0 0 0 0 0 0 0
259.6 -862.1 1691.2 0 0 0 0 0 0 0 0 0
209.1 -62.7 2795.6  0.9855805635 0.1366416812 0.0997996926 -0.0055957530 0.6158072948 -0.7878769636 -0.1691142172 0.7759577632 0.6076923013
182.0 -185.1 2641.4 0.9855805635 0.1366416812 0.0997996926 -0.0055957530 0.6158072948 -0.7878769636 -0.1691142172 0.7759577632 0.6076923013
153.9 -307.0 2486.9 0.9849906564 0.1411461383 0.0993536636 -0.0082057547 0.6132447124 -0.7898503542 -0.1724124402 0.7771799564 0.6051985025
43.3 -184.0 2665.6 0.2930054665 -0.2734996676 -0.9161581397 0.4458750784 0.8867263794 -0.1221137941 0.8457796574 -0.3727120757 0.3817623556
-39.6 -310.2 2426.1 -0.2496407330 -0.2734996676 -0.9289119840 0.3087706566 0.8867263794 -0.3440596461 0.9177909493 -0.3727120757 -0.1369143575
320.6 -186.3 2617.1 -0.0771781355 0.1140768155 0.9904695749 -0.4041090012 0.9045929313 -0.1356744915 -0.9114490747 -0.4107287824 -0.0237153284
298.8 -300.3 2359.9 -0.5396367908 0.1135435253 0.8342062235 -0.2916347980 0.9043051004 -0.3117392957 -0.7897729278 -0.4115095437 -0.4548830390
35.5 -428.2 2348.2 0.7963033915 0.3318183720 0.5057643056 0.3014413714 0.5072196722 -0.8073792458 -0.5244368911 0.7953771353 0.3038769662
-96.5 -629.9 2031.9 0.7963033915 0.3318183720 0.5057643056 0.3014413714 0.5072196722 -0.8073792458 -0.5244368911 0.7953771353 0.3038769662
216.2 -429.7 2316.5 0.9562057853 0.0065709944 0.2926214635 0.2717311382 0.3516199887 -0.8958379030 -0.1087780967 0.9361197352 0.3344355226
213.6 -571.5 1938.9 0.9562057853 -0.1425768286 0.2556214631 0.2717311382 0.7569921017 -0.5942433476 -0.1087780967 0.6376792789 0.7625827789
25.3 -390.5 2187.6 0 0 0 0 0 0 0 0 0
158.5 -376.1 2154.6 0 0 0 0 0 0 0 0 0
-223.3 -823.8 1727.8 0 0 0 0 0 0 0 0 0
268.1 -861.0 1695.1 0 0 0 0 0 0 0 0 0
209.0 -62.7 2796.7  0.9878004193 0.1316523403 0.0831744596 -0.0157236923 0.6157016754 -0.7878224254 -0.1549293250 0.7769035101 0.6102604866
182.9 -184.9 2642.5 0.9878004193 0.1316523403 0.0831744596 -0.0157236923 0.6157016754 -0.7878224254 -0.1549293250 0.7769035101 0.6102604866
156.1 -307.0 2488.0 0.9873797297 0.1349102855 0.0829487890 -0.0176649503 0.6143141985 -0.7888637185 -0.1573824584 0.7774427533 0.6089445949
43.9 -182.4 2664.7 0.3136044145 -0.2989322543 -0.9012722969 0.4581875205 0.8789830804 -0.1321096569 0.8316949606 -0.3715215325 0.4126200080
-43.9 -310.7 2431.7 -0.2580664158 -0.2989322543 -0.9187171459 0.3003544211 0.8789830804 -0.3703727424 0.9182531834 -0.3715215325 -0.1370503902
321.8 -187.4 2620.4 -0.0776638016 0.1291653365 0.9885770679 -0.3966212273 0.9057270885 -0.1494993716 -0.9146911502 -0.4037013352 -0.0191124957
299.9 -299.5 2361.8 -0.5363922119 0.1229091212 0.8349711299 -0.2897158563 0.9024050236 -0.3189513087 -0.7926841378 -0.4129873812 -0.4484342933
38.7 -427.5 2347.9 0.8028515577 0.3350674808 0.4931116700 0.2863836884 0.5086894035 -0.8119233251 -0.5228897929 0.7930730581 0.3124442101
-94.6 -629.8 2032.5 0.8028515577 0.3350674808 0.4931116700 0.2863836884 0.5086894035 -0.8119233251 -0.5228897929 0.7930730581 0.3124442101
219.8 -430.8 2319.0 0.9601919055 -0.0044180010 0.2793062031 0.2626746893 0.3544831872 -0.8974094391 -0.0950445980 0.9350519776 0.3415323794
221.6 -573.8 1941.8 0.9601919055 -0.1452937573 0.2385816425 0.2626746893 0.7602267861 -0.5941862464 -0.0950445980 0.6332021952 0.7681285739
23.2 -388.8 2193.0 0 0 0 0 0 0 0 0 0
160.4 -374.8 2155.7 0 0 0 0 0 0 0 0 0
-222.7 -824.3 1729.3 0 0 0 0 0 0 0 0 0
277.2 -864.4 1699.7 0 0 0 0 0 0 0 0 0
209.6 -64.0 2794.7  0.9884288311 0.1348351836 0.0694830269 -0.0285186134 0.6150972247 -0.7879353166 -0.1489802152 0.7768364549 0.6118251681
182.8 -186.3 2640.2 0.9884288311 0.1348351836 0.0694830269 -0.0285186134 0.6150972247 -0.7879353166 -0.1489802152 0.7768364549 0.6118251681
155.7 -309.2 2486.3 0.9882108569 0.1361745298 0.0699697435 -0.0295102838 0.6178767681 -0.7857209444 -0.1502278596 0.7743932009 0.6146110892
43.7 -182.2 2661.4 0.3134821653 -0.3367728591 -0.8878698945 0.4702622592 0.8673520088 -0.1629537940 0.8249741197 -0.3664486110 0.4302709401
-42.2 -311.1 2435.3 -0.2453643978 -0.3367728591 -0.9090546370 0.2948967218 0.8673520088 -0.4009195268 0.9234891534 -0.3664486110 -0.1135040894
321.9 -190.5 2619.1 -0.0767254457 0.1427669823 0.9867779613 -0.3917717040 0.9057757258 -0.1615092009 -0.9168577790 -0.3989835680 -0.0135639822
300.5 -299.3 2364.5 -0.5350779891 0.1311357766 0.8345627189 -0.2893436551 0.8996830583 -0.3268802166 -0.7937076688 -0.4163818359 -0.4434572756
38.0 -429.3 2346.1 0.8105322719 0.3339922428 0.4811305702 0.2755284905 0.5074601173 -0.8164363503 -0.5168379545 0.7943131924 0.3192884028
-94.8 -631.1 2030.3 0.8105322719 0.3339922428 0.4811305702 0.2755284905 0.5074601173 -0.8164363503 -0.5168379545 0.7943131924 0.3192884028
219.3 -434.7 2318.6 0.9636666179 -0.0070797177 0.2670139968 0.2515143156 0.3606078029 -0.8981662393 -0.0899285749 0.9326906800 0.3492863774
222.1 -580.2 1942.3 0.9636666179 -0.1413603425 0.2266359478 0.2515143156 0.7658864856 -0.5917419195 -0.0899285749 0.6272441149 0.7736133933
21.6 -387.7 2195.2 0 0 0 0 0 0 0 0 0
161.4 -374.5 2158.2 0 0 0 0 0 0 0 0 0
-222.5 -825.1 1726.6 0 0 0 0 0 0 0 0 0
276.2 -873.0 1702.5 0 0 0 0 0 0 0 0 0
209.7 -68.1 2795.3  0.9869989157 0.1300083548 0.0945040286 -0.0029494292 0.6025297046 -0.7980909944 -0.1606999785 0.7874361873 0.5950796008
183.9 -187.4 2639.3 0.9869989157 0.1300083548 0.0945040286 -0.0029494292 0.6025297046 -0.7980909944 -0.1606999785 0.7874361873 0.5950796008
157.4 -308.9 2484.1 0.9864471555 0.1331096888 0.0959362462 -0.0054943282 0.6111645103 -0.7914845347 -0.1639870852 0.7802305818 0.6036128402
45.2 -186.7 2662.3 0.3066819012 -0.3247193098 -0.8947086334 0.4565148950 0.8750110269 -0.1610894501 0.8351888061 -0.3590446115 0.4165892601
-39.2 -312.2 2432.7 -0.2376495302 -0.3247193098 -0.9154671431 0.2919538617 0.8750110269 -0.3861587942 0.9264370799 -0.3590446115 -0.1131429151
322.7 -188.2 2616.2 -0.0825866461 0.1151106879 0.9899136424 -0.4036816061 0.9043042660 -0.1388341337 -0.9111644030 -0.4110757709 -0.0282153916
299.7 -300.6 2362.6 -0.5344843864 0.1098729745 0.8380061984 -0.3016986251 0.9013881683 -0.3106079698 -0.7894963026 -0.4188404381 -0.4486293793
40.5 -429.9 2344.1 0.7942168117 0.3392754495 0.5040950179 0.2958464026 0.5087206960 -0.8085036278 -0.5307490230 0.7912619114 0.3036611378
-94.4 -632.2 2029.5 0.7942168117 0.3392754495 0.5040950179 0.2958464026 0.5087206960 -0.8085036278 -0.5307490230 0.7912619114 0.3036611378
221.4 -430.9 2314.0 0.9564945102 -0.0020428372 0.2917431295 0.2740977108 0.3488485217 -0.8962004185 -0.0999433696 0.9371768832 0.3342316449
222.2 -571.6 1936.0 0.9564945102 -0.1495147049 0.2505266070 0.2740977108 0.7546818852 -0.5960919857 -0.0999433696 0.6388275027 0.7628307343
22.6 -388.1 2191.8 0 0 0 0 0 0 0 0 0
160.8 -379.0 2157.4 0 0 0 0 0 0 0 0 0
-224.1 -826.7 1726.9 0 0 0 0 0 0 0 0 0
279.4 -860.1 1691.8 0 0 0 0 0 0 0 0 0
209.4 -66.6 2796.5  0.9880983829 0.1277862340 0.0856285095 -0.0090330420 0.6039109826 -0.7970005870 -0.1535577029 0.7867415547 0.5978777409
184.0 -186.5 2640.3 0.9880983829 0.1277862340 0.0856285095 -0.0090330420 0.6039109826 -0.7970005870 -0.1535577029 0.7867415547 0.5978777409
158.0 -307.5 2484.7 0.9876441956 0.1307812333 0.0863437131 -0.0111624300 0.6082752943 -0.7936476469 -0.1563149691 0.7828776836 0.6022194028
45.1 -185.0 2662.3 0.2964498401 -0.2969413996 -0.9077132344 0.4548499882 0.8796216249 -0.1392024159 0.8397791386 -0.3716067970 0.3958275020
-37.5 -311.6 2428.5 -0.2416543812 -0.2969413996 -0.9238122106 0.3072688878 0.8796216249 -0.3631137908 0.9204286933 -0.3716067970 -0.1213235632
323.0 -188.1 2618.3 -0.0647079945 0.1239197776 0.9901801944 -0.4022277892 0.9048454762 -0.1395257264 -0.9132500887 -0.4073064327 -0.0087067550
304.9 -300.8 2362.5 -0.5430296659 0.1096868366 0.8325188160 -0.3065712452 0.8970986605 -0.3181636333 -0.7817498446 -0.4279986322 -0.4535243511
41.4 -427.4 2343.4 0.7972162366 0.3399482369 0.4988801777 0.2879249752 0.5122261643 -0.8091499209 -0.5306085348 0.7887075543 0.3104754388
-93.7 -631.0 2029.8 0.7972162366 0.3399482369 0.4988801777 0.2879249752 0.5122261643 -0.8091499209 -0.5306085348 0.7887075543 0.3104754388
222.6 -429.4 2314.7 0.9589131474 -0.0073115178 0.2836056054 0.2684848607 0.3463670015 -0.8988580704 -0.0916596130 0.9380705953 0.3340989053
225.6 -569.1 1936.3 0.9589131474 -0.1499537826 0.2408307791 0.2684848607 0.7539311647 -0.5995862484 -0.0916596130 0.6396105289 0.7632148266
25.4 -391.5 2189.3 0 0 0 0 0 0 0 0 0
163.7 -380.5 2159.3 0 0 0 0 0 0 0 0 0
-223.7 -826.9 1728.2 0 0 0 0 0 0 0 0 0
282.9 -857.4 1691.8 0 0 0 0 0 0 0 0 0
209.3 -65.9 2796.7 0 0.9885807633 0.1285382956 0.0786511749 -0.0152618140 0.6046517491 -0.7963437438 -0.1499172449 0.7860497236 0.5997087955
183.7 -186.1 2640.4 0.9885807633 0.1285382956 0.0786511749 -0.0152618140 0.6046517491 -0.7963437438 -0.1499172449 0.7860497236 0.5997087955
158.0 -307.2 2484.8 0.9884420037 0.1291690767 0.0793580636 -0.0159150958 0.6089945436 -0.7930147052 -0.1507616043 0.7825860977 0.6040115356
44.6 -183.9 2661.6 0.2932702303 -0.3066869974 -0.9055029750 0.4603917897 0.8753961325 -0.1473804116 0.8378734589 -0.3736638725 0.3979237974
-36.3 -310.9 2430.4 -0.2378462106 -0.3066869974 -0.9216139317 0.3096426725 0.8753961325 -0.3712182939 0.9206250906 -0.3736638725 -0.1132462844
322.8 -188.3 2619.2 -0.0625011921 0.1308353096 0.9894320369 -0.3955688179 0.9069318175 -0.1449136734 -0.9163072109 -0.4004457295 -0.0049299486
305.2 -299.9 2360.9 -0.5347521901 0.1090647429 0.8379409313 -0.3142732382 0.8948317766 -0.3170305789 -0.7843930721 -0.4328751862 -0.4442371130
41.7 -426.8 2343.1 0.8002813458 0.3403107822 0.4936986268 0.2815976739 0.5136061907 -0.8105007410 -0.5293887854 0.7876530290 0.3151987195
-93.6 -631.0 2029.9 0.8002813458 0.3403107822 0.4936986268 0.2815976739 0.5136061907 -0.8105007410 -0.5293887854 0.7876530290 0.3151987195
223.0 -429.7 2315.4 0.9606236815 -0.0110173328 0.2776341140 0.2639814615 0.3479582667 -0.8995770216 -0.0866941437 0.9374452829 0.3371653259
227.5 -570.1 1937.3 0.9606236815 -0.1501351446 0.2337980419 0.2639814615 0.7556948662 -0.5993655324 -0.0866941437 0.6374831200 0.7655712962
25.5 -391.4 2191.1 0 0 0 0 0 0 0 0 0
166.2 -381.6 2157.0 0 0 0 0 0 0 0 0 0
-223.8 -827.4 1728.8 0 0 0 0 0 0 0 0 0
284.9 -859.0 1693.6 0 0 0 0 0 0 0 0 0
210.1 -65.0 2798.2 1 0.9889667630 0.1302616745 0.0705451667 -0.0223613158 0.6020272970 -0.7981623411 -0.1464400887 0.7877784967 0.5982978344
184.2 -184.3 2642.1 0.9889667630 0.1302616745 0.0705451667 -0.0223613158 0.6020272970 -0.7981623411 -0.1464400887 0.7877784967 0.5982978344
158.5 -305.4 2486.5 0.9889992476 0.1293794811 0.0717039779 -0.0222098771 0.6091333628 -0.7927567363 -0.1462437510 0.7824432850 0.6053059697
45.1 -181.2 2662.6 0.2839724422 -0.2943850160 -0.9125223756 0.4564251006 0.8784609437 -0.1413593590 0.8432293534 -0.3763559759 0.3838233948
-35.3 -310.4 2423.9 -0.2348295003 -0.2943850160 -0.9263868332 0.3152427077 0.8784609437 -0.3590660095 0.9194983244 -0.3763559759 -0.1134858206
323.4 -187.5 2621.5 -0.0724192634 0.1381688863 0.9877574444 -0.3957984149 0.9050559402 -0.1556191742 -0.9154775143 -0.4022226632 -0.0108564654
303.0 -299.2 2362.9 -0.5180398822 0.1174572632 0.8472535014 -0.3181525171 0.8929983377 -0.3183283806 -0.7939859629 -0.4344626367 -0.4252394140
42.1 -424.5 2344.4 0.8041125536 0.3392405808 0.4881790876 0.2755581141 0.5149415731 -0.8117283583 -0.5267549157 0.7872426510 0.3205904961
-92.8 -629.3 2031.3 0.8041125536 0.3392405808 0.4881790876 0.2755581141 0.5149415731 -0.8117283583 -0.5267549157 0.7872426510 0.3205904961
223.5 -428.6 2317.5 0.9626221657 -0.0131405881 0.2705290020 0.2579405010 0.3491434157 -0.9008693695 -0.0826154724 0.9369771481 0.3394826949
228.8 -569.4 1939.5 0.9626221657 -0.1483711898 0.2265934795 0.2579405010 0.7573831677 -0.5998645425 -0.0826154724 0.6358905435 0.7673447132
25.7 -392.4 2184.8 0 0 0 0 0 0 0 0 0
168.3 -381.9 2156.5 0 0 0 0 0 0 0 0 0
-222.5 -826.1 1730.4 0 0 0 0 0 0 0 0 0
285.6 -859.0 1696.4 0 0 0 0 0 0 0 0 0
210.4 -65.3 2796.0 2 0.9883364439 0.1316226274 0.0765937194 -0.0189349893 0.6052690148 -0.7957957983 -0.1511045396 0.7850636244 0.6007016897
184.3 -185.5 2640.1 0.9883364439 0.1316226274 0.0765937194 -0.0189349893 0.6052690148 -0.7957957983 -0.1511045396 0.7850636244 0.6007016897
157.7 -306.9 2484.9 0.9879802465 0.1337713897 0.0774615556 -0.0205666106 0.6104074717 -0.7918205261 -0.1532060355 0.7807099223 0.6058217287
45.2 -182.6 2661.7 0.2941231430 -0.2596570253 -0.9198205471 0.4486763179 0.8872660398 -0.1069978029 0.8439082503 -0.3812311590 0.3774674237
-36.9 -308.0 2425.9 -0.2431679815 -0.2596570253 -0.9345841408 0.3219787478 0.8872660398 -0.3302856982 0.9149857759 -0.3812311590 -0.1321506500
323.3 -188.4 2618.6 -0.0754266754 0.1339132786 0.9881184101 -0.3941734135 0.9062272310 -0.1529037803 -0.9159356952 -0.4010230303 -0.0155686559
302.4 -297.7 2364.7 -0.5115357041 0.1108332127 0.8520840406 -0.3262161613 0.8923537135 -0.3119101226 -0.7949303389 -0.4375167489 -0.4203152061
40.4 -426.3 2343.8 0.8017013073 0.3405324817 0.4912358522 0.2791365981 0.5134238601 -0.8114669919 -0.5285431147 0.7876760364 0.3165574968
-95.0 -630.5 2030.6 0.8017013073 0.3405324817 0.4912358522 0.2791365981 0.5134238601 -0.8114669919 -0.5285431147 0.7876760364 0.3165574968
221.7 -430.1 2315.7 0.9615300894 -0.0071834414 0.2746057510 0.2596261203 0.3503554761 -0.8999140859 -0.0897451416 0.9365892410 0.3387423158
224.6 -571.5 1937.8 0.9615300894 -0.1453051716 0.2331229746 0.2596261203 0.7579572797 -0.5984103680 -0.0897451416 0.6359143853 0.7665237784
26.3 -391.7 2188.0 0 0 0 0 0 0 0 0 0
169.5 -382.4 2158.1 0 0 0 0 0 0 0 0 0
-225.2 -826.8 1729.4 0 0 0 0 0 0 0 0 0
280.2 -861.2 1694.7 0 0 0 0 0 0 0 0 0
209.6 -66.8 2794.4 3 0.9872680902 0.1361807734 0.0821978673 -0.0168320443 0.6032962203 -0.7973395586 -0.1581719816 0.7858043313 0.5979073048
182.5 -186.7 2638.3 0.9872680902 0.1361807734 0.0821978673 -0.0168320443 0.6032962203 -0.7973395586 -0.1581719816 0.7858043313 0.5979073048
155.0 -307.9 2483.1 0.9868606925 0.1384514123 0.0832894668 -0.0186311956 0.6095629334 -0.7925186753 -0.1604955047 0.7805537581 0.6041332483
43.7 -184.0 2660.9 0.2859858572 -0.2815963030 -0.9159233570 0.4498907924 0.8834049702 -0.1311257929 0.8460557461 -0.3745653629 0.3793289065
-35.1 -307.9 2428.0 -0.2376898974 -0.2815963030 -0.9296273589 0.3139747083 0.8834049702 -0.3478729427 0.9191971421 -0.3745653629 -0.1215623170
321.4 -189.3 2615.7 -0.0739260018 0.1291494817 0.9888656735 -0.3970181346 0.9058024287 -0.1479815543 -0.9148287177 -0.4035373032 -0.0156876668
300.9 -299.3 2362.1 -0.5147880316 0.1046573073 0.8509054780 -0.3315945268 0.8909678459 -0.3101956546 -0.7905936837 -0.4418405890 -0.4239557981
36.9 -427.3 2342.7 0.8014813662 0.3335707784 0.4963447452 0.2875706553 0.5127410293 -0.8089497685 -0.5243383646 0.7910923958 0.3150272369
-95.7 -631.2 2028.1 0.8014813662 0.3335707784 0.4963447452 0.2875706553 0.5127410293 -0.8089497685 -0.5243383646 0.7910923958 0.3150272369
218.0 -430.8 2313.2 0.9603937864 -0.0009040968 0.2786447704 0.2614223361 0.3490499556 -0.8999013901 -0.0964473411 0.9371036887 0.3354617655
218.4 -571.6 1935.2 0.9603937864 -0.1419397891 0.2397849411 0.2614223361 0.7568315268 -0.5990529656 -0.0964473411 0.6380118728 0.7639625072
26.7 -389.5 2189.1 0 0 0 0 0 0 0 0 0
167.1 -385.5 2156.6 0 0 0 0 0 0 0 0 0
-223.2 -827.2 1725.7 0 0 0 0 0 0 0 0 0
272.7 -860.9 1691.3 0 0 0 0 0 0 0 0 0
208.5 -66.0 2797.1 4 0.9898939729 0.1285225302 0.0599321537 -0.0301438440 0.6036689281 -0.7966650128 -0.1385685802 0.7868072987 0.6014423966
183.1 -185.6 2641.1 0.9898939729 0.1285225302 0.0599321537 -0.0301438440 0.6036689281 -0.7966650128 -0.1385685802 0.7868072987 0.6014423966
156.7 -306.8 2485.7 0.9892938733 0.1326288283 0.0608874112 -0.0329313688 0.6093359590 -0.7922279835 -0.1421731561 0.7817412019 0.6071799397
43.9 -181.0 2661.1 0.2928049564 -0.2924859524 -0.9103390574 0.4536920190 0.8805660009 -0.1369928122 0.8416821361 -0.3729013801 0.3905326426
-38.8 -309.2 2423.4 -0.2532691360 -0.2924859524 -0.9221207500 0.3046959937 0.8805660009 -0.3629928827 0.9181585312 -0.3729013801 -0.1339009106
322.2 -190.3 2621.1 -0.0795142204 0.1498365849 0.9855082631 -0.3894008696 0.9054168463 -0.1690777093 -0.9176297784 -0.3972018659 -0.0136470208
299.7 -300.9 2360.4 -0.5190415978 0.1158155054 0.8468663692 -0.3324790001 0.8853946924 -0.3248598278 -0.7874348164 -0.4501810372 -0.4210504293
39.6 -424.9 2343.3 0.8098210692 0.3388279378 0.4789420664 0.2670168877 0.5140419602 -0.8151459098 -0.5223905444 0.7880079150 0.3258092105
-95.1 -629.3 2030.0 0.8098210692 0.3388279378 0.4789420664 0.2670168877 0.5140419602 -0.8151459098 -0.5223905444 0.7880079150 0.3258092105
221.1 -431.0 2317.2 0.9656241536 -0.0132502336 0.2596044540 0.2475738227 0.3512777686 -0.9029458165 -0.0792290270 0.9361775517 0.3424826860
226.4 -572.7 1939.6 0.9656241536 -0.1429156959 0.2171293199 0.2475738227 0.7602310181 -0.6006296873 -0.0792290270 0.6337380409 0.7694795728
27.0 -388.4 2184.7 0 0 0 0 0 0 0 0 0
164.7 -387.3 2155.7 0 0 0 0 0 0 0 0 0
-224.7 -825.8 1728.7 0 0 0 0 0 0 0 0 0
281.1 -863.3 1697.3 0 0 0 0 0 0 0 0 0
211.8 -68.1 2793.9 5 0.9868205190 0.1421682984 0.0772882402 -0.0245940536 0.6038427949 -0.7967239022 -0.1599388421 0.7843226790 0.5993809104
183.6 -188.1 2638.1 0.9868205190 0.1421682984 0.0772882402 -0.0245940536 0.6038427949 -0.7967239022 -0.1599388421 0.7843226790 0.5993809104
154.4 -309.2 2483.2 0.9860565066 0.1468549371 0.0782701448 -0.0278003644 0.6091037393 -0.7926031947 -0.1640723348 0.7793755531 0.6046932936
44.9 -184.2 2661.2 0.3085097373 -0.2530046105 -0.9169571400 0.4428954422 0.8913194537 -0.0969187990 0.8418226242 -0.3762157261 0.3870353401
-40.0 -306.0 2429.7 -0.2517139316 -0.2530046105 -0.9341459870 0.3148296177 0.8913194537 -0.3262390792 0.9151625037 -0.3762157261 -0.1447041780
322.3 -192.0 2615.0 -0.0772859007 0.1370141953 0.9875494838 -0.3864412010 0.9089645743 -0.1563541889 -0.9190702438 -0.3937137723 -0.0173022170
301.1 -298.2 2362.4 -0.5124672055 0.1058460996 0.8521584272 -0.3329394460 0.8902555108 -0.3107997179 -0.7915356755 -0.4429918230 -0.4209863842
34.8 -427.7 2343.3 0.8049950004 0.3307439983 0.4925357103 0.2841220498 0.5138819218 -0.8094442487 -0.5208240151 0.7915388346 0.3197007179
-96.7 -632.1 2028.6 0.8049950004 0.3307439983 0.4925357103 0.2841220498 0.5138819218 -0.8094442487 -0.5208240151 0.7915388346 0.3197007179
215.7 -432.8 2313.2 0.9623942375 0.0057168943 0.2715965807 0.2524757981 0.3501874208 -0.9020115137 -0.1002664044 0.9366621971 0.3355749547
213.3 -574.1 1935.5 0.9623942375 -0.1326451451 0.2370709926 0.2524757981 0.7588417530 -0.6003458500 -0.1002664044 0.6376240253 0.7637946010
25.5 -387.8 2191.8 0 0 0 0 0 0 0 0 0
167.8 -384.8 2156.6 0 0 0 0 0 0 0 0 0
-223.2 -828.5 1726.0 0 0 0 0 0 0 0 0 0
264.1 -864.2 1691.7 0 0 0 0 0 0 0 0 0
210.1 -67.0 2794.4 6 0.9855156541 0.1427367032 0.0915704295 -0.0135607254 0.6045700908 -0.7964365482 -0.1690414697 0.7836588621 0.5977488756
181.8 -187.0 2638.8 0.9855156541 0.1427367032 0.0915704295 -0.0135607254 0.6045700908 -0.7964365482 -0.1690414697 0.7836588621 0.5977488756
152.7 -308.7 2484.4 0.9848305583 0.1465113312 0.0929691270 -0.0164427236 0.6121731400 -0.7905527949 -0.1727381349 0.7770318389 0.6052958369
43.2 -184.7 2663.1 0.3053022325 -0.2935891747 -0.9058675170 0.4484654665 0.8835155368 -0.1351997852 0.8400412202 -0.3649734855 0.4014038742
-41.5 -309.1 2430.0 -0.2512298822 -0.2935891747 -0.9223279953 0.2970638871 0.8835155368 -0.3621509075 0.9212147593 -0.3649734855 -0.1347507685
320.4 -189.3 2614.5 -0.0766469985 0.1220378131 0.9895614982 -0.3982478082 0.9061266184 -0.1425946802 -0.9140699506 -0.4050201774 -0.0208505914
298.9 -300.6 2359.0 -0.5101233721 0.1053338200 0.8536269069 -0.3237327039 0.8959736228 -0.3040203452 -0.7968508601 -0.4314348400 -0.4229570925
33.2 -428.9 2345.7 0.8000277877 0.3268865049 0.5030911565 0.2975032628 0.5120382905 -0.8057968616 -0.5210060477 0.7943311930 0.3123950362
-96.8 -632.5 2029.9 0.8000277877 0.3268865049 0.5030911565 0.2975032628 0.5120382905 -0.8057968616 -0.5210060477 0.7943311930 0.3123950362
213.9 -431.9 2314.0 0.9584084153 0.0098170564 0.2852313817 0.2636955976 0.3518268466 -0.8981550336 -0.1091692895 0.9360136390 0.3346050978
209.9 -573.8 1936.5 0.9584084153 -0.1360127330 0.2509060502 0.2636955976 0.7582930326 -0.5962015986 -0.1091692895 0.6375674605 0.7626203895
23.8 -386.3 2190.6 0 0 0 0 0 0 0 0 0
166.3 -384.8 2151.9 0 0 0 0 0 0 0 0 0
-221.7 -828.3 1726.2 0 0 0 0 0 0 0 0 0
261.9 -863.7 1692.7 0 0 0 0 0 0 0 0 0
210.4 -67.7 2793.6 7 0.9846791625 0.1501179785 0.0887214392 -0.0196201596 0.6009438038 -0.7990504503 -0.1732684225 0.7850676179 0.5946822166
180.6 -187.1 2637.6 0.9846791625 0.1501179785 0.0887214392 -0.0196201596 0.6009438038 -0.7990504503 -0.1732684225 0.7850676179 0.5946822166
150.9 -308.8 2483.3 0.9845736623 0.1495240778 0.0908691511 -0.0200473275 0.6123220325 -0.7903542519 -0.1738181710 0.7763403058 0.6058737636
42.1 -184.2 2662.1 0.3043352067 -0.2607563138 -0.9161802530 0.4427301586 0.8903276324 -0.1063329875 0.8434275985 -0.3732597530 0.3864027262
-41.5 -305.8 2430.4 -0.2502784133 -0.2607563138 -0.9323984385 0.3110736310 0.8903276324 -0.3324904442 0.9168390632 -0.3732597530 -0.1417153776
319.2 -189.9 2613.2 -0.0718292445 0.1243277639 0.9896379113 -0.4051626921 0.9030151367 -0.1428526342 -0.9114185572 -0.4112253487 -0.0144899236
299.5 -301.1 2362.9 -0.5047331452 0.1152156815 0.8555523157 -0.3163266182 0.8974394202 -0.3074734509 -0.8032321930 -0.4258260131 -0.4165216386
30.9 -428.7 2344.9 0.8017870784 0.3253000975 0.5013155937 0.2962805629 0.5121381879 -0.8061837554 -0.5189945102 0.7949178219 0.3142457008
-98.5 -632.3 2028.8 0.8017870784 0.3253000975 0.5013155937 0.2962805629 0.5121381879 -0.8061837554 -0.5189945102 0.7949178219 0.3142457008
211.5 -432.4 2313.0 0.9592010975 0.0120962365 0.2824659050 0.2602570355 0.3525335193 -0.8988806605 -0.1104517728 0.9357210398 0.3350023925
206.6 -574.6 1935.5 0.9592010975 -0.1326591820 0.2496694773 0.2602570355 0.7592994571 -0.5964315534 -0.1104517728 0.6370760202 0.7628463507
23.5 -386.7 2192.1 0 0 0 0 0 0 0 0 0
168.2 -383.4 2154.1 0 0 0 0 0 0 0 0 0
-222.9 -828.1 1724.9 0 0 0 0 0 0 0 0 0
257.3 -864.9 1692.0 0 0 0 0 0 0 0 0 0
210.5 -65.1 2796.7 8 0.9845515490 0.1557102054 0.0800788701 -0.0301654302 0.6013469696 -0.7984183431 -0.1724770814 0.7836683989 0.5967541337
179.6 -184.6 2641.0 0.9845515490 0.1557102054 0.0800788701 -0.0301654302 0.6013469696 -0.7984183431 -0.1724770814 0.7836683989 0.5967541337
149.4 -305.8 2486.4 0.9849870205 0.1520556360 0.0817292705 -0.0284514464 0.6099581122 -0.7919226885 -0.1702677459 0.7777082920 0.6051270366
41.0 -180.6 2665.0 0.2985692024 -0.3112381399 -0.9022124410 0.4598616660 0.8752706051 -0.1497619003 0.8362916112 -0.3701786101 0.4044553339
-42.7 -309.4 2430.8 -0.2643429339 -0.3112381399 -0.9128272533 0.2944174707 0.8752706051 -0.3836922646 0.9183905125 -0.3701786101 -0.1397376508
318.2 -188.6 2617.1 -0.0705833733 0.1338270903 0.9884878993 -0.4023578763 0.9029474854 -0.1509766728 -0.9127574563 -0.4083823264 -0.0098866923
298.4 -301.7 2360.3 -0.5055136681 0.1207608804 0.8543258905 -0.3167732954 0.8950352073 -0.3139533401 -0.8025650382 -0.4293353260 -0.4141986966
28.8 -424.5 2347.4 0.8075405955 0.3177280128 0.4969176054 0.2919933498 0.5166538954 -0.8048655987 -0.5124627352 0.7950583100 0.3244445026
-97.6 -629.9 2031.3 0.8075405955 0.3177280128 0.4969176054 0.2919933498 0.5166538954 -0.8048655987 -0.5124627352 0.7950583100 0.3244445026
209.5 -429.7 2316.2 0.9618396163 0.0117683094 0.2733606994 0.2519930005 0.3511483669 -0.9017729163 -0.1066025123 0.9362458587 0.3347828686
204.8 -571.3 1938.5 0.9618396163 -0.1283300966 0.2416525483 0.2519930005 0.7595717907 -0.5996251106 -0.1066025123 0.6376379132 0.7629244924
26.0 -385.9 2192.1 0 0 0 0 0 0 0 0 0
166.9 -384.1 2151.7 0 0 0 0 0 0 0 0 0
-219.0 -827.4 1727.4 0 0 0 0 0 0 0 0 0
253.8 -861.7 1694.7 0 0 0 0 0 0 0 0 0
210.0 -65.7 2797.2 9 0.9840987325 0.1463441849 0.1006629169 -0.0074892729 0.6004077792 -0.7996589541 -0.1774642318 0.7861894965 0.5919565558
180.9 -184.8 2641.3 0.9840987325 0.1463441849 0.1006629169 -0.0074892729 0.6004077792 -0.7996589541 -0.1774642318 0.7861894965 0.5919565558
151.5 -305.7 2486.2 0.9837171435 0.1479013264 0.1021068916 -0.0090568159 0.6082056761 -0.7937278152 -0.1794953942 0.7798789144 0.5996417999
42.5 -183.5 2666.6 0.3015552163 -0.2927295864 -0.9073994756 0.4469023347 0.8840785027 -0.1366875321 0.8422248960 -0.3643001020 0.3974200189
-40.7 -306.8 2434.2 -0.2481935471 -0.2927295864 -0.9234226346 0.2976798713 0.8840785027 -0.3602664173 0.9218387604 -0.3643001020 -0.1322828829
319.3 -186.0 2616.0 -0.0744009241 0.1126210317 0.9908486009 -0.4048528969 0.9046250582 -0.1332203895 -0.9113498926 -0.4110596776 -0.0217099898
298.5 -299.4 2360.8 -0.5085890889 0.1021056473 0.8549336791 -0.3223697841 0.8981387615 -0.2990393341 -0.7983826399 -0.4276929200 -0.4238678217
31.9 -425.7 2347.7 0.7959261537 0.3220720887 0.5126120448 0.3080011010 0.5135380030 -0.8008832932 -0.5211879015 0.7953290343 0.3095397949
-96.2 -629.9 2031.4 0.7959261537 0.3220720887 0.5126120448 0.3080011010 0.5135380030 -0.8008832932 -0.5211879015 0.7953290343 0.3095397949
212.4 -427.4 2314.7 0.9559397697 0.0140062077 0.2932285368 0.2705168724 0.3459179699 -0.8984215856 -0.1140165031 0.9381601810 0.3268878460
206.7 -566.9 1936.3 0.9559397697 -0.1364456415 0.2599264085 0.2705168724 0.7533196807 -0.5994414687 -0.1140165031 0.6433444023 0.7570391297
23.8 -384.1 2194.6 0 0 0 0 0 0 0 0 0
166.3 -383.2 2153.2 0 0 0 0 0 0 0 0 0
-219.3 -826.3 1727.4 0 0 0 0 0 0 0 0 0
258.9 -854.9 1690.3 0 0 0 0 0 0 0 0 0
209.9 -61.4 2797.0 0 0.9852553010 0.1346178502 0.1055939570 0.0016425240 0.6097101569 -0.7926227450 -0.1710828692 0.7811091542 0.6004990339
183.1 -182.9 2641.3 0.9852553010 0.1346178502 0.1055939570 0.0016425240 0.6097101569 -0.7926227450 -0.1710828692 0.7811091542 0.6004990339
155.8 -305.2 2487.0 0.9847427607 0.1375830024 0.1065485328 -0.0006638428 0.6152561903 -0.7883269191 -0.1740150303 0.7762285471 0.6059604287
44.5 -182.8 2665.8 0.3078334332 -0.2888982892 -0.9065188169 0.4442402422 0.8861945271 -0.1315671206 0.8413615227 -0.3622113764 0.4011405408
-41.8 -307.5 2429.7 -0.2639330328 -0.2888982892 -0.9202592969 0.2899566591 0.8861945271 -0.3613646924 0.9199263453 -0.3622113764 -0.1501280218
321.7 -183.0 2616.8 -0.0790303200 0.1061005145 0.9912098050 -0.4094776809 0.9031084180 -0.1293181479 -0.9088906646 -0.4160983562 -0.0279271565
299.4 -298.4 2360.8 -0.5108150244 0.1003959104 0.8538083434 -0.3199986219 0.8995870948 -0.2972270846 -0.7979153395 -0.4250455499 -0.4273960292
38.1 -427.5 2348.6 0.7927568555 0.3313858211 0.5115857720 0.3072530925 0.5076159239 -0.8049358130 -0.5264334083 0.7953046560 0.3005966544
-93.7 -629.3 2032.4 0.7927568555 0.3313858211 0.5115857720 0.3072530925 0.5076159239 -0.8049358130 -0.5264334083 0.7953046560 0.3005966544
218.7 -427.6 2316.7 0.9538679719 0.0053348639 0.3001790643 0.2790892124 0.3527664244 -0.8931209445 -0.1106577739 0.9356961846 0.3350036740
216.6 -569.9 1939.2 0.9538679719 -0.1474606544 0.2615172863 0.2790892124 0.7565800548 -0.5913508534 -0.1106577739 0.6370573044 0.7628321052
26.8 -382.8 2190.6 0 0 0 0 0 0 0 0 0
166.6 -381.5 2153.3 0 0 0 0 0 0 0 0 0
-220.4 -823.3 1728.4 0 0 0 0 0 0 0 0 0
273.0 -859.1 1695.7 0 0 0 0 0 0 0 0 0
209.4 -65.5 2794.9 1 0.9883700609 0.1299653798 0.0789532587 -0.0145114828 0.5974375010 -0.8017841578 -0.1513738334 0.7913137674 0.5923752785
183.5 -184.5 2637.2 0.9883700609 0.1299653798 0.0789532587 -0.0145114828 0.5974375010 -0.8017841578 -0.1513738334 0.7913137674 0.5923752785
157.1 -304.5 2480.9 0.9879064560 0.1328729540 0.0799098611 -0.0166291725 0.6032028198 -0.7974144816 -0.1541566700 0.7864420414 0.5981175303
44.5 -182.2 2658.9 0.2948433459 -0.2977794409 -0.9079619050 0.4567777812 0.8785278201 -0.1397962123 0.8392981887 -0.3735188246 0.3950470984
-35.4 -306.0 2431.4 -0.2404889762 -0.2977794409 -0.9238465428 0.3096146882 0.8785278201 -0.3637686968 0.9199476838 -0.3735188246 -0.1190793514
322.5 -186.9 2615.5 -0.0694785491 0.1304765046 0.9890139699 -0.4020665288 0.9036579728 -0.1474611461 -0.9129705429 -0.4078947902 -0.0103246076
303.2 -298.4 2362.4 -0.5215147734 0.1072899401 0.8464698195 -0.3294063210 0.8898329735 -0.3157352805 -0.7870919704 -0.4434931278 -0.4287190735
40.2 -422.8 2338.7 0.7979046702 0.3382676244 0.4989219606 0.2824300230 0.5214238167 -0.8052021265 -0.5325235724 0.7833850980 0.3205095828
-94.3 -630.1 2027.3 0.7979046702 0.3382676244 0.4989219606 0.2824300230 0.5214238167 -0.8052021265 -0.5325235724 0.7833850980 0.3205095828
221.4 -425.9 2310.4 0.9607957006 -0.0074686827 0.2771568000 0.2629585862 0.3414257765 -0.9023753405 -0.0878889263 0.9398790598 0.3300043643
224.4 -563.6 1931.3 0.9607957006 -0.1468035579 0.2352028787 0.2629585862 0.7514024377 -0.6051835418 -0.0878889263 0.6433063745 0.7605474591
27.1 -386.5 2192.4 0 0 0 0 0 0 0 0 0
167.7 -384.0 2157.8 0 0 0 0 0 0 0 0 0
-223.6 -829.4 1727.9 0 0 0 0 0 0 0 0 0
280.5 -850.9 1685.4 0 0 0 0 0 0 0 0 0
209.6 -63.8 2793.8 2 0.9895200133 0.1253793836 0.0716251805 -0.0193440840 0.6066660881 -0.7947213650 -0.1430942416 0.7850071788 0.6027335525
184.6 -184.7 2637.3 0.9895200133 0.1253793836 0.0716251805 -0.0193440840 0.6066660881 -0.7947213650 -0.1430942416 0.7850071788 0.6027335525
159.0 -305.8 2481.8 0.9890370369 0.1289157271 0.0720172822 -0.0216530412 0.6090360880 -0.7928468585 -0.1460715532 0.7825955153 0.6051506996
45.4 -181.7 2657.9 0.3208308518 -0.3734220564 -0.8704157472 0.4738516510 0.8589999676 -0.1938651949 0.8200805783 -0.3502499759 0.4525403380
-41.9 -310.7 2434.7 -0.2623869479 -0.3734220564 -0.8897803426 0.2643405199 0.8589999676 -0.4384554327 0.9280502200 -0.3502499759 -0.1266797781
323.7 -187.8 2616.8 -0.0707399622 0.1381089091 0.9878875613 -0.3962969780 0.9049622416 -0.1548935175 -0.9153931141 -0.4024539888 -0.0092848549
303.8 -299.3 2359.3 -0.5268363953 0.1106712595 0.8427308202 -0.3264676034 0.8890857100 -0.3208512664 -0.7847689390 -0.4441604614 -0.4322721362
42.6 -424.9 2339.6 0.8027387261 0.3401015699 0.4898382127 0.2742883563 0.5187922120 -0.8097039461 -0.5295058489 0.7843376398 0.3231686950
-92.6 -631.2 2027.8 0.8027387261 0.3401015699 0.4898382127 0.2742883563 0.5187922120 -0.8097039461 -0.5295058489 0.7843376398 0.3231686950
224.1 -428.9 2312.8 0.9624962211 -0.0135694770 0.2709555626 0.2584979832 0.3489972055 -0.9007661939 -0.0823398083 0.9370255470 0.3394161463
229.6 -569.7 1934.9 0.9624962211 -0.1489430368 0.2267532200 0.2584979832 0.7571676970 -0.5998965502 -0.0823398083 0.6360133886 0.7672725320
26.2 -379.3 2193.8 0 0 0 0 0 0 0 0 0
166.9 -384.1 2155.3 0 0 0 0 0 0 0 0 0
-222.6 -829.5 1727.9 0 0 0 0 0 0 0 0 0
286.5 -859.1 1691.7 0 0 0 0 0 0 0 0 0
210.2 -64.5 2792.8 3 0.9896106720 0.1260167509 0.0692130029 -0.0221183430 0.6091154814 -0.7927730680 -0.1420613825 0.7830058336 0.6055744886
185.1 -185.7 2637.0 0.9896106720 0.1260167509 0.0692130029 -0.0221183430 0.6091154814 -0.7927730680 -0.1420613825 0.7830058336 0.6055744886
160.0 -307.5 2481.9 0.9894945621 0.1266378760 0.0697381645 -0.0226799641 0.6123852730 -0.7902340889 -0.1427801847 0.7803506255 0.6088240147
45.9 -182.6 2657.1 0.3126336336 -0.3901393414 -0.8660551310 0.4746612906 0.8539247513 -0.2133288532 0.8227738738 -0.3443890810 0.4521496296
-39.7 -312.5 2431.8 -0.2561159730 -0.3901393414 -0.8844184279 0.2586238980 0.8539247513 -0.4515818954 0.9314066172 -0.3443890810 -0.1178044081
324.4 -188.9 2616.9 -0.0809702128 0.1398031712 0.9868631363 -0.3978577852 0.9032800794 -0.1606059074 -0.9138670564 -0.4056354761 -0.0175170060
301.8 -299.7 2362.6 -0.5135527253 0.1192993224 0.8497242332 -0.3220764697 0.8910779953 -0.3197605014 -0.7953177691 -0.4378900528 -0.4191920161
44.0 -427.2 2339.8 0.8034613729 0.3464777470 0.4841518700 0.2700074613 0.5127106905 -0.8149992228 -0.5306089520 0.7855449915 0.3183916509
-93.7 -631.0 2027.5 0.8034613729 0.3464777470 0.4841518700 0.2700074613 0.5127106905 -0.8149992228 -0.5306089520 0.7855449915 0.3183916509
225.6 -431.3 2313.6 0.9628646970 -0.0164249893 0.2694842815 0.2577461004 0.3530355692 -0.8994069099 -0.0803647861 0.9354656935 0.3441589773
232.2 -573.7 1936.3 0.9628646970 -0.1506721377 0.2240300477 0.2577461004 0.7599937916 -0.5966375470 -0.0803647861 0.6322241426 0.7706063390
26.8 -379.7 2189.8 0 0 0 0 0 0 0 0 0
168.4 -383.4 2155.8 0 0 0 0 0 0 0 0 0
-226.2 -827.0 1727.2 0 0 0 0 0 0 0 0 0
289.8 -864.3 1694.6 0 0 0 0 0 0 0 0 0
210.1 -65.9 2793.3 4 0.9884499907 0.1255940795 0.0848099217 -0.0088081704 0.6062921882 -0.7951931357 -0.1512911469 0.7852616906 0.6003957987
185.1 -186.2 2637.4 0.9884499907 0.1255940795 0.0848099217 -0.0088081704 0.6062921882 -0.7951931357 -0.1512911469 0.7852616906 0.6003957987
159.9 -308.3 2482.6 0.9882039428 0.1266761720 0.0860587358 -0.0099985097 0.6141168475 -0.7891517878 -0.1528168470 0.7789824605 0.6081392765
46.1 -184.8 2658.9 0.2945208848 -0.3311143816 -0.8964489698 0.4575891197 0.8723907471 -0.1718910784 0.8389694095 -0.3595797718 0.4084516168
-34.5 -310.0 2429.5 -0.2395679206 -0.3311143816 -0.9126721621 0.2908661962 0.8723907471 -0.3928500712 0.9262850881 -0.3595797718 -0.1126868576
324.2 -187.6 2615.9 -0.0835121274 0.1237513572 0.9887928367 -0.4027196467 0.9034290910 -0.1470808983 -0.9115056992 -0.4104893506 -0.0256101824
300.9 -300.1 2361.4 -0.5135793090 0.1086456403 0.8511359692 -0.3234201074 0.8942759633 -0.3093055189 -0.7947551608 -0.4341273904 -0.4241434634
44.1 -429.5 2341.7 0.7968162894 0.3461828232 0.4952183366 0.2836253345 0.5093927979 -0.8124504089 -0.5335170627 0.7878301740 0.3077062666
-93.5 -632.0 2028.5 0.7968162894 0.3461828232 0.4952183366 0.2836253345 0.5093927979 -0.8124504089 -0.5335170627 0.7878301740 0.3077062666
225.4 -431.3 2313.7 0.9586097598 -0.0114500150 0.2844929397 0.2700687051 0.3529955447 -0.8957996368 -0.0901678279 0.9355549216 0.3414772749
230.0 -573.7 1936.3 0.9586097598 -0.1539760977 0.2394967675 0.2700687051 0.7581086159 -0.5935774446 -0.0901678279 0.6336897016 0.7683144808
27.7 -385.5 2188.9 0 0 0 0 0 0 0 0 0
167.4 -384.1 2154.8 0 0 0 0 0 0 0 0 0
-225.9 -826.8 1727.3 0 0 0 0 0 0 0 0 0
288.9 -863.5 1694.0 0 0 0 0 0 0 0 0 0
209.5 -61.3 2796.5 5 0.9883211851 0.1220764965 0.0912059322 -0.0025251370 0.6115607023 -0.7911934853 -0.1523640901 0.7817230225 0.6047266722
185.3 -182.7 2641.3 0.9883211851 0.1220764965 0.0912059322 -0.0025251370 0.6115607023 -0.7911934853 -0.1523640901 0.7817230225 0.6047266722
160.3 -305.8 2487.2 0.9877488017 0.1257438958 0.0924165696 -0.0053681098 0.6192432642 -0.7851808071 -0.1559600383 0.7750653028 0.6123318076
46.2 -182.0 2663.2 0.2925724089 -0.3409598172 -0.8933911920 0.4652152359 0.8670055866 -0.1785387248 0.8354496956 -0.3633836806 0.4122816324
-34.8 -310.8 2431.9 -0.2434875369 -0.3409598172 -0.9079979062 0.2919087112 0.8670055866 -0.4038447440 0.9249340892 -0.3633836806 -0.1115759164
324.3 -183.5 2619.3 -0.0845195130 0.1172005981 0.9895051718 -0.4103308022 0.9008528590 -0.1417490840 -0.9080116153 -0.4180049896 -0.0280486271
300.3 -299.8 2362.0 -0.5146015882 0.1105115190 0.8502778411 -0.3171408176 0.8968006968 -0.3084967732 -0.7966222167 -0.4284107387 -0.4264473319
44.6 -428.4 2347.4 0.7963740826 0.3435037136 0.4977885783 0.2892680764 0.5064820051 -0.8122807145 -0.5311424136 0.7908736467 0.3039844930
-91.9 -629.8 2032.9 0.7963740826 0.3435037136 0.4977885783 0.2892680764 0.5064820051 -0.8122807145 -0.5311424136 0.7908736467 0.3039844930
225.9 -429.4 2318.8 0.9567891955 -0.0104310857 0.2905953228 0.2748979628 0.3582274616 -0.8922467232 -0.0947921202 0.9335760474 0.3456156552
230.1 -573.9 1942.2 0.9567891955 -0.1561973244 0.2452688962 0.2748979628 0.7608410120 -0.5878367424 -0.0947921202 0.6298597455 0.7709028125
28.5 -386.6 2191.6 0 0 0 0 0 0 0 0 0
166.5 -382.2 2154.9 0 0 0 0 0 0 0 0 0
-223.3 -823.5 1730.6 0 0 0 0 0 0 0 0 0
289.8 -864.8 1701.4 0 0 0 0 0 0 0 0 0
210.6 -62.9 2795.7 6 0.9865749478 0.1323161572 0.0957202092 -0.0043904292 0.6074061394 -0.7943793535 -0.1632502675 0.7832944989 0.5998325944
184.5 -183.0 2640.8 0.9865749478 0.1323161572 0.0957202092 -0.0043904292 0.6074061394 -0.7943793535 -0.1632502675 0.7832944989 0.5998325944
158.0 -305.6 2486.5 0.9863291979 0.1330146343 0.0972718671 -0.0055240137 0.6166461110 -0.7872210741 -0.1646942496 0.7759218216 0.6089508533
45.7 -182.2 2664.0 0.2891037166 -0.2981252968 -0.9096924663 0.4549453259 0.8788899779 -0.1434473097 0.8422848582 -0.3723891973 0.3897210658
-34.7 -308.6 2429.9 -0.2358834743 -0.2981252968 -0.9249217510 0.3101945221 0.8788899779 -0.3623972237 0.9209442735 -0.3723891973 -0.1148388013
323.3 -183.8 2617.6 -0.0791026130 0.1139992699 0.9903267026 -0.4106993675 0.9014836550 -0.1365770251 -0.9083330035 -0.4175301492 -0.0244902801
301.2 -298.6 2363.6 -0.5187960267 0.1014506668 0.8488571644 -0.3271113038 0.8938154578 -0.3067444563 -0.7898410559 -0.4368085861 -0.4305222332
41.1 -427.7 2347.4 0.7954351306 0.3374162018 0.5034215450 0.2957213819 0.5089704394 -0.8083921671 -0.5289913416 0.7918960452 0.3050718009
-93.1 -630.0 2032.5 0.7954351306 0.3374162018 0.5034215450 0.2957213819 0.5089704394 -0.8083921671 -0.5289913416 0.7918960452 0.3050718009
222.1 -428.7 2317.2 0.9561131001 -0.0019216948 0.2929915488 0.2745383978 0.3552030325 -0.8935655951 -0.1023543254 0.9347872138 0.3401418626
222.9 -572.0 1940.1 0.9561131001 -0.1500831544 0.2516402006 0.2745383978 0.7589221597 -0.5904793143 -0.1023543254 0.6336498857 0.7668190002
26.6 -389.2 2190.6 0 0 0 0 0 0 0 0 0
166.3 -383.7 2158.3 0 0 0 0 0 0 0 0 0
-222.1 -824.6 1729.8 0 0 0 0 0 0 0 0 0
280.2 -862.1 1697.8 0 0 0 0 0 0 0 0 0
210.3 -64.4 2795.7 7 0.9877600670 0.1314848810 0.0839156285 -0.0134669198 0.6078642011 -0.7939267755 -0.1553986818 0.7830790877 0.6021946669
184.1 -185.4 2639.9 0.9877600670 0.1314848810 0.0839156285 -0.0134669198 0.6078642011 -0.7939267755 -0.1553986818 0.7830790877 0.6021946669
157.5 -307.4 2485.2 0.9873821139 0.1336586177 0.0849233419 -0.0152083728 0.6138405204 -0.7892835736 -0.1576239318 0.7780328989 0.6081278324
45.2 -183.2 2662.1 0.2830397189 -0.2853153348 -0.9156875610 0.4494751394 0.8828559518 -0.1361523569 0.8472665548 -0.3730422556 0.3781254590
-32.3 -306.2 2430.4 -0.2230704129 -0.2853153348 -0.9321130514 0.3173626959 0.8828559518 -0.3461882174 0.9216943979 -0.3730422556 -0.1063905954
323.1 -187.5 2617.7 -0.0801529959 0.1267815232 0.9886869788 -0.3998040855 0.9045078158 -0.1483992189 -0.9130893350 -0.4071757495 -0.0218112376
