-30.8 84.5 2889.4 1 0.9979404211 -0.0616322048 -0.0177858286 0.0555265360 0.9687921405 -0.2415753454 0.0321195908 0.2400902212 0.9702190757
-18.2 -113.7 2840.3 0.9979404211 -0.0616322048 -0.0177858286 0.0555265360 0.9687921405 -0.2415753454 0.0321195908 0.2400902212 0.9702190757
-6.8 -301.7 2787.0 0.9981923103 -0.0579913743 -0.0157815088 0.0514642745 0.9603804946 -0.2738990784 0.0310400352 0.2725917697 0.9616289735
-160.3 -121.0 2835.9 -0.0529597849 -0.7152597904 -0.6968491673 0.6586077809 0.4995221496 -0.5627729297 0.7506204247 -0.4887546003 0.4446210861
-145.6 -304.2 2627.2 -0.3013742566 -0.6990115047 -0.6485032439 0.4865225852 0.4721950591 -0.7350698113 0.8200422525 -0.5370426178 0.1977774650
124.0 -106.3 2844.7 0.0231084991 0.5568178296 0.8303131461 -0.7282662392 0.5783649087 -0.3675899506 -0.6849045753 -0.5961945653 0.4188767672
129.9 -290.4 2671.6 -0.4825738072 0.5568178296 0.6760742664 -0.3589541912 0.5783649087 -0.7325612307 -0.7989207506 -0.5961945653 -0.0792316422
-91.5 -494.7 2736.9 0.9516109228 0.2905274332 -0.1001523510 -0.1249800399 0.0681518838 -0.9898157716 -0.2807430625 0.9544365406 0.1011642069
-205.3 -521.4 2363.3 0.9516109228 0.2677749991 0.1507754177 -0.1249800399 0.7854603529 -0.6061616540 -0.2807430625 0.5579861403 0.7809191942
89.0 -486.4 2737.5 0.9989342690 -0.0402307957 -0.0226234458 -0.0266376790 -0.1022207513 -0.9944050312 0.0376931168 0.9939478636 -0.1031834707
109.5 -434.3 2230.7 0.9989342690 0.0189661440 -0.0420787632 -0.0266376790 0.9814200401 -0.1900135428 0.0376931168 0.1909319311 0.9808793068
-68.3 -429.0 2416.8 0 0 0 0 0 0 0 0 0
6.3 -382.3 2467.1 0 0 0 0 0 0 0 0 0
-306.1 -817.2 2153.1 0 0 0 0 0 0 0 0 0
102.4 -804.0 2158.8 0 0 0 0 0 0 0 0 0
-29.7 76.6 2898.9 2 0.9978473783 -0.0611197501 0.0237704255 0.0652700812 0.9607666135 -0.2695688903 -0.0063618473 0.2705401182 0.9626876712
-17.3 -118.2 2844.0 0.9978473783 -0.0611197501 0.0237704255 0.0652700812 0.9607666135 -0.2695688903 -0.0063618473 0.2705401182 0.9626876712
-5.5 -304.5 2785.2 0.9977933764 -0.0612267777 0.0256847739 0.0661142692 0.9518044591 -0.2994947731 -0.0061097830 0.3005320132 0.9537521601
-159.4 -127.7 2844.8 -0.0549280457 -0.7405493259 -0.6697533727 0.6283101439 0.4956807792 -0.5996056795 0.7760214806 -0.4537479877 0.4380678535
-143.8 -306.1 2624.5 -0.2770771384 -0.7219755054 -0.6340186000 0.4915405512 0.4604677856 -0.7391598821 0.8256005049 -0.5164501667 0.2272951603
124.7 -108.7 2843.2 0.0218522511 0.5578251481 0.8296707869 -0.7264979482 0.5789676905 -0.3701313138 -0.6868211031 -0.5946658850 0.4179105759
130.2 -289.6 2672.2 -0.4824344516 0.5578251481 0.6753429174 -0.3568291962 0.5789676905 -0.7331230044 -0.7999562025 -0.5946658850 -0.0802656487
-85.7 -494.4 2730.8 0.9471873641 0.3071915507 -0.0920298621 -0.1193306595 0.0712646693 -0.9902936816 -0.2976513803 0.9489756227 0.1041583642
-205.9 -522.3 2359.3 0.9471873641 0.2688222229 0.1748449802 -0.1193306595 0.8015412688 -0.5859110355 -0.2976513803 0.5341031551 0.7912884951
94.7 -485.1 2736.4 0.9994201064 -0.0286742933 -0.0183639918 -0.0211616009 -0.1005253270 -0.9947094321 0.0266765431 0.9945212007 -0.1010738313
109.3 -433.8 2229.3 0.9994201064 0.0160846487 -0.0300122537 -0.0211616009 0.9839160442 -0.1773737669 0.0266765431 0.1779060215 0.9836858511
-72.7 -432.2 2412.7 0 0 0 0 0 0 0 0 0
6.6 -380.9 2467.4 0 0 0 0 0 0 0 0 0
-307.1 -824.1 2158.2 0 0 0 0 0 0 0 0 0
103.3 -804.4 2162.3 0 0 0 0 0 0 0 0 0
-29.9 77.2 2904.1 3 0.9976750612 -0.0637701079 0.0240375735 0.0679882392 0.9556310773 -0.2866128087 -0.0046937233 0.2875807285 0.9577448964
-17.0 -117.2 2845.6 0.9976750612 -0.0637701079 0.0240375735 0.0679882392 0.9556310773 -0.2866128087 -0.0046937233 0.2875807285 0.9577448964
-5.0 -302.8 2784.3 0.9977819920 -0.0614019372 0.0257088412 0.0663628951 0.9477528930 -0.3120263517 -0.0052066068 0.3130403757 0.9497255683
-159.1 -126.7 2846.3 -0.0442699119 -0.7404353023 -0.6706681252 0.6320519447 0.4991295934 -0.5927731395 0.7736604810 -0.4501391053 0.4458971620
-146.5 -306.4 2626.4 -0.2612769604 -0.7248365283 -0.6374530196 0.4926383793 0.4677761197 -0.7338207364 0.8300853968 -0.5057643056 0.2348631471
125.2 -107.8 2844.8 0.0203835052 0.5306679010 0.8473346829 -0.7214416265 0.5945548415 -0.3550021946 -0.6921752095 -0.6040663123 0.3949650228
130.3 -290.9 2669.1 -0.4973649383 0.5306679010 0.6863087416 -0.3586509228 0.5945548415 -0.7196346521 -0.7899352312 -0.6040663123 -0.1053862125
-83.7 -496.9 2726.9 0.9449486136 0.3174062073 -0.0795324296 -0.1080695987 0.0733093843 -0.9914366603 -0.3088576794 0.9454517365 0.1035755649
-208.0 -525.6 2356.6 0.9449486136 0.2662881613 0.1901649833 -0.1080695987 0.8025183082 -0.5867583156 -0.3088576794 0.5339054465 0.7871162295
96.5 -484.8 2725.8 0.9996486306 -0.0218772907 -0.0149657028 -0.0170877334 -0.1002705470 -0.9948134422 0.0202632044 0.9947196841 -0.1006091461
107.5 -434.6 2227.5 0.9996486306 0.0134955570 -0.0228135493 -0.0170877334 0.9860728979 -0.1654335856 0.0202632044 0.1657653004 0.9859570265
-79.5 -432.8 2413.4 0 0 0 0 0 0 0 0 0
3.0 -382.8 2466.8 0 0 0 0 0 0 0 0 0
-308.3 -827.8 2155.6 0 0 0 0 0 0 0 0 0
102.4 -805.9 2165.1 0 0 0 0 0 0 0 0 0
-29.5 79.1 2898.2 4 0.9978173971 -0.0640514418 0.0160570350 0.0660111234 0.9612190127 -0.2677694857 0.0017166944 0.2682450116 0.9633492231
-16.4 -116.9 2843.5 0.9978173971 -0.0640514418 0.0160570350 0.0660111234 0.9612190127 -0.2677694857 0.0017166944 0.2682450116 0.9633492231
-5.1 -303.6 2785.5 0.9981601834 -0.0579552874 0.0178172588 0.0606321096 0.9534499049 -0.2953929305 0.0001317187 0.2959297597 0.9552096725
-158.6 -125.5 2843.4 -0.0424774960 -0.7351040244 -0.6766223311 0.6367555857 0.5019507408 -0.5853099823 0.7698947787 -0.4557055533 0.4467599690
-146.7 -304.4 2627.1 -0.2125403583 -0.7293117046 -0.6503314972 0.5051991343 0.4876708090 -0.7120049596 0.8364211917 -0.4798766673 0.2647978961
125.8 -108.2 2843.5 0.0126693016 0.5243012905 0.8514385819 -0.7284817696 0.5881245136 -0.3513172865 -0.6849480271 -0.6158065796 0.3893950582
128.9 -288.4 2674.1 -0.4878923595 0.5243012905 0.6979034543 -0.3852249086 0.5881245136 -0.7111338377 -0.7833024859 -0.6158065796 -0.0849675462
-83.2 -494.4 2723.4 0.9431582093 0.3287746310 -0.0485786311 -0.0845688805 0.0960618481 -0.9917762876 -0.3214043379 0.9395101666 0.1184056178
-211.9 -532.0 2355.6 0.9431582093 0.2573559284 0.2102868706 -0.0845688805 0.7977563143 -0.5970200896 -0.3214043379 0.5453006625 0.7741746902
97.1 -482.3 2722.5 0.9998074770 -0.0185404923 -0.0064263567 -0.0081825955 -0.0962607935 -0.9953225255 0.0178351626 0.9951834679 -0.0963939652
106.3 -434.5 2227.4 0.9998074770 0.0051127779 -0.0189448521 -0.0081825955 0.9861428738 -0.1656962335 0.0178351626 0.1658193469 0.9859948754
-92.2 -434.0 2412.7 0 0 0 0 0 0 0 0 0
4.0 -387.0 2473.6 0 0 0 0 0 0 0 0 0
-308.8 -832.4 2150.2 0 0 0 0 0 0 0 0 0
104.4 -805.9 2165.0 0 0 0 0 0 0 0 0 0
-28.8 83.4 2891.2 5 0.9980846643 -0.0556585118 0.0270032026 0.0604304820 0.9705799818 -0.2330722511 -0.0132363122 0.2342576534 0.9720844626
-17.4 -114.7 2843.4 0.9980846643 -0.0556585118 0.0270032026 0.0604304820 0.9705799818 -0.2330722511 -0.0132363122 0.2342576534 0.9720844626
-7.8 -303.2 2791.4 0.9983799458 -0.0491190627 0.0287201330 0.0549820699 0.9627476335 -0.2647525966 -0.0146458400 0.2659027874 0.9638885856
-159.7 -122.5 2845.5 -0.0357956104 -0.7389555573 -0.6728026271 0.6345166564 0.5033184290 -0.5865655541 0.7720798254 -0.4479009509 0.4508630335
-149.4 -303.9 2624.8 -0.1921497285 -0.7340847850 -0.6513048410 0.5145877600 0.4897474945 -0.7038087845 0.8356302381 -0.4703901410 0.2836461961
124.8 -106.9 2841.3 0.0082727894 0.5299930573 0.8479616642 -0.7387980819 0.5746996403 -0.3519910276 -0.6738760471 -0.6235604882 0.3963122368
126.9 -291.9 2672.6 -0.4991401136 0.5299930573 0.6855410337 -0.3830371201 0.5746996403 -0.7231894135 -0.7772655487 -0.6235604882 -0.0838486329
-84.0 -495.7 2727.6 0.9445526600 0.3226414323 -0.0610147491 -0.0921761915 0.0821890384 -0.9923449755 -0.3151568770 0.9429461360 0.1073717326
-210.4 -527.9 2358.3 0.9445526600 0.2579394281 0.2031933814 -0.0921761915 0.8022177219 -0.5898731351 -0.3151568770 0.5384366512 0.7815127373
96.4 -484.7 2727.6 0.9997583032 -0.0189933889 -0.0110715320 -0.0128979534 -0.0989035591 -0.9950134158 0.0178036615 0.9949157238 -0.0991246328
106.0 -434.8 2225.2 0.9997583032 0.0099393968 -0.0196095891 -0.0128979534 0.9875070453 -0.1570462286 0.0178036615 0.1572611928 0.9873965383
-100.2 -435.9 2410.5 0 0 0 0 0 0 0 0 0
-0.9 -390.0 2473.5 0 0 0 0 0 0 0 0 0
-307.5 -830.0 2155.6 0 0 0 0 0 0 0 0 0
102.2 -806.7 2166.0 0 0 0 0 0 0 0 0 0
-28.3 89.8 2899.8 6 0.9980174303 -0.0629013777 -0.0021557638 0.0603952631 0.9667682648 -0.2484180927 0.0177099630 0.2477953732 0.9686505198
-15.5 -107.6 2849.2 0.9980174303 -0.0629013777 -0.0021557638 0.0603952631 0.9667682648 -0.2484180927 0.0177099630 0.2477953732 0.9686505198
-4.1 -295.2 2794.4 0.9983364940 -0.0576556884 -0.0001636430 0.0552998260 0.9583389759 -0.2802291214 0.0163136292 0.2797539234 0.9599331021
-157.7 -115.4 2846.8 -0.0399029106 -0.7250349522 -0.6875551343 0.6473031044 0.5054360628 -0.5705550909 0.7611875534 -0.4678233862 0.4491490126
-146.2 -301.0 2628.5 -0.1460019946 -0.7279315591 -0.6699246764 0.5276374221 0.5155243874 -0.6751543283 0.8368286490 -0.4520511925 0.3088163137
126.7 -99.7 2851.5 -0.0112117166 0.5177174211 0.8554782271 -0.7270695567 0.5831151009 -0.3624178171 -0.6864722967 -0.6260554790 0.3698788285
123.8 -293.6 2668.5 -0.5068765879 0.5177174211 0.6892349720 -0.3804519773 0.5831151009 -0.7177973986 -0.7735195160 -0.6260554790 -0.0986007750
-88.4 -496.5 2740.7 0.9505372047 0.2920278609 -0.1058242545 -0.1228615046 0.0405774377 -0.9915939569 -0.2852789760 0.9555486441 0.0744493455
-202.6 -512.4 2366.9 0.9505372047 0.2639637887 0.1637136936 -0.1228615046 0.8036038280 -0.5823451877 -0.2852789760 0.5334266424 0.7962863445
92.1 -486.6 2738.0 0.9993587732 -0.0300276633 -0.0195041373 -0.0224430375 -0.1008712128 -0.9946463108 0.0278995000 0.9944462180 -0.1014804468
107.5 -434.7 2226.2 0.9993587732 0.0177674461 -0.0310868118 -0.0224430375 0.9873129129 -0.1571926028 0.0278995000 0.1577894837 0.9870785475
-108.8 -436.3 2414.0 0 0 0 0 0 0 0 0 0
-6.0 -391.0 2470.4 0 0 0 0 0 0 0 0 0
-302.0 -815.1 2166.0 0 0 0 0 0 0 0 0 0
100.8 -806.6 2166.8 0 0 0 0 0 0 0 0 0
-26.4 82.0 2904.5 7 0.9990324378 -0.0437574014 -0.0044122012 0.0408992395 0.9612626433 -0.2725827396 0.0161687974 0.2721385658 0.9621222019
-17.5 -113.2 2849.3 0.9990324378 -0.0437574014 -0.0044122012 0.0408992395 0.9612626433 -0.2725827396 0.0161687974 0.2721385658 0.9621222019
-9.4 -299.5 2789.8 0.9991458058 -0.0412141494 -0.0030122800 0.0383471213 0.9518674016 -0.3041019142 0.0154005922 0.3037266135 0.9526347518
-159.9 -118.6 2847.1 -0.0456734113 -0.7166507840 -0.6959350705 0.6372631192 0.5155937672 -0.5727641582 0.7692916393 -0.4696538448 0.4331461787
-146.9 -300.0 2628.2 -0.1553673446 -0.7177197337 -0.6787778735 0.5301729441 0.5191971064 -0.6703364849 0.8335332274 -0.4640180469 0.2998492718
124.8 -107.8 2851.4 0.0097694099 0.5129689574 0.8583515286 -0.7217258215 0.5977476835 -0.3490122259 -0.6921100616 -0.6160848737 0.3760626018
127.2 -282.9 2683.5 -0.4867713451 0.5129689574 0.7070477009 -0.3885996342 0.5977476835 -0.7012047172 -0.7823324203 -0.6160848737 -0.0916268900
-83.0 -487.8 2738.2 0.9471479058 0.3026339412 -0.1064123362 -0.1298073977 0.0582115427 -0.9898290038 -0.2933614254 0.9513275623 0.0944190621
-201.4 -510.6 2365.9 0.9471479058 0.2729029655 0.1686263978 -0.1298073977 0.8067273498 -0.5764902830 -0.2933614254 0.5241326094 0.7995148897
97.4 -477.8 2741.2 0.9996286035 -0.0205339491 -0.0179160312 -0.0195610020 -0.0829288810 -0.9963634610 0.0189735200 0.9963439107 -0.0832997486
108.1 -434.9 2225.0 0.9996286035 0.0165518802 -0.0216486137 -0.0195610020 0.9889234900 -0.1471315324 0.0189735200 0.1475003511 0.9888799787
-107.0 -436.0 2414.3 0 0 0 0 0 0 0 0 0
2.6 -382.4 2483.2 0 0 0 0 0 0 0 0 0
-304.2 -814.4 2168.5 0 0 0 0 0 0 0 0 0
101.8 -807.3 2169.5 0 0 0 0 0 0 0 0 0
-26.9 89.0 2905.9 8 0.9987233281 -0.0496123135 -0.0095017618 0.0453020409 0.9629030228 -0.2660179138 0.0223470386 0.2652478516 0.9639212489
-16.8 -107.8 2851.7 0.9987233281 -0.0496123135 -0.0095017618 0.0453020409 0.9629030228 -0.2660179138 0.0223470386 0.2652478516 0.9639212489
-7.9 -294.6 2793.7 0.9989545941 -0.0450098552 -0.0079859067 0.0406166166 0.9540977478 -0.2967284322 0.0209750384 0.2960938811 0.9549285173
-159.1 -113.6 2848.7 -0.0276053939 -0.7156198621 -0.6979442239 0.6441111565 0.5212048292 -0.5598806739 0.7644336224 -0.4650093913 0.4465506673
-151.1 -299.7 2627.9 -0.2120252252 -0.7085007429 -0.6731062531 0.5171883702 0.5030579567 -0.6924225092 0.8291932940 -0.4949337542 0.2597673535
125.6 -102.1 2854.7 -0.0205224548 0.6063416004 0.7949393988 -0.7242344618 0.5391256213 -0.4299162328 -0.6892483234 -0.5845454931 0.4280693233
120.4 -285.5 2680.0 -0.4547366798 0.6063416004 0.6523529887 -0.3679595292 0.5391256213 -0.7575944662 -0.8110612631 -0.5845454931 -0.0220510364
-91.6 -489.3 2729.0 0.9508475661 0.2954856455 -0.0926130563 -0.1271515936 0.0998599231 -0.9868437052 -0.2823498249 0.9501137733 0.1325230449
-207.2 -528.3 2357.3 0.9508475661 0.2694346607 0.1526234299 -0.1271515936 0.7891246080 -0.6009283066 -0.2823498249 0.5519848466 0.7845962644
89.0 -482.4 2731.8 0.9990683794 -0.0388278291 -0.0188343320 -0.0222523417 -0.0895661265 -0.9957322478 0.0369752049 0.9952237606 -0.0903467014
108.8 -436.6 2223.1 0.9990683794 0.0167325344 -0.0397788212 -0.0222523417 0.9895232916 -0.1426482201 0.0369752049 0.1434004903 0.9889737964
-96.8 -432.2 2415.4 0 0 0 0 0 0 0 0 0
4.1 -379.7 2472.6 0 0 0 0 0 0 0 0 0
-308.6 -825.4 2149.6 0 0 0 0 0 0 0 0 0
102.5 -809.3 2169.1 0 0 0 0 0 0 0 0 0
-28.7 91.8 2907.1 9 0.9984211326 -0.0555432290 -0.0083746063 0.0514264666 0.9638425112 -0.2614631653 0.0225943103 0.2606196702 0.9651771188
-17.4 -105.5 2853.7 0.9984211326 -0.0555432290 -0.0083746063 0.0514264666 0.9638425112 -0.2614631653 0.0225943103 0.2606196702 0.9651771188
-7.5 -292.6 2796.6 0.9987213612 -0.0501110815 -0.0066715530 0.0459737256 0.9551914930 -0.2923962772 0.0210249051 0.2917156816 0.9562739730
-159.7 -112.1 2850.8 -0.0220990293 -0.7185883522 -0.6950845122 0.6401633620 0.5238598585 -0.5619267821 0.7679209113 -0.4573856294 0.4484371245
-153.2 -299.2 2626.2 -0.2240135819 -0.7054814100 -0.6723941565 0.5308259130 0.4902867079 -0.6912617683 0.8173382282 -0.5117762685 0.2646569014
125.0 -99.0 2856.7 -0.0038843479 0.5694987178 0.8219830394 -0.7277788520 0.5621152520 -0.3928923607 -0.6858009100 -0.5997479558 0.4122856557
124.0 -283.5 2682.8 -0.4693829715 0.5694987178 0.6747968793 -0.3765845597 0.5621152520 -0.7363494635 -0.7986636758 -0.5997479558 -0.0493829027
-89.4 -485.1 2733.9 0.9501500130 0.2997144461 -0.0859429315 -0.1210751757 0.1006579846 -0.9875265956 -0.2873251438 0.9487039447 0.1319281608
-206.7 -524.5 2362.5 0.9501500130 0.2673271000 0.1604716629 -0.1210751757 0.7906268835 -0.6002082229 -0.2873251438 0.5508587360 0.7835808396
91.2 -477.8 2737.6 0.9993398190 -0.0331672281 -0.0148276174 -0.0174767766 -0.0810647532 -0.9965556264 0.0318509899 0.9961568117 -0.0815908909
108.3 -435.9 2223.5 0.9993398190 0.0128390072 -0.0339865126 -0.0174767766 0.9900124073 -0.1398926079 0.0318509899 0.1403942257 0.9895832539
-95.8 -435.4 2416.6 0 0 0 0 0 0 0 0 0
3.9 -379.9 2478.4 0 0 0 0 0 0 0 0 0
-307.4 -822.2 2155.1 0 0 0 0 0 0 0 0 0
103.5 -808.8 2170.6 0 0 0 0 0 0 0 0 0
-27.3 91.7 2907.2 0 0.9987741709 -0.0493880585 -0.0033210327 0.0468440056 0.9647416472 -0.2589964271 0.0159952696 0.2585233450 0.9658725858
-17.2 -105.7 2854.3 0.9987741709 -0.0493880585 -0.0033210327 0.0468440056 0.9647416472 -0.2589964271 0.0159952696 0.2585233450 0.9658725858
-9.1 -292.9 2797.5 0.9991406202 -0.0414078943 -0.0018352247 0.0390905812 0.9560976028 -0.2904295325 0.0137807298 0.2901082039 0.9568946362
-159.6 -111.3 2852.3 -0.0294316690 -0.7178236246 -0.6956026554 0.6483283639 0.5159586072 -0.5598723292 0.7607917786 -0.4674569070 0.4501998723
-151.1 -298.2 2632.9 -0.2198591977 -0.7081907988 -0.6709155440 0.5287890434 0.4914260805 -0.6920133829 0.8197829723 -0.5069183111 0.2664389908
125.2 -100.1 2856.3 0.0003363418 0.5581278205 0.8297549486 -0.7269725204 0.5699014068 -0.3830447793 -0.6866664290 -0.6030802131 0.4059352577
125.3 -280.8 2685.6 -0.4698251188 0.5581278205 0.6839281321 -0.3820263147 0.5699014068 -0.7275082469 -0.7958142161 -0.6030802131 -0.0545345023
-88.0 -483.8 2737.6 0.9505445361 0.2968089879 -0.0914850384 -0.1266664714 0.1015145332 -0.9867372513 -0.2835854292 0.9495257735 0.1340898275
-204.2 -523.5 2365.8 0.9505445361 0.2730854750 0.1479507089 -0.1266664714 0.7757908702 -0.6181457639 -0.2835854292 0.5688346624 0.7720145583
92.6 -475.4 2741.4 0.9995156527 -0.0283451434 -0.0128462100 -0.0149913309 -0.0768124759 -0.9969328642 0.0272714552 0.9966425896 -0.0772001967
107.2 -435.7 2225.7 0.9995156527 0.0106124636 -0.0292548779 -0.0149913309 0.9879900813 -0.1537884027 0.0272714552 0.1541524827 0.9876706600
-94.7 -433.9 2422.5 0 0 0 0 0 0 0 0 0
5.0 -378.6 2481.9 0 0 0 0 0 0 0 0 0
-307.0 -815.6 2151.6 0 0 0 0 0 0 0 0 0
103.2 -807.8 2167.6 0 0 0 0 0 0 0 0 0
-29.2 92.1 2896.2 1 0.9983713627 -0.0568049885 0.0052729929 0.0565697476 0.9737851620 -0.2203231603 0.0073806928 0.2202626318 0.9754126668
-17.5 -108.7 2850.8 0.9983713627 -0.0568049885 0.0052729929 0.0565697476 0.9737851620 -0.2203231603 0.0073806928 0.2202626318 0.9754126668
-7.6 -297.8 2801.5 0.9987054467 -0.0503792576 0.0070276679 0.0505227521 0.9663853049 -0.2520850003 0.0059084203 0.2521137297 0.9676795602
-159.8 -115.9 2850.0 -0.0363286473 -0.7271680832 -0.6854975224 0.6459200978 0.5063242912 -0.5713343620 0.7625401020 -0.4635324180 0.4512984157
-149.5 -299.4 2633.4 -0.2248033285 -0.7180907726 -0.6586418748 0.5182505250 0.4842951000 -0.7048933506 0.8251544237 -0.4998038709 0.2632797658
124.9 -101.6 2851.6 0.0044370247 0.5649171472 0.8251357079 -0.7321810722 0.5638426542 -0.3820894659 -0.6810956001 -0.6024534106 0.4161234200
126.0 -281.3 2684.4 -0.4739004672 0.5649171472 0.6754902005 -0.3759939671 0.5638426542 -0.7353298664 -0.7962706089 -0.6024534106 -0.0547998548
-91.3 -483.7 2739.4 0.9518108964 0.2830826044 -0.1179841086 -0.1489373446 0.0903628320 -0.9847092032 -0.2680926919 0.9548292160 0.1281698942
-202.1 -519.1 2365.5 0.9518108964 0.2776181400 0.1303233653 -0.1489373446 0.7898903489 -0.5948872566 -0.2680926919 0.5468101501 0.7931739688
89.3 -476.6 2741.9 0.9993060827 -0.0348821059 -0.0130599840 -0.0157645810 -0.0784214586 -0.9967956543 0.0337461494 0.9963098764 -0.0789169446
107.4 -436.1 2226.3 0.9993060827 0.0103065399 -0.0357924551 -0.0157645810 0.9876730442 -0.1557353288 0.0337461494 0.1561915129 0.9871501327
-91.8 -432.4 2421.6 0 0 0 0 0 0 0 0 0
4.6 -377.6 2480.5 0 0 0 0 0 0 0 0 0
-306.6 -816.4 2159.7 0 0 0 0 0 0 0 0 0
103.5 -808.1 2167.5 0 0 0 0 0 0 0 0 0
-29.6 89.6 2892.8 2 0.9915037155 -0.0930765793 -0.0908688828 0.0703243315 0.9712359309 -0.2274979353 0.1094298512 0.2191747576 0.9695295691
-10.3 -111.2 2847.4 0.9915037155 -0.0930765793 -0.0908688828 0.0703243315 0.9712359309 -0.2274979353 0.1094298512 0.2191747576 0.9695295691
6.6 -300.1 2799.3 0.9923325181 -0.0864484683 -0.0883335248 0.0613850281 0.9650321007 -0.2548430264 0.1072754785 0.2474666834 0.9629393816
-151.0 -119.9 2832.2 -0.0065976148 -0.6857661009 -0.7277920842 0.6681625843 0.5384675860 -0.5134310722 0.7439860702 -0.4896708727 0.4546506405
-149.2 -300.5 2631.2 -0.2213319391 -0.6803084016 -0.6987078190 0.5174716711 0.5253565311 -0.6754432321 0.8265804648 -0.5110586882 0.2357621640
130.4 -102.5 2862.6 -0.0376055725 0.5783916116 0.8148919940 -0.7139889598 0.5549837947 -0.4268638790 -0.6991463304 -0.5978763103 0.3920947611
120.7 -286.8 2682.2 -0.4764288068 0.5783916116 0.6621772647 -0.3651102781 0.5549837947 -0.7474539876 -0.7998187542 -0.5978763103 -0.0532335378
-87.1 -491.5 2751.0 0.9515387416 0.2843683064 -0.1170842871 -0.1348039508 0.0434908047 -0.9899173975 -0.2764090598 0.9577281475 0.0797171593
-198.2 -508.5 2376.6 0.9515387416 0.2741391063 0.1393622011 -0.1348039508 0.7791260481 -0.6122013927 -0.2764090598 0.5637467504 0.7783236504
92.6 -482.4 2752.6 0.9995505810 -0.0267529879 -0.0135249821 -0.0158187505 -0.0874744505 -0.9960411787 0.0254639871 0.9958074689 -0.0878583342
106.7 -436.3 2227.5 0.9995505810 0.0113230255 -0.0277567394 -0.0158187505 0.9857400656 -0.1675298065 0.0254639871 0.1678935885 0.9854761958
-92.4 -433.4 2418.9 0 0 0 0 0 0 0 0 0
-1.3 -380.3 2477.4 0 0 0 0 0 0 0 0 0
-301.5 -801.8 2164.4 0 0 0 0 0 0 0 0 0
102.5 -807.5 2164.3 0 0 0 0 0 0 0 0 0
-28.8 90.1 2889.5 3 0.9964130521 -0.0803283378 -0.0266152229 0.0726278201 0.9731947184 -0.2182136774 0.0434305370 0.2154979408 0.9755380154
-12.0 -113.0 2844.5 0.9964130521 -0.0803283378 -0.0266152229 0.0726278201 0.9731947184 -0.2182136774 0.0434305370 0.2154979408 0.9755380154
2.7 -302.2 2796.3 0.9968743324 -0.0752502754 -0.0240611751 0.0668784529 0.9659211636 -0.2500470579 0.0420573093 0.2476563156 0.9679346681
-153.4 -122.5 2838.6 -0.0293901563 -0.7191848159 -0.6941969395 0.6518358588 0.5127208233 -0.5587731004 0.7577903867 -0.4689248800 0.4537215233
-145.1 -306.8 2624.3 -0.2191810906 -0.7153003216 -0.6635549068 0.4964038432 0.5037369132 -0.7069882154 0.8399659991 -0.4843496382 0.2446682304
129.4 -103.5 2850.5 -0.0300967433 0.6203956008 0.7837113142 -0.7457681298 0.5081151724 -0.4308699071 -0.6655254364 -0.5974346995 0.4473786652
122.0 -286.5 2687.2 -0.4741033912 0.6203956008 0.6247681379 -0.3638465703 0.5081151724 -0.7806629539 -0.8017740846 -0.5974346995 -0.0151703246
-65.4 -494.5 2741.3 0.9368536472 0.3433932960 -0.0662293285 -0.0828481540 0.0339355208 -0.9959841967 -0.3397667706 0.9385784268 0.0602421165
-199.5 -507.8 2374.8 0.9368536472 0.2700979412 0.2221539319 -0.0828481540 0.7885563970 -0.6093562245 -0.3397667706 0.5524725318 0.7611390352
112.7 -483.5 2760.9 0.9998579621 0.0108679943 -0.0128795672 -0.0118427677 -0.0905971527 -0.9958171844 -0.0119893877 0.9958283305 -0.0904555842
106.9 -435.0 2228.5 0.9998579621 0.0137101505 0.0097994050 -0.0118427677 0.9853356481 -0.1702158302 -0.0119893877 0.1700755954 0.9853580594
-88.8 -434.3 2408.7 0 0 0 0 0 0 0 0 0
0.6 -379.7 2481.9 0 0 0 0 0 0 0 0 0
-301.2 -804.7 2166.7 0 0 0 0 0 0 0 0 0
101.7 -806.2 2164.4 0 0 0 0 0 0 0 0 0
-30.0 89.3 2887.9 4 0.9966722131 -0.0686854944 -0.0438959412 0.0575511530 0.9742959738 -0.2177962363 0.0577270798 0.2145451903 0.9750066400
-15.8 -112.1 2843.5 0.9966722131 -0.0686854944 -0.0438959412 0.0575511530 0.9742959738 -0.2177962363 0.0577270798 0.2145451903 0.9750066400
-3.6 -301.5 2795.2 0.9971737862 -0.0624940395 -0.0417011082 0.0501289293 0.9668761492 -0.2502749860 0.0559605025 0.2474772185 0.9672762752
-157.5 -119.3 2835.6 -0.0437799022 -0.7030234933 -0.7098177671 0.6660038233 0.5090518594 -0.5452568531 0.7446624637 -0.4966126680 0.4459301233
-145.4 -303.9 2629.1 -0.2133884877 -0.7085474730 -0.6726260185 0.4842424393 0.5212516189 -0.7027133107 0.8485131860 -0.4756650031 0.2318796664
126.0 -105.0 2851.5 -0.0441366136 0.6183055639 0.7846974730 -0.7331097722 0.5135498047 -0.4458886385 -0.6786766648 -0.5949494243 0.4306195080
115.0 -287.4 2682.7 -0.4543575644 0.6183055639 0.6412935257 -0.3841111064 0.5135498047 -0.7672843337 -0.8037523627 -0.5949494243 0.0041628038
-72.1 -497.3 2744.1 0.9422708750 0.3191497326 -0.1013360322 -0.1150481254 0.0243572667 -0.9930612445 -0.3144669831 0.9473912716 0.0596687235
-196.8 -506.8 2373.7 0.9422708750 0.2777262628 0.1870659739 -0.1150481254 0.7931591272 -0.5980489254 -0.3144669831 0.5420024991 0.7793226242
107.1 -485.3 2751.8 0.9999643564 0.0009515786 -0.0083894627 -0.0082573947 -0.0971184373 -0.9952386022 -0.0017618192 0.9952723980 -0.0971071199
106.6 -434.3 2229.7 0.9999643564 0.0084369052 0.0003274243 -0.0082573947 0.9853084683 -0.1705844998 -0.0017618192 0.1705757231 0.9853429794
-90.6 -428.2 2411.3 0 0 0 0 0 0 0 0 0
-1.3 -385.7 2476.9 0 0 0 0 0 0 0 0 0
-301.4 -805.5 2169.6 0 0 0 0 0 0 0 0 0
103.4 -805.4 2165.4 0 0 0 0 0 0 0 0 0
-30.1 92.4 2888.6 5 0.9979122877 -0.0640221983 -0.0084964680 0.0608601011 0.9762305617 -0.2080141604 0.0216120370 0.2070627958 0.9780889153
-16.9 -108.8 2845.9 0.9979122877 -0.0640221983 -0.0084964680 0.0608601011 0.9762305617 -0.2080141604 0.0216120370 0.2070627958 0.9780889153
-5.5 -298.5 2798.8 0.9983139634 -0.0576941408 -0.0063689305 0.0544413403 0.9687448740 -0.2420113087 0.0201325044 0.2412565500 0.9702525139
-158.9 -116.5 2843.1 -0.0318668112 -0.7223188877 -0.6908255816 0.6613189578 0.5030122995 -0.5564492941 0.7494275570 -0.4745883346 0.4616537690
-149.7 -306.3 2628.0 -0.2108873129 -0.7283562422 -0.6519384384 0.4577318728 0.5157183409 -0.7242348790 0.8637176156 -0.4511449337 0.2246333957
125.1 -101.0 2848.8 -0.0405404978 0.6352341175 0.7712548971 -0.7492198348 0.4913739562 -0.4440960288 -0.6610795259 -0.5958433151 0.4560094178
114.9 -290.3 2681.8 -0.4536516666 0.6352341175 0.6250422597 -0.3869810700 0.4913739562 -0.7802546024 -0.8027738333 -0.5958433151 0.0229109507
-81.1 -495.3 2741.7 0.9467100501 0.2993320525 -0.1189136058 -0.1349232495 0.0333193950 -0.9902957082 -0.2924650908 0.9535670877 0.0719306543
-198.3 -508.3 2368.6 0.9467100501 0.2774780989 0.1635421365 -0.1349232495 0.8027128577 -0.5809025168 -0.2924650908 0.5278806090 0.7973745465
98.6 -486.3 2751.9 0.9997865558 -0.0161393490 -0.0128970686 -0.0144641018 -0.1010794267 -0.9947732091 0.0147513635 0.9947474599 -0.1012912989
107.0 -433.3 2230.2 0.9997865558 0.0115800789 -0.0171089079 -0.0144641018 0.9836613536 -0.1794467866 0.0147513635 0.1796559542 0.9836189151
-95.6 -423.8 2406.3 0 0 0 0 0 0 0 0 0
-1.3 -389.4 2476.2 0 0 0 0 0 0 0 0 0
-302.7 -810.6 2169.8 0 0 0 0 0 0 0 0 0
102.7 -803.8 2162.6 0 0 0 0 0 0 0 0 0
-28.6 93.8 2887.4 6 0.9980031252 -0.0590882488 -0.0223237425 0.0531674959 0.9766473174 -0.2081664056 0.0341026112 0.2065638304 0.9778386354
-16.4 -106.9 2845.0 0.9980031252 -0.0590882488 -0.0223237425 0.0531674959 0.9766473174 -0.2081664056 0.0341026112 0.2065638304 0.9778386354
-6.0 -296.7 2797.7 0.9983752370 -0.0532410033 -0.0203033797 0.0467220880 0.9688606858 -0.2431584448 0.0326171480 0.2418147624 0.9697740674
-158.6 -113.6 2840.3 -0.0302468631 -0.7120726109 -0.7014539838 0.6777736545 0.5011825562 -0.5379952192 0.7346481681 -0.4916997254 0.4674648643
-150.1 -302.7 2635.3 -0.2099768519 -0.7231892943 -0.6579566598 0.4538377523 0.5239701271 -0.7207542062 0.8659913540 -0.4499472678 0.2181890011
125.7 -100.3 2849.6 -0.0405416228 0.5978396535 0.8005898595 -0.7444038987 0.5163976550 -0.4233158231 -0.6664977074 -0.6131241322 0.4240985811
115.4 -289.8 2679.9 -0.4719887972 0.5978396535 0.6479308009 -0.3914612532 0.5163976550 -0.7616373897 -0.7899270058 -0.6131241322 -0.0097028464
-84.2 -493.1 2749.7 0.9487332702 0.2820368409 -0.1426900029 -0.1525935680 0.0133475279 -0.9881988764 -0.2768039405 0.9593107104 0.0557002537
-194.6 -498.3 2374.3 0.9487332702 0.2820934951 0.1425779909 -0.1525935680 0.8038117886 -0.5749798417 -0.2768039405 0.5237460136 0.8056486249
95.8 -483.3 2753.4 0.9996531606 -0.0223408062 -0.0139441909 -0.0160537455 -0.0972139910 -0.9951339960 0.0208765268 0.9950127006 -0.0975389257
107.6 -432.3 2231.5 0.9996531606 0.0119370520 -0.0234746430 -0.0160537455 0.9828200936 -0.1838665903 0.0208765268 0.1841796786 0.9826708436
-96.2 -419.2 2413.0 0 0 0 0 0 0 0 0 0
-5.4 -390.1 2477.7 0 0 0 0 0 0 0 0 0
-300.9 -801.0 2177.1 0 0 0 0 0 0 0 0 0
103.1 -802.5 2162.2 0 0 0 0 0 0 0 0 0
-29.0 89.8 2898.4 7 0.9964452982 -0.0676347986 -0.0502226353 0.0536300726 0.9690500498 -0.2409685105 0.0649661049 0.2374185026 0.9692326188
-15.1 -108.7 2849.7 0.9964452982 -0.0676347986 -0.0502226353 0.0536300726 0.9690500498 -0.2409685105 0.0649661049 0.2374185026 0.9692326188
-2.5 -296.8 2797.1 0.9967719913 -0.0643021315 -0.0480710603 0.0488510579 0.9609313011 -0.2724418640 0.0637115836 0.2692140937 0.9609706402
-157.0 -115.6 2840.7 -0.0352857746 -0.6993454695 -0.7139123082 0.6665811539 0.5157698989 -0.5381923318 0.7445968390 -0.4948710501 0.4479711652
-147.2 -302.1 2632.3 -0.1987822801 -0.7136118412 -0.6717467308 0.4440214038 0.5454648137 -0.7108538151 0.8736879230 -0.4395750761 0.2084302157
126.8 -101.8 2858.8 -0.0221402608 0.5484739542 0.8358744383 -0.7234261632 0.5682861209 -0.3920528889 -0.6900466681 -0.6133736372 0.3841984272
121.1 -288.2 2681.1 -0.4802838564 0.5484739542 0.6844733357 -0.3863662779 0.5682861209 -0.7264791727 -0.7874315977 -0.6133736372 -0.0610268079
-85.7 -490.6 2747.4 0.9499496222 0.2800035477 -0.1385415941 -0.1502041370 0.0205212571 -0.9884420037 -0.2739242315 0.9597796202 0.0615518540
-195.3 -498.7 2371.6 0.9499496222 0.2774284482 0.1436287910 -0.1502041370 0.8087303638 -0.5686773658 -0.2739242315 0.5186411738 0.8099239469
94.6 -482.2 2753.3 0.9996158481 -0.0245774761 -0.0128123565 -0.0150704384 -0.0940086022 -0.9954572916 0.0232613552 0.9952679873 -0.0943428800
107.5 -432.9 2230.9 0.9996158481 0.0107064573 -0.0255652219 -0.0150704384 0.9840693474 -0.1771450043 0.0232613552 0.1774622351 0.9838526845
-96.1 -416.1 2408.0 0 0 0 0 0 0 0 0 0
-1.9 -387.1 2479.4 0 0 0 0 0 0 0 0 0
-299.8 -803.2 2176.3 0 0 0 0 0 0 0 0 0
103.5 -803.5 2164.1 0 0 0 0 0 0 0 0 0
-31.5 92.5 2891.3 8 0.9960128665 -0.0769929737 -0.0450608954 0.0657355562 0.9748938680 -0.2127457857 0.0603095219 0.2089354396 0.9760680199
-15.7 -107.8 2848.4 0.9960128665 -0.0769929737 -0.0450608954 0.0657355562 0.9748938680 -0.2127457857 0.0603095219 0.2089354396 0.9760680199
-1.4 -297.1 2800.7 0.9964666963 -0.0725038350 -0.0423950106 0.0598402284 0.9670700431 -0.2473756373 0.0589346252 0.2439646572 0.9679917097
-157.6 -116.2 2840.0 -0.0396917090 -0.7066560388 -0.7064430714 0.6620425582 0.5109479427 -0.5482990742 0.7484145164 -0.4894582927 0.4475559592
-146.6 -300.4 2631.8 -0.2020465434 -0.7183669209 -0.6656771898 0.4501206279 0.5355426073 -0.7145527005 0.8698095083 -0.4440079331 0.2151472270
126.2 -99.3 2856.8 -0.0196249913 0.5931399465 0.8048601151 -0.7394297123 0.5332269073 -0.4109900296 -0.6729476452 -0.6032031775 0.4281207323
121.3 -284.5 2688.2 -0.4619187117 0.5931399465 0.6594058275 -0.3882547319 0.5332269073 -0.7516164780 -0.7974267006 -0.6032031775 -0.0160180833
-79.8 -489.3 2738.7 0.9457312226 0.3049855232 -0.1121442690 -0.1341343075 0.0520602465 -0.9895946980 -0.2959738076 0.9509329796 0.0901440233
-199.1 -509.7 2366.6 0.9457312226 0.2791065276 0.1664093137 -0.1341343075 0.8017506003 -0.5824122429 -0.2959738076 0.5284842253 0.7956783175
100.2 -480.6 2750.2 0.9999175072 -0.0114547005 -0.0058076009 -0.0068242392 -0.0908105150 -0.9958447814 0.0108797131 0.9958022833 -0.0908811912
106.2 -433.3 2232.4 0.9999175072 0.0047507607 -0.0119318347 -0.0068242392 0.9835950136 -0.1802616268 0.0108797131 0.1803281903 0.9835463166
-94.7 -416.0 2408.5 0 0 0 0 0 0 0 0 0
3.1 -383.9 2484.0 0 0 0 0 0 0 0 0 0
-304.2 -811.6 2167.5 0 0 0 0 0 0 0 0 0
104.4 -803.8 2164.5 0 0 0 0 0 0 0 0 0
-28.4 79.8 2899.8 9 0.9976343513 -0.0612866916 -0.0311384313 0.0514576323 0.9661248326 -0.2528930306 0.0455825925 0.2506924868 0.9669930339
-15.9 -116.3 2848.9 0.9976343513 -0.0612866916 -0.0311384313 0.0514576323 0.9661248326 -0.2528930306 0.0455825925 0.2506924868 0.9669930339
-4.6 -303.7 2794.1 0.9978729486 -0.0582340695 -0.0292981751 0.0476167947 0.9580788612 -0.2825199664 0.0445222482 0.2805239260 0.9588139057
-158.1 -123.1 2842.6 -0.0433514528 -0.7082574368 -0.7046219110 0.6426846385 0.5202122927 -0.5624371767 0.7649033070 -0.4772321284 0.4326342344
-146.0 -303.0 2628.5 -0.2315899730 -0.7089107633 -0.6661918759 0.4637860358 0.5215170979 -0.7161860466 0.8551424742 -0.4748319685 0.2080047727
126.2 -109.5 2855.2 -0.0249341764 0.5790805221 0.8148889542 -0.7197155356 0.5553405881 -0.4166609943 -0.6938211918 -0.5968773365 0.4029263258
120.2 -283.3 2687.7 -0.4550695121 0.5790805221 0.6764447093 -0.3872775733 0.5553405881 -0.7359435558 -0.8018277884 -0.5968773365 -0.0284536593
-77.2 -491.7 2747.6 0.9456077814 0.3025597036 -0.1195138767 -0.1310071498 0.0179034378 -0.9912197590 -0.2977634370 0.9529622793 0.0565671138
-195.6 -498.7 2374.7 0.9456077814 0.2778964341 0.1691138893 -0.1310071498 0.8011469245 -0.5839526653 -0.2977634370 0.5300350785 0.7939772010
102.8 -481.0 2758.2 0.9999729991 -0.0060990942 -0.0040968154 -0.0046176929 -0.0879947916 -0.9961102605 0.0057148715 0.9961022735 -0.0880205780
106.1 -434.4 2231.3 0.9999729991 0.0035379555 -0.0064393878 -0.0046176929 0.9843317270 -0.1762661934 0.0057148715 0.1762911677 0.9843214750
-86.5 -422.0 2409.0 0 0 0 0 0 0 0 0 0
3.7 -382.5 2482.4 0 0 0 0 0 0 0 0 0
-300.3 -800.5 2175.1 0 0 0 0 0 0 0 0 0
104.7 -805.2 2164.9 0 0 0 0 0 0 0 0 0
-27.5 85.6 2903.5 0 0.9987632632 -0.0436711498 0.0237640589 0.0482910164 0.9658050537 -0.2547324002 -0.0118269911 0.2555649579 0.9667195678
-18.6 -110.7 2851.6 0.9987632632 -0.0436711498 0.0237640589 0.0482910164 0.9658050537 -0.2547324002 -0.0118269911 0.2555649579 0.9667195678
-11.2 -298.1 2795.6 0.9989583492 -0.0381218903 0.0250797085 0.0437052585 0.9573320746 -0.2856662571 -0.0131194713 0.2864647806 0.9580009580
-160.7 -117.0 2853.5 -0.0530322343 -0.7316192389 -0.6796475649 0.6375020742 0.4990604818 -0.5869665742 0.7686213255 -0.4644048810 0.4399424791
-145.1 -304.5 2627.3 -0.2550065517 -0.7259085774 -0.6387709975 0.4626682103 0.4884771705 -0.7398163080 0.8490640521 -0.4841970205 0.2112899572
123.5 -104.5 2849.7 -0.0223665368 0.5945418477 0.8037534952 -0.7335541248 0.5364736319 -0.4172461927 -0.6792628765 -0.5989290476 0.4241295755
117.8 -289.6 2678.2 -0.4723347127 0.5945418477 0.6507072449 -0.3697851300 0.5364736319 -0.7585875392 -0.8000993133 -0.5989290476 -0.0335423760
-83.3 -495.5 2735.2 0.9466373324 0.3057835698 -0.1018538848 -0.1278277040 0.0661015362 -0.9895911813 -0.2958680093 0.9498036504 0.1016617939
-202.9 -521.3 2363.8 0.9466373324 0.2761658430 0.1661632508 -0.1278277040 0.7949749231 -0.5930218697 -0.2958680093 0.5401363969 0.7878545523
97.0 -486.9 2743.2 0.9998473525 -0.0170232803 -0.0039307503 -0.0056757531 -0.1037046909 -0.9945919514 0.0165235791 0.9944624305 -0.1037854850
105.8 -433.5 2231.6 0.9998473525 0.0025783177 -0.0172799062 -0.0056757531 0.9833401442 -0.1816863716 0.0165235791 0.1817567199 0.9832046628
-79.7 -423.3 2409.4 0 0 0 0 0 0 0 0 0
-3.1 -384.3 2473.4 0 0 0 0 0 0 0 0 0
-306.9 -820.8 2160.4 0 0 0 0 0 0 0 0 0
104.8 -803.9 2163.2 0 0 0 0 0 0 0 0 0
-28.5 87.7 2905.4 1 0.9984388947 -0.0469050184 0.0303265546 0.0532029942 0.9639591575 -0.2606764138 -0.0170065276 0.2618829608 0.9649497867
-19.0 -107.7 2852.3 0.9984388947 -0.0469050184 0.0303265546 0.0532029942 0.9639591575 -0.2606764138 -0.0170065276 0.2618829608 0.9649497867
-11.0 -294.7 2795.0 0.9986485243 -0.0411448516 0.0317527540 0.0486337692 0.9552533627 -0.2917631269 -0.0183273740 0.2929130793 0.9559634328
-161.2 -114.6 2855.0 -0.0452786982 -0.7362478971 -0.6751953959 0.6455070972 0.4942708611 -0.5822516084 0.7624109387 -0.4622070193 0.4528732896
-148.3 -298.5 2637.8 -0.2104108781 -0.7358979583 -0.6435693502 0.4841619134 0.4934638739 -0.7225514650 0.8493023515 -0.4636244476 0.2524635792
123.2 -100.7 2849.7 -0.0315699428 0.6119510531 0.7902653217 -0.7395354509 0.5175846815 -0.4303410351 -0.6723768711 -0.5980150700 0.4362193942
115.2 -288.7 2678.8 -0.4614349902 0.6119510531 0.6423345208 -0.3804418445 0.5175846815 -0.7664007545 -0.8014622331 -0.5980150700 -0.0060198922
-93.9 -489.5 2740.9 0.9534664154 0.2806618810 -0.1101396456 -0.1344138384 0.0687001795 -0.9885409474 -0.2698791623 0.9573448896 0.1032281518
-203.7 -516.3 2366.3 0.9534664154 0.2668138742 0.1404000968 -0.1344138384 0.7930057645 -0.5942009687 -0.2698791623 0.5476789474 0.7919678092
86.3 -481.5 2738.5 0.9991225600 -0.0403717980 -0.0111466097 -0.0148368599 -0.0922931209 -0.9956213236 0.0391662680 0.9949131012 -0.0928111300
107.0 -434.4 2230.7 0.9991225600 0.0078668594 -0.0411368646 -0.0148368599 0.9849871397 -0.1719889492 0.0391662680 0.1724483818 0.9842395782
-94.3 -422.6 2420.0 0 0 0 0 0 0 0 0 0
-3.0 -386.1 2473.6 0 0 0 0 0 0 0 0 0
-304.2 -815.0 2160.1 0 0 0 0 0 0 0 0 0
104.0 -805.4 2165.7 0 0 0 0 0 0 0 0 0
-26.6 89.7 2906.3 2 0.9989027977 -0.0465279892 0.0053279228 0.0463420674 0.9656205773 -0.2557914257 0.0067567090 0.2557576895 0.9667173028
-17.2 -106.6 2854.3 0.9989027977 -0.0465279892 0.0053279228 0.0463420674 0.9656205773 -0.2557914257 0.0067567090 0.2557576895 0.9667173028
-8.8 -294.0 2798.2 0.9990579486 -0.0428636111 0.0067795301 0.0430051312 0.9569612145 -0.2870117426 0.0058146119 0.2870329022 0.9579030871
-159.5 -112.7 2853.5 -0.0415728278 -0.7226832509 -0.6899279952 0.6491992474 0.5053563714 -0.5684674978 0.7594814301 -0.4715335369 0.4481563270
-147.6 -297.5 2637.4 -0.1801748574 -0.7254073620 -0.6643201113 0.5023603439 0.5127888918 -0.6961907744 0.8456779122 -0.4591641724 0.2720242441
125.1 -100.5 2855.2 -0.0329252705 0.6108356118 0.7910725474 -0.7337372303 0.5226593018 -0.4341162443 -0.6786350608 -0.5947327614 0.4309841692
116.6 -288.7 2681.1 -0.4556228518 0.6108356118 0.6475242376 -0.3822777867 0.5226593018 -0.7620307803 -0.8039101362 -0.5947327614 -0.0046266336
-93.1 -486.2 2739.4 0.9528621435 0.2843860388 -0.1057275385 -0.1335116029 0.0801023394 -0.9878047705 -0.2724488676 0.9553576112 0.1142953262
-204.4 -517.5 2365.4 0.9528621435 0.2669279575 0.1442331672 -0.1335116029 0.7957769632 -0.5906891227 -0.2724488676 0.5435885191 0.7939037085
87.3 -477.3 2736.1 0.9990898371 -0.0395885259 -0.0158831663 -0.0190605167 -0.0812197775 -0.9965139627 0.0381604917 0.9959096909 -0.0819004327
107.4 -436.0 2228.8 0.9990898371 0.0122925201 -0.0408463031 -0.0190605167 0.9853132367 -0.1696894020 0.0381604917 0.1703134924 0.9846507311
-101.4 -426.3 2420.5 0 0 0 0 0 0 0 0 0
-0.0 -386.6 2475.2 0 0 0 0 0 0 0 0 0
-305.0 -817.2 2160.7 0 0 0 0 0 0 0 0 0
102.8 -807.1 2164.7 0 0 0 0 0 0 0 0 0
-29.3 92.3 2908.3 3 0.9989397526 -0.0391859710 0.0241614059 0.0441651084 0.9638450742 -0.2627777755 -0.0129906498 0.2635662556 0.9645538330
-21.3 -103.9 2854.7 0.9989397526 -0.0391859710 0.0241614059 0.0441651084 0.9638450742 -0.2627777755 -0.0129906498 0.2635662556 0.9645538330
-14.7 -290.8 2796.7 0.9990981221 -0.0340131372 0.0254169349 0.0400151722 0.9544483423 -0.2956808209 -0.0142021198 0.2964312136 0.9549486041
-163.6 -109.6 2856.7 -0.0539216399 -0.7294707894 -0.6818832755 0.6487048268 0.4935550392 -0.5792974234 0.7591274977 -0.4735776186 0.4465979338
-148.2 -295.3 2639.4 -0.1680403799 -0.7342065573 -0.6578017473 0.5081833005 0.5072690845 -0.6960085034 0.8446964622 -0.4512414038 0.2878698111
121.0 -98.1 2852.6 -0.0345061682 0.6527155042 0.7568169236 -0.7455365062 0.4875042737 -0.4544391334 -0.6655709147 -0.5799155831 0.4698013067
112.3 -285.2 2685.6 -0.4284580052 0.6527155042 0.6248089671 -0.3937546611 0.4875042737 -0.7792925239 -0.8132533431 -0.5799155831 0.0481346548
-90.7 -485.3 2741.5 0.9515902400 0.2852446437 -0.1145057157 -0.1433127373 0.0821844861 -0.9862591624 -0.2719145715 0.9549247026 0.1190851405
-202.4 -517.5 2367.5 0.9515902400 0.2766587138 0.1339254230 -0.1433127373 0.7848083377 -0.6029405594 -0.2719145715 0.5545591116 0.7864646316
89.8 -477.5 2742.5 0.9990145564 -0.0368434675 -0.0247473959 -0.0276469290 -0.0803908184 -0.9963799119 0.0347206295 0.9960822463 -0.0813302100
108.8 -436.0 2227.9 0.9990145564 0.0214977581 -0.0388293862 -0.0276469290 0.9858200550 -0.1655129045 0.0347206295 0.1664233059 0.9854429364
-105.1 -425.7 2422.6 0 0 0 0 0 0 0 0 0
2.6 -386.0 2477.4 0 0 0 0 0 0 0 0 0
-306.6 -813.0 2158.7 0 0 0 0 0 0 0 0 0
100.7 -807.3 2165.3 0 0 0 0 0 0 0 0 0
-29.9 89.1 2898.8 4 0.9990303516 -0.0439910293 0.0017897598 0.0431423187 0.9700270295 -0.2391365618 0.0087837484 0.2389819026 0.9709842801
-20.9 -108.8 2850.0 0.9990303516 -0.0439910293 0.0017897598 0.0431423187 0.9700270295 -0.2391365618 0.0087837484 0.2389819026 0.9709842801
-12.6 -297.1 2796.8 0.9990907907 -0.0425081179 0.0032700293 0.0417926461 0.9613360167 -0.2721881866 0.0084266113 0.2720773816 0.9622384906
-163.2 -114.9 2848.8 -0.0498258360 -0.7208801508 -0.6912663579 0.6496700644 0.5022938848 -0.5706396699 0.7585816979 -0.4775276780 0.4433070421
-149.4 -295.2 2638.2 -0.1807946563 -0.7246298194 -0.6649999022 0.5038409829 0.5124439001 -0.6953743696 0.8446641564 -0.4607741833 0.2724511027
