112.9 -3.9 2974.3 45 0.9837101102 0.0677501783 0.1665062308 0.0141573353 0.8941831589 -0.4474774599 -0.1792037487 0.4425453842 0.8786578178
99.4 -181.9 2886.3 0.9837101102 0.0677501783 0.1665062308 0.0141573353 0.8941831589 -0.4474774599 -0.1792037487 0.4425453842 0.8786578178
85.1 -353.9 2797.5 0.9835179448 0.0733611062 0.1652592123 0.0117327571 0.8861705661 -0.4632106423 -0.1804295033 0.4575149417 0.8707038760
-35.0 -183.5 2910.9 -0.2307145149 -0.4439888000 -0.8658202887 0.5549818277 0.6708474159 -0.4918932021 0.7992283702 -0.5940014124 0.0916314721
38.0 -358.9 2658.2 -0.3114824295 -0.4339971542 -0.8453550339 0.5369707942 0.6535716653 -0.5333915353 0.7839905024 -0.6200730205 0.0294677075
233.7 -180.3 2861.6 0.5436437130 0.6399843693 0.5430207849 -0.8185284734 0.2611652911 0.5116676688 0.1856411099 -0.7226428986 0.6658263206
367.9 -382.3 2907.4 -0.3258083463 0.6399843693 0.6958943605 -0.7595049143 0.2611652911 -0.5957725644 -0.5630285740 -0.7226428986 0.4009814560
-17.9 -530.5 2716.5 0.9904932380 0.1216818392 -0.0641610175 -0.0561976992 -0.0677863359 -0.9961158633 -0.1255584508 0.9902517796 -0.0603036731
-77.8 -497.1 2228.8 0.9904932380 0.0699988753 0.1184198633 -0.0561976992 0.9916444421 -0.1161169186 -0.1255584508 0.1083581001 0.9861509204
159.0 -530.2 2688.3 0.9513027668 -0.3055102229 0.0410680585 0.0233481340 -0.0614320897 -0.9978381395 0.3073726594 0.9502050281 -0.0513074212
305.4 -500.8 2233.1 0.9513027668 -0.0514832027 -0.3039285541 0.0233481340 0.9951563478 -0.0954918191 0.3073726594 0.0837454647 0.9478970170
117.0 -495.1 2459.4 0 0 0 0 0 0 0 0 0
285.2 -575.1 2764.5 0 0 0 0 0 0 0 0 0
-104.0 -867.2 2188.3 0 0 0 0 0 0 0 0 0
324.6 -872.2 2201.9 0 0 0 0 0 0 0 0 0
115.2 -4.0 2978.7 46 0.9805236459 0.0743746012 0.1817739606 0.0171659514 0.8895290494 -0.4565560222 -0.1956493855 0.4507842958 0.8709275723
100.4 -181.5 2888.7 0.9805236459 0.0743746012 0.1817739606 0.0171659514 0.8895290494 -0.4565560222 -0.1956493855 0.4507842958 0.8709275723
85.0 -352.9 2799.0 0.9803347588 0.0792591646 0.1807255596 0.0149863223 0.8832549453 -0.4686534703 -0.1967718303 0.4621456861 0.8646977544
-33.5 -183.5 2915.6 -0.2168812156 -0.4532929659 -0.8645738959 0.5581555367 0.6690252423 -0.4907826781 0.8008900881 -0.5890082717 0.1079089716
34.6 -358.8 2664.1 -0.3008098602 -0.4457402229 -0.8431068063 0.5315524340 0.6556357145 -0.5362777114 0.7918115258 -0.6094731092 0.0397125930
234.2 -179.4 2861.9 0.5482445359 0.6273157597 0.5530848503 -0.8186260462 0.2672247589 0.5083722472 0.1711119711 -0.7314819694 0.6600415707
369.6 -381.5 2904.1 -0.3337315917 0.6273157597 0.7036321163 -0.7564193010 0.2672247589 -0.5970098972 -0.5625416636 -0.7314819694 0.3853324056
-17.2 -526.9 2724.8 0.9907130599 0.1206281483 -0.0627412200 -0.0561662577 -0.0571574531 -0.9967840314 -0.1238263398 0.9910508990 -0.0498514026
-78.0 -498.1 2224.8 0.9907130599 0.0676416606 0.1179500595 -0.0561662577 0.9935961962 -0.0980402678 -0.1238263398 0.0905049592 0.9881679416
159.0 -524.8 2692.5 0.9524895549 -0.3017046452 0.0416885428 0.0289520305 -0.0465664566 -0.9984955192 0.3031920195 0.9522635341 -0.0356191024
303.2 -502.5 2237.3 0.9524895549 -0.0637962818 -0.2978148162 0.0289520305 0.9923539758 -0.1199805513 0.3031920195 0.1056578830 0.9470538497
110.9 -493.6 2463.3 0 0 0 0 0 0 0 0 0
284.9 -573.4 2761.3 0 0 0 0 0 0 0 0 0
-103.3 -868.9 2191.1 0 0 0 0 0 0 0 0 0
327.0 -872.8 2197.9 0 0 0 0 0 0 0 0 0
117.2 -6.3 2978.3 47 0.9850704074 0.0832985118 0.1506575346 -0.0027239998 0.8825746179 -0.4701644778 -0.1721305102 0.4627347291 0.8696250319
100.5 -182.4 2886.0 0.9850704074 0.0832985118 0.1506575346 -0.0027239998 0.8825746179 -0.4701644778 -0.1721305102 0.4627347291 0.8696250319
83.8 -352.0 2793.2 0.9850045443 0.0867352560 0.1491411179 -0.0034043612 0.8740463257 -0.4858306348 -0.1724948883 0.4780376256 0.8612349033
-34.0 -181.9 2909.6 -0.2263492495 -0.4198499918 -0.8789152503 0.5664535761 0.6773219109 -0.4694308639 0.7923991084 -0.6041200161 0.0845142379
32.9 -349.3 2675.3 -0.2804781795 -0.4144178629 -0.8657885790 0.5541767478 0.6665595770 -0.4985844493 0.7837219238 -0.6196419597 0.0427053347
235.0 -182.9 2862.4 0.5261895061 0.6508420110 0.5472926497 -0.8329860568 0.2650360465 0.4856851995 0.1710520536 -0.7114496231 0.6816015244
364.9 -388.5 2904.6 -0.3355555832 0.6508420110 0.6810338497 -0.7401728630 0.2650360465 -0.6179805994 -0.5827062726 -0.7114496231 0.3928012550
-18.2 -525.7 2727.0 0.9910658002 0.1186967194 -0.0608252175 -0.0545266718 -0.0556118041 -0.9969624877 -0.1217187718 0.9913719893 -0.0486428216
-78.5 -497.4 2223.2 0.9910658002 0.0652666986 0.1163136959 -0.0545266718 0.9941492677 -0.0932420194 -0.1217187718 0.0860667825 0.9888260961
157.4 -523.0 2691.7 0.9515882134 -0.3055131435 0.0337872617 0.0219536759 -0.0420875922 -0.9988726974 0.3065907359 0.9512572289 -0.0333429202
303.8 -502.8 2235.9 0.9515882134 -0.0578711703 -0.3018787503 0.0219536759 0.9924042821 -0.1210444197 0.3065907359 0.1085570976 0.9456307292
104.1 -489.9 2476.6 0 0 0 0 0 0 0 0 0
279.7 -576.3 2756.8 0 0 0 0 0 0 0 0 0
-102.9 -868.5 2191.1 0 0 0 0 0 0 0 0 0
325.4 -873.2 2195.4 0 0 0 0 0 0 0 0 0
117.1 -7.6 2978.6 48 0.9868769646 0.0781831294 0.1412842125 -0.0005844743 0.8766899109 -0.4810555875 -0.1614728719 0.4746600986 0.8652307987
101.5 -183.1 2883.6 0.9868769646 0.0781831294 0.1412842125 -0.0005844743 0.8766899109 -0.4810555875 -0.1614728719 0.4746600986 0.8652307987
85.3 -350.7 2787.2 0.9867237210 0.0837360173 0.1391564608 -0.0022315059 0.8637438416 -0.5039262176 -0.1623923182 0.4969254136 0.8524634242
-33.3 -182.8 2905.8 -0.2317557782 -0.4097620249 -0.8822609186 0.5602988601 0.6851727366 -0.4654068351 0.7952072024 -0.6021904945 0.0707964525
36.7 -352.1 2665.6 -0.2469683141 -0.4005089700 -0.8823826909 0.5866267085 0.6629780531 -0.4651120901 0.7712818980 -0.6324971914 0.0712146834
236.2 -183.4 2861.4 0.5226405859 0.6586971283 0.5412623286 -0.8375416398 0.2780780494 0.4703154266 0.1592822671 -0.6991356611 0.6970211267
365.2 -390.2 2900.8 -0.3313011527 0.6586971283 0.6755424738 -0.7270774245 0.2780780494 -0.6277189255 -0.6013301611 -0.6991356611 0.3867962360
-21.2 -521.3 2715.9 0.9913477898 0.1144993007 -0.0641826615 -0.0585708208 -0.0517239533 -0.9969424009 -0.1174689829 0.9920758605 -0.0445701107
-78.1 -495.7 2223.2 0.9913477898 0.0685969964 0.1119104847 -0.0585708208 0.9941685200 -0.0905448422 -0.1174689829 0.0832067430 0.9895846248
155.2 -522.0 2684.9 0.9480133653 -0.3172712922 0.0246900097 0.0116291931 -0.0429943614 -0.9990076423 0.3180179894 0.9473596811 -0.0370696187
306.3 -501.5 2233.5 0.9480133653 -0.0442389995 -0.3151405752 0.0116291931 0.9944447279 -0.1046155617 0.3180179894 0.0955121219 0.9432613850
99.3 -500.7 2470.1 0 0 0 0 0 0 0 0 0
281.2 -574.7 2748.2 0 0 0 0 0 0 0 0 0
-103.7 -866.8 2192.2 0 0 0 0 0 0 0 0 0
322.9 -872.6 2197.9 0 0 0 0 0 0 0 0 0
118.0 -6.6 2978.3 49 0.9889543653 0.0808000863 0.1242603585 -0.0127385613 0.8815798163 -0.4718630314 -0.1476719975 0.4650681019 0.8728715181
101.7 -184.1 2884.6 0.9889543653 0.0808000863 0.1242603585 -0.0127385613 0.8815798163 -0.4718630314 -0.1476719975 0.4650681019 0.8728715181
85.3 -352.6 2789.7 0.9889260530 0.0845436826 0.1219739690 -0.0130381556 0.8681909442 -0.4960590005 -0.1478353441 0.4889753461 0.8596789241
-33.3 -182.3 2904.8 -0.2029047906 -0.3991192579 -0.8941663504 0.5699467659 0.6943991780 -0.4392840564 0.7962350845 -0.5987600684 0.0865798146
30.8 -362.4 2653.3 -0.2881632745 -0.3766590655 -0.8803918958 0.5979470611 0.6473372579 -0.4726666212 0.7479446530 -0.6626329422 0.0386833623
236.8 -185.9 2864.4 0.5123157501 0.6714441180 0.5354394317 -0.8405979276 0.2643879354 0.4727516472 0.1758625656 -0.6922873855 0.6998646259
363.3 -393.4 2907.9 -0.3294000626 0.6714441180 0.6638211012 -0.7303467989 0.2643879354 -0.6298353672 -0.5984055400 -0.6922873855 0.4032976329
-19.3 -518.1 2705.3 0.9903464317 0.1201257482 -0.0691644400 -0.0643104985 -0.0438289903 -0.9969670177 -0.1227928102 0.9917907119 -0.0356805362
-77.9 -496.7 2221.3 0.9903464317 0.0729172006 0.1178855225 -0.0643104985 0.9950896502 -0.0752380714 -0.1227928102 0.0669304803 0.9901728034
157.4 -518.5 2676.2 0.9480926394 -0.3167725503 0.0278486516 0.0182120632 -0.0333419777 -0.9992780685 0.3174723983 0.9479153156 -0.0258422010
304.4 -503.1 2236.3 0.9480926394 -0.0561908074 -0.3129903972 0.0182120632 0.9922433496 -0.1229693666 0.3174723983 0.1108861491 0.9417619109
103.8 -513.9 2463.8 0 0 0 0 0 0 0 0 0
279.7 -578.8 2756.0 0 0 0 0 0 0 0 0 0
-105.2 -868.1 2196.3 0 0 0 0 0 0 0 0 0
325.4 -873.4 2194.9 0 0 0 0 0 0 0 0 0
119.1 -8.0 2979.1 50 0.9856307507 0.0807108283 0.1483838111 -0.0009503669 0.8810927868 -0.4729425311 -0.1689114869 0.4660056829 0.8685088158
102.9 -184.6 2885.8 0.9856307507 0.0807108283 0.1483838111 -0.0009503669 0.8810927868 -0.4729425311 -0.1689114869 0.4660056829 0.8685088158
86.1 -353.2 2791.0 0.9854568839 0.0865921155 0.1462071091 -0.0027686658 0.8684862852 -0.4957054853 -0.1699030548 0.4880915880 0.8560955524
-31.7 -184.2 2909.0 -0.1867843121 -0.4180025756 -0.8890362382 0.5759798884 0.6865100265 -0.4437917769 0.7958384156 -0.5949603319 0.1125317961
27.7 -367.4 2655.8 -0.2999804914 -0.3951713741 -0.8682460785 0.5864632130 0.6414507627 -0.4945723414 0.7523779869 -0.6575564146 0.0393307619
237.5 -185.0 2862.6 0.5245811939 0.6531034112 0.5461414456 -0.8355619907 0.2719461024 0.4773693383 0.1632504910 -0.7067540288 0.6883662343
367.0 -391.2 2902.8 -0.3351790309 0.6531034112 0.6790515184 -0.7330843806 0.2719461024 -0.6234040260 -0.5918127298 -0.7067540288 0.3876293004
-19.6 -519.9 2708.1 0.9902666807 0.1193634793 -0.0715836808 -0.0666802675 -0.0445846319 -0.9967777729 -0.1221703961 0.9918490648 -0.0361914858
-78.4 -498.0 2220.1 0.9902666807 0.0742508024 0.1177228987 -0.0666802675 0.9955225587 -0.0669971853 -0.1221703961 0.0584952906 0.9907838702
157.5 -522.3 2681.6 0.9493514299 -0.3126474321 0.0313591957 0.0197021123 -0.0403755195 -0.9989902973 0.3135978878 0.9490107298 -0.0321707428
306.1 -503.1 2230.6 0.9493514299 -0.0444080345 -0.3110622764 0.0197021123 0.9964274764 -0.0821223333 0.3135978878 0.0718343705 0.9468348026
103.8 -516.1 2465.0 0 0 0 0 0 0 0 0 0
281.9 -577.3 2752.6 0 0 0 0 0 0 0 0 0
-106.1 -869.6 2198.2 0 0 0 0 0 0 0 0 0
322.7 -874.7 2203.8 0 0 0 0 0 0 0 0 0
117.9 -8.7 2979.6 51 0.9854573607 0.0786696821 0.1506150514 0.0015464633 0.8821836114 -0.4709030092 -0.1699159145 0.4642877281 0.8692327142
102.2 -185.0 2886.8 0.9854573607 0.0786696821 0.1506150514 0.0015464633 0.8821836114 -0.4709030092 -0.1699159145 0.4642877281 0.8692327142
85.8 -354.2 2792.9 0.9852662086 0.0843556076 0.1487771422 -0.0005095348 0.8713443279 -0.4906718433 -0.1710270345 0.4833665788 0.8585490584
-32.4 -185.0 2910.1 -0.2025461048 -0.4220849276 -0.8836398721 0.5665267110 0.6855086088 -0.4573023915 0.7987631559 -0.5932303667 0.1002752855
29.0 -356.8 2667.9 -0.2723896801 -0.4041246772 -0.8732050657 0.5908722878 0.6459907293 -0.4832865894 0.7593904138 -0.6475949287 0.0628248453
236.8 -185.1 2863.4 0.5274938345 0.6514317393 0.5453318954 -0.8329496384 0.2702614963 0.4828598499 0.1671680212 -0.7089396119 0.6851711273
367.0 -390.7 2904.7 -0.3335415721 0.6514317393 0.6814592481 -0.7372552156 0.2702614963 -0.6192038655 -0.5875412822 -0.7089396119 0.3901280165
-18.9 -521.5 2711.5 0.9907918572 0.1211736575 -0.0604026616 -0.0554407686 -0.0439133309 -0.9974958301 -0.1235227063 0.9916595221 -0.0367910080
-79.1 -499.7 2219.6 0.9907918572 0.0654504523 0.1185233146 -0.0554407686 0.9947627783 -0.0858683959 -0.1235227063 0.0785066783 0.9892314672
157.6 -522.0 2681.1 0.9488035440 -0.3145835996 0.0284423754 0.0179992188 -0.0360525809 -0.9991877675 0.3153535128 0.9485448599 -0.0285445601
306.2 -505.0 2233.0 0.9488035440 -0.0484207869 -0.3121333718 0.0179992188 0.9948628545 -0.0996186957 0.3153535128 0.0889004171 0.9448009729
98.1 -506.6 2475.3 0 0 0 0 0 0 0 0 0
282.3 -577.9 2755.5 0 0 0 0 0 0 0 0 0
-103.5 -871.0 2190.3 0 0 0 0 0 0 0 0 0
324.2 -876.1 2199.8 0 0 0 0 0 0 0 0 0
116.7 -7.2 2980.3 52 0.9851495028 0.0705115795 0.1565522403 0.0101659046 0.8862306476 -0.4631326795 -0.1713976115 0.4578464031 0.8723528385
102.7 -183.7 2889.1 0.9851495028 0.0705115795 0.1565522403 0.0101659046 0.8862306476 -0.4631326795 -0.1713976115 0.4578464031 0.8723528385
88.0 -353.9 2796.8 0.9849964380 0.0757720619 0.1550502628 0.0083217528 0.8765536547 -0.4812321663 -0.1723738313 0.4753022790 0.8627716899
-31.9 -184.9 2912.6 -0.2064582855 -0.4320150316 -0.8779168129 0.5635889769 0.6809493899 -0.4676274359 0.7998390198 -0.5913298130 0.1028912589
29.4 -352.2 2675.2 -0.2567049563 -0.4179561734 -0.8714443445 0.5877658129 0.6482494473 -0.4840495884 0.7672247887 -0.6364631057 0.0792515203
237.2 -182.6 2865.5 0.5365018249 0.6476393938 0.5410444140 -0.8257584572 0.2706619501 0.4948384464 0.1740367264 -0.7122536898 0.6800042987
369.7 -386.5 2908.5 -0.3264976442 0.6476393938 0.6884493828 -0.7460314035 0.2706619501 -0.6084235907 -0.5803760886 -0.7122536898 0.3947888315
-18.8 -523.3 2714.4 0.9906852841 0.1238931641 -0.0565075725 -0.0508730263 -0.0481828786 -0.9975421429 -0.1263113469 0.9911250472 -0.0414312482
-80.4 -499.3 2222.1 0.9906852841 0.0618406646 0.1213192269 -0.0508730263 0.9945040345 -0.0915076062 -0.1263113469 0.0844833702 0.9883865714
157.7 -523.4 2683.8 0.9491704106 -0.3133549392 0.0297367647 0.0178739000 -0.0406632759 -0.9990130067 0.3142548501 0.9487650990 -0.0329955034
307.4 -503.9 2230.5 0.9491704106 -0.0430181623 -0.3118092716 0.0178739000 0.9963846803 -0.0830548182 0.3142548501 0.0732599273 0.9465077519
94.5 -501.3 2480.6 0 0 0 0 0 0 0 0 0
286.8 -575.8 2761.2 0 0 0 0 0 0 0 0 0
-103.4 -870.5 2190.6 0 0 0 0 0 0 0 0 0
323.4 -875.7 2203.2 0 0 0 0 0 0 0 0 0
116.5 -9.0 2980.1 53 0.9822461605 0.0689088926 0.1744821072 0.0196527056 0.8871768117 -0.4610109627 -0.1865642369 0.4562552869 0.8700717688
102.8 -185.5 2889.4 0.9822461605 0.0689088926 0.1744821072 0.0196527056 0.8871768117 -0.4610109627 -0.1865642369 0.4562552869 0.8700717688
88.0 -355.6 2797.0 0.9820179343 0.0760472566 0.1727934927 0.0168760326 0.8762542605 -0.4815534353 -0.1880318522 0.4758101702 0.8592140079
-31.4 -187.8 2915.1 -0.2156658024 -0.4469910860 -0.8681516051 0.5510103703 0.6782900095 -0.4861174822 0.8061487675 -0.5831995010 0.1000127792
31.9 -349.3 2678.7 -0.2394291759 -0.4348849654 -0.8680718541 0.5860886574 0.6480677724 -0.4863211215 0.7740631104 -0.6252065301 0.0997148082
236.9 -183.2 2863.7 0.5460231900 0.6339270473 0.5477181673 -0.8216067553 0.2773913443 0.4980123937 0.1637712270 -0.7219352722 0.6723008752
371.7 -386.0 2904.1 -0.3294863999 0.6339270473 0.6996965408 -0.7476500273 0.2773913443 -0.6033850312 -0.5765918493 -0.7219352722 0.3825588822
-15.0 -524.8 2720.0 0.9898499250 0.1276852638 -0.0623982623 -0.0564002432 -0.0500667207 -0.9971520901 -0.1304457039 0.9905502200 -0.0423570611
-79.0 -499.7 2223.5 0.9898499250 0.0691899061 0.1241363287 -0.0564002432 0.9930039048 -0.1037413403 -0.1304457039 0.0956870392 0.9868271947
161.5 -523.3 2689.1 0.9529359937 -0.3019323945 0.0273831617 0.0159572735 -0.0402448624 -0.9990624189 0.3027513325 0.9524794817 -0.0335327610
305.8 -504.1 2234.0 0.9529359937 -0.0480516925 -0.2993393242 0.0159572735 0.9939406514 -0.1087537333 0.3027513325 0.0988587067 0.9479286075
92.6 -498.0 2482.3 0 0 0 0 0 0 0 0 0
288.1 -575.8 2757.8 0 0 0 0 0 0 0 0 0
-104.8 -870.3 2187.8 0 0 0 0 0 0 0 0 0
323.7 -874.9 2197.1 0 0 0 0 0 0 0 0 0
115.8 -8.8 2979.5 54 0.9834648371 0.0677759871 0.1679383367 0.0166972224 0.8894438148 -0.4567394257 -0.1803276837 0.4519912899 0.8736050725
102.3 -185.7 2889.6 0.9834648371 0.0677759871 0.1679383367 0.0166972224 0.8894438148 -0.4567394257 -0.1803276837 0.4519912899 0.8736050725
87.6 -356.5 2798.5 0.9831258655 0.0758920386 0.1664448529 0.0125227990 0.8798255324 -0.4751318097 -0.1825011522 0.4691987336 0.8640288711
-32.0 -187.4 2914.6 -0.1929608136 -0.4426250458 -0.8756992817 0.5677048564 0.6775615811 -0.4675697982 0.8002982736 -0.5873613954 0.1205375567
27.2 -361.5 2669.2 -0.2895331681 -0.4289619625 -0.8556647897 0.5575634241 0.6510401368 -0.5150434375 0.7780061364 -0.6262095571 0.0506757833
236.6 -184.0 2864.7 0.5426770449 0.6388650537 0.5453009009 -0.8218178153 0.2697215974 0.5018622875 0.1735428423 -0.7204871178 0.6714023948
370.6 -386.9 2907.5 -0.3284201324 0.6388650537 0.6956951022 -0.7512820959 0.2697215974 -0.6023499370 -0.5724642873 -0.7204871178 0.3913859129
-14.7 -527.2 2721.5 0.9898303747 0.1276712716 -0.0627368987 -0.0560000353 -0.0556929410 -0.9968762398 -0.1307664514 0.9902516603 -0.0479769669
-78.6 -499.3 2225.7 0.9898303747 0.0695481002 0.1240924373 -0.0560000353 0.9924068451 -0.1095108837 -0.1307664514 0.1014480144 0.9862090945
161.2 -524.1 2687.8 0.9524012208 -0.3035098314 0.0285258554 0.0152607216 -0.0459886864 -0.9988253713 0.3044652045 0.9517177939 -0.0391678996
306.6 -502.1 2232.1 0.9524012208 -0.0445195474 -0.3015791178 0.0152607216 0.9950012565 -0.0986894518 0.3044652045 0.0893896371 0.9483197927
100.5 -502.7 2472.1 0 0 0 0 0 0 0 0 0
287.3 -577.6 2762.2 0 0 0 0 0 0 0 0 0
-104.6 -869.7 2187.8 0 0 0 0 0 0 0 0 0
323.2 -873.4 2198.7 0 0 0 0 0 0 0 0 0
117.1 -9.1 2979.8 55 0.9862754345 0.0671986341 0.1508146375 0.0087303715 0.8909260631 -0.4540644288 -0.1648772061 0.4491492808 0.8781118393
103.8 -186.3 2890.5 0.9862754345 0.0671986341 0.1508146375 0.0087303715 0.8909260631 -0.4540644288 -0.1648772061 0.4491492808 0.8781118393
89.8 -357.6 2800.2 0.9861277342 0.0720471069 0.1495369673 0.0068489648 0.8824605942 -0.4703364670 -0.1658468544 0.4648360014 0.8697254062
-30.9 -187.2 2913.1 -0.1957027167 -0.4317372143 -0.8805131912 0.5674687028 0.6824241281 -0.4607348144 0.7997997999 -0.5898306966 0.1114450991
27.2 -355.7 2675.6 -0.2868475616 -0.4204017222 -0.8608024716 0.5538215041 0.6604129672 -0.5070862770 0.7816650271 -0.6221873164 0.0433896445
238.5 -185.3 2867.8 0.5357495546 0.6522518992 0.5362274647 -0.8231969476 0.2621217668 0.5036258101 0.1879339814 -0.7112380862 0.6773633957
370.8 -388.6 2914.2 -0.3221909404 0.6522518992 0.6861198545 -0.7534533739 0.2621217668 -0.6029927135 -0.5731500983 -0.7112380862 0.4069881141
-15.2 -528.4 2723.8 0.9902308583 0.1244589016 -0.0628710762 -0.0561301634 -0.0569500364 -0.9967979193 -0.1276408881 0.9905890822 -0.0494077876
-77.9 -499.7 2225.0 0.9902308583 0.0691729039 0.1210698113 -0.0561301634 0.9925640225 -0.1080097258 -0.1276408881 0.1001588926 0.9867502451
160.9 -526.2 2691.1 0.9534323812 -0.2991237342 0.0386221781 0.0257560294 -0.0468379036 -0.9985703826 0.3005051017 0.9530640841 -0.0369525366
303.8 -503.8 2236.1 0.9534323812 -0.0612836480 -0.2953150868 0.0257560294 0.9921061397 -0.1227273941 0.3005051017 0.1094061285 0.9474845529
99.9 -496.2 2477.4 0 0 0 0 0 0 0 0 0
289.0 -579.8 2768.7 0 0 0 0 0 0 0 0 0
-103.7 -870.3 2187.7 0 0 0 0 0 0 0 0 0
326.6 -874.0 2195.3 0 0 0 0 0 0 0 0 0
115.4 -8.8 2979.9 56 0.9845250845 0.0572637320 0.1656236053 0.0243734438 0.8911749125 -0.4530046880 -0.1735403389 0.4500313103 0.8759883642
104.0 -185.7 2890.6 0.9845250845 0.0572637320 0.1656236053 0.0243734438 0.8911749125 -0.4530046880 -0.1735403389 0.4500313103 0.8759883642
92.0 -357.1 2800.3 0.9844148755 0.0619704612 0.1645811647 0.0227334723 0.8831618428 -0.4685172439 -0.1743860394 0.4649568498 0.8679888248
-30.4 -188.8 2914.4 -0.2104959637 -0.4469537735 -0.8694387674 0.5600411892 0.6738281250 -0.4819850028 0.8012773395 -0.5883774161 0.1084744185
31.0 -352.1 2680.7 -0.2639168799 -0.4404695332 -0.8580993414 0.5525308847 0.6601703167 -0.5088071823 0.7906057835 -0.6084092259 0.0691429302
238.5 -182.6 2866.7 0.5504768491 0.6418111324 0.5339041948 -0.8146446943 0.2731008232 0.5116345882 0.1825630963 -0.7165852189 0.6731837392
374.4 -383.7 2911.8 -0.3150405884 0.6418111324 0.6991623044 -0.7580439448 0.2731008232 -0.5922713280 -0.5710681081 -0.7165852189 0.4004831910
-12.5 -529.5 2724.9 0.9895258546 0.1271988302 -0.0682568699 -0.0605068617 -0.0638312101 -0.9961247444 -0.1310628206 0.9898211956 -0.0554662347
-76.4 -497.4 2228.0 0.9895258546 0.0750883594 0.1232894212 -0.0605068617 0.9911649227 -0.1180299297 -0.1310628206 0.1093338132 0.9853266478
164.1 -528.3 2695.1 0.9557223916 -0.2918609381 0.0375759490 0.0238025337 -0.0506012850 -0.9984352589 0.2933056355 0.9551212788 -0.0414137505
305.0 -503.8 2234.1 0.9557223916 -0.0533621460 -0.2893911600 0.0238025337 0.9942169189 -0.1047196239 0.2933056355 0.0931946486 0.9514654875
97.9 -492.3 2480.1 0 0 0 0 0 0 0 0 0
294.4 -576.1 2766.8 0 0 0 0 0 0 0 0 0
-104.4 -867.4 2187.2 0 0 0 0 0 0 0 0 0
324.9 -874.8 2199.3 0 0 0 0 0 0 0 0 0
115.1 -9.9 2979.4 57 0.9841713905 0.0596918799 0.1668638140 0.0237657744 0.8886078000 -0.4580517709 -0.1756184548 0.4547670782 0.8731237054
103.3 -186.1 2889.2 0.9841713905 0.0596918799 0.1668638140 0.0237657744 0.8886078000 -0.4580517709 -0.1756184548 0.4547670782 0.8731237054
90.7 -357.1 2798.1 0.9840366244 0.0647280216 0.1657777280 0.0218490176 0.8805255294 -0.4734948874 -0.1766199172 0.4695583582 0.8650550842
-31.2 -189.1 2913.3 -0.2155322880 -0.4475572109 -0.8678930402 0.5496395230 0.6790168285 -0.4866543710 0.8071197271 -0.5819180608 0.0996450931
31.0 -347.6 2680.6 -0.2678065598 -0.4355105162 -0.8594243526 0.5626330376 0.6534219384 -0.5064423680 0.7821276784 -0.6191691160 0.0700419322
237.7 -183.1 2865.1 0.5494097471 0.6405928135 0.5364604592 -0.8166166544 0.2757548988 0.5070468187 0.1768789440 -0.7166589499 0.6746211648
373.3 -384.8 2908.7 -0.3178386092 0.6405928135 0.6990132332 -0.7543727160 0.2757548988 -0.5957189202 -0.5743695498 -0.7166589499 0.3956001997
-8.2 -530.6 2725.6 0.9884665012 0.1362863630 -0.0660304874 -0.0576773211 -0.0643596649 -0.9962585568 -0.1400261670 0.9885767102 -0.0557567403
-77.0 -498.1 2226.9 0.9884665012 0.0726530254 0.1328741461 -0.0576773211 0.9918879271 -0.1132768095 -0.1400261670 0.1043065041 0.9846384525
168.1 -526.5 2694.4 0.9577453136 -0.2858209610 0.0320987590 0.0198062398 -0.0457959548 -0.9987544417 0.2869349420 0.9571881294 -0.0381998233
307.5 -504.2 2227.8 0.9577453136 -0.0403039306 -0.2847798169 0.0198062398 0.9970246553 -0.0744950324 0.2869349420 0.0657068491 0.9556939602
99.0 -490.4 2482.1 0 0 0 0 0 0 0 0 0
292.7 -576.2 2762.9 0 0 0 0 0 0 0 0 0
-104.1 -868.4 2187.9 0 0 0 0 0 0 0 0 0
322.5 -876.1 2203.2 0 0 0 0 0 0 0 0 0
115.2 -12.5 2979.7 58 0.9858144522 0.0616821423 0.1560936570 0.0177161358 0.8865830898 -0.4622299671 -0.1669013351 0.4584383368 0.8729136586
103.0 -188.7 2888.6 0.9858144522 0.0616821423 0.1560936570 0.0177161358 0.8865830898 -0.4622299671 -0.1669013351 0.4584383368 0.8729136586
90.1 -359.4 2797.0 0.9856691360 0.0664036646 0.1550706178 0.0157133490 0.8791245222 -0.4763330221 -0.1679566354 0.4719434381 0.8654825091
-31.7 -190.9 2911.5 -0.2219884843 -0.4403625429 -0.8699436188 0.5376133919 0.6890525222 -0.4859819710 0.8134451509 -0.5755757093 0.0837830678
33.3 -348.2 2673.5 -0.2744776905 -0.4216580987 -0.8642143607 0.5738301277 0.6493434310 -0.4990712106 0.7716093659 -0.6328961253 0.0637298301
237.6 -186.6 2865.6 0.5424538851 0.6486488581 0.5338524580 -0.8205835223 0.2729869485 0.5021163225 0.1799624115 -0.7104455233 0.6803534031
371.5 -389.2 2910.1 -0.3177305460 0.6486488581 0.6915938258 -0.7511001825 0.2729869485 -0.6011044979 -0.5787018538 -0.7104455233 0.4004639685
-10.0 -529.9 2722.7 0.9879335165 0.1274986118 -0.0879284814 -0.0803730190 -0.0632492825 -0.9947561026 -0.1323914379 0.9898200035 -0.0522386394
-74.4 -498.0 2222.9 0.9879335165 0.0907264054 0.1255230308 -0.0803730190 0.9931141734 -0.0852312222 -0.1323914379 0.0741141140 0.9884228110
166.3 -526.0 2691.1 0.9570429921 -0.2873489857 0.0387205109 0.0273522548 -0.0434736758 -0.9986800551 0.2886530161 0.9568388462 -0.0337465331
304.8 -505.1 2229.7 0.9570429921 -0.0554815233 -0.2845883369 0.0273522548 0.9944202900 -0.1018828526 0.2886530161 0.0897221342 0.9532205462
102.9 -493.8 2477.7 0 0 0 0 0 0 0 0 0
290.9 -579.8 2763.2 0 0 0 0 0 0 0 0 0
-108.2 -868.5 2195.3 0 0 0 0 0 0 0 0 0
325.5 -876.0 2196.3 0 0 0 0 0 0 0 0 0
115.8 -10.8 2980.3 59 0.9856158495 0.0600060821 0.1579896063 0.0205220748 0.8854288459 -0.4643216729 -0.1677506715 0.4608850777 0.8714612126
103.9 -187.0 2888.6 0.9856158495 0.0600060821 0.1579896063 0.0205220748 0.8854288459 -0.4643216729 -0.1677506715 0.4608850777 0.8714612126
91.2 -356.8 2795.4 0.9854962826 0.0654704943 0.1565588862 0.0188452527 0.8746489286 -0.4843904078 -0.1686473489 0.4803153276 0.8607295156
-30.7 -189.6 2911.7 -0.2170852721 -0.4377136230 -0.8725140691 0.5500966907 0.6835292578 -0.4797721803 0.8063917160 -0.5841186047 0.0924006775
33.2 -351.7 2674.0 -0.2783873975 -0.4249609113 -0.8613411784 0.5588242412 0.6577091813 -0.5051079988 0.7811632156 -0.6219540238 0.0543805137
238.5 -184.4 2865.6 0.5438923836 0.6475886106 0.5336759686 -0.8214178681 0.2807922959 0.4964155257 0.1716209352 -0.7083676457 0.6846616268
372.8 -387.3 2908.0 -0.3171205819 0.6475886106 0.6928661466 -0.7459831238 0.2807922959 -0.6038749218 -0.5856139660 -0.7083676457 0.3940451443
-11.1 -531.4 2720.4 0.9885696769 0.1280971169 -0.0795054063 -0.0716920644 -0.0644998103 -0.9953391552 -0.1326281577 0.9896619916 -0.0545790121
-75.1 -499.2 2226.0 0.9885696769 0.0852578208 0.1243426129 -0.0716920644 0.9913679957 -0.1097714677 -0.1326281577 0.0996023640 0.9861486554
165.5 -528.6 2690.3 0.9561647177 -0.2892751992 0.0454848073 0.0319919176 -0.0512048192 -0.9981756210 0.2910764813 0.9558754563 -0.0397057757
304.1 -504.1 2232.3 0.9561647177 -0.0607229695 -0.2864641845 0.0319919176 0.9940695763 -0.1039338037 0.2910764813 0.0902132988 0.9524369240
103.9 -493.5 2475.8 0 0 0 0 0 0 0 0 0
292.3 -576.6 2759.3 0 0 0 0 0 0 0 0 0
-106.9 -869.1 2188.8 0 0 0 0 0 0 0 0 0
326.7 -875.0 2198.6 0 0 0 0 0 0 0 0 0
115.0 -10.2 2979.6 60 0.9885421991 0.0731618926 0.1320291460 -0.0019190579 0.8807053566 -0.4736605883 -0.1509326845 0.4679801166 0.8707548380
100.5 -185.5 2886.5 0.9885421991 0.0731618926 0.1320291460 -0.0019190579 0.8807053566 -0.4736605883 -0.1509326845 0.4679801166 0.8707548380
85.4 -354.4 2792.1 0.9883937240 0.0779014081 0.1304195672 -0.0036402440 0.8704075217 -0.4923185408 -0.1518704891 0.4861297905 0.8605888486
-34.5 -185.0 2907.3 -0.2436197549 -0.4056013525 -0.8809863329 0.5603680015 0.6825296283 -0.4691918790 0.7916041017 -0.6079809666 0.0610083267
36.2 -347.7 2677.4 -0.2550040483 -0.4003649354 -0.8801595569 0.5729094148 0.6707152724 -0.4710794687 0.7789401412 -0.6243788600 0.0583377369
235.4 -186.0 2865.7 0.5213508606 0.6660387516 0.5334656835 -0.8349671960 0.2691217959 0.4800033867 0.1761336178 -0.6956765056 0.6964274049
364.1 -392.1 2909.2 -0.3244512379 0.6660387516 0.6716574430 -0.7352722883 0.2691217959 -0.6220515370 -0.5950680971 -0.6956765056 0.4024029672
-9.8 -528.3 2717.3 0.9880848527 0.1331066340 -0.0772719458 -0.0697908774 -0.0599874370 -0.9957563877 -0.1371771246 0.9892846346 -0.0499830507
-75.9 -498.5 2226.0 0.9880848527 0.0835280642 0.1292725503 -0.0697908774 0.9917657375 -0.1073775142 -0.1371771246 0.0970760509 0.9857782125
166.8 -524.9 2687.0 0.9565280080 -0.2886531949 0.0416357107 0.0295368638 -0.0461464897 -0.9984979033 0.2901409566 0.9563210011 -0.0356144980
303.7 -503.0 2233.3 0.9565280080 -0.0590901487 -0.2855916023 0.0295368638 0.9938519001 -0.1067049056 0.2901409566 0.0936307460 0.9523925185
100.9 -493.0 2479.8 0 0 0 0 0 0 0 0 0
281.8 -578.7 2758.2 0 0 0 0 0 0 0 0 0
-107.1 -868.6 2189.7 0 0 0 0 0 0 0 0 0
325.8 -873.9 2198.4 0 0 0 0 0 0 0 0 0
116.4 -10.0 2979.8 61 0.9858897328 0.0749013200 0.1497036964 0.0028529686 0.8866606355 -0.4624118805 -0.1673716307 0.4563142359 0.8739359379
101.5 -186.2 2889.1 0.9858897328 0.0749013200 0.1497036964 0.0028529686 0.8866606355 -0.4624118805 -0.1673716307 0.4563142359 0.8739359379
86.5 -356.6 2797.4 0.9858995080 0.0775091946 0.1483055204 0.0029657253 0.8780276775 -0.4786006808 -0.1673122942 0.4722920060 0.8654171824
-33.1 -186.6 2912.0 -0.2491638958 -0.4289943576 -0.8682633042 0.5332810879 0.6875994205 -0.4927659929 0.8084111810 -0.5858079195 0.0574496388
40.3 -343.6 2673.9 -0.2320569456 -0.4153539240 -0.8795627952 0.5988117456 0.6515858769 -0.4656826854 0.7665337920 -0.6347573996 0.0975137725
236.2 -185.8 2866.3 0.5316883922 0.6525734067 0.5398660898 -0.8276203275 0.2649518549 0.4948182404 0.1798667014 -0.7098932862 0.6809548736
367.4 -390.1 2910.7 -0.3269190192 0.6525734067 0.6835728884 -0.7467401624 0.2649518549 -0.6100652814 -0.5792263150 -0.7098932862 0.4006849825
-18.3 -523.0 2711.3 0.9906998277 0.1215882748 -0.0610749647 -0.0554148182 -0.0494041964 -0.9972404242 -0.1242700964 0.9913503528 -0.0422069393
-78.1 -498.7 2223.5 0.9906998277 0.0660902858 0.1189366803 -0.0554148182 0.9943141937 -0.0909312591 -0.1242700964 0.0834947303 0.9887292981
158.8 -523.7 2684.1 0.9511276484 -0.3064683974 0.0378588103 0.0260532182 -0.0425223969 -0.9987557530 0.3076969385 0.9509305954 -0.0324597396
304.5 -503.5 2231.9 0.9511276484 -0.0562020577 -0.3036403954 0.0260532182 0.9943971634 -0.1024475917 0.3076969385 0.0895299315 0.9472628832
99.1 -495.5 2479.5 0 0 0 0 0 0 0 0 0
284.5 -579.6 2763.7 0 0 0 0 0 0 0 0 0
-102.8 -869.7 2192.3 0 0 0 0 0 0 0 0 0
325.5 -874.6 2198.5 0 0 0 0 0 0 0 0 0
115.8 -8.7 2978.4 62 0.9823912978 0.0762204826 0.1705808491 0.0097204717 0.8909142613 -0.4540674984 -0.1865821630 0.4477300644 0.8744854927
100.6 -185.8 2889.4 0.9823912978 0.0762204826 0.1705808491 0.0097204717 0.8909142613 -0.4540674984 -0.1865821630 0.4477300644 0.8744854927
84.4 -356.8 2799.1 0.9820737839 0.0837189257 0.1688852012 0.0062029897 0.8811187744 -0.4728543758 -0.1883947700 0.4654254913 0.8648043275
-33.5 -186.6 2915.1 -0.2764338553 -0.4430418313 -0.8528178334 0.5171453357 0.6793861985 -0.5205718875 0.8100277781 -0.5849344730 0.0413116999
46.5 -336.3 2680.6 -0.1820148230 -0.4344045818 -0.8821356297 0.6157109141 0.6491218209 -0.4467000365 0.7666620016 -0.6244465709 0.1493178606
234.7 -185.0 2863.6 0.5389910936 0.6360765100 0.5521731973 -0.8242989182 0.2634736001 0.5011116862 0.1732622981 -0.7252505422 0.6663271189
367.8 -388.5 2906.4 -0.3359369338 0.6360765100 0.6946603656 -0.7515927553 0.2634736001 -0.6047230363 -0.5676748157 -0.7252505422 0.3895599842
-16.8 -527.3 2720.8 0.9905073643 0.1209566370 -0.0653045401 -0.0588124581 -0.0564902537 -0.9966694117 -0.1242428571 0.9910491109 -0.0488402545
-78.0 -498.7 2219.5 0.9905073643 0.0681349114 0.1193851978 -0.0588124581 0.9950627089 -0.0799457431 -0.1242428571 0.0721655115 0.9896240830
159.8 -526.8 2690.8 0.9529120326 -0.3003264070 0.0419841968 0.0292329118 -0.0468283184 -0.9984751344 0.3018344939 0.9526863098 -0.0358438529
304.7 -504.2 2231.0 0.9529120326 -0.0572332144 -0.2977968752 0.0292329118 0.9947917461 -0.0976462066 0.3018344939 0.0843427777 0.9496221542
92.6 -492.3 2486.4 0 0 0 0 0 0 0 0 0
282.6 -579.2 2762.4 0 0 0 0 0 0 0 0 0
-103.4 -870.1 2192.6 0 0 0 0 0 0 0 0 0
326.1 -875.5 2199.5 0 0 0 0 0 0 0 0 0
114.1 -9.4 2978.7 63 0.9809319973 0.0657014325 0.1829091758 0.0251703430 0.8902539015 -0.4547685981 -0.1927145422 0.4507009685 0.8716247678
101.0 -186.7 2888.9 0.9809319973 0.0657014325 0.1829091758 0.0251703430 0.8902539015 -0.4547685981 -0.1927145422 0.4507009685 0.8716247678
87.0 -357.4 2797.7 0.9807475209 0.0724335760 0.1813495457 0.0228067376 0.8798230886 -0.4747537971 -0.1939436346 0.4697495997 0.8612323403
-33.0 -189.8 2915.4 -0.2913151085 -0.4570014775 -0.8404077291 0.5014633536 0.6751847863 -0.5409806371 0.8146594763 -0.5790295005 0.0324779600
51.7 -335.5 2678.8 -0.1568116248 -0.4500767887 -0.8791137338 0.6219651103 0.6464402676 -0.4418985844 0.7671828270 -0.6160728931 0.1785627007
234.9 -183.6 2862.4 0.5529949665 0.6276622415 0.5479386449 -0.8165247440 0.2774026990 0.5062955022 0.1657829136 -0.7273842692 0.6659039855
371.5 -385.1 2903.3 -0.3273573220 0.6276622415 0.7063124776 -0.7536839247 0.2774026990 -0.5958257318 -0.5699102879 -0.7273842692 0.3822491467
-19.8 -528.4 2725.6 0.9913157821 0.1160226017 -0.0619009994 -0.0552955233 -0.0593144223 -0.9967066646 -0.1193121225 0.9914739132 -0.0523837917
-78.9 -498.2 2220.4 0.9913157821 0.0640997067 0.1148224920 -0.0552955233 0.9953960776 -0.0782884210 -0.1193121225 0.0712593794 0.9902963042
156.1 -527.3 2691.8 0.9509413242 -0.3062285483 0.0439853407 0.0304710753 -0.0487751253 -0.9983448982 0.3078671098 0.9507076740 -0.0370511673
303.7 -503.8 2233.7 0.9509413242 -0.0635605678 -0.3027716875 0.0304710753 0.9931517243 -0.1127882302 0.3078671098 0.0980292112 0.9463657141
91.4 -493.1 2484.3 0 0 0 0 0 0 0 0 0
288.4 -576.4 2758.7 0 0 0 0 0 0 0 0 0
-102.8 -869.7 2193.8 0 0 0 0 0 0 0 0 0
327.4 -874.5 2197.1 0 0 0 0 0 0 0 0 0
114.4 -10.3 2978.8 64 0.9804579616 0.0698654577 0.1839049608 0.0243270341 0.8845828176 -0.4657482803 -0.1952188760 0.4611204565 0.8655965924
100.4 -186.9 2886.8 0.9804579616 0.0698654577 0.1839049608 0.0243270341 0.8845828176 -0.4657482803 -0.1952188760 0.4611204565 0.8655965924
85.7 -356.3 2793.4 0.9803196788 0.0761150792 0.1821533889 0.0226619039 0.8731975555 -0.4868392348 -0.1961117089 0.4813860059 0.8542878628
-33.5 -190.0 2913.6 -0.2974786758 -0.4529542625 -0.8404396772 0.4969332516 0.6781895161 -0.5414021611 0.8152078390 -0.5786980391 0.0233411156
50.8 -330.9 2682.5 -0.1496482790 -0.4455466866 -0.8826627731 0.6297942400 0.6452326775 -0.4324742556 0.7622103095 -0.6206149459 0.1840447783
234.3 -183.8 2860.0 0.5511125922 0.6265798211 0.5510649681 -0.8202127218 0.2853890955 0.4957863986 0.1533818096 -0.7252246737 0.6712102294
370.4 -386.3 2897.9 -0.3310032785 0.6265798211 0.7055739164 -0.7449976802 0.2853890955 -0.6029357314 -0.5791504383 -0.7252246737 0.3723357916
-14.9 -530.2 2723.9 0.9901832342 0.1251281351 -0.0622906461 -0.0542683639 -0.0665318668 -0.9963074327 -0.1288104057 0.9899073243 -0.0590882376
-78.2 -496.6 2223.6 0.9901832342 0.0660276860 0.1231970713 -0.0542683639 0.9938542247 -0.0964817926 -0.1288104057 0.0888489485 0.9876809716
160.7 -526.2 2689.2 0.9526917934 -0.3010189533 0.0420237780 0.0274580400 -0.0524584949 -0.9982455373 0.3026953340 0.9521741867 -0.0417113863
305.2 -501.0 2232.2 0.9526917934 -0.0550042093 -0.2989196181 0.0274580400 0.9950424433 -0.0955858007 0.3026953340 0.0828560591 0.9494790435
88.8 -490.6 2489.1 0 0 0 0 0 0 0 0 0
286.4 -575.3 2750.9 0 0 0 0 0 0 0 0 0
-102.8 -867.6 2190.4 0 0 0 0 0 0 0 0 0
325.7 -872.4 2201.3 0 0 0 0 0 0 0 0 0
114.4 -8.7 2978.9 65 0.9849709868 0.0675310791 0.1589706391 0.0140155172 0.8861110210 -0.4632610977 -0.1721501499 0.4585268199 0.8718471527
100.8 -186.7 2886.8 0.9849709868 0.0675310791 0.1589706391 0.0140155172 0.8861110210 -0.4632610977 -0.1721501499 0.4585268199 0.8718471527
87.5 -356.3 2793.4 0.9851769805 0.0686157048 0.1572202295 0.0166780986 0.8738616705 -0.4858885407 -0.1707283109 0.4813083410 0.8597639799
-33.7 -189.0 2910.1 -0.2829253972 -0.4368017316 -0.8539071679 0.5117878914 0.6841995120 -0.5195615292 0.8111882210 -0.5840165019 0.0299724154
47.3 -335.5 2677.8 -0.1797009408 -0.4288539588 -0.8853201866 0.6114920974 0.6562728882 -0.4420219064 0.7705744505 -0.6207980514 0.1443079412
235.3 -184.4 2863.5 0.5421442986 0.6467603445 0.5364518166 -0.8230528235 0.2800960839 0.4940953553 0.1693032384 -0.7093991637 0.6841704249
369.2 -387.6 2905.3 -0.3201027513 0.6467603445 0.6922681928 -0.7445513010 0.2800960839 -0.6059616208 -0.5858135819 -0.7093991637 0.3918867707
-16.9 -527.8 2717.5 0.9906471968 0.1246607602 -0.0554776341 -0.0478373058 -0.0634701699 -0.9968365431 -0.1277875751 0.9901672602 -0.0569131151
-79.0 -496.3 2224.8 0.9906471968 0.0607065447 0.1221997887 -0.0478373058 0.9932549000 -0.1056235582 -0.1277875751 0.0987899750 0.9868692160
158.7 -523.8 2682.4 0.9504656196 -0.3082526624 0.0399425067 0.0276440755 -0.0441634953 -0.9986417890 0.3095979691 0.9502788186 -0.0334545225
304.4 -502.9 2233.1 0.9504656196 -0.0597539954 -0.3050320745 0.0276440755 0.9937093854 -0.1085242108 0.3095979691 0.0947161987 0.9461384416
92.8 -490.6 2482.4 0 0 0 0 0 0 0 0 0
287.9 -576.6 2756.6 0 0 0 0 0 0 0 0 0
-101.6 -867.0 2188.0 0 0 0 0 0 0 0 0 0
326.7 -873.8 2197.8 0 0 0 0 0 0 0 0 0
113.7 -8.6 2978.9 66 0.9836748242 0.0616746359 0.1690562665 0.0242299400 0.8854897022 -0.4640267789 -0.1783162802 0.4605477154 0.8695396185
101.4 -185.6 2886.9 0.9836748242 0.0616746359 0.1690562665 0.0242299400 0.8854897022 -0.4640267789 -0.1783162802 0.4605477154 0.8695396185
89.1 -355.5 2793.9 0.9837967157 0.0632720143 0.1677517444 0.0259477235 0.8755592704 -0.4824133515 -0.1773998588 0.4789494574 0.8597306013
-33.0 -189.1 2911.1 -0.2728052437 -0.4473631382 -0.8517297506 0.5169129372 0.6785087585 -0.5219453573 0.8114051819 -0.5826594830 0.0461470522
46.6 -339.9 2674.5 -0.1952473670 -0.4379442632 -0.8775438666 0.6077268720 0.6482546329 -0.4587308466 0.7697704434 -0.6228730083 0.1395804882
235.8 -182.0 2862.6 0.5513727665 0.6392101049 0.5360956192 -0.8172819018 0.2848868966 0.5008889437 0.1674466878 -0.7143177986 0.6794937253
371.9 -383.8 2904.0 -0.3167214394 0.6392101049 0.7007837892 -0.7488988042 0.2848868966 -0.5983226895 -0.5820980668 -0.7143177986 0.3884738982
-14.1 -527.5 2715.3 0.9896384478 0.1290395558 -0.0629641786 -0.0556460284 -0.0595571063 -0.9966726899 -0.1323601604 0.9898493290 -0.0517594628
-78.2 -497.9 2223.5 0.9896384478 0.0660810098 0.1274715364 -0.0556460284 0.9949312806 -0.0837568417 -0.1323601604 0.0757957101 0.9882994294
162.4 -524.5 2684.7 0.9526202679 -0.3024581075 0.0321521424 0.0198259242 -0.0437365435 -0.9988463521 0.3035154045 0.9521586895 -0.0356678069
305.9 -503.7 2232.8 0.9526202679 -0.0517872609 -0.2997211218 0.0198259242 0.9938755035 -0.1087127700 0.3035154045 0.0976197422 0.9478126168
96.1 -494.1 2479.2 0 0 0 0 0 0 0 0 0
291.5 -573.9 2756.2 0 0 0 0 0 0 0 0 0
-102.8 -869.2 2195.2 0 0 0 0 0 0 0 0 0
325.3 -874.7 2196.4 0 0 0 0 0 0 0 0 0
113.7 -6.1 2980.5 67 0.9795599580 0.0654868856 0.1901941001 0.0295547284 0.8884049058 -0.4581083357 -0.1989694536 0.4543657005 0.8683103919
100.7 -183.5 2889.7 0.9795599580 0.0654868856 0.1901941001 0.0295547284 0.8884049058 -0.4581083357 -0.1989694536 0.4543657005 0.8683103919
87.7 -354.0 2797.9 0.9797379971 0.0667827576 0.1888212562 0.0319338068 0.8786222935 -0.4764483869 -0.1977211088 0.4728243947 0.8586870432
-33.2 -187.8 2916.7 -0.2694436312 -0.4638637006 -0.8439375758 0.5142419338 0.6716398001 -0.5333433747 0.8142207265 -0.5776940584 0.0575690903
45.6 -338.2 2678.7 -0.1987053752 -0.4543902278 -0.8683580756 0.6027862430 0.6419577599 -0.4738554358 0.7727644444 -0.6175919175 0.1463397145
234.5 -179.1 2862.7 0.5605422854 0.6223466992 0.5463303924 -0.8124388456 0.2854752541 0.5083768368 0.1604228318 -0.7288267612 0.6656395793
372.9 -379.7 2902.3 -0.3231325448 0.6223466992 0.7129305601 -0.7543745637 0.2854752541 -0.5911200643 -0.5714056492 -0.7288267612 0.3772361577
-11.3 -527.8 2716.8 0.9891058207 0.1377650946 -0.0518695600 -0.0441084243 -0.0588053651 -0.9972945452 -0.1404425800 0.9887177348 -0.0520881265
-80.1 -498.5 2223.3 0.9891058207 0.0556542836 0.1362801194 -0.0441084243 0.9952902198 -0.0863241330 -0.1404425800 0.0793725997 0.9869021773
164.9 -523.2 2685.0 0.9542460442 -0.2970432639 0.0343483500 0.0227773953 -0.0423285328 -0.9988440871 0.2981538177 0.9539253712 -0.0336259641
305.2 -503.2 2234.7 0.9542460442 -0.0561829731 -0.2936970890 0.0227773953 0.9929938912 -0.1159497648 0.2981538177 0.1039549485 0.9488401413
96.1 -491.1 2482.6 0 0 0 0 0 0 0 0 0
290.8 -571.1 2757.3 0 0 0 0 0 0 0 0 0
-100.8 -869.9 2193.7 0 0 0 0 0 0 0 0 0
326.1 -873.9 2195.9 0 0 0 0 0 0 0 0 0
115.2 -5.2 2980.7 68 0.9825697541 0.0766449943 0.1693583578 0.0104713365 0.8867797256 -0.4620737135 -0.1855991930 0.4557930529 0.8705202937
99.9 -182.1 2889.8 0.9825697541 0.0766449943 0.1693583578 0.0104713365 0.8867797256 -0.4620737135 -0.1855991930 0.4557930529 0.8705202937
84.9 -352.3 2797.7 0.9827755094 0.0775214657 0.1677580476 0.0128251966 0.8769655824 -0.4803819954 -0.1843579561 0.4742591977 0.8608660698
-34.3 -183.8 2915.0 -0.2931080461 -0.4396328926 -0.8490056396 0.5155946612 0.6751306653 -0.5275990367 0.8051396012 -0.5923863053 0.0287861414
51.1 -334.0 2680.5 -0.1760334224 -0.4349218309 -0.8830941319 0.6066421270 0.6585728526 -0.4452719092 0.7752403021 -0.6141048670 0.1479110718
234.1 -180.3 2864.6 0.5423200727 0.6377152801 0.5469992161 -0.8233085275 0.2735874951 0.4973056316 0.1674872637 -0.7200479507 0.6734084487
