56.6 17.2 3159.1  0.9953407645 0.0929780751 0.0255303904 -0.0689766333 0.8716468215 -0.4852566719 -0.0673717186 0.4812347591 0.8739989400
37.1 -165.8 3058.1 0.9953407645 0.0929780751 0.0255303904 -0.0689766333 0.8716468215 -0.4852566719 -0.0673717186 0.4812347591 0.8739989400
18.8 -333.9 2953.8 0.9954746962 0.0927348360 0.0207460616 -0.0677384660 0.8456033468 -0.5294963717 -0.0666457042 0.5256949663 0.8480584621
-107.7 -155.9 3067.8 0.2770958543 -0.9490092993 0.1503302902 0.8096586466 0.3148654103 0.4952904880 -0.5173690915 -0.0155267222 0.8556215167
-208.6 -450.6 3256.1 -0.1373380423 -0.9490092993 -0.2837597132 -0.3686020374 0.3148654103 -0.8746383786 0.9193860888 -0.0155267222 -0.3930497468
181.9 -175.8 3048.3 0.2805455029 0.8423851728 0.4600885510 -0.9573479295 0.2110519409 0.1973373294 0.0691314563 -0.4958269298 0.8656653762
239.9 -373.8 3062.7 -0.5014610887 0.8423851728 0.1972917467 -0.0298542175 0.2110519409 -0.9770188332 -0.8646649718 -0.4958269298 -0.0806855857
-102.9 -499.3 2869.1 0.9763941765 0.1058862060 -0.1882618368 -0.1816339195 -0.0691810846 -0.9809297323 -0.1168910861 0.9919688106 -0.0483154766
-150.8 -468.0 2420.4 0.9763941765 0.1884855032 0.1054875478 -0.1816339195 0.9807810783 -0.0712569132 -0.1168910861 0.0504147224 0.9918643236
77.4 -509.0 2844.8 0.9938538074 -0.0299610980 0.1065691859 0.1035653725 -0.0883809999 -0.9906881452 0.0391007960 0.9956360459 -0.0847348571
90.9 -469.1 2395.4 0.9938538074 -0.1072298363 -0.0275031105 0.1035653725 0.9883943796 -0.1111339554 0.0391007960 0.1076025367 0.9934247732
-175.2 -361.0 3032.6 0 0 0 0 0 0 0 0 0
110.2 -381.5 2838.9 0 0 0 0 0 0 0 0 0
-217.7 -815.9 2402.5 0 0 0 0 0 0 0 0 0
131.9 -846.8 2354.3 0 0 0 0 0 0 0 0 0
53.3 16.8 3161.4  0.9927914143 0.0563001782 -0.1058088988 -0.1008893549 0.8691381812 -0.4841695726 0.0647037178 0.4913543761 0.8685529828
41.5 -165.4 3058.4 0.9927914143 0.0563001782 -0.1058088988 -0.1008893549 0.8691381812 -0.4841695726 0.0647037178 0.4913543761 0.8685529828
32.0 -333.0 2952.6 0.9928814173 0.0489909425 -0.1085650697 -0.0994257554 0.8427884579 -0.5289821625 0.0655820593 0.5360106826 0.8416599631
-101.8 -150.9 3048.9 0.2959220409 -0.9436361194 0.1482601166 0.7676112652 0.3272986412 0.5510432124 -0.5685095787 -0.0492596850 0.8212005496
-207.7 -425.4 3252.2 -0.1353641897 -0.9436361194 -0.3020388186 -0.2458126694 0.3272986412 -0.9123879075 0.9598190784 -0.0492596850 -0.2762622237
184.9 -179.9 3067.9 0.2369073480 0.9070747495 0.3479802608 -0.9663104415 0.1829147041 0.1810698360 0.1005931720 -0.3791537583 0.9198496938
233.9 -379.6 3088.7 -0.3827940226 0.9070747495 0.1751687527 -0.0163853299 0.1829147041 -0.9829922318 -0.9236884117 -0.3791537583 -0.0551559404
-90.1 -495.7 2855.4 0.9726646543 0.1371095031 -0.1874151826 -0.1790775359 -0.0709182769 -0.9812756181 -0.1478333771 0.9880139828 -0.0444264710
-150.5 -464.5 2420.8 0.9726646543 0.1887043267 0.1353297681 -0.1790775359 0.9805605412 -0.0802013576 -0.1478333771 0.0537745021 0.9875493050
91.4 -508.2 2843.5 0.9952191114 -0.0024312148 0.0976373702 0.0970753729 -0.0853033885 -0.9916146994 0.0107396273 0.9963520765 -0.0846595541
92.5 -469.4 2390.3 0.9952191114 -0.0976302698 -0.0027014026 0.0970753729 0.9918469787 -0.0825589150 0.0107396273 0.0819019675 0.9965825081
-174.1 -364.4 3014.1 0 0 0 0 0 0 0 0 0
135.5 -383.8 2851.3 0 0 0 0 0 0 0 0 0
-217.4 -812.5 2401.7 0 0 0 0 0 0 0 0 0
129.8 -848.3 2359.1 0 0 0 0 0 0 0 0 0
53.2 15.6 3159.6  0.9873018861 0.0571328737 -0.1482256055 -0.1237822697 0.8615074158 -0.4924255013 0.0995637774 0.5045203567 0.8576399684
41.2 -165.5 3053.5 0.9873018861 0.0571328737 -0.1482256055 -0.1237822697 0.8615074158 -0.4924255013 0.0995637774 0.5045203567 0.8576399684
30.9 -331.7 2945.3 0.9871605635 0.0523057617 -0.1509243399 -0.1259743124 0.8358663917 -0.5342825055 0.0982065424 0.5464352369 0.8317235112
-102.0 -147.1 3039.2 0.3688065708 -0.9279885888 -0.0530936457 0.8144652843 0.2951079607 0.4995574057 -0.4479151964 -0.2274829894 0.8646522164
-211.2 -388.2 3171.8 -0.2385370433 -0.9279885888 -0.2862469256 -0.0015031650 0.2951079607 -0.9554627538 0.9711322188 -0.2274829894 -0.0717891008
184.5 -184.0 3067.8 0.2093992680 0.9239491820 0.3201090991 -0.9727590680 0.1635375470 0.1643022746 0.0994570926 -0.3457938135 0.9330245852
227.8 -385.1 3088.3 -0.3510991037 0.9239491820 0.1518134028 0.0037936182 0.1635375470 -0.9865298271 -0.9363306165 -0.3457938135 -0.0609229989
-67.5 -491.5 2840.7 0.9635790586 0.2035459280 -0.1734486222 -0.1644907892 -0.0602640770 -0.9845359325 -0.2108509988 0.9772089124 -0.0245877709
-155.0 -465.6 2420.4 0.9635790586 0.1791208088 0.1985726506 -0.1644907892 0.9824444056 -0.0880098790 -0.2108509988 0.0521411076 0.9761266112
112.4 -509.8 2852.8 0.9926255345 0.0503020585 0.1102916300 0.1145874038 -0.0925072581 -0.9890966415 -0.0395508185 0.9944406152 -0.0975890458
89.3 -467.3 2395.3 0.9926255345 -0.1095293015 0.0519410521 0.1145874038 0.9876072407 -0.1072456390 -0.0395508185 0.1124065518 0.9928748608
-152.7 -387.8 2933.4 0 0 0 0 0 0 0 0 0
137.1 -384.1 2846.5 0 0 0 0 0 0 0 0 0
-217.9 -810.5 2402.1 0 0 0 0 0 0 0 0 0
131.1 -844.4 2352.3 0 0 0 0 0 0 0 0 0
53.2 14.4 3159.7  0.9951201081 0.0769216344 -0.0617987961 -0.0974032879 0.8658866286 -0.4906657636 0.0157679394 0.4942907691 0.8691536188
37.0 -167.4 3055.9 0.9951201081 0.0769216344 -0.0617987961 -0.0974032879 0.8658866286 -0.4906657636 0.0157679394 0.4942907691 0.8691536188
22.5 -334.4 2949.4 0.9950964451 0.0739976242 -0.0656311139 -0.0976705551 0.8398370743 -0.5339795351 0.0156062283 0.5377713442 0.8429462910
-107.3 -153.1 3053.7 0.4172745645 -0.9009523988 -0.1190241054 0.8554183841 0.3451708257 0.3861559927 -0.3068245053 -0.2629484832 0.9147222638
-213.0 -369.7 3131.4 -0.2612965107 -0.9009523988 -0.3464230597 0.0522228889 0.3451708257 -0.9370858073 0.9638448358 -0.2629484832 -0.0431416035
181.3 -181.7 3058.1 0.2446852773 0.8865429163 0.3926458657 -0.9659633040 0.1878319532 0.1778597683 0.0839288831 -0.4228011668 0.9023275971
231.9 -381.4 3075.5 -0.4284839928 0.8865429163 0.1744796038 -0.0112994825 0.1878319532 -0.9821361899 -0.9034787416 -0.4228011668 -0.0704655051
-69.2 -486.3 2828.1 0.9633719325 0.2174136043 -0.1569899172 -0.1504976004 -0.0462116599 -0.9875296950 -0.2219571620 0.9749850035 -0.0117987907
-160.9 -466.8 2416.8 0.9633719325 0.1644070894 0.2118603736 -0.1504976004 0.9853438139 -0.0802997947 -0.2219571620 0.0454740934 0.9739954472
110.6 -509.4 2846.0 0.9913346767 0.0511919297 0.1209747717 0.1252739131 -0.0913523808 -0.9879074693 -0.0395215563 0.9945019484 -0.0969737992
87.4 -468.0 2394.7 0.9913346767 -0.1202462465 0.0528805107 0.1252739131 0.9865317941 -0.1051737443 -0.0395215563 0.1108869314 0.9930468798
-147.1 -382.9 2888.3 0 0 0 0 0 0 0 0 0
121.3 -384.3 2842.3 0 0 0 0 0 0 0 0 0
-218.5 -811.6 2400.9 0 0 0 0 0 0 0 0 0
133.3 -844.8 2352.3 0 0 0 0 0 0 0 0 0
53.0 13.5 3159.2  0.9960465431 0.0849384815 -0.0260150563 -0.0868313983 0.8690976501 -0.4869595468 -0.0187519789 0.4872932732 0.8730370402
35.2 -169.0 3056.9 0.9960465431 0.0849384815 -0.0260150563 -0.0868313983 0.8690976501 -0.4869595468 -0.0187519789 0.4872932732 0.8730370402
19.3 -337.0 2952.1 0.9962983131 0.0805756301 -0.0299546532 -0.0842236951 0.8452052474 -0.5277636647 -0.0172070600 0.5283329487 0.8488628864
-109.7 -156.7 3059.5 0.4151023924 -0.8895859718 -0.1905958802 0.9017317295 0.3745071292 0.2159265876 -0.1207057387 -0.2614980042 0.9576267004
-210.3 -375.1 3088.7 -0.2796318531 -0.8895859718 -0.3611687124 0.0061532012 0.3745071292 -0.9272035956 0.9600875974 -0.2614980042 -0.0992503166
180.1 -181.3 3054.3 0.2611785829 0.8691161275 0.4200273156 -0.9616135955 0.1963179708 0.1917250603 0.0841724202 -0.4539784789 0.8870279193
234.2 -380.2 3071.8 -0.4586200118 0.8691161275 0.1852157712 -0.0238426439 0.1963179708 -0.9802503586 -0.8883125782 -0.4539784789 -0.0693133250
-82.7 -492.4 2841.5 0.9700604081 0.1851458251 -0.1571745574 -0.1494886875 -0.0548543409 -0.9872406721 -0.1914051920 0.9811788797 -0.0255348161
-164.4 -468.2 2408.6 0.9700604081 0.1562900692 0.1858930737 -0.1494886875 0.9874909520 -0.0501469485 -0.1914051920 0.0208566580 0.9812895060
98.5 -510.4 2844.3 0.9922739267 0.0258470029 0.1213439032 0.1232172325 -0.0910879746 -0.9881905317 -0.0144887930 0.9955073595 -0.0935690254
86.8 -469.2 2394.0 0.9922739267 -0.1211435571 0.0267703291 0.1232172325 0.9874681830 -0.0986107439 -0.0144887930 0.1011474356 0.9947659373
-138.7 -376.6 2843.2 0 0 0 0 0 0 0 0 0
115.5 -386.4 2841.8 0 0 0 0 0 0 0 0 0
-218.4 -809.8 2401.4 0 0 0 0 0 0 0 0 0
133.1 -846.4 2355.4 0 0 0 0 0 0 0 0 0
52.8 12.8 3159.0  0.9963852763 0.0821468234 0.0216408577 -0.0606303103 0.8661128879 -0.4961576164 -0.0595012009 0.4930520654 0.8679627180
35.6 -168.2 3055.9 0.9963852763 0.0821468234 0.0216408577 -0.0606303103 0.8661128879 -0.4961576164 -0.0595012009 0.4930520654 0.8679627180
19.4 -335.0 2949.3 0.9964982271 0.0817830712 0.0174031593 -0.0594552383 0.8394039273 -0.5402463675 -0.0587912910 0.5373198390 0.8413268924
-109.5 -159.6 3064.5 0.4056967199 -0.8763176203 -0.2597644627 0.9139373899 0.3854104877 0.1271897852 -0.0113427052 -0.2890089452 0.9572591782
-210.9 -388.1 3067.3 -0.3298003376 -0.8763176203 -0.3511397839 -0.0426810533 0.3854104877 -0.9217576385 0.9430853724 -0.2890089452 -0.1645106673
180.7 -176.9 3047.3 0.2873374522 0.8448562026 0.4512816966 -0.9559908509 0.2237821072 0.1897446513 0.0593181700 -0.4859419465 0.8719757795
240.2 -374.6 3059.6 -0.4939489067 0.8448562026 0.2055054009 -0.0226257127 0.2237821072 -0.9743765593 -0.8691964746 -0.4859419465 -0.0914214551
-87.6 -497.3 2848.9 0.9733865261 0.1706302911 -0.1529836655 -0.1422060728 -0.0737639591 -0.9870847464 -0.1797112375 0.9825701714 -0.0475361831
-163.4 -464.5 2412.1 0.9733865261 0.1507940888 0.1725683659 -0.1422060728 0.9879455566 -0.0611634180 -0.1797112375 0.0349953771 0.9830967188
94.4 -512.8 2845.7 0.9924329519 0.0162239708 0.1217111275 0.1227021217 -0.0940402299 -0.9879780412 -0.0045831846 0.9954361916 -0.0953193381
87.0 -470.1 2394.1 0.9924329519 -0.1214692146 0.0179456659 0.1227021217 0.9865474701 -0.1080196872 -0.0045831846 0.1094042733 0.9939867854
-126.1 -377.2 2824.8 0 0 0 0 0 0 0 0 0
112.2 -380.4 2834.4 0 0 0 0 0 0 0 0 0
-215.7 -806.7 2400.0 0 0 0 0 0 0 0 0 0
133.5 -847.0 2352.3 0 0 0 0 0 0 0 0 0
51.3 13.9 3159.4  0.9975012541 0.0639240667 0.0300818458 -0.0409420095 0.8700550199 -0.4912514389 -0.0575756505 0.4887923300 0.8704981804
38.0 -168.1 3057.2 0.9975012541 0.0639240667 0.0300818458 -0.0409420095 0.8700550199 -0.4912514389 -0.0575756505 0.4887923300 0.8704981804
23.0 -335.5 2951.2 0.9968018532 0.0754224807 0.0264102090 -0.0495378710 0.8425239921 -0.5363761187 -0.0627060533 0.5333523750 0.8435657620
-107.4 -160.8 3066.3 0.4073913693 -0.8695220351 -0.2792198360 0.9124687910 0.4002230465 0.0849837288 0.0378549844 -0.2894010246 0.9564591050
-211.3 -393.4 3056.7 -0.3462595940 -0.8695220351 -0.3521870673 -0.0761525705 0.4002230465 -0.9132482409 0.9350427985 -0.2894010246 -0.2047974169
183.3 -175.3 3048.0 0.2976941168 0.8405697942 0.4525710940 -0.9525927305 0.2303580493 0.1987516433 0.0628112406 -0.4902831316 0.8692969680
244.9 -372.4 3061.0 -0.4972601235 0.8405697942 0.2148831338 -0.0309024882 0.2303580493 -0.9726151228 -0.8670510054 -0.4902831316 -0.0885721669
-87.9 -496.4 2848.0 0.9745855927 0.1737048328 -0.1414552480 -0.1297493279 -0.0770479068 -0.9885488153 -0.1826145351 0.9817790985 -0.0525516942
-165.1 -462.2 2412.0 0.9745855927 0.1377168149 0.1766834259 -0.1297493279 0.9899677038 -0.0559383072 -0.1826145351 0.0315921120 0.9826768637
94.3 -507.3 2837.2 0.9919916391 0.0181447808 0.1249931976 0.1260503381 -0.0796179399 -0.9888237119 -0.0079902885 0.9966602921 -0.0812674910
86.2 -472.0 2394.9 0.9919916391 -0.1244169921 0.0217473041 0.1260503381 0.9861116409 -0.1081442311 -0.0079902885 0.1100194380 0.9938973188
-121.8 -373.8 2815.1 0 0 0 0 0 0 0 0 0
115.9 -380.4 2836.0 0 0 0 0 0 0 0 0 0
-213.3 -808.8 2400.9 0 0 0 0 0 0 0 0 0
133.7 -848.8 2352.8 0 0 0 0 0 0 0 0 0
50.3 11.7 3160.1  0.9987511039 0.0377999879 -0.0326714888 -0.0491905324 0.8584602475 -0.5105157495 0.0087496834 0.5114852786 0.8592475057
42.4 -168.1 3052.9 0.9987511039 0.0377999879 -0.0326714888 -0.0491905324 0.8584602475 -0.5105157495 0.0087496834 0.5114852786 0.8592475057
33.2 -333.7 2943.6 0.9982879162 0.0471088290 -0.0346693806 -0.0584165528 0.8329120874 -0.5503135324 0.0029519219 0.5513966084 0.8342379928
-103.0 -159.5 3052.5 0.4069874585 -0.8667103648 -0.2883996367 0.9132630229 0.3922013938 0.1101304144 0.0176595729 -0.3082064092 0.9511556029
-211.2 -402.4 3047.8 -0.3969840407 -0.8667103648 -0.3020212054 -0.1682384163 0.3922013938 -0.9043638110 0.9022746086 -0.3082064092 -0.3015116751
187.8 -176.7 3053.3 0.2844398320 0.8734418154 0.3952130675 -0.9564060569 0.2300644666 0.1798828244 0.0661927015 -0.4291500151 0.9008045197
246.7 -374.7 3067.0 -0.4384975731 0.8734418154 0.2117055953 -0.0115490854 0.2300644666 -0.9731068611 -0.8986581564 -0.4291500151 -0.0907952562
-83.3 -498.4 2851.0 0.9731765985 0.1828216463 -0.1396552920 -0.1261924207 -0.0833669230 -0.9884965420 -0.1923611909 0.9796051383 -0.0580600277
-164.1 -461.5 2417.7 0.9731765985 0.1354196966 0.1859808117 -0.1261924207 0.9901504517 -0.0606426597 -0.1923611909 0.0355466492 0.9806801677
99.3 -507.5 2839.5 0.9904023409 0.0336824991 0.1340473443 0.1363300234 -0.0784675255 -0.9875509739 -0.0227448232 0.9963474870 -0.0823063552
84.2 -472.4 2394.3 0.9904023409 -0.1330201924 0.0375343859 0.1363300234 0.9848772287 -0.1069156379 -0.0227448232 0.1110065654 0.9935593605
-108.9 -359.0 2815.5 0 0 0 0 0 0 0 0 0
133.1 -377.6 2834.2 0 0 0 0 0 0 0 0 0
-212.0 -811.5 2405.2 0 0 0 0 0 0 0 0 0
135.0 -848.7 2351.8 0 0 0 0 0 0 0 0 0
50.4 11.2 3159.4  0.9970964789 0.0478461236 -0.0592403300 -0.0715174451 0.8555663824 -0.5127294064 0.0261519179 0.5154773593 0.8565040231
40.5 -166.8 3052.1 0.9970964789 0.0478461236 -0.0592403300 -0.0715174451 0.8555663824 -0.5127294064 0.0261519179 0.5154773593 0.8565040231
29.5 -331.8 2941.9 0.9965454340 0.0556505434 -0.0616458207 -0.0804914087 0.8300126195 -0.5519059896 0.0204529408 0.5549613237 0.8316246867
-104.8 -155.1 3049.2 0.3948219121 -0.8618142605 -0.3184208274 0.9187199473 0.3734758496 0.1283331960 0.0083231153 -0.3432083428 0.9392223954
-211.4 -403.0 3046.9 -0.4498175085 -0.8618142605 -0.2343936563 -0.2500638366 0.3734758496 -0.8932994604 0.8573985696 -0.3432083428 -0.3835045397
185.8 -178.6 3055.1 0.2621504366 0.8858484626 0.3828181028 -0.9626144767 0.2120071650 0.1686011851 0.0681949109 -0.4127050936 0.9083082676
240.0 -377.8 3069.2 -0.4224757552 0.8858484626 0.1917988211 0.0008696881 0.2120071650 -0.9772677422 -0.9063737988 -0.4127050936 -0.0903382972
-67.3 -493.8 2834.0 0.9656361341 0.2238625586 -0.1320319921 -0.1175621226 -0.0768378004 -0.9900884032 -0.2317887843 0.9715871215 -0.0478795990
-164.0 -460.6 2414.3 0.9656361341 0.1275294125 0.2264578193 -0.1175621226 0.9914268851 -0.0570253991 -0.2317887843 0.0284429211 0.9723502398
115.2 -504.6 2834.5 0.9888327718 0.0701692328 0.1314764023 0.1367524862 -0.0765853897 -0.9876403213 -0.0592327937 0.9945908189 -0.0853259638
84.0 -470.5 2392.3 0.9888327718 -0.1310726255 0.0709206164 0.1367524862 0.9871858358 -0.0822370872 -0.0592327937 0.0910172984 0.9940862060
-95.7 -338.7 2826.4 0 0 0 0 0 0 0 0 0
130.4 -377.6 2834.1 0 0 0 0 0 0 0 0 0
-209.4 -813.1 2404.2 0 0 0 0 0 0 0 0 0
134.1 -847.7 2357.5 0 0 0 0 0 0 0 0 0
50.3 11.3 3159.1  0.9970052242 0.0772485882 -0.0036326074 -0.0681308955 0.8551639318 -0.5138607025 -0.0365885384 0.5125693083 0.8578659296
34.1 -167.3 3052.0 0.9970052242 0.0772485882 -0.0036326074 -0.0681308955 0.8551639318 -0.5138607025 -0.0365885384 0.5125693083 0.8578659296
18.4 -331.8 2941.9 0.9967978597 0.0795991793 -0.0076140617 -0.0703560188 0.8278084993 -0.5565816164 -0.0380004570 0.5553350449 0.8307580352
-111.1 -157.0 3057.6 0.3770776093 -0.8575349450 -0.3499233127 0.9252355099 0.3658460975 0.1004785299 0.0418542251 -0.3616496623 0.9313741326
-211.5 -403.3 3046.5 -0.4742358625 -0.8575349450 -0.1993343383 -0.2897997797 0.3658460975 -0.8844053149 0.8313341141 -0.3616496623 -0.4220107794
179.4 -177.5 3046.5 0.2748183012 0.8581532240 0.4336449802 -0.9603234529 0.2227128595 0.1678624302 0.0474733673 -0.4625711143 0.8853102326
236.2 -376.2 3056.3 -0.4746501446 0.8581532240 0.1956534982 0.0008055170 0.2227128595 -0.9748837352 -0.8801741600 -0.4625711143 -0.1064019501
-72.7 -489.3 2829.9 0.9687507749 0.2173799872 -0.1194482148 -0.1083343402 -0.0623891391 -0.9921548367 -0.2231268883 0.9740911126 -0.0368898101
-164.8 -462.9 2417.3 0.9687507749 0.1204333529 0.2168357521 -0.1083343402 0.9918615818 -0.0668904185 -0.2231268883 0.0413093865 0.9739137292
109.7 -504.1 2833.6 0.9898954630 0.0556654260 0.1304160804 0.1344978362 -0.0772683769 -0.9878967404 -0.0449146517 0.9954551458 -0.0839744955
85.1 -469.9 2393.5 0.9898954630 -0.1296769679 0.0573661849 0.1344978362 0.9868017435 -0.0901810154 -0.0449146517 0.0969854072 0.9942718744
-89.1 -328.5 2831.8 0 0 0 0 0 0 0 0 0
113.2 -376.0 2828.2 0 0 0 0 0 0 0 0 0
-207.2 -812.2 2402.8 0 0 0 0 0 0 0 0 0
134.7 -847.0 2356.5 0 0 0 0 0 0 0 0 0
50.0 11.2 3158.9  0.9955426455 0.0600834042 -0.0726969019 -0.0891667232 0.8507525921 -0.5179472566 0.0307270437 0.5221207142 0.8523179293
37.4 -167.2 3049.4 0.9955426455 0.0600834042 -0.0726969019 -0.0891667232 0.8507525921 -0.5179472566 0.0307270437 0.5221207142 0.8523179293
25.0 -331.4 2938.3 0.9951943159 0.0623895228 -0.0754705966 -0.0939352065 0.8259115815 -0.5559192896 0.0276484992 0.5603370667 0.8278030753
-107.5 -153.5 3045.4 0.3844039440 -0.8055906296 -0.4508406818 0.9185534716 0.3825232685 0.0996769071 0.0921582654 -0.4524374604 0.8870215416
-209.0 -396.3 3021.1 -0.5700426698 -0.8055906296 -0.1614778340 -0.2922996581 0.3825232685 -0.8764912486 0.7678621411 -0.4524374604 -0.4535284340
182.2 -180.9 3053.4 0.2481095940 0.8918187022 0.3782869875 -0.9666255116 0.2021761090 0.1573530883 0.0638498291 -0.4047026634 0.9122164845
233.5 -380.9 3066.7 -0.4153269827 0.8918187022 0.1793401986 0.0112667447 0.2021761090 -0.9792843461 -0.9096024036 -0.4047026634 -0.0940170884
-88.6 -489.8 2835.2 0.9763082266 0.1745264530 -0.1279168427 -0.1190139502 -0.0606016666 -0.9910414219 -0.1807149202 0.9827858210 -0.0383948274
-163.1 -464.0 2415.5 0.9763082266 0.1270265281 0.1751755178 -0.1190139502 0.9913371801 -0.0555546358 -0.1807149202 0.0333901197 0.9829685688
93.8 -502.7 2828.2 0.9916546345 0.0183714069 0.1276069880 0.1286319643 -0.0745611712 -0.9888854623 -0.0086526917 0.9970471859 -0.0763020888
85.7 -470.2 2393.1 0.9916546345 -0.1271698475 0.0211867522 0.1286319643 0.9869963527 -0.0963951424 -0.0086526917 0.0983159840 0.9951176047
-62.4 -321.0 2823.5 0 0 0 0 0 0 0 0 0
126.0 -377.9 2831.1 0 0 0 0 0 0 0 0 0
-208.1 -814.6 2403.7 0 0 0 0 0 0 0 0 0
134.3 -847.4 2355.5 0 0 0 0 0 0 0 0 0
48.5 9.5 3159.3  0.9965175390 0.0832611471 -0.0045200437 -0.0740427598 0.8586529493 -0.5071812272 -0.0383473411 0.5057496428 0.8618275523
31.2 -168.9 3054.3 0.9965175390 0.0832611471 -0.0045200437 -0.0740427598 0.8586529493 -0.5071812272 -0.0383473411 0.5057496428 0.8618275523
14.6 -335.1 2946.9 0.9963678122 0.0847682580 -0.0080966540 -0.0755528435 0.8361604214 -0.5432564020 -0.0392807946 0.5418949127 0.8395277858
-113.7 -157.8 3060.0 0.3693751693 -0.8333428502 -0.4112197161 0.9270272255 0.3612347543 0.1006479710 0.0646725744 -0.4183887243 0.9059626460
-211.0 -402.1 3043.0 -0.5281239152 -0.8333428502 -0.1631710231 -0.2968959808 0.3612347543 -0.8839469552 0.7955739498 -0.4183887243 -0.4381928742
176.2 -180.0 3048.5 0.2706791461 0.8579154015 0.4367080629 -0.9607130289 0.2118266672 0.1793318093 0.0613451116 -0.4680925012 0.8815476298
232.2 -378.8 3061.2 -0.4767733812 0.8579154015 0.1914896518 -0.0113309231 0.2118266672 -0.9772415757 -0.8789532185 -0.4680925012 -0.0912723392
-82.8 -488.9 2830.0 0.9739229679 0.1855141222 -0.1306084394 -0.1220621616 -0.0568156205 -0.9908949733 -0.1912456006 0.9809976816 -0.0326897837
-161.6 -464.8 2413.2 0.9739229679 0.1303168833 0.1857190430 -0.1220621616 0.9909829497 -0.0552591272 -0.1912456006 0.0311488640 0.9810478687
103.6 -504.2 2829.7 0.9921802878 0.0393159129 0.1184589565 0.1211913899 -0.0764981806 -0.9896770716 -0.0298481602 0.9962942600 -0.0806647390
86.3 -470.6 2392.0 0.9921802878 -0.1179708838 0.0407570265 0.1211913899 0.9886710048 -0.0885568410 -0.0298481602 0.0928037465 0.9952369332
-74.6 -325.4 2837.5 0 0 0 0 0 0 0 0 0
108.8 -381.7 2833.8 0 0 0 0 0 0 0 0 0
-207.3 -812.5 2402.3 0 0 0 0 0 0 0 0 0
131.4 -848.3 2356.5 0 0 0 0 0 0 0 0 0
50.1 7.6 3160.1  0.9946715832 0.0984505937 0.0305922981 -0.0697626248 0.8612471819 -0.5033750534 -0.0759051070 0.4985586703 0.8635262847
29.8 -170.2 3057.1 0.9946715832 0.0984505937 0.0305922981 -0.0697626248 0.8612471819 -0.5033750534 -0.0759051070 0.4985586703 0.8635262847
9.0 -336.9 2951.1 0.9941349626 0.1049096584 0.0262620952 -0.0742486641 0.8386594057 -0.5395715833 -0.0786312297 0.5344570875 0.8415300250
-115.0 -159.4 3068.6 0.3692003489 -0.8458315730 -0.3850454688 0.9278951883 0.3586675823 0.1018239632 0.0519774035 -0.3948752582 0.9172632694
-212.2 -403.6 3054.9 -0.5046156049 -0.8458315730 -0.1730086654 -0.2978877425 0.3586675823 -0.8846583962 0.8103246093 -0.3948752582 -0.4329521358
174.6 -181.1 3045.6 0.2746619880 0.8382363319 0.4710845947 -0.9599514008 0.2108861208 0.1844461709 0.0552642718 -0.5028786659 0.8625885248
231.4 -379.8 3057.0 -0.5115168691 0.8382363319 0.1889719367 -0.0154959876 0.2108861208 -0.9773877859 -0.8591334820 -0.5028786659 -0.0948825106
-95.3 -495.3 2845.7 0.9798732996 0.1548719108 -0.1259482801 -0.1162627116 -0.0701180622 -0.9907403588 -0.1622691005 0.9854431152 -0.0507009849
-163.6 -464.5 2411.5 0.9798732996 0.1222422346 0.1578135490 -0.1162627116 0.9921239018 -0.0466164723 -0.1622691005 0.0273304060 0.9863680005
88.9 -508.3 2835.8 0.9910283685 0.0106046079 0.1332301944 0.1336476952 -0.0862152576 -0.9872716069 0.0010168471 0.9962201118 -0.0868590474
84.2 -469.9 2391.9 0.9910283685 -0.1332029849 0.0109411133 0.1336476952 0.9870506525 -0.0887088329 0.0010168471 0.0893752277 0.9959974885
-81.6 -326.5 2845.1 0 0 0 0 0 0 0 0 0
98.9 -383.8 2834.4 0 0 0 0 0 0 0 0 0
-206.1 -809.4 2402.0 0 0 0 0 0 0 0 0 0
135.1 -847.0 2357.7 0 0 0 0 0 0 0 0 0
50.2 7.0 3159.4  0.9937723279 0.1028166935 0.0429563522 -0.0679495558 0.8646939993 -0.4976817369 -0.0883140936 0.4916634858 0.8662953377
28.9 -171.8 3057.7 0.9937723279 0.1028166935 0.0429563522 -0.0679495558 0.8646939993 -0.4976817369 -0.0883140936 0.4916634858 0.8662953377
7.0 -339.0 2952.7 0.9931430817 0.1104810610 0.0382205322 -0.0729828626 0.8413372636 -0.5355605483 -0.0913256481 0.5290987492 0.8436315060
-115.9 -161.1 3071.1 0.3679343164 -0.8494569659 -0.3782157898 0.9287227392 0.3557527363 0.1044702753 0.0458083078 -0.3896958232 0.9198036790
-212.8 -405.5 3059.0 -0.4980558753 -0.8494569659 -0.1742504090 -0.2966932058 0.3557527363 -0.8862353563 0.8148089051 -0.3896958232 -0.4292128384
173.8 -182.5 3044.4 0.2771987617 0.8312278986 0.4818931520 -0.9591492414 0.2098983824 0.1896718740 0.0565119572 -0.5147842765 0.8554551601
231.2 -381.0 3056.1 -0.5227186084 0.8312278986 0.1892760247 -0.0201767292 0.2098983824 -0.9775149822 -0.8522664905 -0.5147842765 -0.0929463357
-103.7 -497.3 2853.7 0.9826518297 0.1281455904 -0.1340673417 -0.1250456423 -0.0760636628 -0.9892309904 -0.1369632334 0.9888342023 -0.0587200485
-160.0 -463.9 2419.6 0.9826518297 0.1336090416 0.1286233515 -0.1250456423 0.9894961715 -0.0725318938 -0.1369632334 0.0551898070 0.9890375137
79.2 -510.4 2837.9 0.9910582304 -0.0129989963 0.1327954680 0.1309832335 -0.0949466154 -0.9868274927 0.0254362468 0.9953975081 -0.0923949704
85.0 -468.3 2395.7 0.9910582304 -0.1329441071 -0.0113787362 0.1309832335 0.9855963588 -0.1069728285 0.0254362468 0.1045258716 0.9941968322
-83.6 -328.5 2847.6 0 0 0 0 0 0 0 0 0
95.5 -386.2 2835.0 0 0 0 0 0 0 0 0 0
-206.8 -810.5 2400.3 0 0 0 0 0 0 0 0 0
135.8 -844.8 2355.7 0 0 0 0 0 0 0 0 0
48.5 9.1 3159.1  0.9972409010 0.0733894706 0.0111612100 -0.0579032637 0.8631071448 -0.5016904473 -0.0464521162 0.4996599555 0.8649752140
33.1 -171.2 3054.8 0.9972409010 0.0733894706 0.0111612100 -0.0579032637 0.8631071448 -0.5016904473 -0.0464521162 0.4996599555 0.8649752140
15.6 -337.9 2948.2 0.9960348606 0.0886437148 0.0075387284 -0.0705712587 0.8388682008 -0.5397405028 -0.0541686043 0.5370683670 0.8417976499
-112.2 -160.8 3062.7 0.3634103835 -0.8338801861 -0.4154235423 0.9293105602 0.3559111357 0.0985351950 0.0656873211 -0.4218661785 0.9042754769
-207.8 -405.3 3045.4 -0.5299891233 -0.8338801861 -0.1541277021 -0.3028873205 0.3559111357 -0.8840737939 0.7920674086 -0.4218661785 -0.4412007928
178.4 -181.5 3046.8 0.2769041955 0.8496530056 0.4487915635 -0.9588722587 0.2140225023 0.1864359826 0.0623543933 -0.4819586873 0.8739724159
235.7 -380.0 3059.8 -0.4901324511 0.8496530056 0.1945764273 -0.0167202633 0.2140225023 -0.9766856432 -0.8714876175 -0.4819586873 -0.0906929523
-106.4 -499.7 2856.7 0.9829024076 0.1178417653 -0.1414787024 -0.1326290667 -0.0798651800 -0.9879428744 -0.1277201474 0.9898155928 -0.0628704354
-158.6 -464.3 2417.8 0.9829024076 0.1397099346 0.1199334785 -0.1326290667 0.9890216589 -0.0651588663 -0.1277201474 0.0481381416 0.9906413555
76.1 -512.9 2839.3 0.9923641086 -0.0242438391 0.1209369972 0.1181717217 -0.0940571055 -0.9885285497 0.0353407115 0.9952715635 -0.0904739574
87.0 -470.6 2391.3 0.9923641086 -0.1210470200 -0.0236884039 0.1181717217 0.9880863428 -0.0985940993 0.0353407115 0.0950419456 0.9948457479
-70.3 -326.7 2839.9 0 0 0 0 0 0 0 0 0
108.6 -384.3 2833.6 0 0 0 0 0 0 0 0 0
-207.9 -813.0 2400.8 0 0 0 0 0 0 0 0 0
133.3 -848.1 2355.0 0 0 0 0 0 0 0 0 0
49.7 7.6 3159.9  0.9944071174 0.0912765041 0.0531321615 -0.0527464300 0.8650532365 -0.4988995194 -0.0914999545 0.4933066964 0.8650296330
30.9 -171.1 3058.0 0.9944071174 0.0912765041 0.0531321615 -0.0527464300 0.8650532365 -0.4988995194 -0.0914999545 0.4933066964 0.8650296330
11.5 -338.4 2952.8 0.9939827323 0.0979763046 0.0489798188 -0.0565750711 0.8420938253 -0.5363555551 -0.0937957391 0.5303571224 0.8425697088
-114.1 -162.8 3071.7 0.3521471620 -0.8545908332 -0.3816632926 0.9346575141 0.3424744010 0.0955331773 0.0490681306 -0.3903661966 0.9193511605
-206.7 -408.6 3058.8 -0.4946033955 -0.8545908332 -0.1582465768 -0.3077197969 0.3424744010 -0.8877047896 0.8128197789 -0.3903661966 -0.4323635399
175.9 -179.4 3044.3 0.2929040790 0.8264964819 0.4807397723 -0.9546097517 0.2243310511 0.1959485412 0.0541059226 -0.5163130164 0.8546890616
236.5 -376.9 3055.5 -0.5242881179 0.8264964819 0.2050011754 -0.0272547305 0.2243310511 -0.9741318226 -0.8511046767 -0.5163130164 -0.0950881764
-93.5 -498.2 2846.9 0.9784511924 0.1412468106 -0.1506075114 -0.1410050839 -0.0757475570 -0.9871068001 -0.1508338302 0.9870722890 -0.0541987680
-155.7 -464.8 2412.0 0.9784511924 0.1476795524 0.1443053335 -0.1410050839 0.9884524941 -0.0554908663 -0.1508338302 0.0339473188 0.9879760742
89.2 -511.1 2836.6 0.9922525883 0.0043923501 0.1241590157 0.1240568981 -0.0887748897 -0.9882959723 0.0066812607 0.9960420132 -0.0886320174
87.3 -471.5 2392.5 0.9922525883 -0.1241022125 0.0057787970 0.1240568981 0.9872428179 -0.0998075381 0.0066812607 0.0997511894 0.9949899912
-78.4 -328.7 2848.0 0 0 0 0 0 0 0 0 0
100.4 -384.0 2834.7 0 0 0 0 0 0 0 0 0
-207.7 -813.2 2400.1 0 0 0 0 0 0 0 0 0
134.7 -848.7 2354.4 0 0 0 0 0 0 0 0 0
50.0 5.3 3159.8  0.9960432053 0.0881197229 -0.0115262708 -0.0810697526 0.8478051424 -0.5240745544 -0.0364092737 0.5229353309 0.8515943885
31.7 -171.6 3050.7 0.9960432053 0.0881197229 -0.0115262708 -0.0810697526 0.8478051424 -0.5240745544 -0.0364092737 0.5229353309 0.8515943885
10.7 -335.4 2940.4 0.9941663146 0.1067538857 -0.0153913368 -0.0971773714 0.8246418238 -0.5572453737 -0.0467957705 0.5554903150 0.8302052021
-113.2 -157.3 3057.7 0.3875180185 -0.8186249733 -0.4238902032 0.9173930287 0.3876748979 0.0899901614 0.0906634033 -0.4237467051 0.9012318850
-214.9 -398.2 3033.8 -0.5475157499 -0.8186249733 -0.1734348536 -0.3039757311 0.3876748979 -0.8702338338 0.7796314955 -0.4237467051 -0.4611002505
176.5 -185.9 3043.8 0.2499840707 0.8598293662 0.4451982081 -0.9672804475 0.2011985928 0.1545564234 0.0433188975 -0.4692681432 0.8819925785
228.2 -385.9 3052.8 -0.4816317260 0.8598293662 0.1694826335 0.0145296240 0.2011985928 -0.9794427156 -0.8762532473 -0.4692681432 -0.1093966216
-99.0 -499.1 2852.7 0.9802631736 0.1284918785 -0.1502464116 -0.1421460360 -0.0700967535 -0.9873605967 -0.1373995990 0.9892301559 -0.0504486561
-156.0 -468.0 2414.3 0.9802631736 0.1489120424 0.1300359666 -0.1421460360 0.9880315661 -0.0599009059 -0.1373995990 0.0402345546 0.9896982312
83.1 -511.0 2838.9 0.9916172028 -0.0064466982 0.1290494949 0.1280469894 -0.0846964344 -0.9881449938 0.0173003040 0.9963859320 -0.0831609592
86.0 -472.7 2388.7 0.9916172028 -0.1290233284 -0.0069506960 0.1280469894 0.9884682298 -0.0808362514 0.0173003040 0.0792685971 0.9967031479
-73.0 -319.4 2831.8 0 0 0 0 0 0 0 0 0
103.4 -382.1 2825.7 0 0 0 0 0 0 0 0 0
-207.7 -811.7 2400.3 0 0 0 0 0 0 0 0 0
135.3 -850.3 2358.4 0 0 0 0 0 0 0 0 0
49.2 5.2 3159.3  0.9930033684 0.0483682826 -0.1077256799 -0.0981223732 0.8455229402 -0.5248456597 0.0656986535 0.5317438245 0.8443531394
39.1 -171.3 3048.4 0.9930033684 0.0483682826 -0.1077256799 -0.0981223732 0.8455229402 -0.5248456597 0.0656986535 0.5317438245 0.8443531394
27.0 -335.0 2936.8 0.9920553565 0.0614669062 -0.1097631752 -0.1125291586 0.8236581683 -0.5558096766 0.0562434308 0.5637455583 0.8240313530
-104.9 -154.8 3040.2 0.3889069259 -0.7645628452 -0.5139991045 0.9119884968 0.3985234797 0.0972421914 0.1304929554 -0.5065794587 0.8522610068
-207.0 -394.3 3006.0 -0.6299928427 -0.7645628452 -0.1362082958 -0.2959634066 0.3985234797 -0.8680925369 0.7179934978 -0.5065794587 -0.4773495495
183.0 -187.7 3056.5 0.2278040946 0.9068924189 0.3544734716 -0.9713103771 0.1861239970 0.1480337679 0.0682746843 -0.3780264556 0.9232738018
230.1 -388.6 3070.6 -0.3882461190 0.9068924189 0.1637409329 0.0204757154 0.1861239970 -0.9823128581 -0.9213282466 -0.3780264556 -0.0908311903
-98.9 -489.7 2832.4 0.9798147678 0.1338785887 -0.1484571546 -0.1418398917 -0.0577330403 -0.9882045984 -0.1408703178 0.9893146157 -0.0375783630
-155.3 -465.4 2415.7 0.9798147678 0.1488873959 0.1333999485 -0.1418398917 0.9880136251 -0.0609141886 -0.1408703178 0.0407631919 0.9891884923
83.7 -508.4 2827.1 0.9942617416 -0.0151782576 0.1058922112 0.1042638198 -0.0839275867 -0.9910021424 0.0239289626 0.9963562489 -0.0818634480
90.4 -471.6 2390.4 0.9942617416 -0.1061846986 -0.0129749430 0.1042638198 0.9890445471 -0.1044987291 0.0239289626 0.1025462747 0.9944403768
-44.4 -317.9 2820.6 0 0 0 0 0 0 0 0 0
129.9 -383.3 2832.8 0 0 0 0 0 0 0 0 0
-207.6 -812.8 2401.4 0 0 0 0 0 0 0 0 0
130.9 -849.3 2351.3 0 0 0 0 0 0 0 0 0
48.9 6.3 3159.5  0.9896893501 0.0717071667 -0.1239881665 -0.1269296557 0.8401643634 -0.5272690654 0.0663614646 0.5375703573 0.8406035304
34.0 -167.7 3048.2 0.9896893501 0.0717071667 -0.1239881665 -0.1269296557 0.8401643634 -0.5272690654 0.0663614646 0.5375703573 0.8406035304
18.5 -330.1 2935.1 0.9888011813 0.0785368532 -0.1269024760 -0.1367294341 0.8175269365 -0.5594235659 0.0598108247 0.5705099702 0.8191099167
-109.9 -147.7 3039.5 0.4111523032 -0.7521576881 -0.5149879456 0.9008605480 0.4215991497 0.1034623161 0.1392984986 -0.5064710975 0.8509306312
-217.9 -384.3 3002.9 -0.6403256655 -0.7521576881 -0.1556978673 -0.2859967351 0.4215991497 -0.8604998589 0.7128736973 -0.5064710975 -0.4850753844
177.9 -187.6 3056.9 0.2046935260 0.9128360152 0.3533143401 -0.9768314958 0.1674730182 0.1332402825 0.0624559037 -0.3724020123 0.9259676337
220.3 -389.7 3069.8 -0.3833581209 0.9128360152 0.1405952126 0.0374741741 0.1674730182 -0.9851641655 -0.9228392243 -0.3724020123 -0.0984099135
-75.3 -487.8 2819.4 0.9705191255 0.1968565136 -0.1390689611 -0.1318448037 -0.0494051278 -0.9900384545 -0.2017662376 0.9791867137 -0.0219941139
-157.3 -467.2 2411.5 0.9705191255 0.1398230344 0.1963216364 -0.1318448037 0.9898416400 -0.0532023087 -0.2017662376 0.0257498734 0.9790951610
106.6 -509.1 2831.0 0.9935727119 0.0358741656 0.1073609293 0.1100124940 -0.0826764330 -0.9904856682 -0.0266566277 0.9959305525 -0.0860916525
90.7 -472.4 2388.7 0.9935727119 -0.1067353711 0.0376946367 0.1100124940 0.9889365435 -0.0995075703 -0.0266566277 0.1030148864 0.9943225384
-52.1 -310.3 2818.3 0 0 0 0 0 0 0 0 0
121.0 -380.0 2830.8 0 0 0 0 0 0 0 0 0
-206.4 -814.9 2402.5 0 0 0 0 0 0 0 0 0
131.4 -850.2 2349.3 0 0 0 0 0 0 0 0 0
48.5 6.3 3159.1  0.9954158664 0.0872950330 -0.0390754230 -0.0948181450 0.8472279310 -0.5226991177 -0.0125232488 0.5240080357 0.8516212106
30.5 -168.6 3050.9 0.9954158664 0.0872950330 -0.0390754230 -0.0948181450 0.8472279310 -0.5226991177 -0.0125232488 0.5240080357 0.8516212106
13.2 -332.5 2940.1 0.9952263832 0.0877542868 -0.0427033566 -0.0966273174 0.8246365190 -0.5573488474 -0.0136950016 0.5588145852 0.8291795254
-114.1 -154.5 3053.0 0.3829784691 -0.8042991161 -0.4543461502 0.9178382754 0.3869053423 0.0887532160 0.1044048220 -0.4510068595 0.8863929510
-214.7 -395.5 3025.6 -0.5732038021 -0.8042991161 -0.1566535532 -0.3050727844 0.3869053423 -0.8701924086 0.7605050802 -0.4510068595 -0.4671453536
175.1 -182.8 3048.9 0.2480743527 0.8748304248 0.4160898924 -0.9674071074 0.2011853904 0.1537787765 0.0508191474 -0.4406768978 0.8962261081
226.4 -382.8 3059.4 -0.4523250759 0.8748304248 0.1734177470 0.0135910036 0.2011853904 -0.9794588685 -0.8917495608 -0.4406768978 -0.1028910205
-87.3 -479.7 2816.1 0.9763246179 0.1700135171 -0.1337372810 -0.1319134086 -0.0220307838 -0.9910163879 -0.1714325249 0.9851954579 0.0009178658
-156.4 -470.7 2415.9 0.9763246179 0.1411120147 0.1639440656 -0.1319134086 0.9890778065 -0.0657569617 -0.1714325249 0.0425737202 0.9842755795
94.0 -505.1 2827.7 0.9925816059 0.0154760247 0.1205913052 0.1214229688 -0.0757387057 -0.9897071123 -0.0061833016 0.9970076084 -0.0770559907
87.2 -472.0 2392.6 0.9925816059 -0.1199549362 0.0198137313 0.1214229688 0.9863329530 -0.1113721207 -0.0061833016 0.1129517555 0.9935812354
-66.5 -316.6 2829.0 0 0 0 0 0 0 0 0 0
109.4 -379.2 2828.8 0 0 0 0 0 0 0 0 0
-205.0 -811.4 2401.3 0 0 0 0 0 0 0 0 0
133.1 -848.9 2349.4 0 0 0 0 0 0 0 0 0
47.8 4.3 3159.5  0.9950714111 0.0969979763 0.0205977708 -0.0714655742 0.8455100656 -0.5291553140 -0.0687426254 0.5250753164 0.8482749462
27.8 -169.4 3051.6 0.9950714111 0.0969979763 0.0205977708 -0.0714655742 0.8455100656 -0.5291553140 -0.0687426254 0.5250753164 0.8482749462
7.9 -332.6 2940.2 0.9948016405 0.1005228013 0.0162762050 -0.0737424269 0.8213589787 -0.5656248331 -0.0702268034 0.5614842772 0.8245020509
-116.8 -158.6 3061.9 0.3681405783 -0.8367223144 -0.4054236114 0.9252042770 0.3728321791 0.0706625134 0.0920300707 -0.4011134207 0.9113937020
-213.6 -401.7 3037.7 -0.5227127075 -0.8367223144 -0.1633009911 -0.3253185749 0.3728321791 -0.8690017462 0.7879969478 -0.4011134207 -0.4670854211
172.5 -180.1 3041.3 0.2719027996 0.8439500928 0.4624035954 -0.9619368315 0.2247184962 0.1554964930 0.0273206420 -0.4870829582 0.8729282618
228.7 -379.0 3047.0 -0.5020998120 0.8439500928 0.1887961179 0.0113448333 0.2247184962 -0.9743576646 -0.8647352457 -0.4870829582 -0.1224055886
-94.8 -487.4 2830.3 0.9788547158 0.1453127563 -0.1439711750 -0.1394467354 -0.0409096628 -0.9893841743 -0.1496599466 0.9885396361 -0.0197812244
-156.6 -470.0 2410.3 0.9788547158 0.1440495253 0.1452350914 -0.1394467354 0.9893619418 -0.0414432697 -0.1496599466 0.0203143805 0.9885288477
87.0 -505.3 2828.1 0.9927529097 -0.0027532005 0.1201418936 0.1196140498 -0.0737105086 -0.9900804162 0.0115816100 0.9972758889 -0.0728470013
88.3 -472.9 2389.9 0.9927529097 -0.1201619059 -0.0016645901 0.1196140498 0.9893719554 -0.0826777071 0.0115816100 0.0818794295 0.9965749383
-78.3 -317.5 2833.8 0 0 0 0 0 0 0 0 0
98.8 -376.0 2823.2 0 0 0 0 0 0 0 0 0
-206.8 -814.9 2403.3 0 0 0 0 0 0 0 0 0
134.1 -850.8 2358.7 0 0 0 0 0 0 0 0 0
47.7 1.7 3159.6  0.9948372841 0.0964210927 0.0316501521 -0.0644458979 0.8411710262 -0.5369153023 -0.0783931538 0.5321035981 0.8430422544
27.9 -170.9 3050.4 0.9948372841 0.0964210927 0.0316501521 -0.0644458979 0.8411710262 -0.5369153023 -0.0783931538 0.5321035981 0.8430422544
7.5 -333.3 2937.8 0.9943053126 0.1029889211 0.0273911972 -0.0688700676 0.8171243072 -0.5723327994 -0.0813259482 0.5671870708 0.8195638657
-117.0 -160.9 3062.3 0.3658085465 -0.8423752785 -0.3957119584 0.9258024693 0.3728753328 0.0620791763 0.0952572674 -0.3890601993 0.9162740707
-213.1 -404.3 3037.2 -0.5130629539 -0.8423752785 -0.1648340672 -0.3340975046 0.3728753328 -0.8656458855 0.7906612754 -0.3890601993 -0.4727439880
172.9 -181.0 3038.5 0.2766689658 0.8378131986 0.4706625938 -0.9608101249 0.2323722839 0.1511523724 0.0172685198 -0.4940365553 0.8692696095
230.1 -379.7 3042.1 -0.5113595128 0.8378131986 0.1912600696 0.0169905033 0.2323722839 -0.9724785089 -0.8591988683 -0.4940365553 -0.1330606490
-102.8 -489.0 2835.1 0.9812133908 0.1265963465 -0.1455803663 -0.1407307982 -0.0464910232 -0.9889557362 -0.1319663525 0.9908642173 -0.0278016105
-157.3 -469.0 2408.8 0.9812133908 0.1436203420 0.1288156509 -0.1407307982 0.9895527363 -0.0313080698 -0.1319663525 0.0125915688 0.9911742210
79.0 -502.6 2822.4 0.9930213690 -0.0212395079 0.1160059795 0.1143182367 -0.0683569759 -0.9910896420 0.0289800745 0.9974347949 -0.0654518753
88.2 -473.0 2389.8 0.9930213690 -0.1163190529 -0.0194520354 0.1143182367 0.9899204969 -0.0835985616 0.0289800745 0.0807914361 0.9963096380
-80.1 -317.6 2832.3 0 0 0 0 0 0 0 0 0
97.5 -375.3 2819.3 0 0 0 0 0 0 0 0 0
-207.1 -812.0 2404.4 0 0 0 0 0 0 0 0 0
132.6 -851.2 2358.9 0 0 0 0 0 0 0 0 0
47.8 3.9 3160.2  0.9942625165 0.0943381265 0.0504222773 -0.0536473058 0.8475844860 -0.5279417634 -0.0925421789 0.5222076774 0.8477824330
28.4 -170.8 3052.5 0.9942625165 0.0943381265 0.0504222773 -0.0536473058 0.8475844860 -0.5279417634 -0.0925421789 0.5222076774 0.8477824330
8.6 -334.1 2941.1 0.9939810038 0.0994823426 0.0458800085 -0.0560715348 0.8217632174 -0.5670636892 -0.0941153243 0.5610779524 0.8223951459
-116.7 -162.6 3066.3 0.3474742174 -0.9315968156 -0.1067194939 0.8728466630 0.2797569036 0.3998433650 -0.3426373005 -0.2320850194 0.9103494883
-216.8 -414.2 3165.1 -0.3126291335 -0.9315968156 -0.1854465306 -0.2909180820 0.2797569036 -0.9149332047 0.9042288065 -0.2320850194 -0.3584785163
173.4 -179.0 3038.8 0.2900201678 0.8280557394 0.4798040986 -0.9568233490 0.2407094091 0.1629358232 0.0194265861 -0.5063424110 0.8621136546
233.4 -377.0 3042.8 -0.5228132010 0.8280557394 0.2024599016 0.0053878096 0.2407094091 -0.9705822468 -0.8524302244 -0.5063424110 -0.1303074658
-103.9 -489.4 2832.6 0.9812045097 0.1236729100 -0.1481306404 -0.1423331797 -0.0545146316 -0.9883164763 -0.1303032637 0.9908244610 -0.0358872451
-156.5 -466.2 2411.1 0.9812045097 0.1461654156 0.1259894818 -0.1423331797 0.9890521765 -0.0389496908 -0.1303032637 0.0202851277 0.9912666678
78.1 -502.0 2817.7 0.9942594767 -0.0317615643 0.1021728367 0.0999182984 -0.0659132153 -0.9928100705 0.0382677391 0.9973197579 -0.0623612776
91.8 -473.7 2388.7 0.9942594767 -0.1025894731 -0.0303889196 0.0999182984 0.9918371439 -0.0792174935 0.0382677391 0.0757263303 0.9963940382
-138.1 -341.0 2937.4 0 0 0 0 0 0 0 0 0
97.7 -375.6 2821.5 0 0 0 0 0 0 0 0 0
-207.6 -811.7 2404.0 0 0 0 0 0 0 0 0 0
131.0 -852.6 2359.8 0 0 0 0 0 0 0 0 0
46.7 6.1 3160.0  0.9944274426 0.0970776230 0.0411099866 -0.0612518005 0.8494116068 -0.5241642594 -0.0858039185 0.5187252760 0.8506243229
26.6 -169.3 3052.8 0.9944274426 0.0970776230 0.0411099866 -0.0612518005 0.8494116068 -0.5241642594 -0.0858039185 0.5187252760 0.8506243229
6.4 -332.6 2941.3 0.9941757321 0.1015683264 0.0360346027 -0.0633687824 0.8213782907 -0.5668528080 -0.0871723294 0.5612677932 0.8230306506
-118.5 -160.1 3065.6 0.3408429027 -0.9385009408 0.0551550798 0.7980720401 0.3198534250 0.5106611848 -0.4968975484 -0.1300375015 0.8580111265
-227.3 -414.8 3224.2 -0.2197650373 -0.9385009408 -0.2663067579 -0.2628826201 0.3198534250 -0.9102672935 0.9394658208 -0.1300375015 -0.3170081675
171.7 -178.6 3040.1 0.2830007076 0.8333091736 0.4748751819 -0.9588615894 0.2343269885 0.1602351516 0.0222493429 -0.5006862283 0.8653428555
