51.2 2.7 3159.3 11 0.9934085608 0.0954282433 -0.0635047033 -0.1145267785 0.8494842649 -0.5150340796 0.0047974484 0.5189122558 0.8548140526
31.1 -175.8 3050.3 0.9934085608 0.0954282433 -0.0635047033 -0.1145267785 0.8494842649 -0.5150340796 0.0047974484 0.5189122558 0.8548140526
12.6 -339.3 2938.9 0.9932780862 0.0935294032 -0.0681975037 -0.1156815961 0.8227119446 -0.5565633774 0.0040518590 0.5607113838 0.8280013800
-113.8 -158.9 3049.7 0.0790570825 -0.9657287002 0.2472206652 0.5538122058 0.2487532645 0.7946155667 -0.8288800120 0.0740938336 0.5544980168
-143.1 -364.3 3357.0 0.0748653933 -0.9628271461 -0.2595362365 -0.2924859822 0.2276175618 -0.9287853241 0.9533347487 0.1454445869 -0.2645727694
176.0 -192.7 3050.9 0.4469082057 0.6004916430 0.6630858183 -0.8540392518 0.5070040822 0.1164637059 -0.2662517726 -0.6183499098 0.7394277453
280.0 -391.3 2989.0 -0.7401592135 0.6004916430 0.3026121557 0.0597778447 0.5070040822 -0.8598682880 -0.6697692871 -0.6183499098 -0.4111598730
-98.5 -493.8 2829.4 0.9802421927 0.1456931382 -0.1337862015 -0.1262799054 -0.0596471094 -0.9901998043 -0.1522452831 0.9875301123 -0.0400705002
-161.0 -468.1 2405.2 0.9802421927 0.1308861375 0.1483039409 -0.1262799054 0.9911837578 -0.0401022546 -0.1522452831 0.0205821153 0.9881284237
83.4 -513.8 2827.7 0.9909023046 0.0097795427 0.1342271417 0.1345629990 -0.0891569778 -0.9868859053 0.0023159934 0.9959695935 -0.0896618217
79.0 -474.1 2383.3 0.9909023046 -0.1343372762 0.0081278533 0.1345629990 0.9879078865 -0.0770118609 0.0023159934 0.0774049386 0.9969970584
-162.9 -287.0 3105.2 0 0 0 0 0 0 0 0 0
72.6 -374.6 2801.4 0 0 0 0 0 0 0 0 0
-207.2 -818.0 2397.9 0 0 0 0 0 0 0 0 0
130.3 -851.5 2353.7 0 0 0 0 0 0 0 0 0
52.7 0.2 3159.0 12 0.9935770035 0.1015745997 -0.0498731062 -0.1127395779 0.8507066369 -0.5134082437 -0.0097218547 0.5157333016 0.8566940427
31.4 -178.1 3050.9 0.9935770035 0.1015745997 -0.0498731062 -0.1127395779 0.8507066369 -0.5134082437 -0.0097218547 0.5157333016 0.8566940427
12.3 -341.5 2939.5 0.9938105345 0.0964161083 -0.0551779121 -0.1107665524 0.8222575188 -0.5582323074 -0.0084521333 0.5608890057 0.8278478980
-113.6 -161.9 3052.1 0.0660392046 -0.9659509063 0.2501552403 0.5555363894 0.2438465357 0.7949328423 -0.8288655877 0.0864735991 0.5527243018
-138.1 -367.9 3359.5 0.0881238356 -0.9620605707 -0.2582124770 -0.2936524749 0.2226101309 -0.9296305180 0.9518415928 0.1577473581 -0.2628942132
176.5 -194.2 3049.7 0.4472490847 0.6146382093 0.6497600675 -0.8558157086 0.5051861405 0.1112043187 -0.2598993480 -0.6058108807 0.7519611120
279.7 -391.8 2989.7 -0.7255199552 0.6146382093 0.3095814586 0.0606393106 0.5051861405 -0.8608773947 -0.6855244040 -0.6058108807 -0.4037938416
-97.0 -492.2 2827.1 0.9800809026 0.1436406672 -0.1371449977 -0.1295855790 -0.0607674159 -0.9897044301 -0.1504957527 0.9877624512 -0.0409432277
-158.2 -466.3 2406.1 0.9800809026 0.1357406080 0.1449685544 -0.1295855790 0.9902489781 -0.0511327796 -0.1504957527 0.0313284285 0.9881141186
85.0 -513.4 2827.9 0.9925436378 0.0095176985 0.1215178445 0.1218846813 -0.0868179277 -0.9887399673 0.0011393988 0.9961787462 -0.0873306468
80.7 -474.4 2381.2 0.9925436378 -0.1217465028 0.0059128134 0.1218846813 0.9908783436 -0.0574823692 0.0011393988 0.0577744395 0.9983289838
-161.4 -290.3 3108.1 0 0 0 0 0 0 0 0 0
76.5 -374.8 2797.7 0 0 0 0 0 0 0 0 0
-205.8 -814.0 2395.1 0 0 0 0 0 0 0 0 0
127.2 -853.0 2359.1 0 0 0 0 0 0 0 0 0
51.4 -0.6 3158.9 13 0.9954734445 0.0940598473 -0.0136157591 -0.0877824947 0.8550609946 -0.5110430121 -0.0364263244 0.5099249482 0.8594473004
31.6 -180.5 3051.6 0.9954734445 0.0940598473 -0.0136157591 -0.0877824947 0.8550609946 -0.5110430121 -0.0364263244 0.5099249482 0.8594473004
13.0 -344.5 2941.0 0.9954008460 0.0939283371 -0.0188307613 -0.0884312317 0.8253459334 -0.5576593876 -0.0368381254 0.5567598343 0.8298562765
-113.6 -167.6 3057.0 0.0297163315 -0.9683179259 0.2479461879 0.5552060604 0.2222605944 0.8014652133 -0.8311817646 0.1138446257 0.5442207456
-124.6 -373.5 3365.2 0.1219757870 -0.9619078636 -0.2446531355 -0.2896776497 0.2012608051 -0.9357247949 0.9493201375 0.1850063205 -0.2540942729
176.9 -193.5 3046.3 0.4438453019 0.6156603694 0.6511248946 -0.8578358889 0.5019910336 0.1101024523 -0.2590731680 -0.6074267626 0.7509419322
278.2 -389.2 2987.2 -0.7201144695 0.6156603694 0.3199959993 0.0453836694 0.5019910336 -0.8636812568 -0.6923694611 -0.6074267626 -0.3894319534
-98.0 -494.7 2828.8 0.9804532528 0.1393349022 -0.1389142424 -0.1295862496 -0.0739650577 -0.9888056517 -0.1480499357 0.9874790907 -0.0544633940
-157.2 -463.3 2408.8 0.9804532528 0.1369898468 0.1412273347 -0.1295862496 0.9897271991 -0.0603942387 -0.1480499357 0.0409126058 0.9881332517
84.2 -515.0 2827.3 0.9923806190 0.0072885375 0.1229942888 0.1231622845 -0.0864780098 -0.9886114597 0.0034307700 0.9962270856 -0.0867167786
80.9 -476.5 2383.1 0.9923806190 -0.1231803969 0.0027031898 0.1231622845 0.9911461473 -0.0496022590 0.0034307700 0.0495572537 0.9987654090
-156.8 -297.0 3114.4 0 0 0 0 0 0 0 0 0
76.5 -376.5 2793.2 0 0 0 0 0 0 0 0 0
-205.9 -815.0 2394.3 0 0 0 0 0 0 0 0 0
128.0 -855.2 2364.2 0 0 0 0 0 0 0 0 0
53.1 7.2 3158.8 14 0.9950387478 0.0993805006 0.0046315878 -0.0841695666 0.8657341599 -0.4933759868 -0.0530416742 0.4905383587 0.8698038459
32.2 -175.0 3055.6 0.9950387478 0.0993805006 0.0046315878 -0.0841695666 0.8657341599 -0.4933759868 -0.0530416742 0.4905383587 0.8698038459
12.0 -341.3 2948.8 0.9948561192 0.1012935787 -0.0009315122 -0.0857187286 0.8369162679 -0.5405769348 -0.0539773777 0.5378761888 0.8412940502
-113.0 -162.5 3063.5 0.0117993476 -0.9668329954 0.2551366985 0.5381346941 0.2211929709 0.8133171201 -0.8427762389 0.1277012974 0.5228963494
-117.4 -362.0 3376.0 0.1410824358 -0.9589928985 -0.2458217144 -0.2697142065 0.2016800344 -0.9415834546 0.9525492191 0.1991425008 -0.2302004993
177.4 -187.6 3047.7 0.4481217563 0.6262095571 0.6380035281 -0.8652016521 0.4833976030 0.1332398653 -0.2249733061 -0.6117094159 0.7584185004
280.2 -386.2 2996.1 -0.7092920542 0.6262095571 0.3236763775 0.0274941269 0.4833976030 -0.8749690652 -0.7043783665 -0.6117094159 -0.3600871563
-96.9 -500.4 2833.8 0.9797058702 0.1366492361 -0.1466405392 -0.1362156868 -0.0827971846 -0.9872131944 -0.1470433474 0.9871532917 -0.0625031143
-156.1 -464.5 2405.8 0.9797058702 0.1425191760 0.1409423500 -0.1362156868 0.9892361164 -0.0534531102 -0.1470433474 0.0331697613 0.9885737300
85.5 -516.7 2827.0 0.9904984236 0.0145077463 0.1367568225 0.1375109404 -0.0906785950 -0.9863407612 -0.0019086649 0.9957745075 -0.0918119773
79.1 -476.4 2384.9 0.9904984236 -0.1369947791 0.0120554641 0.1375109404 0.9878069758 -0.0729940757 -0.0019086649 0.0739582703 0.9972594976
-154.7 -290.8 3124.4 0 0 0 0 0 0 0 0 0
81.6 -378.5 2798.8 0 0 0 0 0 0 0 0 0
-206.6 -815.3 2394.0 0 0 0 0 0 0 0 0 0
131.4 -853.7 2356.6 0 0 0 0 0 0 0 0 0
54.9 6.4 3158.8 15 0.9933285713 0.1124585569 -0.0255223233 -0.1102536544 0.8612812757 -0.4960228205 -0.0338001102 0.4955275953 0.8679342866
31.2 -174.8 3054.6 0.9933285713 0.1124585569 -0.0255223233 -0.1102536544 0.8612812757 -0.4960228205 -0.0338001102 0.4955275953 0.8679342866
7.9 -340.5 2947.5 0.9925887585 0.1173907295 -0.0314152539 -0.1157101691 0.8340053558 -0.5394870043 -0.0371302813 0.5391238332 0.8414076567
-113.6 -157.9 3060.0 0.0422279797 -0.9617418647 0.2706832588 0.5367169380 0.2503499389 0.8057666421 -0.8427050114 0.1112543941 0.5267549157
-129.3 -356.9 3372.4 0.1168028042 -0.9556995034 -0.2701768279 -0.2729187608 0.2306789309 -0.9339714050 0.9549201131 0.1828268021 -0.2338843793
176.1 -191.7 3049.2 0.4642476737 0.6319737434 0.6205507517 -0.8597023487 0.4900506735 0.1440907866 -0.2130397260 -0.6003828049 0.7708142400
281.9 -387.6 3000.7 -0.7002413869 0.6319737434 0.3320710063 0.0291278604 0.4900506735 -0.8712071776 -0.7133116722 -0.6003828049 -0.3615618050
-99.2 -499.7 2846.9 0.9811881781 0.1311307102 -0.1416843534 -0.1312021017 -0.0854344070 -0.9876674414 -0.1416182518 0.9876769185 -0.0666226074
-158.0 -461.4 2404.3 0.9811881781 0.1358566731 0.1371593475 -0.1312021017 0.9904456735 -0.0424666293 -0.1416182518 0.0236721598 0.9896382689
83.1 -515.4 2837.0 0.9914005995 0.0076350407 0.1306391656 0.1307698935 -0.0952669457 -0.9868249297 0.0049111452 0.9954224825 -0.0954461321
79.7 -472.5 2388.7 0.9914005995 -0.1306888908 0.0067303451 0.1307698935 0.9874608517 -0.0884321332 0.0049111452 0.0885517895 0.9960594773
-160.1 -284.8 3120.2 0 0 0 0 0 0 0 0 0
85.7 -379.5 2800.8 0 0 0 0 0 0 0 0 0
-206.1 -812.1 2395.9 0 0 0 0 0 0 0 0 0
129.6 -849.8 2354.8 0 0 0 0 0 0 0 0 0
52.9 5.3 3159.8 16 0.9920012355 0.1161685064 0.0493800491 -0.0747498125 0.8558576107 -0.5117813945 -0.1017151698 0.5039966702 0.8576954007
28.6 -173.7 3054.4 0.9920012355 0.1161685064 0.0493800491 -0.0747498125 0.8558576107 -0.5117813945 -0.1017151698 0.5039966702 0.8576954007
5.5 -338.4 2945.8 0.9921914935 0.1168930456 0.0434979312 -0.0733745173 0.8290720582 -0.5543064475 -0.1008574888 0.5467865467 0.8311752081
-116.0 -163.0 3069.1 -0.0326840207 -0.9622687697 0.2701305747 0.5520140529 0.2079320252 0.8074929118 -0.8331940174 0.1755079925 0.5243898034
-103.9 -367.6 3378.0 0.1875545979 -0.9509479403 -0.2460107654 -0.2836937904 0.1873389482 -0.9404370785 0.9403941035 0.2461750358 -0.2346417457
173.3 -184.4 3039.8 0.4668221474 0.6480302811 0.6017755866 -0.8702372909 0.4577027857 0.1821955144 -0.1573661417 -0.6087404490 0.7776058912
282.9 -388.8 3002.8 -0.7017223239 0.6480302811 0.2960448861 0.0481332503 0.4577027857 -0.8878014088 -0.7108227611 -0.6087404490 -0.3523720503
-106.3 -495.5 2843.8 0.9830498695 0.1161790937 -0.1418287754 -0.1335312426 -0.0763716847 -0.9880975485 -0.1256279796 0.9902877212 -0.0595636331
-157.6 -461.8 2407.0 0.9830498695 0.1379378587 0.1207730621 -0.1335312426 0.9900723100 -0.0438887626 -0.1256279796 0.0270178635 0.9917094707
75.6 -516.7 2836.9 0.9930534959 -0.0137661500 0.1168557927 0.1148094088 -0.1040618941 -0.9879220128 0.0257601179 0.9944755435 -0.1017585397
81.8 -469.7 2387.1 0.9930534959 -0.1164627001 -0.0167697072 0.1148094088 0.9902734160 -0.0785961673 0.0257601179 0.0761248767 0.9967654943
-153.5 -292.7 3129.6 0 0 0 0 0 0 0 0 0
86.4 -375.3 2803.7 0 0 0 0 0 0 0 0 0
-206.7 -814.5 2397.3 0 0 0 0 0 0 0 0 0
126.3 -848.0 2358.0 0 0 0 0 0 0 0 0 0
51.4 7.0 3160.3 17 0.9912112951 0.1162002683 0.0632267147 -0.0675042421 0.8553249240 -0.5136754513 -0.1137686074 0.5048928857 0.8556517363
27.0 -172.4 3054.4 0.9912112951 0.1162002683 0.0632267147 -0.0675042421 0.8553249240 -0.5136754513 -0.1137686074 0.5048928857 0.8556517363
3.9 -336.9 2945.3 0.9915423393 0.1164993644 0.0571987368 -0.0651100427 0.8277710676 -0.5572752953 -0.1122696772 0.5488378406 0.8283553123
-117.7 -162.9 3070.7 -0.0463904813 -0.9618429542 0.2696406841 0.5550767183 0.1995996535 0.8074960113 -0.8305045366 0.1871313900 0.5246370435
-100.5 -368.7 3378.6 0.2003386468 -0.9495668411 -0.2412202656 -0.2859707773 0.1788134724 -0.9414066076 0.9370619655 0.2575820982 -0.2357251346
171.7 -181.9 3038.0 0.4589037299 0.6231330037 0.6333345175 -0.8716665506 0.4537985921 0.1851062030 -0.1720605344 -0.6370024085 0.7514140606
282.0 -391.4 2996.7 -0.7381819487 0.6231330037 0.2584428489 0.0721132457 0.4537985921 -0.8881815672 -0.6707362533 -0.6370024085 -0.3799220622
-108.4 -496.4 2846.3 0.9838448763 0.1108514592 -0.1405746043 -0.1330568790 -0.0725606978 -0.9884486794 -0.1197711751 0.9911845922 -0.0566389188
-157.6 -464.2 2406.5 0.9838448763 0.1377066672 0.1143946797 -0.1330568790 0.9899756908 -0.0473704226 -0.1197711751 0.0313841477 0.9923053384
72.9 -509.8 2827.9 0.9937614799 -0.0243495386 0.1088354960 0.1064900756 -0.0827665403 -0.9908630252 0.0331349969 0.9962714314 -0.0796572194
83.7 -473.3 2389.0 0.9937614799 -0.1089895293 -0.0236505158 0.1064900756 0.9903114438 -0.0891243294 0.0331349969 0.0860497877 0.9957396984
-153.4 -293.2 3131.1 0 0 0 0 0 0 0 0 0
75.5 -371.2 2809.1 0 0 0 0 0 0 0 0 0
-206.4 -814.5 2395.4 0 0 0 0 0 0 0 0 0
125.3 -851.7 2356.1 0 0 0 0 0 0 0 0 0
50.0 4.3 3160.5 18 0.9942904115 0.1064464003 0.0074658594 -0.0876585469 0.8546861410 -0.5116908550 -0.0608486198 0.5081148744 0.8591371775
27.7 -174.7 3054.1 0.9942904115 0.1064464003 0.0074658594 -0.0876585469 0.8546861410 -0.5116908550 -0.0608486198 0.5081148744 0.8591371775
6.4 -339.2 2944.8 0.9941747785 0.1077594906 0.0020990775 -0.0885668695 0.8278946877 -0.5538467765 -0.0614200644 0.5504345894 0.8326159716
-117.3 -161.8 3063.1 0.0087501323 -0.9651861787 0.2614173889 0.5513877869 0.2227490097 0.8039616942 -0.8342031837 0.1371075809 0.5341409445
-120.6 -366.2 3372.4 0.1458218843 -0.9569878578 -0.2508191168 -0.2853151858 0.2020761371 -0.9368886948 0.9472756982 0.2081813812 -0.2435760498
172.7 -187.6 3045.2 0.4566096365 0.6081791520 0.6493271589 -0.8626521826 0.4811529219 0.1559585333 -0.2175749242 -0.6313556433 0.7443461418
280.9 -392.2 2993.6 -0.7433137298 0.6081791520 0.2785728276 0.0660753623 0.4811529219 -0.8741429448 -0.6656716466 -0.6313556433 -0.3978332281
-110.1 -495.4 2846.5 0.9838780165 0.1083941832 -0.1422487944 -0.1359425038 -0.0635391474 -0.9886770844 -0.1162052155 0.9920753241 -0.0477793962
-157.6 -467.6 2411.5 0.9838780165 0.1420545131 0.1086486652 -0.1359425038 0.9887892604 -0.0617691129 -0.1162052155 0.0460033044 0.9921593070
71.5 -507.3 2826.0 0.9929366708 -0.0257619433 0.1158149689 0.1138521805 -0.0677702725 -0.9911835790 0.0333836265 0.9973682761 -0.0643585324
82.9 -477.3 2383.4 0.9929366708 -0.1159037128 -0.0253597032 0.1138521805 0.9909422994 -0.0712110400 0.0333836265 0.0678207949 0.9971388578
-159.1 -290.9 3122.2 0 0 0 0 0 0 0 0 0
72.9 -373.7 2807.2 0 0 0 0 0 0 0 0 0
-207.5 -815.1 2395.3 0 0 0 0 0 0 0 0 0
127.2 -855.8 2357.5 0 0 0 0 0 0 0 0 0
49.6 1.4 3160.1 19 0.9936681986 0.1121768132 -0.0063122460 -0.0991038308 0.8486274481 -0.5196247697 -0.0529331081 0.5169602036 0.8543712497
26.2 -176.0 3052.1 0.9936681986 0.1121768132 -0.0063122460 -0.0991038308 0.8486274481 -0.5196247697 -0.0529331081 0.5169602036 0.8543712497
3.4 -339.0 2940.9 0.9933255911 0.1147016659 -0.0121561838 -0.1016243026 0.8204479218 -0.5626168251 -0.0545595698 0.5600970387 0.8266284466
-118.7 -161.1 3060.1 0.0229829848 -0.9631051421 0.2681421638 0.5600252748 0.2345838100 0.7945704460 -0.8281567097 0.1319047809 0.5447546840
-127.2 -368.8 3367.1 0.1343153864 -0.9557597637 -0.2616920173 -0.2973248661 0.2130475938 -0.9307032824 0.9452816248 0.2028153092 -0.2555555701
171.1 -190.8 3044.2 0.4763591588 0.6092908978 0.6339136958 -0.8578263521 0.4802434742 0.1830303967 -0.1929141730 -0.6309760809 0.7514341474
282.6 -391.6 2999.0 -0.7401535511 0.6092908978 0.2844948769 0.0589495115 0.4802434742 -0.8751520514 -0.6698489785 -0.6309760809 -0.3913713098
-106.0 -495.6 2841.1 0.9835884571 0.1229731813 -0.1320279241 -0.1237961799 -0.0723652095 -0.9896655083 -0.1312565506 0.9897680879 -0.0559539683
-159.1 -464.4 2414.1 0.9835884571 0.1327096969 0.1222371086 -0.1237961799 0.9892477989 -0.0778673515 -0.1312565506 0.0614569411 0.9894416332
75.9 -511.8 2829.8 0.9914007187 -0.0122358985 0.1302879602 0.1290714145 -0.0726732314 -0.9889687300 0.0215693675 0.9972807169 -0.0704689845
81.4 -479.2 2381.5 0.9914007187 -0.1302158684 -0.0129805719 0.1290714145 0.9893680811 -0.0670179725 0.0215693675 0.0647662506 0.9976673126
-162.7 -290.3 3117.4 0 0 0 0 0 0 0 0 0
75.4 -375.1 2811.4 0 0 0 0 0 0 0 0 0
-206.3 -816.3 2392.2 0 0 0 0 0 0 0 0 0
131.1 -857.2 2356.8 0 0 0 0 0 0 0 0 0
52.3 7.8 3159.5 20 0.9944250584 0.1025252044 -0.0246454440 -0.1004415527 0.8498477936 -0.5173685551 -0.0320984386 0.5169596672 0.8554077148
30.4 -173.2 3049.4 0.9944250584 0.1025252044 -0.0246454440 -0.1004415527 0.8498477936 -0.5173685551 -0.0320984386 0.5169596672 0.8554077148
9.7 -336.9 2938.7 0.9941041470 0.1043083817 -0.0296099894 -0.1030383185 0.8237314820 -0.5575388074 -0.0337652899 0.5573025942 0.8296226263
-114.6 -158.2 3054.3 0.0404624194 -0.9652980566 0.2579970658 0.5549261570 0.2364352047 0.7975934744 -0.8309150338 0.1108967662 0.5452358723
-129.6 -363.9 3362.4 0.1147455946 -0.9594191313 -0.2575817704 -0.2916861475 0.2153249532 -0.9319626093 0.9496065378 0.1820716411 -0.2551417053
175.5 -188.2 3044.5 0.4610124230 0.6221685410 0.6327510476 -0.8683400750 0.4632508755 0.1771556735 -0.1829017848 -0.6311140656 0.7538182735
283.1 -390.9 3001.8 -0.7364302874 0.6221685410 0.2656629384 0.0727523863 0.4632508755 -0.8832359314 -0.6725901961 -0.6311140656 -0.3864161968
-110.3 -492.7 2834.6 0.9846723080 0.1157541499 -0.1304663569 -0.1239773631 -0.0616208427 -0.9903698564 -0.1226788685 0.9913646579 -0.0463254414
-160.0 -466.3 2409.4 0.9846723080 0.1301192045 0.1161442399 -0.1239773631 0.9905499220 -0.0586554520 -0.1226788685 0.0433571413 0.9914988875
71.6 -511.3 2824.6 0.9912296534 -0.0211681128 0.1304443330 0.1286462992 -0.0712448061 -0.9891280532 0.0302314535 0.9972342253 -0.0678967610
81.1 -479.6 2380.9 0.9912296534 -0.1302849948 -0.0221276805 0.1286462992 0.9896256328 -0.0639623404 0.0302314535 0.0605547242 0.9977069497
-160.0 -286.9 3111.6 0 0 0 0 0 0 0 0 0
76.9 -370.5 2813.4 0 0 0 0 0 0 0 0 0
-206.1 -817.2 2394.0 0 0 0 0 0 0 0 0 0
130.8 -857.8 2357.7 0 0 0 0 0 0 0 0 0
52.3 8.5 3159.1 21 0.9938575625 0.1100302264 -0.0118540432 -0.1007721648 0.8555180430 -0.5078719258 -0.0457399152 0.5059468746 0.8613510132
29.1 -171.5 3052.6 0.9938575625 0.1100302264 -0.0118540432 -0.1007721648 0.8555180430 -0.5078719258 -0.0457399152 0.5059468746 0.8613510132
7.3 -335.8 2943.0 0.9938167334 0.1095938534 -0.0178182274 -0.1010848060 0.8266561031 -0.5535535812 -0.0459365249 0.5519319773 0.8326229453
-116.0 -156.8 3059.3 0.0286590122 -0.9643228054 0.2631732821 0.5509577990 0.2349167764 0.8007868528 -0.8340408802 0.1220476031 0.5380336642
-126.6 -361.1 3368.6 0.1274711937 -0.9574915171 -0.2587683797 -0.2868130207 0.2141659707 -0.9337404370 0.9494679570 0.1932431459 -0.2473210394
174.2 -186.3 3045.9 0.4507458210 0.6303752065 0.6320247650 -0.8675025702 0.4762234688 0.1437027454 -0.2103984058 -0.6130565405 0.7615078092
281.1 -392.1 2996.0 -0.7244165540 0.6303752065 0.2790121138 0.0770281479 0.4762234688 -0.8759439588 -0.6850454807 -0.6130565405 -0.3935407996
-102.1 -491.1 2831.1 0.9825305343 0.1394015700 -0.1232923046 -0.1155140325 -0.0626062602 -0.9913309216 -0.1459119469 0.9882548451 -0.0454097241
-161.4 -464.5 2410.6 0.9825305343 0.1236630082 0.1390728205 -0.1155140325 0.9911606908 -0.0652453601 -0.1459119469 0.0480406918 0.9881304502
80.1 -510.0 2824.9 0.9916331172 -0.0015344501 0.1290791333 0.1286457926 -0.0709729120 -0.9891476631 0.0106789200 0.9974770546 -0.0701816902
80.7 -478.4 2381.3 0.9916331172 -0.1290654391 -0.0024272099 0.1286457926 0.9896149039 -0.0641296133 0.0106789200 0.0632807985 0.9979386330
-160.3 -285.3 3117.8 0 0 0 0 0 0 0 0 0
78.2 -370.6 2804.1 0 0 0 0 0 0 0 0 0
-205.0 -813.9 2393.7 0 0 0 0 0 0 0 0 0
130.1 -856.6 2357.1 0 0 0 0 0 0 0 0 0
50.7 6.7 3159.9 22 0.9936216474 0.1116222739 -0.0160161760 -0.1041823924 0.8543356061 -0.5091725588 -0.0431518108 0.5075935125 0.8605154157
27.3 -172.5 3053.5 0.9936216474 0.1116222739 -0.0160161760 -0.1041823924 0.8543356061 -0.5091725588 -0.0431518108 0.5075935125 0.8605154157
4.6 -336.7 2943.8 0.9932606220 0.1138081104 -0.0219317507 -0.1068733409 0.8261178136 -0.5532698035 -0.0448483787 0.5518850088 0.8327133656
-117.7 -156.9 3060.0 0.0327587686 -0.9630704522 0.2672492862 0.5506106615 0.2405471057 0.7993528247 -0.8341191411 0.1209644899 0.5381568670
-129.9 -361.1 3369.3 0.1247813255 -0.9564363956 -0.2639299333 -0.2873548865 0.2197715044 -0.9322701693 0.9496614337 0.1921714544 -0.2474132776
172.3 -188.1 3046.9 0.4545283318 0.6167263389 0.6426916718 -0.8614022732 0.4879761338 0.1409446895 -0.2266938984 -0.6176794171 0.7530484796
280.0 -392.2 2993.2 -0.7355955839 0.6167263389 0.2802637219 0.0778872222 0.4879761338 -0.8693749905 -0.6729284525 -0.6176794171 -0.4069882035
-105.6 -490.8 2837.6 0.9836701155 0.1288300455 -0.1256819516 -0.1181144342 -0.0648170710 -0.9908822775 -0.1358017474 0.9895461202 -0.0485419258
-161.7 -462.6 2406.8 0.9836701155 0.1236745417 0.1307583302 -0.1181144342 0.9917662144 -0.0494851619 -0.1358017474 0.0332326256 0.9901785254
76.6 -509.3 2829.1 0.9920428991 -0.0104344254 0.1254673153 0.1243929863 -0.0725186244 -0.9895794392 0.0194244105 0.9973124862 -0.0706436187
81.3 -476.8 2381.8 0.9920428991 -0.1253979355 -0.0112374965 0.1243929863 0.9900234342 -0.0661815107 0.0194244105 0.0642570332 0.9977443218
-162.8 -285.2 3118.4 0 0 0 0 0 0 0 0 0
73.9 -370.4 2804.7 0 0 0 0 0 0 0 0 0
-205.7 -815.8 2395.0 0 0 0 0 0 0 0 0 0
129.2 -855.1 2357.2 0 0 0 0 0 0 0 0 0
50.0 3.1 3160.4 23 0.9927394390 0.1195636317 0.0131499842 -0.0950605124 0.8468415737 -0.5232807994 -0.0737013072 0.5182314515 0.8520588279
24.9 -174.9 3051.4 0.9927394390 0.1195636317 0.0131499842 -0.0950605124 0.8468415737 -0.5232807994 -0.0737013072 0.5182314515 0.8520588279
0.9 -337.6 2939.8 0.9926894307 0.1204984784 0.0069121011 -0.0954073817 0.8184831738 -0.5665533543 -0.0739262551 0.5617520809 0.8239960670
-120.0 -161.0 3062.2 0.0038987526 -0.9617875218 0.2737691402 0.5640339851 0.2281812578 0.7935987711 -0.8257423639 0.1513210684 0.5433704853
-121.5 -370.2 3368.4 0.1540469527 -0.9529659152 -0.2610086203 -0.3009475172 0.2063568980 -0.9310464263 0.9411164522 0.2219747454 -0.2550040781
169.8 -188.8 3040.6 0.4633353651 0.6156185269 0.6374434829 -0.8616902232 0.4809219837 0.1618764251 -0.2069064528 -0.6242818832 0.7533006072
279.3 -392.4 2991.8 -0.7369841337 0.6156185269 0.2790488005 0.0708353072 0.4809219837 -0.8738972545 -0.6721880436 -0.6242818832 -0.3980394006
-109.1 -491.0 2838.3 0.9850699306 0.1152343974 -0.1278996468 -0.1218311563 -0.0582784675 -0.9908384085 -0.1216324642 0.9916272759 -0.0433692262
-159.3 -465.6 2405.9 0.9850699306 0.1277521253 0.1153979227 -0.1218311563 0.9909121990 -0.0570108555 -0.1216324642 0.0421006158 0.9916819334
73.1 -510.6 2830.1 0.9916293621 -0.0175260864 0.1279220581 0.1262170374 -0.0772228464 -0.9889923334 0.0272116717 0.9968597889 -0.0743643492
80.9 -476.0 2383.4 0.9916293621 -0.1275528073 -0.0200374145 0.1262170374 0.9903193116 -0.0577661395 0.0272116717 0.0547535382 0.9981290102
-162.1 -290.7 3119.8 0 0 0 0 0 0 0 0 0
72.8 -372.6 2803.5 0 0 0 0 0 0 0 0 0
-204.1 -812.9 2391.2 0 0 0 0 0 0 0 0 0
129.7 -854.5 2362.5 0 0 0 0 0 0 0 0 0
48.8 1.0 3160.1 24 0.9925400019 0.1147258058 0.0412592031 -0.0756377578 0.8448472023 -0.5296339393 -0.0956204012 0.5225621462 0.8472222686
24.8 -175.8 3050.7 0.9925400019 0.1147258058 0.0412592031 -0.0756377578 0.8448472023 -0.5296339393 -0.0956204012 0.5225621462 0.8472222686
1.1 -337.9 2938.2 0.9922705889 0.1190275922 0.0350926258 -0.0775514543 0.8155708909 -0.5734369159 -0.0968753397 0.5662831068 0.8184977770
-120.1 -164.5 3064.8 -0.0242820848 -0.9619197845 0.2722512782 0.5711203814 0.2101681232 0.7935054302 -0.8205071092 0.1747562289 0.5442686677
-111.1 -376.3 3369.1 0.1802455932 -0.9511433840 -0.2506746650 -0.3063419461 0.1878910959 -0.9331942797 0.9347010851 0.2449963242 -0.2575085759
169.6 -187.1 3036.6 0.4629891515 0.6237652898 0.6297284365 -0.8653656244 0.4718315303 0.1688708216 -0.1917899698 -0.6231306791 0.7582378983
279.4 -392.2 2991.2 -0.7310476899 0.6237652898 0.2765612304 0.0700953007 0.4718315303 -0.8788979650 -0.6787163615 -0.6231306791 -0.3886543512
-114.1 -491.5 2835.0 0.9855666757 0.1032912433 -0.1341238767 -0.1285211891 -0.0591398142 -0.9899418354 -0.1101843789 0.9928914309 -0.0450111143
-157.9 -466.4 2414.1 0.9855666757 0.1355875134 0.1013623253 -0.1285211891 0.9889946580 -0.0732927322 -0.1101843789 0.0592076667 0.9921460748
67.9 -508.9 2821.5 0.9921123981 -0.0304115526 0.1216065288 0.1188471988 -0.0802334100 -0.9896655679 0.0398541726 0.9963120818 -0.0759862363
81.3 -473.6 2382.9 0.9921123981 -0.1211513951 -0.0321768634 0.1188471988 0.9907277226 -0.0658321977 0.0398541726 0.0614888072 0.9973117709
-158.7 -295.3 3122.2 0 0 0 0 0 0 0 0 0
74.6 -372.6 2801.0 0 0 0 0 0 0 0 0 0
-205.5 -813.7 2393.3 0 0 0 0 0 0 0 0 0
127.6 -852.2 2359.4 0 0 0 0 0 0 0 0 0
50.7 6.7 3160.4 25 0.9900212884 0.1138175055 0.0830868110 -0.0547911040 0.8541260958 -0.5171716809 -0.1298298091 0.5074585676 0.8518391848
26.8 -172.7 3053.8 0.9900212884 0.1138175055 0.0830868110 -0.0547911040 0.8541260958 -0.5171716809 -0.1298298091 0.5074585676 0.8518391848
2.4 -336.7 2944.4 0.9894232750 0.1230277643 0.0768486932 -0.0590317510 0.8254306912 -0.5614084601 -0.1325020939 0.5509340763 0.8239628673
-117.6 -164.1 3073.1 -0.0660740808 -0.9589531422 0.2757591903 0.5592811704 0.1932776868 0.8061317205 -0.8263406157 0.2074913234 0.5235537291
-93.1 -371.5 3379.6 0.2206750661 -0.9451513886 -0.2408140898 -0.2899082005 0.1721800864 -0.9414389133 0.9312656522 0.2775660753 -0.2360112816
171.1 -181.4 3034.5 0.4265514016 0.6574053764 0.6211860180 -0.8856830597 0.4428302646 0.1395239681 -0.1833561510 -0.6096880436 0.7711426616
275.5 -398.2 2989.6 -0.7118050456 0.6574053764 0.2472888678 0.0994171873 0.4428302646 -0.8910766244 -0.6953055859 -0.6096880436 -0.3805661798
-113.5 -492.8 2834.6 0.9845932126 0.1006081402 -0.1430181861 -0.1370524913 -0.0639341176 -0.9884983897 -0.1085947230 0.9928697944 -0.0491605029
-156.2 -465.7 2413.4 0.9845932126 0.1436539292 0.0996982828 -0.1370524913 0.9880726337 -0.0702074841 -0.1085947230 0.0554619096 0.9925377369
68.3 -507.0 2816.8 0.9917504787 -0.0291378479 0.1248276308 0.1223575696 -0.0750499964 -0.9896444678 0.0382044204 0.9967539907 -0.0708656311
81.1 -474.3 2381.9 0.9917504787 -0.1243344620 -0.0311752018 0.1223575696 0.9907393456 -0.0588567480 0.0382044204 0.0545566864 0.9977795482
-151.4 -294.9 3133.6 0 0 0 0 0 0 0 0 0
76.3 -370.3 2794.9 0 0 0 0 0 0 0 0 0
-207.2 -816.6 2393.7 0 0 0 0 0 0 0 0 0
128.6 -852.9 2361.1 0 0 0 0 0 0 0 0 0
50.8 6.6 3159.6 26 0.9894071221 0.1208135560 0.0804834142 -0.0623351075 0.8542824984 -0.5160579085 -0.1311023682 0.5055744648 0.8527641296
25.3 -174.0 3052.7 0.9894071221 0.1208135560 0.0804834142 -0.0623351075 0.8542824984 -0.5160579085 -0.1311023682 0.5055744648 0.8527641296
0.1 -338.7 2944.4 0.9891203046 0.1267990768 0.0745854601 -0.0642845258 0.8285967708 -0.5561428666 -0.1323196739 0.5452975035 0.8277330995
-119.1 -164.6 3072.0 -0.0638209209 -0.9580405951 0.2794371247 0.5539520383 0.1989002526 0.8084403276 -0.8300988078 0.2063901871 0.5180145502
-95.4 -370.0 3379.8 0.2196325809 -0.9443140626 -0.2450151592 -0.2845573425 0.1782176197 -0.9419477582 0.9331605434 0.2766032815 -0.2295691222
169.7 -183.4 3033.4 0.4466035366 0.6440265775 0.6211079359 -0.8765338659 0.4542213678 0.1592839062 -0.1795374155 -0.6155588627 0.7673679590
277.4 -394.8 2990.1 -0.7158265710 0.6440265775 0.2698556781 0.0739694908 0.4542213678 -0.8878127337 -0.6943492293 -0.6155588627 -0.3727820516
-112.7 -495.3 2847.1 0.9850692749 0.0995939896 -0.1404265016 -0.1336600631 -0.0716678351 -0.9884324670 -0.1085059941 0.9924438596 -0.0572860464
-156.4 -463.8 2411.4 0.9850692749 0.1393876374 0.1010428146 -0.1336600631 0.9891216159 -0.0614284389 -0.1085059941 0.0470058769 0.9929838181
68.6 -506.2 2822.8 0.9917168617 -0.0319236740 0.1244127750 0.1221679896 -0.0646172836 -0.9904037714 0.0396565422 0.9973993897 -0.0601819977
82.9 -477.2 2375.7 0.9917168617 -0.1235950962 -0.0349558331 0.1221679896 0.9916874766 -0.0403840952 0.0396565422 0.0357791036 0.9985725880
-153.4 -294.9 3133.3 0 0 0 0 0 0 0 0 0
76.9 -374.1 2795.7 0 0 0 0 0 0 0 0 0
-206.2 -817.5 2394.6 0 0 0 0 0 0 0 0 0
130.2 -856.1 2362.0 0 0 0 0 0 0 0 0 0
52.6 5.1 3159.7 27 0.9933170676 0.1146114022 0.0136160040 -0.0916213989 0.8547592759 -0.5108738542 -0.0701903775 0.5062122345 0.8595478535
28.4 -175.9 3052.5 0.9933170676 0.1146114022 0.0136160040 -0.0916213989 0.8547592759 -0.5108738542 -0.0701903775 0.5062122345 0.8595478535
3.9 -340.6 2944.1 0.9922707081 0.1238341928 0.0079972818 -0.0990099683 0.8289114237 -0.5505477786 -0.0748056844 0.5455006361 0.8347653151
-116.3 -161.5 3063.4 0.0028031864 -0.9608661532 0.2769988179 0.5479713082 0.2331852168 0.8033381104 -0.8364924192 0.1495355070 0.5271807313
-117.4 -364.7 3373.5 0.1560315043 -0.9518938661 -0.2637274861 -0.2830552161 0.2127100229 -0.9352188110 0.9463265538 0.2205730379 -0.2362490743
173.0 -190.3 3041.6 0.4261102080 0.6441909671 0.6351755857 -0.8774856925 0.4651294351 0.1169336662 -0.2201112658 -0.6071841121 0.7634647489
274.5 -399.2 2989.2 -0.7186463475 0.6441909671 0.2618499994 0.0963020325 0.4651294351 -0.8799889088 -0.6886751056 -0.6071841121 -0.3963004649
-115.7 -497.4 2848.2 0.9858100414 0.0934564471 -0.1394434869 -0.1324273050 -0.0775114894 -0.9881573915 -0.1031581461 0.9926015735 -0.0640354156
-156.7 -463.4 2413.0 0.9858100414 0.1378365755 0.0958105922 -0.1324273050 0.9893310070 -0.0607223213 -0.1031581461 0.0471727364 0.9935457110
65.6 -509.2 2823.9 0.9909208417 -0.0353912935 0.1297048777 0.1270679086 -0.0686754733 -0.9895137548 0.0439277180 0.9970111251 -0.0635548607
81.3 -478.7 2380.5 0.9909208417 -0.1298847198 -0.0347254835 0.1270679086 0.9891484380 -0.0737504810 0.0439277180 0.0686683878 0.9966719747
-158.6 -289.9 3123.6 0 0 0 0 0 0 0 0 0
73.2 -372.2 2796.3 0 0 0 0 0 0 0 0 0
-206.1 -817.9 2396.1 0 0 0 0 0 0 0 0 0
130.9 -856.4 2354.3 0 0 0 0 0 0 0 0 0
50.2 3.6 3161.2 28 0.9942100644 0.1070705503 -0.0090658320 -0.0959990099 0.8471551538 -0.5226015449 -0.0482750721 0.5204460621 0.8525288701
27.3 -177.3 3050.1 0.9942100644 0.1070705503 -0.0090658320 -0.0959990099 0.8471551538 -0.5226015449 -0.0482750721 0.5204460621 0.8525288701
5.1 -339.9 2938.2 0.9935512543 0.1124229506 -0.0147314481 -0.1009987295 0.8184750080 -0.5655951500 -0.0515285544 0.5634356737 0.8245514631
-117.6 -162.5 3057.6 0.0255645569 -0.9636542797 0.2659264207 0.5630137920 0.2336918563 0.7927191257 -0.8260520101 0.1294547468 0.5485249162
-127.1 -371.3 3363.9 0.1312160790 -0.9565416574 -0.2604042292 -0.3006691039 0.2119036019 -0.9298897386 0.9446588755 0.2003119886 -0.2597973645
172.3 -192.1 3042.6 0.4586073756 0.6331350207 0.6235538125 -0.8670859933 0.4724273682 0.1580324471 -0.1945279986 -0.6131496429 0.7656411529
279.6 -394.9 2997.0 -0.7242122889 0.6331350207 0.2732335925 0.0819279030 0.4724273682 -0.8775535226 -0.6846929193 -0.6131496429 -0.3940091431
-111.5 -496.3 2842.6 0.9844922423 0.1043462157 -0.1410207152 -0.1338018775 -0.0732510239 -0.9882972240 -0.1134549826 0.9918397665 -0.0581533462
-156.8 -464.5 2411.7 0.9844922423 0.1399769187 0.1057423204 -0.1338018775 0.9889762402 -0.0634272024 -0.1134549826 0.0482950695 0.9923686385
70.0 -514.4 2828.9 0.9905646443 -0.0218457840 0.1352938414 0.1332113743 -0.0784207657 -0.9879802465 0.0321930498 0.9966809750 -0.0747707337
79.9 -479.2 2381.0 0.9905646443 -0.1352518946 -0.0221040174 0.1332113743 0.9881281257 -0.0765345842 0.0321930498 0.0728679523 0.9968218803
-161.7 -291.9 3114.4 0 0 0 0 0 0 0 0 0
76.7 -372.0 2805.3 0 0 0 0 0 0 0 0 0
-206.9 -818.3 2394.5 0 0 0 0 0 0 0 0 0
131.5 -856.7 2353.2 0 0 0 0 0 0 0 0 0
50.1 0.9 3159.5 29 0.9933546782 0.1150718555 -0.0022318799 -0.0988518596 0.8430830836 -0.5286200643 -0.0589476340 0.5253278613 0.8488556147
25.7 -177.8 3048.1 0.9933546782 0.1150718555 -0.0022318799 -0.0988518596 0.8430830836 -0.5286200643 -0.0589476340 0.5253278613 0.8488556147
2.5 -339.6 2935.3 0.9931648970 0.1164340153 -0.0081617199 -0.1002108157 0.8147518635 -0.5710842013 -0.0598438531 0.5679987073 0.8208509088
-119.3 -163.1 3056.9 0.0189839732 -0.9627212882 0.2698283195 0.5685177445 0.2323949635 0.7891642451 -0.8224519491 0.1384207159 0.5517358780
-126.3 -373.9 3361.8 0.1386016011 -0.9550549388 -0.2620299459 -0.3068995178 0.2101381421 -0.9282535315 0.9415956140 0.2090742886 -0.2639804184
170.6 -192.4 3039.4 0.4768786132 0.6394123435 0.6031075120 -0.8628469706 0.4713616371 0.1825194061 -0.1675765663 -0.6074290872 0.7764973044
281.3 -392.7 3000.5 -0.7128943801 0.6394123435 0.2879816890 0.0675527826 0.4713616371 -0.8793491125 -0.6980102062 -0.6074290872 -0.3792251348
-108.2 -493.3 2831.0 0.9831367135 0.1161582172 -0.1412427276 -0.1347544938 -0.0619705282 -0.9889392853 -0.1236263067 0.9912955761 -0.0452726558
-157.8 -466.8 2407.4 0.9831367135 0.1400498003 0.1175937578 -0.1347544938 0.9895202518 -0.0518737286 -0.1236263067 0.0351526812 0.9917060137
73.8 -511.8 2821.5 0.9916558862 -0.0151981320 0.1280140728 0.1263741553 -0.0815043822 -0.9886286259 0.0254590176 0.9965571165 -0.0789036527
80.4 -476.0 2383.9 0.9916558862 -0.1281494647 -0.0140107553 0.1263741553 0.9878305793 -0.0906657279 0.0254590176 0.0881386027 0.9957827926
-162.9 -292.9 3113.1 0 0 0 0 0 0 0 0 0
81.7 -373.8 2805.0 0 0 0 0 0 0 0 0 0
-207.4 -817.1 2395.0 0 0 0 0 0 0 0 0 0
129.4 -853.4 2350.2 0 0 0 0 0 0 0 0 0
48.3 1.0 3159.6 30 0.9939022660 0.1015750393 -0.0429047570 -0.1091048941 0.8496569991 -0.5159255266 -0.0159508325 0.5174606442 0.8555583358
26.7 -179.2 3049.9 0.9939022660 0.1015750393 -0.0429047570 -0.1091048941 0.8496569991 -0.5159255266 -0.0159508325 0.5174606442 0.8555583358
7.3 -343.8 2940.4 0.9941076040 0.0977280959 -0.0468969643 -0.1073759347 0.8285378218 -0.5495411754 -0.0148497028 0.5513386726 0.8341493607
-118.3 -163.5 3052.1 0.0577597916 -0.9661328793 0.2514975667 0.5468724966 0.2413788438 0.8016649485 -0.8352211118 0.0912331045 0.5422934890
-139.8 -366.3 3361.8 0.0963943452 -0.9616258144 -0.2568733096 -0.2831518054 0.2209192216 -0.9332844019 0.9542186260 0.1626974791 -0.2509907484
171.8 -194.8 3047.7 0.4806303978 0.6449235678 0.5941952467 -0.8568598032 0.4895011783 0.1618020386 -0.1865093261 -0.5869089961 0.7878782153
281.9 -391.1 3005.0 -0.7014166713 0.6449235678 0.3034604192 0.0741810501 0.4895011783 -0.8688415885 -0.7088806629 -0.5869089961 -0.3911854029
-111.6 -492.3 2828.0 0.9847650528 0.1138891578 -0.1314040571 -0.1249175295 -0.0623638518 -0.9902052283 -0.1209685057 0.9915341735 -0.0471869893
-159.3 -466.2 2412.5 0.9847650528 0.1317849308 0.1134482175 -0.1249175295 0.9899907112 -0.0656814203 -0.1209685057 0.0505090989 0.9913704991
70.4 -510.7 2817.0 0.9910822511 -0.0203252416 0.1316922456 0.1296451241 -0.0812917426 -0.9882225394 0.0307913553 0.9964830875 -0.0779317319
79.3 -475.4 2384.1 0.9910822511 -0.1318887770 -0.0190082509 0.1296451241 0.9873608947 -0.0911628082 0.0307913553 0.0878855139 0.9956545830
-165.2 -291.5 3109.8 0 0 0 0 0 0 0 0 0
85.5 -370.3 2806.5 0 0 0 0 0 0 0 0 0
-205.9 -815.8 2394.7 0 0 0 0 0 0 0 0 0
129.7 -852.7 2350.6 0 0 0 0 0 0 0 0 0
49.3 -0.9 3160.2 31 0.9935895801 0.0987228379 -0.0550780147 -0.1129883006 0.8514358401 -0.5121432543 -0.0036648395 0.5150833726 0.8571322560
28.6 -179.3 3052.2 0.9935895801 0.0987228379 -0.0550780147 -0.1129883006 0.8514358401 -0.5121432543 -0.0036648395 0.5150833726 0.8571322560
8.3 -343.5 2942.2 0.9929830432 0.1020713374 -0.0597168803 -0.1180556342 0.8261788487 -0.5509004593 -0.0068943240 0.5540847778 0.8324317336
-116.3 -162.1 3053.2 0.0705588534 -0.9642011523 0.2556122839 0.5481172800 0.2515749037 0.7976700664 -0.8334199786 0.0838228166 0.5462461114
-142.5 -365.4 3362.2 0.0854342580 -0.9605066180 -0.2648170292 -0.2863457501 0.2309052646 -0.9298864603 0.9543097615 0.1552733928 -0.2553097606
173.5 -196.6 3051.2 0.4677448273 0.6216380000 0.6283159852 -0.8509621620 0.5088790059 0.1300215721 -0.2389104664 -0.5954900384 0.7670158744
279.6 -389.5 2997.0 -0.7209968567 0.6216380000 0.3061531186 0.0745933056 0.5088790059 -0.8576001525 -0.6889117360 -0.5954900384 -0.4132701755
-103.2 -498.6 2832.4 0.9821414948 0.1321716011 -0.1338982284 -0.1254917234 -0.0700423494 -0.9896190763 -0.1401780844 0.9887490869 -0.0522050560
-160.0 -468.6 2407.8 0.9821414948 0.1320757717 0.1339927614 -0.1254917234 0.9904854298 -0.0564843006 -0.1401780844 0.0386605933 0.9893712401
78.9 -518.2 2829.7 0.9902721643 0.0008196065 0.1391413808 0.1386218220 -0.0923463032 -0.9860305190 0.0120410360 0.9957265854 -0.0915615931
78.5 -476.8 2383.3 0.9902721643 -0.1391434073 -0.0003313855 0.1386218220 0.9867606163 -0.0841867998 0.0120410360 0.0833219066 0.9964499474
-165.1 -289.7 3110.2 0 0 0 0 0 0 0 0 0
77.7 -368.6 2804.1 0 0 0 0 0 0 0 0 0
-206.1 -814.3 2394.3 0 0 0 0 0 0 0 0 0
131.7 -853.9 2351.4 0 0 0 0 0 0 0 0 0
49.2 1.0 3148.0 32 0.9938647151 0.0952540487 -0.0562101640 -0.1105992049 0.8598533273 -0.4984175265 0.0008562097 0.5015763640 0.8651129603
29.0 -180.5 3042.1 0.9938647151 0.0952540487 -0.0562101640 -0.1105992049 0.8598533273 -0.4984175265 0.0008562097 0.5015763640 0.8651129603
9.7 -346.3 2934.3 0.9934096336 0.0971266553 -0.0608582981 -0.1146067753 0.8342469931 -0.5393489003 -0.0016143002 0.5427691340 0.8398804069
-116.0 -163.8 3042.3 0.0717135444 -0.9653803706 0.2507945299 0.5365906358 0.2492962182 0.8061773181 -0.8407899141 0.0767601654 0.5358920097
-142.6 -362.7 3354.1 0.0829131529 -0.9618772864 -0.2606098950 -0.2725915611 0.2296466976 -0.9343212843 0.9585505724 0.1485075802 -0.2431589067
174.1 -197.2 3041.9 0.4437405765 0.6341874003 0.6331671476 -0.8701245785 0.4739566445 0.1350863874 -0.2144237012 -0.6108776331 0.7621358037
275.8 -396.7 2992.7 -0.7250633240 0.6341874003 0.2684948742 0.0901965573 0.4739566445 -0.8759164810 -0.6827501059 -0.6108776331 -0.4008501172
-103.0 -496.9 2832.8 0.9821469784 0.1305682957 -0.1354224682 -0.1268914044 -0.0716192052 -0.9893276691 -0.1388736814 0.9888491631 -0.0537725911
-159.0 -466.2 2409.1 0.9821469784 0.1348527372 0.1311566383 -0.1268914044 0.9896301031 -0.0673113391 -0.1388736814 0.0494669750 0.9890738726
79.0 -518.5 2831.5 0.9900621772 0.0028490380 0.1406013370 0.1401607990 -0.1016115770 -0.9849010110 0.0114807039 0.9948200583 -0.1010011062
77.7 -473.3 2389.6 0.9900621772 -0.1406247169 0.0012418490 0.1401607990 0.9859980941 -0.0903480202 0.0114807039 0.0896242186 0.9959094524
-164.5 -290.7 3100.9 0 0 0 0 0 0 0 0 0
72.7 -371.4 2801.5 0 0 0 0 0 0 0 0 0
-206.2 -812.9 2391.8 0 0 0 0 0 0 0 0 0
131.4 -850.1 2355.4 0 0 0 0 0 0 0 0 0
49.8 1.3 3153.9 33 0.9931060672 0.0903005153 -0.0747407749 -0.1157192066 0.8569352031 -0.5022659302 0.0186931286 0.5074523091 0.8614770770
30.8 -179.1 3047.0 0.9931060672 0.0903005153 -0.0747407749 -0.1157192066 0.8569352031 -0.5022659302 0.0186931286 0.5074523091 0.8614770770
11.8 -344.1 2938.0 0.9922973514 0.0952092260 -0.0792539567 -0.1230752319 0.8304566741 -0.5433177352 0.0140881175 0.5488869548 0.8357778788
-114.1 -161.2 3045.0 0.0900990292 -0.9643739462 0.2487269491 0.5404718518 0.2571144104 0.8011131883 -0.8365239501 0.0622503832 0.5443826914
-147.5 -361.6 3355.1 0.0647900328 -0.9622204900 -0.2644502819 -0.2784397900 0.2370501906 -0.9307408333 0.9582659006 0.1339362115 -0.2525619864
175.6 -197.1 3049.1 0.4571378529 0.6173158288 0.6402704120 -0.8597054482 0.4911544621 0.1402633935 -0.2278848439 -0.6145636439 0.7552350760
278.5 -390.7 2997.8 -0.7273813486 0.6173158288 0.2997291386 0.0587110519 0.4911544621 -0.8690916300 -0.6837173104 -0.6145636439 -0.3934998512
-100.7 -501.5 2826.6 0.9803321958 0.1338756382 -0.1450037956 -0.1345676035 -0.0840081498 -0.9873369336 -0.1443618536 0.9874309897 -0.0643405691
-156.7 -466.4 2413.6 0.9803321958 0.1442680806 0.1346681416 -0.1345676035 0.9877824187 -0.0785969794 -0.1443618536 0.0589291826 0.9877687097
81.4 -522.5 2826.3 0.9910470247 0.0041378415 0.1334489286 0.1330778152 -0.1112564206 -0.9848412871 0.0107719330 0.9937831163 -0.1108110026
79.6 -473.4 2387.3 0.9910470247 -0.1335091144 0.0010277114 0.1330778152 0.9871659279 -0.0882820264 0.0107719330 0.0876284093 0.9960950017
-164.6 -288.0 3102.0 0 0 0 0 0 0 0 0 0
74.9 -374.2 2806.4 0 0 0 0 0 0 0 0 0
-207.6 -814.7 2392.9 0 0 0 0 0 0 0 0 0
130.6 -850.6 2353.8 0 0 0 0 0 0 0 0 0
50.2 5.5 3157.3 34 0.9935485721 0.1052003801 0.0423572995 -0.0695882663 0.8604497313 -0.5047610402 -0.0895473808 0.4985570312 0.8622193336
28.0 -175.6 3052.3 0.9935485721 0.1052003801 0.0423572995 -0.0695882663 0.8604497313 -0.5047610402 -0.0895473808 0.4985570312 0.8622193336
6.7 -341.6 2945.3 0.9932487607 0.1098720655 0.0372159854 -0.0719518438 0.8351508379 -0.5452944040 -0.0909935907 0.5389352441 0.8374180198
-116.4 -165.2 3065.7 -0.0263785180 -0.9643368721 0.2633601725 0.5430077910 0.2073730677 0.8137192130 -0.8393132687 0.1644713283 0.5181722045
-106.6 -366.5 3376.9 0.1796110719 -0.9536145926 -0.2415763289 -0.2731703818 0.1875637770 -0.9435029030 0.9450491071 0.2354550660 -0.2268107086
172.5 -186.1 3039.0 0.4724218845 0.6362116933 0.6099607944 -0.8663643599 0.4623772502 0.1887328625 -0.1619579643 -0.6176098585 0.7696282864
