38.4 2.6 3188.3 1 0.9993896484 0.0326005146 -0.0125522753 -0.0338135287 0.8124870062 -0.5819978714 -0.0087748691 0.5820670724 0.8130934238
31.6 -165.3 3068.0 0.9993896484 0.0326005146 -0.0125522753 -0.0338135287 0.8124870062 -0.5819978714 -0.0087748691 0.5820670724 0.8130934238
25.0 -322.4 2946.4 0.9993488789 0.0333476067 -0.0137761422 -0.0348044299 0.7902911305 -0.6117422581 -0.0095129777 0.6118233800 0.7909371853
-114.3 -160.3 3069.3 0.2728372216 -0.9503099918 0.1499024481 0.7059352994 0.3036147952 0.6399011016 -0.6536170244 -0.0687674135 0.7536947727
-206.6 -399.1 3290.5 -0.0828874931 -0.9503099918 -0.3000676036 -0.0338507183 0.3036147952 -0.9521933794 0.9959838390 -0.0687674135 -0.0573345423
177.5 -170.4 3066.6 0.5254630446 0.7776009440 0.3452902436 -0.8384825587 0.4044316709 0.3652150035 0.1443452090 -0.4814268649 0.8645187616
317.0 -393.0 3104.9 -0.5679376721 0.7776009440 0.2697843909 0.1232549921 0.4044316709 -0.9062247276 -0.8137905598 -0.4814268649 -0.3255351782
-82.4 -478.6 2828.6 0.9750102162 0.1659185141 -0.1477368325 -0.1465200484 -0.0196187962 -0.9890131354 -0.1669940203 0.9859442711 0.0051818620
-153.4 -470.2 2406.7 0.9750102162 0.1531583816 0.1609274298 -0.1465200484 0.9878183603 -0.0524094366 -0.1669940203 0.0275206417 0.9855737686
100.6 -486.6 2824.1 0.9901208282 0.0475074500 0.1319233328 0.1332281381 -0.0254207198 -0.9907593131 -0.0437148623 0.9985473752 -0.0314989127
79.7 -475.4 2384.1 0.9901208282 -0.1297892183 0.0530611351 0.1332281381 0.9887890220 -0.0674278215 -0.0437148623 0.0738309249 0.9963122010
-185.2 -390.3 3033.3 0 0 0 0 0 0 0 0 0
169.5 -361.0 2893.6 0 0 0 0 0 0 0 0 0
-206.8 -814.9 2397.1 0 0 0 0 0 0 0 0 0
129.3 -853.2 2355.9 0 0 0 0 0 0 0 0 0
38.1 1.3 3187.5 2 0.9972019792 0.0495451838 0.0559779145 -0.0064729680 0.8032381535 -0.5956228375 -0.0744738430 0.5935939550 0.8013113737
27.8 -165.3 3064.4 0.9972019792 0.0495451838 0.0559779145 -0.0064729680 0.8032381535 -0.5956228375 -0.0744738430 0.5935939550 0.8013113737
18.2 -320.4 2940.6 0.9973892570 0.0477798171 0.0541454665 -0.0034253569 0.7802668810 -0.6254373193 -0.0721311942 0.6236190200 0.7783934474
-117.5 -164.9 3074.8 0.2102364898 -0.9614304304 0.1773475260 0.7257978320 0.2750213444 0.6305400729 -0.6549947858 -0.0038440872 0.7556236386
-188.5 -410.0 3296.0 -0.0190919247 -0.9614304304 -0.2743847966 -0.0527869239 0.2750213444 -0.9599879384 0.9984232783 -0.0038440872 -0.0560016446
173.1 -165.8 3053.9 0.5578033328 0.7333858609 0.3885879815 -0.8245477080 0.4362214506 0.3603220284 0.0947446600 -0.5213981271 0.8480374217
321.0 -384.3 3079.0 -0.6212393641 0.7333858609 0.2760558128 0.1186014116 0.4362214506 -0.8919891119 -0.7745936513 -0.5213981271 -0.3579785526
-73.2 -476.2 2825.8 0.9712101221 0.1924596429 -0.1403928548 -0.1402224898 -0.0145755149 -0.9900127053 -0.1925837994 0.9811966419 0.0128312837
-155.9 -470.0 2404.5 0.9712101221 0.1460476071 0.1882045865 -0.1402224898 0.9891429543 -0.0439757891 -0.1925837994 0.0163192134 0.9811448455
110.0 -482.6 2824.1 0.9888561368 0.0690475032 0.1318938583 0.1329107434 -0.0103262505 -0.9910742044 -0.0670692325 0.9975599051 -0.0193883311
79.4 -478.0 2382.1 0.9888561368 -0.1287243664 0.0747902840 0.1329107434 0.9896574020 -0.0539720953 -0.0670692325 0.0633110702 0.9957376122
-183.6 -396.4 3038.7 0 0 0 0 0 0 0 0 0
159.9 -353.6 2878.2 0 0 0 0 0 0 0 0 0
-207.2 -817.4 2398.8 0 0 0 0 0 0 0 0 0
128.5 -856.2 2357.9 0 0 0 0 0 0 0 0 0
37.7 2.5 3188.1 3 0.9984188676 0.0262064375 -0.0497291647 -0.0506891087 0.8021439910 -0.5949752927 0.0242977701 0.5965552926 0.8022041321
32.2 -164.4 3064.0 0.9984188676 0.0262064375 -0.0497291647 -0.0506891087 0.8021439910 -0.5949752927 0.0242977701 0.5965552926 0.8022041321
26.0 -319.8 2940.4 0.9982305765 0.0310802758 -0.0506919585 -0.0558929220 0.7813475132 -0.6215883493 0.0202888977 0.6233218312 0.7817021608
-112.6 -156.4 3061.0 0.3074899316 -0.9414119124 0.1385409087 0.7097470760 0.3238851130 0.6255857348 -0.6338052154 -0.0940323174 0.7677557468
-216.0 -395.1 3274.2 -0.1137488410 -0.9414119124 -0.3174977899 -0.0424465649 0.3238851130 -0.9451437593 0.9926024079 -0.0940323174 -0.0768012553
177.0 -172.5 3067.0 0.5015934110 0.8003230691 0.3284615874 -0.8526356816 0.3931180239 0.3441955745 0.1463434994 -0.4527043104 0.8795694113
309.7 -398.0 3105.7 -0.5398291945 0.8003230691 0.2608972788 0.1439080983 0.3931180239 -0.9081567526 -0.8293822408 -0.4527043104 -0.3273895681
-82.6 -475.2 2823.4 0.9749449492 0.1785944253 -0.1326136738 -0.1323221624 -0.0135972397 -0.9911134839 -0.1788105369 0.9838288426 0.0103754401
-159.0 -469.4 2402.6 0.9749449492 0.1360344142 0.1760028452 -0.1323221624 0.9906667471 -0.0327150673 -0.1788105369 0.0086063147 0.9838458896
99.8 -475.8 2810.2 0.9893956780 0.0510120951 0.1359924227 0.1358487010 0.0062902616 -0.9907096028 -0.0513936020 0.9986782074 -0.0007063688
77.8 -478.5 2377.7 0.9893956780 -0.1331391633 0.0580528714 0.1358487010 0.9896833301 -0.0455189832 -0.0513936020 0.0529226921 0.9972752333
-186.8 -384.2 3019.3 0 0 0 0 0 0 0 0 0
170.3 -360.8 2891.5 0 0 0 0 0 0 0 0 0
-206.8 -817.6 2399.6 0 0 0 0 0 0 0 0 0
128.6 -856.6 2357.5 0 0 0 0 0 0 0 0 0
39.7 0.8 3188.5 4 0.9993075728 0.0278149769 -0.0247114096 -0.0370877720 0.7977064252 -0.6019044518 0.0029704908 0.6024041772 0.7981857061
33.9 -165.5 3062.8 0.9993075728 0.0278149769 -0.0247114096 -0.0370877720 0.7977064252 -0.6019044518 0.0029704908 0.6024041772 0.7981857061
26.9 -320.1 2938.2 0.9990524054 0.0351060964 -0.0257268101 -0.0434767678 0.7775427103 -0.6273253560 -0.0020192503 0.6278494000 0.7783322334
-111.5 -159.2 3063.1 0.2844917774 -0.9471105933 0.1484787613 0.7170909047 0.3130247593 0.6227327585 -0.6362743378 -0.0706895739 0.7682173848
-207.5 -401.1 3277.7 -0.0913074389 -0.9471105933 -0.3076434135 -0.0516854934 0.3130247593 -0.9483375549 0.9944805503 -0.0706895739 -0.0775333643
179.3 -171.8 3062.5 0.5161436200 0.7850639820 0.3424474895 -0.8465037942 0.4066585004 0.3435988724 0.1304879338 -0.4672294557 0.8744538426
316.0 -396.1 3097.1 -0.5599580407 0.7850639820 0.2648046315 0.1434646547 0.4066585004 -0.9022454023 -0.8160054684 -0.4672294557 -0.3403406441
-71.2 -470.1 2814.9 0.9697678089 0.2124342471 -0.1200921685 -0.1220008954 -0.0041494807 -0.9925213456 -0.2113438398 0.9771665335 0.0218931362
-160.8 -468.4 2402.9 0.9697678089 0.1291719079 0.2070387751 -0.1220008954 0.9914121628 -0.0470929146 -0.2113438398 0.0204102732 0.9771986604
110.6 -480.2 2818.6 0.9879517555 0.0743328407 0.1357420534 0.1361679882 -0.0006689330 -0.9906855226 -0.0735496655 0.9972332716 -0.0107826274
77.6 -479.9 2376.0 0.9879517555 -0.1331777871 0.0788349658 0.1361679882 0.9901079535 -0.0338304266 -0.0735496655 0.0441576280 0.9963134527
-184.0 -387.8 3021.6 0 0 0 0 0 0 0 0 0
171.0 -358.9 2885.8 0 0 0 0 0 0 0 0 0
-205.8 -814.3 2395.8 0 0 0 0 0 0 0 0 0
128.5 -858.3 2359.1 0 0 0 0 0 0 0 0 0
40.0 -0.7 3188.1 5 0.9993259311 0.0339060314 -0.0140749738 -0.0356087275 0.8019814491 -0.5962866545 -0.0089298468 0.5963858962 0.8026481867
33.0 -167.4 3064.1 0.9993259311 0.0339060314 -0.0140749738 -0.0356087275 0.8019814491 -0.5962866545 -0.0089298468 0.5963858962 0.8026481867
25.7 -322.4 2940.1 0.9992212057 0.0363572724 -0.0153332530 -0.0379659347 0.7800077796 -0.6246170402 -0.0107493168 0.6247127652 0.7807806730
-112.7 -161.9 3065.7 0.2748282552 -0.9493678808 0.1522172242 0.7159149647 0.3077310324 0.6267115474 -0.6418217421 -0.0632634312 0.7642398477
-205.6 -403.8 3282.5 -0.0822970420 -0.9493678808 -0.3031960726 -0.0492585786 0.3077310324 -0.9501974583 0.9953897595 -0.0632634312 -0.0720898658
178.7 -172.9 3062.6 0.5224824548 0.7785841823 0.3475899696 -0.8427476287 0.4096072316 0.3492826819 0.1295705885 -0.4754247069 0.8701625466
317.3 -396.5 3096.9 -0.5680201054 0.7785841823 0.2667580843 0.1379509419 0.4096072316 -0.9017713070 -0.8113708496 -0.4754247069 -0.3400715590
-71.4 -470.7 2813.7 0.9696901441 0.2126109451 -0.1204062402 -0.1215297729 -0.0078256875 -0.9925569296 -0.2119707316 0.9771056175 0.0182500686
-160.3 -467.4 2405.3 0.9696901441 0.1301165670 0.2068109214 -0.1215297729 0.9911313057 -0.0537514128 -0.2119707316 0.0269885305 0.9769032598
111.1 -478.6 2813.4 0.9855528474 0.0813720077 0.1485401690 0.1492915004 -0.0031941812 -0.9887880683 -0.0799852088 0.9966787100 -0.0152961835
75.6 -477.2 2377.8 0.9855528474 -0.1454528570 0.0867701024 0.1492915004 0.9880043268 -0.0394906774 -0.0799852088 0.0518741906 0.9954453707
-184.3 -391.1 3025.8 0 0 0 0 0 0 0 0 0
169.9 -360.7 2886.5 0 0 0 0 0 0 0 0 0
-205.9 -814.5 2395.8 0 0 0 0 0 0 0 0 0
131.1 -854.7 2358.0 0 0 0 0 0 0 0 0 0
40.4 -2.1 3187.4 6 0.9990825653 0.0386542045 -0.0184366889 -0.0419989750 0.8001571298 -0.5983182192 -0.0083752675 0.5985435843 0.8010464311
32.4 -167.7 3063.6 0.9990825653 0.0386542045 -0.0184366889 -0.0419989750 0.8001571298 -0.5983182192 -0.0083752675 0.5985435843 0.8010464311
24.7 -321.9 2938.6 0.9990407825 0.0389770307 -0.0199575592 -0.0428469926 0.7760632038 -0.6291978955 -0.0090359375 0.6294494867 0.7769888639
-113.4 -161.4 3064.9 0.2796493769 -0.9476700425 0.1540054679 0.7181609869 0.3129303753 0.6215459704 -0.6372135282 -0.0632142425 0.7680904269
-207.9 -404.3 3280.4 -0.0845859945 -0.9476700425 -0.3078419566 -0.0551835075 0.3129303753 -0.9481715560 0.9948869348 -0.0632142425 -0.0787652880
178.2 -173.9 3062.3 0.5183061361 0.7815327644 0.3472251296 -0.8458813429 0.4087437689 0.3426562548 0.1258709729 -0.4713121057 0.8729383945
315.8 -398.4 3095.7 -0.5657411814 0.7815327644 0.2629514933 0.1459171027 0.4087437689 -0.9009088278 -0.8115695715 -0.4713121057 -0.3452821672
-73.0 -474.0 2817.0 0.9700818658 0.2028934658 -0.1333243102 -0.1319550723 -0.0203233790 -0.9910473228 -0.2037866265 0.9789898992 0.0070574805
-159.0 -465.4 2401.9 0.9700818658 0.1366271377 0.2006842196 -0.1319550723 0.9905819893 -0.0365407728 -0.2037866265 0.0089662429 0.9789742827
110.0 -480.9 2815.0 0.9870112538 0.0760060027 0.1415341645 0.1424786747 -0.0071239411 -0.9897722602 -0.0742203444 0.9970819354 -0.0178606436
76.5 -477.8 2376.5 0.9870112538 -0.1400627494 0.0786845461 0.1424786747 0.9894576073 -0.0259503499 -0.0742203444 0.0368241556 0.9965617657
-186.1 -390.0 3023.6 0 0 0 0 0 0 0 0 0
168.9 -360.5 2885.0 0 0 0 0 0 0 0 0 0
-207.3 -815.9 2398.7 0 0 0 0 0 0 0 0 0
130.0 -855.9 2362.4 0 0 0 0 0 0 0 0 0
39.7 0.4 3189.1 7 0.9970908761 0.0164113864 -0.0744343773 -0.0580288172 0.7966194153 -0.6016893983 0.0494213142 0.6042582989 0.7952542901
36.3 -165.5 3063.3 0.9970908761 0.0164113864 -0.0744343773 -0.0580288172 0.7966194153 -0.6016893983 0.0494213142 0.6042582989 0.7952542901
32.1 -319.5 2937.8 0.9969455004 0.0214540437 -0.0750959888 -0.0640610978 0.7746447921 -0.6291435957 0.0446750410 0.6320325732 0.7736529708
-109.0 -156.2 3056.8 0.3286230266 -0.9361436367 0.1250681281 0.7128192782 0.3327125311 0.6174067259 -0.6195930839 -0.1137430891 0.7766382098
-220.0 -397.0 3266.1 -0.1392316818 -0.9361436367 -0.3228771687 -0.0537144504 0.3327125311 -0.9414972663 0.9888019562 -0.1137430891 -0.0966085717
181.6 -174.9 3069.8 0.4923958778 0.8143347502 0.3072544038 -0.8570562005 0.3921341300 0.3341937363 0.1516606361 -0.4278899133 0.8910158873
312.3 -402.3 3110.0 -0.5179551244 0.8143347502 0.2618806362 0.1583503038 0.3921341300 -0.9061765671 -0.8406233788 -0.4278899133 -0.3320580423
-74.6 -472.2 2814.4 0.9713743925 0.1999963373 -0.1281922311 -0.1271789372 -0.0179606881 -0.9917171597 -0.2006422132 0.9796320200 0.0079887696
-158.5 -464.7 2403.6 0.9713743925 0.1338789463 0.1962350905 -0.1271789372 0.9907932878 -0.0464136861 -0.2006422132 0.0201280937 0.9794577956
108.5 -480.0 2812.7 0.9871005416 0.0723109320 0.1428413987 0.1432716399 -0.0007715817 -0.9896830916 -0.0714546889 0.9973818660 -0.0111217340
76.8 -479.7 2376.1 0.9871005416 -0.1413436681 0.0751964375 0.1432716399 0.9894633889 -0.0208671130 -0.0714546889 0.0313714556 0.9969503880
-184.2 -383.2 3011.1 0 0 0 0 0 0 0 0 0
177.9 -361.2 2892.0 0 0 0 0 0 0 0 0 0
-205.8 -815.2 2396.5 0 0 0 0 0 0 0 0 0
130.8 -857.8 2364.1 0 0 0 0 0 0 0 0 0
39.7 1.5 3187.9 8 0.9972030520 0.0181220397 -0.0725101084 -0.0578822903 0.8010151386 -0.5958392024 0.0472838767 0.5983697176 0.7998237014
35.9 -164.8 3063.7 0.9972030520 0.0181220397 -0.0725101084 -0.0578822903 0.8010151386 -0.5958392024 0.0472838767 0.5983697176 0.7998237014
32.1 -319.6 2939.1 0.9971370101 0.0190308318 -0.0731820688 -0.0606894121 0.7787346840 -0.6244110465 0.0451063514 0.6270647049 0.7776601315
-109.6 -156.0 3057.1 0.3265006840 -0.9370962381 0.1234827563 0.7095699310 0.3293133676 0.6229472160 -0.6244260073 -0.1157730371 0.7724563479
-220.0 -395.9 3268.3 -0.1391218305 -0.9370962381 -0.3201496601 -0.0481578372 0.3293133676 -0.9429917932 0.9891036153 -0.1157730371 -0.0909432024
181.4 -173.7 3070.3 0.4953314066 0.8130928874 0.3058214188 -0.8543000221 0.3920921683 0.3412261009 0.1575383246 -0.4302832484 0.8888407946
312.9 -400.4 3112.1 -0.5184378624 0.8130928874 0.2647680342 0.1515479684 0.3920921683 -0.9073570967 -0.8415790796 -0.4302832484 -0.3264980018
-63.4 -467.6 2808.2 0.9661598802 0.2286839783 -0.1193263009 -0.1213968992 -0.0050437595 -0.9925912023 -0.2275915742 0.9734876752 0.0228884481
-158.1 -465.5 2405.0 0.9661598802 0.1326476783 0.2212232500 -0.1213968992 0.9905539155 -0.0637630150 -0.2275915742 0.0347494446 0.9731364250
119.0 -479.4 2816.4 0.9835364223 0.0997498259 0.1506855190 0.1511845291 0.0025812201 -0.9885022044 -0.0989918783 0.9950091839 -0.0125419069
74.9 -480.5 2375.7 0.9835364223 -0.1488105804 0.1025259122 0.1511845291 0.9883801937 -0.0157428738 -0.0989918783 0.0309840217 0.9946057796
-184.1 -383.5 3013.0 0 0 0 0 0 0 0 0 0
178.3 -361.1 2893.6 0 0 0 0 0 0 0 0 0
-204.7 -813.5 2392.8 0 0 0 0 0 0 0 0 0
131.7 -858.2 2363.9 0 0 0 0 0 0 0 0 0
37.8 1.5 3188.3 9 0.9987769127 0.0210786015 -0.0447260961 -0.0434830897 0.8050469756 -0.5916152596 0.0235361848 0.5928364396 0.8049788475
33.5 -165.3 3065.5 0.9987769127 0.0210786015 -0.0447260961 -0.0434830897 0.8050469756 -0.5916152596 0.0235361848 0.5928364396 0.8049788475
28.8 -321.2 2942.4 0.9986821413 0.0237837285 -0.0454786904 -0.0468401276 0.7845594287 -0.6182819009 0.0209756847 0.6195973158 0.7846394777
-112.3 -158.5 3062.5 0.3012715280 -0.9440914989 0.1338908076 0.7081552744 0.3155570328 0.6316168308 -0.6385542750 -0.0954726860 0.7636317015
-214.2 -397.9 3278.4 -0.1141116172 -0.9440914989 -0.3093053699 -0.0410825387 0.3155570328 -0.9480168819 0.9926181436 -0.0954726860 -0.0747943968
179.2 -172.2 3068.6 0.5108190775 0.7967839241 0.3227991164 -0.8460237980 0.3992361426 0.3533471823 0.1526682824 -0.4535922110 0.8780356050
314.8 -396.8 3109.1 -0.5410146117 0.7967839241 0.2691441476 0.1369840503 0.3992361426 -0.9065571427 -0.8297822475 -0.4535922110 -0.3251392841
-63.0 -468.8 2810.5 0.9658571482 0.2321776748 -0.1149497330 -0.1174713150 -0.0029840139 -0.9930717945 -0.2309121192 0.9726688266 0.0243920870
-160.6 -467.5 2401.3 0.9658571482 0.1270291805 0.2257952690 -0.1174713150 0.9915336967 -0.0553297922 -0.2309121192 0.0269162115 0.9726022482
119.7 -479.9 2818.7 0.9837929010 0.0990772918 0.1494497657 0.1504962891 -0.0031319431 -0.9886056185 -0.0974802971 0.9950748086 -0.0179919489
76.0 -478.5 2379.5 0.9837929010 -0.1462088227 0.1038004011 0.1504962891 0.9880011082 -0.0347079858 -0.0974802971 0.0497670472 0.9939923882
-184.7 -387.3 3022.2 0 0 0 0 0 0 0 0 0
174.4 -361.2 2893.7 0 0 0 0 0 0 0 0 0
-205.2 -815.4 2391.9 0 0 0 0 0 0 0 0 0
131.8 -856.0 2360.5 0 0 0 0 0 0 0 0 0
39.1 2.2 3187.6 0 0.9994766116 0.0296586081 0.0129182776 -0.0164227337 0.8092283010 -0.5872646570 -0.0278712884 0.5867451429 0.8092918396
32.9 -165.6 3065.9 0.9994766116 0.0296586081 0.0129182776 -0.0164227337 0.8092283010 -0.5872646570 -0.0278712884 0.5867451429 0.8092918396
26.4 -322.3 2943.9 0.9993774295 0.0332378298 0.0118297534 -0.0189411230 0.7883669734 -0.6149136424 -0.0297645833 0.6143067479 0.7885057330
-112.8 -162.8 3070.3 0.2483654767 -0.9562827349 0.1543953568 0.7129091024 0.2883616984 0.6392245889 -0.6558011770 -0.0486914702 0.7533617616
-196.6 -403.6 3291.8 -0.0622952729 -0.9562827349 -0.2857317626 -0.0381831974 0.2883616984 -0.9567599297 0.9973270893 -0.0486914702 -0.0544775054
178.6 -168.4 3061.5 0.5411912799 0.7611806989 0.3573736548 -0.8308762312 0.4186234176 0.3666048050 0.1294475347 -0.4953366220 0.8590022922
322.2 -388.8 3095.9 -0.5860741138 0.7611806989 0.2777067423 0.1169582009 0.4186234176 -0.9005971551 -0.8017717004 -0.4953366220 -0.3343706727
-67.4 -472.8 2817.4 0.9686763287 0.2159943581 -0.1225259900 -0.1251389235 -0.0015906987 -0.9921379685 -0.2144911140 0.9763933420 0.0254884288
-159.0 -472.2 2403.3 0.9686763287 0.1349928975 0.2084300816 -0.1251389235 0.9903339744 -0.0598232113 -0.2144911140 0.0318666138 0.9762059450
115.6 -481.5 2821.3 0.9864522219 0.0837235749 0.1410759091 0.1421573311 -0.0070687658 -0.9898188114 -0.0818739384 0.9964639544 -0.0188749190
78.4 -478.3 2378.6 0.9864522219 -0.1385014504 0.0879170075 0.1421573311 0.9891615510 -0.0367518812 -0.0818739384 0.0487520210 0.9954496026
-180.6 -393.7 3034.6 0 0 0 0 0 0 0 0 0
170.2 -358.5 2888.0 0 0 0 0 0 0 0 0 0
-205.5 -813.4 2392.3 0 0 0 0 0 0 0 0 0
131.3 -856.3 2360.0 0 0 0 0 0 0 0 0 0
38.5 1.6 3187.7 1 0.9994174838 0.0339744054 0.0032230311 -0.0255948249 0.8086706996 -0.5877045393 -0.0225732848 0.5872797370 0.8090692163
31.5 -165.8 3066.1 0.9994174838 0.0339744054 0.0032230311 -0.0255948249 0.8086706996 -0.5877045393 -0.0225732848 0.5872797370 0.8090692163
23.9 -322.3 2944.0 0.9992666245 0.0382390320 0.0019827215 -0.0289300252 0.7878974080 -0.6151266098 -0.0250840262 0.6146181226 0.7884258628
-114.3 -161.5 3069.8 0.2586270273 -0.9530324936 0.1576106250 0.7102661133 0.2982002795 0.6376508474 -0.6547015309 -0.0529682562 0.7540293932
-201.8 -401.7 3291.2 -0.0673398226 -0.9530324936 -0.2952869534 -0.0381207168 0.2982002795 -0.9537417889 0.9970015883 -0.0529682562 -0.0564110391
177.3 -170.0 3062.5 0.5324547887 0.7676557899 0.3566461504 -0.8360637426 0.4111266136 0.3632799983 0.1322472692 -0.4916090965 0.8607155085
318.6 -391.9 3097.6 -0.5811219811 0.7676557899 0.2701885104 0.1231472269 0.4111266136 -0.9032218456 -0.8044451475 -0.4916090965 -0.3334493935
-71.6 -477.2 2824.6 0.9709753394 0.2020671964 -0.1279676259 -0.1266697496 -0.0193963256 -0.9917553067 -0.2028833181 0.9791795611 0.0067624478
-158.3 -468.9 2404.7 0.9709753394 0.1353005320 0.1972324252 -0.1266697496 0.9903743863 -0.0557970330 -0.2028833181 0.0291941613 0.9787676334
111.3 -480.7 2819.2 0.9864806533 0.0752584636 0.1455750167 0.1463306993 -0.0045968294 -0.9892250299 -0.0737783685 0.9971534610 -0.0155473063
77.8 -478.7 2375.3 0.9864806533 -0.1432345659 0.0796227157 0.1463306993 0.9886344671 -0.0344846472 -0.0737783685 0.0456696860 0.9962283969
-184.4 -391.8 3033.8 0 0 0 0 0 0 0 0 0
167.8 -359.9 2888.7 0 0 0 0 0 0 0 0 0
-205.3 -813.1 2394.6 0 0 0 0 0 0 0 0 0
132.5 -856.4 2357.8 0 0 0 0 0 0 0 0 0
38.7 3.9 3187.2 2 0.9998071790 0.0195905864 -0.0013614437 -0.0166976601 0.8115814924 -0.5840005875 -0.0103359912 0.5839107037 0.8117520809
34.6 -165.3 3065.5 0.9998071790 0.0195905864 -0.0013614437 -0.0166976601 0.8115814924 -0.5840005875 -0.0103359912 0.5839107037 0.8117520809
29.8 -321.6 2942.9 0.9997009039 0.0243497975 -0.0022748827 -0.0205618646 0.7865201831 -0.6172221303 -0.0132399937 0.6170843244 0.7867856622
-111.4 -162.3 3067.4 0.2604645193 -0.9547625184 0.1434808969 0.7140792608 0.2905229330 0.6369358301 -0.6498069763 -0.0634424537 0.7574470043
-199.5 -403.9 3287.2 -0.0788592026 -0.9547625184 -0.2867224216 -0.0416565277 0.2905229330 -0.9559608698 0.9960150123 -0.0634424537 -0.0626825020
180.5 -168.3 3063.6 0.5378779769 0.7700257301 0.3431437314 -0.8318686485 0.4188084304 0.3641346991 0.1366816163 -0.4813105464 0.8658280969
323.3 -389.2 3099.8 -0.5725238323 0.7700257301 0.2815613449 0.1206618175 0.4188084304 -0.9000223279 -0.8109606504 -0.4813105464 -0.3326905370
-75.2 -476.3 2824.2 0.9723194242 0.1925330460 -0.1323858500 -0.1302552819 -0.0237394031 -0.9911962748 -0.1939807981 0.9810032845 0.0019961637
-157.5 -466.1 2404.6 0.9723194242 0.1384555548 0.1882154197 -0.1302552819 0.9899358749 -0.0553216748 -0.1939807981 0.0292742867 0.9805684686
107.9 -481.6 2819.6 0.9877983928 0.0668148994 0.1406773329 0.1410731971 -0.0012204216 -0.9899984002 -0.0659749657 0.9977646470 -0.0106313219
78.5 -481.1 2379.8 0.9877983928 -0.1383660585 0.0714785010 0.1410731971 0.9894047379 -0.0343018100 -0.0659749657 0.0439669713 0.9968521595
-179.1 -393.1 3030.1 0 0 0 0 0 0 0 0 0
174.6 -357.8 2889.2 0 0 0 0 0 0 0 0 0
-205.9 -811.8 2394.4 0 0 0 0 0 0 0 0 0
131.3 -859.1 2363.0 0 0 0 0 0 0 0 0 0
38.3 3.5 3187.5 3 0.9997677803 0.0157434940 -0.0147143211 -0.0213832296 0.8093755841 -0.5869020224 0.0026695237 0.5870803595 0.8095242381
35.0 -164.7 3065.5 0.9997677803 0.0157434940 -0.0147143211 -0.0213832296 0.8093755841 -0.5869020224 0.0026695237 0.5870803595 0.8095242381
30.8 -320.9 2942.9 0.9996543527 0.0212946571 -0.0154170841 -0.0262699593 0.7863833308 -0.6171799898 -0.0010188975 0.6173716784 0.7866709232
-110.9 -160.8 3065.7 0.2724960446 -0.9522214532 0.1379137337 0.7125269175 0.2960367203 0.6361349821 -0.6465688944 -0.0750770122 0.7591522336
-203.1 -401.9 3284.4 -0.0912677869 -0.9522214532 -0.2914523780 -0.0412367918 0.2960367203 -0.9542860389 0.9949722290 -0.0750770122 -0.0662851706
181.0 -168.5 3065.4 0.5314503908 0.7782188058 0.3345683217 -0.8348854184 0.4144063294 0.3622619510 0.1432718486 -0.4718504548 0.8699599504
322.1 -390.2 3103.4 -0.5618872046 0.7782188058 0.2804608047 0.1239235103 0.4144063294 -0.9016154408 -0.8178787827 -0.4718504548 -0.3292892277
-66.7 -476.0 2821.5 0.9679687023 0.2125011086 -0.1337154657 -0.1302733123 -0.0301834345 -0.9910185933 -0.2146285325 0.9766945243 -0.0015333983
-157.8 -463.1 2402.8 0.9679687023 0.1378207505 0.2098618299 -0.1302733123 0.9902446270 -0.0494409204 -0.2146285325 0.0205178689 0.9764801860
116.6 -479.8 2819.1 0.9851630926 0.0886671096 0.1469415575 0.1476891637 -0.0018948688 -0.9890320301 -0.0874161720 0.9960595369 -0.0149619263
77.3 -479.0 2378.4 0.9851630926 -0.1452738196 0.0913739353 0.1476891637 0.9888271689 -0.0202160031 -0.0874161720 0.0334109999 0.9956114292
-179.6 -391.2 3027.5 0 0 0 0 0 0 0 0 0
176.2 -358.0 2891.0 0 0 0 0 0 0 0 0 0
-206.4 -812.2 2395.6 0 0 0 0 0 0 0 0 0
132.8 -856.8 2365.7 0 0 0 0 0 0 0 0 0
37.8 1.8 3187.6 4 0.9993690252 0.0353437178 0.0035123425 -0.0266728736 0.8121195436 -0.5828810930 -0.0234536268 0.5824196339 0.8125498891
30.4 -167.0 3066.6 0.9993690252 0.0353437178 0.0035123425 -0.0266728736 0.8121195436 -0.5828810930 -0.0234536268 0.5824196339 0.8125498891
23.2 -324.1 2945.2 0.9993369579 0.0363400094 0.0022341774 -0.0273897070 0.7907994986 -0.6114621162 -0.0239873268 0.6109955311 0.7912705541
-115.5 -163.0 3070.1 0.2580404282 -0.9534523487 0.1560248137 0.7075856328 0.2964642942 0.6414292455 -0.6578280330 -0.0551137663 0.7511489391
-202.8 -402.4 3292.7 -0.0682139993 -0.9534523487 -0.2937268317 -0.0340188779 0.2964642942 -0.9544378519 0.9970905781 -0.0551137663 -0.0526583940
176.4 -171.0 3063.1 0.5338264704 0.7674770355 0.3549764454 -0.8344215155 0.4100936949 0.3681900501 0.1370038092 -0.4927495718 0.8593182564
318.1 -392.6 3099.5 -0.5806016922 0.7674770355 0.2718098760 0.1187480018 0.4100936949 -0.9042798877 -0.8054815531 -0.4927495718 -0.3292374611
-65.1 -474.8 2820.3 0.9683490396 0.2164853662 -0.1242343858 -0.1230212301 -0.0191251896 -0.9922197461 -0.2171770632 0.9760985374 0.0081124362
-157.7 -466.6 2402.5 0.9683490396 0.1311341375 0.2123768777 -0.1230212301 0.9910910130 -0.0510336570 -0.2171770632 0.0232915282 0.9758543372
118.2 -479.6 2820.1 0.9830837250 0.0974141285 0.1551027447 0.1558263600 0.0001819041 -0.9877844453 -0.0962523744 0.9952439070 -0.0150008621
75.1 -479.7 2379.8 0.9830837250 -0.1514520645 0.1029982790 0.1558263600 0.9871357679 -0.0357929356 -0.0962523744 0.0512373000 0.9940373302
-185.2 -393.6 3035.2 0 0 0 0 0 0 0 0 0
167.3 -361.7 2890.3 0 0 0 0 0 0 0 0 0
-203.7 -813.8 2394.4 0 0 0 0 0 0 0 0 0
133.0 -856.8 2360.3 0 0 0 0 0 0 0 0 0
40.1 3.3 3188.7 5 0.9989931583 0.0377207957 0.0242850613 -0.0162272099 0.8084977269 -0.5882754922 -0.0418246388 0.5872891545 0.8082958460
32.2 -165.0 3066.4 0.9989931583 0.0377207957 0.0242850613 -0.0162272099 0.8084977269 -0.5882754922 -0.0418246388 0.5872891545 0.8082958460
24.7 -321.0 2943.6 0.9990208745 0.0379059091 0.0228136629 -0.0156440083 0.7850151062 -0.6192790270 -0.0413834043 0.6183157563 0.7848395109
-113.7 -162.7 3072.4 0.2386957556 -0.9575208426 0.1617965698 0.7170317173 0.2861454189 0.6355991364 -0.6548967957 -0.0357015468 0.7548745275
-194.4 -405.3 3294.0 -0.0505610593 -0.9575208426 -0.2838967741 -0.0447084904 0.2861454189 -0.9571425915 0.9977197647 -0.0357015468 -0.0572771244
178.1 -167.3 3060.4 0.5455380082 0.7541325092 0.3656123877 -0.8295489550 0.4237810075 0.3636732101 0.1193182170 -0.5016909242 0.8567785025
322.9 -387.5 3092.1 -0.5957359076 0.7541325092 0.2763744891 0.1199554950 0.4237810075 -0.8977863789 -0.7941721678 -0.5016909242 -0.3429239094
-75.6 -478.7 2826.1 0.9727160335 0.1929539889 -0.1288108826 -0.1258726269 -0.0274628662 -0.9916661978 -0.1948834658 0.9808233976 -0.0024259437
-158.8 -466.9 2403.0 0.9727160335 0.1313264966 0.1912507117 -0.1258726269 0.9912215471 -0.0404460616 -0.1948834658 0.0152693037 0.9807075262
107.6 -483.8 2821.7 0.9853567481 0.0741133019 0.1535553634 0.1547553539 -0.0106952889 -0.9878949523 -0.0715738386 0.9971925020 -0.0220081061
74.8 -479.1 2380.3 0.9853567481 -0.1500631571 0.0809510946 0.1547553539 0.9864118099 -0.0551586635 -0.0715738386 0.0668785796 0.9951906800
-181.4 -393.8 3036.4 0 0 0 0 0 0 0 0 0
168.2 -356.4 2885.8 0 0 0 0 0 0 0 0 0
-204.9 -815.0 2397.7 0 0 0 0 0 0 0 0 0
132.2 -855.9 2354.8 0 0 0 0 0 0 0 0 0
40.3 2.7 3188.7 6 0.9989866614 0.0423234701 0.0153100900 -0.0251842551 0.8075824976 -0.5892166495 -0.0373018533 0.5882340074 0.8078300357
31.5 -164.8 3066.8 0.9989866614 0.0423234701 0.0153100900 -0.0251842551 0.8075824976 -0.5892166495 -0.0373018533 0.5882340074 0.8078300357
22.7 -321.1 2944.4 0.9989356399 0.0440067761 0.0138194626 -0.0261261463 0.7867293954 -0.6167449355 -0.0380131342 0.6157274842 0.7870417237
-114.4 -161.0 3072.3 0.2482669950 -0.9543734193 0.1659364402 0.7121707201 0.2959427238 0.6365773678 -0.6566401720 -0.0398660749 0.7531496286
-198.4 -401.9 3294.5 -0.0543095693 -0.9543734193 -0.2936356068 -0.0407427512 0.2959427238 -0.9543364048 0.9976925850 -0.0398660749 -0.0549563207
177.4 -168.6 3061.2 0.5365715623 0.7601300478 0.3664604723 -0.8346891403 0.4142523408 0.3628898263 0.1240363494 -0.5005969405 0.8567483425
319.9 -390.2 3094.1 -0.5918279290 0.7601300478 0.2682200670 0.1233720928 0.4142523408 -0.9017617702 -0.7965670228 -0.5005969405 -0.3389449418
-74.5 -475.5 2824.5 0.9733451009 0.1865335554 -0.1334338337 -0.1314926893 -0.0227975100 -0.9910549521 -0.1879069656 0.9821840525 0.0023379533
-154.5 -465.8 2403.0 0.9733451009 0.1388637275 0.1825273037 -0.1314926893 0.9899553061 -0.0519436114 -0.1879069656 0.0265580527 0.9818276763
108.7 -478.4 2816.9 0.9863207340 0.0748817399 0.1468471438 0.1477562487 -0.0067184670 -0.9890009761 -0.0730715320 0.9971697927 -0.0176908094
76.2 -475.5 2383.5 0.9863207340 -0.1434235573 0.0812467933 0.1477562487 0.9877558351 -0.0500647388 -0.0730715320 0.0613846108 0.9954358339
-184.4 -391.4 3036.8 0 0 0 0 0 0 0 0 0
166.1 -358.2 2887.2 0 0 0 0 0 0 0 0 0
-203.3 -813.6 2393.7 0 0 0 0 0 0 0 0 0
131.0 -852.9 2360.1 0 0 0 0 0 0 0 0 0
39.7 2.6 3188.2 7 0.9987400770 0.0470336601 0.0174950156 -0.0278231930 0.8091419935 -0.5869541168 -0.0417625494 0.5857278109 0.8094311953
30.0 -165.5 3066.6 0.9987400770 0.0470336601 0.0174950156 -0.0278231930 0.8091419935 -0.5869541168 -0.0417625494 0.5857278109 0.8094311953
19.8 -321.9 2944.5 0.9985663295 0.0511680804 0.0157202743 -0.0306480248 0.7873017788 -0.6158056855 -0.0438861921 0.6144409776 0.7877412438
-115.9 -161.0 3073.0 0.2475561798 -0.9532596469 0.1732397527 0.7102025151 0.3001638353 0.6367998719 -0.6590359211 -0.0346084386 0.7513147593
-199.7 -401.3 3296.0 -0.0486055985 -0.9532596469 -0.2982173264 -0.0392884500 0.3001638353 -0.9530782104 0.9980450273 -0.0346084386 -0.0520417392
175.8 -169.9 3060.2 0.5335793495 0.7590042353 0.3731027544 -0.8369088173 0.4102255702 0.3623514771 0.1219700277 -0.5055962205 0.8541052341
317.5 -392.2 3092.6 -0.5959727168 0.7590042353 0.2621623576 0.1250623763 0.4102255702 -0.9033683538 -0.7932060957 -0.5055962205 -0.3394061029
-77.6 -475.0 2825.6 0.9741664529 0.1776316315 -0.1394517124 -0.1387261301 -0.0165605340 -0.9901922941 -0.1781988740 0.9839577079 0.0085094320
-153.9 -467.9 2403.0 0.9741664529 0.1457067579 0.1725378782 -0.1387261301 0.9889691472 -0.0519140884 -0.1781988740 0.0266374499 0.9836338758
105.6 -479.8 2818.6 0.9873200059 0.0635194853 0.1454800814 0.1459391117 -0.0026228824 -0.9892901182 -0.0624576211 0.9979771376 -0.0118596014
77.5 -478.7 2378.1 0.9873200059 -0.1437855065 0.0672674328 0.1459391117 0.9888900518 -0.0282537024 -0.0624576211 0.0377123952 0.9973348379
-187.1 -391.2 3038.2 0 0 0 0 0 0 0 0 0
162.7 -359.7 2886.5 0 0 0 0 0 0 0 0 0
-204.9 -813.9 2393.7 0 0 0 0 0 0 0 0 0
132.5 -856.4 2363.7 0 0 0 0 0 0 0 0 0
39.6 3.7 3188.0 8 0.9987874031 0.0485275164 0.0082921274 -0.0346283689 0.8122208714 -0.5823213458 -0.0349936485 0.5813280940 0.8129163980
29.6 -165.1 3067.2 0.9987874031 0.0485275164 0.0082921274 -0.0346283689 0.8122208714 -0.5823213458 -0.0349936485 0.5813280940 0.8129163980
19.1 -321.9 2945.7 0.9985864758 0.0527695157 0.0063602244 -0.0378055647 0.7892829776 -0.6128646731 -0.0373605900 0.6117579341 0.7901622653
-116.3 -159.6 3072.7 0.2567569315 -0.9508820772 0.1729137301 0.7059003115 0.3067086339 0.6384626627 -0.6601368785 -0.0418698601 0.7499774694
-203.2 -398.5 3296.1 -0.0552585125 -0.9508820772 -0.3045813143 -0.0350960940 0.3067086339 -0.9511561990 0.9978550673 -0.0418698601 -0.0503205098
175.4 -170.6 3061.8 0.5269073248 0.7650761008 0.3701719046 -0.8401418924 0.4029638469 0.3630175591 0.1285701841 -0.5022735596 0.8550970554
315.3 -393.7 3095.9 -0.5899997950 0.7650761008 0.2579899430 0.1261622012 0.4029638469 -0.9064784646 -0.7974856496 -0.5022735596 -0.3342722654
-81.9 -475.5 2826.4 0.9760634899 0.1728888452 -0.1319451332 -0.1301844567 -0.0215346422 -0.9912558794 -0.1742184907 0.9847059250 0.0014882631
-156.0 -466.3 2404.9 0.9760634899 0.1375193447 0.1684888899 -0.1301844567 0.9900243878 -0.0538860671 -0.1742184907 0.0306615885 0.9842295647
101.2 -481.2 2818.4 0.9872462749 0.0563597903 0.1488902867 0.1496031731 -0.0086247548 -0.9887084961 -0.0544392616 0.9983732700 -0.0169463605
76.3 -477.4 2377.3 0.9872462749 -0.1474267244 0.0600841194 0.1496031731 0.9881793857 -0.0334717333 -0.0544392616 0.0420336202 0.9976319671
-188.9 -389.4 3038.3 0 0 0 0 0 0 0 0 0
162.0 -360.9 2888.7 0 0 0 0 0 0 0 0 0
-204.3 -814.0 2394.1 0 0 0 0 0 0 0 0 0
132.6 -854.9 2361.2 0 0 0 0 0 0 0 0 0
39.6 3.4 3187.4 9 0.9988853931 0.0466950871 0.0068977904 -0.0340085924 0.8133026958 -0.5808460116 -0.0327326469 0.5799640417 0.8139842153
29.9 -166.1 3066.6 0.9988853931 0.0466950871 0.0068977904 -0.0340085924 0.8133026958 -0.5808460116 -0.0327326469 0.5799640417 0.8139842153
19.9 -322.7 2944.7 0.9987199306 0.0503470935 0.0048630661 -0.0367386118 0.7881203890 -0.6144237518 -0.0347671323 0.6134585738 0.7889612317
-116.0 -160.7 3071.6 0.2578141689 -0.9510733485 0.1702682972 0.7074567080 0.3058433235 0.6371537447 -0.6580553651 -0.0438098200 0.7516939640
-203.2 -400.1 3294.4 -0.0579004250 -0.9510733485 -0.3034913242 -0.0371481739 0.3058433235 -0.9513568282 0.9976309538 -0.0438098200 -0.0530390963
175.8 -171.4 3061.5 0.5274136066 0.7660101056 0.3675097525 -0.8398621678 0.4047302902 0.3616972566 0.1283214241 -0.4994215965 0.8568031788
315.9 -394.5 3095.6 -0.5879971385 0.7660101056 0.2597843707 0.1271774024 0.4047302902 -0.9055491686 -0.7988024354 -0.4994215965 -0.3353994191
-83.0 -475.3 2827.5 0.9758548737 0.1704895198 -0.1365304142 -0.1355160624 -0.0176287610 -0.9906182885 -0.1712968946 0.9852017760 0.0059009548
-157.3 -467.6 2398.4 0.9758548737 0.1394617260 0.1681001335 -0.1355160624 0.9901645780 -0.0347772129 -0.1712968946 0.0111572444 0.9851562977
100.2 -482.3 2820.7 0.9878924489 0.0530076884 0.1458034664 0.1465170979 -0.0098148258 -0.9891594648 -0.0510020219 0.9985458851 -0.0174625255
76.8 -477.9 2381.0 0.9878924489 -0.1430109888 0.0601358712 0.1465170979 0.9874709249 -0.0585997030 -0.0510020219 0.0667011365 0.9964686632
-188.3 -390.5 3036.6 0 0 0 0 0 0 0 0 0
163.1 -361.4 2888.0 0 0 0 0 0 0 0 0 0
-205.7 -811.6 2394.5 0 0 0 0 0 0 0 0 0
131.4 -855.1 2355.6 0 0 0 0 0 0 0 0 0
40.5 2.9 3187.6 0 0.9980710149 0.0292761866 -0.0547464080 -0.0561119653 0.8027281761 -0.5936993361 0.0265652332 0.5956259966 0.8028224707
34.4 -165.0 3063.0 0.9980710149 0.0292761866 -0.0547464080 -0.0561119653 0.8027281761 -0.5936993361 0.0265652332 0.5956259966 0.8028224707
27.7 -320.4 2939.4 0.9978719354 0.0337172821 -0.0558097586 -0.0611193851 0.7818625569 -0.6204477549 0.0227157492 0.6225384474 0.7822594643
-111.1 -156.0 3059.7 0.3124487996 -0.9394261241 0.1409053952 0.7064217925 0.3289526105 0.6267043948 -0.6350936890 -0.0962743834 0.7664119601
-216.7 -394.7 3274.3 -0.1166635901 -0.9394261241 -0.3222858608 -0.0427676886 0.3289526105 -0.9433774948 0.9922502637 -0.0962743834 -0.0785538703
179.8 -174.0 3066.3 0.4981862605 0.8033062816 0.3263579011 -0.8539770246 0.3894173503 0.3450758755 0.1501121819 -0.4506142139 0.8800075054
312.0 -400.6 3106.1 -0.5373470187 0.8033062816 0.2568213046 0.1476359367 0.3894173503 -0.9091522098 -0.8303383589 -0.4506142139 -0.3278491199
-81.7 -475.9 2825.9 0.9758728147 0.1739337891 -0.1319823414 -0.1296861768 -0.0245519839 -0.9912510514 -0.1756524891 0.9844512343 -0.0014028035
-157.7 -465.2 2396.1 0.9758728147 0.1324951798 0.1735434532 -0.1296861768 0.9911742806 -0.0274778269 -0.1756524891 0.0043086768 0.9844428301
101.5 -482.6 2819.6 0.9890048504 0.0518655479 0.1384895742 0.1391387284 -0.0091044707 -0.9902310371 -0.0500979982 0.9986125827 -0.0162208714
78.8 -478.7 2382.2 0.9890048504 -0.1351435632 0.0600467660 0.1391387284 0.9879183173 -0.0682481676 -0.0500979982 0.0758526027 0.9958597422
-186.6 -383.7 3018.4 0 0 0 0 0 0 0 0 0
172.7 -362.3 2890.8 0 0 0 0 0 0 0 0 0
-204.2 -813.4 2394.5 0 0 0 0 0 0 0 0 0
130.4 -856.1 2353.3 0 0 0 0 0 0 0 0 0
41.1 2.4 3187.2 1 0.9951465726 -0.0007009465 -0.0984009728 -0.0577399544 0.8055755496 -0.5896729231 0.0796827450 0.5924926400 0.8016253114
41.2 -166.0 3063.3 0.9951465726 -0.0007009465 -0.0984009728 -0.0577399544 0.8055755496 -0.5896729231 0.0796827450 0.5924926400 0.8016253114
39.7 -322.3 2940.7 0.9951086044 0.0074512786 -0.0985052586 -0.0666934326 0.7862753868 -0.6142662168 0.0728751943 0.6178312898 0.7829263806
-103.8 -156.3 3052.7 0.3480825126 -0.9314051270 0.1064100936 0.7000493407 0.3337453008 0.6313042045 -0.6235138178 -0.1452536434 0.7682003975
-221.5 -392.8 3263.4 -0.1662108451 -0.9314051270 -0.3238186240 -0.0349561721 0.3337453008 -0.9420149326 0.9854704738 -0.1452536434 -0.0880304426
186.3 -175.7 3073.9 0.4845323861 0.8272610307 0.2843722403 -0.8558299541 0.3810070455 0.3498409986 0.1810619831 -0.4128835797 0.8926050067
314.8 -402.8 3121.9 -0.4943890870 0.8272610307 0.2668682337 0.1446021348 0.3810070455 -0.9131942987 -0.8571287394 -0.4128835797 -0.3079894185
-70.3 -470.2 2813.7 0.9700493813 0.2082716227 -0.1250085086 -0.1270386130 -0.0036543559 -0.9918910265 -0.2070395797 0.9780641794 0.0229136329
-157.9 -468.6 2402.1 0.9700493813 0.1334004402 0.2029988319 -0.1270386130 0.9909163713 -0.0441132970 -0.2070395797 0.0170033872 0.9781848192
112.4 -481.4 2817.8 0.9877889752 0.0753267705 0.1363776028 0.1373317391 -0.0076110312 -0.9904958606 -0.0735728815 0.9971298575 -0.0178628489
79.6 -478.1 2383.2 0.9877889752 -0.1314790398 0.0835836977 0.1373317391 0.9881464243 -0.0686045289 -0.0735728815 0.0792454928 0.9941363931
-178.6 -383.8 3009.3 0 0 0 0 0 0 0 0 0
186.6 -365.3 2899.7 0 0 0 0 0 0 0 0 0
-204.7 -816.5 2396.1 0 0 0 0 0 0 0 0 0
129.8 -855.7 2352.9 0 0 0 0 0 0 0 0 0
42.3 1.6 3188.0 2 0.9930584431 -0.0113134375 -0.1170766726 -0.0603610426 0.8052855134 -0.5898065567 0.1009528935 0.5927792192 0.7990127206
44.6 -166.6 3064.2 0.9930584431 -0.0113134375 -0.1170766726 -0.0603610426 0.8052855134 -0.5898065567 0.1009528935 0.5927792192 0.7990127206
44.8 -323.3 2942.0 0.9931417108 -0.0009346163 -0.1169130802 -0.0711961910 0.7883507609 -0.6110925674 0.0927396566 0.6152253151 0.7828775048
-100.3 -156.2 3050.6 0.3637913764 -0.9266615510 0.0946267620 0.6959528923 0.3379205167 0.6336081624 -0.6191166043 -0.1646454036 0.7678453326
-223.3 -391.5 3260.0 -0.1857801676 -0.9266615510 -0.3267784119 -0.0309434198 0.3379205167 -0.9406658411 0.9821040034 -0.1646454036 -0.0914530084
189.5 -177.0 3077.7 0.4769757092 0.8370256424 0.2681087554 -0.8572979569 0.3758287430 0.3518422842 0.1937380135 -0.3976692855 0.8968415260
316.1 -404.5 3129.1 -0.4766840637 0.8370256424 0.2686269283 0.1440597773 0.3758287430 -0.9154231548 -0.8671903610 -0.3976692855 -0.2997332811
-52.8 -472.5 2811.4 0.9608428478 0.2473080754 -0.1249790117 -0.1277322322 -0.0049457941 -0.9917963743 -0.2458973676 0.9689242840 0.0268370807
-157.4 -470.4 2401.8 0.9608428478 0.1353447437 0.2417908907 -0.1277322322 0.9906962514 -0.0469618067 -0.2458973676 0.0142384246 0.9691913128
129.3 -484.7 2824.8 0.9829378724 0.1161618084 0.1426168531 0.1452518255 -0.0144997304 -0.9892884493 -0.1128496304 0.9931244850 -0.0311250482
77.5 -478.2 2382.2 0.9829378724 -0.1372001618 0.1225122362 0.1452518255 0.9876121283 -0.0593653582 -0.1128496304 0.0761475861 0.9906899333
-175.3 -383.5 3006.6 0 0 0 0 0 0 0 0 0
192.4 -367.1 2904.1 0 0 0 0 0 0 0 0 0
-204.6 -816.2 2396.9 0 0 0 0 0 0 0 0 0
130.0 -855.6 2353.1 0 0 0 0 0 0 0 0 0
41.9 4.6 3187.4 3 0.9833009243 -0.0129685625 -0.1815245301 -0.0952163115 0.8133800030 -0.5738874674 0.1550909281 0.5815881491 0.7985624671
44.6 -163.8 3066.9 0.9833009243 -0.0129685625 -0.1815245301 -0.0952163115 0.8133800030 -0.5738874674 0.1550909281 0.5815881491 0.7985624671
45.5 -322.2 2946.9 0.9834159017 -0.0054323161 -0.1812832057 -0.1052819192 0.7967967391 -0.5950047374 0.1476781219 0.6042230129 0.7830107212
-98.7 -148.5 3045.4 0.4219958782 -0.9034070373 0.0759951547 0.6735696197 0.3685307205 0.6406942010 -0.6068142056 -0.2191822827 0.7640259266
-241.2 -375.9 3250.2 -0.2392979562 -0.9034070373 -0.3557980657 -0.0091681136 0.3685307205 -0.9295703769 0.9709029198 -0.2191822827 -0.0964711905
187.8 -179.1 3088.5 0.4339349568 0.8704344630 0.2324742973 -0.8711439967 0.3395571113 0.3546957076 0.2298010737 -0.3564334810 0.9056195021
302.8 -410.0 3149.4 -0.4235305488 0.8704344630 0.2509297431 0.1474758238 0.3395571113 -0.9289520383 -0.8937968016 -0.3564334810 -0.2721808553
-46.0 -473.4 2811.4 0.9570743442 0.2657085955 -0.1157911047 -0.1171706021 -0.0107103949 -0.9930540323 -0.2651031613 0.9639939070 0.0208825935
-158.5 -468.9 2403.0 0.9570743442 0.1282882094 0.2599053383 -0.1171706021 0.9914228916 -0.0578937382 -0.2651031613 0.0249553472 0.9638970494
136.0 -486.5 2828.4 0.9773977995 0.1389003545 0.1593743712 0.1637847871 -0.0208481196 -0.9862757921 -0.1336714029 0.9900869131 -0.0431266725
73.6 -477.1 2383.8 0.9773977995 -0.1538861096 0.1449571252 0.1637847871 0.9847328067 -0.0589567386 -0.1336714029 0.0813659579 0.9876798987
-179.5 -373.6 3000.0 0 0 0 0 0 0 0 0 0
193.0 -371.8 2917.7 0 0 0 0 0 0 0 0 0
-203.2 -813.9 2394.3 0 0 0 0 0 0 0 0 0
132.4 -853.3 2352.8 0 0 0 0 0 0 0 0 0
41.8 4.3 3187.1 4 0.9909676909 -0.0028372926 -0.1340707242 -0.0749915913 0.8171098232 -0.5715835690 0.1111722589 0.5764750838 0.8095166683
42.4 -165.0 3067.6 0.9909676909 -0.0028372926 -0.1340707242 -0.0749915913 0.8171098232 -0.5715835690 0.1111722589 0.5764750838 0.8095166683
41.6 -324.0 2948.4 0.9909600616 0.0042309877 -0.1340902746 -0.0838275105 0.7998874187 -0.5942668319 0.1047427878 0.6001351476 0.7930111885
-102.0 -152.8 3052.3 0.3804173768 -0.9198484421 0.0957157612 0.6787952185 0.3480114639 0.6466258764 -0.6281080246 -0.1810163110 0.7567782998
-230.4 -382.0 3264.4 -0.1962686330 -0.9198484421 -0.3396431804 -0.0087609207 0.3480114639 -0.9374493361 0.9805110097 -0.1810163110 -0.0763624534
186.8 -177.2 3082.9 0.4621549249 0.8464958668 0.2643058300 -0.8604796529 0.3559842110 0.3644858897 0.2144471109 -0.3958787620 0.8929123282
