46.6 5.6 3159.6  0.9983984232 0.0539628528 -0.0169890001 -0.0547752604 0.8469190598 -0.5288929343 -0.0141522624 0.5289764404 0.8485184908
35.4 -170.2 3049.8 0.9983984232 0.0539628528 -0.0169890001 -0.0547752604 0.8469190598 -0.5288929343 -0.0141522624 0.5289764404 0.8485184908
25.1 -332.0 2935.1 0.9984452128 0.0519938953 -0.0200943723 -0.0540413000 0.8145385385 -0.5775868297 -0.0136633469 0.5777747035 0.8160819411
-110.0 -162.2 3051.8 0.3564138412 -0.9208516479 0.1581184715 0.7356379032 0.3809067607 0.5601311922 -0.5760260820 -0.0833205581 0.8131737709
-237.1 -424.5 3257.1 -0.1886768043 -0.9208516479 -0.3412232995 -0.2482966185 0.3809067607 -0.8906508088 0.9501314759 -0.0833205581 -0.3005126119
180.8 -178.1 3047.7 0.2889941335 0.8660820723 0.4079022408 -0.9568516016 0.2478370368 0.1516963542 0.0302882046 -0.4341412783 0.9003354907
240.5 -376.0 3054.0 -0.4516619146 0.8660820723 0.2142507285 0.0157377273 0.2478370368 -0.9686738849 -0.8920503855 -0.4341412783 -0.1255687177
-61.7 -486.3 2812.3 0.9625211358 0.2395919859 -0.1270776242 -0.1204654202 -0.0421054997 -0.9918242097 -0.2429838032 0.9699602127 -0.0116648832
-161.2 -468.8 2409.6 0.9625211358 0.1316333860 0.2371195853 -0.1204654202 0.9908383489 -0.0610531084 -0.2429838032 0.0302001983 0.9695601463
120.6 -498.1 2820.6 0.9893924594 0.0737509429 0.1251531094 0.1295286566 -0.0578617454 -0.9898860455 -0.0657634512 0.9955967069 -0.0668008327
88.4 -472.8 2385.2 0.9893924594 -0.1240774095 0.0755466595 0.1295286566 0.9889494777 -0.0721193627 -0.0657634512 0.0811398104 0.9945307970
-188.4 -360.5 3012.4 0 0 0 0 0 0 0 0 0
123.5 -372.0 2822.9 0 0 0 0 0 0 0 0 0
-206.8 -811.8 2399.1 0 0 0 0 0 0 0 0 0
135.8 -850.6 2354.2 0 0 0 0 0 0 0 0 0
46.9 7.3 3159.7  0.9966551661 0.0720453188 0.0385741219 -0.0409241542 0.8485665917 -0.5275034904 -0.0707368702 0.5241604447 0.8486766815
31.8 -170.4 3049.9 0.9966551661 0.0720453188 0.0385741219 -0.0409241542 0.8485665917 -0.5275034904 -0.0707368702 0.5241604447 0.8486766815
17.6 -332.3 2935.6 0.9968265295 0.0719379485 0.0340843871 -0.0389448665 0.8141474128 -0.5793507695 -0.0694270208 0.5761848092 0.8143653274
-113.3 -164.7 3060.0 0.3125735223 -0.9295565486 0.1955054998 0.7418486476 0.3674323559 0.5609402657 -0.5932607651 -0.0302995779 0.8044399023
-224.8 -429.3 3271.6 -0.1312155575 -0.9295565486 -0.3445389569 -0.2529135942 0.3674323559 -0.8950017691 0.9585494995 -0.0302995779 -0.2833103240
177.0 -176.1 3039.7 0.3043201566 0.8366951942 0.4553354979 -0.9524993896 0.2614687979 0.1561378241 0.0115837399 -0.4812226593 0.8765218258
239.9 -373.2 3042.1 -0.5010094047 0.8366951942 0.2212029845 0.0105279638 0.2614687979 -0.9651545286 -0.8653777838 -0.4812226593 -0.1398070157
-76.4 -488.9 2821.8 0.9707227349 0.2016599029 -0.1305016875 -0.1224624291 -0.0518951714 -0.9911154509 -0.2066406459 0.9780798554 -0.0256800596
-161.2 -467.1 2410.5 0.9707227349 0.1323905438 0.2004249245 -0.1224624291 0.9905841351 -0.0612045303 -0.2066406459 0.0348681062 0.9777954221
106.2 -498.9 2819.2 0.9910950661 0.0416605398 0.1264710426 0.1288452744 -0.0603293702 -0.9898278713 -0.0336068459 0.9973087907 -0.0651599094
88.0 -472.5 2383.5 0.9910950661 -0.1263563037 0.0420072339 0.1288452744 0.9896587133 -0.0630437955 -0.0336068459 0.0678948238 0.9971262813
-191.0 -364.2 3024.7 0 0 0 0 0 0 0 0 0
110.1 -370.5 2817.9 0 0 0 0 0 0 0 0 0
-207.2 -811.9 2398.4 0 0 0 0 0 0 0 0 0
136.2 -850.7 2357.5 0 0 0 0 0 0 0 0 0
47.2 6.5 3159.7  0.9962394238 0.0802951977 0.0325531103 -0.0515383296 0.8511991501 -0.5223062038 -0.0696478635 0.5186643004 0.8521364331
30.5 -170.5 3051.9 0.9962394238 0.0802951977 0.0325531103 -0.0515383296 0.8511991501 -0.5223062038 -0.0696478635 0.5186643004 0.8521364331
13.9 -333.2 2939.2 0.9960803390 0.0839936435 0.0277308002 -0.0531554036 0.8189966679 -0.5713308454 -0.0706995949 0.5676173568 0.8202512264
-114.7 -162.7 3062.2 0.3216375411 -0.9242851138 0.2055391967 0.7307452559 0.3803480566 0.5668745637 -0.6021301150 -0.0321313441 0.7977511287
-229.6 -423.7 3277.2 -0.1326736212 -0.9242851138 -0.3579033017 -0.2411956638 0.3803480566 -0.8928381801 0.9613648653 -0.0321313441 -0.2733957171
175.8 -178.2 3041.5 0.2918021977 0.8392828703 0.4587545395 -0.9562393427 0.2452542484 0.1595516205 0.0213974509 -0.4852366149 0.8741210103
236.2 -376.1 3046.0 -0.5024205446 0.8392828703 0.2077927142 0.0087565072 0.2452542484 -0.9694192410 -0.8645790219 -0.4852366149 -0.1305699646
-87.8 -490.5 2827.6 0.9767905474 0.1685027331 -0.1322384179 -0.1243567616 -0.0565461144 -0.9906250238 -0.1744005978 0.9840779305 -0.0342792571
-158.9 -466.6 2412.2 0.9767905474 0.1343153417 0.1668519080 -0.1243567616 0.9898486733 -0.0688116252 -0.1744005978 0.0464653857 0.9835778475
94.5 -497.7 2814.9 0.9915236235 0.0153629538 0.1290151924 0.1296094209 -0.0476050898 -0.9904217124 -0.0090740239 0.9987480640 -0.0491927527
87.8 -477.1 2383.8 0.9915236235 -0.1285210401 0.0190599039 0.1296094209 0.9886471629 -0.0760147572 -0.0090740239 0.0778407678 0.9969245195
-195.4 -361.4 3029.2 0 0 0 0 0 0 0 0 0
105.8 -373.8 2821.6 0 0 0 0 0 0 0 0 0
-205.6 -810.6 2396.1 0 0 0 0 0 0 0 0 0
137.0 -854.9 2354.0 0 0 0 0 0 0 0 0 0
45.8 3.4 3161.2  0.9962328672 0.0863403156 0.0080866842 -0.0693020299 0.8487392068 -0.5242508650 -0.0521274731 0.5217155218 0.8515254855
27.8 -173.6 3052.5 0.9962328672 0.0863403156 0.0080866842 -0.0693020299 0.8487392068 -0.5242508650 -0.0521274731 0.5217155218 0.8515254855
10.8 -336.6 2940.1 0.9963249564 0.0855782405 0.0036016905 -0.0684082583 0.8203238249 -0.5677931905 -0.0515452959 0.5654601455 0.8231633306
-117.6 -163.6 3060.0 0.3440718949 -0.9175462127 0.1993076205 0.7227218151 0.3943116069 0.5676192045 -0.5994061232 -0.0512578599 0.7988021970
-240.5 -421.8 3274.2 -0.1544087082 -0.9175462127 -0.3664245605 -0.2345394194 0.3943116069 -0.8885435462 0.9597651958 -0.0512578599 -0.2760858834
173.2 -183.6 3044.9 0.2769818902 0.8519260287 0.4444132447 -0.9603661299 0.2303936779 0.1568937600 0.0312718712 -0.4702561498 0.8819757700
230.5 -382.3 3051.4 -0.4857522547 0.8519260287 0.1956191361 0.0122220572 0.2303936779 -0.9730207324 -0.8740110993 -0.4702561498 -0.1223265380
-94.0 -491.1 2833.0 0.9787114263 0.1521876305 -0.1377056837 -0.1305960864 -0.0558122285 -0.9898634553 -0.1583306342 0.9867745042 -0.0347489603
-159.3 -467.1 2409.6 0.9787114263 0.1372804791 0.1525712907 -0.1305960864 0.9900153279 -0.0530499145 -0.1583306342 0.0319953449 0.9868676066
88.4 -500.8 2820.0 0.9930832982 -0.0047126128 0.1173175350 0.1168662310 -0.0565679222 -0.9915353656 0.0113091320 0.9983876348 -0.0556259118
90.5 -475.9 2380.2 0.9930832982 -0.1173284054 -0.0044337153 0.1168662310 0.9913980961 -0.0589248165 0.0113091320 0.0579990968 0.9982525706
-200.7 -361.3 3026.4 0 0 0 0 0 0 0 0 0
104.4 -379.1 2824.5 0 0 0 0 0 0 0 0 0
-207.3 -813.2 2398.4 0 0 0 0 0 0 0 0 0
135.3 -854.7 2358.0 0 0 0 0 0 0 0 0 0
47.5 1.9 3163.0  0.9968146086 0.0654810145 -0.0455282629 -0.0796783343 0.8424030542 -0.5329244137 0.0034567125 0.5348544717 0.8449370861
33.8 -173.9 3051.3 0.9968146086 0.0654810145 -0.0455282629 -0.0796783343 0.8424030542 -0.5329244137 0.0034567125 0.5348544717 0.8449370861
19.8 -335.8 2936.9 0.9963115454 0.0705057904 -0.0489103012 -0.0858070925 0.8142580986 -0.5741261840 -0.0006536098 0.5762053728 0.8173046708
-111.5 -161.4 3051.4 0.3870523870 -0.9067878127 0.1671115309 0.7213173509 0.4106685221 0.5577209592 -0.5743620396 -0.0953267738 0.8130320311
-249.7 -418.9 3256.5 -0.2079784572 -0.9067878127 -0.3667162061 -0.2390686274 0.4106685221 -0.8798849583 0.9484677911 -0.0953267738 -0.3021947145
179.0 -186.5 3051.2 0.2581612766 0.8790161610 0.4008532465 -0.9653975964 0.2188790143 0.1417727470 0.0368821807 -0.4235829711 0.9051061869
232.5 -386.3 3058.9 -0.4395048618 0.8790161610 0.1848405302 0.0275574010 0.2188790143 -0.9753627777 -0.8978173733 -0.4235829711 -0.1204217896
-97.5 -493.3 2832.6 0.9800960422 0.1449468285 -0.1356547028 -0.1274946034 -0.0642193034 -0.9897580743 -0.1521739513 0.9873532057 -0.0444611460
-160.2 -465.5 2405.0 0.9800960422 0.1318878680 0.1483825296 -0.1274946034 0.9910807610 -0.0387820080 -0.1521739513 0.0190921221 0.9881693125
85.1 -505.9 2823.1 0.9935774803 -0.0147242099 0.1121920124 0.1108441800 -0.0726656765 -0.9911777377 0.0227468181 0.9972476363 -0.0705668852
91.6 -473.7 2381.8 0.9935774803 -0.1122406796 -0.0143485032 0.1108441800 0.9909288883 -0.0759837776 0.0227468181 0.0739053264 0.9970058203
-196.0 -357.3 3011.9 0 0 0 0 0 0 0 0 0
118.5 -379.1 2826.0 0 0 0 0 0 0 0 0 0
-206.7 -814.5 2398.3 0 0 0 0 0 0 0 0 0
134.5 -852.3 2353.6 0 0 0 0 0 0 0 0 0
47.9 2.6 3161.4  0.9970586300 0.0510766692 -0.0571429767 -0.0738486275 0.8397243619 -0.5379678011 0.0205067471 0.5406053662 0.8410263658
37.2 -173.3 3048.2 0.9970586300 0.0510766692 -0.0571429767 -0.0738486275 0.8397243619 -0.5379678011 0.0205067471 0.5406053662 0.8410263658
25.5 -334.1 2932.1 0.9964340329 0.0592740253 -0.0600479953 -0.0831818953 0.8093684316 -0.5813807249 0.0141401784 0.5843024254 0.8114128113
-108.2 -161.1 3046.1 0.3940265179 -0.9062202573 0.1533229351 0.7270868421 0.4093849957 0.5511339307 -0.5622168779 -0.1056822911 0.8202093840
-249.0 -420.9 3247.0 -0.2220249325 -0.9062202573 -0.3598190546 -0.2480532229 0.4093849957 -0.8779940605 0.9429605007 -0.1056822911 -0.3156845272
182.6 -185.5 3050.2 0.2603748441 0.8848943114 0.3862214088 -0.9649484754 0.2248851806 0.1352817267 0.0328545608 -0.4079077244 0.9124318361
236.5 -385.2 3057.0 -0.4256053567 0.8848943114 0.1892673522 0.0345299430 0.2248851806 -0.9737732410 -0.9042498469 -0.4079077244 -0.1262676865
-85.3 -489.7 2822.6 0.9752444029 0.1775196046 -0.1318528056 -0.1241297871 -0.0539795756 -0.9907966256 -0.1830031872 0.9826357365 -0.0306078084
-160.4 -466.9 2407.1 0.9752444029 0.1311201751 0.1780614257 -0.1241297871 0.9910106659 -0.0498963632 -0.1830031872 0.0265584216 0.9827535152
97.1 -505.5 2822.5 0.9938658476 0.0120138004 0.1099379957 0.1105144173 -0.0705467090 -0.9913675785 -0.0041543287 0.9974361062 -0.0714416578
91.7 -474.1 2378.6 0.9938658476 -0.1099902540 0.0115255322 0.1105144173 0.9916710854 -0.0661441162 -0.0041543287 0.0670121163 0.9977434874
-191.7 -356.9 3003.6 0 0 0 0 0 0 0 0 0
126.0 -376.2 2822.3 0 0 0 0 0 0 0 0 0
-206.3 -814.4 2397.7 0 0 0 0 0 0 0 0 0
133.8 -853.0 2353.0 0 0 0 0 0 0 0 0 0
48.9 -0.2 3161.1  0.9932463765 0.0558143444 -0.1017174646 -0.1023185179 0.8347169757 -0.5410900712 0.0547047034 0.5478433371 0.8347904682
37.2 -174.1 3047.0 0.9932463765 0.0558143444 -0.1017174646 -0.1023185179 0.8347169757 -0.5410900712 0.0547047034 0.5478433371 0.8347904682
25.3 -334.6 2930.4 0.9926961064 0.0603930950 -0.1044371277 -0.1100943908 0.8074848652 -0.5795234442 0.0493321866 0.5867885947 0.8082360029
-107.6 -158.0 3039.8 0.4332760274 -0.8904837966 0.1389621794 0.7161226273 0.4337708950 0.5468191504 -0.5472113490 -0.1374096721 0.8256381154
-262.3 -413.8 3235.2 -0.2618841231 -0.8904837966 -0.3720958233 -0.2416329533 0.4337708950 -0.8680186272 0.9343608618 -0.1374096721 -0.3287679255
182.0 -190.2 3054.2 0.2327863574 0.9045543671 0.3572001159 -0.9716699719 0.2009009719 0.1244839206 0.0408406258 -0.3760587871 0.9256953001
230.2 -391.2 3062.6 -0.3921163380 0.9045543671 0.1674101949 0.0456680469 0.2009009719 -0.9785465002 -0.9187813401 -0.3760587871 -0.1200857833
-77.6 -487.3 2814.8 0.9718075395 0.2018249035 -0.1218885258 -0.1130022854 -0.0550252460 -0.9920699000 -0.2069313526 0.9778746963 -0.0306672752
-160.9 -464.6 2410.9 0.9718075395 0.1244809851 0.2002363205 -0.1130022854 0.9912778735 -0.0678137243 -0.2069313526 0.0432747304 0.9773979187
105.0 -502.6 2817.4 0.9922490716 0.0333238691 0.1197132394 0.1217454523 -0.0676910132 -0.9902504683 -0.0248954650 0.9971496463 -0.0712233782
90.4 -473.0 2381.3 0.9922490716 -0.1198360920 0.0328793414 0.1217454523 0.9904948473 -0.0640153810 -0.0248954650 0.0675221160 0.9974071383
-194.7 -351.4 2994.1 0 0 0 0 0 0 0 0 0
128.4 -379.4 2824.2 0 0 0 0 0 0 0 0 0
-205.0 -815.2 2395.6 0 0 0 0 0 0 0 0 0
136.2 -851.5 2355.5 0 0 0 0 0 0 0 0 0
47.8 0.4 3160.4  0.9961896539 0.0717368349 -0.0495984219 -0.0871719271 0.8365568519 -0.5409008265 0.0026893874 0.5431633592 0.8396227360
32.9 -174.1 3047.2 0.9961896539 0.0717368349 -0.0495984219 -0.0871719271 0.8365568519 -0.5409008265 0.0026893874 0.5431633592 0.8396227360
19.0 -334.5 2930.7 0.9961352944 0.0698083192 -0.0533038713 -0.0878032818 0.8070432544 -0.5839278698 0.0022555050 0.5863514543 0.8100536466
-112.4 -161.3 3046.8 0.3908490837 -0.9055150151 0.1651650667 0.7274039984 0.4138149023 0.5473943949 -0.5640216470 -0.0938068628 0.8204144835
-251.9 -421.0 3248.2 -0.2121148258 -0.9055150151 -0.3674912453 -0.2499939501 0.4138149023 -0.8753629327 0.9447276592 -0.0938068628 -0.3141495585
178.1 -186.9 3047.5 0.2559644580 0.8811149001 0.3976415098 -0.9663370252 0.2221673578 0.1297474355 0.0259794351 -0.4174664319 0.9083209038
231.0 -386.8 3052.9 -0.4358689189 0.8811149001 0.1834525764 0.0390732810 0.2221673578 -0.9742252827 -0.8991615772 -0.4174664319 -0.1312638968
-77.6 -484.9 2809.3 0.9707366228 0.2111865878 -0.1143269315 -0.1063606516 -0.0487416424 -0.9931322336 -0.2153086960 0.9762297273 -0.0248533543
-165.2 -464.7 2404.2 0.9707366228 0.1145928130 0.2110424340 -0.1063606516 0.9930700660 -0.0499923676 -0.2153086960 0.0260828100 0.9761976600
104.2 -505.1 2818.3 0.9929752946 0.0291795097 0.1146674678 0.1164596379 -0.0697625130 -0.9907423258 -0.0209098849 0.9971367717 -0.0726706907
91.4 -474.4 2378.8 0.9929752946 -0.1149728224 0.0279521216 0.1164596379 0.9914314151 -0.0591681264 -0.0209098849 0.0620077811 0.9978566170
-197.2 -356.5 3004.5 0 0 0 0 0 0 0 0 0
118.0 -376.7 2819.6 0 0 0 0 0 0 0 0 0
-205.9 -817.5 2394.9 0 0 0 0 0 0 0 0 0
135.3 -853.2 2355.1 0 0 0 0 0 0 0 0 0
48.7 3.3 3159.6  0.9958386421 0.0596193112 -0.0689271539 -0.0875156373 0.8366082311 -0.5407658815 0.0254249331 0.5445477366 0.8383443952
36.2 -171.6 3045.8 0.9958386421 0.0596193112 -0.0689271539 -0.0875156373 0.8366082311 -0.5407658815 0.0254249331 0.5445477366 0.8383443952
24.8 -332.1 2929.2 0.9957478046 0.0575664304 -0.0719194934 -0.0887901783 0.8077823520 -0.5827554464 0.0245481487 0.5866632462 0.8094588518
-109.0 -158.6 3042.2 0.4041033089 -0.9027081728 0.1477107108 0.7260639668 0.4147704542 0.5484492183 -0.5563556552 -0.1143827215 0.8230339885
-253.4 -418.0 3241.0 -0.2333954275 -0.9027081728 -0.3614478111 -0.2487266064 0.4147704542 -0.8752716780 0.9400327802 -0.1143827215 -0.3213330805
181.5 -184.5 3049.3 0.2544426024 0.8904410005 0.3773245215 -0.9665110707 0.2206631750 0.1310120076 0.0333968401 -0.3980233669 0.9167671800
234.2 -384.5 3056.2 -0.4157392085 0.8904410005 0.1851371080 0.0386195257 0.2206631750 -0.9745851755 -0.9086635709 -0.3980233669 -0.1261267364
-86.0 -486.8 2814.1 0.9755280018 0.1807887107 -0.1251419485 -0.1193253398 -0.0427428409 -0.9919347167 -0.1846795231 0.9825927615 -0.0201241635
-160.8 -469.1 2407.4 0.9755280018 0.1278133541 0.1789100617 -0.1193253398 0.9911904931 -0.0574710928 -0.1846795231 0.0347161554 0.9821854234
96.3 -502.9 2814.5 0.9933416247 0.0137550719 0.1143817678 0.1150486693 -0.0665906891 -0.9911253452 -0.0060162395 0.9976855516 -0.0677298084
90.3 -473.9 2379.4 0.9933416247 -0.1143289134 0.0141876768 0.1150486693 0.9908663630 -0.0703396201 -0.0060162395 0.0715035424 0.9974222183
-193.2 -353.8 2998.3 0 0 0 0 0 0 0 0 0
126.3 -374.5 2820.4 0 0 0 0 0 0 0 0 0
-205.4 -814.3 2395.3 0 0 0 0 0 0 0 0 0
134.0 -852.5 2352.1 0 0 0 0 0 0 0 0 0
49.4 6.2 3160.2 0 0.9965520501 0.0822189525 0.0111398175 -0.0643928796 0.8510860205 -0.5210624933 -0.0523221567 0.5185486078 0.8534458280
32.0 -173.4 3050.8 0.9965520501 0.0822189525 0.0111398175 -0.0643928796 0.8510860205 -0.5210624933 -0.0523221567 0.5185486078 0.8534458280
16.6 -337.1 2939.5 0.9968588948 0.0788815618 0.0070770876 -0.0612024367 0.8239790201 -0.5633053184 -0.0502657779 0.5611027479 0.8262184858
-113.0 -164.3 3058.1 0.3386742175 -0.9209395051 0.1927958131 0.7227053046 0.3858225942 0.5734440088 -0.6024922132 -0.0548761450 0.7962359786
-233.7 -421.8 3272.8 -0.1536310017 -0.9209395051 -0.3581451774 -0.2300278097 0.3858225942 -0.8934361339 0.9609811306 -0.0548761450 -0.2711159885
177.1 -182.4 3043.4 0.2105470449 0.9060335159 0.3671146333 -0.9773835540 0.2026960701 0.0602966584 -0.0197819006 -0.3715071082 0.9282193184
220.0 -381.6 3039.3 -0.3804224730 0.9060335159 0.1854237318 0.0054613324 0.2026960701 -0.9792264700 -0.9247967005 -0.3715071082 -0.0820582956
-81.1 -486.9 2815.4 0.9740794897 0.1816065311 -0.1348638833 -0.1282831877 -0.0475624874 -0.9905964136 -0.1863132268 0.9822204113 -0.0230325814
-156.7 -467.1 2406.4 0.9740794897 0.1366788000 0.1802445501 -0.1282831877 0.9900694489 -0.0574968643 -0.1863132268 0.0328841731 0.9819399118
104.6 -500.8 2815.0 0.9918191433 0.0357030965 0.1225563958 0.1245878860 -0.0616858117 -0.9902892113 -0.0277964026 0.9974568486 -0.0656293407
89.1 -474.0 2382.3 0.9918191433 -0.1220039055 0.0375476778 0.1245878860 0.9892460704 -0.0766163170 -0.0277964026 0.0806675106 0.9963533878
-194.2 -362.6 3025.5 0 0 0 0 0 0 0 0 0
121.0 -380.2 2798.7 0 0 0 0 0 0 0 0 0
-204.7 -814.9 2394.9 0 0 0 0 0 0 0 0 0
135.7 -852.0 2351.5 0 0 0 0 0 0 0 0 0
49.8 5.2 3160.0 1 0.9954059124 0.0870564431 0.0398521647 -0.0540732667 0.8546563387 -0.5163706541 -0.0790132955 0.5118435025 0.8554373980
31.6 -174.1 3052.6 0.9954059124 0.0870564431 0.0398521647 -0.0540732667 0.8546563387 -0.5163706541 -0.0790132955 0.5118435025 0.8554373980
13.7 -338.2 2942.1 0.9952622652 0.0906688422 0.0351024978 -0.0554317199 0.8257678151 -0.5612795949 -0.0798770860 0.5566745996 0.8268815279
-113.5 -165.9 3064.3 0.3163921237 -0.9242053032 0.2138704211 0.7229012847 0.3808835149 0.5764907002 -0.6142554879 -0.0277899150 0.7886177301
-226.4 -423.9 3283.5 -0.1233889163 -0.9242053032 -0.3614134789 -0.2289495766 0.3808835149 -0.8958291411 0.9655864835 -0.0277899150 -0.2585932314
176.6 -182.3 3040.9 0.3196804523 0.8524649739 0.4136518538 -0.9456183314 0.2593455911 0.1963309497 0.0600864701 -0.4539199471 0.8890142441
237.8 -363.1 3052.4 -0.4525009394 0.8524649739 0.2618136108 -0.0687958300 0.2593455911 -0.9633312225 -0.8891063333 -0.4539199471 -0.0587080866
-91.5 -496.3 2835.3 0.9790161252 0.1571389139 -0.1297487617 -0.1204609945 -0.0672933683 -0.9904346466 -0.1643670499 0.9852811694 -0.0469521880
-160.1 -467.0 2405.3 0.9790161252 0.1267895848 0.1595361382 -0.1204609945 0.9915192127 -0.0487729721 -0.1643670499 0.0285316464 0.9859865308
92.3 -506.5 2823.6 0.9924244285 0.0074564791 0.1226302832 0.1228442416 -0.0744809583 -0.9896271229 0.0017544869 0.9971945882 -0.0748327076
89.0 -473.8 2385.1 0.9924244285 -0.1224856451 0.0095421048 0.1228442416 0.9882164598 -0.0913099051 0.0017544869 0.0917903706 0.9957768321
-194.6 -364.9 3034.6 0 0 0 0 0 0 0 0 0
120.4 -381.0 2821.8 0 0 0 0 0 0 0 0 0
-204.6 -814.8 2395.3 0 0 0 0 0 0 0 0 0
135.8 -851.4 2350.0 0 0 0 0 0 0 0 0 0
50.3 6.9 3173.9 2 0.9962174892 0.0856160820 0.0148526002 -0.0637292117 0.8360739350 -0.5449026823 -0.0590703040 0.5418950319 0.8383677602
32.2 -169.9 3059.3 0.9962174892 0.0856160820 0.0148526002 -0.0637292117 0.8360739350 -0.5449026823 -0.0590703040 0.5418950319 0.8383677602
13.4 -330.9 2944.6 0.9953459501 0.0957548991 0.0108357193 -0.0716412589 0.8104795814 -0.5813694000 -0.0644510984 0.5778874159 0.8135675788
-112.9 -159.3 3068.8 0.3400638103 -0.9164689779 0.2108108848 0.7310632467 0.3986421227 0.5537427068 -0.5915261507 -0.0341917649 0.8055605292
-234.4 -420.4 3280.0 -0.1442954689 -0.9164689779 -0.3731801808 -0.2496034205 0.3986421227 -0.8824865818 0.9575369358 -0.0341917649 -0.2862760425
177.4 -180.4 3049.9 0.3560650945 0.7987843156 0.4849343300 -0.9335524440 0.3269511163 0.1469106972 -0.0411998518 -0.5050213933 0.8621229529
244.0 -355.0 3042.2 -0.4823837578 0.7987843156 0.3595129848 -0.1535619348 0.3269511163 -0.9324814677 -0.8623947501 -0.5050213933 -0.0350530334
-96.1 -497.7 2840.2 0.9809992909 0.1416144520 -0.1326112747 -0.1227018684 -0.0765901357 -0.9894838333 -0.1502819210 0.9869545698 -0.0577585064
-157.9 -464.3 2409.1 0.9809992909 0.1304430813 0.1436140984 -0.1227018684 0.9905338287 -0.0615387522 -0.1502819210 0.0427477546 0.9877185822
86.9 -507.4 2824.3 0.9936875701 -0.0067770584 0.1119781509 0.1111207381 -0.0775802657 -0.9907742143 0.0154018290 0.9969630837 -0.0763374716
89.9 -472.9 2381.4 0.9936875701 -0.1119494066 -0.0072363182 0.1111207381 0.9910840988 -0.0735156089 0.0154018290 0.0722474381 0.9972678423
-197.1 -356.0 3032.9 0 0 0 0 0 0 0 0 0
118.9 -394.8 2818.5 0 0 0 0 0 0 0 0 0
-203.6 -811.5 2394.1 0 0 0 0 0 0 0 0 0
132.7 -851.6 2353.8 0 0 0 0 0 0 0 0 0
49.9 8.7 3166.8 3 0.9946835041 0.0867157802 0.0555434898 -0.0439104624 0.8450266719 -0.5329181552 -0.0931481421 0.5276459455 0.8443418741
31.5 -170.4 3055.0 0.9946835041 0.0867157802 0.0555434898 -0.0439104624 0.8450266719 -0.5329181552 -0.0931481421 0.5276459455 0.8443418741
11.6 -332.3 2941.6 0.9936352968 0.1006776914 0.0505258106 -0.0531945489 0.8147544861 -0.5773607492 -0.0992934778 0.5709983110 0.8149243593
-113.4 -162.6 3069.5 0.3050492108 -0.9244900942 0.2286112159 0.7346782088 0.3811923862 0.5611953735 -0.6059644222 -0.0032365352 0.7954851389
-222.4 -424.9 3285.9 -0.1055779830 -0.9244900942 -0.3662941456 -0.2478773147 0.3811923862 -0.8906453848 0.9630213380 -0.0032365352 -0.2694056332
176.4 -178.2 3040.5 0.3165790439 0.7759422660 0.5456109047 -0.9448888302 0.3085616529 0.1094295755 -0.0834435672 -0.5501847267 0.8308633566
238.4 -363.3 3024.1 -0.5396306515 0.7759422660 0.3266685009 -0.1269783527 0.3085616529 -0.9426909089 -0.8322711587 -0.5501847267 -0.0679814592
-97.1 -485.6 2836.4 0.9814106822 0.1403484643 -0.1309021562 -0.1257642955 -0.0449113958 -0.9910430312 -0.1449703723 0.9890830517 -0.0264256988
-157.1 -466.4 2413.9 0.9814106822 0.1347434372 0.1366648078 -0.1257642955 0.9894166589 -0.0723740384 -0.1449703723 0.0538410991 0.9879699945
85.6 -498.5 2823.9 0.9931188822 -0.0098732524 0.1166935787 0.1159975901 -0.0541149043 -0.9917742610 0.0161068998 0.9984859228 -0.0525972620
90.0 -474.7 2384.8 0.9931188822 -0.1169212312 -0.0066556497 0.1159975901 0.9899076819 -0.0814088210 0.0161068998 0.0800766051 0.9966585636
-195.1 -361.0 3037.4 0 0 0 0 0 0 0 0 0
98.3 -396.3 2807.9 0 0 0 0 0 0 0 0 0
-204.2 -812.4 2395.1 0 0 0 0 0 0 0 0 0
134.6 -852.9 2354.2 0 0 0 0 0 0 0 0 0
51.3 13.8 3176.8 4 0.9934558868 0.1006409302 0.0540074557 -0.0570512377 0.8468887806 -0.5287008286 -0.0989472494 0.5221597552 0.8470883369
30.0 -165.6 3066.2 0.9934558868 0.1006409302 0.0540074557 -0.0570512377 0.8468887806 -0.5287008286 -0.0989472494 0.5221597552 0.8470883369
8.0 -328.8 2955.1 0.9926058650 0.1109699011 0.0491865166 -0.0637529343 0.8214477897 -0.5667090416 -0.1032918021 0.5593829155 0.8224484921
-114.9 -156.3 3081.3 0.3088724017 -0.9208235145 0.2380797118 0.7233780026 0.3899613917 0.5697844625 -0.6175128222 -0.0037690557 0.7865517735
-225.2 -414.8 3301.9 -0.1030473784 -0.9208235145 -0.3761187792 -0.2339838147 0.3899613917 -0.8906074762 0.9667640924 -0.0037690557 -0.2556422949
174.9 -175.0 3051.1 0.3218632638 0.7425417304 0.5873974562 -0.9361591935 0.3422904611 0.0802698135 -0.1414568722 -0.5757334232 0.8053079844
244.2 -376.6 3020.6 -0.5967198610 0.7425417304 0.3042320907 -0.0523621365 0.3422904611 -0.9381340146 -0.8007394075 -0.5757334232 -0.1653704494
-99.5 -489.4 2837.6 0.9815746546 0.1351390332 -0.1350873113 -0.1301660240 -0.0446536280 -0.9904861450 -0.1398854852 0.9898199439 -0.0262403600
-158.2 -470.0 2408.1 0.9815746546 0.1368599087 0.1333435625 -0.1301660240 0.9898102283 -0.0577280149 -0.1398854852 0.0393075570 0.9893871546
82.7 -499.1 2819.1 0.9928558469 -0.0173839275 0.1180469841 0.1167984903 -0.0607239641 -0.9912974834 0.0244009234 0.9980031848 -0.0582597256
90.2 -472.6 2384.5 0.9928558469 -0.1183536500 -0.0151560605 0.1167984903 0.9899770021 -0.0793957189 0.0244009234 0.0770583004 0.9967279434
-198.6 -354.3 3052.3 0 0 0 0 0 0 0 0 0
89.4 -390.1 2812.9 0 0 0 0 0 0 0 0 0
-205.9 -815.2 2394.4 0 0 0 0 0 0 0 0 0
135.5 -850.9 2355.1 0 0 0 0 0 0 0 0 0
51.6 11.7 3167.8 5 0.9969242215 0.0781334937 0.0061058435 -0.0634640530 0.8505496383 -0.5220513940 -0.0459830202 0.5200581551 0.8528921604
35.1 -168.0 3057.9 0.9969242215 0.0781334937 0.0061058435 -0.0634640530 0.8505496383 -0.5220513940 -0.0459830202 0.5200581551 0.8528921604
18.4 -331.4 2946.3 0.9964468479 0.0842006803 0.0019672958 -0.0683834031 0.8224562407 -0.5647029877 -0.0491663888 0.5625620484 0.8252918720
-110.2 -158.0 3065.1 0.3450441957 -0.9176194668 0.1972790658 0.7207866907 0.3936844170 0.5705077648 -0.6011747122 -0.0546542779 0.7972463965
-233.5 -415.5 3279.8 -0.1563991308 -0.9176194668 -0.3653954566 -0.2312344611 0.3936844170 -0.8896871209 0.9602447152 -0.0546542779 -0.2737571299
180.4 -178.0 3050.7 0.3127053380 0.7332157493 0.6038294435 -0.9375418425 0.3402661681 0.0723479092 -0.1524161249 -0.5887389779 0.7938234806
246.7 -376.8 3018.4 -0.6197734475 0.7332157493 0.2797776461 -0.0218203962 0.3402661681 -0.9400759339 -0.7844773531 -0.5887389779 -0.1948888898
-102.5 -486.8 2850.4 0.9826852679 0.1295419335 -0.1324709952 -0.1279938370 -0.0423339941 -0.9908710122 -0.1339673847 0.9906698465 -0.0250204224
-161.0 -467.7 2403.0 0.9826852679 0.1306405365 0.1313877106 -0.1279938370 0.9913674593 -0.0284282025 -0.1339673847 0.0111191589 0.9909233451
77.0 -497.9 2834.5 0.9938434362 -0.0337018184 0.1055432633 0.1036133468 -0.0546337143 -0.9931160212 0.0392360389 0.9979375601 -0.0508054011
92.3 -473.1 2382.0 0.9938434362 -0.1061297134 -0.0318068601 0.1036133468 0.9919787049 -0.0724048838 0.0392360389 0.0686635077 0.9968680143
-193.1 -355.8 3032.1 0 0 0 0 0 0 0 0 0
85.4 -382.5 2814.2 0 0 0 0 0 0 0 0 0
-207.1 -817.7 2399.0 0 0 0 0 0 0 0 0 0
132.8 -852.1 2355.8 0 0 0 0 0 0 0 0 0
53.2 12.3 3177.8 6 0.9967190027 0.0754622146 0.0292694792 -0.0478764996 0.8412424922 -0.5385339856 -0.0652616993 0.5353657603 0.8420952559
37.3 -165.3 3064.8 0.9967190027 0.0754622146 0.0292694792 -0.0478764996 0.8412424922 -0.5385339856 -0.0652616993 0.5353657603 0.8420952559
21.4 -327.3 2950.9 0.9964596033 0.0800547898 0.0256811343 -0.0506397188 0.8153443336 -0.5767574906 -0.0671111718 0.5734150410 0.8165116310
-108.1 -157.9 3074.6 0.3431632221 -0.9279353619 0.1455160826 0.7611110806 0.3654977083 0.5358370543 -0.5504079461 -0.0731256604 0.8316872716
-219.2 -404.3 3252.8 -0.1446252018 -0.9279353619 -0.3435396254 -0.1722324044 0.3654977083 -0.9147390127 0.9743816257 -0.0731256604 -0.2126807272
182.7 -172.7 3055.0 0.2711140811 0.7004808187 0.6601694822 -0.9314273000 0.3639094234 -0.0036180343 -0.2427762449 -0.6139189601 0.7511079907
241.0 -372.9 3002.8 -0.6536512375 0.7004808187 0.2864727378 -0.0181568954 0.3639094234 -0.9312573671 -0.7565780878 -0.6139189601 -0.2251512855
-88.3 -488.9 2837.7 0.9776229858 0.1619048268 -0.1343135238 -0.1279335171 -0.0492556095 -0.9905588627 -0.1669919640 0.9855763316 -0.0274403635
-160.0 -467.1 2401.2 0.9776229858 0.1317772865 0.1639757454 -0.1279335171 0.9912055135 -0.0338320844 -0.1669919640 0.0120970299 0.9858840704
92.9 -501.1 2830.1 0.9934599996 0.0054376121 0.1140509769 0.1141603962 -0.0660605729 -0.9912635684 0.0021441663 0.9978008270 -0.0662492961
90.5 -471.7 2386.6 0.9934599996 -0.1138610318 0.0085357437 0.1141603962 0.9891015887 -0.0929807499 0.0021441663 0.0933471024 0.9956313372
-182.0 -360.0 3002.2 0 0 0 0 0 0 0 0 0
70.6 -377.6 2805.6 0 0 0 0 0 0 0 0 0
-206.3 -815.6 2397.0 0 0 0 0 0 0 0 0 0
134.0 -849.6 2350.9 0 0 0 0 0 0 0 0 0
51.7 12.7 3182.3 7 0.9966456294 0.0752160326 0.0322503448 -0.0463471264 0.8435391188 -0.5350642204 -0.0674498379 0.5317746997 0.8441956043
36.0 -163.9 3070.9 0.9966456294 0.0752160326 0.0322503448 -0.0463471264 0.8435391188 -0.5350642204 -0.0674498379 0.5317746997 0.8441956043
20.6 -326.6 2957.9 0.9965774417 0.0774754286 0.0288269538 -0.0470893420 0.8186691999 -0.5723314881 -0.0679413676 0.5690152049 0.8195155263
-109.5 -157.1 3080.8 0.3482155800 -0.9302440286 0.1157238111 0.7753488421 0.3551940620 0.5221794248 -0.5268586874 -0.0921046883 0.8449477553
-216.7 -395.7 3242.9 -0.1464553177 -0.9302440286 -0.3364475369 -0.1292496175 0.3551940620 -0.9258140922 0.9807371497 -0.0921046883 -0.1722537428
181.5 -170.8 3061.0 0.2557276189 0.6942492723 0.6727713943 -0.9179322720 0.3927166164 -0.0563379936 -0.3033211231 -0.6031513810 0.7377023101
238.0 -373.6 2994.0 -0.6486914754 0.6942492723 0.3117968738 -0.0216196440 0.3927166164 -0.9194054008 -0.7607443333 -0.6031513810 -0.2397425175
-85.2 -484.8 2842.4 0.9769312739 0.1688993722 -0.1306837648 -0.1256967485 -0.0399356037 -0.9912645817 -0.1726429015 0.9848239422 -0.0177842397
-160.2 -467.1 2405.0 0.9769312739 0.1313169003 0.1684075892 -0.1256967485 0.9911077023 -0.0436565764 -0.1726429015 0.0214811880 0.9847502112
96.7 -493.9 2830.9 0.9937908053 0.0121339979 0.1106012911 0.1110770255 -0.0504527278 -0.9925302863 -0.0064632241 0.9986527562 -0.0514872670
91.3 -471.4 2385.1 0.9937908053 -0.1101134345 0.0159658995 0.1110770255 0.9901808500 -0.0848752335 -0.0064632241 0.0861216709 0.9962636828
-179.1 -362.5 2991.0 0 0 0 0 0 0 0 0 0
68.6 -379.3 2795.3 0 0 0 0 0 0 0 0 0
-206.3 -814.9 2397.4 0 0 0 0 0 0 0 0 0
133.4 -849.7 2352.2 0 0 0 0 0 0 0 0 0
49.8 12.6 3185.0 8 0.9965384603 0.0782968774 0.0279413778 -0.0511806570 0.8426817060 -0.5359739661 -0.0655107796 0.5326886177 0.8437719941
33.4 -164.5 3073.1 0.9965384603 0.0782968774 0.0279413778 -0.0511806570 0.8426817060 -0.5359739661 -0.0655107796 0.5326886177 0.8437719941
17.0 -327.5 2960.6 0.9962821007 0.0825320259 0.0247072354 -0.0538313203 0.8202857971 -0.5694149733 -0.0672619641 0.5659679174 0.8216788769
-112.1 -156.6 3082.9 0.3578423262 -0.9278823137 0.1048013046 0.7792728543 0.3585803807 0.5139591098 -0.5144732594 -0.1022475138 0.8513886929
-219.4 -390.2 3237.2 -0.1490311176 -0.9278823137 -0.3417955041 -0.1052829251 0.3585803807 -0.9275428057 0.9832116961 -0.1022475138 -0.1511297971
178.9 -172.3 3063.3 0.2433947772 0.6983916759 0.6730586886 -0.9068570733 0.4100058973 -0.0974958763 -0.3440483510 -0.5866380334 0.7331347466
232.1 -370.6 2988.1 -0.6308552027 0.6983916759 0.3380395472 -0.0344847813 0.4100058973 -0.9114307165 -0.7751338482 -0.5866380334 -0.2345704883
-85.9 -485.0 2850.7 0.9775145650 0.1664875150 -0.1294109970 -0.1241880879 -0.0414531007 -0.9913924336 -0.1704189479 0.9851718545 -0.0198452435
-160.9 -466.4 2406.7 0.9775145650 0.1307165325 0.1654644459 -0.1241880879 0.9910356998 -0.0492498130 -0.1704189479 0.0275936946 0.9849852920
96.5 -493.6 2838.6 0.9935266376 0.0141509194 0.1127147302 0.1132488772 -0.0454783663 -0.9925252795 -0.0089190630 0.9988650680 -0.0467865430
90.0 -472.8 2381.6 0.9935266376 -0.1123881862 0.0165455025 0.1132488772 0.9913331866 -0.0665821135 -0.0089190630 0.0680248663 0.9976437688
-181.1 -363.2 2984.4 0 0 0 0 0 0 0 0 0
67.3 -379.6 2785.6 0 0 0 0 0 0 0 0 0
-207.1 -816.2 2397.0 0 0 0 0 0 0 0 0 0
133.0 -851.5 2355.6 0 0 0 0 0 0 0 0 0
48.7 14.5 3187.4 9 0.9964993000 0.0749837086 0.0369677506 -0.0438316911 0.8451467156 -0.5327342153 -0.0711895600 0.5292489529 0.8454747796
32.9 -162.9 3076.3 0.9964993000 0.0749837086 0.0369677506 -0.0438316911 0.8451467156 -0.5327342153 -0.0711895600 0.5292489529 0.8454747796
16.5 -326.1 2964.1 0.9960183501 0.0825799033 0.0335856713 -0.0489179716 0.8212257624 -0.5685027242 -0.0745283142 0.5645961761 0.8219955564
-112.6 -155.8 3087.2 0.3526419699 -0.9302237630 0.1016239747 0.7846261263 0.3531166911 0.5095787048 -0.5099073052 -0.0999620110 0.8544016480
-216.9 -388.0 3238.0 -0.1420986056 -0.9302237630 -0.3383663595 -0.0954266042 0.3531166911 -0.9306999445 0.9852419496 -0.0999620110 -0.1389454901
178.4 -170.1 3065.4 0.2206373960 0.6951332092 0.6841848493 -0.9044952393 0.4083127081 -0.1231629997 -0.3649760783 -0.5916675925 0.7188337445
227.4 -370.9 2984.4 -0.6370334625 0.6951332092 0.3331338763 -0.0315296687 0.4083127081 -0.9122974277 -0.7701910734 -0.5916675925 -0.2381915301
-90.6 -485.6 2854.2 0.9794031382 0.1545024067 -0.1299941093 -0.1256658882 -0.0375001617 -0.9913636446 -0.1580428630 0.9872804880 -0.0173120927
-160.0 -468.7 2410.7 0.9794031382 0.1331300586 0.1518086046 -0.1256658882 0.9903880954 -0.0577888750 -0.1580428630 0.0375214443 0.9867191315
91.9 -495.4 2842.0 0.9928610921 0.0068739438 0.1190780476 0.1192711741 -0.0479702838 -0.9917021990 -0.0011046970 0.9988251328 -0.0484476946
88.7 -473.3 2381.2 0.9928610921 -0.1189563870 0.0087299515 0.1192711741 0.9908335805 -0.0634285584 -0.0011046970 0.0640169829 0.9979481697
-180.4 -363.4 2984.7 0 0 0 0 0 0 0 0 0
60.9 -379.1 2783.1 0 0 0 0 0 0 0 0 0
-206.6 -814.9 2397.5 0 0 0 0 0 0 0 0 0
134.2 -851.9 2356.7 0 0 0 0 0 0 0 0 0
45.1 13.5 3188.1 0 0.9960191250 0.0561884902 0.0692011043 -0.0103823990 0.8441608548 -0.5359894037 -0.0885333046 0.5331372023 0.8413837552
33.3 -164.3 3075.8 0.9960191250 0.0561884902 0.0692011043 -0.0103823990 0.8441608548 -0.5359894037 -0.0885333046 0.5331372023 0.8413837552
19.2 -326.8 2962.4 0.9952973723 0.0706585944 0.0662613064 -0.0198415648 0.8182518482 -0.5745173693 -0.0948130265 0.5705008507 0.8158059120
-112.0 -161.4 3089.6 0.3213193715 -0.9415518641 0.1011631936 0.8008173108 0.3271888494 0.5016363859 -0.5054161549 -0.0801722482 0.8591431379
-206.4 -396.6 3238.1 -0.1198800430 -0.9415518641 -0.3148156703 -0.1030259281 0.3271888494 -0.9393258691 0.9874281883 -0.0801722482 -0.1362276673
178.6 -167.1 3062.0 0.2482130229 0.7103066444 0.6586765647 -0.9257624149 0.3741415739 -0.0546079315 -0.2852266729 -0.5962235928 0.7504420280
232.6 -368.7 2999.9 -0.6301389337 0.7103066444 0.3136709034 -0.0394685380 0.3741415739 -0.9265313148 -0.7754786611 -0.5962235928 -0.2077264041
-91.2 -484.9 2858.7 0.9797868729 0.1498222351 -0.1325557232 -0.1275868714 -0.0423472747 -0.9909229279 -0.1540756673 0.9878056645 -0.0223759506
-159.2 -465.6 2409.8 0.9797868729 0.1342995912 0.1482610703 -0.1275868714 0.9903596640 -0.0539383031 -0.1540756673 0.0339318737 0.9874762297
91.4 -493.8 2845.1 0.9936112165 0.0036986317 0.1127968058 0.1128478348 -0.0455941483 -0.9925656319 0.0014717395 0.9989532232 -0.0457202382
89.7 -472.8 2384.6 0.9936112165 -0.1125797778 0.0079115545 0.1128478348 0.9901682734 -0.0826570243 0.0014717395 0.0830217525 0.9965466261
-175.6 -370.1 2984.2 0 0 0 0 0 0 0 0 0
67.9 -379.0 2797.1 0 0 0 0 0 0 0 0 0
-206.8 -816.3 2397.8 0 0 0 0 0 0 0 0 0
132.7 -851.1 2352.9 0 0 0 0 0 0 0 0 0
46.2 11.5 3189.4 1 0.9962021708 0.0748170316 0.0445384607 -0.0382158495 0.8353267312 -0.5484238863 -0.0782356188 0.5446389914 0.8350135088
30.4 -164.5 3074.7 0.9962021708 0.0748170316 0.0445384607 -0.0382158495 0.8353267312 -0.5484238863 -0.0782356188 0.5446389914 0.8350135088
13.9 -326.3 2960.5 0.9956738949 0.0830599442 0.0416484214 -0.0437362306 0.8144211769 -0.5786235929 -0.0819798037 0.5742988586 0.8145306110
-114.9 -158.1 3086.6 0.3476171494 -0.9322592616 0.1002743095 0.7954579592 0.3498321772 0.4948374033 -0.4963959455 -0.0922499597 0.8631807566
-216.7 -391.0 3231.9 -0.1353784204 -0.9322592616 -0.3355075419 -0.1008535922 0.3498321772 -0.9313678145 0.9856476188 -0.0922499597 -0.1413814276
175.8 -170.9 3062.7 0.2910925150 0.7236340046 0.6257946491 -0.9258910418 0.3777410984 -0.0061143804 -0.2408129424 -0.5776378512 0.7799639106
241.2 -379.1 3008.5 -0.6261202693 0.7236340046 0.2903914452 0.0071514067 0.3777410984 -0.9258836508 -0.7796936631 -0.5776378512 -0.2416863739
-86.0 -487.6 2857.6 0.9779273868 0.1599432081 -0.1344477683 -0.1282110512 -0.0487418585 -0.9905484319 -0.1649847329 0.9859220982 -0.0271595102
-159.1 -465.3 2407.1 0.9779273868 0.1358485967 0.1587551534 -0.1282110512 0.9900816679 -0.0574475750 -0.1649847329 0.0358253941 0.9856452346
96.4 -491.2 2840.3 0.9953674078 0.0055560693 0.0959833935 0.0961035937 -0.0285326056 -0.9949623346 -0.0027894231 0.9995774031 -0.0289343838
93.8 -477.9 2374.5 0.9953674078 -0.0959286466 0.0064325118 0.0961035937 0.9946601987 -0.0376190096 -0.0027894231 0.0380629227 0.9992714524
-181.9 -365.0 2978.5 0 0 0 0 0 0 0 0 0
77.7 -377.2 2804.9 0 0 0 0 0 0 0 0 0
-206.8 -813.2 2394.5 0 0 0 0 0 0 0 0 0
130.4 -857.5 2359.9 0 0 0 0 0 0 0 0 0
44.5 11.9 3188.1 2 0.9952737689 0.0768224522 0.0594003201 -0.0317730643 0.8356376886 -0.5483613014 -0.0917636007 0.5438823104 0.8341292143
28.3 -163.7 3073.8 0.9952737689 0.0768224522 0.0594003201 -0.0317730643 0.8356376886 -0.5483613014 -0.0917636007 0.5438823104 0.8341292143
11.8 -325.0 2958.9 0.9949774146 0.0829584971 0.0560166612 -0.0348285697 0.8115503192 -0.5832435489 -0.0938453525 0.5783631802 0.8103635311
-117.0 -158.6 3087.5 0.3354239762 -0.9361532927 0.1053933352 0.8019310236 0.3424439132 0.4895291030 -0.4943656027 -0.0796816051 0.8655943274
-215.0 -393.1 3232.0 -0.1231038347 -0.9361532927 -0.3293363750 -0.1069640741 0.3424439132 -0.9334295988 0.9866124392 -0.0796816051 -0.1422909200
173.6 -168.8 3060.1 0.3030960262 0.7320826054 0.6100720167 -0.9314811230 0.3627503216 0.0274803750 -0.2011859119 -0.5765997171 0.7918692827
245.3 -389.2 3012.5 -0.6372551918 0.7320826054 0.2407506555 0.0655412897 0.3627503216 -0.9295786619 -0.7678607702 -0.5765997171 -0.2791461647
-93.8 -484.1 2853.9 0.9807006717 0.1456139535 -0.1304711550 -0.1257285178 -0.0413510539 -0.9912025332 -0.1497280449 0.9884769320 -0.0222451799
-159.5 -465.4 2408.1 0.9807006717 0.1325424016 0.1437312067 -0.1257285178 0.9905089736 -0.0555369221 -0.1497280449 0.0363939852 0.9880571961
88.7 -492.1 2838.8 0.9943394065 -0.0067964890 0.1060326025 0.1056948751 -0.0386258438 -0.9936481714 0.0108489171 0.9992306232 -0.0376888476
91.8 -474.2 2376.7 0.9943394065 -0.1061118916 -0.0054194755 0.1056948751 0.9930630326 -0.0515214317 0.0108489171 0.0506569818 0.9986571670
-183.4 -365.6 2978.3 0 0 0 0 0 0 0 0 0
79.1 -372.1 2812.2 0 0 0 0 0 0 0 0 0
-206.4 -816.2 2395.2 0 0 0 0 0 0 0 0 0
132.3 -853.4 2357.4 0 0 0 0 0 0 0 0 0
45.9 11.7 3188.9 3 0.9955245256 0.0799578279 0.0503751971 -0.0391282402 0.8339588046 -0.5504377484 -0.0860226452 0.5460031629 0.8333550692
29.2 -162.5 3074.9 0.9955245256 0.0799578279 0.0503751971 -0.0391282402 0.8339588046 -0.5504377484 -0.0860226452 0.5460031629 0.8333550692
12.6 -323.4 2959.3 0.9953979850 0.0836028755 0.0468334109 -0.0403993614 0.8092880845 -0.5860210657 -0.0868947655 0.5814321637 0.8089412451
-116.2 -156.6 3087.5 0.3437310159 -0.9335505962 0.1016478539 0.8017008901 0.3480916023 0.4859093726 -0.4890037477 -0.0855309516 0.8680782318
-216.6 -390.8 3230.4 -0.1308178157 -0.9335505962 -0.3337214291 -0.1087082103 0.3480916023 -0.9311362505 0.9854284525 -0.0855309516 -0.1470211893
174.6 -168.4 3062.2 0.2133239657 0.7250187397 0.6548593044 -0.9210708737 0.3727478087 -0.1126389727 -0.3257627487 -0.5791432261 0.7473096848
225.2 -387.1 2984.8 -0.6418892145 0.7250187397 0.2496517450 0.0608960725 0.3727478087 -0.9259323478 -0.7643755078 -0.5791432261 -0.2834136188
-95.9 -483.0 2852.5 0.9805433750 0.1388002634 -0.1388136446 -0.1343483180 -0.0410846546 -0.9900820851 -0.1431267709 0.9894677997 -0.0216377024
-158.4 -464.5 2407.0 0.9805433750 0.1390322894 0.1385812610 -0.1343483180 0.9900161028 -0.0426454395 -0.1431267709 0.0231975429 0.9894324541
86.6 -489.4 2835.3 0.9944824576 -0.0098935235 0.1044356599 0.1040096059 -0.0366764665 -0.9938998222 0.0136635015 0.9992781878 -0.0354450792
91.1 -472.7 2379.5 0.9944824576 -0.1046068519 -0.0078800907 0.1040096059 0.9930089712 -0.0558137521 0.0136635015 0.0546861924 0.9984101057
-182.9 -362.9 2976.9 0 0 0 0 0 0 0 0 0
57.6 -371.2 2785.2 0 0 0 0 0 0 0 0 0
-207.4 -813.5 2398.8 0 0 0 0 0 0 0 0 0
131.0 -852.0 2358.6 0 0 0 0 0 0 0 0 0
44.0 9.9 3187.8 4 0.9968551993 0.0658932030 0.0440210290 -0.0312258471 0.8371816278 -0.5460328460 -0.0728334486 0.5429410934 0.8366063833
30.2 -165.0 3074.4 0.9968551993 0.0658932030 0.0440210290 -0.0312258471 0.8371816278 -0.5460328460 -0.0728334486 0.5429410934 0.8366063833
16.4 -326.4 2959.4 0.9967271686 0.0696548298 0.0410266779 -0.0327836163 0.8121917844 -0.5824686885 -0.0738932863 0.5792173743 0.8118171096
-115.3 -160.2 3085.2 0.3436881900 -0.9351056218 0.0863478258 0.8026389480 0.3402394652 0.4899058938 -0.4874926805 -0.0990687311 0.8674885035
-215.7 -394.6 3227.6 -0.1427266598 -0.9351056218 -0.3243556917 -0.1057226211 0.3402394652 -0.9343767166 0.9840995073 -0.0990687311 -0.1474230587
175.8 -169.8 3063.6 0.2295683771 0.7155477405 0.6597650051 -0.9245733619 0.3721065819 -0.0818582624 -0.3040764034 -0.5912090540 0.7470002770
