118.5 -4.6 2968.0 5 0.9976300597 0.0024482184 0.0687627494 0.0263116118 0.9098372459 -0.4141302407 -0.0635767877 0.4149580300 0.9076165557
118.0 -185.8 2885.3 0.9976300597 0.0024482184 0.0687627494 0.0263116118 0.9098372459 -0.4141302407 -0.0635767877 0.4149580300 0.9076165557
117.4 -361.1 2802.3 0.9976327419 0.0022959202 0.0687288940 0.0273417849 0.9038046002 -0.4270710647 -0.0630980134 0.4279392362 0.9016022682
-18.1 -189.6 2893.9 -0.2214228809 -0.3959627151 -0.8911708593 0.5810500383 0.6803494096 -0.4466604292 0.7831683755 -0.6167157292 0.0794292316
42.7 -349.2 2678.8 -0.3506365418 -0.4057722092 -0.8440396190 0.4828444421 0.6939088702 -0.5341832638 0.8024433255 -0.5948440433 -0.0473849364
254.1 -182.0 2876.7 0.5320571661 0.7165358067 0.4511004984 -0.7988955975 0.2483348548 0.5478098392 0.2805013955 -0.6518483162 0.7045656443
385.3 -378.9 2945.8 -0.2431874126 0.7165358067 0.6537861824 -0.7869194150 0.2483348548 -0.5648784637 -0.5671135187 -0.6518483162 0.5034639835
30.6 -544.0 2728.2 0.9760605097 0.2077334821 -0.0644408613 -0.0456695408 -0.0939289704 -0.9945308566 -0.2126502246 0.9736652970 -0.0821932703
-76.6 -495.5 2225.5 0.9760605097 0.0693819597 0.2061357945 -0.0456695408 0.9920049310 -0.1176457852 -0.2126502246 0.1054152772 0.9714254737
209.6 -541.3 2724.1 0.9807893634 -0.1814493388 0.0716128126 0.0573504604 -0.0826714560 -0.9949253201 0.1864488721 0.9799191356 -0.0706770793
299.1 -500.6 2240.9 0.9807893634 -0.0822357088 -0.1768885106 0.0573504604 0.9882808328 -0.1414634138 0.1864488721 0.1286011636 0.9740116000
131.7 -471.8 2475.1 0 0 0 0 0 0 0 0 0
323.5 -578.5 2801.9 0 0 0 0 0 0 0 0 0
-102.5 -865.8 2186.1 0 0 0 0 0 0 0 0 0
329.7 -869.5 2192.9 0 0 0 0 0 0 0 0 0
118.0 -5.1 2973.5 6 0.9993455410 0.0012938910 0.0361501537 0.0142499041 0.9044689536 -0.4263014197 -0.0332482792 0.4265375733 0.9038585424
117.8 -184.8 2888.7 0.9993455410 0.0012938910 0.0361501537 0.0142499041 0.9044689536 -0.4263014197 -0.0332482792 0.4265375733 0.9038585424
117.6 -359.1 2803.5 0.9993465543 0.0008652696 0.0361347944 0.0151003031 0.8982988596 -0.4391254187 -0.0328398086 0.4393841326 0.8976988196
-18.6 -186.9 2893.2 -0.2153820395 -0.3668251038 -0.9050137401 0.5912302732 0.6886199117 -0.4198206365 0.7772112489 -0.6254933476 0.0685617328
39.6 -346.7 2683.1 -0.3607535660 -0.3777888417 -0.8527206182 0.4869199395 0.7035047412 -0.5176776052 0.7954658270 -0.6019607186 -0.0698389113
254.1 -182.7 2884.2 0.5133228898 0.7390249372 0.4362817705 -0.8091756701 0.2474380285 0.5329250693 0.2858922184 -0.6265912652 0.7250165939
380.7 -382.3 2954.8 -0.2354243547 0.7390249372 0.6312032342 -0.7766048908 0.2474380285 -0.5793610811 -0.5843459368 -0.6265912652 0.5156774521
27.6 -539.0 2724.9 0.9767632484 0.2039431185 -0.0658842847 -0.0489789210 -0.0868628249 -0.9950155616 -0.2086494714 0.9751215577 -0.0748554990
-76.6 -494.6 2226.8 0.9767632484 0.0733773336 0.2013685703 -0.0489789210 0.9911250472 -0.1235808730 -0.2086494714 0.1108464450 0.9716884494
206.1 -534.0 2713.7 0.9787969589 -0.1928708255 0.0689737499 0.0561263263 -0.0713062286 -0.9958741069 0.1969933212 0.9786297679 -0.0589691885
298.7 -499.7 2243.5 0.9787969589 -0.0849573985 -0.1863833964 0.0561263263 0.9863429070 -0.1548466980 0.1969933212 0.1411024630 0.9701977968
131.2 -470.3 2481.2 0 0 0 0 0 0 0 0 0
321.0 -579.3 2806.5 0 0 0 0 0 0 0 0 0
-104.0 -864.6 2185.4 0 0 0 0 0 0 0 0 0
330.4 -867.9 2190.9 0 0 0 0 0 0 0 0 0
117.2 -4.1 2976.2 7 0.9988787770 -0.0152727673 0.0448098779 0.0332797095 0.8997192383 -0.4351985157 -0.0336696245 0.4362018108 0.8992187381
120.2 -184.2 2888.9 0.9988787770 -0.0152727673 0.0448098779 0.0332797095 0.8997192383 -0.4351985157 -0.0336696245 0.4362018108 0.8992187381
123.6 -357.8 2802.2 0.9988312125 -0.0176421199 0.0449999273 0.0358734988 0.8945338130 -0.4455584288 -0.0323933624 0.4466519654 0.8941211700
-16.1 -189.2 2893.3 -0.1912612319 -0.3826772869 -0.9038679600 0.5897796154 0.6912854910 -0.4174738526 0.7845885158 -0.6129294038 0.0934791416
35.6 -348.7 2681.0 -0.3769325614 -0.3841559887 -0.8428202868 0.4852222502 0.6931905746 -0.5329598784 0.7889747620 -0.6098451018 -0.0748850480
256.6 -179.3 2884.5 0.5298963785 0.7339857817 0.4248231947 -0.8005830646 0.2676813006 0.5361096263 0.2797796130 -0.6241887808 0.7294598818
387.3 -376.9 2953.5 -0.2193867266 0.7339857817 0.6427552700 -0.7763365507 0.2676813006 -0.5706560612 -0.5909069777 -0.6241887808 0.5110942125
27.9 -534.8 2721.2 0.9762421250 0.2069141567 -0.0643264875 -0.0486580543 -0.0799467266 -0.9956108332 -0.2111486644 0.9750872254 -0.0679793209
-77.0 -494.2 2226.6 0.9762421250 0.0717385337 0.2044625878 -0.0486580543 0.9920846224 -0.1157603264 -0.2111486644 0.1030613557 0.9720054269
206.8 -532.0 2715.3 0.9793229699 -0.1926093698 0.0618716739 0.0508465171 -0.0616717152 -0.9968004823 0.1958088577 0.9793356061 -0.0506030098
300.2 -502.1 2240.4 0.9793229699 -0.0782725736 -0.1865472645 0.0508465171 0.9877518415 -0.1475160420 0.1958088577 0.1349805743 0.9713079333
131.3 -471.9 2480.8 0 0 0 0 0 0 0 0 0
331.7 -573.9 2803.6 0 0 0 0 0 0 0 0 0
-103.8 -864.6 2188.1 0 0 0 0 0 0 0 0 0
329.4 -870.8 2190.0 0 0 0 0 0 0 0 0 0
116.7 -2.4 2966.1 8 0.9993942976 -0.0212121010 0.0275882203 0.0305556748 0.9142874479 -0.4039118290 -0.0166557450 0.4045101702 0.9143818021
121.0 -186.6 2884.6 0.9993942976 -0.0212121010 0.0275882203 0.0305556748 0.9142874479 -0.4039118290 -0.0166557450 0.4045101702 0.9143818021
125.8 -362.8 2803.5 0.9993027449 -0.0247780662 0.0279304516 0.0341836661 0.9080463052 -0.4174725711 -0.0150179807 0.4181362391 0.9082601666
-15.4 -191.4 2886.6 -0.1830395162 -0.3758735657 -0.9084137678 0.6002228260 0.6890891790 -0.4060648680 0.7786071301 -0.6195766330 0.0994773507
33.2 -351.0 2679.6 -0.3879031539 -0.3793033659 -0.8400357962 0.4820070863 0.6933596134 -0.5356506705 0.7856209874 -0.6126837730 -0.0861294717
257.5 -181.9 2882.5 0.5237117410 0.7455816269 0.4121093154 -0.7917441726 0.2474377304 0.5584942102 0.3144316077 -0.6187751293 0.7198958993
386.6 -377.2 2960.1 -0.2096760124 0.7455816269 0.6325693727 -0.7942574024 0.2474377304 -0.5549142361 -0.5702553988 -0.6187751293 0.5403019190
37.6 -534.6 2718.4 0.9722529650 0.2269676924 -0.0566555187 -0.0396772288 -0.0786843598 -0.9961096644 -0.2305426151 0.9707185030 -0.0674956515
-77.4 -494.7 2226.5 0.9722529650 0.0669245124 0.2241546065 -0.0396772288 0.9914975762 -0.1239286810 -0.2305426151 0.1115961969 0.9666417837
216.5 -528.2 2712.6 0.9832073450 -0.1769112349 0.0447857901 0.0357228406 -0.0540872738 -0.9978970289 0.1789615303 0.9827395082 -0.0468592346
302.0 -502.0 2237.6 0.9832073450 -0.0585380681 -0.1728486270 0.0357228406 0.9905695319 -0.1322721988 0.1789615303 0.1238763481 0.9760263562
131.7 -473.3 2480.2 0 0 0 0 0 0 0 0 0
333.5 -578.7 2815.4 0 0 0 0 0 0 0 0 0
-102.4 -864.9 2184.9 0 0 0 0 0 0 0 0 0
323.8 -871.7 2191.3 0 0 0 0 0 0 0 0 0
117.3 -1.6 2973.5 9 0.9994885921 -0.0235577058 0.0216238908 0.0304726306 0.9066709876 -0.4207364321 -0.0096941693 0.4211802185 0.9069251418
122.0 -184.3 2888.7 0.9994885921 -0.0235577058 0.0216238908 0.0304726306 0.9066709876 -0.4207364321 -0.0096941693 0.4211802185 0.9069251418
126.8 -359.2 2804.8 0.9994543195 -0.0247077029 0.0219233949 0.0317571983 0.9013355374 -0.4319557250 -0.0090876995 0.4324162602 0.9016283154
-14.5 -188.6 2889.9 -0.1758166999 -0.3695868552 -0.9124110937 0.5980251431 0.6961237192 -0.3972123861 0.7819554806 -0.6154813766 0.0986320600
34.1 -353.9 2673.8 -0.4051803946 -0.3690842092 -0.8364243507 0.4765121043 0.6955327988 -0.5377455950 0.7802339792 -0.6164503098 -0.1059431434
258.6 -179.9 2887.4 0.5200148225 0.7495992780 0.4094941616 -0.7980114222 0.2554163039 0.5458390713 0.3045690954 -0.6106254458 0.7310090661
386.9 -376.9 2962.6 -0.2084522992 0.7495992780 0.6282106042 -0.7845021486 0.2554163039 -0.5650830269 -0.5840410590 -0.6106254458 0.5348201394
41.0 -542.0 2723.7 0.9705826044 0.2328526974 -0.0612288453 -0.0409920737 -0.0907791108 -0.9950270653 -0.2372530252 0.9682658315 -0.0785635114
-78.5 -495.4 2226.7 0.9705826044 0.0674044937 0.2311406136 -0.0409920737 0.9922584891 -0.1172294468 -0.2372530252 0.1043059304 0.9658319354
220.0 -535.9 2721.0 0.9843810201 -0.1666534543 0.0567508414 0.0458269306 -0.0686808974 -0.9965856075 0.1699821353 0.9836206436 -0.0599709563
301.8 -502.1 2237.8 0.9843810201 -0.0659006760 -0.1632517427 0.0458269306 0.9912468195 -0.1238128841 0.1699821353 0.1143977270 0.9787845612
137.0 -474.9 2475.8 0 0 0 0 0 0 0 0 0
334.0 -575.9 2814.4 0 0 0 0 0 0 0 0 0
-103.7 -865.8 2187.8 0 0 0 0 0 0 0 0 0
326.4 -872.1 2195.1 0 0 0 0 0 0 0 0 0
118.6 -3.0 2976.7 0 0.9998412728 -0.0174537599 -0.0035840203 0.0142012844 0.9020903111 -0.4313135743 0.0107611530 0.4311941862 0.9021949768
122.1 -183.4 2890.5 0.9998412728 -0.0174537599 -0.0035840203 0.0142012844 0.9020903111 -0.4313135743 0.0107611530 0.4311941862 0.9021949768
125.6 -357.4 2804.6 0.9998359084 -0.0177990440 -0.0033628063 0.0144726550 0.8966020942 -0.4426005185 0.0108929649 0.4424792230 0.8967126012
-14.4 -185.4 2889.0 -0.1805047542 -0.3428778350 -0.9218746424 0.6036111116 0.7014014125 -0.3790642321 0.7765768766 -0.6248766780 0.0803585872
34.9 -350.4 2676.8 -0.3997394443 -0.3531296849 -0.8458769321 0.4696940780 0.7135433555 -0.5198493600 0.7871441245 -0.6051076651 -0.1193685010
258.7 -181.5 2892.0 0.5001011491 0.7658798099 0.4041372240 -0.8104414940 0.2495172173 0.5300242901 0.3050957024 -0.5925953388 0.7454846501
382.1 -381.5 2967.2 -0.2100144625 0.7658798099 0.6077187061 -0.7740099430 0.2495172173 -0.5819361806 -0.5973294377 -0.5925953388 0.5403963923
42.1 -536.9 2721.7 0.9698621035 0.2361532599 -0.0599927641 -0.0415212326 -0.0824329033 -0.9957312942 -0.2400905788 0.9682130218 -0.0701431781
-78.7 -494.8 2226.7 0.9698621035 0.0669790208 0.2342675924 -0.0415212326 0.9928442836 -0.1119653955 -0.2400905788 0.0988639146 0.9657030702
221.1 -531.2 2720.1 0.9845612049 -0.1597985625 0.0714401305 0.0622007996 -0.0620979555 -0.9961299896 0.1636164188 0.9851945043 -0.0511996374
298.7 -501.1 2241.9 0.9845612049 -0.0841801614 -0.1534697711 0.0622007996 0.9877979159 -0.1427805424 0.1636164188 0.1310302317 0.9777835608
136.4 -469.6 2477.0 0 0 0 0 0 0 0 0 0
328.8 -577.9 2815.7 0 0 0 0 0 0 0 0 0
-103.7 -865.4 2189.8 0 0 0 0 0 0 0 0 0
330.1 -869.7 2193.0 0 0 0 0 0 0 0 0 0
117.4 -6.2 2978.9 1 0.9999215007 -0.0079213250 -0.0097099431 0.0028582916 0.8986105323 -0.4387378395 0.0122008426 0.4386756420 0.8985626101
119.0 -185.4 2891.4 0.9999215007 -0.0079213250 -0.0097099431 0.0028582916 0.8986105323 -0.4387378395 0.0122008426 0.4386756420 0.8985626101
121.2 -358.8 2804.2 0.9998905063 -0.0112658339 -0.0095968321 0.0057532182 0.8933615088 -0.4493018091 0.0136351995 0.4491973817 0.8933284879
-17.6 -186.2 2889.5 -0.2000986934 -0.3321923018 -0.9217422605 0.6030963659 0.6996604800 -0.3830795586 0.7721627355 -0.6325531006 0.0603428185
36.4 -348.9 2681.2 -0.3931583166 -0.3529242575 -0.8490412235 0.4596329629 0.7243120670 -0.5139158964 0.7963442206 -0.5922976732 -0.1225536764
255.6 -184.7 2893.2 0.4922564328 0.7696289420 0.4066385329 -0.8169845939 0.2473039031 0.5209385157 0.3003660440 -0.5886527300 0.7505119443
377.1 -386.3 2967.4 -0.2151031345 0.7696289420 0.6011671424 -0.7676224709 0.2473039031 -0.5912669301 -0.6037271023 -0.5886527300 0.5375885963
39.5 -532.7 2717.7 0.9708898067 0.2332786173 -0.0543515608 -0.0387676731 -0.0708798841 -0.9967312217 -0.2363685071 0.9698232412 -0.0597728826
-79.3 -496.6 2223.8 0.9708898067 0.0605210699 0.2317546159 -0.0387676731 0.9945000410 -0.0972971767 -0.2363685071 0.0854802430 0.9678962231
218.6 -530.1 2719.7 0.9837728739 -0.1669344753 0.0657553673 0.0566105694 -0.0589655265 -0.9966535568 0.1702531278 0.9842032194 -0.0485584326
300.2 -501.3 2238.8 0.9837728739 -0.0776599571 -0.1617399603 0.0566105694 0.9897761345 -0.1309140325 0.1702531278 0.1196334958 0.9781112671
136.2 -465.6 2479.1 0 0 0 0 0 0 0 0 0
322.5 -581.1 2814.1 0 0 0 0 0 0 0 0 0
-101.9 -867.8 2191.9 0 0 0 0 0 0 0 0 0
329.2 -870.7 2194.1 0 0 0 0 0 0 0 0 0
115.3 -8.0 2979.9 2 0.9997928143 -0.0192595646 -0.0065869554 0.0143230930 0.8956004977 -0.4446286559 0.0144626349 0.4444421828 0.8956907988
119.1 -186.1 2891.5 0.9997928143 -0.0192595646 -0.0065869554 0.0143230930 0.8956004977 -0.4446286559 0.0144626349 0.4444421828 0.8956907988
123.6 -358.8 2803.0 0.9997129440 -0.0231148209 -0.0063078287 0.0176893212 0.8896049857 -0.4563880861 0.0161608048 0.4561454952 0.8897584677
-17.4 -188.5 2889.3 -0.2224922329 -0.3397657871 -0.9138141870 0.5861357450 0.7023813128 -0.4038630426 0.7790648937 -0.6254755855 0.0428744853
42.5 -346.5 2679.3 -0.3728074431 -0.3544371724 -0.8575481772 0.4746584892 0.7212625742 -0.5044596791 0.7973166704 -0.5951088667 -0.1006554589
255.7 -183.7 2893.7 0.5013583302 0.7680125237 0.3984929621 -0.8132920265 0.2611227036 0.5199720860 0.2952895164 -0.5847834945 0.7555344701
379.4 -384.5 2966.6 -0.2044498771 0.7680125237 0.6069242358 -0.7653604150 0.2611227036 -0.5882502198 -0.6102652550 -0.5847834945 0.5344198942
33.8 -532.7 2715.8 0.9729215503 0.2242770791 -0.0558874272 -0.0410851352 -0.0701359212 -0.9966909885 -0.2274546623 0.9719983339 -0.0590222962
-79.8 -497.2 2223.0 0.9729215503 0.0589679517 0.2234868854 -0.0410851352 0.9956316352 -0.0838427022 -0.2274546623 0.0723903850 0.9710942507
213.0 -531.7 2718.2 0.9816202521 -0.1814408600 0.0591679849 0.0485273562 -0.0625376701 -0.9968621731 0.1845717430 0.9814113379 -0.0525834002
301.6 -501.1 2238.5 0.9816202521 -0.0703618303 -0.1774002463 0.0485273562 0.9910261035 -0.1245487258 0.1845717430 0.1136507913 0.9762257934
137.1 -467.0 2477.0 0 0 0 0 0 0 0 0 0
327.6 -578.7 2811.7 0 0 0 0 0 0 0 0 0
-101.9 -868.8 2196.0 0 0 0 0 0 0 0 0 0
327.9 -871.0 2196.1 0 0 0 0 0 0 0 0 0
114.8 -8.5 2979.4 3 0.9990582466 -0.0092935683 0.0423818678 0.0271132477 0.8963145018 -0.4425891340 -0.0338742509 0.4433214664 0.8957223892
116.6 -186.6 2891.3 0.9990582466 -0.0092935683 0.0423818678 0.0271132477 0.8963145018 -0.4425891340 -0.0338742509 0.4433214664 0.8957223892
118.8 -359.4 2802.9 0.9990326762 -0.0111930454 0.0425260812 0.0293456577 0.8899242878 -0.4551632106 -0.0327503309 0.4559708834 0.8893918991
-19.7 -190.6 2895.8 -0.2368290126 -0.3773964345 -0.8952563405 0.5657655597 0.6955387592 -0.4428715110 0.7898236513 -0.6113899946 0.0487941355
44.7 -344.5 2681.0 -0.3528682888 -0.3837778270 -0.8533455133 0.4857439995 0.7043513656 -0.5176310539 0.7997103930 -0.5971630216 -0.0621254928
252.9 -182.6 2886.9 0.5243193507 0.7354174852 0.4292439222 -0.8073390126 0.2690661550 0.5251734257 0.2707267106 -0.6219039559 0.7348078489
382.3 -381.8 2953.7 -0.2248345315 0.7354174852 0.6392265558 -0.7688981891 0.2690661550 -0.5799990892 -0.5985357165 -0.6219039559 0.5049657822
38.6 -533.0 2713.0 0.9705486298 0.2325432748 -0.0629207343 -0.0468347818 -0.0740647167 -0.9961530566 -0.2363089025 0.9697618484 -0.0609922893
-78.6 -495.7 2224.3 0.9705486298 0.0665229782 0.2315385193 -0.0468347818 0.9948832989 -0.0895193070 -0.2363089025 0.0760387853 0.9686982036
217.7 -529.8 2715.9 0.9832556844 -0.1718994379 0.0604879968 0.0512409471 -0.0577346347 -0.9970160723 0.1748787612 0.9834212065 -0.0479596183
300.4 -502.1 2242.7 0.9832556844 -0.0773013756 -0.1650233716 0.0512409471 0.9863147736 -0.1567083299 0.1748787612 0.1456284076 0.9737606645
134.3 -467.8 2478.0 0 0 0 0 0 0 0 0 0
325.2 -577.0 2801.8 0 0 0 0 0 0 0 0 0
-103.5 -867.0 2195.9 0 0 0 0 0 0 0 0 0
329.2 -870.0 2188.4 0 0 0 0 0 0 0 0 0
114.3 -8.0 2966.7 4 0.9968459606 -0.0059234928 0.0791396201 0.0379487276 0.9113913774 -0.4097873271 -0.0696997941 0.4114980996 0.9087415934
115.5 -190.2 2884.4 0.9968459606 -0.0059234928 0.0791396201 0.0379487276 0.9113913774 -0.4097873271 -0.0696997941 0.4114980996 0.9087415934
116.6 -365.9 2802.2 0.9968449473 -0.0049914853 0.0792160779 0.0381102115 0.9055547714 -0.4225141108 -0.0696255192 0.4242000282 0.9028879404
-20.5 -195.3 2894.0 -0.2468339503 -0.4118713140 -0.8771744370 0.5546011329 0.6822429299 -0.4764054418 0.7946637869 -0.6040750146 0.0600235835
44.4 -341.3 2684.8 -0.3412575424 -0.4150443077 -0.8433750868 0.4904365540 0.6868068576 -0.5364404321 0.8018823266 -0.5966863036 -0.0308251213
251.5 -185.1 2874.9 0.5430887341 0.7095385194 0.4490097165 -0.7916566730 0.2544325888 0.5554671288 0.2798825800 -0.6571295261 0.6998903751
385.5 -380.4 2944.0 -0.2369011939 0.7095385194 0.6636512280 -0.7921317816 0.2544325888 -0.5547894239 -0.5624989867 -0.6571295261 0.5017725825
31.6 -534.8 2717.4 0.9740285873 0.2174378186 -0.0631595105 -0.0474896878 -0.0765569061 -0.9959335923 -0.2213889360 0.9730672240 -0.0642425641
-78.3 -496.1 2225.4 0.9740285873 0.0674545541 0.2161439657 -0.0474896878 0.9942215681 -0.0962713063 -0.2213889360 0.0835063979 0.9716036320
210.4 -529.5 2711.5 0.9806342125 -0.1863841861 0.0601456352 0.0501153059 -0.0580717027 -0.9970537424 0.1893278062 0.9807592034 -0.0476063974
299.2 -501.8 2243.8 0.9806342125 -0.0799582303 -0.1787826717 0.0501153059 0.9849178195 -0.1656060964 0.1893278062 0.1534392536 0.9698511958
131.0 -465.7 2481.3 0 0 0 0 0 0 0 0 0
325.4 -581.3 2801.4 0 0 0 0 0 0 0 0 0
-103.5 -867.2 2194.3 0 0 0 0 0 0 0 0 0
329.1 -869.4 2186.5 0 0 0 0 0 0 0 0 0
114.4 -7.9 2962.8 5 0.9944019318 -0.0027739445 0.1056274548 0.0456348956 0.9128913283 -0.4056437612 -0.0953011513 0.4081932306 0.9079074860
115.0 -189.8 2881.5 0.9944019318 -0.0027739445 0.1056274548 0.0456348956 0.9128913283 -0.4056437612 -0.0953011513 0.4081932306 0.9079074860
115.6 -365.8 2799.6 0.9943967462 -0.0029661073 0.1056708321 0.0472715646 0.9065727592 -0.4193938375 -0.0945543349 0.4220390916 0.9016332030
-20.7 -196.2 2894.4 -0.2610831261 -0.4300974905 -0.8642058372 0.5495482683 0.6697977781 -0.4993672669 0.7936197519 -0.6052991748 0.0614864267
48.3 -341.4 2684.7 -0.3092018068 -0.4387882054 -0.8437174559 0.4944299161 0.6836878061 -0.5367587805 0.8123627901 -0.5831259489 0.0055524944
250.7 -183.4 2868.5 0.5572333336 0.6906187534 0.4610170722 -0.7857964635 0.2591562271 0.5615709424 0.2683559954 -0.6751916409 0.6870962977
388.2 -377.4 2934.8 -0.2435996085 0.6906187534 0.6809588075 -0.7956832647 0.2591562271 -0.5474725962 -0.5545696020 -0.6751916409 0.4863834381
28.5 -544.9 2726.2 0.9758797288 0.2051830292 -0.0745567381 -0.0559785068 -0.0949125066 -0.9939104915 -0.2110099345 0.9741106629 -0.0811373517
-76.8 -496.2 2226.4 0.9758797288 0.0755190477 0.2048307955 -0.0559785068 0.9934539795 -0.0995768607 -0.2110099345 0.0857089162 0.9737190604
206.9 -538.2 2713.7 0.9790694118 -0.1919914335 0.0675450489 0.0535875075 -0.0769895539 -0.9955907464 0.1963451505 0.9783720374 -0.0650897771
299.1 -501.2 2243.7 0.9790694118 -0.0826862752 -0.1859731674 0.0535875075 0.9862419367 -0.1563816220 0.1963451505 0.1431426257 0.9700303078
126.7 -466.9 2478.6 0 0 0 0 0 0 0 0 0
326.4 -579.2 2794.1 0 0 0 0 0 0 0 0 0
-105.0 -867.1 2194.4 0 0 0 0 0 0 0 0 0
329.9 -869.3 2190.3 0 0 0 0 0 0 0 0 0
114.5 -8.8 2971.9 6 0.9991339445 -0.0028607417 0.0415118821 0.0203880537 0.9033304453 -0.4284604788 -0.0362732336 0.4289357662 0.9026064277
115.1 -189.9 2885.9 0.9991339445 -0.0028607417 0.0415118821 0.0203880537 0.9033304453 -0.4284604788 -0.0362732336 0.4289357662 0.9026064277
116.4 -364.3 2800.7 0.9991181493 -0.0059678219 0.0415607393 0.0236041769 0.8984544873 -0.4384317100 -0.0347239524 0.4390260875 0.8978030682
-21.1 -193.1 2890.7 -0.2663744390 -0.3792110384 -0.8861397505 0.5487522483 0.6961522102 -0.4628639817 0.7924112678 -0.6095662713 0.0226557292
50.7 -340.9 2677.2 -0.2967330515 -0.3839163482 -0.8743899465 0.5181865692 0.7043733597 -0.4851194322 0.8021422625 -0.5970480442 -0.0100705484
251.2 -186.8 2881.1 0.5207337737 0.7357261181 0.4330628514 -0.8049523830 0.2541375458 0.5361583233 0.2844081223 -0.6277907491 0.7245624661
379.6 -385.3 2951.3 -0.2287855297 0.7357261181 0.6374670863 -0.7791870236 0.2541375458 -0.5729587674 -0.5835450292 -0.6277907491 0.5151252151
27.3 -545.9 2726.2 0.9766780138 0.2042159587 -0.0663012639 -0.0464972369 -0.1002960056 -0.9938705564 -0.2096139789 0.9737743735 -0.0884614214
-76.9 -494.7 2229.4 0.9766780138 0.0719573572 0.2022922486 -0.0464972369 0.9906953573 -0.1279089451 -0.2096139789 0.1155198291 0.9709362388
205.3 -537.5 2709.3 0.9780436754 -0.1957597435 0.0714752376 0.0574036576 -0.0766424686 -0.9954048395 0.2003382295 0.9776523113 -0.0637223572
298.2 -501.1 2245.5 0.9780436754 -0.0882437378 -0.1887952089 0.0574036576 0.9849553704 -0.1629959792 0.2003382295 0.1485796571 0.9683948755
125.9 -472.3 2473.8 0 0 0 0 0 0 0 0 0
321.6 -583.0 2803.3 0 0 0 0 0 0 0 0 0
-103.7 -864.4 2186.3 0 0 0 0 0 0 0 0 0
331.1 -868.8 2190.0 0 0 0 0 0 0 0 0 0
114.6 -8.4 2976.9 7 0.9999592304 -0.0090234028 0.0003358629 0.0082660234 0.8997899294 -0.4362450242 0.0036342086 0.4362300038 0.8998278379
116.4 -187.9 2889.9 0.9999592304 -0.0090234028 0.0003358629 0.0082660234 0.8997899294 -0.4362450242 0.0036342086 0.4362300038 0.8998278379
119.3 -361.6 2803.3 0.9998986125 -0.0142323170 0.0004673811 0.0129442150 0.8947430849 -0.4463936687 0.0059350301 0.4463544488 0.8948365450
-19.9 -189.6 2889.1 -0.2642594278 -0.3499738574 -0.8987131119 0.5488637686 0.7116529942 -0.4385185540 0.7930419445 -0.6091537476 0.0040269480
52.0 -339.0 2673.2 -0.2923753262 -0.3471304476 -0.8910763860 0.5434860587 0.7063704133 -0.4535016418 0.7868542075 -0.6168802977 -0.0178647358
252.7 -186.2 2890.7 0.5001050830 0.7633112073 0.4089632332 -0.8129293323 0.2510895729 0.5254521370 0.2983970940 -0.5952395201 0.7460892200
376.1 -386.7 2964.3 -0.2134318203 0.7633112073 0.6097564101 -0.7716310620 0.2510895729 -0.5844138265 -0.5991930962 -0.5952395201 0.5354040861
28.4 -540.7 2718.7 0.9759513140 0.2092383802 -0.0611416772 -0.0422908328 -0.0934130549 -0.9947288632 -0.2138468772 0.9733926654 -0.0823177248
-76.5 -493.9 2230.4 0.9759513140 0.0704671890 0.2062847018 -0.0422908328 0.9895365238 -0.1379455626 -0.2138468772 0.1259042025 0.9687196016
207.0 -536.6 2712.5 0.9792749286 -0.1912354082 0.0667051822 0.0539115034 -0.0713453293 -0.9959936738 0.1952283680 0.9789478183 -0.0595569052
298.9 -502.3 2241.7 0.9792749286 -0.0808589309 -0.1856943667 0.0539115034 0.9878383875 -0.1458383948 0.1952283680 0.1328048259 0.9717246294
126.2 -476.8 2473.6 0 0 0 0 0 0 0 0 0
322.0 -582.5 2812.3 0 0 0 0 0 0 0 0 0
-102.8 -863.2 2183.5 0 0 0 0 0 0 0 0 0
329.1 -871.0 2192.2 0 0 0 0 0 0 0 0 0
114.7 -7.1 2978.0 8 0.9997931123 -0.0143532641 -0.0144126453 0.0065368982 0.8977054358 -0.4405476451 0.0192616060 0.4403623044 0.8976135254
117.5 -186.0 2890.2 0.9997931123 -0.0143532641 -0.0144126453 0.0065368982 0.8977054358 -0.4405476451 0.0192616060 0.4403623044 0.8976135254
121.3 -359.1 2802.6 0.9997167587 -0.0190976225 -0.0142011708 0.0106215831 0.8920245171 -0.4518622458 0.0212972872 0.4515834153 0.8919746876
-18.9 -187.4 2887.3 -0.2640188038 -0.3375449181 -0.9035250545 0.5548495650 0.7130921483 -0.4285341799 0.7889461517 -0.6144616008 -0.0009830677
53.6 -339.6 2670.9 -0.3022820652 -0.3312239647 -0.8938211203 0.5546132922 0.7015157342 -0.4475263059 0.7752610445 -0.6310042739 -0.0283544138
254.0 -184.6 2893.1 0.4937990606 0.7728939652 0.3984939158 -0.8156573176 0.2528258562 0.5203674436 0.3014392853 -0.5819914341 0.7552617788
375.8 -385.9 2967.5 -0.2063032687 0.7728939652 0.6000615358 -0.7672396302 0.2528258562 -0.5894255638 -0.6072745323 -0.5819914341 0.5408360362
32.8 -536.3 2716.2 0.9740157723 0.2184799016 -0.0596641302 -0.0421883389 -0.0838010609 -0.9955890179 -0.2225161046 0.9722365737 -0.0724062473
-76.6 -494.4 2229.3 0.9740157723 0.0707328245 0.2151514441 -0.0421883389 0.9900171757 -0.1344848126 -0.2225161046 0.1219134405 0.9672764540
211.6 -534.1 2717.3 0.9811236858 -0.1810310930 0.0680006742 0.0568237826 -0.0662321672 -0.9961848855 0.1848442703 0.9812446237 -0.0546950772
299.8 -501.8 2238.8 0.9811236858 -0.0792144760 -0.1764126271 0.0568237826 0.9900742769 -0.1285455227 0.1848442703 0.1160946265 0.9758865833
130.2 -480.3 2474.2 0 0 0 0 0 0 0 0 0
323.5 -580.5 2813.4 0 0 0 0 0 0 0 0 0
-103.0 -863.9 2183.8 0 0 0 0 0 0 0 0 0
329.4 -871.3 2195.5 0 0 0 0 0 0 0 0 0
115.4 -8.5 2991.0 9 0.9998970032 -0.0125761842 -0.0069171754 0.0077591916 0.8790690303 -0.4766313136 0.0120748784 0.4765285552 0.8790760636
117.9 -184.0 2895.9 0.9998970032 -0.0125761842 -0.0069171754 0.0077591916 0.8790690303 -0.4766313136 0.0120748784 0.4765285552 0.8790760636
120.7 -353.5 2801.8 0.9998742342 -0.0143347941 -0.0067816563 0.0092405519 0.8742097616 -0.4854605496 0.0128875664 0.4853368402 0.8742322922
-18.6 -185.2 2894.1 -0.2676195800 -0.3341373801 -0.9037322402 0.5469520092 0.7194938064 -0.4279861152 0.7932359576 -0.6088356376 -0.0097935135
55.3 -336.4 2674.9 -0.2910944521 -0.3231611550 -0.9004614949 0.5691064596 0.6980838776 -0.4345075190 0.7690135837 -0.6389411688 -0.0192952510
254.4 -182.7 2897.6 0.4959461093 0.7677703500 0.4056675434 -0.8265824914 0.2742566466 0.4914719462 0.2660805583 -0.5790612698 0.7706420422
376.7 -386.6 2963.3 -0.2128064781 0.7677703500 0.6043526530 -0.7433034182 0.2742566466 -0.6101502776 -0.6342030168 -0.5790612698 0.5123227239
35.6 -533.2 2713.1 0.9722101092 0.2283158302 -0.0517627709 -0.0350028649 -0.0768571794 -0.9964274764 -0.2314785123 0.9705487490 -0.0667296126
-77.9 -495.0 2230.5 0.9722101092 0.0648738295 0.2249419689 -0.0350028649 0.9903187752 -0.1343263388 -0.2314785123 0.1227198169 0.9650686979
214.5 -531.3 2716.9 0.9821829200 -0.1772614121 0.0624111630 0.0523476712 -0.0608965866 -0.9967704415 0.1804895550 0.9822779894 -0.0505323634
301.0 -501.6 2238.1 0.9821829200 -0.0734949410 -0.1729602665 0.0523476712 0.9909250736 -0.1238029674 0.1804895550 0.1125430912 0.9771169424
129.2 -480.8 2479.8 0 0 0 0 0 0 0 0 0
322.8 -575.1 2802.4 0 0 0 0 0 0 0 0 0
-102.1 -864.6 2184.7 0 0 0 0 0 0 0 0 0
328.4 -871.5 2196.1 0 0 0 0 0 0 0 0 0
116.1 -8.7 2985.5 00 0.9991471171 -0.0058686738 0.0408726297 0.0242266543 0.8848878145 -0.4651737511 -0.0334377401 0.4657672346 0.8842753172
117.3 -184.9 2892.7 0.9991471171 -0.0058686738 0.0408726297 0.0242266543 0.8848878145 -0.4651737511 -0.0334377401 0.4657672346 0.8842753172
118.9 -355.4 2800.1 0.9991303086 -0.0077976007 0.0409616716 0.0263995808 0.8786890507 -0.4766640067 -0.0322757363 0.4773308039 0.8781307340
-19.0 -188.5 2897.1 -0.2817729414 -0.3726106286 -0.8841749430 0.5331414938 0.7053548694 -0.4671559334 0.7977243662 -0.6030222774 -0.0000957080
59.2 -336.3 2675.9 -0.2748837769 -0.3631446958 -0.8902611136 0.5679967999 0.6857550144 -0.4551040232 0.7757696509 -0.6307661533 0.0177620910
253.6 -181.3 2888.3 0.5215417743 0.7361673713 0.4313372076 -0.8155363202 0.2815192342 0.5056159496 0.2507882416 -0.6154709458 0.7471952438
382.3 -382.5 2950.2 -0.2276526839 0.7361673713 0.6373631954 -0.7533956766 0.2815192342 -0.5942574143 -0.6169029474 -0.6154709458 0.4905367196
33.9 -523.9 2706.5 0.9725463390 0.2282221466 -0.0454783514 -0.0333425477 -0.0567541234 -0.9978312850 -0.2303082794 0.9719535112 -0.0475865081
-78.1 -496.1 2229.3 0.9725463390 0.0640536696 0.2237202674 -0.0333425477 0.9898082614 -0.1384482384 -0.2303082794 0.1271879226 0.9647700787
213.0 -522.3 2708.8 0.9812605381 -0.1837624013 0.0579578467 0.0512816645 -0.0408810414 -0.9978471398 0.1857361645 0.9821202159 -0.0306913108
301.2 -502.7 2237.4 0.9812605381 -0.0736801922 -0.1780420244 0.0512816645 0.9905393124 -0.1272870898 0.1857361645 0.1157715097 0.9757556319
128.9 -480.5 2479.0 0 0 0 0 0 0 0 0 0
324.5 -573.6 2793.7 0 0 0 0 0 0 0 0 0
-102.0 -865.6 2181.8 0 0 0 0 0 0 0 0 0
328.7 -872.4 2194.2 0 0 0 0 0 0 0 0 0
117.2 -7.2 2981.7 01 0.9979509115 0.0034507646 0.0638907552 0.0259641781 0.8907948136 -0.4536634386 -0.0584790371 0.4543927014 0.8888798952
116.5 -184.3 2891.4 0.9979509115 0.0034507646 0.0638907552 0.0259641781 0.8907948136 -0.4536634386 -0.0584790371 0.4543927014 0.8888798952
116.0 -356.0 2801.0 0.9979543686 0.0032566509 0.0638469458 0.0268791504 0.8847649693 -0.4652616978 -0.0580047332 0.4660260975 0.8828675747
-19.7 -187.9 2899.3 -0.2978550494 -0.3868237138 -0.8727254868 0.5296507478 0.6936302185 -0.4882082045 0.7941992879 -0.6076549888 -0.0017197953
63.3 -335.4 2678.2 -0.2570936084 -0.3826693892 -0.8873933554 0.5662513971 0.6844590902 -0.4592114091 0.7831106186 -0.6205480695 0.0407170095
252.7 -180.6 2883.4 0.5288046002 0.7199886441 0.4494241178 -0.8116611242 0.2741770148 0.5157840848 0.2481368929 -0.6375290751 0.7293728590
383.2 -380.9 2944.7 -0.2424001843 0.7199886441 0.6502757072 -0.7614334822 0.2741770148 -0.5874061584 -0.6012164354 -0.6375290751 0.4817629158
31.1 -528.3 2710.4 0.9738021493 0.2201281190 -0.0570349097 -0.0445586219 -0.0612363145 -0.9971281886 -0.2229885608 0.9735469818 -0.0498234481
-78.5 -497.8 2226.1 0.9738021493 0.0696261525 0.2164753228 -0.0445586219 0.9919419289 -0.1185992733 -0.2229885608 0.1058463827 0.9690576196
209.8 -523.6 2704.6 0.9796956778 -0.1913492978 0.0598481111 0.0525621846 -0.0429328792 -0.9976943135 0.1934775710 0.9805825949 -0.0320034213
301.1 -503.1 2236.9 0.9796956778 -0.0750778541 -0.1859023124 0.0525621846 0.9909868240 -0.1232164279 0.1934775710 0.1109431759 0.9748117924
128.5 -479.1 2479.4 0 0 0 0 0 0 0 0 0
321.8 -574.1 2792.2 0 0 0 0 0 0 0 0 0
-104.4 -868.0 2186.6 0 0 0 0 0 0 0 0 0
329.1 -873.0 2195.5 0 0 0 0 0 0 0 0 0
116.7 -7.1 2981.3 02 0.9996075630 0.0004036833 0.0280107558 0.0125416806 0.8876427412 -0.4603618979 -0.0250493847 0.4605325460 0.8872892857
116.6 -184.2 2889.5 0.9996075630 0.0004036833 0.0280107558 0.0125416806 0.8876427412 -0.4603618979 -0.0250493847 0.4605325460 0.8872892857
117.5 -354.9 2797.1 0.9995977879 -0.0042211078 0.0280440059 0.0170609802 0.8794134855 -0.4757529795 -0.0226540715 0.4760400653 0.8791317344
-19.8 -186.5 2892.6 -0.3160491288 -0.3516773582 -0.8811560273 0.5443300009 0.6934772134 -0.4720108509 0.7770571709 -0.6288182735 -0.0277443286
64.8 -332.2 2684.6 -0.2300300002 -0.3579818904 -0.9049503803 0.5638639927 0.7088704705 -0.4237452447 0.7931857109 -0.6077430844 0.0387916192
253.0 -181.9 2886.4 0.5114724040 0.7447534204 0.4286471009 -0.8199458718 0.2737587094 0.5027375221 0.2570695877 -0.6086037755 0.7506774664
379.3 -384.3 2949.8 -0.2286387086 0.7447534204 0.6269503236 -0.7521153688 0.2737587094 -0.5994819999 -0.6180993319 -0.6086037755 0.4975486398
26.1 -530.1 2715.8 0.9765101075 0.2083503306 -0.0549378730 -0.0416314974 -0.0677244961 -0.9968351126 -0.2114115655 0.9757066965 -0.0574597195
-78.5 -496.1 2226.2 0.9765101075 0.0648010522 0.2054965943 -0.0416314974 0.9924769998 -0.1151356176 -0.2114115655 0.1038759574 0.9718616009
204.7 -525.3 2705.4 0.9775821567 -0.2043439001 0.0507608876 0.0419766530 -0.0470977649 -0.9980078936 0.2063275576 0.9777655005 -0.0374642648
303.4 -502.5 2233.1 0.9775821567 -0.0626798123 -0.2010083050 0.0419766530 0.9935163260 -0.1056562662 0.2063275576 0.0948500261 0.9738749266
123.2 -475.3 2483.3 0 0 0 0 0 0 0 0 0
321.3 -575.1 2793.0 0 0 0 0 0 0 0 0 0
-102.7 -866.5 2187.4 0 0 0 0 0 0 0 0 0
326.8 -873.4 2197.7 0 0 0 0 0 0 0 0 0
115.0 -16.3 2980.2 03 0.9995042682 -0.0013199899 0.0314554982 0.0159293842 0.8829985857 -0.4691052139 -0.0271559469 0.4693737328 0.8825819492
115.3 -191.5 2887.0 0.9995042682 -0.0013199899 0.0314554982 0.0159293842 0.8829985857 -0.4691052139 -0.0271559469 0.4693737328 0.8825819492
116.5 -361.6 2793.5 0.9994834065 -0.0063349977 0.0315094478 0.0207333360 0.8761989474 -0.4815033674 -0.0245582238 0.4819079340 0.8758776188
-21.2 -194.3 2890.4 -0.3299375772 -0.3571110964 -0.8738494515 0.5258498788 0.6992401481 -0.4842985868 0.7839789987 -0.6193019152 -0.0429187864
70.5 -340.5 2672.4 -0.2033133060 -0.3624064028 -0.9095742702 0.5668290257 0.7139070630 -0.4111466110 0.7983536720 -0.5991646647 0.0602756441
251.7 -188.7 2883.7 0.5149394274 0.7425638437 0.4282946289 -0.8197126985 0.2803544998 0.4994722009 0.2508156896 -0.6082764864 0.7530545592
378.9 -391.0 2945.6 -0.2275001407 0.7425638437 0.6299544573 -0.7486091256 0.2803544998 -0.6008208990 -0.6227584481 -0.6082764864 0.4921093881
28.9 -527.1 2706.8 0.9742540717 0.2198039740 -0.0501514189 -0.0372168198 -0.0625994429 -0.9973445535 -0.2223597467 0.9735335112 -0.0528073609
-80.0 -496.1 2224.3 0.9742540717 0.0598218478 0.2173713297 -0.0372168198 0.9936009645 -0.1066396683 -0.2223597467 0.0958042666 0.9702461958
207.8 -524.1 2702.7 0.9787993431 -0.1953093708 0.0616937652 0.0544205755 -0.0423941351 -0.9976177216 0.1974595487 0.9798249602 -0.0308665019
301.0 -503.9 2235.4 0.9787993431 -0.0765243098 -0.1899892092 0.0544205755 0.9914072752 -0.1189537644 0.1974595487 0.1060925424 0.9745532870
122.1 -484.3 2469.9 0 0 0 0 0 0 0 0 0
321.1 -581.0 2787.6 0 0 0 0 0 0 0 0 0
-102.3 -866.9 2188.6 0 0 0 0 0 0 0 0 0
329.6 -873.9 2195.8 0 0 0 0 0 0 0 0 0
113.5 -20.0 2980.6 04 0.9995619655 -0.0014054953 0.0295619275 0.0152218612 0.8810379505 -0.4728006423 -0.0253806598 0.4730435312 0.8806734085
113.8 -194.9 2886.7 0.9995619655 -0.0014054953 0.0295619275 0.0152218612 0.8810379505 -0.4728006423 -0.0253806598 0.4730435312 0.8806734085
115.2 -364.6 2792.4 0.9995359778 -0.0070993076 0.0296215657 0.0205855388 0.8742113113 -0.4851090908 -0.0224515703 0.4854937494 0.8739517927
-22.7 -197.7 2889.7 -0.3338788152 -0.3560976088 -0.8727653623 0.5202210546 0.7025099993 -0.4856436253 0.7860629559 -0.6161770821 -0.0493037328
69.1 -340.8 2673.5 -0.2265179604 -0.3622104526 -0.9041532874 0.5516435504 0.7173391581 -0.4255748391 0.8027322292 -0.5951706767 0.0373208560
250.3 -192.1 2883.6 0.5142641068 0.7438760996 0.4268263876 -0.8208084702 0.2826344967 0.4963780940 0.2486079484 -0.6056121588 0.7559285760
377.3 -394.7 2945.0 -0.2265229523 0.7438760996 0.6287572384 -0.7459061146 0.2826344967 -0.6031101346 -0.6263477206 -0.6056121588 0.4908385277
28.3 -533.5 2702.2 0.9744080305 0.2172620445 -0.0576726869 -0.0421548486 -0.0753978342 -0.9962620735 -0.2207983285 0.9731969833 -0.0643096045
-78.4 -496.5 2224.5 0.9744080305 0.0651675686 0.2151328027 -0.0421548486 0.9930505753 -0.1098794416 -0.2207983285 0.0979985222 0.9703836441
207.3 -529.8 2697.8 0.9780140519 -0.1979596913 0.0655780211 0.0551595986 -0.0576981381 -0.9968090653 0.2011117488 0.9785105586 -0.0455102101
301.0 -502.5 2234.7 0.9780140519 -0.0764105394 -0.1940359473 0.0551595986 0.9921013713 -0.1126602590 0.2011117488 0.0994803756 0.9745038152
126.6 -480.7 2469.8 0 0 0 0 0 0 0 0 0
319.8 -584.0 2786.0 0 0 0 0 0 0 0 0 0
-102.7 -867.2 2187.9 0 0 0 0 0 0 0 0 0
329.5 -872.8 2197.6 0 0 0 0 0 0 0 0 0
113.3 -20.9 2980.3 05 0.9997360110 -0.0046176719 0.0225071590 0.0146814073 0.8819091916 -0.4711906910 -0.0176734664 0.4713967443 0.8817441463
114.2 -195.2 2887.1 0.9997360110 -0.0046176719 0.0225071590 0.0146814073 0.8819091916 -0.4711906910 -0.0176734664 0.4713967443 0.8817441463
116.8 -365.4 2793.8 0.9996559024 -0.0133136492 0.0226020645 0.0225401688 0.8767058253 -0.4804985523 -0.0134181725 0.4808426499 0.8767042160
-22.4 -198.3 2888.9 -0.3260456622 -0.3558837771 -0.8758087158 0.5217076540 0.7048481703 -0.4806352556 0.7883624434 -0.6136251092 -0.0441454016
67.3 -341.7 2672.2 -0.2444967180 -0.3586164415 -0.9008970857 0.5537712574 0.7110312581 -0.4333266616 0.7959640622 -0.6048378348 0.0247466657
250.8 -192.2 2885.2 0.5136170387 0.7488282323 0.4188721180 -0.8184233904 0.2809768617 0.5012336373 0.2576445341 -0.6002568603 0.7571730018
377.6 -394.2 2948.9 -0.2193335593 0.7488282323 0.6254191399 -0.7495933771 0.2809768617 -0.5993010998 -0.6245018840 -0.6002568603 0.4996890128
27.0 -536.1 2700.2 0.9745649695 0.2151329517 -0.0627767593 -0.0461865291 -0.0812984258 -0.9956191182 -0.2192941308 0.9731949568 -0.0692943558
-77.8 -496.5 2225.9 0.9745649695 0.0698520616 0.2129408419 -0.0461865291 0.9923885465 -0.1141566634 -0.2192941308 0.1014180854 0.9703733325
206.1 -532.4 2696.2 0.9774618745 -0.2010620385 0.0643609688 0.0526942052 -0.0628539324 -0.9966306686 0.2044299394 0.9775599241 -0.0508425198
301.6 -502.6 2231.9 0.9774618745 -0.0705402717 -0.1989782602 0.0526942052 0.9942138791 -0.0936059207 0.2044299394 0.0810112134 0.9755232334
129.3 -482.2 2470.3 0 0 0 0 0 0 0 0 0
321.9 -584.5 2790.3 0 0 0 0 0 0 0 0 0
-103.9 -866.9 2188.0 0 0 0 0 0 0 0 0 0
327.9 -873.6 2201.6 0 0 0 0 0 0 0 0 0
111.8 -23.2 2980.1 06 0.9996933937 -0.0047960449 0.0242916197 0.0156840701 0.8818013072 -0.4713602066 -0.0191597175 0.4715966880 0.8816061616
112.8 -197.0 2887.2 0.9996933937 -0.0047960449 0.0242916197 0.0156840701 0.8818013072 -0.4713602066 -0.0191597175 0.4715966880 0.8816061616
115.3 -367.1 2793.8 0.9996173382 -0.0130564719 0.0243870784 0.0231778380 0.8765445948 -0.4807623029 -0.0150993029 0.4811435640 0.8765117526
-23.8 -200.1 2889.2 -0.3313845992 -0.3586850762 -0.8726564646 0.5141107440 0.7068977952 -0.4857834876 0.7911221981 -0.6096232533 -0.0498512052
66.8 -340.7 2672.9 -0.2502411604 -0.3574925661 -0.8997657895 0.5605615377 0.7042253613 -0.4357032776 0.7893985510 -0.6134049892 0.0241704155
249.3 -193.8 2885.1 0.5145854354 0.7476386428 0.4198073745 -0.8181598783 0.2816445231 0.5012890697 0.2565466464 -0.6014256477 0.7566181421
376.4 -395.8 2948.4 -0.2199343890 0.7476386428 0.6266301274 -0.7495077252 0.2816445231 -0.5990948081 -0.6243933439 -0.6014256477 0.4984176159
29.8 -537.6 2701.6 0.9736679196 0.2203662544 -0.0583908260 -0.0410988778 -0.0822575241 -0.9957633018 -0.2242357135 0.9719426036 -0.0710347071
-78.0 -497.4 2226.0 0.9736679196 0.0671386048 0.2178604603 -0.0410988778 0.9916873574 -0.1219305620 -0.2242357135 0.1097660512 0.9683334827
208.9 -533.6 2699.2 0.9786554575 -0.1938160211 0.0683286339 0.0572852381 -0.0620285533 -0.9964290261 0.1973622292 0.9790749550 -0.0496017858
300.5 -504.3 2236.6 0.9786554575 -0.0794615448 -0.1895239204 0.0572852381 0.9911498427 -0.1197515428 0.1973622292 0.1063385829 0.9745461941
130.3 -483.0 2472.5 0 0 0 0 0 0 0 0 0
320.5 -586.1 2789.9 0 0 0 0 0 0 0 0 0
-103.1 -867.5 2185.0 0 0 0 0 0 0 0 0 0
330.2 -874.1 2196.9 0 0 0 0 0 0 0 0 0
112.7 -27.2 2979.0 07 0.9998296499 -0.0087587284 0.0162478723 0.0154179195 0.8802634478 -0.4742346406 -0.0101487162 0.4744043648 0.8802485466
114.5 -200.4 2885.7 0.9998296499 -0.0087587284 0.0162478723 0.0154179195 0.8802634478 -0.4742346406 -0.0101487162 0.4744043648 0.8802485466
117.6 -370.4 2792.0 0.9997349977 -0.0161925983 0.0163638406 0.0220791548 0.8756750226 -0.4823958874 -0.0065181637 0.4826293290 0.8758004308
-22.1 -203.4 2886.6 -0.3377910554 -0.3552764654 -0.8715938330 0.5059213042 0.7123382688 -0.4864337742 0.7936881185 -0.6052708626 -0.0608795621
67.6 -337.8 2675.8 -0.2519735098 -0.3533922732 -0.9009013772 0.5571893454 0.7081696987 -0.4336308837 0.7912328243 -0.6112360954 0.0184664000
251.0 -197.4 2884.8 0.5114657283 0.7530644536 0.4138801396 -0.8192068338 0.2819043696 0.4994297326 0.2594281733 -0.5944946408 0.7610999942
377.3 -399.7 2948.9 -0.2154237181 0.7530644536 0.6216804385 -0.7481114864 0.2819043696 -0.6007155776 -0.6276319623 -0.5944946408 0.5026472807
28.3 -539.3 2701.7 0.9737936854 0.2202624381 -0.0566592440 -0.0380315483 -0.0879125595 -0.9954019189 -0.2242307216 0.9714709520 -0.0772317797
-79.4 -496.4 2226.8 0.9737936854 0.0619886592 0.2188223451 -0.0380315483 0.9929748774 -0.1120465994 -0.2242307216 0.1007881165 0.9693102241
207.4 -535.2 2699.0 0.9780226350 -0.1971127391 0.0679581985 0.0554204546 -0.0684464797 -0.9961142540 0.2009983063 0.9779886007 -0.0560181327
300.5 -502.9 2237.1 0.9780226350 -0.0782096237 -0.1932744235 0.0554204546 0.9911491871 -0.1206313074 0.2009983063 0.1072687879 0.9737007022
131.5 -479.2 2475.0 0 0 0 0 0 0 0 0 0
322.6 -589.6 2789.5 0 0 0 0 0 0 0 0 0
-102.5 -867.0 2189.2 0 0 0 0 0 0 0 0 0
329.7 -872.8 2197.1 0 0 0 0 0 0 0 0 0
113.6 -28.1 2990.5 08 0.9997223020 -0.0048690056 0.0230569784 0.0160338245 0.8575739861 -0.5141106248 -0.0172698572 0.5143375993 0.8574138880
114.5 -197.6 2888.8 0.9997223020 -0.0048690056 0.0230569784 0.0160338245 0.8575739861 -0.5141106248 -0.0172698572 0.5143375993 0.8574138880
116.4 -362.7 2787.2 0.9996842146 -0.0097947698 0.0231406204 0.0204697177 0.8515587449 -0.5238594413 -0.0145745147 0.5241677165 0.8514903188
-22.0 -200.4 2890.8 -0.3280891180 -0.3452367783 -0.8793003559 0.5074542761 0.7207027078 -0.4723110795 0.7967733145 -0.6011648774 -0.0612628162
69.5 -342.1 2668.5 -0.2536106110 -0.3428707123 -0.9045006037 0.5533478260 0.7155387402 -0.4263923764 0.7934026718 -0.6086410880 0.0082585402
251.1 -194.8 2886.9 0.5122087002 0.7479643822 0.4221273363 -0.8314737082 0.3087192178 0.4618916512 0.2151596993 -0.5875726938 0.7800413966
