107.1 -7.8 2979.3 0 0.9962064624 -0.0116834417 0.0862335712 0.0544740446 0.8565006852 -0.5132632256 -0.0678624362 0.5160136223 0.8538879752
109.4 -179.2 2876.0 0.9962064624 -0.0116834417 0.0862335712 0.0544740446 0.8565006852 -0.5132632256 -0.0678624362 0.5160136223 0.8538879752
111.6 -341.0 2768.9 0.9961699843 -0.0111627094 0.0867221206 0.0571697466 0.8335980177 -0.5494050384 -0.0661585405 0.5522587299 0.8310435414
-26.6 -187.0 2885.1 0.3054438531 -0.9514864683 -0.0371161811 0.9382103086 0.2940649390 0.1824479252 -0.1626821607 -0.0905503854 0.9825146794
-100.4 -413.7 2924.4 0.2076410353 -0.9514864683 -0.2270655334 0.8308400512 0.2940649390 -0.4724729061 0.5163235664 -0.0905503854 0.8515929580
245.4 -171.4 2867.0 0.5509076715 0.7047614455 0.4470034540 -0.8190956116 0.3539463282 0.4514469504 0.1599471867 -0.6148441434 0.7722587585
381.4 -373.6 2906.5 -0.2328931242 0.7047614455 0.6701284051 -0.7032027245 0.3539463282 -0.6166262627 -0.6717638969 -0.6148441434 0.4131585062
30.7 -508.2 2666.0 0.9666491747 0.2558078766 -0.0123184277 -0.0103485221 -0.0090453587 -0.9999055266 -0.2558951378 0.9666852951 -0.0060964543
-87.1 -504.1 2220.9 0.9666491747 0.0230358783 0.2550662160 -0.0103485221 0.9986464381 -0.0509722903 -0.2558951378 0.0466327630 0.9655791521
209.4 -498.9 2658.5 0.9733167887 -0.2269037217 0.0341930576 0.0397186205 0.0198297743 -0.9990141392 0.2260019928 0.9737153053 0.0283129551
307.9 -507.5 2235.8 0.9733167887 -0.0489420667 -0.2241854966 0.0397186205 0.9981757402 -0.0454712138 0.2260019928 0.0353535563 0.9734851122
-153.1 -624.6 2793.3 0 0 0 0 0 0 0 0 0
322.3 -552.1 2736.0 0 0 0 0 0 0 0 0 0
-95.7 -876.9 2203.5 0 0 0 0 0 0 0 0 0
326.2 -880.1 2222.6 0 0 0 0 0 0 0 0 0
107.3 -9.2 2979.7 1 0.9980171323 -0.0141359055 0.0613354295 0.0438144840 0.8556303382 -0.5157295465 -0.0451901518 0.5173943043 0.8545531034
110.1 -180.1 2876.3 0.9980171323 -0.0141359055 0.0613354295 0.0438144840 0.8556303382 -0.5157295465 -0.0451901518 0.5173943043 0.8545531034
112.6 -341.7 2768.8 0.9979968071 -0.0129758278 0.0619190708 0.0450774580 0.8325770497 -0.5520719290 -0.0443888083 0.5537571907 0.8314942122
-26.2 -186.2 2882.4 0.3203404844 -0.9456291199 -0.0562809706 0.9347234964 0.3058785796 0.1809151769 -0.1538635194 -0.1105616018 0.9818870425
-103.6 -412.1 2919.5 0.2064584941 -0.9456291199 -0.2513174415 0.8271799684 0.3058785796 -0.4713932872 0.5226358771 -0.1105616018 0.8453566432
246.3 -173.9 2870.3 0.5372779369 0.7222293019 0.4355654418 -0.8260982633 0.3465591669 0.4443629682 0.1699827611 -0.5985662341 0.7828309536
379.0 -377.9 2912.2 -0.2267602682 0.7222293019 0.6534252763 -0.6989379525 0.3465591669 -0.6256057024 -0.6782813072 -0.5985662341 0.4262076318
24.5 -508.0 2667.6 0.9707720876 0.2394622117 -0.0161059517 -0.0135147069 -0.0124592967 -0.9998310208 -0.2396224290 0.9708257318 -0.0088588763
-85.4 -502.3 2221.8 0.9707720876 0.0267198645 0.2385112196 -0.0135147069 0.9982923865 -0.0568297654 -0.2396224290 0.0519453399 0.9694755077
202.9 -497.7 2655.8 0.9693303108 -0.2438605577 0.0305080358 0.0372326039 0.0230127182 -0.9990416169 0.2429247797 0.9695372581 0.0313864909
308.5 -507.7 2236.2 0.9693303108 -0.0478675924 -0.2410547882 0.0372326039 0.9981297255 -0.0484843142 0.2429247797 0.0380222164 0.9692996740
-156.0 -622.0 2786.9 0 0 0 0 0 0 0 0 0
321.4 -555.3 2740.1 0 0 0 0 0 0 0 0 0
-95.4 -874.9 2202.4 0 0 0 0 0 0 0 0 0
326.3 -880.3 2222.0 0 0 0 0 0 0 0 0 0
108.2 -8.0 2980.3 2 0.9972714186 -0.0150177022 0.0722784474 0.0501724258 0.8560897708 -0.5143861175 -0.0541519374 0.5166089535 0.8545073271
111.2 -179.4 2876.9 0.9972714186 -0.0150177022 0.0722784474 0.0501724258 0.8560897708 -0.5143861175 -0.0541519374 0.5166089535 0.8545073271
113.8 -341.3 2769.9 0.9972513318 -0.0134473881 0.0728621632 0.0513639934 0.8342107534 -0.5490484238 -0.0533991344 0.5512817502 0.8326085210
-25.0 -186.4 2884.2 0.3129542470 -0.9485197663 -0.0486809574 0.9362491965 0.2994769216 0.1837143600 -0.1596778929 -0.1030717045 0.9817734957
-100.6 -412.6 2922.8 0.2057693750 -0.9485197663 -0.2407678664 0.8300966024 0.2994769216 -0.4703755975 0.5182650089 -0.1030717045 0.8489862084
247.4 -172.4 2869.6 0.5441706181 0.7146254778 0.4395324886 -0.8220199943 0.3493586481 0.4497017562 0.1678138524 -0.6060189605 0.7775471210
381.8 -375.3 2911.0 -0.2282798141 0.7146254778 0.6612101197 -0.7024443746 0.3493586481 -0.6200971007 -0.6741366386 -0.6060189605 0.4222331047
25.8 -507.4 2665.3 0.9699577093 0.2422095239 -0.0227284078 -0.0205705371 -0.0114345644 -0.9997230172 -0.2424023300 0.9701566100 -0.0061086640
-84.8 -502.2 2222.4 0.9699577093 0.0326118954 0.2410777956 -0.0205705371 0.9984196424 -0.0522976667 -0.2424023300 0.0457674265 0.9690957069
204.5 -499.3 2657.4 0.9702854753 -0.2394025177 0.0351081192 0.0406141803 0.0181032158 -0.9990109205 0.2385301441 0.9707516432 0.0272884239
308.1 -507.1 2237.1 0.9702854753 -0.0519777872 -0.2363143116 0.0406141803 0.9977838397 -0.0527062751 0.2385301441 0.0415424183 0.9702461362
-152.8 -623.3 2791.2 0 0 0 0 0 0 0 0 0
323.8 -553.6 2739.9 0 0 0 0 0 0 0 0 0
-97.0 -874.9 2205.3 0 0 0 0 0 0 0 0 0
327.5 -879.6 2221.6 0 0 0 0 0 0 0 0 0
108.5 -5.5 2979.6 3 0.9950184226 -0.0135034872 0.0987725630 0.0611998476 0.8648532629 -0.4982804954 -0.0786952451 0.5018430948 0.8613713384
111.1 -177.9 2879.6 0.9950184226 -0.0135034872 0.0987725630 0.0611998476 0.8648532629 -0.4982804954 -0.0786952451 0.5018430948 0.8613713384
113.7 -341.7 2775.4 0.9949703217 -0.0131002879 0.0993100107 0.0642895550 0.8437965512 -0.5327985287 -0.0768176243 0.5365033150 0.8403947353
-24.7 -186.7 2890.1 0.2957358360 -0.9548124075 -0.0295559242 0.9375159740 0.2841632962 0.2007860094 -0.1833142638 -0.0870887637 0.9791891575
-96.1 -413.1 2934.3 0.2051547170 -0.9548124075 -0.2150459737 0.8421655893 0.2841632962 -0.4582666159 0.4986668527 -0.0870887637 0.8624076247
247.0 -169.2 2869.1 0.5596108437 0.6957637072 0.4502760470 -0.8111504912 0.3484372199 0.4697088301 0.1699134409 -0.6280958056 0.7593583465
385.2 -369.4 2911.0 -0.2329793572 0.6957637072 0.6794361472 -0.7176983953 0.3484372199 -0.6029100418 -0.6562237740 -0.6280958056 0.4181698263
27.1 -507.9 2667.7 0.9691603780 0.2458783090 -0.0164931715 -0.0143650174 -0.0104464889 -0.9998422265 -0.2460118085 0.9692444205 -0.0065922765
-86.0 -503.0 2221.6 0.9691603780 0.0270799957 0.2449384332 -0.0143650174 0.9984618425 -0.0535495281 -0.2460118085 0.0483795367 0.9680587053
205.8 -498.7 2658.1 0.9712614417 -0.2359988838 0.0309158526 0.0360961445 0.0176607277 -0.9991922379 0.2352622598 0.9715928435 0.0256718323
307.6 -506.3 2239.1 0.9712614417 -0.0512177348 -0.2324392498 0.0360961445 0.9969736338 -0.0688521415 0.2352622598 0.0584832653 0.9701707959
-148.2 -626.8 2807.8 0 0 0 0 0 0 0 0 0
326.0 -551.5 2744.5 0 0 0 0 0 0 0 0 0
-96.1 -875.8 2203.5 0 0 0 0 0 0 0 0 0
326.7 -878.4 2217.2 0 0 0 0 0 0 0 0 0
109.1 -4.7 2968.3 4 0.9970196486 -0.0050660567 0.0769816488 0.0420685448 0.8721356392 -0.4874522090 -0.0646689832 0.4892379344 0.8697494864
110.1 -179.3 2870.3 0.9970196486 -0.0050660567 0.0769816488 0.0420685448 0.8721356392 -0.4874522090 -0.0646689832 0.4892379344 0.8697494864
111.5 -344.1 2767.7 0.9969853759 -0.0071476465 0.0772600845 0.0468996838 0.8487666845 -0.5266835093 -0.0618112385 0.5287192464 0.8465431929
-26.0 -185.7 2878.8 0.3144734502 -0.9483727813 -0.0411763191 0.9306791425 0.2994838953 0.2101088166 -0.1869298369 -0.1043955833 0.9768105149
-102.0 -410.5 2923.9 0.2118041366 -0.9483727813 -0.2360678911 0.8430497050 0.2994838953 -0.4467399716 0.4943745732 -0.1043955833 0.8629572988
246.3 -172.9 2861.9 0.5430868268 0.7112285495 0.4463301599 -0.8188266754 0.3308689296 0.4690934122 0.1859558523 -0.6202254891 0.7620635033
380.3 -375.0 2907.8 -0.2350628376 0.7112285495 0.6624948382 -0.7195741534 0.3308689296 -0.6105234027 -0.6534206271 -0.6202254891 0.4340066910
27.2 -511.2 2678.2 0.9706793427 0.2394846082 -0.0207061581 -0.0170535017 -0.0173145216 -0.9997046590 -0.2397723943 0.9707457423 -0.0127227968
-85.6 -503.1 2221.0 0.9706793427 0.0303754378 0.2384511530 -0.0170535017 0.9981862903 -0.0577345304 -0.2397723943 0.0519752912 0.9694368243
205.4 -499.7 2664.4 0.9718706608 -0.2327373773 0.0360659771 0.0400175601 0.0122778956 -0.9991235137 0.2320905775 0.9724621177 0.0212461092
306.9 -505.1 2240.5 0.9718706608 -0.0548736043 -0.2290334553 0.0400175601 0.9968126416 -0.0690153018 0.2320905775 0.0579085834 0.9709689021
-155.7 -624.5 2798.4 0 0 0 0 0 0 0 0 0
320.6 -557.7 2742.0 0 0 0 0 0 0 0 0 0
-96.9 -875.7 2201.6 0 0 0 0 0 0 0 0 0
327.4 -877.2 2218.9 0 0 0 0 0 0 0 0 0
111.3 -3.0 2961.6 5 0.9974346757 -0.0046855817 0.0714294314 0.0382240266 0.8785454631 -0.4761269093 -0.0605230667 0.4776358008 0.8764707446
112.3 -179.0 2866.0 0.9974346757 -0.0046855817 0.0714294314 0.0382240266 0.8785454631 -0.4761269093 -0.0605230667 0.4776358008 0.8764707446
113.1 -344.9 2765.3 0.9974222183 -0.0041398974 0.0716366768 0.0406694598 0.8551169038 -0.5168375969 -0.0591180734 0.5184187293 0.8530809283
-24.0 -184.5 2874.0 0.3202749193 -0.9463463426 -0.0430415832 0.9265707135 0.3034765422 0.2221907228 -0.1972072721 -0.1110431850 0.9740527272
-101.3 -408.3 2921.7 0.2149772793 -0.9463463426 -0.2412744761 0.8477759361 0.3034765422 -0.4349459708 0.4848306775 -0.1110431850 0.8675301671
248.5 -173.4 2857.9 0.5379836559 0.7150205374 0.4464518428 -0.8194443583 0.3193932772 0.4759190083 0.1976981163 -0.6218791008 0.7577478886
381.3 -375.7 2906.7 -0.2370471209 0.7150205374 0.6576886177 -0.7260784507 0.3193932772 -0.6089318395 -0.6454600692 -0.6218791008 0.4434497356
23.6 -513.0 2670.6 0.9714496136 0.2363849282 -0.0201930758 -0.0151692322 -0.0230524018 -0.9996191859 -0.2367604077 0.9713860154 -0.0188084692
-86.1 -502.3 2219.9 0.9714496136 0.0256271958 0.2358576804 -0.0151692322 0.9988240004 -0.0460485928 -0.2367604077 0.0411561094 0.9706959724
202.2 -504.6 2659.5 0.9694179893 -0.2411302775 0.0456615500 0.0461099520 -0.0037856572 -0.9989292026 0.2410449386 0.9704853892 0.0074486216
305.9 -503.0 2242.1 0.9694179893 -0.0619641058 -0.2374641895 0.0461099520 0.9963561296 -0.0717518777 0.2410449386 0.0586080961 0.9687427282
-155.9 -623.5 2798.6 0 0 0 0 0 0 0 0 0
321.1 -560.0 2742.9 0 0 0 0 0 0 0 0 0
-95.6 -875.1 2204.6 0 0 0 0 0 0 0 0 0
329.0 -874.9 2220.2 0 0 0 0 0 0 0 0 0
110.6 -3.9 2960.8 6 0.9984680414 -0.0048854752 0.0551156513 0.0307540931 0.8770606518 -0.4793941379 -0.0459977016 0.4803547561 0.8758673072
111.6 -180.1 2864.3 0.9984680414 -0.0048854752 0.0551156513 0.0307540931 0.8770606518 -0.4793941379 -0.0459977016 0.4803547561 0.8758673072
113.1 -346.1 2763.5 0.9984356761 -0.0076055652 0.0553926677 0.0352385603 0.8547748923 -0.5178012252 -0.0434100889 0.5189431906 0.8537057638
-24.8 -185.0 2870.2 0.3283681571 -0.9428197145 -0.0571433567 0.9249432087 0.3087005317 0.2217748165 -0.1914534867 -0.1256781518 0.9734221101
-104.1 -408.4 2916.4 0.2119410634 -0.9428197145 -0.2572391927 0.8462841511 0.3087005317 -0.4341740310 0.4887576997 -0.1256781518 0.8633196950
248.0 -175.3 2858.3 0.5302752852 0.7264626622 0.4371042848 -0.8225454092 0.3158610165 0.4729174376 0.2054926455 -0.6103145480 0.7650417686
378.9 -378.4 2909.1 -0.2308182269 0.7264626622 0.6472827792 -0.7243637443 0.3158610165 -0.6128041744 -0.6496307254 -0.6103145480 0.4533167183
24.5 -514.5 2670.0 0.9710974097 0.2374013662 -0.0247057490 -0.0189080667 -0.0266677886 -0.9994655252 -0.2379333228 0.9710455537 -0.0214082189
-85.5 -502.2 2219.8 0.9710974097 0.0306927357 0.2367017865 -0.0189080667 0.9984734058 -0.0518978052 -0.2379333228 0.0459222533 0.9701952934
203.2 -507.3 2659.4 0.9699703455 -0.2386210263 0.0470906943 0.0464221165 -0.0084241312 -0.9988864064 0.2387519926 0.9710762501 0.0029061357
305.9 -503.6 2241.5 0.9699703455 -0.0596978553 -0.2357831448 0.0464221165 0.9970291257 -0.0614650436 0.2387519926 0.0486737154 0.9698599577
-157.9 -623.2 2792.4 0 0 0 0 0 0 0 0 0
320.3 -562.3 2744.2 0 0 0 0 0 0 0 0 0
-97.0 -874.9 2202.7 0 0 0 0 0 0 0 0 0
328.2 -875.8 2223.3 0 0 0 0 0 0 0 0 0
110.7 -2.7 2959.4 7 0.9982633591 -0.0121855708 0.0576346852 0.0380383022 0.8804007173 -0.4727024734 -0.0449814722 0.4740738869 0.8793353438
113.1 -179.2 2864.4 0.9982633591 -0.0121855708 0.0576346852 0.0380383022 0.8804007173 -0.4727024734 -0.0449814722 0.4740738869 0.8793353438
115.6 -345.8 2764.7 0.9982191920 -0.0130761480 0.0582019016 0.0410787500 0.8581582308 -0.5117391944 -0.0432548635 0.5132187605 0.8571671844
-23.3 -184.8 2870.3 0.3227921128 -0.9446352124 -0.0589027144 0.9256195426 0.3020782471 0.2279849499 -0.1975693852 -0.1281132549 0.9718813300
-101.2 -408.5 2918.0 0.2065451294 -0.9446352124 -0.2549576163 0.8508103490 0.3020782471 -0.4299657047 0.4831779003 -0.1281132549 0.8660982251
249.5 -173.6 2858.4 0.5352470279 0.7247793078 0.4338266551 -0.8178590536 0.3162400723 0.4807273746 0.2112278789 -0.6121169329 0.7620338798
381.6 -375.5 2910.6 -0.2260968834 0.7247793078 0.6508265138 -0.7300679088 0.3162400723 -0.6057994962 -0.6448883414 -0.6121169329 0.4576372504
25.1 -515.1 2666.7 0.9707809091 0.2372443229 -0.0360494629 -0.0304852258 -0.0270817988 -0.9991682768 -0.2380232811 0.9710724354 -0.0190580469
-83.8 -502.7 2220.7 0.9707809091 0.0414176583 0.2363662571 -0.0304852258 0.9982977509 -0.0497223251 -0.2380232811 0.0410638042 0.9703909755
204.0 -508.8 2658.9 0.9703025818 -0.2381793112 0.0422314741 0.0408866033 -0.0105862059 -0.9991077185 0.2384138554 0.9711635113 -0.0005334798
306.8 -504.3 2239.7 0.9703025818 -0.0546675958 -0.2356360257 0.0408866033 0.9971767664 -0.0629822090 0.2384138554 0.0514774472 0.9697983861
-153.7 -624.4 2795.3 0 0 0 0 0 0 0 0 0
324.2 -560.8 2746.9 0 0 0 0 0 0 0 0 0
-99.3 -875.3 2205.4 0 0 0 0 0 0 0 0 0
327.2 -876.5 2220.4 0 0 0 0 0 0 0 0 0
111.5 -1.9 2957.7 8 0.9989986420 -0.0182155631 0.0408647098 0.0353146568 0.8818315268 -0.4702404439 -0.0274700932 0.4712126851 0.8815917373
115.1 -178.6 2863.2 0.9989986420 -0.0182155631 0.0408647098 0.0353146568 0.8818315268 -0.4702404439 -0.0274700932 0.4712126851 0.8815917373
118.7 -345.9 2764.9 0.9989655018 -0.0183495395 0.0416080952 0.0368949659 0.8619248867 -0.5056918263 -0.0265838411 0.5067037940 0.8617102504
-21.3 -183.7 2866.9 0.3298115134 -0.9411057830 -0.0744596720 0.9228980541 0.3048172593 0.2352564782 -0.1987046450 -0.1463089883 0.9690769315
-101.0 -406.6 2914.9 0.2017624974 -0.9411057830 -0.2713148892 0.8535214067 0.3048172593 -0.4225963056 0.4804092944 -0.1463089883 0.8647546172
251.6 -173.6 2859.6 0.5282618403 0.7363170385 0.4228198230 -0.8183969855 0.3088874221 0.4845770895 0.2261986583 -0.6020180583 0.7657731175
382.0 -375.6 2915.5 -0.2180840671 0.7363170385 0.6405283213 -0.7339044809 0.3088874221 -0.6049568057 -0.6432911754 -0.6020180583 0.4730229676
28.8 -516.1 2669.0 0.9688373208 0.2461625487 -0.0275362879 -0.0201569144 -0.0324477404 -0.9992701411 -0.2468763888 0.9686852694 -0.0264747050
-85.1 -501.0 2220.8 0.9688373208 0.0327362716 0.2455251217 -0.0201569144 0.9983603954 -0.0535742566 -0.2468763888 0.0469557121 0.9679086804
207.6 -508.7 2661.2 0.9727373123 -0.2269301116 0.0478002504 0.0461004116 -0.0127877537 -0.9988549352 0.2272815257 0.9738270640 -0.0019775527
305.5 -503.2 2241.2 0.9727373123 -0.0613077357 -0.2236593515 0.0461004116 0.9962953329 -0.0725971013 0.2272815257 0.0603071228 0.9719599485
-152.2 -623.3 2792.9 0 0 0 0 0 0 0 0 0
326.7 -561.9 2752.2 0 0 0 0 0 0 0 0 0
-97.3 -873.7 2203.3 0 0 0 0 0 0 0 0 0
328.4 -875.1 2218.7 0 0 0 0 0 0 0 0 0
111.1 -3.0 2957.3 9 0.9997769594 -0.0205945689 0.0046824617 0.0203387607 0.8790777326 -0.4762443006 0.0056917984 0.4762333035 0.8793005347
115.2 -179.2 2861.9 0.9997769594 -0.0205945689 0.0046824617 0.0203387607 0.8790777326 -0.4762443006 0.0056917984 0.4762333035 0.8793005347
120.2 -345.9 2762.4 0.9996528625 -0.0257353503 0.0056454255 0.0249925945 0.8584083319 -0.5123578310 0.0083396276 0.5123210549 0.8587535024
-21.3 -182.6 2860.7 0.3471944034 -0.9318367839 -0.1055287272 0.9203713536 0.3169904947 0.2289838195 -0.1799239367 -0.1766275167 0.9676932096
-105.1 -404.9 2904.2 0.1947925687 -0.9318367839 -0.3061635494 0.8476243615 0.3169904947 -0.4254996479 0.4935471416 -0.1766275167 0.8515949249
251.7 -175.8 2863.0 0.5102638602 0.7604010701 0.4017722905 -0.8264666796 0.3043444455 0.4736320674 0.2378731668 -0.5737287402 0.7837421298
377.6 -379.8 2921.7 -0.2040453851 0.7604010701 0.6165676713 -0.7267158628 0.3043444455 -0.6158397198 -0.6559340954 -0.5737287402 0.4904954135
32.8 -516.5 2668.9 0.9668164849 0.2539245188 -0.0280747544 -0.0205436368 -0.0322626755 -0.9992682934 -0.2546444833 0.9666858315 -0.0259755533
-84.6 -501.6 2222.0 0.9668164849 0.0346230716 0.2531147897 -0.0205436368 0.9981017709 -0.0580583401 -0.2546444833 0.0509318598 0.9656925797
211.7 -509.9 2664.2 0.9748640060 -0.2169937640 0.0505356714 0.0490370616 -0.0122887725 -0.9987213612 0.2173373401 0.9760956168 -0.0013391450
306.2 -504.6 2239.3 0.9748640060 -0.0593920425 -0.2147387564 0.0490370616 0.9973772168 -0.0532358699 0.2173373401 0.0413675755 0.9752195477
-154.6 -620.1 2778.9 0 0 0 0 0 0 0 0 0
325.9 -564.3 2755.2 0 0 0 0 0 0 0 0 0
-97.6 -874.2 2203.0 0 0 0 0 0 0 0 0 0
328.3 -876.8 2223.8 0 0 0 0 0 0 0 0 0
110.7 -4.8 2956.6 0 0.9994937181 -0.0199493989 0.0247854944 0.0293795317 0.8777022362 -0.4783049226 -0.0122123882 0.4787909687 0.8778439760
114.7 -180.8 2860.6 0.9994937181 -0.0199493989 0.0247854944 0.0293795317 0.8777022362 -0.4783049226 -0.0122123882 0.4787909687 0.8778439760
119.5 -346.9 2760.3 0.9993675947 -0.0245062411 0.0257649105 0.0342967212 0.8556048870 -0.5164920092 -0.0093873069 0.5170490146 0.8559043407
-21.8 -185.4 2861.9 0.3354800642 -0.9377198219 -0.0901923403 0.9244049191 0.3092429340 0.2232584655 -0.1814625412 -0.1582730114 0.9705776572
-102.8 -408.8 2905.8 0.1958667338 -0.9377198219 -0.2869107127 0.8469256759 0.3092429340 -0.4325340390 0.4943208396 -0.1582730114 0.8547493815
251.2 -176.1 2859.4 0.5221002698 0.7471497655 0.4113131762 -0.8227751851 0.3142190278 0.4736110568 0.2246159613 -0.5856907368 0.7787901163
380.0 -379.2 2914.8 -0.2091376334 0.7471497655 0.6308951378 -0.7252925038 0.3142190278 -0.6125497222 -0.6559056640 -0.5856907368 0.4761871099
35.8 -514.7 2662.3 0.9645825624 0.2622278333 -0.0285844188 -0.0214984827 -0.0298519339 -0.9993231297 -0.2629036307 0.9645441771 -0.0231571551
-84.1 -501.1 2221.5 0.9645825624 0.0369966738 0.2611737847 -0.0214984827 0.9978476167 -0.0619510077 -0.2629036307 0.0541420206 0.9633017778
214.7 -510.3 2663.8 0.9763808250 -0.2103482634 0.0493368953 0.0475100763 -0.0137324501 -0.9987763762 0.2107684016 0.9775300622 -0.0034144379
306.0 -504.3 2239.5 0.9763808250 -0.0572171919 -0.2083427906 0.0475100763 0.9975522757 -0.0513058789 0.2107684016 0.0401956923 0.9767092466
-152.5 -623.7 2780.3 0 0 0 0 0 0 0 0 0
327.0 -563.3 2748.3 0 0 0 0 0 0 0 0 0
-97.9 -873.6 2201.3 0 0 0 0 0 0 0 0 0
327.4 -876.7 2224.5 0 0 0 0 0 0 0 0 0
109.7 -7.3 2956.3 1 0.9993741512 -0.0196058322 0.0294426214 0.0313988216 0.8749932051 -0.4831159711 -0.0162902009 0.4837380946 0.8750612140
113.6 -182.7 2859.4 0.9993741512 -0.0196058322 0.0294426214 0.0313988216 0.8749932051 -0.4831159711 -0.0162902009 0.4837380946 0.8750612140
118.2 -348.1 2757.9 0.9992645979 -0.0233541895 0.0304109249 0.0358038582 0.8521657586 -0.5220455527 -0.0137231993 0.5227504969 0.8523752689
-22.8 -187.6 2861.2 0.3334078789 -0.9388532639 -0.0859871283 0.9260102510 0.3089842200 0.2168727368 -0.1770430058 -0.1519320458 0.9724054933
-103.4 -411.3 2904.0 0.1969928145 -0.9388532639 -0.2823976576 0.8439239264 0.3089842200 -0.4385443628 0.4989852011 -0.1519320458 0.8531883955
250.1 -177.8 2857.5 0.5243498087 0.7440160513 0.4141224325 -0.8234038949 0.3191336393 0.4692118168 0.2169407159 -0.5870211720 0.7799633741
379.6 -381.0 2911.0 -0.2111711949 0.7440160513 0.6339139342 -0.7212171555 0.3191336393 -0.6148166656 -0.6597367525 -0.5870211720 0.4692052901
34.7 -516.0 2660.8 0.9641317129 0.2648069561 -0.0180928316 -0.0102422582 -0.0309973080 -0.9994670153 -0.2652266324 0.9638031125 -0.0271732658
-86.1 -501.9 2221.2 0.9641317129 0.0245009530 0.2642910779 -0.0102422582 0.9984230995 -0.0551945679 -0.2652266324 0.0505078919 0.9628623128
213.7 -509.9 2659.1 0.9753047824 -0.2175654620 0.0380241051 0.0365374088 -0.0108535737 -0.9992733598 0.2178200632 0.9759854078 -0.0026362634
307.5 -505.2 2238.3 0.9753047824 -0.0490224734 -0.2153540403 0.0365374088 0.9974331856 -0.0615801215 0.2178200632 0.0521909073 0.9745925069
-153.4 -625.5 2777.3 0 0 0 0 0 0 0 0 0
326.0 -564.1 2743.6 0 0 0 0 0 0 0 0 0
-95.2 -874.6 2202.3 0 0 0 0 0 0 0 0 0
325.8 -877.5 2218.8 0 0 0 0 0 0 0 0 0
107.7 -9.0 2957.1 2 0.9983063340 -0.0240942240 0.0529519282 0.0466908664 0.8748111129 -0.4822089672 -0.0347044840 0.4838646650 0.8744544387
112.5 -184.5 2860.0 0.9983063340 -0.0240942240 0.0529519282 0.0466908664 0.8748111129 -0.4822089672 -0.0347044840 0.4838646650 0.8744544387
116.8 -349.6 2758.1 0.9982932806 -0.0220982973 0.0540576242 0.0471796133 0.8507108688 -0.5235122442 -0.0344186798 0.5251691341 0.8503015637
-23.8 -190.9 2864.7 0.3191432655 -0.9452502728 -0.0681876466 0.9301353097 0.2986235321 0.2137107402 -0.1816477031 -0.1316280812 0.9745143056
-100.9 -415.7 2908.6 0.1977757663 -0.9452502728 -0.2595895231 0.8450192809 0.2986235321 -0.4435835481 0.4968169928 -0.1316280812 0.8578152061
248.9 -178.0 2855.3 0.5380017757 0.7279764414 0.4249757826 -0.8178950548 0.3288285732 0.4721434414 0.2039651275 -0.6015995741 0.7723186612
381.7 -379.9 2905.7 -0.2166829705 0.7279764414 0.6504604220 -0.7221509814 0.3288285732 -0.6085801125 -0.6569219232 -0.6015995741 0.4544573426
33.2 -516.7 2657.7 0.9642223716 0.2648190260 -0.0120887607 -0.0039222864 -0.0313450731 -0.9995009303 -0.2650657892 0.9637885690 -0.0291849244
-86.4 -502.6 2222.3 0.9642223716 0.0223097410 0.2641543746 -0.0039222864 0.9975439906 -0.0699325651 -0.2650657892 0.0663944557 0.9619417191
212.2 -510.3 2655.2 0.9738234878 -0.2226855159 0.0455961600 0.0439119339 -0.0125115206 -0.9989570379 0.2230237573 0.9748100638 -0.0024054612
307.5 -504.9 2238.0 0.9738234878 -0.0558200181 -0.2203451395 0.0439119339 0.9973164797 -0.0585797094 0.2230237573 0.0473705158 0.9736613631
-151.1 -630.2 2782.5 0 0 0 0 0 0 0 0 0
326.7 -563.3 2738.9 0 0 0 0 0 0 0 0 0
-94.7 -874.9 2197.5 0 0 0 0 0 0 0 0 0
328.4 -877.2 2220.3 0 0 0 0 0 0 0 0 0
106.2 -9.4 2955.6 3 0.9974625111 -0.0216778163 0.0678131431 0.0515868254 0.8765202761 -0.4785927832 -0.0490647443 0.4808766246 0.8754143715
110.6 -184.9 2859.3 0.9974625111 -0.0216778163 0.0678131431 0.0515868254 0.8765202761 -0.4785927832 -0.0490647443 0.4808766246 0.8754143715
114.2 -350.4 2757.9 0.9974536300 -0.0188538525 0.0687810034 0.0519663058 0.8526546359 -0.5198841691 -0.0488446243 0.5221346021 0.8514632583
-25.7 -192.0 2865.9 0.3118627667 -0.9485136271 -0.0553493537 0.9309681058 0.2934154868 0.2172689438 -0.1898421943 -0.1192865744 0.9745412469
-101.0 -416.9 2911.8 0.2005973160 -0.9485136271 -0.2451176196 0.8479421735 0.2934154868 -0.4414764345 0.4906677306 -0.1192865744 0.8631430268
246.8 -177.8 2852.6 0.5449566841 0.7176808119 0.4335394204 -0.8143953681 0.3300640583 0.4773027301 0.1994552463 -0.6131818295 0.7643465400
381.4 -378.9 2901.8 -0.2224015743 0.7176808119 0.6599028111 -0.7257845998 0.3300640583 -0.6035680771 -0.6509794593 -0.6131818295 0.4474749267
31.7 -519.0 2659.2 0.9649542570 0.2621849477 -0.0110582439 -0.0016794162 -0.0359689333 -0.9993515015 -0.2624126673 0.9643470645 -0.0342680588
-87.1 -502.7 2222.4 0.9649542570 0.0211816598 0.2615617812 -0.0016794162 0.9972150922 -0.0745602474 -0.2624126673 0.0715079531 0.9623025656
210.5 -510.5 2653.1 0.9726372361 -0.2267621756 0.0505541153 0.0492151417 -0.0115583260 -0.9987213016 0.2270565480 0.9738816023 -0.0000819254
306.9 -505.6 2239.1 0.9726372361 -0.0590216368 -0.2247070372 0.0492151417 0.9975855350 -0.0490000211 0.2270565480 0.0366002545 0.9731935859
-151.9 -632.2 2787.3 0 0 0 0 0 0 0 0 0
324.9 -563.1 2736.6 0 0 0 0 0 0 0 0 0
-95.0 -874.9 2195.7 0 0 0 0 0 0 0 0 0
328.9 -878.0 2225.5 0 0 0 0 0 0 0 0 0
106.5 -10.2 2955.3 4 0.9986343980 -0.0134266317 0.0504888073 0.0360818319 0.8761558533 -0.4806755781 -0.0377822109 0.4818408787 0.8754438162
109.2 -185.2 2859.0 0.9986343980 -0.0134266317 0.0504888073 0.0360818319 0.8761558533 -0.4806755781 -0.0377822109 0.4818408787 0.8754438162
112.2 -350.6 2757.4 0.9985690713 -0.0155077726 0.0511794165 0.0399824679 0.8520540595 -0.5219245553 -0.0355137438 0.5232239962 0.8514548540
-27.2 -190.7 2863.8 0.3255800605 -0.9432302117 -0.0656840652 0.9274041653 0.3050408959 0.2164985538 -0.1841716617 -0.1314032823 0.9740708470
-105.9 -414.7 2908.3 0.2042612880 -0.9432302117 -0.2619047463 0.8447126746 0.3050408959 -0.4397846460 0.4947098196 -0.1314032823 0.8590665460
245.6 -179.7 2854.1 0.5324089527 0.7297080159 0.4290301800 -0.8212024570 0.3222981691 0.4709038436 0.2053466588 -0.6030340791 0.7708324194
377.0 -382.5 2904.8 -0.2224510610 0.7297080159 0.6465614438 -0.7220595479 0.3222981691 -0.6121714711 -0.6550920010 -0.6030340791 0.4551970661
28.6 -520.6 2661.0 0.9672883749 0.2531161606 -0.0168952756 -0.0068023200 -0.0406970531 -0.9991483688 -0.2535881698 0.9665794969 -0.0376440100
-86.4 -502.1 2221.8 0.9672883749 0.0253778286 0.2524068356 -0.0068023200 0.9972205162 -0.0741956383 -0.2535881698 0.0700516254 0.9647724032
207.2 -511.3 2652.2 0.9706137776 -0.2361847609 0.0461051390 0.0447480232 -0.0111059826 -0.9989365935 0.2364456356 0.9716446996 -0.0002108191
307.7 -506.6 2238.9 0.9706137776 -0.0541906245 -0.2344617248 0.0447480232 0.9979656339 -0.0454118252 0.2364456356 0.0335856415 0.9710640907
-157.7 -629.1 2782.8 0 0 0 0 0 0 0 0 0
320.5 -565.8 2738.6 0 0 0 0 0 0 0 0 0
-95.9 -874.4 2195.6 0 0 0 0 0 0 0 0 0
327.9 -879.1 2226.4 0 0 0 0 0 0 0 0 0
105.7 -8.0 2956.6 5 0.9989860058 -0.0278236531 0.0353945009 0.0415070094 0.8737000823 -0.4846909046 -0.0174383055 0.4856685698 0.8739690781
111.3 -182.6 2859.6 0.9989860058 -0.0278236531 0.0353945009 0.0415070094 0.8737000823 -0.4846909046 -0.0174383055 0.4856685698 0.8739690781
117.0 -347.4 2757.2 0.9988868237 -0.0295303203 0.0367848836 0.0444874577 0.8490390182 -0.5264537930 -0.0156854521 0.5275042057 0.8494076133
-25.1 -188.6 2861.7 0.3249582350 -0.9418390989 -0.0856809318 0.9298241138 0.3016342819 0.2108171731 -0.1727115512 -0.1481749713 0.9737632871
-103.6 -413.3 2903.4 0.1907704026 -0.9418390989 -0.2766689658 0.8428577185 0.3016342819 -0.4456540942 0.5031872988 -0.1481749713 0.8513792753
247.7 -176.5 2857.4 0.5318790078 0.7399817705 0.4117423594 -0.8200353980 0.3287524581 0.4684695899 0.2112976313 -0.5868124366 0.7816677690
379.0 -379.0 2909.6 -0.2063704878 0.7399817705 0.6401860714 -0.7193762660 0.3287524581 -0.6118984222 -0.6632564068 -0.5868124366 0.4644804895
25.7 -519.6 2659.0 0.9686250687 0.2479866892 -0.0163734555 -0.0069322377 -0.0388969779 -0.9992191792 -0.2484299392 0.9679822326 -0.0359574817
-86.5 -502.0 2221.0 0.9686250687 0.0247342810 0.2472927570 -0.0069322377 0.9973369837 -0.0726008862 -0.2484299392 0.0686087459 0.9662170410
204.6 -512.4 2652.7 0.9687956572 -0.2443363816 0.0416502692 0.0398093276 -0.0124701420 -0.9991294742 0.2446430624 0.9696103334 -0.0023541520
309.2 -507.1 2237.6 0.9687956572 -0.0504420139 -0.2426738888 0.0398093276 0.9980283976 -0.0485237986 0.2446430624 0.0373489596 0.9688935876
-152.1 -627.2 2775.7 0 0 0 0 0 0 0 0 0
326.7 -561.5 2741.3 0 0 0 0 0 0 0 0 0
-95.7 -874.3 2195.4 0 0 0 0 0 0 0 0 0
328.0 -879.6 2223.7 0 0 0 0 0 0 0 0 0
106.7 -7.2 2968.3 6 0.9990670681 -0.0250788704 0.0351581387 0.0393213406 0.8648789525 -0.5004380345 -0.0178571120 0.5013536215 0.8650581837
111.7 -179.9 2868.2 0.9990670681 -0.0250788704 0.0351581387 0.0393213406 0.8648789525 -0.5004380345 -0.0178571120 0.5013536215 0.8650581837
117.7 -343.1 2763.4 0.9988608360 -0.0308357868 0.0364164636 0.0456126817 0.8411776423 -0.5388317704 -0.0140174115 0.5398790240 0.8416259289
-24.7 -186.1 2870.1 0.3243662119 -0.9419383407 -0.0868255422 0.9325169921 0.3030129969 0.1964564770 -0.1587406248 -0.1446901411 0.9766607285
-103.1 -411.4 2908.4 0.1895580441 -0.9419383407 -0.2771639526 0.8355184197 0.3030129969 -0.4583580494 0.5157293081 -0.1446901411 0.8444454074
248.2 -173.6 2866.3 0.5324991345 0.7402195334 0.4105115831 -0.8225099444 0.3380349874 0.4573944807 0.1998050362 -0.5812120438 0.7888412476
379.6 -376.7 2915.6 -0.2051073611 0.7402195334 0.6403171420 -0.7097008228 0.3380349874 -0.6181076765 -0.6739849448 -0.5812120438 0.4560009241
33.3 -516.2 2656.2 0.9637265801 0.2666640580 -0.0110143740 -0.0030488274 -0.0302666984 -0.9995372295 -0.2668740153 0.9633141756 -0.0283558108
-87.3 -502.5 2220.3 0.9637265801 0.0187586155 0.2662313879 -0.0030488274 0.9982355833 -0.0592991039 -0.2668740153 0.0563364327 0.9620833993
212.2 -508.2 2653.4 0.9734836221 -0.2248510122 0.0420912951 0.0420415476 -0.0050112982 -0.9991033077 0.2248603106 0.9743802547 0.0045746677
308.4 -506.1 2236.7 0.9734836221 -0.0518053398 -0.2228135020 0.0420415476 0.9979454875 -0.0483460240 0.2248603106 0.0376966372 0.9736615419
-151.2 -623.4 2777.5 0 0 0 0 0 0 0 0 0
327.6 -556.8 2744.5 0 0 0 0 0 0 0 0 0
-94.3 -875.1 2199.3 0 0 0 0 0 0 0 0 0
327.8 -878.6 2222.6 0 0 0 0 0 0 0 0 0
107.9 -8.8 2973.1 7 0.9990880489 -0.0272688083 -0.0328546576 0.0067536165 0.8607294559 -0.5090178847 0.0421592817 0.5083318353 0.8601287007
113.3 -181.9 2870.9 0.9990880489 -0.0272688083 -0.0328546576 0.0067536165 0.8607294559 -0.5090178847 0.0421592817 0.5083318353 0.8601287007
120.0 -344.6 2765.3 0.9989115596 -0.0343568921 -0.0315474868 0.0116194766 0.8383184075 -0.5450571179 0.0451733060 0.5440973043 0.8378051519
-22.8 -183.5 2864.8 0.3638295531 -0.9211065173 -0.1385310441 0.9222523570 0.3353586495 0.1923152208 -0.1306852102 -0.1977305412 0.9715060592
-110.6 -406.0 2896.3 0.1861361265 -0.9211065173 -0.3419300020 0.8254509568 0.3353586495 -0.4540542960 0.5329015255 -0.1977305412 0.8227506280
249.5 -180.3 2877.1 0.4914161563 0.7842416763 0.3787811697 -0.8418996334 0.3164129257 0.4371359646 0.2229689658 -0.5337114334 0.8157432079
370.7 -387.9 2932.0 -0.1880840808 0.7842416763 0.5912608504 -0.6984808445 0.3164129257 -0.6418780088 -0.6904700398 -0.5337114334 0.4882655442
34.2 -510.5 2659.9 0.9638580680 0.2661700845 -0.0114488341 -0.0076350421 -0.0153588001 -0.9998528957 -0.2663067877 0.9638037086 -0.0127714835
-87.2 -503.5 2220.1 0.9638580680 0.0218367837 0.2655197680 -0.0076350421 0.9984899163 -0.0544016473 -0.2663067877 0.0504082143 0.9625693560
213.2 -502.3 2657.4 0.9745426178 -0.2205512226 0.0402973443 0.0433408096 0.0089757424 -0.9990200400 0.2199733853 0.9753341079 0.0183061119
308.3 -506.2 2236.6 0.9745426178 -0.0489489213 -0.2187937796 0.0433408096 0.9985988736 -0.0303613320 0.2199733853 0.0201057121 0.9752986431
-157.9 -615.5 2761.1 0 0 0 0 0 0 0 0 0
322.9 -565.2 2756.8 0 0 0 0 0 0 0 0 0
-95.4 -876.2 2201.3 0 0 0 0 0 0 0 0 0
326.6 -878.9 2229.1 0 0 0 0 0 0 0 0 0
106.5 -9.5 2977.5 8 0.9990664721 -0.0323830992 0.0285917576 0.0425181128 0.8541703224 -0.5182520747 -0.0076396232 0.5189839602 0.8547498584
113.0 -180.9 2873.4 0.9990664721 -0.0323830992 0.0285917576 0.0425181128 0.8541703224 -0.5182520747 -0.0076396232 0.5189839602 0.8547498584
119.9 -342.4 2765.9 0.9989050627 -0.0358984955 0.0299998913 0.0465043224 0.8318675756 -0.5530223250 -0.0051032673 0.5538119078 0.8326261640
-23.0 -187.2 2874.1 0.3244910538 -0.9410478473 -0.0955746919 0.9356425405 0.3045013547 0.1784710884 -0.1388472170 -0.1473360211 0.9792923927
-101.3 -413.0 2907.6 0.1843285114 -0.9410478473 -0.2836405635 0.8267999291 0.3045013547 -0.4729490280 0.5314365625 -0.1473360211 0.8341866136
249.1 -174.5 2872.7 0.5309734344 0.7446041703 0.4045142829 -0.8260360360 0.3483255506 0.4430957139 0.1890282631 -0.5694154501 0.8000214696
379.9 -378.0 2919.3 -0.1986793280 0.7446041703 0.6372528076 -0.6987341046 0.3483255506 -0.6248519421 -0.6872388124 -0.5694154501 0.4510752261
37.5 -508.4 2655.7 0.9614523053 0.2748872042 -0.0068136728 -0.0042057112 -0.0100756800 -0.9999403954 -0.2749394774 0.9614236951 -0.0085311905
-88.0 -503.8 2216.8 0.9614523053 0.0147919459 0.2745735049 -0.0042057112 0.9992262721 -0.0391039588 -0.2749394774 0.0364418142 0.9607706666
216.0 -506.3 2663.8 0.9764664173 -0.2119105607 0.0400907211 0.0410838164 0.0002835903 -0.9991556406 0.2117202729 0.9772890210 0.0089830114
308.3 -506.5 2238.4 0.9764664173 -0.0501782373 -0.2097510397 0.0410838164 0.9980261922 -0.0474954806 0.2117202729 0.0377603658 0.9766005874
-148.1 -622.8 2772.7 0 0 0 0 0 0 0 0 0
329.5 -555.4 2744.9 0 0 0 0 0 0 0 0 0
-93.6 -876.8 2203.2 0 0 0 0 0 0 0 0 0
327.0 -879.0 2224.3 0 0 0 0 0 0 0 0 0
107.0 -13.1 2967.3 9 0.9986121655 -0.0169661250 0.0498592630 0.0398203172 0.8628165126 -0.5039464831 -0.0344693735 0.5052324533 0.8622946143
110.4 -186.2 2865.9 0.9986121655 -0.0169661250 0.0498592630 0.0398203172 0.8628165126 -0.5039464831 -0.0344693735 0.5052324533 0.8622946143
114.8 -349.2 2760.6 0.9984534383 -0.0227463376 0.0507283583 0.0466242470 0.8395982385 -0.5412032604 -0.0302810464 0.5427314639 0.8393602371
-25.8 -192.6 2870.0 0.3204841018 -0.9445651770 -0.0713200793 0.9335286021 0.3021733761 0.1929135323 -0.1606683731 -0.1284050494 0.9786203504
-103.2 -417.9 2908.8 0.1969049126 -0.9445651770 -0.2627262175 0.8343161941 0.3021733761 -0.4610940516 0.5149222612 -0.1284050494 0.8475654721
246.5 -179.9 2861.7 0.5361927152 0.7302162051 0.4234166741 -0.8228819370 0.3404434919 0.4549324214 0.1880495697 -0.5923534036 0.7834250331
378.8 -382.9 2908.1 -0.2151885629 0.7302162051 0.6484429240 -0.7082758546 0.3404434919 -0.6184202433 -0.6723386049 -0.5923534036 0.4439349473
37.6 -508.0 2658.9 0.9620033503 0.2729961574 -0.0047538611 -0.0027487229 -0.0077269245 -0.9999663830 -0.2730236948 0.9619840980 -0.0066829366
-86.6 -504.5 2221.2 0.9620033503 0.0230680928 0.2720613182 -0.0027487229 0.9971923232 -0.0748325586 -0.2730236948 0.0712413564 0.9593657851
216.1 -499.6 2658.0 0.9763341546 -0.2129927427 0.0374935120 0.0413443707 0.0136528872 -0.9990516901 0.2122788578 0.9769583941 0.0221358314
307.5 -505.5 2238.8 0.9763341546 -0.0524495952 -0.2098111212 0.0413443707 0.9975193143 -0.0569729619 0.2122788578 0.0469501391 0.9760805964
-153.1 -629.7 2778.1 0 0 0 0 0 0 0 0 0
324.2 -562.6 2737.5 0 0 0 0 0 0 0 0 0
-95.2 -876.5 2194.7 0 0 0 0 0 0 0 0 0
327.0 -877.8 2221.3 0 0 0 0 0 0 0 0 0
108.0 -10.8 2973.6 0 0.9991638660 -0.0123658925 0.0389702432 0.0305738058 0.8588166833 -0.5113698244 -0.0271447506 0.5121337175 0.8584766984
110.5 -182.8 2871.0 0.9991638660 -0.0123658925 0.0389702432 0.0305738058 0.8588166833 -0.5113698244 -0.0271447506 0.5121337175 0.8584766984
113.9 -345.3 2764.9 0.9990643859 -0.0174416564 0.0395744033 0.0362330303 0.8371674418 -0.5457452536 -0.0236116983 0.5466685295 0.8370161057
-25.9 -187.8 2874.3 0.3315262794 -0.9404208660 -0.0754913241 0.9307298064 0.3129158914 0.1892767251 -0.1543773562 -0.1330122352 0.9790175557
-106.0 -412.5 2911.5 0.2024592608 -0.9404208660 -0.2731645405 0.8296306133 0.3129158914 -0.4623815417 0.5203107595 -0.1330122352 0.8435546756
246.8 -177.9 2867.8 0.5264061093 0.7376377583 0.4228323102 -0.8292384148 0.3355839252 0.4469307959 0.1877772957 -0.5858958960 0.7883309722
376.7 -382.5 2914.2 -0.2183682770 0.7376377583 0.6389098763 -0.7025368810 0.3355839252 -0.6275550723 -0.6773161888 -0.5858958960 0.4449368417
29.9 -516.3 2658.0 0.9663127661 0.2570866048 -0.0120874941 -0.0051828269 -0.0275180526 -0.9996078610 -0.2573184073 0.9659965038 -0.0252586100
-86.1 -503.9 2222.0 0.9663127661 0.0256332047 0.2560909390 -0.0051828269 0.9967641830 -0.0802138150 -0.2573184073 0.0761843547 0.9633188248
208.5 -508.0 2652.5 0.9717587829 -0.2323110551 0.0414306149 0.0416250564 -0.0040671811 -0.9991250038 0.2322762907 0.9726330638 0.0057176412
307.5 -506.3 2238.0 0.9717587829 -0.0521980859 -0.2301310003 0.0416250564 0.9978529811 -0.0505646951 0.2322762907 0.0395574719 0.9718450904
-157.3 -623.1 2779.5 0 0 0 0 0 0 0 0 0
321.3 -560.8 2742.3 0 0 0 0 0 0 0 0 0
-95.7 -875.9 2193.6 0 0 0 0 0 0 0 0 0
327.0 -878.7 2223.3 0 0 0 0 0 0 0 0 0
105.9 -11.9 2965.3 1 0.9953964949 -0.0032922237 0.0957859010 0.0508657843 0.8651918173 -0.4988544583 -0.0812308341 0.5014302135 0.8613764048
106.5 -185.2 2864.9 0.9953964949 -0.0032922237 0.0957859010 0.0508657843 0.8651918173 -0.4988544583 -0.0812308341 0.5014302135 0.8613764048
108.3 -348.6 2760.1 0.9953386188 -0.0086578438 0.0960526317 0.0591370277 0.8415387869 -0.5369499326 -0.0761831924 0.5401272774 0.8381280899
-29.2 -193.3 2875.3 0.3005872369 -0.9533078074 -0.0291817896 0.9369002581 0.2894106209 0.1961106211 -0.1785082668 -0.0862887725 0.9801474810
-101.7 -419.4 2918.4 0.2092557698 -0.9533078074 -0.2177527994 0.8390259743 0.2894106209 -0.4607351422 0.5022423863 -0.0862887725 0.8604108691
242.2 -177.2 2854.5 0.5546643138 0.6979295611 0.4530362487 -0.8153330684 0.3472140431 0.4633297324 0.1660709530 -0.6263678670 0.7616322637
379.0 -378.3 2895.4 -0.2363452166 0.6979295611 0.6760438085 -0.7139450908 0.3472140431 -0.6080499887 -0.6591079831 -0.6263678670 0.4162209928
27.8 -511.1 2661.0 0.9681758881 0.2497701943 -0.0158212185 -0.0116301812 -0.0182465892 -0.9997658730 -0.2500003874 0.9681332111 -0.0147610363
-84.6 -502.9 2225.0 0.9681758881 0.0336491987 0.2479983717 -0.0116301812 0.9958988428 -0.0897229239 -0.2500003874 0.0839833021 0.9645966291
206.7 -504.6 2656.7 0.9714435339 -0.2347558141 0.0344555378 0.0363186896 0.0036164210 -0.9993337393 0.2344747931 0.9720476270 0.0120391725
307.5 -506.1 2239.3 0.9714435339 -0.0511364304 -0.2316949368 0.0363186896 0.9970392585 -0.0677765086 0.2344747931 0.0574261956 0.9704245329
-154.8 -632.3 2790.9 0 0 0 0 0 0 0 0 0
319.1 -559.4 2728.2 0 0 0 0 0 0 0 0 0
-97.2 -874.5 2193.7 0 0 0 0 0 0 0 0 0
326.6 -878.3 2217.9 0 0 0 0 0 0 0 0 0
106.4 -11.3 2971.6 2 0.9933354855 -0.0023154099 0.1152358726 0.0602834262 0.8625821471 -0.5023126006 -0.0982373506 0.5059117675 0.8569729924
106.9 -183.2 2870.8 0.9933354855 -0.0023154099 0.1152358726 0.0602834262 0.8625821471 -0.5023126006 -0.0982373506 0.5059117675 0.8569729924
108.1 -346.2 2765.3 0.9932997227 -0.0059120287 0.1154155806 0.0676801354 0.8392713070 -0.5394840837 -0.0936755389 0.5436807275 0.8340480924
-28.6 -192.5 2883.6 0.2899067998 -0.9569670558 -0.0129679115 0.9399197102 0.2821376026 0.1922219992 -0.1802913696 -0.0679152533 0.9812657833
-98.7 -419.5 2927.1 0.2116249651 -0.9569670558 -0.1985673308 0.8386210799 0.2821376026 -0.4659539461 0.5019258857 -0.0679152533 0.8622400761
242.4 -174.0 2858.0 0.5643738508 0.6837577224 0.4625554979 -0.8111923337 0.3554066122 0.4643847048 0.1531313509 -0.6373080611 0.7552412152
381.7 -374.2 2895.8 -0.2425321192 0.6837577224 0.6882249713 -0.7130340338 0.3554066122 -0.6043745875 -0.6578454971 -0.6373080611 0.4013449848
21.0 -517.2 2662.1 0.9716683626 0.2354592085 -0.0204840470 -0.0131014464 -0.0328759924 -0.9993735552 -0.2359851450 0.9713280201 -0.0288597029
-84.7 -502.5 2226.1 0.9716683626 0.0350786485 0.2337308824 -0.0131014464 0.9953981638 -0.0949252471 -0.2359851450 0.0891736448 0.9676564932
199.0 -506.7 2648.5 0.9657270908 -0.2573705018 0.0336402431 0.0343803987 -0.0016250020 -0.9994074702 0.2572726607 0.9663114548 0.0072791916
308.5 -506.0 2237.3 0.9657270908 -0.0478964932 -0.2551022470 0.0343803987 0.9977715015 -0.0571836382 0.2572726607 0.0464532673 0.9652216434
-152.4 -632.3 2799.7 0 0 0 0 0 0 0 0 0
320.2 -555.1 2728.8 0 0 0 0 0 0 0 0 0
-97.8 -874.0 2192.8 0 0 0 0 0 0 0 0 0
326.4 -878.4 2219.9 0 0 0 0 0 0 0 0 0
106.5 -10.0 2964.3 3 0.9965616465 -0.0122257797 0.0819477960 0.0499850214 0.8775084019 -0.4769491255 -0.0660788044 0.4794053733 0.8751023412
109.0 -185.7 2868.3 0.9965616465 -0.0122257797 0.0819477960 0.0499850214 0.8775084019 -0.4769491255 -0.0660788044 0.4794053733 0.8751023412
111.5 -351.5 2767.6 0.9964940548 -0.0136820292 0.0825374871 0.0545043685 0.8546266556 -0.5163744688 -0.0634736791 0.5190627575 0.8523760438
-27.0 -193.2 2876.9 0.3067322373 -0.9508730769 -0.0419020317 0.9310842752 0.2906325459 0.2204877436 -0.1974777579 -0.1066450179 0.9744892716
-101.1 -418.0 2924.6 0.2056118101 -0.9508730769 -0.2314394563 0.8504098058 0.2906325459 -0.4385611713 0.4842798412 -0.1066450179 0.8683892488
245.0 -178.2 2859.7 0.5498602986 0.7076790333 0.4436710775 -0.8122885823 0.3293545246 0.4813655615 0.1945272386 -0.6250727773 0.7559385896
