125.3 -22.4 3015.9 0 0.9998665452 0.0127196545 0.0102505824 -0.0039672190 0.7977665067 -0.6029534340 -0.0158469304 0.6028323174 0.7977104783
122.7 -182.2 2895.1 0.9998665452 0.0127196545 0.0102505824 -0.0039672190 0.7977665067 -0.6029534340 -0.0158469304 0.6028323174 0.7977104783
120.6 -333.9 2774.2 0.9998946190 0.0105733434 0.0099506155 -0.0020661894 0.7819820642 -0.6232975125 -0.0143715413 0.6232112646 0.7819215059
-13.8 -181.9 2897.1 0.3969438970 -0.8806281686 -0.2587074339 0.9176139832 0.3870486319 0.0904316753 0.0204956811 -0.2732898593 0.9617133737
-106.5 -396.1 2892.3 0.2141824365 -0.8806281686 -0.4226344526 0.8396880627 0.3870486319 -0.3809427023 0.4990489781 -0.2732898593 0.8223519921
259.3 -182.5 2893.2 0.4915349185 0.7557585835 0.4326919913 -0.8636448979 0.3592208326 0.3536635339 0.1118522808 -0.5475301743 0.8292766213
380.6 -395.6 2920.8 -0.2399252206 0.7557585835 0.6093150377 -0.6260829568 0.3592208326 -0.6920841932 -0.7419272661 -0.5475301743 0.3869814277
28.2 -485.0 2652.9 0.9665511250 0.2564263642 0.0049439012 -0.0053961370 0.0396043248 -0.9992008805 -0.2564172447 0.9657520652 0.0396633148
-87.9 -502.9 2215.6 0.9665511250 0.0213309918 0.2555854321 -0.0053961370 0.9980061054 -0.0628862828 -0.2564172447 0.0594036318 0.9647390246
207.2 -483.3 2648.3 0.9732081294 -0.2293389440 0.0164200757 0.0338703617 0.0723615810 -0.9968031645 0.2274176031 0.9706531167 0.0781906694
305.3 -514.2 2233.2 0.9732081294 -0.0631392151 -0.2210868746 0.0338703617 0.9904348850 -0.1337590516 0.2274176031 0.1226871014 0.9660378695
-160.8 -609.2 2765.6 0 0 0 0 0 0 0 0 0
319.7 -554.4 2732.5 0 0 0 0 0 0 0 0 0
-95.9 -875.5 2193.4 0 0 0 0 0 0 0 0 0
328.8 -883.8 2187.5 0 0 0 0 0 0 0 0 0
124.0 -21.8 2997.4 1 0.9998848438 0.0122116702 -0.0090127941 -0.0151733533 0.8180984259 -0.5748780370 0.0003531320 0.5749485493 0.8181895018
121.6 -185.3 2882.5 0.9998848438 0.0122116702 -0.0090127941 -0.0151733533 0.8180984259 -0.5748780370 0.0003531320 0.5749485493 0.8181895018
119.9 -340.4 2766.0 0.9999229908 0.0081743458 -0.0093375370 -0.0121442443 0.7994238734 -0.6006446481 0.0025547729 0.6007117629 0.7994616032
-15.0 -183.7 2882.1 0.4040811062 -0.8940126896 -0.1935453117 0.9122384787 0.3782745600 0.1572555304 -0.0673751682 -0.2401034683 0.9684063792
-105.5 -388.0 2897.2 0.2224107534 -0.8940126896 -0.3889406025 0.8398935795 0.3782745600 -0.3892134130 0.4950880706 -0.2401034683 0.8350078464
258.1 -186.9 2882.9 0.4807856381 0.7682926059 0.4225773215 -0.8647959232 0.3358851671 0.3732414544 0.1448212117 -0.5448922515 0.8259050846
376.7 -400.2 2918.6 -0.2341484427 0.7682926059 0.5957356095 -0.6447908282 0.3358851671 -0.6866046786 -0.7276120782 -0.5448922515 0.4167410433
29.0 -485.5 2654.6 0.9663251042 0.2572884262 0.0042956709 -0.0039996947 0.0317094773 -0.9994891286 -0.2572931945 0.9658142328 0.0316707417
-87.2 -499.8 2218.3 0.9663251042 0.0233321413 0.2562642992 -0.0039996947 0.9971224070 -0.0757030696 -0.2572931945 0.0721287951 0.9636377096
208.1 -485.8 2652.0 0.9745867252 -0.2239116132 0.0066548265 0.0215263292 0.0640415847 -0.9977150559 0.2229737937 0.9725030661 0.0672340766
305.4 -513.6 2229.6 0.9745867252 -0.0457993485 -0.2192786336 0.0215263292 0.9934940934 -0.1118308082 0.2229737937 0.1042685583 0.9692320228
-162.0 -601.2 2771.6 0 0 0 0 0 0 0 0 0
317.3 -563.8 2734.0 0 0 0 0 0 0 0 0 0
-95.9 -872.0 2191.4 0 0 0 0 0 0 0 0 0
322.5 -884.3 2190.7 0 0 0 0 0 0 0 0 0
123.2 -17.7 2988.7 2 0.9999848008 0.0001376910 -0.0055164695 -0.0031859314 0.8306477666 -0.5567891002 0.0045055784 0.5567982197 0.8306355476
123.2 -183.6 2877.5 0.9999848008 0.0001376910 -0.0055164695 -0.0031859314 0.8306477666 -0.5567891002 0.0045055784 0.5567982197 0.8306355476
123.9 -341.4 2764.5 0.9999770522 -0.0040102554 -0.0054565156 0.0000834398 0.8130198717 -0.5822359324 0.0067711705 0.5822221637 0.8130015731
-13.4 -183.7 2876.5 0.4119693935 -0.8843832612 -0.2194252908 0.9059663415 0.3717833459 0.2024899423 -0.0975000560 -0.2822115719 0.9543848038
-106.5 -388.4 2898.6 0.1983806193 -0.8843832612 -0.4225060344 0.8466821313 0.3717833459 -0.3806658983 0.4937352836 -0.2822115719 0.8225461245
259.8 -183.6 2878.4 0.4906120002 0.7665300369 0.4144050479 -0.8553171158 0.3327365816 0.3971385658 0.1665309072 -0.5492886901 0.8188708425
380.8 -394.6 2919.5 -0.2230919152 0.7665300369 0.6022139788 -0.6640836596 0.3327365816 -0.6695365906 -0.7135985494 -0.5492886901 0.4348092377
28.7 -494.4 2649.2 0.9663774371 0.2571128905 -0.0027532829 -0.0067448318 0.0146438722 -0.9998700023 -0.2570391297 0.9662704468 0.0158856902
-86.2 -500.9 2217.3 0.9663774371 0.0262699630 0.2557821274 -0.0067448318 0.9970148206 -0.0769150257 -0.2570391297 0.0726037398 0.9636698365
207.8 -496.5 2649.7 0.9743916392 -0.2247888744 0.0055579618 0.0147204585 0.0391050689 -0.9991266727 0.2243752182 0.9736225009 0.0414126478
305.0 -513.4 2228.7 0.9743916392 -0.0417996012 -0.2209382802 0.0147204585 0.9923200607 -0.1228175312 0.2243752182 0.1164200678 0.9675236940
-156.8 -603.3 2773.3 0 0 0 0 0 0 0 0 0
324.2 -563.1 2738.4 0 0 0 0 0 0 0 0 0
-96.0 -873.1 2190.2 0 0 0 0 0 0 0 0 0
320.6 -883.7 2185.3 0 0 0 0 0 0 0 0 0
125.1 -19.4 2984.3 3 0.9999928474 0.0037647258 0.0003517118 -0.0029278682 0.8298354149 -0.5580005646 -0.0023925821 0.5579955578 0.8298404813
124.3 -185.1 2872.9 0.9999928474 0.0037647258 0.0003517118 -0.0029278682 0.8298354149 -0.5580005646 -0.0023925821 0.5579955578 0.8298404813
123.9 -342.4 2759.2 0.9999980330 0.0019727347 0.0002539447 -0.0014498022 0.8103462458 -0.5859495401 -0.0013617061 0.5859479904 0.8103474975
-12.3 -184.9 2873.1 0.4223392606 -0.8747448921 -0.2375940233 0.8964078426 0.3641769588 0.2526422143 -0.1344712228 -0.3196818829 0.9379343987
-105.9 -383.5 2902.9 0.1798802912 -0.8747448921 -0.4499605000 0.8565968275 0.3641769588 -0.3655366600 0.4836165905 -0.3196818829 0.8148119450
260.9 -185.3 2872.7 0.4905700982 0.7626262307 0.4215948582 -0.8568387032 0.3340763152 0.3927090466 0.1586453766 -0.5538901091 0.8173355460
382.0 -396.8 2911.9 -0.2298366129 0.7626262307 0.6046290994 -0.6604698300 0.3340763152 -0.6724378467 -0.7148109674 -0.5538901091 0.4269086421
35.1 -499.1 2651.0 0.9635027647 0.2675705254 -0.0082697673 -0.0092379842 0.0023598725 -0.9999545217 -0.2675388455 0.9635353684 0.0047455560
-85.2 -500.2 2217.8 0.9635027647 0.0323424786 0.2657373548 -0.0092379842 0.9961006641 -0.0877390429 -0.2675388455 0.0820819363 0.9600445628
214.3 -499.1 2652.2 0.9786276221 -0.2043944746 0.0226028115 0.0288702361 0.0277332235 -0.9991983771 0.2036037743 0.9784956574 0.0330414139
302.2 -511.0 2231.2 0.9786276221 -0.0561331734 -0.1978308707 0.0288702361 0.9899987578 -0.1380904913 0.2036037743 0.1294277459 0.9704607129
-151.5 -600.8 2780.2 0 0 0 0 0 0 0 0 0
323.7 -564.4 2730.5 0 0 0 0 0 0 0 0 0
-97.2 -872.0 2187.2 0 0 0 0 0 0 0 0 0
323.2 -880.4 2182.9 0 0 0 0 0 0 0 0 0
125.1 -13.9 2994.7 4 0.9991433620 0.0033255373 -0.0412495621 -0.0259067677 0.8275496364 -0.5607944727 0.0322711170 0.5613827109 0.8269268274
124.4 -179.3 2882.4 0.9991433620 0.0033255373 -0.0412495621 -0.0259067677 0.8275496364 -0.5607944727 0.0322711170 0.5613827109 0.8269268274
124.4 -336.5 2768.6 0.9991466403 0.0001392827 -0.0413034149 -0.0243474375 0.8097687364 -0.5862438679 0.0333645605 0.5867491961 0.8090810776
-12.0 -176.0 2877.9 0.4083426893 -0.8832823634 -0.2303661406 0.9074413776 0.3654159307 0.2074159384 -0.0990273803 -0.2937405407 0.9507418275
-105.3 -383.4 2900.5 0.1975992024 -0.8832823634 -0.4251668453 0.8583092690 0.3654159307 -0.3602449298 0.4735607207 -0.2937405407 0.8303353190
260.8 -182.6 2887.0 0.4648681283 0.7888915539 0.4019300640 -0.8680965900 0.3168616891 0.3821085989 0.1740860045 -0.5265442133 0.8321329355
375.5 -396.8 2929.9 -0.2196654379 0.7888915539 0.5739313960 -0.6548140049 0.3168616891 -0.6861612797 -0.7231637239 -0.5265442133 0.4469736516
33.9 -499.5 2645.6 0.9632170200 0.2686623633 -0.0057935310 -0.0059525077 -0.0002228501 -0.9999822378 -0.2686588764 0.9632343650 0.0013845618
-84.9 -499.4 2219.6 0.9632170200 0.0329686366 0.2666947544 -0.0059525077 0.9948197007 -0.1014804021 -0.2686588764 0.0961601511 0.9584234953
213.1 -499.7 2645.4 0.9777975678 -0.2058987319 0.0389560089 0.0454393364 0.0268518645 -0.9986061454 0.2045657039 0.9782048464 0.0356115922
299.9 -511.0 2233.1 0.9777975678 -0.0746841729 -0.1957910508 0.0454393364 0.9876691103 -0.1498167217 0.2045657039 0.1375938207 0.9691340327
-155.4 -601.2 2780.3 0 0 0 0 0 0 0 0 0
319.8 -563.0 2746.4 0 0 0 0 0 0 0 0 0
-97.2 -870.7 2183.7 0 0 0 0 0 0 0 0 0
327.7 -879.6 2181.8 0 0 0 0 0 0 0 0 0
127.3 -6.9 3013.3 5 0.9996755123 0.0071988301 -0.0244356487 -0.0199831817 0.8165184259 -0.5769733787 0.0157986227 0.5772744417 0.8163973093
125.9 -170.2 2897.9 0.9996755123 0.0071988301 -0.0244356487 -0.0199831817 0.8165184259 -0.5769733787 0.0157986227 0.5772744417 0.8163973093
124.9 -325.8 2781.9 0.9996847510 0.0050703967 -0.0245901328 -0.0187600683 0.8017615080 -0.5973495841 0.0166866221 0.5976226330 0.8016038537
-10.6 -167.6 2895.6 0.4083728492 -0.8568490148 -0.3147083819 0.9123968482 0.3727220893 0.1691456139 -0.0276334938 -0.3562134206 0.9339959025
-104.0 -376.3 2901.9 0.1951322109 -0.8568490148 -0.4772139490 0.8739661574 0.3727220893 -0.3118676841 0.4450916946 -0.3562134206 0.8215871453
262.4 -172.7 2900.1 0.4727297127 0.7782605886 0.4133244753 -0.8675043583 0.3286153376 0.3734274805 0.1547991186 -0.5350910425 0.8304907084
379.0 -386.8 2938.3 -0.2278673798 0.7782605886 0.5851383805 -0.6462562680 0.3286153376 -0.6887414455 -0.7283057570 -0.5350910425 0.4280750155
34.9 -491.5 2651.7 0.9636489153 0.2670390010 -0.0084227584 -0.0148890186 0.0221991446 -0.9996426702 -0.2667566240 0.9634299874 0.0253681298
-84.3 -501.4 2221.4 0.9636489153 0.0428799465 0.2637083530 -0.0148890186 0.9941216707 -0.1072400510 -0.2667566240 0.0994154066 0.9586226940
213.8 -495.8 2657.7 0.9789038897 -0.2023225725 0.0285089910 0.0363507755 0.0351487994 -0.9987207651 0.2010616958 0.9786879420 0.0417618789
302.3 -511.2 2229.5 0.9789038897 -0.0616728999 -0.1947912723 0.0363507755 0.9907165170 -0.1309937835 0.2010616958 0.1211495027 0.9720581174
-153.5 -598.0 2789.0 0 0 0 0 0 0 0 0 0
321.2 -550.8 2753.5 0 0 0 0 0 0 0 0 0
-100.3 -872.5 2184.3 0 0 0 0 0 0 0 0 0
325.3 -880.9 2184.2 0 0 0 0 0 0 0 0 0
127.8 -2.8 3007.6 6 0.9992757440 0.0107193384 -0.0365110822 -0.0292162970 0.8308794498 -0.5556849837 0.0243797321 0.5563492179 0.8305908442
125.7 -169.1 2896.3 0.9992757440 0.0107193384 -0.0365110822 -0.0292162970 0.8308794498 -0.5556849837 0.0243797321 0.5563492179 0.8305908442
124.0 -327.4 2784.0 0.9992877841 0.0084812418 -0.0367689431 -0.0281831902 0.8156929016 -0.5777981877 0.0250917207 0.5784229636 0.8153510094
-10.8 -165.2 2892.8 0.4051448703 -0.8764654994 -0.2601266205 0.9122618437 0.3687885106 0.1782508045 -0.0602989681 -0.3095209897 0.9489788413
-102.3 -371.4 2906.5 0.2159009576 -0.8764654994 -0.4303428829 0.8756631613 0.3687885106 -0.3117837310 0.4319731891 -0.3095209897 0.8471103311
262.2 -172.9 2899.7 0.4629298747 0.7855614424 0.4105961025 -0.8680765629 0.3081034422 0.3892496824 0.1792734712 -0.5366241336 0.8245577812
376.4 -387.1 2944.0 -0.2288571447 0.7855614424 0.5749066472 -0.6610655785 0.3081034422 -0.6841524243 -0.7145744562 -0.5366241336 0.4487959743
34.3 -479.7 2664.4 0.9659045935 0.2588724494 -0.0036493833 -0.0165345091 0.0476142392 -0.9987289310 -0.2583696246 0.9647372365 0.0502711423
-85.0 -501.7 2219.7 0.9659045935 0.0411689542 0.2556039393 -0.0165345091 0.9950698018 -0.0977888852 -0.2583696246 0.0902284458 0.9618232250
213.4 -483.1 2667.4 0.9795700908 -0.1981927902 0.0340890624 0.0483140089 0.0673852935 -0.9965565801 0.1952132136 0.9778439999 0.0755841061
301.3 -513.0 2233.5 0.9795700908 -0.0757296234 -0.1862994134 0.0483140089 0.9878769517 -0.1475291401 0.1952132136 0.1355142593 0.9713535309
-157.1 -593.5 2796.9 0 0 0 0 0 0 0 0 0
318.3 -554.9 2762.6 0 0 0 0 0 0 0 0 0
-100.4 -873.1 2186.0 0 0 0 0 0 0 0 0 0
329.6 -881.6 2183.0 0 0 0 0 0 0 0 0 0
126.1 -1.8 2992.8 7 0.9987965226 0.0108369607 -0.0478335731 -0.0345994905 0.8469256163 -0.5305844545 0.0347615555 0.5316009521 0.8462813497
123.9 -171.7 2886.2 0.9987965226 0.0108369607 -0.0478335731 -0.0345994905 0.8469256163 -0.5305844545 0.0347615555 0.5316009521 0.8462813497
121.6 -332.2 2777.2 0.9987657070 0.0118421605 -0.0482366271 -0.0368731730 0.8274405599 -0.5603414178 0.0332772881 0.5614284277 0.8268559575
-12.5 -166.7 2881.6 0.4023436606 -0.8748655915 -0.2696846128 0.9080535769 0.3439005017 0.2391047776 -0.1164398566 -0.3410903811 0.9327910542
-102.2 -369.0 2907.6 0.1782676876 -0.8748655915 -0.4503674507 0.8833836317 0.3439005017 -0.3183799684 0.4334212542 -0.3410903811 0.8341482878
260.4 -176.7 2890.7 0.4534651041 0.7923657298 0.4080758691 -0.8683545589 0.2896105647 0.4025991559 0.2008226812 -0.5369192362 0.8193827271
372.3 -391.0 2940.3 -0.2297884971 0.7923657298 0.5651139617 -0.6736123562 0.2896105647 -0.6799794436 -0.7024554014 -0.5369192362 0.4671981931
32.8 -483.1 2669.5 0.9669615626 0.2546873689 -0.0109391361 -0.0219602268 0.0404698551 -0.9989393950 -0.2539745271 0.9661762714 0.0447257869
-85.8 -502.0 2219.7 0.9669615626 0.0427761264 0.2513076067 -0.0219602268 0.9961338639 -0.0850593150 -0.2539745271 0.0767303184 0.9641625285
211.8 -488.1 2674.1 0.9789783955 -0.1995858252 0.0420334637 0.0544574186 0.0571703762 -0.9968780875 0.1965596676 0.9782111645 0.0668374896
301.8 -513.9 2233.0 0.9789783955 -0.0802315772 -0.1875212193 0.0544574186 0.9888260961 -0.1387706548 0.1965596676 0.1256415546 0.9724085927
-147.4 -593.1 2797.7 0 0 0 0 0 0 0 0 0
313.9 -561.9 2762.0 0 0 0 0 0 0 0 0 0
-101.7 -873.8 2191.1 0 0 0 0 0 0 0 0 0
331.7 -883.0 2186.1 0 0 0 0 0 0 0 0 0
124.2 0.1 2985.4 8 0.9994488955 0.0209223274 -0.0257704705 -0.0312500112 0.8548521399 -0.5179297924 0.0111936443 0.5184497237 0.8550348282
120.0 -171.7 2881.2 0.9994488955 0.0209223274 -0.0257704705 -0.0312500112 0.8548521399 -0.5179297924 0.0111936443 0.5184497237 0.8550348282
115.9 -333.6 2774.2 0.9994203448 0.0212536100 -0.0265941806 -0.0323939510 0.8339341283 -0.5509123802 0.0104689179 0.5514545441 0.8341392279
-16.5 -167.3 2879.7 0.3899108469 -0.8891819715 -0.2394263595 0.9120757580 0.3370997906 0.2334128022 -0.1268358827 -0.3093851507 0.9424401522
-103.1 -370.0 2907.9 0.1803000718 -0.8891819715 -0.4205321968 0.8796051145 0.3370997906 -0.3356465697 0.4402121902 -0.3093851507 0.8429080844
256.5 -176.2 2882.6 0.4617726207 0.7784650326 0.4251567721 -0.8641362786 0.2867006660 0.4136075377 0.2000862658 -0.5583860278 0.8050903678
370.5 -389.5 2932.0 -0.2428471744 0.7784650326 0.5788069367 -0.6827482581 0.2867006660 -0.6720547080 -0.6891154051 -0.5583860278 0.4618712068
29.8 -489.5 2665.3 0.9672538042 0.2534434199 -0.0136572644 -0.0205251053 0.0244736671 -0.9994897246 -0.2529798448 0.9670405984 0.0288741998
-86.4 -500.7 2222.0 0.9672538042 0.0449739136 0.2497947812 -0.0205251053 0.9948126078 -0.0996323153 -0.2529798448 0.0912426710 0.9631593823
208.7 -496.1 2671.3 0.9769077301 -0.2097840309 0.0405203179 0.0497809723 0.0390510559 -0.9979964495 0.2077813447 0.9769675732 0.0485925302
302.5 -513.5 2234.6 0.9769077301 -0.0796518549 -0.1982594728 0.0497809723 0.9872285724 -0.1513328403 0.2077813447 0.1379686892 0.9683963656
-148.9 -593.1 2796.2 0 0 0 0 0 0 0 0 0
308.9 -562.7 2757.1 0 0 0 0 0 0 0 0 0
-103.2 -872.0 2188.0 0 0 0 0 0 0 0 0 0
332.2 -882.0 2183.1 0 0 0 0 0 0 0 0 0
122.7 0.4 2982.2 9 0.9997192025 0.0187666509 -0.0144666946 -0.0235420000 0.8560072780 -0.5164274573 0.0026919811 0.5166230798 0.8562087417
118.9 -172.2 2878.0 0.9997192025 0.0187666509 -0.0144666946 -0.0235420000 0.8560072780 -0.5164274573 0.0026919811 0.5166230798 0.8562087417
115.6 -334.1 2771.0 0.9997388721 0.0170622505 -0.0152027961 -0.0226165447 0.8340992332 -0.5511505604 0.0032767726 0.5513504148 0.8342673182
-17.6 -169.1 2877.6 0.3856762946 -0.8914374113 -0.2378931642 0.9135323167 0.3328314424 0.2338418067 -0.1292770058 -0.3075103462 0.9427220225
-102.9 -370.9 2906.1 0.1546680778 -0.8914374113 -0.4259309173 0.8613444567 0.3328314424 -0.3838084340 0.4839043915 -0.3075103462 0.8193130493
255.5 -175.3 2878.5 0.4716158509 0.7716310024 0.4268068373 -0.8595788479 0.2943066955 0.4177412987 0.1967300177 -0.5638875365 0.8020774126
371.9 -387.5 2927.0 -0.2410968095 0.7716310024 0.5886067748 -0.6850364208 0.2943066955 -0.6664147973 -0.6874572039 -0.5638875365 0.4576389194
22.3 -492.5 2666.2 0.9706920385 0.2392216474 -0.0230202097 -0.0278060436 0.0166497845 -0.9994746447 -0.2387126982 0.9708222151 0.0228136219
-86.9 -500.1 2223.4 0.9706920385 0.0510451198 0.2348431796 -0.0278060436 0.9944748878 -0.1012249291 -0.2387126982 0.0917281806 0.9667482376
201.3 -498.3 2668.1 0.9727271199 -0.2289663404 0.0371001400 0.0455309153 0.0316469856 -0.9984615445 0.2274399698 0.9729197621 0.0412089266
302.7 -512.4 2237.0 0.9727271199 -0.0816110373 -0.2171212584 0.0455309153 0.9850290418 -0.1662669331 0.2274399698 0.1518466175 0.9618802667
-142.0 -589.2 2783.5 0 0 0 0 0 0 0 0 0
310.7 -561.3 2752.6 0 0 0 0 0 0 0 0 0
-105.9 -871.3 2189.1 0 0 0 0 0 0 0 0 0
333.2 -880.0 2180.3 0 0 0 0 0 0 0 0 0
122.6 0.4 2980.6 0 0.9994763732 0.0026055442 -0.0322512388 -0.0187837165 0.8583200574 -0.5127707124 0.0263458379 0.5131080151 0.8579196334
122.0 -171.8 2877.7 0.9994763732 0.0026055442 -0.0322512388 -0.0187837165 0.8583200574 -0.5127707124 0.0263458379 0.5131080151 0.8579196334
122.3 -333.9 2771.0 0.9994781017 -0.0011414646 -0.0322827585 -0.0167859457 0.8354982138 -0.5492367744 0.0275991205 0.5494920015 0.8350430131
-14.5 -169.5 2873.9 0.3997322321 -0.8761003017 -0.2695596218 0.9027623534 0.3253123760 0.2814106941 -0.1588529050 -0.3558371961 0.9209482074
-103.0 -369.5 2909.1 0.1560098231 -0.8761003017 -0.4561898708 0.8896306753 0.3253123760 -0.3205138147 0.4292064607 -0.3558371961 0.8301576376
258.5 -174.1 2881.4 0.4715109169 0.7834542394 0.4048171639 -0.8564057946 0.2973079979 0.4221102595 0.2103486955 -0.5457173586 0.8111386895
374.9 -385.5 2933.4 -0.2203810662 0.7834542394 0.5810608268 -0.6881475449 0.2973079979 -0.6618617177 -0.6912923455 -0.5457173586 0.4736110568
22.7 -493.9 2663.7 0.9700501561 0.2411883473 -0.0288243927 -0.0334640071 0.0151617238 -0.9993249178 -0.2405885011 0.9703598619 0.0227787606
-86.0 -500.8 2226.3 0.9700501561 0.0631036833 0.2345646769 -0.0334640071 0.9911759496 -0.1282592267 -0.2405885011 0.1165684089 0.9636020660
201.8 -498.0 2664.3 0.9719607830 -0.2324468344 0.0355063602 0.0442495309 0.0325063989 -0.9984915257 0.2309420109 0.9720657468 0.0418806076
303.9 -512.2 2237.5 0.9719607830 -0.0808696896 -0.2207992971 0.0442495309 0.9851282835 -0.1660250127 0.2309420109 0.1515995264 0.9610844851
-142.5 -594.7 2800.4 0 0 0 0 0 0 0 0 0
319.0 -560.1 2757.9 0 0 0 0 0 0 0 0 0
-109.5 -870.6 2182.8 0 0 0 0 0 0 0 0 0
334.1 -880.0 2180.9 0 0 0 0 0 0 0 0 0
121.4 -1.4 2980.3 1 0.9990448356 -0.0058012707 -0.0433104970 -0.0174503420 0.8557182550 -0.5171477795 0.0400616936 0.5174095631 0.8547996283
122.6 -172.6 2876.8 0.9990448356 -0.0058012707 -0.0433104970 -0.0174503420 0.8557182550 -0.5171477795 0.0400616936 0.5174095631 0.8547996283
124.4 -334.4 2769.7 0.9990298748 -0.0095288595 -0.0429948121 -0.0158012323 0.8337357044 -0.5519375801 0.0411056466 0.5520814657 0.8327763081
-13.9 -170.4 2871.2 0.3995568454 -0.8850220442 -0.2389358729 0.9023076296 0.3336679339 0.2729590833 -0.1618495733 -0.3246563375 0.9318814278
-102.6 -370.7 2907.1 0.1649439633 -0.8850220442 -0.4353498816 0.8768621683 0.3336679339 -0.3460902870 0.4515598118 -0.3246563375 0.8310788274
259.1 -174.7 2882.4 0.4696102142 0.7904461622 0.3932698369 -0.8565443754 0.2999348640 0.4199651778 0.2140045166 -0.5340729952 0.8179047108
375.0 -386.2 2935.2 -0.2101993710 0.7904461622 0.5753356814 -0.6861411929 0.2999348640 -0.6627588868 -0.6964384317 -0.5340729952 0.4793115556
33.0 -494.6 2662.0 0.9641459584 0.2637017667 -0.0297304485 -0.0347945504 0.0145533001 -0.9992884994 -0.2630814612 0.9644944668 0.0232068896
-85.7 -501.2 2227.8 0.9641459584 0.0715932697 0.2555326223 -0.0347945504 0.9887127280 -0.1457275599 -0.2630814612 0.1316114962 0.9557544589
212.0 -497.6 2666.9 0.9770956635 -0.2098506391 0.0353101008 0.0433576591 0.0338715427 -0.9984852672 0.2083367705 0.9771465659 0.0421943702
304.4 -512.5 2236.5 0.9770956635 -0.0742477626 -0.1994275898 0.0433576591 0.9869596362 -0.1550184935 0.2083367705 0.1428211778 0.9675732255
-144.4 -592.9 2792.7 0 0 0 0 0 0 0 0 0
321.6 -560.3 2758.5 0 0 0 0 0 0 0 0 0
-112.4 -870.1 2178.7 0 0 0 0 0 0 0 0 0
332.1 -880.9 2183.2 0 0 0 0 0 0 0 0 0
121.0 -0.4 2967.6 2 0.9992963076 -0.0036410964 -0.0373318568 -0.0152230365 0.8702540994 -0.4923677742 0.0342809632 0.4925895929 0.8695862889
121.7 -174.1 2869.3 0.9992963076 -0.0036410964 -0.0373318568 -0.0152230365 0.8702540994 -0.4923677742 0.0342809632 0.4925895929 0.8695862889
123.5 -338.6 2766.5 0.9992740750 -0.0088256421 -0.0370595008 -0.0121629825 0.8479695320 -0.5299053788 0.0361020826 0.5299714804 0.8472466469
-14.8 -172.4 2864.4 0.3955211341 -0.8945631981 -0.2081339955 0.8987113833 0.3302131295 0.2885778248 -0.1894225180 -0.3011910021 0.9345603585
-102.2 -371.0 2906.2 0.1908856928 -0.8945631981 -0.4041279256 0.8916178346 0.3302131295 -0.3098013997 0.4105852842 -0.3011910021 0.8606414199
258.2 -175.7 2874.2 0.4732461572 0.7866557837 0.3964980841 -0.8493087888 0.2879219055 0.4424653351 0.2339074463 -0.5461443067 0.8043715954
375.1 -385.4 2932.0 -0.2120821476 0.7866557837 0.5798222423 -0.7047488093 0.2879219055 -0.6484057903 -0.6770157218 -0.5461443067 0.4933316410
36.8 -494.8 2658.8 0.9599382877 0.2785866261 -0.0301326010 -0.0353017636 0.0135557959 -0.9992847443 -0.2779788971 0.9603154659 0.0228473265
-87.9 -500.9 2229.1 0.9599382877 0.0777714998 0.2692026496 -0.0353017636 0.9866230488 -0.1591501534 -0.2779788971 0.1432709992 0.9498426914
215.8 -497.7 2666.2 0.9788455963 -0.2013536692 0.0363038145 0.0441666096 0.0346940830 -0.9984215498 0.1997763216 0.9789040089 0.0428532586
304.1 -512.9 2236.7 0.9788455963 -0.0756445676 -0.1901030391 0.0441666096 0.9853589535 -0.1646725833 0.1997763216 0.1527928263 0.9678552747
-150.5 -596.9 2802.2 0 0 0 0 0 0 0 0 0
321.2 -564.2 2760.2 0 0 0 0 0 0 0 0 0
-116.9 -869.1 2175.6 0 0 0 0 0 0 0 0 0
332.4 -880.7 2179.7 0 0 0 0 0 0 0 0 0
120.4 -3.1 2961.3 3 0.9987670183 -0.0119775478 -0.0481766053 -0.0129824784 0.8736658692 -0.4863531888 0.0479155742 0.4863789976 0.8724331260
122.8 -178.5 2863.6 0.9987670183 -0.0119775478 -0.0481766053 -0.0129824784 0.8736658692 -0.4863531888 0.0479155742 0.4863789976 0.8724331260
126.4 -343.6 2761.7 0.9987021089 -0.0184174683 -0.0474856868 -0.0093002459 0.8507115245 -0.5255505443 0.0500759333 0.5253100395 0.8494361043
-13.6 -177.2 2856.8 0.4041343629 -0.9006068110 -0.1599462926 0.8864158392 0.3424563706 0.3114330471 -0.2257041037 -0.2676397264 0.9367105365
-102.9 -372.9 2906.6 0.2128258049 -0.9006068110 -0.3789624870 0.8843742609 0.3424563706 -0.3171840906 0.4154362679 -0.2676397264 0.8693570495
259.2 -179.7 2870.5 0.4720418155 0.7934991717 0.3841035962 -0.8468506336 0.2870629132 0.4477040172 0.2449908555 -0.5366134048 0.8074809909
375.7 -388.8 2931.0 -0.2008106709 0.7934991717 0.5744859576 -0.7088671327 0.2870629132 -0.6442843080 -0.6761526465 -0.5366134048 0.5048401952
35.7 -502.1 2660.4 0.9608068466 0.2755042613 -0.0307830833 -0.0315142646 -0.0017735694 -0.9995017052 -0.2754215896 0.9612982273 0.0069782562
-88.2 -501.3 2228.1 0.9608068466 0.0725203678 0.2675649226 -0.0315142646 0.9874927402 -0.1544829160 -0.2754215896 0.1399961412 0.9510751963
214.7 -504.3 2666.9 0.9783104658 -0.2038577348 0.0367504843 0.0412461385 0.0178466439 -0.9989896417 0.2029958963 0.9788378477 0.0258679036
304.8 -512.2 2234.2 0.9783104658 -0.0687195584 -0.1954128891 0.0412461385 0.9891018867 -0.1413372308 0.2029958963 0.1302116662 0.9704831839
-156.8 -597.1 2801.3 0 0 0 0 0 0 0 0 0
324.8 -568.7 2759.4 0 0 0 0 0 0 0 0 0
-115.3 -869.9 2175.8 0 0 0 0 0 0 0 0 0
330.5 -881.3 2185.6 0 0 0 0 0 0 0 0 0
118.9 -3.2 2959.1 4 0.9991360307 -0.0225074533 -0.0349366032 0.0028655003 0.8759593964 -0.4823763371 0.0414601080 0.4818594754 0.8752670884
123.4 -178.6 2862.6 0.9991360307 -0.0225074533 -0.0349366032 0.0028655003 0.8759593964 -0.4823763371 0.0414601080 0.4818594754 0.8752670884
128.5 -344.1 2761.4 0.9990896583 -0.0259974562 -0.0338225439 0.0045186551 0.8528819680 -0.5220842361 0.0424195006 0.5214561820 0.8522230387
-13.0 -179.2 2856.8 0.4093362391 -0.8980289102 -0.1612076908 0.8852639794 0.3481616974 0.3083684444 -0.2207974344 -0.2689377666 0.9375078678
-103.0 -373.8 2905.4 0.2099176049 -0.8980289102 -0.3866247237 0.8763412833 0.3481616974 -0.3328804076 0.4335441589 -0.2689377666 0.8600651026
259.9 -178.0 2868.4 0.4854056537 0.7854133248 0.3840667903 -0.8391795754 0.2953118682 0.4566930532 0.2452733070 -0.5439823866 0.8024488688
379.8 -385.1 2929.0 -0.1962373257 0.7854133248 0.5870407820 -0.7147106528 0.2953118682 -0.6340186000 -0.6713267565 -0.5439823866 0.5033920407
40.5 -507.9 2655.3 0.9571733475 0.2874164283 -0.0347988568 -0.0313092433 -0.0167302527 -0.9993697405 -0.2878174782 0.9576596022 -0.0070149614
-87.8 -500.4 2227.8 0.9571733475 0.0739701837 0.2799063623 -0.0313092433 0.9875869155 -0.1539214998 -0.2878174782 0.1385658979 0.9476078153
219.4 -509.5 2664.3 0.9801037312 -0.1957846582 0.0326341167 0.0343772545 0.0055108801 -0.9993937612 0.1954861134 0.9806314111 0.0121317739
305.9 -512.0 2230.9 0.9801037312 -0.0579083674 -0.1898505688 0.0343772545 0.9915641546 -0.1249750480 0.1954861134 0.1159619689 0.9738264680
-156.2 -596.1 2795.4 0 0 0 0 0 0 0 0 0
329.9 -566.5 2758.6 0 0 0 0 0 0 0 0 0
-115.4 -869.0 2176.1 0 0 0 0 0 0 0 0 0
327.5 -882.0 2187.6 0 0 0 0 0 0 0 0 0
118.9 -2.6 2957.6 5 0.9995131493 -0.0213167779 -0.0227828883 0.0078387512 0.8783580661 -0.4779389203 0.0301996525 0.4775276482 0.8780975342
123.1 -178.4 2862.0 0.9995131493 -0.0213167779 -0.0227828883 0.0078387512 0.8783580661 -0.4779389203 0.0301996525 0.4775276482 0.8780975342
127.7 -344.6 2761.8 0.9994838238 -0.0236101002 -0.0217869822 0.0089714741 0.8563055396 -0.5163916349 0.0308483727 0.5159296393 0.8560753465
-13.4 -179.6 2857.8 0.4127578437 -0.8935582042 -0.1765919179 0.8850201368 0.3476112187 0.3096865416 -0.2153376192 -0.2841129601 0.9342962503
-103.5 -372.8 2904.8 0.2034175992 -0.8935582042 -0.4002186954 0.8776370883 0.3476112187 -0.3300296068 0.4340211749 -0.2841129601 0.8549301028
259.7 -177.2 2866.2 0.4917588830 0.7778302431 0.3913480937 -0.8354592919 0.2948699296 0.4637450874 0.2453181744 -0.5550061464 0.7948504090
381.1 -383.5 2926.7 -0.2009030730 0.7778302431 0.5954981446 -0.7201027274 0.2948699296 -0.6280953288 -0.6641460657 -0.5550061464 0.5008774400
44.1 -510.1 2656.4 0.9554328322 0.2943430841 -0.0225900337 -0.0175645985 -0.0197061468 -0.9996514916 -0.2946856618 0.9554966092 -0.0136578809
-88.0 -501.2 2227.8 0.9554328322 0.0644741282 0.2880820036 -0.0175645985 0.9865455627 -0.1625400931 -0.2946856618 0.1502360851 0.9437105060
223.0 -509.3 2664.0 0.9817442894 -0.1845880002 0.0458851717 0.0475484319 0.0045919116 -0.9988583922 0.1841665655 0.9828052521 0.0132849524
304.2 -511.3 2231.8 0.9817442894 -0.0742255300 -0.1751249582 0.0475484319 0.9872536659 -0.1518859863 0.1841665655 0.1407862753 0.9727599621
-155.1 -595.5 2794.6 0 0 0 0 0 0 0 0 0
330.1 -566.2 2758.2 0 0 0 0 0 0 0 0 0
-112.1 -869.5 2171.7 0 0 0 0 0 0 0 0 0
328.2 -830.6 2186.3 0 0 0 0 0 0 0 0 0
117.8 -2.5 2957.3 6 0.9995900393 -0.0156495012 -0.0239754375 0.0024215421 0.8806076050 -0.4738399982 0.0285283122 0.4735876918 0.8802845478
121.0 -178.6 2862.6 0.9995900393 -0.0156495012 -0.0239754375 0.0024215421 0.8806076050 -0.4738399982 0.0285283122 0.4735876918 0.8802845478
125.1 -345.3 2763.3 0.9995025396 -0.0214058850 -0.0231628940 0.0065311966 0.8589695096 -0.5119850636 0.0308557153 0.5115790963 0.8586819768
-15.6 -179.5 2858.3 0.4008686841 -0.9007458687 -0.1672160327 0.8901110888 0.3397432268 0.3037709594 -0.2168099284 -0.2706131041 0.9379562736
-103.3 -374.2 2905.8 0.2074541897 -0.9007458687 -0.3816014528 0.8838900328 0.3397432268 -0.3214232922 0.4191671908 -0.2706131041 0.8666414618
257.5 -177.7 2866.8 0.4895765185 0.7786184549 0.3925151825 -0.8354678750 0.2900069058 0.4667862952 0.2496162951 -0.5564614534 0.7924912572
378.4 -384.0 2928.4 -0.2027862519 0.7786184549 0.5938274860 -0.7229195833 0.2900069058 -0.6271229982 -0.6605036259 -0.5564614534 0.5040690899
42.8 -511.6 2658.9 0.9563801885 0.2913398445 -0.0214010645 -0.0148801394 -0.0245800838 -0.9995871186 -0.2917455733 0.9563037753 -0.0191727281
-88.2 -500.6 2229.1 0.9563801885 0.0624085329 0.2853805721 -0.0148801394 0.9860524535 -0.1657681763 -0.2917455733 0.1542908996 0.9439697266
221.9 -510.0 2664.4 0.9826030135 -0.1783116758 0.0519251637 0.0506270193 -0.0118258027 -0.9986476302 0.1786845773 0.9839029908 -0.0025926817
298.2 -505.0 2243.1 0.9826030135 -0.0854230672 -0.1649065614 0.0506270193 0.9775149822 -0.2046981454 0.1786845773 0.1927883029 0.9648339152
-155.9 -598.5 2799.4 0 0 0 0 0 0 0 0 0
326.9 -567.5 2760.7 0 0 0 0 0 0 0 0 0
-111.5 -868.7 2171.5 0 0 0 0 0 0 0 0 0
327.9 -845.1 2176.0 0 0 0 0 0 0 0 0 0
120.1 -5.4 2968.6 7 0.9999785423 -0.0064999210 -0.0008245361 0.0052380385 0.8686807156 -0.4953447580 0.0039359601 0.4953297973 0.8686960936
121.4 -178.6 2869.8 0.9999785423 -0.0064999210 -0.0008245361 0.0052380385 0.8686807156 -0.4953447580 0.0039359601 0.4953297973 0.8686960936
123.5 -343.1 2766.9 0.9999346137 -0.0114259152 -0.0004562113 0.0094427457 0.8475642800 -0.5306087136 0.0064493585 0.5305696726 0.8476167917
-15.2 -180.0 2869.0 0.4057628810 -0.8906484842 -0.2051870227 0.8993025422 0.3489871025 0.2635583282 -0.1631302088 -0.2914673984 0.9425684810
-104.1 -377.0 2904.7 0.2001212686 -0.8906484842 -0.4082850814 0.8764625192 0.3489871025 -0.3316948116 0.4379097223 -0.2914673984 0.8504597545
257.9 -177.3 2870.7 0.4979952276 0.7637470961 0.4107202888 -0.8390112519 0.3046143949 0.4508548975 0.2192277908 -0.5691225529 0.7924889326
380.8 -384.4 2924.8 -0.2169936150 0.7637470961 0.6079508066 -0.7091963291 0.3046143949 -0.6358070970 -0.6707863808 -0.5691225529 0.4755472243
39.7 -512.7 2661.2 0.9598702788 0.2788579464 -0.0297879297 -0.0239752587 -0.0242326986 -0.9994187951 -0.2794176936 0.9600265622 -0.0165745560
-86.1 -501.7 2228.0 0.9598702788 0.0690055117 0.2718221843 -0.0239752587 0.9858981371 -0.1656202823 -0.2794176936 0.1524569839 0.9479887486
218.8 -511.5 2666.7 0.9820004702 -0.1765159220 0.0672102869 0.0660298616 -0.0125594577 -0.9977385998 0.1769608706 0.9842176437 -0.0006780718
295.3 -506.0 2240.0 0.9820004702 -0.0974410400 -0.1618033946 0.0660298616 0.9797053337 -0.1892552972 0.1769608706 0.1751649380 0.9685050845
-154.9 -599.4 2793.6 0 0 0 0 0 0 0 0 0
325.8 -564.3 2754.6 0 0 0 0 0 0 0 0 0
-111.8 -869.7 2171.1 0 0 0 0 0 0 0 0 0
330.5 -859.3 2176.9 0 0 0 0 0 0 0 0 0
117.8 -4.6 2962.3 8 0.9995248318 0.0023883590 -0.0307312384 -0.0172166303 0.8702364564 -0.4923333228 0.0255675744 0.4926284850 0.8698640466
117.3 -179.0 2863.6 0.9995248318 0.0023883590 -0.0307312384 -0.0172166303 0.8702364564 -0.4923333228 0.0255675744 0.4926284850 0.8698640466
117.8 -343.7 2760.9 0.9995247126 -0.0024548075 -0.0307298247 -0.0141769387 0.8485606909 -0.5289081335 0.0273744892 0.5290923715 0.8481225967
-19.1 -177.1 2859.8 0.3832817376 -0.9074376225 -0.1721977144 0.9029367566 0.3288801312 0.2766641974 -0.1944230944 -0.2615239918 0.9454125166
-106.2 -382.2 2904.0 0.1907739788 -0.9074376225 -0.3743824661 0.8770215511 0.3288801312 -0.3502443433 0.4409518540 -0.2615239918 0.8585841060
253.8 -180.9 2867.3 0.4733198583 0.7825245857 0.4045041203 -0.8501742482 0.2855997980 0.4423081875 0.2305907160 -0.5532522202 0.8004623055
370.6 -390.7 2924.2 -0.2194649428 0.7825245857 0.5826580524 -0.7050307989 0.2855997980 -0.6491258144 -0.6743639708 -0.5532522202 0.4890247583
36.1 -508.5 2663.4 0.9631153345 0.2678658962 -0.0256263111 -0.0222439356 -0.0156546738 -0.9996299744 -0.2681679726 0.9633290172 -0.0091188652
-84.8 -501.4 2228.5 0.9631153345 0.0677467585 0.2604212463 -0.0222439356 0.9845206141 -0.1738514304 -0.2681679726 0.1616461724 0.9497138858
215.3 -506.7 2664.5 0.9812382460 -0.1822531968 0.0628914237 0.0646458492 0.0036956235 -0.9979014397 0.1816383004 0.9832446575 0.0154082002
293.5 -508.3 2242.5 0.9812382460 -0.0995383784 -0.1651171446 0.0646458492 0.9767040610 -0.2046217620 0.1816383004 0.1901085675 0.9648141265
-154.6 -604.8 2792.1 0 0 0 0 0 0 0 0 0
314.9 -569.7 2753.0 0 0 0 0 0 0 0 0 0
-110.1 -868.9 2168.2 0 0 0 0 0 0 0 0 0
330.0 -866.7 2172.8 0 0 0 0 0 0 0 0 0
117.9 -6.1 2971.1 9 0.9999104738 0.0086357845 0.0102180839 -0.0022165654 0.8601458073 -0.5100434422 -0.0131936679 0.5099751353 0.8600879312
116.2 -178.6 2868.8 0.9999104738 0.0086357845 0.0102180839 -0.0022165654 0.8601458073 -0.5100434422 -0.0131936679 0.5099751353 0.8600879312
115.3 -341.4 2763.2 0.9999418855 0.0041289725 0.0099599389 0.0019588529 0.8388220668 -0.5444021821 -0.0106024379 0.5443900228 0.8387652040
-20.3 -179.0 2870.2 0.3851849437 -0.9031389356 -0.1896643937 0.9084465504 0.3349265754 0.2500980496 -0.1623496264 -0.2686339617 0.9494621754
-105.2 -379.2 2906.0 0.1934536546 -0.9031389356 -0.3832958341 0.8760070801 0.3349265754 -0.3470386565 0.4418000877 -0.2686339617 0.8559488654
252.6 -178.3 2867.4 0.4950195253 0.7562254071 0.4278771281 -0.8463224769 0.3081650436 0.4344796836 0.1967078000 -0.5771979690 0.7925582528
374.7 -387.0 2915.9 -0.2338412702 0.7562254071 0.6110985279 -0.6965984702 0.3081650436 -0.6479080915 -0.6782837510 -0.5771979690 0.4547237158
28.7 -507.1 2655.7 0.9664216638 0.2547369301 -0.0337381996 -0.0317910090 -0.0117583824 -0.9994253516 -0.2549872398 0.9669389129 -0.0032652123
-84.5 -501.9 2225.9 0.9664216638 0.0693342015 0.2474306673 -0.0317910090 0.9877734184 -0.1526203901 -0.2549872398 0.1396295726 0.9568098187
207.7 -509.6 2660.6 0.9780568480 -0.1991451979 0.0612040684 0.0626856312 0.0011371265 -0.9980326891 0.1986838132 0.9799693227 0.0135957170
292.7 -510.1 2242.7 0.9780568480 -0.1025155559 -0.1813706309 0.0626856312 0.9750235677 -0.2130717933 0.1986838132 0.1970269978 0.9600547552
-154.3 -601.6 2793.9 0 0 0 0 0 0 0 0 0
315.4 -563.8 2743.8 0 0 0 0 0 0 0 0 0
-110.3 -870.5 2173.8 0 0 0 0 0 0 0 0 0
330.6 -871.0 2169.8 0 0 0 0 0 0 0 0 0
119.0 -6.6 2963.0 0 0.9997620583 0.0182990357 0.0118744383 -0.0099313175 0.8664771914 -0.4991178513 -0.0194223057 0.4988811314 0.8664527535
115.3 -181.0 2862.7 0.9997620583 0.0182990357 0.0118744383 -0.0099313175 0.8664771914 -0.4991178513 -0.0194223057 0.4988811314 0.8664527535
112.7 -344.7 2758.4 0.9998502731 0.0132139977 0.0111707263 -0.0051430962 0.8433753848 -0.5373002291 -0.0165209994 0.5371623635 0.8433170915
-21.2 -180.3 2864.9 0.3719541132 -0.9165288210 -0.1470547765 0.9101529717 0.3289660513 0.2517993152 -0.1824052930 -0.2275001258 0.9565417171
-104.1 -383.1 2905.5 0.2178217769 -0.9165288210 -0.3354528844 0.8875784278 0.3289660513 -0.3224683404 0.4059041142 -0.2275001258 0.8851471543
251.8 -181.6 2860.4 0.4904602170 0.7549281120 0.4353531301 -0.8479226232 0.2980668843 0.4383871853 0.2011864632 -0.5841572285 0.7863105536
372.9 -390.9 2910.1 -0.2426441610 0.7549281120 0.6092678905 -0.7005817294 0.2980668843 -0.6483373642 -0.6710506678 -0.5841572285 0.4565646648
24.9 -504.5 2658.5 0.9698393345 0.2402659655 -0.0410355330 -0.0414980464 -0.0031362984 -0.9991336465 -0.2401865125 0.9707020521 0.0069288625
-83.3 -503.0 2221.2 0.9698393345 0.0724083558 0.2327416539 -0.0414980464 0.9899672270 -0.1350659132 -0.2401865125 0.1213339120 0.9631139636
203.9 -504.0 2656.6 0.9765191078 -0.2083405703 0.0548143201 0.0588684492 0.0133040184 -0.9981771111 0.2072315365 0.9779658318 0.0252563134
292.3 -509.7 2241.8 0.9765191078 -0.0970906615 -0.1923117340 0.0588684492 0.9789707661 -0.1953221858 0.2072315365 0.1794147640 0.9616992474
-159.3 -608.1 2802.6 0 0 0 0 0 0 0 0 0
311.3 -568.7 2739.8 0 0 0 0 0 0 0 0 0
-110.3 -872.5 2175.9 0 0 0 0 0 0 0 0 0
328.3 -873.5 2175.1 0 0 0 0 0 0 0 0 0
117.6 -10.6 2959.5 1 0.9998759031 0.0150132831 0.0047699320 -0.0106033999 0.8653646708 -0.5010304451 -0.0116498433 0.5009177327 0.8654165268
114.5 -184.6 2858.8 0.9998759031 0.0150132831 0.0047699320 -0.0106033999 0.8653646708 -0.5010304451 -0.0116498433 0.5009177327 0.8654165268
112.1 -347.8 2753.8 0.9999120235 0.0126077952 0.0041202954 -0.0083726067 0.8408775926 -0.5411606431 -0.0102875056 0.5410785079 0.8409091830
-22.0 -183.5 2860.2 0.3716267347 -0.9211617112 -0.1155623123 0.9010242820 0.3278746009 0.2839955091 -0.2237158418 -0.2096647769 0.9518360496
-104.2 -382.6 2909.6 0.2159682959 -0.9211617112 -0.3237572610 0.8788293600 0.3278746009 -0.3466370404 0.4254605472 -0.2096647769 0.8803544641
251.1 -185.7 2857.4 0.4864835143 0.7595653534 0.4317340553 -0.8503903747 0.2983004153 0.4334201515 0.2004244775 -0.5779942870 0.7910453081
371.2 -395.7 2906.9 -0.2406560034 0.7595653534 0.6042724252 -0.6966816783 0.2983004153 -0.6524197459 -0.6758101583 -0.5779942870 0.4573874474
20.6 -507.9 2655.6 0.9718846679 0.2292536646 -0.0536932610 -0.0522248894 -0.0124719394 -0.9985574484 -0.2295926064 0.9732868075 -0.0001485393
-81.7 -502.3 2221.6 0.9718846679 0.0832626894 0.2202442586 -0.0522248894 0.9883185029 -0.1431750804 -0.2295926064 0.1276474297 0.9648799896
199.6 -508.8 2652.7 0.9734432697 -0.2255302072 0.0392981693 0.0413616486 0.0044298391 -0.9991344213 0.2251609117 0.9742261171 0.0136404978
294.9 -510.7 2241.1 0.9734432697 -0.0865174010 -0.2119503766 0.0413616486 0.9770682454 -0.2088705152 0.2251609117 0.1945569813 0.9546989799
-158.9 -605.5 2801.7 0 0 0 0 0 0 0 0 0
310.1 -572.5 2735.3 0 0 0 0 0 0 0 0 0
-112.7 -871.2 2174.0 0 0 0 0 0 0 0 0 0
327.1 -874.5 2168.6 0 0 0 0 0 0 0 0 0
115.9 -9.5 2959.2 2 0.9997276068 0.0068407520 0.0223133098 0.0051707798 0.8673939109 -0.4975953102 -0.0227583535 0.4975751638 0.8671222925
114.5 -184.1 2859.1 0.9997276068 0.0068407520 0.0223133098 0.0051707798 0.8673939109 -0.4975953102 -0.0227583535 0.4975751638 0.8671222925
113.3 -347.7 2754.8 0.9997374415 0.0063881148 0.0220055282 0.0064402483 0.8433052897 -0.5373962522 -0.0219903272 0.5373968482 0.8430427313
-22.0 -184.9 2862.1 0.3749066889 -0.9170843959 -0.1356508434 0.9031467438 0.3282824159 0.2766886950 -0.2092150897 -0.2262450606 0.9513370395
-104.5 -383.7 2908.2 0.2195311785 -0.9170843959 -0.3328095973 0.8894852996 0.3282824159 -0.3178782463 0.4007767141 -0.2262450606 0.8878013492
251.1 -183.2 2856.1 0.5014503002 0.7482491136 0.4343626201 -0.8421804905 0.3071382940 0.4431682229 0.1981908381 -0.5880385637 0.7841753960
374.9 -391.1 2905.0 -0.2380302995 0.7482491136 0.6192454100 -0.7030689716 0.3071382940 -0.6413736343 -0.6701012254 -0.5880385637 0.4529624879
20.0 -510.3 2649.7 0.9713619947 0.2338969409 -0.0418105796 -0.0381621681 -0.0201045219 -0.9990692735 -0.2345198393 0.9720535278 -0.0106027545
-82.4 -501.5 2223.8 0.9713619947 0.0707205832 0.2268358469 -0.0381621681 0.9887197614 -0.1448340565 -0.2345198393 0.1320297420 0.9631036520
199.2 -511.8 2647.8 0.9718132615 -0.2328576893 0.0368283503 0.0368746519 -0.0041558030 -0.9993112683 0.2328503579 0.9725019336 0.0045478819
297.1 -510.0 2239.0 0.9718132615 -0.0788893774 -0.2221609652 0.0368746519 0.9816163182 -0.1872688532 0.2328503579 0.1737982333 0.9568567872
-160.2 -609.3 2806.5 0 0 0 0 0 0 0 0 0
314.4 -569.5 2734.9 0 0 0 0 0 0 0 0 0
-108.8 -870.5 2174.5 0 0 0 0 0 0 0 0 0
326.5 -876.0 2174.2 0 0 0 0 0 0 0 0 0
113.3 -12.1 2958.6 3 0.9994972348 -0.0032668512 0.0315372013 0.0184622947 0.8686162233 -0.4951413870 -0.0257761721 0.4954746962 0.8682398200
114.0 -186.5 2859.1 0.9994972348 -0.0032668512 0.0315372013 0.0184622947 0.8686162233 -0.4951413870 -0.0257761721 0.4954746962 0.8682398200
114.4 -350.2 2754.9 0.9994958639 -0.0022412525 0.0316705629 0.0188946594 0.8436266184 -0.5365977883 -0.0255154762 0.5369256735 0.8432435989
-22.5 -189.0 2862.6 0.3842635453 -0.8982843161 -0.2131355852 0.8962390423 0.3075476289 0.3196404874 -0.2215787023 -0.3138466179 0.9232568145
-104.6 -380.5 2910.0 0.1406795532 -0.8982843161 -0.4162865579 0.8779283166 0.3075476289 -0.3669555187 0.4576583505 -0.3138466179 0.8318949342
250.5 -183.9 2855.7 0.5126280189 0.7423031926 0.4315072000 -0.8357243538 0.3161125481 0.4490408301 0.1969196200 -0.5908119678 0.7824090123
