218.1 -61.9 2793.5 98 0.9833606482 0.1498969644 0.1026290506 -0.0112451930 0.6140820980 -0.7891620398 -0.1813156605 0.7748768330 0.6055497527
188.2 -184.1 2639.3 0.9833606482 0.1498969644 0.1026290506 -0.0112451930 0.6140820980 -0.7891620398 -0.1813156605 0.7748768330 0.6055497527
158.0 -306.7 2485.7 0.9829498529 0.1522625685 0.1030811071 -0.0129181556 0.6164077520 -0.7873211503 -0.1834195405 0.7725655437 0.6078648567
49.9 -182.3 2665.1 0.2980937660 -0.2887269855 -0.9098224044 0.4465025067 0.8846251965 -0.1344389170 0.8436679840 -0.3661625981 0.3926185668
-34.2 -308.2 2427.2 -0.2363540679 -0.2887269855 -0.9277787805 0.3047548532 0.8846251965 -0.3529345393 0.9226381779 -0.3661625981 -0.1210938171
326.6 -185.9 2613.4 -0.0648747757 0.0866308510 0.9941259027 -0.4101138115 0.9058880210 -0.1057048067 -0.9097241163 -0.4145623446 -0.0232407767
308.2 -301.8 2356.6 -0.5147472620 0.0705709010 0.8544325829 -0.3445561230 0.8955527544 -0.2815427482 -0.7850581408 -0.4393233359 -0.4366677105
37.5 -428.0 2348.9 0.9432829022 0.3293010294 -0.0421680883 -0.2139275372 0.5057792068 -0.8357166648 -0.2538746297 0.7973381877 0.5475394726
-93.4 -629.1 2031.9 0.9432829022 0.3293010294 -0.0421680883 -0.2139275372 0.5057792068 -0.8357166648 -0.2538746297 0.7973381877 0.5475394726
217.9 -430.4 2315.3 0.9441158772 -0.0281272642 0.3284114003 0.2994999588 0.4892634153 -0.8190976977 -0.1376407146 0.8716823459 0.4703454971
229.1 -624.9 1968.7 0.9441158772 -0.0281272642 0.3284114003 0.2994999588 0.4892634153 -0.8190976977 -0.1376407146 0.8716823459 0.4703454971
27.3 -387.4 2187.3 0 0 0 0 0 0 0 0 0
174.4 -391.3 2152.5 0 0 0 0 0 0 0 0 0
-219.3 -822.5 1727.0 0 0 0 0 0 0 0 0 0
239.8 -812.0 1635.4 0 0 0 0 0 0 0 0 0
217.4 -63.2 2795.2 99 0.9854825139 0.1550524086 0.0691585541 -0.0398309007 0.6071307659 -0.7936030030 -0.1650383472 0.7793272734 0.6044926643
186.5 -184.1 2639.9 0.9854825139 0.1550524086 0.0691585541 -0.0398309007 0.6071307659 -0.7936030030 -0.1650383472 0.7793272734 0.6044926643
155.1 -305.5 2485.7 0.9848998785 0.1583684683 0.0699400306 -0.0420952328 0.6109284163 -0.7905659080 -0.1679290533 0.7756841779 0.6083698869
48.0 -178.2 2663.6 0.3053389192 -0.3492940664 -0.8858678341 0.4680683017 0.8652046323 -0.1798139215 0.8292648792 -0.3597424626 0.4276741147
-37.2 -308.7 2432.3 -0.2310306430 -0.3492940664 -0.9080850482 0.2925496995 0.8652046323 -0.4072292149 0.9279221296 -0.3597424626 -0.0977029055
325.1 -190.0 2616.3 -0.0600895695 0.1209304109 0.9908406138 -0.3958444595 0.9083597064 -0.1348697543 -0.9163495302 -0.4003230333 -0.0067133084
308.0 -302.3 2356.5 -0.5218935013 0.0924584493 0.8479850292 -0.3363447487 0.8912610412 -0.3041808009 -0.7839000821 -0.4439652860 -0.4340454638
33.3 -423.1 2346.9 0.9440700412 0.3226093948 -0.0682272688 -0.2360508889 0.5167229176 -0.8229686618 -0.2302428335 0.7930451632 0.5639748573
-95.0 -628.5 2031.6 0.9440700412 0.3226093948 -0.0682272688 -0.2360508889 0.5167229176 -0.8229686618 -0.2302428335 0.7930451632 0.5639748573
213.9 -430.8 2316.1 0.9544169903 -0.0354066379 0.2963690162 0.2754795849 0.4866906404 -0.8290013075 -0.1148878857 0.8728565574 0.4742596149
228.0 -624.3 1969.0 0.9544169903 -0.0354066379 0.2963690162 0.2754795849 0.4866906404 -0.8290013075 -0.1148878857 0.8728565574 0.4742596149
22.9 -384.8 2191.1 0 0 0 0 0 0 0 0 0
172.4 -389.7 2152.7 0 0 0 0 0 0 0 0 0
-218.3 -826.1 1728.4 0 0 0 0 0 0 0 0 0
241.5 -810.4 1635.3 0 0 0 0 0 0 0 0 0
215.9 -62.2 2797.5 00 0.9863719940 0.1509219557 0.0655193999 -0.0408176072 0.6102367640 -0.7911669016 -0.1593867987 0.7777105570 0.6080807447
185.8 -183.9 2642.3 0.9863719940 0.1509219557 0.0655193999 -0.0408176072 0.6102367640 -0.7911669016 -0.1593867987 0.7777105570 0.6080807447
155.0 -305.6 2488.2 0.9857099056 0.1550045907 0.0659507960 -0.0434634089 0.6122831702 -0.7894430161 -0.1627478451 0.7752953768 0.6102706194
47.1 -177.8 2665.2 0.3066663742 -0.3498516679 -0.8851889968 0.4641477466 0.8668954968 -0.1818214357 0.8309769034 -0.3550999463 0.4282305837
-40.2 -310.0 2428.5 -0.2572238147 -0.3498516679 -0.9007995129 0.2755933404 0.8668954968 -0.4153799117 0.9262204170 -0.3550999463 -0.1265693754
324.5 -190.0 2619.4 -0.0571872555 0.1241260543 0.9906171560 -0.3947684169 0.9085642695 -0.1366342306 -0.9169992208 -0.3988780975 -0.0029572523
308.3 -302.1 2359.0 -0.5266160369 0.0981644839 0.8444165587 -0.3270540237 0.8934625387 -0.3078317046 -0.7846726775 -0.4382789433 -0.4384065866
33.8 -423.4 2349.0 0.9444789886 0.3205274045 -0.0722605512 -0.2383351475 0.5169341564 -0.8221772313 -0.2261763960 0.7937514186 0.5646263957
-93.7 -628.9 2033.4 0.9444789886 0.3205274045 -0.0722605512 -0.2383351475 0.5169341564 -0.8221772313 -0.2261763960 0.7937514186 0.5646263957
214.6 -431.3 2319.1 0.9554272294 -0.0340549089 0.2932559848 0.2724450827 0.4843335152 -0.8313812017 -0.1137210876 0.8742203712 0.4720235467
228.2 -623.9 1971.5 0.9554272294 -0.0340549089 0.2932559848 0.2724450827 0.4843335152 -0.8313812017 -0.1137210876 0.8742203712 0.4720235467
26.6 -381.6 2187.9 0 0 0 0 0 0 0 0 0
171.4 -387.1 2155.0 0 0 0 0 0 0 0 0 0
-216.2 -826.5 1729.9 0 0 0 0 0 0 0 0 0
241.2 -809.1 1637.3 0 0 0 0 0 0 0 0 0
215.9 -58.1 2800.6 01 0.9864196777 0.1497125477 0.0675456598 -0.0402458981 0.6190360785 -0.7843306661 -0.1592373401 0.7709607482 0.6166546941
186.0 -181.9 2646.4 0.9864196777 0.1497125477 0.0675456598 -0.0402458981 0.6190360785 -0.7843306661 -0.1592373401 0.7709607482 0.6166546941
155.6 -304.5 2492.9 0.9859189391 0.1531617045 0.0671215728 -0.0422887653 0.6167008281 -0.7860609293 -0.1617883593 0.7721538544 0.6144940257
47.3 -176.0 2669.2 0.3088643849 -0.3530950546 -0.8831345439 0.4682424068 0.8646639585 -0.1819486767 0.8278598189 -0.3573235869 0.4323979616
-41.5 -310.6 2431.2 -0.2597484291 -0.3530950546 -0.8988073468 0.2763110399 0.8646639585 -0.4195336401 0.9253015518 -0.3573235869 -0.1270310283
324.7 -187.9 2623.6 -0.0552818701 0.1228867397 0.9908797741 -0.3941991627 0.9090946317 -0.1347365677 -0.9173608422 -0.3980524838 -0.0018146029
308.9 -300.8 2360.9 -0.5232440233 0.0956544429 0.8467974663 -0.3306891620 0.8930231333 -0.3052120209 -0.7854045630 -0.4397270977 -0.4356371462
34.7 -423.2 2354.2 0.9450867176 0.3182820976 -0.0742135197 -0.2376608849 0.5134326220 -0.8245630860 -0.2243400216 0.7969212532 0.5608815551
-91.9 -627.4 2037.4 0.9450867176 0.3182820976 -0.0742135197 -0.2376608849 0.5134326220 -0.8245630860 -0.2243400216 0.7969212532 0.5608815551
215.6 -431.0 2324.5 0.9549695253 -0.0318519250 0.2949893177 0.2735080719 0.4798784554 -0.8336126208 -0.1150068492 0.8767566085 0.4669810534
228.2 -621.8 1975.9 0.9549695253 -0.0318519250 0.2949893177 0.2735080719 0.4798784554 -0.8336126208 -0.1150068492 0.8767566085 0.4669810534
26.0 -382.4 2190.7 0 0 0 0 0 0 0 0 0
172.9 -386.7 2156.7 0 0 0 0 0 0 0 0 0
-213.6 -823.7 1732.7 0 0 0 0 0 0 0 0 0
240.4 -805.3 1640.7 0 0 0 0 0 0 0 0 0
214.7 -58.9 2797.2 02 0.9856311083 0.1395246536 0.0952062532 -0.0118842674 0.6195279956 -0.7848845720 -0.1684936881 0.7724751830 0.6122841835
186.8 -182.9 2642.7 0.9856311083 0.1395246536 0.0952062532 -0.0118842674 0.6195279956 -0.7848845720 -0.1684936881 0.7724751830 0.6122841835
157.9 -305.7 2489.0 0.9847835302 0.1455846876 0.0949023813 -0.0155623676 0.6177719235 -0.7862033248 -0.1730871946 0.7727631927 0.6106372476
48.3 -180.7 2667.0 0.3294838965 -0.3390653431 -0.8811782002 0.4631863236 0.8713145256 -0.1620785892 0.8227385879 -0.3547474146 0.4441345334
-44.1 -310.6 2436.3 -0.2622762620 -0.3390653431 -0.9034632444 0.2745839357 0.8713145256 -0.4067120552 0.9251025915 -0.3547474146 -0.1354232132
325.3 -185.1 2618.3 -0.0539097153 0.0932643339 0.9941807985 -0.4088194668 0.9062986970 -0.1071884260 -0.9110215902 -0.4122189581 -0.0107300309
310.4 -298.3 2365.9 -0.5119202137 0.0780594498 0.8554790616 -0.3391479850 0.8965998888 -0.2847583592 -0.7892504930 -0.4359075427 -0.4325138927
38.6 -427.0 2351.3 0.9431657195 0.3286754489 -0.0491006598 -0.2201232314 0.5071856976 -0.8332517147 -0.2489662170 0.7967026830 0.5507092476
-92.1 -628.7 2034.5 0.9431657195 0.3286754489 -0.0491006598 -0.2201232314 0.5071856976 -0.8332517147 -0.2489662170 0.7967026830 0.5507092476
219.3 -429.9 2319.5 0.9464090466 -0.0252700243 0.3219802678 0.2929318249 0.4870173633 -0.8228031397 -0.1360177249 0.8730266690 0.4683200419
229.3 -623.5 1972.4 0.9464090466 -0.0252700243 0.3219802678 0.2929318249 0.4870173633 -0.8228031397 -0.1360177249 0.8730266690 0.4683200419
24.0 -382.0 2195.8 0 0 0 0 0 0 0 0 0
177.3 -386.5 2160.7 0 0 0 0 0 0 0 0 0
-217.7 -822.6 1729.9 0 0 0 0 0 0 0 0 0
239.0 -809.7 1638.6 0 0 0 0 0 0 0 0 0
216.4 -58.0 2797.5 03 0.9874628186 0.1316130012 0.0871505439 -0.0134710809 0.6203516722 -0.7842080593 -0.1572759598 0.7732023001 0.6143472195
190.0 -182.2 2642.7 0.9874628186 0.1316130012 0.0871505439 -0.0134710809 0.6203516722 -0.7842080593 -0.1572759598 0.7732023001 0.6143472195
163.2 -305.1 2488.8 0.9870235920 0.1350867003 0.0868099034 -0.0155108478 0.6182987094 -0.7857901454 -0.1598242521 0.7742469311 0.6123707294
51.2 -180.0 2665.2 0.3267217875 -0.3530354500 -0.8767091036 0.4687153697 0.8660306334 -0.1740599871 0.8207062483 -0.3540578485 0.4484242201
-39.7 -310.4 2437.0 -0.2373554558 -0.3530354500 -0.9050018787 0.2831433713 0.8660306334 -0.4120932221 0.9292428493 -0.3540578485 -0.1055974439
328.9 -184.4 2620.3 -0.0672143176 0.0983959436 0.9928748608 -0.4108689427 0.9041022658 -0.1174128577 -0.9092133641 -0.4158332646 -0.0203407798
310.0 -300.2 2363.9 -0.5032411218 0.0868688300 0.8597686887 -0.3366677165 0.8966115117 -0.2876501977 -0.7958663106 -0.4342137575 -0.4219658375
45.8 -426.6 2349.6 0.9381421208 0.3419287205 -0.0545349680 -0.2329194546 0.5066638589 -0.8300845027 -0.2561988235 0.7914394736 0.5549646020
-90.2 -628.0 2034.9 0.9381421208 0.3419287205 -0.0545349680 -0.2329194546 0.5066638589 -0.8300845027 -0.2561988235 0.7914394736 0.5549646020
226.9 -429.4 2320.2 0.9487000108 -0.0108259432 0.3159922659 0.2809015512 0.4876032472 -0.8266422153 -0.1451296657 0.8729982376 0.4656302333
231.2 -623.3 1973.2 0.9487000108 -0.0108259432 0.3159922659 0.2809015512 0.4876032472 -0.8266422153 -0.1451296657 0.8729982376 0.4656302333
22.0 -383.9 2195.5 0 0 0 0 0 0 0 0 0
179.1 -387.7 2157.0 0 0 0 0 0 0 0 0 0
-220.9 -821.7 1732.4 0 0 0 0 0 0 0 0 0
235.3 -809.7 1639.4 0 0 0 0 0 0 0 0 0
216.7 -57.2 2797.6 04 0.9887567759 0.1291230768 0.0754142329 -0.0218293052 0.6235700250 -0.7814626694 -0.1479309201 0.7710302472 0.6193777323
190.9 -182.0 2643.3 0.9887567759 0.1291230768 0.0754142329 -0.0218293052 0.6235700250 -0.7814626694 -0.1479309201 0.7710302472 0.6193777323
164.5 -305.2 2489.5 0.9883219004 0.1327751279 0.0747699887 -0.0238934513 0.6196419001 -0.7845208645 -0.1504954845 0.7735726833 0.6155781150
51.8 -178.7 2664.4 0.3173744380 -0.3442021012 -0.8836279511 0.4674361050 0.8675198555 -0.1700374931 0.8250920773 -0.3590740561 0.4362211227
-36.8 -309.2 2434.0 -0.2247230113 -0.3442021012 -0.9116054177 0.2952055931 0.8675198555 -0.4003285170 0.9286297560 -0.3590740561 -0.0933412910
330.0 -185.4 2622.1 -0.0654038563 0.1101606563 0.9917595387 -0.4036342800 0.9060271382 -0.1272564381 -0.9125797153 -0.4086312056 -0.0147930495
311.2 -301.2 2360.3 -0.5092414021 0.0909025967 0.8558095098 -0.3371026814 0.8938792944 -0.2955361009 -0.7918553948 -0.4389948845 -0.4245568514
47.4 -426.2 2349.5 0.9362984896 0.3450183272 -0.0656316206 -0.2446269095 0.5065889359 -0.8267558813 -0.2519976795 0.7901455760 0.5587192178
-89.7 -627.6 2035.4 0.9362984896 0.3450183272 -0.0656316206 -0.2446269095 0.5065889359 -0.8267558813 -0.2519976795 0.7901455760 0.5587192178
228.8 -430.6 2321.9 0.9522965550 -0.0069444911 0.3050950468 0.2702820003 0.4833972454 -0.8326312304 -0.1416999102 0.8753735423 0.4622145295
231.5 -622.8 1973.9 0.9522965550 -0.0069444911 0.3050950468 0.2702820003 0.4833972454 -0.8326312304 -0.1416999102 0.8753735423 0.4622145295
21.6 -385.9 2192.7 0 0 0 0 0 0 0 0 0
178.8 -388.8 2154.5 0 0 0 0 0 0 0 0 0
-221.6 -821.3 1733.3 0 0 0 0 0 0 0 0 0
234.2 -807.6 1639.2 0 0 0 0 0 0 0 0 0
217.2 -58.5 2795.2 05 0.9881898165 0.1318437308 0.0780902579 -0.0218301322 0.6255416870 -0.7798852324 -0.1516717076 0.7689699531 0.6210321188
190.8 -183.7 2641.4 0.9881898165 0.1318437308 0.0780902579 -0.0218301322 0.6255416870 -0.7798852324 -0.1516717076 0.7689699531 0.6210321188
164.8 -307.0 2487.6 0.9883859158 0.1309001744 0.0771907121 -0.0209003687 0.6202188730 -0.7841503620 -0.1505205482 0.7734298706 0.6157514453
51.7 -180.7 2662.6 0.3163122833 -0.3490595520 -0.8821020126 0.4674110711 0.8664907217 -0.1752733737 0.8255140185 -0.3568631411 0.4372359514
-35.1 -309.1 2435.9 -0.2148245126 -0.3490595520 -0.9121446609 0.2966844440 0.8664907217 -0.4014625847 0.9304991961 -0.3568631411 -0.0825828984
329.9 -186.6 2620.2 -0.0665536150 0.1072943881 0.9919972420 -0.4048489928 0.9057812095 -0.1251308024 -0.9119582772 -0.4099369943 -0.0168449897
311.2 -300.7 2363.2 -0.5081668496 0.0908845365 0.8564499021 -0.3347078562 0.8954110146 -0.2936149240 -0.7935597301 -0.4358659089 -0.4245984554
48.1 -428.3 2347.7 0.9353057146 0.3480551541 -0.0637244135 -0.2443486303 0.5050683618 -0.8277679086 -0.2559236884 0.7897870541 0.5574401021
-90.3 -629.2 2033.6 0.9353057146 0.3480551541 -0.0637244135 -0.2443486303 0.5050683618 -0.8277679086 -0.2559236884 0.7897870541 0.5574401021
229.5 -432.2 2320.0 0.9514777064 -0.0058289822 0.3076624572 0.2719700336 0.4836543500 -0.8319319487 -0.1439529657 0.8752396703 0.4617716372
231.8 -624.5 1972.0 0.9514777064 -0.0058289822 0.3076624572 0.2719700336 0.4836543500 -0.8319319487 -0.1439529657 0.8752396703 0.4617716372
20.7 -386.2 2194.0 0 0 0 0 0 0 0 0 0
179.0 -387.7 2156.9 0 0 0 0 0 0 0 0 0
-223.4 -822.3 1731.7 0 0 0 0 0 0 0 0 0
234.0 -809.4 1637.4 0 0 0 0 0 0 0 0 0
218.0 -61.7 2792.5 06 0.9861009121 0.1438559443 0.0831294507 -0.0243158527 0.6199016571 -0.7843026519 -0.1643586904 0.7713801861 0.6147835255
189.2 -185.5 2638.4 0.9861009121 0.1438559443 0.0831294507 -0.0243158527 0.6199016571 -0.7843026519 -0.1643586904 0.7713801861 0.6147835255
160.6 -308.1 2484.6 0.9861133695 0.1440886706 0.0825762749 -0.0242621657 0.6168857217 -0.7866786718 -0.1642916203 0.7737509012 0.6118151546
50.5 -182.1 2661.5 0.3133356273 -0.3636647761 -0.8772506714 0.4699418843 0.8621087074 -0.1895342469 0.8252123594 -0.3528689742 0.4410306811
-34.9 -310.2 2436.6 -0.2056818455 -0.3636647761 -0.9085388780 0.2951434553 0.8621087074 -0.4118967652 0.9330516458 -0.3528689742 -0.0699868277
328.0 -188.9 2615.3 -0.0638497174 0.1050586253 0.9924141765 -0.4055820107 0.9058814049 -0.1219923645 -0.9118258953 -0.4102945328 -0.0152303809
310.3 -301.2 2362.8 -0.5079668164 0.0911330357 0.8565421700 -0.3315128386 0.8971095681 -0.2920508385 -0.7950276136 -0.4323068559 -0.4254901111
41.5 -428.6 2345.9 0.9391129017 0.3385838866 -0.0585483983 -0.2349536866 0.5084253550 -0.8284325004 -0.2507264018 0.7917478085 0.5570203662
-93.1 -630.7 2031.1 0.9391129017 0.3385838866 -0.0585483983 -0.2349536866 0.5084253550 -0.8284325004 -0.2507264018 0.7917478085 0.5570203662
222.4 -433.0 2315.7 0.9503341913 -0.0195813086 0.3106146455 0.2805301547 0.4861137867 -0.8276450038 -0.1347876936 0.8736761212 0.4674637318
230.2 -626.3 1968.4 0.9503341913 -0.0195813086 0.3106146455 0.2805301547 0.4861137867 -0.8276450038 -0.1347876936 0.8736761212 0.4674637318
18.5 -386.9 2194.0 0 0 0 0 0 0 0 0 0
178.3 -387.4 2156.1 0 0 0 0 0 0 0 0 0
-222.6 -825.1 1728.4 0 0 0 0 0 0 0 0 0
237.7 -812.1 1634.4 0 0 0 0 0 0 0 0 0
216.9 -59.2 2795.6 07 0.9845157862 0.1435847282 0.1005588025 -0.0106802313 0.6217185259 -0.7831679583 -0.1749702245 0.7699671984 0.6136252284
188.2 -183.5 2641.7 0.9845157862 0.1435847282 0.1005588025 -0.0106802313 0.6217185259 -0.7831679583 -0.1749702245 0.7699671984 0.6136252284
159.2 -306.7 2488.4 0.9842364788 0.1456922293 0.1002612412 -0.0118792551 0.6200842261 -0.7844452858 -0.1764580011 0.7708886266 0.6120402217
49.7 -181.8 2666.5 0.3111292720 -0.3358354867 -0.8890517950 0.4608802497 0.8714362979 -0.1678933650 0.8311365843 -0.3575098813 0.4259092808
-38.0 -311.7 2432.2 -0.2253917903 -0.3358354867 -0.9145562053 0.2941789925 0.8714362979 -0.3925015926 0.9287934303 -0.3575098813 -0.0976188332
326.7 -185.1 2616.8 -0.0630737245 0.0877729729 0.9941416383 -0.4160213172 0.9031400681 -0.1061330736 -0.9071648121 -0.4202783108 -0.0204489809
308.7 -303.5 2358.7 -0.5151646733 0.0820893943 0.8531510234 -0.3302179873 0.8995485902 -0.2859517634 -0.7909244299 -0.4290380776 -0.4363082945
40.0 -428.9 2351.4 0.9416493177 0.3334445059 -0.0459494703 -0.2191501409 0.5037337542 -0.8355989456 -0.2554795742 0.7969109416 0.5474148989
-92.6 -629.2 2034.5 0.9416493177 0.3334445059 -0.0459494703 -0.2191501409 0.5037337542 -0.8355989456 -0.2554795742 0.7969109416 0.5474148989
220.5 -431.1 2319.0 0.9447511435 -0.0229267329 0.3269856274 0.2963724136 0.4858987927 -0.8222321868 -0.1400308162 0.8737143278 0.4658482969
229.7 -624.3 1971.6 0.9447511435 -0.0229267329 0.3269856274 0.2963724136 0.4858987927 -0.8222321868 -0.1400308162 0.8737143278 0.4658482969
20.5 -388.2 2190.8 0 0 0 0 0 0 0 0 0
174.8 -389.4 2153.1 0 0 0 0 0 0 0 0 0
-220.1 -821.8 1729.9 0 0 0 0 0 0 0 0 0
238.4 -810.1 1637.6 0 0 0 0 0 0 0 0 0
216.6 -62.5 2781.2 08 0.9842950702 0.1451917440 0.1004121751 -0.0140400287 0.6313914061 -0.7753371596 -0.1759719402 0.7617507577 0.6235139370
187.6 -188.8 2628.9 0.9842950702 0.1451917440 0.1004121751 -0.0140400287 0.6313914061 -0.7753371596 -0.1759719402 0.7617507577 0.6235139370
158.5 -313.5 2476.9 0.9841936231 0.1463595182 0.0997086242 -0.0144780483 0.6276322007 -0.7783753872 -0.1765029877 0.7646284699 0.6198306084
49.1 -186.7 2653.8 0.3431132734 -0.3782432973 -0.8597704768 0.4793922007 0.8576632142 -0.1860025823 0.8077477217 -0.3483473063 0.4756025374
-40.3 -311.7 2443.2 -0.2168862969 -0.3782432973 -0.8999401927 0.2837245762 0.8576632142 -0.4288522005 0.9340560436 -0.3483473063 -0.0786984712
326.1 -190.8 2604.1 -0.0603626184 0.0893571526 0.9941688180 -0.4121859074 0.9048706293 -0.1063574776 -0.9090979695 -0.4162023962 -0.0177886002
310.1 -300.5 2362.2 -0.5105510950 0.0787874684 0.8562301993 -0.3364565969 0.8980870843 -0.2832606137 -0.7912866473 -0.4327033162 -0.4320107400
39.1 -437.0 2341.1 0.9390310049 0.3401850760 -0.0499484502 -0.2260750532 0.5014253259 -0.8351423144 -0.2590575218 0.7955166698 0.5477613211
-96.1 -636.3 2024.8 0.9390310049 0.3401850760 -0.0499484502 -0.2260750532 0.5014253259 -0.8351423144 -0.2590575218 0.7955166698 0.5477613211
219.7 -439.6 2308.7 0.9447994828 -0.0251788720 0.3266801536 0.2977883816 0.4818477035 -0.8241024613 -0.1366601139 0.8758931756 0.4627474248
229.7 -631.2 1960.5 0.9447994828 -0.0251788720 0.3266801536 0.2977883816 0.4818477035 -0.8241024613 -0.1366601139 0.8758931756 0.4627474248
16.0 -385.4 2200.4 0 0 0 0 0 0 0 0 0
177.3 -388.0 2156.4 0 0 0 0 0 0 0 0 0
-226.2 -828.0 1720.7 0 0 0 0 0 0 0 0 0
239.4 -815.4 1625.6 0 0 0 0 0 0 0 0 0
217.4 -61.8 2789.0 09 0.9861854911 0.1397632957 0.0889064521 -0.0170551930 0.6195524931 -0.7847698927 -0.1647642404 0.7724124193 0.6133773923
189.5 -185.4 2634.9 0.9861854911 0.1397632957 0.0889064521 -0.0170551930 0.6195524931 -0.7847698927 -0.1647642404 0.7724124193 0.6133773923
161.1 -308.7 2481.6 0.9856941700 0.1430891603 0.0890647620 -0.0192091372 0.6203675270 -0.7840759754 -0.1674456596 0.7711482644 0.6142413020
50.8 -182.6 2658.5 0.3286461234 -0.3916642666 -0.8594130874 0.4747606516 0.8551428318 -0.2081660479 0.8164521456 -0.3396025598 0.4669861495
-40.4 -314.4 2431.9 -0.2004472613 -0.3916642666 -0.8980088830 0.2809246182 0.8551428318 -0.4356743395 0.9385639429 -0.3396025598 -0.0613828935
328.3 -188.1 2611.3 -0.0782767087 0.0981526449 0.9920880795 -0.4113564491 0.9032965899 -0.1218244359 -0.9081071615 -0.4176378548 -0.0303313602
305.9 -305.7 2351.6 -0.5233955383 0.0856674388 0.8477724791 -0.3323475122 0.8956089616 -0.2956851423 -0.7846032381 -0.4365153611 -0.4402863681
42.2 -430.2 2343.7 0.9382470846 0.3417924345 -0.0535751805 -0.2324079275 0.5079665780 -0.8294314146 -0.2562789619 0.7906629443 0.5560334325
-93.7 -632.2 2029.3 0.9382470846 0.3417924345 -0.0535751805 -0.2324079275 0.5079665780 -0.8294314146 -0.2562789619 0.7906629443 0.5560334325
223.1 -433.8 2313.0 0.9482485056 -0.0182379782 0.3170049787 0.2854562104 0.4862053394 -0.8259050250 -0.1390666813 0.8736542463 0.4662496150
230.4 -627.1 1965.6 0.9482485056 -0.0182379782 0.3170049787 0.2854562104 0.4862053394 -0.8259050250 -0.1390666813 0.8736542463 0.4662496150
11.7 -387.4 2188.0 0 0 0 0 0 0 0 0 0
169.8 -392.1 2147.6 0 0 0 0 0 0 0 0 0
-224.3 -826.4 1727.1 0 0 0 0 0 0 0 0 0
237.3 -813.0 1631.6 0 0 0 0 0 0 0 0 0
219.3 -60.4 2793.9 10 0.9881291389 0.1302406341 0.0814749300 -0.0168893784 0.6192303896 -0.7850276828 -0.1526942551 0.7743326426 0.6140792966
193.4 -183.8 2639.6 0.9881291389 0.1302406341 0.0814749300 -0.0168893784 0.6192303896 -0.7850276828 -0.1526942551 0.7743326426 0.6140792966
166.3 -307.1 2486.0 0.9873186946 0.1361541152 0.0816324800 -0.0206596423 0.6200442910 -0.7842947841 -0.1574007124 0.7726624012 0.6149941683
54.4 -180.9 2661.8 0.3339992762 -0.3522316813 -0.8742867708 0.4649804235 0.8684068322 -0.1722286940 0.8199009895 -0.3490019739 0.4538280964
-39.2 -311.3 2431.8 -0.1883462816 -0.3522316813 -0.9167652726 0.2994994819 0.8684068322 -0.3951829672 0.9353212118 -0.3490019739 -0.0580679998
332.3 -186.7 2617.5 -0.0842552483 0.1040527597 0.9909964800 -0.4056466818 0.9048108459 -0.1294918060 -0.9101383686 -0.4129047990 -0.0340264030
308.2 -303.0 2356.6 -0.5283730626 0.0922330841 0.8439875245 -0.3224247694 0.8978096247 -0.2999669015 -0.7854070067 -0.4306169450 -0.4446402192
48.7 -428.4 2346.9 0.9350463748 0.3494284749 -0.0599001683 -0.2417885810 0.5049719214 -0.8285780549 -0.2592808604 0.7892420888 0.5566599965
-90.3 -629.2 2033.1 0.9350463748 0.3494284749 -0.0599001683 -0.2417885810 0.5049719214 -0.8285780549 -0.2592808604 0.7892420888 0.5566599965
229.8 -432.2 2318.0 0.9503512383 -0.0052344645 0.3111352026 0.2745425999 0.4847901762 -0.8304244876 -0.1464884579 0.8746148348 0.4621580243
231.9 -625.0 1970.3 0.9503512383 -0.0052344645 0.3111352026 0.2745425999 0.4847901762 -0.8304244876 -0.1464884579 0.8746148348 0.4621580243
9.7 -389.1 2188.7 0 0 0 0 0 0 0 0 0
170.8 -386.8 2152.4 0 0 0 0 0 0 0 0 0
-223.8 -822.2 1731.4 0 0 0 0 0 0 0 0 0
233.9 -810.3 1635.9 0 0 0 0 0 0 0 0 0
216.9 -60.6 2798.3 11 0.9889451265 0.1260087490 0.0781621933 -0.0162581112 0.6160846949 -0.7875121236 -0.1473879516 0.7775354981 0.6113225818
191.8 -183.5 2643.3 0.9889451265 0.1260087490 0.0781621933 -0.0162581112 0.6160846949 -0.7875121236 -0.1473879516 0.7775354981 0.6113225818
165.7 -306.5 2489.3 0.9882507920 0.1310792863 0.0786037669 -0.0195928570 0.6186894178 -0.7853913307 -0.1515798420 0.7746235132 0.6139885783
52.7 -180.7 2664.6 0.3263968229 -0.3339279294 -0.8842834830 0.4603458941 0.8732318282 -0.1598368436 0.8255584836 -0.3549060225 0.4387424588
-38.0 -308.7 2435.2 -0.1837666184 -0.3339279294 -0.9245117307 0.3089831471 0.8732318282 -0.3768230081 0.9331448078 -0.3549060225 -0.0572927557
330.9 -186.3 2621.9 -0.0719410628 0.1058244556 0.9917790294 -0.4043495059 0.9058852196 -0.1259898990 -0.9117707610 -0.4100891948 -0.0223802831
310.0 -303.3 2357.9 -0.5370635390 0.0942759439 0.8382570148 -0.3152413964 0.8993024230 -0.3031137884 -0.7824229002 -0.4270446897 -0.4532628953
49.0 -427.7 2349.2 0.9353582859 0.3481409848 -0.0624716133 -0.2426050454 0.5029520392 -0.8295673728 -0.2573861778 0.7910986543 0.5549011230
-89.4 -627.7 2034.7 0.9353582859 0.3481409848 -0.0624716133 -0.2426050454 0.5029520392 -0.8295673728 -0.2573861778 0.7910986543 0.5549011230
230.4 -431.3 2321.4 0.9510310292 -0.0038473329 0.3090714216 0.2725899518 0.4818469882 -0.8327773809 -0.1457211524 0.8762469292 0.4593001902
231.9 -622.9 1973.0 0.9510310292 -0.0038473329 0.3090714216 0.2725899518 0.4818469882 -0.8327773809 -0.1457211524 0.8762469292 0.4593001902
9.8 -389.0 2192.7 0 0 0 0 0 0 0 0 0
170.4 -385.3 2154.5 0 0 0 0 0 0 0 0 0
-222.5 -820.0 1732.2 0 0 0 0 0 0 0 0 0
233.4 -807.1 1638.0 0 0 0 0 0 0 0 0 0
217.0 -58.4 2800.1 12 0.9895369411 0.1271756738 0.0681396946 -0.0249253158 0.6158571243 -0.7874634862 -0.1421105117 0.7775257826 0.6125832200
191.6 -181.4 2644.8 0.9895369411 0.1271756738 0.0681396946 -0.0249253158 0.6158571243 -0.7874634862 -0.1421105117 0.7775257826 0.6125832200
165.8 -305.1 2491.3 0.9890895486 0.1300449073 0.0692114905 -0.0270789340 0.6223075986 -0.7823042870 -0.1448055208 0.7718947530 0.6190394163
52.4 -177.6 2665.2 0.3298729658 -0.3440033197 -0.8791163564 0.4699312150 0.8674993515 -0.1631240845 0.8187481165 -0.3593139946 0.4478225112
-40.1 -309.4 2435.5 -0.2002782673 -0.3440033197 -0.9173605442 0.3060730398 0.8674993515 -0.3921276629 0.9307029247 -0.3593139946 -0.0684511289
330.8 -185.2 2624.4 -0.0685445964 0.1149661243 0.9910017252 -0.4049742520 0.9046097994 -0.1329546422 -0.9117552042 -0.4104434848 -0.0154477945
311.2 -301.2 2363.3 -0.5328240991 0.1009384245 0.8401844501 -0.3173850477 0.8965453506 -0.3089872599 -0.7844521403 -0.4312978387 -0.4456646442
49.2 -426.3 2351.2 0.9350338578 0.3471121788 -0.0722826421 -0.2508921325 0.5037008524 -0.8266429901 -0.2505290210 0.7910743356 0.5580650568
-88.8 -626.6 2036.6 0.9350338578 0.3471121788 -0.0722826421 -0.2508921325 0.5037008524 -0.8266429901 -0.2505290210 0.7910743356 0.5580650568
230.7 -431.3 2324.6 0.9537854791 -0.0059277713 0.3004299402 0.2661778033 0.4806112945 -0.8355609775 -0.1394370198 0.8769137263 0.4599778950
233.0 -622.4 1975.9 0.9537854791 -0.0059277713 0.3004299402 0.2661778033 0.4806112945 -0.8355609775 -0.1394370198 0.8769137263 0.4599778950
12.0 -388.9 2193.6 0 0 0 0 0 0 0 0 0
172.7 -383.7 2159.3 0 0 0 0 0 0 0 0 0
-221.5 -819.2 1734.2 0 0 0 0 0 0 0 0 0
235.3 -806.1 1640.7 0 0 0 0 0 0 0 0 0
217.2 -61.6 2795.4 13 0.9892756343 0.1292724013 0.0679880530 -0.0263804253 0.6159616113 -0.7873343229 -0.1436586380 0.7770971060 0.6127660871
191.4 -184.4 2640.5 0.9892756343 0.1292724013 0.0679880530 -0.0263804253 0.6159616113 -0.7873343229 -0.1436586380 0.7770971060 0.6127660871
165.0 -307.2 2486.4 0.9887359738 0.1331894249 0.0682770312 -0.0289167520 0.6175801754 -0.7859761715 -0.1468502581 0.7751485705 0.6144751906
52.3 -180.3 2661.2 0.3181640208 -0.3607266545 -0.8767256737 0.4709449708 0.8627454042 -0.1840684265 0.8227894902 -0.3543255925 0.4443769455
-34.1 -308.2 2437.8 -0.1788925976 -0.3607266545 -0.9153544307 0.3088478148 0.8627454042 -0.4003540576 0.9341362119 -0.3543255925 -0.0429291241
330.6 -188.5 2619.8 -0.0679893047 0.1166471019 0.9908435345 -0.3998035491 0.9067267179 -0.1341780126 -0.9140757918 -0.4052654505 -0.0150117939
311.8 -299.1 2366.9 -0.5155398250 0.0987719372 0.8511537910 -0.3261894286 0.8959213495 -0.3015383780 -0.7923503518 -0.4330924153 -0.4296647906
47.8 -427.3 2345.8 0.9349512458 0.3477249444 -0.0703812391 -0.2504341304 0.5063409209 -0.8251676559 -0.2512944639 0.7891173959 0.5604862571
-90.5 -628.6 2032.0 0.9349512458 0.3477249444 -0.0703812391 -0.2504341304 0.5063409209 -0.8251676559 -0.2512944639 0.7891173959 0.5604862571
229.2 -432.6 2318.8 0.9542251825 -0.0077799633 0.2989878953 0.2651275694 0.4846704006 -0.8335478306 -0.1384256035 0.8746622801 0.4645473659
232.3 -625.3 1971.1 0.9542251825 -0.0077799633 0.2989878953 0.2651275694 0.4846704006 -0.8335478306 -0.1384256035 0.8746622801 0.4645473659
12.4 -388.5 2195.0 0 0 0 0 0 0 0 0 0
177.8 -383.9 2160.9 0 0 0 0 0 0 0 0 0
-223.4 -822.2 1730.3 0 0 0 0 0 0 0 0 0
235.3 -810.6 1636.7 0 0 0 0 0 0 0 0 0
217.9 -60.0 2796.6 14 0.9896394610 0.1311048269 0.0585259423 -0.0354129151 0.6179342270 -0.7854318619 -0.1391391009 0.7752217650 0.6161748767
191.8 -183.2 2642.0 0.9896394610 0.1311048269 0.0585259423 -0.0354129151 0.6179342270 -0.7854318619 -0.1391391009 0.7752217650 0.6161748767
165.2 -306.4 2488.3 0.9892932773 0.1335399896 0.0588717423 -0.0370320566 0.6198899150 -0.7838144898 -0.1411645710 0.7732422352 0.6181981564
52.5 -177.9 2661.9 0.3127000928 -0.3620484769 -0.8781455159 0.4726814330 0.8612177968 -0.1867516041 0.8238877058 -0.3566858470 0.4404364824
-34.2 -309.1 2433.3 -0.1967890710 -0.3620484769 -0.9111503363 0.3034051657 0.8612177968 -0.4077366889 0.9323193431 -0.3566858470 -0.0596308708
331.0 -188.4 2622.2 -0.0729188100 0.1266322732 0.9892659187 -0.3909991086 0.9088717103 -0.1451618522 -0.9174979925 -0.3973871171 -0.0167607330
310.2 -299.8 2360.6 -0.5068297982 0.1001275405 0.8562114835 -0.3345878720 0.8925170302 -0.3024306893 -0.7944649458 -0.4397588372 -0.4188527465
47.9 -426.2 2347.5 0.9344105721 0.3472116590 -0.0795042068 -0.2585873902 0.5077335835 -0.8217902184 -0.2449681908 0.7884482741 0.5642161965
-90.2 -628.1 2034.0 0.9344105721 0.3472116590 -0.0795042068 -0.2585873902 0.5077335835 -0.8217902184 -0.2449681908 0.7884482741 0.5642161965
229.4 -433.0 2321.6 0.9569701552 -0.0067829550 0.2901070416 0.2572598457 0.4823688567 -0.8373396397 -0.1342589557 0.8759419322 0.4633575976
232.1 -624.8 1973.4 0.9569701552 -0.0067829550 0.2901070416 0.2572598457 0.4823688567 -0.8373396397 -0.1342589557 0.8759419322 0.4633575976
16.9 -387.9 2191.0 0 0 0 0 0 0 0 0 0
178.5 -386.8 2154.1 0 0 0 0 0 0 0 0 0
-222.9 -822.2 1732.6 0 0 0 0 0 0 0 0 0
234.7 -809.2 1638.5 0 0 0 0 0 0 0 0 0
216.4 -59.2 2797.2 15 0.9893859625 0.1297910362 0.0653433055 -0.0297226049 0.6209275126 -0.7833042741 -0.1422393322 0.7730481029 0.6181946397
190.6 -182.8 2643.3 0.9893859625 0.1297910362 0.0653433055 -0.0297226049 0.6209275126 -0.7833042741 -0.1422393322 0.7730481029 0.6181946397
164.5 -306.1 2489.6 0.9891767502 0.1314251721 0.0652435645 -0.0307164714 0.6202807426 -0.7837782502 -0.1434775144 0.7732911706 0.6176041961
51.4 -178.5 2663.5 0.3076491058 -0.3469083905 -0.8860059977 0.4677267969 0.8660346866 -0.1766793579 0.8286034465 -0.3600534797 0.4286931455
-34.1 -308.5 2433.1 -0.2040358633 -0.3469083905 -0.9154364467 0.3050136566 0.8660346866 -0.3961699605 0.9302343726 -0.3600534797 -0.0708903447
329.8 -187.1 2623.1 -0.0691362098 0.1196586266 0.9904049635 -0.3956179321 0.9080896974 -0.1373299807 -0.9158092737 -0.4013164341 -0.0154427839
310.1 -299.7 2362.4 -0.5037684441 0.0921662897 0.8589078784 -0.3441706002 0.8905529380 -0.2974256575 -0.7923155427 -0.4454445243 -0.4169115424
47.6 -426.6 2349.0 0.9353125095 0.3458708823 -0.0745912865 -0.2527568936 0.5056099892 -0.8249076009 -0.2475974113 0.7903998494 0.5603245497
-89.9 -627.7 2034.7 0.9353125095 0.3458708823 -0.0745912865 -0.2527568936 0.5056099892 -0.8249076009 -0.2475974113 0.7903998494 0.5603245497
229.1 -432.3 2322.7 0.9549981952 -0.0096636163 0.2964541018 0.2643488050 0.4810425341 -0.8358933926 -0.1345292777 0.8766440153 0.4619493484
233.0 -623.5 1974.1 0.9549981952 -0.0096636163 0.2964541018 0.2643488050 0.4810425341 -0.8358933926 -0.1345292777 0.8766440153 0.4619493484
18.9 -387.8 2191.3 0 0 0 0 0 0 0 0 0
179.2 -389.2 2156.5 0 0 0 0 0 0 0 0 0
-222.2 -821.0 1732.5 0 0 0 0 0 0 0 0 0
236.6 -807.4 1638.9 0 0 0 0 0 0 0 0 0
217.1 -58.3 2798.5 16 0.9867262244 0.1347832382 0.0905805230 -0.0122140450 0.6178043485 -0.7862370014 -0.1619326174 0.7746942639 0.6112500429
190.2 -181.8 2643.6 0.9867262244 0.1347832382 0.0905805230 -0.0122140450 0.6178043485 -0.7862370014 -0.1619326174 0.7746942639 0.6112500429
162.6 -304.6 2489.8 0.9861889482 0.1386526376 0.0905912519 -0.0146418577 0.6178132892 -0.7861884832 -0.1649755836 0.7740039825 0.6113107800
51.5 -179.7 2666.8 0.3125401735 -0.3536614180 -0.8816134334 0.4669187069 0.8654427528 -0.1816474497 0.8272276521 -0.3548696935 0.4356167614
-35.5 -309.6 2436.7 -0.2107339948 -0.3536614180 -0.9113258719 0.2959135771 0.8654427528 -0.4042821229 0.9316793084 -0.3548696935 -0.0777249932
329.0 -183.9 2620.4 -0.0657894611 0.0958319455 0.9932210445 -0.4083062708 0.9056447148 -0.1144276410 -0.9104711413 -0.4130665064 -0.0204530954
310.4 -299.2 2363.3 -0.5054995418 0.0793225318 0.8591729403 -0.3436432481 0.8948723674 -0.2848030031 -0.7914414406 -0.4392167628 -0.4250988960
44.6 -426.1 2351.0 0.9391230941 0.3396179974 -0.0520333312 -0.2286796123 0.5048221350 -0.8323822618 -0.2564243972 0.7936083674 0.5517538190
-90.4 -626.9 2035.5 0.9391230941 0.3396179974 -0.0520333312 -0.2286796123 0.5048221350 -0.8323822618 -0.2564243972 0.7936083674 0.5517538190
225.5 -428.8 2320.8 0.9476284385 -0.0148471240 0.3190296888 0.2854764462 0.4872395396 -0.8252883554 -0.1431907266 0.8731421232 0.4659605324
231.4 -622.5 1973.6 0.9476284385 -0.0148471240 0.3190296888 0.2854764462 0.4872395396 -0.8252883554 -0.1431907266 0.8731421232 0.4659605324
19.3 -386.5 2194.6 0 0 0 0 0 0 0 0 0
179.0 -388.5 2157.6 0 0 0 0 0 0 0 0 0
-220.3 -819.9 1732.1 0 0 0 0 0 0 0 0 0
237.1 -808.8 1639.8 0 0 0 0 0 0 0 0 0
219.6 -61.6 2795.1 17 0.9844414592 0.1479465067 0.0947989225 -0.0161458235 0.6133916974 -0.7896137834 -0.1749694645 0.7757979631 0.6062369347
190.0 -184.3 2639.9 0.9844414592 0.1479465067 0.0947989225 -0.0161458235 0.6133916974 -0.7896137834 -0.1749694645 0.7757979631 0.6062369347
160.0 -306.5 2486.1 0.9839897752 0.1507342160 0.0950962007 -0.0180033017 0.6149106622 -0.7883912325 -0.1773132086 0.7740569115 0.6077795029
51.5 -181.7 2664.9 0.3174540699 -0.3584995866 -0.8778957725 0.4668752551 0.8648917079 -0.1843634248 0.8253789544 -0.3513408899 0.4419379830
-34.9 -308.8 2440.2 -0.2060448527 -0.3584995866 -0.9105073214 0.2937670052 0.8648917079 -0.4070175886 0.9334058166 -0.3513408899 -0.0728911310
328.4 -186.8 2615.0 -0.0660307705 0.0943318680 0.9933485985 -0.4057862163 0.9069431424 -0.1131002903 -0.9115796685 -0.4105552733 -0.0216075797
310.0 -300.4 2359.8 -0.5135419965 0.0762631074 0.8546686769 -0.3417704403 0.8954438567 -0.2852600217 -0.7870626450 -0.4385934770 -0.4337835312
39.8 -427.1 2348.5 0.9415380359 0.3335196376 -0.0476533324 -0.2218647599 0.5073581934 -0.8326846361 -0.2535393536 0.7945768237 0.5516932607
-92.8 -628.8 2032.6 0.9415380359 0.3335196376 -0.0476533324 -0.2218647599 0.5073581934 -0.8326846361 -0.2535393536 0.7945768237 0.5516932607
220.3 -430.4 2316.0 0.9466348290 -0.0240098909 0.3214125633 0.2917602360 0.4875939190 -0.8228779435 -0.1369615942 0.8727403283 0.4685785174
229.9 -624.3 1969.0 0.9466348290 -0.0240098909 0.3214125633 0.2917602360 0.4875939190 -0.8228779435 -0.1369615942 0.8727403283 0.4685785174
18.7 -385.2 2197.5 0 0 0 0 0 0 0 0 0
176.5 -389.2 2155.2 0 0 0 0 0 0 0 0 0
-220.3 -822.8 1728.8 0 0 0 0 0 0 0 0 0
239.0 -810.7 1635.3 0 0 0 0 0 0 0 0 0
218.7 -59.9 2797.0 18 0.9795962572 0.1549290419 0.1280160844 0.0054410156 0.6162959337 -0.7874958515 -0.2009017617 0.7721245289 0.6028782725
187.7 -183.0 2642.7 0.9795962572 0.1549290419 0.1280160844 0.0054410156 0.6162959337 -0.7874958515 -0.2009017617 0.7721245289 0.6028782725
156.3 -305.7 2489.5 0.9790765643 0.1580631435 0.1281604618 0.0033931299 0.6170368791 -0.7869269252 -0.2034638673 0.7708966136 0.6035900116
50.0 -183.5 2671.4 0.3108636141 -0.3037230968 -0.9006198645 0.4457929432 0.8834668994 -0.1440657675 0.8394238949 -0.3567051589 0.4100353122
-38.5 -310.4 2432.5 -0.2357504219 -0.3037230968 -0.9231327176 0.2930617332 0.8834668994 -0.3655148447 0.9265725017 -0.3567051589 -0.1192680746
325.4 -182.5 2614.1 -0.0600643754 0.0628986135 0.9962108135 -0.4202930927 0.9036397934 -0.0823945403 -0.9053982496 -0.4236495197 -0.0278407075
308.3 -302.3 2356.1 -0.5241794586 0.0610071942 0.8494197726 -0.3346460462 0.9024378657 -0.2713261545 -0.7831014395 -0.4264785945 -0.4526236057
35.1 -428.7 2354.9 0.9459725618 0.3235622048 -0.0210573319 -0.1906164438 0.5024042130 -0.8433595896 -0.2622999847 0.8018088937 0.5369368792
-93.5 -628.4 2036.2 0.9459725618 0.3235622048 -0.0210573319 -0.1906164438 0.5024042130 -0.8433595896 -0.2622999847 0.8018088937 0.5369368792
214.7 -428.1 2317.6 0.9357169271 -0.0344192237 0.3510685265 0.3218611777 0.4905865490 -0.8097717166 -0.1443577856 0.8707124591 0.4701283574
228.3 -623.1 1971.4 0.9357169271 -0.0344192237 0.3510685265 0.3218611777 0.4905865490 -0.8097717166 -0.1443577856 0.8707124591 0.4701283574
22.8 -386.5 2191.7 0 0 0 0 0 0 0 0 0
172.0 -389.3 2152.5 0 0 0 0 0 0 0 0 0
-217.2 -820.5 1729.6 0 0 0 0 0 0 0 0 0
241.5 -810.7 1638.6 0 0 0 0 0 0 0 0 0
217.0 -57.3 2798.9 19 0.9797014594 0.1576667875 0.1237991825 -0.0008273930 0.6207441092 -0.7840127945 -0.2004603893 0.7679960132 0.6082744002
185.5 -181.4 2645.3 0.9797014594 0.1576667875 0.1237991825 -0.0008273930 0.6207441092 -0.7840127945 -0.2004603893 0.7679960132 0.6082744002
153.0 -304.2 2492.4 0.9788266420 0.1634805351 0.1231769174 -0.0042009810 0.6176875234 -0.7864124179 -0.2046479583 0.7692439556 0.6052957773
47.8 -180.8 2674.1 0.3070278466 -0.2799892128 -0.9095823169 0.4461348057 0.8865682483 -0.1223130003 0.8406531215 -0.3682428300 0.3971140683
-39.7 -307.9 2434.5 -0.2463748157 -0.2799892128 -0.9278499484 0.3043779731 0.8865682483 -0.3483543992 0.9201377630 -0.3682428300 -0.1332055479
323.2 -182.0 2616.5 -0.0516325198 0.0691861063 0.9962667227 -0.4192813337 0.9039151073 -0.0845023915 -0.9063869119 -0.4220791161 -0.0176629722
308.5 -301.7 2357.8 -0.5278980136 0.0685677156 0.8465353847 -0.3269145787 0.9035327435 -0.2770477533 -0.7838689685 -0.4229977131 -0.4545573294
30.7 -426.6 2358.3 0.9488306642 0.3146772683 -0.0264310166 -0.1909168959 0.5049589872 -0.8417643309 -0.2515375316 0.8037379384 0.5391977429
-94.4 -627.3 2038.7 0.9488306642 0.3146772683 -0.0264310166 -0.1909168959 0.5049589872 -0.8417643309 -0.2515375316 0.8037379384 0.5391977429
210.3 -427.4 2320.7 0.9373799562 -0.0423138663 0.3457287848 0.3211610615 0.4891833961 -0.8108977675 -0.1348125637 0.8711538911 0.4721402824
227.1 -621.9 1974.4 0.9373799562 -0.0423138663 0.3457287848 0.3211610615 0.4891833961 -0.8108977675 -0.1348125637 0.8711538911 0.4721402824
24.3 -387.0 2195.4 0 0 0 0 0 0 0 0 0
171.3 -386.6 2154.0 0 0 0 0 0 0 0 0 0
-214.7 -820.4 1731.5 0 0 0 0 0 0 0 0 0
243.3 -808.9 1641.3 0 0 0 0 0 0 0 0 0
217.6 -57.5 2799.8 20 0.9806273580 0.1552916914 0.1193922684 -0.0033833599 0.6228460073 -0.7823371291 -0.1958534569 0.7667772174 0.6113052368
186.7 -181.5 2647.2 0.9806273580 0.1552916914 0.1193922684 -0.0033833599 0.6228460073 -0.7823371291 -0.1958534569 0.7667772174 0.6113052368
154.9 -305.0 2494.8 0.9799243808 0.1598826498 0.1191038117 -0.0061584166 0.6213916540 -0.7834758759 -0.1992743164 0.7670136690 0.6099014878
48.8 -180.6 2675.3 0.3168379366 -0.2699700296 -0.9092468619 0.4421474338 0.8901436925 -0.1102264225 0.8391181827 -0.3670972884 0.4013978541
-41.6 -306.7 2436.0 -0.2506966293 -0.2699700296 -0.9296598434 0.3031229079 0.8901436925 -0.3402363062 0.9193844199 -0.3670972884 -0.1413219273
324.5 -182.3 2619.2 -0.0661744028 0.0727579594 0.9951518774 -0.4158501327 0.9045840502 -0.0937890261 -0.9070224166 -0.4200404584 -0.0296039004
305.6 -301.7 2358.9 -0.5170700550 0.0713613480 0.8529631495 -0.3284287453 0.9037001133 -0.2747011185 -0.7904258966 -0.4221773446 -0.4438391626
33.2 -428.0 2360.6 0.9475204349 0.3180328608 -0.0325602815 -0.1970640570 0.5008285642 -0.8428146243 -0.2517356277 0.8050005436 0.5372181535
-93.3 -627.1 2040.5 0.9475204349 0.3180328608 -0.0325602815 -0.1970640570 0.5008285642 -0.8428146243 -0.2517356277 0.8050005436 0.5372181535
213.0 -429.1 2324.0 0.9386280179 -0.0368958786 0.3429521620 0.3170944452 0.4836032093 -0.8158302903 -0.1357519925 0.8745093346 0.4656229913
227.7 -621.4 1976.3 0.9386280179 -0.0368958786 0.3429521620 0.3170944452 0.4836032093 -0.8158302903 -0.1357519925 0.8745093346 0.4656229913
23.6 -385.5 2197.1 0 0 0 0 0 0 0 0 0
171.1 -387.1 2153.4 0 0 0 0 0 0 0 0 0
-214.8 -818.6 1732.7 0 0 0 0 0 0 0 0 0
241.8 -806.3 1642.0 0 0 0 0 0 0 0 0 0
216.7 -57.2 2799.8 21 0.9811189175 0.1516579390 0.1200229749 -0.0009565881 0.6243748069 -0.7811243534 -0.1934030205 0.7662610412 0.6127309799
186.5 -181.5 2647.3 0.9811189175 0.1516579390 0.1200229749 -0.0009565881 0.6243748069 -0.7811243534 -0.1934030205 0.7662610412 0.6127309799
155.5 -305.3 2495.0 0.9804872274 0.1558710188 0.1197872385 -0.0035191150 0.6231672764 -0.7820806503 -0.1965512037 0.7663985491 0.6115561128
48.6 -181.0 2675.0 0.3177793920 -0.2773578465 -0.9066911936 0.4419365823 0.8893617392 -0.1171656996 0.8388732672 -0.3634671569 0.4051953852
-40.9 -305.3 2439.0 -0.2420091778 -0.2773578465 -0.9297871590 0.3014392853 0.8893617392 -0.3437587917 0.9222612977 -0.3634671569 -0.1316271424
