-27.3 70.8 2907.0 1 0.9986027479 -0.0487849005 0.0203107391 0.0525384210 0.9578418732 -0.2824512422 -0.0056751198 0.2831237018 0.9590666294
-17.5 -122.5 2849.9 0.9986027479 -0.0487849005 0.0203107391 0.0525384210 0.9578418732 -0.2824512422 -0.0056751198 0.2831237018 0.9590666294
-8.4 -308.5 2789.4 0.9986944795 -0.0462947413 0.0215906613 0.0506985970 0.9499912262 -0.3081336915 -0.0062459689 0.3088260293 0.9510980248
-159.7 -129.7 2850.8 -0.0517894067 -0.7333065867 -0.6779227853 0.6063363552 0.5163030028 -0.6048036218 0.7935200930 -0.4423716366 0.4178913832
-144.7 -305.0 2621.4 -0.1558794081 -0.7316250801 -0.6636462212 0.5197511315 0.5105782151 -0.6849588752 0.8399764299 -0.4517018795 0.3006743491
124.8 -115.3 2849.0 -0.0045739235 0.4398792684 0.8980452418 -0.7044419050 0.6359808445 -0.3151031137 -0.7097468972 -0.6340619922 0.3069604933
123.6 -294.6 2668.3 -0.5064520836 0.4398792684 0.7416282892 -0.4073817432 0.6359808445 -0.6554147601 -0.7599647641 -0.6340619922 -0.1428950131
-87.2 -498.7 2729.3 0.9469407201 0.3083741665 -0.0906014591 -0.1185231805 0.0730123520 -0.9902633429 -0.2987565994 0.9484590292 0.1056878567
-207.9 -527.2 2358.0 0.9469407201 0.2693489492 0.1753693223 -0.1185231805 0.7998098731 -0.5884355307 -0.2987565994 0.5364282727 0.7892966866
93.3 -490.1 2733.4 0.9995401502 -0.0271514878 -0.0134991631 -0.0164184067 -0.1103422046 -0.9937580228 0.0254924819 0.9935227036 -0.1107372493
107.0 -434.3 2231.2 0.9995401502 0.0111208651 -0.0282091666 -0.0164184067 0.9806335568 -0.1951621920 0.0254924819 0.1955356002 0.9803652167
-104.7 -438.4 2405.7 0 0 0 0 0 0 0 0 0
-6.0 -398.9 2473.7 0 0 0 0 0 0 0 0 0
-309.3 -828.4 2156.0 0 0 0 0 0 0 0 0 0
102.8 -803.6 2157.5 0 0 0 0 0 0 0 0 0
-29.0 69.0 2907.6 2 0.9982920289 -0.0545394458 0.0209388416 0.0582715832 0.9551861882 -0.2902134061 -0.0041724131 0.2909378707 0.9567328691
-18.0 -123.4 2849.0 0.9982920289 -0.0545394458 0.0209388416 0.0582715832 0.9551861882 -0.2902134061 -0.0041724131 0.2909378707 0.9567328691
-7.9 -309.0 2787.4 0.9984168410 -0.0516565219 0.0222583376 0.0560354963 0.9478148222 -0.3138584197 -0.0048839492 0.3146087825 0.9492088556
-160.2 -131.4 2849.7 -0.0588045381 -0.7351461649 -0.6753533483 0.6075454950 0.5104517937 -0.6085453033 0.7921050787 -0.4460931122 0.4166178405
-143.4 -305.1 2623.3 -0.1302731335 -0.7387677431 -0.6612496972 0.5065159202 0.5237451792 -0.6849325895 0.8523324132 -0.4241617918 0.3059676886
124.3 -115.4 2848.3 -0.0025316768 0.4352508485 0.9003056884 -0.7002418637 0.6419617534 -0.3123241365 -0.7139011621 -0.6312224269 0.3031556308
123.6 -294.7 2665.5 -0.5053480864 0.4352508485 0.7451040149 -0.4060479105 0.6419617534 -0.6503922939 -0.7614121437 -0.6312224269 -0.1476814598
-89.5 -499.2 2729.5 0.9487923980 0.2970601022 -0.1074630097 -0.1303522438 0.0582891926 -0.9897528291 -0.2877521515 0.9530779719 0.0940267965
-205.8 -522.0 2356.4 0.9487923980 0.2708686292 0.1625521183 -0.1303522438 0.8044150472 -0.5795901418 -0.2877521515 0.5287216902 0.7985312343
90.9 -490.0 2728.4 0.9993453622 -0.0320974849 -0.0166901797 -0.0202375222 -0.1135769263 -0.9933230877 0.0299875531 0.9930105805 -0.1141521484
106.9 -433.3 2232.7 0.9993453622 0.0138859497 -0.0334064513 -0.0202375222 0.9799820781 -0.1980543137 0.0299875531 0.1986007243 0.9796215892
-110.0 -435.1 2404.5 0 0 0 0 0 0 0 0 0
-5.8 -398.7 2470.6 0 0 0 0 0 0 0 0 0
-307.9 -824.9 2157.2 0 0 0 0 0 0 0 0 0
101.7 -802.4 2157.9 0 0 0 0 0 0 0 0 0
-28.9 72.8 2908.5 3 0.9984241128 -0.0536168516 0.0165669825 0.0561166406 0.9559676051 -0.2880570292 -0.0003927881 0.2885327637 0.9574699402
-18.0 -120.2 2850.2 0.9984241128 -0.0536168516 0.0165669825 0.0561166406 0.9559676051 -0.2880570292 -0.0003927881 0.2885327637 0.9574699402
-8.5 -306.1 2789.2 0.9986572862 -0.0486518890 0.0177950077 0.0517742150 0.9490209818 -0.3109318018 -0.0017604168 0.3114356101 0.9502656460
-160.3 -127.6 2850.5 -0.0572643802 -0.7312524915 -0.6796988845 0.6164505482 0.5096308589 -0.6002208591 0.7853085399 -0.4533720613 0.4215973020
-144.0 -303.4 2626.5 -0.1294724941 -0.7369896173 -0.6633876562 0.4986112714 0.5298960805 -0.6860007048 0.8571019173 -0.4195907712 0.2988643646
124.3 -112.8 2850.0 0.0014236912 0.4890975058 0.8722279668 -0.7089907527 0.6156043410 -0.3440398276 -0.7052163482 -0.6179117560 0.3476420343
124.6 -295.5 2668.3 -0.4947239161 0.4890975058 0.7183535695 -0.3876561224 0.6156043410 -0.6861151457 -0.7777987719 -0.6179117560 -0.1149525493
-88.0 -499.7 2726.3 0.9471403956 0.3094839752 -0.0845262557 -0.1142729595 0.0792532489 -0.9902830720 -0.2997777760 0.9475961924 0.1104296073
-209.1 -530.7 2355.3 0.9471403956 0.2677108049 0.1767934859 -0.1142729595 0.7964417338 -0.5938200951 -0.2997777760 0.5422282815 0.7849342227
92.5 -489.6 2725.4 0.9995344877 -0.0283814315 -0.0111947050 -0.0143378843 -0.1130834743 -0.9934820533 0.0269305054 0.9931800365 -0.1134377643
106.6 -433.4 2232.0 0.9995344877 0.0090528755 -0.0291354172 -0.0143378843 0.9823201299 -0.1866589934 0.0269305054 0.1869898289 0.9819926620
-110.8 -431.4 2406.5 0 0 0 0 0 0 0 0 0
-2.0 -394.7 2469.2 0 0 0 0 0 0 0 0 0
-309.9 -830.7 2151.1 0 0 0 0 0 0 0 0 0
103.2 -803.4 2161.6 0 0 0 0 0 0 0 0 0
-29.3 80.5 2907.9 4 0.9981694221 -0.0521371141 0.0306521561 0.0584851876 0.9611880779 -0.2696238160 -0.0154050784 0.2709229589 0.9624777436
-18.7 -113.7 2853.1 0.9981694221 -0.0521371141 0.0306521561 0.0584851876 0.9611880779 -0.2696238160 -0.0154050784 0.2709229589 0.9624777436
-9.8 -300.5 2795.1 0.9984580278 -0.0453895554 0.0319592804 0.0528179444 0.9539459944 -0.2952918410 -0.0170842614 0.2965245247 0.9548724294
-161.0 -121.2 2855.6 -0.0517285764 -0.7384591103 -0.6723111272 0.6235716343 0.5019614100 -0.5993273258 0.7800529599 -0.4502364993 0.4345164001
-146.0 -302.6 2628.6 -0.1256577224 -0.7445878386 -0.6555906534 0.4984077215 0.5239989161 -0.6906626821 0.8577877879 -0.4135385454 0.3052638173
123.5 -106.2 2850.7 0.0101635046 0.4776315093 0.8785014749 -0.7213086486 0.6119614840 -0.3243717551 -0.6925392151 -0.6303739548 0.3507393897
126.2 -295.2 2669.3 -0.5047218204 0.4776315093 0.7191133499 -0.3961610794 0.6119614840 -0.6845141053 -0.7670151591 -0.6303739548 -0.1196512878
-89.2 -496.6 2728.4 0.9482581615 0.3045681715 -0.0896918997 -0.1223063543 0.0897135362 -0.9884293675 -0.2929975390 0.9482561350 0.1223222166
-208.5 -531.8 2357.1 0.9482581615 0.2698325813 0.1673224121 -0.1223063543 0.7967717648 -0.5917735100 -0.2929975390 0.5406894684 0.7885475755
91.3 -487.3 2728.1 0.9994968176 -0.0300621279 -0.0101184053 -0.0132272802 -0.1050868481 -0.9943750501 0.0288297199 0.9940085411 -0.1054316163
106.3 -434.7 2231.0 0.9994968176 0.0076218368 -0.0307899546 -0.0132272802 0.9824249744 -0.1861886978 0.0288297199 0.1865022779 0.9820314646
-113.7 -430.6 2408.4 0 0 0 0 0 0 0 0 0
-3.0 -396.6 2472.9 0 0 0 0 0 0 0 0 0
-310.1 -831.8 2153.4 0 0 0 0 0 0 0 0 0
103.4 -804.7 2160.8 0 0 0 0 0 0 0 0 0
-30.2 80.6 2899.6 5 0.9948061705 -0.0504762009 0.0883902833 0.0712075382 0.9656269550 -0.2499880940 -0.0727335885 0.2549837530 0.9642059207
-19.9 -116.0 2847.6 0.9948061705 -0.0504762009 0.0883902833 0.0712075382 0.9656269550 -0.2499880940 -0.0727335885 0.2549837530 0.9642059207
-11.6 -303.6 2791.9 0.9950691462 -0.0420166105 0.0898445472 0.0657395944 0.9576796889 -0.2802282572 -0.0742680579 0.2847528160 0.9557196498
-161.5 -125.3 2858.2 -0.0537394546 -0.7691516280 -0.6368028522 0.6154232025 0.4766969085 -0.6277055740 0.7863627076 -0.4256358147 0.4477363229
-146.3 -299.8 2635.3 -0.1229519323 -0.7728167176 -0.6226051450 0.5062149763 0.4907732904 -0.7091459632 0.8535978198 -0.4023629129 0.3308698535
121.6 -106.8 2837.1 0.0207691733 0.4703401625 0.8822407722 -0.7479182482 0.5928984284 -0.2984789610 -0.6634658575 -0.6536448002 0.3640900254
126.8 -293.7 2671.3 -0.5262596011 0.4703401625 0.7084003091 -0.4061317742 0.5928984284 -0.6953620911 -0.7470661402 -0.6536448002 -0.1209984124
-91.2 -492.1 2738.5 0.9510828257 0.2812807560 -0.1277600825 -0.1492158622 0.0561383255 -0.9872097373 -0.2705108523 0.9579820633 0.0953637436
-201.2 -514.1 2363.7 0.9510828257 0.2759480774 0.1389033794 -0.1492158622 0.8040161133 -0.5755803585 -0.2705108523 0.5266979933 0.8058617115
89.3 -482.6 2735.4 0.9994305372 -0.0328340046 -0.0077778683 -0.0108181974 -0.0934601054 -0.9955642223 0.0319614410 0.9950814843 -0.0937620923
106.0 -435.1 2229.7 0.9994305372 0.0048107295 -0.0333979651 -0.0108181974 0.9832190275 -0.1821079999 0.0319614410 0.1823655963 0.9827111959
-114.7 -429.8 2416.1 0 0 0 0 0 0 0 0 0
-7.9 -397.6 2480.0 0 0 0 0 0 0 0 0 0
-305.2 -816.9 2165.3 0 0 0 0 0 0 0 0 0
104.2 -805.4 2161.1 0 0 0 0 0 0 0 0 0
-29.9 82.9 2893.4 6 0.9981027246 -0.0460861325 0.0408292376 0.0542267300 0.9720548391 -0.2284049541 -0.0291619580 0.2301856428 0.9727097154
-20.5 -115.3 2846.5 0.9981027246 -0.0460861325 0.0408292376 0.0542267300 0.9720548391 -0.2284049541 -0.0291619580 0.2301856428 0.9727097154
-12.2 -304.0 2795.0 0.9981929064 -0.0426532552 0.0423270948 0.0522588119 0.9639009237 -0.2610825300 -0.0296631064 0.2628226876 0.9643880725
-162.5 -122.8 2850.7 -0.0611038134 -0.7437701821 -0.6656367779 0.6326110363 0.4869762957 -0.6022104025 0.7720554471 -0.4578865170 0.4407610893
-145.3 -300.7 2633.5 -0.1418465674 -0.7496894598 -0.6464095116 0.5056397319 0.5065183640 -0.6984035969 0.8510041237 -0.4259164929 0.3072248697
121.5 -107.8 2842.3 -0.0135766501 0.4725362659 0.8812066317 -0.7287573814 0.5987420678 -0.3322959840 -0.6846374273 -0.6466972828 0.3362353742
118.0 -296.0 2665.5 -0.5215620399 0.4725362659 0.7104101181 -0.4015093744 0.5987420678 -0.6930354834 -0.7528368235 -0.6466972828 -0.1225534007
-93.1 -497.0 2742.9 0.9522014260 0.2744190097 -0.1341889352 -0.1476382166 0.0288588479 -0.9886203408 -0.2674236894 0.9611770511 0.0679941699
-200.5 -508.3 2366.7 0.9522014260 0.2712886035 0.1404099464 -0.1476382166 0.8111140728 -0.5659477711 -0.2674236894 0.5181664228 0.8123965263
86.5 -485.2 2729.4 0.9992611408 -0.0382675081 -0.0035680025 -0.0074015930 -0.1005105600 -0.9949084520 0.0377140455 0.9941998124 -0.1007195413
105.8 -434.6 2228.0 0.9992611408 0.0009868609 -0.0384208150 -0.0074015930 0.9858986735 -0.1671796888 0.0377140455 0.1673405468 0.9851775169
-108.8 -430.6 2415.0 0 0 0 0 0 0 0 0 0
-15.5 -398.8 2472.8 0 0 0 0 0 0 0 0 0
-302.7 -813.8 2171.6 0 0 0 0 0 0 0 0 0
105.4 -805.8 2165.0 0 0 0 0 0 0 0 0 0
-29.7 86.7 2888.9 7 0.9978070259 -0.0504626073 0.0428335629 0.0585891008 0.9744514227 -0.2168218791 -0.0307978299 0.2188559622 0.9752710462
-19.4 -112.4 2844.1 0.9978070259 -0.0504626073 0.0428335629 0.0585891008 0.9744514227 -0.2168218791 -0.0307978299 0.2188559622 0.9752710462
-10.6 -301.6 2794.4 0.9980050325 -0.0447281040 0.0445567369 0.0545513332 0.9662009478 -0.2519522309 -0.0317814164 0.2538802326 0.9667133689
-161.5 -120.2 2848.7 -0.0355897062 -0.7463738322 -0.6645746231 0.6483391523 0.4888190627 -0.5837056041 0.7605193853 -0.4516436756 0.4665064812
-151.5 -301.8 2635.5 -0.1714416295 -0.7486218810 -0.6404474974 0.4977025390 0.4952087104 -0.7120817900 0.8502352238 -0.4408328235 0.2876916230
122.7 -104.6 2839.6 -0.0023784942 0.4914640486 0.8708946109 -0.7464987040 0.5786088109 -0.3285598159 -0.6653826237 -0.6509031653 0.3655010462
122.1 -294.6 2670.2 -0.5314993858 0.4914640486 0.6899068952 -0.3927976191 0.5786088109 -0.7147879601 -0.7504788041 -0.6509031653 -0.1144843325
-94.0 -497.5 2746.2 0.9529392123 0.2692800164 -0.1392664909 -0.1516996324 0.0258198977 -0.9880893230 -0.2624768615 0.9627157450 0.0654544681
-199.4 -507.6 2369.3 0.9529392123 0.2744487524 0.1287818551 -0.1516996324 0.7994691133 -0.5812369585 -0.2624768615 0.5343472958 0.8034791946
86.2 -488.0 2740.9 0.9992383718 -0.0388336666 -0.0038301141 -0.0078444658 -0.1037544683 -0.9945719838 0.0382254869 0.9938445091 -0.1039800793
106.2 -434.4 2227.3 0.9992383718 0.0015588190 -0.0389909409 -0.0078444658 0.9868282676 -0.1615812331 0.0382254869 0.1617640257 0.9860888720
-107.5 -429.6 2417.3 0 0 0 0 0 0 0 0 0
-14.0 -395.2 2478.1 0 0 0 0 0 0 0 0 0
-302.7 -808.7 2168.1 0 0 0 0 0 0 0 0 0
105.6 -806.1 2166.4 0 0 0 0 0 0 0 0 0
-31.6 89.5 2886.6 8 0.9979357123 -0.0588550977 0.0256991889 0.0629359633 0.9759062529 -0.2089164555 -0.0127841998 0.2101025879 0.9775957465
-19.6 -110.2 2843.6 0.9979357123 -0.0588550977 0.0256991889 0.0629359633 0.9759062529 -0.2089164555 -0.0127841998 0.2101025879 0.9775957465
-9.3 -299.6 2795.1 0.9982122183 -0.0528802685 0.0278580077 0.0581266545 0.9674075246 -0.2464628816 -0.0139170233 0.2476415485 0.9687517881
-161.8 -118.5 2845.6 -0.0470726602 -0.7398976684 -0.6710704565 0.6543620825 0.4847501814 -0.5803684592 0.7547147870 -0.4664425552 0.4613425136
-148.6 -301.7 2634.3 -0.1713807136 -0.7450583577 -0.6446058154 0.4979172945 0.4990735352 -0.7092277408 0.8501217961 -0.4425083399 0.2854458690
122.6 -101.9 2841.6 -0.0058069695 0.5242768526 0.8515281081 -0.7483751178 0.5625168085 -0.3514391780 -0.6632502675 -0.6393032670 0.3890892267
121.1 -292.1 2673.0 -0.5121493936 0.5242768526 0.6803210974 -0.3915017843 0.5625168085 -0.7282178402 -0.7644798160 -0.6393032670 -0.0828373283
-92.0 -495.7 2747.6 0.9516084194 0.2652206719 -0.1552399993 -0.1655578762 0.0168574136 -0.9860559702 -0.2589054704 0.9640403390 0.0599510260
-195.9 -502.3 2370.1 0.9516084194 0.2821841538 0.1217109710 -0.1655578762 0.8043999076 -0.5705536008 -0.2589054704 0.5227934122 0.8121914864
88.2 -485.9 2741.9 0.9991691709 -0.0387086570 -0.0127521120 -0.0166517105 -0.1021542326 -0.9946292043 0.0371980779 0.9940151572 -0.1027139276
108.1 -433.3 2230.2 0.9991691709 0.0096653290 -0.0395923965 -0.0166517105 0.9835007787 -0.1801360399 0.0371980779 0.1806456596 0.9828445911
-104.6 -429.5 2416.0 0 0 0 0 0 0 0 0 0
-10.0 -392.4 2477.3 0 0 0 0 0 0 0 0 0
-302.2 -805.2 2173.2 0 0 0 0 0 0 0 0 0
104.5 -803.6 2162.2 0 0 0 0 0 0 0 0 0
-30.5 90.7 2887.4 9 0.9982030988 -0.0559537560 0.0214408506 0.0591835491 0.9766077399 -0.2067235410 -0.0093723424 0.2076210380 0.9781644344
-19.0 -109.5 2844.9 0.9982030988 -0.0559537560 0.0214408506 0.0591835491 0.9766077399 -0.2067235410 -0.0093723424 0.2076210380 0.9781644344
-9.3 -299.1 2797.0 0.9985024929 -0.0494301543 0.0234410688 0.0536587238 0.9683802724 -0.2436399907 -0.0106567051 0.2445329577 0.9695824385
-161.3 -117.1 2846.4 -0.0466185249 -0.7362789512 -0.6750704050 0.6534762383 0.4886544049 -0.5780879259 0.7555100918 -0.4680920541 0.4583604634
-148.0 -303.0 2631.5 -0.1716477722 -0.7431806922 -0.6466989517 0.4860644639 0.5070921183 -0.7117576599 0.8569004536 -0.4365089834 0.2741924822
123.3 -101.8 2843.3 -0.0227656700 0.5608822703 0.8275824785 -0.7464141250 0.5411683321 -0.3873019814 -0.6650922298 -0.6265364289 0.4063303769
117.5 -291.6 2674.3 -0.4926655591 0.5608822703 0.6653508544 -0.3900242150 0.5411683321 -0.7449952960 -0.7779214382 -0.6265364289 -0.0478573218
-89.1 -494.4 2747.9 0.9510527849 0.2765743434 -0.1378593594 -0.1489724815 0.0194743462 -0.9886495471 -0.2707503736 0.9607951641 0.0597230941
-197.4 -502.0 2371.6 0.9510527849 0.2762043178 0.1385992169 -0.1489724815 0.8027200103 -0.5774493814 -0.2707503736 0.5285373330 0.8045759797
91.2 -483.8 2745.4 0.9994109273 -0.0314273611 -0.0137881795 -0.0168114603 -0.0980606526 -0.9950384498 0.0299193542 0.9946841002 -0.0985312313
107.5 -432.9 2228.9 0.9994109273 0.0113415625 -0.0323907696 -0.0168114603 0.9846100807 -0.1739550978 0.0299193542 0.1743971705 0.9842207432
-103.9 -427.8 2411.5 0 0 0 0 0 0 0 0 0
-8.6 -391.4 2475.1 0 0 0 0 0 0 0 0 0
-301.5 -804.3 2172.5 0 0 0 0 0 0 0 0 0
103.3 -803.7 2163.2 0 0 0 0 0 0 0 0 0
-31.4 91.7 2886.3 0 0.9977346063 -0.0527435206 0.0417582616 0.0597508289 0.9799971581 -0.1898300201 -0.0309106745 0.1918950677 0.9809285402
-20.5 -111.1 2846.6 0.9977346063 -0.0527435206 0.0417582616 0.0597508289 0.9799971581 -0.1898300201 -0.0309106745 0.1918950677 0.9809285402
-10.9 -301.4 2801.4 0.9978573322 -0.0486217178 0.0437797047 0.0573878698 0.9717915058 -0.2287529111 -0.0314223841 0.2307751924 0.9724996090
-162.7 -119.3 2851.1 -0.0463931672 -0.7479376197 -0.6621457338 0.6419484019 0.4855385423 -0.5934261084 0.7653430104 -0.4525943100 0.4576117098
-149.4 -303.1 2632.0 -0.1746419817 -0.7517960072 -0.6358481646 0.4857926071 0.4959149361 -0.7197735310 0.8564494848 -0.4345930219 0.2786093950
121.7 -103.0 2842.2 -0.0139230331 0.5835061669 0.8119893670 -0.7514191270 0.5296497345 -0.3934976757 -0.6596782804 -0.6156230569 0.4310833514
118.2 -291.9 2676.3 -0.4861194491 0.5835061669 0.6505447626 -0.3794471920 0.5296497345 -0.7586112022 -0.7872151732 -0.6156230569 -0.0360632837
-89.9 -493.7 2750.0 0.9505738616 0.2703168988 -0.1527682990 -0.1627392322 0.0147259803 -0.9865592122 -0.2644339800 0.9626587629 0.0579892956
-195.8 -499.4 2373.0 0.9505738616 0.2832791507 0.1271310747 -0.1627392322 0.8032395244 -0.5729940534 -0.2644339800 0.5239839554 0.8096390963
90.6 -483.9 2748.1 0.9994432330 -0.0314375721 -0.0111771543 -0.0141630070 -0.0964186862 -0.9952400923 0.0302102435 0.9948442578 -0.0968102515
107.0 -433.6 2228.9 0.9994432330 0.0085556200 -0.0322498232 -0.0141630070 0.9839489460 -0.1778871268 0.0302102435 0.1782448292 0.9835222960
-104.5 -427.8 2412.1 0 0 0 0 0 0 0 0 0
-6.3 -389.1 2474.7 0 0 0 0 0 0 0 0 0
-302.5 -801.9 2175.7 0 0 0 0 0 0 0 0 0
103.8 -804.2 2161.7 0 0 0 0 0 0 0 0 0
-29.3 92.7 2887.3 1 0.9983330369 -0.0563263595 0.0125876730 0.0577048734 0.9783509374 -0.1987451464 -0.0011205713 0.1991402060 0.9799703956
-17.7 -109.6 2846.1 0.9983330369 -0.0563263595 0.0125876730 0.0577048734 0.9783509374 -0.1987451464 -0.0011205713 0.1991402060 0.9799703956
-7.6 -299.6 2799.7 0.9985738993 -0.0513296090 0.0146775274 0.0533457026 0.9701488614 -0.2365700901 -0.0020963370 0.2370156944 0.9715035558
-159.9 -117.2 2846.4 -0.0420194939 -0.7328346372 -0.6791080236 0.6505892873 0.4957863688 -0.5752646923 0.7582663894 -0.4659927487 0.4559417069
-148.0 -300.9 2632.4 -0.1673460007 -0.7379986048 -0.6537227035 0.4953436255 0.5103673935 -0.7029650211 0.8524259329 -0.4414557517 0.2801549733
124.6 -102.0 2845.8 -0.0272366162 0.5665549636 0.8235737085 -0.7417910099 0.5408130288 -0.3965694904 -0.6700778008 -0.6217207909 0.4055354595
117.6 -291.4 2674.8 -0.4928442836 0.5665549636 0.6603937745 -0.3822783232 0.5408130288 -0.7492559552 -0.7816442847 -0.6217207909 -0.0499549471
-91.6 -496.9 2759.1 0.9528161287 0.2572679222 -0.1611044258 -0.1605154872 -0.0234342013 -0.9867550731 -0.2576357722 0.9660559297 0.0189669989
-192.3 -487.8 2381.0 0.9528161287 0.2781974375 0.1214397028 -0.1605154872 0.8013249040 -0.5762926340 -0.2576357722 0.5296079516 0.8081703186
88.8 -486.6 2753.4 0.9992775321 -0.0350893810 -0.0145978071 -0.0180579182 -0.1004072726 -0.9947825074 0.0334405750 0.9943274856 -0.1009683758
107.3 -433.5 2228.1 0.9992775321 0.0119521441 -0.0360764042 -0.0180579182 0.9845814705 -0.1739922017 0.0334405750 0.1745179743 0.9840859771
-105.1 -428.1 2413.5 0 0 0 0 0 0 0 0 0
-8.6 -389.3 2474.6 0 0 0 0 0 0 0 0 0
-297.0 -789.6 2181.5 0 0 0 0 0 0 0 0 0
102.8 -804.4 2162.4 0 0 0 0 0 0 0 0 0
-30.8 92.4 2888.8 2 0.9975490570 -0.0699397773 0.0020653578 0.0689364597 0.9773267508 -0.2002003491 0.0119834393 0.1998520494 0.9797527790
-16.4 -108.5 2847.7 0.9975490570 -0.0699397773 0.0020653578 0.0689364597 0.9773267508 -0.2002003491 0.0119834393 0.1998520494 0.9797527790
-3.5 -298.4 2801.6 0.9978067875 -0.0660370886 0.0045457017 0.0652460977 0.9696295857 -0.2357146442 0.0111582614 0.2354942560 0.9718117118
-158.6 -117.8 2846.1 -0.0420560688 -0.7333983779 -0.6784969568 0.6441521645 0.4992103279 -0.5795317888 0.7637403011 -0.4614281058 0.4514253139
-146.7 -299.9 2630.3 -0.1834542900 -0.7357611060 -0.6519203186 0.4919706583 0.5054306984 -0.7088755965 0.8510636687 -0.4507719278 0.2692494690
125.7 -99.2 2849.3 -0.0335699841 0.5706166029 0.8205301762 -0.7427814603 0.5350564122 -0.4024803042 -0.6686918736 -0.6229858398 0.4058815837
117.0 -292.3 2675.5 -0.4947012365 0.5706166029 0.6554902196 -0.3815600574 0.5350564122 -0.7537416816 -0.7808217406 -0.6229858398 -0.0469685681
-87.7 -494.4 2753.5 0.9509131908 0.2730935812 -0.1455473900 -0.1530097276 0.0061084912 -0.9882057905 -0.2689835727 0.9619680643 0.0475946143
-194.6 -496.8 2377.1 0.9509131908 0.2808589041 0.1299323291 -0.1530097276 0.7916777730 -0.5914679170 -0.2689835727 0.5425537229 0.7957909703
92.7 -484.8 2753.1 0.9995415807 -0.0276877973 -0.0122456420 -0.0148794549 -0.0970145017 -0.9951717257 0.0263661090 0.9948977828 -0.0973820165
107.3 -433.7 2229.2 0.9995415807 0.0101258168 -0.0285313465 -0.0148794549 0.9850401878 -0.1716812998 0.0263661090 0.1720271409 0.9847393036
-99.6 -426.2 2411.7 0 0 0 0 0 0 0 0 0
-9.7 -390.0 2475.5 0 0 0 0 0 0 0 0 0
-300.4 -795.0 2172.7 0 0 0 0 0 0 0 0 0
103.5 -804.7 2164.4 0 0 0 0 0 0 0 0 0
-31.8 93.5 2898.0 3 0.9964555502 -0.0836251602 0.0091197668 0.0835137293 0.9704288244 -0.2264803052 0.0100893676 0.2264391929 0.9739730358
-14.7 -105.1 2851.7 0.9964555502 -0.0836251602 0.0091197668 0.0835137293 0.9704288244 -0.2264803052 0.0100893676 0.2264391929 0.9739730358
0.6 -293.5 2800.7 0.9968722463 -0.0781193972 0.0119615952 0.0785344988 0.9622912407 -0.2604379356 0.0088347141 0.2605627477 0.9654164910
-156.7 -116.3 2850.4 -0.0329456590 -0.7416972518 -0.6699252129 0.6475943327 0.4947082996 -0.5795560479 0.7612727284 -0.4529336393 0.4640204608
-147.3 -301.5 2632.7 -0.1848274171 -0.7449759841 -0.6409755349 0.4756245315 0.5029376745 -0.7216889858 0.8600116968 -0.4382515848 0.2613721788
127.3 -93.9 2853.0 -0.0248771831 0.5755122304 0.8174147010 -0.7511537075 0.5287873745 -0.3951607347 -0.6596583724 -0.6238345504 0.4191434383
121.0 -285.6 2684.6 -0.4880068898 0.5755122304 0.6562278271 -0.3900585771 0.5287873745 -0.7538157701 -0.7808351517 -0.6238345504 -0.0335683972
-80.7 -494.2 2754.5 0.9479666948 0.2912304401 -0.1286232769 -0.1333988905 -0.0034858715 -0.9910563231 -0.2890741229 0.9566465616 0.0355453268
-194.7 -492.8 2380.0 0.9479666948 0.2763558030 0.1580714583 -0.1333988905 0.7956037521 -0.5909478664 -0.2890741229 0.5391123891 0.7910714149
99.6 -482.4 2756.5 0.9998793006 -0.0138333822 -0.0070759803 -0.0083118714 -0.0914288238 -0.9957769513 0.0131280143 0.9957154989 -0.0915327668
106.9 -434.0 2230.1 0.9998793006 0.0057908921 -0.0144186523 -0.0083118714 0.9833644629 -0.1814531982 0.0131280143 0.1815511435 0.9832938910
-99.8 -423.6 2411.9 0 0 0 0 0 0 0 0 0
-4.0 -385.5 2484.7 0 0 0 0 0 0 0 0 0
-298.8 -792.4 2177.0 0 0 0 0 0 0 0 0 0
104.7 -804.4 2161.7 0 0 0 0 0 0 0 0 0
-29.6 89.4 2902.7 4 0.9971072078 -0.0618488416 0.0441801250 0.0706348345 0.9686672091 -0.2381061167 -0.0280692540 0.2405379862 0.9702337980
-17.1 -107.3 2853.8 0.9971072078 -0.0618488416 0.0441801250 0.0706348345 0.9686672091 -0.2381061167 -0.0280692540 0.2405379862 0.9702337980
-5.9 -295.5 2800.9 0.9973047972 -0.0571207181 0.0460474789 0.0674305335 0.9609464407 -0.2683934271 -0.0289183352 0.2707750499 0.9622082114
-159.1 -117.0 2857.9 -0.0426306725 -0.7522826791 -0.6574598551 0.6353597045 0.4874366522 -0.5989353657 0.7710387111 -0.4432564974 0.4571903348
-147.0 -297.7 2638.6 -0.2052708566 -0.7535576820 -0.6245115995 0.4574113190 0.4902553856 -0.7419060469 0.8652391434 -0.4379503429 0.2440506667
124.9 -97.7 2849.7 -0.0206820648 0.5914010406 0.8061123490 -0.7555339932 0.5188092589 -0.4000066817 -0.6547828913 -0.6173182130 0.4360935390
119.9 -281.7 2690.3 -0.4717920125 0.5914010406 0.6539549828 -0.3982208669 0.5188092589 -0.7564767599 -0.7866590023 -0.6173182130 -0.0092618363
-74.2 -489.0 2748.9 0.9446130991 0.3084603548 -0.1120636761 -0.1249916255 0.0224088430 -0.9919046760 -0.3034520745 0.9509732127 0.0597226471
-194.9 -497.8 2376.7 0.9446130991 0.2797986269 0.1715190709 -0.1249916255 0.7899581790 -0.6002858877 -0.3034520745 0.5455995202 0.7811773419
106.0 -474.8 2750.5 0.9999571443 -0.0018832146 -0.0090649920 -0.0091848709 -0.0785081238 -0.9968711734 0.0011656468 0.9969117045 -0.0785220563
107.0 -433.8 2230.3 0.9999571443 0.0088162860 -0.0028273112 -0.0091848709 0.9830616713 -0.1830447018 0.0011656468 0.1830628365 0.9831005335
-94.3 -415.1 2416.5 0 0 0 0 0 0 0 0 0
-0.9 -383.6 2488.8 0 0 0 0 0 0 0 0 0
-300.3 -795.3 2171.2 0 0 0 0 0 0 0 0 0
103.6 -804.1 2161.4 0 0 0 0 0 0 0 0 0
-29.0 89.3 2906.0 5 0.9983804822 -0.0429374389 0.0373197533 0.0507923700 0.9682385325 -0.2448148429 -0.0256227013 0.2463139147 0.9688513279
-20.3 -107.6 2855.9 0.9983804822 -0.0429374389 0.0373197533 0.0507923700 0.9682385325 -0.2448148429 -0.0256227013 0.2463139147 0.9688513279
-13.2 -295.5 2801.5 0.9986004233 -0.0361257792 0.0386286750 0.0454296172 0.9598716497 -0.2767354548 -0.0270812884 0.2781030238 0.9601694345
-162.5 -114.1 2859.8 -0.0572184622 -0.7392354012 -0.6710119843 0.6417024732 0.4876547754 -0.5919550061 0.7648162842 -0.4644607902 0.4464663267
-146.4 -294.7 2644.5 -0.2291338593 -0.7404428124 -0.6318560839 0.4593277574 0.4900616109 -0.7408492565 0.8582049012 -0.4599826932 0.2278162241
121.9 -101.1 2852.0 -0.0017383994 0.5457149148 0.8379691243 -0.7341895103 0.5682379007 -0.3715795875 -0.6789423227 -0.6158741117 0.3996703327
121.5 -283.4 2683.4 -0.4821907580 0.5457149148 0.6853373647 -0.3881486952 0.5682379007 -0.7255661488 -0.7853869796 -0.6158741117 -0.0621805452
-84.9 -489.7 2750.5 0.9497060776 0.2782374620 -0.1436741650 -0.1527225822 0.0110036442 -0.9882078171 -0.2733755112 0.9604492784 0.0529433675
-193.7 -494.0 2374.7 0.9497060776 0.2802849710 0.1396376938 -0.1527225822 0.8038733602 -0.5748594999 -0.2733755112 0.5246217251 0.8062492609
95.3 -477.5 2745.3 0.9997645617 -0.0207134839 -0.0064595728 -0.0081768297 -0.0839229375 -0.9964386821 0.0200976096 0.9962569475 -0.0840725526
106.0 -434.1 2229.6 0.9997645617 0.0043003736 -0.0212669056 -0.0081768297 0.9825705290 -0.1857103556 0.0200976096 0.1858405322 0.9823743701
-87.6 -412.6 2424.2 0 0 0 0 0 0 0 0 0
-2.0 -382.8 2482.3 0 0 0 0 0 0 0 0 0
-299.3 -796.7 2177.1 0 0 0 0 0 0 0 0 0
104.4 -804.2 2159.6 0 0 0 0 0 0 0 0 0
-29.1 89.0 2907.1 6 0.9990496635 -0.0315274186 0.0300963856 0.0382341705 0.9654278159 -0.2578512728 -0.0209265035 0.2587569356 0.9657157660
-22.7 -107.1 2854.6 0.9990496635 -0.0315274186 0.0300963856 0.0382341705 0.9654278159 -0.2578512728 -0.0209265035 0.2587569356 0.9657157660
-17.7 -294.4 2797.5 0.9991914034 -0.0255250521 0.0310645457 0.0334597751 0.9563012719 -0.2904623151 -0.0222929977 0.2912668586 0.9563820362
-165.0 -111.9 2857.8 -0.0491012856 -0.7302121520 -0.6814537644 0.6557343602 0.4910757542 -0.5734605789 0.7533932924 -0.4750103354 0.4547127783
-151.4 -293.8 2648.8 -0.2766048610 -0.7221336961 -0.6340447068 0.4644189477 0.4771718681 -0.7460711002 0.8413113356 -0.5008292794 0.2033845186
119.6 -102.4 2851.4 0.0315926373 0.4899939299 0.8711531758 -0.7265544534 0.6097998619 -0.3166429102 -0.6863822341 -0.6229366064 0.3752724528
127.5 -283.5 2680.2 -0.5034748316 0.4899939299 0.7116312385 -0.3853947520 0.6097998619 -0.6925423741 -0.7732942104 -0.6229366064 -0.1181777939
-96.4 -487.5 2749.5 0.9538507462 0.2553918660 -0.1579357237 -0.1750481427 0.0455743112 -0.9835045338 -0.2439812422 0.9657629132 0.0881769657
-196.3 -505.4 2371.7 0.9538507462 0.2846283019 0.0956840664 -0.1750481427 0.7859650254 -0.5929731131 -0.2439812422 0.5488585234 0.7995170355
84.0 -479.3 2744.6 0.9988030195 -0.0450862013 -0.0189664848 -0.0228254143 -0.0866772681 -0.9959748983 0.0432607643 0.9952157140 -0.0876026303
107.4 -434.4 2229.3 0.9988030195 0.0143323429 -0.0467661954 -0.0228254143 0.9821935892 -0.1864799410 0.0432607643 0.1873241812 0.9813450575
-80.5 -412.8 2433.1 0 0 0 0 0 0 0 0 0
-1.4 -382.2 2482.3 0 0 0 0 0 0 0 0 0
-303.4 -801.2 2165.1 0 0 0 0 0 0 0 0 0
102.0 -804.4 2158.7 0 0 0 0 0 0 0 0 0
-30.6 89.2 2907.7 7 0.9985764623 -0.0497070923 0.0193454623 0.0530436486 0.9635423422 -0.2622450888 -0.0056047314 0.2628979385 0.9648073912
-20.5 -106.6 2854.3 0.9985764623 -0.0497070923 0.0193454623 0.0530436486 0.9635423422 -0.2622450888 -0.0056047314 0.2628979385 0.9648073912
-11.6 -293.7 2797.3 0.9987671375 -0.0450978242 0.0207465384 0.0491841957 0.9555776119 -0.2906068265 -0.0067191906 0.2912689447 0.9566175938
-162.7 -113.6 2855.2 -0.0424701907 -0.7315596342 -0.6804533601 0.6554971337 0.4935878813 -0.5715719461 0.7540025115 -0.4703100324 0.4585724771
-151.1 -294.0 2647.7 -0.2837610245 -0.7154839039 -0.6384061575 0.4895029664 0.4644033909 -0.7380489707 0.8245401978 -0.5219312310 0.2184519321
121.8 -99.6 2853.3 0.0195701774 0.5046787858 0.8630853295 -0.7218042612 0.6044606566 -0.3370844424 -0.6918205023 -0.6163818836 0.3761087060
126.8 -284.6 2676.0 -0.4945330620 0.5046787858 0.7076272964 -0.3828088045 0.6044606566 -0.6986306310 -0.7803168893 -0.6163818836 -0.1057302877
-103.0 -484.6 2742.5 0.9556664824 0.2534208298 -0.1499315798 -0.1778849363 0.0911220089 -0.9798232913 -0.2346455753 0.9630548358 0.1321620047
-202.1 -520.2 2365.9 0.9556664824 0.2810051739 0.0879641995 -0.1778849363 0.7890386581 -0.5880262852 -0.2346455753 0.5463094711 0.8040443659
77.6 -478.6 2738.5 0.9978605509 -0.0603783838 -0.0250744522 -0.0302654002 -0.0866543055 -0.9957786202 0.0579506941 0.9944071174 -0.0882962942
108.5 -434.1 2228.6 0.9978605509 0.0196077637 -0.0623683669 -0.0302654002 0.9841329455 -0.1748322845 0.0579506941 0.1763458401 0.9826208949
-78.3 -419.6 2436.2 0 0 0 0 0 0 0 0 0
0.2 -382.6 2476.2 0 0 0 0 0 0 0 0 0
-307.9 -817.3 2160.2 0 0 0 0 0 0 0 0 0
101.2 -804.8 2162.2 0 0 0 0 0 0 0 0 0
-30.6 89.5 2908.0 8 0.9979150295 -0.0625388846 -0.0159542058 0.0560246669 0.9620754719 -0.2669683099 0.0320450477 0.2655178308 0.9635732174
-17.9 -105.7 2854.1 0.9979150295 -0.0625388846 -0.0159542058 0.0560246669 0.9620754719 -0.2669683099 0.0320450477 0.2655178308 0.9635732174
-6.6 -292.5 2796.3 0.9982364774 -0.0576627813 -0.0141046876 0.0509010367 0.9536922574 -0.2964458168 0.0305454228 0.2952050865 0.9549455047
-160.0 -112.9 2849.8 -0.0405455828 -0.7154068351 -0.6975306869 0.6604011059 0.5046945214 -0.5560160279 0.7498176098 -0.4831940234 0.4519923329
-148.8 -296.8 2641.0 -0.2728354931 -0.6990854740 -0.6609389782 0.5184842944 0.4718503952 -0.7131137848 0.8103917837 -0.5372492075 0.2337273061
124.2 -98.5 2858.4 0.0110799745 0.5303122997 0.8477299809 -0.7208015323 0.5918297172 -0.3608084321 -0.6930529475 -0.6070473194 0.3888073564
127.1 -281.5 2682.5 -0.4746100903 0.5303122997 0.7025055885 -0.3860706985 0.5918297172 -0.7075923681 -0.7910086513 -0.6070473194 -0.0761503503
-93.0 -485.3 2740.9 0.9521790743 0.2844553888 -0.1115352511 -0.1442312598 0.0966501310 -0.9848127365 -0.2693553865 0.9538049698 0.1330555975
-204.3 -523.1 2367.8 0.9521790743 0.2755178511 0.1320791245 -0.1442312598 0.7863982320 -0.6006456614 -0.2693553865 0.5528723001 0.7885302305
87.4 -476.4 2739.7 0.9987450242 -0.0414914079 -0.0280502997 -0.0312684551 -0.0790641382 -0.9963790178 0.0391233973 0.9960057139 -0.0802622885
108.9 -435.5 2224.9 0.9987450242 0.0250569638 -0.0433647893 -0.0312684551 0.9883313179 -0.1490755826 0.0391233973 0.1502444446 0.9878744483
-78.8 -429.8 2433.1 0 0 0 0 0 0 0 0 0
5.5 -380.3 2480.0 0 0 0 0 0 0 0 0 0
-308.1 -819.2 2159.6 0 0 0 0 0 0 0 0 0
99.5 -807.6 2168.4 0 0 0 0 0 0 0 0 0
-30.8 90.2 2907.6 9 0.9976258874 -0.0688646436 -0.0004398937 0.0663930327 0.9634774923 -0.2594283223 0.0182892643 0.2587831914 0.9657622576
-16.8 -105.2 2855.1 0.9976258874 -0.0688646436 -0.0004398937 0.0663930327 0.9634774923 -0.2594283223 0.0182892643 0.2587831914 0.9657622576
-4.1 -292.2 2798.4 0.9978889227 -0.0649212003 0.0017227898 0.0626220778 0.9548423886 -0.2904384732 0.0172106195 0.2899332047 0.9568921328
-158.9 -114.1 2852.7 -0.0393919088 -0.7279059887 -0.6845445037 0.6505872011 0.5012880564 -0.5704792142 0.7584092021 -0.4678281844 0.4538196325
-147.7 -299.5 2636.5 -0.2603152394 -0.7117000222 -0.6524714828 0.5189456940 0.4667305052 -0.7161410451 0.8142059445 -0.5250197053 0.2478366196
125.4 -96.3 2857.6 -0.0079947412 0.6074502468 0.7943174839 -0.7401581407 0.5305268168 -0.4131672978 -0.6723852754 -0.5912237167 0.4453678131
123.4 -280.3 2690.4 -0.4517104328 0.6074502468 0.6534231901 -0.3815302849 0.5305268168 -0.7569517493 -0.8064690232 -0.5912237167 -0.0078838402
-85.4 -483.8 2735.8 0.9479215145 0.3034125566 -0.0968793109 -0.1314250380 0.0955422074 -0.9867112637 -0.2901245356 0.9480572343 0.1304425150
-204.2 -521.2 2364.8 0.9479215145 0.2746872306 0.1612194031 -0.1314250380 0.7984088659 -0.5875974894 -0.2901245356 0.5358080268 0.7929297090
94.9 -474.6 2741.4 0.9994597435 -0.0251318272 -0.0211797971 -0.0230230279 -0.0754753724 -0.9968818426 0.0234549083 0.9968308806 -0.0760132074
107.9 -435.4 2223.7 0.9994597435 0.0192741416 -0.0266214218 -0.0230230279 0.9886314869 -0.1485858858 0.0234549083 0.1491185129 0.9885411263
-80.9 -432.7 2427.6 0 0 0 0 0 0 0 0 0
7.7 -377.9 2484.0 0 0 0 0 0 0 0 0 0
-307.6 -821.8 2163.0 0 0 0 0 0 0 0 0 0
100.7 -807.7 2167.6 0 0 0 0 0 0 0 0 0
-29.0 90.4 2908.0 0 0.9990375042 -0.0392382108 0.0196060762 0.0429881178 0.9647116661 -0.2597757876 -0.0087210722 0.2603685856 0.9654698968
-21.1 -105.4 2855.1 0.9990375042 -0.0392382108 0.0196060762 0.0429881178 0.9647116661 -0.2597757876 -0.0087210722 0.2603685856 0.9654698968
-13.9 -292.4 2797.8 0.9991093874 -0.0366577394 0.0208973847 0.0411706492 0.9553956985 -0.2924448848 -0.0092449030 0.2930447757 0.9560540318
-163.3 -111.2 2856.5 -0.0547011532 -0.7279472947 -0.6834474802 0.6525499225 0.4920162261 -0.5762799978 0.7557687163 -0.4775068164 0.4481081069
-147.6 -299.2 2638.7 -0.2526618242 -0.7193518877 -0.6470663548 0.5018685460 0.4743293226 -0.7232839465 0.8272182345 -0.5074884892 0.2411751449
121.2 -99.5 2853.8 0.0213485081 0.6148951054 0.7883198857 -0.7510948181 0.5302734971 -0.3932767212 -0.6598491073 -0.5837070942 0.4731650949
126.3 -278.4 2696.6 -0.4476941824 0.6148951054 0.6492102146 -0.3746113181 0.5302734971 -0.7605763078 -0.8119336367 -0.5837070942 -0.0070536975
-81.5 -484.8 2740.1 0.9462729692 0.3028161526 -0.1134454608 -0.1417634189 0.0731608644 -0.9871932864 -0.2906382978 0.9502367377 0.1121584028
-200.0 -513.5 2368.1 0.9462729692 0.2819358706 0.1583655626 -0.1417634189 0.8018545508 -0.5804587603 -0.2906382978 0.5268219709 0.7987415195
98.8 -473.5 2743.2 0.9994900227 -0.0188570060 -0.0257699359 -0.0270700939 -0.0722942352 -0.9970159531 0.0169377178 0.9972050786 -0.0727678239
108.7 -435.8 2223.1 0.9994900227 0.0240416341 -0.0210160911 -0.0270700939 0.9870211482 -0.1582924277 0.0169377178 0.1587806046 0.9871686101
-82.7 -428.0 2426.4 0 0 0 0 0 0 0 0 0
11.7 -374.3 2488.7 0 0 0 0 0 0 0 0 0
-306.2 -815.4 2169.7 0 0 0 0 0 0 0 0 0
99.6 -807.5 2163.3 0 0 0 0 0 0 0 0 0
-28.7 92.7 2907.6 1 0.9987016916 -0.0239045173 0.0449839160 0.0346086733 0.9663665295 -0.2548291981 -0.0373793840 0.2560551763 0.9659392238
-23.8 -103.1 2855.7 0.9987016916 -0.0239045173 0.0449839160 0.0346086733 0.9663665295 -0.2548291981 -0.0373793840 0.2560551763 0.9659392238
-19.6 -290.5 2799.0 0.9987215400 -0.0214235317 0.0457856022 0.0337656252 0.9567810297 -0.2888425291 -0.0376187675 0.2900192142 0.9562811852
-166.0 -107.9 2861.1 -0.0675860271 -0.7359849811 -0.6736158133 0.6590618491 0.4739507735 -0.5839590430 0.7490457892 -0.4834219515 0.4530271590
-146.9 -294.9 2648.6 -0.2524132133 -0.7330571413 -0.6315969825 0.4862323403 0.4682451189 -0.7377836108 0.8365797400 -0.4933292270 0.2382448465
118.4 -98.3 2850.4 0.0119486842 0.6529535651 0.7573036551 -0.7515387535 0.5054385066 -0.4239356220 -0.6595807076 -0.5640776157 0.4967592359
121.3 -282.9 2688.4 -0.4247354865 0.6529535651 0.6270976067 -0.3722767234 0.5054385066 -0.7784227133 -0.8252331614 -0.5640776157 0.0284017455
-96.9 -483.2 2741.3 0.9533094764 0.2630303800 -0.1483780146 -0.1716595143 0.0677297041 -0.9828253388 -0.2484633476 0.9624072313 0.1097190380
-199.8 -509.7 2364.8 0.9533094764 0.2797064483 0.1138653532 -0.1716595143 0.8120942712 -0.5577058792 -0.2484633476 0.5121202469 0.8221914768
83.5 -475.8 2739.7 0.9985134602 -0.0480007865 -0.0258227270 -0.0295718201 -0.0791110992 -0.9964270592 0.0457864180 0.9957094789 -0.0804129690
108.4 -434.7 2223.1 0.9985134602 0.0224295072 -0.0496770144 -0.0295718201 0.9885351658 -0.1480665058 0.0457864180 0.1493154466 0.9877289534
-82.1 -419.7 2433.8 0 0 0 0 0 0 0 0 0
12.6 -378.2 2477.1 0 0 0 0 0 0 0 0 0
-305.2 -815.5 2172.0 0 0 0 0 0 0 0 0 0
100.0 -807.0 2166.8 0 0 0 0 0 0 0 0 0
-31.1 90.7 2907.4 2 0.9987069964 -0.0254404582 0.0440125093 0.0358237363 0.9664771557 -0.2542412281 -0.0360690728 0.2554892004 0.9661388397
-25.9 -105.5 2855.6 0.9987069964 -0.0254404582 0.0440125093 0.0358237363 0.9664771557 -0.2542412281 -0.0360690728 0.2554892004 0.9661388397
-21.4 -292.7 2798.5 0.9987224340 -0.0231321752 0.0449268892 0.0352134481 0.9562461376 -0.2904365063 -0.0362427384 0.2916474938 0.9558389783
-168.2 -110.5 2860.8 -0.0629731193 -0.7362353802 -0.6737891436 0.6594297886 0.4760663807 -0.5818188787 0.7491239905 -0.4809555709 0.4555161297
-150.7 -293.6 2652.7 -0.2731146812 -0.7299935222 -0.6265124679 0.4732961357 0.4650266469 -0.7481583953 0.8374957442 -0.5008589625 0.2184974849
116.3 -100.4 2850.4 0.0084904162 0.6604110599 0.7508562803 -0.7443499565 0.5055837631 -0.4362662435 -0.6677357554 -0.5551957488 0.4958695471
118.5 -285.5 2684.5 -0.4143628776 0.6604110599 0.6262273192 -0.3712390959 0.5055837631 -0.7788238525 -0.8309542537 -0.5551957488 0.0356752686
-105.6 -480.9 2745.7 0.9563982487 0.2433054894 -0.1615697294 -0.1860555112 0.0811183006 -0.9791849256 -0.2251348048 0.9665517211 0.1228497326
-200.8 -512.6 2367.4 0.9563982487 0.2796249986 0.0843338445 -0.1860555112 0.8058846593 -0.5620794296 -0.2251348048 0.5218810439 0.8227724433
74.8 -474.8 2738.9 0.9977292418 -0.0641654059 -0.0204732399 -0.0253938697 -0.0768343806 -0.9967204332 0.0623819195 0.9949769974 -0.0782893151
108.1 -434.9 2222.6 0.9977292418 0.0164888110 -0.0653029233 -0.0253938697 0.9901094437 -0.1379797310 0.0623819195 0.1393246949 0.9882798791
-80.6 -415.1 2437.7 0 0 0 0 0 0 0 0 0
12.4 -380.5 2471.7 0 0 0 0 0 0 0 0 0
-306.1 -816.1 2170.9 0 0 0 0 0 0 0 0 0
101.9 -807.8 2170.2 0 0 0 0 0 0 0 0 0
-30.0 90.6 2906.9 3 0.9992942810 -0.0346012115 0.0146167139 0.0371947996 0.9658021927 -0.2565982342 -0.0052382448 0.2569608092 0.9664076567
-23.0 -106.3 2854.5 0.9992942810 -0.0346012115 0.0146167139 0.0371947996 0.9658021927 -0.2565982342 -0.0052382448 0.2569608092 0.9664076567
-16.6 -293.5 2797.3 0.9993419051 -0.0326265022 0.0158505719 0.0358338356 0.9557877183 -0.2918659747 -0.0056272168 0.2922418714 0.9563278556
-165.3 -111.4 2855.3 -0.0553474464 -0.7226596475 -0.6889845133 0.6658619642 0.4874782860 -0.5647944808 0.7440191507 -0.4900285006 0.4542108774
-150.0 -295.4 2649.7 -0.2680875957 -0.7199092507 -0.6402028799 0.4695437253 0.4826189280 -0.7393292189 0.8412239552 -0.4988082349 0.2086447179
119.4 -101.2 2853.6 0.0015518575 0.6573917866 0.7535473704 -0.7386041880 0.5087493062 -0.4423098266 -0.6741375327 -0.5558868051 0.4863418341
119.7 -283.4 2687.4 -0.4141882360 0.6573917866 0.6295110583 -0.3723128140 0.5087493062 -0.7762456536 -0.8305608034 -0.5558868051 0.0340374187
-107.1 -483.2 2744.7 0.9558015466 0.2405008227 -0.1691234708 -0.1942528635 0.0847639143 -0.9772824049 -0.2207016498 0.9669407606 0.1277354509
-201.3 -516.4 2366.1 0.9558015466 0.2846403718 0.0736427531 -0.1942528635 0.7993838787 -0.5685518980 -0.2207016498 0.5291174650 0.8193445206
73.4 -476.8 2738.2 0.9971225858 -0.0692068711 -0.0309346355 -0.0364395417 -0.0797492266 -0.9961487055 0.0664733201 0.9944096208 -0.0820416212
109.1 -435.6 2224.4 0.9971225858 0.0259093326 -0.0712407827 -0.0364395417 0.9879016280 -0.1507397741 0.0664733201 0.1529020071 0.9860031605
-81.2 -416.0 2433.7 0 0 0 0 0 0 0 0 0
13.7 -378.8 2474.7 0 0 0 0 0 0 0 0 0
-308.5 -817.4 2166.8 0 0 0 0 0 0 0 0 0
99.4 -807.6 2166.8 0 0 0 0 0 0 0 0 0
-29.0 90.8 2907.1 4 0.9984850287 -0.0421456732 -0.0353757963 0.0316268057 0.9656777978 -0.2578103840 0.0450272113 0.2563009858 0.9655476809
-20.4 -106.8 2854.6 0.9984850287 -0.0421456732 -0.0353757963 0.0316268057 0.9656777978 -0.2578103840 0.0450272113 0.2563009858 0.9655476809
-12.6 -294.0 2797.6 0.9986308217 -0.0398572311 -0.0338800326 0.0282097366 0.9557397962 -0.2928577363 0.0440529957 0.2915010154 0.9555556178
-162.5 -110.8 2848.4 -0.0491223186 -0.6953597665 -0.7169809937 0.6698284149 0.5095533133 -0.5400789976 0.7408892512 -0.5067842007 0.4407413006
-148.8 -297.0 2642.5 -0.2711440921 -0.6914388537 -0.6696217060 0.4855104089 0.5024526119 -0.7154166698 0.8311200142 -0.5190892816 0.1994637102
