-30.2 84.3 2899.0 1 0.9963534474 -0.0521434471 0.0675344616 0.0665866286 0.9701113701 -0.2333454937 -0.0533485152 0.2369914651 0.9700458646
-19.5 -113.8 2850.6 0.9963534474 -0.0521434471 0.0675344616 0.0665866286 0.9701113701 -0.2333454937 -0.0533485152 0.2369914651 0.9700458646
-10.5 -302.3 2798.9 0.9965295196 -0.0466277972 0.0689550713 0.0631402209 0.9632303715 -0.2611524165 -0.0542426594 0.2645999193 0.9628315568
-161.3 -122.9 2858.3 -0.0466447473 -0.7329798937 -0.6786491871 0.6176496744 0.5127848387 -0.5962890387 0.7850689292 -0.4469811916 0.4288060665
-147.6 -303.8 2628.3 -0.2148128450 -0.7312280536 -0.6474264264 0.4600403309 0.5089970231 -0.7275197506 0.8615209460 -0.4541228414 0.2270553112
122.2 -104.7 2842.9 -0.0227519181 0.5750586390 0.8177958131 -0.7450980544 0.5356441140 -0.3973842561 -0.6665667295 -0.6183792949 0.4162881374
116.6 -289.5 2677.6 -0.4775702059 0.5750586390 0.6642546654 -0.3939249516 0.5356441140 -0.7469327450 -0.7853342295 -0.6183792949 -0.0292777475
-88.3 -497.0 2753.6 0.9515191317 0.2751220763 -0.1375468373 -0.1432134956 0.0005139989 -0.9896916747 -0.2722153366 0.9614091516 0.0398902707
-196.0 -497.2 2377.1 0.9515191317 0.2745577395 0.1386699080 -0.1432134956 0.7944312096 -0.5902279019 -0.2722153366 0.5417537689 0.7952368855
92.1 -486.6 2753.8 0.9993421435 -0.0316168107 -0.0177654158 -0.0209201258 -0.1024229079 -0.9945209622 0.0296239946 0.9942383766 -0.1030169576
108.9 -432.3 2226.2 0.9993421435 0.0160451271 -0.0325236320 -0.0209201258 0.9876009822 -0.1555846930 0.0296239946 0.1561627388 0.9872869849
-92.5 -421.9 2407.2 0 0 0 0 0 0 0 0 0
-5.7 -390.4 2476.5 0 0 0 0 0 0 0 0 0
-299.4 -796.4 2173.1 0 0 0 0 0 0 0 0 0
102.8 -804.2 2167.4 0 0 0 0 0 0 0 0 0
-27.3 90.5 2892.2 2 0.9985631704 -0.0341172144 0.0413234867 0.0418339744 0.9782310128 -0.2032585293 -0.0334893018 0.2046952099 0.9782527089
-20.2 -111.2 2849.9 0.9985631704 -0.0341172144 0.0413234867 0.0418339744 0.9782310128 -0.2032585293 -0.0334893018 0.2046952099 0.9782527089
-14.4 -301.1 2802.7 0.9986330867 -0.0303634852 0.0425440781 0.0397210121 0.9699261785 -0.2401362509 -0.0339732394 0.2414979041 0.9698064923
-162.4 -117.0 2854.7 -0.0286526643 -0.7116964459 -0.7019025683 0.6475161314 0.5217320323 -0.5554444194 0.7615128756 -0.4704082310 0.4458859265
-154.3 -299.6 2639.9 -0.2399615794 -0.7133997083 -0.6583914161 0.4396026134 0.5248331428 -0.7289031148 0.8655449152 -0.4643393159 0.1876726002
121.9 -105.5 2845.2 -0.0287369732 0.5874974132 0.8087156415 -0.7415845990 0.5299540162 -0.4113405347 -0.6702435613 -0.6115517616 0.4204497933
114.7 -290.5 2677.9 -0.4665179551 0.5874974132 0.6612168550 -0.3956949413 0.5299540162 -0.7500495315 -0.7910667062 -0.6115517616 -0.0147632938
-91.5 -496.7 2752.1 0.9527300000 0.2690683007 -0.1410949379 -0.1485739648 0.0075295269 -0.9888726473 -0.2650119066 0.9630916715 0.0471501499
-196.9 -499.7 2374.9 0.9527300000 0.2745787203 0.1300463676 -0.1485739648 0.7944344282 -0.5888969898 -0.2650119066 0.5417383313 0.7976768017
88.3 -485.2 2742.3 0.9991043806 -0.0387266763 -0.0170478206 -0.0208314564 -0.0994997621 -0.9948195219 0.0368297994 0.9942836761 -0.1002173796
108.5 -433.4 2225.4 0.9991043806 0.0144934515 -0.0397532843 -0.0208314564 0.9862437844 -0.1639795005 0.0368297994 0.1646607667 0.9856624007
-92.7 -412.4 2417.8 0 0 0 0 0 0 0 0 0
-4.7 -391.9 2475.3 0 0 0 0 0 0 0 0 0
-300.3 -798.9 2170.8 0 0 0 0 0 0 0 0 0
103.0 -804.9 2163.3 0 0 0 0 0 0 0 0 0
-29.7 88.1 2889.2 3 0.9984861612 -0.0550037585 0.0001654201 0.0537686273 0.9754220843 -0.2136835456 0.0115920436 0.2133689523 0.9769029021
-18.3 -114.3 2845.0 0.9984861612 -0.0550037585 0.0001654201 0.0537686273 0.9754220843 -0.2136835456 0.0115920436 0.2133689523 0.9769029021
-6.9 -303.5 2796.3 0.9983087182 -0.0580916293 0.0022450399 0.0568151139 0.9667334557 -0.2493962795 0.0123174805 0.2491020262 0.9683989286
-160.3 -122.4 2843.2 -0.0356510617 -0.6990617514 -0.7141720057 0.6549293399 0.5234347582 -0.5450537801 0.7548487186 -0.4871639311 0.4391750395
-150.7 -298.2 2640.5 -0.2251601815 -0.7073001266 -0.6700965762 0.4414117336 0.5390751958 -0.7173238993 0.8685957193 -0.4573012888 0.1908323020
123.7 -106.2 2846.7 -0.0449006259 0.6145330071 0.7876123190 -0.7426313162 0.5068078637 -0.4377722144 -0.6681935787 -0.6045618057 0.4336154759
112.6 -290.3 2681.1 -0.4511146843 0.6145330071 0.6471821666 -0.4029279053 0.5068078637 -0.7620990276 -0.7963320017 -0.6045618057 0.0189840291
-98.8 -494.6 2758.4 0.9555394650 0.2458861321 -0.1627401263 -0.1679570377 0.0002492488 -0.9857943058 -0.2423525900 0.9692986608 0.0415364727
-195.0 -494.7 2378.9 0.9555394650 0.2767016888 0.1018847749 -0.1679570377 0.7947587371 -0.5832229257 -0.2423525900 0.5401802063 0.8058973551
81.5 -487.3 2752.4 0.9985749125 -0.0503762774 -0.0176163018 -0.0225984398 -0.1001055539 -0.9947201610 0.0483468063 0.9937007427 -0.1011013240
108.3 -434.1 2224.0 0.9985749125 0.0144862253 -0.0513639227 -0.0225984398 0.9866851568 -0.1610642374 0.0483468063 0.1619954556 0.9856064320
-92.9 -411.5 2417.6 0 0 0 0 0 0 0 0 0
-2.9 -393.5 2477.2 0 0 0 0 0 0 0 0 0
-299.3 -794.0 2175.4 0 0 0 0 0 0 0 0 0
102.9 -805.7 2163.0 0 0 0 0 0 0 0 0 0
-34.3 98.9 2898.7 4 0.9972907305 -0.0729181767 0.0097038988 0.0732749254 0.9731066823 -0.2183900625 0.0064816768 0.2185094357 0.9758133292
-19.2 -103.5 2853.3 0.9972907305 -0.0729181767 0.0097038988 0.0732749254 0.9731066823 -0.2183900625 0.0064816768 0.2185094357 0.9758133292
-5.8 -292.4 2803.7 0.9976027012 -0.0681102350 0.0122389058 0.0689871609 0.9649440050 -0.2532268167 0.0054374780 0.2534641027 0.9673295021
-161.2 -113.3 2852.5 -0.0484807938 -0.7087762952 -0.7037654519 0.6458942294 0.5152057409 -0.5633682013 0.7618860006 -0.4818705618 0.4328169227
-147.0 -302.1 2629.9 -0.2024096996 -0.7192372084 -0.6646263599 0.4449827671 0.5370173454 -0.7166607976 0.8723649979 -0.4408063591 0.2113506347
122.9 -93.7 2854.1 -0.0499212891 0.6537832022 0.7550333738 -0.7500390410 0.4746530354 -0.4605929852 -0.6595068574 -0.5892979503 0.4666676521
109.9 -288.5 2682.8 -0.4367048442 0.6537832022 0.6179453135 -0.3993163705 0.4746530354 -0.7843793631 -0.8061236143 -0.5892979503 0.0537830517
-85.7 -497.9 2746.5 0.9490206242 0.2906796336 -0.1219228953 -0.1343675256 0.0231640618 -0.9906607866 -0.2851406932 0.9565399885 0.0610410757
-199.4 -506.9 2372.4 0.9490206242 0.2750391364 0.1539912969 -0.1343675256 0.7949036360 -0.5916702151 -0.2851406932 0.5408157706 0.7913362384
94.5 -487.6 2748.8 0.9994883537 -0.0260986816 -0.0184912048 -0.0211292058 -0.1047181785 -0.9942774773 0.0240129642 0.9941594005 -0.1052160487
108.2 -432.6 2226.5 0.9994883537 0.0163691659 -0.0274793785 -0.0211292058 0.9828808904 -0.1830265075 0.0240129642 0.1835134774 0.9827238321
-95.1 -416.3 2405.9 0 0 0 0 0 0 0 0 0
-1.9 -390.7 2476.4 0 0 0 0 0 0 0 0 0
-303.0 -806.3 2168.7 0 0 0 0 0 0 0 0 0
102.0 -802.7 2157.4 0 0 0 0 0 0 0 0 0
-36.0 104.1 2892.5 5 0.9969573021 -0.0756749734 0.0186926425 0.0778671801 0.9778601527 -0.1942324191 -0.0035802573 0.1950969696 0.9807774425
-20.1 -101.0 2851.6 0.9969573021 -0.0756749734 0.0186926425 0.0778671801 0.9778601527 -0.1942324191 -0.0035802573 0.1950969696 0.9807774425
-6.7 -291.0 2806.5 0.9974132180 -0.0686555803 0.0212915614 0.0717124566 0.9707058072 -0.2293196768 -0.0049237655 0.2302533388 0.9731182456
-162.2 -111.2 2852.3 -0.0487953834 -0.7144075036 -0.6980264783 0.6591485739 0.5020361543 -0.5598953962 0.7504279613 -0.4874234796 0.4464036524
-148.5 -296.1 2641.8 -0.1850849837 -0.7280507088 -0.6600648761 0.4531492591 0.5327708125 -0.7147104740 0.8720088005 -0.4313901067 0.2313077748
121.9 -90.8 2850.9 -0.0351905078 0.6590315700 0.7512915730 -0.7687665820 0.4624889493 -0.4417034388 -0.6385605335 -0.5931116343 0.4903661907
113.2 -282.2 2691.9 -0.4331261516 0.6590315700 0.6148813963 -0.4113275409 0.4624889493 -0.7854384780 -0.8020045757 -0.5931116343 0.0707617775
-82.6 -487.6 2753.6 0.9489541650 0.2912839055 -0.1209943816 -0.1344523579 0.0265598278 -0.9905640483 -0.2853217721 0.9562678933 0.0643678680
-196.6 -498.0 2379.3 0.9489541650 0.2751085758 0.1542765051 -0.1344523579 0.7952811718 -0.5911433101 -0.2853217721 0.5402250886 0.7916743755
97.6 -475.1 2754.7 0.9996127486 -0.0193648878 -0.0199842416 -0.0214704368 -0.0798515230 -0.9965755343 0.0177028012 0.9966186285 -0.0802363753
107.8 -432.9 2228.0 0.9996127486 0.0177719742 -0.0214132145 -0.0214704368 0.9820877910 -0.1871967167 0.0177028012 0.1875839829 0.9820890427
-101.0 -412.4 2418.0 0 0 0 0 0 0 0 0 0
2.3 -387.6 2486.5 0 0 0 0 0 0 0 0 0
-300.3 -797.5 2175.9 0 0 0 0 0 0 0 0 0
101.1 -802.8 2157.4 0 0 0 0 0 0 0 0 0
-34.1 104.6 2889.4 6 0.9967455864 -0.0720865577 0.0360798799 0.0776445568 0.9788410664 -0.1893183738 -0.0216691587 0.1915036589 0.9812526703
-19.1 -98.2 2849.7 0.9967455864 -0.0720865577 0.0360798799 0.0776445568 0.9788410664 -0.1893183738 -0.0216691587 0.1915036589 0.9812526703
-6.1 -288.4 2805.1 0.9970514774 -0.0662790388 0.0386715084 0.0733334422 0.9713986516 -0.2258469611 -0.0225965325 0.2280169427 0.9733949304
-161.2 -108.6 2852.9 -0.0455674455 -0.7234563828 -0.6888646483 0.6600666046 0.4957967699 -0.5643559694 0.7498238087 -0.4804127812 0.4549371600
-148.3 -294.6 2641.7 -0.1990704685 -0.7325870991 -0.6509124637 0.4614461958 0.5158918500 -0.7217499614 0.8645451665 -0.4440401793 0.2353506982
122.9 -87.7 2846.5 -0.0367705896 0.6848971844 0.7277113199 -0.7871857882 0.4287479222 -0.4432987273 -0.6156187654 -0.5891444087 0.5233759880
113.8 -282.4 2694.3 -0.4411530197 0.6848971844 0.5799136758 -0.3995154202 0.4287479222 -0.8102855086 -0.8035990596 -0.5891444087 0.0844835415
-83.3 -487.5 2761.9 0.9507669806 0.2707304955 -0.1508214772 -0.1505947411 -0.0217370670 -0.9883565903 -0.2708566785 0.9624097347 0.0201037042
-189.2 -479.0 2385.6 0.9507669806 0.2773779929 0.1382156909 -0.1505947411 0.8033117652 -0.5762042999 -0.2708566785 0.5270215273 0.8055340052
96.9 -474.6 2761.1 0.9995396733 -0.0222868584 -0.0205848012 -0.0222112108 -0.0753732845 -0.9969080091 0.0206664037 0.9969062805 -0.0758336037
108.8 -434.2 2227.2 0.9995396733 0.0183130298 -0.0241882429 -0.0222112108 0.9848041534 -0.1722422987 0.0206664037 0.1727002710 0.9847576022
-97.2 -413.0 2419.8 0 0 0 0 0 0 0 0 0
0.9 -384.7 2488.5 0 0 0 0 0 0 0 0 0
-293.7 -781.6 2187.1 0 0 0 0 0 0 0 0 0
101.9 -805.1 2162.1 0 0 0 0 0 0 0 0 0
-33.9 102.4 2900.8 7 0.9975048900 -0.0697435886 0.0109445984 0.0703552365 0.9692465663 -0.2358202636 0.0058389376 0.2360018790 0.9717350602
-19.4 -99.3 2851.7 0.9975048900 -0.0697435886 0.0109445984 0.0703552365 0.9692465663 -0.2358202636 0.0058389376 0.2360018790 0.9717350602
-6.7 -287.3 2799.0 0.9978361726 -0.0643963069 0.0132677816 0.0655884594 0.9608349800 -0.2692475617 0.0045903986 0.2695351839 0.9629796147
-161.5 -108.6 2851.1 -0.0309594180 -0.7066949606 -0.7068406940 0.6738937497 0.5075175762 -0.5369293690 0.7381793261 -0.4929585159 0.4605248570
-152.9 -295.1 2646.8 -0.2743580043 -0.7064279318 -0.6524471045 0.4469246268 0.5070822835 -0.7369707823 0.8514611125 -0.4937885106 0.1765979677
122.8 -90.1 2852.3 -0.0273273308 0.6523277760 0.7574442029 -0.7697892189 0.4696601331 -0.4322544634 -0.6377128959 -0.5948847532 0.4893203378
115.9 -283.7 2691.9 -0.4569882154 0.6523277760 0.6046736836 -0.3824449778 0.4696601331 -0.7957105041 -0.8030551672 -0.5948847532 0.0348503254
-83.2 -485.2 2762.5 0.9513658285 0.2696500719 -0.1489693075 -0.1520833373 -0.0094302073 -0.9883226752 -0.2679060996 0.9629122019 0.0320377089
-188.8 -481.5 2385.7 0.9513658285 0.2780759633 0.1325774640 -0.1520833373 0.7982069850 -0.5828689337 -0.2679060996 0.5343587995 0.8016775846
96.9 -472.0 2758.4 0.9996318817 -0.0200311448 -0.0183001980 -0.0196577050 -0.0698146597 -0.9973662496 0.0187007654 0.9973588586 -0.0701827258
107.6 -434.7 2226.0 0.9996318817 0.0161800142 -0.0217796043 -0.0196577050 0.9851878285 -0.1703481823 0.0187007654 0.1707136035 0.9851431847
-82.7 -409.5 2428.8 0 0 0 0 0 0 0 0 0
-1.1 -381.6 2486.3 0 0 0 0 0 0 0 0 0
-293.5 -782.2 2184.4 0 0 0 0 0 0 0 0 0
101.5 -805.8 2161.7 0 0 0 0 0 0 0 0 0
-31.1 91.6 2895.1 8 0.9981861711 -0.0567189455 0.0201824047 0.0599025935 0.9691686034 -0.2390061766 -0.0060039749 0.2397816330 0.9708082676
-19.4 -107.9 2845.7 0.9981861711 -0.0567189455 0.0201824047 0.0599025935 0.9691686034 -0.2390061766 -0.0060039749 0.2397816330 0.9708082676
-8.9 -296.0 2792.4 0.9983219504 -0.0535556264 0.0220244471 0.0575262420 0.9607898593 -0.2712444663 -0.0066341991 0.2720562816 0.9622584581
-161.6 -116.1 2846.6 -0.0391742922 -0.7079904675 -0.7051346302 0.6605614424 0.5111379027 -0.5499060154 0.7497492433 -0.4873269200 0.4476477504
-151.0 -295.8 2642.7 -0.3160239160 -0.6915816665 -0.6494949460 0.4609908760 0.4864034951 -0.7422257662 0.8292263150 -0.5339723229 0.1650976837
122.8 -99.8 2844.7 0.0106291939 0.6346656680 0.7727137208 -0.7685814500 0.4995181859 -0.3997051120 -0.6396636963 -0.5896449089 0.4931017160
125.4 -282.8 2692.4 -0.4567418396 0.6346656680 0.6233669519 -0.3730171323 0.4995181859 -0.7818822265 -0.8076169491 -0.5896449089 0.0085903052
-84.1 -481.2 2745.9 0.9500184059 0.2906503975 -0.1139621660 -0.1363915205 0.0580465086 -0.9889529347 -0.2808244526 0.9550669789 0.0947875008
-197.6 -503.9 2372.9 0.9500184059 0.2737940848 0.1500061005 -0.1363915205 0.7962046266 -0.5894536376 -0.2808244526 0.5395322442 0.7937522531
96.2 -469.4 2746.7 0.9995610714 -0.0234630108 -0.0180871692 -0.0196335353 -0.0674434677 -0.9975299239 0.0221851934 0.9974471927 -0.0678745285
108.5 -434.1 2223.9 0.9995610714 0.0159281548 -0.0249790400 -0.0196335353 0.9875749350 -0.1559176296 0.0221851934 0.1563396156 0.9874541759
-70.0 -413.8 2430.3 0 0 0 0 0 0 0 0 0
8.4 -378.4 2485.6 0 0 0 0 0 0 0 0 0
-300.7 -803.7 2169.6 0 0 0 0 0 0 0 0 0
102.5 -806.0 2165.0 0 0 0 0 0 0 0 0 0
-28.9 85.9 2892.2 9 0.9977728724 -0.0475701168 0.0467584655 0.0572468378 0.9704902768 -0.2342464626 -0.0342355072 0.2364015430 0.9710521102
-19.2 -112.7 2843.8 0.9977728724 -0.0475701168 0.0467584655 0.0572468378 0.9704902768 -0.2342464626 -0.0342355072 0.2364015430 0.9710521102
-10.3 -301.0 2790.8 0.9978089333 -0.0451077931 0.0484010167 0.0564957187 0.9616243839 -0.2684897184 -0.0344326198 0.2706359029 0.9620658159
-161.3 -120.7 2848.7 -0.0485483333 -0.7205327153 -0.6917193532 0.6444480419 0.5065053105 -0.5728342533 0.7631053329 -0.4735873640 0.4397559166
-147.8 -300.1 2636.3 -0.3074540198 -0.7039285302 -0.6402785778 0.4571427107 0.4808699787 -0.7481875420 0.8345612884 -0.5227319598 0.1739503890
122.9 -104.7 2838.9 0.0076835956 0.6545394659 0.7559888363 -0.7610539794 0.4942235351 -0.4201664925 -0.6486430168 -0.5721199512 0.5019372702
124.8 -290.1 2680.8 -0.4449084401 0.6545394659 0.6112565994 -0.3600368202 0.4942235351 -0.7912752628 -0.8200182915 -0.5721199512 0.0157740768
-88.5 -489.2 2739.8 0.9503102303 0.2842714190 -0.1268865317 -0.1483615488 0.0552398413 -0.9873892069 -0.2736773491 0.9571511745 0.0946699381
-199.7 -510.8 2365.4 0.9503102303 0.2777628601 0.1405639797 -0.1483615488 0.8010573983 -0.5799102187 -0.2736773491 0.5302403569 0.8024623990
91.9 -478.9 2738.6 0.9991960526 -0.0329647586 -0.0228171740 -0.0255603381 -0.0853440240 -0.9960236549 0.0308863707 0.9958060384 -0.0861179978
109.0 -434.7 2222.4 0.9991960526 0.0209173001 -0.0342018344 -0.0255603381 0.9896068573 -0.1415095478 0.0308863707 0.1422699988 0.9893459082
-69.0 -417.3 2422.3 0 0 0 0 0 0 0 0 0
10.9 -382.3 2470.9 0 0 0 0 0 0 0 0 0
-304.3 -812.5 2165.7 0 0 0 0 0 0 0 0 0
101.1 -807.3 2168.8 0 0 0 0 0 0 0 0 0
-30.8 87.5 2888.7 0 0.9985132217 -0.0541616939 -0.0061496478 0.0512111448 0.9707505703 -0.2345649451 0.0186742097 0.2339012772 0.9720810056
-19.7 -110.7 2840.9 0.9985132217 -0.0541616939 -0.0061496478 0.0512111448 0.9707505703 -0.2345649451 0.0186742097 0.2339012772 0.9720810056
-10.0 -299.1 2788.1 0.9987695217 -0.0494117700 -0.0042347335 0.0464297459 0.9616581798 -0.2702922225 0.0174279828 0.2697629929 0.9627690315
-161.8 -117.3 2838.5 -0.0494178124 -0.6902946830 -0.7218387127 0.6620747447 0.5184767842 -0.5411459208 0.7478067279 -0.5046533942 0.4314046800
-148.2 -299.2 2633.0 -0.2951456904 -0.6823658943 -0.6687793732 0.4701662362 0.5056222081 -0.7233878374 0.8317648172 -0.5279422402 0.1715931892
122.4 -104.1 2843.4 0.0055871774 0.6601864696 0.7510809898 -0.7515181899 0.4982672036 -0.4323773384 -0.6596887112 -0.5620352626 0.4989260435
123.8 -291.7 2678.8 -0.4367593527 0.6601864696 0.6110606194 -0.3540983498 0.4982672036 -0.7914190888 -0.8269556165 -0.5620352626 0.0161480755
-91.6 -494.4 2741.0 0.9513752460 0.2848690450 -0.1171954051 -0.1400031149 0.0609919243 -0.9882707596 -0.2743797898 0.9566240907 0.0979087651
-203.1 -518.3 2366.5 0.9513752460 0.2741134167 0.1405239105 -0.1400031149 0.7911417484 -0.5953938365 -0.2743797898 0.5467692018 0.7910494208
88.7 -484.2 2734.7 0.9988431334 -0.0404512472 -0.0260025598 -0.0297550019 -0.0951137096 -0.9950216413 0.0377766639 0.9946442246 -0.0962072983
109.5 -435.2 2221.9 0.9988431334 0.0237610321 -0.0418072939 -0.0297550019 0.9883651733 -0.1491606086 0.0377766639 0.1502320170 0.9879287481
-72.5 -419.9 2419.6 0 0 0 0 0 0 0 0 0
12.0 -382.4 2467.0 0 0 0 0 0 0 0 0 0
-306.3 -816.2 2160.6 0 0 0 0 0 0 0 0 0
100.6 -807.4 2165.3 0 0 0 0 0 0 0 0 0
-30.5 87.6 2897.5 1 0.9980469942 -0.0564435311 0.0267650448 0.0614626743 0.9638396502 -0.2592979670 -0.0111615183 0.2604365945 0.9654264450
-18.9 -109.7 2844.2 0.9980469942 -0.0564435311 0.0267650448 0.0614626743 0.9638396502 -0.2592979670 -0.0111615183 0.2604365945 0.9654264450
-9.2 -296.7 2787.2 0.9983494878 -0.0498810001 0.0284635350 0.0560019277 0.9553997517 -0.2899570167 -0.0127307083 0.2910724580 0.9566162825
-161.0 -117.7 2846.0 -0.0522756130 -0.7102065682 -0.7020497918 0.6393559575 0.5162383914 -0.5698437095 0.7671318054 -0.4786486328 0.4270881116
-145.9 -303.0 2623.7 -0.2812088132 -0.6926980019 -0.6641468406 0.5026938319 0.4831943214 -0.7168139219 0.8174475431 -0.5354369283 0.2123365253
123.2 -101.6 2842.4 -0.0091198469 0.6699314713 0.7423669100 -0.7578602433 0.4796950221 -0.4421996176 -0.6523531675 -0.5666431785 0.5033397079
121.0 -285.9 2683.8 -0.4297725558 0.6699314713 0.6053820252 -0.3717810512 0.4796950221 -0.7947776914 -0.8228453398 -0.5666431785 0.0429080836
-90.5 -491.6 2733.8 0.9490334988 0.2895402014 -0.1245065406 -0.1522680223 0.0753287300 -0.9854643941 -0.2759526372 0.9541970491 0.1155772060
-203.8 -521.1 2360.2 0.9490334988 0.2817730010 0.1412069201 -0.1522680223 0.8021783829 -0.5773424506 -0.2759526372 0.5264160037 0.8041991591
89.8 -483.2 2736.9 0.9987851381 -0.0380118266 -0.0313577615 -0.0347259156 -0.0914551318 -0.9952035546 0.0349616781 0.9950834513 -0.0926640183
109.4 -436.0 2223.5 0.9987851381 0.0284050647 -0.0402661227 -0.0347259156 0.9854857922 -0.1661680341 0.0349616781 0.1673644334 0.9852749705
-73.7 -431.9 2414.0 0 0 0 0 0 0 0 0 0
10.9 -381.1 2473.1 0 0 0 0 0 0 0 0 0
-309.9 -823.1 2162.0 0 0 0 0 0 0 0 0 0
98.7 -807.1 2160.5 0 0 0 0 0 0 0 0 0
-29.2 90.5 2890.9 2 0.9981276989 -0.0515160114 0.0329720043 0.0574934036 0.9741682410 -0.2183822244 -0.0208700988 0.2198690176 0.9753061533
-18.6 -109.9 2845.6 0.9981276989 -0.0515160114 0.0329720043 0.0574934036 0.9741682410 -0.2183822244 -0.0208700988 0.2198690176 0.9753061533
-10.3 -298.9 2795.4 0.9984896779 -0.0425316468 0.0347775146 0.0500289127 0.9654822350 -0.2556192577 -0.0227051638 0.2569730580 0.9661518335
-160.8 -117.1 2848.9 -0.0528990068 -0.7124650478 -0.6997107863 0.6345059276 0.5170842409 -0.5744790435 0.7711056471 -0.4743600190 0.4247100651
-145.4 -301.9 2624.3 -0.2623705268 -0.6963722706 -0.6680025458 0.5165158510 0.4833869338 -0.7067874074 0.8150908351 -0.5304740667 0.2328608334
123.6 -102.8 2842.4 -0.0008070326 0.6387948394 0.7693766952 -0.7506597638 0.5079316497 -0.4225107431 -0.6606884599 -0.5778811574 0.4791076481
123.4 -286.6 2680.7 -0.4451238513 0.6387948394 0.6275395751 -0.3686457276 0.5079316497 -0.7785279155 -0.8160668612 -0.5778811574 0.0093964813
-89.6 -488.9 2731.4 0.9492403865 0.3008587360 -0.0917973220 -0.1234627366 0.0879457816 -0.9884445071 -0.2893089652 0.9496049285 0.1206265241
-207.4 -523.3 2359.6 0.9492403865 0.2686176002 0.1636683047 -0.1234627366 0.7967393398 -0.5915769935 -0.2893089652 0.5413418412 0.7894614339
90.6 -478.7 2729.1 0.9989352226 -0.0365690589 -0.0281265266 -0.0311237965 -0.0841581970 -0.9959661961 0.0340544693 0.9957811236 -0.0852067545
109.1 -436.1 2224.7 0.9989352226 0.0250331443 -0.0387522802 -0.0311237965 0.9857111573 -0.1655439883 0.0340544693 0.1665738374 0.9854407310
-78.1 -434.4 2415.1 0 0 0 0 0 0 0 0 0
9.4 -381.0 2471.7 0 0 0 0 0 0 0 0 0
-308.6 -823.3 2155.7 0 0 0 0 0 0 0 0 0
99.7 -807.3 2161.9 0 0 0 0 0 0 0 0 0
-32.2 89.6 2889.1 3 0.9980486035 -0.0623228960 -0.0038536631 0.0601600893 0.9762750864 -0.2080089897 0.0167259574 0.2073712349 0.9781193137
-19.4 -110.6 2846.6 0.9980486035 -0.0623228960 -0.0038536631 0.0601600893 0.9762750864 -0.2080089897 0.0167259574 0.2073712349 0.9781193137
-7.9 -299.9 2798.4 0.9982513785 -0.0590944067 -0.0014183901 0.0569138452 0.9673446417 -0.2469922602 0.0159679335 0.2464796454 0.9690164328
-161.5 -118.7 2844.3 -0.0557580143 -0.6981620193 -0.7137652040 0.6453871131 0.5202528834 -0.5592963696 0.7618179321 -0.4918401241 0.4215764999
-145.8 -300.9 2629.2 -0.2360131592 -0.6917072535 -0.6825239062 0.5163799524 0.5057197213 -0.6910856366 0.8231947422 -0.5155469179 0.2378272563
122.7 -102.4 2848.8 -0.0100509459 0.6486791372 0.7609956264 -0.7443941832 0.5032874942 -0.4388382137 -0.6676647663 -0.5708914995 0.4778144658
120.2 -290.2 2680.4 -0.4461713433 0.6486791372 0.6165602207 -0.3562171757 0.5032874942 -0.7872807980 -0.8209996819 -0.5708914995 0.0065181986
-92.2 -492.4 2747.1 0.9526225924 0.2773331702 -0.1248860061 -0.1372488737 0.0255408995 -0.9902072549 -0.2714276016 0.9604342580 0.0623944998
-200.5 -502.3 2371.8 0.9526225924 0.2674953938 0.1447633058 -0.1372488737 0.8027959466 -0.5802425742 -0.2714276016 0.5328835845 0.8014749885
88.2 -483.3 2743.1 0.9990614653 -0.0388464481 -0.0191615000 -0.0225080289 -0.0876266807 -0.9958990812 0.0370080844 0.9953956604 -0.0884187967
108.5 -437.5 2223.0 0.9990614653 0.0165137239 -0.0400438085 -0.0225080289 0.9877825379 -0.1542045176 0.0370080844 0.1549610943 0.9872271419
-85.2 -433.4 2418.0 0 0 0 0 0 0 0 0 0
5.9 -381.5 2470.2 0 0 0 0 0 0 0 0 0
-301.3 -804.6 2171.2 0 0 0 0 0 0 0 0 0
102.3 -809.5 2164.7 0 0 0 0 0 0 0 0 0
-31.4 87.3 2888.7 4 0.9982517362 -0.0574157164 0.0140343765 0.0590845607 0.9757559896 -0.2107349485 -0.0015946296 0.2111957371 0.9774425030
-19.7 -112.0 2845.6 0.9982517362 -0.0574157164 0.0140343765 0.0590845607 0.9757559896 -0.2107349485 -0.0015946296 0.2111957371 0.9774425030
-9.0 -301.4 2797.2 0.9983531237 -0.0550611168 0.0161046591 0.0573328510 0.9674448967 -0.2465020716 -0.0020076905 0.2470194250 0.9690084457
-161.9 -120.2 2845.8 -0.0565794967 -0.7066748738 -0.7052725554 0.6438712478 0.5140519738 -0.5667277575 0.7630389929 -0.4861699045 0.4259228408
-145.9 -302.0 2630.3 -0.2412925363 -0.7019817233 -0.6700743437 0.4960929155 0.5042144060 -0.7068660855 0.8340681791 -0.5029806495 0.2265849710
122.5 -103.8 2845.3 0.0057001365 0.6421351433 0.7665702701 -0.7577377558 0.5030032396 -0.4157177210 -0.6525343060 -0.5784896016 0.4894372225
123.8 -285.7 2688.6 -0.4477587938 0.6421351433 0.6222335100 -0.3664199710 0.5030032396 -0.7827669978 -0.8156276345 -0.5784896016 0.0100670131
-86.5 -494.5 2748.7 0.9496574402 0.2856657803 -0.1286306530 -0.1377096474 0.0118353013 -0.9904019237 -0.2814015746 0.9582562447 0.0505784154
-198.2 -499.1 2373.9 0.9496574402 0.2734616399 0.1528709531 -0.1377096474 0.8026487827 -0.5803369284 -0.2814015746 0.5300694704 0.7998996973
93.8 -484.2 2751.6 0.9994663596 -0.0277092457 -0.0172969848 -0.0197692700 -0.0915878788 -0.9956007600 0.0260031521 0.9954113960 -0.0920867994
108.4 -435.7 2225.5 0.9994663596 0.0154737411 -0.0287671909 -0.0197692700 0.9876202941 -0.1556126922 0.0260031521 0.1560983509 0.9873991609
-84.0 -429.3 2416.3 0 0 0 0 0 0 0 0 0
9.2 -379.6 2479.7 0 0 0 0 0 0 0 0 0
-301.2 -801.4 2174.3 0 0 0 0 0 0 0 0 0
102.6 -807.7 2166.7 0 0 0 0 0 0 0 0 0
-32.0 88.2 2888.0 5 0.9985107183 -0.0494686328 -0.0230055526 0.0433119051 0.9751925468 -0.2170796990 0.0331734791 0.2157599926 0.9758827686
-21.8 -112.0 2843.7 0.9985107183 -0.0494686328 -0.0230055526 0.0433119051 0.9751925468 -0.2170796990 0.0331734791 0.2157599926 0.9758827686
-12.7 -301.3 2794.3 0.9986892343 -0.0465830415 -0.0212090295 0.0397024341 0.9665471911 -0.2533974349 0.0323035531 0.2522232533 0.9671297073
-164.0 -117.7 2839.1 -0.0648211986 -0.6791945696 -0.7310902476 0.6663547158 0.5158931613 -0.5383545756 0.7428119779 -0.5220622420 0.4191437066
-145.9 -303.3 2632.1 -0.2561748922 -0.6836203933 -0.6834014654 0.4793981612 0.5240676999 -0.7039392591 0.8393758535 -0.5079529881 0.1934733689
120.4 -106.4 2848.3 0.0228738114 0.5947547555 0.8035817146 -0.7383165956 0.5520004630 -0.3875359297 -0.6740663052 -0.5844333172 0.4517436326
126.0 -287.6 2682.8 -0.4612461627 0.5947547555 0.6584214568 -0.3611109555 0.5520004630 -0.7515945435 -0.8104633689 -0.5844333172 -0.0398356654
-88.4 -496.0 2749.1 0.9503353834 0.2781585455 -0.1396082044 -0.1486800611 0.0116805537 -0.9888163805 -0.2734170258 0.9604641795 0.0524570718
-197.3 -500.6 2373.1 0.9503353834 0.2780453265 0.1398335397 -0.1486800611 0.8003039360 -0.5808681846 -0.2734170258 0.5312291384 0.8018969893
92.0 -485.7 2748.7 0.9994506836 -0.0299862735 -0.0141137103 -0.0169802178 -0.0975981131 -0.9950810671 0.0284613017 0.9947740436 -0.0980536714
107.7 -434.4 2226.0 0.9994506836 0.0122700715 -0.0307866670 -0.0169802178 0.9873350263 -0.1577376872 0.0284613017 0.1581737995 0.9870010018
-80.2 -426.4 2416.7 0 0 0 0 0 0 0 0 0
7.9 -380.1 2475.3 0 0 0 0 0 0 0 0 0
-302.0 -802.0 2173.0 0 0 0 0 0 0 0 0 0
103.1 -806.3 2166.4 0 0 0 0 0 0 0 0 0
-32.3 85.1 2888.6 6 0.9984833598 -0.0549149141 -0.0039084037 0.0527258441 0.9742751718 -0.2191069424 0.0158401001 0.2185685635 0.9756930470
-21.1 -114.1 2843.9 0.9984833598 -0.0549149141 -0.0039084037 0.0527258441 0.9742751718 -0.2191069424 0.0158401001 0.2185685635 0.9756930470
-11.1 -303.5 2795.2 0.9987049699 -0.0508258939 -0.0022653686 0.0486576147 0.9672097564 -0.2492743731 0.0148606794 0.2488413304 0.9684302807
-163.3 -121.0 2841.8 -0.0652553588 -0.6936500669 -0.7173502445 0.6467040777 0.5180798173 -0.5597921014 0.7599444985 -0.5004427433 0.4147788286
-144.7 -305.0 2625.6 -0.2550957799 -0.6905822158 -0.6767734885 0.4882411659 0.5121475458 -0.7066296339 0.8345937729 -0.5106869340 0.2065239698
121.2 -107.2 2846.0 0.0187376197 0.5731859803 0.8192110658 -0.7372481227 0.5613794327 -0.3759233356 -0.6753622293 -0.5969178677 0.4330991805
125.8 -289.9 2678.7 -0.4779461622 0.5731859803 0.6656014323 -0.3626711071 0.5613794327 -0.7438566685 -0.8000231981 -0.5969178677 -0.0604311600
-93.7 -494.1 2742.0 0.9519598484 0.2766759992 -0.1312356293 -0.1504083425 0.0491567440 -0.9874011278 -0.2667390704 0.9597051740 0.0884096250
-202.0 -513.4 2366.4 0.9519598484 0.2763348222 0.1319525391 -0.1504083425 0.7972843051 -0.5845640302 -0.2667390704 0.5366347432 0.8005456924
86.6 -487.0 2747.8 0.9989636540 -0.0410575904 -0.0196436215 -0.0236750618 -0.1001316458 -0.9946925044 0.0388727263 0.9941267371 -0.1009999216
108.1 -434.6 2227.5 0.9989636540 0.0161130745 -0.0425671972 -0.0236750618 0.9827129841 -0.1836155206 0.0388727263 0.1844330132 0.9820760489
-79.2 -430.4 2411.4 0 0 0 0 0 0 0 0 0
3.4 -382.7 2473.9 0 0 0 0 0 0 0 0 0
-306.1 -813.7 2164.3 0 0 0 0 0 0 0 0 0
102.0 -804.6 2158.1 0 0 0 0 0 0 0 0 0
-32.2 88.1 2888.0 7 0.9975333810 -0.0692329779 0.0115727680 0.0701180026 0.9751768708 -0.2100322992 0.0032556653 0.2103256881 0.9776259661
-18.0 -112.0 2844.8 0.9975333810 -0.0692329779 0.0115727680 0.0701180026 0.9751768708 -0.2100322992 0.0032556653 0.2103256881 0.9776259661
-5.3 -301.7 2797.7 0.9978216290 -0.0645418316 0.0136497868 0.0659298748 0.9684794545 -0.2402099520 0.0022840528 0.2405866235 0.9706249833
-160.1 -121.4 2844.5 -0.0525476448 -0.7097058892 -0.7025355697 0.6417561173 0.5150033236 -0.5682610869 0.7651064396 -0.4807173014 0.4283958972
-145.1 -304.2 2626.5 -0.2193421572 -0.7063844800 -0.6729858518 0.5063407421 0.5072004199 -0.6974000335 0.8339712620 -0.4937293828 0.2464208007
124.2 -102.6 2845.1 0.0005442658 0.5877501369 0.8090423346 -0.7447637916 0.5401349664 -0.3918942511 -0.6673279405 -0.6023321152 0.4380289912
124.3 -291.8 2675.6 -0.4808410108 0.5877501369 0.6506471634 -0.3655272722 0.5401349664 -0.7580527663 -0.7969828844 -0.6023321152 -0.0448803492
-91.3 -497.3 2745.1 0.9511798024 0.2799828053 -0.1298713237 -0.1413563788 0.0211348366 -0.9897331595 -0.2743634582 0.9597723484 0.0596803911
-200.9 -505.6 2369.5 0.9511798024 0.2715771198 0.1466383636 -0.1413563788 0.8056862354 -0.5752286911 -0.2743634582 0.5264176726 0.8047416806
89.1 -488.6 2747.8 0.9991776943 -0.0365424864 -0.0175661705 -0.0213826541 -0.1068193391 -0.9940484762 0.0344485976 0.9936066866 -0.1075128764
108.2 -432.7 2228.0 0.9991776943 0.0149629610 -0.0376833305 -0.0213826541 0.9841226935 -0.1761967540 0.0344485976 0.1768576503 0.9836333990
-88.9 -434.1 2412.6 0 0 0 0 0 0 0 0 0
1.2 -385.4 2471.5 0 0 0 0 0 0 0 0 0
-303.2 -809.1 2171.2 0 0 0 0 0 0 0 0 0
102.6 -803.3 2161.4 0 0 0 0 0 0 0 0 0
-32.0 83.9 2899.1 8 0.9967194796 -0.0663465410 0.0463509373 0.0756978244 0.9668594003 -0.2438293695 -0.0286376029 0.2465381473 0.9687098861
-18.5 -112.9 2848.9 0.9967194796 -0.0663465410 0.0463509373 0.0756978244 0.9668594003 -0.2438293695 -0.0286376029 0.2465381473 0.9687098861
-5.3 -300.6 2794.9 0.9965326190 -0.0676886663 0.0483841710 0.0783827901 0.9588039517 -0.2730405629 -0.0279091839 0.2758862972 0.9607850313
-160.4 -124.1 2852.9 -0.0576920584 -0.7297207117 -0.6813070774 0.6269572973 0.5046025515 -0.5935493708 0.7769145370 -0.4613935351 0.4283921719
-144.0 -302.2 2632.3 -0.1859823763 -0.7307434082 -0.6568292379 0.4958735108 0.5073079467 -0.7048036456 0.8482452631 -0.4567852616 0.2680059373
123.4 -101.7 2845.0 -0.0123498989 0.6355899572 0.7719280124 -0.7555634379 0.4997266531 -0.4235529602 -0.6549590230 -0.5884714127 0.4740569890
120.4 -288.7 2682.9 -0.4542240798 0.6355899572 0.6242642403 -0.3742969334 0.4997266531 -0.7811370492 -0.8084443808 -0.5884714127 0.0109114936
-82.8 -497.3 2750.3 0.9486073852 0.3007270098 -0.0985253751 -0.1093482673 0.0193282366 -0.9938155413 -0.2969628572 0.9535143971 0.0512188859
-200.5 -504.8 2377.1 0.9486073852 0.2653189003 0.1724814922 -0.1093482673 0.7862854004 -0.6081104279 -0.2969628572 0.5579974651 0.7748882771
97.5 -485.4 2750.7 0.9996840954 -0.0189020447 -0.0165648293 -0.0183914173 -0.1009531692 -0.9947211742 0.0171299912 0.9947115779 -0.1012689173
107.4 -432.4 2229.3 0.9996840954 0.0150011936 -0.0201654397 -0.0183914173 0.9834712148 -0.1801282316 0.0171299912 0.1804422140 0.9834364057
-96.3 -429.3 2414.7 0 0 0 0 0 0 0 0 0
4.1 -384.5 2475.9 0 0 0 0 0 0 0 0 0
-300.4 -800.8 2167.0 0 0 0 0 0 0 0 0 0
101.7 -802.8 2161.4 0 0 0 0 0 0 0 0 0
-30.2 87.5 2903.7 9 0.9981871843 -0.0584770888 0.0142418146 0.0601812154 0.9666598439 -0.2488914579 0.0007874577 0.2492973506 0.9684266448
-18.3 -109.6 2852.9 0.9981871843 -0.0584770888 0.0142418146 0.0601812154 0.9666598439 -0.2488914579 0.0007874577 0.2492973506 0.9684266448
-7.0 -297.3 2798.2 0.9982044697 -0.0577112958 0.0160388779 0.0598943830 0.9585180879 -0.2786678374 0.0007087270 0.2791281044 0.9602535963
-160.4 -118.2 2852.8 -0.0489249416 -0.7067790627 -0.7057405114 0.6411993504 0.5195368528 -0.5647520423 0.7658131719 -0.4801507890 0.4277679622
-146.6 -299.3 2636.5 -0.1769692153 -0.7122157812 -0.6792868376 0.4914650917 0.5340268016 -0.6879516244 0.8527273536 -0.4555920362 0.2555228770
123.9 -101.1 2853.0 -0.0177752674 0.6207884550 0.7837765813 -0.7412813306 0.5178657770 -0.4269859791 -0.6709590554 -0.5885887146 0.4509736896
119.3 -290.1 2681.9 -0.4545381367 0.6207884550 0.6387618780 -0.3739548922 0.5178657770 -0.7693976760 -0.8084261417 -0.5885887146 -0.0032428703
-82.2 -495.3 2743.4 0.9477059245 0.3029831648 -0.1002732590 -0.1170394346 0.0376470722 -0.9924134612 -0.2969095707 0.9522520304 0.0711393282
-200.8 -510.1 2370.6 0.9477059245 0.2700685859 0.1700484455 -0.1170394346 0.7898081541 -0.6020838022 -0.2969095707 0.5506960154 0.7801144719
97.8 -481.1 2738.4 0.9997311234 -0.0172471609 -0.0154972533 -0.0170708131 -0.0951807126 -0.9953136444 0.0156912934 0.9953106046 -0.0954495519
106.6 -432.4 2229.7 0.9997311234 0.0138658118 -0.0185840968 -0.0170708131 0.9825459719 -0.1852350682 0.0156912934 0.1855025142 0.9825184941
-101.2 -425.4 2417.6 0 0 0 0 0 0 0 0 0
2.9 -385.9 2474.9 0 0 0 0 0 0 0 0 0
-302.5 -807.4 2163.2 0 0 0 0 0 0 0 0 0
101.4 -802.5 2159.9 0 0 0 0 0 0 0 0 0
-31.7 86.7 2895.0 0 0.9972386956 -0.0604816973 0.0430925637 0.0687786713 0.9710490108 -0.2287647873 -0.0280089080 0.2310969383 0.9725275040
-19.4 -111.1 2847.9 0.9972386956 -0.0604816973 0.0430925637 0.0687786713 0.9710490108 -0.2287647873 -0.0280089080 0.2310969383 0.9725275040
-8.1 -299.7 2796.6 0.9973300099 -0.0575387627 0.0449687019 0.0672821403 0.9633921981 -0.2595160604 -0.0283902623 0.2618487477 0.9646912813
-161.4 -120.6 2852.0 -0.0486630537 -0.7241667509 -0.6879058480 0.6373507977 0.5077662468 -0.5796183348 0.7690356970 -0.4666433334 0.4368387759
-147.9 -297.4 2638.6 -0.1720776707 -0.7290306091 -0.6624980569 0.4882076085 0.5210118890 -0.7001428008 0.8555948734 -0.4439155161 0.2662637532
122.6 -101.5 2843.9 -0.0085480511 0.6607625484 0.7505463362 -0.7650636435 0.4789889753 -0.4304035306 -0.6438979506 -0.5778948069 0.5014309883
120.5 -287.5 2687.3 -0.4437589943 0.6607625484 0.6053683162 -0.3716596663 0.4789889753 -0.7952601314 -0.8154428601 -0.5778948069 0.0330231301
-85.9 -490.4 2743.4 0.9499441385 0.2960821092 -0.0997069553 -0.1214988083 0.0560889542 -0.9910055995 -0.2878265679 0.9535142183 0.0892549977
-201.8 -512.3 2370.1 0.9499441385 0.2687371373 0.1593312025 -0.1214988083 0.7876210809 -0.6040621400 -0.2878265679 0.5544667840 0.7808472514
94.4 -479.5 2743.6 0.9994834065 -0.0266393479 -0.0179807805 -0.0203075130 -0.0898158252 -0.9957513213 0.0249112081 0.9956020713 -0.0903104022
108.2 -433.1 2228.8 0.9994834065 0.0152119771 -0.0283118188 -0.0203075130 0.9816799760 -0.1894519180 0.0249112081 0.1899289787 0.9814817309
-103.7 -422.7 2419.0 0 0 0 0 0 0 0 0 0
6.9 -382.7 2478.5 0 0 0 0 0 0 0 0 0
-303.0 -808.9 2161.3 0 0 0 0 0 0 0 0 0
102.4 -802.8 2157.3 0 0 0 0 0 0 0 0 0
-32.5 86.2 2902.1 1 0.9981247783 -0.0600462854 0.0118910084 0.0611227117 0.9671677947 -0.2466787845 0.0033115437 0.2469430119 0.9690243602
-20.2 -110.8 2851.8 0.9981247783 -0.0600462854 0.0118910084 0.0611227117 0.9671677947 -0.2466787845 0.0033115437 0.2469430119 0.9690243602
-9.3 -298.6 2797.7 0.9983644485 -0.0555170923 0.0136482129 0.0571267456 0.9594658613 -0.2759743035 0.0022262966 0.2763026059 0.9610680938
-162.4 -118.9 2851.5 -0.0591335036 -0.7041993737 -0.7075355053 0.6401709914 0.5170893669 -0.5681546330 0.7659531832 -0.4865406752 0.4202307165
-145.9 -297.4 2637.9 -0.1638196856 -0.7129687667 -0.6817907691 0.4892599285 0.5414168239 -0.6837342381 0.8566141725 -0.4455820322 0.2601323128
121.9 -102.7 2852.1 -0.0222217813 0.6514713168 0.7583477497 -0.7452420592 0.4948364496 -0.4469352961 -0.6664236188 -0.5750843287 0.4745076895
116.3 -290.0 2684.6 -0.4390892386 0.6514713168 0.6186968088 -0.3722349107 0.4948364496 -0.7852248549 -0.8177052140 -0.5750843287 0.0252230186
-86.9 -494.4 2747.9 0.9506995678 0.2895632684 -0.1110110730 -0.1238975227 0.0264980700 -0.9919411540 -0.2842881382 0.9567919970 0.0610678755
-200.2 -504.7 2373.4 0.9506995678 0.2673885226 0.1570787281 -0.1238975227 0.7918359041 -0.5980345011 -0.2842881382 0.5490894914 0.7859268188
93.3 -482.2 2742.8 0.9991632700 -0.0313945524 -0.0262123160 -0.0290833358 -0.0947886631 -0.9950724840 0.0287552271 0.9950022697 -0.0956224129
109.5 -433.3 2228.7 0.9991632700 0.0227909517 -0.0339599177 -0.0290833358 0.9797357917 -0.1981716156 0.0287552271 0.1989934593 0.9795788527
-103.8 -423.0 2418.0 0 0 0 0 0 0 0 0 0
3.9 -385.4 2475.2 0 0 0 0 0 0 0 0 0
-300.9 -802.9 2166.6 0 0 0 0 0 0 0 0 0
100.9 -802.2 2153.7 0 0 0 0 0 0 0 0 0
-30.4 85.3 2906.2 2 0.9985049963 -0.0410620719 0.0360792987 0.0492751151 0.9618859291 -0.2689747214 -0.0236595087 0.2703504264 0.9624712467
-22.0 -111.1 2851.0 0.9985049963 -0.0410620719 0.0360792987 0.0492751151 0.9618859291 -0.2689747214 -0.0236595087 0.2703504264 0.9624712467
-15.2 -298.0 2793.3 0.9987085462 -0.0347572304 0.0370561667 0.0441285446 0.9548875093 -0.2936707437 -0.0251772888 0.2949267328 0.9551880956
-164.2 -117.4 2854.6 -0.0628388077 -0.7091155648 -0.7022865415 0.6353285909 0.5142570734 -0.5761052370 0.7696810365 -0.4823845029 0.4182060957
-146.4 -297.0 2637.0 -0.1824385971 -0.7150641680 -0.6748328805 0.4888432622 0.5295405388 -0.6932669878 0.8530817032 -0.4563661516 0.2529456615
120.2 -104.8 2847.4 -0.0119978562 0.6416373253 0.7669143677 -0.7522304654 0.4995171726 -0.4296881557 -0.6587908268 -0.5820516944 0.4766660035
117.3 -286.8 2688.0 -0.4346359074 0.6416373253 0.6319755912 -0.3884705007 0.4995171726 -0.7743211389 -0.8125160336 -0.5820516944 0.0321490690
-88.5 -491.6 2743.4 0.9510018229 0.2977277935 -0.0833887160 -0.1075030640 0.0655311570 -0.9920427203 -0.2898941040 0.9523990154 0.0943268985
-205.0 -517.3 2370.8 0.9510018229 0.2602675259 0.1669021398 -0.1075030640 0.7844778299 -0.6107680202 -0.2898941040 0.5628990531 0.7740194201
91.8 -481.4 2743.8 0.9991662502 -0.0333717018 -0.0235181823 -0.0265607499 -0.0938700363 -0.9952300787 0.0310048703 0.9950249791 -0.0946781486
109.0 -433.0 2231.2 0.9991662502 0.0196785014 -0.0357705466 -0.0265607499 0.9787167907 -0.2034893483 0.0310048703 0.2042697966 0.9784234762
-99.6 -422.5 2418.0 0 0 0 0 0 0 0 0 0
6.0 -386.2 2480.0 0 0 0 0 0 0 0 0 0
-303.0 -812.7 2158.8 0 0 0 0 0 0 0 0 0
101.6 -801.6 2154.2 0 0 0 0 0 0 0 0 0
-30.8 86.8 2907.7 3 0.9978318214 -0.0398884378 0.0523502678 0.0523913056 0.9628283978 -0.2649841309 -0.0398345217 0.2671523094 0.9628306627
-22.7 -109.7 2853.2 0.9978318214 -0.0398884378 0.0523502678 0.0523913056 0.9628283978 -0.2649841309 -0.0398345217 0.2671523094 0.9628306627
-15.9 -296.7 2795.5 0.9979801178 -0.0343826041 0.0534180626 0.0485617891 0.9550142288 -0.2925569117 -0.0409561396 0.2945600748 0.9547549486
-164.8 -116.7 2859.1 -0.0631572381 -0.7189262509 -0.6922110915 0.6276904941 0.5106205940 -0.5875979066 0.7758967876 -0.4716053605 0.4190137982
-146.5 -298.5 2634.3 -0.1835135520 -0.7224705219 -0.6666026711 0.4914434850 0.5198663473 -0.6987290382 0.8513554335 -0.4558238089 0.2596509159
119.5 -102.8 2847.4 -0.0141481915 0.6429192424 0.7658032775 -0.7505117655 0.4992437065 -0.4329986274 -0.6607056260 -0.5808705091 0.4754550755
115.9 -291.3 2681.4 -0.4415624738 0.6429192424 0.6258413792 -0.3780809343 0.4992437065 -0.7796220183 -0.8136813641 -0.5808705091 0.0226282291
-98.6 -488.9 2737.9 0.9551274180 0.2782438695 -0.1015480161 -0.1309907436 0.0893069878 -0.9873528481 -0.2656559348 0.9563496113 0.1217469200
-207.5 -523.9 2363.7 0.9551274180 0.2623161376 0.1375568360 -0.1309907436 0.7906144857 -0.5981389284 -0.2656559348 0.5532802343 0.7894985080
81.8 -480.9 2733.3 0.9981693625 -0.0545369983 -0.0261466466 -0.0312184952 -0.0943225622 -0.9950520992 0.0518009327 0.9940467477 -0.0958524495
109.4 -433.2 2230.6 0.9981693625 0.0204286855 -0.0569262691 -0.0312184952 0.9801767468 -0.1956499666 0.0518009327 0.1970689595 0.9790201783
-99.4 -424.7 2415.7 0 0 0 0 0 0 0 0 0
2.9 -388.1 2473.1 0 0 0 0 0 0 0 0 0
-306.3 -821.6 2155.3 0 0 0 0 0 0 0 0 0
101.7 -802.4 2156.4 0 0 0 0 0 0 0 0 0
-29.8 85.4 2907.5 4 0.9986427426 -0.0447302423 0.0266808476 0.0502520949 0.9621441364 -0.2678682506 -0.0136890085 0.2688454688 0.9630860686
-20.7 -110.9 2852.6 0.9986427426 -0.0447302423 0.0266808476 0.0502520949 0.9621441364 -0.2678682506 -0.0136890085 0.2688454688 0.9630860686
-12.8 -297.9 2794.8 0.9987978935 -0.0403281897 0.0278647989 0.0467566438 0.9544926286 -0.2945464551 -0.0147182206 0.2954952121 0.9552308321
-162.9 -117.6 2854.7 -0.0599550083 -0.7057885528 -0.7058809400 0.6385310292 0.5164287686 -0.5705957413 0.7672571540 -0.4849369526 0.4197053909
-146.4 -294.1 2642.7 -0.1560242027 -0.7133288383 -0.6832410693 0.5010537505 0.5389534235 -0.6771073341 0.8512353301 -0.4479856491 0.2733263075
