114.6 -5.7 2970.8 2 0.9993972182 -0.0018932216 0.0346640721 0.0191073082 0.8636606336 -0.5037114024 -0.0289843585 0.5040701032 0.8631762266
115.0 -178.9 2869.7 0.9993972182 -0.0018932216 0.0346640721 0.0191073082 0.8636606336 -0.5037114024 -0.0289843585 0.5040701032 0.8631762266
116.0 -341.9 2764.5 0.9993811250 -0.0050007482 0.0348187611 0.0230851006 0.8400999308 -0.5419402122 -0.0265411306 0.5424086452 0.8396954536
-21.5 -182.0 2873.4 0.3787586093 -0.9159641266 -0.1324826926 0.9178171754 0.3533468843 0.1809906065 -0.1189685538 -0.1901466399 0.9745207429
-109.5 -395.3 2901.0 0.2088877261 -0.9159641266 -0.3426013291 0.8244944215 0.3533468843 -0.4419897795 0.5259038806 -0.1901466399 0.8290171027
251.5 -175.7 2866.1 0.5162335634 0.7403121591 0.4306284189 -0.8349085450 0.3229532540 0.4456780255 0.1908680052 -0.5896093249 0.7848122716
379.0 -381.9 2913.2 -0.2294827998 0.7403121591 0.6318825483 -0.7029674649 0.3229532540 -0.6336702108 -0.6731823087 -0.5896093249 0.4463031292
25.4 -512.5 2655.3 0.9687740207 0.2464537770 -0.0271557588 -0.0211707130 -0.0269024242 -0.9994138479 -0.2470398843 0.9687811136 -0.0208447687
-85.3 -500.5 2220.3 0.9687740207 0.0328117050 0.2457647026 -0.0211707130 0.9985318184 -0.0498602651 -0.2470398843 0.0431003161 0.9680463076
204.3 -507.7 2648.6 0.9689061046 -0.2436868995 0.0428681113 0.0448873453 0.0027366255 -0.9989883304 0.2433230579 0.9698501229 0.0135899913
307.9 -508.9 2236.3 0.9689061046 -0.0520647056 -0.2418889105 0.0448873453 0.9983754754 -0.0350925773 0.2433230579 0.0231436603 0.9696691632
-162.5 -604.5 2767.6 0 0 0 0 0 0 0 0 0
320.7 -560.3 2742.4 0 0 0 0 0 0 0 0 0
-97.5 -873.1 2204.2 0 0 0 0 0 0 0 0 0
327.3 -881.4 2227.7 0 0 0 0 0 0 0 0 0
109.0 -9.8 2974.9 3 0.9972269535 -0.0186481550 0.0720459446 0.0527154319 0.8603485227 -0.5069729090 -0.0525305122 0.5093649626 0.8589457870
112.7 -182.3 2872.8 0.9972269535 -0.0186481550 0.0720459446 0.0527154319 0.8603485227 -0.5069729090 -0.0525305122 0.5093649626 0.8589457870
116.0 -344.5 2766.3 0.9972022772 -0.0167151503 0.0728571564 0.0538986139 0.8361220956 -0.5458889604 -0.0517928638 0.5482886434 0.8346838355
-23.4 -189.6 2879.8 0.3838804662 -0.9177955389 -0.1014254466 0.9178752303 0.3673028052 0.1503121555 -0.1007019728 -0.1507977992 0.9834221601
-109.2 -394.9 2902.4 0.2307846099 -0.9177955389 -0.3230940998 0.8025395274 0.3673028052 -0.4701265693 0.5501534343 -0.1507977992 0.8213350177
248.9 -174.9 2865.7 0.5461083651 0.7147782445 0.4368726015 -0.8199495077 0.3492542505 0.4535463154 0.1716054380 -0.6058989167 0.7768127322
383.6 -377.2 2908.1 -0.2251312137 0.7147782445 0.6621238589 -0.7053447962 0.3492542505 -0.6168550849 -0.6721642017 -0.6058989167 0.4255370796
27.5 -507.0 2661.6 0.9690186977 0.2454761714 -0.0272806082 -0.0245531015 -0.0141652497 -0.9995981455 -0.2457639724 0.9692991376 -0.0076991906
-84.6 -500.6 2218.9 0.9690186977 0.0338415131 0.2446579933 -0.0245531015 0.9988608360 -0.0409164913 -0.2457639724 0.0336417332 0.9687457085
206.5 -502.9 2656.8 0.9716171026 -0.2332065254 0.0396850370 0.0438592881 0.0127389599 -0.9989565015 0.2324576229 0.9723438025 0.0226056632
306.8 -508.4 2238.4 0.9716171026 -0.0526686683 -0.2306213230 0.0438592881 0.9981048703 -0.0431634858 0.2324576229 0.0318234935 0.9720857739
-167.8 -598.4 2762.8 0 0 0 0 0 0 0 0 0
326.5 -556.2 2737.5 0 0 0 0 0 0 0 0 0
-97.3 -873.4 2206.4 0 0 0 0 0 0 0 0 0
326.5 -880.9 2226.6 0 0 0 0 0 0 0 0 0
107.9 -6.4 2976.9 4 0.9961088896 -0.0141962478 0.0869804546 0.0566603690 0.8590979576 -0.5086652040 -0.0675035939 0.5116142631 0.8565594554
110.7 -177.9 2874.8 0.9961088896 -0.0141962478 0.0869804546 0.0566603690 0.8590979576 -0.5086652040 -0.0675035939 0.5116142631 0.8565594554
113.9 -340.4 2768.7 0.9960264564 -0.0160476714 0.0876003057 0.0612835884 0.8372136950 -0.5434312820 -0.0646193698 0.5466403961 0.8348704576
-25.3 -186.3 2883.6 0.3696687520 -0.9175424576 -0.1464952081 0.9275794625 0.3552201986 0.1158231273 -0.0542345829 -0.1787021458 0.9824073315
-110.8 -400.8 2896.2 0.2195570618 -0.9175424576 -0.3315275609 0.8272721767 0.3552201986 -0.4352463186 0.5171222687 -0.1787021458 0.8370484710
246.8 -169.5 2866.0 0.5544525981 0.7043330073 0.4432801604 -0.8153943419 0.3532166481 0.4586611688 0.1664762795 -0.6157540083 0.7701510191
383.6 -370.8 2907.1 -0.2283530235 0.7043330073 0.6721383333 -0.7085752487 0.3532166481 -0.6108675003 -0.6676645875 -0.6157540083 0.4184148610
29.9 -511.6 2664.5 0.9676275253 0.2513982058 -0.0222691596 -0.0171718001 -0.0224518478 -0.9996004701 -0.2517977357 0.9676232934 -0.0174080655
-85.8 -501.3 2218.9 0.9676275253 0.0277992971 0.2508468926 -0.0171718001 0.9988636971 -0.0444566086 -0.2517977357 0.0387099460 0.9670053720
208.5 -502.0 2655.3 0.9725737572 -0.2282387018 0.0448042266 0.0484206304 0.0102670006 -0.9987742901 0.2274989337 0.9735510945 0.0210368764
305.5 -506.3 2241.2 0.9725737572 -0.0619090237 -0.2242043614 0.0484206304 0.9966985583 -0.0651726723 0.2274989337 0.0525291152 0.9723604918
-166.4 -610.5 2765.1 0 0 0 0 0 0 0 0 0
325.6 -550.6 2737.6 0 0 0 0 0 0 0 0 0
-96.2 -874.1 2204.4 0 0 0 0 0 0 0 0 0
328.6 -878.3 2221.6 0 0 0 0 0 0 0 0 0
111.0 -6.7 2976.4 5 0.9985438585 -0.0002967152 0.0539451130 0.0278969351 0.8587355018 -0.5116592050 -0.0461727679 0.5124190450 0.8574933410
111.1 -178.1 2874.1 0.9985438585 -0.0002967152 0.0539451130 0.0278969351 0.8587355018 -0.5116592050 -0.0461727679 0.5124190450 0.8574933410
112.1 -340.1 2767.3 0.9985219836 -0.0054727029 0.0540735237 0.0343252905 0.8348847032 -0.5493534803 -0.0421387106 0.5503976345 0.8338385820
-25.3 -182.8 2879.9 0.3627318144 -0.9238613248 -0.1220897809 0.9275095463 0.3452203870 0.1433490813 -0.0902867913 -0.1652367115 0.9821125865
-110.4 -400.5 2901.1 0.2130306214 -0.9238613248 -0.3179595172 0.8225110769 0.3452203870 -0.4519937634 0.5273456573 -0.1652367115 0.8334286809
247.4 -173.4 2868.4 0.5281715393 0.7273166180 0.4382298291 -0.8310224414 0.3367128074 0.4427484274 0.1744607091 -0.5980259180 0.7822585702
377.7 -378.5 2911.4 -0.2324059755 0.7273166180 0.6457538009 -0.6990545392 0.3367128074 -0.6308305860 -0.6762471795 -0.5980259180 0.4301799238
27.8 -508.4 2668.3 0.9698117375 0.2423335314 -0.0271956548 -0.0245267227 -0.0140240379 -0.9996008277 -0.2426181734 0.9700916409 -0.0076570292
-84.4 -501.9 2219.2 0.9698117375 0.0361183584 0.2411651015 -0.0245267227 0.9984027147 -0.0508961082 -0.2426181734 0.0434446521 0.9691485763
206.2 -497.4 2656.8 0.9714860916 -0.2334025800 0.0416893177 0.0469207093 0.0169037543 -0.9987555742 0.2324074358 0.9722332358 0.0273731761
306.7 -504.7 2238.0 0.9714860916 -0.0560132749 -0.2303850651 0.0469207093 0.9978951812 -0.0447622687 0.2324074358 0.0326760933 0.9720695019
-164.4 -609.2 2767.3 0 0 0 0 0 0 0 0 0
318.7 -555.9 2739.8 0 0 0 0 0 0 0 0 0
-97.9 -874.6 2203.0 0 0 0 0 0 0 0 0 0
327.6 -877.0 2225.8 0 0 0 0 0 0 0 0 0
111.2 -6.5 2965.7 6 0.9976929426 0.0071003782 0.0675155148 0.0261000134 0.8779619336 -0.4780184329 -0.0626701638 0.4786777794 0.8757511377
109.8 -182.1 2870.0 0.9976929426 0.0071003782 0.0675155148 0.0261000134 0.8779619336 -0.4780184329 -0.0626701638 0.4786777794 0.8757511377
109.1 -348.3 2770.1 0.9977265000 0.0037084310 0.0672906712 0.0314878449 0.8571450710 -0.5141116381 -0.0595844202 0.5150616765 0.8550796509
-26.5 -186.3 2878.1 0.3641916215 -0.9225586653 -0.1274753660 0.9267390370 0.3454227746 0.1477762312 -0.0922993422 -0.1719552726 0.9807712436
-109.7 -398.0 2899.2 0.2121277452 -0.9225586653 -0.3223155737 0.8262939453 0.3454227746 -0.4448835552 0.5217663050 -0.1719552726 0.8355784416
246.0 -177.8 2861.8 0.5310481191 0.7173990607 0.4509173334 -0.8232641816 0.3108773530 0.4749645889 0.2005591840 -0.6234531403 0.7556998134
377.0 -381.0 2911.3 -0.2436342835 0.7173990607 0.6526721120 -0.7264504433 0.3108773530 -0.6128825545 -0.6425823569 -0.6234531403 0.4454145133
23.8 -505.2 2664.2 0.9710987210 0.2372873425 -0.0257283188 -0.0248940773 -0.0065119029 -0.9996688962 -0.2373763174 0.9714176655 -0.0004166510
-84.8 -502.3 2219.7 0.9710987210 0.0357416160 0.2359867990 -0.0248940773 0.9984988570 -0.0487881415 -0.2373763174 0.0415034294 0.9705307484
202.6 -499.1 2656.6 0.9689797759 -0.2443172336 0.0372456014 0.0423293561 0.0155887604 -0.9989820719 0.2434879392 0.9695700407 0.0254469849
307.9 -505.8 2238.9 0.9689797759 -0.0525218248 -0.2414945215 0.0423293561 0.9979879260 -0.0472054407 0.2434879392 0.0355188102 0.9692533612
-163.5 -607.6 2766.8 0 0 0 0 0 0 0 0 0
315.2 -565.2 2748.4 0 0 0 0 0 0 0 0 0
-98.1 -875.0 2204.2 0 0 0 0 0 0 0 0 0
327.5 -878.3 2225.6 0 0 0 0 0 0 0 0 0
109.3 -8.1 2972.3 7 0.9966650605 0.0004376287 0.0816001669 0.0399734527 0.8691686988 -0.4928974807 -0.0711400136 0.4945155382 0.8662525415
109.3 -181.4 2873.7 0.9966650605 0.0004376287 0.0816001669 0.0399734527 0.8691686988 -0.4928974807 -0.0711400136 0.4945155382 0.8662525415
109.3 -345.8 2770.7 0.9966659546 0.0000197570 0.0815905035 0.0433012284 0.8474228382 -0.5291498303 -0.0691521093 0.5309185982 0.8445966244
-26.9 -187.3 2883.2 0.3646539450 -0.9158287048 -0.1681823134 0.9283916354 0.3437217772 0.1412242949 -0.0715293363 -0.2076370567 0.9755871892
-110.1 -399.1 2899.5 0.1968517005 -0.9158287048 -0.3500103056 0.8349494338 0.3437217772 -0.4297846258 0.5139152408 -0.2076370567 0.8323328495
245.4 -175.5 2864.3 0.5416029096 0.7076458931 0.4537660480 -0.8211664557 0.3298664987 0.4656969905 0.1798663586 -0.6248403192 0.7597517371
379.0 -378.1 2908.7 -0.2428268790 0.7076458931 0.6635302901 -0.7169289589 0.3298664987 -0.6141668558 -0.6534890532 -0.6248403192 0.4272313714
19.1 -517.3 2675.5 0.9741647243 0.2240853012 -0.0280873384 -0.0217481740 -0.0307076983 -0.9992917776 -0.2247890979 0.9740856290 -0.0250409096
-85.8 -502.9 2219.4 0.9741647243 0.0307868961 0.2237304002 -0.0217481740 0.9988489151 -0.0427530445 -0.2247890979 0.0367827788 0.9737129211
197.8 -511.7 2664.8 0.9675043821 -0.2490483224 0.0437053069 0.0410999581 -0.0156540982 -0.9990323782 0.2494915128 0.9683645368 -0.0049095321
307.7 -504.8 2237.5 0.9675043821 -0.0522276051 -0.2474014908 0.0410999581 0.9979065061 -0.0499345064 0.2494915128 0.0381436646 0.9676254392
-160.0 -611.0 2769.1 0 0 0 0 0 0 0 0 0
317.4 -560.0 2742.9 0 0 0 0 0 0 0 0 0
-97.3 -875.8 2205.7 0 0 0 0 0 0 0 0 0
327.2 -877.3 2223.3 0 0 0 0 0 0 0 0 0
107.3 -9.0 2975.7 8 0.9927369356 0.0069868756 0.1201023459 0.0550428368 0.8613170981 -0.5050773621 -0.1069751158 0.5080196857 0.8546767235
105.9 -180.4 2874.6 0.9927369356 0.0069868756 0.1201023459 0.0550428368 0.8613170981 -0.5050773621 -0.1069751158 0.5080196857 0.8546767235
104.8 -343.0 2768.7 0.9927797914 0.0053137108 0.1198332384 0.0609673113 0.8379999995 -0.5422536135 -0.1033016369 0.5456443429 0.8316255212
-29.6 -188.8 2888.6 0.3561114967 -0.9203231335 -0.1618331969 0.9336194992 0.3431496322 0.1029707342 -0.0392333455 -0.1877596825 0.9814311266
-110.0 -399.7 2897.5 0.2034315020 -0.9203231335 -0.3340972662 0.8298754692 0.3431496322 -0.4399488568 0.5195404887 -0.1877596825 0.8335610628
241.4 -172.1 2860.5 0.5603082776 0.6797971129 0.4732129276 -0.8153234124 0.3519931138 0.4597266316 0.1459531635 -0.6434102058 0.7514791489
379.6 -373.2 2896.5 -0.2544727325 0.6797971129 0.6878368258 -0.7095875740 0.3519931138 -0.6103985310 -0.6570609808 -0.6434102058 0.3928029239
20.0 -514.0 2673.9 0.9741220474 0.2230816931 -0.0363425650 -0.0309227724 -0.0277415644 -0.9991367459 -0.2238973230 0.9744049311 -0.0201253649
-83.8 -501.1 2220.5 0.9741220474 0.0416760296 0.2221471071 -0.0309227724 0.9981854558 -0.0516677946 -0.2238973230 0.0434613340 0.9736431837
198.5 -506.3 2661.5 0.9672803283 -0.2506083846 0.0395496413 0.0397560894 -0.0042406097 -0.9992004037 0.2505757213 0.9680792689 0.0058613513
307.8 -504.4 2239.2 0.9672803283 -0.0515065640 -0.2484266758 0.0397560894 0.9978507161 -0.0520901233 0.2505757213 0.0405092798 0.9672490954
-161.7 -610.3 2765.6 0 0 0 0 0 0 0 0 0
315.1 -553.2 2729.8 0 0 0 0 0 0 0 0 0
-99.4 -873.7 2204.2 0 0 0 0 0 0 0 0 0
327.1 -876.9 2224.1 0 0 0 0 0 0 0 0 0
110.0 -4.2 2978.8 9 0.9960417151 0.0106768515 0.0882431418 0.0358538218 0.8601543307 -0.5087720752 -0.0813347995 0.5099220872 0.8563668132
107.8 -175.8 2877.1 0.9960417151 0.0106768515 0.0882431418 0.0358538218 0.8601543307 -0.5087720752 -0.0813347995 0.5099220872 0.8563668132
106.5 -338.2 2770.8 0.9961102009 0.0066412929 0.0878658667 0.0425596870 0.8368721008 -0.5457414985 -0.0771569163 0.5473582149 0.8333341479
-28.1 -181.6 2887.6 0.3461947143 -0.9344672561 -0.0831878632 0.9368817806 0.3397281766 0.0826881602 -0.0490081124 -0.1065633968 0.9930974245
-108.9 -400.2 2899.0 0.2460559607 -0.9344672561 -0.2573469579 0.8325081468 0.3397281766 -0.4376242459 0.4963735342 -0.1065633968 0.8615437150
243.8 -170.0 2866.5 0.5409411192 0.7029682398 0.4617557824 -0.8259406090 0.3403636217 0.4494159520 0.1587602645 -0.6244903803 0.7647266984
377.2 -373.7 2905.7 -0.2501147091 0.7029682398 0.6657914519 -0.7036607862 0.3403636217 -0.6237099171 -0.6650594473 -0.6244903803 0.4095212519
14.9 -511.1 2672.1 0.9764401913 0.2130912095 -0.0340094082 -0.0303962938 -0.0202100351 -0.9993335605 -0.2136365324 0.9768232703 -0.0132567082
-83.7 -501.8 2220.3 0.9764401913 0.0419385247 0.2116734833 -0.0303962938 0.9978831410 -0.0574922450 -0.2136365324 0.0497036502 0.9756479859
192.6 -500.1 2653.6 0.9629474282 -0.2682397664 0.0279234666 0.0321593918 0.0114099309 -0.9994176030 0.2677649558 0.9632846117 0.0196135901
308.5 -505.1 2237.4 0.9629474282 -0.0432560779 -0.2661976814 0.0321593918 0.9984279275 -0.0459067672 0.2677649558 0.0356450491 0.9628247023
-171.3 -611.2 2773.2 0 0 0 0 0 0 0 0 0
313.8 -552.3 2736.9 0 0 0 0 0 0 0 0 0
-99.3 -874.3 2201.8 0 0 0 0 0 0 0 0 0
324.7 -877.8 2224.1 0 0 0 0 0 0 0 0 0
112.0 -3.5 2979.9 0 0.9966121912 0.0152689535 0.0808146149 0.0287676658 0.8558260202 -0.5164631605 -0.0770491064 0.5170383453 0.8524873853
109.0 -175.6 2875.9 0.9966121912 0.0152689535 0.0808146149 0.0287676658 0.8558260202 -0.5164631605 -0.0770491064 0.5170383453 0.8524873853
106.8 -337.6 2769.1 0.9967100620 0.0109851556 0.0803019404 0.0350692980 0.8347728252 -0.5494765043 -0.0730699599 0.5504848957 0.8316412568
-27.1 -180.4 2885.9 0.3506179452 -0.9337399006 -0.0720888600 0.9349216223 0.3444882333 0.0851435140 -0.0546681359 -0.0972502828 0.9937574267
-107.9 -395.8 2898.5 0.2570718527 -0.9337399006 -0.2490859628 0.8344200253 0.3444882333 -0.4301989079 0.4875010848 -0.0972502828 0.8676894903
245.1 -170.8 2866.0 0.5339318514 0.7081114650 0.4620550573 -0.8306401372 0.3371881843 0.4431039095 0.1579674631 -0.6203888059 0.7682213187
376.9 -375.8 2904.9 -0.2529507577 0.7081114650 0.6592374444 -0.6991627812 0.3371881843 -0.6304565668 -0.6687206626 -0.6203888059 0.4097931981
16.0 -504.5 2671.5 0.9753688574 0.2192112803 -0.0245363917 -0.0241802558 -0.0043078139 -0.9996983409 -0.2192508429 0.9756678939 0.0010988773
-85.0 -502.5 2221.8 0.9753688574 0.0344905593 0.2178669721 -0.0241802558 0.9984657168 -0.0498146825 -0.2192508429 0.0433196090 0.9747063518
194.4 -496.8 2657.7 0.9640578032 -0.2647092342 0.0228386093 0.0294596273 0.0210689977 -0.9993438721 0.2640543878 0.9640980959 0.0281099658
310.3 -506.0 2235.5 0.9640578032 -0.0375178568 -0.2630304098 0.0294596273 0.9989699125 -0.0345147401 0.2640543878 0.0255254265 0.9641699791
-173.1 -607.5 2774.8 0 0 0 0 0 0 0 0 0
312.7 -553.3 2735.2 0 0 0 0 0 0 0 0 0
-97.9 -875.2 2205.6 0 0 0 0 0 0 0 0 0
324.3 -878.9 2226.0 0 0 0 0 0 0 0 0 0
113.4 -5.6 2979.9 1 0.9957122803 0.0194973350 0.0904262289 0.0306524392 0.8527655005 -0.5213937163 -0.0872781575 0.5219299197 0.8485114574
109.5 -176.3 2875.4 0.9957122803 0.0194973350 0.0904262289 0.0306524392 0.8527655005 -0.5213937163 -0.0872781575 0.5219299197 0.8485114574
106.5 -337.7 2767.5 0.9958491921 0.0152234696 0.0897367671 0.0372909047 0.8311268687 -0.5548310876 -0.0830290914 0.5558744669 0.8271092772
-26.5 -181.4 2886.8 0.3565158248 -0.9282533526 -0.1060293838 0.9322088957 0.3458545804 0.1066359505 -0.0623144284 -0.1368589401 0.9886286259
-108.4 -395.4 2901.1 0.2322307080 -0.9282533526 -0.2905420363 0.8263264894 0.3458545804 -0.4444874823 0.5130822659 -0.1368589401 0.8473584056
245.5 -171.2 2864.1 0.5369320512 0.7011605501 0.4691245556 -0.8307092786 0.3424923420 0.4388862550 0.1470581591 -0.6253582239 0.7663556933
378.0 -376.3 2900.4 -0.2586585283 0.7011605501 0.6644318104 -0.6951440573 0.3424923420 -0.6320393085 -0.6707238555 -0.6253582239 0.3988190591
15.4 -502.8 2668.8 0.9753540754 0.2196009010 -0.0214434229 -0.0216842648 -0.0013138670 -0.9997640252 -0.2195772380 0.9755889177 0.0034803983
-85.5 -502.2 2220.1 0.9753540754 0.0320381150 0.2183069736 -0.0216842648 0.9985307455 -0.0496603735 -0.2195772380 0.0437026247 0.9746157527
193.9 -496.5 2655.7 0.9634265304 -0.2671371996 0.0211439207 0.0283334702 0.0230870973 -0.9993318915 0.2664705515 0.9633818865 0.0298116449
310.6 -506.6 2234.9 0.9634265304 -0.0365362726 -0.2654702365 0.0283334702 0.9989972711 -0.0346646085 0.2664705515 0.0258751083 0.9634956717
-167.3 -605.0 2771.0 0 0 0 0 0 0 0 0 0
312.4 -552.7 2730.1 0 0 0 0 0 0 0 0 0
-97.5 -875.0 2203.8 0 0 0 0 0 0 0 0 0
324.3 -879.5 2225.2 0 0 0 0 0 0 0 0 0
110.6 -5.8 2981.9 2 0.9957102537 0.0085436692 0.0921309814 0.0405574888 0.8546705842 -0.5175840855 -0.0831637084 0.5191003680 0.8506577611
108.9 -177.0 2878.0 0.9957102537 0.0085436692 0.0921309814 0.0405574888 0.8546705842 -0.5175840855 -0.0831637084 0.5191003680 0.8506577611
107.7 -338.6 2770.3 0.9957558513 0.0062260432 0.0918231979 0.0457674079 0.8320996761 -0.5527345538 -0.0798474029 0.5545911789 0.8282831907
-27.2 -183.3 2888.9 0.3589647710 -0.9275840521 -0.1035960168 0.9324073792 0.3513960540 0.0844823793 -0.0419612750 -0.1269198954 0.9910250306
-108.9 -395.6 2898.4 0.2472403049 -0.9275840521 -0.2801072598 0.8320137262 0.3513960540 -0.4292714000 0.4966138899 -0.1269198954 0.8586419225
244.9 -170.8 2867.1 0.5436301231 0.7002407908 0.4627408981 -0.8257770538 0.3475662470 0.4441733658 0.1501951963 -0.6235868335 0.7671902180
379.1 -374.6 2904.1 -0.2504473031 0.7002407908 0.6685349345 -0.6983748674 0.3475662470 -0.6256757975 -0.6704838872 -0.6235868335 0.4019835591
14.4 -502.3 2667.1 0.9757042527 0.2184738815 -0.0164425056 -0.0169456005 0.0004291208 -0.9998562932 -0.2184354365 0.9758427143 0.0041208663
-85.8 -502.5 2219.8 0.9757042527 0.0288720671 0.2171810269 -0.0169456005 0.9982543588 -0.0565784685 -0.2184354365 0.0515235923 0.9744902849
192.8 -495.6 2652.2 0.9623948932 -0.2710478902 0.0181421489 0.0267615560 0.0281378962 -0.9992457628 0.2703329921 0.9621545076 0.0343334302
310.0 -507.8 2236.0 0.9623948932 -0.0361917838 -0.2692327201 0.0267615560 0.9988957047 -0.0386157930 0.2703329921 0.0299585536 0.9623006582
-171.6 -606.6 2772.5 0 0 0 0 0 0 0 0 0
315.5 -551.9 2733.9 0 0 0 0 0 0 0 0 0
-96.6 -875.2 2200.6 0 0 0 0 0 0 0 0 0
323.5 -880.7 2224.8 0 0 0 0 0 0 0 0 0
119.3 -5.2 2980.0 3 0.9961900115 0.0323601030 0.0809832141 0.0144861843 0.8543053865 -0.5195694566 -0.0859977156 0.5187630653 0.8505817652
112.8 -176.2 2876.1 0.9961900115 0.0323601030 0.0809832141 0.0144861843 0.8543053865 -0.5195694566 -0.0859977156 0.5187630653 0.8505817652
107.1 -337.7 2768.7 0.9963847995 0.0293422043 0.0797266066 0.0198111497 0.8323349357 -0.5539188385 -0.0826124400 0.5534957647 0.8287445903
-23.2 -178.9 2887.4 0.3663791418 -0.9187285900 -0.1473230124 0.9294011593 0.3537723422 0.1051597595 -0.0444944724 -0.1754505187 0.9834822416
-109.4 -397.5 2897.9 0.2190902978 -0.9187285900 -0.3285379708 0.8262979984 0.3537723422 -0.4382655919 0.5188747644 -0.1754505187 0.8366516829
248.9 -173.5 2864.8 0.5224365592 0.7074098587 0.4760581553 -0.8394008279 0.3285393417 0.4329759181 0.1498875767 -0.6258060336 0.7654413581
377.9 -380.7 2901.8 -0.2703081965 0.7074098587 0.6530733705 -0.6923424006 0.3285393417 -0.6424359083 -0.6690257788 -0.6258060336 0.4009629488
17.2 -504.2 2669.8 0.9746616483 0.2225075066 -0.0229154006 -0.0223902427 -0.0048828553 -0.9997373819 -0.2225609720 0.9749187231 0.0002228657
-85.7 -501.9 2219.0 0.9746616483 0.0311018247 0.2215115875 -0.0223902427 0.9988779426 -0.0417315289 -0.2225609720 0.0357144214 0.9742643833
195.6 -496.0 2655.5 0.9646245241 -0.2624031901 0.0253789369 0.0332162939 0.0254743882 -0.9991234541 0.2615266740 0.9646220207 0.0332892835
309.5 -507.0 2237.0 0.9646245241 -0.0446960516 -0.2598110735 0.0332162939 0.9982750416 -0.0484109446 0.2615266740 0.0380684212 0.9644452333
-165.0 -607.0 2766.3 0 0 0 0 0 0 0 0 0
309.3 -556.4 2732.0 0 0 0 0 0 0 0 0 0
-97.3 -874.8 2205.6 0 0 0 0 0 0 0 0 0
326.2 -879.7 2222.8 0 0 0 0 0 0 0 0 0
124.2 -2.9 2979.0 4 0.9979529381 0.0398643874 0.0500081331 -0.0083525702 0.8564983010 -0.5160822272 -0.0634051859 0.5146080852 0.8550779819
116.2 -174.4 2875.9 0.9979529381 0.0398643874 0.0500081331 -0.0083525702 0.8564983010 -0.5160822272 -0.0634051859 0.5146080852 0.8550779819
108.8 -336.1 2768.8 0.9980949163 0.0383809768 0.0483053736 -0.0052856035 0.8332610726 -0.5528544188 -0.0614700802 0.5515458584 0.8318765163
-20.0 -173.7 2884.3 0.3738652766 -0.9190210104 -0.1250006557 0.9249494672 0.3594873846 0.1234396845 -0.0685075000 -0.1617691070 0.9844477773
-108.7 -393.0 2900.5 0.2374304980 -0.9190210104 -0.3146858215 0.8323522806 0.3594873846 -0.4218513072 0.5008158088 -0.1617691070 0.8503024578
252.5 -175.1 2867.5 0.4979803562 0.7284618616 0.4704879224 -0.8516877890 0.3087183535 0.4234630167 0.1632284075 -0.6115850806 0.7741577625
375.4 -385.3 2907.8 -0.2732041478 0.7284618616 0.6282537580 -0.6877478957 0.3087183535 -0.6570356488 -0.6725788713 -0.6115850806 0.4166549742
12.2 -501.0 2668.6 0.9768090844 0.2131841630 -0.0199144538 -0.0202195793 -0.0007491606 -0.9997952580 -0.2131554335 0.9770117402 0.0035787069
-85.9 -500.6 2219.1 0.9768090844 0.0277183186 0.2123105377 -0.0202195793 0.9990954399 -0.0374101922 -0.2131554335 0.0322497860 0.9764859080
190.7 -497.4 2653.8 0.9618971348 -0.2717820108 0.0298070535 0.0366473608 0.0201264303 -0.9991255403 0.2709444463 0.9621483684 0.0293196496
309.0 -506.2 2234.8 0.9618971348 -0.0431604236 -0.2699835300 0.0366473608 0.9989038706 -0.0291207489 0.2709444463 0.0181169827 0.9624244571
-168.9 -604.1 2773.5 0 0 0 0 0 0 0 0 0
306.0 -559.8 2737.1 0 0 0 0 0 0 0 0 0
-96.2 -873.6 2207.0 0 0 0 0 0 0 0 0 0
325.1 -879.0 2228.1 0 0 0 0 0 0 0 0 0
119.1 -1.4 2978.5 5 0.9998384118 0.0073653124 0.0163979661 0.0020300946 0.8601080775 -0.5101078153 -0.0178611279 0.5100587010 0.8599541187
117.7 -174.1 2876.1 0.9998384118 0.0073653124 0.0163979661 0.0020300946 0.8601080775 -0.5101078153 -0.0178611279 0.5100587010 0.8599541187
116.3 -336.7 2770.4 0.9998480678 0.0066669760 0.0161064733 0.0031966211 0.8381786346 -0.5453864336 -0.0171361808 0.5453550816 0.8380299807
-18.8 -174.5 2878.4 0.3815843463 -0.9132725596 -0.1425714344 0.9184145331 0.3571754694 0.1701187938 -0.1044418067 -0.1958543509 0.9750553966
-107.1 -387.0 2902.6 0.2255386859 -0.9132725596 -0.3392131329 0.8437535167 0.3571754694 -0.4006315768 0.4870444238 -0.1958543509 0.8511338234
254.1 -173.6 2873.8 0.4971581995 0.7522987723 0.4322965145 -0.8459834456 0.3096169829 0.4341074824 0.1927321851 -0.5815357566 0.7903609276
376.7 -382.3 2921.3 -0.2372164726 0.7522987723 0.6146339178 -0.6961882710 0.3096169829 -0.6476566792 -0.6775324345 -0.5815357566 0.4502953589
12.0 -497.3 2667.3 0.9767265320 0.2140540332 -0.0136450147 -0.0169092286 0.0134258550 -0.9997668862 -0.2138209343 0.9767295718 0.0167328771
-86.4 -503.5 2218.7 0.9767265320 0.0240298230 0.2131381780 -0.0169092286 0.9992383122 -0.0351688713 -0.2138209343 0.0307463650 0.9763888717
190.7 -498.3 2656.2 0.9621096849 -0.2710337639 0.0297603402 0.0359214954 0.0177985262 -0.9991961122 0.2702862024 0.9624052644 0.0268600713
309.9 -506.1 2233.0 0.9621096849 -0.0383592770 -0.2699510157 0.0359214954 0.9992570281 -0.0139668249 0.2702862024 0.0037405733 0.9627727270
-164.3 -601.1 2779.0 0 0 0 0 0 0 0 0 0
316.6 -558.9 2749.4 0 0 0 0 0 0 0 0 0
-95.3 -876.5 2207.2 0 0 0 0 0 0 0 0 0
324.2 -879.0 2231.6 0 0 0 0 0 0 0 0 0
113.4 -4.1 2978.7 6 0.9985095859 -0.0081534628 0.0539643504 0.0347238742 0.8577432632 -0.5129042268 -0.0421056114 0.5140135884 0.8567479849
115.0 -175.8 2875.8 0.9985095859 -0.0081534628 0.0539643504 0.0347238742 0.8577432632 -0.5129042268 -0.0421056114 0.5140135884 0.8567479849
116.9 -338.3 2769.8 0.9984754324 -0.0098703243 0.0543081164 0.0379342288 0.8374237418 -0.5452361703 -0.0400972478 0.5464650393 0.8365214467
-21.2 -181.0 2881.3 0.3849092424 -0.9086083174 -0.1620982587 0.9176986814 0.3580522537 0.1721269190 -0.0983563066 -0.2150105983 0.9716462493
-107.0 -385.7 2903.2 0.2132774740 -0.9086083174 -0.3590872884 0.8404068351 0.3580522537 -0.4068353176 0.4982259572 -0.2150105983 0.8399651051
251.2 -170.6 2870.3 0.5307268500 0.7274671793 0.4348798394 -0.8282930851 0.3364532888 0.4480287433 0.1796094626 -0.5979888439 0.7811208367
382.1 -374.9 2914.6 -0.2283194810 0.7274671793 0.6470407248 -0.7031562328 0.3364532888 -0.6263948679 -0.6733806729 -0.5979888439 0.4347042441
25.5 -499.7 2666.2 0.9694430232 0.2453031540 -0.0025585028 -0.0046077142 0.0077802436 -0.9999591112 -0.2452732176 0.9694151878 0.0086727897
-88.2 -503.3 2216.6 0.9694430232 0.0133306719 0.2449540198 -0.0046077142 0.9993357658 -0.0361492373 -0.2452732176 0.0339159481 0.9688605666
204.5 -499.1 2663.1 0.9702597857 -0.2408038527 0.0246865917 0.0288743265 0.0138771823 -0.9994867444 0.2403376698 0.9704746008 0.0204175208
310.6 -505.2 2235.3 0.9702597857 -0.0337144695 -0.2397066057 0.0288743265 0.9993026257 -0.0236762762 0.2403376698 0.0160507727 0.9705566168
-161.1 -599.0 2776.8 0 0 0 0 0 0 0 0 0
324.2 -553.3 2743.8 0 0 0 0 0 0 0 0 0
-93.2 -876.3 2204.0 0 0 0 0 0 0 0 0 0
323.2 -878.1 2229.3 0 0 0 0 0 0 0 0 0
111.7 -7.4 2979.3 7 0.9977467656 -0.0082092714 0.0665884539 0.0413234681 0.8570836782 -0.5135172606 -0.0528562739 0.5151118636 0.8554916382
113.3 -178.3 2876.7 0.9977467656 -0.0082092714 0.0665884539 0.0413234681 0.8570836782 -0.5135172606 -0.0528562739 0.5151118636 0.8554916382
115.8 -340.5 2770.2 0.9976668358 -0.0130818896 0.0670058280 0.0476797596 0.8359659314 -0.5467061400 -0.0488626398 0.5486254096 0.8346391916
-22.9 -184.8 2883.3 0.3780792356 -0.9207399487 -0.0964057818 0.9217467308 0.3646863997 0.1318590045 -0.0862499774 -0.1387148649 0.9865693450
-108.6 -393.8 2902.9 0.2355347872 -0.9207399487 -0.3110648692 0.8029369712 0.3646863997 -0.4714828432 0.5475541949 -0.1387148649 0.8251924515
249.5 -171.7 2870.0 0.5404002070 0.7187619805 0.4374343753 -0.8234502673 0.3449420333 0.4504937530 0.1729082614 -0.6036523581 0.7782714963
382.8 -374.9 2912.7 -0.2275943160 0.7187619805 0.6569490433 -0.7036705017 0.3449420333 -0.6211785674 -0.6730888486 -0.6036523581 0.4272647798
29.5 -504.2 2667.3 0.9679707289 0.2508365810 -0.0106613431 -0.0101694521 -0.0032571137 -0.9999429584 -0.2508570254 0.9680239558 -0.0006019202
-87.5 -502.7 2215.9 0.9679707289 0.0184934139 0.2503810227 -0.0101694521 0.9993529916 -0.0344982930 -0.2508570254 0.0308471005 0.9675325155
208.1 -497.4 2660.1 0.9723013639 -0.2328433543 0.0203473251 0.0260450058 0.0214214511 -0.9994312525 0.2322750390 0.9722782969 0.0268925112
309.5 -506.7 2236.9 0.9723013639 -0.0338287987 -0.2312696576 0.0260450058 0.9989895225 -0.0366283320 0.2322750390 0.0295903571 0.9721999168
-168.3 -597.1 2764.2 0 0 0 0 0 0 0 0 0
325.1 -553.5 2741.8 0 0 0 0 0 0 0 0 0
-94.4 -875.7 2204.4 0 0 0 0 0 0 0 0 0
322.1 -879.6 2225.8 0 0 0 0 0 0 0 0 0
111.9 -8.3 2980.2 8 0.9966490865 -0.0020147322 0.0817709118 0.0438742526 0.8568830490 -0.5136404037 -0.0690332651 0.5155069232 0.8541001081
112.3 -179.0 2877.5 0.9966490865 -0.0020147322 0.0817709118 0.0438742526 0.8568830490 -0.5136404037 -0.0690332651 0.5155069232 0.8541001081
114.0 -341.1 2770.9 0.9965981841 -0.0084700705 0.0819773898 0.0520932972 0.8355305791 -0.5469688773 -0.0638617501 0.5493786931 0.8331294656
-23.8 -186.1 2886.2 0.3722681999 -0.9248546362 -0.0778480545 0.9269825816 0.3663389385 0.0806170925 -0.0460403152 -0.1021749675 0.9937004447
-109.1 -398.6 2896.8 0.2567034662 -0.9248546362 -0.2806194425 0.7995222211 0.3663389385 -0.4759831429 0.5430170298 -0.1021749675 0.8334823251
248.4 -171.8 2868.8 0.5465835333 0.7080245018 0.4471551776 -0.8211554885 0.3484874368 0.4519514740 0.1641647518 -0.6142131686 0.7718757391
383.3 -374.5 2909.3 -0.2346614152 0.7080245018 0.6660595536 -0.7042346597 0.3484874368 -0.6185548306 -0.6700653434 -0.6142131686 0.4168388247
29.1 -507.0 2668.1 0.9684846997 0.2485732883 -0.0157692172 -0.0140884919 -0.0085390825 -0.9998642802 -0.2486742139 0.9685754776 -0.0047679483
-86.3 -503.0 2218.7 0.9684846997 0.0268498417 0.2476215661 -0.0140884919 0.9984863997 -0.0531646460 -0.2486742139 0.0480005331 0.9673970938
207.7 -498.5 2659.3 0.9722167253 -0.2315997183 0.0340026729 0.0388839915 0.0165430475 -0.9991067648 0.2308303416 0.9726704955 0.0250889491
308.2 -505.6 2237.0 0.9722167253 -0.0463476889 -0.2294482440 0.0388839915 0.9985604882 -0.0369464718 0.2308303416 0.0269981138 0.9726193547
-174.2 -601.3 2759.1 0 0 0 0 0 0 0 0 0
323.8 -553.3 2739.2 0 0 0 0 0 0 0 0 0
-96.3 -875.7 2200.8 0 0 0 0 0 0 0 0 0
325.5 -878.3 2226.9 0 0 0 0 0 0 0 0 0
112.1 -6.3 2969.1 9 0.9979578853 0.0020969650 0.0638409406 0.0301030632 0.8660692573 -0.4990169108 -0.0563370921 0.4999196529 0.8642374873
111.7 -179.0 2869.3 0.9979578853 0.0020969650 0.0638409406 0.0301030632 0.8660692573 -0.4990169108 -0.0563370921 0.4999196529 0.8642374873
112.0 -342.4 2764.6 0.9979592562 -0.0016858660 0.0638314784 0.0358550362 0.8419708610 -0.5383302569 -0.0528366901 0.5395203233 0.8403130770
-24.6 -183.9 2876.5 0.3652341962 -0.9263650775 -0.0919335037 0.9269388914 0.3527776897 0.1277974099 -0.0859549567 -0.1318927258 0.9875302911
-109.6 -399.6 2896.5 0.2305716127 -0.9263650775 -0.2977994680 0.8081098199 0.3527776897 -0.4717058241 0.5420287848 -0.1318927258 0.8299452662
248.0 -174.1 2862.1 0.5317806005 0.7203740478 0.4452759624 -0.8275128603 0.3301898837 0.4540893435 0.1800885499 -0.6099474430 0.7717073560
379.2 -378.3 2906.6 -0.2380581051 0.7203740478 0.6514519453 -0.7082816958 0.3301898837 -0.6239484549 -0.6645790935 -0.6099474430 0.4316233695
26.4 -508.0 2669.9 0.9703156948 0.2408749610 -0.0216042195 -0.0191254001 -0.0126242731 -0.9997373819 -0.2410844415 0.9704740644 -0.0076426999
-85.0 -502.1 2221.2 0.9703156948 0.0344961397 0.2393689752 -0.0191254001 0.9976202250 -0.0662423894 -0.2410844415 0.0596980006 0.9686663151
204.8 -498.6 2658.5 0.9703105092 -0.2395064384 0.0336784646 0.0382989161 0.0146622676 -0.9991587400 0.2388111502 0.9707840681 0.0233997889
309.2 -505.0 2235.6 0.9703105092 -0.0446552075 -0.2377046198 0.0382989161 0.9987761974 -0.0312939584 0.2388111502 0.0212610289 0.9708332419
-168.1 -604.5 2759.1 0 0 0 0 0 0 0 0 0
318.8 -558.1 2737.9 0 0 0 0 0 0 0 0 0
-97.9 -874.5 2198.9 0 0 0 0 0 0 0 0 0
325.8 -877.8 2227.7 0 0 0 0 0 0 0 0 0
110.8 -6.8 2974.0 0 0.9981303215 0.0016495389 0.0610994287 0.0297994483 0.8596478701 -0.5100171566 -0.0533652864 0.5108843446 0.8579914570
110.4 -178.3 2872.1 0.9981303215 0.0016495389 0.0610994287 0.0297994483 0.8596478701 -0.5100171566 -0.0533652864 0.5108843446 0.8579914570
110.9 -340.9 2766.1 0.9981278777 -0.0023920408 0.0611146539 0.0353672802 0.8378012180 -0.5448286533 -0.0498986803 0.5459701419 0.8363173604
-25.9 -183.1 2878.9 0.3624073863 -0.9259847403 -0.1058920026 0.9266080856 0.3457442820 0.1478455812 -0.1002912074 -0.1517007202 0.9833252430
-109.3 -396.3 2902.0 0.2173958868 -0.9259847403 -0.3086928129 0.8167468309 0.3457442820 -0.4619367421 0.5344751477 -0.1517007202 0.8314585090
246.8 -173.5 2865.3 0.5306169987 0.7222770452 0.4435780048 -0.8293155432 0.3342489600 0.4477871954 0.1751609296 -0.6054696441 0.7763537765
377.8 -378.2 2908.5 -0.2368772775 0.7222770452 0.6497730613 -0.7029473186 0.3342489600 -0.6278078556 -0.6706371903 -0.6054696441 0.4285467565
22.9 -509.1 2664.6 0.9711290002 0.2377148718 -0.0200036876 -0.0167931952 -0.0155232111 -0.9997384548 -0.2379632294 0.9712109566 -0.0110830488
-85.6 -502.0 2221.1 0.9711290002 0.0314077102 0.2364784628 -0.0167931952 0.9978364706 -0.0635635108 -0.2379632294 0.0577571355 0.9695553780
201.6 -502.6 2655.2 0.9680368304 -0.2485867888 0.0333053693 0.0366079099 0.0086730877 -0.9992920756 0.2481219471 0.9685707688 0.0174961109
310.0 -506.4 2233.0 0.9680368304 -0.0411527939 -0.2474087477 0.0366079099 0.9990662932 -0.0229440592 0.2481219471 0.0131535772 0.9686394930
-164.4 -603.5 2766.4 0 0 0 0 0 0 0 0 0
317.6 -556.6 2738.3 0 0 0 0 0 0 0 0 0
-97.4 -874.4 2199.5 0 0 0 0 0 0 0 0 0
325.4 -879.3 2228.0 0 0 0 0 0 0 0 0 0
107.6 -5.1 2976.5 1 0.9944717884 -0.0094380314 0.1045790389 0.0611073673 0.8619493842 -0.5032982230 -0.0853916928 0.5069064498 0.8577610850
109.5 -176.9 2875.4 0.9944717884 -0.0094380314 0.1045790389 0.0611073673 0.8619493842 -0.5032982230 -0.0853916928 0.5069064498 0.8577610850
111.5 -340.0 2770.2 0.9944221973 -0.0101487832 0.1049832776 0.0654169619 0.8401294351 -0.5384265780 -0.0827351660 0.5422910452 0.8361072540
-26.2 -185.8 2886.7 0.3643094897 -0.9218127728 -0.1324381083 0.9287252426 0.3490960896 0.1249052435 -0.0689056218 -0.1685027778 0.9832897782
-109.2 -397.4 2902.4 0.2186518013 -0.9218127728 -0.3200822473 0.8272069693 0.3490960896 -0.4402959645 0.5176098943 -0.1685027778 0.8388604522
245.2 -168.0 2864.1 0.5610268712 0.6916049123 0.4548972547 -0.8120505214 0.3531318903 0.4646201134 0.1606948078 -0.6300638914 0.7597345710
383.7 -368.4 2903.8 -0.2367482632 0.6916049123 0.6823729873 -0.7133035660 0.3531318903 -0.6053889990 -0.6596577168 -0.6300638914 0.4097208977
21.9 -506.7 2664.6 0.9715434313 0.2362808883 -0.0165751763 -0.0141544826 -0.0119376564 -0.9998285770 -0.2364382446 0.9716114402 -0.0082535176
-86.4 -501.2 2219.0 0.9715434313 0.0260131154 0.2354287803 -0.0141544826 0.9985508919 -0.0519211143 -0.2364382446 0.0471112430 0.9705037475
200.7 -500.4 2655.7 0.9680066705 -0.2475529909 0.0409947000 0.0455078967 0.0125344712 -0.9988853335 0.2467632145 0.9687932730 0.0233990680
308.3 -505.8 2234.6 0.9680066705 -0.0510709658 -0.2456721514 0.0455078967 0.9985638261 -0.0282721054 0.2467632145 0.0161875635 0.9689406157
-164.7 -607.3 2771.1 0 0 0 0 0 0 0 0 0
323.6 -549.4 2736.4 0 0 0 0 0 0 0 0 0
-96.1 -874.0 2201.4 0 0 0 0 0 0 0 0 0
327.4 -878.6 2228.6 0 0 0 0 0 0 0 0 0
108.6 -7.2 2979.7 2 0.9937430620 -0.0023455678 0.1116656512 0.0593004711 0.8583047986 -0.5097021461 -0.0946476236 0.5131347775 0.8530735373
109.0 -178.3 2877.4 0.9937430620 -0.0023455678 0.1116656512 0.0593004711 0.8583047986 -0.5097021461 -0.0946476236 0.5131347775 0.8530735373
109.4 -340.7 2771.1 0.9937340617 -0.0019556619 0.1117534190 0.0628557354 0.8365412354 -0.5442866087 -0.0924219042 0.5479004979 0.8314224482
-26.7 -186.9 2890.1 0.3626239002 -0.9205853939 -0.1450049728 0.9311567545 0.3515481353 0.0967525467 -0.0380927511 -0.1701071411 0.9846890569
-109.7 -400.0 2898.8 0.2159029990 -0.9205853939 -0.3254357576 0.8210698366 0.3515481353 -0.4497312903 0.5284224153 -0.1701071411 0.8317651749
244.7 -169.7 2864.8 0.5600709319 0.6862852573 0.4640400112 -0.8147832155 0.3550090790 0.4583632350 0.1498295069 -0.6348079443 0.7580039501
382.9 -370.8 2901.8 -0.2458828241 0.6862852573 0.6845101714 -0.7081612945 0.3550090790 -0.6103082299 -0.6618528962 -0.6348079443 0.3987100124
24.5 -508.9 2672.3 0.9713461995 0.2367382199 -0.0210127588 -0.0182134900 -0.0140053732 -0.9997360110 -0.2369700074 0.9714725018 -0.0092922365
-85.8 -502.4 2219.7 0.9713461995 0.0305731054 0.2356943041 -0.0182134900 0.9983509183 -0.0544395149 -0.2369700074 0.0485868007 0.9703012705
202.5 -497.2 2657.5 0.9690307975 -0.2452333122 0.0289816558 0.0360435285 0.0243566670 -0.9990533590 0.2442952693 0.9691580534 0.0324414335
309.4 -507.8 2235.0 0.9690307975 -0.0427302867 -0.2432148010 0.0360435285 0.9988416433 -0.0318792313 0.2442952693 0.0221256353 0.9694484472
-164.5 -608.4 2764.7 0 0 0 0 0 0 0 0 0
320.5 -550.6 2733.8 0 0 0 0 0 0 0 0 0
-97.2 -875.0 2201.5 0 0 0 0 0 0 0 0 0
325.3 -880.6 2226.7 0 0 0 0 0 0 0 0 0
109.1 -8.0 2978.8 3 0.9951879382 -0.0011601691 0.0979777649 0.0508377589 0.8609287143 -0.5061790943 -0.0837646201 0.5087243319 0.8568448424
109.3 -179.6 2877.5 0.9951879382 -0.0011601691 0.0979777649 0.0508377589 0.8609287143 -0.5061790943 -0.0837646201 0.5087243319 0.8568448424
109.4 -342.8 2772.3 0.9951848984 -0.0006675503 0.0980130732 0.0536532551 0.8405641913 -0.5390483737 -0.0820264369 0.5417115688 0.8365526199
-26.6 -187.0 2888.7 0.3593617976 -0.9245307446 -0.1268935949 0.9313629866 0.3468000293 0.1108722910 -0.0584981441 -0.1580272615 0.9857004285
-110.1 -403.3 2902.3 0.2062935978 -0.9245307446 -0.3204463124 0.8040505052 0.3468000293 -0.4829415083 0.5576250553 -0.1580272615 0.8149120808
245.2 -172.3 2866.3 0.5513672829 0.6961709261 0.4597174227 -0.8183851242 0.3443498015 0.4600749612 0.1619872153 -0.6298962235 0.7595992088
381.3 -374.3 2906.2 -0.2448940128 0.6961709261 0.6748132706 -0.7108908296 0.3443498015 -0.6132351756 -0.6592883468 -0.6298962235 0.4105723500
20.8 -508.7 2673.0 0.9735034704 0.2276817113 -0.0212610979 -0.0189759172 -0.0122212647 -0.9997452497 -0.2278835475 0.9736589193 -0.0075769746
-84.8 -503.0 2221.2 0.9735034704 0.0312922671 0.2265210599 -0.0189759172 0.9982308745 -0.0563470200 -0.2278835475 0.0505555756 0.9723750353
198.8 -497.4 2656.4 0.9669056535 -0.2526966035 0.0351837203 0.0423053764 0.0228030086 -0.9988444448 0.2516023219 0.9672768116 0.0327387825
308.3 -507.3 2237.3 0.9669056535 -0.0509738438 -0.2499902844 0.0423053764 0.9983064532 -0.0399303883 0.2516023219 0.0280329846 0.9674246311
-162.4 -607.3 2760.8 0 0 0 0 0 0 0 0 0
319.2 -554.7 2738.9 0 0 0 0 0 0 0 0 0
-96.5 -875.6 2202.3 0 0 0 0 0 0 0 0 0
327.3 -879.9 2226.8 0 0 0 0 0 0 0 0 0
110.5 -7.9 2979.4 4 0.9916474819 0.0106798196 0.1285348237 0.0565830953 0.8595225811 -0.5079559684 -0.1159034744 0.5109861493 0.8517391086
108.3 -179.4 2877.5 0.9916474819 0.0106798196 0.1285348237 0.0565830953 0.8595225811 -0.5079559684 -0.1159034744 0.5109861493 0.8517391086
106.1 -342.2 2771.8 0.9916954637 0.0114154071 0.1281008273 0.0602694377 0.8386587501 -0.5413123369 -0.1136121824 0.5445375443 0.8310061097
-27.1 -187.6 2893.0 0.3605701923 -0.9207893014 -0.1487825513 0.9322360754 0.3505628109 0.0896749496 -0.0304141007 -0.1710345745 0.9847955108
-110.0 -402.2 2900.0 0.2009259462 -0.9207893014 -0.3343289793 0.8021158576 0.3505628109 -0.4834417403 0.5623512864 -0.1710345745 0.8090168238
243.7 -171.1 2861.9 0.5612142086 0.6735015512 0.4810761511 -0.8155354261 0.3508149385 0.4602507949 0.1412109286 -0.6506339312 0.7461467385
382.2 -372.4 2896.8 -0.2613887787 0.6735015512 0.6914272308 -0.7103031278 0.3508149385 -0.6102445126 -0.6535636187 -0.6506339312 0.3866911530
20.4 -510.7 2674.5 0.9735621214 0.2274702191 -0.0208347309 -0.0167251024 -0.0199794527 -0.9996604919 -0.2278092504 0.9735800624 -0.0156467762
-86.1 -501.4 2218.6 0.9735621214 0.0262839813 0.2269051373 -0.0167251024 0.9988937974 -0.0439477973 -0.2278092504 0.0389908999 0.9729247689
198.7 -501.1 2659.8 0.9675289392 -0.2502338588 0.0356471799 0.0405205861 0.0143490303 -0.9990756512 0.2494910657 0.9680790901 0.0240227263
307.8 -507.4 2237.7 0.9675289392 -0.0507078283 -0.2476215363 0.0405205861 0.9981161356 -0.0460681245 0.2494910657 0.0345384739 0.9677609801
-161.0 -605.7 2757.3 0 0 0 0 0 0 0 0 0
315.9 -552.7 2730.9 0 0 0 0 0 0 0 0 0
-95.9 -874.3 2204.0 0 0 0 0 0 0 0 0 0
326.7 -880.0 2224.8 0 0 0 0 0 0 0 0 0
111.4 -9.3 2979.2 5 0.9941720963 0.0152403936 0.1067217737 0.0424615033 0.8545746803 -0.5175897479 -0.0990899950 0.5191048980 0.8489471674
108.3 -180.0 2875.5 0.9941720963 0.0152403936 0.1067217737 0.0424615033 0.8545746803 -0.5175897479 -0.0990899950 0.5191048980 0.8489471674
105.1 -341.9 2768.4 0.9942179918 0.0164530855 0.1061126664 0.0449052155 0.8339296579 -0.5500407219 -0.0975403637 0.5516254306 0.8283690810
-27.4 -186.2 2888.8 0.3549017906 -0.9311486483 -0.0837071612 0.9338356256 0.3487942517 0.0793319568 -0.0446732678 -0.1063237861 0.9933274984
-109.9 -403.1 2899.2 0.2346254587 -0.9311486483 -0.2791291177 0.7963133454 0.3487942517 -0.4941938818 0.5575265884 -0.1063237861 0.8233221173
244.1 -173.9 2862.1 0.5456650853 0.6893273592 0.4765264094 -0.8256878853 0.3451276124 0.4462358057 0.1431401223 -0.6369574070 0.7574933171
378.7 -377.7 2897.5 -0.2624460459 0.6893273592 0.6752406359 -0.7005383968 0.3451276124 -0.6246061325 -0.6636022925 -0.6369574070 0.3923228979
