-18.9 91.4 2911.2 1 0.9990221262 -0.0241279807 0.0370490588 0.0326651819 0.9675060511 -0.2507289648 -0.0297956057 0.2516939938 0.9673480988
-14.0 -106.1 2859.8 0.9990221262 -0.0241279807 0.0370490588 0.0326651819 0.9675060511 -0.2507289648 -0.0297956057 0.2516939938 0.9673480988
-8.5 -293.6 2804.2 0.9988628030 -0.0288843792 0.0379315466 0.0384534709 0.9584109187 -0.2827893198 -0.0281858146 0.2839263380 0.9584317207
-156.3 -111.6 2863.7 -0.0480744913 -0.7259995937 -0.6860127449 0.6430507302 0.5030474067 -0.5774332285 0.7643131614 -0.4689007699 0.4426707923
-142.6 -294.5 2646.4 -0.2106286585 -0.7240936756 -0.6567525864 0.4982604682 0.4984874427 -0.7093988657 0.8410541415 -0.4766535759 0.2557915151
128.2 -100.5 2855.8 -0.0291528292 0.6359624863 0.7711691260 -0.7418227196 0.5033283234 -0.4431248307 -0.6699620485 -0.5849891305 0.4570980072
120.9 -285.9 2688.4 -0.4600742459 0.6359624863 0.6195832491 -0.3613131344 0.5033283234 -0.7849289179 -0.8110391498 -0.5849891305 -0.0017867946
-91.1 -488.7 2751.0 0.9531624913 0.2656316459 -0.1446411610 -0.1569367796 0.0255435519 -0.9872782826 -0.2585576773 0.9637361765 0.0660345256
-194.9 -498.7 2374.5 0.9531624913 0.2760028243 0.1237080097 -0.1569367796 0.8009499311 -0.5777975917 -0.2585576773 0.5313206911 0.8067504168
88.9 -481.5 2749.8 0.9992086291 -0.0366103686 -0.0155488625 -0.0185643323 -0.0835226923 -0.9963329434 0.0351774320 0.9958331585 -0.0841362476
108.4 -437.0 2219.6 0.9992086291 0.0138338357 -0.0372922383 -0.0185643323 0.9913859367 -0.1296508610 0.0351774320 0.1302405596 0.9908581972
-88.5 -422.4 2430.5 0 0 0 0 0 0 0 0 0
3.1 -378.4 2480.7 0 0 0 0 0 0 0 0 0
-298.8 -800.4 2174.4 0 0 0 0 0 0 0 0 0
103.2 -810.4 2170.6 0 0 0 0 0 0 0 0 0
-21.7 87.3 2910.2 2 0.9982803464 -0.0097197900 0.0578088276 0.0247298889 0.9639371634 -0.2649784982 -0.0531485416 0.2659524381 0.9625198841
-19.8 -107.9 2856.4 0.9982803464 -0.0097197900 0.0578088276 0.0247298889 0.9639371634 -0.2649784982 -0.0531485416 0.2659524381 0.9625198841
-17.8 -294.9 2798.6 0.9982554317 -0.0104319472 0.0581140332 0.0271023307 0.9554064274 -0.2940477431 -0.0524550267 0.2951097786 0.9540223479
-161.9 -111.8 2863.8 -0.0564507023 -0.7295470238 -0.6815969348 0.6542655230 0.4886420667 -0.5772049427 0.7541550994 -0.4785290360 0.4497333169
-146.2 -294.0 2653.8 -0.2500157952 -0.7255269885 -0.6411729455 0.4825116694 0.4807588458 -0.7321566939 0.8394489884 -0.4924241602 0.2298779339
122.4 -104.0 2848.9 -0.0220741481 0.6789031029 0.7338959575 -0.7529572845 0.4716285467 -0.4589355886 -0.6576991081 -0.5627229214 0.5007742047
117.1 -284.2 2691.5 -0.4289050400 0.6789031029 0.5959287286 -0.3673067689 0.4716285467 -0.8016559482 -0.8253037333 -0.5627229214 0.0470818430
-93.2 -484.6 2751.2 0.9539102316 0.2625808716 -0.1452809125 -0.1619883478 0.0430211052 -0.9858544469 -0.2526163757 0.9639504552 0.0835733116
-195.9 -501.4 2374.1 0.9539102316 0.2773807943 0.1145214140 -0.1619883478 0.7971940637 -0.5815852284 -0.2526163757 0.5362290144 0.8053840399
87.1 -478.0 2746.8 0.9991750121 -0.0388669930 -0.0117758512 -0.0149025656 -0.0811635330 -0.9965893626 0.0377786644 0.9959427118 -0.0816757903
107.5 -435.4 2223.8 0.9991750121 0.0094416877 -0.0394989662 -0.0149025656 0.9899919629 -0.1403347105 0.0377786644 0.1408075690 0.9893159270
-82.1 -417.8 2438.4 0 0 0 0 0 0 0 0 0
7.4 -378.2 2480.3 0 0 0 0 0 0 0 0 0
-300.3 -801.7 2172.2 0 0 0 0 0 0 0 0 0
103.9 -808.3 2170.8 0 0 0 0 0 0 0 0 0
-24.6 84.4 2921.2 3 0.9987235069 -0.0109741930 0.0493048653 0.0254681706 0.9523600340 -0.3039107323 -0.0436208099 0.3047784865 0.9514238238
-22.3 -108.1 2859.6 0.9987235069 -0.0109741930 0.0493048653 0.0254681706 0.9523600340 -0.3039107323 -0.0436208099 0.3047784865 0.9514238238
-20.9 -292.7 2794.8 0.9987428188 -0.0074952370 0.0495643727 0.0234846808 0.9434968233 -0.3305484056 -0.0442862883 0.3312968612 0.9424866438
-164.6 -111.5 2865.9 -0.0550156198 -0.7226333618 -0.6890386939 0.6435955763 0.5019347668 -0.5777942538 0.7633858919 -0.4752499759 0.4374693632
-149.1 -293.5 2650.0 -0.2904967964 -0.7080931067 -0.6435959339 0.4749705791 0.4771845639 -0.7393901944 0.8306711316 -0.5204796195 0.1977027953
120.0 -104.8 2853.3 -0.0218542367 0.6929511428 0.7206532359 -0.7367837429 0.4760691524 -0.4801123440 -0.6757751703 -0.5414580703 0.5001510382
114.5 -287.1 2686.1 -0.4025321305 0.6929511428 0.5981526375 -0.3675938845 0.4760691524 -0.7988948226 -0.8383570910 -0.5414580703 0.0630914941
-106.0 -484.3 2745.6 0.9579926729 0.2391740382 -0.1582586020 -0.1781131029 0.0636748597 -0.9819476604 -0.2247792929 0.9688866138 0.1036000773
-199.6 -509.3 2366.6 0.9579926729 0.2735570669 0.0861193836 -0.1781131029 0.8028592467 -0.5689400434 -0.2247792929 0.5297014117 0.8178573847
74.3 -479.6 2736.5 0.9975461364 -0.0669840574 -0.0203689653 -0.0260229893 -0.0846499652 -0.9960708618 0.0649966374 0.9941566586 -0.0861853734
108.8 -436.0 2224.0 0.9975461364 0.0159066990 -0.0681816339 -0.0260229893 0.9883189797 -0.1501612514 0.0649966374 0.1515670568 0.9863076806
-74.6 -415.3 2437.0 0 0 0 0 0 0 0 0 0
11.5 -381.2 2471.6 0 0 0 0 0 0 0 0 0
-302.6 -811.6 2167.1 0 0 0 0 0 0 0 0 0
102.8 -808.2 2166.9 0 0 0 0 0 0 0 0 0
-25.5 84.4 2926.3 4 0.9986368418 -0.0180860087 0.0489625074 0.0328394584 0.9468325377 -0.3200463355 -0.0405709371 0.3212179840 0.9461358190
-21.9 -106.7 2861.4 0.9986368418 -0.0180860087 0.0489625074 0.0328394584 0.9468325377 -0.3200463355 -0.0405709371 0.3212179840 0.9461358190
-19.2 -290.3 2793.4 0.9986872077 -0.0135332663 0.0494038798 0.0298394747 0.9376301765 -0.3463513851 -0.0416353010 0.3473708630 0.9368030429
-164.2 -111.0 2867.4 -0.0479956418 -0.7244049907 -0.6877018809 0.6411110759 0.5056167841 -0.5773458481 0.7659457922 -0.4686033726 0.4401566386
-150.6 -292.6 2650.3 -0.2935430408 -0.7069589496 -0.6434605718 0.4754792154 0.4759671688 -0.7398477793 0.8293081522 -0.5231292844 0.1964274347
120.4 -102.5 2855.5 -0.0164995641 0.6876590848 0.7258462310 -0.7388787270 0.4807039201 -0.4722096324 -0.6736363769 -0.5441036224 0.5001652837
116.3 -286.1 2688.1 -0.4023776948 0.6876590848 0.6043320298 -0.3714661896 0.4807039201 -0.7943151593 -0.8367227912 -0.5441036224 0.0620175563
-109.7 -479.4 2734.0 0.9592248201 0.2432190031 -0.1439871639 -0.1751816571 0.1118137240 -0.9781661630 -0.2218088657 0.9635051489 0.1498620063
-204.8 -523.2 2357.3 0.9592248201 0.2692388892 0.0860128477 -0.1751816571 0.8051410317 -0.5666209459 -0.2218088657 0.5284489989 0.8194769621
70.8 -475.3 2726.2 0.9965640903 -0.0772432908 -0.0298905894 -0.0359571651 -0.0783806518 -0.9962748289 0.0746127069 0.9939265251 -0.0808887929
109.7 -435.9 2225.8 0.9965640903 0.0241524298 -0.0792252123 -0.0359571651 0.9878574610 -0.1511446238 0.0746127069 0.1534740180 0.9853317738
-75.3 -414.7 2437.5 0 0 0 0 0 0 0 0 0
13.3 -381.2 2473.9 0 0 0 0 0 0 0 0 0
-306.2 -826.4 2158.2 0 0 0 0 0 0 0 0 0
100.6 -807.9 2168.0 0 0 0 0 0 0 0 0 0
-25.8 79.6 2929.3 5 0.9988532066 -0.0111150378 0.0465692878 0.0259026308 0.9434891343 -0.3303896189 -0.0402653255 0.3312169909 0.9426950812
-23.6 -110.0 2862.7 0.9988532066 -0.0111150378 0.0465692878 0.0259026308 0.9434891343 -0.3303896189 -0.0402653255 0.3312169909 0.9426950812
-22.0 -293.1 2793.6 0.9988737702 -0.0078573255 0.0467912219 0.0238656793 0.9355563521 -0.3523701429 -0.0410071388 0.3530900180 0.9346902370
-165.9 -113.4 2868.5 -0.0533995964 -0.7205600739 -0.6913332343 0.6394680738 0.5070662498 -0.5778964758 0.7669609189 -0.4729450047 0.4336980581
-150.9 -292.9 2653.2 -0.2870632708 -0.7075132728 -0.6457705498 0.4673078656 0.4850484133 -0.7391558886 0.8361926079 -0.5139581561 0.1913869381
118.8 -106.6 2856.9 -0.0054592160 0.6829959154 0.7304017544 -0.7302501202 0.4962718189 -0.4695199728 -0.6831580400 -0.5359392166 0.4960486293
117.4 -284.3 2690.6 -0.3872543573 0.6829959154 0.6193146110 -0.3760979772 0.4962718189 -0.7824733853 -0.8417745233 -0.5359392166 0.0646899641
-106.9 -476.5 2729.2 0.9585841894 0.2574069500 -0.1218933314 -0.1621208936 0.1412736475 -0.9766056538 -0.2341647595 0.9559202194 0.1771537364
-207.5 -531.7 2355.3 0.9585841894 0.2684431076 0.0951557234 -0.1621208936 0.7889896035 -0.5926316381 -0.2341647595 0.5526605844 0.7998331785
73.6 -471.1 2721.8 0.9968125820 -0.0730422512 -0.0320855901 -0.0371304899 -0.0687922239 -0.9969397783 0.0706114918 0.9949535131 -0.0712850466
110.5 -436.5 2220.4 0.9968125820 0.0275747776 -0.0748617873 -0.0371304899 0.9908947349 -0.1294176728 0.0706114918 0.1317848116 0.9887602329
-77.2 -412.9 2438.6 0 0 0 0 0 0 0 0 0
18.3 -380.6 2475.0 0 0 0 0 0 0 0 0 0
-308.6 -828.8 2147.2 0 0 0 0 0 0 0 0 0
100.1 -809.6 2170.8 0 0 0 0 0 0 0 0 0
-29.0 81.5 2930.8 6 0.9977949858 -0.0096952990 0.0656598285 0.0310911182 0.9422956705 -0.3333350420 -0.0586391874 0.3346414864 0.9405192733
-27.0 -109.5 2862.9 0.9977949858 -0.0096952990 0.0656598285 0.0310911182 0.9422956705 -0.3333350420 -0.0586391874 0.3346414864 0.9405192733
-25.3 -292.2 2792.4 0.9977893829 -0.0085163163 0.0659075901 0.0316652060 0.9328594804 -0.3588460684 -0.0584264770 0.3601397574 0.9310669899
-169.2 -114.1 2871.3 -0.0637949407 -0.7320964932 -0.6782071590 0.6257667542 0.5000454783 -0.5986405611 0.7773970366 -0.4625897408 0.4262212813
-151.0 -292.4 2649.7 -0.2884777188 -0.7149417996 -0.6368978620 0.4756717980 0.4702765644 -0.7433547974 0.8309735060 -0.5173956156 0.2044133395
115.2 -105.0 2854.6 0.0103506632 0.6610084176 0.7503070831 -0.7323356271 0.5159237981 -0.4444177747 -0.6808651686 -0.5448765755 0.4894201756
117.7 -286.2 2686.2 -0.3959130645 0.6610084176 0.6374329329 -0.3770487607 0.5159237981 -0.7691923380 -0.8373094201 -0.5448765755 0.0449714400
-110.8 -478.5 2728.1 0.9588360786 0.2479036003 -0.1384816617 -0.1767793894 0.1394790262 -0.9743175507 -0.2222215384 0.9586915374 0.1775617599
-207.8 -533.1 2352.9 0.9588360786 0.2732378244 0.0772946104 -0.1767793894 0.7874037027 -0.5905458927 -0.2222215384 0.5525726080 0.8032938838
69.8 -474.2 2720.8 0.9961547256 -0.0815884322 -0.0319239125 -0.0380084626 -0.0741452873 -0.9965228438 0.0789377317 0.9939043522 -0.0769612268
110.9 -436.8 2219.4 0.9961547256 0.0271167941 -0.0833095908 -0.0380084626 0.9905112386 -0.1320714653 0.0789377317 0.1347300857 0.9877330661
-76.9 -414.5 2436.3 0 0 0 0 0 0 0 0 0
16.4 -382.7 2471.8 0 0 0 0 0 0 0 0 0
-310.7 -829.6 2144.8 0 0 0 0 0 0 0 0 0
100.7 -809.8 2168.7 0 0 0 0 0 0 0 0 0
-32.0 85.3 2931.5 7 0.9979767799 -0.0177040081 0.0610644370 0.0367490947 0.9443812966 -0.3267926574 -0.0518825762 0.3283755481 0.9431212544
-28.4 -107.1 2864.6 0.9979767799 -0.0177040081 0.0610644370 0.0367490947 0.9443812966 -0.3267926574 -0.0518825762 0.3283755481 0.9431212544
-25.8 -290.5 2796.0 0.9980222583 -0.0133491997 0.0614278764 0.0339962617 0.9365778565 -0.3488067985 -0.0528756939 0.3502052724 0.9351793528
-170.6 -112.0 2872.1 -0.0660275370 -0.7311075330 -0.6790597439 0.6320608258 0.4959530234 -0.5954239368 0.7721006870 -0.4685214460 0.4293578863
-151.9 -291.6 2652.7 -0.2790026367 -0.7173990607 -0.6383542418 0.4804543257 0.4712842703 -0.7396315336 0.8314572573 -0.5130591989 0.2131879330
113.8 -102.3 2857.1 0.0370164067 0.6292589903 0.7763136625 -0.7385272980 0.5405626893 -0.4029509425 -0.6732066870 -0.5584130287 0.4847346246
122.8 -282.3 2693.0 -0.4164457917 0.6292589903 0.6562057734 -0.3721288741 0.5405626893 -0.7545277476 -0.8295137286 -0.5584130287 0.0090503814
-113.9 -477.8 2727.2 0.9578922987 0.2421655506 -0.1542665958 -0.1906462312 0.1346734315 -0.9723770022 -0.2147005945 0.9608427882 0.1751706004
-208.7 -530.5 2350.9 0.9578922987 0.2772767246 0.0745650977 -0.1906462312 0.8083837628 -0.5569287539 -0.2147005945 0.5192622542 0.8272063732
66.5 -472.0 2716.6 0.9959250093 -0.0862743184 -0.0262706038 -0.0324879996 -0.0714707449 -0.9969134927 0.0841304511 0.9937044978 -0.0739823803
109.6 -436.3 2220.1 0.9959250093 0.0207804013 -0.0877586305 -0.0324879996 0.9904263020 -0.1341651976 0.0841304511 0.1364695728 0.9870654345
-80.2 -415.0 2439.2 0 0 0 0 0 0 0 0 0
16.2 -377.6 2480.6 0 0 0 0 0 0 0 0 0
-313.0 -834.7 2155.5 0 0 0 0 0 0 0 0 0
101.8 -809.3 2168.7 0 0 0 0 0 0 0 0 0
-30.0 83.9 2931.4 8 0.9989448190 -0.0204418451 0.0411266051 0.0331044681 0.9411797523 -0.3362807930 -0.0318333283 0.3372874260 0.9408633709
-25.9 -108.3 2862.5 0.9989448190 -0.0204418451 0.0411266051 0.0331044681 0.9411797523 -0.3362807930 -0.0318333283 0.3372874260 0.9408633709
-22.6 -291.3 2792.6 0.9989948273 -0.0168953259 0.0415198244 0.0305928085 0.9339739680 -0.3560290337 -0.0327632092 0.3569413424 0.9335520267
-168.2 -112.7 2867.2 -0.0587027445 -0.7201002240 -0.6913824677 0.6392520666 0.5048371553 -0.5800829530 0.7667534351 -0.4760200977 0.4306901991
-151.9 -290.8 2653.5 -0.2811143100 -0.7071151733 -0.6488165259 0.4800861776 0.4817808270 -0.7330787778 0.8309584856 -0.5175668001 0.2040407211
116.5 -104.0 2857.8 0.0242189020 0.6356049776 0.7716344595 -0.7260071039 0.5418076515 -0.4235069156 -0.6872605681 -0.5499552488 0.4745756984
122.3 -278.1 2693.0 -0.3941301703 0.6356049776 0.6638280749 -0.3848061860 0.5418076515 -0.7472406626 -0.8346170187 -0.5499552488 0.0310419686
-113.4 -477.0 2732.2 0.9584797025 0.2377111018 -0.1575121433 -0.1891060174 0.1164233685 -0.9750305414 -0.2134374827 0.9643334746 0.1565420330
-206.5 -522.6 2354.6 0.9584797025 0.2747944891 0.0761881545 -0.1891060174 0.8124915361 -0.5514494181 -0.2134374827 0.5141454339 0.8307219148
67.0 -470.9 2722.7 0.9962837100 -0.0828709751 -0.0234758984 -0.0290264636 -0.0664219484 -0.9973693490 0.0810936540 0.9943442941 -0.0685805529
108.9 -437.3 2219.7 0.9962837100 0.0173627138 -0.0843638107 -0.0290264636 0.9898579121 -0.1390640587 0.0810936540 0.1409960389 0.9866833091
-79.7 -414.1 2440.2 0 0 0 0 0 0 0 0 0
21.4 -376.6 2479.4 0 0 0 0 0 0 0 0 0
-310.0 -828.5 2161.1 0 0 0 0 0 0 0 0 0
102.4 -810.1 2166.6 0 0 0 0 0 0 0 0 0
-30.9 84.5 2919.8 9 0.9993887544 -0.0180684011 0.0299265552 0.0261747576 0.9542114139 -0.2979856730 -0.0231721364 0.2985868454 0.9541011453
-27.2 -110.5 2858.8 0.9993887544 -0.0180684011 0.0299265552 0.0261747576 0.9542114139 -0.2979856730 -0.0231721364 0.2985868454 0.9541011453
-23.5 -294.9 2793.0 0.9993492365 -0.0190046765 0.0306577533 0.0281962641 0.9416615367 -0.3353781998 -0.0224954728 0.3360244036 0.9415845871
-169.6 -114.6 2862.0 -0.0675541982 -0.7146268487 -0.6962362528 0.6429134011 0.5024518967 -0.5781041980 0.7629539967 -0.4866729975 0.4255004227
-150.8 -293.0 2650.2 -0.2823784947 -0.7062234282 -0.6492387056 0.4700062573 0.4881353378 -0.7354032993 0.8362753987 -0.5128083229 0.1940905005
115.2 -106.5 2855.6 0.0314599499 0.6432576776 0.7650032043 -0.7222884297 0.5436773300 -0.4274510741 -0.6908760071 -0.5391053557 0.4817216098
122.6 -274.9 2694.6 -0.3758949041 0.6432576776 0.6670252085 -0.3891667426 0.5436773300 -0.7436156273 -0.8409829140 -0.5391053557 0.0459689572
-109.5 -476.9 2725.7 0.9551879764 0.2476879656 -0.1620698422 -0.1993356794 0.1335004717 -0.9707949758 -0.2188178301 0.9595980048 0.1768911034
-206.5 -529.2 2349.9 0.9551879764 0.2861789465 0.0756146163 -0.1993356794 0.8107560277 -0.5503997803 -0.2188178301 0.5106625557 0.8314700723
71.0 -471.4 2719.8 0.9966667891 -0.0765072033 -0.0283188131 -0.0337259918 -0.0703338310 -0.9969531894 0.0742823258 0.9945852160 -0.0726796761
109.2 -436.3 2223.4 0.9966667891 0.0223976150 -0.0784452260 -0.0337259918 0.9886783957 -0.1462107897 0.0742823258 0.1483690739 0.9861382842
-78.3 -413.7 2435.5 0 0 0 0 0 0 0 0 0
26.3 -374.5 2479.3 0 0 0 0 0 0 0 0 0
-314.3 -834.5 2157.6 0 0 0 0 0 0 0 0 0
100.8 -808.7 2167.5 0 0 0 0 0 0 0 0 0
-30.5 84.7 2914.1 0 0.9993178248 -0.0262649953 0.0259625576 0.0325862207 0.9579161406 -0.2851925790 -0.0173793714 0.2858440578 0.9581185579
-25.2 -110.6 2855.8 0.9993178248 -0.0262649953 0.0259625576 0.0325862207 0.9579161406 -0.2851925790 -0.0173793714 0.2858440578 0.9581185579
-20.8 -296.2 2793.8 0.9993835092 -0.0227257311 0.0267604906 0.0300298445 0.9482043386 -0.3162384331 -0.0181876644 0.3168470860 0.9483022094
-167.6 -114.9 2858.4 -0.0625382811 -0.7146733999 -0.6966569424 0.6447715759 0.5038750768 -0.5747864842 0.7618126869 -0.4851307571 0.4292895794
-150.1 -295.5 2644.9 -0.2793410122 -0.7048701048 -0.6520174146 0.4783962071 0.4865979850 -0.7309989333 0.8325296640 -0.5161206722 0.2012804300
117.2 -106.3 2853.2 -0.0007711831 0.6719855666 0.7405638695 -0.7267917395 0.5082854629 -0.4619736671 -0.6868574619 -0.5385919213 0.4880015552
117.1 -279.3 2689.7 -0.3738575578 0.6719855666 0.6392698288 -0.3949610293 0.5082854629 -0.7652788162 -0.8391878605 -0.5385919213 0.0753817409
-110.1 -481.9 2729.3 0.9562494755 0.2411067784 -0.1656939089 -0.1921594143 0.0905845314 -0.9771741033 -0.2205939889 0.9662618637 0.1329523474
-204.4 -517.3 2351.2 0.9562494755 0.2795807123 0.0861485749 -0.1921594143 0.8222920299 -0.5356403589 -0.2205939889 0.4956515133 0.8400403857
70.6 -476.7 2725.2 0.9966747761 -0.0764313266 -0.0282432288 -0.0342575461 -0.0785583407 -0.9963207245 0.0739313737 0.9939752817 -0.0809154660
109.2 -437.1 2223.0 0.9966747761 0.0224245284 -0.0783362463 -0.0342575461 0.9876094460 -0.1531469375 0.0739313737 0.1553212851 0.9850936532
-78.4 -418.4 2431.1 0 0 0 0 0 0 0 0 0
21.3 -380.5 2474.8 0 0 0 0 0 0 0 0 0
-309.7 -826.9 2164.6 0 0 0 0 0 0 0 0 0
100.7 -809.0 2164.5 0 0 0 0 0 0 0 0 0
-32.3 86.1 2911.2 1 0.9990947247 -0.0376926214 0.0197223965 0.0416416414 0.9613357186 -0.2722124755 -0.0086994423 0.2727873325 0.9620350003
-24.6 -109.4 2855.7 0.9990947247 -0.0376926214 0.0197223965 0.0416416414 0.9613357186 -0.2722124755 -0.0086994423 0.2727873325 0.9620350003
-17.8 -295.8 2796.1 0.9991716146 -0.0349048190 0.0209211428 0.0396150127 0.9519104362 -0.3038044274 -0.0093108146 0.3043815792 0.9525046945
-167.0 -115.0 2857.0 -0.0630844012 -0.7165504098 -0.6946768165 0.6392385960 0.5055280924 -0.5794957876 0.7664166093 -0.4806213975 0.4261557162
-149.0 -297.0 2638.9 -0.2555551231 -0.7107200027 -0.6554148793 0.4814906716 0.4943080544 -0.7237584591 0.8383664489 -0.5005363226 0.2158821076
117.8 -103.7 2854.4 -0.0149455117 0.6525339484 0.7576121092 -0.7286343575 0.5117754936 -0.4551678896 -0.6847398281 -0.5588248968 0.4678098857
114.1 -282.6 2686.2 -0.3921044469 0.6525339484 0.6484239101 -0.4030163884 0.5117754936 -0.7587249875 -0.8269413114 -0.5588248968 0.0623124167
-106.7 -484.6 2733.4 0.9559191465 0.2482078820 -0.1568802595 -0.1817480624 0.0805258006 -0.9800424576 -0.2306213528 0.9653540254 0.1220874563
-203.8 -516.1 2355.5 0.9559191465 0.2772955596 0.0965698957 -0.1817480624 0.8170795441 -0.5471276641 -0.2306213528 0.5054584146 0.8314599395
74.0 -479.1 2730.1 0.9973127246 -0.0692785382 -0.0238278247 -0.0295591392 -0.0829171985 -0.9961179495 0.0670338646 0.9941454530 -0.0847421959
109.2 -437.0 2224.5 0.9973127246 0.0184270963 -0.0709064454 -0.0295591392 0.9867860079 -0.1593100131 0.0670338646 0.1609778404 0.9846789241
-83.4 -420.6 2423.7 0 0 0 0 0 0 0 0 0
13.7 -385.8 2474.5 0 0 0 0 0 0 0 0 0
-308.2 -823.8 2165.1 0 0 0 0 0 0 0 0 0
102.3 -808.6 2163.8 0 0 0 0 0 0 0 0 0
-31.9 85.7 2910.2 2 0.9988370538 -0.0336208828 0.0345560089 0.0417447425 0.9616827369 -0.2709680200 -0.0241217334 0.2720954418 0.9619678855
-25.1 -109.0 2855.1 0.9988370538 -0.0336208828 0.0345560089 0.0417447425 0.9616827369 -0.2709680200 -0.0241217334 0.2720954418 0.9619678855
-18.9 -295.6 2795.9 0.9988667369 -0.0315958038 0.0355941430 0.0408742577 0.9526085854 -0.3014400899 -0.0243830439 0.3025533855 0.9528205395
-167.4 -114.8 2858.6 -0.0707274526 -0.7236665487 -0.6865161061 0.6376661062 0.4964440465 -0.5890035629 0.7670590281 -0.4794268012 0.4263454378
-147.3 -296.4 2640.2 -0.2316984236 -0.7219306231 -0.6520214677 0.4894146323 0.4927476346 -0.7194949985 0.8407075405 -0.4858147204 0.2391545773
117.3 -103.2 2851.7 -0.0061619910 0.6276760101 0.7784502506 -0.7370308042 0.5232700706 -0.4277545810 -0.6758310199 -0.5763776898 0.4593921900
115.8 -282.6 2687.1 -0.4150496125 0.6276760101 0.6586019993 -0.4014418423 0.5232700706 -0.7516866922 -0.8164424300 -0.5763776898 0.0347923711
-101.3 -485.7 2737.4 0.9547882080 0.2634586990 -0.1377278864 -0.1631078124 0.0769133046 -0.9836056828 -0.2485463768 0.9615996480 0.1164080948
-204.4 -515.8 2360.8 0.9547882080 0.2737233341 0.1159956530 -0.1631078124 0.8085382581 -0.5653864145 -0.2485463768 0.5209044814 0.8166291714
79.3 -478.6 2735.7 0.9983089566 -0.0557690263 -0.0164043140 -0.0210506283 -0.0837746188 -0.9962623715 0.0541863181 0.9949229360 -0.0848069191
107.9 -435.6 2225.6 0.9983089566 0.0121304896 -0.0568518862 -0.0210506283 0.9870479107 -0.1590387970 0.0541863181 0.1599666178 0.9856340885
-87.8 -422.0 2424.4 0 0 0 0 0 0 0 0 0
9.5 -385.4 2478.1 0 0 0 0 0 0 0 0 0
-307.5 -820.3 2164.7 0 0 0 0 0 0 0 0 0
103.4 -807.4 2165.4 0 0 0 0 0 0 0 0 0
-31.2 87.3 2908.7 3 0.9983023405 -0.0353382714 0.0462991148 0.0462150387 0.9643921256 -0.2604073882 -0.0354481526 0.2621050477 0.9643880725
-24.1 -107.9 2855.7 0.9983023405 -0.0353382714 0.0462991148 0.0462150387 0.9643921256 -0.2604073882 -0.0354481526 0.2621050477 0.9643880725
-17.5 -295.1 2798.7 0.9983247519 -0.0332860053 0.0473258644 0.0455883890 0.9561997652 -0.2891430557 -0.0356285609 0.2908161879 0.9561153650
-166.3 -114.4 2860.8 -0.0634168610 -0.7320750952 -0.6782656908 0.6355972886 0.4943455458 -0.5929912329 0.7694117427 -0.4687094688 0.4339550734
-148.3 -295.4 2641.6 -0.2131849527 -0.7304202318 -0.6488747597 0.4974783361 0.4904463589 -0.7155261636 0.8408730626 -0.4753405452 0.2588124871
118.2 -101.4 2850.6 -0.0163324531 0.6664057970 0.7454103231 -0.7488507628 0.4858412743 -0.4507557452 -0.6625373363 -0.5655630827 0.4911035001
114.2 -285.8 2687.5 -0.4232949317 0.6664057970 0.6137790680 -0.3779104054 0.4858412743 -0.7881256342 -0.8234106898 -0.5655630827 0.0461875275
-103.0 -485.8 2738.9 0.9544014335 0.2516486049 -0.1605953723 -0.1864382327 0.0823050290 -0.9790130854 -0.2331494838 0.9643126130 0.1254689544
-201.5 -518.0 2361.2 0.9544014335 0.2865328491 0.0837665275 -0.1864382327 0.7912539840 -0.5823726654 -0.2331494838 0.5401999950 0.8085946441
77.6 -478.4 2734.5 0.9981862307 -0.0583848096 -0.0146784028 -0.0195347946 -0.0834982470 -0.9963164330 0.0569441244 0.9947960973 -0.0844873339
107.4 -435.8 2226.8 0.9981862307 0.0100307809 -0.0593601316 -0.0195347946 0.9866352677 -0.1617692113 0.0569441244 0.1626353860 0.9850416780
-93.5 -423.1 2425.8 0 0 0 0 0 0 0 0 0
5.8 -382.5 2476.7 0 0 0 0 0 0 0 0 0
-309.4 -815.9 2157.9 0 0 0 0 0 0 0 0 0
103.6 -807.4 2165.5 0 0 0 0 0 0 0 0 0
-30.6 87.0 2908.5 4 0.9977033734 -0.0310136899 0.0602175966 0.0456833281 0.9644842744 -0.2601597011 -0.0500104129 0.2623131573 0.9636860490
-24.3 -108.0 2855.5 0.9977033734 -0.0310136899 0.0602175966 0.0456833281 0.9644842744 -0.2601597011 -0.0500104129 0.2623131573 0.9636860490
-19.1 -295.3 2798.2 0.9977744222 -0.0266423170 0.0611260682 0.0433164649 0.9559186697 -0.2904190421 -0.0506941117 0.2924204469 0.9549452066
-166.5 -114.2 2862.7 -0.0612900741 -0.7371699214 -0.6729220152 0.6407149434 0.4878909588 -0.5928294659 0.7653285861 -0.4674857557 0.4424129128
-149.2 -295.7 2645.9 -0.2084561735 -0.7369636893 -0.6429856420 0.4951962233 0.4874004424 -0.7191811204 0.8434019089 -0.4683218002 0.2633399963
117.8 -101.9 2848.2 -0.0253704097 0.6960169673 0.7175769806 -0.7538006902 0.4581545889 -0.4710401595 -0.6566131711 -0.5528605580 0.5130345225
111.7 -285.0 2688.7 -0.4118863642 0.6960169673 0.5881411433 -0.3759333193 0.4581545889 -0.8054617047 -0.8300745487 -0.5528605580 0.0729483142
-101.2 -486.5 2745.0 0.9546861053 0.2482043654 -0.1642223597 -0.1841055304 0.0589781031 -0.9811354280 -0.2338365763 0.9669106603 0.1020013765
-198.4 -509.6 2366.4 0.9546861053 0.2845385969 0.0872477666 -0.1841055304 0.7949597836 -0.5780519843 -0.2338365763 0.5357954502 0.8113222122
79.2 -478.3 2738.6 0.9983283281 -0.0548746251 -0.0181480385 -0.0224805586 -0.0793961063 -0.9965896010 0.0532465987 0.9953316450 -0.0804969966
107.6 -437.2 2224.0 0.9983283281 0.0136648566 -0.0561591275 -0.0224805586 0.9869443774 -0.1594847590 0.0532465987 0.1604806483 0.9856017232
-95.6 -422.8 2429.4 0 0 0 0 0 0 0 0 0
6.2 -381.3 2476.1 0 0 0 0 0 0 0 0 0
-305.6 -808.9 2164.7 0 0 0 0 0 0 0 0 0
102.5 -809.0 2163.5 0 0 0 0 0 0 0 0 0
-31.3 87.4 2908.4 5 0.9981440902 -0.0250962134 0.0554846339 0.0389461257 0.9635114670 -0.2648184299 -0.0468141437 0.2664878666 0.9627007246
-26.2 -107.9 2854.4 0.9981440902 -0.0250962134 0.0554846339 0.0389461257 0.9635114670 -0.2648184299 -0.0468141437 0.2664878666 0.9627007246
-21.9 -294.9 2796.5 0.9981806278 -0.0218451880 0.0561977364 0.0374522284 0.9550822973 -0.2939644456 -0.0472517572 0.2955343425 0.9541628361
-168.4 -113.2 2861.1 -0.0677012578 -0.7319640517 -0.6779713631 0.6439815760 0.4869605303 -0.5900484324 0.7620395422 -0.4765481055 0.4384035170
-149.4 -294.4 2646.7 -0.2192721367 -0.7340501547 -0.6427208781 0.4815640450 0.4914928675 -0.7256244421 0.8485374451 -0.4686204791 0.2457214743
116.1 -102.5 2847.6 -0.0178982820 0.6608086824 0.7503409386 -0.7462702394 0.4906094670 -0.4498701096 -0.6654024720 -0.5680090189 0.4843607843
111.7 -286.5 2683.6 -0.4272962511 0.6608086824 0.6170492768 -0.3762622476 0.4906094670 -0.7859573960 -0.8220977187 -0.5680090189 0.0390017740
-104.1 -486.4 2745.5 0.9555844069 0.2410170287 -0.1696149856 -0.1907354742 0.0670125112 -0.9793514609 -0.2246740460 0.9682045579 0.1100066081
-198.5 -512.6 2366.4 0.9555844069 0.2859526575 0.0713409781 -0.1907354742 0.7845787406 -0.5899628401 -0.2246740460 0.5501520634 0.8042725325
76.3 -478.6 2736.4 0.9977385402 -0.0622689538 -0.0253067054 -0.0303112622 -0.0807848424 -0.9962705374 0.0599923283 0.9947845936 -0.0824896023
108.3 -437.0 2224.7 0.9977385402 0.0199384615 -0.0641896352 -0.0303112622 0.9858399630 -0.1649266481 0.0599923283 0.1664993316 0.9842148423
-93.1 -418.0 2428.9 0 0 0 0 0 0 0 0 0
2.3 -382.8 2473.1 0 0 0 0 0 0 0 0 0
-306.1 -808.1 2159.2 0 0 0 0 0 0 0 0 0
100.8 -808.3 2162.0 0 0 0 0 0 0 0 0 0
-33.5 86.4 2908.8 6 0.9985873699 -0.0284082945 0.0449031144 0.0396638773 0.9608607292 -0.2741776705 -0.0353567190 0.2755713761 0.9606301785
-27.7 -107.6 2853.2 0.9985873699 -0.0284082945 0.0449031144 0.0396638773 0.9608607292 -0.2741776705 -0.0353567190 0.2755713761 0.9606301785
-22.8 -293.7 2792.6 0.9986277223 -0.0252958126 0.0458563901 0.0382269025 0.9505834579 -0.3081067502 -0.0357965156 0.3094368875 0.9502459764
-170.1 -113.0 2858.3 -0.0775718763 -0.7256988883 -0.6836254001 0.6479467750 0.4844399095 -0.5877779722 0.7577252984 -0.4885479212 0.4326353371
-148.3 -294.4 2646.1 -0.2033401430 -0.7347192764 -0.6471787691 0.4741083086 0.5044415593 -0.7216370702 0.8566645384 -0.4535706043 0.2457632869
114.6 -102.1 2848.1 -0.0013739371 0.6239837408 0.7814360857 -0.7464541793 0.5193562508 -0.4160230756 -0.6654353738 -0.5838778615 0.4650617242
114.2 -284.4 2685.6 -0.4336467385 0.6239837408 0.6500728726 -0.3914411962 0.5193562508 -0.7596333623 -0.8116183281 -0.5838778615 0.0190357957
-107.8 -485.4 2742.9 0.9567645788 0.2361549288 -0.1698010713 -0.1917801648 0.0732756034 -0.9786986709 -0.2186822444 0.9689486623 0.1153973341
-200.3 -514.1 2363.4 0.9567645788 0.2822194695 0.0703827143 -0.1917801648 0.7940216660 -0.5768448114 -0.2186822444 0.5384066701 0.8138158917
72.6 -478.6 2734.3 0.9972614646 -0.0703309327 -0.0228721369 -0.0284943897 -0.0800054073 -0.9963870645 0.0682469383 0.9943101406 -0.0817903504
108.8 -437.5 2223.1 0.9972614646 0.0174961556 -0.0718572140 -0.0284943897 0.9875012636 -0.1550140977 0.0682469383 0.1566371024 0.9852954745
-96.1 -416.2 2426.2 0 0 0 0 0 0 0 0 0
3.2 -384.6 2477.8 0 0 0 0 0 0 0 0 0
-306.6 -813.1 2160.7 0 0 0 0 0 0 0 0 0
102.2 -809.4 2164.2 0 0 0 0 0 0 0 0 0
-31.9 88.9 2910.1 7 0.9978832006 -0.0355594978 0.0544480570 0.0492239967 0.9601642489 -0.2750666142 -0.0424978435 0.2771645188 0.9598821402
-24.7 -105.7 2853.9 0.9978832006 -0.0355594978 0.0544480570 0.0492239967 0.9601642489 -0.2750666142 -0.0424978435 0.2771645188 0.9598821402
-18.6 -291.9 2793.6 0.9979832768 -0.0307695717 0.0555216931 0.0463419855 0.9509028792 -0.3060002029 -0.0433802456 0.3079560697 0.9504110813
-166.9 -112.3 2860.1 -0.0735226870 -0.7337698340 -0.6754081845 0.6448752880 0.4816254973 -0.5934414268 0.7607432604 -0.4791854620 0.4377796352
-146.3 -293.2 2646.7 -0.1854984164 -0.7412150502 -0.6451283693 0.4882708192 0.5002106428 -0.7151090503 0.8527496457 -0.4476489425 0.2691254020
117.6 -99.1 2847.7 -0.0106287235 0.6162769794 0.7874577641 -0.7486671805 0.5171293616 -0.4148188233 -0.6628608108 -0.5939527750 0.4558899403
114.9 -286.4 2681.8 -0.4463396072 0.6162769794 0.6488325000 -0.3920165598 0.5171293616 -0.7608549595 -0.8044277430 -0.5939527750 0.0107754748
-108.1 -483.3 2735.3 0.9538480639 0.2389627397 -0.1818535030 -0.2101016045 0.0983973294 -0.9727154374 -0.2145488411 0.9660304189 0.1440625489
-201.6 -521.9 2357.0 0.9538480639 0.2937651873 0.0622567758 -0.2101016045 0.8009983301 -0.5605881214 -0.2145488411 0.5216356516 0.8257511854
72.5 -476.4 2728.8 0.9969307184 -0.0728928372 -0.0285627767 -0.0341149606 -0.0760976151 -0.9965165854 0.0704653636 0.9944323897 -0.0783507824
109.6 -437.6 2221.7 0.9969307184 0.0230883211 -0.0748072639 -0.0341149606 0.9881489873 -0.1496585906 0.0704653636 0.1517512947 0.9859037399
-98.6 -418.5 2427.8 0 0 0 0 0 0 0 0 0
0.6 -386.8 2475.9 0 0 0 0 0 0 0 0 0
-312.2 -823.4 2160.6 0 0 0 0 0 0 0 0 0
100.9 -809.8 2164.5 0 0 0 0 0 0 0 0 0
-29.4 86.5 2909.2 8 0.9987818003 -0.0353268944 0.0344526395 0.0434949026 0.9600183368 -0.2765375674 -0.0233059507 0.2776992023 0.9603853226
-22.2 -107.7 2853.0 0.9987818003 -0.0353268944 0.0344526395 0.0434949026 0.9600183368 -0.2765375674 -0.0233059507 0.2776992023 0.9603853226
-15.9 -294.0 2792.8 0.9988380075 -0.0325956531 0.0354978889 0.0419117510 0.9511253238 -0.3059478104 -0.0237903707 0.3070800900 0.9513862729
-164.6 -113.7 2856.4 -0.0607555732 -0.7231554389 -0.6880079508 0.6503142118 0.4942339063 -0.5769092441 0.7572319508 -0.4824717939 0.4402507842
-147.8 -293.5 2647.0 -0.1694229841 -0.7303346395 -0.6617455482 0.5013377070 0.5142196417 -0.6958726048 0.8485023975 -0.4496547878 0.2790236771
120.1 -101.8 2849.6 -0.0172313005 0.6258324981 0.7797671556 -0.7468416691 0.5104702115 -0.4262014627 -0.6647786498 -0.5897065997 0.4586016834
115.8 -287.4 2684.3 -0.4470651448 0.6258324981 0.6391137838 -0.3847661614 0.5104702115 -0.7690091729 -0.8075194955 -0.5897065997 0.0125857033
-102.8 -482.3 2737.2 0.9550296068 0.2542749643 -0.1525209993 -0.1812827438 0.0936721265 -0.9789596796 -0.2346379757 0.9625849724 0.1355553120
-202.4 -519.0 2360.2 0.9550296068 0.2816238701 0.0927707776 -0.1812827438 0.8021664023 -0.5689162612 -0.2346379757 0.5265141129 0.8171461821
77.6 -474.0 2729.3 0.9975880980 -0.0629975051 -0.0291433483 -0.0336207300 -0.0712221861 -0.9968937039 0.0607261620 0.9954690933 -0.0731684268
109.7 -437.7 2222.1 0.9975880980 0.0240663178 -0.0651063174 -0.0336207300 0.9881304502 -0.1498929709 0.0607261620 0.1517203748 0.9865562916
-104.3 -422.2 2429.1 0 0 0 0 0 0 0 0 0
1.3 -386.0 2477.5 0 0 0 0 0 0 0 0 0
-308.4 -821.1 2162.0 0 0 0 0 0 0 0 0 0
100.6 -809.9 2165.0 0 0 0 0 0 0 0 0 0
-31.6 86.3 2908.2 9 0.9990855455 -0.0252196211 0.0345255062 0.0338003486 0.9604011178 -0.2765633166 -0.0261835121 0.2774773836 0.9603753090
-26.5 -109.8 2851.6 0.9990855455 -0.0252196211 0.0345255062 0.0338003486 0.9604011178 -0.2765633166 -0.0261835121 0.2774773836 0.9603753090
-22.1 -296.1 2791.3 0.9991228580 -0.0225582086 0.0352801196 0.0323089957 0.9512395859 -0.3067561984 -0.0266399775 0.3076269627 0.9511340261
-168.8 -114.4 2855.4 -0.0768155530 -0.7187056541 -0.6910582781 0.6477164030 0.4909596145 -0.5825994611 0.7579992414 -0.4923624694 0.4278041124
-147.2 -296.6 2642.1 -0.1700069606 -0.7275645137 -0.6646408439 0.5039893985 0.5153834224 -0.6930906773 0.8468130231 -0.4528021812 0.2790660262
115.9 -105.2 2847.8 -0.0033854623 0.6204059720 0.7842735648 -0.7453222871 0.5213123560 -0.4156056941 -0.6666957140 -0.5859435797 0.4606375098
115.1 -286.9 2685.2 -0.4438160062 0.6204059720 0.6466249228 -0.3826138377 0.5213123560 -0.7627844214 -0.8103295565 -0.5859435797 0.0060091270
-99.7 -484.1 2734.8 0.9527935982 0.2579069734 -0.1602133512 -0.1883893013 0.0883639380 -0.9781110883 -0.2381045967 0.9621204734 0.1327795088
-200.8 -518.7 2358.0 0.9527935982 0.2890342474 0.0929705799 -0.1883893013 0.8029266000 -0.5655248165 -0.2381045967 0.5213137865 0.8194743395
80.8 -476.5 2730.5 0.9981903434 -0.0552312322 -0.0237805452 -0.0279527586 -0.0760402903 -0.9967128634 0.0532413982 0.9955738783 -0.0774465501
109.0 -437.7 2223.1 0.9981903434 0.0191271808 -0.0570101216 -0.0279527586 0.9869982004 -0.1582820863 0.0532413982 0.1595892459 0.9857467413
-103.6 -426.0 2424.7 0 0 0 0 0 0 0 0 0
1.4 -384.9 2477.7 0 0 0 0 0 0 0 0 0
-309.6 -821.1 2161.7 0 0 0 0 0 0 0 0 0
101.7 -809.5 2163.0 0 0 0 0 0 0 0 0 0
-33.4 89.3 2908.7 0 0.9987442493 -0.0390240178 0.0314182080 0.0458725393 0.9644303918 -0.2603262663 -0.0201416966 0.2614405751 0.9650093913
-25.4 -108.1 2855.2 0.9987442493 -0.0390240178 0.0314182080 0.0458725393 0.9644303918 -0.2603262663 -0.0201416966 0.2614405751 0.9650093913
-18.1 -295.5 2799.2 0.9987771511 -0.0373338722 0.0324094929 0.0450436585 0.9573865533 -0.2852754593 -0.0203779731 0.2863864303 0.9578974843
-167.8 -114.5 2858.2 -0.0725008771 -0.7244909406 -0.6854608059 0.6388157606 0.4940615594 -0.5897606611 0.7659360766 -0.4806413352 0.4269963205
-147.1 -296.2 2640.3 -0.1697532237 -0.7299804091 -0.6620517373 0.5099902749 0.5097778440 -0.6928466558 0.8432637453 -0.4552529156 0.2857464850
116.9 -101.6 2852.3 -0.0232439321 0.6307892799 0.7756059766 -0.7424787879 0.5086305141 -0.4359131157 -0.6694661975 -0.5860033035 0.4565250576
111.0 -288.4 2683.9 -0.4451467395 0.6307892799 0.6355700493 -0.3813718259 0.5086305141 -0.7719135284 -0.8101851344 -0.5860033035 0.0141500216
-107.9 -485.3 2733.5 0.9566251636 0.2477915883 -0.1531914175 -0.1828101873 0.1011761576 -0.9779283404 -0.2268230915 0.9635158181 0.1420864910
-205.0 -524.9 2356.1 0.9566251636 0.2779751122 0.0871671438 -0.1828101873 0.8057667613 -0.5633119345 -0.2268230915 0.5229433179 0.8216334581
72.7 -479.5 2728.7 0.9971080422 -0.0712699741 -0.0263839811 -0.0323409699 -0.0837665275 -0.9959604740 0.0687719807 0.9939334989 -0.0858292207
108.9 -436.8 2222.9 0.9971080422 0.0205895901 -0.0731545836 -0.0323409699 0.9860485792 -0.1632858068 0.0687719807 0.1651794761 0.9838628769
-103.6 -427.1 2423.8 0 0 0 0 0 0 0 0 0
-3.0 -386.0 2476.4 0 0 0 0 0 0 0 0 0
-309.7 -828.4 2159.2 0 0 0 0 0 0 0 0 0
101.2 -808.2 2160.7 0 0 0 0 0 0 0 0 0
-32.6 88.9 2909.0 1 0.9989603162 -0.0451130979 -0.0065659247 0.0417789072 0.9635755420 -0.2641527653 0.0182435140 0.2636038065 0.9644585252
-23.4 -107.2 2855.3 0.9989603162 -0.0451130979 -0.0065659247 0.0417789072 0.9635755420 -0.2641527653 0.0182435140 0.2636038065 0.9644585252
-14.5 -294.4 2798.3 0.9989548922 -0.0454033576 -0.0052574193 0.0418935418 0.9555323124 -0.2918953896 0.0182766635 0.2913700640 0.9564357996
-165.6 -113.2 2852.8 -0.0665113181 -0.7048368454 -0.7062444687 0.6504095197 0.5061393976 -0.5663836002 0.7566661835 -0.4970190525 0.4247685969
-147.0 -295.2 2641.0 -0.1560356021 -0.7152757645 -0.6812000275 0.5017585754 0.5366424322 -0.6784196496 0.8508179784 -0.4476555884 0.2751604319
118.9 -101.3 2857.9 -0.0247227233 0.6194831133 0.7846205831 -0.7391788363 0.5170883536 -0.4315487444 -0.6730552912 -0.5906440020 0.4451249838
112.7 -285.7 2690.0 -0.4449629486 0.6194831133 0.6467214227 -0.3885629177 0.5170883536 -0.7626522779 -0.8068623543 -0.5906440020 0.0106230155
-101.1 -487.0 2745.0 0.9568024278 0.2564748526 -0.1369296759 -0.1633701771 0.0846932381 -0.9829227924 -0.2404979765 0.9628331661 0.1229350418
-201.5 -520.2 2367.9 0.9568024278 0.2741093040 0.0969183967 -0.1633701771 0.7826361656 -0.6006586552 -0.2404979765 0.5588780642 0.7936094999
79.4 -478.9 2741.3 0.9978661537 -0.0587085858 -0.0285743102 -0.0332764834 -0.0807435289 -0.9961792827 0.0561770834 0.9950044155 -0.0825248510
110.0 -436.9 2223.6 0.9978661537 0.0236671660 -0.0608527288 -0.0332764834 0.9862120152 -0.1621066332 0.0561770834 0.1637856811 0.9848951101
-107.0 -424.1 2422.5 0 0 0 0 0 0 0 0 0
-1.3 -385.2 2483.3 0 0 0 0 0 0 0 0 0
-304.7 -814.7 2157.6 0 0 0 0 0 0 0 0 0
101.1 -808.3 2161.9 0 0 0 0 0 0 0 0 0
-31.4 85.5 2899.1 2 0.9985808730 -0.0491652787 -0.0204705410 0.0425758474 0.9678920507 -0.2477343380 0.0319932029 0.2465112209 0.9686117172
-21.5 -111.0 2849.1 0.9985808730 -0.0491652787 -0.0204705410 0.0425758474 0.9678920507 -0.2477343380 0.0319932029 0.2465112209 0.9686117172
-11.6 -298.9 2795.0 0.9985579848 -0.0502420515 -0.0189131163 0.0430195667 0.9596366286 -0.2779331505 0.0321136527 0.2767187357 0.9604142308
-163.7 -117.1 2844.5 -0.0603941754 -0.6991347075 -0.7124347091 0.6562097669 0.5100159645 -0.5561226606 0.7521577477 -0.5010932088 0.4279770255
-147.1 -297.1 2638.2 -0.1546424031 -0.7100564837 -0.6869537830 0.5025121570 0.5421281457 -0.6734824181 0.8506276011 -0.4493515491 0.2729760110
120.8 -104.8 2853.7 -0.0197829101 0.6232187748 0.7817972898 -0.7466922402 0.5107917190 -0.4260781109 -0.6648754478 -0.5921910405 0.4552476704
116.1 -283.3 2694.8 -0.4457452595 0.6232187748 0.6425803900 -0.3901809156 0.5107917190 -0.7660617828 -0.8056488037 -0.5921910405 0.0154850837
-95.8 -485.3 2739.6 0.9543352127 0.2690278292 -0.1298781335 -0.1607748270 0.0961001068 -0.9823014736 -0.2517851293 0.9583260417 0.1349646151
-201.1 -522.9 2364.4 0.9543352127 0.2793196142 0.1059474275 -0.1607748270 0.7791293859 -0.6058951020 -0.2517851293 0.5611933470 0.7884581685
84.7 -477.7 2742.9 0.9985147119 -0.0477135591 -0.0263020881 -0.0300457627 -0.0795215592 -0.9963802099 0.0454492643 0.9956905842 -0.0808370337
109.4 -436.5 2226.5 0.9985147119 0.0220320094 -0.0498294495 -0.0300457627 0.9856196642 -0.1662862897 0.0454492643 0.1675364673 0.9848176837
-107.4 -426.2 2419.8 0 0 0 0 0 0 0 0 0
1.9 -383.2 2488.4 0 0 0 0 0 0 0 0 0
-306.3 -816.2 2153.1 0 0 0 0 0 0 0 0 0
101.1 -807.7 2163.4 0 0 0 0 0 0 0 0 0
-31.4 80.9 2914.7 3 0.9995326400 -0.0299783424 -0.0059853275 0.0268709622 0.9549405575 -0.2955781519 0.0145765748 0.2952791750 0.9552997947
-25.4 -112.7 2854.9 0.9995326400 -0.0299783424 -0.0059853275 0.0268709622 0.9549405575 -0.2955781519 0.0145765748 0.2952791750 0.9552997947
-19.3 -298.0 2792.5 0.9995023012 -0.0311114304 -0.0052233171 0.0278161149 0.9472435713 -0.3193052709 0.0148817971 0.3190010488 0.9476374984
-167.7 -116.7 2852.8 -0.0791582912 -0.6985689998 -0.7111507058 0.6306707859 0.5173776746 -0.5784242749 0.7720027566 -0.4942890704 0.3996123672
-144.7 -300.0 2628.4 -0.1509935260 -0.7051081657 -0.6928371787 0.5217024684 0.5384799838 -0.6617143750 0.8396591544 -0.4613694549 0.2865496874
117.0 -108.6 2856.9 0.0152222971 0.5547665358 0.8318668008 -0.7258476615 0.5783276558 -0.3724006712 -0.6876870394 -0.5981397629 0.4114794731
120.8 -288.7 2686.3 -0.4671937227 0.5547665358 0.6884505153 -0.3783354759 0.5783276558 -0.7227720022 -0.7991197109 -0.5981397629 -0.0603031963
-92.0 -490.7 2737.9 0.9522635341 0.2837118208 -0.1127019823 -0.1399337500 0.0775560066 -0.9871188402 -0.2713165879 0.9557681084 0.1135546193
-203.1 -521.1 2363.6 0.9522635341 0.2746320367 0.1333093792 -0.1399337500 0.7807874084 -0.6089249849 -0.2713165879 0.5612025857 0.7819456458
88.4 -482.9 2743.7 0.9989093542 -0.0398239978 -0.0243743658 -0.0278651454 -0.0895920172 -0.9955886602 0.0374645740 0.9951820374 -0.0906040072
109.1 -436.3 2226.5 0.9989093542 0.0212600473 -0.0415700749 -0.0278651454 0.9858319163 -0.1654055864 0.0374645740 0.1663835496 0.9853491187
-106.0 -433.9 2412.9 0 0 0 0 0 0 0 0 0
1.2 -385.6 2481.7 0 0 0 0 0 0 0 0 0
-306.5 -815.1 2152.3 0 0 0 0 0 0 0 0 0
101.1 -807.7 2163.8 0 0 0 0 0 0 0 0 0
-32.5 81.9 2912.0 4 0.9977844357 -0.0325090066 0.0580466539 0.0480553210 0.9555507302 -0.2908840477 -0.0460101701 0.2930290401 0.9549958110
-25.9 -112.3 2852.4 0.9977844357 -0.0325090066 0.0580466539 0.0480553210 0.9555507302 -0.2908840477 -0.0460101701 0.2930290401 0.9549958110
-19.7 -297.8 2790.2 0.9977703691 -0.0314126648 0.0588855855 0.0484733358 0.9475663304 -0.3158612549 -0.0458759554 0.3180113733 0.9469763041
-167.7 -119.2 2859.0 -0.0715056732 -0.7372215986 -0.6718565822 0.6210935712 0.4941476285 -0.6083263159 0.7804676294 -0.4607845843 0.4225492477
-147.2 -297.8 2634.6 -0.1586746573 -0.7388597131 -0.6549111605 0.5234748721 0.4994533658 -0.6903045774 0.8371358514 -0.4523634017 0.3075239360
