203.3 9.5 2762.0 8 0.9914680123 0.0969038680 0.0871828422 -0.0200243890 0.7741240859 -0.6327171326 -0.1288030744 0.6255729795 0.7694596648
183.8 -146.3 2636.1 0.9914680123 0.0969038680 0.0871828422 -0.0200243890 0.7741240859 -0.6327171326 -0.1288030744 0.6255729795 0.7694596648
162.7 -296.5 2507.7 0.9908103943 0.1057694778 0.0843067393 -0.0249883458 0.7557123899 -0.6544267535 -0.1329300255 0.6463061571 0.7514106631
44.4 -142.8 2654.8 0.2996577919 -0.4949738979 -0.8156016469 0.5862160921 0.7699931860 -0.2519150376 0.7526990771 -0.4026305079 0.5208961368
-40.6 -309.0 2441.3 -0.2856842279 -0.4949738979 -0.8206006289 0.2933996916 0.7699931860 -0.5665925741 0.9123054147 -0.4026305079 -0.0747497380
323.2 -149.8 2617.4 -0.0694718286 0.1647779197 0.9838810563 -0.5057591200 0.8442978263 -0.1771125197 -0.8598728776 -0.5099111795 0.0246830247
303.3 -294.7 2371.0 -0.5023687482 0.1686998904 0.8480365872 -0.3658710420 0.8471761942 -0.3852672577 -0.7834309340 -0.5038182735 -0.3638724387
50.8 -444.4 2391.4 0.8372246027 0.3349553943 0.4322729409 0.2606972158 0.4503997266 -0.8539186716 -0.4807202518 0.8276140094 0.2897637784
-82.3 -623.5 2062.4 0.8372246027 0.3349553943 0.4322729409 0.2606972158 0.4503997266 -0.8539186716 -0.4807202518 0.8276140094 0.2897637784
232.6 -449.0 2367.0 0.9570019841 0.0003064049 0.2900811434 0.2628057003 0.4224203229 -0.8674642444 -0.1228019595 0.9064000249 0.4041765630
232.5 -616.9 2006.7 0.9570019841 0.0003018035 0.2900811434 0.2628060579 0.4224314690 -0.8674587011 -0.1228011996 0.9063948393 0.4041884243
33.6 -385.3 2204.4 0 0 0 0 0 0 0 0 0
172.7 -389.8 2167.4 0 0 0 0 0 0 0 0 0
-210.4 -795.6 1746.0 0 0 0 0 0 0 0 0 0
232.4 -778.4 1660.2 0 0 0 0 0 0 0 0 0
201.5 9.9 2758.9 9 0.9915804863 0.0952108279 0.0877672583 -0.0193155836 0.7789499164 -0.6267885566 -0.1280433536 0.6198160052 0.7742305994
182.3 -147.0 2634.0 0.9915804863 0.0952108279 0.0877672583 -0.0193155836 0.7789499164 -0.6267885566 -0.1280433536 0.6198160052 0.7742305994
161.7 -298.5 2507.1 0.9909875393 0.1033702642 0.0851953328 -0.0239173397 0.7623265982 -0.6467503905 -0.1318014264 0.6388839483 0.7579285502
42.8 -143.6 2652.6 0.2956385314 -0.5367236137 -0.7902693152 0.6025701761 0.7466928363 -0.2817073762 0.7412874103 -0.3929091692 0.5441647768
-38.2 -308.8 2449.4 -0.2682445645 -0.5367236137 -0.7999829054 0.2905025780 0.7466928363 -0.5983795524 0.9185059071 -0.3929091692 -0.0443766974
321.8 -150.4 2615.5 -0.0669315085 0.1639402807 0.9841970205 -0.5050944686 0.8451105952 -0.1751218438 -0.8604648113 -0.5088336468 0.0262408014
302.8 -293.3 2372.0 -0.4904180467 0.1640098095 0.8559152484 -0.3776009381 0.8451641202 -0.3783055842 -0.7854347229 -0.5087223053 -0.3525534868
50.3 -447.9 2392.2 0.8389965892 0.3346295357 0.4290778041 0.2606011927 0.4451240003 -0.8567097783 -0.4776732326 0.8305947781 0.2862526774
-82.8 -624.8 2061.9 0.8389965892 0.3346295357 0.4290778041 0.2606011927 0.4451240003 -0.8567097783 -0.4776732326 0.8305947781 0.2862526774
232.1 -452.2 2368.0 0.9564758539 -0.0006271855 0.2918109000 0.2654035091 0.4175660014 -0.8690221906 -0.1213052794 0.9086463451 0.3995582461
232.4 -618.3 2006.7 0.9564758539 -0.0006294872 0.2918109000 0.2654036880 0.4175715744 -0.8690194488 -0.1213048995 0.9086437821 0.3995642066
31.5 -384.3 2210.8 0 0 0 0 0 0 0 0 0
175.3 -391.4 2167.8 0 0 0 0 0 0 0 0 0
-210.7 -795.0 1744.4 0 0 0 0 0 0 0 0 0
232.6 -777.9 1659.4 0 0 0 0 0 0 0 0 0
201.1 10.9 2757.3 0 0.9903248549 0.0958296210 0.1003660858 -0.0139360214 0.7882875800 -0.6151491404 -0.1380668432 0.6077987552 0.7819963098
181.8 -147.8 2635.0 0.9903248549 0.0958296210 0.1003660858 -0.0139360214 0.7882875800 -0.6151491404 -0.1380668432 0.6077987552 0.7819963098
161.0 -301.1 2510.2 0.9896992445 0.1046917960 0.0976472870 -0.0188014507 0.7712175846 -0.6362938881 -0.1419220567 0.6279036999 0.7652418613
42.5 -145.1 2654.9 0.2746873498 -0.5463829041 -0.7912095785 0.5942709446 0.7433569431 -0.3070220649 0.7559027076 -0.3858577907 0.5288901925
-34.0 -310.6 2444.5 -0.2529844642 -0.5463829041 -0.7984138131 0.2927051783 0.7433569431 -0.6014516950 0.9221293330 -0.3858577907 -0.0281286575
321.1 -150.4 2615.0 -0.0693375245 0.1535346061 0.9857075810 -0.5066741109 0.8457348943 -0.1673732698 -0.8593448997 -0.5110377669 0.0191508532
301.3 -294.9 2370.0 -0.4769089520 0.1547474712 0.8652231097 -0.3872115910 0.8467219472 -0.3648686111 -0.7890659571 -0.5090335011 -0.3438892663
49.4 -452.6 2398.4 0.8389344215 0.3319026232 0.4313116074 0.2692444324 0.4356201589 -0.8589193821 -0.4729656279 0.8367052674 0.2760938108
-82.6 -625.8 2065.7 0.8389344215 0.3319026232 0.4313116074 0.2692444324 0.4356201589 -0.8589193821 -0.4729656279 0.8367052674 0.2760938108
231.0 -456.1 2372.3 0.9532960057 -0.0025050209 0.3020272851 0.2766357362 0.4086385667 -0.8697627187 -0.1212412268 0.9126928449 0.3902464807
232.0 -618.6 2009.5 0.9532960057 -0.0025061730 0.3020272851 0.2766357958 0.4086413682 -0.8697614074 -0.1212410703 0.9126915932 0.3902494609
31.8 -386.7 2204.8 0 0 0 0 0 0 0 0 0
177.3 -395.5 2164.9 0 0 0 0 0 0 0 0 0
-209.4 -792.3 1745.9 0 0 0 0 0 0 0 0 0
232.9 -774.8 1660.6 0 0 0 0 0 0 0 0 0
200.8 10.4 2766.1 1 0.9882071018 0.0949310362 0.1201448515 0.0019512654 0.7767583132 -0.6297957897 -0.1531106681 0.6226031184 0.7674128413
181.8 -145.5 2641.1 0.9882071018 0.0949310362 0.1201448515 0.0019512654 0.7767583132 -0.6297957897 -0.1531106681 0.6226031184 0.7674128413
161.4 -297.3 2514.4 0.9877030849 0.1024012789 0.1181378961 -0.0019835485 0.7637882233 -0.6454638243 -0.1563286632 0.6372923255 0.7545991540
42.8 -145.2 2663.1 0.2667220235 -0.5286170244 -0.8058680892 0.5796984434 0.7559860945 -0.3040308356 0.7699409723 -0.3860687613 0.5080766082
-31.7 -307.2 2447.9 -0.2247241139 -0.5286170244 -0.8185738325 0.3139484227 0.7559860945 -0.5743879080 0.9224616289 -0.3860687613 -0.0039298218
320.8 -145.7 2619.1 -0.0703721046 0.1324913800 0.9886828661 -0.5093519092 0.8474172950 -0.1498151422 -0.8576761484 -0.5141302943 0.0078501953
300.0 -295.8 2366.4 -0.4692593217 0.1332401037 0.8729506135 -0.4018253088 0.8480593562 -0.3454442918 -0.7863409519 -0.5128765702 -0.3444205225
50.4 -448.9 2402.1 0.8283005357 0.3310868740 0.4519952536 0.2889104784 0.4388089776 -0.8508686423 -0.4800510108 0.8353611231 0.2678112388
-81.2 -623.4 2069.9 0.8283005357 0.3310868740 0.4519952536 0.2889104784 0.4388089776 -0.8508686423 -0.4800510108 0.8353611231 0.2678112388
231.6 -449.3 2373.4 0.9472420216 -0.0012976552 0.3205165267 0.2917772532 0.4173774123 -0.8606172800 -0.1326595694 0.9087322950 0.3957360685
232.2 -615.2 2012.1 0.9472420216 -0.0012982308 0.3205165267 0.2917772830 0.4173788130 -0.8606166244 -0.1326595247 0.9087316394 0.3957375586
26.7 -388.7 2208.3 0 0 0 0 0 0 0 0 0
178.1 -400.3 2162.0 0 0 0 0 0 0 0 0 0
-207.8 -791.1 1750.6 0 0 0 0 0 0 0 0 0
232.7 -774.8 1664.7 0 0 0 0 0 0 0 0 0
199.8 13.4 2771.9 2 0.9900001287 0.0882555321 0.1100484878 0.0019213777 0.7716102600 -0.6360926628 -0.1410532445 0.6299433112 0.7637246847
182.1 -141.8 2645.2 0.9900001287 0.0882555321 0.1100484878 0.0019213777 0.7716102600 -0.6360926628 -0.1410532445 0.6299433112 0.7637246847
162.5 -292.0 2516.5 0.9893077016 0.0983247980 0.1077151522 -0.0037461377 0.7554549575 -0.6551898718 -0.1457953602 0.6477808356 0.7477457523
42.9 -141.3 2665.7 0.2727451026 -0.5512608886 -0.7884932160 0.5910645723 0.7426715493 -0.3147723377 0.7591131330 -0.3801977932 0.5283908248
-32.4 -304.5 2456.1 -0.2080049515 -0.5512608886 -0.8079884648 0.3189676106 0.7426715493 -0.5888111591 0.9246586561 -0.3801977932 0.0213550050
321.3 -142.3 2624.7 -0.0659519956 0.1400851309 0.9879405499 -0.5110264421 0.8456527591 -0.1540240347 -0.8570311069 -0.5150219202 0.0158147216
301.8 -293.3 2371.4 -0.4723422527 0.1401470900 0.8702020645 -0.3999556303 0.8457052112 -0.3532961905 -0.7854478359 -0.5149189234 -0.3434096873
52.2 -441.8 2401.1 0.8345618844 0.3206272423 0.4480006993 0.2918968201 0.4323206246 -0.8531677127 -0.4672287405 0.8427912593 0.2672082484
-75.2 -613.7 2066.0 0.8345618844 0.3206272423 0.4480006993 0.2918968201 0.4323206246 -0.8531677127 -0.4672287405 0.8427912593 0.2672082484
233.8 -442.5 2374.3 0.9497247338 0.0021640337 0.3130785823 0.2820958495 0.4278589487 -0.8586959243 -0.1358117163 0.9038429260 0.4057377577
232.9 -612.6 2015.0 0.9497247338 0.0021637464 0.3130785823 0.2820958495 0.4278596342 -0.8586955667 -0.1358117014 0.9038426280 0.4057385027
21.6 -387.4 2215.9 0 0 0 0 0 0 0 0 0
179.0 -397.3 2167.3 0 0 0 0 0 0 0 0 0
-197.8 -778.9 1743.8 0 0 0 0 0 0 0 0 0
232.1 -776.1 1669.5 0 0 0 0 0 0 0 0 0
199.7 13.8 2763.8 3 0.9893293381 0.0897547454 0.1147671118 0.0015781765 0.7810668349 -0.6244454384 -0.1456877291 0.6179633141 0.7725907564
181.7 -143.1 2639.7 0.9893293381 0.0897547454 0.1147671118 0.0015781765 0.7810668349 -0.6244454384 -0.1456877291 0.6179633141 0.7725907564
162.4 -295.9 2514.1 0.9888213873 0.0972957015 0.1129856482 -0.0026312463 0.7690289617 -0.6392084956 -0.1490814835 0.6317657828 0.7606883645
42.5 -142.7 2660.7 0.2770068944 -0.5612434745 -0.7799185514 0.5960030556 0.7370302677 -0.3186953962 0.7536892891 -0.3765530288 0.5386652946
-31.9 -302.9 2458.1 -0.2141276002 -0.5612434745 -0.7994717956 0.3101709783 0.7370302677 -0.6004834771 0.9262523055 -0.3765530288 0.0162629299
320.9 -143.4 2618.7 -0.0572508536 0.1351646483 0.9891677499 -0.5249623060 0.8386857510 -0.1449857205 -0.8491978049 -0.5275763273 0.0229408704
304.8 -291.1 2379.8 -0.4833901227 0.1463658661 0.8630822897 -0.3881477118 0.8478747010 -0.3611783981 -0.7846498489 -0.5095934868 -0.3530426919
52.3 -448.5 2402.3 0.8336118460 0.3272908032 0.4449404180 0.2882104218 0.4294480383 -0.8558674455 -0.4711963534 0.8416977525 0.2636643648
-77.8 -619.2 2067.6 0.8336118460 0.3272908032 0.4449404180 0.2882104218 0.4294480383 -0.8558674455 -0.4711963534 0.8416977525 0.2636643648
233.8 -449.0 2374.9 0.9480966330 0.0024425478 0.3179729879 0.2880710661 0.4168086648 -0.8621401191 -0.1346397102 0.9089909792 0.3944712579
232.8 -614.7 2013.5 0.9480966330 0.0024424042 0.3179729879 0.2880710661 0.4168090224 -0.8621399403 -0.1346397102 0.9089908004 0.3944716454
23.7 -383.5 2217.3 0 0 0 0 0 0 0 0 0
179.1 -392.0 2175.9 0 0 0 0 0 0 0 0 0
-202.9 -783.4 1745.8 0 0 0 0 0 0 0 0 0
231.9 -774.0 1666.0 0 0 0 0 0 0 0 0 0
196.6 17.2 2749.8 4 0.9925166965 0.0795697421 0.0926243737 -0.0089208577 0.8037606478 -0.5948858857 -0.1217827499 0.5896078348 0.7984557152
180.5 -145.0 2630.8 0.9925166965 0.0795697421 0.0926243737 -0.0089208577 0.8037606478 -0.5948858857 -0.1217827499 0.5896078348 0.7984557152
161.9 -300.6 2508.6 0.9916077256 0.0931448415 0.0896560252 -0.0172703490 0.7827062607 -0.6221516132 -0.1281245500 0.6153819561 0.7777462006
41.0 -142.6 2648.8 0.2769748867 -0.5681666732 -0.7749009728 0.6101510525 0.7269940972 -0.3149528503 0.7422941327 -0.3855726123 0.5480266213
-33.4 -306.4 2449.6 -0.2377264649 -0.5681666732 -0.7878278494 0.3035662770 0.7269940972 -0.6158953905 0.9226774573 -0.3855726123 -0.0003494882
320.0 -147.4 2612.8 -0.0614645556 0.1571199596 0.9856649637 -0.5225455165 0.8363157511 -0.1658980697 -0.8503930569 -0.5252516270 0.0306985509
302.8 -294.0 2374.2 -0.4884417355 0.1651345789 0.8568285704 -0.3815423250 0.8426718712 -0.3799073398 -0.7847611904 -0.5124789476 -0.3485902846
52.4 -454.6 2398.0 0.8430740237 0.3340542018 0.4214664996 0.2628749013 0.4277153015 -0.8648447394 -0.4691726863 0.8399210572 0.2727811933
-80.4 -624.6 2064.1 0.8430740237 0.3340542018 0.4214664996 0.2628749013 0.4277153015 -0.8648447394 -0.4691726863 0.8399210572 0.2727811933
234.3 -457.7 2374.5 0.9540120959 0.0034039512 0.2997486889 0.2728127539 0.4045479298 -0.8728769422 -0.1242339388 0.9145104885 0.3850149810
233.0 -618.5 2011.0 0.9540120959 0.0034038792 0.2997486889 0.2728127539 0.4045481086 -0.8728768826 -0.1242339313 0.9145103693 0.3850151598
28.4 -385.3 2209.8 0 0 0 0 0 0 0 0 0
175.8 -393.2 2170.2 0 0 0 0 0 0 0 0 0
-208.1 -788.1 1743.0 0 0 0 0 0 0 0 0 0
231.7 -773.2 1661.4 0 0 0 0 0 0 0 0 0
196.6 19.2 2753.3 5 0.9914898872 0.0929273814 0.0911720097 -0.0201378018 0.8013819456 -0.5978139043 -0.1286168844 0.5908904076 0.7964334488
177.8 -142.9 2633.8 0.9914898872 0.0929273814 0.0911720097 -0.0201378018 0.8013819456 -0.5978139043 -0.1286168844 0.5908904076 0.7964334488
157.9 -298.7 2512.0 0.9910718203 0.0997927561 0.0884197876 -0.0235766266 0.7838891149 -0.6204530597 -0.1312280297 0.6128289104 0.7792431712
38.3 -139.6 2652.2 0.2534148693 -0.5536383390 -0.7932625413 0.6060076356 0.7300354838 -0.3159159720 0.7540130615 -0.4006653428 0.5205109119
-33.1 -310.3 2439.8 -0.2517818213 -0.5536383390 -0.7937824130 0.3118699789 0.7300354838 -0.6080996990 0.9161566496 -0.4006653428 -0.0111464895
317.2 -146.2 2615.3 -0.0601552464 0.1611147672 0.9851006866 -0.5166680217 0.8393748403 -0.1688314378 -0.8540699482 -0.5191261172 0.0327500440
299.7 -296.8 2366.4 -0.4808458388 0.1553613394 0.8629311323 -0.4034457803 0.8345981240 -0.3750699162 -0.7784720659 -0.5284967422 -0.3386331797
47.1 -452.3 2402.2 0.8463873863 0.3244736493 0.4223093688 0.2607375681 0.4389670789 -0.8598394394 -0.4643751383 0.8378691673 0.2869337499
-81.9 -626.9 2069.1 0.8463873863 0.3244736493 0.4223093688 0.2607375681 0.4389670789 -0.8598394394 -0.4643751383 0.8378691673 0.2869337499
229.0 -456.6 2378.1 0.9552451968 -0.0060507548 0.2957532108 0.2728881836 0.4039512277 -0.8731296659 -0.1141867861 0.9147605300 0.3875236511
231.4 -617.2 2014.4 0.9552451968 -0.0060507907 0.2957532108 0.2728881836 0.4039513171 -0.8731296659 -0.1141867787 0.9147604704 0.3875237405
32.3 -391.4 2201.7 0 0 0 0 0 0 0 0 0
174.7 -401.6 2164.1 0 0 0 0 0 0 0 0 0
-205.9 -794.7 1748.8 0 0 0 0 0 0 0 0 0
233.7 -771.7 1664.8 0 0 0 0 0 0 0 0 0
194.4 19.9 2744.0 6 0.9902796149 0.1010930315 0.0955327377 -0.0270325188 0.8136234879 -0.5807633400 -0.1364388019 0.5725355744 0.8084475398
174.0 -144.9 2628.0 0.9902796149 0.1010930315 0.0955327377 -0.0270325188 0.8136234879 -0.5807633400 -0.1364388019 0.5725355744 0.8084475398
152.7 -303.1 2509.6 0.9899576306 0.1069629714 0.0924272686 -0.0295231696 0.7958402634 -0.6047863960 -0.1382470876 0.5959842205 0.7910060287
34.6 -140.8 2647.5 0.2450980693 -0.5690847039 -0.7849009633 0.6153678894 0.7169210315 -0.3276379406 0.7491657734 -0.4026994109 0.5259124041
-31.4 -306.6 2445.6 -0.2336045057 -0.5690847039 -0.7883980870 0.3285984695 0.7169210315 -0.6148555279 0.9151239991 -0.4026994109 0.0195243768
313.3 -149.1 2608.6 -0.0462727137 0.1609718055 0.9858736992 -0.5195904970 0.8390357494 -0.1613837183 -0.8531615138 -0.5197182298 0.0448149592
300.2 -295.7 2367.8 -0.4678731859 0.1525208950 0.8705354929 -0.4151240289 0.8316519260 -0.3688186109 -0.7802350521 -0.5339405537 -0.3257925510
40.6 -458.6 2403.8 0.8536038399 0.3156720102 0.4143810868 0.2620306611 0.4273181260 -0.8652971387 -0.4502226114 0.8472015262 0.2820446491
-84.9 -628.4 2067.0 0.8536038399 0.3156720102 0.4143810868 0.2620306611 0.4273181260 -0.8652971387 -0.4502226114 0.8472015262 0.2820446491
222.2 -464.0 2378.5 0.9549674392 -0.0181976352 0.2961521447 0.2792144418 0.3927948177 -0.8762143254 -0.1003820002 0.9194460511 0.3801873028
229.5 -620.1 2012.9 0.9549674392 -0.0181976538 0.2961521447 0.2792144418 0.3927948773 -0.8762143254 -0.1003819928 0.9194460511 0.3801873624
29.3 -392.0 2207.8 0 0 0 0 0 0 0 0 0
178.6 -403.6 2165.0 0 0 0 0 0 0 0 0 0
-205.6 -791.8 1743.2 0 0 0 0 0 0 0 0 0
236.4 -770.3 1661.5 0 0 0 0 0 0 0 0 0
194.9 18.9 2739.9 7 0.9848438501 0.1163744256 0.1286062747 -0.0191920456 0.8100545406 -0.5860403776 -0.1723782122 0.5746900439 0.8000106812
171.4 -144.8 2623.8 0.9848438501 0.1163744256 0.1286062747 -0.0191920456 0.8100545406 -0.5860403776 -0.1723782122 0.5746900439 0.8000106812
147.0 -302.7 2505.6 0.9844784141 0.1227059290 0.1254809201 -0.0216443352 0.7943960428 -0.6070143580 -0.1741658002 0.5948765874 0.7847216725
33.0 -141.7 2648.3 0.2485968918 -0.5208094716 -0.8166744113 0.5998206735 0.7447987795 -0.2923866212 0.7605358362 -0.4171718061 0.4975469410
-36.9 -310.2 2434.7 -0.2539072931 -0.5208094716 -0.8150390387 0.3314149082 0.7447987795 -0.5791709423 0.9086777568 -0.4171718061 -0.0165058207
309.9 -147.8 2599.3 -0.0452169739 0.1348249763 0.9898371696 -0.5361424685 0.8327833414 -0.1379244477 -0.8429155946 -0.5369302630 0.0346294530
297.1 -299.3 2361.1 -0.4700531960 0.1413240135 0.8712505698 -0.4109586477 0.8385334015 -0.3577355742 -0.7811293006 -0.5262026787 -0.3360769749
32.4 -458.6 2403.4 0.8476253152 0.3033236563 0.4353459179 0.2870364189 0.4279304147 -0.8570213914 -0.4462526441 0.8513931632 0.2756597102
-88.2 -628.7 2064.9 0.8476253152 0.3033236563 0.4353459179 0.2870364189 0.4279304147 -0.8570213914 -0.4462526441 0.8513931632 0.2756597102
212.9 -462.6 2371.4 0.9481507540 -0.0354857408 0.3158336580 0.3030857444 0.4000337720 -0.8649346828 -0.0956512764 0.9158131480 0.3900475502
227.0 -621.6 2007.4 0.9481507540 -0.0354857519 0.3158336580 0.3030857444 0.4000338018 -0.8649346828 -0.0956512764 0.9158131480 0.3900475800
29.1 -396.3 2198.6 0 0 0 0 0 0 0 0 0
174.9 -406.1 2158.1 0 0 0 0 0 0 0 0 0
-204.2 -792.3 1739.5 0 0 0 0 0 0 0 0 0
240.6 -774.5 1657.4 0 0 0 0 0 0 0 0 0
193.9 19.5 2738.8 8 0.9860222936 0.1121345088 0.1232312396 -0.0187278427 0.8095279336 -0.5867825747 -0.1655577123 0.5762728453 0.8003126383
171.2 -144.1 2622.4 0.9860222936 0.1121345088 0.1232312396 -0.0187278427 0.8095279336 -0.5867825747 -0.1655577123 0.5762728453 0.8003126383
146.6 -301.4 2503.4 0.9850888848 0.1235791147 0.1196997613 -0.0250670817 0.7914127111 -0.6107679605 -0.1702100784 0.5986602306 0.7827096581
32.6 -140.6 2646.3 0.2568096220 -0.5011423826 -0.8263807297 0.6014971137 0.7521507740 -0.2692032754 0.7564721107 -0.4279316664 0.4945952594
-40.2 -311.1 2431.9 -0.2655707896 -0.5011423826 -0.8236069679 0.3369734287 0.7521507740 -0.5663198233 0.9032834768 -0.4279316664 -0.0308776051
309.8 -147.6 2598.5 -0.0534233935 0.1402699202 0.9886709452 -0.5355709195 0.8316107392 -0.1469265223 -0.8427987695 -0.5373526812 0.0306970198
294.4 -301.6 2356.1 -0.4651568532 0.1430675536 0.8735907078 -0.4183924794 0.8341398239 -0.3593862355 -0.7801133394 -0.5326747298 -0.3281475008
31.7 -456.5 2400.1 0.8485236168 0.3036905527 0.4333356023 0.2822942436 0.4328573942 -0.8561217189 -0.4475686252 0.8487676382 0.2815596163
-89.0 -628.6 2062.6 0.8485236168 0.3036905527 0.4333356023 0.2822942436 0.4328573942 -0.8561217189 -0.4475686252 0.8487676382 0.2815596163
212.4 -461.1 2368.8 0.9499268532 -0.0357471220 0.3104208112 0.2980908751 0.4015869796 -0.8659501672 -0.0937057361 0.9151229858 0.3921341598
226.7 -620.7 2005.0 0.9499268532 -0.0357471257 0.3104208112 0.2980908751 0.4015870094 -0.8659501672 -0.0937057361 0.9151229262 0.3921341896
28.9 -398.6 2197.2 0 0 0 0 0 0 0 0 0
173.5 -410.4 2153.3 0 0 0 0 0 0 0 0 0
-205.1 -794.0 1738.1 0 0 0 0 0 0 0 0 0
240.3 -774.2 1655.2 0 0 0 0 0 0 0 0 0
192.8 21.7 2738.8 9 0.9877523780 0.0954699516 0.1234126166 -0.0068146233 0.8165988326 -0.5771653652 -0.1558805406 0.5692554712 0.8072480559
173.5 -143.7 2623.5 0.9877523780 0.0954699516 0.1234126166 -0.0068146233 0.8165988326 -0.5771653652 -0.1558805406 0.5692554712 0.8072480559
150.8 -301.8 2505.2 0.9862546921 0.1139203012 0.1196824089 -0.0183445532 0.7953433394 -0.6058815122 -0.1642108113 0.5953579545 0.7865009308
34.7 -141.1 2646.6 0.2640423775 -0.4631718993 -0.8460221291 0.5885586739 0.7722843289 -0.2391142547 0.7641205788 -0.4347973764 0.4765196145
-41.6 -311.2 2425.8 -0.2758786380 -0.4631718993 -0.8422367573 0.3405856788 0.7722843289 -0.5362633467 0.8988283277 -0.4347973764 -0.0553070232
312.3 -146.3 2600.4 -0.0617225505 0.1374276280 0.9885868430 -0.5325852633 0.8331450820 -0.1490710527 -0.8441227674 -0.5357078314 0.0217680931
294.2 -301.7 2354.0 -0.4713738561 0.1394317597 0.8708418012 -0.4168747962 0.8349239230 -0.3593291044 -0.7771885991 -0.5324103832 -0.3354357183
37.7 -458.2 2401.9 0.8448217511 0.3153138161 0.4322654307 0.2806252539 0.4267360866 -0.8597359061 -0.4555498660 0.8476281762 0.2720309198
-87.6 -627.9 2064.9 0.8448217511 0.3153138161 0.4322654307 0.2806252539 0.4267360866 -0.8597359061 -0.4555498660 0.8476281762 0.2720309198
218.7 -461.6 2371.8 0.9487293959 -0.0246080756 0.3151301444 0.2982504368 0.3998786807 -0.8666854501 -0.1046863720 0.9162376523 0.3867160380
228.5 -620.6 2007.5 0.9487293959 -0.0246080775 0.3151301444 0.2982504368 0.3998787105 -0.8666854501 -0.1046863720 0.9162376523 0.3867160380
30.1 -399.7 2192.2 0 0 0 0 0 0 0 0 0
171.7 -410.1 2152.0 0 0 0 0 0 0 0 0 0
-208.2 -791.0 1740.9 0 0 0 0 0 0 0 0 0
237.9 -773.4 1657.3 0 0 0 0 0 0 0 0 0
192.4 21.0 2726.8 0 0.9896765351 0.0897854418 0.1117090881 -0.0131369764 0.8329933286 -0.5531270504 -0.1427156776 0.5459493399 0.8255734444
174.3 -147.3 2616.5 0.9896765351 0.0897854418 0.1117090881 -0.0131369764 0.8329933286 -0.5531270504 -0.1427156776 0.5459493399 0.8255734444
153.2 -308.4 2502.0 0.9885156751 0.1058348343 0.1078689843 -0.0228893775 0.8104300499 -0.5853881240 -0.1493747234 0.5761962533 0.8035452962
35.2 -144.1 2637.5 0.2606765628 -0.5183702707 -0.8144568801 0.6028258801 0.7463461161 -0.2820788622 0.7540879846 -0.4174443185 0.5070419312
-36.0 -308.8 2431.5 -0.2310537100 -0.5183702707 -0.8233507276 0.3477572501 0.7463461161 -0.5674789548 0.9086688757 -0.4174443185 0.0078209778
313.4 -150.5 2595.5 -0.0639398471 0.1472253352 0.9870341420 -0.5298449993 0.8331341743 -0.1585929692 -0.8456807733 -0.5331155062 0.0247361418
295.3 -300.2 2356.5 -0.4679196477 0.1449641138 0.8718007803 -0.4205147028 0.8311102390 -0.3638999462 -0.7773149610 -0.5368809700 -0.3279332519
41.5 -467.4 2401.2 0.8506604433 0.3228129447 0.4149320424 0.2673104703 0.4140293598 -0.8701291680 -0.4526830018 0.8511001468 0.2659071386
-86.8 -632.0 2062.8 0.8506604433 0.3228129447 0.4149320424 0.2673104703 0.4140293598 -0.8701291680 -0.4526830018 0.8511001468 0.2659071386
222.9 -471.5 2373.8 0.9505134821 -0.0171548743 0.3102093935 0.2927338481 0.3839196861 -0.8757354617 -0.1040723622 0.9232071042 0.3699426353
229.7 -624.1 2006.8 0.9505134821 -0.0171548761 0.3102093935 0.2927338481 0.3839196861 -0.8757354617 -0.1040723622 0.9232071042 0.3699426353
24.0 -399.1 2195.5 0 0 0 0 0 0 0 0 0
173.7 -409.6 2154.4 0 0 0 0 0 0 0 0 0
-210.2 -790.2 1737.5 0 0 0 0 0 0 0 0 0
236.2 -770.9 1653.9 0 0 0 0 0 0 0 0 0
191.8 20.3 2722.3 1 0.9887025356 0.0928208679 0.1176925078 -0.0127929123 0.8345788717 -0.5507398844 -0.1493438333 0.5430123210 0.8263377547
173.1 -148.6 2612.4 0.9887025356 0.0928208679 0.1176925078 -0.0127929123 0.8345788717 -0.5507398844 -0.1493438333 0.5430123210 0.8263377547
151.6 -309.9 2498.3 0.9876412153 0.1079100221 0.1136672646 -0.0214971621 0.8116477132 -0.5837514997 -0.1552504152 0.5740935206 0.8039364815
34.1 -145.6 2634.3 0.2590933740 -0.5098648667 -0.8203099966 0.6046116948 0.7479397655 -0.2739175558 0.7532033920 -0.4249987602 0.5020564795
-38.0 -313.8 2424.7 -0.2440842390 -0.5098648667 -0.8249004483 0.3479559720 0.7479397655 -0.5652545691 0.9051792622 -0.4249987602 -0.0051497868
312.1 -151.6 2590.6 -0.0684851557 0.1423056573 0.9874507189 -0.5353683829 0.8299481273 -0.1567380577 -0.8418375254 -0.5393841267 0.0193468332
292.7 -303.1 2352.3 -0.4632934630 0.1442444175 0.8743870258 -0.4219831824 0.8317201138 -0.3607933521 -0.7792876959 -0.5361298323 -0.3244617879
39.5 -469.3 2398.5 0.8468675613 0.3371967971 0.4112342894 0.2671676278 0.3988543749 -0.8772323728 -0.4598225355 0.8527681231 0.2476887703
-94.5 -627.8 2059.5 0.8468675613 0.3371967971 0.4112342894 0.2671676278 0.3988543749 -0.8772323728 -0.4598225355 0.8527681231 0.2476887703
220.7 -473.2 2370.0 0.9492277503 -0.0212315936 0.3138725162 0.2975662947 0.3843536675 -0.8739144802 -0.1020834520 0.9229417443 0.3711569905
229.2 -626.0 2003.0 0.9492277503 -0.0212315936 0.3138725162 0.2975662947 0.3843536675 -0.8739144802 -0.1020834520 0.9229417443 0.3711569905
25.4 -404.2 2189.5 0 0 0 0 0 0 0 0 0
172.2 -412.8 2149.7 0 0 0 0 0 0 0 0 0
-223.4 -780.3 1733.6 0 0 0 0 0 0 0 0 0
237.3 -772.9 1650.2 0 0 0 0 0 0 0 0 0
191.0 19.0 2719.0 2 0.9848089218 0.0916155353 0.1475058347 0.0042670951 0.8364595771 -0.5480120182 -0.1735890806 0.5403165221 0.8233619332
172.4 -150.4 2609.6 0.9848089218 0.0916155353 0.1475058347 0.0042670951 0.8364595771 -0.5480120182 -0.1735890806 0.5403165221 0.8233619332
151.1 -312.0 2495.8 0.9838311076 0.1073756069 0.1433417201 -0.0038372697 0.8128039241 -0.5825247169 -0.1790576577 0.5725558996 0.8000738025
34.0 -149.9 2634.8 0.2602775693 -0.4731898606 -0.8416334987 0.5905601978 0.7676335573 -0.2489525676 0.7638679147 -0.4322384894 0.4792448878
-39.3 -316.2 2419.7 -0.2503076196 -0.4731898606 -0.8446522951 0.3532707691 0.7676335573 -0.5347322226 0.9014132619 -0.4322384894 -0.0249803886
310.8 -151.0 2584.4 -0.0710761026 0.1133854985 0.9910054803 -0.5498106480 0.8245084286 -0.1337688863 -0.8322598338 -0.5543731451 0.0037377118
290.7 -306.5 2348.9 -0.4572811127 0.1287994534 0.8799458146 -0.4225647449 0.8391575217 -0.3424232304 -0.7825170755 -0.5284177661 -0.3293047845
39.5 -473.2 2398.4 0.8302739859 0.3557914197 0.4290192723 0.2821787298 0.3954655528 -0.8740607500 -0.4806456566 0.8467700481 0.2279479951
-101.9 -630.4 2061.8 0.8302739859 0.3557914197 0.4290192723 0.2821787298 0.3954655528 -0.8740607500 -0.4806456566 0.8467700481 0.2279479951
220.0 -473.9 2365.5 0.9408659339 -0.0229239967 0.3380026817 0.3201593459 0.3863757551 -0.8649923801 -0.1107669622 0.9220565557 0.3708671331
229.1 -627.6 1998.9 0.9408659339 -0.0229239967 0.3380026817 0.3201593459 0.3863757551 -0.8649923801 -0.1107669622 0.9220565557 0.3708671331
25.8 -408.0 2185.5 0 0 0 0 0 0 0 0 0
171.8 -416.4 2145.5 0 0 0 0 0 0 0 0 0
-237.9 -781.6 1738.2 0 0 0 0 0 0 0 0 0
237.8 -775.3 1646.4 0 0 0 0 0 0 0 0 0
191.2 18.2 2717.4 3 0.9852740169 0.0923567414 0.1438935101 0.0015215946 0.8367978334 -0.5475098491 -0.1709760129 0.5396661758 0.8243346810
172.5 -151.3 2608.1 0.9852740169 0.0923567414 0.1438935101 0.0015215946 0.8367978334 -0.5475098491 -0.1709760129 0.5396661758 0.8243346810
151.1 -312.7 2494.1 0.9843611717 0.1075137183 0.1395489126 -0.0060097319 0.8121956587 -0.5833541155 -0.1760596037 0.5733925104 0.8001400232
34.0 -150.4 2632.9 0.2599588037 -0.4863346815 -0.8342062235 0.5967270732 0.7601136565 -0.2571848333 0.7591694593 -0.4309359491 0.4878072739
-39.2 -318.4 2419.3 -0.2392872721 -0.4863346815 -0.8403690457 0.3584750295 0.7601136565 -0.5419620275 0.9023509622 -0.4309359491 -0.0075466847
311.0 -152.1 2583.4 -0.0796061754 0.1174589619 0.9898819327 -0.5424414277 0.8280267715 -0.1418763697 -0.8363134265 -0.5482472181 -0.0022014377
288.2 -307.2 2344.2 -0.4561133981 0.1261786669 0.8809310198 -0.4286447465 0.8363518715 -0.3417297900 -0.7798873186 -0.5334740281 -0.3273854852
39.4 -473.7 2396.3 0.8350403905 0.3425928950 0.4305086136 0.2835818529 0.4025250077 -0.8703763485 -0.4714752436 0.8488838077 0.2389714867
-96.8 -633.7 2058.9 0.8350403905 0.3425928950 0.4305086136 0.2835818529 0.4025250077 -0.8703763485 -0.4714752436 0.8488838077 0.2389714867
220.0 -474.8 2364.0 0.9419829249 -0.0226999279 0.3348924220 0.3173397779 0.3853413463 -0.8664914966 -0.1093785986 0.9224948883 0.3701885343
229.1 -628.0 1997.2 0.9419829249 -0.0226999279 0.3348924220 0.3173397779 0.3853413463 -0.8664914966 -0.1093785986 0.9224948883 0.3701885343
23.0 -411.5 2184.7 0 0 0 0 0 0 0 0 0
169.6 -418.7 2141.5 0 0 0 0 0 0 0 0 0
-227.7 -787.5 1734.4 0 0 0 0 0 0 0 0 0
237.7 -775.3 1644.5 0 0 0 0 0 0 0 0 0
190.5 19.2 2717.1 4 0.9843382835 0.0920922458 0.1503235996 0.0056976113 0.8356418014 -0.5492451787 -0.1761979014 0.5414995551 0.8220295310
171.9 -150.0 2607.4 0.9843382835 0.0920922458 0.1503235996 0.0056976113 0.8356418014 -0.5492451787 -0.1761979014 0.5414995551 0.8220295310
150.8 -311.2 2493.1 0.9835729599 0.1061055437 0.1460338086 -0.0006612207 0.8111141324 -0.5848875046 -0.1805098951 0.5751829743 0.7978600860
33.5 -149.9 2632.8 0.2546876669 -0.4699827731 -0.8451333642 0.5897186399 0.7681221366 -0.2494400442 0.7663981318 -0.4348616004 0.4727888405
-39.1 -317.9 2414.5 -0.2328886092 -0.4699827731 -0.8513982892 0.3672965467 0.7681221366 -0.5244823098 0.9004755020 -0.4348616004 -0.0062638391
310.3 -150.1 2582.0 -0.0796556324 0.1099640131 0.9907385707 -0.5504968762 0.8237365484 -0.1356882304 -0.8310283422 -0.5562068224 -0.0050804047
287.5 -307.3 2344.7 -0.4527108669 0.1234708726 0.8830673099 -0.4306743443 0.8369036317 -0.3378045857 -0.7807512283 -0.5332422256 -0.3256996274
39.5 -472.4 2395.3 0.8328188062 0.3385932148 0.4379126132 0.2905785143 0.4059253335 -0.8664806485 -0.4711442888 0.8488693833 0.2396743447
-95.2 -633.8 2057.8 0.8328188062 0.3385932148 0.4379126132 0.2905785143 0.4059253335 -0.8664806485 -0.4711442888 0.8488693833 0.2396743447
219.9 -472.6 2362.2 0.9399142861 -0.0229660440 0.3406371772 0.3221318126 0.3901862204 -0.8625461459 -0.1131026521 0.9204494953 0.3741396964
229.1 -627.7 1996.2 0.9399142861 -0.0229660440 0.3406371772 0.3221318126 0.3901862204 -0.8625461459 -0.1131026521 0.9204494953 0.3741396964
21.4 -413.4 2180.4 0 0 0 0 0 0 0 0 0
169.9 -419.3 2141.7 0 0 0 0 0 0 0 0 0
-224.6 -789.0 1733.3 0 0 0 0 0 0 0 0 0
237.8 -776.9 1644.3 0 0 0 0 0 0 0 0 0
192.4 18.2 2718.4 5 0.9868674278 0.0860082433 0.1367304027 0.0050201230 0.8297203779 -0.5581566691 -0.1614540815 0.5515130758 0.8183922768
175.0 -149.5 2607.0 0.9868674278 0.0860082433 0.1367304027 0.0050201230 0.8297203779 -0.5581566691 -0.1614540815 0.5515130758 0.8183922768
155.5 -309.7 2490.8 0.9862579107 0.0982206240 0.1328459978 -0.0003902179 0.8054717183 -0.5926341414 -0.1652125865 0.5844382644 0.7944411635
36.2 -149.5 2630.2 0.2674235106 -0.4980813861 -0.8248633742 0.6037976146 0.7537541389 -0.2593898773 0.7509414554 -0.4286835790 0.5023119450
-39.1 -319.4 2418.8 -0.2260221243 -0.4980813861 -0.8371552825 0.3644282222 0.7537541389 -0.5468516350 0.9033858776 -0.4286835790 0.0111497957
313.8 -149.6 2583.7 -0.0915196836 0.1188776568 0.9886820912 -0.5474989414 0.8233119249 -0.1496743262 -0.8317866921 -0.5550005436 -0.0102638546
287.4 -307.2 2344.3 -0.4589218199 0.1292939484 0.8790186644 -0.4302676022 0.8332601190 -0.3471993208 -0.7773419619 -0.5375506282 -0.3267702460
45.5 -469.7 2389.8 0.8314141631 0.3444271088 0.4360280633 0.2829205692 0.4129718542 -0.8656848073 -0.4782326221 0.8431039453 0.2459051162
-91.4 -633.9 2054.6 0.8314141631 0.3444271088 0.4360280633 0.2829205692 0.4129718542 -0.8656848073 -0.4782326221 0.8431039453 0.2459051162
226.4 -469.8 2359.5 0.9426913857 -0.0110567464 0.3334827423 0.3102622926 0.3967613578 -0.8638968468 -0.1227611750 0.9178552032 0.3774540126
230.8 -627.6 1994.5 0.9426913857 -0.0110567464 0.3334827423 0.3102622926 0.3967613578 -0.8638968468 -0.1227611750 0.9178552032 0.3774540126
19.7 -414.2 2184.0 0 0 0 0 0 0 0 0 0
168.1 -419.0 2142.3 0 0 0 0 0 0 0 0 0
-223.1 -791.8 1732.3 0 0 0 0 0 0 0 0 0
235.1 -779.2 1643.7 0 0 0 0 0 0 0 0 0
190.5 17.1 2716.6 6 0.9886583090 0.0739725009 0.1307012141 0.0094752051 0.8378263712 -0.5458545685 -0.1498831511 0.5409020782 0.8276231289
175.6 -152.4 2607.2 0.9886583090 0.0739725009 0.1307012141 0.0094752051 0.8378263712 -0.5458545685 -0.1498831511 0.5409020782 0.8276231289
158.7 -314.4 2493.4 0.9881844521 0.0850324929 0.1275183409 0.0045486302 0.8153525591 -0.5789468884 -0.1532017142 0.5726863146 0.8053320050
36.5 -153.0 2628.8 0.2641046047 -0.4930209219 -0.8289626837 0.5969755054 0.7586199045 -0.2609906495 0.7575414181 -0.4259415865 0.4946764410
-36.7 -318.6 2418.6 -0.2272814810 -0.4930209219 -0.8398056030 0.3602727056 0.7586199045 -0.5428622961 0.9047357440 -0.4259415865 0.0052017267
314.6 -151.7 2585.7 -0.0830229446 0.1215932369 0.9891017675 -0.5387207866 0.8295260668 -0.1471951157 -0.8383836150 -0.5450702906 -0.0033648862
290.8 -306.3 2345.1 -0.4692996442 0.1271988899 0.8738296628 -0.4253248572 0.8346576095 -0.3499220908 -0.7738582492 -0.5358797908 -0.3376036584
51.1 -476.9 2393.7 0.8340391517 0.3479361534 0.4281577766 0.2804030180 0.4010192752 -0.8720995784 -0.4751345217 0.8474219441 0.2369034439
-87.2 -636.3 2056.8 0.8340391517 0.3479361534 0.4281577766 0.2804030180 0.4010192752 -0.8720995784 -0.4751345217 0.8474219441 0.2369034439
232.4 -476.1 2365.5 0.9419524670 -0.0000626569 0.3357462883 0.3101691306 0.3829894662 -0.8701230884 -0.1285327673 0.9237527251 0.3607772887
232.4 -628.3 1998.3 0.9419524670 -0.0000626569 0.3357462883 0.3101691306 0.3829894662 -0.8701230884 -0.1285327673 0.9237527251 0.3607772887
22.3 -412.3 2183.4 0 0 0 0 0 0 0 0 0
168.8 -416.8 2144.0 0 0 0 0 0 0 0 0 0
-220.2 -789.6 1732.8 0 0 0 0 0 0 0 0 0
232.5 -774.7 1645.2 0 0 0 0 0 0 0 0 0
189.8 18.3 2717.2 7 0.9859129190 0.0558579564 0.1576564312 0.0386975110 0.8408350945 -0.5399063230 -0.1627211273 0.5384015441 0.8268286586
178.5 -152.0 2608.1 0.9859129190 0.0558579564 0.1576564312 0.0386975110 0.8408350945 -0.5399063230 -0.1627211273 0.5384015441 0.8268286586
163.4 -313.7 2493.5 0.9850892425 0.0759094208 0.1543921679 0.0283560194 0.8134889007 -0.5808888078 -0.1696912497 0.5766052604 0.7992066741
39.9 -156.0 2632.0 0.2712499201 -0.4700653851 -0.8399178386 0.5836012363 0.7742496729 -0.2448408604 0.7653973699 -0.4237640202 0.4843458831
-35.9 -319.2 2418.0 -0.2324435264 -0.4700653851 -0.8514743447 0.3545740545 0.7742496729 -0.5242276788 0.9056750536 -0.4237640202 -0.0132963341
317.0 -148.0 2584.3 -0.0878470093 0.0919748619 0.9918788075 -0.5472728610 0.8275361061 -0.1252056211 -0.8323312998 -0.5538272858 -0.0223612282
291.7 -305.6 2344.6 -0.4643010497 0.1052162200 0.8794055581 -0.4316294789 0.8401457071 -0.3284070492 -0.7733825445 -0.5320571065 -0.3446660936
57.9 -478.0 2394.4 0.8187250495 0.3563479781 0.4502281249 0.3020270169 0.3996019363 -0.8655044436 -0.4883328080 0.8445912600 0.2195374072
-83.8 -636.9 2058.7 0.8187250495 0.3563479781 0.4502281249 0.3020270169 0.3996019363 -0.8655044436 -0.4883328080 0.8445912600 0.2195374072
238.6 -472.8 2363.3 0.9321783185 0.0113555826 0.3618212938 0.3291992843 0.3891441524 -0.8603456616 -0.1505703628 0.9211068749 0.3590134680
234.1 -627.5 1997.1 0.9321783185 0.0113555826 0.3618212938 0.3291992843 0.3891441524 -0.8603456616 -0.1505703628 0.9211068749 0.3590134680
24.5 -411.3 2182.6 0 0 0 0 0 0 0 0 0
171.0 -417.8 2143.6 0 0 0 0 0 0 0 0 0
-220.0 -789.6 1735.8 0 0 0 0 0 0 0 0 0
229.7 -776.2 1645.0 0 0 0 0 0 0 0 0 0
190.8 19.1 2717.5 8 0.9896439314 0.0603126697 0.1302583516 0.0201959107 0.8399161696 -0.5423402190 -0.1421160847 0.5393543839 0.8299999237
178.6 -151.1 2608.2 0.9896439314 0.0603126697 0.1302583516 0.0201959107 0.8399161696 -0.5423402190 -0.1421160847 0.5393543839 0.8299999237
162.9 -312.3 2492.9 0.9888076782 0.0788263977 0.1266717166 0.0102734435 0.8110420704 -0.5848976374 -0.1488414705 0.5796526074 0.8011548519
39.5 -152.5 2629.1 0.2719354630 -0.5154228210 -0.8126440644 0.6034492850 0.7491362691 -0.2732101977 0.7495999336 -0.4160939455 0.5147482753
-35.2 -318.3 2423.2 -0.2223300338 -0.5154228210 -0.8275920749 0.3520301282 0.7491362691 -0.5611324906 0.9091997147 -0.4160939455 0.0148888770
317.7 -149.7 2587.2 -0.0862827152 0.1195471808 0.9890722036 -0.5378648043 0.8300715685 -0.1472502798 -0.8386040330 -0.5446922779 -0.0073206099
292.7 -305.3 2344.6 -0.4671292007 0.1215177700 0.8757989407 -0.4333760142 0.8319061995 -0.3465795219 -0.7706980705 -0.5414476395 -0.3359447718
56.6 -474.5 2391.3 0.8288940787 0.3534018397 0.4336377680 0.2812930346 0.4067313969 -0.8691626787 -0.4835377932 0.8424231410 0.2377277911
-83.9 -636.2 2056.4 0.8288940787 0.3534018397 0.4336377680 0.2812930346 0.4067313969 -0.8691626787 -0.4835377932 0.8424231410 0.2377277911
237.9 -472.6 2364.0 0.9410541654 0.0101074046 0.3381049335 0.3078271449 0.3887410164 -0.8684024811 -0.1402125508 0.9212916493 0.3627150059
233.9 -627.1 1997.8 0.9410541654 0.0101074046 0.3381049335 0.3078271449 0.3887410164 -0.8684024811 -0.1402125508 0.9212916493 0.3627150059
22.6 -409.8 2186.8 0 0 0 0 0 0 0 0 0
171.3 -417.9 2144.3 0 0 0 0 0 0 0 0 0
-219.0 -791.7 1734.4 0 0 0 0 0 0 0 0 0
230.0 -775.8 1645.6 0 0 0 0 0 0 0 0 0
189.4 20.2 2721.1 9 0.9895437360 0.0570866577 0.1324550360 0.0260441247 0.8325227499 -0.5533782840 -0.1418623477 0.5510417223 0.8223308921
177.8 -148.8 2609.2 0.9895437360 0.0570866577 0.1324550360 0.0260441247 0.8325227499 -0.5533782840 -0.1418623477 0.5510417223 0.8223308921
163.0 -308.3 2491.5 0.9888386130 0.0746284425 0.1289528459 0.0172928553 0.8021714687 -0.5968433022 -0.1479837894 0.5924116373 0.7919275165
38.7 -151.3 2630.1 0.2684200704 -0.5397597551 -0.7978785038 0.6082217097 0.7372591496 -0.2941348553 0.7470053434 -0.4063353240 0.5261887312
-34.8 -317.7 2425.6 -0.2140622735 -0.5397597551 -0.8141478896 0.3466157317 0.7372591496 -0.5799193978 0.9132550955 -0.4063353240 0.0292698629
316.9 -146.4 2588.4 -0.0794962272 0.1138327271 0.9903143048 -0.5475423336 0.8251851797 -0.1388050467 -0.8329932690 -0.5532734990 -0.0032708696
293.9 -304.8 2347.4 -0.4584296942 0.1227204204 0.8802169561 -0.4335085154 0.8337239027 -0.3420158327 -0.7758302689 -0.5383717418 -0.3290034533
57.4 -469.3 2387.3 0.8222340941 0.3551183343 0.4447719455 0.2863359749 0.4172666967 -0.8624964952 -0.4918768108 0.8365282416 0.2414077371
-83.8 -635.2 2054.7 0.8222340941 0.3551183343 0.4447719455 0.2863359749 0.4172666967 -0.8624964952 -0.4918768108 0.8365282416 0.2414077371
238.8 -466.1 2360.1 0.9395342469 0.0118377712 0.3422503471 0.3090445101 0.4012528360 -0.8622573018 -0.1475361288 0.9158908129 0.3733323812
234.1 -625.7 1996.0 0.9395342469 0.0118377712 0.3422503471 0.3090445101 0.4012528360 -0.8622573018 -0.1475361288 0.9158908129 0.3733323812
20.9 -407.8 2188.2 0 0 0 0 0 0 0 0 0
174.7 -417.5 2145.7 0 0 0 0 0 0 0 0 0
-219.5 -794.7 1734.9 0 0 0 0 0 0 0 0 0
229.6 -779.1 1645.9 0 0 0 0 0 0 0 0 0
189.4 20.1 2718.5 0 0.9950073957 0.0506826751 0.0859744400 0.0057969545 0.8306497931 -0.5567650795 -0.0996329933 0.5544837117 0.8262088299
179.1 -148.4 2605.9 0.9950073957 0.0506826751 0.0859744400 0.0057969545 0.8306497931 -0.5567650795 -0.0996329933 0.5544837117 0.8262088299
166.5 -308.1 2488.2 0.9945018291 0.0635277033 0.0832487419 -0.0014349959 0.8031634092 -0.5957570672 -0.1047094241 0.5923619866 0.7988386750
39.3 -148.2 2620.6 0.2697155178 -0.5561002493 -0.7861335874 0.6213323474 0.7242054939 -0.2991195023 0.7356626987 -0.4077730775 0.5408525467
-33.5 -315.9 2422.1 -0.2111333609 -0.5561002493 -0.8038502336 0.3514407277 0.7242054939 -0.5933091640 0.9120921493 -0.4077730775 0.0425323471
318.9 -148.6 2591.2 -0.0829514042 0.1533211619 0.9846886396 -0.5414491892 0.8225952387 -0.1736947298 -0.8366312385 -0.5475670695 0.0147801898
295.0 -304.5 2350.4 -0.4523697793 0.1578744799 0.8777455688 -0.4252787530 0.8269100785 -0.3679098785 -0.7839002609 -0.5397178531 -0.3069284856
62.7 -467.7 2380.1 0.8319244385 0.3665997684 0.4165409505 0.2496619076 0.4231041968 -0.8710061908 -0.4955509007 0.8286057115 0.2604646981
-83.0 -635.9 2050.7 0.8319244385 0.3665997684 0.4165409505 0.2496619076 0.4231041968 -0.8710061908 -0.4955509007 0.8286057115 0.2604646981
245.0 -467.9 2360.9 0.9505751729 0.0231041685 0.3096336722 0.2753962874 0.3978278041 -0.8751513958 -0.1434005350 0.9171691537 0.3718024194
235.8 -626.1 1996.3 0.9505751729 0.0231041685 0.3096336722 0.2753962874 0.3978278041 -0.8751513958 -0.1434005350 0.9171691537 0.3718024194
21.4 -407.3 2185.0 0 0 0 0 0 0 0 0 0
177.4 -415.0 2146.7 0 0 0 0 0 0 0 0 0
-223.2 -797.6 1733.9 0 0 0 0 0 0 0 0 0
227.0 -778.2 1645.7 0 0 0 0 0 0 0 0 0
190.9 20.8 2718.1 1 0.9909750819 0.0434124731 0.1268217415 0.0349099562 0.8298735023 -0.5568584204 -0.1294205934 0.5562601686 0.8208683729
182.1 -147.8 2605.1 0.9909750819 0.0434124731 0.1268217415 0.0349099562 0.8298735023 -0.5568584204 -0.1294205934 0.5562601686 0.8208683729
170.5 -307.3 2487.1 0.9905213714 0.0582781211 0.1243827417 0.0276269596 0.8025014997 -0.5960101485 -0.1345516890 0.5937970877 0.7932848334
42.9 -151.6 2624.0 0.2757955790 -0.5319055319 -0.8006330729 0.6039792299 0.7438645959 -0.2861372232 0.7477605939 -0.4046503603 0.5264145136
-32.9 -317.7 2418.5 -0.2074983716 -0.5319055319 -0.8209877610 0.3487954140 0.7438645959 -0.5700939894 0.9139398932 -0.4046503603 0.0311755296
321.3 -143.9 2586.2 -0.0902107060 0.1107925475 0.9897409081 -0.5615961552 0.8150610924 -0.1424258500 -0.8224790692 -0.5686830282 -0.0113065708
295.3 -305.3 2349.7 -0.4484291971 0.1335859299 0.8837794065 -0.4255598783 0.8375972509 -0.3425342143 -0.7860089540 -0.5297033787 -0.3187542558
