116.8 -10.1 2973.7 75 0.9920331240 0.0548637770 0.1134028584 0.0033276929 0.8884595633 -0.4589428604 -0.1259331852 0.4556638896 0.8811987638
105.8 -188.4 2882.3 0.9920331240 0.0548637770 0.1134028584 0.0033276929 0.8884595633 -0.4589428604 -0.1259331852 0.4556638896 0.8811987638
95.7 -358.7 2790.0 0.9923064709 0.0523060337 0.1122139394 0.0078327926 0.8780308962 -0.4785398841 -0.1235578284 0.4757371545 0.8708660007
-29.7 -189.4 2899.2 -0.2269882858 -0.4049599767 -0.8857108355 0.5615833998 0.6885965466 -0.4587579668 0.7956760526 -0.6015331745 0.0711154491
36.7 -353.6 2666.4 -0.2534479797 -0.3932256103 -0.8838199973 0.5902752280 0.6609725356 -0.4633470476 0.7663806677 -0.6391313672 0.0645891801
241.2 -187.3 2865.4 0.5272745490 0.6818888187 0.5069606900 -0.8252124786 0.2687604129 0.4967817962 0.2024990022 -0.6802906990 0.7044137120
371.4 -391.0 2915.4 -0.2971872985 0.6818888187 0.6683616638 -0.7480292320 0.2687604129 -0.6068114638 -0.5934071541 -0.6802906990 0.4302006066
-5.1 -538.4 2721.0 0.9872630835 0.1454157829 -0.0645436272 -0.0526431873 -0.0842525363 -0.9950528741 -0.1501343548 0.9857767224 -0.0755242631
-78.6 -495.8 2222.9 0.9872630835 0.0655369163 0.1449708343 -0.0526431873 0.9944531918 -0.0910577849 -0.1501343548 0.0822662562 0.9852370024
171.8 -535.2 2692.7 0.9592146873 -0.2799607217 0.0391050130 0.0211196132 -0.0669744909 -0.9975311160 0.2818885744 0.9576724172 -0.0583302528
308.1 -502.6 2226.5 0.9592146873 -0.0377090797 -0.2801521719 0.0211196132 0.9978525639 -0.0620015226 0.2818885744 0.0535560660 0.9579512477
101.0 -503.4 2472.0 0 0 0 0 0 0 0 0 0
296.0 -580.7 2764.9 0 0 0 0 0 0 0 0 0
-103.0 -867.0 2192.2 0 0 0 0 0 0 0 0 0
322.1 -875.0 2206.5 0 0 0 0 0 0 0 0 0
115.8 -8.9 2976.8 76 0.9872525334 0.0593013577 0.1477015018 0.0161434747 0.8859028220 -0.4635899067 -0.1583406925 0.4600647092 0.8736525178
104.0 -185.9 2884.9 0.9872525334 0.0593013577 0.1477015018 0.0161434747 0.8859028220 -0.4635899067 -0.1583406925 0.4600647092 0.8736525178
91.6 -355.6 2791.4 0.9872021675 0.0638086721 0.1461519003 0.0154228294 0.8739662766 -0.4857417643 -0.1587263644 0.4817793965 0.8617972732
-30.8 -188.0 2906.5 -0.2265808731 -0.4285762012 -0.8746333718 0.5473768115 0.6867327690 -0.4783060551 0.8056300282 -0.5871290565 0.0789921880
38.7 -356.0 2659.3 -0.2563681602 -0.4086265564 -0.8759564161 0.6055265069 0.6384757161 -0.4750645757 0.7534009218 -0.6522063017 0.0837493688
238.7 -183.8 2863.2 0.5389569402 0.6555864215 0.5288968682 -0.8237500191 0.2790513933 0.4935243130 0.1759584248 -0.7016671300 0.6904360056
371.7 -387.1 2906.6 -0.3137136698 0.6555864215 0.6868698597 -0.7445768118 0.2790513933 -0.6064121723 -0.5892275572 -0.7016671300 0.4005922079
-3.2 -529.7 2708.8 0.9861902595 0.1515798271 -0.0667255521 -0.0571376011 -0.0667563304 -0.9961319566 -0.1554478705 0.9861881733 -0.0571735352
-76.8 -497.3 2229.7 0.9861902595 0.0766380429 0.1468174160 -0.0571376011 0.9895056486 -0.1327174306 -0.1554478705 0.1224958375 0.9802197218
174.5 -528.4 2686.6 0.9603509307 -0.2758518755 0.0403956473 0.0263612699 -0.0543976985 -0.9981713295 0.2775448561 0.9596596360 -0.0449690744
304.0 -502.9 2235.9 0.9603509307 -0.0568300784 -0.2729402781 0.0263612699 0.9931274652 -0.1140302122 0.2775448561 0.1023139730 0.9552490115
103.8 -509.6 2468.2 0 0 0 0 0 0 0 0 0
292.1 -576.0 2757.1 0 0 0 0 0 0 0 0 0
-105.4 -866.3 2184.0 0 0 0 0 0 0 0 0 0
325.2 -873.0 2197.8 0 0 0 0 0 0 0 0 0
116.3 -9.6 2977.4 77 0.9848412871 0.0671333820 0.1599396467 0.0160096437 0.8829509020 -0.4691922367 -0.1727173179 0.4646404684 0.8684917688
102.9 -185.7 2884.7 0.9848412871 0.0671333820 0.1599396467 0.0160096437 0.8829509020 -0.4691922367 -0.1727173179 0.4646404684 0.8684917688
88.9 -355.2 2791.3 0.9847172499 0.0720991194 0.1585359573 0.0144446874 0.8733391166 -0.4868984818 -0.1735606045 0.4817473292 0.8589506745
-31.5 -187.6 2908.4 -0.2142946273 -0.4334445894 -0.8753305674 0.5597964525 0.6798751950 -0.4737063050 0.8004409671 -0.5915196538 0.0969471410
33.7 -358.0 2664.8 -0.2774741054 -0.4177137911 -0.8651724458 0.5780436993 0.6467103362 -0.4976256192 0.7673810124 -0.6381856799 0.0620114617
237.4 -183.7 2861.0 0.5406224728 0.6453336477 0.5396960378 -0.8245111704 0.2790566087 0.4922486544 0.1670588851 -0.7111060619 0.6829491258
370.8 -387.2 2902.3 -0.3235350847 0.6453336477 0.6920039654 -0.7434301376 0.2790566087 -0.6078149676 -0.5853517652 -0.7111060619 0.3894758821
-9.1 -526.5 2712.2 0.9879624844 0.1403377056 -0.0650799498 -0.0573370680 -0.0585320368 -0.9966375828 -0.1436750889 0.9883720875 -0.0497809052
-77.8 -497.9 2228.5 0.9879624844 0.0726758912 0.1365587264 -0.0573370680 0.9919297695 -0.1130832583 -0.1436750889 0.1038921401 0.9841564298
167.6 -523.8 2683.8 0.9558234811 -0.2918461859 0.0350319222 0.0232345518 -0.0437926501 -0.9987704158 0.2930215001 0.9554622173 -0.0350771286
305.1 -503.2 2233.5 0.9558234811 -0.0494732037 -0.2897478938 0.0232345518 0.9953661561 -0.0933080912 0.2930215001 0.0824539065 0.9525438547
104.0 -504.6 2470.2 0 0 0 0 0 0 0 0 0
288.7 -575.9 2753.7 0 0 0 0 0 0 0 0 0
-104.9 -868.0 2189.7 0 0 0 0 0 0 0 0 0
323.6 -874.4 2202.8 0 0 0 0 0 0 0 0 0
116.3 -7.5 2978.7 78 0.9823086858 0.0744429529 0.1718369573 0.0142206913 0.8852921724 -0.4648177922 -0.1867283136 0.4590381682 0.8685715199
101.5 -183.7 2887.3 0.9823086858 0.0744429529 0.1718369573 0.0142206913 0.8852921724 -0.4648177922 -0.1867283136 0.4590381682 0.8685715199
86.6 -353.3 2794.1 0.9824278355 0.0770772547 0.1699842662 0.0156040816 0.8736388087 -0.4863247871 -0.1859894246 0.4804314375 0.8570843339
-32.6 -185.8 2912.7 -0.2082241029 -0.4418641329 -0.8725816607 0.5574807525 0.6794185042 -0.4770803750 0.8036528826 -0.5857871175 0.1048594415
31.8 -358.4 2663.9 -0.2858661115 -0.4242596328 -0.8592347503 0.5721076727 0.6437562704 -0.5082033873 0.7687479258 -0.6368529201 0.0586940646
235.7 -181.5 2861.9 0.5437750816 0.6359764934 0.5475788116 -0.8237135410 0.2795667946 0.4932934046 0.1606381387 -0.7192887664 0.6758838892
369.9 -384.9 2901.6 -0.3300057948 0.6359764934 0.6975888014 -0.7440271974 0.2795667946 -0.6068491936 -0.5809644461 -0.7192887664 0.3809251189
-13.2 -526.0 2713.3 0.9890516400 0.1308845729 -0.0681623071 -0.0611027963 -0.0572201274 -0.9964900017 -0.1343254298 0.9897449613 -0.0485962443
-77.8 -497.7 2224.7 0.9890516400 0.0734669790 0.1279823184 -0.0611027963 0.9933093190 -0.0979949161 -0.1343254298 0.0891019478 0.9869232774
163.1 -523.4 2682.3 0.9520486593 -0.3040556312 0.0339632221 0.0211322997 -0.0453918353 -0.9987457395 0.3052159250 0.9515722394 -0.0367898382
307.3 -501.9 2231.0 0.9520486593 -0.0427152999 -0.3029500544 0.0211322997 0.9970218539 -0.0741677061 0.3052159250 0.0642092302 0.9501159787
104.4 -503.6 2468.8 0 0 0 0 0 0 0 0 0
286.2 -573.7 2754.1 0 0 0 0 0 0 0 0 0
-105.3 -868.4 2191.5 0 0 0 0 0 0 0 0 0
323.2 -873.8 2207.1 0 0 0 0 0 0 0 0 0
116.5 -8.6 2979.3 79 0.9822882414 0.0795800313 0.1696373969 0.0126197226 0.8751778007 -0.4836367965 -0.1869507134 0.4772115052 0.8586725593
100.6 -183.0 2884.2 0.9822882414 0.0795800313 0.1696373969 0.0126197226 0.8751778007 -0.4836367965 -0.1869507134 0.4772115052 0.8586725593
84.7 -350.3 2787.1 0.9824441671 0.0822050199 0.1674687564 0.0142940069 0.8618739843 -0.5069209933 -0.1860084087 0.5004153848 0.8455680609
-33.6 -185.0 2909.6 -0.2117348611 -0.4326409400 -0.8763504624 0.5606923103 0.6806674600 -0.4715039432 0.8004951477 -0.5911968350 0.0984574258
29.5 -352.2 2671.0 -0.2816431224 -0.4162507355 -0.8645302057 0.5766320229 0.6467284560 -0.4992372096 0.7669241428 -0.6391225457 0.0578768887
234.8 -181.1 2858.8 0.5392621160 0.6372528076 0.5505499244 -0.8301860690 0.2925214767 0.4745759368 0.1413771510 -0.7129796743 0.6867841482
367.9 -386.0 2893.7 -0.3345072865 0.6372528076 0.6942721009 -0.7284726501 0.2925214767 -0.6194826961 -0.5978565812 -0.7129796743 0.3663706779
-16.4 -524.2 2717.5 0.9902638793 0.1236486733 -0.0639414191 -0.0577198230 -0.0532641783 -0.9969109297 -0.1266724914 0.9908955097 -0.0456086099
-77.6 -497.9 2226.9 0.9902638793 0.0710220560 0.1197220385 -0.0577198230 0.9921278954 -0.1111333370 -0.1266724914 0.1031409875 0.9865677953
159.6 -521.4 2684.2 0.9515177608 -0.3059175313 0.0320691578 0.0222779140 -0.0354448892 -0.9991232753 0.3067860007 0.9513980150 -0.0269112363
304.7 -504.6 2233.0 0.9515177608 -0.0515472032 -0.3032438755 0.0222779140 0.9948179722 -0.0992015228 0.3067860007 0.0876363665 0.9477353096
101.0 -498.5 2476.4 0 0 0 0 0 0 0 0 0
283.0 -570.9 2742.0 0 0 0 0 0 0 0 0 0
-104.1 -868.1 2188.4 0 0 0 0 0 0 0 0 0
323.9 -875.8 2200.3 0 0 0 0 0 0 0 0 0
115.5 -8.7 2979.6 80 0.9772535563 0.0765256658 0.1977860034 0.0297498442 0.8739364147 -0.4851289392 -0.2099772096 0.4799780846 0.8517808318
100.2 -183.1 2883.9 0.9772535563 0.0765256658 0.1977860034 0.0297498442 0.8739364147 -0.4851289392 -0.2099772096 0.4799780846 0.8517808318
84.8 -350.1 2786.2 0.9774442315 0.0794519037 0.1956788450 0.0318697505 0.8604370952 -0.5085591078 -0.2087753266 0.5033243895 0.8384971023
-33.3 -187.4 2912.4 -0.2202907950 -0.4577934742 -0.8613345027 0.5420396328 0.6766873598 -0.4982842505 0.8109654784 -0.5766448975 0.0990742221
37.8 -362.3 2650.8 -0.2568113208 -0.4362094104 -0.8624206185 0.6039027572 0.6242616177 -0.4955793619 0.7545524240 -0.6480885744 0.1031106338
233.7 -178.7 2855.4 0.5561373234 0.6154642701 0.5584934950 -0.8218036890 0.3070669174 0.4799464941 0.1238950193 -0.7258881927 0.6765621901
370.9 -381.5 2886.0 -0.3360998929 0.6154642701 0.7129099369 -0.7307969928 0.3070669174 -0.6096274853 -0.5941150188 -0.7258881927 0.3465742767
-19.3 -518.8 2706.7 0.9908410311 0.1220067739 -0.0578656755 -0.0531788990 -0.0413292497 -0.9977293611 -0.1241212860 0.9916684031 -0.0344625302
-78.7 -498.7 2223.9 0.9908410311 0.0644352660 0.1186683849 -0.0531788990 0.9939890504 -0.0956962407 -0.1241212860 0.0885091051 0.9883117080
156.7 -516.3 2673.4 0.9473564029 -0.3188271523 0.0294118673 0.0217336286 -0.0276143625 -0.9993823767 0.3194424212 0.9474105239 -0.0192313734
305.4 -503.4 2231.6 0.9473564029 -0.0503311642 -0.3162002265 0.0217336286 0.9953982830 -0.0933271348 0.3194424212 0.0815418810 0.9440907836
102.9 -515.5 2459.4 0 0 0 0 0 0 0 0 0
285.6 -567.0 2735.2 0 0 0 0 0 0 0 0 0
-102.8 -869.7 2190.8 0 0 0 0 0 0 0 0 0
324.1 -874.9 2201.2 0 0 0 0 0 0 0 0 0
115.7 -8.0 2979.8 81 0.9852476716 0.0563605390 0.1615873724 0.0303947758 0.8715720177 -0.4893244505 -0.1684136093 0.4870172143 0.8570012450
104.5 -181.5 2882.9 0.9852476716 0.0563605390 0.1615873724 0.0303947758 0.8715720177 -0.4893244505 -0.1684136093 0.4870172143 0.8570012450
93.4 -347.6 2783.1 0.9854816794 0.0573463291 0.1598039418 0.0339488089 0.8556651473 -0.5164151788 -0.1663531661 0.5143428445 0.8412954807
-30.0 -186.1 2905.6 -0.2050853521 -0.4336234927 -0.8774455190 0.5596398115 0.6835336089 -0.4685990512 0.8029590845 -0.5871562958 0.1024902537
33.7 -359.8 2656.3 -0.2618367076 -0.4142298698 -0.8716967106 0.5993112326 0.6381750107 -0.4832791388 0.7564836740 -0.6489578485 0.0811549798
239.0 -176.9 2860.2 0.5505039096 0.6459599733 0.5288488865 -0.8230296373 0.3137899041 0.4734534323 0.1398845315 -0.6958962679 0.7043867707
374.8 -380.0 2894.7 -0.3097005785 0.6459599733 0.6977257729 -0.7254914641 0.3137899041 -0.6125341058 -0.6146118641 -0.6958962679 0.3714575469
-18.2 -519.9 2707.2 0.9905670285 0.1240026057 -0.0583125129 -0.0535453744 -0.0414380059 -0.9977052808 -0.1261344105 0.9914162755 -0.0344073549
-78.6 -499.7 2224.2 0.9905670285 0.0652204305 0.1205126196 -0.0535453744 0.9937744141 -0.0977002457 -0.1261344105 0.0903257504 0.9878923893
156.9 -514.2 2669.8 0.9469649792 -0.3206707537 0.0206784885 0.0148069905 -0.0207380075 -0.9996752739 0.3209954798 0.9469636679 -0.0148899974
303.9 -504.7 2235.5 0.9469649792 -0.0524521247 -0.3170270026 0.0148069905 0.9926625490 -0.1200073287 0.3209954798 0.1089485213 0.9407933354
100.1 -511.9 2464.4 0 0 0 0 0 0 0 0 0
296.3 -564.1 2738.8 0 0 0 0 0 0 0 0 0
-102.9 -870.7 2190.5 0 0 0 0 0 0 0 0 0
323.5 -875.1 2194.9 0 0 0 0 0 0 0 0 0
115.1 -6.4 2979.4 82 0.9896418452 0.0548319295 0.1326744705 0.0183315575 0.8683506846 -0.4956117272 -0.1423833072 0.4929102361 0.8583510518
104.2 -179.8 2881.0 0.9896418452 0.0548319295 0.1326744705 0.0183315575 0.8683506846 -0.4956117272 -0.1423833072 0.4929102361 0.8583510518
93.5 -344.9 2779.5 0.9898748994 0.0552084334 0.1307660937 0.0219718516 0.8505581021 -0.5254218578 -0.1402318776 0.5229750872 0.8407330513
-30.9 -182.8 2900.1 -0.2137801349 -0.4061785936 -0.8884351254 0.5696187019 0.6870161295 -0.4511577785 0.7936199307 -0.6025178432 0.0844965279
38.3 -367.2 2643.1 -0.2396937460 -0.3900257051 -0.8890595436 0.6186422706 0.6443971992 -0.4494818747 0.7482169867 -0.6577478051 0.0868283957
239.3 -176.9 2861.8 0.5357186198 0.6681153774 0.5163598061 -0.8314885497 0.3108839095 0.4604106545 0.1470794827 -0.6759977937 0.7220765948
371.5 -382.1 2898.1 -0.3030193746 0.6681153774 0.6795595288 -0.7160875201 0.3108839095 -0.6249558926 -0.6288067698 -0.6759977937 0.3842252195
-5.9 -516.7 2698.3 0.9870474935 0.1512871087 -0.0533805899 -0.0484686457 -0.0359740183 -0.9981766939 -0.1529315710 0.9878350496 -0.0281753838
-78.2 -499.5 2225.9 0.9870474935 0.0657981783 0.1463143080 -0.0484686457 0.9917101264 -0.1190031841 -0.1529315710 0.1103701368 0.9820541739
170.5 -510.6 2668.5 0.9549983740 -0.2957646847 0.0223910436 0.0194974598 -0.0127294753 -0.9997288585 0.2959695160 0.9551759958 -0.0063899681
304.9 -504.8 2234.5 0.9549983740 -0.0520629287 -0.2920060754 0.0194974598 0.9933643937 -0.1133449450 0.2959695160 0.1025508642 0.9496764541
99.1 -524.2 2453.3 0 0 0 0 0 0 0 0 0
294.6 -563.8 2738.6 0 0 0 0 0 0 0 0 0
-102.8 -869.6 2184.7 0 0 0 0 0 0 0 0 0
324.3 -875.6 2196.2 0 0 0 0 0 0 0 0 0
113.8 -7.6 2979.7 83 0.9873464704 0.0479895286 0.1511422545 0.0331299305 0.8696537614 -0.4925491810 -0.1550786346 0.4913240373 0.8570597172
104.2 -181.0 2881.7 0.9873464704 0.0479895286 0.1511422545 0.0331299305 0.8696537614 -0.4925491810 -0.1550786346 0.4913240373 0.8570597172
94.8 -346.4 2780.4 0.9875649214 0.0488183163 0.1494399160 0.0370144583 0.8516405225 -0.5228177309 -0.1527921557 0.5218479037 0.8392432928
-30.6 -186.1 2902.6 -0.2130405009 -0.4280568063 -0.8782830238 0.5501267910 0.6903326511 -0.4698950648 0.8074492216 -0.5832737088 0.0884166881
41.0 -371.0 2631.1 -0.2452389896 -0.3991838396 -0.8834648132 0.6482017040 0.6101253033 -0.4556112587 0.7208968997 -0.6843971014 0.1091251299
239.1 -176.0 2860.8 0.5502886772 0.6546538472 0.5182766914 -0.8230307698 0.3206659257 0.4688216448 0.1407222003 -0.6845449209 0.7152590752
374.9 -379.2 2895.6 -0.3000970185 0.6546538472 0.6938084364 -0.7209041715 0.3206659257 -0.6143862605 -0.6246910691 -0.6845449209 0.3757117987
-5.8 -512.0 2690.6 0.9865621328 0.1559858918 -0.0486161634 -0.0447163135 -0.0284157675 -0.9985955358 -0.1571482718 0.9873504639 -0.0210588071
-79.0 -498.6 2227.3 0.9865621328 0.0641965866 0.1502462178 -0.0447163135 0.9905550480 -0.1296194196 -0.1571482718 0.1211591586 0.9801146984
171.4 -508.1 2665.5 0.9550792575 -0.2950773537 0.0274394825 0.0261798203 -0.0082193585 -0.9996234775 0.2951917946 0.9554380178 -0.0001250674
305.5 -504.3 2231.3 0.9550792575 -0.0522012934 -0.2917166352 0.0261798203 0.9953772426 -0.0924053416 0.2951917946 0.0806173384 0.9520307779
103.2 -535.4 2448.3 0 0 0 0 0 0 0 0 0
298.7 -562.1 2737.0 0 0 0 0 0 0 0 0 0
-102.9 -868.4 2182.1 0 0 0 0 0 0 0 0 0
325.0 -875.8 2201.2 0 0 0 0 0 0 0 0 0
114.5 -5.1 2979.8 84 0.9855090976 0.0457496643 0.1633366048 0.0393916108 0.8748860359 -0.4827242494 -0.1649853885 0.4821632206 0.8604059815
105.3 -179.3 2883.8 0.9855090976 0.0457496643 0.1633366048 0.0393916108 0.8748860359 -0.4827242494 -0.1649853885 0.4821632206 0.8604059815
96.1 -345.8 2784.4 0.9856724143 0.0478736088 0.1617343873 0.0424144715 0.8577138186 -0.5123748183 -0.1632510573 0.5118936300 0.8433943391
-29.3 -185.1 2906.1 -0.1865736246 -0.4412905574 -0.8777545094 0.5586507320 0.6872822046 -0.4642763436 0.8081458211 -0.5769799352 0.1182985455
33.1 -372.0 2635.8 -0.2836853266 -0.4020840526 -0.8705464005 0.6419867873 0.5947263837 -0.4838940799 0.7123030424 -0.6961529255 0.0894175023
240.0 -173.5 2861.5 0.5577661395 0.6453031301 0.5219969153 -0.8173711300 0.3177674711 0.4805499911 0.1442267895 -0.6946997046 0.7046921253
377.7 -375.3 2897.1 -0.3011843860 0.6453031301 0.7020483017 -0.7298916578 0.3177674711 -0.6052123904 -0.6136335731 -0.6946997046 0.3752947748
-3.1 -515.0 2692.8 0.9856000543 0.1598012894 -0.0552815050 -0.0505060367 -0.0337955840 -0.9981517792 -0.1613742262 0.9865705371 -0.0252380017
-78.6 -499.0 2226.7 0.9856000543 0.0692347288 0.1542694122 -0.0505060367 0.9912223816 -0.1221775189 -0.1613742262 0.1126266345 0.9804456234
173.7 -508.4 2665.5 0.9562834501 -0.2914739549 0.0237665717 0.0229151361 -0.0063350010 -0.9997173548 0.2915421426 0.9565578103 0.0006211093
308.2 -505.4 2224.2 0.9562834501 -0.0382755809 -0.2899256945 0.0229151361 0.9981569648 -0.0561925732 0.2915421426 0.0470923409 0.9553980827
105.1 -534.7 2455.2 0 0 0 0 0 0 0 0 0
301.2 -560.6 2741.4 0 0 0 0 0 0 0 0 0
-104.4 -869.0 2184.7 0 0 0 0 0 0 0 0 0
322.5 -877.7 2206.6 0 0 0 0 0 0 0 0 0
114.9 -4.7 2979.4 85 0.9887127280 0.0549596995 0.1393793672 0.0204696711 0.8720127344 -0.4890550077 -0.1484189034 0.4863879681 0.8610450625
104.0 -178.8 2882.3 0.9887127280 0.0549596995 0.1393793672 0.0204696711 0.8720127344 -0.4890550077 -0.1484189034 0.4863879681 0.8610450625
93.2 -344.7 2782.0 0.9889490604 0.0554923750 0.1374785304 0.0241643526 0.8545728922 -0.5187689662 -0.1462731510 0.5163581371 0.8437881470
-31.1 -182.1 2902.3 -0.1951476038 -0.4125261903 -0.8897975087 0.5823844671 0.6812362075 -0.4435601234 0.7891424298 -0.6047639251 0.1073072329
30.7 -366.4 2652.5 -0.2778609991 -0.3873521388 -0.8790628910 0.6233119369 0.6236028075 -0.4718069136 0.7309415340 -0.6790271401 0.0681663007
239.0 -175.5 2862.3 0.5394962430 0.6630630493 0.5189327002 -0.8285037279 0.3081890047 0.4675479531 0.1500844061 -0.6821780801 0.7156170607
372.2 -380.0 2899.3 -0.3044958115 0.6630630493 0.6838345528 -0.7214695811 0.3081890047 -0.6200816035 -0.6219034791 -0.6821780801 0.3845375478
-1.5 -516.1 2699.7 0.9851715565 0.1595132351 -0.0631865487 -0.0578349233 -0.0379768200 -0.9976035953 -0.1615305990 0.9864650369 -0.0281882454
-77.8 -497.9 2227.5 0.9851715565 0.0756705403 0.1539836973 -0.0578349233 0.9914247990 -0.1171833947 -0.1615305990 0.1065401137 0.9810999036
175.1 -508.5 2670.5 0.9582238793 -0.2847843766 0.0265493672 0.0271105506 -0.0019719489 -0.9996305108 0.2847315073 0.9585895538 0.0058310931
306.1 -507.6 2229.5 0.9582238793 -0.0510751009 -0.2814220190 0.0271105506 0.9957158566 -0.0884021521 0.2847315073 0.0770795420 0.9555034041
101.1 -524.5 2467.1 0 0 0 0 0 0 0 0 0
294.9 -563.1 2741.5 0 0 0 0 0 0 0 0 0
-106.1 -868.0 2187.7 0 0 0 0 0 0 0 0 0
325.1 -879.0 2200.8 0 0 0 0 0 0 0 0 0
114.4 -4.9 2978.7 86 0.9910158515 0.0473999977 0.1250631064 0.0201611593 0.8714607358 -0.4900507331 -0.1322159916 0.4881694913 0.8626757860
104.9 -179.5 2880.9 0.9910158515 0.0473999977 0.1250631064 0.0201611593 0.8714607358 -0.4900507331 -0.1322159916 0.4881694913 0.8626757860
95.8 -345.3 2780.3 0.9912378192 0.0470040329 0.1234432608 0.0242175441 0.8540312052 -0.5196577907 -0.1298504025 0.5180939436 0.8454096913
-30.5 -182.8 2898.6 -0.2048823386 -0.4056772292 -0.8907576799 0.5691101551 0.6910398602 -0.4456203878 0.7963271141 -0.5982389450 0.0892931595
37.0 -370.2 2636.4 -0.2626466453 -0.3740092814 -0.8894569874 0.6533550024 0.6093998551 -0.4491759539 0.7100309730 -0.6991057396 0.0843040198
240.3 -176.2 2863.1 0.5368373394 0.6743023992 0.5070719123 -0.8287138343 0.3087206483 0.4668242931 0.1582371593 -0.6708262563 0.7245364785
372.8 -380.8 2902.2 -0.2942943871 0.6743023992 0.6772791743 -0.7208166718 0.3087206483 -0.6205762625 -0.6275460720 -0.6708262563 0.3951936662
-6.1 -512.7 2694.9 0.9868001938 0.1512330920 -0.0579129048 -0.0538274199 -0.0309734624 -0.9980697632 -0.1527349353 0.9880127311 -0.0224241316
-77.8 -498.0 2226.2 0.9868001938 0.0697676614 0.1461431682 -0.0538274199 0.9924370050 -0.1103240028 -0.1527349353 0.1010012403 0.9830924869
171.0 -508.4 2668.7 0.9555363059 -0.2942775488 0.0187371559 0.0195345692 -0.0002296831 -0.9998091459 0.2942256927 0.9557199478 0.0055291145
306.2 -508.3 2229.8 0.9555363059 -0.0475067906 -0.2910214067 0.0195345692 0.9949670434 -0.0982803926 0.2942256927 0.0882255062 0.9516551495
103.6 -535.9 2456.4 0 0 0 0 0 0 0 0 0
298.1 -563.7 2742.9 0 0 0 0 0 0 0 0 0
-103.9 -868.4 2188.5 0 0 0 0 0 0 0 0 0
323.9 -879.5 2196.9 0 0 0 0 0 0 0 0 0
115.4 -6.1 2978.8 87 0.9897943735 0.0593983568 0.1295333952 0.0129402559 0.8677684665 -0.4968001842 -0.1419141144 0.4934062362 0.8581437469
103.5 -180.3 2879.8 0.9897943735 0.0593983568 0.1295333952 0.0129402559 0.8677684665 -0.4968001842 -0.1419141144 0.4934062362 0.8581437469
91.9 -345.2 2778.1 0.9900399446 0.0598762259 0.1274194717 0.0164759420 0.8495587707 -0.5272366405 -0.1398192644 0.5240846872 0.8401106000
-31.7 -182.5 2898.9 -0.2135404050 -0.4041037261 -0.8894383907 0.5604112744 0.6950753927 -0.4503437281 0.8002123237 -0.5946178436 0.0780375898
40.7 -372.6 2627.5 -0.2551954091 -0.3723630607 -0.8923121691 0.6573593020 0.6099524498 -0.4425344169 0.7090514898 -0.6995025277 0.0891192630
238.7 -178.0 2860.7 0.5310295820 0.6701588631 0.5185505152 -0.8345957398 0.3078683913 0.4568008184 0.1464838088 -0.6753548384 0.7227989435
369.8 -384.1 2896.8 -0.3071546555 0.6701588631 0.6756797433 -0.7133062482 0.3078683913 -0.6296119690 -0.6299604774 -0.6753548384 0.3834652901
-2.1 -513.2 2691.4 0.9851797819 0.1623192877 -0.0554369539 -0.0509151630 -0.0318891741 -0.9981937408 -0.1637939364 0.9862228632 -0.0231520571
-78.9 -498.1 2224.8 0.9851797819 0.0659489632 0.1583399475 -0.0509151630 0.9939619899 -0.0971970260 -0.1637939364 0.0876946375 0.9825890064
175.5 -508.9 2668.1 0.9577383995 -0.2870642841 0.0182004031 0.0174506661 -0.0051703230 -0.9998343587 0.2871108353 0.9578973651 0.0000576466
307.1 -506.5 2228.7 0.9577383995 -0.0433971621 -0.2843481004 0.0174506661 0.9954985976 -0.0931556821 0.2871108353 0.0842567161 0.9541845322
105.4 -539.3 2447.7 0 0 0 0 0 0 0 0 0
291.9 -565.1 2736.9 0 0 0 0 0 0 0 0 0
-103.5 -869.1 2192.1 0 0 0 0 0 0 0 0 0
323.3 -878.0 2197.3 0 0 0 0 0 0 0 0 0
116.0 -5.1 2977.4 88 0.9850967526 0.0628921613 0.1600904167 0.0242795292 0.8705871701 -0.4914147556 -0.1702788025 0.4879780114 0.8560855985
103.4 -179.5 2879.6 0.9850967526 0.0628921613 0.1600904167 0.0242795292 0.8705871701 -0.4914147556 -0.1702788025 0.4879780114 0.8560855985
90.7 -345.2 2779.2 0.9852782488 0.0655296817 0.1579005420 0.0267159827 0.8532544971 -0.5208099484 -0.1688578576 0.5173611641 0.8389424682
-31.1 -183.2 2902.7 -0.2113294899 -0.4300845563 -0.8777056336 0.5507289767 0.6894735694 -0.4704506695 0.8074883819 -0.5827980042 0.0911539197
41.9 -373.4 2623.7 -0.2684153318 -0.3920060396 -0.8799343705 0.6594613791 0.5910728574 -0.4644820094 0.7021850944 -0.7049568295 0.0998598114
237.9 -175.9 2856.6 0.5444481373 0.6465716362 0.5343419909 -0.8278040290 0.3113950193 0.4666621685 0.1353390813 -0.6964038014 0.7047730684
372.3 -380.2 2890.0 -0.3171722591 0.6465716362 0.6937916875 -0.7205145955 0.3113950193 -0.6195900440 -0.6166526079 -0.6964038014 0.3670984507
-8.4 -511.5 2688.9 0.9870226979 0.1509823948 -0.0546853580 -0.0513041243 -0.0262030736 -0.9983392358 -0.1521645784 0.9881891012 -0.0181170087
-79.6 -499.2 2223.0 0.9870226979 0.0642649755 0.1471604109 -0.0513041243 0.9945979118 -0.0902380645 -0.1521645784 0.0815170780 0.9849877954
168.9 -508.6 2663.8 0.9519389868 -0.3056484163 0.0197780468 0.0178913940 -0.0089729540 -0.9997996688 0.3057646751 0.9521021843 -0.0030732281
308.4 -504.5 2229.2 0.9519389868 -0.0427565537 -0.3032886684 0.0178913940 0.9962801337 -0.0842958912 0.3057646751 0.0748182908 0.9491629004
110.0 -540.8 2445.6 0 0 0 0 0 0 0 0 0
291.8 -563.1 2733.5 0 0 0 0 0 0 0 0 0
-103.6 -870.5 2192.6 0 0 0 0 0 0 0 0 0
324.4 -876.3 2201.3 0 0 0 0 0 0 0 0 0
117.5 -6.9 2978.2 89 0.9855797887 0.0634590238 0.1568613499 0.0187541675 0.8803363442 -0.4739791453 -0.1681689918 0.4700860679 0.8664515615
104.9 -183.0 2884.1 0.9855797887 0.0634590238 0.1568613499 0.0187541675 0.8803363442 -0.4739791453 -0.1681689918 0.4700860679 0.8664515615
91.7 -351.3 2788.4 0.9855806231 0.0676513091 0.1550941169 0.0187652912 0.8672410846 -0.4975346923 -0.1681628674 0.4932709038 0.8534665108
-29.8 -185.5 2907.1 -0.2136221081 -0.4358351231 -0.8743073344 0.5342777967 0.6971407533 -0.4780606925 0.8178709149 -0.5692473054 0.0839323476
44.9 -372.3 2621.3 -0.2543593943 -0.3946021497 -0.8829441667 0.6776678562 0.5786293149 -0.4538220465 0.6899765134 -0.7137767673 0.1202293858
239.5 -180.4 2861.2 0.5417706966 0.6483555436 0.5349014997 -0.8252688646 0.2896146178 0.4848243296 0.1594232470 -0.7041011453 0.6919723749
373.2 -384.1 2900.5 -0.3189755976 0.6483555436 0.6912956238 -0.7364063859 0.2896146178 -0.6114155650 -0.5966240168 -0.7041011453 0.3850731552
-10.2 -513.2 2694.0 0.9878326058 0.1439696997 -0.0588171855 -0.0553665943 -0.0278611947 -0.9980772734 -0.1453316063 0.9891898036 -0.0195510853
-79.3 -499.8 2219.7 0.9878326058 0.0644309819 0.1415463984 -0.0553665943 0.9962106943 -0.0670727417 -0.1453316063 0.0584197007 0.9876567721
166.2 -508.4 2663.7 0.9507145286 -0.3093212843 0.0215004422 0.0196494870 -0.0090984674 -0.9997655153 0.3094443679 0.9509140849 -0.0025720410
307.9 -504.2 2228.3 0.9507145286 -0.0422442257 -0.3071764112 0.0196494870 0.9968926907 -0.0762815997 0.3094443679 0.0664861649 0.9485903978
109.4 -544.2 2446.2 0 0 0 0 0 0 0 0 0
292.2 -571.0 2749.2 0 0 0 0 0 0 0 0 0
-103.3 -871.6 2197.9 0 0 0 0 0 0 0 0 0
323.6 -876.3 2203.5 0 0 0 0 0 0 0 0 0
116.7 -6.9 2978.1 90 0.9867894053 0.0650493428 0.1483753920 0.0109240534 0.8870500922 -0.4615439475 -0.1616395265 0.4570675492 0.8746210337
103.7 -184.3 2886.7 0.9867894053 0.0650493428 0.1483753920 0.0109240534 0.8870500922 -0.4615439475 -0.1616395265 0.4570675492 0.8746210337
89.9 -354.4 2794.3 0.9866174459 0.0708247498 0.1468668282 0.0086920494 0.8766088486 -0.4811251760 -0.1628203392 0.4759630561 0.8642619252
-31.1 -185.5 2908.9 -0.2392240018 -0.4297795892 -0.8706672192 0.5307288766 0.6930157542 -0.4879098535 0.8130797744 -0.5788080096 0.0623104274
46.9 -358.5 2643.8 -0.2159736603 -0.4051830173 -0.8883592486 0.6567381620 0.6129888892 -0.4392489195 0.7225305438 -0.6782855988 0.1337096840
238.5 -183.1 2864.5 0.5352054238 0.6542858481 0.5342894197 -0.8254684806 0.2708265781 0.4952319860 0.1793235242 -0.7060899138 0.6850402355
370.6 -386.9 2908.7 -0.3207536042 0.6542858481 0.6848555803 -0.7461535931 0.2708265781 -0.6082004309 -0.5834140182 -0.7060899138 0.4013291597
-9.7 -521.2 2707.8 0.9883294106 0.1431667358 -0.0520408340 -0.0461981073 -0.0438386314 -0.9979698658 -0.1451575011 0.9887272120 -0.0367129780
-80.4 -499.6 2219.6 0.9883294106 0.0559045300 0.1417026669 -0.0461981073 0.9964138269 -0.0708885491 -0.1451575011 0.0635148436 0.9873678088
166.9 -517.9 2677.7 0.9543098807 -0.2967441380 0.0351506025 0.0290464349 -0.0249559097 -0.9992665052 0.2974036932 0.9546308517 -0.0151963122
305.6 -506.2 2231.4 0.9543098807 -0.0550608858 -0.2937021554 0.0290464349 0.9953154325 -0.0922146738 0.2974036932 0.0794703737 0.9514386654
101.6 -525.0 2460.7 0 0 0 0 0 0 0 0 0
289.2 -576.2 2760.7 0 0 0 0 0 0 0 0 0
-101.2 -871.5 2195.9 0 0 0 0 0 0 0 0 0
326.2 -877.7 2201.7 0 0 0 0 0 0 0 0 0
117.9 -10.7 2979.0 91 0.9841502309 0.0691596344 0.1632948816 0.0143959317 0.8866225481 -0.4622696042 -0.1767513156 0.4572935104 0.8715742230
104.1 -186.8 2888.2 0.9841502309 0.0691596344 0.1632948816 0.0143959317 0.8866225481 -0.4622696042 -0.1767513156 0.4572935104 0.8715742230
90.0 -357.1 2796.1 0.9841156006 0.0728663281 0.1618857533 0.0139654242 0.8772829771 -0.4797703028 -0.1769787222 0.4744102359 0.8623302579
-30.3 -188.7 2912.3 -0.2719953358 -0.4410230815 -0.8552877903 0.5085812807 0.6886438727 -0.5168313980 0.8169232607 -0.5755590796 0.0369881690
52.4 -343.4 2663.8 -0.1764924228 -0.4277310669 -0.8865080476 0.6363499165 0.6375334263 -0.4342924654 0.7509388924 -0.6407786608 0.1596668065
238.6 -184.9 2864.0 0.5421443582 0.6426596642 0.5413575768 -0.8224837780 0.2739445269 0.4984724820 0.1720462143 -0.7155019045 0.6770946383
372.4 -387.9 2906.5 -0.3249199688 0.6426596642 0.6938411593 -0.7482965589 0.2739445269 -0.6041578054 -0.5783418417 -0.7155019045 0.3918899596
-12.2 -525.3 2716.5 0.9893771410 0.1344607919 -0.0552551895 -0.0485708341 -0.0524972118 -0.9974392056 -0.1370172054 0.9895273447 -0.0454086699
-79.4 -499.1 2221.8 0.9893771410 0.0599815547 0.1324199885 -0.0485708341 0.9949548841 -0.0877818391 -0.1370172054 0.0804175958 0.9872989655
164.6 -523.7 2687.4 0.9544563293 -0.2956477106 0.0400696024 0.0296424460 -0.0396689028 -0.9987730980 0.2968744934 0.9544730783 -0.0290985145
305.7 -504.8 2231.7 0.9544563293 -0.0543682091 -0.2933551669 0.0296424460 0.9956717491 -0.0880859569 0.2968744934 0.0753784329 0.9519367814
97.1 -504.6 2473.6 0 0 0 0 0 0 0 0 0
289.9 -577.9 2759.7 0 0 0 0 0 0 0 0 0
-101.8 -870.4 2191.8 0 0 0 0 0 0 0 0 0
326.0 -876.5 2203.6 0 0 0 0 0 0 0 0 0
118.9 -9.4 2979.0 92 0.9801901579 0.0737756640 0.1838052571 0.0183438603 0.8902292252 -0.4551432729 -0.1972073019 0.4494986832 0.8712406158
104.2 -186.7 2889.5 0.9801901579 0.0737756640 0.1838052571 0.0183438603 0.8902292252 -0.4551432729 -0.1972073019 0.4494986832 0.8712406158
88.4 -357.6 2798.7 0.9799243212 0.0810967237 0.1821309477 0.0153044574 0.8802390695 -0.4742835760 -0.1987816244 0.4675494134 0.8613265157
-29.7 -188.8 2916.6 -0.2866178155 -0.4546271265 -0.8433056474 0.4958966970 0.6827419996 -0.5366095304 0.8197174668 -0.5719943643 0.0297620893
54.9 -335.1 2674.8 -0.1618837714 -0.4476276636 -0.8794447780 0.6098314524 0.6552740335 -0.4457819462 0.7758216858 -0.6084778905 0.1668991894
238.0 -184.7 2862.3 0.5478445292 0.6260219812 0.5549440384 -0.8201916218 0.2712690532 0.5036851764 0.1647788435 -0.7311016321 0.6620712280
373.3 -387.1 2903.0 -0.3356090486 0.6260219812 0.7038913965 -0.7525497675 0.2712690532 -0.6000682712 -0.5665998459 -0.7311016321 0.3800723255
-12.3 -528.6 2719.9 0.9895104766 0.1329985261 -0.0563954972 -0.0486387014 -0.0608694702 -0.9969599843 -0.1360269636 0.9892452955 -0.0537621006
-78.9 -498.1 2225.0 0.9895104766 0.0616672784 0.1306376904 -0.0486387014 0.9937296510 -0.1006761417 -0.1360269636 0.0932660475 0.9863052964
164.0 -526.1 2688.2 0.9538708329 -0.2975906730 0.0396264419 0.0269571077 -0.0465587713 -0.9985517263 0.2990046442 0.9535576105 -0.0363888703
306.5 -503.8 2231.6 0.9538708329 -0.0507631078 -0.2958945036 0.0269571077 0.9961020350 -0.0839881673 0.2990046442 0.0721374005 0.9515210986
95.9 -489.6 2478.3 0 0 0 0 0 0 0 0 0
288.1 -578.1 2759.2 0 0 0 0 0 0 0 0 0
-101.9 -869.0 2190.1 0 0 0 0 0 0 0 0 0
325.4 -875.6 2204.6 0 0 0 0 0 0 0 0 0
118.9 -8.2 2978.5 93 0.9798645377 0.0793523788 0.1832174510 0.0124774296 0.8915022016 -0.4528444707 -0.1992730498 0.4460123479 0.8725613356
103.1 -185.7 2889.7 0.9798645377 0.0793523788 0.1832174510 0.0124774296 0.8915022016 -0.4528444707 -0.1992730498 0.4460123479 0.8725613356
86.7 -356.8 2799.5 0.9797409773 0.0848355815 0.1814126372 0.0111429365 0.8813501596 -0.4723322690 -0.1999586374 0.4647847414 0.8625495434
-30.7 -187.2 2917.0 -0.2921133339 -0.4530154169 -0.8422866464 0.4934894443 0.6830030084 -0.5384933352 0.8192300797 -0.5729606748 0.0240440462
52.2 -327.3 2684.5 -0.1751310229 -0.4472922385 -0.8770740032 0.5931057930 0.6631232500 -0.4566104114 0.7858464718 -0.6001642942 0.1491581649
237.0 -184.2 2862.4 0.5450822711 0.6261700392 0.5574911833 -0.8216461539 0.2667799890 0.5037122369 0.1666820198 -0.7326250672 0.6599072218
371.6 -387.0 2903.5 -0.3390372992 0.6261700392 0.7021145225 -0.7529894710 0.2667799890 -0.6015274525 -0.5639685392 -0.7326250672 0.3810510933
-15.1 -529.8 2725.8 0.9903421402 0.1253265291 -0.0592933409 -0.0515142456 -0.0644279569 -0.9965918660 -0.1287195385 0.9900213480 -0.0573496185
-78.5 -497.2 2224.5 0.9903421402 0.0634085014 0.1232955828 -0.0515142456 0.9939137101 -0.0973745286 -0.1287195385 0.0900826156 0.9875810742
160.5 -527.1 2690.2 0.9533519149 -0.2997362614 0.0357527956 0.0225177892 -0.0474950708 -0.9986176491 0.3010199964 0.9528391361 -0.0385301188
303.4 -504.4 2235.9 0.9533519149 -0.0563422777 -0.2965562940 0.0225177892 0.9929631948 -0.1162626818 0.3010199964 0.1041614562 0.9479120970
96.6 -477.6 2485.3 0 0 0 0 0 0 0 0 0
285.5 -578.2 2760.4 0 0 0 0 0 0 0 0 0
-102.2 -868.2 2190.8 0 0 0 0 0 0 0 0 0
324.4 -874.9 2197.1 0 0 0 0 0 0 0 0 0
119.9 -7.9 2967.2 94 0.9774891138 0.0808736533 0.1948704123 0.0097153587 0.9053854346 -0.4244794250 -0.2107620388 0.4168172479 0.8842186928
103.8 -188.5 2884.1 0.9774891138 0.0808736533 0.1948704123 0.0097153587 0.9053854346 -0.4244794250 -0.2107620388 0.4168172479 0.8842186928
86.5 -362.1 2799.0 0.9771819711 0.0893110931 0.1927147508 0.0064669270 0.8943724632 -0.4472763240 -0.2123055011 0.4383166134 0.8733870387
-29.7 -189.4 2913.0 -0.2930579484 -0.4652601182 -0.8352544904 0.4953969717 0.6732996106 -0.5488619804 0.8177400827 -0.5746309161 0.0331726708
51.8 -327.2 2685.6 -0.1765812337 -0.4646744430 -0.8676962256 0.5686162114 0.6714090109 -0.4752741456 0.8034268022 -0.5773106217 0.1456631869
237.3 -187.7 2855.1 0.5484641194 0.6165609360 0.5648359656 -0.8158391118 0.2465136796 0.5231037140 0.1832855344 -0.7477189302 0.6382184625
372.7 -389.1 2900.3 -0.3449126482 0.6165609360 0.7077343464 -0.7691552043 0.2465136796 -0.5896026492 -0.5379921794 -0.7477189302 0.3892053664
-17.5 -528.8 2727.2 0.9907659888 0.1191390902 -0.0647200793 -0.0572382696 -0.0651873574 -0.9962300658 -0.1229088753 0.9907353520 -0.0577660985
-78.1 -495.7 2223.8 0.9907659888 0.0676283836 0.1175126061 -0.0572382696 0.9943272471 -0.0896500871 -0.1229088753 0.0820960402 0.9890165329
158.0 -526.9 2691.3 0.9520823956 -0.3039949536 0.0335587487 0.0199381039 -0.0478001088 -0.9986578822 0.3051910996 0.9514737129 -0.0394485556
303.6 -504.0 2235.6 0.9520823956 -0.0529052950 -0.3012310565 0.0199381039 0.9935662746 -0.1114831865 0.3051910996 0.1001352072 0.9470117688
96.6 -471.4 2481.9 0 0 0 0 0 0 0 0 0
285.2 -584.2 2763.8 0 0 0 0 0 0 0 0 0
-103.3 -866.9 2193.1 0 0 0 0 0 0 0 0 0
323.3 -874.8 2198.3 0 0 0 0 0 0 0 0 0
122.6 -7.7 2972.6 95 0.9818673730 0.0898469239 0.1669252664 -0.0076818927 0.8986845613 -0.4385282397 -0.1894135773 0.4292942584 0.8830792308
104.7 -186.6 2887.1 0.9818673730 0.0898469239 0.1669252664 -0.0076818927 0.8986845613 -0.4385282397 -0.1894135773 0.4292942584 0.8830792308
86.0 -359.4 2800.8 0.9814822078 0.0970098972 0.1651719064 -0.0113691557 0.8902579546 -0.4553147554 -0.1912156343 0.4450054765 0.8748752475
-29.3 -185.1 2913.2 -0.2887116075 -0.4354763925 -0.8526464105 0.5181901455 0.6777783632 -0.5216277242 0.8050618172 -0.5924329758 0.0299770962
51.3 -329.7 2688.5 -0.1760678440 -0.4397442043 -0.8806958199 0.5598514080 0.6911528111 -0.4570275843 0.8096706271 -0.5735266209 0.1245016158
238.8 -188.2 2861.0 0.5284625292 0.6372859478 0.5608868003 -0.8273224831 0.2383917570 0.5086324215 0.1904334873 -0.7328274250 0.6532220840
369.2 -392.4 2908.0 -0.3477785289 0.6372859478 0.6876894236 -0.7596349716 0.2383917570 -0.6050819159 -0.5495496988 -0.7328274250 0.4011971354
-18.3 -536.2 2733.0 0.9908598661 0.1152176857 -0.0701544210 -0.0618578270 -0.0740731582 -0.9953324795 -0.1198764667 0.9905745983 -0.0662690029
-77.2 -498.3 2226.6 0.9908598661 0.0741270259 0.1127028912 -0.0618578270 0.9921465516 -0.1087144613 -0.1198764667 0.1007492393 0.9876635075
156.7 -535.1 2695.0 0.9515294433 -0.3055709004 0.0349012129 0.0154506760 -0.0658424199 -0.9977104068 0.3071692288 0.9498900771 -0.0579297282
305.0 -503.1 2234.2 0.9515294433 -0.0472737104 -0.3039027154 0.0154506760 0.9942162633 -0.1062791422 0.3071692288 0.0964322314 0.9467564821
96.0 -471.8 2483.1 0 0 0 0 0 0 0 0 0
281.0 -585.2 2768.6 0 0 0 0 0 0 0 0 0
-104.9 -868.6 2188.9 0 0 0 0 0 0 0 0 0
322.6 -874.2 2198.2 0 0 0 0 0 0 0 0 0
118.1 -20.0 2965.3 96 0.9898774624 0.0809287876 0.1165895462 -0.0144112622 0.8745586872 -0.4847054482 -0.1411910206 0.4781188071 0.8668722510
102.0 -194.3 2870.0 0.9898774624 0.0809287876 0.1165895462 -0.0144112622 0.8745586872 -0.4847054482 -0.1411910206 0.4781188071 0.8668722510
85.9 -361.0 2772.8 0.9898419976 0.0845976770 0.1142632589 -0.0147833275 0.8605857491 -0.5090910196 -0.1414012462 0.5022304654 0.8530945182
-33.0 -192.1 2889.3 -0.3270826340 -0.3758499324 -0.8670373559 0.5293510556 0.6871733665 -0.4975743890 0.7828182578 -0.6217150688 -0.0258059297
51.5 -328.8 2687.1 -0.1773414314 -0.3862674832 -0.9051781297 0.5566640496 0.7191157937 -0.4159298837 0.8115880489 -0.5776417255 0.0874921903
237.0 -196.6 2850.7 0.5087257624 0.6765139103 0.5324725509 -0.8447689414 0.2729813457 0.4602679312 0.1660225987 -0.6839663982 0.7103706002
362.5 -405.0 2891.6 -0.3272539973 0.6765139103 0.6597224474 -0.7205814719 0.2729813457 -0.6373723745 -0.6112832427 -0.6839663982 0.3981491625
-19.4 -530.2 2713.8 0.9909668565 0.1170394346 -0.0654714108 -0.0578725077 -0.0671889037 -0.9960604310 -0.1209773049 0.9908518791 -0.0598086119
-76.6 -497.3 2229.5 0.9909668565 0.0722606555 0.1129740402 -0.0578725077 0.9903634191 -0.1258215755 -0.1209773049 0.1181469187 0.9855992198
156.3 -532.3 2686.5 0.9495528936 -0.3104764223 0.0442009419 0.0251244716 -0.0651771277 -0.9975573421 0.3125989139 0.9483439922 -0.0540885739
304.2 -501.2 2234.7 0.9495528936 -0.0565706044 -0.3084624708 0.0251244716 0.9941567183 -0.1049820781 0.3125989139 0.0919360816 0.9454256296
96.5 -470.1 2481.2 0 0 0 0 0 0 0 0 0
279.7 -587.3 2736.9 0 0 0 0 0 0 0 0 0
-103.6 -866.9 2185.4 0 0 0 0 0 0 0 0 0
325.3 -872.3 2200.4 0 0 0 0 0 0 0 0 0
114.9 -27.8 2961.1 97 0.9897537827 0.0697035193 0.1246149838 0.0000743728 0.8724955916 -0.4886220098 -0.1427846998 0.4836247265 0.8635506034
101.1 -201.0 2865.1 0.9897537827 0.0697035193 0.1246149838 0.0000743728 0.8724955916 -0.4886220098 -0.1427846998 0.4836247265 0.8635506034
87.2 -367.3 2766.5 0.9898167253 0.0724205971 0.1225481704 0.0008412173 0.8579177856 -0.5137862563 -0.1423449665 0.5086573362 0.8491204977
-34.0 -201.0 2884.6 -0.2781068087 -0.3969956636 -0.8746719360 0.5191242695 0.7040361762 -0.4846060574 0.8081872463 -0.5888357162 0.0102928197
47.3 -352.9 2648.1 -0.2716864347 -0.3897039294 -0.8799530268 0.5475954413 0.6893033385 -0.4743417799 0.7914074659 -0.6107304692 0.0261257254
236.2 -201.0 2845.7 0.5208288431 0.6721398234 0.5262749791 -0.8385812044 0.2874719501 0.4627541602 0.1597462147 -0.6823400259 0.7133675218
364.7 -407.9 2885.1 -0.3177121580 0.6721398234 0.6687951684 -0.7204245925 0.2874719501 -0.6311483979 -0.6164798141 -0.6823400259 0.3928927481
-18.0 -525.8 2679.3 0.9894789457 0.1314304471 -0.0604771115 -0.0529576875 -0.0599762835 -0.9967940450 -0.1346362680 0.9895094037 -0.0523850173
-78.1 -498.4 2227.0 0.9894789457 0.0671683922 0.1281399578 -0.0529576875 0.9923800230 -0.1112537757 -0.1346362680 0.1032972708 0.9854962230
159.0 -528.8 2657.5 0.9450179935 -0.3245994747 0.0397005193 0.0209876690 -0.0609496459 -0.9979201555 0.3263441026 0.9438857436 -0.0507859252
305.6 -501.3 2231.2 0.9450179935 -0.0492965728 -0.3232812881 0.0209876690 0.9956772923 -0.0904777125 0.3263441026 0.0787181482 0.9419676065
115.9 -491.2 2448.2 0 0 0 0 0 0 0 0 0
284.2 -590.5 2728.9 0 0 0 0 0 0 0 0 0
-103.2 -868.8 2188.5 0 0 0 0 0 0 0 0 0
324.0 -872.9 2201.8 0 0 0 0 0 0 0 0 0
115.5 -26.5 2970.5 98 0.9856564999 0.0659244135 0.1553550512 0.0199748855 0.8685045242 -0.4952785671 -0.1675775200 0.4912777543 0.8547303677
102.4 -199.0 2873.0 0.9856564999 0.0659244135 0.1553550512 0.0199748855 0.8685045242 -0.4952785671 -0.1675775200 0.4912777543 0.8547303677
88.7 -364.6 2772.9 0.9856467247 0.0705895573 0.1533547789 0.0198510364 0.8536235094 -0.5205120444 -0.1676499695 0.5160852671 0.8399699330
-32.2 -201.7 2895.9 -0.2300104350 -0.4243550599 -0.8757956028 0.5254736543 0.7033087611 -0.4787841439 0.8191292286 -0.5703328848 0.0612190515
39.1 -364.4 2642.1 -0.3242394924 -0.4068985879 -0.8539919853 0.5229401588 0.6751840711 -0.5202499628 0.7882907391 -0.6152722836 -0.0061377212
236.9 -196.3 2850.1 0.5389682055 0.6493311524 0.5365466475 -0.8310800195 0.3061914742 0.4642765820 0.1371832192 -0.6961435080 0.7046736479
