-41.9 105.9 2897.8 81 0.9945605397 -0.1028013453 -0.0167686343 0.0973144546 0.9744760990 -0.2023022771 0.0371375792 0.1995700449 0.9791795611
-20.7 -95.0 2856.7 0.9945605397 -0.1028013453 -0.0167686343 0.0973144546 0.9744760990 -0.2023022771 0.0371375792 0.1995700449 0.9791795611
-1.5 -284.2 2810.6 0.9951062202 -0.0979436040 -0.0130618429 0.0920372829 0.9668577909 -0.2381493598 0.0359541513 0.2357817441 0.9711406827
-162.4 -108.1 2851.6 -0.1389268637 -0.6926887035 -0.7077299356 0.6763319969 0.4556647539 -0.5787440538 0.7233770490 -0.5590634942 0.4051834643
-124.2 -294.3 2652.4 -0.3256110847 -0.7073314190 -0.6274230480 0.4384892881 0.4749425650 -0.7629919648 0.8376780748 -0.5235569477 0.1555106938
121.0 -81.9 2861.8 0.0270700976 0.7166175246 0.6969408393 -0.7754527926 0.4550240934 -0.4377511740 -0.6308250427 -0.5285947323 0.5680205822
127.6 -273.2 2706.3 -0.3892285526 0.7166175246 0.5787576437 -0.3679840863 0.4550240934 -0.8108888865 -0.8444458842 -0.5285947323 0.0865954906
-69.2 -485.0 2775.0 0.9462876916 0.2923442125 -0.1381105036 -0.1254606992 -0.0616815910 -0.9901793003 -0.2979920805 0.9543218613 -0.0216908194
-183.6 -460.9 2401.4 0.9462876916 0.2742656171 0.1712251008 -0.1254606992 0.7995535731 -0.5873446465 -0.2979920805 0.5343149304 0.7910172343
110.3 -466.5 2779.2 0.9995880127 0.0003445880 -0.0286997221 -0.0286254324 -0.0609209724 -0.9977320433 -0.0020922215 0.9981425405 -0.0608860105
110.1 -432.9 2227.8 0.9995880127 0.0285165086 -0.0032560006 -0.0286254324 0.9822237492 -0.1855185926 -0.0020922215 0.1855353564 0.9826353788
-40.6 -406.9 2437.3 0 0 0 0 0 0 0 0 0
28.0 -367.4 2490.1 0 0 0 0 0 0 0 0 0
-286.9 -762.0 2200.1 0 0 0 0 0 0 0 0 0
99.4 -802.8 2157.9 0 0 0 0 0 0 0 0 0
-44.1 106.4 2904.6 82 0.9946773648 -0.1026715860 -0.0086904652 0.0983358473 0.9710859656 -0.2175365537 0.0307740122 0.2155240923 0.9760134816
-23.0 -93.2 2860.3 0.9946773648 -0.1026715860 -0.0086904652 0.0983358473 0.9710859656 -0.2175365537 0.0307740122 0.2155240923 0.9760134816
-3.6 -281.6 2810.8 0.9951069355 -0.0986848697 -0.0048421817 0.0942104533 0.9624754786 -0.2544903755 0.0297748316 0.2527889609 0.9670631886
-164.7 -106.6 2856.0 -0.1353020966 -0.6972067356 -0.7039858699 0.6715116501 0.4579162896 -0.5825673938 0.7285364866 -0.5515573025 0.4062254131
-126.9 -294.6 2652.1 -0.3269107938 -0.7075366974 -0.6265150905 0.4417588115 0.4716486633 -0.7631492019 0.8354510665 -0.5262503028 0.1583735347
118.8 -79.8 2864.5 0.0342202336 0.7182731628 0.6949191689 -0.7763669491 0.4569662511 -0.4340924323 -0.6293515563 -0.5246574879 0.5732809901
127.4 -274.5 2706.6 -0.3911118805 0.7182731628 0.5754261017 -0.3584675491 0.4569662511 -0.8140533566 -0.8476629853 -0.5246574879 0.0787526891
-72.2 -481.7 2761.2 0.9458202720 0.3028031886 -0.1171930954 -0.1237041429 0.0023423128 -0.9923163652 -0.3002020419 0.9530502558 0.0396734141
-190.5 -482.7 2388.7 0.9458202720 0.2757432759 0.1714340597 -0.1237041429 0.7941963077 -0.5949366093 -0.3002020419 0.5414959788 0.7852775455
107.6 -465.2 2767.6 0.9998397231 -0.0022051299 -0.0177678727 -0.0178672429 -0.0591706447 -0.9980879426 0.0011495772 0.9982454181 -0.0592005588
108.8 -433.2 2228.3 0.9998397231 0.0173237268 -0.0045219921 -0.0178672429 0.9816448689 -0.1898790747 0.0011495772 0.1899294406 0.9817970991
-42.9 -408.0 2437.5 0 0 0 0 0 0 0 0 0
27.2 -366.3 2489.6 0 0 0 0 0 0 0 0 0
-294.4 -781.8 2184.8 0 0 0 0 0 0 0 0 0
102.3 -802.9 2156.7 0 0 0 0 0 0 0 0 0
-43.8 106.8 2894.9 83 0.9943789244 -0.1039667279 -0.0200362727 0.0985420495 0.9779648781 -0.1840494275 0.0387297869 0.1810404509 0.9827127457
-22.2 -96.6 2857.3 0.9943789244 -0.1039667279 -0.0200362727 0.0985420495 0.9779648781 -0.1840494275 0.0387297869 0.1810404509 0.9827127457
-3.2 -286.4 2813.5 0.9951663613 -0.0969454274 -0.0156688839 0.0909084082 0.9697853327 -0.2263892293 0.0371428542 0.2238705158 0.9739108682
-164.0 -109.5 2852.0 -0.1256046146 -0.6939008832 -0.7090310454 0.6713190079 0.4667639434 -0.5757275224 0.7304479480 -0.5483000875 0.4072011709
-130.1 -290.4 2655.2 -0.3050426841 -0.7066530585 -0.6384280324 0.4480633438 0.4850535393 -0.7509742379 0.8403500319 -0.5151354074 0.1686633080
119.6 -83.6 2862.6 0.0327717401 0.6923755407 0.7207927108 -0.7683889270 0.4786390960 -0.4248330295 -0.6391435862 -0.5399265885 0.5476995111
127.7 -271.8 2706.1 -0.3940840364 0.6923755407 0.6044120193 -0.3759765923 0.4786390960 -0.7934395075 -0.8386533260 -0.5399265885 0.0716929808
-74.2 -478.5 2758.6 0.9471682310 0.3044382334 -0.1009439379 -0.1174220070 0.0362622924 -0.9924198389 -0.2984700799 0.9518415928 0.0700942427
-193.3 -492.7 2386.4 0.9471682310 0.2743673027 0.1661171019 -0.1174220070 0.7785931230 -0.6164453030 -0.2984700799 0.5643715858 0.7696754336
105.6 -461.5 2764.0 0.9998630285 -0.0049509900 -0.0157944430 -0.0160265155 -0.0509907715 -0.9985705018 0.0041385414 0.9986868501 -0.0510631315
108.3 -434.1 2227.8 0.9998630285 0.0149018746 -0.0072049196 -0.0160265155 0.9804127216 -0.1963010132 0.0041385414 0.1963895857 0.9805172086
-51.8 -405.4 2439.4 0 0 0 0 0 0 0 0 0
26.8 -368.0 2491.3 0 0 0 0 0 0 0 0 0
-296.6 -785.8 2173.9 0 0 0 0 0 0 0 0 0
102.6 -803.3 2153.9 0 0 0 0 0 0 0 0 0
-43.3 104.3 2889.6 84 0.9949896932 -0.0998590812 0.0048618563 0.0991367623 0.9791638255 -0.1772289127 0.0129373623 0.1768229306 0.9841576219
-22.7 -98.1 2853.0 0.9949896932 -0.0998590812 0.0048618563 0.0991367623 0.9791638255 -0.1772289127 0.0129373623 0.1768229306 0.9841576219
-3.9 -288.1 2810.0 0.9953489900 -0.0958985835 0.0091581596 0.0955580622 0.9708026052 -0.2200249285 0.0122093130 0.2198767215 0.9754512310
-164.5 -111.7 2851.3 -0.1170618236 -0.7099983692 -0.6944054365 0.6631028652 0.4646406770 -0.5868591070 0.7393180132 -0.5291610360 0.4164102674
-132.3 -293.8 2648.3 -0.3071425259 -0.7174719572 -0.6252179146 0.4404537380 0.4752028584 -0.7616972923 0.8436017632 -0.5093291998 0.1700581759
119.1 -84.5 2854.8 0.0285470653 0.7196394205 0.6937608719 -0.7853972912 0.4454734325 -0.4297726452 -0.6183333993 -0.5326091647 0.5779197812
126.0 -274.0 2705.6 -0.3931067884 0.7196394205 0.5723514557 -0.3708986938 0.4454734325 -0.8148543239 -0.8413686752 -0.5326091647 0.0917947069
-74.2 -484.4 2766.3 0.9477059245 0.2879441082 -0.1376286894 -0.1287310123 -0.0497070588 -0.9904329777 -0.2920304537 0.9563563466 -0.0100403391
-186.5 -465.0 2393.4 0.9477059245 0.2720462680 0.1668660939 -0.1287310123 0.8042867780 -0.5801302195 -0.2920304537 0.5283120275 0.7972481251
105.7 -468.0 2773.0 0.9998605251 -0.0040330375 -0.0162072685 -0.0164299216 -0.0632220954 -0.9978642464 0.0029997665 0.9979913235 -0.0632795393
107.9 -433.5 2228.4 0.9998605251 0.0155206397 -0.0061685224 -0.0164299216 0.9803919792 -0.1963710040 0.0029997665 0.1964449584 0.9805102348
-53.5 -406.8 2431.7 0 0 0 0 0 0 0 0 0
25.3 -369.0 2490.1 0 0 0 0 0 0 0 0 0
-288.8 -767.6 2194.7 0 0 0 0 0 0 0 0 0
102.0 -802.7 2154.4 0 0 0 0 0 0 0 0 0
-42.5 101.1 2887.9 85 0.9951684475 -0.0939731821 -0.0284389108 0.0870534331 0.9784893990 -0.1870298982 0.0454029702 0.1836505532 0.9819424748
-23.0 -101.5 2849.9 0.9951684475 -0.0939731821 -0.0284389108 0.0870534331 0.9784893990 -0.1870298982 0.0454029702 0.1836505532 0.9819424748
-5.4 -291.6 2806.7 0.9956197143 -0.0900934488 -0.0249918476 0.0822738111 0.9712156057 -0.2235425413 0.0444121920 0.2205071747 0.9743736982
-164.8 -113.2 2843.6 -0.0940573812 -0.6883904934 -0.7192160487 0.6748016477 0.4870691299 -0.5544424057 0.7319808006 -0.5374776125 0.4187146127
-139.2 -297.2 2644.0 -0.3493748903 -0.6891825795 -0.6347949505 0.4237490594 0.4880288839 -0.7630625963 0.8356876969 -0.5355886817 0.1215354055
118.8 -89.7 2856.2 0.0192860495 0.7068325281 0.7071179748 -0.7713348866 0.4605101943 -0.4392867982 -0.6361372471 -0.5369526148 0.5540860295
123.5 -278.1 2700.9 -0.4067010880 0.7068325281 0.5787763000 -0.3565091193 0.4605101943 -0.8129155040 -0.8411275148 -0.5369526148 0.0647022501
-75.1 -486.9 2765.8 0.9477108121 0.2856757939 -0.1422449201 -0.1359082907 -0.0419940054 -0.9898310304 -0.2887441814 0.9574058056 -0.0009724642
-186.7 -470.4 2391.7 0.9477108121 0.2770026624 0.1584733278 -0.1359082907 0.7996196747 -0.5849250555 -0.2887441814 0.5328019261 0.7954551578
104.8 -469.6 2768.1 0.9998577833 -0.0063672438 -0.0156147145 -0.0160095450 -0.0675722510 -0.9975859523 0.0052967514 0.9976940751 -0.0676645786
108.2 -433.2 2230.2 0.9998577833 0.0146708768 -0.0083142323 -0.0160095450 0.9807216525 -0.1947529316 0.0052967514 0.1948583424 0.9808170795
-49.5 -405.9 2429.7 0 0 0 0 0 0 0 0 0
19.3 -369.4 2485.5 0 0 0 0 0 0 0 0 0
-291.0 -771.4 2191.1 0 0 0 0 0 0 0 0 0
102.7 -802.5 2156.8 0 0 0 0 0 0 0 0 0
-42.3 98.8 2897.6 86 0.9955679178 -0.0869057402 0.0359432325 0.0924948752 0.9739335775 -0.2071184218 -0.0170065425 0.2095250189 0.9776554108
-24.4 -101.1 2854.6 0.9955679178 -0.0869057402 0.0359432325 0.0924948752 0.9739335775 -0.2071184218 -0.0170065425 0.2095250189 0.9776554108
-8.1 -290.0 2806.1 0.9956502318 -0.0844565928 0.0393412448 0.0915636569 0.9650455117 -0.2455671728 -0.0172263235 0.2481012344 0.9685809612
-166.0 -114.2 2857.0 -0.0854720324 -0.7247542739 -0.6836854219 0.6439965367 0.4834024906 -0.5929506421 0.7602387667 -0.4909717739 0.4254218638
-141.1 -301.7 2635.7 -0.3704304695 -0.7043061256 -0.6055857539 0.4113766253 0.4601435065 -0.7867891788 0.8327968121 -0.5405745506 0.1192839146
117.1 -87.9 2852.2 0.0254497454 0.7051586509 0.7085927129 -0.7775008082 0.4595068395 -0.4293552935 -0.6283667684 -0.5400044322 0.5599557161
123.3 -278.3 2698.4 -0.4031170309 0.7051586509 0.5833077431 -0.3667194247 0.4595068395 -0.8089315891 -0.8384590149 -0.5400044322 0.0733603388
-77.7 -489.3 2759.5 0.9480639696 0.2851368189 -0.1409670264 -0.1401644498 -0.0233285464 -0.9898533821 -0.2855322063 0.9582028985 0.0178490896
-189.2 -480.1 2384.7 0.9480639696 0.2792185545 0.1523539126 -0.1401644498 0.7966997027 -0.5878974795 -0.2855322063 0.5360098481 0.7944588065
102.2 -474.4 2767.5 0.9998500347 -0.0098995809 -0.0142082628 -0.0149114998 -0.0750151128 -0.9970709085 0.0088047497 0.9971332550 -0.0751514807
107.5 -434.0 2231.2 0.9998500347 0.0129410066 -0.0115068136 -0.0149114998 0.9812558293 -0.1921318024 0.0088047497 0.1922745854 0.9813016653
-46.1 -407.2 2422.0 0 0 0 0 0 0 0 0 0
20.1 -372.2 2483.6 0 0 0 0 0 0 0 0 0
-294.3 -780.1 2182.8 0 0 0 0 0 0 0 0 0
102.6 -803.6 2158.8 0 0 0 0 0 0 0 0 0
-44.2 104.2 2904.4 87 0.9958170652 -0.0811849013 0.0419216380 0.0884778425 0.9713291526 -0.2206612527 -0.0228053462 0.2234473675 0.9744491577
-27.6 -94.7 2858.7 0.9958170652 -0.0811849013 0.0419216380 0.0884778425 0.9713291526 -0.2206612527 -0.0228053462 0.2234473675 0.9744491577
-12.5 -283.0 2807.0 0.9959838390 -0.0772634447 0.0452383831 0.0864430368 0.9614283442 -0.2611190081 -0.0233185105 0.2639808655 0.9642459750
-169.4 -107.1 2862.0 -0.0865409002 -0.7227568030 -0.6856626272 0.6638219953 0.4713654518 -0.5806505084 0.7428667545 -0.5054079890 0.4389894903
-144.7 -296.5 2650.1 -0.3307386637 -0.7228431702 -0.6067204475 0.4058463573 0.4714713991 -0.7829453945 0.8519980311 -0.5051855445 0.1374294460
114.2 -82.4 2855.4 0.0359776914 0.7011085749 0.7121462822 -0.7788331509 0.4661938846 -0.4196215272 -0.6261984706 -0.5395461321 0.5628191829
123.4 -281.1 2695.6 -0.4028857648 0.7011085749 0.5883280039 -0.3653201759 0.4661938846 -0.8057322502 -0.8391807079 -0.5395461321 0.0683062226
-81.5 -487.3 2759.1 0.9499395490 0.2795284986 -0.1395659000 -0.1448713392 -0.0016969247 -0.9894490242 -0.2768160403 0.9601358771 0.0388836898
-190.9 -486.6 2383.3 0.9499395490 0.2794268131 0.1397693753 -0.1448713392 0.7902985215 -0.5953491330 -0.2768160403 0.5452970862 0.7912167311
98.1 -470.6 2756.0 0.9995701313 -0.0195968505 -0.0218056161 -0.0231442079 -0.0708975866 -0.9972150326 0.0179963093 0.9972910881 -0.0713206679
108.4 -433.4 2232.0 0.9995701313 0.0191054977 -0.0222373884 -0.0231442079 0.9798271060 -0.1985023916 0.0179963093 0.1989317238 0.9798480868
-59.9 -400.6 2431.6 0 0 0 0 0 0 0 0 0
20.2 -374.6 2480.7 0 0 0 0 0 0 0 0 0
-296.1 -784.2 2178.0 0 0 0 0 0 0 0 0 0
101.2 -802.4 2157.0 0 0 0 0 0 0 0 0 0
-45.3 106.9 2896.4 88 0.9938868284 -0.0966780782 0.0533132553 0.1054830477 0.9740931988 -0.2000395209 -0.0325926431 0.2044402808 0.9783362746
-25.5 -92.9 2854.4 0.9938868284 -0.0966780782 0.0533132553 0.1054830477 0.9740931988 -0.2000395209 -0.0325926431 0.2044402808 0.9783362746
-7.6 -281.9 2806.6 0.9941878319 -0.0912314579 0.0571609437 0.1023763120 0.9654207826 -0.2397535443 -0.0333113000 0.2442119718 0.9691495299
-167.1 -107.5 2859.2 -0.0680085197 -0.7368526459 -0.6726239920 0.6659036279 0.4685105383 -0.5805774927 0.7429314852 -0.4873870015 0.4588101506
-148.3 -291.6 2653.9 -0.3253637552 -0.7298880816 -0.6011670232 0.4176562428 0.4594554901 -0.7838774920 0.8483523130 -0.5061264634 0.1553521752
116.1 -78.3 2849.6 0.0484574437 0.7008969784 0.7116145492 -0.8020594120 0.4519085586 -0.3904861212 -0.5952752233 -0.5518351793 0.5840593576
127.9 -273.4 2704.8 -0.4040867686 0.7008969784 0.5877561569 -0.3859578967 0.4519085586 -0.8042482138 -0.8293071985 -0.5518351793 0.0879064575
-87.4 -479.1 2757.4 0.9524253607 0.2684433162 -0.1443056762 -0.1590050310 0.0337269977 -0.9867015481 -0.2600064278 0.9627048969 0.0748062879
-192.5 -492.3 2380.8 0.9524253607 0.2794910669 0.1215347052 -0.1590050310 0.7958798409 -0.5842026472 -0.2600064278 0.5370847583 0.8024566174
92.4 -463.4 2753.2 0.9992793798 -0.0315615237 -0.0210844707 -0.0227546226 -0.0535287969 -0.9983069897 0.0303794648 0.9980673790 -0.0542083941
109.0 -435.2 2228.9 0.9992793798 0.0167932753 -0.0340392515 -0.0227546226 0.9828267694 -0.1831222624 0.0303794648 0.1837648600 0.9825006723
-64.8 -398.8 2436.2 0 0 0 0 0 0 0 0 0
24.4 -372.3 2492.5 0 0 0 0 0 0 0 0 0
-297.7 -792.0 2178.5 0 0 0 0 0 0 0 0 0
102.7 -805.4 2159.7 0 0 0 0 0 0 0 0 0
-44.2 106.3 2891.3 89 0.9930459857 -0.0983108282 0.0647661015 0.1085281074 0.9776580930 -0.1800173968 -0.0456214435 0.1857944876 0.9815289378
-24.0 -94.8 2853.1 0.9930459857 -0.0983108282 0.0647661015 0.1085281074 0.9776580930 -0.1800173968 -0.0456214435 0.1857944876 0.9815289378
-5.8 -284.5 2808.4 0.9933037758 -0.0927002653 0.0689515099 0.1059009507 0.9691237211 -0.2226750702 -0.0461805090 0.2284860164 0.9724512696
-165.5 -109.8 2859.7 -0.0662220716 -0.7450754046 -0.6636846662 0.6608314514 0.4656115472 -0.5886490345 0.7476071119 -0.4775652587 0.4615354836
-147.3 -291.7 2653.9 -0.3125457168 -0.7380923033 -0.5979422927 0.4220338762 0.4560396075 -0.7835274935 0.8510009646 -0.4972400367 0.1689667255
117.5 -79.7 2846.5 0.0572055504 0.6814486384 0.7296267748 -0.8010718226 0.4674901068 -0.3738140762 -0.5958284140 -0.5630992055 0.5726323128
131.6 -277.6 2699.3 -0.4315165579 0.6814486384 0.5911185741 -0.3647868335 0.4674901068 -0.8052226901 -0.8250600100 -0.5630992055 0.0468537696
-79.6 -480.2 2761.8 0.9501642585 0.2849364281 -0.1264875680 -0.1356394291 0.0125331860 -0.9906789660 -0.2806952298 0.9584645033 0.0505571999
-191.1 -485.1 2386.7 0.9501642585 0.2732173800 0.1501337290 -0.1356394291 0.7959224582 -0.5900079608 -0.2806952298 0.5402404666 0.7933161259
100.0 -461.7 2755.8 0.9996079206 -0.0180240087 -0.0214263275 -0.0222814158 -0.0486606099 -0.9985668063 0.0169555582 0.9986527562 -0.0490431339
109.6 -435.9 2226.5 0.9996079206 0.0191834811 -0.0203947667 -0.0222814158 0.9861212969 -0.1645245999 0.0169555582 0.1649145335 0.9861621261
-67.0 -400.0 2435.5 0 0 0 0 0 0 0 0 0
21.2 -371.0 2488.1 0 0 0 0 0 0 0 0 0
-294.0 -784.9 2183.2 0 0 0 0 0 0 0 0 0
102.3 -807.2 2164.4 0 0 0 0 0 0 0 0 0
-43.9 106.7 2888.8 90 0.9924473166 -0.1031693816 0.0663654283 0.1134538874 0.9776998758 -0.1767232865 -0.0466530435 0.1829179823 0.9820206165
-22.6 -94.4 2851.2 0.9924473166 -0.1031693816 0.0663654283 0.1134538874 0.9776998758 -0.1767232865 -0.0466530435 0.1829179823 0.9820206165
-3.1 -284.3 2807.5 0.9925062656 -0.0997836217 0.0705301389 0.1128882095 0.9696927071 -0.2166848481 -0.0467709601 0.2230230868 0.9736905098
-164.1 -110.5 2857.8 -0.0629694015 -0.7490589619 -0.6595039964 0.6612225771 0.4636572003 -0.5897513628 0.7475423217 -0.4732152224 0.4660984874
-146.8 -291.9 2652.8 -0.2975972891 -0.7435076833 -0.5988590717 0.4302481115 0.4555183649 -0.7793520093 0.8522455096 -0.4895910621 0.1843317449
118.8 -78.3 2844.5 0.0523347147 0.6993131042 0.7128970623 -0.8096765280 0.4475743175 -0.3796065748 -0.5845382810 -0.5573494434 0.5896410942
131.6 -277.6 2700.7 -0.4321566522 0.6993131042 0.5693871975 -0.3563576937 0.4475743175 -0.8201746345 -0.8284019828 -0.5573494434 0.0557833947
-77.4 -483.8 2767.8 0.9501640201 0.2803237140 -0.1364071518 -0.1310489923 -0.0378635749 -0.9906525612 -0.2828682661 0.9591584802 0.0007595342
-187.0 -469.0 2392.7 0.9501640201 0.2688648999 0.1577972472 -0.1310489923 0.8037424684 -0.5803655386 -0.2828682661 0.5307633281 0.7989216447
102.1 -464.7 2759.4 0.9995050430 -0.0166553073 -0.0266894046 -0.0275454335 -0.0534803085 -0.9981889129 0.0151977846 0.9984300137 -0.0539126173
111.0 -435.9 2222.4 0.9995050430 0.0248333272 -0.0193139706 -0.0275454335 0.9873824716 -0.1559392810 0.0151977846 0.1563940942 0.9875777960
-70.4 -402.3 2434.0 0 0 0 0 0 0 0 0 0
21.0 -368.8 2488.6 0 0 0 0 0 0 0 0 0
-288.3 -771.7 2192.8 0 0 0 0 0 0 0 0 0
101.7 -807.8 2163.5 0 0 0 0 0 0 0 0 0
-45.2 104.3 2888.5 91 0.9937169552 -0.1113817170 0.0109892981 0.1116167307 0.9789603353 -0.1708168238 0.0082677845 0.1709701717 0.9852415323
-22.3 -96.9 2853.4 0.9937169552 -0.1113817170 0.0109892981 0.1116167307 0.9789603353 -0.1708168238 0.0082677845 0.1709701717 0.9852415323
-1.0 -287.0 2811.4 0.9939413667 -0.1087579504 0.0158846881 0.1096293926 0.9706246257 -0.2141710222 0.0078747328 0.2146148533 0.9766669869
-163.7 -112.5 2852.3 -0.0686534494 -0.7223820090 -0.6880777478 0.6642608047 0.4814908504 -0.5717728138 0.7443414927 -0.4963172376 0.4467940331
-145.2 -292.2 2651.0 -0.3073939085 -0.7201197743 -0.6220421791 0.4295144081 0.4783153832 -0.7659841776 0.8491327167 -0.5026349425 0.1622706056
119.1 -81.2 2854.5 0.0310992058 0.6969307065 0.7164638638 -0.7855235338 0.4602809548 -0.4136353433 -0.6180498600 -0.5499355197 0.5617698431
126.9 -278.4 2699.4 -0.4151284099 0.6969307065 0.5847700834 -0.3663694859 0.4602809548 -0.8086500168 -0.8327315450 -0.5499355197 0.0642584339
-73.3 -484.4 2768.1 0.9475722909 0.2947935462 -0.1233023554 -0.1195453182 -0.0308057852 -0.9923506975 -0.2963370085 0.9550642967 0.0060504787
-188.6 -472.3 2394.3 0.9475722909 0.2686347663 0.1730377525 -0.1195453182 0.8002202511 -0.5876703858 -0.2963370085 0.5361742973 0.7903805971
106.1 -464.0 2759.6 0.9995577335 -0.0089858621 -0.0283479244 -0.0287895910 -0.0535744727 -0.9981487393 0.0074505024 0.9985234141 -0.0538094752
111.0 -435.3 2224.0 0.9995577335 0.0270549543 -0.0123442253 -0.0287895910 0.9843690395 -0.1737489849 0.0074505024 0.1740275323 0.9847126007
-66.2 -402.5 2433.0 0 0 0 0 0 0 0 0 0
20.7 -372.2 2486.2 0 0 0 0 0 0 0 0 0
-289.8 -773.7 2192.4 0 0 0 0 0 0 0 0 0
100.8 -805.9 2158.5 0 0 0 0 0 0 0 0 0
-42.6 102.3 2887.9 92 0.9941771030 -0.1077198982 -0.0028774696 0.1056801453 0.9798752069 -0.1693408191 0.0210609362 0.1680506766 0.9855533242
-20.4 -100.0 2853.2 0.9941771030 -0.1077198982 -0.0028774696 0.1056801453 0.9798752069 -0.1693408191 0.0210609362 0.1680506766 0.9855533242
0.5 -290.3 2811.7 0.9942544699 -0.1070246696 0.0019269061 0.1049770415 0.9713972807 -0.2129956931 0.0209240019 0.2119742036 0.9770512581
-162.0 -115.0 2850.2 -0.0592707060 -0.7146238685 -0.6969932914 0.6601961851 0.4956521988 -0.5643313527 0.7487509251 -0.4936006665 0.4424143136
-145.7 -296.6 2644.2 -0.3328430951 -0.7043427825 -0.6269901991 0.4236066341 0.4823558927 -0.7667399645 0.8424801826 -0.5208013058 0.1378154606
121.2 -85.1 2856.2 0.0199907050 0.7095115185 0.7044101954 -0.7865049243 0.4461383224 -0.4270487428 -0.6172603965 -0.5454850793 0.5669529438
126.0 -276.1 2706.3 -0.3987929225 0.7095115185 0.5809970498 -0.3839986920 0.4461383224 -0.8083969355 -0.8327720165 -0.5454850793 0.0945346951
-69.5 -487.0 2768.7 0.9460175633 0.2946904600 -0.1349381804 -0.1257924885 -0.0498665087 -0.9908024669 -0.2987089455 0.9542907476 -0.0101047503
-184.8 -467.4 2395.2 0.9460175633 0.2763210237 0.1694032699 -0.1257924885 0.7947108746 -0.5938104391 -0.2987089455 0.5404454470 0.7865695357
109.9 -467.1 2770.1 0.9998205900 0.0017174967 -0.0188646298 -0.0187330525 -0.0580890402 -0.9981356263 -0.0028101229 0.9983099103 -0.0580464415
109.0 -435.4 2225.5 0.9998205900 0.0189363007 -0.0004904716 -0.0187330525 0.9845850468 -0.1739005893 -0.0028101229 0.1738785654 0.9847630858
-60.2 -405.4 2428.0 0 0 0 0 0 0 0 0 0
24.0 -374.4 2493.1 0 0 0 0 0 0 0 0 0
-288.9 -766.8 2191.6 0 0 0 0 0 0 0 0 0
101.9 -806.2 2160.0 0 0 0 0 0 0 0 0 0
-41.7 98.5 2887.6 93 0.9944580793 -0.1048570424 -0.0076217158 0.1017448902 0.9781290889 -0.1814151406 0.0264776777 0.1796342880 0.9833770394
-20.2 -102.4 2850.7 0.9944580793 -0.1048570424 -0.0076217158 0.1017448902 0.9781290889 -0.1814151406 0.0264776777 0.1796342880 0.9833770394
0.4 -292.4 2807.5 0.9944713116 -0.1049587429 -0.0032392903 0.1016223207 0.9697136879 -0.2220997661 0.0264524966 0.2205426544 0.9750185609
-161.9 -116.9 2846.9 -0.0876888856 -0.7089916468 -0.6997438669 0.6573297977 0.4866221845 -0.5754271150 0.7484839559 -0.5104210377 0.4233700037
-137.4 -300.0 2638.4 -0.3285840452 -0.7039561272 -0.6296651959 0.4334625006 0.4799249172 -0.7627465725 0.8391321898 -0.5235626101 0.1474429220
121.5 -88.0 2854.5 -0.0016188556 0.7333483100 0.6798511744 -0.7809323072 0.4237183034 -0.4589200020 -0.6246135831 -0.5316606760 0.5720094442
121.1 -277.4 2703.0 -0.3864713609 0.7333483100 0.5593211651 -0.3835558593 0.4237183034 -0.8205776811 -0.8387638330 -0.5316606760 0.1175250635
-68.3 -490.0 2768.3 0.9448308945 0.3022430837 -0.1262681931 -0.1180071905 -0.0455173068 -0.9919689894 -0.3055631518 0.9521435499 -0.0073393011
-186.7 -472.2 2395.5 0.9448308945 0.2744071782 0.1788721234 -0.1180071905 0.7945629358 -0.5956038833 -0.3055631518 0.5416367650 0.7831096649
111.3 -471.0 2772.1 0.9998013377 0.0045869625 -0.0193962436 -0.0190488752 -0.0664419532 -0.9976084232 -0.0058647171 0.9977797270 -0.0663413778
108.8 -434.8 2227.8 0.9998013377 0.0198093075 0.0022013250 -0.0190488752 0.9821919799 -0.1869117767 -0.0058647171 0.1868327260 0.9823742509
-53.1 -411.3 2423.0 0 0 0 0 0 0 0 0 0
22.1 -375.6 2488.2 0 0 0 0 0 0 0 0 0
-290.0 -771.5 2191.5 0 0 0 0 0 0 0 0 0
101.3 -804.7 2157.4 0 0 0 0 0 0 0 0 0
-39.8 97.2 2886.4 94 0.9944224954 -0.1048786268 -0.0111526325 0.1009526476 0.9771100879 -0.1872550547 0.0305364039 0.1850847602 0.9822480083
-18.2 -103.6 2848.4 0.9944224954 -0.1048786268 -0.0111526325 0.1009526476 0.9771100879 -0.1872550547 0.0305364039 0.1850847602 0.9822480083
2.4 -293.3 2804.4 0.9944245219 -0.1052236110 -0.0069148415 0.1009336263 0.9687665105 -0.2265036553 0.0305323992 0.2245428562 0.9739857912
-159.9 -118.0 2844.1 -0.0844840631 -0.7069934607 -0.7021557689 0.6568802595 0.4903526604 -0.5727674961 0.7492468357 -0.5096219778 0.4229830205
-136.6 -299.0 2637.5 -0.3448987901 -0.6913242936 -0.6349138021 0.4539066255 0.4692293406 -0.7574909925 0.8215920925 -0.5494493246 0.1519600451
123.5 -89.2 2852.8 0.0038498724 0.7005524039 0.7135905623 -0.7761378884 0.4520555735 -0.4396086335 -0.6305514574 -0.5521522760 0.5454655886
124.4 -278.0 2699.3 -0.4112520218 0.7005524039 0.5831792951 -0.3765809536 0.4520555735 -0.8085991144 -0.8300955296 -0.5521522760 0.0779059306
-68.9 -491.5 2761.9 0.9439125657 0.3070262671 -0.1215071976 -0.1207237765 -0.0216177553 -0.9924507141 -0.3073351383 0.9514554739 0.0166600980
-189.2 -483.0 2389.4 0.9439125657 0.2798358798 0.1752740741 -0.1207237765 0.7865415215 -0.6056221128 -0.3073351383 0.5504945517 0.7762092948
110.8 -473.1 2766.7 0.9997996688 0.0037675120 -0.0196563099 -0.0193280652 -0.0731844753 -0.9971311092 -0.0051952400 0.9973112941 -0.0730969980
108.7 -433.8 2230.8 0.9997996688 0.0199627690 0.0014326556 -0.0193280652 0.9816328287 -0.1897982359 -0.0051952400 0.1897325218 0.9818220735
-48.1 -415.5 2426.7 0 0 0 0 0 0 0 0 0
19.1 -374.4 2486.8 0 0 0 0 0 0 0 0 0
-294.6 -779.2 2182.1 0 0 0 0 0 0 0 0 0
101.2 -803.5 2159.3 0 0 0 0 0 0 0 0 0
-40.4 97.4 2885.9 95 0.9941235781 -0.1077221185 -0.0106881596 0.1041294783 0.9785858393 -0.1775578111 0.0295861848 0.1754014641 0.9840523005
-18.3 -104.2 2849.7 0.9941235781 -0.1077221185 -0.0106881596 0.1041294783 0.9785858393 -0.1775578111 0.0295861848 0.1754014641 0.9840523005
2.5 -294.4 2807.8 0.9943293929 -0.1061459556 -0.0064890375 0.1022533998 0.9710604548 -0.2158375084 0.0292115249 0.2139500529 0.9764077067
-160.0 -118.8 2845.6 -0.0855729207 -0.7087249756 -0.7002757788 0.6502340436 0.4928112626 -0.5782151222 0.7548993230 -0.5048227310 0.4186657965
-136.1 -299.9 2635.3 -0.3562324941 -0.6846580505 -0.6358787417 0.4651989341 0.4602366090 -0.7561562061 0.8103631139 -0.5651775002 0.1545509547
123.4 -89.6 2853.9 -0.0017353577 0.7148472071 0.6992785335 -0.7720243335 0.4434985220 -0.4552884102 -0.6355906129 -0.5406501293 0.5511097908
123.0 -280.1 2697.1 -0.4064247310 0.7148472071 0.5690451860 -0.3656572402 0.4434985220 -0.8182932734 -0.8373253345 -0.5406501293 0.0811402947
-66.9 -492.2 2757.7 0.9414397478 0.3140929341 -0.1226245910 -0.1251207739 -0.0122828046 -0.9920654893 -0.3131069243 0.9493128061 0.0277360324
-189.9 -487.4 2385.9 0.9414397478 0.2853358090 0.1796514541 -0.1251207739 0.7903944850 -0.5996843576 -0.3131069243 0.5420885682 0.7798102498
112.9 -473.9 2763.2 0.9998751283 0.0086378930 -0.0132340044 -0.0125357099 -0.0764209181 -0.9969968200 -0.0096233068 0.9970382452 -0.0763030946
108.2 -433.1 2230.9 0.9998751283 0.0142379943 0.0068579582 -0.0125357099 0.9787999988 -0.2044345289 -0.0096233068 0.2043230236 0.9788562059
-44.7 -419.3 2427.3 0 0 0 0 0 0 0 0 0
19.0 -373.7 2482.7 0 0 0 0 0 0 0 0 0
-297.4 -785.0 2181.8 0 0 0 0 0 0 0 0 0
102.9 -801.7 2154.0 0 0 0 0 0 0 0 0 0
-41.8 101.4 2898.1 96 0.9942264557 -0.1072590873 -0.0030432607 0.1042989120 0.9726729393 -0.2074345201 0.0252093337 0.2059194744 0.9782441854
-19.7 -98.6 2855.7 0.9942264557 -0.1072590873 -0.0030432607 0.1042989120 0.9726729393 -0.2074345201 0.0252093337 0.2059194744 0.9782441854
0.9 -287.3 2808.2 0.9944113493 -0.1055704355 0.0009959170 0.1026163027 0.9642814398 -0.2441949397 0.0248194207 0.2429324090 0.9697256684
-161.5 -113.2 2852.2 -0.0989692733 -0.7100866437 -0.6971241236 0.6476617455 0.4859022200 -0.5868843794 0.7554728985 -0.5095841885 0.4118065536
-133.1 -298.7 2635.7 -0.3400429189 -0.6863854527 -0.6428419948 0.4961626828 0.4497464299 -0.7426646352 0.7988700867 -0.5714920759 0.1876257509
122.0 -83.9 2859.3 0.0024989010 0.7169223428 0.6971485615 -0.7722861171 0.4442638755 -0.4540966749 -0.6352699399 -0.5372633934 0.5547793508
122.6 -278.0 2699.6 -0.3959590793 0.7169223428 0.5737932920 -0.3748060167 0.4442638755 -0.8137260079 -0.8382940292 -0.5372633934 0.0927964970
-66.6 -493.8 2763.3 0.9415776134 0.3010956943 -0.1509071738 -0.1427985281 -0.0488959774 -0.9885432720 -0.3050248623 0.9523395300 -0.0030433389
-184.4 -474.7 2390.6 0.9415776134 0.2914419770 0.1687991619 -0.1427985281 0.7993720174 -0.5836206079 -0.3050248623 0.5254198313 0.7942882776
113.2 -475.3 2768.6 0.9999009967 0.0097644767 -0.0101290690 -0.0092991702 -0.0815829262 -0.9966231585 -0.0105578620 0.9966187477 -0.0814840570
107.9 -431.4 2232.0 0.9999009967 0.0113075832 0.0083714752 -0.0092991702 0.9776834249 -0.2098777294 -0.0105578620 0.2097790986 0.9776918292
-45.9 -426.0 2430.8 0 0 0 0 0 0 0 0 0
21.2 -374.0 2485.0 0 0 0 0 0 0 0 0 0
-294.1 -775.7 2192.7 0 0 0 0 0 0 0 0 0
103.7 -799.6 2153.0 0 0 0 0 0 0 0 0 0
-42.0 105.8 2903.7 97 0.9954190850 -0.0949294269 0.0113696661 0.0951878652 0.9728789926 -0.2108216584 0.0089518689 0.2109381557 0.9774584174
-22.5 -94.0 2860.3 0.9954190850 -0.0949294269 0.0113696661 0.0951878652 0.9728789926 -0.2108216584 0.0089518689 0.2109381557 0.9774584174
-5.2 -282.9 2812.0 0.9959747791 -0.0884117857 0.0147515144 0.0893142372 0.9650013447 -0.2465671152 0.0075642066 0.2468921542 0.9690134525
-164.4 -106.7 2859.3 -0.0835985914 -0.7110338807 -0.6981705427 0.6595961452 0.4856901169 -0.5736184120 0.7469566464 -0.5084642768 0.4283922017
-140.5 -295.4 2645.7 -0.3708103895 -0.6790964603 -0.6335042119 0.4822055995 0.4421941340 -0.7562685609 0.7937111855 -0.5859115124 0.1634939462
119.4 -81.3 2861.4 0.0327362530 0.6972808838 0.7160500884 -0.7785126567 0.4670731425 -0.4192382693 -0.6267746091 -0.5437297225 0.5581322312
127.4 -270.7 2708.9 -0.3970290124 0.6972808838 0.5967975259 -0.3798986971 0.4670731425 -0.7984482646 -0.8354908228 -0.5437297225 0.0794545114
-68.3 -485.4 2758.4 0.9427134991 0.3040642142 -0.1372451633 -0.1388411671 -0.0164756402 -0.9901776314 -0.3033387661 0.9525090456 0.0266848188
-187.3 -478.9 2385.6 0.9427134991 0.2860087752 0.1717272848 -0.1388411671 0.8044341207 -0.5775888562 -0.3033387661 0.5206580162 0.7980606556
111.5 -466.8 2762.9 0.9998340011 0.0052068476 -0.0174618289 -0.0170834772 -0.0655136704 -0.9977054000 -0.0063388883 0.9978380799 -0.0654138401
108.7 -432.0 2231.8 0.9998340011 0.0180301610 0.0026343896 -0.0170834772 0.9778304100 -0.2087004185 -0.0063388883 0.2086207569 0.9779760838
-45.4 -419.1 2442.1 0 0 0 0 0 0 0 0 0
25.7 -367.9 2495.0 0 0 0 0 0 0 0 0 0
-295.0 -781.9 2189.5 0 0 0 0 0 0 0 0 0
101.9 -800.2 2153.2 0 0 0 0 0 0 0 0 0
-43.4 106.3 2895.5 98 0.9952816367 -0.0965834782 0.0092768325 0.0965788215 0.9769471288 -0.1903861165 0.0093251793 0.1903837472 0.9816654325
-23.3 -96.9 2855.9 0.9952816367 -0.0965834782 0.0092768325 0.0965788215 0.9769471288 -0.1903861165 0.0093251793 0.1903837472 0.9816654325
-5.6 -286.5 2810.6 0.9958363771 -0.0901984498 0.0131943589 0.0908002704 0.9686615467 -0.2311929166 0.0080723753 0.2314283699 0.9728184342
-165.2 -109.8 2854.7 -0.0739418790 -0.7116775513 -0.6986040473 0.6679706573 0.4848201275 -0.5645924807 0.7405050993 -0.5083940029 0.4395312071
-145.0 -292.7 2652.0 -0.3920643628 -0.6786199808 -0.6210961938 0.4530034065 0.4451998174 -0.7723891735 0.8006706238 -0.5841849446 0.1328701973
118.6 -83.9 2857.0 0.0323362723 0.7288674116 0.6838908792 -0.7846202850 0.4423744082 -0.4343684018 -0.6191327572 -0.5225487947 0.5861888528
126.3 -270.5 2709.8 -0.3769673705 0.7288674116 0.5715312362 -0.3778253198 0.4423744082 -0.8133590221 -0.8456616402 -0.5225487947 0.1086238399
-77.9 -480.0 2763.0 0.9485708475 0.2799846828 -0.1477226317 -0.1547820419 0.0031433702 -0.9879436493 -0.2761447430 0.9599993229 0.0463183112
-187.5 -481.2 2387.3 0.9485708475 0.2848256230 0.1381585002 -0.1547820419 0.7980003953 -0.5824413300 -0.2761447430 0.5311023593 0.8010457754
102.1 -463.8 2764.4 0.9997774959 -0.0120462617 -0.0173170306 -0.0179735404 -0.0567132458 -0.9982287288 0.0110428194 0.9983178377 -0.0569171384
108.6 -433.5 2230.7 0.9997774959 0.0155782355 -0.0142235914 -0.0179735404 0.9820452929 -0.1877871156 0.0110428194 0.1880009770 0.9821067452
-44.4 -408.9 2446.6 0 0 0 0 0 0 0 0 0
29.8 -367.2 2493.3 0 0 0 0 0 0 0 0 0
-294.7 -781.7 2187.3 0 0 0 0 0 0 0 0 0
102.7 -803.3 2159.9 0 0 0 0 0 0 0 0 0
-43.6 105.2 2892.4 99 0.9940057993 -0.1026257649 -0.0376887321 0.0933199376 0.9760467410 -0.1965303719 0.0569550432 0.1918352097 0.9797731042
-22.3 -97.4 2852.6 0.9940057993 -0.1026257649 -0.0376887321 0.0933199376 0.9760467410 -0.1965303719 0.0569550432 0.1918352097 0.9797731042
-3.1 -287.1 2807.9 0.9946025610 -0.0980338603 -0.0339864865 0.0875361413 0.9686704874 -0.2324111462 0.0557058677 0.2281816751 0.9720236659
-163.9 -109.9 2844.6 -0.0872002020 -0.6851260662 -0.7231862545 0.6817224026 0.4883041382 -0.5448060036 0.7263956666 -0.5405194759 0.4244855940
-140.2 -295.2 2647.1 -0.3701829314 -0.6767663956 -0.6363582611 0.4359056652 0.4783755243 -0.7623274326 0.8203358054 -0.5595927835 0.1179198548
119.3 -84.9 2860.5 0.0200397149 0.7403985858 0.6718692780 -0.7712907791 0.4390415847 -0.4608177841 -0.6361674070 -0.5089719296 0.5798608661
124.2 -272.7 2705.6 -0.3633561134 0.7403985858 0.5654929280 -0.3756123483 0.4390415847 -0.8161849380 -0.8525770903 -0.5089719296 0.1185743958
-78.0 -484.4 2764.6 0.9487110376 0.2784501612 -0.1497093141 -0.1537747383 -0.0073148021 -0.9880788326 -0.2762258053 0.9604228139 0.0358789675
-187.0 -481.6 2388.5 0.9487110376 0.2862808704 0.1341291368 -0.1537747383 0.7885631919 -0.5954170227 -0.2762258053 0.5442529917 0.7921413779
102.0 -468.0 2766.0 0.9997454286 -0.0126540586 -0.0186803471 -0.0194036793 -0.0596815906 -0.9980288744 0.0115142427 0.9981372356 -0.0599119328
108.9 -435.8 2227.4 0.9997454286 0.0170496535 -0.0147780199 -0.0194036793 0.9839297533 -0.1774986684 0.0115142427 0.1777402163 0.9840101004
-45.2 -407.0 2436.7 0 0 0 0 0 0 0 0 0
31.1 -368.8 2487.3 0 0 0 0 0 0 0 0 0
-294.8 -778.5 2183.6 0 0 0 0 0 0 0 0 0
102.4 -806.3 2160.4 0 0 0 0 0 0 0 0 0
-42.7 105.4 2900.8 00 0.9955145717 -0.0939359069 -0.0112573477 0.0889801085 0.9700701237 -0.2259345949 0.0321437903 0.2239195108 0.9740774035
-23.1 -97.1 2854.1 0.9955145717 -0.0939359069 -0.0112573477 0.0889801085 0.9700701237 -0.2259345949 0.0321437903 0.2239195108 0.9740774035
-5.3 -285.5 2804.0 0.9957553744 -0.0916743651 -0.0081891092 0.0864735022 0.9623000622 -0.2578777373 0.0315211564 0.2560749948 0.9661428332
-164.9 -109.4 2849.6 -0.1011344790 -0.6964234710 -0.7104690075 0.6693391800 0.4807081521 -0.5664845109 0.7360413671 -0.5328358412 0.4175273478
-136.4 -298.3 2641.9 -0.3444468081 -0.6978513598 -0.6279808283 0.4219671786 0.4824542105 -0.7675817013 0.8386299014 -0.5293783545 0.1282905340
118.7 -84.7 2858.6 0.0166557506 0.7203009129 0.6934617758 -0.7663830519 0.4546394050 -0.4538281560 -0.6421678662 -0.5238985419 0.5595987439
122.7 -270.0 2703.3 -0.3604782820 0.7203009129 0.5926398635 -0.3999336958 0.4546394050 -0.7958366871 -0.8426793218 -0.5238985419 0.1241849735
-73.7 -484.7 2758.2 0.9460465908 0.2913402617 -0.1418334246 -0.1480662227 -0.0006606822 -0.9889772534 -0.2882225811 0.9566192627 0.0425126143
-187.8 -484.4 2383.7 0.9460465908 0.2867057025 0.1509824842 -0.1480662227 0.7969608307 -0.5856021047 -0.2882225811 0.5316514969 0.7964134812
105.9 -468.9 2768.3 0.9997432232 -0.0055079325 -0.0219806507 -0.0222823676 -0.0625461340 -0.9977933168 0.0041209734 0.9980268478 -0.0626528040
108.8 -435.0 2227.2 0.9997432232 0.0210923646 -0.0082824221 -0.0222823676 0.9815232158 -0.1900411397 0.0041209734 0.1901768893 0.9817411900
-48.0 -406.5 2426.8 0 0 0 0 0 0 0 0 0
30.4 -372.4 2487.6 0 0 0 0 0 0 0 0 0
-295.8 -784.6 2183.4 0 0 0 0 0 0 0 0 0
100.9 -804.6 2155.5 0 0 0 0 0 0 0 0 0
-43.7 105.3 2894.1 01 0.9954754710 -0.0949607641 -0.0033272444 0.0921397358 0.9732730389 -0.2103565186 0.0232139342 0.2090981752 0.9776190519
-24.0 -96.7 2850.7 0.9954754710 -0.0949607641 -0.0033272444 0.0921397358 0.9732730389 -0.2103565186 0.0232139342 0.2090981752 0.9776190519
-6.6 -285.8 2802.8 0.9960086942 -0.0892560780 0.0000001383 0.0865273625 0.9655586481 -0.2453763038 0.0219011940 0.2443969548 0.9694278836
-165.9 -109.1 2847.5 -0.0840521678 -0.7017579079 -0.7074397802 0.6765635014 0.4810346663 -0.5575549006 0.7315716147 -0.5254916549 0.4343518019
-142.4 -297.9 2643.3 -0.3467024267 -0.6993923783 -0.6250181794 0.4230296612 0.4781395197 -0.7696937323 0.8371638656 -0.5312559009 0.1300915927
117.9 -84.4 2853.8 0.0227791648 0.6983694434 0.7153748870 -0.7730682492 0.4660259485 -0.4303315878 -0.6339136958 -0.5432310104 0.5505028963
123.4 -271.7 2700.2 -0.3812817633 0.6983694434 0.6057263017 -0.4000897408 0.4660259485 -0.7891438603 -0.8333981037 -0.5432310104 0.1017232537
-77.3 -481.7 2751.1 0.9463237524 0.2986720204 -0.1235574260 -0.1415335387 0.0392371342 -0.9891555309 -0.2905850410 0.9535489082 0.0794031397
-194.2 -497.0 2377.9 0.9463237524 0.2823368311 0.1573446244 -0.1415335387 0.7996179461 -0.5835918188 -0.2905850410 0.5299972296 0.7966575623
102.5 -466.0 2756.7 0.9996123314 -0.0122684035 -0.0249927137 -0.0256898478 -0.0604054891 -0.9978432655 0.0107322466 0.9980985522 -0.0606972463
109.0 -434.0 2228.7 0.9996123314 0.0231609046 -0.0154506294 -0.0256898478 0.9812165499 -0.1911914200 0.0107322466 0.1915142238 0.9814311862
-53.5 -406.5 2428.5 0 0 0 0 0 0 0 0 0
25.8 -374.1 2486.8 0 0 0 0 0 0 0 0 0
-300.5 -798.2 2178.3 0 0 0 0 0 0 0 0 0
100.3 -803.6 2156.5 0 0 0 0 0 0 0 0 0
-42.7 105.6 2889.7 02 0.9958885908 -0.0833462998 -0.0354874060 0.0749355555 0.9780897498 -0.1942294836 0.0508981757 0.1907716542 0.9803140163
-25.4 -97.8 2850.0 0.9958885908 -0.0833462998 -0.0354874060 0.0749355555 0.9780897498 -0.1942294836 0.0508981757 0.1907716542 0.9803140163
-10.1 -287.8 2805.2 0.9964088202 -0.0782360658 -0.0323820859 0.0686621442 0.9703669548 -0.2316752970 0.0495478697 0.2286198884 0.9722540379
-167.3 -107.6 2842.9 -0.0804229602 -0.6786921024 -0.7300062776 0.6812103987 0.4972279668 -0.5373237133 0.7276569009 -0.5405009985 0.4223435819
-144.8 -298.2 2639.4 -0.3443643749 -0.6769886017 -0.6504611373 0.4409375489 0.4950420558 -0.7486704588 0.8288469315 -0.5446281433 0.1280348450
116.5 -88.0 2857.1 0.0216250326 0.6734125614 0.7389504910 -0.7605857849 0.4907937348 -0.4250067770 -0.6488772035 -0.5528444648 0.5228014588
121.8 -275.5 2697.1 -0.3953207731 0.6734125614 0.6246895194 -0.3928525150 0.4907937348 -0.7776814103 -0.8302941322 -0.5528444648 0.0705308840
-79.1 -482.7 2753.0 0.9476743937 0.2954699397 -0.1208747923 -0.1388821602 0.0406558998 -0.9894739985 -0.2874455452 0.9544865489 0.0795640573
-194.8 -498.6 2379.3 0.9476743937 0.2805412710 0.1523476243 -0.1388821602 0.7919985652 -0.5945166349 -0.2874455452 0.5422498584 0.7895189524
100.9 -467.0 2757.0 0.9996520281 -0.0150574045 -0.0216596927 -0.0225405395 -0.0610255226 -0.9978816509 0.0137037141 0.9980226159 -0.0613436885
108.8 -434.7 2228.8 0.9996520281 0.0192905795 -0.0179928113 -0.0225405395 0.9789749980 -0.2027310133 0.0137037141 0.2030660361 0.9790691733
-56.4 -411.3 2426.6 0 0 0 0 0 0 0 0 0
20.6 -376.1 2484.5 0 0 0 0 0 0 0 0 0
-300.5 -796.9 2175.1 0 0 0 0 0 0 0 0 0
101.6 -803.4 2152.3 0 0 0 0 0 0 0 0 0
-39.9 105.4 2888.5 03 0.9966199398 -0.0767231062 -0.0293638874 0.0694316477 0.9777207971 -0.1980940998 0.0439080782 0.1953857392 0.9797430634
-23.9 -98.6 2847.7 0.9966199398 -0.0767231062 -0.0293638874 0.0694316477 0.9777207971 -0.1980940998 0.0439080782 0.1953857392 0.9797430634
-9.7 -288.5 2801.9 0.9970301390 -0.0723332092 -0.0264352635 0.0640730411 0.9695522785 -0.2363536656 0.0427265875 0.2339579463 0.9713074565
-165.9 -107.8 2841.6 -0.0745951533 -0.6807143092 -0.7287411094 0.6712460518 0.5061578155 -0.5415099263 0.7374715805 -0.5295585990 0.4191698432
-144.5 -300.5 2629.9 -0.3485077024 -0.6697182655 -0.6557589769 0.4537347853 0.4916399717 -0.7432461977 0.8201628923 -0.5565676689 0.1325341761
118.2 -89.5 2853.8 0.0390025303 0.6650527716 0.7457771897 -0.7726942897 0.4933018982 -0.3994956613 -0.6335790157 -0.5606764555 0.5331224799
127.6 -275.6 2701.2 -0.4137321711 0.6650527716 0.6217157841 -0.3816490769 0.4933018982 -0.7816631198 -0.8265407681 -0.5606764555 0.0497218892
-84.9 -484.0 2755.9 0.9507262707 0.2791479230 -0.1348925531 -0.1491852701 0.0305028893 -0.9883386493 -0.2717780769 0.9597635269 0.0706446543
-194.2 -496.0 2380.1 0.9507262707 0.2800356150 0.1330398619 -0.1491852701 0.7893917561 -0.5954867005 -0.2717780769 0.5462972522 0.7922726870
95.1 -471.6 2764.9 0.9995388985 -0.0237446371 -0.0189242233 -0.0205233283 -0.0690160468 -0.9974043965 0.0223769303 0.9973329306 -0.0694715455
107.9 -434.4 2228.4 0.9995388985 0.0155488541 -0.0260800142 -0.0205233283 0.9789830446 -0.2029063702 0.0223769303 0.2033480555 0.9788507819
-55.0 -417.0 2419.3 0 0 0 0 0 0 0 0 0
21.7 -373.3 2489.6 0 0 0 0 0 0 0 0 0
-299.7 -793.3 2174.4 0 0 0 0 0 0 0 0 0
102.0 -803.1 2151.8 0 0 0 0 0 0 0 0 0
-41.0 103.9 2884.9 04 0.9972728491 -0.0737751275 -0.0020343550 0.0721500516 0.9803658724 -0.1835131645 0.0155331185 0.1828659028 0.9830151200
-25.6 -99.7 2846.9 0.9972728491 -0.0737751275 -0.0020343550 0.0721500516 0.9803658724 -0.1835131645 0.0155331185 0.1828659028 0.9830151200
-12.3 -290.2 2803.5 0.9976952076 -0.0678500682 0.0007725661 0.0663248524 0.9727374911 -0.2222224176 0.0143263033 0.2217614949 0.9749956727
-167.7 -109.2 2844.8 -0.0785315111 -0.6956524849 -0.7140731215 0.6704797149 0.4932276309 -0.5542413592 0.7377599478 -0.5222969055 0.4276869595
-145.3 -301.1 2633.7 -0.3481839597 -0.6853139997 -0.6396191120 0.4448014796 0.4798348546 -0.7562474012 0.8251785040 -0.5478167534 0.1377578825
