107.7 -11.5 2973.0 5 0.9996161461 -0.0163055398 0.0223995522 0.0245696381 0.8953397274 -0.4447056949 -0.0128040425 0.4450853169 0.8953965902
110.9 -188.7 2884.9 0.9996161461 -0.0163055398 0.0223995522 0.0245696381 0.8953397274 -0.4447056949 -0.0128040425 0.4450853169 0.8953965902
113.9 -361.2 2796.4 0.9996226430 -0.0156143028 0.0225999150 0.0242046621 0.8896964788 -0.4559104443 -0.0129883401 0.4562854469 0.8897386789
-25.6 -192.0 2886.7 -0.2444979399 -0.3591341674 -0.9006904960 0.5818970203 0.6886852980 -0.4325603843 0.7756395340 -0.6298692226 0.0405969694
41.5 -351.7 2673.9 -0.3645859659 -0.3686177433 -0.8551011682 0.4943232238 0.7016100883 -0.5132132173 0.7891271114 -0.6098067164 -0.0735808909
247.4 -185.3 2883.1 0.5149025917 0.7489181757 0.4171293080 -0.8099402189 0.2655984759 0.5229285359 0.2808417678 -0.6071070433 0.7433363199
374.4 -385.1 2952.4 -0.2172690183 0.7489181757 0.6260316968 -0.7671018839 0.2655984759 -0.5839624405 -0.6036131382 -0.6071070433 0.5167902708
40.6 -543.4 2715.8 0.9687601328 0.2446897924 -0.0403817259 -0.0191820413 -0.0884112790 -0.9958993196 -0.2472566068 0.9655622244 -0.0809556767
-83.1 -498.7 2227.5 0.9687601328 0.0465223417 0.2435968965 -0.0191820413 0.9933610559 -0.1134278998 -0.2472566068 0.1052117422 0.9632210135
219.5 -534.5 2715.0 0.9836934209 -0.1679758132 0.0642755553 0.0531730503 -0.0697822720 -0.9961441159 0.1718134135 0.9833181500 -0.0597125739
301.4 -500.5 2235.7 0.9836934209 -0.0707926005 -0.1653348953 0.0531730503 0.9926549792 -0.1086681783 0.1718134135 0.0981048122 0.9802324176
134.0 -477.2 2473.6 0 0 0 0 0 0 0 0 0
319.3 -579.6 2799.3 0 0 0 0 0 0 0 0 0
-100.4 -869.5 2188.3 0 0 0 0 0 0 0 0 0
327.8 -871.0 2199.1 0 0 0 0 0 0 0 0 0
107.5 -11.8 2976.0 6 0.9987483621 -0.0132830925 0.0482210480 0.0338261016 0.8895616531 -0.4555610716 -0.0368443355 0.4566220045 0.8888975382
110.1 -188.2 2885.4 0.9987483621 -0.0132830925 0.0482210480 0.0338261016 0.8895616531 -0.4555610716 -0.0368443355 0.4566220045 0.8888975382
113.2 -359.6 2794.4 0.9987020493 -0.0157984793 0.0484207794 0.0366474576 0.8831083179 -0.4677356482 -0.0353712812 0.4689030647 0.8825411201
-26.2 -193.3 2890.3 -0.2760561407 -0.3827223480 -0.8816556334 0.5426315665 0.6950663328 -0.4716288447 0.7933120131 -0.6086102128 0.0157998893
51.9 -346.8 2665.9 -0.3255640268 -0.3760208488 -0.8675346375 0.5339651108 0.6840896606 -0.4968928993 0.7803136110 -0.6250036955 -0.0219329894
246.5 -183.2 2880.6 0.5308403373 0.7315520048 0.4278319776 -0.8073487878 0.2830404043 0.5177606344 0.2576750815 -0.6202578545 0.7408668995
377.5 -382.4 2944.1 -0.2219099849 0.7315520048 0.6446608901 -0.7613671422 0.2830404043 -0.5832737088 -0.6091601253 -0.6202578545 0.4941701293
27.4 -536.0 2709.1 0.9742677808 0.2221363485 -0.0381805152 -0.0211742185 -0.0784424692 -0.9966937304 -0.2243968844 0.9718550444 -0.0717204064
-82.4 -497.2 2228.8 0.9742677808 0.0470560752 0.2204269320 -0.0211742185 0.9927473068 -0.1183404922 -0.2243968844 0.1106279641 0.9681980610
206.4 -531.6 2706.7 0.9790815115 -0.1938366145 0.0618610755 0.0502369553 -0.0643253997 -0.9966636896 0.1971691400 0.9789226651 -0.0532420464
298.7 -500.9 2240.5 0.9790815115 -0.0774668679 -0.1881443858 0.0502369553 0.9880948663 -0.1454125047 0.1971691400 0.1329188794 0.9713171124
134.4 -482.1 2468.1 0 0 0 0 0 0 0 0 0
321.2 -575.5 2789.6 0 0 0 0 0 0 0 0 0
-100.0 -867.8 2187.5 0 0 0 0 0 0 0 0 0
327.6 -869.5 2191.0 0 0 0 0 0 0 0 0 0
107.9 -8.8 2978.5 7 0.9974423051 -0.0279193483 0.0657982975 0.0554065257 0.8835776448 -0.4649952948 -0.0451555364 0.4674516320 0.8828646541
113.5 -184.6 2885.4 0.9974423051 -0.0279193483 0.0657982975 0.0554065257 0.8835776448 -0.4649952948 -0.0451555364 0.4674516320 0.8828646541
119.0 -354.3 2791.5 0.9973788857 -0.0288913753 0.0663377717 0.0573689975 0.8744620681 -0.4816896319 -0.0440931842 0.4842327833 0.8738274574
-22.7 -192.5 2891.4 -0.2818719447 -0.3992089629 -0.8724565506 0.5323545337 0.6914402843 -0.4883738458 0.7982147932 -0.6021150947 0.0176230837
54.4 -338.0 2673.2 -0.2963593900 -0.3893049955 -0.8721311688 0.5551185012 0.6728559732 -0.4889869690 0.7771837115 -0.6290520430 0.0167032313
249.7 -176.8 2879.4 0.5494654775 0.7196795940 0.4244396091 -0.8006682396 0.3083650768 0.5136549473 0.2387845963 -0.6220709682 0.7456605434
385.2 -374.3 2938.3 -0.2126194984 0.7196795940 0.6609495282 -0.7550328374 0.3083650768 -0.5786504745 -0.6202567220 -0.6220709682 0.4778172672
26.8 -534.2 2706.6 0.9742405415 0.2225772291 -0.0362592004 -0.0204020534 -0.0731342882 -0.9971134067 -0.2245865315 0.9721680880 -0.0667093620
-83.0 -498.2 2227.3 0.9742405415 0.0429916270 0.2213754207 -0.0204020534 0.9944372773 -0.1033356339 -0.2245865315 0.0961572528 0.9696982503
205.6 -527.6 2700.3 0.9781372547 -0.2014427781 0.0516558327 0.0415334962 -0.0541589037 -0.9976681471 0.2037706673 0.9780018330 -0.0446082205
300.9 -502.0 2237.7 0.9781372547 -0.0664279163 -0.1970655918 0.0415334962 0.9909205437 -0.1278727949 0.2037706673 0.1168923303 0.9720152617
129.5 -478.7 2476.2 0 0 0 0 0 0 0 0 0
331.3 -565.9 2780.9 0 0 0 0 0 0 0 0 0
-99.0 -869.3 2191.4 0 0 0 0 0 0 0 0 0
325.7 -871.7 2194.0 0 0 0 0 0 0 0 0 0
106.6 -7.9 2979.2 8 0.9954160452 -0.0318291336 0.0901875049 0.0696624294 0.8874077201 -0.4556914568 -0.0655288249 0.4598852694 0.8855571747
112.9 -183.8 2888.0 0.9954160452 -0.0318291336 0.0901875049 0.0696624294 0.8874077201 -0.4556914568 -0.0655288249 0.4598852694 0.8855571747
119.2 -354.6 2796.0 0.9953566790 -0.0322452448 0.0906938314 0.0713007897 0.8799648285 -0.4696574807 -0.0646631643 0.4739432335 0.8781779408
-23.0 -193.6 2896.9 -0.2625042200 -0.4266198874 -0.8654981256 0.5260033607 0.6887015700 -0.4990096390 0.8089573383 -0.5862470269 0.0436164215
51.4 -342.7 2667.5 -0.3149618208 -0.4094912410 -0.8562219143 0.5470675826 0.6588667035 -0.5163446069 0.7755746841 -0.6310400963 0.0165015329
248.8 -174.1 2879.2 0.5658726692 0.7026154995 0.4314157367 -0.7895734906 0.3111357391 0.5289312601 0.2374064624 -0.6399421692 0.7308297753
388.5 -368.9 2937.8 -0.2133506685 0.7026154995 0.6788320541 -0.7658479810 0.3111357391 -0.5627356172 -0.6065956950 -0.6399421692 0.4717156887
35.3 -529.1 2701.4 0.9702397585 0.2395135164 -0.0356099345 -0.0228115804 -0.0559971668 -0.9981703162 -0.2410693318 0.9692768455 -0.0488669984
-81.0 -501.9 2230.8 0.9702397585 0.0542959049 0.2359803915 -0.0228115804 0.9906976819 -0.1341557354 -0.2410693318 0.1247801483 0.9624528289
213.9 -518.8 2693.5 0.9805645347 -0.1889897436 0.0526885688 0.0472262800 -0.0332934670 -0.9983292222 0.1904281676 0.9814144969 -0.0237211101
301.5 -503.3 2238.4 0.9805645347 -0.0702460706 -0.1831903309 0.0472262800 0.9907613397 -0.1271283180 0.1904281676 0.1160061210 0.9748228788
131.3 -481.5 2470.8 0 0 0 0 0 0 0 0 0
334.3 -563.3 2783.8 0 0 0 0 0 0 0 0 0
-101.3 -871.5 2184.2 0 0 0 0 0 0 0 0 0
327.8 -873.1 2195.1 0 0 0 0 0 0 0 0 0
106.6 -6.6 2979.1 9 0.9945057034 -0.0309678782 0.0999971330 0.0728822798 0.8905272484 -0.4490539432 -0.0751439184 0.4538747072 0.8878914118
112.7 -182.9 2889.3 0.9945057034 -0.0309678782 0.0999971330 0.0728822798 0.8905272484 -0.4490539432 -0.0751439184 0.4538747072 0.8878914118
118.8 -354.5 2798.8 0.9944466949 -0.0315015987 0.1004161686 0.0745581537 0.8842836618 -0.4609592557 -0.0742754266 0.4658862650 0.8817216754
-23.1 -193.0 2899.4 -0.2555948794 -0.4347464144 -0.8635200262 0.5330455899 0.6817865968 -0.5010283589 0.8065566421 -0.5883558393 0.0574784912
47.5 -340.4 2676.4 -0.3287175894 -0.4217877388 -0.8450087905 0.5264139175 0.6610225439 -0.5347313285 0.7841129899 -0.6205999851 0.0047451933
248.5 -172.7 2879.1 0.5711202025 0.6956274509 0.4358029068 -0.7850567698 0.3077728152 0.5375516415 0.2398073822 -0.6491366029 0.7218823433
389.5 -366.5 2938.3 -0.2157199383 0.6956274509 0.6852498651 -0.7723973393 0.3077728152 -0.5555881858 -0.5973836780 -0.6491366029 0.4709080458
36.3 -531.7 2709.8 0.9700919986 0.2413078099 -0.0263072532 -0.0126383007 -0.0580193363 -0.9982354641 -0.2424083352 0.9687126875 -0.0532343723
-83.4 -502.9 2229.3 0.9700919986 0.0416346155 0.2391403168 -0.0126383007 0.9925074577 -0.1215284541 -0.2424083352 0.1148714498 0.9633497596
214.5 -519.0 2698.3 0.9810056686 -0.1868708134 0.0520309508 0.0468882360 -0.0318385363 -0.9983925819 0.1882270277 0.9818684459 -0.0224717408
302.4 -504.0 2236.5 0.9810056686 -0.0684458092 -0.1815023273 0.0468882360 0.9916037321 -0.1205135658 0.1882270277 0.1097141653 0.9759781957
130.9 -473.9 2477.5 0 0 0 0 0 0 0 0 0
334.8 -562.5 2786.7 0 0 0 0 0 0 0 0 0
-98.9 -873.3 2186.4 0 0 0 0 0 0 0 0 0
328.0 -874.1 2195.5 0 0 0 0 0 0 0 0 0
106.0 -8.9 2968.5 0 0.9966503978 -0.0261946730 0.0774715394 0.0569522604 0.9021536112 -0.4276392758 -0.0586893596 0.4306190312 0.9006235600
111.2 -187.5 2883.3 0.9966503978 -0.0261946730 0.0774715394 0.0569522604 0.9021536112 -0.4276392758 -0.0586893596 0.4306190312 0.9006235600
116.6 -361.6 2797.8 0.9965749383 -0.0281124562 0.0777693391 0.0594520569 0.8972477317 -0.4375064969 -0.0574789867 0.4406315386 0.8958459496
-24.9 -195.7 2891.1 -0.2712521255 -0.4155777395 -0.8681690097 0.5502432585 0.6731075644 -0.4941240549 0.7897180915 -0.6117363572 0.0460869893
46.0 -339.4 2684.8 -0.3213471174 -0.4165849984 -0.8504075408 0.5176231265 0.6747300625 -0.5261232257 0.7929705381 -0.6092587709 -0.0011885245
247.3 -179.4 2875.5 0.5558858514 0.7115615606 0.4297337532 -0.7854171991 0.2802956402 0.5518642664 0.2722328901 -0.6442938447 0.7146850228
384.5 -373.2 2942.6 -0.2154283822 0.7115615606 0.6687830687 -0.7857843041 0.2802956402 -0.5513414741 -0.5797703266 -0.6442938447 0.4987502396
35.9 -532.8 2715.1 0.9708708525 0.2382485121 -0.0254439600 -0.0104497075 -0.0639882609 -0.9978959560 -0.2393753380 0.9690939784 -0.0596347116
-83.2 -500.8 2230.5 0.9708708525 0.0420147777 0.2358908802 -0.0104497075 0.9909939170 -0.1334984750 -0.2393753380 0.1271447986 0.9625661969
214.0 -519.4 2701.8 0.9812448621 -0.1878770292 0.0431360230 0.0377964787 -0.0319124237 -0.9987757802 0.1890235990 0.9816740155 -0.0242128111
303.1 -504.3 2236.3 0.9812448621 -0.0582592599 -0.1837507933 0.0377964787 0.9928801656 -0.1129620224 0.1890235990 0.1038982719 0.9764605761
127.5 -470.8 2483.6 0 0 0 0 0 0 0 0 0
329.8 -572.6 2795.5 0 0 0 0 0 0 0 0 0
-98.9 -870.6 2183.1 0 0 0 0 0 0 0 0 0
324.8 -874.9 2197.5 0 0 0 0 0 0 0 0 0
106.5 -12.6 2974.8 1 0.9997355938 -0.0226218216 0.0041247206 0.0220498722 0.8922126293 -0.4510769248 0.0065240543 0.4510486126 0.8924755454
111.1 -190.2 2884.9 0.9997355938 -0.0226218216 0.0041247206 0.0220498722 0.8922126293 -0.4510769248 0.0065240543 0.4510486126 0.8924755454
116.5 -362.5 2795.8 0.9996090531 -0.0276190862 0.0043573021 0.0265340749 0.8878757358 -0.4593175352 0.0088171875 0.4592535794 0.8882614374
-25.1 -193.8 2883.8 -0.2618786693 -0.3490768075 -0.8997582793 0.5730280876 0.6939299703 -0.4360045493 0.7765682936 -0.6297670603 0.0183053575
44.0 -345.0 2678.9 -0.3426836431 -0.3555590808 -0.8695663810 0.5141723156 0.7036860585 -0.4903598428 0.7862535715 -0.6151452661 -0.0583230592
247.2 -186.7 2886.1 0.5105804205 0.7611672878 0.3999149799 -0.8103330731 0.2704446912 0.5198268294 0.2875203192 -0.5894777179 0.7548828125
373.1 -386.4 2957.0 -0.2011386901 0.7611672878 0.6165772676 -0.7656557560 0.2704446912 -0.5836359262 -0.6109946370 -0.5894777179 0.5283952355
32.7 -541.0 2717.4 0.9724106789 0.2303804904 -0.0366380587 -0.0175089594 -0.0845357031 -0.9962666035 -0.2326176167 0.9694217443 -0.0781696960
-82.1 -498.9 2234.1 0.9724106789 0.0500185117 0.2278501093 -0.0175089594 0.9896363616 -0.1425245851 -0.2326176167 0.1346030086 0.9632087350
211.2 -530.3 2707.2 0.9802880883 -0.1918015331 0.0474072546 0.0375033394 -0.0549430884 -0.9977849126 0.1939813793 0.9798945785 -0.0466668569
303.8 -503.8 2234.4 0.9802880883 -0.0578528009 -0.1889135540 0.0375033394 0.9932712317 -0.1095709875 0.1939813793 0.1003262401 0.9758616090
130.9 -475.4 2479.4 0 0 0 0 0 0 0 0 0
322.1 -580.6 2802.0 0 0 0 0 0 0 0 0 0
-100.8 -868.3 2183.9 0 0 0 0 0 0 0 0 0
325.4 -874.6 2196.9 0 0 0 0 0 0 0 0 0
106.5 -10.0 2976.4 2 0.9987018704 -0.0243659876 0.0447305888 0.0417270735 0.8949994445 -0.4441113174 -0.0292126406 0.4454013109 0.8948543668
111.4 -187.9 2887.8 0.9987018704 -0.0243659876 0.0447305888 0.0417270735 0.8949994445 -0.4441113174 -0.0292126406 0.4454013109 0.8948543668
116.5 -360.7 2799.6 0.9986497164 -0.0259733964 0.0449901521 0.0435773171 0.8902836442 -0.4533166587 -0.0282798242 0.4546651244 0.8902133703
-24.7 -193.8 2891.7 -0.2368956208 -0.3887003660 -0.8903889656 0.5591015220 0.6949633956 -0.4521408677 0.7945350409 -0.6049280167 0.0526891574
42.1 -351.5 2667.6 -0.3742657006 -0.3756625950 -0.8478223681 0.5137113929 0.6771696210 -0.5268224478 0.7720270753 -0.6327075958 -0.0604592115
247.5 -182.0 2883.9 0.5347100496 0.7341820598 0.4184039235 -0.7995206714 0.2792385221 0.5317823887 0.2735906243 -0.6188719869 0.7363054156
379.4 -379.2 2951.4 -0.2105769515 0.7341820598 0.6454719305 -0.7729104757 0.2792385221 -0.5697676539 -0.5985538363 -0.6188719869 0.5086558461
32.7 -537.1 2706.0 0.9718183279 0.2314688414 -0.0446237065 -0.0268902183 -0.0792110786 -0.9964951277 -0.2341922522 0.9696121812 -0.0707545280
-79.8 -498.6 2234.8 0.9718183279 0.0608562231 0.2277402431 -0.0268902183 0.9884148240 -0.1493753940 -0.2341922522 0.1390417516 0.9621961117
211.3 -532.4 2707.5 0.9804163575 -0.1862920225 0.0638677999 0.0533849411 -0.0607598945 -0.9967237711 0.1895622909 0.9806138277 -0.0496248044
299.9 -503.5 2241.0 0.9804163575 -0.0799377784 -0.1799826771 0.0533849411 0.9875725508 -0.1478191614 0.1895622909 0.1353159547 0.9724997282
137.0 -481.8 2471.8 0 0 0 0 0 0 0 0 0
326.0 -575.3 2799.6 0 0 0 0 0 0 0 0 0
-102.5 -867.5 2182.9 0 0 0 0 0 0 0 0 0
329.8 -871.9 2190.5 0 0 0 0 0 0 0 0 0
107.3 -9.7 2977.7 3 0.9985132217 -0.0239249822 0.0489790738 0.0431279540 0.8962582946 -0.4414307475 -0.0333366767 0.4428867996 0.8959575891
112.1 -187.4 2889.9 0.9985132217 -0.0239249822 0.0489790738 0.0431279540 0.8962582946 -0.4414307475 -0.0333366767 0.4428867996 0.8959575891
117.0 -360.5 2802.2 0.9984698296 -0.0251950119 0.0492262095 0.0447074212 0.8916935325 -0.4504263997 -0.0325461924 0.4519379437 0.8914554715
-24.2 -193.5 2894.3 -0.2183214724 -0.3922685087 -0.8935665488 0.5685234666 0.6930963397 -0.4431687295 0.7931688428 -0.6047668457 0.0716960505
36.4 -351.2 2674.3 -0.3916867375 -0.3848102987 -0.8357646465 0.4871391952 0.6838585138 -0.5431693792 0.7805619240 -0.6198859215 -0.0804021284
248.3 -181.3 2885.4 0.5369136930 0.7313301563 0.4205708802 -0.7977529764 0.2779558897 0.5350987315 0.2744337022 -0.6228135228 0.7326591611
380.8 -378.2 2953.1 -0.2124837637 0.7313301563 0.6480793357 -0.7748782635 0.2779558897 -0.5677184463 -0.5953270793 -0.6228135228 0.5076307058
32.4 -537.4 2713.9 0.9729060531 0.2270499915 -0.0436138399 -0.0268848259 -0.0762590542 -0.9967254996 -0.2296324670 0.9708927870 -0.0680886954
-80.9 -499.3 2229.7 0.9729060531 0.0538046397 0.2248531133 -0.0268848259 0.9922746420 -0.1211127117 -0.2296324670 0.1117861494 0.9668365121
210.9 -529.6 2708.8 0.9808487892 -0.1856914014 0.0587736033 0.0484023876 -0.0599037930 -0.9970299602 0.1886606514 0.9807804227 -0.0497686528
298.9 -501.3 2244.2 0.9808487892 -0.0782070160 -0.1783796400 0.0484023876 0.9849876761 -0.1657000929 0.1886606514 0.1538927406 0.9699093699
135.7 -474.8 2476.3 0 0 0 0 0 0 0 0 0
326.9 -574.8 2802.1 0 0 0 0 0 0 0 0 0
-100.9 -869.6 2188.0 0 0 0 0 0 0 0 0 0
328.0 -868.7 2186.8 0 0 0 0 0 0 0 0 0
107.4 -8.4 2978.3 4 0.9965512156 -0.0246710945 0.0792278275 0.0568918027 0.8981899023 -0.4359107912 -0.0604072362 0.4389148355 0.8964958191
112.3 -187.3 2890.9 0.9965512156 -0.0246710945 0.0792278275 0.0568918027 0.8981899023 -0.4359107912 -0.0604072362 0.4389148355 0.8964958191
117.0 -360.8 2804.0 0.9965524673 -0.0238254182 0.0794705898 0.0568457097 0.8937837481 -0.4448810518 -0.0604300462 0.4478648603 0.8920567632
-23.7 -195.0 2899.2 -0.2098300606 -0.4179514945 -0.8839049339 0.5646756887 0.6862190366 -0.4585246444 0.7981933951 -0.5953318477 0.0920176581
33.9 -350.2 2679.9 -0.3910521567 -0.4103864133 -0.8238089681 0.4744877219 0.6770740747 -0.5625229478 0.7886314988 -0.6108630300 -0.0700479671
248.3 -179.5 2882.6 0.5542004704 0.7103224993 0.4339397848 -0.7895363569 0.2834845483 0.5443058610 0.2636174858 -0.6442658305 0.7179327011
385.1 -374.4 2947.7 -0.2192156911 0.7103224993 0.6688694954 -0.7806915045 0.2834845483 -0.5569177270 -0.5852053761 -0.6442658305 0.4923984706
32.6 -537.5 2717.4 0.9728252292 0.2283973694 -0.0380219296 -0.0212797858 -0.0753238425 -0.9969320297 -0.2305606157 0.9706497788 -0.0684166923
-82.6 -499.5 2227.6 0.9728252292 0.0458761826 0.2269502282 -0.0212797858 0.9937412739 -0.1096607968 -0.2305606157 0.1018513367 0.9677128196
211.3 -529.5 2711.5 0.9811453223 -0.1863676310 0.0511950776 0.0399941280 -0.0633751005 -0.9971880913 0.1890880615 0.9804339409 -0.0547265746
300.9 -499.1 2240.0 0.9811453223 -0.0656659976 -0.1817740500 0.0399941280 0.9891366959 -0.1414535940 0.1890880615 0.1315166354 0.9731130600
133.2 -470.5 2479.8 0 0 0 0 0 0 0 0 0
329.5 -572.5 2799.2 0 0 0 0 0 0 0 0 0
-99.8 -870.4 2189.6 0 0 0 0 0 0 0 0 0
325.4 -868.1 2190.9 0 0 0 0 0 0 0 0 0
105.0 -9.0 2967.6 5 0.9985918999 -0.0363367088 0.0386502780 0.0491690673 0.9074843526 -0.4171984792 -0.0199149009 0.4185114205 0.9079931378
112.2 -189.0 2884.6 0.9985918999 -0.0363367088 0.0386502780 0.0491690673 0.9074843526 -0.4171984792 -0.0199149009 0.4185114205 0.9079931378
119.8 -364.3 2801.6 0.9984504580 -0.0396532491 0.0390416346 0.0525384359 0.9029498100 -0.4265224040 -0.0183396358 0.4279126823 0.9036340117
-24.1 -196.3 2887.1 -0.2297324687 -0.3885493875 -0.8923297524 0.5899017453 0.6736544967 -0.4452027380 0.7741051912 -0.6286644340 0.0744456574
35.9 -350.1 2685.2 -0.3708610237 -0.4065179825 -0.8349881768 0.4657720625 0.6964290738 -0.5459330678 0.8034416437 -0.5913794637 -0.0689336807
248.4 -181.8 2882.1 0.5388340950 0.7386580706 0.4050210118 -0.7857536674 0.2673485577 0.5577777028 0.3037252128 -0.6187964082 0.7244598269
381.3 -375.6 2957.0 -0.1971952021 0.7386580706 0.6445915699 -0.7921247482 0.2673485577 -0.5486922264 -0.5776265860 -0.6187964082 0.5323894620
32.4 -539.3 2722.5 0.9733653665 0.2256538272 -0.0405000970 -0.0236880332 -0.0767202750 -0.9967712164 -0.2280324250 0.9711819291 -0.0693315566
-82.5 -500.3 2227.6 0.9733653665 0.0484287366 0.2240860611 -0.0236880332 0.9934476018 -0.1118066087 -0.2280324250 0.1035205200 0.9681346416
210.8 -529.2 2711.6 0.9809657335 -0.1846105456 0.0602096133 0.0497506075 -0.0607764497 -0.9969107509 0.1876995713 0.9809307456 -0.0504351296
298.8 -500.2 2244.2 0.9809657335 -0.0781092122 -0.1777785271 0.0497506075 0.9860690236 -0.1587223858 0.1876995713 0.1468566358 0.9711858630
130.0 -468.3 2481.4 0 0 0 0 0 0 0 0 0
331.2 -576.6 2810.4 0 0 0 0 0 0 0 0 0
-100.6 -871.1 2189.0 0 0 0 0 0 0 0 0 0
327.9 -868.2 2189.4 0 0 0 0 0 0 0 0 0
105.0 -8.7 2973.8 6 0.9962458014 -0.0475238599 0.0723587051 0.0742351636 0.8989834785 -0.4316454530 -0.0445358232 0.4353965521 0.8991364837
114.5 -187.2 2887.4 0.9962458014 -0.0475238599 0.0723587051 0.0742351636 0.8989834785 -0.4316454530 -0.0445358232 0.4353965521 0.8991364837
123.8 -360.6 2800.9 0.9961434007 -0.0488105565 0.0729101747 0.0761412680 0.8938229084 -0.4419084489 -0.0435989872 0.4457556307 0.8940923214
-21.5 -197.6 2893.3 -0.2220522314 -0.4212730825 -0.8793303370 0.5671820045 0.6777524352 -0.4679275751 0.7930935621 -0.6026446819 0.0884420425
39.3 -352.7 2676.4 -0.3701008558 -0.4220557511 -0.8275833726 0.4761354923 0.6787596941 -0.5590887666 0.7976968884 -0.6009610891 -0.0502538271
250.4 -176.7 2881.5 0.5647420883 0.7155110240 0.4112302661 -0.7782149911 0.2958665490 0.5539353490 0.2746775746 -0.6328561902 0.7239097357
389.6 -368.6 2949.2 -0.1946186870 0.7155110240 0.6709452868 -0.7856093645 0.2958665490 -0.5433976054 -0.5873172283 -0.6328561902 0.5045309663
38.1 -544.3 2720.3 0.9705158472 0.2339690328 -0.0579437725 -0.0381615646 -0.0882129967 -0.9953703880 -0.2379972339 0.9682339430 -0.0766834915
-80.8 -499.4 2228.2 0.9705158472 0.0646225661 0.2322130799 -0.0381615646 0.9924347997 -0.1166914329 -0.2379972339 0.1043892652 0.9656397700
216.7 -534.8 2717.0 0.9832608104 -0.1691080034 0.0678284690 0.0563314967 -0.0718857273 -0.9958208799 0.1732771844 0.9829725027 -0.0611563101
298.5 -500.0 2241.8 0.9832608104 -0.0803866684 -0.1635120809 0.0563314967 0.9875654578 -0.1467692554 0.1732771844 0.1351015866 0.9755626917
133.2 -473.6 2474.0 0 0 0 0 0 0 0 0 0
340.3 -568.0 2800.1 0 0 0 0 0 0 0 0 0
-104.9 -869.8 2189.2 0 0 0 0 0 0 0 0 0
328.5 -868.6 2191.4 0 0 0 0 0 0 0 0 0
106.8 -10.4 2976.4 7 0.9989181757 -0.0369273312 0.0282629970 0.0456774719 0.8931190968 -0.4474951029 -0.0087174233 0.4483019710 0.8938396573
114.1 -187.5 2887.5 0.9989181757 -0.0369273312 0.0282629970 0.0456774719 0.8931190968 -0.4474951029 -0.0087174233 0.4483019710 0.8938396573
121.8 -359.7 2798.5 0.9987946153 -0.0398140103 0.0287077799 0.0485451184 0.8877202868 -0.4578166008 -0.0072569642 0.4586583972 0.8885830641
-22.1 -194.1 2888.5 -0.2283267826 -0.3753940761 -0.8983018398 0.5831914544 0.6860846281 -0.4349432588 0.7795861959 -0.6231911182 0.0622751229
38.2 -348.2 2682.5 -0.3677375019 -0.3863397539 -0.8458786607 0.4796931446 0.7004470825 -0.5284584761 0.7966577411 -0.6000962257 -0.0722561255
250.3 -180.9 2886.5 0.5328610539 0.7455872297 0.4001984000 -0.7982156873 0.2858795524 0.5302118063 0.2809106112 -0.6019738317 0.7474735379
381.7 -377.7 2955.8 -0.1946840584 0.7455872297 0.6373364329 -0.7704652548 0.2858795524 -0.5697861314 -0.6070267558 -0.6019738317 0.5187928677
44.1 -540.9 2718.3 0.9678109884 0.2464455515 -0.0510538258 -0.0316333137 -0.0821302682 -0.9961194396 -0.2496822774 0.9656703472 -0.0716906860
-80.7 -499.3 2229.5 0.9678109884 0.0644505620 0.2432858944 -0.0316333137 0.9901397228 -0.1364649534 -0.2496822774 0.1243763342 0.9603068829
222.3 -527.2 2710.5 0.9846755862 -0.1608661264 0.0673506409 0.0586360767 -0.0583242476 -0.9965741634 0.1642432064 0.9852514267 -0.0479979031
298.6 -499.5 2243.4 0.9846755862 -0.0823192447 -0.1537451148 0.0586360767 0.9865351319 -0.1526768208 0.1642432064 0.1413221210 0.9762439132
131.5 -469.9 2480.3 0 0 0 0 0 0 0 0 0
332.3 -573.2 2801.7 0 0 0 0 0 0 0 0 0
-104.7 -868.9 2183.1 0 0 0 0 0 0 0 0 0
329.3 -867.8 2190.6 0 0 0 0 0 0 0 0 0
107.6 -10.3 2977.2 8 0.9995112419 -0.0300195143 0.0087218741 0.0307522304 0.8940784335 -0.4468535483 0.0056162872 0.4469033778 0.8945646286
113.5 -187.7 2888.5 0.9995112419 -0.0300195143 0.0087218741 0.0307522304 0.8940784335 -0.4468535483 0.0056162872 0.4469033778 0.8945646286
119.9 -360.0 2799.4 0.9994272590 -0.0325791985 0.0091536092 0.0331437886 0.8877441287 -0.4591425657 0.0068324339 0.4591829479 0.8883154392
-22.9 -192.3 2887.6 -0.2359799445 -0.3567474186 -0.9039052725 0.5803093314 0.6943696141 -0.4255489409 0.7794578671 -0.6249656677 0.0431665406
41.4 -350.2 2675.4 -0.3766095936 -0.3689071536 -0.8497486115 0.4760091305 0.7098618150 -0.5191449523 0.7947204113 -0.6000030637 -0.0917376056
249.9 -183.2 2889.4 0.5165356398 0.7583359480 0.3976398706 -0.8065180779 0.2748997211 0.5234107375 0.2876100838 -0.5910640359 0.7536071539
377.4 -382.2 2960.4 -0.1981096566 0.7583359480 0.6210306883 -0.7666494250 0.2748997211 -0.5802402496 -0.6107382178 -0.5910640359 0.5269175768
40.2 -536.3 2710.1 0.9687898159 0.2433683574 -0.0470964909 -0.0286811031 -0.0786673278 -0.9964882731 -0.2462186664 0.9667384624 -0.0692320317
-80.6 -497.3 2230.1 0.9687898159 0.0598231852 0.2405564934 -0.0286811031 0.9909759164 -0.1309354603 -0.2462186664 0.1199495196 0.9617632031
218.9 -527.6 2708.8 0.9832402468 -0.1732139885 0.0568820238 0.0476839691 -0.0568115264 -0.9972455502 0.1759684384 0.9832442999 -0.0475998484
301.8 -500.5 2238.4 0.9832402468 -0.0669250637 -0.1695868075 0.0476839691 0.9922091365 -0.1150966138 0.1759684384 0.1050810516 0.9787712097
137.0 -471.0 2473.7 0 0 0 0 0 0 0 0 0
327.1 -576.8 2805.4 0 0 0 0 0 0 0 0 0
-102.9 -867.1 2185.3 0 0 0 0 0 0 0 0 0
326.7 -870.5 2199.2 0 0 0 0 0 0 0 0 0
106.3 -10.6 2979.6 9 0.9993636012 -0.0317327529 0.0162933767 0.0356712006 0.8901076913 -0.4543521702 -0.0000850149 0.4546442032 0.8906731606
112.6 -187.0 2889.4 0.9993636012 -0.0317327529 0.0162933767 0.0356712006 0.8901076913 -0.4543521702 -0.0000850149 0.4546442032 0.8906731606
119.7 -358.4 2798.6 0.9991990328 -0.0363119319 0.0168143194 0.0399583578 0.8828639388 -0.4679258466 0.0021465351 0.4682229161 0.8836077452
-23.8 -192.5 2889.2 -0.2356706560 -0.3633963764 -0.9013336897 0.5756740570 0.6950273514 -0.4307393730 0.7829806805 -0.6203870773 0.0454003215
40.1 -348.7 2676.7 -0.3842904866 -0.3739141524 -0.8441025019 0.4696657360 0.7079733610 -0.5274351239 0.7948175669 -0.5991343260 -0.0964527503
249.1 -181.6 2889.7 0.5235548615 0.7534003258 0.3978419900 -0.8056699038 0.2859250009 0.5187898278 0.2771034837 -0.5921442509 0.7566894293
378.3 -380.4 2958.1 -0.1961270571 0.7534003258 0.6276321411 -0.7618156075 0.2859250009 -0.5812778473 -0.6173906326 -0.5921442509 0.5178744793
36.8 -535.3 2709.6 0.9705569744 0.2360835522 -0.0477887578 -0.0307220258 -0.0754497498 -0.9966762066 -0.2389045060 0.9687991738 -0.0659753159
-80.9 -497.6 2226.7 0.9705569744 0.0560620613 0.2342568040 -0.0307220258 0.9934061170 -0.1104553714 -0.2389045060 0.1000063792 0.9658795595
215.7 -529.3 2710.8 0.9820997119 -0.1827321053 0.0457067266 0.0350397415 -0.0611849353 -0.9975112081 0.1850738823 0.9812570214 -0.0536868237
304.6 -499.6 2233.3 0.9820997119 -0.0509693548 -0.1813346297 0.0350397415 0.9953259230 -0.0899916291 0.1850738823 0.0820268318 0.9792953134
137.7 -467.9 2474.9 0 0 0 0 0 0 0 0 0
328.5 -573.8 2801.4 0 0 0 0 0 0 0 0 0
-101.8 -868.4 2189.4 0 0 0 0 0 0 0 0 0
323.6 -870.8 2202.7 0 0 0 0 0 0 0 0 0
108.0 -9.1 2981.8 0 0.9989988208 -0.0420098864 -0.0153810633 0.0304353237 0.8901881576 -0.4545753002 0.0327886976 0.4536520541 0.8905754685
116.3 -185.7 2891.8 0.9989988208 -0.0420098864 -0.0153810633 0.0304353237 0.8901881576 -0.4545753002 0.0327886976 0.4536520541 0.8905754685
125.2 -357.3 2801.4 0.9988484979 -0.0456452481 -0.0147692375 0.0334762111 0.8836463690 -0.4669565260 0.0343651287 0.4659244120 0.8841569424
-20.1 -190.3 2887.1 -0.2081760466 -0.3407931924 -0.9168002605 0.5922548175 0.7020386457 -0.3954440951 0.7783938646 -0.6253013611 0.0556887835
36.3 -350.8 2676.2 -0.3980933428 -0.3525701165 -0.8468860388 0.4679314196 0.7160102129 -0.5180439353 0.7890259027 -0.6025144458 -0.1200602725
252.7 -181.2 2896.5 0.5089195371 0.7739968896 0.3767355680 -0.8088312745 0.2801774442 0.5170034170 0.2946062386 -0.5678286552 0.7686207294
378.3 -380.8 2969.2 -0.1810417771 0.7739968896 0.6067558527 -0.7614151835 0.2801774442 -0.5845917463 -0.6224715114 -0.5678286552 0.5386092067
37.2 -533.3 2707.5 0.9699192047 0.2394392043 -0.0438820347 -0.0277841967 -0.0701989010 -0.9971460104 -0.2418363243 0.9683702588 -0.0614346378
-81.8 -498.4 2226.0 0.9699192047 0.0509474427 0.2380359769 -0.0277841967 0.9946323633 -0.0996721089 -0.2418363243 0.0900602564 0.9661285281
216.2 -526.1 2707.9 0.9822744727 -0.1778499186 0.0592138283 0.0508493073 -0.0512307771 -0.9973914623 0.1804195642 0.9827231765 -0.0412791409
301.4 -501.6 2236.8 0.9822744727 -0.0704027861 -0.1737248451 0.0508493073 0.9921155572 -0.1145473495 0.1804195642 0.1036831513 0.9781097174
137.4 -469.5 2475.9 0 0 0 0 0 0 0 0 0
332.3 -574.0 2811.2 0 0 0 0 0 0 0 0 0
-100.8 -869.6 2192.4 0 0 0 0 0 0 0 0 0
327.7 -871.6 2198.1 0 0 0 0 0 0 0 0 0
107.1 -8.8 2981.4 1 0.9987111092 -0.0456528328 -0.0221799817 0.0306963623 0.8913007975 -0.4523722529 0.0404211096 0.4511083364 0.8915533423
116.1 -185.7 2891.8 0.9987111092 -0.0456528328 -0.0221799817 0.0306963623 0.8913007975 -0.4523722529 0.0404211096 0.4511083364 0.8915533423
126.0 -357.6 2802.2 0.9984663725 -0.0509834811 -0.0215772875 0.0351958200 0.8854221702 -0.4634532034 0.0427334644 0.4619829953 0.8858586550
-20.2 -190.5 2886.0 -0.2173582166 -0.3352182508 -0.9167246819 0.5994604826 0.6953504682 -0.3964023888 0.7703262568 -0.6357015371 0.0498099662
38.2 -351.6 2678.9 -0.3883186877 -0.3542883992 -0.8506987095 0.4689297378 0.7187154293 -0.5133741498 0.7932928205 -0.5982707143 -0.1129542738
252.5 -180.9 2897.7 0.5077109933 0.7783714533 0.3692795336 -0.8067545891 0.2791477144 0.5207912922 0.3022855222 -0.5623294115 0.7696811557
377.8 -380.0 2972.3 -0.1746079922 0.7783714533 0.6030339003 -0.7641102672 0.2791477144 -0.5815599561 -0.6210052371 -0.5623294115 0.5460202098
44.6 -531.8 2707.9 0.9662623405 0.2559421360 -0.0288224909 -0.0124373809 -0.0654083863 -0.9977810383 -0.2572594583 0.9644767046 -0.0600184090
-83.6 -499.0 2224.7 0.9662623405 0.0374326967 0.2548252344 -0.0124373809 0.9950095415 -0.0990016386 -0.2572594583 0.0924921930 0.9619057775
223.4 -525.8 2714.0 0.9852916598 -0.1606947631 0.0581170954 0.0510342754 -0.0478611141 -0.9975494146 0.1630825102 0.9858430624 -0.0389562137
301.4 -502.6 2235.8 0.9852916598 -0.0679046288 -0.1568099558 0.0510342754 0.9927073717 -0.1092136055 0.1630825102 0.0996045619 0.9815717340
136.7 -470.6 2477.6 0 0 0 0 0 0 0 0 0
333.5 -574.0 2814.6 0 0 0 0 0 0 0 0 0
-97.6 -870.4 2190.2 0 0 0 0 0 0 0 0 0
326.7 -873.0 2198.7 0 0 0 0 0 0 0 0 0
107.2 -7.0 2980.7 2 0.9987444878 -0.0458104238 -0.0202683602 0.0320265181 0.8950424194 -0.4448295534 0.0385188721 0.4436219633 0.8953858614
116.3 -184.7 2892.6 0.9987444878 -0.0458104238 -0.0202683602 0.0320265181 0.8950424194 -0.4448295534 0.0385188721 0.4436219633 0.8953858614
125.7 -357.3 2804.4 0.9986304045 -0.0484766290 -0.0196804106 0.0341858678 0.8893452287 -0.4559565485 0.0396059155 0.4546592832 0.8897843957
-20.1 -189.3 2887.2 -0.2346592546 -0.3389033079 -0.9110870361 0.5867068768 0.6979141235 -0.4107199609 0.7750548720 -0.6309202909 0.0350649022
43.8 -349.0 2676.3 -0.3733901083 -0.3493306041 -0.8593881130 0.4908139706 0.7117165923 -0.5025545955 0.7871984839 -0.6094486117 -0.0942915902
252.7 -180.0 2898.1 0.5075520277 0.7771269679 0.3721082509 -0.8048127890 0.2733786106 0.5268211365 0.3076804578 -0.5668666363 0.7641956210
378.0 -378.7 2974.0 -0.1774246097 0.7771269679 0.6038163304 -0.7690223455 0.2733786106 -0.5778138041 -0.6141051650 -0.5668666363 0.5491239429
46.5 -532.6 2708.7 0.9648354650 0.2615684867 -0.0259697344 -0.0083411038 -0.0682820231 -0.9976311922 -0.2627221346 0.9627665877 -0.0636991486
-84.8 -498.3 2225.4 0.9648354650 0.0316784456 0.2609386444 -0.0083411038 0.9959011674 -0.0900625736 -0.2627221346 0.0847190544 0.9611450434
225.3 -526.3 2716.3 0.9861145020 -0.1580419689 0.0509990640 0.0440197736 -0.0473533981 -0.9979077578 0.1601262987 0.9862962961 -0.0397389010
301.9 -503.3 2238.1 0.9861145020 -0.0640127733 -0.1532336026 0.0440197736 0.9904728532 -0.1304829717 0.1601262987 0.1219258457 0.9795374870
138.5 -473.5 2476.6 0 0 0 0 0 0 0 0 0
333.0 -573.9 2818.1 0 0 0 0 0 0 0 0 0
-96.6 -870.1 2193.8 0 0 0 0 0 0 0 0 0
325.8 -872.9 2192.6 0 0 0 0 0 0 0 0 0
107.7 -9.9 2980.8 3 0.9987196326 -0.0409662165 -0.0296803080 0.0230142064 0.8904100060 -0.4545771778 0.0450499505 0.4533120692 0.8902127147
115.8 -187.0 2890.6 0.9987196326 -0.0409662165 -0.0296803080 0.0230142064 0.8904100060 -0.4545771778 0.0450499505 0.4533120692 0.8902127147
125.2 -358.9 2800.8 0.9983987808 -0.0484520905 -0.0291943233 0.0293854028 0.8852282763 -0.4642277062 0.0483364463 0.4626264572 0.8852345943
-20.6 -191.0 2884.0 -0.2588702738 -0.3292175531 -0.9080759883 0.5756847262 0.7023166418 -0.4187343717 0.7756115794 -0.6311633587 0.0077166161
49.0 -345.8 2675.5 -0.3500133455 -0.3394711614 -0.8730692863 0.5042542219 0.7171839476 -0.4810144603 0.7894418240 -0.6086103320 -0.0798441768
252.2 -183.0 2897.2 0.5014610291 0.7830699682 0.3678835034 -0.8098959923 0.2753079832 0.5179516673 0.3043111265 -0.5576800108 0.7722614408
376.0 -383.0 2972.3 -0.1755348593 0.7830699682 0.5966480970 -0.7623962164 0.2753079832 -0.5856257677 -0.6228479743 -0.5576800108 0.5486834049
45.7 -533.0 2712.6 0.9655162096 0.2574730217 -0.0385502391 -0.0215855911 -0.0683944523 -0.9974248409 -0.2594465911 0.9638619423 -0.0604782440
-84.8 -498.3 2224.2 0.9655162096 0.0408621281 0.2571162581 -0.0215855911 0.9967700243 -0.0773537606 -0.2594465911 0.0691362992 0.9632796049
224.6 -526.9 2719.7 0.9860100150 -0.1589260250 0.0502669401 0.0428804383 -0.0495721623 -0.9978496432 0.1610761285 0.9860451818 -0.0420638286
302.1 -502.7 2238.5 0.9860100150 -0.0630524606 -0.1543004811 0.0428804383 0.9904897809 -0.1307337135 0.1610761285 0.1222882792 0.9793365598
137.8 -473.7 2475.2 0 0 0 0 0 0 0 0 0
331.4 -576.5 2814.3 0 0 0 0 0 0 0 0 0
-100.0 -870.3 2198.4 0 0 0 0 0 0 0 0 0
325.7 -872.3 2192.9 0 0 0 0 0 0 0 0 0
108.4 -9.9 2979.9 4 0.9986782670 -0.0385440476 -0.0340005085 0.0189809315 0.8913410306 -0.4529358149 0.0477640294 0.4516918063 0.8908945322
116.1 -186.9 2890.2 0.9986782670 -0.0385440476 -0.0340005085 0.0189809315 0.8913410306 -0.4529358149 0.0477640294 0.4516918063 0.8908945322
125.0 -358.7 2800.3 0.9983846545 -0.0459325090 -0.0334409475 0.0251558255 0.8851093054 -0.4647027850 0.0509438589 0.4631108940 0.8848350048
-20.3 -190.3 2883.3 -0.2647137344 -0.3250595927 -0.9078892469 0.5719536543 0.7050761580 -0.4192094803 0.7763991356 -0.6302410960 -0.0007243181
52.1 -346.9 2670.7 -0.3409974277 -0.3315954208 -0.8796392679 0.5174123645 0.7150315046 -0.4701216519 0.7848600149 -0.6154465079 -0.0722523332
252.5 -183.4 2897.2 0.4972604811 0.7856731415 0.3680348992 -0.8121925592 0.2723809481 0.5158990622 0.3050823510 -0.5554514527 0.7735621929
375.2 -384.0 2972.5 -0.1771418452 0.7856731415 0.5927380919 -0.7612097859 0.2723809481 -0.5885306001 -0.6238432527 -0.5554514527 0.5498120189
45.2 -533.3 2706.7 0.9653380513 0.2572480738 -0.0441126190 -0.0273013897 -0.0685613230 -0.9972732663 -0.2595710456 0.9639101624 -0.0591616258
-83.3 -499.1 2225.3 0.9653380513 0.0498045795 0.2562069297 -0.0273013897 0.9955083132 -0.0906525105 -0.2595710456 0.0805155113 0.9623617530
224.1 -528.1 2715.4 0.9858306646 -0.1570254266 0.0589994304 0.0509271398 -0.0549470820 -0.9971897006 0.1598259807 0.9860648513 -0.0461716615
299.4 -501.7 2242.4 0.9858306646 -0.0731994808 -0.1509296298 0.0509271398 0.9879016280 -0.1464812011 0.1598259807 0.1367192566 0.9776315689
138.7 -478.2 2471.6 0 0 0 0 0 0 0 0 0
330.3 -577.2 2814.2 0 0 0 0 0 0 0 0 0
-101.9 -870.6 2195.3 0 0 0 0 0 0 0 0 0
326.7 -870.4 2191.4 0 0 0 0 0 0 0 0 0
108.5 -10.2 2979.4 5 0.9989587069 -0.0398082472 -0.0222898051 0.0256181378 0.8936901689 -0.4479526281 0.0377523899 0.4469151497 0.8937793970
116.4 -187.3 2890.8 0.9989587069 -0.0398082472 -0.0222898051 0.0256181378 0.8936901689 -0.4479526281 0.0377523899 0.4469151497 0.8937793970
125.2 -359.5 2801.7 0.9987406135 -0.0452432074 -0.0216860753 0.0301847029 0.8870978355 -0.4605934322 0.0400763936 0.4593587518 0.8873462677
-20.0 -191.4 2885.4 -0.2475355566 -0.3395271003 -0.9074400663 0.5651412606 0.7101562023 -0.4198732376 0.7869825363 -0.6167653799 0.0160918571
48.6 -348.2 2667.1 -0.3596714735 -0.3359902203 -0.8704866767 0.5167193413 0.7050858140 -0.4856491983 0.7769411802 -0.6244714260 -0.0799866170
252.8 -183.2 2896.3 0.5044352412 0.7783340216 0.3738198578 -0.8083299398 0.2734771967 0.5213567615 0.3035584986 -0.5651605129 0.7671022415
377.4 -382.8 2971.3 -0.1801218987 0.7783340216 0.6014584899 -0.7650516629 0.2734771967 -0.5830147266 -0.6182653904 -0.5651605129 0.5462064743
44.5 -532.7 2705.9 0.9654457569 0.2589689493 -0.0291470215 -0.0125318505 -0.0655799210 -0.9977686405 -0.2603025436 0.9636567831 -0.0600684956
-84.0 -500.2 2228.0 0.9654457569 0.0419548489 0.2572046816 -0.0125318505 0.9932882786 -0.1149840578 -0.2603025436 0.1077876166 0.9594917297
223.4 -528.2 2715.0 0.9855580926 -0.1577166170 0.0616503321 0.0530364253 -0.0582578443 -0.9968917370 0.1608180106 0.9857644439 -0.0490517654
299.0 -500.3 2242.2 0.9855580926 -0.0752827078 -0.1516832411 0.0530364253 0.9879047871 -0.1457093954 0.1608180106 0.1355603337 0.9776302576
139.9 -479.3 2470.0 0 0 0 0 0 0 0 0 0
331.7 -577.0 2814.3 0 0 0 0 0 0 0 0 0
-99.6 -870.8 2187.8 0 0 0 0 0 0 0 0 0
327.1 -869.0 2191.6 0 0 0 0 0 0 0 0 0
108.2 -7.8 2979.2 6 0.9990973473 -0.0415622257 -0.0087765176 0.0334545150 0.8971912265 -0.4403733909 0.0261771139 0.4396823049 0.8977718353
116.5 -185.7 2892.0 0.9990973473 -0.0415622257 -0.0087765176 0.0334545150 0.8971912265 -0.4403733909 0.0261771139 0.4396823049 0.8977718353
125.2 -358.5 2804.1 0.9989632368 -0.0447908714 -0.0081368359 0.0362310670 0.8904605508 -0.4536158741 0.0275633819 0.4528507590 0.8911601901
-20.0 -190.6 2888.3 -0.2333947718 -0.3509891927 -0.9068260193 0.5743244886 0.7027769089 -0.4198285341 0.7846516967 -0.6187981963 0.0375572294
44.0 -348.1 2673.1 -0.3647286892 -0.3482430279 -0.8635390997 0.5128670335 0.6989213228 -0.4984740317 0.7771360278 -0.6246885061 -0.0763142779
252.9 -180.8 2895.8 0.5128298998 0.7697432637 0.3801326156 -0.8029801846 0.2734462917 0.5295752287 0.3036910892 -0.5768209696 0.7583200336
379.5 -379.0 2970.8 -0.1831770092 0.7697432637 0.6115075350 -0.7709896564 0.2734462917 -0.5751540065 -0.6099354029 -0.5768209696 0.5433750153
44.5 -534.4 2708.9 0.9655012488 0.2591986060 -0.0249674395 -0.0073835221 -0.0685927793 -0.9976174235 -0.2602936327 0.9633852243 -0.0643126145
-84.7 -500.2 2228.7 0.9655012488 0.0372863151 0.2577150166 -0.0073835221 0.9932174087 -0.1160375476 -0.2602936327 0.1101315543 0.9592279792
223.5 -529.0 2716.1 0.9854160547 -0.1587491781 0.0612695292 0.0524920821 -0.0589103065 -0.9968822002 0.1618636400 0.9855598807 -0.0497180857
300.2 -500.5 2239.3 0.9854160547 -0.0732972249 -0.1535668373 0.0524920821 0.9893988967 -0.1354046017 0.1618636400 0.1253688186 0.9788170457
136.6 -478.3 2475.8 0 0 0 0 0 0 0 0 0
333.1 -574.7 2816.0 0 0 0 0 0 0 0 0 0
-98.6 -870.9 2187.6 0 0 0 0 0 0 0 0 0
327.6 -869.8 2192.5 0 0 0 0 0 0 0 0 0
108.9 -8.6 2979.1 7 0.9993295074 -0.0350636952 -0.0105398661 0.0269484799 0.8992699385 -0.4365631044 0.0247856993 0.4359863400 0.8996118903
115.9 -186.9 2892.7 0.9993295074 -0.0350636952 -0.0105398661 0.0269484799 0.8992699385 -0.4365631044 0.0247856993 0.4359863400 0.8996118903
123.6 -360.2 2805.6 0.9991723895 -0.0394248217 -0.0100097302 0.0307280775 0.8928434849 -0.4493176043 0.0266513880 0.4486381710 0.8933160305
-20.6 -191.1 2889.0 -0.2156524211 -0.3480055630 -0.9123520255 0.5836604238 0.7031199336 -0.4061562121 0.7828374505 -0.6200923324 0.0514875613
38.2 -350.1 2675.7 -0.3843552470 -0.3458799720 -0.8559427857 0.5013195276 0.7003513575 -0.5081207752 0.7752094865 -0.6243997216 -0.0957873091
252.4 -182.7 2896.3 0.5085294843 0.7708359957 0.3836790919 -0.8043850064 0.2663249373 0.5310704708 0.3071849048 -0.5786906481 0.7554829717
378.0 -381.3 2972.2 -0.1880352646 0.7708359957 0.6086497903 -0.7728154659 0.2663249373 -0.5760445595 -0.6061344743 -0.5786906481 0.5456355214
44.4 -534.6 2713.8 0.9667034745 0.2522816360 -0.0428756513 -0.0265671965 -0.0677001774 -0.9973519444 -0.2545162737 0.9652826786 -0.0587435812
-82.7 -500.5 2227.4 0.9667034745 0.0522127822 0.2505158186 -0.0265671965 0.9941506982 -0.1046831012 -0.2545162737 0.0945420191 0.9624361396
223.4 -528.2 2718.7 0.9854543805 -0.1601017267 0.0569833517 0.0485053137 -0.0563752465 -0.9972307086 0.1628708094 0.9854893684 -0.0477894470
301.2 -500.7 2239.4 0.9854543805 -0.0684026554 -0.1555658728 0.0485053137 0.9905506372 -0.1282834262 0.1628708094 0.1188716888 0.9794603586
135.7 -477.3 2479.0 0 0 0 0 0 0 0 0 0
330.2 -577.5 2818.3 0 0 0 0 0 0 0 0 0
-102.2 -871.5 2192.1 0 0 0 0 0 0 0 0 0
326.8 -870.5 2195.0 0 0 0 0 0 0 0 0 0
109.2 -10.2 2979.0 8 0.9990990162 -0.0342673063 -0.0250387117 0.0195401944 0.8951365948 -0.4453635514 0.0376744755 0.4444730282 0.8949996233
116.0 -187.6 2890.9 0.9990990162 -0.0342673063 -0.0250387117 0.0195401944 0.8951365948 -0.4453635514 0.0376744755 0.4444730282 0.8949996233
124.2 -360.3 2802.6 0.9987921715 -0.0425502546 -0.0245708078 0.0266689397 0.8894602656 -0.4562337399 0.0412676185 0.4550274014 0.8895207047
-20.5 -191.3 2885.3 -0.2215633988 -0.3315273523 -0.9170601368 0.5982556343 0.6964397430 -0.3963102996 0.7700648308 -0.6364442706 0.0440325402
38.6 -350.8 2680.0 -0.3806811571 -0.3459936082 -0.8575373292 0.4847547412 0.7150526047 -0.5036989450 0.7874609232 -0.6074439883 -0.1044849977
252.4 -184.0 2896.6 0.5010330081 0.7800858021 0.3747426867 -0.8087288141 0.2678808570 0.5236387849 0.3080967665 -0.5654255152 0.7650949955
