45.0 2.3 3187.5 21 0.9932293296 0.0907765329 0.0724921972 -0.0338473469 0.8230739236 -0.5669247508 -0.1111299023 0.5606326461 0.8205736876
26.0 -169.5 3070.4 0.9932293296 0.0907765329 0.0724921972 -0.0338473469 0.8230739236 -0.5669247508 -0.1111299023 0.5606326461 0.8205736876
7.3 -328.0 2952.1 0.9932114482 0.0940338522 0.0684740543 -0.0340043530 0.7976490855 -0.6021624804 -0.1112419292 0.5957462192 0.7954317331
-118.9 -164.6 3086.7 -0.0576074645 -0.9671199918 0.2477101088 0.6003587246 0.1646853238 0.7825906277 -0.7976532578 0.1937979907 0.5711318254
-97.6 -387.2 3382.4 0.2044436783 -0.9545522332 -0.2168704569 -0.3340593576 0.1402133554 -0.9320646524 0.9201125503 0.2630023360 -0.2902113795
171.0 -174.5 3054.2 0.4332362413 0.5541632771 0.7107808590 -0.8714715242 0.4587169588 0.1735400856 -0.2298776805 -0.6946091056 0.6816703081
281.5 -396.8 2995.6 -0.8202276826 0.5541632771 0.1418787688 0.1586873531 0.4587169588 -0.8742980361 -0.5495860577 -0.6946091056 -0.4641910493
-102.6 -480.0 2838.1 0.9832975864 0.1350183189 -0.1220490411 -0.1186641678 -0.0328702815 -0.9923902154 -0.1380026489 0.9902977347 -0.0162994321
-161.3 -465.7 2407.2 0.9832975864 0.1260933131 0.1312493533 -0.1186641678 0.9909341335 -0.0629944578 -0.1380026489 0.0463677049 0.9893459082
79.7 -489.3 2821.7 0.9918643832 -0.0045907260 0.1272163987 0.1270471066 -0.0271644332 -0.9915246367 0.0080075795 0.9996204376 -0.0263601951
81.7 -477.3 2380.1 0.9918643832 -0.1272969842 -0.0007534001 0.1270471066 0.9902550578 -0.0570439398 0.0080075795 0.0564841330 0.9983713627
-151.6 -298.9 3139.4 0 0 0 0 0 0 0 0 0
52.2 -352.4 2842.0 0 0 0 0 0 0 0 0 0
-206.0 -816.5 2390.8 0 0 0 0 0 0 0 0 0
130.4 -855.6 2358.6 0 0 0 0 0 0 0 0 0
43.5 1.5 3188.6 22 0.9929043651 0.0821380094 0.0859896466 -0.0186663680 0.8218070269 -0.5694600940 -0.1174412146 0.5638143420 0.8175089955
26.4 -169.5 3071.3 0.9929043651 0.0821380094 0.0859896466 -0.0186663680 0.8218070269 -0.5694600940 -0.1174412146 0.5638143420 0.8175089955
8.8 -328.1 2953.0 0.9926425219 0.0885378271 0.0825944021 -0.0211521294 0.7984482646 -0.6016917825 -0.1192198396 0.5955178142 0.7944464684
-118.5 -166.4 3088.7 -0.0717236623 -0.9675734639 0.2421927601 0.6000294089 0.1521102935 0.7853834629 -0.7967562079 0.2016533464 0.5696625710
-91.9 -388.9 3384.1 0.2160986662 -0.9541372061 -0.2071801126 -0.3319329023 0.1277620494 -0.9346108437 0.9182167053 0.2707380652 -0.2891003191
171.3 -172.6 3053.9 0.4280068576 0.5570605397 0.7116836905 -0.8720341921 0.4614054561 0.1632830054 -0.2374162376 -0.6904987693 0.6832605600
281.3 -396.6 2992.9 -0.8148263693 0.5570605397 0.1604417562 0.1430374980 0.4614054561 -0.8755828142 -0.5617813468 -0.6904987693 -0.4556458890
-102.4 -483.4 2844.0 0.9829745889 0.1258691400 -0.1338576227 -0.1296127141 -0.0413677320 -0.9907013774 -0.1302361190 0.9911839962 -0.0243491903
-158.1 -465.1 2405.1 0.9829745889 0.1356122643 0.1239766777 -0.1296127141 0.9900226593 -0.0552781411 -0.1302361190 0.0382680558 0.9907442331
79.7 -489.6 2823.6 0.9915505648 -0.0026140797 0.1296945810 0.1295772791 -0.0270786174 -0.9911994934 0.0061030244 0.9996299148 -0.0265110917
80.8 -477.6 2379.5 0.9915505648 -0.1297202408 0.0004199437 0.1295772791 0.9902950525 -0.0502534732 0.0061030244 0.0498832725 0.9987363815
-149.0 -301.2 3141.6 0 0 0 0 0 0 0 0 0
53.3 -356.6 2835.7 0 0 0 0 0 0 0 0 0
-206.2 -816.1 2391.5 0 0 0 0 0 0 0 0 0
130.4 -856.0 2360.4 0 0 0 0 0 0 0 0 0
44.2 1.1 3188.7 23 0.9945888519 0.0835368037 0.0617627464 -0.0338002257 0.8223538399 -0.5679715276 -0.0982373580 0.5628105998 0.8207275271
26.8 -170.1 3071.5 0.9945888519 0.0835368037 0.0617627464 -0.0338002257 0.8223538399 -0.5679715276 -0.0982373580 0.5628105998 0.8207275271
9.1 -328.7 2953.1 0.9943431616 0.0888457298 0.0582079291 -0.0361100025 0.7981399894 -0.6013888717 -0.0998889133 0.5958850384 0.7968332767
-118.4 -164.8 3086.1 -0.0473203883 -0.9689311385 0.2427617162 0.5995609760 0.1668329388 0.7827473283 -0.7989289165 0.1825903654 0.5730386972
-100.8 -387.1 3382.3 0.1932868361 -0.9572010040 -0.2154214680 -0.3334150016 0.1424150169 -0.9319615960 0.9227538109 0.2519606650 -0.2916182280
171.9 -175.4 3057.0 0.4340105355 0.5965681672 0.6750861406 -0.8708286881 0.4698130190 0.1446827650 -0.2308511138 -0.6506782174 0.7234125137
281.5 -395.2 2998.7 -0.7731527686 0.5965681672 0.2152700275 0.1189621165 0.4698130190 -0.8747135401 -0.6229628921 -0.6506782174 -0.4342062473
-99.8 -484.8 2845.6 0.9816735983 0.1340485960 -0.1354543269 -0.1303354502 -0.0462932736 -0.9903886318 -0.1390308291 0.9898929000 -0.0279735997
-159.6 -464.2 2404.1 0.9816735983 0.1351507008 0.1343547255 -0.1303354502 0.9904907942 -0.0440523662 -0.1390308291 0.0257338621 0.9899536371
82.2 -488.7 2823.7 0.9916750789 0.0032084556 0.1287253201 0.1287648678 -0.0272924360 -0.9912995100 0.0003326872 0.9996223450 -0.0274783652
80.8 -476.6 2378.0 0.9916750789 -0.1286256313 0.0059958198 0.1287648678 0.9904758334 -0.0487570167 0.0003326872 0.0491231680 0.9987926483
-151.9 -299.1 3138.6 0 0 0 0 0 0 0 0 0
65.7 -362.0 2824.8 0 0 0 0 0 0 0 0 0
-207.3 -813.8 2395.0 0 0 0 0 0 0 0 0 0
129.9 -855.1 2359.2 0 0 0 0 0 0 0 0 0
43.8 3.2 3189.2 24 0.9948697090 0.0787806809 0.0634658933 -0.0303968936 0.8311483860 -0.5552192330 -0.0964901224 0.5504416227 0.8292790055
27.3 -170.9 3073.9 0.9948697090 0.0787806809 0.0634658933 -0.0303968936 0.8311483860 -0.5552192330 -0.0964901224 0.5504416227 0.8292790055
10.1 -329.9 2955.9 0.9945243001 0.0862544104 0.0590053201 -0.0338102989 0.7998095751 -0.5993008614 -0.0988853574 0.5940242410 0.7983463407
-117.9 -166.0 3088.3 -0.0481112078 -0.9695229530 0.2402303070 0.5974957347 0.1647982597 0.7847549915 -0.8004274964 0.1812920868 0.5713571310
-100.1 -387.6 3385.1 0.1932825297 -0.9577947855 -0.2127698511 -0.3306774199 0.1405789852 -0.9332148433 0.9237393141 0.2507323325 -0.2895496488
172.5 -175.9 3059.5 0.4292217195 0.5826308727 0.6901521087 -0.8661224842 0.4822004437 0.1315850466 -0.2561261356 -0.6542354226 0.7116006017
281.3 -395.5 2994.5 -0.7873659134 0.5826308727 0.2014848739 0.1353251934 0.4822004437 -0.8655459881 -0.6014499068 -0.6542354226 -0.4585128427
-99.7 -484.0 2843.9 0.9815517664 0.1333976239 -0.1369716972 -0.1326199472 -0.0410213359 -0.9903177023 -0.1377247870 0.9902132750 -0.0225733761
-158.7 -465.8 2406.0 0.9815517664 0.1386098564 0.1316946298 -0.1326199472 0.9897351265 -0.0532573126 -0.1377247870 0.0348094739 0.9898586869
82.6 -490.6 2825.6 0.9927710295 -0.0003362974 0.1200230867 0.1199353561 -0.0355515070 -0.9921449423 0.0046006576 0.9993677735 -0.0352541730
82.7 -474.7 2377.8 0.9927710295 -0.1200116128 0.0016932993 0.1199353561 0.9914019108 -0.0523232520 0.0046006576 0.0521480925 0.9986287355
-151.1 -300.2 3141.1 0 0 0 0 0 0 0 0 0
61.2 -357.7 2826.4 0 0 0 0 0 0 0 0 0
-207.6 -815.2 2393.7 0 0 0 0 0 0 0 0 0
128.6 -853.5 2357.9 0 0 0 0 0 0 0 0 0
44.2 3.1 3188.0 25 0.9979160428 0.0640404671 0.0079009589 -0.0486141369 0.8266916871 -0.5605511069 -0.0424296111 0.5589988232 0.8280821443
30.7 -171.8 3069.8 0.9979160428 0.0640404671 0.0079009589 -0.0486141369 0.8266916871 -0.5605511069 -0.0424296111 0.5589988232 0.8280821443
16.0 -330.3 2950.9 0.9972197413 0.0743809566 0.0045026168 -0.0567849800 0.7976586223 -0.6004300714 -0.0482521094 0.5985050201 0.7996646166
-114.8 -163.5 3076.8 0.0064386385 -0.9734236002 0.2289215624 0.5983735323 0.1871680617 0.7790489197 -0.8011913896 0.1319645941 0.5836760402
-117.2 -385.4 3373.9 0.1383952200 -0.9658023715 -0.2192545235 -0.3349686265 0.1626907587 -0.9280774593 0.9320100546 0.2018848658 -0.3009978831
176.1 -180.0 3062.8 0.4196870625 0.5838745236 0.6949484348 -0.8632486463 0.4933443367 0.1068325192 -0.2804720700 -0.6447495222 0.7110791206
281.4 -396.6 2992.4 -0.7952529788 0.5838745236 0.1632889211 0.1878241450 0.4933443367 -0.8493134975 -0.5764501691 -0.6447495222 -0.5019992590
-98.3 -485.7 2846.9 0.9815157652 0.1328317225 -0.1377769113 -0.1337025613 -0.0391627029 -0.9902473688 -0.1369319856 0.9903646111 -0.0206788704
-157.6 -468.2 2404.6 0.9815157652 0.1393674314 0.1311619729 -0.1337025613 0.9897036552 -0.0510916002 -0.1369319856 0.0326105207 0.9900435209
84.1 -491.9 2828.8 0.9924184680 0.0020699659 0.1228874326 0.1228872687 -0.0336280838 -0.9918507338 0.0020793716 0.9994322658 -0.0336275063
83.2 -476.6 2373.8 0.9924184680 -0.1228546500 0.0035129804 0.1228872687 0.9913874269 -0.0452737957 0.0020793716 0.0453622527 0.9989684224
-153.7 -296.9 3127.7 0 0 0 0 0 0 0 0 0
59.2 -344.1 2831.3 0 0 0 0 0 0 0 0 0
-206.9 -818.6 2393.0 0 0 0 0 0 0 0 0 0
130.1 -855.4 2356.4 0 0 0 0 0 0 0 0 0
45.4 1.4 3187.9 26 0.9967880845 0.0757555589 0.0259740707 -0.0483300053 0.8276441693 -0.5591683984 -0.0638574064 0.5561170578 0.8286471367
29.5 -172.7 3070.9 0.9967880845 0.0757555589 0.0259740707 -0.0483300053 0.8276441693 -0.5591683984 -0.0638574064 0.5561170578 0.8286471367
13.4 -331.5 2952.7 0.9964832664 0.0808028355 0.0221800748 -0.0514973700 0.7993928790 -0.5985975862 -0.0660989806 0.5953502655 0.8007427454
-115.9 -165.2 3080.5 -0.0112570561 -0.9718938470 0.2351503372 0.5965968966 0.1821951568 0.7815862298 -0.8024621010 0.1490883231 0.5777778625
-111.7 -386.4 3378.1 0.1569864750 -0.9628809690 -0.2195803672 -0.3321188390 0.1579166949 -0.9299244285 0.9300819039 0.2189123183 -0.2950001061
174.9 -180.2 3061.3 0.4348071218 0.5983654261 0.6729795933 -0.8651816845 0.4848828316 0.1278642565 -0.2498067021 -0.6378459334 0.7285253406
283.1 -395.5 2999.1 -0.7824181914 0.5983654261 0.1725706011 0.1821535975 0.4848828316 -0.8553997278 -0.5955181718 -0.6378459334 -0.4883755445
-90.1 -483.6 2836.5 0.9780380130 0.1498579681 -0.1448592842 -0.1413073242 -0.0341422483 -0.9893768430 -0.1532118171 0.9881178737 -0.0122163892
-156.2 -468.5 2400.8 0.9780380130 0.1464094371 0.1483438462 -0.1413073242 0.9889684319 -0.0444263816 -0.1532118171 0.0224886183 0.9879374504
92.5 -494.0 2827.6 0.9896311164 0.0267772544 0.1411141157 0.1420013756 -0.0347698629 -0.9892556071 -0.0215830300 0.9990365505 -0.0382117480
80.3 -478.2 2371.9 0.9896311164 -0.1414058506 0.0251913145 0.1420013756 0.9895836115 -0.0236615464 -0.0215830300 0.0269934032 0.9994025826
-153.2 -298.6 3132.4 0 0 0 0 0 0 0 0 0
64.2 -344.5 2832.5 0 0 0 0 0 0 0 0 0
-207.6 -815.9 2392.9 0 0 0 0 0 0 0 0 0
134.3 -856.2 2361.6 0 0 0 0 0 0 0 0 0
47.4 2.6 3185.3 27 0.9930746555 0.1001260653 0.0614613555 -0.0497801341 0.8324680924 -0.5518322587 -0.1064174101 0.5449510813 0.8316872120
26.4 -172.4 3070.8 0.9930746555 0.1001260653 0.0614613555 -0.0497801341 0.8324680924 -0.5518322587 -0.1064174101 0.5449510813 0.8316872120
5.9 -332.5 2955.1 0.9930412173 0.1031887084 0.0567560717 -0.0500497036 0.8060321212 -0.5897518396 -0.1066029444 0.5828072429 0.8055877090
-118.5 -165.1 3086.4 -0.0459080413 -0.9653931856 0.2567263842 0.5877561569 0.1817007661 0.7883701324 -0.8077345490 0.1870850474 0.5590742826
-101.5 -383.0 3385.9 0.1960819960 -0.9534446597 -0.2291181982 -0.3215813935 0.1582073122 -0.9335715771 0.9263569713 0.2567367256 -0.2755884528
171.2 -179.7 3055.2 0.4268030226 0.6059315801 0.6713315845 -0.8717696667 0.4731123149 0.1272101700 -0.2405345738 -0.6395401955 0.7301585078
280.1 -402.1 2993.8 -0.7839672565 0.6059315801 0.1350639313 0.2186373621 0.4731123149 -0.8534415364 -0.5810276270 -0.6395401955 -0.5033838749
-93.9 -485.7 2840.5 0.9794305563 0.1420119405 -0.1433472484 -0.1393737346 -0.0375949107 -0.9895259142 -0.1459136307 0.9891507626 -0.0170288701
-156.9 -469.0 2401.3 0.9794305563 0.1435145289 0.1418428868 -0.1393737346 0.9894809127 -0.0387611799 -0.1459136307 0.0181947090 0.9891300201
88.7 -495.1 2828.3 0.9901521206 0.0207407307 0.1384506375 0.1392344385 -0.0429104194 -0.9893292785 -0.0145784365 0.9988636374 -0.0453756675
79.3 -475.7 2375.4 0.9901521206 -0.1385732591 0.0199050047 0.1392344385 0.9895702004 -0.0369404778 -0.0145784365 0.0393481553 0.9991192222
-153.3 -298.1 3141.2 0 0 0 0 0 0 0 0 0
60.8 -341.0 2831.3 0 0 0 0 0 0 0 0 0
-207.2 -815.2 2395.0 0 0 0 0 0 0 0 0 0
132.2 -853.7 2360.4 0 0 0 0 0 0 0 0 0
45.9 1.1 3186.0 28 0.9953498244 0.0941268653 0.0204662476 -0.0661927760 0.8227179646 -0.5645827651 -0.0699803531 0.5606026649 0.8251226544
26.0 -173.4 3067.1 0.9953498244 0.0941268653 0.0204662476 -0.0661927760 0.8227179646 -0.5645827651 -0.0699803531 0.5606026649 0.8251226544
6.3 -331.3 2948.4 0.9949427247 0.0991685987 0.0159566272 -0.0696004778 0.7952076197 -0.6023293138 -0.0724209845 0.5981725454 0.7980881929
-119.1 -163.2 3077.7 -0.0050830659 -0.9674394727 0.2530513704 0.6001346707 0.1994654089 0.7746301889 -0.7998828292 0.1558023989 0.5795800686
-117.2 -385.7 3374.3 0.1564465016 -0.9584545493 -0.2385150194 -0.3389409482 0.1747258455 -0.9244403243 0.9277087450 0.2254679650 -0.2975242436
171.1 -183.6 3056.6 0.4219929874 0.5924040079 0.6862794161 -0.8696860075 0.4783224761 0.1218764037 -0.2560628057 -0.6482785940 0.7170541883
279.2 -406.4 2990.9 -0.7991752028 0.5924040079 0.1018650234 0.2471545041 0.4783224761 -0.8426875472 -0.5479357839 -0.6482785940 -0.5286787748
-105.5 -488.1 2849.1 0.9839665890 0.1176279560 -0.1340651214 -0.1295048296 -0.0456262082 -0.9905285239 -0.1226307303 0.9920090437 -0.0296612773
-158.4 -467.6 2403.2 0.9839665890 0.1345003098 0.1171301082 -0.1295048296 0.9903525710 -0.0492981933 -0.1226307303 0.0333388597 0.9918922186
76.4 -497.3 2829.6 0.9906280041 -0.0085971598 0.1363165975 0.1356907040 -0.0522292480 -0.9893736243 0.0156255160 0.9985980988 -0.0505732000
80.3 -473.7 2377.3 0.9906280041 -0.1363485456 -0.0080745071 0.1356907040 0.9891660810 -0.0560217686 0.0156255160 0.0544010997 0.9983968735
-158.6 -296.2 3129.3 0 0 0 0 0 0 0 0 0
55.7 -337.3 2837.7 0 0 0 0 0 0 0 0 0
-205.6 -815.3 2391.5 0 0 0 0 0 0 0 0 0
132.4 -851.6 2356.5 0 0 0 0 0 0 0 0 0
45.6 3.0 3187.4 29 0.9946594238 0.0901772603 0.0502067953 -0.0471608005 0.8297882676 -0.5560820699 -0.0918069705 0.5507444739 0.8296095729
26.5 -172.6 3070.8 0.9946594238 0.0901772603 0.0502067953 -0.0471608005 0.8297882676 -0.5560820699 -0.0918069705 0.5507444739 0.8296095729
8.5 -332.1 2953.8 0.9947782159 0.0911283046 0.0459558554 -0.0460909717 0.8028757572 -0.5943619609 -0.0910600424 0.5891401768 0.8028835058
-118.6 -165.9 3084.1 -0.0350682363 -0.9688673615 0.2450840622 0.5924154520 0.1773504913 0.7858694196 -0.8048689961 0.1727506369 0.5677526593
-105.6 -385.5 3382.5 0.1824192107 -0.9579481483 -0.2214918137 -0.3264535964 0.1534813344 -0.9326690435 0.9274433851 0.2424435467 -0.2847276628
171.7 -179.4 3057.5 0.4279856682 0.5867772698 0.6874014139 -0.8711031079 0.4705042839 0.1407306045 -0.2408478111 -0.6590282321 0.7125125527
281.9 -403.7 2995.5 -0.8014234304 0.5867772698 0.1158143282 0.2210381478 0.4705042839 -0.8542644978 -0.5557541251 -0.6590282321 -0.5067732930
-104.4 -482.9 2836.2 0.9834557772 0.1222091317 -0.1337147951 -0.1292462647 -0.0438242406 -0.9906436205 -0.1269256473 0.9915363789 -0.0273041297
-157.3 -464.0 2406.9 0.9834557772 0.1354086846 0.1203295738 -0.1292462647 0.9899349213 -0.0576565824 -0.1269256473 0.0411505513 0.9910582900
77.9 -495.8 2822.9 0.9880269766 0.0028655687 0.1542544663 0.1541807801 -0.0543852560 -0.9865447283 0.0055621569 0.9985159039 -0.0541759171
76.6 -471.6 2379.2 0.9880269766 -0.1542075723 0.0047620572 0.1541807801 0.9858014584 -0.0665116534 0.0055621569 0.0664495230 0.9977743030
-153.8 -299.3 3137.6 0 0 0 0 0 0 0 0 0
57.6 -341.9 2840.0 0 0 0 0 0 0 0 0 0
-205.5 -816.7 2392.2 0 0 0 0 0 0 0 0 0
135.5 -848.2 2353.8 0 0 0 0 0 0 0 0 0
44.5 2.1 3188.1 30 0.9959822297 0.0863371417 0.0237758197 -0.0584724322 0.8280775547 -0.5575557947 -0.0678259954 0.5539254546 0.8297988772
26.3 -172.0 3071.6 0.9959822297 0.0863371417 0.0237758197 -0.0584724322 0.8280775547 -0.5575557947 -0.0678259954 0.5539254546 0.8297988772
8.4 -331.3 2954.3 0.9957379699 0.0900797993 0.0197860040 -0.0607290305 0.8018596768 -0.5944182277 -0.0694106743 0.5906832218 0.8039126396
-119.0 -163.1 3081.7 -0.0088875555 -0.9696847200 0.2441976964 0.5923109651 0.1916509420 0.7825839520 -0.8056604266 0.1515962332 0.5726516247
-115.7 -382.8 3380.5 0.1574272513 -0.9606328011 -0.2289131433 -0.3284529448 0.1676723510 -0.9295185208 0.9313083887 0.2215187401 -0.2891264856
171.6 -180.9 3061.5 0.4385001659 0.5826530457 0.6842755675 -0.8633825183 0.4845348895 0.1407001168 -0.2495760471 -0.6524885893 0.7155210972
282.8 -399.9 2998.2 -0.7990782261 0.5826530457 0.1482882351 0.1950536817 0.4845348895 -0.8527485132 -0.5687072873 -0.6524885893 -0.5008299351
-100.7 -487.4 2845.1 0.9826969504 0.1323243976 -0.1296031773 -0.1246312037 -0.0452246480 -0.9911719561 -0.1370174885 0.9901742339 -0.0279503763
-159.8 -467.2 2402.5 0.9826969504 0.1294964701 0.1324288249 -0.1246312037 0.9912080765 -0.0444256626 -0.1370174885 0.0271521974 0.9901964068
81.6 -495.9 2828.4 0.9875396490 0.0126269842 0.1568628401 0.1572937071 -0.0481168739 -0.9863789678 -0.0049072416 0.9987618923 -0.0495034680
75.9 -474.0 2374.6 0.9875396490 -0.1571197361 0.0088758059 0.1572937071 0.9872469902 -0.0245377850 -0.0049072416 0.0256281439 0.9996594787
-157.3 -296.0 3134.5 0 0 0 0 0 0 0 0 0
59.2 -345.3 2839.0 0 0 0 0 0 0 0 0 0
-205.6 -817.4 2392.9 0 0 0 0 0 0 0 0 0
135.8 -850.9 2364.8 0 0 0 0 0 0 0 0 0
43.0 2.8 3187.4 31 0.9959065914 0.0860760137 0.0275867898 -0.0567586869 0.8330588937 -0.5502648354 -0.0703460202 0.5464465618 0.8345343471
25.0 -171.5 3073.1 0.9959065914 0.0860760137 0.0275867898 -0.0567586869 0.8330588937 -0.5502648354 -0.0703460202 0.5464465618 0.8345343471
7.5 -331.4 2956.5 0.9958889484 0.0875317752 0.0233097337 -0.0569246858 0.8049401641 -0.5906190872 -0.0704608783 0.5868641138 0.8066137433
-120.4 -163.2 3083.4 -0.0124049513 -0.9702706337 0.2417043895 0.5885489583 0.1883308142 0.7862198353 -0.8083664179 0.1520078778 0.5687155128
-115.8 -381.4 3383.1 0.1600145549 -0.9610272646 -0.2254371941 -0.3235017359 0.1647124887 -0.9317813516 0.9325996041 0.2220278978 -0.2845375836
170.3 -179.8 3062.8 0.4227620065 0.5965039134 0.6822428703 -0.8657404184 0.4883748889 0.1094692647 -0.2678914368 -0.6369246840 0.7228838801
280.0 -404.3 2993.4 -0.7911717296 0.5965039134 0.1350197345 0.2242915183 0.4883748889 -0.8433168530 -0.5689820647 -0.6369246840 -0.5201792121
-100.7 -485.1 2843.3 0.9825664163 0.1345405877 -0.1283047199 -0.1230602562 -0.0466325767 -0.9913029671 -0.1393536627 0.9898102283 -0.0292630047
-160.1 -464.5 2406.1 0.9825664163 0.1286509335 0.1342095584 -0.1230602562 0.9911795259 -0.0491865203 -0.1393536627 0.0318131596 0.9897314906
81.8 -496.3 2830.6 0.9902979732 0.0040953215 0.1388998628 0.1389441192 -0.0444008298 -0.9893043637 0.0021157498 0.9990053773 -0.0445390716
79.9 -475.9 2372.0 0.9902979732 -0.1389572024 0.0009174511 0.1389441192 0.9900610447 -0.0217626896 0.0021157498 0.0216790214 0.9997627139
-158.1 -295.9 3136.8 0 0 0 0 0 0 0 0 0
58.5 -341.5 2834.1 0 0 0 0 0 0 0 0 0
-205.6 -814.7 2394.9 0 0 0 0 0 0 0 0 0
133.0 -854.0 2363.7 0 0 0 0 0 0 0 0 0
43.8 0.7 3188.6 32 0.9970326424 0.0765802637 -0.0078370813 -0.0679853633 0.8282020688 -0.5562906861 -0.0361102000 0.5551728010 0.8309507966
27.6 -173.6 3071.7 0.9970326424 0.0765802637 -0.0078370813 -0.0679853633 0.8282020688 -0.5562906861 -0.0361102000 0.5551728010 0.8309507966
11.4 -333.0 2954.2 0.9965698719 0.0819656774 -0.0114088776 -0.0727433637 0.8018992543 -0.5930143595 -0.0394580550 0.5918101668 0.8051110506
-117.8 -163.0 3077.5 0.0223287139 -0.9714206457 0.2363120764 0.5907737613 0.2035080492 0.7807501554 -0.8065282106 0.1221738309 0.5784339309
-126.1 -382.1 3376.5 0.1255358756 -0.9647535086 -0.2312821299 -0.3284578919 0.1795620471 -0.9272933006 0.9361389875 0.1923750192 -0.2943394184
173.1 -184.3 3066.0 0.4345791340 0.5935751200 0.6773548126 -0.8584556580 0.5004631281 0.1122077554 -0.2723873854 -0.6302422285 0.7270487547
282.1 -399.6 2997.7 -0.7875868678 0.5935751200 0.1654555500 0.2002341896 0.5004631281 -0.8422843814 -0.5827634335 -0.6302422285 -0.5130121708
-101.1 -486.1 2846.4 0.9823653102 0.1362188458 -0.1280736774 -0.1226164848 -0.0477600135 -0.9913042784 -0.1411511302 0.9895268679 -0.0302151032
-162.2 -464.7 2402.7 0.9823653102 0.1259821951 0.1381554604 -0.1226164848 0.9919171929 -0.0326423869 -0.1411511302 0.0151266102 0.9898725152
81.5 -496.6 2833.5 0.9918754697 0.0012448501 0.1272064000 0.1271266937 -0.0464185923 -0.9907997251 0.0046713450 0.9989212751 -0.0461997204
80.9 -475.2 2373.4 0.9918754697 -0.1272082180 -0.0010431639 0.1271266937 0.9914743304 -0.0285915080 0.0046713450 0.0282266028 0.9995906353
-159.2 -295.3 3129.2 0 0 0 0 0 0 0 0 0
61.6 -343.5 2834.5 0 0 0 0 0 0 0 0 0
-207.0 -817.5 2397.4 0 0 0 0 0 0 0 0 0
129.5 -853.9 2362.6 0 0 0 0 0 0 0 0 0
44.0 0.2 3187.7 33 0.9966081381 0.0800584406 0.0190474801 -0.0553033054 0.8229627609 -0.5653970838 -0.0609401762 0.5624259114 0.8245989084
27.2 -172.7 3069.5 0.9966081381 0.0800584406 0.0190474801 -0.0553033054 0.8229627609 -0.5653970838 -0.0609401762 0.5624259114 0.8245989084
10.3 -331.0 2950.6 0.9962610602 0.0850256234 0.0153166326 -0.0587083437 0.7963404059 -0.6019927859 -0.0633820668 0.5988427401 0.7983546257
-118.2 -164.1 3078.8 -0.0044038631 -0.9709389210 0.2392867804 0.5999171138 0.1888798773 0.7774469852 -0.8000500202 0.1469760090 0.5816510916
-116.6 -386.6 3375.4 0.1517322809 -0.9623154998 -0.2256682217 -0.3370608389 0.1642511934 -0.9270445108 0.9291756153 0.2167265117 -0.2994366586
172.6 -181.3 3060.3 0.4174438119 0.5999580622 0.6824887991 -0.8699882030 0.4807589650 0.1095050499 -0.2624141872 -0.6394694448 0.7226462960
279.7 -404.4 2993.0 -0.7908247709 0.5999580622 0.1210228726 0.2354678661 0.4807589650 -0.8446453214 -0.5649346113 -0.6394694448 -0.5214669108
-96.2 -485.6 2840.2 0.9805507660 0.1477279365 -0.1292154640 -0.1235227287 -0.0471200719 -0.9912223816 -0.1525198817 0.9879049063 -0.0279558674
-161.5 -464.8 2403.5 0.9805507660 0.1272750050 0.1494029760 -0.1235227287 0.9917532802 -0.0341699868 -0.1525198817 0.0150507428 0.9881858230
86.4 -499.0 2833.0 0.9922381043 0.0092612132 0.1240072697 0.1243274659 -0.0538264513 -0.9907801747 -0.0025009559 0.9985073805 -0.0545600802
82.2 -474.4 2376.1 0.9922381043 -0.1240867451 0.0081272386 0.1243274659 0.9912308455 -0.0447671823 -0.0025009559 0.0454301424 0.9989643693
-156.6 -297.6 3130.0 0 0 0 0 0 0 0 0 0
58.4 -338.5 2834.9 0 0 0 0 0 0 0 0 0
-206.7 -816.8 2398.1 0 0 0 0 0 0 0 0 0
129.6 -853.0 2358.7 0 0 0 0 0 0 0 0 0
44.6 2.8 3187.2 34 0.9945996404 0.0932349190 0.0455945320 -0.0522911325 0.8296449184 -0.5558371544 -0.0896507055 0.5504512191 0.8300398588
24.9 -172.2 3071.2 0.9945996404 0.0932349190 0.0455945320 -0.0522911325 0.8296449184 -0.5558371544 -0.0896507055 0.5504512191 0.8300398588
4.9 -331.3 2954.0 0.9940759540 0.1007198691 0.0408480018 -0.0566943921 0.8011686802 -0.5957469940 -0.0927297026 0.5899019241 0.8021327257
-120.1 -163.9 3084.7 -0.0299851932 -0.9666212797 0.2544488311 0.5936856866 0.1875731051 0.7825303078 -0.8041381836 0.1745269597 0.5682448149
-109.0 -384.0 3382.9 0.1803894043 -0.9558472633 -0.2319821715 -0.3294672072 0.1635074764 -0.9299014211 0.9267745614 0.2441748828 -0.2854252756
170.0 -180.4 3057.6 0.4375594854 0.5764176250 0.6901336312 -0.8631875515 0.4842654765 0.1428082287 -0.2518906891 -0.6582018733 0.7094514966
279.8 -397.1 2994.4 -0.7981902361 0.5764176250 0.1750287265 0.1611427665 0.4842654765 -0.8599534631 -0.5804526806 -0.6582018733 -0.4794214964
-97.9 -483.8 2837.4 0.9809338450 0.1443865448 -0.1300821006 -0.1251551509 -0.0427365266 -0.9912163019 -0.1486775428 0.9885980487 -0.0238509849
-160.1 -465.4 2411.2 0.9809338450 0.1325261593 0.1421465576 -0.1251551509 0.9903430939 -0.0596387498 -0.1486775428 0.0407112949 0.9880473614
84.7 -494.6 2825.8 0.9919586778 0.0070128250 0.1263675839 0.1265523583 -0.0426205620 -0.9910438657 -0.0015641601 0.9990667105 -0.0431653261
81.5 -475.4 2376.2 0.9919586778 -0.1264086962 0.0062280972 0.1265523583 0.9912894368 -0.0364665315 -0.0015641601 0.0369614735 0.9993154407
-156.7 -297.0 3138.1 0 0 0 0 0 0 0 0 0
57.0 -352.1 2832.3 0 0 0 0 0 0 0 0 0
-206.9 -815.1 2396.9 0 0 0 0 0 0 0 0 0
129.8 -854.1 2362.1 0 0 0 0 0 0 0 0 0
43.5 2.2 3188.5 35 0.9906999469 0.1135428175 0.0749779642 -0.0508523472 0.8200868964 -0.5699749589 -0.1262050122 0.5608613491 0.8182339668
19.7 -170.2 3070.6 0.9906999469 0.1135428175 0.0749779642 -0.0508523472 0.8200868964 -0.5699749589 -0.1262050122 0.5608613491 0.8182339668
-3.7 -328.2 2952.4 0.9905722737 0.1177347451 0.0700360313 -0.0517435260 0.7949345112 -0.6044846773 -0.1268429160 0.5951618552 0.7935321331
-124.9 -162.6 3089.1 -0.0592398867 -0.9608365297 0.2707099020 0.6024886370 0.1818095148 0.7771440148 -0.7959259748 0.2091375589 0.5681226850
-102.9 -386.0 3384.2 0.2127591819 -0.9476307034 -0.2381796688 -0.3390633166 0.1570117176 -0.9275685549 0.9163894653 0.2781067193 -0.2879011333
164.2 -177.7 3052.0 0.4565395713 0.5824563503 0.6725445986 -0.8581100702 0.4879189432 0.1599443704 -0.2349866182 -0.6501381993 0.7225660086
280.0 -395.3 2992.5 -0.7864328623 0.5824563503 0.2055917084 0.1359594911 0.4879189432 -0.8622355461 -0.6025266647 -0.6501381993 -0.4629059434
-106.2 -485.3 2845.3 0.9837337136 0.1263220459 -0.1277135313 -0.1223874539 -0.0490936413 -0.9912674427 -0.1314888597 0.9907737374 -0.0328348354
-161.8 -463.7 2408.9 0.9837337136 0.1285340786 0.1254870445 -0.1223874539 0.9909264445 -0.0555527769 -0.1314888597 0.0392910987 0.9905387163
76.0 -495.8 2828.3 0.9914044738 -0.0094676875 0.1304894090 0.1300562769 -0.0371611044 -0.9908099771 0.0142298099 0.9992644191 -0.0356103517
80.3 -479.1 2380.3 0.9914044738 -0.1306537837 -0.0068348064 0.1300562769 0.9898593426 -0.0571304746 0.0142298099 0.0557505004 0.9983433485
-159.1 -296.5 3142.2 0 0 0 0 0 0 0 0 0
60.1 -357.3 2824.0 0 0 0 0 0 0 0 0 0
-207.6 -816.5 2394.9 0 0 0 0 0 0 0 0 0
130.2 -857.3 2359.0 0 0 0 0 0 0 0 0 0
45.3 1.5 3190.1 36 0.9949716926 0.0926805511 0.0379684493 -0.0545088127 0.8191147447 -0.5710340142 -0.0840242654 0.5660930872 0.8200479150
25.8 -171.2 3070.8 0.9949716926 0.0926805511 0.0379684493 -0.0545088127 0.8191147447 -0.5710340142 -0.0840242654 0.5660930872 0.8200479150
6.9 -329.1 2951.7 0.9948740005 0.0952202603 0.0340418778 -0.0553480349 0.7944871187 -0.6047535539 -0.0846306160 0.5997694135 0.7956848145
-119.3 -163.1 3083.2 -0.0231610648 -0.9681903124 0.2491407841 0.6027182341 0.1853030026 0.7761401534 -0.7976179123 0.1681379229 0.5792541504
-110.8 -386.6 3378.9 0.1723782122 -0.9580184817 -0.2290990204 -0.3398565054 0.1604557335 -0.9266884327 0.9245449305 0.2376016974 -0.2979297340
171.0 -179.2 3058.4 0.4136269689 0.6207694411 0.6660014987 -0.8697862029 0.4855952561 0.0875738636 -0.2690440118 -0.6155018210 0.7407920361
275.6 -399.4 2990.3 -0.7450351715 0.6207694411 0.2440652847 0.1209848821 0.4855952561 -0.8657712936 -0.6559613347 -0.6155018210 -0.4368892908
-117.9 -481.4 2845.8 0.9867426753 0.0966627151 -0.1303656548 -0.1274105906 -0.0361642726 -0.9911905527 -0.1005257517 0.9946599603 -0.0233689770
-160.4 -465.5 2408.6 0.9867426753 0.1322405785 0.0940814242 -0.1274105906 0.9902881384 -0.0556412749 -0.1005257517 0.0429166518 0.9940084219
63.6 -490.9 2822.6 0.9906400442 -0.0376208611 0.1312135160 0.1302075535 -0.0280576870 -0.9910897017 0.0409671925 0.9988980889 -0.0228965469
80.3 -478.4 2378.8 0.9906400442 -0.1324150115 -0.0331448615 0.1302075535 0.9895659685 -0.0616861172 0.0409671925 0.0567930229 0.9975451231
-156.3 -296.8 3134.7 0 0 0 0 0 0 0 0 0
67.6 -365.6 2807.2 0 0 0 0 0 0 0 0 0
-207.4 -817.1 2393.3 0 0 0 0 0 0 0 0 0
130.9 -856.5 2357.1 0 0 0 0 0 0 0 0 0
45.8 0.8 3188.9 37 0.9941554070 0.0963488668 0.0487022437 -0.0518937372 0.8220694661 -0.5670174360 -0.0946681201 0.5611761212 0.8222647309
25.6 -171.4 3071.4 0.9941554070 0.0963488668 0.0487022437 -0.0518937372 0.8220694661 -0.5670174360 -0.0946681201 0.5611761212 0.8222647309
6.4 -329.8 2953.0 0.9943056107 0.0968055874 0.0445530973 -0.0506344996 0.7970419526 -0.6017975211 -0.0937680528 0.5961147547 0.7974050045
-119.5 -164.0 3085.1 -0.0336806923 -0.9674999118 0.2506182492 0.5998103023 0.1810124069 0.7793985605 -0.7994330525 0.1765740961 0.5742198229
-107.0 -386.4 3381.5 0.1827461571 -0.9565524459 -0.2271810770 -0.3357600570 0.1564589143 -0.9288626313 0.9240503311 0.2460244149 -0.2925798297
170.8 -178.8 3057.7 0.4010489881 0.6438094974 0.6516663432 -0.8751785159 0.4794186354 0.0649645403 -0.2705962062 -0.5963783264 0.7557185888
272.6 -401.0 2989.0 -0.7161116600 0.6438094974 0.2696172595 0.1028796807 0.4794186354 -0.8715351820 -0.6903621554 -0.5963783264 -0.4095521867
-103.1 -481.9 2840.4 0.9826578498 0.1308286786 -0.1314054579 -0.1271578968 -0.0403444283 -0.9910616279 -0.1349607557 0.9905837774 -0.0230088700
-160.1 -464.3 2408.8 0.9826578498 0.1336318105 0.1285537928 -0.1271578968 0.9902231097 -0.0573503152 -0.1349607557 0.0400091074 0.9900428653
79.1 -492.0 2824.9 0.9907091260 -0.0013919889 0.1359907985 0.1358866096 -0.0303188097 -0.9902603626 0.0055015106 0.9995393157 -0.0298479684
79.7 -478.4 2375.3 0.9907091260 -0.1359952688 0.0008501930 0.1358866096 0.9896259308 -0.0466404743 0.0055015106 0.0463226698 0.9989113808
-155.3 -297.7 3137.4 0 0 0 0 0 0 0 0 0
72.5 -372.2 2796.1 0 0 0 0 0 0 0 0 0
-207.7 -816.8 2394.5 0 0 0 0 0 0 0 0 0
131.7 -856.5 2357.6 0 0 0 0 0 0 0 0 0
45.4 0.7 3188.4 38 0.9952120185 0.0924915969 0.0315957889 -0.0585810319 0.8232308626 -0.5646761656 -0.0782384276 0.5601215959 0.8247075081
26.0 -171.6 3071.1 0.9952120185 0.0924915969 0.0315957889 -0.0585810319 0.8232308626 -0.5646761656 -0.0782384276 0.5601215959 0.8247075081
6.9 -330.1 2952.9 0.9950022101 0.0959922224 0.0274965540 -0.0603854880 0.7977700233 -0.5999304652 -0.0795245841 0.5952717662 0.7995795012
-119.2 -162.8 3082.7 -0.0166160762 -0.9681230783 0.2499232292 0.5978338122 0.1907361001 0.7785977721 -0.8014478087 0.1623498052 0.5756074190
-113.1 -384.4 3379.9 0.1664261669 -0.9583952427 -0.2319070250 -0.3348654509 0.1662763953 -0.9274789691 0.9274521470 0.2320144325 -0.2932607234
171.3 -180.4 3059.5 0.3970573246 0.6641772985 0.6334145665 -0.8796613216 0.4722667038 0.0562146120 -0.2618041337 -0.5795107484 0.7717680335
270.7 -400.7 2994.0 -0.6890072823 0.6641772985 0.2900645435 0.0859318301 0.4722667038 -0.8772570491 -0.7196420431 -0.5795107484 -0.3824691772
-104.0 -483.5 2843.2 0.9834994674 0.1305564791 -0.1252351701 -0.1212203205 -0.0382899791 -0.9918868542 -0.1342924982 0.9907011986 -0.0218320768
-161.5 -466.7 2406.5 0.9834994674 0.1270298958 0.1288108975 -0.1212203205 0.9912619591 -0.0520126149 -0.1342924982 0.0355398804 0.9903042316
78.3 -492.8 2826.0 0.9893209934 0.0008019601 0.1457508206 0.1457060426 -0.0308314506 -0.9888473749 0.0037006929 0.9995242953 -0.0306190513
77.9 -478.9 2374.8 0.9893209934 -0.1457463801 0.0013920394 0.1457060426 0.9887144566 -0.0348346382 0.0037006929 0.0346654691 0.9993920922
-157.0 -296.0 3134.9 0 0 0 0 0 0 0 0 0
78.1 -376.7 2792.8 0 0 0 0 0 0 0 0 0
-206.2 -815.1 2394.0 0 0 0 0 0 0 0 0 0
133.6 -856.7 2361.5 0 0 0 0 0 0 0 0 0
44.7 1.9 3187.6 39 0.9962050319 0.0858791173 0.0141511159 -0.0640271828 0.8332210779 -0.5492205024 -0.0589575805 0.5462301970 0.8355576396
26.8 -172.0 3073.6 0.9962050319 0.0858791173 0.0141511159 -0.0640271828 0.8332210779 -0.5492205024 -0.0589575805 0.5462301970 0.8355576396
9.1 -332.0 2957.2 0.9959972501 0.0888369828 0.0098719494 -0.0659758672 0.8051804900 -0.5893484354 -0.0603046343 0.5863381028 0.8078186512
-118.6 -162.3 3082.4 0.0010309147 -0.9700231552 0.2430103719 0.5871775150 0.1972939670 0.7850462794 -0.8094575405 0.1418808997 0.5697791576
-119.0 -380.1 3382.5 0.1476932764 -0.9616985917 -0.2309166789 -0.3232403398 0.1737200618 -0.9302349091 0.9347204566 0.2120310217 -0.2852024734
172.2 -181.6 3064.8 0.3908466399 0.6568775773 0.6447873712 -0.8728553653 0.4868544042 0.0331098884 -0.2921684384 -0.5757470131 0.7636445165
270.9 -402.0 2991.0 -0.6934150457 0.6568775773 0.2961206436 0.0901760533 0.4868544042 -0.8688158989 -0.7148733139 -0.5757470131 -0.3968268037
-103.4 -483.1 2841.9 0.9834492207 0.1323016882 -0.1237899587 -0.1189792007 -0.0436997004 -0.9919345975 -0.1366441995 0.9902456999 -0.0272352863
-161.4 -464.0 2408.0 0.9834492207 0.1252765357 0.1308948994 -0.1189792007 0.9913777113 -0.0549018197 -0.1366441995 0.0384193771 0.9898748994
79.0 -494.2 2827.3 0.9908250570 -0.0023360068 0.1351304352 0.1349908561 -0.0314963758 -0.9903461337 0.0065695741 0.9995011091 -0.0308920592
80.1 -480.0 2376.3 0.9908250570 -0.1351329386 -0.0021865384 0.1349908561 0.9903106689 -0.0325917713 0.0065695741 0.0319975838 0.9994663596
-158.0 -294.7 3135.6 0 0 0 0 0 0 0 0 0
76.8 -376.8 2791.0 0 0 0 0 0 0 0 0 0
-205.7 -815.1 2394.4 0 0 0 0 0 0 0 0 0
131.7 -858.4 2364.1 0 0 0 0 0 0 0 0 0
44.4 1.6 3187.2 40 0.9959304333 0.0890591815 0.0138226347 -0.0666816905 0.8313262463 -0.5517700911 -0.0606313124 0.5486028790 0.8338817358
25.8 -172.0 3072.6 0.9959304333 0.0890591815 0.0138226347 -0.0666816905 0.8313262463 -0.5517700911 -0.0606313124 0.5486028790 0.8338817358
6.8 -331.3 2955.4 0.9953765869 0.0956164673 0.0091056498 -0.0715787858 0.8016596437 -0.5934798121 -0.0640460774 0.5900841355 0.8047973514
-119.5 -161.6 3081.9 0.0017784772 -0.9683447480 0.2496102154 0.5912525058 0.2023256570 0.7806950808 -0.8064845204 0.1461942196 0.5728961229
-120.2 -380.8 3381.0 0.1489380598 -0.9599226713 -0.2374151796 -0.3288402557 0.1783478409 -0.9273921251 0.9325671792 0.2161956578 -0.2890984416
171.1 -182.4 3063.3 0.4170400798 0.6316594481 0.6535165310 -0.8645919561 0.4974429011 0.0709316209 -0.2802825272 -0.5946065187 0.7535813451
274.8 -397.3 2993.6 -0.7158605456 0.6316594481 0.2975734472 0.0798571929 0.4974429011 -0.8638132811 -0.6936616302 -0.5946065187 -0.4065423012
-99.9 -485.9 2846.2 0.9819135070 0.1386853904 -0.1288886368 -0.1235467643 -0.0464971513 -0.9912487864 -0.1434646845 0.9892443419 -0.0285220463
-161.5 -465.3 2407.1 0.9819135070 0.1292309761 0.1383664459 -0.1235467643 0.9911308885 -0.0489466786 -0.1434646845 0.0309666768 0.9891708493
82.7 -498.0 2835.2 0.9914102554 0.0040425682 0.1307264119 0.1307814568 -0.0413056761 -0.9905503988 0.0013953754 0.9991383553 -0.0414795615
80.9 -479.1 2377.6 0.9914102554 -0.1307182163 0.0042993925 0.1307814568 0.9904673100 -0.0432516858 0.0013953754 0.0434424467 0.9990549684
-159.5 -293.9 3134.7 0 0 0 0 0 0 0 0 0
74.4 -374.9 2799.5 0 0 0 0 0 0 0 0 0
-207.3 -816.7 2396.1 0 0 0 0 0 0 0 0 0
130.8 -857.5 2361.0 0 0 0 0 0 0 0 0 0
46.4 3.5 3187.0 41 0.9958786368 0.0813096613 0.0401801430 -0.0443097353 0.8227401972 -0.5666879416 -0.0791350231 0.5625720620 0.8229522109
29.4 -168.4 3069.4 0.9958786368 0.0813096613 0.0401801430 -0.0443097353 0.8227401972 -0.5666879416 -0.0791350231 0.5625720620 0.8229522109
11.8 -326.5 2950.2 0.9954430461 0.0882036313 0.0362383612 -0.0484674387 0.7952718735 -0.6043124795 -0.0821219012 0.5998022556 0.7959228754
-116.0 -161.4 3081.3 -0.0253388807 -0.9698707461 0.2422986776 0.6023522019 0.1786243170 0.7779878974 -0.7978281379 0.1656624824 0.5796776414
-106.6 -384.7 3377.2 0.1724107414 -0.9597011805 -0.2219192684 -0.3384315968 0.1538648158 -0.9283262491 0.9250614047 0.2351579070 -0.2982652485
174.7 -175.5 3057.4 0.3884189129 0.6388159394 0.6641121507 -0.8839155436 0.4619777203 0.0725942850 -0.2604306340 -0.6152160168 0.7441002131
273.7 -400.9 2991.0 -0.7299423814 0.6388159394 0.2431014031 0.1112658158 0.4619777203 -0.8798843622 -0.6743916273 -0.6152160168 -0.4082955122
-103.5 -484.0 2844.0 0.9823893309 0.1290191710 -0.1351489574 -0.1306208372 -0.0429750532 -0.9905005693 -0.1336015910 0.9907104373 -0.0253656413
-160.5 -465.1 2406.5 0.9823893309 0.1360839307 0.1280326098 -0.1306208372 0.9901617169 -0.0501792766 -0.1336015910 0.0325718597 0.9904997349
79.0 -497.2 2832.3 0.9925274253 -0.0070668203 0.1218170077 0.1213762313 -0.0453799814 -0.9915686846 0.0125352917 0.9989448190 -0.0441831313
82.2 -476.5 2376.7 0.9925274253 -0.1217169240 -0.0086205155 0.1213762313 0.9920669794 -0.0327248052 0.0125352917 0.0314339437 0.9994271994
-152.1 -295.3 3132.8 0 0 0 0 0 0 0 0 0
69.5 -369.8 2802.3 0 0 0 0 0 0 0 0 0
-208.4 -813.6 2395.1 0 0 0 0 0 0 0 0 0
128.7 -855.5 2364.6 0 0 0 0 0 0 0 0 0
45.4 1.7 3186.9 42 0.9957086444 0.0880111903 0.0286065415 -0.0560304262 0.8193457127 -0.5705551505 -0.0736538842 0.5665038824 0.8207609057
27.0 -169.3 3068.6 0.9957086444 0.0880111903 0.0286065415 -0.0560304262 0.8193457127 -0.5705551505 -0.0736538842 0.5665038824 0.8207609057
8.1 -327.0 2949.2 0.9951924682 0.0947897360 0.0246339850 -0.0605843663 0.7934566140 -0.6056039333 -0.0769510344 0.6012000442 0.7953848243
-118.3 -160.5 3079.8 -0.0137494821 -0.9684662819 0.2487650663 0.6035122275 0.1903239340 0.7743059993 -0.7972351909 0.1607790738 0.5818643570
-113.2 -384.2 3375.4 0.1633746624 -0.9589670897 -0.2317127287 -0.3415587544 0.1653635949 -0.9251986146 0.9255518913 0.2302975208 -0.3005273938
172.3 -178.2 3057.4 0.4289244413 0.6383343339 0.6391815543 -0.8715384007 0.4785179198 0.1069644392 -0.2375807762 -0.6029509306 0.7615809441
279.1 -395.3 2998.3 -0.7124651670 0.6383343339 0.2914149165 0.0707420558 0.4785179198 -0.8752234578 -0.6981324553 -0.6029509306 -0.3860844374
-97.0 -480.0 2838.5 0.9803447127 0.1446753740 -0.1341390908 -0.1304528117 -0.0347159393 -0.9908465147 -0.1480078548 0.9888699651 -0.0151602793
-160.4 -464.8 2405.6 0.9803447127 0.1365171671 0.1424335837 -0.1304528117 0.9901355505 -0.0511240289 -0.1480078548 0.0315383114 0.9884831905
85.5 -488.9 2823.5 0.9919454455 0.0086553460 0.1263696700 0.1265576780 -0.0265229959 -0.9916046262 -0.0052309791 0.9996107221 -0.0274047665
81.6 -477.2 2381.3 0.9919454455 -0.1260294616 0.0126799587 0.1265576780 0.9902548790 -0.0581245944 -0.0052309791 0.0592611730 0.9982287884
-156.4 -294.0 3131.0 0 0 0 0 0 0 0 0 0
79.9 -375.5 2803.0 0 0 0 0 0 0 0 0 0
-208.5 -814.0 2394.5 0 0 0 0 0 0 0 0 0
129.8 -855.4 2358.7 0 0 0 0 0 0 0 0 0
44.9 -1.3 3186.8 43 0.9965252876 0.0826154351 0.0105842166 -0.0615564063 0.8161204457 -0.5745940208 -0.0561083257 0.5719459057 0.8183701634
27.5 -172.7 3066.7 0.9965252876 0.0826154351 0.0105842166 -0.0615564063 0.8161204457 -0.5745940208 -0.0561083257 0.5719459057 0.8183701634
9.7 -329.8 2946.3 0.9959623218 0.0895037800 0.0069359248 -0.0668116957 0.7906201482 -0.6086509824 -0.0599602424 0.6057300568 0.7934077978
-117.9 -162.9 3075.4 0.0039652060 -0.9698517323 0.2436635345 0.6064948440 0.1960668564 0.7705334425 -0.7950775027 0.1447253674 0.5889875293
-119.3 -387.8 3370.2 0.1451094598 -0.9617195129 -0.2324625105 -0.3459957838 0.1707913578 -0.9225601554 0.9269466996 0.2143032551 -0.3079674542
172.9 -182.5 3057.9 0.4164124131 0.6375958323 0.6481298208 -0.8720039725 0.4818426371 0.0862364918 -0.2573125362 -0.6010817289 0.7566313744
277.8 -402.0 2993.2 -0.7411388159 0.6375958323 0.2102018297 0.1707661003 0.4818426371 -0.8594571948 -0.6492705345 -0.6010817289 -0.4659920335
-102.0 -479.1 2836.8 0.9825173616 0.1400325447 -0.1226807460 -0.1196906343 -0.0296110585 -0.9923695326 -0.1425967366 0.9897040129 -0.0123327943
-163.1 -466.1 2404.9 0.9825173616 0.1246312708 0.1382994056 -0.1196906343 0.9918571115 -0.0435163192 -0.1425967366 0.0262023956 0.9894340038
80.5 -490.2 2822.7 0.9907259345 0.0027106542 0.1358484626 0.1358679086 -0.0303349644 -0.9902624488 0.0014366992 0.9995360970 -0.0304219276
79.3 -476.7 2377.7 0.9907259345 -0.1358323693 0.0034232293 0.1358679086 0.9900897145 -0.0355291106 0.0014366992 0.0356647186 0.9993627667
-157.7 -296.4 3125.4 0 0 0 0 0 0 0 0 0
71.7 -354.5 2812.6 0 0 0 0 0 0 0 0 0
-206.8 -814.1 2395.7 0 0 0 0 0 0 0 0 0
131.2 -854.8 2364.1 0 0 0 0 0 0 0 0 0
45.6 -0.7 3186.3 44 0.9958859682 0.0821211860 0.0383048430 -0.0451987572 0.8165594339 -0.5754891634 -0.0785380304 0.5713902116 0.8169118762
28.3 -173.1 3065.6 0.9958859682 0.0821211860 0.0383048430 -0.0451987572 0.8165594339 -0.5754891634 -0.0785380304 0.5713902116 0.8169118762
11.2 -330.4 2945.4 0.9957123995 0.0857209638 0.0347668007 -0.0468615964 0.7914875746 -0.6093860865 -0.0797546506 0.6051440239 0.7921110392
-117.0 -166.3 3077.3 -0.0238601044 -0.9705072045 0.2398883253 0.6074498892 0.1765053421 0.7745001316 -0.7939995527 0.1641997993 0.5853230953
-108.2 -391.5 3371.7 0.1703002155 -0.9604969621 -0.2200987935 -0.3441953361 0.1513098180 -0.9266255498 0.9233241081 0.2335615009 -0.3048304617
173.6 -180.0 3054.0 0.4317421913 0.6228013635 0.6524700522 -0.8752744198 0.4640430510 0.1362303793 -0.2179297209 -0.6299067140 0.7454690933
