43.7 5.1 3186.8 1 0.9991968274 0.0236839261 -0.0323220529 -0.0381035693 0.8112090826 -0.5835134387 0.0124000534 0.5842763782 0.8114600182
38.7 -165.0 3064.3 0.9991968274 0.0236839261 -0.0323220529 -0.0381035693 0.8112090826 -0.5835134387 0.0124000534 0.5842763782 0.8114600182
31.8 -320.6 2941.0 0.9988271594 0.0347946696 -0.0336695239 -0.0481815524 0.7829264402 -0.6202456951 0.0047795163 0.6211404800 0.7836846709
-107.0 -158.0 3063.6 0.2918749452 -0.9451001883 0.1469512582 0.7095923424 0.3169887364 0.6292827725 -0.6413171887 -0.0793963820 0.7631568909
-205.7 -397.9 3280.5 -0.0981535986 -0.9451001883 -0.3116914034 -0.0436227657 0.3169887364 -0.9474255443 0.9942147136 -0.0793963820 -0.0723414719
184.5 -172.1 3065.0 0.5118609071 0.7900056839 0.3374750614 -0.8471949100 0.3991178870 0.3506646156 0.1423347145 -0.4653986692 0.8735816479
320.3 -396.9 3102.8 -0.5541034341 0.7900056839 0.2624126375 0.1398951113 0.3991178870 -0.9061645865 -0.8206087351 -0.4653986692 -0.3316705227
-76.6 -472.6 2822.4 0.9737883806 0.1846432984 -0.1328271627 -0.1336151809 -0.0082250163 -0.9909991622 -0.1840738654 0.9827711582 0.0166617241
-156.1 -469.0 2399.2 0.9737883806 0.1384986192 0.1804282069 -0.1336151809 0.9902654290 -0.0390043519 -0.1840738654 0.0138740363 0.9828144908
106.4 -479.9 2816.3 0.9882725477 0.0647093207 0.1383116096 0.1388936192 -0.0045619509 -0.9902967811 -0.0634504631 0.9978937507 -0.0134961624
78.1 -477.9 2380.3 0.9882725477 -0.1352265924 0.0709307119 0.1388936192 0.9890653491 -0.0495808683 -0.0634504631 0.0588512346 0.9962482452
-180.4 -386.7 3024.0 0 0 0 0 0 0 0 0 0
176.5 -360.6 2889.8 0 0 0 0 0 0 0 0 0
-204.2 -812.8 2394.4 0 0 0 0 0 0 0 0 0
129.8 -855.8 2357.8 0 0 0 0 0 0 0 0 0
42.5 4.1 3187.8 2 0.9990553260 0.0105697084 -0.0421513878 -0.0333928615 0.8074488640 -0.5889917016 0.0278096218 0.5898428559 0.8070390224
40.3 -164.4 3064.7 0.9990553260 0.0105697084 -0.0421513878 -0.0333928615 0.8074488640 -0.5889917016 0.0278096218 0.5898428559 0.8070390224
36.7 -319.5 2940.6 0.9989234209 0.0179468226 -0.0427781120 -0.0407392830 0.7804497480 -0.6238898039 0.0221893284 0.6249608994 0.7803406715
-105.6 -158.5 3061.5 0.2977366447 -0.9459043741 0.1289101541 0.7144057155 0.3103384674 0.6271479130 -0.6332277060 -0.0946307704 0.7681586146
-206.3 -400.1 3275.7 -0.1152887121 -0.9459043741 -0.3032712638 -0.0488697104 0.3103384674 -0.9493691325 0.9921291471 -0.0946307704 -0.0820045918
186.1 -170.4 3067.9 0.5158002973 0.7950350046 0.3191698194 -0.8438331485 0.4071263671 0.3495621383 0.1479716897 -0.4496303201 0.8808728456
323.0 -394.4 3107.2 -0.5406094790 0.7950350046 0.2750649154 0.1394512504 0.4071263671 -0.9026635289 -0.8296353221 -0.4496303201 -0.3309650123
-66.6 -471.8 2817.2 0.9692813754 0.2135169059 -0.1220826954 -0.1222358942 -0.0125356102 -0.9924219251 -0.2134292424 0.9768589139 0.0139488969
-157.6 -466.4 2400.8 0.9692813754 0.1287163645 0.2095847130 -0.1222358942 0.9915411472 -0.0436415002 -0.2134292424 0.0166821163 0.9768160582
116.4 -480.6 2818.1 0.9868208170 0.0876343474 0.1360327154 0.1372078657 -0.0075004110 -0.9905138612 -0.0857827365 0.9961244464 -0.0194256846
77.8 -477.3 2379.8 0.9868208170 -0.1313731968 0.0944762379 0.1372078657 0.9888342619 -0.0581443161 -0.0857827365 0.0703409091 0.9938277006
-176.5 -387.5 3019.6 0 0 0 0 0 0 0 0 0
182.6 -358.2 2891.8 0 0 0 0 0 0 0 0 0
-202.6 -813.3 2394.9 0 0 0 0 0 0 0 0 0
128.0 -855.2 2352.9 0 0 0 0 0 0 0 0 0
43.0 4.6 3173.8 3 0.9977728724 0.0021755903 -0.0666676089 -0.0405586846 0.8132658005 -0.5804771781 0.0529556014 0.5818883181 0.8115428090
42.6 -165.5 3052.1 0.9977728724 0.0021755903 -0.0666676089 -0.0405586846 0.8132658005 -0.5804771781 0.0529556014 0.5818883181 0.8115428090
39.9 -322.8 2930.8 0.9976711869 0.0131078633 -0.0669355989 -0.0512366630 0.7918043137 -0.6086220145 0.0450221598 0.6106342077 0.7906319499
-103.1 -158.0 3045.5 0.3197870255 -0.9399405122 0.1193654984 0.6990511417 0.3190973103 0.6399253011 -0.6395809054 -0.1211972386 0.7591096759
-211.2 -394.5 3261.8 -0.1374718547 -0.9399405122 -0.3124313653 -0.0288936831 0.3190973103 -0.9472814202 0.9900841713 -0.1211972386 -0.0710252449
188.2 -172.9 3058.7 0.5028650761 0.8091893792 0.3038737178 -0.8464701772 0.3898544610 0.3626316488 0.1749711484 -0.4395748675 0.8809989095
321.7 -397.6 3105.1 -0.5207830667 0.8091893792 0.2720248699 0.1295262724 0.3898544610 -0.9117217064 -0.8438056111 -0.4395748675 -0.3078408837
-58.4 -470.8 2814.4 0.9653153419 0.2302326858 -0.1231227517 -0.1257772148 -0.0031693371 -0.9920534492 -0.2287933379 0.9731304646 0.0258986149
-155.5 -469.5 2404.2 0.9653153419 0.1367031038 0.2224377692 -0.1257772148 0.9900792837 -0.0626343861 -0.2287933379 0.0324843302 0.9729328752
124.7 -478.3 2818.5 0.9814506173 0.1132166013 0.1547148824 0.1552977562 0.0037068045 -0.9878607392 -0.1124157384 0.9935634136 -0.0139442394
74.7 -480.0 2380.0 0.9814506173 -0.1492163092 0.1203710213 0.1552977562 0.9869409800 -0.0427792370 -0.1124157384 0.0606790558 0.9918068051
-175.8 -387.0 3006.3 0 0 0 0 0 0 0 0 0
186.5 -364.0 2886.0 0 0 0 0 0 0 0 0 0
-202.9 -813.1 2392.9 0 0 0 0 0 0 0 0 0
131.7 -857.0 2356.8 0 0 0 0 0 0 0 0 0
43.0 3.3 3180.3 4 0.9995020032 0.0120793190 -0.0291519258 -0.0268941764 0.8093271255 -0.5867421031 0.0165060014 0.5872339010 0.8092489839
40.4 -166.1 3057.3 0.9995020032 0.0120793190 -0.0291519258 -0.0268941764 0.8093271255 -0.5867421031 0.0165060014 0.5872339010 0.8092489839
36.1 -322.6 2935.0 0.9993231893 0.0216208268 -0.0297608022 -0.0353658572 0.7872737050 -0.6155886054 0.0101203630 0.6162244678 0.7875055075
-105.4 -161.0 3055.9 0.2862045169 -0.9485692382 0.1352900714 0.7090590000 0.3046411872 0.6359473467 -0.6444550157 -0.0860823616 0.7597812414
-202.2 -400.8 3273.8 -0.1025445759 -0.9485692382 -0.2995013297 -0.0384254195 0.3046411872 -0.9516917467 0.9939859509 -0.0860823616 -0.0676884726
186.3 -171.3 3058.8 0.5219703317 0.7871362567 0.3285779953 -0.8395923376 0.4061946273 0.3606807590 0.1504382938 -0.4641362131 0.8728951216
324.8 -394.0 3098.8 -0.5517097116 0.7871362567 0.2757406533 0.1272741854 0.4061946273 -0.9048796892 -0.8242679834 -0.4641362131 -0.3242836297
-54.1 -475.5 2805.4 0.9606302381 0.2465116382 -0.1281467676 -0.1290536821 -0.0125435162 -0.9915582538 -0.2460380644 0.9690586329 0.0197635517
-156.0 -470.3 2405.0 0.9606302381 0.1413712054 0.2391730845 -0.1290536821 0.9894065261 -0.0664820969 -0.2460380644 0.0329985470 0.9686982632
128.7 -484.8 2813.7 0.9813668132 0.1208062544 0.1494155526 0.1517986506 -0.0107180309 -0.9883533120 -0.1177978218 0.9926182628 -0.0288565475
75.9 -480.1 2379.3 0.9813668132 -0.1448701024 0.1262212843 0.1517986506 0.9872899652 -0.0470710360 -0.1177978218 0.0653541759 0.9908847213
-175.7 -390.8 3017.3 0 0 0 0 0 0 0 0 0
181.6 -361.0 2884.8 0 0 0 0 0 0 0 0 0
-204.9 -812.8 2393.6 0 0 0 0 0 0 0 0 0
131.2 -857.4 2354.3 0 0 0 0 0 0 0 0 0
43.7 0.9 3183.5 5 0.9990592599 0.0300097913 -0.0313059166 -0.0427072793 0.8062315583 -0.5900565386 0.0075323451 0.5908384323 0.8067547083
37.5 -167.0 3060.5 0.9990592599 0.0300097913 -0.0313059166 -0.0427072793 0.8062315583 -0.5900565386 0.0075323451 0.5908384323 0.8067547083
30.2 -323.0 2937.6 0.9988078475 0.0364571474 -0.0324624702 -0.0487256385 0.7848694921 -0.6177424192 0.0029576765 0.6185877323 0.7857102156
-108.4 -159.9 3060.0 0.2910974622 -0.9449918270 0.1491733044 0.7071400285 0.3175554574 0.6317527294 -0.6443719864 -0.0784152001 0.7606811523
-206.8 -399.2 3278.0 -0.0961498842 -0.9449918270 -0.3126429319 -0.0405401029 0.3175554574 -0.9473726749 0.9945409298 -0.0784152001 -0.0688429847
183.3 -174.1 3060.9 0.5118850470 0.7892532945 0.3391945958 -0.8468611240 0.3973291516 0.3534908593 0.1442219019 -0.4681974053 0.8717747927
319.2 -398.9 3099.2 -0.5556558371 0.7892532945 0.2613921165 0.1375489533 0.3973291516 -0.9073091149 -0.8199554086 -0.4681974053 -0.3293392360
-59.8 -475.8 2811.6 0.9650603533 0.2307757735 -0.1241010875 -0.1242556646 -0.0139226047 -0.9921525717 -0.2306925803 0.9729073644 0.0152390422
-157.1 -469.9 2401.6 0.9650603533 0.1340976059 0.2251141220 -0.1242556646 0.9905886650 -0.0573991165 -0.2306925803 0.0274219085 0.9726402164
123.3 -482.2 2813.5 0.9826861024 0.1095656082 0.1494103074 0.1516162306 -0.0120390914 -0.9883661270 -0.1064921692 0.9939066768 -0.0284425709
75.5 -477.0 2380.0 0.9826861024 -0.1458909512 0.1142098606 0.1516162306 0.9874987006 -0.0431138650 -0.1064921692 0.0596834645 0.9925206900
-182.0 -388.7 3021.2 0 0 0 0 0 0 0 0 0
174.8 -363.2 2886.2 0 0 0 0 0 0 0 0 0
-203.6 -814.1 2392.1 0 0 0 0 0 0 0 0 0
131.3 -854.3 2357.2 0 0 0 0 0 0 0 0 0
44.5 1.1 3184.6 6 0.9981350303 0.0184156839 -0.0582009517 -0.0491478965 0.8079205751 -0.5872383118 0.0362073518 0.5890035629 0.8073189259
40.6 -167.6 3061.6 0.9981350303 0.0184156839 -0.0582009517 -0.0491478965 0.8079205751 -0.5872383118 0.0362073518 0.5890035629 0.8073189259
35.4 -324.0 2939.2 0.9979141355 0.0262869596 -0.0589603186 -0.0570275486 0.7869848013 -0.6143311262 0.0302519780 0.6164121032 0.7868424058
-105.1 -159.3 3057.2 0.3144068420 -0.9398213625 0.1337316930 0.7021930814 0.3250486255 0.6334573627 -0.6388060451 -0.1052578539 0.7621335983
-211.4 -396.9 3273.3 -0.1234340221 -0.9398213625 -0.3185904324 -0.0357510000 0.3250486255 -0.9450212717 0.9917085767 -0.1052578539 -0.0737216100
186.3 -175.9 3066.0 0.5005802512 0.8049851656 0.3184624314 -0.8505542874 0.3888496161 0.3540527821 0.1611732244 -0.4481014013 0.8793340325
319.2 -401.7 3108.8 -0.5320458412 0.8049851656 0.2625378668 0.1389107406 0.3888496161 -0.9107688069 -0.8352431059 -0.4481014013 -0.3187068999
-68.6 -474.5 2814.4 0.9692204595 0.2091090381 -0.1299429089 -0.1304621398 -0.0113686481 -0.9913880825 -0.2087854892 0.9778262377 0.0162620842
-157.0 -469.7 2401.1 0.9692204595 0.1373057067 0.2043499202 -0.1304621398 0.9903547764 -0.0466591306 -0.2087854892 0.0185630545 0.9777852893
114.5 -483.4 2815.0 0.9839923978 0.0909505337 0.1532547623 0.1552017629 -0.0146932928 -0.9877735376 -0.0875867084 0.9957470298 -0.0285737701
75.0 -477.0 2382.6 0.9839923978 -0.1484050900 0.0986658484 0.1552017629 0.9857309461 -0.0651680604 -0.0875867084 0.0794379860 0.9929844737
-179.6 -387.6 3017.3 0 0 0 0 0 0 0 0 0
181.0 -365.7 2891.9 0 0 0 0 0 0 0 0 0
-204.4 -811.9 2394.7 0 0 0 0 0 0 0 0 0
131.7 -853.6 2352.2 0 0 0 0 0 0 0 0 0
43.2 3.4 3186.7 7 0.9962936044 0.0142843211 -0.0848231539 -0.0618198588 0.8045820594 -0.5906149745 0.0598106496 0.5936696529 0.8024830222
40.2 -165.9 3061.8 0.9962936044 0.0142843211 -0.0848231539 -0.0618198588 0.8045820594 -0.5906149745 0.0598106496 0.5936696529 0.8024830222
35.5 -321.7 2938.6 0.9960623980 0.0236426648 -0.0854444206 -0.0715054497 0.7839934826 -0.6166370511 0.0524089262 0.6203187108 0.7825969458
-105.2 -155.4 3054.2 0.3387101591 -0.9324827194 0.1255045235 0.7001641989 0.3389043808 0.6284217834 -0.6285265088 -0.1249790713 0.7676813602
-219.8 -392.3 3266.8 -0.1462802142 -0.9324827194 -0.3302696645 -0.0379460119 0.3389043808 -0.9400552511 0.9885151386 -0.1249790713 -0.0849590078
185.6 -176.3 3069.5 0.4846764207 0.8203321695 0.3035521209 -0.8583025932 0.3791677058 0.3457579017 0.1685391814 -0.4281202555 0.8878668547
314.3 -404.2 3114.2 -0.5110308528 0.8203321695 0.2567149103 0.1499684751 0.3791677058 -0.9130943418 -0.8463786840 -0.4281202555 -0.3167903721
-61.3 -475.2 2814.0 0.9653385282 0.2234367728 -0.1348980814 -0.1347969472 -0.0157774594 -0.9907476306 -0.2234978080 0.9745907187 0.0148880044
-156.6 -468.5 2398.6 0.9653385282 0.1394023001 0.2206546664 -0.1347969472 0.9902237654 -0.0358695425 -0.2234978080 0.0048826751 0.9746922255
121.6 -485.6 2819.5 0.9836584926 0.1067172885 0.1450082958 0.1480369717 -0.0209857617 -0.9887591600 -0.1024745852 0.9940679073 -0.0364409275
74.5 -476.4 2381.3 0.9836584926 -0.1426304728 0.1098750755 0.1480369717 0.9880601168 -0.0426878929 -0.1024745852 0.0582558811 0.9930282831
-182.0 -382.5 3011.5 0 0 0 0 0 0 0 0 0
181.6 -365.2 2894.4 0 0 0 0 0 0 0 0 0
-205.1 -813.1 2396.9 0 0 0 0 0 0 0 0 0
129.0 -853.8 2359.0 0 0 0 0 0 0 0 0 0
43.1 3.0 3173.2 8 0.9992024899 0.0360694416 -0.0171281826 -0.0394529626 0.8257412314 -0.5626676083 -0.0061516608 0.5628946424 0.8265057802
35.5 -169.6 3055.5 0.9992024899 0.0360694416 -0.0171281826 -0.0394529626 0.8257412314 -0.5626676083 -0.0061516608 0.5628946424 0.8265057802
27.0 -328.7 2937.0 0.9988600612 0.0438654348 -0.0188248362 -0.0464203954 0.8007548451 -0.5971907377 -0.0111219520 0.5973838568 0.8018783331
-110.0 -162.7 3057.2 0.2789756954 -0.9472496510 0.1577677280 0.6912852526 0.3121322989 0.6516886353 -0.6665562391 -0.0727427825 0.7418970466
-204.2 -396.0 3282.2 -0.0811578631 -0.9472496510 -0.3100507855 -0.0140361115 0.3121322989 -0.9499349594 0.9966024160 -0.0727427825 -0.0386276916
181.0 -176.5 3053.9 0.5161208510 0.7808432579 0.3519986868 -0.8419826627 0.3871537149 0.3757355511 0.1571129709 -0.4903017282 0.8572745919
318.0 -399.9 3095.5 -0.5685400963 0.7808432579 0.2589323521 0.1150913984 0.3871537149 -0.9148038030 -0.8145650029 -0.4903017282 -0.3099807501
-60.5 -470.9 2810.5 0.9645924568 0.2293473184 -0.1302350909 -0.1327617019 -0.0044474360 -0.9911379814 -0.2278940529 0.9733344913 0.0261585768
-157.8 -469.0 2397.4 0.9645924568 0.1366518289 0.2255829126 -0.1327617019 0.9906182885 -0.0323998779 -0.2278940529 0.0013039077 0.9736850858
122.1 -484.0 2820.1 0.9805347323 0.1119536906 0.1613010615 0.1642601043 -0.0176693220 -0.9862588048 -0.1075652316 0.9935563207 -0.0357149094
72.8 -476.2 2382.6 0.9805347323 -0.1566206664 0.1184129566 0.1642601043 0.9847272038 -0.0577141866 -0.1075652316 0.0760412887 0.9912857413
-183.3 -392.4 3025.4 0 0 0 0 0 0 0 0 0
170.7 -370.1 2884.5 0 0 0 0 0 0 0 0 0
-205.5 -814.6 2397.0 0 0 0 0 0 0 0 0 0
132.7 -852.4 2353.6 0 0 0 0 0 0 0 0 0
44.4 2.6 3180.5 9 0.9981931448 0.0374896675 -0.0469575375 -0.0576606803 0.8174869418 -0.5730535388 0.0169035867 0.5747256875 0.8181715608
36.5 -168.6 3060.2 0.9981931448 0.0374896675 -0.0469575375 -0.0576606803 0.8174869418 -0.5730535388 0.0169035867 0.5747256875 0.8181715608
28.3 -326.0 2939.4 0.9979335666 0.0420240425 -0.0486059338 -0.0629162565 0.7926414609 -0.6064330339 0.0130423084 0.6082380414 0.7936475277
-109.0 -159.3 3058.3 0.3070063591 -0.9397661686 0.1502887011 0.6942710280 0.3291617930 0.6400314569 -0.6509491801 -0.0921526402 0.7535071373
-212.7 -393.8 3278.2 -0.1062305123 -0.9397661686 -0.3248917758 -0.0250017084 0.3291617930 -0.9439424872 0.9940271378 -0.0921526402 -0.0584627837
182.1 -177.8 3062.1 0.4983173907 0.7991100550 0.3363076746 -0.8521580100 0.3799853325 0.3597747982 0.1597076654 -0.4658693075 0.8703213334
314.3 -404.0 3104.4 -0.5459888577 0.7991100550 0.2516331971 0.1343616396 0.3799853325 -0.9151819944 -0.8269481063 -0.4658693075 -0.3148374856
-72.9 -483.5 2819.5 0.9704130888 0.1999823749 -0.1352976561 -0.1314494163 -0.0324603394 -0.9907912612 -0.2025326043 0.9792616367 -0.0052123736
-157.5 -469.8 2405.1 0.9704130888 0.1373424232 0.1985836327 -0.1314494163 0.9904060960 -0.0426245481 -0.2025326043 0.0152597167 0.9791566133
109.8 -492.2 2817.4 0.9857596755 0.0799835175 0.1479206681 0.1511018723 -0.0352691226 -0.9878888130 -0.0737977847 0.9961720109 -0.0468525365
74.9 -476.8 2382.2 0.9857596755 -0.1467182487 0.0821683928 0.1511018723 0.9872571230 -0.0499157198 -0.0737977847 0.0616207011 0.9953676462
-185.3 -387.4 3021.9 0 0 0 0 0 0 0 0 0
172.7 -369.1 2890.0 0 0 0 0 0 0 0 0 0
-205.6 -816.3 2399.7 0 0 0 0 0 0 0 0 0
130.9 -853.9 2358.6 0 0 0 0 0 0 0 0 0
45.3 3.3 3184.6 0 0.9983078837 0.0342556648 -0.0469889157 -0.0552343987 0.8112660050 -0.5820623636 0.0181815773 0.5836728215 0.8117853403
38.1 -165.9 3062.9 0.9983078837 0.0342556648 -0.0469889157 -0.0552343987 0.8112660050 -0.5820623636 0.0181815773 0.5836728215 0.8117853403
30.4 -322.3 2940.6 0.9980518818 0.0393016860 -0.0484539643 -0.0607962199 0.7870422006 -0.6138960719 0.0140081663 0.6156459451 0.7878983617
-107.6 -157.0 3060.9 0.3065179288 -0.9402601719 0.1481810510 0.7008200288 0.3282702267 0.6333166361 -0.6441258192 -0.0902746543 0.7595738173
-211.2 -393.9 3278.6 -0.1075568572 -0.9402601719 -0.3230207264 -0.0348358378 0.3282702267 -0.9439412951 0.9935884476 -0.0902746543 -0.0680624619
183.8 -174.8 3064.9 0.5000926256 0.7989694476 0.3339988291 -0.8523498178 0.3859995306 0.3528515100 0.1529941857 -0.4611422718 0.8740369678
316.6 -401.1 3105.5 -0.5450636744 0.7989694476 0.2540736198 0.1408402324 0.3859995306 -0.9116843939 -0.8264802694 -0.4611422718 -0.3229213655
-71.2 -477.7 2817.5 0.9700629711 0.2008360028 -0.1365382671 -0.1359171867 -0.0169451106 -0.9905752540 -0.2012568414 0.9794782996 0.0108592417
-155.9 -470.6 2404.6 0.9700629711 0.1421456188 0.1969071329 -0.1359171867 0.9897038937 -0.0448629931 -0.2012568414 0.0167568624 0.9793951511
111.5 -489.4 2819.8 0.9865117669 0.0799798295 0.1428206116 0.1458464861 -0.0333339535 -0.9887455106 -0.0743189231 0.9962389469 -0.0445491150
76.4 -474.7 2382.4 0.9865117669 -0.1415144205 0.0822688788 0.1458464861 0.9880806804 -0.0492484421 -0.0743189231 0.0605827980 0.9953926206
-183.4 -384.9 3022.2 0 0 0 0 0 0 0 0 0
175.1 -364.5 2891.0 0 0 0 0 0 0 0 0 0
-205.5 -816.0 2398.8 0 0 0 0 0 0 0 0 0
130.4 -852.3 2359.3 0 0 0 0 0 0 0 0 0
43.6 6.5 3185.7 1 0.9996920824 0.0202537421 -0.0143358121 -0.0248138458 0.8147697449 -0.5792534351 -0.0000516646 0.5794308186 0.8150213957
39.3 -163.8 3064.6 0.9996920824 0.0202537421 -0.0143358121 -0.0248138458 0.8147697449 -0.5792534351 -0.0000516646 0.5794308186 0.8150213957
34.5 -320.6 2942.6 0.9995764494 0.0247562435 -0.0152976839 -0.0289340168 0.7891416550 -0.6135293841 -0.0031166424 0.6137121320 0.7895237207
-106.5 -159.6 3065.1 0.2729132175 -0.9516274929 0.1411507726 0.7087350488 0.2980947495 0.6394014359 -0.6505482793 -0.0744626001 0.7558057308
-198.8 -399.2 3285.0 -0.0891946778 -0.9516274929 -0.2940229177 -0.0361061208 0.2980947495 -0.9538531899 0.9953595400 -0.0744626001 -0.0609480441
185.2 -168.0 3064.1 0.5295999646 0.7782406807 0.3374394178 -0.8356504440 0.4103720188 0.3650795817 0.1456440687 -0.4753275216 0.8676701784
325.8 -389.8 3102.8 -0.5632484555 0.7782406807 0.2776556015 0.1214842945 0.4103720188 -0.9037899971 -0.8173082471 -0.4753275216 -0.3256854117
-68.8 -473.0 2817.0 0.9695007205 0.2079297453 -0.1297443062 -0.1313479841 -0.0061358172 -0.9913173318 -0.2069204450 0.9781244993 0.0213624742
-156.7 -470.5 2403.5 0.9695007205 0.1382583082 0.2023684829 -0.1313479841 0.9902094603 -0.0472540148 -0.2069204450 0.0192321073 0.9781687260
114.1 -484.2 2819.6 0.9867076278 0.0819335282 0.1403388381 0.1421201676 -0.0163006317 -0.9897151589 -0.0788032413 0.9965044856 -0.0277283620
78.1 -477.1 2381.4 0.9867076278 -0.1365656406 0.0880790502 0.1421201676 0.9880174994 -0.0601937659 -0.0788032413 0.0719114542 0.9942930937
-175.8 -389.8 3028.0 0 0 0 0 0 0 0 0 0
179.5 -358.3 2890.6 0 0 0 0 0 0 0 0 0
-204.8 -814.6 2396.8 0 0 0 0 0 0 0 0 0
130.2 -854.6 2353.9 0 0 0 0 0 0 0 0 0
43.0 6.1 3186.2 2 0.9993507862 0.0360232964 0.0005246245 -0.0292230863 0.8190454245 -0.5729839206 -0.0210704617 0.5725966692 0.8195664287
35.6 -164.0 3067.3 0.9993507862 0.0360232964 0.0005246245 -0.0292230863 0.8190454245 -0.5729839206 -0.0210704617 0.5725966692 0.8195664287
28.0 -321.9 2947.0 0.9992653728 0.0383098833 -0.0010053788 -0.0310773440 0.7947049141 -0.6061998606 -0.0224244669 0.6057857871 0.7953117490
-110.3 -159.4 3070.6 0.2614245713 -0.9523316622 0.1572309434 0.7022076845 0.2994108200 0.6459547281 -0.6622397900 -0.0584596545 0.7470079660
-198.7 -396.9 3294.6 -0.0697006285 -0.9523316622 -0.2969952822 -0.0269929934 0.2994108200 -0.9537423849 0.9972026944 -0.0584596545 -0.0465754047
181.4 -168.5 3064.1 0.5307422876 0.7695685625 0.3550730348 -0.8353565931 0.4042340219 0.3725241125 0.1431502551 -0.4943268895 0.8574082851
322.3 -390.3 3102.1 -0.5790292025 0.7695685625 0.2692386508 0.1153505966 0.4042340219 -0.9073528051 -0.8071056008 -0.4943268895 -0.3228334785
-62.0 -474.7 2821.0 0.9664485455 0.2265124172 -0.1211170107 -0.1207774431 -0.0154106757 -0.9925599694 -0.2266936600 0.9738863707 0.0124639664
-159.2 -468.0 2402.9 0.9664485455 0.1288502961 0.2222044319 -0.1207774431 0.9914395213 -0.0496033616 -0.2266936600 0.0211018156 0.9737374783
121.2 -480.0 2820.4 0.9832715392 0.1011402532 0.1514851749 0.1526888460 -0.0042225011 -0.9882652760 -0.0993137583 0.9948632121 -0.0195948537
76.6 -478.1 2381.9 0.9832715392 -0.1466693580 0.1080055833 0.1526888460 0.9870235324 -0.0497056432 -0.0993137583 0.0653653964 0.9929069281
-180.7 -389.9 3037.1 0 0 0 0 0 0 0 0 0
172.0 -360.3 2892.5 0 0 0 0 0 0 0 0 0
-204.1 -813.7 2395.6 0 0 0 0 0 0 0 0 0
132.6 -855.3 2356.9 0 0 0 0 0 0 0 0 0
42.1 3.9 3187.0 3 0.9986708760 0.0496265441 0.0139158312 -0.0323463678 0.8136824965 -0.5804089308 -0.0401267558 0.5791873932 0.8142062426
31.8 -164.9 3066.8 0.9986708760 0.0496265441 0.0139158312 -0.0323463678 0.8136824965 -0.5804089308 -0.0401267558 0.5791873932 0.8142062426
21.2 -321.8 2945.4 0.9985066056 0.0533296466 0.0118559869 -0.0349053703 0.7897088528 -0.6124879718 -0.0420265459 0.6111594439 0.7903909683
-114.0 -159.8 3073.0 0.2515703738 -0.9519901872 0.1744333059 0.7064225078 0.3038108647 0.6392700672 -0.6615735888 -0.0375978015 0.7489371300
-199.1 -398.8 3296.8 -0.0505217724 -0.9519901872 -0.3019307554 -0.0347888581 0.3038108647 -0.9520969987 0.9981168509 -0.0375978015 -0.0484677143
177.6 -170.0 3060.7 0.5298649669 0.7615646124 0.3731788099 -0.8386120200 0.4049231708 0.3643721640 0.1263842136 -0.5060203075 0.8532118797
318.3 -392.6 3094.2 -0.5940765142 0.7615646124 0.2590219975 0.1241087168 0.4049231708 -0.9058886170 -0.7947767973 -0.5060203075 -0.3350721598
-71.2 -476.9 2828.7 0.9710634947 0.2001921535 -0.1302258968 -0.1273758709 -0.0271081477 -0.9914839864 -0.2020175010 0.9793815613 -0.0008240840
-158.3 -465.1 2402.7 0.9710634947 0.1350746006 0.1969531327 -0.1273758709 0.9905266762 -0.0513062589 -0.2020175010 0.0247345604 0.9790695310
112.0 -482.6 2824.6 0.9849049449 0.0818161815 0.1525396705 0.1536551416 -0.0074782986 -0.9880962372 -0.0797015205 0.9966194034 -0.0199368913
75.7 -479.3 2382.3 0.9849049449 -0.1496322155 0.0870197564 0.1536551416 0.9872528911 -0.0414949507 -0.0797015205 0.0542396121 0.9953420162
-186.0 -389.8 3039.1 0 0 0 0 0 0 0 0 0
164.0 -360.4 2887.8 0 0 0 0 0 0 0 0 0
-205.5 -811.8 2394.0 0 0 0 0 0 0 0 0 0
132.9 -856.5 2361.6 0 0 0 0 0 0 0 0 0
41.7 4.9 3186.9 4 0.9988862872 0.0471798331 0.0004803847 -0.0380567275 0.8116677403 -0.5828782916 -0.0278900135 0.5822108984 0.8125593066
31.8 -165.7 3064.5 0.9988862872 0.0471798331 0.0004803847 -0.0380567275 0.8116677403 -0.5828782916 -0.0278900135 0.5822108984 0.8125593066
21.5 -322.4 2942.8 0.9986475706 0.0519721471 -0.0014071319 -0.0419103354 0.7887032032 -0.6133439541 -0.0307669919 0.6125733852 0.7898147106
-114.0 -159.6 3069.0 0.2640299797 -0.9493293166 0.1704758704 0.7052583694 0.3105905056 0.6372944117 -0.6579504609 -0.0480353124 0.7515276074
-203.4 -398.2 3291.6 -0.0620564632 -0.9493293166 -0.3080955148 -0.0354147330 0.3105905056 -0.9498838782 0.9974441528 -0.0480353124 -0.0528943911
177.6 -171.9 3060.0 0.5225172043 0.7700626850 0.3660318255 -0.8424305916 0.4000745416 0.3609030843 0.1314779967 -0.4969344735 0.8577701449
316.4 -395.5 3094.9 -0.5841581821 0.7700626850 0.2564423978 0.1290746182 0.4000745416 -0.9073478580 -0.8013107777 -0.4969344735 -0.3331023753
-80.9 -475.5 2827.9 0.9752207994 0.1769695431 -0.1327638030 -0.1305241138 -0.0242905132 -0.9911475182 -0.1786278188 0.9839165211 -0.0005898203
-157.6 -464.9 2401.6 0.9752207994 0.1368462592 0.1738319546 -0.1305241138 0.9903138280 -0.0473498292 -0.1786278188 0.0234872736 0.9836363196
102.2 -481.9 2820.2 0.9870154262 0.0579359643 0.1498132497 0.1504473090 -0.0067169974 -0.9885951877 -0.0562689230 0.9982976913 -0.0153460903
76.6 -478.9 2379.5 0.9870154262 -0.1482621282 0.0617974773 0.1504473090 0.9880894423 -0.0323246010 -0.0562689230 0.0412021428 0.9975651503
-187.3 -389.1 3034.1 0 0 0 0 0 0 0 0 0
164.6 -362.0 2886.8 0 0 0 0 0 0 0 0 0
-205.6 -812.4 2393.3 0 0 0 0 0 0 0 0 0
133.3 -856.4 2363.8 0 0 0 0 0 0 0 0 0
41.9 6.0 3186.3 5 0.9988967776 0.0439132974 -0.0166385882 -0.0455072224 0.8177583218 -0.5737599134 -0.0115893483 0.5738841295 0.8188545108
32.7 -165.5 3066.0 0.9988967776 0.0439132974 -0.0166385882 -0.0455072224 0.8177583218 -0.5737599134 -0.0115893483 0.5738841295 0.8188545108
22.8 -323.3 2945.6 0.9985894561 0.0497693196 -0.0184961725 -0.0507947281 0.7940551043 -0.6057197452 -0.0154592805 0.6058048606 0.7954630852
-113.1 -158.1 3068.2 0.2799645662 -0.9457356930 0.1649358869 0.6966344714 0.3183495700 0.6429260969 -0.6605454087 -0.0650965050 0.7479586601
-207.9 -393.8 3291.7 -0.0771219656 -0.9457356930 -0.3156520426 -0.0253032390 0.3183495700 -0.9476356506 0.9967005253 -0.0650965050 -0.0484819226
178.5 -172.9 3063.7 0.5131150484 0.7808052897 0.3564493060 -0.8455987573 0.3886239827 0.3659701049 0.1472266465 -0.4891978502 0.8596567512
314.8 -397.4 3102.8 -0.5710739493 0.7808052897 0.2534121275 0.1263447404 0.3886239827 -0.9126929641 -0.8111174703 -0.4891978502 -0.3205836713
-80.4 -475.3 2823.9 0.9747951627 0.1773137003 -0.1354040504 -0.1335798502 -0.0222418196 -0.9907884598 -0.1786919981 0.9839029908 0.0020043200
-156.6 -465.8 2401.0 0.9747951627 0.1382856518 0.1750756651 -0.1335798502 0.9902921915 -0.0384417064 -0.1786919981 0.0140862074 0.9838042259
102.7 -483.0 2818.3 0.9888713360 0.0545182303 0.1384243369 0.1388220340 -0.0035581728 -0.9903109670 -0.0534974597 0.9985064268 -0.0110869063
78.8 -481.4 2379.4 0.9888713360 -0.1362809092 0.0596745200 0.1388220340 0.9894798398 -0.0407193936 -0.0534974597 0.0485503785 0.9973870516
-187.9 -387.2 3034.3 0 0 0 0 0 0 0 0 0
166.4 -364.6 2892.1 0 0 0 0 0 0 0 0 0
-205.3 -814.4 2396.0 0 0 0 0 0 0 0 0 0
130.8 -859.5 2360.8 0 0 0 0 0 0 0 0 0
40.3 5.1 3186.5 6 0.9984518290 0.0347345769 -0.0434443988 -0.0535736084 0.8105821013 -0.5831694007 0.0149591109 0.5845940113 0.8111880422
33.0 -165.6 3063.5 0.9984518290 0.0347345769 -0.0434443988 -0.0535736084 0.8105821013 -0.5831694007 0.0149591109 0.5845940113 0.8111880422
25.2 -322.6 2942.0 0.9982362986 0.0390806235 -0.0446879454 -0.0582481213 0.7901521921 -0.6101365685 0.0114657637 0.6116634607 0.7910349965
-112.8 -157.1 3061.8 0.3029745519 -0.9412741661 0.1490282267 0.6983783841 0.3256978095 0.6373292804 -0.6484397054 -0.0890164450 0.7560436726
-215.3 -393.3 3281.2 -0.1045304611 -0.9412741661 -0.3210550845 -0.0304098800 0.3256978095 -0.9449847341 0.9940566421 -0.0890164450 -0.0626693740
178.7 -174.1 3065.1 0.5025897026 0.7967354059 0.3355834484 -0.8503321409 0.3855284750 0.3581940830 0.1560089439 -0.4653820693 0.8712524176
312.2 -399.9 3106.6 -0.5477595329 0.7967354059 0.2552883923 0.1353881955 0.3855284750 -0.9127090573 -0.8256086111 -0.4653820693 -0.3190454543
-78.7 -476.4 2826.6 0.9750208259 0.1790906638 -0.1313809454 -0.1299424767 -0.0197913926 -0.9913240075 -0.1801370829 0.9836334586 0.0039744661
-156.0 -467.8 2401.8 0.9750208259 0.1355758309 0.1759363860 -0.1299424767 0.9905796051 -0.0432089493 -0.1801370829 0.0192680117 0.9834527969
104.5 -485.7 2823.8 0.9875974059 0.0625848696 0.1439949572 0.1448217183 -0.0088574775 -0.9894180894 -0.0606471710 0.9980003238 -0.0178112704
76.3 -481.7 2375.5 0.9875974059 -0.1431528330 0.0644878000 0.1448217183 0.9892138243 -0.0219698641 -0.0606471710 0.0310366154 0.9976766109
-188.3 -385.5 3024.5 0 0 0 0 0 0 0 0 0
169.9 -364.7 2892.1 0 0 0 0 0 0 0 0 0
-203.1 -811.7 2395.1 0 0 0 0 0 0 0 0 0
131.0 -859.6 2363.6 0 0 0 0 0 0 0 0 0
41.0 1.1 3186.7 7 0.9974297285 0.0543556884 -0.0466845408 -0.0714106336 0.8075280190 -0.5854904652 0.0058743362 0.5873193145 0.8093339801
29.6 -167.5 3064.0 0.9974297285 0.0543556884 -0.0466845408 -0.0714106336 0.8075280190 -0.5854904652 0.0058743362 0.5873193145 0.8093339801
17.9 -323.3 2941.3 0.9970526099 0.0591558628 -0.0488540530 -0.0766983405 0.7840738893 -0.6159102917 0.0018704850 0.6178419590 0.7863000631
-116.0 -156.3 3063.8 0.3100364208 -0.9358233809 0.1676664948 0.6980401874 0.3437974453 0.6281267405 -0.6454589963 -0.0777042136 0.7598320246
-220.9 -392.5 3282.2 -0.0962132886 -0.9358233809 -0.3390835226 -0.0370817520 0.3437974453 -0.9383113980 0.9946697950 -0.0777042136 -0.0677798539
175.2 -178.7 3064.3 0.4882014096 0.7995713949 0.3497784138 -0.8606904149 0.3747605085 0.3446252644 0.1444693655 -0.4692974687 0.8711420894
304.8 -407.2 3102.6 -0.5524605513 0.7995713949 0.2355268598 0.1525190622 0.3747605085 -0.9144902825 -0.8194664717 -0.4692974687 -0.3289902806
-74.0 -474.3 2819.4 0.9720494747 0.1866347939 -0.1424333155 -0.1423931718 -0.0136911543 -0.9897154570 -0.1866654158 0.9823339581 0.0132670421
-153.5 -468.5 2401.1 0.9720494747 0.1463129073 0.1836091876 -0.1423931718 0.9892112613 -0.0344272405 -0.1866654158 0.0073202853 0.9823962450
109.0 -485.0 2821.5 0.9869278073 0.0716120973 0.1443786323 0.1456865221 -0.0133620901 -0.9892405868 -0.0689123943 0.9973430634 -0.0236203354
77.0 -479.0 2376.3 0.9869278073 -0.1430187523 0.0742907599 0.1456865221 0.9888196588 -0.0317984186 -0.0689123943 0.0422059074 0.9967295527
-196.0 -382.9 3025.3 0 0 0 0 0 0 0 0 0
161.3 -367.6 2889.8 0 0 0 0 0 0 0 0 0
-204.3 -811.7 2398.5 0 0 0 0 0 0 0 0 0
131.6 -856.8 2360.2 0 0 0 0 0 0 0 0 0
39.9 1.1 3173.7 8 0.9970180392 0.0560876876 -0.0530022793 -0.0761917531 0.8244358301 -0.5608032942 0.0122428192 0.5631693006 0.8262508512
28.2 -170.6 3056.4 0.9970180392 0.0560876876 -0.0530022793 -0.0761917531 0.8244358301 -0.5608032942 0.0122428192 0.5631693006 0.8262508512
15.7 -329.4 2937.9 0.9964741468 0.0629590452 -0.0554563254 -0.0836124048 0.7998945713 -0.5942874551 0.0069434429 0.5968289375 0.8023384213
-117.3 -158.4 3055.4 0.3168867528 -0.9330812693 0.1701240242 0.6783093214 0.3483214080 0.6469687819 -0.6629322767 -0.0896191150 0.7432961464
-224.5 -387.8 3279.7 -0.0992096961 -0.9330812693 -0.3457120657 -0.0097553842 0.3483214080 -0.9373244047 0.9950187206 -0.0896191150 -0.0436594263
173.7 -182.8 3057.5 0.4818446636 0.8033984303 0.3498237729 -0.8598121405 0.3565093577 0.3655464649 0.1689640135 -0.4769193232 0.8625538349
301.6 -411.0 3102.3 -0.5492339730 0.8033984303 0.2299847305 0.1343302280 0.3565093577 -0.9245845079 -0.8248014450 -0.4769193232 -0.3037277460
-85.3 -472.0 2818.4 0.9772347212 0.1646919549 -0.1337494701 -0.1341291517 -0.0088645462 -0.9909242392 -0.1643828750 0.9863052368 0.0134272501
-155.0 -468.2 2400.5 0.9772347212 0.1376313269 0.1614619941 -0.1341291517 0.9904325008 -0.0324464887 -0.1643828750 0.0100510726 0.9863454103
97.5 -486.1 2818.7 0.9897508025 0.0435284711 0.1360094696 0.1368746310 -0.0175399482 -0.9904330969 -0.0407264382 0.9988982081 -0.0233181212
78.4 -478.4 2379.6 0.9897508025 -0.1343993247 0.0482714064 0.1368746310 0.9892087579 -0.0522626080 -0.0407264382 0.0583340898 0.9974660277
-198.9 -385.3 3022.8 0 0 0 0 0 0 0 0 0
159.0 -376.1 2888.1 0 0 0 0 0 0 0 0 0
-202.9 -813.0 2397.0 0 0 0 0 0 0 0 0 0
129.8 -856.3 2357.3 0 0 0 0 0 0 0 0 0
41.8 2.4 3166.2 9 0.9947263598 0.0590011813 -0.0838949531 -0.0954052955 0.8325271606 -0.5457072258 0.0376474522 0.5508333445 0.8337657452
29.4 -172.6 3050.4 0.9947263598 0.0590011813 -0.0838949531 -0.0954052955 0.8325271606 -0.5457072258 0.0376474522 0.5508333445 0.8337657452
16.8 -333.0 2933.8 0.9942433238 0.0631276593 -0.0865745842 -0.1018899903 0.8070107698 -0.5816804171 0.0331464969 0.5871528983 0.8087971210
-115.8 -157.8 3045.6 0.3460105956 -0.9238361716 0.1637174487 0.6629176140 0.3642093241 0.6541343927 -0.6639404297 -0.1178062484 0.7384475470
-232.8 -382.0 3270.1 -0.1239865646 -0.9238361716 -0.3621520102 0.0064564450 0.3642093241 -0.9312947392 0.9922628999 -0.1178062484 -0.0391923673
174.5 -187.5 3055.3 0.4610761106 0.8215948343 0.3352473080 -0.8661791682 0.3346596360 0.3711287677 0.1927237213 -0.4615028501 0.8659518957
296.9 -417.4 3106.4 -0.5258888602 0.8215948343 0.2200519294 0.1324411333 0.3346596360 -0.9329856634 -0.8401786685 -0.4615028501 -0.2848067284
-88.2 -480.6 2818.7 0.9773583412 0.1543413252 -0.1447393149 -0.1422742158 -0.0269589648 -0.9894601107 -0.1566165984 0.9876497388 -0.0043897759
-153.7 -469.2 2399.3 0.9773583412 0.1449150741 0.1541763097 -0.1422742158 0.9894286990 -0.0280863717 -0.1566165984 0.0055151354 0.9876440763
94.5 -496.0 2820.0 0.9917293787 0.0301312655 0.1247596815 0.1259787679 -0.0426685140 -0.9911149144 -0.0245402362 0.9986348152 -0.0461115204
81.3 -477.2 2381.8 0.9917293787 -0.1244154200 0.0315226130 0.1259787679 0.9905766249 -0.0537339039 -0.0245402362 0.0572606698 0.9980576038
-200.8 -383.7 3014.0 0 0 0 0 0 0 0 0 0
160.3 -383.0 2888.2 0 0 0 0 0 0 0 0 0
-203.8 -811.1 2397.4 0 0 0 0 0 0 0 0 0
128.8 -855.7 2359.9 0 0 0 0 0 0 0 0 0
41.7 3.9 3162.5 0 0.9944075346 0.0555240884 -0.0898372456 -0.0952531248 0.8389145732 -0.5358629823 0.0456124693 0.5414234996 0.8395118117
30.1 -171.5 3049.3 0.9944075346 0.0555240884 -0.0898372456 -0.0952531248 0.8389145732 -0.5358629823 0.0456124693 0.5414234996 0.8395118117
18.1 -333.3 2934.6 0.9939014912 0.0602929741 -0.0923287794 -0.1024764106 0.8142298460 -0.5714265704 0.0407238416 0.5774032474 0.8154428601
-115.0 -156.6 3043.3 0.3509261906 -0.9226778746 0.1597385406 0.6541652679 0.3636198938 0.6632106304 -0.6700139046 -0.1282425672 0.7311875820
-233.8 -377.9 3270.0 -0.1303340048 -0.9226778746 -0.3628755212 0.0188914388 0.3636198938 -0.9313558340 0.9912901521 -0.1282425672 -0.0299613234
175.3 -186.5 3055.2 0.4589418471 0.8248795271 0.3300699890 -0.8641306162 0.3280697167 0.3816393316 0.2065204978 -0.4603738189 0.8633685112
297.1 -415.9 3110.0 -0.5203979015 0.8248795271 0.2208162993 0.1225725859 0.3280697167 -0.9366676211 -0.8450810313 -0.4603738189 -0.2718344033
-86.9 -484.0 2814.1 0.9764016271 0.1604630947 -0.1445388496 -0.1398252398 -0.0403486602 -0.9893537760 -0.1645867079 0.9862167835 -0.0169597063
-154.6 -466.9 2398.2 0.9764016271 0.1422272921 0.1625154763 -0.1398252398 0.9898299575 -0.0261836667 -0.1645867079 0.0028420114 0.9863585234
95.3 -502.6 2820.2 0.9909450412 0.0346761718 0.1297129393 0.1316410601 -0.0607521757 -0.9894340634 -0.0264294427 0.9975503683 -0.0647668764
80.1 -475.9 2381.8 0.9909450412 -0.1297141165 0.0346717983 0.1316410601 0.9894361496 -0.0607188009 -0.0264294427 0.0647332296 0.9975525737
-200.1 -382.8 3014.0 0 0 0 0 0 0 0 0 0
161.9 -384.0 2890.5 0 0 0 0 0 0 0 0 0
-204.4 -813.6 2397.2 0 0 0 0 0 0 0 0 0
129.7 -854.0 2357.1 0 0 0 0 0 0 0 0 0
41.2 5.2 3174.6 1 0.9967259169 0.0740703344 -0.0324201435 -0.0794990584 0.8246671557 -0.5600035787 -0.0147438245 0.5607474446 0.8278556466
25.6 -167.6 3057.1 0.9967259169 0.0740703344 -0.0324201435 -0.0794990584 0.8246671557 -0.5600035787 -0.0147438245 0.5607474446 0.8278556466
11.0 -327.4 2939.9 0.9966930747 0.0732926577 -0.0350870080 -0.0798617899 0.8038292527 -0.5894748569 -0.0150002139 0.5903276205 0.8070243597
-119.7 -156.1 3059.3 0.2993888259 -0.9362012148 0.1841023415 0.6758462191 0.3442834616 0.6516907215 -0.6734970212 -0.0706840381 0.7358026505
-220.8 -384.4 3286.8 -0.0764931291 -0.9362012148 -0.3430395424 -0.0033007907 0.3442834616 -0.9388599396 0.9970646501 -0.0706840381 -0.0294255242
171.0 -179.2 3054.9 0.4881623685 0.7911046743 0.3685795963 -0.8574275374 0.3559284508 0.3716624975 0.1628359705 -0.4974619150 0.8520658016
300.4 -406.5 3098.1 -0.5681921840 0.7911046743 0.2265194803 0.1264316589 0.3559284508 -0.9259211421 -0.8131252527 -0.4974619150 -0.3022564352
-85.0 -485.7 2816.1 0.9753717184 0.1635718644 -0.1479671150 -0.1427771747 -0.0431087166 -0.9888156056 -0.1681210846 0.9855890870 -0.0186926965
-154.5 -467.4 2397.6 0.9753717184 0.1445828676 0.1665707380 -0.1427771747 0.9894915223 -0.0228294097 -0.1681210846 -0.0015153387 0.9857651591
97.2 -504.4 2823.6 0.9909908772 0.0388207883 0.1281798482 0.1304244548 -0.0622051358 -0.9895049334 -0.0304399151 0.9973081350 -0.0667079017
80.2 -477.2 2387.0 0.9909908772 -0.1275906563 0.0407155044 0.1304244548 0.9884747267 -0.0768577829 -0.0304399151 0.0814756602 0.9962103963
-201.1 -383.6 3029.7 0 0 0 0 0 0 0 0 0
153.0 -373.8 2887.2 0 0 0 0 0 0 0 0 0
-204.9 -812.2 2398.1 0 0 0 0 0 0 0 0 0
129.0 -854.9 2355.9 0 0 0 0 0 0 0 0 0
41.8 3.2 3167.2 2 0.9964761138 0.0735287368 -0.0403592177 -0.0835648105 0.8288144469 -0.5532481670 -0.0072293365 0.5546712279 0.8320382237
26.3 -171.7 3050.1 0.9964761138 0.0735287368 -0.0403592177 -0.0835648105 0.8288144469 -0.5532481670 -0.0072293365 0.5546712279 0.8320382237
10.7 -331.9 2933.6 0.9960031509 0.0781068578 -0.0433246642 -0.0886639506 0.8060129285 -0.5852195024 -0.0107894186 0.5867218375 0.8097166419
-119.1 -158.8 3051.7 0.3077670336 -0.9328817725 0.1871123314 0.6696515679 0.3520833552 0.6539144516 -0.6759040356 -0.0759532601 0.7330653667
-223.1 -385.2 3280.3 -0.0804286301 -0.9328817725 -0.3510880470 0.0019218768 0.3520833552 -0.9359666705 0.9967585206 -0.0759532601 -0.0265246965
171.7 -184.6 3048.6 0.4802923501 0.7961124778 0.3681360185 -0.8606541753 0.3468455970 0.3727902174 0.1690965891 -0.4958860874 0.8517648578
299.1 -413.0 3093.5 -0.5638936162 0.7961124778 0.2196107656 0.1278108209 0.3468455970 -0.9291730523 -0.8158972859 -0.4958860874 -0.2973358035
-94.9 -479.8 2824.0 0.9797010422 0.1370618194 -0.1462872922 -0.1442242414 -0.0249180570 -0.9892312288 -0.1392310262 0.9902490377 -0.0046446081
-152.8 -469.3 2405.6 0.9797010422 0.1484506279 0.1347157061 -0.1442242414 0.9887092113 -0.0406624041 -0.1392310262 0.0204077270 0.9900496006
87.5 -494.3 2821.3 0.9919032454 0.0173375588 0.1258066446 0.1265269667 -0.0498836152 -0.9907081127 -0.0109007694 0.9986045361 -0.0516733900
80.0 -472.8 2389.4 0.9919032454 -0.1251340508 0.0216649771 0.1265269667 0.9883990884 -0.0840128958 -0.0109007694 0.0860738754 0.9962291121
-202.4 -385.7 3023.0 0 0 0 0 0 0 0 0 0
152.7 -379.8 2881.6 0 0 0 0 0 0 0 0 0
-204.4 -812.6 2398.5 0 0 0 0 0 0 0 0 0
127.9 -850.4 2356.5 0 0 0 0 0 0 0 0 0
41.5 1.6 3163.5 3 0.9976887703 0.0675649345 -0.0072184303 -0.0601458624 0.8286837935 -0.5564760566 -0.0316164717 0.5556240678 0.8308323026
27.3 -172.8 3046.5 0.9976887703 0.0675649345 -0.0072184303 -0.0601458624 0.8286837935 -0.5564760566 -0.0316164717 0.5556240678 0.8308323026
12.9 -332.5 2929.2 0.9973443151 0.0721095800 -0.0102256890 -0.0641716048 0.8036581278 -0.5916211605 -0.0344435945 0.5907061696 0.8061512709
-118.3 -163.4 3051.5 0.2755148709 -0.9426974654 0.1881834567 0.6814829111 0.3296063542 0.6534069777 -0.6779916286 -0.0517795458 0.7332436442
-211.4 -393.9 3280.8 -0.0571966209 -0.9426974654 -0.3287096024 -0.0067520365 0.3296063542 -0.9440943003 0.9983401299 -0.0517795458 -0.0252174959
172.8 -182.1 3041.5 0.5049722791 0.7756808996 0.3785790801 -0.8497294784 0.3697553575 0.3758201599 0.1515348852 -0.5114685893 0.8458351493
306.8 -407.6 3081.7 -0.5856017470 0.7756808996 0.2353501916 0.1194607019 0.3697553575 -0.9214174747 -0.8017479181 -0.5114685893 -0.3091927767
-96.1 -483.9 2818.0 0.9797368050 0.1371424198 -0.1459719390 -0.1427765340 -0.0329084508 -0.9892076850 -0.1404660493 0.9900045395 -0.0126609011
-153.1 -470.2 2406.5 0.9797368050 0.1489038765 0.1339533031 -0.1427765340 0.9882646203 -0.0542950258 -0.1404660493 0.0340694450 0.9894991517
86.4 -500.1 2816.1 0.9913443327 0.0154788038 0.1303717494 0.1310130209 -0.0524664596 -0.9899913669 -0.0084837377 0.9985027313 -0.0540402532
79.7 -477.3 2382.3 0.9913443327 -0.1300228834 0.0181779340 0.1310130209 0.9886910319 -0.0729765743 -0.0084837377 0.0747264549 0.9971680045
-196.7 -392.1 3023.1 0 0 0 0 0 0 0 0 0
154.8 -376.6 2873.6 0 0 0 0 0 0 0 0 0
-204.9 -813.8 2394.6 0 0 0 0 0 0 0 0 0
129.4 -855.1 2353.8 0 0 0 0 0 0 0 0 0
41.0 2.6 3162.1 4 0.9981706142 0.0577588081 0.0178689603 -0.0385214053 0.8353601694 -0.5483516455 -0.0465991534 0.5466601253 0.8360569477
28.8 -174.0 3046.6 0.9981706142 0.0577588081 0.0178689603 -0.0385214053 0.8353601694 -0.5483516455 -0.0465991534 0.5466601253 0.8360569477
16.5 -334.8 2930.5 0.9979732633 0.0618086755 0.0151345925 -0.0412362888 0.8092880845 -0.5859627724 -0.0484658293 0.5841510892 0.8101966381
-116.9 -168.0 3053.6 0.2497839779 -0.9507942796 0.1832981259 0.6827181578 0.3071695864 0.6629801989 -0.6866613626 -0.0404608622 0.7258505821
-201.4 -398.9 3285.8 -0.0428533144 -0.9507942796 -0.3068449795 -0.0010450648 0.3071695864 -0.9516541958 0.9990808368 -0.0404608622 -0.0141568771
174.4 -180.0 3039.5 0.5269011855 0.7594495416 0.3815908432 -0.8365985751 0.3842302263 0.3904740214 0.1499265581 -0.5249795914 0.8378057480
