-23.1 71.3 2901.0 1 0.9966543317 -0.0389842428 0.0718357787 0.0571969897 0.9605111480 -0.2722992599 -0.0583836846 0.2754970193 0.9595273733
-15.1 -124.5 2844.9 0.9966543317 -0.0389842428 0.0718357787 0.0571969897 0.9605111480 -0.2722992599 -0.0583836846 0.2754970193 0.9595273733
-7.7 -311.1 2786.4 0.9965577126 -0.0396433696 0.0728088319 0.0595486425 0.9533348680 -0.2959840298 -0.0576773956 0.2993008494 0.9524139762
-156.6 -133.2 2853.0 -0.0381195880 -0.7320692539 -0.6801629066 0.5948401093 0.5303006172 -0.6041079760 0.8029396534 -0.4276165366 0.4152493179
-145.6 -305.3 2620.7 -0.1561328471 -0.7284403443 -0.6670811176 0.5120570660 0.5178300738 -0.6853098273 0.8446419835 -0.4485829771 0.2921527326
126.4 -115.8 2836.7 -0.0300419498 0.5684601068 0.8221621513 -0.7386936545 0.5414940715 -0.4013923407 -0.6733714938 -0.6193845868 0.4036503434
119.2 -293.5 2674.6 -0.4692248404 0.5684601068 0.6757819057 -0.4050112665 0.5414940715 -0.7367157340 -0.7847253680 -0.6193845868 -0.0238497183
-84.5 -501.0 2738.6 0.9464447498 0.3048283458 -0.1064048707 -0.1194624007 0.0244522411 -0.9925375581 -0.2999517322 0.9520933628 0.0595582239
-203.8 -510.6 2366.1 0.9464447498 0.2690989673 0.1784041971 -0.1194624007 0.8052220345 -0.5808151364 -0.2999517322 0.5283968449 0.7942453623
96.0 -491.4 2743.2 0.9994129539 -0.0252070986 -0.0232033078 -0.0259192418 -0.1133890674 -0.9932125211 0.0224050041 0.9932308793 -0.1139758453
109.0 -432.9 2230.1 0.9994129539 0.0207887832 -0.0272326600 -0.0259192418 0.9785905480 -0.2041783184 0.0224050041 0.2047643065 0.9785548449
-105.5 -436.7 2403.9 0 0 0 0 0 0 0 0 0
-1.0 -397.3 2473.7 0 0 0 0 0 0 0 0 0
-305.1 -813.8 2167.1 0 0 0 0 0 0 0 0 0
101.2 -801.4 2153.0 0 0 0 0 0 0 0 0 0
-23.9 71.8 2906.1 2 0.9976980686 -0.0357264094 0.0576388612 0.0508892909 0.9562271833 -0.2881664038 -0.0448206961 0.2904362679 0.9558440447
-16.6 -122.2 2847.2 0.9976980686 -0.0357264094 0.0576388612 0.0508892909 0.9562271833 -0.2881664038 -0.0448206961 0.2904362679 0.9558440447
-10.3 -307.9 2785.7 0.9977328777 -0.0332387350 0.0585171729 0.0499267019 0.9486292601 -0.3124258220 -0.0451264605 0.3146390915 0.9481381178
-158.5 -129.5 2853.6 -0.0525765046 -0.7198773623 -0.6921071410 0.6104909778 0.5253016353 -0.5927553773 0.7902761698 -0.4536901712 0.4118601084
-143.6 -303.4 2628.4 -0.1436954737 -0.7215718031 -0.6772633791 0.5124526024 0.5312103033 -0.6746909618 0.8466073275 -0.4440154433 0.2934388518
125.3 -115.0 2840.8 -0.0357712135 0.5122252703 0.8581058383 -0.7140938044 0.5875998735 -0.3805212677 -0.6991355419 -0.6263797879 0.3447577357
116.1 -298.3 2661.4 -0.4855694473 0.5122252703 0.7084119916 -0.4034386575 0.5875998735 -0.7014011741 -0.7755382061 -0.6263797879 -0.0786690786
-90.1 -503.2 2733.2 0.9490619302 0.2944457829 -0.1121748239 -0.1275747120 0.0335605629 -0.9912610054 -0.2881079614 0.9550787210 0.0694148839
-205.3 -516.3 2359.3 0.9490619302 0.2679697871 0.1657519341 -0.1275747120 0.8077964187 -0.5754908323 -0.2881079614 0.5250306726 0.8008349538
89.4 -492.1 2722.9 0.9991201758 -0.0381489284 -0.0174216926 -0.0219555236 -0.1218532100 -0.9923052788 0.0357324928 0.9918147326 -0.1225835830
108.3 -431.7 2231.4 0.9991201758 0.0140739540 -0.0395067073 -0.0219555236 0.9781370759 -0.2067990899 0.0357324928 0.2074845433 0.9775854945
-106.7 -435.0 2411.0 0 0 0 0 0 0 0 0 0
-8.2 -401.6 2462.8 0 0 0 0 0 0 0 0 0
-306.2 -820.5 2161.6 0 0 0 0 0 0 0 0 0
103.0 -800.1 2153.3 0 0 0 0 0 0 0 0 0
-27.0 77.2 2906.7 3 0.9970014691 -0.0410172194 0.0656170994 0.0579159856 0.9578977227 -0.2812075019 -0.0513201207 0.2841646075 0.9574010372
-18.7 -117.5 2848.9 0.9970014691 -0.0410172194 0.0656170994 0.0579159856 0.9578977227 -0.2812075019 -0.0513201207 0.2841646075 0.9574010372
-11.3 -303.5 2788.2 0.9970471263 -0.0380402058 0.0667083561 0.0568153001 0.9498372674 -0.3075405657 -0.0516631715 0.3104225099 0.9491937757
-160.6 -125.6 2856.3 -0.0587424487 -0.7260614038 -0.6851161718 0.6160125732 0.5136874914 -0.5972049236 0.7855430245 -0.4571214616 0.4170876741
-143.8 -301.9 2631.5 -0.1223125085 -0.7294693589 -0.6729888916 0.5258246064 0.5274657607 -0.6672993302 0.8417530060 -0.4354931712 0.3190573156
123.3 -109.3 2841.6 -0.0305349417 0.5263909101 0.8496941924 -0.7290300727 0.5698344111 -0.3792147636 -0.6838002205 -0.6310319304 0.3663549721
115.4 -298.1 2664.5 -0.4926626086 0.5263909101 0.6929618716 -0.4004690647 0.5698344111 -0.7175745368 -0.7725982666 -0.6310319304 -0.0699328333
-93.9 -498.2 2728.2 0.9502952099 0.2924167216 -0.1069182828 -0.1334335059 0.0722284392 -0.9884222746 -0.2813086510 0.9535593987 0.1076565310
-208.4 -526.5 2355.1 0.9502952099 0.2701438665 0.1547945589 -0.1334335059 0.8025621176 -0.5814546347 -0.2813086510 0.5318987966 0.7987172008
86.1 -489.0 2720.1 0.9987524748 -0.0463114157 -0.0186740160 -0.0238063466 -0.1128727123 -0.9933242202 0.0438944660 0.9925295711 -0.1138344109
109.1 -433.1 2228.1 0.9987524748 0.0149533972 -0.0476430692 -0.0238063466 0.9812881351 -0.1910677999 0.0438944660 0.1919636428 0.9804199338
-112.4 -436.9 2415.5 0 0 0 0 0 0 0 0 0
-10.8 -400.7 2466.7 0 0 0 0 0 0 0 0 0
-310.1 -828.7 2154.8 0 0 0 0 0 0 0 0 0
103.4 -802.6 2155.8 0 0 0 0 0 0 0 0 0
-30.5 83.0 2908.0 4 0.9975018501 -0.0493324213 0.0505600907 0.0611528344 0.9613394737 -0.2684896886 -0.0353601649 0.2709108591 0.9619547725
-20.5 -112.4 2852.9 0.9975018501 -0.0493324213 0.0505600907 0.0611528344 0.9613394737 -0.2684896886 -0.0353601649 0.2709108591 0.9619547725
-11.7 -299.1 2794.5 0.9976395965 -0.0449361950 0.0519230105 0.0583558194 0.9533503056 -0.2961719632 -0.0361919738 0.2985028923 0.9537222385
-162.6 -120.8 2858.1 -0.0630532354 -0.7199618220 -0.6911434531 0.6268302798 0.5103155971 -0.5887799263 0.7766003609 -0.4703541100 0.4191167951
-144.6 -299.4 2636.8 -0.0897050947 -0.7277834415 -0.6799148917 0.5216577649 0.5472037196 -0.6545542479 0.8484256864 -0.4133997262 0.3305669129
121.6 -104.1 2847.8 -0.0185772143 0.4924949408 0.8701170087 -0.7259750962 0.5917415619 -0.3504313827 -0.6874700785 -0.6381933093 0.3465461433
116.8 -293.2 2668.7 -0.4934231639 0.4924949408 0.7169256210 -0.4142048657 0.5917415619 -0.6915752292 -0.7648319602 -0.6381933093 -0.0879851878
-94.0 -494.6 2732.1 0.9514937401 0.2927785516 -0.0945536643 -0.1244537383 0.0852006376 -0.9885606170 -0.2813733220 0.9523767829 0.1175052598
-208.6 -528.0 2359.3 0.9514937401 0.2655208111 0.1554296315 -0.1244537383 0.7941704392 -0.5948147774 -0.2813733220 0.5466187000 0.7886932492
86.1 -484.3 2722.8 0.9985176325 -0.0478615649 -0.0259182192 -0.0307142008 -0.1023549885 -0.9942736626 0.0449346304 0.9935958385 -0.1036732867
110.1 -433.0 2225.1 0.9985176325 0.0225435141 -0.0495406240 -0.0307142008 0.9848052859 -0.1709243804 0.0449346304 0.1721926183 0.9840378761
-121.6 -433.3 2419.0 0 0 0 0 0 0 0 0 0
-9.6 -399.2 2472.8 0 0 0 0 0 0 0 0 0
-308.6 -827.0 2153.4 0 0 0 0 0 0 0 0 0
101.6 -803.8 2160.3 0 0 0 0 0 0 0 0 0
-32.4 88.0 2897.1 5 0.9982951283 -0.0365294516 0.0455245152 0.0462352596 0.9709484577 -0.2347793877 -0.0356255956 0.2364839613 0.9709820747
-25.0 -110.5 2848.8 0.9982951283 -0.0365294516 0.0455245152 0.0462352596 0.9709484577 -0.2347793877 -0.0356255956 0.2364839613 0.9709820747
-18.6 -298.8 2795.7 0.9983624220 -0.0329229236 0.0467815064 0.0443612076 0.9619048238 -0.2697613835 -0.0361180231 0.2713949382 0.9617901444
-167.2 -116.8 2853.9 -0.0831703469 -0.7113623023 -0.6978870630 0.6465972662 0.4943608344 -0.5809641480 0.7582840323 -0.4995708466 0.4188487530
-144.1 -296.8 2642.8 -0.0750451013 -0.7267603874 -0.6827793121 0.5045220852 0.5629335642 -0.6546474695 0.8601312041 -0.3936052918 0.3244212568
117.3 -104.2 2843.7 0.0031664970 0.5358570814 0.8443027735 -0.7452298403 0.5642513633 -0.3553207815 -0.6668001413 -0.6280745268 0.4011234045
118.1 -292.4 2675.2 -0.4872038066 0.5358570814 0.6895575523 -0.4008986950 0.5642513633 -0.7217344642 -0.7758303285 -0.6280745268 -0.0600809902
-93.1 -491.1 2739.3 0.9528990388 0.2853105068 -0.1028654724 -0.1280864179 0.0711438432 -0.9892079830 -0.2749131620 0.9557909966 0.1043372974
-204.8 -518.9 2365.1 0.9528990388 0.2653712630 0.1468382627 -0.1280864179 0.7909824848 -0.5982813239 -0.2749131620 0.5512937307 0.7877169251
87.1 -480.5 2732.8 0.9986258149 -0.0445628576 -0.0275787544 -0.0315934457 -0.0920543298 -0.9952526689 0.0418125577 0.9947563410 -0.0933357254
109.9 -433.5 2225.5 0.9986258149 0.0237250738 -0.0467285439 -0.0315934457 0.9839540720 -0.1756025106 0.0418125577 0.1768375188 0.9833515286
-124.8 -426.3 2422.1 0 0 0 0 0 0 0 0 0
-6.7 -395.0 2476.6 0 0 0 0 0 0 0 0 0
-304.8 -816.8 2157.5 0 0 0 0 0 0 0 0 0
100.9 -804.1 2158.9 0 0 0 0 0 0 0 0 0
-32.3 87.5 2892.7 6 0.9982675314 -0.0474406481 0.0348039977 0.0540686101 0.9729441404 -0.2246246338 -0.0232060086 0.2261172831 0.9738236070
-22.7 -110.9 2846.6 0.9982675314 -0.0474406481 0.0348039977 0.0540686101 0.9729441404 -0.2246246338 -0.0232060086 0.2261172831 0.9738236070
-14.3 -299.6 2795.3 0.9984177947 -0.0427936912 0.0364769362 0.0508424863 0.9641240239 -0.2605378032 -0.0240189172 0.2619801462 0.9647743106
-164.9 -118.1 2850.0 -0.0682096705 -0.7101965547 -0.7006912827 0.6522610784 0.4996930957 -0.5699669123 0.7549191713 -0.4959109128 0.4291496873
-146.1 -298.2 2641.7 -0.1030186787 -0.7281708121 -0.6776093841 0.4763637483 0.5619122386 -0.6762634516 0.8731922507 -0.3924562931 0.2889867127
119.6 -103.6 2843.2 -0.0325099081 0.6101391912 0.7916269302 -0.7502520084 0.5084082484 -0.4226617515 -0.6603521705 -0.6076604128 0.4412298799
111.4 -291.9 2677.5 -0.4640963376 0.6101391912 0.6421407461 -0.3922719359 0.5084082484 -0.7665792704 -0.7941897511 -0.6076604128 0.0033900808
-102.4 -491.1 2745.8 0.9579207897 0.2585577071 -0.1246422976 -0.1443783939 0.0587261505 -0.9877783656 -0.2480779588 0.9642090797 0.0935851485
-203.6 -514.1 2368.4 0.9579207897 0.2620796263 0.1170558110 -0.1443783939 0.7924156785 -0.5926485062 -0.2480779588 0.5508099794 0.7969101071
78.0 -483.1 2739.3 0.9976798892 -0.0628486648 -0.0261709243 -0.0320739970 -0.0948330536 -0.9949763417 0.0600510649 0.9935072660 -0.0966288373
110.6 -433.9 2224.2 0.9976798892 0.0217908993 -0.0644982830 -0.0320739970 0.9861093163 -0.1629713625 0.0600510649 0.1646619588 0.9845203161
-119.7 -420.3 2417.7 0 0 0 0 0 0 0 0 0
-7.4 -392.3 2474.2 0 0 0 0 0 0 0 0 0
-302.3 -812.5 2160.9 0 0 0 0 0 0 0 0 0
102.4 -805.3 2162.2 0 0 0 0 0 0 0 0 0
-32.8 87.6 2901.0 7 0.9979506135 -0.0510648452 0.0385614447 0.0589578487 0.9679989815 -0.2439302355 -0.0248711798 0.2457038164 0.9690258503
-22.4 -108.7 2851.2 0.9979506135 -0.0510648452 0.0385614447 0.0589578487 0.9679989815 -0.2439302355 -0.0248711798 0.2457038164 0.9690258503
-13.5 -296.6 2796.7 0.9981386065 -0.0458539575 0.0402089767 0.0552192852 0.9593703151 -0.2766937315 -0.0258877967 0.2783990204 0.9601165652
-164.7 -116.6 2854.9 -0.0712842643 -0.7135013938 -0.6970181465 0.6376307607 0.5047727823 -0.5819205046 0.7670368552 -0.4859219790 0.4189680815
-144.1 -300.1 2634.1 -0.1259593219 -0.7285066247 -0.6733589768 0.4748359323 0.5516859293 -0.6856919527 0.8710138202 -0.4061043561 0.2764311433
119.8 -100.8 2847.5 -0.0168051794 0.5601409674 0.8282268643 -0.7442115545 0.5461828113 -0.3844912648 -0.6677325964 -0.6228374243 0.4076846540
115.6 -290.0 2677.8 -0.4840630591 0.5601409674 0.6722537279 -0.3943372369 0.5461828113 -0.7390415668 -0.7811409235 -0.6228374243 -0.0435025059
-96.2 -493.0 2746.2 0.9544031620 0.2714810669 -0.1241474450 -0.1406248659 0.0420280807 -0.9891704917 -0.2633233666 0.9615256786 0.0782887191
-202.5 -509.4 2369.8 0.9544031620 0.2667231262 0.1340646595 -0.1406248659 0.7978497148 -0.5862256289 -0.2633233666 0.5406427979 0.7989782095
84.3 -483.8 2741.9 0.9986107945 -0.0487055406 -0.0201066695 -0.0247982107 -0.0977206454 -0.9949048758 0.0464925431 0.9940213561 -0.0987926945
109.5 -433.1 2226.2 0.9986107945 0.0164940525 -0.0500445217 -0.0247982107 0.9851050377 -0.1701562107 0.0464925431 0.1711608469 0.9841455221
-111.8 -421.9 2410.6 0 0 0 0 0 0 0 0 0
-8.4 -390.9 2477.8 0 0 0 0 0 0 0 0 0
-302.9 -809.9 2166.2 0 0 0 0 0 0 0 0 0
103.3 -804.1 2161.7 0 0 0 0 0 0 0 0 0
-33.0 88.2 2904.6 8 0.9980096817 -0.0588068925 0.0227700341 0.0626656413 0.9652239084 -0.2538027763 -0.0070528286 0.2547245026 0.9669879675
-21.0 -107.9 2852.9 0.9980096817 -0.0588068925 0.0227700341 0.0626656413 0.9652239084 -0.2538027763 -0.0070528286 0.2547245026 0.9669879675
-11.1 -295.2 2796.6 0.9984077215 -0.0507514812 0.0246236734 0.0556834191 0.9565154910 -0.2863170505 -0.0090219099 0.2872322798 0.9578184485
-163.3 -115.8 2854.2 -0.0607143827 -0.7057828903 -0.7058216929 0.6470534801 0.5105961561 -0.5662273169 0.7600234151 -0.4910825193 0.4256787300
-146.2 -298.2 2639.9 -0.1484009624 -0.7212365866 -0.6766054630 0.4654559493 0.5527197123 -0.6912681460 0.8725410700 -0.4175148904 0.2536797225
121.2 -99.9 2851.6 0.0065472289 0.5108059049 0.8596711159 -0.7404922247 0.5802287459 -0.3391251266 -0.6720330119 -0.6343594790 0.3820466995
122.9 -287.2 2681.7 -0.5043237209 0.5108059049 0.6962291002 -0.3953387439 0.5802287459 -0.7120687366 -0.7677010298 -0.6343594790 -0.0906817466
-94.7 -489.4 2744.5 0.9532510638 0.2692165375 -0.1372400671 -0.1561800838 0.0501366928 -0.9864553213 -0.2586893141 0.9617737532 0.0898391157
-200.1 -509.0 2367.9 0.9532510638 0.2750242352 0.1251960993 -0.1561800838 0.8030912280 -0.5750236511 -0.2586893141 0.5285887718 0.8085008860
85.7 -479.4 2739.8 0.9987375140 -0.0458063409 -0.0206180960 -0.0246881898 -0.0901442841 -0.9956226945 0.0437472276 0.9948747754 -0.0911613554
109.4 -432.8 2225.7 0.9987375140 0.0172381289 -0.0471823439 -0.0246881898 0.9864508510 -0.1621889621 0.0437472276 0.1631490588 0.9856310487
-108.1 -417.7 2416.0 0 0 0 0 0 0 0 0 0
-6.2 -388.4 2485.2 0 0 0 0 0 0 0 0 0
-303.7 -811.5 2168.8 0 0 0 0 0 0 0 0 0
102.9 -804.3 2164.2 0 0 0 0 0 0 0 0 0
-32.1 94.0 2895.5 9 0.9970795512 -0.0594926663 0.0478855968 0.0682228655 0.9756640196 -0.2083876431 -0.0343227126 0.2110459507 0.9768733382
-19.9 -107.0 2852.0 0.9970795512 -0.0594926663 0.0478855968 0.0682228655 0.9756640196 -0.2083876431 -0.0343227126 0.2110459507 0.9768733382
-9.9 -296.4 2804.2 0.9974785447 -0.0505827107 0.0497784838 0.0611754470 0.9683911800 -0.2418181896 -0.0359732248 0.2442536801 0.9690439105
-162.0 -115.6 2857.1 -0.0521093048 -0.7225888968 -0.6893112063 0.6428576708 0.5039417744 -0.5768680573 0.7642111182 -0.4731891751 0.4382617474
-147.1 -298.9 2639.2 -0.1638275683 -0.7334938645 -0.6596569419 0.4652083218 0.5322236419 -0.7073324323 0.8699090481 -0.4227584600 0.2540345490
122.2 -98.3 2846.8 -0.0025359483 0.5428733230 0.8398107886 -0.7556905746 0.5489753485 -0.3571524024 -0.6549239159 -0.6355428100 0.4088520706
121.6 -289.1 2681.5 -0.5084316730 0.5428733230 0.6684203744 -0.3874796033 0.5489753485 -0.7405982018 -0.7689972520 -0.6355428100 -0.0687641129
-91.4 -487.5 2741.2 0.9518534541 0.2791206837 -0.1267544031 -0.1484149694 0.0577992648 -0.9872346520 -0.2682313025 0.9585149288 0.0964421183
-200.7 -510.1 2365.8 0.9518534541 0.2746916413 0.1360865086 -0.1484149694 0.8013634682 -0.5794735551 -0.2682313025 0.5313766599 0.8035489321
89.1 -477.5 2739.6 0.9989320040 -0.0398730934 -0.0233449489 -0.0267475937 -0.0870533735 -0.9958444834 0.0376751423 0.9954053760 -0.0880269110
109.7 -432.5 2225.1 0.9989320040 0.0204279572 -0.0414433181 -0.0267475937 0.9870473146 -0.1581839025 0.0376751423 0.1591234803 0.9865395427
-105.1 -418.4 2415.9 0 0 0 0 0 0 0 0 0
-8.6 -388.3 2484.6 0 0 0 0 0 0 0 0 0
-304.1 -812.0 2165.7 0 0 0 0 0 0 0 0 0
102.0 -804.2 2165.1 0 0 0 0 0 0 0 0 0
-28.9 92.9 2890.4 0 0.9977533817 -0.0543948747 0.0391066559 0.0612330511 0.9772714376 -0.2029559016 -0.0271780565 0.2048945576 0.9784066677
-17.7 -107.4 2848.4 0.9977533817 -0.0543948747 0.0391066559 0.0612330511 0.9772714376 -0.2029559016 -0.0271780565 0.2048945576 0.9784066677
-8.2 -297.1 2801.2 0.9979829788 -0.0484393761 0.0410310254 0.0568870530 0.9692575336 -0.2393818647 -0.0281741209 0.2412331700 0.9700581431
-160.0 -115.4 2852.4 -0.0488389954 -0.7163717151 -0.6960074306 0.6565954685 0.5020823479 -0.5628461242 0.7526600361 -0.4844841361 0.4458452165
-146.5 -296.0 2645.5 -0.1589457840 -0.7289921641 -0.6658127904 0.4728834033 0.5357829928 -0.6995126009 0.8666703701 -0.4260363877 0.2595678568
124.5 -99.3 2844.4 -0.0211250298 0.5834124684 0.8119012117 -0.7624878883 0.5158548951 -0.3905201256 -0.6466575265 -0.6273145676 0.4339475036
119.1 -290.9 2681.9 -0.4883641005 0.5834124684 0.6489455700 -0.3943375647 0.5158548951 -0.7605206370 -0.7784590125 -0.6273145676 -0.0218635537
-90.0 -491.4 2759.7 0.9523699880 0.2519518137 -0.1717896610 -0.1703236550 -0.0277872272 -0.9849963188 -0.2529451549 0.9673407674 0.0164496340
-188.3 -480.5 2382.3 0.9523699880 0.2824126482 0.1150412858 -0.1703236550 0.8055542111 -0.5675141215 -0.2529451549 0.5208891630 0.8152871728
90.3 -480.4 2753.2 0.9988811016 -0.0385075025 -0.0274535250 -0.0307884943 -0.0888714343 -0.9955671430 0.0358969681 0.9952984452 -0.0899575800
110.8 -433.1 2223.7 0.9988811016 0.0248874668 -0.0402136520 -0.0307884943 0.9876660109 -0.1535185128 0.0358969681 0.1545848697 0.9873271585
-105.7 -417.4 2423.0 0 0 0 0 0 0 0 0 0
-5.9 -391.9 2482.6 0 0 0 0 0 0 0 0 0
-294.6 -783.9 2186.2 0 0 0 0 0 0 0 0 0
101.4 -805.1 2165.5 0 0 0 0 0 0 0 0 0
-26.8 84.2 2889.3 1 0.9983867407 -0.0428316444 0.0372747891 0.0499003902 0.9750962257 -0.2160954624 -0.0270907823 0.2176068574 0.9756604433
-18.1 -114.7 2844.9 0.9983867407 -0.0428316444 0.0372747891 0.0499003902 0.9750962257 -0.2160954624 -0.0270907823 0.2176068574 0.9756604433
-10.5 -304.0 2795.5 0.9985013008 -0.0386497453 0.0387469232 0.0471693389 0.9667904377 -0.2511797845 -0.0277521219 0.2526310086 0.9671646357
-160.3 -121.4 2848.9 -0.0541123264 -0.7109624743 -0.7011449337 0.6471483707 0.5097751617 -0.5668581724 0.7604411840 -0.4844188094 0.4325131178
-145.6 -297.6 2641.9 -0.1865852475 -0.7245054245 -0.6635343432 0.4453813732 0.5396249890 -0.7144510746 0.8756833673 -0.4288318753 0.2219951600
124.2 -108.0 2841.0 -0.0301250685 0.6041327119 0.7963141203 -0.7529073358 0.5102866292 -0.4156177044 -0.6574366689 -0.6120712757 0.4394835532
116.9 -291.7 2680.6 -0.4673867226 0.6041327119 0.6454249024 -0.3951973319 0.5102866292 -0.7638236880 -0.7908025980 -0.6120712757 0.0002504547
-88.9 -492.0 2756.5 0.9514912367 0.2613979280 -0.1622821987 -0.1656931341 -0.0090920813 -0.9861354232 -0.2592492402 0.9651883245 0.0346608050
-191.0 -488.4 2379.3 0.9514912367 0.2839762866 0.1184139401 -0.1656931341 0.7972286940 -0.5804930329 -0.2592492402 0.5327136517 0.8056090474
91.5 -481.7 2751.4 0.9991334081 -0.0344296955 -0.0233879238 -0.0265215747 -0.0935685560 -0.9952595234 0.0320781097 0.9950173497 -0.0944005996
109.7 -432.3 2225.5 0.9991334081 0.0207620859 -0.0360740162 -0.0265215747 0.9855421782 -0.1673414707 0.0320781097 0.1681531966 0.9852387905
-97.7 -411.8 2417.2 0 0 0 0 0 0 0 0 0
-2.8 -392.9 2478.1 0 0 0 0 0 0 0 0 0
-298.0 -788.6 2178.7 0 0 0 0 0 0 0 0 0
101.9 -803.4 2162.2 0 0 0 0 0 0 0 0 0
-23.6 80.2 2900.8 2 0.9991124868 -0.0267259069 0.0325564481 0.0344213843 0.9635313153 -0.2653725445 -0.0242768340 0.2662576437 0.9635961056
-18.2 -115.9 2846.6 0.9991124868 -0.0267259069 0.0325564481 0.0344213843 0.9635313153 -0.2653725445 -0.0242768340 0.2662576437 0.9635961056
-13.9 -302.9 2789.4 0.9992110133 -0.0217668656 0.0332192220 0.0305213127 0.9560506940 -0.2916084528 -0.0254118592 0.2923922837 0.9559607506
-160.6 -120.2 2850.3 -0.0455829687 -0.7000017166 -0.7126849294 0.6453441978 0.5239410400 -0.5558926463 0.7625306845 -0.4852663279 0.4278592765
-147.9 -299.7 2638.2 -0.1991849542 -0.7138719559 -0.6713510156 0.4299841523 0.5519427061 -0.7144738436 0.8805901408 -0.4309827685 0.1970149428
124.2 -111.6 2842.9 -0.0429056697 0.5802611113 0.8132995367 -0.7279751897 0.5393769741 -0.4232311845 -0.6842596531 -0.6102209091 0.3992733359
113.4 -294.3 2671.1 -0.4611410499 0.5802611113 0.6713017225 -0.3999937177 0.5393769741 -0.7409976125 -0.7920567989 -0.6102209091 -0.0166280661
-93.1 -497.5 2748.5 0.9524809122 0.2701472938 -0.1407143772 -0.1531846970 0.0255354103 -0.9878675938 -0.2632765472 0.9624803066 0.0657044202
-198.7 -507.5 2372.2 0.9524809122 0.2796157300 0.1208103448 -0.1531846970 0.7825385928 -0.6034631729 -0.2632765472 0.5562808514 0.7881858945
87.4 -489.0 2743.5 0.9988139272 -0.0432645455 -0.0223363321 -0.0268802121 -0.1074660867 -0.9938452840 0.0405978672 0.9932669401 -0.1085015833
109.9 -433.0 2226.3 0.9988139272 0.0194946006 -0.0446171835 -0.0268802121 0.9848263860 -0.1714481413 0.0405978672 0.1724441200 0.9841822982
-96.8 -410.1 2412.2 0 0 0 0 0 0 0 0 0
-4.7 -396.7 2468.3 0 0 0 0 0 0 0 0 0
-304.0 -802.1 2162.7 0 0 0 0 0 0 0 0 0
102.6 -804.0 2161.3 0 0 0 0 0 0 0 0 0
-22.8 77.4 2905.5 3 0.9985768795 -0.0146003840 0.0512938946 0.0284370761 0.9594290853 -0.2805123925 -0.0451172628 0.2815718353 0.9584788680
-19.9 -116.5 2848.6 0.9985768795 -0.0146003840 0.0512938946 0.0284370761 0.9594290853 -0.2805123925 -0.0451172628 0.2815718353 0.9584788680
-18.0 -302.7 2788.4 0.9986168742 -0.0099286875 0.0516306534 0.0253192522 0.9514542818 -0.3067468703 -0.0460786112 0.3076298535 0.9503897429
-162.2 -120.1 2855.2 -0.0383086130 -0.7065312862 -0.7066441774 0.6379738450 0.5269891024 -0.5614907742 0.7691045403 -0.4723304510 0.4305602610
-151.4 -299.1 2639.4 -0.1945035011 -0.7118937969 -0.6748152375 0.4639318287 0.5393788815 -0.7027358413 0.8642543554 -0.4497528672 0.2253591120
122.4 -112.8 2842.0 -0.0381968282 0.5753321648 0.8170274496 -0.7300468087 0.5422291160 -0.4159558117 -0.6823288202 -0.6123564839 0.3993079960
113.0 -293.0 2673.7 -0.4489187002 0.5753321648 0.6837140322 -0.4164935648 0.5422291160 -0.7297402024 -0.7905726433 -0.6123564839 -0.0037946389
-99.9 -492.7 2734.5 0.9530572891 0.2659954727 -0.1446660310 -0.1717935055 0.0815932453 -0.9817482233 -0.2493367940 0.9605149627 0.1234593317
-203.8 -524.6 2359.2 0.9530572891 0.2847841084 0.1028584316 -0.1717935055 0.7883111835 -0.5908066630 -0.2493367940 0.5454021692 0.8002297282
80.7 -487.2 2729.8 0.9980899096 -0.0574098639 -0.0228179041 -0.0288975369 -0.1074033156 -0.9937954545 0.0546029434 0.9925566316 -0.1088571697
109.8 -432.7 2226.6 0.9980899096 0.0185550544 -0.0589258783 -0.0288975369 0.9832698107 -0.1798482388 0.0546029434 0.1812075227 0.9819278717
-101.5 -418.2 2417.7 0 0 0 0 0 0 0 0 0
-2.0 -399.6 2471.3 0 0 0 0 0 0 0 0 0
-311.1 -821.4 2153.8 0 0 0 0 0 0 0 0 0
102.8 -803.1 2158.3 0 0 0 0 0 0 0 0 0
-25.9 77.5 2898.4 4 0.9986194372 -0.0160531383 0.0500152409 0.0285394546 0.9651760459 -0.2600397170 -0.0440990590 0.2611081004 0.9643017054
-22.6 -118.1 2845.5 0.9986194372 -0.0160531383 0.0500152409 0.0285394546 0.9651760459 -0.2600397170 -0.0440990590 0.2611081004 0.9643017054
-20.8 -305.4 2788.5 0.9986834526 -0.0094536161 0.0504178032 0.0237145983 0.9566203356 -0.2903707325 -0.0454856418 0.2911840975 0.9555851221
-164.9 -121.5 2852.0 -0.0433408394 -0.7058007717 -0.7070833445 0.6426049471 0.5222218633 -0.5606632233 0.7649708986 -0.4786748290 0.4309175313
-153.1 -297.7 2642.3 -0.1878221035 -0.7101373672 -0.6785482764 0.4860527217 0.5331238508 -0.6924822330 0.8535078168 -0.4598737359 0.2450317591
119.7 -114.8 2839.0 -0.0262458660 0.5493568778 0.8351755142 -0.7318118811 0.5585887432 -0.3904228210 -0.6810011268 -0.6214383841 0.3873652518
113.2 -295.6 2670.7 -0.4638702571 0.5493568778 0.6950046420 -0.4147154093 0.5585887432 -0.7183243036 -0.7828381062 -0.6214383841 -0.0312859379
-106.3 -491.2 2732.4 0.9559592009 0.2598040998 -0.1365424842 -0.1662444323 0.0959141254 -0.9814088345 -0.2418776900 0.9608861804 0.1348809749
-207.9 -528.7 2356.5 0.9559592009 0.2747870982 0.1031216681 -0.1662444323 0.7965077162 -0.5813245773 -0.2418776900 0.5385791659 0.8071106672
74.2 -486.6 2724.1 0.9970433712 -0.0726273954 -0.0250942800 -0.0328062922 -0.1070220098 -0.9937152863 0.0694853142 0.9916005135 -0.1090882197
110.8 -432.7 2224.8 0.9970433712 0.0199553370 -0.0742040798 -0.0328062922 0.9838016629 -0.1762329489 0.0694853142 0.1781462580 0.9815475941
-104.9 -422.4 2423.3 0 0 0 0 0 0 0 0 0
-5.6 -401.8 2470.3 0 0 0 0 0 0 0 0 0
-311.4 -828.6 2153.7 0 0 0 0 0 0 0 0 0
103.3 -803.3 2157.7 0 0 0 0 0 0 0 0 0
-27.0 77.5 2905.3 5 0.9989293218 -0.0320457332 0.0333664082 0.0401763059 0.9585015774 -0.2822420299 -0.0229371041 0.2832803726 0.9587628245
-20.4 -117.6 2847.7 0.9989293218 -0.0320457332 0.0333664082 0.0401763059 0.9585015774 -0.2822420299 -0.0229371041 0.2832803726 0.9587628245
-15.5 -303.5 2786.5 0.9990988374 -0.0250732675 0.0342469737 0.0345131867 0.9495675564 -0.3116573989 -0.0247055441 0.3125585318 0.9495771527
-162.8 -122.5 2851.2 -0.0484801233 -0.7014085650 -0.7111087441 0.6374593973 0.5263729095 -0.5626517534 0.7689571977 -0.4805804193 0.4216008782
-149.2 -300.7 2636.2 -0.1709932089 -0.7067650557 -0.6864725351 0.4942460358 0.5412008166 -0.6803106070 0.8523392677 -0.4556148052 0.2567741573
121.9 -112.7 2844.2 -0.0324462242 0.4927047491 0.8695914149 -0.7168958783 0.5947706103 -0.3637419343 -0.6964248419 -0.6352085471 0.3339199424
113.5 -298.2 2664.0 -0.4825920463 0.4927047491 0.7241180539 -0.4206636250 0.5947706103 -0.6850474477 -0.7682102919 -0.6352085471 -0.0797686130
-109.2 -494.8 2735.6 0.9578315020 0.2529663444 -0.1362602711 -0.1639234424 0.0916123912 -0.9822099209 -0.2359829247 0.9631277919 0.1292163432
-208.2 -530.7 2358.6 0.9578315020 0.2726594508 0.0906403214 -0.1639234424 0.7776285410 -0.6069785357 -0.2359829247 0.5665251017 0.7895323634
71.3 -490.5 2727.4 0.9960401654 -0.0807412118 -0.0372142158 -0.0461141020 -0.1113240346 -0.9927136898 0.0760100633 0.9904987812 -0.1146065146
112.3 -434.0 2224.1 0.9960401654 0.0315723680 -0.0831097215 -0.0461141020 0.9827051759 -0.1793432385 0.0760100633 0.1824655980 0.9802697301
-105.4 -427.6 2417.5 0 0 0 0 0 0 0 0 0
-10.0 -405.9 2467.3 0 0 0 0 0 0 0 0 0
-310.9 -823.4 2145.3 0 0 0 0 0 0 0 0 0
100.5 -804.1 2155.4 0 0 0 0 0 0 0 0 0
-28.2 79.9 2908.3 6 0.9985014796 -0.0415798649 0.0355798826 0.0501192920 0.9558771253 -0.2894598246 -0.0219742954 0.2908093035 0.9565286636
-19.8 -114.2 2849.3 0.9985014796 -0.0415798649 0.0355798826 0.0501192920 0.9558771253 -0.2894598246 -0.0219742954 0.2908093035 0.9565286636
-12.7 -299.5 2786.5 0.9986672401 -0.0361757465 0.0368104279 0.0460630506 0.9464438558 -0.3195656240 -0.0232784804 0.3208353221 0.9468488693
-162.1 -120.7 2852.6 -0.0404140279 -0.7071906328 -0.7058669329 0.6353386641 0.5270497799 -0.5644141436 0.7711753845 -0.4712747931 0.4280053377
-150.6 -301.5 2633.1 -0.1599527597 -0.7127150893 -0.6829731464 0.4903140664 0.5431317091 -0.6816157699 0.8567422032 -0.4438976645 0.2625788152
122.5 -107.6 2846.0 -0.0112651819 0.4247913957 0.9052211642 -0.7161557078 0.6283609271 -0.3037820458 -0.6978496313 -0.6517015100 0.2971381843
119.6 -297.0 2661.5 -0.5082713366 0.4247913957 0.7491412163 -0.4301708341 0.6283609271 -0.6481632590 -0.7460651994 -0.6517015100 -0.1366449744
-100.9 -492.5 2727.6 0.9542343616 0.2775132656 -0.1114593670 -0.1442171037 0.1005110741 -0.9844282269 -0.2619889975 0.9554495811 0.1359332800
-209.5 -531.8 2353.6 0.9542343616 0.2700287402 0.1285351664 -0.1442171037 0.7920153141 -0.5932227373 -0.2619889975 0.5475364923 0.7947109938
79.7 -486.3 2723.1 0.9970101118 -0.0652105510 -0.0414538831 -0.0483051129 -0.1072623208 -0.9930565953 0.0603113249 0.9920899272 -0.1100916192
112.2 -432.8 2228.6 0.9970101118 0.0360102281 -0.0683674142 -0.0483051129 0.9810356498 -0.1877117604 0.0603113249 0.1904530227 0.9798419476
-109.5 -427.4 2413.2 0 0 0 0 0 0 0 0 0
-10.5 -407.1 2470.5 0 0 0 0 0 0 0 0 0
-311.1 -830.0 2147.5 0 0 0 0 0 0 0 0 0
98.7 -802.3 2156.9 0 0 0 0 0 0 0 0 0
-29.0 83.0 2907.8 7 0.9982686043 -0.0446685590 0.0382694378 0.0537008196 0.9575883746 -0.2830913961 -0.0240010843 0.2846563458 0.9583291411
-19.9 -111.7 2849.9 0.9982686043 -0.0446685590 0.0382694378 0.0537008196 0.9575883746 -0.2830913961 -0.0240010843 0.2846563458 0.9583291411
-12.4 -297.3 2788.0 0.9984798431 -0.0382770970 0.0396591723 0.0488476604 0.9478284121 -0.3150162101 -0.0255321842 0.3164746165 0.9482573271
-162.2 -118.6 2853.6 -0.0153745683 -0.7100477815 -0.7039856315 0.6443665624 0.5313320160 -0.5499799848 0.7645621896 -0.4620805085 0.4493620694
-157.9 -299.5 2639.0 -0.1970308721 -0.7100114226 -0.6760640740 0.4803242683 0.5312432647 -0.6979034543 0.8546738625 -0.4622384906 0.2363643795
122.4 -104.7 2846.3 0.0039857673 0.4495931268 0.8932245374 -0.7281922698 0.6134961843 -0.3055461049 -0.6853613257 -0.6492213607 0.3298355043
123.4 -292.9 2669.2 -0.4989301860 0.4495931268 0.7409012914 -0.4303882718 0.6134961843 -0.6621090174 -0.7522197962 -0.6492213607 -0.1125921533
-95.8 -488.9 2725.8 0.9524483681 0.2941568196 -0.0794599056 -0.1173112243 0.1133312508 -0.9866073728 -0.2812120020 0.9490141273 0.1424500644
-211.0 -533.3 2354.2 0.9524483681 0.2598163188 0.1591778547 -0.1173112243 0.7948198318 -0.5953986049 -0.2812120020 0.5484130979 0.7875042558
84.7 -480.6 2721.6 0.9978223443 -0.0546031184 -0.0370007604 -0.0421616435 -0.0966099352 -0.9944289327 0.0507242791 0.9938234091 -0.0987017080
111.8 -432.7 2229.0 0.9978223443 0.0314324014 -0.0579875931 -0.0421616435 0.9800434709 -0.1942607015 0.0507242791 0.1962825209 0.9792345166
-107.3 -422.7 2419.7 0 0 0 0 0 0 0 0 0
-4.3 -403.1 2476.6 0 0 0 0 0 0 0 0 0
-308.8 -832.6 2147.7 0 0 0 0 0 0 0 0 0
99.9 -801.9 2155.1 0 0 0 0 0 0 0 0 0
-29.0 82.1 2899.5 8 0.9983348250 -0.0443756320 0.0368568003 0.0525474474 0.9631787539 -0.2636767626 -0.0237988643 0.2651744187 0.9639067054
-20.0 -113.4 2845.7 0.9983348250 -0.0443756320 0.0368568003 0.0525474474 0.9631787539 -0.2636767626 -0.0237988643 0.2651744187 0.9639067054
-12.4 -300.1 2787.2 0.9985118508 -0.0388035662 0.0383185111 0.0484670363 0.9535347223 -0.2973592579 -0.0249994304 0.2987739444 0.9539964199
-162.3 -120.3 2849.3 -0.0188957211 -0.7095468640 -0.7044048905 0.6490483880 0.5271948576 -0.5484539866 0.7605124116 -0.4675562978 0.4505685270
-157.1 -298.6 2640.4 -0.1905079037 -0.7108604312 -0.6770407557 0.4867544472 0.5305212736 -0.6939865351 0.8525120616 -0.4617625177 0.2449459732
122.3 -106.5 2842.2 0.0090879574 0.4491476417 0.8934113383 -0.7315731645 0.6120772958 -0.3002699316 -0.6817023158 -0.6508669257 0.3341468871
124.6 -290.3 2670.9 -0.4954899848 0.4491476417 0.7434756756 -0.4355526567 0.6120772958 -0.6600418687 -0.7515208125 -0.6508669257 -0.1076507270
-95.1 -487.3 2728.3 0.9522169828 0.2903735340 -0.0946892425 -0.1325785071 0.1136792973 -0.9846318960 -0.2751468420 0.9501369596 0.1467446536
-208.8 -531.8 2356.2 0.9522169828 0.2688811123 0.1448647231 -0.1325785071 0.7911804914 -0.5970396399 -0.2751468420 0.5493053794 0.7890233397
85.4 -478.5 2723.7 0.9979258776 -0.0533344969 -0.0360461920 -0.0407222062 -0.0893561840 -0.9951668978 0.0498557761 0.9945707321 -0.0913427472
112.0 -433.8 2226.5 0.9979258776 0.0305387042 -0.0566681921 -0.0407222062 0.9812650681 -0.1883098930 0.0498557761 0.1902269721 0.9804733992
-108.2 -423.5 2421.6 0 0 0 0 0 0 0 0 0
-2.3 -401.8 2478.4 0 0 0 0 0 0 0 0 0
-310.1 -829.7 2149.4 0 0 0 0 0 0 0 0 0
100.5 -803.4 2154.8 0 0 0 0 0 0 0 0 0
-26.0 78.1 2894.4 9 0.9985149503 -0.0368943028 0.0400841348 0.0458217300 0.9667366743 -0.2516358495 -0.0294668712 0.2530988753 0.9669915438
-18.5 -118.3 2843.0 0.9985149503 -0.0368943028 0.0400841348 0.0458217300 0.9667366743 -0.2516358495 -0.0294668712 0.2530988753 0.9669915438
-12.0 -305.9 2787.2 0.9986011982 -0.0330749005 0.0412520207 0.0434492752 0.9579101205 -0.2837610245 -0.0301303621 0.2851564586 0.9580072761
-160.8 -124.5 2847.3 -0.0263564475 -0.7094932199 -0.7042192221 0.6338477731 0.5328849554 -0.5605984926 0.7730086446 -0.4611431658 0.4356657565
-153.5 -300.6 2632.5 -0.1823402941 -0.7071440220 -0.6831539273 0.5096689463 0.5261917710 -0.6807053685 0.8408267498 -0.4723023474 0.2644633651
123.8 -112.1 2838.7 -0.0001131732 0.4864932299 0.8736843467 -0.7286856174 0.5983011723 -0.3332461417 -0.6848483682 -0.6366789341 0.3544329107
123.8 -293.3 2668.4 -0.4936175644 0.4864932299 0.7208786607 -0.4130501449 0.5983011723 -0.6866041422 -0.7653307915 -0.6366789341 -0.0943858698
-95.1 -491.2 2731.0 0.9525030255 0.2916019857 -0.0877851471 -0.1237136200 0.1071180850 -0.9865194559 -0.2782676518 0.9505230188 0.1381054372
-209.3 -533.1 2358.7 0.9525030255 0.2672657967 0.1459689736 -0.1237136200 0.7775933146 -0.6164767742 -0.2782676518 0.5691376328 0.7737244368
85.4 -482.4 2726.5 0.9980573058 -0.0505144484 -0.0364682004 -0.0412180573 -0.0964248925 -0.9944864511 0.0467194952 0.9940575957 -0.0983196720
111.0 -433.7 2224.2 0.9980573058 0.0324614532 -0.0531779416 -0.0412180573 0.9840803742 -0.1728781462 0.0467194952 0.1747341752 0.9835066199
-106.7 -431.4 2416.7 0 0 0 0 0 0 0 0 0
-2.6 -399.1 2472.4 0 0 0 0 0 0 0 0 0
-309.9 -825.9 2144.4 0 0 0 0 0 0 0 0 0
98.7 -804.3 2158.4 0 0 0 0 0 0 0 0 0
-27.4 80.5 2901.8 0 0.9964313507 -0.0206526872 0.0818416998 0.0422047339 0.9616006613 -0.2711879313 -0.0730982721 0.2736742496 0.9590407014
-23.2 -114.0 2846.5 0.9964313507 -0.0206526872 0.0818416998 0.0422047339 0.9616006613 -0.2711879313 -0.0730982721 0.2736742496 0.9590407014
-20.2 -300.6 2787.1 0.9964684248 -0.0160546042 0.0824195817 0.0402719900 0.9526709318 -0.3013241589 -0.0736811012 0.3035791814 0.9499530196
-165.1 -119.8 2857.0 -0.0529830940 -0.7257897854 -0.6858731508 0.6221868396 0.5132323503 -0.5911650062 0.7810738087 -0.4580630064 0.4243842363
-149.5 -303.1 2626.8 -0.1730799675 -0.7237643600 -0.6679884195 0.5233137608 0.5069872141 -0.6849136353 0.8343776464 -0.4681123495 0.2910065055
118.6 -108.2 2836.0 0.0166387577 0.4946171939 0.8689516783 -0.7369098663 0.5934544802 -0.3236906528 -0.6757862568 -0.6349532008 0.3743626177
123.0 -299.1 2661.0 -0.5084860325 0.4946171939 0.7048374414 -0.3948897123 0.5934544802 -0.7013372183 -0.7651823759 -0.6349532008 -0.1064440683
-95.8 -497.3 2734.0 0.9523732662 0.2940720916 -0.0806647465 -0.1112151146 0.0886641443 -0.9898332357 -0.2839302719 0.9516618252 0.1171466261
-211.0 -532.1 2361.3 0.9523732662 0.2623085082 0.1554974169 -0.1112151146 0.7736037374 -0.6238337159 -0.2839302719 0.5768288374 0.7659321427
84.7 -489.5 2728.6 0.9983479381 -0.0506172627 -0.0271902289 -0.0327241644 -0.1119257659 -0.9931775928 0.0472286455 0.9924265742 -0.1133972630
110.4 -432.8 2226.2 0.9983479381 0.0237806570 -0.0523057953 -0.0327241644 0.9835926294 -0.1774109751 0.0472286455 0.1788295358 0.9827458858
-105.1 -437.5 2412.7 0 0 0 0 0 0 0 0 0
-7.2 -400.1 2465.1 0 0 0 0 0 0 0 0 0
-309.7 -823.4 2144.1 0 0 0 0 0 0 0 0 0
101.4 -803.3 2158.9 0 0 0 0 0 0 0 0 0
-26.0 81.6 2895.1 1 0.9985600114 -0.0348994657 0.0407416038 0.0436856262 0.9697924852 -0.2399876714 -0.0311354604 0.2414219230 0.9699206352
-18.8 -118.4 2845.3 0.9985600114 -0.0348994657 0.0407416038 0.0436856262 0.9697924852 -0.2399876714 -0.0311354604 0.2414219230 0.9699206352
-12.3 -306.5 2791.6 0.9985543489 -0.0336509869 0.0419148728 0.0438463315 0.9610046148 -0.2730340660 -0.0310925208 0.2744771838 0.9610908031
-160.9 -124.8 2849.7 -0.0358963944 -0.7106051445 -0.7026747465 0.6302292347 0.5295860767 -0.5677585006 0.7755788565 -0.4632266164 0.4288339019
-151.1 -296.7 2638.1 -0.1549108922 -0.7106623650 -0.6862664223 0.5240063667 0.5297795534 -0.6668965220 0.8375081420 -0.4629175365 0.2903230190
123.3 -112.0 2840.8 0.0133218812 0.4509993196 0.8924248815 -0.7218619585 0.6219241023 -0.3035222292 -0.6919088364 -0.6401640773 0.3338444531
126.8 -298.8 2661.8 -0.5256614685 0.4509993196 0.7213041186 -0.3945666254 0.6219241023 -0.6764078736 -0.7536559105 -0.6401640773 -0.1489722431
-107.1 -490.8 2734.4 0.9580582976 0.2611125112 -0.1180870607 -0.1476255804 0.0965023786 -0.9843240976 -0.2456236482 0.9604725838 0.1310017854
-209.3 -528.5 2358.4 0.9580582976 0.2638317049 0.1118799299 -0.1476255804 0.7889883518 -0.5964093208 -0.2456236482 0.5548785329 0.7948451638
74.1 -484.1 2722.3 0.9967189431 -0.0734378248 -0.0340325348 -0.0415508896 -0.1034074500 -0.9937708378 0.0694611445 0.9919242859 -0.1061195731
110.8 -432.4 2226.6 0.9967189431 0.0281782821 -0.0758769512 -0.0415508896 0.9826239347 -0.1808968633 0.0694611445 0.1834560931 0.9805707335
-111.3 -431.2 2423.1 0 0 0 0 0 0 0 0 0
-7.8 -399.9 2468.8 0 0 0 0 0 0 0 0 0
-308.6 -825.6 2149.5 0 0 0 0 0 0 0 0 0
100.2 -802.5 2157.5 0 0 0 0 0 0 0 0 0
-27.0 82.0 2893.2 2 0.9973030090 -0.0390924290 0.0621162727 0.0527140126 0.9704139233 -0.2356227785 -0.0510674305 0.2382617146 0.9698574543
-19.0 -116.6 2844.4 0.9973030090 -0.0390924290 0.0621162727 0.0527140126 0.9704139233 -0.2356227785 -0.0510674305 0.2382617146 0.9698574543
-12.2 -305.0 2791.6 0.9973815680 -0.0349046066 0.0633379892 0.0506633259 0.9622163773 -0.2675311267 -0.0516067781 0.2700395286 0.9614652395
-161.0 -123.9 2851.8 -0.0502613448 -0.7232801914 -0.6887231469 0.6222146749 0.5167381763 -0.5880735517 0.7812315226 -0.4580910206 0.4240636230
-146.7 -301.9 2628.2 -0.1474462450 -0.7258895040 -0.6718214154 0.5113092661 0.5254993439 -0.6800097227 0.8466536999 -0.4437733889 0.2936711311
123.0 -109.3 2837.1 -0.0026389933 0.4882264435 0.8727130294 -0.7266526222 0.5986217856 -0.3370874524 -0.6870000362 -0.6350487471 0.3531912565
122.3 -299.5 2657.2 -0.5224014521 0.4882264435 0.6990934610 -0.3824401796 0.5986217856 -0.7038404942 -0.7621260881 -0.6350487471 -0.1260035038
-96.1 -498.6 2740.8 0.9541150331 0.2786830664 -0.1095454916 -0.1271705180 0.0459148809 -0.9908176064 -0.2710942924 0.9592849016 0.0792483464
-205.0 -516.6 2365.7 0.9541150331 0.2612582743 0.1463167071 -0.1271705180 0.7959170938 -0.5918983221 -0.2710942924 0.5461319089 0.7926208377
84.8 -490.9 2735.8 0.9982673526 -0.0507011972 -0.0298607554 -0.0354133360 -0.1124102399 -0.9930306077 0.0469911881 0.9923675656 -0.1140109673
110.8 -433.4 2227.8 0.9982673526 0.0263778307 -0.0525973998 -0.0354133360 0.9832037091 -0.1790430695 0.0469911881 0.1805955023 0.9824342728
-108.8 -433.1 2410.9 0 0 0 0 0 0 0 0 0
-11.4 -397.4 2462.1 0 0 0 0 0 0 0 0 0
-303.4 -816.3 2160.1 0 0 0 0 0 0 0 0 0
100.8 -803.7 2159.8 0 0 0 0 0 0 0 0 0
-28.6 86.4 2891.7 3 0.9975212812 -0.0449611694 0.0541278757 0.0560951829 0.9725214243 -0.2259544581 -0.0424813405 0.2284306884 0.9726328850
-19.4 -111.8 2845.2 0.9975212812 -0.0449611694 0.0541278757 0.0560951829 0.9725214243 -0.2259544581 -0.0424813405 0.2284306884 0.9726328850
-11.6 -300.6 2793.6 0.9976490736 -0.0399514176 0.0556791686 0.0531801470 0.9637835622 -0.2613294125 -0.0432221889 0.2636760771 0.9636424780
-161.5 -119.4 2851.3 -0.0493439846 -0.7203368545 -0.6918670535 0.6421806812 0.5076632500 -0.5743535757 0.7649635077 -0.4726445079 0.4375362694
-147.5 -301.8 2634.1 -0.1566916704 -0.7266464233 -0.6689040661 0.4984519482 0.5265072584 -0.6887204051 0.8526390791 -0.4413332939 0.2796990275
122.7 -104.2 2839.0 0.0008833974 0.5148853660 0.8572586179 -0.7366524935 0.5800745487 -0.3476443589 -0.6762708426 -0.6311945915 0.3798040152
122.9 -300.8 2658.6 -0.5245375633 0.5148853660 0.6780512333 -0.3691933453 0.5800745487 -0.7260921597 -0.7671744227 -0.6311945915 -0.1141786203
-95.6 -498.0 2743.4 0.9540001154 0.2746444941 -0.1202253103 -0.1355079114 0.0372940302 -0.9900740981 -0.2674347162 0.9608223438 0.0727950111
-203.0 -512.6 2367.4 0.9540001154 0.2647051215 0.1407654881 -0.1355079114 0.7995353937 -0.5851330757 -0.2674347162 0.5391421914 0.7986265421
84.9 -488.9 2734.4 0.9984713793 -0.0491644405 -0.0252538398 -0.0305094570 -0.1092662290 -0.9935442209 0.0460876524 0.9927959442 -0.1105991825
110.0 -433.2 2227.9 0.9984713793 0.0221655034 -0.0506318994 -0.0305094570 0.9848867059 -0.1704915166 0.0460876524 0.1717756540 0.9840574265
-107.3 -429.8 2415.2 0 0 0 0 0 0 0 0 0
-11.4 -395.3 2462.1 0 0 0 0 0 0 0 0 0
-302.7 -813.7 2164.4 0 0 0 0 0 0 0 0 0
101.6 -804.1 2163.2 0 0 0 0 0 0 0 0 0
-31.2 86.1 2890.5 4 0.9984524846 -0.0474778339 0.0289557595 0.0527820140 0.9730209708 -0.2245980501 -0.0175111312 0.2257788330 0.9740211964
-21.5 -112.7 2844.4 0.9984524846 -0.0474778339 0.0289557595 0.0527820140 0.9730209708 -0.2245980501 -0.0175111312 0.2257788330 0.9740211964
-12.6 -301.5 2793.0 0.9985073805 -0.0451638289 0.0307128653 0.0516352914 0.9638662338 -0.2613344193 -0.0178002324 0.2625302076 0.9647595882
-163.7 -120.1 2846.9 -0.0617132708 -0.7072856426 -0.7042289972 0.6471555233 0.5088027716 -0.5677230358 0.7598560452 -0.4907817245 0.4263239503
-146.4 -301.5 2633.9 -0.1623347551 -0.7164340615 -0.6785054803 0.4969779849 0.5346782804 -0.6834705472 0.8524437547 -0.4481533170 0.2692550719
