127.5 -1.5 2979.0 75 0.9856113791 0.1114982069 0.1270367205 -0.0427373424 0.8915423751 -0.4509165287 -0.1635350138 0.4389992654 0.8834794760
105.2 -179.9 2891.2 0.9856113791 0.1114982069 0.1270367205 -0.0427373424 0.8915423751 -0.4509165287 -0.1635350138 0.4389992654 0.8834794760
83.3 -351.3 2802.7 0.9857293963 0.1128544435 0.1249058768 -0.0418042541 0.8828613758 -0.4677693844 -0.1630644351 0.4558724463 0.8749801517
-29.4 -174.2 2913.5 -0.3406935036 -0.3621322811 -0.8676336408 0.5302369595 0.6880661249 -0.4953925610 0.7763869166 -0.6288284659 -0.0424037278
65.0 -321.2 2698.3 -0.0766578838 -0.3677700162 -0.9267517328 0.5968713164 0.7276141047 -0.3381159306 0.7986665368 -0.5790707469 0.1637340188
239.9 -185.7 2868.9 0.4955181777 0.6656966209 0.5579513907 -0.8457600474 0.2234517932 0.4845196009 0.1978678256 -0.7119812369 0.6737440228
362.2 -394.4 2917.8 -0.3561595976 0.6656966209 0.6557425857 -0.7432859540 0.2234517932 -0.6305515766 -0.5662829280 -0.7119812369 0.4152184427
-26.4 -522.3 2735.1 0.9918131828 0.0989460498 -0.0807236657 -0.0768391788 -0.0424662344 -0.9961387515 -0.1019920185 0.9941862226 -0.0345156379
-77.2 -500.5 2225.4 0.9918131828 0.0866346359 0.0938140228 -0.0768391788 0.9916650653 -0.1034220383 -0.1019920185 0.0953667462 0.9902034402
149.5 -527.3 2701.6 0.9489045739 -0.3137441278 0.0338341370 0.0180903897 -0.0529573634 -0.9984328747 0.3150442243 0.9480295777 -0.0445757285
303.9 -501.3 2235.1 0.9489045739 -0.0529039018 -0.3110969365 0.0180903897 0.9933452606 -0.1137452051 0.3150442243 0.1023054793 0.9435468912
84.5 -472.6 2495.7 0 0 0 0 0 0 0 0 0
271.8 -583.1 2774.0 0 0 0 0 0 0 0 0 0
-109.5 -870.5 2189.8 0 0 0 0 0 0 0 0 0
323.6 -872.0 2196.9 0 0 0 0 0 0 0 0 0
128.0 -1.9 2979.0 76 0.9838677645 0.1163748652 0.1358715445 -0.0430194549 0.8911145329 -0.4517346621 -0.1736476570 0.4386020601 0.8817452788
104.8 -179.4 2891.6 0.9838677645 0.1163748652 0.1358715445 -0.0430194549 0.8911145329 -0.4517346621 -0.1736476570 0.4386020601 0.8817452788
82.1 -350.9 2803.6 0.9840329885 0.1172474772 0.1339109242 -0.0417646766 0.8834673762 -0.4666273594 -0.1730168164 0.4535839856 0.8742578626
-29.6 -173.7 2915.3 -0.3371356130 -0.3682585359 -0.8664439917 0.5298624635 0.6865056753 -0.4979515076 0.7781936526 -0.6269733310 -0.0363191292
67.9 -327.0 2690.2 -0.0757643878 -0.3770237267 -0.9230995774 0.5699818134 0.7432249784 -0.3503389657 0.8181567788 -0.5526931882 0.1585866660
239.2 -185.2 2868.0 0.4977440834 0.6583721638 0.5646210313 -0.8453546762 0.2226663977 0.4855874777 0.1939751357 -0.7190033197 0.6673888564
362.1 -393.9 2915.9 -0.3617603481 0.6583721638 0.6600572467 -0.7440704703 0.2226663977 -0.6299037933 -0.5616836548 -0.7190033197 0.4093234241
-26.8 -518.9 2728.8 0.9923735261 0.0983092561 -0.0743646696 -0.0708785132 -0.0384950526 -0.9967418909 -0.1008516252 0.9944111109 -0.0312334560
-76.7 -499.4 2224.7 0.9923735261 0.0806290656 0.0932403803 -0.0708785132 0.9920969009 -0.1035375744 -0.1008516252 0.0961392075 0.9902455211
149.7 -526.4 2699.6 0.9488169551 -0.3132997453 0.0398706309 0.0250103734 -0.0513098314 -0.9983695745 0.3148346841 0.9482671618 -0.0408478938
301.4 -501.6 2240.5 0.9488169551 -0.0702513605 -0.3079141974 0.0250103734 0.9885985851 -0.1484833658 0.3148346841 0.1331824809 0.9397560954
87.1 -471.6 2482.6 0 0 0 0 0 0 0 0 0
270.3 -582.7 2773.3 0 0 0 0 0 0 0 0 0
-106.8 -869.7 2188.8 0 0 0 0 0 0 0 0 0
327.6 -870.4 2190.8 0 0 0 0 0 0 0 0 0
127.7 -2.5 2979.5 77 0.9812979698 0.1112787724 0.1570709497 -0.0274351891 0.8884955645 -0.4580643177 -0.1905296892 0.4451883435 0.8749318719
105.5 -179.4 2890.9 0.9812979698 0.1112787724 0.1570709497 -0.0274351891 0.8884955645 -0.4580643177 -0.1905296892 0.4451883435 0.8749318719
83.6 -350.3 2801.3 0.9814053178 0.1131522730 0.1550487578 -0.0265892297 0.8801232576 -0.4740000963 -0.1900962144 0.4610635936 0.8667662740
-28.5 -175.8 2916.8 -0.3298849761 -0.3854926825 -0.8617257476 0.5246465206 0.6840063930 -0.5068346262 0.7848069668 -0.6192985177 -0.0233960282
68.4 -329.9 2686.3 -0.0742673352 -0.3921923637 -0.9168803096 0.5815919042 0.7298349738 -0.3592933416 0.8100834489 -0.5599339604 0.1738930196
239.6 -183.0 2864.9 0.5122237206 0.6429547071 0.5694172978 -0.8405486941 0.2391426414 0.4860953391 0.1763653308 -0.7276125550 0.6629292965
366.0 -390.5 2908.4 -0.3613872230 0.6429547071 0.6752840281 -0.7428778410 0.2391426414 -0.6252545714 -0.5634995699 -0.7276125550 0.3912137151
-28.8 -518.7 2731.0 0.9927020073 0.0953521803 -0.0738283768 -0.0702836141 -0.0400182679 -0.9967240095 -0.0979942903 0.9946388602 -0.0330245197
-77.3 -498.3 2225.4 0.9927020073 0.0794265345 0.0907419026 -0.0702836141 0.9925161600 -0.0998593792 -0.0979942903 0.0927529335 0.9908552170
147.5 -526.2 2700.0 0.9473251104 -0.3174605668 0.0423541926 0.0277822725 -0.0502909161 -0.9983481169 0.3190661967 0.9469369650 -0.0388220698
302.3 -501.6 2238.1 0.9473251104 -0.0668640658 -0.3132160306 0.0277822725 0.9914340377 -0.1276194751 0.3190661967 0.1121952906 0.9410679936
87.2 -477.5 2480.7 0 0 0 0 0 0 0 0 0
274.3 -579.1 2765.4 0 0 0 0 0 0 0 0 0
-106.9 -868.8 2190.7 0 0 0 0 0 0 0 0 0
327.3 -871.5 2196.2 0 0 0 0 0 0 0 0 0
127.5 -3.0 2978.7 78 0.9796082377 0.1086915731 0.1689788550 -0.0196822789 0.8889067173 -0.4576652348 -0.1999507844 0.4450067580 0.8729196191
105.9 -180.1 2890.1 0.9796082377 0.1086915731 0.1689788550 -0.0196822789 0.8889067173 -0.4576652348 -0.1999507844 0.4450067580 0.8729196191
84.2 -350.9 2800.4 0.9796696305 0.1114276648 0.1668272465 -0.0191890970 0.8798014522 -0.4749538898 -0.1996978521 0.4620966017 0.8640529513
-27.9 -177.5 2917.3 -0.3383041918 -0.3966502845 -0.8533573747 0.5120434165 0.6832398176 -0.5205717087 0.7895326614 -0.6130676270 -0.0280407444
69.6 -325.1 2689.7 -0.0578227118 -0.4006170034 -0.9144192338 0.5991698503 0.7187156677 -0.3527652323 0.7985311747 -0.5682902932 0.1984795332
239.7 -182.7 2862.8 0.5198553801 0.6341361403 0.5723824501 -0.8373019695 0.2454229891 0.4885621071 0.1693390906 -0.7332386374 0.6585479379
368.0 -389.4 2904.6 -0.3616096377 0.6341361403 0.6834543347 -0.7440685034 0.2454229891 -0.6213932633 -0.5617833734 -0.7332386374 0.3830934465
-26.3 -518.7 2728.9 0.9921774864 0.1005825475 -0.0739390925 -0.0702659264 -0.0395889618 -0.9967424273 -0.1031820625 0.9941407442 -0.0322117507
-77.4 -498.6 2224.0 0.9921774864 0.0789926648 0.0966643468 -0.0702659264 0.9934074283 -0.0905777365 -0.1031820625 0.0830769837 0.9911869764
149.5 -523.5 2694.8 0.9473233819 -0.3186899126 0.0318608992 0.0179999452 -0.0463451333 -0.9987633228 0.3197723925 0.9467253685 -0.0381674282
303.6 -501.1 2237.0 0.9473233819 -0.0542186014 -0.3156560063 0.0179999452 0.9930221438 -0.1165461838 0.3197723925 0.1047251374 0.9416890740
84.3 -477.1 2487.1 0 0 0 0 0 0 0 0 0
276.2 -578.3 2762.0 0 0 0 0 0 0 0 0 0
-106.9 -869.4 2193.0 0 0 0 0 0 0 0 0 0
323.8 -871.6 2197.9 0 0 0 0 0 0 0 0 0
128.1 -2.6 2979.3 79 0.9777022004 0.1164061353 0.1747799814 -0.0246215370 0.8901038170 -0.4550922215 -0.2085478604 0.4406413138 0.8731225729
105.0 -179.6 2891.8 0.9777022004 0.1164061353 0.1747799814 -0.0246215370 0.8901038170 -0.4550922215 -0.2085478604 0.4406413138 0.8731225729
82.0 -350.6 2802.9 0.9778594971 0.1184856370 0.1724876463 -0.0234354660 0.8810846806 -0.4723775387 -0.2079461664 0.4578765333 0.8643537760
-28.6 -176.4 2920.2 -0.3505698144 -0.3977273405 -0.8478878140 0.5079688430 0.6798524261 -0.5289313197 0.7868090272 -0.6161279678 -0.0363026485
74.5 -325.7 2688.9 -0.0271581654 -0.4013153613 -0.9155372381 0.5927466154 0.7310231328 -0.3380187154 0.8049309850 -0.5518615842 0.2180250734
238.6 -182.8 2863.4 0.5183157921 0.6287471056 0.5796773434 -0.8385145068 0.2404407114 0.4889597595 0.1680539995 -0.7395034432 0.6518377662
366.6 -389.8 2904.8 -0.3690269589 0.6287471056 0.6844677925 -0.7448242307 0.2404407114 -0.6224348545 -0.5559280515 -0.7395034432 0.3795769513
-25.2 -519.9 2728.5 0.9923194647 0.1035580337 -0.0676596835 -0.0635563359 -0.0424270146 -0.9970759749 -0.1061258242 0.9937180877 -0.0355193838
-77.9 -498.3 2222.2 0.9923194647 0.0722585395 0.1004031971 -0.0635563359 0.9941504002 -0.0873245448 -0.1061258242 0.0802725852 0.9911072850
150.3 -523.4 2692.8 0.9469404221 -0.3195192218 0.0348045491 0.0220940690 -0.0433201008 -0.9988169074 0.3206489384 0.9465890527 -0.0339620709
304.7 -502.5 2235.6 0.9469404221 -0.0531798415 -0.3169791698 0.0220940690 0.9946542382 -0.1008703113 0.3206489384 0.0885148123 0.9430532455
81.4 -476.0 2484.7 0 0 0 0 0 0 0 0 0
272.9 -578.8 2763.7 0 0 0 0 0 0 0 0 0
-104.9 -869.4 2192.3 0 0 0 0 0 0 0 0 0
324.5 -873.6 2202.6 0 0 0 0 0 0 0 0 0
129.5 -3.4 2979.2 80 0.9836870432 0.1128214747 0.1401110590 -0.0380933210 0.8918591142 -0.4507064223 -0.1758086830 0.4380167723 0.8816079497
107.1 -180.6 2892.1 0.9836870432 0.1128214747 0.1401110590 -0.0380933210 0.8918591142 -0.4507064223 -0.1758086830 0.4380167723 0.8816079497
84.5 -352.3 2804.6 0.9835560322 0.1160711050 0.1383657455 -0.0391104631 0.8848382831 -0.4642538130 -0.1763177514 0.4512080550 0.8748276234
-27.2 -175.3 2916.2 -0.3581572175 -0.3739477992 -0.8555036187 0.5145745873 0.6855060458 -0.5150674582 0.7790612578 -0.6246955395 -0.0530949049
76.8 -324.7 2689.9 -0.0111167887 -0.3759852648 -0.9265589714 0.6048711538 0.7353312969 -0.3056448102 0.7962457538 -0.5638465881 0.2192481160
241.3 -185.9 2868.1 0.5008646250 0.6551840901 0.5655691028 -0.8434877992 0.2229747623 0.4886824489 0.1940693408 -0.7218143940 0.6643199921
365.0 -394.1 2916.0 -0.3614454567 0.6551840901 0.6633935571 -0.7464839816 0.2229747623 -0.6269321442 -0.5586760044 -0.7218143940 0.4084912241
-28.6 -519.5 2732.6 0.9929633737 0.0938732252 -0.0721911341 -0.0684729740 -0.0422478579 -0.9967580438 -0.0966188088 0.9946873784 -0.0355227962
-76.9 -497.8 2220.8 0.9929633737 0.0755260140 0.0912116393 -0.0684729740 0.9945890903 -0.0781280994 -0.0966188088 0.0713328123 0.9927620292
146.6 -523.7 2695.4 0.9454431534 -0.3251341879 0.0206166785 0.0074236002 -0.0417659171 -0.9990998507 0.3257026076 0.9447451234 -0.0370736346
305.2 -503.3 2234.5 0.9454431534 -0.0405312181 -0.3232561052 0.0074236002 0.9946534634 -0.1030016840 0.3257026076 0.0949825123 0.9406892061
79.6 -478.2 2487.9 0 0 0 0 0 0 0 0 0
273.2 -583.6 2774.1 0 0 0 0 0 0 0 0 0
-105.1 -869.0 2194.2 0 0 0 0 0 0 0 0 0
320.3 -874.6 2199.1 0 0 0 0 0 0 0 0 0
128.3 -3.5 2980.1 81 0.9848071933 0.1033889502 0.1395188719 -0.0288823172 0.8897731900 -0.4554881752 -0.1712325960 0.4445384145 0.8792411685
107.7 -180.6 2891.6 0.9848071933 0.1033889502 0.1395188719 -0.0288823172 0.8897731900 -0.4554881752 -0.1712325960 0.4445384145 0.8792411685
87.3 -351.7 2802.2 0.9848944545 0.1050380915 0.1376587451 -0.0281408150 0.8815258741 -0.4712963104 -0.1708538234 0.4603033066 0.8711658120
-26.8 -176.8 2914.9 -0.3586234152 -0.3765616715 -0.8541607261 0.5096932650 0.6875978708 -0.5171285868 0.7820498943 -0.6208143830 -0.0546577536
74.6 -321.0 2693.6 -0.0110881375 -0.3781266510 -0.9256874919 0.6117447019 0.7297228575 -0.3054062724 0.7909775376 -0.5696707964 0.2232256830
242.2 -184.5 2868.2 0.5078285933 0.6572562456 0.5568880439 -0.8404447436 0.2360900342 0.4877644479 0.1891105175 -0.7157343626 0.6722808480
367.6 -391.9 2914.9 -0.3511151075 0.6572562456 0.6668825746 -0.7443963289 0.2360900342 -0.6246083379 -0.5679720640 -0.7157343626 0.4063643813
-26.1 -520.6 2732.8 0.9927110076 0.0990410373 -0.0686707646 -0.0643953532 -0.0457409509 -0.9968756437 -0.1018726602 0.9940314889 -0.0390297659
-77.0 -497.1 2221.9 0.9927110076 0.0728746057 0.0959900618 -0.0643953532 0.9939787984 -0.0886533037 -0.1018726602 0.0818258002 0.9914264679
150.0 -527.6 2701.2 0.9483676553 -0.3156940341 0.0305958446 0.0158024412 -0.0493144281 -0.9986582994 0.3167792559 0.9475786686 -0.0417794734
305.3 -503.3 2235.1 0.9483676553 -0.0486325547 -0.3134225607 0.0158024412 0.9941925406 -0.1064492688 0.3167792559 0.0960002020 0.9436285496
77.5 -476.2 2492.9 0 0 0 0 0 0 0 0 0
278.4 -580.9 2770.7 0 0 0 0 0 0 0 0 0
-104.2 -868.1 2191.4 0 0 0 0 0 0 0 0 0
323.5 -874.4 2199.2 0 0 0 0 0 0 0 0 0
129.5 -4.4 2979.5 82 0.9846848845 0.1048562676 0.1392870396 -0.0302730296 0.8896195889 -0.4556978047 -0.1716952622 0.4445020854 0.8791692853
108.5 -182.4 2890.6 0.9846848845 0.1048562676 0.1392870396 -0.0302730296 0.8896195889 -0.4556978047 -0.1716952622 0.4445020854 0.8791692853
88.1 -353.8 2801.8 0.9848797321 0.1050086766 0.1377864331 -0.0286270659 0.8830668330 -0.4683731496 -0.1708578765 0.4573467970 0.8727207184
-26.1 -178.5 2913.9 -0.3519973755 -0.3796192706 -0.8555623889 0.5086815357 0.6897081137 -0.5153114200 0.7857104540 -0.6165970564 -0.0496701337
73.3 -322.0 2692.2 -0.0249216855 -0.3817535937 -0.9239280820 0.6093049645 0.7269084454 -0.3167831004 0.7925442457 -0.5708487630 0.2144885808
243.0 -186.3 2867.3 0.5079621077 0.6571615338 0.5568780899 -0.8397344947 0.2337775081 0.4900959730 0.1918866336 -0.7165799141 0.6705912948
368.4 -393.6 2914.6 -0.3511084020 0.6571615338 0.6669794917 -0.7463027239 0.2337775081 -0.6232016683 -0.5654689670 -0.7165799141 0.4083601832
-21.3 -520.3 2728.2 0.9916802645 0.1109086052 -0.0653417334 -0.0603943989 -0.0473989211 -0.9970485568 -0.1136783957 0.9926996827 -0.0403063148
-77.6 -496.3 2224.3 0.9916802645 0.0707909837 0.1075123176 -0.0603943989 0.9934446216 -0.0970585272 -0.1136783957 0.0897578821 0.9894547462
155.1 -525.4 2697.6 0.9510068297 -0.3072067499 0.0347858556 0.0218388587 -0.0454828739 -0.9987263680 0.3083976507 0.9505552649 -0.0365454778
304.1 -503.3 2236.5 0.9510068297 -0.0572742447 -0.3038185537 0.0218388587 0.9926809669 -0.1187753305 0.3083976507 0.1063210964 0.9452971816
79.6 -476.7 2491.0 0 0 0 0 0 0 0 0 0
279.3 -583.0 2771.1 0 0 0 0 0 0 0 0 0
-104.0 -867.1 2190.8 0 0 0 0 0 0 0 0 0
325.5 -873.8 2196.8 0 0 0 0 0 0 0 0 0
131.1 -6.4 2980.2 83 0.9810677171 0.1103293598 0.1591653079 -0.0266212802 0.8908843398 -0.4534494579 -0.1918266565 0.4406274259 0.8769549727
109.0 -184.3 2892.3 0.9810677171 0.1103293598 0.1591653079 -0.0266212802 0.8908843398 -0.4534494579 -0.1918266565 0.4406274259 0.8769549727
87.2 -356.0 2804.5 0.9810708761 0.1124094799 0.1576833427 -0.0265959650 0.8847725987 -0.4652634561 -0.1918139309 0.4522626996 0.8710142970
-25.0 -180.6 2918.5 -0.3499563038 -0.3973809183 -0.8483036160 0.4943219125 0.6908842325 -0.5275650024 0.7957238555 -0.6039597392 -0.0453451984
73.3 -319.4 2695.2 -0.0375501253 -0.3989075422 -0.9162219763 0.6162948608 0.7124914527 -0.3354647458 0.7866197824 -0.5772596598 0.2190905213
243.0 -187.9 2866.1 0.5141527653 0.6410499811 0.5698261857 -0.8378363848 0.2332344353 0.4935908020 0.1835132986 -0.7312021852 0.6570131183
370.0 -394.8 2911.4 -0.3610569835 0.6410499811 0.6772686243 -0.7490589619 0.2332344353 -0.6200906038 -0.5554714203 -0.7312021852 0.3959733248
-20.5 -522.6 2728.3 0.9915640950 0.1148113236 -0.0601581447 -0.0545889027 -0.0510531552 -0.9972028732 -0.1175614521 0.9920745492 -0.0443550535
-78.8 -496.7 2224.4 0.9915640950 0.0664972290 0.1112598851 -0.0545889027 0.9927752018 -0.1068525612 -0.1175614521 0.0998776108 0.9880302548
155.9 -527.8 2697.7 0.9515358806 -0.3060046434 0.0306697767 0.0161510911 -0.0498661436 -0.9986253381 0.3071133792 0.9507231712 -0.0425071158
305.2 -503.4 2233.9 0.9515358806 -0.0485960841 -0.3036740124 0.0161510911 0.9939702153 -0.1084541976 0.3071133792 0.0982933939 0.9465832114
82.8 -475.8 2495.5 0 0 0 0 0 0 0 0 0
278.3 -584.9 2770.4 0 0 0 0 0 0 0 0 0
-103.7 -867.3 2187.1 0 0 0 0 0 0 0 0 0
323.4 -874.4 2197.2 0 0 0 0 0 0 0 0 0
130.0 -5.2 2978.1 84 0.9786208868 0.1105811670 0.1734156758 -0.0216178596 0.8937973976 -0.4479495883 -0.2045332640 0.4346239269 0.8770793676
108.0 -183.3 2891.5 0.9786208868 0.1105811670 0.1734156758 -0.0216178596 0.8937973976 -0.4479495883 -0.2045332640 0.4346239269 0.8770793676
85.7 -355.4 2804.6 0.9784327745 0.1149068847 0.1716556400 -0.0231028683 0.8866587877 -0.4618467391 -0.2052693665 0.4479202628 0.8701907396
-25.6 -180.1 2919.5 -0.3565863371 -0.4057400823 -0.8415587544 0.4932215512 0.6832626462 -0.5384093523 0.7934599519 -0.6070643663 -0.0435223803
73.0 -316.5 2700.0 -0.0593624189 -0.4098480046 -0.9102201462 0.5934597850 0.7187018394 -0.3623164296 0.8026715517 -0.5616870522 0.2005644143
241.7 -186.4 2863.5 0.5201908350 0.6299004555 0.5767381787 -0.8350850344 0.2336235791 0.4980491698 0.1789817363 -0.7407060862 0.6475492716
370.1 -392.6 2907.7 -0.3655212820 0.6299004555 0.6852880120 -0.7523008585 0.2336235791 -0.6160060763 -0.5481219292 -0.7407060862 0.3884802163
-22.5 -525.4 2733.9 0.9922751784 0.1095520407 -0.0582097396 -0.0523618460 -0.0555225722 -0.9970834851 -0.1124644876 0.9924291372 -0.0493573211
-78.8 -496.8 2223.2 0.9922751784 0.0628706291 0.1069453433 -0.0523618460 0.9937701225 -0.0983829200 -0.1124644876 0.0920230746 0.9893854260
153.3 -530.2 2699.6 0.9500696063 -0.3098310530 0.0370470025 0.0215372257 -0.0533316843 -0.9983445406 0.3112939298 0.9492946863 -0.0439959094
305.4 -504.0 2233.5 0.9500696063 -0.0517316647 -0.3077199757 0.0215372257 0.9946812987 -0.1007235721 0.3112939298 0.0890669674 0.9461306334
88.1 -467.1 2496.4 0 0 0 0 0 0 0 0 0
277.3 -583.6 2768.5 0 0 0 0 0 0 0 0 0
-102.3 -867.8 2188.8 0 0 0 0 0 0 0 0 0
324.7 -875.2 2200.2 0 0 0 0 0 0 0 0 0
130.2 -5.0 2978.0 85 0.9752841592 0.1115241945 0.1907438040 -0.0171894003 0.8989521265 -0.4377094209 -0.2202847451 0.4236122966 0.8786507845
107.9 -185.0 2893.2 0.9752841592 0.1115241945 0.1907438040 -0.0171894003 0.8989521265 -0.4377094209 -0.2202847451 0.4236122966 0.8786507845
86.2 -358.6 2809.0 0.9754977822 0.1117557138 0.1895118356 -0.0154737346 0.8940985799 -0.4476028085 -0.2194644362 0.4337030947 0.8739204407
-25.4 -182.9 2923.2 -0.3538666368 -0.4308429062 -0.8301522732 0.4743623435 0.6822804809 -0.5563036203 0.8060761690 -0.5906502604 -0.0370606482
72.5 -314.1 2700.3 -0.0626104549 -0.4353836179 -0.8980651498 0.5773113966 0.7182110548 -0.3884384930 0.8141201138 -0.5427835584 0.2063843906
241.1 -187.2 2863.2 0.5319760442 0.6162815690 0.5806879997 -0.8267912269 0.2299970537 0.5133396387 0.1828052253 -0.7531921268 0.6318891048
372.5 -391.3 2908.4 -0.3652080894 0.6162815690 0.6977249384 -0.7638786435 0.2299970537 -0.6029849052 -0.5320831537 -0.7531921268 0.3867675364
-24.2 -525.4 2736.0 0.9923035502 0.1055348888 -0.0647768229 -0.0588936694 -0.0579426251 -0.9965812564 -0.1089274287 0.9927260876 -0.0512813330
-78.8 -495.5 2222.9 0.9923035502 0.0691577867 0.1027173325 -0.0588936694 0.9932627678 -0.0998026133 -0.1089274287 0.0929850861 0.9896911383
151.1 -529.6 2699.2 0.9489780068 -0.3123579025 0.0432807542 0.0269070640 -0.0565428399 -0.9980375171 0.3141921461 0.9482802749 -0.0452532768
304.5 -501.8 2233.4 0.9489780068 -0.0570381396 -0.3101408482 0.0269070640 0.9945650697 -0.1005798802 0.3141921461 0.0871031135 0.9453551173
88.4 -460.6 2493.7 0 0 0 0 0 0 0 0 0
279.8 -585.1 2773.3 0 0 0 0 0 0 0 0 0
-104.6 -866.2 2188.2 0 0 0 0 0 0 0 0 0
325.8 -873.0 2200.8 0 0 0 0 0 0 0 0 0
130.5 -5.6 2978.5 86 0.9748464823 0.1217607930 0.1866780370 -0.0269178245 0.8957710266 -0.4436999857 -0.2212460488 0.4275144041 0.8765167594
106.2 -184.5 2893.1 0.9748464823 0.1217607930 0.1866780370 -0.0269178245 0.8957710266 -0.4436999857 -0.2212460488 0.4275144041 0.8765167594
82.5 -357.2 2807.8 0.9750947952 0.1222607046 0.1850473285 -0.0251008514 0.8898140192 -0.4556325078 -0.2203636467 0.4396400154 0.8707218170
-27.0 -181.1 2923.2 -0.3587096930 -0.4180183411 -0.8346185088 0.4806591868 0.6837552786 -0.5490404963 0.8001837730 -0.5981131792 -0.0443452783
72.4 -314.3 2701.5 -0.0503800400 -0.4243234694 -0.9041081071 0.5600937605 0.7375018001 -0.3773407936 0.8268958926 -0.5253957510 0.2005055398
239.4 -188.0 2863.0 0.5226504803 0.6183320880 0.5869428515 -0.8340013027 0.2280027568 0.5024505854 0.1768567115 -0.7521171570 0.6348555088
368.4 -393.9 2906.6 -0.3743492365 0.6183320880 0.6910340786 -0.7560116649 0.2280027568 -0.6135642529 -0.5369441509 -0.7521171570 0.3821136057
-22.8 -530.7 2744.5 0.9920897484 0.1039450169 -0.0703797936 -0.0635169074 -0.0679237619 -0.9956666231 -0.1082750410 0.9922609329 -0.0607842058
-77.5 -495.0 2222.7 0.9920897484 0.0726241916 0.1023894995 -0.0635169074 0.9939535260 -0.0895658061 -0.1082750410 0.0823538527 0.9907040000
151.9 -533.5 2705.2 0.9509931803 -0.3046843112 0.0527207144 0.0354100130 -0.0620683506 -0.9974435568 0.3071776927 0.9504288435 -0.0482377037
302.4 -502.9 2235.9 0.9509931803 -0.0692908093 -0.3013482988 0.0354100130 0.9925617576 -0.1164789349 0.3071776927 0.1000999212 0.9463729858
85.1 -456.4 2491.7 0 0 0 0 0 0 0 0 0
273.4 -585.8 2770.4 0 0 0 0 0 0 0 0 0
-104.6 -866.0 2191.9 0 0 0 0 0 0 0 0 0
328.2 -873.3 2198.5 0 0 0 0 0 0 0 0 0
131.1 -4.5 2978.7 87 0.9760643244 0.1163931042 0.1837146431 -0.0211663097 0.8915645480 -0.4523987770 -0.2164495587 0.4376817644 0.8726879358
107.8 -183.1 2891.0 0.9760643244 0.1163931042 0.1837146431 -0.0211663097 0.8915645480 -0.4523987770 -0.2164495587 0.4376817644 0.8726879358
86.2 -354.8 2803.2 0.9769667387 0.1114455089 0.1819777936 -0.0141310729 0.8847036958 -0.4659396112 -0.2129232883 0.4526359439 0.8659008741
-25.7 -181.2 2920.1 -0.3568826318 -0.4165482819 -0.8361353278 0.4811247885 0.6852666140 -0.5467436910 0.8007207513 -0.5974087715 -0.0441480242
71.8 -312.6 2701.5 -0.0606386214 -0.4231894910 -0.9040097594 0.5600687265 0.7352457047 -0.3817547858 0.8262239099 -0.5294566751 0.1924309134
241.2 -185.1 2862.0 0.5281670094 0.6223069429 0.5777314901 -0.8319991231 0.2432456613 0.4986070991 0.1697559804 -0.7440199256 0.6462331414
371.6 -390.5 2903.9 -0.3639250696 0.6223069429 0.6930314302 -0.7516157627 0.2432456613 -0.6131111383 -0.5501202345 -0.7440199256 0.3792125285
-28.6 -527.7 2742.2 0.9933596849 0.0944662765 -0.0656709224 -0.0598750487 -0.0629348457 -0.9962199330 -0.0982421786 0.9935367703 -0.0568607636
-78.0 -494.8 2223.0 0.9933596849 0.0679712221 0.0928248912 -0.0598750487 0.9943737388 -0.0873832107 -0.0982421786 0.0812450647 0.9918405414
146.1 -532.2 2702.7 0.9467305541 -0.3185958862 0.0468822569 0.0286691729 -0.0616199970 -0.9976878762 0.3207481205 0.9458856583 -0.0492036529
302.7 -501.9 2237.9 0.9467305541 -0.0666182637 -0.3150607646 0.0286691729 0.9919192791 -0.1235887185 0.3207481205 0.1079726815 0.9409902096
87.2 -454.7 2491.8 0 0 0 0 0 0 0 0 0
279.3 -581.2 2764.3 0 0 0 0 0 0 0 0 0
-103.3 -866.0 2192.6 0 0 0 0 0 0 0 0 0
327.5 -872.2 2197.6 0 0 0 0 0 0 0 0 0
130.9 -4.7 2978.9 88 0.9865146279 0.1218923181 0.1092295796 -0.0578298047 0.8839040399 -0.4640790820 -0.1531161368 0.4515041113 0.8790332675
106.5 -181.4 2888.5 0.9865146279 0.1218923181 0.1092295796 -0.0578298047 0.8839040399 -0.4640790820 -0.1531161368 0.4515041113 0.8790332675
83.6 -351.5 2797.9 0.9870787859 0.1190786213 0.1072185114 -0.0537092425 0.8762964010 -0.4787691534 -0.1509663761 0.4668242335 0.8713691831
-27.9 -174.1 2909.2 -0.3748502135 -0.3416251838 -0.8618466258 0.5151050091 0.6961823702 -0.4999969304 0.7708139420 -0.6313654184 -0.0849912688
72.7 -312.3 2702.3 -0.0663776919 -0.3513436615 -0.9338905811 0.5565861464 0.7637713552 -0.3269024491 0.8281340003 -0.5414895415 0.1448556185
241.0 -188.8 2867.9 0.4809710681 0.6778634787 0.5560287237 -0.8550342321 0.2224306464 0.4684454203 0.1938641965 -0.7007322907 0.6865791678
359.6 -399.6 2915.7 -0.3580563068 0.6778634787 0.6421034336 -0.7325714827 0.2224306464 -0.6433223486 -0.5789082050 -0.7007322907 0.4169407487
-23.0 -525.3 2734.4 0.9919927716 0.1059488282 -0.0687399432 -0.0635614917 -0.0515058339 -0.9966479540 -0.1091341823 0.9930367470 -0.0443591475
-77.1 -498.9 2226.8 0.9919927716 0.0743680894 0.1020770371 -0.0635614917 0.9924049973 -0.1053196713 -0.1091341823 0.0979881883 0.9891855717
152.1 -527.8 2696.3 0.9486625195 -0.3141514659 0.0367196873 0.0216252021 -0.0514004640 -0.9984439611 0.3155500293 0.9479804039 -0.0419680998
305.0 -502.8 2234.9 0.9486625195 -0.0544575788 -0.3115667701 0.0216252021 0.9939286709 -0.1078803465 0.3155500293 0.0956043452 0.9440804720
89.5 -453.5 2492.1 0 0 0 0 0 0 0 0 0
268.7 -585.4 2768.9 0 0 0 0 0 0 0 0 0
-104.9 -869.4 2190.2 0 0 0 0 0 0 0 0 0
325.3 -873.8 2199.2 0 0 0 0 0 0 0 0 0
130.7 -3.9 2978.9 89 0.9836329818 0.1246302053 0.1301288009 -0.0519047007 0.8875759244 -0.4577279687 -0.1725459248 0.4434820414 0.8795177937
105.8 -181.1 2890.4 0.9836329818 0.1246302053 0.1301288009 -0.0519047007 0.8875759244 -0.4577279687 -0.1725459248 0.4434820414 0.8795177937
82.0 -351.9 2801.1 0.9841673970 0.1226305440 0.1279696524 -0.0480847768 0.8796632886 -0.4731599391 -0.1705940664 0.4595152140 0.8716326356
-28.5 -174.5 2913.6 -0.3138395846 -0.3670615554 -0.8756543398 0.5230230689 0.7028768659 -0.4820902646 0.7924339771 -0.6092864275 -0.0286089275
61.4 -324.3 2686.8 -0.1551543474 -0.3766792715 -0.9132578373 0.5486938953 0.7358886003 -0.3967403769 0.8214999437 -0.5626550317 0.0925053060
240.0 -187.7 2867.1 0.4906618297 0.6620265841 0.5665436983 -0.8505363464 0.2226239592 0.4764729440 0.1893115640 -0.7156531215 0.6723107696
361.1 -397.6 2913.8 -0.3652321994 0.6620265841 0.6544663906 -0.7379856110 0.2226239592 -0.6370367408 -0.5674351454 -0.7156531215 0.4072566926
-27.6 -516.7 2720.8 0.9930045009 0.1004483253 -0.0620664358 -0.0588484816 -0.0346908830 -0.9976639748 -0.1023668125 0.9943373203 -0.0285369717
-77.8 -499.4 2224.1 0.9930045009 0.0695182830 0.0954427421 -0.0588484816 0.9921451807 -0.1103847176 -0.1023668125 0.1039958596 0.9892956614
148.8 -526.4 2693.7 0.9463391304 -0.3214061856 0.0337687023 0.0199460015 -0.0462039337 -0.9987328649 0.3225591779 0.9458135366 -0.0373138189
305.0 -503.9 2234.0 0.9463391304 -0.0545161255 -0.3185439706 0.0199460015 0.9936428070 -0.1107975021 0.3225591779 0.0984983295 0.9414104819
100.6 -463.0 2479.1 0 0 0 0 0 0 0 0 0
268.4 -584.8 2769.8 0 0 0 0 0 0 0 0 0
-103.7 -869.7 2185.3 0 0 0 0 0 0 0 0 0
325.3 -874.8 2197.2 0 0 0 0 0 0 0 0 0
130.8 -5.2 2979.4 90 0.9806380868 0.1238768175 0.1516689956 -0.0414293222 0.8882030845 -0.4575793445 -0.1913963407 0.4424361885 0.8761379123
106.2 -181.7 2891.5 0.9806380868 0.1238768175 0.1516689956 -0.0414293222 0.8882030845 -0.4575793445 -0.1913963407 0.4424361885 0.8761379123
81.8 -353.0 2803.3 0.9806536436 0.1257505119 0.1500173062 -0.0413188040 0.8820755482 -0.4692925811 -0.1913403869 0.4540149570 0.8702064753
-27.7 -176.1 2917.6 -0.2743686140 -0.3895365894 -0.8791945577 0.5240924954 0.7059882879 -0.4763482511 0.8062561154 -0.5914742351 0.0104521820
52.2 -328.5 2683.1 -0.1930422187 -0.3885922134 -0.9009610415 0.5697202086 0.7031957507 -0.4253640771 0.7988451719 -0.5954089165 0.0856423751
240.0 -187.4 2865.3 0.5010267496 0.6449586153 0.5770620108 -0.8461247683 0.2249990106 0.4831648767 0.1817829609 -0.7303450108 0.6584460139
363.7 -396.2 2910.2 -0.3718785048 0.6449586153 0.6676337123 -0.7424943447 0.2249990106 -0.6309339404 -0.5571432114 -0.7303450108 0.3952058256
-29.7 -518.3 2727.2 0.9932785034 0.0938969702 -0.0676842257 -0.0642240867 -0.0393987633 -0.9971574545 -0.0962967426 0.9948020577 -0.0331034996
-77.4 -498.3 2222.2 0.9932785034 0.0724158138 0.0902980939 -0.0642240867 0.9938195348 -0.0905428678 -0.0962967426 0.0841349736 0.9917904139
146.4 -526.9 2696.7 0.9456395507 -0.3234804273 0.0335602239 0.0189907644 -0.0480922870 -0.9986623526 0.3246617317 0.9450119138 -0.0393348262
306.5 -503.1 2228.8 0.9456395507 -0.0446145721 -0.3221419156 0.0189907644 0.9964305758 -0.0822522715 0.3246617317 0.0716632754 0.9431114197
101.0 -472.7 2481.0 0 0 0 0 0 0 0 0 0
269.3 -584.6 2768.8 0 0 0 0 0 0 0 0 0
-104.4 -869.2 2190.8 0 0 0 0 0 0 0 0 0
323.1 -874.9 2202.1 0 0 0 0 0 0 0 0 0
130.4 -6.6 2979.2 91 0.9835923910 0.1142821908 0.1395909786 -0.0352371074 0.8805614114 -0.4726203382 -0.1769305170 0.4599469602 0.8701404333
107.6 -182.2 2887.5 0.9835923910 0.1142821908 0.1395909786 -0.0352371074 0.8805614114 -0.4726203382 -0.1769305170 0.4599469602 0.8701404333
85.0 -351.4 2795.3 0.9835582972 0.1170093715 0.1375566274 -0.0354950354 0.8721014261 -0.4880360961 -0.1770681292 0.4751293957 0.8619158864
-26.7 -177.3 2911.7 -0.2801351845 -0.3762010336 -0.8831744194 0.5279934406 0.7079690099 -0.4690445960 0.8017151356 -0.5977061987 0.0003046625
50.6 -323.1 2690.3 -0.1780961305 -0.3736981750 -0.9102919698 0.5902323127 0.6996194720 -0.4026890397 0.7873421311 -0.6090010405 0.0959692225
241.9 -187.1 2863.3 0.5000388622 0.6555989385 0.5658190250 -0.8489331007 0.2420022041 0.4698377848 0.1710957140 -0.7152796388 0.6775701642
365.3 -396.6 2905.5 -0.3619800210 0.6555989385 0.6626918316 -0.7305977345 0.2420022041 -0.6384840608 -0.5789623857 -0.7152796388 0.3913791478
-30.3 -520.5 2732.4 0.9931787848 0.0889213532 -0.0754246935 -0.0716227740 -0.0452026203 -0.9964069724 -0.0920112506 0.9950124025 -0.0385254882
-75.9 -497.2 2221.5 0.9931787848 0.0796072558 0.0851972774 -0.0716227740 0.9930873513 -0.0929928720 -0.0920112506 0.0862564892 0.9920150042
145.2 -527.9 2698.1 0.9455944300 -0.3236068785 0.0336120725 0.0185910258 -0.0493983664 -0.9986061454 0.3248161972 0.9449012876 -0.0406946354
304.1 -503.6 2234.3 0.9455944300 -0.0555540249 -0.3205696940 0.0185910258 0.9929302931 -0.1172341183 0.3248161972 0.1048962101 0.9399421215
95.8 -472.6 2490.9 0 0 0 0 0 0 0 0 0
273.5 -582.0 2758.6 0 0 0 0 0 0 0 0 0
-105.7 -867.9 2189.3 0 0 0 0 0 0 0 0 0
324.8 -874.0 2195.2 0 0 0 0 0 0 0 0 0
129.3 -6.8 2979.1 92 0.9829762578 0.1184990257 0.1404125541 -0.0384851843 0.8800628781 -0.4732950926 -0.1796568781 0.4598340094 0.8696413636
105.6 -182.5 2887.3 0.9829762578 0.1184990257 0.1404125541 -0.0384851843 0.8800628781 -0.4732950926 -0.1796568781 0.4598340094 0.8696413636
82.8 -351.5 2794.5 0.9834235311 0.1175813973 0.1380318105 -0.0351685658 0.8704785109 -0.4909483790 -0.1778801233 0.4779557884 0.8601842523
-28.7 -177.7 2911.6 -0.2892886400 -0.3762886226 -0.8801811934 0.5205664039 0.7098020315 -0.4745436311 0.8033198118 -0.5954728723 -0.0094544394
51.7 -322.3 2688.4 -0.1692018658 -0.3755508363 -0.9112257361 0.5830835104 0.7072539330 -0.3997567594 0.7945969701 -0.5989602804 0.0993088260
240.0 -187.3 2863.0 0.4999108911 0.6551962495 0.5663982630 -0.8496184349 0.2441122681 0.4675015509 0.1680405140 -0.7149314880 0.6787012219
363.4 -397.1 2904.5 -0.3627067208 0.6551962495 0.6626927853 -0.7285002470 0.2441122681 -0.6400754452 -0.5811464787 -0.7149314880 0.3887694776
-25.8 -517.5 2718.9 0.9920226336 0.1000059694 -0.0767457634 -0.0729042068 -0.0415229760 -0.9964742064 -0.1028400734 0.9941200614 -0.0339008756
-75.6 -496.8 2223.9 0.9920226336 0.0827316940 0.0951134712 -0.0729042068 0.9920549393 -0.1025276408 -0.1028400734 0.0947755650 0.9901724458
150.4 -523.9 2687.2 0.9464709759 -0.3209531605 0.0343762934 0.0212987512 -0.0441693328 -0.9987969995 0.3220854402 0.9460645318 -0.0349690877
303.8 -502.8 2235.0 0.9464709759 -0.0585979335 -0.3174254894 0.0212987512 0.9925783873 -0.1197269633 0.3220854402 0.1065573320 0.9406946898
94.6 -470.2 2486.9 0 0 0 0 0 0 0 0 0
271.3 -582.0 2757.0 0 0 0 0 0 0 0 0 0
-106.5 -867.1 2188.5 0 0 0 0 0 0 0 0 0
325.6 -873.1 2195.3 0 0 0 0 0 0 0 0 0
128.2 -4.7 2979.5 93 0.9826464057 0.1140851378 0.1462553293 -0.0307011344 0.8776449561 -0.4783270955 -0.1829302609 0.4655361772 0.8659172058
105.4 -180.0 2886.6 0.9826464057 0.1140851378 0.1462553293 -0.0307011344 0.8776449561 -0.4783270955 -0.1829302609 0.4655361772 0.8659172058
83.3 -348.3 2792.5 0.9830342531 0.1138328984 0.1438253820 -0.0277317483 0.8673467040 -0.4969312549 -0.1813136041 0.4845119119 0.8557882905
-28.9 -176.2 2911.3 -0.3084645569 -0.3744094074 -0.8744525313 0.5269620419 0.6980711818 -0.4847759008 0.7919347286 -0.6103394628 -0.0180306658
60.3 -328.6 2682.3 -0.1332231313 -0.3807474673 -0.9150316715 0.5720823407 0.7243770361 -0.3847072721 0.8093042374 -0.5747253895 0.1213151291
239.7 -183.8 2861.8 0.5056223273 0.6513759494 0.5657344460 -0.8478423953 0.2537527382 0.4655887485 0.1597166657 -0.7150656581 0.6805672050
364.5 -393.1 2901.2 -0.3602327704 0.6513759494 0.6677886248 -0.7260094285 0.2537527382 -0.6391555667 -0.5857837796 -0.7150656581 0.3814950585
-28.0 -517.2 2717.7 0.9926803112 0.0950965807 -0.0744475052 -0.0708939284 -0.0402200855 -0.9966726899 -0.0977744460 0.9946551919 -0.0331839174
-75.2 -497.3 2224.6 0.9926803112 0.0813524425 0.0892612487 -0.0708939284 0.9908717275 -0.1146615669 -0.0977744460 0.1074941978 0.9893862605
148.1 -523.6 2685.8 0.9440581799 -0.3288046122 0.0253318213 0.0126931621 -0.0405282713 -0.9990977645 0.3295346200 0.9435279369 -0.0340874717
306.5 -504.1 2231.4 0.9440581799 -0.0449094437 -0.3267067969 0.0126931621 0.9948983192 -0.1000813171 0.3295346200 0.0903356373 0.9398118854
94.1 -473.6 2477.1 0 0 0 0 0 0 0 0 0
273.1 -577.4 2752.6 0 0 0 0 0 0 0 0 0
-105.5 -867.2 2184.5 0 0 0 0 0 0 0 0 0
323.2 -875.3 2197.7 0 0 0 0 0 0 0 0 0
128.6 -4.6 2979.7 94 0.9805114269 0.1120415926 0.1613816470 -0.0219893102 0.8788648844 -0.4765637815 -0.1952276230 0.4637275338 0.8642007709
106.3 -179.8 2887.3 0.9805114269 0.1120415926 0.1613816470 -0.0219893102 0.8788648844 -0.4765637815 -0.1952276230 0.4637275338 0.8642007709
84.4 -348.3 2793.5 0.9808123112 0.1129640564 0.1588908434 -0.0196529664 0.8681553602 -0.4959032238 -0.1939611882 0.4832653105 0.8537175655
-27.7 -177.1 2913.8 -0.2723863721 -0.3895790279 -0.8797919154 0.5357068777 0.6981372237 -0.4749974012 0.7992645502 -0.6006934047 0.0185371023
55.0 -339.6 2671.3 -0.1609982997 -0.3918593228 -0.9058287740 0.5783362985 0.7062604427 -0.4083176553 0.7997541428 -0.5896121264 0.1129197404
240.3 -182.4 2860.8 0.5145217180 0.6400333047 0.5706354380 -0.8437303305 0.2592042685 0.4700343311 0.1529264897 -0.7233052850 0.6733816862
367.3 -390.8 2898.6 -0.3617787659 0.6400333047 0.6778447628 -0.7288294435 0.2592042685 -0.6337355971 -0.5813121200 -0.7233052850 0.3727004826
-26.8 -514.2 2714.7 0.9927428961 0.1013322622 -0.0647555217 -0.0616849065 -0.0331512280 -0.9975449443 -0.1032302156 0.9943001270 -0.0266599748
-76.6 -497.9 2226.0 0.9927428961 0.0741453990 0.0946782157 -0.0616849065 0.9898080230 -0.1283553392 -0.1032302156 0.1215836331 0.9871985316
149.3 -519.2 2682.3 0.9437520504 -0.3291034102 0.0319838934 0.0214958712 -0.0354587957 -0.9991399050 0.3299544752 0.9436278939 -0.0263899490
307.6 -502.1 2228.2 0.9437520504 -0.0449908338 -0.3275787830 0.0214958712 0.9969521761 -0.0749954954 0.3299544752 0.0637355670 0.9418427944
95.8 -486.3 2468.5 0 0 0 0 0 0 0 0 0
275.5 -575.8 2751.0 0 0 0 0 0 0 0 0 0
-104.3 -867.3 2180.6 0 0 0 0 0 0 0 0 0
324.4 -874.1 2204.5 0 0 0 0 0 0 0 0 0
128.4 -4.4 2978.9 95 0.9795919061 0.1111362204 0.1674765348 -0.0191658866 0.8810816407 -0.4725756943 -0.2000807822 0.4597215056 0.8652305007
106.3 -179.8 2887.3 0.9795919061 0.1111362204 0.1674765348 -0.0191658866 0.8810816407 -0.4725756943 -0.2000807822 0.4597215056 0.8652305007
84.6 -348.7 2794.1 0.9799625278 0.1116803512 0.1649271995 -0.0162534062 0.8700974584 -0.4926116467 -0.1985177845 0.4800603092 0.8544780612
-27.6 -177.6 2914.4 -0.2768738866 -0.3951922655 -0.8758789301 0.5339317918 0.6945720315 -0.4821685553 0.7989103198 -0.6011595130 0.0186968502
55.5 -337.8 2674.7 -0.1600463092 -0.3917936683 -0.9060258865 0.6112174392 0.6813988686 -0.4026274085 0.7751118541 -0.6182178855 0.1304157674
240.1 -182.1 2860.2 0.5186913013 0.6355669498 0.5718513727 -0.8411387801 0.2595658600 0.4744587541 0.1531172246 -0.7271040082 0.6692345738
368.2 -389.8 2898.0 -0.3615362942 0.6355669498 0.6821628213 -0.7320807576 0.2595658600 -0.6298279762 -0.5773640275 -0.7271040082 0.3714438677
-25.4 -515.0 2717.1 0.9926825762 0.1054215357 -0.0588862747 -0.0556431897 -0.0334468521 -0.9978903532 -0.1071686894 0.9938650131 -0.0273361187
-77.7 -498.4 2224.3 0.9926825762 0.0681496710 0.0996840745 -0.0556431897 0.9908125997 -0.1232647002 -0.1071686894 0.1168159768 0.9873545170
150.3 -518.6 2682.3 0.9445835948 -0.3270410895 0.0283896234 0.0183432754 -0.0337630361 -0.9992614985 0.3277580738 0.9444068074 -0.0258930046
306.4 -502.4 2231.5 0.9445835948 -0.0485790260 -0.3246566057 0.0183432754 0.9952553511 -0.0955525860 0.3277580738 0.0843021423 0.9409929514
96.0 -492.8 2478.2 0 0 0 0 0 0 0 0 0
276.4 -575.6 2751.4 0 0 0 0 0 0 0 0 0
-103.1 -868.3 2180.7 0 0 0 0 0 0 0 0 0
324.6 -873.8 2200.1 0 0 0 0 0 0 0 0 0
128.9 -1.7 2980.4 96 0.9817921519 0.1103465259 0.1546214223 -0.0248820037 0.8816672564 -0.4712151885 -0.1883216053 0.4587880671 0.8683596253
106.9 -177.4 2889.0 0.9817921519 0.1103465259 0.1546214223 -0.0248820037 0.8816672564 -0.4712151885 -0.1883216053 0.4587880671 0.8683596253
85.9 -346.7 2796.5 0.9823792577 0.1080583856 0.1524939537 -0.0201669224 0.8724417090 -0.4883018732 -0.1858071983 0.4766222835 0.8592478633
-27.3 -174.6 2914.4 -0.2889688015 -0.3884083927 -0.8750062585 0.5277830958 0.6979197264 -0.4841002226 0.7987127304 -0.6017033458 0.0033183449
55.9 -326.6 2684.3 -0.1369448155 -0.3831831813 -0.9134641290 0.6362791657 0.6727358699 -0.3775914013 0.7592067719 -0.6329274178 0.1516837925
241.1 -180.1 2863.6 0.5141789913 0.6456099153 0.5646306276 -0.8417699337 0.2536370754 0.4765412807 0.1644485146 -0.7203166485 0.6738699079
368.0 -387.9 2904.2 -0.3562626839 0.6456099153 0.6754736900 -0.7342689633 0.2536370754 -0.6296962500 -0.5778633356 -0.7203166485 0.3836898804
-24.9 -516.2 2718.7 0.9924973249 0.1047992483 -0.0629779249 -0.0593763404 -0.0371417217 -0.9975444674 -0.1068810225 0.9937995672 -0.0306404624
-77.0 -497.7 2224.1 0.9924973249 0.0715997070 0.0991089493 -0.0593763404 0.9908486605 -0.1212162748 -0.1068810225 0.1144220978 0.9876659513
150.7 -519.1 2683.1 0.9451740384 -0.3252153695 0.0296815746 0.0189178456 -0.0362102725 -0.9991651177 0.3260186315 0.9449464679 -0.0280726366
306.7 -501.7 2229.9 0.9451740384 -0.0445724577 -0.3235109448 0.0189178456 0.9964513183 -0.0820177123 0.3260186315 0.0714008808 0.9426631331
90.6 -487.9 2491.8 0 0 0 0 0 0 0 0 0
277.6 -574.3 2757.5 0 0 0 0 0 0 0 0 0
-103.8 -867.6 2181.4 0 0 0 0 0 0 0 0 0
323.3 -873.6 2203.2 0 0 0 0 0 0 0 0 0
126.9 -3.4 2981.7 97 0.9776175618 0.1101236790 0.1792669445 -0.0133458134 0.8828142881 -0.4695325196 -0.2099660784 0.4566307664 0.8645244837
105.0 -178.8 2890.9 0.9776175618 0.1101236790 0.1792669445 -0.0133458134 0.8828142881 -0.4695325196 -0.2099660784 0.4566307664 0.8645244837
84.2 -348.7 2799.3 0.9782440066 0.1074376032 0.1774705648 -0.0082844300 0.8750029802 -0.4840466380 -0.2072920799 0.4720454812 0.8568565249
-28.6 -177.7 2919.2 -0.2995990217 -0.4133472443 -0.8598746657 0.5038766861 0.6967732906 -0.5105049610 0.8101535439 -0.5862175822 -0.0004765527
56.2 -320.3 2690.0 -0.1177624986 -0.4085203409 -0.9051204920 0.6357182264 0.6692004204 -0.3847506940 0.7628855109 -0.6207108498 0.1808971167
238.6 -180.0 2862.6 0.5282331705 0.6263991594 0.5732310414 -0.8348302841 0.2598944008 0.4852971435 0.1550101936 -0.7349006534 0.6602218151
369.0 -386.1 2900.9 -0.3594193459 0.6263991594 0.6916949153 -0.7402840257 0.2598944008 -0.6200277805 -0.5681524873 -0.7349006534 0.3703022301
-23.1 -514.3 2720.6 0.9918717146 0.1058268398 -0.0706485659 -0.0670409873 -0.0372718871 -0.9970538020 -0.1081482619 0.9936857820 -0.0298741926
-75.8 -495.7 2225.3 0.9918717146 0.0786726847 0.1000057459 -0.0670409873 0.9911263585 -0.1147785038 -0.1081482619 0.1071410626 0.9883444309
152.9 -517.9 2687.3 0.9479826093 -0.3163695335 0.0352043584 0.0271933787 -0.0297024511 -0.9991888404 0.3171585500 0.9481709003 -0.0195542499
304.9 -503.6 2231.9 0.9479826093 -0.0567017831 -0.3132314384 0.0271933787 0.9948357344 -0.0977874771 0.3171585500 0.0841830000 0.9446288347
86.1 -481.5 2496.5 0 0 0 0 0 0 0 0 0
277.8 -574.0 2756.7 0 0 0 0 0 0 0 0 0
-105.2 -865.7 2185.3 0 0 0 0 0 0 0 0 0
326.0 -874.9 2200.5 0 0 0 0 0 0 0 0 0
128.0 -4.3 2981.8 98 0.9770519137 0.1084920987 0.1833004355 -0.0094013577 0.8816867471 -0.4717415571 -0.2127937973 0.4591926932 0.8624736667
106.4 -179.6 2890.5 0.9770519137 0.1084920987 0.1833004355 -0.0094013577 0.8816867471 -0.4717415571 -0.2127937973 0.4591926932 0.8624736667
84.8 -348.8 2797.9 0.9771155119 0.1117271259 0.1810036749 -0.0088949036 0.8716613054 -0.4900279939 -0.2125233114 0.4772039354 0.8527076244
-27.0 -178.4 2919.6 -0.3007752895 -0.4146558642 -0.8588333726 0.4964094758 0.7008544803 -0.5122310519 0.8143168092 -0.5803994536 -0.0049606157
56.0 -315.5 2694.6 -0.1159162223 -0.4106314778 -0.9044032097 0.6242456436 0.6781226993 -0.3879007697 0.7725806236 -0.6095337868 0.1777295023
239.9 -180.8 2861.5 0.5273657441 0.6230314374 0.5776826143 -0.8368597627 0.2634181082 0.4798715115 0.1468029767 -0.7365071177 0.6603075862
