-28.8 91.8 2931.0 21 0.9977473021 -0.0263982005 0.0616723560 0.0442928113 0.9496788979 -0.3100776672 -0.0503834412 0.3121107817 0.9487087727
-23.4 -103.1 2866.9 0.9977473021 -0.0263982005 0.0616723560 0.0442928113 0.9496788979 -0.3100776672 -0.0503834412 0.3121107817 0.9487087727
-18.9 -286.6 2798.6 0.9977747202 -0.0228560120 0.0626352206 0.0432414226 0.9368833303 -0.3469578624 -0.0507518202 0.3488942087 0.9357869029
-165.6 -109.2 2874.2 -0.0484534018 -0.7067083120 -0.7058439255 0.6349179149 0.5237355232 -0.5679615736 0.7710586786 -0.4756726027 0.4233250022
-151.9 -288.7 2656.2 -0.2402627766 -0.7039275765 -0.6684008837 0.4697864354 0.5182388425 -0.7146531940 0.8494554162 -0.4857102334 0.2061821371
118.8 -96.9 2859.7 0.0275806431 0.6272405982 0.7783370018 -0.7404193878 0.5359315872 -0.4056556523 -0.6715791225 -0.5651075244 0.4792024493
125.9 -285.4 2688.8 -0.4494237304 0.6272405982 0.6360719204 -0.3435249329 0.5359315872 -0.7712119818 -0.8246265650 -0.5651075244 -0.0253875684
-104.4 -475.5 2733.7 0.9572243094 0.2642863393 -0.1177893579 -0.1549297571 0.1243376210 -0.9800698757 -0.2443734407 0.9563958049 0.1599648148
-207.9 -524.2 2359.2 0.9572243094 0.2669014335 0.1117373034 -0.1549297571 0.7989310026 -0.5811247826 -0.2443734407 0.5389553308 0.8061071634
75.9 -467.2 2724.1 0.9973057508 -0.0666655153 -0.0306091104 -0.0348328836 -0.0631454512 -0.9973962903 0.0645591095 0.9957752824 -0.0652974769
109.4 -435.5 2223.5 0.9973057508 0.0236714873 -0.0694324821 -0.0348328836 0.9858052731 -0.1642395556 0.0645591095 0.1662155837 0.9839738011
-90.2 -409.3 2438.1 0 0 0 0 0 0 0 0 0
10.8 -373.3 2477.6 0 0 0 0 0 0 0 0 0
-308.5 -825.1 2156.2 0 0 0 0 0 0 0 0 0
100.5 -806.8 2160.9 0 0 0 0 0 0 0 0 0
-29.5 90.7 2930.6 22 0.9978924394 -0.0346994139 0.0548328087 0.0502945855 0.9475305676 -0.3156837821 -0.0410017222 0.3177762628 0.9472787976
-22.4 -102.6 2865.8 0.9978924394 -0.0346994139 0.0548328087 0.0502945855 0.9475305676 -0.3156837821 -0.0410017222 0.3177762628 0.9472787976
-16.4 -285.9 2797.1 0.9979635477 -0.0305829011 0.0559769869 0.0482425690 0.9359936118 -0.3486955762 -0.0417299792 0.3506859541 0.9355629086
-164.6 -109.5 2871.8 -0.0482714996 -0.7049924731 -0.7075701356 0.6412814260 0.5212382674 -0.5630885959 0.7657858729 -0.4809327126 0.4269376099
-151.2 -287.7 2658.9 -0.1674975604 -0.7131175995 -0.6807406545 0.4819518328 0.5431343913 -0.6875517964 0.8600389361 -0.4432474673 0.2527146339
119.8 -95.7 2859.9 0.0437046699 0.6169791818 0.7857649922 -0.7466675639 0.5427299142 -0.3846190870 -0.6637601256 -0.5698955655 0.4843981564
130.6 -280.6 2695.5 -0.4318914711 0.6169791818 0.6578802466 -0.3718540370 0.5427299142 -0.7531061172 -0.8217020631 -0.5698955655 -0.0049742092
-104.6 -474.0 2734.9 0.9583766460 0.2632485628 -0.1105185673 -0.1488639414 0.1304296553 -0.9802181721 -0.2436261177 0.9558704495 0.1641889662
-207.7 -525.0 2360.5 0.9583766460 0.2640960217 0.1084779203 -0.1488639414 0.7864404321 -0.5994588733 -0.2436261177 0.5583589673 0.7930205464
75.8 -466.1 2725.7 0.9972161651 -0.0672304183 -0.0322487466 -0.0361885801 -0.0582321882 -0.9976469278 0.0651943013 0.9960367084 -0.0605030507
109.9 -436.6 2220.2 0.9972161651 0.0254214369 -0.0700975135 -0.0361885801 0.9869517088 -0.1568972468 0.0651943013 0.1589971930 0.9851241708
-108.3 -411.2 2438.7 0 0 0 0 0 0 0 0 0
20.1 -375.8 2485.2 0 0 0 0 0 0 0 0 0
-307.1 -821.2 2150.2 0 0 0 0 0 0 0 0 0
100.3 -808.3 2160.3 0 0 0 0 0 0 0 0 0
-27.8 95.3 2919.5 23 0.9977876544 -0.0296258125 0.0595160015 0.0454930291 0.9570636153 -0.2862859368 -0.0484791473 0.2883601189 0.9562940001
-21.7 -102.2 2859.9 0.9977876544 -0.0296258125 0.0595160015 0.0454930291 0.9570636153 -0.2862859368 -0.0484791473 0.2883601189 0.9562940001
-17.0 -287.3 2796.2 0.9978756905 -0.0239836350 0.0605714284 0.0423684642 0.9451982379 -0.3237363100 -0.0494876318 0.3256149292 0.9442064762
-163.9 -108.2 2867.0 -0.0363785289 -0.7062190175 -0.7070582509 0.6523524523 0.5192002654 -0.5521479249 0.7570421696 -0.4813375175 0.4418159723
-153.9 -287.9 2658.5 -0.1709892303 -0.7140199542 -0.6789243221 0.4828457832 0.5399294496 -0.6894462705 0.8588495851 -0.4457036257 0.2524393797
120.5 -96.2 2852.9 0.0483187102 0.6002311707 0.7983657122 -0.7546818256 0.5455393791 -0.3644751608 -0.6543092728 -0.5849011540 0.4793433249
132.4 -281.0 2692.7 -0.4570758045 0.6002311707 0.6563568115 -0.3661501408 0.5455393791 -0.7538706064 -0.8105651140 -0.5849011540 -0.0295781139
-100.6 -473.6 2732.2 0.9569731951 0.2771141827 -0.0860814229 -0.1310221255 0.1479573250 -0.9802764058 -0.2589121163 0.9493768215 0.1778992862
-209.1 -531.5 2360.5 0.9569731951 0.2616922557 0.1253772378 -0.1310221255 0.7752032280 -0.6179750562 -0.2589121163 0.5749583840 0.7761361599
79.8 -464.9 2724.7 0.9974871278 -0.0615298003 -0.0351214372 -0.0386245735 -0.0567015409 -0.9976437688 0.0593933836 0.9964933395 -0.0589356199
110.9 -436.2 2221.0 0.9974871278 0.0283252280 -0.0649393052 -0.0386245735 0.9858219028 -0.1632891893 0.0593933836 0.1653871238 0.9844386578
-110.0 -411.7 2438.3 0 0 0 0 0 0 0 0 0
15.4 -374.7 2485.2 0 0 0 0 0 0 0 0 0
-307.7 -823.4 2144.0 0 0 0 0 0 0 0 0 0
100.2 -807.5 2158.7 0 0 0 0 0 0 0 0 0
-26.5 94.2 2914.9 24 0.9978206754 -0.0312205348 0.0581307039 0.0457212739 0.9623444080 -0.2679603696 -0.0475758947 0.2700342238 0.9616746306
-20.1 -103.2 2859.5 0.9978206754 -0.0312205348 0.0581307039 0.0457212739 0.9623444080 -0.2679603696 -0.0475758947 0.2700342238 0.9616746306
-15.0 -289.6 2799.5 0.9979131818 -0.0257554557 0.0592111982 0.0426141843 0.9516363144 -0.3042571247 -0.0485112444 0.3061454296 0.9507479668
-162.3 -109.3 2866.4 -0.0335397720 -0.7066729665 -0.7067449093 0.6506007314 0.5213586688 -0.5521810055 0.7586789727 -0.4783287644 0.4422757030
-153.0 -290.0 2655.7 -0.1918858737 -0.7111956477 -0.6762992144 0.4812505543 0.5323812366 -0.6963965297 0.8553231359 -0.4590980113 0.2401068509
122.2 -97.2 2852.5 0.0374187306 0.5848546028 0.8102746010 -0.7470049858 0.5549564362 -0.3660695553 -0.6637645364 -0.5915812850 0.4576550722
131.5 -284.7 2685.9 -0.4703957140 0.5848546028 0.6608123183 -0.3621098995 0.5549564362 -0.7489324212 -0.8047386408 -0.5915812850 -0.0492674671
-102.5 -476.1 2736.9 0.9566285014 0.2606711090 -0.1300479919 -0.1635953188 0.1113424301 -0.9802241921 -0.2410362810 0.9589856267 0.1491579115
-204.5 -519.7 2361.6 0.9566285014 0.2727480531 0.1023250595 -0.1635953188 0.7936316729 -0.5859909058 -0.2410362810 0.5438356996 0.8038309813
77.9 -468.5 2728.0 0.9972811341 -0.0647082478 -0.0352588333 -0.0393313058 -0.0627806634 -0.9972520471 0.0623168610 0.9959273934 -0.0651550293
110.8 -436.6 2222.2 0.9972811341 0.0287064966 -0.0678695813 -0.0393313058 0.9862017035 -0.1608080268 0.0623168610 0.1630402058 0.9846494198
-103.7 -413.5 2436.2 0 0 0 0 0 0 0 0 0
11.1 -377.4 2479.9 0 0 0 0 0 0 0 0 0
-307.1 -818.4 2157.0 0 0 0 0 0 0 0 0 0
100.0 -808.1 2160.8 0 0 0 0 0 0 0 0 0
-28.9 91.4 2912.6 25 0.9983065128 -0.0415778868 0.0406867191 0.0509189069 0.9627595544 -0.2655207813 -0.0281317346 0.2671428323 0.9632462263
-20.4 -105.3 2858.0 0.9983065128 -0.0415778868 0.0406867191 0.0509189069 0.9627595544 -0.2655207813 -0.0281317346 0.2671428323 0.9632462263
-13.3 -292.0 2799.3 0.9984560609 -0.0363354906 0.0420147479 0.0472409874 0.9533396959 -0.2981806397 -0.0292197894 0.2997050881 0.9535843134
-162.7 -112.0 2862.2 -0.0421952717 -0.7003930807 -0.7125090361 0.6455534697 0.5251795650 -0.5544791818 0.7625485659 -0.4833590686 0.4299810529
-151.0 -290.5 2651.3 -0.2064653486 -0.7038146257 -0.6797183156 0.4791253209 0.5329766273 -0.6974058151 0.8531184196 -0.4696603715 0.2271742225
121.9 -98.5 2853.8 0.0341217928 0.5952252746 0.8028340936 -0.7467431426 0.5490776300 -0.3753511012 -0.6642367244 -0.5867031813 0.4632158875
130.4 -284.8 2688.2 -0.4656029344 0.5952252746 0.6549204588 -0.3594096601 0.5490776300 -0.7545452118 -0.8087265491 -0.5867031813 -0.0417224467
-100.2 -479.7 2744.0 0.9556553364 0.2576740682 -0.1425724626 -0.1667384505 0.0743906498 -0.9831908941 -0.2427367419 0.9633639455 0.1140559986
-201.0 -508.8 2367.0 0.9556553364 0.2747978270 0.1058724970 -0.1667384505 0.8012499213 -0.5746275783 -0.2427367419 0.5314928889 0.8115381598
80.2 -472.0 2735.2 0.9978770018 -0.0583600514 -0.0289059244 -0.0329272673 -0.0691632554 -0.9970617890 0.0561893508 0.9958968759 -0.0709380582
110.3 -436.4 2222.9 0.9978770018 0.0229776688 -0.0609382875 -0.0329272673 0.9852928519 -0.1676717848 0.0561893508 0.1693223417 0.9839576483
-98.0 -413.5 2432.4 0 0 0 0 0 0 0 0 0
11.1 -376.8 2481.1 0 0 0 0 0 0 0 0 0
-304.4 -810.5 2167.0 0 0 0 0 0 0 0 0 0
101.6 -807.5 2159.1 0 0 0 0 0 0 0 0 0
-30.6 89.7 2910.4 26 0.9971209168 -0.0506457314 0.0564352274 0.0632571504 0.9659770131 -0.2507726848 -0.0418145657 0.2536206245 0.9663995504
-20.2 -107.3 2858.7 0.9971209168 -0.0506457314 0.0564352274 0.0632571504 0.9659770131 -0.2507726848 -0.0418145657 0.2536206245 0.9663995504
-11.4 -294.9 2803.3 0.9973127246 -0.0448883176 0.0578992590 0.0593932010 0.9580854177 -0.2802583873 -0.0428921096 0.2829440832 0.9581768513
-162.3 -115.7 2864.8 -0.0331366360 -0.7141656876 -0.6991919279 0.6358436942 0.5246800780 -0.5660508871 0.7711061835 -0.4633337855 0.4367116392
-153.1 -292.5 2650.5 -0.2512613535 -0.7066158056 -0.6614845991 0.4667288065 0.5102592111 -0.7223570943 0.8479574919 -0.4902343452 0.2015895396
121.9 -98.8 2852.6 0.0328218751 0.6046946049 0.7957808971 -0.7466420531 0.5441343188 -0.3826793134 -0.6644157767 -0.5816032290 0.4693499207
130.0 -283.9 2687.9 -0.4566555619 0.6046946049 0.6525413394 -0.3614194691 0.5441343188 -0.7571616769 -0.8129217029 -0.5816032290 -0.0299335755
-96.4 -482.9 2743.3 0.9531961083 0.2655957043 -0.1444855332 -0.1679068655 0.0675801858 -0.9834837317 -0.2514446974 0.9617129564 0.1090125144
-200.4 -509.4 2366.8 0.9531961083 0.2812278867 0.1110316217 -0.1679068655 0.7977532148 -0.5791348219 -0.2514446974 0.5333861113 0.8076353669
84.0 -474.4 2738.0 0.9984270334 -0.0498016477 -0.0257547460 -0.0294929333 -0.0758451596 -0.9966833591 0.0476831011 0.9958751202 -0.0771946535
109.8 -435.2 2223.9 0.9984270334 0.0203146189 -0.0522573180 -0.0294929333 0.9829729199 -0.1813682914 0.0476831011 0.1826242357 0.9820258021
-88.7 -412.2 2433.0 0 0 0 0 0 0 0 0 0
13.1 -376.4 2479.8 0 0 0 0 0 0 0 0 0
-306.3 -809.8 2166.0 0 0 0 0 0 0 0 0 0
102.1 -805.4 2155.2 0 0 0 0 0 0 0 0 0
-29.9 87.4 2910.4 27 0.9975726008 -0.0549773276 0.0427360386 0.0641890392 0.9639278650 -0.2583076656 -0.0269933902 0.2604238391 0.9651169777
-18.7 -109.2 2857.2 0.9975726008 -0.0549773276 0.0427360386 0.0641890392 0.9639278650 -0.2583076656 -0.0269933902 0.2604238391 0.9651169777
-8.6 -296.4 2800.8 0.9977042675 -0.0512510017 0.0442667603 0.0618094727 0.9562410116 -0.2859767973 -0.0276730936 0.2880563736 0.9572135210
-160.9 -118.0 2861.2 -0.0385530591 -0.7083715796 -0.7047860622 0.6370936036 0.5259423852 -0.5634681582 0.7698217034 -0.4707381129 0.4310222864
-150.3 -292.1 2650.8 -0.2542147636 -0.7020934224 -0.6651614308 0.4652020633 0.5142010450 -0.7205444574 0.8479161859 -0.4926075041 0.1958978176
123.5 -100.4 2853.3 0.0289910864 0.6010748744 0.7986667156 -0.7372484803 0.5524109602 -0.3889816999 -0.6749993563 -0.5775388479 0.4591565728
130.8 -286.1 2683.2 -0.4562316835 0.6010748744 0.6561719179 -0.3561519384 0.5524109602 -0.7536563873 -0.8154805303 -0.5775388479 -0.0379533954
-92.7 -487.8 2751.8 0.9524773955 0.2675394714 -0.1456347406 -0.1617081016 0.0389372334 -0.9860701561 -0.2581420839 0.9627598524 0.0803501308
-197.5 -503.1 2374.9 0.9524773955 0.2807287574 0.1182294413 -0.1617081016 0.7949270010 -0.5847576857 -0.2581420839 0.5378497839 0.8025461435
87.5 -477.1 2744.0 0.9988064766 -0.0426356606 -0.0238277968 -0.0271470919 -0.0790480673 -0.9965010881 0.0406029411 0.9959586263 -0.0801111534
109.8 -435.9 2224.5 0.9988064766 0.0194550250 -0.0448002815 -0.0271470919 0.9836419821 -0.1780772805 0.0406029411 0.1790809333 0.9829961658
-85.1 -411.5 2433.2 0 0 0 0 0 0 0 0 0
13.9 -377.3 2474.4 0 0 0 0 0 0 0 0 0
-303.2 -802.4 2172.4 0 0 0 0 0 0 0 0 0
102.4 -806.3 2157.1 0 0 0 0 0 0 0 0 0
-29.7 90.3 2910.3 28 0.9964154363 -0.0546856485 0.0645422637 0.0695693642 0.9637923837 -0.2574185729 -0.0481282361 0.2609860003 0.9641420841
-18.6 -105.5 2857.3 0.9964154363 -0.0546856485 0.0645422637 0.0695693642 0.9637923837 -0.2574185729 -0.0481282361 0.2609860003 0.9641420841
-8.1 -292.5 2800.1 0.9963587523 -0.0536271520 0.0662822500 0.0705737397 0.9549532533 -0.2882422209 -0.0478388406 0.2918704450 0.9552607536
-160.6 -115.5 2864.1 -0.0434076190 -0.7217999697 -0.6907391548 0.6395805478 0.5110644698 -0.5742384791 0.7674975395 -0.4667096436 0.4394651055
-148.4 -294.8 2649.0 -0.2604809403 -0.7151302099 -0.6486435533 0.4595257342 0.4990287721 -0.7347151637 0.8491088152 -0.4894477129 0.1986332536
123.3 -95.4 2850.5 0.0247570984 0.6447951198 0.7639544010 -0.7579190731 0.5104172826 -0.4062424004 -0.6518786550 -0.5689582229 0.5013389587
129.6 -286.3 2686.3 -0.4459916651 0.6447951198 0.6207501292 -0.3532774448 0.5104172826 -0.7840084434 -0.8223664165 -0.5689582229 0.0001497321
-88.8 -489.3 2746.9 0.9501410127 0.2793849707 -0.1384775490 -0.1580688506 0.0487419777 -0.9862243533 -0.2687866092 0.9589412212 0.0904738158
-198.1 -508.3 2371.5 0.9501410127 0.2841782868 0.1283537894 -0.1580688506 0.7937701941 -0.5873185396 -0.2687866092 0.5377467275 0.7991133928
91.6 -478.1 2741.9 0.9991590977 -0.0358280502 -0.0199351031 -0.0228615701 -0.0832203627 -0.9962689281 0.0340353660 0.9958869219 -0.0839694664
110.2 -434.9 2224.5 0.9991590977 0.0161480550 -0.0376868397 -0.0228615701 0.9824439883 -0.1851518452 0.0340353660 0.1858577281 0.9819869995
-81.5 -412.7 2431.0 0 0 0 0 0 0 0 0 0
15.4 -376.8 2475.7 0 0 0 0 0 0 0 0 0
-305.2 -807.3 2168.9 0 0 0 0 0 0 0 0 0
104.1 -804.9 2154.5 0 0 0 0 0 0 0 0 0
-28.6 89.3 2910.3 29 0.9965066910 -0.0462451391 0.0695400313 0.0625692680 0.9649358392 -0.2549193799 -0.0553128868 0.2583799362 0.9644585252
-19.2 -106.6 2857.8 0.9965066910 -0.0462451391 0.0695400313 0.0625692680 0.9649358392 -0.2549193799 -0.0553128868 0.2583799362 0.9644585252
-10.4 -293.7 2800.5 0.9964506626 -0.0449423455 0.0711778328 0.0637490600 0.9550817609 -0.2894043922 -0.0549741350 0.2929147184 0.9545568824
-161.2 -115.7 2865.7 -0.0462851897 -0.7211667299 -0.6912135482 0.6409371495 0.5093024969 -0.5742912889 0.7661966085 -0.4696056545 0.4386493862
-148.4 -293.5 2653.1 -0.2551705241 -0.7179700136 -0.6476164460 0.4518987238 0.5035787225 -0.7363396287 0.8547956347 -0.4805492163 0.1959512830
122.8 -97.5 2850.0 0.0267654099 0.6382440329 0.7693686485 -0.7588065267 0.5140097141 -0.4000083208 -0.6507658958 -0.5730955601 0.4980614483
129.4 -284.7 2689.5 -0.4472786486 0.6382440329 0.6265671253 -0.3583041131 0.5140097141 -0.7793665528 -0.8194876313 -0.5730955601 -0.0012201119
-87.6 -485.9 2747.3 0.9501325488 0.2807313204 -0.1357866824 -0.1571662724 0.0549909882 -0.9860399365 -0.2693452537 0.9582097530 0.0963702202
-197.6 -507.4 2372.0 0.9501325488 0.2841865122 0.1283982843 -0.1571662724 0.7920020819 -0.5899419188 -0.2693452537 0.5403431654 0.7971715331
92.4 -473.1 2738.6 0.9990893006 -0.0349686556 -0.0244499817 -0.0270456579 -0.0757919028 -0.9967567921 0.0330021344 0.9965103269 -0.0766686350
110.4 -434.2 2226.8 0.9990893006 0.0204156917 -0.0374674276 -0.0270456579 0.9821760058 -0.1860075444 0.0330021344 0.1868514717 0.9818336964
-82.9 -409.5 2433.7 0 0 0 0 0 0 0 0 0
14.8 -376.4 2479.6 0 0 0 0 0 0 0 0 0
-304.6 -805.7 2168.5 0 0 0 0 0 0 0 0 0
102.7 -804.2 2156.5 0 0 0 0 0 0 0 0 0
-30.6 88.1 2911.3 30 0.9976880550 -0.0385406725 0.0559747517 0.0517003089 0.9650131464 -0.2570538223 -0.0441093445 0.2593534291 0.9647746682
-22.8 -108.1 2858.5 0.9976880550 -0.0385406725 0.0559747517 0.0517003089 0.9650131464 -0.2570538223 -0.0441093445 0.2593534291 0.9647746682
-16.1 -295.3 2801.1 0.9977738261 -0.0341859832 0.0572603233 0.0494356975 0.9554445744 -0.2910013199 -0.0447608978 0.2931842208 0.9550075531
-164.9 -115.2 2864.9 -0.0598633364 -0.7083483934 -0.7033199668 0.6411449313 0.5127473474 -0.5709845424 0.7650814056 -0.4851110578 0.4234591722
-148.4 -292.1 2653.8 -0.2490397841 -0.7094945908 -0.6592394114 0.4556096494 0.5148361325 -0.7261980176 0.8546338677 -0.4812080562 0.1950379014
119.4 -101.1 2852.2 0.0401438698 0.6011306643 0.7981418371 -0.7441830635 0.5510221124 -0.3775794208 -0.6667683721 -0.5788061023 0.4694714248
129.5 -287.7 2685.0 -0.4618893266 0.6011306643 0.6521503925 -0.3514867127 0.5510221124 -0.7568565011 -0.8143189549 -0.5788061023 -0.0432217792
-91.7 -486.5 2748.1 0.9518570304 0.2701823115 -0.1448093206 -0.1615952998 0.0408312604 -0.9860120416 -0.2604902685 0.9619429708 0.0825257152
-197.5 -502.5 2371.4 0.9518570304 0.2807291746 0.1231233254 -0.1615952998 0.8008341193 -0.5766729116 -0.2604902685 0.5290139914 0.8076441288
88.4 -474.9 2738.1 0.9988561273 -0.0425033048 -0.0219059139 -0.0251938589 -0.0784311295 -0.9966011643 0.0406407379 0.9960130453 -0.0794122368
110.3 -434.7 2227.0 0.9988561273 0.0172726903 -0.0445876010 -0.0251938589 0.9826543331 -0.1837272197 0.0406407379 0.1846403927 0.9819654822
-84.5 -409.1 2434.4 0 0 0 0 0 0 0 0 0
11.2 -377.7 2476.4 0 0 0 0 0 0 0 0 0
-303.2 -804.1 2172.1 0 0 0 0 0 0 0 0 0
103.7 -804.8 2157.5 0 0 0 0 0 0 0 0 0
-28.1 92.0 2921.8 31 0.9974462986 -0.0286840051 0.0654075220 0.0460036844 0.9585527182 -0.2811767459 -0.0546312816 0.2834676802 0.9574244022
-22.2 -104.1 2863.8 0.9974462986 -0.0286840051 0.0654075220 0.0460036844 0.9585527182 -0.2811767459 -0.0546312816 0.2834676802 0.9574244022
-18.2 -290.0 2802.5 0.9975941777 -0.0206402913 0.0661801547 0.0402819514 0.9495343566 -0.3110656440 -0.0564198419 0.3129831553 0.9480813742
-164.4 -109.8 2871.8 -0.0534030758 -0.7081286311 -0.7040610313 0.6381312013 0.5181164145 -0.5695120692 0.7680733800 -0.4796969891 0.4242099524
-149.0 -293.9 2650.3 -0.2480535358 -0.7087936401 -0.6603643298 0.4500633180 0.5193202496 -0.7264636755 0.8578534126 -0.4774076343 0.1901827902
119.9 -98.3 2855.7 0.0164164733 0.5947679877 0.8037297726 -0.7329538465 0.5539065599 -0.3949255049 -0.6800802350 -0.5826135874 0.4450306892
124.2 -290.2 2677.7 -0.4672669768 0.5947679877 0.6541503072 -0.3515315652 0.5539065599 -0.7547271848 -0.8112257123 -0.5826135874 -0.0497425199
-99.5 -486.8 2747.7 0.9547332525 0.2554784715 -0.1523651481 -0.1709842086 0.0521910600 -0.9838904738 -0.2434107512 0.9654049873 0.0935113281
-199.6 -507.3 2369.7 0.9547332525 0.2787001729 0.1039740518 -0.1709842086 0.8001933098 -0.5748521686 -0.2434107512 0.5310525894 0.8116245270
80.8 -477.9 2739.6 0.9982405305 -0.0557320863 -0.0202444028 -0.0249343794 -0.0847863108 -0.9960871339 0.0537975654 0.9948393106 -0.0860267803
109.5 -434.2 2226.9 0.9982405305 0.0150021939 -0.0573658012 -0.0249343794 0.9839732647 -0.1765642315 0.0537975654 0.1776839495 0.9826160073
-85.3 -409.5 2430.0 0 0 0 0 0 0 0 0 0
4.6 -380.2 2469.9 0 0 0 0 0 0 0 0 0
-304.6 -808.7 2169.7 0 0 0 0 0 0 0 0 0
103.9 -804.8 2160.0 0 0 0 0 0 0 0 0 0
-27.3 91.5 2926.0 32 0.9976819158 -0.0330447182 0.0594880730 0.0489275791 0.9559019804 -0.2895816267 -0.0472956225 0.2918209434 0.9553028941
-20.5 -104.0 2866.4 0.9976819158 -0.0330447182 0.0594880730 0.0489275791 0.9559019804 -0.2895816267 -0.0472956225 0.2918209434 0.9553028941
-15.8 -289.4 2803.4 0.9978917241 -0.0237879865 0.0603839792 0.0419039689 0.9466346502 -0.3195730746 -0.0495595671 0.3214296401 0.9456356764
-162.7 -110.0 2873.4 -0.0428363867 -0.7060118914 -0.7069032788 0.6354937553 0.5267108679 -0.5645558834 0.7709168196 -0.4734161496 0.4261037409
-150.6 -289.2 2656.0 -0.2290047109 -0.7082284093 -0.6678093672 0.4505154490 0.5310322046 -0.7176632881 0.8628978133 -0.4652067125 0.1974589825
121.7 -98.0 2859.3 0.0069034458 0.6097638607 0.7925530672 -0.7352867126 0.5402508378 -0.4092462659 -0.6777210236 -0.5799285173 0.4520808458
123.5 -287.9 2684.3 -0.4510054290 0.6097638607 0.6517531276 -0.3651734591 0.5402508378 -0.7581407428 -0.8143969774 -0.5799285173 -0.0209864881
-104.3 -479.5 2746.3 0.9570466280 0.2449515909 -0.1551143825 -0.1767739356 0.0689286441 -0.9818349481 -0.2298102081 0.9670819640 0.1092689857
-200.3 -506.5 2367.6 0.9570466280 0.2753228247 0.0908795223 -0.1767739356 0.8025577068 -0.5697824955 -0.2298102081 0.5292432904 0.8167550564
76.0 -472.2 2736.1 0.9975913763 -0.0650526136 -0.0240759514 -0.0288003739 -0.0726913139 -0.9969385862 0.0631033480 0.9952306747 -0.0743897632
109.4 -434.9 2225.6 0.9975913763 0.0173032060 -0.0671721175 -0.0288003739 0.9842938185 -0.1741729528 0.0631033480 0.1756880134 0.9824213386
-91.8 -404.9 2434.4 0 0 0 0 0 0 0 0 0
8.0 -381.4 2475.8 0 0 0 0 0 0 0 0 0
-304.0 -808.8 2168.3 0 0 0 0 0 0 0 0 0
102.8 -805.7 2159.4 0 0 0 0 0 0 0 0 0
-28.8 90.3 2917.2 33 0.9982331395 -0.0318759754 0.0501449592 0.0444243737 0.9608224034 -0.2735815048 -0.0394597203 0.2753257751 0.9605408311
-22.3 -107.0 2860.6 0.9982331395 -0.0318759754 0.0501449592 0.0444243737 0.9608224034 -0.2735815048 -0.0394597203 0.2753257751 0.9605408311
-17.9 -293.1 2800.0 0.9984430671 -0.0223067254 0.0511256941 0.0370184667 0.9506077766 -0.3081793487 -0.0417260081 0.3095921278 0.9499534965
-164.6 -112.3 2866.6 -0.0576550588 -0.6989810467 -0.7128123045 0.6518707275 0.5144221783 -0.5571663380 0.7561352253 -0.4967849255 0.4259862602
-149.0 -288.6 2662.1 -0.2156759053 -0.7095084190 -0.6708812714 0.4536841810 0.5355796218 -0.7122675776 0.8646702170 -0.4579871893 0.2063811421
120.0 -101.7 2854.7 0.0220926292 0.6036056876 0.7969768643 -0.7421523333 0.5440308452 -0.3914592862 -0.6698670387 -0.5828298926 0.4599864185
125.4 -283.2 2690.9 -0.4474240243 0.6036056876 0.6599029899 -0.3739199638 0.5440308452 -0.7511420250 -0.8124011159 -0.5828298926 -0.0177122559
-101.4 -478.5 2745.0 0.9563671350 0.2518313527 -0.1481312960 -0.1743550301 0.0850998908 -0.9809986353 -0.2344402671 0.9640222788 0.1252948046
-200.0 -511.9 2367.4 0.9563671350 0.2780817151 0.0896241069 -0.1743550301 0.7893556356 -0.5886578560 -0.2344402671 0.5473465919 0.8033987284
79.0 -471.0 2736.0 0.9975910783 -0.0619053431 -0.0313017964 -0.0356578678 -0.0705617815 -0.9968698621 0.0595028624 0.9955846071 -0.0725992098
110.7 -434.8 2225.6 0.9975910783 0.0248348452 -0.0647711679 -0.0356578678 0.9845015407 -0.1717125773 0.0595028624 0.1736085415 0.9830154777
-93.6 -405.1 2440.1 0 0 0 0 0 0 0 0 0
10.8 -378.9 2482.8 0 0 0 0 0 0 0 0 0
-304.7 -809.1 2161.3 0 0 0 0 0 0 0 0 0
101.4 -805.6 2160.2 0 0 0 0 0 0 0 0 0
-30.1 88.9 2912.7 34 0.9987308979 -0.0383718275 0.0326224007 0.0458021574 0.9613690972 -0.2714252174 -0.0209470876 0.2725749016 0.9619064927
-22.2 -108.0 2856.9 0.9987308979 -0.0383718275 0.0326224007 0.0458021574 0.9613690972 -0.2714252174 -0.0209470876 0.2725749016 0.9619064927
-15.9 -294.2 2796.7 0.9988901615 -0.0326722339 0.0339262411 0.0415151119 0.9509580731 -0.3065212369 -0.0222476963 0.3075895011 0.9512590170
-164.6 -113.9 2860.1 -0.0584219433 -0.6924829483 -0.7190648317 0.6497003436 0.5205016732 -0.5540464520 0.7579421997 -0.4995451272 0.4194976985
-148.6 -291.5 2652.8 -0.2368804067 -0.6973886490 -0.6764146090 0.4649304450 0.5299604535 -0.7092119455 0.8530693650 -0.4824841619 0.1986999512
120.1 -102.0 2853.7 0.0278936829 0.5653991103 0.8243457079 -0.7287653685 0.5759547949 -0.3703742027 -0.6841951013 -0.5904235244 0.4281088114
127.1 -286.3 2680.8 -0.4709025919 0.5653991103 0.6771813631 -0.3622936904 0.5759547949 -0.7328160405 -0.8043593764 -0.5904235244 -0.0663780868
-103.8 -482.7 2743.1 0.9556250572 0.2475236654 -0.1597271711 -0.1876180172 0.0933737978 -0.9777938724 -0.2271127850 0.9643719792 0.1356702298
-200.8 -519.2 2365.4 0.9556250572 0.2848659158 0.0750476271 -0.1876180172 0.7849506140 -0.5904676318 -0.2271127850 0.5501853824 0.8035644293
76.7 -475.9 2735.6 0.9973936081 -0.0655779913 -0.0300916824 -0.0353035107 -0.0798233673 -0.9961836934 0.0629257038 0.9946495891 -0.0819304511
110.3 -435.0 2225.4 0.9973936081 0.0234234482 -0.0682445914 -0.0353035107 0.9833136797 -0.1784595549 0.0629257038 0.1804036945 0.9815777540
-87.8 -410.9 2433.8 0 0 0 0 0 0 0 0 0
6.6 -379.0 2474.8 0 0 0 0 0 0 0 0 0
-308.0 -814.8 2158.2 0 0 0 0 0 0 0 0 0
101.5 -805.4 2157.5 0 0 0 0 0 0 0 0 0
-30.5 88.3 2910.0 35 0.9987999201 -0.0369728953 0.0321201719 0.0442437902 0.9624065161 -0.2679853737 -0.0210044682 0.2690849006 0.9628874063
-23.0 -108.0 2855.1 0.9987999201 -0.0369728953 0.0321201719 0.0442437902 0.9624065161 -0.2679853737 -0.0210044682 0.2690849006 0.9628874063
-16.9 -294.5 2795.8 0.9989681244 -0.0308594890 0.0333224833 0.0394957587 0.9525126219 -0.3019268513 -0.0224227794 0.3029313982 0.9527485371
-165.3 -113.6 2858.3 -0.0649999082 -0.6913886070 -0.7195531726 0.6490307450 0.5184299350 -0.5567670465 0.7579802871 -0.5032019615 0.4150345922
-147.4 -293.0 2648.9 -0.2156922817 -0.6978963017 -0.6829477549 0.4813603461 0.5325270891 -0.6962090731 0.8495699167 -0.4789108932 0.2210776061
119.4 -102.4 2851.9 0.0339788646 0.5566799641 0.8300318718 -0.7318516374 0.5794454813 -0.3586587608 -0.6806163788 -0.5952733159 0.4270960093
128.1 -289.0 2678.4 -0.4832097590 0.5566799641 0.6757335067 -0.3570157886 0.5794454813 -0.7326545119 -0.7994047999 -0.5952733159 -0.0812501907
-99.7 -484.2 2738.5 0.9541845918 0.2609594464 -0.1463966519 -0.1775606573 0.1000204906 -0.9790138602 -0.2408402562 0.9601541758 0.1417741477
-201.9 -523.4 2362.4 0.9541845918 0.2844687700 0.0927865431 -0.1775606573 0.7879102826 -0.5896351933 -0.2408402562 0.5461455584 0.8023222685
80.8 -476.7 2734.5 0.9979401231 -0.0582234077 -0.0269363225 -0.0317167714 -0.0828055292 -0.9960609078 0.0557635836 0.9948634505 -0.0844816193
110.4 -434.5 2228.1 0.9979401231 0.0197293386 -0.0610432960 -0.0317167714 0.9788421392 -0.2021439075 0.0557635836 0.2036636025 0.9774515629
-92.0 -416.5 2430.8 0 0 0 0 0 0 0 0 0
4.3 -380.4 2473.7 0 0 0 0 0 0 0 0 0
-309.1 -820.1 2156.7 0 0 0 0 0 0 0 0 0
103.0 -803.1 2151.4 0 0 0 0 0 0 0 0 0
-30.5 87.2 2909.1 36 0.9988552332 -0.0352210030 0.0323677324 0.0427346490 0.9610683918 -0.2729859054 -0.0214927662 0.2740566134 0.9614733458
-23.4 -108.0 2853.5 0.9988552332 -0.0352210030 0.0323677324 0.0427346490 0.9610683918 -0.2729859054 -0.0214927662 0.2740566134 0.9614733458
-17.5 -294.4 2793.5 0.9989973903 -0.0297372304 0.0334642939 0.0385488719 0.9514846802 -0.3052717745 -0.0227628276 0.3062557280 0.9516770840
-165.7 -113.5 2856.7 -0.0647053272 -0.6908538342 -0.7200931907 0.6498307586 0.5184627771 -0.5558024049 0.7573197484 -0.5039020777 0.4153907895
-147.7 -295.0 2645.2 -0.1935702562 -0.6985148787 -0.6889176369 0.4942270219 0.5371653438 -0.6835151911 0.8475082517 -0.4727899134 0.2412456870
119.0 -102.5 2850.2 0.0313242003 0.5748887658 0.8176317811 -0.7445912361 0.5591420531 -0.3646149337 -0.6667853594 -0.5973801613 0.4455717802
126.9 -290.7 2681.7 -0.4804500341 0.5748887658 0.6623222232 -0.3602973819 0.5591420531 -0.7466899753 -0.7995958924 -0.5973801613 -0.0615089163
-101.2 -484.7 2738.5 0.9553560019 0.2626147270 -0.1353825927 -0.1662705243 0.0991008356 -0.9810877442 -0.2442315519 0.9597981572 0.1383416653
-204.0 -523.5 2362.6 0.9553560019 0.2769854963 0.1028297842 -0.1662705243 0.7917153835 -0.5878272653 -0.2442315519 0.5444867015 0.8024245501
79.4 -477.5 2734.5 0.9976022840 -0.0618737526 -0.0310057830 -0.0361137465 -0.0832214653 -0.9958764911 0.0590382665 0.9946084023 -0.0852564201
111.0 -435.0 2226.9 0.9976022840 0.0230752472 -0.0652476251 -0.0361137465 0.9778113365 -0.2063510567 0.0590382665 0.2082126141 0.9763001800
-98.0 -421.9 2427.7 0 0 0 0 0 0 0 0 0
3.9 -383.0 2476.9 0 0 0 0 0 0 0 0 0
-308.4 -821.7 2157.5 0 0 0 0 0 0 0 0 0
102.3 -803.3 2148.5 0 0 0 0 0 0 0 0 0
-31.2 86.6 2908.2 37 0.9977943897 -0.0404435918 0.0526371449 0.0527947061 0.9641749859 -0.2599602342 -0.0402376950 0.2621658146 0.9641835690
-23.0 -108.9 2855.1 0.9977943897 -0.0404435918 0.0526371449 0.0527947061 0.9641749859 -0.2599602342 -0.0402376950 0.2621658146 0.9641835690
-15.5 -296.1 2798.0 0.9978313446 -0.0378967784 0.0538191423 0.0518896915 0.9559426904 -0.2889308929 -0.0404984653 0.2910969555 0.9558359981
-165.2 -116.3 2860.8 -0.0679798052 -0.7075018287 -0.7034343481 0.6386017799 0.5108494163 -0.5755177140 0.7665289044 -0.4883379936 0.4170844853
-146.2 -294.3 2647.1 -0.1612847000 -0.7172446251 -0.6778992414 0.4899817705 0.5380595326 -0.6858642697 0.8566825986 -0.4427776635 0.2646560073
119.2 -101.5 2849.3 0.0237189885 0.5817406774 0.8130283952 -0.7465695739 0.5511814356 -0.3726029396 -0.6648844481 -0.5981444716 0.4473833144
125.2 -289.8 2681.6 -0.4737434089 0.5817406774 0.6611694098 -0.3681676686 0.5511814356 -0.7487667203 -0.8000123501 -0.5981444716 -0.0469404645
-102.0 -484.2 2735.6 0.9560662508 0.2700299323 -0.1141102761 -0.1503788829 0.1176193804 -0.9816067815 -0.2516416311 0.9556409121 0.1530587226
-207.8 -530.3 2361.3 0.9560662508 0.2715902925 0.1103450432 -0.1503788829 0.7774798870 -0.6106645465 -0.2516416311 0.5672422051 0.7841637135
78.6 -477.2 2731.5 0.9974819422 -0.0641607344 -0.0302182753 -0.0356328785 -0.0849973634 -0.9957438111 0.0613191836 0.9943132401 -0.0870695636
111.0 -434.4 2229.8 0.9974819422 0.0223835837 -0.0672957599 -0.0356328785 0.9785993099 -0.2026664615 0.0613191836 0.2045540810 0.9769327641
-104.8 -420.0 2427.3 0 0 0 0 0 0 0 0 0
3.8 -384.1 2476.7 0 0 0 0 0 0 0 0 0
-310.0 -823.0 2147.7 0 0 0 0 0 0 0 0 0
102.5 -802.9 2152.8 0 0 0 0 0 0 0 0 0
-30.2 87.4 2907.7 38 0.9985871911 -0.0414283909 0.0332758203 0.0486542061 0.9646136761 -0.2591392994 -0.0213625878 0.2603922188 0.9652665854
-21.8 -108.4 2854.9 0.9985871911 -0.0414283909 0.0332758203 0.0486542061 0.9646136761 -0.2591392994 -0.0213625878 0.2603922188 0.9652665854
-14.6 -295.7 2798.2 0.9987179041 -0.0370733738 0.0344683155 0.0454552211 0.9564540982 -0.2883216739 -0.0222783051 0.2895187736 0.9569130540
-164.1 -114.9 2858.1 -0.0651316941 -0.6953580976 -0.7157059312 0.6468343139 0.5167219639 -0.5608955026 0.7598441839 -0.4994752407 0.4161265194
-146.2 -293.4 2648.4 -0.1488821805 -0.7080361247 -0.6903035045 0.4896038473 0.5537304878 -0.6735507846 0.8591403961 -0.4382549524 0.2642166018
120.5 -101.9 2851.7 0.0139394077 0.5703353882 0.8212936521 -0.7393920422 0.5588248968 -0.3755184412 -0.6731308103 -0.6020234823 0.4294911325
123.9 -286.9 2683.3 -0.4714431167 0.5703353882 0.6726506948 -0.3774828315 0.5588248968 -0.7383911014 -0.7970245481 -0.6020234823 -0.0481623486
-98.3 -488.0 2744.7 0.9555830956 0.2662591338 -0.1263604611 -0.1498050988 0.0695804954 -0.9862641692 -0.2538096309 0.9613867998 0.1063769236
-202.4 -515.2 2368.6 0.9555830956 0.2720972300 0.1132430360 -0.1498050988 0.7793291807 -0.6084443331 -0.2538096309 0.5644547343 0.7854753137
82.1 -478.6 2737.4 0.9978966713 -0.0566074401 -0.0315891877 -0.0364065208 -0.0861961842 -0.9956127405 0.0536362231 0.9946687222 -0.0880757570
111.2 -434.3 2226.5 0.9978966713 0.0251747612 -0.0597370118 -0.0364065208 0.9801027775 -0.1951234639 0.0536362231 0.1968878657 0.9789577723
-107.9 -419.1 2427.8 0 0 0 0 0 0 0 0 0
3.2 -383.5 2479.2 0 0 0 0 0 0 0 0 0
-304.9 -808.7 2156.0 0 0 0 0 0 0 0 0 0
101.7 -803.5 2152.4 0 0 0 0 0 0 0 0 0
-28.4 88.9 2918.5 39 0.9990122318 -0.0394930877 -0.0203683842 0.0317359231 0.9549561143 -0.2950450778 0.0311031565 0.2941072285 0.9552662373
-20.4 -106.0 2858.5 0.9990122318 -0.0394930877 -0.0203683842 0.0317359231 0.9549561143 -0.2950450778 0.0311031565 0.2941072285 0.9552662373
-13.3 -291.7 2796.6 0.9991882443 -0.0352432579 -0.0195146818 0.0272545461 0.9481062293 -0.3167834878 0.0296664741 0.3159944713 0.9482970834
-162.5 -109.8 2854.3 -0.0539995991 -0.6592596173 -0.7499738336 0.6615027189 0.5389998555 -0.5214338303 0.7479960918 -0.5242669582 0.4069962800
-147.4 -295.7 2644.1 -0.1632656604 -0.6751067042 -0.7194270492 0.4832270443 0.5810316205 -0.6548998952 0.8601371646 -0.4545692503 0.2313673049
121.8 -102.3 2862.6 -0.0037460690 0.5632275343 0.8262933493 -0.7184393406 0.5732449293 -0.3939988911 -0.6955795288 -0.5951176286 0.4024974406
120.9 -287.5 2683.3 -0.4592989385 0.5632275343 0.6868909597 -0.3815142512 0.5732449293 -0.7251462936 -0.8021791577 -0.5951176286 -0.0484114625
-97.5 -487.1 2743.5 0.9547557235 0.2715310454 -0.1212948337 -0.1480370462 0.0801966190 -0.9857248664 -0.2579274774 0.9590826035 0.1167648360
-203.8 -518.5 2368.1 0.9547557235 0.2723398209 0.1194678545 -0.1480370462 0.7836400270 -0.6033186316 -0.2579274774 0.5583361983 0.7885011435
83.0 -478.9 2739.5 0.9979777336 -0.0549548976 -0.0319446474 -0.0366797782 -0.0874329284 -0.9954949021 0.0519143045 0.9946534038 -0.0892718434
111.3 -433.8 2225.9 0.9979777336 0.0265702028 -0.0577453487 -0.0366797782 0.9826573133 -0.1817669272 0.0519143045 0.1835174263 0.9816446900
-105.4 -419.7 2423.3 0 0 0 0 0 0 0 0 0
3.2 -385.2 2477.9 0 0 0 0 0 0 0 0 0
-306.4 -813.6 2157.8 0 0 0 0 0 0 0 0 0
101.3 -803.9 2156.8 0 0 0 0 0 0 0 0 0
-26.9 87.3 2924.4 40 0.9991611838 -0.0399180651 0.0091345366 0.0408259332 0.9536960721 -0.2979882956 0.0031835451 0.2981112599 0.9545258284
-18.7 -106.9 2863.7 0.9991611838 -0.0399180651 0.0091345366 0.0408259332 0.9536960721 -0.2979882956 0.0031835451 0.2981112599 0.9545258284
-11.6 -292.4 2801.2 0.9992957711 -0.0361730047 0.0099725761 0.0374641456 0.9470401406 -0.3189223111 0.0020919493 0.3190713525 0.9477283955
-161.0 -112.2 2863.4 -0.0439029597 -0.6797380447 -0.7321398258 0.6380183697 0.5448561907 -0.5441179276 0.7687685490 -0.4910070300 0.4097645879
-148.4 -295.3 2642.8 -0.1729293615 -0.6867973804 -0.7059779167 0.4863998294 0.5637259483 -0.6675539017 0.8564523458 -0.4588272274 0.2365733534
123.5 -101.6 2864.0 0.0010143069 0.5805271864 0.8142402172 -0.7294170260 0.5574262142 -0.3965183496 -0.6840685010 -0.5935184956 0.4240118265
123.8 -281.6 2695.2 -0.4491018057 0.5805271864 0.6791875958 -0.3888162673 0.5574262142 -0.7335516214 -0.8044435978 -0.5935184956 -0.0246227011
-96.4 -479.7 2732.1 0.9534819126 0.2841853201 -0.1005530804 -0.1395162344 0.1203242391 -0.9828821421 -0.2672216892 0.9511891603 0.1543754488
-207.6 -526.7 2359.9 0.9534819126 0.2695569992 0.1349490136 -0.1395162344 0.7914350033 -0.5951184034 -0.2672216892 0.5486070514 0.7922265530
83.9 -474.9 2737.4 0.9980001450 -0.0525083244 -0.0351931490 -0.0392862670 -0.0790731981 -0.9960944057 0.0495204106 0.9954849482 -0.0809779242
111.0 -434.2 2225.1 0.9980001450 0.0292551070 -0.0560340993 -0.0392862670 0.9815238714 -0.1872629970 0.0495204106 0.1890898645 0.9807103276
-104.0 -420.2 2422.9 0 0 0 0 0 0 0 0 0
8.8 -381.1 2489.2 0 0 0 0 0 0 0 0 0
-309.1 -824.8 2153.3 0 0 0 0 0 0 0 0 0
99.9 -803.9 2153.9 0 0 0 0 0 0 0 0 0
-26.2 86.7 2927.3 41 0.9995068312 -0.0310511012 0.0046760081 0.0309769884 0.9506157637 -0.3088204563 0.0051441276 0.3088130057 0.9511088729
-19.9 -106.2 2864.7 0.9995068312 -0.0310511012 0.0046760081 0.0309769884 0.9506157637 -0.3088204563 0.0051441276 0.3088130057 0.9511088729
-14.6 -290.8 2799.5 0.9996123314 -0.0273106061 0.0054123169 0.0275551323 0.9426278472 -0.3327061832 0.0039846073 0.3327263594 0.9430149794
-162.3 -110.1 2864.1 -0.0437128507 -0.6727192402 -0.7386054397 0.6458513141 0.5450223088 -0.5346277356 0.7622107863 -0.5003994107 0.4106521010
-149.9 -293.7 2647.5 -0.2014936507 -0.6775572896 -0.7073304653 0.4884094596 0.5564594269 -0.6721674800 0.8490327001 -0.4809043705 0.2188023478
122.4 -102.3 2865.2 0.0002824719 0.6215054393 0.7834097743 -0.7276047468 0.5375441909 -0.4261896014 -0.6859965324 -0.5698922873 0.4523621500
122.5 -282.2 2695.6 -0.4334293306 0.6215054393 0.6525871754 -0.3700342178 0.5375441909 -0.7577076554 -0.8217138648 -0.5698922873 -0.0030091384
-94.6 -481.2 2738.5 0.9537305236 0.2869876921 -0.0896449387 -0.1242551208 0.1047167256 -0.9867092371 -0.2737860680 0.9521934986 0.1355312169
-207.0 -522.1 2365.8 0.9537305236 0.2642906606 0.1433478296 -0.1242551208 0.7806203961 -0.6125295162 -0.2737860680 0.5663763881 0.7773409486
85.8 -474.4 2738.9 0.9984216690 -0.0481531247 -0.0289032999 -0.0325942449 -0.0777171329 -0.9964424968 0.0457355380 0.9958118796 -0.0791639835
110.7 -434.3 2224.5 0.9984216690 0.0245308019 -0.0505209267 -0.0325942449 0.9856627584 -0.1655492783 0.0457355380 0.1669346690 0.9849066138
-98.2 -419.0 2429.5 0 0 0 0 0 0 0 0 0
11.5 -376.9 2485.3 0 0 0 0 0 0 0 0 0
-306.5 -816.1 2152.5 0 0 0 0 0 0 0 0 0
101.4 -805.4 2161.6 0 0 0 0 0 0 0 0 0
-27.2 87.8 2928.8 42 0.9992184043 -0.0372798592 0.0131428530 0.0395199209 0.9491887093 -0.3122161329 -0.0008356749 0.3124915361 0.9499201775
-19.7 -105.0 2865.3 0.9992184043 -0.0372798592 0.0131428530 0.0395199209 0.9491887093 -0.3122161329 -0.0008356749 0.3124915361 0.9499201775
-13.3 -289.3 2799.3 0.9993772507 -0.0323737077 0.0140382973 0.0352103226 0.9410192370 -0.3365160525 -0.0023160353 0.3368007541 0.9415730834
-162.0 -110.0 2865.6 -0.0455209389 -0.6799114347 -0.7318799496 0.6450234056 0.5394364595 -0.5412514806 0.7628057599 -0.4967179596 0.4140031338
-149.2 -292.4 2649.9 -0.2229421139 -0.6827009916 -0.6958563924 0.4783619344 0.5453525782 -0.6883025765 0.8493919373 -0.4863228500 0.2049961090
122.7 -100.0 2865.0 -0.0022110627 0.6364763975 0.7712930441 -0.7318120003 0.5246111751 -0.4350106716 -0.6815029979 -0.5654033422 0.4646210968
122.2 -285.0 2692.7 -0.4346411824 0.6364763975 0.6371694207 -0.3616249263 0.5246111751 -0.7707207799 -0.8248117566 -0.5654033422 0.0021480829
-99.5 -477.8 2734.0 0.9559444785 0.2810284495 -0.0848125890 -0.1259586215 0.1317208707 -0.9832517505 -0.2651501298 0.9506169558 0.1613157988
-209.5 -529.4 2361.9 0.9559444785 0.2603272796 0.1356461346 -0.1259586215 0.7811572552 -0.6114963293 -0.2651501298 0.5674707294 0.7795334458
81.1 -472.9 2734.7 0.9979645610 -0.0565967560 -0.0293859765 -0.0336215496 -0.0754010603 -0.9965863228 0.0541878156 0.9955458045 -0.0771504566
110.2 -434.2 2223.7 0.9979645610 0.0241635367 -0.0590156913 -0.0336215496 0.9857293367 -0.1649461240 0.0541878156 0.1665945798 0.9845353961
-91.9 -415.2 2431.9 0 0 0 0 0 0 0 0 0
10.9 -377.6 2481.5 0 0 0 0 0 0 0 0 0
-307.5 -823.6 2148.2 0 0 0 0 0 0 0 0 0
101.1 -805.4 2161.0 0 0 0 0 0 0 0 0 0
-26.6 86.9 2930.0 43 0.9992086291 -0.0277024377 0.0285435449 0.0352942720 0.9484153390 -0.3150596917 -0.0183432158 0.3158177733 0.9486425519
-21.0 -105.5 2866.0 0.9992086291 -0.0277024377 0.0285435449 0.0352942720 0.9484153390 -0.3150596917 -0.0183432158 0.3158177733 0.9486425519
-16.6 -289.5 2799.2 0.9993177056 -0.0225971509 0.0292137451 0.0311978031 0.9398285747 -0.3402189612 -0.0197679326 0.3408982456 0.9398923516
-163.4 -109.9 2868.8 -0.0351157263 -0.6859253645 -0.7268241048 0.6510905027 0.5360472202 -0.5373402834 0.7581873536 -0.4920973480 0.4277757704
-153.6 -291.3 2657.6 -0.2401507646 -0.6863316298 -0.6864958405 0.4695259929 0.5368403792 -0.7009620070 0.8496310711 -0.4906642139 0.1933279037
121.4 -101.0 2863.2 0.0010945714 0.6414169073 0.7671917081 -0.7320357561 0.5231757164 -0.4363609254 -0.6812653542 -0.5611341000 0.4701127708
121.7 -283.3 2693.5 -0.4251006544 0.6414169073 0.6386499405 -0.3664991558 0.5231757164 -0.7693929672 -0.8276278377 -0.5611341000 0.0126764225
-97.2 -476.8 2733.6 0.9547126293 0.2851967216 -0.0847741142 -0.1264742613 0.1311056912 -0.9832677841 -0.2693103850 0.9494599104 0.1612382978
-208.9 -528.1 2361.8 0.9547126293 0.2621668875 0.1406852603 -0.1264742613 0.7855936885 -0.6056787968 -0.2693103850 0.5604561567 0.7831735611
83.4 -470.4 2733.2 0.9981511831 -0.0515209362 -0.0322469734 -0.0357973091 -0.0695434213 -0.9969364405 0.0491205342 0.9962475896 -0.0712591559
109.7 -434.9 2223.7 0.9981511831 0.0262602363 -0.0548149087 -0.0357973091 0.9828305244 -0.1810048521 0.0491205342 0.1826324314 0.9819534421
-91.9 -411.8 2439.5 0 0 0 0 0 0 0 0 0
12.8 -377.2 2481.6 0 0 0 0 0 0 0 0 0
-307.7 -824.0 2150.7 0 0 0 0 0 0 0 0 0
99.8 -805.0 2154.9 0 0 0 0 0 0 0 0 0
-25.5 87.2 2929.2 44 0.9996036887 -0.0279993545 -0.0029132601 0.0256224014 0.9478107095 -0.3178023398 0.0116594797 0.3176017404 0.9481524825
-19.8 -106.9 2864.1 0.9996036887 -0.0279993545 -0.0029132601 0.0256224014 0.9478107095 -0.3178023398 0.0116594797 0.3176017404 0.9481524825
-15.8 -290.7 2796.6 0.9997960925 -0.0200694147 -0.0022221592 0.0180715043 0.9384574294 -0.3449218571 0.0090077817 0.3448113799 0.9386287928
-162.2 -109.5 2862.9 -0.0361094512 -0.6642121673 -0.7466714978 0.6622222066 0.5436624885 -0.5156480074 0.7484369874 -0.5130822062 0.4202246666
-152.3 -290.7 2658.0 -0.2376334518 -0.6688997746 -0.7043460608 0.4743322432 0.5528750420 -0.6850825548 0.8476669192 -0.4968926013 0.1858991385
