215.7 -53.0 2798.8 8 0.9780161381 0.1620165110 0.1312826276 -0.0006864478 0.6320623159 -0.7749172449 -0.2085281909 0.7577914596 0.6182783246
183.4 -178.9 2647.8 0.9780161381 0.1620165110 0.1312826276 -0.0006864478 0.6320623159 -0.7749172449 -0.2085281909 0.7577914596 0.6182783246
150.7 -304.5 2497.2 0.9775695801 0.1648121476 0.1311282963 -0.0024124952 0.6313259602 -0.7755138278 -0.2105987966 0.7578023672 0.6175627112
45.9 -178.6 2677.4 0.3091551661 -0.3235013187 -0.8942986131 0.4510019124 0.8777691126 -0.1616125703 0.8372696042 -0.3533670306 0.4172665775
-42.1 -307.0 2439.1 -0.2974521816 -0.3235013187 -0.8982589245 0.2601792812 0.8777691126 -0.4022786319 0.9186016321 -0.3533670306 -0.1769259870
320.9 -179.3 2618.2 -0.0772833601 0.0598441102 0.9952115417 -0.4331818819 0.8970413804 -0.0875797719 -0.8979870677 -0.4378760457 -0.0434029885
299.3 -300.4 2367.2 -0.4724037945 0.0704869553 0.8785591722 -0.3402858078 0.9049237967 -0.2555748522 -0.8130437732 -0.4196957350 -0.4035037160
28.6 -427.3 2364.0 0.9458017349 0.3195406199 -0.0579042844 -0.2022791803 0.4401947558 -0.8748209476 -0.2540516853 0.8391199708 0.4809733629
-98.6 -602.6 2029.9 0.9301856160 0.3653065264 0.0361365341 -0.2325831652 0.6626517773 -0.7118972540 -0.2840066254 0.6537918448 0.7013533115
207.6 -430.2 2327.2 0.9347829223 -0.0464940220 0.3521635532 0.3303820789 0.4779967368 -0.8138592243 -0.1304934323 0.8771302104 0.4621839821
226.1 -620.3 1978.5 0.9347829223 -0.0464940220 0.3521635532 0.3303820789 0.4779967368 -0.8138592243 -0.1304934323 0.8771302104 0.4621839821
35.2 -374.6 2200.4 0 0 0 0 0 0 0 0 0
176.5 -388.8 2155.8 0 0 0 0 0 0 0 0 0
-238.2 -855.8 1780.0 0 0 0 0 0 0 0 0 0
243.8 -803.0 1643.1 0 0 0 0 0 0 0 0 0
215.8 -51.3 2798.8 9 0.9767406583 0.1655286402 0.1363009810 0.0000949730 0.6353267431 -0.7722434402 -0.2144240737 0.7542945147 0.6205337048
182.7 -178.1 2648.3 0.9767406583 0.1655286402 0.1363009810 0.0000949730 0.6353267431 -0.7722434402 -0.2144240737 0.7542945147 0.6205337048
149.1 -303.5 2497.8 0.9762200713 0.1693503261 0.1353322864 -0.0018733251 0.6308456659 -0.7759060860 -0.2167737335 0.7572015524 0.6161614656
45.4 -177.8 2678.8 0.3079257607 -0.3235430419 -0.8947075605 0.4504922032 0.8778825998 -0.1624158025 0.8379967213 -0.3530467749 0.4160763025
-42.6 -306.5 2439.4 -0.3061020672 -0.3235430419 -0.8953331113 0.2559436560 0.8778825998 -0.4047406316 0.9169483781 -0.3530467749 -0.1859129071
320.1 -178.3 2617.8 -0.0766811594 0.0571546778 0.9954161644 -0.4282152653 0.8997036815 -0.0846463218 -0.9004175067 -0.4327431917 -0.0445158146
298.3 -300.3 2361.3 -0.4763920009 0.0603435002 0.8771597743 -0.3502034843 0.9020670056 -0.2522550821 -0.8064788580 -0.4273567200 -0.4086050093
27.2 -429.6 2366.6 0.9505362511 0.3049622476 -0.0589821003 -0.1930349618 0.4312081337 -0.8813608885 -0.2433482558 0.8491510749 0.4687473178
-94.1 -601.2 2028.8 0.9246664047 0.3791877925 0.0347663090 -0.2431685627 0.6582949162 -0.7124021649 -0.2930206954 0.6502802968 0.7009097338
205.0 -429.1 2327.4 0.9334108233 -0.0512037873 0.3551371694 0.3349814713 0.4790280163 -0.8113689423 -0.1285754889 0.8763049245 0.4642822444
225.3 -619.6 1978.9 0.9334108233 -0.0512037873 0.3551371694 0.3349814713 0.4790280163 -0.8113689423 -0.1285754889 0.8763049245 0.4642822444
37.0 -373.0 2201.1 0 0 0 0 0 0 0 0 0
174.4 -391.4 2151.6 0 0 0 0 0 0 0 0 0
-239.1 -852.8 1780.3 0 0 0 0 0 0 0 0 0
244.9 -802.7 1643.9 0 0 0 0 0 0 0 0 0
216.4 -53.6 2808.3 0 0.9767984748 0.1577529609 0.1448402703 0.0151962917 0.6235564947 -0.7816306353 -0.2136206329 0.7656966448 0.6066917777
185.1 -177.6 2656.1 0.9767984748 0.1577529609 0.1448402703 0.0151962917 0.6235564947 -0.7816306353 -0.2136206329 0.7656966448 0.6066917777
152.5 -301.2 2503.9 0.9758175611 0.1640135497 0.1444978565 0.0113992104 0.6219725609 -0.7829560637 -0.2182891071 0.7656694651 0.6050621271
47.8 -179.2 2686.8 0.2919783294 -0.2860131562 -0.9126582742 0.4276620150 0.8925719261 -0.1429004520 0.8554846048 -0.3485854268 0.3829286098
-38.0 -304.8 2435.5 -0.2929842174 -0.2860131562 -0.9123358727 0.2649017274 0.8925719261 -0.3648868501 0.9186878204 -0.3485854268 -0.1857441068
322.4 -175.9 2625.4 -0.0821366012 0.0464538224 0.9955378771 -0.4220378995 0.9033048153 -0.0769701675 -0.9028497338 -0.4264767468 -0.0545891151
298.3 -299.8 2360.5 -0.4795138538 0.0467711315 0.8762869835 -0.3537603021 0.9035391212 -0.2418072075 -0.8030691743 -0.4259454608 -0.4167137444
25.3 -428.7 2367.5 0.9515002966 0.3041324615 -0.0463746674 -0.1804661304 0.4296917617 -0.8847581148 -0.2491568476 0.8502166867 0.4637374580
-95.6 -599.6 2029.4 0.9313618541 0.3613254726 0.0448220856 -0.2206480652 0.6580531597 -0.7199169993 -0.2896196842 0.6606132984 0.6926113367
209.4 -423.8 2331.7 0.9305343628 -0.0427043103 0.3637060821 0.3377097547 0.4841704369 -0.8071747422 -0.1416258961 0.8739309907 0.4649588764
226.4 -616.3 1984.2 0.9305343628 -0.0427043103 0.3637060821 0.3377097547 0.4841704369 -0.8071747422 -0.1416258961 0.8739309907 0.4649588764
38.2 -373.7 2196.7 0 0 0 0 0 0 0 0 0
173.7 -391.7 2151.8 0 0 0 0 0 0 0 0 0
-233.7 -851.1 1776.9 0 0 0 0 0 0 0 0 0
242.7 -801.4 1650.1 0 0 0 0 0 0 0 0 0
216.7 -54.0 2803.5 1 0.9772229195 0.1515916437 0.1485102326 0.0207802970 0.6280917525 -0.7778617740 -0.2111953944 0.7632305026 0.6106355190
186.5 -179.2 2651.4 0.9772229195 0.1515916437 0.1485102326 0.0207802970 0.6280917525 -0.7778617740 -0.2111953944 0.7632305026 0.6106355190
155.2 -303.8 2499.7 0.9763275981 0.1575380564 0.1482098401 0.0171460733 0.6266885996 -0.7790811658 -0.2156163305 0.7631796598 0.6091521978
49.1 -181.6 2681.8 0.3163486123 -0.2696918845 -0.9094997644 0.4307088554 0.8950570822 -0.1155970320 0.8452298045 -0.3551606536 0.3993087411
-38.5 -301.0 2447.5 -0.2817976177 -0.2696918845 -0.9207911491 0.2793218791 0.8950570822 -0.3476378620 0.9179157615 -0.3551606536 -0.1768941134
323.9 -176.8 2621.1 -0.0826786458 0.0411868878 0.9957247972 -0.4288060367 0.9004543424 -0.0728514642 -0.8996052742 -0.4329960644 -0.0567871593
300.7 -297.0 2368.9 -0.4731881917 0.0468754470 0.8797133565 -0.3531162441 0.9047622085 -0.2381475270 -0.8070946932 -0.4233296812 -0.4115703106
30.1 -425.8 2371.9 0.9505057335 0.3078135848 -0.0423040614 -0.1792058945 0.4318907261 -0.8839432597 -0.2538190186 0.8477742672 0.4656766057
-92.3 -597.6 2034.8 0.9334529638 0.3560558259 0.0434715822 -0.2127144188 0.6470544338 -0.7321701646 -0.2888219357 0.6741994023 0.6797330976
213.5 -426.8 2328.2 0.9289984107 -0.0355698951 0.3683703244 0.3385229409 0.4838918447 -0.8070011735 -0.1495464444 0.8744046688 0.4615759850
227.6 -619.2 1980.5 0.9289984107 -0.0355698951 0.3683703244 0.3385229409 0.4838918447 -0.8070011735 -0.1495464444 0.8744046688 0.4615759850
34.7 -373.6 2208.9 0 0 0 0 0 0 0 0 0
177.7 -388.8 2159.1 0 0 0 0 0 0 0 0 0
-228.4 -844.9 1777.1 0 0 0 0 0 0 0 0 0
241.2 -804.2 1646.3 0 0 0 0 0 0 0 0 0
216.5 -50.7 2801.7 2 0.9778977633 0.1485626549 0.1471228749 0.0198592208 0.6344770193 -0.7726866007 -0.2081384510 0.7585301995 0.6175032854
186.7 -177.9 2649.7 0.9778977633 0.1485626549 0.1471228749 0.0198592208 0.6344770193 -0.7726866007 -0.2081384510 0.7585301995 0.6175032854
155.9 -303.1 2498.4 0.9770467877 0.1549514681 0.1461834759 0.0163146481 0.6297832727 -0.7765995264 -0.2123991549 0.7611590028 0.6127997637
49.2 -180.2 2679.6 0.3157976866 -0.2911050916 -0.9030668139 0.4364535809 0.8896680474 -0.1341604590 0.8424844742 -0.3517791629 0.4080089629
-39.7 -303.0 2442.4 -0.2842262089 -0.2911050916 -0.9134951234 0.2706753016 0.8896680474 -0.3677303791 0.9197555780 -0.3517791629 -0.1740720272
324.2 -175.6 2619.8 -0.0865020156 0.0419795215 0.9953668118 -0.4388362765 0.8953558803 -0.0758984834 -0.8943937421 -0.4433684349 -0.0590279512
299.9 -299.2 2367.8 -0.4777936637 0.0584340133 0.8765264750 -0.3402656019 0.9075856209 -0.2459830046 -0.8098966479 -0.4157809317 -0.4137555659
34.2 -429.9 2367.9 0.9456112385 0.3221392334 -0.0452290364 -0.1881059557 0.4280588031 -0.8839580417 -0.2653968930 0.8443885446 0.4653735161
-93.9 -600.1 2032.1 0.9292638302 0.3662211001 0.0484850630 -0.2193544805 0.6526156068 -0.7252423763 -0.2972411513 0.6633060575 0.6867843270
214.8 -426.8 2327.5 0.9296131134 -0.0329715908 0.3670590520 0.3362285793 0.4836838543 -0.8080843091 -0.1508967131 0.8746215105 0.4607248306
227.9 -619.1 1979.8 0.9296131134 -0.0329715908 0.3670590520 0.3362285793 0.4836838543 -0.8080843091 -0.1508967131 0.8746215105 0.4607248306
34.2 -373.4 2203.3 0 0 0 0 0 0 0 0 0
175.7 -387.7 2157.3 0 0 0 0 0 0 0 0 0
-233.9 -849.5 1778.6 0 0 0 0 0 0 0 0 0
240.5 -804.0 1645.4 0 0 0 0 0 0 0 0 0
217.2 -54.5 2797.2 3 0.9821267128 0.1469672024 0.1175914332 -0.0007827156 0.6279358864 -0.7782647014 -0.1882192641 0.7642624974 0.6168276668
187.8 -180.0 2644.4 0.9821267128 0.1469672024 0.1175914332 -0.0007827156 0.6279358864 -0.7782647014 -0.1882192641 0.7642624974 0.6168276668
157.5 -304.2 2492.2 0.9813835621 0.1523420662 0.1169539168 -0.0038927021 0.6246032715 -0.7809324861 -0.1920186728 0.7659390569 0.6135684252
49.7 -179.5 2671.5 0.3183460832 -0.3397622406 -0.8849956989 0.4593957365 0.8719114065 -0.1694875360 0.8292233348 -0.3526075482 0.4336549044
-36.5 -303.9 2446.9 -0.2706712186 -0.3397622406 -0.9007212520 0.2684004903 0.8719114065 -0.4095505178 0.9244989157 -0.3526075482 -0.1448089778
325.9 -180.6 2617.4 -0.0923430100 0.0708524436 0.9932032228 -0.4253591001 0.8990656734 -0.1036846638 -0.9003012776 -0.4320425987 -0.0528846979
299.9 -299.9 2364.9 -0.4861755073 0.0766785890 0.8704905510 -0.3360150754 0.9031533003 -0.2672227025 -0.8066766858 -0.4224150777 -0.4133258760
35.4 -429.8 2366.6 0.9438388348 0.3226637542 -0.0711077601 -0.2113334239 0.4241161644 -0.8806041479 -0.2539810836 0.8461758494 0.4684869647
-92.9 -598.4 2030.1 0.9285305738 0.3703370690 0.0261038970 -0.2401074469 0.6526628733 -0.7185955644 -0.2831596434 0.6609702110 0.6949381232
217.3 -428.7 2322.3 0.9398894906 -0.0285589490 0.3402824104 0.3106829226 0.4850742817 -0.8174222112 -0.1417175233 0.8740064502 0.4647890031
228.6 -621.6 1974.8 0.9398894906 -0.0285589490 0.3402824104 0.3106829226 0.4850742817 -0.8174222112 -0.1417175233 0.8740064502 0.4647890031
33.9 -373.7 2206.5 0 0 0 0 0 0 0 0 0
173.6 -387.2 2155.2 0 0 0 0 0 0 0 0 0
-234.4 -847.9 1777.5 0 0 0 0 0 0 0 0 0
239.5 -807.1 1640.6 0 0 0 0 0 0 0 0 0
216.9 -57.3 2796.0 4 0.9832921028 0.1505199671 0.1023736522 -0.0143606504 0.6247746944 -0.7806730270 -0.1814673394 0.7661594748 0.6164975762
186.8 -182.0 2643.1 0.9832921028 0.1505199671 0.1023736522 -0.0143606504 0.6247746944 -0.7806730270 -0.1814673394 0.7661594748 0.6164975762
156.4 -305.6 2490.4 0.9829156399 0.1533487886 0.1017888561 -0.0159049220 0.6217277050 -0.7830719352 -0.1833680868 0.7680747509 0.6135449409
48.5 -179.7 2668.9 0.3174812496 -0.3439052403 -0.8837051988 0.4583448172 0.8714792728 -0.1744817346 0.8301359415 -0.3496470153 0.4343055189
-38.8 -305.8 2440.6 -0.2803889513 -0.3439052403 -0.8961647153 0.2600651085 0.8714792728 -0.4158004224 0.9239849448 -0.3496470153 -0.1549154073
325.1 -184.2 2617.3 -0.0835651010 0.0866125897 0.9927311540 -0.4159444571 0.9022501707 -0.1137313619 -0.9055424333 -0.4224250019 -0.0393706001
301.5 -301.9 2361.1 -0.5074295998 0.0861392841 0.8573769331 -0.3258093596 0.9019466639 -0.2834439874 -0.7977239490 -0.4231693149 -0.4296094477
37.2 -428.0 2357.6 0.9386292100 0.3356628120 -0.0794085935 -0.2289058417 0.4339580238 -0.8713682294 -0.2580259144 0.8360686898 0.4841608405
-96.2 -600.5 2025.2 0.9334103465 0.3584553301 0.0159652308 -0.2386325300 0.6533921361 -0.7184241414 -0.2679545283 0.6667747498 0.6954220533
216.0 -430.6 2320.9 0.9448030591 -0.0334612578 0.3259257078 0.3006350398 0.4840098321 -0.8217986822 -0.1302528232 0.8744225502 0.4673535824
229.4 -623.1 1973.2 0.9448030591 -0.0334612578 0.3259257078 0.3006350398 0.4840098321 -0.8217986822 -0.1302528232 0.8744225502 0.4673535824
34.1 -373.4 2200.5 0 0 0 0 0 0 0 0 0
169.6 -386.6 2153.8 0 0 0 0 0 0 0 0 0
-233.2 -850.3 1770.3 0 0 0 0 0 0 0 0 0
242.1 -808.1 1638.9 0 0 0 0 0 0 0 0 0
215.7 -54.7 2797.4 5 0.9817776084 0.1560490280 0.1084500402 -0.0137597257 0.6275658607 -0.7784419060 -0.1895346493 0.7627645731 0.6182773113
184.6 -179.8 2645.3 0.9817776084 0.1560490280 0.1084500402 -0.0137597257 0.6275658607 -0.7784419060 -0.1895346493 0.7627645731 0.6182773113
153.1 -304.1 2493.4 0.9814487100 0.1584260464 0.1079798564 -0.0150700547 0.6252051592 -0.7803149223 -0.1911317706 0.7642118335 0.6159942746
46.5 -177.7 2672.2 0.2950778008 -0.3584201038 -0.8856998086 0.4596687555 0.8659043312 -0.1972671598 0.8376358151 -0.3489193618 0.4202636480
-36.8 -307.4 2435.8 -0.2762431204 -0.3584201038 -0.8917537332 0.2586425245 0.8659043312 -0.4281515181 0.9256315827 -0.3489193618 -0.1464974433
322.7 -182.0 2618.4 -0.0824488550 0.0820781365 0.9932096004 -0.4171628952 0.9022485614 -0.1091909260 -0.9050841331 -0.4233328700 -0.0401494093
299.0 -301.6 2358.9 -0.5012181401 0.0794644207 0.8616645336 -0.3346094191 0.9005151987 -0.2776848972 -0.7980080843 -0.4275017977 -0.4247650206
35.7 -427.7 2354.6 0.9394145608 0.3354485929 -0.0705301985 -0.2251932919 0.4488218725 -0.8647814393 -0.2584342062 0.8282712102 0.4971705675
-97.6 -606.1 2025.3 0.9350746274 0.3541580737 0.0144036161 -0.2332529426 0.6454324126 -0.7273308039 -0.2668866515 0.6767488718 0.6861358881
211.6 -429.8 2324.0 0.9427591562 -0.0407035649 0.3309810162 0.3083920777 0.4840626717 -0.8188880682 -0.1268838942 0.8740861416 0.4689071774
227.8 -622.3 1976.4 0.9427591562 -0.0407035649 0.3309810162 0.3083920777 0.4840626717 -0.8188880682 -0.1268838942 0.8740861416 0.4689071774
35.0 -374.7 2195.2 0 0 0 0 0 0 0 0 0
168.8 -388.6 2151.5 0 0 0 0 0 0 0 0 0
-233.0 -852.9 1766.6 0 0 0 0 0 0 0 0 0
243.4 -807.4 1642.2 0 0 0 0 0 0 0 0 0
215.1 -51.5 2797.6 6 0.9833585620 0.1600829661 0.0859031156 -0.0356797352 0.6338019967 -0.7726719975 -0.1781371981 0.7567486167 0.6289663315
183.1 -178.0 2646.5 0.9833585620 0.1600829661 0.0859031156 -0.0356797352 0.6338019967 -0.7726719975 -0.1781371981 0.7567486167 0.6289663315
150.9 -303.3 2495.5 0.9831122160 0.1619904786 0.0851436630 -0.0366465114 0.6300957203 -0.7756522894 -0.1792969406 0.7594330311 0.6253911853
44.8 -172.8 2671.7 0.3025565147 -0.3847989440 -0.8720030785 0.4802355468 0.8518115282 -0.2092627883 0.8233063817 -0.3554530442 0.4425152540
-40.2 -307.8 2440.4 -0.2799922526 -0.3847989440 -0.8795078993 0.2592337728 0.8518115282 -0.4552086890 0.9243388176 -0.3554530442 -0.1387477666
321.4 -183.1 2621.3 -0.0778107420 0.1065875664 0.9912540317 -0.4077610373 0.9039013386 -0.1292028278 -0.9097672701 -0.4142481387 -0.0268709771
299.1 -300.3 2360.0 -0.4916481376 0.0905924663 0.8660687804 -0.3446197212 0.8931314349 -0.2890562713 -0.7996995449 -0.4405783713 -0.4078864455
31.6 -427.0 2359.0 0.9430444837 0.3176278770 -0.0988920480 -0.2392490804 0.4410147369 -0.8650236130 -0.2311427593 0.8394156098 0.4918887019
-94.7 -602.3 2025.4 0.9268197417 0.3754370809 -0.0072217886 -0.2693670392 0.6513254046 -0.7093776464 -0.2616229355 0.6594105363 0.7047916055
208.9 -431.9 2328.1 0.9497465491 -0.0451653972 0.3097443581 0.2928505838 0.4776664674 -0.8282954097 -0.1105441973 0.8773795366 0.4668887854
226.8 -621.8 1979.3 0.9497465491 -0.0451653972 0.3097443581 0.2928505838 0.4776664674 -0.8282954097 -0.1105441973 0.8773795366 0.4668887854
32.6 -375.2 2200.1 0 0 0 0 0 0 0 0 0
171.3 -389.8 2152.2 0 0 0 0 0 0 0 0 0
-238.2 -851.2 1773.4 0 0 0 0 0 0 0 0 0
244.1 -804.4 1643.9 0 0 0 0 0 0 0 0 0
215.5 -49.1 2798.2 7 0.9809330106 0.1503392905 0.1231606156 -0.0015804608 0.6398676038 -0.7684835792 -0.1943397522 0.7536362410 0.6279048324
185.5 -176.6 2648.0 0.9809330106 0.1503392905 0.1231606156 -0.0015804608 0.6398676038 -0.7684835792 -0.1943397522 0.7536362410 0.6279048324
154.7 -303.1 2497.8 0.9802442193 0.1553134918 0.1224703342 -0.0044564530 0.6363764405 -0.7713658214 -0.1977407485 0.7555810809 0.6244964600
47.7 -176.0 2675.8 0.3016824126 -0.3571359515 -0.8839918375 0.4613532126 0.8660910130 -0.1924566329 0.8343505859 -0.3497716784 0.4260502756
-38.7 -308.0 2437.0 -0.2812440097 -0.3571359515 -0.8907051682 0.2573789060 0.8660910130 -0.4285352230 0.9244771004 -0.3497716784 -0.1516636610
323.4 -177.3 2620.2 -0.0811445341 0.0670990497 0.9944412112 -0.4312269092 0.8971514106 -0.0957218111 -0.8985871673 -0.4365971088 -0.0438640192
300.4 -299.5 2365.5 -0.4742826223 0.0725321248 0.8773796558 -0.3457740247 0.9011679292 -0.2614127696 -0.8096272945 -0.4273586273 -0.4023285806
28.5 -425.1 2361.0 0.9507550001 0.3024864793 -0.0675786659 -0.2014418840 0.4373530149 -0.8764379621 -0.2355549037 0.8468909264 0.4767490029
-91.7 -599.0 2024.4 0.9186940789 0.3938922584 0.0291556604 -0.2631549835 0.6654714346 -0.6984964013 -0.2945345640 0.6340320706 0.7150194049
213.7 -430.0 2329.4 0.9376566410 -0.0356909409 0.3457255363 0.3196519613 0.4791123867 -0.8174802661 -0.1364647448 0.8770276308 0.4606515765
227.9 -620.5 1980.7 0.9376566410 -0.0356909409 0.3457255363 0.3196519613 0.4791123867 -0.8174802661 -0.1364647448 0.8770276308 0.4606515765
34.5 -374.9 2196.7 0 0 0 0 0 0 0 0 0
177.1 -389.4 2155.0 0 0 0 0 0 0 0 0 0
-242.2 -853.2 1782.2 0 0 0 0 0 0 0 0 0
241.5 -803.7 1645.4 0 0 0 0 0 0 0 0 0
215.3 -51.8 2797.0 8 0.9820583463 0.1445732713 0.1210784018 0.0015688700 0.6357763410 -0.7718717456 -0.1885708123 0.7582130432 0.6241426468
186.4 -178.7 2645.6 0.9820583463 0.1445732713 0.1210784018 0.0015688700 0.6357763410 -0.7718717456 -0.1885708123 0.7582130432 0.6241426468
156.9 -304.2 2494.3 0.9815833569 0.1484656483 0.1202169359 -0.0004849173 0.6312289238 -0.7755964398 -0.1910338253 0.7612542510 0.6196757555
48.3 -178.6 2672.5 0.3151177764 -0.3304760158 -0.8896552324 0.4539454579 0.8757115006 -0.1645079702 0.8334472179 -0.3520155549 0.4259703457
-39.6 -305.3 2439.9 -0.2903694510 -0.3304760158 -0.8980373740 0.2605450153 0.8757115006 -0.4065041840 0.9207615852 -0.3520155549 -0.1681760103
324.5 -178.8 2618.8 -0.0869741365 0.0673055649 0.9939343333 -0.4283767641 0.8982362747 -0.0983103141 -0.8994047046 -0.4343288541 -0.0492911823
299.9 -299.9 2364.4 -0.4769144952 0.0719461218 0.8760001659 -0.3444482684 0.9016280770 -0.2615764439 -0.8086457849 -0.4264863431 -0.4052177668
33.9 -429.2 2365.7 0.9501009583 0.3042127192 -0.0690126568 -0.2012385577 0.4286929965 -0.8807527423 -0.2383509427 0.8506920338 0.4685209692
-87.0 -599.6 2027.5 0.9086267352 0.4169002175 0.0243233945 -0.2761124969 0.6434376836 -0.7139676809 -0.3133038878 0.6420141459 0.6997560263
217.4 -429.7 2325.4 0.9383509755 -0.0286521073 0.3444945514 0.3147205114 0.4830526114 -0.8170747757 -0.1429980844 0.8751224279 0.4622902870
228.8 -621.7 1977.5 0.9383509755 -0.0286521073 0.3444945514 0.3147205114 0.4830526114 -0.8170747757 -0.1429980844 0.8751224279 0.4622902870
35.9 -373.0 2200.5 0 0 0 0 0 0 0 0 0
176.0 -389.4 2154.2 0 0 0 0 0 0 0 0 0
-246.2 -845.4 1782.3 0 0 0 0 0 0 0 0 0
239.8 -806.4 1642.9 0 0 0 0 0 0 0 0 0
215.6 -53.4 2796.9 9 0.9831445813 0.1445489973 0.1119476706 -0.0046002278 0.6316696405 -0.7752240300 -0.1827718019 0.7616423368 0.6216875911
186.8 -179.4 2645.0 0.9831445813 0.1445489973 0.1119476706 -0.0046002278 0.6316696405 -0.7752240300 -0.1827718019 0.7616423368 0.6216875911
157.8 -304.1 2492.9 0.9830397964 0.1458935142 0.1111210287 -0.0050545917 0.6272431612 -0.7788070440 -0.1833228022 0.7650366426 0.6173424125
48.5 -178.7 2670.8 0.3199025095 -0.3421838582 -0.8835002184 0.4591486156 0.8716768026 -0.1713535935 0.8287611008 -0.3508414328 0.4359648526
-41.5 -307.8 2437.7 -0.3073510230 -0.3421838582 -0.8879445791 0.2490094900 0.8716768026 -0.4221063554 0.9184386730 -0.3508414328 -0.1827037483
325.1 -180.1 2619.2 -0.0795903876 0.0756405368 0.9939536452 -0.4239720106 0.8998643756 -0.1024296433 -0.9021713138 -0.4295609593 -0.0395510830
302.5 -300.4 2363.2 -0.4969586432 0.0741569400 0.8645998240 -0.3422155380 0.8988465071 -0.2737945020 -0.7974463105 -0.4319440424 -0.4213118851
37.4 -429.6 2360.5 0.9452866912 0.3180485368 -0.0726514757 -0.2131388783 0.4334671795 -0.8756015301 -0.2469917387 0.8431792855 0.4775392711
-89.0 -601.9 2025.3 0.9096781611 0.4146716893 0.0230883099 -0.2764394581 0.6460479498 -0.7114796638 -0.3099466264 0.6408349276 0.7023273110
219.0 -429.3 2324.0 0.9413970709 -0.0257242676 0.3363180161 0.3060015738 0.4845910668 -0.8194720745 -0.1418963820 0.8743624687 0.4640643001
229.2 -621.9 1976.3 0.9413970709 -0.0257242676 0.3363180161 0.3060015738 0.4845910668 -0.8194720745 -0.1418963820 0.8743624687 0.4640643001
38.4 -372.5 2199.0 0 0 0 0 0 0 0 0 0
173.4 -389.4 2155.9 0 0 0 0 0 0 0 0 0
-247.5 -848.8 1780.4 0 0 0 0 0 0 0 0 0
239.0 -807.2 1642.0 0 0 0 0 0 0 0 0 0
215.7 -54.0 2806.3 0 0.9833313227 0.1466487348 0.1074877083 -0.0051216003 0.6132737398 -0.7898538709 -0.1817504466 0.7761375308 0.6038023829
186.6 -175.8 2652.1 0.9833313227 0.1466487348 0.1074877083 -0.0051216003 0.6132737398 -0.7898538709 -0.1817504466 0.7761375308 0.6038023829
157.9 -298.4 2498.3 0.9836240411 0.1441960186 0.1081262529 -0.0038838431 0.6167450547 -0.7871533632 -0.1801907122 0.7738430500 0.6072052717
48.2 -175.3 2677.5 0.3025052547 -0.3649563789 -0.8805097342 0.4642981887 0.8632012606 -0.1982694268 0.8324168324 -0.3488415480 0.4305714965
-38.6 -308.5 2438.7 -0.2978422940 -0.3649563789 -0.8820979595 0.2467480600 0.8632012606 -0.4404531419 0.9221742749 -0.3488415480 -0.1670455784
325.0 -176.4 2626.8 -0.0734487846 0.0770522505 0.9943179488 -0.4257090390 0.8991913795 -0.1011271328 -0.9018741846 -0.4307177961 -0.0332426727
303.5 -301.3 2362.2 -0.5109807849 0.0794694275 0.8559107780 -0.3309616148 0.9007664919 -0.2812190652 -0.7933240533 -0.4269711673 -0.4339730144
38.6 -428.3 2357.6 0.9432758093 0.3245165050 -0.0701412037 -0.2144410312 0.4342138469 -0.8749133348 -0.2534675300 0.8403257728 0.4791730642
-90.4 -601.0 2023.5 0.9152868986 0.4015153050 0.0321773998 -0.2657712102 0.6620085835 -0.7007926106 -0.3026806712 0.6328744292 0.7126389742
219.5 -421.4 2327.9 0.9425213933 -0.0243109502 0.3332601786 0.3014502525 0.4921386838 -0.8166561127 -0.1441565454 0.8701772690 0.4711798131
229.2 -617.0 1981.9 0.9425213933 -0.0243109502 0.3332601786 0.3014502525 0.4921386838 -0.8166561127 -0.1441565454 0.8701772690 0.4711798131
38.8 -372.6 2199.0 0 0 0 0 0 0 0 0 0
170.7 -387.3 2156.0 0 0 0 0 0 0 0 0 0
-243.8 -853.9 1781.7 0 0 0 0 0 0 0 0 0
238.5 -805.2 1649.3 0 0 0 0 0 0 0 0 0
215.5 -52.3 2802.1 1 0.9861410260 0.1346350908 0.0969495848 -0.0087842159 0.6259041429 -0.7798505425 -0.1656763852 0.7681909800 0.6184124351
188.6 -177.2 2648.7 0.9861410260 0.1346350908 0.0969495848 -0.0087842159 0.6259041429 -0.7798505425 -0.1656763852 0.7681909800 0.6184124351
161.2 -301.4 2495.8 0.9857051969 0.1379746944 0.0966861919 -0.0107830977 0.6243647337 -0.7810585499 -0.1681337506 0.7688508630 0.6169273257
49.9 -175.7 2672.3 0.3113065362 -0.3665264249 -0.8767819405 0.4680899084 0.8620816469 -0.1941831112 0.8270308971 -0.3499623239 0.4399389625
-36.5 -305.7 2442.7 -0.2729652226 -0.3665264249 -0.8894652128 0.2599512041 0.8620816469 -0.4350179732 0.9262372255 -0.3499623239 -0.1400393248
327.3 -178.8 2625.0 -0.0825486481 0.0880476013 0.9926899672 -0.4191123247 0.9006555676 -0.1147364452 -0.9041739702 -0.4255199432 -0.0374460630
304.1 -296.5 2370.9 -0.4966542721 0.0871018171 0.8635669351 -0.3323713839 0.9000241160 -0.2819322944 -0.8017878532 -0.4270478189 -0.4180506766
39.0 -420.6 2361.0 0.9425031543 0.3250154555 -0.0777996629 -0.2256015837 0.4470122159 -0.8656119108 -0.2465598583 0.8333936930 0.4946344197
-90.2 -598.4 2029.7 0.9262753725 0.3766692281 0.0115868319 -0.2555580437 0.6504507661 -0.7152649164 -0.2769549489 0.6595711708 0.6987573504
224.2 -426.5 2327.6 0.9459664822 -0.0153215230 0.3239023089 0.2905352116 0.4836417437 -0.8256391287 -0.1440026313 0.8751319647 0.4619603157
230.3 -618.8 1979.6 0.9459664822 -0.0153215230 0.3239023089 0.2905352116 0.4836417437 -0.8256391287 -0.1440026313 0.8751319647 0.4619603157
34.4 -373.3 2202.0 0 0 0 0 0 0 0 0 0
175.1 -382.9 2162.5 0 0 0 0 0 0 0 0 0
-234.1 -846.8 1777.7 0 0 0 0 0 0 0 0 0
236.1 -803.6 1645.1 0 0 0 0 0 0 0 0 0
216.6 -52.2 2799.9 2 0.9851062894 0.1438338161 0.0942200050 -0.0168601125 0.6261220574 -0.7795427442 -0.1711178273 0.7663438916 0.6192218661
187.9 -177.3 2646.9 0.9851062894 0.1438338161 0.0942200050 -0.0168601125 0.6261220574 -0.7795427442 -0.1711178273 0.7663438916 0.6192218661
159.1 -301.5 2494.4 0.9849787951 0.1448317319 0.0940244570 -0.0174128842 0.6250501871 -0.7803903222 -0.1717952788 0.7670306563 0.6181830764
49.3 -174.8 2671.0 0.3087811470 -0.3980762362 -0.8638226390 0.4779076278 0.8501675725 -0.2209511846 0.8223493695 -0.3446018696 0.4527593553
-36.2 -307.2 2443.3 -0.2677751482 -0.3980762362 -0.8774005771 0.2516000569 0.8501675725 -0.4625068009 0.9300504923 -0.3446018696 -0.1274977475
326.5 -179.7 2622.7 -0.0862399563 0.0926035419 0.9919613004 -0.4163486660 0.9012074471 -0.1203281730 -0.9051057696 -0.4233788848 -0.0391647257
302.1 -297.8 2365.9 -0.4983489513 0.0941749141 0.8618465066 -0.3232270777 0.9022308588 -0.2854886353 -0.8044703603 -0.4208451211 -0.4191859066
43.3 -424.5 2358.4 0.9363067150 0.3416265845 -0.0813698024 -0.2371569574 0.4442003667 -0.8639690876 -0.2590103149 0.8282374740 0.4969269037
-92.5 -601.1 2029.2 0.9289946556 0.3699515462 0.0102381650 -0.2503626645 0.6485840082 -0.7187888026 -0.2725573480 0.6651876569 0.6951531172
220.7 -427.4 2326.2 0.9470520020 -0.0223350134 0.3203024268 0.2903589904 0.4853983521 -0.8246696591 -0.1370552480 0.8740077615 0.4661826491
229.6 -620.3 1978.7 0.9470520020 -0.0223350134 0.3203024268 0.2903589904 0.4853983521 -0.8246696591 -0.1370552480 0.8740077615 0.4661826491
33.4 -372.5 2201.6 0 0 0 0 0 0 0 0 0
172.5 -381.9 2156.7 0 0 0 0 0 0 0 0 0
-233.9 -848.9 1775.0 0 0 0 0 0 0 0 0 0
238.1 -805.9 1644.5 0 0 0 0 0 0 0 0 0
215.7 -53.0 2797.8 3 0.9849802256 0.1389862150 0.1024536341 -0.0078125997 0.6286254525 -0.7776689529 -0.1724902391 0.7651881576 0.6202694774
188.0 -178.5 2645.1 0.9849802256 0.1389862150 0.1024536341 -0.0078125997 0.6286254525 -0.7776689529 -0.1724902391 0.7651881576 0.6202694774
160.2 -303.7 2493.1 0.9848803282 0.1395525783 0.1026440039 -0.0082639195 0.6296820641 -0.7768089771 -0.1730387807 0.7642156482 0.6213147640
49.4 -177.4 2669.4 0.3175292313 -0.4239664972 -0.8481907845 0.4841364920 0.8415970802 -0.2394289821 0.8153447509 -0.3346144259 0.4724893272
-37.3 -309.6 2446.8 -0.2678973079 -0.4239664972 -0.8651493788 0.2363946587 0.8415970802 -0.4856253266 0.9339960217 -0.3346144259 -0.1252381802
326.6 -179.7 2620.7 -0.0917217433 0.0827769861 0.9923381805 -0.4225067794 0.8991547227 -0.1140562519 -0.9017068148 -0.4297310412 -0.0474982001
300.6 -299.6 2364.9 -0.4966682494 0.0937754363 0.8628596663 -0.3160360157 0.9063599110 -0.2804156542 -0.8083575368 -0.4119682908 -0.4205237925
39.9 -424.2 2357.7 0.9391095638 0.3354026973 -0.0746874660 -0.2277725339 0.4448782802 -0.8661425710 -0.2572797239 0.8304145336 0.4941849709
-93.4 -601.0 2027.5 0.9295278788 0.3683095872 0.0180545170 -0.2454907000 0.6546106339 -0.7149959803 -0.2751585543 0.6601764560 0.6988953948
222.9 -429.6 2325.3 0.9440329671 -0.0184254386 0.3293360472 0.2966818511 0.4837888777 -0.8233639598 -0.1441582590 0.8749907613 0.4621791542
230.2 -622.0 1977.4 0.9440329671 -0.0184254386 0.3293360472 0.2966818511 0.4837888777 -0.8233639598 -0.1441582590 0.8749907613 0.4621791542
32.3 -371.0 2204.0 0 0 0 0 0 0 0 0 0
171.5 -381.7 2154.7 0 0 0 0 0 0 0 0 0
-234.2 -851.2 1775.2 0 0 0 0 0 0 0 0 0
237.2 -806.9 1642.9 0 0 0 0 0 0 0 0 0
215.8 -51.7 2798.8 4 0.9856962562 0.1429042518 0.0893377513 -0.0214858223 0.6323258877 -0.7744045258 -0.1671562642 0.7614081502 0.6263516545
187.4 -177.4 2647.4 0.9856962562 0.1429042518 0.0893377513 -0.0214858223 0.6323258877 -0.7744045258 -0.1671562642 0.7614081502 0.6263516545
158.8 -303.2 2496.1 0.9855871797 0.1435801387 0.0894572660 -0.0219675265 0.6329552531 -0.7738766670 -0.1677357703 0.7607578039 0.6269866824
48.7 -174.3 2671.0 0.3036841452 -0.4144588113 -0.8579043150 0.4839915633 0.8427066207 -0.2357916087 0.8206875920 -0.3436122835 0.4565111995
-35.8 -309.0 2442.6 -0.2766216397 -0.4144588113 -0.8670088649 0.2430502623 0.8427066207 -0.4803874195 0.9297349453 -0.3436122835 -0.1323765665
326.1 -180.5 2623.8 -0.0815179422 0.0979921222 0.9918429255 -0.4131265283 0.9023151398 -0.1231011450 -0.9070178270 -0.4197915792 -0.0330717266
302.6 -299.2 2363.2 -0.5032894611 0.0932580233 0.8590708375 -0.3277561069 0.8992692828 -0.2896388173 -0.7995471358 -0.4273378849 -0.4220268428
42.1 -428.1 2357.1 0.9340990186 0.3451202810 -0.0913838223 -0.2457800508 0.4359877408 -0.8657406569 -0.2589424253 0.8311477900 0.4920794070
-95.1 -601.5 2026.6 0.9386211634 0.3447387815 0.0120638553 -0.2371585071 0.6703184843 -0.7031564713 -0.2504919171 0.6571364999 0.7109327912
220.7 -431.1 2329.5 0.9483005404 -0.0221515261 0.3165997565 0.2883063853 0.4771806896 -0.8301674724 -0.1326858252 0.8785259724 0.4588971436
229.5 -620.8 1980.2 0.9483005404 -0.0221515261 0.3165997565 0.2883063853 0.4771806896 -0.8301674724 -0.1326858252 0.8785259724 0.4588971436
36.1 -372.2 2200.9 0 0 0 0 0 0 0 0 0
171.8 -384.4 2155.3 0 0 0 0 0 0 0 0 0
-226.8 -857.6 1775.5 0 0 0 0 0 0 0 0 0
238.0 -803.2 1644.3 0 0 0 0 0 0 0 0 0
214.9 -51.7 2797.3 5 0.9852748513 0.1416050941 0.0958199799 -0.0156009281 0.6325421929 -0.7743687630 -0.1702647507 0.7614712119 0.6254370809
186.6 -177.9 2645.4 0.9852748513 0.1416050941 0.0958199799 -0.0156009281 0.6325421929 -0.7743687630 -0.1702647507 0.7614712119 0.6254370809
158.0 -303.3 2493.9 0.9849302173 0.1441359967 0.0955892056 -0.0171252172 0.6312510967 -0.7753894329 -0.1721023172 0.7620674968 0.6242066026
48.0 -175.4 2669.6 0.3223044574 -0.4105044603 -0.8529981971 0.4909816384 0.8429002166 -0.2201279104 0.8093558550 -0.3478582501 0.4732206166
-40.4 -310.1 2447.7 -0.2942794561 -0.4105044603 -0.8630676270 0.2386092693 0.8429002166 -0.4822705388 0.9254540801 -0.3478582501 -0.1500980556
325.3 -180.3 2621.2 -0.0736946240 0.0919695720 0.9930310845 -0.4145686328 0.9028013945 -0.1143788323 -0.9070292115 -0.4201086462 -0.0284039062
304.4 -297.7 2364.2 -0.4981697202 0.0834145397 0.8630579114 -0.3395595551 0.8970944285 -0.2827029228 -0.7978259325 -0.4338935912 -0.4185810685
39.9 -427.0 2360.3 0.9367877245 0.3389989436 -0.0866517425 -0.2373808473 0.4338069558 -0.8691731095 -0.2570586205 0.8348001242 0.4868568778
-94.9 -599.5 2028.4 0.9388180971 0.3441422582 0.0136628877 -0.2334917635 0.6651238799 -0.7092896104 -0.2531840503 0.6627038121 0.7047847509
219.7 -430.4 2326.6 0.9464080930 -0.0242180750 0.3220639527 0.2935339212 0.4804483056 -0.8264425397 -0.1347202361 0.8766885996 0.4618090093
229.3 -621.4 1978.1 0.9464080930 -0.0242180750 0.3220639527 0.2935339212 0.4804483056 -0.8264425397 -0.1347202361 0.8766885996 0.4618090093
36.1 -372.1 2207.1 0 0 0 0 0 0 0 0 0
174.9 -386.0 2156.8 0 0 0 0 0 0 0 0 0
-226.5 -853.7 1775.1 0 0 0 0 0 0 0 0 0
238.6 -805.1 1642.9 0 0 0 0 0 0 0 0 0
215.7 -51.6 2798.0 6 0.9838961959 0.1441456676 0.1056898460 -0.0086693978 0.6290910244 -0.7772833109 -0.1785305589 0.7638497949 0.6202098727
187.0 -176.9 2645.8 0.9838961959 0.1441456676 0.1056898460 -0.0086693978 0.6290910244 -0.7772833109 -0.1785305589 0.7638497949 0.6202098727
158.0 -302.2 2494.2 0.9835966229 0.1460671872 0.1058399603 -0.0099689625 0.6298755407 -0.7766321301 -0.1801064759 0.7628375888 0.6209995747
48.6 -175.5 2671.2 0.3017151654 -0.3745611608 -0.8767393231 0.4702723026 0.8584071398 -0.2048929334 0.8293442726 -0.3504869342 0.4351402223
-37.4 -309.5 2434.9 -0.2860043943 -0.3745611608 -0.8819894791 0.2526078224 0.8584071398 -0.4464599192 0.9243326187 -0.3504869342 -0.1508911550
325.4 -178.3 2620.5 -0.0743433908 0.0818732679 0.9938660860 -0.4202763438 0.9012212753 -0.1056789160 -0.9043455720 -0.4255549312 -0.0325904451
304.1 -299.1 2360.7 -0.5025107265 0.0742845461 0.8613737822 -0.3453820050 0.8961020112 -0.2787694633 -0.7925870419 -0.4375876784 -0.4246443510
39.0 -427.3 2358.2 0.9375492334 0.3398509026 -0.0741809979 -0.2286127806 0.4412634373 -0.8677688241 -0.2621786594 0.8305347562 0.4914004505
-96.2 -602.7 2028.0 0.9360884428 0.3513370752 0.0173385516 -0.2313408405 0.6520088911 -0.7220566273 -0.2649901807 0.6718977690 0.6916166544
219.2 -428.3 2326.0 0.9432495832 -0.0251244716 0.3311329186 0.3012904227 0.4840895534 -0.8215116262 -0.1396579444 0.8746576905 0.4641870260
229.2 -620.8 1978.2 0.9432495832 -0.0251244716 0.3311329186 0.3012904227 0.4840895534 -0.8215116262 -0.1396579444 0.8746576905 0.4641870260
37.0 -375.2 2194.7 0 0 0 0 0 0 0 0 0
173.4 -388.8 2154.6 0 0 0 0 0 0 0 0 0
-230.4 -851.9 1771.2 0 0 0 0 0 0 0 0 0
238.8 -805.8 1643.8 0 0 0 0 0 0 0 0 0
215.2 -52.2 2797.4 7 0.9775353074 0.1603877097 0.1367497891 0.0054996647 0.6291747093 -0.7772444487 -0.2106999606 0.7605359554 0.6141583920
183.3 -177.5 2646.0 0.9775353074 0.1603877097 0.1367497891 0.0054996647 0.6291747093 -0.7772444487 -0.2106999606 0.7605359554 0.6141583920
150.6 -302.5 2494.9 0.9768618941 0.1645582169 0.1366066933 0.0028933475 0.6285073757 -0.7777982354 -0.2138514072 0.7601967454 0.6134887934
45.9 -177.9 2676.1 0.2878803909 -0.3262986541 -0.9003632665 0.4546322227 0.8740331531 -0.1713931859 0.8428727388 -0.3599934280 0.3999628723
-36.5 -308.1 2434.7 -0.2797872722 -0.3262986541 -0.9029110074 0.2744710147 0.8740331531 -0.4009136558 0.9199917316 -0.3599934280 -0.1549838334
320.7 -177.1 2615.9 -0.0674729422 0.0549476966 0.9962068796 -0.4337358773 0.8975803256 -0.0788846239 -0.8985102177 -0.4374132454 -0.0367296003
301.5 -299.9 2361.4 -0.4917620420 0.0611507818 0.8685796857 -0.3453739285 0.9020050764 -0.2590437233 -0.7993040085 -0.4273726642 -0.4224519730
38.7 -426.5 2359.0 0.9407681227 0.3351922631 -0.0510044321 -0.2032619864 0.4371730983 -0.8761074543 -0.2713666558 0.8345812559 0.4794103801
-94.6 -600.3 2027.2 0.9335913062 0.3550408185 0.0485110804 -0.2171983570 0.6683380604 -0.7114415765 -0.2850126028 0.6536591649 0.7010688186
207.4 -427.2 2324.2 0.9331649542 -0.0471883081 0.3563375175 0.3331162333 0.4859761894 -0.8079979420 -0.1350435019 0.8726971745 0.4692151546
226.2 -620.4 1977.3 0.9331649542 -0.0471883081 0.3563375175 0.3331162333 0.4859761894 -0.8079979420 -0.1350435019 0.8726971745 0.4692151546
36.2 -379.4 2195.6 0 0 0 0 0 0 0 0 0
173.7 -389.7 2153.6 0 0 0 0 0 0 0 0 0
-230.3 -855.7 1777.4 0 0 0 0 0 0 0 0 0
244.2 -806.1 1643.8 0 0 0 0 0 0 0 0 0
216.8 -51.7 2798.6 8 0.9783106446 0.1591596603 0.1325764060 0.0026499536 0.6303543448 -0.7763029933 -0.2071262300 0.7598168254 0.6162605882
185.2 -177.0 2647.5 0.9783106446 0.1591596603 0.1325764060 0.0026499536 0.6303543448 -0.7763029933 -0.2071262300 0.7598168254 0.6162605882
152.9 -301.9 2496.2 0.9778562784 0.1623517573 0.1320568323 0.0008718674 0.6278470159 -0.7783362865 -0.2092757523 0.7612161636 0.6138026118
47.6 -177.2 2677.0 0.3065310121 -0.3156005740 -0.8980172873 0.4531498849 0.8780483603 -0.1539035589 0.8370746374 -0.3597601950 0.4121634066
-40.8 -307.8 2435.7 -0.2890498936 -0.3156005740 -0.9037955999 0.2721582949 0.8780483603 -0.3936508298 0.9178126454 -0.3597601950 -0.1679064780
322.7 -176.9 2618.1 -0.0750197917 0.0591244549 0.9954277277 -0.4297864735 0.8988468647 -0.0857785270 -0.8998086452 -0.4342564642 -0.0420204103
301.0 -301.5 2357.3 -0.4979549646 0.0613836460 0.8650276661 -0.3463104963 0.9004268646 -0.2632499635 -0.7950534225 -0.4306547940 -0.4271142185
28.3 -427.7 2363.5 0.9475975633 0.3144654036 -0.0563056283 -0.1970712990 0.4366812706 -0.8777655363 -0.2514393032 0.8428647518 0.4757702053
-96.7 -601.3 2028.4 0.9354453683 0.3517314792 0.0350268856 -0.2211669534 0.6597269773 -0.7182238102 -0.2757301033 0.6641123891 0.6949299574
210.3 -426.6 2325.7 0.9348682165 -0.0416570120 0.3525424004 0.3272911906 0.4857507050 -0.8105101585 -0.1374842823 0.8731042147 0.4677468538
226.9 -619.7 1978.6 0.9348682165 -0.0416570120 0.3525424004 0.3272911906 0.4857507050 -0.8105101585 -0.1374842823 0.8731042147 0.4677468538
34.4 -378.5 2197.2 0 0 0 0 0 0 0 0 0
171.5 -391.5 2150.6 0 0 0 0 0 0 0 0 0
-231.2 -853.5 1774.6 0 0 0 0 0 0 0 0 0
242.8 -805.4 1644.8 0 0 0 0 0 0 0 0 0
216.7 -48.7 2798.2 9 0.9787935615 0.1593236476 0.1287598908 -0.0030190952 0.6397112608 -0.7686094046 -0.2048267871 0.7519211769 0.6266262531
185.0 -176.1 2648.4 0.9787935615 0.1593236476 0.1287598908 -0.0030190952 0.6397112608 -0.7686094046 -0.2048267871 0.7519211769 0.6266262531
152.6 -301.6 2497.7 0.9784443378 0.1628741175 0.1269596070 -0.0043966291 0.6310743690 -0.7757098675 -0.2064640224 0.7584307194 0.6181871891
47.3 -175.5 2677.5 0.3101527393 -0.3185831606 -0.8957176208 0.4571625590 0.8760719895 -0.1532978415 0.8335512280 -0.3619428277 0.4173604548
-42.1 -307.3 2437.2 -0.2912772298 -0.3185831606 -0.9020323157 0.2728846073 0.8760719895 -0.3975321651 0.9168923497 -0.3619428277 -0.1682433784
322.7 -176.8 2619.4 -0.0686749816 0.0648131669 0.9955314994 -0.4271677434 0.8998746276 -0.0880529284 -0.9015605450 -0.4313060045 -0.0341127776
302.8 -300.4 2358.5 -0.5014344454 0.0616571605 0.8629958630 -0.3500990272 0.8976880908 -0.2675570548 -0.7911978960 -0.4362963438 -0.4285456538
30.9 -426.8 2364.1 0.9443494678 0.3233397305 -0.0604603887 -0.2067138553 0.4403598905 -0.8737004995 -0.2558777630 0.8375766277 0.4826924205
-97.6 -601.8 2031.1 0.9391585588 0.3427487910 0.0224606823 -0.2166719139 0.6418987513 -0.7355401516 -0.2665229738 0.6859222054 0.6771087646
210.0 -427.5 2328.0 0.9365238547 -0.0421025939 0.3480667770 0.3240773976 0.4827618003 -0.8135815263 -0.1337794513 0.8747390509 0.4657624364
226.7 -619.4 1980.2 0.9365238547 -0.0421025939 0.3480667770 0.3240773976 0.4827618003 -0.8135815263 -0.1337794513 0.8747390509 0.4657624364
33.6 -378.2 2198.9 0 0 0 0 0 0 0 0 0
172.4 -391.4 2152.8 0 0 0 0 0 0 0 0 0
-228.6 -847.1 1769.0 0 0 0 0 0 0 0 0 0
242.8 -804.0 1645.8 0 0 0 0 0 0 0 0 0
215.6 -48.6 2795.5 0 0.9788783193 0.1588432491 0.1287092566 -0.0035077608 0.6425146461 -0.7662653923 -0.2044136673 0.7496290803 0.6295008063
183.9 -176.6 2646.2 0.9788783193 0.1588432491 0.1287092566 -0.0035077608 0.6425146461 -0.7662653923 -0.2044136673 0.7496290803 0.6295008063
151.5 -302.7 2495.9 0.9784013033 0.1631173640 0.1269786805 -0.0053992886 0.6342270374 -0.7731280327 -0.2066439241 0.7557438612 0.6214092970
46.2 -175.8 2675.2 0.3149349391 -0.3408496976 -0.8857976198 0.4655584395 0.8687750697 -0.1687756777 0.8270860314 -0.3592371941 0.4322930872
-42.3 -306.8 2442.6 -0.2922576964 -0.3408496976 -0.8935362101 0.2652657628 0.8687750697 -0.4181673825 0.9188141823 -0.3592371941 -0.1634904295
321.6 -177.4 2617.1 -0.0685518160 0.0646003634 0.9955538511 -0.4342435896 0.8964796066 -0.0880726799 -0.8981832862 -0.4383504093 -0.0334030129
302.3 -299.5 2364.4 -0.4892297089 0.0683560967 0.8694720864 -0.3473606706 0.8991712928 -0.2661419511 -0.7999967933 -0.4322249591 -0.4161570966
30.5 -426.7 2365.8 0.9465296865 0.3161434829 -0.0643031225 -0.2048111260 0.4348402619 -0.8769072890 -0.2492669374 0.8431887031 0.4763389230
-95.2 -599.5 2030.6 0.9332041144 0.3581207991 0.0296582915 -0.2309027612 0.6608363390 -0.7141283154 -0.2753434777 0.6595792770 0.6993862391
208.8 -429.3 2326.7 0.9362355471 -0.0467168950 0.3482535481 0.3267211020 0.4804387689 -0.8138992190 -0.1292916685 0.8757831454 0.4650672376
227.4 -620.3 1978.5 0.9362355471 -0.0467168950 0.3482535481 0.3267211020 0.4804387689 -0.8138992190 -0.1292916685 0.8757831454 0.4650672376
33.6 -375.7 2203.7 0 0 0 0 0 0 0 0 0
175.2 -389.8 2156.4 0 0 0 0 0 0 0 0 0
-232.0 -852.0 1778.7 0 0 0 0 0 0 0 0 0
245.3 -804.0 1643.7 0 0 0 0 0 0 0 0 0
217.5 -51.4 2807.1 1 0.9830148220 0.1641357988 0.0821055621 -0.0384850651 0.6217876673 -0.7822397351 -0.1794457734 0.7657933831 0.6175432801
184.9 -174.7 2655.2 0.9830148220 0.1641357988 0.0821055621 -0.0384850651 0.6217876673 -0.7822397351 -0.1794457734 0.7657933831 0.6175432801
152.0 -297.8 2502.6 0.9827907085 0.1657524705 0.0815382227 -0.0393278748 0.6190406084 -0.7843737006 -0.1804873496 0.7676684856 0.6149060726
46.7 -169.2 2680.6 0.2952419519 -0.3685474992 -0.8814788461 0.4748938978 0.8571729660 -0.1993245333 0.8290404081 -0.3597599566 0.4280943871
-39.4 -307.7 2438.8 -0.2965047956 -0.3685474992 -0.8810548186 0.2583970726 0.8571729660 -0.4455170333 0.9194105864 -0.3597599566 -0.1589243114
323.1 -180.3 2629.8 -0.0680578426 0.1106597558 0.9915253520 -0.4021366835 0.9064790010 -0.1287705898 -0.9130466580 -0.4074925482 -0.0171926618
