195.0 30.6 2733.4 8 0.9832330942 0.0940633640 0.1562200934 0.0062482134 0.8388090134 -0.5443899632 -0.1822459698 0.5362383127 0.8241570592
175.9 -139.6 2624.6 0.9832330942 0.0940633640 0.1562200934 0.0062482134 0.8388090134 -0.5443899632 -0.1822459698 0.5362383127 0.8241570592
155.7 -303.0 2513.3 0.9829117656 0.1018801108 0.1533131897 0.0035237905 0.8223069906 -0.5690332055 -0.1840436757 0.5598496795 0.8078961968
37.6 -140.1 2650.5 0.2361205071 -0.4430872798 -0.8648241162 0.5813218355 0.7775754333 -0.2396692932 0.7786604166 -0.4461503029 0.4411778152
-31.0 -308.9 2424.3 -0.3792694509 -0.4430872798 -0.8122981787 0.2883458436 0.7775754333 -0.5587782264 0.8792106509 -0.4461503029 -0.1671482325
314.2 -139.1 2598.7 -0.0581454560 0.1008377448 0.9932023287 -0.5598786473 0.8204044104 -0.1160711423 -0.8265319467 -0.5628217459 0.0087541090
297.3 -302.0 2358.2 -0.4005768597 0.1252797991 0.9076580405 -0.4315756261 0.8480417728 -0.3075185716 -0.8082578182 -0.5149078965 -0.2856381834
43.4 -461.1 2408.5 0.8627196550 0.3032454550 0.4046689570 0.3151480258 0.3034111261 -0.8992348909 -0.3954699636 0.9033182859 0.1661915332
-77.2 -581.7 2049.4 0.7780266404 0.4050050080 0.4802556336 0.1323266178 0.6416578293 -0.7554898858 -0.6141369343 0.6513418555 0.4456339478
225.7 -466.1 2385.1 0.9388262630 -0.0120417932 0.3441804647 0.3218808472 0.3860650063 -0.8644920588 -0.1224659979 0.9223929644 0.3663240075
230.5 -619.6 2018.4 0.9388262630 -0.0120417932 0.3441804647 0.3218808472 0.3860650063 -0.8644920588 -0.1224659979 0.9223929644 0.3663240075
67.6 -383.9 2195.7 0 0 0 0 0 0 0 0 0
193.2 -414.2 2148.1 0 0 0 0 0 0 0 0 0
-231.9 -826.8 1800.6 0 0 0 0 0 0 0 0 0
235.1 -767.2 1665.8 0 0 0 0 0 0 0 0 0
194.5 28.6 2724.6 9 0.9885274768 0.0853140429 0.1246393248 -0.0072589074 0.8510814905 -0.5249834061 -0.1508666873 0.5180557370 0.8419367671
177.2 -144.3 2619.4 0.9885274768 0.0853140429 0.1246393248 -0.0072589074 0.8510814905 -0.5249834061 -0.1508666873 0.5180557370 0.8419367671
159.0 -310.2 2511.5 0.9883294702 0.0912782252 0.1219552979 -0.0091488007 0.8347152472 -0.5506058335 -0.1520562768 0.5430642366 0.8258087635
38.2 -143.0 2640.8 0.2481411994 -0.4621375799 -0.8513840437 0.5957568288 0.7658213973 -0.2420565188 0.7638715506 -0.4471536577 0.4653534889
-30.4 -307.7 2429.6 -0.3654633760 -0.4621375799 -0.8080008626 0.2949505448 0.7658213973 -0.5714207888 0.8828594089 -0.4471536577 -0.1435719281
316.2 -145.5 2598.0 -0.0706941783 0.1281206608 0.9892357588 -0.5485193133 0.8233223557 -0.1458314955 -0.8331440091 -0.5529243946 0.0120725585
296.0 -301.6 2360.9 -0.3853404820 0.1453556865 0.9112542868 -0.4333051145 0.8433718681 -0.3177586198 -0.8147143126 -0.5172964334 -0.2620019615
45.3 -466.7 2418.9 0.8789736629 0.2983106375 0.3720430136 0.2993850410 0.2620592117 -0.9174385667 -0.3711790144 0.9177885056 0.1410334110
-73.1 -570.8 2054.4 0.7922007442 0.4029946327 0.4582720399 0.0958000869 0.6595103145 -0.7455658913 -0.6026942134 0.6345403790 0.4838576317
231.4 -476.9 2389.7 0.9455865622 -0.0018654926 0.3253653347 0.3033672869 0.3665432036 -0.8795534968 -0.1176196486 0.9303991795 0.3471642435
232.1 -622.6 2019.8 0.9455865622 -0.0018654926 0.3253653347 0.3033672869 0.3665432036 -0.8795534968 -0.1176196486 0.9303991795 0.3471642435
64.5 -384.4 2200.1 0 0 0 0 0 0 0 0 0
195.9 -414.3 2149.1 0 0 0 0 0 0 0 0 0
-227.1 -822.8 1812.0 0 0 0 0 0 0 0 0 0
232.8 -762.6 1664.2 0 0 0 0 0 0 0 0 0
192.0 27.4 2720.7 0 0.9851770401 0.0815553293 0.1509136558 0.0096576372 0.8519894481 -0.5234699249 -0.1712686121 0.5171679854 0.8385728002
175.4 -145.6 2615.7 0.9851770401 0.0815553293 0.1509136558 0.0096576372 0.8519894481 -0.5234699249 -0.1712686121 0.5171679854 0.8385728002
157.5 -311.5 2507.7 0.9848647118 0.0899854898 0.1481352597 0.0065870890 0.8346195817 -0.5507874489 -0.1731994599 0.5434268713 0.8213946223
36.9 -146.5 2640.0 0.2321233898 -0.4203261137 -0.8771799803 0.5737008452 0.7874127626 -0.2254962176 0.7854846120 -0.4508959055 0.4239183366
-29.8 -311.3 2414.4 -0.3967084289 -0.4203261137 -0.8160566092 0.2874413729 0.7874127626 -0.5453059673 0.8717797399 -0.4508959055 -0.1915541440
313.9 -144.6 2591.3 -0.0701341331 0.1025022566 0.9922572970 -0.5596414804 0.8193753362 -0.1241994277 -0.8257618546 -0.5640189648 -0.0001016622
294.0 -303.7 2356.7 -0.3882938921 0.1244043931 0.9130998850 -0.4404082894 0.8453183770 -0.3024522960 -0.8094865084 -0.5195771456 -0.2734432220
50.1 -475.2 2417.5 0.8691080809 0.3121973574 0.3836456835 0.3164203167 0.2452279180 -0.9163740873 -0.3801701963 0.9178213477 0.1143439710
-73.9 -572.7 2052.9 0.7834944129 0.4004434347 0.4751647711 0.1194534525 0.6533491611 -0.7475732565 -0.6098092794 0.6424795389 0.4640610516
229.9 -476.7 2383.8 0.9380971193 -0.0044887387 0.3463431597 0.3233223557 0.3700167239 -0.8709478974 -0.1242433041 0.9290142655 0.3485629261
231.7 -623.8 2014.5 0.9380971193 -0.0044887387 0.3463431597 0.3233223557 0.3700167239 -0.8709478974 -0.1242433041 0.9290142655 0.3485629261
73.3 -386.0 2187.9 0 0 0 0 0 0 0 0 0
193.1 -418.1 2146.2 0 0 0 0 0 0 0 0 0
-226.9 -822.3 1807.4 0 0 0 0 0 0 0 0 0
233.4 -765.3 1659.3 0 0 0 0 0 0 0 0 0
194.4 26.6 2721.7 1 0.9802753925 0.0984424204 0.1713745296 0.0094709070 0.8427256346 -0.5382599831 -0.1974093318 0.5292661190 0.8251708746
174.4 -144.4 2614.3 0.9802753925 0.0984424204 0.1713745296 0.0094709070 0.8427256346 -0.5382599831 -0.1974093318 0.5292661190 0.8251708746
153.8 -308.2 2503.6 0.9803571701 0.1033870652 0.1679610461 0.0101462724 0.8240340352 -0.5664494038 -0.1969691664 0.5570269227 0.8067986965
36.5 -145.9 2642.0 0.2286835313 -0.4254713356 -0.8756015301 0.5769129395 0.7837117910 -0.2301462591 0.7841398716 -0.4525151551 0.4246819019
-29.8 -313.2 2414.6 -0.4050710499 -0.4254713356 -0.8092537522 0.2822187841 0.7837117910 -0.5533067584 0.8696378469 -0.4525151551 -0.1973829716
312.3 -143.0 2586.6 -0.0666431263 0.0866367519 0.9940084219 -0.5707916617 0.8138012886 -0.1091987044 -0.8183859587 -0.5746490359 -0.0047827284
293.4 -304.5 2355.0 -0.3718965352 0.1148038134 0.9211477041 -0.4440317750 0.8494313359 -0.2851354182 -0.8151863217 -0.5150597095 -0.2649240196
49.3 -478.0 2415.6 0.8643096089 0.3130193353 0.3936848938 0.3272589743 0.2443840951 -0.9127858281 -0.3819299340 0.9177665114 0.1087851375
-75.1 -575.1 2050.8 0.7804087996 0.3950069249 0.4846974909 0.1313502640 0.6543170214 -0.7447256446 -0.6113176346 0.6448556185 0.4587505162
223.1 -471.0 2374.9 0.9348829985 -0.0169539955 0.3545508385 0.3333822489 0.3848596513 -0.8606621623 -0.1218606457 0.9228193760 0.3654509187
229.8 -624.0 2008.1 0.9348829985 -0.0169539955 0.3545508385 0.3333822489 0.3848596513 -0.8606621623 -0.1218606457 0.9228193760 0.3654509187
75.4 -386.6 2188.6 0 0 0 0 0 0 0 0 0
196.8 -419.9 2143.1 0 0 0 0 0 0 0 0 0
-226.1 -825.2 1804.3 0 0 0 0 0 0 0 0 0
236.3 -771.1 1655.4 0 0 0 0 0 0 0 0 0
195.3 29.9 2727.8 2 0.9823449850 0.1033949628 0.1559097916 -0.0009108582 0.8360257149 -0.5486895442 -0.1870763302 0.5388603806 0.8213598132
174.2 -140.4 2618.0 0.9823449850 0.1033949628 0.1559097916 -0.0009108582 0.8360257149 -0.5486895442 -0.1870763302 0.5388603806 0.8213598132
152.4 -303.4 2506.3 0.9821323156 0.1098357663 0.1528144777 -0.0025622558 0.8197435141 -0.5727250576 -0.1881743819 0.5621002316 0.8053780198
36.1 -140.1 2644.5 0.2315745950 -0.4492442906 -0.8628746867 0.5933381319 0.7681298256 -0.2406791002 0.7709235549 -0.4562412798 0.4444331229
-31.3 -312.8 2420.1 -0.3960316777 -0.4492442906 -0.8008360863 0.2865429223 0.7681298256 -0.5725991130 0.8723829985 -0.4562412798 -0.1754759848
312.4 -140.8 2591.5 -0.0660435557 0.1032017246 0.9924654365 -0.5646956563 0.8161652088 -0.1224467456 -0.8226524591 -0.5685277581 0.0043751183
293.2 -305.0 2352.3 -0.3757568598 0.1271439195 0.9179549217 -0.4424527287 0.8457416296 -0.2982560098 -0.8142741323 -0.5182234049 -0.2615380287
43.3 -473.0 2411.0 0.8693071008 0.3048315942 0.3890795410 0.3147082329 0.2656373680 -0.9112603664 -0.3811350465 0.9146116376 0.1349874437
-77.9 -578.5 2047.5 0.7840298414 0.3982588351 0.4761167169 0.1128424481 0.6628063917 -0.7402393818 -0.6103800535 0.6340959072 0.4747194648
220.6 -466.5 2377.3 0.9405339956 -0.0211410150 0.3390411139 0.3200154305 0.3899523020 -0.8634392619 -0.1139558703 0.9205923676 0.3735288382
229.0 -621.6 2011.3 0.9405339956 -0.0211410150 0.3390411139 0.3200154305 0.3899523020 -0.8634392619 -0.1139558703 0.9205923676 0.3735288382
71.6 -387.2 2193.4 0 0 0 0 0 0 0 0 0
195.5 -420.0 2140.6 0 0 0 0 0 0 0 0 0
-230.1 -831.9 1805.2 0 0 0 0 0 0 0 0 0
237.1 -770.6 1659.4 0 0 0 0 0 0 0 0 0
196.5 28.4 2721.8 3 0.9844933748 0.1051197946 0.1404374242 -0.0134144444 0.8433384895 -0.5372152925 -0.1749082357 0.5270010233 0.8316712379
175.1 -142.8 2614.8 0.9844933748 0.1051197946 0.1404374242 -0.0134144444 0.8433384895 -0.5372152925 -0.1749082357 0.5270010233 0.8316712379
153.0 -306.5 2504.3 0.9843297601 0.1115198657 0.1365953088 -0.0146734389 0.8237378001 -0.5667810440 -0.1757260561 0.5558950901 0.8124660254
36.7 -140.7 2639.5 0.2399425209 -0.4398244619 -0.8654374480 0.5957451463 0.7705891132 -0.2264512032 0.7664954662 -0.4612449110 0.4469203949
-31.9 -311.0 2420.4 -0.3980156183 -0.4398244619 -0.8050701618 0.2931451201 0.7705891132 -0.5659137368 0.8692810535 -0.4612449110 -0.1777741164
313.6 -144.8 2590.0 -0.0644317046 0.1198972538 0.9906932712 -0.5596318841 0.8176143169 -0.1353473961 -0.8262328506 -0.5631442666 0.0144180451
295.4 -303.4 2356.0 -0.3774730563 0.1409199536 0.9152352810 -0.4388594925 0.8430886865 -0.3108114898 -0.8154240847 -0.5189826488 -0.2563992143
40.5 -466.1 2411.8 0.8742303252 0.3016730249 0.3804138601 0.2990978062 0.2825566828 -0.9114286900 -0.3824419081 0.9105795622 0.1567898840
-79.4 -578.4 2049.9 0.7971797585 0.3856846392 0.4644908905 0.1157043204 0.6574959755 -0.7445210218 -0.5925512314 0.6472607255 0.4795171022
221.1 -471.6 2377.7 0.9452822208 -0.0200259294 0.3256385922 0.3084391057 0.3801629245 -0.8719756007 -0.1063335910 0.9247027040 0.3655380309
229.0 -622.8 2010.0 0.9452822208 -0.0200259294 0.3256385922 0.3084391057 0.3801629245 -0.8719756007 -0.1063335910 0.9247027040 0.3655380309
71.5 -387.3 2194.4 0 0 0 0 0 0 0 0 0
197.3 -417.5 2144.0 0 0 0 0 0 0 0 0 0
-226.9 -829.7 1802.5 0 0 0 0 0 0 0 0 0
236.7 -768.1 1656.5 0 0 0 0 0 0 0 0 0
196.4 27.4 2728.8 4 0.9839483500 0.1040007845 0.1450154036 -0.0070263785 0.8345713019 -0.5508551002 -0.1783150584 0.5409940481 0.8219058514
175.4 -141.7 2619.2 0.9839483500 0.1040007845 0.1450154036 -0.0070263785 0.8345713019 -0.5508551002 -0.1783150584 0.5409940481 0.8219058514
153.0 -303.6 2506.0 0.9835742116 0.1124979854 0.1411594450 -0.0098761199 0.8143969178 -0.5802241564 -0.1802338660 0.5692993999 0.8021308780
37.0 -140.3 2644.5 0.2371577770 -0.4168527722 -0.8774906993 0.5844377279 0.7827418447 -0.2138873339 0.7760081887 -0.4621136189 0.4292577803
-33.3 -313.4 2414.7 -0.4134986699 -0.4168527722 -0.8094767332 0.2894465923 0.7827418447 -0.5509409308 0.8632725477 -0.4621136189 -0.2030060887
313.8 -143.1 2593.8 -0.0680021197 0.1152645871 0.9910044074 -0.5544230342 0.8214436173 -0.1335869879 -0.8294520974 -0.5585198998 0.0080454396
294.0 -304.2 2352.8 -0.3747628927 0.1317577809 0.9177105427 -0.4466449320 0.8417536616 -0.3032476008 -0.8124414086 -0.5235367417 -0.2566090822
40.5 -468.9 2409.9 0.8702184558 0.3034660220 0.3881085515 0.3055194914 0.2855949700 -0.9083464742 -0.3864941299 0.9090346098 0.1558152139
-80.2 -582.5 2048.5 0.7914429307 0.3921095431 0.4689010680 0.1278964877 0.6439135671 -0.7543327212 -0.5977128148 0.6569820642 0.4594713748
220.8 -466.3 2376.3 0.9443640113 -0.0207785182 0.3282451928 0.3098302782 0.3911059201 -0.8666264415 -0.1103714332 0.9201110601 0.3757841587
229.1 -621.8 2010.5 0.9443640113 -0.0207785182 0.3282451928 0.3098302782 0.3911059201 -0.8666264415 -0.1103714332 0.9201110601 0.3757841587
74.2 -388.7 2190.3 0 0 0 0 0 0 0 0 0
196.6 -420.3 2141.6 0 0 0 0 0 0 0 0 0
-230.0 -828.6 1797.4 0 0 0 0 0 0 0 0 0
237.0 -771.3 1658.8 0 0 0 0 0 0 0 0 0
194.8 26.1 2721.8 5 0.9747321010 0.1025813743 0.1984297037 0.0210837889 0.8421018720 -0.5389062762 -0.2223797739 0.5294728875 0.8186609149
173.9 -144.9 2614.3 0.9747321010 0.1025813743 0.1984297037 0.0210837889 0.8421018720 -0.5389062762 -0.2223797739 0.5294728875 0.8186609149
151.8 -307.9 2502.7 0.9746121764 0.1114259884 0.1942044795 0.0201520044 0.8201973438 -0.5717256665 -0.2229910940 0.5611243844 0.7971288562
37.0 -147.7 2645.6 0.2422566712 -0.3832413554 -0.8913123608 0.5648983717 0.8026158810 -0.1915660501 0.7887974977 -0.4570927620 0.4109314680
-33.6 -312.2 2415.9 -0.4026302695 -0.3832413554 -0.8312730789 0.3002154529 0.8026158810 -0.5154400468 0.8647308946 -0.4570927620 -0.2081024796
310.9 -142.1 2582.9 -0.0535756946 0.0634576455 0.9965454340 -0.5795345306 0.8107323050 -0.0827821046 -0.8131846786 -0.5819675922 -0.0066596451
296.1 -302.3 2358.2 -0.3761101365 0.0988126919 0.9212910533 -0.4409806728 0.8553810716 -0.2717705667 -0.8149093390 -0.5084872246 -0.2781429887
40.4 -464.5 2409.4 0.8529205918 0.3057789505 0.4231142402 0.3404571116 0.2886070609 -0.8948714733 -0.3957466185 0.9073065519 0.1420543045
-81.2 -579.3 2048.7 0.7745563984 0.3833316565 0.5031095743 0.1547508389 0.6563990116 -0.7383715510 -0.6132817864 0.6497670412 0.4490971565
219.0 -469.1 2370.8 0.9281432033 -0.0243601296 0.3714253604 0.3508800268 0.3902985454 -0.8512051702 -0.1242313161 0.9203660488 0.3708004355
228.7 -624.3 2004.8 0.9281432033 -0.0243601296 0.3714253604 0.3508800268 0.3902985454 -0.8512051702 -0.1242313161 0.9203660488 0.3708004355
71.0 -390.3 2191.1 0 0 0 0 0 0 0 0 0
198.3 -416.9 2146.3 0 0 0 0 0 0 0 0 0
-227.7 -830.2 1800.3 0 0 0 0 0 0 0 0 0
238.0 -773.5 1653.0 0 0 0 0 0 0 0 0 0
194.4 27.0 2727.8 6 0.9723867178 0.1049625427 0.2084393203 0.0269266106 0.8367257118 -0.5469598174 -0.2318168283 0.5374690294 0.8107946515
173.1 -142.4 2619.0 0.9723867178 0.1049625427 0.2084393203 0.0269266106 0.8367257118 -0.5469598174 -0.2318168283 0.5374690294 0.8107946515
150.9 -305.4 2507.4 0.9722906351 0.1119895652 0.2052055150 0.0261927377 0.8200755715 -0.5716555119 -0.2323034853 0.5611901879 0.7944184542
36.4 -146.0 2651.7 0.2298012674 -0.3905599117 -0.8914338350 0.5621482134 0.8009678721 -0.2060092241 0.7944688797 -0.4537767768 0.4036160111
-31.6 -312.4 2416.5 -0.3927264512 -0.3905599117 -0.8326036930 0.3008523285 0.8009678721 -0.5176275969 0.8690534234 -0.4537767768 -0.1970604062
309.9 -138.7 2586.3 -0.0588186570 0.0533921532 0.9968398213 -0.5746151209 0.8147419095 -0.0775439665 -0.8163074255 -0.5773602724 -0.0172420852
292.8 -305.1 2350.0 -0.3866613805 0.0896453038 0.9178544283 -0.4364968240 0.8589345813 -0.2677722275 -0.8123813868 -0.5041776896 -0.2929869294
40.4 -472.8 2411.6 0.8505893946 0.3102961183 0.4245161712 0.3491740227 0.2703237832 -0.8972193599 -0.3931604922 0.9113953114 0.1215872094
-82.9 -580.2 2049.3 0.7809135914 0.3623307645 0.5088126659 0.1752406806 0.6547755599 -0.7352276444 -0.5995537043 0.6633139253 0.4478280544
217.8 -466.0 2374.6 0.9246853590 -0.0261053145 0.3798362017 0.3590818346 0.3914247453 -0.8472584486 -0.1265593469 0.9198397398 0.3713186681
228.2 -621.7 2008.8 0.9246853590 -0.0261053145 0.3798362017 0.3590818346 0.3914247453 -0.8472584486 -0.1265593469 0.9198397398 0.3713186681
70.5 -390.6 2190.6 0 0 0 0 0 0 0 0 0
192.3 -418.5 2138.8 0 0 0 0 0 0 0 0 0
-221.4 -830.5 1795.8 0 0 0 0 0 0 0 0 0
238.1 -771.3 1657.2 0 0 0 0 0 0 0 0 0
194.9 26.9 2721.3 7 0.9731910825 0.0973847136 0.2083633393 0.0259382538 0.8536851406 -0.5201431513 -0.2285306752 0.5116032362 0.8282728195
175.2 -145.8 2617.8 0.9731910825 0.0973847136 0.2083633393 0.0259382538 0.8536851406 -0.5201431513 -0.2285306752 0.5116032362 0.8282728195
154.1 -312.5 2511.7 0.9728826880 0.1061497182 0.2055031806 0.0233733840 0.8388070464 -0.5439268351 -0.2301151901 0.5339803100 0.8135797977
38.3 -149.1 2650.2 0.2440103889 -0.3786818087 -0.8927816153 0.5566135645 0.8085582256 -0.1908269525 0.7941285968 -0.4503706098 0.4080760479
-32.4 -310.5 2419.9 -0.3825854063 -0.3786818087 -0.8427505493 0.3063362539 0.8085582256 -0.5023859739 0.8716573119 -0.4503706098 -0.1933386177
312.1 -142.5 2585.4 -0.0619166978 0.0535196848 0.9966453314 -0.5683711171 0.8189431429 -0.0792872235 -0.8204392791 -0.5713735819 -0.0202872101
294.5 -303.9 2352.5 -0.3905386031 0.0858860165 0.9165714383 -0.4388127327 0.8578826785 -0.2673588097 -0.8092731237 -0.5066171288 -0.2973484099
39.5 -470.8 2417.2 0.8584083915 0.2970093489 0.4182350039 0.3479885459 0.2618547380 -0.9001867175 -0.3768806756 0.9182687998 0.1214224324
-78.6 -574.9 2052.2 0.7771658897 0.3821747601 0.4999556243 0.1433502436 0.6660673022 -0.7319870591 -0.6127510667 0.6405441165 0.4628599882
222.3 -477.0 2384.5 0.9230517745 -0.0181085076 0.3842492998 0.3632882535 0.3694672585 -0.8552868366 -0.1264795512 0.9290673137 0.3476160169
229.5 -623.9 2015.2 0.9230517745 -0.0181085076 0.3842492998 0.3632882535 0.3694672585 -0.8552868366 -0.1264795512 0.9290673137 0.3476160169
67.1 -390.1 2193.3 0 0 0 0 0 0 0 0 0
193.0 -418.0 2142.1 0 0 0 0 0 0 0 0 0
-224.6 -829.4 1807.4 0 0 0 0 0 0 0 0 0
236.4 -765.1 1660.1 0 0 0 0 0 0 0 0 0
194.5 24.8 2728.0 8 0.9794745445 0.0908849612 0.1799154431 0.0209904686 0.8417365551 -0.5394802690 -0.2004720420 0.5321837068 0.8225517869
176.1 -145.2 2620.6 0.9794745445 0.0908849612 0.1799154431 0.0209904686 0.8417365551 -0.5394802690 -0.2004720420 0.5321837068 0.8225517869
156.4 -309.1 2510.2 0.9791473150 0.0995793566 0.1770718247 0.0181267224 0.8253234029 -0.5643693209 -0.2023410499 0.5558104515 0.8063081503
38.4 -147.7 2649.1 0.2400230169 -0.4171140790 -0.8765870333 0.5732033849 0.7896611094 -0.2187994421 0.7834709883 -0.4499457479 0.4286280572
-30.1 -311.2 2425.5 -0.3753229082 -0.4171140790 -0.8277370334 0.3012210429 0.7896611094 -0.5345102549 0.8765834570 -0.4499457479 -0.1707343757
313.9 -142.7 2592.1 -0.0768834651 0.0770784989 0.9940562844 -0.5558647513 0.8243688345 -0.1069133803 -0.8277096748 -0.5607807040 -0.0205351152
291.2 -306.4 2348.4 -0.3704026937 0.0986640304 0.9236164093 -0.4485351145 0.8517330289 -0.2708635628 -0.8133990765 -0.5146029592 -0.2712299526
43.8 -481.3 2426.7 0.9230356812 0.2965124547 -0.2451234460 -0.3148674965 0.2161531448 -0.9241949320 -0.2210511118 0.9302462935 0.2928791940
-74.0 -567.1 2057.3 0.9230356812 0.3811587989 -0.0521834828 -0.3148674965 0.6705338955 -0.6717460155 -0.2210511118 0.6364764571 0.7389412522
226.5 -471.5 2381.2 0.9308859706 -0.0106394496 0.3651549816 0.3415147960 0.3802032471 -0.8595423698 -0.1296880543 0.9248417616 0.3575594127
230.7 -622.6 2013.6 0.9308859706 -0.0106394496 0.3651549816 0.3415147960 0.3802032471 -0.8595423698 -0.1296880543 0.9248417616 0.3575594127
67.5 -389.5 2197.7 0 0 0 0 0 0 0 0 0
194.9 -422.9 2137.0 0 0 0 0 0 0 0 0 0
-219.6 -823.4 1814.0 0 0 0 0 0 0 0 0 0
234.8 -768.0 1660.1 0 0 0 0 0 0 0 0 0
195.5 25.3 2731.4 9 0.9822338223 0.0887975693 0.1653231084 0.0151542258 0.8405566812 -0.5415115952 -0.1870483607 0.5343963504 0.8242775202
177.6 -144.3 2623.6 0.9822338223 0.0887975693 0.1653231084 0.0151542258 0.8405566812 -0.5415115952 -0.1870483607 0.5343963504 0.8242775202
158.5 -308.5 2513.2 0.9819481373 0.0961990580 0.1628607363 0.0125807710 0.8258888125 -0.5636926293 -0.1887315661 0.5555658340 0.8097697496
39.5 -146.0 2650.2 0.2421160787 -0.4252315760 -0.8720996976 0.5771819353 0.7856263518 -0.2228278518 0.7798979282 -0.4494099915 0.4356487691
-29.9 -311.5 2426.6 -0.3658297956 -0.4252315760 -0.8278566599 0.3049802780 0.7856263518 -0.5383105874 0.8792926669 -0.4494099915 -0.1577182710
315.8 -142.6 2597.1 -0.0796651691 0.0895439088 0.9927917123 -0.5521271229 0.8252616525 -0.1187383607 -0.8299452066 -0.5576065779 -0.0163049903
292.2 -305.6 2351.9 -0.3732625544 0.1105572060 0.9211146235 -0.4427071214 0.8513078690 -0.2815764546 -0.8152824640 -0.5128859282 -0.2688168883
46.9 -474.8 2418.3 0.9198477268 0.3095363677 -0.2409716994 -0.3236945868 0.2519334853 -0.9120040536 -0.2215895653 0.9169060588 0.3319356740
-76.0 -574.8 2054.3 0.9187459946 0.3891188502 -0.0670249611 -0.3255437613 0.6504313350 -0.6862654686 -0.2234437168 0.6523231864 0.7242563963
229.5 -471.5 2385.5 0.9345723987 -0.0053877900 0.3557322919 0.3311954141 0.3783626854 -0.8643791080 -0.1299387217 0.9256417751 0.3553917110
231.7 -621.9 2017.5 0.9345723987 -0.0053877900 0.3557322919 0.3311954141 0.3783626854 -0.8643791080 -0.1299387217 0.9256417751 0.3553917110
65.2 -390.8 2198.0 0 0 0 0 0 0 0 0 0
195.2 -420.7 2140.0 0 0 0 0 0 0 0 0 0
-224.7 -823.3 1805.0 0 0 0 0 0 0 0 0 0
233.7 -766.5 1663.6 0 0 0 0 0 0 0 0 0
196.0 28.2 2723.6 0 0.9872889519 0.0829897001 0.1355479956 -0.0023132048 0.8602609038 -0.5098488331 -0.1589188427 0.5030545592 0.8495180607
179.2 -146.1 2621.7 0.9872889519 0.0829897001 0.1355479956 -0.0023132048 0.8602609038 -0.5098488331 -0.1589188427 0.5030545592 0.8495180607
160.8 -313.6 2516.5 0.9868624806 0.0921385288 0.1327138096 -0.0064616650 0.8432911038 -0.5374182463 -0.1614333093 0.5295003653 0.8328076601
40.4 -145.2 2644.3 0.2529183030 -0.4464165270 -0.8583382964 0.5892827511 0.7747095823 -0.2292834222 0.7673187852 -0.4478139877 0.4590038061
-30.3 -310.0 2429.7 -0.3618428707 -0.4464165270 -0.8184021115 0.3014204204 0.7747095823 -0.5558513999 0.8821651936 -0.4478139877 -0.1457640678
318.0 -146.9 2599.0 -0.0842956454 0.1194861904 0.9892508984 -0.5396974683 0.8290796876 -0.1461284757 -0.8376281261 -0.5462142229 -0.0054014083
293.6 -303.2 2356.4 -0.3761124909 0.1326387227 0.9170312881 -0.4408112764 0.8449112177 -0.3030022979 -0.8149998784 -0.5182006955 -0.2593130469
49.4 -473.7 2420.1 0.9251300693 0.3149021864 -0.2120636404 -0.2929808795 0.2369365990 -0.9262954593 -0.2414468229 0.9190743566 0.3114574850
-75.7 -567.9 2055.0 0.9251300693 0.3789241314 -0.0234705620 -0.2929808795 0.6732520461 -0.6788916588 -0.2414468229 0.6349394917 0.7338632345
232.9 -481.7 2396.5 0.9423177242 0.0005545834 0.3347192109 0.3125836849 0.3561617434 -0.8805908561 -0.1197025403 0.9344241619 0.3354441822
232.7 -623.3 2025.1 0.9423177242 0.0005545834 0.3347192109 0.3125836849 0.3561617434 -0.8805908561 -0.1197025403 0.9344241619 0.3354441822
63.7 -388.4 2200.4 0 0 0 0 0 0 0 0 0
195.8 -417.8 2144.5 0 0 0 0 0 0 0 0 0
-220.5 -825.1 1812.4 0 0 0 0 0 0 0 0 0
232.5 -759.4 1668.0 0 0 0 0 0 0 0 0 0
196.0 27.6 2729.2 1 0.9835657477 0.0891849697 0.1569854766 0.0085926326 0.8453763127 -0.5341021419 -0.1803456843 0.5266734958 0.8307168484
177.9 -143.9 2622.3 0.9835657477 0.0891849697 0.1569854766 0.0085926326 0.8453763127 -0.5341021419 -0.1803456843 0.5266734958 0.8307168484
158.8 -308.6 2512.8 0.9833988547 0.0956642404 0.1541917622 0.0070806723 0.8288637996 -0.5594056845 -0.1813190877 0.5512106419 0.8144263029
39.5 -145.0 2647.8 0.2392096370 -0.4413381219 -0.8648695946 0.5779201388 0.7804855704 -0.2384335995 0.7802481055 -0.4427899122 0.4417578578
-29.2 -311.2 2423.4 -0.3766041696 -0.4413381219 -0.8144875169 0.2867816985 0.7804855704 -0.5555164218 0.8808663487 -0.4427899122 -0.1673664451
316.2 -142.9 2596.9 -0.0810404867 0.0975432023 0.9919263124 -0.5543206334 0.8226816654 -0.1261882335 -0.8283483982 -0.5600715876 -0.0126003083
292.6 -304.2 2355.8 -0.3804302514 0.1186244339 0.9171701670 -0.4413754344 0.8482134938 -0.2927825451 -0.8126872778 -0.5161997080 -0.2703281641
51.9 -480.6 2426.1 0.9105446339 0.3039268553 -0.2802444994 -0.3507884741 0.2092963904 -0.9127663970 -0.2187600434 0.9294210672 0.2971877456
-68.8 -563.7 2056.9 0.9105446339 0.4075769484 -0.0692065731 -0.3507884741 0.6731316447 -0.6510308981 -0.2187600434 0.6170695424 0.7558897138
229.8 -472.6 2386.7 0.9370034337 -0.0047158920 0.3492883146 0.3254671693 0.3749406040 -0.8680384159 -0.1268687993 0.9270368218 0.3528555036
231.7 -621.6 2018.3 0.9370034337 -0.0047158920 0.3492883146 0.3254671693 0.3749406040 -0.8680384159 -0.1268687993 0.9270368218 0.3528555036
68.6 -385.7 2194.5 0 0 0 0 0 0 0 0 0
193.7 -418.9 2144.5 0 0 0 0 0 0 0 0 0
-224.5 -820.9 1821.2 0 0 0 0 0 0 0 0 0
233.5 -764.9 1664.0 0 0 0 0 0 0 0 0 0
195.5 29.5 2722.0 2 0.9887262583 0.0913751274 0.1186212897 -0.0148750497 0.8482321501 -0.5294156671 -0.1489938200 0.5216826797 0.8400285840
177.0 -142.6 2616.1 0.9887262583 0.0913751274 0.1186212897 -0.0148750497 0.8482321501 -0.5294156671 -0.1489938200 0.5216826797 0.8400285840
158.0 -307.5 2506.8 0.9887521267 0.0951180533 0.1154200807 -0.0146421799 0.8295667171 -0.5582155585 -0.1488450319 0.5502468348 0.8216286302
37.9 -140.6 2637.0 0.2563940585 -0.4964498281 -0.8293368816 0.6161453128 0.7450388670 -0.2555034161 0.7447328568 -0.4454824924 0.4969087839
-33.2 -311.5 2430.4 -0.3823846579 -0.4964498281 -0.7793070674 0.2730233669 0.7450388670 -0.6085847020 0.8827458620 -0.4454824924 -0.1493490338
316.0 -144.6 2595.2 -0.0779842362 0.1334946454 0.9879765511 -0.5534902215 0.8184421062 -0.1542760879 -0.8291966319 -0.5588664412 0.0100624040
293.7 -302.6 2358.5 -0.3840596676 0.1489558518 0.9112136364 -0.4420618415 0.8367693424 -0.3231073320 -0.8106043935 -0.5269052982 -0.2555216551
49.5 -474.0 2419.9 0.9052389264 0.3026045561 -0.2982833683 -0.3745228052 0.2366828769 -0.8965008855 -0.2006866783 0.9232614636 0.3275868595
-70.8 -568.0 2053.1 0.9052389264 0.4138619602 -0.0962328836 -0.3745228052 0.6702026129 -0.6407504082 -0.2006866783 0.6160736084 0.7616942525
229.7 -473.7 2383.8 0.9476910830 -0.0050760792 0.3191486299 0.2975845933 0.3756534755 -0.8776832223 -0.1154341027 0.9267463088 0.3575140238
231.7 -623.0 2015.4 0.9476910830 -0.0050760792 0.3191486299 0.2975845933 0.3756534755 -0.8776832223 -0.1154341027 0.9267463088 0.3575140238
66.2 -382.5 2201.0 0 0 0 0 0 0 0 0 0
193.9 -417.6 2147.8 0 0 0 0 0 0 0 0 0
-228.9 -824.1 1817.7 0 0 0 0 0 0 0 0 0
233.6 -766.6 1661.2 0 0 0 0 0 0 0 0 0
193.9 26.0 2718.9 3 0.9947644472 0.0774891749 0.0666263551 -0.0302815922 0.8461848497 -0.5320284367 -0.0976046547 0.5272254348 0.8441011310
178.2 -146.0 2611.8 0.9947644472 0.0774891749 0.0666263551 -0.0302815922 0.8461848497 -0.5320284367 -0.0976046547 0.5272254348 0.8441011310
161.9 -310.5 2501.5 0.9945906401 0.0818439499 0.0639609993 -0.0321078785 0.8278486133 -0.5600319505 -0.0987852514 0.5549488664 0.8259983063
38.5 -141.4 2625.6 0.2468258440 -0.4820490479 -0.8406578898 0.6145954132 0.7485799193 -0.2487982363 0.7492325902 -0.4552546740 0.4810340106
-30.1 -312.1 2417.6 -0.3870263398 -0.4820490479 -0.7860275507 0.2842303813 0.7485799193 -0.5990335345 0.8771679997 -0.4552546740 -0.1527071446
317.9 -150.5 2597.9 -0.0808016509 0.1768665016 0.9809125066 -0.5330318809 0.8239136934 -0.1924662888 -0.8422280550 -0.5384092331 0.0277018975
294.6 -303.9 2355.5 -0.3966065049 0.1780723929 0.9005517960 -0.4382751584 0.8252491951 -0.3562003672 -0.8066090345 -0.5359608531 -0.2492544800
48.4 -471.0 2411.1 0.9082525969 0.3100328445 -0.2809926569 -0.3645373881 0.2566474080 -0.8951226473 -0.2054013908 0.9154298306 0.3461192548
-74.8 -573.0 2047.3 0.9082525969 0.4107864201 -0.0795724243 -0.3645373881 0.6834915876 -0.6324173808 -0.2054013908 0.6034018397 0.7705299854
236.7 -478.1 2382.3 0.9583195448 0.0076152417 0.2855970562 0.2626969218 0.3694867194 -0.8913304210 -0.1123120189 0.9292048216 0.3520858586
233.7 -624.9 2012.9 0.9583195448 0.0076152417 0.2855970562 0.2626969218 0.3694867194 -0.8913304210 -0.1123120189 0.9292048216 0.3520858586
70.5 -386.0 2189.6 0 0 0 0 0 0 0 0 0
191.5 -417.8 2145.8 0 0 0 0 0 0 0 0 0
-231.8 -834.2 1816.7 0 0 0 0 0 0 0 0 0
230.8 -766.2 1657.7 0 0 0 0 0 0 0 0 0
194.3 26.3 2717.8 4 0.9917286038 0.0734502375 0.1052589938 -0.0074404562 0.8515961766 -0.5241455436 -0.1281367689 0.5190269351 0.8450987935
179.4 -146.4 2612.6 0.9917286038 0.0734502375 0.1052589938 -0.0074404562 0.8515961766 -0.5241455436 -0.1281367689 0.5190269351 0.8450987935
163.5 -311.8 2503.4 0.9915111065 0.0800853148 0.1024306267 -0.0098247044 0.8316893578 -0.5551543236 -0.1296501756 0.5494353175 0.8254160881
40.1 -145.0 2630.8 0.2353412956 -0.4177782238 -0.8775396347 0.5863989592 0.7810799479 -0.2145934999 0.7750811577 -0.4640856087 0.4288050532
-28.5 -316.1 2404.7 -0.4084838629 -0.4177782238 -0.8115431666 0.2947803438 0.7810799479 -0.5504713058 0.8638550043 -0.4640856087 -0.1959057599
318.7 -147.8 2594.3 -0.0905712545 0.1401557922 0.9859783053 -0.5475805402 0.8199481368 -0.1668551266 -0.8318367600 -0.5550147891 0.0024828578
292.7 -305.5 2354.8 -0.3786402941 0.1554614007 0.9123942852 -0.4382058680 0.8381907940 -0.3246718347 -0.8152344227 -0.5227503777 -0.2492486984
54.5 -472.2 2400.3 0.9143218398 0.3365067244 -0.2253415883 -0.3216442168 0.2652647495 -0.9089442492 -0.2460906655 0.9035473466 0.3507727981
-79.1 -577.6 2041.3 0.9143218398 0.4045442641 -0.0189619530 -0.3216442168 0.6969127655 -0.6409817338 -0.2460906655 0.5921626091 0.7673218250
238.5 -478.0 2382.3 0.9484587908 0.0085413940 0.3167853355 0.2914048433 0.3693305850 -0.8824273944 -0.1245356798 0.9292588234 0.3478058577
235.1 -624.8 2012.8 0.9484587908 0.0085413940 0.3167853355 0.2914048433 0.3693305850 -0.8824273944 -0.1245356798 0.9292588234 0.3478058577
77.6 -392.7 2180.2 0 0 0 0 0 0 0 0 0
194.3 -419.4 2143.0 0 0 0 0 0 0 0 0 0
-233.8 -843.9 1815.0 0 0 0 0 0 0 0 0 0
231.8 -766.0 1657.6 0 0 0 0 0 0 0 0 0
194.9 28.5 2717.3 5 0.9952085614 0.0529146083 0.0822192207 -0.0037412322 0.8608947992 -0.5087692142 -0.0977034271 0.5060238242 0.8569678664
184.2 -146.6 2614.4 0.9952085614 0.0529146083 0.0822192207 -0.0037412322 0.8608947992 -0.5087692142 -0.0977034271 0.5060238242 0.8569678664
172.3 -314.3 2508.5 0.9949872494 0.0594833419 0.0803875029 -0.0070979232 0.8438382149 -0.5365507603 -0.0997498780 0.5332905650 0.8400304317
44.3 -145.7 2628.4 0.2443922013 -0.4375203252 -0.8653602600 0.5943343043 0.7727292776 -0.2228367925 0.7661848664 -0.4598537087 0.4488823414
-25.0 -314.3 2411.0 -0.3883780837 -0.4375203252 -0.8110107183 0.2988483310 0.7727292776 -0.5599813461 0.8716949821 -0.4598537087 -0.1693588793
324.0 -147.6 2600.3 -0.1024569348 0.1549549401 0.9825943112 -0.5357961655 0.8236600161 -0.1857594997 -0.8381080031 -0.5455026031 -0.0013654203
293.9 -304.8 2354.4 -0.3795444071 0.1637919694 0.9105592966 -0.4396112561 0.8340685964 -0.3332739770 -0.8140565157 -0.5267844200 -0.2445612699
56.8 -476.2 2406.1 0.9188536406 0.3407974541 -0.1989098191 -0.2919619679 0.2480557859 -0.9237025976 -0.2654547691 0.9068216085 0.3274268508
-78.6 -574.8 2045.7 0.9188536406 0.3945611715 0.0054305792 -0.2919619679 0.6890500784 -0.6633009911 -0.2654547691 0.6078910232 0.7483330369
251.6 -482.7 2393.4 0.9500989914 0.0320583396 0.3102968633 0.2791044116 0.3569170833 -0.8914656043 -0.1393291652 0.9335858226 0.3301589489
238.9 -624.5 2022.3 0.9500989914 0.0320583396 0.3102968633 0.2791044116 0.3569170833 -0.8914656043 -0.1393291652 0.9335858226 0.3301589489
75.9 -392.0 2184.5 0 0 0 0 0 0 0 0 0
195.3 -419.1 2142.8 0 0 0 0 0 0 0 0 0
-229.4 -838.1 1813.4 0 0 0 0 0 0 0 0 0
226.6 -760.9 1665.6 0 0 0 0 0 0 0 0 0
194.9 27.6 2715.5 6 0.9957621694 0.0441202335 0.0806914270 0.0030262489 0.8612123728 -0.5082362890 -0.0919159576 0.5063266754 0.8574291468
186.0 -146.7 2613.0 0.9957621694 0.0441202335 0.0806914270 0.0030262489 0.8612123728 -0.5082362890 -0.0919159576 0.5063266754 0.8574291468
176.1 -315.2 2508.1 0.9955915809 0.0498017780 0.0794805139 -0.0000775316 0.8478285074 -0.5302705169 -0.0937942639 0.5279267430 0.8440947533
46.0 -146.7 2626.2 0.2415736020 -0.4618448615 -0.8534292579 0.6003875732 0.7620691657 -0.2424570322 0.7623496652 -0.4538170993 0.4613816738
-21.5 -314.4 2413.3 -0.3728138506 -0.4618448615 -0.8048037887 0.2974694371 0.7620691657 -0.5751196146 0.8789321780 -0.4538170993 -0.1467252076
326.0 -146.7 2599.8 -0.1072128639 0.1520905197 0.9825344086 -0.5378273726 0.8222870827 -0.1859721988 -0.8362099528 -0.5483725667 -0.0063613043
295.1 -301.7 2358.9 -0.3708306551 0.1599728167 0.9148187637 -0.4481395483 0.8319556117 -0.3271403909 -0.8134221435 -0.5312801003 -0.2368244976
69.3 -481.4 2411.7 0.9207260013 0.3618672490 -0.1459991187 -0.2387685925 0.2265358865 -0.9442833662 -0.3086311817 0.9042862058 0.2949800193
-74.5 -571.4 2052.4 0.9207260013 0.3858405054 0.0582302287 -0.2387685925 0.6751120090 -0.6980066895 -0.3086311817 0.6287693977 0.7137197256
257.4 -483.8 2394.6 0.9482371807 0.0429797657 0.3146411180 0.2800661325 0.3538731635 -0.8923770189 -0.1496972144 0.9343053699 0.3235185146
240.4 -624.4 2023.2 0.9482371807 0.0429797657 0.3146411180 0.2800661325 0.3538731635 -0.8923770189 -0.1496972144 0.9343053699 0.3235185146
75.4 -391.7 2184.9 0 0 0 0 0 0 0 0 0
198.7 -418.2 2147.4 0 0 0 0 0 0 0 0 0
-221.9 -829.4 1812.1 0 0 0 0 0 0 0 0 0
223.9 -759.7 1666.1 0 0 0 0 0 0 0 0 0
195.4 26.0 2724.7 7 0.9937300682 0.0510025993 0.0994950905 0.0089050652 0.8509597182 -0.5251554251 -0.1114506125 0.5227487683 0.8451700807
185.1 -145.9 2619.1 0.9937300682 0.0510025993 0.0994950905 0.0089050652 0.8509597182 -0.5251554251 -0.1114506125 0.5227487683 0.8451700807
174.1 -313.0 2512.2 0.9936201572 0.0549127497 0.0985068828 0.0071488786 0.8410295248 -0.5409420133 -0.1125518084 0.5381951332 0.8352712989
45.3 -146.9 2634.9 0.2294809371 -0.4542310536 -0.8608208895 0.5872189403 0.7699399590 -0.2497326434 0.7762167454 -0.4481814802 0.4434196353
-20.3 -314.6 2413.2 -0.3613754511 -0.4542310536 -0.8142983913 0.3005886078 0.7699399590 -0.5628845096 0.8826404810 -0.4481814802 -0.1417007148
324.8 -144.8 2603.3 -0.1022321656 0.1361586004 0.9853981137 -0.5364580750 0.8266520500 -0.1698796302 -0.8377119899 -0.5459918976 -0.0114670554
294.9 -302.0 2357.8 -0.3751024604 0.1459124833 0.9154276252 -0.4442773461 0.8384275436 -0.3156847656 -0.8135820627 -0.5251178741 -0.2496706098
74.9 -483.8 2411.8 0.9163450599 0.3780712187 -0.1318101436 -0.2289559841 0.2247184217 -0.9471434951 -0.3284675181 0.8980889320 0.2924812734
-75.4 -573.1 2054.9 0.9192591906 0.3879270554 0.0668966100 -0.2240819484 0.6553841233 -0.7212897539 -0.3236507773 0.6480619311 0.6893953085
254.3 -479.5 2394.9 0.9442645907 0.0378671288 0.3270022273 0.2925207615 0.3590881824 -0.8862771988 -0.1509834230 0.9325351119 0.3279973567
239.2 -622.3 2024.2 0.9442645907 0.0378671288 0.3270022273 0.2925207615 0.3590881824 -0.8862771988 -0.1509834230 0.9325351119 0.3279973567
73.7 -392.8 2183.8 0 0 0 0 0 0 0 0 0
197.4 -417.5 2146.3 0 0 0 0 0 0 0 0 0
-223.6 -823.5 1807.3 0 0 0 0 0 0 0 0 0
224.8 -759.6 1667.7 0 0 0 0 0 0 0 0 0
195.6 26.5 2720.7 8 0.9926307797 0.0526059903 0.1091640666 0.0118221808 0.8545166254 -0.5192894936 -0.1206002459 0.5167533159 0.8475975394
185.0 -146.1 2616.4 0.9926307797 0.0526059903 0.1091640666 0.0118221808 0.8545166254 -0.5192894936 -0.1206002459 0.5167533159 0.8475975394
173.8 -313.9 2510.4 0.9925516844 0.0562035255 0.1080846861 0.0105879754 0.8440631628 -0.5361391902 -0.1213632151 0.5332902670 0.8371812701
45.4 -147.6 2633.4 0.2382183075 -0.4704634547 -0.8496565223 0.5938761234 0.7627891898 -0.2558589876 0.7684810758 -0.4436404407 0.4611073434
-20.6 -312.2 2420.5 -0.3475631773 -0.4704634547 -0.8110881448 0.3019317687 0.7627891898 -0.5718302727 0.8877145052 -0.4436404407 -0.1230695546
324.7 -144.6 2599.3 -0.1006246656 0.1280021369 0.9866560102 -0.5419491529 0.8246006966 -0.1622491479 -0.8343655467 -0.5510436296 -0.0136045301
295.7 -300.8 2358.8 -0.3742503822 0.1411086172 0.9165287614 -0.4438212216 0.8405511975 -0.3106386662 -0.8142231703 -0.5230315924 -0.2519496083
72.1 -480.9 2415.5 0.9215344787 0.3669050038 -0.1271018982 -0.2225454599 0.2308285236 -0.9472020268 -0.3181944191 0.9011653066 0.2943694890
-73.8 -572.6 2057.3 0.9179008603 0.3917871714 0.0629348531 -0.2286685258 0.6518804431 -0.7230232358 -0.3242972195 0.6492724419 0.6879510283
253.7 -480.7 2393.2 0.9420751929 0.0372044966 0.3333318830 0.2989589274 0.3573808968 -0.8848177791 -0.1520456374 0.9332174063 0.3255570531
238.9 -622.8 2022.2 0.9420751929 0.0372044966 0.3333318830 0.2989589274 0.3573808968 -0.8848177791 -0.1520456374 0.9332174063 0.3255570531
69.7 -390.6 2189.8 0 0 0 0 0 0 0 0 0
198.4 -416.2 2147.1 0 0 0 0 0 0 0 0 0
-223.5 -821.8 1809.2 0 0 0 0 0 0 0 0 0
224.7 -759.4 1665.4 0 0 0 0 0 0 0 0 0
195.7 29.6 2727.8 9 0.9899536371 0.0665097535 0.1247726530 0.0084771728 0.8529511690 -0.5219218731 -0.1411378831 0.5177361965 0.8438183069
182.2 -143.0 2622.9 0.9899536371 0.0665097535 0.1247726530 0.0084771728 0.8529511690 -0.5219218731 -0.1411378831 0.5177361965 0.8438183069
168.0 -310.6 2516.9 0.9897586703 0.0716733634 0.1234532297 0.0060843350 0.8428500295 -0.5381140709 -0.1426210105 0.5333542228 0.8337820768
43.0 -143.9 2643.0 0.2306188792 -0.4421120286 -0.8668055534 0.5824889541 0.7762976885 -0.2409740090 0.7794366479 -0.4493315220 0.4365542829
-24.1 -313.2 2416.5 -0.3605448306 -0.4421120286 -0.8213065267 0.3048910499 0.7762976885 -0.5517275929 0.8815037608 -0.4493315220 -0.1450941116
321.5 -142.2 2602.9 -0.0930459127 0.1207536384 0.9883121848 -0.5393434763 0.8282585144 -0.1519751996 -0.8369295597 -0.5471804142 -0.0119383810
294.0 -301.5 2355.7 -0.3747576773 0.1318928748 0.9176932573 -0.4464612603 0.8418284655 -0.3033104539 -0.8125447631 -0.5233824253 -0.2565966249
71.6 -482.7 2415.5 0.9216019511 0.3677347898 -0.1241810769 -0.2213493288 0.2351375818 -0.9464221001 -0.3188326955 0.8997118473 0.2981010973
-74.6 -576.2 2057.8 0.9169693589 0.3951266408 0.0551556982 -0.2289062887 0.6342985034 -0.7384221554 -0.3267554343 0.6644849777 0.6720792651
244.5 -477.6 2397.9 0.9413883090 0.0210653841 0.3366664052 0.3070127964 0.3599868417 -0.8809952736 -0.1397539824 0.9327195287 0.3324200511
236.1 -620.7 2027.1 0.9413883090 0.0210653841 0.3366664052 0.3070127964 0.3599868417 -0.8809952736 -0.1397539824 0.9327195287 0.3324200511
69.7 -392.5 2187.3 0 0 0 0 0 0 0 0 0
196.6 -417.6 2144.4 0 0 0 0 0 0 0 0 0
-225.6 -818.6 1803.9 0 0 0 0 0 0 0 0 0
228.1 -758.3 1670.5 0 0 0 0 0 0 0 0 0
193.6 27.8 2721.3 0 0.9844312072 0.0674386248 0.1623182595 0.0246624257 0.8613373637 -0.5074344277 -0.1740314662 0.5035374165 0.8462641835
180.0 -146.1 2619.6 0.9844312072 0.0674386248 0.1623182595 0.0246624257 0.8613373637 -0.5074344277 -0.1740314662 0.5035374165 0.8462641835
165.2 -315.0 2515.9 0.9841590524 0.0748712718 0.1607024223 0.0213900637 0.8496817350 -0.5268618464 -0.1759927422 0.5219532847 0.8346204758
41.6 -149.1 2644.4 0.2460741699 -0.4329766929 -0.8671670556 0.5798146725 0.7826987505 -0.2262688726 0.7766997218 -0.4471172392 0.4436481893
-27.2 -311.3 2427.1 -0.3562284112 -0.4329766929 -0.8280292749 0.3070698380 0.7826987505 -0.5413786173 0.8825017810 -0.4471172392 -0.1458654553
318.4 -143.1 2594.9 -0.0822627768 0.0877250358 0.9927422404 -0.5552147031 0.8231860399 -0.1187493801 -0.8276288509 -0.5609537363 -0.0190113429
295.0 -301.1 2359.3 -0.3743109107 0.1107341424 0.9206678271 -0.4417121708 0.8516775370 -0.2820207775 -0.8153414726 -0.5122336745 -0.2698795795
62.9 -478.7 2424.0 0.9348646402 0.3373490870 -0.1105609313 -0.1954222918 0.2290277034 -0.9536018372 -0.2963751853 0.9130946994 0.2800354362
-71.1 -569.7 2061.2 0.9139570594 0.4009247720 0.0627838671 -0.2315461338 0.6422600150 -0.7306767106 -0.3332699835 0.6532697678 0.6798306704
240.6 -482.0 2396.0 0.9317767620 0.0142775439 0.3627509475 0.3345287144 0.3543428481 -0.8732305765 -0.1410057843 0.9350065589 0.3253921568
234.9 -622.9 2024.3 0.9317767620 0.0142775439 0.3627509475 0.3345287144 0.3543428481 -0.8732305765 -0.1410057843 0.9350065589 0.3253921568
65.4 -391.1 2197.7 0 0 0 0 0 0 0 0 0
197.7 -416.0 2147.4 0 0 0 0 0 0 0 0 0
-224.3 -815.2 1811.5 0 0 0 0 0 0 0 0 0
229.4 -758.3 1666.9 0 0 0 0 0 0 0 0 0
193.6 27.2 2708.0 1 0.9835757017 0.0724436417 0.1653202474 0.0167549606 0.8753213286 -0.4832513928 -0.1797168255 0.4780842364 0.8597309589
178.9 -150.0 2611.3 0.9835757017 0.0724436417 0.1653202474 0.0167549606 0.8753213286 -0.4832513928 -0.1797168255 0.4780842364 0.8597309589
163.2 -321.3 2511.7 0.9834076166 0.0791376233 0.1632383317 0.0148285814 0.8617540598 -0.5071095228 -0.1808027327 0.5011159182 0.8462820053
40.5 -152.1 2636.7 0.2499460280 -0.4437532127 -0.8605870605 0.5860239267 0.7768548131 -0.2303746939 0.7707807422 -0.4467433691 0.4542217851
-27.8 -312.2 2426.0 -0.3689920008 -0.4437532127 -0.8166565895 0.2959004343 0.7768548131 -0.5558232665 0.8810719848 -0.4467433691 -0.1553464383
317.2 -147.9 2585.8 -0.0903105661 0.0890483111 0.9919245839 -0.5560055375 0.8218166828 -0.1243991405 -0.8262577057 -0.5627501607 -0.0247073751
