109.0 -8.8 2955.5 5 0.9905319810 0.0394364633 0.1314957738 0.0169812888 0.9152973890 -0.4024205804 -0.1362277716 0.4008434117 0.9059616923
101.2 -191.5 2875.5 0.9905319810 0.0394364633 0.1314957738 0.0169812888 0.9152973890 -0.4024205804 -0.1362277716 0.4008434117 0.9059616923
93.3 -367.7 2794.3 0.9905772209 0.0408206210 0.1307303607 0.0180086885 0.9074361920 -0.4198037982 -0.1357661188 0.4182023704 0.8981505036
-34.2 -194.0 2894.1 -0.2452800125 -0.4273370802 -0.8701843023 0.5656239390 0.6659079790 -0.4864526093 0.7873418927 -0.6115141511 0.0783781707
35.4 -354.4 2670.7 -0.2056681067 -0.4337064624 -0.8772681355 0.5599626899 0.6830251813 -0.4689545631 0.8025848269 -0.5876864195 0.1023829356
236.5 -189.1 2857.0 0.5448927283 0.6694014668 0.5049689412 -0.8007841706 0.2368354499 0.5501396656 0.2486697733 -0.7041382194 0.6650959849
371.0 -386.8 2918.4 -0.2897532582 0.6694014668 0.6840648651 -0.7895234227 0.2368354499 -0.5661817193 -0.5410136580 -0.7041382194 0.4598842859
-3.2 -549.0 2730.5 0.9869073629 0.1398867220 -0.0802845359 -0.0656680912 -0.1061456800 -0.9921798110 -0.1473146379 0.9844616652 -0.0955698565
-74.6 -494.8 2228.0 0.9869073629 0.0852667689 0.1369068325 -0.0656680912 0.9877171516 -0.1417834759 -0.1473146379 0.1309367418 0.9803845882
174.2 -545.0 2705.8 0.9604295492 -0.1939728558 0.1998740584 0.1592689008 -0.2062289417 -0.9654548168 0.2284918427 0.9590850472 -0.1671745330
262.4 -451.2 2269.8 0.9604295492 -0.2091556340 -0.1839266866 0.1592689008 0.9541664720 -0.2533766925 0.2284918427 0.2140566558 0.9497216344
87.6 -496.5 2467.1 0 0 0 0 0 0 0 0 0
297.5 -587.2 2781.0 0 0 0 0 0 0 0 0 0
-106.5 -863.5 2179.1 0 0 0 0 0 0 0 0 0
340.4 -807.4 2189.9 0 0 0 0 0 0 0 0 0
108.5 -9.0 2954.8 6 0.9899768233 0.0355969593 0.1366702765 0.0222664345 0.9162713885 -0.3999387026 -0.1394636631 0.3989731967 0.9062948227
101.4 -192.0 2875.1 0.9899768233 0.0355969593 0.1366702765 0.0222664345 0.9162713885 -0.3999387026 -0.1394636631 0.3989731967 0.9062948227
94.3 -368.2 2794.0 0.9900416136 0.0365905948 0.1359363496 0.0239044018 0.9079092145 -0.4184847474 -0.1387304664 0.4175667763 0.8979932070
-33.9 -195.2 2894.0 -0.2411433458 -0.4350463152 -0.8675163388 0.5605129600 0.6672989726 -0.4904460013 0.7922595143 -0.6045219302 0.0829343945
36.0 -357.8 2664.3 -0.2011916935 -0.4363853335 -0.8769776225 0.5764202476 0.6711226702 -0.4661909938 0.7919985056 -0.5993013978 0.1165170297
236.6 -188.7 2856.1 0.5504511595 0.6658676863 0.5036106706 -0.7973353863 0.2404554486 0.5535678864 0.2475070506 -0.7062587142 0.6632788777
372.5 -385.6 2917.2 -0.2866012752 0.6658676863 0.6888250709 -0.7915640473 0.2404554486 -0.5617896318 -0.5397092700 -0.7062587142 0.4581620693
-3.4 -545.4 2725.3 0.9866801500 0.1444878280 -0.0747365952 -0.0609259717 -0.0977568552 -0.9933436513 -0.1508320868 0.9846658707 -0.0876516849
-75.6 -496.6 2233.5 0.9866801500 0.0826231763 0.1401274502 -0.0609259717 0.9864059687 -0.1526149809 -0.1508320868 0.1420447677 0.9783010483
174.1 -542.2 2701.0 0.9594795704 -0.1935173124 0.2048170865 0.1647453457 -0.2044351697 -0.9649172425 0.2286000103 0.9595609903 -0.1642702818
260.2 -451.3 2274.1 0.9594795704 -0.2182563841 -0.1782221645 0.1647453457 0.9476358294 -0.2735786736 0.2286000103 0.2331318706 0.9451939464
87.1 -504.0 2463.3 0 0 0 0 0 0 0 0 0
299.8 -586.5 2780.2 0 0 0 0 0 0 0 0 0
-106.4 -864.8 2180.5 0 0 0 0 0 0 0 0 0
341.6 -804.9 2187.1 0 0 0 0 0 0 0 0 0
108.8 -8.4 2955.4 7 0.9911558628 0.0349735245 0.1280114353 0.0195936151 0.9155048728 -0.4018294215 -0.1312484741 0.4007837772 0.9067227840
101.8 -191.2 2875.3 0.9911558628 0.0349735245 0.1280114353 0.0195936151 0.9155048728 -0.4018294215 -0.1312484741 0.4007837772 0.9067227840
94.6 -367.4 2794.0 0.9911833405 0.0367539190 0.1272979975 0.0202915408 0.9073157907 -0.4199598432 -0.1309346557 0.4188402593 0.8985704780
-33.6 -194.0 2893.2 -0.2385212183 -0.4280259311 -0.8717232347 0.5633001328 0.6702202559 -0.4832160473 0.7910755873 -0.6062991023 0.0812453181
36.4 -359.4 2660.9 -0.2029507160 -0.4257024825 -0.8818097115 0.5927457213 0.6633954048 -0.4566826820 0.7793994546 -0.6153730154 0.1176967621
237.2 -188.5 2857.4 0.5454580188 0.6722966433 0.5004925728 -0.7996925116 0.2386769652 0.5509312153 0.2509331405 -0.7007499933 0.6678188443
371.9 -385.9 2919.4 -0.2853513658 0.6722966433 0.6830753088 -0.7898967266 0.2386769652 -0.5648862123 -0.5428054333 -0.7007499933 0.4629381001
-1.5 -546.6 2725.4 0.9862456322 0.1514589339 -0.0661797523 -0.0517334491 -0.0974130034 -0.9938985705 -0.1569815874 0.9836518168 -0.0882376581
-77.7 -497.6 2231.0 0.9862456322 0.0711197481 0.1492030472 -0.0517334491 0.9901618958 -0.1300119013 -0.1569815874 0.1205048785 0.9802221060
175.9 -542.3 2700.5 0.9611747861 -0.1924542636 0.1977483481 0.1584679931 -0.2016948164 -0.9665439129 0.2259003073 0.9603543878 -0.1633661240
261.8 -452.3 2271.7 0.9611747861 -0.2115372270 -0.1771865040 0.1584679931 0.9488307238 -0.2731449008 0.2259003073 0.2344616055 0.9455140233
87.9 -509.8 2463.1 0 0 0 0 0 0 0 0 0
299.4 -586.4 2781.6 0 0 0 0 0 0 0 0 0
-104.2 -867.1 2186.0 0 0 0 0 0 0 0 0 0
340.8 -806.4 2184.2 0 0 0 0 0 0 0 0 0
109.3 -8.4 2954.7 8 0.9938683510 0.0359214209 0.1045721993 0.0088629974 0.9168320894 -0.3991746008 -0.1102140695 0.3976538181 0.9108920097
102.1 -192.1 2875.0 0.9938683510 0.0359214209 0.1045721993 0.0088629974 0.9168320894 -0.3991746008 -0.1102140695 0.3976538181 0.9108920097
95.3 -368.6 2794.4 0.9939775467 0.0348087177 0.1039086133 0.0116817961 0.9091495275 -0.4163059592 -0.1089595407 0.4150125980 0.9032676220
-33.7 -193.7 2889.9 -0.2379769981 -0.4107632339 -0.8801366687 0.5701209307 0.6745574474 -0.4689715803 0.7863390446 -0.6133887768 0.0736555532
34.1 -356.0 2666.0 -0.2190199643 -0.4083068073 -0.8861804605 0.5900557637 0.6679118872 -0.4535723627 0.7770871520 -0.6222372651 0.0946377292
237.9 -190.5 2860.1 0.5331706405 0.6895966530 0.4900872707 -0.8027919531 0.2296167165 0.5502737761 0.2669347227 -0.6868279576 0.6760275364
369.5 -388.7 2926.0 -0.2796263695 0.6895966530 0.6680310965 -0.7904289365 0.2296167165 -0.5678892732 -0.5450056791 -0.6868279576 0.4808702469
-1.3 -545.3 2724.4 0.9860997796 0.1566527933 -0.0553820990 -0.0406901799 -0.0954874977 -0.9945986271 -0.1610949486 0.9830269814 -0.0877859667
-80.0 -497.3 2230.5 0.9860997796 0.0587064140 0.1554375440 -0.0406901799 0.9923389554 -0.1166519001 -0.1610949486 0.1087056249 0.9809340239
176.3 -541.7 2701.0 0.9608300924 -0.1915776283 0.2002586722 0.1620014459 -0.1980268508 -0.9667165279 0.2248578519 0.9612925649 -0.1592343003
262.5 -452.6 2268.6 0.9608300924 -0.2106481791 -0.1800912768 0.1620014459 0.9541444182 -0.2517219782 0.2248578519 0.2126870006 0.9508959651
89.7 -505.7 2468.8 0 0 0 0 0 0 0 0 0
298.5 -589.3 2787.6 0 0 0 0 0 0 0 0 0
-101.9 -867.7 2190.0 0 0 0 0 0 0 0 0 0
341.1 -808.7 2189.2 0 0 0 0 0 0 0 0 0
108.9 -8.5 2954.3 9 0.9946650863 0.0189802367 0.1013955995 0.0225332901 0.9192138314 -0.3931134641 -0.1006656215 0.3933010101 0.9138822556
105.1 -192.0 2875.8 0.9946650863 0.0189802367 0.1013955995 0.0225332901 0.9192138314 -0.3931134641 -0.1006656215 0.3933010101 0.9138822556
101.7 -369.1 2796.4 0.9947248101 0.0174391344 0.1010860652 0.0255364887 0.9123203754 -0.4086800516 -0.0993499011 0.4091055691 0.9070624113
-30.8 -195.5 2889.4 -0.2237599790 -0.4199486375 -0.8795309067 0.5678066015 0.6772899628 -0.4678395987 0.7921661139 -0.6040872335 0.0868992284
32.9 -357.0 2664.1 -0.2267262787 -0.4121263325 -0.8824664950 0.5978448391 0.6563900709 -0.4601452649 0.7688801885 -0.6319050193 0.0975667238
240.9 -188.5 2862.2 0.5421828032 0.6929380894 0.4752626717 -0.7930470705 0.2350714058 0.5619766712 0.2776944041 -0.6815997362 0.6769841909
374.8 -384.3 2930.8 -0.2626930773 0.6929380894 0.6714380980 -0.7980620265 0.2350714058 -0.5548319221 -0.5423001051 -0.6815997362 0.4912559390
-0.4 -546.1 2723.6 0.9860254526 0.1610171795 -0.0427465141 -0.0276204497 -0.0950345397 -0.9950907230 -0.1642891020 0.9823654890 -0.0892591029
-81.2 -498.5 2231.2 0.9860254526 0.0487172119 0.1593123674 -0.0276204497 0.9908580184 -0.1320510954 -0.1642891020 0.1258054674 0.9783568382
177.6 -544.0 2704.1 0.9631789923 -0.1884251833 0.1917868108 0.1518186778 -0.2075548619 -0.9663705826 0.2218948454 0.9599046707 -0.1713060290
263.8 -449.1 2264.9 0.9631789923 -0.1978659034 -0.1820310950 0.1518186778 0.9590402246 -0.2391503751 0.2218948454 0.2027088851 0.9537671804
90.4 -508.7 2468.9 0 0 0 0 0 0 0 0 0
308.1 -586.8 2793.1 0 0 0 0 0 0 0 0 0
-99.3 -868.3 2184.2 0 0 0 0 0 0 0 0 0
337.7 -807.0 2189.2 0 0 0 0 0 0 0 0 0
109.1 -8.4 2954.6 0 0.9945507050 0.0042625894 0.1041668132 0.0366660692 0.9210287929 -0.3877648711 -0.0975935087 0.3894712329 0.9158535004
108.3 -191.8 2877.1 0.9945507050 0.0042625894 0.1041668132 0.0366660692 0.9210287929 -0.3877648711 -0.0975935087 0.3894712329 0.9158535004
107.8 -369.4 2798.9 0.9945618510 0.0024555840 0.1041188017 0.0397082865 0.9152666330 -0.4008868635 -0.0962808728 0.4028411508 0.9101917148
-27.6 -197.2 2890.3 -0.2164868563 -0.4304440022 -0.8762713075 0.5699188709 0.6730284691 -0.4714076519 0.7926701307 -0.6014571190 0.0996163264
32.9 -356.4 2668.8 -0.2295255363 -0.4221818745 -0.8769723177 0.5961422920 0.6512600183 -0.4695473909 0.7693713903 -0.6305734515 0.1021996737
244.1 -186.4 2863.9 0.5530428290 0.6916536689 0.4644985199 -0.7829071283 0.2407444715 0.5736711025 0.2849562764 -0.6809238791 0.6746425629
380.6 -379.6 2934.3 -0.2489263266 0.6916536689 0.6779755950 -0.8055757880 0.2407444715 -0.5413776040 -0.5376646519 -0.6809238791 0.4972518086
9.2 -548.4 2725.9 0.9828831553 0.1781111807 -0.0470859781 -0.0296172928 -0.0994953811 -0.9945971370 -0.1818337142 0.9789673686 -0.0925171599
-81.1 -498.0 2229.8 0.9828831553 0.0508321710 0.1770784408 -0.0296172928 0.9922773838 -0.1204510033 -0.1818337142 0.1131446809 0.9767982364
187.4 -543.8 2708.1 0.9664736986 -0.1678446084 0.1943111420 0.1591238081 -0.2023997009 -0.9662887454 0.2015148848 0.9648121595 -0.1689059138
263.8 -451.7 2268.7 0.9664736986 -0.2020076513 -0.1584977657 0.1591238081 0.9556729198 -0.2477275431 0.2015148848 0.2142013758 0.9557769299
91.1 -507.8 2473.5 0 0 0 0 0 0 0 0 0
317.5 -584.1 2797.8 0 0 0 0 0 0 0 0 0
-100.0 -868.3 2187.6 0 0 0 0 0 0 0 0 0
339.2 -808.3 2188.7 0 0 0 0 0 0 0 0 0
108.4 -8.6 2955.3 1 0.9959220886 -0.0048084226 0.0900889635 0.0394110121 0.9214459658 -0.3865023255 -0.0811536461 0.3884767294 0.9178779721
109.4 -191.7 2878.1 0.9959220886 -0.0048084226 0.0900889635 0.0394110121 0.9214459658 -0.3865023255 -0.0811536461 0.3884767294 0.9178779721
111.3 -369.3 2799.8 0.9958737493 -0.0099363159 0.0902036875 0.0454324745 0.9150421619 -0.4007913768 -0.0785577893 0.4032357931 0.9117178917
-26.6 -197.9 2888.8 -0.2158704996 -0.4243746698 -0.8793781996 0.5744315982 0.6730765700 -0.4658285677 0.7895747423 -0.6057012677 0.0984768346
33.0 -356.6 2670.8 -0.2501395047 -0.4171870947 -0.8737191558 0.5822149515 0.6562104821 -0.4800141156 0.7735993862 -0.6287628412 0.0787483975
245.4 -185.5 2867.3 0.5523118973 0.7022665143 0.4491918385 -0.7799268961 0.2450137138 0.5759186745 0.2943902612 -0.6684235334 0.6830404997
381.8 -378.1 2940.0 -0.2347114235 0.7022665143 0.6721103191 -0.8067308664 0.2450137138 -0.5377299786 -0.5423060060 -0.6684235334 0.5090326071
18.2 -550.6 2729.4 0.9797646403 0.1941206604 -0.0487685427 -0.0286694914 -0.1050340235 -0.9940552711 -0.1980890185 0.9753383994 -0.0973432884
-80.3 -497.3 2234.6 0.9797646403 0.0559506193 0.1921736896 -0.0286694914 0.9894639850 -0.1419120878 -0.1980890185 0.1335309297 0.9710459709
196.4 -543.5 2712.1 0.9691549540 -0.1451350898 0.1991845071 0.1676117778 -0.2043588907 -0.9644395709 0.1806791574 0.9680770636 -0.1737290919
262.8 -450.0 2269.0 0.9691549540 -0.2055780739 -0.1359276175 0.1676117778 0.9541493654 -0.2480026186 0.1806791574 0.2175698876 0.9591758847
96.4 -504.3 2474.5 0 0 0 0 0 0 0 0 0
322.2 -582.8 2802.4 0 0 0 0 0 0 0 0 0
-101.1 -866.6 2184.7 0 0 0 0 0 0 0 0 0
339.6 -806.1 2187.8 0 0 0 0 0 0 0 0 0
107.9 -9.8 2955.1 2 0.9989184141 -0.0205700081 0.0417002700 0.0349612571 0.9235316515 -0.3819253743 -0.0306553096 0.3829701841 0.9232519269
112.0 -193.0 2879.1 0.9989184141 -0.0205700081 0.0417002700 0.0349612571 0.9235316515 -0.3819253743 -0.0306553096 0.3829701841 0.9232519269
117.3 -371.1 2802.1 0.9987404346 -0.0273374245 0.0420739092 0.0417990163 0.9171771407 -0.3962814212 -0.0277559124 0.3975409269 0.9171645641
-24.3 -198.8 2882.9 -0.2111971676 -0.3960996270 -0.8935887218 0.5798327327 0.6852098703 -0.4407736957 0.7868861556 -0.6112221479 0.0849571303
33.3 -356.9 2668.4 -0.2774285376 -0.3901328743 -0.8779690862 0.5647882223 0.6730338931 -0.4775350392 0.7772050500 -0.6283484101 0.0336236358
248.3 -187.3 2875.4 0.5334129333 0.7363880277 0.4161770344 -0.7805359960 0.2389288992 0.5776473880 0.3259359002 -0.6329657435 0.7022251487
379.9 -379.9 2955.8 -0.2094175518 0.7363880277 0.6433327198 -0.8091223240 0.2389288992 -0.5368742943 -0.5490586162 -0.6329657435 0.5457921028
24.0 -551.0 2728.6 0.9776338339 0.2036474794 -0.0525341220 -0.0314063467 -0.1056250706 -0.9939099550 -0.2079561800 0.9733299017 -0.0968668163
-79.5 -497.3 2233.7 0.9776338339 0.0594662279 0.2017322481 -0.0314063467 0.9897174835 -0.1395456493 -0.2079561800 0.1300888807 0.9694488645
202.4 -542.9 2714.5 0.9709898233 -0.1277707368 0.2021221668 0.1736444384 -0.2043630332 -0.9633708596 0.1643968970 0.9705206752 -0.1762477607
261.4 -448.6 2266.8 0.9709898233 -0.2060634643 -0.1213119030 0.1736444384 0.9564228058 -0.2347404212 0.1643968970 0.2068654299 0.9644585848
103.7 -500.1 2471.2 0 0 0 0 0 0 0 0 0
326.7 -585.2 2816.5 0 0 0 0 0 0 0 0 0
-101.7 -866.7 2185.1 0 0 0 0 0 0 0 0 0
338.3 -805.6 2189.6 0 0 0 0 0 0 0 0 0
108.3 -10.0 2955.6 3 0.9991818666 -0.0239981655 0.0325533859 0.0346396305 0.9232698083 -0.3825871944 -0.0208741669 0.3834018409 0.9233456850
113.1 -193.0 2879.5 0.9991818666 -0.0239981655 0.0325533859 0.0346396305 0.9232698083 -0.3825871944 -0.0208741669 0.3834018409 0.9233456850
118.7 -371.3 2803.0 0.9990426898 -0.0288650785 0.0328715928 0.0394882075 0.9184019566 -0.3936730623 -0.0188259333 0.3945942223 0.9186626077
-23.3 -198.4 2882.1 -0.2091806233 -0.3910682499 -0.8962751031 0.5779179931 0.6899222136 -0.4359107018 0.7888309360 -0.6091575623 0.0816870034
34.7 -358.7 2663.3 -0.2921925783 -0.3822429776 -0.8766492009 0.5621705055 0.6729128957 -0.4807832837 0.7736845613 -0.6333076358 0.0182655491
249.5 -187.6 2877.0 0.5289036632 0.7425985932 0.4108627737 -0.7805533409 0.2355929911 0.5789926052 0.3331627250 -0.6269316077 0.7042438388
380.0 -380.3 2959.2 -0.2063164115 0.7425985932 0.6371662617 -0.8100916147 0.2355929911 -0.5368868709 -0.5488033295 -0.6269316077 0.5529661775
33.2 -552.8 2727.5 0.9736691117 0.2229216695 -0.0476900302 -0.0235532429 -0.1097058207 -0.9936850071 -0.2267457992 0.9686436653 -0.1015666425
-79.8 -497.2 2236.6 0.9736691117 0.0573374815 0.2206373066 -0.0235532429 0.9879752994 -0.1528071165 -0.2267457992 0.1435868442 0.9633115530
209.0 -544.8 2720.8 0.9757017493 -0.0876126885 0.2008234859 0.1793371886 -0.2072237134 -0.9617154002 0.1258738637 0.9743625522 -0.1864763349
250.1 -447.5 2263.5 0.9757017493 -0.2024177164 -0.0838637277 0.1793371886 0.9576963186 -0.2250686139 0.1258738637 0.2045599669 0.9707270265
108.9 -501.4 2467.0 0 0 0 0 0 0 0 0 0
327.7 -585.9 2819.9 0 0 0 0 0 0 0 0 0
-101.2 -866.0 2183.0 0 0 0 0 0 0 0 0 0
325.7 -805.0 2187.1 0 0 0 0 0 0 0 0 0
107.9 -8.6 2954.8 4 0.9993384480 -0.0276022926 0.0236807074 0.0345441662 0.9240503907 -0.3807066977 -0.0113737890 0.3812728524 0.9243925810
113.4 -192.1 2879.0 0.9993384480 -0.0276022926 0.0236807074 0.0345441662 0.9240503907 -0.3807066977 -0.0113737890 0.3812728524 0.9243925810
119.3 -370.7 2803.2 0.9992437959 -0.0306024943 0.0239862613 0.0375430882 0.9198851585 -0.3903867006 -0.0101177990 0.3909920156 0.9203384519
-23.1 -197.3 2880.4 -0.2089641541 -0.3839227557 -0.8994094133 0.5858275890 0.6872789264 -0.4294807315 0.7830325961 -0.6166449189 0.0812958777
34.6 -359.0 2664.2 -0.3117774725 -0.3813081086 -0.8702867031 0.5397189260 0.6827535629 -0.4924947917 0.7819835544 -0.6232589483 -0.0070679607
249.9 -187.0 2877.7 0.5245568752 0.7485506535 0.4056007564 -0.7802219391 0.2319980115 0.5808877945 0.3407253623 -0.6211673021 0.7057318091
379.3 -379.6 2961.8 -0.2030275464 0.7485506535 0.6312302947 -0.8116084337 0.2319980115 -0.5361610651 -0.5477879047 -0.6211673021 0.5604280233
34.8 -553.1 2728.1 0.9730597138 0.2257090360 -0.0470134169 -0.0226707272 -0.1092550680 -0.9937551618 -0.2294359803 0.9680489302 -0.1011947095
-79.5 -497.8 2237.9 0.9730597138 0.0596622825 0.2226998955 -0.0226707272 0.9860160351 -0.1651010960 -0.2294359803 0.1556044519 0.9608050585
212.2 -545.8 2723.9 0.9744408727 -0.0935251191 0.2042500675 0.1815083623 -0.2079315931 -0.9611551166 0.1323621869 0.9736618996 -0.1856414527
256.1 -448.2 2267.3 0.9744408727 -0.2063272297 -0.0888488144 0.1815083623 0.9561699033 -0.2297691554 0.1323621869 0.2077696472 0.9691811204
113.7 -495.9 2465.8 0 0 0 0 0 0 0 0 0
327.8 -585.6 2822.7 0 0 0 0 0 0 0 0 0
-101.7 -865.8 2179.9 0 0 0 0 0 0 0 0 0
333.1 -805.2 2189.8 0 0 0 0 0 0 0 0 0
108.2 -9.3 2955.4 5 0.9979376793 -0.0294567812 0.0570327975 0.0497653298 0.9162288308 -0.3975527585 -0.0405444689 0.3995711207 0.9158051610
114.1 -192.4 2875.5 0.9979376793 -0.0294567812 0.0570327975 0.0497653298 0.9162288308 -0.3975527585 -0.0405444689 0.3995711207 0.9158051610
120.3 -369.1 2795.6 0.9978138804 -0.0326764137 0.0574436150 0.0534054600 0.9106862545 -0.4096320868 -0.0389278010 0.4118043780 0.9104404449
-22.1 -199.7 2880.8 -0.2065467238 -0.4077019989 -0.8894478679 0.5808348656 0.6804519296 -0.4467840791 0.7873812914 -0.6089041233 0.0962624252
34.7 -359.7 2664.0 -0.3234250247 -0.3985457718 -0.8582292795 0.5424089432 0.6650948524 -0.5132653713 0.7753636241 -0.6315141320 0.0010664773
250.3 -185.0 2870.2 0.5461933613 0.7259169817 0.4179921150 -0.7790588140 0.2568608522 0.5719177127 0.3077989519 -0.6380180717 0.7058277130
385.1 -377.2 2946.2 -0.2074268907 0.7259169817 0.6557580829 -0.8026913404 0.2568608522 -0.5382463932 -0.5591607690 -0.6380180717 0.5294073820
35.8 -552.6 2728.2 0.9725407362 0.2291594744 -0.0406250358 -0.0159945376 -0.1083323285 -0.9939860702 -0.2321823239 0.9673417211 -0.1016923040
-80.9 -497.5 2235.7 0.9725407362 0.0506591648 0.2271521688 -0.0159945376 0.9882631898 -0.1519212723 -0.2321823239 0.1441164315 0.9619364738
214.0 -545.7 2726.0 0.9734206200 -0.0934274495 0.2091020346 0.1864670813 -0.2068022043 -0.9604493380 0.1329750866 0.9739117622 -0.1838843822
257.7 -448.9 2270.0 0.9734206200 -0.2116764784 -0.0874380916 0.1864670813 0.9541741610 -0.2340549380 0.1329750866 0.2115295678 0.9682834744
116.8 -497.3 2467.2 0 0 0 0 0 0 0 0 0
332.4 -581.0 2804.2 0 0 0 0 0 0 0 0 0
-99.8 -866.3 2181.9 0 0 0 0 0 0 0 0 0
336.8 -805.1 2191.1 0 0 0 0 0 0 0 0 0
108.3 -9.3 2954.7 6 0.9980741739 -0.0264152847 0.0561265871 0.0466233864 0.9162628055 -0.3978551626 -0.0409172475 0.3997057676 0.9157298207
113.6 -191.9 2875.0 0.9980741739 -0.0264152847 0.0561265871 0.0466233864 0.9162628055 -0.3978551626 -0.0409172475 0.3997057676 0.9157298207
119.7 -368.4 2794.3 0.9978948832 -0.0316127352 0.0566255748 0.0522628985 0.9089799523 -0.4135505259 -0.0383980498 0.4156393707 0.9087185860
-22.7 -199.1 2880.2 -0.2091453224 -0.4051302373 -0.8900155425 0.5825738311 0.6793806553 -0.4461497664 0.7854081392 -0.6118099093 0.0939290076
35.0 -359.8 2663.5 -0.3234738111 -0.3957616687 -0.8594983220 0.5462895632 0.6635566950 -0.5111361742 0.7726140022 -0.6348741651 0.0015572513
249.8 -184.8 2869.8 0.5451577902 0.7264851928 0.4183565676 -0.7809934616 0.2587234080 0.5684288740 0.3047165275 -0.6366171837 0.7084252834
384.4 -377.5 2945.0 -0.2081774026 0.7264851928 0.6548904181 -0.8000218272 0.2587234080 -0.5413199067 -0.5626963973 -0.6366171837 0.5273436904
37.3 -550.7 2719.2 0.9704647064 0.2362328023 -0.0489114262 -0.0244378261 -0.1054385677 -0.9941254854 -0.2400022000 0.9659590125 -0.0965513885
-81.2 -497.8 2234.8 0.9704647064 0.0562539287 0.2345927507 -0.0244378261 0.9903542399 -0.1363864392 -0.2400022000 0.1266252846 0.9624785781
215.6 -541.0 2712.0 0.9737324715 -0.0967530310 0.2061163187 0.1833846569 -0.2033217251 -0.9617849588 0.1349635422 0.9743198156 -0.1802379489
259.4 -448.9 2270.7 0.9737324715 -0.2093268633 -0.0895954743 0.1833846569 0.9542102814 -0.2363318801 0.1349635422 0.2136935890 0.9675328732
117.1 -498.5 2467.4 0 0 0 0 0 0 0 0 0
331.6 -580.6 2802.1 0 0 0 0 0 0 0 0 0
-102.2 -867.4 2187.6 0 0 0 0 0 0 0 0 0
337.5 -805.1 2190.9 0 0 0 0 0 0 0 0 0
108.1 -8.6 2954.8 7 0.9981795549 -0.0240321998 0.0553175956 0.0439538211 0.9179090261 -0.3943489194 -0.0412994474 0.3960624337 0.9172943234
112.9 -191.4 2875.9 0.9981795549 -0.0240321998 0.0553175956 0.0439538211 0.9179090261 -0.3943489194 -0.0412994474 0.3960624337 0.9172943234
118.4 -368.2 2795.9 0.9980416894 -0.0283149406 0.0557770841 0.0487699807 0.9106009603 -0.4103990197 -0.0391702391 0.4123155773 0.9101986289
-23.4 -198.1 2881.3 -0.2107318193 -0.4034377933 -0.8904100657 0.5831981301 0.6791211963 -0.4457289875 0.7845202684 -0.6132147312 0.0921717137
35.0 -359.9 2663.7 -0.3217717111 -0.3951832056 -0.8604029417 0.5458158851 0.6651173234 -0.5096116066 0.7736588717 -0.6336001754 0.0016813413
249.3 -184.8 2870.6 0.5427542925 0.7269913554 0.4205963910 -0.7816560268 0.2539997697 0.5696471930 0.3072972000 -0.6379401684 0.7061166763
383.3 -377.7 2946.4 -0.2111361623 0.7269913554 0.6533797383 -0.8013634682 0.2539997697 -0.5415724516 -0.5596767664 -0.6379401684 0.5289557576
36.4 -549.5 2717.1 0.9707953334 0.2345290631 -0.0505221412 -0.0268900543 -0.1028908491 -0.9943290949 -0.2383973449 0.9666486382 -0.0935794562
-81.7 -497.7 2230.3 0.9707953334 0.0535322987 0.2338603437 -0.0268900543 0.9929245710 -0.1156621575 -0.2383973449 0.1059957743 0.9653660655
214.9 -540.1 2710.1 0.9733798504 -0.1016670316 0.2054153979 0.1827523112 -0.1966127306 -0.9632990360 0.1383230388 0.9751960039 -0.1727989912
260.6 -451.7 2271.7 0.9733798504 -0.2103819549 -0.0909456089 0.1827523112 0.9518862367 -0.2459962219 0.1383230388 0.2228272408 0.9649946690
116.7 -498.4 2467.3 0 0 0 0 0 0 0 0 0
329.7 -581.1 2804.4 0 0 0 0 0 0 0 0 0
-101.7 -868.2 2190.7 0 0 0 0 0 0 0 0 0
339.2 -807.0 2188.5 0 0 0 0 0 0 0 0 0
107.0 -9.0 2955.9 8 0.9987929463 -0.0264092665 0.0414153077 0.0406280868 0.9180392027 -0.3944026232 -0.0276049934 0.3956091702 0.9180039763
112.2 -191.7 2877.1 0.9987929463 -0.0264092665 0.0414153077 0.0406280868 0.9180392027 -0.3944026232 -0.0276049934 0.3956091702 0.9180039763
118.5 -368.4 2797.0 0.9985952377 -0.0323540829 0.0419616476 0.0467791818 0.9102533460 -0.4114007354 -0.0248852354 0.4127857685 0.9104881287
-24.2 -198.1 2880.5 -0.2179900855 -0.3942568898 -0.8927719593 0.5803052187 0.6831306219 -0.4433716238 0.7846822143 -0.6147308946 0.0798736438
36.7 -360.2 2661.3 -0.3226623237 -0.3893190622 -0.8627396226 0.5374856591 0.6749083996 -0.5055767298 0.7791008949 -0.6268407106 -0.0085141007
248.6 -185.4 2873.7 0.5367262959 0.7365397811 0.4116236567 -0.7830725908 0.2531614602 0.5680726767 0.3142009079 -0.6272307634 0.7126425505
381.1 -378.7 2951.3 -0.2046943307 0.7365397811 0.6446776986 -0.8004073501 0.2531614602 -0.5433759093 -0.5634254813 -0.6272307634 0.5377111435
34.5 -549.3 2719.4 0.9721060991 0.2301339060 -0.0452564061 -0.0224649403 -0.1007089093 -0.9946622849 -0.2334632427 0.9679339528 -0.0927297994
-81.8 -498.4 2230.2 0.9721060991 0.0510352775 0.2289217263 -0.0224649403 0.9918119311 -0.1257158667 -0.2334632427 0.1170664430 0.9652928710
213.2 -540.5 2712.3 0.9723615646 -0.1043161377 0.2088806480 0.1853507459 -0.1991455406 -0.9622817636 0.1419791579 0.9744019508 -0.1743063927
260.4 -450.5 2271.5 0.9723615646 -0.2133992910 -0.0947297513 0.1853507459 0.9522532821 -0.2426083386 0.1419791579 0.2183447927 0.9654881954
118.6 -496.7 2463.6 0 0 0 0 0 0 0 0 0
329.2 -581.9 2808.3 0 0 0 0 0 0 0 0 0
-100.9 -868.6 2186.5 0 0 0 0 0 0 0 0 0
340.0 -805.9 2190.0 0 0 0 0 0 0 0 0 0
107.8 -9.2 2955.4 9 0.9994656444 -0.0260027666 0.0198053680 0.0316868685 0.9194787145 -0.3918608129 -0.0080211489 0.3922789991 0.9198113084
112.9 -192.0 2877.5 0.9994656444 -0.0260027666 0.0198053680 0.0316868685 0.9194787145 -0.3918608129 -0.0080211489 0.3922789991 0.9198113084
119.4 -369.2 2798.5 0.9992440343 -0.0331692584 0.0202763323 0.0385493003 0.9128617644 -0.4064448178 -0.0050280145 0.4069192111 0.9134503007
-23.5 -197.3 2878.1 -0.2177286148 -0.3766629994 -0.9003995061 0.5901935101 0.6839422584 -0.4288293719 0.7773454189 -0.6247783303 0.0733902454
36.3 -359.6 2664.4 -0.3262664080 -0.3797639310 -0.8656382561 0.5247390270 0.6889330149 -0.5000202060 0.7862564325 -0.6173740029 -0.0254987441
249.4 -186.7 2876.8 0.5238218904 0.7510496974 0.4019140601 -0.7855962515 0.2435322404 0.5687974691 0.3293161690 -0.6136907935 0.7175893784
378.7 -380.6 2958.1 -0.1999016702 0.7510496974 0.6292564273 -0.8019875288 0.2435322404 -0.5454429388 -0.5628989935 -0.6136907935 0.5536500216
35.3 -549.3 2719.1 0.9715310931 0.2327128351 -0.0444083959 -0.0206704810 -0.1034686714 -0.9944179058 -0.2360086888 0.9670258164 -0.0957127437
-82.2 -497.1 2230.7 0.9715310931 0.0498913489 0.2315992713 -0.0206704810 0.9916972518 -0.1269222647 -0.2360086888 0.1185216531 0.9644960165
214.2 -540.9 2714.6 0.9726680517 -0.1016140059 0.2087857723 0.1855401695 -0.2005123198 -0.9619613886 0.1396128684 0.9744071960 -0.1761784405
260.3 -449.9 2272.3 0.9726680517 -0.2137757391 -0.0906467810 0.1855401695 0.9502649903 -0.2501425147 0.1396128684 0.2264870107 0.9639563560
119.1 -492.7 2464.8 0 0 0 0 0 0 0 0 0
328.0 -584.2 2815.2 0 0 0 0 0 0 0 0 0
-100.9 -867.2 2186.4 0 0 0 0 0 0 0 0 0
340.1 -804.6 2187.7 0 0 0 0 0 0 0 0 0
107.6 -8.4 2955.2 0 0.9993193150 -0.0364140272 -0.0059139510 0.0310612191 0.9170050025 -0.3976644576 0.0199036859 0.3972100914 0.9175118804
114.8 -190.4 2876.4 0.9993193150 -0.0364140272 -0.0059139510 0.0310612191 0.9170050025 -0.3976644576 0.0199036859 0.3972100914 0.9175118804
123.1 -366.8 2795.9 0.9990645647 -0.0429358818 -0.0051482921 0.0369227864 0.9089425206 -0.4152832925 0.0225100555 0.4147047400 0.9096775651
-21.6 -195.4 2873.3 -0.2151217163 -0.3550769687 -0.9097488523 0.6066747308 0.6814148426 -0.4094136953 0.7652897239 -0.6399954557 0.0688291043
36.6 -359.7 2666.1 -0.3204572499 -0.3642045856 -0.8744496107 0.5295485854 0.6965352297 -0.4841662645 0.7854205966 -0.6182181239 -0.0303457547
251.2 -185.4 2879.5 0.5135514736 0.7678049207 0.3830672204 -0.7896624804 0.2482421696 0.5610784292 0.3357053399 -0.5906364322 0.7337918878
378.0 -380.3 2962.3 -0.1854972690 0.7678049207 0.6132425070 -0.7962648869 0.2482421696 -0.5516684651 -0.5758063793 -0.5906364322 0.5653278828
36.3 -549.9 2719.9 0.9713147283 0.2341755629 -0.0413460135 -0.0163865648 -0.1075437814 -0.9940652847 -0.2372322977 0.9662277699 -0.1006215289
-82.8 -495.2 2228.7 0.9713147283 0.0405127555 0.2343211472 -0.0163865648 0.9944415689 -0.1040070653 -0.2372322977 0.0971838757 0.9665796161
220.4 -539.0 2715.2 0.9698795080 -0.1144436076 0.2150266021 0.1869603395 -0.2161037028 -0.9583032131 0.1561397314 0.9696400762 -0.1881981343
272.8 -440.0 2271.0 0.9698795080 -0.2207050771 -0.1030682027 0.1869603395 0.9457221031 -0.2658110559 0.1561397314 0.2385350317 0.9584995508
117.9 -494.1 2466.8 0 0 0 0 0 0 0 0 0
330.9 -582.4 2816.2 0 0 0 0 0 0 0 0 0
-97.9 -866.3 2192.4 0 0 0 0 0 0 0 0 0
355.2 -793.0 2182.0 0 0 0 0 0 0 0 0 0
107.6 -8.8 2955.1 1 0.9992066026 -0.0398253016 0.0002584526 0.0367100351 0.9184901118 -0.3937363625 0.0154432841 0.3934334517 0.9192233682
115.5 -191.0 2877.0 0.9992066026 -0.0398253016 0.0002584526 0.0367100351 0.9184901118 -0.3937363625 0.0154432841 0.3934334517 0.9192233682
124.0 -367.7 2797.1 0.9990471601 -0.0436301827 0.0010983706 0.0402046032 0.9102325439 -0.4121411145 0.0169820189 0.4117925465 0.9111193419
-20.9 -196.5 2874.7 -0.2177926898 -0.3644839227 -0.9053826928 0.5915628672 0.6885361671 -0.4194893837 0.7762858272 -0.6269524693 0.0656570196
39.7 -361.1 2658.7 -0.3317714930 -0.3541382551 -0.8743647933 0.5610189438 0.6710781455 -0.4846770465 0.7584097981 -0.6513372660 -0.0239663254
252.0 -185.5 2879.4 0.5179471374 0.7638040185 0.3851418197 -0.7867803574 0.2486689538 0.5649251342 0.3357192576 -0.5956233740 0.7297433615
379.9 -379.8 2962.2 -0.1860850006 0.7638040185 0.6180419326 -0.7987842560 0.2486689538 -0.5478206277 -0.5721154213 -0.5956233740 0.5638410449
42.0 -546.6 2713.4 0.9676636457 0.2472314388 -0.0500369668 -0.0269659832 -0.0958387777 -0.9950315356 -0.2507985532 0.9642051458 -0.0860728621
-82.5 -498.3 2227.9 0.9676636457 0.0535072722 0.2465036511 -0.0269659832 0.9935860634 -0.1098161414 -0.2507985532 0.0996178687 0.9628999829
223.5 -538.0 2715.6 0.9734370708 -0.0978663713 0.2069842368 0.1837159693 -0.2056260407 -0.9612317085 0.1366336048 0.9737248421 -0.1821843833
268.4 -443.6 2268.5 0.9734370708 -0.2108849436 -0.0891506821 0.1837159693 0.9518218040 -0.2455274761 0.1366336048 0.2226271480 0.9652815461
123.8 -503.4 2466.4 0 0 0 0 0 0 0 0 0
332.6 -582.5 2817.0 0 0 0 0 0 0 0 0 0
-102.5 -869.1 2190.7 0 0 0 0 0 0 0 0 0
347.1 -798.8 2185.4 0 0 0 0 0 0 0 0 0
108.0 -9.1 2967.0 2 0.9988051057 -0.0357994288 0.0332674757 0.0466686450 0.9007240534 -0.4318774939 -0.0145038487 0.4329140186 0.9013185501
115.1 -187.6 2881.3 0.9988051057 -0.0357994288 0.0332674757 0.0466686450 0.9007240534 -0.4318774939 -0.0145038487 0.4329140186 0.9013185501
122.7 -360.6 2793.9 0.9986126423 -0.0402050205 0.0340053439 0.0512087271 0.8919216990 -0.4492808878 -0.0122667560 0.4503989518 0.8927431703
-21.3 -194.7 2882.9 -0.2059564292 -0.3848561347 -0.8997042179 0.5809766650 0.6917475462 -0.4288955927 0.7874312997 -0.6110409498 0.0811225846
37.7 -361.1 2657.3 -0.3415472806 -0.3590095937 -0.8685951829 0.5784582496 0.6480978727 -0.4953334033 0.7407641411 -0.6716257930 -0.0136840027
251.4 -180.5 2879.6 0.5364677906 0.7418114543 0.4023905098 -0.7937579751 0.2815905213 0.5391243100 0.2866192460 -0.6086235046 0.7398830056
383.7 -376.2 2950.3 -0.1962827742 0.7418114543 0.6412400603 -0.7766524553 0.2815905213 -0.5634871721 -0.5985683799 -0.6086235046 0.5208582878
43.0 -548.0 2715.7 0.9674555063 0.2494814694 -0.0422945321 -0.0183962248 -0.0973574892 -0.9950794578 -0.2523715496 0.9634731412 -0.0895995274
-83.7 -498.5 2226.4 0.9674555063 0.0428858772 0.2493804842 -0.0183962248 0.9948458076 -0.0997163281 -0.2523715496 0.0918834507 0.9632580280
223.2 -539.8 2717.8 0.9729266763 -0.0890942663 0.2132507861 0.1918691695 -0.2030140311 -0.9601934552 0.1288406402 0.9751141071 -0.1804233342
264.1 -446.7 2270.4 0.9729266763 -0.2166879624 -0.0803742111 0.1918691695 0.9511721134 -0.2417805344 0.1288406402 0.2198133916 0.9669964910
124.3 -507.8 2469.5 0 0 0 0 0 0 0 0 0
333.9 -573.2 2798.4 0 0 0 0 0 0 0 0 0
-99.7 -869.8 2192.1 0 0 0 0 0 0 0 0 0
345.0 -801.7 2188.4 0 0 0 0 0 0 0 0 0
108.1 -8.2 2960.5 3 0.9976075888 -0.0346649550 0.0598120764 0.0567690060 0.9045271277 -0.4226203263 -0.0394515321 0.4250047207 0.9043310285
115.0 -187.6 2876.2 0.9976075888 -0.0346649550 0.0598120764 0.0567690060 0.9045271277 -0.4226203263 -0.0394515321 0.4250047207 0.9043310285
122.4 -361.3 2790.0 0.9974262714 -0.0383497998 0.0605817363 0.0612377822 0.8951243162 -0.4415907264 -0.0372932702 0.4441640675 0.8951689601
-21.2 -196.0 2881.2 -0.2112229913 -0.4064031541 -0.8889439106 0.5781385899 0.6813697219 -0.4488775432 0.7881247401 -0.6087460518 0.0910363942
38.2 -358.7 2659.5 -0.3320164979 -0.3854280412 -0.8609356880 0.5699008703 0.6453312039 -0.5086851716 0.7516502142 -0.6595398784 0.0053951726
251.2 -179.2 2871.1 0.5515125990 0.7238025069 0.4146610200 -0.7859684229 0.2843701541 0.5489874482 0.2794412673 -0.6286839843 0.7257196903
387.2 -373.1 2940.0 -0.2024346292 0.7238025069 0.6596439481 -0.7835184336 0.2843701541 -0.5524784923 -0.5874683857 -0.6286839843 0.5095462203
41.0 -538.2 2707.7 0.9677186012 0.2488700897 -0.0398040414 -0.0211868063 -0.0770438239 -0.9968025684 -0.2511409819 0.9654677510 -0.0692839772
-83.3 -499.7 2225.4 0.9677186012 0.0436191708 0.2482298315 -0.0211868063 0.9955026507 -0.0923343226 -0.2511409819 0.0840944424 0.9642905593
220.5 -528.4 2705.0 0.9716723561 -0.0917912871 0.2177779526 0.1987511218 -0.1812003553 -0.9631533623 0.1278705299 0.9791530967 -0.1578237414
261.5 -447.4 2267.2 0.9716723561 -0.2215410322 -0.0822948888 0.1987511218 0.9544236660 -0.2226510346 0.1278705299 0.1999876499 0.9714185596
122.5 -503.3 2468.8 0 0 0 0 0 0 0 0 0
335.9 -572.0 2791.0 0 0 0 0 0 0 0 0 0
-99.6 -871.3 2194.0 0 0 0 0 0 0 0 0 0
344.2 -803.6 2192.6 0 0 0 0 0 0 0 0 0
107.4 -9.4 2969.2 4 0.9984233379 -0.0356759429 0.0433360264 0.0511508808 0.8962071538 -0.4406771660 -0.0231164824 0.4421990514 0.8966190219
114.5 -187.0 2881.6 0.9984233379 -0.0356759429 0.0433360264 0.0511508808 0.8962071538 -0.4406771660 -0.0231164824 0.4421990514 0.8966190219
122.5 -358.9 2792.0 0.9981707335 -0.0412617996 0.0441881604 0.0570018180 0.8858719468 -0.4604147375 -0.0201475080 0.4620913565 0.8866034150
-21.9 -194.8 2884.4 -0.2072543353 -0.3909246624 -0.8967851400 0.5798074007 0.6892539859 -0.4344563484 0.7879524231 -0.6100056171 0.0838101208
37.4 -360.7 2658.9 -0.3353148103 -0.3793898821 -0.8623382449 0.5424461961 0.6706289649 -0.5059732199 0.7702701092 -0.6374324560 -0.0190732349
250.8 -179.3 2878.9 0.5433932543 0.7351026535 0.4053983986 -0.7943030000 0.2939423919 0.5316771269 0.2716735005 -0.6109189391 0.7436205745
384.9 -375.3 2945.9 -0.1964627653 0.7351026535 0.6488655210 -0.7700923085 0.2939423919 -0.5661763549 -0.6069268584 -0.6109189391 0.5083481669
40.5 -540.5 2707.2 0.9679933190 0.2482756972 -0.0367158949 -0.0171536729 -0.0805019215 -0.9966068268 -0.2503889799 0.9653385878 -0.0736664832
-83.0 -500.5 2226.9 0.9679933190 0.0441097990 0.2470692396 -0.0171536729 0.9937601089 -0.1102116853 -0.2503889799 0.1024460346 0.9627097845
219.4 -529.3 2700.3 0.9781753421 -0.1245783269 0.1662926972 0.1508982629 -0.1242573261 -0.9807088375 0.1428381503 0.9843984842 -0.1027467996
274.9 -473.9 2261.5 0.9781753421 -0.1777121574 -0.1076634079 0.1508982629 0.9637879133 -0.2198693454 0.1428381503 0.1988245547 0.9695700407
122.5 -498.3 2463.5 0 0 0 0 0 0 0 0 0
335.0 -570.7 2791.9 0 0 0 0 0 0 0 0 0
-99.5 -871.4 2188.7 0 0 0 0 0 0 0 0 0
341.2 -833.3 2187.3 0 0 0 0 0 0 0 0 0
107.4 -9.4 2961.6 5 0.9968013763 -0.0320304409 0.0732196346 0.0599894784 0.9052167535 -0.4206945598 -0.0528046116 0.4237413108 0.9042427540
113.8 -188.8 2877.6 0.9968013763 -0.0320304409 0.0732196346 0.0599894784 0.9052167535 -0.4206945598 -0.0528046116 0.4237413108 0.9042427540
120.6 -362.5 2791.5 0.9966617823 -0.0345650874 0.0739633963 0.0637635514 0.8953359127 -0.4408036172 -0.0509856679 0.4440482855 0.8945510387
-22.3 -197.5 2884.6 -0.2101545632 -0.4175691605 -0.8840085268 0.5690851212 0.6829846501 -0.4579018652 0.7949699163 -0.5993062258 0.0941000506
37.2 -358.6 2659.5 -0.3383449316 -0.4072493613 -0.8483340740 0.5243246555 0.6670096517 -0.5293219686 0.7814130187 -0.6238958836 -0.0121484585
249.9 -180.2 2870.6 0.5574273467 0.7144048214 0.4229663908 -0.7843354940 0.2861175835 0.5504131317 0.2721996605 -0.6385628581 0.7198227644
387.4 -373.7 2937.8 -0.2079607099 0.7144048214 0.6681153774 -0.7845291495 0.2861175835 -0.5501370430 -0.5841801167 -0.6385628581 0.5009701252
41.1 -535.9 2704.1 0.9671275616 0.2514027953 -0.0382220298 -0.0200704280 -0.0743738189 -0.9970284700 -0.2534984350 0.9650208354 -0.0668832064
-82.4 -499.4 2230.1 0.9671275616 0.0505091362 0.2492250204 -0.0200704280 0.9921793938 -0.1231957376 -0.2534984350 0.1141439378 0.9605777860
220.0 -525.6 2700.4 0.9826167822 -0.1469099075 0.1134975329 0.1018920988 -0.0842700303 -0.9912197590 0.1551844329 0.9855536819 -0.0678361878
287.1 -487.1 2250.7 0.9826167822 -0.1269889772 -0.1354179084 0.1018920988 0.9786674976 -0.1784039438 0.1551844329 0.1615047008 0.9745942950
123.1 -491.6 2461.2 0 0 0 0 0 0 0 0 0
334.7 -572.8 2789.6 0 0 0 0 0 0 0 0 0
-101.2 -869.7 2187.5 0 0 0 0 0 0 0 0 0
334.3 -851.5 2190.6 0 0 0 0 0 0 0 0 0
108.0 -8.4 2970.3 6 0.9963525534 -0.0231315419 0.0821374208 0.0564573742 0.9004605412 -0.4312578738 -0.0639858469 0.4343221188 0.8984820843
112.6 -186.8 2884.2 0.9963525534 -0.0231315419 0.0821374208 0.0564573742 0.9004605412 -0.4312578738 -0.0639858469 0.4343221188 0.8984820843
117.3 -360.2 2797.2 0.9962923527 -0.0243435763 0.0825160593 0.0587306060 0.8933213949 -0.4455643594 -0.0628667325 0.4487586021 0.8914390206
-23.5 -194.8 2892.8 -0.2076101601 -0.4194162190 -0.8837352991 0.5689195395 0.6831443310 -0.4578693509 0.7957565784 -0.5978326201 0.0967863798
36.1 -358.2 2664.2 -0.3579758704 -0.4122504592 -0.8377963901 0.4999788105 0.6731560230 -0.5448689461 0.7885901928 -0.6139304042 -0.0348571241
248.6 -178.8 2875.7 0.5564161539 0.7081696391 0.4346225858 -0.7885910869 0.2852858901 0.5447348356 0.2617729902 -0.6458387971 0.7171939611
386.0 -373.5 2940.3 -0.2194582820 0.7081696391 0.6710691452 -0.7804783583 0.2852858901 -0.5562962294 -0.5853986740 -0.6458387971 0.4901027381
38.1 -542.0 2709.9 0.9689465165 0.2437622249 -0.0415047221 -0.0209416561 -0.0863514096 -0.9960446358 -0.2463820428 0.9659831524 -0.0785651132
-82.8 -499.1 2230.6 0.9689465165 0.0521537773 0.2417077720 -0.0209416561 0.9913000464 -0.1299449205 -0.2463820428 0.1208479181 0.9616088867
216.6 -530.5 2700.7 0.9823954105 -0.1670172065 0.0836928934 0.0716244057 -0.0770289004 -0.9944528341 0.1725375205 0.9829403758 -0.0637103245
294.6 -494.6 2241.9 0.9823954105 -0.0940076336 -0.1614367217 0.0716244057 0.9876600504 -0.1392749697 0.1725375205 0.1252602786 0.9770059586
126.9 -485.1 2464.2 0 0 0 0 0 0 0 0 0
330.3 -571.5 2791.7 0 0 0 0 0 0 0 0 0
-102.3 -869.1 2185.5 0 0 0 0 0 0 0 0 0
329.6 -862.3 2195.2 0 0 0 0 0 0 0 0 0
107.9 -10.5 2974.6 7 0.9961697459 -0.0232739858 0.0842861831 0.0580876283 0.8966351151 -0.4389433861 -0.0653579906 0.4421581328 0.8945527077
112.5 -188.1 2887.1 0.9961697459 -0.0232739858 0.0842861831 0.0580876283 0.8966351151 -0.4389433861 -0.0653579906 0.4421581328 0.8945527077
116.9 -360.9 2798.8 0.9961563945 -0.0226491969 0.0846136883 0.0586075857 0.8902494907 -0.4516867697 -0.0650969520 0.4549096823 0.8881551623
-23.6 -196.1 2896.0 -0.2041387111 -0.4190117717 -0.8847352862 0.5711370111 0.6830336452 -0.4552664757 0.7950659394 -0.5982425809 0.0998795331
33.1 -354.9 2674.9 -0.3779258132 -0.4158234298 -0.8272019029 0.4760590494 0.6790229678 -0.5588341355 0.7940654159 -0.6049947739 -0.0586638078
248.5 -180.1 2878.2 0.5566567779 0.7066536546 0.4367766380 -0.7906371355 0.2892611623 0.5396488905 0.2550023794 -0.6457310319 0.7197257876
386.0 -375.3 2941.1 -0.2215320170 0.7066536546 0.6719852090 -0.7762832642 0.2892611623 -0.5601001978 -0.5901761055 -0.6457310319 0.4844828248
32.8 -538.8 2715.7 0.9722763300 0.2309916764 -0.0363533758 -0.0175500792 -0.0829422399 -0.9963998199 -0.2331752926 0.9694139361 -0.0765888542
-82.8 -497.3 2230.3 0.9722763300 0.0461136624 0.2292427719 -0.0175500792 0.9919875860 -0.1251104027 -0.2331752926 0.1176186502 0.9652953744
211.3 -528.3 2704.4 0.9806349277 -0.1843791306 0.0660260394 0.0559760518 -0.0591958277 -0.9966757298 0.1876746714 0.9810709357 -0.0477286801
298.9 -500.2 2238.6 0.9806349277 -0.0788693577 -0.1792616099 0.0559760518 0.9900161028 -0.1293632090 0.1876746714 0.1168237254 0.9752591848
129.0 -475.6 2473.5 0 0 0 0 0 0 0 0 0
329.7 -572.3 2791.3 0 0 0 0 0 0 0 0 0
-100.0 -867.6 2186.4 0 0 0 0 0 0 0 0 0
328.3 -869.2 2195.1 0 0 0 0 0 0 0 0 0
108.7 -9.5 2978.3 8 0.9946097732 -0.0128172748 0.1028939262 0.0569269471 0.8969013691 -0.4385512769 -0.0866646767 0.4420448244 0.8927965164
111.2 -187.0 2890.8 0.9946097732 -0.0128172748 0.1028939262 0.0569269471 0.8969013691 -0.4385512769 -0.0866646767 0.4420448244 0.8927965164
113.5 -360.1 2803.0 0.9946126342 -0.0113625815 0.1030368879 0.0567136854 0.8916668296 -0.4491256773 -0.0867713466 0.4525496662 0.8875074983
-24.6 -194.8 2902.7 -0.2024641484 -0.4303980768 -0.8796395659 0.5668116212 0.6809868813 -0.4636608958 0.7985817790 -0.5924646854 0.1060792208
32.3 -354.1 2678.2 -0.3814488053 -0.4249635637 -0.8209158182 0.4716653228 0.6742823720 -0.5682210326 0.7950022817 -0.6039447188 -0.0567636453
247.1 -179.3 2879.0 0.5606647730 0.6930520535 0.4531377852 -0.7908520699 0.2860234976 0.5410578251 0.2453731745 -0.6617169976 0.7084649801
