113.2 -10.5 2981.3 95 0.9875795245 0.0620383471 0.1443536133 0.0210376885 0.8582625389 -0.5127795339 -0.1557052881 0.5094473958 0.8462973237
100.8 -181.0 2880.1 0.9875795245 0.0620383471 0.1443536133 0.0210376885 0.8582625389 -0.5127795339 -0.1557052881 0.5094473958 0.8462973237
88.5 -344.3 2775.8 0.9877686501 0.0637493953 0.1422994137 0.0235927571 0.8409941196 -0.5405296683 -0.1541313976 0.5372754931 0.8292036057
-34.1 -184.3 2901.1 -0.2926604450 -0.3928275108 -0.8718006611 0.5279037356 0.6938103437 -0.4898416996 0.7972875834 -0.6035841107 0.0043242630
67.5 -367.4 2624.5 -0.1545267701 -0.3806696534 -0.9117083549 0.6708054543 0.6370662451 -0.3796928823 0.7253561616 -0.6702516079 0.1569114774
235.8 -177.8 2859.0 0.5369985700 0.6586095095 0.5271300077 -0.8343321085 0.3223651648 0.4471807480 0.1245891526 -0.6799368858 0.7226086855
368.3 -383.8 2889.8 -0.3131933212 0.6586095095 0.6842100620 -0.7041701674 0.3223651648 -0.6326334476 -0.6372238994 -0.6799368858 0.3628105819
-15.7 -510.5 2683.8 0.9888616204 0.1425528079 -0.0427950621 -0.0409083143 -0.0161413457 -0.9990324974 -0.1431056559 0.9896555543 -0.0101299621
-82.3 -503.0 2221.2 0.9888616204 0.0517049506 0.1395683289 -0.0409083143 0.9960230589 -0.0791487768 -0.1431056559 0.0725576878 0.9870441556
161.6 -508.2 2657.8 0.9478662610 -0.3176665306 0.0252482258 0.0236968994 -0.0087471530 -0.9996809363 0.3177860379 0.9481621385 -0.0007634193
305.4 -504.2 2228.3 0.9478662610 -0.0492044687 -0.3148466647 0.0236968994 0.9961553216 -0.0843388364 0.3177860379 0.0724810511 0.9453880191
106.6 -537.5 2440.6 0 0 0 0 0 0 0 0 0
288.8 -562.5 2728.0 0 0 0 0 0 0 0 0 0
-101.6 -874.8 2194.1 0 0 0 0 0 0 0 0 0
323.8 -876.0 2201.3 0 0 0 0 0 0 0 0 0
113.4 -11.3 2980.1 96 0.9880980849 0.0672336593 0.1383539736 0.0135717932 0.8578120470 -0.5137843490 -0.1532253027 0.5095470548 0.8466899395
99.9 -182.9 2878.2 0.9880980849 0.0672336593 0.1383539736 0.0135717932 0.8578120470 -0.5137843490 -0.1532253027 0.5095470548 0.8466899395
86.6 -345.7 2773.3 0.9883424044 0.0686192960 0.1359069943 0.0166227147 0.8386988044 -0.5443417430 -0.1513373852 0.5402551889 0.8277809620
-35.1 -185.2 2898.9 -0.2928375006 -0.3849189878 -0.8752620220 0.5294072032 0.6970019341 -0.4836489558 0.7962250113 -0.6050005555 -0.0003294139
66.0 -367.8 2624.1 -0.1489363313 -0.3719242513 -0.9162370563 0.6821591854 0.6321464777 -0.3674910367 0.7158748507 -0.6797522902 0.1595619768
235.0 -180.6 2857.5 0.5303465724 0.6629181504 0.5284619331 -0.8387645483 0.3196217716 0.4408128262 0.1233149022 -0.6770387292 0.7255425453
365.9 -387.7 2888.0 -0.3167561293 0.6629181504 0.6783841252 -0.6996421814 0.3196217716 -0.6390170455 -0.6404423714 -0.6770387292 0.3625633419
-12.4 -509.7 2685.3 0.9881159663 0.1505432278 -0.0310410131 -0.0288865566 -0.0164774973 -0.9994468689 -0.1509714425 0.9884660840 -0.0119330017
-82.9 -501.9 2222.3 0.9881159663 0.0426293761 0.1476805508 -0.0288865566 0.9951545596 -0.0939836055 -0.1509714425 0.0886007249 0.9845595360
164.6 -505.4 2657.7 0.9494826198 -0.3131209314 0.0209295247 0.0231428482 0.0033531173 -0.9997265339 0.3129651248 0.9497073293 0.0104302363
304.9 -506.9 2232.0 0.9494826198 -0.0551876798 -0.3089289367 0.0231428482 0.9940487146 -0.1064500734 0.3129651248 0.0939229950 0.9451091290
103.8 -540.9 2442.6 0 0 0 0 0 0 0 0 0
285.5 -565.3 2725.4 0 0 0 0 0 0 0 0 0
-98.8 -873.4 2189.2 0 0 0 0 0 0 0 0 0
325.5 -877.9 2197.0 0 0 0 0 0 0 0 0 0
113.0 -9.2 2981.1 97 0.9856262207 0.0665907860 0.1552631259 0.0209641624 0.8637257814 -0.5035259128 -0.1676349491 0.4995432794 0.8499147296
99.7 -181.4 2881.5 0.9856262207 0.0665907860 0.1552631259 0.0209641624 0.8637257814 -0.5035259128 -0.1676349491 0.4995432794 0.8499147296
86.2 -345.8 2779.3 0.9857589006 0.0695720911 0.1530983597 0.0226315167 0.8472403288 -0.5307274461 -0.1666349173 0.5266341567 0.8336001635
-34.9 -184.4 2904.3 -0.2860375345 -0.4041670859 -0.8688103557 0.5250564814 0.6923496723 -0.4949420691 0.8015598655 -0.5977465510 0.0141725466
65.4 -368.5 2623.3 -0.1462273002 -0.3899114728 -0.9091681242 0.6917034388 0.6167336106 -0.3757472634 0.7072227001 -0.6838191748 0.1795197874
234.4 -178.3 2858.7 0.5394009948 0.6497762203 0.5355719924 -0.8323297501 0.3150725961 0.4560223818 0.1275684536 -0.6917514801 0.7107785940
367.6 -383.8 2890.2 -0.3202998936 0.6497762203 0.6893466711 -0.7118191719 0.3150725961 -0.6277281642 -0.6250771284 -0.6917514801 0.3616054654
-15.2 -510.0 2682.0 0.9885396957 0.1487765312 -0.0255896635 -0.0233598594 -0.0167160481 -0.9995873570 -0.1491429061 0.9887295365 -0.0130490782
-84.4 -502.2 2222.3 0.9885396957 0.0358427353 0.1466444284 -0.0233598594 0.9960232377 -0.0859769955 -0.1491429061 0.0815660805 0.9854457974
161.8 -507.0 2654.9 0.9462887645 -0.3230870366 0.0123423049 0.0138544003 0.0023807155 -0.9999011755 0.3230257034 0.9463662505 0.0067290212
307.0 -508.1 2229.9 0.9462887645 -0.0429940931 -0.3204513490 0.0138544003 0.9956009388 -0.0926652178 0.3230257034 0.0832483917 0.9427216649
102.5 -544.0 2443.8 0 0 0 0 0 0 0 0 0
286.3 -564.4 2731.6 0 0 0 0 0 0 0 0 0
-97.8 -874.0 2191.8 0 0 0 0 0 0 0 0 0
323.0 -879.6 2198.8 0 0 0 0 0 0 0 0 0
112.7 -8.3 2979.5 98 0.9841396809 0.0671875551 0.1641795039 0.0212855600 0.8740898967 -0.4852976203 -0.1761136055 0.4810952842 0.8587964177
99.4 -182.2 2883.8 0.9841396809 0.0671875551 0.1641795039 0.0212855600 0.8740898967 -0.4852976203 -0.1761136055 0.4810952842 0.8587964177
85.6 -349.1 2785.9 0.9841746688 0.0712225288 0.1622578651 0.0217236616 0.8602692485 -0.5093770027 -0.1758645624 0.5048407912 0.8451079726
-35.1 -185.1 2907.9 -0.2831085324 -0.4187676907 -0.8628343940 0.5197523236 0.6890935898 -0.5049827099 0.8060441017 -0.5914251208 0.0225672126
64.7 -368.4 2623.6 -0.1449697763 -0.4045896232 -0.9029346704 0.6901373863 0.6125844717 -0.3852929771 0.7090092897 -0.6790047884 0.1904162019
233.8 -179.2 2859.8 0.5435324907 0.6424839497 0.5401729345 -0.8270514011 0.2999892533 0.4753866196 0.1433821917 -0.7051388621 0.6944211721
368.0 -383.4 2895.2 -0.3233341277 0.6424839497 0.6947441101 -0.7281364799 0.2999892533 -0.6162983775 -0.6043775678 -0.7051388621 0.3708192706
-15.5 -512.3 2692.0 0.9888795018 0.1467437744 -0.0241570901 -0.0214789156 -0.0198081117 -0.9995730519 -0.1471596360 0.9889761806 -0.0164359380
-85.6 -502.8 2219.6 0.9888795018 0.0332072936 0.1449640542 -0.0214789156 0.9964227080 -0.0817336664 -0.1471596360 0.0777110755 0.9860553145
161.1 -508.2 2662.1 0.9471128583 -0.3207319677 0.0104043894 0.0095903045 -0.0041178381 -0.9999455214 0.3207573295 0.9471610785 -0.0008241402
308.5 -506.3 2226.9 0.9471128583 -0.0325308517 -0.3192475140 0.0095903045 0.9972734451 -0.0731690973 0.3207573295 0.0662377104 0.9448424578
101.5 -543.5 2443.7 0 0 0 0 0 0 0 0 0
285.9 -568.1 2741.8 0 0 0 0 0 0 0 0 0
-98.0 -874.7 2190.6 0 0 0 0 0 0 0 0 0
320.6 -878.5 2202.1 0 0 0 0 0 0 0 0 0
112.9 -9.5 2979.2 99 0.9841213226 0.0588673837 0.1674511433 0.0281999502 0.8795643449 -0.4749434590 -0.1752427369 0.4721240997 0.8639379740
101.2 -184.3 2885.4 0.9841213226 0.0588673837 0.1674511433 0.0281999502 0.8795643449 -0.4749434590 -0.1752427369 0.4721240997 0.8639379740
88.7 -352.9 2790.2 0.9839966297 0.0645107329 0.1660994142 0.0264328662 0.8690026999 -0.4941007793 -0.1762156487 0.4905839860 0.8533905149
-33.3 -187.9 2909.5 -0.2975991368 -0.4289508164 -0.8528985381 0.5086836815 0.6847515702 -0.5218775272 0.8078834414 -0.5891658664 0.0144188069
60.8 -348.7 2654.1 -0.1408214569 -0.4183897972 -0.8972843885 0.6669346094 0.6297256351 -0.3983012438 0.7316881418 -0.6545193791 0.1903597414
235.6 -180.7 2861.3 0.5498675108 0.6402418613 0.5364103317 -0.8203586936 0.2932364047 0.4909420013 0.1570265740 -0.7100019455 0.6864691377
371.3 -383.2 2900.1 -0.3176644146 0.6402418613 0.6994138360 -0.7404733300 0.2932364047 -0.6047410369 -0.5922741294 -0.7100019455 0.3809312284
-16.4 -518.0 2703.7 0.9898195267 0.1391754299 -0.0297911763 -0.0257100705 -0.0310302526 -0.9991877079 -0.1399868131 0.9897814393 -0.0271361396
-84.5 -502.8 2219.2 0.9898195267 0.0365852825 0.1375457495 -0.0257100705 0.9964610338 -0.0800277591 -0.1399868131 0.0756767318 0.9872571826
159.9 -514.1 2672.1 0.9487659931 -0.3154830337 0.0177075006 0.0114214895 -0.0217629168 -0.9996979237 0.3157730997 0.9486816525 -0.0170446280
308.0 -503.9 2226.9 0.9487659931 -0.0334651805 -0.3142024279 0.0114214895 0.9973580837 -0.0717386082 0.3157730997 0.0644744933 0.9466416240
96.5 -517.9 2468.5 0 0 0 0 0 0 0 0 0
290.7 -571.1 2749.8 0 0 0 0 0 0 0 0 0
-98.2 -874.7 2190.9 0 0 0 0 0 0 0 0 0
320.5 -876.1 2202.8 0 0 0 0 0 0 0 0 0
112.5 -6.9 2981.1 00 0.9833078980 0.0555120036 0.1732742190 0.0325677991 0.8832430243 -0.4677831829 -0.1790108234 0.4656180739 0.8666919470
101.5 -182.5 2888.6 0.9833078980 0.0555120036 0.1732742190 0.0325677991 0.8832430243 -0.4677831829 -0.1790108234 0.4656180739 0.8666919470
89.9 -352.1 2795.1 0.9832491875 0.0597989522 0.1721776724 0.0316724554 0.8742200136 -0.4844957888 -0.1794935018 0.4818333983 0.8576821685
-32.8 -186.8 2913.1 -0.3107276857 -0.4382970631 -0.8434121013 0.4984783828 0.6803773046 -0.5372206569 0.8093006611 -0.5873520374 0.0070695393
59.8 -335.4 2671.9 -0.1215772852 -0.4316207767 -0.8938246369 0.6556479931 0.6411628127 -0.3987931013 0.7452145219 -0.6345185041 0.2050404549
235.8 -178.1 2864.0 0.5561206341 0.6360439062 0.5349560976 -0.8148807287 0.2907446623 0.5014348626 0.1633989513 -0.7147836685 0.6799890399
373.1 -379.3 2904.4 -0.3141619265 0.6360439062 0.7048052549 -0.7484891415 0.2907446623 -0.5960130692 -0.5840088129 -0.7147836685 0.3847310245
-12.0 -523.9 2710.8 0.9887859821 0.1436557025 -0.0408088751 -0.0347115882 -0.0446981266 -0.9983972907 -0.1452495456 0.9886177778 -0.0392103642
-83.1 -501.8 2221.3 0.9887859821 0.0470514670 0.1417338550 -0.0347115882 0.9954878688 -0.0883122385 -0.1452495456 0.0824020952 0.9859576225
164.3 -519.2 2679.2 0.9534109235 -0.3006387949 0.0249781031 0.0166378338 -0.0302705653 -0.9994032383 0.3012154698 0.9532575607 -0.0238583088
305.8 -505.0 2230.5 0.9534109235 -0.0456253104 -0.2982044816 0.0166378338 0.9949451089 -0.0990326703 0.3012154698 0.0894573480 0.9493506551
90.6 -501.7 2482.8 0 0 0 0 0 0 0 0 0
293.4 -569.3 2756.2 0 0 0 0 0 0 0 0 0
-100.7 -873.4 2190.5 0 0 0 0 0 0 0 0 0
322.9 -876.2 2197.2 0 0 0 0 0 0 0 0 0
114.0 -6.1 2980.5 01 0.9848086238 0.0432245396 0.1681774706 0.0422421545 0.8797901273 -0.4734817445 -0.1684269160 0.4733930528 0.8645989895
105.4 -183.0 2885.4 0.9848086238 0.0432245396 0.1681774706 0.0422421545 0.8797901273 -0.4734817445 -0.1684269160 0.4733930528 0.8645989895
96.5 -351.7 2789.9 0.9848672152 0.0454443693 0.1672463864 0.0433988720 0.8695967793 -0.4918516278 -0.1677888036 0.4916668534 0.8544651270
-29.2 -188.9 2908.3 -0.3191570342 -0.4371348917 -0.8408637643 0.4942921698 0.6802412868 -0.5412458777 0.8085876703 -0.5883747935 -0.0010314279
59.8 -326.7 2682.9 -0.1215904877 -0.4328490794 -0.8932286501 0.6363218427 0.6566630602 -0.4048310220 0.7617809772 -0.6176044941 0.1955873370
239.9 -177.0 2862.4 0.5623911619 0.6412701607 0.5220046043 -0.8109822869 0.3046101928 0.4995201230 0.1613194197 -0.7042621970 0.6913688183
378.7 -377.3 2902.3 -0.2998983562 0.6412701607 0.7062815428 -0.7453234196 0.3046101928 -0.5930477977 -0.5954443812 -0.7042621970 0.3866015375
-9.8 -524.6 2717.6 0.9884499907 0.1446730494 -0.0451262631 -0.0385987349 -0.0476142280 -0.9981197715 -0.1465496868 0.9883332253 -0.0414800867
-82.0 -500.8 2224.0 0.9884499907 0.0525959544 0.1421278864 -0.0385987349 0.9942880273 -0.0995062143 -0.1465496868 0.0928709581 0.9848340750
166.4 -519.0 2685.5 0.9560953379 -0.2909046113 0.0354424752 0.0274012629 -0.0316707268 -0.9991226792 0.2917718887 0.9562277198 -0.0223090835
304.0 -504.0 2233.1 0.9560953379 -0.0585952774 -0.2871380448 0.0274012629 0.9933890104 -0.1114783883 0.2917718887 0.0987160280 0.9513801932
90.6 -488.1 2489.6 0 0 0 0 0 0 0 0 0
302.6 -566.4 2751.2 0 0 0 0 0 0 0 0 0
-101.6 -872.0 2189.4 0 0 0 0 0 0 0 0 0
325.9 -874.7 2196.3 0 0 0 0 0 0 0 0 0
114.5 -4.3 2979.8 02 0.9851267934 0.0456978530 0.1656410247 0.0382875875 0.8813727498 -0.4708674848 -0.1675091088 0.4702061415 0.8665142059
105.3 -180.8 2885.6 0.9851267934 0.0456978530 0.1656410247 0.0382875875 0.8813727498 -0.4708674848 -0.1675091088 0.4702061415 0.8665142059
95.8 -349.7 2790.4 0.9851575494 0.0489045940 0.1645386964 0.0388570689 0.8701364398 -0.4912765622 -0.1671967953 0.4903782904 0.8553212285
-29.3 -186.1 2908.4 -0.3066012859 -0.4346648753 -0.8467952013 0.5011121631 0.6826574206 -0.5318509936 0.8092479110 -0.5874055624 0.0085122408
56.6 -326.4 2681.9 -0.1512809843 -0.4311137497 -0.8895251751 0.6091586351 0.6680424213 -0.4273700118 0.7784855962 -0.6065148711 0.1615545452
239.9 -175.5 2862.8 0.5587227941 0.6430650353 0.5237329602 -0.8131959438 0.3007339239 0.4982684553 0.1629147530 -0.7042914629 0.6909647584
377.9 -376.3 2903.0 -0.3027556539 0.6430650353 0.7034247518 -0.7449104786 0.3007339239 -0.5955396891 -0.5945144296 -0.7042914629 0.3879769742
-0.5 -524.4 2709.6 0.9854610562 0.1655581146 -0.0381715558 -0.0305580758 -0.0482934900 -0.9983656406 -0.1671309620 0.9850168824 -0.0425322168
-82.2 -500.5 2223.3 0.9854610562 0.0455262773 0.1636884660 -0.0305580758 0.9952133298 -0.0928261206 -0.1671309620 0.0864745155 0.9821351171
176.0 -516.6 2679.5 0.9603428841 -0.2775388062 0.0267163925 0.0182442181 -0.0330643170 -0.9992867112 0.2782242000 0.9601452947 -0.0266896021
305.9 -501.1 2230.0 0.9603428841 -0.0413084663 -0.2757447362 0.0182442181 0.9961546659 -0.0856912658 0.2782242000 0.0772622526 0.9574037194
94.9 -480.8 2484.5 0 0 0 0 0 0 0 0 0
301.0 -565.4 2752.1 0 0 0 0 0 0 0 0 0
-99.2 -872.0 2191.0 0 0 0 0 0 0 0 0 0
321.3 -872.8 2201.1 0 0 0 0 0 0 0 0 0
115.1 -4.8 2979.9 03 0.9857085347 0.0647273511 0.1555283666 0.0173962247 0.8791904449 -0.4761528671 -0.1675591618 0.4720535278 0.8654994965
102.2 -180.1 2885.7 0.9857085347 0.0647273511 0.1555283666 0.0173962247 0.8791904449 -0.4761528671 -0.1675591618 0.4720535278 0.8654994965
89.4 -348.8 2790.7 0.9858385324 0.0658761635 0.1542165875 0.0191365704 0.8694127798 -0.4937156737 -0.1666019708 0.4896751046 0.8558399677
-32.5 -182.7 2908.5 -0.3172306418 -0.4149139524 -0.8527667522 0.5131310225 0.6811150312 -0.5222823620 0.7975345254 -0.6032650471 -0.0031653480
58.2 -329.4 2680.6 -0.1585822403 -0.4141013026 -0.8963100910 0.6032561660 0.6780116558 -0.4199787676 0.7816224694 -0.6073057652 0.1422885507
236.8 -177.5 2863.0 0.5423418880 0.6494135857 0.5330359340 -0.8239997625 0.2873190343 0.4883361161 0.1639807224 -0.7040666342 0.6909417510
370.7 -380.9 2903.5 -0.3171098828 0.6494135857 0.6911608577 -0.7392048836 0.2873190343 -0.6091172695 -0.5941526890 -0.7040666342 0.3889379799
-1.9 -522.1 2710.2 0.9859045744 0.1632004827 -0.0368477516 -0.0303315129 -0.0422420055 -0.9986469150 -0.1645361781 0.9856882095 -0.0366964675
-82.8 -501.1 2221.9 0.9859045744 0.0431200154 0.1616564840 -0.0303315129 0.9962720275 -0.0807594284 -0.1645361781 0.0747178048 0.9835370183
174.6 -515.1 2680.3 0.9600827098 -0.2783398926 0.0277141985 0.0215876587 -0.0250524692 -0.9994530082 0.2788819671 0.9601558447 -0.0180437360
304.4 -503.4 2232.4 0.9600827098 -0.0500570051 -0.2752007842 0.0215876587 0.9941825867 -0.1055224612 0.2788819671 0.0953693464 0.9555780888
98.4 -482.4 2482.3 0 0 0 0 0 0 0 0 0
290.2 -568.5 2752.7 0 0 0 0 0 0 0 0 0
-98.8 -873.0 2194.0 0 0 0 0 0 0 0 0 0
323.1 -874.4 2196.8 0 0 0 0 0 0 0 0 0
115.6 -4.4 2979.9 04 0.9851803184 0.0562961847 0.1620201319 0.0264775008 0.8833651543 -0.4679369330 -0.1694660038 0.4652921259 0.8687833548
104.4 -180.9 2886.9 0.9851803184 0.0562961847 0.1620201319 0.0264775008 0.8833651543 -0.4679369330 -0.1694660038 0.4652921259 0.8687833548
93.3 -350.7 2793.6 0.9852966070 0.0571265817 0.1610190719 0.0282806121 0.8749120831 -0.4834553301 -0.1684956849 0.4809006155 0.8604323268
-30.2 -184.8 2909.9 -0.3078897297 -0.4317470491 -0.8478198051 0.5008602142 0.6840826869 -0.5302546620 0.8089146614 -0.5878991485 0.0056228810
55.4 -324.0 2685.0 -0.1646408439 -0.4252412915 -0.8899793625 0.6178852916 0.6588492393 -0.4291100204 0.7688375115 -0.6205542088 0.1542768478
239.0 -177.1 2863.9 0.5516327620 0.6450358629 0.5288005471 -0.8163351417 0.2874185741 0.5009865165 0.1711671799 -0.7080390453 0.6851149797
375.1 -378.6 2906.1 -0.3099274039 0.6450358629 0.6984795928 -0.7485361099 0.2874185741 -0.5975652933 -0.5862070322 -0.7080390453 0.3937537372
-11.7 -519.3 2710.6 0.9889571667 0.1403521448 -0.0475923829 -0.0425478108 -0.0387282036 -0.9983435273 -0.1419628114 0.9893439412 -0.0323288552
-81.1 -500.1 2221.1 0.9889571667 0.0522696525 0.1386781931 -0.0425478108 0.9964846373 -0.0721666813 -0.1419628114 0.0654693022 0.9877045751
164.9 -515.8 2680.7 0.9540300369 -0.2987657487 0.0237857997 0.0175385941 -0.0235742703 -0.9995682240 0.2991974950 0.9540352821 -0.0172506291
306.4 -504.7 2228.7 0.9540300369 -0.0429185368 -0.2966222167 0.0175385941 0.9959924221 -0.0877014324 0.2991974950 0.0784674585 0.9509593844
97.1 -480.8 2490.0 0 0 0 0 0 0 0 0 0
296.5 -568.6 2757.3 0 0 0 0 0 0 0 0 0
-100.7 -872.1 2196.7 0 0 0 0 0 0 0 0 0
322.5 -876.3 2199.4 0 0 0 0 0 0 0 0 0
115.7 -2.6 2979.9 05 0.9831780791 0.0609101243 0.1721942425 0.0271094982 0.8836511374 -0.4673603475 -0.1806266159 0.4641665518 0.8671351671
103.5 -178.6 2887.5 0.9831780791 0.0609101243 0.1721942425 0.0271094982 0.8836511374 -0.4673603475 -0.1806266159 0.4641665518 0.8671351671
91.8 -348.5 2794.4 0.9833880663 0.0604844019 0.1711419225 0.0301523618 0.8753171563 -0.4826082885 -0.1789937317 0.4797515571 0.8589527011
-30.8 -182.7 2912.0 -0.3174103796 -0.4355039597 -0.8423698545 0.5018013716 0.6766066551 -0.5388866663 0.8046403527 -0.5937505364 0.0037745049
57.6 -322.4 2688.0 -0.1441667974 -0.4325796962 -0.8899948001 0.6170372367 0.6638302207 -0.4226044416 0.7736155391 -0.6100854278 0.1712154895
237.9 -174.4 2863.0 0.5550335646 0.6368709803 0.5351010561 -0.8151465058 0.2882448733 0.5024450421 0.1657525450 -0.7150595784 0.6791287661
374.9 -375.7 2904.0 -0.3146489263 0.6368709803 0.7038404942 -0.7495453358 0.2882448733 -0.5958998799 -0.5823897123 -0.7150595784 0.3866677582
-6.1 -523.1 2715.3 0.9874908328 0.1503301859 -0.0475678742 -0.0411717817 -0.0453783870 -0.9981210828 -0.1522062868 0.9875938892 -0.0386213809
-81.4 -500.3 2220.6 0.9874908328 0.0525312833 0.1486685276 -0.0411717817 0.9960649610 -0.0784820840 -0.1522062868 0.0713793933 0.9857678413
170.5 -518.0 2685.1 0.9577879906 -0.2866651118 0.0215707272 0.0134247905 -0.0303515922 -0.9994491339 0.2871618867 0.9575499296 -0.0252219718
307.7 -503.5 2226.7 0.9577879906 -0.0345010087 -0.2853977084 0.0134247905 0.9970570803 -0.0754784271 0.2871618867 0.0684609264 0.9554324150
94.1 -478.9 2491.7 0 0 0 0 0 0 0 0 0
295.0 -565.9 2756.1 0 0 0 0 0 0 0 0 0
-101.0 -872.2 2194.0 0 0 0 0 0 0 0 0 0
320.6 -875.6 2201.1 0 0 0 0 0 0 0 0 0
115.4 -3.9 2980.0 06 0.9833786488 0.0620319806 0.1706413180 0.0263545960 0.8811081052 -0.4721800387 -0.1796437055 0.4688289464 0.8648280501
103.1 -179.3 2886.6 0.9833786488 0.0620319806 0.1706413180 0.0263545960 0.8811081052 -0.4721800387 -0.1796437055 0.4688289464 0.8648280501
91.9 -348.7 2792.5 0.9838334322 0.0574275739 0.1696285456 0.0330315791 0.8727496266 -0.4870493114 -0.1760133058 0.4847784936 0.8567433357
-31.3 -183.8 2910.7 -0.3291726410 -0.4329429567 -0.8391696811 0.4976328611 0.6757337451 -0.5438247919 0.8025004268 -0.5966106653 -0.0069864267
58.7 -320.0 2691.2 -0.1434350908 -0.4321097136 -0.8903412819 0.6069406271 0.6721880436 -0.4240121841 0.7816965580 -0.6012024879 0.1658495665
237.5 -174.8 2862.6 0.5561429262 0.6383368373 0.5321946740 -0.8149816990 0.2934285402 0.4997044802 0.1628186703 -0.7116360068 0.6834210157
374.8 -376.0 2902.8 -0.3115600348 0.6383368373 0.7038866878 -0.7468935847 0.2934285402 -0.5966989398 -0.5874353647 -0.7116360068 0.3853490949
-8.0 -521.1 2717.3 0.9881192446 0.1469382644 -0.0450499430 -0.0395580232 -0.0400875658 -0.9984127879 -0.1485109925 0.9883329868 -0.0337987095
-81.7 -501.0 2221.9 0.9881192446 0.0502570942 0.1452397257 -0.0395580232 0.9963503480 -0.0756379291 -0.1485109925 0.0689938962 0.9865010381
168.2 -515.7 2685.2 0.9565204978 -0.2902552485 0.0286425930 0.0238236040 -0.0201233067 -0.9995136261 0.2906904817 0.9567376375 -0.0123334285
306.0 -506.1 2231.0 0.9565204978 -0.0499858595 -0.2873498499 0.0238236040 0.9953027368 -0.0938343927 0.2906904817 0.0829088092 0.9532183409
95.1 -474.0 2492.8 0 0 0 0 0 0 0 0 0
295.7 -565.6 2753.7 0 0 0 0 0 0 0 0 0
-100.4 -872.9 2196.1 0 0 0 0 0 0 0 0 0
324.6 -877.5 2200.0 0 0 0 0 0 0 0 0 0
116.3 -2.6 2981.0 07 0.9872359037 0.0608431697 0.1471847892 0.0169517174 0.8787593246 -0.4769640267 -0.1583600193 0.4733710289 0.8665114045
104.2 -177.4 2886.8 0.9872359037 0.0608431697 0.1471847892 0.0169517174 0.8787593246 -0.4769640267 -0.1583600193 0.4733710289 0.8665114045
92.1 -345.9 2791.4 0.9873207211 0.0625532791 0.1458935142 0.0181523841 0.8685615063 -0.4952488542 -0.1576969326 0.4916177690 0.8564132452
-30.6 -179.8 2908.4 -0.3197588921 -0.4080508351 -0.8551308513 0.5157533288 0.6821334362 -0.5183555484 0.7948287725 -0.6067854166 -0.0076646465
57.5 -321.9 2689.4 -0.1467071027 -0.4105792642 -0.8999453783 0.5922958851 0.6922045946 -0.4123570919 0.7922515869 -0.5935297012 0.1416330934
239.1 -174.9 2865.3 0.5397891402 0.6560230851 0.5275048614 -0.8249958754 0.2876818180 0.4864370227 0.1673603654 -0.6977627277 0.6965038776
372.3 -378.5 2906.6 -0.3125487864 0.6560230851 0.6869839430 -0.7379580140 0.2876818180 -0.6104565263 -0.5981063843 -0.6977627277 0.3942028880
-7.4 -521.1 2714.2 0.9877650738 0.1487285048 -0.0469042063 -0.0413151011 -0.0404503755 -0.9983270168 -0.1503769755 0.9880504012 -0.0338107347
-81.7 -500.9 2220.4 0.9877650738 0.0521461852 0.1469726115 -0.0413151011 0.9962660670 -0.0758090913 -0.1503769755 0.0688093901 0.9862312078
168.9 -515.2 2682.7 0.9566358924 -0.2897581458 0.0297999792 0.0251735188 -0.0196814854 -0.9994893074 0.2901966870 0.9568974972 -0.0115337828
306.3 -505.8 2228.8 0.9566358924 -0.0484734811 -0.2872248888 0.0251735188 0.9961251020 -0.0842676386 0.2901966870 0.0733829811 0.9541492462
94.7 -472.2 2488.3 0 0 0 0 0 0 0 0 0
293.0 -565.9 2754.8 0 0 0 0 0 0 0 0 0
-101.2 -872.8 2194.7 0 0 0 0 0 0 0 0 0
324.4 -877.6 2201.5 0 0 0 0 0 0 0 0 0
115.5 -1.0 2981.5 08 0.9904952645 0.0545980409 0.1262463182 0.0119885318 0.8800821304 -0.4746700823 -0.1370231807 0.4716719687 0.8710626960
104.6 -176.5 2887.4 0.9904952645 0.0545980409 0.1262463182 0.0119885318 0.8800821304 -0.4746700823 -0.1370231807 0.4716719687 0.8710626960
94.5 -345.3 2792.1 0.9907717109 0.0522127412 0.1250811815 0.0165157504 0.8694444299 -0.4937546551 -0.1345314085 0.4912639558 0.8605585694
-30.7 -178.8 2905.8 -0.3140082955 -0.3968548775 -0.8624992967 0.5202369690 0.6880045533 -0.5059676170 0.7941991687 -0.6075820327 -0.0095805516
54.9 -320.7 2689.1 -0.1683486104 -0.3981215060 -0.9017527699 0.5896416903 0.6924214363 -0.4157827199 0.7899249792 -0.6017074585 0.1181808412
239.9 -174.3 2869.0 0.5344687104 0.6726171374 0.5117903352 -0.8254454136 0.2852890491 0.4870831966 0.1816123426 -0.6827856898 0.7076868415
371.8 -378.0 2913.9 -0.2994998693 0.6726171374 0.6766726971 -0.7387902737 0.2852890491 -0.6105727553 -0.6037290096 -0.6827856898 0.4114789963
-8.5 -516.1 2710.1 0.9880171418 0.1485853195 -0.0417670496 -0.0373187959 -0.0326016359 -0.9987714887 -0.1497644633 0.9883620739 -0.0266659483
-82.1 -500.0 2220.0 0.9880171418 0.0473373793 0.1469056010 -0.0373187959 0.9968331456 -0.0702209994 -0.1497644633 0.0638972074 0.9866548181
168.4 -512.9 2681.8 0.9560278654 -0.2921435237 0.0257454775 0.0216481294 -0.0172497332 -0.9996168017 0.2924757004 0.9562188983 -0.0101668658
306.8 -504.7 2228.8 0.9560278654 -0.0456974991 -0.2896936536 0.0216481294 0.9960870147 -0.0856852457 0.2924757004 0.0756461620 0.9532762766
97.7 -470.3 2488.7 0 0 0 0 0 0 0 0 0
295.8 -565.5 2760.6 0 0 0 0 0 0 0 0 0
-99.8 -872.1 2196.2 0 0 0 0 0 0 0 0 0
323.9 -876.5 2200.6 0 0 0 0 0 0 0 0 0
115.3 -0.8 2980.2 09 0.9880091548 0.0639217123 0.1405414641 0.0110498155 0.8786615133 -0.4773173034 -0.1539993137 0.4731468260 0.8674193025
102.6 -175.5 2886.2 0.9880091548 0.0639217123 0.1405414641 0.0110498155 0.8786615133 -0.4773173034 -0.1539993137 0.4731468260 0.8674193025
90.5 -343.8 2790.2 0.9883325100 0.0621591397 0.1390508562 0.0155265070 0.8670631051 -0.4979563057 -0.1515184045 0.4943053722 0.8559815288
-32.4 -177.6 2906.9 -0.3195589483 -0.3998764455 -0.8590581417 0.5236989260 0.6810196638 -0.5118121505 0.7896971107 -0.6134420037 -0.0082110679
56.1 -322.6 2688.2 -0.1687803417 -0.4047173858 -0.8987308145 0.5787892342 0.6973543763 -0.4227291048 0.7978196740 -0.5915240645 0.1165463626
237.6 -173.3 2865.5 0.5360986590 0.6612324119 0.5247569680 -0.8271462321 0.2873084843 0.4829936922 0.1686039567 -0.6929830313 0.7009615898
369.9 -377.5 2907.1 -0.3111848533 0.6612324119 0.6825947762 -0.7354820371 0.2873084843 -0.6136122942 -0.6018556356 -0.6929830313 0.3969185054
-4.4 -515.5 2708.8 0.9865217209 0.1604353040 -0.0321770273 -0.0272257365 -0.0329654589 -0.9990856051 -0.1613493264 0.9864957333 -0.0281531736
-83.6 -499.3 2221.6 0.9865217209 0.0404629409 0.1585483998 -0.0272257365 0.9960267544 -0.0847904682 -0.1613493264 0.0793310404 0.9837037325
173.1 -512.6 2684.7 0.9595375657 -0.2799890637 0.0298965853 0.0270593558 -0.0139942626 -0.9995358586 0.2802774906 0.9599011540 -0.0058516967
304.7 -506.0 2233.2 0.9595375657 -0.0573704951 -0.2756742835 0.0270593558 0.9932802916 -0.1125259623 0.2802774906 0.1005133167 0.9546421170
98.9 -469.5 2485.8 0 0 0 0 0 0 0 0 0
290.9 -564.2 2754.3 0 0 0 0 0 0 0 0 0
-98.7 -871.0 2192.0 0 0 0 0 0 0 0 0 0
326.2 -876.6 2195.7 0 0 0 0 0 0 0 0 0
115.0 -0.3 2979.6 10 0.9874865413 0.0536841378 0.1482845247 0.0246510822 0.8761727214 -0.4813664258 -0.1557645947 0.4789982736 0.8638854623
104.3 -175.2 2884.0 0.9874865413 0.0536841378 0.1482845247 0.0246510822 0.8761727214 -0.4813664258 -0.1557645947 0.4789982736 0.8638854623
93.4 -342.7 2786.5 0.9875829220 0.0558936745 0.1468192935 0.0261800922 0.8629438877 -0.5046210885 -0.1549019367 0.5021989346 0.8507653475
-30.6 -178.8 2905.1 -0.3359949887 -0.4081202745 -0.8488493562 0.5053049326 0.6824548244 -0.5281309485 0.7948423028 -0.6063771248 -0.0230762176
63.0 -319.6 2683.6 -0.1412526220 -0.4096460938 -0.9012423754 0.5997565389 0.6888739467 -0.4071176648 0.7876165509 -0.5980324149 0.1483826637
239.2 -171.6 2862.8 0.5444682240 0.6559730768 0.5227366686 -0.8235817552 0.2999835908 0.4813761115 0.1589573473 -0.6926103830 0.7035790086
373.6 -375.0 2902.1 -0.3065857887 0.6559730768 0.6897132993 -0.7326185703 0.2999835908 -0.6109663248 -0.6076801419 -0.6926103830 0.3886073828
-10.1 -513.5 2707.9 0.9882147312 0.1496083140 -0.0323880389 -0.0289018769 -0.0254182220 -0.9992589951 -0.1503207088 0.9884185791 -0.0207947008
-83.6 -501.0 2222.1 0.9882147312 0.0414882526 0.1473443508 -0.0289018769 0.9958274364 -0.0865583271 -0.1503207088 0.0812796801 0.9852904677
167.0 -510.7 2680.7 0.9553847313 -0.2938086689 0.0302742105 0.0278099533 -0.0125622787 -0.9995343089 0.2940521538 0.9557816982 -0.0038310033
304.7 -504.8 2232.8 0.9553847313 -0.0579440445 -0.2896248400 0.0278099533 0.9938591719 -0.1071006656 0.2940521538 0.0942678824 0.9511292577
98.8 -471.8 2483.8 0 0 0 0 0 0 0 0 0
295.8 -560.9 2747.8 0 0 0 0 0 0 0 0 0
-99.1 -872.7 2191.8 0 0 0 0 0 0 0 0 0
326.3 -875.7 2197.6 0 0 0 0 0 0 0 0 0
116.0 -4.9 2979.8 11 0.9890877008 0.0604298078 0.1343641132 0.0122376643 0.8751573563 -0.4836835861 -0.1468186527 0.4800497890 0.8648679256
104.0 -179.6 2884.0 0.9890877008 0.0604298078 0.1343641132 0.0122376643 0.8751573563 -0.4836835861 -0.1468186527 0.4800497890 0.8648679256
92.2 -347.1 2786.6 0.9892703891 0.0606951900 0.1328918636 0.0148586920 0.8631015420 -0.5048117638 -0.1453388184 0.5013698936 0.8529389501
-31.2 -181.6 2903.8 -0.3039555848 -0.3987435699 -0.8652251363 0.5184475780 0.6927058101 -0.5013689399 0.7992641330 -0.6009677649 -0.0038241597
63.9 -343.8 2653.8 -0.1487923563 -0.3942241371 -0.9068892598 0.6249700189 0.6732288599 -0.3951902986 0.7663376331 -0.6255798936 0.1462069452
239.1 -177.6 2864.1 0.5336403847 0.6659915447 0.5212324262 -0.8293590546 0.2914991379 0.4766463637 0.1655036360 -0.6866465807 0.7079018354
370.8 -382.3 2905.0 -0.3088500202 0.6659915447 0.6790190935 -0.7301346064 0.2914991379 -0.6180062294 -0.6095204353 -0.6866465807 0.3962339163
-5.9 -512.6 2702.9 0.9868828058 0.1579856575 -0.0332096592 -0.0299924053 -0.0227056332 -0.9992921948 -0.1586278826 0.9871802926 -0.0176694300
-83.1 -501.5 2220.6 0.9868828058 0.0435158163 0.1554629207 -0.0299924053 0.9956423640 -0.0882988721 -0.1586278826 0.0824779272 0.9838874936
171.0 -507.9 2675.2 0.9569298625 -0.2891672850 0.0258362927 0.0243283566 -0.0088084415 -0.9996652007 0.2892980576 0.9572380781 -0.0013940956
305.3 -503.8 2230.5 0.9569298625 -0.0527886413 -0.2854796052 0.0243283566 0.9944521785 -0.1023374349 0.2892980576 0.0909844935 0.9529052973
101.6 -502.3 2459.5 0 0 0 0 0 0 0 0 0
292.4 -567.7 2750.3 0 0 0 0 0 0 0 0 0
-99.3 -873.1 2189.9 0 0 0 0 0 0 0 0 0
325.0 -875.0 2196.5 0 0 0 0 0 0 0 0 0
116.4 -7.1 2981.9 12 0.9876316190 0.0632789508 0.1434556395 0.0148565909 0.8730574250 -0.4873910546 -0.1560866088 0.4834940732 0.8613190055
103.9 -180.3 2886.0 0.9876316190 0.0632789508 0.1434556395 0.0148565909 0.8730574250 -0.4873910546 -0.1560866088 0.4834940732 0.8613190055
91.5 -347.8 2788.7 0.9877877831 0.0636933818 0.1421916336 0.0169916078 0.8631422520 -0.5046749115 -0.1548760533 0.5009277463 0.8515191078
-31.0 -182.6 2907.1 -0.2820377350 -0.4060181677 -0.8692548275 0.5263963342 0.6919937134 -0.4940158129 0.8020982742 -0.5969036818 0.0185581334
58.0 -348.8 2654.0 -0.1804344356 -0.3950306773 -0.9007741809 0.6360837221 0.6516630650 -0.4131982327 0.7502272725 -0.6475229859 0.1336901188
238.8 -178.0 2864.8 0.5369802117 0.6587067246 0.5270272493 -0.8282455802 0.2930295765 0.4776430726 0.1601921469 -0.6929928660 0.7029220462
371.4 -382.5 2904.4 -0.3131609261 0.6587067246 0.6841313243 -0.7306971550 0.2930295765 -0.6166160703 -0.6066398621 -0.6929928660 0.3895497024
-8.2 -516.0 2702.3 0.9875788093 0.1526393890 -0.0372739434 -0.0334456488 -0.0275727976 -0.9990600944 -0.1535236835 0.9878972173 -0.0221251864
-82.6 -502.6 2220.7 0.9875788093 0.0452147387 0.1504784375 -0.0334456488 0.9962460995 -0.0798439607 -0.1535236835 0.0738193542 0.9853837490
169.0 -513.3 2676.3 0.9561325908 -0.2913282514 0.0306311678 0.0275213141 -0.0147675257 -0.9995121360 0.2916384637 0.9565091729 -0.0061019766
304.3 -506.5 2232.2 0.9561325908 -0.0596636645 -0.2867937684 0.0275213141 0.9930039644 -0.1148289517 0.2916384637 0.1018987671 0.9510855079
103.7 -510.0 2463.7 0 0 0 0 0 0 0 0 0
291.9 -567.9 2750.4 0 0 0 0 0 0 0 0 0
-99.5 -874.4 2193.2 0 0 0 0 0 0 0 0 0
326.5 -877.1 2194.2 0 0 0 0 0 0 0 0 0
116.5 -4.9 2983.4 13 0.9882850647 0.0617195219 0.1395829171 0.0131733464 0.8766712546 -0.4809095263 -0.1520498395 0.4771144390 0.8655880094
104.3 -178.9 2888.7 0.9882850647 0.0617195219 0.1395829171 0.0131733464 0.8766712546 -0.4809095263 -0.1520498395 0.4771144390 0.8655880094
92.4 -347.5 2793.2 0.9884806871 0.0609243177 0.1385429502 0.0159572009 0.8683435917 -0.4957063496 -0.1505034566 0.4922069311 0.8573687077
-30.8 -181.1 2909.3 -0.2691529393 -0.4072282016 -0.8727667928 0.5321812630 0.6924062967 -0.4871926010 0.8027077913 -0.5955994725 0.0303560179
51.3 -343.4 2664.4 -0.2013600022 -0.3952597380 -0.8962275982 0.6231748462 0.6542217135 -0.4285406768 0.7557163835 -0.6447974443 0.1145818308
239.3 -176.7 2868.2 0.5367070436 0.6617087126 0.5235333443 -0.8262006044 0.2861835659 0.4852747321 0.1712838560 -0.6929939389 0.7003008127
371.8 -380.7 2910.5 -0.3100094199 0.6617087126 0.6826681495 -0.7371422648 0.2861835659 -0.6121439934 -0.6004294157 -0.6929939389 0.3990538418
-9.3 -516.9 2705.4 0.9880861640 0.1500670165 -0.0341404304 -0.0300689507 -0.0293175280 -0.9991177917 -0.1509355456 0.9882410765 -0.0244558882
-83.0 -502.5 2220.2 0.9880861640 0.0406571366 0.1484340727 -0.0300689507 0.9968863726 -0.0728931725 -0.1509355456 0.0675614774 0.9862321615
167.7 -513.9 2677.6 0.9553877711 -0.2937456667 0.0307845064 0.0257597826 -0.0209601205 -0.9994484186 0.2942288816 0.9556537867 -0.0124582192
303.5 -504.2 2235.5 0.9553877711 -0.0602605902 -0.2891415954 0.0257597826 0.9922353029 -0.1216777787 0.2942288816 0.1088012382 0.9495217800
102.4 -501.5 2472.8 0 0 0 0 0 0 0 0 0
293.1 -567.8 2758.0 0 0 0 0 0 0 0 0 0
-98.2 -874.7 2195.0 0 0 0 0 0 0 0 0 0
326.0 -874.6 2194.9 0 0 0 0 0 0 0 0 0
116.0 -6.8 2982.2 14 0.9855412841 0.0693742186 0.1545818448 0.0147723714 0.8736796975 -0.4862772226 -0.1687901169 0.4815298319 0.8600226045
102.3 -180.3 2886.6 0.9855412841 0.0693742186 0.1545818448 0.0147723714 0.8736796975 -0.4862772226 -0.1687901169 0.4815298319 0.8600226045
88.4 -348.0 2789.8 0.9856127501 0.0714388862 0.1531795710 0.0156539530 0.8638069034 -0.5035797954 -0.1682927459 0.4987325370 0.8502607942
-32.4 -182.5 2909.6 -0.2950369120 -0.4104464054 -0.8628365993 0.5229426026 0.6864145994 -0.5053375959 0.7996776104 -0.6003072262 0.0121222669
54.1 -335.8 2675.1 -0.1761565208 -0.4040068984 -0.8976342678 0.6194288135 0.6632172465 -0.4200605452 0.7650338411 -0.6300169230 0.1334234625
236.9 -178.2 2863.6 0.5381444097 0.6495425701 0.5371173024 -0.8286373019 0.2911793590 0.4780950248 0.1541456133 -0.7023596168 0.6949317455
369.8 -382.7 2901.7 -0.3222301602 0.6495425701 0.6886669397 -0.7312773466 0.2911793590 -0.6168047190 -0.6011664867 -0.7023596168 0.3811690211
-8.0 -517.5 2711.1 0.9878355265 0.1488883048 -0.0448688976 -0.0405878387 -0.0316699632 -0.9986739159 -0.1501118690 0.9883467555 -0.0252416600
-82.0 -501.7 2219.8 0.9878355265 0.0495132990 0.1474088728 -0.0405878387 0.9971907139 -0.0629547760 -0.1501118690 0.0562059544 0.9870700836
169.2 -514.6 2684.2 0.9571211934 -0.2882076800 0.0292455573 0.0243974607 -0.0203999989 -0.9994941950 0.2886584997 0.9573506117 -0.0124937370
304.4 -505.0 2235.1 0.9571211934 -0.0576784723 -0.2838875949 0.0243974607 0.9925459623 -0.1194036305 0.2886584997 0.1073576137 0.9513940215
98.8 -492.9 2481.0 0 0 0 0 0 0 0 0 0
288.0 -568.4 2749.1 0 0 0 0 0 0 0 0 0
-100.4 -873.9 2198.8 0 0 0 0 0 0 0 0 0
325.9 -875.5 2195.0 0 0 0 0 0 0 0 0 0
114.9 -7.3 2981.6 15 0.9846086502 0.0677670911 0.1611005068 0.0195404273 0.8733044267 -0.4867829084 -0.1736776382 0.4824386537 0.8585388660
101.5 -180.7 2885.8 0.9846086502 0.0677670911 0.1611005068 0.0195404273 0.8733044267 -0.4867829084 -0.1736776382 0.4824386537 0.8585388660
88.0 -348.3 2788.7 0.9847189188 0.0694616362 0.1596990377 0.0209350698 0.8631480932 -0.5045167208 -0.1728884727 0.5001505017 0.8485040069
-33.1 -183.6 2909.4 -0.3031809628 -0.4181100130 -0.8563091159 0.5098587275 0.6879901886 -0.5164431930 0.8050623536 -0.5931724310 0.0045915218
52.9 -328.1 2681.2 -0.1721238792 -0.4133061767 -0.8941763639 0.6066023111 0.6707319021 -0.4267931581 0.7761488557 -0.6158707142 0.1352635026
236.0 -177.9 2862.1 0.5430425406 0.6447715163 0.5379353762 -0.8262125254 0.2958970368 0.4793931544 0.1499255896 -0.7047798634 0.6934030056
370.1 -381.9 2899.2 -0.3213724196 0.6447715163 0.6935340166 -0.7316406369 0.2958970368 -0.6141228676 -0.6011835933 -0.7047798634 0.3766479194
-13.8 -517.1 2708.1 0.9891640544 0.1394568086 -0.0458937213 -0.0418134928 -0.0320499241 -0.9986112714 -0.1407340318 0.9897093773 -0.0258714594
-82.1 -501.4 2223.4 0.9891640544 0.0529450066 0.1369352490 -0.0418134928 0.9956779480 -0.0829280242 -0.1407340318 0.0763036832 0.9871026874
162.8 -514.3 2677.9 0.9518517852 -0.3048648536 0.0321804509 0.0284246840 -0.0167511739 -0.9994555712 0.3052379191 0.9522482753 -0.0072789486
305.1 -506.4 2233.4 0.9518517852 -0.0600106381 -0.3006274700 0.0284246840 0.9937049747 -0.1083626226 0.3052379191 0.0945999175 0.9475656748
96.5 -482.0 2484.3 0 0 0 0 0 0 0 0 0
288.5 -567.6 2746.5 0 0 0 0 0 0 0 0 0
-101.8 -873.0 2194.9 0 0 0 0 0 0 0 0 0
327.5 -877.4 2198.1 0 0 0 0 0 0 0 0 0
115.3 -8.5 2979.3 16 0.9818636775 0.0760817602 0.1736528724 0.0165245775 0.8781179786 -0.4781587720 -0.1888668537 0.4723562598 0.8609349132
100.2 -182.6 2885.6 0.9818636775 0.0760817602 0.1736528724 0.0165245775 0.8781179786 -0.4781587720 -0.1888668537 0.4723562598 0.8609349132
85.4 -351.1 2790.6 0.9821015000 0.0763953850 0.1721639335 0.0192489289 0.8685571551 -0.4952150285 -0.1873663664 0.4896653891 0.8515407443
-34.0 -185.2 2911.2 -0.3103306890 -0.4301768839 -0.8477279544 0.4967837334 0.6869125962 -0.5304309726 0.8104941249 -0.5857464671 0.0005348059
52.8 -324.1 2684.6 -0.1662766784 -0.4256611764 -0.8894743323 0.6025158167 0.6702033877 -0.4333614409 0.7805938721 -0.6079802513 0.1450283825
234.3 -179.9 2860.0 0.5454874039 0.6343703270 0.5477387905 -0.8244046569 0.2883794904 0.4870258570 0.1509981006 -0.7172248960 0.6802852154
369.0 -383.5 2897.3 -0.3297345042 0.6343703270 0.6991776824 -0.7382282615 0.2883794904 -0.6098002195 -0.5884676576 -0.7172248960 0.3732214272
-13.7 -517.7 2707.1 0.9892051220 0.1399233937 -0.0435283370 -0.0393536352 -0.0324666090 -0.9986977577 -0.1411543936 0.9896299243 -0.0266096406
-82.1 -501.8 2223.4 0.9892051220 0.0508598350 0.1374283433 -0.0393536352 0.9955878258 -0.0851834267 -0.1411543936 0.0788555741 0.9868420362
162.7 -514.0 2676.1 0.9515317678 -0.3068282008 0.0210643876 0.0166949872 -0.0168584418 -0.9997184873 0.3070969582 0.9516155720 -0.0109188501
305.7 -506.1 2232.6 0.9515317678 -0.0501761511 -0.3034297526 0.0166949872 0.9935739636 -0.1119465306 0.3070969582 0.1014549285 0.9462549090
95.0 -477.0 2486.5 0 0 0 0 0 0 0 0 0
285.3 -570.9 2748.0 0 0 0 0 0 0 0 0 0
-101.1 -873.5 2193.9 0 0 0 0 0 0 0 0 0
324.4 -877.0 2194.7 0 0 0 0 0 0 0 0 0
116.5 -6.2 2981.1 17 0.9818174839 0.0747689307 0.1744820327 0.0172452871 0.8802292943 -0.4742352068 -0.1890422553 0.4686214328 0.8629351258
101.7 -180.6 2888.2 0.9818174839 0.0747689307 0.1744820327 0.0172452871 0.8802292943 -0.4742352068 -0.1890422553 0.4686214328 0.8629351258
86.3 -349.7 2794.2 0.9817206860 0.0792776868 0.1730305552 0.0161442645 0.8711580038 -0.4907372892 -0.1896414757 0.4845604002 0.8539539576
-32.4 -182.8 2914.1 -0.3175708652 -0.4296812117 -0.8452944756 0.4968402684 0.6838758588 -0.5342878699 0.8076499701 -0.5896506310 -0.0036961050
56.2 -321.6 2688.6 -0.1395601630 -0.4301589429 -0.8919003606 0.5918366909 0.6858951449 -0.4234113693 0.7938842773 -0.5869507194 0.1588602215
235.8 -178.4 2862.3 0.5441291928 0.6333758831 0.5502348542 -0.8246559501 0.2829915285 0.4897533953 0.1544861794 -0.7202435732 0.6763011217
370.2 -382.1 2900.5 -0.3325890303 0.6333758831 0.6987270713 -0.7408391833 0.2829915285 -0.6091576815 -0.5835596323 -0.7202435732 0.3751097918
-17.4 -521.5 2712.3 0.9901418090 0.1333200186 -0.0429536328 -0.0375803597 -0.0425626598 -0.9983867407 -0.1349331737 0.9901586771 -0.0371328518
-83.2 -500.5 2223.7 0.9901418090 0.0474275388 0.1317948103 -0.0375803597 0.9963821769 -0.0762250721 -0.1349331737 0.0705207288 0.9883419871
158.5 -518.0 2678.8 0.9489886165 -0.3146165609 0.0209038071 0.0139590651 -0.0243108571 -0.9996069670 0.3150011003 0.9489074945 -0.0186789744
307.4 -506.5 2229.8 0.9489886165 -0.0431444570 -0.3123445213 0.0139590651 0.9953717589 -0.0950801894 0.3150011003 0.0858699828 0.9451987147
91.6 -471.7 2487.2 0 0 0 0 0 0 0 0 0
285.7 -570.1 2752.4 0 0 0 0 0 0 0 0 0
-100.9 -872.4 2197.4 0 0 0 0 0 0 0 0 0
323.5 -878.0 2197.8 0 0 0 0 0 0 0 0 0
115.5 -3.8 2981.5 18 0.9862672091 0.0774505138 0.1458713412 0.0016420869 0.8785829544 -0.4775869250 -0.1651494205 0.4712678492 0.8663904071
100.0 -179.3 2887.4 0.9862672091 0.0774505138 0.1458713412 0.0016420869 0.8785829544 -0.4775869250 -0.1651494205 0.4712678492 0.8663904071
85.1 -348.2 2792.8 0.9865096807 0.0769407824 0.1444949061 0.0043882574 0.8699189425 -0.4931752086 -0.1636441350 0.4871562123 0.8578457832
-34.7 -179.9 2909.7 -0.3367364705 -0.4021110237 -0.8514195681 0.5078353286 0.6838851571 -0.5238362551 0.7929134965 -0.6087757349 -0.0260828827
56.9 -318.1 2694.0 -0.1216581538 -0.4076000452 -0.9050201774 0.5823510289 0.7090564966 -0.3976256251 0.8037826419 -0.5754138231 0.1511037946
234.8 -178.7 2865.0 0.5297832489 0.6555457711 0.5381351709 -0.8313252926 0.2756786048 0.4825967252 0.1680119038 -0.7030370235 0.6910216808
