192.2 24.5 2717.6 8 0.9897803068 0.0755693987 0.1209308282 0.0014366020 0.8427100778 -0.5383657217 -0.1425935924 0.5330375433 0.8339892626
176.9 -146.3 2609.6 0.9897803068 0.0755693987 0.1209308282 0.0014366020 0.8427100778 -0.5383657217 -0.1425935924 0.5330375433 0.8339892626
159.6 -309.2 2496.8 0.9892638922 0.0869188458 0.1174820960 -0.0038445115 0.8191007376 -0.5736368299 -0.1460895240 0.5670265555 0.8106409311
37.7 -145.8 2630.1 0.2659913898 -0.4715949893 -0.8407417536 0.6013920903 0.7628032565 -0.2376105040 0.7533764839 -0.4424131215 0.4865126014
-37.2 -315.1 2418.0 -0.2666573822 -0.4715949893 -0.8405308127 0.3548568785 0.7628032565 -0.5405624509 0.8960861564 -0.4424131215 -0.0360583849
316.1 -146.9 2589.0 -0.0877232403 0.1308873892 0.9875085354 -0.5505248308 0.8198143244 -0.1575654000 -0.8301969767 -0.5574701428 0.0001399857
290.8 -305.3 2350.0 -0.4550158679 0.1434107274 0.8788594604 -0.4257564247 0.8317943811 -0.3561595082 -0.7821074128 -0.5362382531 -0.3174216151
51.6 -471.6 2397.5 0.8443548679 0.3365253210 0.4169119895 0.2753246427 0.3950093687 -0.8764496446 -0.4596316218 0.8548206091 0.2408743501
-82.2 -628.7 2057.7 0.8443548679 0.3365253210 0.4169119895 0.2753246427 0.3950093687 -0.8764496446 -0.4596316218 0.8548206091 0.2408743501
233.1 -472.3 2370.7 0.9453576803 0.0011563735 0.3260330558 0.3004313409 0.3853590786 -0.8724903464 -0.1266487241 0.9227659702 0.3639547527
232.6 -625.6 2003.8 0.9453576803 0.0011563735 0.3260330558 0.3004313409 0.3853590786 -0.8724903464 -0.1266487241 0.9227659702 0.3639547527
32.1 -407.3 2185.2 0 0 0 0 0 0 0 0 0
172.5 -416.0 2146.7 0 0 0 0 0 0 0 0 0
-210.9 -779.7 1730.9 0 0 0 0 0 0 0 0 0
232.2 -772.9 1651.0 0 0 0 0 0 0 0 0 0
193.1 24.3 2716.7 9 0.9903146029 0.0757426247 0.1163615435 -0.0019514593 0.8455998302 -0.5338137150 -0.1388277560 0.5284164548 0.8375576735
177.7 -147.2 2609.6 0.9903146029 0.0757426247 0.1163615435 -0.0019514593 0.8455998302 -0.5338137150 -0.1388277560 0.5284164548 0.8375576735
160.2 -310.7 2498.0 0.9896964431 0.0879577622 0.1129794195 -0.0082515841 0.8227914572 -0.5682834387 -0.1429434419 0.5614958405 0.8150396347
38.4 -146.0 2629.7 0.2513639033 -0.4440031648 -0.8600449562 0.5915582776 0.7737728357 -0.2265709341 0.7660776973 -0.4518149793 0.4571523070
-33.2 -314.6 2411.4 -0.2658199370 -0.4440031648 -0.8556874394 0.3677944839 0.7737728357 -0.5157545805 0.8911043406 -0.4518149793 -0.0423823334
317.0 -148.3 2589.5 -0.0919460803 0.1364556700 0.9863699675 -0.5457383990 0.8216425776 -0.1645389646 -0.8328958750 -0.5534287095 -0.0010777108
290.5 -305.4 2349.7 -0.4487776756 0.1465146840 0.8815509081 -0.4270398915 0.8313869238 -0.3555737436 -0.7850067019 -0.5360310078 -0.3105402887
51.9 -473.5 2399.4 0.8458994031 0.3385968208 0.4120757580 0.2682050169 0.3977709711 -0.8774077296 -0.4609992504 0.8527194262 0.2456608564
-82.7 -631.7 2060.4 0.8458994031 0.3385968208 0.4120757580 0.2682050169 0.3977709711 -0.8774077296 -0.4609992504 0.8527194262 0.2456608564
233.5 -475.1 2373.2 0.9467759132 0.0020262303 0.3218870163 0.2970756292 0.3795301914 -0.8761865497 -0.1239411905 0.9251771569 0.3587281108
232.7 -626.0 2005.4 0.9467759132 0.0020262303 0.3218870163 0.2970756292 0.3795301914 -0.8761865497 -0.1239411905 0.9251771569 0.3587281108
35.9 -410.1 2179.8 0 0 0 0 0 0 0 0 0
173.9 -416.4 2145.6 0 0 0 0 0 0 0 0 0
-212.1 -783.8 1734.4 0 0 0 0 0 0 0 0 0
232.0 -771.1 1651.6 0 0 0 0 0 0 0 0 0
193.8 23.6 2725.7 0 0.9910616875 0.0831176490 0.1043463647 -0.0104814721 0.8282784820 -0.5602186322 -0.1329919100 0.5541175008 0.8217462897
177.0 -144.1 2613.6 0.9910616875 0.0831176490 0.1043463647 -0.0104814721 0.8282784820 -0.5602186322 -0.1329919100 0.5541175008 0.8217462897
158.6 -305.0 2498.4 0.9905064702 0.0926885828 0.1015171036 -0.0156544745 0.8097404838 -0.5865793228 -0.1365717202 0.5794214606 0.8035041690
37.6 -141.8 2632.8 0.2269686460 -0.4588617384 -0.8590291739 0.5937643647 0.7643544674 -0.2514083683 0.7719644308 -0.4529990852 0.4459402561
-29.5 -317.2 2404.8 -0.2427829951 -0.4588617384 -0.8546943069 0.3825768530 0.7643544674 -0.5190349221 0.8914546371 -0.4529990852 -0.0100223757
316.4 -146.3 2594.4 -0.0803827569 0.1468250751 0.9858909845 -0.5480384827 0.8196629286 -0.1667526364 -0.8325817585 -0.5537102222 0.0145790279
292.9 -306.2 2351.4 -0.4488785267 0.1576586962 0.8795747757 -0.4222715497 0.8300513625 -0.3642821908 -0.7875244617 -0.5349378586 -0.3060174286
49.3 -464.5 2395.8 0.8448073268 0.3379101157 0.4148702919 0.2608086765 0.4169611037 -0.8707021475 -0.4672038555 0.8437772989 0.2641218901
-85.0 -630.2 2060.4 0.8448073268 0.3379101157 0.4148702919 0.2608086765 0.4169611037 -0.8707021475 -0.4672038555 0.8437772989 0.2641218901
231.0 -467.4 2370.7 0.9506473541 -0.0023802517 0.3102642596 0.2862777412 0.3923250437 -0.8741430640 -0.1196437627 0.9198235869 0.3736441731
232.0 -623.3 2005.0 0.9506473541 -0.0023802517 0.3102642596 0.2862777412 0.3923250437 -0.8741430640 -0.1196437627 0.9198235869 0.3736441731
33.6 -416.6 2173.2 0 0 0 0 0 0 0 0 0
176.2 -416.0 2146.6 0 0 0 0 0 0 0 0 0
-214.2 -789.6 1737.9 0 0 0 0 0 0 0 0 0
232.9 -773.3 1653.4 0 0 0 0 0 0 0 0 0
193.0 24.9 2721.3 1 0.9884176850 0.0843265876 0.1261725724 -0.0011135067 0.8354139328 -0.5496202111 -0.1517539173 0.5431138277 0.8258317709
175.9 -144.6 2611.1 0.9884176850 0.0843265876 0.1261725724 -0.0011135067 0.8354139328 -0.5496202111 -0.1517539173 0.5431138277 0.8258317709
157.2 -306.5 2497.3 0.9879560471 0.0940222368 0.1228926927 -0.0053841555 0.8146237731 -0.5799648166 -0.1546408981 0.5723180771 0.8053187132
36.9 -143.8 2632.8 0.2462626696 -0.4270055592 -0.8700695038 0.5879630446 0.7794787884 -0.2161303461 0.7704895735 -0.4583438635 0.4430200160
-34.8 -315.0 2408.5 -0.2375777066 -0.4270055592 -0.8724809885 0.3923611939 0.7794787884 -0.4883293211 0.8885997534 -0.4583438635 -0.0176463686
314.9 -145.3 2589.3 -0.0696901977 0.1270069033 0.9894506335 -0.5605766177 0.8154586554 -0.1441563368 -0.8251649141 -0.5647091269 0.0143676242
295.1 -304.7 2354.8 -0.4492699802 0.1486255825 0.8809466362 -0.4181948304 0.8363779783 -0.3543796539 -0.7894742489 -0.5276194215 -0.3136050701
47.9 -467.9 2397.7 0.8400806189 0.3350217342 0.4266438484 0.2757771015 0.4135138988 -0.8677287698 -0.4671311677 0.8466207385 0.2549937069
-85.2 -632.3 2061.1 0.8400806189 0.3350217342 0.4266438484 0.2757771015 0.4135138988 -0.8677287698 -0.4671311677 0.8466207385 0.2549937069
229.2 -468.9 2369.3 0.9450073242 -0.0055684461 0.3270016909 0.3031811118 0.3898728192 -0.8695288301 -0.1226471439 0.9208518863 0.3701209128
231.4 -623.9 2003.2 0.9450073242 -0.0055684461 0.3270016909 0.3031811118 0.3898728192 -0.8695288301 -0.1226471439 0.9208518863 0.3701209128
26.9 -416.9 2177.6 0 0 0 0 0 0 0 0 0
178.3 -413.4 2149.5 0 0 0 0 0 0 0 0 0
-213.3 -790.4 1737.5 0 0 0 0 0 0 0 0 0
233.5 -773.0 1651.2 0 0 0 0 0 0 0 0 0
192.6 28.7 2718.5 2 0.9897361994 0.0743246078 0.1220576391 0.0015806948 0.8483635187 -0.5294118524 -0.1428975761 0.5241709948 0.8395385742
177.5 -144.0 2611.8 0.9897361994 0.0743246078 0.1220576391 0.0015806948 0.8483635187 -0.5294118524 -0.1428975761 0.5241709948 0.8395385742
160.7 -307.9 2500.7 0.9893351197 0.0845119208 0.1186327785 -0.0026442201 0.8247524500 -0.5654878020 -0.1456331313 0.5591432452 0.8161799908
38.3 -143.6 2632.3 0.2613832057 -0.4396459162 -0.8592963815 0.5903601646 0.7771340013 -0.2180313617 0.7636450529 -0.4503045976 0.4626791775
-37.8 -315.4 2410.1 -0.2412751466 -0.4396459162 -0.8651576638 0.3807426989 0.7771340013 -0.5010965466 0.8926484585 -0.4503045976 -0.0201111529
316.7 -144.3 2591.3 -0.0833616927 0.1295689791 0.9880600572 -0.5509582162 0.8201931715 -0.1540396214 -0.8303588629 -0.5572208166 0.0030144008
292.4 -304.7 2349.6 -0.4602347910 0.1418112665 0.8763980269 -0.4246667922 0.8317353129 -0.3575953841 -0.7796422243 -0.5367549658 -0.3225710094
53.1 -471.6 2402.9 0.8461312056 0.3181512654 0.4276000559 0.2767346501 0.4234122932 -0.8626354933 -0.4554996789 0.8482345343 0.2702188492
-73.3 -639.9 2065.8 0.8461312056 0.3181512654 0.4276000559 0.2767346501 0.4234122932 -0.8626354933 -0.4554996789 0.8482345343 0.2702188492
234.7 -472.1 2376.2 0.9445282221 0.0041581658 0.3284040093 0.3021543324 0.3808964491 -0.8738539219 -0.1287215501 0.9246083498 0.3585110307
233.0 -623.5 2008.6 0.9445282221 0.0041581658 0.3284040093 0.3021543324 0.3808964491 -0.8738539219 -0.1287215501 0.9246083498 0.3585110307
24.9 -414.3 2178.1 0 0 0 0 0 0 0 0 0
172.8 -415.1 2146.9 0 0 0 0 0 0 0 0 0
-194.9 -801.7 1741.5 0 0 0 0 0 0 0 0 0
231.4 -769.1 1655.2 0 0 0 0 0 0 0 0 0
194.1 26.7 2727.2 3 0.9928954244 0.0770586804 0.0906678364 -0.0150564890 0.8372145891 -0.5466672182 -0.1180338934 0.5414182544 0.8324267268
178.5 -143.0 2617.4 0.9928954244 0.0770586804 0.0906678364 -0.0150564890 0.8372145891 -0.5466672182 -0.1180338934 0.5414182544 0.8324267268
161.7 -306.4 2505.4 0.9924603701 0.0848473310 0.0884498879 -0.0195145682 0.8218327761 -0.5693944693 -0.1210026219 0.5633754134 0.8172922134
38.9 -140.3 2634.4 0.2542235851 -0.5108092427 -0.8212455511 0.6073361039 0.7451550961 -0.2754754126 0.7526707053 -0.4287397563 0.4996688962
-34.2 -314.9 2418.0 -0.2091242969 -0.5108092427 -0.8338710666 0.3760303855 0.7451550961 -0.5507676601 0.9027004838 -0.4287397563 0.0362497605
318.1 -145.8 2600.4 -0.0862969011 0.1589947641 0.9835006595 -0.5299921036 0.8285799623 -0.1804539263 -0.8436001539 -0.5368201733 0.0127620855
292.5 -303.2 2349.8 -0.4553987384 0.1507277489 0.8774355650 -0.4370891154 0.8207573891 -0.3678455651 -0.7756062746 -0.5510339737 -0.3078904450
53.8 -468.0 2404.5 0.8530122638 0.3308545351 0.4036153257 0.2514111996 0.4172138274 -0.8733413219 -0.4573428333 0.8464442492 0.2727079988
-77.7 -633.8 2068.0 0.8530122638 0.3308545351 0.4036153257 0.2514111996 0.4172138274 -0.8733413219 -0.4573428333 0.8464442492 0.2727079988
235.8 -471.6 2382.3 0.9525890946 0.0062563624 0.3041954637 0.2794253528 0.3776329458 -0.8827881217 -0.1203972697 0.9259342551 0.3579808176
233.3 -621.7 2014.2 0.9525890946 0.0062563624 0.3041954637 0.2794253528 0.3776329458 -0.8827881217 -0.1203972697 0.9259342551 0.3579808176
20.1 -412.6 2183.5 0 0 0 0 0 0 0 0 0
174.1 -416.8 2148.2 0 0 0 0 0 0 0 0 0
-204.2 -793.3 1744.5 0 0 0 0 0 0 0 0 0
230.9 -766.1 1660.2 0 0 0 0 0 0 0 0 0
191.8 22.0 2721.0 4 0.9908983707 0.0700340867 0.1149591208 0.0014624941 0.8483525515 -0.5294297338 -0.1346039921 0.5247792006 0.8405287266
177.6 -149.8 2614.7 0.9908983707 0.0700340867 0.1149591208 0.0014624941 0.8483525515 -0.5294297338 -0.1346039921 0.5247792006 0.8405287266
161.9 -315.0 2505.3 0.9904572368 0.0794476047 0.1126166880 -0.0034945628 0.8313413262 -0.5557512045 -0.1377760023 0.5500542521 0.8236856461
38.3 -149.3 2634.1 0.2631087005 -0.5137489438 -0.8166001439 0.5974156857 0.7513767481 -0.2802274227 0.7575409412 -0.4141194820 0.5046154857
-33.9 -313.3 2426.2 -0.1930519193 -0.5137489438 -0.8359383941 0.3690676391 0.7513767481 -0.5470119119 0.9091314673 -0.4141194820 0.0445533842
316.9 -150.3 2595.3 -0.0768408254 0.1363880187 0.9876708984 -0.5298641324 0.8335498571 -0.1563287973 -0.8445942998 -0.5353437662 0.0082164537
295.2 -300.4 2356.1 -0.4481538832 0.1341067255 0.8838402033 -0.4345327020 0.8313469887 -0.3464729786 -0.7812422514 -0.5393306613 -0.3142976463
55.3 -480.0 2408.6 0.8470296860 0.3385748267 0.4097655118 0.2680518031 0.3936184347 -0.8793251514 -0.4590086043 0.8546529412 0.2426509112
-79.3 -636.4 2069.0 0.8470296860 0.3385748267 0.4097655118 0.2680518031 0.3936184347 -0.8793251514 -0.4590086043 0.8546529412 0.2426509112
237.0 -480.6 2383.3 0.9453672171 0.0081512323 0.3259054720 0.3007401824 0.3640830517 -0.8814753890 -0.1258417666 0.9313308001 0.3417407870
233.7 -625.4 2013.1 0.9453672171 0.0081512323 0.3259054720 0.3007401824 0.3640830517 -0.8814753890 -0.1258417666 0.9313308001 0.3417407870
16.3 -409.2 2189.9 0 0 0 0 0 0 0 0 0
178.7 -413.3 2153.0 0 0 0 0 0 0 0 0 0
-208.6 -786.8 1742.3 0 0 0 0 0 0 0 0 0
230.6 -764.5 1657.0 0 0 0 0 0 0 0 0 0
190.6 21.3 2717.9 5 0.9909442067 0.0841666833 0.1046211421 -0.0156145040 0.8461053371 -0.5327869654 -0.1333634108 0.5263285637 0.8397573829
173.6 -150.4 2611.1 0.9909442067 0.0841666833 0.1046211421 -0.0156145040 0.8461053371 -0.5327869654 -0.1333634108 0.5263285637 0.8397573829
155.3 -314.5 2500.6 0.9905839562 0.0919698104 0.1014151126 -0.0190346669 0.8260849118 -0.5632240772 -0.1355771124 0.5559903383 0.8200570941
34.2 -147.7 2630.2 0.2384052724 -0.5254525542 -0.8167389631 0.6049731970 0.7382352352 -0.2983557880 0.7597172856 -0.4229755700 0.4938839078
-32.0 -315.6 2419.4 -0.2064014226 -0.5254525542 -0.8254078031 0.3716850579 0.7382352352 -0.5629022717 0.9051235914 -0.4229755700 0.0429300703
312.9 -153.0 2592.0 -0.0723405033 0.1511285305 0.9858635664 -0.5286664367 0.8323618770 -0.1663897634 -0.8457415104 -0.5332297087 0.0196831003
292.2 -304.4 2349.9 -0.4481689632 0.1457330585 0.8819900751 -0.4338415861 0.8271887898 -0.3571276963 -0.7816175818 -0.5426975489 -0.3074952662
46.2 -477.0 2402.5 0.8540014029 0.3292622864 0.4028249681 0.2588839531 0.4026661515 -0.8779743910 -0.4512878358 0.8540762663 0.2586367428
-84.7 -637.0 2063.0 0.8540014029 0.3292622864 0.4028249681 0.2588839531 0.4026661515 -0.8779743910 -0.4512878358 0.8540762663 0.2586367428
227.9 -480.5 2377.6 0.9505639076 -0.0081148278 0.3104228675 0.2915504873 0.3674396574 -0.8831683993 -0.1068949103 0.9300119877 0.3516407609
231.2 -626.6 2007.9 0.9505639076 -0.0081148278 0.3104228675 0.2915504873 0.3674396574 -0.8831683993 -0.1068949103 0.9300119877 0.3516407609
21.7 -412.2 2184.1 0 0 0 0 0 0 0 0 0
175.7 -417.2 2146.7 0 0 0 0 0 0 0 0 0
-210.5 -790.9 1736.6 0 0 0 0 0 0 0 0 0
234.3 -767.0 1652.4 0 0 0 0 0 0 0 0 0
190.4 21.1 2716.8 6 0.9890757203 0.0878467560 0.1183731034 -0.0108875036 0.8443697691 -0.5356501937 -0.1470057964 0.5285097957 0.8361020684
172.6 -150.0 2609.7 0.9890757203 0.0878467560 0.1183731034 -0.0108875036 0.8443697691 -0.5356501937 -0.1470057964 0.5285097957 0.8361020684
153.4 -313.6 2498.4 0.9886878729 0.0965204835 0.1148048118 -0.0143951606 0.8229578137 -0.5679201484 -0.1492954344 0.5598430634 0.8150377870
33.5 -148.0 2630.7 0.2372943908 -0.5330446959 -0.8121297359 0.5939338207 0.7411618829 -0.3129244447 0.7687222958 -0.4080961049 0.4924668372
-33.9 -316.8 2412.2 -0.2125087827 -0.5271638036 -0.8227626085 0.3812730312 0.7305219769 -0.5665408373 0.8997060061 -0.4340921044 0.0457510166
311.7 -152.1 2588.7 -0.0752713904 0.1392143667 0.9873973727 -0.5403963923 0.8264955282 -0.1577241719 -0.8380369544 -0.5454581380 0.0130194752
290.1 -307.6 2347.5 -0.4373033941 0.1462327391 0.8873453140 -0.4287110269 0.8334643841 -0.3486315608 -0.7905520797 -0.5328724980 -0.3017852306
43.6 -475.9 2400.8 0.8476161361 0.3321750462 0.4137712419 0.2660191655 0.4086935222 -0.8730426431 -0.4591086209 0.8500760794 0.2580502927
-88.5 -638.4 2062.9 0.8476161361 0.3321750462 0.4137712419 0.2660191655 0.4086935222 -0.8730426431 -0.4591086209 0.8500760794 0.2580502927
225.0 -478.5 2373.4 0.9478420615 -0.0134251295 0.3184575438 0.3002992272 0.3725248873 -0.8780919909 -0.1068448648 0.9279251099 0.3571262956
230.3 -626.6 2004.5 0.9478420615 -0.0134251295 0.3184575438 0.3002992272 0.3725248873 -0.8780919909 -0.1068448648 0.9279251099 0.3571262956
21.3 -415.9 2178.4 0 0 0 0 0 0 0 0 0
176.4 -419.1 2142.0 0 0 0 0 0 0 0 0 0
-215.5 -794.6 1737.9 0 0 0 0 0 0 0 0 0
235.4 -769.1 1649.8 0 0 0 0 0 0 0 0 0
191.9 23.5 2717.8 7 0.9839026332 0.0898864865 0.1544540524 0.0048494553 0.8505461216 -0.5258780718 -0.1786396354 0.5181618333 0.8364186883
173.7 -148.9 2612.7 0.9839026332 0.0898864865 0.1544540524 0.0048494553 0.8505461216 -0.5258780718 -0.1786396354 0.5181618333 0.8364186883
154.0 -314.1 2503.9 0.9835141301 0.0994487703 0.1510294080 0.0013992743 0.8309848905 -0.5562931895 -0.1808258295 0.5473335981 0.8171462417
35.4 -149.1 2638.2 0.2350328714 -0.5526069999 -0.7996155620 0.5743144751 0.7426512837 -0.3444298804 0.7841699123 -0.3782784641 0.4919176698
-32.9 -316.1 2410.2 -0.1974267662 -0.5411555767 -0.8174186945 0.3955429792 0.7189703584 -0.5715132356 0.8969773650 -0.4361562133 0.0721062869
312.0 -148.8 2587.3 -0.0783291012 0.1069988310 0.9911689162 -0.5508123636 0.8240467310 -0.1324866861 -0.8309454322 -0.5563256145 -0.0056105643
289.2 -309.1 2345.5 -0.4385044575 0.1248246655 0.8900183439 -0.4276607633 0.8420203924 -0.3287977874 -0.7904556394 -0.5248051882 -0.3158470690
44.1 -479.4 2411.7 0.8280910254 0.3476431966 0.4397834539 0.2762873769 0.4295112193 -0.8597589135 -0.4877812564 0.8334652781 0.2596249580
-94.0 -650.1 2080.5 0.8280910254 0.3476431966 0.4397834539 0.2762873769 0.4295112193 -0.8597589135 -0.4877812564 0.8334652781 0.2596249580
224.4 -479.2 2378.5 0.9382917285 -0.0144073553 0.3455445170 0.3261053860 0.3695751429 -0.8700973988 -0.1151688620 0.9290891290 0.3514676094
230.2 -626.1 2009.2 0.9382917285 -0.0144073553 0.3455445170 0.3261053860 0.3695751429 -0.8700973988 -0.1151688620 0.9290891290 0.3514676094
18.4 -418.9 2177.1 0 0 0 0 0 0 0 0 0
175.2 -420.2 2140.0 0 0 0 0 0 0 0 0 0
-226.9 -814.2 1762.0 0 0 0 0 0 0 0 0 0
235.7 -767.4 1654.0 0 0 0 0 0 0 0 0 0
192.4 25.8 2716.3 8 0.9843286872 0.0948272496 0.1486769468 -0.0027928380 0.8513869643 -0.5245306492 -0.1763214171 0.5158953071 0.8383094668
173.1 -147.2 2611.5 0.9843286872 0.0948272496 0.1486769468 -0.0027928380 0.8513869643 -0.5245306492 -0.1763214171 0.5158953071 0.8383094668
152.3 -312.0 2502.3 0.9839279652 0.1048024669 0.1445760280 -0.0061662286 0.8291093707 -0.5590524673 -0.1784594059 0.5491758585 0.8164300919
34.7 -146.3 2636.6 0.2428055257 -0.5530930758 -0.7969526052 0.6027072668 0.7297450900 -0.3228251040 0.7601246238 -0.4019454122 0.5105393529
-33.3 -315.2 2423.6 -0.1730951220 -0.5479422212 -0.8184115291 0.4059703946 0.7173861265 -0.5661670566 0.8973439336 -0.4302515984 0.0982722864
311.5 -148.1 2586.4 -0.0789732262 0.1144185886 0.9902886748 -0.5545615554 0.8204479814 -0.1390200853 -0.8283868432 -0.5601548553 -0.0013412718
288.8 -307.6 2348.1 -0.4283380806 0.1335418522 0.8936963081 -0.4291466773 0.8403021693 -0.3312482834 -0.7952104211 -0.5254130363 -0.3026243746
41.3 -476.3 2409.5 0.8316283226 0.3474099040 0.4332444370 0.2707530260 0.4274952412 -0.8625199199 -0.4848578870 0.8345981836 0.2614548504
-96.8 -646.2 2077.7 0.8316283226 0.3474099040 0.4332444370 0.2707530260 0.4274952412 -0.8625199199 -0.4848578870 0.8345981836 0.2614548504
221.7 -477.4 2376.8 0.9411064386 -0.0194199327 0.3375522494 0.3199413419 0.3740140498 -0.8704889417 -0.1093444452 0.9272196889 0.3582002521
229.5 -626.1 2008.1 0.9411064386 -0.0194199327 0.3375522494 0.3199413419 0.3740140498 -0.8704889417 -0.1093444452 0.9272196889 0.3582002521
11.6 -420.7 2190.4 0 0 0 0 0 0 0 0 0
177.5 -419.1 2141.4 0 0 0 0 0 0 0 0 0
-229.6 -809.6 1758.8 0 0 0 0 0 0 0 0 0
236.9 -769.1 1653.6 0 0 0 0 0 0 0 0 0
192.9 26.6 2725.5 9 0.9878792763 0.0915331617 0.1253644228 -0.0105481725 0.8453534245 -0.5341032743 -0.1548653990 0.5263071656 0.8360726237
174.3 -144.8 2618.8 0.9878792763 0.0915331617 0.1253644228 -0.0105481725 0.8453534245 -0.5341032743 -0.1548653990 0.5263071656 0.8360726237
154.9 -308.9 2508.3 0.9876901507 0.0979940295 0.1219233051 -0.0122150732 0.8253852129 -0.5644378066 -0.1559452266 0.5560003519 0.8164218664
35.4 -143.1 2640.7 0.2525036037 -0.4820519984 -0.8389683366 0.6025905609 0.7567373514 -0.2534427941 0.7570512295 -0.4415591359 0.4815588593
-37.2 -316.3 2423.2 -0.2061346769 -0.4820519984 -0.8515481949 0.3918754160 0.7567373514 -0.5232420564 0.8966282010 -0.4415591359 0.0329145081
313.3 -146.6 2596.8 -0.0737260580 0.1332788914 0.9883325100 -0.5440841317 0.8251727223 -0.1518631428 -0.8357852101 -0.5489323735 0.0116781984
291.4 -308.3 2348.4 -0.4405753314 0.1449897736 0.8859296441 -0.4233732224 0.8366706371 -0.3474728465 -0.7916113138 -0.5281668901 -0.3072316349
44.9 -471.9 2412.1 0.8444676399 0.3303125799 0.4216254652 0.2675201595 0.4218493104 -0.8663002253 -0.4640122950 0.8443558216 0.2678728104
-86.4 -639.6 2076.5 0.8444676399 0.3303125799 0.4216254652 0.2675201595 0.4218493104 -0.8663002253 -0.4640122950 0.8443558216 0.2678728104
226.0 -474.1 2383.5 0.9462478161 -0.0116640991 0.3232320845 0.3038040996 0.3749716580 -0.8758420944 -0.1109869555 0.9269629121 0.3583597243
230.7 -623.2 2014.9 0.9462478161 -0.0116640991 0.3232320845 0.3038040996 0.3749716580 -0.8758420944 -0.1109869555 0.9269629121 0.3583597243
16.4 -418.1 2190.3 0 0 0 0 0 0 0 0 0
176.8 -418.4 2142.6 0 0 0 0 0 0 0 0 0
-212.7 -800.8 1753.7 0 0 0 0 0 0 0 0 0
235.1 -766.6 1660.5 0 0 0 0 0 0 0 0 0
191.4 27.7 2720.2 0 0.9792388082 0.0941770449 0.1795048863 0.0145343607 0.8506270051 -0.5255686641 -0.2021882087 0.5172662139 0.8315982223
172.2 -145.8 2614.6 0.9792388082 0.0941770449 0.1795048863 0.0145343607 0.8506270051 -0.5255686641 -0.2021882087 0.5172662139 0.8315982223
151.8 -310.1 2504.6 0.9791787863 0.1027214527 0.1750920117 0.0140230181 0.8262354136 -0.5631504059 -0.2025148422 0.5538802743 0.8075917363
34.6 -147.7 2643.1 0.2284602374 -0.5181463957 -0.8242149353 0.5769684911 0.7539717555 -0.3140605092 0.7841640711 -0.4037956893 0.4712066650
-31.0 -313.5 2417.8 -0.1954315901 -0.5103340149 -0.8374757767 0.4011085033 0.7376601100 -0.5431110263 0.8949404955 -0.4420596957 0.0605372339
309.8 -143.8 2586.2 -0.0589943938 0.0839873701 0.9947189689 -0.5655834079 0.8182797432 -0.1026334316 -0.8225783110 -0.5686513186 -0.0007720547
293.1 -303.7 2353.7 -0.4385380149 0.1109991074 0.8918315768 -0.4290663302 0.8460869789 -0.3162893057 -0.7896749377 -0.5213598013 -0.3234153092
41.7 -475.6 2413.0 0.8316747546 0.3212822378 0.4528740048 0.3119740188 0.4043273032 -0.8597625494 -0.4593357742 0.8563277125 0.2360370755
-86.0 -636.3 2072.7 0.8316747546 0.3212822378 0.4528740048 0.3119740188 0.4043273032 -0.8597625494 -0.4593357742 0.8563277125 0.2360370755
221.1 -473.1 2375.9 0.9317412376 -0.0207198095 0.3625313044 0.3425578177 0.3813675344 -0.8586110473 -0.1204674169 0.9241912365 0.3624336123
229.3 -624.7 2008.5 0.9317412376 -0.0207198095 0.3625313044 0.3425578177 0.3813675344 -0.8586110473 -0.1204674169 0.9241912365 0.3624336123
19.8 -417.7 2185.3 0 0 0 0 0 0 0 0 0
179.1 -415.2 2148.4 0 0 0 0 0 0 0 0 0
-208.8 -790.8 1745.4 0 0 0 0 0 0 0 0 0
237.3 -770.5 1655.2 0 0 0 0 0 0 0 0 0
190.8 25.6 2717.5 1 0.9866540432 0.0995345488 0.1288668364 -0.0151114790 0.8439736962 -0.5361716151 -0.1621278226 0.5270685554 0.8342142105
170.6 -146.0 2610.4 0.9866540432 0.0995345488 0.1288668364 -0.0151114790 0.8439736962 -0.5361716151 -0.1621278226 0.5270685554 0.8342142105
149.9 -309.6 2499.4 0.9866204262 0.1046292558 0.1250312626 -0.0153858848 0.8232344389 -0.5674930811 -0.1623064131 0.5579765439 0.8138297200
32.0 -143.8 2633.2 0.2334885001 -0.4812399745 -0.8449208140 0.5886768103 0.7615599632 -0.2710831463 0.7739139199 -0.4340904951 0.4611102939
-35.8 -314.8 2408.3 -0.2197803706 -0.4744233787 -0.8524194956 0.4083208442 0.7488272190 -0.5220458508 0.8859857321 -0.4627960920 0.0291394349
309.2 -148.1 2587.5 -0.0676312074 0.1322884262 0.9889013171 -0.5496561527 0.8222508430 -0.1475861967 -0.8326488733 -0.5535371304 0.0171033349
289.8 -305.9 2348.6 -0.4501647651 0.1461542249 0.8809033036 -0.4205762148 0.8355336189 -0.3535522521 -0.7876974940 -0.5296437740 -0.3146587908
38.8 -471.9 2403.4 0.8494375944 0.3192211390 0.4201828837 0.2745032907 0.4127408266 -0.8685004115 -0.4506703317 0.8530784845 0.2629703283
-88.1 -635.9 2064.3 0.8494375944 0.3192211390 0.4201828837 0.2745032907 0.4127408266 -0.8685004115 -0.4506703317 0.8530784845 0.2629703283
219.4 -474.7 2373.6 0.9464583397 -0.0238912031 0.3219406307 0.3063679636 0.3808270991 -0.8724158406 -0.1017606631 0.9243375659 0.3677565157
228.9 -626.1 2006.1 0.9464583397 -0.0238912031 0.3219406307 0.3063679636 0.3808270991 -0.8724158406 -0.1017606631 0.9243375659 0.3677565157
21.3 -420.9 2178.1 0 0 0 0 0 0 0 0 0
172.8 -415.2 2143.8 0 0 0 0 0 0 0 0 0
-210.2 -793.7 1738.2 0 0 0 0 0 0 0 0 0
238.1 -771.7 1652.7 0 0 0 0 0 0 0 0 0
190.2 23.3 2716.1 2 0.9859129786 0.0886349753 0.1418430656 0.0003633615 0.8469067812 -0.5317412615 -0.1672587246 0.5243021250 0.8349441886
172.2 -148.9 2609.5 0.9859129786 0.0886349753 0.1418430656 0.0003633615 0.8469067812 -0.5317412615 -0.1672587246 0.5243021250 0.8349441886
152.6 -313.3 2499.3 0.9854677916 0.0985337570 0.1383629739 -0.0036168427 0.8265467882 -0.5628563762 -0.1698238254 0.5541763902 0.8148916364
33.7 -148.4 2633.4 0.2422150075 -0.4891893566 -0.8378697038 0.5788151026 0.7659311295 -0.2798617482 0.7786558867 -0.4171849191 0.4686701894
-36.6 -316.4 2407.5 -0.2263580561 -0.4787316322 -0.8482794762 0.4022186100 0.7472258806 -0.5290309191 0.8871201873 -0.4609442055 0.0234141741
310.7 -149.5 2585.6 -0.0746622980 0.1178692579 0.9902183414 -0.5506718755 0.8229853511 -0.1394834816 -0.8313760161 -0.5556995273 0.0034613116
289.5 -305.9 2349.5 -0.4494178891 0.1344912499 0.8831396699 -0.4224295020 0.8390914202 -0.3427519500 -0.7871320248 -0.5271031260 -0.3202896416
42.8 -477.2 2404.7 0.8437421918 0.3256858885 0.4266471863 0.2850932777 0.4015513361 -0.8703323007 -0.4547757208 0.8559703231 0.2459549457
-86.7 -636.9 2064.5 0.8437421918 0.3256858885 0.4266471863 0.2850932777 0.4015513361 -0.8703323007 -0.4547757208 0.8559703231 0.2459549457
223.4 -477.9 2373.6 0.9417583346 -0.0164354332 0.3358886242 0.3172509670 0.3747274578 -0.8711665273 -0.1115486845 0.9269893169 0.3581168354
229.9 -626.9 2005.0 0.9417583346 -0.0164354332 0.3358886242 0.3172509670 0.3747274578 -0.8711665273 -0.1115486845 0.9269893169 0.3581168354
22.2 -420.9 2176.9 0 0 0 0 0 0 0 0 0
172.7 -415.7 2144.9 0 0 0 0 0 0 0 0 0
-211.2 -790.4 1737.3 0 0 0 0 0 0 0 0 0
236.2 -770.2 1650.6 0 0 0 0 0 0 0 0 0
189.9 23.5 2715.0 3 0.9869322181 0.0847140104 0.1370705068 0.0012029569 0.8467541933 -0.5319829583 -0.1611314416 0.5251960158 0.8355870843
172.7 -148.5 2608.3 0.9869322181 0.0847140104 0.1370705068 0.0012029569 0.8467541933 -0.5319829583 -0.1611314416 0.5251960158 0.8355870843
153.5 -312.4 2497.5 0.9863042235 0.0969710425 0.1334188730 -0.0045744036 0.8246829510 -0.5655767918 -0.1648728400 0.5572204590 0.8138318658
34.0 -147.8 2631.5 0.2467343658 -0.4062567353 -0.8798168302 0.5822785497 0.7878754139 -0.2005094439 0.7746443748 -0.4628258646 0.4309505224
-37.7 -317.1 2406.3 -0.2402524501 -0.4062567353 -0.8816089034 0.3965857923 0.7878754139 -0.4711391032 0.8860014081 -0.4628258646 -0.0281733517
311.4 -149.1 2585.1 -0.0699833035 0.1215792000 0.9901115298 -0.5518906713 0.8220881820 -0.1399559081 -0.8309747577 -0.5562279224 0.0095659783
291.5 -306.2 2348.6 -0.4509528875 0.1361832768 0.8820973039 -0.4251094759 0.8362230659 -0.3464288414 -0.7848079205 -0.5312110186 -0.3192043900
43.7 -476.0 2401.8 0.8429497480 0.3304110765 0.4245753586 0.2809340656 0.4027010202 -0.8711532354 -0.4588156044 0.8536160588 0.2466329932
-87.6 -636.1 2062.5 0.8429497480 0.3304110765 0.4245753586 0.2809340656 0.4027010202 -0.8711532354 -0.4588156044 0.8536160588 0.2466329932
224.6 -476.8 2371.6 0.9429159164 -0.0140435770 0.3327347338 0.3132207692 0.3768453896 -0.8717111349 -0.1131476089 0.9261696935 0.3597322404
230.2 -626.6 2003.3 0.9429159164 -0.0140435770 0.3327347338 0.3132207692 0.3768453896 -0.8717111349 -0.1131476089 0.9261696935 0.3597322404
24.7 -420.1 2176.0 0 0 0 0 0 0 0 0 0
174.3 -416.7 2144.6 0 0 0 0 0 0 0 0 0
-213.9 -790.0 1736.1 0 0 0 0 0 0 0 0 0
235.6 -770.7 1649.2 0 0 0 0 0 0 0 0 0
190.3 24.6 2714.9 4 0.9883288145 0.0834744275 0.1274292916 -0.0031249030 0.8474357128 -0.5308887959 -0.1523037851 0.5242944360 0.8378059864
173.3 -147.5 2608.4 0.9883288145 0.0834744275 0.1274292916 -0.0031249030 0.8474357128 -0.5308887959 -0.1523037851 0.5242944360 0.8378059864
154.3 -311.5 2497.6 0.9876837730 0.0957438126 0.1237491518 -0.0091434959 0.8248834014 -0.5652289391 -0.1561957896 0.5571359992 0.8155993819
34.3 -146.2 2630.4 0.2376208603 -0.4005474448 -0.8849282861 0.5878396034 0.7845568061 -0.1972693950 0.7732922435 -0.4733205736 0.4218847156
-34.3 -316.1 2407.0 -0.2175954729 -0.4051965475 -0.8879571557 0.3994636536 0.7931025028 -0.4598013163 0.8905509710 -0.4547573030 -0.0107142134
312.3 -148.8 2586.4 -0.0771899894 0.1301481426 0.9884852767 -0.5503509641 0.8211485147 -0.1510923356 -0.8313576579 -0.5556766391 0.0082427124
290.0 -307.6 2346.5 -0.4454651177 0.1413680464 0.8840678334 -0.4301804006 0.8322024345 -0.3498342335 -0.7851787210 -0.5361475945 -0.3099033833
44.7 -474.7 2401.2 0.8464338183 0.3289391398 0.4187466800 0.2744966149 0.4043153524 -0.8724567294 -0.4562908709 0.8534214497 0.2519335449
-86.1 -635.4 2061.9 0.8464338183 0.3289391398 0.4187466800 0.2744966149 0.4043153524 -0.8724567294 -0.4562908709 0.8534214497 0.2519335449
225.9 -476.4 2372.5 0.9453860521 -0.0118820639 0.3257361948 0.3059076965 0.3773848712 -0.8740715981 -0.1125421375 0.9259802699 0.3604092002
230.6 -626.4 2004.4 0.9453860521 -0.0118820639 0.3257361948 0.3059076965 0.3773848712 -0.8740715981 -0.1125421375 0.9259802699 0.3604092002
22.3 -419.9 2175.6 0 0 0 0 0 0 0 0 0
174.2 -419.5 2142.4 0 0 0 0 0 0 0 0 0
-211.9 -790.0 1735.6 0 0 0 0 0 0 0 0 0
235.1 -770.7 1650.4 0 0 0 0 0 0 0 0 0
190.2 25.9 2715.3 5 0.9913093448 0.0797545090 0.1046184301 -0.0124610057 0.8486181498 -0.5288591385 -0.1309600025 0.5229593515 0.8422368765
174.0 -146.4 2609.2 0.9913093448 0.0797545090 0.1046184301 -0.0124610057 0.8486181498 -0.5288591385 -0.1309600025 0.5229593515 0.8422368765
156.3 -310.7 2498.7 0.9908573627 0.0892198980 0.1012004837 -0.0169417299 0.8264590502 -0.5627418756 -0.1338458359 0.5558824539 0.8204145432
34.6 -144.0 2628.0 0.2378286868 -0.3871634305 -0.8908097744 0.6037240028 0.7773689032 -0.1766773760 0.7608908415 -0.4957842529 0.4186204672
-33.0 -315.8 2411.5 -0.2150903642 -0.3995240033 -0.8911322355 0.3927758932 0.8000460267 -0.4534903467 0.8941270709 -0.4475566745 -0.0151587930
313.4 -148.8 2590.4 -0.0813487470 0.1490167230 0.9854828119 -0.5457537174 0.8206956387 -0.1691493243 -0.8339875340 -0.5515910387 0.0145638734
289.7 -308.1 2346.9 -0.4433470964 0.1566571295 0.8825541735 -0.4279186428 0.8281701207 -0.3619667292 -0.7876096368 -0.5381382704 -0.3001303077
47.7 -473.4 2400.5 0.8576292992 0.3147456944 0.4067027271 0.2653652430 0.4065729380 -0.8742309213 -0.4405147433 0.8576908708 0.2651662827
-77.5 -635.1 2059.5 0.8576292992 0.3147456944 0.4067027271 0.2653652430 0.4065729380 -0.8742309213 -0.4405147433 0.8576908708 0.2651662827
229.4 -476.5 2375.9 0.9502776861 -0.0055298982 0.3113546371 0.2905098498 0.3758106232 -0.8799831867 -0.1121441647 0.9266799688 0.3587309420
231.6 -626.0 2007.5 0.9502776861 -0.0055298982 0.3113546371 0.2905098498 0.3758106232 -0.8799831867 -0.1121441647 0.9266799688 0.3587309420
22.9 -417.9 2179.1 0 0 0 0 0 0 0 0 0
174.4 -419.3 2142.2 0 0 0 0 0 0 0 0 0
-197.8 -790.5 1731.6 0 0 0 0 0 0 0 0 0
233.7 -769.7 1653.2 0 0 0 0 0 0 0 0 0
190.7 24.2 2715.6 6 0.9896444082 0.0782365799 0.1203450263 -0.0038608590 0.8526096344 -0.5225341320 -0.1434886158 0.5166583657 0.8440824151
174.9 -148.3 2611.0 0.9896444082 0.0782365799 0.1203450263 -0.0038608590 0.8526096344 -0.5225341320 -0.1434886158 0.5166583657 0.8440824151
158.0 -314.1 2502.8 0.9893921614 0.0853187069 0.1175749227 -0.0064629642 0.8344096541 -0.5511068106 -0.1451253742 0.5445008874 0.8261097670
35.7 -147.3 2631.5 0.2516599000 -0.4533612132 -0.8550619483 0.5899253488 0.7722517252 -0.2358290255 0.7672387958 -0.4450739920 0.4617940784
-36.4 -316.5 2411.5 -0.2266840935 -0.4533612132 -0.8620196581 0.3830237091 0.7722517252 -0.5068728328 0.8954926729 -0.4450739920 -0.0014090906
314.1 -149.2 2590.6 -0.0820250660 0.1342336684 0.9875490665 -0.5397490263 0.8270099759 -0.1572433561 -0.8378202915 -0.5459265709 0.0046169446
290.3 -305.8 2347.6 -0.4430483282 0.1386546493 0.8857104778 -0.4339038134 0.8313742280 -0.3471949995 -0.7844970822 -0.5381373167 -0.3081761897
50.3 -479.4 2407.9 0.8517086506 0.3256467581 0.4105441868 0.2735208571 0.3919869959 -0.8783692718 -0.4469660819 0.8604071140 0.2447875589
-79.2 -635.2 2065.9 0.8517086506 0.3256467581 0.4105441868 0.2735208571 0.3919869959 -0.8783692718 -0.4469660819 0.8604071140 0.2447875589
231.8 -480.6 2381.2 0.9452462196 -0.0013517668 0.3263552487 0.3040903807 0.3666960299 -0.8792400360 -0.1184846535 0.9303398132 0.3470291197
232.3 -626.4 2011.4 0.9452462196 -0.0013517668 0.3263552487 0.3040903807 0.3666960299 -0.8792400360 -0.1184846535 0.9303398132 0.3470291197
22.5 -416.0 2178.8 0 0 0 0 0 0 0 0 0
175.1 -418.6 2143.6 0 0 0 0 0 0 0 0 0
-203.6 -785.1 1737.0 0 0 0 0 0 0 0 0 0
232.8 -766.6 1655.7 0 0 0 0 0 0 0 0 0
190.1 24.6 2706.2 7 0.9868791103 0.0778804049 0.1414365619 0.0035211719 0.8653901815 -0.5010862350 -0.1614226103 0.4950095415 0.8537612557
174.3 -150.8 2605.9 0.9868791103 0.0778804049 0.1414365619 0.0035211719 0.8653901815 -0.5010862350 -0.1614226103 0.4950095415 0.8537612557
157.7 -319.1 2501.6 0.9867689610 0.0841330513 0.1385953128 0.0023568801 0.8472922444 -0.5311217308 -0.1621156186 0.5244210958 0.8358833790
35.5 -151.0 2628.7 0.2570797801 -0.4829393625 -0.8370660543 0.5961919427 0.7609577775 -0.2559266984 0.7605689764 -0.4332584441 0.4835514128
-35.9 -316.6 2417.5 -0.2097680569 -0.4829393625 -0.8501570225 0.3798386157 0.7609577775 -0.5259904265 0.9009550214 -0.4332584441 0.0238143820
313.2 -150.5 2583.0 -0.0825412571 0.1159373671 0.9898208976 -0.5460752249 0.8255729079 -0.1422363222 -0.8336598873 -0.5522570610 -0.0048333015
289.8 -305.2 2346.8 -0.4352914989 0.1248393059 0.8915920854 -0.4396978617 0.8347123265 -0.3315435946 -0.7856125832 -0.5363492370 -0.3084515929
50.5 -487.7 2412.3 0.8418396711 0.3383825421 0.4204796851 0.2755549550 0.4004137516 -0.8739212155 -0.4640855491 0.8515668511 0.2438412011
-84.0 -646.9 2073.8 0.8418396711 0.3383825421 0.4204796851 0.2755549550 0.4004137516 -0.8739212155 -0.4640855491 0.8515668511 0.2438412011
231.5 -487.3 2382.5 0.9392826557 -0.0018014488 0.3431397378 0.3213964105 0.3549573123 -0.8779007196 -0.1202184707 0.9348807931 0.3339842260
232.2 -628.5 2010.8 0.9392826557 -0.0018014488 0.3431397378 0.3213964105 0.3549573123 -0.8779007196 -0.1202184707 0.9348807931 0.3339842260
18.6 -415.3 2183.3 0 0 0 0 0 0 0 0 0
176.6 -419.5 2142.6 0 0 0 0 0 0 0 0 0
-213.4 -800.0 1748.3 0 0 0 0 0 0 0 0 0
232.9 -764.2 1653.4 0 0 0 0 0 0 0 0 0
190.6 23.8 2711.0 8 0.9836373329 0.0759446844 0.1633708030 0.0180556476 0.8606886268 -0.5088114738 -0.1792529225 0.5034357309 0.8452342153
175.2 -150.6 2609.0 0.9836373329 0.0759446844 0.1633708030 0.0180556476 0.8606886268 -0.5088114738 -0.1792529225 0.5034357309 0.8452342153
158.5 -318.4 2503.8 0.9833958745 0.0840048343 0.1608592272 0.0154821221 0.8443397880 -0.5355843306 -0.1808115244 0.5291818976 0.8290197253
36.9 -152.7 2634.4 0.2359630913 -0.4971501231 -0.8349629641 0.5726906657 0.7653035522 -0.2938296497 0.7850775719 -0.4088425338 0.4652966261
-31.1 -317.7 2408.3 -0.1897448450 -0.4900070727 -0.8508172631 0.4061287344 0.7497791648 -0.5223894119 0.8938995004 -0.4446620047 0.0567392148
313.5 -148.4 2583.5 -0.0828712210 0.0946450979 0.9920557737 -0.5502961278 0.8256002069 -0.1247336343 -0.8308469057 -0.5562612414 -0.0163356662
289.7 -307.0 2344.1 -0.4395740628 0.1063414067 0.8918890953 -0.4436777234 0.8376626372 -0.3185456991 -0.7809767723 -0.5357357264 -0.3210334480
51.6 -487.6 2415.2 0.8301485777 0.3515239060 0.4327635467 0.2898939848 0.3908851743 -0.8735961318 -0.4762507677 0.8506701589 0.2225881219
-88.1 -643.0 2077.0 0.8301485777 0.3515239060 0.4327635467 0.2898939848 0.3908851743 -0.8735961318 -0.4762507677 0.8506701589 0.2225881219
232.0 -484.8 2382.0 0.9329534769 -0.0007001368 0.3599962890 0.3362679183 0.3587436974 -0.8707622290 -0.1285367459 0.9334358573 0.3349266052
232.3 -627.5 2010.9 0.9329534769 -0.0007001368 0.3599962890 0.3362679183 0.3587436974 -0.8707622290 -0.1285367459 0.9334358573 0.3349266052
18.2 -423.2 2176.1 0 0 0 0 0 0 0 0 0
175.4 -422.3 2141.1 0 0 0 0 0 0 0 0 0
-222.5 -792.4 1751.9 0 0 0 0 0 0 0 0 0
232.6 -764.6 1654.0 0 0 0 0 0 0 0 0 0
190.5 23.8 2712.9 9 0.9847973585 0.0676439106 0.1599951088 0.0233508889 0.8611510992 -0.5078125000 -0.1721303910 0.5038284659 0.8464797735
176.8 -150.3 2611.0 0.9847973585 0.0676439106 0.1599951088 0.0233508889 0.8611510992 -0.5078125000 -0.1721303910 0.5038284659 0.8464797735
161.5 -318.5 2506.2 0.9844318032 0.0771710947 0.1579196751 0.0190406423 0.8463517427 -0.5322839618 -0.1747325212 0.5270041227 0.8317061663
38.3 -153.0 2635.6 0.2306534797 -0.4976731837 -0.8361341953 0.5764051676 0.7621908188 -0.2946561575 0.7839362621 -0.4139885902 0.4626633525
-26.5 -314.9 2415.3 -0.1552669406 -0.4931235313 -0.8559914827 0.4237409532 0.7494911551 -0.5086320639 0.8923764825 -0.4416923821 0.0925854370
315.3 -147.6 2586.4 -0.0812616870 0.0947668999 0.9921773076 -0.5514277220 0.8249616623 -0.1239586920 -0.8302553892 -0.5571871400 -0.0147806806
291.8 -307.0 2346.4 -0.4397408366 0.1094516143 0.8914304972 -0.4385435879 0.8400106430 -0.3194708228 -0.7837777138 -0.5314155221 -0.3213876784
55.8 -488.5 2417.5 0.8322923779 0.3452900946 0.4336636066 0.2923360765 0.3912853003 -0.8726027012 -0.4709872305 0.8530361056 0.2247230262
-81.5 -644.1 2078.4 0.8322923779 0.3452900946 0.4336636066 0.2923360765 0.3912853003 -0.8726027012 -0.4709872305 0.8530361056 0.2247230262
236.4 -485.0 2385.5 0.9323299527 0.0070188874 0.3615405262 0.3353886306 0.3569914699 -0.8718208075 -0.1351860911 0.9340812564 0.3304797709
233.6 -627.0 2014.1 0.9323299527 0.0070188874 0.3615405262 0.3353886306 0.3569914699 -0.8718208075 -0.1351860911 0.9340812564 0.3304797709
13.8 -425.0 2183.6 0 0 0 0 0 0 0 0 0
177.5 -421.0 2142.6 0 0 0 0 0 0 0 0 0
-213.4 -793.7 1752.3 0 0 0 0 0 0 0 0 0
231.0 -763.4 1657.0 0 0 0 0 0 0 0 0 0
191.2 21.5 2713.8 0 0.9883787632 0.0767580494 0.1312083900 0.0011856558 0.8592298627 -0.5115883946 -0.1520066857 0.5057986379 0.8491535187
175.8 -151.6 2611.9 0.9883787632 0.0767580494 0.1312083900 0.0011856558 0.8592298627 -0.5115883946 -0.1520066857 0.5057986379 0.8491535187
159.8 -319.8 2507.3 0.9883268476 0.0805966109 0.1292834431 0.0006231143 0.8464584947 -0.5324543118 -0.1523470730 0.5263195038 0.8365274668
36.8 -151.7 2633.4 0.2164895236 -0.4776866734 -0.8514386415 0.5870284438 0.7605450749 -0.2774325013 0.7800832391 -0.4397574663 0.4450657070
-23.2 -314.2 2417.4 -0.1385439932 -0.4797147810 -0.8664175272 0.4143174887 0.7665420175 -0.4906672835 0.8995257616 -0.4269509315 0.0925544351
314.8 -151.5 2590.5 -0.0835587159 0.1236110777 0.9888064861 -0.5377014279 0.8298335075 -0.1491760612 -0.8389845490 -0.5441476703 -0.0028739665
290.7 -306.7 2348.3 -0.4303121567 0.1305868328 0.8931844831 -0.4350486696 0.8369782567 -0.3319639862 -0.7909260988 -0.5314268470 -0.3033502698
53.1 -488.2 2416.6 0.8481637239 0.3331018984 0.4118998051 0.2759501934 0.3859029412 -0.8803012967 -0.4521833956 0.8603034616 0.2353893220
-79.3 -641.6 2074.6 0.8481637239 0.3331018984 0.4118998051 0.2759501934 0.3859029412 -0.8803012967 -0.4521833956 0.8603034616 0.2353893220
234.4 -488.0 2388.7 0.9411280751 0.0032400466 0.3380346596 0.3154540956 0.3510337472 -0.8816257715 -0.1215180829 0.9363572001 0.3293456137
233.1 -627.6 2016.4 0.9411280751 0.0032400466 0.3380346596 0.3154540956 0.3510337472 -0.8816257715 -0.1215180829 0.9363572001 0.3293456137
12.8 -421.8 2183.7 0 0 0 0 0 0 0 0 0
178.8 -419.8 2142.7 0 0 0 0 0 0 0 0 0
-206.7 -789.1 1745.8 0 0 0 0 0 0 0 0 0
231.8 -761.8 1658.4 0 0 0 0 0 0 0 0 0
189.6 20.3 2715.8 1 0.9847465158 0.0757312477 0.1566496193 0.0188108943 0.8486953974 -0.5285472870 -0.1729753613 0.5234318376 0.8343252540
174.3 -150.6 2610.4 0.9847465158 0.0757312477 0.1566496193 0.0188108943 0.8486953974 -0.5285472870 -0.1729753613 0.5234318376 0.8343252540
158.3 -316.8 2502.6 0.9846708179 0.0802472681 0.1548668295 0.0179933496 0.8364108801 -0.5478075147 -0.1734923571 0.5421966314 0.8221454620
35.8 -153.1 2634.8 0.1946077645 -0.5014624596 -0.8430084586 0.5794691443 0.7522099018 -0.3136810958 0.7914185524 -0.4274525940 0.4369678795
-18.2 -314.1 2415.0 -0.1148265451 -0.5033648014 -0.8564103842 0.4150437713 0.7589502931 -0.5017301440 0.9025261998 -0.4130597413 0.1217707992
312.8 -148.0 2586.0 -0.0786769614 0.0974430218 0.9921264052 -0.5500547886 0.8257625699 -0.1247234568 -0.8314142823 -0.5555367470 -0.0113694854
290.4 -304.9 2348.9 -0.4273981750 0.1124136746 0.8970473409 -0.4390255809 0.8415820003 -0.3146367371 -0.7903083563 -0.5283018947 -0.3103381395
