219.1 -52.7 2801.3 8 0.9808903337 0.1663927883 0.1008345932 -0.0259561222 0.6255463362 -0.7797551155 -0.1928223372 0.7622370124 0.6179112196
186.1 -177.0 2649.8 0.9808903337 0.1663927883 0.1008345932 -0.0259561222 0.6255463362 -0.7797551155 -0.1928223372 0.7622370124 0.6179112196
153.1 -301.0 2498.0 0.9810432196 0.1657399982 0.1004215330 -0.0253811236 0.6236284971 -0.7813087106 -0.1921198368 0.7639487386 0.6160131693
48.0 -173.4 2676.9 0.3047228754 -0.3349723220 -0.8915926814 0.4580917358 0.8722726703 -0.1711500883 0.8350424767 -0.3562778831 0.4192494750
-41.4 -307.8 2431.9 -0.3317942619 -0.3349723220 -0.8818764687 0.2447044849 0.8722726703 -0.4233911932 0.9110610485 -0.3562778831 -0.2074458450
324.1 -180.6 2622.8 -0.0814630240 0.0927738324 0.9923491478 -0.4122414589 0.9033620954 -0.1182958633 -0.9074253440 -0.4187242091 -0.0353453867
300.8 -298.4 2363.4 -0.4685264826 0.0810251012 0.8797259927 -0.3547349572 0.8947299719 -0.2713325620 -0.8091019988 -0.4391960800 -0.3904622495
31.6 -421.7 2358.3 0.9442260265 0.3196072876 -0.0792991444 -0.2227577269 0.4425835013 -0.8686189055 -0.2425204515 0.8378371000 0.4890938699
-95.5 -597.8 2024.9 0.9347622991 0.3544351757 0.0243958235 -0.2418374717 0.6851004958 -0.6871331334 -0.2602577507 0.6364063025 0.7261218429
210.2 -427.3 2328.5 0.9454893470 -0.0414891168 0.3229992688 0.3021526933 0.4817132652 -0.8225910664 -0.1214644462 0.8753462434 0.4679908156
226.7 -618.8 1980.4 0.9454893470 -0.0414891168 0.3229992688 0.3021526933 0.4817132652 -0.8225910664 -0.1214644462 0.8753462434 0.4679908156
44.8 -371.4 2195.1 0 0 0 0 0 0 0 0 0
179.0 -390.6 2153.1 0 0 0 0 0 0 0 0 0
-231.0 -859.6 1781.7 0 0 0 0 0 0 0 0 0
242.5 -803.0 1645.8 0 0 0 0 0 0 0 0 0
217.9 -53.0 2798.5 9 0.9795647264 0.1679768115 0.1106197163 -0.0207034424 0.6312841177 -0.7752752900 -0.2000607401 0.7571421266 0.6218613386
184.5 -178.3 2648.2 0.9795647264 0.1679768115 0.1106197163 -0.0207034424 0.6312841177 -0.7752752900 -0.2000607401 0.7571421266 0.6218613386
151.0 -303.3 2497.4 0.9794982076 0.1686926186 0.1101183742 -0.0209524632 0.6289641261 -0.7771519423 -0.2003602982 0.7589116693 0.6196037531
46.7 -175.3 2676.4 0.2998915315 -0.3612487316 -0.8829294443 0.4634736478 0.8641312122 -0.1961362511 0.8338208795 -0.3503949344 0.4265748858
-37.5 -305.5 2442.2 -0.3052207828 -0.3612487316 -0.8811013699 0.2454904914 0.8641312122 -0.4393309355 0.9200949669 -0.3503949344 -0.1750676632
322.4 -181.2 2620.0 -0.0799444243 0.0842572898 0.9932318926 -0.4164884984 0.9024521708 -0.1100791320 -0.9056192636 -0.4224698544 -0.0370538309
299.8 -298.7 2364.7 -0.4702723324 0.0776435360 0.8790991902 -0.3507944047 0.8976019621 -0.2669344842 -0.8098068833 -0.4339149892 -0.3948804438
30.2 -422.6 2363.7 0.9477364421 0.3103946447 -0.0738293901 -0.2126992196 0.4421869814 -0.8713378906 -0.2378122061 0.8415021300 0.4850974083
-93.3 -598.5 2029.0 0.9293082952 0.3688397110 0.0185289178 -0.2485096902 0.6616689563 -0.7074158192 -0.2731830478 0.6528028250 0.7065547109
207.3 -430.3 2328.1 0.9421493411 -0.0471649729 0.3318584859 0.3129165769 0.4786644578 -0.8203435540 -0.1201573685 0.8767302036 0.4657320976
226.1 -620.6 1979.5 0.9421493411 -0.0471649729 0.3318584859 0.3129165769 0.4786644578 -0.8203435540 -0.1201573685 0.8767302036 0.4657320976
41.8 -369.3 2203.2 0 0 0 0 0 0 0 0 0
177.6 -389.9 2154.2 0 0 0 0 0 0 0 0 0
-234.2 -851.3 1779.6 0 0 0 0 0 0 0 0 0
244.1 -803.6 1644.4 0 0 0 0 0 0 0 0 0
217.3 -54.3 2796.1 0 0.9774313569 0.1685630530 0.1273359209 -0.0080318563 0.6319807172 -0.7749425173 -0.2111005187 0.7564303279 0.6190716624
183.8 -179.9 2645.8 0.9774313569 0.1685630530 0.1273359209 -0.0080318563 0.6319807172 -0.7749425173 -0.2111005187 0.7564303279 0.6190716624
149.8 -305.4 2495.5 0.9770407677 0.1708695143 0.1272592396 -0.0094858212 0.6316103935 -0.7752279639 -0.2128410786 0.7562221885 0.6187299490
46.3 -178.5 2675.8 0.3090318739 -0.3293651044 -0.8921983838 0.4524647295 0.8760653734 -0.1666886508 0.8365254998 -0.3521761894 0.4197582304
-40.1 -305.0 2441.9 -0.3082871735 -0.3293651044 -0.8924559355 0.2527674735 0.8760653734 -0.4106312692 0.9170973897 -0.3521761894 -0.1868269295
321.3 -181.2 2615.9 -0.0816272125 0.0677142665 0.9943599701 -0.4230064452 0.9010181427 -0.0960825235 -0.9024425149 -0.4284636378 -0.0449040271
298.4 -300.0 2362.4 -0.4734231830 0.0680428296 0.8782030940 -0.3483656645 0.9012601376 -0.2576268017 -0.8090190887 -0.4279023111 -0.4029736221
27.6 -426.4 2364.9 0.9507800341 0.3036196828 -0.0619065985 -0.1963703483 0.4358412325 -0.8783399463 -0.2396998405 0.8472647071 0.4740110338
-93.1 -599.8 2028.0 0.9334307909 0.3570457101 0.0350045078 -0.2318801135 0.6748887300 -0.7005404234 -0.2737490833 0.6457891464 0.7127537131
205.5 -431.9 2325.6 0.9363296628 -0.0506780520 0.3474456370 0.3283212483 0.4771366417 -0.8151967525 -0.1244664565 0.8773667216 0.4633958936
225.7 -621.6 1976.8 0.9363296628 -0.0506780520 0.3474456370 0.3283212483 0.4771366417 -0.8151967525 -0.1244664565 0.8773667216 0.4633958936
40.0 -370.7 2203.5 0 0 0 0 0 0 0 0 0
175.3 -390.6 2152.1 0 0 0 0 0 0 0 0 0
-229.6 -857.6 1781.2 0 0 0 0 0 0 0 0 0
245.0 -804.0 1641.3 0 0 0 0 0 0 0 0 0
216.7 -52.4 2797.0 1 0.9781016707 0.1740929186 0.1140562817 -0.0223457944 0.6326847672 -0.7740869522 -0.2069247365 0.7545870543 0.6227202415
182.2 -178.0 2647.1 0.9781016707 0.1740929186 0.1140562817 -0.0223457944 0.6326847672 -0.7740869522 -0.2069247365 0.7545870543 0.6227202415
147.2 -303.3 2496.8 0.9778413177 0.1759006530 0.1135137528 -0.0232852548 0.6302479506 -0.7760446668 -0.2080485672 0.7562053204 0.6203783751
44.6 -174.7 2676.4 0.2912733853 -0.3310776055 -0.8975229263 0.4594177306 0.8713433743 -0.1723255515 0.8391038179 -0.3621441126 0.4059020579
-38.9 -306.4 2435.9 -0.3062224686 -0.3310776055 -0.8925331235 0.2638018131 0.8713433743 -0.4137261808 0.9146782756 -0.3621441126 -0.1794860512
319.8 -181.3 2617.9 -0.0799566582 0.0824431032 0.9933831692 -0.4213061929 0.9003884196 -0.1086358801 -0.9033869505 -0.4272046387 -0.0372582600
297.0 -301.4 2360.3 -0.4727425873 0.0817534998 0.8774000406 -0.3433844149 0.8998884559 -0.2688642144 -0.8115427494 -0.4283890724 -0.3973427117
26.2 -430.1 2364.7 0.9512428045 0.2984070480 -0.0780409351 -0.2068106681 0.4293390214 -0.8791458011 -0.2288372815 0.8524208069 0.4701194167
-92.4 -600.8 2025.7 0.9244604707 0.3808245063 0.0185877103 -0.2590990663 0.6632393003 -0.7021262646 -0.2797149718 0.6442719102 0.7118098140
201.9 -430.7 2327.4 0.9408945441 -0.0567861609 0.3339053690 0.3195357323 0.4757331908 -0.8194966912 -0.1123137996 0.8777546883 0.4657599628
224.5 -619.9 1978.4 0.9408945441 -0.0567861609 0.3339053690 0.3195357323 0.4757331908 -0.8194966912 -0.1123137996 0.8777546883 0.4657599628
40.7 -375.0 2198.2 0 0 0 0 0 0 0 0 0
174.1 -390.7 2149.3 0 0 0 0 0 0 0 0 0
-237.9 -854.3 1779.6 0 0 0 0 0 0 0 0 0
246.2 -801.8 1642.8 0 0 0 0 0 0 0 0 0
217.6 -53.2 2795.4 2 0.9772019982 0.1751888096 0.1199378073 -0.0190447681 0.6349669099 -0.7723045349 -0.2114556581 0.7524133921 0.6238273978
182.7 -179.5 2645.7 0.9772019982 0.1751888096 0.1199378073 -0.0190447681 0.6349669099 -0.7723045349 -0.2114556581 0.7524133921 0.6238273978
147.4 -305.2 2495.7 0.9768647552 0.1774818301 0.1193124726 -0.0202566292 0.6321865320 -0.7745513916 -0.2128965408 0.7542150617 0.6211559176
45.2 -176.7 2675.6 0.3086870015 -0.3263880610 -0.8934109807 0.4625787735 0.8722360730 -0.1588242948 0.8311036229 -0.3642459512 0.4202281237
-42.7 -308.5 2438.8 -0.3156984150 -0.3263880610 -0.8909575343 0.2626300752 0.8722360730 -0.4125890434 0.9117894173 -0.3642459512 -0.1896442175
320.2 -182.4 2615.7 -0.0828411058 0.0773273185 0.9935581684 -0.4214998782 0.9007005692 -0.1052442417 -0.9030366540 -0.4275031984 -0.0420215800
296.9 -301.0 2361.5 -0.4729591906 0.0757459551 0.8778223991 -0.3474184871 0.8995436430 -0.2648047805 -0.8096974492 -0.4302136004 -0.3991318941
22.5 -426.5 2365.6 0.9531041980 0.2941276431 -0.0712834746 -0.2005473822 0.4374101460 -0.8766145706 -0.2266564667 0.8498007059 0.4758839905
-94.4 -600.4 2027.7 0.9340376258 0.3565603495 0.0209400915 -0.2396669835 0.6691374779 -0.7034307122 -0.2648273110 0.6520121098 0.7104552984
201.8 -432.7 2326.2 0.9389741421 -0.0575615205 0.3391374350 0.3245599866 0.4748882353 -0.8180109859 -0.1139664277 0.8781616092 0.4645899534
224.7 -621.6 1977.1 0.9389741421 -0.0575615205 0.3391374350 0.3245599866 0.4748882353 -0.8180109859 -0.1139664277 0.8781616092 0.4645899534
39.3 -376.7 2201.8 0 0 0 0 0 0 0 0 0
173.9 -391.4 2151.0 0 0 0 0 0 0 0 0 0
-230.6 -856.0 1778.6 0 0 0 0 0 0 0 0 0
246.7 -803.1 1641.3 0 0 0 0 0 0 0 0 0
217.4 -51.9 2797.1 3 0.9781577587 0.1719305068 0.1168218553 -0.0190882124 0.6339328289 -0.7731525302 -0.2069857121 0.7540351748 0.6233681440
183.1 -178.2 2646.9 0.9781577587 0.1719305068 0.1168218553 -0.0190882124 0.6339328289 -0.7731525302 -0.2069857121 0.7540351748 0.6233681440
149.2 -304.2 2496.9 0.9784045815 0.1705356240 0.1167993024 -0.0181744099 0.6338578463 -0.7732359767 -0.2058984488 0.7544148564 0.6232688427
45.4 -175.6 2675.9 0.3118168116 -0.3488208055 -0.8837954402 0.4674207568 0.8661463261 -0.1769416481 0.8272171021 -0.3579309583 0.4331250787
-43.7 -309.2 2439.5 -0.3199533224 -0.3488208055 -0.8808824420 0.2489145696 0.8661463261 -0.4333959520 0.9141506553 -0.3579309583 -0.1902998090
320.8 -180.7 2617.9 -0.0835171640 0.0778803676 0.9934583902 -0.4253139794 0.8987917304 -0.1062140614 -0.9011841416 -0.4314024150 -0.0419409312
297.0 -302.1 2360.8 -0.4757889509 0.0799428821 0.8759189248 -0.3427497447 0.9002854228 -0.2683444023 -0.8100293279 -0.4278962910 -0.4009454548
22.5 -429.0 2365.3 0.9531853795 0.2929101288 -0.0751088336 -0.2015514970 0.4302557409 -0.8799187541 -0.2254211009 0.8538639545 0.4691499472
-93.9 -600.1 2025.8 0.9261531830 0.3763712645 0.0241852384 -0.2560948133 0.6746683121 -0.6922702789 -0.2768676579 0.6349546313 0.7212329507
205.1 -431.9 2328.0 0.9396880269 -0.0513806529 0.3381514251 0.3207205832 0.4758958519 -0.8189392090 -0.1188472286 0.8779995441 0.4636724889
225.5 -621.1 1978.9 0.9396880269 -0.0513806529 0.3381514251 0.3207205832 0.4758958519 -0.8189392090 -0.1188472286 0.8779995441 0.4636724889
39.5 -373.9 2201.9 0 0 0 0 0 0 0 0 0
173.3 -391.2 2150.2 0 0 0 0 0 0 0 0 0
-237.7 -857.8 1783.2 0 0 0 0 0 0 0 0 0
245.1 -803.0 1643.3 0 0 0 0 0 0 0 0 0
217.4 -49.5 2797.9 4 0.9768024087 0.1684731543 0.1321885288 -0.0054925708 0.6368002295 -0.7710092664 -0.2140720487 0.7523976564 0.6229533553
183.8 -176.7 2647.7 0.9768024087 0.1684731543 0.1321885288 -0.0054925708 0.6368002295 -0.7710092664 -0.2140720487 0.7523976564 0.6229533553
150.3 -303.0 2497.9 0.9768729806 0.1682740003 0.1319204569 -0.0052259350 0.6355741024 -0.7720221877 -0.2137564868 0.7534782290 0.6217545271
46.3 -175.9 2677.8 0.3092482686 -0.3142330050 -0.8975651264 0.4527261257 0.8786618710 -0.1516322196 0.8363041282 -0.3594591618 0.4139861763
-43.1 -306.9 2435.9 -0.3206081986 -0.3142330050 -0.8935703635 0.2581733465 0.8786618710 -0.4016214609 0.9113489389 -0.3594591618 -0.2005796134
321.3 -177.4 2617.6 -0.0827368870 0.0618936680 0.9946475625 -0.4340055883 0.8962137103 -0.0918699577 -0.8971030116 -0.4392836392 -0.0472877398
297.7 -300.8 2362.5 -0.4742065370 0.0704185441 0.8775929213 -0.3443751931 0.9025418162 -0.2585032880 -0.8102678061 -0.4248051941 -0.4037408531
25.5 -428.5 2365.8 0.9521753192 0.2992949188 -0.0615196340 -0.1914102882 0.4273286462 -0.8836019039 -0.2381684631 0.8531194329 0.4641799331
-93.5 -598.4 2026.6 0.9263964891 0.3745336533 0.0389110558 -0.2433499247 0.6743475795 -0.6971629262 -0.2873505652 0.6363803148 0.7158559561
206.5 -429.9 2328.5 0.9345761538 -0.0483299568 0.3524650633 0.3315908611 0.4772922695 -0.8137810230 -0.1288988590 0.8774145246 0.4620917439
225.7 -619.6 1979.6 0.9345761538 -0.0483299568 0.3524650633 0.3315908611 0.4772922695 -0.8137810230 -0.1288988590 0.8774145246 0.4620917439
40.2 -374.0 2199.0 0 0 0 0 0 0 0 0 0
174.5 -390.3 2151.9 0 0 0 0 0 0 0 0 0
-236.6 -856.2 1783.4 0 0 0 0 0 0 0 0 0
244.2 -802.1 1644.1 0 0 0 0 0 0 0 0 0
218.7 -49.8 2807.9 5 0.9812439680 0.1738183945 0.0833516419 -0.0428808406 0.6183695197 -0.7847167253 -0.1879403144 0.7664243579 0.6142247915
184.1 -172.9 2655.3 0.9812439680 0.1738183945 0.0833516419 -0.0428808406 0.6183695197 -0.7847167253 -0.1879403144 0.7664243579 0.6142247915
150.4 -296.2 2503.1 0.9818624258 0.1700995266 0.0837399364 -0.0406533815 0.6202901006 -0.7833182812 -0.1851851195 0.7657064199 0.6159546375
46.1 -167.1 2681.4 0.3004771471 -0.3102818727 -0.9019083381 0.4663815796 0.8726457953 -0.1448363960 0.8319866061 -0.3771134019 0.4069198668
-43.3 -305.8 2434.0 -0.3212899268 -0.3102818727 -0.8947055340 0.2770875692 0.8726457953 -0.4021341205 0.9055358768 -0.3771134019 -0.1943970323
322.1 -178.6 2629.2 -0.0795971006 0.1093693450 0.9908090830 -0.4176348448 0.8988620639 -0.1327707767 -0.9051218033 -0.4243645668 -0.0258703679
298.9 -300.4 2365.4 -0.4743908048 0.1017722711 0.8744116426 -0.3429064453 0.8934761882 -0.2900267541 -0.8107826710 -0.4374274313 -0.3889585137
27.3 -428.9 2367.7 0.9461786151 0.3076027632 -0.1006306186 -0.2318828553 0.4274009168 -0.8738185167 -0.2257793844 0.8501229286 0.4757254124
-95.0 -598.8 2029.7 0.9312245846 0.3644412160 -0.0018329528 -0.2609439492 0.6632392406 -0.7014427781 -0.2544189692 0.6536790729 0.7127234340
206.7 -423.2 2333.9 0.9506868720 -0.0477403887 0.3064559996 0.2903735638 0.4842058420 -0.8253653049 -0.1089845300 0.8736507297 0.4741906822
225.6 -615.8 1986.5 0.9506868720 -0.0477403887 0.3064559996 0.2903735638 0.4842058420 -0.8253653049 -0.1089845300 0.8736507297 0.4741906822
40.2 -377.8 2198.6 0 0 0 0 0 0 0 0 0
175.6 -389.5 2154.6 0 0 0 0 0 0 0 0 0
-234.3 -852.3 1779.9 0 0 0 0 0 0 0 0 0
243.9 -800.9 1652.5 0 0 0 0 0 0 0 0 0
219.2 -51.2 2810.8 6 0.9873679876 0.1435447931 0.0670770332 -0.0373687185 0.6223780513 -0.7818242311 -0.1539740711 0.7694416642 0.6198802590
190.7 -174.7 2658.2 0.9873679876 0.1435447931 0.0670770332 -0.0373687185 0.6223780513 -0.7818242311 -0.1539740711 0.7694416642 0.6198802590
161.9 -298.6 2505.6 0.9870824218 0.1453797817 0.0673277825 -0.0386003591 0.6236590743 -0.7807428241 -0.1554938108 0.7680586576 0.6212146282
51.9 -169.2 2680.1 0.3152605891 -0.2859088778 -0.9049126506 0.4584364593 0.8807820082 -0.1185710654 0.8309312463 -0.3774641454 0.4087468982
-39.7 -302.5 2438.6 -0.2913347781 -0.2859088778 -0.9128965735 0.2953651249 0.8807820082 -0.3701114953 0.9098810554 -0.3774641454 -0.1721549034
329.5 -180.1 2636.3 -0.0960622057 0.1209644973 0.9879977703 -0.3983789086 0.9049502015 -0.1495306939 -0.9121766686 -0.4079617262 -0.0387418084
301.7 -295.2 2372.8 -0.4701966345 0.1006759778 0.8768007159 -0.3502487540 0.8906040192 -0.2900866866 -0.8100869656 -0.4434961379 -0.3834973872
26.7 -415.7 2367.9 0.9516690969 0.2881582081 -0.1062579751 -0.2323696464 0.4493344128 -0.8626140356 -0.2008239329 0.8456142545 0.4945769012
-87.8 -594.3 2031.8 0.9189782739 0.3940150440 -0.0152009213 -0.2952985466 0.6621670723 -0.6887187958 -0.2612999976 0.6374064088 0.7248692513
223.5 -426.2 2338.7 0.9551420808 -0.0167548805 0.2956736386 0.2674782276 0.4773578942 -0.8370094895 -0.1271181405 0.8785492182 0.4604261816
230.1 -615.9 1989.6 0.9551420808 -0.0167548805 0.2956736386 0.2674782276 0.4773578942 -0.8370094895 -0.1271181405 0.8785492182 0.4604261816
36.0 -379.2 2202.2 0 0 0 0 0 0 0 0 0
179.5 -386.3 2162.2 0 0 0 0 0 0 0 0 0
-238.4 -847.3 1788.3 0 0 0 0 0 0 0 0 0
236.5 -798.3 1653.9 0 0 0 0 0 0 0 0 0
217.1 -51.3 2804.3 7 0.9887831211 0.1319007128 0.0700720623 -0.0291353855 0.6304789782 -0.7756593227 -0.1464889795 0.7649173141 0.6272499561
190.9 -176.7 2652.3 0.9887831211 0.1319007128 0.0700720623 -0.0291353855 0.6304789782 -0.7756593227 -0.1464889795 0.7649173141 0.6272499561
164.1 -301.9 2500.3 0.9883886576 0.1348545253 0.0700148419 -0.0309994146 0.6300572753 -0.7759296894 -0.1487509906 0.7647497058 0.6269218922
51.9 -172.3 2673.2 0.3203584850 -0.3552635014 -0.8781561852 0.4712692499 0.8639266491 -0.1775840074 0.8217515945 -0.3569574654 0.4441910088
-36.2 -301.8 2447.4 -0.2589266896 -0.3552635014 -0.8981897235 0.2759770155 0.8639266491 -0.4212689102 0.9256315231 -0.3569574654 -0.1256490946
330.0 -181.0 2631.3 -0.0948230252 0.1155326664 0.9887673259 -0.4065671265 0.9021373391 -0.1444002539 -0.9086868167 -0.4156927764 -0.0385715999
303.6 -293.8 2379.2 -0.4633813202 0.1027242914 0.8801848888 -0.3470952213 0.8928568959 -0.2869346440 -0.8153542876 -0.4384681284 -0.3780781031
42.5 -419.1 2367.3 0.9405138493 0.3228609562 -0.1058038548 -0.2468226403 0.4352807701 -0.8657997847 -0.2334785610 0.8404114842 0.4890770018
-85.7 -592.0 2033.4 0.9150786400 0.4032332599 -0.0058316155 -0.2921603024 0.6529084444 -0.6988225579 -0.2779809833 0.6411813498 0.7152712941
228.0 -430.0 2334.6 0.9538488388 -0.0082295472 0.3001744151 0.2680426836 0.4739723504 -0.8387510777 -0.1353718340 0.8805012703 0.4543038607
231.3 -618.4 1984.6 0.9538488388 -0.0082295472 0.3001744151 0.2680426836 0.4739723504 -0.8387510777 -0.1353718340 0.8805012703 0.4543038607
31.1 -373.5 2207.0 0 0 0 0 0 0 0 0 0
183.2 -384.1 2167.3 0 0 0 0 0 0 0 0 0
-239.8 -841.5 1788.4 0 0 0 0 0 0 0 0 0
234.4 -799.5 1648.1 0 0 0 0 0 0 0 0 0
216.5 -53.2 2800.5 8 0.9878597856 0.1355448067 0.0758990943 -0.0260395855 0.6261387467 -0.7792767286 -0.1531502753 0.7678397298 0.6220667958
189.6 -177.7 2647.9 0.9878597856 0.1355448067 0.0758990943 -0.0260395855 0.6261387467 -0.7792767286 -0.1531502753 0.7678397298 0.6220667958
162.8 -302.4 2495.4 0.9879872203 0.1345186979 0.0760657340 -0.0254482068 0.6271242499 -0.7785034180 -0.1524259299 0.7672156692 0.6230140328
50.6 -174.1 2669.3 0.2976382971 -0.4055272043 -0.8642680049 0.4774444401 0.8471819758 -0.2330869287 0.8267153502 -0.3432643712 0.4457705021
-31.1 -305.2 2442.5 -0.2399815768 -0.4055272043 -0.8820184469 0.2636815906 0.8471819758 -0.4612534642 0.9342809319 -0.3432643712 -0.0963780135
328.6 -181.3 2626.4 -0.0880831033 0.1090537980 0.9901255369 -0.4095339179 0.9021317959 -0.1357948184 -0.9080326557 -0.4174512327 -0.0348013379
303.9 -295.9 2372.4 -0.4606705010 0.1003220081 0.8818833232 -0.3439814746 0.8957598209 -0.2815866172 -0.8182049990 -0.4330701828 -0.3781412244
46.7 -424.3 2361.9 0.9344413280 0.3419260383 -0.0995287225 -0.2494212389 0.4289103448 -0.8682309389 -0.2541818619 0.8361354470 0.4860751629
-89.1 -594.7 2029.7 0.9256716967 0.3783116043 0.0035046393 -0.2651451528 0.6553225517 -0.7072838545 -0.2698703706 0.6537833810 0.7069209814
226.7 -429.4 2328.9 0.9520339966 -0.0106529351 0.3058067262 0.2732771337 0.4792156816 -0.8340694904 -0.1376620978 0.8776324987 0.4591408372
231.0 -619.9 1980.0 0.9520339966 -0.0106529351 0.3058067262 0.2732771337 0.4792156816 -0.8340694904 -0.1376620978 0.8776324987 0.4591408372
31.2 -373.6 2199.8 0 0 0 0 0 0 0 0 0
184.2 -385.3 2159.7 0 0 0 0 0 0 0 0 0
-233.7 -845.1 1779.9 0 0 0 0 0 0 0 0 0
235.0 -803.1 1644.5 0 0 0 0 0 0 0 0 0
214.9 -53.5 2799.7 9 0.9858924150 0.1337308735 0.1006586403 -0.0052271802 0.6256833673 -0.7800596356 -0.1672984958 0.7685287595 0.6175554991
188.3 -177.9 2646.9 0.9858924150 0.1337308735 0.1006586403 -0.0052271802 0.6256833673 -0.7800596356 -0.1672984958 0.7685287595 0.6175554991
161.9 -302.4 2494.1 0.9860068560 0.1328371912 0.1007209346 -0.0046897493 0.6260520816 -0.7797671556 -0.1666386276 0.7683833838 0.6179146171
49.6 -177.2 2670.3 0.3134863079 -0.3903729320 -0.8656415343 0.4740829170 0.8541967869 -0.2135257870 0.8227829337 -0.3434484601 0.4528481364
-36.7 -307.7 2443.9 -0.2592618763 -0.3903729320 -0.8833981156 0.2559546530 0.8541967869 -0.4525870979 0.9312735796 -0.3434484601 -0.1215428934
327.0 -178.6 2623.4 -0.0838210285 0.0836974159 0.9929596186 -0.4193150401 0.9009872079 -0.1113416031 -0.9039629102 -0.4256956875 -0.0404260904
303.3 -297.3 2367.4 -0.4599240422 0.0845555738 0.8839232326 -0.3423157930 0.9016273618 -0.2643633187 -0.8193227649 -0.4241679311 -0.3857353926
45.5 -424.7 2356.9 0.9345892668 0.3480969667 -0.0732897520 -0.2304014713 0.4353634715 -0.8702722788 -0.2710314691 0.8302332163 0.4870880842
-92.9 -597.8 2026.9 0.9312828183 0.3632090092 0.0281349253 -0.2365057915 0.6615358591 -0.7116426826 -0.2770873010 0.6560865045 0.7019780278
225.9 -427.2 2326.1 0.9442380071 -0.0122754350 0.3290347457 0.2934197783 0.4847848713 -0.8239468932 -0.1493967623 0.8745473027 0.4613541663
230.8 -620.0 1978.4 0.9442380071 -0.0122754350 0.3290347457 0.2934197783 0.4847848713 -0.8239468932 -0.1493967623 0.8745473027 0.4613541663
30.7 -374.2 2202.0 0 0 0 0 0 0 0 0 0
183.7 -386.3 2154.4 0 0 0 0 0 0 0 0 0
-231.7 -850.6 1776.2 0 0 0 0 0 0 0 0 0
235.5 -805.3 1644.1 0 0 0 0 0 0 0 0 0
217.4 -53.2 2801.7 0 0.9864195585 0.1423626691 0.0819107220 -0.0258573443 0.6270943880 -0.7785139680 -0.1621970832 0.7658234239 0.6222592592
189.1 -177.7 2649.7 0.9864195585 0.1423626691 0.0819107220 -0.0258573443 0.6270943880 -0.7785139680 -0.1621970832 0.7658234239 0.6222592592
161.1 -302.2 2497.3 0.9866087437 0.1410955936 0.0818245560 -0.0250205602 0.6266549230 -0.7788950801 -0.1611744314 0.7664173841 0.6217935085
50.3 -174.1 2672.4 0.3107229769 -0.4146439433 -0.8552903533 0.4814557433 0.8445150852 -0.2345094532 0.8195435405 -0.3389169872 0.4620429277
-35.8 -307.6 2445.3 -0.2550960481 -0.4146439433 -0.8734966516 0.2496346831 0.8445150852 -0.4737898707 0.9341351986 -0.3389169872 -0.1119229496
327.9 -181.2 2627.0 -0.0920230374 0.1051975340 0.9901844263 -0.4078915715 0.9031644464 -0.1338600069 -0.9083811045 -0.4162060916 -0.0402027406
301.4 -298.8 2365.0 -0.4717053473 0.0942667946 0.8767028451 -0.3447664976 0.8953981996 -0.2817768157 -0.8115602732 -0.4351733923 -0.3898640871
42.8 -423.7 2359.9 0.9309104681 0.3527961671 -0.0945543945 -0.2505688965 0.4285035729 -0.8681012988 -0.2657459080 0.8318170309 0.4872982204
-98.0 -594.6 2028.1 0.9301075339 0.3671433926 0.0102807861 -0.2520132363 0.6583033204 -0.7093138099 -0.2671877444 0.6571472287 0.7048178911
223.5 -429.1 2330.2 0.9505399466 -0.0168555696 0.3101445735 0.2798549533 0.4796413779 -0.8316401243 -0.1347404122 0.8773027062 0.4606354237
230.2 -619.8 1981.4 0.9505399466 -0.0168555696 0.3101445735 0.2798549533 0.4796413779 -0.8316401243 -0.1347404122 0.8773027062 0.4606354237
30.5 -372.4 2202.5 0 0 0 0 0 0 0 0 0
178.8 -388.5 2154.0 0 0 0 0 0 0 0 0 0
-238.3 -846.2 1776.9 0 0 0 0 0 0 0 0 0
236.7 -803.1 1646.0 0 0 0 0 0 0 0 0 0
217.4 -54.3 2799.2 1 0.9884309769 0.1327345222 0.0733874664 -0.0277219303 0.6338133812 -0.7729890347 -0.1491162926 0.7620118856 0.6301604509
191.2 -179.8 2648.4 0.9884309769 0.1327345222 0.0733874664 -0.0277219303 0.6338133812 -0.7729890347 -0.1491162926 0.7620118856 0.6301604509
164.2 -305.1 2496.5 0.9880561233 0.1358108073 0.0728045851 -0.0294865966 0.6303720474 -0.7757329941 -0.1512468904 0.7643209696 0.6268475652
52.1 -175.6 2669.7 0.3330320120 -0.3831428289 -0.8615632653 0.4736582339 0.8580497503 -0.1984906644 0.8153144121 -0.3419827819 0.4672367871
-39.6 -306.1 2445.2 -0.2690222561 -0.3831428289 -0.8836450577 0.2505255938 0.8580497503 -0.4483163953 0.9299806356 -0.3419827819 -0.1348473877
330.2 -183.9 2627.2 -0.0999913961 0.1134804934 0.9884957671 -0.4019099772 0.9042121768 -0.1444598883 -0.9102033377 -0.4117310643 -0.0448044986
301.9 -297.6 2369.7 -0.4698378742 0.0996507704 0.8771100640 -0.3438935280 0.8944478631 -0.2858325541 -0.8130126595 -0.4359274507 -0.3859762549
41.4 -423.1 2361.4 0.9358288646 0.3368291855 -0.1037807092 -0.2512840033 0.4311511815 -0.8665823936 -0.2471450567 0.8370512128 0.4881235063
-92.7 -594.8 2028.0 0.9193305373 0.3934706151 0.0034960902 -0.2808448970 0.6623557210 -0.6945581436 -0.2756038904 0.6375466585 0.7194280624
227.8 -433.1 2330.7 0.9530199766 -0.0088647073 0.3027777076 0.2706415951 0.4738313258 -0.8379958272 -0.1360369921 0.8805710077 0.4539698958
231.3 -621.5 1980.6 0.9530199766 -0.0088647073 0.3027777076 0.2706415951 0.4738313258 -0.8379958272 -0.1360369921 0.8805710077 0.4539698958
30.4 -371.2 2203.5 0 0 0 0 0 0 0 0 0
179.8 -387.0 2158.4 0 0 0 0 0 0 0 0 0
-243.1 -847.9 1784.5 0 0 0 0 0 0 0 0 0
234.7 -802.6 1643.9 0 0 0 0 0 0 0 0 0
217.1 -56.4 2797.5 2 0.9892404675 0.1266154945 0.0732924268 -0.0240771286 0.6350482106 -0.7720971704 -0.1443036944 0.7620251179 0.6312639713
192.1 -182.2 2646.6 0.9892404675 0.1266154945 0.0732924268 -0.0240771286 0.6350482106 -0.7720971704 -0.1443036944 0.7620251179 0.6312639713
164.9 -306.9 2494.2 0.9879914522 0.1366951019 0.0720233694 -0.0300653279 0.6273196340 -0.7781813145 -0.1515552551 0.7666710615 0.6238961816
53.0 -177.9 2667.9 0.3348189890 -0.4092762470 -0.8487574458 0.4797813296 0.8492891192 -0.2202678472 0.8109908104 -0.3334681094 0.4807212055
-37.8 -308.1 2447.9 -0.2628103495 -0.4092762470 -0.8737412095 0.2402585745 0.8492891192 -0.4700891972 0.9344552159 -0.3334681094 -0.1248698235
331.1 -186.4 2625.2 -0.1001005694 0.1142667532 0.9883941412 -0.4001439214 0.9048867226 -0.1451375484 -0.9109691381 -0.4100282490 -0.0448565297
303.4 -297.3 2372.8 -0.4692872465 0.1015803069 0.8771834970 -0.3399876058 0.8959980011 -0.2856501341 -0.8149710894 -0.4322834909 -0.3859443963
46.0 -427.0 2359.2 0.9325631857 0.3466336131 -0.1008515656 -0.2551247776 0.4351550341 -0.8634532094 -0.2554158568 0.8309544325 0.4942443669
-92.0 -600.2 2028.6 0.9183829427 0.3956926167 0.0002911729 -0.2796588242 0.6495944858 -0.7069780231 -0.2799351215 0.6491951346 0.7072354555
228.3 -434.4 2327.8 0.9533185363 -0.0076786960 0.3018689454 0.2694194317 0.4730917513 -0.8388071060 -0.1363707632 0.8809797168 0.4530759156
231.4 -622.5 1977.6 0.9533185363 -0.0076786960 0.3018689454 0.2694194317 0.4730917513 -0.8388071060 -0.1363707632 0.8809797168 0.4530759156
30.5 -370.6 2205.0 0 0 0 0 0 0 0 0 0
181.4 -385.7 2160.9 0 0 0 0 0 0 0 0 0
-243.2 -848.4 1780.5 0 0 0 0 0 0 0 0 0
234.3 -803.3 1640.7 0 0 0 0 0 0 0 0 0
217.3 -56.2 2797.6 3 0.9864819646 0.1304533482 0.0991727933 -0.0046467548 0.6272179484 -0.7788299322 -0.1638039201 0.7678408623 0.6193453670
191.3 -181.0 2644.9 0.9864819646 0.1304533482 0.0991727933 -0.0046467548 0.6272179484 -0.7788299322 -0.1638039201 0.7678408623 0.6193453670
164.1 -304.9 2491.9 0.9856355190 0.1371682137 0.0985264480 -0.0086022215 0.6234067678 -0.7818503976 -0.1686670780 0.7697719932 0.6156318188
52.7 -179.8 2668.6 0.3310202956 -0.4137710929 -0.8480678201 0.4779129624 0.8484569192 -0.2274205536 0.8136490583 -0.3300217986 0.4786030054
-37.4 -309.8 2447.3 -0.2572169900 -0.4137710929 -0.8732885718 0.2387855053 0.8484569192 -0.4723371565 0.9363871813 -0.3300217986 -0.1194349825
330.0 -182.2 2621.2 -0.0948179886 0.0863056406 0.9917463660 -0.4186481535 0.9003995657 -0.1183820218 -0.9031850696 -0.4264175296 -0.0492423847
303.4 -299.7 2367.7 -0.4814221859 0.0862275138 0.8722370863 -0.3371837437 0.9003449082 -0.2751112580 -0.8090363145 -0.4265488386 -0.4043714702
46.8 -428.5 2356.0 0.9321259856 0.3543057442 -0.0748908222 -0.2349184304 0.4342174530 -0.8696370125 -0.2755984664 0.8282044530 0.4879783094
-94.1 -601.2 2026.6 0.9279609919 0.3712671101 0.0323908776 -0.2425315976 0.6676054001 -0.7039043903 -0.2829608917 0.6453400254 0.7095558047
227.2 -429.7 2323.4 0.9451666474 -0.0100441640 0.3264340162 0.2902654111 0.4839522243 -0.8255521059 -0.1496864855 0.8750367761 0.4603309631
231.2 -622.1 1975.5 0.9451666474 -0.0100441640 0.3264340162 0.2902654111 0.4839522243 -0.8255521059 -0.1496864855 0.8750367761 0.4603309631
29.5 -371.9 2203.9 0 0 0 0 0 0 0 0 0
178.2 -387.3 2157.4 0 0 0 0 0 0 0 0 0
-236.0 -856.3 1780.1 0 0 0 0 0 0 0 0 0
235.0 -807.1 1641.0 0 0 0 0 0 0 0 0 0
217.9 -52.8 2799.7 4 0.9874314666 0.1378268152 0.0773489475 -0.0275009014 0.6317707896 -0.7746672630 -0.1556367278 0.7628036737 0.6276206970
190.5 -178.2 2648.2 0.9874314666 0.1378268152 0.0773489475 -0.0275009014 0.6317707896 -0.7746672630 -0.1556367278 0.7628036737 0.6276206970
162.7 -302.7 2495.7 0.9872089028 0.1399450600 0.0763804540 -0.0285089798 0.6263086200 -0.7790537477 -0.1568624675 0.7669112682 0.6222870946
51.6 -174.2 2670.3 0.3126395047 -0.4087586999 -0.8574222326 0.4803288281 0.8467880487 -0.2285480797 0.8194758892 -0.3403914571 0.4610779881
-35.8 -308.5 2441.1 -0.2546609342 -0.4087586999 -0.8763926625 0.2523306310 0.8467880487 -0.4682726562 0.9335293770 -0.3403914571 -0.1125015020
329.4 -182.2 2626.2 -0.0791299269 0.1099955142 0.9907771945 -0.4085003138 0.9030340314 -0.1328798234 -0.9093217254 -0.4152475595 -0.0265238173
306.6 -299.8 2364.5 -0.5074881911 0.0980905592 0.8560572267 -0.3301959634 0.8955180049 -0.2983590364 -0.7958808541 -0.4340803325 -0.4220757186
44.5 -424.8 2358.5 0.9312663674 0.3513848782 -0.0962894335 -0.2538016438 0.4360501766 -0.8633915782 -0.2613957226 0.8284859061 0.4952609241
-95.4 -598.4 2028.8 0.9306341410 0.3657204807 0.0129870269 -0.2549687922 0.6734486818 -0.6938715577 -0.2625091374 0.6424292922 0.7199816704
225.4 -429.9 2328.9 0.9521397948 -0.0130372932 0.3053847551 0.2742184699 0.4778039753 -0.8345702887 -0.1350335181 0.8783697486 0.4585112333
230.5 -619.8 1979.7 0.9521397948 -0.0130372932 0.3053847551 0.2742184699 0.4778039753 -0.8345702887 -0.1350335181 0.8783697486 0.4585112333
30.4 -374.1 2198.5 0 0 0 0 0 0 0 0 0
174.7 -385.6 2157.7 0 0 0 0 0 0 0 0 0
-235.1 -855.8 1783.3 0 0 0 0 0 0 0 0 0
235.5 -802.5 1643.9 0 0 0 0 0 0 0 0 0
217.3 -51.1 2798.7 5 0.9881784320 0.1301247776 0.0810613930 -0.0208393298 0.6378515959 -0.7698772550 -0.1518852413 0.7590868473 0.6330229044
191.4 -178.2 2647.6 0.9881784320 0.1301247776 0.0810613930 -0.0208393298 0.6378515959 -0.7698772550 -0.1518852413 0.7590868473 0.6330229044
164.9 -304.2 2496.1 0.9878290296 0.1331462711 0.0804106444 -0.0225271918 0.6339803934 -0.7730209827 -0.1539036334 0.7618011236 0.6292636395
52.4 -175.0 2669.2 0.3293576241 -0.3681747615 -0.8694658875 0.4765356481 0.8597790003 -0.1835589856 0.8151302934 -0.3538749218 0.4586231411
-40.3 -309.1 2439.8 -0.2784376740 -0.3681747615 -0.8870850205 0.2611818910 0.8597790003 -0.4388212860 0.9242599607 -0.3538749218 -0.1432342678
330.4 -181.3 2625.9 -0.0938774571 0.1050170511 0.9900295138 -0.4082092941 0.9029279351 -0.1344853640 -0.9080485702 -0.4167644083 -0.0418956429
303.6 -297.8 2366.9 -0.4939504564 0.0936738402 0.8644294143 -0.3378365040 0.8953899741 -0.2900747061 -0.8011738062 -0.4353183210 -0.4106318355
43.3 -423.0 2359.7 0.9334647655 0.3468145132 -0.0914508700 -0.2496287525 0.4451209009 -0.8599725962 -0.2575442791 0.8255828619 0.5020795465
-94.6 -600.1 2031.4 0.9342841506 0.3565078378 0.0039113117 -0.2481214851 0.6580405831 -0.7109277844 -0.2560251355 0.6632380486 0.7032541633
229.1 -432.3 2330.5 0.9505574107 -0.0062493603 0.3104859293 0.2762220800 0.4739264250 -0.8361190557 -0.1419222653 0.8805422783 0.4522204697
231.6 -620.7 1980.5 0.9505574107 -0.0062493603 0.3104859293 0.2762220800 0.4739264250 -0.8361190557 -0.1419222653 0.8805422783 0.4522204697
32.1 -377.0 2199.6 0 0 0 0 0 0 0 0 0
175.3 -385.6 2158.6 0 0 0 0 0 0 0 0 0
-230.8 -851.5 1777.9 0 0 0 0 0 0 0 0 0
234.0 -801.9 1643.8 0 0 0 0 0 0 0 0 0
217.6 -50.5 2798.3 6 0.9857943654 0.1316019148 0.1043572277 -0.0036624463 0.6380290985 -0.7700035572 -0.1679168940 0.7586829662 0.6294474602
191.4 -177.9 2646.8 0.9857943654 0.1316019148 0.1043572277 -0.0036624463 0.6380290985 -0.7700035572 -0.1679168940 0.7586829662 0.6294474602
165.2 -304.1 2495.5 0.9858340621 0.1316792369 0.1038836688 -0.0034704928 0.6352561116 -0.7722937465 -0.1676877886 0.7609929442 0.6267140508
52.7 -177.4 2670.4 0.3207788467 -0.3507930338 -0.8797984123 0.4629961252 0.8684170246 -0.1774443686 0.8262781501 -0.3504228294 0.4409855902
-37.2 -307.2 2438.8 -0.2802987099 -0.3507930338 -0.8935194016 0.2596754432 0.8684170246 -0.4223985970 0.9241219163 -0.3504228294 -0.1523238420
330.1 -178.4 2623.2 -0.0778024495 0.0808409378 0.9936858416 -0.4227340221 0.8999958634 -0.1063175648 -0.9029079080 -0.4283365607 -0.0358476713
308.1 -297.8 2368.1 -0.4987532496 0.0803138539 0.8630149961 -0.3365235925 0.8996406794 -0.2782058716 -0.7987471819 -0.4291810095 -0.4216712117
47.4 -427.3 2359.8 0.9290567040 0.3623406887 -0.0745847747 -0.2379745543 0.4310121834 -0.8704002500 -0.2832344770 0.8264004588 0.4866626263
-96.7 -598.7 2031.2 0.9416410923 0.3354296386 0.0282663759 -0.2144440413 0.6624840498 -0.7177246213 -0.2594721317 0.6697774529 0.6957530975
229.4 -430.8 2328.9 0.9430539012 -0.0058295284 0.3325889409 0.2945964038 0.4789546728 -0.8269312978 -0.1544744074 0.8778202534 0.4533974230
231.8 -621.2 1979.8 0.9430539012 -0.0058295284 0.3325889409 0.2945964038 0.4789546728 -0.8269312978 -0.1544744074 0.8778202534 0.4533974230
35.6 -374.7 2198.6 0 0 0 0 0 0 0 0 0
178.4 -385.3 2160.5 0 0 0 0 0 0 0 0 0
-224.9 -851.9 1775.3 0 0 0 0 0 0 0 0 0
234.0 -804.3 1644.2 0 0 0 0 0 0 0 0 0
218.4 -50.2 2798.5 7 0.9839242101 0.1469012946 0.1015539989 -0.0139013641 0.6299292445 -0.7765281200 -0.1780448258 0.7626330256 0.6218447089
189.0 -176.5 2645.7 0.9839242101 0.1469012946 0.1015539989 -0.0139013641 0.6299292445 -0.7765281200 -0.1780448258 0.7626330256 0.6218447089
159.4 -301.8 2494.3 0.9836371541 0.1487254202 0.1016792879 -0.0151251359 0.6305590272 -0.7759939432 -0.1795248091 0.7617585659 0.6224907637
50.6 -174.4 2670.9 0.3189736009 -0.4246744812 -0.8472941518 0.4884632826 0.8397770524 -0.2370192260 0.8121942282 -0.3382692039 0.4753046036
-37.2 -308.8 2447.4 -0.2671055496 -0.4246744812 -0.8650469184 0.2407857180 0.8397770524 -0.4866176248 0.9331007004 -0.3382692039 -0.1220535561
327.4 -178.6 2620.4 -0.0773496255 0.0862060189 0.9932701588 -0.4284166992 0.8967141509 -0.1111883149 -0.9002645016 -0.4341338873 -0.0324284062
305.7 -298.5 2368.5 -0.4889844358 0.0878505558 0.8678573966 -0.3384650350 0.8978571892 -0.2815916240 -0.8039500117 -0.4314333200 -0.4093038440
48.4 -429.7 2360.2 0.9284919500 0.3625653684 -0.0803060457 -0.2416257858 0.4256259799 -0.8720433116 -0.2819923460 0.8290891647 0.4827954471
-95.8 -598.9 2030.5 0.9394446611 0.3413766921 0.0300942771 -0.2210829258 0.6708108783 -0.7079089880 -0.2618511915 0.6583880186 0.7056622505
220.1 -428.5 2326.4 0.9445725083 -0.0234579705 0.3274638057 0.2973812819 0.4837284088 -0.8231471181 -0.1390941739 0.8749037385 0.4638925195
229.4 -620.8 1978.6 0.9445725083 -0.0234579705 0.3274638057 0.2973812819 0.4837284088 -0.8231471181 -0.1390941739 0.8749037385 0.4638925195
32.2 -371.4 2204.9 0 0 0 0 0 0 0 0 0
178.6 -386.5 2159.5 0 0 0 0 0 0 0 0 0
-226.3 -855.3 1778.9 0 0 0 0 0 0 0 0 0
238.4 -805.7 1644.1 0 0 0 0 0 0 0 0 0
217.7 -50.1 2798.7 8 0.9864403605 0.1399546564 0.0857208744 -0.0228145868 0.6341707706 -0.7728563547 -0.1625265181 0.7604210377 0.6287646294
189.8 -176.3 2647.3 0.9864403605 0.1399546564 0.0857208744 -0.0228145868 0.6341707706 -0.7728563547 -0.1625265181 0.7604210377 0.6287646294
161.3 -302.4 2496.2 0.9859485030 0.1433719695 0.0857325867 -0.0250166077 0.6341516376 -0.7728039026 -0.1651658714 0.7598000765 0.6288275123
51.1 -172.8 2670.5 0.3172761798 -0.3585630655 -0.8779341578 0.4697926044 0.8636140227 -0.1829363853 0.8237904906 -0.3544056118 0.4424544275
-38.3 -305.1 2438.5 -0.2785062492 -0.3585630655 -0.8909920454 0.2633942366 0.8636140227 -0.4298770428 0.9236112237 -0.3544056118 -0.1460784674
328.5 -179.8 2624.0 -0.0818213224 0.1015767232 0.9914572239 -0.4187147021 0.8992381692 -0.1266836822 -0.9044242501 -0.4255031645 -0.0310451835
305.0 -300.1 2364.1 -0.4956247211 0.0944009125 0.8633913398 -0.3385969698 0.8944230676 -0.2921634316 -0.7998176217 -0.4371451139 -0.4113343060
39.5 -425.6 2359.6 0.9390653968 0.3310336471 -0.0925896689 -0.2405251265 0.4403757751 -0.8649953008 -0.2455682904 0.8345572948 0.4931635857
-92.0 -600.6 2027.9 0.9259569645 0.3775386214 0.0082625756 -0.2648628354 0.6648914218 -0.6984032393 -0.2691679001 0.6445028782 0.7156568170
223.2 -430.7 2330.1 0.9493231773 -0.0170953814 0.3138363957 0.2838217616 0.4755833447 -0.8326258063 -0.1350213140 0.8795045018 0.4563343227
230.0 -619.8 1980.4 0.9493231773 -0.0170953814 0.3138363957 0.2838217616 0.4755833447 -0.8326258063 -0.1350213140 0.8795045018 0.4563343227
34.1 -373.5 2198.5 0 0 0 0 0 0 0 0 0
176.2 -388.2 2156.2 0 0 0 0 0 0 0 0 0
-236.2 -854.5 1781.8 0 0 0 0 0 0 0 0 0
236.6 -801.6 1644.2 0 0 0 0 0 0 0 0 0
218.1 -51.5 2797.7 9 0.9852182269 0.1469612122 0.0880197808 -0.0250623226 0.6319507957 -0.7746031880 -0.1694607884 0.7609471679 0.6262926459
188.8 -177.4 2646.0 0.9852182269 0.1469612122 0.0880197808 -0.0250623226 0.6319507957 -0.7746031880 -0.1694607884 0.7609471679 0.6262926459
159.4 -303.1 2494.8 0.9850960374 0.1477636993 0.0880434141 -0.0255861878 0.6320540309 -0.7745018005 -0.1700914353 0.7607060075 0.6264146566
50.1 -173.8 2670.0 0.3138125837 -0.3662630320 -0.8759983182 0.4764325917 0.8587897420 -0.1883935183 0.8212999701 -0.3582338989 0.4439986646
-36.5 -305.3 2443.3 -0.2656659484 -0.3662630320 -0.8917807937 0.2724517882 0.8587897420 -0.4338780344 0.9247657061 -0.3582338989 -0.1283621937
327.4 -181.0 2622.1 -0.0872691572 0.1005855352 0.9910936356 -0.4142359793 0.9011339545 -0.1279304624 -0.9059760571 -0.4217110276 -0.0369750448
302.7 -298.4 2365.3 -0.4844111204 0.0897792354 0.8702215552 -0.3466342092 0.8936083913 -0.2851468623 -0.8032375574 -0.4397768676 -0.4017533064
42.3 -426.0 2360.5 0.9375119805 0.3367410898 -0.0876166672 -0.2409523278 0.4466333389 -0.8616615534 -0.2510243356 0.8289294839 0.4998626411
-91.5 -603.6 2031.0 0.9234161377 0.3838000894 -0.0002904913 -0.2657528520 0.6388501525 -0.7219735980 -0.2769079506 0.6667593122 0.6919205189
220.4 -431.1 2328.0 0.9487855434 -0.0224757064 0.3151203990 0.2872958779 0.4762706161 -0.8310399652 -0.1314043850 0.8790114522 0.4583358169
229.3 -620.4 1978.5 0.9487855434 -0.0224757064 0.3151203990 0.2872958779 0.4762706161 -0.8310399652 -0.1314043850 0.8790114522 0.4583358169
32.6 -376.1 2203.0 0 0 0 0 0 0 0 0 0
176.7 -388.5 2156.5 0 0 0 0 0 0 0 0 0
-238.1 -847.5 1776.4 0 0 0 0 0 0 0 0 0
237.9 -802.5 1642.5 0 0 0 0 0 0 0 0 0
216.9 -51.9 2797.2 0 0.9844768643 0.1478199512 0.0946288258 -0.0214654915 0.6365071535 -0.7709720135 -0.1741969734 0.7569728494 0.6297996044
187.4 -178.8 2646.2 0.9844768643 0.1478199512 0.0946288258 -0.0214654915 0.6365071535 -0.7709720135 -0.1741969734 0.7569728494 0.6297996044
157.2 -305.0 2495.6 0.9839473367 0.1515119523 0.0942961574 -0.0237142090 0.6347119808 -0.7723848224 -0.1768764406 0.7577498555 0.6281161904
48.9 -175.5 2671.1 0.3102397919 -0.3364933729 -0.8891139030 0.4608245492 0.8712631464 -0.1689414233 0.8314998746 -0.3573131561 0.4253649116
-39.1 -306.2 2435.4 -0.2830881178 -0.3364933729 -0.8981276751 0.2682974041 0.8712631464 -0.4109951258 0.9208027124 -0.3573131561 -0.1563639641
325.8 -182.2 2621.3 -0.0894290805 0.0957435071 0.9913806915 -0.4145757854 0.9014639854 -0.1244571954 -0.9056099057 -0.4221325219 -0.0409241542
300.6 -299.3 2365.4 -0.4788700342 0.0878043249 0.8734837770 -0.3454792202 0.8958510756 -0.2794548273 -0.8070486784 -0.4355930388 -0.3986616433
39.6 -426.3 2359.3 0.9382654428 0.3351427019 -0.0856578350 -0.2368839532 0.4420625567 -0.8651397228 -0.2520791590 0.8320216537 0.4941619635
-93.6 -602.1 2028.5 0.9328423142 0.3600687683 0.0124794021 -0.2471275479 0.6646783948 -0.7050749063 -0.2621702254 0.6546396613 0.7090230584
217.4 -433.4 2328.7 0.9468618035 -0.0281565990 0.3204059601 0.2950414717 0.4726991951 -0.8303650022 -0.1280753762 0.8807739019 0.4558881521
228.6 -621.3 1978.5 0.9468618035 -0.0281565990 0.3204059601 0.2950414717 0.4726991951 -0.8303650022 -0.1280753762 0.8807739019 0.4558881521
34.5 -375.9 2196.1 0 0 0 0 0 0 0 0 0
176.1 -389.2 2155.6 0 0 0 0 0 0 0 0 0
-231.1 -855.9 1778.5 0 0 0 0 0 0 0 0 0
239.4 -802.0 1641.8 0 0 0 0 0 0 0 0 0
217.3 -50.5 2798.5 1 0.9838695526 0.1543347239 0.0904513896 -0.0287476406 0.6354711056 -0.7715892792 -0.1765622646 0.7565429807 0.6296574473
186.5 -177.2 2647.7 0.9838695526 0.1543347239 0.0904513896 -0.0287476406 0.6354711056 -0.7715892792 -0.1765622646 0.7565429807 0.6296574473
155.2 -303.2 2497.2 0.9833641052 0.1577108353 0.0901241228 -0.0308036674 0.6337547898 -0.7729204297 -0.1790145189 0.7572860718 0.6280697584
48.1 -172.8 2672.9 0.2982726395 -0.3482336402 -0.8886882067 0.4664135575 0.8655127883 -0.1826087683 0.8327615857 -0.3600290418 0.4205796719
-37.4 -306.5 2434.2 -0.2910574377 -0.3482336402 -0.8910773993 0.2652554810 0.8655127883 -0.4248848259 0.9191980958 -0.3600290418 -0.1595430672
324.9 -181.5 2622.5 -0.0874293223 0.1016403288 0.9909719229 -0.4114327729 0.9022873640 -0.1288432777 -0.9072371125 -0.4189830124 -0.0370682143
