216.3 -55.9 2796.4 08 0.9824103713 0.1427234858 0.1204152033 0.0056243916 0.6219382286 -0.7830460668 -0.1866498888 0.7699498534 0.6101958752
187.7 -180.5 2642.3 0.9824103713 0.1427234858 0.1204152033 0.0056243916 0.6219382286 -0.7830460668 -0.1866498888 0.7699498534 0.6101958752
158.9 -304.1 2489.3 0.9820879102 0.1449656934 0.1203673705 0.0042303083 0.6216888428 -0.7832528949 -0.1883758456 0.7697323561 0.6099398732
49.5 -181.1 2668.8 0.3258810043 -0.3238605261 -0.8882094026 0.4584434032 0.8757798076 -0.1511271000 0.8268199563 -0.3579442799 0.4338717163
-41.6 -309.3 2437.4 -0.2681342959 -0.3238605261 -0.9073138237 0.2778602839 0.8757798076 -0.3947194219 0.9224411249 -0.3579442799 -0.1448386163
325.9 -179.9 2615.8 -0.0629239157 0.0668474436 0.9957770705 -0.4327452779 0.8972521424 -0.0875788778 -0.8993175626 -0.4364286363 -0.0275307018
308.4 -300.3 2365.5 -0.5173809528 0.0742006749 0.8525322676 -0.3297342956 0.9020246267 -0.2786159217 -0.7896785736 -0.4252596796 -0.4422238469
40.0 -428.0 2353.5 0.9434327483 0.3303521574 -0.0283209458 -0.2013125122 0.5028517246 -0.8406029940 -0.2634537816 0.7987537980 0.5409107804
-91.4 -628.0 2035.9 0.9433955550 0.3304734528 -0.0281442925 -0.2013691664 0.5032784939 -0.8403339982 -0.2635436654 0.7984347343 0.5413378477
220.2 -427.3 2319.0 0.9378789663 -0.0229052454 0.3462057710 0.3126251996 0.4885900021 -0.8145828843 -0.1504944712 0.8722127676 0.4653990269
229.3 -621.5 1972.2 0.9378789663 -0.0229052454 0.3462057710 0.3126251996 0.4885900021 -0.8145828843 -0.1504944712 0.8722127676 0.4653990269
28.1 -381.6 2197.7 0 0 0 0 0 0 0 0 0
174.0 -386.0 2160.3 0 0 0 0 0 0 0 0 0
-217.7 -820.4 1730.7 0 0 0 0 0 0 0 0 0
238.1 -808.3 1638.7 0 0 0 0 0 0 0 0 0
216.2 -55.0 2797.1 09 0.9831486344 0.1459467560 0.1100834012 -0.0050325724 0.6235597134 -0.7817595005 -0.1827388406 0.7680317760 0.6137863398
186.9 -179.9 2643.2 0.9831486344 0.1459467560 0.1100834012 -0.0050325724 0.6235597134 -0.7817595005 -0.1827388406 0.7680317760 0.6137863398
157.8 -303.8 2490.5 0.9830738902 0.1465146542 0.1099963784 -0.0053511173 0.6230917573 -0.7821304798 -0.1831314117 0.7683034539 0.6133292317
48.6 -179.2 2669.0 0.3127579987 -0.3353151679 -0.8886766434 0.4636705816 0.8704591990 -0.1652586460 0.8289704919 -0.3603672385 0.4277188480
-39.2 -309.3 2436.2 -0.2445493937 -0.3353151679 -0.9098128080 0.2889799178 0.8704591990 -0.3984864056 0.9255734682 -0.3603672385 -0.1159709096
325.3 -180.7 2617.5 -0.0585750565 0.0780960768 0.9952235818 -0.4240755141 0.9005638957 -0.0956275091 -0.9037305713 -0.4276513457 -0.0196319483
308.8 -300.3 2362.6 -0.5329403281 0.0778857917 0.8425606489 -0.3251788020 0.9004356861 -0.2889193296 -0.7811743617 -0.4279596210 -0.4545516670
38.5 -427.2 2354.6 0.9440513849 0.3274626434 -0.0391821004 -0.2091220617 0.5025063157 -0.8389012814 -0.2550195754 0.8001597524 0.5428714752
-91.7 -627.0 2036.4 0.9440339208 0.3275233805 -0.0390943624 -0.2091488242 0.5027199388 -0.8387666345 -0.2550621629 0.8000006676 0.5430858135
218.9 -428.1 2320.9 0.9413601160 -0.0253458042 0.3364502490 0.3057681322 0.4856570065 -0.8189280629 -0.1426430345 0.8737819195 0.4649280608
229.0 -621.2 1973.5 0.9413601160 -0.0253458042 0.3364502490 0.3057681322 0.4856570065 -0.8189280629 -0.1426430345 0.8737819195 0.4649280608
24.3 -384.4 2195.7 0 0 0 0 0 0 0 0 0
170.3 -384.8 2159.6 0 0 0 0 0 0 0 0 0
-216.9 -819.2 1730.6 0 0 0 0 0 0 0 0 0
238.6 -806.9 1639.5 0 0 0 0 0 0 0 0 0
216.9 -54.2 2797.9 10 0.9865491390 0.1349365264 0.0922653452 -0.0126758469 0.6258862019 -0.7798113823 -0.1629726440 0.7681527138 0.6191779375
189.9 -179.5 2644.2 0.9865491390 0.1349365264 0.0922653452 -0.0126758469 0.6258862019 -0.7798113823 -0.1629726440 0.7681527138 0.6191779375
163.0 -303.7 2491.3 0.9865213037 0.1352855861 0.0920519456 -0.0128048258 0.6246511340 -0.7807989717 -0.1631311923 0.7690960765 0.6179639697
51.1 -177.7 2667.1 0.3284129798 -0.3473506868 -0.8783463836 0.4716320038 0.8660051823 -0.1661273986 0.8183569908 -0.3596978784 0.4482290447
-40.2 -308.9 2439.5 -0.2428910732 -0.3473506868 -0.9057325125 0.2874024510 0.8660051823 -0.4091880918 0.9265007973 -0.3596978784 -0.1105154902
328.7 -181.3 2621.2 -0.0677481964 0.0936283767 0.9932994843 -0.4148131311 0.9028136134 -0.1133915931 -0.9073809981 -0.4197157621 -0.0223257113
309.5 -299.3 2363.0 -0.5318962336 0.0844151005 0.8425915241 -0.3271628022 0.8972738385 -0.2964189947 -0.7810575366 -0.4333287477 -0.4496391118
45.6 -426.7 2353.4 0.9388829470 0.3399839103 -0.0539424978 -0.2298263162 0.5024303794 -0.8335127831 -0.2562785745 0.7949683070 0.5498605967
-89.5 -626.4 2037.3 0.9388746023 0.3400141597 -0.0538967885 -0.2298386395 0.5025368333 -0.8334452510 -0.2562980652 0.7948881388 0.5499674678
226.6 -429.0 2323.5 0.9468112588 -0.0107790921 0.3216087818 0.2865774632 0.4828269780 -0.8274971247 -0.1463617235 0.8756494522 0.4602350593
230.9 -621.0 1975.3 0.9468112588 -0.0107790921 0.3216087818 0.2865774632 0.4828269780 -0.8274971247 -0.1463617235 0.8756494522 0.4602350593
22.9 -383.6 2198.6 0 0 0 0 0 0 0 0 0
171.2 -384.4 2160.0 0 0 0 0 0 0 0 0 0
-219.5 -818.6 1733.5 0 0 0 0 0 0 0 0 0
235.0 -805.6 1640.6 0 0 0 0 0 0 0 0 0
216.6 -55.6 2794.9 11 0.9863957167 0.1307689101 0.0996142849 -0.0044710748 0.6270868182 -0.7789365649 -0.1643274873 0.7678942680 0.6191403866
190.6 -180.7 2641.7 0.9863957167 0.1307689101 0.0996142849 -0.0044710748 0.6270868182 -0.7789365649 -0.1643274873 0.7678942680 0.6191403866
163.8 -304.8 2488.7 0.9859482050 0.1344165057 0.0991885439 -0.0065832953 0.6245638728 -0.7809460163 -0.1669216007 0.7693192959 0.6166725159
51.8 -179.7 2665.2 0.3304489255 -0.3160752952 -0.8893255591 0.4612417817 0.8761581182 -0.1400106847 0.8234437108 -0.3639277220 0.4353126287
-39.9 -307.8 2436.6 -0.2384831160 -0.3160752952 -0.9182713032 0.2979022861 0.8761581182 -0.3789474666 0.9243267775 -0.3639277220 -0.1147893593
329.3 -181.6 2618.2 -0.0674981102 0.0861530304 0.9939928055 -0.4189580977 0.9017257690 -0.1066056937 -0.9054933190 -0.4236370027 -0.0247702785
310.4 -298.8 2364.8 -0.5233370066 0.0813850611 0.8482304215 -0.3293363154 0.8987604976 -0.2894255519 -0.7859109044 -0.4308201969 -0.4435515404
46.6 -428.4 2351.1 0.9379684925 0.3434838355 -0.0472642146 -0.2257100791 0.5014266968 -0.8352401853 -0.2631919682 0.7940970063 0.5478502512
-89.9 -627.8 2035.4 0.9379641414 0.3434989750 -0.0472411551 -0.2257164717 0.5014799237 -0.8352065682 -0.2632021010 0.7940568924 0.5479035378
227.6 -429.6 2320.5 0.9444987774 -0.0091960328 0.3283862472 0.2913551331 0.4852569997 -0.8244014978 -0.1517705023 0.8743231893 0.4610039294
231.2 -622.6 1972.9 0.9444987774 -0.0091960328 0.3283862472 0.2913551331 0.4852569997 -0.8244014978 -0.1517705023 0.8743231893 0.4610039294
22.1 -385.2 2196.3 0 0 0 0 0 0 0 0 0
174.4 -384.4 2160.5 0 0 0 0 0 0 0 0 0
-221.2 -819.5 1731.8 0 0 0 0 0 0 0 0 0
234.7 -808.1 1638.6 0 0 0 0 0 0 0 0 0
216.6 -56.8 2794.3 12 0.9857254624 0.1336055398 0.1024445742 -0.0041723331 0.6276813149 -0.7784592509 -0.1683090031 0.7669196725 0.6192788482
190.0 -182.1 2641.3 0.9857254624 0.1336055398 0.1024445742 -0.0041723331 0.6276813149 -0.7784592509 -0.1683090031 0.7669196725 0.6192788482
163.0 -306.2 2488.3 0.9854858518 0.1358111799 0.1018475592 -0.0052856049 0.6242166758 -0.7812333703 -0.1696751714 0.7693561316 0.6158745885
51.3 -181.4 2665.1 0.3206412792 -0.3211352825 -0.8911011815 0.4595085979 0.8753927350 -0.1501311958 0.8282759190 -0.3613303900 0.4282514751
-37.5 -308.6 2435.9 -0.2197507173 -0.3211352825 -0.9211849570 0.3022458851 0.8753927350 -0.3772730529 0.9275543094 -0.3613303900 -0.0953063741
328.7 -182.9 2617.4 -0.0652070716 0.0838831887 0.9943398237 -0.4189382493 0.9020882249 -0.1035740227 -0.9056703448 -0.4233207405 -0.0236806534
310.4 -300.4 2363.2 -0.5242800117 0.0803006962 0.8477513194 -0.3276629448 0.8998690844 -0.2878759801 -0.7859818935 -0.4287043214 -0.4454717934
45.6 -429.8 2350.9 0.9384221435 0.3424966037 -0.0453867503 -0.2230649590 0.5003200769 -0.8366132975 -0.2638293207 0.7952206731 0.5459104180
-90.6 -628.8 2034.7 0.9384199381 0.3425042033 -0.0453752615 -0.2230681926 0.5003467202 -0.8365965486 -0.2638344765 0.7952006459 0.5459371209
226.4 -430.8 2319.8 0.9436821938 -0.0113592064 0.3306582570 0.2945842743 0.4838028550 -0.8241085410 -0.1506121904 0.8751032948 0.4599023759
230.9 -623.2 1971.8 0.9436821938 -0.0113592064 0.3306582570 0.2945842743 0.4838028550 -0.8241085410 -0.1506121904 0.8751032948 0.4599023759
19.7 -387.1 2194.8 0 0 0 0 0 0 0 0 0
174.1 -385.6 2158.9 0 0 0 0 0 0 0 0 0
-221.6 -820.1 1730.7 0 0 0 0 0 0 0 0 0
235.3 -808.1 1637.3 0 0 0 0 0 0 0 0 0
215.8 -54.6 2795.6 13 0.9852480888 0.1313298196 0.1097209305 0.0016238025 0.6339443326 -0.7733770013 -0.1711244136 0.7621463537 0.6243791580
189.6 -181.1 2643.5 0.9852480888 0.1313298196 0.1097209305 0.0016238025 0.6339443326 -0.7733770013 -0.1711244136 0.7621463537 0.6243791580
163.1 -305.9 2491.0 0.9851309657 0.1331049949 0.1086282358 0.0010649458 0.6275324821 -0.7785896659 -0.1718019098 0.7671284080 0.6180599332
51.0 -181.3 2667.7 0.3093886673 -0.3245357573 -0.8938429356 0.4580829144 0.8745767474 -0.1589829177 0.8333298564 -0.3602666855 0.4192484021
-35.2 -308.8 2435.6 -0.2061220109 -0.3245357573 -0.9231415391 0.3063377738 0.8745767474 -0.3758625984 0.9293389320 -0.3602666855 -0.0808519572
328.2 -181.0 2619.3 -0.0645643100 0.0770467296 0.9949347973 -0.4168087840 0.9037998915 -0.0970373079 -0.9066983461 -0.4209627211 -0.0262394622
309.8 -300.0 2360.5 -0.5256056786 0.0713465139 0.8477312922 -0.3320217133 0.9002494216 -0.2816247940 -0.7832625508 -0.4294887781 -0.4494876266
46.3 -430.7 2354.3 0.9388313293 0.3417690396 -0.0423046052 -0.2181425989 0.4951342344 -0.8409850597 -0.2664762139 0.7987715602 0.5394019485
-89.6 -627.6 2036.7 0.9388301969 0.3417728841 -0.0422988832 -0.2181442380 0.4951476157 -0.8409767747 -0.2664788663 0.7987616658 0.5394152999
227.1 -430.5 2322.7 0.9412842393 -0.0100500043 0.3374655545 0.3003013432 0.4816979170 -0.8232777119 -0.1542824954 0.8762797117 0.4564326704
231.1 -622.1 1974.3 0.9412842393 -0.0100500043 0.3374655545 0.3003013432 0.4816979170 -0.8232777119 -0.1542824954 0.8762797117 0.4564326704
18.4 -388.4 2194.1 0 0 0 0 0 0 0 0 0
173.2 -386.3 2156.9 0 0 0 0 0 0 0 0 0
-220.3 -816.9 1731.3 0 0 0 0 0 0 0 0 0
234.9 -806.2 1639.3 0 0 0 0 0 0 0 0 0
216.4 -52.0 2798.2 14 0.9862154722 0.1368445903 0.0930190384 -0.0157629624 0.6373072863 -0.7704485059 -0.1647134274 0.7583620548 0.6306794286
189.1 -179.1 2647.0 0.9862154722 0.1368445903 0.0930190384 -0.0157629624 0.6373072863 -0.7704485059 -0.1647134274 0.7583620548 0.6306794286
161.9 -304.6 2495.2 0.9862850308 0.1370585710 0.0919605047 -0.0154407974 0.6313412786 -0.7753514051 -0.1643270105 0.7632975578 0.6247987747
50.3 -176.9 2670.1 0.3130892515 -0.3291834593 -0.8908498287 0.4647794664 0.8711162806 -0.1585448235 0.8282241225 -0.3644100130 0.4257348776
-38.2 -308.3 2435.9 -0.2221166342 -0.3291834593 -0.9177703857 0.3036558628 0.8711162806 -0.3859397769 0.9265297055 -0.3644100130 -0.0935309231
327.9 -181.2 2623.8 -0.0609571412 0.0952137783 0.9935887456 -0.4076483250 0.9062622786 -0.1118548661 -0.9111021161 -0.4118531346 -0.0164294243
310.3 -298.9 2360.8 -0.5197336078 0.0770186037 0.8508496284 -0.3402564526 0.8948706985 -0.2888458669 -0.7836469412 -0.4396300018 -0.4388883114
44.1 -428.7 2358.5 0.9400903583 0.3355245888 -0.0604430959 -0.2305788249 0.4951489270 -0.8376520276 -0.2511245310 0.8014054894 0.5428496003
-89.3 -625.5 2039.9 0.9400898814 0.3355265260 -0.0604402758 -0.2305795550 0.4951556027 -0.8376479149 -0.2511257529 0.8014006019 0.5428563356
225.1 -431.5 2328.4 0.9468387961 -0.0136863543 0.3214170635 0.2888396680 0.4761073887 -0.8305982351 -0.1416611820 0.8792806268 0.4547501206
230.5 -620.8 1978.8 0.9468387961 -0.0136863543 0.3214170635 0.2888396680 0.4761073887 -0.8305982351 -0.1416611820 0.8792806268 0.4547501206
19.5 -387.2 2195.1 0 0 0 0 0 0 0 0 0
175.2 -387.4 2157.1 0 0 0 0 0 0 0 0 0
-217.6 -814.8 1733.5 0 0 0 0 0 0 0 0 0
235.8 -802.8 1642.6 0 0 0 0 0 0 0 0 0
215.7 -51.7 2798.0 15 0.9844914675 0.1372338682 0.1092858985 -0.0024073606 0.6334608793 -0.7737709880 -0.1754159331 0.7615078688 0.6239671707
188.3 -178.6 2645.4 0.9844914675 0.1372338682 0.1092858985 -0.0024073606 0.6334608793 -0.7737709880 -0.1754159331 0.7615078688 0.6239671707
160.4 -303.5 2493.3 0.9842050672 0.1399716735 0.1083894894 -0.0037110494 0.6284370422 -0.7778516412 -0.1769931614 0.7651633024 0.6190303564
49.8 -178.1 2670.3 0.3255230486 -0.2941635251 -0.8986114860 0.4562952518 0.8812597990 -0.1231898963 0.8281481862 -0.3699310124 0.4210958183
-42.2 -307.0 2436.2 -0.2301048338 -0.2941635251 -0.9276419282 0.3103693426 0.8812597990 -0.3564435244 0.9223462939 -0.3699310124 -0.1114828065
326.7 -179.1 2620.5 -0.0541832373 0.0789138153 0.9954078794 -0.4216886759 0.9018083811 -0.0944473147 -0.9051203132 -0.4248696864 -0.0155858379
311.7 -296.5 2368.6 -0.5047335625 0.0737073794 0.8601227999 -0.3409336805 0.8983367682 -0.2770473361 -0.7931004167 -0.4330799282 -0.4282914102
42.3 -428.1 2357.4 0.9420548677 0.3325157464 -0.0443382598 -0.2147018611 0.4960936010 -0.8413050771 -0.2577512562 0.8020750880 0.5387391448
-89.9 -625.4 2038.5 0.9420546293 0.3325167000 -0.0443368703 -0.2147022635 0.4960969388 -0.8413029909 -0.2577519119 0.8020725846 0.5387424827
222.9 -428.8 2324.9 0.9416797161 -0.0176856238 0.3360454142 0.3025830090 0.4814781249 -0.8225705624 -0.1472508460 0.8762796521 0.4587495625
229.9 -620.2 1976.5 0.9416797161 -0.0176856238 0.3360454142 0.3025830090 0.4814781249 -0.8225705624 -0.1472508460 0.8762796521 0.4587495625
17.6 -387.7 2196.5 0 0 0 0 0 0 0 0 0
180.5 -385.1 2162.4 0 0 0 0 0 0 0 0 0
-217.0 -815.1 1731.9 0 0 0 0 0 0 0 0 0
236.7 -804.3 1641.5 0 0 0 0 0 0 0 0 0
216.7 -50.0 2798.9 16 0.9845377207 0.1447454244 0.0986623615 -0.0164020248 0.6369274855 -0.7707492113 -0.1744031906 0.7572134137 0.6294532418
187.8 -177.1 2647.8 0.9845377207 0.1447454244 0.0986623615 -0.0164020248 0.6369274855 -0.7707492113 -0.1744031906 0.7572134137 0.6294532418
159.0 -303.1 2496.7 0.9845484495 0.1450644881 0.0980850533 -0.0163549967 0.6338529587 -0.7732806206 -0.1743470579 0.7597280741 0.6264314651
49.3 -174.8 2672.3 0.3289809525 -0.3144298196 -0.8904523849 0.4672918320 0.8736053705 -0.1358382255 0.8206155300 -0.3714129329 0.4343300164
-44.4 -307.9 2438.5 -0.2348487526 -0.3144298196 -0.9197716713 0.3075070977 0.8736053705 -0.3771645129 0.9221092463 -0.3714129329 -0.1084757224
326.4 -179.4 2623.2 -0.0638468936 0.0909974054 0.9938023090 -0.4150700271 0.9031919837 -0.1093668789 -0.9075464010 -0.4194802940 -0.0198957045
308.0 -298.9 2362.0 -0.5085268021 0.0860499591 0.8567355871 -0.3290912211 0.9000303149 -0.2857349217 -0.7956754565 -0.4272480309 -0.4293712378
39.8 -427.6 2361.7 0.9433397651 0.3267819881 -0.0576513298 -0.2229419649 0.4954681993 -0.8395285010 -0.2457783967 0.8048135042 0.5402482748
-90.1 -624.6 2041.7 0.9433395863 0.3267824650 -0.0576506443 -0.2229421586 0.4954698682 -0.8395274878 -0.2457787097 0.8048123121 0.5402499437
220.5 -430.6 2329.7 0.9451546073 -0.0218578111 0.3258911371 0.2967688739 0.4742073417 -0.8288881779 -0.1364222914 0.8801418543 0.4546859562
229.2 -619.1 1979.8 0.9451546073 -0.0218578111 0.3258911371 0.2967688739 0.4742073417 -0.8288881779 -0.1364222914 0.8801418543 0.4546859562
16.6 -387.9 2198.8 0 0 0 0 0 0 0 0 0
175.8 -384.4 2155.2 0 0 0 0 0 0 0 0 0
-215.0 -814.0 1734.0 0 0 0 0 0 0 0 0 0
237.5 -800.4 1643.3 0 0 0 0 0 0 0 0 0
218.1 -49.6 2798.8 17 0.9832244515 0.1555886716 0.0951935500 -0.0260040946 0.6361348629 -0.7711395621 -0.1805365086 0.7557278872 0.6295092702
187.1 -176.6 2648.0 0.9832244515 0.1555886716 0.0951935500 -0.0260040946 0.6361348629 -0.7711395621 -0.1805365086 0.7557278872 0.6295092702
156.5 -302.7 2497.4 0.9835067987 0.1540183723 0.0948298946 -0.0248455033 0.6343679428 -0.7726318836 -0.1791565418 0.7575325966 0.6277318597
48.7 -173.1 2673.2 0.3182685673 -0.3620835245 -0.8761281967 0.4804570973 0.8583089709 -0.1801850051 0.8172307611 -0.3635948002 0.4471383691
-39.8 -306.7 2445.9 -0.2077716738 -0.3620835245 -0.9086949229 0.3059350252 0.8583089709 -0.4119580388 0.9291042686 -0.3635948002 -0.0675582588
325.5 -180.1 2622.8 -0.0667581186 0.0961664766 0.9931240678 -0.4193856418 0.9004456401 -0.1153834537 -0.9053502083 -0.4242047369 -0.0197812188
306.8 -297.8 2368.6 -0.5010396838 0.0948074237 0.8602155447 -0.3269868195 0.8995617628 -0.2896001041 -0.8012732863 -0.4263802767 -0.4197154045
35.6 -426.5 2363.2 0.9455473423 0.3195612431 -0.0618128516 -0.2232113183 0.4984202087 -0.8377075791 -0.2368901074 0.8058895469 0.5426095724
-91.4 -624.7 2042.8 0.9455472827 0.3195614815 -0.0618125163 -0.2232114077 0.4984210432 -0.8377070427 -0.2368902564 0.8058888912 0.5426104069
216.1 -431.0 2330.4 0.9465101361 -0.0303691421 0.3212417364 0.2965207994 0.4744897187 -0.8288154006 -0.1272554845 0.8797370195 0.4581144154
228.2 -619.7 1980.6 0.9465101361 -0.0303691421 0.3212417364 0.2965207994 0.4744897187 -0.8288154006 -0.1272554845 0.8797370195 0.4581144154
14.1 -386.2 2204.4 0 0 0 0 0 0 0 0 0
176.5 -382.8 2160.3 0 0 0 0 0 0 0 0 0
-213.6 -815.2 1734.7 0 0 0 0 0 0 0 0 0
239.8 -801.1 1644.3 0 0 0 0 0 0 0 0 0
219.6 -52.9 2794.8 18 0.9839611650 0.1534826308 0.0909039602 -0.0269157961 0.6315091252 -0.7749011517 -0.1763405353 0.7600258589 0.6255115271
189.0 -179.1 2642.8 0.9839611650 0.1534826308 0.0909039602 -0.0269157961 0.6315091252 -0.7749011517 -0.1763405353 0.7600258589 0.6255115271
159.0 -304.3 2491.4 0.9844328761 0.1506366581 0.0905566067 -0.0249593221 0.6298178434 -0.7763417959 -0.1739796996 0.7619961500 0.6237731576
50.4 -175.6 2667.3 0.3223454952 -0.3544330895 -0.8777645230 0.4771981537 0.8616617918 -0.1726872623 0.8175422549 -0.3632026613 0.4468876123
-38.3 -306.9 2442.4 -0.2114916295 -0.3544330895 -0.9108504057 0.3044835031 0.8616617918 -0.4059910774 0.9287416935 -0.3632026613 -0.0743152201
327.5 -182.7 2618.4 -0.0794415995 0.0985837355 0.9919527769 -0.4235649407 0.8974606395 -0.1231144294 -0.9023756385 -0.4299368262 -0.0295390896
305.8 -298.2 2372.2 -0.4981157482 0.1010664776 0.8612004519 -0.3248728514 0.8990902305 -0.2934184968 -0.8039516807 -0.4259370267 -0.4150172472
38.7 -427.3 2355.8 0.9425488710 0.3283895850 -0.0613346621 -0.2291455269 0.5019267797 -0.8340035081 -0.2430925518 0.8001435995 0.5483395457
-91.8 -626.8 2037.7 0.9425488114 0.3283897042 -0.0613344871 -0.2291455865 0.5019271970 -0.8340032101 -0.2430926263 0.8001433015 0.5483399630
219.4 -431.8 2323.9 0.9478927851 -0.0241168886 0.3176753521 0.2901380658 0.4772390127 -0.8294955492 -0.1316022128 0.8784425259 0.4593686461
229.0 -621.6 1974.6 0.9478927851 -0.0241168886 0.3176753521 0.2901380658 0.4772390127 -0.8294955492 -0.1316022128 0.8784425259 0.4593686461
16.7 -386.1 2201.0 0 0 0 0 0 0 0 0 0
176.3 -382.7 2163.2 0 0 0 0 0 0 0 0 0
-217.4 -818.7 1731.8 0 0 0 0 0 0 0 0 0
238.2 -804.0 1638.8 0 0 0 0 0 0 0 0 0
217.6 -53.2 2796.3 19 0.9833214879 0.1570920348 0.0916565210 -0.0278495904 0.6280602813 -0.7776661515 -0.1797309816 0.7621432543 0.6219601631
186.1 -178.9 2643.8 0.9833214879 0.1570920348 0.0916565210 -0.0278495904 0.6280602813 -0.7776661515 -0.1797309816 0.7621432543 0.6219601631
154.7 -303.8 2492.4 0.9831389189 0.1582132876 0.0916866139 -0.0285770539 0.6281760335 -0.7775462866 -0.1806134880 0.7618158460 0.6221055984
47.8 -174.9 2669.2 0.3101316392 -0.3491233587 -0.8842687607 0.4738956988 0.8631052971 -0.1745624989 0.8241609335 -0.3649138212 0.4331243336
-39.3 -308.0 2437.7 -0.2238378078 -0.3491233587 -0.9099502563 0.3013329506 0.8631052971 -0.4052748084 0.9268738031 -0.3649138212 -0.0879932344
324.5 -182.9 2618.4 -0.0614353009 0.0998042822 0.9931086302 -0.4180332124 0.9009432793 -0.1164021641 -0.9063519835 -0.4223035872 -0.0136282146
307.3 -299.8 2365.0 -0.5179993510 0.0958751589 0.8499909639 -0.3224166036 0.8985218406 -0.2978355587 -0.7922904491 -0.4283298254 -0.4345220029
33.0 -426.0 2357.5 0.9452608228 0.3205502033 -0.0610704683 -0.2244533747 0.5028548837 -0.8347200751 -0.2368600965 0.8027356267 0.5472775698
-94.4 -626.0 2038.3 0.9452607632 0.3205502629 -0.0610703863 -0.2244534045 0.5028551221 -0.8347199559 -0.2368601412 0.8027355075 0.5472778082
213.4 -431.3 2324.3 0.9476751685 -0.0355229899 0.3172537386 0.2948147058 0.4786017239 -0.8270578384 -0.1224586219 0.8773132563 0.4640316665
227.6 -621.5 1975.5 0.9476751685 -0.0355229899 0.3172537386 0.2948147058 0.4786017239 -0.8270578384 -0.1224586219 0.8773132563 0.4640316665
18.9 -386.3 2196.8 0 0 0 0 0 0 0 0 0
172.7 -383.6 2159.1 0 0 0 0 0 0 0 0 0
-217.0 -818.2 1731.4 0 0 0 0 0 0 0 0 0
241.1 -804.5 1640.1 0 0 0 0 0 0 0 0 0
216.7 -54.9 2796.0 20 0.9832259417 0.1545965970 0.0967812240 -0.0225068610 0.6294067502 -0.7767500281 -0.1809976697 0.7615425587 0.6223285198
185.9 -180.4 2644.1 0.9832259417 0.1545965970 0.0967812240 -0.0225068610 0.6294067502 -0.7767500281 -0.1809976697 0.7615425587 0.6223285198
154.6 -305.2 2492.6 0.9828297496 0.1572952271 0.0964564085 -0.0241037365 0.6277283430 -0.7780592442 -0.1829334199 0.7623748183 0.6207414865
47.6 -177.0 2669.9 0.3020372987 -0.3292175233 -0.8946447968 0.4628915787 0.8710617423 -0.1642643809 0.8333695531 -0.3645095825 0.4154851437
-37.7 -307.7 2434.6 -0.2272626460 -0.3292175233 -0.9164974093 0.3015875816 0.8710617423 -0.3876807094 0.9259571433 -0.3645095825 -0.0986718833
324.2 -183.8 2618.4 -0.0645620450 0.0953112394 0.9933516383 -0.4116868377 0.9042277336 -0.1135171130 -0.9090355635 -0.4162786901 -0.0191404093
306.1 -299.7 2362.4 -0.5195705295 0.0884479955 0.8498373032 -0.3238598704 0.9000236392 -0.2916715145 -0.7906714082 -0.4267721176 -0.4389809966
33.2 -427.8 2357.8 0.9458418489 0.3194985986 -0.0574790128 -0.2197711021 0.4998969734 -0.8377372622 -0.2389222980 0.8049991727 0.5430400372
-93.8 -626.6 2037.7 0.9458418489 0.3194986284 -0.0574789718 -0.2197711021 0.4998970926 -0.8377371430 -0.2389223129 0.8049991131 0.5430401564
213.5 -432.2 2324.2 0.9461184144 -0.0352592841 0.3218955696 0.2990495861 0.4764481187 -0.8267808557 -0.1242148429 0.8784952760 0.4613206089
227.6 -621.7 1974.9 0.9461184144 -0.0352592841 0.3218955696 0.2990495861 0.4764481187 -0.8267808557 -0.1242148429 0.8784952760 0.4613206089
21.4 -386.1 2193.9 0 0 0 0 0 0 0 0 0
171.0 -383.9 2156.9 0 0 0 0 0 0 0 0 0
-216.0 -817.7 1729.9 0 0 0 0 0 0 0 0 0
241.0 -803.8 1639.1 0 0 0 0 0 0 0 0 0
218.3 -55.9 2796.4 21 0.9831923842 0.1571444869 0.0929423869 -0.0259789880 0.6243088245 -0.7807455063 -0.1807146072 0.7652085423 0.6178981662
187.0 -180.5 2643.7 0.9831923842 0.1571444869 0.0929423869 -0.0259789880 0.6243088245 -0.7807455063 -0.1807146072 0.7652085423 0.6178981662
155.4 -304.5 2491.6 0.9829211831 0.1588569731 0.0928998739 -0.0270504355 0.6240532398 -0.7809134722 -0.1820280105 0.7650634050 0.6176922917
48.6 -176.7 2669.4 0.3148100078 -0.3184485734 -0.8941393495 0.4622429907 0.8742128611 -0.1486044824 0.8289909959 -0.3665274382 0.4224115908
-41.2 -308.5 2432.9 -0.2475193888 -0.3184485734 -0.9150544405 0.2965591252 0.8742128611 -0.3844535947 0.9223811030 -0.3665274382 -0.1219458058
325.3 -184.3 2618.1 -0.0740917847 0.0988661498 0.9923385978 -0.4101420045 0.9040011168 -0.1206879020 -0.9090071321 -0.4159417152 -0.0264298934
304.5 -299.4 2363.0 -0.5128949881 0.0913979486 0.8535720110 -0.3255203962 0.8993506432 -0.2918987274 -0.7943394780 -0.4275684953 -0.4315205216
33.6 -426.1 2356.3 0.9447541237 0.3225802779 -0.0581513047 -0.2231333703 0.5029748082 -0.8350017071 -0.2401064336 0.8018468022 0.5471659303
-94.7 -626.1 2037.4 0.9447541237 0.3225802779 -0.0581512824 -0.2231333852 0.5029748678 -0.8350016475 -0.2401064336 0.8018468022 0.5471659899
214.0 -431.1 2322.8 0.9474337697 -0.0345711261 0.3180787563 0.2949757576 0.4794504344 -0.8265087008 -0.1239296570 0.8768877387 0.4644451737
227.7 -621.7 1974.2 0.9474337697 -0.0345711261 0.3180787563 0.2949757576 0.4794504344 -0.8265087008 -0.1239296570 0.8768877387 0.4644451737
23.1 -385.6 2193.2 0 0 0 0 0 0 0 0 0
171.2 -384.0 2156.5 0 0 0 0 0 0 0 0 0
-218.0 -818.4 1730.9 0 0 0 0 0 0 0 0 0
240.9 -805.0 1638.9 0 0 0 0 0 0 0 0 0
218.1 -55.6 2797.1 22 0.9857245088 0.1575611383 0.0593434907 -0.0534125343 0.6269033551 -0.7772639990 -0.1596692353 0.7629984617 0.6263697147
186.6 -180.9 2644.6 0.9857245088 0.1575611383 0.0593434907 -0.0534125343 0.6269033551 -0.7772639990 -0.1596692353 0.7629984617 0.6263697147
155.9 -305.4 2492.6 0.9861865044 0.1547111273 0.0591665208 -0.0515587702 0.6261772513 -0.7779741287 -0.1574099809 0.7641770244 0.6255042553
47.9 -173.6 2666.7 0.3170019686 -0.3596579731 -0.8775852919 0.4793891609 0.8591653705 -0.1789437234 0.8183494210 -0.3639793396 0.4447732568
-41.5 -308.8 2436.0 -0.2538125813 -0.3596579731 -0.8979005218 0.2852912247 0.8591653705 -0.4247866869 0.9242229462 -0.3639793396 -0.1154597253
325.3 -188.1 2622.4 -0.0635109991 0.1319184154 0.9892238975 -0.3932762742 0.9077064395 -0.1462970674 -0.9172241688 -0.3983297646 -0.0057689617
307.3 -299.8 2362.0 -0.5170981884 0.1057228148 0.8493716121 -0.3279024959 0.8921658397 -0.3106768131 -0.7906259894 -0.4391614795 -0.4266705513
34.7 -425.2 2355.2 0.9422402382 0.3228666484 -0.0891093835 -0.2512350678 0.5053519011 -0.8255304098 -0.2215046436 0.8002353311 0.5572782755
-93.7 -626.1 2037.0 0.9422402382 0.3228666484 -0.0891093761 -0.2512350678 0.5053519011 -0.8255303502 -0.2215046436 0.8002353311 0.5572783351
215.5 -434.6 2326.3 0.9572038651 -0.0317341015 0.2876693904 0.2679985166 0.4724313021 -0.8396341205 -0.1092589796 0.8807960153 0.4607177675
228.2 -622.5 1976.1 0.9572038651 -0.0317341015 0.2876693904 0.2679985166 0.4724313021 -0.8396341205 -0.1092589796 0.8807960153 0.4607177675
24.5 -383.0 2195.7 0 0 0 0 0 0 0 0 0
172.9 -385.0 2156.5 0 0 0 0 0 0 0 0 0
-217.1 -819.3 1731.0 0 0 0 0 0 0 0 0 0
240.3 -803.1 1639.4 0 0 0 0 0 0 0 0 0
218.5 -55.5 2808.4 23 0.9857303500 0.1497764289 0.0768289044 -0.0309484396 0.6098855138 -0.7918850183 -0.1654625386 0.7782073617 0.6058180332
188.7 -177.1 2653.3 0.9857303500 0.1497764289 0.0768289044 -0.0309484396 0.6098855138 -0.7918850183 -0.1654625386 0.7782073617 0.6058180332
158.8 -299.8 2499.8 0.9855552316 0.1501895189 0.0782558769 -0.0316649079 0.6173553467 -0.7860468626 -0.1663676798 0.7722146511 0.6131935120
50.0 -172.7 2676.7 0.3132678270 -0.3252373636 -0.8922353387 0.4627725780 0.8727075458 -0.1556375772 0.8292797208 -0.3641458154 0.4239021242
-41.9 -308.5 2433.2 -0.2634179890 -0.3252373636 -0.9082024097 0.2862272263 0.8727075458 -0.3955445588 0.9212409854 -0.3641458154 -0.1367950737
327.3 -181.6 2629.9 -0.0826922655 0.1105237603 0.9904274344 -0.4024530351 0.9054843783 -0.1346462071 -0.9116981626 -0.4097347260 -0.0303959306
303.2 -299.2 2363.4 -0.4950473905 0.0936923027 0.8637996316 -0.3392091393 0.8944345117 -0.2914173901 -0.7999157906 -0.4372741580 -0.4110061526
38.5 -419.7 2361.5 0.9436798692 0.3242577612 -0.0657666773 -0.2325362712 0.5086043477 -0.8290045261 -0.2353619188 0.7976079583 0.5553613901
-90.4 -621.9 2044.4 0.9436798692 0.3242577612 -0.0657666773 -0.2325362712 0.5086044073 -0.8290045261 -0.2353619188 0.7976079583 0.5553613901
219.3 -425.5 2331.1 0.9518057108 -0.0244755596 0.3057233989 0.2790685892 0.4826115966 -0.8301847577 -0.1272264123 0.8754924536 0.4661828578
229.0 -617.3 1983.0 0.9518057108 -0.0244755596 0.3057233989 0.2790685892 0.4826115966 -0.8301847577 -0.1272264123 0.8754924536 0.4661828578
26.5 -382.9 2193.8 0 0 0 0 0 0 0 0 0
174.5 -387.4 2155.6 0 0 0 0 0 0 0 0 0
-214.4 -816.3 1739.5 0 0 0 0 0 0 0 0 0
238.4 -801.8 1648.3 0 0 0 0 0 0 0 0 0
218.7 -54.6 2803.6 24 0.9840524197 0.1545064002 0.0881397650 -0.0268659573 0.6189183593 -0.7849957347 -0.1758381873 0.7701089978 0.6131990552
188.0 -177.8 2650.3 0.9840524197 0.1545064002 0.0881397650 -0.0268659573 0.6189183593 -0.7849957347 -0.1758381873 0.7701089978 0.6131990552
157.4 -302.0 2498.1 0.9841056466 0.1535471976 0.0892152786 -0.0266511720 0.6243938208 -0.7806549072 -0.1755728424 0.7658692002 0.6185616851
49.5 -174.1 2675.0 0.3311616480 -0.3648530543 -0.8701805472 0.4759127200 0.8609074354 -0.1798484921 0.8147631884 -0.3545710742 0.4587377310
-41.9 -305.4 2450.1 -0.2521117926 -0.3648530543 -0.8962822556 0.2752464414 0.8609074354 -0.4278759062 0.9277278781 -0.3545710742 -0.1166204214
326.4 -181.6 2625.6 -0.0825463310 0.1008715034 0.9914691448 -0.4093505740 0.9036327004 -0.1260161996 -0.9086353779 -0.4162606299 -0.0332997553
303.2 -296.7 2370.2 -0.4828706682 0.0916121677 0.8708863854 -0.3392459750 0.8972811699 -0.2824866772 -0.8073091507 -0.4318492413 -0.4021916986
36.6 -423.6 2361.9 0.9456807375 0.3193826079 -0.0606848523 -0.2239088416 0.5045505166 -0.8338426948 -0.2356962860 0.8021368384 0.5486562848
-90.3 -624.2 2043.0 0.9456807375 0.3193826079 -0.0606848523 -0.2239088416 0.5045505166 -0.8338426948 -0.2356962860 0.8021368384 0.5486562848
217.2 -428.5 2329.7 0.9484183788 -0.0284962188 0.3157380223 0.2901540101 0.4792797565 -0.8283124566 -0.1277230680 0.8771994710 0.4628260136
228.5 -619.1 1981.0 0.9484183788 -0.0284962188 0.3157380223 0.2901540101 0.4792797565 -0.8283124566 -0.1277230680 0.8771994710 0.4628260136
23.6 -377.0 2209.0 0 0 0 0 0 0 0 0 0
177.7 -384.8 2160.4 0 0 0 0 0 0 0 0 0
-212.5 -817.1 1736.3 0 0 0 0 0 0 0 0 0
239.4 -802.3 1645.6 0 0 0 0 0 0 0 0 0
217.5 -54.2 2799.7 25 0.9812141061 0.1624219418 0.1041054502 -0.0199804232 0.6222791672 -0.7825403810 -0.1918843836 0.7657595873 0.6138343811
185.2 -178.3 2647.0 0.9812141061 0.1624219418 0.1041054502 -0.0199804232 0.6222791672 -0.7825403810 -0.1918843836 0.7657595873 0.6138343811
153.0 -302.0 2494.6 0.9813821912 0.1614668071 0.1040072143 -0.0193349477 0.6218247414 -0.7829177380 -0.1910894811 0.7663304806 0.6133697033
47.1 -175.6 2673.8 0.3214806914 -0.3682369292 -0.8723827600 0.4678338766 0.8627596498 -0.1917740703 0.8232749701 -0.3464785516 0.4496342540
-43.0 -306.7 2443.2 -0.2711988688 -0.3682369292 -0.8892990351 0.2567824721 0.8627596498 -0.4355554879 0.9276388884 -0.3464785516 -0.1394226402
323.2 -181.0 2620.1 -0.0576965474 0.0875084177 0.9944915175 -0.4207632840 0.9012225270 -0.1037124395 -0.9053338766 -0.4244293571 -0.0151770962
307.1 -298.4 2367.7 -0.5018985271 0.0851155296 0.8607283235 -0.3325774670 0.8996464610 -0.2828930020 -0.7984297872 -0.4282424152 -0.4232237041
30.9 -423.8 2359.8 0.9489970803 0.3118065298 -0.0467033125 -0.2075928152 0.5064648986 -0.8368981481 -0.2372967154 0.8039091825 0.5453625321
-93.1 -625.2 2040.2 0.9489970803 0.3118065298 -0.0467033125 -0.2075928152 0.5064648986 -0.8368981481 -0.2372967154 0.8039091825 0.5453625321
211.0 -427.4 2324.8 0.9438738823 -0.0405640379 0.3278058171 0.3053612411 0.4855063856 -0.8191691041 -0.1259230077 0.8732915521 0.4706434608
227.1 -620.4 1977.6 0.9438738823 -0.0405640379 0.3278058171 0.3053612411 0.4855063856 -0.8191691041 -0.1259230077 0.8732915521 0.4706434608
27.5 -373.4 2202.1 0 0 0 0 0 0 0 0 0
176.7 -384.8 2160.2 0 0 0 0 0 0 0 0 0
-212.3 -818.8 1732.8 0 0 0 0 0 0 0 0 0
242.6 -806.0 1643.7 0 0 0 0 0 0 0 0 0
216.4 -52.1 2798.7 26 0.9810948372 0.1590650082 0.1102327704 -0.0145952897 0.6287901402 -0.7774380445 -0.1929764599 0.7611315846 0.6192243695
184.6 -177.8 2646.6 0.9810948372 0.1590650082 0.1102327704 -0.0145952897 0.6287901402 -0.7774380445 -0.1929764599 0.7611315846 0.6192243695
152.7 -302.8 2495.4 0.9808145761 0.1607755721 0.1102451757 -0.0156972669 0.6288239360 -0.7773892283 -0.1943100095 0.7607441545 0.6192834377
46.6 -175.6 2673.9 0.3172474205 -0.3703500032 -0.8730377555 0.4680396318 0.8618092537 -0.1955089420 0.8247987628 -0.3465915620 0.4467452168
-43.6 -308.7 2439.5 -0.2807542384 -0.3703500032 -0.8854478598 0.2518194914 0.8618092537 -0.4403087497 0.9261555076 -0.3465915620 -0.1486952454
322.6 -180.0 2619.2 -0.0509708486 0.0814306885 0.9953747988 -0.4266317785 0.8993773460 -0.0954240561 -0.9029879570 -0.4295223653 -0.0111011071
308.3 -300.3 2364.7 -0.5132319331 0.0835280716 0.8541756272 -0.3277963698 0.9007239938 -0.2850365937 -0.7931850553 -0.4262855649 -0.4349001050
30.7 -426.4 2362.0 0.9505099654 0.3071076870 -0.0470710509 -0.2024642676 0.4973336160 -0.8436038494 -0.2356672138 0.8113840818 0.5348988771
-91.4 -624.1 2039.4 0.9505099654 0.3071076870 -0.0470710509 -0.2024642676 0.4973336160 -0.8436038494 -0.2356672138 0.8113840818 0.5348988771
210.7 -429.3 2326.3 0.9416069388 -0.0410027243 0.3342082202 0.3117130995 0.4814703166 -0.8191589117 -0.1273235828 0.8755027652 0.4661368728
227.0 -620.7 1978.2 0.9416069388 -0.0410027243 0.3342082202 0.3117130995 0.4814703166 -0.8191589117 -0.1273235828 0.8755027652 0.4661368728
29.4 -374.1 2198.8 0 0 0 0 0 0 0 0 0
174.9 -385.5 2158.5 0 0 0 0 0 0 0 0 0
-208.8 -814.3 1729.2 0 0 0 0 0 0 0 0 0
242.7 -804.8 1643.5 0 0 0 0 0 0 0 0 0
216.2 -57.5 2798.3 27 0.9806317091 0.1613725722 0.1109972522 -0.0125762727 0.6174242496 -0.7865297794 -0.1954567283 0.7699000835 0.6074952483
184.0 -180.5 2644.9 0.9806317091 0.1613725722 0.1109972522 -0.0125762727 0.6174242496 -0.7865297794 -0.1954567283 0.7699000835 0.6074952483
151.9 -304.1 2492.5 0.9804733992 0.1617359221 0.1118632704 -0.0131832417 0.6216189265 -0.7832088470 -0.1962093413 0.7664406896 0.6116130352
46.0 -178.7 2672.5 0.3143702745 -0.3177064359 -0.8945579529 0.4522301257 0.8786568642 -0.1531339884 0.8346611261 -0.3564052880 0.4199000299
-43.7 -307.8 2434.2 -0.2858836651 -0.3177064359 -0.9040647745 0.2696226537 0.8786568642 -0.3940377235 0.9195510745 -0.3564052880 -0.1655327827
322.0 -182.4 2617.3 -0.0562585630 0.0801000372 0.9951979518 -0.4171943963 0.9036987424 -0.0963195860 -0.9070743322 -0.4206098020 -0.0174235050
306.1 -300.0 2361.4 -0.5058071017 0.0755528733 0.8593316674 -0.3350948095 0.9007206559 -0.2764303684 -0.7949029207 -0.4277780056 -0.4302735329
29.8 -426.5 2358.2 0.9499306083 0.3097507656 -0.0410651118 -0.2000232041 0.5018607378 -0.8415025473 -0.2400470972 0.8075829744 0.5386902094
-93.4 -626.0 2037.1 0.9499306083 0.3097507656 -0.0410651118 -0.2000232041 0.5018607378 -0.8415025473 -0.2400470972 0.8075829744 0.5386902094
209.7 -428.9 2322.2 0.9411081672 -0.0457588956 0.3349948227 0.3142812550 0.4837332070 -0.8168411255 -0.1246703789 0.8740184903 0.4696264267
227.9 -621.2 1974.7 0.9411081672 -0.0457588956 0.3349948227 0.3142812550 0.4837332070 -0.8168411255 -0.1246703789 0.8740184903 0.4696264267
30.6 -377.8 2195.2 0 0 0 0 0 0 0 0 0
174.7 -387.1 2154.8 0 0 0 0 0 0 0 0 0
-211.8 -817.9 1728.3 0 0 0 0 0 0 0 0 0
245.4 -806.1 1640.5 0 0 0 0 0 0 0 0 0
216.3 -57.6 2800.5 28 0.9785445929 0.1600321531 0.1297696531 0.0035631161 0.6166040897 -0.7872653008 -0.2060042769 0.7708365917 0.6028044224
184.4 -180.6 2646.8 0.9785445929 0.1600321531 0.1297696531 0.0035631161 0.6166040897 -0.7872653008 -0.2060042769 0.7708365917 0.6028044224
152.6 -303.7 2494.0 0.9784775376 0.1599515080 0.1303735822 0.0033039241 0.6195728183 -0.7849321961 -0.2063270211 0.7684692740 0.6057096124
46.7 -181.0 2675.8 0.3140797317 -0.3084821403 -0.8978823423 0.4451037943 0.8832070827 -0.1477426738 0.8385919929 -0.3532478511 0.4147040248
-44.2 -309.8 2433.2 -0.2889524102 -0.3084821403 -0.9062809944 0.2668052018 0.8832070827 -0.3856945336 0.9194136858 -0.3532478511 -0.1729001552
322.1 -180.1 2617.8 -0.0604176112 0.0609925985 0.9963079691 -0.4226799905 0.9026617408 -0.0808916539 -0.9042629004 -0.4260067344 -0.0287563149
304.8 -301.2 2358.6 -0.5083693862 0.0669563189 0.8585321307 -0.3283672631 0.9065731168 -0.2651416659 -0.7960750461 -0.4167037606 -0.4388877451
31.0 -427.2 2360.2 0.9496516585 0.3124697208 -0.0228996836 -0.1849311143 0.5000367761 -0.8460282087 -0.2529075146 0.8076669574 0.5326461196
-93.2 -626.0 2039.0 0.9496516585 0.3124697208 -0.0228996836 -0.1849311143 0.5000367761 -0.8460282087 -0.2529075146 0.8076669574 0.5326461196
210.6 -426.6 2322.3 0.9349863529 -0.0425439402 0.3521228433 0.3271405995 0.4870199859 -0.8098089695 -0.1370383948 0.8723540306 0.4692748785
227.5 -620.2 1975.5 0.9349863529 -0.0425439402 0.3521228433 0.3271405995 0.4870199859 -0.8098089695 -0.1370383948 0.8723540306 0.4692748785
30.9 -379.2 2194.2 0 0 0 0 0 0 0 0 0
172.6 -386.6 2151.7 0 0 0 0 0 0 0 0 0
-212.7 -817.2 1730.3 0 0 0 0 0 0 0 0 0
243.7 -806.4 1642.0 0 0 0 0 0 0 0 0 0
217.5 -57.1 2800.1 29 0.9753128886 0.1671532094 0.1443072110 0.0099858064 0.6194317341 -0.7849870324 -0.2206015736 0.7670489550 0.6024705768
184.1 -180.6 2647.2 0.9753128886 0.1671532094 0.1443072110 0.0099858064 0.6194317341 -0.7849870324 -0.2206015736 0.7670489550 0.6024705768
151.0 -304.5 2495.4 0.9752756357 0.1666191220 0.1451740563 0.0098470729 0.6235029697 -0.7817589641 -0.2207724452 0.7638600469 0.6064465046
46.9 -182.0 2678.3 0.3161497414 -0.3069434464 -0.8976831436 0.4434607625 0.8842921257 -0.1461848468 0.8386846185 -0.3518709540 0.4156861007
-42.7 -307.7 2440.4 -0.2691667676 -0.3069434464 -0.9128718376 0.2739652097 0.8842921257 -0.3781144321 0.9233050942 -0.3518709540 -0.1539302319
321.4 -179.2 2616.1 -0.0583352447 0.0479854755 0.9971430898 -0.4265097678 0.9018964171 -0.0683537573 -0.9025998116 -0.4292787015 -0.0321460739
304.8 -300.4 2359.6 -0.5164040923 0.0568494201 0.8544559479 -0.3296898305 0.9076836109 -0.2596441209 -0.7903363109 -0.4157867134 -0.4499888420
28.4 -429.4 2363.8 0.9523795843 0.3046510220 -0.0126831392 -0.1704223305 0.4973489642 -0.8506469727 -0.2528425157 0.8123003244 0.5255843401
-92.7 -627.1 2040.8 0.9523795843 0.3046510220 -0.0126831392 -0.1704223305 0.4973489642 -0.8506469727 -0.2528425157 0.8123003244 0.5255843401
207.4 -427.6 2323.3 0.9297571182 -0.0477983169 0.3650575876 0.3411370516 0.4847911000 -0.8053590059 -0.1384818554 0.8733229041 0.4670437276
226.4 -620.3 1976.0 0.9297571182 -0.0477983169 0.3650575876 0.3411370516 0.4847911000 -0.8053590059 -0.1384818554 0.8733229041 0.4670437276
27.2 -378.9 2200.5 0 0 0 0 0 0 0 0 0
170.6 -386.1 2154.2 0 0 0 0 0 0 0 0 0
-209.2 -817.3 1730.3 0 0 0 0 0 0 0 0 0
244.6 -805.7 1642.1 0 0 0 0 0 0 0 0 0
216.8 -54.4 2800.0 30 0.9805565476 0.1584822834 0.1157246977 -0.0088842437 0.6249673367 -0.7806003690 -0.1960354745 0.7643947005 0.6142237782
185.1 -179.4 2647.0 0.9805565476 0.1584822834 0.1157246977 -0.0088842437 0.6249673367 -0.7806003690 -0.1960354745 0.7643947005 0.6142237782
153.2 -304.2 2495.6 0.9801569581 0.1605421305 0.1162692308 -0.0104531143 0.6276042461 -0.7784624100 -0.1979470700 0.7617999315 0.6168287992
47.2 -178.0 2674.9 0.3083613813 -0.3392820954 -0.8887074590 0.4570280612 0.8721875548 -0.1743968725 0.8342893124 -0.3523869514 0.4240103960
-39.7 -306.8 2439.6 -0.2478881776 -0.3392820954 -0.9074354768 0.2784691751 0.8721875548 -0.4021738768 0.9279043078 -0.3523869514 -0.1217253730
323.0 -180.9 2619.2 -0.0684992000 0.0759643614 0.9947549105 -0.4156905115 0.9042458534 -0.0976772532 -0.9069229364 -0.4202009737 -0.0303624496
303.2 -300.9 2357.4 -0.5230206847 0.0696665421 0.8494680524 -0.3338181674 0.9002884030 -0.2793675065 -0.7842288017 -0.4296828508 -0.4476134777
31.4 -428.1 2362.3 0.9501264691 0.3093478382 -0.0395422317 -0.1979940236 0.5003771782 -0.8428647518 -0.2409523726 0.8086572289 0.5366706848
-91.6 -627.0 2040.8 0.9501264691 0.3093478382 -0.0395422317 -0.1979940236 0.5003771782 -0.8428647518 -0.2409523726 0.8086572289 0.5366706848
211.1 -430.0 2326.0 0.9395657778 -0.0401437283 0.3400068283 0.3167746365 0.4786851108 -0.8188494444 -0.1298845261 0.8770684600 0.4624726474
227.1 -620.3 1977.3 0.9395657778 -0.0401437283 0.3400068283 0.3167746365 0.4786851108 -0.8188494444 -0.1298845261 0.8770684600 0.4624726474
24.7 -379.2 2198.5 0 0 0 0 0 0 0 0 0
167.2 -387.7 2153.5 0 0 0 0 0 0 0 0 0
-209.9 -818.3 1731.6 0 0 0 0 0 0 0 0 0
242.4 -803.3 1642.0 0 0 0 0 0 0 0 0 0
216.6 -54.7 2796.4 31 0.9837732315 0.1489143223 0.1000735089 -0.0171186868 0.6331355572 -0.7738516331 -0.1785976887 0.7595813870 0.6254110336
186.8 -181.6 2644.2 0.9837732315 0.1489143223 0.1000735089 -0.0171186868 0.6331355572 -0.7738516331 -0.1785976887 0.7595813870 0.6254110336
156.8 -307.1 2493.0 0.9834886193 0.1509764642 0.0997808278 -0.0183190145 0.6315902472 -0.7750859261 -0.1800403297 0.7604603171 0.6239275336
48.4 -179.0 2669.5 0.3239018023 -0.3220044374 -0.8896070719 0.4570101798 0.8765693903 -0.1508900076 0.8283895850 -0.3576859534 0.4310817122
-42.3 -307.0 2437.5 -0.2532980144 -0.3220044374 -0.9122243524 0.2842690945 0.8765693903 -0.3883518875 0.9246789813 -0.3576859534 -0.1304973811
