40.1 10.3 3178.0 1 0.9981796145 0.0540469810 0.0267653577 -0.0303847529 0.8340002298 -0.5509268641 -0.0520982482 0.5491107106 0.8341242075
28.7 -165.2 3062.5 0.9981796145 0.0540469810 0.0267653577 -0.0303847529 0.8340002298 -0.5509268641 -0.0520982482 0.5491107106 0.8341242075
16.6 -325.8 2946.2 0.9978595376 0.0607443117 0.0242165644 -0.0349644795 0.8085429668 -0.5873973966 -0.0552611873 0.5852934122 0.8089362383
-116.6 -160.1 3070.5 -0.0133899534 -0.9764015079 0.2155476958 0.5853655934 0.1671125740 0.7933602929 -0.8106588721 0.1367972642 0.5693141818
-111.7 -376.7 3370.4 0.1531481743 -0.9676983953 -0.2002633363 -0.3161456287 0.1440249830 -0.9377146363 0.9362679124 0.2069216669 -0.2838764489
174.0 -170.3 3054.4 0.5326408148 0.7534445524 0.3855062127 -0.8340068460 0.3897838593 0.3905139267 0.1439665109 -0.5295184851 0.8359927535
315.2 -391.3 3092.6 -0.6054843068 0.7534445524 0.2563396990 0.0973404571 0.3897838593 -0.9157474637 -0.7898820043 -0.5295184851 -0.3093486428
-90.8 -485.3 2826.2 0.9776014090 0.1483709663 -0.1492701769 -0.1445844322 -0.0419422984 -0.9886031747 -0.1529407501 0.9880419374 -0.0195507165
-154.5 -467.4 2402.4 0.9776014090 0.1472373009 0.1503885239 -0.1445844322 0.9890823364 -0.0284853708 -0.1529407501 0.0061034984 0.9882165194
91.3 -498.6 2823.3 0.9885008335 0.0319983624 0.1477911919 0.1494634151 -0.0584011413 -0.9870410562 -0.0229525212 0.9977802634 -0.0625121593
77.3 -473.0 2386.4 0.9885008335 -0.1470924169 0.0350707062 0.1494634151 0.9856099486 -0.0789538622 -0.0229525212 0.0832877457 0.9962611794
-152.1 -293.3 3123.6 0 0 0 0 0 0 0 0 0
158.2 -366.1 2887.8 0 0 0 0 0 0 0 0 0
-206.0 -813.8 2400.2 0 0 0 0 0 0 0 0 0
133.5 -849.6 2354.6 0 0 0 0 0 0 0 0 0
41.5 11.2 3168.4 2 0.9920032024 0.0723185167 0.1034390703 -0.0050280886 0.8415561914 -0.5401461720 -0.1261123568 0.5353066325 0.8351901174
26.3 -165.1 3056.3 0.9920032024 0.0723185167 0.1034390703 -0.0050280886 0.8415561914 -0.5401461720 -0.1261123568 0.5353066325 0.8351901174
10.5 -327.1 2942.4 0.9917491078 0.0804410353 0.0998142883 -0.0077834004 0.8149682879 -0.5794532299 -0.1279572994 0.5738953948 0.8088701963
-117.9 -163.9 3074.9 -0.0891931653 -0.9681137800 0.2340945005 0.5783143640 0.1410176605 0.8035337329 -0.8109235764 0.2070499361 0.5472963452
-84.9 -377.6 3374.5 0.2300015837 -0.9536907673 -0.1938381046 -0.3039522767 0.1188181043 -0.9452487826 0.9245064855 0.2763262391 -0.2625481188
170.6 -166.3 3037.6 0.5646231174 0.7014588714 0.4349209666 -0.8180531263 0.4057173133 0.4076549709 0.1094982177 -0.5859598517 0.8029079437
320.2 -383.0 3066.6 -0.6641376019 0.7014588714 0.2586052716 0.0737806112 0.4057173133 -0.9110158682 -0.7439607978 -0.5859598517 -0.3212061822
-86.6 -483.3 2834.6 0.9773424268 0.1567914337 -0.1421906650 -0.1379894614 -0.0374186970 -0.9897266030 -0.1605012417 0.9869226217 -0.0149353165
-155.6 -466.8 2400.5 0.9773424268 0.1413579136 0.1575426161 -0.1379894614 0.9899109602 -0.0321741365 -0.1605012417 0.0097059300 0.9869878888
95.8 -489.7 2824.8 0.9889745116 0.0398720130 0.1426171064 0.1439016610 -0.0314402096 -0.9890924096 -0.0349531956 0.9987100363 -0.0368312150
78.1 -475.7 2381.8 0.9889745116 -0.1410631388 0.0450622402 0.1439016610 0.9872803688 -0.0676000118 -0.0349531956 0.0733392164 0.9966943264
-145.5 -297.6 3131.2 0 0 0 0 0 0 0 0 0
148.3 -363.9 2874.1 0 0 0 0 0 0 0 0 0
-205.1 -813.3 2397.1 0 0 0 0 0 0 0 0 0
132.0 -853.0 2353.7 0 0 0 0 0 0 0 0 0
41.8 10.5 3163.6 3 0.9938144088 0.0745367035 0.0823236629 -0.0206613783 0.8524532318 -0.5223950744 -0.1091146767 0.5174628496 0.8487203121
26.2 -167.6 3055.5 0.9938144088 0.0745367035 0.0823236629 -0.0206613783 0.8524532318 -0.5223950744 -0.1091146767 0.5174628496 0.8487203121
10.5 -331.9 2944.8 0.9937602282 0.0790796429 0.0786578953 -0.0212539006 0.8265503645 -0.5624613762 -0.1094939560 0.5572799444 0.8230736256
-118.6 -164.5 3071.4 -0.0678424239 -0.9701007605 0.2330277264 0.5608096719 0.1560945958 0.8130971193 -0.8251605034 0.1858466864 0.5334520936
-93.5 -372.1 3376.9 0.2097387016 -0.9571569562 -0.1996502727 -0.2859865427 0.1352078468 -0.9486466646 0.9349980354 0.2560652196 -0.2453756779
171.1 -170.7 3039.5 0.5538860559 0.7164319754 0.4241880476 -0.8209728599 0.3851376176 0.4215122759 0.1386140883 -0.5817166567 0.8014935255
317.9 -388.4 3076.3 -0.6497465968 0.7164319754 0.2540760040 0.0646792725 0.3851376176 -0.9205898046 -0.7573941946 -0.5817166567 -0.2965801656
-95.9 -488.3 2840.0 0.9801783562 0.1322859079 -0.1474817246 -0.1430133134 -0.0427190773 -0.9887983799 -0.1371043772 0.9902906418 -0.0229536667
-154.1 -469.5 2404.8 0.9801783562 0.1474343091 0.1323387474 -0.1430133134 0.9888136387 -0.0423647910 -0.1371043772 0.0225988477 0.9902988076
85.1 -489.8 2816.8 0.9902982712 0.0145668983 0.1381923556 0.1385901868 -0.0312288851 -0.9898573160 -0.0101035573 0.9994060993 -0.0329447426
78.8 -476.1 2379.8 0.9902982712 -0.1377447695 0.0183221493 0.1385901868 0.9886409044 -0.0581544302 -0.0101035573 0.0601295047 0.9981394410
-148.8 -296.7 3130.3 0 0 0 0 0 0 0 0 0
149.5 -371.6 2879.9 0 0 0 0 0 0 0 0 0
-205.0 -811.4 2397.0 0 0 0 0 0 0 0 0 0
131.4 -853.9 2356.8 0 0 0 0 0 0 0 0 0
41.4 9.4 3175.7 4 0.9985619187 0.0512725860 0.0156580545 -0.0336321108 0.8265767694 -0.5618182421 -0.0417484567 0.5604836941 0.8271124959
30.7 -163.6 3058.4 0.9985619187 0.0512725860 0.0156580545 -0.0336321108 0.8265767694 -0.5618182421 -0.0417484567 0.5604836941 0.8271124959
18.4 -323.2 2941.0 0.9979261756 0.0629544556 0.0134208975 -0.0427051447 0.8035199642 -0.5937439799 -0.0481627882 0.5919395089 0.8045420647
-114.6 -157.2 3065.4 -0.0027256126 -0.9760016799 0.2177459300 0.5922609568 0.1738727093 0.7867624760 -0.8057416081 0.1311068237 0.5775737762
-113.6 -376.1 3363.2 0.1434645802 -0.9680367112 -0.2057251334 -0.3252829015 0.1502017230 -0.9336115122 0.9346705079 0.2008590549 -0.2933371663
175.9 -170.0 3051.3 0.5250049829 0.7603926063 0.3823255897 -0.8393413424 0.3881614208 0.3805742860 0.1409818381 -0.5207050443 0.8420156240
315.2 -392.6 3088.7 -0.5990273952 0.7603926063 0.2509366870 0.1093922406 0.3881614208 -0.9150759578 -0.7932209373 -0.5207050443 -0.3157003820
-94.8 -492.1 2842.1 0.9802496433 0.1417284757 -0.1379263699 -0.1296250671 -0.0662676245 -0.9893462062 -0.1493585855 0.9876849651 -0.0465872549
-156.9 -463.1 2409.7 0.9802496433 0.1362351626 0.1433548927 -0.1296250671 0.9900627732 -0.0545251407 -0.1493585855 0.0348658636 0.9881681800
85.7 -498.0 2824.2 0.9908552766 0.0157349333 0.1340085417 0.1345871091 -0.0445841625 -0.9898982644 -0.0096013248 0.9988816977 -0.0462941714
78.7 -478.0 2375.4 0.9908552766 -0.1341049522 0.0148909185 0.1345871091 0.9901593328 -0.0383509845 -0.0096013248 0.0400044024 0.9991533756
-151.4 -290.5 3117.2 0 0 0 0 0 0 0 0 0
160.1 -364.3 2883.4 0 0 0 0 0 0 0 0 0
-205.2 -814.0 2397.3 0 0 0 0 0 0 0 0 0
129.9 -856.3 2360.1 0 0 0 0 0 0 0 0 0
40.2 10.1 3169.2 5 0.9990860820 0.0427386165 0.0006295473 -0.0353680439 0.8348779678 -0.5492976308 -0.0240018163 0.5487734079 0.8356265426
31.2 -165.4 3053.9 0.9990860820 0.0427386165 0.0006295473 -0.0353680439 0.8348779678 -0.5492976308 -0.0240018163 0.5487734079 0.8356265426
22.7 -325.8 2937.2 0.9990440607 0.0436919965 -0.0014235106 -0.0361673385 0.8078204393 -0.5883180499 -0.0245548487 0.5878071189 0.8086283803
-114.4 -160.0 3057.5 0.0124009158 -0.9799436331 0.1988887191 0.5866905451 0.1681988686 0.7921510935 -0.8097162247 0.1068627387 0.5770094991
-119.0 -377.3 3357.4 0.1236212477 -0.9734528065 -0.1926328242 -0.3182531297 0.1449748427 -0.9368549585 0.9399110079 0.1771211773 -0.2918824255
176.9 -170.7 3050.3 0.5271539092 0.7699220777 0.3596230149 -0.8346266747 0.3895710111 0.3894005120 0.1597093642 -0.5054249763 0.8479613662
316.8 -392.2 3092.7 -0.5809160471 0.7699220777 0.2641145885 0.1000674069 0.3895710111 -0.9155440927 -0.8077889681 -0.5054249763 -0.3033521473
-84.4 -477.8 2827.0 0.9765298963 0.1639157087 -0.1397176832 -0.1368106455 -0.0289487299 -0.9901741147 -0.1663497388 0.9860494733 -0.0058438843
-153.2 -465.6 2413.3 0.9765298963 0.1463991702 0.1579768062 -0.1368106455 0.9881200194 -0.0700119734 -0.1663497388 0.0467558727 0.9849576950
97.4 -486.8 2819.2 0.9895008206 0.0425003916 0.1381372362 0.1387751698 -0.0124309845 -0.9902458787 -0.0403686538 0.9990190864 -0.0181984678
78.3 -481.2 2371.5 0.9895008206 -0.1377099752 0.0438650213 0.1387751698 0.9900744557 -0.0222277250 -0.0403686538 0.0280817281 0.9987901449
-151.6 -293.3 3109.4 0 0 0 0 0 0 0 0 0
166.2 -366.2 2883.2 0 0 0 0 0 0 0 0 0
-204.8 -814.1 2396.8 0 0 0 0 0 0 0 0 0
131.0 -859.5 2360.8 0 0 0 0 0 0 0 0 0
41.1 9.7 3165.5 6 0.9980802536 0.0551231429 0.0282353237 -0.0314776599 0.8441106081 -0.5352442861 -0.0533380844 0.5333279967 0.8442252874
29.6 -165.6 3054.8 0.9980802536 0.0551231429 0.0282353237 -0.0314776599 0.8441106081 -0.5352442861 -0.0533380844 0.5333279967 0.8442252874
19.0 -327.4 2940.1 0.9982255697 0.0538909547 0.0253281780 -0.0292671770 0.8144646287 -0.5794745684 -0.0518573411 0.5777050257 0.8145966530
-116.0 -161.2 3062.4 -0.0144397151 -0.9778431058 0.2088404149 0.5778014064 0.1622995585 0.7998777032 -0.8160496354 0.1322182864 0.5626555681
-110.7 -375.4 3364.8 0.1520238072 -0.9692280889 -0.1936120391 -0.3070941567 0.1398740858 -0.9413439631 0.9394583106 0.2025638223 -0.2763800919
175.2 -169.9 3047.2 0.5376834273 0.7527008653 0.3799183965 -0.8289384842 0.3895432949 0.4013938606 0.1541348249 -0.5307517648 0.8333936334
318.0 -389.9 3088.1 -0.6038006544 0.7527008653 0.2624237835 0.0871126726 0.3895432949 -0.9168791771 -0.7923611403 -0.5307517648 -0.3007762730
-77.0 -482.4 2822.4 0.9728960991 0.1841922104 -0.1398084760 -0.1358467042 -0.0340189449 -0.9901456237 -0.1871332526 0.9823013544 -0.0080749942
-154.2 -468.2 2410.5 0.9728960991 0.1456170380 0.1796353459 -0.1358467042 0.9885550737 -0.0656092390 -0.1871332526 0.0394281037 0.9815429449
105.6 -489.7 2818.3 0.9878390431 0.0624282286 0.1423963904 0.1438059658 -0.0186763369 -0.9894296527 -0.0591088980 0.9978746772 -0.0274267662
77.5 -481.3 2369.9 0.9878390431 -0.1425672919 0.0620369501 0.1438059658 0.9894772172 -0.0159591231 -0.0591088980 0.0246863291 0.9979462624
-150.8 -294.3 3116.8 0 0 0 0 0 0 0 0 0
161.3 -367.3 2882.5 0 0 0 0 0 0 0 0 0
-205.4 -815.8 2396.6 0 0 0 0 0 0 0 0 0
132.0 -859.4 2360.5 0 0 0 0 0 0 0 0 0
40.6 7.5 3175.6 7 0.9967456460 0.0647595152 0.0480039530 -0.0274881870 0.8328580856 -0.5528035760 -0.0757797733 0.5496850014 0.8319277763
27.1 -165.9 3061.1 0.9967456460 0.0647595152 0.0480039530 -0.0274881870 0.8328580856 -0.5528035760 -0.0757797733 0.5496850014 0.8319277763
14.0 -326.2 2944.5 0.9968014956 0.0660516918 0.0449889041 -0.0267882030 0.8065273762 -0.5905895233 -0.0752942190 0.5874953270 0.8057171106
-118.4 -162.0 3072.1 -0.0340168551 -0.9747638702 0.2206314653 0.5889036655 0.1588137150 0.7924460173 -0.8074870706 0.1568872035 0.5686396956
-105.8 -380.4 3371.5 0.1741304100 -0.9644820094 -0.1986277848 -0.3197433054 0.1354012489 -0.9377796650 0.9313660860 0.2268058658 -0.2848092020
172.6 -169.8 3050.1 0.5422862768 0.7396739721 0.3985072076 -0.8300038576 0.3979721963 0.3907835186 0.1304575950 -0.5426790714 0.8297470808
316.5 -390.2 3084.8 -0.6221098900 0.7396739721 0.2566354573 0.0968454182 0.3979721963 -0.9122713804 -0.7769171596 -0.5426790714 -0.3192164600
-82.9 -486.2 2829.9 0.9750784039 0.1714257896 -0.1408376694 -0.1353005022 -0.0436263867 -0.9898436666 -0.1758289784 0.9842306376 -0.0193451550
-156.6 -467.5 2406.8 0.9750784039 0.1417383552 0.1706818342 -0.1353005022 0.9896002412 -0.0488377474 -0.1758289784 0.0245272964 0.9841151237
99.8 -491.9 2820.7 0.9883208275 0.0522014014 0.1431675404 0.1449175775 -0.0314220861 -0.9889446497 -0.0471256711 0.9981421232 -0.0386200026
76.5 -477.9 2374.3 0.9883208275 -0.1434950083 0.0512943976 0.1449175775 0.9891237020 -0.0251634717 -0.0471256711 0.0323030427 0.9983665347
-151.8 -295.9 3125.6 0 0 0 0 0 0 0 0 0
155.0 -365.0 2883.1 0 0 0 0 0 0 0 0 0
-206.7 -817.8 2398.2 0 0 0 0 0 0 0 0 0
131.3 -855.8 2362.0 0 0 0 0 0 0 0 0 0
40.4 8.8 3182.2 8 0.9960172772 0.0702927858 0.0548502989 -0.0271219499 0.8248960376 -0.5646334291 -0.0849354491 0.5608969927 0.8235171437
25.8 -162.1 3066.0 0.9960172772 0.0702927858 0.0548502989 -0.0271219499 0.8248960376 -0.5646334291 -0.0849354491 0.5608969927 0.8235171437
11.5 -321.3 2948.0 0.9960528016 0.0719603226 0.0519669466 -0.0267157611 0.8013520837 -0.5975961089 -0.0846470296 0.5938489437 0.8001114130
-119.6 -158.2 3078.3 -0.0410012044 -0.9731835723 0.2263464034 0.5958106518 0.1580392122 0.7874218822 -0.8020776510 0.1671448499 0.5733533502
-104.4 -379.2 3375.9 0.1824294180 -0.9622748494 -0.2018579394 -0.3278987110 0.1340065747 -0.9351602197 0.9269314408 0.2367896885 -0.2910819352
171.2 -166.0 3053.6 0.5429961085 0.7349478602 0.4062103629 -0.8313441873 0.4022750556 0.3834601045 0.1184148863 -0.5459179282 0.8294284344
315.4 -386.7 3085.0 -0.6291106343 0.7349478602 0.2531233430 0.1039742604 0.4022750556 -0.9095956087 -0.7703305483 -0.5459179282 -0.3294911683
-90.4 -483.8 2834.6 0.9788467288 0.1575438827 -0.1305336505 -0.1260662675 -0.0380674712 -0.9912911654 -0.1611409485 0.9867779613 -0.0174012501
-160.3 -466.9 2396.4 0.9788467288 0.1274785846 0.1600259990 -0.1260662675 0.9918400645 -0.0189894941 -0.1611409485 -0.0015860755 0.9869301319
92.2 -488.9 2820.9 0.9884583354 0.0356401913 0.1472409368 0.1480764747 -0.0220506322 -0.9887300730 -0.0319917724 0.9991213679 -0.0270736050
76.3 -479.0 2373.3 0.9884583354 -0.1473170072 0.0353244208 0.1480764747 0.9887750745 -0.0199307110 -0.0319917724 0.0249313936 0.9991771579
-152.6 -292.5 3130.9 0 0 0 0 0 0 0 0 0
152.0 -359.7 2885.0 0 0 0 0 0 0 0 0 0
-205.1 -814.9 2396.9 0 0 0 0 0 0 0 0 0
132.6 -856.8 2363.8 0 0 0 0 0 0 0 0 0
41.0 6.6 3184.5 9 0.9952517152 0.0858492479 0.0458691306 -0.0436025597 0.8145508170 -0.5784511566 -0.0870223343 0.5737044811 0.8144263625
23.1 -162.8 3065.2 0.9952517152 0.0858492479 0.0458691306 -0.0436025597 0.8145508170 -0.5784511566 -0.0870223343 0.5737044811 0.8144263625
6.9 -319.9 2944.7 0.9957517982 0.0816922560 0.0424815156 -0.0388105400 0.7907485366 -0.6109095812 -0.0834987760 0.6066656113 0.7905597687
-122.3 -157.1 3077.4 -0.0314765535 -0.9712651372 0.2359093875 0.6089052558 0.1685375571 0.7751319408 -0.7926182151 0.1680449396 0.5861034989
-110.6 -383.0 3371.5 0.1762614846 -0.9608118534 -0.2139451504 -0.3450084627 0.1432583630 -0.9276024103 0.9219007492 0.2373134643 -0.3062372804
168.6 -168.4 3053.0 0.5316382647 0.7412672043 0.4097360671 -0.8403114676 0.4010818303 0.3647053242 0.1060064062 -0.5381972194 0.8361257911
309.7 -391.5 3081.1 -0.6262485981 0.7412672043 0.2415276766 0.1247432604 0.4010818303 -0.9075089693 -0.7695789933 -0.5381972194 -0.3436450064
-94.0 -478.0 2837.8 0.9806077480 0.1409495473 -0.1361678392 -0.1341059357 -0.0240702964 -0.9906746149 -0.1429127306 0.9897240996 -0.0047013490
-156.0 -467.4 2403.0 0.9806077480 0.1378675550 0.1392874271 -0.1341059357 0.9903097749 -0.0360855721 -0.1429127306 0.0167065188 0.9895942807
88.5 -483.0 2822.3 0.9890018702 0.0263849162 0.1455304772 0.1458039135 -0.0087437183 -0.9892748594 -0.0248294566 0.9996136427 -0.0124945771
76.8 -479.1 2376.2 0.9890018702 -0.1446589977 0.0308067892 0.1458039135 0.9885491729 -0.0388815776 -0.0248294566 0.0429457016 0.9987688065
-157.2 -291.8 3127.8 0 0 0 0 0 0 0 0 0
147.0 -359.1 2881.3 0 0 0 0 0 0 0 0 0
-204.0 -812.1 2397.2 0 0 0 0 0 0 0 0 0
132.0 -856.8 2359.8 0 0 0 0 0 0 0 0 0
41.2 4.7 3185.6 0 0.9976997375 0.0559737608 0.0382380672 -0.0236728955 0.8162626624 -0.5771957040 -0.0635201260 0.5749627948 0.8157100677
29.6 -164.4 3066.5 0.9976997375 0.0559737608 0.0382380672 -0.0236728955 0.8162626624 -0.5771957040 -0.0635201260 0.5749627948 0.8157100677
17.8 -320.9 2944.8 0.9976039529 0.0593832619 0.0354964063 -0.0250051115 0.7878800035 -0.6153209805 -0.0645066723 0.6129590273 0.7874770761
-116.1 -160.7 3075.9 -0.0245353151 -0.9764896035 0.2141636461 0.6135156751 0.1544336975 0.7744344473 -0.7893012762 0.1503937393 0.5953025818
-107.0 -388.4 3368.8 0.1632096767 -0.9670263529 -0.1955060512 -0.3486210406 0.1288512498 -0.9283645749 0.9229441881 0.2196756005 -0.3160959482
175.3 -168.1 3057.1 0.5407071710 0.7460988164 0.3885515630 -0.8338176012 0.4142529964 0.3648872077 0.1112832651 -0.5212782621 0.8460998535
318.8 -389.4 3086.6 -0.6129214168 0.7460988164 0.2601228058 0.1214461476 0.4142529964 -0.9020228982 -0.7807548642 -0.5212782621 -0.3445153534
-100.6 -473.4 2831.8 0.9823198915 0.1294268072 -0.1352637410 -0.1344425082 -0.0151020866 -0.9908062816 -0.1302796602 0.9914739728 0.0025653830
-156.5 -466.8 2403.3 0.9823198915 0.1374664903 0.1270847768 -0.1344425082 0.9904008508 -0.0321153365 -0.1302796602 0.0144619364 0.9913718104
82.0 -480.5 2816.5 0.9910460114 0.0071213720 0.1333306879 0.1333869547 -0.0081156166 -0.9910308123 -0.0059754383 0.9999417067 -0.0089928471
78.9 -476.9 2376.0 0.9910460114 -0.1330504268 0.0111967595 0.1333869547 0.9903187156 -0.0384284519 -0.0059754383 0.0395778641 0.9991986156
-150.1 -296.2 3124.8 0 0 0 0 0 0 0 0 0
159.6 -357.9 2883.8 0 0 0 0 0 0 0 0 0
-204.7 -813.8 2398.2 0 0 0 0 0 0 0 0 0
129.7 -855.3 2360.9 0 0 0 0 0 0 0 0 0
39.7 3.2 3186.7 1 0.9971666336 0.0585520864 0.0472264290 -0.0205596779 0.8160397410 -0.5776300430 -0.0723600835 0.5750224590 0.8149313927
27.6 -165.1 3068.1 0.9971666336 0.0585520864 0.0472264290 -0.0205596779 0.8160397410 -0.5776300430 -0.0723600835 0.5750224590 0.8149313927
15.5 -322.2 2947.1 0.9971525073 0.0607483014 0.0446829721 -0.0207503960 0.7906746268 -0.6118848324 -0.0725006536 0.6092152596 0.7896837592
-118.0 -162.0 3078.7 -0.0337250270 -0.9759348035 0.2154388428 0.6100845337 0.1506366879 0.7778852582 -0.7916182876 0.1576700956 0.5903224945
-105.5 -388.4 3372.5 0.1722779870 -0.9657927155 -0.1938161105 -0.3439809382 0.1253876984 -0.9305670261 0.9230370522 0.2269852608 -0.3106127679
173.2 -168.1 3057.5 0.5454195738 0.7399194837 0.3937468827 -0.8308784366 0.4155027866 0.3701330423 0.1102657244 -0.5290336013 0.8414065242
318.1 -388.7 3086.8 -0.6197870374 0.7399194837 0.2615017593 0.1153614372 0.4155027866 -0.9022467136 -0.7762446404 -0.5290336013 -0.3428814113
-85.4 -475.1 2828.9 0.9772753716 0.1627732664 -0.1357856840 -0.1349877268 -0.0160047747 -0.9907180071 -0.1634356230 0.9865337014 0.0063313213
-156.0 -468.2 2401.3 0.9772753716 0.1385938227 0.1603890359 -0.1349877268 0.9902902842 -0.0332188718 -0.1634356230 0.0108134355 0.9864947200
97.5 -479.7 2817.1 0.9908012748 0.0387576707 0.1296562105 0.1295896769 0.0042346418 -0.9915586710 -0.0389795527 0.9992396832 -0.0008269058
80.5 -481.6 2378.5 0.9908012748 -0.1273359954 0.0458086878 0.1295896769 0.9902991652 -0.0501410030 -0.0389795527 0.0556160994 0.9976910353
-151.1 -297.5 3128.5 0 0 0 0 0 0 0 0 0
157.0 -358.8 2885.2 0 0 0 0 0 0 0 0 0
-204.5 -814.4 2397.5 0 0 0 0 0 0 0 0 0
129.1 -859.9 2357.2 0 0 0 0 0 0 0 0 0
39.6 3.4 3186.2 2 0.9978153706 0.0647635758 0.0130447978 -0.0455318652 0.8172303438 -0.5745097399 -0.0478679091 0.5726606846 0.8183937669
26.1 -165.8 3067.6 0.9978153706 0.0647635758 0.0130447978 -0.0455318652 0.8172303438 -0.5745097399 -0.0478679091 0.5726606846 0.8183937669
12.3 -323.2 2947.1 0.9975309372 0.0694805831 0.0102212196 -0.0489417464 0.7921506763 -0.6083601117 -0.0503659584 0.6063578129 0.7935953140
-119.5 -158.7 3075.0 0.0007067684 -0.9745590687 0.2241297513 0.6060984135 0.1786879748 0.7750582695 -0.7953893542 0.1352969110 0.5908049941
-119.7 -383.5 3370.0 0.1423365474 -0.9666486382 -0.2129102349 -0.3430520296 0.1535920501 -0.9266740680 0.9284694791 0.2049388736 -0.3097490072
171.8 -173.0 3060.3 0.5193485618 0.7626714110 0.3854988217 -0.8451710343 0.3917143941 0.3636561036 0.1263446808 -0.5146766901 0.8480241299
309.6 -397.3 3093.8 -0.5990639925 0.7626714110 0.2438332438 0.1278283000 0.3917143941 -0.9111639261 -0.7904317379 -0.5146766901 -0.3321529627
-88.0 -477.3 2832.7 0.9785965085 0.1601486653 -0.1292333007 -0.1268462688 -0.0250835884 -0.9916051626 -0.1620458812 0.9867741466 -0.0042324536
-157.8 -466.4 2402.0 0.9785965085 0.1318851262 0.1579720080 -0.1268462688 0.9910492301 -0.0416107439 -0.1620458812 0.0206819680 0.9865664840
94.9 -481.2 2819.4 0.9877588749 0.0438446030 0.1496998072 0.1498912126 -0.0010925466 -0.9887018800 -0.0431856886 0.9990377426 -0.0076510939
75.6 -480.7 2380.1 0.9877588749 -0.1468248367 0.0526768379 0.1498912126 0.9868840575 -0.0599370189 -0.0431856886 0.0670991167 0.9968112707
-157.4 -292.8 3124.6 0 0 0 0 0 0 0 0 0
154.0 -364.1 2888.5 0 0 0 0 0 0 0 0 0
-204.0 -813.3 2394.8 0 0 0 0 0 0 0 0 0
131.7 -857.7 2354.5 0 0 0 0 0 0 0 0 0
38.7 2.5 3186.5 3 0.9969524145 0.0719900578 0.0300551504 -0.0420815572 0.8206715584 -0.5698485374 -0.0656888410 0.5668471456 0.8211998940
23.8 -166.4 3069.8 0.9969524145 0.0719900578 0.0300551504 -0.0420815572 0.8206715584 -0.5698485374 -0.0656888410 0.5668471456 0.8211998940
8.7 -324.9 2950.9 0.9967123866 0.0763373971 0.0271480605 -0.0447002426 0.7975724339 -0.6015647054 -0.0675744265 0.5983734727 0.7983626127
-121.7 -159.9 3079.7 -0.0162629001 -0.9728721976 0.2307707667 0.5994328260 0.1752388626 0.7810068130 -0.8002598286 0.1510330141 0.5803216696
-115.7 -382.2 3376.5 0.1603457332 -0.9636139870 -0.2138628662 -0.3346525133 0.1507615149 -0.9302035570 0.9285994768 0.2207239121 -0.2983018756
169.4 -172.9 3059.9 0.5256048441 0.7515584230 0.3986219466 -0.8416067958 0.3909222484 0.3726631403 0.1242479533 -0.5313564539 0.8379873037
308.9 -396.4 3092.9 -0.6135812998 0.7515584230 0.2422351539 0.1184795126 0.3909222484 -0.9127663374 -0.7806923389 -0.5313564539 -0.3289068639
-92.9 -476.1 2831.2 0.9796627164 0.1455105990 -0.1381577998 -0.1367942542 -0.0193841252 -0.9904097915 -0.1467932016 0.9891667962 0.0009151103
-155.3 -467.8 2406.9 0.9796627164 0.1424321532 0.1413293779 -0.1367942542 0.9893924594 -0.0488862284 -0.1467932016 0.0285589676 0.9887548685
89.9 -485.1 2822.0 0.9886032939 0.0297734402 0.1475704908 0.1479554176 -0.0111564072 -0.9889311194 -0.0277975257 0.9994944334 -0.0154344030
76.8 -480.2 2382.4 0.9886032939 -0.1456655413 0.0380139500 0.1479554176 0.9867438674 -0.0666767508 -0.0277975257 0.0715412274 0.9970502257
-158.0 -293.8 3131.1 0 0 0 0 0 0 0 0 0
149.5 -365.6 2890.1 0 0 0 0 0 0 0 0 0
-205.1 -813.4 2396.9 0 0 0 0 0 0 0 0 0
132.5 -857.2 2355.1 0 0 0 0 0 0 0 0 0
39.3 5.7 3173.6 4 0.9955070019 0.0740364194 0.0590291061 -0.0315256491 0.8469963074 -0.5306631327 -0.0892858356 0.5264179111 0.8455247879
24.1 -168.4 3065.4 0.9955070019 0.0740364194 0.0590291061 -0.0315256491 0.8469963074 -0.5306631327 -0.0892858356 0.5264179111 0.8455247879
8.2 -331.4 2953.3 0.9951972961 0.0806991234 0.0554075018 -0.0348642841 0.8211091757 -0.5697053075 -0.0914703310 0.5650374889 0.8199791908
-121.2 -163.2 3078.8 -0.0446364358 -0.9710091352 0.2348379642 0.5676937699 0.1687746495 0.8057536483 -0.8220288157 0.1692820191 0.5437023044
-104.7 -373.6 3383.5 0.1882971823 -0.9596648216 -0.2087763548 -0.2963700294 0.1471454799 -0.9436699748 0.9363273978 0.2395654470 -0.2567088306
169.4 -173.5 3052.1 0.5402283669 0.7323011756 0.4145941436 -0.8293328285 0.3797679543 0.4098577499 0.1426897198 -0.5652533174 0.8124828339
312.8 -393.7 3089.9 -0.6349105835 0.7323011756 0.2462184876 0.0806402043 0.3797679543 -0.9215603471 -0.7683655620 -0.5652533174 -0.3001716137
-97.8 -479.2 2838.2 0.9810483456 0.1325155497 -0.1413638741 -0.1395491809 -0.0229303129 -0.9899495840 -0.1344252378 0.9909156561 -0.0040033096
-155.9 -469.2 2404.2 0.9810483456 0.1427003145 0.1310753077 -0.1395491809 0.9896662235 -0.0329672247 -0.1344252378 0.0140509913 0.9908241034
84.9 -487.5 2825.8 0.9892991185 0.0155624179 0.1450692862 0.1453813314 -0.0212502554 -0.9891474843 -0.0123107675 0.9996530414 -0.0232853442
78.0 -478.0 2379.3 0.9892991185 -0.1444036514 0.0208535939 0.1453813314 0.9877101183 -0.0573845543 -0.0123107675 0.0598022118 0.9981343150
-154.4 -295.3 3136.3 0 0 0 0 0 0 0 0 0
148.0 -372.7 2890.5 0 0 0 0 0 0 0 0 0
-205.9 -816.1 2399.2 0 0 0 0 0 0 0 0 0
133.1 -855.4 2356.5 0 0 0 0 0 0 0 0 0
40.3 5.4 3166.2 5 0.9948624969 0.0699528903 0.0731789395 -0.0218426045 0.8541581035 -0.5195544362 -0.0988507196 0.5152868032 0.8512978554
26.0 -169.4 3060.7 0.9948624969 0.0699528903 0.0731789395 -0.0218426045 0.8541581035 -0.5195544362 -0.0988507196 0.5152868032 0.8512978554
11.0 -334.5 2951.2 0.9946429133 0.0760346577 0.0700297952 -0.0243772045 0.8308895230 -0.5559031367 -0.1004549265 0.5512180328 0.8282918930
-119.2 -165.8 3075.4 -0.0591648556 -0.9713577628 0.2301381975 0.5539320111 0.1598448008 0.8170734048 -0.8304570317 0.1758229584 0.5286089778
-97.3 -371.2 3383.4 0.2006061822 -0.9590942860 -0.1997381747 -0.2791520357 0.1394696087 -0.9500644207 0.9390587211 0.2463461161 -0.2397546321
171.3 -173.0 3046.0 0.5514822602 0.7223770022 0.4171795249 -0.8204636574 0.3793698549 0.4276890159 0.1506873816 -0.5781435370 0.8018998504
317.7 -390.8 3086.0 -0.6429473162 0.7223770022 0.2545392215 0.0607277229 0.3793698549 -0.9232500792 -0.7634991407 -0.5781435370 -0.2877831161
-99.0 -491.2 2849.5 0.9815227985 0.1261791140 -0.1438466609 -0.1382041872 -0.0524328128 -0.9890148640 -0.1323353052 0.9906208515 -0.0340255164
-155.8 -467.6 2403.6 0.9815227985 0.1416894794 0.1285967380 -0.1382041872 0.9897608757 -0.0356785469 -0.1323353052 0.0172466952 0.9910549521
83.5 -497.7 2832.7 0.9904633164 0.0128894793 0.1371723711 0.1376408041 -0.0483724587 -0.9893003106 -0.0061162012 0.9987462163 -0.0496852659
77.6 -475.5 2375.8 0.9904633164 -0.1374575794 0.0093708467 0.1376408041 0.9902148843 -0.0230103806 -0.0061162012 0.0240807477 0.9996913075
-150.3 -297.5 3135.3 0 0 0 0 0 0 0 0 0
150.7 -375.1 2887.8 0 0 0 0 0 0 0 0 0
-205.5 -815.2 2397.6 0 0 0 0 0 0 0 0 0
130.1 -853.7 2366.6 0 0 0 0 0 0 0 0 0
40.3 7.4 3164.5 6 0.9960016608 0.0704898685 0.0548804551 -0.0314847380 0.8518855572 -0.5227807760 -0.0836026073 0.5189626217 0.8506987691
25.8 -168.3 3057.4 0.9960016608 0.0704898685 0.0548804551 -0.0314847380 0.8518855572 -0.5227807760 -0.0836026073 0.5189626217 0.8506987691
10.8 -333.1 2947.5 0.9957730174 0.0758048519 0.0518626310 -0.0341126621 0.8294993043 -0.5574650168 -0.0852785707 0.5533394217 0.8285789490
-119.6 -163.3 3069.9 -0.0409530737 -0.9723066688 0.2300925702 0.5553950667 0.1692783982 0.8141751289 -0.8305776119 0.1611352563 0.5330818295
-104.5 -369.3 3378.0 0.1834467202 -0.9613239169 -0.2054352909 -0.2821295261 0.1487033516 -0.9477817416 0.9416741729 0.2318268120 -0.2439387143
171.2 -173.3 3045.0 0.5408346653 0.7349355221 0.4091058671 -0.8261222839 0.3726582229 0.4226675630 0.1581767499 -0.5665647388 0.8086931109
314.8 -392.7 3087.0 -0.6304848790 0.7349355221 0.2497169673 0.0678371117 0.3726582229 -0.9254857898 -0.7732315063 -0.5665647388 -0.2848112881
-95.2 -497.2 2851.0 0.9804475307 0.1320245862 -0.1459182650 -0.1369620413 -0.0745970309 -0.9877634645 -0.1412941217 0.9884355068 -0.0550561175
-154.5 -463.7 2407.3 0.9804475307 0.1422376484 0.1359819174 -0.1369620413 0.9894394875 -0.0474434607 -0.1412941217 0.0278914645 0.9895746708
87.2 -501.7 2832.5 0.9896875620 0.0212243050 0.1416617185 0.1425861716 -0.0513810627 -0.9884478450 -0.0137003902 0.9984535575 -0.0538774915
77.5 -478.4 2379.5 0.9896875620 -0.1416971236 0.0209867004 0.1425861716 0.9885326624 -0.0497233048 -0.0137003902 0.0522029474 0.9985424876
-152.9 -294.8 3129.1 0 0 0 0 0 0 0 0 0
151.0 -375.0 2886.1 0 0 0 0 0 0 0 0 0
-204.8 -813.6 2397.5 0 0 0 0 0 0 0 0 0
131.6 -855.9 2359.6 0 0 0 0 0 0 0 0 0
39.6 6.1 3162.1 7 0.9968954325 0.0772344097 0.0153081222 -0.0580676831 0.8524757624 -0.5195317268 -0.0531755313 0.5170299411 0.8543140292
23.6 -169.7 3055.5 0.9968954325 0.0772344097 0.0153081222 -0.0580676831 0.8524757624 -0.5195317268 -0.0531755313 0.5170299411 0.8543140292
8.4 -334.9 2946.2 0.9969705939 0.0768039003 0.0122790169 -0.0572459288 0.8314480782 -0.5526455045 -0.0526546910 0.5502683520 0.8333259821
-121.9 -161.3 3063.2 -0.0013438977 -0.9728873372 0.2312755883 0.5502940416 0.1923890114 0.8125041127 -0.8349698782 0.1283614933 0.5351155400
-121.4 -365.4 3372.8 0.1464205980 -0.9646682739 -0.2190345824 -0.2793576121 0.1720853448 -0.9446406364 0.9489575028 0.1995038241 -0.2442905754
169.2 -178.1 3047.8 0.5162002444 0.7612413168 0.3924907744 -0.8371808529 0.3517685831 0.4187924564 0.1807361841 -0.5447664857 0.8188796639
306.1 -400.2 3095.8 -0.6033462286 0.7612413168 0.2376657873 0.0763169378 0.3517685831 -0.9329708219 -0.7938193083 -0.5447664857 -0.2703338563
-95.6 -494.7 2845.4 0.9807370901 0.1314221472 -0.1445092559 -0.1360167861 -0.0714966953 -0.9881232977 -0.1401932240 0.9887448549 -0.0522438474
-154.1 -462.9 2405.0 0.9807370901 0.1408784539 0.1353069246 -0.1360167861 0.9897032976 -0.0445739441 -0.1401932240 0.0253113080 0.9898005724
87.0 -501.0 2829.8 0.9903718233 0.0175288077 0.1373187304 0.1380391419 -0.0502760038 -0.9891498685 -0.0104347812 0.9985815287 -0.0522115976
79.2 -478.4 2380.8 0.9903718233 -0.1367841065 0.0213025305 0.1380391419 0.9873908758 -0.0774881095 -0.0104347812 0.0796826258 0.9967656732
-160.0 -291.6 3122.1 0 0 0 0 0 0 0 0 0
149.5 -380.4 2889.7 0 0 0 0 0 0 0 0 0
-204.1 -814.0 2396.0 0 0 0 0 0 0 0 0 0
131.4 -855.5 2350.4 0 0 0 0 0 0 0 0 0
40.6 9.5 3174.4 8 0.9964243770 0.0828339309 0.0166419689 -0.0607986748 0.8397573829 -0.5395470262 -0.0586680174 0.5366060138 0.8417909741
23.4 -164.9 3063.0 0.9964243770 0.0828339309 0.0166419689 -0.0607986748 0.8397573829 -0.5395470262 -0.0586680174 0.5366060138 0.8417909741
7.2 -327.5 2950.0 0.9965670705 0.0816826224 0.0134899477 -0.0593603216 0.8185781837 -0.5713195801 -0.0577094592 0.5685575008 0.8206168413
-122.1 -156.2 3071.4 -0.0025153351 -0.9717421532 0.2360315472 0.5689924955 0.1927083731 0.7994441986 -0.8223388791 0.1363110542 0.5524292588
-121.2 -367.3 3376.4 0.1489746124 -0.9633245468 -0.2231869102 -0.3013054430 0.1707504243 -0.9381147623 0.9418182373 0.2070027143 -0.2648174465
168.9 -173.6 3054.5 0.5141452551 0.7603550553 0.3968813717 -0.8426398039 0.3614451885 0.3991434872 0.1600399017 -0.5396457911 0.8265407681
305.4 -397.2 3097.0 -0.6061326265 0.7603550553 0.2333739847 0.0963402539 0.3614451885 -0.9274027944 -0.7895072699 -0.5396457911 -0.2923365235
-98.2 -494.8 2841.7 0.9805918932 0.1272499561 -0.1491542906 -0.1418688148 -0.0645647496 -0.9877776504 -0.1353247613 0.9897670746 -0.0452588722
-154.1 -466.5 2407.3 0.9805918932 0.1479290277 0.1286722720 -0.1418688148 0.9883505702 -0.0551038124 -0.1353247613 0.0357797705 0.9901550412
84.5 -505.3 2832.0 0.9909171462 0.0125669539 0.1338853985 0.1344085187 -0.0615166016 -0.9890146852 -0.0041927267 0.9980269670 -0.0626469627
78.8 -477.5 2380.9 0.9909171462 -0.1338804811 0.0126193129 0.1344085187 0.9889905453 -0.0619033873 -0.0041927267 0.0630372688 0.9980023503
-160.6 -287.6 3127.5 0 0 0 0 0 0 0 0 0
148.0 -372.2 2892.0 0 0 0 0 0 0 0 0 0
-205.7 -811.5 2394.8 0 0 0 0 0 0 0 0 0
129.9 -855.3 2356.8 0 0 0 0 0 0 0 0 0
42.3 7.5 3180.6 9 0.9963750243 0.0813820660 0.0247743633 -0.0535071827 0.8259418011 -0.5612104535 -0.0661346465 0.5578504801 0.8273022771
25.4 -163.4 3065.2 0.9963750243 0.0813820660 0.0247743633 -0.0535071827 0.8259418011 -0.5612104535 -0.0661346465 0.5578504801 0.8273022771
9.9 -322.5 2947.3 0.9967384934 0.0778253153 0.0213436298 -0.0497921221 0.8012351990 -0.5962741971 -0.0635064915 0.5932667255 0.8024970293
-120.2 -156.2 3074.4 -0.0104523357 -0.9726008773 0.2322461009 0.5940821171 0.1807843596 0.7838261724 -0.8043364882 0.1461660713 0.5759151578
-116.3 -376.5 3372.7 0.1554307640 -0.9636967778 -0.2170939595 -0.3291191161 0.1566904783 -0.9311974645 0.9314085245 0.2161865085 -0.2928165197
171.0 -170.7 3055.9 0.5214152336 0.7551566958 0.3973216712 -0.8430337906 0.3838677406 0.3767486215 0.1319852769 -0.5313980579 0.8367771506
309.4 -394.4 3090.9 -0.6103597879 0.7551566958 0.2391637862 0.1159777641 0.3838677406 -0.9160757065 -0.7835879922 -0.5313980579 -0.3218788207
-100.4 -484.7 2842.4 0.9819762111 0.1261116862 -0.1407782286 -0.1364230961 -0.0425731540 -0.9897354245 -0.1308105886 0.9911020994 -0.0246012807
-155.7 -466.0 2408.2 0.9819762111 0.1425928473 0.1240562275 -0.1364230961 0.9890137315 -0.0569262244 -0.1308105886 0.0389760658 0.9906409383
82.3 -495.6 2831.8 0.9898748398 0.0113216862 0.1414909065 0.1418444961 -0.0417407267 -0.9890085459 -0.0052913106 0.9990643263 -0.0429240130
77.2 -476.7 2381.0 0.9898748398 -0.1411137581 0.0153220072 0.1418444961 0.9874308109 -0.0697175935 -0.0052913106 0.0711850300 0.9974491000
-157.4 -289.5 3126.6 0 0 0 0 0 0 0 0 0
150.8 -364.3 2887.4 0 0 0 0 0 0 0 0 0
-205.4 -810.7 2394.6 0 0 0 0 0 0 0 0 0
131.1 -854.0 2353.8 0 0 0 0 0 0 0 0 0
41.9 3.6 3172.2 0 0.9967930913 0.0794213116 0.0097893896 -0.0608068258 0.8312724233 -0.5525293350 -0.0520202592 0.5501621962 0.8334359527
25.4 -168.4 3058.3 0.9967930913 0.0794213116 0.0097893896 -0.0608068258 0.8312724233 -0.5525293350 -0.0520202592 0.5501621962 0.8334359527
10.8 -328.2 2941.1 0.9972635508 0.0736766085 0.0061009270 -0.0557816178 0.8040581942 -0.5919280648 -0.0485167503 0.5899679065 0.8059677482
-120.2 -160.3 3065.4 0.0048413449 -0.9735943675 0.2282335609 0.5896884203 0.1871090382 0.7856575847 -0.8076163530 0.1307830364 0.5750231743
-122.0 -379.1 3365.0 0.1397238523 -0.9658700228 -0.2181108147 -0.3248590529 0.1633654088 -0.9315462112 0.9353843331 0.2010145038 -0.2909455597
171.1 -176.6 3051.3 0.5144377351 0.7651945353 0.3870803118 -0.8453037739 0.3765580356 0.3790324330 0.1442753673 -0.5221890211 0.8405374885
307.6 -401.0 3089.6 -0.5979617834 0.7651945353 0.2385771573 0.1151194721 0.3765580356 -0.9192124605 -0.7932145000 -0.5221890211 -0.3132560849
-97.0 -477.1 2835.3 0.9805372357 0.1416904181 -0.1359065175 -0.1336631924 -0.0252766218 -0.9907044172 -0.1438085884 0.9895882607 -0.0058458741
-158.4 -466.1 2406.4 0.9805372357 0.1398108304 0.1378393620 -0.1336631924 0.9896119833 -0.0529365093 -0.1438085884 0.0334821679 0.9890389442
85.8 -486.2 2823.7 0.9899353981 0.0175477881 0.1404279023 0.1407806426 -0.0208050702 -0.9898222089 -0.0144475782 0.9996295571 -0.0230660643
78.1 -477.0 2381.2 0.9899353981 -0.1394516081 0.0241074692 0.1407806426 0.9877606034 -0.0671546981 -0.0144475782 0.0698726773 0.9974513054
-158.9 -293.2 3117.8 0 0 0 0 0 0 0 0 0
152.3 -371.1 2883.5 0 0 0 0 0 0 0 0 0
-207.3 -812.1 2394.6 0 0 0 0 0 0 0 0 0
131.3 -854.4 2354.5 0 0 0 0 0 0 0 0 0
42.4 6.9 3166.0 1 0.9974392653 0.0696783140 0.0161199793 -0.0492993705 0.8331527710 -0.5508412123 -0.0518120900 0.5486359596 0.8344543576
27.9 -166.2 3052.0 0.9974392653 0.0696783140 0.0161199793 -0.0492993705 0.8331527710 -0.5508412123 -0.0518120900 0.5486359596 0.8344543576
14.7 -326.0 2934.7 0.9977212548 0.0662750155 0.0126467170 -0.0459034331 0.8041364551 -0.5926697850 -0.0494488850 0.5907387137 0.8053462505
-117.8 -159.5 3059.2 -0.0016892721 -0.9752740860 0.2209923714 0.5905091166 0.1773749292 0.7872973084 -0.8070291877 0.1318279654 0.5756086111
-117.2 -378.6 3358.7 0.1437095255 -0.9672589302 -0.2091834694 -0.3244427145 0.1536450237 -0.9333435297 0.9349248409 0.2019984126 -0.2917398512
173.7 -172.9 3044.8 0.5228517652 0.7610412836 0.3839820027 -0.8403463364 0.3846282959 0.3819411993 0.1429826766 -0.5223765373 0.8406418562
312.5 -396.0 3082.8 -0.5996948481 0.7610412836 0.2473504096 0.1100990325 0.3846282959 -0.9164820313 -0.7926186323 -0.5223765373 -0.3144495189
-95.3 -482.8 2828.4 0.9798188806 0.1431770176 -0.1394820809 -0.1356941015 -0.0359373502 -0.9900987744 -0.1467720121 0.9890444279 -0.0157838184
-156.8 -467.4 2403.4 0.9798188806 0.1408277750 0.1418536156 -0.1356941015 0.9897153378 -0.0452844948 -0.1467720121 0.0251219049 0.9888513088
87.6 -493.0 2819.5 0.9896383882 0.0222187061 0.1418527216 0.1425681859 -0.0348495618 -0.9891712666 -0.0170345996 0.9991455674 -0.0376561433
77.8 -477.7 2379.8 0.9896383882 -0.1411387324 0.0263765957 0.1425681859 0.9877204299 -0.0638953075 -0.0170345996 0.0669937134 0.9976079464
-155.2 -292.8 3111.5 0 0 0 0 0 0 0 0 0
156.7 -367.4 2876.8 0 0 0 0 0 0 0 0 0
-206.1 -813.5 2394.6 0 0 0 0 0 0 0 0 0
131.7 -855.1 2354.2 0 0 0 0 0 0 0 0 0
40.0 7.1 3162.9 2 0.9975045323 0.0705286041 -0.0032234853 -0.0610612817 0.8388853669 -0.5408723354 -0.0354428366 0.5397194624 0.8410985470
25.4 -166.8 3051.0 0.9975045323 0.0705286041 -0.0032234853 -0.0610612817 0.8388853669 -0.5408723354 -0.0354428366 0.5397194624 0.8410985470
11.7 -327.4 2934.8 0.9976292849 0.0684614182 -0.0069906232 -0.0595830195 0.8084642291 -0.5855215192 -0.0344339646 0.5845499635 0.8106266856
-120.3 -158.1 3056.0 0.0179380253 -0.9746206999 0.2231428921 0.5831862688 0.1914806813 0.7894484997 -0.8121404052 0.1159727275 0.5718201995
-127.0 -374.5 3357.3 0.1257728636 -0.9679428935 -0.2174114734 -0.3178465068 0.1682823896 -0.9330887794 0.9397631288 0.1864607185 -0.2864919007
171.1 -175.5 3046.0 0.5093663335 0.7736410499 0.3768625557 -0.8459243774 0.3697457016 0.3843176663 0.1579806209 -0.5145556927 0.8427778482
306.3 -400.1 3087.9 -0.5865738988 0.7736410499 0.2396049798 0.1108391210 0.3697457016 -0.9224981070 -0.8022753596 -0.5145556927 -0.3026328683
-89.9 -481.5 2821.8 0.9777288437 0.1532954425 -0.1433414817 -0.1397386342 -0.0340812020 -0.9896017313 -0.1565866768 0.9875925183 -0.0119008804
-154.7 -467.1 2404.4 0.9777288437 0.1456062049 0.1511459798 -0.1397386342 0.9889851809 -0.0487997569 -0.1565866768 0.0265919976 0.9873061776
93.1 -489.9 2812.7 0.9882547855 0.0386536606 0.1478457749 0.1488723606 -0.0251711756 -0.9885360003 -0.0344890840 0.9989355803 -0.0306299962
76.2 -478.9 2377.0 0.9882547855 -0.1468300223 0.0423488244 0.1488723606 0.9875940084 -0.0499513671 -0.0344890840 0.0556692481 0.9978533983
-160.2 -290.5 3108.9 0 0 0 0 0 0 0 0 0
153.9 -371.3 2879.5 0 0 0 0 0 0 0 0 0
-205.4 -811.3 2395.1 0 0 0 0 0 0 0 0 0
132.3 -856.3 2355.7 0 0 0 0 0 0 0 0 0
41.9 7.3 3174.8 3 0.9969928861 0.0738930479 0.0233452059 -0.0488221198 0.8328927159 -0.5512768626 -0.0601795800 0.5484793186 0.8339956999
26.6 -165.6 3061.0 0.9969928861 0.0738930479 0.0233452059 -0.0488221198 0.8328927159 -0.5512768626 -0.0601795800 0.5484793186 0.8339956999
11.8 -325.7 2944.2 0.9970254898 0.0744909421 0.0197801124 -0.0484620407 0.8054782152 -0.5906406045 -0.0599298216 0.5879251361 0.8066923022
-119.0 -158.6 3069.7 -0.0088306479 -0.9733867645 0.2289983183 0.5885119438 0.1800868809 0.7881765962 -0.8084402680 0.1417283565 0.5712594986
-115.7 -376.9 3369.6 0.1528607458 -0.9646840096 -0.2145188153 -0.3223602474 0.1565234810 -0.9335867763 0.9341934919 0.2118611038 -0.2870494723
172.2 -172.7 3052.2 0.5221620798 0.7563934326 0.3939743340 -0.8413640261 0.3813248277 0.3830117285 0.1394753456 -0.5314700007 0.8355155587
310.8 -396.0 3089.3 -0.6077950001 0.7563934326 0.2417731583 0.1094075143 0.3813248277 -0.9179440737 -0.7865210176 -0.5314700007 -0.3145224452
-93.3 -482.6 2821.8 0.9792250991 0.1462558359 -0.1404542774 -0.1360344291 -0.0398459211 -0.9899024963 -0.1503755450 0.9884439707 -0.0191222969
-155.4 -465.7 2402.3 0.9792250991 0.1418768018 0.1448763162 -0.1360344291 0.9894658327 -0.0495175458 -0.1503755450 0.0287806578 0.9882099032
89.6 -493.5 2815.5 0.9898645878 0.0272337906 0.1393785626 0.1402828097 -0.0347198732 -0.9895025492 -0.0221087001 0.9990259409 -0.0381884053
77.6 -478.3 2376.2 0.9898645878 -0.1389766932 0.0292154253 0.1402828097 0.9889079332 -0.0488043390 -0.0221087001 0.0524081066 0.9983809590
-156.1 -291.7 3122.7 0 0 0 0 0 0 0 0 0
152.9 -367.6 2885.0 0 0 0 0 0 0 0 0 0
-204.8 -809.8 2392.3 0 0 0 0 0 0 0 0 0
130.7 -856.1 2356.2 0 0 0 0 0 0 0 0 0
41.5 5.7 3167.3 4 0.9945955873 0.0947089419 0.0425415263 -0.0563862547 0.8367817998 -0.5446254015 -0.0871788710 0.5392832756 0.8375997543
22.0 -167.1 3055.9 0.9945955873 0.0947089419 0.0425415263 -0.0563862547 0.8367817998 -0.5446254015 -0.0871788710 0.5392832756 0.8375997543
3.7 -327.8 2940.5 0.9950274825 0.0921328142 0.0378390811 -0.0525828935 0.8085771203 -0.5860359073 -0.0845889524 0.5811321735 0.8094010949
-123.3 -159.5 3068.3 -0.0270033907 -0.9688649178 0.2461129427 0.5839574337 0.1845367402 0.7905313969 -0.8113350272 0.1650665104 0.5607927442
-113.3 -376.1 3369.3 0.1750573069 -0.9584960341 -0.2250340283 -0.3177031577 0.1613434702 -0.9343623519 0.9318903685 0.2350609750 -0.2762728631
167.2 -174.8 3043.6 0.5224097967 0.7442679405 0.4161168933 -0.8425143957 0.3753550053 0.3863652050 0.1313676536 -0.5524254441 0.8231455684
