-47.0 93.7 2907.8 1 0.9937691689 -0.1025744528 -0.0436036773 0.0877017155 0.9610659480 -0.2620317638 0.0687837750 0.2565749884 0.9640736580
-25.7 -105.2 2854.7 0.9937691689 -0.1025744528 -0.0436036773 0.0877017155 0.9610659480 -0.2620317638 0.0687837750 0.2565749884 0.9640736580
-7.2 -292.1 2799.3 0.9946653843 -0.0946692973 -0.0409689955 0.0789980665 0.9544814229 -0.2876186371 0.0663328022 0.2828478515 0.9568683505
-167.4 -116.4 2845.3 -0.0778616294 -0.7100970149 -0.6997855306 0.6513876319 0.4951427877 -0.5749154687 0.7547395229 -0.5005955100 0.4239957929
-145.3 -302.1 2630.2 -0.2325043976 -0.7125375867 -0.6619908214 0.4931942225 0.5002658367 -0.7116836309 0.8382727504 -0.4919596016 0.2351054102
116.0 -93.9 2864.2 0.0468590930 0.5655466914 0.8233839869 -0.7379257679 0.5751644969 -0.3530599177 -0.6732531190 -0.5910521746 0.4442831874
127.6 -276.6 2697.5 -0.4600352347 0.5655466914 0.6844884753 -0.3748062551 0.5751644969 -0.7271217704 -0.8049148321 -0.5910521746 -0.0526255108
-75.9 -488.9 2734.5 0.9423214197 0.3241854608 -0.0832711682 -0.1132306755 0.0746420473 -0.9907609820 -0.3149747849 0.9430441856 0.1070445403
-202.9 -518.2 2365.3 0.9423214197 0.2751937211 0.1905222088 -0.1132306755 0.7977554202 -0.5922542810 -0.3149747849 0.5365209579 0.7829023600
103.7 -474.3 2747.3 0.9997127056 -0.0101085436 -0.0217337236 -0.0224305242 -0.0748714432 -0.9969409108 0.0084503852 0.9971419573 -0.0750766769
109.0 -435.1 2226.0 0.9997127056 0.0207778346 -0.0119506894 -0.0224305242 0.9867272973 -0.1608293951 0.0084503852 0.1610512435 0.9869098663
-85.6 -428.5 2415.2 0 0 0 0 0 0 0 0 0
9.8 -372.6 2491.4 0 0 0 0 0 0 0 0 0
-306.5 -818.6 2163.2 0 0 0 0 0 0 0 0 0
101.1 -806.8 2165.3 0 0 0 0 0 0 0 0 0
-47.1 92.2 2909.0 2 0.9955710769 -0.0938299745 -0.0058468385 0.0889589489 0.9603518844 -0.2642169595 0.0304064918 0.2625266314 0.9644455314
-27.6 -107.2 2854.6 0.9955710769 -0.0938299745 -0.0058468385 0.0889589489 0.9603518844 -0.2642169595 0.0304064918 0.2625266314 0.9644455314
-11.2 -293.9 2798.0 0.9964874983 -0.0836708918 -0.0034351314 0.0790765807 0.9536862373 -0.2902230322 0.0275592562 0.2889319658 0.9569528699
-169.5 -118.4 2850.6 -0.0811221972 -0.7284486890 -0.6802806258 0.6345157027 0.4886113703 -0.5988729000 0.7686409950 -0.4802306294 0.4225749075
-146.0 -302.0 2628.3 -0.2472282350 -0.7229733467 -0.6451261640 0.4962663949 0.4773648977 -0.7251499295 0.8322246671 -0.4994319677 0.2407692969
114.3 -95.9 2858.5 0.0456303544 0.6131814122 0.7886230946 -0.7498466969 0.5426301360 -0.3785267770 -0.6600362659 -0.5740740895 0.4845524728
125.3 -277.1 2699.0 -0.4337981045 0.6131814122 0.6601724625 -0.3760364652 0.5426301360 -0.7510986328 -0.8187891841 -0.5740740895 -0.0048133358
-78.5 -486.2 2737.9 0.9453538060 0.3144935966 -0.0860232040 -0.1172772273 0.0818117410 -0.9897236228 -0.3042240143 0.9457275867 0.1142239720
-201.7 -518.2 2367.6 0.9453538060 0.2756344080 0.1741604954 -0.1172772273 0.7858710885 -0.6071677804 -0.3042240143 0.5535632968 0.7752518058
101.3 -471.9 2749.9 0.9996675253 -0.0150284655 -0.0209532008 -0.0219469853 -0.0693328679 -0.9973521233 0.0135359270 0.9974803925 -0.0696396455
109.2 -435.5 2225.7 0.9996675253 0.0194964036 -0.0168754756 -0.0219469853 0.9868832231 -0.1599370241 0.0135359270 0.1602542102 0.9869829416
-82.6 -429.3 2414.8 0 0 0 0 0 0 0 0 0
14.3 -373.4 2489.4 0 0 0 0 0 0 0 0 0
-305.4 -814.2 2159.2 0 0 0 0 0 0 0 0 0
101.8 -807.2 2165.3 0 0 0 0 0 0 0 0 0
-46.5 89.6 2909.2 3 0.9962450862 -0.0810336471 0.0304834507 0.0862252414 0.9603912234 -0.2649790049 -0.0078038247 0.2666125000 0.9637722373
-29.8 -107.9 2854.3 0.9962450862 -0.0810336471 0.0304834507 0.0862252414 0.9603912234 -0.2649790049 -0.0078038247 0.2666125000 0.9637722373
-15.7 -294.2 2795.7 0.9968088865 -0.0726237819 0.0331330858 0.0792109370 0.9512913227 -0.2979436517 -0.0098814229 0.2996173799 0.9540082812
-171.8 -119.2 2855.8 -0.0878588632 -0.7443010211 -0.6620398760 0.6282560229 0.4743544161 -0.6166703105 0.7730298638 -0.4701105058 0.4259353578
-146.3 -300.9 2632.2 -0.2532263398 -0.7397096157 -0.6234629750 0.4764007628 0.4655556381 -0.7458553910 0.8419731259 -0.4858884811 0.2345072776
112.1 -96.6 2852.9 0.0420366675 0.6232928634 0.7808578610 -0.7523952127 0.5339691043 -0.3857180178 -0.6573692560 -0.5712994337 0.4914088547
122.4 -281.1 2691.7 -0.4271999896 0.6232928634 0.6549856663 -0.3794117570 0.5339691043 -0.7555949092 -0.8206990361 -0.5712994337 0.0083730202
-84.9 -487.9 2739.0 0.9484190345 0.2981313169 -0.1077916026 -0.1346018761 0.0708468258 -0.9883638024 -0.2870255113 0.9518920183 0.1073215082
-201.6 -515.6 2366.3 0.9484190345 0.2754976451 0.1568513513 -0.1346018761 0.7979009748 -0.5875682235 -0.2870255113 0.5361483693 0.7938269377
95.1 -473.6 2744.0 0.9994090796 -0.0260381885 -0.0224379506 -0.0243717823 -0.0764977485 -0.9967718720 0.0242376793 0.9967297316 -0.0770871416
108.6 -433.9 2226.8 0.9994090796 0.0201117117 -0.0278741438 -0.0243717823 0.9864779115 -0.1620721072 0.0242376793 0.1626556814 0.9863851666
-81.4 -423.1 2416.1 0 0 0 0 0 0 0 0 0
13.0 -378.2 2481.6 0 0 0 0 0 0 0 0 0
-305.3 -816.0 2164.4 0 0 0 0 0 0 0 0 0
101.1 -805.4 2165.5 0 0 0 0 0 0 0 0 0
-44.7 89.7 2909.7 4 0.9913940430 -0.0910160989 0.0940955356 0.1128621995 0.9584302902 -0.2620562613 -0.0663326755 0.2704208493 0.9604543447
-26.0 -107.0 2854.2 0.9913940430 -0.0910160989 0.0940955356 0.1128621995 0.9584302902 -0.2620562613 -0.0663326755 0.2704208493 0.9604543447
-8.4 -293.0 2795.7 0.9912396669 -0.0899039581 0.0967534259 0.1144906059 0.9501246810 -0.2900947928 -0.0658471510 0.2986308336 0.9520944357
-166.9 -123.3 2863.6 -0.0755201057 -0.7860519886 -0.6135299802 0.6167349815 0.4466615021 -0.6481754780 0.7835398316 -0.4273356795 0.4510538578
-145.5 -297.7 2642.0 -0.2362578362 -0.7788869739 -0.5809624195 0.4697178006 0.4318438172 -0.7699844837 0.8506159186 -0.4548032582 0.2638305724
114.9 -90.7 2844.9 0.0217214171 0.6628336310 0.7484515905 -0.7763565183 0.4828698933 -0.4051014781 -0.6299195886 -0.5722659230 0.5250838399
120.3 -286.0 2686.4 -0.4382994473 0.6628336310 0.6070792079 -0.3694407940 0.4828698933 -0.7939459682 -0.8193943501 -0.5722659230 0.0332361571
-91.5 -487.7 2738.0 0.9510605335 0.2822759748 -0.1257143319 -0.1517732441 0.0723435357 -0.9857643247 -0.2691629529 0.9566016197 0.1116450205
-202.0 -516.0 2363.4 0.9510605335 0.2760843933 0.1387848258 -0.1517732441 0.8085902929 -0.5684599280 -0.2691629529 0.5195759535 0.8109205365
88.5 -473.3 2736.2 0.9986826181 -0.0413563363 -0.0303764157 -0.0334861353 -0.0767036006 -0.9964914918 0.0388812535 0.9961958528 -0.0779874176
109.7 -434.1 2226.5 0.9986826181 0.0266437940 -0.0438540913 -0.0334861353 0.9859674573 -0.1635447592 0.0388812535 0.1647978127 0.9855607152
-84.9 -418.2 2423.7 0 0 0 0 0 0 0 0 0
8.1 -380.6 2476.6 0 0 0 0 0 0 0 0 0
-306.0 -820.5 2167.8 0 0 0 0 0 0 0 0 0
99.6 -805.4 2164.5 0 0 0 0 0 0 0 0 0
-44.1 90.2 2909.0 5 0.9954199791 -0.0950061157 0.0106232092 0.0943507329 0.9584529400 -0.2691948414 0.0153933093 0.2689642310 0.9630271196
-24.7 -106.0 2854.0 0.9954199791 -0.0950061157 0.0106232092 0.0943507329 0.9584529400 -0.2691948414 0.0153933093 0.2689642310 0.9630271196
-6.6 -292.1 2795.7 0.9956413507 -0.0922948197 0.0134144379 0.0920950174 0.9502261281 -0.2976386845 0.0147237601 0.2975767851 0.9545843601
-165.9 -119.1 2851.9 -0.0725959241 -0.7399064898 -0.6687811017 0.6507275105 0.4730264544 -0.5939694047 0.7558330297 -0.4783140123 0.4471377432
-146.2 -296.1 2646.2 -0.2338806838 -0.7410609722 -0.6293873787 0.4792238772 0.4753794074 -0.7378067970 0.8459576368 -0.4741762280 0.2439520508
116.5 -92.9 2856.1 0.0098163830 0.6272268295 0.7787747979 -0.7490008473 0.5205972195 -0.4098490179 -0.6624962687 -0.5792797208 0.4749038219
119.0 -283.2 2687.7 -0.4376837611 0.6272268295 0.6442200541 -0.3796088696 0.5205972195 -0.7647715807 -0.8150644302 -0.5792797208 0.0102439113
-80.2 -489.4 2743.1 0.9461019039 0.3069316149 -0.1033644080 -0.1225480810 0.0438463427 -0.9914935827 -0.2997885644 0.9507210255 0.0790969878
-200.3 -506.5 2371.0 0.9461019039 0.2717014551 0.1762655228 -0.1225480810 0.8041117787 -0.5817097425 -0.2997885644 0.5287557244 0.7940681577
98.5 -468.7 2731.2 0.9993636608 -0.0228575934 -0.0273817703 -0.0288601946 -0.0670742914 -0.9973304868 0.0209599622 0.9974861145 -0.0676912889
110.1 -434.7 2225.5 0.9993636608 0.0251038186 -0.0253382958 -0.0288601946 0.9865581989 -0.1608417034 0.0209599622 0.1614706218 0.9866549373
-86.1 -419.2 2429.0 0 0 0 0 0 0 0 0 0
6.9 -380.4 2479.0 0 0 0 0 0 0 0 0 0
-302.7 -809.3 2171.9 0 0 0 0 0 0 0 0 0
100.6 -806.3 2164.7 0 0 0 0 0 0 0 0 0
-44.2 89.1 2908.6 6 0.9959098697 -0.0900357589 0.0075544589 0.0888439640 0.9606440067 -0.2631916702 0.0164395161 0.2627863288 0.9647139907
-25.8 -107.3 2854.9 0.9959098697 -0.0900357589 0.0075544589 0.0888439640 0.9606440067 -0.2631916702 0.0164395161 0.2627863288 0.9647139907
-9.0 -293.8 2797.4 0.9962694645 -0.0856701434 0.0103817945 0.0849296674 0.9520341754 -0.2939691246 0.0153005542 0.2937541902 0.9557585120
-167.4 -119.4 2852.7 -0.0825642198 -0.7359240651 -0.6720110774 0.6432419419 0.4756924510 -0.5999637246 0.7611983418 -0.4818012714 0.4341020584
-144.5 -297.9 2641.6 -0.2301862687 -0.7357748151 -0.6369063258 0.4942868054 0.4753717184 -0.7278065085 0.8382689357 -0.4823454618 0.2542597353
115.8 -95.3 2857.1 0.0383705534 0.6007804871 0.7984926105 -0.7494166493 0.5458718538 -0.3746980429 -0.6609859467 -0.5840262771 0.4711802900
125.2 -277.6 2696.3 -0.4434925616 0.6007804871 0.6651144028 -0.3802463114 0.5458718538 -0.7466167808 -0.8116200566 -0.5840262771 -0.0136455325
-78.2 -486.5 2736.0 0.9435523152 0.3159054518 -0.0995631739 -0.1262456626 0.0651009157 -0.9898605347 -0.3062206805 0.9465546012 0.1013078094
-201.8 -512.0 2365.5 0.9435523152 0.2769380510 0.1816986203 -0.1262456626 0.8078508377 -0.5757074356 -0.3062206805 0.5202714205 0.7972117066
101.0 -469.9 2738.7 0.9995122552 -0.0174193159 -0.0259197615 -0.0270186123 -0.0661270991 -0.9974453449 0.0156608168 0.9976591468 -0.0665654913
110.0 -435.7 2222.8 0.9995122552 0.0245731752 -0.0192724057 -0.0270186123 0.9899148345 -0.1390631944 0.0156608168 0.1395160854 0.9900959730
-85.4 -424.8 2426.3 0 0 0 0 0 0 0 0 0
11.6 -375.0 2488.4 0 0 0 0 0 0 0 0 0
-306.1 -816.2 2169.6 0 0 0 0 0 0 0 0 0
100.7 -808.5 2170.2 0 0 0 0 0 0 0 0 0
-45.5 91.1 2908.0 7 0.9952229857 -0.0961726829 -0.0167938378 0.0885144547 0.9614409804 -0.2603774369 0.0411874801 0.2576471269 0.9653608203
-25.8 -106.0 2855.1 0.9952229857 -0.0961726829 -0.0167938378 0.0885144547 0.9614409804 -0.2603774369 0.0411874801 0.2576471269 0.9653608203
-7.9 -292.6 2798.4 0.9957072735 -0.0915384963 -0.0137032969 0.0835760236 0.9527921677 -0.2918940485 0.0397759378 0.2894957364 0.9563524723
-167.5 -117.9 2849.5 -0.0764508024 -0.7241601944 -0.6853811145 0.6523088813 0.4835502505 -0.5836713910 0.7540878057 -0.4917023182 0.4354082942
-146.3 -298.7 2640.5 -0.2514813840 -0.7225676775 -0.6439356208 0.4870727360 0.4804471135 -0.7293357849 0.8363714814 -0.4970578253 0.2311195135
115.9 -94.1 2860.8 0.0409486145 0.5691841245 0.8211897612 -0.7401483655 0.5693846345 -0.3577451408 -0.6711956859 -0.5931530595 0.4445962310
126.1 -278.5 2693.6 -0.4505150616 0.5691841245 0.6877976060 -0.3875041902 0.5693846345 -0.7250114679 -0.8042864203 -0.5931530595 -0.0359551013
-82.1 -487.9 2738.4 0.9465215802 0.3117292523 -0.0831974596 -0.1131727099 0.0793034062 -0.9904054403 -0.3021405041 0.9468557835 0.1103416234
-204.2 -518.9 2367.7 0.9465215802 0.2719437778 0.1736189127 -0.1131727099 0.7837697268 -0.6106528640 -0.3021405041 0.5583471656 0.7726315856
97.6 -472.6 2741.2 0.9993079305 -0.0247532520 -0.0277653970 -0.0294456426 -0.0703209564 -0.9970897436 0.0227287225 0.9972172379 -0.0710011721
110.5 -435.9 2221.8 0.9993079305 0.0256881919 -0.0269027427 -0.0294456426 0.9882239103 -0.1501549333 0.0227287225 0.1508431882 0.9882963896
-81.8 -423.7 2425.8 0 0 0 0 0 0 0 0 0
10.7 -377.7 2487.6 0 0 0 0 0 0 0 0 0
-306.5 -813.8 2157.6 0 0 0 0 0 0 0 0 0
100.8 -808.1 2165.0 0 0 0 0 0 0 0 0 0
-46.7 90.6 2908.1 8 0.9957932234 -0.0906535611 -0.0133318873 0.0842840299 0.9633038640 -0.2548368871 0.0359445289 0.2526411712 0.9668921232
-28.2 -106.7 2856.4 0.9957932234 -0.0906535611 -0.0133318873 0.0842840299 0.9633038640 -0.2548368871 0.0359445289 0.2526411712 0.9668921232
-11.7 -293.7 2800.5 0.9964243770 -0.0838466883 -0.0104023470 0.0773467869 0.9547913671 -0.2870382071 0.0339992717 0.2852072716 0.9578626752
-170.1 -117.7 2851.5 -0.0833130628 -0.7236076593 -0.6851648688 0.6448287964 0.4850623310 -0.5906863213 0.7597727776 -0.4910259247 0.4261910617
-146.4 -300.7 2635.9 -0.2524940670 -0.7220973969 -0.6440668106 0.4839507639 0.4821512103 -0.7302888632 0.8378773332 -0.4960902333 0.2277192771
113.7 -95.7 2861.2 0.0601392649 0.5555228591 0.8293235898 -0.7390749454 0.5832217336 -0.3370766044 -0.6709333062 -0.5926607847 0.4456475675
128.6 -277.6 2696.0 -0.4436588585 0.5555228591 0.7032504082 -0.3949216306 0.5832217336 -0.7098516226 -0.8044897318 -0.5926607847 -0.0393634923
-79.9 -486.7 2738.2 0.9460505843 0.3129160106 -0.0840945095 -0.1153054908 0.0825793147 -0.9898915887 -0.3028084338 0.9461840391 0.1142051369
-202.4 -519.1 2367.6 0.9460505843 0.2753707170 0.1707608849 -0.1153054908 0.7786257863 -0.6168034673 -0.3028084338 0.5638375878 0.7683711648
99.9 -471.6 2745.3 0.9995198250 -0.0191683751 -0.0243441164 -0.0256060082 -0.0685997903 -0.9973155856 0.0174469184 0.9974600673 -0.0690576807
109.9 -435.6 2221.5 0.9995198250 0.0227992404 -0.0209823102 -0.0256060082 0.9890957475 -0.1450309008 0.0174469184 0.1454985440 0.9892046452
-81.6 -425.0 2420.7 0 0 0 0 0 0 0 0 0
14.9 -378.8 2490.0 0 0 0 0 0 0 0 0 0
-306.1 -812.2 2155.3 0 0 0 0 0 0 0 0 0
101.3 -808.1 2166.7 0 0 0 0 0 0 0 0 0
-47.9 92.5 2905.7 9 0.9970390201 -0.0736946464 0.0219623875 0.0768535361 0.9646338820 -0.2521408796 -0.0026042312 0.2530821562 0.9674412608
-32.8 -105.1 2853.9 0.9970390201 -0.0736946464 0.0219623875 0.0768535361 0.9646338820 -0.2521408796 -0.0026042312 0.2530821562 0.9674412608
-20.1 -292.1 2797.3 0.9975898862 -0.0648924112 0.0245638061 0.0692224726 0.9550722837 -0.2881756723 -0.0047597946 0.2891815007 0.9572624564
-174.8 -114.9 2854.5 -0.0939671546 -0.7359924316 -0.6704366803 0.6392914653 0.4716298878 -0.6073480844 0.7632015347 -0.4856752157 0.4261959493
-147.6 -300.0 2633.7 -0.2679632306 -0.7306311131 -0.6279919744 0.4835753441 0.4617730975 -0.7435862422 0.8332769871 -0.5029352307 0.2295769751
109.3 -95.2 2853.2 0.0835462660 0.5990943909 0.7963076830 -0.7609246373 0.5543304682 -0.3372112215 -0.6434389949 -0.5777574182 0.5021779537
129.3 -277.6 2698.9 -0.4263513982 0.5990943909 0.6777244210 -0.3899174631 0.5543304682 -0.7353109121 -0.8162039518 -0.5777574182 -0.0027422102
-85.3 -487.7 2741.6 0.9489933848 0.2959261835 -0.1088081971 -0.1366712451 0.0750967190 -0.9877659082 -0.2841346264 0.9522542357 0.1117108911
-201.2 -517.1 2368.7 0.9489933848 0.2785376608 0.1477440000 -0.1366712451 0.7856791019 -0.6033484340 -0.2841346264 0.5523813367 0.7836723924
94.7 -473.7 2747.8 0.9994724989 -0.0265740380 -0.0186679363 -0.0205886327 -0.0739407539 -0.9970501065 0.0251153242 0.9969084859 -0.0744488761
108.7 -434.8 2223.5 0.9994724989 0.0163355507 -0.0280681513 -0.0205886327 0.9871226549 -0.1586345881 0.0251153242 0.1591287851 0.9869382977
-78.8 -424.1 2419.7 0 0 0 0 0 0 0 0 0
20.1 -377.5 2489.9 0 0 0 0 0 0 0 0 0
-306.1 -812.9 2160.7 0 0 0 0 0 0 0 0 0
102.5 -806.5 2163.6 0 0 0 0 0 0 0 0 0
-43.2 82.0 2908.5 0 0.9977784753 -0.0507635362 0.0431418978 0.0607910864 0.9586775303 -0.2779241800 -0.0272507556 0.2799293995 0.9596337676
-32.9 -112.9 2851.6 0.9977784753 -0.0507635362 0.0431418978 0.0607910864 0.9586775303 -0.2779241800 -0.0272507556 0.2799293995 0.9596337676
-24.4 -298.7 2790.4 0.9980483055 -0.0435216278 0.0447816513 0.0553312823 0.9487659931 -0.3110973239 -0.0289478470 0.3129679859 0.9493224025
-175.0 -120.9 2855.7 -0.0916739702 -0.7391059995 -0.6673216224 0.6287180185 0.4767194688 -0.6143713593 0.7722108364 -0.4758790135 0.4209865034
-149.2 -297.5 2638.8 -0.2821895182 -0.7274887562 -0.6254032254 0.4820132256 0.4561271369 -0.7480717301 0.8294771314 -0.5125505924 0.2219449133
109.2 -105.0 2847.4 0.0647746399 0.6368092895 0.7682955861 -0.7558981776 0.5339472890 -0.3788380027 -0.6514769197 -0.5562141538 0.5159492493
124.4 -282.1 2694.8 -0.4094767869 0.6368092895 0.6533013582 -0.3770461380 0.5339472890 -0.7567935586 -0.8307616711 -0.5562141538 0.0214674659
-97.4 -485.4 2741.2 0.9546141624 0.2684117854 -0.1291002929 -0.1557408124 0.0803619549 -0.9845235944 -0.2538829744 0.9599463940 0.1185173318
-202.5 -516.9 2365.3 0.9546141624 0.2736070454 0.1176901162 -0.1557408124 0.7953547239 -0.5857948661 -0.2538829744 0.5408789515 0.8018686771
82.7 -472.9 2740.3 0.9982212782 -0.0508041829 -0.0311962143 -0.0349467769 -0.0746917278 -0.9965941310 0.0483010486 0.9959116578 -0.0763343200
109.0 -434.3 2224.9 0.9982212782 0.0264856610 -0.0534114055 -0.0349467769 0.9857918620 -0.1642957181 0.0483010486 0.1658700407 0.9849640131
-76.8 -421.2 2425.8 0 0 0 0 0 0 0 0 0
19.6 -378.6 2482.1 0 0 0 0 0 0 0 0 0
-305.6 -816.4 2161.7 0 0 0 0 0 0 0 0 0
99.0 -805.5 2162.5 0 0 0 0 0 0 0 0 0
-41.5 84.3 2907.9 1 0.9970049858 -0.0626270026 0.0453759059 0.0726487562 0.9596010447 -0.2718233764 -0.0265192837 0.2743057609 0.9612767696
-28.8 -110.8 2852.1 0.9970049858 -0.0626270026 0.0453759059 0.0726487562 0.9596010447 -0.2718233764 -0.0265192837 0.2743057609 0.9612767696
-17.6 -296.8 2791.9 0.9972354174 -0.0571703725 0.0474669822 0.0689758956 0.9498023391 -0.3051522076 -0.0276385844 0.3075826764 0.9511198997
-170.8 -120.7 2856.1 -0.0789123625 -0.7467533946 -0.6604030728 0.6279505491 0.4772801101 -0.6147209406 0.7742421627 -0.4632095397 0.4312608838
-148.4 -299.0 2636.2 -0.2806805968 -0.7318356633 -0.6209951043 0.4850367308 0.4501557052 -0.7497327924 0.8282256722 -0.5116409063 0.2286172211
113.3 -101.0 2848.1 0.0427344479 0.5853655934 0.8096424341 -0.7361102700 0.5663709044 -0.3706287742 -0.6755113006 -0.5801474452 0.4550971687
124.2 -289.3 2675.4 -0.4518519640 0.5853655934 0.6731841564 -0.3662323356 0.5663709044 -0.7383074164 -0.8134517074 -0.5801474452 -0.0415359996
-106.1 -489.4 2731.8 0.9550375342 0.2551940680 -0.1509281397 -0.1833012998 0.1081083193 -0.9770942926 -0.2330320925 0.9608270526 0.1500249058
-206.0 -531.7 2355.7 0.9550375342 0.2841933966 0.0844832808 -0.1833012998 0.7899372578 -0.5851493478 -0.2330320925 0.5433537364 0.8065127134
74.2 -479.4 2726.6 0.9968976974 -0.0706313178 -0.0347299278 -0.0410481356 -0.0900648460 -0.9950896502 0.0671565458 0.9934281707 -0.0926847234
109.9 -433.8 2224.1 0.9968976974 0.0295602605 -0.0729461610 -0.0410481356 0.9860354662 -0.1613974720 0.0671565458 0.1638910770 0.9841898680
-76.3 -423.5 2423.5 0 0 0 0 0 0 0 0 0
8.6 -382.9 2467.3 0 0 0 0 0 0 0 0 0
-313.0 -829.2 2151.1 0 0 0 0 0 0 0 0 0
98.8 -805.2 2162.4 0 0 0 0 0 0 0 0 0
-43.5 85.6 2906.6 2 0.9964592457 -0.0832384303 -0.0118488325 0.0769855753 0.9599514008 -0.2693817317 0.0337972157 0.2675157189 0.9629606009
-26.5 -110.9 2851.8 0.9964592457 -0.0832384303 -0.0118488325 0.0769855753 0.9599514008 -0.2693817317 0.0337972157 0.2675157189 0.9629606009
-11.6 -297.1 2793.3 0.9970476031 -0.0762306452 -0.0092165796 0.0699343905 0.9510797858 -0.3009259105 0.0317054801 0.2993929088 0.9536029696
-168.3 -120.9 2847.3 -0.0719064251 -0.7212415934 -0.6889412403 0.6429334879 0.4945580661 -0.5848494768 0.7625392079 -0.4849977791 0.4281484783
-148.6 -297.3 2638.0 -0.2135764211 -0.7239010334 -0.6560125351 0.4917061031 0.5005939007 -0.7124822140 0.8441624045 -0.4747347534 0.2490314990
115.3 -100.9 2856.3 0.0326436311 0.5599159002 0.8279061317 -0.7264339924 0.5822228193 -0.3651167154 -0.6864604950 -0.5895004272 0.4257477820
123.6 -285.1 2682.3 -0.4485662580 0.5599159002 0.6966221929 -0.3851866126 0.5822228193 -0.7159942985 -0.8064859509 -0.5895004272 -0.0454934314
-96.5 -489.0 2734.2 0.9520087838 0.2733846307 -0.1376232803 -0.1667165607 0.0860936120 -0.9822390079 -0.2566805482 0.9580442309 0.1275396198
-203.5 -522.7 2359.2 0.9520087838 0.2826976180 0.1173089072 -0.1667165607 0.8003841639 -0.5758391619 -0.2566805482 0.5286465883 0.8091031313
83.7 -476.5 2729.2 0.9982962608 -0.0510394499 -0.0282754935 -0.0324798040 -0.0835184082 -0.9959767461 0.0484725796 0.9951983094 -0.0850338712
109.5 -434.3 2225.8 0.9982962608 0.0240640547 -0.0531549640 -0.0324798040 0.9859873652 -0.1636275202 0.0484725796 0.1650751978 0.9850891232
-93.9 -423.3 2421.8 0 0 0 0 0 0 0 0 0
8.8 -383.6 2475.9 0 0 0 0 0 0 0 0 0
-310.0 -824.1 2160.2 0 0 0 0 0 0 0 0 0
100.4 -805.6 2163.7 0 0 0 0 0 0 0 0 0
-44.8 89.3 2906.9 3 0.9957289100 -0.0892088637 -0.0237853546 0.0799370036 0.9619247317 -0.2613635063 0.0461956635 0.2583458722 0.9649473429
-26.6 -107.5 2854.1 0.9957289100 -0.0892088637 -0.0237853546 0.0799370036 0.9619247317 -0.2613635063 0.0461956635 0.2583458722 0.9649473429
-10.5 -294.3 2797.7 0.9964043498 -0.0820481554 -0.0211301800 0.0723806545 0.9539605975 -0.2910674512 0.0440389067 0.2884914577 0.9564691782
-168.4 -117.8 2847.8 -0.0797918588 -0.7165434957 -0.6929636598 0.6434969902 0.4938912988 -0.5847931504 0.7612784505 -0.4925817549 0.4216850698
-145.7 -300.7 2631.5 -0.1624852568 -0.7276464701 -0.6664301753 0.4941512644 0.5245949030 -0.6932638288 0.8540568352 -0.4419624507 0.2743285000
115.3 -97.2 2860.3 0.0416599996 0.5334642529 0.8447960019 -0.7279745340 0.5953372717 -0.3400391638 -0.6843373179 -0.6008239388 0.4131501317
125.9 -283.0 2685.7 -0.4628596902 0.5334642529 0.7079383731 -0.3890690804 0.5953372717 -0.7029927373 -0.7964836359 -0.6008239388 -0.0680031776
-86.7 -489.7 2732.0 0.9479542375 0.3020563722 -0.1007209644 -0.1363278180 0.0991638005 -0.9856882095 -0.2877455354 0.9481183887 0.1351814270
-204.9 -528.5 2360.9 0.9479542375 0.2817793190 0.1482672244 -0.1363278180 0.7799973488 -0.6107527018 -0.2877455354 0.5587526560 0.7778161764
93.2 -477.0 2737.7 0.9992271662 -0.0299919322 -0.0254080892 -0.0278066657 -0.0824722648 -0.9962053299 0.0277826600 0.9961419702 -0.0832425058
108.6 -434.7 2226.3 0.9992271662 0.0226714499 -0.0321106240 -0.0278066657 0.9850894809 -0.1697808355 0.0277826600 0.1705425084 0.9849585891
-104.1 -427.2 2412.8 0 0 0 0 0 0 0 0 0
7.5 -382.6 2481.8 0 0 0 0 0 0 0 0 0
-311.0 -822.1 2150.6 0 0 0 0 0 0 0 0 0
100.0 -805.7 2162.1 0 0 0 0 0 0 0 0 0
-46.7 92.3 2908.1 4 0.9953911304 -0.0926134661 -0.0248840731 0.0829405785 0.9616621137 -0.2613940537 0.0481386781 0.2581254244 0.9649113417
-27.8 -104.4 2855.3 0.9953911304 -0.0926134661 -0.0248840731 0.0829405785 0.9616621137 -0.2613940537 0.0481386781 0.2581254244 0.9649113417
-11.4 -291.3 2799.1 0.9962620735 -0.0834690630 -0.0222442895 0.0734646693 0.9541676044 -0.2901156545 0.0454404652 0.2873970568 0.9567330480
-169.7 -114.9 2848.8 -0.0843792632 -0.7159436941 -0.6930402517 0.6468917727 0.4896616936 -0.5846045017 0.7578991652 -0.4976505339 0.4218207896
-145.6 -299.8 2632.2 -0.1460471004 -0.7278536558 -0.6699994802 0.5075428486 0.5262075067 -0.6822799444 0.8491587043 -0.4396984577 0.2925658226
114.1 -93.9 2861.8 0.0571222492 0.4921793938 0.8686175942 -0.7254812717 0.6181699038 -0.3025605083 -0.6858673096 -0.6128828526 0.3923781812
128.8 -280.6 2685.3 -0.4776217639 0.4921793938 0.7277615666 -0.3968487680 0.6181699038 -0.6785108447 -0.7838293910 -0.6128828526 -0.0999306291
-84.5 -487.7 2737.3 0.9475440383 0.3083236516 -0.0842426047 -0.1154654995 0.0844318643 -0.9897165895 -0.2980402708 0.9475271702 0.1156036556
-205.2 -520.7 2366.3 0.9475440383 0.2707244456 0.1699074805 -0.1154654995 0.7856171131 -0.6078432798 -0.2980402708 0.5563398600 0.7756661177
95.5 -474.6 2745.2 0.9995433092 -0.0240158550 -0.0183411185 -0.0201400239 -0.0769412145 -0.9968321919 0.0225285906 0.9967463613 -0.0773897544
107.9 -434.6 2227.1 0.9995433092 0.0161393415 -0.0255475938 -0.0201400239 0.9860830307 -0.1650290340 0.0225285906 0.1654682010 0.9859578013
-108.1 -430.0 2414.4 0 0 0 0 0 0 0 0 0
6.6 -382.2 2484.6 0 0 0 0 0 0 0 0 0
-307.1 -816.5 2156.9 0 0 0 0 0 0 0 0 0
101.9 -806.0 2164.8 0 0 0 0 0 0 0 0 0
-46.0 92.6 2908.2 5 0.9970157146 -0.0769479647 0.0062195039 0.0759233460 0.9627696872 -0.2594420612 0.0139755905 0.2591400146 0.9657386541
-30.3 -104.3 2855.2 0.9970157146 -0.0769479647 0.0062195039 0.0759233460 0.9627696872 -0.2594420612 0.0139755905 0.2591400146 0.9657386541
-16.9 -291.0 2797.6 0.9976136684 -0.0684682876 0.0088891089 0.0680445433 0.9531900883 -0.2946159542 0.0116988402 0.2945177853 0.9555743933
-172.4 -114.0 2853.5 -0.0880573019 -0.7282587290 -0.6796212792 0.6403465867 0.4812328517 -0.5986410975 0.7630217075 -0.4879079163 0.4239619374
-147.1 -298.0 2634.3 -0.1779004335 -0.7359023094 -0.6532986760 0.5047367215 0.5016683936 -0.7025451064 0.8447439075 -0.4547269344 0.2821899354
111.8 -94.6 2856.9 0.0731907487 0.5345571041 0.8419571519 -0.7401204109 0.5949752927 -0.3134105802 -0.6684795022 -0.6002109051 0.4391833246
129.6 -275.0 2693.9 -0.4597736597 0.5345571041 0.7091240287 -0.3911715448 0.5949752927 -0.7021319270 -0.7972408533 -0.6002109051 -0.0644504204
-85.1 -484.8 2738.7 0.9481682777 0.2998345792 -0.1052434742 -0.1340847462 0.0772394985 -0.9879551530 -0.2880941629 0.9508592486 0.1134392843
-202.5 -515.1 2366.4 0.9481682777 0.2759762406 0.1575248539 -0.1340847462 0.7968966365 -0.5890476108 -0.2880941629 0.5373945236 0.7925962806
94.9 -471.5 2746.9 0.9995803833 -0.0237003993 -0.0166529771 -0.0182995498 -0.0710438713 -0.9973053336 0.0224534422 0.9971916080 -0.0714477673
107.2 -434.5 2227.1 0.9995803833 0.0143614467 -0.0251551084 -0.0182995498 0.9862769246 -0.1640822887 0.0224534422 0.1644737571 0.9861258864
-101.4 -427.5 2417.6 0 0 0 0 0 0 0 0 0
11.9 -375.2 2489.8 0 0 0 0 0 0 0 0 0
-306.4 -815.1 2164.0 0 0 0 0 0 0 0 0 0
101.8 -806.0 2165.2 0 0 0 0 0 0 0 0 0
-46.3 92.6 2908.2 6 0.9968516827 -0.0784378052 0.0115848752 0.0787354410 0.9620422125 -0.2612958848 0.0093503380 0.2613854110 0.9651892185
-30.2 -104.5 2854.7 0.9968516827 -0.0784378052 0.0115848752 0.0787354410 0.9620422125 -0.2612958848 0.0093503380 0.2613854110 0.9651892185
-16.5 -291.1 2796.8 0.9974329472 -0.0701794475 0.0142256198 0.0712466463 0.9527384043 -0.2953191698 0.0071720425 0.2955746055 0.9552927613
-172.3 -114.6 2853.7 -0.0839979351 -0.7322742939 -0.6758096814 0.6386352181 0.4810464382 -0.6006157994 0.7649113536 -0.4820463657 0.4272492528
-148.2 -297.7 2634.4 -0.2303659320 -0.7303381562 -0.6430690289 0.5022442341 0.4767847359 -0.7214062810 0.8334760070 -0.4891651571 0.2569731772
111.9 -94.3 2855.7 0.0742404312 0.5922958255 0.8022930026 -0.7546426058 0.5592988729 -0.3430733979 -0.6519224644 -0.5799745321 0.4884942174
130.0 -278.5 2696.6 -0.4436780214 0.5922958255 0.6725589037 -0.3744532168 0.5592988729 -0.7395738959 -0.8142079711 -0.5799745321 -0.0263615400
-93.7 -483.8 2738.9 0.9517247677 0.2781535685 -0.1298098266 -0.1557417512 0.0731595382 -0.9850848913 -0.2645080388 0.9577464461 0.1129478663
-202.6 -512.5 2363.9 0.9517247677 0.2769022584 0.1324580759 -0.1557417512 0.8074675202 -0.5689821839 -0.2645080388 0.5208851695 0.8116120696
86.6 -471.5 2741.0 0.9989412427 -0.0417237580 -0.0193796661 -0.0222786330 -0.0701753125 -0.9972858429 0.0402505398 0.9966617227 -0.0710305572
108.0 -435.4 2228.1 0.9989412427 0.0153133711 -0.0433813781 -0.0222786330 0.9860522151 -0.1649385393 0.0402505398 0.1657303870 0.9853493571
-89.2 -426.4 2420.8 0 0 0 0 0 0 0 0 0
16.4 -374.3 2488.2 0 0 0 0 0 0 0 0 0
-306.8 -816.5 2167.8 0 0 0 0 0 0 0 0 0
102.3 -806.8 2165.7 0 0 0 0 0 0 0 0 0
-45.0 94.3 2907.8 7 0.9952574968 -0.0916496217 -0.0326009803 0.0800279081 0.9619631767 -0.2611940801 0.0552992783 0.2573463917 0.9647356272
-26.3 -102.7 2855.1 0.9952574968 -0.0916496217 -0.0326009803 0.0800279081 0.9619631767 -0.2611940801 0.0552992783 0.2573463917 0.9647356272
-9.7 -289.3 2798.1 0.9959546328 -0.0848722756 -0.0295130126 0.0724657401 0.9528411627 -0.2946904898 0.0531322658 0.2913596928 0.9551368952
-168.0 -113.0 2847.5 -0.0718138441 -0.7118460536 -0.6986543536 0.6566550136 0.4935013652 -0.5703162551 0.7507642508 -0.4997315109 0.4319970608
-147.9 -297.4 2636.7 -0.2580524087 -0.7093541622 -0.6559158564 0.4904840291 0.4887237847 -0.7215085030 0.8323667049 -0.5079032779 0.2218105346
115.5 -92.3 2862.6 0.0558181703 0.5877958536 0.8070814013 -0.7414894104 0.5657365918 -0.3607431054 -0.6686387658 -0.5783062577 0.4674227536
129.5 -278.7 2694.6 -0.4334633052 0.5877958536 0.6830853820 -0.3833326399 0.5657365918 -0.7300672531 -0.8155769110 -0.5783062577 -0.0199047383
-92.9 -484.1 2738.3 0.9509220719 0.2824890018 -0.1262822747 -0.1594510078 0.0975952297 -0.9823698401 -0.2651841342 0.9542930126 0.1378486156
-203.5 -522.3 2364.7 0.9509220719 0.2863590121 0.1172423884 -0.1594510078 0.7781961560 -0.6074423194 -0.2651841342 0.5589358807 0.7856640816
87.4 -471.2 2739.6 0.9988014102 -0.0427796096 -0.0237838048 -0.0267379247 -0.0698629320 -0.9971982241 0.0409981459 0.9966388941 -0.0709230304
109.5 -435.1 2224.9 0.9988014102 0.0201837160 -0.0445912778 -0.0267379247 0.9880701900 -0.1516652703 0.0409981459 0.1526757628 0.9874255657
-81.7 -423.1 2423.3 0 0 0 0 0 0 0 0 0
18.5 -376.8 2485.8 0 0 0 0 0 0 0 0 0
-311.2 -815.0 2154.5 0 0 0 0 0 0 0 0 0
101.9 -807.3 2167.4 0 0 0 0 0 0 0 0 0
-46.4 94.3 2897.0 8 0.9934892058 -0.1032569185 -0.0481375158 0.0893674269 0.9683998823 -0.2328414470 0.0706588551 0.2270235419 0.9713225961
-25.2 -104.3 2850.4 0.9934892058 -0.1032569185 -0.0481375158 0.0893674269 0.9683998823 -0.2328414470 0.0706588551 0.2270235419 0.9713225961
-6.2 -292.3 2799.4 0.9942204952 -0.0976306275 -0.0446522050 0.0823458657 0.9603649974 -0.2663046718 0.0688819066 0.2610886395 0.9628540874
-166.8 -116.1 2840.7 -0.0684747994 -0.7088297009 -0.7020481825 0.6643198729 0.4926037788 -0.5621570945 0.7443052530 -0.5048781633 0.4371587336
-148.0 -298.9 2635.8 -0.2648424804 -0.7088961601 -0.6537007689 0.4772083461 0.4927235246 -0.7276645899 0.8379323483 -0.5046679378 0.2077970505
116.4 -92.5 2860.2 0.0451662205 0.6132487655 0.7885974646 -0.7498883605 0.5423676968 -0.3788202405 -0.6600208282 -0.5742501616 0.4843647778
127.5 -277.0 2697.9 -0.4207525253 0.6132487655 0.6685007811 -0.3909786344 0.5423676968 -0.7436215281 -0.8185982108 -0.5742501616 0.0115645779
-83.0 -482.4 2736.3 0.9467812181 0.2988873720 -0.1194642633 -0.1523199379 0.0890767723 -0.9843088984 -0.2835560143 0.9501219392 0.1298627257
-200.0 -517.3 2364.3 0.9467812181 0.2894527316 0.1407923847 -0.1523199379 0.7882367373 -0.5962226987 -0.2835560143 0.5430469513 0.7903771400
96.8 -469.3 2745.9 0.9995422363 -0.0238049701 -0.0186703522 -0.0201971736 -0.0656000823 -0.9976415634 0.0225240514 0.9975619912 -0.0660508499
109.3 -435.1 2224.9 0.9995422363 0.0165155642 -0.0253474806 -0.0201971736 0.9880736470 -0.1526516378 0.0225240514 0.1530937105 0.9879549742
-80.0 -421.4 2420.8 0 0 0 0 0 0 0 0 0
19.7 -377.1 2488.3 0 0 0 0 0 0 0 0 0
-309.0 -814.0 2159.9 0 0 0 0 0 0 0 0 0
103.0 -807.2 2167.3 0 0 0 0 0 0 0 0 0
-43.6 94.0 2902.1 9 0.9908256531 -0.0960086510 -0.0951149762 0.0684578046 0.9633708000 -0.2592880428 0.1165248826 0.2503978610 0.9611050487
-23.7 -105.8 2850.2 0.9908256531 -0.0960086510 -0.0951149762 0.0684578046 0.9633708000 -0.2592880428 0.1165248826 0.2503978610 0.9611050487
-6.5 -293.3 2796.4 0.9918215275 -0.0875213593 -0.0928979442 0.0580344796 0.9575124979 -0.2824921906 0.1136750355 0.2747905552 0.9547607899
-164.8 -114.1 2834.1 -0.0677731857 -0.6739563346 -0.7356559634 0.6762781739 0.5110775828 -0.5305163264 0.7335220575 -0.5334628224 0.4211446047
-145.9 -302.9 2629.2 -0.2834897339 -0.6819107533 -0.6742634773 0.4544461071 0.5236186385 -0.7206262946 0.8444597721 -0.5107066035 0.1614511907
117.4 -97.6 2866.3 0.0223084558 0.6157212853 0.7876482010 -0.7362509966 0.5431018472 -0.4037014842 -0.6763407588 -0.5709007978 0.4654411674
122.9 -278.3 2700.3 -0.4277830422 0.6157212853 0.6617317796 -0.3780602515 0.5431018472 -0.7497404814 -0.8210189342 -0.5709007978 0.0004499850
-76.9 -487.8 2742.1 0.9439837933 0.3069904149 -0.1210431606 -0.1416502446 0.0456707403 -0.9888626933 -0.2980432212 0.9506161809 0.0865977108
-197.0 -505.7 2370.2 0.9439837933 0.2875001431 0.1619821936 -0.1416502446 0.7963752747 -0.5879809856 -0.2980432212 0.5320997238 0.7924898267
102.7 -472.8 2754.5 0.9996920228 -0.0131757623 -0.0210296065 -0.0219255071 -0.0720120594 -0.9971627593 0.0116239935 0.9973167181 -0.0722787678
109.7 -434.6 2225.3 0.9996920228 0.0199706666 -0.0147315161 -0.0219255071 0.9888382554 -0.1473708004 0.0116239935 0.1476484090 0.9889715910
-73.1 -419.5 2412.6 0 0 0 0 0 0 0 0 0
13.4 -375.1 2490.1 0 0 0 0 0 0 0 0 0
-305.3 -805.5 2169.9 0 0 0 0 0 0 0 0 0
102.2 -807.1 2169.7 0 0 0 0 0 0 0 0 0
-44.0 92.9 2894.2 0 0.9953305125 -0.0830106735 -0.0492579378 0.0688077211 0.9680700302 -0.2410517633 0.0676949993 0.2365368456 0.9692614079
-26.9 -107.2 2845.3 0.9953305125 -0.0830106735 -0.0492579378 0.0688077211 0.9680700302 -0.2410517633 0.0676949993 0.2365368456 0.9692614079
-11.8 -295.1 2792.6 0.9959737659 -0.0766097829 -0.0465535447 0.0610388629 0.9598717093 -0.2737162113 0.0656547695 0.2697725892 0.9606832266
-168.5 -115.8 2836.0 -0.0787890255 -0.6988540888 -0.7109115720 0.6676233411 0.4925981462 -0.5582348704 0.7403184175 -0.5186039209 0.4277599752
-146.4 -303.6 2627.8 -0.3137675822 -0.6973052621 -0.6444495916 0.4469075799 0.4903858900 -0.7481946945 0.8377490640 -0.5227686763 0.1577638090
114.8 -98.5 2854.7 0.0558176339 0.5815939903 0.8115619421 -0.7478958964 0.5628526211 -0.3519213200 -0.6614651084 -0.5873204470 0.4663888812
128.2 -277.5 2696.4 -0.4479691088 0.5815939903 0.6790229082 -0.3810520172 0.5628526211 -0.7334823012 -0.8087787032 -0.5873204470 -0.0305230208
-78.8 -486.0 2732.3 0.9444285035 0.3143914640 -0.0959832743 -0.1288356483 0.0853911787 -0.9879826307 -0.3024171889 0.9454450607 0.1211506948
-201.8 -519.4 2362.5 0.9444285035 0.2821055353 0.1687342674 -0.1288356483 0.7899107337 -0.5995351672 -0.3024171889 0.5444791317 0.7823594809
100.2 -475.5 2752.8 0.9997174144 -0.0154348267 -0.0180794261 -0.0192212462 -0.0773515031 -0.9968186021 0.0139872516 0.9968844056 -0.0776263252
108.4 -434.4 2223.0 0.9997174144 0.0169904530 -0.0166260041 -0.0192212462 0.9892726541 -0.1448107511 0.0139872516 0.1450894028 0.9893196821
-65.9 -418.2 2412.9 0 0 0 0 0 0 0 0 0
13.5 -375.0 2489.3 0 0 0 0 0 0 0 0 0
-308.0 -816.8 2157.5 0 0 0 0 0 0 0 0 0
102.0 -807.0 2168.4 0 0 0 0 0 0 0 0 0
-41.9 92.9 2889.7 1 0.9969058037 -0.0753698573 -0.0223195571 0.0687258840 0.9735509753 -0.2178880721 0.0381514169 0.2156799585 0.9757184982
-26.4 -107.4 2845.4 0.9969058037 -0.0753698573 -0.0223195571 0.0687258840 0.9735509753 -0.2178880721 0.0381514169 0.2156799585 0.9757184982
-12.5 -296.4 2795.9 0.9973100424 -0.0706444904 -0.0195471570 0.0633598343 0.9649436474 -0.2546946108 0.0368546732 0.2527709603 0.9668239355
-168.4 -116.4 2840.1 -0.0754900351 -0.7143375278 -0.6957176924 0.6590692401 0.4878339469 -0.5724034905 0.7482840419 -0.5017368793 0.4339713156
-146.8 -305.1 2625.9 -0.3108089566 -0.7066059113 -0.6356932521 0.4554326534 0.4763211012 -0.7521298528 0.8342534900 -0.5232841372 0.1737665236
115.5 -98.4 2850.6 0.0499978252 0.5934869051 0.8032891750 -0.7498322725 0.5535925627 -0.3623352349 -0.6597361565 -0.5842161775 0.4726940691
127.8 -282.2 2688.9 -0.4459348321 0.5934869051 0.6700115204 -0.3780947626 0.5535925627 -0.7420105338 -0.8112869263 -0.5842161775 -0.0224719290
-86.6 -488.6 2733.9 0.9481434226 0.2987328470 -0.1085480675 -0.1339610666 0.0658871233 -0.9887938499 -0.2882333100 0.9520596266 0.1024890170
-203.5 -514.4 2361.3 0.9481434226 0.2734835148 0.1619591415 -0.1339610666 0.8059306741 -0.5766543150 -0.2882333100 0.5250548124 0.8007740378
93.1 -477.6 2745.7 0.9994199872 -0.0286573339 -0.0183983129 -0.0207443666 -0.0838451833 -0.9962628484 0.0270076282 0.9960666299 -0.0843910277
108.1 -433.7 2224.1 0.9994199872 0.0167117901 -0.0296724923 -0.0207443666 0.9897540212 -0.1412679702 0.0270076282 0.1418015659 0.9895266294
-67.0 -422.0 2411.8 0 0 0 0 0 0 0 0 0
13.6 -379.1 2481.1 0 0 0 0 0 0 0 0 0
-306.5 -817.8 2163.6 0 0 0 0 0 0 0 0 0
101.8 -806.5 2170.7 0 0 0 0 0 0 0 0 0
-44.1 92.8 2889.5 2 0.9966537356 -0.0778076053 -0.0250464827 0.0708510876 0.9751368761 -0.2099719197 0.0407611616 0.2074947357 0.9773865342
-28.1 -107.4 2846.9 0.9966537356 -0.0778076053 -0.0250464827 0.0708510876 0.9751368761 -0.2099719197 0.0407611616 0.2074947357 0.9773865342
-13.8 -296.6 2798.7 0.9970991611 -0.0728466362 -0.0220587440 0.0651101992 0.9664470553 -0.2484769374 0.0394193195 0.2463199049 0.9683865905
-170.2 -116.6 2841.3 -0.0822328255 -0.7141311765 -0.6951650381 0.6532741189 0.4881481826 -0.5787436962 0.7526424527 -0.5017250776 0.4263815880
-146.8 -302.6 2627.0 -0.3117437661 -0.7016470432 -0.6407083869 0.4755355716 0.4685730338 -0.7445167899 0.8226066828 -0.5367780924 0.1875834167
113.9 -98.1 2852.5 0.0233346187 0.6303195953 0.7759850025 -0.7474715114 0.5264446139 -0.4051449597 -0.6638839245 -0.5705727339 0.4834303260
119.7 -283.5 2687.9 -0.4290592074 0.6303195953 0.6469972134 -0.3762834072 0.5264446139 -0.7624086142 -0.8211692572 -0.5705727339 0.0113028893
-88.7 -491.0 2743.1 0.9507632256 0.2842496634 -0.1234964207 -0.1386338770 0.0336846896 -0.9897706509 -0.2771820426 0.9581583738 0.0714327991
-199.9 -504.2 2368.2 0.9507632256 0.2710849047 0.1502071917 -0.1386338770 0.8054816723 -0.5761770010 -0.2771820426 0.5269840956 0.8034039140
91.4 -479.6 2749.8 0.9993256330 -0.0312454961 -0.0192860253 -0.0219031125 -0.0857059211 -0.9960796833 0.0294700786 0.9958304167 -0.0863325000
107.9 -434.3 2223.2 0.9993256330 0.0170732699 -0.0325074643 -0.0219031125 0.9877404571 -0.1545609087 0.0294700786 0.1551686972 0.9874483347
-66.7 -424.7 2415.9 0 0 0 0 0 0 0 0 0
9.8 -379.9 2477.6 0 0 0 0 0 0 0 0 0
-302.0 -807.5 2169.8 0 0 0 0 0 0 0 0 0
101.5 -806.3 2164.8 0 0 0 0 0 0 0 0 0
-43.8 94.1 2898.4 3 0.9959786534 -0.0889037326 -0.0110765053 0.0837493464 0.9678065181 -0.2373533547 0.0318215117 0.2354712188 0.9713602066
-25.4 -106.2 2849.7 0.9959786534 -0.0889037326 -0.0110765053 0.0837493464 0.9678065181 -0.2373533547 0.0318215117 0.2354712188 0.9713602066
-9.9 -294.2 2797.4 0.9968148470 -0.0793100521 -0.0083676446 0.0741633996 0.9604469538 -0.2684053183 0.0293239187 0.2669298351 0.9632697105
-167.4 -116.8 2845.5 -0.0776639804 -0.7240611315 -0.6853493452 0.6465840936 0.4866729975 -0.5874336958 0.7588789463 -0.4887584448 0.4303694963
-145.2 -301.3 2628.9 -0.3096366823 -0.7105443478 -0.6318638325 0.4662729204 0.4656761289 -0.7521537542 0.8286824822 -0.5275154114 0.1871171743
116.6 -95.6 2853.9 -0.0003231750 0.6745642424 0.7382161021 -0.7584255338 0.4809741378 -0.4398347139 -0.6517596245 -0.5600240827 0.5114513040
116.5 -283.5 2692.4 -0.4242443144 0.6745642424 0.6041356325 -0.3682548702 0.4809741378 -0.7956457734 -0.8272877932 -0.5600240827 0.0443610251
-89.6 -491.8 2746.9 0.9508654475 0.2737160325 -0.1446874887 -0.1581636071 0.0277011339 -0.9870242476 -0.2661563456 0.9614115357 0.0696319640
-196.8 -502.6 2370.6 0.9508654475 0.2808554471 0.1302887052 -0.1581636071 0.8024173975 -0.5754221082 -0.2661563456 0.5265420675 0.8074120879
90.5 -480.0 2754.0 0.9992679358 -0.0335247628 -0.0184319466 -0.0212820563 -0.0867478997 -0.9960029721 0.0317918286 0.9956660271 -0.0873978734
108.3 -434.0 2226.1 0.9992679358 0.0159096569 -0.0347926579 -0.0212820563 0.9868945479 -0.1599567682 0.0317918286 0.1605801284 0.9865106940
-65.8 -421.0 2416.2 0 0 0 0 0 0 0 0 0
7.9 -377.8 2480.5 0 0 0 0 0 0 0 0 0
-302.5 -804.8 2172.3 0 0 0 0 0 0 0 0 0
102.3 -805.7 2165.6 0 0 0 0 0 0 0 0 0
-41.6 94.7 2894.3 4 0.9972597361 -0.0734622702 0.0087367641 0.0735729411 0.9724614024 -0.2211465389 0.0077497610 0.2211833298 0.9752014279
-26.4 -105.8 2848.7 0.9972597361 -0.0734622702 0.0087367641 0.0735729411 0.9724614024 -0.2211465389 0.0077497610 0.2211833298 0.9752014279
-13.6 -294.6 2798.4 0.9977909327 -0.0654653013 0.0112952329 0.0661681518 0.9641937017 -0.2568116784 0.0059214612 0.2569917440 0.9663954377
-168.6 -115.3 2847.9 -0.0727710351 -0.7304876447 -0.6790376902 0.6499094367 0.4817082286 -0.5878562331 0.7565197349 -0.4840918779 0.4396964014
-147.9 -300.1 2632.7 -0.3243134022 -0.7127854228 -0.6218984723 0.4599588513 0.4556567371 -0.7621120811 0.8265945911 -0.5332108736 0.1800763905
