46.7 8.2 3188.8 1 0.9981524348 0.0593338422 0.0130864056 -0.0407165438 0.8130513430 -0.5807664394 -0.0450990237 0.5791606307 0.8139650226
34.2 -162.4 3067.3 0.9981524348 0.0593338422 0.0130864056 -0.0407165438 0.8130513430 -0.5807664394 -0.0450990237 0.5791606307 0.8139650226
24.8 -319.6 2946.2 0.9988092780 0.0475124046 0.0110736182 -0.0308551863 0.7910409570 -0.6109846234 -0.0377890319 0.6099154353 0.7915650010
-111.6 -157.9 3072.8 -0.0000675413 -0.9792554975 0.2026293129 0.6092268229 0.1606439501 0.7765540481 -0.7929960489 0.1234996617 0.5965778828
-111.5 -383.8 3366.8 0.1367111951 -0.9717761874 -0.1922526509 -0.3440499306 0.1354151666 -0.9291352630 0.9289454818 0.1931677014 -0.3158267736
180.0 -166.9 3061.8 0.3812863231 0.4406442046 0.8126828671 -0.8128859997 0.5784713626 0.0677290857 -0.4402693212 -0.6864426732 0.5787567496
271.1 -361.1 2956.6 -0.8900481462 0.4406442046 0.1168202609 0.1820265055 0.5784713626 -0.7951334715 -0.4179481268 -0.6864426732 -0.5950762630
-72.5 -480.3 2834.5 0.9723770618 0.1913083494 -0.1337308735 -0.1303905100 -0.0300023742 -0.9910086393 -0.1936004758 0.9810713530 -0.0042288261
-156.4 -467.1 2404.3 0.9723770618 0.1382270455 0.1880853921 -0.1303905100 0.9900193214 -0.0534794107 -0.1936004758 0.0274776015 0.9806956053
110.5 -489.5 2832.5 0.9870498180 0.0717115328 0.1434924006 0.1460773498 -0.0321782827 -0.9887496829 -0.0662874132 0.9969062209 -0.0422369987
78.2 -475.0 2383.2 0.9870498180 -0.1425247490 0.0736159533 0.1460773498 0.9882335067 -0.0453418829 -0.0662874132 0.0555083230 0.9962553978
-147.6 -292.9 3121.5 0 0 0 0 0 0 0 0 0
38.2 -313.5 2847.2 0 0 0 0 0 0 0 0 0
-204.8 -813.8 2394.6 0 0 0 0 0 0 0 0 0
132.6 -852.6 2362.0 0 0 0 0 0 0 0 0 0
46.5 6.9 3187.8 2 0.9974954128 0.0590501204 0.0389360823 -0.0256277118 0.8148027062 -0.5791715980 -0.0659253746 0.5767231584 0.8142752647
34.1 -164.1 3066.8 0.9974954128 0.0590501204 0.0389360823 -0.0256277118 0.8148027062 -0.5791715980 -0.0659253746 0.5767231584 0.8142752647
23.6 -321.4 2945.8 0.9979446530 0.0525048785 0.0367384553 -0.0191586576 0.7915403843 -0.6108164787 -0.0611508153 0.6088571548 0.7909194231
-111.6 -161.3 3075.7 -0.0257490445 -0.9779117107 0.2074262798 0.6091876626 0.1491671056 0.7788707018 -0.7926079631 0.1464167088 0.5918908119
-102.0 -387.2 3369.6 0.1624223441 -0.9685099125 -0.1886995882 -0.3424296975 0.1240273193 -0.9313212037 0.9253976941 0.2158837169 -0.3115017414
179.7 -166.9 3057.9 0.4614936113 0.4268765450 0.7776889205 -0.7943302393 0.5891923308 0.1479588449 -0.3950482011 -0.6860238910 0.6109894514
295.2 -365.7 2959.0 -0.8967531323 0.4268765450 0.1166627333 0.1779350787 0.5891923308 -0.7881570458 -0.4051825404 -0.6860238910 -0.6043164134
-76.3 -474.0 2828.4 0.9729926586 0.1865977347 -0.1358917207 -0.1355165690 -0.0148255881 -0.9906641245 -0.1868703514 0.9823245406 0.0108618969
-157.5 -467.5 2400.7 0.9729926586 0.1397487074 0.1837268919 -0.1355165690 0.9901404381 -0.0354559720 -0.1868703514 0.0096003627 0.9823376536
106.8 -479.6 2821.5 0.9887754321 0.0610969141 0.1363463998 0.1372610778 -0.0110128401 -0.9904736876 -0.0590133257 0.9980710745 -0.0192754529
79.8 -474.7 2380.2 0.9887754321 -0.1337111294 0.0666671321 0.1372610778 0.9891771674 -0.0518452004 -0.0590133257 0.0604140610 0.9964274168
-144.9 -296.7 3125.1 0 0 0 0 0 0 0 0 0
59.0 -318.8 2852.2 0 0 0 0 0 0 0 0 0
-206.4 -813.8 2397.4 0 0 0 0 0 0 0 0 0
130.9 -852.7 2357.2 0 0 0 0 0 0 0 0 0
46.6 7.5 3187.8 3 0.9963778853 0.0632868260 0.0567972809 -0.0189137850 0.8161213994 -0.5775709152 -0.0829061046 0.5744046569 0.8143622875
33.3 -163.6 3067.4 0.9963778853 0.0632868260 0.0567972809 -0.0189137850 0.8161213994 -0.5775709152 -0.0829061046 0.5744046569 0.8143622875
21.7 -320.5 2946.1 0.9968356490 0.0582294241 0.0541108437 -0.0128631173 0.7899186611 -0.6130766869 -0.0784422681 0.6104406714 0.7881681323
-112.2 -161.7 3078.8 -0.0431426093 -0.9761192799 0.2129081637 0.6115204096 0.1427215338 0.7782501578 -0.7900515795 0.1637734324 0.5907595158
-96.2 -388.4 3371.7 0.1804730892 -0.9653654099 -0.1884120554 -0.3443527222 0.1174203157 -0.9314685464 0.9213309288 0.2329852134 -0.3112350106
178.8 -165.4 3056.0 0.5008103251 0.5970931649 0.6266328692 -0.8483981490 0.4820673168 0.2187045366 -0.1714922190 -0.6411636472 0.7479970455
301.9 -373.9 3013.8 -0.7884325385 0.5970931649 0.1478304416 0.2053805441 0.4820673168 -0.8517217636 -0.5798214674 -0.6411636472 -0.5027088523
-78.3 -476.9 2830.5 0.9739949107 0.1764032245 -0.1421823204 -0.1415234506 -0.0163764283 -0.9897994399 -0.1769322604 0.9841817617 0.0090146372
-155.0 -469.8 2402.6 0.9739949107 0.1461288631 0.1731481105 -0.1415234506 0.9891774058 -0.0387196876 -0.1769322604 0.0132082598 0.9841343760
104.6 -480.4 2819.3 0.9888845086 0.0575076640 0.1371142566 0.1379755437 -0.0112648224 -0.9903715849 -0.0554093868 0.9982815385 -0.0190742593
79.0 -475.4 2374.6 0.9888845086 -0.1362548470 0.0595152676 0.1379755437 0.9900993109 -0.0258092470 -0.0554093868 0.0337340161 0.9978936911
-143.9 -297.5 3128.4 0 0 0 0 0 0 0 0 0
109.9 -323.9 2872.6 0 0 0 0 0 0 0 0 0
-205.8 -813.5 2398.0 0 0 0 0 0 0 0 0 0
131.0 -853.6 2361.7 0 0 0 0 0 0 0 0 0
48.1 5.7 3188.8 4 0.9973838329 0.0709008425 0.0140920151 -0.0497663394 0.8148629069 -0.5775133967 -0.0524292514 0.5753012300 0.8162595630
33.1 -166.6 3067.1 0.9973838329 0.0709008425 0.0140920151 -0.0497663394 0.8148629069 -0.5775133967 -0.0524292514 0.5753012300 0.8162595630
21.1 -323.7 2946.0 0.9980895519 0.0607347265 0.0113352695 -0.0411594994 0.7904574871 -0.6111324430 -0.0460770093 0.6094983816 0.7914471626
-112.5 -160.6 3073.8 -0.0003601778 -0.9764866233 0.2155778259 0.6092612743 0.1707323790 0.7743714452 -0.7929694653 0.1316221207 0.5948739648
-112.4 -386.5 3367.8 0.1408571452 -0.9686901569 -0.2044470608 -0.3455202281 0.1454219222 -0.9270750880 0.9277796149 0.2012257427 -0.3142183125
178.8 -172.6 3060.4 0.4678482115 0.7744407654 0.4258633256 -0.8832361102 0.3923439980 0.2568271458 0.0318124704 -0.4962939918 0.8675714731
285.8 -374.6 3067.7 -0.5955439210 0.7744407654 0.2134689093 0.1874143332 0.3923439980 -0.9005231857 -0.7811551094 -0.4962939918 -0.3787993789
-81.3 -476.3 2832.0 0.9757771492 0.1723494977 -0.1347390264 -0.1341386437 -0.0151799405 -0.9908462763 -0.1728171855 0.9849188924 0.0083064875
-157.1 -469.7 2398.5 0.9757771492 0.1374212354 0.1702185571 -0.1341386437 0.9904871583 -0.0306931697 -0.1728171855 0.0071168076 0.9849281907
101.5 -478.7 2817.6 0.9887920618 0.0517113730 0.1400577128 0.1402482837 -0.0000570812 -0.9901163578 -0.0511922836 0.9986620545 -0.0073088729
78.8 -478.7 2379.7 0.9887920618 -0.1376915574 0.0577171259 0.1402482837 0.9891884923 -0.0428554453 -0.0511922836 0.0504698530 0.9974127412
-149.6 -295.3 3122.7 0 0 0 0 0 0 0 0 0
142.7 -329.6 2880.1 0 0 0 0 0 0 0 0 0
-205.1 -815.2 2396.0 0 0 0 0 0 0 0 0 0
131.4 -856.5 2360.5 0 0 0 0 0 0 0 0 0
48.8 5.7 3187.8 5 0.9967647791 0.0709189773 0.0378222689 -0.0369217061 0.8220067620 -0.5682795644 -0.0713919625 0.5650445819 0.8219658136
33.9 -166.5 3069.4 0.9967647791 0.0709189773 0.0378222689 -0.0369217061 0.8220067620 -0.5682795644 -0.0713919625 0.5650445819 0.8219658136
20.5 -324.7 2950.0 0.9971120954 0.0675274208 0.0347488336 -0.0328617729 0.7961533666 -0.6042018533 -0.0684655905 0.6013150811 0.7960732579
-111.6 -161.7 3079.4 -0.0237949342 -0.9747254252 0.2221353799 0.6024132967 0.1633465588 0.7812913060 -0.7978295684 0.1524080783 0.5833007693
-102.8 -385.1 3375.2 0.1649653167 -0.9651250243 -0.2032736689 -0.3363128304 0.1387026906 -0.9314801097 0.9271893501 0.2220254540 -0.3017027676
179.4 -171.3 3059.4 0.4864953458 0.6575965881 0.5752295256 -0.8598373532 0.4771183729 0.1817630082 -0.1549258232 -0.5830307007 0.7975419760
284.2 -356.6 3026.0 -0.6807018518 0.6575965881 0.3228183687 0.0446787365 0.4771183729 -0.8777025938 -0.7311968207 -0.5830307007 -0.3541559279
-82.4 -477.0 2829.1 0.9753194451 0.1724062413 -0.1379421055 -0.1367690861 -0.0187226385 -0.9904260039 -0.1733382642 0.9848479629 0.0053192894
-157.9 -468.8 2397.9 0.9753194451 0.1392794102 0.1713277102 -0.1367690861 0.9902503490 -0.0264284834 -0.1733382642 0.0023438814 0.9848595858
100.4 -484.5 2820.7 0.9891381860 0.0474242233 0.1391278058 0.1396400034 -0.0076479539 -0.9901728034 -0.0458941348 0.9988455772 -0.0141872019
79.5 -481.2 2380.6 0.9891381860 -0.1372321397 0.0526587330 0.1396400034 0.9891729951 -0.0451385677 -0.0458941348 0.0520015508 0.9975919127
-146.4 -296.3 3130.3 0 0 0 0 0 0 0 0 0
116.4 -345.6 2845.8 0 0 0 0 0 0 0 0 0
-206.6 -814.6 2397.1 0 0 0 0 0 0 0 0 0
132.0 -859.1 2360.7 0 0 0 0 0 0 0 0 0
47.1 4.1 3188.3 6 0.9979743958 0.0633946657 -0.0053149937 -0.0549994707 0.8177841306 -0.5728911161 -0.0319717228 0.5720229745 0.8196142912
33.8 -166.8 3068.8 0.9979743958 0.0633946657 -0.0053149937 -0.0549994707 0.8177841306 -0.5728911161 -0.0319717228 0.5720229745 0.8196142912
22.2 -325.0 2949.2 0.9982547760 0.0585699938 -0.0075488742 -0.0512884483 0.7965009809 -0.6024580002 -0.0292732771 0.6017937660 0.7981148958
-111.8 -159.3 3073.0 0.0185283758 -0.9767749906 0.2134650797 0.6004644036 0.1815814227 0.7787622809 -0.7994368076 0.1137489900 0.5898830295
-118.7 -381.9 3369.5 0.1223401427 -0.9703612328 -0.2084033638 -0.3366216123 0.1569652110 -0.9284653068 0.9336588383 0.1837416589 -0.3074414134
179.5 -174.2 3064.5 0.4996002018 0.5648213029 0.6567926407 -0.8234019279 0.5451591611 0.1575143784 -0.2690890431 -0.6194985509 0.7374365330
283.5 -345.6 3008.5 -0.7129345536 0.5648213029 0.4155733585 -0.0556877442 0.5451591611 -0.8364809752 -0.6990158558 -0.6194985509 -0.3572091758
-84.3 -479.9 2836.8 0.9771062732 0.1666587442 -0.1322427541 -0.1306316853 -0.0206416175 -0.9912160635 -0.1679245234 0.9857985377 0.0016018570
-157.4 -470.9 2404.7 0.9771062732 0.1369818747 0.1627859026 -0.1306316853 0.9902122021 -0.0491448082 -0.1679245234 0.0267547052 0.9854367375
98.4 -486.0 2824.2 0.9891412258 0.0435033105 0.1403820068 0.1409460902 -0.0101669151 -0.9899650812 -0.0416395068 0.9990015626 -0.0161881354
79.1 -481.4 2380.8 0.9891412258 -0.1382156461 0.0499608144 0.1409460902 0.9884308577 -0.0560233593 -0.0416395068 0.0624567978 0.9971786737
-151.0 -293.0 3122.9 0 0 0 0 0 0 0 0 0
104.0 -359.7 2832.5 0 0 0 0 0 0 0 0 0
-204.5 -811.6 2395.5 0 0 0 0 0 0 0 0 0
131.9 -859.1 2357.0 0 0 0 0 0 0 0 0 0
47.5 4.5 3187.5 7 0.9978430867 0.0607112311 0.0249655824 -0.0357700102 0.8217700124 -0.5686954856 -0.0550421700 0.5665758252 0.8221691847
34.8 -167.4 3069.0 0.9978430867 0.0607112311 0.0249655824 -0.0357700102 0.8217700124 -0.5686954856 -0.0550421700 0.5665758252 0.8221691847
22.9 -325.8 2949.6 0.9979721308 0.0595794804 0.0224023927 -0.0340335518 0.7968741059 -0.6031860113 -0.0537893958 0.6012004018 0.7972858548
-110.9 -162.4 3076.8 -0.0114258947 -0.9766750336 0.2144185156 0.6013832688 0.1646048725 0.7818205953 -0.7988789678 0.1378807127 0.5854752660
-106.6 -385.4 3373.0 0.1509774029 -0.9681239128 -0.1998547614 -0.3352651894 0.1400426924 -0.9316573143 0.9299479127 0.2076635510 -0.3034349680
180.4 -172.4 3061.2 0.4986527562 0.5424107313 0.6761183739 -0.8068097234 0.5755806565 0.1332854629 -0.3168652058 -0.6119620204 0.7246370912
286.4 -343.8 2993.8 -0.7144787908 0.5424107313 0.4419396818 -0.0671434477 0.5755806565 -0.8149838448 -0.6964278817 -0.6119620204 -0.3748208582
-80.8 -478.6 2832.4 0.9748385549 0.1757169068 -0.1371616721 -0.1353879571 -0.0221012961 -0.9905461073 -0.1770871580 0.9841926098 0.0022447556
-156.6 -469.1 2408.2 0.9748385549 0.1425484717 0.1713758707 -0.1353879571 0.9893832207 -0.0528293513 -0.1770871580 0.0282978639 0.9837882519
102.0 -488.0 2827.0 0.9880322814 0.0523740351 0.1450834572 0.1460708976 -0.0155252032 -0.9891523123 -0.0495534465 0.9985068440 -0.0229897238
78.5 -481.1 2379.1 0.9880322814 -0.1428130269 0.0582811423 0.1460708976 0.9876829386 -0.0560862459 -0.0495534465 0.0639281943 0.9967234731
-146.5 -296.9 3127.4 0 0 0 0 0 0 0 0 0
103.6 -361.0 2815.7 0 0 0 0 0 0 0 0 0
-206.5 -815.4 2398.3 0 0 0 0 0 0 0 0 0
133.1 -858.5 2354.7 0 0 0 0 0 0 0 0 0
47.5 3.9 3187.6 8 0.9972841144 0.0661470518 0.0323885046 -0.0364633910 0.8255169392 -0.5631982088 -0.0639911592 0.5604876280 0.8256868124
33.7 -168.1 3070.8 0.9972841144 0.0661470518 0.0323885046 -0.0364633910 0.8255169392 -0.5631982088 -0.0639911592 0.5604876280 0.8256868124
20.9 -326.7 2951.8 0.9975071549 0.0641889721 0.0293123573 -0.0336842947 0.7981476784 -0.6015194654 -0.0620065033 0.5990325809 0.7983202338
-111.9 -163.2 3079.9 -0.0183486063 -0.9755749106 0.2188992649 0.5997184515 0.1644396931 0.7831330299 -0.8000006676 0.1456473321 0.5820530653
-105.1 -385.6 3376.5 0.1588564068 -0.9664327502 -0.2019217610 -0.3332644999 0.1400263608 -0.9323772788 0.9293543100 0.2154074609 -0.2998336256
179.3 -173.0 3061.8 0.4948922694 0.5102305412 0.7033821940 -0.7920840383 0.5977469683 0.1236987859 -0.3573296666 -0.6183553934 0.6999658346
285.0 -342.2 2985.5 -0.7183516622 0.5102305412 0.4729013741 -0.0991420969 0.5977469683 -0.7955309153 -0.6885794997 -0.6183553934 -0.3788072169
-80.3 -481.0 2835.0 0.9747654796 0.1757128686 -0.1376855224 -0.1352995336 -0.0255462639 -0.9904753566 -0.1775566190 0.9841099381 -0.0011277464
-157.5 -469.8 2402.7 0.9747654796 0.1405554414 0.1734257191 -0.1352995336 0.9899215698 -0.0418251306 -0.1775566190 0.0173052717 0.9839584231
102.5 -487.2 2825.2 0.9885658026 0.0520491265 0.1415220946 0.1424209177 -0.0139665660 -0.9897076488 -0.0495368429 0.9985468388 -0.0212197546
79.3 -481.0 2379.7 0.9885658026 -0.1393457949 0.0576226115 0.1424209177 0.9883744121 -0.0532192253 -0.0495368429 0.0608173721 0.9969189167
-147.1 -297.6 3131.0 0 0 0 0 0 0 0 0 0
99.9 -367.7 2808.1 0 0 0 0 0 0 0 0 0
-206.6 -815.1 2396.6 0 0 0 0 0 0 0 0 0
132.5 -858.7 2356.5 0 0 0 0 0 0 0 0 0
47.6 2.7 3187.2 9 0.9972898364 0.0683721974 0.0271701645 -0.0409066975 0.8222504854 -0.5676537156 -0.0611524135 0.5650038123 0.8228189349
33.4 -168.2 3069.8 0.9972898364 0.0683721974 0.0271701645 -0.0409066975 0.8222504854 -0.5676537156 -0.0611524135 0.5650038123 0.8228189349
20.1 -326.7 2950.8 0.9974777102 0.0666734651 0.0243498255 -0.0386530235 0.7979443669 -0.6014903784 -0.0595332533 0.5990320444 0.7985088229
-112.2 -162.5 3078.5 -0.0133910393 -0.9751027822 0.2213487327 0.5996345878 0.1693153530 0.7821576595 -0.8001618385 0.1432022601 0.5824380517
-107.2 -384.9 3375.2 0.1549009979 -0.9662544727 -0.2058106065 -0.3338549733 0.1448715180 -0.9314253330 0.9298099279 0.2129895985 -0.3001480997
179.1 -173.8 3061.1 0.4849260449 0.4944659472 0.7213529944 -0.7881419659 0.6045775414 0.1154047698 -0.3790500760 -0.6244913340 0.6828847528
282.5 -341.9 2980.3 -0.7225022912 0.4944659472 0.4832120538 -0.1135332435 0.6045775414 -0.7884137630 -0.6819828749 -0.6244913340 -0.3806703091
-83.3 -482.3 2838.5 0.9761218429 0.1668042690 -0.1391489655 -0.1358745992 -0.0309410505 -0.9902427793 -0.1694821417 0.9855044484 -0.0075377733
-157.3 -468.5 2401.2 0.9761218429 0.1407847106 0.1654260159 -0.1358745992 0.9898900986 -0.0406902507 -0.1694821417 0.0172414519 0.9853824377
99.6 -488.4 2827.1 0.9897643328 0.0450166538 0.1354253292 0.1364188939 -0.0197705850 -0.9904539585 -0.0419094823 0.9987905622 -0.0257093422
79.4 -479.6 2379.8 0.9897643328 -0.1349434257 0.0464412495 0.1364188939 0.9901906252 -0.0302067678 -0.0419094823 0.0362330452 0.9984642267
-148.1 -296.7 3129.6 0 0 0 0 0 0 0 0 0
95.5 -371.2 2803.8 0 0 0 0 0 0 0 0 0
-205.7 -808.5 2395.3 0 0 0 0 0 0 0 0 0
131.0 -857.9 2365.9 0 0 0 0 0 0 0 0 0
48.7 5.4 3188.0 0 0.9966336489 0.0743540451 0.0345373489 -0.0421882831 0.8263427019 -0.5615851283 -0.0702958107 0.5582376122 0.8266978264
33.2 -166.5 3071.9 0.9966336489 0.0743540451 0.0345373489 -0.0421882831 0.8263427019 -0.5615851283 -0.0702958107 0.5582376122 0.8266978264
18.5 -325.9 2954.1 0.9967811704 0.0737630576 0.0314046815 -0.0405663364 0.8019418120 -0.5960232019 -0.0691492260 0.5928307772 0.8023528457
-112.3 -160.6 3081.9 -0.0204655230 -0.9733890295 0.2282431573 0.5941395760 0.1717668176 0.7858080864 -0.8041015267 0.1516902745 0.5748136640
-104.7 -380.9 3380.1 0.1636375785 -0.9638839960 -0.2101200670 -0.3276888430 0.1477899551 -0.9331549406 0.9305067062 0.2215532213 -0.2916700244
178.8 -172.4 3061.8 0.4820053279 0.4947082698 0.7231421471 -0.7847226262 0.6108624339 0.1051546708 -0.3897195160 -0.6181511283 0.6826477051
282.5 -341.4 2977.9 -0.7162936330 0.4947082698 0.4921251833 -0.1161776111 0.6108624339 -0.7831665277 -0.6880597472 -0.6181511283 -0.3800828457
-84.6 -481.7 2837.2 0.9767671824 0.1616359055 -0.1407115161 -0.1372500509 -0.0324418657 -0.9900050163 -0.1645852923 0.9863170981 -0.0095036142
-155.9 -467.4 2402.1 0.9767671824 0.1423322558 0.1602105647 -0.1372500509 0.9896280766 -0.0424108319 -0.1645852923 0.0194365997 0.9861713052
98.3 -488.8 2826.3 0.9872729182 0.0474387370 0.1517949253 0.1528165638 -0.0186861698 -0.9880778790 -0.0440367013 0.9986993670 -0.0256977733
77.0 -480.4 2376.9 0.9872729182 -0.1518919021 0.0471273400 0.1528165638 0.9881141186 -0.0166598018 -0.0440367013 0.0236496087 0.9987499714
-147.9 -294.3 3134.3 0 0 0 0 0 0 0 0 0
96.8 -371.5 2799.5 0 0 0 0 0 0 0 0 0
-205.3 -810.9 2395.3 0 0 0 0 0 0 0 0 0
135.0 -857.9 2367.8 0 0 0 0 0 0 0 0 0
47.8 4.0 3188.4 1 0.9964628220 0.0745581090 0.0387669392 -0.0397213213 0.8244259357 -0.5645743012 -0.0740540624 0.5610374212 0.8244713545
32.3 -167.3 3071.8 0.9964628220 0.0745581090 0.0387669392 -0.0397213213 0.8244259357 -0.5645743012 -0.0740540624 0.5610374212 0.8244713545
18.1 -326.4 2953.6 0.9968314171 0.0710471645 0.0357682966 -0.0356074460 0.8006733060 -0.5980421305 -0.0711279139 0.5948735476 0.8006661534
-113.2 -162.1 3082.2 -0.0248235762 -0.9739110470 0.2255683541 0.5962156057 0.1666938215 0.7853280306 -0.8024404645 0.1539820284 0.5765230060
-104.0 -383.2 3379.7 0.1669584811 -0.9641596079 -0.2062065750 -0.3294268250 0.1425731480 -0.9333546162 0.9293023348 0.2237614542 -0.2938162386
177.9 -172.5 3061.5 0.4769416153 0.4893356860 0.7301214337 -0.7837519646 0.6127573252 0.1012981161 -0.3978184462 -0.6205474138 0.6757673025
281.0 -341.9 2975.5 -0.7192265987 0.4893356860 0.4932176769 -0.1188732684 0.6127573252 -0.7812794447 -0.6845306754 -0.6205474138 -0.3825424314
-87.5 -481.5 2842.6 0.9779976010 0.1538915485 -0.1408479065 -0.1370596290 -0.0350087546 -0.9899439812 -0.1572749168 0.9874673486 -0.0131461592
-156.6 -465.8 2399.5 0.9779976010 0.1410389543 0.1537164748 -0.1370596290 0.9898996949 -0.0362383761 -0.1572749168 0.0143727241 0.9874502420
95.3 -488.9 2830.0 0.9903872013 0.0333022960 0.1342541873 0.1350312978 -0.0222907923 -0.9905905724 -0.0299963094 0.9991967082 -0.0265733674
80.2 -478.9 2377.9 0.9903872013 -0.1336950511 0.0354804322 0.1350312978 0.9900972843 -0.0383916236 -0.0299963094 0.0428135432 0.9986326694
-148.1 -296.1 3134.2 0 0 0 0 0 0 0 0 0
94.3 -372.8 2797.8 0 0 0 0 0 0 0 0 0
-205.6 -809.9 2394.5 0 0 0 0 0 0 0 0 0
131.3 -857.0 2361.5 0 0 0 0 0 0 0 0 0
48.9 7.9 3189.1 2 0.9974191785 0.0657277033 -0.0288932826 -0.0703795701 0.8154556155 -0.5745248795 -0.0142010134 0.5750756264 0.8179769516
35.0 -163.9 3067.9 0.9974191785 0.0657277033 -0.0288932826 -0.0703795701 0.8154556155 -0.5745248795 -0.0142010134 0.5750756264 0.8179769516
24.5 -320.5 2946.2 0.9980461597 0.0538403168 -0.0317027494 -0.0619701780 0.7882652283 -0.6122071743 -0.0079712560 0.6129756570 0.7900615931
-110.4 -154.8 3069.1 0.0426866412 -0.9770347476 0.2087604403 0.6101087332 0.1909577101 0.7689619660 -0.7911669612 0.0945421606 0.6042487621
-126.3 -381.1 3362.5 0.0980187580 -0.9724367857 -0.2115633041 -0.3495297730 0.1654042900 -0.9222095013 0.9317839146 0.1643415093 -0.3236829042
180.5 -173.0 3066.7 0.4604250789 0.4603571892 0.7589993477 -0.7802456021 0.6176372170 0.0986969173 -0.4233504236 -0.6376484036 0.6435673237
280.0 -341.7 2975.1 -0.7384747863 0.4603571892 0.4926725924 -0.1321944147 0.6176372170 -0.7752734423 -0.6611956358 -0.6376484036 -0.3952528536
-87.4 -482.2 2842.0 0.9782953262 0.1569669098 -0.1352760047 -0.1300565749 -0.0431076847 -0.9905690551 -0.1613179892 0.9866626263 -0.0217574704
-156.9 -463.1 2404.9 0.9782953262 0.1363533437 0.1560319513 -0.1300565749 0.9902487993 -0.0499256514 -0.1613179892 0.0285490509 0.9864894748
95.4 -488.7 2828.9 0.9890065789 0.0385321677 0.1427630037 0.1437578797 -0.0244039577 -0.9893119335 -0.0346363522 0.9989593029 -0.0296749771
78.1 -477.8 2380.5 0.9890065789 -0.1415595114 0.0427423455 0.1437578797 0.9881556034 -0.0536858067 -0.0346363522 0.0592401624 0.9976426959
-152.2 -288.7 3116.3 0 0 0 0 0 0 0 0 0
88.4 -376.0 2803.5 0 0 0 0 0 0 0 0 0
-204.6 -809.0 2394.9 0 0 0 0 0 0 0 0 0
132.2 -855.3 2357.9 0 0 0 0 0 0 0 0 0
49.0 7.1 3187.9 3 0.9974088669 0.0712996647 -0.0095841074 -0.0642424822 0.8227760196 -0.5647233725 -0.0323790163 0.5638758540 0.8252245784
34.1 -165.4 3069.6 0.9974088669 0.0712996647 -0.0095841074 -0.0642424822 0.8227760196 -0.5647233725 -0.0323790163 0.5638758540 0.8252245784
21.5 -323.8 2950.5 0.9978775978 0.0638904050 -0.0125843780 -0.0586258620 0.7973382473 -0.6006785631 -0.0283435918 0.6001414061 0.7993915677
-111.4 -156.8 3073.8 0.0235501155 -0.9755164981 0.2186616063 0.5986021757 0.1889391840 0.7784455419 -0.8007002473 0.1125588268 0.5883958340
-120.2 -378.8 3370.7 0.1191300303 -0.9693388343 -0.2149191350 -0.3355066776 0.1644266546 -0.9275770187 0.9344748855 0.1826090813 -0.3056314886
179.6 -174.0 3065.5 0.4616796076 0.4642113745 0.7558834553 -0.7787808180 0.6200833917 0.0948525444 -0.4246791303 -0.6324590445 0.6477987766
279.4 -342.4 2973.7 -0.7463919520 0.4642113745 0.4768719375 -0.1105829775 0.6200833917 -0.7767032981 -0.6562548876 -0.6324590445 -0.4114913940
-77.4 -471.4 2825.3 0.9743470550 0.1850540787 -0.1280732304 -0.1276633739 -0.0141788423 -0.9917162061 -0.1853370517 0.9826260209 0.0098095154
-156.6 -465.4 2404.5 0.9743470550 0.1349466443 0.1801031977 -0.1276633739 0.9904801250 -0.0514900871 -0.1853370517 0.0271766335 0.9822991490
105.3 -482.9 2823.8 0.9894968867 0.0557017736 0.1333910674 0.1343498528 -0.0138215609 -0.9908375740 -0.0533477366 0.9983517528 -0.0211599171
80.4 -476.7 2377.9 0.9894968867 -0.1320732832 0.0587580800 0.1343498528 0.9902567267 -0.0366300121 -0.0533477366 0.0441394225 0.9975999594
-151.6 -290.2 3123.9 0 0 0 0 0 0 0 0 0
85.6 -371.1 2803.3 0 0 0 0 0 0 0 0 0
-203.9 -812.5 2395.0 0 0 0 0 0 0 0 0 0
130.8 -855.0 2361.1 0 0 0 0 0 0 0 0 0
47.3 6.1 3187.8 4 0.9964143038 0.0817906559 0.0216531828 -0.0549010113 0.8197535276 -0.5700789690 -0.0643774047 0.5668460727 0.8213045001
30.2 -165.8 3068.9 0.9964143038 0.0817906559 0.0216531828 -0.0549010113 0.8197535276 -0.5700789690 -0.0643774047 0.5668460727 0.8213045001
15.3 -324.1 2949.8 0.9969942570 0.0752317011 0.0185094271 -0.0489304587 0.7966619134 -0.6024413705 -0.0600684434 0.5997248888 0.7979484797
-115.3 -158.7 3077.7 -0.0075712712 -0.9732256532 0.2297269255 0.6004736423 0.1792773008 0.7792888284 -0.7996087074 0.1438451707 0.5830390453
-112.5 -381.4 3374.2 0.1518910229 -0.9645967484 -0.2155973166 -0.3362931609 0.1546791941 -0.9289678335 0.9294278026 0.2136057764 -0.3008929193
175.6 -173.0 3060.1 0.4850049317 0.4424974322 0.7542985082 -0.7734748125 0.6195214391 0.1339025050 -0.4080525935 -0.6483742595 0.6427315474
284.1 -346.0 2968.9 -0.7900950909 0.4424974322 0.4242001474 -0.0726768672 0.6195214391 -0.7816081047 -0.6086606383 -0.6483742595 -0.4573215246
-82.5 -476.9 2833.9 0.9769856930 0.1725402474 -0.1254146695 -0.1241947711 -0.0178911276 -0.9920965433 -0.1734203845 0.9848399758 0.0039492208
-157.6 -469.1 2405.6 0.9769856930 0.1313034296 0.1681022942 -0.1241947711 0.9908853769 -0.0521714091 -0.1734203845 0.0300932918 0.9843879938
100.3 -487.7 2828.7 0.9882100224 0.0490906984 0.1450207531 0.1463704854 -0.0250986982 -0.9889113903 -0.0449065194 0.9984789491 -0.0319882147
78.1 -476.4 2378.0 0.9882100224 -0.1441632807 0.0515544750 0.1463704854 0.9883401990 -0.0419443771 -0.0449065194 0.0489959046 0.9977889657
-152.6 -292.5 3128.7 0 0 0 0 0 0 0 0 0
79.4 -364.8 2811.2 0 0 0 0 0 0 0 0 0
-203.1 -812.6 2395.1 0 0 0 0 0 0 0 0 0
133.2 -854.0 2359.3 0 0 0 0 0 0 0 0 0
47.4 6.5 3187.3 5 0.9956296086 0.0838854611 0.0410478041 -0.0465244688 0.8266251683 -0.5608264804 -0.0809763372 0.5564656854 0.8269152045
29.9 -165.6 3071.4 0.9956296086 0.0838854611 0.0410478041 -0.0465244688 0.8266251683 -0.5608264804 -0.0809763372 0.5564656854 0.8269152045
14.0 -325.0 2953.9 0.9960955381 0.0799148455 0.0375136659 -0.0418919250 0.8019179106 -0.5959637165 -0.0777092353 0.5920652747 0.8021346331
-115.5 -159.5 3082.8 -0.0265924390 -0.9718215466 0.2342129350 0.5940654278 0.1730717272 0.7855777740 -0.8039770722 0.1600282341 0.5727232099
-105.6 -379.8 3380.9 0.1711973995 -0.9617479444 -0.2138511539 -0.3277882338 0.1490910649 -0.9329130054 0.9291105270 0.2298101783 -0.2897256613
175.3 -171.8 3060.1 0.4850462079 0.4613959193 0.7428620458 -0.7838724852 0.6059671044 0.1354540139 -0.3876520097 -0.6480105519 0.6555976272
283.3 -346.4 2973.7 -0.7841969728 0.4613959193 0.4149083793 -0.0630287528 0.6059671044 -0.7929888368 -0.6173025966 -0.6480105519 -0.4461163282
-91.0 -478.0 2836.3 0.9792925119 0.1425935328 -0.1437124610 -0.1415781975 -0.0250559282 -0.9896099567 -0.1447128206 0.9894641638 -0.0043489477
-153.0 -467.1 2405.9 0.9792925119 0.1461747289 0.1400683224 -0.1415781975 0.9890232682 -0.0422918089 -0.1447128206 0.0215854328 0.9892382026
91.7 -487.0 2825.2 0.9889147282 0.0311671980 0.1451768577 0.1459816396 -0.0253079217 -0.9889635444 -0.0271490980 0.9991937280 -0.0295772143
77.8 -475.7 2379.0 0.9889147282 -0.1445409656 0.0339944847 0.1459816396 0.9882813096 -0.0446033776 -0.0271490980 0.0490715094 0.9984261990
-150.8 -293.2 3135.5 0 0 0 0 0 0 0 0 0
79.9 -362.7 2813.6 0 0 0 0 0 0 0 0 0
-204.4 -815.2 2398.3 0 0 0 0 0 0 0 0 0
133.0 -853.3 2360.3 0 0 0 0 0 0 0 0 0
46.0 5.5 3188.0 6 0.9960114360 0.0769521222 0.0451624393 -0.0373552032 0.8192921281 -0.5721582174 -0.0810300186 0.5681890249 0.8188988566
29.9 -165.8 3069.2 0.9960114360 0.0769521222 0.0451624393 -0.0373552032 0.8192921281 -0.5721582174 -0.0810300186 0.5681890249 0.8188988566
15.0 -324.4 2950.5 0.9963147640 0.0745359808 0.0424408168 -0.0341155529 0.7983544469 -0.6012206674 -0.0786953866 0.5975571871 0.7979551554
-115.5 -160.8 3080.7 -0.0315074809 -0.9729319215 0.2289340496 0.5994145870 0.1648945212 0.7832700610 -0.7998183966 0.1619052738 0.5779941678
-103.9 -383.1 3377.3 0.1742696017 -0.9626321197 -0.2072908878 -0.3329676688 0.1405045986 -0.9324113727 0.9266944528 0.2315121293 -0.2960397005
175.3 -170.8 3057.7 0.5058218837 0.4519297183 0.7347814441 -0.7800760269 0.6032741666 0.1659568250 -0.3682738245 -0.6571299434 0.6576887965
290.6 -348.6 2973.8 -0.8029734492 0.4519297183 0.3885783255 -0.0457748361 0.6032741666 -0.7962191701 -0.5942543745 -0.6571299434 -0.4637261331
-93.1 -480.5 2843.4 0.9797581434 0.1362370849 -0.1466744095 -0.1437867135 -0.0308543630 -0.9891275764 -0.1392814070 0.9901956916 -0.0106407320
-153.3 -466.8 2405.6 0.9797581434 0.1482725441 0.1344960183 -0.1437867135 0.9886944294 -0.0425293446 -0.1392814070 0.0223297309 0.9900010228
89.5 -488.2 2829.1 0.9902953506 0.0207612831 0.1374193430 0.1378334016 -0.0200317316 -0.9902528524 -0.0178061724 0.9995837808 -0.0226989295
80.1 -479.2 2380.0 0.9902953506 -0.1369138956 0.0238681510 0.1378334016 0.9895451665 -0.0424532592 -0.0178061724 0.0453310944 0.9988133311
-149.9 -295.1 3132.5 0 0 0 0 0 0 0 0 0
82.2 -360.5 2819.6 0 0 0 0 0 0 0 0 0
-205.6 -815.6 2397.7 0 0 0 0 0 0 0 0 0
132.5 -857.3 2362.7 0 0 0 0 0 0 0 0 0
45.3 7.2 3187.9 7 0.9953648448 0.0721485987 0.0635876060 -0.0229304284 0.8201732039 -0.5716555715 -0.0933969989 0.5675477386 0.8180260062
30.2 -163.7 3069.6 0.9953648448 0.0721485987 0.0635876060 -0.0229304284 0.8201732039 -0.5716555715 -0.0933969989 0.5675477386 0.8180260062
17.1 -321.4 2949.4 0.9959933758 0.0659096837 0.0604405366 -0.0155840097 0.7934480906 -0.6084383726 -0.0880584121 0.6050587296 0.7912961841
-115.2 -161.4 3082.4 -0.0494946204 -0.9741613269 0.2203633189 0.6068460941 0.1459070146 0.7813123465 -0.7932767868 0.1723973751 0.5839443803
-96.8 -386.4 3376.6 0.1886843145 -0.9627892375 -0.1934815794 -0.3392029107 0.1209989712 -0.9328990579 0.9215962291 0.2416529357 -0.3037503064
175.6 -166.0 3056.8 0.5010626316 0.4162704647 0.7587194443 -0.7771444917 0.6021732688 0.1828490347 -0.3807659149 -0.6812534332 0.6252288222
294.6 -350.6 2966.4 -0.8502837420 0.4162704647 0.3220814168 -0.0075975368 0.6021732688 -0.7983292341 -0.5262696743 -0.6812534332 -0.5088555217
-91.1 -479.9 2839.0 0.9787415266 0.1387665421 -0.1510260850 -0.1481531113 -0.0308652539 -0.9884826541 -0.1418297738 0.9898440242 -0.0096504120
-152.0 -466.4 2404.9 0.9787415266 0.1520027518 0.1376960278 -0.1481531113 0.9882399440 -0.0378484130 -0.1418297738 0.0166437179 0.9897511601
91.6 -486.2 2824.6 0.9914566875 0.0235601794 0.1282906681 0.1287652403 -0.0198651198 -0.9914761186 -0.0208108462 0.9995250106 -0.0227291398
81.1 -477.4 2379.4 0.9914566875 -0.1276348978 0.0268869866 0.1287652403 0.9906247258 -0.0456306897 -0.0208108462 0.0487029627 0.9985964894
-146.7 -296.8 3133.2 0 0 0 0 0 0 0 0 0
74.7 -352.5 2830.3 0 0 0 0 0 0 0 0 0
-206.0 -817.4 2398.9 0 0 0 0 0 0 0 0 0
129.9 -855.9 2360.8 0 0 0 0 0 0 0 0 0
44.7 6.7 3187.8 8 0.9973630905 0.0698047578 0.0198530611 -0.0459138304 0.8187729120 -0.5722786188 -0.0562029183 0.5698580742 0.8198189139
30.0 -165.6 3068.0 0.9973630905 0.0698047578 0.0198530611 -0.0459138304 0.8187729120 -0.5722786188 -0.0562029183 0.5698580742 0.8198189139
17.1 -323.0 2947.4 0.9977267981 0.0652631521 0.0167917144 -0.0415758677 0.7922392488 -0.6087926030 -0.0530347787 0.6067105532 0.7931516767
-115.6 -159.5 3075.7 -0.0058281869 -0.9754837155 0.2199943960 0.6069138050 0.1713950634 0.7760666013 -0.7947462797 0.1380407065 0.5910356045
-113.4 -384.5 3370.4 0.1473466605 -0.9672002196 -0.2069122791 -0.3428147733 0.1462883502 -0.9279427528 0.9277753234 0.2076618522 -0.3100154102
175.6 -171.6 3060.2 0.4984822273 0.4278857410 0.7539424896 -0.7613691092 0.6319556832 0.1447380483 -0.4145268798 -0.6461778879 0.6407976747
294.9 -353.8 2961.1 -0.8672965169 0.4278857410 0.2543826401 0.0858655199 0.6319556832 -0.7702331543 -0.4903303385 -0.6461778879 -0.5848335624
-87.3 -477.6 2837.3 0.9777688384 0.1516400725 -0.1448218524 -0.1432130933 -0.0215362720 -0.9894575477 -0.1531603336 0.9882011414 0.0006593502
-154.2 -468.1 2401.4 0.9777688384 0.1459304988 0.1505734771 -0.1432130933 0.9892728925 -0.0287951175 -0.1531603336 0.0065908749 0.9881793857
95.3 -480.4 2821.1 0.9919700027 0.0302898437 0.1227926388 0.1230191588 -0.0057248026 -0.9923877716 -0.0293563064 0.9995247722 -0.0094050635
81.8 -477.9 2375.6 0.9919700027 -0.1221857741 0.0326518379 0.1230191588 0.9920929074 -0.0248584524 -0.0293563064 0.0286756400 0.9991576076
-152.3 -294.0 3125.3 0 0 0 0 0 0 0 0 0
71.2 -331.7 2834.6 0 0 0 0 0 0 0 0 0
-205.5 -815.4 2399.1 0 0 0 0 0 0 0 0 0
128.5 -856.9 2364.7 0 0 0 0 0 0 0 0 0
44.4 6.4 3187.3 9 0.9977652431 0.0641585067 -0.0186609644 -0.0633192137 0.8187256455 -0.5706828833 -0.0213359520 0.5705891252 0.8209584951
30.8 -166.0 3067.1 0.9977652431 0.0641585067 -0.0186609644 -0.0633192137 0.8187256455 -0.5706828833 -0.0213359520 0.5705891252 0.8209584951
18.6 -323.3 2946.3 0.9978544712 0.0618093088 -0.0215891059 -0.0621786863 0.7914133072 -0.6081108451 -0.0205010045 0.6081484556 0.7935585380
-114.7 -156.9 3070.1 0.0325576402 -0.9757168889 0.2166022360 0.6060048342 0.1916083395 0.7720391154 -0.7947943807 0.1061262339 0.5975274444
-126.8 -381.6 3364.8 0.1099733338 -0.9702231288 -0.2158077210 -0.3447264135 0.1664151698 -0.9238342643 0.9322389960 0.1759917438 -0.3161602914
176.4 -175.1 3064.2 0.5218327045 0.4288517535 0.7374122143 -0.7487716079 0.6444270611 0.1550962329 -0.4086950719 -0.6330876350 0.6573951840
304.5 -358.9 2963.8 -0.8717014194 0.4288517535 0.2371134460 0.1112542152 0.6444270611 -0.7565290928 -0.4772411585 -0.6330876350 -0.6094595194
-87.3 -476.6 2831.7 0.9781727195 0.1578521281 -0.1351326555 -0.1343263984 -0.0158154704 -0.9908109307 -0.1585388035 0.9873360991 0.0057334458
-155.4 -469.8 2405.7 0.9781727195 0.1395081729 0.1539987028 -0.1343263984 0.9899771810 -0.0436074249 -0.1585388035 0.0219695028 0.9871082902
95.5 -484.2 2822.0 0.9912835956 0.0291744489 0.1284744889 0.1289058626 -0.0134130782 -0.9915661216 -0.0272051562 0.9994843602 -0.0170569215
82.4 -478.2 2374.4 0.9912835956 -0.1280077696 0.0311585069 0.1289058626 0.9912399650 -0.0287513826 -0.0272051562 0.0325172879 0.9991008639
-155.9 -290.6 3118.5 0 0 0 0 0 0 0 0 0
78.9 -330.1 2840.3 0 0 0 0 0 0 0 0 0
-204.0 -814.6 2398.1 0 0 0 0 0 0 0 0 0
131.3 -857.0 2362.0 0 0 0 0 0 0 0 0 0
46.5 8.5 3188.0 0 0.9972254634 0.0739215761 0.0087720314 -0.0552361086 0.8138025403 -0.5785105228 -0.0499031134 0.5764209032 0.8156277537
30.9 -163.5 3066.2 0.9972254634 0.0739215761 0.0087720314 -0.0552361086 0.8138025403 -0.5785105228 -0.0499031134 0.5764209032 0.8156277537
18.4 -320.3 2944.9 0.9980153441 0.0626967326 0.0058741551 -0.0459687673 0.7891243100 -0.6125109792 -0.0430378765 0.6110253334 0.7904402614
-114.8 -156.8 3072.5 0.0050963536 -0.9760460854 0.2175042182 0.6105886102 0.1752902269 0.7723048925 -0.7919315100 0.1288696527 0.5968559980
-116.6 -383.2 3366.1 0.1362673193 -0.9685909748 -0.2079970390 -0.3477658331 0.1498248726 -0.9255330563 0.9276260734 0.1984541714 -0.3164266050
176.5 -170.2 3060.0 0.5071183443 0.4104956686 0.7578418255 -0.7574805021 0.6317459345 0.1646825224 -0.4111620486 -0.6575639844 0.6313124299
304.2 -360.9 2956.5 -0.8919714093 0.4104956686 0.1894208789 0.1283927262 0.6317459345 -0.7644686699 -0.4334769547 -0.6575639844 -0.6162040234
-85.1 -474.8 2827.3 0.9768794179 0.1637870073 -0.1374062300 -0.1368050426 -0.0149993543 -0.9904844165 -0.1642894745 0.9863817096 0.0077543277
-154.6 -468.5 2408.6 0.9768794179 0.1443834603 0.1576707512 -0.1368050426 0.9889007807 -0.0579619072 -0.1642894745 0.0350516364 0.9857891798
97.7 -486.2 2823.6 0.9902791381 0.0371795371 0.1340330690 0.1348350644 -0.0199635681 -0.9906669259 -0.0341567583 0.9991091490 -0.0247826111
81.2 -477.4 2378.9 0.9902791381 -0.1326139122 0.0419610776 0.1348350644 0.9893142581 -0.0554687902 -0.0341567583 0.0605874136 0.9975783229
-152.6 -291.3 3121.1 0 0 0 0 0 0 0 0 0
73.2 -327.7 2844.2 0 0 0 0 0 0 0 0 0
-205.2 -814.7 2396.3 0 0 0 0 0 0 0 0 0
131.8 -855.2 2355.7 0 0 0 0 0 0 0 0 0
44.8 8.0 3188.4 1 0.9947097898 0.0697868392 0.0753805488 -0.0126036415 0.8111761212 -0.5846660733 -0.1019489020 0.5806230307 0.8077644110
30.0 -163.9 3065.4 0.9947097898 0.0697868392 0.0753805488 -0.0126036415 0.8111761212 -0.5846660733 -0.1019489020 0.5806230307 0.8077644110
17.3 -320.0 2943.1 0.9952754378 0.0645769536 0.0725022033 -0.0058817547 0.7854717374 -0.6188695431 -0.0969131365 0.6155192256 0.7821406126
-115.1 -163.0 3079.5 -0.0615611747 -0.9737954736 0.2189351022 0.6173982024 0.1351978779 0.7749457955 -0.7842382789 0.1828767061 0.5928966403
-92.3 -392.0 3370.3 0.1996257454 -0.9616058469 -0.1883182377 -0.3503946662 0.1094248518 -0.9301880598 0.9150809646 0.2516751885 -0.3150975406
175.2 -164.7 3051.3 0.5449125171 0.4690564871 0.6950225830 -0.7815192938 0.5844423771 0.2182995975 -0.3038058281 -0.6621277332 0.6850466728
316.5 -367.3 2972.5 -0.8638593554 0.4690564871 0.1836656034 0.1477017254 0.5844423771 -0.7978792787 -0.4815923870 -0.6621277332 -0.5741564631
-85.5 -472.9 2827.4 0.9777383804 0.1600829959 -0.1356504709 -0.1360914260 -0.0082577709 -0.9906618595 -0.1597082913 0.9870690107 0.0137119843
-153.2 -469.4 2409.5 0.9777383804 0.1439806372 0.1526341736 -0.1360914260 0.9888173342 -0.0609872155 -0.1597082913 0.0388573408 0.9863991737
97.4 -481.3 2819.5 0.9886209369 0.0415332653 0.1445810646 0.1449091583 -0.0049846121 -0.9894323945 -0.0403736793 0.9991247058 -0.0109464424
79.1 -479.1 2379.4 0.9886209369 -0.1429109573 0.0469590649 0.1449091583 0.9885397553 -0.0423146226 -0.0403736793 0.0486379191 0.9980001450
-145.0 -299.4 3128.6 0 0 0 0 0 0 0 0 0
92.7 -329.1 2847.8 0 0 0 0 0 0 0 0 0
-203.5 -814.5 2396.0 0 0 0 0 0 0 0 0 0
133.7 -856.8 2360.8 0 0 0 0 0 0 0 0 0
44.0 8.8 3187.6 2 0.9951587915 0.0713973194 0.0675381646 -0.0195522904 0.8172911406 -0.5758931041 -0.0963155702 0.5717845559 0.8147304654
28.9 -163.6 3067.0 0.9951587915 0.0713973194 0.0675381646 -0.0195522904 0.8172911406 -0.5758931041 -0.0963155702 0.5717845559 0.8147304654
15.6 -320.7 2946.1 0.9956747293 0.0669455454 0.0644211769 -0.0135553852 0.7906476259 -0.6121214032 -0.0919132531 0.6086005569 0.7881353498
-116.4 -161.6 3080.3 -0.0534803532 -0.9737298489 0.2213368863 0.6105562449 0.1435081810 0.7788622975 -0.7901651263 0.1767924577 0.5868419409
-96.5 -388.0 3373.3 0.1927301586 -0.9620546103 -0.1931475252 -0.3433062434 0.1182872504 -0.9317451119 0.9192366004 0.2458841354 -0.3074818254
174.2 -165.6 3053.6 0.5263151526 0.5518023372 0.6469208598 -0.8147058487 0.5450586081 0.1979027092 -0.2434066087 -0.6312093735 0.7364292145
309.5 -374.9 2991.0 -0.8118357658 0.5518023372 0.1908845305 0.1778301150 0.5450586081 -0.8193213940 -0.5561467409 -0.6312093735 -0.5406251550
-86.6 -475.5 2829.7 0.9777210951 0.1566041857 -0.1397735476 -0.1390253156 -0.0157762952 -0.9901631474 -0.1572687924 0.9875354171 0.0063471291
-153.8 -468.8 2405.6 0.9777210951 0.1457439065 0.1510636508 -0.1390253156 0.9888056517 -0.0541785918 -0.1572687924 0.0319698788 0.9870381951
95.5 -476.6 2812.0 0.9927694201 0.0265269279 0.1170692518 0.1168549433 0.0094955144 -0.9931036234 -0.0274556205 0.9996029735 0.0063270535
83.9 -480.7 2375.9 0.9927694201 -0.1161289811 0.0303800721 0.1168549433 0.9928752184 -0.0233188961 -0.0274556205 0.0267003495 0.9992663860
-147.4 -297.3 3130.5 0 0 0 0 0 0 0 0 0
99.8 -329.0 2847.4 0 0 0 0 0 0 0 0 0
-204.9 -815.1 2394.4 0 0 0 0 0 0 0 0 0
128.2 -859.9 2365.7 0 0 0 0 0 0 0 0 0
42.7 9.8 3186.7 3 0.9984544516 0.0547818579 -0.0093644308 -0.0505024120 0.8239862323 -0.5643546581 -0.0232002344 0.5639553070 0.8254793286
31.1 -165.4 3066.8 0.9984544516 0.0547818579 -0.0093644308 -0.0505024120 0.8239862323 -0.5643546581 -0.0232002344 0.5639553070 0.8254793286
21.2 -323.9 2947.4 0.9986488223 0.0506159067 -0.0117729390 -0.0475121215 0.7975274324 -0.6014088392 -0.0210516136 0.6011555791 0.7988547087
-114.5 -158.5 3069.9 0.0227703899 -0.9783565402 0.2056696117 0.5994554162 0.1779996902 0.7803648114 -0.8000841737 0.1055205539 0.5905342698
-122.9 -380.8 3366.6 0.1159904152 -0.9724210501 -0.2023450285 -0.3348959684 0.1535023153 -0.9296675324 0.9350887537 0.1755970567 -0.3078550696
176.7 -172.3 3063.7 0.4770527780 0.7365300655 0.4795248508 -0.8780016303 0.4237037897 0.2226840705 -0.0391629785 -0.5272556543 0.8488036990
289.1 -379.2 3054.5 -0.6411357522 0.7365300655 0.2155652493 0.1888900250 0.4237037897 -0.8858869076 -0.7438181639 -0.5272556543 -0.4107748270
-88.9 -476.6 2833.5 0.9786818624 0.1509280056 -0.1392931938 -0.1379030347 -0.0196907800 -0.9902499914 -0.1521992385 0.9883486032 0.0015424195
-154.8 -468.0 2402.2 0.9786818624 0.1422005743 0.1481919438 -0.1379030347 0.9896801710 -0.0389352962 -0.1521992385 0.0176691525 0.9881919026
93.5 -479.1 2816.7 0.9910843372 0.0275667273 0.1303532422 0.1301264465 0.0098749259 -0.9914482236 -0.0286182128 0.9995712042 0.0061997245
81.3 -483.4 2374.2 0.9910843372 -0.1295734346 0.0310260765 0.1301264465 0.9913598895 -0.0165141542 -0.0286182128 0.0204042308 0.9993821383
-153.6 -292.3 3119.6 0 0 0 0 0 0 0 0 0
130.3 -332.4 2870.2 0 0 0 0 0 0 0 0 0
-204.3 -812.8 2396.1 0 0 0 0 0 0 0 0 0
130.8 -862.1 2366.4 0 0 0 0 0 0 0 0 0
42.6 11.6 3187.2 4 0.9988871217 0.0460006967 -0.0104167890 -0.0438439697 0.8242030144 -0.5645945668 -0.0173861962 0.5644229650 0.8253026605
32.8 -163.7 3067.2 0.9988871217 0.0460006967 -0.0104167890 -0.0438439697 0.8242030144 -0.5645945668 -0.0173861962 0.5644229650 0.8253026605
24.6 -322.9 2948.7 0.9990766644 0.0412089527 -0.0121506704 -0.0403105579 0.8012931347 -0.5969123244 -0.0148618827 0.5968509912 0.8022144437
-113.0 -157.8 3069.4 0.0231692195 -0.9802411795 0.1964443475 0.5950326324 0.1714230627 0.7852072120 -0.8033675551 0.0986981541 0.5872471929
-121.6 -378.4 3367.3 0.1128499284 -0.9745453000 -0.1937170774 -0.3286973834 0.1473699808 -0.9328666329 0.9376688600 0.1689482331 -0.3036998212
178.5 -169.5 3065.1 0.4646493495 0.7938842773 0.3922355771 -0.8832997680 0.3843761086 0.2683961689 0.0623095185 -0.4711717069 0.8798379302
