42.8 5.7 3186.9 1 0.9961821437 0.0775101781 0.0401656516 -0.0404526144 0.8175669312 -0.5744109154 -0.0773608014 0.5705931187 0.8175810575
26.4 -167.2 3066.2 0.9961821437 0.0775101781 0.0401656516 -0.0404526144 0.8175669312 -0.5744109154 -0.0773608014 0.5705931187 0.8175810575
11.5 -325.0 2946.5 0.9964815974 0.0751596540 0.0370867923 -0.0372918509 0.7938960195 -0.6069089174 -0.0750581250 0.6033905745 0.7939056158
-118.7 -161.8 3077.2 0.0695405230 -0.9710217714 0.2286499441 0.6021142006 0.2236019224 0.7664598227 -0.7953757644 0.0843733624 0.6002153754
-143.2 -374.1 3357.7 0.0631019846 -0.9710217714 -0.2305099219 -0.1006368920 0.2236019224 -0.9694712162 0.9929201007 0.0843733624 -0.0836108923
171.5 -172.7 3055.3 0.5313656330 0.7450239062 0.4032244086 -0.8394683003 0.3991554677 0.3687382340 0.1137695760 -0.5344288945 0.8375214934
312.4 -395.3 3085.4 -0.6201395988 0.7450239062 0.2456953824 0.1193659902 0.3991554677 -0.9090801477 -0.7753570676 -0.5344288945 -0.3364626467
-81.2 -477.7 2827.3 0.9742626548 0.1714661270 -0.1463270634 -0.1441069394 -0.0253929179 -0.9892362952 -0.1733361781 0.9848627448 -0.0000299143
-154.7 -466.8 2404.7 0.9742626548 0.1492076963 0.1689653844 -0.1441069394 0.9886649251 -0.0421293788 -0.1733361781 0.0166959949 0.9847211838
101.1 -485.5 2821.2 0.9889469743 0.0540941618 0.1380494386 0.1395291984 -0.0245887488 -0.9899126291 -0.0501540303 0.9982330203 -0.0318646841
77.2 -474.6 2379.7 0.9889469743 -0.1356393397 0.0598815233 0.1395291984 0.9879882932 -0.0664130077 -0.0501540303 0.0740341619 0.9959937334
-159.6 -348.1 3100.5 0 0 0 0 0 0 0 0 0
151.8 -364.4 2884.6 0 0 0 0 0 0 0 0 0
-207.3 -815.3 2398.8 0 0 0 0 0 0 0 0 0
129.0 -852.0 2351.4 0 0 0 0 0 0 0 0 0
41.9 4.7 3186.8 2 0.9967956543 0.0726377293 0.0334982127 -0.0400816351 0.8159826398 -0.5766851902 -0.0692230612 0.5734946728 0.8162794113
26.6 -167.2 3066.0 0.9967956543 0.0726377293 0.0334982127 -0.0400816351 0.8159826398 -0.5766851902 -0.0692230612 0.5734946728 0.8162794113
11.6 -324.4 2945.4 0.9967020154 0.0752665401 0.0303323362 -0.0410990566 0.7905073762 -0.6110720038 -0.0699712113 0.6078100204 0.7909936905
-118.8 -161.2 3076.2 0.0763653517 -0.9704369903 0.2289551049 0.6054210067 0.2275794297 0.7626748681 -0.7922333479 0.0803722963 0.6049021482
-145.8 -375.1 3356.1 0.0573071204 -0.9704369903 -0.2344525456 -0.1062129214 0.2275794297 -0.9679495692 0.9926906228 0.0803722963 -0.0900310203
171.9 -173.2 3055.8 0.5277338624 0.7494910359 0.3997001350 -0.8418905735 0.3990591466 0.3632796407 0.1127708331 -0.5282187462 0.8415864110
312.0 -396.7 3085.7 -0.6154599786 0.7494910359 0.2438693643 0.1260938942 0.3990591466 -0.9082136750 -0.7780163288 -0.5282187462 -0.3401111662
-94.5 -479.4 2833.7 0.9792841673 0.1402927786 -0.1460150778 -0.1437360793 -0.0262975842 -0.9892665744 -0.1426267922 0.9897607565 -0.0055876747
-154.3 -468.2 2411.7 0.9792841673 0.1509243399 0.1349974275 -0.1437360793 0.9876999259 -0.0615529902 -0.1426267922 0.0408738665 0.9889321923
87.7 -486.3 2820.0 0.9907370210 0.0226522647 0.1338916719 0.1344644278 -0.0259939637 -0.9905773997 -0.0189584475 0.9994054437 -0.0287991073
77.7 -474.9 2381.9 0.9907370210 -0.1326810867 0.0289108008 0.1344644278 0.9882661104 -0.0724528059 -0.0189584475 0.0756691545 0.9969527125
-160.6 -347.5 3098.5 0 0 0 0 0 0 0 0 0
152.3 -364.0 2883.9 0 0 0 0 0 0 0 0 0
-207.0 -812.7 2397.5 0 0 0 0 0 0 0 0 0
128.4 -852.5 2353.0 0 0 0 0 0 0 0 0 0
41.2 7.1 3172.3 3 0.9966378808 0.0701392069 0.0423492454 -0.0360755920 0.8397396803 -0.5417894721 -0.0735630244 0.5384401679 0.8394466639
26.5 -168.7 3059.6 0.9966378808 0.0701392069 0.0423492454 -0.0360755920 0.8397396803 -0.5417894721 -0.0735630244 0.5384401679 0.8394466639
11.3 -330.2 2945.2 0.9963084459 0.0765140429 0.0389245674 -0.0397890881 0.8133637905 -0.5803931355 -0.0760680586 0.5767018199 0.8134056330
-118.9 -162.8 3070.7 0.0678382516 -0.9707118869 0.2304698825 0.5748753548 0.2268308997 0.7861717939 -0.8154240251 0.0791589320 0.5734261274
-142.9 -365.9 3358.7 0.0652398616 -0.9707118869 -0.2312188447 -0.0682284608 0.2268308997 -0.9715413451 0.9955343604 0.0791589320 -0.0514317676
171.9 -174.5 3048.5 0.5327147841 0.7434975505 0.4042602181 -0.8345069289 0.3820384443 0.3970451057 0.1407591254 -0.5488697290 0.8239713907
313.3 -395.9 3085.9 -0.6221222281 0.7434975505 0.2453066111 0.0940698609 0.3820384443 -0.9193462133 -0.7772482634 -0.5488697290 -0.3076153100
-94.6 -477.7 2831.1 0.9798642397 0.1408371180 -0.1415306926 -0.1398277581 -0.0219655409 -0.9899321795 -0.1425279975 0.9897890687 -0.0018303101
-154.3 -468.4 2411.0 0.9798642397 0.1465991437 0.1355533898 -0.1398277581 0.9884612560 -0.0582452863 -0.1425279975 0.0381183438 0.9890565276
87.9 -485.2 2818.3 0.9913707376 0.0181603506 0.1298239529 0.1302170753 -0.0224584118 -0.9912311435 -0.0150854653 0.9995828271 -0.0246294010
80.0 -475.4 2379.0 0.9913707376 -0.1288230717 0.0242625531 0.1302170753 0.9890691638 -0.0691791996 -0.0150854653 0.0717416331 0.9973091483
-159.8 -348.2 3100.4 0 0 0 0 0 0 0 0 0
151.8 -371.5 2884.2 0 0 0 0 0 0 0 0 0
-206.0 -816.6 2397.6 0 0 0 0 0 0 0 0 0
129.2 -853.3 2351.6 0 0 0 0 0 0 0 0 0
42.4 6.6 3179.5 4 0.9928466678 0.0783384144 0.0901032612 -0.0154389832 0.8325555921 -0.5537262559 -0.1183940172 0.5483741760 0.8278095126
26.0 -168.4 3064.3 0.9928466678 0.0783384144 0.0901032612 -0.0154389832 0.8325555921 -0.5537262559 -0.1183940172 0.5483741760 0.8278095126
9.1 -328.7 2948.3 0.9926419854 0.0847332701 0.0864993483 -0.0174970217 0.8072384596 -0.5899659991 -0.1198153496 0.5841115713 0.8027814031
-118.8 -165.8 3081.7 0.0201897025 -0.9707980156 0.2390471548 0.5868418813 0.2050824314 0.7832992673 -0.8094497919 0.1244683042 0.5738455057
-126.0 -373.0 3367.5 0.1102410927 -0.9707980156 -0.2130682170 -0.0794413239 0.2050824314 -0.9755153656 0.9907249808 0.1244683042 -0.0545129701
170.7 -170.9 3046.8 0.5551989079 0.7107756138 0.4319168627 -0.8249750137 0.4046289921 0.3945777416 0.1056901589 -0.5753897429 0.8110216856
318.0 -389.7 3074.8 -0.6572121382 0.7107756138 0.2507393062 0.0904241130 0.4046289921 -0.9099993706 -0.7482617497 -0.5753897429 -0.3301983476
-95.1 -488.1 2837.7 0.9792361259 0.1389673352 -0.1475962549 -0.1424900889 -0.0460576862 -0.9887240529 -0.1441982836 0.9892253280 -0.0252998825
-155.8 -468.0 2406.2 0.9792361259 0.1473054886 0.1392755061 -0.1424900889 0.9888181686 -0.0439911261 -0.1441982836 0.0232323185 0.9892760515
87.5 -495.4 2823.7 0.9898979068 0.0226999186 0.1399529129 0.1407549232 -0.0387465358 -0.9892860055 -0.0170340203 0.9989911914 -0.0415502414
77.3 -478.0 2376.7 0.9898979068 -0.1398112625 0.0235567000 0.1407549232 0.9890301228 -0.0448051579 -0.0170340203 0.0476682559 0.9987179637
-154.6 -352.4 3110.5 0 0 0 0 0 0 0 0 0
147.5 -366.2 2880.7 0 0 0 0 0 0 0 0 0
-207.6 -816.3 2398.0 0 0 0 0 0 0 0 0 0
130.7 -855.8 2358.5 0 0 0 0 0 0 0 0 0
43.5 7.0 3183.1 5 0.9968268871 0.0658881515 0.0446646921 -0.0297645368 0.8289400339 -0.5585449934 -0.0738258511 0.5554432273 0.8282708526
29.6 -167.9 3066.0 0.9968268871 0.0658881515 0.0446646921 -0.0297645368 0.8289400339 -0.5585449934 -0.0738258511 0.5554432273 0.8282708526
16.1 -328.0 2949.3 0.9967792034 0.0683215559 0.0419925079 -0.0303451810 0.8060287237 -0.5910980701 -0.0742319077 0.5879199505 0.8055058718
-115.7 -163.4 3076.8 0.0648692101 -0.9728019238 0.2223699391 0.5867538452 0.2174307555 0.7800280452 -0.8071628809 0.0798766240 0.5848998427
-138.6 -370.6 3361.7 0.0635741279 -0.9728019238 -0.2227436602 -0.0809782147 0.2174307555 -0.9727108479 0.9946863055 0.0798766240 -0.0649527907
175.0 -172.3 3055.2 0.5388333797 0.7417126894 0.3994006813 -0.8322567940 0.3953066766 0.3886917830 0.1304118633 -0.5418440104 0.8302997947
317.9 -393.1 3089.7 -0.6208916903 0.7417126894 0.2536845207 0.0991202220 0.3953066766 -0.9131855369 -0.7776044607 -0.5418440104 -0.3189613521
-98.7 -487.5 2843.3 0.9806569815 0.1278510392 -0.1482094228 -0.1433806121 -0.0462315343 -0.9885872006 -0.1332438439 0.9907152653 -0.0270059146
-154.5 -467.3 2410.8 0.9806569815 0.1497806460 0.1260066777 -0.1433806121 0.9879391789 -0.0584649481 -0.1332438439 0.0392671451 0.9903050661
83.1 -490.7 2821.4 0.9910895228 0.0103615168 0.1327940226 0.1330676079 -0.0329787955 -0.9905581474 -0.0058842977 0.9994023442 -0.0340637192
78.6 -476.1 2380.5 0.9910895228 -0.1325493455 0.0131257344 0.1330676079 0.9896560907 -0.0536076985 -0.0058842977 0.0548766367 0.9984757900
-155.1 -349.6 3103.8 0 0 0 0 0 0 0 0 0
156.9 -367.4 2888.1 0 0 0 0 0 0 0 0 0
-207.3 -815.5 2396.9 0 0 0 0 0 0 0 0 0
129.2 -854.2 2359.5 0 0 0 0 0 0 0 0 0
43.4 6.6 3171.5 6 0.9973060489 0.0695783570 0.0232274961 -0.0451633520 0.8319594860 -0.5529952049 -0.0578008331 0.5504564047 0.8328606486
28.8 -168.1 3055.9 0.9973060489 0.0695783570 0.0232274961 -0.0451633520 0.8319594860 -0.5529952049 -0.0578008331 0.5504564047 0.8328606486
15.0 -328.0 2938.8 0.9973674417 0.0697246492 0.0199163556 -0.0444419086 0.8047856092 -0.5918995142 -0.0572983846 0.5894562006 0.8057656288
-116.7 -161.6 3064.3 0.0868864506 -0.9708204269 0.2235137522 0.5858125091 0.2312617600 0.7767507434 -0.8057757020 0.0634480417 0.5888122916
-147.4 -368.6 3348.9 0.0454562828 -0.9708204269 -0.2354599386 -0.0823180228 0.2312617600 -0.9694027901 0.9955689311 0.0634480417 -0.0694037154
174.4 -174.6 3047.5 0.5249099731 0.7563572526 0.3903757930 -0.8396869302 0.3851168454 0.3828980029 0.1392673701 -0.5287804008 0.8372549415
313.7 -397.4 3084.5 -0.6060492396 0.7563572526 0.2462276518 0.1082745492 0.3851168454 -0.9164941907 -0.7880234718 -0.5287804008 -0.3152940273
-88.7 -485.4 2839.4 0.9784498215 0.1512899399 -0.1405248940 -0.1356783211 -0.0419470631 -0.9898645282 -0.1556511521 0.9875990152 -0.0205163341
-154.7 -467.1 2408.8 0.9784498215 0.1432982385 0.1486657560 -0.1356783211 0.9889197350 -0.0602425970 -0.1556511521 0.0387736373 0.9870508313
93.7 -491.0 2825.8 0.9911202192 0.0306876525 0.1293790787 0.1303635985 -0.0325980969 -0.9909301996 -0.0261918101 0.9989973307 -0.0363091864
80.0 -476.4 2378.1 0.9911202192 -0.1288005412 0.0330317952 0.1303635985 0.9901749492 -0.0505855381 -0.0261918101 0.0544424914 0.9981733561
-159.2 -347.2 3090.5 0 0 0 0 0 0 0 0 0
156.4 -369.3 2880.0 0 0 0 0 0 0 0 0 0
-205.0 -814.2 2395.1 0 0 0 0 0 0 0 0 0
129.2 -854.7 2357.3 0 0 0 0 0 0 0 0 0
43.4 3.7 3179.1 7 0.9967068434 0.0801371336 0.0123899812 -0.0587407574 0.8188666105 -0.5709701777 -0.0559016578 0.5683621168 0.8208773136
26.6 -168.7 3059.5 0.9967068434 0.0801371336 0.0123899812 -0.0587407574 0.8188666105 -0.5709701777 -0.0559016578 0.5683621168 0.8208773136
11.3 -326.6 2939.9 0.9970151186 0.0766586363 0.0091794478 -0.0555674322 0.7950325012 -0.6040162444 -0.0536010191 0.6017032266 0.7969191670
-119.0 -160.5 3067.3 0.0975840464 -0.9682486057 0.2301563770 0.5965153575 0.2420202345 0.7652422190 -0.7966472507 0.0626163781 0.6011924744
-153.5 -371.4 3348.9 0.0398598053 -0.9682486057 -0.2467910051 -0.0978097543 0.2420202345 -0.9653286934 0.9944065809 0.0626163781 -0.0850572810
172.1 -176.8 3051.6 0.5143983364 0.7632772326 0.3908992112 -0.8477736115 0.3839895427 0.3658304811 0.1291288882 -0.5195766091 0.8446098566
308.7 -401.8 3085.9 -0.6011308432 0.7632772326 0.2367479205 0.1273982525 0.3839895427 -0.9145062566 -0.7889305353 -0.5195766091 -0.3280681372
-90.2 -483.9 2827.0 0.9760441780 0.1531621218 -0.1545285285 -0.1505007893 -0.0376225524 -0.9878937602 -0.1571216583 0.9874846339 -0.0136702526
-155.6 -467.8 2405.5 0.9760441780 0.1531354785 0.1545549482 -0.1505007893 0.9881938696 -0.0286766309 -0.1571216583 0.0047290181 0.9875679612
92.5 -492.0 2816.5 0.9907969236 0.0315145291 0.1316367388 0.1326234043 -0.0315780565 -0.9906633496 -0.0270634573 0.9990043640 -0.0354670063
78.7 -478.2 2378.3 0.9907969236 -0.1310493350 0.0338742994 0.1326234043 0.9899361730 -0.0493702367 -0.0270634573 0.0534084067 0.9982059598
-163.8 -346.0 3090.6 0 0 0 0 0 0 0 0 0
152.6 -368.7 2881.0 0 0 0 0 0 0 0 0 0
-211.7 -829.8 2403.8 0 0 0 0 0 0 0 0 0
128.8 -856.4 2357.9 0 0 0 0 0 0 0 0 0
42.4 7.1 3169.9 8 0.9965902567 0.0500750467 -0.0655771196 -0.0777917877 0.8351488709 -0.5444950461 0.0275010392 0.5477398038 0.8361966014
31.8 -169.5 3054.1 0.9965902567 0.0500750467 -0.0655771196 -0.0777917877 0.8351488709 -0.5444950461 0.0275010392 0.5477398038 0.8361966014
21.0 -331.0 2939.1 0.9962958694 0.0531506613 -0.0675986931 -0.0824915543 0.8127329350 -0.5767671466 0.0242841281 0.5802070498 0.8141069412
-113.2 -157.6 3050.6 0.1741630882 -0.9629899263 0.2057126015 0.5673674345 0.2688781023 0.7783307433 -0.8048362732 -0.0188418552 0.5931977630
-174.6 -357.5 3334.2 -0.0374962054 -0.9629899263 -0.2669166327 -0.0644121394 0.2688781023 -0.9610180259 0.9972186685 -0.0188418552 -0.0721101463
176.8 -181.3 3057.7 0.4783577919 0.8106030226 0.3377817571 -0.8564224243 0.3455602527 0.3835735917 0.1942019612 -0.4727692902 0.8595200777
303.4 -408.1 3109.1 -0.5364887118 0.8106030226 0.2347392887 0.1146016568 0.3455602527 -0.9313724041 -0.8360899091 -0.4727692902 -0.2782856226
-95.3 -479.5 2825.3 0.9783592224 0.1396117061 -0.1527148336 -0.1513033658 -0.0207320806 -0.9882699251 -0.1411401480 0.9899892807 0.0008402987
-155.1 -470.6 2401.3 0.9783592224 0.1527201682 0.1396058798 -0.1513033658 0.9882691503 -0.0207697656 -0.1411401480 -0.0008025495 0.9899892807
87.5 -489.7 2815.5 0.9912937880 0.0163270365 0.1306522787 0.1311250627 -0.0323545225 -0.9908377528 -0.0119502526 0.9993430972 -0.0342137180
80.3 -475.5 2377.1 0.9912937880 -0.1303802580 0.0183732547 0.1311250627 0.9902087450 -0.0478838161 -0.0119502526 0.0498761237 0.9986839294
-164.9 -340.9 3076.0 0 0 0 0 0 0 0 0 0
164.5 -378.4 2892.7 0 0 0 0 0 0 0 0 0
-209.1 -820.4 2401.5 0 0 0 0 0 0 0 0 0
130.2 -853.9 2358.0 0 0 0 0 0 0 0 0 0
41.9 5.5 3164.9 9 0.9988397956 0.0435710624 -0.0205105562 -0.0477111079 0.8375048637 -0.5443429947 -0.0065399124 0.5446900129 0.8386119604
32.7 -171.2 3049.9 0.9988397956 0.0435710624 -0.0205105562 -0.0477111079 0.8375048637 -0.5443429947 -0.0065399124 0.5446900129 0.8386119604
23.0 -332.6 2934.5 0.9985672235 0.0485245995 -0.0225575510 -0.0525929630 0.8121949434 -0.5810105801 -0.0098721767 0.5813645124 0.8135833144
-112.8 -163.6 3051.3 0.1292904019 -0.9707701206 0.2022111267 0.5742936730 0.2395470887 0.7828179598 -0.8083754182 0.0149177201 0.5884782672
-158.4 -366.2 3336.4 -0.0015742361 -0.9707701206 -0.2400059700 -0.0685079321 0.2395470887 -0.9684646726 0.9976493120 0.0149177201 -0.0668825582
178.2 -178.8 3048.5 0.5106332302 0.7832687497 0.3546036482 -0.8419274092 0.3718620241 0.3909947574 0.1743903458 -0.4982054532 0.8493405581
313.5 -401.8 3094.7 -0.5676952004 0.7832687497 0.2534012496 0.1011812016 0.3718620241 -0.9227572680 -0.8169972301 -0.4982054532 -0.2903563678
-80.8 -485.0 2821.8 0.9729132652 0.1736551970 -0.1525898874 -0.1489589214 -0.0338317156 -0.9882644415 -0.1767796427 0.9842252135 -0.0070478329
-155.2 -470.5 2400.0 0.9729132652 0.1507317722 0.1752704680 -0.1489589214 0.9885687232 -0.0233045705 -0.1767796427 -0.0034347749 0.9842444658
101.3 -499.9 2826.3 0.9888631105 0.0513648577 0.1396832615 0.1422104537 -0.0493540168 -0.9886052608 -0.0438856408 0.9974597096 -0.0561089851
78.3 -477.8 2380.7 0.9888631105 -0.1391209811 0.0528688282 0.1422104537 0.9880152941 -0.0600165948 -0.0438856408 0.0668666959 0.9967963099
-157.9 -348.4 3077.8 0 0 0 0 0 0 0 0 0
166.3 -375.6 2882.9 0 0 0 0 0 0 0 0 0
-208.3 -818.4 2401.2 0 0 0 0 0 0 0 0 0
131.5 -855.3 2355.2 0 0 0 0 0 0 0 0 0
43.4 3.4 3164.3 0 0.9978724718 0.0616247095 0.0212821122 -0.0403281599 0.8399266005 -0.5411995649 -0.0512266792 0.5391898751 0.8406248093
30.5 -172.9 3051.1 0.9978724718 0.0616247095 0.0212821122 -0.0403281599 0.8399266005 -0.5411995649 -0.0512266792 0.5391898751 0.8406248093
18.1 -334.3 2935.8 0.9979152679 0.0619180761 0.0182005502 -0.0397558585 0.8119280338 -0.5824022293 -0.0508387610 0.5804645419 0.8126969934
-115.0 -167.2 3058.5 0.0886024609 -0.9723815918 0.2159251869 0.5770937800 0.2268006802 0.7845535278 -0.8118573427 0.0550957061 0.5812504292
-146.2 -370.8 3345.0 0.0401020013 -0.9723815918 -0.2299258858 -0.0701978356 0.2268006802 -0.9714081287 0.9967266917 0.0550957061 -0.0591639206
175.9 -178.7 3043.7 0.5281766057 0.7574188113 0.3838570118 -0.8354564905 0.3827268779 0.3943761885 0.1517955512 -0.5289961100 0.8349378705
316.0 -400.2 3083.9 -0.6019405723 0.7574188113 0.2529512048 0.0954291821 0.3827268779 -0.9189196825 -0.7928183079 -0.5289961100 -0.3026586771
-78.1 -489.2 2820.0 0.9717766643 0.1843864024 -0.1471454799 -0.1406769603 -0.0477584973 -0.9889029860 -0.1893677115 0.9816927910 -0.0204716753
-156.5 -468.9 2402.9 0.9717766643 0.1453592479 0.1857978106 -0.1406769603 0.9893178344 -0.0382131003 -0.1893677115 0.0109971259 0.9818446636
104.5 -498.7 2818.2 0.9900174737 0.0569950230 0.1289067864 0.1320579946 -0.0554824919 -0.9896880388 -0.0492552221 0.9968315959 -0.0624552853
79.7 -474.6 2384.7 0.9900174737 -0.1279876530 0.0590301007 0.1320579946 0.9886848330 -0.0711548552 -0.0492552221 0.0782399476 0.9957170486
-156.6 -352.6 3086.5 0 0 0 0 0 0 0 0 0
159.9 -375.5 2878.4 0 0 0 0 0 0 0 0 0
-207.2 -814.2 2399.0 0 0 0 0 0 0 0 0 0
128.6 -852.3 2354.8 0 0 0 0 0 0 0 0 0
41.1 4.2 3163.5 1 0.9978144765 0.0660165027 -0.0028464361 -0.0574285872 0.8450936675 -0.5315248370 -0.0326839052 0.5305266380 0.8470379114
27.3 -172.1 3052.9 0.9978144765 0.0660165027 -0.0028464361 -0.0574285872 0.8450936675 -0.5315248370 -0.0326839052 0.5305266380 0.8470379114
14.2 -334.7 2939.4 0.9978302121 0.0655594543 -0.0060682106 -0.0572296008 0.8180803061 -0.5722494125 -0.0325520746 0.5713550448 0.8200572133
-118.2 -163.8 3057.6 0.1127377823 -0.9691430330 0.2192075849 0.5649073124 0.2440064251 0.7882516384 -0.8174166083 0.0349662192 0.5749847293
-158.1 -363.3 3346.3 0.0213164333 -0.9691430330 -0.2455756068 -0.0583590902 0.2440064251 -0.9680160284 0.9980680346 0.0349662192 -0.0513569601
172.9 -180.4 3048.1 0.5113182664 0.7730607390 0.3754073679 -0.8420300484 0.3633002341 0.3987459838 0.1718692780 -0.5199903846 0.8367024064
308.5 -403.8 3093.7 -0.5861251354 0.7730607390 0.2425579578 0.0956498012 0.3633002341 -0.9267491698 -0.8045548201 -0.5199903846 -0.2868825197
-85.5 -492.0 2825.3 0.9757824540 0.1698918045 -0.1377875358 -0.1305584759 -0.0530670583 -0.9900193810 -0.1755081564 0.9840328693 -0.0296010897
-157.7 -469.5 2407.0 0.9757824540 0.1375010014 0.1701237857 -0.1305584759 0.9901074171 -0.0513984151 -0.1755081564 0.0279425699 0.9840813279
97.1 -499.2 2816.0 0.9898343682 0.0436471850 0.1353617758 0.1377366334 -0.0569760799 -0.9888287783 -0.0354472101 0.9974210262 -0.0624087006
78.1 -474.4 2381.4 0.9898343682 -0.1352015436 0.0441410169 0.1377366334 0.9886142015 -0.0605852976 -0.0354472101 0.0660492480 0.9971865416
-163.6 -348.2 3087.3 0 0 0 0 0 0 0 0 0
156.4 -379.0 2884.9 0 0 0 0 0 0 0 0 0
-205.8 -815.8 2397.3 0 0 0 0 0 0 0 0 0
129.7 -852.1 2356.1 0 0 0 0 0 0 0 0 0
43.3 6.0 3175.2 2 0.9978135824 0.0495266020 -0.0437631942 -0.0655489936 0.8262612820 -0.5594601631 0.0084516704 0.5611055493 0.8277010918
32.9 -167.7 3057.2 0.9978135824 0.0495266020 -0.0437631942 -0.0655489936 0.8262612820 -0.5594601631 0.0084516704 0.5611055493 0.8277010918
21.5 -327.5 2939.7 0.9972805381 0.0577733479 -0.0457582958 -0.0736488476 0.8042011857 -0.5897764564 0.0027255141 0.5915426016 0.8062691092
-112.6 -156.9 3056.8 0.1520926803 -0.9657675624 0.2101448178 0.5805532932 0.2593679428 0.7718070149 -0.7998910546 0.0046140649 0.6001275182
-166.3 -361.9 3339.2 -0.0168370623 -0.9657675624 -0.2588620186 -0.0804230049 0.2593679428 -0.9624242187 0.9966186285 0.0046140649 -0.0820369273
178.4 -178.5 3057.5 0.4909715652 0.7975601554 0.3504921496 -0.8541619778 0.3615826666 0.3737182319 0.1713308990 -0.4828620851 0.8587723374
308.7 -405.2 3103.0 -0.5543229580 0.7975601554 0.2379577309 0.1235430762 0.3615826666 -0.9241185188 -0.8230814934 -0.4828620851 -0.2989666164
-90.2 -492.0 2828.9 0.9780032635 0.1551624835 -0.1394066066 -0.1317181140 -0.0588266701 -0.9895401597 -0.1617403328 0.9861359000 -0.0370949693
-156.5 -466.9 2407.6 0.9780032635 0.1386887729 0.1558044255 -0.1317181140 0.9898012280 -0.0542576127 -0.1617403328 0.0325418562 0.9862966537
92.5 -502.5 2822.9 0.9910085201 0.0293973871 0.1305292994 0.1320551187 -0.0579176880 -0.9895488620 -0.0215301961 0.9978884459 -0.0612789951
79.5 -476.8 2381.6 0.9910085201 -0.1304435432 0.0297755953 0.1320551187 0.9893768430 -0.0607855991 -0.0215301961 0.0641710684 0.9977066517
-161.9 -341.1 3080.6 0 0 0 0 0 0 0 0 0
164.9 -373.1 2889.5 0 0 0 0 0 0 0 0 0
-205.6 -817.5 2396.0 0 0 0 0 0 0 0 0 0
129.4 -854.9 2357.1 0 0 0 0 0 0 0 0 0
42.8 6.9 3180.5 3 0.9977326989 0.0643030852 0.0198640730 -0.0417913198 0.8233022690 -0.5660625696 -0.0527537055 0.5639489889 0.8241229057
29.2 -166.7 3061.5 0.9977326989 0.0643030852 0.0198640730 -0.0417913198 0.8233022690 -0.5660625696 -0.0527537055 0.5639489889 0.8241229057
15.4 -325.6 2943.0 0.9974297881 0.0695737675 0.0171263255 -0.0454625525 0.7992746234 -0.5992438793 -0.0553802922 0.5969250798 0.8003833294
-116.1 -160.1 3069.6 0.0896251798 -0.9706612825 0.2231233567 0.5932077765 0.2319786400 0.7709023356 -0.8000448942 0.0632662550 0.5965949297
-147.7 -369.3 3351.8 0.0431316979 -0.9706612825 -0.2365509719 -0.0908667147 0.2319786400 -0.9684674144 0.9949285984 0.0632662550 -0.0781951696
174.5 -173.3 3053.5 0.5229315162 0.7581040859 0.3896418512 -0.8420581222 0.3885610402 0.3741102517 0.1322148740 -0.5237351060 0.8415585160
313.1 -396.6 3088.5 -0.6040865779 0.7581040859 0.2456777096 0.1158667132 0.3885610402 -0.9141089916 -0.7884505391 -0.5237351060 -0.3225635588
-81.2 -480.5 2822.0 0.9746246934 0.1710759103 -0.1443598568 -0.1403418779 -0.0354170837 -0.9894694686 -0.1743871868 0.9846210480 -0.0105092488
-153.8 -465.5 2404.4 0.9746246934 0.1470242739 0.1687915772 -0.1403418779 0.9887925386 -0.0509258583 -0.1743871868 0.0259450730 0.9843353033
101.4 -494.1 2822.5 0.9873995781 0.0581344888 0.1471815854 0.1496048123 -0.0397760235 -0.9879454970 -0.0515794083 0.9975160360 -0.0479720309
75.9 -476.6 2384.2 0.9873995781 -0.1460246593 0.0609822720 0.1496048123 0.9869865179 -0.0589576773 -0.0515794083 0.0673380271 0.9963960648
-158.9 -345.8 3093.9 0 0 0 0 0 0 0 0 0
156.6 -366.5 2884.2 0 0 0 0 0 0 0 0 0
-205.8 -815.4 2395.2 0 0 0 0 0 0 0 0 0
131.7 -853.7 2358.4 0 0 0 0 0 0 0 0 0
43.1 4.7 3183.6 4 0.9969192147 0.0723863915 0.0302047972 -0.0424398892 0.8216635585 -0.5683905482 -0.0659619197 0.5653575659 0.8222042322
27.9 -167.7 3065.0 0.9969192147 0.0723863915 0.0302047972 -0.0424398892 0.8216635585 -0.5683905482 -0.0659619197 0.5653575659 0.8222042322
12.4 -325.9 2945.8 0.9965730906 0.0781981125 0.0269649699 -0.0461584032 0.7962531447 -0.6032000780 -0.0686400458 0.5998882651 0.7971339822
-117.5 -161.0 3075.0 0.0797749385 -0.9694596529 0.2319135666 0.5968918204 0.2327914983 0.7678074241 -0.7983458638 0.0771755353 0.5972334743
-145.6 -371.8 3356.9 0.0559875183 -0.9694596529 -0.2387746722 -0.0962990299 0.2327914983 -0.9677472115 0.9937765598 0.0771755353 -0.0803246051
173.3 -174.4 3055.0 0.5240527987 0.7516301274 0.4005256593 -0.8429453969 0.3905403912 0.3700287342 0.1217033044 -0.5315358639 0.8382469416
312.3 -398.1 3087.3 -0.6142191291 0.7516301274 0.2403893769 0.1207291633 0.3905403912 -0.9126350284 -0.7798457146 -0.5315358639 -0.3306210339
-89.7 -480.3 2829.6 0.9787620306 0.1539370716 -0.1353818178 -0.1326414347 -0.0279834624 -0.9907689691 -0.1563045382 0.9876843095 -0.0069707148
-155.0 -468.4 2410.4 0.9787620306 0.1403849125 0.1493885368 -0.1326414347 0.9893071651 -0.0606431402 -0.1563045382 0.0395400934 0.9869171381
92.8 -488.6 2819.5 0.9880540371 0.0367965065 0.1496503502 0.1506061107 -0.0247265361 -0.9882845879 -0.0326650850 0.9990168214 -0.0299729332
76.4 -477.6 2376.4 0.9880540371 -0.1491180211 0.0388976000 0.1506061107 0.9878390431 -0.0386236608 -0.0326650850 0.0440204814 0.9984964728
-160.2 -346.8 3099.1 0 0 0 0 0 0 0 0 0
152.9 -366.8 2884.9 0 0 0 0 0 0 0 0 0
-204.1 -814.3 2396.6 0 0 0 0 0 0 0 0 0
133.4 -855.0 2359.6 0 0 0 0 0 0 0 0 0
42.8 4.8 3185.2 5 0.9963490963 0.0777220055 0.0353231691 -0.0436638370 0.8194639683 -0.5714650154 -0.0733614713 0.5678363442 0.8198658228
26.5 -166.6 3066.4 0.9963490963 0.0777220055 0.0353231691 -0.0436638370 0.8194639683 -0.5714650154 -0.0733614713 0.5678363442 0.8198658228
9.4 -324.0 2946.3 0.9957516789 0.0865127966 0.0315302722 -0.0495255403 0.7918703556 -0.6086777449 -0.0776263028 0.6045303345 0.7927907705
-118.8 -159.4 3077.7 0.0751878843 -0.9678080678 0.2401965410 0.6018633246 0.2360994667 0.7629007697 -0.7950517535 0.0872045904 0.6002399921
-145.4 -372.1 3358.7 0.0641907156 -0.9678080678 -0.2433662862 -0.1034790128 0.2360994667 -0.9662034512 0.9925581217 0.0872045904 -0.0849924311
171.9 -173.9 3055.1 0.5219689012 0.7485271096 0.4089690447 -0.8456174731 0.3913176060 0.3630449772 0.1117122173 -0.5353295207 0.8372231722
310.5 -398.3 3084.7 -0.6204797029 0.7485271096 0.2339062691 0.1285603344 0.3913176060 -0.9112314582 -0.7736130953 -0.5353295207 -0.3390355110
-94.5 -480.0 2833.0 0.9800558090 0.1380822510 -0.1429121345 -0.1401252896 -0.0297478866 -0.9896867871 -0.1409095228 0.9899739027 -0.0098057734
-153.3 -467.3 2411.3 0.9800558090 0.1473631561 0.1333217621 -0.1401252896 0.9881790876 -0.0621848032 -0.1409095228 0.0422628298 0.9891200066
88.1 -488.4 2820.4 0.9897570014 0.0196737107 0.1414001435 0.1418281198 -0.0223852172 -0.9896381497 -0.0163045824 0.9995558262 -0.0249462109
79.3 -478.4 2373.3 0.9897570014 -0.1414611042 0.0192305353 0.1418281198 0.9897034168 -0.0192840602 -0.0163045824 0.0218139645 0.9996290803
-162.0 -345.3 3101.0 0 0 0 0 0 0 0 0 0
149.3 -364.9 2883.8 0 0 0 0 0 0 0 0 0
-205.3 -816.1 2396.4 0 0 0 0 0 0 0 0 0
133.3 -856.4 2365.0 0 0 0 0 0 0 0 0 0
42.3 4.9 3186.0 6 0.9966833591 0.0695090145 0.0423179902 -0.0318664834 0.8118586540 -0.5829837918 -0.0748788565 0.5797016621 0.8113809824
27.7 -165.9 3064.0 0.9966833591 0.0695090145 0.0423179902 -0.0318664834 0.8118586540 -0.5829837918 -0.0748788565 0.5797016621 0.8113809824
12.8 -321.6 2941.5 0.9964416623 0.0747564510 0.0389289632 -0.0345389321 0.7834765911 -0.6204607487 -0.0768833756 0.6169083714 0.7832707167
-117.8 -160.9 3075.3 0.0677753761 -0.9710754156 0.2289519906 0.6150657535 0.2213522941 0.7567676902 -0.7855575681 0.0895303115 0.6122774482
-141.8 -378.3 3353.0 0.0644301325 -0.9710754156 -0.2299157977 -0.1181352809 0.2213522941 -0.9680119753 0.9909050465 0.0895303115 -0.1004565135
173.2 -170.9 3052.8 0.5336430073 0.7437104583 0.4026411176 -0.8398333788 0.4099928141 0.3557889760 0.0995240211 -0.5280157328 0.8433826566
314.9 -393.9 3079.2 -0.6212192178 0.7437104583 0.2469441593 0.1320875734 0.4099928141 -0.9024736881 -0.7724244595 -0.5280157328 -0.3529303372
-99.1 -476.8 2833.3 0.9814188480 0.1272504032 -0.1436119080 -0.1424018592 -0.0186040476 -0.9896340966 -0.1286031008 0.9916961193 -0.0001376691
-153.2 -468.9 2411.4 0.9814188480 0.1491491050 0.1207128465 -0.1424018592 0.9878171086 -0.0627618879 -0.1286031008 0.0444059633 0.9907014370
83.4 -485.9 2819.1 0.9912912846 0.0068266299 0.1315102875 0.1316398233 -0.0245391913 -0.9909938574 -0.0035379918 0.9996755719 -0.0252241436
80.4 -474.9 2372.7 0.9912912846 -0.1314702183 0.0075591113 0.1316398233 0.9908417463 -0.0300592128 -0.0035379918 0.0307925157 0.9995195270
-158.5 -347.6 3095.6 0 0 0 0 0 0 0 0 0
153.5 -359.6 2878.6 0 0 0 0 0 0 0 0 0
-205.7 -816.6 2395.8 0 0 0 0 0 0 0 0 0
130.6 -853.5 2360.9 0 0 0 0 0 0 0 0 0
41.0 5.4 3186.9 7 0.9976165295 0.0612767227 0.0317244530 -0.0311676618 0.8103527427 -0.5851128101 -0.0615617931 0.5827294588 0.8103311062
28.1 -164.8 3064.5 0.9976165295 0.0612767227 0.0317244530 -0.0311676618 0.8103527427 -0.5851128101 -0.0615617931 0.5827294588 0.8103311062
14.9 -320.6 2941.9 0.9973927736 0.0661014095 0.0289535280 -0.0339685827 0.7840272784 -0.6197962761 -0.0636697561 0.6171967983 0.7842284441
-117.6 -159.8 3073.8 0.0778175071 -0.9723168612 0.2203277349 0.6144776940 0.2208069414 0.7574043870 -0.7850869894 0.0764471591 0.6146497130
-145.1 -377.1 3351.4 0.0513272695 -0.9723168612 -0.2279591709 -0.1173474714 0.2208069414 -0.9682323337 0.9917636514 0.0764471591 -0.1027655080
173.8 -169.7 3055.2 0.5327935219 0.7504019737 0.3911878467 -0.8394157887 0.4100280404 0.3567325473 0.1072948202 -0.5184340477 0.8483595848
315.2 -392.6 3083.7 -0.6110074520 0.7504019737 0.2521243989 0.1311259121 0.4100280404 -0.9025979042 -0.7806893587 -0.5184340477 -0.3489273489
-93.4 -474.0 2826.0 0.9797989130 0.1449204534 -0.1378118545 -0.1365619302 -0.0185861662 -0.9904571772 -0.1460988969 0.9892687201 0.0015799098
-154.3 -466.2 2410.1 0.9797989130 0.1439036429 0.1388732642 -0.1365619302 0.9887472987 -0.0610708781 -0.1460988969 0.0408723801 0.9884253144
89.3 -480.4 2811.9 0.9893996716 0.0260986872 0.1428534538 0.1431704611 -0.0107015241 -0.9896401763 -0.0242995601 0.9996020794 -0.0143246464
77.8 -475.7 2371.9 0.9893996716 -0.1425263584 0.0278296545 0.1431704611 0.9894375801 -0.0227055941 -0.0242995601 0.0264492929 0.9993547797
-158.4 -346.6 3093.8 0 0 0 0 0 0 0 0 0
156.5 -358.6 2880.9 0 0 0 0 0 0 0 0 0
-205.3 -816.3 2395.7 0 0 0 0 0 0 0 0 0
132.3 -853.7 2361.8 0 0 0 0 0 0 0 0 0
41.3 6.4 3186.8 8 0.9985073209 0.0504962057 0.0208155066 -0.0292063598 0.8156862855 -0.5777567029 -0.0461534448 0.5762863755 0.8159435391
30.7 -166.0 3065.0 0.9985073209 0.0504962057 0.0208155066 -0.0292063598 0.8156862855 -0.5777567029 -0.0461534448 0.5762863755 0.8159435391
19.4 -322.4 2942.9 0.9982221723 0.0567431040 0.0182402767 -0.0334672667 0.7868471742 -0.6162397265 -0.0493196659 0.6145337224 0.7873473763
-115.1 -161.1 3072.2 0.0885736495 -0.9734629393 0.2110084891 0.6110123396 0.2204024196 0.7603201270 -0.7866503000 0.0615844615 0.6143196821
-146.5 -377.2 3350.3 0.0372581817 -0.9734629393 -0.2257912755 -0.1128770486 0.2204024196 -0.9688557982 0.9929101467 0.0615844615 -0.1016698331
176.4 -170.9 3057.8 0.5318046808 0.7574204803 0.3788112700 -0.8385123014 0.4082658887 0.3608546853 0.1186630130 -0.5095421076 0.8522241116
317.7 -393.6 3089.3 -0.5999218225 0.7574204803 0.2576975226 0.1271490604 0.4082658887 -0.9039646387 -0.7898904681 -0.5095421076 -0.3412329257
-89.6 -473.2 2825.1 0.9778820872 0.1485270709 -0.1472626925 -0.1475904882 -0.0088737924 -0.9890087247 -0.1482013464 0.9888685346 0.0132436603
-152.2 -469.5 2408.8 0.9778820872 0.1541830897 0.1413299888 -0.1475904882 0.9874584079 -0.0560623631 -0.1482013464 0.0339634195 0.9883738160
93.3 -479.5 2813.4 0.9893107414 0.0331587754 0.1420025229 0.1422045231 -0.0038030671 -0.9898300171 -0.0322815068 0.9994428754 -0.0084777428
78.6 -477.8 2372.2 0.9893107414 -0.1415711790 0.0349545553 0.1422045231 0.9897024632 -0.0163387936 -0.0322815068 0.0211348403 0.9992553592
-156.1 -347.9 3092.4 0 0 0 0 0 0 0 0 0
161.8 -360.5 2884.1 0 0 0 0 0 0 0 0 0
-206.4 -816.9 2396.8 0 0 0 0 0 0 0 0 0
132.7 -856.0 2364.1 0 0 0 0 0 0 0 0 0
41.5 4.3 3186.8 9 0.9973181486 0.0619630069 0.0389496796 -0.0279357936 0.8141826987 -0.5799363256 -0.0676467568 0.5772929192 0.8137301803
28.5 -165.9 3066.1 0.9973181486 0.0619630069 0.0389496796 -0.0279357936 0.8141826987 -0.5799363256 -0.0676467568 0.5772929192 0.8137301803
15.3 -322.1 2944.0 0.9971444011 0.0664151385 0.0359453782 -0.0301017053 0.7860844731 -0.6173856854 -0.0692598596 0.6145406961 0.7858389616
-117.1 -161.5 3076.2 0.0708781779 -0.9727633595 0.2206981927 0.6125430465 0.2170692533 0.7600473762 -0.7872530222 0.0813163742 0.6112449169
-142.1 -378.1 3354.6 0.0574077144 -0.9727633595 -0.2245790809 -0.1142704934 0.2170692533 -0.9694448113 0.9917895794 0.0813163742 -0.0986967087
174.2 -170.3 3056.0 0.5367612243 0.7457820773 0.3945839703 -0.8369649649 0.4115192294 0.3607513905 0.1066630185 -0.5238903165 0.8450810313
316.7 -392.6 3084.3 -0.6159614325 0.7457820773 0.2537728548 0.1263869256 0.4115192294 -0.9025952816 -0.7775717974 -0.5238903165 -0.3477370739
-83.4 -475.7 2825.3 0.9753400683 0.1662558168 -0.1451576352 -0.1449794173 -0.0132737281 -0.9893456101 -0.1664112359 0.9859933257 0.0111572733
-154.0 -470.0 2406.6 0.9753400683 0.1512899697 0.1606956124 -0.1449794173 0.9881520271 -0.0503638573 -0.1664112359 0.0258243326 0.9857181907
99.6 -481.8 2816.3 0.9873038530 0.0487384982 0.1511807740 0.1515367180 -0.0036713749 -0.9884448051 -0.0476202741 0.9988048077 -0.0110104345
78.0 -480.2 2374.1 0.9873038530 -0.1499353647 0.0524447784 0.1515367180 0.9880549908 -0.0279990640 -0.0476202741 0.0355908945 0.9982312322
-157.1 -348.5 3096.9 0 0 0 0 0 0 0 0 0
156.7 -359.7 2882.3 0 0 0 0 0 0 0 0 0
-206.9 -815.3 2397.6 0 0 0 0 0 0 0 0 0
135.3 -857.7 2360.5 0 0 0 0 0 0 0 0 0
41.0 6.0 3187.8 0 0.9993536472 0.0358814038 0.0022043616 -0.0281228926 0.8185176253 -0.5737926364 -0.0223927945 0.5733597875 0.8189976215
33.4 -166.4 3067.0 0.9993536472 0.0358814038 0.0022043616 -0.0281228926 0.8185176253 -0.5737926364 -0.0223927945 0.5733597875 0.8189976215
23.3 -322.8 2944.8 0.9987203479 0.0505737849 -0.0000612191 -0.0398824327 0.7868442535 -0.6158615947 -0.0310982801 0.6150758862 0.7878543735
-112.4 -160.6 3071.5 0.1068178117 -0.9730266333 0.2044727802 0.6101596951 0.2265228033 0.7592052221 -0.7850446701 0.0436644182 0.6178983450
-150.1 -376.2 3349.0 0.0184165239 -0.9730266333 -0.2299565077 -0.1123971194 0.2265228033 -0.9674990177 0.9934926629 0.0436644182 -0.1051936224
179.2 -172.2 3062.4 0.5239241719 0.7692263126 0.3657791018 -0.8420088887 0.4029246867 0.3587097824 0.1285475641 -0.4959259927 0.8587973714
318.3 -395.7 3096.6 -0.5845890641 0.7692263126 0.2579661310 0.1304354072 0.4029246867 -0.9058908820 -0.8007760048 -0.4959259927 -0.3358797133
-89.3 -475.6 2828.3 0.9776852131 0.1490406096 -0.1480490565 -0.1470478177 -0.0177772772 -0.9889696240 -0.1500285417 0.9886712432 0.0045355163
-153.4 -467.9 2403.1 0.9776852131 0.1512320638 0.1458097547 -0.1470478177 0.9883553386 -0.0391232148 -0.1500285417 0.0168091804 0.9885387421
93.6 -481.1 2815.6 0.9881790876 0.0363126397 0.1489412636 0.1490586400 -0.0005317602 -0.9888282418 -0.0358277597 0.9993403554 -0.0059381868
77.6 -480.9 2376.2 0.9881790876 -0.1483033001 0.0388360396 0.1490586400 0.9886766672 -0.0173194129 -0.0358277597 0.0229035281 0.9990954995
-154.9 -347.1 3091.1 0 0 0 0 0 0 0 0 0
166.5 -361.9 2888.7 0 0 0 0 0 0 0 0 0
-206.3 -813.8 2397.3 0 0 0 0 0 0 0 0 0
134.3 -858.6 2367.5 0 0 0 0 0 0 0 0 0
41.3 5.2 3187.3 1 0.9990960360 0.0412216112 -0.0103841368 -0.0395822488 0.8130367398 -0.5808653235 -0.0155015206 0.5807512999 0.8139334321
32.6 -166.2 3064.9 0.9990960360 0.0412216112 -0.0103841368 -0.0395822488 0.8130367398 -0.5808653235 -0.0155015206 0.5807512999 0.8139334321
22.6 -321.7 2941.5 0.9986396432 0.0505752489 -0.0126903700 -0.0475152917 0.7824102044 -0.6209481359 -0.0214755312 0.6207063794 0.7837489247
-113.2 -159.3 3068.0 0.1193683743 -0.9716123343 0.2042562515 0.6142502427 0.2338995337 0.7536495924 -0.7800306678 0.0355025195 0.6247333288
-155.4 -376.4 3343.8 0.0076283272 -0.9716123343 -0.2364555597 -0.1190142184 0.2338995337 -0.9649490118 0.9928632379 0.0355025195 -0.1138514206
178.4 -173.1 3061.7 0.5162146688 0.7772012353 0.3598342240 -0.8468019962 0.4002459049 0.3503279090 0.1282531321 -0.4855527282 0.8647483587
315.5 -398.0 3095.8 -0.5755550265 0.7772012353 0.2543513477 0.1402619034 0.4002459049 -0.9056102037 -0.8056444526 -0.4855527282 -0.3393752575
-78.2 -475.5 2825.5 0.9735310674 0.1744767278 -0.1476318836 -0.1474038363 -0.0143380668 -0.9889724851 -0.1746694446 0.9845569134 0.0117599862
-153.4 -469.3 2401.4 0.9735310674 0.1520992965 0.1705963314 -0.1474038363 0.9882698059 -0.0399360247 -0.1746694446 0.0137324082 0.9845313430
104.8 -482.8 2819.8 0.9863100648 0.0611369163 0.1531492919 0.1534831375 -0.0007744412 -0.9881509542 -0.0602938980 0.9981290698 -0.0101473257
77.5 -482.5 2374.4 0.9863100648 -0.1520948708 0.0637148470 0.1534831375 0.9879969358 -0.0174639262 -0.0602938980 0.0270040017 0.9978153110
-157.4 -345.5 3085.9 0 0 0 0 0 0 0 0 0
166.0 -361.5 2886.5 0 0 0 0 0 0 0 0 0
-206.6 -815.4 2396.6 0 0 0 0 0 0 0 0 0
135.6 -860.0 2364.1 0 0 0 0 0 0 0 0 0
41.1 5.5 3187.5 2 0.9985185862 0.0542771183 -0.0038259323 -0.0462116115 0.8088164330 -0.5862426162 -0.0287250839 0.5855509639 0.8101264834
29.7 -164.0 3064.8 0.9985185862 0.0542771183 -0.0038259323 -0.0462116115 0.8088164330 -0.5862426162 -0.0287250839 0.5855509639 0.8101264834
17.9 -318.7 2940.7 0.9982132912 0.0593814030 -0.0066412636 -0.0504755154 0.7785402536 -0.6255615950 -0.0319762342 0.6247791052 0.7801465392
-116.1 -156.6 3069.5 0.1133437306 -0.9704378843 0.2130809873 0.6184661984 0.2367591262 0.7492961287 -0.7775942087 0.0468553714 0.6270182133
-156.1 -375.3 3344.4 0.0173969995 -0.9704378843 -0.2407231778 -0.1250128895 0.2367591262 -0.9634920359 0.9920026064 0.0468553714 -0.1171983480
175.5 -171.4 3060.1 0.5148780942 0.7734549046 0.3696864247 -0.8490990400 0.4007431567 0.3441449404 0.1180312932 -0.4910930693 0.8630737066
312.2 -396.8 3091.5 -0.5833154321 0.7734549046 0.2480132878 0.1468634605 0.4007431567 -0.9043428898 -0.7988581061 -0.4910930693 -0.3473519385
-79.0 -472.8 2820.2 0.9736690521 0.1725227088 -0.1490117311 -0.1488668323 -0.0138523914 -0.9887602329 -0.1726477593 0.9849081039 0.0121952631
-152.5 -466.9 2400.8 0.9736690521 0.1532295644 0.1687876731 -0.1488668323 0.9881159663 -0.0382821411 -0.1726477593 0.0121472487 0.9849087000
104.1 -481.5 2816.3 0.9859073758 0.0637432784 0.1546719819 0.1551386863 -0.0024083627 -0.9878897667 -0.0625988245 0.9979634285 -0.0122634713
76.0 -480.5 2376.5 0.9859073758 -0.1525763720 0.0686081424 0.1551386863 0.9873182774 -0.0336830989 -0.0625988245 0.0438521914 0.9970749021
-160.7 -342.8 3086.7 0 0 0 0 0 0 0 0 0
160.7 -358.7 2883.9 0 0 0 0 0 0 0 0 0
-206.3 -813.9 2396.6 0 0 0 0 0 0 0 0 0
134.3 -857.7 2359.8 0 0 0 0 0 0 0 0 0
39.8 4.1 3188.1 3 0.9990347624 0.0428472795 -0.0096744495 -0.0404610708 0.8118994236 -0.5823935270 -0.0170992967 0.5822228193 0.8128494024
30.7 -167.0 3065.4 0.9990347624 0.0428472795 -0.0096744495 -0.0404610708 0.8118994236 -0.5823935270 -0.0170992967 0.5822228193 0.8128494024
21.6 -323.1 2942.8 0.9988824725 0.0458096713 -0.0116329640 -0.0432055034 0.7852450013 -0.6176759601 -0.0191608053 0.6174882650 0.7863466740
-115.2 -160.7 3068.2 0.1183959246 -0.9726716876 0.1997304261 0.6113967299 0.2299038619 0.7571910024 -0.7824170589 0.0324662067 0.6219079494
-157.0 -377.0 3344.9 0.0059981351 -0.9726716876 -0.2321074307 -0.1149018332 0.2299038619 -0.9664066434 0.9933587313 0.0324662067 -0.1103827581
176.6 -173.3 3062.6 0.5197220445 0.7764757276 0.3563347161 -0.8439066410 0.4016205668 0.3556999564 0.1330810338 -0.4855783582 0.8640041351
314.6 -397.4 3098.0 -0.5744403601 0.7764757276 0.2590437531 0.1343600154 0.4016205668 -0.9058964252 -0.8074439168 -0.4855783582 -0.3350343704
-85.4 -468.8 2819.5 0.9760049582 0.1614948213 -0.1460605860 -0.1475594938 -0.0027389533 -0.9890493751 -0.1601264030 0.9868697524 0.0211568624
-153.9 -467.6 2400.6 0.9760049582 0.1517880857 0.1561238319 -0.1475594938 0.9883075953 -0.0383959189 -0.1601264030 0.0144370543 0.9869909286
97.7 -478.0 2813.6 0.9887298942 0.0418774895 0.1437340975 0.1437733471 0.0020886802 -0.9896084666 -0.0417425297 0.9991205931 -0.0039557265
79.3 -479.0 2375.3 0.9887298942 -0.1420484483 0.0472805835 0.1437733471 0.9889801741 -0.0353191346 -0.0417425297 0.0417187698 0.9982570410
-158.6 -347.1 3086.9 0 0 0 0 0 0 0 0 0
165.4 -362.5 2888.2 0 0 0 0 0 0 0 0 0
-207.3 -814.8 2395.6 0 0 0 0 0 0 0 0 0
133.6 -856.8 2359.3 0 0 0 0 0 0 0 0 0
39.0 5.5 3189.0 4 0.9963791370 0.0075878655 -0.0846823230 -0.0554665253 0.8128781915 -0.5797866583 0.0644370690 0.5823843479 0.8103557229
37.4 -165.7 3066.3 0.9963791370 0.0075878655 -0.0846823230 -0.0554665253 0.8128781915 -0.5797866583 0.0644370690 0.5823843479 0.8103557229
35.4 -322.3 2944.2 0.9963265061 0.0100075891 -0.0850490108 -0.0602511764 0.7876714468 -0.6131423116 0.0608546026 0.6160142422 0.7853808999
-107.6 -156.9 3057.4 0.1909663677 -0.9681648612 0.1618292183 0.6060857177 0.2459817827 0.7564080358 -0.7721346617 -0.0463661179 0.6337651014
-175.0 -370.7 3329.8 -0.0752351061 -0.9681648612 -0.2387394607 -0.1092918962 0.2459817827 -0.9630930424 0.9911583662 -0.0463661179 -0.1243190393
182.5 -174.4 3075.1 0.4916554689 0.8198254108 0.2935323417 -0.8526762128 0.3848555982 0.3533120751 0.1766866446 -0.4239958823 0.8882619739
