218.5 -49.0 2818.3 18 0.9857507348 0.1540765315 0.0674978346 -0.0418880470 0.6134654284 -0.7886098623 -0.1629138738 0.7745453715 0.6111779809
187.8 -171.2 2664.0 0.9857507348 0.1540765315 0.0674978346 -0.0418880470 0.6134654284 -0.7886098623 -0.1629138738 0.7745453715 0.6111779809
157.2 -293.8 2510.5 0.9856750369 0.1542851627 0.0681232959 -0.0421898700 0.6166388988 -0.7861148119 -0.1632933319 0.7719796300 0.6143148541
49.1 -165.3 2687.0 0.3208218217 -0.4664234221 -0.8243315816 0.4962173104 0.8241030574 -0.2731711864 0.8067476153 -0.3214083314 0.4958376288
-39.9 -303.0 2463.2 -0.2267522365 -0.4664234221 -0.8550044298 0.2398191541 0.8241030574 -0.5131675005 0.9439651370 -0.3214083314 -0.0750099570
326.5 -177.2 2641.0 -0.0741686448 0.1215969175 0.9898046255 -0.4006645381 0.9052737355 -0.1412351876 -0.9132179022 -0.4070548415 -0.0184233505
305.4 -291.2 2381.2 -0.4802135229 0.1010808647 0.8713079691 -0.3454411924 0.8912696838 -0.2937834263 -0.8062663078 -0.4420644343 -0.3930822909
42.5 -413.4 2367.8 0.9369071722 0.3351887763 -0.0992641971 -0.2492343336 0.4413688481 -0.8620184660 -0.2451267838 0.8323713541 0.4970622063
-90.8 -589.0 2036.6 0.9366052151 0.3503817618 0.0018095908 -0.2498137206 0.6713804603 -0.6977401972 -0.2456903458 0.6530550718 0.7163486481
216.9 -420.3 2342.1 0.9547370076 -0.0280879289 0.2961222231 0.2725520432 0.4813309014 -0.8330882192 -0.1191330552 0.8760887980 0.4671998322
228.1 -611.7 1993.8 0.9547370076 -0.0280879289 0.2961222231 0.2725520432 0.4813309014 -0.8330882192 -0.1191330552 0.8760887980 0.4671998322
19.1 -365.3 2217.8 0 0 0 0 0 0 0 0 0
180.6 -381.0 2171.6 0 0 0 0 0 0 0 0 0
-224.7 -845.5 1787.1 0 0 0 0 0 0 0 0 0
238.8 -795.7 1658.8 0 0 0 0 0 0 0 0 0
217.7 -48.2 2818.5 19 0.9841406345 0.1575502902 0.0815174580 -0.0327944346 0.6132085323 -0.7892400622 -0.1743322015 0.7740498781 0.6086502075
186.3 -170.5 2664.2 0.9841406345 0.1575502902 0.0815174580 -0.0327944346 0.6132085323 -0.7892400622 -0.1743322015 0.7740498781 0.6086502075
155.7 -293.1 2510.8 0.9846897721 0.1537121236 0.0822109058 -0.0306244045 0.6168308854 -0.7864996791 -0.1716047674 0.7719405293 0.6120944619
47.7 -166.2 2688.4 0.3193325996 -0.4222576022 -0.8483662009 0.4806030393 0.8437284827 -0.2390459776 0.8167297244 -0.3313921988 0.4723683000
-42.4 -301.7 2458.1 -0.2389631718 -0.4222576022 -0.8744112849 0.2490420640 0.8437284827 -0.4755000770 0.9385492206 -0.3313921988 -0.0964601338
324.8 -174.8 2640.1 -0.0641660839 0.1073203459 0.9921517372 -0.4084890485 0.9042692780 -0.1242326498 -0.9105050564 -0.4132546484 -0.0141842300
306.8 -289.7 2384.0 -0.4849844873 0.0910500884 0.8697700500 -0.3465913832 0.8931108713 -0.2867531180 -0.8029099703 -0.4405255914 -0.4015877545
36.1 -412.6 2372.1 0.9441773295 0.3173133433 -0.0885519162 -0.2291727364 0.4395431578 -0.8684939146 -0.2366623133 0.8403059244 0.4877262414
-90.1 -587.3 2038.0 0.9370250702 0.3491314352 0.0095521063 -0.2434023023 0.6723867059 -0.6990361214 -0.2504781783 0.6526893377 0.7150225639
215.5 -418.5 2341.6 0.9504756927 -0.0309714973 0.3092518747 0.2847544551 0.4855021238 -0.8265606761 -0.1245426238 0.8736867309 0.4702772498
227.8 -611.6 1994.2 0.9504756927 -0.0309714973 0.3092518747 0.2847544551 0.4855021238 -0.8265606761 -0.1245426238 0.8736867309 0.4702772498
19.8 -366.4 2214.1 0 0 0 0 0 0 0 0 0
180.7 -379.8 2175.3 0 0 0 0 0 0 0 0 0
-223.5 -844.3 1788.5 0 0 0 0 0 0 0 0 0
239.6 -797.2 1660.2 0 0 0 0 0 0 0 0 0
217.8 -49.6 2816.2 20 0.9824457765 0.1582140625 0.0988360867 -0.0196941122 0.6148188710 -0.7884224057 -0.1855057925 0.7726358175 0.6071420908
186.3 -171.9 2662.6 0.9824457765 0.1582140625 0.0988360867 -0.0196941122 0.6148188710 -0.7884224057 -0.1855057925 0.7726358175 0.6071420908
155.0 -294.4 2509.2 0.9824783802 0.1578064561 0.0991633162 -0.0195671692 0.6164543629 -0.7871474624 -0.1853466034 0.7714150548 0.6087408662
48.1 -169.1 2688.6 0.3110712171 -0.4178939164 -0.8535803556 0.4788843393 0.8447095156 -0.2390305996 0.8209168315 -0.3344106972 0.4628876746
-37.4 -300.7 2463.1 -0.2254951745 -0.4178939164 -0.8800662756 0.2601323128 0.8447095156 -0.4677574337 0.9388733506 -0.3344106972 -0.0817702115
324.6 -174.6 2636.5 -0.0670322776 0.0914052948 0.9935551286 -0.4131331742 0.9038770795 -0.1110279709 -0.9082002044 -0.4179130197 -0.0228263810
305.8 -290.4 2382.0 -0.4862827361 0.0836526155 0.8697881103 -0.3405485451 0.8985548615 -0.2768138051 -0.8047084808 -0.4308148324 -0.4084639549
34.8 -412.9 2373.1 0.9478836656 0.3101532161 -0.0729487166 -0.2118495256 0.4424978793 -0.8713870645 -0.2379838377 0.8414277434 0.4851423502
-88.5 -588.9 2038.5 0.9297236800 0.3679582775 0.0148510542 -0.2466920912 0.6522474289 -0.7167400718 -0.2734169960 0.6627065539 0.6971822977
213.7 -418.8 2338.9 0.9453018308 -0.0343463607 0.3243836164 0.2992173433 0.4873064458 -0.8203666210 -0.1298976243 0.8725553155 0.4709286988
227.4 -612.5 1991.9 0.9453018308 -0.0343463607 0.3243836164 0.2992173433 0.4873064458 -0.8203666210 -0.1298976243 0.8725553155 0.4709286988
21.2 -368.3 2219.1 0 0 0 0 0 0 0 0 0
179.4 -378.9 2172.8 0 0 0 0 0 0 0 0 0
-229.1 -838.1 1785.3 0 0 0 0 0 0 0 0 0
240.5 -798.8 1658.3 0 0 0 0 0 0 0 0 0
217.6 -49.4 2818.0 21 0.9838556051 0.1576625258 0.0846795216 -0.0302873608 0.6130264997 -0.7894815803 -0.1763824522 0.7741711736 0.6079047918
186.4 -171.0 2664.4 0.9838556051 0.1576625258 0.0846795216 -0.0302873608 0.6130264997 -0.7894815803 -0.1763824522 0.7741711736 0.6079047918
154.9 -293.1 2510.7 0.9837581515 0.1581746638 0.0848571137 -0.0306661464 0.6138951182 -0.7887917161 -0.1768602282 0.7733780146 0.6087749600
47.9 -166.7 2689.3 0.3147571087 -0.3972023427 -0.8620662689 0.4745898247 0.8524069190 -0.2194697857 0.8220051527 -0.3400481939 0.4568093121
-39.2 -298.0 2461.9 -0.2372699827 -0.3972023427 -0.8865287900 0.2625506520 0.8524069190 -0.4521831870 0.9352914691 -0.3400481939 -0.0979648307
324.8 -175.3 2639.5 -0.0715085194 0.1056749374 0.9918262362 -0.4065139890 0.9049524665 -0.1257276684 -0.9108418822 -0.4121818244 -0.0217534676
304.2 -292.2 2377.7 -0.4943614900 0.0922084972 0.8643519878 -0.3373422027 0.8960739970 -0.2885336578 -0.8011285663 -0.4342223108 -0.4118786454
33.5 -415.2 2372.9 0.9495022297 0.3018127680 -0.0857590139 -0.2194778174 0.4435670078 -0.8689520955 -0.2242209911 0.8438941240 0.4874090850
-86.5 -591.5 2037.3 0.9260241985 0.3774636686 0.0006348434 -0.2641372681 0.6492023468 -0.7132796049 -0.2696492970 0.6603465080 0.7008792758
213.7 -417.9 2340.7 0.9498326182 -0.0343130901 0.3108706772 0.2874623239 0.4873812497 -0.8245149851 -0.1232208833 0.8725148439 0.4727943540
227.4 -611.7 1993.8 0.9498326182 -0.0343130901 0.3108706772 0.2874623239 0.4873812497 -0.8245149851 -0.1232208833 0.8725148439 0.4727943540
22.5 -366.3 2218.8 0 0 0 0 0 0 0 0 0
175.7 -379.9 2169.4 0 0 0 0 0 0 0 0 0
-230.8 -839.7 1785.0 0 0 0 0 0 0 0 0 0
240.5 -798.0 1660.2 0 0 0 0 0 0 0 0 0
218.4 -51.6 2808.4 22 0.9821183085 0.1638521552 0.0927154198 -0.0295440815 0.6205081344 -0.7836432457 -0.1859323084 0.7668911815 0.6142532825
185.9 -174.6 2656.4 0.9821183085 0.1638521552 0.0927154198 -0.0295440815 0.6205081344 -0.7836432457 -0.1859323084 0.7668911815 0.6142532825
153.5 -297.1 2503.2 0.9823690653 0.1628666073 0.0917902812 -0.0285948254 0.6161049008 -0.7871448994 -0.1847520620 0.7706420422 0.6098995805
47.7 -170.6 2682.4 0.3258050084 -0.4021538198 -0.8556420803 0.4742087722 0.8524585366 -0.2200918794 0.8179102540 -0.3340459466 0.4684401453
-40.2 -298.5 2461.8 -0.2394621521 -0.4021538198 -0.8837025166 0.2542192638 0.8524585366 -0.4568226933 0.9370327592 -0.3340459466 -0.1018963084
324.2 -178.7 2630.4 -0.0652927011 0.1001690552 0.9928258061 -0.4085818231 0.9050380588 -0.1181820780 -0.9103832841 -0.4133670032 -0.0181651227
306.3 -290.5 2381.1 -0.4994210899 0.0848318115 0.8621960878 -0.3422593474 0.8949240446 -0.2863032520 -0.7958876491 -0.4380805492 -0.4179094434
33.2 -412.3 2373.2 0.9515153170 0.2969536185 -0.0802320167 -0.2127216160 0.4468363822 -0.8689572811 -0.2221894264 0.8438932300 0.4883401096
-84.8 -590.0 2037.6 0.9196550250 0.3926380873 0.0083656013 -0.2733691931 0.6553009152 -0.7041661739 -0.2819644511 0.6453030705 0.7099859118
211.3 -422.2 2333.0 0.9476905465 -0.0394522361 0.3167429566 0.2950121760 0.4871200323 -0.8219987154 -0.1218621507 0.8724434376 0.4732779562
227.0 -615.9 1986.1 0.9476905465 -0.0394522361 0.3167429566 0.2950121760 0.4871200323 -0.8219987154 -0.1218621507 0.8724434376 0.4732779562
22.1 -364.5 2218.3 0 0 0 0 0 0 0 0 0
176.4 -379.5 2174.2 0 0 0 0 0 0 0 0 0
-234.9 -840.4 1791.0 0 0 0 0 0 0 0 0 0
242.1 -802.2 1652.6 0 0 0 0 0 0 0 0 0
218.2 -52.2 2812.6 23 0.9814607501 0.1606031060 0.1046011075 -0.0162594877 0.6135557294 -0.7894840240 -0.1909721941 0.7731468081 0.6047921777
186.3 -174.0 2659.1 0.9814607501 0.1606031060 0.1046011075 -0.0162594877 0.6135557294 -0.7894840240 -0.1909721941 0.7731468081 0.6047921777
153.9 -295.9 2505.4 0.9810787439 0.1629792154 0.1045098454 -0.0177077428 0.6130701900 -0.7898299694 -0.1927977353 0.7730347514 0.6043561101
48.2 -171.5 2686.2 0.3190413713 -0.3817235231 -0.8674674630 0.4617002010 0.8619444370 -0.2094868124 0.8276747465 -0.3336749375 0.4512377381
-42.3 -302.5 2451.4 -0.2515488565 -0.3817235231 -0.8893876076 0.2505019903 0.8619444370 -0.4407953620 0.9348646402 -0.3336749375 -0.1211986393
324.3 -176.5 2632.0 -0.0769324452 0.0871140733 0.9932233095 -0.4121539295 0.9042980671 -0.1112389341 -0.9078603983 -0.4179187715 -0.0336654559
302.3 -294.8 2371.5 -0.5011729002 0.0763483942 0.8619725704 -0.3427281678 0.8971315622 -0.2787334919 -0.7945836186 -0.4351159334 -0.4234512746
31.0 -417.0 2366.9 0.9524970055 0.2971650958 -0.0666513965 -0.2007851154 0.4481934905 -0.8710958362 -0.2289865464 0.8430987597 0.4865692854
-87.1 -595.2 2031.7 0.9136853814 0.4057788253 0.0228607822 -0.2740520239 0.6566631198 -0.7026300430 -0.3001242280 0.6357177496 0.7111880183
211.5 -419.4 2334.1 0.9436730742 -0.0409213565 0.3283390701 0.3055614233 0.4884722531 -0.8173292279 -0.1269383132 0.8716193438 0.4734621048
227.7 -613.6 1987.5 0.9436730742 -0.0409213565 0.3283390701 0.3055614233 0.4884722531 -0.8173292279 -0.1269383132 0.8716193438 0.4734621048
23.1 -367.7 2208.4 0 0 0 0 0 0 0 0 0
172.0 -383.9 2164.9 0 0 0 0 0 0 0 0 0
-242.2 -846.2 1788.7 0 0 0 0 0 0 0 0 0
243.4 -800.4 1654.3 0 0 0 0 0 0 0 0 0
218.1 -56.5 2803.2 24 0.9800116420 0.1577971727 0.1211497039 -0.0013833022 0.6143658757 -0.7890200615 -0.1989353895 0.7730812430 0.6023039818
186.6 -178.9 2649.2 0.9800116420 0.1577971727 0.1211497039 -0.0013833022 0.6143658757 -0.7890200615 -0.1989353895 0.7730812430 0.6023039818
154.5 -301.4 2495.9 0.9793333411 0.1616632342 0.1215368137 -0.0039962125 0.6162648201 -0.7875288129 -0.2022133321 0.7707675695 0.6041747332
48.8 -178.3 2677.6 0.3253347576 -0.3598665893 -0.8744446039 0.4574865401 0.8692214489 -0.1875104308 0.8275647163 -0.3390429616 0.4474220574
-39.2 -302.2 2453.6 -0.2418538332 -0.3598665893 -0.9011119604 0.2640596628 0.8692214489 -0.4180030823 0.9336912036 -0.3390429616 -0.1151982844
324.4 -179.5 2620.7 -0.0781367198 0.0695145950 0.9945161343 -0.4226240814 0.9011855125 -0.0961955264 -0.9029305577 -0.4278228581 -0.0410371386
303.2 -294.5 2374.9 -0.4938148856 0.0720712394 0.8665751815 -0.3367637992 0.9029404521 -0.2669993341 -0.8017088175 -0.4236794114 -0.4216144681
31.5 -416.2 2369.4 0.9540771246 0.2948045731 -0.0531701855 -0.1858963370 0.4434807301 -0.8767938018 -0.2349028736 0.8464130759 0.4779179096
-85.8 -592.5 2032.9 0.9125020504 0.4072844088 0.0382027403 -0.2654478550 0.6605936885 -0.7022488117 -0.3112514913 0.6306626201 0.7109058499
212.2 -424.3 2324.1 0.9379830956 -0.0389372148 0.3444874287 0.3185979724 0.4885903001 -0.8122652769 -0.1366858631 0.8716440797 0.4706947803
227.7 -618.6 1977.6 0.9379830956 -0.0389372148 0.3444874287 0.3185979724 0.4885903001 -0.8122652769 -0.1366858631 0.8716440797 0.4706947803
23.6 -370.8 2210.9 0 0 0 0 0 0 0 0 0
174.8 -382.1 2166.5 0 0 0 0 0 0 0 0 0
-241.4 -845.0 1791.8 0 0 0 0 0 0 0 0 0
242.6 -805.4 1644.3 0 0 0 0 0 0 0 0 0
218.0 -54.6 2812.5 25 0.9848983884 0.1533536464 0.0803609267 -0.0305726975 0.6109101176 -0.7911094427 -0.1704128236 0.7767055631 0.6063728333
187.5 -176.0 2658.0 0.9848983884 0.1533536464 0.0803609267 -0.0305726975 0.6109101176 -0.7911094427 -0.1704128236 0.7767055631 0.6063728333
156.7 -297.9 2504.0 0.9846531749 0.1547336131 0.0807193294 -0.0315464363 0.6126996279 -0.7896860242 -0.1716476679 0.7750204206 0.6081779599
49.0 -171.6 2682.2 0.3127492070 -0.3614162207 -0.8783884645 0.4619641900 0.8659108877 -0.1918004602 0.8299258947 -0.3457985520 0.4377743006
-41.4 -305.1 2442.4 -0.2627500892 -0.3614162207 -0.8946176171 0.2612541914 0.8659108877 -0.4265496135 0.9288210869 -0.3457985520 -0.1330966651
325.9 -180.5 2633.9 -0.0818662941 0.1093893722 0.9906219840 -0.3994153738 0.9070465565 -0.1331687719 -0.9131075144 -0.4065716565 -0.0305647422
301.8 -297.9 2365.5 -0.5052965283 0.0917000100 0.8580597043 -0.3343677819 0.8958562613 -0.2926427126 -0.7955335379 -0.4347788692 -0.4220115542
32.5 -423.6 2361.3 0.9465988278 0.3094388247 -0.0905445367 -0.2256797850 0.4353616536 -0.8715095520 -0.2302592695 0.8454039693 0.4819469154
-90.5 -596.7 2025.2 0.9187943935 0.3942516744 0.0195571631 -0.2796429098 0.6850694418 -0.6726661325 -0.2785977423 0.6125728488 0.7396876812
216.2 -422.6 2334.2 0.9510490298 -0.0304833874 0.3075329363 0.2832159698 0.4841971993 -0.8278537393 -0.1236708015 0.8744277358 0.4691286385
228.4 -615.1 1986.5 0.9510490298 -0.0304833874 0.3075329363 0.2832159698 0.4841971993 -0.8278537393 -0.1236708015 0.8744277358 0.4691286385
26.9 -373.0 2201.0 0 0 0 0 0 0 0 0 0
170.5 -384.8 2158.7 0 0 0 0 0 0 0 0 0
-241.1 -858.4 1791.1 0 0 0 0 0 0 0 0 0
240.0 -800.2 1652.2 0 0 0 0 0 0 0 0 0
218.6 -53.7 2815.6 26 0.9842535853 0.1594682485 0.0762541816 -0.0371163376 0.6082295179 -0.7928929329 -0.1728212982 0.7775774598 0.6045709848
186.9 -174.6 2661.1 0.9842535853 0.1594682485 0.0762541816 -0.0371163376 0.6082295179 -0.7928929329 -0.1728212982 0.7775774598 0.6045709848
155.2 -296.0 2506.9 0.9841583967 0.1598510742 0.0766800642 -0.0374795906 0.6103200912 -0.7912677526 -0.1732843816 0.7758588791 0.6066427827
48.5 -169.3 2685.5 0.3009503484 -0.3507981598 -0.8867747784 0.4641010463 0.8662136793 -0.1851595193 0.8330900669 -0.3558292985 0.4234931171
-38.5 -303.5 2444.7 -0.2514022291 -0.3507981598 -0.9020740390 0.2789148092 0.8662136793 -0.4145845771 0.9268243909 -0.3558292985 -0.1199252382
325.4 -179.9 2636.7 -0.0731528550 0.1148266271 0.9906883836 -0.3951027691 0.9087369442 -0.1345025301 -0.9157196283 -0.4012629688 -0.0211083889
304.4 -293.3 2373.8 -0.4957735240 0.0888482407 0.8638949990 -0.3468524516 0.8917124867 -0.2907614410 -0.7961795926 -0.4437959194 -0.4112702310
35.7 -416.8 2365.6 0.9434082508 0.3188036382 -0.0913516432 -0.2331584841 0.4417251647 -0.8663232327 -0.2358346730 0.8385959268 0.4910589457
-91.0 -592.4 2032.3 0.9264010787 0.3762806952 0.0139247030 -0.2661598027 0.6805464029 -0.6826533675 -0.2663456798 0.6287046075 0.7306097150
213.7 -420.8 2336.7 0.9524019361 -0.0348026231 0.3028520048 0.2809916437 0.4854672253 -0.8278679252 -0.1182127520 0.8735618591 0.4721391797
227.5 -613.8 1989.4 0.9524019361 -0.0348026231 0.3028520048 0.2809916437 0.4854672253 -0.8278679252 -0.1182127520 0.8735618591 0.4721391797
26.9 -376.0 2203.9 0 0 0 0 0 0 0 0 0
175.5 -383.5 2166.9 0 0 0 0 0 0 0 0 0
-234.8 -852.4 1792.0 0 0 0 0 0 0 0 0 0
240.8 -799.4 1655.4 0 0 0 0 0 0 0 0 0
219.4 -55.9 2812.7 27 0.9839196205 0.1562883258 0.0864645913 -0.0268478226 0.6080043912 -0.7934796214 -0.1765824407 0.7783987522 0.6024234295
188.3 -177.0 2657.7 0.9839196205 0.1562883258 0.0864645913 -0.0268478226 0.6080043912 -0.7934796214 -0.1765824407 0.7783987522 0.6024234295
157.1 -298.3 2503.3 0.9837889671 0.1568818539 0.0868754163 -0.0273559969 0.6100614667 -0.7918816805 -0.1772312224 0.7766679525 0.6044633985
49.9 -173.1 2682.6 0.3188992441 -0.3323901892 -0.8875922561 0.4587288201 0.8736203909 -0.1623431742 0.8293799758 -0.3553930223 0.4310738444
-39.3 -301.4 2450.6 -0.2517307103 -0.3323901892 -0.9089270830 0.2809706032 0.8736203909 -0.3972945511 0.9261140227 -0.3553930223 -0.1265252084
326.7 -180.8 2632.7 -0.0818694681 0.1039006859 0.9912124276 -0.3969542384 0.9088615179 -0.1280550659 -0.9141798019 -0.4039497674 -0.0331641845
303.7 -292.4 2375.8 -0.4819103479 0.0804968104 0.8725151420 -0.3546736836 0.8926282525 -0.2782469094 -0.8012296557 -0.4435482323 -0.4016166925
33.1 -413.9 2368.5 0.9485476613 0.3062793314 -0.0803135261 -0.2178291082 0.4471279085 -0.8675408363 -0.2297993898 0.8403984904 0.4908387065
-88.6 -591.6 2034.4 0.9271448255 0.3743898273 0.0153217362 -0.2599440217 0.6721035838 -0.6933295727 -0.2698733211 0.6388341188 0.7204577327
216.1 -422.1 2332.6 0.9493345022 -0.0301829278 0.3128145337 0.2873704433 0.4862817824 -0.8251959085 -0.1272091866 0.8732805848 0.4703177810
228.1 -615.4 1985.4 0.9493345022 -0.0301829278 0.3128145337 0.2873704433 0.4862817824 -0.8251959085 -0.1272091866 0.8732805848 0.4703177810
26.1 -374.5 2209.9 0 0 0 0 0 0 0 0 0
178.4 -384.6 2167.6 0 0 0 0 0 0 0 0 0
-231.7 -848.5 1790.3 0 0 0 0 0 0 0 0 0
239.7 -801.3 1651.5 0 0 0 0 0 0 0 0 0
218.0 -54.6 2806.7 28 0.9842289686 0.1472357064 0.0980558917 -0.0133599639 0.6145883799 -0.7887347937 -0.1763939410 0.7749856710 0.6068627834
188.6 -177.2 2652.2 0.9842289686 0.1472357064 0.0980558917 -0.0133599639 0.6145883799 -0.7887347937 -0.1763939410 0.7749856710 0.6068627834
158.9 -299.7 2498.4 0.9838364720 0.1496437937 0.0983492211 -0.0149871632 0.6161082983 -0.7875188589 -0.1784410775 0.7733157873 0.6083925366
50.2 -175.1 2677.3 0.3226466775 -0.3806337714 -0.8666123748 0.4692314267 0.8594732285 -0.2027995139 0.8220224977 -0.3412091732 0.4559115171
-38.6 -304.3 2451.0 -0.2474535555 -0.3806337714 -0.8910020590 0.2608587444 0.8594732285 -0.4396117330 0.9331234694 -0.3412091732 -0.1133880541
327.1 -179.3 2627.0 -0.0882723257 0.0904701129 0.9919794202 -0.4083413780 0.9050552845 -0.1188791767 -0.9085512161 -0.4155600071 -0.0429486409
302.3 -294.0 2371.8 -0.4753521383 0.0757929608 0.8765248060 -0.3560805023 0.8944621682 -0.2704516351 -0.8045166135 -0.4406731725 -0.3981961310
35.7 -417.0 2365.1 0.9444020391 0.3206695020 -0.0726349801 -0.2158099115 0.4378962219 -0.8727387786 -0.2480541170 0.8398916721 0.4827537239
-91.8 -591.1 2031.2 0.9341633320 0.3548566103 0.0376248024 -0.2368056029 0.6953382492 -0.6785483360 -0.2669493258 0.6249652505 0.7335914969
219.4 -423.5 2328.3 0.9454945326 -0.0242814552 0.3247313797 0.2946994603 0.4880492389 -0.8215596080 -0.1385362446 0.8724782467 0.4686036408
229.1 -617.6 1981.4 0.9454945326 -0.0242814552 0.3247313797 0.2946994603 0.4880492389 -0.8215596080 -0.1385362446 0.8724782467 0.4686036408
25.7 -372.1 2208.4 0 0 0 0 0 0 0 0 0
178.7 -386.6 2162.7 0 0 0 0 0 0 0 0 0
-227.4 -856.8 1792.5 0 0 0 0 0 0 0 0 0
238.4 -804.2 1647.9 0 0 0 0 0 0 0 0 0
216.5 -54.5 2801.3 29 0.9854464531 0.1434862763 0.0911423415 -0.0175207444 0.6190571785 -0.7851504683 -0.1690806448 0.7721269131 0.6125617027
187.9 -177.9 2647.3 0.9854464531 0.1434862763 0.0911423415 -0.0175207444 0.6190571785 -0.7851504683 -0.1690806448 0.7721269131 0.6125617027
159.4 -301.7 2494.3 0.9853862524 0.1434905976 0.0917847455 -0.0177814309 0.6225586534 -0.7823711038 -0.1694042832 0.7693056464 0.6160121560
49.2 -175.4 2671.1 0.3009274900 -0.4232402444 -0.8545819521 0.4780199826 0.8423575163 -0.2488587797 0.8251906037 -0.3336188197 0.4558058381
-32.1 -304.7 2447.9 -0.2211540937 -0.4232402444 -0.8786117435 0.2610355318 0.8423575163 -0.4714809060 0.9396548867 -0.3336188197 -0.0758100674
326.6 -180.4 2623.4 -0.0894638374 0.0958769470 0.9913646579 -0.4103081226 0.9034224153 -0.1243993565 -0.9075480700 -0.4178942144 -0.0414845422
301.2 -296.6 2366.4 -0.4796516299 0.0829782784 0.8735266924 -0.3509403169 0.8942878842 -0.2776510119 -0.8042233586 -0.4397315085 -0.3998261988
38.9 -420.8 2361.1 0.9406480789 0.3296514153 -0.0806917697 -0.2268792391 0.4339706004 -0.8718917966 -0.2524025142 0.8384506106 0.4830046594
-92.1 -593.3 2027.7 0.9350838661 0.3527941108 0.0339779630 -0.2381330281 0.6963777542 -0.6770160198 -0.2625087500 0.6249754429 0.7351835370
221.3 -427.1 2325.9 0.9472671747 -0.0210321005 0.3197538853 0.2892642617 0.4854743779 -0.8250095844 -0.1378806233 0.8739978671 0.4659577906
229.6 -620.1 1978.3 0.9472671747 -0.0210321005 0.3197538853 0.2892642617 0.4854743779 -0.8250095844 -0.1378806233 0.8739978671 0.4659577906
25.3 -372.6 2203.8 0 0 0 0 0 0 0 0 0
176.6 -387.9 2157.3 0 0 0 0 0 0 0 0 0
-227.0 -859.4 1788.9 0 0 0 0 0 0 0 0 0
237.7 -805.7 1644.2 0 0 0 0 0 0 0 0 0
216.5 -55.8 2797.0 30 0.9833778143 0.1517263353 0.0997356400 -0.0172941498 0.6250635982 -0.7803822160 -0.1807456613 0.7656857371 0.6172976494
186.2 -180.5 2644.2 0.9833778143 0.1517263353 0.0997356400 -0.0172941498 0.6250635982 -0.7803822160 -0.1807456613 0.7656857371 0.6172976494
156.1 -304.9 2492.1 0.9833794236 0.1516382694 0.0998536199 -0.0172875039 0.6256705523 -0.7798958421 -0.1807375252 0.7652072906 0.6178929806
47.8 -178.1 2669.7 0.2973370254 -0.3929724991 -0.8701513410 0.4676564038 0.8545025587 -0.2261036932 0.8323990703 -0.3397028446 0.4378513396
-34.1 -307.0 2440.2 -0.2472630441 -0.3929724991 -0.8856825829 0.2576229870 0.8545025587 -0.4510607421 0.9340724945 -0.3397028446 -0.1100481525
324.6 -182.9 2618.8 -0.0858526528 0.0908074975 0.9921609163 -0.4070170224 0.9057511687 -0.1181184277 -0.9093769789 -0.4139671624 -0.0408009440
300.4 -297.7 2362.4 -0.4822320640 0.0763454288 0.8727105260 -0.3515743613 0.8955870867 -0.2726154923 -0.8024012446 -0.4382865429 -0.4050397277
40.5 -423.8 2356.9 0.9374530911 0.3406295180 -0.0717860758 -0.2273787111 0.4430148900 -0.8672004938 -0.2635917962 0.8292824030 0.4927575588
-95.0 -599.9 2027.3 0.9331201315 0.3584542871 0.0282367840 -0.2356131971 0.6688817739 -0.7050415874 -0.2716122270 0.6512355208 0.7086036205
216.2 -430.8 2323.4 0.9448127747 -0.0307091046 0.3261682987 0.3000610173 0.4807390571 -0.8239255548 -0.1314998269 0.8763257861 0.4634230137
228.4 -622.0 1975.0 0.9448127747 -0.0307091046 0.3261682987 0.3000610173 0.4807390571 -0.8239255548 -0.1314998269 0.8763257861 0.4634230137
30.1 -373.9 2197.5 0 0 0 0 0 0 0 0 0
175.0 -389.1 2153.8 0 0 0 0 0 0 0 0 0
-231.9 -855.4 1778.5 0 0 0 0 0 0 0 0 0
240.1 -805.8 1640.0 0 0 0 0 0 0 0 0 0
216.5 -55.8 2796.9 31 0.9830805063 0.1484359205 0.1073287129 -0.0099830767 0.6284856200 -0.7777571082 -0.1829016507 0.7635264397 0.6193338037
187.0 -181.0 2644.8 0.9830805063 0.1484359205 0.1073287129 -0.0099830767 0.6284856200 -0.7777571082 -0.1829016507 0.7635264397 0.6193338037
156.5 -305.6 2493.0 0.9823712707 0.1532797515 0.1070137694 -0.0129338354 0.6268066764 -0.7790674567 -0.1864922196 0.7639493942 0.6177393794
48.7 -179.2 2671.1 0.3099619150 -0.3528677523 -0.8828408122 0.4624042809 0.8673019409 -0.1843086183 0.8307261467 -0.3511007130 0.4319981337
-38.5 -309.4 2437.2 -0.2884792984 -0.3528677523 -0.8900921345 0.2561153173 0.8673019409 -0.4268399179 0.9225966930 -0.3511007130 -0.1598238051
325.2 -182.8 2618.6 -0.0933759511 0.0839360654 0.9920865297 -0.4107834697 0.9044278860 -0.1151829138 -0.9069387317 -0.4182880521 -0.0499722697
298.6 -300.0 2359.9 -0.4830452502 0.0738493055 0.8724755645 -0.3495753109 0.8973128200 -0.2694936693 -0.8027853966 -0.4351735413 -0.4076268077
35.7 -427.7 2356.6 0.9403468966 0.3336209059 -0.0666691661 -0.2187787592 0.4429016411 -0.8694676757 -0.2605446875 0.8321869969 0.4894703329
-96.9 -603.7 2025.8 0.9318448901 0.3618835211 0.0265602320 -0.2347841263 0.6571362615 -0.7162739635 -0.2766614258 0.6612202525 0.6973135471
216.2 -431.4 2324.0 0.9425513148 -0.0304678977 0.3326690793 0.3059532642 0.4785576165 -0.8230280876 -0.1341253966 0.8775274158 0.4603868723
228.3 -621.7 1975.1 0.9425513148 -0.0304678977 0.3326690793 0.3059532642 0.4785576165 -0.8230280876 -0.1341253966 0.8775274158 0.4603868723
36.4 -375.9 2197.7 0 0 0 0 0 0 0 0 0
173.0 -390.9 2151.2 0 0 0 0 0 0 0 0 0
-235.2 -854.8 1773.1 0 0 0 0 0 0 0 0 0
239.9 -804.7 1639.6 0 0 0 0 0 0 0 0 0
215.3 -54.3 2799.3 32 0.9895401597 0.1330931932 0.0556454323 -0.0406774767 0.6275185347 -0.7775382996 -0.1384035945 0.7671418786 0.6263687015
188.8 -179.3 2646.6 0.9895401597 0.1330931932 0.0556454323 -0.0406774767 0.6275185347 -0.7775382996 -0.1384035945 0.7671418786 0.6263687015
160.9 -303.7 2494.1 0.9885826111 0.1401451975 0.0553506725 -0.0450687706 0.6255390644 -0.7788900733 -0.1437817067 0.7675026059 0.6247132421
49.9 -172.9 2666.8 0.3250456154 -0.3678241074 -0.8712351918 0.4866394103 0.8549831510 -0.1794043928 0.8108806610 -0.3656627536 0.4569062293
-41.7 -310.0 2438.3 -0.3125350177 -0.3678241074 -0.8758009076 0.2566893995 0.8549831510 -0.4506821632 0.9145668149 -0.3656627536 -0.1727956235
327.7 -185.6 2626.4 -0.1000455245 0.1319729239 0.9861916900 -0.3934450746 0.9051339030 -0.1610392630 -0.9138883352 -0.4041235149 -0.0386305004
298.7 -299.6 2361.6 -0.4796637297 0.1060008481 0.8710261583 -0.3495774269 0.8874084353 -0.3005026579 -0.8048095107 -0.4486312866 -0.3886021376
42.4 -423.2 2353.9 0.9435835481 0.3100551665 -0.1162577122 -0.2493680120 0.4343565404 -0.8655345440 -0.2178661674 0.8456950784 0.4871695340
-81.6 -597.0 2015.6 0.9348736405 0.3537346423 -0.0297162011 -0.2658158243 0.6421104074 -0.7190522552 -0.2352726161 0.6801220775 0.6943203807
223.7 -432.2 2328.4 0.9578476548 -0.0162736941 0.2868153453 0.2599547505 0.4740544856 -0.8412466049 -0.1222759113 0.8803451061 0.4583024085
230.1 -620.7 1978.4 0.9578476548 -0.0162736941 0.2868153453 0.2599547505 0.4740544856 -0.8412466049 -0.1222759113 0.8803451061 0.4583024085
39.4 -376.7 2200.8 0 0 0 0 0 0 0 0 0
174.0 -390.5 2152.4 0 0 0 0 0 0 0 0 0
-216.8 -842.3 1755.8 0 0 0 0 0 0 0 0 0
236.4 -801.9 1641.8 0 0 0 0 0 0 0 0 0
215.5 -57.5 2803.6 33 0.9889797568 0.1276076138 0.0750687420 -0.0196445100 0.6156696677 -0.7877594829 -0.1467416435 0.7776035070 0.6113916039
190.1 -180.2 2648.7 0.9889797568 0.1276076138 0.0750687420 -0.0196445100 0.6156696677 -0.7877594829 -0.1467416435 0.7776035070 0.6113916039
163.9 -303.0 2494.6 0.9884018302 0.1318109483 0.0754171908 -0.0223923493 0.6176900268 -0.7861028314 -0.1502013952 0.7752966881 0.6134774685
51.1 -177.0 2669.8 0.3272274137 -0.4013130069 -0.8554940820 0.4839390516 0.8487707973 -0.2130519152 0.8116188645 -0.3442905545 0.4719521105
-38.9 -310.2 2446.5 -0.2991414368 -0.4013130069 -0.8657149076 0.2338203341 0.8487707973 -0.4742532670 0.9251175523 -0.3442905545 -0.1600673795
329.0 -183.3 2627.6 -0.0889480636 0.1092481464 0.9900268316 -0.3973428309 0.9075595140 -0.1358468980 -0.9133492708 -0.4054633677 -0.0373166986
303.7 -296.5 2367.3 -0.4824890196 0.0878350809 0.8714868426 -0.3497833014 0.8928596973 -0.2836428285 -0.8030292392 -0.4416860938 -0.4000717402
45.8 -421.0 2352.6 0.9385796189 0.3337007165 -0.0878190547 -0.2383111566 0.4428108633 -0.8643646836 -0.2495518923 0.8322033286 0.4951378405
-87.2 -597.6 2020.8 0.9336094856 0.3581707180 0.0093296748 -0.2477240711 0.6640934944 -0.7054166198 -0.2588553429 0.6562724710 0.7087315321
228.2 -427.8 2326.7 0.9517276883 -0.0076109054 0.3068493307 0.2724039257 0.4816633165 -0.8329445124 -0.1414586157 0.8763232827 0.4604855478
231.3 -619.3 1978.3 0.9517276883 -0.0076109054 0.3068493307 0.2724039257 0.4816633165 -0.8329445124 -0.1414586157 0.8763232827 0.4604855478
38.8 -370.9 2206.2 0 0 0 0 0 0 0 0 0
178.3 -387.5 2158.5 0 0 0 0 0 0 0 0 0
-224.1 -851.2 1770.1 0 0 0 0 0 0 0 0 0
234.2 -803.4 1643.3 0 0 0 0 0 0 0 0 0
216.6 -57.0 2799.2 34 0.9900182486 0.1270099729 0.0610930771 -0.0330049917 0.6303452253 -0.7756130099 -0.1370203197 0.7658546567 0.6282452345
191.4 -182.3 2646.9 0.9900182486 0.1270099729 0.0610930771 -0.0330049917 0.6303452253 -0.7756130099 -0.1370203197 0.7658546567 0.6282452345
165.0 -305.7 2493.2 0.9894164801 0.1323625892 0.0594570599 -0.0359065831 0.6203511357 -0.7835019231 -0.1405905932 0.7730748057 0.6185383201
52.2 -177.3 2666.6 0.3281319737 -0.4042065144 -0.8537836671 0.4827819169 0.8486286402 -0.2162199169 0.8119427562 -0.3412426412 0.4736057818
-36.9 -308.4 2446.2 -0.2926701903 -0.4042065144 -0.8665801883 0.2334664464 0.8486286402 -0.4746818542 0.9272742867 -0.3412426412 -0.1539996564
330.5 -187.4 2627.1 -0.0891332775 0.1263536513 0.9879726768 -0.3839466274 0.9109022617 -0.1511360109 -0.9190431237 -0.3928000331 -0.0326786488
305.4 -295.8 2367.7 -0.4791319072 0.0997266173 0.8720591664 -0.3432619274 0.8931106925 -0.2907310128 -0.8078390360 -0.4386432171 -0.3936854899
48.7 -422.3 2353.2 0.9289091229 0.3559604287 -0.1020785421 -0.2631206512 0.4404924810 -0.8583320379 -0.2605674267 0.8241714239 0.5028380156
-93.0 -597.6 2025.1 0.9418349266 0.3359920979 0.0074996832 -0.2382752001 0.6833247542 -0.6901392341 -0.2370060533 0.6482102871 0.7236377597
229.4 -432.3 2326.6 0.9564583898 -0.0053291698 0.2918200493 0.2592417598 0.4748656452 -0.8410090804 -0.1340934336 0.8800421953 0.4555707872
231.5 -621.1 1976.8 0.9564583898 -0.0053291698 0.2918200493 0.2592417598 0.4748656452 -0.8410090804 -0.1340934336 0.8800421953 0.4555707872
39.1 -369.0 2205.2 0 0 0 0 0 0 0 0 0
180.8 -385.0 2157.6 0 0 0 0 0 0 0 0 0
-221.4 -858.6 1777.5 0 0 0 0 0 0 0 0 0
233.6 -802.6 1640.3 0 0 0 0 0 0 0 0 0
216.9 -55.2 2809.5 35 0.9898222685 0.1285531968 0.0610405467 -0.0315612070 0.6165503860 -0.7866826057 -0.1387651265 0.7767494321 0.6143326163
191.3 -177.6 2655.2 0.9898222685 0.1285531968 0.0610405467 -0.0315612070 0.6165503860 -0.7866826057 -0.1387651265 0.7767494321 0.6143326163
165.6 -300.4 2501.1 0.9897090793 0.1293129474 0.0612703152 -0.0321029723 0.6179233789 -0.7855826020 -0.1394463629 0.7755312920 0.6157157421
52.1 -173.1 2674.9 0.3070490956 -0.3780026138 -0.8734042048 0.4705971181 0.8579902053 -0.2058910578 0.8271996379 -0.3478028178 0.4413320720
-35.7 -307.6 2438.3 -0.2928602397 -0.3780026138 -0.8782635927 0.2455698550 0.8579902053 -0.4511631727 0.9240823984 -0.3478028178 -0.1584451944
330.6 -182.1 2635.6 -0.0932684243 0.1227122471 0.9880499244 -0.3913621008 0.9079771042 -0.1497106850 -0.9154980779 -0.4006485641 -0.0366606750
303.1 -297.4 2365.8 -0.4769332111 0.1034123749 0.8728348017 -0.3382703960 0.8949674368 -0.2908718884 -0.8112384677 -0.4339806437 -0.3918583393
48.8 -425.0 2351.9 0.9267747998 0.3617839515 -0.1009994596 -0.2631384134 0.4334593415 -0.8618997335 -0.2680423260 0.8253638148 0.4969184101
-95.1 -597.4 2023.5 0.9367157221 0.3492215574 0.0246557668 -0.2439664602 0.7016547918 -0.6694481969 -0.2510855794 0.6210675240 0.7424494624
230.7 -426.2 2334.1 0.9558025002 -0.0031494047 0.2939926684 0.2594750226 0.4792470634 -0.8384479284 -0.1382545084 0.8776744008 0.4588827491
232.0 -616.7 1985.2 0.9558025002 -0.0031494047 0.2939926684 0.2594750226 0.4792470634 -0.8384479284 -0.1382545084 0.8776744008 0.4588827491
40.4 -371.4 2198.2 0 0 0 0 0 0 0 0 0
179.1 -385.4 2154.9 0 0 0 0 0 0 0 0 0
-228.5 -865.4 1786.3 0 0 0 0 0 0 0 0 0
233.2 -800.0 1649.6 0 0 0 0 0 0 0 0 0
216.0 -56.4 2812.1 36 0.9896789193 0.1311215162 0.0578165762 -0.0349337123 0.6120389104 -0.7900556922 -0.1389793009 0.7798817158 0.6103026271
190.0 -177.6 2657.7 0.9896789193 0.1311215162 0.0578165762 -0.0349337123 0.6120389104 -0.7900556922 -0.1389793009 0.7798817158 0.6103026271
164.3 -299.8 2503.0 0.9898720980 0.1294708699 0.0582284927 -0.0340245627 0.6145846844 -0.7881167531 -0.1378245056 0.7781535983 0.6127653718
50.7 -172.8 2677.1 0.3106601834 -0.3990479708 -0.8626998067 0.4810970426 0.8487784863 -0.2193644047 0.8197779655 -0.3468945324 0.4556624591
-35.3 -306.0 2450.1 -0.2767350972 -0.3990479708 -0.8741729856 0.2491966337 0.8487784863 -0.4663433731 0.9280725718 -0.3468945324 -0.1354453862
329.3 -182.4 2638.3 -0.0720773935 0.1254554242 0.9894775152 -0.3931253254 0.9081732631 -0.1437836736 -0.9166554809 -0.3993522525 -0.0161390621
308.7 -295.0 2375.6 -0.4910881817 0.1015197188 0.8651740551 -0.3389670253 0.8926395774 -0.2971462309 -0.8024548292 -0.4391904771 -0.4039529264
49.5 -420.0 2359.4 0.9292616248 0.3546710312 -0.1033500805 -0.2611877620 0.4329229593 -0.8627622128 -0.2612541616 0.8287256360 0.4949344397
-91.5 -592.1 2029.8 0.9305958152 0.3655321598 0.0194341354 -0.2586672306 0.6942417026 -0.6716544628 -0.2590033114 0.6200118661 0.7406095862
229.4 -425.1 2335.7 0.9566845298 -0.0056076339 0.2910726666 0.2579109669 0.4801031351 -0.8384407759 -0.1350432336 0.8771941066 0.4607535005
231.6 -616.0 1986.9 0.9566845298 -0.0056076339 0.2910726666 0.2579109669 0.4801031351 -0.8384407759 -0.1350432336 0.8771941066 0.4607535005
36.7 -370.8 2208.9 0 0 0 0 0 0 0 0 0
181.0 -383.1 2167.0 0 0 0 0 0 0 0 0 0
-231.2 -857.4 1793.0 0 0 0 0 0 0 0 0 0
233.7 -799.5 1651.5 0 0 0 0 0 0 0 0 0
215.9 -52.8 2808.5 37 0.9912652969 0.1246333420 0.0431231298 -0.0447033197 0.6251554489 -0.7792190313 -0.1240753308 0.7704850435 0.6252664328
191.2 -176.6 2655.9 0.9912652969 0.1246333420 0.0431231298 -0.0447033197 0.6251554489 -0.7792190313 -0.1240753308 0.7704850435 0.6252664328
165.7 -300.0 2502.2 0.9908235073 0.1283275634 0.0424361080 -0.0468793809 0.6207537055 -0.7826027870 -0.1267718822 0.7734318972 0.6210733056
51.8 -170.0 2673.8 0.3273591399 -0.4147508442 -0.8490098715 0.4930503964 0.8414736390 -0.2209601551 0.8060628176 -0.3462713063 0.4799571633
-38.3 -305.6 2452.1 -0.2821084261 -0.4147508442 -0.8650991917 0.2428829521 0.8414736390 -0.4826281667 0.9281286001 -0.3462713063 -0.1366509050
330.6 -183.2 2638.1 -0.0736858994 0.1410438120 0.9872573018 -0.3910971284 0.9065625072 -0.1587057114 -0.9173949361 -0.3978078663 -0.0116390409
309.8 -293.9 2378.5 -0.4831788242 0.1211214513 0.8671030998 -0.3269408345 0.8937796950 -0.3070301414 -0.8121871352 -0.4318418801 -0.3922559023
48.0 -418.6 2360.8 0.9301193953 0.3477708995 -0.1180393100 -0.2729865313 0.4396808445 -0.8556629419 -0.2456750572 0.8280918598 0.5038924813
-90.3 -593.5 2031.5 0.9293063283 0.3691159785 -0.0119651454 -0.2744641006 0.6686027050 -0.6911149025 -0.2471016198 0.6455414891 0.7226458192
231.0 -427.7 2336.8 0.9610442519 -0.0026647381 0.2763817012 0.2442333847 0.4763318300 -0.8446644545 -0.1293985844 0.8792615533 0.4584267735
232.1 -617.1 1987.2 0.9610442519 -0.0026647381 0.2763817012 0.2442333847 0.4763318300 -0.8446644545 -0.1293985844 0.8792615533 0.4584267735
35.0 -368.8 2210.8 0 0 0 0 0 0 0 0 0
184.2 -378.8 2167.4 0 0 0 0 0 0 0 0 0
-231.3 -848.8 1785.0 0 0 0 0 0 0 0 0 0
233.1 -799.2 1651.0 0 0 0 0 0 0 0 0 0
215.6 -57.2 2792.6 38 0.9899463654 0.1287794411 0.0584983341 -0.0368125327 0.6339076757 -0.7725321651 -0.1365687996 0.7626119256 0.6322752833
190.0 -183.1 2641.2 0.9899463654 0.1287794411 0.0584983341 -0.0368125327 0.6339076757 -0.7725321651 -0.1365687996 0.7626119256 0.6322752833
163.9 -308.1 2488.8 0.9896212220 0.1316280365 0.0576533228 -0.0383891314 0.6287868023 -0.7766295075 -0.1384778768 0.7663558125 0.6273138523
50.8 -177.7 2660.7 0.3465670645 -0.4091212749 -0.8441036940 0.4913692474 0.8457109332 -0.2081568241 0.7990291119 -0.3426263034 0.4941251576
-39.4 -305.6 2452.7 -0.2743454874 -0.4091212749 -0.8702610731 0.2441105247 0.8457109332 -0.4745345712 0.9301314950 -0.3426263034 -0.1321461648
329.3 -188.5 2621.7 -0.0775991157 0.1278161108 0.9887574911 -0.3944200277 0.9069028497 -0.1481894553 -0.9156479836 -0.4014851153 -0.0199616235
308.4 -294.4 2375.8 -0.4826801419 0.1126841307 0.8685172200 -0.3264425695 0.8970753551 -0.2978104651 -0.8126838803 -0.4272682071 -0.3962155581
49.3 -419.0 2360.0 0.9280413389 0.3565289378 -0.1078258231 -0.2681890428 0.4387036264 -0.8576793075 -0.2584838867 0.8248795271 0.5027522445
-92.4 -593.5 2032.0 0.9331837893 0.3593995571 0.0000812237 -0.2587708235 0.6720572114 -0.6938132048 -0.2494107485 0.6474341750 0.7201550007
228.5 -436.6 2323.8 0.9569295645 -0.0075992397 0.2902207077 0.2591641843 0.4728885293 -0.8421462774 -0.1308423728 0.8810895085 0.4544904828
231.5 -624.6 1973.5 0.9569295645 -0.0075992397 0.2902207077 0.2591641843 0.4728885293 -0.8421462774 -0.1308423728 0.8810895085 0.4544904828
31.9 -369.1 2210.9 0 0 0 0 0 0 0 0 0
183.0 -379.3 2164.5 0 0 0 0 0 0 0 0 0
-229.8 -850.3 1784.6 0 0 0 0 0 0 0 0 0
234.4 -805.4 1636.6 0 0 0 0 0 0 0 0 0
215.1 -56.1 2793.7 39 0.9844331145 0.1459056735 0.0979948789 -0.0156185552 0.6279654503 -0.7780844569 -0.1750643402 0.7644416094 0.6204687953
186.0 -181.1 2641.5 0.9844331145 0.1459056735 0.0979948789 -0.0156185552 0.6279654503 -0.7780844569 -0.1750643402 0.7644416094 0.6204687953
156.3 -305.6 2489.5 0.9839231372 0.1495372057 0.0976416841 -0.0177831538 0.6260456443 -0.7795836329 -0.1777049005 0.7653139830 0.6186400056
47.7 -178.6 2666.5 0.3069953322 -0.3635455370 -0.8795387745 0.4641508460 0.8639990091 -0.1951145679 0.8308537006 -0.3483394086 0.4339836538
-38.7 -309.2 2432.8 -0.2905193269 -0.3635455370 -0.8851175904 0.2501264215 0.8639990091 -0.4369696677 0.9235991240 -0.3483394086 -0.1600760669
324.3 -183.6 2616.6 -0.0703280419 0.0921692029 0.9932566881 -0.4134776890 0.9034609199 -0.1131131053 -0.9077941179 -0.4186444879 -0.0254287273
304.6 -299.8 2361.3 -0.4986075163 0.0871042386 0.8624403477 -0.3315196037 0.9001368284 -0.2825747728 -0.8009277582 -0.4268097878 -0.4199382067
47.0 -429.5 2349.2 0.9285824299 0.3641085923 -0.0718300939 -0.2403123081 0.4424166381 -0.8640124202 -0.2828155160 0.8195684552 0.4983201027
-97.8 -605.4 2023.3 0.9362644553 0.3499988616 0.0301613733 -0.2261475325 0.6661975384 -0.7106603384 -0.2688237429 0.6585450768 0.7028884292
216.8 -431.7 2321.1 0.9455057979 -0.0299131162 0.3242283463 0.2977819741 0.4822053313 -0.8238955736 -0.1316993535 0.8755473495 0.4648355246
228.6 -623.4 1973.1 0.9455057979 -0.0299131162 0.3242283463 0.2977819741 0.4822053313 -0.8238955736 -0.1316993535 0.8755473495 0.4648355246
36.8 -374.2 2192.7 0 0 0 0 0 0 0 0 0
175.0 -386.0 2153.1 0 0 0 0 0 0 0 0 0
-231.5 -860.0 1771.6 0 0 0 0 0 0 0 0 0
240.1 -807.7 1638.5 0 0 0 0 0 0 0 0 0
216.3 -58.9 2795.7 40 0.9812130332 0.1583754718 0.1101734117 -0.0111743454 0.6167565584 -0.7870746255 -0.1926034987 0.7710567713 0.6069393158
184.7 -182.0 2641.8 0.9812130332 0.1583754718 0.1101734117 -0.0111743454 0.6167565584 -0.7870746255 -0.1926034987 0.7710567713 0.6069393158
153.1 -305.7 2489.5 0.9809597135 0.1591607928 0.1112917140 -0.0121627478 0.6222664714 -0.7827110291 -0.1938300133 0.7664543986 0.6123541594
46.7 -180.3 2669.1 0.3173994422 -0.3673832119 -0.8742352128 0.4706628621 0.8613698483 -0.1910981089 0.8232460618 -0.3508155942 0.4463119507
-41.4 -310.9 2440.5 -0.2858165205 -0.3673832119 -0.8850641251 0.2543807030 0.8613698483 -0.4396958649 0.9239044189 -0.3508155942 -0.1527385265
322.7 -183.7 2614.5 -0.0770783499 0.0802376941 0.9937911630 -0.4200512171 0.9013642073 -0.1053543687 -0.9042211771 -0.4255637228 -0.0357717238
301.1 -301.1 2361.8 -0.4879684150 0.0808850452 0.8691055179 -0.3355324864 0.9018100500 -0.2723169923 -0.8057944775 -0.4244952500 -0.4129152596
36.8 -428.9 2352.7 0.9394820929 0.3373117447 -0.0599514097 -0.2162088454 0.4480034411 -0.8674944639 -0.2657576501 0.8279575706 0.4938209951
-99.9 -610.5 2017.1 0.9375388622 0.3464745581 0.0312456954 -0.2199422419 0.6599373221 -0.7184066772 -0.2695298195 0.6666619182 0.6949213147
211.4 -430.6 2319.4 0.9413399100 -0.0402360298 0.3350526392 0.3115554452 0.4851125479 -0.8170673251 -0.1296626925 0.8735255599 0.4691915512
227.4 -623.4 1972.1 0.9413399100 -0.0402360298 0.3350526392 0.3115554452 0.4851125479 -0.8170673251 -0.1296626925 0.8735255599 0.4691915512
32.9 -377.1 2200.4 0 0 0 0 0 0 0 0 0
174.3 -388.3 2152.3 0 0 0 0 0 0 0 0 0
-232.4 -862.7 1762.3 0 0 0 0 0 0 0 0 0
242.7 -808.8 1638.2 0 0 0 0 0 0 0 0 0
217.7 -58.5 2797.8 41 0.9770881534 0.1686633080 0.1298129708 -0.0015909342 0.6156940460 -0.7879837155 -0.2128290236 0.7697230577 0.6018556952
184.1 -181.3 2644.3 0.9770881534 0.1686633080 0.1298129708 -0.0015909342 0.6156940460 -0.7879837155 -0.2128290236 0.7697230577 0.6018556952
149.9 -304.3 2492.0 0.9764447212 0.1718175113 0.1305162311 -0.0039242092 0.6189334393 -0.7854335904 -0.2157321125 0.7664203048 0.6050285697
46.7 -180.7 2674.7 0.3138195276 -0.3555853069 -0.8803842068 0.4568391144 0.8693909049 -0.1883014143 0.8323552608 -0.3431012928 0.4352771342
-42.5 -310.7 2437.9 -0.2851444781 -0.3555853069 -0.8900852203 0.2486827672 0.8693909049 -0.4269851148 0.9256616831 -0.3431012928 -0.1594740748
