108.3 -11.4 2957.1 65 0.9763457775 0.0603565089 0.2076198310 0.0297039468 0.9136995077 -0.4053034484 -0.2141648382 0.4018834531 0.8902938366
96.3 -193.7 2876.9 0.9763457775 0.0603565089 0.2076198310 0.0297039468 0.9136995077 -0.4053034484 -0.2141648382 0.4018834531 0.8902938366
82.8 -370.1 2797.1 0.9759110212 0.0694029033 0.2068354636 0.0235972293 0.9089115262 -0.4163207412 -0.2168890089 0.4111727476 0.8853790760
-37.0 -196.9 2906.5 -0.3237277269 -0.4768176675 -0.8172180057 0.5028914213 0.6449087262 -0.5754936337 0.8014365435 -0.5972751975 0.0310126673
49.6 -331.5 2692.1 -0.1930737346 -0.4855616689 -0.8526150584 0.5457817316 0.6689765453 -0.5045717955 0.8153801560 -0.5627612472 0.1358488947
229.6 -190.5 2847.3 0.5684903264 0.6076808572 0.5545653701 -0.7967529893 0.2387494296 0.5551427007 0.2049474120 -0.7574448586 0.6198982596
369.9 -387.2 2897.9 -0.3283367455 0.6076808572 0.7231313586 -0.7928918600 0.2387494296 -0.5606436133 -0.5133395791 -0.7574448586 0.4034349620
-19.5 -547.9 2737.1 0.9912183285 0.1146051735 -0.0659688637 -0.0547632277 -0.0983155370 -0.9936473370 -0.1203628927 0.9885340929 -0.0911760107
-77.9 -497.8 2233.4 0.9912183285 0.0715756193 0.1111897826 -0.0547632277 0.9875431657 -0.1475108713 -0.1203628927 0.1401263624 0.9827905893
154.9 -543.0 2696.1 0.9509589076 -0.3046285808 0.0536524728 0.0282500926 -0.0871945545 -0.9957906604 0.3080245256 0.9484716654 -0.0743126497
301.9 -500.9 2238.3 0.9509589076 -0.0666342303 -0.3020547032 0.0282500926 0.9911493659 -0.1297109127 0.3080245256 0.1148166731 0.9444246888
98.6 -470.0 2485.1 0 0 0 0 0 0 0 0 0
286.6 -588.4 2767.6 0 0 0 0 0 0 0 0 0
-104.6 -866.3 2181.1 0 0 0 0 0 0 0 0 0
326.8 -870.9 2195.4 0 0 0 0 0 0 0 0 0
108.1 -13.6 2957.0 66 0.9834487438 0.0437776111 0.1758185029 0.0304516163 0.9166331291 -0.3985679150 -0.1786094159 0.3973250389 0.9001286030
99.4 -195.8 2878.1 0.9834487438 0.0437776111 0.1758185029 0.0304516163 0.9166331291 -0.3985679150 -0.1786094159 0.3973250389 0.9001286030
89.8 -372.8 2799.2 0.9832767248 0.0494199842 0.1752842218 0.0270766821 0.9121094346 -0.4090516865 -0.1800937206 0.4069571197 0.8955178261
-34.8 -199.5 2902.7 -0.3229553998 -0.4675721824 -0.8228462934 0.5000621080 0.6538554430 -0.5678124428 0.8035158515 -0.5948523283 0.0226489939
51.3 -332.8 2688.4 -0.1932333261 -0.4781566858 -0.8567537665 0.5326765180 0.6821895242 -0.5008724332 0.8239639997 -0.5531578660 0.1228810698
233.6 -192.0 2853.5 0.5639210939 0.6347141266 0.5283284783 -0.7925808430 0.2362674773 0.5621328354 0.2319667935 -0.7357416153 0.6362984776
372.8 -387.7 2910.7 -0.3048518300 0.6347141266 0.7100728154 -0.7983310223 0.2362674773 -0.5539361238 -0.5193581581 -0.7357416153 0.4346853793
-18.1 -548.7 2736.7 0.9905750751 0.1173542514 -0.0706325918 -0.0590574332 -0.0993441939 -0.9932990074 -0.1235847995 0.9881086349 -0.0914772451
-77.8 -498.1 2233.9 0.9905750751 0.0763468593 0.1137195677 -0.0590574332 0.9871745110 -0.1483196616 -0.1235847995 0.1402057707 0.9823793173
156.7 -544.4 2697.8 0.9520262480 -0.3027021289 0.0449155346 0.0192127768 -0.0873611867 -0.9959914088 0.3054125905 0.9490729570 -0.0773543939
302.7 -502.3 2240.3 0.9520262480 -0.0581037290 -0.3004495502 0.0192127768 0.9912209511 -0.1308125257 0.3054125905 0.1187644899 0.9447847009
100.3 -468.0 2479.3 0 0 0 0 0 0 0 0 0
295.5 -590.2 2778.9 0 0 0 0 0 0 0 0 0
-106.3 -866.6 2181.6 0 0 0 0 0 0 0 0 0
324.4 -872.3 2196.0 0 0 0 0 0 0 0 0 0
107.7 -14.5 2955.5 67 0.9842133522 0.0416744798 0.1720095575 0.0306073558 0.9171606898 -0.3973405063 -0.1743193567 0.3963325918 0.9014062285
99.4 -196.6 2876.8 0.9842133522 0.0416744798 0.1720095575 0.0306073558 0.9171606898 -0.3973405063 -0.1743193567 0.3963325918 0.9014062285
89.6 -373.4 2797.3 0.9839252234 0.0506111570 0.1712590456 0.0249001198 0.9107503891 -0.4122059047 -0.1768364608 0.4098441601 0.8948500752
-35.0 -200.0 2900.9 -0.3209372163 -0.4622858763 -0.8266142011 0.5054599047 0.6544914842 -0.5622732043 0.8009428978 -0.5982747674 0.0236163214
50.7 -334.9 2687.3 -0.1971939355 -0.4741885960 -0.8580557704 0.5289122462 0.6854795814 -0.5003694296 0.8254492283 -0.5525060296 0.1156317368
233.8 -193.2 2852.6 0.5611461401 0.6377245188 0.5276575685 -0.7947060466 0.2368623465 0.5588725209 0.2314244956 -0.7329418063 0.6397179365
372.3 -389.4 2909.8 -0.3053770363 0.6377245188 0.7071437836 -0.7958220243 0.2368623465 -0.5572822690 -0.5228883028 -0.7329418063 0.4351828992
-7.8 -552.3 2736.4 0.9882238507 0.1365527064 -0.0690435916 -0.0545878671 -0.1069132239 -0.9927687049 -0.1429469287 0.9848466516 -0.0982000753
-77.7 -497.6 2232.7 0.9882238507 0.0732267648 0.1343558580 -0.0545878671 0.9889944196 -0.1375141591 -0.1429469287 0.1285605729 0.9813451767
168.2 -547.4 2704.1 0.9595218897 -0.2772813737 0.0493230373 0.0242319647 -0.0932003036 -0.9953524470 0.2805896103 0.9562577009 -0.0827086568
302.3 -502.3 2241.8 0.9595218897 -0.0641074404 -0.2742407024 0.0242319647 0.9889298081 -0.1463920623 0.2805896103 0.1338209957 0.9504532814
100.7 -469.1 2477.8 0 0 0 0 0 0 0 0 0
294.8 -591.4 2777.1 0 0 0 0 0 0 0 0 0
-105.0 -866.8 2184.8 0 0 0 0 0 0 0 0 0
326.2 -871.5 2191.8 0 0 0 0 0 0 0 0 0
105.9 -12.5 2957.2 68 0.9802936316 0.0413075611 0.1931789517 0.0397158563 0.9167156816 -0.3975613713 -0.1935124695 0.3973991275 0.8970099688
97.7 -195.0 2878.1 0.9802936316 0.0413075611 0.1931789517 0.0397158563 0.9167156816 -0.3975613713 -0.1935124695 0.3973991275 0.8970099688
87.9 -371.5 2798.0 0.9800424576 0.0502502546 0.1923322082 0.0347066075 0.9094101787 -0.4144497812 -0.1957350671 0.4128535986 0.8895165324
-36.2 -199.7 2904.9 -0.3194690645 -0.4780340195 -0.8181827664 0.4977562726 0.6500599980 -0.5741608739 0.8063362837 -0.5906822085 0.0302703883
51.8 -336.8 2682.8 -0.2113159150 -0.4829299748 -0.8497789502 0.5463142991 0.6625680327 -0.5123907924 0.8104852438 -0.5725226998 0.1238203719
231.5 -190.2 2851.4 0.5727707744 0.6211910844 0.5348413587 -0.7904952765 0.2459243238 0.5609263778 0.2169119865 -0.7440717816 0.6319069266
372.9 -385.3 2905.0 -0.3081904352 0.6211910844 0.7205138803 -0.7963130474 0.2459243238 -0.5526362062 -0.5204845667 -0.7440717816 0.4188710451
-8.4 -552.4 2733.6 0.9883648753 0.1383040845 -0.0632996634 -0.0484683216 -0.1080919728 -0.9929586649 -0.1441724300 0.9844735265 -0.1001309380
-78.3 -497.7 2235.5 0.9883648753 0.0687229633 0.1356909126 -0.0484683216 0.9879035950 -0.1473000348 -0.1441724300 0.1390094757 0.9797400832
167.9 -547.9 2701.9 0.9589888453 -0.2783900201 0.0532859378 0.0258882493 -0.1011817157 -0.9945310950 0.2822591066 0.9551236629 -0.0898251012
301.5 -499.4 2243.6 0.9589888453 -0.0652356371 -0.2758345902 0.0258882493 0.9892456532 -0.1439541578 0.2822591066 0.1309095472 0.9503644109
105.4 -475.4 2477.2 0 0 0 0 0 0 0 0 0
294.7 -587.5 2772.8 0 0 0 0 0 0 0 0 0
-104.0 -866.5 2183.6 0 0 0 0 0 0 0 0 0
325.8 -868.7 2194.8 0 0 0 0 0 0 0 0 0
106.9 -11.0 2957.6 69 0.9783303738 0.0482892990 0.2013399303 0.0355385467 0.9188272953 -0.3930565119 -0.2039770484 0.3916944563 0.8972005248
97.2 -194.1 2879.5 0.9783303738 0.0482892990 0.2013399303 0.0355385467 0.9188272953 -0.3930565119 -0.2039770484 0.3916944563 0.8972005248
86.3 -371.1 2800.4 0.9781082273 0.0562352277 0.2003544271 0.0316482298 0.9113956094 -0.4103125334 -0.2056761682 0.4076709449 0.8896638155
-36.4 -198.5 2907.6 -0.3094228804 -0.4829090238 -0.8191803098 0.5021351576 0.6485859752 -0.5720109940 0.8075380921 -0.5883324742 0.0417982489
48.1 -335.6 2687.1 -0.2180918455 -0.4833176434 -0.8478443027 0.5598503947 0.6496338844 -0.5143377185 0.7993769050 -0.5868388414 0.1289057285
230.8 -189.8 2851.4 0.5733466744 0.6142329574 0.5422098041 -0.7905278802 0.2408552915 0.5630758405 0.2152656615 -0.7514696121 0.6236618757
372.4 -385.0 2904.6 -0.3150065839 0.6142329574 0.7235251665 -0.7982824445 0.2408552915 -0.5520270467 -0.5133380890 -0.7514696121 0.4144603908
-9.6 -551.1 2735.4 0.9889420867 0.1349138319 -0.0615779422 -0.0475500077 -0.1048398763 -0.9933516979 -0.1404727101 0.9852952957 -0.0972654074
-78.5 -497.6 2232.5 0.9889420867 0.0661624297 0.1327257305 -0.0475500077 0.9891782999 -0.1387993097 -0.1404727101 0.1309533566 0.9813860655
165.9 -544.9 2700.4 0.9581245184 -0.2830374241 0.0434418097 0.0161500499 -0.0980542302 -0.9950500131 0.2858960330 0.9540834427 -0.0893770978
302.4 -497.6 2240.3 0.9581245184 -0.0517312847 -0.2816402614 0.0161500499 0.9917429686 -0.1272203773 0.2858960330 0.1173444539 0.9510487318
103.5 -477.7 2484.2 0 0 0 0 0 0 0 0 0
292.4 -587.6 2774.3 0 0 0 0 0 0 0 0 0
-103.2 -866.8 2183.6 0 0 0 0 0 0 0 0 0
321.7 -867.8 2196.5 0 0 0 0 0 0 0 0 0
107.8 -10.8 2956.3 70 0.9856918454 0.0559040979 0.1590168178 0.0119915921 0.9177502394 -0.3969769478 -0.1681303680 0.3932037950 0.9039485455
96.6 -193.9 2877.9 0.9856918454 0.0559040979 0.1590168178 0.0119915921 0.9177502394 -0.3969769478 -0.1681303680 0.3932037950 0.9039485455
85.3 -370.8 2798.8 0.9857068658 0.0581599548 0.1581118703 0.0122329760 0.9113328457 -0.4114884436 -0.1680246890 0.4075411856 0.8975956440
-37.9 -195.5 2900.8 -0.3236154020 -0.4437077343 -0.8357012272 0.5254437923 0.6502470970 -0.5487144589 0.7868810892 -0.6166864634 0.0227134973
48.4 -335.7 2690.9 -0.2148753703 -0.4523509741 -0.8655675650 0.5556507707 0.6722260714 -0.4892487228 0.8031691909 -0.5860807896 0.1069043502
231.2 -192.2 2854.9 0.5491161346 0.6471598744 0.5288246870 -0.8009732962 0.2268948704 0.5540401936 0.2385649681 -0.7278068662 0.6429494023
366.7 -389.8 2913.8 -0.3102546930 0.6471598744 0.6963663697 -0.7936611772 0.2268948704 -0.5644649267 -0.5233010054 -0.7278068662 0.4432304800
-12.2 -550.8 2739.7 0.9895315170 0.1272562444 -0.0680680275 -0.0551100969 -0.1027128175 -0.9931832552 -0.1333802193 0.9865373373 -0.0946244672
-78.0 -497.8 2230.0 0.9895315170 0.0706796050 0.1258244812 -0.0551100969 0.9908521771 -0.1231864020 -0.1333802193 0.1149626225 0.9843745828
163.0 -545.1 2702.8 0.9564784765 -0.2881650925 0.0459323227 0.0188492816 -0.0960656106 -0.9951965213 0.2911934257 0.9527498484 -0.0864529833
304.1 -498.1 2236.5 0.9564784765 -0.0497271307 -0.2875345349 0.0188492816 0.9938436151 -0.1091766581 0.2911934257 0.0990053117 0.9515273571
102.9 -476.7 2487.1 0 0 0 0 0 0 0 0 0
287.9 -591.3 2781.0 0 0 0 0 0 0 0 0 0
-104.3 -867.6 2187.1 0 0 0 0 0 0 0 0 0
322.6 -869.0 2199.6 0 0 0 0 0 0 0 0 0
108.0 -12.2 2955.6 71 0.9945534468 0.0199181661 0.1023069620 0.0211870205 0.9224415421 -0.3855550885 -0.1020517424 0.3856227100 0.9169954062
104.0 -196.6 2878.5 0.9945534468 0.0199181661 0.1023069620 0.0211870205 0.9224415421 -0.3855550885 -0.1020517424 0.3856227100 0.9169954062
99.4 -374.4 2801.1 0.9945135117 0.0234184042 0.1019529104 0.0194941778 0.9160565138 -0.4005751908 -0.1027754545 0.4003649354 0.9105740786
-31.5 -199.3 2892.6 -0.3114965558 -0.4262271523 -0.8492940068 0.5243564248 0.6682706475 -0.5276975036 0.7924772501 -0.6097087264 0.0153309377
50.2 -336.8 2684.8 -0.2159242630 -0.4341706634 -0.8745698929 0.5470368266 0.6881354451 -0.4766763151 0.8087814450 -0.5813479424 0.0889222026
239.5 -193.9 2864.5 0.5380852818 0.6920182109 0.4812223911 -0.7938933969 0.2242756933 0.5651846528 0.2831915915 -0.6861568093 0.6700681448
372.2 -389.6 2934.4 -0.2683334053 0.6920182109 0.6701551676 -0.8024885654 0.2242756933 -0.5529127717 -0.5329252481 -0.6861568093 0.4951560497
-14.2 -548.8 2734.7 0.9898896813 0.1259705275 -0.0651906282 -0.0521683246 -0.1040454730 -0.9932034016 -0.1318971515 0.9865627289 -0.0964218676
-78.5 -495.7 2231.2 0.9898896813 0.0680863410 0.1244292632 -0.0521683246 0.9905316830 -0.1269861162 -0.1318971515 0.1192109808 0.9840690494
162.3 -546.6 2704.6 0.9561118484 -0.2892003059 0.0470456183 0.0186563935 -0.1001494899 -0.9947974682 0.2924073040 0.9520153999 -0.0903586820
305.7 -496.9 2232.6 0.9561118484 -0.0452650413 -0.2894843221 0.0186563935 0.9953949451 -0.0940257981 0.2924073040 0.0844984427 0.9525533915
105.0 -475.7 2479.5 0 0 0 0 0 0 0 0 0
304.2 -593.1 2799.2 0 0 0 0 0 0 0 0 0
-103.9 -865.4 2186.8 0 0 0 0 0 0 0 0 0
322.6 -868.4 2201.0 0 0 0 0 0 0 0 0 0
108.3 -11.9 2955.8 72 0.9962438941 -0.0051342766 0.0864390582 0.0384039395 0.9208919406 -0.3879216015 -0.0776093304 0.3897841275 0.9176301360
109.4 -195.4 2878.1 0.9962438941 -0.0051342766 0.0864390582 0.0384039395 0.9208919406 -0.3879216015 -0.0776093304 0.3897841275 0.9176301360
109.9 -372.9 2799.8 0.9962481856 -0.0026680171 0.0865007713 0.0373920538 0.9146823287 -0.4024401307 -0.0780470073 0.4041647017 0.9113504291
-26.5 -200.5 2888.7 -0.2817546725 -0.4260180891 -0.8597225547 0.5420578122 0.6686590314 -0.5089876652 0.7916991711 -0.6094290018 0.0425286330
47.7 -343.3 2680.3 -0.2333269119 -0.4349690378 -0.8696898818 0.5355960727 0.6889929175 -0.4882884920 0.8116005063 -0.5797333121 0.0722071230
245.2 -190.3 2867.5 0.5452377200 0.7047204375 0.4539658129 -0.7850974798 0.2394650578 0.5712078810 0.2938328981 -0.6678515077 0.6838396192
379.7 -384.0 2940.0 -0.2409112304 0.7047204375 0.6673311591 -0.8046240807 0.2394650578 -0.5433567166 -0.5427170992 -0.6678515077 0.5093452334
6.0 -554.0 2732.7 0.9843439460 0.1657097340 -0.0600603409 -0.0416280031 -0.1125466377 -0.9927740693 -0.1712719202 0.9797313809 -0.1038864329
-78.9 -496.3 2230.7 0.9843439460 0.0623310097 0.1648690552 -0.0416280031 0.9911343455 -0.1261736453 -0.1712719202 0.1173351035 0.9782118201
183.7 -550.4 2714.4 0.9693692923 -0.2379241735 0.0609532297 0.0369785726 -0.1039622501 -0.9938935637 0.2428081483 0.9657038450 -0.0919797197
301.3 -499.0 2237.2 0.9693692923 -0.0665489957 -0.2364200503 0.0369785726 0.9911644459 -0.1273796707 0.2428081483 0.1147354543 0.9632652998
106.9 -479.2 2474.3 0 0 0 0 0 0 0 0 0
318.6 -588.0 2802.3 0 0 0 0 0 0 0 0 0
-102.2 -866.3 2186.9 0 0 0 0 0 0 0 0 0
326.1 -868.7 2194.4 0 0 0 0 0 0 0 0 0
108.1 -11.4 2955.4 73 0.9966210723 -0.0154376207 0.0806726143 0.0454514250 0.9217486382 -0.3851151168 -0.0684146062 0.3874805272 0.9193357825
111.2 -194.5 2878.4 0.9966210723 -0.0154376207 0.0806726143 0.0454514250 0.9217486382 -0.3851151168 -0.0684146062 0.3874805272 0.9193357825
114.0 -372.1 2800.5 0.9966106415 -0.0148406429 0.0809136629 0.0460868962 0.9154685736 -0.3997414708 -0.0681414977 0.4021156430 0.9130496979
-24.9 -200.8 2887.7 -0.2679148018 -0.4285359383 -0.8628897071 0.5479784012 0.6688742042 -0.5023216605 0.7924274802 -0.6074243188 0.0556271523
46.5 -346.7 2676.7 -0.2520132959 -0.4302337170 -0.8668265343 0.5509881973 0.6725800037 -0.4940122664 0.7955509424 -0.6021088362 0.0675545856
247.2 -188.2 2869.1 0.5494948626 0.7091572285 0.4417594969 -0.7793803215 0.2445691079 0.5768467784 0.3010343313 -0.6612730026 0.6870926619
382.8 -380.5 2943.4 -0.2283663899 0.7091572285 0.6670418382 -0.8076696396 0.2445691079 -0.5365218520 -0.5436161757 -0.6612730026 0.5169133544
21.3 -553.8 2728.5 0.9788960814 0.1968851388 -0.0547601134 -0.0329812020 -0.1122427210 -0.9931333065 -0.2016796172 0.9739803672 -0.1033804566
-79.6 -496.3 2229.8 0.9788960814 0.0578163490 0.1960094422 -0.0329812020 0.9912670255 -0.1276789159 -0.2016796172 0.1185197681 0.9722542763
199.5 -547.0 2714.6 0.9762488604 -0.2054276317 0.0688307062 0.0488223359 -0.1009307504 -0.9936947823 0.2110795081 0.9734538794 -0.0885040760
299.4 -497.9 2241.0 0.9762488604 -0.0765486062 -0.2026782930 0.0488223359 0.9891681075 -0.1384296864 0.2110795081 0.1252465993 0.9694115520
110.4 -486.5 2474.9 0 0 0 0 0 0 0 0 0
324.9 -585.4 2805.5 0 0 0 0 0 0 0 0 0
-101.1 -866.3 2185.6 0 0 0 0 0 0 0 0 0
327.9 -867.0 2194.3 0 0 0 0 0 0 0 0 0
107.0 -12.1 2956.2 74 0.9988890290 -0.0256532691 0.0395299084 0.0390233994 0.9205380082 -0.3886990547 -0.0264173821 0.3898098171 0.9205163717
112.0 -194.8 2878.8 0.9988890290 -0.0256532691 0.0395299084 0.0390233994 0.9205380082 -0.3886990547 -0.0264173821 0.3898098171 0.9205163717
117.4 -372.4 2800.8 0.9988156557 -0.0278392583 0.0399030671 0.0415409580 0.9149151444 -0.4015029967 -0.0253303740 0.4026850760 0.9149880409
-24.2 -200.5 2882.3 -0.2684152722 -0.4002775848 -0.8762026429 0.5613579154 0.6741820574 -0.4799540043 0.7828349471 -0.6206902862 0.0437382273
46.0 -347.4 2677.3 -0.2705076635 -0.4002012312 -0.8755938411 0.5604621172 0.6740238667 -0.4812213778 0.7827565670 -0.6209112406 0.0419690162
248.3 -189.1 2875.4 0.5324252844 0.7379053235 0.4147517979 -0.7825539708 0.2422959507 0.5734997392 0.3226958215 -0.6299114227 0.7064552307
379.7 -382.2 2955.0 -0.2084339112 0.7379053235 0.6419120431 -0.8058944941 0.2422959507 -0.5402098894 -0.5541564226 -0.6299114227 0.5441711545
27.7 -554.0 2728.6 0.9763484001 0.2102809846 -0.0502564795 -0.0267845597 -0.1130167842 -0.9932320118 -0.2145376205 0.9710865617 -0.1047114730
-80.0 -496.0 2231.0 0.9763484001 0.0540289506 0.2093434483 -0.0267845597 0.9910395741 -0.1308556050 -0.2145376205 0.1221534908 0.9690470099
206.1 -545.7 2716.4 0.9786871672 -0.1926350147 0.0711559877 0.0535404198 -0.0951604322 -0.9940210581 0.1982544959 0.9766454101 -0.0828185305
300.2 -499.2 2239.2 0.9786871672 -0.0761951879 -0.1906979680 0.0535404198 0.9911761284 -0.1212573275 0.1982544959 0.1084629446 0.9741308689
114.7 -489.6 2478.8 0 0 0 0 0 0 0 0 0
326.8 -586.7 2814.4 0 0 0 0 0 0 0 0 0
-100.2 -866.0 2185.4 0 0 0 0 0 0 0 0 0
328.6 -869.1 2198.8 0 0 0 0 0 0 0 0 0
108.4 -10.7 2955.6 75 0.9998295307 -0.0183723047 0.0018482748 0.0176950395 0.9247202277 -0.3802359402 0.0052766739 0.3802038431 0.9248876572
112.0 -195.3 2879.7 0.9998295307 -0.0183723047 0.0018482748 0.0176950395 0.9247202277 -0.3802359402 0.0052766739 0.3802038431 0.9248876572
116.2 -373.3 2802.6 0.9997681379 -0.0214174874 0.0022173633 0.0205352176 0.9174486995 -0.3973238468 0.0064753615 0.3972772658 0.9176757932
-24.4 -198.1 2878.8 -0.2668884695 -0.3669655621 -0.8911266923 0.5753874183 0.6811011434 -0.4528030753 0.7731105089 -0.6335909963 0.0293693170
45.8 -349.4 2675.5 -0.2898745537 -0.3717166185 -0.8819293976 0.5491613150 0.6901000738 -0.4713637531 0.7838332653 -0.6209578514 0.0040899287
248.4 -192.5 2880.6 0.5053775311 0.7625459433 0.4038776755 -0.7917171717 0.2236136198 0.5684899688 0.3431871831 -0.6070589423 0.7167300582
373.1 -387.8 2965.2 -0.2075814009 0.7625459433 0.6127263904 -0.8041723967 0.2236136198 -0.5507301688 -0.5569710135 -0.6070589423 0.5668003559
33.5 -553.7 2725.0 0.9735149741 0.2228884399 -0.0508849695 -0.0254423562 -0.1155686527 -0.9929736257 -0.2272030413 0.9679693580 -0.1068370119
-80.0 -494.9 2232.1 0.9735149741 0.0546225309 0.2220020592 -0.0254423562 0.9908917546 -0.1322352588 -0.2272030413 0.1230847538 0.9660377502
212.2 -546.3 2720.4 0.9814592004 -0.1790674627 0.0683574006 0.0515831485 -0.0967163518 -0.9939743876 0.1845997572 0.9790713787 -0.0856862888
300.1 -498.8 2239.9 0.9814592004 -0.0737668574 -0.1769077182 0.0515831485 0.9905766845 -0.1268739402 0.1845997572 0.1153961271 0.9760156870
119.3 -488.7 2476.7 0 0 0 0 0 0 0 0 0
320.4 -591.9 2823.9 0 0 0 0 0 0 0 0 0
-100.4 -864.8 2186.1 0 0 0 0 0 0 0 0 0
327.6 -868.5 2196.8 0 0 0 0 0 0 0 0 0
108.0 -10.5 2956.3 76 0.9994856715 -0.0276882108 -0.0161786284 0.0193923824 0.9236575365 -0.3827280104 0.0255405661 0.3822174370 0.9237194061
113.5 -194.2 2880.2 0.9994856715 -0.0276882108 -0.0161786284 0.0193923824 0.9236575365 -0.3827280104 0.0255405661 0.3822174370 0.9237194061
119.9 -372.5 2803.7 0.9993263483 -0.0331416391 -0.0157649517 0.0242175516 0.9182525873 -0.3952540159 0.0275755748 0.3946059644 0.9184365869
-22.9 -197.6 2876.5 -0.2681724429 -0.3569350839 -0.8948077559 0.5816808939 0.6804123521 -0.4457424879 0.7679393888 -0.6400284171 0.0251544807
47.9 -351.2 2673.7 -0.3068357408 -0.3655104339 -0.8787798285 0.5374791026 0.6954545379 -0.4769268632 0.7854731679 -0.6186639667 -0.0169360749
249.9 -190.9 2884.0 0.5009325147 0.7744013071 0.3864831626 -0.7889752388 0.2250209004 0.5717374086 0.3557873964 -0.5913275480 0.7237037420
373.5 -385.6 2971.8 -0.1929048002 0.7744013071 0.6025698185 -0.8061431050 0.2250209004 -0.5472649336 -0.5593934655 -0.5913275480 0.5808706284
30.9 -553.3 2724.9 0.9742942452 0.2189575732 -0.0529936291 -0.0279124174 -0.1160937399 -0.9928459525 -0.2235433757 0.9688032866 -0.1069978327
-80.3 -494.3 2233.2 0.9742942452 0.0573521443 0.2178565413 -0.0279124174 0.9903317690 -0.1358818114 -0.2235433757 0.1263079643 0.9664753675
209.7 -549.6 2726.1 0.9807491302 -0.1815489531 0.0719105378 0.0540231243 -0.1016230658 -0.9933550358 0.1876503378 0.9781169295 -0.0898588970
300.0 -499.1 2239.9 0.9807491302 -0.0771129653 -0.1794010550 0.0540231243 0.9900135994 -0.1302096844 0.1876503378 0.1180112362 0.9751208425
125.7 -487.5 2474.4 0 0 0 0 0 0 0 0 0
324.5 -590.2 2829.8 0 0 0 0 0 0 0 0 0
-101.7 -864.0 2186.0 0 0 0 0 0 0 0 0 0
328.8 -868.6 2195.9 0 0 0 0 0 0 0 0 0
108.6 -13.5 2957.1 77 0.9997138977 -0.0221919324 0.0089236777 0.0239139758 0.9197701216 -0.3917282820 0.0004854753 0.3918296099 0.9200376868
113.0 -195.8 2879.5 0.9997138977 -0.0221919324 0.0089236777 0.0239139758 0.9197701216 -0.3917282820 0.0004854753 0.3918296099 0.9200376868
118.1 -373.2 2800.9 0.9996084571 -0.0263992194 0.0092771379 0.0278940126 0.9138616323 -0.4050664008 0.0022154162 0.4051665664 0.9142401814
-23.4 -199.6 2879.2 -0.2755925059 -0.3739700913 -0.8855479360 0.5654883385 0.6818891168 -0.4639506042 0.7773491740 -0.6286283135 0.0235521868
51.0 -352.4 2669.1 -0.3092499375 -0.3760466576 -0.8734720349 0.5413684845 0.6855249405 -0.4868015349 0.7818469405 -0.6234135628 -0.0084187286
249.5 -191.9 2879.8 0.5128322840 0.7580816746 0.4028836489 -0.7907014489 0.2343182415 0.5655848384 0.3343564868 -0.6086108685 0.7195822001
376.0 -387.1 2962.3 -0.2043377757 0.7580816746 0.6193208098 -0.8008902073 0.2343182415 -0.5510625243 -0.5628685355 -0.6086108685 0.5592600703
36.8 -552.9 2724.6 0.9719622135 0.2275273949 -0.0593354404 -0.0341803618 -0.1129482985 -0.9930127859 -0.2326394469 0.9671990275 -0.1020045131
-79.3 -495.2 2230.7 0.9719622135 0.0612150952 0.2270289063 -0.0341803618 0.9920447469 -0.1211567894 -0.2326394469 0.1099998951 0.9663223624
215.7 -548.5 2729.6 0.9831417203 -0.1671563387 0.0741024613 0.0575660542 -0.1016962007 -0.9931485653 0.1735470146 0.9806715250 -0.0903592482
298.4 -498.3 2244.8 0.9831417203 -0.0843614116 -0.1622207314 0.0575660542 0.9848946929 -0.1633053720 0.1735470146 0.1512139142 0.9731473327
129.5 -489.8 2470.7 0 0 0 0 0 0 0 0 0
324.2 -590.3 2819.4 0 0 0 0 0 0 0 0 0
-102.2 -865.5 2189.7 0 0 0 0 0 0 0 0 0
329.8 -865.7 2188.4 0 0 0 0 0 0 0 0 0
108.1 -14.8 2957.0 78 0.9994813204 -0.0210359227 0.0243845340 0.0289684962 0.9180590510 -0.3953838050 -0.0140691800 0.3958851099 0.9181922674
112.3 -196.5 2878.7 0.9994813204 -0.0210359227 0.0243845340 0.0289684962 0.9180590510 -0.3953838050 -0.0140691800 0.3958851099 0.9181922674
116.9 -373.8 2799.7 0.9994089603 -0.0239499565 0.0246611312 0.0319141485 0.9130298495 -0.4066422880 -0.0127772829 0.4071889818 0.9132545590
-24.2 -200.9 2880.4 -0.2669065893 -0.3877913058 -0.8822577596 0.5569940805 0.6850081682 -0.4695970118 0.7864594460 -0.6167508960 0.0331642814
48.1 -351.8 2667.4 -0.3382346630 -0.3868250251 -0.8578832746 0.5193035007 0.6835249662 -0.5129497647 0.7848064303 -0.6189991832 -0.0303122327
248.8 -192.2 2876.9 0.5210600495 0.7478783131 0.4113082588 -0.7891447544 0.2385310680 0.5659978390 0.3251876831 -0.6195005774 0.7144732475
377.4 -386.9 2957.2 -0.2095670104 0.7478783131 0.6298886538 -0.8006554246 0.2385310680 -0.5495942235 -0.5612776279 -0.6195005774 0.5488045812
33.7 -553.1 2722.1 0.9731379151 0.2221350670 -0.0604866408 -0.0356745906 -0.1140605211 -0.9928330779 -0.2274421901 0.9683213234 -0.1030720398
-79.2 -495.1 2229.7 0.9731379151 0.0614913218 0.2218590528 -0.0356745906 0.9923067093 -0.1185525432 -0.2274421901 0.1074532419 0.9678449631
212.7 -548.0 2722.5 0.9824988842 -0.1757012755 0.0618468970 0.0438458696 -0.1045503318 -0.9935526252 0.1810345799 0.9788760543 -0.0950168073
298.1 -497.2 2246.6 0.9824988842 -0.0739284605 -0.1709694713 0.0438458696 0.9838637114 -0.1734637767 0.1810345799 0.1629316658 0.9698864818
133.9 -483.5 2468.3 0 0 0 0 0 0 0 0 0
324.2 -590.2 2814.8 0 0 0 0 0 0 0 0 0
-102.2 -865.5 2189.6 0 0 0 0 0 0 0 0 0
325.7 -864.3 2185.8 0 0 0 0 0 0 0 0 0
106.5 -13.6 2957.0 79 0.9969445467 -0.0278767999 0.0729690865 0.0543420091 0.9185600877 -0.3915281594 -0.0561119393 0.3942971230 0.9172683358
112.0 -195.3 2879.0 0.9969445467 -0.0278767999 0.0729690865 0.0543420091 0.9185600877 -0.3915281594 -0.0561119393 0.3942971230 0.9172683358
117.7 -372.7 2800.5 0.9968864918 -0.0291035883 0.0732819885 0.0562078170 0.9140922427 -0.4015918970 -0.0552987307 0.4044605792 0.9128820896
-24.0 -202.9 2886.6 -0.2611297071 -0.4297075570 -0.8643857241 0.5479420424 0.6712254286 -0.4992153049 0.7947142720 -0.6039932370 0.0601779409
46.7 -351.4 2671.3 -0.3415342271 -0.4295725226 -0.8359556198 0.4987640977 0.6710282564 -0.5485940576 0.7966107726 -0.6043083072 -0.0149237635
248.0 -187.6 2871.5 0.5535126328 0.7148925066 0.4272615910 -0.7748709917 0.2540017068 0.5788420439 0.3052846789 -0.6514689922 0.6945425868
384.6 -378.7 2946.8 -0.2130906433 0.7148925066 0.6659737825 -0.8082311749 0.2540017068 -0.5312677622 -0.5489578247 -0.6514689922 0.5236730576
32.1 -553.9 2721.8 0.9736482501 0.2222624421 -0.0510736294 -0.0259002540 -0.1147353500 -0.9930583835 -0.2265795320 0.9682123661 -0.1059552208
-80.9 -495.6 2229.8 0.9736482501 0.0518172234 0.2220902592 -0.0259002540 0.9926688075 -0.1180583388 -0.2265795320 0.1091950983 0.9678523540
211.1 -548.1 2719.5 0.9814589620 -0.1785154790 0.0697891414 0.0516305789 -0.1044208184 -0.9931921363 0.1845875978 0.9783805609 -0.0932678878
297.3 -497.7 2247.0 0.9814589620 -0.0818127543 -0.1733348668 0.0516305789 0.9837468863 -0.1719777733 0.1845875978 0.1598397493 0.9697312117
133.4 -477.9 2469.2 0 0 0 0 0 0 0 0 0
330.5 -583.9 2807.5 0 0 0 0 0 0 0 0 0
-100.2 -866.1 2189.1 0 0 0 0 0 0 0 0 0
327.8 -864.9 2187.4 0 0 0 0 0 0 0 0 0
105.7 -13.2 2955.5 80 0.9984362125 -0.0312907174 0.0463245474 0.0467988960 0.9211094379 -0.3864806294 -0.0305767208 0.3880441785 0.9211333990
111.9 -195.6 2878.7 0.9984362125 -0.0312907174 0.0463245474 0.0467988960 0.9211094379 -0.3864806294 -0.0305767208 0.3880441785 0.9211333990
118.9 -373.2 2800.8 0.9982523322 -0.0360865481 0.0467984751 0.0518122315 0.9153124094 -0.3993979394 -0.0284223314 0.4011246264 0.9155824184
-24.4 -202.6 2882.5 -0.2652646899 -0.4106642604 -0.8723471165 0.5583831668 0.6721603274 -0.4862188101 0.7860298157 -0.6160806417 0.0510075875
45.3 -349.3 2676.0 -0.3428897858 -0.4185359478 -0.8409841061 0.4909000993 0.6834514737 -0.5402880311 0.8009017706 -0.5980984569 -0.0288891904
248.1 -188.5 2874.8 0.5416647196 0.7333819270 0.4107922614 -0.7763197422 0.2490248531 0.5790632963 0.3223770559 -0.6325643063 0.7042268515
381.8 -380.0 2954.3 -0.2017771453 0.7333819270 0.6491817236 -0.8088235259 0.2490248531 -0.5327205062 -0.5523499846 -0.6325643063 0.5429289937
34.1 -555.1 2726.9 0.9733155966 0.2237977535 -0.0507078432 -0.0251357295 -0.1156685278 -0.9929697514 -0.2280897051 0.9677475691 -0.1069566682
-80.9 -495.7 2229.7 0.9733155966 0.0524058044 0.2234062552 -0.0251357295 0.9920628071 -0.1232053787 -0.2280897051 0.1143022403 0.9669075012
212.5 -545.1 2717.0 0.9818519354 -0.1780478507 0.0653130487 0.0478785634 -0.1005195975 -0.9937824011 0.1835060567 0.9788742661 -0.0901706889
298.6 -496.5 2243.6 0.9818519354 -0.0764449313 -0.1735597998 0.0478785634 0.9854336381 -0.1631815284 0.1835060567 0.1519102901 0.9712099433
132.3 -473.9 2472.8 0 0 0 0 0 0 0 0 0
330.6 -585.3 2814.1 0 0 0 0 0 0 0 0 0
-100.4 -866.0 2187.0 0 0 0 0 0 0 0 0 0
327.2 -864.3 2186.9 0 0 0 0 0 0 0 0 0
107.2 -10.8 2956.2 81 0.9951068163 -0.0015705257 0.0987924710 0.0400435328 0.9204881787 -0.3887132406 -0.0903268233 0.3907671869 0.9160469770
107.5 -194.8 2878.1 0.9951068163 -0.0015705257 0.0987924710 0.0400435328 0.9204881787 -0.3887132406 -0.0903268233 0.3907671869 0.9160469770
108.3 -372.1 2799.2 0.9950940609 -0.0042150123 0.0988433287 0.0440810248 0.9133273363 -0.4048333764 -0.0885699391 0.4072044194 0.9090324044
-28.2 -200.9 2890.2 -0.2702496350 -0.4359304607 -0.8584461212 0.5450328588 0.6657299399 -0.5096497536 0.7936651111 -0.6056140065 0.0576831624
45.8 -350.0 2673.1 -0.3457589149 -0.4379248321 -0.8298630118 0.4918719828 0.6685678363 -0.5577445626 0.7990698814 -0.6010315418 -0.0157603249
243.1 -188.8 2866.0 0.5531908274 0.6958807707 0.4579627216 -0.7827647924 0.2460911125 0.5715928674 0.2850599289 -0.6746770144 0.6808463335
379.6 -381.9 2936.3 -0.2414615899 0.6958807707 0.6763477325 -0.8045874834 0.2460911125 -0.5404425263 -0.5425267220 -0.6746770144 0.5004754066
36.5 -555.6 2725.5 0.9720838666 0.2301769406 -0.0455142930 -0.0182397924 -0.1192613691 -0.9926953316 -0.2339236736 0.9658132792 -0.1117336750
-80.1 -495.1 2235.9 0.9720838666 0.0544182397 0.2282359153 -0.0182397924 0.9873154163 -0.1577199697 -0.2339236736 0.1491540521 0.9607459307
215.2 -546.3 2720.4 0.9830470681 -0.1723654419 0.0625191480 0.0455645174 -0.1006262824 -0.9938803911 0.1776016951 0.9798798561 -0.0910666287
299.6 -497.0 2240.6 0.9830470681 -0.0697357282 -0.1695742160 0.0455645174 0.9887499213 -0.1424693465 0.1776016951 0.1323275119 0.9751651287
133.5 -474.8 2470.3 0 0 0 0 0 0 0 0 0
318.3 -585.9 2798.7 0 0 0 0 0 0 0 0 0
-100.4 -863.4 2180.3 0 0 0 0 0 0 0 0 0
325.6 -866.0 2191.2 0 0 0 0 0 0 0 0 0
106.9 -10.3 2956.1 82 0.9919329882 0.0167824794 0.1256474406 0.0339705572 0.9197498560 -0.3910322189 -0.1221267059 0.3921460807 0.9117601514
103.5 -194.1 2877.7 0.9919329882 0.0167824794 0.1256474406 0.0339705572 0.9197498560 -0.3910322189 -0.1221267059 0.3921460807 0.9117601514
100.4 -371.1 2798.3 0.9919847846 0.0160387568 0.1253352165 0.0368617773 0.9120324254 -0.4084581733 -0.1208609343 0.4098043740 0.9041310549
-31.8 -199.1 2894.2 -0.2707503140 -0.4449610114 -0.8536415696 0.5459040999 0.6594208479 -0.5168682933 0.7928953171 -0.6059486866 0.0643676221
41.9 -347.7 2678.4 -0.3505555093 -0.4444347322 -0.8243716359 0.4958274662 0.6586765647 -0.5659508109 0.7945224643 -0.6071432829 -0.0105397431
238.8 -189.0 2861.2 0.5564063787 0.6753435135 0.4840693176 -0.7876254320 0.2430961579 0.5661717653 0.2646850348 -0.6962868571 0.6671779752
376.1 -383.3 2926.5 -0.2652706802 0.6753435135 0.6881443262 -0.8008577824 0.2430961579 -0.5472943187 -0.5368968844 -0.6962868571 0.4763678312
20.1 -553.3 2728.3 0.9788283706 0.1977728605 -0.0527343042 -0.0301402695 -0.1155605316 -0.9928430319 -0.2024514079 0.9734123945 -0.1071530059
-79.8 -494.9 2236.3 0.9788283706 0.0603433624 0.1955855042 -0.0301402695 0.9876312017 -0.1538704932 -0.2024514079 0.1447177976 0.9685402513
198.0 -545.4 2712.5 0.9756029844 -0.2108234912 0.0612561256 0.0416252799 -0.0963278711 -0.9944788814 0.2155601978 0.9727663398 -0.0852021724
301.3 -498.2 2235.7 0.9756029844 -0.0654005110 -0.2095748931 0.0416252799 0.9923865795 -0.1159148663 0.2155601978 0.1043632701 0.9708975554
130.9 -473.6 2476.7 0 0 0 0 0 0 0 0 0
308.8 -586.5 2790.4 0 0 0 0 0 0 0 0 0
-102.4 -863.5 2182.3 0 0 0 0 0 0 0 0 0
325.7 -868.5 2196.8 0 0 0 0 0 0 0 0 0
106.9 -11.5 2956.0 83 0.9892446399 0.0242723972 0.1442425251 0.0352073535 0.9176299572 -0.3958733082 -0.1419700682 0.3966939151 0.9069059491
102.1 -194.6 2876.9 0.9892446399 0.0242723972 0.1442425251 0.0352073535 0.9176299572 -0.3958733082 -0.1419700682 0.3966939151 0.9069059491
96.8 -371.2 2796.5 0.9892413616 0.0272192378 0.1437382102 0.0350906700 0.9097047448 -0.4137703478 -0.1420218498 0.4143626094 0.8989624381
-32.9 -199.4 2896.3 -0.2586380839 -0.4525634050 -0.8534006476 0.5516296625 0.6560431123 -0.5150846243 0.7929760814 -0.6039816141 0.0799696669
38.5 -351.8 2677.3 -0.3533271253 -0.4552131891 -0.8172765374 0.4826624095 0.6596639156 -0.5760907531 0.8013719320 -0.5980171561 -0.0133628482
237.1 -189.8 2857.5 0.5601796508 0.6607584953 0.4995968640 -0.7902663946 0.2454637289 0.5614504814 0.2483502477 -0.7093276978 0.6596789956
375.4 -384.8 2918.8 -0.2789365053 0.6607584953 0.6968448162 -0.7970383167 0.2454637289 -0.5517947674 -0.5356531739 -0.7093276978 0.4581810236
8.5 -551.4 2729.8 0.9834195375 0.1745683104 -0.0491114818 -0.0302964281 -0.1088562831 -0.9935957193 -0.1787964255 0.9786093235 -0.1017625928
-79.7 -496.4 2235.4 0.9834195375 0.0590252168 0.1714702845 -0.0302964281 0.9857338071 -0.1655625403 -0.1787964255 0.1576224864 0.9711781740
186.0 -544.8 2708.1 0.9695731997 -0.2392065674 0.0520390086 0.0304907560 -0.0929178372 -0.9952068329 0.2428953499 0.9665125608 -0.0827970505
303.4 -499.2 2233.7 0.9695731997 -0.0571292564 -0.2380421907 0.0304907560 0.9929985404 -0.1141236722 0.2428953499 0.1033931673 0.9645266533
128.2 -474.3 2473.9 0 0 0 0 0 0 0 0 0
304.6 -587.1 2782.9 0 0 0 0 0 0 0 0 0
-101.7 -864.3 2176.6 0 0 0 0 0 0 0 0 0
324.7 -869.8 2195.1 0 0 0 0 0 0 0 0 0
107.5 -11.7 2955.0 84 0.9892193675 0.0332897119 0.1426072270 0.0266963840 0.9165056944 -0.3991297781 -0.1439872533 0.3986340165 0.9057365060
100.9 -194.5 2875.5 0.9892193675 0.0332897119 0.1426072270 0.0266963840 0.9165056944 -0.3991297781 -0.1439872533 0.3986340165 0.9057365060
93.6 -370.9 2794.9 0.9891770482 0.0371330231 0.1419502348 0.0255996529 0.9089311957 -0.4161595702 -0.1444762647 0.4152893722 0.8981432915
-34.2 -198.0 2895.2 -0.2473923415 -0.4479118884 -0.8591693640 0.5545607805 0.6616711617 -0.5046321750 0.7945183516 -0.6013037562 0.0847019777
34.0 -350.9 2676.1 -0.3571686149 -0.4489735067 -0.8190563917 0.4812288582 0.6631017923 -0.5733365417 0.8005306721 -0.5989313722 -0.0207801592
235.9 -191.0 2855.8 0.5532705784 0.6613404155 0.5064785480 -0.7958078980 0.2399873286 0.5559638739 0.2461329699 -0.7106580734 0.6590778828
372.5 -387.4 2916.5 -0.2880685031 0.6613404155 0.6925643086 -0.7935180664 0.2399873286 -0.5592272878 -0.5360462666 -0.7106580734 0.4556528032
3.0 -550.9 2728.9 0.9850907922 0.1627882719 -0.0556423552 -0.0382192470 -0.1082691252 -0.9933866858 -0.1677360535 0.9807026982 -0.1004332751
-79.0 -496.4 2235.2 0.9850907922 0.0628396794 0.1601476371 -0.0382192470 0.9875766635 -0.1524191648 -0.1677360535 0.1440259963 0.9752544165
180.0 -544.6 2703.5 0.9659441113 -0.2518180311 0.0594946742 0.0372146964 -0.0923357308 -0.9950322509 0.2560605407 0.9633596539 -0.0798198283
300.8 -500.3 2241.6 0.9659441113 -0.0720996931 -0.2485026568 0.0372146964 0.9891202450 -0.1423242241 0.2560605407 0.1282293051 0.9581180811
124.7 -473.1 2472.9 0 0 0 0 0 0 0 0 0
299.4 -588.8 2780.5 0 0 0 0 0 0 0 0 0
-102.4 -865.0 2181.5 0 0 0 0 0 0 0 0 0
327.7 -869.4 2193.8 0 0 0 0 0 0 0 0 0
109.0 -12.5 2955.0 85 0.9884171486 0.0501493327 0.1432361454 0.0134850359 0.9110682607 -0.4120349884 -0.1511611789 0.4091939926 0.8998392224
99.0 -193.9 2873.5 0.9884171486 0.0501493327 0.1432361454 0.0134850359 0.9110682607 -0.4120349884 -0.1511611789 0.4091939926 0.8998392224
88.5 -368.9 2790.3 0.9883713126 0.0541756824 0.1420815885 0.0126883574 0.9017377496 -0.4320972860 -0.1515294909 0.4288753271 0.8905643225
-36.0 -195.6 2894.2 -0.2456102967 -0.4367588460 -0.8654000759 0.5591227412 0.6654482484 -0.4945304692 0.7918695211 -0.6053265929 0.0807608515
33.9 -354.8 2668.8 -0.3508163691 -0.4390020072 -0.8271669149 0.4874891043 0.6685665250 -0.5615809560 0.7995513082 -0.6002466679 -0.0205353964
234.0 -192.1 2852.8 0.5428230762 0.6597276330 0.5197139382 -0.8078107834 0.2408549190 0.5379875898 0.2297496200 -0.7118626237 0.6636766791
367.9 -391.5 2909.5 -0.3042103350 0.6597276330 0.6871793866 -0.7805778384 0.2408549190 -0.5767903924 -0.5460351110 -0.7118626237 0.4416981936
-2.1 -549.6 2727.3 0.9862579703 0.1522596925 -0.0641261935 -0.0480550081 -0.1069818586 -0.9930989742 -0.1580692828 0.9825333953 -0.0981948748
-78.4 -496.0 2235.2 0.9862579703 0.0708793700 0.1492357105 -0.0480550081 0.9873128533 -0.1513409615 -0.1580692828 0.1420897096 0.9771512747
175.0 -545.0 2701.4 0.9630637169 -0.2617701590 0.0631237701 0.0400502868 -0.0925656036 -0.9949007630 0.2662784457 0.9606810212 -0.0786626041
301.0 -500.5 2239.1 0.9630637169 -0.0704474002 -0.2598949671 0.0400502868 0.9919101596 -0.1204583198 0.2662784457 0.1056001708 0.9580941200
123.0 -478.6 2465.8 0 0 0 0 0 0 0 0 0
290.8 -589.6 2771.0 0 0 0 0 0 0 0 0 0
-104.9 -864.6 2182.2 0 0 0 0 0 0 0 0 0
327.3 -870.6 2199.7 0 0 0 0 0 0 0 0 0
108.4 -13.3 2956.0 86 0.9858825803 0.0468482822 0.1607506126 0.0242310017 0.9100343585 -0.4138240516 -0.1656755209 0.4118770659 0.8960518241
99.1 -194.7 2873.9 0.9858825803 0.0468482822 0.1607506126 0.0242310017 0.9100343585 -0.4138240516 -0.1656755209 0.4118770659 0.8960518241
88.9 -369.5 2790.1 0.9857757688 0.0525820255 0.1596285999 0.0222856402 0.9005143046 -0.4342549741 -0.1665818393 0.4316354394 0.8865333200
-35.6 -197.7 2896.6 -0.2448616624 -0.4537216723 -0.8568426967 0.5433558226 0.6677115560 -0.5088474154 0.8029989004 -0.5901677012 0.0830353349
34.9 -354.1 2665.5 -0.3282508552 -0.4447083771 -0.8333581686 0.5173818469 0.6534864306 -0.5525138378 0.7902957797 -0.6125274897 0.0155765433
233.7 -191.6 2851.1 0.5536019802 0.6465156078 0.5249213576 -0.8037121892 0.2496930659 0.5400926471 0.2181091011 -0.7208820581 0.6578430533
370.4 -390.0 2904.9 -0.3054570258 0.6465156078 0.6990805268 -0.7811526060 0.2496930659 -0.5722359419 -0.5445150137 -0.7208820581 0.4287568331
-10.6 -545.0 2720.7 0.9885927439 0.1368040144 -0.0630000681 -0.0498213470 -0.0977089480 -0.9939671755 -0.1421343684 0.9857675433 -0.0897785947
-78.2 -496.7 2233.3 0.9885927439 0.0686214864 0.1340725124 -0.0498213470 0.9890577197 -0.1388620585 -0.1421343684 0.1305983663 0.9811941385
166.5 -542.7 2693.5 0.9567331076 -0.2862233222 0.0523255244 0.0282199625 -0.0877076685 -0.9957464337 0.2895952165 0.9541402459 -0.0758356228
303.1 -500.9 2238.2 0.9567331076 -0.0618186444 -0.2843241394 0.0282199625 0.9922773838 -0.1207856312 0.2895952165 0.1075359955 0.9510892034
118.2 -485.4 2465.1 0 0 0 0 0 0 0 0 0
292.8 -588.3 2766.7 0 0 0 0 0 0 0 0 0
-103.8 -865.9 2184.5 0 0 0 0 0 0 0 0 0
326.1 -871.2 2198.0 0 0 0 0 0 0 0 0 0
107.9 -12.6 2955.5 87 0.9838705659 0.0444915444 0.1732605547 0.0304243900 0.9128430486 -0.4071755707 -0.1762755513 0.4058793783 0.8967657685
99.1 -194.8 2874.5 0.9838705659 0.0444915444 0.1732605547 0.0304243900 0.9128430486 -0.4071755707 -0.1762755513 0.4058793783 0.8967657685
88.7 -370.4 2792.4 0.9836078286 0.0532202087 0.1722884178 0.0255367383 0.9047117233 -0.4252583086 -0.1785036772 0.4226870537 0.8885223866
-35.3 -198.3 2898.9 -0.2422377318 -0.4641775489 -0.8519742489 0.5463347435 0.6604112983 -0.5151458383 0.8017725348 -0.5902509093 0.0936198160
35.3 -357.4 2665.2 -0.3101103902 -0.4542394876 -0.8351634741 0.5344694257 0.6432078481 -0.5482937694 0.7862403989 -0.6164009571 0.0433116816
233.4 -191.3 2850.1 0.5601975918 0.6366510391 0.5299566984 -0.7989268303 0.2462294847 0.5487139225 0.2188483477 -0.7307848334 0.6465747356
371.7 -388.5 2904.1 -0.3079584539 0.6366510391 0.7069915533 -0.7876269817 0.2462294847 -0.5648139119 -0.5336714983 -0.7307848334 0.4256151021
-9.6 -546.3 2721.3 0.9884834886 0.1382231563 -0.0616011284 -0.0485277921 -0.0960371420 -0.9941940904 -0.1433366388 0.9857338667 -0.0882234722
-78.3 -498.6 2231.7 0.9884834886 0.0665635243 0.1359030455 -0.0485277921 0.9900668263 -0.1319573820 -0.1433366388 0.1238426194 0.9818949103
166.9 -542.3 2691.4 0.9563892484 -0.2869236767 0.0547211766 0.0310265254 -0.0864907354 -0.9957693815 0.2904426754 0.9540409446 -0.0738165677
303.2 -501.2 2238.4 0.9563892484 -0.0639637709 -0.2850056887 0.0310265254 0.9924547076 -0.1186211780 0.2904426754 0.1046052873 0.9511576295
114.0 -493.0 2465.8 0 0 0 0 0 0 0 0 0
293.6 -588.4 2768.7 0 0 0 0 0 0 0 0 0
-103.1 -868.1 2185.5 0 0 0 0 0 0 0 0 0
327.0 -871.6 2199.4 0 0 0 0 0 0 0 0 0
108.6 -10.9 2956.2 88 0.9840276837 0.0369181149 0.1741452217 0.0368983597 0.9147138000 -0.4024142325 -0.1741494089 0.4024124146 0.8987414837
101.2 -194.0 2875.7 0.9840276837 0.0369181149 0.1741452217 0.0368983597 0.9147138000 -0.4024142325 -0.1741494089 0.4024124146 0.8987414837
93.6 -370.1 2794.4 0.9840577245 0.0393146165 0.1734494120 0.0376168825 0.9071865082 -0.4190436602 -0.1738255173 0.4188877940 0.8912450671
-33.2 -199.1 2899.4 -0.2387145609 -0.4740365744 -0.8475285769 0.5395413041 0.6609104276 -0.5216249824 0.8074097633 -0.5817961693 0.0979933664
35.8 -355.1 2666.0 -0.2889872789 -0.4610571563 -0.8389950395 0.5519048572 0.6358560920 -0.5395258069 0.7822323442 -0.6189615130 0.0707053468
235.6 -188.9 2851.9 0.5695037842 0.6370100975 0.5195032358 -0.7905344367 0.2512945831 0.5584857464 0.2252126932 -0.7287449241 0.6466916203
