57.1 3.8 3160.1 21 0.9912698269 0.1001625285 0.0857415348 -0.0432460569 0.8613220453 -0.5062154531 -0.1245548949 0.4980880916 0.8581342101
36.6 -172.8 3058.0 0.9912698269 0.1001625285 0.0857415348 -0.0432460569 0.8613220453 -0.5062154531 -0.1245548949 0.4980880916 0.8581342101
17.6 -339.1 2951.0 0.9921122193 0.0955042467 0.0811927170 -0.0359333009 0.8372082114 -0.5457025170 -0.1200921163 0.5384805799 0.8340362906
-108.2 -167.5 3075.5 -0.0703400820 -0.9659480453 0.2489913255 0.5438120961 0.1721223593 0.8213661313 -0.8362539411 0.1931794584 0.5131871104
-82.1 -369.2 3385.6 0.2168080956 -0.9524542689 -0.2140678912 -0.2689014971 0.1525336206 -0.9510128498 0.9384488463 0.2637504637 -0.2230458558
181.5 -178.0 3040.5 0.5238202214 0.5151982307 0.6783680320 -0.8102187514 0.5471948385 0.2100558281 -0.2629790604 -0.6596579552 0.7040549517
282.1 -333.7 2989.9 -0.7091392279 0.5151982307 0.4813442826 -0.1601022929 0.5471948385 -0.8215504289 -0.6866503954 -0.6596579552 -0.3055528998
-94.7 -502.1 2853.6 0.9802882671 0.1393761784 -0.1400330216 -0.1289880723 -0.0853940025 -0.9879625440 -0.1496564150 0.9865506291 -0.0657328665
-157.2 -463.8 2411.3 0.9802882671 0.1372271925 0.1421395987 -0.1289880723 0.9894683361 -0.0656851977 -0.1496564150 0.0460561179 0.9876648188
87.0 -509.5 2830.7 0.9921143055 0.0118205082 0.1247775257 0.1253127158 -0.0742916539 -0.9893318415 -0.0024244762 0.9971665144 -0.0751870722
81.7 -476.0 2381.3 0.9921143055 -0.1249502376 0.0098282238 0.1253127158 0.9903911948 -0.0584977716 -0.0024244762 0.0592680797 0.9982391596
-139.4 -298.2 3137.7 0 0 0 0 0 0 0 0 0
83.5 -378.5 2797.7 0 0 0 0 0 0 0 0 0
-205.8 -813.9 2395.0 0 0 0 0 0 0 0 0 0
129.4 -854.4 2358.7 0 0 0 0 0 0 0 0 0
56.8 4.8 3159.4 22 0.9946854115 0.0990923494 0.0279573146 -0.0712545067 0.8585194945 -0.5078061223 -0.0743216053 0.5031152964 0.8610175848
36.3 -173.0 3055.3 0.9946854115 0.0990923494 0.0279573146 -0.0712545067 0.8585194945 -0.5078061223 -0.0743216053 0.5031152964 0.8610175848
17.2 -338.6 2947.2 0.9950674772 0.0964299738 0.0232814066 -0.0679484233 0.8335354328 -0.5482715964 -0.0722756907 0.5439852476 0.8359762430
-108.8 -163.0 3065.8 -0.0124012325 -0.9680718780 0.2503657639 0.5460320115 0.2032004893 0.8127475977 -0.8376725316 0.1467867792 0.5260782838
-104.2 -365.5 3376.4 0.1625732780 -0.9586314559 -0.2336571068 -0.2760273516 0.1831663847 -0.9435353875 0.9473007917 0.2178893834 -0.2348305434
181.4 -182.9 3044.7 0.5293235183 0.4819140732 0.6982660294 -0.7913047671 0.5772886872 0.2014313638 -0.3060284555 -0.6591635942 0.6869133711
284.9 -337.6 2984.9 -0.7402307391 0.4819140732 0.4688467681 -0.1343024969 0.5772886872 -0.8054195642 -0.6588029265 -0.6591635942 -0.3626045585
-92.4 -502.2 2855.0 0.9792633057 0.1402879059 -0.1461598873 -0.1345383078 -0.0890759826 -0.9868966341 -0.1514690071 0.9860957265 -0.0683547407
-155.7 -462.0 2409.6 0.9792633057 0.1425153017 0.1439888924 -0.1345383078 0.9888558984 -0.0637456998 -0.1514690071 0.0430518053 0.9875240326
89.6 -508.8 2833.0 0.9916407466 0.0197859593 0.1275036782 0.1286092103 -0.0718504414 -0.9890890718 -0.0104088802 0.9972191453 -0.0737944767
80.7 -476.5 2384.2 0.9916407466 -0.1276689172 0.0186901614 0.1286092103 0.9896696806 -0.0633529723 -0.0104088802 0.0652271137 0.9978161454
-147.2 -292.6 3126.2 0 0 0 0 0 0 0 0 0
77.8 -375.1 2800.6 0 0 0 0 0 0 0 0 0
-206.4 -813.5 2394.3 0 0 0 0 0 0 0 0 0
129.4 -854.6 2359.3 0 0 0 0 0 0 0 0 0
57.6 6.8 3160.6 23 0.9948287606 0.0996707082 0.0195327941 -0.0756019279 0.8551101089 -0.5129045248 -0.0678242445 0.5087754130 0.8582234383
36.7 -172.3 3054.0 0.9948287606 0.0996707082 0.0195327941 -0.0756019279 0.8551101089 -0.5129045248 -0.0678242445 0.5087754130 0.8582234383
17.4 -337.6 2945.5 0.9951519370 0.0971725360 0.0151689779 -0.0728321150 0.8317836523 -0.5503012538 -0.0660914704 0.5465285778 0.8348283768
-108.5 -161.7 3063.6 -0.0042896704 -0.9679484367 0.2511123121 0.5480103493 0.2077739239 0.8102559447 -0.8364605308 0.1410878748 0.5295544863
-106.9 -364.9 3373.8 0.1551233679 -0.9590636492 -0.2369254529 -0.2790239155 0.1875289232 -0.9417954087 0.9476720691 0.2122023404 -0.2385115772
181.9 -182.9 3044.4 0.5210311413 0.4845979810 0.7026317120 -0.7988673449 0.5667479634 0.2015136033 -0.3005620241 -0.6663044095 0.6824228168
282.3 -336.8 2986.5 -0.7448862195 0.4845979810 0.4585949481 -0.1319776326 0.5667479634 -0.8132519126 -0.6540079713 -0.6663044095 -0.3582066298
-93.0 -498.0 2845.7 0.9799092412 0.1436265856 -0.1383811086 -0.1284685880 -0.0761793777 -0.9887833595 -0.1525573581 0.9866955280 -0.0561973676
-156.3 -464.4 2410.6 0.9799092412 0.1374159306 0.1445503086 -0.1284685880 0.9892714620 -0.0695543438 -0.1525573581 0.0495867729 0.9870498776
89.2 -510.4 2832.5 0.9903957248 0.0236511976 0.1362239122 0.1376982927 -0.0798617750 -0.9872493744 -0.0124705462 0.9965253472 -0.0823514909
78.6 -474.8 2388.2 0.9903957248 -0.1362092644 0.0237354077 0.1376982927 0.9871997833 -0.0804720894 -0.0124705462 0.0829675347 0.9964742064
-147.9 -291.2 3123.5 0 0 0 0 0 0 0 0 0
73.8 -373.7 2803.4 0 0 0 0 0 0 0 0 0
-205.1 -815.2 2393.1 0 0 0 0 0 0 0 0 0
130.7 -852.0 2356.5 0 0 0 0 0 0 0 0 0
56.9 7.1 3160.7 24 0.9956974387 0.0903441682 0.0206056125 -0.0685856715 0.8680455685 -0.4917243719 -0.0623110421 0.4881954491 0.8705070615
38.1 -173.5 3059.1 0.9956974387 0.0903441682 0.0206056125 -0.0685856715 0.8680455685 -0.4917243719 -0.0623110421 0.4881954491 0.8705070615
20.8 -340.9 2953.5 0.9961199760 0.0865130797 0.0161409974 -0.0644990653 0.8424471617 -0.5349043608 -0.0598741584 0.5317878127 0.8447583914
-107.3 -164.1 3067.8 -0.0052323309 -0.9705770016 0.2407340705 0.5326884389 0.2010324150 0.8220881820 -0.8462952971 0.1325376779 0.5159632564
-105.4 -361.6 3381.6 0.1529447883 -0.9618620872 -0.2267800868 -0.2602998018 0.1821659803 -0.9481875300 0.9533372521 0.2040511519 -0.2225111723
183.5 -182.9 3050.4 0.5013055205 0.4820950031 0.7185242772 -0.8005680442 0.5734972358 0.1737575531 -0.3283040524 -0.6623332500 0.6734471917
281.1 -338.9 2986.4 -0.7505526543 0.4820950031 0.4519459307 -0.1196296960 0.5734972358 -0.8104255795 -0.6498918533 -0.6623332500 -0.3727670014
-93.1 -496.2 2842.9 0.9802108407 0.1468001157 -0.1328024268 -0.1236793548 -0.0696584061 -0.9898743033 -0.1545644552 0.9867104292 -0.0501237772
-157.7 -465.5 2408.7 0.9802108407 0.1318062544 0.1476951689 -0.1236793548 0.9903228879 -0.0629601926 -0.1545644552 0.0434474200 0.9870269299
89.3 -509.5 2830.8 0.9902067184 0.0248434301 0.1373806894 0.1388943493 -0.0758717731 -0.9873964787 -0.0141070001 0.9968080521 -0.0785793513
78.2 -475.8 2386.9 0.9902067184 -0.1372459978 0.0255770199 0.1388943493 0.9869770408 -0.0811457708 -0.0141070001 0.0839035884 0.9963740110
-145.8 -292.8 3129.8 0 0 0 0 0 0 0 0 0
71.0 -372.4 2804.4 0 0 0 0 0 0 0 0 0
-204.2 -815.5 2393.4 0 0 0 0 0 0 0 0 0
130.7 -852.9 2354.8 0 0 0 0 0 0 0 0 0
57.0 6.9 3159.7 25 0.9951421022 0.0905853510 0.0385543033 -0.0598686039 0.8677142262 -0.4934448302 -0.0781529918 0.4887395501 0.8689221740
38.2 -173.1 3058.3 0.9951421022 0.0905853510 0.0385543033 -0.0598686039 0.8677142262 -0.4934448302 -0.0781529918 0.4887395501 0.8689221740
21.1 -340.2 2952.1 0.9957406521 0.0857416689 0.0338950194 -0.0540689193 0.8408303261 -0.5385916233 -0.0746797025 0.5344649553 0.8418849111
-107.1 -165.3 3069.2 -0.0229880977 -0.9705221653 0.2399131805 0.5364940166 0.1905198395 0.8221169710 -0.8435909748 0.1476108879 0.5162996650
-98.6 -364.2 3382.0 0.1694839895 -0.9605727792 -0.2203975767 -0.2631095350 0.1714144945 -0.9494158626 0.9497623444 0.2188994884 -0.2236838341
183.6 -181.0 3047.4 0.5145629048 0.4852266908 0.7069512606 -0.8042014837 0.5591288805 0.2015810311 -0.2974643707 -0.6722573638 0.6779269576
288.6 -345.1 2986.7 -0.7704057097 0.4852266908 0.4135578275 -0.0902524367 0.5591288805 -0.8241537809 -0.6311334968 -0.6722573638 -0.3869631886
-87.7 -502.3 2853.3 0.9783620834 0.1602140218 -0.1309161782 -0.1191703007 -0.0808884427 -0.9895734191 -0.1691331416 0.9837624431 -0.0600454360
-160.4 -465.6 2406.9 0.9783620834 0.1268132478 0.1634808183 -0.1191703007 0.9913057089 -0.0557802208 -0.1691331416 0.0350911953 0.9849683046
95.0 -514.2 2842.3 0.9890441895 0.0382206291 0.1425859332 0.1453078538 -0.0817938372 -0.9859997034 -0.0260228794 0.9959161282 -0.0864514783
77.5 -476.7 2386.0 0.9890441895 -0.1422694176 0.0393824428 0.1453078538 0.9852997065 -0.0898339823 -0.0260228794 0.0945723578 0.9951778054
-143.4 -294.7 3131.1 0 0 0 0 0 0 0 0 0
72.9 -370.4 2810.1 0 0 0 0 0 0 0 0 0
-204.7 -812.6 2394.7 0 0 0 0 0 0 0 0 0
131.8 -853.2 2349.9 0 0 0 0 0 0 0 0 0
56.1 7.6 3160.2 26 0.9910652637 0.0968744606 0.0916788429 -0.0391648896 0.8684288263 -0.4942646325 -0.1274981648 0.4862579107 0.8644636869
36.0 -172.4 3059.5 0.9910652637 0.0968744606 0.0916788429 -0.0391648896 0.8684288263 -0.4942646325 -0.1274981648 0.4862579107 0.8644636869
17.4 -339.7 2953.8 0.9918212891 0.0936713442 0.0866961777 -0.0323796123 0.8416938186 -0.5389834046 -0.1234589294 0.5317680240 0.8378428817
-108.7 -167.7 3077.5 -0.0758432299 -0.9660081863 0.2471355349 0.5371250510 0.1692360193 0.8263509274 -0.8400859833 0.1954158098 0.5060318112
-80.6 -366.8 3389.0 0.2214359641 -0.9521692395 -0.2105702013 -0.2607901990 0.1502445787 -0.9536325336 0.9396566153 0.2660831809 -0.2150468528
180.7 -177.1 3041.5 0.5172538161 0.4902016521 0.7015346289 -0.8095154762 0.5462443829 0.2151783854 -0.2777285278 -0.6792050004 0.6793728471
287.0 -343.5 2984.4 -0.7667306662 0.4902016521 0.4145195484 -0.1003502905 0.5462443829 -0.8315929770 -0.6340772510 -0.6792050004 -0.3696304262
-87.2 -502.3 2852.8 0.9779911637 0.1600846499 -0.1338140219 -0.1213648692 -0.0852098092 -0.9889438152 -0.1697169840 0.9834186435 -0.0639057904
-159.5 -463.9 2408.8 0.9779911637 0.1294764727 0.1636127532 -0.1213648692 0.9908719659 -0.0586802214 -0.1697169840 0.0375318974 0.9847778678
95.4 -512.2 2839.1 0.9891791344 0.0363886617 0.1421285123 0.1445865333 -0.0774542093 -0.9864560962 -0.0248873644 0.9963316321 -0.0818774030
78.8 -477.0 2385.8 0.9891791344 -0.1415394098 0.0386166498 0.1445865333 0.9851177335 -0.0929393619 -0.0248873644 0.0975171253 0.9949226379
-139.1 -298.0 3140.8 0 0 0 0 0 0 0 0 0
72.3 -371.6 2806.8 0 0 0 0 0 0 0 0 0
-205.2 -813.8 2395.5 0 0 0 0 0 0 0 0 0
132.9 -853.4 2348.5 0 0 0 0 0 0 0 0 0
55.6 7.1 3159.5 27 0.9954833984 0.0862912014 0.0395804010 -0.0544754751 0.8606594801 -0.5062584877 -0.0777508989 0.5018157363 0.8614730239
37.7 -172.0 3055.1 0.9954833984 0.0862912014 0.0395804010 -0.0544754751 0.8606594801 -0.5062584877 -0.0777508989 0.5018157363 0.8614730239
20.1 -337.1 2946.0 0.9954337478 0.0889428556 0.0346536525 -0.0549551100 0.8308242559 -0.5538149476 -0.0780489743 0.5493816733 0.8319183588
-107.4 -164.0 3066.5 -0.0237556640 -0.9697284698 0.2430273890 0.5517239571 0.1900065243 0.8120949268 -0.8336883783 0.1533758938 0.5305087566
-98.6 -368.5 3375.6 0.1711313426 -0.9596540332 -0.2231103927 -0.2806369662 0.1695917249 -0.9447124004 0.9444347024 0.2242829204 -0.2402919233
182.8 -180.1 3043.7 0.5190973878 0.4979232252 0.6947016716 -0.8065544367 0.5543470979 0.2053514421 -0.2828565836 -0.6669120789 0.6893623471
284.0 -337.3 2988.5 -0.7444587350 0.4979232252 0.4448074400 -0.1212120578 0.5543470979 -0.8234117627 -0.6565735936 -0.6669120789 -0.3523342311
-92.0 -504.0 2859.5 0.9797301888 0.1472066343 -0.1358636469 -0.1243840829 -0.0846070945 -0.9886204004 -0.1570264995 0.9854804873 -0.0645819679
-160.5 -464.6 2400.6 0.9797301888 0.1280339956 0.1540649831 -0.1243840829 0.9916805029 -0.0331417434 -0.1570264995 0.0133067369 0.9875047207
89.6 -509.9 2836.9 0.9893964529 0.0254864972 0.1429861784 0.1445149779 -0.0745172799 -0.9866927862 -0.0144924019 0.9968940020 -0.0774103180
78.1 -476.1 2384.8 0.9893964529 -0.1426867098 0.0271129515 0.1445149779 0.9857802987 -0.0857473761 -0.0144924019 0.0887563825 0.9959479570
-143.8 -294.4 3126.1 0 0 0 0 0 0 0 0 0
75.6 -371.2 2804.8 0 0 0 0 0 0 0 0 0
-205.8 -815.1 2395.9 0 0 0 0 0 0 0 0 0
132.6 -852.8 2350.9 0 0 0 0 0 0 0 0 0
54.7 4.5 3159.6 28 0.9948524237 0.0910242945 0.0445340723 -0.0555253364 0.8572852015 -0.5118388534 -0.0847681686 0.5067313313 0.8579264283
35.8 -172.9 3054.8 0.9948524237 0.0910242945 0.0445340723 -0.0555253364 0.8572852015 -0.5118388534 -0.0847681686 0.5067313313 0.8579264283
17.9 -337.4 2944.8 0.9951277971 0.0903221741 0.0395295359 -0.0529661886 0.8279166222 -0.5583446026 -0.0831580535 0.5535305142 0.8286668658
-109.4 -165.1 3066.9 -0.0286370348 -0.9692661166 0.2443422079 0.5562804937 0.1876397133 0.8095328212 -0.8305010200 0.1591054201 0.5338103771
-98.7 -371.4 3374.8 0.1761297882 -0.9588173032 -0.2228174955 -0.2855788171 0.1668495387 -0.9437192082 0.9420313239 0.2298490256 -0.2444307357
181.0 -180.6 3042.6 0.5205182433 0.4914233685 0.6982576847 -0.8045112491 0.5562276840 0.2082604915 -0.2860462070 -0.6701595187 0.6848822832
282.7 -337.7 2986.8 -0.7466405034 0.4914233685 0.4483648241 -0.1270750016 0.5562276840 -0.8212567568 -0.6529777050 -0.6701595187 -0.3528545201
-88.5 -497.1 2844.0 0.9778349996 0.1597681940 -0.1353249252 -0.1248985231 -0.0736368373 -0.9894331694 -0.1680448502 0.9844042659 -0.0520498641
-159.1 -464.5 2409.0 0.9778349996 0.1323794872 0.1622170955 -0.1248985231 0.9906147122 -0.0555238239 -0.1680448502 0.0340324603 0.9851917028
93.7 -507.2 2829.7 0.9887327552 0.0368325785 0.1450893730 0.1473572254 -0.0689856485 -0.9866746068 -0.0263326876 0.9969374537 -0.0736359134
77.2 -476.4 2383.6 0.9887327552 -0.1447413564 0.0381772444 0.1473572254 0.9859920740 -0.0781378001 -0.0263326876 0.0828830898 0.9962112904
-145.3 -296.0 3126.0 0 0 0 0 0 0 0 0 0
73.6 -373.3 2803.9 0 0 0 0 0 0 0 0 0
-205.8 -813.9 2397.0 0 0 0 0 0 0 0 0 0
132.5 -853.1 2352.0 0 0 0 0 0 0 0 0 0
54.4 6.7 3160.2 29 0.9961473942 0.0817449316 0.0317513794 -0.0544763878 0.8605589867 -0.5064291954 -0.0687219575 0.5027484298 0.8616967797
37.4 -171.8 3055.9 0.9961473942 0.0817449316 0.0317513794 -0.0544763878 0.8605589867 -0.5064291954 -0.0687219575 0.5027484298 0.8616967797
21.5 -336.7 2946.3 0.9964333773 0.0799204633 0.0270787384 -0.0514857136 0.8300593495 -0.5552933812 -0.0668562651 0.5519186854 0.8312135935
-108.0 -164.3 3065.7 -0.0161544289 -0.9720370770 0.2342710346 0.5532421470 0.1864771247 0.8118801713 -0.8328638077 0.1427240670 0.5347594619
-102.0 -369.4 3374.5 0.1613546014 -0.9626986384 -0.2172004133 -0.2818785012 0.1659598649 -0.9449877143 0.9457849860 0.2137022614 -0.2445856631
182.8 -179.3 3046.2 0.5073064566 0.5098186135 0.6947842240 -0.8088654280 0.5598236918 0.1798171550 -0.2972825468 -0.6532093287 0.6963768005
282.6 -338.4 2987.7 -0.7313188910 0.5098186135 0.4530537426 -0.1178436130 0.5598236918 -0.8201891780 -0.6717779636 -0.6532093287 -0.3493307531
-91.2 -497.0 2842.5 0.9782041907 0.1478133351 -0.1458346546 -0.1366868764 -0.0703171641 -0.9881154895 -0.1563113183 0.9865124226 -0.0485804006
-156.0 -466.2 2409.8 0.9782041907 0.1442229599 0.1493862867 -0.1366868764 0.9888200164 -0.0595963746 -0.1563113183 0.0378782824 0.9869812727
91.2 -506.8 2827.2 0.9906154275 0.0274523664 0.1338931918 0.1354222894 -0.0646265298 -0.9886780381 -0.0184884984 0.9975318313 -0.0677376986
78.8 -477.7 2378.5 0.9906154275 -0.1337681711 0.0280552395 0.1354222894 0.9883768559 -0.0690795928 -0.0184884984 0.0722306222 0.9972165823
-144.6 -295.0 3124.7 0 0 0 0 0 0 0 0 0
77.8 -371.4 2799.6 0 0 0 0 0 0 0 0 0
-207.0 -815.9 2396.4 0 0 0 0 0 0 0 0 0
129.9 -855.4 2350.9 0 0 0 0 0 0 0 0 0
55.0 4.5 3160.5 30 0.9937620163 0.0955829322 0.0574534945 -0.0514772274 0.8501656651 -0.5239927769 -0.0989297554 0.5177665949 0.8497827053
35.1 -172.5 3052.7 0.9937620163 0.0955829322 0.0574534945 -0.0514772274 0.8501656651 -0.5239927769 -0.0989297554 0.5177665949 0.8497827053
17.4 -335.2 2940.0 0.9946731925 0.0889523923 0.0520837456 -0.0432370454 0.8187251091 -0.5725554228 -0.0935724452 0.5672535896 0.8182099462
-110.1 -166.2 3066.3 -0.0411931165 -0.9691717029 0.2429184467 0.5706143975 0.1767570823 0.8019701242 -0.8201842904 0.1716484129 0.5457421541
-94.8 -377.8 3370.5 0.1875560433 -0.9578698874 -0.2175039053 -0.3007127047 0.1548072398 -0.9410667419 0.9350906610 0.2419089526 -0.2590086162
180.3 -178.8 3039.0 0.5197969675 0.5144494176 0.6820211411 -0.8096848130 0.5512722731 0.2012694180 -0.2724364400 -0.6568413973 0.7030915618
281.5 -336.5 2986.0 -0.7199050784 0.5144494176 0.4659167528 -0.1385302693 0.5512722731 -0.8227443099 -0.6801073551 -0.6568413973 -0.3255969286
-85.7 -496.9 2842.8 0.9763731956 0.1663943231 -0.1378707886 -0.1270785779 -0.0739016607 -0.9891358018 -0.1747754663 0.9832860827 -0.0510104448
-159.2 -464.3 2408.2 0.9763731956 0.1335839033 0.1698551327 -0.1270785779 0.9906983376 -0.0486605577 -0.1747754663 0.0259259176 0.9842669368
97.0 -506.4 2830.5 0.9904620051 0.0392913073 0.1320650876 0.1344257295 -0.0651655346 -0.9887786508 -0.0302443132 0.9971005917 -0.0698257461
79.2 -476.9 2379.6 0.9904620051 -0.1315574199 0.0409590155 0.1344257295 0.9878750443 -0.0776700750 -0.0302443132 0.0824352056 0.9961373806
-144.4 -298.4 3123.5 0 0 0 0 0 0 0 0 0
79.9 -375.3 2795.5 0 0 0 0 0 0 0 0 0
-206.8 -817.0 2399.0 0 0 0 0 0 0 0 0 0
129.5 -854.4 2348.1 0 0 0 0 0 0 0 0 0
53.7 3.5 3160.1 31 0.9944730997 0.0987668857 0.0356141776 -0.0657295063 0.8501830697 -0.5223680139 -0.0818712339 0.5171400309 0.8519760966
33.0 -174.3 3052.0 0.9944730997 0.0987668857 0.0356141776 -0.0657295063 0.8501830697 -0.5223680139 -0.0818712339 0.5171400309 0.8519760966
14.7 -337.7 2940.5 0.9952842593 0.0920364335 0.0306351092 -0.0586190782 0.8223101497 -0.5660122037 -0.0772853121 0.5615472794 0.8238274455
-112.2 -165.7 3063.3 -0.0197444167 -0.9690535069 0.2460598052 0.5638946295 0.1924353987 0.8031135798 -0.8256106973 0.1546088159 0.5426445603
-104.9 -374.8 3369.4 0.1682397723 -0.9591929317 -0.2272537649 -0.2951609492 0.1709434837 -0.9400310516 0.9405186772 0.2252270430 -0.2543568015
178.3 -182.8 3040.8 0.5309453607 0.5059213042 0.6798093319 -0.7961915731 0.5724909306 0.1957885027 -0.2901310921 -0.6452113986 0.7067716718
282.0 -338.3 2984.1 -0.7182477117 0.5059213042 0.4776650369 -0.1346224844 0.5724909306 -0.8087835908 -0.6826397777 -0.6452113986 -0.3430819213
-91.5 -494.0 2835.9 0.9783949852 0.1556876153 -0.1360317171 -0.1270327121 -0.0664070249 -0.9896730781 -0.1631133109 0.9855716228 -0.0451948754
-159.2 -465.1 2407.3 0.9783949852 0.1336207539 0.1577617079 -0.1270327121 0.9905774593 -0.0511754602 -0.1631133109 0.0300289150 0.9861502647
90.8 -501.8 2818.8 0.9904937744 0.0281266253 0.1346512288 0.1360965073 -0.0580908433 -0.9889910221 -0.0199949760 0.9979150295 -0.0613665543
78.4 -476.2 2378.5 0.9904937744 -0.1344506145 0.0290705059 0.1360965073 0.9885591865 -0.0650271475 -0.0199949760 0.0683653802 0.9974599481
-149.4 -296.9 3121.0 0 0 0 0 0 0 0 0 0
80.8 -376.0 2792.9 0 0 0 0 0 0 0 0 0
-206.1 -813.1 2396.7 0 0 0 0 0 0 0 0 0
129.8 -853.9 2352.4 0 0 0 0 0 0 0 0 0
55.9 2.5 3161.4 32 0.9959806204 0.0877421871 0.0179983359 -0.0660631731 0.8553099036 -0.5138878226 -0.0604837947 0.5106332302 0.8576685786
37.7 -175.2 3055.4 0.9959806204 0.0877421871 0.0179983359 -0.0660631731 0.8553099036 -0.5138878226 -0.0604837947 0.5106332302 0.8576685786
21.3 -340.2 2945.9 0.9965198040 0.0821747631 0.0139862616 -0.0607137084 0.8305044770 -0.5536932349 -0.0571152605 0.5509170890 0.8326032758
-107.8 -166.4 3063.7 -0.0030657419 -0.9716239572 0.2365110964 0.5515388846 0.1956431419 0.8108813763 -0.8341435790 0.1329310089 0.5352885723
-106.7 -370.9 3373.0 0.1496434957 -0.9631583095 -0.2234566808 -0.2812632024 0.1751972884 -0.9435024858 0.9478912354 0.2040391564 -0.2446838617
183.1 -184.1 3047.0 0.5073508620 0.4912628829 0.7079942822 -0.7959333062 0.5820362568 0.1665051281 -0.3302805424 -0.6479927301 0.6863090992
282.3 -339.7 2982.5 -0.7326474190 0.4912628829 0.4710505009 -0.1262084395 0.5820362568 -0.8033089638 -0.6688042879 -0.6479927301 -0.3644258082
-94.8 -495.7 2836.0 0.9798400402 0.1496679187 -0.1323367059 -0.1234088615 -0.0674838126 -0.9900586605 -0.1571106166 0.9864306450 -0.0476529934
-160.0 -466.3 2406.8 0.9798400402 0.1296513379 0.1520000696 -0.1234088615 0.9911031127 -0.0498480164 -0.1571106166 0.0300849285 0.9871226549
87.6 -506.4 2821.8 0.9904453754 0.0185820870 0.1366478205 0.1375833452 -0.0654592216 -0.9883248210 -0.0094202785 0.9976822138 -0.0673903674
79.3 -477.3 2377.5 0.9904453754 -0.1366859972 0.0182990953 0.1375833452 0.9884582162 -0.0634125844 -0.0094202785 0.0653243512 0.9978196025
-146.2 -296.6 3122.6 0 0 0 0 0 0 0 0 0
77.1 -375.0 2795.1 0 0 0 0 0 0 0 0 0
-205.5 -814.7 2396.2 0 0 0 0 0 0 0 0 0
131.6 -855.0 2352.6 0 0 0 0 0 0 0 0 0
55.1 0.7 3161.6 33 0.9939470887 0.1011309847 0.0429152399 -0.0647035465 0.8545826674 -0.5152688026 -0.0887842551 0.5093731284 0.8559534550
34.1 -176.8 3055.8 0.9939470887 0.1011309847 0.0429152399 -0.0647035465 0.8545826674 -0.5152688026 -0.0887842551 0.5093731284 0.8559534550
14.3 -340.7 2945.3 0.9943714738 0.0991585106 0.0373225920 -0.0611452721 0.8247644305 -0.5621608496 -0.0865253806 0.5567146540 0.8261852860
-111.1 -167.9 3068.5 -0.0264540073 -0.9671169519 0.2529526055 0.5600112081 0.1952698380 0.8051441908 -0.8280625939 0.1629555821 0.5364306569
-101.3 -375.5 3375.5 0.1766139716 -0.9566260576 -0.2316768020 -0.2910580933 0.1740919799 -0.9407322407 0.9402620196 0.2335778624 -0.2476866692
179.2 -185.7 3043.2 0.5301334262 0.4842886925 0.6960050464 -0.7919228673 0.5761316419 0.2023128271 -0.3030127287 -0.6584351063 0.6889459491
281.3 -338.1 2984.9 -0.7437709570 0.4842886925 0.4607268572 -0.1252000332 0.5761316419 -0.8077111244 -0.6566047072 -0.6584351063 -0.3678770363
-86.5 -499.7 2841.7 0.9771617055 0.1711859703 -0.1258981675 -0.1130390763 -0.0829346329 -0.9901232123 -0.1799365133 0.9817419052 -0.0616898425
-162.1 -463.1 2408.0 0.9771617055 0.1211311966 0.1745915711 -0.1130390763 0.9920332432 -0.0556081422 -0.1799365133 0.0346024781 0.9830694199
96.3 -510.8 2831.3 0.9902786613 0.0369768701 0.1340930015 0.1366148293 -0.0772125050 -0.9876105785 -0.0261650924 0.9963287115 -0.0815134794
79.4 -475.7 2377.8 0.9902786613 -0.1347933561 0.0343361795 0.1366148293 0.9889364839 -0.0578011312 -0.0261650924 0.0619300567 0.9977374673
-147.9 -298.7 3127.1 0 0 0 0 0 0 0 0 0
72.9 -373.2 2801.0 0 0 0 0 0 0 0 0 0
-205.4 -817.7 2395.6 0 0 0 0 0 0 0 0 0
130.9 -853.6 2354.1 0 0 0 0 0 0 0 0 0
54.8 3.0 3162.2 34 0.9925492406 0.1116860509 0.0487052053 -0.0703809336 0.8518318534 -0.5190654993 -0.0994610190 0.5117701292 0.8533456922
31.6 -174.0 3055.9 0.9925492406 0.1116860509 0.0487052053 -0.0703809336 0.8518318534 -0.5190654993 -0.0994610190 0.5117701292 0.8533456922
9.8 -337.6 2945.3 0.9931002855 0.1091684178 0.0428261980 -0.0662013963 0.8233512640 -0.5636577606 -0.0967946351 0.5569335818 0.8248974681
-113.4 -164.3 3070.0 -0.0319887996 -0.9643629193 0.2626420557 0.5614543557 0.2000603825 0.8029600382 -0.8268892169 0.1731472462 0.5350461006
-101.6 -372.5 3376.6 0.1846958101 -0.9532612562 -0.2391243428 -0.2934675813 0.1787160337 -0.9391152263 0.9379574656 0.2436258793 -0.2467431575
176.5 -183.6 3041.7 0.5379624963 0.4943298697 0.6828135252 -0.7939649224 0.5692813396 0.2133972943 -0.2832243741 -0.6569297314 0.6987326145
282.1 -339.4 2986.2 -0.7429233193 0.4943298697 0.4513346255 -0.1156996414 0.5692813396 -0.8139609098 -0.6593015790 -0.6569297314 -0.3657386005
-96.6 -499.0 2842.7 0.9807511568 0.1532393545 -0.1210159138 -0.1096968055 -0.0803124681 -0.9907151461 -0.1615356356 0.9849200845 -0.0619566776
-164.1 -463.6 2408.8 0.9807511568 0.1161942780 0.1569268703 -0.1096968055 0.9927328229 -0.0494791195 -0.1615356356 0.0313123278 0.9863700271
85.7 -510.2 2826.8 0.9891802073 0.0189914685 0.1454710066 0.1465466470 -0.0817884281 -0.9858167768 -0.0068242634 0.9964687824 -0.0836866349
77.2 -473.7 2382.3 0.9891802073 -0.1455116719 0.0186773129 0.1465466470 0.9859910607 -0.0796595961 -0.0068242634 0.0815347955 0.9966471195
-150.3 -295.0 3128.8 0 0 0 0 0 0 0 0 0
74.0 -371.8 2801.5 0 0 0 0 0 0 0 0 0
-205.6 -818.7 2397.6 0 0 0 0 0 0 0 0 0
132.8 -850.4 2351.2 0 0 0 0 0 0 0 0 0
55.1 3.7 3161.0 35 0.9936087728 0.1094883382 0.0274573937 -0.0796670169 0.8525264859 -0.5165770054 -0.0799673125 0.5110879540 0.8558003902
32.3 -173.7 3054.6 0.9936087728 0.1094883382 0.0274573937 -0.0796670169 0.8525264859 -0.5165770054 -0.0799673125 0.5110879540 0.8558003902
10.7 -338.0 2944.9 0.9938866496 0.1081569865 0.0221680887 -0.0775232986 0.8266273141 -0.5573844910 -0.0786097720 0.5522584319 0.8299584985
-112.8 -162.4 3066.1 -0.0113215027 -0.9650651217 0.2617653310 0.5550500154 0.2116833329 0.8044312596 -0.8317399025 0.1544002295 0.5332628489
-108.6 -368.2 3374.5 0.1649154425 -0.9554415941 -0.2448148578 -0.2878093719 0.1907935590 -0.9384900331 0.9433814883 0.2252315134 -0.2435202450
177.4 -185.0 3043.1 0.5523224473 0.4857621491 0.6774769425 -0.7854024768 0.5756337643 0.2275713235 -0.2794330716 -0.6577848792 0.6994542480
282.7 -334.8 2989.9 -0.7367197871 0.4857621491 0.4704031646 -0.1353624612 0.5756337643 -0.8064259291 -0.6625111103 -0.6577848792 -0.3583267927
-102.9 -495.1 2843.5 0.9827908874 0.1328125000 -0.1283857524 -0.1203176379 -0.0671199411 -0.9904637933 -0.1401632279 0.9888659120 -0.0499851853
-161.5 -465.5 2407.4 0.9827908874 0.1255331337 0.1355119795 -0.1203176379 0.9916669130 -0.0460473970 -0.1401632279 0.0289504807 0.9897050858
79.1 -507.3 2825.8 0.9895665646 0.0052610743 0.1439802349 0.1439776272 -0.0730924830 -0.9868778586 0.0053318352 0.9973112941 -0.0730873570
76.8 -474.6 2380.4 0.9895665646 -0.1439850926 0.0051263692 0.1439776272 0.9869458079 -0.0721691623 0.0053318352 0.0721542761 0.9973792434
-152.2 -292.2 3125.3 0 0 0 0 0 0 0 0 0
76.4 -372.7 2804.3 0 0 0 0 0 0 0 0 0
-206.0 -816.8 2397.2 0 0 0 0 0 0 0 0 0
131.8 -851.7 2352.8 0 0 0 0 0 0 0 0 0
56.2 4.9 3160.4 36 0.9932262301 0.0999227613 0.0593054034 -0.0553335473 0.8555376530 -0.5147752762 -0.1021757722 0.5080066919 0.8552714586
35.6 -171.6 3055.5 0.9932262301 0.0999227613 0.0593054034 -0.0553335473 0.8555376530 -0.5147752762 -0.1021757722 0.5080066919 0.8552714586
15.6 -336.4 2946.4 0.9934418797 0.1005533934 0.0544264168 -0.0535206757 0.8296005130 -0.5557864308 -0.1010383964 0.5492286086 0.8295415640
-109.4 -163.8 3070.3 -0.0435694978 -0.9661735296 0.2541857064 0.5537133813 0.1884211153 0.8111097217 -0.8315666914 0.1760856807 0.5267738104
-93.2 -369.1 3378.6 0.1931276023 -0.9544476271 -0.2274453938 -0.2827115655 0.1678470820 -0.9444053769 0.9395615458 0.2466921955 -0.2374174744
180.6 -179.4 3040.8 0.5602285266 0.4955368936 0.6637673974 -0.7926992774 0.5532453656 0.2560222745 -0.2403577864 -0.6695989370 0.7027555704
284.6 -326.5 2996.2 -0.7244000435 0.4955368936 0.4792575240 -0.1621242315 0.5532453656 -0.8170894980 -0.6700450182 -0.6695989370 -0.3204324245
-101.9 -495.1 2842.4 0.9828627110 0.1304227561 -0.1302721798 -0.1221092716 -0.0687753260 -0.9901309609 -0.1380951256 0.9890701771 -0.0516708754
-159.8 -464.6 2403.5 0.9828627110 0.1259327531 0.1346175224 -0.1221092716 0.9918516874 -0.0363249071 -0.1380951256 0.0192643460 0.9902315736
80.3 -509.3 2828.0 0.9905784130 0.0015918097 0.1369376928 0.1366618425 -0.0759794116 -0.9876996875 0.0088322153 0.9971081018 -0.0754811019
79.6 -475.2 2380.0 0.9905784130 -0.1369264126 0.0023711419 0.1366618425 0.9872512817 -0.0815995112 0.0088322153 0.0811547562 0.9966623783
-144.2 -294.4 3130.4 0 0 0 0 0 0 0 0 0
81.7 -371.9 2808.6 0 0 0 0 0 0 0 0 0
-204.5 -817.3 2396.7 0 0 0 0 0 0 0 0 0
132.0 -852.4 2349.0 0 0 0 0 0 0 0 0 0
54.9 6.1 3160.6 37 0.9916093349 0.0945320576 0.0881740376 -0.0352757238 0.8540766239 -0.5189496279 -0.1243647635 0.5114848614 0.8502450585
35.4 -170.7 3054.7 0.9916093349 0.0945320576 0.0881740376 -0.0352757238 0.8540766239 -0.5189496279 -0.1243647635 0.5114848614 0.8502450585
16.4 -334.7 2944.2 0.9919804335 0.0951663852 0.0831758752 -0.0319896750 0.8256955743 -0.5632081628 -0.1222764403 0.5560306907 0.8221181631
-109.4 -166.0 3072.5 -0.0723239928 -0.9658927917 0.2486370802 0.5613805056 0.1666293889 0.8106088042 -0.8243914247 0.1982064694 0.5301820636
-82.6 -374.1 3378.2 0.2185698003 -0.9522674084 -0.2131056339 -0.2885025442 0.1455626041 -0.9463497400 0.9321982265 0.2683249712 -0.2429159880
180.2 -175.3 3036.9 0.5677538514 0.5142609477 0.6427995563 -0.7973352075 0.5377328992 0.2740435600 -0.2047245502 -0.6681159735 0.7153382897
285.4 -323.1 2998.9 -0.7104353309 0.5142609477 0.4804344773 -0.1692993194 0.5377328992 -0.8259425163 -0.6830954552 -0.6681159735 -0.2949604392
-95.4 -496.4 2846.6 0.9812601209 0.1433637887 -0.1287455857 -0.1191624254 -0.0735714883 -0.9901452065 -0.1514229625 0.9869316220 -0.0551091880
-159.8 -463.3 2403.3 0.9812601209 0.1236563250 0.1477758884 -0.1191624254 0.9921116233 -0.0389206968 -0.1514229625 0.0205819923 0.9882547855
86.7 -506.2 2828.0 0.9913612008 0.0143841133 0.1303688586 0.1310510188 -0.0681232214 -0.9890322685 -0.0053452062 0.9975731969 -0.0694197714
80.2 -475.8 2382.9 0.9913612008 -0.1302520037 0.0154064652 0.1310510188 0.9884673953 -0.0758804679 -0.0053452062 0.0772439837 0.9969978929
-140.3 -297.9 3131.9 0 0 0 0 0 0 0 0 0
86.4 -370.5 2807.6 0 0 0 0 0 0 0 0 0
-203.6 -814.7 2396.0 0 0 0 0 0 0 0 0 0
130.0 -853.5 2353.4 0 0 0 0 0 0 0 0 0
54.3 7.1 3159.7 38 0.9931015968 0.0933198109 0.0709971562 -0.0430747122 0.8534933329 -0.5193204284 -0.1090584844 0.5126797557 0.8516253233
34.9 -170.3 3053.2 0.9931015968 0.0933198109 0.0709971562 -0.0430747122 0.8534933329 -0.5193204284 -0.1090584844 0.5126797557 0.8516253233
16.4 -333.6 2941.5 0.9935436845 0.0925887600 0.0655609891 -0.0390907302 0.8218852282 -0.5683102608 -0.1065027490 0.5620782375 0.8201982379
-110.1 -164.5 3068.7 -0.0546883792 -0.9676406980 0.2463344485 0.5664100647 0.1731065959 0.8057380319 -0.8223070502 0.1835908145 0.5386145115
-89.9 -374.6 3373.6 0.2012872547 -0.9553099275 -0.2164863348 -0.2952767909 0.1515522748 -0.9433152080 0.9339673519 0.2538007200 -0.2515753210
179.9 -176.0 3037.6 0.5854858756 0.5165828466 0.6247787476 -0.7864597440 0.5489214659 0.2831365168 -0.1966909915 -0.6571357846 0.7276573777
286.4 -319.0 3001.9 -0.6765373349 0.5165828466 0.5248232484 -0.2087438405 0.5489214659 -0.8093894124 -0.7062034011 -0.6571357846 -0.2635323703
-93.4 -495.8 2844.9 0.9805423021 0.1507539898 -0.1257379651 -0.1148405448 -0.0789682120 -0.9902402163 -0.1592119634 0.9854122400 -0.0601190068
-160.2 -460.8 2408.1 0.9805423021 0.1218268052 0.1539319009 -0.1148405448 0.9919409752 -0.0535235666 -0.1592119634 0.0348044969 0.9866307378
88.4 -501.7 2822.5 0.9906326532 0.0212597288 0.1348887533 0.1358999461 -0.0569371060 -0.9890851378 -0.0133475056 0.9981513619 -0.0592929535
79.1 -476.7 2383.5 0.9906326532 -0.1344548315 0.0238505267 0.1358999461 0.9878068566 -0.0759527087 -0.0133475056 0.0784825161 0.9968261123
-143.0 -296.6 3126.9 0 0 0 0 0 0 0 0 0
97.2 -377.4 2804.4 0 0 0 0 0 0 0 0 0
-203.6 -814.2 2395.7 0 0 0 0 0 0 0 0 0
130.4 -854.1 2353.6 0 0 0 0 0 0 0 0 0
53.7 6.6 3159.7 39 0.9917225838 0.0883129165 0.0932046250 -0.0286261626 0.8597025871 -0.5099921823 -0.1251671463 0.5031026602 0.8551145196
35.3 -171.8 3055.3 0.9917225838 0.0883129165 0.0932046250 -0.0286261626 0.8597025871 -0.5099921823 -0.1251671463 0.5031026602 0.8551145196
17.6 -336.7 2945.8 0.9921209216 0.0889617503 0.0882152095 -0.0248302855 0.8297768235 -0.5575427413 -0.1227989122 0.5509594083 0.8254478574
-109.5 -168.2 3073.2 -0.0773506537 -0.9670553207 0.2425302416 0.5557877421 0.1601304561 0.8157562017 -0.8277178407 0.1978946179 0.5250912905
-80.8 -374.3 3380.1 0.2214909345 -0.9532151818 -0.2057245225 -0.2811067402 0.1395975202 -0.9494690895 0.9337669611 0.2681293488 -0.2370356172
180.1 -175.5 3037.4 0.5891716480 0.5231008530 0.6158264875 -0.7853159904 0.5500708222 0.2840790749 -0.1901461482 -0.6509897113 0.7348855734
286.7 -317.5 3003.0 -0.6595942974 0.5231008530 0.5397229195 -0.2224234939 0.5500708222 -0.8049533367 -0.7179576159 -0.6509897113 -0.2464736402
-93.0 -493.3 2839.6 0.9805381298 0.1592396051 -0.1148378327 -0.1047776863 -0.0702221766 -0.9920133352 -0.1660319865 0.9847393632 -0.0521707609
-163.5 -462.2 2403.7 0.9805381298 0.1119569987 0.1612780541 -0.1047776863 0.9931153059 -0.0523796938 -0.1660319865 0.0344619453 0.9855180383
89.1 -500.5 2820.0 0.9898832440 0.0264426991 0.1393985897 0.1406099498 -0.0514375232 -0.9887279868 -0.0189743172 0.9983260632 -0.0546352491
77.5 -477.9 2382.1 0.9898832440 -0.1387431175 0.0296905600 0.1406099498 0.9872573018 -0.0745111108 -0.0189743172 0.0779320896 0.9967780709
-139.3 -300.0 3133.4 0 0 0 0 0 0 0 0 0
102.1 -379.7 2802.1 0 0 0 0 0 0 0 0 0
-203.2 -814.2 2391.5 0 0 0 0 0 0 0 0 0
130.5 -855.2 2352.3 0 0 0 0 0 0 0 0 0
53.0 7.2 3159.7 40 0.9912496209 0.0992333218 0.0870456770 -0.0409771204 0.8581829071 -0.5117059350 -0.1254794002 0.5036614537 0.8547397852
32.3 -171.7 3054.7 0.9912496209 0.0992333218 0.0870456770 -0.0409771204 0.8581829071 -0.5117059350 -0.1254794002 0.5036614537 0.8547397852
13.0 -336.4 2945.3 0.9919144511 0.0971551239 0.0816491395 -0.0352652222 0.8290447593 -0.5580691099 -0.1219100654 0.5506774187 0.8257676959
-112.5 -166.5 3072.5 -0.0708015412 -0.9655004740 0.2505911887 0.5561995506 0.1703289896 0.8134064674 -0.8280273080 0.1969691515 0.5249513984
-86.2 -372.8 3379.5 0.2177149653 -0.9519378543 -0.2154403776 -0.2829948664 0.1496835053 -0.9473693967 0.9340846539 0.2672249973 -0.2368051708
177.1 -176.8 3037.0 0.6074696779 0.5262038708 0.5950546265 -0.7727751136 0.5648636818 0.2893919051 -0.1838456094 -0.6356402040 0.7497748137
286.9 -316.4 3003.8 -0.6416887641 0.5262038708 0.5579829812 -0.2267223597 0.5648636818 -0.7934267521 -0.7326885462 -0.6356402040 -0.2431644797
-91.0 -499.3 2847.6 0.9795045257 0.1607565135 -0.1213599667 -0.1099502593 -0.0780961961 -0.9908642173 -0.1687656343 0.9838995337 -0.0588203594
-163.6 -464.0 2403.1 0.9795045257 0.1151111498 0.1652885973 -0.1099502593 0.9931289554 -0.0400720015 -0.1687656343 0.0210771821 0.9854308367
90.9 -503.8 2825.1 0.9898695350 0.0283553861 0.1391195059 0.1405403912 -0.0565145910 -0.9884606600 -0.0201659016 0.9979990125 -0.0599271506
78.4 -478.8 2383.0 0.9898695350 -0.1381191462 0.0328841247 0.1405403912 0.9860874414 -0.0887691677 -0.0201659016 0.0924914405 0.9955092669
-143.7 -298.0 3132.8 0 0 0 0 0 0 0 0 0
107.2 -379.9 2798.6 0 0 0 0 0 0 0 0 0
-204.6 -817.5 2395.6 0 0 0 0 0 0 0 0 0
131.1 -855.6 2347.7 0 0 0 0 0 0 0 0 0
53.0 8.3 3159.8 41 0.9943415523 0.0993131250 0.0377057269 -0.0658681542 0.8548741341 -0.5146374106 -0.0833439007 0.5092417598 0.8565784693
32.0 -172.8 3051.9 0.9943415523 0.0993131250 0.0377057269 -0.0658681542 0.8548741341 -0.5146374106 -0.0833439007 0.5092417598 0.8565784693
11.9 -337.0 2941.8 0.9943081737 0.1015039012 0.0323763341 -0.0661479011 0.8263525963 -0.5592547059 -0.0835208073 0.5539299250 0.8283634186
-113.1 -163.2 3064.0 -0.0215128437 -0.9666332603 0.2552593946 0.5570469499 0.2004258931 0.8059331179 -0.8302023411 0.1595293730 0.5341483355
-105.1 -369.7 3371.8 0.1726283133 -0.9564384222 -0.2354250997 -0.2883885503 0.1794615984 -0.9405453801 0.9418234825 0.2302586585 -0.2448457330
177.1 -182.5 3039.7 0.6211289763 0.5054334998 0.5989454985 -0.7570668459 0.5845375061 0.2918316722 -0.2026046067 -0.6347069144 0.7457201481
286.8 -316.2 3003.9 -0.6482752562 0.5054334998 0.5694524646 -0.2282033563 0.5845375061 -0.7786135674 -0.7264037728 -0.6347069144 -0.2635995746
-97.3 -497.9 2847.1 0.9811540246 0.1489686221 -0.1230656058 -0.1115501523 -0.0833637044 -0.9902560711 -0.1577762812 0.9853217006 -0.0651751608
-163.4 -460.9 2409.4 0.9811540246 0.1188514978 0.1523519456 -0.1115501523 0.9922000766 -0.0556381457 -0.1577762812 0.0375947095 0.9867590070
84.6 -504.4 2824.7 0.9902112484 0.0143741546 0.1388347447 0.1394478679 -0.0591272898 -0.9884625673 -0.0059993924 0.9981469512 -0.0605529509
78.3 -478.3 2385.3 0.9902112484 -0.1380772591 0.0204052515 0.1394478679 0.9849509001 -0.1021079049 -0.0059993924 0.1039538607 0.9945639968
-150.7 -293.5 3123.1 0 0 0 0 0 0 0 0 0
105.2 -380.1 2800.5 0 0 0 0 0 0 0 0 0
-205.5 -811.7 2396.1 0 0 0 0 0 0 0 0 0
131.1 -854.7 2345.6 0 0 0 0 0 0 0 0 0
52.5 10.3 3159.8 42 0.9945802689 0.0963885933 0.0389786586 -0.0624916181 0.8538121581 -0.5168167949 -0.0830956995 0.5115799308 0.8552082181
32.1 -170.3 3051.5 0.9945802689 0.0963885933 0.0389786586 -0.0624916181 0.8538121581 -0.5168167949 -0.0830956995 0.5115799308 0.8552082181
12.4 -333.9 2940.4 0.9945240617 0.0990117639 0.0334454775 -0.0629741326 0.8231617808 -0.5643039346 -0.0834037662 0.5591076016 0.8248893619
-113.1 -161.1 3063.7 -0.0225751866 -0.9672469497 0.2528313994 0.5621365905 0.1968505085 0.8032760024 -0.8267362714 0.1602598876 0.5392809510
-104.7 -369.6 3370.2 0.1729151011 -0.9570324421 -0.2327859104 -0.2937748432 0.1754743010 -0.9396303296 0.9401046038 0.2308629155 -0.2508098781
177.2 -179.5 3039.4 0.6153751612 0.5123957992 0.5989691019 -0.7632657886 0.5770995021 0.2904848158 -0.1968215853 -0.6359297633 0.7462269068
287.1 -315.7 3004.2 -0.6423380971 0.5123957992 0.5699581504 -0.2339300364 0.5770995021 -0.7824531198 -0.7298482656 -0.6359297633 -0.2508282363
-99.4 -495.1 2839.4 0.9821436405 0.1382478476 -0.1275985986 -0.1179276854 -0.0760529488 -0.9901055694 -0.1465842128 0.9874733090 -0.0583916754
-159.6 -462.0 2408.8 0.9821436405 0.1252335012 0.1403938830 -0.1179276854 0.9912538528 -0.0592352301 -0.1465842128 0.0416211784 0.9883221984
82.8 -507.3 2824.1 0.9908137321 0.0081881983 0.1349856704 0.1352306157 -0.0668364912 -0.9885573387 0.0009274647 0.9977303147 -0.0673298016
79.2 -477.8 2383.7 0.9908137321 -0.1348073930 0.0107306549 0.1352306157 0.9871221781 -0.0854547545 0.0009274647 0.0861208513 0.9962842464
-150.4 -292.0 3121.9 0 0 0 0 0 0 0 0 0
107.2 -381.3 2799.8 0 0 0 0 0 0 0 0 0
-203.9 -812.6 2394.1 0 0 0 0 0 0 0 0 0
130.7 -854.9 2350.8 0 0 0 0 0 0 0 0 0
51.3 12.4 3159.8 43 0.9959139824 0.0901078805 0.0059932312 -0.0745891929 0.8581761122 -0.5079076886 -0.0509097353 0.5053853393 0.8613906503
32.3 -168.8 3053.1 0.9959139824 0.0901078805 0.0059932312 -0.0745891929 0.8581761122 -0.5079076886 -0.0509097353 0.5053853393 0.8613906503
14.0 -333.0 2942.7 0.9957638979 0.0919450819 0.0005852052 -0.0759778172 0.8263898492 -0.5579490662 -0.0517842807 0.5555410981 0.8298749924
-113.0 -157.7 3060.6 0.0103090731 -0.9692038298 0.2460439950 0.5556321740 0.2101261765 0.8044376373 -0.8313643336 0.1284169555 0.5406870246
-116.9 -363.7 3368.9 0.1398074478 -0.9614654779 -0.2367233932 -0.2882423401 0.1891997606 -0.9386798143 0.9472962618 0.1994681358 -0.2506835461
177.6 -179.9 3045.5 0.6122607589 0.4947222769 0.6167548895 -0.7567881942 0.5925477147 0.2759689093 -0.2289287299 -0.6357177496 0.7371937037
287.2 -315.3 3004.6 -0.6425536871 0.4947222769 0.5851278901 -0.2431166172 0.5925477147 -0.7679723501 -0.7266492248 -0.6357177496 -0.2604685128
-98.4 -491.7 2837.0 0.9808862209 0.1417060345 -0.1333479434 -0.1250228733 -0.0661514550 -0.9899460673 -0.1491024941 0.9876959920 -0.0471705571
-160.3 -462.8 2405.5 0.9808862209 0.1293928772 0.1453263760 -0.1250228733 0.9913929105 -0.0388503484 -0.1491024941 0.0199386496 0.9886206985
83.9 -503.2 2821.7 0.9917858839 0.0075443042 0.1276863515 0.1279086769 -0.0608706549 -0.9899162054 0.0003041231 0.9981171489 -0.0613356419
80.6 -476.5 2383.6 0.9917858839 -0.1275770813 0.0092092827 0.1279086769 0.9890379906 -0.0737785622 0.0003041231 0.0743504837 0.9972321391
-153.8 -287.6 3118.6 0 0 0 0 0 0 0 0 0
107.2 -383.4 2801.0 0 0 0 0 0 0 0 0 0
-205.7 -810.5 2398.5 0 0 0 0 0 0 0 0 0
129.3 -854.4 2355.2 0 0 0 0 0 0 0 0 0
49.8 11.9 3159.8 44 0.9954083562 0.0802562982 -0.0521645993 -0.0956536755 0.8542333841 -0.5110144019 0.0035486165 0.5136577487 0.8579878211
32.8 -168.9 3051.0 0.9954083562 0.0802562982 -0.0521645993 -0.0956536755 0.8542333841 -0.5110144019 0.0035486165 0.5136577487 0.8579878211
16.8 -333.3 2940.5 0.9951393008 0.0808475390 -0.0562271252 -0.0984617248 0.8270677328 -0.5534114838 0.0017616834 0.5562577248 0.8310079575
-112.3 -154.6 3050.8 0.0671301931 -0.9696782827 0.2349840850 0.5508441329 0.2323884964 0.8016023636 -0.8319040537 0.0756278783 0.5497418642
-137.2 -358.8 3359.2 0.0825942531 -0.9662109613 -0.2441609800 -0.2862606347 0.2116718739 -0.9344784021 0.9545852542 0.1470762193 -0.2591052949
177.9 -183.3 3051.3 0.6140923500 0.4738314152 0.6311690211 -0.7437942624 0.6148958802 0.2620556056 -0.2639330626 -0.6303862929 0.7300359607
