38.8 5.7 3186.7 1 0.9969384670 0.0079054777 -0.0777897611 -0.0520039685 0.8099719882 -0.5841583610 0.0583894774 0.5864152908 0.8079032898
37.2 -165.5 3062.7 0.9969384670 0.0079054777 -0.0777897611 -0.0520039685 0.8099719882 -0.5841583610 0.0583894774 0.5864152908 0.8079032898
35.2 -321.7 2939.9 0.9968953133 0.0096603017 -0.0781433582 -0.0559200719 0.7855423689 -0.6162760258 0.0554315075 0.6187325120 0.7836437225
-108.1 -157.4 3054.7 0.1848289222 -0.9693709612 0.1617350280 0.6095396876 0.2421655506 0.7548623681 -0.7709082961 -0.0409364775 0.6356292963
-173.3 -372.3 3326.6 -0.0699334592 -0.9693709612 -0.2354341894 -0.1123825610 0.2421655506 -0.9637042880 0.9912010431 -0.0409364775 -0.1258758605
182.4 -173.7 3070.8 0.4968273640 0.8157205582 0.2962473631 -0.8508282900 0.3905501664 0.3515135944 0.1710374057 -0.4266971946 0.8880741596
314.1 -399.3 3116.2 -0.5107139349 0.8157205582 0.2716085017 0.1398941427 0.3905501664 -0.9098902345 -0.8482929468 -0.4266971946 -0.3135739565
-57.6 -471.4 2808.7 0.9639652967 0.2282483876 -0.1366513371 -0.1410550773 0.0030132469 -0.9899971485 -0.2255534828 0.9735983014 0.0351002589
-152.3 -472.7 2404.4 0.9639652967 0.1504617482 0.2193904519 -0.1410550773 0.9883000851 -0.0580205880 -0.2255534828 0.0249836948 0.9739103913
124.2 -482.7 2820.2 0.9831156135 0.1061143801 0.1490752250 0.1506066173 -0.0065219593 -0.9885722399 -0.1039294675 0.9943325520 -0.0223933663
77.2 -479.8 2380.6 0.9831156135 -0.1438133270 0.1131433323 0.1506066173 0.9871213436 -0.0539360866 -0.1039294675 0.0700655431 0.9921136498
-155.1 -343.2 3069.7 0 0 0 0 0 0 0 0 0
181.8 -363.1 2896.4 0 0 0 0 0 0 0 0 0
-204.3 -813.8 2395.8 0 0 0 0 0 0 0 0 0
132.2 -856.8 2353.9 0 0 0 0 0 0 0 0 0
37.9 6.2 3186.7 2 0.9862143993 -0.0046238070 -0.1654080003 -0.0937692299 0.8080031872 -0.5816684365 0.1363397092 0.5891599655 0.7964307666
38.9 -166.1 3061.1 0.9862143993 -0.0046238070 -0.1654080003 -0.0937692299 0.8080031872 -0.5816684365 0.1363397092 0.5891599655 0.7964307666
37.7 -322.3 2938.2 0.9861994386 0.0063827885 -0.1654385775 -0.1073081866 0.7855923772 -0.6093682051 0.1260778159 0.6187114716 0.7754356861
-104.4 -150.5 3042.7 0.2702518404 -0.9502567649 0.1548420638 0.5967850685 0.2915387750 0.7475644946 -0.7555207014 -0.1096232384 0.6458879709
-199.5 -360.5 3308.5 -0.1456759125 -0.9502567649 -0.2753010094 -0.1049166620 0.2915387750 -0.9507879019 0.9837535620 -0.1096232384 -0.1421679407
182.2 -181.7 3079.4 0.4383731484 0.8631114364 0.2507340908 -0.8753517270 0.3466942310 0.3369902372 0.2039320767 -0.3672079742 0.9075075984
298.3 -413.4 3133.4 -0.4409486651 0.8631114364 0.2461764961 0.1629151106 0.3466942310 -0.9237216711 -0.8826227784 -0.3672079742 -0.2934882641
-57.8 -472.7 2812.0 0.9627621174 0.2365929335 -0.1308162659 -0.1351615936 0.0021679939 -0.9908211827 -0.2341376841 0.9716064334 0.0340655409
-157.3 -473.6 2403.8 0.9627621174 0.1441373229 0.2287215441 -0.1351615936 0.9893224835 -0.0545196943 -0.2341376841 0.0215751287 0.9719640017
124.5 -483.0 2822.2 0.9801084995 0.1118216589 0.1639611423 0.1658517569 -0.0077562602 -0.9861201644 -0.1089978665 0.9936980009 -0.0261477940
74.8 -479.5 2380.5 0.9801084995 -0.1597212851 0.1177983433 0.1658517569 0.9851616621 -0.0441553257 -0.1089978665 0.0628140718 0.9920553565
-161.8 -333.3 3054.0 0 0 0 0 0 0 0 0 0
184.2 -371.3 2905.1 0 0 0 0 0 0 0 0 0
-206.9 -814.6 2396.4 0 0 0 0 0 0 0 0 0
135.8 -855.8 2356.5 0 0 0 0 0 0 0 0 0
39.3 3.0 3187.7 3 0.9808145761 -0.0180609487 -0.1941045821 -0.1044241264 0.7921230197 -0.6013624072 0.1646158844 0.6100941896 0.7750397921
43.1 -165.1 3058.3 0.9808145761 -0.0180609487 -0.1941045821 -0.1044241264 0.7921230197 -0.6013624072 0.1646158844 0.6100941896 0.7750397921
42.6 -318.9 2932.4 0.9810147285 0.0028984887 -0.1939115822 -0.1250926107 0.7735299468 -0.6212915778 0.1481956095 0.6337531209 0.7592068911
-99.8 -146.9 3036.7 0.2978622913 -0.9427037835 0.1502917409 0.6064224839 0.3084489405 0.7328785658 -0.7372447848 -0.1271566004 0.6635521054
-204.8 -360.7 3296.6 -0.1718259752 -0.9427037835 -0.2859814465 -0.1221677884 0.3084489405 -0.9433633089 0.9775227904 -0.1271566004 -0.1681675762
186.0 -183.4 3079.9 0.4203826487 0.8770618439 0.2324669957 -0.8853743076 0.3404692113 0.3165328801 0.1984710544 -0.3388852477 0.9196553826
297.4 -418.1 3132.5 -0.4164607227 0.8770618439 0.2394220978 0.1873085797 0.3404692113 -0.9214099050 -0.8896493316 -0.3388852477 -0.3060732782
-53.6 -468.6 2803.8 0.9598988891 0.2472434044 -0.1321544051 -0.1387147307 0.0092257941 -0.9902893901 -0.2436233014 0.9689095020 0.0431521349
-154.9 -472.4 2406.8 0.9598988891 0.1495808214 0.2371068746 -0.1387147307 0.9883918762 -0.0619650744 -0.2436233014 0.0265899915 0.9695053697
126.4 -488.2 2826.9 0.9805329442 0.1152030900 0.1590076536 0.1625099331 -0.0216143858 -0.9864701629 -0.1102075577 0.9931067824 -0.0399152637
74.5 -478.5 2380.1 0.9805329442 -0.1557906568 0.1195176020 0.1625099331 0.9855072498 -0.0486416183 -0.1102075577 0.0671175048 0.9916397929
-160.3 -329.0 3043.3 0 0 0 0 0 0 0 0 0
189.5 -369.6 2902.0 0 0 0 0 0 0 0 0 0
-206.7 -814.7 2397.5 0 0 0 0 0 0 0 0 0
134.1 -855.0 2354.4 0 0 0 0 0 0 0 0 0
41.4 3.0 3188.3 4 0.9951814413 -0.0011155513 -0.0980443135 -0.0580087081 0.7994663715 -0.5979034305 0.0790501237 0.6007098556 0.7955493331
41.6 -167.4 3060.2 0.9951814413 -0.0011155513 -0.0980443135 -0.0580087081 0.7994663715 -0.5979034305 0.0790501237 0.6007098556 0.7955493331
38.5 -322.0 2935.5 0.9950261116 0.0161577426 -0.0982952937 -0.0742933154 0.7777091265 -0.6242187619 0.0663591772 0.6284166574 0.7750412822
-102.8 -156.6 3050.7 0.2039673775 -0.9646992683 0.1665912718 0.6150878072 0.2586696148 0.7448201180 -0.7616195083 -0.0494507514 0.6461349130
-174.5 -372.7 3318.3 -0.0833365172 -0.9646992683 -0.2498206645 -0.1217186525 0.2586696148 -0.9582664371 0.9890599251 -0.0494507514 -0.1389785260
186.1 -178.3 3069.8 0.4794377685 0.8273200989 0.2927130461 -0.8620070815 0.3814141154 0.3338668346 0.1645698249 -0.4123890698 0.8960201144
312.9 -406.4 3113.4 -0.4979257584 0.8273200989 0.2600220144 0.1581123769 0.3814141154 -0.9107819200 -0.8526842594 -0.4123890698 -0.3207254708
-47.6 -461.1 2793.0 0.9551783800 0.2719739676 -0.1168948486 -0.1283275783 0.0245721284 -0.9914273620 -0.2667700946 0.9619908333 0.0583725274
-157.6 -471.0 2404.2 0.9551783800 0.1392861903 0.2612156272 -0.1283275783 0.9899967909 -0.0586379543 -0.2667700946 0.0224885363 0.9634978175
131.8 -484.0 2820.1 0.9811187387 0.1239439473 0.1484719664 0.1518783271 -0.0184491519 -0.9882270098 -0.1197455749 0.9921177030 -0.0369252078
77.1 -475.9 2382.7 0.9811187387 -0.1431880444 0.1300123483 0.1518783271 0.9866043329 -0.0595382974 -0.1197455749 0.0781601965 0.9897232056
-153.0 -341.3 3062.7 0 0 0 0 0 0 0 0 0
184.3 -365.5 2893.1 0 0 0 0 0 0 0 0 0
-206.1 -815.7 2396.3 0 0 0 0 0 0 0 0 0
131.8 -852.8 2352.8 0 0 0 0 0 0 0 0 0
40.6 2.7 3189.0 5 0.9969340563 0.0108859595 -0.0774852782 -0.0545091592 0.8070694804 -0.5879350305 0.0561357699 0.5903561115 0.8051884174
38.3 -167.8 3064.3 0.9969340563 0.0108859595 -0.0774852782 -0.0545091592 0.8070694804 -0.5879350305 0.0561357699 0.5903561115 0.8051884174
34.5 -323.2 2940.5 0.9967560768 0.0194193609 -0.0781036839 -0.0638395995 0.7817184925 -0.6203553081 0.0490081869 0.6233290434 0.7804223895
-106.9 -158.5 3057.2 0.1840338260 -0.9678958654 0.1711990386 0.6120842695 0.2491313666 0.7505241036 -0.7690802217 -0.0333335735 0.6382824779
-171.8 -374.2 3328.3 -0.0643800125 -0.9678958654 -0.2429666221 -0.1175292954 0.2491313666 -0.9613118172 0.9909803867 -0.0333335735 -0.1297951937
183.4 -177.1 3071.4 0.4916183650 0.8158784509 0.3043907285 -0.8555335402 0.3873370886 0.3435583711 0.1624000520 -0.4293160737 0.8884333968
313.7 -403.9 3114.4 -0.5148079395 0.8158784509 0.2632776201 0.1485313028 0.3873370886 -0.9098947048 -0.8443407416 -0.4293160737 -0.3205876946
-55.3 -469.8 2804.8 0.9608867168 0.2493516952 -0.1205009446 -0.1264109612 0.0077640996 -0.9919475913 -0.2464082241 0.9683818817 0.0389812067
-159.4 -473.0 2400.7 0.9608867168 0.1337122917 0.2425237447 -0.1264109612 0.9909341931 -0.0454943851 -0.2464082241 0.0130572887 0.9690781832
126.1 -483.4 2816.8 0.9827203155 0.1113653556 0.1478463262 0.1504354924 -0.0151700284 -0.9885034561 -0.1078421995 0.9936637282 -0.0316611975
77.1 -476.8 2379.9 0.9827203155 -0.1435243189 0.1168826073 0.1504354924 0.9872205257 -0.0525813885 -0.1078421995 0.0692560896 0.9917528033
-155.1 -343.8 3071.5 0 0 0 0 0 0 0 0 0
180.3 -365.4 2895.7 0 0 0 0 0 0 0 0 0
-205.4 -814.5 2396.2 0 0 0 0 0 0 0 0 0
132.0 -854.0 2353.4 0 0 0 0 0 0 0 0 0
38.6 3.5 3187.9 6 0.9985470176 0.0171334371 -0.0510907322 -0.0437345617 0.8115745187 -0.5826097131 0.0314818323 0.5839976668 0.8111446500
35.0 -168.1 3064.4 0.9985470176 0.0171334371 -0.0510907322 -0.0437345617 0.8115745187 -0.5826097131 0.0314818323 0.5839976668 0.8111446500
30.2 -324.2 2941.6 0.9983577728 0.0241063591 -0.0519682206 -0.0510656871 0.7856230736 -0.6165943742 0.0259635895 0.6182355881 0.7855639458
-110.6 -160.6 3060.7 0.1582186520 -0.9714306593 0.1768877506 0.6095994711 0.2370272726 0.7564433217 -0.7767595053 -0.0118527617 0.6296857595
-166.4 -375.8 3334.9 -0.0396614596 -0.9714306593 -0.2339858711 -0.1129016280 0.2370272726 -0.9649203420 0.9928143024 -0.0118527617 -0.1190769598
180.5 -175.5 3068.2 0.5063148141 0.8006434441 0.3203364611 -0.8480761051 0.3950006068 0.3531875610 0.1562441885 -0.4504937828 0.8790012002
314.8 -400.5 3109.6 -0.5363330841 0.8006434441 0.2670523822 0.1373718083 0.3950006068 -0.9083520770 -0.8327519894 -0.4504937828 -0.3218376935
-60.5 -472.7 2812.3 0.9641920924 0.2366765589 -0.1196571290 -0.1226981059 -0.0018939029 -0.9924422503 -0.2351144254 0.9715866446 0.0272136796
-160.5 -471.9 2401.6 0.9641920924 0.1308095753 0.2306999713 -0.1226981059 0.9912223816 -0.0492277108 -0.2351144254 0.0191585179 0.9717788696
121.8 -484.4 2821.2 0.9842433333 0.1009989306 0.1451353878 0.1475571096 -0.0168950222 -0.9889092445 -0.0974267051 0.9947430491 -0.0315319225
77.0 -476.9 2379.9 0.9842433333 -0.1421253681 0.1051924229 0.1475571096 0.9879946709 -0.0457542986 -0.0974267051 0.0605552532 0.9933987856
-156.2 -346.5 3077.3 0 0 0 0 0 0 0 0 0
175.7 -364.9 2893.6 0 0 0 0 0 0 0 0 0
-205.5 -813.0 2395.0 0 0 0 0 0 0 0 0 0
131.3 -854.4 2356.8 0 0 0 0 0 0 0 0 0
39.6 6.5 3186.3 7 0.9989140034 0.0168721471 -0.0434302688 -0.0386942029 0.8196482062 -0.5715588927 0.0259541161 0.5726186633 0.8194109201
36.1 -166.8 3065.2 0.9989140034 0.0168721471 -0.0434302688 -0.0386942029 0.8196482062 -0.5715588927 0.0259541161 0.5726186633 0.8194109201
32.3 -324.1 2943.9 0.9988363981 0.0191190746 -0.0442757942 -0.0421685092 0.7917297482 -0.6094142795 0.0234030280 0.6105722189 0.7916147113
-109.7 -160.6 3061.8 0.1506800056 -0.9734262824 0.1724436581 0.6033034325 0.2287321687 0.7640069127 -0.7831478119 -0.0110847084 0.6217368245
-162.9 -373.8 3338.5 -0.0357613377 -0.9734262824 -0.2261910737 -0.1040237844 0.2287321687 -0.9679155946 0.9939316511 -0.0110847084 -0.1094392538
181.8 -173.0 3068.6 0.5142954588 0.7958571911 0.3195488751 -0.8419272304 0.3975952566 0.3647965491 0.1632748395 -0.4566501081 0.8745353222
318.3 -396.4 3112.0 -0.5399937630 0.7958571911 0.2738941610 0.1249167994 0.3975952566 -0.9090180397 -0.8323475718 -0.4566501081 -0.3141148984
-65.9 -475.7 2816.5 0.9678488374 0.2164851576 -0.1280734688 -0.1289003193 -0.0103567457 -0.9916034937 -0.2159938514 0.9762309790 0.0178812407
-156.7 -471.3 2407.1 0.9678488374 0.1381777376 0.2101798058 -0.1289003193 0.9900015593 -0.0572850406 -0.2159938514 0.0283510145 0.9759830236
116.9 -485.0 2821.2 0.9851503968 0.0924166888 0.1446993351 0.1467348784 -0.0155882686 -0.9890530109 -0.0891493931 0.9955983758 -0.0289175399
76.0 -478.1 2380.7 0.9851503968 -0.1419856250 0.0965340361 0.1467348784 0.9881974459 -0.0439854190 -0.0891493931 0.0574971661 0.9943572879
-153.6 -346.8 3080.5 0 0 0 0 0 0 0 0 0
178.2 -364.0 2895.9 0 0 0 0 0 0 0 0 0
-204.9 -816.8 2397.2 0 0 0 0 0 0 0 0 0
130.2 -855.8 2358.7 0 0 0 0 0 0 0 0 0
39.5 6.6 3186.5 8 0.9923629761 0.0077990377 -0.1231052056 -0.0768103227 0.8199709654 -0.5672281384 0.0965188667 0.5723519325 0.8143078685
37.9 -167.8 3064.8 0.9923629761 0.0077990377 -0.1231052056 -0.0768103227 0.8199709654 -0.5672281384 0.0965188667 0.5723519325 0.8143078685
33.7 -326.0 2944.5 0.9921108484 0.0205975585 -0.1236598343 -0.0911543444 0.7957057953 -0.5987847447 0.0860633478 0.6053329706 0.7913059592
-106.5 -154.6 3052.2 0.2289532423 -0.9582483172 0.1712910235 0.5874721408 0.2763255835 0.7606054544 -0.7761809826 -0.0735143870 0.6262097955
-187.2 -361.6 3325.8 -0.1023152247 -0.9582483172 -0.2670052350 -0.0912812278 0.2763255835 -0.9567193389 0.9905550480 -0.0735143870 -0.1157423928
182.3 -181.1 3077.3 0.4600537419 0.8415373564 0.2831350565 -0.8651303649 0.3531185091 0.3561695218 0.1997497082 -0.4088058472 0.8904930353
304.1 -410.2 3130.2 -0.4801483750 0.8415373564 0.2475327402 0.1421764642 0.3531185091 -0.9247124791 -0.8655884862 -0.4088058472 -0.2891960740
-63.0 -477.6 2820.5 0.9665943980 0.2137075067 -0.1415075213 -0.1410987526 -0.0172446128 -0.9898453355 -0.2139776200 0.9767454863 0.0134853153
-153.3 -470.3 2407.7 0.9665943980 0.1519755870 0.2063945234 -0.1410987526 0.9877580404 -0.0665223300 -0.2139776200 0.0351780988 0.9762049317
120.1 -485.3 2824.8 0.9833104610 0.0990839750 0.1525873095 0.1549247056 -0.0162950903 -0.9877918959 -0.0953879282 0.9949456453 -0.0313736871
75.4 -478.0 2376.1 0.9833104610 -0.1519113332 0.1001172736 0.1549247056 0.9876585603 -0.0229986459 -0.0953879282 0.0381254479 0.9947097898
-160.7 -338.0 3069.1 0 0 0 0 0 0 0 0 0
179.7 -373.4 2906.0 0 0 0 0 0 0 0 0 0
-206.5 -816.0 2395.4 0 0 0 0 0 0 0 0 0
133.4 -855.3 2361.5 0 0 0 0 0 0 0 0 0
38.8 7.5 3187.2 9 0.9961302280 0.0288591459 -0.0830162689 -0.0716913640 0.8132058978 -0.5775434971 0.0508419126 0.5812600851 0.8121279478
32.7 -164.1 3064.4 0.9961302280 0.0288591459 -0.0830162689 -0.0716913640 0.8132058978 -0.5775434971 0.0508419126 0.5812600851 0.8121279478
25.1 -320.4 2942.0 0.9957112074 0.0377588347 -0.0844597518 -0.0817531794 0.7864612341 -0.6122051477 0.0433081686 0.6164844036 0.7861751914
-112.3 -152.3 3058.1 0.1904322803 -0.9631901383 0.1897376031 0.6021093130 0.2672490478 0.7523578405 -0.7753708363 -0.0290304497 0.6308385730
-179.5 -364.7 3331.6 -0.0599746555 -0.9631901383 -0.2620455325 -0.1083635911 0.2672490478 -0.9575151801 0.9923005700 -0.0290304497 -0.1204029024
177.8 -176.0 3070.8 0.4767310321 0.8201298714 0.3164087236 -0.8630092740 0.3682146370 0.3458800316 0.1671602279 -0.4379554093 0.8833190203
304.1 -404.7 3115.1 -0.5174915791 0.8201298714 0.2441094220 0.1507850587 0.3682146370 -0.9174321890 -0.8422982097 -0.4379554093 -0.3142113090
-61.0 -475.7 2816.3 0.9655704498 0.2235931456 -0.1329656541 -0.1328511238 -0.0156246424 -0.9910128117 -0.2236612141 0.9745573401 0.0146179069
-155.6 -469.1 2404.4 0.9655704498 0.1414734274 0.2183094770 -0.1328511238 0.9896770716 -0.0537580512 -0.2236612141 0.0229045246 0.9743977785
120.3 -492.4 2832.1 0.9842616916 0.0961675048 0.1482590437 0.1516934186 -0.0294021089 -0.9879902005 -0.0906534195 0.9949308038 -0.0435273461
76.1 -478.9 2374.8 0.9842616916 -0.1486991346 0.0954856128 0.1516934186 0.9881147742 -0.0248644967 -0.0906534195 0.0389577113 0.9951202273
-164.0 -336.6 3074.4 0 0 0 0 0 0 0 0 0
170.0 -365.6 2896.7 0 0 0 0 0 0 0 0 0
-205.2 -816.6 2396.3 0 0 0 0 0 0 0 0 0
132.9 -856.4 2359.9 0 0 0 0 0 0 0 0 0
37.2 7.9 3187.5 0 0.9991964102 0.0258823317 -0.0306036938 -0.0388117805 0.8154239655 -0.5775616169 0.0100063449 0.5782852769 0.8157732487
31.7 -164.0 3065.5 0.9991964102 0.0258823317 -0.0306036938 -0.0388117805 0.8154239655 -0.5775616169 0.0100063449 0.5782852769 0.8157732487
25.4 -321.6 2944.7 0.9989868402 0.0319602340 -0.0316829644 -0.0446396768 0.7930084467 -0.6075729728 0.0057066837 0.6083717346 0.7936316729
-113.8 -157.5 3064.8 0.1382208765 -0.9729259610 0.1852297634 0.6011578441 0.2310488373 0.7650004625 -0.7870859504 0.0056132949 0.6168178320
-162.6 -369.6 3342.4 -0.0182548333 -0.9729259610 -0.2303949594 -0.1010359153 0.2310488373 -0.9676818848 0.9947152734 0.0056132949 -0.1025182232
177.2 -170.5 3066.3 0.5147502422 0.7885718942 0.3364320695 -0.8431546688 0.3945388496 0.3652797341 0.1553138196 -0.4716921151 0.8679770827
313.7 -394.0 3107.5 -0.5542727709 0.7885718942 0.2663382292 0.1238038093 0.3945388496 -0.9105008245 -0.8230761290 -0.4716921151 -0.3163103461
-73.5 -469.2 2815.6 0.9713080525 0.1932332218 -0.1386419833 -0.1404995620 -0.0041256798 -0.9900721312 -0.1918868273 0.9811441898 0.0231418759
-154.9 -467.5 2402.1 0.9713080525 0.1460660994 0.1876842380 -0.1404995620 0.9891594648 -0.0427010581 -0.1918868273 0.0151063306 0.9813007712
108.6 -484.1 2823.6 0.9856235385 0.0748345256 0.1514793783 0.1530181468 -0.0152419955 -0.9881058335 -0.0716355816 0.9970794916 -0.0264739096
75.4 -477.4 2380.5 0.9856235385 -0.1481980085 0.0811391249 0.1530181468 0.9865905046 -0.0567855500 -0.0716355816 0.0683849379 0.9950838089
-157.8 -343.4 3084.4 0 0 0 0 0 0 0 0 0
170.0 -361.9 2894.2 0 0 0 0 0 0 0 0 0
-206.1 -814.1 2396.8 0 0 0 0 0 0 0 0 0
132.0 -854.2 2354.4 0 0 0 0 0 0 0 0 0
39.8 1.3 3187.6 1 0.9979843497 0.0341864154 -0.0534646437 -0.0590913817 0.8077961206 -0.5864926577 0.0231384486 0.5884698629 0.8081880212
32.6 -168.5 3063.9 0.9979843497 0.0341864154 -0.0534646437 -0.0590913817 0.8077961206 -0.5864926577 0.0231384486 0.5884698629 0.8081880212
24.1 -324.0 2940.6 0.9975520968 0.0431646556 -0.0550146699 -0.0679812133 0.7829419374 -0.6183692217 0.0163815953 0.6205955148 0.7839597464
-112.8 -158.6 3061.5 0.1614164859 -0.9672842026 0.1957190782 0.6092509031 0.2536870241 0.7513030171 -0.7763749361 -0.0020306697 0.6302680373
-169.8 -373.7 3335.7 -0.0324412547 -0.9672842026 -0.2516123950 -0.1157488003 0.2536870241 -0.9603359103 0.9927486181 -0.0020306697 -0.1201919168
178.1 -178.4 3066.2 0.4934894741 0.8029967546 0.3341622055 -0.8569285870 0.3831647933 0.3447581232 0.1488004476 -0.4564876556 0.8771986365
309.0 -405.7 3105.7 -0.5415499210 0.8029967546 0.2488371730 0.1493062675 0.3831647933 -0.9115329981 -0.8273036480 -0.4564876556 -0.3273952901
-72.3 -475.1 2823.3 0.9717696905 0.1933877468 -0.1351474226 -0.1346169114 -0.0159436166 -0.9907694459 -0.1937574148 0.9809928536 0.0105397375
-155.2 -468.2 2402.7 0.9717696905 0.1406539232 0.1894204915 -0.1346169114 0.9899009466 -0.0444345139 -0.1937574148 0.0176809113 0.9808901548
110.4 -483.2 2824.3 0.9861698747 0.0776834041 0.1464045644 0.1475498378 -0.0091824690 -0.9890120029 -0.0754854679 0.9969357848 -0.0205176473
75.8 -479.1 2379.9 0.9861698747 -0.1427796781 0.0841603875 0.1475498378 0.9876090884 -0.0534536839 -0.0754854679 0.0651322603 0.9950174689
-161.4 -343.6 3078.0 0 0 0 0 0 0 0 0 0
168.5 -367.0 2891.1 0 0 0 0 0 0 0 0 0
-204.5 -814.5 2396.5 0 0 0 0 0 0 0 0 0
130.3 -856.5 2355.1 0 0 0 0 0 0 0 0 0
40.2 4.9 3187.2 2 0.9945009351 0.0179314762 -0.1031809375 -0.0748180151 0.8110458851 -0.5801782608 0.0732810199 0.5847076774 0.8079274893
36.4 -167.4 3063.0 0.9945009351 0.0179314762 -0.1031809375 -0.0748180151 0.8110458851 -0.5801782608 0.0732810199 0.5847076774 0.8079274893
31.7 -323.7 2940.4 0.9942939281 0.0236703902 -0.1040155813 -0.0827662721 0.7863389850 -0.6122260690 0.0672998726 0.6173416972 0.7838112116
-108.6 -155.4 3053.2 0.2097515911 -0.9619725347 0.1749660671 0.6020094752 0.2680665255 0.7521468997 -0.7704471946 -0.0524327755 0.6353439689
-182.6 -367.9 3325.1 -0.0842886716 -0.9619725347 -0.2598158419 -0.1087387577 0.2680665255 -0.9572440982 0.9904904366 -0.0524327755 -0.1271986663
181.3 -179.5 3072.8 0.4717800915 0.8309099078 0.2949784398 -0.8634253740 0.3675822020 0.3455140889 0.1786622554 -0.4176985323 0.8908466101
306.4 -408.5 3120.1 -0.4967485368 0.8309099078 0.2506584227 0.1518824697 0.3675822020 -0.9175047874 -0.8545013666 -0.4176985323 -0.3087965548
-75.8 -473.3 2815.8 0.9733101726 0.1909597516 -0.1272860169 -0.1286209077 -0.0054400191 -0.9916788936 -0.1900631934 0.9815828204 0.0192665905
-155.1 -471.1 2407.8 0.9733101726 0.1385938376 0.1829182953 -0.1286209077 0.9895375371 -0.0653612539 -0.1900631934 0.0400896519 0.9809529781
106.9 -485.8 2818.7 0.9874209762 0.0699534193 0.1417967528 0.1431176662 -0.0142212715 -0.9896035194 -0.0672096238 0.9974488616 -0.0240539536
75.9 -479.5 2376.3 0.9874209762 -0.1406796575 0.0721736476 0.1431176662 0.9892576933 -0.0297748428 -0.0672096238 0.0397296287 0.9969475269
-160.7 -339.7 3068.2 0 0 0 0 0 0 0 0 0
177.6 -369.1 2898.6 0 0 0 0 0 0 0 0 0
-203.1 -813.8 2393.9 0 0 0 0 0 0 0 0 0
129.6 -857.3 2361.2 0 0 0 0 0 0 0 0 0
41.0 4.6 3187.0 3 0.9952335954 0.0108163897 -0.0969177336 -0.0651035830 0.8136236072 -0.5777353644 0.0726055428 0.5812913775 0.8104497790
38.8 -167.6 3064.0 0.9952335954 0.0108163897 -0.0969177336 -0.0651035830 0.8136236072 -0.5777353644 0.0726055428 0.5812913775 0.8104497790
36.0 -324.1 2941.6 0.9951463342 0.0137345400 -0.0974428952 -0.0707961470 0.7876914144 -0.6119886637 0.0683495551 0.6159168482 0.7848405838
-106.4 -157.3 3054.0 0.2032178044 -0.9650214314 0.1656384915 0.6028686762 0.2566204071 0.7554438114 -0.7715256810 -0.0536613688 0.6339310408
-178.3 -370.3 3326.6 -0.0838602260 -0.9650214314 -0.2483969480 -0.1082175449 0.2566204071 -0.9604347348 0.9905838966 -0.0536613688 -0.1259524971
184.0 -177.9 3073.9 0.4821421504 0.8268207908 0.2896659374 -0.8571764827 0.3768649697 0.3510289192 0.1810730547 -0.4175406396 0.8904337883
311.9 -405.4 3122.0 -0.4977704287 0.8268207908 0.2619007528 0.1446133405 0.3768649697 -0.9149097204 -0.8551675677 -0.4175406396 -0.3071615696
-64.0 -472.4 2811.7 0.9669153690 0.2161289304 -0.1355100870 -0.1386567205 -0.0006097600 -0.9903402925 -0.2141238153 0.9763646722 0.0293781422
-154.0 -472.1 2405.4 0.9669153690 0.1486464590 0.2073135972 -0.1386567205 0.9883981347 -0.0619957820 -0.2141238153 0.0311992504 0.9763081670
117.9 -487.5 2824.0 0.9854015112 0.0917776600 0.1433899403 0.1453559101 -0.0150726782 -0.9892646074 -0.0886311233 0.9956654310 -0.0281930659
76.7 -480.8 2376.3 0.9854015112 -0.1419060081 0.0940558314 0.1453559101 0.9888977408 -0.0308688935 -0.0886311233 0.0440898277 0.9950882196
-156.5 -342.2 3069.5 0 0 0 0 0 0 0 0 0
182.7 -367.8 2900.0 0 0 0 0 0 0 0 0 0
-205.7 -816.2 2394.5 0 0 0 0 0 0 0 0 0
130.9 -858.6 2359.4 0 0 0 0 0 0 0 0 0
40.9 4.4 3186.9 4 0.9994958639 0.0213276949 -0.0235199630 -0.0310608987 0.8103244305 -0.5851576924 0.0065787360 0.5855932236 0.8105783463
36.4 -166.2 3063.6 0.9994958639 0.0213276949 -0.0235199630 -0.0310608987 0.8103244305 -0.5851576924 0.0065787360 0.5855932236 0.8105783463
32.0 -321.7 2940.0 0.9994693398 0.0214519184 -0.0245117731 -0.0320470817 0.7822965384 -0.6220812798 0.0058306381 0.6225367188 0.7825688720
-109.2 -161.6 3062.7 0.1311586499 -0.9757514000 0.1752329469 0.6172287464 0.2186952233 0.7557784319 -0.7757744789 0.0090319226 0.6309455633
-155.4 -379.2 3336.2 -0.0174989607 -0.9757514000 -0.2181810290 -0.1190739647 0.2186952233 -0.9685007930 0.9927311540 0.0090319226 -0.1200135276
181.9 -170.8 3064.5 0.5249398351 0.7838946581 0.3315830231 -0.8394406438 0.4124524593 0.3538677394 0.1406328082 -0.4641035497 0.8745457530
321.0 -393.2 3101.7 -0.5553007126 0.7838946581 0.2777593732 0.1313336492 0.4124524593 -0.9014623761 -0.8212140799 -0.4641035497 -0.3319869041
-57.9 -474.1 2813.0 0.9639284015 0.2323285639 -0.1298670173 -0.1317654848 -0.0073973597 -0.9912533164 -0.2312571406 0.9726092219 0.0234823618
-155.7 -471.0 2403.4 0.9639284015 0.1402659267 0.2262022942 -0.1317654848 0.9898988605 -0.0523273759 -0.2312571406 0.0206341874 0.9726738334
124.5 -487.1 2825.6 0.9838671088 0.1075398847 0.1429709345 0.1462270319 -0.0229868162 -0.9889839292 -0.1030687690 0.9939349890 -0.0383412093
76.0 -476.7 2378.0 0.9838671088 -0.1418158710 0.1090585887 0.1462270319 0.9886825681 -0.0335332863 -0.1030687690 0.0489396118 0.9934695363
-150.9 -348.3 3079.0 0 0 0 0 0 0 0 0 0
177.1 -359.2 2888.9 0 0 0 0 0 0 0 0 0
-204.4 -814.3 2396.3 0 0 0 0 0 0 0 0 0
130.2 -854.5 2359.3 0 0 0 0 0 0 0 0 0
40.3 4.8 3186.8 5 0.9994976521 0.0218658186 -0.0229410827 -0.0311664138 0.8094792366 -0.5863207579 0.0057499469 0.5867412090 0.8097540736
35.7 -166.2 3062.9 0.9994976521 0.0218658186 -0.0229410827 -0.0311664138 0.8094792366 -0.5863207579 0.0057499469 0.5867412090 0.8097540736
31.1 -321.4 2939.0 0.9994485378 0.0229661874 -0.0239821021 -0.0329092182 0.7813220024 -0.6232599020 0.0044238414 0.6237054467 0.7816469669
-110.1 -161.4 3062.3 0.1306200027 -0.9755254984 0.1768852323 0.6181398630 0.2196232080 0.7547640204 -0.7751396894 0.0107525410 0.6316984296
-156.2 -379.7 3336.0 -0.0163404997 -0.9755254984 -0.2192782760 -0.1211731583 0.2196232080 -0.9680303335 0.9924969077 0.0107525410 -0.1217962578
181.4 -171.0 3063.6 0.5248005390 0.7836071253 0.3324820399 -0.8397666812 0.4127364159 0.3527613282 0.1391988397 -0.4643366635 0.8746514320
320.6 -393.7 3100.5 -0.5563579798 0.7836071253 0.2764519155 0.1336209029 0.4127364159 -0.9009961486 -0.8201287985 -0.4643366635 -0.3343354762
-63.6 -474.2 2815.8 0.9665780663 0.2210550606 -0.1298518926 -0.1325657070 -0.0025799582 -0.9911708832 -0.2194383442 0.9752579331 0.0268105865
-156.4 -473.1 2406.4 0.9665780663 0.1416750699 0.2136703730 -0.1325657070 0.9895654321 -0.0564498156 -0.2194383442 0.0262377914 0.9752734900
119.1 -480.0 2816.9 0.9833893180 0.1003914773 0.1512184590 0.1533053815 -0.0133643039 -0.9880884886 -0.0971747339 0.9948582649 -0.0285328683
75.1 -474.2 2380.6 0.9833893180 -0.1464845389 0.1071809158 0.1533053815 0.9864519238 -0.0583958328 -0.0971747339 0.0738572478 0.9925231338
-152.0 -348.2 3078.4 0 0 0 0 0 0 0 0 0
176.3 -359.0 2887.7 0 0 0 0 0 0 0 0 0
-205.4 -814.9 2397.3 0 0 0 0 0 0 0 0 0
131.0 -851.0 2352.3 0 0 0 0 0 0 0 0 0
39.4 5.6 3186.8 6 0.9988527894 0.0353937894 -0.0322548822 -0.0475563295 0.8121234775 -0.5815443397 0.0056118872 0.5824111104 0.8128750324
31.8 -167.6 3062.6 0.9988527894 0.0353937894 -0.0322548822 -0.0475563295 0.8121234775 -0.5815443397 0.0056118872 0.5824111104 0.8128750324
25.8 -322.7 2938.5 0.9989731312 0.0299674869 -0.0339801051 -0.0446243249 0.7804836035 -0.6235815883 0.0078337435 0.6244575977 0.7810194492
-114.0 -161.1 3061.4 0.1405267417 -0.9729031920 0.1836072952 0.6170937419 0.2310879678 0.7521925569 -0.7742399573 0.0075997435 0.6328465343
-163.7 -379.2 3335.1 -0.0212405007 -0.9729031920 -0.2302352041 -0.1220580339 0.2310879678 -0.9652462006 0.9922956824 0.0075997435 -0.1236590743
177.6 -174.1 3063.7 0.5146306753 0.7899951935 0.3332608938 -0.8458133936 0.4040367305 0.3483589888 0.1405522823 -0.4611527622 0.8761182427
314.2 -398.6 3101.0 -0.5519148707 0.7899951935 0.2670159340 0.1410691887 0.4040367305 -0.9037996531 -0.8218816519 -0.4611527622 -0.3344378769
-65.0 -473.7 2814.7 0.9674252868 0.2206287980 -0.1241419688 -0.1253815591 -0.0084330486 -0.9920727611 -0.2199267149 0.9753214121 0.0195044391
-157.2 -470.2 2407.2 0.9674252868 0.1347280294 0.2143283784 -0.1253815591 0.9904878736 -0.0566849522 -0.2199267149 0.0279656313 0.9751154780
118.0 -479.7 2815.5 0.9851436019 0.0909347236 0.1456811726 0.1467054039 -0.0046467744 -0.9891692996 -0.0892728940 0.9958460331 -0.0179183558
78.0 -477.7 2377.2 0.9851436019 -0.1419565380 0.0966461077 0.1467054039 0.9882051945 -0.0439098217 -0.0892728940 0.0574359857 0.9943497777
-158.1 -347.5 3077.4 0 0 0 0 0 0 0 0 0
170.9 -361.9 2887.6 0 0 0 0 0 0 0 0 0
-204.0 -813.9 2397.5 0 0 0 0 0 0 0 0 0
132.2 -855.2 2355.3 0 0 0 0 0 0 0 0 0
38.0 5.0 3187.3 7 0.9988840222 0.0427520350 -0.0200729668 -0.0464424044 0.8118194938 -0.5820586085 -0.0085885637 0.5823413134 0.8128990531
29.0 -166.9 3064.0 0.9988840222 0.0427520350 -0.0200729668 -0.0464424044 0.8118194938 -0.5820586085 -0.0085885637 0.5823413134 0.8128990531
20.1 -322.0 2940.1 0.9987435341 0.0448622555 -0.0223325118 -0.0489963442 0.7805850506 -0.6231262088 -0.0105224205 0.6234375238 0.7818023562
-116.8 -159.7 3065.5 0.1289261878 -0.9715819955 0.1985104829 0.6162146330 0.2353337407 0.7515966892 -0.7769539952 0.0254245698 0.6290437579
-162.4 -377.6 3340.2 -0.0035285600 -0.9715819955 -0.2366768420 -0.1217989624 0.2353337407 -0.9642525911 0.9925485253 0.0254245698 -0.1191680729
174.8 -174.0 3062.4 0.5134665966 0.7831615210 0.3507279754 -0.8479562402 0.4003866911 0.3473625183 0.1316141486 -0.4757610261 0.8696718812
311.1 -399.1 3097.4 -0.5663385391 0.7831615210 0.2567464411 0.1433704942 0.4003866911 -0.9050610065 -0.8116067648 -0.4757610261 -0.3390366435
-71.7 -473.7 2813.7 0.9709047675 0.2011360824 -0.1299547553 -0.1314373761 -0.0060246601 -0.9913061857 -0.2001703680 0.9795447588 0.0205874275
-156.6 -471.2 2400.2 0.9709047675 0.1368664205 0.1964982003 -0.1314373761 0.9904979467 -0.0404723026 -0.2001703680 0.0134675438 0.9796685576
111.4 -481.9 2815.2 0.9867342114 0.0752805695 0.1438346505 0.1450364143 -0.0107192192 -0.9893682599 -0.0729384124 0.9971047640 -0.0214954447
78.3 -477.2 2376.9 0.9867342114 -0.1413714141 0.0798103735 0.1450364143 0.9885288477 -0.0421332754 -0.0729384124 0.0531497560 0.9959192276
-161.5 -345.9 3082.4 0 0 0 0 0 0 0 0 0
164.0 -361.9 2886.6 0 0 0 0 0 0 0 0 0
-203.8 -812.8 2395.6 0 0 0 0 0 0 0 0 0
132.3 -854.9 2356.6 0 0 0 0 0 0 0 0 0
38.2 6.8 3187.5 8 0.9991184473 0.0367329121 -0.0203237087 -0.0417327210 0.8165507317 -0.5757632256 -0.0045541208 0.5761038065 0.8173638582
30.4 -165.3 3066.1 0.9991184473 0.0367329121 -0.0203237087 -0.0417327210 0.8165507317 -0.5757632256 -0.0045541208 0.5761038065 0.8173638582
22.7 -321.8 2943.8 0.9989936948 0.0389855169 -0.0221741535 -0.0443745181 0.7873094678 -0.6149591208 -0.0065165795 0.6153242588 0.7882471681
-115.5 -158.8 3067.0 0.1288240105 -0.9727466106 0.1927910596 0.6085501909 0.2310468704 0.7591336966 -0.7829885483 0.0195283815 0.6217295527
-161.0 -374.0 3343.9 -0.0065127998 -0.9727466106 -0.2317792028 -0.1114132702 0.2310468704 -0.9665424824 0.9937528372 0.0195283815 -0.1098816469
176.3 -171.8 3065.1 0.5170680881 0.7829255462 0.3459309042 -0.8440151811 0.3991275430 0.3582396507 0.1424044073 -0.4772052169 0.8671771288
313.6 -395.9 3102.9 -0.5641499758 0.7829255462 0.2622258961 0.1321715564 0.3991275430 -0.9073190689 -0.8150248528 -0.4772052169 -0.3286482692
-80.4 -472.6 2817.2 0.9746081829 0.1810077876 -0.1318146437 -0.1328642964 -0.0063680573 -0.9911137819 -0.1802387238 0.9834610224 0.0178431123
-157.0 -469.9 2400.9 0.9746081829 0.1376867890 0.1765821874 -0.1328642964 0.9903702736 -0.0389069095 -0.1802387238 0.0144575220 0.9835166335
102.7 -481.6 2815.3 0.9876767993 0.0573913082 0.1456049234 0.1461452246 -0.0053099920 -0.9892488718 -0.0560011268 0.9983376265 -0.0136320218
77.3 -479.2 2372.7 0.9876767993 -0.1447264701 0.0595718473 0.1461452246 0.9890575409 -0.0201680921 -0.0560011268 0.0286256988 0.9980202913
-159.3 -345.1 3085.8 0 0 0 0 0 0 0 0 0
167.1 -361.6 2891.2 0 0 0 0 0 0 0 0 0
-204.7 -812.9 2395.9 0 0 0 0 0 0 0 0 0
132.5 -857.1 2361.8 0 0 0 0 0 0 0 0 0
37.9 6.0 3187.1 9 0.9983318448 0.0399569459 -0.0416769534 -0.0566930585 0.8150386214 -0.5766263008 0.0109281009 0.5780271888 0.8159443140
29.6 -164.4 3066.3 0.9983318448 0.0399569459 -0.0416769534 -0.0566930585 0.8150386214 -0.5766263008 0.0109281009 0.5780271888 0.8159443140
21.1 -321.0 2944.3 0.9981512427 0.0424227789 -0.0435244702 -0.0602074377 0.7881122231 -0.6125799417 0.0083148265 0.6140679121 0.7892093658
-116.2 -155.6 3065.1 0.1499552131 -0.9691398740 0.1956560314 0.6044472456 0.2464672476 0.7575601935 -0.7824046016 0.0046636444 0.6227529645
-169.2 -369.3 3341.8 -0.0228736382 -0.9691398740 -0.2454478592 -0.1087467596 0.2464672476 -0.9630306363 0.9938063025 0.0046636444 -0.1110284254
175.3 -173.2 3067.5 0.5014591217 0.7960929871 0.3387841284 -0.8517491221 0.3855199516 0.3548207879 0.1518623084 -0.4664871991 0.8713940382
308.5 -399.3 3107.9 -0.5499058962 0.7960929871 0.2526646554 0.1389995813 0.3855199516 -0.9121696353 -0.8235791326 -0.4664871991 -0.3226563036
-76.7 -474.1 2822.2 0.9729908109 0.1902560145 -0.1307346225 -0.1311104298 -0.0106664142 -0.9913103580 -0.1899972409 0.9816765785 0.0145662241
-157.4 -469.6 2405.8 0.9729908109 0.1382315606 0.1848808527 -0.1311104298 0.9900926948 -0.0502638519 -0.1899972409 0.0246664584 0.9814746976
106.5 -482.3 2821.0 0.9892508984 0.0580848306 0.1341970712 0.1347403973 -0.0055228039 -0.9908655286 -0.0568131134 0.9982963800 -0.0132898120
80.5 -479.8 2373.6 0.9892508984 -0.1324140280 0.0620421395 0.1347403973 0.9902651310 -0.0349287167 -0.0568131134 0.0429128446 0.9974621534
-163.3 -341.1 3083.6 0 0 0 0 0 0 0 0 0
165.6 -363.2 2893.9 0 0 0 0 0 0 0 0 0
-205.6 -815.2 2397.2 0 0 0 0 0 0 0 0 0
131.1 -858.1 2357.3 0 0 0 0 0 0 0 0 0
37.2 7.3 3187.5 0 0.9993145466 0.0370141640 0.0005908312 -0.0299445540 0.8176258802 -0.5749706626 -0.0217651371 0.5745588541 0.8181738257
29.5 -163.8 3067.2 0.9993145466 0.0370141640 0.0005908312 -0.0299445540 0.8176258802 -0.5749706626 -0.0217651371 0.5745588541 0.8181738257
21.2 -320.6 2945.4 0.9991343021 0.0415808931 -0.0012795993 -0.0336295590 0.7892033458 -0.6132104993 -0.0244879778 0.6127226949 0.7899184823
-116.3 -158.9 3070.8 0.1080407947 -0.9747091532 0.1956251711 0.6079015732 0.2204748243 0.7627886534 -0.7866275311 0.0365085527 0.6163474917
-154.5 -373.7 3348.7 0.0126685817 -0.9747091532 -0.2231177390 -0.1085907668 0.2204748243 -0.9693291187 0.9940057993 0.0365085527 -0.1030513197
175.3 -168.7 3063.6 0.5285441875 0.7698017955 0.3578354418 -0.8381667137 0.4063927531 0.3637601733 0.1346015036 -0.4921891093 0.8600187898
315.5 -391.1 3099.3 -0.5800879002 0.7698017955 0.2662765980 0.1237523332 0.4063927531 -0.9052790999 -0.8050984144 -0.4921891093 -0.3310082853
-78.8 -472.1 2821.5 0.9734159112 0.1859020144 -0.1337981671 -0.1355295926 -0.0034222482 -0.9907673597 -0.1846435368 0.9825623035 0.0218639523
-158.0 -470.6 2403.0 0.9734159112 0.1400311291 0.1812533736 -0.1355295926 0.9900802970 -0.0370498970 -0.1846435368 0.0114997635 0.9827382565
104.2 -483.1 2823.1 0.9904338717 0.0525488332 0.1275905520 0.1281806380 -0.0080027040 -0.9917185307 -0.0510925837 0.9985862970 -0.0146618923
80.7 -479.5 2376.1 0.9904338717 -0.1260053366 0.0562439598 0.1281806380 0.9910643697 -0.0368936993 -0.0510925837 0.0437501557 0.9977351427
-157.8 -345.5 3090.6 0 0 0 0 0 0 0 0 0
164.9 -359.0 2890.3 0 0 0 0 0 0 0 0 0
-206.6 -814.4 2399.0 0 0 0 0 0 0 0 0 0
128.8 -858.2 2359.4 0 0 0 0 0 0 0 0 0
37.5 6.4 3187.1 1 0.9990600348 0.0427256301 0.0073210704 -0.0305630025 0.8140429258 -0.5800000429 -0.0307405312 0.5792310834 0.8145835400
28.5 -164.8 3065.3 0.9990600348 0.0427256301 0.0073210704 -0.0305630025 0.8140429258 -0.5800000429 -0.0307405312 0.5792310834 0.8145835400
19.3 -321.3 2943.3 0.9989149570 0.0462595858 0.0053844284 -0.0331748202 0.7879343629 -0.6148648858 -0.0326859728 0.6140190959 0.7886140943
-117.3 -159.9 3070.1 0.1014034227 -0.9744469523 0.2004256397 0.6096146107 0.2200720161 0.7615368366 -0.7861853242 0.0449599549 0.6163531542
-153.2 -375.4 3348.0 0.0207965244 -0.9744469523 -0.2236528397 -0.1109077483 0.2200720161 -0.9691582918 0.9936130643 0.0449599549 -0.1034969911
174.4 -169.6 3060.5 0.5300257802 0.7656166553 0.3645597994 -0.8381521702 0.4077284634 0.3622960150 0.1287384480 -0.4975828230 0.8578098416
315.1 -392.1 3094.7 -0.5867196321 0.7656166553 0.2638015747 0.1253878921 0.4077284634 -0.9044530988 -0.8000237346 -0.4975828230 -0.3352213502
-78.6 -474.3 2825.9 0.9739006162 0.1837383211 -0.1332584918 -0.1337917149 -0.0095487824 -0.9909634590 -0.1833504140 0.9829288125 0.0152830984
-157.6 -470.2 2403.3 0.9739006162 0.1391299665 0.1793333441 -0.1337917149 0.9901365042 -0.0415864252 -0.1833504140 0.0165077299 0.9829090238
104.5 -480.5 2821.4 0.9891033769 0.0581587367 0.1352483332 0.1358325630 -0.0061939065 -0.9907124639 -0.0567808673 0.9982881546 -0.0140262637
78.6 -477.8 2377.7 0.9891033769 -0.1326566637 0.0638495311 0.1358325630 0.9895557761 -0.0482584648 -0.0567808673 0.0564054549 0.9967920184
-158.6 -346.6 3089.9 0 0 0 0 0 0 0 0 0
162.7 -359.5 2886.9 0 0 0 0 0 0 0 0 0
-205.5 -811.0 2397.6 0 0 0 0 0 0 0 0 0
129.3 -855.8 2356.2 0 0 0 0 0 0 0 0 0
39.0 8.2 3186.9 2 0.9988801479 0.0470691100 0.0047848010 -0.0359269120 0.8204311132 -0.5706155300 -0.0307839625 0.5698046088 0.8212034106
29.1 -163.9 3067.4 0.9988801479 0.0470691100 0.0047848010 -0.0359269120 0.8204311132 -0.5706155300 -0.0307839625 0.5698046088 0.8212034106
18.2 -321.6 2947.0 0.9984923005 0.0548347123 0.0025039716 -0.0420709848 0.7937823534 -0.6067451239 -0.0352583043 0.6057249904 0.7948924899
-116.7 -157.7 3072.5 0.1042015329 -0.9723808169 0.2088481933 0.6005942822 0.2289009988 0.7660880089 -0.7927348614 0.0456054844 0.6078581810
-153.5 -370.1 3352.8 0.0228775740 -0.9723808169 -0.2322760075 -0.1009810120 0.2289009988 -0.9681978822 0.9946252704 0.0456054844 -0.0929553062
175.0 -170.0 3062.2 0.5233101249 0.7675616145 0.3701292872 -0.8412253261 0.3960256577 0.3681081533 0.1359649897 -0.5039968491 0.8529365063
313.9 -393.4 3098.3 -0.5880683661 0.7675616145 0.2549994290 0.1222800538 0.3960256577 -0.9100611210 -0.7995142937 -0.5039968491 -0.3267476559
-81.4 -474.9 2824.3 0.9749161601 0.1740758866 -0.1386942714 -0.1381894201 -0.0150772491 -0.9902910590 -0.1744769216 0.9846168160 0.0093563925
-155.7 -468.4 2404.0 0.9749161601 0.1449208409 0.1689273864 -0.1381894201 0.9890913963 -0.0510092117 -0.1744769216 0.0263857245 0.9843076468
101.7 -480.9 2818.3 0.9896515012 0.0511796623 0.1340542138 0.1347472817 -0.0103248702 -0.9908261895 -0.0493260585 0.9986360669 -0.0171143431
79.3 -476.4 2380.8 0.9896515012 -0.1309658438 0.0586330704 0.1347472817 0.9886797667 -0.0659963787 -0.0493260585 0.0732140616 0.9960957170
-159.5 -343.9 3094.4 0 0 0 0 0 0 0 0 0
161.1 -361.6 2890.6 0 0 0 0 0 0 0 0 0
-205.7 -809.6 2394.9 0 0 0 0 0 0 0 0 0
129.3 -854.2 2352.8 0 0 0 0 0 0 0 0 0
40.3 6.6 3186.9 3 0.9966474771 0.0634166673 0.0516925380 -0.0221796203 0.8175822496 -0.5753844380 -0.0787518695 0.5723089576 0.8162478805
27.0 -165.1 3066.7 0.9966474771 0.0634166673 0.0516925380 -0.0221796203 0.8175822496 -0.5753844380 -0.0787518695 0.5723089576 0.8162478805
13.5 -322.9 2946.7 0.9964843392 0.0678882450 0.0490930080 -0.0241819769 0.7941104174 -0.6072922349 -0.0802132711 0.6039699912 0.7929602861
-118.4 -161.5 3078.4 0.0577100962 -0.9733183384 0.2220833302 0.6032937765 0.2112420797 0.7690340281 -0.7954282761 0.0896004662 0.5993877053
-138.7 -374.7 3359.4 0.0694048107 -0.9733183384 -0.2187108397 -0.1011664793 0.2112420797 -0.9721841812 0.9924456477 0.0896004662 -0.0838059708
172.4 -168.6 3055.0 0.5434765816 0.7369481921 0.4019211233 -0.8321152329 0.4099274576 0.3735554814 0.1105325297 -0.5374633074 0.8360117674
316.6 -389.4 3084.3 -0.6255309582 0.7369481921 0.2561607957 0.1122611463 0.4099274576 -0.9051833749 -0.7720806003 -0.5374633074 -0.3391529918
-84.2 -475.5 2829.9 0.9761294127 0.1700048149 -0.1351657063 -0.1336708963 -0.0202618521 -0.9908186197 -0.1711826473 0.9852349162 0.0029465070
-157.6 -466.7 2404.8 0.9761294127 0.1394972056 0.1664690226 -0.1336708963 0.9899687171 -0.0457609072 -0.1711826473 0.0224165004 0.9849842787
98.9 -483.2 2823.4 0.9883866906 0.0490392484 0.1438292712 0.1444254369 -0.0088197514 -0.9894763827 -0.0472546406 0.9987578988 -0.0157998390
77.2 -479.3 2382.2 0.9883866906 -0.1403246969 0.0583153926 0.1444254369 0.9867944717 -0.0733346790 -0.0472546406 0.0809052512 0.9956009984
-156.8 -348.4 3101.8 0 0 0 0 0 0 0 0 0
154.3 -360.3 2883.9 0 0 0 0 0 0 0 0 0
-206.5 -814.2 2396.9 0 0 0 0 0 0 0 0 0
130.8 -856.3 2351.3 0 0 0 0 0 0 0 0 0
40.0 5.9 3187.3 4 0.9983554482 0.0297347717 -0.0490124971 -0.0527275726 0.8118271828 -0.5815121531 0.0224985462 0.5831401348 0.8120599389
33.7 -166.0 3063.8 0.9983554482 0.0297347717 -0.0490124971 -0.0527275726 0.8118271828 -0.5815121531 0.0224985462 0.5831401348 0.8120599389
25.6 -322.8 2942.1 0.9978807569 0.0412013158 -0.0503628813 -0.0634354278 0.7883298993 -0.6119737625 0.0144884419 0.6138716340 0.7892729044
-111.2 -156.7 3061.7 0.1566320360 -0.9686967731 0.1925954968 0.6046478152 0.2482382953 0.7568215132 -0.7809401155 -0.0020900415 0.6246024370
-166.3 -369.4 3336.4 -0.0294644907 -0.9686967731 -0.2464923114 -0.1066110209 0.2482382953 -0.9628145695 0.9938641191 -0.0020900415 -0.1105879620
178.6 -175.3 3065.9 0.4963344336 0.8003471494 0.3362983167 -0.8544846177 0.3819704652 0.3520718217 0.1533236653 -0.4621071219 0.8734694123
