41.0 1.1 3160.8 71 0.9949300885 0.0915088281 0.0417164080 -0.0560414493 0.8489034772 -0.5255685449 -0.0835073665 0.5205661058 0.8497278690
21.9 -176.3 3052.0 0.9949300885 0.0915088281 0.0417164080 -0.0560414493 0.8489034772 -0.5255685449 -0.0835073665 0.5205661058 0.8497278690
3.9 -339.7 2940.3 0.9951754212 0.0907855257 0.0372005142 -0.0537927747 0.8219864964 -0.5669607520 -0.0820501521 0.5622242689 0.8229044080
-123.3 -168.5 3064.0 -0.0263084378 -0.9692147374 0.2448072881 0.5648972392 0.1876286119 0.8035462499 -0.8247417808 0.1594310105 0.5425705314
-113.5 -378.0 3369.8 0.1740688682 -0.9589196444 -0.2239937037 -0.2956157923 0.1660893708 -0.9407579899 0.9393143058 0.2299727648 -0.2545607984
167.0 -184.1 3040.0 0.4565845430 0.6421673894 0.6157528758 -0.8684437871 0.4720094502 0.1516987532 -0.1932251900 -0.6040100455 0.7731984854
277.8 -395.0 2993.1 -0.7257948518 0.6421673894 0.2466634959 0.1208393797 0.4720094502 -0.8732725382 -0.6772146225 -0.6040100455 -0.4201811254
-95.1 -497.2 2831.4 0.9794739485 0.1443654299 -0.1406748593 -0.1302588433 -0.0792753696 -0.9883056283 -0.1538292319 0.9863438010 -0.0588432886
-157.3 -463.0 2406.2 0.9794739485 0.1365669072 0.1482574642 -0.1302588433 0.9901415110 -0.0515011325 -0.1538292319 0.0311321709 0.9876068830
87.3 -509.6 2824.3 0.9902793169 0.0204750262 0.1375778615 0.1387718171 -0.0782444328 -0.9872285128 -0.0094488272 0.9967239499 -0.0803252012
78.2 -475.0 2384.1 0.9902793169 -0.1373738647 0.0218017437 0.1387718171 0.9864274859 -0.0877678692 -0.0094488272 0.0899401680 0.9959023595
-159.5 -299.9 3121.7 0 0 0 0 0 0 0 0 0
74.8 -361.2 2803.6 0 0 0 0 0 0 0 0 0
-205.7 -813.6 2395.2 0 0 0 0 0 0 0 0 0
130.7 -851.9 2349.8 0 0 0 0 0 0 0 0 0
41.3 2.3 3160.3 72 0.9953781962 0.0945068225 0.0170489829 -0.0713008791 0.8462228179 -0.5280370116 -0.0643303394 0.5243809223 0.8490502238
21.6 -174.7 3050.6 0.9953781962 0.0945068225 0.0170489829 -0.0713008791 0.8462228179 -0.5280370116 -0.0643303394 0.5243809223 0.8490502238
2.2 -337.7 2938.8 0.9951403737 0.0976607427 0.0125716357 -0.0733639151 0.8205333352 -0.5668710470 -0.0656764954 0.5631939769 0.8237106204
-123.6 -164.0 3060.2 -0.0016934701 -0.9678317308 0.2515927255 0.5645928383 0.2067317665 0.7990600467 -0.8253678679 0.1434006244 0.5460807085
-123.0 -373.3 3366.3 0.1528091878 -0.9591192603 -0.2382006347 -0.2981612682 0.1850556880 -0.9364049435 0.9422044158 0.2141134739 -0.2576940060
166.7 -185.4 3041.1 0.4375782609 0.6448560357 0.6266466379 -0.8747183681 0.4667268097 0.1305139810 -0.2083100528 -0.6052494049 0.7682968974
273.0 -397.8 2990.5 -0.7267019153 0.6448560357 0.2367804945 0.1290833056 0.4667268097 -0.8749306202 -0.6747160554 -0.6052494049 -0.4224114120
-105.2 -498.1 2836.2 0.9820154905 0.1149012372 -0.1498108357 -0.1409683824 -0.0816087723 -0.9866448045 -0.1255925894 0.9900190234 -0.0639436394
-154.9 -462.8 2407.6 0.9820154905 0.1452776790 0.1205818355 -0.1409683824 0.9890546203 -0.0435755961 -0.1255925894 0.0257936846 0.9917465448
76.9 -508.0 2821.2 0.9906451106 -0.0015603899 0.1364544481 0.1359807551 -0.0727345571 -0.9880379438 0.0114666773 0.9973500967 -0.0718419477
77.6 -476.1 2384.7 0.9906451106 -0.1364600211 0.0009551204 0.1359807551 0.9865293503 -0.0909345597 0.0114666773 0.0902137533 0.9958564043
-163.4 -294.6 3117.4 0 0 0 0 0 0 0 0 0
69.6 -361.7 2801.6 0 0 0 0 0 0 0 0 0
-206.8 -816.3 2398.4 0 0 0 0 0 0 0 0 0
129.8 -853.1 2350.3 0 0 0 0 0 0 0 0 0
41.8 4.8 3173.5 73 0.9972136617 0.0718888342 -0.0199218094 -0.0711786300 0.8370169401 -0.5425276756 -0.0223267879 0.5424340367 0.8398016691
26.7 -171.3 3059.4 0.9972136617 0.0718888342 -0.0199218094 -0.0711786300 0.8370169401 -0.5425276756 -0.0223267879 0.5424340367 0.8398016691
12.8 -332.9 2944.8 0.9972644448 0.0702715591 -0.0229258183 -0.0705895722 0.8134021163 -0.5774028897 -0.0219270904 0.5774416924 0.8161374331
-118.7 -160.9 3062.6 0.0338729881 -0.9738000631 0.2248690575 0.5751671791 0.2029982954 0.7924483418 -0.8173342943 0.1024947017 0.5669739842
-131.3 -374.2 3365.7 0.1111877114 -0.9682102799 -0.2240671664 -0.3099703491 0.1804305464 -0.9334683418 0.9442222714 0.1732444018 -0.2800548375
172.2 -181.6 3056.2 0.4357017875 0.6345092654 0.6384057999 -0.8679563403 0.4840046763 0.1113158613 -0.2383604497 -0.6026089191 0.7616080642
278.7 -393.8 2997.9 -0.7216017842 0.6345092654 0.2769275606 0.0916120037 0.4840046763 -0.8702567220 -0.6862201691 -0.6026089191 -0.4073873162
-108.3 -494.1 2832.9 0.9832578897 0.1104419231 -0.1449362785 -0.1367500573 -0.0784418806 -0.9874949455 -0.1204299182 0.9907822609 -0.0620256551
-155.4 -460.6 2410.4 0.9832578897 0.1421526372 0.1140025035 -0.1367500573 0.9891366363 -0.0539269783 -0.1204299182 0.0374342762 0.9920157790
73.9 -507.5 2820.9 0.9903476834 -0.0087450771 0.1383292675 0.1374037415 -0.0691896006 -0.9880956411 0.0182119180 0.9975652099 -0.0673201531
77.8 -477.1 2382.9 0.9903476834 -0.1383604854 -0.0082362117 0.1374037415 0.9878344536 -0.0728235692 0.0182119180 0.0709889680 0.9973108172
-160.7 -292.3 3116.3 0 0 0 0 0 0 0 0 0
76.7 -368.1 2805.8 0 0 0 0 0 0 0 0 0
-206.4 -815.2 2397.0 0 0 0 0 0 0 0 0 0
130.6 -854.5 2355.7 0 0 0 0 0 0 0 0 0
42.4 5.1 3180.1 74 0.9979955554 0.0623285472 -0.0109546790 -0.0581388585 0.8346474171 -0.5477076173 -0.0249945242 0.5472466350 0.8365980983
29.4 -169.7 3065.6 0.9979955554 0.0623285472 -0.0109546790 -0.0581388585 0.8346474171 -0.5477076173 -0.0249945242 0.5472466350 0.8365980983
16.7 -330.8 2950.1 0.9978660941 0.0638691187 -0.0135664679 -0.0598276965 0.8111506701 -0.5817690492 -0.0261526257 0.5813392401 0.8132408857
-116.2 -160.9 3069.4 0.0245320518 -0.9754974246 0.2186387777 0.5796564817 0.1920667589 0.7919020057 -0.8144915700 0.1073083952 0.5701652169
-125.3 -375.8 3371.4 0.1181922555 -0.9693896770 -0.2152073681 -0.3135768473 0.1691994816 -0.9343667030 0.9421784282 0.1779189557 -0.2839801013
175.0 -178.4 3061.7 0.4334731400 0.6435617208 0.6308164001 -0.8660117388 0.4910944998 0.0940736309 -0.2492482811 -0.5870727897 0.7702082992
280.2 -388.6 3001.3 -0.6939022541 0.6435617208 0.3229984343 0.0506700575 0.4910944998 -0.8696313500 -0.7182842493 -0.5870727897 -0.3733808696
-92.4 -488.0 2832.2 0.9789554477 0.1512284428 -0.1370261908 -0.1299520582 -0.0557565615 -0.9899513721 -0.1573489010 0.9869251251 -0.0349307433
-157.2 -464.1 2409.1 0.9789554477 0.1385838240 0.1498023421 -0.1299520582 0.9893213511 -0.0659979582 -0.1573489010 0.0451419391 0.9865108132
90.2 -501.0 2828.2 0.9895630479 0.0268416349 0.1415784359 0.1428246349 -0.0522469394 -0.9883680344 -0.0191323739 0.9982733727 -0.0555352904
78.2 -477.5 2378.9 0.9895630479 -0.1414762586 0.0273750462 0.1428246349 0.9881641269 -0.0559716746 -0.0191323739 0.0592973344 0.9980570078
-156.6 -293.0 3122.5 0 0 0 0 0 0 0 0 0
86.2 -374.4 2800.5 0 0 0 0 0 0 0 0 0
-206.3 -814.4 2393.1 0 0 0 0 0 0 0 0 0
132.2 -855.0 2356.3 0 0 0 0 0 0 0 0 0
42.2 4.8 3183.5 75 0.9967212081 0.0478409976 -0.0652541593 -0.0761688575 0.8268601894 -0.5572257042 0.0272978358 0.5603690147 0.8277930617
32.1 -169.3 3065.4 0.9967212081 0.0478409976 -0.0652541593 -0.0761688575 0.8268601894 -0.5572257042 0.0272978358 0.5603690147 0.8277930617
20.4 -329.2 2948.2 0.9959645867 0.0594846271 -0.0672019422 -0.0876722932 0.8049423099 -0.5868402123 0.0191857144 0.5903638601 0.8069092035
-113.1 -156.5 3062.7 0.0781506673 -0.9737000465 0.2140108645 0.5844290257 0.2186584920 0.7814289331 -0.8076726794 0.0640049651 0.5861468911
-142.1 -373.2 3362.1 0.0658646598 -0.9714924097 -0.2277375609 -0.3233679533 0.1951344758 -0.9259350300 0.9439783096 0.1346294284 -0.3012970388
177.4 -182.1 3068.2 0.4349308908 0.6360345483 0.6374128461 -0.8591150045 0.5051457882 0.0821531191 -0.2697342038 -0.5833418369 0.7661303878
282.1 -389.0 3003.3 -0.6914535165 0.6360345483 0.3425668776 0.0374897383 0.5051457882 -0.8622193336 -0.7214475274 -0.5833418369 -0.3731296062
-87.4 -486.5 2837.1 0.9776126742 0.1614181101 -0.1349727213 -0.1291235387 -0.0462424792 -0.9905497432 -0.1661341339 0.9858021140 -0.0243643541
-157.9 -466.3 2406.8 0.9776126742 0.1372792572 0.1594611257 -0.1291235387 0.9897825718 -0.0604774207 -0.1661341339 0.0385333113 0.9853500128
95.5 -497.5 2832.3 0.9895904660 0.0394800790 0.1383907944 0.1404169798 -0.0542396195 -0.9886056781 -0.0315239653 0.9977471828 -0.0592186823
77.6 -472.9 2379.9 0.9895904660 -0.1386565864 0.0385362357 0.1404169798 0.9889522791 -0.0475024767 -0.0315239653 0.0524191409 0.9981274605
-159.5 -287.8 3112.8 0 0 0 0 0 0 0 0 0
88.6 -378.5 2801.4 0 0 0 0 0 0 0 0 0
-206.3 -815.2 2393.2 0 0 0 0 0 0 0 0 0
130.5 -850.8 2359.9 0 0 0 0 0 0 0 0 0
41.9 3.9 3185.1 76 0.9950877428 0.0353071801 -0.0924864486 -0.0814613178 0.8228975534 -0.5623198748 0.0562529415 0.5670917034 0.8217314482
34.4 -170.3 3065.1 0.9950877428 0.0353071801 -0.0924864486 -0.0814613178 0.8228975534 -0.5623198748 0.0562529415 0.5670917034 0.8217314482
25.2 -329.6 2946.6 0.9944790602 0.0467815101 -0.0939304307 -0.0935055539 0.8013145328 -0.5908905864 0.0476250648 0.5964113474 0.8012648821
-110.7 -156.7 3058.1 0.1048830748 -0.9739124775 0.2012311518 0.5884206891 0.2239001244 0.7769361734 -0.8017235398 0.0369211137 0.5965535641
-149.5 -374.9 3355.4 0.0365625732 -0.9738921523 -0.2240474820 -0.3289491236 0.1999741793 -0.9229316115 0.9436395764 0.1074449793 -0.3130494058
179.5 -184.0 3072.0 0.4171811044 0.6332700253 0.6518657804 -0.8539218903 0.5186516047 0.0426369682 -0.3110905290 -0.5744298100 0.7571347952
280.3 -390.4 2996.8 -0.6891230345 0.6332700253 0.3522478342 0.0400661491 0.5186516047 -0.8540464044 -0.7235358357 -0.5744298100 -0.3827874660
-82.5 -481.1 2829.2 0.9758906364 0.1769717038 -0.1277436465 -0.1244530529 -0.0296174288 -0.9917833805 -0.1793010235 0.9837701917 -0.0068787034
-157.5 -468.6 2412.4 0.9758906364 0.1368648857 0.1700159609 -0.1244530529 0.9888576269 -0.0816823989 -0.1793010235 0.0585540868 0.9820501804
99.8 -497.2 2832.7 0.9884185791 0.0511282459 0.1428796798 0.1454584897 -0.0508675799 -0.9880558252 -0.0432496183 0.9973958135 -0.0577154979
76.6 -474.1 2379.0 0.9884185791 -0.1429294050 0.0509890541 0.1454584897 0.9881048799 -0.0499051549 -0.0432496183 0.0567439720 0.9974515438
-159.2 -288.0 3106.1 0 0 0 0 0 0 0 0 0
87.4 -379.2 2794.2 0 0 0 0 0 0 0 0 0
-205.5 -815.2 2391.9 0 0 0 0 0 0 0 0 0
131.2 -851.7 2357.4 0 0 0 0 0 0 0 0 0
42.6 3.8 3186.4 77 0.9965457320 0.0391708314 -0.0732271448 -0.0734736696 0.8268526196 -0.5575987697 0.0387064442 0.5610529780 0.8268744946
34.4 -169.7 3068.7 0.9965457320 0.0391708314 -0.0732271448 -0.0734736696 0.8268526196 -0.5575987697 0.0387064442 0.5610529780 0.8268744946
25.6 -329.8 2951.3 0.9962200522 0.0442550406 -0.0747468695 -0.0798459873 0.8053973913 -0.5873326659 0.0342085026 0.5910808444 0.8058866262
-111.0 -158.1 3063.7 0.0857244581 -0.9762414694 0.1990071833 0.5850074887 0.2110048234 0.7830984592 -0.8064846992 0.0492900088 0.5891968608
-142.7 -375.0 3362.7 0.0541650876 -0.9749140143 -0.2158908695 -0.3228203356 0.1875003874 -0.9277017713 0.9449090958 0.1199430078 -0.3045660853
179.8 -181.4 3073.7 0.4207302332 0.6345129013 0.6483667493 -0.8567129970 0.5129671693 0.0539213046 -0.2983770967 -0.5781505704 0.7594162226
282.3 -390.1 3001.0 -0.6844987869 0.6345129013 0.3589635491 0.0255420003 0.5129671693 -0.8580281138 -0.7285664082 -0.5781505704 -0.3673321307
-75.2 -480.2 2823.8 0.9719483256 0.1951480955 -0.1312769502 -0.1290397495 -0.0241903197 -0.9913443327 -0.1966345906 0.9804754257 0.0016701182
-157.6 -470.0 2409.8 0.9719483256 0.1397694945 0.1891584098 -0.1290397495 0.9893079400 -0.0679594651 -0.1966345906 0.0416441411 0.9795920849
107.0 -497.4 2832.5 0.9857422113 0.0704445094 0.1528066695 0.1561226547 -0.0442210957 -0.9867472649 -0.0627536550 0.9965350032 -0.0545885824
75.0 -477.3 2379.5 0.9857422113 -0.1530250013 0.0699689612 0.1561226547 0.9868800640 -0.0411522016 -0.0627536550 0.0514892004 0.9966999888
-157.0 -289.7 3113.1 0 0 0 0 0 0 0 0 0
90.6 -383.0 2796.9 0 0 0 0 0 0 0 0 0
-206.8 -818.2 2395.2 0 0 0 0 0 0 0 0 0
133.5 -854.4 2359.8 0 0 0 0 0 0 0 0 0
41.2 4.3 3186.6 78 0.9948118925 0.0215718485 -0.0994179845 -0.0737141147 0.8263534904 -0.5583065152 0.0701106936 0.5627384782 0.8236564398
36.6 -170.2 3067.8 0.9948118925 0.0215718485 -0.0994179845 -0.0737141147 0.8263534904 -0.5583065152 0.0701106936 0.5627384782 0.8236564398
29.5 -330.2 2950.2 0.9943053126 0.0357091911 -0.1004080772 -0.0881426260 0.8051341176 -0.5865065455 0.0598982945 0.5920167565 0.8036966324
-108.5 -157.4 3059.0 0.1113776565 -0.9753940105 0.1902670413 0.5840897560 0.2191492021 0.7815451026 -0.8040112853 0.0240863655 0.5941259861
-149.8 -373.9 3357.1 0.0270766523 -0.9760856628 -0.2156933248 -0.3230468929 0.1956505179 -0.9259382486 0.9459955692 0.0947503597 -0.3100238740
181.7 -183.1 3076.5 0.3789485097 0.6602658629 0.6484188437 -0.8630079031 0.5050922036 -0.0099621229 -0.3340889812 -0.5558154583 0.7612186074
275.2 -396.0 2994.1 -0.6698377132 0.6602658629 0.3396562636 0.0613447838 0.5050922036 -0.8608824611 -0.7399690747 -0.5558154583 -0.3788337111
-74.4 -482.5 2830.7 0.9718059897 0.1989993304 -0.1264610887 -0.1239173785 -0.0252370704 -0.9919715524 -0.2005931884 0.9796746373 0.0001339400
-161.0 -471.5 2404.5 0.9718059897 0.1311996877 0.1959075928 -0.1239173785 0.9910804033 -0.0490322895 -0.2005931884 0.0233735163 0.9793957472
108.2 -497.1 2837.0 0.9869701266 0.0685460642 0.1455727518 0.1486317962 -0.0418440588 -0.9880068898 -0.0616326295 0.9967700243 -0.0514869578
76.7 -477.9 2379.7 0.9869701266 -0.1456953585 0.0682851002 0.1486317962 0.9880803227 -0.0400735736 -0.0616326295 0.0497007594 0.9968606830
-156.9 -288.6 3107.3 0 0 0 0 0 0 0 0 0
87.7 -378.8 2787.0 0 0 0 0 0 0 0 0 0
-206.7 -816.6 2396.3 0 0 0 0 0 0 0 0 0
132.4 -855.5 2360.7 0 0 0 0 0 0 0 0 0
41.3 5.6 3186.7 79 0.9965193868 0.0437871926 -0.0709350258 -0.0761621147 0.8241643906 -0.5612062216 0.0338884778 0.5646554828 0.8246306777
32.1 -168.1 3067.7 0.9965193868 0.0437871926 -0.0709350258 -0.0761621147 0.8241643906 -0.5612062216 0.0338884778 0.5646554828 0.8246306777
21.9 -326.7 2948.4 0.9960250258 0.0510303751 -0.0730070099 -0.0846198127 0.7980241776 -0.5966547728 0.0278138407 0.6004609466 0.7991702557
-113.3 -155.7 3063.6 0.0839707479 -0.9750123024 0.2056693137 0.5942888260 0.2146754563 0.7750710845 -0.7998560071 0.0571436808 0.5974653959
-144.4 -376.1 3360.2 0.0578297637 -0.9734079242 -0.2216590643 -0.3344024420 0.1903168857 -0.9230138063 0.9406543970 0.1275010109 -0.3145039976
177.5 -180.4 3071.7 0.3773832917 0.6569375396 0.6526982188 -0.8687863350 0.4951715171 0.0039355070 -0.3206121624 -0.5685404539 0.7576077580
272.6 -399.5 2990.9 -0.6835904717 0.6569375396 0.3180207610 0.0731169060 0.4951715171 -0.8657130599 -0.7261942029 -0.5685404539 -0.3865277469
-68.7 -482.1 2827.1 0.9694612026 0.2147667259 -0.1184071526 -0.1139629930 -0.0330037251 -0.9929366708 -0.2171576321 0.9761075974 -0.0075203720
-161.9 -467.8 2403.5 0.9694612026 0.1235136315 0.2118711472 -0.1139629930 0.9918622375 -0.0567600057 -0.2171576321 0.0308811516 0.9756479263
113.6 -498.3 2838.0 0.9862612486 0.0796427354 0.1447264254 0.1486255825 -0.0453967378 -0.9878509641 -0.0721050426 0.9957892299 -0.0566099919
77.2 -477.6 2384.0 0.9862612486 -0.1427779645 0.0830852315 0.1486255825 0.9864807725 -0.0690368637 -0.0721050426 0.0804369748 0.9941482544
-159.7 -287.8 3111.7 0 0 0 0 0 0 0 0 0
81.2 -379.0 2787.6 0 0 0 0 0 0 0 0 0
-204.7 -811.9 2392.8 0 0 0 0 0 0 0 0 0
131.8 -854.4 2353.3 0 0 0 0 0 0 0 0 0
42.2 7.2 3186.2 80 0.9977647066 0.0431824848 -0.0509982370 -0.0643684790 0.8260707259 -0.5598784685 0.0179512072 0.5619096756 0.8270037770
33.1 -166.9 3067.8 0.9977647066 0.0431824848 -0.0509982370 -0.0643684790 0.8260707259 -0.5598784685 0.0179512072 0.5619096756 0.8270037770
22.8 -325.8 2949.0 0.9972608089 0.0514918938 -0.0530983210 -0.0730216280 0.7997007966 -0.5959416628 0.0117766075 0.5981866121 0.8012703061
-112.4 -156.2 3066.1 0.0640762299 -0.9763846993 0.2063180506 0.5937016010 0.2034731060 0.7785351872 -0.8021300435 0.0726057589 0.5927189589
-136.2 -376.4 3363.5 0.0769615248 -0.9733563662 -0.2159961164 -0.3319228590 0.1792684346 -0.9261155725 0.9401617646 0.1429693103 -0.3092824519
178.7 -177.5 3069.5 0.3854342103 0.6340878010 0.6703529358 -0.8678737283 0.4958813190 0.0299482848 -0.3134256601 -0.5933248401 0.7414377928
275.7 -396.1 2990.6 -0.7109980583 0.6340878010 0.3039972782 0.0722349435 0.4958813190 -0.8653807640 -0.6994739771 -0.5933248401 -0.3983739614
-79.5 -477.5 2826.6 0.9741628766 0.1954332292 -0.1131924763 -0.1100546494 -0.0268767010 -0.9935621023 -0.1972172856 0.9803486466 -0.0046739490
-164.0 -465.9 2403.0 0.9741628766 0.1172450706 0.1930292100 -0.1100546494 0.9927850962 -0.0475990810 -0.1972172856 0.0251254961 0.9800378084
103.0 -493.0 2831.7 0.9867473841 0.0582587607 0.1514447778 0.1538401246 -0.0390746221 -0.9873228669 -0.0516025573 0.9975365400 -0.0475193150
77.0 -475.5 2386.1 0.9867473841 -0.1486096233 0.0651520044 0.1538401246 0.9844868183 -0.0843736231 -0.0516025573 0.0932784379 0.9943019152
-156.5 -288.7 3115.2 0 0 0 0 0 0 0 0 0
76.7 -375.8 2794.9 0 0 0 0 0 0 0 0 0
-205.2 -815.4 2394.2 0 0 0 0 0 0 0 0 0
133.8 -851.6 2350.4 0 0 0 0 0 0 0 0 0
42.8 8.5 3186.5 81 0.9980604649 0.0621131733 0.0041572568 -0.0493224077 0.8297437429 -0.5559610128 -0.0379819609 0.5546776652 0.8311979771
29.7 -166.1 3069.8 0.9980604649 0.0621131733 0.0041572568 -0.0493224077 0.8297437429 -0.5559610128 -0.0379819609 0.5546776652 0.8311979771
16.7 -324.6 2950.8 0.9978529215 0.0654915273 0.0006593703 -0.0519697033 0.7978760600 -0.6005771756 -0.0398588106 0.5992534161 0.7995665073
-115.8 -158.5 3075.6 0.0103041418 -0.9753913879 0.2202394605 0.5985736847 0.1824475080 0.7800143957 -0.8010014296 0.1237921715 0.5857236385
-119.7 -380.5 3372.6 0.1321514845 -0.9682416320 -0.2122360319 -0.3345029056 0.1579918265 -0.9290567040 0.9330829382 0.1937697977 -0.3030008078
175.3 -173.6 3064.0 0.3839423060 0.6314434409 0.6736968756 -0.8774025440 0.4768032730 0.0531361215 -0.2876684070 -0.6115045547 0.7370950580
274.8 -401.0 2989.4 -0.7279967070 0.6314434409 0.2670204341 0.0929633155 0.4768032730 -0.8740803599 -0.6792485118 -0.6115045547 -0.4058122933
-78.8 -478.0 2829.1 0.9743310809 0.1875679493 -0.1244876310 -0.1208432764 -0.0307863094 -0.9921941161 -0.1899363250 0.9817690253 -0.0073297331
-160.4 -464.6 2402.0 0.9743310809 0.1272571683 0.1857000738 -0.1208432764 0.9916280508 -0.0455056652 -0.1899363250 0.0218969770 0.9815521836
104.0 -491.4 2831.2 0.9867914319 0.0616341755 0.1498129517 0.1520344168 -0.0330612697 -0.9878221154 -0.0559305921 0.9975510836 -0.0419950932
76.4 -476.6 2383.6 0.9867914319 -0.1472368985 0.0675572902 0.1520344168 0.9857189655 -0.0724132806 -0.0559305921 0.0817278326 0.9950841069
-154.6 -292.1 3126.2 0 0 0 0 0 0 0 0 0
71.0 -375.0 2799.3 0 0 0 0 0 0 0 0 0
-205.6 -817.1 2394.2 0 0 0 0 0 0 0 0 0
132.6 -853.2 2352.4 0 0 0 0 0 0 0 0 0
43.0 9.5 3186.6 82 0.9986266494 0.0510067530 -0.0119649209 -0.0490726791 0.8306633234 -0.5546082854 -0.0183499474 0.5544337630 0.8320255280
32.2 -166.2 3069.3 0.9986266494 0.0510067530 -0.0119649209 -0.0490726791 0.8306633234 -0.5546082854 -0.0183499474 0.5544337630 0.8320255280
22.2 -326.0 2951.7 0.9986330867 0.0502709895 -0.0143085830 -0.0489680953 0.8041258454 -0.5924388170 -0.0182765834 0.5923296809 0.8054883480
-113.5 -159.1 3072.0 0.0253063012 -0.9783663154 0.2053264380 0.5904583335 0.1803655028 0.7866557240 -0.8066712618 0.1013293564 0.5822489262
-122.9 -378.0 3371.1 0.1134834960 -0.9726179242 -0.2028197050 -0.3245785534 0.1566446573 -0.9327975512 0.9390262365 0.1716880500 -0.2979143262
177.9 -173.4 3066.6 0.3676855564 0.6286795735 0.6852512956 -0.8807367086 0.4719484746 0.0395910516 -0.2985132337 -0.6180830598 0.7272298336
273.9 -403.1 2988.8 -0.7398750782 0.6286795735 0.2394721955 0.1182455793 0.4719484746 -0.8736604452 -0.6622710228 -0.6180830598 -0.4235214889
-87.6 -478.5 2835.4 0.9782757759 0.1684638113 -0.1208157912 -0.1170654446 -0.0320560075 -0.9926066995 -0.1710911840 0.9851864576 -0.0116383247
-161.1 -464.5 2405.5 0.9782757759 0.1239971071 0.1661361903 -0.1170654446 0.9918177724 -0.0509235263 -0.1710911840 0.0303684436 0.9847870469
95.1 -488.0 2828.1 0.9888982177 0.0378261767 0.1436992437 0.1446052194 -0.0224030800 -0.9892357588 -0.0341996998 0.9990331531 -0.0276242290
78.1 -477.9 2380.2 0.9888982177 -0.1420651227 0.0435636416 0.1446052194 0.9875393510 -0.0620920062 -0.0341996998 0.0677022040 0.9971192479
-152.9 -292.3 3123.1 0 0 0 0 0 0 0 0 0
66.8 -370.0 2803.4 0 0 0 0 0 0 0 0 0
-205.1 -815.8 2394.7 0 0 0 0 0 0 0 0 0
132.4 -855.2 2354.3 0 0 0 0 0 0 0 0 0
44.3 9.6 3187.7 83 0.9975432158 0.0662539080 0.0227580555 -0.0424885228 0.8304999471 -0.5553958416 -0.0556977130 0.5530644059 0.8312746286
30.3 -166.2 3070.6 0.9975432158 0.0662539080 0.0227580555 -0.0424885228 0.8304999471 -0.5553958416 -0.0556977130 0.5530644059 0.8312746286
16.0 -325.7 2953.1 0.9971987009 0.0722260475 0.0194448940 -0.0465516895 0.8027675748 -0.5944721103 -0.0585461035 0.5919016600 0.8038810492
-115.2 -159.4 3079.2 -0.0084991781 -0.9739066362 0.2267898917 0.5925207138 0.1777899265 0.7856907248 -0.8055104017 0.1410554349 0.5755487680
-112.0 -379.1 3377.9 0.1518954188 -0.9652792811 -0.2125175446 -0.3266420960 0.1539079249 -0.9325327277 0.9328626394 0.2110646218 -0.2919229567
175.8 -173.0 3062.1 0.3695752323 0.6265469193 0.6861873269 -0.8883833885 0.4547206163 0.0632781833 -0.2723767757 -0.6329835057 0.7246673703
272.5 -405.3 2990.8 -0.7491937876 0.6265469193 0.2148200274 0.1275364757 0.4547206163 -0.8814553618 -0.6499562860 -0.6329835057 -0.4205814302
-79.3 -481.4 2835.7 0.9745046496 0.1820103377 -0.1311980486 -0.1254263669 -0.0429181196 -0.9911741614 -0.1860347241 0.9823595285 -0.0189950131
-158.5 -462.7 2408.2 0.9745046496 0.1331743002 0.1805693656 -0.1254263669 0.9906474352 -0.0537200756 -0.1860347241 0.0297023039 0.9820941091
103.7 -490.3 2832.4 0.9902684093 0.0497508422 0.1299742460 0.1314475238 -0.0275713410 -0.9909396172 -0.0457165204 0.9983810186 -0.0338426530
81.1 -477.8 2379.7 0.9902684093 -0.1276602596 0.0554193929 0.1314475238 0.9887679815 -0.0711294413 -0.0457165204 0.0777219832 0.9959263206
-152.2 -292.8 3131.5 0 0 0 0 0 0 0 0 0
62.7 -369.6 2808.8 0 0 0 0 0 0 0 0 0
-206.3 -818.6 2397.6 0 0 0 0 0 0 0 0 0
129.9 -855.6 2350.0 0 0 0 0 0 0 0 0 0
45.8 7.9 3187.2 84 0.9969031215 0.0712660104 -0.0332468152 -0.0777031332 0.8276169896 -0.5558888316 -0.0121003482 0.5567506552 0.8305914998
30.5 -168.9 3068.3 0.9969031215 0.0712660104 -0.0332468152 -0.0777031332 0.8276169896 -0.5558888316 -0.0121003482 0.5567506552 0.8305914998
15.7 -328.5 2950.9 0.9965267181 0.0749375746 -0.0363155007 -0.0819011629 0.8031524420 -0.5901172161 -0.0150550678 0.5910418630 0.8065003753
-114.8 -157.0 3070.5 0.0472455174 -0.9721936584 0.2293628752 0.5877729654 0.2127161026 0.7805605531 -0.8076452017 0.0979353189 0.5814790726
-132.3 -374.9 3369.9 0.0998285115 -0.9674471617 -0.2325516045 -0.3263632953 0.1889520288 -0.9261663556 0.9399580956 0.1683541089 -0.2968764305
175.9 -180.8 3066.1 0.4110478461 0.6221814752 0.6662806273 -0.8696691990 0.4867834747 0.0819594488 -0.2733407617 -0.6131330132 0.7411833405
278.4 -397.7 2997.9 -0.7328403592 0.6221814752 0.2753820717 0.0866514072 0.4867834747 -0.8692142367 -0.6748604178 -0.6131330132 -0.4106474519
-89.7 -481.0 2841.0 0.9790693521 0.1595083624 -0.1264133155 -0.1218672022 -0.0380081050 -0.9918184280 -0.1630080640 0.9864646196 -0.0177737325
-158.7 -464.6 2414.6 0.9790693521 0.1304468811 0.1562269181 -0.1218672022 0.9905237556 -0.0633329004 -0.1630080640 0.0429683663 0.9856886268
93.0 -489.5 2830.3 0.9898582697 0.0335174985 0.1380475760 0.1390082836 -0.0282491297 -0.9898881912 -0.0292788520 0.9990388155 -0.0326218456
77.8 -476.8 2380.1 0.9898582697 -0.1366552711 0.0388058387 0.1390082836 0.9880675077 -0.0663270205 -0.0292788520 0.0710486844 0.9970430732
-158.7 -288.7 3121.6 0 0 0 0 0 0 0 0 0
73.4 -373.5 2809.1 0 0 0 0 0 0 0 0 0
-205.3 -818.4 2399.3 0 0 0 0 0 0 0 0 0
130.1 -854.3 2352.9 0 0 0 0 0 0 0 0 0
47.7 7.4 3187.5 85 0.9963322878 0.0766572505 -0.0380219184 -0.0849181637 0.8310983777 -0.5496038198 -0.0105311582 0.5508167744 0.8345597386
31.4 -168.7 3070.8 0.9963322878 0.0766572505 -0.0380219184 -0.0849181637 0.8310983777 -0.5496038198 -0.0105311582 0.5508167744 0.8345597386
15.1 -328.1 2953.3 0.9957267046 0.0822568908 -0.0419771411 -0.0911413059 0.8020576239 -0.5902515054 -0.0148841664 0.5915550590 0.8061271906
-113.9 -155.4 3072.9 0.0528851822 -0.9701989889 0.2364679426 0.5878065825 0.2216735780 0.7780387402 -0.8072710633 0.0978507027 0.5820125937
-133.5 -373.3 3372.3 0.0965795368 -0.9656894207 -0.2410733998 -0.3278553784 0.1978230625 -0.9237840176 0.9397783279 0.1682558358 -0.2975007892
176.7 -182.0 3068.6 0.4244552851 0.6323304176 0.6480709314 -0.8660345674 0.4923965931 0.0867738649 -0.2642381489 -0.5980834961 0.7566203475
280.0 -392.7 3004.3 -0.7059955001 0.6323304176 0.3189491332 0.0484183729 0.4923965931 -0.8690231442 -0.7065592408 -0.5980834961 -0.3782461882
-90.4 -480.6 2834.8 0.9787708521 0.1610458791 -0.1267749667 -0.1224423125 -0.0365893394 -0.9918009639 -0.1643640548 0.9862684608 -0.0160937496
-159.5 -464.9 2411.8 0.9787708521 0.1306079477 0.1579532474 -0.1224423125 0.9906354547 -0.0604096390 -0.1643640548 0.0397870317 0.9855970144
92.0 -495.6 2832.1 0.9897480011 0.0303622819 0.1395602226 0.1408326030 -0.0448331013 -0.9890177846 -0.0237719193 0.9985330105 -0.0486494713
78.3 -475.3 2380.5 0.9897480011 -0.1388574243 0.0334296338 0.1408326030 0.9877899885 -0.0666117743 -0.0237719193 0.0706368536 0.9972187877
-159.0 -286.7 3124.0 0 0 0 0 0 0 0 0 0
82.7 -379.2 2806.8 0 0 0 0 0 0 0 0 0
-206.1 -819.0 2397.6 0 0 0 0 0 0 0 0 0
131.3 -852.8 2353.5 0 0 0 0 0 0 0 0 0
46.8 4.5 3189.1 86 0.9958767891 0.0884664655 0.0200781841 -0.0609415881 0.8163694739 -0.5743056536 -0.0671980083 0.5707140565 0.8183947206
28.0 -169.0 3067.8 0.9958767891 0.0884664655 0.0200781841 -0.0609415881 0.8163694739 -0.5743056536 -0.0671980083 0.5707140565 0.8183947206
10.4 -325.9 2947.1 0.9959350824 0.0886411369 0.0160034411 -0.0604132451 0.7891333103 -0.6112437248 -0.0668101832 0.6077921987 0.7912806273
-117.3 -160.3 3077.5 -0.0051005394 -0.9700611234 0.2428072989 0.6091610789 0.1895443946 0.7700621486 -0.7930300832 0.1518364847 0.5899567008
-115.4 -386.1 3371.6 0.1534341574 -0.9613082409 -0.2287889570 -0.3481816351 0.1640876383 -0.9229543805 0.9247851372 0.2212728411 -0.3095332384
173.3 -177.8 3058.1 0.4234661460 0.6488815546 0.6321622729 -0.8733316660 0.4778699577 0.0945095792 -0.2407658249 -0.5921089649 0.7690505981
277.8 -393.4 2998.7 -0.6926499009 0.6488815546 0.3149425685 0.0488766320 0.4778699577 -0.8770697713 -0.7196159959 -0.5921089649 -0.3627117276
-92.5 -479.1 2837.1 0.9797122478 0.1504383683 -0.1324094236 -0.1308804750 -0.0200638622 -0.9911950827 -0.1517704278 0.9884157777 0.0000326341
-157.5 -470.4 2410.2 0.9797122478 0.1383058429 0.1450360417 -0.1308804750 0.9896054864 -0.0595922656 -0.1517704278 0.0394008867 0.9876301289
89.9 -495.8 2834.4 0.9893534184 0.0280010384 0.1428138465 0.1438994706 -0.0416015759 -0.9887174964 -0.0217438359 0.9987418056 -0.0451879948
77.2 -476.9 2381.2 0.9893534184 -0.1419668645 0.0320196673 0.1438994706 0.9871498942 -0.0694836527 -0.0217438359 0.0733515024 0.9970690608
-156.0 -294.2 3127.3 0 0 0 0 0 0 0 0 0
84.0 -379.7 2797.3 0 0 0 0 0 0 0 0 0
-205.8 -816.4 2396.5 0 0 0 0 0 0 0 0 0
131.5 -854.1 2353.2 0 0 0 0 0 0 0 0 0
45.7 4.3 3188.4 87 0.9941700101 0.1039345339 0.0286991782 -0.0692628175 0.8195756674 -0.5687691569 -0.0826359093 0.5634654164 0.8219963312
23.8 -168.4 3069.8 0.9941700101 0.1039345339 0.0286991782 -0.0692628175 0.8195756674 -0.5687691569 -0.0826359093 0.5634654164 0.8219963312
1.9 -325.6 2950.4 0.9936103821 0.1103598773 0.0236447193 -0.0734697878 0.7914761305 -0.6067682505 -0.0856771022 0.6011540890 0.7945270538
-121.2 -157.6 3082.3 -0.0128049403 -0.9644654989 0.2638982534 0.6045368910 0.2027554065 0.7703410983 -0.7964742184 0.1694003940 0.5804587007
-116.5 -381.8 3377.6 0.1669458002 -0.9546887279 -0.2463705987 -0.3447013199 0.1775951087 -0.9217597246 0.9237478375 0.2388081849 -0.2994337082
168.8 -179.1 3057.3 0.4541043639 0.6501349211 0.6091911197 -0.8645356297 0.4867963195 0.1249297857 -0.2153307796 -0.5833985806 0.7831211686
280.0 -390.8 3004.5 -0.6812345982 0.6501349211 0.3365174234 0.0333877616 0.4867963195 -0.8728771806 -0.7313033938 -0.5833985806 -0.3533290625
-98.5 -477.2 2832.5 0.9811962247 0.1394033879 -0.1334940493 -0.1324693710 -0.0166457053 -0.9910473228 -0.1403774470 0.9900957346 0.0021339748
-158.0 -470.1 2410.0 0.9811962247 0.1390330195 0.1338797212 -0.1324693710 0.9895589352 -0.0567891933 -0.1403774470 0.0379863791 0.9893690944
83.8 -488.1 2820.3 0.9886040688 0.0173887704 0.1495311707 0.1498840302 -0.0211515613 -0.9884772897 -0.0140255876 0.9996250272 -0.0235168189
76.1 -478.8 2380.4 0.9886040688 -0.1489345133 0.0219192412 0.1498840302 0.9873799086 -0.0511434972 -0.0140255876 0.0538460128 0.9984507561
-160.6 -290.7 3133.6 0 0 0 0 0 0 0 0 0
89.3 -381.4 2799.8 0 0 0 0 0 0 0 0 0
-206.8 -817.6 2396.7 0 0 0 0 0 0 0 0 0
133.0 -856.1 2359.8 0 0 0 0 0 0 0 0 0
45.8 2.4 3188.6 88 0.9917188287 0.1232249439 0.0361851677 -0.0806284845 0.8166956902 -0.5714080334 -0.0999639928 0.5637585521 0.8198679686
19.8 -169.8 3069.7 0.9917188287 0.1232249439 0.0361851677 -0.0806284845 0.8166956902 -0.5714080334 -0.0999639928 0.5637585521 0.8198679686
-4.6 -328.2 2952.3 0.9919577241 0.1224514768 0.0320240855 -0.0790594444 0.7970318794 -0.5987401605 -0.0988408327 0.5913931131 0.8003028631
-125.0 -158.3 3084.1 -0.0212231670 -0.9610425234 0.2755844891 0.5964375734 0.2090521753 0.7749577165 -0.8023788333 0.1808159947 0.5687651038
-117.1 -379.4 3381.7 0.1783347875 -0.9504063129 -0.2548029125 -0.3360528946 0.1845548004 -0.9235842824 0.9248054624 0.2503344715 -0.2864742577
164.6 -181.4 3055.3 0.4782139659 0.6304112077 0.6114679575 -0.8534173965 0.4979353249 0.1540752649 -0.2073407322 -0.5955183506 0.7761235237
281.8 -390.6 3004.5 -0.7033576965 0.6304112077 0.3284351230 0.0418162011 0.4979353249 -0.8662053943 -0.7096050382 -0.5955183506 -0.3765880764
-111.1 -476.2 2838.8 0.9851195216 0.1063646972 -0.1350041032 -0.1342979074 -0.0138073973 -0.9908447862 -0.1072549671 0.9942313433 0.0006826208
-157.6 -470.1 2404.8 0.9851195216 0.1373211443 0.1033559814 -0.1342979074 0.9902979136 -0.0356955342 -0.1072549671 0.0212838743 0.9940037131
70.9 -489.6 2823.2 0.9893308282 -0.0135171702 0.1450579315 0.1448029280 -0.0182495359 -0.9892922044 0.0160196722 0.9997420907 -0.0160975028
76.9 -481.4 2376.5 0.9893308282 -0.1452962756 -0.0106542567 0.1448029280 0.9887400270 -0.0377530791 0.0160196722 0.0358075202 0.9992303252
-164.2 -290.6 3137.4 0 0 0 0 0 0 0 0 0
84.9 -378.9 2805.8 0 0 0 0 0 0 0 0 0
-205.5 -815.9 2397.4 0 0 0 0 0 0 0 0 0
132.4 -859.2 2362.8 0 0 0 0 0 0 0 0 0
45.8 2.6 3188.2 89 0.9955418110 0.0935083255 -0.0123583665 -0.0843362287 0.8238043785 -0.5605655909 -0.0422366709 0.5591087341 0.8280178308
26.1 -171.3 3070.2 0.9955418110 0.0935083255 -0.0123583665 -0.0843362287 0.8238043785 -0.5605655909 -0.0422366709 0.5591087341 0.8280178308
8.0 -331.1 2953.6 0.9956911206 0.0914237872 -0.0155187445 -0.0830213502 0.8043045998 -0.5883889794 -0.0413109511 0.5871421099 0.8084290624
-119.2 -159.2 3076.3 0.0264121052 -0.9690322876 0.2455175370 0.5860304236 0.2139827013 0.7815240026 -0.8098585010 0.1232390553 0.5735341311
-129.0 -376.5 3376.6 0.1243912801 -0.9624439478 -0.2413058281 -0.3245053887 0.1903607994 -0.9265306592 0.9376689196 0.1935573816 -0.2886390388
171.3 -183.4 3064.1 0.4632146657 0.6282451153 0.6250922084 -0.8579930067 0.4945705831 0.1387369931 -0.2219913751 -0.6005897522 0.7681222558
284.8 -393.6 3009.7 -0.7147940993 0.6282451153 0.3072092533 0.0620973669 0.4945705831 -0.8669162989 -0.6965725422 -0.6005897522 -0.3925284743
-119.8 -479.3 2843.9 0.9861363769 0.0806317553 -0.1450293362 -0.1438562721 -0.0202030446 -0.9893923402 -0.0827064738 0.9965391755 -0.0083235735
-155.0 -470.5 2409.4 0.9861363769 0.1468898952 0.0771903321 -0.1438562721 0.9886410832 -0.0435219966 -0.0827064738 0.0318143144 0.9960660338
62.0 -493.8 2825.8 0.9890930653 -0.0345337950 0.1431865096 0.1420893967 -0.0323805176 -0.9893240929 0.0388015658 0.9988788366 -0.0271204598
77.5 -479.2 2377.5 0.9890930653 -0.1436163187 -0.0327003300 0.1420893967 0.9888291955 -0.0450264029 0.0388015658 0.0398889333 0.9984504580
-161.8 -290.8 3128.9 0 0 0 0 0 0 0 0 0
84.7 -376.3 2814.7 0 0 0 0 0 0 0 0 0
-206.1 -814.7 2398.3 0 0 0 0 0 0 0 0 0
132.3 -857.1 2362.3 0 0 0 0 0 0 0 0 0
46.6 2.9 3188.0 90 0.9960106611 0.0877309814 -0.0163121503 -0.0814980492 0.8198779225 -0.5667082667 -0.0363439023 0.5657768846 0.8237570524
28.0 -170.6 3068.3 0.9960106611 0.0877309814 -0.0163121503 -0.0814980492 0.8198779225 -0.5667082667 -0.0363439023 0.5657768846 0.8237570524
10.9 -329.0 2949.7 0.9960874319 0.0861605108 -0.0196507853 -0.0807835385 0.7975922823 -0.5977629423 -0.0358302481 0.5970116258 0.8014320135
-117.3 -158.8 3073.5 0.0305574443 -0.9701976776 0.2403803468 0.5954403281 0.2108314633 0.7752425075 -0.8028182387 0.1194427162 0.5841372609
-128.7 -379.6 3371.2 0.1189386621 -0.9640194774 -0.2377393991 -0.3351520002 0.1864062697 -0.9235398173 0.9346265197 0.1895234287 -0.3009221554
173.4 -182.3 3063.0 0.4552524388 0.6232665181 0.6358333826 -0.8603050709 0.4919118583 0.1337831467 -0.2293914109 -0.6079157591 0.7601433992
284.6 -392.5 3007.0 -0.7237561345 0.6232665181 0.2961687446 0.0684377328 0.4919118583 -0.8679510355 -0.6866537333 -0.6079157591 -0.3986791670
-101.4 -483.4 2841.0 0.9826265574 0.1260616034 -0.1362113953 -0.1334417462 -0.0302004218 -0.9905964136 -0.1289898157 0.9915626049 -0.0128538543
-156.5 -470.2 2407.5 0.9826265574 0.1397680044 0.1221064255 -0.1334417462 0.9893240929 -0.0585755445 -0.1289898157 0.0412637889 0.9907870293
80.9 -498.5 2833.4 0.9898677468 0.0061476361 0.1418591589 0.1419923007 -0.0431157723 -0.9889283180 0.0000367958 0.9990511537 -0.0435518287
78.1 -478.9 2378.9 0.9898677468 -0.1417598277 0.0081217224 0.1419923007 0.9882323146 -0.0568774939 0.0000367958 0.0574544184 0.9983481169
-160.1 -291.0 3124.3 0 0 0 0 0 0 0 0 0
82.0 -373.4 2814.7 0 0 0 0 0 0 0 0 0
-205.3 -815.9 2393.0 0 0 0 0 0 0 0 0 0
132.3 -856.5 2356.9 0 0 0 0 0 0 0 0 0
48.2 2.9 3188.9 91 0.9967148900 0.0792667419 -0.0166184157 -0.0750334188 0.8265241981 -0.5578778982 -0.0304856393 0.5572921634 0.8297566175
31.6 -170.4 3072.0 0.9967148900 0.0792667419 -0.0166184157 -0.0750334188 0.8265241981 -0.5578778982 -0.0304856393 0.5572921634 0.8297566175
15.3 -330.6 2955.6 0.9964652061 0.0817210972 -0.0194609556 -0.0775655657 0.8060777783 -0.5867045522 -0.0322590917 0.5861401558 0.8095672131
-113.9 -159.1 3076.7 0.0303795468 -0.9712648988 0.2360540777 0.5844035149 0.2088514268 0.7841259837 -0.8108943105 0.1141294464 0.5739554763
-125.2 -375.8 3377.4 0.1178248823 -0.9651728272 -0.2335780859 -0.3217651844 0.1854197383 -0.9284862280 0.9394596815 0.1845560819 -0.2887119353
177.0 -181.7 3067.3 0.4081863165 0.6311858296 0.6595364809 -0.8739356995 0.4789930880 0.0824744552 -0.2638567090 -0.6100574136 0.7471342683
277.9 -397.7 3002.1 -0.7260108590 0.6311858296 0.2729700804 0.0880480856 0.4789930880 -0.8733917475 -0.6820232868 -0.6100574136 -0.4033288956
-97.5 -480.1 2834.5 0.9816673398 0.1394653171 -0.1299180388 -0.1271821707 -0.0283915922 -0.9914729595 -0.1419646740 0.9898198247 -0.0101335943
-157.8 -467.8 2406.4 0.9816673398 0.1352284551 0.1343225241 -0.1271821707 0.9896262884 -0.0668171272 -0.1419646740 0.0485087596 0.9886824489
85.0 -494.9 2827.9 0.9896652699 0.0140444012 0.1427072287 0.1431266814 -0.0357077308 -0.9890599847 -0.0087950043 0.9992635846 -0.0373488329
78.7 -478.8 2377.1 0.9896652699 -0.1427114308 0.0140016293 0.1431266814 0.9890706539 -0.0354112945 -0.0087950043 0.0370493345 0.9992747307
-156.3 -290.8 3129.2 0 0 0 0 0 0 0 0 0
74.5 -373.0 2811.1 0 0 0 0 0 0 0 0 0
-205.0 -813.5 2389.4 0 0 0 0 0 0 0 0 0
133.2 -856.7 2363.0 0 0 0 0 0 0 0 0 0
47.7 5.0 3201.8 92 0.9970642924 0.0762076154 -0.0074330466 -0.0664908588 0.8135960102 -0.5776162148 -0.0379712544 0.5764147043 0.8162746429
31.5 -168.0 3079.3 0.9970642924 0.0762076154 -0.0074330466 -0.0664908588 0.8135960102 -0.5776162148 -0.0379712544 0.5764147043 0.8162746429
16.1 -325.7 2959.6 0.9969602227 0.0772729144 -0.0099583650 -0.0675804541 0.7940621376 -0.6040681005 -0.0387705415 0.6029048562 0.7968705297
-114.0 -158.1 3085.0 0.0208907928 -0.9725540280 0.2317375541 0.6018977761 0.1973111778 0.7738135457 -0.7982998490 0.1233167350 0.5895000696
-121.7 -381.3 3381.0 0.1255411953 -0.9658896327 -0.2264875770 -0.3407059908 0.1724339128 -0.9242218137 0.9317504168 0.1931935847 -0.3074368238
177.1 -177.8 3073.7 0.3812924623 0.6263656020 0.6799134016 -0.8718120456 0.4882787168 0.0390849523 -0.3075057566 -0.6076594591 0.7322500944
274.5 -400.6 2995.1 -0.7307473421 0.6263656020 0.2714304030 0.0963608474 0.4882787168 -0.8673514128 -0.6758127809 -0.6076594591 -0.4171654880
-92.3 -483.6 2842.1 0.9794719815 0.1477440000 -0.1371361464 -0.1334847957 -0.0343999043 -0.9904536605 -0.1510510445 0.9884272218 -0.0139721660
-157.7 -468.4 2404.8 0.9794719815 0.1399594247 0.1450722963 -0.1334847957 0.9896062613 -0.0534912683 -0.1510510445 0.0330282561 0.9879740477
90.4 -497.8 2836.2 0.9920144081 0.0192977767 0.1246395111 0.1253904998 -0.0444342978 -0.9911119342 -0.0135879861 0.9988259077 -0.0464992225
81.5 -477.5 2379.7 0.9920144081 -0.1245193705 0.0200583786 0.1253904998 0.9908221364 -0.0504845157 -0.0135879861 0.0525964946 0.9985234141
-154.9 -291.3 3134.8 0 0 0 0 0 0 0 0 0
69.8 -373.6 2805.8 0 0 0 0 0 0 0 0 0
-206.6 -814.1 2393.3 0 0 0 0 0 0 0 0 0
129.1 -856.0 2359.6 0 0 0 0 0 0 0 0 0
48.2 7.1 3208.3 93 0.9977154732 0.0667461380 -0.0104298983 -0.0603223518 0.8106930852 -0.5823554993 -0.0304145347 0.5816542506 0.8128673434
34.2 -163.4 3085.9 0.9977154732 0.0667461380 -0.0104298983 -0.0603223518 0.8106930852 -0.5823554993 -0.0304145347 0.5816542506 0.8128673434
20.1 -320.6 2965.2 0.9974132180 0.0707526579 -0.0126842046 -0.0638427883 0.7908940911 -0.6086136699 -0.0330291726 0.6078491211 0.7933652997
-111.4 -154.1 3090.7 0.0236328375 -0.9739871621 0.2253675908 0.6064900756 0.1931767166 0.7712668777 -0.7947397828 0.1184559762 0.5952788591
-120.2 -379.0 3385.4 0.1210484207 -0.9676620364 -0.2213085145 -0.3455453217 0.1679268032 -0.9232545495 0.9305620193 0.1882306337 -0.3140438199
179.8 -172.8 3081.1 0.3729884624 0.6149677038 0.6947620511 -0.8629032969 0.5051106811 0.0161583275 -0.3409949243 -0.6055393219 0.7190580964
276.5 -396.5 2992.7 -0.7328758240 0.6149677038 0.2910459042 0.0826791301 0.5051106811 -0.8590852022 -0.6753200293 -0.6055393219 -0.4210284352
-90.7 -477.3 2843.3 0.9796929955 0.1505839974 -0.1323861927 -0.1298970878 -0.0262917411 -0.9911788106 -0.1527363360 0.9882475138 -0.0061974097
-157.7 -465.6 2403.1 0.9796929955 0.1357019544 0.1476029307 -0.1298970878 0.9903491139 -0.0483258516 -0.1527363360 0.0281713046 0.9878653884
92.2 -489.7 2836.3 0.9904879928 0.0263919830 0.1350444704 0.1357415766 -0.0266908947 -0.9903846979 -0.0225337576 0.9992952943 -0.0300194994
80.0 -477.4 2376.3 0.9904879928 -0.1344391853 0.0293197669 0.1357415766 0.9895710349 -0.0482019708 -0.0225337576 0.0517233871 0.9984071851
-152.2 -287.7 3139.6 0 0 0 0 0 0 0 0 0
71.2 -373.3 2803.5 0 0 0 0 0 0 0 0 0
-205.8 -815.9 2393.1 0 0 0 0 0 0 0 0 0
131.4 -855.4 2356.6 0 0 0 0 0 0 0 0 0
46.2 5.6 3198.5 94 0.9982221127 0.0532115735 -0.0268533044 -0.0591013767 0.8253114820 -0.5615763068 -0.0077200187 0.5621649623 0.8269890547
35.0 -169.1 3079.5 0.9982221127 0.0532115735 -0.0268533044 -0.0591013767 0.8253114820 -0.5615763068 -0.0077200187 0.5621649623 0.8269890547
23.0 -328.7 2961.8 0.9977948666 0.0597084872 -0.0289884079 -0.0652628690 0.8030220866 -0.5923650265 -0.0120908879 0.5929506421 0.8051480651
-110.7 -159.6 3081.3 0.0399594679 -0.9759023190 0.2145177275 0.5902055502 0.1962871850 0.7830253839 -0.8062633872 0.0953202769 0.5838265419
-125.5 -378.4 3380.2 0.1023270190 -0.9709796906 -0.2161656916 -0.3266667724 0.1724547744 -0.9292729497 0.9395839572 0.1657038778 -0.2995400131
180.6 -178.6 3077.8 0.3664629459 0.6218792796 0.6920773387 -0.8658952117 0.5001428723 0.0090886168 -0.3404855132 -0.6025971174 0.7217661142
