43.8 -0.1 3183.5 1 0.9933497310 0.0935196802 0.0671589598 -0.0399130173 0.8268360496 -0.5610250235 -0.1079963371 0.5546135306 0.8250700831
24.4 -171.7 3068.4 0.9933497310 0.0935196802 0.0671589598 -0.0399130173 0.8268360496 -0.5610250235 -0.1079963371 0.5546135306 0.8250700831
5.8 -331.0 2951.0 0.9936400056 0.0933039784 0.0630391166 -0.0373834819 0.8014208078 -0.5969314575 -0.1062169373 0.5907783508 0.7998117805
-120.7 -166.2 3083.8 -0.0521668382 -0.9675959945 0.2470559031 0.5950840116 0.1685520709 0.7857895494 -0.8019686341 0.1880111694 0.5670080781
-101.3 -386.9 3381.2 0.1991249472 -0.9554265141 -0.2179667056 -0.3283490539 0.1445169896 -0.9334354401 0.9233288169 0.2574394345 -0.2849364579
169.5 -177.2 3052.9 0.4298977554 0.5359661579 0.7265866995 -0.8269525170 0.5567519069 0.0785932839 -0.3624051511 -0.6346397400 0.6825649738
278.4 -386.7 2961.1 -0.7841824889 0.5359661579 0.3127268553 0.0498517007 0.5567519069 -0.8291816115 -0.6185245514 -0.6346397400 -0.4633139074
-104.1 -490.4 2847.1 0.9833030701 0.1215054542 -0.1354678720 -0.1289183348 -0.0602711439 -0.9898219109 -0.1284335703 0.9907591939 -0.0436005183
-158.2 -463.6 2405.9 0.9833030701 0.1341682673 0.1229389906 -0.1289183348 0.9904068112 -0.0497431085 -0.1284335703 0.0330634601 0.9911668301
78.0 -497.2 2826.6 0.9918254614 -0.0073664510 0.1273890287 0.1268802285 -0.0490879491 -0.9907026887 0.0135512287 0.9987673163 -0.0477520190
81.3 -475.5 2385.1 0.9918254614 -0.1275909096 -0.0016700836 0.1268802285 0.9875220656 -0.0932823867 0.0135512287 0.0923079401 0.9956383109
-153.9 -300.2 3137.3 0 0 0 0 0 0 0 0 0
74.6 -373.8 2800.4 0 0 0 0 0 0 0 0 0
-205.5 -813.4 2394.2 0 0 0 0 0 0 0 0 0
130.0 -852.8 2349.8 0 0 0 0 0 0 0 0 0
44.1 0.8 3173.6 2 0.9927537441 0.0996424332 0.0671673119 -0.0463057831 0.8329978585 -0.5513350964 -0.1108865961 0.5442296863 0.8315757513
23.2 -174.0 3059.4 0.9927537441 0.0996424332 0.0671673119 -0.0463057831 0.8329978585 -0.5513350964 -0.1108865961 0.5442296863 0.8315757513
2.1 -332.7 2941.8 0.9924693108 0.1061743721 0.0610873736 -0.0485607386 0.7988692522 -0.5995413065 -0.1124567464 0.5920599103 0.7980091572
-121.7 -166.9 3075.8 -0.0502506122 -0.9644116163 0.2595864534 0.5975740552 0.1792235970 0.7815268040 -0.8002375364 0.1943943352 0.5673012137
-103.0 -388.5 3372.6 0.2010182887 -0.9520919323 -0.2304616272 -0.3328410387 0.1548829675 -0.9301763773 0.9213080406 0.2636895478 -0.2857609689
168.1 -181.1 3043.0 0.4434285462 0.5522174239 0.7059936523 -0.8363756537 0.5381209850 0.1044103503 -0.3222528100 -0.6367744803 0.7004794478
278.5 -389.3 2962.8 -0.7778148651 0.5522174239 0.3000998795 0.0576059707 0.5381209850 -0.8408967257 -0.6258478761 -0.6367744803 -0.4503695369
-103.9 -486.7 2843.4 0.9833603501 0.1275507063 -0.1293570846 -0.1241505072 -0.0479918756 -0.9911021590 -0.1326238662 0.9906702638 -0.0313578248
-160.5 -465.4 2404.0 0.9833603501 0.1286711693 0.1282426119 -0.1241505072 0.9913452268 -0.0426759422 -0.1326238662 0.0260444470 0.9908242226
78.3 -493.6 2823.9 0.9905413389 -0.0045744376 0.1371383071 0.1368788034 -0.0369350575 -0.9898989797 0.0095934421 0.9993072152 -0.0359595567
80.4 -477.3 2383.9 0.9905413389 -0.1371837854 0.0029062647 0.1368788034 0.9864149094 -0.0908287019 0.0095934421 0.0903673917 0.9958623052
-156.1 -300.6 3129.2 0 0 0 0 0 0 0 0 0
76.4 -374.3 2800.3 0 0 0 0 0 0 0 0 0
-206.0 -816.2 2394.8 0 0 0 0 0 0 0 0 0
132.8 -854.2 2349.4 0 0 0 0 0 0 0 0 0
44.0 -0.1 3180.2 3 0.9926890135 0.1026786491 0.0634479150 -0.0505218916 0.8308737874 -0.5541626811 -0.1096178889 0.5469056964 0.8299868107
22.6 -173.6 3066.0 0.9926890135 0.1026786491 0.0634479150 -0.0505218916 0.8308737874 -0.5541626811 -0.1096178889 0.5469056964 0.8299868107
1.4 -332.5 2948.5 0.9926873446 0.1060028002 0.0577517636 -0.0505349450 0.7994055152 -0.5986626744 -0.1096270010 0.5913664103 0.7989165783
-122.4 -166.2 3082.0 -0.0469124950 -0.9646162391 0.2594509125 0.5966726542 0.1812472641 0.7817488313 -0.8011123538 0.1914810538 0.5670573115
-105.0 -387.5 3379.0 0.1978321224 -0.9525349140 -0.2313865125 -0.3320688307 0.1569698900 -0.9301025271 0.9222758412 0.2608403862 -0.2852534652
167.5 -181.0 3050.0 0.4433250725 0.5493748784 0.7082726359 -0.8258098364 0.5575987101 0.0843905210 -0.3485698700 -0.6223109365 0.7008767128
279.0 -388.7 2962.3 -0.7705782056 0.5493748784 0.3231044114 0.0501017086 0.5575987101 -0.8285973072 -0.6353731155 -0.6223109365 -0.4571980536
-110.0 -487.0 2834.5 0.9853447080 0.1203074455 -0.1209209412 -0.1156442836 -0.0499407947 -0.9920344353 -0.1253880113 0.9914796948 -0.0352960303
-162.5 -465.2 2402.4 0.9853447080 0.1188944876 0.1223104894 -0.1156442836 0.9927302003 -0.0333631486 -0.1253880113 0.0187296942 0.9919309616
72.0 -495.9 2813.9 0.9913728237 -0.0209235735 0.1293913871 0.1284344047 -0.0419799909 -0.9908291101 0.0261635352 0.9988993406 -0.0389305130
81.1 -477.7 2380.4 0.9913728237 -0.1299409866 -0.0171833299 0.1284344047 0.9892063141 -0.0705372244 0.0261635352 0.0677217543 0.9973611236
-157.2 -299.8 3135.4 0 0 0 0 0 0 0 0 0
78.8 -375.7 2797.2 0 0 0 0 0 0 0 0 0
-204.5 -815.9 2395.7 0 0 0 0 0 0 0 0 0
130.7 -855.6 2354.6 0 0 0 0 0 0 0 0 0
38.2 -0.0 3183.5 4 0.9930796027 0.0686640143 0.0952795222 -0.0100002196 0.8577730656 -0.5139312744 -0.1170167923 0.5094218254 0.8525235653
22.3 -197.6 3066.1 0.9930796027 0.0686640143 0.0952795222 -0.0100002196 0.8577730656 -0.5139312744 -0.1170167923 0.5094218254 0.8525235653
-6.1 -344.5 2935.9 0.9869180322 0.1429484636 0.0745555162 -0.0565184541 0.7398509383 -0.6703926325 -0.1509915590 0.6574088335 0.7382514477
-121.8 -189.2 3088.5 -0.0638435334 -0.9533478022 0.2950457931 0.6684352756 0.1786802858 0.7219886780 -0.7410251498 0.2433133274 0.6258437037
-98.1 -437.1 3363.3 0.2242170423 -0.9392660856 -0.2598190010 -0.4185916781 0.1479388177 -0.8960441351 0.8800612092 0.3096664548 -0.3599985540
166.4 -206.1 3043.8 0.4913004637 0.5390524864 0.6841390729 -0.7945137024 0.5992167592 0.0984238982 -0.3568919599 -0.5919135809 0.7226800323
279.1 -388.2 2961.9 -0.7626219988 0.5390524864 0.3575333953 0.0489202440 0.5992167592 -0.7990907431 -0.6449918747 -0.5919135809 -0.4833464622
-112.3 -486.6 2838.2 0.9851976633 0.1034385115 -0.1366967857 -0.1324594766 -0.0468133651 -0.9900823236 -0.1088118777 0.9935336113 -0.0324190073
-157.8 -466.0 2401.6 0.9851976633 0.1343982071 0.1064080000 -0.1324594766 0.9908701777 -0.0251146611 -0.1088118777 0.0106481584 0.9940053225
66.8 -495.9 2811.2 0.9903516173 -0.0290531404 0.1354974359 0.1342102587 -0.0424403921 -0.9900436401 0.0345144421 0.9986764789 -0.0381316803
79.3 -477.6 2380.8 0.9903516173 -0.1365216374 -0.0237799380 0.1342102587 0.9876549840 -0.0807789043 0.0345144421 0.0768080056 0.9964483380
-157.3 -326.5 3130.8 0 0 0 0 0 0 0 0 0
80.9 -375.5 2794.4 0 0 0 0 0 0 0 0 0
-205.1 -815.0 2397.8 0 0 0 0 0 0 0 0 0
131.4 -854.9 2351.4 0 0 0 0 0 0 0 0 0
37.7 3.3 3184.1 5 0.9933798909 0.0715489239 0.0898730755 -0.0141273858 0.8525015712 -0.5225337148 -0.1140036657 0.5178048015 0.8478687406
21.9 -185.0 3069.8 0.9933798909 0.0715489239 0.0898730755 -0.0141273858 0.8525015712 -0.5225337148 -0.1140036657 0.5178048015 0.8478687406
-1.2 -340.0 2948.4 0.9901830554 0.1157003865 0.0784279555 -0.0420250222 0.7815611362 -0.6224114895 -0.1333094984 0.6130053997 0.7787508965
-122.7 -178.6 3089.6 -0.0676320642 -0.9608634114 0.2686398327 0.6205454469 0.1703273058 0.7654488683 -0.7812485099 0.2184721082 0.5847398639
-97.6 -408.7 3379.3 0.2200509012 -0.9471135736 -0.2335668802 -0.3589760065 0.1440115571 -0.9221696854 0.9070357084 0.2867691815 -0.3083011806
166.4 -191.3 3050.0 0.4567601681 0.5582872033 0.6925933361 -0.8081255555 0.5858753324 0.0606890544 -0.3718914688 -0.5874227285 0.7187706828
276.8 -386.7 2960.1 -0.7441497445 0.5582872033 0.3668195605 0.0405676514 0.5858753324 -0.8093851805 -0.6667799354 -0.5874227285 -0.4586273730
-120.9 -487.4 2827.2 0.9860964417 0.0826054141 -0.1441881061 -0.1404644698 -0.0492726378 -0.9888588786 -0.0887896270 0.9953635335 -0.0369844437
-155.7 -466.6 2406.9 0.9860964417 0.1428945959 0.0848233476 -0.1404644698 0.9895021319 -0.0339883044 -0.0887896270 0.0216010790 0.9958161712
60.9 -496.9 2802.1 0.9912794828 -0.0500993542 0.1218813434 0.1197165772 -0.0441609211 -0.9918254614 0.0550722070 0.9977674484 -0.0377780944
82.3 -478.0 2376.8 0.9912794828 -0.1231712773 -0.0468384884 0.1197165772 0.9902992249 -0.0705366507 0.0550722070 0.0643141866 0.9964089394
-155.7 -313.9 3139.7 0 0 0 0 0 0 0 0 0
83.5 -376.1 2786.9 0 0 0 0 0 0 0 0 0
-206.0 -814.6 2399.3 0 0 0 0 0 0 0 0 0
129.3 -856.4 2352.2 0 0 0 0 0 0 0 0 0
39.6 3.0 3172.4 6 0.9931675196 0.0839037150 0.0811077580 -0.0305342637 0.8576517105 -0.5133236647 -0.1126319766 0.5073397756 0.8543537855
21.6 -180.7 3063.8 0.9931675196 0.0839037150 0.0811077580 -0.0305342637 0.8576517105 -0.5133236647 -0.1126319766 0.5073397756 0.8543537855
-0.3 -341.5 2949.6 0.9912450314 0.1101474389 0.0728065446 -0.0470547639 0.8099129796 -0.5846595168 -0.1233657226 0.5761150122 0.8080052137
-123.1 -173.7 3082.0 -0.0619895495 -0.9627147913 0.2633202374 0.5826907158 0.1792903244 0.7926704884 -0.8103263378 0.2025715560 0.5498508215
-100.1 -389.7 3382.5 0.2131752223 -0.9494831562 -0.2302998900 -0.3152553737 0.1562622637 -0.9360535145 0.9247542024 0.2721467018 -0.2660184205
166.4 -187.8 3045.6 0.4484921992 0.5744429231 0.6847409010 -0.8225685954 0.5649606586 0.0648098439 -0.3496221304 -0.5923130512 0.7258991599
274.1 -385.3 2961.6 -0.7313539982 0.5744429231 0.3676094115 0.0292710345 0.5649606586 -0.8245984912 -0.6813696027 -0.5923130512 -0.4300007820
-112.8 -491.8 2843.2 0.9852963090 0.0999378860 -0.1385769546 -0.1335399300 -0.0554750189 -0.9894895554 -0.1065750495 0.9934459925 -0.0413136370
-156.6 -467.5 2408.5 0.9852963090 0.1375695318 0.1013201699 -0.1335399300 0.9899953604 -0.0455664508 -0.1065750495 0.0313661657 0.9938098192
69.1 -498.9 2819.9 0.9924920797 -0.0320218280 0.1180424392 0.1165743098 -0.0443881750 -0.9921895862 0.0370114110 0.9985010028 -0.0403219908
83.2 -479.4 2380.5 0.9924920797 -0.1193280369 -0.0268371664 0.1165743098 0.9893051982 -0.0876681134 0.0370114110 0.0838813856 0.9957881570
-156.4 -306.4 3138.2 0 0 0 0 0 0 0 0 0
84.1 -377.7 2784.6 0 0 0 0 0 0 0 0 0
-204.9 -815.2 2397.5 0 0 0 0 0 0 0 0 0
128.8 -857.3 2348.4 0 0 0 0 0 0 0 0 0
39.3 3.9 3179.6 7 0.9941233397 0.0838577002 0.0684590936 -0.0346925929 0.8458389640 -0.5323089957 -0.1025435776 0.5268058181 0.8437774777
21.6 -174.7 3068.3 0.9941233397 0.0838577002 0.0684590936 -0.0346925929 0.8458389640 -0.5323089957 -0.1025435776 0.5268058181 0.8437774777
1.7 -335.3 2953.2 0.9930320382 0.0999856368 0.0623721145 -0.0445119478 0.8083063960 -0.5870770812 -0.1091150567 0.5802100301 0.8071246743
-123.4 -168.2 3084.3 -0.0515182577 -0.9659464955 0.2535611093 0.5851391554 0.1765554845 0.7914798260 -0.8092948198 0.1891441941 0.5561172366
-104.3 -385.1 3384.4 0.2004357576 -0.9536745548 -0.2243441492 -0.3177433908 0.1533341408 -0.9356964231 0.9267495275 0.2588308752 -0.2722901404
166.6 -181.3 3052.3 0.4458807111 0.5447177887 0.7102625966 -0.8141416311 0.5765625834 0.0689127594 -0.3719728291 -0.6089811921 0.7005555630
276.3 -381.6 2960.8 -0.7583078742 0.5447177887 0.3581224680 0.0285337046 0.5765625834 -0.8165546060 -0.6512718201 -0.6089811921 -0.4527547657
-112.1 -498.1 2848.7 0.9853579402 0.1056356505 -0.1338312477 -0.1261446178 -0.0763974860 -0.9890657067 -0.1147049665 0.9914658666 -0.0619535036
-158.8 -464.3 2410.5 0.9853579402 0.1311084777 0.1089966074 -0.1261446178 0.9906854033 -0.0512828566 -0.1147049665 0.0367826372 0.9927183986
69.9 -506.4 2826.7 0.9914286137 -0.0277814232 0.1276617199 0.1257775575 -0.0613953471 -0.9901568890 0.0353458039 0.9977267981 -0.0573748238
82.4 -478.8 2378.2 0.9914286137 -0.1281403303 -0.0254828967 0.1257775575 0.9888937473 -0.0791782439 0.0353458039 0.0752943978 0.9965347052
-157.2 -301.2 3139.6 0 0 0 0 0 0 0 0 0
79.5 -374.2 2791.7 0 0 0 0 0 0 0 0 0
-205.2 -815.2 2397.5 0 0 0 0 0 0 0 0 0
131.3 -856.6 2349.4 0 0 0 0 0 0 0 0 0
41.8 3.7 3183.2 8 0.9938902855 0.0851406977 0.0702364072 -0.0335596204 0.8393438458 -0.5425639153 -0.1051467732 0.5368919373 0.8370730281
24.0 -172.2 3070.6 0.9938902855 0.0851406977 0.0702364072 -0.0335596204 0.8393438458 -0.5425639153 -0.1051467732 0.5368919373 0.8370730281
4.5 -332.6 2955.1 0.9931149483 0.0973706245 0.0651283711 -0.0405553617 0.8073691130 -0.5886513591 -0.1098999828 0.5819571018 0.8057591915
-121.0 -166.3 3086.7 -0.0542688668 -0.9664669633 0.2509910166 0.5867588520 0.1725191176 0.7911707759 -0.8079411983 0.1902071387 0.5577206016
-100.9 -383.8 3386.3 0.2022684366 -0.9540597200 -0.2210373282 -0.3190729618 0.1491873115 -0.9359143376 0.9258941412 0.2598329484 -0.2742387652
169.0 -178.2 3054.6 0.4303823113 0.5451964736 0.7193968892 -0.8256215453 0.5599152446 0.0695987120 -0.3648563325 -0.6239036322 0.6911035776
277.4 -386.3 2962.6 -0.7752050757 0.5451964736 0.3190892339 0.0534479395 0.5599152446 -0.8268241882 -0.6294445395 -0.6239036322 -0.4631887674
-108.7 -491.8 2849.1 0.9848685265 0.1159580797 -0.1287931204 -0.1221015379 -0.0630993396 -0.9905098081 -0.1229843721 0.9912477732 -0.0479858965
-160.7 -463.5 2404.3 0.9848685265 0.1260067672 0.1189799905 -0.1221015379 0.9917277098 -0.0395901203 -0.1229843721 0.0244634263 0.9921070337
73.5 -499.8 2829.4 0.9916015863 -0.0189168528 0.1279391497 0.1268908828 -0.0489171557 -0.9907097816 0.0249995291 0.9986236691 -0.0461059548
82.0 -477.9 2382.1 0.9916015863 -0.1285890490 -0.0138249975 0.1268908828 0.9879882336 -0.0881925449 0.0249995291 0.0856975988 0.9960075021
-154.3 -299.5 3141.7 0 0 0 0 0 0 0 0 0
76.2 -372.4 2799.3 0 0 0 0 0 0 0 0 0
-205.4 -814.7 2395.6 0 0 0 0 0 0 0 0 0
131.1 -855.4 2349.3 0 0 0 0 0 0 0 0 0
41.1 6.9 3186.5 9 0.9972014427 0.0693478808 -0.0279319528 -0.0735191703 0.8417803049 -0.5347905159 -0.0135740209 0.5353474021 0.8445228934
26.4 -170.7 3073.5 0.9972014427 0.0693478808 -0.0279319528 -0.0735191703 0.8417803049 -0.5347905159 -0.0135740209 0.5353474021 0.8445228934
11.8 -332.4 2959.1 0.9966940880 0.0748833045 -0.0315173790 -0.0793418661 0.8136310577 -0.5759421587 -0.0174849350 0.5765388012 0.8168826699
-118.8 -159.1 3076.2 0.0424496494 -0.9724213481 0.2293354273 0.5736089945 0.2116623074 0.7913101315 -0.8180285692 0.0979580209 0.5667746663
-134.5 -371.8 3379.5 0.1043749675 -0.9673361778 -0.2310120016 -0.3094989359 0.1891538501 -0.9318965673 0.9451541305 0.1687646508 -0.2796465755
171.6 -182.2 3070.9 0.4164426923 0.5310605764 0.7379363775 -0.8064821362 0.5904878378 0.0301771071 -0.4197165966 -0.6076995730 0.6741952300
278.1 -388.4 2963.6 -0.7793385386 0.5310605764 0.3325749040 0.0588922016 0.5904878378 -0.8048949242 -0.6238294244 -0.6076995730 -0.4914652705
-105.6 -489.3 2850.1 0.9835460186 0.1131557897 -0.1408296973 -0.1348659098 -0.0587732159 -0.9891192317 -0.1202015877 0.9918374419 -0.0425453000
-156.8 -462.7 2401.5 0.9835460186 0.1372852176 0.1174308583 -0.1348659098 0.9904583693 -0.0283439495 -0.1202015877 0.0120401578 0.9926764965
76.6 -496.7 2830.1 0.9906274080 -0.0093164910 0.1362736523 0.1357096434 -0.0460692421 -0.9896769524 0.0154983411 0.9988948107 -0.0443731174
80.7 -476.2 2385.7 0.9906274080 -0.1365779042 -0.0019440583 0.1357096434 0.9857451916 -0.0994450301 0.0154983411 0.0982491449 0.9950411320
-162.1 -290.1 3129.8 0 0 0 0 0 0 0 0 0
75.7 -373.1 2801.5 0 0 0 0 0 0 0 0 0
-205.3 -812.9 2397.2 0 0 0 0 0 0 0 0 0
132.9 -852.8 2348.1 0 0 0 0 0 0 0 0 0
40.8 6.5 3186.6 0 0.9972795844 0.0731424838 0.0091426335 -0.0559364147 0.8317234516 -0.5523651242 -0.0480054989 0.5503510833 0.8335521221
25.5 -168.1 3071.1 0.9972795844 0.0731424838 0.0091426335 -0.0559364147 0.8317234516 -0.5523651242 -0.0480054989 0.5503510833 0.8335521221
9.4 -328.1 2954.3 0.9966495037 0.0816032961 0.0055419612 -0.0625995994 0.8046495914 -0.5904407501 -0.0526412502 0.5881155729 0.8070619702
-119.9 -159.1 3078.8 0.0053804591 -0.9717462659 0.2359667271 0.5883081555 0.1938887089 0.7850481868 -0.8086189032 0.1345972419 0.5727294683
-121.9 -377.2 3378.6 0.1414889395 -0.9638894796 -0.2256056964 -0.3240562379 0.1702444553 -0.9305935502 0.9353975058 0.2047776282 -0.2882666886
170.8 -177.2 3063.4 0.4194428921 0.5352706909 0.7331800461 -0.8197755218 0.5702591538 0.0526555441 -0.3899176717 -0.6231290102 0.6779929399
279.0 -388.7 2962.8 -0.7853980660 0.5352706909 0.3108619452 0.0645145401 0.5702591538 -0.8189275861 -0.6156197786 -0.6231290102 -0.4824132025
-94.0 -486.9 2846.6 0.9807957411 0.1401797533 -0.1356073469 -0.1293885112 -0.0526063815 -0.9901975393 -0.1459394544 0.9887275696 -0.0334584676
-156.8 -463.4 2403.5 0.9807957411 0.1344682723 0.1412727833 -0.1293885112 0.9905909300 -0.0445898809 -0.1459394544 0.0254544895 0.9889659882
87.9 -501.3 2843.6 0.9907890558 0.0165472161 0.1343994588 0.1351395249 -0.0576328672 -0.9891490340 -0.0086218370 0.9982007146 -0.0593381971
80.3 -474.7 2382.1 0.9907890558 -0.1342376173 0.0178125314 0.1351395249 0.9885622263 -0.0669481456 -0.0086218370 0.0687386692 0.9975974560
-159.2 -291.6 3131.6 0 0 0 0 0 0 0 0 0
75.0 -371.9 2802.9 0 0 0 0 0 0 0 0 0
-204.3 -812.7 2394.5 0 0 0 0 0 0 0 0 0
131.5 -852.3 2355.9 0 0 0 0 0 0 0 0 0
40.3 6.5 3186.7 1 0.9966281056 0.0740287900 0.0353865325 -0.0416589975 0.8280797005 -0.5590603948 -0.0706894323 0.5557011366 0.8283714652
24.8 -166.9 3070.3 0.9966281056 0.0740287900 0.0353865325 -0.0416589975 0.8280797005 -0.5590603948 -0.0706894323 0.5557011366 0.8283714652
8.5 -326.1 2952.5 0.9961175919 0.0821046680 0.0317578651 -0.0469851121 0.8009239435 -0.5969197750 -0.0744455382 0.5931101441 0.8016721606
-120.5 -160.1 3081.2 -0.0208405666 -0.9714373350 0.2363793552 0.5949665904 0.1779581457 0.7838020325 -0.8034802079 0.1569727063 0.5742639899
-112.8 -380.7 3379.1 0.1664078236 -0.9617201090 -0.2177221030 -0.3295634687 0.1538586020 -0.9315124750 0.9293526411 0.2267642021 -0.2913445532
170.1 -173.7 3059.4 0.4176802635 0.5418577790 0.7293376327 -0.8309707046 0.5524537563 0.0654411912 -0.3674654663 -0.6333916783 0.6810169816
279.0 -390.2 2963.7 -0.7933977842 0.5418577790 0.2773266435 0.0875554457 0.5524537563 -0.8289324045 -0.6023736000 -0.6333916783 -0.4857581854
-98.0 -482.3 2842.5 0.9812758565 0.1326604635 -0.1396382749 -0.1354541928 -0.0401024669 -0.9899716973 -0.1369299442 0.9903499484 -0.0213821661
-157.3 -464.4 2400.0 0.9812758565 0.1390529871 0.1332738250 -0.1354541928 0.9901386499 -0.0357444510 -0.1369299442 0.0170226675 0.9904344678
84.2 -493.7 2833.0 0.9917145967 0.0054079904 0.1283467114 0.1284606010 -0.0416966341 -0.9908376336 -0.0000068145 0.9991157055 -0.0420458764
81.8 -474.8 2380.3 0.9917145967 -0.1281684637 0.0086586569 0.1284606010 0.9894628525 -0.0667918250 -0.0000068145 0.0673507228 0.9977293611
-156.7 -293.7 3133.6 0 0 0 0 0 0 0 0 0
72.9 -367.5 2807.3 0 0 0 0 0 0 0 0 0
-206.4 -814.0 2394.0 0 0 0 0 0 0 0 0 0
130.8 -852.8 2354.6 0 0 0 0 0 0 0 0 0
41.7 5.1 3187.2 2 0.9962759614 0.0812023059 0.0289887246 -0.0512677580 0.8282256722 -0.5580446124 -0.0693237185 0.5544802547 0.8293044567
24.7 -168.8 3070.8 0.9962759614 0.0812023059 0.0289887246 -0.0512677580 0.8282256722 -0.5580446124 -0.0693237185 0.5544802547 0.8293044567
7.5 -329.2 2954.7 0.9959373474 0.0862440318 0.0258990210 -0.0545744672 0.8068609834 -0.5882151127 -0.0716269463 0.5844119787 0.8082897067
-120.7 -160.9 3081.2 -0.0149912974 -0.9705482125 0.2404399663 0.5861678720 0.1862818599 0.7884835601 -0.8100509048 0.1527585685 0.5661115646
-115.1 -378.2 3381.6 0.1620846391 -0.9611511827 -0.2234211564 -0.3203836977 0.1628905237 -0.9331778884 0.9333181977 0.2228343040 -0.2815350890
170.0 -176.8 3060.3 0.4169338644 0.5323241949 0.7367476821 -0.8220729232 0.5666409731 0.0558038466 -0.3877656758 -0.6289268136 0.6738611460
277.5 -388.8 2960.3 -0.7930088639 0.5323241949 0.2962565720 0.0737853423 0.5666409731 -0.8206544518 -0.6047253013 -0.6289268136 -0.4886290133
-99.0 -481.0 2841.6 0.9817715883 0.1381292194 -0.1305557936 -0.1261316836 -0.0403493643 -0.9911925793 -0.1421805024 0.9895919561 -0.0221913904
-160.0 -463.2 2404.4 0.9817715883 0.1303521097 0.1383214593 -0.1261316836 0.9912509322 -0.0388887040 -0.1421805024 0.0207331069 0.9896236062
83.4 -489.5 2828.0 0.9906156063 0.0069191945 0.1365023553 0.1366450340 -0.0283343643 -0.9902147651 -0.0029837808 0.9995745420 -0.0290139373
80.3 -476.9 2380.6 0.9906156063 -0.1362508386 0.0107925087 0.1366450340 0.9890108705 -0.0564409606 -0.0029837808 0.0573860407 0.9983475804
-158.0 -293.6 3135.0 0 0 0 0 0 0 0 0 0
71.5 -369.6 2803.3 0 0 0 0 0 0 0 0 0
-206.1 -814.0 2397.1 0 0 0 0 0 0 0 0 0
132.3 -854.7 2358.7 0 0 0 0 0 0 0 0 0
40.6 3.4 3187.5 3 0.9959937334 0.0832044631 0.0327651612 -0.0508535430 0.8284031749 -0.5578190684 -0.0735557973 0.5539180636 0.8293155432
23.2 -170.3 3071.4 0.9959937334 0.0832044631 0.0327651612 -0.0508535430 0.8284031749 -0.5578190684 -0.0735557973 0.5539180636 0.8293155432
5.8 -330.9 2955.7 0.9957441092 0.0872058645 0.0298129879 -0.0532510206 0.8084322214 -0.5861754417 -0.0752197206 0.5820931792 0.8096354008
-122.2 -162.5 3082.3 -0.0189088359 -0.9702514410 0.2413599491 0.5841403604 0.1851966679 0.7902418971 -0.8114323616 0.1559306383 0.5632611513
-115.2 -379.1 3383.2 0.1660591215 -0.9605569243 -0.2230577916 -0.3178309500 0.1619928181 -0.9342064857 0.9334923029 0.2260281742 -0.2783943415
168.6 -178.0 3060.4 0.4272391796 0.5280996561 0.7338783741 -0.8194341660 0.5691899061 0.0674572363 -0.3820919991 -0.6301853657 0.6759231091
278.3 -388.5 2962.3 -0.7985410690 0.5280996561 0.2888649106 0.0804234371 0.5691899061 -0.8182633519 -0.5965436101 -0.6301853657 -0.4969930947
-100.9 -484.5 2845.2 0.9823201299 0.1321402937 -0.1326124221 -0.1275061518 -0.0464204699 -0.9907509089 -0.1370740533 0.9901434779 -0.0287510604
-159.5 -464.0 2406.2 0.9823201299 0.1317785680 0.1329718828 -0.1275061518 0.9910233021 -0.0401872620 -0.1370740533 0.0225220248 0.9903047085
81.6 -494.5 2832.1 0.9904163480 0.0029616130 0.1380823255 0.1380996704 -0.0356821194 -0.9897753596 0.0019957386 0.9993587732 -0.0357491523
80.2 -478.3 2378.0 0.9904163480 -0.1380346715 0.0046829036 0.1380996704 0.9892535806 -0.0480192229 0.0019957386 0.0482057333 0.9988354445
-159.0 -295.2 3136.6 0 0 0 0 0 0 0 0 0
70.8 -367.6 2807.3 0 0 0 0 0 0 0 0 0
-206.4 -816.5 2398.2 0 0 0 0 0 0 0 0 0
133.0 -856.3 2359.6 0 0 0 0 0 0 0 0 0
40.6 5.0 3187.1 4 0.9948123097 0.0754113048 0.0682758987 -0.0254182667 0.8341431618 -0.5509619713 -0.0985006317 0.5463683009 0.8317327499
24.9 -169.4 3072.9 0.9948123097 0.0754113048 0.0682758987 -0.0254182667 0.8341431618 -0.5509619713 -0.0985006317 0.5463683009 0.8317327499
8.6 -330.1 2957.3 0.9945272207 0.0819421783 0.0648153871 -0.0283950567 0.8090175390 -0.5870983005 -0.1005448923 0.5820447803 0.8069167137
-120.3 -165.2 3087.6 -0.0539133698 -0.9702633023 0.2359713316 0.5853379965 0.1607477218 0.7946946621 -0.8089948893 0.1809676588 0.5592655540
-100.3 -382.3 3387.5 0.1974876374 -0.9582234025 -0.2068974078 -0.3157434165 0.1376316547 -0.9388096929 0.9280650616 0.2507297993 -0.2753721774
170.0 -173.5 3058.3 0.4178557694 0.5374321938 0.7325047255 -0.8316193223 0.5508896708 0.0702126175 -0.3657948077 -0.6385038495 0.6771314144
278.5 -389.4 2963.3 -0.7944762707 0.5374321938 0.2827968895 0.0768461004 0.5508896708 -0.8310326338 -0.6024135947 -0.6385038495 -0.4789683521
-102.8 -486.7 2847.0 0.9824949503 0.1250350028 -0.1380939186 -0.1324989051 -0.0520494319 -0.9898155928 -0.1309493035 0.9907860756 -0.0345713012
-158.3 -463.6 2407.2 0.9824949503 0.1370626241 0.1261646450 -0.1324989051 0.9902095795 -0.0439205095 -0.1309493035 0.0264350027 0.9910365343
79.7 -496.4 2833.2 0.9915463328 -0.0025998026 0.1297269017 0.1295056492 -0.0418685116 -0.9906943440 0.0080070822 0.9991197586 -0.0411778800
80.9 -477.3 2375.4 0.9915463328 -0.1297443360 -0.0014943841 0.1295056492 0.9903016686 -0.0503080972 0.0080070822 0.0496892780 0.9987326264
-152.4 -298.9 3142.4 0 0 0 0 0 0 0 0 0
72.1 -369.4 2806.8 0 0 0 0 0 0 0 0 0
-206.8 -814.1 2397.8 0 0 0 0 0 0 0 0 0
130.5 -855.7 2356.4 0 0 0 0 0 0 0 0 0
41.4 5.7 3186.9 5 0.9947279692 0.0707343668 0.0742494091 -0.0183531418 0.8351427317 -0.5497270226 -0.1008934453 0.5454661250 0.8320379853
26.6 -169.1 3072.8 0.9947279692 0.0707343668 0.0742494091 -0.0183531418 0.8351427317 -0.5497270226 -0.1008934453 0.5454661250 0.8320379853
11.0 -330.4 2957.7 0.9943789840 0.0784111172 0.0711482689 -0.0222054217 0.8114752769 -0.5839647055 -0.1035243869 0.5791023374 0.8086551428
-118.6 -165.9 3087.8 -0.0602413565 -0.9707384706 0.2324603945 0.5822690725 0.1549820155 0.7980872989 -0.8107612133 0.1834323555 0.5558946133
-96.2 -381.8 3388.5 0.2024059892 -0.9583328366 -0.2015688419 -0.3113425672 0.1321783513 -0.9410604239 0.9284921288 0.2532332242 -0.2716161013
171.7 -172.4 3057.7 0.4278246462 0.5457851291 0.7204752564 -0.8378199339 0.5385555029 0.0895303860 -0.3391515911 -0.6419318914 0.6876770258
279.7 -383.8 2972.1 -0.7808437943 0.5457851291 0.3039761186 0.0489744060 0.5385555029 -0.8411655426 -0.6228036880 -0.6419318914 -0.4472572505
-98.8 -488.3 2850.9 0.9811863303 0.1274086535 -0.1450530887 -0.1393858939 -0.0523712561 -0.9888522625 -0.1335849613 0.9904667139 -0.0336269923
-155.8 -464.9 2407.8 0.9811863303 0.1442241520 0.1283462495 -0.1393858939 0.9891709685 -0.0459601581 -0.1335849613 0.0272058230 0.9906638861
83.4 -493.5 2832.4 0.9927840829 0.0025171416 0.1198893487 0.1199056655 -0.0338147134 -0.9922092557 0.0015564928 0.9994249344 -0.0338725299
82.3 -478.2 2379.0 0.9927840829 -0.1198376566 0.0043275622 0.1199056655 0.9915853739 -0.0487963520 0.0015564928 0.0489631370 0.9987993836
-149.7 -299.6 3143.2 0 0 0 0 0 0 0 0 0
77.0 -371.1 2810.4 0 0 0 0 0 0 0 0 0
-207.0 -815.8 2398.1 0 0 0 0 0 0 0 0 0
128.1 -857.1 2360.3 0 0 0 0 0 0 0 0 0
42.9 6.0 3186.9 6 0.9972811937 0.0713304505 -0.0184988715 -0.0699692741 0.8378399014 -0.5414135456 -0.0231201779 0.5412358642 0.8405529261
27.9 -170.8 3072.6 0.9972811937 0.0713304505 -0.0184988715 -0.0699692741 0.8378399014 -0.5414135456 -0.0231201779 0.5412358642 0.8405529261
13.2 -332.7 2958.4 0.9969483018 0.0750460252 -0.0214980152 -0.0737271607 0.8146330714 -0.5752714276 -0.0256588422 0.5751008987 0.8176800013
-117.4 -160.1 3076.3 0.0324334577 -0.9727596641 0.2295358926 0.5729988813 0.2062652558 0.7931752205 -0.8189141154 0.1057984009 0.5640801191
-129.4 -372.6 3380.0 0.1139412001 -0.9669615626 -0.2280412167 -0.3079329729 0.1838586479 -0.9334737659 0.9445605874 0.1765825301 -0.2768102884
173.1 -181.5 3068.9 0.4179144204 0.5046769381 0.7554129362 -0.8054176569 0.5905029774 0.0510746278 -0.4202974141 -0.6297677755 0.6532554030
278.4 -384.3 2963.1 -0.8041183352 0.5046769381 0.3141574860 0.0560734719 0.5905029774 -0.8050851226 -0.5918188095 -0.6297677755 -0.5031332374
-95.8 -489.6 2852.1 0.9802708030 0.1333100796 -0.1459366977 -0.1398043036 -0.0543085411 -0.9886887074 -0.1397277862 0.9895852804 -0.0345997550
-155.5 -465.3 2409.1 0.9802708030 0.1452245414 0.1340855360 -0.1398043036 0.9889639616 -0.0490414836 -0.1397277862 0.0293282028 0.9897555113
86.5 -493.7 2833.1 0.9915394187 0.0141995260 0.1290268898 0.1294552833 -0.0351660475 -0.9909614921 -0.0095338179 0.9992806315 -0.0367067270
80.1 -477.7 2379.2 0.9915394187 -0.1288835257 0.0154466480 0.1294552833 0.9905750751 -0.0447477400 -0.0095338179 0.0463688001 0.9988788962
-159.5 -291.2 3130.5 0 0 0 0 0 0 0 0 0
69.6 -369.8 2809.5 0 0 0 0 0 0 0 0 0
-207.4 -819.2 2398.6 0 0 0 0 0 0 0 0 0
129.3 -856.2 2361.4 0 0 0 0 0 0 0 0 0
41.4 4.8 3186.8 7 0.9978532195 0.0654806718 0.0011077225 -0.0541416109 0.8343387246 -0.5485869050 -0.0368460566 0.5473492742 0.8360927701
27.6 -170.0 3072.2 0.9978532195 0.0654806718 0.0011077225 -0.0541416109 0.8343387246 -0.5485869050 -0.0368460566 0.5473492742 0.8360927701
13.5 -331.2 2956.9 0.9974294305 0.0716366544 -0.0016454126 -0.0592277348 0.8112950921 -0.5816290975 -0.0403310470 0.5802314281 0.8134524822
-117.8 -161.4 3078.0 0.0125933839 -0.9739893675 0.2262434363 0.5795229077 0.1914951056 0.7921381593 -0.8148586750 0.1211375445 0.5668607354
-122.5 -376.3 3380.1 0.1317704618 -0.9668641090 -0.2186556458 -0.3133336008 0.1686443985 -0.9345486164 0.9404565692 0.1916580647 -0.2807286680
173.1 -178.6 3066.3 0.4296226501 0.5201355219 0.7381621599 -0.8163308501 0.5731744170 0.0712388828 -0.3860418200 -0.6331903934 0.6708514094
280.8 -383.2 2969.6 -0.7897973061 0.5201355219 0.3250833750 0.0406072475 0.5731744170 -0.8184266090 -0.6120222211 -0.6331903934 -0.4738129079
-92.8 -487.9 2846.4 0.9794149399 0.1469882131 -0.1383502334 -0.1321163625 -0.0514068604 -0.9899002910 -0.1526158303 0.9878014922 -0.0309290998
-158.0 -465.1 2407.8 0.9794149399 0.1373349279 0.1479372978 -0.1321163625 0.9902307987 -0.0445900261 -0.1526158303 0.0241272021 0.9879910350
89.3 -501.3 2841.8 0.9879987240 0.0307325087 0.1513736695 0.1528377384 -0.0527671799 -0.9868415594 -0.0223405547 0.9981338382 -0.0568309948
75.0 -476.9 2380.2 0.9879987240 -0.1512118131 0.0315192603 0.1528377384 0.9865537882 -0.0578981899 -0.0223405547 0.0620206706 0.9978247881
-157.3 -293.5 3131.7 0 0 0 0 0 0 0 0 0
75.7 -372.7 2810.7 0 0 0 0 0 0 0 0 0
-206.9 -817.1 2399.2 0 0 0 0 0 0 0 0 0
132.8 -853.8 2356.5 0 0 0 0 0 0 0 0 0
40.8 5.3 3186.8 8 0.9970573783 0.0650242120 0.0406003185 -0.0318674743 0.8332716227 -0.5519446731 -0.0697208568 0.5490266681 0.8328917623
27.2 -168.0 3072.6 0.9970573783 0.0650242120 0.0406003185 -0.0318674743 0.8332716227 -0.5519446731 -0.0697208568 0.5490266681 0.8328917623
13.0 -328.9 2956.8 0.9967064261 0.0717636347 0.0377655253 -0.0360823460 0.8095147014 -0.5859897733 -0.0726245046 0.5826970935 0.8094379306
-118.2 -162.8 3083.1 -0.0268233139 -0.9736983180 0.2262566090 0.5841433406 0.1684055924 0.7939874530 -0.8112071753 0.1534636617 0.5642622113
-108.2 -379.4 3383.9 0.1690515429 -0.9637901187 -0.2062285542 -0.3154054284 0.1453360617 -0.9377616048 0.9337778091 0.2235756516 -0.2794153392
172.6 -173.3 3062.0 0.4130835235 0.5131003857 0.7523894906 -0.8223239183 0.5651727915 0.0660536289 -0.3913379312 -0.6459935308 0.6553983092
278.6 -384.2 2961.6 -0.8050125837 0.5131003857 0.2977964580 0.0557483025 0.5651727915 -0.8230867386 -0.5906326175 -0.6459935308 -0.4835757017
-92.0 -487.1 2845.3 0.9787220359 0.1492524147 -0.1408081353 -0.1350812614 -0.0478888080 -0.9896765947 -0.1544547528 0.9876387715 -0.0267086253
-158.2 -465.8 2407.3 0.9787220359 0.1399894357 0.1500205845 -0.1350812614 0.9899237752 -0.0424733572 -0.1544547528 0.0213046409 0.9877701402
90.5 -497.9 2837.9 0.9897114635 0.0300244875 0.1398920715 0.1413801461 -0.0550538562 -0.9884233475 -0.0219753068 0.9980318546 -0.0587322973
76.9 -472.9 2385.8 0.9897114635 -0.1390513033 0.0337045230 0.1413801461 0.9866269827 -0.0811102390 -0.0219753068 0.0850408822 0.9961351156
-152.9 -296.1 3137.3 0 0 0 0 0 0 0 0 0
69.6 -369.8 2808.3 0 0 0 0 0 0 0 0 0
-207.7 -815.9 2399.8 0 0 0 0 0 0 0 0 0
130.0 -849.8 2353.3 0 0 0 0 0 0 0 0 0
42.7 4.3 3189.3 9 0.9959221482 0.0604474507 -0.0669712052 -0.0876634344 0.8237641454 -0.5601140857 0.0213110074 0.5637009740 0.8257039785
30.1 -168.0 3071.4 0.9959221482 0.0604474507 -0.0669712052 -0.0876634344 0.8237641454 -0.5601140857 0.0213110074 0.5637009740 0.8257039785
18.1 -328.0 2954.2 0.9956387281 0.0628294945 -0.0689635426 -0.0914078429 0.8048225045 -0.5864344239 0.0186580289 0.5901806355 0.8070555329
-114.7 -154.7 3068.7 0.0799027085 -0.9728370309 0.2172640264 0.5839819908 0.2223249227 0.7807282805 -0.8078246117 0.0644959658 0.5858836770
-144.4 -371.3 3368.2 0.0651663616 -0.9706790447 -0.2313773930 -0.3234382868 0.1988058388 -0.9251291156 0.9440026283 0.1351236105 -0.3009993434
174.9 -181.3 3074.1 0.4138782620 0.4919315279 0.7659687400 -0.7901247144 0.6120092273 0.0338771045 -0.4521147311 -0.6192318201 0.6419845819
279.8 -381.4 2959.6 -0.7993590832 0.4919315279 0.3450050056 0.0356492624 0.6120092273 -0.7900467515 -0.5997951627 -0.6192318201 -0.5067521334
-92.5 -486.5 2847.7 0.9792234302 0.1428433210 -0.1439349353 -0.1378585994 -0.0516130216 -0.9891062379 -0.1487161368 0.9883986712 -0.0308485013
-156.1 -463.5 2407.6 0.9792234302 0.1426269561 0.1441493481 -0.1378585994 0.9895355701 -0.0425952263 -0.1487161368 0.0218380168 0.9886387587
90.0 -493.1 2834.4 0.9901041985 0.0270022899 0.1377120018 0.1387279481 -0.0402760208 -0.9895111918 -0.0211725775 0.9988236427 -0.0436234288
77.8 -474.9 2384.1 0.9901041985 -0.1367241293 0.0316264965 0.1387279481 0.9875925779 -0.0735899061 -0.0211725775 0.0772491544 0.9967870116
-161.6 -285.8 3118.9 0 0 0 0 0 0 0 0 0
72.2 -372.1 2803.8 0 0 0 0 0 0 0 0 0
-207.0 -816.5 2399.8 0 0 0 0 0 0 0 0 0
130.0 -852.2 2354.6 0 0 0 0 0 0 0 0 0
42.9 3.8 3188.5 0 0.9975178838 0.0671714917 -0.0211187992 -0.0675095767 0.8271135092 -0.5579656363 -0.0200117417 0.5580064654 0.8295952678
29.0 -168.4 3072.3 0.9975178838 0.0671714917 -0.0211187992 -0.0675095767 0.8271135092 -0.5579656363 -0.0200117417 0.5580064654 0.8295952678
14.8 -328.3 2955.3 0.9970867634 0.0724581480 -0.0238275081 -0.0725471303 0.8044188619 -0.5896161199 -0.0235551950 0.5896270871 0.8073320389
-116.3 -157.9 3075.8 0.0347688459 -0.9732736349 0.2270012051 0.5873735547 0.2036687732 0.7832696438 -0.8085687160 0.1061011329 0.5787565708
-129.2 -375.7 3375.6 0.1109718457 -0.9676985741 -0.2263730913 -0.3244594336 0.1800216287 -0.9286109209 0.9393675327 0.1764985621 -0.2940016091
174.2 -179.0 3068.9 0.4379798174 0.5191441178 0.7339367270 -0.8076217771 0.5858157277 0.0675797313 -0.3948680460 -0.6223418117 0.6758475304
283.2 -380.0 2970.6 -0.7816643119 0.5191441178 0.3456736803 0.0309309810 0.5858157277 -0.8098537922 -0.6229318976 -0.6223418117 -0.4739688933
-85.0 -479.6 2835.3 0.9763017297 0.1650500894 -0.1399764568 -0.1360970736 -0.0346406400 -0.9900897145 -0.1682632565 0.9856766462 -0.0113568818
-156.6 -464.6 2408.3 0.9763017297 0.1432677805 0.1622013599 -0.1360970736 0.9891927242 -0.0545472167 -0.1682632565 0.0311794113 0.9852488637
96.4 -496.3 2838.7 0.9913402796 0.0341454744 0.1268009841 0.1281244755 -0.0398474336 -0.9909572601 -0.0287840124 0.9986221790 -0.0438772365
80.7 -478.0 2380.0 0.9913402796 -0.1258992106 0.0373335108 0.1281244755 0.9896366000 -0.0648343787 -0.0287840124 0.0690562725 0.9971974492
-158.5 -290.0 3127.5 0 0 0 0 0 0 0 0 0
80.2 -372.0 2808.9 0 0 0 0 0 0 0 0 0
-207.3 -814.6 2397.2 0 0 0 0 0 0 0 0 0
128.8 -856.1 2353.6 0 0 0 0 0 0 0 0 0
42.6 4.2 3188.1 1 0.9975633025 0.0695273876 0.0057750647 -0.0545656495 0.8291122913 -0.5564129949 -0.0434741229 0.5547420979 0.8308858275
28.1 -168.4 3072.6 0.9975633025 0.0695273876 0.0057750647 -0.0545656495 0.8291122913 -0.5564129949 -0.0434741229 0.5547420979 0.8308858275
13.4 -328.2 2955.4 0.9972070456 0.0746409148 0.0026202896 -0.0586009324 0.8036991954 -0.5921431184 -0.0463040322 0.5903357267 0.8058285117
-117.3 -159.9 3079.4 0.0083202533 -0.9733493328 0.2291763425 0.5900564790 0.1898101568 0.7847326994 -0.8073191047 0.1286978126 0.5759103894
-120.4 -378.7 3378.7 0.1366893798 -0.9658552408 -0.2200901061 -0.3255063593 0.1660463363 -0.9308459759 0.9356076121 0.1988774836 -0.2916952372
173.5 -177.0 3065.9 0.4244427383 0.5362876654 0.7295504808 -0.8159976006 0.5757564306 0.0515017770 -0.3924236298 -0.6171709895 0.6819850802
281.3 -384.3 2966.2 -0.7759420276 0.5362876654 0.3321286738 0.0485801622 0.5757564306 -0.8161767721 -0.6289307475 -0.6171709895 -0.4728065729
-90.6 -481.6 2840.4 0.9788604975 0.1542021334 -0.1343643516 -0.1302685887 -0.0364117026 -0.9908099174 -0.1576774269 0.9873681664 -0.0155542847
-158.1 -465.6 2407.8 0.9788604975 0.1374770701 0.1514335871 -0.1302685887 0.9898627996 -0.0565836653 -0.1576774269 0.0356604755 0.9868465662
91.5 -494.8 2836.0 0.9925622940 0.0192533545 0.1202058941 0.1209022999 -0.0403983258 -0.9918420315 -0.0142401690 0.9989981651 -0.0424256288
82.7 -476.5 2381.2 0.9925622940 -0.1196190417 0.0226149037 0.1209022999 0.9903200865 -0.0681816638 -0.0142401690 0.0704087391 0.9974165559
-156.5 -292.7 3131.6 0 0 0 0 0 0 0 0 0
79.8 -371.6 2802.8 0 0 0 0 0 0 0 0 0
-206.8 -815.8 2395.2 0 0 0 0 0 0 0 0 0
128.4 -854.9 2354.3 0 0 0 0 0 0 0 0 0
44.1 2.3 3188.5 2 0.9966062903 0.0771860555 0.0286036953 -0.0476998761 0.8247203827 -0.5635255575 -0.0670863613 0.5602487326 0.8256033063
28.0 -169.3 3071.9 0.9966062903 0.0771860555 0.0286036953 -0.0476998761 0.8247203827 -0.5635255575 -0.0670863613 0.5602487326 0.8256033063
11.7 -328.0 2953.5 0.9963092208 0.0820973963 0.0250581708 -0.0507275201 0.7986451983 -0.5996603966 -0.0692431405 0.5961760283 0.7998622060
-117.3 -161.9 3082.0 -0.0141391549 -0.9715524912 0.2364019752 0.5976694822 0.1813301742 0.7809677124 -0.8016179204 0.1523324698 0.5781033635
-112.1 -383.5 3379.2 0.1600822061 -0.9623076320 -0.2198584676 -0.3332640529 0.1569638252 -0.9296759963 0.9291440845 0.2220955044 -0.2955754101
173.4 -176.7 3061.8 0.4204068780 0.5362296700 0.7319260836 -0.8222849965 0.5661612749 0.0575218797 -0.3835432827 -0.6260344386 0.6789517403
280.5 -386.2 2964.0 -0.7758752704 0.5362296700 0.3323782086 0.0385562517 0.5661612749 -0.8233922720 -0.6297070384 -0.6260344386 -0.4599455595
-92.7 -482.5 2842.4 0.9796659946 0.1508985758 -0.1322278231 -0.1277250499 -0.0391950645 -0.9910348654 -0.1547284275 0.9877719283 -0.0191245414
-158.8 -465.4 2409.5 0.9796659946 0.1361112595 0.1474052370 -0.1277250499 0.9896786213 -0.0649808124 -0.1547284275 0.0448321514 0.9869393110
89.8 -493.3 2833.9 0.9933500886 0.0114389714 0.1145631447 0.1148853600 -0.0332774371 -0.9928212166 -0.0075444854 0.9993807077 -0.0343703143
84.6 -478.1 2379.3 0.9933500886 -0.1143076345 0.0137596773 0.1148853600 0.9919422865 -0.0534025617 -0.0075444854 0.0546282232 0.9984782338
-154.4 -295.5 3133.8 0 0 0 0 0 0 0 0 0
79.0 -376.2 2800.5 0 0 0 0 0 0 0 0 0
-206.9 -815.1 2393.7 0 0 0 0 0 0 0 0 0
128.3 -857.1 2358.5 0 0 0 0 0 0 0 0 0
42.7 -1.6 3187.6 3 0.9978341460 0.0635393932 0.0170211159 -0.0424691066 0.8198890090 -0.5709452033 -0.0502329394 0.5689857602 0.8208116889
29.5 -171.7 3069.5 0.9978341460 0.0635393932 0.0170211159 -0.0424691066 0.8198890090 -0.5709452033 -0.0502329394 0.5689857602 0.8208116889
15.6 -329.4 2949.5 0.9974582791 0.0698509961 0.0140643744 -0.0470155887 0.7935328484 -0.6067084670 -0.0535397343 0.6045051217 0.7947999835
-116.0 -164.9 3077.3 -0.0031119834 -0.9744727612 0.2244842798 0.6047671437 0.1769461632 0.7764964700 -0.7963962555 0.1381771564 0.5887784958
-114.9 -389.1 3372.6 0.1461142153 -0.9662784338 -0.2120299041 -0.3410612941 0.1519857496 -0.9276731610 0.9286161065 0.2078614384 -0.3073529005
175.1 -178.6 3061.7 0.4093125165 0.5388444066 0.7362811565 -0.8172138333 0.5753765106 0.0332175419 -0.4057397842 -0.6152955294 0.6758599281
278.4 -384.8 2959.3 -0.7661463618 0.5388444066 0.3502377272 0.0310507864 0.5753765106 -0.8172990680 -0.6419156194 -0.6152955294 -0.4575541317
-95.8 -482.1 2841.4 0.9805681109 0.1423750818 -0.1349650472 -0.1311352104 -0.0359918512 -0.9907109141 -0.1459101886 0.9891582131 -0.0166220758
-158.1 -466.3 2408.4 0.9805681109 0.1389477104 0.1384910047 -0.1311352104 0.9892920852 -0.0640682429 -0.1459101886 0.0446622297 0.9882891774
86.6 -491.4 2828.7 0.9923651814 0.0095892362 0.1229609102 0.1231724247 -0.0259991251 -0.9920446277 -0.0063160742 0.9996159673 -0.0269817561
82.3 -479.6 2377.0 0.9923651814 -0.1229747906 0.0094095441 0.1231724247 0.9920815825 -0.0245494302 -0.0063160742 0.0255209971 0.9996543527
-153.5 -299.0 3127.3 0 0 0 0 0 0 0 0 0
79.4 -376.8 2792.6 0 0 0 0 0 0 0 0 0
-207.3 -816.0 2392.6 0 0 0 0 0 0 0 0 0
129.3 -858.5 2367.3 0 0 0 0 0 0 0 0 0
42.5 -0.2 3187.2 4 0.9965373874 0.0687358901 0.0467822738 -0.0304983724 0.8256219029 -0.5633989573 -0.0773501918 0.5600213408 0.8248594403
28.2 -171.2 3071.2 0.9965373874 0.0687358901 0.0467822738 -0.0304983724 0.8256219029 -0.5633989573 -0.0773501918 0.5600213408 0.8248594403
13.3 -330.4 2953.2 0.9962025285 0.0752816051 0.0437406376 -0.0342807695 0.8009478450 -0.5977519155 -0.0800336897 0.5939825177 0.8004869819
-117.2 -166.2 3082.9 -0.0328097641 -0.9727193713 0.2296530753 0.5959396958 0.1654229760 0.7858060598 -0.8023586869 0.1626414955 0.5742545724
-105.0 -387.2 3380.4 0.1757123768 -0.9623113275 -0.2075621784 -0.3289207220 0.1413365304 -0.9337211251 0.9278665185 0.2323378623 -0.2916895449
173.6 -176.3 3059.5 0.4093823135 0.5629487634 0.7179796696 -0.8280574083 0.5596511364 0.0333395526 -0.3830496967 -0.6081770062 0.6952651739
