108.5 -14.5 2978.4 4 0.9897109270 0.0144219138 0.1423526555 0.0634576306 0.8474627137 -0.5270484686 -0.1282396168 0.5306589603 0.8378279209
105.6 -184.1 2872.2 0.9897109270 0.0144219138 0.1423526555 0.0634576306 0.8474627137 -0.5270484686 -0.1282396168 0.5306589603 0.8378279209
104.0 -344.1 2762.3 0.9898496270 0.0079836790 0.1418940872 0.0738080591 0.8243387341 -0.5612646937 -0.1214497462 0.5660405755 0.8153821230
-29.5 -194.1 2888.8 0.4295324981 -0.7830419540 -0.4498301148 0.9019494057 0.3965968788 0.1708746701 0.0445991866 -0.4791202545 0.8766154647
-129.8 -404.9 2878.4 0.1062310264 -0.7830419540 -0.6128297448 0.8442894220 0.3965968788 -0.3603974581 0.5252526999 -0.4791202545 0.7032449245
240.6 -174.0 2855.7 0.5710420012 0.6633486152 0.4836110473 -0.8129239678 0.3749102950 0.4456421435 0.1143053398 -0.6476193666 0.7533414960
381.5 -374.5 2883.8 -0.2602031231 0.6633486152 0.7016145587 -0.6958740950 0.3749102950 -0.6125369668 -0.6693680882 -0.6476193666 0.3640542626
12.9 -509.7 2659.5 0.9758865237 0.2171465605 -0.0221999157 -0.0169935618 -0.0258144699 -0.9995223284 -0.2176159173 0.9757975936 -0.0215019006
-84.7 -498.1 2221.0 0.9758865237 0.0326849073 0.2158174217 -0.0169935618 0.9971010685 -0.0741662458 -0.2176159173 0.0687103346 0.9736129642
191.4 -501.6 2645.1 0.9631457329 -0.2685803771 0.0146594821 0.0198642146 0.0166712888 -0.9996637106 0.2682456672 0.9631130099 0.0213920195
307.3 -508.8 2229.2 0.9631457329 -0.0408662446 -0.2658576071 0.0198642146 0.9964988232 -0.0812127739 0.2682456672 0.0729386806 0.9605853558
-156.8 -619.1 2745.1 0 0 0 0 0 0 0 0 0
315.5 -551.1 2714.0 0 0 0 0 0 0 0 0 0
-96.9 -870.3 2195.3 0 0 0 0 0 0 0 0 0
322.6 -880.4 2202.0 0 0 0 0 0 0 0 0 0
109.0 -17.0 2978.7 5 0.9928222895 0.0185027830 0.1181587502 0.0479808040 0.8433499336 -0.5352183580 -0.1095522046 0.5370460749 0.8364088535
105.3 -185.0 2871.7 0.9928222895 0.0185027830 0.1181587502 0.0479808040 0.8433499336 -0.5352183580 -0.1095522046 0.5370460749 0.8364088535
103.0 -343.9 2760.2 0.9930008054 0.0120280655 0.1174936220 0.0576962307 0.8186232448 -0.5714255571 -0.1030561477 0.5742049813 0.8121995330
-30.2 -192.9 2885.7 0.4364078343 -0.7798328996 -0.4487859309 0.8994213939 0.3915650249 0.1942112148 0.0242765751 -0.4884029627 0.8722804785
-132.7 -404.0 2880.0 0.0665814728 -0.7798328996 -0.6224367619 0.8276692033 0.3915650249 -0.4020454288 0.5572527051 -0.4884029627 0.6715146303
240.9 -177.2 2857.6 0.5548824668 0.6812775731 0.4774582088 -0.8237321973 0.3695591688 0.4299898744 0.1164933965 -0.6318915486 0.7662521601
377.8 -380.4 2886.3 -0.2600295842 0.6812775731 0.6842846870 -0.6847400665 0.3695591688 -0.6281377673 -0.6808198094 -0.6318915486 0.3704017103
13.9 -510.7 2663.3 0.9758390784 0.2164542973 -0.0297597889 -0.0252170991 -0.0237191841 -0.9994005561 -0.2170304209 0.9760046005 -0.0176877566
-84.7 -499.9 2218.9 0.9758390784 0.0351965576 0.2156369835 -0.0252170991 0.9984873533 -0.0488575138 -0.2170304209 0.0422393307 0.9752505422
191.0 -497.5 2641.6 0.9623470306 -0.2717478573 0.0064238845 0.0141745545 0.0265682619 -0.9995465279 0.2714539468 0.9620016813 0.0294197947
307.5 -508.9 2229.4 0.9623470306 -0.0376451984 -0.2692044079 0.0141745545 0.9959660769 -0.0886036828 0.2714539468 0.0814516395 0.9589986205
-149.5 -613.8 2738.8 0 0 0 0 0 0 0 0 0
311.8 -554.2 2713.5 0 0 0 0 0 0 0 0 0
-97.8 -872.5 2203.2 0 0 0 0 0 0 0 0 0
321.5 -880.4 2199.0 0 0 0 0 0 0 0 0 0
109.0 -14.9 2978.8 6 0.9918739796 0.0109204855 0.1267545968 0.0577337705 0.8491811752 -0.5249363780 -0.1133701801 0.5279887319 0.8416502476
106.8 -184.8 2873.2 0.9918739796 0.0109204855 0.1267545968 0.0577337705 0.8491811752 -0.5249363780 -0.1133701801 0.5279887319 0.8416502476
105.1 -344.0 2762.2 0.9919603467 0.0087519642 0.1262459904 0.0650636107 0.8203827739 -0.5681011081 -0.1085420325 0.5717477798 0.8132177591
-28.6 -193.7 2888.0 0.4475798905 -0.7291134596 -0.5177507401 0.8927943707 0.3972918987 0.2123144120 0.0508968905 -0.5572726130 0.8287681937
-133.2 -402.2 2876.1 0.0766760409 -0.7291134596 -0.6800841093 0.8565511107 0.3972918987 -0.3293620646 0.5103341937 -0.5572726130 0.6549856663
242.3 -175.9 2858.4 0.5619294047 0.6750205159 0.4781031609 -0.8189975023 0.3728995621 0.4361065924 0.1160964519 -0.6366264224 0.7623833418
381.0 -378.1 2887.0 -0.2584636807 0.6750205159 0.6910454631 -0.6886755228 0.3728995621 -0.6218295097 -0.6774382591 -0.6366264224 0.3684891164
11.8 -508.0 2658.0 0.9768837094 0.2112452388 -0.0327662155 -0.0294661075 -0.0187519584 -0.9993898869 -0.2117307782 0.9772531986 -0.0120939091
-83.1 -499.6 2219.1 0.9768837094 0.0417341255 0.2096579075 -0.0294661075 0.9976841807 -0.0613023192 -0.2117307782 0.0537074357 0.9758512378
189.6 -497.7 2639.5 0.9604637027 -0.2783921659 0.0027010231 0.0094589703 0.0229345746 -0.9996922016 0.2782445550 0.9601936340 0.0246611293
309.0 -507.5 2227.5 0.9604637027 -0.0290869474 -0.2768816352 0.0094589703 0.9973624349 -0.0719629899 0.2782445550 0.0664988235 0.9582055807
-152.6 -619.1 2746.9 0 0 0 0 0 0 0 0 0
315.4 -552.9 2715.1 0 0 0 0 0 0 0 0 0
-98.6 -871.9 2199.1 0 0 0 0 0 0 0 0 0
319.9 -879.7 2202.7 0 0 0 0 0 0 0 0 0
109.2 -12.4 2978.9 7 0.9880446792 0.0125427786 0.1536565721 0.0707526132 0.8486340642 -0.5242273211 -0.1369734704 0.5288316607 0.8376009464
106.7 -182.0 2873.2 0.9880446792 0.0125427786 0.1536565721 0.0707526132 0.8486340642 -0.5242273211 -0.1369734704 0.5288316607 0.8376009464
105.1 -341.7 2762.8 0.9881638288 0.0084555885 0.1531691551 0.0802317262 0.8225402236 -0.5630190372 -0.1307484508 0.5686440468 0.8121261001
-28.2 -193.0 2891.0 0.4388438761 -0.7504283190 -0.4942401648 0.8968073130 0.4001509249 0.1887216419 0.0561485924 -0.5260575414 0.8485934138
-131.8 -404.7 2877.8 0.0922478735 -0.7504283190 -0.6544827223 0.8515279293 0.4001509249 -0.3387911618 0.5161303878 -0.5260575414 0.6759237647
241.7 -171.1 2855.3 0.5771942139 0.6547895670 0.4879522622 -0.8096581101 0.3810943663 0.4463415742 0.1063039452 -0.6527003050 0.7501211762
384.1 -370.9 2881.6 -0.2624465525 0.6547895670 0.7087823749 -0.6951982379 0.3810943663 -0.6094805002 -0.6691944003 -0.6527003050 0.3551916778
14.6 -509.1 2660.9 0.9760879874 0.2150016576 -0.0320386961 -0.0280892141 -0.0214006193 -0.9993762970 -0.2155532092 0.9763791561 -0.0148496609
-82.6 -499.4 2219.6 0.9760879874 0.0430253148 0.2130751312 -0.0280892141 0.9969628453 -0.0726367831 -0.2155532092 0.0649147853 0.9743320346
192.3 -497.4 2641.5 0.9633868933 -0.2680191100 0.0071718241 0.0154638747 0.0288401525 -0.9994643927 0.2676687241 0.9629818201 0.0319288373
307.5 -509.8 2227.6 0.9633868933 -0.0346547961 -0.2658659816 0.0154638747 0.9971427917 -0.0739398301 0.2676687241 0.0671213493 0.9611701965
-155.2 -620.6 2746.9 0 0 0 0 0 0 0 0 0
317.5 -547.4 2711.7 0 0 0 0 0 0 0 0 0
-98.6 -871.5 2195.3 0 0 0 0 0 0 0 0 0
320.4 -882.0 2202.5 0 0 0 0 0 0 0 0 0
108.4 -12.4 2979.4 8 0.9925915003 0.0132267009 0.1207773238 0.0532257743 0.8462597728 -0.5301051140 -0.1092205271 0.5326063037 0.8392862678
105.8 -181.1 2873.3 0.9925915003 0.0132267009 0.1207773238 0.0532257743 0.8462597728 -0.5301051140 -0.1092205271 0.5326063037 0.8392862678
104.3 -340.6 2762.5 0.9927056432 0.0078208465 0.1203091517 0.0622704066 0.8212254047 -0.5671959519 -0.1032368839 0.5705503225 0.8147481084
-29.7 -189.6 2887.3 0.4357794523 -0.7691006064 -0.4675259888 0.8990128040 0.3969173133 0.1850206703 0.0432696454 -0.5009400249 0.8643996716
-132.7 -402.2 2877.1 0.0854558200 -0.7691006064 -0.6333889961 0.8406123519 0.3969173133 -0.3685477972 0.5348533988 -0.5009400249 0.6804343462
241.3 -172.7 2859.2 0.5590162277 0.6794748902 0.4751996994 -0.8203904033 0.3701399267 0.4358394146 0.1202515587 -0.6334905624 0.7643489242
379.3 -375.1 2888.8 -0.2565017343 0.6794748902 0.6874014139 -0.6890997291 0.3701399267 -0.6230072379 -0.6777524948 -0.6334905624 0.3732843995
15.0 -508.5 2664.1 0.9762181640 0.2147801369 -0.0294557754 -0.0261758566 -0.0180999488 -0.9994934797 -0.2152044922 0.9764946699 -0.0120474435
-82.7 -500.3 2219.8 0.9762181640 0.0408092923 0.2129148990 -0.0261758566 0.9971255660 -0.0711018443 -0.2152044922 0.0638376772 0.9744802713
192.0 -494.2 2640.7 0.9622777104 -0.2720489502 0.0033210909 0.0125308437 0.0321230255 -0.9994053841 0.2717804909 0.9617471099 0.0343202725
308.9 -508.0 2227.3 0.9622777104 -0.0290418733 -0.2705147564 0.0125308437 0.9979622960 -0.0625642166 0.2717804909 0.0568143688 0.9606807232
-154.4 -615.4 2741.5 0 0 0 0 0 0 0 0 0
314.2 -550.0 2716.8 0 0 0 0 0 0 0 0 0
-98.0 -872.5 2196.0 0 0 0 0 0 0 0 0 0
319.7 -880.5 2206.1 0 0 0 0 0 0 0 0 0
109.2 -10.0 2980.2 9 0.9892256260 0.0099725630 0.1460590959 0.0688929781 0.8485958576 -0.5245367885 -0.1291761249 0.5289476514 0.8387656808
107.2 -179.9 2874.3 0.9892256260 0.0099725630 0.1460590959 0.0688929781 0.8485958576 -0.5245367885 -0.1291761249 0.5289476514 0.8387656808
105.7 -339.8 2764.2 0.9893022180 0.0081615597 0.1456521600 0.0759561658 0.8236004114 -0.5620614290 -0.1245464832 0.5671117902 0.8141697645
-27.8 -190.3 2891.3 0.4357508123 -0.7746943235 -0.4582247734 0.8988468051 0.4010488987 0.1767318994 0.0468573309 -0.4888849556 0.8710889220
-130.5 -402.1 2880.3 0.1036031172 -0.7746943235 -0.6237909198 0.8431950808 0.4010488987 -0.3580248654 0.5275304914 -0.4888849556 0.6947683692
242.3 -169.6 2857.3 0.5731510520 0.6605191827 0.4849869311 -0.8118273020 0.3771550953 0.4457470775 0.1115091890 -0.6492060423 0.7523943186
383.8 -369.9 2884.8 -0.2609384060 0.6605191827 0.7040067911 -0.6954602599 0.3771550953 -0.6116282344 -0.6695119143 -0.6492060423 0.3609505594
13.9 -505.5 2661.0 0.9756258726 0.2185937464 -0.0192589853 -0.0168285202 -0.0129751936 -0.9997742176 -0.2187942713 0.9757297039 -0.0089803264
-84.8 -499.7 2220.1 0.9756258726 0.0308884140 0.2172556967 -0.0168285202 0.9976597428 -0.0662711561 -0.2187942713 0.0609997623 0.9738624692
191.7 -494.4 2642.5 0.9633771181 -0.2680279613 0.0080965227 0.0187906828 0.0373583212 -0.9991252422 0.2674910426 0.9626865387 0.0410265774
306.4 -510.4 2230.4 0.9633771181 -0.0422947258 -0.2647936940 0.0187906828 0.9957031608 -0.0906761736 0.2674910426 0.0823796988 0.9600323439
-156.8 -616.0 2746.4 0 0 0 0 0 0 0 0 0
317.5 -546.4 2714.9 0 0 0 0 0 0 0 0 0
-96.4 -872.1 2197.3 0 0 0 0 0 0 0 0 0
322.2 -881.9 2199.7 0 0 0 0 0 0 0 0 0
108.8 -10.6 2980.1 0 0.9872467518 0.0153944464 0.1584514827 0.0710703656 0.8480064273 -0.5251991153 -0.1424530149 0.5297623277 0.8360974789
105.7 -181.0 2873.6 0.9872467518 0.0153944464 0.1584514827 0.0710703656 0.8480064273 -0.5251991153 -0.1424530149 0.5297623277 0.8360974789
104.0 -340.9 2763.6 0.9874110818 0.0085430471 0.1579443663 0.0825467780 0.8239491582 -0.5606191754 -0.1349275261 0.5665993690 0.8128712773
-29.2 -192.2 2892.1 0.4305427074 -0.7850137353 -0.4454058409 0.9011358023 0.4016816020 0.1631139070 0.0508646742 -0.4715986550 0.8803451061
-130.0 -403.2 2880.2 0.0864128172 -0.7850137353 -0.6134217381 0.8248448968 0.4016816020 -0.3978476524 0.5587161183 -0.4715986550 0.6822250485
240.5 -169.7 2855.2 0.5797966123 0.6511376500 0.4897505641 -0.8078328967 0.3811966479 0.4495498836 0.1060275882 -0.6562841535 0.7470269799
383.7 -369.1 2881.4 -0.2633381486 0.6511376500 0.7118095160 -0.6975207329 0.3811966479 -0.6067568660 -0.6664216518 -0.6562841535 0.3537984192
15.5 -506.5 2665.3 0.9762250185 0.2146116644 -0.0304396227 -0.0289608575 -0.0100321155 -0.9995301962 -0.2148162127 0.9766479135 -0.0035782647
-82.6 -501.9 2218.7 0.9762250185 0.0406446159 0.2129148841 -0.0289608575 0.9979131818 -0.0577107891 -0.2148162127 0.0501725152 0.9753649235
192.7 -492.9 2643.0 0.9642910957 -0.2645802498 0.0118327271 0.0228985604 0.0387789905 -0.9989854097 0.2638529539 0.9635836482 0.0434527397
306.0 -509.5 2230.3 0.9642910957 -0.0453914180 -0.2609259188 0.0228985604 0.9958033562 -0.0886077061 0.2638529539 0.0794687942 0.9612836838
-151.9 -612.4 2738.5 0 0 0 0 0 0 0 0 0
316.8 -546.2 2712.2 0 0 0 0 0 0 0 0 0
-97.8 -874.4 2200.0 0 0 0 0 0 0 0 0 0
322.9 -881.1 2200.6 0 0 0 0 0 0 0 0 0
108.9 -8.5 2980.5 1 0.9898848534 0.0238462146 0.1398546398 0.0532981195 0.8510615826 -0.5223537683 -0.1314810663 0.5245240927 0.8411820531
104.2 -179.5 2875.2 0.9898848534 0.0238462146 0.1398546398 0.0532981195 0.8510615826 -0.5223537683 -0.1314810663 0.5245240927 0.8411820531
100.9 -340.0 2766.2 0.9901533127 0.0166751295 0.1389903277 0.0644177422 0.8272345662 -0.5581517220 -0.1242848486 0.5616092086 0.8180149198
-31.1 -188.3 2892.2 0.4253032207 -0.7799243927 -0.4591678679 0.9039205909 0.3913941085 0.1724478602 0.0452193096 -0.4883939326 0.8714508414
-132.3 -403.3 2881.4 0.0824641958 -0.7799243927 -0.6204172969 0.8377988935 0.3913941085 -0.3806621730 0.5397153497 -0.4883939326 0.6856957674
239.4 -170.7 2858.2 0.5643302202 0.6650387049 0.4891369343 -0.8171348572 0.3655965030 0.4456790090 0.1175670251 -0.6512010098 0.7497434616
378.7 -372.4 2887.2 -0.2681569755 0.6650387049 0.6970045567 -0.6969250441 0.3655965030 -0.6169559956 -0.6651220322 -0.6512010098 0.3654448688
14.0 -508.3 2665.7 0.9767176509 0.2119827271 -0.0329539254 -0.0302661322 -0.0159125682 -0.9994152188 -0.2123831511 0.9771438241 -0.0091261882
-83.1 -501.0 2218.5 0.9767176509 0.0409957394 0.2105753720 -0.0302661322 0.9980860353 -0.0539275222 -0.2123831511 0.0462986603 0.9760890603
190.8 -493.5 2641.6 0.9625498652 -0.2709308267 0.0097056665 0.0208397172 0.0382489227 -0.9990509152 0.2703024745 0.9618386030 0.0424626209
307.4 -509.9 2227.7 0.9625498652 -0.0387480147 -0.2683212757 0.0208397172 0.9973800778 -0.0692722946 0.2703024745 0.0610862970 0.9608355761
-153.2 -615.8 2744.5 0 0 0 0 0 0 0 0 0
310.6 -549.3 2718.4 0 0 0 0 0 0 0 0 0
-98.4 -873.5 2201.2 0 0 0 0 0 0 0 0 0
321.9 -882.1 2204.9 0 0 0 0 0 0 0 0 0
108.3 -8.7 2980.2 2 0.9921379685 0.0250312965 0.1226203218 0.0432046391 0.8510494828 -0.5233050585 -0.1174549684 0.5244885683 0.8432769775
103.3 -179.2 2875.2 0.9921379685 0.0250312965 0.1226203218 0.0432046391 0.8510494828 -0.5233050585 -0.1174549684 0.5244885683 0.8432769775
99.6 -339.8 2766.3 0.9923880696 0.0189020503 0.1216908023 0.0527615584 0.8276079297 -0.5588214397 -0.1112751365 0.5609883070 0.8203108907
-32.3 -186.4 2890.4 0.4118257165 -0.7978319526 -0.4402996004 0.9105599523 0.3792560101 0.1644549519 0.0357788652 -0.4686459899 0.8826612234
-130.5 -403.6 2881.8 0.0820077062 -0.7978319526 -0.5972762108 0.8383913040 0.3792560101 -0.3914905787 0.5388643146 -0.4686459899 0.6999973059
238.8 -172.0 2860.0 0.5531802773 0.6777729392 0.4843711853 -0.8235093951 0.3571057618 0.4408035278 0.1257929653 -0.6427280307 0.7556962371
375.4 -375.3 2891.0 -0.2674662173 0.6777729392 0.6848983169 -0.6945064068 0.3571057618 -0.6246089339 -0.6679241657 -0.6427280307 0.3752039075
9.0 -506.4 2668.3 0.9792652726 0.1965096891 -0.0492285788 -0.0475278497 -0.0133640831 -0.9987804890 -0.1969279498 0.9804108143 -0.0037473000
-81.5 -500.2 2216.8 0.9792652726 0.0554572158 0.1948435456 -0.0475278497 0.9978493452 -0.0451417379 -0.1969279498 0.0349452421 0.9797949791
186.3 -494.8 2646.0 0.9598734379 -0.2804314196 0.0011059325 0.0116407806 0.0359037183 -0.9992874265 0.2801918983 0.9592023492 0.0377274677
309.1 -510.5 2226.3 0.9598734379 -0.0292414874 -0.2789048851 0.0116407806 0.9978462458 -0.0645554513 0.2801918983 0.0587183908 0.9581464529
-151.3 -616.3 2745.1 0 0 0 0 0 0 0 0 0
307.5 -551.6 2721.5 0 0 0 0 0 0 0 0 0
-102.2 -872.6 2203.8 0 0 0 0 0 0 0 0 0
320.0 -883.0 2204.3 0 0 0 0 0 0 0 0 0
106.4 -8.0 2980.1 3 0.9917433262 0.0232136007 0.1261201352 0.0463400111 0.8521509767 -0.5212402344 -0.1195732579 0.5227808952 0.8440393209
101.7 -179.0 2875.2 0.9917433262 0.0232136007 0.1261201352 0.0463400111 0.8521509767 -0.5212402344 -0.1195732579 0.5227808952 0.8440393209
97.9 -339.5 2766.1 0.9919418097 0.0197894126 0.1251390874 0.0540907755 0.8270308375 -0.5595481992 -0.1145670190 0.5618081689 0.8192960620
-33.8 -186.3 2890.9 0.4143350720 -0.7972024083 -0.4390839934 0.9097415209 0.3767673373 0.1744039953 0.0263972189 -0.4717146158 0.8813560605
-131.1 -400.1 2884.7 0.0880042389 -0.7972024083 -0.5972633958 0.8455352783 0.3767673373 -0.3783073723 0.5266168714 -0.4717146158 0.7072198987
237.2 -171.6 2859.6 0.5546295643 0.6751580238 0.4863616824 -0.8229413033 0.3585999310 0.4406514168 0.1231000796 -0.6446454525 0.7545055747
374.2 -374.7 2889.9 -0.2689069211 0.6751580238 0.6869139075 -0.6941143870 0.3585999310 -0.6241884828 -0.6677531600 -0.6446454525 0.3722068965
7.0 -505.2 2667.3 0.9804151058 0.1932498217 -0.0379563086 -0.0366140828 -0.0105136307 -0.9992741942 -0.1935086101 0.9810932279 -0.0032320584
-80.7 -500.4 2221.8 0.9804151058 0.0529792309 0.1896822900 -0.0366140828 0.9953792691 -0.0887664780 -0.1935086101 0.0800829530 0.9778246880
184.8 -495.8 2647.4 0.9590182900 -0.2833414674 -0.0012211797 0.0080000674 0.0313852765 -0.9994753599 0.2832311392 0.9585053921 0.0323658064
309.6 -509.6 2225.2 0.9590182900 -0.0234084241 -0.2823754847 0.0080000674 0.9984212518 -0.0555970892 0.2832311392 0.0510596037 0.9576914907
-153.5 -614.6 2751.0 0 0 0 0 0 0 0 0 0
305.9 -550.9 2720.4 0 0 0 0 0 0 0 0 0
-100.5 -871.6 2192.0 0 0 0 0 0 0 0 0 0
318.4 -882.3 2206.1 0 0 0 0 0 0 0 0 0
107.0 -9.4 2979.0 4 0.9921531677 0.0231512338 0.1228661090 0.0448116474 0.8515734673 -0.5223164558 -0.1167217940 0.5237237811 0.8438538909
102.3 -180.4 2873.8 0.9921531677 0.0231512338 0.1228661090 0.0448116474 0.8515734673 -0.5223164558 -0.1167217940 0.5237237811 0.8438538909
98.5 -340.9 2764.6 0.9923468232 0.0197638441 0.1218897775 0.0523844808 0.8265005350 -0.5604932904 -0.1118194684 0.5625888705 0.8191398978
-33.3 -187.6 2889.1 0.4117948711 -0.7918735147 -0.4509559572 0.9108188152 0.3733410537 0.1761405319 0.0288793482 -0.4832729399 0.8749932647
-130.2 -402.1 2882.3 0.1065984666 -0.7918735147 -0.6013094783 0.8637165427 0.3733410537 -0.3385412395 0.4925753772 -0.4832729399 0.7237518430
237.9 -173.3 2858.6 0.5528088808 0.6775595546 0.4850931764 -0.8240438104 0.3579278886 0.4391348064 0.1239115894 -0.6424956918 0.7562044859
374.4 -376.7 2889.2 -0.2683631480 0.6775595546 0.6847585440 -0.6930349469 0.3579278886 -0.6257716417 -0.6690917611 -0.6424956918 0.3735177815
5.2 -504.9 2667.3 0.9808388948 0.1903838217 -0.0413410440 -0.0406023413 -0.0077808253 -0.9991450906 -0.1905427277 0.9816789031 0.0000982932
-81.2 -501.3 2222.2 0.9808388948 0.0550250933 0.1868885159 -0.0406023413 0.9959559441 -0.0801451728 -0.1905427277 0.0710213855 0.9791064262
182.9 -495.2 2646.8 0.9583961368 -0.2854065001 0.0044723134 0.0148177007 0.0340987518 -0.9993086457 0.2850566804 0.9577997923 0.0369091816
309.4 -510.3 2222.2 0.9583961368 -0.0261564534 -0.2842405736 0.0148177007 0.9990090132 -0.0419690460 0.2850566804 0.0360111780 0.9578339458
-157.3 -621.1 2757.4 0 0 0 0 0 0 0 0 0
306.2 -552.7 2719.3 0 0 0 0 0 0 0 0 0
-101.7 -872.9 2195.7 0 0 0 0 0 0 0 0 0
319.2 -883.2 2208.8 0 0 0 0 0 0 0 0 0
107.1 -10.5 2978.5 5 0.9883483648 0.0304275583 0.1491362900 0.0526798032 0.8508769274 -0.5227171779 -0.1428016424 0.5244831443 0.8393599391
101.0 -181.0 2873.4 0.9883483648 0.0304275583 0.1491362900 0.0526798032 0.8508769274 -0.5227171779 -0.1428016424 0.5244831443 0.8393599391
95.0 -341.4 2764.2 0.9885352254 0.0310835708 0.1477561146 0.0577747338 0.8262398243 -0.5603479743 -0.1394996047 0.5624603033 0.8149713278
-34.0 -188.9 2892.5 0.4180515707 -0.7705788016 -0.4810833335 0.9074789882 0.3783881664 0.1824946404 0.0414097421 -0.5128651857 0.8574698567
-131.7 -401.1 2882.8 0.0998327881 -0.7705788016 -0.6294773221 0.8664176464 0.3783881664 -0.3257957101 0.4892380238 -0.5128651857 0.7054186463
236.0 -173.1 2854.3 0.5603193641 0.6574053168 0.5038456917 -0.8212468624 0.3618669510 0.4411415458 0.1076836959 -0.6609618664 0.7426531315
374.3 -375.8 2880.9 -0.2832164466 0.6574053168 0.6982883811 -0.6941776276 0.3618669510 -0.6222296953 -0.6617445946 -0.6609618664 0.3538693786
5.7 -506.0 2665.4 0.9806402922 0.1920297444 -0.0383307226 -0.0369835347 -0.0105963051 -0.9992597103 -0.1922937483 0.9813318849 -0.0032892248
-81.2 -501.2 2221.2 0.9806402922 0.0521083623 0.1887574792 -0.0369835347 0.9958810210 -0.0827844515 -0.1922937483 0.0742008537 0.9785281420
183.5 -496.6 2645.4 0.9577717781 -0.2875287533 -0.0006192164 0.0085165724 0.0305216033 -0.9994978309 0.2874032557 0.9572855830 0.0316814892
311.1 -510.2 2220.5 0.9577717781 -0.0177654810 -0.2869800627 0.0085165724 0.9994043112 -0.0334447064 0.2874032557 0.0295883119 0.9573525190
-157.1 -620.9 2758.6 0 0 0 0 0 0 0 0 0
302.5 -552.0 2713.0 0 0 0 0 0 0 0 0 0
-100.6 -872.9 2193.5 0 0 0 0 0 0 0 0 0
317.8 -883.2 2209.5 0 0 0 0 0 0 0 0 0
107.2 -11.6 2978.2 6 0.9867321253 0.0348522738 0.1585718989 0.0534210913 0.8526084423 -0.5198124647 -0.1533163935 0.5213867426 0.8394343257
100.2 -182.3 2873.8 0.9867321253 0.0348522738 0.1585718989 0.0534210913 0.8526084423 -0.5198124647 -0.1533163935 0.5213867426 0.8394343257
93.2 -342.9 2765.1 0.9869478345 0.0360815823 0.1569461226 0.0585306995 0.8275576830 -0.5583211184 -0.1500270814 0.5602200031 0.8146443963
-34.6 -190.3 2894.3 0.4226835072 -0.7309892774 -0.5357176065 0.9041034579 0.3810306787 0.1934233010 0.0627345070 -0.5661009550 0.8219453096
-133.3 -401.4 2879.7 0.0664017275 -0.7309892774 -0.6791505814 0.8653678894 0.3810306787 -0.3255057335 0.4967184365 -0.5661009550 0.6578757167
235.0 -174.3 2853.4 0.5623950958 0.6500052810 0.5110821128 -0.8203417659 0.3611036837 0.4434450567 0.1036879867 -0.6686533093 0.7363094091
373.9 -376.8 2879.0 -0.2894156873 0.6500052810 0.7026604414 -0.6959472895 0.3611036837 -0.6206943393 -0.6571878791 -0.6686533093 0.3478603363
0.4 -507.0 2667.6 0.9827182293 0.1809940934 -0.0388068520 -0.0373616852 -0.0113883819 -0.9992369413 -0.1812979281 0.9834182262 -0.0044293264
-82.0 -501.8 2219.5 0.9827182293 0.0483070165 0.1786932200 -0.0373616852 0.9972425699 -0.0641199574 -0.1812979281 0.0563355759 0.9818133116
177.5 -496.6 2642.6 0.9526003599 -0.3042154908 -0.0023440162 0.0048367134 0.0228483826 -0.9997272491 0.3041860759 0.9523292184 0.0232367814
312.6 -506.7 2219.6 0.9526003599 -0.0084058288 -0.3041083813 0.0048367134 0.9999103546 -0.0124877179 0.3041860759 0.0104249194 0.9525555968
-150.1 -620.9 2753.7 0 0 0 0 0 0 0 0 0
300.4 -553.5 2712.1 0 0 0 0 0 0 0 0 0
-100.1 -873.9 2198.5 0 0 0 0 0 0 0 0 0
315.7 -879.9 2215.7 0 0 0 0 0 0 0 0 0
107.3 -10.7 2978.6 7 0.9896640778 0.0328824408 0.1395842135 0.0446940288 0.8541511893 -0.5181005001 -0.1362624317 0.5189840794 0.8438531160
100.7 -182.0 2874.5 0.9896640778 0.0328824408 0.1395842135 0.0446940288 0.8541511893 -0.5181005001 -0.1362624317 0.5189840794 0.8438531160
94.0 -342.8 2765.8 0.9898357391 0.0345236808 0.1379612684 0.0489779562 0.8279889226 -0.5586013794 -0.1335153878 0.5596807003 0.8178821206
-34.5 -188.7 2892.7 0.4098706841 -0.7586420178 -0.5064269900 0.9110479355 0.3676903546 0.1865352839 0.0446948037 -0.5378346443 0.8418647647
-131.9 -405.4 2882.1 0.0719029978 -0.7586420178 -0.6475277543 0.8677328825 0.3676903546 -0.3344300687 0.4918024242 -0.5378346443 0.6847366691
235.9 -175.4 2856.2 0.5527716875 0.6645200253 0.5028484464 -0.8254793286 0.3539927006 0.4396282732 0.1141371131 -0.6581050754 0.7442247272
372.4 -379.1 2884.4 -0.2849265337 0.6645200253 0.6908183694 -0.6941210032 0.3539927006 -0.6268055439 -0.6610695124 -0.6581050754 0.3603954315
-2.2 -508.8 2669.8 0.9841201901 0.1731206179 -0.0392012633 -0.0369726308 -0.0160805639 -0.9991868734 -0.1736102253 0.9847693443 -0.0094244815
-81.7 -501.4 2217.3 0.9841201901 0.0463851802 0.1713356376 -0.0369726308 0.9976475835 -0.0577261783 -0.1736102253 0.0504747666 0.9835200906
174.6 -498.3 2642.9 0.9512595534 -0.3083910942 -0.0003954834 0.0074622240 0.0242998824 -0.9996768832 0.3083010614 0.9509492517 0.0254167784
310.6 -509.1 2223.8 0.9512595534 -0.0202820543 -0.3077236712 0.0074622240 0.9990566373 -0.0427799709 0.3083010614 0.0383985527 0.9505135417
-150.2 -625.6 2757.3 0 0 0 0 0 0 0 0 0
300.1 -555.3 2716.6 0 0 0 0 0 0 0 0 0
-99.0 -873.8 2198.5 0 0 0 0 0 0 0 0 0
318.1 -881.8 2209.4 0 0 0 0 0 0 0 0 0
107.3 -10.5 2978.3 8 0.9952237606 0.0164145511 0.0962303653 0.0360681228 0.8541815281 -0.5187224746 -0.0907128006 0.5197157860 0.8495096564
104.0 -182.1 2873.9 0.9952237606 0.0164145511 0.0962303653 0.0360681228 0.8541815281 -0.5187224746 -0.0907128006 0.5197157860 0.8495096564
101.9 -343.0 2765.4 0.9953600168 0.0109540392 0.0955951363 0.0444490984 0.8287945986 -0.5577847362 -0.0853387341 0.5594457388 0.8244621158
-31.8 -188.2 2885.6 0.4143342376 -0.7795640230 -0.4696882963 0.9099246264 0.3656421304 0.1958138645 0.0190883838 -0.5085133314 0.8608425260
-130.7 -405.3 2881.0 0.0750309378 -0.7795640230 -0.6218121052 0.8605759144 0.3656421304 -0.3545630872 0.5037653446 -0.5085133314 0.6983084679
239.8 -176.0 2862.3 0.5425232649 0.6973367929 0.4683908224 -0.8279572725 0.3496496379 0.4384425879 0.1419694722 -0.6256728768 0.7670581341
373.7 -380.3 2897.3 -0.2554223835 0.6973367929 0.6696870923 -0.6943978667 0.3496496379 -0.6289330125 -0.6727339625 -0.6256728768 0.3949208260
-1.3 -507.9 2669.2 0.9838383794 0.1740579456 -0.0420218110 -0.0407592133 -0.0108236903 -0.9991104007 -0.1743579209 0.9846759439 -0.0035542978
-80.5 -503.0 2221.1 0.9838383794 0.0527142026 0.1711233854 -0.0407592133 0.9965249896 -0.0726407915 -0.1743579209 0.0644919500 0.9825681448
176.0 -499.1 2645.2 0.9522282481 -0.3053217232 -0.0063227718 0.0000034424 0.0207148474 -0.9997854233 0.3053871989 0.9520239234 0.0197263137
310.2 -508.2 2226.8 0.9522282481 -0.0187696125 -0.3048098385 0.0000034424 0.9981101155 -0.0614509732 0.3053871989 0.0585143045 0.9504287243
-149.7 -623.7 2753.2 0 0 0 0 0 0 0 0 0
308.9 -556.5 2726.6 0 0 0 0 0 0 0 0 0
-100.2 -874.9 2197.1 0 0 0 0 0 0 0 0 0
317.2 -880.6 2205.0 0 0 0 0 0 0 0 0 0
105.9 -11.0 2979.1 9 0.9970687032 -0.0034052175 0.0764359161 0.0433640443 0.8482146263 -0.5278745294 -0.0630365312 0.5296417475 0.8458758593
106.5 -181.6 2872.6 0.9970687032 -0.0034052175 0.0764359161 0.0433640443 0.8482146263 -0.5278745294 -0.0630365312 0.5296417475 0.8458758593
108.4 -341.6 2763.0 0.9970076680 -0.0095546320 0.0767099783 0.0512400270 0.8246949315 -0.5632519126 -0.0578806661 0.5654971004 0.8227167726
-29.5 -188.6 2880.5 0.4206773341 -0.8003234267 -0.4272153676 0.9072046876 0.3694498539 0.2012124658 -0.0032003971 -0.4722173214 0.8814763427
-129.9 -405.0 2881.3 0.0981375948 -0.8003234267 -0.5914824009 0.8576928973 0.3694498539 -0.3575887978 0.5047097802 -0.4722173214 0.7226886153
242.6 -174.6 2864.7 0.5438748002 0.7118635774 0.4443539679 -0.8254904151 0.3586410284 0.4358235598 0.1508833617 -0.6038433909 0.7826923728
376.9 -378.3 2902.0 -0.2326068878 0.7118635774 0.6626796126 -0.6908650994 0.3586410284 -0.6277595758 -0.6845432520 -0.6038433909 0.4083793163
10.7 -507.9 2664.6 0.9786703587 0.2024721801 -0.0347764120 -0.0327839069 -0.0131872632 -0.9993754625 -0.2028043419 0.9791992307 -0.0062681534
-81.3 -501.9 2219.7 0.9786703587 0.0470602512 0.1999742985 -0.0327839069 0.9967107773 -0.0741136298 -0.2028043419 0.0659768730 0.9769940972
188.8 -499.9 2649.3 0.9614258409 -0.2750636339 -0.0006043233 0.0043285689 0.0173262618 -0.9998404980 0.2750302553 0.9612699151 0.0178485494
310.1 -507.5 2225.4 0.9614258409 -0.0203028545 -0.2743139863 0.0043285689 0.9982654452 -0.0587138832 0.2750302553 0.0552616566 0.9598460793
-154.8 -622.6 2753.2 0 0 0 0 0 0 0 0 0
317.9 -553.6 2728.3 0 0 0 0 0 0 0 0 0
-98.9 -873.9 2195.1 0 0 0 0 0 0 0 0 0
317.7 -880.1 2204.8 0 0 0 0 0 0 0 0 0
104.5 -10.6 2979.5 0 0.9986708164 -0.0155642247 0.0491364934 0.0391557738 0.8490359187 -0.5268821716 -0.0335181355 0.5281058550 0.8485168219
107.6 -181.3 2873.4 0.9986708164 -0.0155642247 0.0491364934 0.0391557738 0.8490359187 -0.5268821716 -0.0335181355 0.5281058550 0.8485168219
112.0 -341.2 2763.6 0.9984962344 -0.0224951953 0.0499929078 0.0468308553 0.8240824342 -0.5645307899 -0.0284990463 0.5660231113 0.8238966465
-28.6 -187.6 2877.3 0.4201951623 -0.8287661672 -0.3695708811 0.9066472650 0.3664820790 0.2090014666 -0.0377722345 -0.4228918552 0.9053925872
-128.5 -403.1 2886.2 0.1177337766 -0.8287661672 -0.5470697880 0.8529883027 0.3664820790 -0.3716205955 0.5084778666 -0.4228918552 0.7500751615
243.9 -174.9 2869.5 0.5355519652 0.7308669090 0.4231048524 -0.8280872703 0.3561777174 0.4329074621 0.1656972170 -0.5822121501 0.7959732413
376.1 -379.3 2910.4 -0.2154587656 0.7308669090 0.6476195455 -0.6890102029 0.3561777174 -0.6311912537 -0.6919844151 -0.5822121501 0.4268331230
21.0 -506.3 2658.5 0.9727333188 0.2299501598 -0.0302119758 -0.0289058331 -0.0090473760 -0.9995412230 -0.2301179916 0.9731603265 -0.0021537838
-82.8 -502.2 2219.0 0.9727333188 0.0422260948 0.2280499786 -0.0289058331 0.9976922274 -0.0614381917 -0.2301179916 0.0531710014 0.9717090726
199.5 -497.1 2648.1 0.9681282043 -0.2502998412 0.0088188332 0.0155021725 0.0247423965 -0.9995736480 0.2499749213 0.9678521752 0.0278340038
308.6 -507.9 2226.3 0.9681282043 -0.0317324772 -0.2484367639 0.0155021725 0.9976314902 -0.0670159534 0.2499749213 0.0610287227 0.9663270712
-158.4 -619.5 2757.2 0 0 0 0 0 0 0 0 0
321.5 -554.1 2734.8 0 0 0 0 0 0 0 0 0
-98.6 -874.6 2199.1 0 0 0 0 0 0 0 0 0
320.4 -880.3 2203.5 0 0 0 0 0 0 0 0 0
103.4 -9.0 2978.3 1 0.9968620539 -0.0330535173 0.0719273388 0.0656503960 0.8529034257 -0.5179244876 -0.0442278460 0.5210213065 0.8523970246
110.0 -180.1 2873.7 0.9968620539 -0.0330535173 0.0719273388 0.0656503960 0.8529034257 -0.5179244876 -0.0442278460 0.5210213065 0.8523970246
117.8 -340.8 2765.2 0.9964928031 -0.0398671441 0.0735707656 0.0741611272 0.8279966116 -0.5558072925 -0.0387578942 0.5593140721 0.8280493021
-26.0 -190.2 2879.0 0.4471598864 -0.8067979217 -0.3861672878 0.8935276270 0.3832759559 0.2338972688 -0.0406991951 -0.4496406317 0.8922818303
-130.5 -399.1 2888.5 0.1021785364 -0.8067979217 -0.5819249749 0.8400819302 0.3832759559 -0.3838774562 0.5327493548 -0.4496406317 0.7169389129
246.1 -170.0 2868.4 0.5600513816 0.7150560021 0.4183746576 -0.8113982677 0.3714801073 0.4512597322 0.1672581136 -0.5921971202 0.7882431746
384.3 -370.2 2909.7 -0.2028694898 0.7150560021 0.6689834595 -0.7004002929 0.3714801073 -0.6094604135 -0.6843123436 -0.5921971202 0.4254634380
27.0 -505.4 2656.4 0.9691700339 0.2457859963 -0.0172828585 -0.0154395420 -0.0094248205 -0.9998363853 -0.2459086627 0.9692782760 -0.0053394306
-83.9 -501.1 2219.0 0.9691700339 0.0310912244 0.2444233745 -0.0154395420 0.9977204800 -0.0656926036 -0.2459086627 0.0598935187 0.9674407840
205.8 -497.0 2651.3 0.9727450609 -0.2312477678 0.0170740690 0.0237905663 0.0262870491 -0.9993712902 0.2306535542 0.9725397229 0.0310721118
307.1 -508.5 2225.1 0.9727450609 -0.0380252041 -0.2287381440 0.0237905663 0.9976230264 -0.0646707341 0.2306535542 0.0574663281 0.9713374972
-156.5 -612.3 2753.4 0 0 0 0 0 0 0 0 0
332.8 -548.0 2736.0 0 0 0 0 0 0 0 0 0
-95.5 -873.5 2196.6 0 0 0 0 0 0 0 0 0
321.3 -880.9 2203.6 0 0 0 0 0 0 0 0 0
104.0 -9.5 2977.6 2 0.9969305396 -0.0227914713 0.0749000907 0.0584275685 0.8533815145 -0.5180020928 -0.0521123260 0.5207883716 0.8520937562
108.6 -180.9 2873.0 0.9969305396 -0.0227914713 0.0749000907 0.0584275685 0.8533815145 -0.5180020928 -0.0521123260 0.5207883716 0.8520937562
114.4 -341.8 2764.6 0.9966631532 -0.0296019018 0.0760676563 0.0670129880 0.8288190961 -0.5554891229 -0.0466027930 0.5587330461 0.8280371428
-27.5 -190.0 2879.4 0.4363307357 -0.8082441688 -0.3954198956 0.8993720412 0.3784240484 0.2189182490 -0.0273029841 -0.4511503577 0.8920302391
-130.0 -401.4 2885.8 0.1119736508 -0.8082441688 -0.5781031847 0.8509500027 0.3784240484 -0.3642516732 0.5131724477 -0.4511503577 0.7301489115
244.7 -171.7 2866.7 0.5555988550 0.7130147815 0.4276912808 -0.8151442409 0.3657381535 0.4491943121 0.1638591588 -0.5982019305 0.7844135761
381.9 -373.0 2907.1 -0.2133107632 0.7130147815 0.6679134965 -0.6995803714 0.3657381535 -0.6138590574 -0.6819720268 -0.5982019305 0.4207952619
36.4 -508.1 2660.1 0.9646446705 0.2626598477 -0.0216912255 -0.0186837092 -0.0139427111 -0.9997282028 -0.2628908753 0.9647877812 -0.0085423011
-84.2 -501.7 2217.5 0.9646446705 0.0330733731 0.2614705563 -0.0186837092 0.9981804490 -0.0573298000 -0.2628908753 0.0504176430 0.9635073543
214.8 -494.8 2653.1 0.9774950743 -0.2096952796 0.0230480637 0.0295821466 0.0280765276 -0.9991679788 0.2088736892 0.9773635864 0.0336479060
305.9 -507.1 2228.2 0.9774950743 -0.0450920053 -0.2060825825 0.0295821466 0.9965352416 -0.0777327716 0.2088736892 0.0698870420 0.9754422307
-158.4 -617.3 2755.6 0 0 0 0 0 0 0 0 0
327.7 -550.5 2734.0 0 0 0 0 0 0 0 0 0
-96.5 -874.3 2198.7 0 0 0 0 0 0 0 0 0
322.7 -879.0 2202.1 0 0 0 0 0 0 0 0 0
102.6 -15.0 2966.8 3 0.9971101880 -0.0272378195 0.0709177554 0.0598066822 0.8570774198 -0.5117044449 -0.0468442962 0.5144671202 0.8562296629
108.1 -186.9 2863.6 0.9971101880 -0.0272378195 0.0709177554 0.0598066822 0.8570774198 -0.5117044449 -0.0468442962 0.5144671202 0.8562296629
114.4 -348.4 2756.1 0.9968613386 -0.0322779119 0.0722883940 0.0668701753 0.8320828676 -0.5506055951 -0.0423775353 0.5537113547 0.8316296339
-28.1 -196.0 2869.4 0.4504459202 -0.8008188009 -0.3946994841 0.8906959891 0.3727234304 0.2602649629 -0.0613113269 -0.4687925577 0.8811779022
-131.2 -399.9 2883.4 0.1027538180 -0.8008188009 -0.5900261402 0.8566475511 0.3727234304 -0.3566962779 0.5055656433 -0.4687925577 0.7243182063
244.3 -177.7 2857.8 0.5549594164 0.7157060504 0.4240104556 -0.8140590191 0.3623027205 0.4539214671 0.1712542176 -0.5970774889 0.7836902738
381.3 -378.7 2900.1 -0.2101448178 0.7157060504 0.6660360098 -0.7035852075 0.3623027205 -0.6113138795 -0.6788277030 -0.5970774889 0.4274241626
30.9 -508.6 2660.3 0.9669849873 0.2539286911 -0.0214535948 -0.0171567500 -0.0191242360 -0.9996699095 -0.2542551458 0.9670338631 -0.0141362585
-84.9 -499.9 2219.6 0.9669849873 0.0327330157 0.2527223527 -0.0171567500 0.9978283644 -0.0635939538 -0.2542551458 0.0571585037 0.9654466510
209.4 -496.6 2652.0 0.9744627476 -0.2242891639 0.0108041558 0.0171600617 0.0264080726 -0.9995039701 0.2238925844 0.9741647840 0.0295824986
307.1 -508.1 2227.6 0.9744627476 -0.0336549021 -0.2220128477 0.0171600617 0.9969744682 -0.0758119971 0.2238925844 0.0700662136 0.9720919728
-157.3 -617.3 2755.2 0 0 0 0 0 0 0 0 0
327.9 -557.3 2727.8 0 0 0 0 0 0 0 0 0
-97.1 -872.4 2198.3 0 0 0 0 0 0 0 0 0
319.7 -880.3 2201.4 0 0 0 0 0 0 0 0 0
103.6 -12.8 2972.9 4 0.9975430965 -0.0119309286 0.0690319017 0.0459963456 0.8547888398 -0.5169336796 -0.0528401956 0.5188388228 0.8532374501
106.0 -185.0 2868.4 0.9975430965 -0.0119309286 0.0690319017 0.0459963456 0.8547888398 -0.5169336796 -0.0528401956 0.5188388228 0.8532374501
109.5 -346.4 2760.6 0.9974107146 -0.0178535152 0.0696646348 0.0534936786 0.8316221237 -0.5527595282 -0.0480659492 0.5550548434 0.8304238319
-30.2 -192.3 2874.9 0.4381713867 -0.7731168270 -0.4585806131 0.8983136415 0.3583305180 0.2542278767 -0.0322244205 -0.5233445764 0.8515115976
-132.5 -402.0 2882.5 0.0741151124 -0.7731168270 -0.6299184561 0.8705072403 0.3583305180 -0.3373668790 0.4865430295 -0.5233445764 0.6995615363
242.3 -177.7 2861.8 0.5449194908 0.7170859575 0.4345692992 -0.8217004538 0.3535006642 0.4470409453 0.1669462323 -0.6006871462 0.7818592787
376.8 -380.6 2903.0 -0.2235533446 0.7170859575 0.6601603031 -0.6996495724 0.3535006642 -0.6209087968 -0.6786121130 -0.6006871462 0.4226826131
31.3 -515.9 2652.5 0.9663345814 0.2546122968 -0.0370138250 -0.0283949785 -0.0374447107 -0.9988952279 -0.2557169497 0.9663180113 -0.0289544109
-82.8 -499.1 2219.3 0.9663345814 0.0430698805 0.2536580861 -0.0283949785 0.9977194071 -0.0612344332 -0.2557169497 0.0519703329 0.9653537869
209.9 -503.9 2644.9 0.9726687670 -0.2321667820 0.0037454606 0.0051128231 0.0052881138 -0.9999729395 0.2321406901 0.9726616144 0.0063306107
310.7 -506.2 2222.7 0.9726687670 -0.0158510786 -0.2316553146 0.0051128231 0.9988873601 -0.0468815379 0.2321406901 0.0444157980 0.9716675878
-151.3 -622.8 2759.1 0 0 0 0 0 0 0 0 0
320.1 -558.2 2730.8 0 0 0 0 0 0 0 0 0
-98.9 -871.5 2199.9 0 0 0 0 0 0 0 0 0
316.6 -878.9 2206.1 0 0 0 0 0 0 0 0 0
104.0 -14.1 2975.9 5 0.9928090572 -0.0097166896 0.1193134785 0.0704944655 0.8530061841 -0.5171179771 -0.0967504606 0.5218103528 0.8475572467
105.9 -185.7 2871.0 0.9928090572 -0.0097166896 0.1193134785 0.0704944655 0.8530061841 -0.5171179771 -0.0967504606 0.5218103528 0.8475572467
108.1 -346.1 2761.7 0.9927319288 -0.0112117492 0.1198230311 0.0766832381 0.8262873292 -0.5580043793 -0.0927520543 0.5631371737 0.8211416006
-29.5 -196.2 2883.6 0.4518810809 -0.7357795238 -0.5044124722 0.8919851184 0.3808375001 0.2435680330 0.0128868120 -0.5599921942 0.8283976316
-133.1 -400.6 2880.7 0.0798492506 -0.7357795238 -0.6724972725 0.8699154258 0.3808375001 -0.3133846819 0.4866942167 -0.5599921942 0.6704755425
241.4 -175.2 2858.3 0.5699282885 0.6808108091 0.4600851834 -0.8107147813 0.3746738136 0.4498456419 0.1338779032 -0.6293776035 0.7654805779
382.0 -375.2 2891.4 -0.2384227961 0.6808108091 0.6925685406 -0.6991093159 0.3746738136 -0.6089874506 -0.6740925312 -0.6293776035 0.3866303861
23.6 -512.6 2657.2 0.9702140689 0.2415087670 -0.0189248770 -0.0118533792 -0.0306999665 -0.9994583726 -0.2419589460 0.9699128866 -0.0269228444
-85.1 -498.8 2220.4 0.9702140689 0.0259346180 0.2408568710 -0.0118533792 0.9981442690 -0.0597291440 -0.2419589460 0.0550950915 0.9687210321
202.3 -503.1 2648.6 0.9701961279 -0.2410806865 0.0244873948 0.0280260928 0.0112600643 -0.9995437860 0.2406949699 0.9704397321 0.0176810212
307.1 -507.9 2226.9 0.9701961279 -0.0426690131 -0.2385348678 0.0280260928 0.9975275397 -0.0644463822 0.2406949699 0.0558404252 0.9689931870
-153.3 -621.4 2757.2 0 0 0 0 0 0 0 0 0
321.5 -552.6 2720.3 0 0 0 0 0 0 0 0 0
-94.8 -871.4 2199.9 0 0 0 0 0 0 0 0 0
323.0 -880.1 2206.1 0 0 0 0 0 0 0 0 0
103.0 -14.8 2978.4 6 0.9923345447 -0.0093435384 0.1232269555 0.0730657801 0.8485466838 -0.5240514278 -0.0996673331 0.5290380120 0.8427248597
104.9 -185.0 2872.3 0.9923345447 -0.0093435384 0.1232269555 0.0730657801 0.8485466838 -0.5240514278 -0.0996673331 0.5290380120 0.8427248597
106.6 -344.9 2762.3 0.9922838211 -0.0092504257 0.1236417219 0.0776279494 0.8239240050 -0.5613582730 -0.0966785774 0.5666248202 0.8182845116
-30.6 -195.6 2885.5 0.4460550249 -0.7355474830 -0.5099066496 0.8944228292 0.3869007230 0.2243115455 0.0322914645 -0.5561274290 0.8304694295
-134.0 -403.0 2878.0 0.0739183351 -0.7355474830 -0.6734285355 0.8618170023 0.3869007230 -0.3279928863 0.5018042922 -0.5561274290 0.6625063419
240.3 -174.4 2859.1 0.5711268783 0.6778958440 0.4628944397 -0.8107834458 0.3777709305 0.4471233487 0.1282349974 -0.6306713223 0.7653818727
381.3 -374.5 2890.8 -0.2409755737 0.6778958440 0.6945415735 -0.6962922812 0.3777709305 -0.6103000641 -0.6760975122 -0.6306713223 0.3809800744
21.4 -513.3 2660.7 0.9725677967 0.2315186560 -0.0226061400 -0.0160275586 -0.0302567352 -0.9994136691 -0.2320668995 0.9723598361 -0.0257160459
-83.4 -499.6 2220.5 0.9725677967 0.0320245028 0.2304047644 -0.0160275586 0.9973496795 -0.0709696263 -0.2320668995 0.0653299466 0.9705034494
199.0 -499.6 2644.1 0.9664670825 -0.2565553784 0.0109897740 0.0156704821 0.0162071194 -0.9997458458 0.2563120425 0.9663936496 0.0196839944
309.9 -506.6 2226.3 0.9664670825 -0.0267881509 -0.2553895712 0.0156704821 0.9988428354 -0.0454683714 0.2563120425 0.0399416052 0.9657685161
-152.8 -621.7 2750.7 0 0 0 0 0 0 0 0 0
320.1 -551.2 2719.2 0 0 0 0 0 0 0 0 0
-95.4 -871.9 2196.2 0 0 0 0 0 0 0 0 0
319.9 -879.2 2211.4 0 0 0 0 0 0 0 0 0
103.2 -14.3 2978.2 7 0.9951420426 -0.0101019461 0.0979301557 0.0603863560 0.8482577801 -0.5261294842 -0.0777550861 0.5294871926 0.8447469473
105.2 -184.8 2871.8 0.9951420426 -0.0101019461 0.0979301557 0.0603863560 0.8482577801 -0.5261294842 -0.0777550861 0.5294871926 0.8447469473
107.7 -344.7 2761.8 0.9950542450 -0.0132498071 0.0984456167 0.0666725785 0.8237383962 -0.5630362630 -0.0736333057 0.5668152571 0.8205477595
-30.7 -193.9 2881.8 0.4444567561 -0.7595690489 -0.4748821557 0.8957880735 0.3796333075 0.2311759740 0.0046869740 -0.5281414986 0.8491434455
-134.7 -403.5 2880.7 0.0541295931 -0.7595690489 -0.6481704116 0.8460707664 0.3796333075 -0.3742229342 0.5303152204 -0.5281414986 0.6631985307
241.0 -175.7 2861.7 0.5590072870 0.6964609623 0.4499477148 -0.8171111941 0.3705336154 0.4416266978 0.1408550143 -0.6145298481 0.7762170434
379.0 -377.4 2896.5 -0.2328886241 0.6964609623 0.6787525415 -0.6933088899 0.3705336154 -0.6180838346 -0.6819719076 -0.6145298481 0.3965695500
