-34.0 100.7 2886.7 1 0.9955658317 -0.0938579664 0.0062701236 0.0936286449 0.9822922349 -0.1622826159 0.0090724220 0.1621500850 0.9867243767
-14.7 -101.1 2853.4 0.9955658317 -0.0938579664 0.0062701236 0.0936286449 0.9822922349 -0.1622826159 0.0090724220 0.1621500850 0.9867243767
3.1 -292.4 2815.4 0.9957999587 -0.0910869539 0.0092525361 0.0911488235 0.9767827392 -0.1938745677 0.0086217253 0.1939036399 0.9809827209
-156.6 -114.0 2852.1 -0.0986446589 -0.7131623030 -0.6940236092 0.6587166190 0.4759607911 -0.5827124119 0.7458965182 -0.5146463513 0.4228208661
-129.5 -295.2 2647.0 -0.2966485620 -0.7210495472 -0.6261686087 0.4256910682 0.4870970547 -0.7625769377 0.8548606634 -0.4927717447 0.1624477059
127.2 -88.1 2854.6 -0.1051185876 0.7950167060 0.5974099040 -0.7643181682 0.3197385371 -0.5599865913 -0.6362136006 -0.5154762268 0.5740352273
100.0 -285.8 2690.0 -0.3579351306 0.8094345927 0.4655084610 -0.3708480895 0.3343007863 -0.8664379120 -0.8569446206 -0.4827615023 0.1805192679
-77.2 -498.0 2783.1 0.9504826069 0.2615530491 -0.1678475440 -0.1399467736 -0.1220104322 -0.9826130271 -0.2774845660 0.9574463367 -0.0793652907
-179.6 -450.2 2408.3 0.9504826069 0.2746781707 0.1453777701 -0.1399467736 0.7959694266 -0.5889376998 -0.2774845660 0.5394299030 0.7949954271
102.9 -483.0 2781.6 0.9997245669 -0.0098375436 -0.0213079955 -0.0221347827 -0.0934320912 -0.9953795671 0.0078012398 0.9955770373 -0.0936241075
108.3 -431.5 2232.9 0.9997245669 0.0200728495 -0.0121609475 -0.0221347827 0.9786646366 -0.2042684257 0.0078012398 0.2044813484 0.9788393974
-53.3 -404.5 2427.6 0 0 0 0 0 0 0 0 0
8.4 -380.7 2470.7 0 0 0 0 0 0 0 0 0
-283.0 -749.9 2205.2 0 0 0 0 0 0 0 0 0
100.8 -800.1 2155.9 0 0 0 0 0 0 0 0 0
-34.5 101.5 2888.0 2 0.9957042336 -0.0902451575 0.0207093731 0.0924517512 0.9812766314 -0.1689640582 -0.0050734365 0.1701528430 0.9854046106
-16.0 -99.8 2853.1 0.9957042336 -0.0902451575 0.0207093731 0.0924517512 0.9812766314 -0.1689640582 -0.0050734365 0.1701528430 0.9854046106
1.4 -290.8 2813.4 0.9957721233 -0.0887518004 0.0236852597 0.0917097479 0.9751875401 -0.2014909536 -0.0052148858 0.2028112411 0.9792039394
-157.9 -112.9 2853.8 -0.0942323953 -0.7198601961 -0.6876928806 0.6594557762 0.4723516703 -0.5848093629 0.7458139062 -0.5086110234 0.4302051365
-131.7 -296.0 2646.7 -0.3037009239 -0.7236941457 -0.6197035909 0.4276061952 0.4777078927 -0.7674295306 0.8514215946 -0.4980581403 0.1643757820
125.9 -86.7 2852.3 -0.0639613867 0.7844107747 0.6169348955 -0.7802680731 0.3461042941 -0.5209544301 -0.6221660972 -0.5146955848 0.5899133682
109.8 -282.9 2695.9 -0.3885145187 0.7844107747 0.4834834039 -0.3726796508 0.3461042941 -0.8610004187 -0.8427136540 -0.5146955848 0.1578674018
-69.0 -491.9 2776.7 0.9463748336 0.2860600948 -0.1501474530 -0.1314285249 -0.0836653411 -0.9877887964 -0.2951290607 0.9545521140 -0.0415823199
-180.9 -459.1 2403.2 0.9463748336 0.2800888419 0.1610120088 -0.1314285249 0.7890515327 -0.6001034975 -0.2951290607 0.5467613339 0.7835502028
111.0 -475.4 2778.2 0.9999164939 0.0064606229 -0.0111902412 -0.0106395734 -0.0797559842 -0.9967576265 -0.0073321639 0.9967935085 -0.0796805844
107.5 -431.9 2234.3 0.9999164939 0.0120045021 0.0047804904 -0.0106395734 0.9748582244 -0.2225718200 -0.0073321639 0.2225023657 0.9749045968
-53.8 -405.8 2428.1 0 0 0 0 0 0 0 0 0
10.4 -378.2 2480.3 0 0 0 0 0 0 0 0 0
-286.4 -756.3 2197.4 0 0 0 0 0 0 0 0 0
103.0 -799.0 2150.5 0 0 0 0 0 0 0 0 0
-34.0 99.1 2886.6 3 0.9965564013 -0.0828351900 -0.0036949641 0.0809261501 0.9813638330 -0.1742870212 0.0180632025 0.1733878255 0.9846879840
-17.0 -102.7 2851.0 0.9965564013 -0.0828351900 -0.0036949641 0.0809261501 0.9813638330 -0.1742870212 0.0180632025 0.1733878255 0.9846879840
-1.1 -293.7 2810.8 0.9967015386 -0.0811473951 -0.0010434901 0.0791940764 0.9753578305 -0.2059257179 0.0177281108 0.2051638514 0.9785670638
-159.0 -114.0 2848.4 -0.0943703726 -0.7019663453 -0.7059302330 0.6667098999 0.4820342362 -0.5684548616 0.7393187284 -0.5242959857 0.4225181639
-133.6 -293.5 2649.4 -0.3033515215 -0.7055996656 -0.6403959990 0.4482914805 0.4873647392 -0.7493399382 0.8408403993 -0.5143974423 0.1684714705
125.0 -91.4 2853.5 -0.0496361405 0.7182250619 0.6940381527 -0.7643555403 0.4199699163 -0.4892707765 -0.6428816915 -0.5547774434 0.5281336308
112.7 -281.6 2693.6 -0.4128342271 0.7182250619 0.5601077080 -0.3846114874 0.4199699163 -0.8220092654 -0.8256160617 -0.5547774434 0.1028596759
-71.2 -490.0 2774.1 0.9470502734 0.2806296647 -0.1560218334 -0.1399713010 -0.0764866322 -0.9871969819 -0.2889703512 0.9567636847 -0.0331565887
-181.1 -460.1 2399.6 0.9470502734 0.2802329361 0.1567333043 -0.1399713010 0.7996338606 -0.5839466453 -0.2889703512 0.5310886502 0.7965180278
108.8 -473.5 2773.2 0.9998918176 0.0017624995 -0.0146012241 -0.0144263692 -0.0755517557 -0.9970375299 -0.0028604262 0.9971403480 -0.0755181611
107.8 -432.6 2233.5 0.9998918176 0.0147041315 -0.0003011279 -0.0144263692 0.9766103625 -0.2145322859 -0.0028604262 0.2145134211 0.9767168760
-55.7 -408.5 2433.6 0 0 0 0 0 0 0 0 0
7.0 -380.0 2482.3 0 0 0 0 0 0 0 0 0
-286.6 -761.2 2199.6 0 0 0 0 0 0 0 0 0
102.3 -800.4 2152.7 0 0 0 0 0 0 0 0 0
-34.3 98.0 2885.5 4 0.9974431992 -0.0714526325 0.0012638769 0.0705812946 0.9822007418 -0.1740687639 0.0111962911 0.1737129092 0.9847326875
-19.5 -105.4 2849.5 0.9974431992 -0.0714526325 0.0012638769 0.0705812946 0.9822007418 -0.1740687639 0.0111962911 0.1737129092 0.9847326875
-5.7 -296.4 2808.7 0.9975146651 -0.0703584924 0.0037647728 0.0695946068 0.9755229950 -0.2085940093 0.0110037383 0.2083375901 0.9779950976
-161.7 -115.3 2847.9 -0.0997194797 -0.7000077367 -0.7071387172 0.6625621319 0.4834948480 -0.5720525384 0.7423391342 -0.5255681276 0.4155848026
-134.3 -297.2 2644.1 -0.2912581563 -0.7057535052 -0.6458178163 0.4538556337 0.4923353493 -0.7427119017 0.8421304822 -0.5094289780 0.1769135147
122.6 -95.4 2851.1 -0.0460135899 0.7024400234 0.7102540135 -0.7575078011 0.4389646053 -0.4832101464 -0.6512024999 -0.5602571964 0.5119054317
111.2 -283.3 2689.6 -0.4252673984 0.7024400234 0.5707238317 -0.3723463416 0.4389646053 -0.8177213669 -0.8249277472 -0.5602571964 0.0748736411
-75.2 -491.9 2769.0 0.9479764700 0.2832048833 -0.1453809440 -0.1375620365 -0.0474150404 -0.9893575907 -0.2870841324 0.9578866363 -0.0059901024
-186.1 -473.4 2394.0 0.9479764700 0.2780677676 0.1549804360 -0.1375620365 0.7968572974 -0.5882984996 -0.2870841324 0.5363737345 0.7936535478
104.9 -477.6 2772.2 0.9998828769 -0.0053244345 -0.0143486289 -0.0147416890 -0.0831160098 -0.9964308143 0.0041128299 0.9965256453 -0.0831847638
107.8 -432.5 2231.8 0.9998828769 0.0136425691 -0.0069363588 -0.0147416890 0.9803027511 -0.1969497949 0.0041128299 0.1970289797 0.9803890586
-59.5 -413.7 2427.9 0 0 0 0 0 0 0 0 0
2.3 -378.6 2478.4 0 0 0 0 0 0 0 0 0
-290.8 -773.5 2192.0 0 0 0 0 0 0 0 0 0
102.6 -801.7 2157.6 0 0 0 0 0 0 0 0 0
-35.9 96.4 2885.4 5 0.9976330996 -0.0684409961 0.0066394908 0.0685332417 0.9817895293 -0.1771793365 0.0056077475 0.1772149950 0.9841561913
-21.8 -106.1 2848.8 0.9976330996 -0.0684409961 0.0066394908 0.0685332417 0.9817895293 -0.1771793365 0.0056077475 0.1772149950 0.9841561913
-8.9 -296.8 2806.4 0.9978043437 -0.0655721277 0.0093160197 0.0660335869 0.9741040468 -0.2162427157 0.0051047234 0.2163830996 0.9762951732
-163.9 -115.5 2848.1 -0.0907811821 -0.7017879486 -0.7065779567 0.6570897102 0.4909339845 -0.5720287561 0.7483260632 -0.5162145495 0.4165700972
-138.4 -300.1 2637.8 -0.3078345060 -0.6984917521 -0.6460241079 0.4585889876 0.4859909415 -0.7439817786 0.8336270452 -0.5252828002 0.1707158536
120.4 -96.7 2849.5 -0.0399446972 0.7281833887 0.6842173338 -0.7649756670 0.4182445407 -0.4897792637 -0.6428192854 -0.5429736972 0.5403359532
110.6 -284.9 2691.4 -0.4136998653 0.7281833887 0.5464442968 -0.3634046912 0.4182445407 -0.8324713707 -0.8347391486 -0.5429736972 0.0915975720
-82.1 -493.8 2766.9 0.9507314563 0.2730268836 -0.1468538493 -0.1424911469 -0.0358541459 -0.9891464710 -0.2753289044 0.9613380432 0.0048162527
-189.0 -479.7 2390.5 0.9507314563 0.2751623690 0.1428124607 -0.1424911469 0.7969731092 -0.5869669318 -0.2753289044 0.5376983881 0.7969155908
98.2 -481.2 2768.9 0.9996891022 -0.0175425131 -0.0177182294 -0.0192456320 -0.0911168754 -0.9956542253 0.0158518478 0.9956856966 -0.0914261714
107.6 -432.2 2233.3 0.9996891022 0.0152893700 -0.0196954459 -0.0192456320 0.9753824472 -0.2196784914 0.0158518478 0.2199892551 0.9753735065
-59.4 -417.9 2423.8 0 0 0 0 0 0 0 0 0
4.7 -377.9 2477.7 0 0 0 0 0 0 0 0 0
-292.6 -779.9 2188.0 0 0 0 0 0 0 0 0 0
101.9 -799.4 2150.5 0 0 0 0 0 0 0 0 0
-35.1 97.6 2886.3 6 0.9968450665 -0.0661334321 0.0438897908 0.0730996504 0.9803882837 -0.1830171496 -0.0309254844 0.1856480539 0.9821295142
-21.5 -104.4 2848.1 0.9968450665 -0.0661334321 0.0438897908 0.0730996504 0.9803882837 -0.1830171496 -0.0309254844 0.1856480539 0.9821295142
-8.6 -295.1 2805.2 0.9967760444 -0.0656466335 0.0461306907 0.0741228387 0.9735218287 -0.2162431180 -0.0307136029 0.2189652920 0.9752491117
-163.5 -115.0 2852.4 -0.0792474896 -0.7237326503 -0.6855151057 0.6491827369 0.4843962193 -0.5864487290 0.7564929724 -0.4914991558 0.4314475358
-141.1 -298.3 2638.9 -0.3142697811 -0.7114198804 -0.6285827160 0.4586548805 0.4659432471 -0.7566588521 0.8311859965 -0.5260975361 0.1798643172
120.5 -93.9 2843.7 -0.0417600982 0.7872121930 0.6152666807 -0.7912402749 0.3499595523 -0.5014650226 -0.6100777984 -0.5077649951 0.6082596183
110.4 -284.3 2696.8 -0.3865193129 0.7872121930 0.4805203378 -0.3615812659 0.3499595523 -0.8641685247 -0.8484467268 -0.5077649951 0.1493750662
-86.3 -493.6 2763.6 0.9517105818 0.2634221315 -0.1576571167 -0.1570993364 -0.0233198088 -0.9873074293 -0.2637551427 0.9643987417 0.0191897303
-189.4 -484.5 2386.0 0.9517105818 0.2793318033 0.1273606122 -0.1570993364 0.7995564342 -0.5796803236 -0.2637551427 0.5316796303 0.8048291802
94.1 -481.6 2764.5 0.9994420409 -0.0269114468 -0.0197838135 -0.0221959576 -0.0925065950 -0.9954646230 0.0249592606 0.9953483343 -0.0930523053
108.4 -432.5 2235.3 0.9994420409 0.0158097614 -0.0294223838 -0.0221959576 0.9726186991 -0.2313443720 0.0249592606 0.2318683565 0.9724268913
-60.4 -416.0 2425.5 0 0 0 0 0 0 0 0 0
11.5 -376.9 2479.7 0 0 0 0 0 0 0 0 0
-294.6 -785.6 2185.7 0 0 0 0 0 0 0 0 0
102.5 -798.7 2148.0 0 0 0 0 0 0 0 0 0
-34.8 97.6 2885.8 7 0.9971936345 -0.0629210174 0.0405691229 0.0692150816 0.9813639522 -0.1792598367 -0.0285338610 0.1815647483 0.9829649329
-21.8 -104.1 2848.5 0.9971936345 -0.0629210174 0.0405691229 0.0692150816 0.9813639522 -0.1792598367 -0.0285338610 0.1815647483 0.9829649329
-9.5 -294.9 2805.9 0.9970727563 -0.0633119792 0.0428667106 0.0710874721 0.9740563035 -0.2148507833 -0.0281519629 0.2172691375 0.9757056832
-163.9 -114.2 2852.5 -0.0712218881 -0.7213515639 -0.6888971925 0.6516785026 0.4892175496 -0.5796389580 0.7551440597 -0.4902224839 0.4352463484
-143.8 -298.0 2639.5 -0.3294385374 -0.7043532729 -0.6287739873 0.4551898241 0.4649666250 -0.7593472600 0.8272076249 -0.5363698006 0.1674364954
120.2 -94.0 2844.5 -0.0061206948 0.6733149290 0.7393304706 -0.7718578577 0.4668774605 -0.4315795004 -0.6357656717 -0.5732995868 0.5168458223
118.7 -287.8 2684.8 -0.4426289797 0.6733149290 0.5922217369 -0.3665575683 0.4668774605 -0.8047738671 -0.8183612227 -0.5732995868 0.0401551910
-85.8 -492.5 2765.1 0.9512079358 0.2601613998 -0.1658898741 -0.1612713039 -0.0391562097 -0.9861330390 -0.2630493939 0.9647708535 0.0047108722
-187.7 -477.2 2387.3 0.9512079358 0.2807026207 0.1280993968 -0.1612713039 0.8062417507 -0.5691799521 -0.2630493939 0.5207497478 0.8121728301
93.0 -480.5 2763.3 0.9984915257 -0.0486332811 -0.0254859943 -0.0296272747 -0.0864259899 -0.9958176613 0.0462272279 0.9950705171 -0.0877364874
118.5 -435.1 2240.5 0.9984915257 0.0178763736 -0.0519150011 -0.0296272747 0.9714680314 -0.2353126556 0.0462272279 0.2364957780 0.9705322385
-59.2 -414.9 2427.1 0 0 0 0 0 0 0 0 0
5.6 -381.5 2475.7 0 0 0 0 0 0 0 0 0
-293.4 -780.8 2191.1 0 0 0 0 0 0 0 0 0
111.8 -801.0 2151.5 0 0 0 0 0 0 0 0 0
-38.9 108.3 2899.5 8 0.9952123761 -0.0905015022 0.0369020849 0.0961264968 0.9746091366 -0.2022294998 -0.0176630337 0.2048085779 0.9786426425
-20.0 -94.5 2856.9 0.9952123761 -0.0905015022 0.0369020849 0.0961264968 0.9746091366 -0.2022294998 -0.0176630337 0.2048085779 0.9786426425
-2.6 -283.9 2810.4 0.9952313304 -0.0890017971 0.0399156287 0.0959215462 0.9672918916 -0.2348305881 -0.0177097190 0.2375395298 0.9712164402
-161.8 -108.2 2859.4 -0.0532515757 -0.7297443151 -0.6816432476 0.6565847397 0.4887189567 -0.5745000243 0.7523700595 -0.4781495929 0.4531139135
-146.3 -298.8 2641.0 -0.3343499303 -0.7099894881 -0.6197782159 0.4438095093 0.4615308642 -0.7681291699 0.8314104080 -0.5318874121 0.1607872546
121.7 -80.9 2854.4 0.0047823493 0.6443675160 0.7647010088 -0.7692286968 0.4909917116 -0.4089184999 -0.6389556527 -0.5862743855 0.4980140924
123.0 -287.8 2682.5 -0.4555828869 0.6443675160 0.6141943336 -0.3692766726 0.4909917116 -0.7890259027 -0.8099870086 -0.5862743855 0.0142624890
-87.2 -492.1 2765.9 0.9512975216 0.2520066202 -0.1775546968 -0.1723618507 -0.0427187718 -0.9841069579 -0.2555863857 0.9667821527 0.0027980648
-185.9 -475.3 2387.3 0.9512975216 0.2851685584 0.1170978472 -0.1723618507 0.8069508076 -0.5649086833 -0.2555863857 0.5172130466 0.8168024421
92.4 -479.9 2762.7 0.9990431070 -0.0402955301 -0.0170056783 -0.0204961933 -0.0878570601 -0.9959222078 0.0386371426 0.9953177571 -0.0885988921
113.6 -433.7 2239.2 0.9990431070 0.0107402829 -0.0423977487 -0.0204961933 0.9713158011 -0.2369081527 0.0386371426 0.2375504375 0.9706065059
-60.5 -412.7 2427.5 0 0 0 0 0 0 0 0 0
6.5 -382.2 2475.4 0 0 0 0 0 0 0 0 0
-293.3 -779.3 2192.5 0 0 0 0 0 0 0 0 0
109.6 -799.5 2149.8 0 0 0 0 0 0 0 0 0
-38.9 108.3 2892.9 9 0.9960212708 -0.0868018419 0.0201769471 0.0890249535 0.9793986082 -0.1812535971 -0.0040281285 0.1823287010 0.9832293987
-20.7 -97.1 2854.7 0.9960212708 -0.0868018419 0.0201769471 0.0890249535 0.9793986082 -0.1812535971 -0.0040281285 0.1823287010 0.9832293987
-5.3 -287.4 2811.4 0.9966192842 -0.0787464827 0.0234310497 0.0819752663 0.9721366763 -0.2196139842 -0.0054843551 0.2207922935 0.9753054380
-162.7 -108.8 2855.4 -0.0590640567 -0.7157889009 -0.6958144307 0.6750928760 0.4848274291 -0.5560503006 0.7353645563 -0.5025819540 0.4545881152
-146.5 -294.1 2653.5 -0.3158925772 -0.7134487629 -0.6254620552 0.4272233546 0.4816490412 -0.7651760578 0.8471670747 -0.5089254379 0.1526526213
121.3 -85.4 2853.9 0.0455090664 0.5831470490 0.8110908866 -0.7629904747 0.5443721414 -0.3485750258 -0.6448057294 -0.6029912829 0.4697095156
132.5 -273.8 2694.7 -0.4516973197 0.5831470490 0.6752103567 -0.3996655643 0.5443721414 -0.7375136614 -0.7976446152 -0.6029912829 -0.0128276125
-75.1 -481.9 2765.5 0.9476248026 0.2767339647 -0.1594540030 -0.1586944461 -0.0252911393 -0.9870037436 -0.2771702409 0.9606136680 0.0199496336
-183.4 -472.0 2389.4 0.9476248026 0.2877253294 0.1386413127 -0.1586944461 0.8008858562 -0.5774062276 -0.2771702409 0.5251628160 0.8045997024
104.4 -464.9 2763.3 0.9999017715 -0.0115558477 -0.0079346020 -0.0086341091 -0.0617973357 -0.9980513453 0.0110429926 0.9980218410 -0.0618910380
110.5 -432.4 2237.8 0.9999017715 0.0058430801 -0.0127418190 -0.0086341091 0.9728091359 -0.2314472795 0.0110429926 0.2315345556 0.9727640152
-65.4 -403.8 2436.1 0 0 0 0 0 0 0 0 0
17.0 -376.1 2490.6 0 0 0 0 0 0 0 0 0
-291.8 -773.6 2191.6 0 0 0 0 0 0 0 0 0
108.3 -798.8 2150.6 0 0 0 0 0 0 0 0 0
-41.9 113.6 2890.6 00 0.9954872131 -0.0893472359 0.0319732875 0.0935553610 0.9804723859 -0.1729776412 -0.0158938505 0.1751883030 0.9844066501
-23.4 -90.3 2854.2 0.9954872131 -0.0893472359 0.0319732875 0.0935553610 0.9804723859 -0.1729776412 -0.0158938505 0.1751883030 0.9844066501
-6.6 -280.8 2812.0 0.9957039356 -0.0854955465 0.0355547294 0.0911339149 0.9727953076 -0.2129879594 -0.0163779519 0.2153131962 0.9764077067
-165.2 -103.3 2856.5 -0.0668376237 -0.7252238989 -0.6852613091 0.6752903461 0.4727151692 -0.5661477447 0.7345173359 -0.5005903244 0.4581415355
-146.1 -296.7 2646.2 -0.3481832743 -0.7142886519 -0.6070915461 0.4213400185 0.4592684507 -0.7820134759 0.8374013305 -0.5280759931 0.1410487741
118.5 -77.3 2851.8 0.0315154903 0.6758237481 0.7363892198 -0.7931394577 0.4652447701 -0.3930357397 -0.6082240939 -0.5716726184 0.5506848693
126.5 -278.7 2697.4 -0.4330842197 0.6758237481 0.5964062214 -0.3769399524 0.4652447701 -0.8009142280 -0.8187516928 -0.5716726184 0.0532548055
-80.0 -485.1 2768.7 0.9491062164 0.2624455690 -0.1741253883 -0.1681445539 -0.0452596359 -0.9847227931 -0.2663170099 0.9638847709 0.0011725941
-182.7 -467.4 2391.3 0.9491062164 0.2884833515 0.1263910234 -0.1681445539 0.8034316897 -0.5711610317 -0.2663170099 0.5208405256 0.8110489249
100.0 -470.5 2768.2 0.9995849729 -0.0203051101 -0.0204338897 -0.0217856131 -0.0687455833 -0.9973963499 0.0188475028 0.9974275827 -0.0691594109
110.9 -433.5 2231.8 0.9995849729 0.0172665771 -0.0230587646 -0.0217856131 0.9768217206 -0.2129430771 0.0188475028 0.2133570611 0.9767924547
-56.8 -404.8 2431.3 0 0 0 0 0 0 0 0 0
15.7 -375.2 2487.9 0 0 0 0 0 0 0 0 0
-291.4 -770.0 2195.2 0 0 0 0 0 0 0 0 0
104.4 -801.3 2151.5 0 0 0 0 0 0 0 0 0
-41.6 111.5 2898.9 01 0.9956464171 -0.0888641477 0.0281303916 0.0926932469 0.9757001400 -0.1985375583 -0.0098039564 0.2002807111 0.9796894789
-23.0 -92.2 2857.1 0.9956464171 -0.0888641477 0.0281303916 0.0926932469 0.9757001400 -0.1985375583 -0.0098039564 0.2002807111 0.9796894789
-6.7 -281.9 2811.3 0.9960563779 -0.0830969363 0.0310909022 0.0880583152 0.9687185884 -0.2320129871 -0.0108387657 0.2338358164 0.9722156525
-165.0 -104.8 2858.7 -0.0663174689 -0.7210680842 -0.6896831393 0.6725546718 0.4782870710 -0.5647226572 0.7370700240 -0.5013005733 0.4532389343
-146.5 -292.0 2653.4 -0.3506601155 -0.7089220881 -0.6119370461 0.4224940240 0.4634004831 -0.7789472342 0.8357848525 -0.5316854715 0.1370192915
118.9 -79.7 2855.6 0.0261641126 0.6791334152 0.7335484028 -0.7848284245 0.4684504569 -0.4057074189 -0.6191605330 -0.5650946498 0.5452597737
125.5 -277.2 2699.7 -0.4141403437 0.6791334152 0.6060244441 -0.3910821974 0.4684504569 -0.7922176719 -0.8219138980 -0.5650946498 0.0715927556
-79.9 -479.5 2771.3 0.9505485296 0.2653201222 -0.1614395976 -0.1601202488 -0.0267452598 -0.9867351055 -0.2661184072 0.9637893438 0.0170604549
-183.8 -469.0 2393.9 0.9505485296 0.2833991647 0.1270528436 -0.1601202488 0.7977091670 -0.5813962221 -0.2661184072 0.5323016047 0.8036392331
100.0 -463.1 2768.6 0.9994758964 -0.0195664670 -0.0257885698 -0.0268472806 -0.0559280813 -0.9980737567 0.0180864725 0.9982430339 -0.0564240739
110.5 -433.0 2231.5 0.9994758964 0.0224019159 -0.0233677384 -0.0268472806 0.9769617319 -0.2117190957 0.0180864725 0.2122355103 0.9770511389
-56.5 -400.5 2438.9 0 0 0 0 0 0 0 0 0
19.5 -377.3 2489.4 0 0 0 0 0 0 0 0 0
-290.5 -769.5 2193.5 0 0 0 0 0 0 0 0 0
102.1 -800.9 2151.5 0 0 0 0 0 0 0 0 0
-43.1 111.8 2904.1 02 0.9939653277 -0.1083313823 -0.0172404591 0.1021291539 0.9712682962 -0.2149593532 0.0400319546 0.2119013965 0.9764708281
-20.4 -91.9 2859.7 0.9939653277 -0.1083313823 -0.0172404591 0.1021291539 0.9712682962 -0.2149593532 0.0400319546 0.2119013965 0.9764708281
-1.0 -280.9 2812.5 0.9950133562 -0.0987286642 -0.0141805131 0.0923264697 0.9654762149 -0.2435806841 0.0377393439 0.2410567999 0.9697769880
-162.0 -105.0 2854.3 -0.0491639636 -0.7006538510 -0.7118055224 0.6791328788 0.4991152287 -0.5382030010 0.7323669791 -0.5098707080 0.4512985945
-148.4 -292.6 2652.0 -0.3623771667 -0.6863306165 -0.6305814981 0.4224151969 0.4821500182 -0.7675263882 0.8308117390 -0.5445012450 0.1151963398
121.3 -78.8 2865.0 -0.0020795749 0.7135101557 0.7006418109 -0.7740818262 0.4424171448 -0.4528403580 -0.6330821514 -0.5432958007 0.5513951778
120.7 -275.7 2703.9 -0.3924597800 0.7135101557 0.5804124475 -0.3899917006 0.4424171448 -0.8075726032 -0.8329956532 -0.5432958007 0.1046321094
-80.5 -479.5 2766.5 0.9500262737 0.2703164816 -0.1561378390 -0.1605619490 -0.0058128708 -0.9870086312 -0.2677123249 0.9627539515 0.0378801636
-186.3 -477.2 2389.5 0.9500262737 0.2852955163 0.1267141998 -0.1605619490 0.7946779132 -0.5854117274 -0.2677123249 0.5358110666 0.8007725477
99.5 -463.7 2764.7 0.9995713234 -0.0191120077 -0.0221796576 -0.0232176818 -0.0559212491 -0.9981651902 0.0178366266 0.9982522726 -0.0563410111
109.8 -433.7 2230.6 0.9995713234 0.0191813242 -0.0221197382 -0.0232176818 0.9795737267 -0.1997405142 0.0178366266 0.2001684457 0.9795991182
-55.4 -401.1 2438.7 0 0 0 0 0 0 0 0 0
20.3 -375.6 2490.7 0 0 0 0 0 0 0 0 0
-293.8 -776.5 2187.7 0 0 0 0 0 0 0 0 0
102.5 -802.6 2155.2 0 0 0 0 0 0 0 0 0
-42.7 109.9 2905.2 03 0.9941573143 -0.1077703908 -0.0060675046 0.1040055826 0.9714363813 -0.2132938206 0.0288809519 0.2114165425 0.9769692421
-20.4 -91.4 2861.4 0.9941573143 -0.1077703908 -0.0060675046 0.1040055826 0.9714363813 -0.2132938206 0.0288809519 0.2114165425 0.9769692421
-0.4 -280.2 2813.2 0.9947822094 -0.1019947678 -0.0023233315 0.0982401669 0.9638080001 -0.2478366792 0.0275172908 0.2463152856 0.9687990546
-162.1 -105.4 2857.5 -0.0673126727 -0.7084936500 -0.7024996877 0.6694936156 0.4899738431 -0.5583045483 0.7397616506 -0.5078999996 0.4413504899
-143.0 -295.4 2647.6 -0.3327627778 -0.6993271708 -0.6326218843 0.4408809841 0.4776481390 -0.7599185705 0.8336023688 -0.5317835808 0.1493765563
121.3 -77.5 2865.3 0.0377002433 0.6451243758 0.7631469369 -0.7725338340 0.5032275915 -0.3872382045 -0.6338533759 -0.5749579072 0.5173522234
130.7 -270.6 2706.9 -0.4163893163 0.6451243758 0.6406516433 -0.3993892372 0.5032275915 -0.7663225532 -0.8167669177 -0.5749579072 0.0481171273
-71.5 -478.3 2762.0 0.9460973740 0.2945742309 -0.1346318424 -0.1421567798 0.0041782707 -0.9898353219 -0.2910174727 0.9556194544 0.0458287783
-186.8 -479.9 2387.9 0.9460973740 0.2846908867 0.1544370949 -0.1421567798 0.7934545279 -0.5917950273 -0.2910174727 0.5379414558 0.7911559939
108.2 -461.7 2768.9 0.9996511340 -0.0028381790 -0.0262605026 -0.0263711121 -0.0509863421 -0.9983510971 0.0014945721 0.9986953139 -0.0510434024
109.7 -434.2 2229.7 0.9996511340 0.0256079230 -0.0064732973 -0.0263711121 0.9814801812 -0.1897397488 0.0014945721 0.1898442507 0.9818130732
-57.6 -408.5 2433.6 0 0 0 0 0 0 0 0 0
24.1 -372.8 2497.8 0 0 0 0 0 0 0 0 0
-294.0 -778.8 2185.2 0 0 0 0 0 0 0 0 0
100.1 -803.8 2158.2 0 0 0 0 0 0 0 0 0
-41.5 105.6 2906.2 04 0.9949806929 -0.0990393609 0.0143036675 0.0997139439 0.9692942500 -0.2247794569 0.0083975503 0.2250774950 0.9743046761
-21.1 -93.6 2860.0 0.9949806929 -0.0990393609 0.0143036675 0.0997139439 0.9692942500 -0.2247794569 0.0083975503 0.2250774950 0.9743046761
-2.8 -281.9 2809.5 0.9954291582 -0.0938694403 0.0175861511 0.0952251554 0.9615387917 -0.2576339841 0.0072741909 0.2581310272 0.9660825133
-162.9 -107.2 2858.9 -0.0690814257 -0.7167753577 -0.6938738227 0.6630420089 0.4866966605 -0.5687720776 0.7453878522 -0.4993590713 0.4416304529
-143.6 -292.6 2650.6 -0.3163648248 -0.7108283043 -0.6282009482 0.4372926950 0.4783833325 -0.7615277171 0.8418363333 -0.5156282783 0.1594963670
120.7 -80.1 2861.0 0.0322264358 0.6626967192 0.7481941581 -0.7746476531 0.4895901680 -0.4002779722 -0.6315714121 -0.5666873455 0.5291342139
128.5 -269.1 2706.9 -0.4073211551 0.6626967192 0.6284286380 -0.3993475437 0.4895901680 -0.7751277685 -0.8213470578 -0.5666873455 0.0652258694
-70.3 -477.8 2762.5 0.9453134537 0.3005940020 -0.1265925467 -0.1344376802 0.0054701958 -0.9909069538 -0.2971681952 0.9537364841 0.0455822088
-188.0 -479.9 2389.0 0.9453134537 0.2816246152 0.1645296514 -0.1344376802 0.7960285544 -0.5901398659 -0.2971681952 0.5357481837 0.7903574705
109.4 -460.1 2767.5 0.9998540282 0.0016062302 -0.0170099642 -0.0169132426 -0.0480207354 -0.9987031221 -0.0024209782 0.9988450408 -0.0479865596
108.6 -434.2 2229.1 0.9998540282 0.0170649029 -0.0008414065 -0.0169132426 0.9815866351 -0.1902672201 -0.0024209782 0.1902536750 0.9817319512
-62.4 -404.8 2434.5 0 0 0 0 0 0 0 0 0
24.2 -371.3 2496.6 0 0 0 0 0 0 0 0 0
-294.1 -779.8 2187.2 0 0 0 0 0 0 0 0 0
102.1 -803.9 2157.5 0 0 0 0 0 0 0 0 0
-39.8 108.6 2897.3 05 0.9949840307 -0.0845201164 0.0535078757 0.0932352021 0.9773702621 -0.1898803562 -0.0362482965 0.1939167380 0.9803481102
-22.4 -93.2 2857.2 0.9949840307 -0.0845201164 0.0535078757 0.0932352021 0.9773702621 -0.1898803562 -0.0362482965 0.1939167380 0.9803481102
-6.5 -282.8 2811.3 0.9951342344 -0.0803727433 0.0569917858 0.0914626718 0.9686461091 -0.2309964001 -0.0366390534 0.2350850552 0.9712839723
-164.0 -106.1 2862.4 -0.0671277344 -0.7353436947 -0.6743615270 0.6617595553 0.4730147719 -0.5816625357 0.7467048764 -0.4853108823 0.4548683167
-145.3 -290.9 2654.0 -0.3137669265 -0.7274976373 -0.6101618409 0.4334607422 0.4619952142 -0.7737390995 0.8447852135 -0.5072549582 0.1703828573
119.3 -80.2 2852.0 0.0217531510 0.6950689554 0.7186139226 -0.7911575437 0.4514109790 -0.4126716554 -0.6112254858 -0.5595598817 0.5597286820
124.6 -271.3 2704.4 -0.4074843526 0.6950689554 0.5923138261 -0.3938677907 0.4514109790 -0.8006848693 -0.8239081502 -0.5595598817 0.0898223668
-74.3 -478.9 2758.3 0.9465864301 0.2955756187 -0.1288763881 -0.1385006160 0.0117651355 -0.9902924895 -0.2911900580 0.9552468657 0.0520741232
-190.1 -483.5 2384.2 0.9465864301 0.2793166935 0.1611094624 -0.1385006160 0.8033990860 -0.5791091919 -0.2911900580 0.5258631706 0.7991722226
105.5 -461.6 2759.6 0.9999371171 -0.0043676929 -0.0103265466 -0.0105367908 -0.0512193851 -0.9986318350 0.0038327978 0.9986778498 -0.0512621887
107.9 -434.2 2225.3 0.9999371171 0.0096956855 -0.0056309840 -0.0105367908 0.9842747450 -0.1763297468 0.0038327978 0.1763779968 0.9843150377
-64.7 -402.1 2437.1 0 0 0 0 0 0 0 0 0
20.2 -372.2 2493.4 0 0 0 0 0 0 0 0 0
-295.3 -786.0 2186.1 0 0 0 0 0 0 0 0 0
104.2 -804.9 2158.9 0 0 0 0 0 0 0 0 0
-42.4 111.0 2892.3 06 0.9948522449 -0.0921715274 0.0421118662 0.0981586128 0.9797556400 -0.1744814962 -0.0251771118 0.1777169555 0.9837595224
-23.4 -91.5 2855.5 0.9948522449 -0.0921715274 0.0421118662 0.0981586128 0.9797556400 -0.1744814962 -0.0251771118 0.1777169555 0.9837595224
-6.1 -281.7 2812.4 0.9950381517 -0.0881829187 0.0460742339 0.0961474255 0.9713475108 -0.2173470110 -0.0255877972 0.2206984907 0.9750064015
-165.1 -105.1 2859.2 -0.0676504970 -0.7322492003 -0.6776684523 0.6727581024 0.4680970013 -0.5729587674 0.7367631197 -0.4946678877 0.4609595835
-146.5 -289.6 2657.2 -0.3172470331 -0.7253452539 -0.6109243631 0.4394939542 0.4583964646 -0.7724750638 0.8403567076 -0.5135629773 0.1733599454
118.4 -77.8 2851.9 -0.0000181604 0.7370891571 0.6757954955 -0.7954413295 0.4095421135 -0.4467083514 -0.6060305834 -0.5375638008 0.5863037109
118.4 -277.2 2700.0 -0.3999917209 0.7370891571 0.5447074771 -0.3767682314 0.4095421135 -0.8308555484 -0.8354952335 -0.5375638008 0.1138983220
-80.6 -480.7 2768.6 0.9509019852 0.2704314291 -0.1505064666 -0.1537100524 -0.0094215581 -0.9880710840 -0.2686235011 0.9626931548 0.0326090530
-186.4 -477.0 2391.8 0.9509019852 0.2802890539 0.1312379539 -0.1537100524 0.7957535982 -0.5857895613 -0.2686235011 0.5368558764 0.7997669578
99.1 -464.3 2762.0 0.9997517467 -0.0169521663 -0.0144585902 -0.0153825516 -0.0557041205 -0.9983288050 0.0161184333 0.9983034134 -0.0559510589
108.3 -434.3 2224.9 0.9997517467 0.0122575471 -0.0186058935 -0.0153825516 0.9838377833 -0.1784001738 0.0161184333 0.1786420941 0.9837821126
-65.1 -402.4 2441.4 0 0 0 0 0 0 0 0 0
16.0 -373.7 2486.0 0 0 0 0 0 0 0 0 0
-292.0 -776.7 2189.6 0 0 0 0 0 0 0 0 0
103.6 -804.8 2157.7 0 0 0 0 0 0 0 0 0
-43.2 109.5 2888.8 07 0.9940493703 -0.1088566855 -0.0040147351 0.1064976454 0.9789323807 -0.1742115915 0.0228942502 0.1727473587 0.9847000837
-20.5 -94.7 2852.7 0.9940493703 -0.1088566855 -0.0040147351 0.1064976454 0.9789323807 -0.1742115915 0.0228942502 0.1727473587 0.9847000837
-0.7 -285.3 2812.4 0.9948471785 -0.1013850346 -0.0004366587 0.0990896896 0.9732173085 -0.2074349672 0.0214557648 0.2063228190 0.9782487154
-162.1 -108.9 2849.7 -0.0641690344 -0.7113981247 -0.6998535991 0.6806585193 0.4816541374 -0.5520083904 0.7297850847 -0.5117831826 0.4533119202
-145.0 -290.1 2655.4 -0.3130240142 -0.7121276259 -0.6284028888 0.4317131341 0.4826588929 -0.7620131969 0.8459548950 -0.5098182559 0.1563510299
121.1 -80.6 2855.8 -0.0281081218 0.7475164533 0.6636483669 -0.7827594280 0.3964495063 -0.4797034860 -0.6216893196 -0.5329605937 0.5739821196
114.1 -275.9 2700.7 -0.3925640583 0.7475164533 0.5358289480 -0.3835698068 0.3964495063 -0.8340874910 -0.8359232545 -0.5329605937 0.1310929060
-78.6 -480.5 2771.5 0.9500677586 0.2752985060 -0.1469079107 -0.1500029266 -0.0099001341 -0.9886359572 -0.2736244202 0.9613078237 0.0318897851
-186.5 -476.6 2395.1 0.9500677586 0.2827053368 0.1320942789 -0.1500029266 0.7849691510 -0.6011011004 -0.2736244202 0.5512722731 0.7881805301
101.1 -463.2 2766.9 0.9996389151 -0.0151431905 -0.0221985988 -0.0229609329 -0.0521780252 -0.9983738065 0.0139602860 0.9985229969 -0.0525068864
109.3 -434.9 2225.0 0.9996389151 0.0198956300 -0.0180626120 -0.0229609329 0.9816124439 -0.1894988418 0.0139602860 0.1898451447 0.9817147851
-64.6 -400.9 2438.2 0 0 0 0 0 0 0 0 0
13.6 -374.1 2486.6 0 0 0 0 0 0 0 0 0
-292.9 -772.2 2187.5 0 0 0 0 0 0 0 0 0
101.9 -804.5 2153.5 0 0 0 0 0 0 0 0 0
-41.7 110.5 2889.0 08 0.9947202802 -0.1022490487 -0.0087609990 0.0992768854 0.9803913236 -0.1702262461 0.0259946790 0.1684577167 0.9853660464
-20.6 -92.4 2854.2 0.9947202802 -0.1022490487 -0.0087609990 0.0992768854 0.9803913236 -0.1702262461 0.0259946790 0.1684577167 0.9853660464
-2.0 -283.3 2814.6 0.9954656959 -0.0949679539 -0.0053993785 0.0918869078 0.9747427106 -0.2035520673 0.0245939288 0.2021329701 0.9790492058
-162.3 -105.5 2850.7 -0.0832307935 -0.7054266334 -0.7038791776 0.6759174466 0.4790575504 -0.5600352287 0.7322623730 -0.5223764181 0.4369378388
-139.0 -295.0 2645.4 -0.2965466082 -0.7146548033 -0.6335050464 0.4303114414 0.4922025502 -0.7566826940 0.8525797129 -0.4969961643 0.1615631282
121.2 -79.3 2857.7 -0.0331115499 0.7523635030 0.6579154730 -0.7787946463 0.3931509554 -0.4887854755 -0.6264044642 -0.5285654664 0.5729188323
112.9 -273.5 2701.5 -0.3840577006 0.7523635030 0.5352091193 -0.3901187778 0.3931509554 -0.8326101303 -0.8368434906 -0.5285654664 0.1425184757
-70.7 -484.9 2770.2 0.9451897144 0.2893866003 -0.1512341946 -0.1456530988 -0.0408586338 -0.9884916544 -0.2922354639 0.9563398957 0.0035308946
-184.0 -468.9 2395.8 0.9451897144 0.2879093587 0.1540279090 -0.1456530988 0.7939571142 -0.5902688503 -0.2922354639 0.5354813933 0.7923749685
108.9 -466.9 2774.0 0.9998505712 -0.0001489378 -0.0172850993 -0.0172631275 -0.0597342066 -0.9980650544 -0.0008838621 0.9982143044 -0.0597278550
109.0 -434.2 2227.6 0.9998505712 0.0171232633 -0.0023644555 -0.0172631275 0.9821627140 -0.1872389466 -0.0008838621 0.1872517914 0.9823115468
-62.9 -405.5 2426.5 0 0 0 0 0 0 0 0 0
14.6 -373.4 2487.2 0 0 0 0 0 0 0 0 0
-292.4 -767.8 2194.2 0 0 0 0 0 0 0 0 0
102.5 -804.1 2157.0 0 0 0 0 0 0 0 0 0
-40.2 107.9 2887.7 09 0.9957023263 -0.0922003463 -0.0087159313 0.0895153061 0.9822745323 -0.1646928340 0.0237461738 0.1632048339 0.9863063693
-21.2 -94.3 2854.1 0.9957023263 -0.0922003463 -0.0087159313 0.0895153061 0.9822745323 -0.1646928340 0.0237461738 0.1632048339 0.9863063693
-3.7 -285.4 2814.9 0.9959832430 -0.0893825516 -0.0053035812 0.0864862651 0.9756655097 -0.2014869153 0.0231839363 0.2002189159 0.9794768691
-163.1 -106.6 2850.8 -0.0886157453 -0.7035295367 -0.7051194906 0.6688270569 0.4825532436 -0.5655198693 0.7381176353 -0.5217169523 0.4277777672
-138.2 -294.2 2643.8 -0.3030920923 -0.7128787041 -0.6324073672 0.4207802415 0.4953131080 -0.7600058913 0.8550316691 -0.4964562953 0.1498398036
120.7 -82.0 2857.4 -0.0446751937 0.7816578150 0.6221054792 -0.7797667980 0.3619811833 -0.5108163953 -0.6244741082 -0.5079180002 0.5933392048
109.7 -274.1 2703.5 -0.3699229956 0.7816578150 0.5021633506 -0.3865951598 0.3619811833 -0.8482415676 -0.8448083401 -0.5079180002 0.1682799608
-73.3 -482.5 2772.9 0.9469498992 0.2816841900 -0.1547254622 -0.1513611674 -0.0338034444 -0.9879003763 -0.2835061550 0.9589115381 0.0106258783
-183.6 -469.2 2397.4 0.9469498992 0.2879884839 0.1426484287 -0.1513611674 0.7911968231 -0.5925346613 -0.2835061550 0.5395091772 0.7928140163
106.5 -465.8 2777.3 0.9998621345 -0.0030707424 -0.0163190477 -0.0164717939 -0.0589749329 -0.9981235862 0.0021025655 0.9982547164 -0.0590173826
108.2 -433.5 2229.6 0.9998621345 0.0156907253 -0.0054352498 -0.0164717939 0.9786246419 -0.2049939781 0.0021025655 0.2050552368 0.9787481427
-60.4 -402.2 2424.2 0 0 0 0 0 0 0 0 0
15.0 -373.1 2487.2 0 0 0 0 0 0 0 0 0
-292.1 -767.2 2194.2 0 0 0 0 0 0 0 0 0
102.3 -802.0 2152.4 0 0 0 0 0 0 0 0 0
-39.4 104.5 2887.0 10 0.9952465892 -0.0965446979 -0.0127796512 0.0931308866 0.9818918705 -0.1649697870 0.0284751933 0.1629954427 0.9862158298
-19.4 -99.0 2853.2 0.9952465892 -0.0965446979 -0.0127796512 0.0931308866 0.9818918705 -0.1649697870 0.0284751933 0.1629954427 0.9862158298
-1.2 -290.1 2814.6 0.9956042171 -0.0931763947 -0.0095053976 0.0894401893 0.9759587049 -0.1987588555 0.0277965106 0.1970349997 0.9800023437
-161.3 -111.8 2849.2 -0.0782699138 -0.7036660314 -0.7062067389 0.6675187349 0.4891558290 -0.5613780618 0.7404677868 -0.5153452158 0.4314240813
-140.1 -293.0 2648.2 -0.3140968978 -0.7074640989 -0.6331174970 0.4205206037 0.4942084849 -0.7608681917 0.8511789441 -0.5052253008 0.1422738731
122.4 -86.3 2857.1 -0.0541045181 0.7849482894 0.6171944141 -0.7743949890 0.3572277427 -0.5222075582 -0.6303848624 -0.5062060356 0.5885323882
109.2 -276.2 2702.5 -0.3687582016 0.7849482894 0.4978690743 -0.3871829212 0.3572277427 -0.8499869108 -0.8450483680 -0.5062060356 0.1721878946
-76.2 -484.3 2773.6 0.9484288096 0.2715157866 -0.1635907739 -0.1563860625 -0.0481189154 -0.9865231514 -0.2757284343 0.9612303376 -0.0031760824
-182.5 -465.5 2397.2 0.9484288096 0.2870502174 0.1344802380 -0.1563860625 0.7927291393 -0.5891722441 -0.2757284343 0.5377570987 0.7967377901
103.8 -468.7 2777.8 0.9998508692 -0.0091460133 -0.0146492636 -0.0152212195 -0.0659621209 -0.9977059960 0.0081587359 0.9977802038 -0.0660914928
108.8 -432.6 2232.2 0.9998508692 0.0130571211 -0.0113031883 -0.0152212195 0.9754733443 -0.2195907384 0.0081587359 0.2197300494 0.9755265713
-59.4 -400.9 2429.6 0 0 0 0 0 0 0 0 0
14.7 -375.3 2486.1 0 0 0 0 0 0 0 0 0
-290.6 -764.0 2194.6 0 0 0 0 0 0 0 0 0
103.9 -799.9 2149.5 0 0 0 0 0 0 0 0 0
-38.7 102.0 2885.6 11 0.9944306612 -0.1010469347 -0.0299521592 0.0948424563 0.9819238782 -0.1637997180 0.0459621996 0.1600467265 0.9860388041
-17.8 -101.0 2852.5 0.9944306612 -0.1010469347 -0.0299521592 0.0948424563 0.9819238782 -0.1637997180 0.0459621996 0.1600467265 0.9860388041
1.5 -292.1 2814.4 0.9947620630 -0.0987421498 -0.0264283288 0.0915953666 0.9758459926 -0.1983303726 0.0453735441 0.1948708147 0.9797788262
-159.6 -114.1 2846.1 -0.0949637890 -0.6956155300 -0.7121102214 0.6644589901 0.4883746505 -0.5656716228 0.7412665486 -0.5268863440 0.4158301055
-133.9 -293.9 2645.4 -0.2986118495 -0.7048039436 -0.6434923410 0.4319443703 0.5014368296 -0.7496567369 0.8510317206 -0.5018092990 0.1547011137
123.9 -88.0 2859.0 -0.0756400153 0.8121606112 0.5785098672 -0.7646257281 0.3251460195 -0.5564418435 -0.6400203705 -0.4844328165 0.5964048505
105.2 -277.4 2700.4 -0.3547850847 0.8121606112 0.4631659091 -0.3839196861 0.3251460195 -0.8642255068 -0.8524864912 -0.4844328165 0.1964475065
-72.9 -489.4 2773.5 0.9470511079 0.2809240222 -0.1554858387 -0.1451934278 -0.0572222322 -0.9877471924 -0.2863791585 0.9580225945 -0.0134040555
-182.9 -467.0 2398.3 0.9470511079 0.2850960493 0.1476970166 -0.1451934278 0.7905360460 -0.5949551463 -0.2863791585 0.5420082808 0.7900721431
107.0 -473.2 2778.5 0.9998566508 -0.0033667574 -0.0165940858 -0.0167994406 -0.0747759491 -0.9970588684 0.0021160168 0.9971946478 -0.0748217925
108.9 -432.3 2233.2 0.9998566508 0.0159047637 -0.0058083744 -0.0167994406 0.9746937156 -0.2229124010 0.0021160168 0.2229780257 0.9748211503
-57.2 -404.8 2426.9 0 0 0 0 0 0 0 0 0
14.3 -375.7 2482.1 0 0 0 0 0 0 0 0 0
-290.3 -764.7 2194.2 0 0 0 0 0 0 0 0 0
102.9 -799.4 2149.3 0 0 0 0 0 0 0 0 0
-39.0 99.1 2885.9 12 0.9942549467 -0.1043672338 -0.0237598680 0.0990647599 0.9813051820 -0.1650041044 0.0405367017 0.1617023796 0.9860066772
-17.5 -103.1 2852.6 0.9942549467 -0.1043672338 -0.0237598680 0.0990647599 0.9813051820 -0.1650041044 0.0405367017 0.1617023796 0.9860066772
2.5 -294.1 2813.7 0.9946192503 -0.1016749144 -0.0198699757 0.0956068113 0.9747219086 -0.2019321620 0.0398991331 0.1989458948 0.9791979194
-159.2 -116.8 2846.9 -0.1049104631 -0.7005430460 -0.7058563828 0.6539067030 0.4861667454 -0.5796964169 0.7492662072 -0.5223804116 0.4070858061
-130.6 -295.3 2642.4 -0.2822127938 -0.7106539011 -0.6444586515 0.4391686022 0.5015444160 -0.7453751564 0.8529284000 -0.4933804274 0.1705546379
124.3 -89.5 2858.3 -0.0686835349 0.7938896418 0.6041703224 -0.7634310126 0.3480286300 -0.5441039801 -0.6422271132 -0.4986133575 0.5821761489
107.3 -278.7 2699.2 -0.3671153784 0.7938896418 0.4847324193 -0.3793523014 0.3480286300 -0.8573026657 -0.8493044972 -0.4986133575 0.1733972132
-69.1 -491.6 2772.1 0.9448553920 0.2967221439 -0.1385794729 -0.1277903616 -0.0555539504 -0.9902440906 -0.3015259802 0.9533466101 -0.0145722199
-185.3 -469.8 2398.8 0.9448553920 0.2801971138 0.1695224792 -0.1277903616 0.7920628190 -0.5969138145 -0.3015259802 0.5423339009 0.7841913104
110.4 -475.4 2777.4 0.9997184873 0.0182961728 -0.0151058612 -0.0135609247 -0.0818056539 -0.9965560436 -0.0194689073 0.9964803457 -0.0815345123
100.4 -430.6 2231.2 0.9997184873 0.0176453702 0.0158612058 -0.0135609247 0.9735024571 -0.2282742262 -0.0194689073 0.2279948592 0.9734676480
-58.1 -408.0 2423.4 0 0 0 0 0 0 0 0 0
13.3 -375.8 2481.7 0 0 0 0 0 0 0 0 0
-290.8 -768.1 2194.5 0 0 0 0 0 0 0 0 0
93.7 -797.2 2145.4 0 0 0 0 0 0 0 0 0
-34.3 94.1 2887.6 13 0.9961981773 -0.0866606608 0.0088936379 0.0868878663 0.9810193777 -0.1733537167 0.0062981169 0.1734673977 0.9848194718
-16.5 -107.2 2852.0 0.9961981773 -0.0866606608 0.0088936379 0.0868878663 0.9810193777 -0.1733537167 0.0062981169 0.1734673977 0.9848194718
0.2 -298.1 2811.3 0.9962985516 -0.0851309076 0.0119149340 0.0857457221 0.9744178057 -0.2077439576 0.0060753082 0.2079966664 0.9781106710
-158.4 -119.5 2851.2 -0.1040372774 -0.7117434740 -0.6946923733 0.6431291103 0.4846570194 -0.5928680301 0.7586574554 -0.5084572434 0.4073205590
-129.7 -296.5 2642.3 -0.2789959013 -0.7157365680 -0.6402205825 0.4508092105 0.4910434484 -0.7454175949 0.8478987813 -0.4965857863 0.1856615543
125.4 -95.0 2852.9 -0.0706631616 0.8030928969 0.5916489959 -0.7685404420 0.3342770636 -0.5455313325 -0.6358870268 -0.4932551384 0.5935882926
108.5 -278.9 2700.7 -0.3689117134 0.8030928969 0.4679165781 -0.3711277544 0.3342770636 -0.8663273454 -0.8521550894 -0.4932551384 0.1747313440
-67.5 -493.6 2771.1 0.9441907406 0.3009941578 -0.1338147968 -0.1225401238 -0.0561225414 -0.9908754826 -0.3057577610 0.9519730806 -0.0161065217
-185.4 -471.6 2398.2 0.9441907406 0.2792315781 0.1747387201 -0.1225401238 0.7901574969 -0.6005289555 -0.3057577610 0.5456013680 0.7802764177
112.1 -476.5 2776.9 0.9997996688 0.0142205087 -0.0140872626 -0.0128356190 -0.0845671222 -0.9963350892 -0.0153597109 0.9963163137 -0.0843676478
104.3 -430.4 2232.8 0.9997996688 0.0159243867 0.0121279741 -0.0128356190 0.9749590158 -0.2220137864 -0.0153597109 0.2218136340 0.9749680758
-58.1 -412.3 2424.6 0 0 0 0 0 0 0 0 0
14.0 -373.9 2482.5 0 0 0 0 0 0 0 0 0
-290.6 -769.2 2192.7 0 0 0 0 0 0 0 0 0
98.3 -797.6 2149.2 0 0 0 0 0 0 0 0 0
-32.7 92.1 2886.9 14 0.9969101548 -0.0752902701 -0.0223940704 0.0698407814 0.9800693989 -0.1859735996 0.0359497480 0.1838349551 0.9822995067
-17.3 -108.0 2849.4 0.9969101548 -0.0752902701 -0.0223940704 0.0698407814 0.9800693989 -0.1859735996 0.0359497480 0.1838349551 0.9822995067
-3.0 -298.6 2806.9 0.9971318245 -0.0730242059 -0.0198884755 0.0669209957 0.9734327197 -0.2189756781 0.0353506170 0.2170166671 0.9755275846
-159.3 -117.5 2844.4 -0.1109703928 -0.6854808331 -0.7195843458 0.6606397629 0.4900405705 -0.5686962008 0.7424558401 -0.5384944081 0.3984758854
-129.5 -294.6 2645.4 -0.2793261707 -0.6981879473 -0.6591740847 0.4520707726 0.5100284219 -0.7317807078 0.8471180201 -0.5023988485 0.1731660664
