216.6 -58.5 2796.2 68 0.9840248227 0.1445316076 0.1039507613 -0.0093804803 0.6251714230 -0.7804310918 -0.1777840108 0.7669884562 0.6165399551
187.8 -183.3 2643.1 0.9840248227 0.1445316076 0.1039507613 -0.0093804803 0.6251714230 -0.7804310918 -0.1777840108 0.7669884562 0.6165399551
158.1 -306.4 2489.9 0.9834180474 0.1493707150 0.1028460264 -0.0119495774 0.6192427874 -0.7851086855 -0.1809588969 0.7708610892 0.6107594371
49.4 -181.6 2668.6 0.3209344745 -0.3549017012 -0.8780921698 0.4569341540 0.8701187968 -0.1846739203 0.8295856118 -0.3419620693 0.4414178133
-39.1 -307.6 2439.8 -0.2573911548 -0.3549017012 -0.8987739086 0.2606988847 0.8701187968 -0.4182455838 0.9304761291 -0.3419620693 -0.1314384192
326.1 -184.9 2617.7 -0.0699397400 0.0861150026 0.9938272834 -0.4167665541 0.9026296735 -0.1075423285 -0.9063189626 -0.4217154384 -0.0272398274
306.5 -301.7 2363.8 -0.5132582784 0.0861804783 0.8538962603 -0.3224820197 0.9026708007 -0.2849399745 -0.7953435183 -0.4216139913 -0.4355116189
38.2 -428.4 2353.3 0.9432633519 0.3291704059 -0.0436018445 -0.2145019174 0.5038371682 -0.8367419243 -0.2534624636 0.7986206412 0.5458588600
-92.6 -628.7 2035.8 0.9432633519 0.3291704059 -0.0436018445 -0.2145019174 0.5038371682 -0.8367419243 -0.2534624636 0.7986206412 0.5458588600
218.6 -430.6 2320.1 0.9439147115 -0.0265117455 0.3291233480 0.2999081016 0.4858267307 -0.8209918141 -0.1381309927 0.8736529946 0.4665300846
229.1 -623.7 1972.8 0.9439147115 -0.0265117455 0.3291233480 0.2999081016 0.4858267307 -0.8209918141 -0.1381309927 0.8736529946 0.4665300846
27.8 -375.3 2198.0 0 0 0 0 0 0 0 0 0
173.2 -385.5 2157.1 0 0 0 0 0 0 0 0 0
-218.5 -821.3 1730.5 0 0 0 0 0 0 0 0 0
239.3 -809.5 1638.8 0 0 0 0 0 0 0 0 0
216.3 -55.9 2796.0 69 0.9874185920 0.1404732466 0.0726073310 -0.0324129388 0.6292192936 -0.7765516639 -0.1547706723 0.7644281387 0.6258559823
188.2 -181.5 2643.4 0.9874185920 0.1404732466 0.0726073310 -0.0324129388 0.6292192936 -0.7765516639 -0.1547706723 0.7644281387 0.6258559823
159.5 -306.0 2491.2 0.9868830442 0.1444464773 0.0720904917 -0.0347726569 0.6262715459 -0.7788290977 -0.1576473415 0.7661064863 0.6230795979
49.4 -176.6 2665.6 0.3098384440 -0.3804748654 -0.8713431954 0.4707598686 0.8576138020 -0.2070837170 0.8260661364 -0.3460309207 0.4448340535
-36.8 -307.6 2435.7 -0.2409629077 -0.3804748654 -0.8928470016 0.2693123221 0.8576138020 -0.4381431341 0.9324203730 -0.3460309207 -0.1041865498
327.0 -186.4 2621.3 -0.0758479163 0.1166454330 0.9902731776 -0.4004446864 0.9059631228 -0.1373856962 -0.9131764174 -0.4069700539 -0.0220053755
305.2 -301.3 2359.1 -0.5132523775 0.0938821062 0.8530874252 -0.3375353813 0.8918165565 -0.3012193441 -0.7890766263 -0.4425487220 -0.4260384142
40.2 -427.3 2353.3 0.9408947229 0.3308126628 -0.0726639628 -0.2424970418 0.5081863999 -0.8264029026 -0.2364577204 0.7951789498 0.5583710074
-91.3 -629.4 2037.2 0.9408947229 0.3308126628 -0.0726639628 -0.2424970418 0.5081863999 -0.8264029026 -0.2364577204 0.7951789498 0.5583710074
221.2 -433.7 2324.4 0.9531865120 -0.0214959905 0.3016179502 0.2747685611 0.4780155420 -0.8342681527 -0.1262446493 0.8780882955 0.4615443945
229.8 -623.7 1975.3 0.9531865120 -0.0214959905 0.3016179502 0.2747685611 0.4780155420 -0.8342681527 -0.1262446493 0.8780882955 0.4615443945
25.8 -377.6 2193.4 0 0 0 0 0 0 0 0 0
171.8 -389.1 2154.0 0 0 0 0 0 0 0 0 0
-217.7 -823.7 1733.2 0 0 0 0 0 0 0 0 0
238.0 -806.5 1639.7 0 0 0 0 0 0 0 0 0
216.1 -55.0 2795.9 70 0.9853029251 0.1471540332 0.0867400467 -0.0253654476 0.6282132268 -0.7776276469 -0.1689222902 0.7639986277 0.6227129102
186.7 -180.4 2643.4 0.9853029251 0.1471540332 0.0867400467 -0.0253654476 0.6282132268 -0.7776276469 -0.1689222902 0.7639986277 0.6227129102
157.3 -304.9 2491.2 0.9851942062 0.1480874568 0.0863853619 -0.0258273035 0.6263241768 -0.7791347504 -0.1694853157 0.7653679848 0.6208756566
48.1 -176.8 2667.2 0.3049480617 -0.3992055058 -0.8646627069 0.4783154726 0.8492931128 -0.2234178782 0.8235417604 -0.3454506993 0.4499364495
-36.0 -308.7 2440.0 -0.2324895561 -0.3992055058 -0.8868954778 0.2706939876 0.8492931128 -0.4532394409 0.9341698885 -0.3454506993 -0.0893892497
325.3 -184.0 2619.5 -0.0600917116 0.1032726094 0.9928362370 -0.4092834592 0.9046308994 -0.1188696921 -0.9104262590 -0.4134945273 -0.0120930448
308.4 -299.5 2362.6 -0.5075083971 0.0829289109 0.8576468229 -0.3470152318 0.8913959265 -0.2915368378 -0.7886797190 -0.4455738664 -0.4236133397
37.5 -427.1 2354.6 0.9423946738 0.3288436234 -0.0612713844 -0.2303143442 0.5050480366 -0.8317943215 -0.2425852716 0.7979902029 0.5516919494
-93.3 -627.9 2037.3 0.9423946738 0.3288436234 -0.0612713844 -0.2303143442 0.5050480366 -0.8317943215 -0.2425852716 0.7979902029 0.5516919494
218.2 -431.8 2323.5 0.9488823414 -0.0296054799 0.3142385185 0.2891772091 0.4805205464 -0.8279350996 -0.1264866590 0.8764836192 0.4645186961
229.9 -622.8 1975.1 0.9488823414 -0.0296054799 0.3142385185 0.2891772091 0.4805205464 -0.8279350996 -0.1264866590 0.8764836192 0.4645186961
24.4 -379.1 2197.2 0 0 0 0 0 0 0 0 0
176.4 -389.7 2157.6 0 0 0 0 0 0 0 0 0
-219.0 -821.0 1732.3 0 0 0 0 0 0 0 0 0
241.3 -806.5 1640.0 0 0 0 0 0 0 0 0 0
215.3 -55.5 2795.3 71 0.9848567247 0.1488527060 0.0888823420 -0.0238331389 0.6240484715 -0.7810220718 -0.1717241406 0.7670765519 0.6181459427
185.6 -180.2 2642.0 0.9848567247 0.1488527060 0.0888823420 -0.0238331389 0.6240484715 -0.7810220718 -0.1717241406 0.7670765519 0.6181459427
156.6 -304.5 2489.6 0.9853389859 0.1455348134 0.0890322626 -0.0217872653 0.6249183416 -0.7803860307 -0.1692112386 0.7670049667 0.6189272404
46.9 -177.2 2665.8 0.3110939264 -0.3442484438 -0.8858405948 0.4671487808 0.8671063185 -0.1729124039 0.8276427984 -0.3600273728 0.4305667281
-39.6 -307.2 2435.5 -0.2492056936 -0.3442484438 -0.9052013755 0.2853220105 0.8671063185 -0.4083111882 0.9254662991 -0.3600273728 -0.1178661659
324.2 -183.3 2618.2 -0.0546423346 0.0998931229 0.9934966564 -0.4108879268 0.9045866132 -0.1135523245 -0.9100468755 -0.4144205451 -0.0083838478
308.8 -299.5 2360.9 -0.5114358068 0.0795465261 0.8556318283 -0.3476632833 0.8914225101 -0.2906822860 -0.7858521938 -0.4461371005 -0.4282499552
37.3 -426.7 2352.6 0.9436378479 0.3260000348 -0.0571974479 -0.2257409096 0.5075336099 -0.8315351605 -0.2420508564 0.7975798249 0.5525195003
-92.3 -628.5 2035.5 0.9436378479 0.3260000348 -0.0571974479 -0.2257409096 0.5075336099 -0.8315351605 -0.2420508564 0.7975798249 0.5525195003
218.1 -430.7 2321.6 0.9480011463 -0.0284028370 0.3169969320 0.2906886637 0.4828240573 -0.8260635734 -0.1295911968 0.8752566576 0.4659741521
229.4 -622.7 1973.6 0.9480011463 -0.0284028370 0.3169969320 0.2906886637 0.4828240573 -0.8260635734 -0.1295911968 0.8752566576 0.4659741521
25.1 -381.3 2195.0 0 0 0 0 0 0 0 0 0
175.8 -389.9 2156.6 0 0 0 0 0 0 0 0 0
-216.9 -822.6 1730.6 0 0 0 0 0 0 0 0 0
240.2 -807.3 1638.9 0 0 0 0 0 0 0 0 0
215.6 -55.2 2797.1 72 0.9844110012 0.1547086686 0.0836670995 -0.0311840605 0.6216832995 -0.7826477289 -0.1730968207 0.7678379416 0.6168163419
184.7 -179.2 2643.9 0.9844110012 0.1547086686 0.0836670995 -0.0311840605 0.6216832995 -0.7826477289 -0.1730968207 0.7678379416 0.6168163419
154.3 -303.1 2491.5 0.9846414328 0.1530635506 0.0839810148 -0.0302519910 0.6233245134 -0.7813778520 -0.1719478965 0.7668364048 0.6183816195
46.2 -174.9 2668.1 0.3169946671 -0.3858763576 -0.8663797379 0.4845435619 0.8511688113 -0.2018147558 0.8153109550 -0.3558245003 0.4567898810
-42.6 -310.7 2439.7 -0.2553971410 -0.3858763576 -0.8864940405 0.2720624208 0.8511688113 -0.4488804936 0.9277684689 -0.3558245003 -0.1124036312
323.3 -183.4 2619.7 -0.0473394692 0.1064560711 0.9931898713 -0.4137087166 0.9029245973 -0.1164999381 -0.9091777205 -0.4164063334 0.0012978297
309.9 -300.0 2363.6 -0.5105453730 0.0896330327 0.8551662564 -0.3405257165 0.8921585679 -0.2968086004 -0.7895477414 -0.4427403510 -0.4249650538
33.5 -424.2 2354.8 0.9456230998 0.3193774819 -0.0616038777 -0.2265677005 0.5108749270 -0.8292610645 -0.2333754301 0.7981258035 0.5554557443
-93.5 -627.4 2037.5 0.9456230998 0.3193774819 -0.0616038777 -0.2265677005 0.5108749270 -0.8292610645 -0.2333754301 0.7981258035 0.5554557443
214.2 -429.8 2323.2 0.9497661591 -0.0350089744 0.3109962344 0.2885574698 0.4826602638 -0.8269060850 -0.1211564019 0.8751076460 0.4685164690
228.1 -621.7 1975.3 0.9497661591 -0.0350089744 0.3109962344 0.2885574698 0.4826602638 -0.8269060850 -0.1211564019 0.8751076460 0.4685164690
23.7 -381.4 2198.6 0 0 0 0 0 0 0 0 0
177.2 -388.5 2158.3 0 0 0 0 0 0 0 0 0
-215.6 -822.7 1732.3 0 0 0 0 0 0 0 0 0
241.5 -806.2 1640.7 0 0 0 0 0 0 0 0 0
215.6 -53.7 2797.4 73 0.9841327071 0.1488706321 0.0965420976 -0.0180152655 0.6251253486 -0.7803164721 -0.1765171140 0.7661957145 0.6178882122
185.9 -178.5 2644.4 0.9841327071 0.1488706321 0.0965420976 -0.0180152655 0.6251253486 -0.7803164721 -0.1765171140 0.7661957145 0.6178882122
156.4 -303.1 2492.3 0.9841655493 0.1484642476 0.0968325809 -0.0178769641 0.6266527772 -0.7790935040 -0.1763479412 0.7650259137 0.6193841696
47.4 -176.0 2669.2 0.3193170428 -0.3407327533 -0.8842724562 0.4695036709 0.8674325943 -0.1647028327 0.8231663704 -0.3625767827 0.4369612932
-42.6 -308.4 2437.1 -0.2543568909 -0.3407327533 -0.9050987363 0.2862190604 0.8674325943 -0.4069881737 0.9237863421 -0.3625767827 -0.1231132224
324.4 -181.0 2619.6 -0.0624103807 0.0924781635 0.9937568903 -0.4217706919 0.8999760151 -0.1102392301 -0.9045520425 -0.4260175824 -0.0171632692
306.9 -299.1 2366.3 -0.4947469532 0.0857782513 0.8647933602 -0.3423360884 0.8954169154 -0.2846657336 -0.7987686992 -0.4368874729 -0.4136397839
36.6 -426.0 2356.4 0.9437211156 0.3265646398 -0.0524020977 -0.2206371427 0.5035699010 -0.8353062868 -0.2463933825 0.7998580337 0.5472818613
-93.3 -626.2 2038.4 0.9437211156 0.3265646398 -0.0524020977 -0.2206371427 0.5035699010 -0.8353062868 -0.2463933825 0.7998580337 0.5472818613
217.2 -429.3 2324.0 0.9456520677 -0.0289149210 0.3238921463 0.2970370650 0.4821406305 -0.8242022991 -0.1323298216 0.8756165504 0.4645260870
228.7 -621.0 1975.9 0.9456520677 -0.0289149210 0.3238921463 0.2970370650 0.4821406305 -0.8242022991 -0.1323298216 0.8756165504 0.4645260870
23.5 -382.8 2197.0 0 0 0 0 0 0 0 0 0
178.3 -388.1 2158.7 0 0 0 0 0 0 0 0 0
-218.1 -818.8 1732.6 0 0 0 0 0 0 0 0 0
239.7 -805.3 1641.1 0 0 0 0 0 0 0 0 0
215.3 -52.6 2797.6 74 0.9834452271 0.1469253749 0.1060585007 -0.0097798072 0.6274768710 -0.7785737514 -0.1809414923 0.7646474242 0.6185260415
186.0 -177.8 2644.9 0.9834452271 0.1469253749 0.1060585007 -0.0097798072 0.6274768710 -0.7785737514 -0.1809414923 0.7646474242 0.6185260415
156.8 -302.6 2493.0 0.9834654331 0.1467409730 0.1061262488 -0.0096933646 0.6278373599 -0.7782841921 -0.1808362156 0.7643868923 0.6188787818
47.6 -176.5 2670.4 0.3048203886 -0.3141806424 -0.8990967870 0.4609254003 0.8747705817 -0.1494127512 0.8334460258 -0.3688724935 0.4114617407
-39.3 -307.8 2432.9 -0.2407058030 -0.3141806424 -0.9183415771 0.3024511039 0.8747705817 -0.3785494864 0.9222711325 -0.3688724935 -0.1155380756
324.4 -179.2 2619.5 -0.0620569810 0.0824110508 0.9946644306 -0.4316617846 0.8963411450 -0.1011959836 -0.8998983502 -0.4356385469 -0.0200505238
307.0 -300.4 2366.8 -0.5021612644 0.0862978995 0.8604573011 -0.3330720961 0.8989443779 -0.2845381498 -0.7980582714 -0.4294783473 -0.4226716459
37.4 -426.6 2357.6 0.9441664219 0.3264524341 -0.0444807969 -0.2131223083 0.5022005439 -0.8380772471 -0.2512540817 0.8007642627 0.5437352061
-92.4 -626.2 2039.2 0.9441664219 0.3264524341 -0.0444807969 -0.2131223083 0.5022005439 -0.8380772471 -0.2512540817 0.8007642627 0.5437352061
217.9 -428.3 2324.4 0.9425994754 -0.0275927652 0.3327835202 0.3038403094 0.4842701256 -0.8204654455 -0.1385181993 0.8744833469 0.4648565650
228.8 -620.9 1976.7 0.9425994754 -0.0275927652 0.3327835202 0.3038403094 0.4842701256 -0.8204654455 -0.1385181993 0.8744833469 0.4648565650
23.3 -386.4 2193.2 0 0 0 0 0 0 0 0 0
176.4 -387.0 2159.3 0 0 0 0 0 0 0 0 0
-217.2 -818.2 1733.1 0 0 0 0 0 0 0 0 0
239.4 -806.0 1642.4 0 0 0 0 0 0 0 0 0
215.9 -51.8 2798.2 75 0.9810085893 0.1498403251 0.1231664419 0.0019701296 0.6272655725 -0.7788029313 -0.1939541548 0.7642550468 0.6150577068
186.0 -177.4 2645.2 0.9810085893 0.1498403251 0.1231664419 0.0019701296 0.6272655725 -0.7788029313 -0.1939541548 0.7642550468 0.6150577068
155.6 -301.9 2493.2 0.9805844426 0.1527880430 0.1229227856 0.0002133896 0.6260137558 -0.7798119783 -0.1960973144 0.7646977305 0.6138266921
48.0 -177.4 2672.8 0.2975639403 -0.2943760455 -0.9081841707 0.4540796876 0.8804270625 -0.1366010308 0.8398019671 -0.3717404306 0.3956535161
-37.2 -307.4 2432.5 -0.2389647812 -0.2943760455 -0.9253315926 0.3088096976 0.8804270625 -0.3598399460 0.9206152558 -0.3717404306 -0.1194848940
323.9 -177.4 2617.6 -0.0664776564 0.0669659078 0.9955381751 -0.4338765144 0.8965380192 -0.0892789140 -0.8985164762 -0.4378756881 -0.0305448119
305.4 -298.3 2367.1 -0.5016068816 0.0751484111 0.8618255258 -0.3340983689 0.9021011591 -0.2731150091 -0.7979779840 -0.4249308705 -0.4273931682
35.2 -426.3 2359.2 0.9465584159 0.3211640120 -0.0296787601 -0.1964249164 0.5010309219 -0.8428435326 -0.2558210492 0.8036302924 0.5373396873
-92.5 -625.6 2039.6 0.9465584159 0.3211640120 -0.0296787601 -0.1964249164 0.5010309219 -0.8428435326 -0.2558210492 0.8036302924 0.5373396873
215.2 -426.3 2323.2 0.9372238517 -0.0327201374 0.3471899033 0.3180805445 0.4883331656 -0.8126226068 -0.1429552138 0.8720436692 0.4680851400
228.2 -620.5 1976.5 0.9372238517 -0.0327201374 0.3471899033 0.3180805445 0.4883331656 -0.8126226068 -0.1429552138 0.8720436692 0.4680851400
24.9 -387.6 2193.2 0 0 0 0 0 0 0 0 0
175.0 -385.2 2159.7 0 0 0 0 0 0 0 0 0
-215.2 -817.1 1732.4 0 0 0 0 0 0 0 0 0
240.7 -807.2 1643.1 0 0 0 0 0 0 0 0 0
217.1 -51.8 2798.5 76 0.9824066162 0.1574262232 0.1004697308 -0.0203085802 0.6248424053 -0.7804867625 -0.1856468320 0.7647149563 0.6170464158
185.6 -176.8 2645.5 0.9824066162 0.1574262232 0.1004697308 -0.0203085802 0.6248424053 -0.7804867625 -0.1856468320 0.7647149563 0.6170464158
153.9 -300.9 2493.4 0.9821418524 0.1591504812 0.1003421247 -0.0213533696 0.6241781712 -0.7809901834 -0.1869263351 0.7649005055 0.6164298654
47.4 -173.8 2671.8 0.2936312854 -0.3245614767 -0.8991332054 0.4700885117 0.8680296540 -0.1598164588 0.8323445320 -0.3757450879 0.4074532688
-36.3 -307.9 2434.4 -0.2429482937 -0.3245614767 -0.9141312838 0.3074182570 0.8680296540 -0.3898955584 0.9200381041 -0.3757450879 -0.1111102104
323.8 -179.9 2619.2 -0.0557873212 0.0912750810 0.9942618608 -0.4223026037 0.9001963139 -0.1063347831 -0.9047365785 -0.4258114994 -0.0116738379
308.2 -298.0 2366.0 -0.5153629184 0.0869217291 0.8525524735 -0.3310360610 0.8974300623 -0.2916065454 -0.7904531956 -0.4325087965 -0.4337279499
32.2 -423.1 2358.5 0.9467786551 0.3180522025 -0.0495281294 -0.2136830539 0.5059589148 -0.8356704712 -0.2407276183 0.8017782569 0.5469934940
-94.2 -624.2 2039.7 0.9467786551 0.3180522025 -0.0495281294 -0.2136830539 0.5059589148 -0.8356704712 -0.2407276183 0.8017782569 0.5469934940
212.4 -427.0 2324.2 0.9448704123 -0.0379724056 0.3252352476 0.3016698062 0.4872111678 -0.8195246458 -0.1273389310 0.8724582195 0.4718065560
227.5 -620.7 1977.3 0.9448704123 -0.0379724056 0.3252352476 0.3016698062 0.4872111678 -0.8195246458 -0.1273389310 0.8724582195 0.4718065560
26.8 -387.8 2195.3 0 0 0 0 0 0 0 0 0
174.2 -384.1 2160.5 0 0 0 0 0 0 0 0 0
-215.8 -817.7 1733.2 0 0 0 0 0 0 0 0 0
242.0 -807.0 1643.7 0 0 0 0 0 0 0 0 0
217.9 -49.9 2799.6 77 0.9822225571 0.1569521725 0.1029799283 -0.0182454605 0.6258046031 -0.7797664404 -0.1868313551 0.7640252709 0.6175430417
186.4 -175.1 2646.7 0.9822225571 0.1569521725 0.1029799283 -0.0182454605 0.6258046031 -0.7797664404 -0.1868313551 0.7640252709 0.6175430417
155.2 -299.6 2494.9 0.9821789265 0.1571766287 0.1030534282 -0.0184192341 0.6261643767 -0.7794734836 -0.1870433986 0.7636842728 0.6179005504
48.2 -172.5 2673.0 0.2973656058 -0.3537941277 -0.8867939115 0.4741022885 0.8609234095 -0.1844937205 0.8287343979 -0.3655689359 0.4237436354
-36.3 -307.3 2437.4 -0.2358062863 -0.3537941277 -0.9051105380 0.2961218059 0.8609234095 -0.4136699140 0.9255848527 -0.3655689359 -0.0982449874
324.7 -177.7 2620.4 -0.0541749559 0.0881111026 0.9946363568 -0.4256109595 0.8990452290 -0.1028248370 -0.9032831192 -0.4288986921 -0.0112046869
309.4 -297.9 2365.4 -0.5205268860 0.0868768245 0.8494139910 -0.3277543187 0.8982704282 -0.2927239537 -0.7884344459 -0.4307698011 -0.4390996993
33.8 -422.4 2360.2 0.9466899633 0.3186813593 -0.0471202806 -0.2121866494 0.5067871809 -0.8355498910 -0.2423942238 0.8010049462 0.5473902225
-92.9 -623.9 2041.7 0.9466899633 0.3186813593 -0.0471202806 -0.2121866494 0.5067871809 -0.8355498910 -0.2423942238 0.8010049462 0.5473902225
214.1 -425.8 2325.9 0.9439725280 -0.0343644246 0.3282300234 0.3027711809 0.4859295189 -0.8198792934 -0.1313219815 0.8733221292 0.4691087008
227.7 -619.0 1978.7 0.9439725280 -0.0343644246 0.3282300234 0.3027711809 0.4859295189 -0.8198792934 -0.1313219815 0.8733221292 0.4691087008
25.0 -384.3 2196.8 0 0 0 0 0 0 0 0 0
174.0 -383.1 2160.4 0 0 0 0 0 0 0 0 0
-214.7 -817.7 1735.5 0 0 0 0 0 0 0 0 0
240.9 -804.8 1644.8 0 0 0 0 0 0 0 0 0
217.9 -52.6 2796.7 78 0.9840976596 0.1589712054 0.0792463720 -0.0379421487 0.6239674091 -0.7805287242 -0.1735287309 0.7651097178 0.6200765371
186.0 -177.8 2643.1 0.9840976596 0.1589712054 0.0792463720 -0.0379421487 0.6239674091 -0.7805287242 -0.1735287309 0.7651097178 0.6200765371
154.8 -302.3 2491.3 0.9843689799 0.1570447534 0.0797162056 -0.0368686318 0.6263497472 -0.7786698341 -0.1722162366 0.7635594010 0.6223493218
47.5 -172.6 2667.4 0.3063981235 -0.3950855136 -0.8660413623 0.4889205992 0.8459394574 -0.2129390985 0.8167477250 -0.3581813276 0.4523597062
-37.5 -308.2 2440.8 -0.2407935411 -0.3950855136 -0.8865246177 0.2809063196 0.8459394574 -0.4532968700 0.9290372133 -0.3581813276 -0.0927147493
324.5 -183.0 2618.9 -0.0498987436 0.1115718484 0.9925028086 -0.4125093818 0.9027174711 -0.1222178414 -0.9095857143 -0.4155152440 0.0009799659
310.6 -297.8 2365.7 -0.5258880854 0.0966409519 0.8450457454 -0.3277982473 0.8937484622 -0.3062057793 -0.7848503590 -0.4380344748 -0.4383329153
33.3 -423.4 2355.3 0.9443739057 0.3215890527 -0.0688360855 -0.2331112623 0.5069162846 -0.8298764825 -0.2319850773 0.7997601628 0.5536845326
-94.6 -625.0 2037.3 0.9443739057 0.3215890527 -0.0688360855 -0.2331112623 0.5069162846 -0.8298764825 -0.2319850773 0.7997601628 0.5536845326
213.8 -430.2 2323.7 0.9511658549 -0.0353127755 0.3066537082 0.2848992646 0.4828003645 -0.8280919194 -0.1188103035 0.8750181794 0.4692838192
227.9 -622.2 1975.8 0.9511658549 -0.0353127755 0.3066537082 0.2848992646 0.4828003645 -0.8280919194 -0.1188103035 0.8750181794 0.4692838192
25.1 -381.2 2199.3 0 0 0 0 0 0 0 0 0
173.9 -383.0 2161.7 0 0 0 0 0 0 0 0 0
-217.6 -818.8 1731.6 0 0 0 0 0 0 0 0 0
241.4 -806.8 1641.3 0 0 0 0 0 0 0 0 0
215.7 -54.9 2793.7 79 0.9847564697 0.1472069770 0.0926541537 -0.0198891740 0.6244862676 -0.7807825208 -0.1727978885 0.7670378089 0.6178947091
186.3 -179.6 2640.5 0.9847564697 0.1472069770 0.0926541537 -0.0198891740 0.6244862676 -0.7807825208 -0.1727978885 0.7670378089 0.6178947091
157.4 -304.1 2488.3 0.9850198030 0.1452053785 0.0930129960 -0.0187627319 0.6264354587 -0.7792474031 -0.1714175493 0.7658289671 0.6197757721
47.7 -177.0 2664.6 0.2823763192 -0.3517448306 -0.8924904466 0.4658269584 0.8635792136 -0.1929667890 0.8386112452 -0.3612568676 0.4077065587
-32.1 -308.6 2427.7 -0.2304946482 -0.3517448306 -0.9072749019 0.2941361964 0.8635792136 -0.4095300436 0.9275538325 -0.3612568676 -0.0955895036
324.9 -182.3 2616.4 -0.0528907366 0.0955807790 0.9940155149 -0.4143539071 0.9035733342 -0.1089316234 -0.9085776806 -0.4176357090 -0.0081863888
310.1 -298.3 2361.9 -0.5273687840 0.0813839659 0.8457297683 -0.3349677622 0.8948628306 -0.2949866951 -0.7808192968 -0.4388589859 -0.4446617067
38.2 -426.9 2351.7 0.9419599175 0.3312749565 -0.0544835925 -0.2259246707 0.5054421425 -0.8327582479 -0.2483336478 0.7967340350 0.5509493947
-93.5 -627.9 2035.0 0.9419599175 0.3312749565 -0.0544835925 -0.2259246707 0.5054421425 -0.8327582479 -0.2483336478 0.7967340350 0.5509493947
218.9 -430.4 2320.3 0.9467523098 -0.0257214848 0.3209336996 0.2925573289 0.4849122465 -0.8241785765 -0.1344255805 0.8741844893 0.4666168094
229.1 -623.2 1972.7 0.9467523098 -0.0257214848 0.3209336996 0.2925573289 0.4849122465 -0.8241785765 -0.1344255805 0.8741844893 0.4666168094
27.8 -385.0 2186.6 0 0 0 0 0 0 0 0 0
173.0 -385.4 2158.9 0 0 0 0 0 0 0 0 0
-220.2 -821.1 1730.4 0 0 0 0 0 0 0 0 0
239.0 -808.6 1638.5 0 0 0 0 0 0 0 0 0
216.7 -55.2 2794.3 80 0.9857921600 0.1465230882 0.0821269229 -0.0279901475 0.6253985167 -0.7798033357 -0.1656212509 0.7664252520 0.6206141114
187.5 -179.8 2641.5 0.9857921600 0.1465230882 0.0821269229 -0.0279901475 0.6253985167 -0.7798033357 -0.1656212509 0.7664252520 0.6206141114
159.1 -304.2 2489.0 0.9863101244 0.1429896504 0.0821357220 -0.0257519931 0.6255420446 -0.7797653675 -0.1628777236 0.7669752836 0.6206607223
48.7 -176.2 2664.4 0.2917957306 -0.3663267791 -0.8835496306 0.4773827195 0.8562470078 -0.1973493993 0.8288310766 -0.3642055988 0.4247272909
-33.2 -310.2 2431.8 -0.2318962514 -0.3663267791 -0.9011263847 0.2950518429 0.8562470078 -0.4240111411 0.9269134402 -0.3642055988 -0.0904750898
326.3 -183.5 2618.6 -0.0668898076 0.1058615297 0.9921285510 -0.4072666466 0.9048514366 -0.1240070611 -0.9108565450 -0.4123556614 -0.0174114723
307.4 -298.7 2360.9 -0.5188476443 0.0863601193 0.8504934311 -0.3386687338 0.8927169442 -0.2972540557 -0.7849207520 -0.4422650933 -0.4339365959
40.2 -426.2 2351.5 0.9396961331 0.3360479772 -0.0635838211 -0.2368104458 0.5051723123 -0.8298926353 -0.2467629313 0.7949042320 0.5542881489
-93.4 -627.0 2035.4 0.9396961331 0.3360479772 -0.0635838211 -0.2368104458 0.5051723123 -0.8298926353 -0.2467629313 0.7949042320 0.5542881489
221.1 -430.9 2321.6 0.9501066208 -0.0214141738 0.3111893237 0.2823869586 0.4828133285 -0.8289444447 -0.1324951947 0.8754614592 0.4647712409
229.6 -622.9 1973.5 0.9501066208 -0.0214141738 0.3111893237 0.2823869586 0.4828133285 -0.8289444447 -0.1324951947 0.8754614592 0.4647712409
27.1 -386.9 2190.9 0 0 0 0 0 0 0 0 0
172.5 -386.7 2156.8 0 0 0 0 0 0 0 0 0
-221.9 -820.2 1731.5 0 0 0 0 0 0 0 0 0
237.8 -807.5 1638.8 0 0 0 0 0 0 0 0 0
217.9 -56.7 2793.5 81 0.9832928777 0.1547750980 0.0958109349 -0.0224027988 0.6252403855 -0.7801105976 -0.1806465536 0.7649307847 0.6182618141
187.1 -181.2 2641.2 0.9832928777 0.1547750980 0.0958109349 -0.0224027988 0.6252403855 -0.7801105976 -0.1806465536 0.7649307847 0.6182618141
156.7 -305.6 2489.2 0.9835559726 0.1530380249 0.0959011093 -0.0213336907 0.6257347465 -0.7797441483 -0.1793391556 0.7648760676 0.6187099814
48.7 -178.2 2666.4 0.2972584665 -0.3651203513 -0.8822270036 0.4726952910 0.8590899706 -0.1962743551 0.8295761347 -0.3586803675 0.4279624522
-34.1 -309.9 2435.4 -0.2270760089 -0.3651203513 -0.9028419852 0.2914597988 0.8590899706 -0.4207322598 0.9292403460 -0.3586803675 -0.0886608139
325.5 -184.2 2616.0 -0.0590471886 0.0947787315 0.9937456250 -0.4124104083 0.9042415023 -0.1107471958 -0.9090825319 -0.4163703620 -0.0143051837
309.2 -298.4 2364.4 -0.5164217949 0.0819681883 0.8524023294 -0.3360405266 0.8961659670 -0.2897642851 -0.7876453996 -0.4360823333 -0.4352549613
36.1 -428.1 2353.6 0.9434701204 0.3270172179 -0.0540724620 -0.2220750898 0.5025467277 -0.8355414271 -0.2460624725 0.8003165126 0.5467602015
-94.0 -627.9 2035.4 0.9434701204 0.3270172179 -0.0540724620 -0.2220750898 0.5025467277 -0.8355414271 -0.2460624725 0.8003165126 0.5467602015
216.5 -432.0 2320.7 0.9461193085 -0.0303246025 0.3223951459 0.2963884771 0.4821149409 -0.8244507909 -0.1304303706 0.8755829930 0.4651261270
228.6 -623.7 1972.5 0.9461193085 -0.0303246025 0.3223951459 0.2963884771 0.4821149409 -0.8244507909 -0.1304303706 0.8755829930 0.4651261270
25.0 -385.7 2193.8 0 0 0 0 0 0 0 0 0
174.9 -385.7 2159.6 0 0 0 0 0 0 0 0 0
-219.0 -820.0 1729.4 0 0 0 0 0 0 0 0 0
240.2 -808.0 1637.8 0 0 0 0 0 0 0 0 0
217.8 -54.7 2796.7 82 0.9814533591 0.1538161486 0.1144113317 -0.0062614940 0.6222243309 -0.7828139663 -0.1915989518 0.7675790191 0.6116472483
187.0 -179.3 2643.0 0.9814533591 0.1538161486 0.1144113317 -0.0062614940 0.6222243309 -0.7828139663 -0.1915989518 0.7675790191 0.6116472483
156.1 -302.8 2490.4 0.9812849164 0.1549819559 0.1142828092 -0.0069399462 0.6215652823 -0.7833316326 -0.1924364865 0.7678783536 0.6110081673
48.9 -178.3 2670.1 0.2950666547 -0.3591527045 -0.8854066730 0.4669073820 0.8626878858 -0.1943376809 0.8336265087 -0.3560603559 0.4222414792
-34.1 -309.7 2435.5 -0.2231990099 -0.3591527045 -0.9061961770 0.2910477221 0.8626878858 -0.4135950506 0.9303082228 -0.3560603559 -0.0880204961
325.0 -180.2 2615.9 -0.0572891980 0.0764288083 0.9954278469 -0.4214169085 0.9020329118 -0.0935114846 -0.9050556421 -0.4248473346 -0.0194683522
308.8 -299.5 2359.7 -0.5233985186 0.0696897507 0.8492333889 -0.3382810056 0.8977481723 -0.2821598947 -0.7820613384 -0.4349615872 -0.4463053048
35.3 -425.8 2355.4 0.9456433654 0.3233285248 -0.0348898768 -0.2035064846 0.5046644211 -0.8389868736 -0.2536607087 0.8004826307 0.5430319905
-93.2 -626.4 2037.1 0.9456433654 0.3233285248 -0.0348898768 -0.2035064846 0.5046644211 -0.8389868736 -0.2536607087 0.8004826307 0.5430319905
215.3 -427.0 2320.1 0.9403100610 -0.0321077071 0.3388009071 0.3105599880 0.4880849123 -0.8156749606 -0.1391741633 0.8722053766 0.4689225256
228.1 -621.1 1973.3 0.9403100610 -0.0321077071 0.3388009071 0.3105599880 0.4880849123 -0.8156749606 -0.1391741633 0.8722053766 0.4689225256
23.9 -385.3 2193.7 0 0 0 0 0 0 0 0 0
172.7 -387.5 2156.4 0 0 0 0 0 0 0 0 0
-216.9 -819.4 1731.1 0 0 0 0 0 0 0 0 0
240.4 -807.7 1639.8 0 0 0 0 0 0 0 0 0
216.2 -52.9 2797.7 83 0.9824433923 0.1474243551 0.1143284589 -0.0039372388 0.6290692091 -0.7773393393 -0.1865192652 0.7632417679 0.6186053753
186.8 -178.4 2645.5 0.9824433923 0.1474243551 0.1143284589 -0.0039372388 0.6290692091 -0.7773393393 -0.1865192652 0.7632417679 0.6186053753
156.8 -303.1 2493.6 0.9818984270 0.1512698829 0.1139864624 -0.0062295347 0.6272689104 -0.7787778378 -0.1893057972 0.7639706135 0.6168566942
48.7 -177.5 2672.1 0.2968120575 -0.3531526625 -0.8872349262 0.4655429721 0.8647283316 -0.1884532869 0.8337699771 -0.3571107984 0.4210695326
-34.3 -307.7 2439.0 -0.2178323865 -0.3531526625 -0.9098528624 0.2952145934 0.8647283316 -0.4063166976 0.9302673936 -0.3571107984 -0.0841100216
325.0 -179.3 2618.8 -0.0546637066 0.0764156953 0.9955765009 -0.4189697504 0.9032930136 -0.0923366547 -0.9063532352 -0.4221638739 -0.0173614826
309.3 -299.5 2358.8 -0.5332046151 0.0679491386 0.8432530761 -0.3354576230 0.8980745077 -0.2844827175 -0.7766344547 -0.4345631599 -0.4560633898
36.6 -427.2 2359.1 0.9452497959 0.3240887225 -0.0383310169 -0.2058242857 0.5008846521 -0.8406848311 -0.2532570660 0.8025466204 0.5401664376
-92.3 -626.4 2040.0 0.9452497959 0.3240887225 -0.0383310169 -0.2058242857 0.5008846521 -0.8406848311 -0.2532570660 0.8025466204 0.5401664376
216.8 -428.4 2324.4 0.9401625395 -0.0294679925 0.3394496441 0.3105530441 0.4839921594 -0.8181126714 -0.1401828378 0.8745760322 0.4641826749
228.5 -620.8 1976.6 0.9401625395 -0.0294679925 0.3394496441 0.3105530441 0.4839921594 -0.8181126714 -0.1401828378 0.8745760322 0.4641826749
22.3 -384.4 2197.1 0 0 0 0 0 0 0 0 0
170.7 -386.7 2156.9 0 0 0 0 0 0 0 0 0
-216.2 -817.9 1733.2 0 0 0 0 0 0 0 0 0
239.7 -805.8 1642.3 0 0 0 0 0 0 0 0 0
216.1 -52.3 2798.2 84 0.9847607017 0.1501569152 0.0877451748 -0.0281078555 0.6353111863 -0.7717445493 -0.1716282666 0.7575173974 0.6298500896
186.2 -178.9 2647.3 0.9847607017 0.1501569152 0.0877451748 -0.0281078555 0.6353111863 -0.7717445493 -0.1716282666 0.7575173974 0.6298500896
156.5 -305.3 2496.7 0.9849150181 0.1491329223 0.0877597108 -0.0274527334 0.6354148388 -0.7716827989 -0.1708471328 0.7576327324 0.6299237013
47.6 -175.1 2671.3 0.3100132048 -0.3652366400 -0.8777778745 0.4759356081 0.8588706851 -0.1892787814 0.8230292201 -0.3590868413 0.4400903583
-38.5 -307.3 2442.6 -0.2235332876 -0.3652366400 -0.9036785960 0.2935357392 0.8588706851 -0.4197355807 0.9294458628 -0.3590868413 -0.0847761780
324.7 -182.8 2623.2 -0.0507703833 0.1027540490 0.9934102893 -0.4044183195 0.9073753953 -0.1145236492 -0.9131638408 -0.4075677097 -0.0045121782
310.2 -298.6 2361.8 -0.5264504552 0.0794613510 0.8464843631 -0.3394407928 0.8931869864 -0.2949524224 -0.7795061469 -0.4426091909 -0.4432463050
36.5 -429.1 2361.7 0.9440172315 0.3228729665 -0.0677088350 -0.2297873050 0.4962868690 -0.8371959925 -0.2367049605 0.8058860898 0.5426954627
-91.9 -626.4 2041.3 0.9440172315 0.3228729665 -0.0677088350 -0.2297873050 0.4962868690 -0.8371959925 -0.2367049605 0.8058860898 0.5426954627
217.1 -434.1 2330.4 0.9482551813 -0.0285907332 0.3162193000 0.2918646634 0.4706072807 -0.8326727152 -0.1250083745 0.8818794489 0.4546004236
228.5 -621.2 1979.8 0.9482551813 -0.0285907332 0.3162193000 0.2918646634 0.4706072807 -0.8326727152 -0.1250083745 0.8818794489 0.4546004236
19.6 -383.6 2201.0 0 0 0 0 0 0 0 0 0
173.3 -386.8 2159.1 0 0 0 0 0 0 0 0 0
-215.3 -816.1 1733.2 0 0 0 0 0 0 0 0 0
239.4 -801.1 1642.7 0 0 0 0 0 0 0 0 0
216.4 -53.4 2796.0 85 0.9817801118 0.1500362605 0.1166059747 -0.0047779582 0.6329468489 -0.7741805315 -0.1899605244 0.7595178485 0.6221314669
186.4 -179.8 2644.3 0.9817801118 0.1500362605 0.1166059747 -0.0047779582 0.6329468489 -0.7741805315 -0.1899605244 0.7595178485 0.6221314669
156.4 -305.2 2493.0 0.9817528129 0.1505551636 0.1161659881 -0.0048926338 0.6306768656 -0.7760301232 -0.1900985390 0.7613013983 0.6199054122
48.3 -179.2 2671.1 0.2872923613 -0.3225010037 -0.9019180536 0.4546643198 0.8746870160 -0.1679375023 0.8430560231 -0.3618228137 0.3979206085
-32.8 -307.5 2433.0 -0.2048227638 -0.3225010037 -0.9241432548 0.3087056875 0.8746870160 -0.3736622036 0.9288425446 -0.3618228137 -0.0795979053
324.5 -180.5 2617.6 -0.0702955350 0.0737805739 0.9947939515 -0.4229823947 0.9009622335 -0.0967107713 -0.9034070969 -0.4275786579 -0.0321257375
304.9 -298.2 2366.1 -0.4878751636 0.0713336840 0.8699938655 -0.3459589779 0.8992377520 -0.2677383721 -0.8014301062 -0.4316050708 -0.4140372574
36.4 -430.1 2359.1 0.9458237290 0.3224242926 -0.0382111967 -0.2043049932 0.4995547235 -0.8418459296 -0.2523429990 0.8040445447 0.5383635759
-91.7 -628.8 2039.4 0.9458237290 0.3224242926 -0.0382111967 -0.2043049932 0.4995547235 -0.8418459296 -0.2523429990 0.8040445447 0.5383635759
216.5 -431.0 2324.2 0.9392976761 -0.0300568398 0.3417842984 0.3134882152 0.4800444841 -0.8193182349 -0.1394455582 0.8767290711 0.4603271186
228.4 -621.9 1975.7 0.9392976761 -0.0300568398 0.3417842984 0.3134882152 0.4800444841 -0.8193182349 -0.1394455582 0.8767290711 0.4603271186
20.4 -387.8 2191.6 0 0 0 0 0 0 0 0 0
178.2 -388.1 2158.0 0 0 0 0 0 0 0 0 0
-215.0 -819.8 1732.0 0 0 0 0 0 0 0 0 0
239.9 -805.4 1640.5 0 0 0 0 0 0 0 0 0
217.7 -55.4 2797.9 86 0.9822477102 0.1510244459 0.1112703234 -0.0069845864 0.6221942306 -0.7828317881 -0.1874584854 0.7681575418 0.6122036576
187.5 -180.0 2644.1 0.9822477102 0.1510244459 0.1112703234 -0.0069845864 0.6221942306 -0.7828317881 -0.1874584854 0.7681575418 0.6122036576
157.4 -304.0 2491.6 0.9821812510 0.1512798965 0.1115095839 -0.0072583663 0.6234294176 -0.7818459272 -0.1877959222 0.7671050429 0.6134187579
49.3 -179.0 2670.5 0.3048013747 -0.2992036939 -0.9041975737 0.4548634887 0.8798339963 -0.1378090084 0.8367767334 -0.3692820966 0.4042714536
-37.8 -309.0 2431.4 -0.2315891832 -0.2992036939 -0.9256584644 0.3084792793 0.8798339963 -0.3615697026 0.9226087928 -0.3692820966 -0.1114619002
325.7 -181.0 2617.7 -0.0663833469 0.0782764032 0.9947190881 -0.4178901017 0.9030923843 -0.0989543423 -0.9060690403 -0.4222521782 -0.0272393655
306.8 -299.6 2360.5 -0.4912854135 0.0741756558 0.8678344488 -0.3413371146 0.9002729058 -0.2701808810 -0.8013286591 -0.4289600253 -0.4169720411
37.2 -427.2 2356.3 0.9449395537 0.3250594735 -0.0377574787 -0.2069772780 0.5042976737 -0.8383580446 -0.2534752190 0.8000126481 0.5438107252
-92.1 -627.7 2038.2 0.9449395537 0.3250594735 -0.0377574787 -0.2069772780 0.5042976737 -0.8383580446 -0.2534752190 0.8000126481 0.5438107252
217.4 -428.6 2321.9 0.9411022067 -0.0286559369 0.3369056582 0.3075392544 0.4866422713 -0.8176789880 -0.1405211836 0.8731312156 0.4667929411
228.8 -622.0 1974.7 0.9411022067 -0.0286559369 0.3369056582 0.3075392544 0.4866422713 -0.8176789880 -0.1405211836 0.8731312156 0.4667929411
22.4 -389.1 2191.7 0 0 0 0 0 0 0 0 0
179.2 -388.3 2152.3 0 0 0 0 0 0 0 0 0
-216.3 -820.5 1732.4 0 0 0 0 0 0 0 0 0
239.7 -808.1 1640.9 0 0 0 0 0 0 0 0 0
216.6 -54.0 2796.8 87 0.9827954769 0.1466368288 0.1122972146 -0.0051513221 0.6295331717 -0.7769564986 -0.1846252680 0.7630109191 0.6194577217
187.4 -179.5 2644.7 0.9827954769 0.1466368288 0.1122972146 -0.0051513221 0.6295331717 -0.7769564986 -0.1846252680 0.7630109191 0.6194577217
157.9 -304.0 2492.6 0.9826396704 0.1481463760 0.1116775498 -0.0058150073 0.6262553334 -0.7795963287 -0.1854330450 0.7654128671 0.6162448525
49.1 -178.7 2670.8 0.3007418513 -0.3208867610 -0.8981013298 0.4576268196 0.8747571707 -0.1593032628 0.8367389441 -0.3630861044 0.4099224806
-36.0 -308.2 2434.0 -0.2236885726 -0.3208867610 -0.9203233719 0.3025173843 0.8747571707 -0.3785274923 0.9265239835 -0.3630861044 -0.0985993594
325.6 -180.3 2618.6 -0.0590987951 0.0773075968 0.9952541590 -0.4227475524 0.9012430310 -0.0951081663 -0.9043184519 -0.4263620377 -0.0205807779
309.0 -299.6 2363.3 -0.4984250963 0.0765597448 0.8635455966 -0.3368213177 0.9007385969 -0.2742651999 -0.7988265157 -0.4275612235 -0.4231637716
38.3 -427.9 2357.4 0.9442725778 0.3268005848 -0.0393790044 -0.2084675282 0.5011520386 -0.8398737311 -0.2547363639 0.8012790084 0.5413514376
-91.6 -627.2 2038.8 0.9442725778 0.3268005848 -0.0393790044 -0.2084675282 0.5011520386 -0.8398737311 -0.2547363639 0.8012790084 0.5413514376
218.6 -429.0 2323.4 0.9408851862 -0.0262896195 0.3377038538 0.3074631095 0.4846273363 -0.8189033866 -0.1421318650 0.8743255734 0.4640617669
229.1 -621.7 1975.8 0.9408851862 -0.0262896195 0.3377038538 0.3074631095 0.4846273363 -0.8189033866 -0.1421318650 0.8743255734 0.4640617669
22.1 -386.8 2193.2 0 0 0 0 0 0 0 0 0
179.4 -387.2 2155.7 0 0 0 0 0 0 0 0 0
-216.6 -818.8 1732.5 0 0 0 0 0 0 0 0 0
239.1 -807.0 1641.5 0 0 0 0 0 0 0 0 0
216.8 -55.2 2794.8 88 0.9833908677 0.1535424590 0.0967839509 -0.0216178540 0.6285335422 -0.7774820328 -0.1802084595 0.7624764442 0.6214133501
186.2 -180.6 2642.7 0.9833908677 0.1535424590 0.0967839509 -0.0216178540 0.6285335422 -0.7774820328 -0.1802084595 0.7624764442 0.6214133501
154.9 -305.1 2490.9 0.9828156233 0.1574516594 0.0963455737 -0.0239388812 0.6262548566 -0.7792507410 -0.1830312163 0.7635533810 0.6192622781
47.9 -177.2 2668.4 0.3099129200 -0.3265707195 -0.8929196596 0.4644660950 0.8714693189 -0.1575195640 0.8295934200 -0.3659135699 0.4217606485
-39.1 -307.7 2435.4 -0.2367603183 -0.3265707195 -0.9150388837 0.2993715107 0.8714693189 -0.3884814978 0.9242950082 -0.3659135699 -0.1085633934
324.5 -184.0 2616.9 -0.0525931120 0.0952222645 0.9940657616 -0.4121887088 0.9046195149 -0.1084618494 -0.9095792770 -0.4154469967 -0.0083272150
309.8 -298.9 2363.2 -0.5052565336 0.0808932483 0.8591694236 -0.3420876265 0.8952575922 -0.2854644060 -0.7922701240 -0.4381439984 -0.4246621430
33.4 -427.4 2355.8 0.9460672736 0.3192648888 -0.0550152138 -0.2183786482 0.5030159950 -0.8362330198 -0.2393063158 0.8031468391 0.5456075668
-93.5 -627.4 2036.5 0.9460672736 0.3192648888 -0.0550152138 -0.2183786482 0.5030159950 -0.8362330198 -0.2393063158 0.8031468391 0.5456075668
213.8 -431.8 2322.3 0.9460495710 -0.0355654731 0.3220642209 0.2987013757 0.4809190631 -0.8243144751 -0.1255696863 0.8760433197 0.4655967355
227.9 -623.0 1974.0 0.9460495710 -0.0355654731 0.3220642209 0.2987013757 0.4809190631 -0.8243144751 -0.1255696863 0.8760433197 0.4655967355
22.4 -385.5 2195.1 0 0 0 0 0 0 0 0 0
178.5 -387.9 2157.3 0 0 0 0 0 0 0 0 0
-215.6 -819.7 1729.5 0 0 0 0 0 0 0 0 0
241.5 -806.8 1639.1 0 0 0 0 0 0 0 0 0
216.6 -55.5 2796.3 89 0.9837147593 0.1480463892 0.1019195393 -0.0135401469 0.6264776587 -0.7793217301 -0.1792260855 0.7652502656 0.6182798743
187.1 -180.6 2643.4 0.9837147593 0.1480463892 0.1019195393 -0.0135401469 0.6264776587 -0.7793217301 -0.1792260855 0.7652502656 0.6182798743
156.9 -304.8 2491.2 0.9831894040 0.1517006457 0.1016145796 -0.0157331973 0.6248393059 -0.7805948257 -0.1819095165 0.7658738494 0.6167221069
48.7 -178.4 2669.0 0.3046093583 -0.3238998950 -0.8957130909 0.4580650330 0.8743289709 -0.1603908390 0.8350985050 -0.3614383340 0.4146960080
-37.8 -308.4 2432.0 -0.2443360537 -0.3238998950 -0.9139960408 0.2917681634 0.8743289709 -0.3878403604 0.9247546792 -0.3614383340 -0.1191264242
325.4 -182.8 2617.8 -0.0568421148 0.0882022679 0.9944794178 -0.4178735316 0.9025406837 -0.1039327234 -0.9067252278 -0.4214743972 -0.0144449286
309.4 -300.8 2361.8 -0.5076123476 0.0820934698 0.8576656580 -0.3345234096 0.8985762000 -0.2839981318 -0.7939922810 -0.4310702085 -0.4286662042
36.5 -427.6 2355.6 0.9445626736 0.3247241974 -0.0485336110 -0.2156773508 0.5022037029 -0.8374214768 -0.2475572526 0.8014646769 0.5443985462
-92.6 -627.3 2036.9 0.9445626736 0.3247241974 -0.0485336110 -0.2156773508 0.5022037029 -0.8374214768 -0.2475572526 0.8014646769 0.5443985462
216.9 -430.5 2322.2 0.9442964792 -0.0295094308 0.3277703226 0.3004924953 0.4834416211 -0.8221851587 -0.1341955960 0.8748790622 0.4653795660
228.7 -622.7 1974.4 0.9442964792 -0.0295094308 0.3277703226 0.3004924953 0.4834416211 -0.8221851587 -0.1341955960 0.8748790622 0.4653795660
25.7 -384.3 2191.6 0 0 0 0 0 0 0 0 0
177.4 -387.8 2155.4 0 0 0 0 0 0 0 0 0
-216.7 -819.3 1730.5 0 0 0 0 0 0 0 0 0
240.0 -807.5 1639.9 0 0 0 0 0 0 0 0 0
217.7 -56.0 2798.0 90 0.9837799668 0.1521465927 0.0950177014 -0.0203114767 0.6207795739 -0.7837220430 -0.1782256812 0.7690801024 0.6138008237
187.3 -180.3 2644.1 0.9837799668 0.1521465927 0.0950177014 -0.0203114767 0.6207795739 -0.7837220430 -0.1782256812 0.7690801024 0.6138008237
156.3 -303.8 2491.5 0.9832181931 0.1556236297 0.0952014998 -0.0225794371 0.6216368675 -0.7829800248 -0.1810309589 0.7676905990 0.6147185564
48.9 -177.1 2669.6 0.3114138842 -0.3563591838 -0.8809253573 0.4734064341 0.8619756103 -0.1813406348 0.8239585757 -0.3605637550 0.4371339083
-38.4 -309.9 2438.5 -0.2473699600 -0.3563591838 -0.9010084271 0.2850897312 0.8619756103 -0.4191920161 0.9260302186 -0.3605637550 -0.1116325334
325.7 -183.4 2618.7 -0.0571599305 0.0953957886 0.9937969446 -0.4142312706 0.9034333825 -0.1105469018 -0.9083750248 -0.4179806411 -0.0121242683
309.5 -300.3 2362.5 -0.5091155767 0.0832940340 0.8566582799 -0.3386863768 0.8956210613 -0.2883651555 -0.7912603021 -0.4369496703 -0.4277640581
35.2 -425.3 2355.5 0.9459641576 0.3200827539 -0.0519498959 -0.2177061737 0.5081582665 -0.8332942128 -0.2403243333 0.7995762825 0.5503835082
-92.1 -627.4 2037.6 0.9459641576 0.3200827539 -0.0519498959 -0.2177061737 0.5081582665 -0.8332942128 -0.2403243333 0.7995762825 0.5503835082
215.6 -429.5 2322.3 0.9465330839 -0.0319841132 0.3210173249 0.2955372334 0.4849618971 -0.8230854869 -0.1293555200 0.8739501834 0.4684849977
228.3 -622.3 1974.8 0.9465330839 -0.0319841132 0.3210173249 0.2955372334 0.4849618971 -0.8230854869 -0.1293555200 0.8739501834 0.4684849977
25.9 -384.0 2197.8 0 0 0 0 0 0 0 0 0
177.2 -388.3 2156.8 0 0 0 0 0 0 0 0 0
-214.4 -821.7 1731.9 0 0 0 0 0 0 0 0 0
240.6 -807.7 1640.7 0 0 0 0 0 0 0 0 0
217.0 -54.5 2799.4 91 0.9840021729 0.1515577286 0.0936483443 -0.0223956890 0.6267110109 -0.7789298296 -0.1767432839 0.7643713355 0.6200792193
186.8 -179.4 2647.2 0.9840021729 0.1515577286 0.0936483443 -0.0223956890 0.6267110109 -0.7789298296 -0.1767432839 0.7643713355 0.6200792193
156.2 -303.2 2494.8 0.9836392403 0.1543093771 0.0929647386 -0.0238786601 0.6231681108 -0.7817232609 -0.1785598993 0.7667138577 0.6166573167
48.4 -176.0 2672.3 0.3144592345 -0.3507289290 -0.8821023703 0.4700206518 0.8648654819 -0.1763185561 0.8247399330 -0.3591613472 0.4368147850
-41.0 -309.6 2437.9 -0.2586199343 -0.3507289290 -0.9000583291 0.2791574597 0.8648654819 -0.4172274470 0.9247631431 -0.3591613472 -0.1257628649
