193.6 29.1 2716.5 8 0.9797724485 0.0751467720 0.1854692996 0.0260636080 0.8710008860 -0.4905895889 -0.1984101385 0.4855001867 0.8514240980
178.4 -147.5 2618.1 0.9797724485 0.0751467720 0.1854692996 0.0260636080 0.8710008860 -0.4905895889 -0.1984101385 0.4855001867 0.8514240980
161.4 -318.0 2517.2 0.9793159962 0.0857089534 0.1832871884 0.0211582147 0.8575064540 -0.5140379071 -0.2012276053 0.5072835684 0.8379563689
40.7 -150.4 2646.4 0.2386730909 -0.4539909959 -0.8584446907 0.5632077456 0.7848471403 -0.2584802508 0.7910955548 -0.4217904508 0.4430131316
-27.8 -312.2 2419.2 -0.2917104363 -0.4539909959 -0.8419009447 0.3163721859 0.7848471403 -0.5328448415 0.9026703238 -0.4217904508 -0.0853179619
316.0 -144.6 2589.7 -0.0915439352 0.0619785078 0.9938703775 -0.5544010997 0.8259049654 -0.1025691256 -0.8271995783 -0.5603924394 -0.0412456356
289.7 -304.1 2351.7 -0.5359799862 0.1110886633 0.8368899226 -0.3660525084 0.8626933694 -0.3489494324 -0.7607437372 -0.4933755696 -0.4217220843
57.6 -486.7 2425.8 0.9152217507 0.3267048001 -0.2358666658 -0.3129325211 0.2075099051 -0.9268294573 -0.2538549900 0.9220648408 0.2921541333
-72.3 -569.2 2059.3 0.9152217507 0.4010323882 -0.0392700545 -0.3129325211 0.6459839344 -0.6962599754 -0.2538549900 0.6495211720 0.7167146802
238.8 -485.7 2396.6 0.9611856341 0.0560723469 0.2701446116 0.2555699348 0.1879629344 -0.9483427405 -0.1039529815 0.9805742502 0.1663368642
216.5 -560.4 2006.8 0.9611856341 -0.0992913842 0.2574168742 0.2555699348 0.6719482541 -0.6951039433 -0.1039529815 0.7339119315 0.6712428927
48.0 -394.4 2184.5 0 0 0 0 0 0 0 0 0
150.4 -399.2 2154.0 0 0 0 0 0 0 0 0 0
-225.6 -816.1 1811.0 0 0 0 0 0 0 0 0 0
254.4 -817.3 1726.3 0 0 0 0 0 0 0 0 0
194.1 28.7 2716.1 9 0.9851794839 0.0806502178 0.1513834000 0.0051968941 0.8681250811 -0.4963182807 -0.1714479029 0.4897493124 0.8548398614
177.8 -147.3 2616.8 0.9851794839 0.0806502178 0.1513834000 0.0051968941 0.8681250811 -0.4963182807 -0.1714479029 0.4897493124 0.8548398614
160.3 -318.0 2516.4 0.9848060608 0.0879155993 0.1497593224 0.0013722173 0.8584156036 -0.5129529834 -0.1736523062 0.5053647161 0.8452522755
39.3 -147.5 2641.2 0.2418353409 -0.4553875625 -0.8568184376 0.5755112767 0.7782588005 -0.2511972189 0.7812185884 -0.4323602915 0.4502911568
-29.1 -310.3 2420.2 -0.2957690954 -0.4553875625 -0.8397278190 0.3258067369 0.7782588005 -0.5368083715 0.8979814053 -0.4323602915 -0.0818165690
316.2 -147.2 2592.4 -0.0996738002 0.0946000665 0.9905129671 -0.5446569920 0.8279042840 -0.1338779330 -0.8327147961 -0.5528339148 -0.0309957787
287.2 -305.8 2349.9 -0.5299926996 0.1298576146 0.8380004168 -0.3694285750 0.8541448712 -0.3660041690 -0.7633022070 -0.5035608411 -0.4047174454
54.6 -490.4 2434.9 0.9193071723 0.3160239160 -0.2345276475 -0.3040160835 0.1918711215 -0.9331450462 -0.2498970777 0.9291471243 0.2724648416
-71.0 -566.6 2065.5 0.9193071723 0.3913364410 -0.0415947735 -0.3040160835 0.6390854120 -0.7065012455 -0.2498970777 0.6621371508 0.7064883709
234.2 -486.5 2398.0 0.9647895098 0.0470285043 0.2587847412 0.2465796024 0.1807052046 -0.9521260858 -0.0915408209 0.9824123383 0.1627462059
215.5 -558.4 2007.4 0.9647895098 -0.1025642753 0.2422019690 0.2465796024 0.6731760502 -0.6971603036 -0.0915408209 0.7323350310 0.6747634411
47.8 -395.0 2186.8 0 0 0 0 0 0 0 0 0
149.4 -401.9 2151.4 0 0 0 0 0 0 0 0 0
-220.6 -810.9 1812.4 0 0 0 0 0 0 0 0 0
254.7 -815.7 1727.5 0 0 0 0 0 0 0 0 0
194.2 27.9 2725.0 0 0.9850282073 0.0847948864 0.1500976086 0.0052656946 0.8554641008 -0.5178353190 -0.1723129004 0.5108727217 0.8422097564
177.0 -145.3 2621.5 0.9850282073 0.0847948864 0.1500976086 0.0052656946 0.8554641008 -0.5178353190 -0.1723129004 0.5108727217 0.8422097564
158.8 -312.9 2516.3 0.9847031832 0.0918612108 0.1480579972 0.0021403001 0.8432938457 -0.5374485254 -0.1742270738 0.5295441747 0.8301975131
38.5 -145.6 2646.0 0.2317407429 -0.4273069501 -0.8739021420 0.5708156228 0.7871682644 -0.2335287035 0.7876964808 -0.4447188973 0.4263324440
-29.0 -311.8 2416.7 -0.2979472578 -0.4273069501 -0.8536018729 0.3418052495 0.7871682644 -0.5133568645 0.8912892938 -0.4447188973 -0.0884788707
315.5 -145.0 2597.0 -0.0939194411 0.0950760692 0.9910296202 -0.5450623035 0.8280822635 -0.1310987622 -0.8331183791 -0.5524855852 -0.0259506423
287.7 -306.3 2350.5 -0.5306562185 0.1299367994 0.8375681639 -0.3693516552 0.8539695740 -0.3664905727 -0.7628782988 -0.5038376451 -0.4051719010
52.6 -488.8 2431.8 0.9097408056 0.3099487424 -0.2762306929 -0.3478349149 0.2057468295 -0.9147016406 -0.2266770303 0.9282241464 0.2949872911
-70.6 -570.6 2062.8 0.9097408056 0.4068626463 -0.0826704353 -0.3478349149 0.6382024288 -0.6868104339 -0.2266770303 0.6535751224 0.7221198082
233.1 -488.5 2400.0 0.9725537896 0.0420214310 0.2288522273 0.2184557170 0.1736917943 -0.9602646828 -0.0801014528 0.9839031100 0.1597447842
216.4 -557.6 2008.8 0.9725537896 -0.0861382559 0.2161465734 0.2184557170 0.6578342915 -0.7207851410 -0.0801014528 0.7482207417 0.6585965753
48.5 -400.6 2185.0 0 0 0 0 0 0 0 0 0
149.8 -402.3 2152.2 0 0 0 0 0 0 0 0 0
-226.1 -814.5 1813.0 0 0 0 0 0 0 0 0 0
249.4 -809.0 1722.9 0 0 0 0 0 0 0 0 0
194.3 27.9 2719.9 1 0.9839729667 0.0873328522 0.1554676294 0.0032109700 0.8630383015 -0.5051283240 -0.1782888174 0.4975318015 0.8489258885
176.6 -147.2 2618.9 0.9839729667 0.0873328522 0.1554676294 0.0032109700 0.8630383015 -0.5051283240 -0.1782888174 0.4975318015 0.8489258885
157.6 -316.0 2515.6 0.9835947156 0.0956226513 0.1529632211 -0.0003283411 0.8488944769 -0.5285622478 -0.1803921610 0.5198408365 0.8349995017
38.2 -147.2 2644.3 0.2377863526 -0.4222967923 -0.8747131228 0.5712009668 0.7891647816 -0.2257173806 0.7856125832 -0.4459644854 0.4288689494
-29.3 -309.3 2421.3 -0.2950516343 -0.4222967923 -0.8570939302 0.3455226421 0.7891647816 -0.5077725649 0.8908190727 -0.4459644854 -0.0869312733
315.0 -147.3 2593.5 -0.0863589719 0.0927081704 0.9919412136 -0.5497987866 0.8258830309 -0.1250539571 -0.8308209181 -0.5561676025 -0.0203515720
290.4 -304.2 2356.4 -0.5206014514 0.1301101893 0.8438278437 -0.3726500869 0.8545886874 -0.3616767228 -0.7681835890 -0.5027419329 -0.3964145780
50.2 -480.7 2427.1 0.9125593901 0.3073193133 -0.2697965205 -0.3475905657 0.2353254855 -0.9076358080 -0.2154439986 0.9220502973 0.3215697706
-71.9 -574.2 2060.6 0.9082006216 0.4071628451 -0.0969021320 -0.3543831110 0.6249189973 -0.6956211925 -0.2226751000 0.6661040783 0.7118434906
230.8 -480.3 2395.1 0.9703060985 0.0368919373 0.2390502691 0.2270822674 0.2014371008 -0.9528151751 -0.0833047926 0.9788064361 0.1870781481
216.2 -560.3 2006.1 0.9703060985 -0.0919017047 0.2237411886 0.2270822674 0.6646881104 -0.7117748260 -0.0833047926 0.7414470911 0.6658201814
47.4 -399.1 2189.7 0 0 0 0 0 0 0 0 0
155.0 -401.1 2156.7 0 0 0 0 0 0 0 0 0
-227.5 -813.0 1806.1 0 0 0 0 0 0 0 0 0
251.3 -814.4 1722.7 0 0 0 0 0 0 0 0 0
194.6 29.4 2718.3 2 0.9862858653 0.0894698575 0.1386917233 -0.0072305137 0.8629365563 -0.5052605271 -0.1648877412 0.4973285198 0.8517490029
176.4 -146.2 2617.1 0.9862858653 0.0894698575 0.1386917233 -0.0072305137 0.8629365563 -0.5052605271 -0.1648877412 0.4973285198 0.8517490029
157.6 -314.4 2512.8 0.9862028956 0.0948314294 0.1356866658 -0.0079996893 0.8459986448 -0.5331249833 -0.1653477401 0.5246839523 0.8350849748
37.7 -145.1 2640.4 0.2380840629 -0.4737356603 -0.8478741050 0.5883978605 0.7648956180 -0.2621499598 0.7727249861 -0.4364736080 0.4608545303
-29.3 -310.5 2423.1 -0.2921050489 -0.4737356603 -0.8308123350 0.3310848176 0.7648956180 -0.5525554419 0.8972499371 -0.4364736080 -0.0665831864
315.2 -147.3 2593.8 -0.0919981301 0.1078934968 0.9898966551 -0.5468424559 0.8253151774 -0.1407769471 -0.8321656585 -0.5542687178 -0.0169267040
288.5 -306.1 2352.3 -0.5321129560 0.1408708096 0.8348720074 -0.3680348694 0.8495463729 -0.3779171109 -0.7624999285 -0.5083565712 -0.4002092481
48.4 -484.6 2428.8 0.9087019563 0.3053280413 -0.2846674919 -0.3575328290 0.2172518969 -0.9082796574 -0.2154786736 0.9271334410 0.3065820336
-72.9 -571.0 2060.3 0.9175411463 0.3854807317 -0.0975852385 -0.3432365060 0.6438789964 -0.6838191152 -0.2007660121 0.6609269381 0.7230964899
228.9 -484.7 2395.7 0.9709987044 0.0338439159 0.2366773039 0.2265204340 0.1864610761 -0.9559920430 -0.0764856189 0.9818792343 0.1733871102
215.4 -558.8 2005.4 0.9709987044 -0.0989291221 0.2176570296 0.2265204340 0.6719060540 -0.7051458955 -0.0764856189 0.7339994907 0.6748293638
46.6 -396.5 2189.9 0 0 0 0 0 0 0 0 0
150.1 -401.8 2154.0 0 0 0 0 0 0 0 0 0
-220.2 -817.0 1807.8 0 0 0 0 0 0 0 0 0
253.2 -815.7 1724.9 0 0 0 0 0 0 0 0 0
193.9 28.9 2717.1 3 0.9842479229 0.0886012018 0.1529896855 0.0012299709 0.8619044423 -0.5070692301 -0.1767894328 0.4992700219 0.8482186794
175.9 -146.1 2615.7 0.9842479229 0.0886012018 0.1529896855 0.0012299709 0.8619044423 -0.5070692301 -0.1767894328 0.4992700219 0.8482186794
157.0 -314.3 2511.4 0.9841082096 0.0947493166 0.1501787454 -0.0000717297 0.8459561467 -0.5332524180 -0.1775699407 0.5247672796 0.8325191736
37.4 -146.1 2640.7 0.2143289894 -0.4617944658 -0.8607025743 0.5738983154 0.7725757957 -0.2716015875 0.7903820872 -0.4357436597 0.4306084514
-24.6 -312.1 2412.0 -0.2764188349 -0.4617944658 -0.8428158164 0.3414487243 0.7725757957 -0.5352938175 0.8983348012 -0.4357436597 -0.0558753461
314.3 -146.1 2590.7 -0.0873097181 0.0941209570 0.9917249084 -0.5519581437 0.8241727948 -0.1268126220 -0.8292884231 -0.5584625602 -0.0200074688
289.3 -304.3 2353.1 -0.5287462473 0.1324510723 0.8383818865 -0.3700444400 0.8529629111 -0.3681323230 -0.7638681531 -0.5048871040 -0.4019881189
48.3 -481.8 2423.7 0.9131754637 0.3039417565 -0.2715327144 -0.3468949795 0.2298895866 -0.9092934728 -0.2139496952 0.9245378375 0.3153654039
-72.5 -573.2 2056.2 0.9126610756 0.3989624083 -0.0887621343 -0.3477265239 0.6438072324 -0.6816146374 -0.2147929221 0.6529481411 0.7263076305
229.2 -483.3 2393.3 0.9680892825 0.0345479921 0.2482128739 0.2369957119 0.1957499683 -0.9515855312 -0.0814630315 0.9800450802 0.1813157052
215.5 -561.1 2003.7 0.9680892825 -0.1016725898 0.2290543169 0.2369957119 0.6685409546 -0.7049014568 -0.0814630315 0.7366924286 0.6713032722
47.2 -400.9 2178.5 0 0 0 0 0 0 0 0 0
151.9 -400.5 2154.5 0 0 0 0 0 0 0 0 0
-225.0 -819.2 1806.6 0 0 0 0 0 0 0 0 0
254.3 -816.7 1722.1 0 0 0 0 0 0 0 0 0
193.9 28.9 2726.4 4 0.9918790460 0.0889266282 0.0909287632 -0.0260018557 0.8416166306 -0.5394490957 -0.1244985461 0.5327039361 0.8370941877
175.9 -141.6 2618.5 0.9918790460 0.0889266282 0.0909287632 -0.0260018557 0.8416166306 -0.5394490957 -0.1244985461 0.5327039361 0.8370941877
156.7 -305.4 2507.7 0.9913136959 0.0976911262 0.0880547315 -0.0310491212 0.8244329691 -0.5651072860 -0.1278011948 0.5574645400 0.8203049302
36.7 -137.1 2636.5 0.2091512382 -0.5519078374 -0.8072505593 0.6114895344 0.7180153131 -0.3324674070 0.7631096244 -0.4240892828 0.4876596630
-23.4 -312.7 2417.4 -0.2642055750 -0.5519078374 -0.7909444571 0.3317988217 0.7180153131 -0.6118525863 0.9055964351 -0.4240892828 -0.0065812757
315.1 -146.1 2600.4 -0.0927865654 0.1504609287 0.9842520952 -0.5334142447 0.8271842003 -0.1767358035 -0.8407496214 -0.5414127707 0.0035064199
287.6 -304.7 2350.5 -0.5285800695 0.1628699601 0.8331125379 -0.3742714524 0.8361678720 -0.4009290934 -0.7619212866 -0.5237333179 -0.3810240924
47.9 -482.5 2423.3 0.9251044989 0.3078430593 -0.2222931981 -0.2940931022 0.2105778903 -0.9322908521 -0.2401892394 0.9278413653 0.2853410840
-74.4 -566.2 2054.5 0.9251044989 0.3790285289 -0.0227815807 -0.2940931022 0.6772652864 -0.6744041443 -0.2401892394 0.6305942535 0.7380108237
228.5 -482.5 2390.8 0.9684693217 0.0326284841 0.2469869107 0.2357733995 0.2002462894 -0.9509533644 -0.0804863796 0.9792021513 0.1862394661
215.5 -562.1 2001.5 0.9684693217 -0.1060308516 0.2254431397 0.2357733995 0.6824239492 -0.6918875575 -0.0804863796 0.7232254148 0.6859059334
45.3 -399.0 2182.0 0 0 0 0 0 0 0 0 0
150.2 -402.0 2152.5 0 0 0 0 0 0 0 0 0
-219.2 -824.8 1813.7 0 0 0 0 0 0 0 0 0
256.0 -822.9 1725.0 0 0 0 0 0 0 0 0 0
193.2 27.2 2720.6 5 0.9881857038 0.0871679112 0.1260587126 -0.0065724268 0.8458536267 -0.5333746076 -0.1531203687 0.5262446404 0.8364333510
175.5 -144.3 2613.9 0.9881857038 0.0871679112 0.1260587126 -0.0065724268 0.8458536267 -0.5333746076 -0.1531203687 0.5262446404 0.8364333510
156.4 -308.5 2503.7 0.9877039194 0.0967416614 0.1228090897 -0.0109534087 0.8264364600 -0.5629234314 -0.1559520513 0.5546564460 0.8173341751
36.7 -142.7 2635.9 0.2387849838 -0.5364978313 -0.8094145060 0.6087571979 0.7321076989 -0.3056680262 0.7565687895 -0.4197479784 0.5014132857
-29.9 -312.6 2424.7 -0.2811178863 -0.5364978313 -0.7957026958 0.3139401078 0.7321076989 -0.6045327783 0.9068706036 -0.4197479784 -0.0373803973
314.3 -145.9 2592.0 -0.0779779851 0.1169294044 0.9900742173 -0.5510503650 0.8225512505 -0.1405452490 -0.8308206201 -0.5565401912 0.0002931057
292.2 -301.9 2356.7 -0.5228688717 0.1477107108 0.8395175338 -0.3732139766 0.8457854390 -0.3812589049 -0.7663677335 -0.5126680732 -0.3871071637
46.8 -466.3 2408.7 0.9317171574 0.3180333078 -0.1753794551 -0.2691541612 0.2804330885 -0.9213649035 -0.2438425422 0.9056556225 0.3468843102
-79.3 -577.5 2049.7 0.9267815948 0.3752142787 -0.0170338694 -0.2779340446 0.6545820236 -0.7030469775 -0.2526431978 0.6563052535 0.7109394073
228.3 -472.1 2385.2 0.9697977901 0.0305657312 0.2419875711 0.2283108383 0.2353505939 -0.9447138309 -0.0858277902 0.9714297652 0.2212640047
216.2 -565.7 1999.2 0.9697977901 -0.0945349559 0.2248452604 0.2283108383 0.6762135029 -0.7004352212 -0.0858277902 0.7306151390 0.6773737073
43.1 -394.2 2189.0 0 0 0 0 0 0 0 0 0
156.3 -398.9 2157.5 0 0 0 0 0 0 0 0 0
-222.6 -827.4 1799.0 0 0 0 0 0 0 0 0 0
252.3 -824.1 1719.9 0 0 0 0 0 0 0 0 0
195.8 28.0 2727.7 6 0.9861826301 0.0938294679 0.1365277469 -0.0051705828 0.8411682248 -0.5407488346 -0.1655809730 0.5325711966 0.8300306201
176.8 -142.9 2619.5 0.9861826301 0.0938294679 0.1365277469 -0.0051705828 0.8411682248 -0.5407488346 -0.1655809730 0.5325711966 0.8300306201
157.1 -307.1 2509.3 0.9859806299 0.0995353237 0.1339213848 -0.0069126878 0.8262751102 -0.5632243156 -0.1667166203 0.5544025302 0.8153793216
38.1 -141.9 2643.0 0.2364110053 -0.4653941989 -0.8529466987 0.5812209845 0.7711955309 -0.2596913874 0.7786475420 -0.4343566298 0.4528159797
-31.3 -312.6 2414.2 -0.3052096963 -0.4653941989 -0.8308160305 0.3208131194 0.7711955309 -0.5498512387 0.8966192007 -0.4343566298 -0.0860717818
315.4 -143.9 2596.1 -0.0853947103 0.1081493720 0.9904602170 -0.5452936888 0.8269230723 -0.1373062730 -0.8338840008 -0.5518169403 -0.0116416849
290.5 -303.4 2352.1 -0.5332522988 0.1396903694 0.8343431950 -0.3676844239 0.8499704003 -0.3773042262 -0.7618728280 -0.5079733133 -0.4018867016
46.8 -471.7 2407.8 0.9304127693 0.3241540194 -0.1710444391 -0.2649417818 0.2723689675 -0.9249978662 -0.2532545626 0.9059466720 0.3392975032
-81.9 -579.8 2048.1 0.9295828938 0.3685799241 -0.0049507017 -0.2664386034 0.6625733972 -0.7000049353 -0.2547275722 0.6520316601 0.7141208649
228.0 -471.2 2386.9 0.9683063626 0.0270242132 0.2482992560 0.2350606322 0.2374730110 -0.9425248504 -0.0844353661 0.9710181355 0.2235942930
217.4 -564.4 2005.7 0.9694052339 -0.0870505124 0.2295118570 0.2271080464 0.6728605628 -0.7040458322 -0.0931419283 0.7346297503 0.6720444560
48.0 -396.0 2181.3 0 0 0 0 0 0 0 0 0
151.8 -399.0 2154.1 0 0 0 0 0 0 0 0 0
-222.7 -833.0 1799.0 0 0 0 0 0 0 0 0 0
250.7 -821.6 1724.9 0 0 0 0 0 0 0 0 0
195.6 25.9 2721.2 7 0.9839668870 0.0930703431 0.1521417201 0.0002982584 0.8521852493 -0.5232400894 -0.1783510596 0.5148963332 0.8384943008
176.7 -146.8 2616.9 0.9839668870 0.0930703431 0.1521417201 0.0002982584 0.8521852493 -0.5232400894 -0.1783510596 0.5148963332 0.8384943008
156.7 -313.1 2509.9 0.9836066365 0.1010758653 0.1493373513 -0.0028354498 0.8367121816 -0.5476355553 -0.1803051233 0.5382345319 0.8232822418
38.4 -146.4 2642.3 0.2324738652 -0.4967009425 -0.8362081647 0.5835080743 0.7590732574 -0.2886626422 0.7781222463 -0.4208276868 0.4662936926
-27.1 -310.7 2423.2 -0.2735025585 -0.4967009425 -0.8237017393 0.3232722282 0.7590732574 -0.5650688410 0.9059202075 -0.4208276868 -0.0470388532
315.1 -147.2 2591.5 -0.0845669657 0.0956648365 0.9918148518 -0.5498145223 0.8256496787 -0.1265173554 -0.8309948444 -0.5560134053 -0.0172247700
291.1 -303.3 2355.6 -0.5276872516 0.1369712651 0.8383227587 -0.3623675704 0.8563075662 -0.3680041730 -0.7682681084 -0.4979721010 -0.4022286534
47.0 -470.7 2414.4 0.9318178296 0.3209587932 -0.1694137007 -0.2601602972 0.2652538121 -0.9284164310 -0.2530457973 0.9091896415 0.3306689858
-80.6 -576.1 2053.2 0.9327644706 0.3604662418 -0.0038130374 -0.2584303916 0.6612810493 -0.7042166591 -0.2513248324 0.6578536630 0.7099749446
227.9 -470.7 2387.7 0.9703437686 0.0315581970 0.2396602482 0.2262860090 0.2300992757 -0.9464929700 -0.0850152597 0.9726553559 0.2161342204
215.4 -561.6 2003.4 0.9703437686 -0.0945350304 0.2224771380 0.2262860090 0.6789234877 -0.6984680295 -0.0850152597 0.7280975580 0.6801810861
44.0 -394.7 2187.9 0 0 0 0 0 0 0 0 0
153.9 -397.5 2155.9 0 0 0 0 0 0 0 0 0
-218.3 -828.8 1801.8 0 0 0 0 0 0 0 0 0
251.5 -821.1 1725.1 0 0 0 0 0 0 0 0 0
197.1 28.4 2718.5 8 0.9891209006 0.0704605803 0.1291321069 0.0040576183 0.8644223213 -0.5027500391 -0.1470487416 0.4978045523 0.8547322750
182.8 -147.3 2617.3 0.9891209006 0.0704605803 0.1291321069 0.0040576183 0.8644223213 -0.5027500391 -0.1470487416 0.4978045523 0.8547322750
166.3 -316.0 2513.7 0.9884522557 0.0828761309 0.1268609166 -0.0034149801 0.8491559029 -0.5281312466 -0.1514941752 0.5215992928 0.8396330476
43.8 -146.8 2638.6 0.2507454753 -0.4614531100 -0.8509922028 0.5766793489 0.7772759199 -0.2515612245 0.7775394917 -0.4276717901 0.4610089064
-27.3 -310.1 2418.4 -0.2874261439 -0.4614531100 -0.8393135667 0.3250799477 0.7772759199 -0.5386698246 0.9009490609 -0.4276717901 -0.0734002739
321.8 -147.7 2596.0 -0.1153228283 0.1124287173 0.9869449735 -0.5319880843 0.8320791721 -0.1569489390 -0.8388619423 -0.5431427956 -0.0361469835
287.9 -304.1 2349.4 -0.5376890302 0.1389258355 0.8316189647 -0.3647087216 0.8509597182 -0.3779617548 -0.7601829171 -0.5065245628 -0.4068842530
46.5 -479.1 2419.5 0.9309332371 0.3134565055 -0.1873721480 -0.2700946331 0.2456562519 -0.9309682846 -0.2457889169 0.9172775149 0.3133524954
-78.1 -576.7 2055.0 0.9267075062 0.3753738999 -0.0175406262 -0.2775606215 0.6522707343 -0.7053388953 -0.2533245683 0.6585114002 0.7086532116
226.9 -479.0 2388.3 0.9700655937 0.0305603631 0.2409123927 0.2300852984 0.2016519010 -0.9520489573 -0.0776754022 0.9789803624 0.1885840893
214.8 -558.9 2000.5 0.9700655937 -0.1076770574 0.2176657170 0.2300852984 0.6942288280 -0.6819875836 -0.0776754022 0.7116543651 0.6982224584
47.4 -394.6 2184.3 0 0 0 0 0 0 0 0 0
148.1 -398.9 2151.8 0 0 0 0 0 0 0 0 0
-221.5 -826.0 1803.3 0 0 0 0 0 0 0 0 0
256.0 -824.2 1728.5 0 0 0 0 0 0 0 0 0
196.5 27.6 2717.1 9 0.9807134271 0.0868239626 0.1751078963 0.0128415339 0.8653568625 -0.5009915829 -0.1950289011 0.4935778081 0.8475521803
178.8 -148.5 2616.7 0.9807134271 0.0868239626 0.1751078963 0.0128415339 0.8653568625 -0.5009915829 -0.1950289011 0.4935778081 0.8475521803
159.4 -316.9 2513.0 0.9802826643 0.0975827500 0.1718239337 0.0088417279 0.8470209241 -0.5314860344 -0.1974023283 0.5225257874 0.8294571042
41.1 -149.7 2644.5 0.2422867715 -0.4496218264 -0.8597309589 0.5659081936 0.7852692604 -0.2511973381 0.7880641222 -0.4256670177 0.4447050393
-28.0 -311.2 2419.7 -0.2905899882 -0.4496218264 -0.8446286917 0.3220328391 0.7852692604 -0.5288166404 0.9010284543 -0.4256670177 -0.0833983943
316.6 -147.2 2589.0 -0.0935724005 0.0758481771 0.9927191138 -0.5479049087 0.8286046982 -0.1149539053 -0.8312907815 -0.5546722412 -0.0359769426
289.9 -303.3 2352.1 -0.5402427316 0.1198749170 0.8329272866 -0.3616937995 0.8606303334 -0.3584591746 -0.7598127723 -0.4949195683 -0.4215912521
59.2 -484.5 2424.0 0.9209187031 0.3336813152 -0.2014088482 -0.2819288671 0.2134965807 -0.9353797436 -0.2691186666 0.9181916714 0.2906873822
-73.4 -569.3 2059.3 0.9209187031 0.3897328675 -0.0041277586 -0.2819288671 0.6587960124 -0.6974983215 -0.2691186666 0.6435029507 0.7165745497
240.5 -484.7 2397.2 0.9539358020 0.0717875436 0.2912954092 0.2765643597 0.1658710688 -0.9465721846 -0.1162695736 0.9835310578 0.1383764744
212.0 -550.5 2007.4 0.9539358020 -0.1153102964 0.2769657075 0.2765643597 0.6957765222 -0.6628779769 -0.1162695736 0.7089418769 0.6956168413
47.5 -394.9 2185.5 0 0 0 0 0 0 0 0 0
149.5 -397.3 2154.6 0 0 0 0 0 0 0 0 0
-222.3 -821.1 1813.4 0 0 0 0 0 0 0 0 0
256.1 -816.4 1736.4 0 0 0 0 0 0 0 0 0
197.3 28.8 2726.0 0 0.9772192240 0.1036689728 0.1851899922 0.0108005656 0.8471584916 -0.5312305093 -0.2119573951 0.5211287737 0.8267399073
176.2 -143.6 2619.9 0.9772192240 0.1036689728 0.1851899922 0.0108005656 0.8471584916 -0.5312305093 -0.2119573951 0.5211287737 0.8267399073
154.4 -308.9 2511.9 0.9771025777 0.1099239811 0.1821736544 0.0098837847 0.8318309188 -0.5549410582 -0.2125390172 0.5440348983 0.8116977215
38.8 -145.0 2649.8 0.2388150841 -0.4770073593 -0.8458317518 0.5755807161 0.7710657120 -0.2723315358 0.7820960283 -0.4218075573 0.4586983621
-30.0 -311.0 2424.3 -0.2911919057 -0.4770073593 -0.8292594552 0.3141717613 0.7710657120 -0.5538535118 0.9036057591 -0.4218075573 -0.0746658519
313.6 -142.2 2590.0 -0.0903139040 0.0675789565 0.9936178923 -0.5572683215 0.8234537244 -0.1066579297 -0.8254061937 -0.5633444786 -0.0367097110
287.1 -306.2 2347.1 -0.5393058062 0.1143165529 0.8343147039 -0.3692273200 0.8583338261 -0.3562782705 -0.7568490505 -0.5001947284 -0.4206956327
50.2 -486.1 2427.3 0.9300258160 0.3112159073 -0.1954394728 -0.2694836855 0.2159640640 -0.9384764433 -0.2498608977 0.9254751205 0.2847197652
-73.5 -571.9 2059.6 0.9211280346 0.3889575601 -0.0153362993 -0.2847758532 0.6464983225 -0.7077729702 -0.2653787434 0.6563169360 0.7062734365
229.8 -484.2 2391.6 0.9708467126 0.0355676450 0.2370477021 0.2257609516 0.1966529787 -0.9541276693 -0.0805522129 0.9798278213 0.1828901023
215.7 -562.2 2003.1 0.9708467126 -0.0939602181 0.2205179036 0.2257609516 0.6675872207 -0.7094781995 -0.0805522129 0.7385789156 0.6693373919
45.7 -392.7 2189.4 0 0 0 0 0 0 0 0 0
146.9 -402.2 2150.3 0 0 0 0 0 0 0 0 0
-222.1 -818.9 1808.8 0 0 0 0 0 0 0 0 0
251.6 -817.1 1721.0 0 0 0 0 0 0 0 0 0
197.5 26.8 2720.4 1 0.9783326387 0.1103608683 0.1751733720 -0.0014717922 0.8497737050 -0.5271455646 -0.2070339769 0.5154659152 0.8315238357
175.0 -146.0 2615.6 0.9783326387 0.1103608683 0.1751733720 -0.0014717922 0.8497737050 -0.5271455646 -0.2070339769 0.5154659152 0.8315238357
150.9 -311.0 2507.6 0.9777609110 0.1213558465 0.1710449159 -0.0056175585 0.8304387927 -0.5570815802 -0.2096474469 0.5437317491 0.8126522899
37.5 -145.2 2645.1 0.2482223064 -0.5057513118 -0.8261968493 0.5924493074 0.7540435791 -0.2835878730 0.7664133906 -0.4190869331 0.4868024588
-31.9 -310.9 2430.7 -0.2871380746 -0.5057513118 -0.8134908080 0.3109593689 0.7540435791 -0.5785521269 0.9060110450 -0.4190869331 -0.0592465028
312.6 -146.7 2586.1 -0.0798628032 0.0823131725 0.9934014678 -0.5569417477 0.8228348494 -0.1129544079 -0.8267030120 -0.5622875690 -0.0198702570
290.0 -304.4 2352.1 -0.5219560266 0.1222038865 0.8441730738 -0.3781823814 0.8539368510 -0.3574491739 -0.7645521760 -0.5058240891 -0.3995021284
42.9 -475.2 2423.3 0.9341844320 0.2937743068 -0.2024748176 -0.2783802748 0.2451910675 -0.9286472797 -0.2231677026 0.9238928556 0.3108346462
-73.8 -572.6 2056.3 0.9156987071 0.4004988074 -0.0331138633 -0.3106911778 0.6532766819 -0.6904350519 -0.2548859119 0.6425186992 0.7226361036
222.1 -473.2 2384.6 0.9761913419 0.0187011473 0.2161033899 0.2068354487 0.2198608220 -0.9533521533 -0.0653414503 0.9753519893 0.2107581794
214.6 -560.5 1997.5 0.9761913419 -0.1002007723 0.1923803836 0.2068354487 0.6971682310 -0.6864222884 -0.0653414503 0.7098706365 0.7012946606
42.7 -391.8 2195.2 0 0 0 0 0 0 0 0 0
154.3 -402.7 2153.4 0 0 0 0 0 0 0 0 0
-226.9 -822.2 1810.8 0 0 0 0 0 0 0 0 0
252.9 -826.6 1726.5 0 0 0 0 0 0 0 0 0
195.3 25.8 2717.6 2 0.9847736955 0.1024236381 0.1404642910 -0.0139607862 0.8519880772 -0.5233750343 -0.1732798666 0.5134449601 0.8404453397
174.5 -147.2 2613.3 0.9847736955 0.1024236381 0.1404642910 -0.0139607862 0.8519880772 -0.5233750343 -0.1732798666 0.5134449601 0.8404453397
151.9 -312.4 2505.2 0.9841505885 0.1134312227 0.1363121867 -0.0188193992 0.8311358094 -0.5557509065 -0.1763334572 0.5443772674 0.8200975060
36.1 -144.5 2638.1 0.2413636446 -0.4826451242 -0.8419010043 0.5902064443 0.7616637349 -0.2674410641 0.7703245282 -0.4323448539 0.4686982036
-32.0 -311.0 2420.8 -0.3008389771 -0.4826451242 -0.8225263357 0.3194334805 0.7616637349 -0.5637646914 0.8985867500 -0.4323448539 -0.0749651119
312.9 -149.8 2588.5 -0.0863640085 0.1128034666 0.9898568988 -0.5438954830 0.8271008730 -0.1417102367 -0.8346969485 -0.5506173372 -0.0100784525
288.1 -306.0 2348.8 -0.5221542120 0.1484824866 0.8398261070 -0.3612657785 0.8535077572 -0.3755151033 -0.7725555301 -0.4994772077 -0.3920210004
37.1 -475.6 2418.7 0.9302195311 0.2959111929 -0.2170902789 -0.2977344692 0.2626090348 -0.9178184271 -0.2145828754 0.9184079170 0.3323870003
-80.5 -579.9 2053.8 0.9234173894 0.3788961470 -0.0611390807 -0.3095598817 0.6411228180 -0.7022351623 -0.2268765569 0.6673824191 0.7093150020
216.4 -476.5 2380.4 0.9804882407 -0.0019336048 0.1965683550 0.1911523640 0.2426861078 -0.9510858059 -0.0458653867 0.9701029658 0.2383204848
217.2 -572.9 1995.2 0.9802343249 -0.0950405374 0.1735163182 0.1929233819 0.6535046697 -0.7319236398 -0.0438313074 0.7509320378 0.6589232683
46.2 -394.0 2187.2 0 0 0 0 0 0 0 0 0
152.3 -399.9 2148.0 0 0 0 0 0 0 0 0 0
-225.2 -824.8 1798.8 0 0 0 0 0 0 0 0 0
253.4 -822.1 1708.8 0 0 0 0 0 0 0 0 0
195.4 27.8 2717.2 3 0.9879351258 0.0903378129 0.1257905364 -0.0127005205 0.8567663431 -0.5155484080 -0.1543466151 0.5077307820 0.8475769162
177.1 -146.1 2614.1 0.9879351258 0.0903378129 0.1257905364 -0.0127005205 0.8567663431 -0.5155484080 -0.1543466151 0.5077307820 0.8475769162
156.4 -311.9 2506.4 0.9870873690 0.1042181477 0.1216433942 -0.0200674012 0.8338766098 -0.5515860319 -0.1589208543 0.5420225263 0.8252004385
38.2 -143.3 2636.4 0.2411210239 -0.4807121754 -0.8430755734 0.5953341126 0.7593226433 -0.2626906633 0.7664450407 -0.4385714233 0.4692730010
-30.6 -313.3 2417.7 -0.3044441640 -0.4807121754 -0.8223317862 0.3245144784 0.7593226433 -0.5640207529 0.8955467939 -0.4385714233 -0.0751732960
315.9 -149.0 2591.7 -0.0928133875 0.1229996160 0.9880570769 -0.5431776047 0.8254156113 -0.1537764966 -0.8344721794 -0.5509629846 -0.0097989878
289.0 -306.7 2349.4 -0.5135963559 0.1537031531 0.8441529274 -0.3688055873 0.8487607837 -0.3789294660 -0.7747265697 -0.5059450865 -0.3792338669
39.1 -475.9 2413.1 0.9268950224 0.3019350171 -0.2229369432 -0.3053500354 0.2612631619 -0.9156980515 -0.2182360888 0.9168297648 0.3343593776
-80.9 -579.7 2048.7 0.9222248197 0.3826844096 -0.0552634373 -0.3135063648 0.6564249992 -0.6861632466 -0.2263076752 0.6501221657 0.7253454328
219.6 -479.3 2380.9 0.9657316804 0.0146374516 0.2591295540 0.2492006719 0.2267352641 -0.9415360689 -0.0725354925 0.9738464355 0.2153177708
213.8 -569.4 1994.0 0.9657316804 -0.1169888526 0.2316807806 0.2492006719 0.6674309373 -0.7017371058 -0.0725354925 0.7354247570 0.6737128496
48.6 -397.6 2184.9 0 0 0 0 0 0 0 0 0
155.5 -402.6 2148.0 0 0 0 0 0 0 0 0 0
-227.1 -830.5 1800.3 0 0 0 0 0 0 0 0 0
258.4 -824.1 1713.3 0 0 0 0 0 0 0 0 0
195.1 27.0 2727.0 4 0.9924883246 0.0857348666 0.0872723833 -0.0246748254 0.8389850855 -0.5435946584 -0.1198252439 0.5373579264 0.8347983956
177.7 -143.4 2617.8 0.9924883246 0.0857348666 0.0872723833 -0.0246748254 0.8389850855 -0.5435946584 -0.1198252439 0.5373579264 0.8347983956
158.2 -306.3 2505.7 0.9915975332 0.0982772037 0.0841181949 -0.0327035710 0.8195843101 -0.5720245242 -0.1251589209 0.5644671321 0.8159118295
38.2 -138.8 2635.4 0.2393930852 -0.5031134486 -0.8304021955 0.6068241000 0.7451778650 -0.2765401304 0.7579284310 -0.4377062619 0.4836918116
-30.4 -312.7 2418.2 -0.2968093157 -0.5031134486 -0.8116533160 0.3266793787 0.7451778650 -0.5813695192 0.8973209262 -0.4377062619 -0.0568189397
317.1 -148.1 2600.2 -0.0868913457 0.1538943499 0.9842593074 -0.5325775146 0.8277851939 -0.1764452010 -0.8419091702 -0.5395259261 0.0100333048
291.5 -304.8 2352.4 -0.5111562014 0.1688874662 0.8427314758 -0.3740600049 0.8390619159 -0.3950369954 -0.7738206983 -0.5171577334 -0.3657176197
45.1 -475.9 2413.2 0.9191049337 0.3132729828 -0.2389689386 -0.3238591552 0.2552152872 -0.9110326171 -0.2244133800 0.9147268534 0.3360259533
-79.4 -577.3 2049.6 0.9201020002 0.3868210614 -0.0614959672 -0.3221689761 0.6581364870 -0.6804876924 -0.2227542251 0.6459301710 0.7301744819
226.2 -479.5 2384.1 0.9712711573 0.0243216455 0.2367292643 0.2254749388 0.2241128683 -0.9481215477 -0.0761139542 0.9742596745 0.2121904492
216.5 -568.6 1996.9 0.9707120657 -0.1007940173 0.2180795819 0.2292442620 0.6601555943 -0.7152913213 -0.0718693733 0.7443353534 0.6639274359
46.8 -397.6 2184.9 0 0 0 0 0 0 0 0 0
158.6 -402.1 2151.2 0 0 0 0 0 0 0 0 0
-227.3 -828.8 1802.8 0 0 0 0 0 0 0 0 0
255.0 -820.7 1712.7 0 0 0 0 0 0 0 0 0
197.5 28.1 2731.4 5 0.9927084446 0.0856273547 0.0848404393 -0.0248776097 0.8342211246 -0.5508686304 -0.1179451123 0.5447413325 0.8302685618
180.1 -141.1 2620.9 0.9927084446 0.0856273547 0.0848404393 -0.0248776097 0.8342211246 -0.5508686304 -0.1179451123 0.5447413325 0.8302685618
161.1 -303.0 2507.2 0.9920378327 0.0958312899 0.0817145333 -0.0309707429 0.8145462871 -0.5792711973 -0.1220725775 0.5721281767 0.8110287189
40.6 -136.7 2638.1 0.2448497266 -0.4952890575 -0.8335090876 0.6031350493 0.7509014606 -0.2690262198 0.7591289282 -0.4368475676 0.4825842083
-30.4 -311.5 2418.1 -0.2970300913 -0.4952890575 -0.8163712025 0.3261746168 0.7509014606 -0.5742448568 0.8974314928 -0.4368475676 -0.0614896007
319.7 -145.5 2603.7 -0.0876227468 0.1539205760 0.9841904044 -0.5370720029 0.8247984052 -0.1768084466 -0.8389731050 -0.5440735817 0.0103953360
294.0 -302.9 2357.9 -0.5109631419 0.1712618470 0.8423693180 -0.3742120862 0.8379043937 -0.3973430991 -0.7738746405 -0.5182524323 -0.3640500307
47.9 -466.2 2405.0 0.9199150205 0.3207187951 -0.2256010920 -0.3213999867 0.2871246636 -0.9023643732 -0.2246295661 0.9026067257 0.3672093153
-79.6 -580.3 2046.4 0.9184149504 0.3907426596 -0.0619204976 -0.3239200413 0.6528424621 -0.6847426295 -0.2271338254 0.6489351988 0.7261496782
229.7 -472.3 2382.0 0.9708828330 0.0326505266 0.2373193800 0.2224848717 0.2443664223 -0.9438143373 -0.0888089240 0.9691331387 0.2299869061
216.7 -569.4 1996.9 0.9692693353 -0.1025434732 0.2236107737 0.2339142710 0.6656070352 -0.7086969614 -0.0761646628 0.7392239571 0.6691389084
46.9 -396.3 2184.8 0 0 0 0 0 0 0 0 0
161.2 -400.2 2156.7 0 0 0 0 0 0 0 0 0
-228.9 -829.8 1798.3 0 0 0 0 0 0 0 0 0
255.9 -823.7 1714.4 0 0 0 0 0 0 0 0 0
198.1 28.1 2733.1 6 0.9912449718 0.0841527805 0.1017435044 -0.0134215299 0.8308039308 -0.5564033985 -0.1313517988 0.5501664877 0.8246596456
181.0 -140.8 2621.2 0.9912449718 0.0841527805 0.1017435044 -0.0134215299 0.8308039308 -0.5564033985 -0.1313517988 0.5501664877 0.8246596456
162.3 -302.2 2506.7 0.9906352758 0.0942471623 0.0987887010 -0.0190351121 0.8118111491 -0.5836097002 -0.1352013350 0.5762639046 0.8060027957
41.6 -138.1 2640.3 0.2534562945 -0.4999336898 -0.8281462193 0.6019840837 0.7516492605 -0.2695153654 0.7572153211 -0.4302205145 0.4914623797
-30.5 -309.5 2424.7 -0.2899775803 -0.4999336898 -0.8160755634 0.3228063583 0.7516492605 -0.5751690865 0.9009489417 -0.4302205145 -0.0565796606
320.4 -143.5 2602.2 -0.0811985806 0.1362298280 0.9873440266 -0.5475540161 0.8216415644 -0.1583973765 -0.8328213692 -0.5534858108 0.0078770574
297.0 -301.3 2362.2 -0.5197467208 0.1669167727 0.8378556371 -0.3634564877 0.8443465829 -0.3936727345 -0.7731511593 -0.5091341734 -0.3781794012
51.1 -462.1 2404.7 0.9208817482 0.3298763633 -0.2077460736 -0.3091674447 0.2933630347 -0.9046289921 -0.2374707162 0.8972846270 0.3721396923
-80.0 -578.7 2048.1 0.9207494855 0.3876062334 -0.0445167385 -0.3093912899 0.6558706164 -0.6885570288 -0.2376917750 0.6477615833 0.7238145471
233.1 -467.8 2382.3 0.9451732635 0.0495778546 0.3227840662 0.3024353087 0.2400225997 -0.9224543571 -0.1232087761 0.9695004821 0.2118688375
213.4 -563.2 1997.0 0.9451732635 -0.1245399639 0.3018895686 0.3024353087 0.6825819016 -0.6652930379 -0.1232087761 0.7201192975 0.6828234196
44.8 -393.4 2190.5 0 0 0 0 0 0 0 0 0
161.9 -395.8 2161.3 0 0 0 0 0 0 0 0 0
-228.1 -829.4 1800.4 0 0 0 0 0 0 0 0 0
261.0 -824.0 1721.9 0 0 0 0 0 0 0 0 0
199.9 25.7 2733.9 7 0.9912546277 0.0897842571 0.0967112705 -0.0201821011 0.8273885250 -0.5612671971 -0.1304107606 0.5544068813 0.8219647408
181.7 -142.1 2621.5 0.9912546277 0.0897842571 0.0967112705 -0.0201821011 0.8273885250 -0.5612671971 -0.1304107606 0.5544068813 0.8219647408
162.2 -302.8 2506.1 0.9908024669 0.0976813138 0.0936423168 -0.0241278708 0.8084664941 -0.5880473852 -0.1331479251 0.5803794265 0.8033874631
42.2 -138.7 2640.3 0.2587487996 -0.5113059282 -0.8195213675 0.6041233540 0.7476667166 -0.2757343650 0.7537134886 -0.4237460792 0.5023497343
-30.6 -308.8 2428.0 -0.2841320932 -0.5113059282 -0.8110703826 0.3182762265 0.7476667166 -0.5828333497 0.9044165015 -0.4237460792 -0.0496995822
321.1 -145.5 2602.8 -0.0865923911 0.1424098313 0.9860127568 -0.5402340889 0.8248627782 -0.1665786952 -0.8370476961 -0.5471022129 0.0055078049
296.1 -301.3 2361.3 -0.5330346227 0.1708527207 0.8286636472 -0.3536412716 0.8447577357 -0.4016493261 -0.7686429024 -0.5071426630 -0.3898645639
52.7 -461.8 2404.6 0.9183642268 0.3374632001 -0.2067020386 -0.3144477606 0.3051423728 -0.8988941908 -0.2402701527 0.8905092478 0.3863463998
-81.4 -583.1 2050.6 0.9262419343 0.3723312318 -0.0586970486 -0.3013520241 0.6379486918 -0.7086666226 -0.2264130116 0.6740852594 0.7030975819
234.4 -465.3 2379.8 0.9453908205 0.0537830032 0.3214709759 0.2998118699 0.2434211969 -0.9224201441 -0.1278633773 0.9684283733 0.2140033841
213.0 -562.1 1994.8 0.9453908205 -0.1233053952 0.3017150760 0.2998118699 0.6921173334 -0.6565717459 -0.1278633773 0.7111746669 0.6912897825
43.2 -391.5 2192.9 0 0 0 0 0 0 0 0 0
157.5 -393.2 2161.5 0 0 0 0 0 0 0 0 0
-223.7 -826.8 1793.0 0 0 0 0 0 0 0 0 0
260.1 -826.6 1723.0 0 0 0 0 0 0 0 0 0
199.7 25.6 2735.4 8 0.9897427559 0.0938732103 0.1076896340 -0.0171721298 0.8265159726 -0.5626513362 -0.1418250799 0.5550308228 0.8196501732
180.7 -141.9 2622.9 0.9897427559 0.0938732103 0.1076896340 -0.0171721298 0.8265159726 -0.5626513362 -0.1418250799 0.5550308228 0.8196501732
160.4 -302.3 2507.2 0.9893157482 0.1017727256 0.1043868959 -0.0207373034 0.8069712520 -0.5902265906 -0.1443061829 0.5817557573 0.8004598618
41.4 -139.0 2643.2 0.2550518513 -0.4908588231 -0.8330703378 0.5966594815 0.7578697205 -0.2638767958 0.7608850002 -0.4297570586 0.4861716628
-31.4 -309.5 2425.8 -0.2937323749 -0.4908588231 -0.8202310205 0.3204362094 0.7578697205 -0.5682905316 0.9005786777 -0.4297570586 -0.0653219223
319.9 -144.8 2602.6 -0.0827582926 0.1341423541 0.9875003099 -0.5366808176 0.8289403319 -0.1575804949 -0.8397170901 -0.5430135727 0.0033899399
295.9 -300.5 2359.1 -0.5431556106 0.1595927924 0.8243252635 -0.3545402884 0.8463570476 -0.3974681199 -0.7611065507 -0.5081435442 -0.4031215012
51.9 -461.3 2403.0 0.9170134068 0.3459010720 -0.1985920966 -0.3105315566 0.3066836894 -0.8997306824 -0.2503128350 0.8867341876 0.3886462748
-85.6 -583.2 2050.5 0.9346718192 0.3524414301 -0.0466227271 -0.2802112699 0.6496284604 -0.7067280412 -0.2187927961 0.6736229658 0.7059474587
233.7 -465.7 2378.6 0.9523950815 0.0491379052 0.3008805215 0.2805821896 0.2447176129 -0.9281093478 -0.1192361116 0.9683484435 0.2192806304
214.2 -563.0 1993.6 0.9523950815 -0.1194876060 0.2804751694 0.2805821896 0.7033603787 -0.6531139016 -0.1192361116 0.7007188201 0.7034030557
44.9 -392.8 2191.7 0 0 0 0 0 0 0 0 0
154.7 -392.6 2161.3 0 0 0 0 0 0 0 0 0
-220.2 -831.4 1793.1 0 0 0 0 0 0 0 0 0
259.9 -831.8 1725.8 0 0 0 0 0 0 0 0 0
201.1 26.5 2737.1 9 0.9894167781 0.0984107256 0.1066292003 -0.0214124322 0.8258385062 -0.5634999871 -0.1435129493 0.5552531481 0.8192057014
181.2 -141.0 2624.5 0.9894167781 0.0984107256 0.1066292003 -0.0214124322 0.8258385062 -0.5634999871 -0.1435129493 0.5552531481 0.8192057014
160.0 -301.3 2508.8 0.9889354706 0.1065808684 0.1031847969 -0.0252443831 0.8063315749 -0.5909247994 -0.1461824328 0.5817816257 0.8001005054
42.0 -137.5 2645.0 0.2575932443 -0.4837931097 -0.8364149332 0.5955961943 0.7611244321 -0.2568165660 0.7608619332 -0.4320113659 0.4842058420
-32.4 -309.4 2425.4 -0.2982331514 -0.4837931097 -0.8228008151 0.3207046390 0.7611244321 -0.5637713075 0.8990024924 -0.4320113659 -0.0718378350
320.4 -144.6 2603.9 -0.0850023925 0.1364507973 0.9869933128 -0.5410482287 0.8254913688 -0.1607197821 -0.8366847634 -0.5476725101 0.0036577166
295.6 -302.4 2359.9 -0.5444758534 0.1691004634 0.8215540648 -0.3451977670 0.8474991322 -0.4032167196 -0.7644504905 -0.5031403899 -0.4030697048
49.4 -460.9 2404.8 0.9231925011 0.3236639202 -0.2072614431 -0.3074196279 0.2982024550 -0.9036417603 -0.2306703478 0.8979515433 0.3747988939
-79.2 -579.4 2047.9 0.9206776023 0.3872906864 -0.0485662930 -0.3117105961 0.6546465755 -0.6886757612 -0.2349239588 0.6491870284 0.7234410644
231.0 -464.7 2378.4 0.9597718120 0.0447901711 0.2771856785 0.2601353824 0.2297035456 -0.9378517270 -0.1056770682 0.9722294807 0.2088114768
213.2 -556.0 1991.8 0.9597718120 -0.1217857525 0.2529946268 0.2601353824 0.7248029709 -0.6379578710 -0.1056770682 0.6781068444 0.7273262143
45.2 -392.8 2191.6 0 0 0 0 0 0 0 0 0
154.0 -392.1 2161.2 0 0 0 0 0 0 0 0 0
-227.1 -829.4 1800.0 0 0 0 0 0 0 0 0 0
259.7 -832.9 1732.8 0 0 0 0 0 0 0 0 0
205.1 22.9 2746.4 0 0.9898397923 0.1058621556 0.0949232653 -0.0304984748 0.8101297021 -0.5854567885 -0.1388778836 0.5766134262 0.8051272631
183.7 -141.0 2629.8 0.9898397923 0.1058621556 0.0949232653 -0.0304984748 0.8101297021 -0.5854567885 -0.1388778836 0.5766134262 0.8051272631
161.0 -298.5 2510.7 0.9891901612 0.1144575030 0.0916642398 -0.0352232344 0.7922648191 -0.6091598868 -0.1423452646 0.5993462205 0.7877321243
44.5 -136.0 2649.8 0.2643568814 -0.4956912398 -0.8272880912 0.5962952375 0.7581999898 -0.2637513280 0.7579890490 -0.4235834777 0.4960137010
-31.7 -308.0 2431.2 -0.2870731950 -0.4956912398 -0.8196823597 0.3172681928 0.7581999898 -0.5696259141 0.9038417339 -0.4235834777 -0.0603918247
322.9 -146.0 2609.7 -0.0911360830 0.1492153853 0.9845958352 -0.5275180936 0.8313617110 -0.1748208702 -0.8446412683 -0.5353246331 0.0029467726
296.0 -301.8 2360.3 -0.5413079262 0.1775163561 0.8218720555 -0.3366222680 0.8499556780 -0.4052910209 -0.7705006003 -0.4960476756 -0.4003317952
48.1 -459.3 2406.6 0.9216391444 0.3231150210 -0.2148904949 -0.3133187592 0.2929203808 -0.9033432603 -0.2289379686 0.8998857141 0.3712049127
-80.4 -575.7 2048.8 0.9274120331 0.3706896007 -0.0499614477 -0.3031660318 0.6667099595 -0.6808730960 -0.2190827876 0.6465965509 0.7306953073
229.5 -463.9 2379.7 0.9591766000 0.0372532085 0.2803433537 0.2633890212 0.2433141768 -0.9335011840 -0.1029874235 0.9692318439 0.2235691845
214.7 -560.7 1994.4 0.9591766000 -0.1156318933 0.2580880821 0.2633890212 0.6975811720 -0.6663383245 -0.1029874235 0.7071136832 0.6995596886
42.9 -390.5 2196.3 0 0 0 0 0 0 0 0 0
155.3 -389.3 2160.0 0 0 0 0 0 0 0 0 0
-222.0 -830.4 1801.8 0 0 0 0 0 0 0 0 0
258.9 -827.1 1724.4 0 0 0 0 0 0 0 0 0
206.3 22.3 2751.6 1 0.9917240143 0.0980587825 0.0828731433 -0.0298090633 0.8037142754 -0.5942682624 -0.1248795465 0.5868797302 0.7999857664
186.5 -140.2 2633.0 0.9917240143 0.0980587825 0.0828731433 -0.0298090633 0.8037142754 -0.5942682624 -0.1248795465 0.5868797302 0.7999857664
165.0 -296.1 2511.7 0.9909268618 0.1082277298 0.0796915293 -0.0359474570 0.7847511768 -0.6187676191 -0.1295058280 0.6102887392 0.7815215588
47.1 -135.1 2651.2 0.2819221914 -0.5401525497 -0.7929407954 0.6108977795 0.7383396029 -0.2857595384 0.7398133874 -0.4038437903 0.5381323099
-32.4 -307.3 2442.7 -0.2762123048 -0.5401525497 -0.7949478030 0.2977497280 0.7383396029 -0.6051443815 0.9138117433 -0.4038437903 -0.0431082211
326.0 -145.2 2614.7 -0.0972345620 0.1574504226 0.9827282429 -0.5223030448 0.8324398398 -0.1850500405 -0.8471983075 -0.5312752128 0.0012949111
