33.8 2.1 3188.5 1 0.9982006550 0.0007481059 -0.0599573888 -0.0349728465 0.8194934726 -0.5720204115 0.0487067550 0.5730880499 0.8180450797
33.7 -171.3 3067.2 0.9982006550 0.0007481059 -0.0599573888 -0.0349728465 0.8194934726 -0.5720204115 0.0487067550 0.5730880499 0.8180450797
30.3 -328.3 2945.6 0.9980183840 0.0176399779 -0.0603995472 -0.0509276912 0.7902018428 -0.6107269526 0.0369546227 0.6125927567 0.7895343304
-111.9 -163.8 3061.9 0.0714443177 -0.9823275208 0.1729979664 0.6087477803 0.1803361475 0.7725962996 -0.7901403904 0.0501145162 0.6108736992
-138.4 -389.5 3354.9 0.0599452555 -0.9805855751 -0.1867041588 -0.3463077247 0.1549936235 -0.9252285957 0.9362037778 0.1201201603 -0.3302932382
179.2 -178.8 3072.6 0.5761277676 0.4700319469 0.6686903238 -0.8150938749 0.2695173025 0.5128180981 0.0608172715 -0.8404941559 0.5383965969
329.2 -391.1 3088.4 -0.6485396028 0.4700319469 0.5987205505 -0.5404687524 0.2695173025 -0.7970281839 -0.5359942913 -0.8404941559 0.0792449415
-75.0 -488.6 2838.7 0.9725960493 0.1797561049 -0.1474605948 -0.1406580955 -0.0500906147 -0.9887902737 -0.1851274818 0.9824350476 -0.0234337840
-154.1 -466.5 2406.5 0.9725960493 0.1475728303 0.1796639860 -0.1406580955 0.9887588024 -0.0507080741 -0.1851274818 0.0240472797 0.9824202657
108.2 -494.0 2836.3 0.9870053530 0.0681486502 0.1455204189 0.1485880166 -0.0423186533 -0.9879933000 -0.0611721799 0.9967772365 -0.0518948101
76.8 -474.5 2377.5 0.9870053530 -0.1465797573 0.0658392385 0.1485880166 0.9885389209 -0.0266917516 -0.0611721799 0.0361278243 0.9974731803
-154.2 -298.1 3107.6 0 0 0 0 0 0 0 0 0
161.4 -531.0 2949.7 0 0 0 0 0 0 0 0 0
-206.2 -815.9 2398.0 0 0 0 0 0 0 0 0 0
132.8 -852.1 2363.7 0 0 0 0 0 0 0 0 0
33.7 2.7 3188.6 2 0.9995834231 0.0160662159 -0.0239761043 -0.0268654656 0.8215172291 -0.5695504546 0.0105462633 0.5699573159 0.8216066360
30.3 -170.1 3068.7 0.9995834231 0.0160662159 -0.0239761043 -0.0268654656 0.8215172291 -0.5695504546 0.0105462633 0.5699573159 0.8216066360
25.1 -327.6 2947.8 0.9993242621 0.0269323625 -0.0250130277 -0.0365946032 0.7927262783 -0.6084783077 0.0034407252 0.6089825034 0.7931761742
-115.4 -164.7 3068.3 0.0360583588 -0.9825665951 0.1823807359 0.6066540480 0.1665473878 0.7773241401 -0.7941477895 0.0826129690 0.6020833850
-128.8 -389.7 3362.7 0.0964004025 -0.9781047702 -0.1844398975 -0.3418124020 0.1415020078 -0.9290540814 0.9348108172 0.1526050270 -0.3206874728
176.1 -175.4 3069.2 0.5853204727 0.5043010116 0.6348861456 -0.8053978682 0.2713733912 0.5269637108 0.0934571251 -0.8197786212 0.5650033951
331.9 -389.8 3094.1 -0.6273378134 0.5043010116 0.5934035182 -0.5372353196 0.2713733912 -0.7985829115 -0.5637601018 -0.8197786212 0.1006855220
-64.5 -480.6 2820.6 0.9667515755 0.2175421715 -0.1344125867 -0.1320659071 -0.0253593475 -0.9909164906 -0.2189747393 0.9757214189 0.0042137126
-156.0 -469.9 2410.0 0.9667515755 0.1431107968 0.2119213045 -0.1320659071 0.9890770316 -0.0654614493 -0.2189747393 0.0352973826 0.9750918746
118.2 -490.0 2827.3 0.9841260910 0.0910922363 0.1523089111 0.1550914794 -0.0242493693 -0.9876024723 -0.0862695202 0.9955471754 -0.0379920676
77.4 -479.1 2380.7 0.9841260910 -0.1510246247 0.0932060108 0.1550914794 0.9871686101 -0.0380105153 -0.0862695202 0.0518625975 0.9949210286
-154.2 -299.4 3115.8 0 0 0 0 0 0 0 0 0
169.3 -529.0 2948.0 0 0 0 0 0 0 0 0 0
-206.0 -815.0 2397.7 0 0 0 0 0 0 0 0 0
135.1 -856.3 2360.9 0 0 0 0 0 0 0 0 0
33.7 0.7 3188.7 3 0.9996432662 0.0182027500 -0.0195442494 -0.0261056423 0.8204768300 -0.5710834265 0.0056403149 0.5713899136 0.8206593394
29.9 -171.3 3068.9 0.9996432662 0.0182027500 -0.0195442494 -0.0261056423 0.8204768300 -0.5710834265 0.0056403149 0.5713899136 0.8206593394
24.6 -329.0 2948.2 0.9994292855 0.0268081948 -0.0205515623 -0.0337793529 0.7938227654 -0.6072103381 0.0000360858 0.6075580120 0.7942752838
-115.9 -166.4 3068.9 0.0315985605 -0.9827398062 0.1822745055 0.6054154634 0.1639233977 0.7788460851 -0.7952821255 0.0857413858 0.6001456380
-127.7 -390.9 3363.8 0.1006000116 -0.9779650569 -0.1829316169 -0.3399661183 0.1390084922 -0.9301073551 0.9350415468 0.1557593644 -0.3184907436
175.7 -176.2 3068.9 0.5845136046 0.4851769209 0.6503438950 -0.8087937236 0.2844073474 0.5147477388 0.0647811219 -0.8268710971 0.5586479902
332.3 -392.8 3086.3 -0.6550692916 0.4851769209 0.5792129040 -0.5081625581 0.2844073474 -0.8129472733 -0.5591556430 -0.8268710971 0.0602422282
-71.7 -481.7 2826.6 0.9707385302 0.2031562775 -0.1280400306 -0.1260135323 -0.0229341928 -0.9917634130 -0.2044194490 0.9788777232 0.0033373367
-158.6 -471.9 2408.1 0.9707385302 0.1361396462 0.1978199184 -0.1260135323 0.9900282025 -0.0629658699 -0.2044194490 0.0361954086 0.9782139659
111.3 -488.5 2827.2 0.9870980382 0.0721873343 0.1429212391 0.1444932073 -0.0170178991 -0.9893594384 -0.0689870045 0.9972459078 -0.0272289142
79.0 -480.9 2380.6 0.9870980382 -0.1411294788 0.0756304413 0.1444932073 0.9886562228 -0.0409943201 -0.0689870045 0.0513934940 0.9962928891
-154.2 -301.1 3116.8 0 0 0 0 0 0 0 0 0
162.4 -524.6 2941.3 0 0 0 0 0 0 0 0 0
-205.9 -816.3 2395.5 0 0 0 0 0 0 0 0 0
132.9 -858.6 2361.0 0 0 0 0 0 0 0 0 0
35.6 -2.5 3189.7 4 0.9996912479 0.0247881319 -0.0017265878 -0.0213288870 0.8203802705 -0.5714204311 -0.0127479862 0.5712807775 0.8206557035
30.4 -174.2 3070.1 0.9996912479 0.0247881319 -0.0017265878 -0.0213288870 0.8203802705 -0.5714204311 -0.0127479862 0.5712807775 0.8206557035
24.5 -331.7 2949.1 0.9995490313 0.0298768189 -0.0030179420 -0.0255242269 0.7923609614 -0.6095182896 -0.0158191696 0.6093204618 0.7927662134
-115.5 -170.5 3072.4 0.0140620340 -0.9825767875 0.1853244752 0.6078174710 0.1555677801 0.7786890268 -0.7939522266 0.1016935110 0.5994149446
-120.7 -395.9 3366.8 0.1181419343 -0.9764924645 -0.1802913398 -0.3416666687 0.1305027306 -0.9307163358 0.9323660135 0.1715561748 -0.3182170987
176.3 -177.9 3067.9 0.5876576900 0.4818425477 0.6499893665 -0.8067740202 0.2879570425 0.5159422755 0.0614339262 -0.8275919557 0.5579582453
330.2 -389.2 3083.9 -0.6324408650 0.4818425477 0.6065033078 -0.5394258499 0.2879570425 -0.7912651300 -0.5559121370 -0.8275919557 0.0778025389
-72.3 -483.7 2827.6 0.9716307521 0.2004176974 -0.1255644709 -0.1213725433 -0.0331182927 -0.9920544028 -0.2029837370 0.9791505933 -0.0078535452
-158.0 -469.5 2408.9 0.9716307521 0.1322123110 0.1960958838 -0.1213725433 0.9903866053 -0.0663553700 -0.2029837370 0.0406722650 0.9783370495
110.9 -489.9 2827.5 0.9857240915 0.0762412399 0.1501177549 0.1521917731 -0.0221304614 -0.9881032109 -0.0720120370 0.9968437552 -0.0334178172
76.4 -479.9 2376.4 0.9857240915 -0.1487023830 0.0789662451 0.1521917731 0.9875352979 -0.0401467234 -0.0720120370 0.0515916012 0.9960685372
-151.9 -305.6 3120.6 0 0 0 0 0 0 0 0 0
166.2 -529.2 2939.7 0 0 0 0 0 0 0 0 0
-204.2 -815.7 2394.7 0 0 0 0 0 0 0 0 0
133.2 -857.2 2356.7 0 0 0 0 0 0 0 0 0
34.3 -1.1 3189.2 5 0.9994155169 0.0179835577 -0.0290723816 -0.0313888267 0.8196187615 -0.5720488429 0.0135407960 0.5726270080 0.8197041750
30.5 -172.7 3069.4 0.9994155169 0.0179835577 -0.0290723816 -0.0313888267 0.8196187615 -0.5720488429 0.0135407960 0.5726270080 0.8197041750
25.0 -330.4 2948.7 0.9991660118 0.0276413318 -0.0300547667 -0.0402133800 0.7938446403 -0.6067895293 0.0070863436 0.6074920893 0.7942941189
-115.3 -166.8 3068.3 0.0410967879 -0.9822430611 0.1830562949 0.6049232483 0.1702770442 0.7778647542 -0.7952225804 0.0787672698 0.6011794806
-130.6 -391.1 3363.2 0.0918212608 -0.9781220555 -0.1866710335 -0.3402820230 0.1453562379 -0.9290208220 0.9358295798 0.1488246620 -0.3194905818
176.3 -178.5 3070.4 0.5774382353 0.4636301696 0.6720209122 -0.8159708381 0.2999919951 0.4941623211 0.0275076497 -0.8336977363 0.5515355468
327.9 -392.6 3077.7 -0.6513798237 0.4636301696 0.6006258726 -0.5224438906 0.2999919951 -0.7981586456 -0.5502333641 -0.8336977363 0.0468120091
-73.1 -486.8 2829.5 0.9719130397 0.2031296343 -0.1188419312 -0.1126665473 -0.0417414233 -0.9927557111 -0.2066187263 0.9782617092 -0.0176831204
-160.8 -468.7 2407.1 0.9719130397 0.1227760091 0.2007762492 -0.1126665473 0.9917542934 -0.0610706955 -0.2066187263 0.0367346406 0.9777317047
110.2 -491.5 2826.6 0.9874672890 0.0714712739 0.1407131255 0.1428408027 -0.0255607069 -0.9894155860 -0.0671180636 0.9971150756 -0.0354493745
78.2 -480.0 2380.4 0.9874672890 -0.1393650621 0.0740655661 0.1428408027 0.9887723327 -0.0438841134 -0.0671180636 0.0539137125 0.9962873459
-154.8 -301.2 3116.0 0 0 0 0 0 0 0 0 0
158.8 -528.2 2934.9 0 0 0 0 0 0 0 0 0
-203.6 -814.0 2394.3 0 0 0 0 0 0 0 0 0
131.4 -857.8 2359.8 0 0 0 0 0 0 0 0 0
33.9 -1.2 3188.5 6 0.9993583560 0.0134186447 -0.0332092978 -0.0300691128 0.8180918097 -0.5743010640 0.0194619130 0.5749310851 0.8179703355
31.1 -173.0 3067.8 0.9993583560 0.0134186447 -0.0332092978 -0.0300691128 0.8180918097 -0.5743010640 0.0194619130 0.5749310851 0.8179703355
26.5 -330.2 2946.4 0.9991523027 0.0231647100 -0.0340302959 -0.0391317084 0.7911148667 -0.6104146242 0.0127817960 0.6112288237 0.7913507223
-114.7 -167.3 3065.9 0.0450797081 -0.9828826785 0.1786322296 0.6085647941 0.1688238978 0.7753369212 -0.7922226191 0.0737573281 0.6057583690
-131.4 -392.9 3359.7 0.0867076367 -0.9791450500 -0.1837300211 -0.3444153368 0.1435905993 -0.9277714491 0.9348047376 0.1437243074 -0.3247821629
177.0 -178.7 3069.7 0.6167991161 0.5138064027 0.5962901115 -0.7797430158 0.2953743339 0.5520460606 0.1075159907 -0.8054545522 0.5828235745
335.3 -378.8 3097.3 -0.6139823198 0.5138064027 0.5991899967 -0.5291271210 0.2953743339 -0.7954737544 -0.5857048631 -0.8054545522 0.0905142725
-72.1 -484.5 2827.4 0.9706764221 0.2046812326 -0.1260670424 -0.1214935333 -0.0348115489 -0.9919815660 -0.2074286044 0.9782094359 -0.0089233033
-158.8 -469.7 2412.8 0.9706764221 0.1328477710 0.2003466338 -0.1214935333 0.9902604222 -0.0679970831 -0.2074286044 0.0416623428 0.9773625731
111.1 -491.9 2828.7 0.9882213473 0.0709711984 0.1355789453 0.1377603114 -0.0267781373 -0.9901035428 -0.0666382834 0.9971188307 -0.0362397395
79.1 -479.8 2379.9 0.9882213473 -0.1348868608 0.0722779110 0.1377603114 0.9897986054 -0.0363437273 -0.0666382834 0.0458726734 0.9967221618
-154.3 -301.9 3112.7 0 0 0 0 0 0 0 0 0
176.1 -516.1 2945.4 0 0 0 0 0 0 0 0 0
-205.6 -818.0 2398.2 0 0 0 0 0 0 0 0 0
130.7 -858.0 2362.4 0 0 0 0 0 0 0 0 0
33.4 0.9 3189.1 7 0.9999473095 0.0090494500 0.0048496583 -0.0046392549 0.8196334243 -0.5728695393 -0.0091590965 0.5728168488 0.8196322322
31.5 -171.0 3069.0 0.9999473095 0.0090494500 0.0048496583 -0.0046392549 0.8196334243 -0.5728695393 -0.0091590965 0.5728168488 0.8196322322
27.3 -327.9 2947.1 0.9997676015 0.0211660452 0.0040850635 -0.0142073138 0.7894983888 -0.6135881543 -0.0162123851 0.6133875251 0.7896156311
-114.4 -168.9 3071.3 0.0069770636 -0.9842302799 0.1767543405 0.6120176911 0.1439894438 0.7776255012 -0.7908132672 0.1027512476 0.6033709645
-117.0 -395.9 3364.6 0.1222720742 -0.9778423309 -0.1699232310 -0.3451142311 0.1186349243 -0.9310327172 0.9305620193 0.1724822223 -0.3229615688
177.4 -173.1 3066.7 0.5800065398 0.5119932890 0.6336050034 -0.8098583221 0.2785103619 0.5162959099 0.0878744796 -0.8125852942 0.5761798620
325.4 -379.7 3089.1 -0.5836747885 0.5119932890 0.6302273870 -0.5812518597 0.2785103619 -0.7645771503 -0.5669832230 -0.8125852942 0.1350375563
-69.7 -483.8 2823.8 0.9694228172 0.2083260119 -0.1296905726 -0.1259326637 -0.0312596560 -0.9915461540 -0.2106189430 0.9775597453 -0.0040687756
-158.5 -470.5 2407.3 0.9694228172 0.1345358491 0.2052303106 -0.1259326637 0.9905416369 -0.0544819944 -0.2106189430 0.0269708913 0.9771960974
113.5 -491.0 2826.1 0.9871791601 0.0765899420 0.1400401592 0.1426407844 -0.0295829698 -0.9893323183 -0.0716300979 0.9966236949 -0.0401285402
79.1 -477.7 2378.9 0.9871791601 -0.1381940693 0.0798728019 0.1426407844 0.9883589149 -0.0529175699 -0.0716300979 0.0636322424 0.9953994751
-149.3 -304.7 3118.8 0 0 0 0 0 0 0 0 0
174.2 -530.3 2942.2 0 0 0 0 0 0 0 0 0
-205.9 -819.2 2397.8 0 0 0 0 0 0 0 0 0
131.9 -855.3 2354.6 0 0 0 0 0 0 0 0 0
32.4 0.1 3188.0 8 0.9996790290 0.0220411923 0.0124897258 -0.0111796679 0.8262169361 -0.5632411242 -0.0227337293 0.5629206896 0.8261981606
27.8 -172.3 3070.5 0.9996790290 0.0220411923 0.0124897258 -0.0111796679 0.8262169361 -0.5632411242 -0.0227337293 0.5629206896 0.8261981606
21.7 -330.8 2950.9 0.9994642735 0.0307499226 0.0112093110 -0.0177874025 0.7978215814 -0.6026311517 -0.0274738912 0.6021088958 0.7979411483
-118.1 -169.7 3074.5 -0.0001667814 -0.9825168252 0.1861738563 0.6010071635 0.1486997902 0.7852889895 -0.7992436290 0.1120227873 0.5904747844
-118.0 -392.5 3370.8 0.1318690032 -0.9754078984 -0.1766068190 -0.3326340616 0.1242897287 -0.9348297715 0.9337907434 0.1820205003 -0.3080639243
173.7 -174.9 3066.5 0.6067910194 0.5079050660 0.6114221811 -0.7883415222 0.2862291038 0.5446013212 0.1015989482 -0.8124686480 0.5740838647
324.9 -371.3 3091.8 -0.5501120687 0.5079050660 0.6628794074 -0.6180255413 0.2862291038 -0.7322003245 -0.5616236329 -0.8124686480 0.1564402133
-68.5 -483.5 2826.7 0.9689530134 0.2103770524 -0.1298907846 -0.1257259548 -0.0331108458 -0.9915122986 -0.2128922194 0.9770594239 -0.0056329966
-159.0 -469.2 2406.5 0.9689530134 0.1329320520 0.2084686756 -0.1257259548 0.9909269214 -0.0475054681 -0.2128922194 0.0198206436 0.9768746495
114.7 -486.1 2823.8 0.9864720106 0.0809209049 0.1425650418 0.1449443102 -0.0243019834 -0.9891413450 -0.0765775964 0.9964241982 -0.0357022509
78.6 -475.2 2379.6 0.9864720106 -0.1411575228 0.0833518878 0.1449443102 0.9885796905 -0.0412474461 -0.0765775964 0.0527708344 0.9956661463
-152.8 -304.7 3124.2 0 0 0 0 0 0 0 0 0
182.3 -531.5 2946.3 0 0 0 0 0 0 0 0 0
-205.4 -815.0 2399.6 0 0 0 0 0 0 0 0 0
132.6 -853.0 2359.4 0 0 0 0 0 0 0 0 0
32.7 -0.3 3187.9 9 0.9987882972 0.0300801490 0.0389505103 -0.0027563430 0.8244109750 -0.5659849644 -0.0491361395 0.5651917458 0.8234949112
26.5 -171.6 3070.4 0.9987882972 0.0300801490 0.0389505103 -0.0027563430 0.8244109750 -0.5659849644 -0.0491361395 0.5651917458 0.8234949112
19.8 -329.6 2950.2 0.9987413287 0.0334467143 0.0373772904 -0.0039535030 0.7953798771 -0.6060984135 -0.0500011444 0.6051877737 0.7945109606
-119.3 -171.0 3077.7 -0.0263458304 -0.9816764593 0.1887252927 0.6046320200 0.1346942186 0.7850335240 -0.7960691452 0.1347917020 0.5900043845
-109.5 -395.2 3372.9 0.1573817283 -0.9726612568 -0.1707659662 -0.3351022303 0.1100610271 -0.9357312918 0.9289442897 0.2044910640 -0.3086193502
172.3 -172.1 3063.2 0.5899636149 0.5233401656 0.6148642302 -0.8000377417 0.2760800421 0.5326531529 0.1090070233 -0.8061605692 0.5815690756
323.2 -376.9 3091.1 -0.5499601364 0.5233401656 0.6508908868 -0.6132117510 0.2760800421 -0.7401021719 -0.5670231581 -0.8061605692 0.1690852940
-76.1 -487.7 2833.8 0.9728426933 0.1868240684 -0.1366525143 -0.1307433546 -0.0436528996 -0.9904547334 -0.1910060644 0.9814230204 -0.0180413984
-157.6 -468.6 2405.2 0.9728426933 0.1360856444 0.1872373968 -0.1307433546 0.9905825257 -0.0406507216 -0.1910060644 0.0150667131 0.9814732075
107.2 -491.0 2828.7 0.9892791510 0.0596298575 0.1333080381 0.1353078634 -0.0308430996 -0.9903234243 -0.0549412109 0.9977439642 -0.0385808237
80.2 -477.0 2376.9 0.9892791510 -0.1333133429 0.0596180111 0.1353078634 0.9903261662 -0.0307551119 -0.0549412109 0.0384921767 0.9977473617
-151.1 -306.7 3127.5 0 0 0 0 0 0 0 0 0
180.5 -536.0 2943.9 0 0 0 0 0 0 0 0 0
-205.0 -813.5 2400.0 0 0 0 0 0 0 0 0 0
131.1 -855.4 2362.2 0 0 0 0 0 0 0 0 0
33.0 -0.9 3187.3 0 0.9990224242 0.0347435884 0.0273331236 -0.0136222392 0.8301671743 -0.5573480725 -0.0420553349 0.5564308763 0.8298289180
25.8 -172.0 3072.7 0.9990224242 0.0347435884 0.0273331236 -0.0136222392 0.8301671743 -0.5573480725 -0.0420553349 0.5564308763 0.8298289180
17.8 -331.2 2954.0 0.9988692403 0.0401600674 0.0254452173 -0.0169583634 0.8009731174 -0.5984600782 -0.0444151312 0.5973518491 0.8007484078
-120.0 -169.5 3079.1 -0.0144247720 -0.9806222320 0.1953763664 0.5968400836 0.1483253092 0.7885312438 -0.8022305369 0.1279828250 0.5831350684
-114.7 -390.8 3376.6 0.1481160074 -0.9722956419 -0.1808393300 -0.3276426494 0.1242866963 -0.9365912080 0.9331194758 0.1979748309 -0.3001566529
171.6 -174.5 3066.2 0.5903701186 0.5318818688 0.6070953608 -0.8008834720 0.2926119268 0.5224594474 0.1002433822 -0.7946571112 0.5987247229
320.6 -376.6 3091.5 -0.5241460800 0.5318818688 0.6651109457 -0.6232863069 0.2926119268 -0.7251843810 -0.5803318024 -0.7946571112 0.1781433076
-78.4 -487.3 2834.6 0.9739293456 0.1806517839 -0.1372097284 -0.1308359057 -0.0467956997 -0.9902989864 -0.1853201091 0.9824332595 -0.0219399668
-157.1 -466.9 2406.5 0.9739293456 0.1374183893 0.1804931164 -0.1308359057 0.9902442694 -0.0479400344 -0.1853201091 0.0230752286 0.9824072719
104.7 -488.0 2825.4 0.9886885881 0.0581494346 0.1382516026 0.1400010884 -0.0271534994 -0.9897789359 -0.0538010709 0.9979385138 -0.0349873379
78.6 -475.9 2378.1 0.9886885881 -0.1377722323 0.0592762306 0.1400010884 0.9895243049 -0.0352334939 -0.0538010709 0.0431336910 0.9976196289
-153.8 -304.3 3130.1 0 0 0 0 0 0 0 0 0
184.6 -538.4 2940.9 0 0 0 0 0 0 0 0 0
-205.2 -813.1 2398.5 0 0 0 0 0 0 0 0 0
131.3 -854.0 2361.6 0 0 0 0 0 0 0 0 0
33.2 -1.5 3187.0 1 0.9993890524 0.0263574440 0.0229531955 -0.0089261625 0.8274289966 -0.5614993572 -0.0337918289 0.5609514117 0.8271587491
27.7 -172.5 3071.1 0.9993890524 0.0263574440 0.0229531955 -0.0089261625 0.8274289966 -0.5614993572 -0.0337918289 0.5609514117 0.8271587491
20.2 -331.3 2952.0 0.9990700483 0.0374180302 0.0214237608 -0.0170637742 0.7994320989 -0.6005140543 -0.0395968966 0.5995900035 0.7993271351
-118.1 -170.0 3076.9 -0.0103965681 -0.9812028408 0.1926991045 0.5988954306 0.1482122988 0.7869926095 -0.8007597923 0.1235886365 0.5860969424
-114.3 -392.1 3373.8 0.1435048878 -0.9732218981 -0.1795701683 -0.3300633430 0.1239927262 -0.9357798696 0.9329869151 0.1935585141 -0.3034313321
173.6 -175.0 3065.4 0.5746560693 0.5604640245 0.5963643789 -0.8108333945 0.2910780609 0.5077625513 0.1109940559 -0.7753409743 0.6217126846
318.7 -379.8 3093.4 -0.5157005787 0.5604640245 0.6480223536 -0.6098843813 0.2910780609 -0.7370988131 -0.6017424464 -0.7753409743 0.1917091310
-81.8 -488.8 2839.4 0.9758571982 0.1777257621 -0.1269499511 -0.1196195558 -0.0514145829 -0.9914876223 -0.1827399731 0.9827360511 -0.0289138146
-160.1 -466.1 2406.3 0.9758571982 0.1267893612 0.1778403521 -0.1196195558 0.9915336370 -0.0505189896 -0.1827399731 0.0280261375 0.9827617407
101.4 -491.9 2831.2 0.9886704087 0.0496903136 0.1416392922 0.1431597620 -0.0284876022 -0.9892895222 -0.0451231413 0.9983583093 -0.0352785029
78.8 -479.0 2379.1 0.9886704087 -0.1405522674 0.0526865572 0.1431597620 0.9884616137 -0.0494868942 -0.0451231413 0.0564688221 0.9973841906
-152.2 -304.9 3127.3 0 0 0 0 0 0 0 0 0
184.9 -538.1 2937.2 0 0 0 0 0 0 0 0 0
-204.8 -815.6 2396.5 0 0 0 0 0 0 0 0 0
132.6 -856.6 2357.5 0 0 0 0 0 0 0 0 0
33.0 -3.5 3188.4 2 0.9993723035 0.0211495236 0.0284193382 -0.0015246220 0.8271644711 -0.5619578362 -0.0353926085 0.5615617633 0.8266775012
28.6 -174.1 3072.6 0.9993723035 0.0211495236 0.0284193382 -0.0015246220 0.8271644711 -0.5619578362 -0.0353926085 0.5615617633 0.8266775012
22.7 -333.4 2953.9 0.9991877675 0.0296432003 0.0272971727 -0.0074431803 0.8015062213 -0.5979400873 -0.0396037102 0.5972512364 0.8010758162
-117.2 -173.0 3078.3 -0.0162547715 -0.9825969934 0.1850377470 0.5964248180 0.1390042901 0.7905411124 -0.8025043607 0.1232111678 0.5837857723
-111.2 -394.2 3375.9 0.1467408985 -0.9743784666 -0.1704515219 -0.3259235024 0.1150680557 -0.9383673072 0.9339384437 0.1932510138 -0.3006876409
174.5 -175.2 3066.8 0.5980184078 0.5469337702 0.5858646631 -0.7931894064 0.2989853024 0.5305265188 0.1149979085 -0.7819662690 0.6126207709
323.1 -372.3 3095.4 -0.5180159807 0.5469337702 0.6576647758 -0.6129054427 0.2989853024 -0.7314059734 -0.5966627002 -0.7819662690 0.1803395003
-78.8 -488.6 2836.5 0.9742742181 0.1816387028 -0.1334059089 -0.1276670992 -0.0429819003 -0.9908853173 -0.1857171506 0.9824255109 -0.0186868683
-157.8 -469.9 2409.4 0.9742742181 0.1361393481 0.1795990914 -0.1276670992 0.9901213646 -0.0579719171 -0.1857171506 0.0335516483 0.9820302725
104.4 -491.7 2829.2 0.9873302579 0.0609608032 0.1465017349 0.1485249996 -0.0300751757 -0.9884512424 -0.0558507144 0.9976869822 -0.0387483351
76.9 -478.2 2378.3 0.9873302579 -0.1456580162 0.0629501492 0.1485249996 0.9879500270 -0.0435327142 -0.0558507144 0.0523308367 0.9970667958
-150.0 -308.1 3129.2 0 0 0 0 0 0 0 0 0
188.5 -531.5 2940.4 0 0 0 0 0 0 0 0 0
-205.4 -816.7 2397.7 0 0 0 0 0 0 0 0 0
132.5 -855.7 2358.3 0 0 0 0 0 0 0 0 0
32.5 -4.1 3188.1 3 0.9995990992 0.0178689994 0.0219627190 -0.0026268221 0.8308766484 -0.5564504266 -0.0281915236 0.5561696291 0.8305904865
28.8 -175.0 3073.7 0.9995990992 0.0178689994 0.0219627190 -0.0026268221 0.8308766484 -0.5564504266 -0.0281915236 0.5561696291 0.8305904865
23.4 -335.4 2956.6 0.9994167686 0.0268963464 0.0210402291 -0.0092980349 0.8071986437 -0.5902066231 -0.0328580476 0.5896667838 0.8069779873
-117.1 -173.6 3078.5 -0.0099908998 -0.9831810594 0.1823600978 0.5886613131 0.1416367590 0.7958748937 -0.8083180189 0.1152998433 0.5773456097
-113.4 -391.9 3378.2 0.1400143802 -0.9754661322 -0.1698875576 -0.3170944452 0.1183667332 -0.9409784675 0.9380016327 0.1856209189 -0.2927418649
174.7 -176.3 3069.0 0.5902086496 0.5465885401 0.5940494537 -0.8014817834 0.3089531958 0.5120301247 0.0963363349 -0.7783244252 0.6204276085
323.3 -378.1 3093.2 -0.5432078242 0.5465885401 0.6373116970 -0.5765544176 0.3089531958 -0.7563946843 -0.6103361249 -0.7783244252 0.1473122537
-74.9 -492.0 2838.9 0.9728555083 0.1933614761 -0.1271358579 -0.1188224033 -0.0540489219 -0.9914433956 -0.1985785067 0.9796377420 -0.0296061169
-160.0 -468.2 2407.7 0.9728555083 0.1270692348 0.1934052706 -0.1188224033 0.9914619327 -0.0537073277 -0.1985785067 0.0292685889 0.9796478748
108.4 -493.3 2831.6 0.9882011414 0.0662934333 0.1380711943 0.1402533501 -0.0294536371 -0.9896774888 -0.0615424141 0.9973653555 -0.0384039953
78.5 -480.0 2381.0 0.9882011414 -0.1361896247 0.0700775161 0.1402533501 0.9884881377 -0.0567472018 -0.0615424141 0.0659062564 0.9959261417
-150.4 -308.1 3130.5 0 0 0 0 0 0 0 0 0
182.3 -527.7 2934.8 0 0 0 0 0 0 0 0 0
-204.6 -816.3 2397.4 0 0 0 0 0 0 0 0 0
130.5 -857.7 2355.9 0 0 0 0 0 0 0 0 0
32.0 -4.4 3187.4 4 0.9993518591 0.0143051585 0.0330338292 0.0064521884 0.8316117525 -0.5553199649 -0.0354152583 0.5551732183 0.8309804201
29.1 -175.3 3073.3 0.9993518591 0.0143051585 0.0330338292 0.0064521884 0.8316117525 -0.5553199649 -0.0354152583 0.5551732183 0.8309804201
24.4 -335.9 2956.4 0.9992152452 0.0229814574 0.0322608538 0.0004450262 0.8079082370 -0.5893082023 -0.0396069698 0.5888600945 0.8072639704
-116.8 -175.4 3079.1 -0.0212062411 -0.9837182760 0.1784617752 0.5878698826 0.1321139038 0.7980945706 -0.8086774945 0.1218368858 0.5754966736
-108.9 -393.4 3378.9 0.1494401693 -0.9753014445 -0.1626489908 -0.3149382770 0.1089783162 -0.9428348541 0.9372734427 0.1921218038 -0.2908740044
175.0 -175.3 3067.6 0.5856223702 0.5785663128 0.5677213669 -0.8023126721 0.3139311671 0.5076825619 0.1155026108 -0.7528002858 0.6480361819
323.5 -378.8 3096.9 -0.5320046544 0.5785663128 0.6182492375 -0.5543541312 0.3139311671 -0.7708039284 -0.6400488615 -0.7528002858 0.1537177861
-73.6 -494.9 2842.4 0.9722486734 0.1896601617 -0.1369728893 -0.1277696341 -0.0599896945 -0.9899879694 -0.1959782392 0.9800154567 -0.0340920910
-158.2 -468.2 2405.6 0.9722486734 0.1351037174 0.1909961700 -0.1277696341 0.9905293584 -0.0502645895 -0.1959782392 0.0244661700 0.9803029895
109.7 -496.6 2836.4 0.9893919826 0.0642901137 0.1302700788 0.1329224408 -0.0388472602 -0.9903648496 -0.0586100332 0.9971748590 -0.0469807647
80.3 -478.8 2380.3 0.9893919826 -0.1295356750 0.0657572746 0.1329224408 0.9898629189 -0.0500298887 -0.0586100332 0.0582397878 0.9965806603
-148.4 -310.2 3131.4 0 0 0 0 0 0 0 0 0
185.5 -522.7 2930.8 0 0 0 0 0 0 0 0 0
-205.6 -815.7 2397.0 0 0 0 0 0 0 0 0 0
129.8 -857.1 2358.1 0 0 0 0 0 0 0 0 0
31.4 -4.2 3187.6 5 0.9996786714 0.0223846640 -0.0118962890 -0.0251555871 0.8180794716 -0.5745547414 -0.0031291053 0.5746693611 0.8183797002
26.8 -174.9 3067.7 0.9996786714 0.0223846640 -0.0118962890 -0.0251555871 0.8180794716 -0.5745547414 -0.0031291053 0.5746693611 0.8183797002
21.6 -332.4 2946.8 0.9995721579 0.0262354724 -0.0129303969 -0.0286837928 0.7927922606 -0.6088166237 -0.0057214727 0.6089270115 0.7932056189
-119.0 -170.6 3068.6 0.0239804573 -0.9830558300 0.1817311347 0.6070799828 0.1587478667 0.7786225080 -0.7942788005 0.0916536152 0.6006003618
-127.9 -395.7 3363.1 0.1076612547 -0.9777549505 -0.1800118089 -0.3412263989 0.1337245256 -0.9304205179 0.9337952733 0.1615950316 -0.3192388713
172.6 -179.1 3066.9 0.5964406729 0.5744274855 0.5606172085 -0.7931334376 0.3145075440 0.5215595365 0.1232797876 -0.7557235360 0.6431826949
324.1 -380.6 3098.2 -0.5426452756 0.5744274855 0.6128370166 -0.5448986292 0.3145075440 -0.7772840261 -0.6392351985 -0.7557235360 0.1423387229
-71.8 -496.5 2843.0 0.9712694287 0.1900009364 -0.1433015019 -0.1332907975 -0.0645270050 -0.9889741540 -0.1971528232 0.9796611071 -0.0373477302
-155.1 -468.2 2413.4 0.9712694287 0.1449688822 0.1887318194 -0.1332907975 0.9883676171 -0.0732323080 -0.1971528232 0.0459720828 0.9792943001
111.5 -496.4 2835.7 0.9898907542 0.0649190918 0.1261023134 0.1288164407 -0.0394574329 -0.9908831716 -0.0593515597 0.9971101284 -0.0474211946
81.8 -478.3 2379.3 0.9898907542 -0.1265053898 0.0641300827 0.1288164407 0.9911103249 -0.0332667418 -0.0593515597 0.0411914475 0.9973869324
-156.4 -305.6 3116.4 0 0 0 0 0 0 0 0 0
183.2 -522.1 2932.2 0 0 0 0 0 0 0 0 0
-205.9 -814.4 2397.3 0 0 0 0 0 0 0 0 0
130.1 -857.0 2363.6 0 0 0 0 0 0 0 0 0
30.9 -2.6 3188.2 6 0.9993706942 0.0220565144 0.0277799498 -0.0023691666 0.8229227662 -0.5681483150 -0.0353921242 0.5677250028 0.8224571347
26.3 -173.6 3070.2 0.9993706942 0.0220565144 0.0277799498 -0.0023691666 0.8229227662 -0.5681483150 -0.0353921242 0.5677250028 0.8224571347
20.8 -332.2 2950.7 0.9992542863 0.0278642066 0.0267297812 -0.0061499705 0.7982814312 -0.6022531986 -0.0381191969 0.6016396880 0.7978575230
-119.4 -172.7 3075.8 -0.0156835802 -0.9829336405 0.1832908690 0.6007575989 0.1372727752 0.7875573039 -0.7992773652 0.1224650964 0.5883519053
-113.6 -395.4 3372.1 0.1456756741 -0.9747955203 -0.1689741910 -0.3308336139 0.1129653081 -0.9369033575 0.9323774576 0.1923863739 -0.3060388565
172.1 -174.6 3064.7 0.5869185925 0.5653897524 0.5795351863 -0.8021181226 0.3086634874 0.5112076998 0.1101502478 -0.7648929954 0.6346697211
322.3 -379.9 3092.8 -0.5431631804 0.5653897524 0.6207320094 -0.5585536957 0.3086634874 -0.7698990703 -0.6268903613 -0.7648929954 0.1481458843
-75.1 -487.2 2826.4 0.9716715217 0.1886399984 -0.1423707753 -0.1359811127 -0.0464599319 -0.9896214604 -0.1932967305 0.9809467196 -0.0194923151
-154.4 -467.6 2414.0 0.9716715217 0.1479509771 0.1842959523 -0.1359811127 0.9877883792 -0.0760476664 -0.1932967305 0.0488325804 0.9799243808
108.1 -492.5 2825.3 0.9889945984 0.0638808459 0.1334502995 0.1358804107 -0.0353231654 -0.9900953174 -0.0585342422 0.9973322153 -0.0436145738
79.6 -476.7 2380.1 0.9889945984 -0.1328451037 0.0651300251 0.1358804107 0.9897204041 -0.0446103774 -0.0585342422 0.0529693142 0.9968791008
-152.1 -308.1 3125.9 0 0 0 0 0 0 0 0 0
181.2 -524.9 2930.0 0 0 0 0 0 0 0 0 0
-206.6 -816.3 2396.8 0 0 0 0 0 0 0 0 0
130.3 -854.9 2359.9 0 0 0 0 0 0 0 0 0
30.9 -1.9 3188.0 7 0.9987279177 0.0204159562 0.0461057127 0.0094972886 0.8218373060 -0.5696431398 -0.0495212041 0.5693563819 0.8205979466
26.7 -172.5 3069.8 0.9987279177 0.0204159562 0.0461057127 0.0094972886 0.8218373060 -0.5696431398 -0.0495212041 0.5693563819 0.8205979466
20.9 -330.2 2949.2 0.9985637665 0.0291834679 0.0449301749 0.0041498723 0.7939730287 -0.6079388261 -0.0534151085 0.6072521210 0.7927115560
-119.0 -173.1 3077.6 -0.0338927880 -0.9822504520 0.1844865680 0.6065647006 0.1264918000 0.7849070430 -0.7943113446 0.1385057271 0.5915113091
-106.5 -398.0 3372.1 0.1632318497 -0.9728003144 -0.1643621027 -0.3363604546 0.1017419025 -0.9362212420 0.9274788499 0.2081060410 -0.3106040359
172.4 -171.9 3062.0 0.5775591135 0.5776329637 0.5768584013 -0.8080890775 0.3042689562 0.5043931603 0.1158340201 -0.7574698329 0.6425122023
320.2 -378.6 3091.6 -0.5254620910 0.5776329637 0.6246837378 -0.5715190768 0.3042689562 -0.7620934248 -0.6302821636 -0.7574698329 0.1702464521
-76.1 -490.2 2834.7 0.9723455906 0.1772810370 -0.1520376951 -0.1445585191 -0.0544446036 -0.9879972935 -0.1834308207 0.9826531410 -0.0273114853
-152.7 -466.7 2410.5 0.9723455906 0.1543622464 0.1752607375 -0.1445585191 0.9871934056 -0.0674683601 -0.1834308207 0.0402671285 0.9822075367
106.9 -491.4 2827.7 0.9893249273 0.0590760261 0.1332149059 0.1353018582 -0.0328410454 -0.9902600050 -0.0541257113 0.9977131486 -0.0404835604
80.5 -476.7 2381.5 0.9893249273 -0.1318306476 0.0621036924 0.1353018582 0.9892513752 -0.0554533787 -0.0541257113 0.0632641539 0.9965280294
-149.6 -309.1 3127.1 0 0 0 0 0 0 0 0 0
183.7 -527.1 2927.9 0 0 0 0 0 0 0 0 0
-207.0 -814.4 2396.3 0 0 0 0 0 0 0 0 0
130.9 -854.7 2357.3 0 0 0 0 0 0 0 0 0
30.6 -1.4 3187.9 8 0.9990153313 0.0194635056 0.0398695543 0.0066809165 0.8223933578 -0.5688800812 -0.0438608564 0.5685862303 0.8214535117
26.6 -171.7 3070.1 0.9990153313 0.0194635056 0.0398695543 0.0066809165 0.8223933578 -0.5688800812 -0.0438608564 0.5685862303 0.8214535117
20.9 -329.5 2949.4 0.9988466501 0.0284131523 0.0387045927 0.0009877320 0.7937788963 -0.6082056165 -0.0480039306 0.6075423956 0.7928352952
-119.2 -171.9 3077.1 -0.0276631191 -0.9825800061 0.1837696880 0.6067967415 0.1295878291 0.7842223644 -0.7943755388 0.1332048923 0.5926415324
-109.0 -396.9 3371.6 0.1571358591 -0.9735856652 -0.1656478941 -0.3370259106 0.1047968715 -0.9356448054 0.9282897711 0.2028509825 -0.3116562665
172.4 -171.6 3063.1 0.5735726357 0.5887408257 0.5695600510 -0.8092911839 0.2996983826 0.5052015781 0.1267365813 -0.7507097125 0.6483615637
320.3 -380.3 3095.8 -0.5300632119 0.5887408257 0.6102599502 -0.5580196381 0.2996983826 -0.7738184333 -0.6384724379 -0.7507097125 0.1696698815
-76.4 -488.4 2833.4 0.9729260802 0.1801013947 -0.1448391676 -0.1381291151 -0.0493241437 -0.9891852736 -0.1852977127 0.9824106097 -0.0231114961
-154.2 -467.0 2408.9 0.9729260802 0.1475599408 0.1778790653 -0.1381291151 0.9883212447 -0.0643538982 -0.1852977127 0.0380413085 0.9819458127
106.6 -487.6 2823.6 0.9882698655 0.0630085021 0.1391135007 0.1407494545 -0.0222938508 -0.9897941947 -0.0592640713 0.9977639318 -0.0309007522
78.7 -477.7 2382.0 0.9882698655 -0.1369057447 0.0676716790 0.1407494545 0.9884762764 -0.0557155609 -0.0592640713 0.0645867661 0.9961507320
-150.5 -307.9 3126.4 0 0 0 0 0 0 0 0 0
182.6 -525.3 2929.9 0 0 0 0 0 0 0 0 0
-206.3 -815.6 2395.5 0 0 0 0 0 0 0 0 0
131.0 -855.5 2357.3 0 0 0 0 0 0 0 0 0
31.5 -1.4 3188.8 9 0.9993767142 0.0198652223 0.0291817412 0.0003613842 0.8208409548 -0.5711566806 -0.0352997221 0.5708112121 0.8203221560
27.4 -172.2 3070.0 0.9993767142 0.0198652223 0.0291817412 0.0003613842 0.8208409548 -0.5711566806 -0.0352997221 0.5708112121 0.8203221560
21.5 -329.9 2949.4 0.9991747141 0.0293712914 0.0280581154 -0.0062637203 0.7939071059 -0.6080068350 -0.0401334837 0.6073293090 0.7934358120
-118.5 -171.3 3075.9 -0.0170153379 -0.9826350212 0.1847671270 0.6065172553 0.1367679387 0.7832186222 -0.7948882580 0.1253911853 0.5936579108
-112.2 -396.2 3370.6 0.1473782510 -0.9743690491 -0.1699547172 -0.3376116753 0.1119532287 -0.9346041083 0.9296762943 0.1951190233 -0.3124588728
173.2 -173.1 3064.2 0.5788766146 0.5412214994 0.6099025607 -0.8106534481 0.3012635708 0.5020769238 0.0879934132 -0.7850602269 0.6131374836
320.1 -378.8 3086.5 -0.5427256227 0.5412214994 0.6422836185 -0.5879676342 0.3012635708 -0.7506892681 -0.5997858047 -0.7850602269 0.1547172666
-76.3 -487.3 2833.1 0.9730584025 0.1833389401 -0.1398006082 -0.1340396553 -0.0435097665 -0.9900203347 -0.1875919700 0.9820864201 -0.0177628566
-155.9 -468.4 2406.8 0.9730584025 0.1417531073 0.1818335354 -0.1340396553 0.9894984961 -0.0540938675 -0.1875919700 0.0282635894 0.9818403125
106.8 -487.1 2824.3 0.9875751138 0.0646786466 0.1432204843 0.1448242515 -0.0208041556 -0.9892386794 -0.0610030405 0.9976892471 -0.0299127027
78.1 -477.9 2381.5 0.9875751138 -0.1402536184 0.0708827078 0.1448242515 0.9873812199 -0.0640640780 -0.0610030405 0.0735336244 0.9954252243
-151.1 -307.0 3125.0 0 0 0 0 0 0 0 0 0
179.3 -531.4 2930.9 0 0 0 0 0 0 0 0 0
-205.4 -814.1 2397.0 0 0 0 0 0 0 0 0 0
131.7 -855.2 2353.4 0 0 0 0 0 0 0 0 0
30.9 -3.3 3188.3 0 0.9989905357 0.0198809057 0.0402824581 0.0062358403 0.8266767263 -0.5626425743 -0.0444864184 0.5623258352 0.8257182240
26.8 -173.8 3072.3 0.9989905357 0.0198809057 0.0402824581 0.0062358403 0.8266767263 -0.5626425743 -0.0444864184 0.5623258352 0.8257182240
21.1 -332.7 2953.1 0.9988257289 0.0285449252 0.0391459055 0.0007012917 0.7993941903 -0.6008065343 -0.0484429859 0.6001284122 0.7984354496
-119.0 -173.9 3079.3 -0.0281048622 -0.9825437069 0.1838965863 0.5993851423 0.1306628883 0.7897244096 -0.7999672294 0.1324199736 0.5852498412
-108.6 -396.2 3376.0 0.1575911045 -0.9735153317 -0.1656289101 -0.3283609748 0.1065215543 -0.9385266304 0.9313130975 0.2022895217 -0.3028776050
172.6 -173.7 3065.2 0.5727431178 0.5632405281 0.5955883265 -0.8137680888 0.3031633198 0.4958562851 0.0987258106 -0.7686690688 0.6319818497
318.6 -381.1 3090.4 -0.5352855921 0.5632405281 0.6294676065 -0.5747995377 0.3031633198 -0.7600641251 -0.6189303994 -0.7686690688 0.1614714265
-76.0 -487.1 2832.4 0.9724867344 0.1831127554 -0.1440112740 -0.1376203746 -0.0472108535 -0.9893592596 -0.1879632026 0.9819576740 -0.0207118839
-155.4 -466.6 2406.4 0.9724867344 0.1441532522 0.1830010116 -0.1376203746 0.9893223643 -0.0479781702 -0.1879632026 0.0214734692 0.9819412827
107.3 -488.3 2825.0 0.9864786863 0.0701789036 0.1481037140 0.1505218297 -0.0304922238 -0.9881363511 -0.0648303181 0.9970682859 -0.0406433865
76.0 -474.7 2381.5 0.9864786863 -0.1454797387 0.0754681155 0.1505218297 0.9863967299 -0.0660654679 -0.0648303181 0.0765317753 0.9949572682
-150.2 -309.4 3130.0 0 0 0 0 0 0 0 0 0
179.6 -530.3 2929.7 0 0 0 0 0 0 0 0 0
-205.8 -812.5 2398.9 0 0 0 0 0 0 0 0 0
131.6 -851.6 2352.3 0 0 0 0 0 0 0 0 0
30.6 -2.0 3188.0 1 0.9904125929 0.0270728804 0.1354619116 0.0527057946 0.8323715329 -0.5517061949 -0.1276909113 0.5535564423 0.8229643703
25.0 -175.6 3072.6 0.9904125929 0.0270728804 0.1354619116 0.0527057946 0.8323715329 -0.5517061949 -0.1276909113 0.5535564423 0.8229643703
19.3 -335.3 2954.6 0.9905183315 0.0299946163 0.1340663582 0.0557373501 0.8042086363 -0.5917278528 -0.1255659610 0.5935897827 0.7949115634
-119.3 -183.7 3090.9 -0.1231140643 -0.9751790166 0.1840346605 0.5909096003 0.0769514814 0.8030593395 -0.7972883582 0.2076157480 0.5667688847
-73.6 -402.8 3386.5 0.2469902337 -0.9594585896 -0.1357758045 -0.3121469915 0.0538707972 -0.9485052228 0.9173658490 0.2766535282 -0.2861865461
169.2 -167.5 3054.3 0.5670509934 0.5811870694 0.5836735368 -0.8091725707 0.2606387734 0.5265995860 0.1539249420 -0.7709014416 0.6180761456
317.6 -379.2 3094.6 -0.5250865221 0.5811870694 0.6216958761 -0.6036139727 0.2606387734 -0.7534703612 -0.5999453068 -0.7709014416 0.2139547318
-76.2 -491.6 2838.3 0.9724958539 0.1778772026 -0.1503712088 -0.1420014352 -0.0589583628 -0.9881090522 -0.1846277118 0.9822849035 -0.0320779458
-154.7 -465.5 2404.8 0.9724958539 0.1474655122 0.1802934408 -0.1420014352 0.9889355302 -0.0429193601 -0.1846277118 0.0161369722 0.9826760292
107.0 -491.4 2829.4 0.9884871244 0.0655350238 0.1363756061 0.1390925497 -0.0388363078 -0.9895175695 -0.0595517345 0.9970942140 -0.0475046262
77.7 -474.1 2383.1 0.9884871244 -0.1343232095 0.0696449727 0.1390925497 0.9878824353 -0.0688586384 -0.0595517345 0.0777529776 0.9951924682
-138.8 -320.3 3144.2 0 0 0 0 0 0 0 0 0
181.3 -535.8 2938.8 0 0 0 0 0 0 0 0 0
-206.7 -814.1 2399.1 0 0 0 0 0 0 0 0 0
129.0 -851.5 2353.4 0 0 0 0 0 0 0 0 0
30.4 -2.5 3187.9 2 0.9940112829 0.0239796173 0.1066141054 0.0400237218 0.8279443979 -0.5593802333 -0.1016842723 0.5602973104 0.8220263124
25.5 -174.1 3071.8 0.9940112829 0.0239796173 0.1066141054 0.0400237218 0.8279443979 -0.5593802333 -0.1016842723 0.5602973104 0.8220263124
19.9 -333.3 2953.1 0.9940145612 0.0287613105 0.1053935140 0.0401260182 0.8011751175 -0.5970831513 -0.1016115546 0.5977383852 0.7952256799
-119.5 -179.9 3086.6 -0.0944020748 -0.9785023928 0.1833611131 0.5960965753 0.0919583291 0.7976292968 -0.7973437905 0.1845988035 0.5746008754
-84.5 -401.0 3382.3 0.2198564708 -0.9648160934 -0.1441979408 -0.3198809326 0.0683422163 -0.9449896812 0.9215960503 0.2538882792 -0.2936007977
170.4 -168.3 3057.0 0.5707703829 0.5897955894 0.5712813139 -0.8060882092 0.2700067759 0.5266100168 0.1563424468 -0.7610765696 0.6295391321
318.4 -377.3 3097.6 -0.5152066946 0.5897955894 0.6218546629 -0.5999206305 0.2700067759 -0.7531211972 -0.6120925546 -0.7610765696 0.2147212476
-77.0 -500.2 2848.2 0.9735053778 0.1761920452 -0.1457518935 -0.1342947334 -0.0753538534 -0.9880722165 -0.1850734353 0.9814673662 -0.0496957228
-156.5 -466.2 2405.1 0.9735053778 0.1401925534 0.1806468964 -0.1342947334 0.9899400473 -0.0445375778 -0.1850734353 0.0190976448 0.9825391173
103.9 -490.1 2825.2 0.9883983731 0.0603071712 0.1393978000 0.1415879279 -0.0336899795 -0.9893522263 -0.0549687259 0.9976111650 -0.0418378897
77.0 -475.1 2381.3 0.9883983731 -0.1380260736 0.0633838102 0.1415879279 0.9883617759 -0.0556228831 -0.0549687259 0.0639519468 0.9964379668
-142.5 -316.5 3138.8 0 0 0 0 0 0 0 0 0
184.6 -533.1 2938.6 0 0 0 0 0 0 0 0 0
-206.0 -815.6 2398.4 0 0 0 0 0 0 0 0 0
129.8 -852.8 2356.9 0 0 0 0 0 0 0 0 0
32.0 -3.0 3188.3 3 0.9992961884 0.0143362544 0.0346644707 0.0080925236 0.8199396729 -0.5723927617 -0.0366287418 0.5722703934 0.8192465305
29.0 -173.5 3069.3 0.9992961884 0.0143362544 0.0346644707 0.0080925236 0.8199396729 -0.5723927617 -0.0366287418 0.5722703934 0.8192465305
24.2 -331.2 2948.6 0.9990999699 0.0256570634 0.0337776355 0.0001763124 0.7938016653 -0.6081767082 -0.0424167700 0.6076353192 0.7930826545
-116.5 -173.5 3075.5 -0.0227288622 -0.9832044244 0.1810867339 0.6067587733 0.1303925067 0.7841183543 -0.7945609689 0.1276980788 0.5936042666
-108.1 -398.5 3370.1 0.1516688466 -0.9746198654 -0.1646592617 -0.3370826244 0.1055995524 -0.9355341196 0.9291780591 0.1973951459 -0.3125112355
174.5 -173.5 3063.1 0.6165183187 0.6186504960 0.4870079160 -0.7661391497 0.3288069367 0.5521927476 0.1814827323 -0.7135527730 0.6766878366
329.1 -365.6 3108.6 -0.4683309793 0.6186504960 0.6308230162 -0.5748835206 0.3288069367 -0.7492629290 -0.6709508896 -0.7135527730 0.2016614974
-76.7 -496.1 2843.6 0.9732132554 0.1834775805 -0.1385349929 -0.1272374839 -0.0720357820 -0.9892529845 -0.1914852113 0.9803809524 -0.0467609540
-158.2 -464.1 2408.0 0.9732132554 0.1362921298 0.1851497144 -0.1272374839 0.9900562763 -0.0599929541 -0.1914852113 0.0348279551 0.9808773994
105.1 -488.8 2825.0 0.9875495434 0.0629266053 0.1441740543 0.1459798515 -0.0250862259 -0.9889694452 -0.0586157031 0.9977028370 -0.0339599065
77.1 -477.6 2380.1 0.9875495434 -0.1427713782 0.0660473481 0.1459798515 0.9881899357 -0.0465893038 -0.0586157031 0.0556508265 0.9967282414
-148.2 -309.4 3124.7 0 0 0 0 0 0 0 0 0
207.8 -514.4 2934.9 0 0 0 0 0 0 0 0 0
-206.6 -815.3 2395.6 0 0 0 0 0 0 0 0 0
131.6 -855.2 2358.8 0 0 0 0 0 0 0 0 0
33.2 -2.0 3189.0 4 0.9997359514 0.0126024606 0.0192161649 0.0007532073 0.8177910447 -0.5755147934 -0.0229677111 0.5753772855 0.8175655603
30.6 -172.1 3069.3 0.9997359514 0.0126024606 0.0192161649 0.0007532073 0.8177910447 -0.5755147934 -0.0229677111 0.5753772855 0.8175655603
25.8 -329.1 2947.6 0.9995363951 0.0242930576 0.0183518138 -0.0079399450 0.7899045944 -0.6131783128 -0.0293921586 0.6127483249 0.7897313237
-115.2 -171.0 3073.6 -0.0072967946 -0.9836748242 0.1798072606 0.6116767526 0.1378577948 0.7790037394 -0.7910741568 0.1156681478 0.6006850600
-112.5 -397.8 3366.9 0.1366983801 -0.9762087464 -0.1683154106 -0.3439015150 0.1125767305 -0.9322329164 0.9290022850 0.1853186488 -0.3203306198
176.3 -173.3 3065.1 0.6278356910 0.6361687779 0.4484547079 -0.7548838258 0.3572857976 0.5499975085 0.1896647364 -0.6838392615 0.7045503259
