-35.3 80.9 2899.0 1 0.9984053969 -0.0542441681 0.0156276915 0.0564293787 0.9665910006 -0.2500351965 -0.0015426335 0.2505183518 0.9681106210
-24.2 -117.7 2847.5 0.9984053969 -0.0542441681 0.0156276915 0.0564293787 0.9665910006 -0.2500351965 -0.0015426335 0.2505183518 0.9681106210
-14.1 -305.7 2793.7 0.9985222220 -0.0516318418 0.0169562902 0.0543034002 0.9601345658 -0.2742129862 -0.0021221989 0.2747285664 0.9615194798
-166.5 -125.5 2847.8 -0.0775222182 -0.7217579484 -0.6877904534 0.6327174902 0.4975254834 -0.5934113264 0.7704926133 -0.4811796248 0.4180996120
-144.6 -304.2 2630.2 -0.1602018625 -0.7289305329 -0.6655791998 0.5053403974 0.5186566710 -0.6896567345 0.8479188681 -0.4468283355 0.2852682769
118.1 -110.0 2847.2 -0.0193853304 0.5836708546 0.8117589355 -0.7254427671 0.5504965186 -0.4131420255 -0.6880094409 -0.5968935490 0.4127482176
113.3 -289.5 2676.9 -0.4493345916 0.5836708546 0.6763333082 -0.3933151960 0.5504965186 -0.7363808155 -0.8021231890 -0.5968935490 -0.0177905448
-95.4 -498.8 2742.3 0.9533629417 0.2745841444 -0.1253101230 -0.1409199685 0.0377977975 -0.9892991781 -0.2669094205 0.9608199000 0.0747294053
-202.9 -513.5 2366.2 0.9533629417 0.2698224187 0.1352587789 -0.1409199685 0.7942112684 -0.5910753012 -0.2669094205 0.5444486141 0.7951949835
85.2 -490.5 2743.2 0.9987887144 -0.0449318923 -0.0200547036 -0.0248514954 -0.1088791490 -0.9937443137 0.0424672700 0.9930390120 -0.1098638922
108.4 -434.1 2229.4 0.9987887144 0.0162603240 -0.0464399382 -0.0248514954 0.9812955856 -0.1908962429 0.0424672700 0.1918191165 0.9805110693
-103.4 -433.9 2412.5 0 0 0 0 0 0 0 0 0
-1.7 -390.2 2471.6 0 0 0 0 0 0 0 0 0
-304.5 -812.6 2161.2 0 0 0 0 0 0 0 0 0
102.3 -803.7 2157.2 0 0 0 0 0 0 0 0 0
-35.2 81.3 2892.1 2 0.9978349805 -0.0649782494 -0.0101569360 0.0608499497 0.9707458615 -0.2322707474 0.0249523502 0.2311498225 0.9725981355
-21.9 -117.4 2844.8 0.9978349805 -0.0649782494 -0.0101569360 0.0608499497 0.9707458615 -0.2322707474 0.0249523502 0.2311498225 0.9725981355
-9.4 -306.2 2794.7 0.9979033470 -0.0641605780 -0.0085037276 0.0598253943 0.9645456672 -0.2570459545 0.0246944502 0.2559982836 0.9663617611
-164.0 -125.9 2841.3 -0.0574957579 -0.7128829360 -0.6989221573 0.6513680816 0.5037579536 -0.5674042106 0.7565803528 -0.4878789186 0.4353852570
-148.3 -304.6 2633.8 -0.1736735851 -0.7227386236 -0.6689442396 0.4833997190 0.5292400718 -0.6973016858 0.8579989672 -0.4444703460 0.2574566305
120.3 -108.8 2848.3 -0.0303293820 0.6135424376 0.7890790701 -0.7288483381 0.5266543627 -0.4375103712 -0.6840031147 -0.5883883834 0.4312062562
112.7 -290.3 2678.0 -0.4424428344 0.6135424376 0.6540718675 -0.3879047334 0.5266543627 -0.7564159632 -0.8085631132 -0.5883883834 0.0049815685
-94.2 -498.6 2740.1 0.9524782300 0.2789566517 -0.1223453581 -0.1401703656 0.0447946452 -0.9891135693 -0.2704394162 0.9592583776 0.0817673802
-203.5 -516.1 2364.5 0.9524782300 0.2708899677 0.1392976493 -0.1401703656 0.7957937121 -0.5891219378 -0.2704394162 0.5416004062 0.7959469557
86.3 -488.8 2739.7 0.9989506006 -0.0423414446 -0.0174628180 -0.0220178049 -0.1096177623 -0.9937299490 0.0401617251 0.9930715561 -0.1104349941
107.9 -432.8 2232.6 0.9989506006 0.0137720993 -0.0436815433 -0.0220178049 0.9806894660 -0.1943279654 0.0401617251 0.1950857937 0.9799635410
-103.7 -428.7 2413.6 0 0 0 0 0 0 0 0 0
-0.6 -389.7 2470.9 0 0 0 0 0 0 0 0 0
-305.5 -815.9 2160.5 0 0 0 0 0 0 0 0 0
102.7 -802.1 2159.1 0 0 0 0 0 0 0 0 0
-36.6 81.1 2889.2 3 0.9970113039 -0.0772201717 -0.0023586066 0.0747163519 0.9715483785 -0.2247471213 0.0196465123 0.2238991857 0.9744142890
-20.7 -118.2 2843.3 0.9970113039 -0.0772201717 -0.0023586066 0.0747163519 0.9715483785 -0.2247471213 0.0196465123 0.2238991857 0.9744142890
-6.0 -307.2 2794.1 0.9971728325 -0.0751414672 -0.0002315384 0.0726625547 0.9650519490 -0.2517833114 0.0191428158 0.2510546744 0.9677836299
-162.8 -128.6 2840.6 -0.0499035530 -0.7229796648 -0.6890646219 0.6408014297 0.5060212612 -0.5773352981 0.7660830021 -0.4703646898 0.4380341172
-148.8 -308.3 2625.6 -0.1926699877 -0.7267805338 -0.6592937708 0.4817277491 0.5152884722 -0.7088131905 0.8548781276 -0.4541671574 0.2508297563
121.4 -107.8 2846.0 -0.0362260565 0.6316193342 0.7744318843 -0.7396177649 0.5041965246 -0.4458154738 -0.6720514894 -0.5889337063 0.4488918185
112.5 -289.5 2680.9 -0.4439694285 0.6316193342 0.6355691552 -0.3875197768 0.5041965246 -0.7717605233 -0.8079106212 -0.5889337063 0.0209171399
-87.0 -500.5 2742.4 0.9488539100 0.2930316329 -0.1175104976 -0.1286770999 0.0190549381 -0.9915034771 -0.2883027494 0.9559128284 0.0557868145
-201.8 -508.0 2368.2 0.9488539100 0.2715174556 0.1611040831 -0.1286770999 0.7985640764 -0.5879945755 -0.2883027494 0.5371905565 0.7926586866
93.3 -489.6 2746.9 0.9995276928 -0.0275044609 -0.0137073668 -0.0166562963 -0.1100256592 -0.9937891960 0.0258254725 0.9935480952 -0.1104318127
107.6 -432.6 2231.9 0.9995276928 0.0116447480 -0.0284391828 -0.0166562963 0.9829888344 -0.1829086542 0.0258254725 0.1832959503 0.9827184677
-99.3 -432.0 2406.2 0 0 0 0 0 0 0 0 0
-1.2 -388.7 2474.0 0 0 0 0 0 0 0 0 0
-304.0 -808.7 2165.9 0 0 0 0 0 0 0 0 0
103.2 -802.8 2162.9 0 0 0 0 0 0 0 0 0
-36.8 80.6 2898.2 4 0.9964087605 -0.0837572291 0.0124235041 0.0841486529 0.9632024765 -0.2552646399 0.0094139092 0.2553933263 0.9667913914
-19.6 -117.5 2845.7 0.9964087605 -0.0837572291 0.0124235041 0.0841486529 0.9632024765 -0.2552646399 0.0094139092 0.2553933263 0.9667913914
-4.1 -304.8 2790.9 0.9967359900 -0.0794167444 0.0145043116 0.0802984163 0.9567097425 -0.2797475159 0.0083402200 0.2799990773 0.9599640369
-161.6 -129.0 2844.5 -0.0505064055 -0.7326750159 -0.6787020564 0.6225830317 0.5082715154 -0.5950214267 0.7809222341 -0.4526007473 0.4304800332
-147.2 -306.6 2621.7 -0.1719988585 -0.7338720560 -0.6571515799 0.4963045120 0.5116878152 -0.7013254762 0.8509396315 -0.4467744827 0.2762142718
122.4 -106.1 2846.9 -0.0171445087 0.5663492680 0.8239870071 -0.7325458527 0.5537745357 -0.3958666027 -0.6805017591 -0.6103951931 0.4053826332
118.1 -290.1 2675.9 -0.4691860676 0.5663492680 0.6775786877 -0.3922571242 0.5537745357 -0.7344849706 -0.7912008762 -0.6103951931 -0.0376687422
-81.5 -502.7 2743.2 0.9461032152 0.2984349132 -0.1257987171 -0.1309052557 -0.0029010812 -0.9913906455 -0.2962305546 0.9544255733 0.0363219790
-198.3 -501.6 2369.6 0.9461032152 0.2764073014 0.1687830836 -0.1309052557 0.8030579090 -0.5813448429 -0.2962305546 0.5279176235 0.7959588170
98.8 -489.5 2746.7 0.9998736382 -0.0154013736 -0.0039439206 -0.0056253644 -0.1107069179 -0.9938371778 0.0148698380 0.9937337637 -0.1107795611
106.7 -432.4 2234.0 0.9998736382 0.0026587693 -0.0156744290 -0.0056253644 0.9813024998 -0.1923895329 0.0148698380 0.1924533993 0.9811934233
-103.1 -434.0 2403.3 0 0 0 0 0 0 0 0 0
-2.0 -390.5 2473.4 0 0 0 0 0 0 0 0 0
-302.4 -804.0 2170.7 0 0 0 0 0 0 0 0 0
105.7 -802.0 2161.5 0 0 0 0 0 0 0 0 0
-36.5 80.2 2892.8 5 0.9963467121 -0.0802596286 0.0291819945 0.0849972069 0.9651115537 -0.2476594001 -0.0082868282 0.2492350191 0.9684075713
-20.1 -116.9 2841.8 0.9963467121 -0.0802596286 0.0291819945 0.0849972069 0.9651115537 -0.2476594001 -0.0082868282 0.2492350191 0.9684075713
-4.7 -304.2 2786.9 0.9963904619 -0.0787195563 0.0317699946 0.0844688937 0.9565856457 -0.2789424658 -0.0084324954 0.2806191742 0.9597821236
-162.1 -129.0 2843.0 -0.0476092510 -0.7419553399 -0.6687567830 0.6249327064 0.5001710057 -0.5994064212 0.7792255282 -0.4464653134 0.4398593903
-148.7 -304.2 2624.5 -0.1723335087 -0.7432038784 -0.6464899182 0.4918894768 0.5036935210 -0.7101672888 0.8534318209 -0.4403871894 0.2787708938
121.8 -104.9 2840.6 -0.0030546326 0.5562646389 0.8309996128 -0.7444026470 0.5536186695 -0.3733243346 -0.6677240133 -0.6197386384 0.4123937786
121.1 -287.0 2677.2 -0.4696975052 0.5562646389 0.6855318546 -0.4057566822 0.5536186695 -0.7272330523 -0.7840572596 -0.6197386384 -0.0343252234
-78.7 -499.4 2735.3 0.9437910318 0.3137384057 -0.1040513739 -0.1216318831 0.0369345509 -0.9918878675 -0.3073502183 0.9487908483 0.0730190873
-201.5 -513.8 2364.1 0.9437910318 0.2760893703 0.1817502081 -0.1216318831 0.8013535738 -0.5856946111 -0.3073502183 0.5306667089 0.7898916006
99.4 -486.3 2736.1 0.9999998808 0.0003445413 0.0003666040 0.0003958322 -0.0890606195 -0.9960261583 -0.0003105222 0.9960261583 -0.0890607461
99.2 -441.3 2233.7 0.9999998808 -0.0003326934 0.0003773888 0.0003958322 0.9832922816 -0.1820333153 -0.0003105222 0.1820334345 0.9832922816
-104.5 -430.5 2405.4 0 0 0 0 0 0 0 0 0
0.8 -390.9 2476.5 0 0 0 0 0 0 0 0 0
-305.4 -815.6 2164.2 0 0 0 0 0 0 0 0 0
99.3 -811.7 2165.1 0 0 0 0 0 0 0 0 0
-37.8 79.7 2902.0 6 0.9974771738 -0.0596837252 0.0384338237 0.0679111183 0.9599570632 -0.2717913389 -0.0206733011 0.2737157345 0.9615884423
-25.6 -116.8 2846.0 0.9974771738 -0.0596837252 0.0384338237 0.0679111183 0.9599570632 -0.2717913389 -0.0206733011 0.2737157345 0.9615884423
-14.3 -303.1 2787.1 0.9975223541 -0.0577992015 0.0401050709 0.0671758279 0.9518893957 -0.2989882231 -0.0208943132 0.3009415269 0.9534136653
-167.7 -126.4 2849.0 -0.0594889708 -0.7374950051 -0.6727274060 0.6224788427 0.4994354844 -0.6025646925 0.7803724408 -0.4546045661 0.4293641448
-150.7 -304.9 2625.1 -0.1727406979 -0.7399885058 -0.6500597596 0.4930182695 0.5063944459 -0.7074586153 0.8526978493 -0.4426982403 0.2773528993
116.5 -107.2 2843.0 -0.0033096473 0.5725917220 0.8198339939 -0.7339730859 0.5554221869 -0.3908832371 -0.6791704893 -0.6030297279 0.4184286594
115.7 -288.9 2674.8 -0.4530262649 0.5725917220 0.6833051443 -0.3986934423 0.5554221869 -0.7297600508 -0.7973774076 -0.6030297279 -0.0233322643
-79.4 -499.2 2732.7 0.9439420104 0.3174262643 -0.0906315818 -0.1122378334 0.0504150912 -0.9924015999 -0.3104451597 0.9469418526 0.0832161605
-203.7 -518.9 2362.0 0.9439420104 0.2723172605 0.1865926832 -0.1122378334 0.7963193059 -0.5943720937 -0.3104451597 0.5401100516 0.7822435498
99.6 -484.6 2730.8 0.9999670386 -0.0055038412 -0.0059652263 -0.0064329389 -0.0892927647 -0.9959846735 0.0049490901 0.9959902167 -0.0893252268
102.4 -439.8 2230.8 0.9999670386 0.0054034065 -0.0060563511 -0.0064329389 0.9826321602 -0.1854525805 0.0049490901 0.1854854226 0.9826345444
-106.3 -431.5 2406.2 0 0 0 0 0 0 0 0 0
-0.3 -391.0 2470.7 0 0 0 0 0 0 0 0 0
-306.2 -818.8 2158.6 0 0 0 0 0 0 0 0 0
100.4 -809.9 2161.0 0 0 0 0 0 0 0 0 0
-39.1 80.5 2905.1 7 0.9966522455 -0.0712303594 0.0401312038 0.0796965659 0.9559513927 -0.2824983895 -0.0182410181 0.2847509980 0.9584279656
-24.5 -115.1 2846.9 0.9966522455 -0.0712303594 0.0401312038 0.0796965659 0.9559513927 -0.2824983895 -0.0182410181 0.2847509980 0.9584279656
-11.4 -300.5 2785.5 0.9968452454 -0.0671982318 0.0422370024 0.0770434812 0.9471347332 -0.3114484549 -0.0190753434 0.3137200177 0.9493238926
-166.6 -126.1 2849.6 -0.0495932885 -0.7421034575 -0.6684481502 0.6224608421 0.5004323721 -0.6017557383 0.7810781002 -0.4459258318 0.4371122718
-152.7 -300.7 2630.6 -0.1812142730 -0.7399997115 -0.6477359533 0.5063142180 0.4944430590 -0.7065210342 0.8430938721 -0.4559895992 0.2850722373
117.5 -104.1 2844.2 0.0082094287 0.5385852456 0.8425310254 -0.7328484654 0.5764886737 -0.3613778055 -0.6803423166 -0.6144809127 0.3994340301
119.6 -290.5 2671.1 -0.4696569145 0.5385852456 0.6995343566 -0.4000805020 0.5764886737 -0.7124580145 -0.7869929671 -0.6144809127 -0.0552744232
-93.2 -495.5 2730.1 0.9498285651 0.2851696610 -0.1284676492 -0.1587637961 0.0856994018 -0.9835901856 -0.2694804668 0.9546380639 0.1266743541
-204.7 -529.0 2356.7 0.9498285651 0.2846355736 0.1296466440 -0.1587637961 0.7959038615 -0.5842354894 -0.2694804668 0.5343403220 0.8011620641
86.6 -483.7 2726.1 0.9989961386 -0.0403673537 -0.0194211304 -0.0230991542 -0.0927418098 -0.9954222441 0.0383814089 0.9948715568 -0.0935811624
106.7 -437.4 2229.3 0.9989961386 0.0157165546 -0.0419486985 -0.0230991542 0.9830674529 -0.1817823350 0.0383814089 0.1825688332 0.9824436307
-106.1 -430.6 2414.1 0 0 0 0 0 0 0 0 0
-0.6 -393.0 2469.6 0 0 0 0 0 0 0 0 0
-311.9 -828.8 2155.5 0 0 0 0 0 0 0 0 0
100.8 -807.6 2160.5 0 0 0 0 0 0 0 0 0
-38.6 82.3 2906.2 8 0.9966646433 -0.0572928041 0.0581126250 0.0711799562 0.9586064219 -0.2756938636 -0.0399118625 0.2789107859 0.9594872594
-26.9 -113.5 2849.2 0.9966646433 -0.0572928041 0.0581126250 0.0711799562 0.9586064219 -0.2756938636 -0.0399118625 0.2789107859 0.9594872594
-16.5 -299.3 2788.2 0.9967920780 -0.0529448465 0.0600196421 0.0689752176 0.9486591816 -0.3086878955 -0.0405947492 0.3118375242 0.9492678642
-168.9 -123.3 2855.0 -0.0594553836 -0.7467479110 -0.6624444723 0.6156655550 0.4949384332 -0.6131817698 0.7857614160 -0.4443011582 0.4303201735
-151.9 -299.2 2630.6 -0.1758283973 -0.7447062135 -0.6438144445 0.5130075216 0.4888620377 -0.7055758238 0.8401831388 -0.4543418884 0.2960840464
115.2 -103.7 2843.5 0.0269916132 0.5526546836 0.8329731226 -0.7407660484 0.5705744624 -0.3545567095 -0.6712206602 -0.6074681282 0.4247885346
121.8 -286.7 2677.6 -0.4613400400 0.5526546836 0.6940736175 -0.3975867331 0.5705744624 -0.7185885906 -0.7931520343 -0.6074681282 -0.0435006805
-88.3 -492.9 2725.8 0.9478258491 0.2991584539 -0.1101380289 -0.1410713047 0.0837871656 -0.9864474535 -0.2858759463 0.9505177140 0.1216183156
-205.4 -525.7 2353.7 0.9478258491 0.2771615088 0.1575045288 -0.1410713047 0.8077279925 -0.5724285245 -0.2858759463 0.5203431845 0.8046849966
91.6 -479.2 2722.2 0.9992117286 -0.0323812179 -0.0229651500 -0.0256772935 -0.0859934539 -0.9959647655 0.0302757006 0.9957693219 -0.0867571309
107.7 -436.5 2228.0 0.9992117286 0.0198665839 -0.0343694650 -0.0256772935 0.9837152958 -0.1778901517 0.0302757006 0.1786324382 0.9834499955
-106.7 -430.9 2414.9 0 0 0 0 0 0 0 0 0
3.7 -388.5 2474.5 0 0 0 0 0 0 0 0 0
-309.8 -829.9 2157.8 0 0 0 0 0 0 0 0 0
100.2 -807.0 2160.7 0 0 0 0 0 0 0 0 0
-38.1 84.3 2895.2 9 0.9978863001 -0.0555444025 0.0337298624 0.0619953871 0.9693052173 -0.2379158288 -0.0194796380 0.2395040542 0.9706999063
-26.6 -115.6 2845.9 0.9978863001 -0.0555444025 0.0337298624 0.0619953871 0.9693052173 -0.2379158288 -0.0194796380 0.2395040542 0.9706999063
-17.2 -303.5 2791.9 0.9981991649 -0.0482222848 0.0356793925 0.0561785214 0.9600407481 -0.2741636634 -0.0210328717 0.2756743729 0.9610209465
-168.8 -123.7 2848.8 -0.0624887161 -0.7319942713 -0.6784390807 0.6316791177 0.4972828031 -0.5947195292 0.7727073431 -0.4657190740 0.4313109219
-151.4 -299.1 2634.2 -0.1787625700 -0.7341678739 -0.6550126076 0.5042319298 0.5033034682 -0.7017377019 0.8448633552 -0.4557226896 0.2802190483
115.6 -107.6 2842.9 0.0146527719 0.5844599009 0.8112903237 -0.7392031550 0.5527096391 -0.3848255575 -0.6733230948 -0.5940696001 0.4401333332
119.2 -288.6 2677.9 -0.4552741647 0.5844599009 0.6716636419 -0.3826582432 0.5527096391 -0.7403274179 -0.8039266467 -0.5940696001 -0.0279860310
-96.2 -491.3 2730.9 0.9514885545 0.2762834132 -0.1354142427 -0.1609787345 0.0719435439 -0.9843322635 -0.2622124851 0.9583796859 0.1129292101
-204.3 -519.4 2355.7 0.9514885545 0.2784993649 0.1307961941 -0.1609787345 0.8128694892 -0.5597580075 -0.2622124851 0.5115479231 0.8182684779
83.8 -478.9 2723.5 0.9985846877 -0.0477166437 -0.0234880801 -0.0275187716 -0.0856511816 -0.9959450960 0.0455113724 0.9951819181 -0.0868430585
107.6 -436.2 2227.8 0.9985846877 0.0191806071 -0.0496051647 -0.0275187716 0.9844836593 -0.1733051836 0.0455113724 0.1744249761 0.9836181402
-105.5 -428.6 2417.3 0 0 0 0 0 0 0 0 0
2.6 -386.6 2472.1 0 0 0 0 0 0 0 0 0
-309.2 -825.5 2163.1 0 0 0 0 0 0 0 0 0
100.4 -807.0 2162.1 0 0 0 0 0 0 0 0 0
-37.0 82.6 2901.8 0 0.9958007336 -0.0486705638 0.0775378868 0.0666062906 0.9662355781 -0.2489023507 -0.0628056526 0.2530216575 0.9654198289
-27.0 -116.9 2849.5 0.9958007336 -0.0486705638 0.0775378868 0.0666062906 0.9662355781 -0.2489023507 -0.0628056526 0.2530216575 0.9654198289
-18.3 -304.8 2795.1 0.9959033728 -0.0444105081 0.0787669569 0.0644829050 0.9594712257 -0.2743299007 -0.0633914992 0.2782851756 0.9584043622
-168.7 -126.1 2858.5 -0.0708084926 -0.7547150850 -0.6522202492 0.6084405780 0.4854559898 -0.6277997494 0.7904341817 -0.4412908256 0.4248248935
-148.3 -301.5 2630.7 -0.1675243080 -0.7572363615 -0.6312912703 0.4881504476 0.4926208556 -0.7204400301 0.8565306664 -0.4288563430 0.2871193290
114.8 -107.7 2840.5 0.0088812243 0.5812371969 0.8136857152 -0.7428837419 0.5485280156 -0.3837195933 -0.6693615317 -0.6010659933 0.4366632700
117.0 -291.7 2674.7 -0.4670693874 0.5812371969 0.6663404107 -0.3799685240 0.5485280156 -0.7448093295 -0.7984172702 -0.6010659933 -0.0353487991
-98.1 -496.5 2739.8 0.9529505968 0.2597346902 -0.1562788337 -0.1705953330 0.0333775915 -0.9847757220 -0.2505641878 0.9651030302 0.0761167184
-199.7 -509.5 2362.3 0.9529505968 0.2807594538 0.1142773256 -0.1705953330 0.8083628416 -0.5634241104 -0.2505641878 0.5174201727 0.8182260990
82.2 -486.3 2736.1 0.9980722666 -0.0530779250 -0.0321628675 -0.0373006612 -0.0988329723 -0.9944046736 0.0496021882 0.9936874509 -0.1006222889
109.4 -435.7 2227.5 0.9980722666 0.0285104103 -0.0551259704 -0.0373006612 0.9854764938 -0.1656644642 0.0496021882 0.1674013585 0.9846402407
-105.3 -426.8 2410.8 0 0 0 0 0 0 0 0 0
-2.6 -389.0 2470.3 0 0 0 0 0 0 0 0 0
-305.4 -814.0 2167.4 0 0 0 0 0 0 0 0 0
98.7 -806.9 2164.4 0 0 0 0 0 0 0 0 0
-38.1 83.3 2905.5 1 0.9967842698 -0.0500850827 0.0625509098 0.0646690652 0.9637486935 -0.2588558793 -0.0473185405 0.2620685995 0.9638884664
-27.7 -116.2 2851.3 0.9967842698 -0.0500850827 0.0625509098 0.0646690652 0.9637486935 -0.2588558793 -0.0473185405 0.2620685995 0.9638884664
-18.6 -303.7 2795.5 0.9968739152 -0.0467507467 0.0636923686 0.0628898889 0.9574972987 -0.2815027237 -0.0478248112 0.2846283317 0.9574442506
-169.7 -125.2 2858.1 -0.0724936947 -0.7466582060 -0.6612458825 0.6165034771 0.4876143634 -0.6181874275 0.7840077281 -0.4524751008 0.4249684513
-149.3 -298.8 2637.3 -0.1662937552 -0.7539613843 -0.6355223656 0.4681499600 0.5068652630 -0.7238253951 0.8678606153 -0.4178874195 0.2686784565
114.3 -107.2 2844.5 0.0010233581 0.5700943470 0.8215786219 -0.7369115949 0.5558080673 -0.3847579658 -0.6759883761 -0.6050370336 0.4206779003
114.5 -292.1 2674.9 -0.4697166979 0.5700943470 0.6740612984 -0.3837023675 0.5558080673 -0.7374617457 -0.7950714827 -0.6050370336 -0.0423257984
-99.6 -498.5 2746.3 0.9542082548 0.2507238984 -0.1631689668 -0.1719154119 0.0132335080 -0.9850228429 -0.2448094636 0.9679681659 0.0557308234
-197.7 -503.7 2367.5 0.9542082548 0.2789702713 0.1079915315 -0.1719154119 0.8068304658 -0.5652165413 -0.2448094636 0.5207688808 0.8178435564
80.2 -486.8 2734.9 0.9978066683 -0.0579975620 -0.0319082886 -0.0378307179 -0.1040677652 -0.9938504696 0.0543202795 0.9928777218 -0.1060336009
109.7 -434.0 2230.7 0.9978066683 0.0273585171 -0.0602774210 -0.0378307179 0.9829187989 -0.1801096052 0.0543202795 0.1819949001 0.9817979336
-106.6 -418.9 2414.5 0 0 0 0 0 0 0 0 0
-5.8 -390.3 2471.3 0 0 0 0 0 0 0 0 0
-302.8 -807.5 2171.3 0 0 0 0 0 0 0 0 0
99.4 -804.1 2162.1 0 0 0 0 0 0 0 0 0
-37.7 82.5 2895.9 2 0.9939501882 -0.0542220697 0.0955143124 0.0755801722 0.9686591029 -0.2366161346 -0.0796909928 0.2424036413 0.9668970108
-26.5 -117.4 2845.9 0.9939501882 -0.0542220697 0.0955143124 0.0755801722 0.9686591029 -0.2366161346 -0.0796909928 0.2424036413 0.9668970108
-16.9 -305.9 2793.8 0.9941045642 -0.0489027202 0.0967712998 0.0726892576 0.9628258348 -0.2601589561 -0.0804514289 0.2656594217 0.9607042670
-168.1 -127.7 2857.3 -0.0704896525 -0.7663546801 -0.6385387182 0.6102212667 0.4732510746 -0.6353451610 0.7890888453 -0.4344351590 0.4342866242
-148.4 -298.1 2637.0 -0.1771253943 -0.7690957189 -0.6140996814 0.4735255837 0.4804019034 -0.7382327318 0.8627862334 -0.4215516448 0.2790951133
115.0 -107.1 2834.4 -0.0026796714 0.6331355572 0.7740362883 -0.7674731016 0.4949171841 -0.4074825048 -0.6410755515 -0.5951439738 0.4845882952
114.4 -291.2 2680.6 -0.4550117552 0.6331355572 0.6261818409 -0.3840351105 0.4949171841 -0.7794703245 -0.8034185171 -0.5951439738 0.0179531239
-99.5 -496.9 2744.1 0.9533039331 0.2536894381 -0.1638697088 -0.1764709502 0.0275764465 -0.9839195013 -0.2450910360 0.9668925405 0.0710575506
-198.8 -507.7 2365.6 0.9533039331 0.2829802334 0.1055167913 -0.1764709502 0.8054578900 -0.5657699108 -0.2450910360 0.5207300186 0.8177840114
80.6 -485.5 2735.5 0.9980635047 -0.0567381419 -0.0254959725 -0.0312317349 -0.1026185453 -0.9942303896 0.0537944213 0.9931012988 -0.1041918546
109.4 -433.4 2231.3 0.9980635047 0.0210170057 -0.0585452542 -0.0312317349 0.9832715392 -0.1794480532 0.0537944213 0.1809290200 0.9820238352
-102.9 -419.7 2415.5 0 0 0 0 0 0 0 0 0
-2.2 -389.5 2474.9 0 0 0 0 0 0 0 0 0
-305.4 -811.0 2169.5 0 0 0 0 0 0 0 0 0
101.5 -803.7 2163.2 0 0 0 0 0 0 0 0 0
-37.4 81.1 2902.1 3 0.9958468676 -0.0602139905 0.0682883486 0.0755996779 0.9648472071 -0.2517032027 -0.0507317707 0.2558204234 0.9653922319
-25.0 -117.5 2849.4 0.9958468676 -0.0602139905 0.0682883486 0.0755996779 0.9648472071 -0.2517032027 -0.0507317707 0.2558204234 0.9653922319
-13.9 -305.3 2795.1 0.9959767461 -0.0564341657 0.0696100891 0.0734579712 0.9590620399 -0.2735029757 -0.0513254814 0.2775160074 0.9593490362
-166.8 -127.9 2856.7 -0.0665155649 -0.7550743222 -0.6522564292 0.6053325534 0.4891240895 -0.6279571056 0.7931886315 -0.4366009831 0.4245366752
-148.1 -298.6 2633.1 -0.1918010116 -0.7516899109 -0.6310108304 0.4968298674 0.4801116884 -0.7229473591 0.8463878632 -0.4521670640 0.2813760936
116.8 -107.1 2842.1 -0.0099678971 0.5425766110 0.8399471641 -0.7309907079 0.5692113638 -0.3763655722 -0.6823146343 -0.6177451611 0.3909446299
114.2 -298.1 2663.8 -0.5075526834 0.5425766110 0.6693286896 -0.3638289869 0.5692113638 -0.7373105884 -0.7810369730 -0.6177451611 -0.0914996266
-97.1 -501.0 2749.1 0.9538408518 0.2609768212 -0.1485892832 -0.1590331495 0.0192428902 -0.9870857000 -0.2547472119 0.9651532769 0.0598586202
-199.3 -508.5 2371.1 0.9538408518 0.2760602534 0.1182303280 -0.1590331495 0.7982804775 -0.5809102654 -0.2547472119 0.5352934003 0.8053352237
82.5 -487.9 2734.5 0.9981540442 -0.0528596565 -0.0299060829 -0.0354407057 -0.1070765927 -0.9936189055 0.0493201129 0.9928446412 -0.1087523177
109.4 -433.5 2229.9 0.9981540442 0.0260950271 -0.0548412837 -0.0354407057 0.9835652709 -0.1770403385 0.0493201129 0.1786571443 0.9826744795
-98.9 -426.1 2415.9 0 0 0 0 0 0 0 0 0
-15.5 -391.1 2464.2 0 0 0 0 0 0 0 0 0
-303.2 -809.2 2169.6 0 0 0 0 0 0 0 0 0
99.5 -803.9 2162.6 0 0 0 0 0 0 0 0 0
-36.4 80.6 2896.2 4 0.9969235659 -0.0673606917 0.0400744006 0.0752808303 0.9652420282 -0.2502810359 -0.0218223911 0.2525278926 0.9673435092
-22.5 -118.0 2844.2 0.9969235659 -0.0673606917 0.0400744006 0.0752808303 0.9652420282 -0.2502810359 -0.0218223911 0.2525278926 0.9673435092
-10.9 -305.9 2790.1 0.9973719120 -0.0592763722 0.0416600890 0.0684673414 0.9591814280 -0.2743777633 -0.0236954670 0.2765090466 0.9607191682
-164.6 -127.7 2847.6 -0.0570197776 -0.7408317327 -0.6692661047 0.6215078831 0.4982840121 -0.6045171618 0.7813301086 -0.4504235685 0.4320207238
-148.6 -302.2 2628.3 -0.1701442301 -0.7404552698 -0.6502130032 0.5123822093 0.4971459806 -0.7002216578 0.8417335749 -0.4522962570 0.2948095798
119.5 -108.3 2840.9 -0.0274241995 0.5805627704 0.8137534857 -0.7390977144 0.5363242626 -0.4075424373 -0.6730397344 -0.6126198769 0.4143843651
112.5 -296.0 2669.9 -0.4974444509 0.5805627704 0.6445897222 -0.3620187938 0.5363242626 -0.7624294162 -0.7883472443 -0.6126198769 -0.0566168986
-92.7 -499.7 2745.4 0.9517533779 0.2762921751 -0.1335221827 -0.1465455443 0.0269408114 -0.9888370037 -0.2696107328 0.9606959820 0.0661303997
-200.9 -510.3 2369.2 0.9517533779 0.2742563486 0.1376553774 -0.1465455443 0.8003492951 -0.5813479424 -0.2696107328 0.5331270695 0.8019261956
87.2 -486.5 2736.1 0.9986776710 -0.0431974493 -0.0278734788 -0.0321818404 -0.1024849266 -0.9942138195 0.0400908887 0.9937961698 -0.1037395820
109.3 -434.1 2227.8 0.9986776710 0.0252723508 -0.0447689481 -0.0321818404 0.9864211679 -0.1610514224 0.0400908887 0.1622792035 0.9859300852
-104.9 -433.7 2412.3 0 0 0 0 0 0 0 0 0
-14.7 -388.6 2468.2 0 0 0 0 0 0 0 0 0
-304.2 -811.7 2168.4 0 0 0 0 0 0 0 0 0
99.7 -805.6 2166.7 0 0 0 0 0 0 0 0 0
-33.9 81.3 2891.7 5 0.9984071255 -0.0550737828 0.0122497156 0.0563990474 0.9683672190 -0.2430722415 0.0015246853 0.2433759272 0.9699308276
-22.7 -116.8 2841.9 0.9984071255 -0.0550737828 0.0122497156 0.0563990474 0.9683672190 -0.2430722415 0.0015246853 0.2433759272 0.9699308276
-12.9 -305.0 2788.9 0.9986652732 -0.0497860648 0.0137477275 0.0516486727 0.9612943530 -0.2706391215 0.0002584426 0.2709879279 0.9625827074
-164.9 -124.1 2841.9 -0.0537782498 -0.7213928103 -0.6904348731 0.6322884560 0.5105592608 -0.5827010870 0.7728643417 -0.4678906202 0.4286713600
-149.6 -303.4 2622.8 -0.1797769070 -0.7201893330 -0.6700803041 0.5228767395 0.5070223808 -0.6852213144 0.8332347274 -0.4735563695 0.2854193449
119.6 -109.4 2842.0 -0.0132618193 0.5730643868 0.8194030523 -0.7377719283 0.5475206375 -0.3948591352 -0.6749197841 -0.6097691059 0.4155296981
116.2 -294.5 2672.7 -0.4877195060 0.5730643868 0.6585794687 -0.3700913191 0.5475206375 -0.7505022287 -0.7906719446 -0.6097691059 -0.0549503528
-89.3 -499.9 2738.1 0.9485348463 0.2884182334 -0.1307538897 -0.1486998498 0.0411159173 -0.9880272746 -0.2795889974 0.9566213489 0.0818876252
-202.3 -516.0 2363.5 0.9485348463 0.2807967365 0.1464064568 -0.1486998498 0.8031296134 -0.5769498348 -0.2795889974 0.5254864097 0.8035508990
90.8 -487.5 2733.8 0.9991732240 -0.0344516449 -0.0215863083 -0.0251004510 -0.1050662249 -0.9941484332 0.0319820568 0.9938682914 -0.1058441103
108.4 -434.0 2227.2 0.9991732240 0.0196572747 -0.0355875827 -0.0251004510 0.9868581891 -0.1596274674 0.0319820568 0.1603887528 0.9865356684
-103.5 -437.6 2408.9 0 0 0 0 0 0 0 0 0
-8.6 -389.2 2470.3 0 0 0 0 0 0 0 0 0
-308.0 -818.5 2165.6 0 0 0 0 0 0 0 0 0
101.0 -805.7 2166.8 0 0 0 0 0 0 0 0 0
-33.7 79.9 2889.5 6 0.9980103970 -0.0462274253 0.0428745672 0.0549619012 0.9710765481 -0.2323564589 -0.0308932457 0.2342506349 0.9716852903
-24.3 -117.8 2841.8 0.9980103970 -0.0462274253 0.0428745672 0.0549619012 0.9710765481 -0.2323564589 -0.0308932457 0.2342506349 0.9716852903
-15.5 -306.3 2789.6 0.9980159402 -0.0446543247 0.0443869419 0.0548446998 0.9628143311 -0.2645385861 -0.0309235919 0.2664481103 0.9633530974
-166.4 -125.6 2846.2 -0.0649668276 -0.7367120981 -0.6730784774 0.6201500297 0.4986280203 -0.6056270003 0.7817885280 -0.4567552805 0.4244777262
-147.7 -304.4 2620.8 -0.1726110578 -0.7356443405 -0.6550059915 0.5224432945 0.4953622222 -0.6940240264 0.8350200057 -0.4619996846 0.2988274395
117.8 -110.0 2837.4 -0.0076758321 0.5748047829 0.8182545304 -0.7472031713 0.5405073166 -0.3867031336 -0.6645513773 -0.6143706441 0.4253471196
115.9 -294.7 2673.1 -0.4814133942 0.5748047829 0.6616952419 -0.3837482631 0.5405073166 -0.7487249970 -0.7880218029 -0.6143706441 -0.0396271050
-93.4 -497.9 2735.7 0.9499124885 0.2796569169 -0.1394930929 -0.1584350765 0.0461961329 -0.9862881303 -0.2693782449 0.9589879513 0.0881897435
-202.9 -516.0 2360.2 0.9499124885 0.2799247205 0.1389548779 -0.1584350765 0.8146098256 -0.5579508543 -0.2693782449 0.5079891086 0.8181579113
87.0 -488.6 2735.8 0.9990869164 -0.0399351567 -0.0151845720 -0.0192993619 -0.1047588512 -0.9943103790 0.0381172225 0.9936954975 -0.1054339185
107.5 -434.9 2226.1 0.9990869164 0.0129933422 -0.0407008715 -0.0192993619 0.9871536493 -0.1586038023 0.0381172225 0.1592444777 0.9865030646
-103.4 -438.5 2406.4 0 0 0 0 0 0 0 0 0
-7.3 -393.0 2471.4 0 0 0 0 0 0 0 0 0
-308.3 -822.8 2168.9 0 0 0 0 0 0 0 0 0
102.6 -806.7 2166.2 0 0 0 0 0 0 0 0 0
-33.1 79.5 2886.9 7 0.9982756376 -0.0586200207 0.0030708588 0.0578574426 0.9737588763 -0.2201048136 0.0099122729 0.2199029475 0.9754713774
-21.2 -118.9 2842.1 0.9982756376 -0.0586200207 0.0030708588 0.0578574426 0.9737588763 -0.2201048136 0.0099122729 0.2199029475 0.9754713774
-10.0 -307.9 2792.3 0.9983528852 -0.0571420491 0.0051296055 0.0565636605 0.9653931260 -0.2545912564 0.0095957806 0.2544620633 0.9670351744
-163.3 -127.0 2840.7 -0.0567421429 -0.7202621102 -0.6913774610 0.6321852803 0.5100581050 -0.5832516551 0.7727367878 -0.4701735973 0.4263972938
-147.5 -302.9 2625.7 -0.1795730740 -0.7218165994 -0.6683818698 0.5069012642 0.5143909454 -0.6917030215 0.8430923223 -0.4630148411 0.2735189795
120.9 -110.8 2843.5 -0.0092923511 0.5115897655 0.8591796160 -0.7247933149 0.5884972811 -0.3582536280 -0.6889036894 -0.6260566115 0.3653283119
118.5 -299.0 2664.6 -0.5014476776 0.5115897655 0.6977292895 -0.3871826231 0.5884972811 -0.7097609639 -0.7737181783 -0.6260566115 -0.0970219076
-96.9 -499.8 2740.3 0.9510093927 0.2635653317 -0.1615997851 -0.1731265336 0.0209489036 -0.9846767783 -0.2561413050 0.9644140601 0.0655527562
-200.1 -508.0 2362.7 0.9510093927 0.2840909064 0.1219570786 -0.1731265336 0.8161898255 -0.5512362123 -0.2561413050 0.5031167865 0.8253878355
83.4 -489.9 2734.7 0.9987869263 -0.0468897223 -0.0150332674 -0.0200635698 -0.1087259278 -0.9938692451 0.0449677482 0.9929652810 -0.1095348075
107.3 -434.4 2227.5 0.9987869263 0.0117030060 -0.0478297509 -0.0200635698 0.9837791324 -0.1782584786 0.0449677482 0.1790018678 0.9828205705
-101.4 -433.0 2409.3 0 0 0 0 0 0 0 0 0
-9.8 -398.1 2466.5 0 0 0 0 0 0 0 0 0
-307.1 -815.4 2173.2 0 0 0 0 0 0 0 0 0
102.9 -804.9 2160.1 0 0 0 0 0 0 0 0 0
-30.4 85.5 2896.6 8 0.9982205033 -0.0518943258 0.0293729343 0.0571851134 0.9727070332 -0.2248798013 -0.0169012751 0.2261593193 0.9739437103
-19.7 -113.6 2850.3 0.9982205033 -0.0518943258 0.0293729343 0.0571851134 0.9727070332 -0.2248798013 -0.0169012751 0.2261593193 0.9739437103
-10.1 -302.6 2799.8 0.9982944727 -0.0494519696 0.0310270488 0.0557715222 0.9649325609 -0.2565048039 -0.0172543414 0.2577977479 0.9660448432
-161.9 -121.6 2852.7 -0.0539447106 -0.7320281267 -0.6791353226 0.6207950115 0.5081257820 -0.5970106125 0.7821147442 -0.4538093805 0.4270287454
-146.0 -304.3 2622.6 -0.1736036986 -0.7304390669 -0.6605456471 0.5169168711 0.5033212900 -0.6924338937 0.8382474184 -0.4616562426 0.2901978195
122.4 -105.7 2847.8 -0.0017087866 0.5126128197 0.8586181402 -0.7259145379 0.5899086595 -0.3536323905 -0.6877828240 -0.6238876581 0.3711050749
122.0 -298.6 2665.1 -0.5018562675 0.5126128197 0.6966838241 -0.3837262392 0.5899086595 -0.7104659677 -0.7751738429 -0.6238876581 -0.0993463546
-89.0 -502.1 2741.7 0.9494903684 0.2838896513 -0.1336964071 -0.1474960148 0.0277001709 -0.9886747003 -0.2769711018 0.9584567547 0.0681736395
-200.2 -513.0 2366.4 0.9494903684 0.2808330953 0.1400029808 -0.1474960148 0.7932149768 -0.5908086896 -0.2769711018 0.5403172970 0.7945717573
91.3 -491.9 2743.4 0.9995337725 -0.0289900452 -0.0095809512 -0.0127641801 -0.1116940230 -0.9936606884 0.0277361311 0.9933196902 -0.1120119840
106.3 -434.1 2229.1 0.9995337725 0.0075387117 -0.0295869075 -0.0127641801 0.9834691882 -0.1806251109 0.0277361311 0.1809185594 0.9831069112
-101.4 -437.0 2407.4 0 0 0 0 0 0 0 0 0
-6.6 -396.8 2466.6 0 0 0 0 0 0 0 0 0
-305.8 -811.4 2163.1 0 0 0 0 0 0 0 0 0
103.4 -804.4 2160.9 0 0 0 0 0 0 0 0 0
-30.4 87.3 2901.9 9 0.9964088202 -0.0488926172 0.0691297203 0.0644360483 0.9675124288 -0.2444742769 -0.0549308769 0.2480507791 0.9671884179
-20.4 -109.6 2851.4 0.9964088202 -0.0488926172 0.0691297203 0.0644360483 0.9675124288 -0.2444742769 -0.0549308769 0.2480507791 0.9671884179
-11.5 -297.4 2796.6 0.9964237213 -0.0462341532 0.0707262382 0.0641351938 0.9587838650 -0.2768034935 -0.0550134033 0.2803496122 0.9583202004
-162.2 -118.8 2859.3 -0.0612263158 -0.7508592606 -0.6576182246 0.6270255446 0.4836863279 -0.6106443405 0.7765888572 -0.4497309327 0.4411936104
-144.7 -298.1 2637.2 -0.1402161717 -0.7550934553 -0.6404477358 0.5121665001 0.4982618093 -0.6995860338 0.8473634720 -0.4261091650 0.3168692291
121.4 -100.4 2843.6 0.0119400453 0.5152487159 0.8569575548 -0.7446778417 0.5765261054 -0.3362626731 -0.6673172712 -0.6341422796 0.3905780315
124.5 -291.6 2672.3 -0.4987500608 0.5152487159 0.6969699860 -0.4000201225 0.5765261054 -0.7124616504 -0.7689163089 -0.6341422796 -0.0814325660
-90.6 -496.7 2751.0 0.9523870349 0.2767585516 -0.1279206127 -0.1417800337 0.0305735767 -0.9894259572 -0.2699211240 0.9604529738 0.0683567151
-199.0 -508.6 2374.8 0.9523870349 0.2756799459 0.1302288622 -0.1417800337 0.7785845995 -0.6113137007 -0.2699211240 0.5637434125 0.7805997729
89.7 -486.6 2747.8 0.9994561672 -0.0317976773 -0.0087359585 -0.0120008355 -0.1039804518 -0.9945069551 0.0307146423 0.9940708876 -0.1043054983
106.2 -432.7 2232.8 0.9994561672 0.0060368534 -0.0324186012 -0.0120008355 0.9822737575 -0.1870674789 0.0307146423 0.1873547882 0.9818120003
-108.7 -429.6 2419.7 0 0 0 0 0 0 0 0 0
-3.2 -394.0 2475.4 0 0 0 0 0 0 0 0 0
-302.7 -801.6 2162.7 0 0 0 0 0 0 0 0 0
103.9 -802.6 2162.2 0 0 0 0 0 0 0 0 0
-31.5 90.7 2904.1 0 0.9969760180 -0.0521219335 0.0576380156 0.0646550506 0.9678337574 -0.2431410849 -0.0431110337 0.2461324036 0.9682769775
-20.8 -107.4 2853.7 0.9969760180 -0.0521219335 0.0576380156 0.0646550506 0.9678337574 -0.2431410849 -0.0431110337 0.2461324036 0.9682769775
-11.6 -295.2 2798.7 0.9971230030 -0.0470423959 0.0594362952 0.0617989488 0.9585692883 -0.2780751288 -0.0438924879 0.2809481919 0.9587187171
-162.8 -116.3 2859.9 -0.0603857264 -0.7443937063 -0.6650049090 0.6384435296 0.4833196104 -0.5989925265 0.7672961950 -0.4607386887 0.4460677505
-145.9 -295.0 2645.2 -0.1385743469 -0.7525372505 -0.6438050270 0.4966866970 0.5095996857 -0.7025741935 0.8567960262 -0.4171281457 0.3031578064
121.2 -98.6 2847.5 0.0162640121 0.4864864945 0.8735367060 -0.7395521402 0.5938138366 -0.3169349730 -0.6729027629 -0.6408712864 0.3694399297
125.4 -289.5 2673.8 -0.4974965155 0.4864864945 0.7182117105 -0.4147130549 0.5938138366 -0.6894912720 -0.7619122863 -0.6408712864 -0.0936680213
-92.5 -490.9 2746.7 0.9528120160 0.2728917003 -0.1329640001 -0.1519720703 0.0496426858 -0.9871373177 -0.2627808750 0.9607630968 0.0887720585
-199.3 -510.4 2370.4 0.9528120160 0.2777837515 0.1224152371 -0.1519720703 0.7855913639 -0.5997922421 -0.2627808750 0.5528855324 0.7907362580
87.5 -479.3 2736.8 0.9990108013 -0.0397833996 -0.0198662225 -0.0234044604 -0.0905440897 -0.9956173897 0.0378102772 0.9950975180 -0.0913856328
107.7 -433.1 2229.8 0.9990108013 0.0165338516 -0.0412797481 -0.0234044604 0.9848264456 -0.1719568223 0.0378102772 0.1727528572 0.9842392206
-110.4 -422.4 2425.3 0 0 0 0 0 0 0 0 0
-2.0 -395.7 2478.7 0 0 0 0 0 0 0 0 0
-303.9 -806.1 2162.3 0 0 0 0 0 0 0 0 0
101.5 -804.0 2164.7 0 0 0 0 0 0 0 0 0
-30.2 86.1 2908.7 1 0.9972248673 -0.0675362572 0.0313273706 0.0734075233 0.9621074796 -0.2626034617 -0.0124050407 0.2641743720 0.9643951654
-16.4 -111.1 2854.5 0.9972248673 -0.0675362572 0.0313273706 0.0734075233 0.9621074796 -0.2626034617 -0.0124050407 0.2641743720 0.9643951654
-4.1 -297.8 2796.6 0.9974550605 -0.0629307777 0.0335136913 0.0700289682 0.9530214667 -0.2946965694 -0.0133937849 0.2962934971 0.9550030231
-158.4 -121.1 2856.4 -0.0437480584 -0.7358816266 -0.6756954789 0.6377180219 0.5000545382 -0.5858849883 0.7690265775 -0.4565344751 0.4474085271
-146.6 -294.1 2647.8 -0.1508105397 -0.7420079708 -0.6532077789 0.4883560240 0.5185876489 -0.7018370628 0.8595141768 -0.4248423576 0.2841555476
125.6 -101.2 2852.6 -0.0006918813 0.4998875260 0.8660900593 -0.7300134301 0.5916618109 -0.3420769274 -0.6834324002 -0.6324940920 0.3645152450
125.5 -285.0 2680.5 -0.4907408655 0.4998875260 0.7136426568 -0.4082469344 0.5916618109 -0.6951767802 -0.7697452903 -0.6324940920 -0.0862750933
-92.6 -488.5 2747.7 0.9530587792 0.2723588347 -0.1322863251 -0.1514401436 0.0504525825 -0.9871780276 -0.2621924579 0.9608721137 0.0893303379
-199.2 -508.2 2371.3 0.9530587792 0.2748084664 0.1271192878 -0.1514401436 0.7961822748 -0.5857983232 -0.2621924579 0.5390492678 0.8004255295
87.6 -477.3 2739.7 0.9990064502 -0.0403514430 -0.0189163219 -0.0221922081 -0.0823453739 -0.9963567257 0.0386467613 0.9957866073 -0.0831590444
108.4 -434.7 2225.0 0.9990064502 0.0157878064 -0.0416750684 -0.0221922081 0.9871899486 -0.1579984426 0.0386467613 0.1587663293 0.9865595102
-107.9 -419.5 2427.1 0 0 0 0 0 0 0 0 0
-0.2 -389.6 2483.4 0 0 0 0 0 0 0 0 0
-302.7 -808.0 2168.4 0 0 0 0 0 0 0 0 0
102.5 -806.5 2165.2 0 0 0 0 0 0 0 0 0
-26.4 83.3 2910.5 2 0.9984719753 -0.0541356690 0.0110944435 0.0551058203 0.9603729248 -0.2732163966 0.0041359500 0.2734102905 0.9618886113
-15.4 -112.5 2854.7 0.9984719753 -0.0541356690 0.0110944435 0.0551058203 0.9603729248 -0.2732163966 0.0041359500 0.2734102905 0.9618886113
-5.3 -299.0 2796.0 0.9986097813 -0.0511916764 0.0125668440 0.0526027791 0.9525012970 -0.2999570072 0.0033853666 0.3002010584 0.9538699389
-157.6 -120.0 2854.3 -0.0421291441 -0.7191196680 -0.6936079860 0.6442053914 0.5110927820 -0.5690198541 0.7636914253 -0.4707982838 0.4417288601
-146.0 -297.1 2644.3 -0.1785453260 -0.7228584886 -0.6675306559 0.4935171604 0.5211282372 -0.6963233352 0.8512123227 -0.4537630975 0.2636980712
126.8 -105.0 2855.2 -0.0173237566 0.5797347426 0.8146210909 -0.7288477421 0.5504180193 -0.4072112143 -0.6844566464 -0.6007891893 0.4130030572
122.5 -285.9 2685.3 -0.4622594118 0.5797347426 0.6709872484 -0.3850181699 0.5504180193 -0.7408110499 -0.7987973690 -0.6007891893 -0.0312275011
-81.8 -490.7 2739.8 0.9467653632 0.3034708500 -0.1074279696 -0.1294460297 0.0533332527 -0.9901511669 -0.2947525084 0.9513469338 0.0897771716
-200.6 -511.6 2367.4 0.9467653632 0.2742423117 0.1686015278 -0.1294460297 0.8038330078 -0.5805998445 -0.2947525084 0.5278670192 0.7965408564
98.4 -478.0 2737.4 0.9996007085 -0.0196926780 -0.0202644076 -0.0218615551 -0.0845959038 -0.9961754680 0.0179030765 0.9962207079 -0.0849926323
108.5 -434.6 2225.4 0.9996007085 0.0187578704 -0.0211326778 -0.0218615551 0.9872310758 -0.1577875465 0.0179030765 0.1581865400 0.9872469306
-100.2 -423.7 2425.8 0 0 0 0 0 0 0 0 0
4.3 -384.4 2481.0 0 0 0 0 0 0 0 0 0
-303.9 -814.2 2168.6 0 0 0 0 0 0 0 0 0
101.4 -806.4 2165.8 0 0 0 0 0 0 0 0 0
-26.6 85.1 2909.4 3 0.9976615906 -0.0368000418 0.0575941131 0.0508278161 0.9628412724 -0.2652417421 -0.0456930846 0.2675488889 0.9624602795
-19.1 -111.0 2854.9 0.9976615906 -0.0368000418 0.0575941131 0.0508278161 0.9628412724 -0.2652417421 -0.0456930846 0.2675488889 0.9624602795
-12.8 -297.8 2796.5 0.9977671504 -0.0318219960 0.0587199368 0.0478792824 0.9537740946 -0.2966860235 -0.0465644114 0.2988350391 0.9531680942
-161.0 -117.8 2861.5 -0.0490190797 -0.7387493849 -0.6721953154 0.6331843734 0.4975014329 -0.5929332972 0.7724472284 -0.4546885788 0.4433774650
-147.1 -298.3 2641.3 -0.2154991180 -0.7339885235 -0.6440659761 0.4953417480 0.4862408340 -0.7198655605 0.8415442109 -0.4741631448 0.2587907016
122.9 -104.2 2848.3 0.0106419325 0.6013548374 0.7989112139 -0.7426357269 0.5397734046 -0.3964048624 -0.6696109772 -0.5890815258 0.4523318410
125.5 -286.0 2684.3 -0.4594643116 0.6013548374 0.6536550522 -0.3695587516 0.5397734046 -0.7563537359 -0.8076626062 -0.5890815258 -0.0257706773
-85.5 -490.3 2736.9 0.9482413530 0.3002760410 -0.1033086404 -0.1325097978 0.0785123855 -0.9880672693 -0.2885819376 0.9506156445 0.1142382100
-203.1 -521.0 2364.7 0.9482413530 0.2777044475 0.1540084928 -0.1325097978 0.7867836356 -0.6028372049 -0.2885819376 0.5512275100 0.7828593254
94.9 -480.8 2737.5 0.9995678663 -0.0242471416 -0.0166182369 -0.0186852869 -0.0876756161 -0.9959738255 0.0226925034 0.9958539605 -0.0880907923
107.3 -435.9 2227.4 0.9995678663 0.0144572016 -0.0255945101 -0.0186852869 0.9846475124 -0.1735514253 0.0226925034 0.1739546657 0.9844921827
-91.8 -425.4 2425.4 0 0 0 0 0 0 0 0 0
7.9 -380.6 2477.6 0 0 0 0 0 0 0 0 0
-307.6 -817.2 2157.2 0 0 0 0 0 0 0 0 0
101.9 -806.7 2161.9 0 0 0 0 0 0 0 0 0
-26.7 87.2 2909.3 4 0.9976208210 -0.0244567096 0.0644561052 0.0407338701 0.9634124637 -0.2649098337 -0.0556189902 0.2669051290 0.9621165395
-21.7 -108.7 2855.1 0.9976208210 -0.0244567096 0.0644561052 0.0407338701 0.9634124637 -0.2649098337 -0.0556189902 0.2669051290 0.9621165395
-18.1 -295.4 2796.0 0.9977073073 -0.0180248059 0.0652323961 0.0368320048 0.9532485604 -0.2999343872 -0.0567764305 0.3016493618 0.9517269135
-163.8 -113.9 2863.2 -0.0545418188 -0.7368345857 -0.6738693714 0.6379615664 0.4934514761 -0.5911942720 0.7681342363 -0.4621475935 0.4431584477
-148.3 -295.1 2645.0 -0.2261894047 -0.7324591875 -0.6421384811 0.4907892644 0.4837367535 -0.7246548533 0.8414061069 -0.4790639281 0.2500669956
