44.6 3.5 3189.7 70 0.9936889410 0.0906253979 0.0661007017 -0.0379321501 0.8260570168 -0.5623085499 -0.1055623889 0.5562524796 0.8242813945
25.6 -169.6 3073.2 0.9936889410 0.0906253979 0.0661007017 -0.0379321501 0.8260570168 -0.5623085499 -0.1055623889 0.5562524796 0.8242813945
7.4 -329.3 2956.4 0.9938088655 0.0918073058 0.0625727847 -0.0368608609 0.8037486672 -0.5938260555 -0.1048103571 0.5878430605 0.8021566272
-119.4 -164.2 3088.5 -0.0516960546 -0.9679908156 0.2456038445 0.5919805169 0.1683638245 0.7881704569 -0.8042926192 0.1861380041 0.5643279552
-100.3 -383.7 3386.7 0.1982518584 -0.9558876157 -0.2167374343 -0.3246490359 0.1446043402 -0.9347152114 0.9248238802 0.2556726336 -0.2816599011
170.7 -174.9 3057.9 0.4136421978 0.6232907176 0.6636330485 -0.8769387603 0.4686734080 0.1064128578 -0.2447010130 -0.6259824038 0.7404508591
268.9 -383.2 2999.8 -0.7173067927 0.6232907176 0.3114155233 0.0238735508 0.4686734080 -0.8830488920 -0.6963483095 -0.6259824038 -0.3510627747
-98.5 -486.6 2849.9 0.9816634059 0.1418238729 -0.1273693442 -0.1214978099 -0.0493529923 -0.9913640022 -0.1468851417 0.9886608720 -0.0312167369
-163.0 -464.2 2400.5 0.9816634059 0.1254944056 0.1434855908 -0.1214978099 0.9919269681 -0.0363196433 -0.1468851417 0.0182204805 0.9889857173
83.9 -495.9 2834.3 0.9921929836 0.0050855740 0.1246080697 0.1247117147 -0.0416603051 -0.9913179874 0.0001497895 0.9991188645 -0.0419692956
81.6 -477.1 2382.7 0.9921929836 -0.1245105639 0.0070819519 0.1247117147 0.9905230403 -0.0575423129 0.0001497895 0.0579762831 0.9983179569
-152.6 -297.9 3142.4 0 0 0 0 0 0 0 0 0
64.0 -376.4 2800.8 0 0 0 0 0 0 0 0 0
-207.4 -815.0 2394.1 0 0 0 0 0 0 0 0 0
129.1 -855.5 2360.5 0 0 0 0 0 0 0 0 0
45.5 2.6 3189.7 71 0.9933648109 0.1009029895 0.0551806092 -0.0535831489 0.8306185603 -0.5542577505 -0.1017602980 0.5476233959 0.8305139542
24.4 -170.4 3075.7 0.9933648109 0.1009029895 0.0551806092 -0.0535831489 0.8306185603 -0.5542577505 -0.1017602980 0.5476233959 0.8305139542
3.8 -330.9 2960.5 0.9933220148 0.1034268588 0.0511295721 -0.0539264008 0.8079745770 -0.5867444277 -0.1019965261 0.5800689459 0.8081563711
-120.6 -162.5 3090.6 -0.0402791947 -0.9655702114 0.2570053339 0.5847025514 0.1857988089 0.7896845937 -0.8102471828 0.1820795387 0.5570875406
-105.6 -379.3 3391.0 0.1908565909 -0.9540120959 -0.2311593145 -0.3185831904 0.1625404954 -0.9338551164 0.9284818172 0.2518758774 -0.2729102969
169.5 -178.2 3060.8 0.3863316178 0.6546698213 0.6497347951 -0.8871437311 0.4565306306 0.0674965084 -0.2524359226 -0.6024841666 0.7571584582
259.5 -384.9 3002.0 -0.6874461770 0.6546698213 0.3143647611 0.0281094387 0.4565306306 -0.8892635107 -0.7256911397 -0.6024841666 -0.3322426379
-102.0 -485.6 2849.2 0.9830472469 0.1326712370 -0.1265559196 -0.1207382455 -0.0510470085 -0.9913710356 -0.1379867196 0.9898446798 -0.0341631323
-161.5 -462.7 2405.4 0.9830472469 0.1265259236 0.1326998472 -0.1207382455 0.9913825393 -0.0508228503 -0.1379867196 0.0339393169 0.9898524284
80.2 -492.3 2830.0 0.9913423657 0.0007468694 0.1313002110 0.1312357038 -0.0374906547 -0.9906420112 0.0041826512 0.9992967248 -0.0372640938
79.8 -475.6 2383.0 0.9913423657 -0.1312524080 0.0036208101 0.1312357038 0.9895840287 -0.0591665097 0.0041826512 0.0591294467 0.9982415438
-156.0 -295.1 3145.7 0 0 0 0 0 0 0 0 0
63.2 -376.9 2794.8 0 0 0 0 0 0 0 0 0
-206.2 -813.2 2393.4 0 0 0 0 0 0 0 0 0
130.0 -853.7 2360.5 0 0 0 0 0 0 0 0 0
47.5 6.3 3189.8 72 0.9962779880 0.0852682814 0.0126269916 -0.0647664368 0.8371602297 -0.5431095958 -0.0568808392 0.5402703285 0.8395668864
29.5 -170.2 3075.9 0.9962779880 0.0852682814 0.0126269916 -0.0647664368 0.8371602297 -0.5431095958 -0.0568808392 0.5402703285 0.8395668864
11.4 -331.9 2961.9 0.9958179593 0.0909124985 0.0090311412 -0.0690781623 0.8139531612 -0.5768088102 -0.0597900562 0.5737727284 0.8168292642
-115.9 -160.1 3084.6 0.0018660673 -0.9695130587 0.2450325489 0.5745889544 0.2015846670 0.7932282686 -0.8184400201 0.1393127888 0.5574476719
-116.5 -373.2 3388.1 0.1475014538 -0.9612014294 -0.2330990881 -0.3090725839 0.1790799946 -0.9340259433 0.9395304322 0.2098147273 -0.2706664503
174.8 -180.2 3067.1 0.3485433757 0.6664081812 0.6591036916 -0.8954921365 0.4444186985 0.0242049638 -0.2767876089 -0.5986586213 0.7516624928
254.8 -385.7 3003.6 -0.6805402637 0.6664081812 0.3045736551 0.0345674492 0.4444186985 -0.8951519728 -0.7318948507 -0.5986586213 -0.3254808486
-107.8 -486.5 2854.6 0.9850808978 0.1143133491 -0.1286391318 -0.1243342683 -0.0440523215 -0.9912620187 -0.1189813390 0.9924675822 -0.0291820336
-159.1 -466.7 2409.0 0.9850808978 0.1302512139 0.1124730706 -0.1243342683 0.9905356169 -0.0581396371 -0.1189813390 0.0432879925 0.9919524193
74.3 -496.4 2835.9 0.9915242195 -0.0108402716 0.1294690669 0.1288186610 -0.0475729220 -0.9905264378 0.0168967973 0.9988089204 -0.0457732752
79.3 -474.7 2380.4 0.9915242195 -0.1295462698 -0.0098750275 0.1288186610 0.9901443124 -0.0549540706 0.0168967973 0.0532162040 0.9984400272
-155.5 -291.5 3139.9 0 0 0 0 0 0 0 0 0
60.4 -375.8 2794.6 0 0 0 0 0 0 0 0 0
-205.0 -815.5 2393.8 0 0 0 0 0 0 0 0 0
128.8 -853.0 2360.1 0 0 0 0 0 0 0 0 0
47.4 2.7 3188.8 73 0.9936807156 0.0948789790 0.0599719472 -0.0461143255 0.8322129846 -0.5525350571 -0.1023333967 0.5462778807 0.8313292861
27.5 -172.2 3073.9 0.9936807156 0.0948789790 0.0599719472 -0.0461143255 0.8322129846 -0.5525350571 -0.1023333967 0.5462778807 0.8313292861
8.2 -333.0 2958.9 0.9936840534 0.0971843079 0.0561000966 -0.0460857525 0.8092701435 -0.5856261253 -0.1023138016 0.5793418884 0.8086376190
-117.5 -165.5 3088.9 -0.0452345200 -0.9669566751 0.2508955896 0.5836691260 0.1782438904 0.7921865582 -0.8107306957 0.1822741777 0.5563199520
-100.8 -381.9 3389.5 0.1937259883 -0.9551883340 -0.2237979472 -0.3162555993 0.1551382542 -0.9359030724 0.9286832809 0.2520861030 -0.2720293403
172.4 -178.9 3059.0 0.4135278761 0.6481432319 0.6394568682 -0.8854814172 0.4497690201 0.1167498827 -0.2119372338 -0.6145064831 0.7599107623
267.4 -382.2 3010.4 -0.6954036355 0.6481432319 0.3103613555 0.0206951723 0.4497690201 -0.8929051161 -0.7183213234 -0.6145064831 -0.3261844218
-97.9 -487.4 2853.4 0.9822533727 0.1384404153 -0.1265406907 -0.1211035624 -0.0470509939 -0.9915241599 -0.1432208866 0.9892524481 -0.0294503681
-160.3 -466.2 2407.8 0.9822533727 0.1278252155 0.1372552663 -0.1211035624 0.9910426736 -0.0562882051 -0.1432208866 0.0386671796 0.9889351130
84.5 -500.0 2842.5 0.9918485284 0.0082670627 0.1271542162 0.1274044067 -0.0474411659 -0.9907156229 -0.0021579640 0.9988397956 -0.0481077097
80.7 -478.1 2382.9 0.9918485284 -0.1267687529 0.0128927762 0.1274044067 0.9883303642 -0.0834934339 -0.0021579640 0.0844554305 0.9964249134
-151.9 -298.4 3144.2 0 0 0 0 0 0 0 0 0
68.8 -376.3 2805.1 0 0 0 0 0 0 0 0 0
-205.7 -818.2 2394.1 0 0 0 0 0 0 0 0 0
129.1 -855.6 2350.6 0 0 0 0 0 0 0 0 0
46.7 3.4 3189.3 74 0.9950812459 0.0908886716 0.0394027457 -0.0532811433 0.8263741732 -0.5605950952 -0.0835131556 0.5557382107 0.8271520734
27.5 -171.2 3071.9 0.9950812459 0.0908886716 0.0394027457 -0.0532811433 0.8263741732 -0.5605950952 -0.0835131556 0.5557382107 0.8271520734
9.1 -330.6 2954.7 0.9950987101 0.0922677740 0.0355701782 -0.0531258993 0.8022102118 -0.5946733952 -0.0834039450 0.5898690224 0.8031801581
-117.7 -163.4 3084.0 -0.0246816371 -0.9688896537 0.2462594360 0.5926499367 0.1841987371 0.7841153741 -0.8050819039 0.1652988940 0.5696660280
-108.6 -383.2 3382.5 0.1729623079 -0.9586761594 -0.2258850485 -0.3277371228 0.1602528393 -0.9310786128 0.9288015962 0.2350724190 -0.2864760756
172.7 -178.9 3059.7 0.4435466826 0.6324272752 0.6350607276 -0.8711622953 0.4707027078 0.1396967620 -0.2105767429 -0.6152029634 0.7597254515
275.2 -380.3 3011.0 -0.7027269602 0.6324272752 0.3258996904 0.0144940689 0.4707027078 -0.8821728230 -0.7113119960 -0.6152029634 -0.3399419188
-102.2 -489.6 2853.2 0.9828521013 0.1281588227 -0.1325786859 -0.1265758127 -0.0539368577 -0.9904894829 -0.1340908408 0.9902858734 -0.0367901474
-160.1 -465.2 2405.3 0.9828521013 0.1318568885 0.1289013177 -0.1265758127 0.9907767177 -0.0483737178 -0.1340908408 0.0312284194 0.9904768467
79.8 -498.0 2834.5 0.9914120436 -0.0026016920 0.1307492107 0.1304794699 -0.0475085862 -0.9903120995 0.0087881973 0.9988674521 -0.0467611179
80.9 -476.5 2382.6 0.9914120436 -0.1307707876 0.0010604368 0.1304794699 0.9885935187 -0.0752196833 0.0087881973 0.0747120678 0.9971663952
-154.3 -296.6 3137.2 0 0 0 0 0 0 0 0 0
74.4 -376.2 2807.8 0 0 0 0 0 0 0 0 0
-206.6 -814.6 2394.3 0 0 0 0 0 0 0 0 0
130.9 -854.2 2354.1 0 0 0 0 0 0 0 0 0
46.4 2.6 3188.5 75 0.9953598976 0.0876256526 0.0397548638 -0.0496008024 0.8212850690 -0.5683578253 -0.0824528039 0.5637487173 0.8218204975
27.9 -171.3 3069.1 0.9953598976 0.0876256526 0.0397548638 -0.0496008024 0.8212850690 -0.5683578253 -0.0824528039 0.5637487173 0.8218204975
9.8 -329.5 2950.3 0.9952434301 0.0905579254 0.0359134227 -0.0506577455 0.7959614992 -0.6032239199 -0.0832124054 0.5985353589 0.7967629433
-117.4 -163.9 3081.3 -0.0250202771 -0.9693029523 0.2445930690 0.6012381911 0.1808829755 0.7783277035 -0.7986780405 0.1665326655 0.5782561898
-108.1 -386.8 3377.4 0.1727890819 -0.9591035843 -0.2241969556 -0.3374386132 0.1562038660 -0.9282971025 0.9253535271 0.2360523194 -0.2966482639
173.1 -178.7 3057.0 0.4309362769 0.6680448055 0.6066383123 -0.8846835494 0.4452627003 0.1381165534 -0.1778453737 -0.5962023735 0.7828881145
278.6 -395.2 3013.5 -0.6944191456 0.6680448055 0.2673914731 0.0851326585 0.4452627003 -0.8913436532 -0.7145169973 -0.5962023735 -0.3660713732
-100.4 -485.1 2845.2 0.9824019670 0.1341557205 -0.1299560070 -0.1251014471 -0.0440390147 -0.9911660552 -0.1386937201 0.9899812341 -0.0264809430
-159.7 -465.7 2407.2 0.9824019670 0.1316090524 0.1325344443 -0.1251014471 0.9905440211 -0.0563223176 -0.1386937201 0.0387509093 0.9895768762
82.0 -494.9 2829.9 0.9904144406 0.0051095933 0.1380331963 0.1381256729 -0.0420902260 -0.9895199537 0.0007538035 0.9991007447 -0.0423925333
79.7 -476.0 2382.8 0.9904144406 -0.1377316862 0.0104523553 0.1381256729 0.9871470332 -0.0803868398 0.0007538035 0.0810600221 0.9967089295
-153.8 -297.7 3133.0 0 0 0 0 0 0 0 0 0
80.7 -371.0 2809.8 0 0 0 0 0 0 0 0 0
-206.2 -815.4 2393.5 0 0 0 0 0 0 0 0 0
132.3 -853.2 2351.8 0 0 0 0 0 0 0 0 0
46.7 2.2 3188.1 76 0.9963797927 0.0832484812 0.0172349829 -0.0589243546 0.8223990798 -0.5658513308 -0.0612802990 0.5627872348 0.8243271112
29.2 -170.6 3069.9 0.9963797927 0.0832484812 0.0172349829 -0.0589243546 0.8223990798 -0.5658513308 -0.0612802990 0.5627872348 0.8243271112
11.6 -329.2 2951.6 0.9960141778 0.0881283730 0.0137551678 -0.0623824149 0.7984926701 -0.5987635851 -0.0637514666 0.5955189466 0.8008076549
-116.2 -161.5 3079.2 -0.0028506375 -0.9701939225 0.2423131019 0.5966436267 0.1928080171 0.7790002823 -0.8025012612 0.1467952132 0.5783103704
-115.2 -382.7 3376.8 0.1511595100 -0.9616111517 -0.2290300727 -0.3337666988 0.1684360802 -0.9274853468 0.9304571748 0.2166408449 -0.2954930663
174.6 -179.7 3060.6 0.4333830178 0.6639837623 0.6093477607 -0.8803731203 0.4564750493 0.1287388802 -0.1926715374 -0.5922466516 0.7823820114
276.7 -387.0 3015.3 -0.6736744642 0.6639837623 0.3244815767 0.0214839261 0.4564750493 -0.8894767761 -0.7387158871 -0.5922466516 -0.3217805624
-99.4 -483.0 2839.0 0.9823234677 0.1408536881 -0.1232914701 -0.1189683080 -0.0387441777 -0.9921418428 -0.1445236653 0.9892719984 -0.0213021915
-161.1 -466.0 2405.9 0.9823234677 0.1251719296 0.1391852498 -0.1189683080 0.9915320277 -0.0520645902 -0.1445236653 0.0345856361 0.9888967276
83.1 -492.3 2823.7 0.9906402230 0.0073095700 0.1363029927 0.1364834309 -0.0380346738 -0.9899119139 -0.0020515905 0.9992496967 -0.0386763141
79.8 -475.5 2382.5 0.9906402230 -0.1359149516 0.0126118744 0.1364834309 0.9876799583 -0.0765545294 -0.0020515905 0.0775593072 0.9969856143
-155.1 -294.5 3131.0 0 0 0 0 0 0 0 0 0
84.8 -380.9 2804.9 0 0 0 0 0 0 0 0 0
-205.3 -816.6 2393.6 0 0 0 0 0 0 0 0 0
131.8 -852.9 2352.8 0 0 0 0 0 0 0 0 0
46.3 4.6 3188.5 77 0.9963665605 0.0814223886 0.0249817595 -0.0532264970 0.8242786527 -0.5636768341 -0.0664878488 0.5602990985 0.8256175518
29.3 -167.9 3071.2 0.9963665605 0.0814223886 0.0249817595 -0.0532264970 0.8242786527 -0.5636768341 -0.0664878488 0.5602990985 0.8256175518
12.4 -327.0 2953.3 0.9961656928 0.0847823620 0.0215840526 -0.0551899932 0.8004222512 -0.5968904495 -0.0678821430 0.5934106112 0.8020323515
-116.2 -159.9 3081.0 -0.0106715215 -0.9709531069 0.2390317023 0.5948470831 0.1859836876 0.7820274830 -0.8037680387 0.1505327374 0.5755838752
-112.2 -380.4 3379.1 0.1575839221 -0.9618930221 -0.2234481573 -0.3306061327 0.1618286520 -0.9297908545 0.9305197001 0.2203934342 -0.2925061584
174.7 -176.0 3061.3 0.4366075397 0.6635114551 0.6075577140 -0.8790620565 0.4582919180 0.1312190890 -0.1913734227 -0.5913721919 0.7833614349
277.5 -382.8 3016.2 -0.6722310185 0.6635114551 0.3284174204 0.0182158630 0.4582919180 -0.8886150718 -0.7401173115 -0.5913721919 -0.3201644719
-97.2 -482.2 2839.1 0.9820883274 0.1453039348 -0.1199552491 -0.1169398278 -0.0291503817 -0.9927111268 -0.1477415711 0.9889575243 -0.0116364323
-160.3 -469.5 2409.4 0.9820883274 0.1256460249 0.1404121518 -0.1169398278 0.9907630086 -0.0686564222 -0.1477415711 0.0510069020 0.9877098203
85.4 -493.6 2827.5 0.9917281866 0.0094686272 0.1280059516 0.1282799095 -0.0388529524 -0.9909766316 -0.0044097784 0.9992001057 -0.0397462025
81.2 -476.3 2381.5 0.9917281866 -0.1275770962 0.0141160404 0.1282799095 0.9889090657 -0.0748543516 -0.0044097784 0.0760459751 0.9970945716
-153.8 -293.1 3133.3 0 0 0 0 0 0 0 0 0
85.7 -377.7 2805.1 0 0 0 0 0 0 0 0 0
-204.3 -816.0 2391.6 0 0 0 0 0 0 0 0 0
129.9 -854.1 2352.4 0 0 0 0 0 0 0 0 0
46.5 4.3 3188.1 78 0.9963410497 0.0835912749 0.0178062171 -0.0585138425 0.8190212250 -0.5707717538 -0.0622952096 0.5676413774 0.8209156990
28.9 -168.2 3068.6 0.9963410497 0.0835912749 0.0178062171 -0.0585138425 0.8190212250 -0.5707717538 -0.0622952096 0.5676413774 0.8209156990
12.2 -326.1 2949.2 0.9963969588 0.0835860968 0.0143695278 -0.0579739399 0.7949112654 -0.6039496064 -0.0619042851 0.6009404659 0.7968930006
-116.6 -159.7 3077.6 -0.0034528044 -0.9712869525 0.2378860265 0.6018844247 0.1879537255 0.7761498094 -0.7985757589 0.1458597928 0.5839534998
-115.3 -382.9 3373.7 0.1504173875 -0.9627625942 -0.2246391922 -0.3392617404 0.1631582230 -0.9264345169 0.9285882115 0.2155633420 -0.3020866811
174.3 -176.6 3059.6 0.4611110389 0.6751073599 0.5758529902 -0.8770223856 0.4454301596 0.1800659597 -0.1349384487 -0.5880663991 0.7974770069
281.9 -381.3 3028.1 -0.6625174284 0.6751073599 0.3245007396 0.0154341673 0.4454301596 -0.8951836228 -0.7488874793 -0.5880663991 -0.3055249453
-95.8 -481.0 2841.6 0.9815292954 0.1527229249 -0.1152214333 -0.1104670763 -0.0392873809 -0.9931029677 -0.1561963409 0.9874878526 -0.0216908604
-162.8 -463.7 2408.6 0.9815292954 0.1189164817 0.1498637348 -0.1104670763 0.9918474555 -0.0635266900 -0.1561963409 0.0457982980 0.9866636992
86.8 -491.1 2829.1 0.9908528328 0.0161301699 0.1339792460 0.1344429404 -0.0322848223 -0.9903952479 -0.0116497464 0.9993485212 -0.0341580957
79.6 -476.5 2378.8 0.9908528328 -0.1335819066 0.0191440489 0.1344429404 0.9894167185 -0.0545859486 -0.0116497464 0.0566604249 0.9983255267
-155.0 -293.2 3128.4 0 0 0 0 0 0 0 0 0
92.8 -376.9 2814.2 0 0 0 0 0 0 0 0 0
-205.1 -817.0 2392.3 0 0 0 0 0 0 0 0 0
130.6 -854.5 2357.2 0 0 0 0 0 0 0 0 0
47.2 5.1 3186.9 79 0.9961253405 0.0832301974 -0.0284092929 -0.0848423913 0.8244114518 -0.5595958233 -0.0231543258 0.5598378778 0.8282786012
29.8 -167.7 3069.6 0.9961253405 0.0832301974 -0.0284092929 -0.0848423913 0.8244114518 -0.5595958233 -0.0231543258 0.5598378778 0.8282786012
13.1 -326.7 2951.7 0.9959666133 0.0838697702 -0.0318797007 -0.0863852128 0.8003042340 -0.5933386683 -0.0242497213 0.5936994553 0.8043214083
-115.6 -155.1 3073.1 0.0427882336 -0.9702979922 0.2380986363 0.5909494162 0.2167373002 0.7770481110 -0.8055731058 0.1074557230 0.5826708078
-131.5 -374.2 3371.8 0.1066544876 -0.9650368094 -0.2394342273 -0.3307736814 0.1926552653 -0.9238358736 0.9376639128 0.1777297854 -0.2986612320
175.1 -180.3 3066.1 0.4564475417 0.6610733271 0.5955146551 -0.8695309162 0.4733037651 0.1410657614 -0.1886045039 -0.5822075009 0.7908620238
278.6 -377.4 3023.4 -0.6557720900 0.6610733271 0.3646162748 -0.0126092397 0.4733037651 -0.8808090091 -0.7548536062 -0.5822075009 -0.3020437658
-95.8 -478.7 2835.5 0.9809043407 0.1486249715 -0.1254484355 -0.1217843592 -0.0335391313 -0.9919897914 -0.1516418755 0.9883247018 -0.0147984819
-160.0 -464.3 2408.5 0.9809043407 0.1295762211 0.1450403184 -0.1217843592 0.9906551838 -0.0614073686 -0.1516418755 0.0425711125 0.9875183105
87.0 -489.4 2824.1 0.9899981022 0.0185701400 0.1398530900 0.1403245032 -0.0271198452 -0.9897340536 -0.0145867057 0.9994596839 -0.0294544399
78.7 -477.3 2380.2 0.9899981022 -0.1391346157 0.0233515799 0.1403245032 0.9882234931 -0.0610191338 -0.0145867057 0.0636856258 0.9978634119
-159.6 -286.8 3124.2 0 0 0 0 0 0 0 0 0
91.3 -381.0 2807.8 0 0 0 0 0 0 0 0 0
-206.0 -816.4 2393.3 0 0 0 0 0 0 0 0 0
131.9 -854.9 2355.9 0 0 0 0 0 0 0 0 0
47.1 4.6 3186.9 80 0.9950637221 0.0901335031 0.0415226556 -0.0513160527 0.8254731894 -0.5621038079 -0.0849402249 0.5571983457 0.8260236979
28.2 -167.8 3070.5 0.9950637221 0.0901335031 0.0415226556 -0.0513160527 0.8254731894 -0.5621038079 -0.0849402249 0.5571983457 0.8260236979
10.0 -326.7 2952.6 0.9950117469 0.0924541280 0.0374678336 -0.0517786257 0.7996764779 -0.5981944203 -0.0852676854 0.5932704210 0.8004746437
-116.8 -160.3 3082.9 -0.0265804641 -0.9687960148 0.2464299947 0.5961900949 0.1825126410 0.7818225622 -0.8024031520 0.1677003205 0.5727353096
-107.0 -381.4 3380.4 0.1748058051 -0.9584447145 -0.2254476249 -0.3316831589 0.1582675576 -0.9300202727 0.9270540476 0.2373501211 -0.2902339101
173.3 -175.3 3058.1 0.4537089467 0.6657073498 0.5924372673 -0.8774820566 0.4497188032 0.1666680425 -0.1554780304 -0.5954718590 0.7881876826
276.7 -375.4 3022.6 -0.6545152068 0.6657073498 0.3583902121 -0.0313590989 0.4497188032 -0.8926195502 -0.7553982139 -0.5954718590 -0.2734718025
-94.9 -477.8 2835.9 0.9800528884 0.1435066015 -0.1374851614 -0.1347868145 -0.0284053534 -0.9904673696 -0.1460439265 0.9892416000 -0.0084959511
-157.2 -465.5 2406.5 0.9800528884 0.1412078440 0.1398451328 -0.1347868145 0.9893792868 -0.0544165969 -0.1460439265 0.0344818607 0.9886769652
87.6 -493.6 2831.5 0.9903649092 0.0189932454 0.1371736079 0.1377769262 -0.0352911428 -0.9898343682 -0.0139591536 0.9991965890 -0.0375679396
79.0 -477.7 2380.1 0.9903649092 -0.1367940605 0.0215574745 0.1377769262 0.9890003800 -0.0538122579 -0.0139591536 0.0562638938 0.9983183146
-153.1 -293.7 3135.6 0 0 0 0 0 0 0 0 0
89.8 -384.3 2806.8 0 0 0 0 0 0 0 0 0
-207.2 -815.9 2394.3 0 0 0 0 0 0 0 0 0
131.3 -855.6 2358.6 0 0 0 0 0 0 0 0 0
47.9 3.4 3186.8 81 0.9939128757 0.1018260568 0.0420559272 -0.0613440648 0.8286027312 -0.5564659834 -0.0915103927 0.5504987836 0.8298053741
26.8 -168.8 3072.4 0.9939128757 0.1018260568 0.0420559272 -0.0613440648 0.8286027312 -0.5564659834 -0.0915103927 0.5504987836 0.8298053741
5.6 -328.0 2955.4 0.9935787320 0.1068977267 0.0370700061 -0.0639525279 0.8008870482 -0.5953906775 -0.0933347940 0.5891967416 0.8025807142
-118.2 -159.5 3086.0 -0.0262237061 -0.9651247859 0.2604736388 0.5932492614 0.1946941465 0.7811206579 -0.8045915961 0.1750096679 0.5674539804
-108.5 -379.5 3384.3 0.1786147803 -0.9544789791 -0.2388861626 -0.3300278187 0.1706064790 -0.9284261465 0.9269187450 0.2446697056 -0.2845317721
171.7 -178.2 3058.8 0.4561187625 0.6672151685 0.5888799429 -0.8732794523 0.4629440010 0.1518745124 -0.1712854505 -0.5835295320 0.7938227654
274.9 -375.6 3020.1 -0.6470463276 0.6672151685 0.3689917922 -0.0278571695 0.4629440010 -0.8859496713 -0.7619416118 -0.5835295320 -0.2809594870
-99.4 -481.0 2842.6 0.9818379283 0.1352162212 -0.1330821216 -0.1291883141 -0.0372141823 -0.9909215569 -0.1389412135 0.9901170135 -0.0190699399
-159.6 -464.4 2401.6 0.9818379283 0.1332970411 0.1350043565 -0.1291883141 0.9908610582 -0.0387903601 -0.1389412135 0.0206448603 0.9900854230
82.6 -490.4 2827.0 0.9903986454 0.0092667956 0.1379297823 0.1381424516 -0.0287280623 -0.9899956584 -0.0052116313 0.9995443225 -0.0297323726
78.5 -477.6 2381.3 0.9903986454 -0.1373790652 0.0154107986 0.1381424516 0.9877284169 -0.0728644729 -0.0052116313 0.0742937550 0.9972227812
-155.6 -292.3 3139.5 0 0 0 0 0 0 0 0 0
90.0 -383.6 2802.3 0 0 0 0 0 0 0 0 0
-206.8 -815.1 2394.3 0 0 0 0 0 0 0 0 0
131.0 -855.0 2352.9 0 0 0 0 0 0 0 0 0
48.6 1.0 3186.8 82 0.9944236875 0.1054294556 0.0024774622 -0.0866011679 0.8297882676 -0.5513181090 -0.0601809397 0.5480292439 0.8342913985
26.6 -171.7 3072.7 0.9944236875 0.1054294556 0.0024774622 -0.0866011679 0.8297882676 -0.5513181090 -0.0601809397 0.5480292439 0.8342913985
4.8 -330.8 2955.7 0.9939050674 0.1101997793 -0.0029511843 -0.0905224383 0.8005691171 -0.5923637152 -0.0629157275 0.5890204906 0.8056652546
-118.4 -158.5 3081.9 0.0137928342 -0.9644826651 0.2637857199 0.5899281502 0.2208540291 0.7766648531 -0.8073379397 0.1449022144 0.5720216632
-123.5 -377.2 3381.2 0.1417431682 -0.9565867782 -0.2546578944 -0.3302342892 0.1968237013 -0.9231498837 0.9331957102 0.2149469554 -0.2879993618
171.6 -184.9 3063.6 0.4693847895 0.6446794271 0.6033790708 -0.8598957062 0.4890097976 0.1464541852 -0.2006422877 -0.5875864625 0.7838908434
276.5 -377.1 3018.7 -0.6695737243 0.6446794271 0.3688623607 -0.0096722590 0.4890097976 -0.8722246885 -0.7426826358 -0.5875864625 -0.3211925924
-106.7 -481.3 2846.9 0.9842028618 0.1249554306 -0.1254226863 -0.1215261370 -0.0383631662 -0.9918466210 -0.1287482232 0.9914203882 -0.0225717854
-162.6 -464.1 2402.8 0.9842028618 0.1256575733 0.1247192174 -0.1215261370 0.9917726517 -0.0402293392 -0.1287482232 0.0244371854 0.9913761616
75.3 -493.0 2829.8 0.9906730652 -0.0076935426 0.1360428035 0.1357021481 -0.0345580019 -0.9901468158 0.0123191038 0.9993730783 -0.0331916511
78.7 -477.5 2382.9 0.9906730652 -0.1362411827 -0.0022741705 0.1357021481 0.9879875183 -0.0739295632 0.0123191038 0.0729314163 0.9972608685
-160.9 -290.0 3134.7 0 0 0 0 0 0 0 0 0
85.3 -379.9 2806.6 0 0 0 0 0 0 0 0 0
-207.1 -815.2 2394.1 0 0 0 0 0 0 0 0 0
130.8 -855.0 2355.0 0 0 0 0 0 0 0 0 0
46.6 1.8 3189.3 83 0.9955990911 0.0922178775 0.0166810416 -0.0674697608 0.8288713098 -0.5553559065 -0.0650401786 0.5517864227 0.8314454556
27.4 -170.6 3074.5 0.9955990911 0.0922178775 0.0166810416 -0.0674697608 0.8288713098 -0.5553559065 -0.0650401786 0.5517864227 0.8314454556
7.8 -330.3 2958.0 0.9950444698 0.0986335278 0.0125667192 -0.0722144619 0.8037621975 -0.5905517936 -0.0683488622 0.5867177844 0.8069018722
-117.8 -160.0 3084.4 -0.0016913119 -0.9675853252 0.2525386512 0.5883139968 0.2032483518 0.7826728225 -0.8086308241 0.1498957723 0.5689002275
-117.2 -378.2 3384.3 0.1530865133 -0.9588515162 -0.2390989214 -0.3255058527 0.1795219332 -0.9283414483 0.9330651164 0.2199446559 -0.2846294045
172.6 -181.1 3064.6 0.4683882296 0.6262801886 0.6232059002 -0.8571793437 0.4930748940 0.1487303972 -0.2141402811 -0.6038627625 0.7677849531
278.9 -375.7 3015.9 -0.6912592053 0.6262801886 0.3604632914 -0.0069226548 0.4930748940 -0.8699592948 -0.7225736976 -0.6038627625 -0.3365070522
-108.1 -481.6 2844.4 0.9843676090 0.1229271665 -0.1261319518 -0.1222824827 -0.0384024531 -0.9917520881 -0.1267570555 0.9916723967 -0.0227702949
-163.0 -464.4 2402.1 0.9843676090 0.1265566200 0.1224899143 -0.1222824827 0.9916132689 -0.0418344773 -0.1267570555 0.0262021348 0.9915876389
73.9 -498.1 2832.9 0.9900672436 -0.0083922995 0.1403438300 0.1397824585 -0.0483759455 -0.9889997840 0.0150892483 0.9987939596 -0.0467223413
77.7 -476.3 2382.3 0.9900672436 -0.1405033767 -0.0050620339 0.1397824585 0.9875746369 -0.0718140230 0.0150892483 0.0703931302 0.9974051714
-157.6 -292.2 3137.8 0 0 0 0 0 0 0 0 0
81.5 -377.7 2809.6 0 0 0 0 0 0 0 0 0
-207.7 -815.2 2392.8 0 0 0 0 0 0 0 0 0
131.3 -853.7 2355.4 0 0 0 0 0 0 0 0 0
47.5 2.5 3189.0 84 0.9938519597 0.0927582234 0.0604497008 -0.0431548618 0.8273470402 -0.5600308180 -0.1019603461 0.5539790392 0.8262634277
28.3 -169.1 3074.1 0.9938519597 0.0927582234 0.0604497008 -0.0431548618 0.8273470402 -0.5600308180 -0.1019603461 0.5539790392 0.8262634277
8.9 -328.3 2956.8 0.9936179519 0.0978315622 0.0561459847 -0.0451545082 0.8011160493 -0.5968032479 -0.1033656448 0.5904591680 0.8004208207
-116.7 -162.6 3089.1 -0.0452822670 -0.9667910337 0.2515246272 0.5948700309 0.1761786789 0.7842772007 -0.8025454283 0.1851383150 0.5671372414
-99.9 -383.1 3386.7 0.1939568073 -0.9550049901 -0.2243797630 -0.3291901648 0.1521020383 -0.9319328070 0.9241290689 0.2546183169 -0.2848770320
173.3 -175.7 3059.0 0.4588377476 0.6396670341 0.6166797876 -0.8694511056 0.4662583768 0.1632725149 -0.1830920726 -0.6110885143 0.7700961828
282.9 -383.5 3015.3 -0.7018994093 0.6396670341 0.3133102357 0.0302649084 0.4662583768 -0.8841307163 -0.7116328478 -0.6110885143 -0.3466259241
-103.0 -483.4 2847.6 0.9830148220 0.1385123432 -0.1203999817 -0.1160461605 -0.0391203165 -0.9924731255 -0.1421798617 0.9895877838 -0.0223820265
-165.9 -465.6 2398.1 0.9830148220 0.1178073511 0.1407240182 -0.1160461605 0.9930284023 -0.0206855368 -0.1421798617 0.0040037073 0.9898327589
79.4 -496.6 2835.1 0.9906142950 0.0018603107 0.1366742402 0.1366164982 -0.0455632769 -0.9895756245 0.0043864078 0.9989597201 -0.0453897826
78.5 -476.0 2382.9 0.9906142950 -0.1365874857 0.0052119321 0.1366164982 0.9881604314 -0.0698206872 0.0043864078 0.0698774084 0.9975459576
-151.1 -296.2 3142.6 0 0 0 0 0 0 0 0 0
82.5 -374.9 2812.1 0 0 0 0 0 0 0 0 0
-207.4 -815.0 2396.7 0 0 0 0 0 0 0 0 0
130.7 -853.6 2356.2 0 0 0 0 0 0 0 0 0
47.4 3.2 3187.9 85 0.9953122139 0.0804453120 0.0536860451 -0.0375040844 0.8327028751 -0.5524485111 -0.0891464129 0.5478452444 0.8318163753
30.5 -171.3 3073.1 0.9953122139 0.0804453120 0.0536860451 -0.0375040844 0.8327028751 -0.5524485111 -0.0891464129 0.5478452444 0.8318163753
12.4 -330.9 2956.1 0.9946012497 0.0913193673 0.0492859930 -0.0442741998 0.8029871583 -0.5943495631 -0.0938516483 0.5889587402 0.8026951551
-114.6 -164.8 3086.8 -0.0384004563 -0.9687002301 0.2452452481 0.5924230218 0.1755732596 0.7862626910 -0.8047113419 0.1754817814 0.5671382546
-100.4 -384.5 3385.2 0.1856106520 -0.9575423598 -0.2205931395 -0.3262047172 0.1517177373 -0.9330446124 0.9268975854 0.2451415360 -0.2841944098
175.7 -177.7 3059.4 0.4459041655 0.6424058676 0.6232849956 -0.8731332421 0.4654391110 0.1449303627 -0.1969971210 -0.6088358760 0.7684471011
282.3 -386.4 3012.4 -0.7011191249 0.6424058676 0.3094296157 0.0361702591 0.4654391110 -0.8843405247 -0.7121261954 -0.6088358760 -0.3495642543
-101.6 -483.4 2848.9 0.9829910398 0.1356164366 -0.1238419861 -0.1194402277 -0.0401585400 -0.9920288920 -0.1395087391 0.9899471998 -0.0232774280
-163.1 -465.2 2400.2 0.9829910398 0.1222523227 0.1370511800 -0.1194402277 0.9924296737 -0.0285890456 -0.1395087391 0.0117333513 0.9901513457
80.4 -491.6 2830.0 0.9912600517 0.0026867706 0.1318950355 0.1318885982 -0.0428151786 -0.9903394580 0.0029862949 0.9990794063 -0.0427953303
79.2 -472.5 2383.9 0.9912600517 -0.1317365021 0.0070009590 0.1318885982 0.9884082675 -0.0751963183 0.0029862949 0.0754624531 0.9971441627
-149.4 -298.3 3140.3 0 0 0 0 0 0 0 0 0
82.0 -376.1 2808.9 0 0 0 0 0 0 0 0 0
-205.8 -812.3 2396.1 0 0 0 0 0 0 0 0 0
129.5 -850.2 2355.0 0 0 0 0 0 0 0 0 0
48.5 6.9 3188.3 86 0.9920852780 0.1003911495 0.0754216760 -0.0419688746 0.8312205672 -0.5543563366 -0.1183445156 0.5468034148 0.8288549781
27.4 -168.3 3073.1 0.9920852780 0.1003911495 0.0754216760 -0.0419688746 0.8312205672 -0.5543563366 -0.1183445156 0.5468034148 0.8288549781
5.4 -327.5 2956.3 0.9914082885 0.1105054244 0.0699870065 -0.0472093374 0.8012794256 -0.5964248180 -0.1219873205 0.5879964828 0.7996119261
-117.3 -161.4 3090.9 -0.0591689982 -0.9627885222 0.2636992633 0.5944685936 0.1782294661 0.7841181755 -0.8019389510 0.2031564116 0.5618018508
-95.4 -381.8 3388.3 0.2106310129 -0.9497469664 -0.2315496802 -0.3290129304 0.1541717499 -0.9316552877 0.9205352068 0.2724183202 -0.2800056934
172.1 -175.2 3055.3 0.4517452419 0.6400902271 0.6214585304 -0.8735058904 0.4589958489 0.1622045189 -0.1814213693 -0.6161228418 0.7664717436
281.9 -387.5 3011.2 -0.7083057761 0.6400902271 0.2976364493 0.0418759882 0.4589958489 -0.8874509931 -0.7046625614 -0.6161228418 -0.3519138098
-96.9 -486.4 2847.7 0.9812675714 0.1448325068 -0.1270335019 -0.1214120463 -0.0470495410 -0.9914864898 -0.1495763361 0.9883369207 -0.0285837781
-162.3 -465.1 2401.4 0.9812675714 0.1249211058 0.1466583908 -0.1214120463 0.9920642376 -0.0326749720 -0.1495763361 0.0142567968 0.9886474013
85.4 -494.5 2830.5 0.9906736016 0.0142631913 0.1355080307 0.1360754967 -0.0523037352 -0.9893168211 -0.0070232390 0.9985293746 -0.0537567995
79.0 -471.1 2384.3 0.9906736016 -0.1351173371 0.0175832473 0.1360754967 0.9877359271 -0.0765583888 -0.0070232390 0.0782370269 0.9969100356
-151.0 -294.9 3145.1 0 0 0 0 0 0 0 0 0
79.5 -375.6 2809.8 0 0 0 0 0 0 0 0 0
-206.5 -816.0 2396.3 0 0 0 0 0 0 0 0 0
130.6 -848.5 2354.4 0 0 0 0 0 0 0 0 0
46.7 4.9 3187.5 87 0.9904940128 0.1112168431 0.0809470639 -0.0483451262 0.8323850036 -0.5520851612 -0.1287802905 0.5429236293 0.8298491240
23.4 -169.2 3074.0 0.9904940128 0.1112168431 0.0809470639 -0.0483451262 0.8323850036 -0.5520851612 -0.1287802905 0.5429236293 0.8298491240
-1.1 -329.3 2959.0 0.9895317554 0.1229297817 0.0755986944 -0.0550777614 0.8058837056 -0.5895064473 -0.1333916485 0.5791715384 0.8042182326
-121.0 -161.1 3093.5 -0.0648227856 -0.9590615034 0.2756792903 0.5874552727 0.1866411567 0.7874397635 -0.8066562414 0.2129932940 0.5513071418
-97.0 -379.0 3392.6 0.2194739282 -0.9453496337 -0.2411331832 -0.3219571412 0.1631333977 -0.9325937629 0.9209640622 0.2823145688 -0.2685585320
167.8 -177.2 3054.6 0.4720263481 0.6303994060 0.6162691712 -0.8648729324 0.4666017890 0.1851420254 -0.1708388627 -0.6203864217 0.7654637694
280.3 -383.4 3013.8 -0.7101905346 0.6303994060 0.3134102225 0.0240026210 0.4666017890 -0.8841417432 -0.7036002278 -0.6203864217 -0.3465074003
-107.4 -482.4 2850.7 0.9845458865 0.1165903881 -0.1306753904 -0.1275107414 -0.0342335701 -0.9912462234 -0.1200432628 0.9925898910 -0.0188379940
-160.3 -466.9 2400.5 0.9845458865 0.1306764483 0.1165891886 -0.1275107414 0.9912459254 -0.0342426784 -0.1200432628 0.0188471135 0.9925897717
74.3 -491.0 2828.4 0.9888411164 -0.0056954580 0.1488650441 0.1484729797 -0.0442038961 -0.9879280329 0.0122071179 0.9990062714 -0.0428650081
76.8 -471.4 2384.4 0.9888411164 -0.1489619911 0.0018881313 0.1484729797 0.9843981266 -0.0944253653 0.0122071179 0.0936520174 0.9955301285
-155.0 -293.9 3149.3 0 0 0 0 0 0 0 0 0
77.4 -376.5 2812.8 0 0 0 0 0 0 0 0 0
-206.2 -815.0 2393.9 0 0 0 0 0 0 0 0 0
133.7 -847.5 2348.6 0 0 0 0 0 0 0 0 0
48.1 5.7 3187.2 88 0.9915843606 0.1115078479 0.0657756701 -0.0571413487 0.8328660131 -0.5505170822 -0.1161692962 0.5421256423 0.8322286010
24.7 -168.5 3073.7 0.9915843606 0.1115078479 0.0657756701 -0.0571413487 0.8328660131 -0.5505170822 -0.1161692962 0.5421256423 0.8322286010
0.4 -328.9 2959.0 0.9906664491 0.1220870912 0.0606191456 -0.0635862201 0.8072874546 -0.5867229104 -0.1205683649 0.5773921609 0.8075156808
-119.9 -159.2 3091.3 -0.0498301238 -0.9601452947 0.2750236094 0.5845749974 0.1952326000 0.7875000238 -0.8098080158 0.2000131458 0.5515484214
-101.4 -376.0 3391.6 0.2051612139 -0.9475045800 -0.2452425659 -0.3198520243 0.1719058305 -0.9317419529 0.9249883890 0.2695986331 -0.2677928507
169.4 -177.8 3056.2 0.4505265951 0.6501755118 0.6117986441 -0.8762717247 0.4531542957 0.1637040079 -0.1708028466 -0.6098548770 0.7738885283
282.8 -398.4 3013.2 -0.7149994969 0.6501755118 0.2569970787 0.0934209377 0.4531542957 -0.8865233660 -0.6928551197 -0.6098548770 -0.3847450912
-116.2 -484.4 2856.2 0.9864513874 0.0942706689 -0.1342635751 -0.1310656369 -0.0393605381 -0.9905920029 -0.0986684561 0.9947682023 -0.0264716111
-159.1 -466.5 2403.2 0.9864513874 0.1345143169 0.0939125344 -0.1310656369 0.9904835820 -0.0420002528 -0.0986684561 0.0291225016 0.9946941137
65.2 -494.5 2831.7 0.9892026186 -0.0288257748 0.1436915696 0.1422251612 -0.0477311201 -0.9886828065 0.0353581086 0.9984441996 -0.0431159995
78.3 -472.9 2379.7 0.9892026186 -0.1443183124 -0.0255032796 0.1422251612 0.9873186350 -0.0705263689 0.0353581086 0.0661376566 0.9971838593
-155.6 -291.5 3147.3 0 0 0 0 0 0 0 0 0
79.0 -371.8 2815.6 0 0 0 0 0 0 0 0 0
-206.5 -815.5 2392.9 0 0 0 0 0 0 0 0 0
133.4 -850.0 2354.5 0 0 0 0 0 0 0 0 0
48.0 4.2 3187.5 89 0.9957475662 0.0893794671 0.0223167632 -0.0615255870 0.8255144954 -0.5610172749 -0.0685662404 0.5572585464 0.8275032043
29.2 -169.4 3070.2 0.9957475662 0.0893794671 0.0223167632 -0.0615255870 0.8255144954 -0.5610172749 -0.0685662404 0.5572585464 0.8275032043
11.2 -328.7 2952.9 0.9956617951 0.0911777467 0.0185532477 -0.0622987375 0.8013612628 -0.5949277282 -0.0691120252 0.5911909342 0.8035650849
-116.0 -160.3 3080.4 -0.0076576341 -0.9694244862 0.2452703267 0.5928038955 0.1931293905 0.7818468809 -0.8053104281 0.1513842940 0.5731996894
-113.2 -380.1 3379.0 0.1565816253 -0.9604349732 -0.2303191125 -0.3292613626 0.1690945774 -0.9289746881 0.9311654568 0.2212955505 -0.2897570133
174.5 -178.6 3060.1 0.4416738749 0.6444000006 0.6242377758 -0.8769670725 0.4569329321 0.1487988383 -0.1893488169 -0.6131564975 0.7669329047
280.4 -388.9 3014.7 -0.7083026171 0.6444000006 0.2881944776 0.0544672795 0.4569329321 -0.8878319860 -0.7038044930 -0.6131564975 -0.3587454855
-114.7 -483.5 2855.4 0.9857024550 0.1005057767 -0.1352379918 -0.1320845634 -0.0374250896 -0.9905316830 -0.1046154499 0.9942323565 -0.0236147400
-160.5 -466.4 2401.7 0.9857024550 0.1342886388 0.1017707437 -0.1320845634 0.9908393621 -0.0281259250 -0.1046154499 0.0142814489 0.9944102168
67.0 -495.2 2833.3 0.9901868105 -0.0269129165 0.1371341348 0.1359127760 -0.0429182500 -0.9897907376 0.0325237140 0.9987160563 -0.0388392769
79.1 -475.8 2382.9 0.9901868105 -0.1380552202 -0.0216986183 0.1359127760 0.9874544144 -0.0803831667 0.0325237140 0.0766452327 0.9965278506
-154.5 -293.2 3133.0 0 0 0 0 0 0 0 0 0
78.4 -373.4 2813.9 0 0 0 0 0 0 0 0 0
-207.7 -814.7 2396.7 0 0 0 0 0 0 0 0 0
131.9 -853.1 2353.6 0 0 0 0 0 0 0 0 0
46.7 2.6 3187.6 90 0.9959945083 0.0890655741 -0.0078931646 -0.0780647025 0.8231283426 -0.5624639392 -0.0435990840 0.5608271360 0.8267841339
28.1 -169.8 3070.1 0.9959945083 0.0890655741 -0.0078931646 -0.0780647025 0.8231283426 -0.5624639392 -0.0435990840 0.5608271360 0.8267841339
9.6 -328.4 2952.0 0.9955759048 0.0932286382 -0.0117044393 -0.0817881599 0.7985332608 -0.5963684320 -0.0462522358 0.5946873426 0.8026254773
-117.2 -157.8 3076.9 0.0225936212 -0.9686800241 0.2472824156 0.5940331221 0.2119547278 0.7760153413 -0.8041232228 0.1293609440 0.5802168250
-125.5 -378.1 3375.1 0.1285337955 -0.9617815018 -0.2417754233 -0.3336608112 0.1876439452 -0.9238290787 0.9338894486 0.1994142383 -0.2967902124
173.3 -181.7 3063.4 0.4553483725 0.6391720176 0.6197717190 -0.8657751679 0.4802011251 0.1408554018 -0.2075842470 -0.6007212400 0.7720380425
281.0 -386.4 3014.3 -0.6996568441 0.6391720176 0.3192795217 0.0387997702 0.4802011251 -0.8762998581 -0.7134247422 -0.6007212400 -0.3607757390
-98.0 -482.1 2841.9 0.9809136987 0.1394842565 -0.1354714185 -0.1311175078 -0.0399874449 -0.9905600548 -0.1435846984 0.9894165397 -0.0209354013
-159.6 -464.5 2405.6 0.9809136987 0.1364580393 0.1385192126 -0.1311175078 0.9902513027 -0.0470171757 -0.1435846984 0.0279574972 0.9892430305
84.3 -493.6 2829.3 0.9881213307 0.0197474435 0.1524015218 0.1530149281 -0.0345707275 -0.9876189828 -0.0142343184 0.9992071390 -0.0371817276
75.5 -478.1 2381.5 0.9881213307 -0.1512606889 0.0271365196 0.1530149281 0.9847686887 -0.0825652555 -0.0142343184 0.0857367814 0.9962161183
-159.5 -290.0 3128.4 0 0 0 0 0 0 0 0 0
81.2 -375.3 2810.6 0 0 0 0 0 0 0 0 0
-208.0 -816.0 2395.7 0 0 0 0 0 0 0 0 0
133.2 -854.3 2348.8 0 0 0 0 0 0 0 0 0
45.9 2.4 3187.2 91 0.9958868623 0.0905882791 -0.0017732806 -0.0759745911 0.8242467046 -0.5611107349 -0.0493684337 0.5589375496 0.8277388215
26.9 -169.9 3070.3 0.9958868623 0.0905882791 -0.0017732806 -0.0759745911 0.8242467046 -0.5611107349 -0.0493684337 0.5589375496 0.8277388215
7.2 -328.7 2952.6 0.9950369000 0.0993398204 -0.0057565877 -0.0832399577 0.7992840409 -0.5951606035 -0.0545219965 0.5926859379 0.8035861850
-118.3 -157.8 3078.3 0.0166295245 -0.9672618508 0.2532349229 0.5928078890 0.2134921402 0.7765306830 -0.8051722050 0.1372063309 0.5769507289
-124.5 -377.6 3376.9 0.1359452158 -0.9598063827 -0.2455415130 -0.3324536681 0.1892757118 -0.9239314198 0.9332702756 0.2072352320 -0.2933599949
172.2 -182.1 3062.4 0.4649404287 0.6423085928 0.6093193889 -0.8630399108 0.4823155105 0.1501129568 -0.1974653453 -0.5956605077 0.7785859108
284.5 -390.6 3014.7 -0.7008283138 0.6423085928 0.3102892041 0.0549611486 0.4823155105 -0.8742716908 -0.7112095356 -0.5956605077 -0.3733223677
-100.1 -479.6 2838.2 0.9820327163 0.1398593187 -0.1266930699 -0.1234233603 -0.0318452828 -0.9918429852 -0.1427530646 0.9896591306 -0.0140112014
-161.6 -465.6 2402.6 0.9820327163 0.1278522462 0.1388004571 -0.1234233603 0.9915437698 -0.0400958098 -0.1427530646 0.0222441778 0.9895083308
82.3 -494.6 2829.7 0.9881896973 0.0170176085 0.1522874683 0.1528683305 -0.0407383479 -0.9874065518 -0.0105993571 0.9990249276 -0.0428586714
74.6 -476.3 2379.6 0.9881896973 -0.1517765969 0.0210935064 0.1528683305 0.9859597683 -0.0671908036 -0.0105993571 0.0696217939 0.9975171685
-160.4 -289.7 3130.3 0 0 0 0 0 0 0 0 0
84.3 -374.9 2811.5 0 0 0 0 0 0 0 0 0
-206.6 -814.5 2394.8 0 0 0 0 0 0 0 0 0
132.6 -853.0 2353.0 0 0 0 0 0 0 0 0 0
45.0 1.7 3187.0 92 0.9956372976 0.0909435824 0.0208732616 -0.0636324808 0.8253909945 -0.5609639883 -0.0682446808 0.5571883917 0.8275769949
25.9 -171.3 3070.2 0.9956372976 0.0909435824 0.0208732616 -0.0636324808 0.8253909945 -0.5609639883 -0.0682446808 0.5571883917 0.8275769949
6.6 -330.9 2953.5 0.9951506853 0.0968191251 0.0173543226 -0.0678536072 0.8034516573 -0.5914908051 -0.0712109804 0.5874449015 0.8061249852
-119.3 -161.4 3080.5 -0.0064742756 -0.9680268764 0.2507630587 0.5893018842 0.1989032179 0.7830458283 -0.8078869581 0.1528448015 0.5691723228
-116.9 -379.9 3380.1 0.1570864916 -0.9589957595 -0.2359045893 -0.3259999156 0.1751278490 -0.9290071726 0.9322273731 0.2228393555 -0.2851223052
171.1 -181.2 3059.8 0.4660346508 0.6394540071 0.6114820242 -0.8647927046 0.4752397239 0.1621133685 -0.1869364977 -0.6043556333 0.7744733691
280.8 -384.8 3015.8 -0.6973446012 0.6394540071 0.3237423301 0.0275136977 0.4752397239 -0.8794260621 -0.7162077427 -0.6043556333 -0.3489995897
-103.7 -479.9 2839.9 0.9832603931 0.1310100406 -0.1266309619 -0.1228132844 -0.0368538164 -0.9917452931 -0.1345954239 0.9906957746 -0.0201471243
-161.1 -463.8 2406.5 0.9832603931 0.1282978654 0.1293780804 -0.1228132844 0.9911921620 -0.0495478958 -0.1345954239 0.0328291357 0.9903566837
78.7 -495.2 2829.9 0.9896784425 0.0028819821 0.1432770640 0.1432696581 -0.0424261652 -0.9887738824 0.0032290674 0.9990954399 -0.0424011610
77.4 -476.0 2378.2 0.9896784425 -0.1431298852 0.0071032895 0.1432696581 0.9870940447 -0.0715481713 0.0032290674 0.0718273669 0.9974118471
-158.4 -293.8 3133.9 0 0 0 0 0 0 0 0 0
81.7 -376.9 2811.2 0 0 0 0 0 0 0 0 0
-206.4 -814.3 2394.9 0 0 0 0 0 0 0 0 0
132.0 -853.2 2350.8 0 0 0 0 0 0 0 0 0
44.6 2.3 3187.4 93 0.9963280559 0.0853764489 0.0064197588 -0.0671683997 0.8259330988 -0.5597525835 -0.0530919805 0.5572659969 0.8286349177
26.7 -170.6 3070.7 0.9963280559 0.0853764489 0.0064197588 -0.0671683997 0.8259330988 -0.5597525835 -0.0530919805 0.5572659969 0.8286349177
8.6 -330.4 2954.0 0.9958761930 0.0906694829 0.0031090095 -0.0713521689 0.8039474487 -0.5904043913 -0.0560311414 0.5877478123 0.8071016073
-118.7 -160.2 3078.9 0.0077888942 -0.9695419073 0.2448015213 0.5881758332 0.2024238855 0.7829902768 -0.8086955547 0.1378877163 0.5718377829
-121.6 -378.3 3378.7 0.1418263316 -0.9616538882 -0.2347490638 -0.3252138793 0.1787169576 -0.9285990596 0.9349445105 0.2080434561 -0.2873964012
172.1 -181.0 3062.5 0.4699261487 0.6195158958 0.6287841201 -0.8577433825 0.4886915386 0.1595521271 -0.2084364146 -0.6143131256 0.7610345483
