107.8 -14.1 2955.9 95 0.9968631864 -0.0054515433 0.0789562389 0.0359120779 0.9201670885 -0.3898754120 -0.0705275163 0.3914879262 0.9174764752
108.9 -196.6 2878.2 0.9968631864 -0.0054515433 0.0789562389 0.0359120779 0.9201670885 -0.3898754120 -0.0705275163 0.3914879262 0.9174764752
109.7 -374.2 2800.0 0.9968628287 -0.0044475109 0.0790235102 0.0359761044 0.9147807956 -0.4023453295 -0.0704997629 0.4039260745 0.9120709896
-27.0 -201.5 2887.8 -0.2204403132 -0.4223062396 -0.8792402744 0.5576138496 0.6850302219 -0.4688287377 0.8002954721 -0.5936253071 0.0844755247
35.6 -359.9 2660.6 -0.3672311902 -0.3964299262 -0.8414182067 0.5381395221 0.6472899914 -0.5398346782 0.7586482167 -0.6510444880 -0.0243704710
244.7 -191.7 2868.6 0.5416467190 0.7099372745 0.4501199424 -0.7861937284 0.2383171171 0.5701792240 0.2975201905 -0.6627171636 0.6872318983
378.3 -385.6 2942.0 -0.2376507372 0.7099372745 0.6629564166 -0.8047443628 0.2383171171 -0.5436832309 -0.5439748168 -0.6627171636 0.5146817565
33.1 -553.2 2722.7 0.9739339948 0.2202025652 -0.0544369295 -0.0284090899 -0.1196849123 -0.9924053550 -0.2250454873 0.9680838585 -0.1103094518
-77.2 -493.3 2237.7 0.9739339948 0.0663731545 0.2169035524 -0.0284090899 0.9843947291 -0.1736661345 -0.2250454873 0.1629773229 0.9606211185
212.3 -547.5 2721.8 0.9819332957 -0.1763738990 0.0685514882 0.0511817634 -0.1012170538 -0.9935469627 0.1821743250 0.9791054130 -0.0903612673
298.0 -498.4 2246.3 0.9819332957 -0.0807466805 -0.1711345315 0.0511817634 0.9840074778 -0.1706158370 0.1821743250 0.1587743908 0.9703624249
128.8 -496.4 2468.1 0 0 0 0 0 0 0 0 0
318.0 -589.7 2804.0 0 0 0 0 0 0 0 0 0
-102.0 -860.7 2176.8 0 0 0 0 0 0 0 0 0
328.1 -865.4 2187.1 0 0 0 0 0 0 0 0 0
108.3 -13.2 2955.9 96 0.9947550297 0.0087530902 0.1019105613 0.0321086273 0.9192475677 -0.3923683465 -0.0971154720 0.3935825825 0.9141451120
106.6 -195.4 2877.9 0.9947550297 0.0087530902 0.1019105613 0.0321086273 0.9192475677 -0.3923683465 -0.0971154720 0.3935825825 0.9141451120
104.2 -372.6 2799.0 0.9947358370 0.0121388230 0.1017508805 0.0304238386 0.9132004380 -0.4063734710 -0.0978518426 0.4073299170 0.9080238938
-29.1 -199.5 2891.3 -0.2261312157 -0.4286320806 -0.8747223616 0.5642046332 0.6743836999 -0.4763188958 0.7940641046 -0.6012330055 0.0893370062
34.1 -357.2 2669.4 -0.3741115630 -0.4124346077 -0.8306252360 0.5153856874 0.6521523595 -0.5559450388 0.7709851861 -0.6360778213 -0.0314148515
242.2 -191.2 2864.6 0.5452599525 0.6927850246 0.4719538987 -0.7902016640 0.2368850261 0.5652139187 0.2797729373 -0.6811273098 0.6766037941
376.8 -386.1 2933.6 -0.2575685978 0.6927850246 0.6735780239 -0.8009298444 0.2368850261 -0.5499062538 -0.5405273438 -0.6811273098 0.4938580394
21.5 -555.0 2728.1 0.9785152674 0.1940296739 -0.0697159395 -0.0463413671 -0.1225050911 -0.9913854003 -0.2008987367 0.9733164907 -0.1108815074
-76.4 -493.2 2237.0 0.9785152674 0.0766868666 0.1913816929 -0.0463413671 0.9863069057 -0.1582755893 -0.2008987367 0.1460061967 0.9686701894
199.8 -548.6 2715.7 0.9765316248 -0.2049963474 0.0660494268 0.0452024266 -0.1047651321 -0.9934691787 0.2105772346 0.9731396437 -0.0930401310
298.4 -498.2 2247.7 0.9765316248 -0.0799198151 -0.1999971271 0.0452024266 0.9839736223 -0.1724894494 0.2105772346 0.1594010442 0.9644939303
129.0 -487.9 2473.8 0 0 0 0 0 0 0 0 0
311.4 -589.3 2796.5 0 0 0 0 0 0 0 0 0
-105.0 -861.3 2182.6 0 0 0 0 0 0 0 0 0
328.3 -865.4 2188.2 0 0 0 0 0 0 0 0 0
108.4 -11.5 2955.9 97 0.9908352494 0.0237048864 0.1329796761 0.0311981849 0.9176999927 -0.3960472643 -0.1314236969 0.3965663016 0.9085499048
103.6 -193.9 2877.1 0.9908352494 0.0237048864 0.1329796761 0.0311981849 0.9176999927 -0.3960472643 -0.1314236969 0.3965663016 0.9085499048
98.3 -370.7 2797.3 0.9907956719 0.0275193285 0.1325393468 0.0297845453 0.9108031392 -0.4117651880 -0.1320487559 0.4119227827 0.9016001225
-31.5 -198.0 2895.2 -0.2312515676 -0.4443565905 -0.8654882908 0.5578153133 0.6682973504 -0.4921591878 0.7970977426 -0.5965952277 0.0933240950
32.9 -353.5 2673.0 -0.3777111769 -0.4311477840 -0.8194180131 0.4987123907 0.6509091258 -0.5723663568 0.7801411152 -0.6248430610 -0.0308369044
238.8 -189.8 2859.1 0.5535803437 0.6691172123 0.4958134294 -0.7923939824 0.2400148064 0.5608071089 0.2562431395 -0.7033313513 0.6630719304
375.4 -385.4 2922.3 -0.2773532569 0.6691172123 0.6894615889 -0.7973779440 0.2400148064 -0.5536978245 -0.5359697342 -0.7033313513 0.4669704437
12.9 -552.6 2728.8 0.9818352461 0.1773904413 -0.0673216730 -0.0467806943 -0.1175366715 -0.9919660687 -0.1838780642 0.9770966172 -0.1071031988
-76.6 -493.3 2236.0 0.9818352461 0.0737386420 0.1748204380 -0.0467806943 0.9870263338 -0.1535921544 -0.1838780642 0.1426239759 0.9725468159
190.9 -547.2 2711.4 0.9725680351 -0.2257665843 0.0560435727 0.0343807638 -0.0987684578 -0.9945163131 0.2300638855 0.9691616297 -0.0882970169
299.5 -499.6 2245.1 0.9725680351 -0.0706246868 -0.2216384113 0.0343807638 0.9859749675 -0.1633134931 0.2300638855 0.1512133777 0.9613558650
128.8 -480.0 2475.1 0 0 0 0 0 0 0 0 0
305.0 -587.7 2786.4 0 0 0 0 0 0 0 0 0
-104.1 -861.7 2182.8 0 0 0 0 0 0 0 0 0
325.9 -867.6 2188.7 0 0 0 0 0 0 0 0 0
107.4 -11.9 2956.5 98 0.9869279265 0.0322193466 0.1579088420 0.0334845856 0.9174368978 -0.3964698017 -0.1576454043 0.3965746164 0.9043652415
101.0 -194.4 2877.6 0.9869279265 0.0322193466 0.1579088420 0.0334845856 0.9174368978 -0.3964698017 -0.1576454043 0.3965746164 0.9043652415
93.9 -371.3 2798.1 0.9868546724 0.0367353298 0.1573797315 0.0315419771 0.9113138318 -0.4105024040 -0.1585022658 0.4100702703 0.8981755972
-33.6 -198.7 2899.2 -0.2403867841 -0.4602700174 -0.8546143770 0.5458755493 0.6639171243 -0.5111105442 0.8026419282 -0.5893772840 0.0916532353
34.4 -353.2 2672.1 -0.3730120659 -0.4487130046 -0.8121075034 0.4889694452 0.6487976313 -0.5830699205 0.7885245085 -0.6145878434 -0.0226024035
235.7 -190.1 2855.9 0.5619378686 0.6496100426 0.5120866299 -0.7909182906 0.2406746000 0.5626046658 0.2422273755 -0.7211675048 0.6490325928
374.4 -385.3 2915.7 -0.2900137305 0.6496100426 0.7027794123 -0.7983981371 0.2406746000 -0.5519385338 -0.5276859403 -0.7211675048 0.4488484859
4.3 -550.2 2729.3 0.9847782850 0.1596651226 -0.0686932653 -0.0511381514 -0.1115721390 -0.9924396873 -0.1661222577 0.9808459282 -0.1017088369
-76.3 -493.9 2234.5 0.9847782850 0.0752557218 0.1566789448 -0.0511381514 0.9869588017 -0.1526341587 -0.1661222577 0.1422985345 0.9757840633
181.6 -544.9 2705.7 0.9674162269 -0.2481442690 0.0503011867 0.0271908790 -0.0956973359 -0.9950390458 0.2517269254 0.9639846683 -0.0858319029
300.4 -499.0 2244.2 0.9674162269 -0.0666831657 -0.2442522049 0.0271908790 0.9864780307 -0.1616222113 0.2517269254 0.1497145295 0.9561480880
129.0 -477.2 2472.0 0 0 0 0 0 0 0 0 0
300.8 -587.9 2781.8 0 0 0 0 0 0 0 0 0
-104.4 -862.3 2181.3 0 0 0 0 0 0 0 0 0
325.3 -867.3 2188.3 0 0 0 0 0 0 0 0 0
106.8 -11.6 2955.2 99 0.9828785658 0.0317675807 0.1814954430 0.0423727706 0.9196541309 -0.3904366493 -0.1793162674 0.3914422691 0.9025622606
100.5 -194.7 2877.3 0.9828785658 0.0317675807 0.1814954430 0.0423727706 0.9196541309 -0.3904366493 -0.1793162674 0.3914422691 0.9025622606
93.2 -371.9 2798.4 0.9827779531 0.0378109887 0.1808806956 0.0397236906 0.9127306342 -0.4066261053 -0.1804702878 0.4068084359 0.8955095410
-33.6 -200.1 2901.9 -0.2351425886 -0.4772407711 -0.8467285633 0.5486335158 0.6539327502 -0.5209349394 0.8023149371 -0.5870376825 0.1080628559
31.6 -352.5 2679.2 -0.3704508245 -0.4735583365 -0.7990673780 0.4661623836 0.6493015885 -0.6009160280 0.8034045100 -0.5951049924 -0.0197792295
234.7 -189.3 2852.6 0.5742481351 0.6312912107 0.5212585330 -0.7852114439 0.2445108443 0.5689089894 0.2316938788 -0.7359930873 0.6361069679
376.4 -383.1 2909.8 -0.2946062982 0.6312912107 0.7174109817 -0.8022572994 0.2445108443 -0.5446077585 -0.5192208886 -0.7359930873 0.4344235659
-1.6 -551.0 2732.7 0.9865700603 0.1455480605 -0.0741297826 -0.0574249923 -0.1157978922 -0.9916114211 -0.1529111862 0.9825510979 -0.1058846414
-75.5 -492.2 2233.7 0.9865700603 0.0781376660 0.1434362829 -0.0574249923 0.9880186915 -0.1432531327 -0.1529111862 0.1330924332 0.9792367220
175.1 -545.4 2704.4 0.9633880258 -0.2634614110 0.0497146286 0.0250277203 -0.0962447822 -0.9950429797 0.2669402063 0.9598567486 -0.0861272365
301.7 -499.1 2243.2 0.9633880258 -0.0644922480 -0.2602387667 0.0250277203 0.9880324006 -0.1522026360 0.2669402063 0.1401170194 0.9534726739
125.6 -470.7 2475.3 0 0 0 0 0 0 0 0 0
301.7 -586.7 2778.1 0 0 0 0 0 0 0 0 0
-104.7 -861.0 2184.0 0 0 0 0 0 0 0 0 0
325.8 -867.9 2190.9 0 0 0 0 0 0 0 0 0
107.1 -11.0 2954.6 00 0.9831960797 0.0331010669 0.1795266420 0.0401268117 0.9201849699 -0.3894219995 -0.1780880094 0.3900820315 0.9033939838
100.5 -194.3 2876.9 0.9831960797 0.0331010669 0.1795266420 0.0401268117 0.9201849699 -0.3894219995 -0.1780880094 0.3900820315 0.9033939838
93.0 -371.6 2798.4 0.9831087589 0.0384641588 0.1789347529 0.0378899500 0.9137130976 -0.4045896530 -0.1790572256 0.4045354426 0.8968219161
-33.8 -199.4 2901.4 -0.2382490039 -0.4763225317 -0.8463771343 0.5457843542 0.6551818848 -0.5223563313 0.8033410311 -0.5863902569 0.1038729399
33.1 -352.6 2675.9 -0.3598513901 -0.4738462269 -0.8037267923 0.4701926410 0.6519470811 -0.5948814154 0.8058696389 -0.5919753313 -0.0118050510
234.7 -189.1 2852.4 0.5729153156 0.6327692270 0.5209330320 -0.7852964997 0.2417986095 0.5699498653 0.2346858233 -0.7356198430 0.6354415417
376.2 -383.0 2910.4 -0.2950173616 0.6327692270 0.7159384489 -0.8030647039 0.2417986095 -0.5446287990 -0.5177372694 -0.7356198430 0.4368198216
-2.1 -552.6 2735.6 0.9868209362 0.1415887326 -0.0783395842 -0.0624396354 -0.1134497374 -0.9915797710 -0.1492841393 0.9834031463 -0.1031138226
-74.2 -494.9 2234.8 0.9868209362 0.0842773840 0.1381368339 -0.0624396354 0.9858722687 -0.1554256082 -0.1492841393 0.1447520256 0.9781416655
173.8 -545.5 2703.3 0.9628794193 -0.2640218139 0.0561751612 0.0321778320 -0.0943556279 -0.9950184226 0.2680070102 0.9598903656 -0.0823574439
301.1 -500.0 2240.5 0.9628794193 -0.0673722252 -0.2613888979 0.0321778320 0.9900951982 -0.1366605163 0.2680070102 0.1231766790 0.9555101991
124.4 -472.0 2471.4 0 0 0 0 0 0 0 0 0
301.3 -586.8 2779.0 0 0 0 0 0 0 0 0 0
-105.7 -862.8 2180.8 0 0 0 0 0 0 0 0 0
326.3 -869.6 2194.6 0 0 0 0 0 0 0 0 0
106.2 -6.8 2956.3 01 0.9817495942 0.0358158909 0.1867751926 0.0395538434 0.9221757054 -0.3847433329 -0.1860194653 0.3851093054 0.9039289951
99.0 -190.7 2879.5 0.9817495942 0.0358158909 0.1867751926 0.0395538434 0.9221757054 -0.3847433329 -0.1860194653 0.3851093054 0.9039289951
91.3 -368.7 2802.3 0.9816941619 0.0398349464 0.1862517297 0.0382070653 0.9168201685 -0.3974682093 -0.1865924597 0.3973083496 0.8985150456
-35.0 -195.9 2904.9 -0.2350311428 -0.4821740985 -0.8439599872 0.5487922430 0.6508160830 -0.5246574879 0.8022390008 -0.5864695311 0.1116513610
31.6 -351.5 2677.5 -0.3437587023 -0.4804529846 -0.8068425059 0.4802278578 0.6484114528 -0.5907146931 0.8069765568 -0.5905315876 0.0078298310
233.1 -185.5 2854.0 0.5760840774 0.6268953085 0.5245277882 -0.7824527025 0.2373336256 0.5757086873 0.2364209890 -0.7420748472 0.6272400618
375.4 -378.7 2912.3 -0.2974313498 0.6268953085 0.7200950384 -0.8074295521 0.2373336256 -0.5401206017 -0.5095018744 -0.7420748472 0.4355833232
-2.5 -552.4 2735.9 0.9872786999 0.1433934867 -0.0686958134 -0.0522633195 -0.1153754145 -0.9919461012 -0.1501644254 0.9829174876 -0.1064134687
-75.3 -493.8 2236.9 0.9872786999 0.0764556527 0.1394106895 -0.0522633195 0.9841267467 -0.1695966870 -0.1501644254 0.1601531208 0.9756032228
173.6 -545.6 2703.9 0.9629798532 -0.2616289556 0.0649621710 0.0413438194 -0.0947929621 -0.9946381450 0.2663840652 0.9605022669 -0.0804669783
300.4 -499.7 2238.1 0.9629798532 -0.0748376176 -0.2589770555 0.0413438194 0.9903275967 -0.1324460655 0.2663840652 0.1168357879 0.9567595720
118.8 -473.4 2472.7 0 0 0 0 0 0 0 0 0
299.9 -583.6 2783.0 0 0 0 0 0 0 0 0 0
-103.8 -861.1 2177.2 0 0 0 0 0 0 0 0 0
328.4 -869.3 2194.5 0 0 0 0 0 0 0 0 0
106.2 -11.7 2956.6 02 0.9803985357 0.0405377783 0.1928091794 0.0399156697 0.9174451828 -0.3958548605 -0.1929389238 0.3957916498 0.8978438377
98.2 -194.4 2877.8 0.9803985357 0.0405377783 0.1928091794 0.0399156697 0.9174451828 -0.3958548605 -0.1929389238 0.3957916498 0.8978438377
89.2 -371.4 2798.8 0.9802576303 0.0463297814 0.1922199279 0.0369480588 0.9121152759 -0.4082652628 -0.1942415833 0.4073072970 0.8923962116
-35.7 -199.4 2904.4 -0.2370676994 -0.4829289317 -0.8429582119 0.5411055088 0.6550015211 -0.5274257064 0.8068480492 -0.5811648965 0.1060357839
30.0 -349.5 2680.6 -0.3410654068 -0.4747903049 -0.8113251925 0.4947807789 0.6431814432 -0.5843882561 0.7992911935 -0.6007426977 0.0155501701
232.1 -189.3 2851.3 0.5752639174 0.6215976477 0.5316839218 -0.7870302200 0.2435485274 0.5668046474 0.2228336185 -0.7445135713 0.6293208003
374.1 -383.6 2906.3 -0.3045191169 0.6215976477 0.7217232585 -0.8005521297 0.2435485274 -0.5475403070 -0.5161244273 -0.7445135713 0.4234561324
-4.3 -550.1 2741.9 0.9879148006 0.1393889934 -0.0677870959 -0.0525243655 -0.1104029939 -0.9924980402 -0.1458272040 0.9840639830 -0.1017474309
-75.8 -493.5 2237.1 0.9879148006 0.0747290105 0.1357938051 -0.0525243655 0.9856690168 -0.1603053510 -0.1458272040 0.1512355506 0.9776820540
171.5 -543.2 2708.5 0.9622997046 -0.2634390593 0.0676696151 0.0464801043 -0.0858587101 -0.9952225089 0.2679904997 0.9608476162 -0.0703771338
300.9 -501.1 2236.8 0.9622997046 -0.0752354190 -0.2613789141 0.0464801043 0.9923340082 -0.1145114377 0.2679904997 0.0980454013 0.9584196210
116.6 -475.1 2477.7 0 0 0 0 0 0 0 0 0
296.8 -586.8 2775.3 0 0 0 0 0 0 0 0 0
-103.7 -861.4 2180.7 0 0 0 0 0 0 0 0 0
328.9 -871.5 2200.2 0 0 0 0 0 0 0 0 0
106.0 -14.1 2955.8 03 0.9797552228 0.0446969718 0.1951457262 0.0378098302 0.9159044027 -0.3996118009 -0.1965962648 0.3989001811 0.8956721425
97.1 -197.2 2876.1 0.9797552228 0.0446969718 0.1951457262 0.0378098302 0.9159044027 -0.3996118009 -0.1965962648 0.3989001811 0.8956721425
87.8 -373.8 2796.1 0.9797382355 0.0479189344 0.1944654137 0.0374743044 0.9099490047 -0.4130235314 -0.1967452615 0.4119423926 0.8897160888
-36.8 -202.3 2902.9 -0.2445998788 -0.4835997522 -0.8404178619 0.5330463052 0.6569553018 -0.5331710577 0.8099583387 -0.5783951879 0.0970898718
30.4 -348.6 2680.6 -0.3356385231 -0.4726052284 -0.8148564696 0.5044186115 0.6403927207 -0.5791882277 0.7955555916 -0.6054266691 0.0234503951
230.9 -192.0 2849.2 0.5754877925 0.6196817160 0.5336743593 -0.7884550095 0.2471433580 0.5632573366 0.2171462178 -0.7449259758 0.6308191419
373.0 -386.7 2902.8 -0.3063539863 0.6196817160 0.7225937843 -0.7976705432 0.2471433580 -0.5501289964 -0.5194891095 -0.7449259758 0.4185885191
-7.6 -551.8 2737.1 0.9886556268 0.1338546723 -0.0681394190 -0.0528257601 -0.1148010567 -0.9919829369 -0.1406040192 0.9843290448 -0.1064277366
-76.0 -493.2 2234.4 0.9886556268 0.0725842491 0.1314974576 -0.0528257601 0.9875814915 -0.1479600966 -0.1406040192 0.1393351257 0.9802123308
168.0 -545.2 2702.3 0.9592548609 -0.2745657563 0.0666616186 0.0436454639 -0.0891063288 -0.9950653911 0.2791508734 0.9574307799 -0.0734921247
302.5 -501.5 2233.3 0.9592548609 -0.0689805970 -0.2739923596 0.0436454639 0.9942764640 -0.0975160897 0.2791508734 0.0815842599 0.9567751884
115.6 -476.6 2478.7 0 0 0 0 0 0 0 0 0
295.3 -589.2 2770.9 0 0 0 0 0 0 0 0 0
-103.1 -861.8 2182.4 0 0 0 0 0 0 0 0 0
328.2 -872.6 2202.9 0 0 0 0 0 0 0 0 0
107.7 -14.6 2956.9 04 0.9828584790 0.0423250161 0.1794374883 0.0347823985 0.9132418036 -0.4059304893 -0.1810508370 0.4052134752 0.8961153030
99.3 -196.9 2876.0 0.9828584790 0.0423250161 0.1794374883 0.0347823985 0.9132418036 -0.4059304893 -0.1810508370 0.4052134752 0.8961153030
90.4 -372.8 2794.4 0.9828491807 0.0455739535 0.1786911786 0.0345896631 0.9062248468 -0.4213787615 -0.1811382920 0.4203326404 0.8891059756
-35.0 -201.6 2900.7 -0.2434708774 -0.4735563993 -0.8464432955 0.5266948938 0.6682653427 -0.5253702998 0.8144412041 -0.5737296939 0.0867165774
33.0 -348.6 2673.4 -0.3240906298 -0.4565385878 -0.8285757899 0.5267225504 0.6404559612 -0.5589092970 0.7858299017 -0.6175667644 0.0329033993
233.5 -192.2 2851.2 0.5684753656 0.6323404312 0.5262902379 -0.7929224372 0.2505712509 0.5554170012 0.2193394154 -0.7330482006 0.6438404918
373.9 -388.0 2905.4 -0.3017106652 0.6323404312 0.7135238647 -0.7918785214 0.2505712509 -0.5569043159 -0.5309416652 -0.7330482006 0.4251367748
-9.3 -553.8 2733.8 0.9885818958 0.1287256628 -0.0783299878 -0.0627650395 -0.1208169982 -0.9906885624 -0.1369906217 0.9842931032 -0.1113580242
-75.0 -492.1 2231.6 0.9885818958 0.0787178054 0.1284888685 -0.0627650395 0.9903197289 -0.1238038465 -0.1369906217 0.1143256277 0.9839528799
166.2 -547.1 2698.5 0.9571449161 -0.2829847038 0.0615896769 0.0351712368 -0.0975102633 -0.9946128726 0.2874658406 0.9541547894 -0.0833785310
305.0 -499.3 2230.8 0.9571449161 -0.0564678498 -0.2840510905 0.0351712368 0.9962120056 -0.0795278773 0.2874658406 0.0661292747 0.9555052519
115.2 -482.3 2474.0 0 0 0 0 0 0 0 0 0
297.3 -589.0 2770.6 0 0 0 0 0 0 0 0 0
-104.3 -861.7 2189.0 0 0 0 0 0 0 0 0 0
326.0 -871.0 2206.2 0 0 0 0 0 0 0 0 0
107.9 -13.0 2957.9 05 0.9836155176 0.0424147360 0.1752185225 0.0336877033 0.9115658998 -0.4097715914 -0.1771035939 0.4089604020 0.8952015042
99.5 -195.0 2876.3 0.9836155176 0.0424147360 0.1752185225 0.0336877033 0.9115658998 -0.4097715914 -0.1771035939 0.4089604020 0.8952015042
90.2 -370.6 2794.0 0.9834979177 0.0479791239 0.1744416803 0.0313248560 0.9044731855 -0.4253786206 -0.1781871170 0.4238233268 0.8880445361
-34.9 -199.3 2900.6 -0.2431346923 -0.4666848183 -0.8503474593 0.5349907279 0.6667407751 -0.5188850760 0.8091170788 -0.5810869336 0.0875642300
34.3 -351.5 2670.3 -0.3029402494 -0.4565686882 -0.8365238905 0.5297846198 0.6489617229 -0.5460557342 0.7921839952 -0.6085997820 0.0452864468
233.8 -190.7 2851.9 0.5646790862 0.6354577541 0.5266222358 -0.7959837317 0.2507434189 0.5509424806 0.2180536091 -0.7302884459 0.6474035978
373.3 -387.2 2905.8 -0.3033637404 0.6354577541 0.7100449800 -0.7886711955 0.2507434189 -0.5613603592 -0.5347598791 -0.7302884459 0.4251008034
-6.5 -551.8 2729.0 0.9876670837 0.1363275498 -0.0769972950 -0.0614127554 -0.1150490418 -0.9914596081 -0.1440217346 0.9839606285 -0.1052578986
-74.9 -494.1 2234.9 0.9876670837 0.0803859979 0.1343572736 -0.0614127554 0.9882687330 -0.1398332417 -0.1440217346 0.1298574358 0.9810172319
169.6 -545.6 2696.6 0.9593577981 -0.2769365311 0.0542107560 0.0290974248 -0.0940028057 -0.9951466322 0.2806884050 0.9562790394 -0.0821241811
302.5 -500.5 2237.6 0.9593577981 -0.0617752746 -0.2753478885 0.0290974248 0.9921987057 -0.1212230474 0.2806884050 0.1082843542 0.9536710978
111.2 -486.0 2469.3 0 0 0 0 0 0 0 0 0
296.3 -587.4 2770.0 0 0 0 0 0 0 0 0 0
-104.9 -862.9 2186.5 0 0 0 0 0 0 0 0 0
325.6 -870.5 2197.3 0 0 0 0 0 0 0 0 0
107.3 -12.4 2956.9 06 0.9831470251 0.0317351073 0.1800411493 0.0458221063 0.9106055498 -0.4107284844 -0.1769809872 0.4120563567 0.8938049674
100.9 -194.1 2874.7 0.9831470251 0.0317351073 0.1800411493 0.0458221063 0.9106055498 -0.4107284844 -0.1769809872 0.4120563567 0.8938049674
94.2 -369.1 2791.0 0.9831693769 0.0349354595 0.1793249398 0.0464305431 0.9015408158 -0.4301957786 -0.1766978353 0.4312814772 0.8847452402
-33.4 -200.4 2898.9 -0.2393478006 -0.4738641679 -0.8474463820 0.5378204584 0.6619741321 -0.5220530629 0.8083698153 -0.5807262659 0.0964117944
34.4 -352.7 2670.1 -0.2884959579 -0.4648202062 -0.8370856047 0.5373289585 0.6450152397 -0.5433534384 0.7924945951 -0.6065455675 0.0636770576
235.3 -187.7 2850.6 0.5754454732 0.6327787042 0.5181251168 -0.7898042202 0.2655141950 0.5529118776 0.2123012543 -0.7273880243 0.6525602341
377.3 -382.7 2903.0 -0.2918233871 0.6327787042 0.7172379494 -0.7883381248 0.2655141950 -0.5550002456 -0.5416291356 -0.7273880243 0.4213602841
-7.2 -548.9 2727.7 0.9880234599 0.1367024928 -0.0715689436 -0.0568238981 -0.1088773459 -0.9924297333 -0.1434598565 0.9846106768 -0.0998053998
-75.7 -494.4 2234.9 0.9880234599 0.0760278776 0.1342737824 -0.0568238981 0.9883102179 -0.1414705813 -0.1434598565 0.1321462840 0.9807938933
169.0 -543.3 2695.8 0.9592131376 -0.2777454555 0.0526079647 0.0292199738 -0.0876867250 -0.9957194328 0.2811695635 0.9566444159 -0.0759945437
301.3 -501.5 2240.0 0.9592131376 -0.0668888837 -0.2746561766 0.0292199738 0.9898585677 -0.1390187442 0.2811695635 0.1253231615 0.9514398575
107.6 -489.0 2469.0 0 0 0 0 0 0 0 0 0
303.3 -582.8 2765.5 0 0 0 0 0 0 0 0 0
-104.0 -863.3 2185.6 0 0 0 0 0 0 0 0 0
326.3 -870.8 2193.2 0 0 0 0 0 0 0 0 0
106.0 -12.1 2957.0 07 0.9829372168 0.0225959271 0.1825480759 0.0561028942 0.9083095193 -0.4145193994 -0.1751765907 0.4176880419 0.8915435076
101.5 -193.3 2873.6 0.9829372168 0.0225959271 0.1825480759 0.0561028942 0.9083095193 -0.4145193994 -0.1751765907 0.4176880419 0.8915435076
96.0 -367.7 2788.6 0.9828962684 0.0284254905 0.1819530427 0.0546520017 0.8984841108 -0.4355909526 -0.1758638024 0.4380848408 0.8815631866
-32.8 -200.8 2897.6 -0.2326941490 -0.4756005406 -0.8483263254 0.5472791195 0.6570221186 -0.5184664726 0.8039520979 -0.5849153996 0.1074010432
32.8 -354.9 2671.3 -0.2857441306 -0.4666182697 -0.8370290995 0.5444003940 0.6397791505 -0.5425042510 0.7886561751 -0.6106963754 0.0712140128
235.8 -185.9 2849.6 0.5808839202 0.6312069893 0.5139567852 -0.7873252630 0.2754171193 0.5516015887 0.2066222876 -0.7250676751 0.6569505930
379.2 -380.3 2900.6 -0.2860673368 0.6312069893 0.7209321856 -0.7862544656 0.2754171193 -0.5531268120 -0.5476945639 -0.7250676751 0.4175014794
-0.7 -548.2 2723.1 0.9857017398 0.1525175124 -0.0716275796 -0.0551006645 -0.1099606678 -0.9924074411 -0.1592357308 0.9821645021 -0.0999846011
-76.9 -493.2 2232.3 0.9857017398 0.0736483261 0.1515520513 -0.0551006645 0.9908583760 -0.1231407896 -0.1592357308 0.1130294651 0.9807488322
175.5 -539.9 2691.5 0.9619762301 -0.2689088881 0.0478513017 0.0275780875 -0.0786707848 -0.9965191483 0.2717373371 0.9599473476 -0.0682634339
303.1 -502.5 2235.7 0.9619762301 -0.0592992343 -0.2666183412 0.0275780875 0.9922468066 -0.1211845055 0.2717373371 0.1092237905 0.9561532140
105.3 -493.1 2471.1 0 0 0 0 0 0 0 0 0
306.6 -579.8 2761.6 0 0 0 0 0 0 0 0 0
-104.4 -863.0 2190.1 0 0 0 0 0 0 0 0 0
325.2 -872.8 2195.0 0 0 0 0 0 0 0 0 0
108.1 -8.5 2958.0 08 0.9839110374 0.0243445262 0.1769925505 0.0516103245 0.9097071290 -0.4120306671 -0.1710420847 0.4145361781 0.8938145041
103.2 -190.3 2875.1 0.9839110374 0.0243445262 0.1769925505 0.0516103245 0.9097071290 -0.4120306671 -0.1710420847 0.4145361781 0.8938145041
97.9 -365.0 2790.7 0.9839279652 0.0276822224 0.1764071584 0.0521977469 0.9001721144 -0.4323951006 -0.1707664728 0.4346536696 0.8842595816
-31.2 -197.4 2898.4 -0.2223855704 -0.4716772139 -0.8532673717 0.5573647022 0.6565609574 -0.5082049370 0.7999307513 -0.5885986090 0.1168865561
31.5 -354.6 2672.9 -0.2915337384 -0.4660469294 -0.8353492022 0.5327050090 0.6462334991 -0.5464500189 0.7945020199 -0.6043033600 0.0598666780
237.7 -183.2 2851.8 0.5783257484 0.6355966330 0.5114256740 -0.7875436544 0.2713871598 0.5532847643 0.2128715813 -0.7227488756 0.6575102806
380.5 -377.6 2904.3 -0.2845239639 0.6355966330 0.7176789045 -0.7879361510 0.2713871598 -0.5527256131 -0.5460793972 -0.7227488756 0.4235934615
2.4 -547.0 2719.3 0.9845846295 0.1581185907 -0.0747774169 -0.0589268282 -0.1026647985 -0.9929690957 -0.1646838784 0.9820684791 -0.0917647555
-75.8 -496.2 2233.5 0.9845846295 0.0804338753 0.1553175449 -0.0589268282 0.9886181951 -0.1384257227 -0.1646838784 0.1271394640 0.9781180024
178.5 -537.2 2687.8 0.9626965523 -0.2659962177 0.0496121421 0.0305108149 -0.0754703581 -0.9966811538 0.2688576579 0.9610152245 -0.0645392910
304.7 -501.4 2231.9 0.9626965523 -0.0527114794 -0.2653994262 0.0305108149 0.9957330227 -0.0870910063 0.2688576579 0.0757446587 0.9601970315
105.5 -489.8 2471.2 0 0 0 0 0 0 0 0 0
308.2 -577.6 2765.7 0 0 0 0 0 0 0 0 0
-105.8 -865.2 2186.1 0 0 0 0 0 0 0 0 0
324.4 -872.8 2203.6 0 0 0 0 0 0 0 0 0
109.6 -9.0 2957.5 09 0.9853518605 0.0412869453 0.1654602140 0.0303144790 0.9123907089 -0.4081963301 -0.1678175330 0.4072328806 0.8977742791
101.3 -191.1 2876.2 0.9853518605 0.0412869453 0.1654602140 0.0303144790 0.9123907089 -0.4081963301 -0.1678175330 0.4072328806 0.8977742791
92.3 -366.8 2794.1 0.9852451682 0.0465940312 0.1646844894 0.0281074550 0.9051138163 -0.4242393076 -0.1688252240 0.4226085842 0.8904493451
-33.2 -195.0 2899.2 -0.2132347673 -0.4561930299 -0.8639553785 0.5696102977 0.6604025364 -0.4892981350 0.7937726974 -0.5964532495 0.1190314665
26.5 -354.6 2676.8 -0.3269341886 -0.4531879425 -0.8292977214 0.5079377890 0.6557316184 -0.5585833192 0.7969399095 -0.6038516164 0.0158101935
235.9 -187.3 2853.1 0.5602605939 0.6432253718 0.5218900442 -0.7971552014 0.2475086898 0.5507113934 0.2250592113 -0.7245692611 0.6514198184
374.2 -384.1 2908.7 -0.3006854653 0.6432253718 0.7041657567 -0.7886358500 0.2475086898 -0.5628436208 -0.5363224149 -0.7245692611 0.4328483045
4.3 -544.4 2721.6 0.9843877554 0.1625994742 -0.0673951358 -0.0520404801 -0.0969137326 -0.9939313531 -0.1681442261 0.9819211364 -0.0869389400
-76.5 -496.2 2233.2 0.9843877554 0.0743709505 0.1595294774 -0.0520404801 0.9888041019 -0.1398505718 -0.1681442261 0.1293651909 0.9772369862
180.6 -535.1 2691.1 0.9650875926 -0.2569243908 0.0509488471 0.0342306644 -0.0691309869 -0.9970201254 0.2596809268 0.9639558196 -0.0579227656
302.4 -502.3 2234.3 0.9650875926 -0.0597528405 -0.2550206482 0.0342306644 0.9940536022 -0.1033717692 0.2596809268 0.0910332873 0.9613941908
109.4 -483.4 2474.7 0 0 0 0 0 0 0 0 0
297.9 -584.2 2772.6 0 0 0 0 0 0 0 0 0
-104.3 -865.3 2184.9 0 0 0 0 0 0 0 0 0
324.7 -873.2 2200.3 0 0 0 0 0 0 0 0 0
107.7 -11.4 2956.2 10 0.9905658364 0.0372510143 0.1318774372 0.0225200765 0.9050117135 -0.4247900844 -0.1351744831 0.4237524271 0.8956348300
100.2 -192.4 2871.4 0.9905658364 0.0372510143 0.1318774372 0.0225200765 0.9050117135 -0.4247900844 -0.1351744831 0.4237524271 0.8956348300
92.2 -365.8 2784.7 0.9905210733 0.0418504477 0.1308301687 0.0215020962 0.8934734464 -0.4486009777 -0.1356674433 0.4471618533 0.8841044307
-35.0 -195.3 2890.0 -0.2418450266 -0.4208792746 -0.8742834926 0.5795859098 0.6599715352 -0.4780352414 0.7781973481 -0.6223328710 0.0843248665
31.0 -353.4 2677.7 -0.3129778504 -0.4297825098 -0.8469544649 0.5122688413 0.6745327115 -0.5315884352 0.7997659445 -0.6002437472 0.0090503832
235.5 -189.6 2852.9 0.5444177985 0.6691598296 0.5058007240 -0.8088509440 0.2590663135 0.5278681517 0.2221922576 -0.6964982152 0.6822909117
369.9 -389.2 2907.8 -0.2904145420 0.6691598296 0.6840208173 -0.7715584636 0.2590663135 -0.5810182095 -0.5660008192 -0.6964982152 0.4410593212
-5.0 -544.9 2727.2 0.9875926971 0.1455723196 -0.0589017197 -0.0453710370 -0.0945827514 -0.9944825768 -0.1503402144 0.9848161340 -0.0868044645
-78.4 -497.3 2230.9 0.9875926971 0.0642195866 0.1433058083 -0.0453710370 0.9903276563 -0.1311205328 -0.1503402144 0.1229917482 0.9809540510
171.5 -539.9 2697.0 0.9609899521 -0.2727934420 0.0456289575 0.0250808094 -0.0783446431 -0.9966108203 0.2754436731 0.9588773847 -0.0684465319
302.3 -502.3 2237.0 0.9609899521 -0.0567897446 -0.2706902027 0.0250808094 0.9925542474 -0.1191934273 0.2754436731 0.1077545583 0.9552589655
110.4 -483.3 2474.8 0 0 0 0 0 0 0 0 0
296.2 -584.9 2764.2 0 0 0 0 0 0 0 0 0
-102.4 -866.9 2185.0 0 0 0 0 0 0 0 0 0
323.5 -872.7 2196.8 0 0 0 0 0 0 0 0 0
108.3 -11.8 2957.1 11 0.9843276143 0.0483554006 0.1695903391 0.0287330225 0.9048452973 -0.4247698784 -0.1739929318 0.4229855537 0.8892747760
98.7 -192.4 2872.7 0.9843276143 0.0483554006 0.1695903391 0.0287330225 0.9048452973 -0.4247698784 -0.1739929318 0.4229855537 0.8892747760
88.6 -366.0 2786.5 0.9843239784 0.0525078140 0.1683724523 0.0286675356 0.8943272233 -0.4464941025 -0.1740244925 0.4443216622 0.8788024187
-35.6 -196.3 2896.4 -0.2591801584 -0.4537023008 -0.8526311517 0.5375709534 0.6656512022 -0.5176156163 0.8023983240 -0.5925054550 0.0713735968
44.8 -363.2 2647.3 -0.2760895789 -0.4416902661 -0.8536300659 0.5690711141 0.6406171918 -0.5155265927 0.7745531797 -0.6281077266 0.0744854435
233.0 -188.5 2848.9 0.5583575368 0.6397250891 0.5281937122 -0.8047217131 0.2628983557 0.5322663188 0.2016428709 -0.7222439051 0.6615919471
370.8 -387.1 2898.7 -0.3063851595 0.6397250891 0.7048971057 -0.7745705843 0.2628983557 -0.5752606988 -0.5533249974 -0.7222439051 0.4149641097
-4.5 -541.0 2710.1 0.9867600799 0.1487833261 -0.0645605475 -0.0515123084 -0.0899462774 -0.9946135879 -0.1537888944 0.9847706556 -0.0810912251
-77.3 -497.0 2228.4 0.9867600799 0.0702709258 0.1461729705 -0.0515123084 0.9903868437 -0.1283760667 -0.1537888944 0.1191466749 0.9808940291
172.8 -537.3 2685.8 0.9596454501 -0.2774142325 0.0460643135 0.0247915220 -0.0797092095 -0.9965098500 0.2801177502 0.9574381113 -0.0696150586
303.2 -499.8 2235.7 0.9596454501 -0.0545913689 -0.2758629322 0.0247915220 0.9935801625 -0.1103802919 0.2801177502 0.0990868807 0.9548380971
114.7 -507.2 2451.3 0 0 0 0 0 0 0 0 0
293.1 -583.7 2758.3 0 0 0 0 0 0 0 0 0
-103.5 -866.7 2183.9 0 0 0 0 0 0 0 0 0
323.6 -870.6 2198.7 0 0 0 0 0 0 0 0 0
108.1 -12.7 2956.0 12 0.9850203991 0.0437518023 0.1667951047 0.0304107238 0.9080394506 -0.4177793264 -0.1697351336 0.4165935218 0.8931068182
99.4 -194.0 2872.9 0.9850203991 0.0437518023 0.1667951047 0.0304107238 0.9080394506 -0.4177793264 -0.1697351336 0.4165935218 0.8931068182
90.0 -368.4 2788.2 0.9849677086 0.0485896766 0.1657640189 0.0293794814 0.8985185027 -0.4379512668 -0.1702219546 0.4362379014 0.8835841417
-35.1 -198.0 2896.1 -0.2881170511 -0.4552093744 -0.8424802423 0.5208774805 0.6637497544 -0.5367708206 0.8035391569 -0.5934818387 0.0458706804
48.9 -349.8 2661.9 -0.2276973873 -0.4463346899 -0.8654127717 0.5945225954 0.6401449442 -0.4865772128 0.7711659074 -0.6252997518 0.1195967123
233.9 -190.0 2849.6 0.5594804883 0.6421114802 0.5240939260 -0.8013872504 0.2576737106 0.5397987962 0.2115657628 -0.7220090628 0.6587433815
372.0 -387.8 2901.8 -0.3024889529 0.6421114802 0.7044098973 -0.7802408338 0.2576737106 -0.5699372888 -0.5474712253 -0.7220090628 0.4230581224
-9.7 -542.1 2715.9 0.9884643555 0.1380889565 -0.0622065216 -0.0499092638 -0.0907979310 -0.9946179390 -0.1429939866 0.9862490296 -0.0828585997
-78.2 -497.0 2226.2 0.9884643555 0.0643497184 0.1371033490 -0.0499092638 0.9930831194 -0.1062781140 -0.1429939866 0.0982093960 0.9848389030
166.5 -537.0 2684.7 0.9555568695 -0.2908985019 0.0478444248 0.0266751070 -0.0763093084 -0.9967272878 0.2935974598 0.9537059069 -0.0651581362
302.6 -501.3 2238.4 0.9555568695 -0.0629026666 -0.2880178690 0.0266751070 0.9914124012 -0.1280229539 0.2935974598 0.1146503165 0.9490289092
106.5 -500.3 2466.7 0 0 0 0 0 0 0 0 0
295.2 -585.8 2762.9 0 0 0 0 0 0 0 0 0
-102.2 -867.7 2189.6 0 0 0 0 0 0 0 0 0
326.1 -871.3 2195.6 0 0 0 0 0 0 0 0 0
105.6 -14.3 2957.5 13 0.9844062924 0.0406527780 0.1711478382 0.0360360891 0.9056923389 -0.4224012792 -0.1721790582 0.4219819605 0.8901042342
97.5 -195.0 2873.3 0.9844062924 0.0406527780 0.1711478382 0.0360360891 0.9056923389 -0.4224012792 -0.1721790582 0.4219819605 0.8901042342
89.2 -369.2 2788.2 0.9844353199 0.0431134999 0.1703769267 0.0366611145 0.8977395892 -0.4389983714 -0.1718808711 0.4384117126 0.8821859956
-36.9 -200.0 2896.8 -0.2908842564 -0.4630669951 -0.8372307420 0.5091810822 0.6659282446 -0.5452286005 0.8100129366 -0.5849004388 0.0420769304
47.7 -348.1 2661.2 -0.2173641473 -0.4544434845 -0.8638483286 0.5924615860 0.6419100165 -0.4867656827 0.7757203579 -0.6176023483 0.1297120899
232.0 -190.0 2849.8 0.5654609799 0.6390448809 0.5214167833 -0.7979445457 0.2639355063 0.5418695211 0.2086585164 -0.7224677801 0.6591676474
371.6 -387.0 2901.3 -0.2981118858 0.6390448809 0.7090492845 -0.7808770537 0.2639355063 -0.5661882162 -0.5489630103 -0.7224677801 0.4203331769
-7.6 -545.4 2718.8 0.9878865480 0.1401100606 -0.0667036548 -0.0531423688 -0.0983983949 -0.9937271476 -0.1457947046 0.9852344394 -0.0897606686
-77.9 -496.0 2224.5 0.9878865480 0.0668931305 0.1400196999 -0.0531423688 0.9935931563 -0.0997425541 -0.1457947046 0.0910933465 0.9851121306
168.7 -540.2 2688.3 0.9571533203 -0.2856785655 0.0473840982 0.0254504960 -0.0800086856 -0.9964691997 0.2884610295 0.9549797773 -0.0693099201
304.0 -502.3 2236.2 0.9571533203 -0.0578686520 -0.2837405801 0.0254504960 0.9928483963 -0.1166374311 0.2884610295 0.1044185683 0.9517809749
102.7 -498.2 2464.6 0 0 0 0 0 0 0 0 0
295.9 -585.2 2762.0 0 0 0 0 0 0 0 0 0
-102.9 -866.9 2190.5 0 0 0 0 0 0 0 0 0
325.6 -872.9 2197.3 0 0 0 0 0 0 0 0 0
106.6 -14.7 2956.7 14 0.9838629365 0.0357296951 0.1753201783 0.0428419039 0.9043121934 -0.4247164130 -0.1737191677 0.4253737926 0.8881884813
99.5 -195.5 2871.7 0.9838629365 0.0357296951 0.1753201783 0.0428419039 0.9043121934 -0.4247164130 -0.1737191677 0.4253737926 0.8881884813
91.5 -369.5 2786.0 0.9837828875 0.0410542078 0.1746018380 0.0409651250 0.8962952495 -0.4415616393 -0.1746227592 0.4415533841 0.8800781369
-34.9 -201.1 2895.5 -0.3034458458 -0.4663485885 -0.8309269547 0.4994953573 0.6647695303 -0.5555050373 0.8114339113 -0.5836098790 0.0312174186
51.9 -344.1 2663.3 -0.1903609484 -0.4590848386 -0.8677579165 0.6053088307 0.6410137415 -0.4719137251 0.7728931904 -0.6150954962 0.1558641344
233.9 -190.0 2847.8 0.5690628290 0.6359384656 0.5212962627 -0.7965519428 0.2689373195 0.5414589047 0.2041385323 -0.7233636379 0.6596002579
374.4 -386.6 2898.2 -0.2968563139 0.6359384656 0.7123612761 -0.7799521089 0.2689373195 -0.5651083589 -0.5509546399 -0.7233636379 0.4161658287
-7.4 -546.8 2718.5 0.9877505898 0.1399978548 -0.0689156726 -0.0549674332 -0.1011676267 -0.9933497310 -0.1460388750 0.9849699140 -0.0922330618
-76.8 -496.6 2229.9 0.9877505898 0.0721198544 0.1383744776 -0.0549674332 0.9907578826 -0.1240055412 -0.1460388750 0.1148804501 0.9825859666
169.0 -540.2 2687.7 0.9570317864 -0.2852603197 0.0521220528 0.0298630390 -0.0818341374 -0.9961984754 0.2884412408 0.9549500942 -0.0697991326
303.3 -501.7 2238.0 0.9570317864 -0.0641121194 -0.2828069925 0.0298630390 0.9918583035 -0.1237956062 0.2884412408 0.1100308523 0.9511544704
100.2 -497.6 2467.4 0 0 0 0 0 0 0 0 0
299.0 -584.6 2758.4 0 0 0 0 0 0 0 0 0
-103.7 -866.3 2187.0 0 0 0 0 0 0 0 0 0
327.3 -871.9 2196.9 0 0 0 0 0 0 0 0 0
106.8 -13.2 2955.9 15 0.9825969338 0.0330937542 0.1827788800 0.0477526151 0.9059245586 -0.4207379520 -0.1795076728 0.4221439958 0.8885783553
100.1 -194.9 2871.2 0.9825969338 0.0330937542 0.1827788800 0.0477526151 0.9059245586 -0.4207379520 -0.1795076728 0.4221439958 0.8885783553
92.4 -368.7 2785.2 0.9825016260 0.0400833972 0.1818897128 0.0454070494 0.8955551982 -0.4426275194 -0.1806342900 0.4431413412 0.8780643344
-34.1 -201.1 2895.9 -0.3077963889 -0.4710792303 -0.8266472816 0.4968832731 0.6613498926 -0.5618926883 0.8113990426 -0.5836957693 0.0305102784
54.7 -344.5 2661.7 -0.1780040264 -0.4654286504 -0.8670009971 0.6069721580 0.6415613890 -0.4690243006 0.7745317221 -0.6097337008 0.1683017164
234.4 -188.7 2846.5 0.5736171007 0.6303195953 0.5231258273 -0.7945896983 0.2730478048 0.5422841311 0.1989739537 -0.7267338634 0.6574703455
376.0 -384.9 2895.6 -0.2970562875 0.6303195953 0.7172550559 -0.7800400257 0.2730478048 -0.5630120039 -0.5507224202 -0.7267338634 0.4105639160
-4.6 -547.2 2715.9 0.9865394235 0.1463219821 -0.0730057955 -0.0582424514 -0.1027613357 -0.9929994345 -0.1527998149 0.9838851690 -0.0928559601
-76.6 -496.6 2231.5 0.9865394235 0.0779455751 0.1437513679 -0.0582424514 0.9889247417 -0.1365123540 -0.1527998149 0.1263023913 0.9801530242
171.7 -539.8 2684.6 0.9583842158 -0.2807117105 0.0519671403 0.0295576602 -0.0834854469 -0.9960705638 0.2839471400 0.9561543465 -0.0717139617
302.8 -500.9 2238.1 0.9583842158 -0.0630731732 -0.2784266770 0.0295576602 0.9919697046 -0.1229734048 0.2839471400 0.1096261367 0.9525524378
99.9 -498.5 2465.3 0 0 0 0 0 0 0 0 0
300.6 -582.9 2755.8 0 0 0 0 0 0 0 0 0
-105.7 -865.7 2184.4 0 0 0 0 0 0 0 0 0
326.3 -871.1 2197.1 0 0 0 0 0 0 0 0 0
106.7 -13.2 2955.4 16 0.9818685055 0.0332605690 0.1866226792 0.0483726263 0.9079325199 -0.4163154960 -0.1832876801 0.4177944958 0.8898614645
100.1 -195.0 2871.8 0.9818685055 0.0332605690 0.1866226792 0.0483726263 0.9079325199 -0.4163154960 -0.1832876801 0.4177944958 0.8898614645
92.2 -369.2 2786.6 0.9817724824 0.0403466560 0.1857281327 0.0460178144 0.8976700306 -0.4382589161 -0.1844048500 0.4388173521 0.8794510961
-34.1 -201.3 2897.0 -0.3078417778 -0.4749743342 -0.8243984580 0.4961198568 0.6592175961 -0.5650639534 0.8118488193 -0.5829507113 0.0327094682
53.4 -342.2 2666.3 -0.1909854263 -0.4664438963 -0.8636866808 0.6125723124 0.6308838725 -0.4761730433 0.7669939995 -0.6200126410 0.1652409732
234.2 -188.7 2846.6 0.5755335689 0.6272742748 0.5246790648 -0.7927932739 0.2705929875 0.5461302400 0.2005989850 -0.7302783132 0.6530341506
376.3 -384.4 2896.1 -0.2978830636 0.6272742748 0.7195780873 -0.7830332518 0.2705929875 -0.5600342155 -0.5460078716 -0.7302783132 0.4105715752
-3.4 -546.7 2715.3 0.9859524965 0.1485196948 -0.0764167681 -0.0613982230 -0.1032053456 -0.9927632809 -0.1553315073 0.9835093021 -0.0926367268
-76.5 -495.9 2231.2 0.9859524965 0.0812333897 0.1459409297 -0.0613982230 0.9888567328 -0.1356195956 -0.1553315073 0.1247539669 0.9799533486
172.6 -538.5 2683.0 0.9585477114 -0.2808463573 0.0480794571 0.0267954078 -0.0791416839 -0.9965031743 0.2836693823 0.9564841390 -0.0683356896
303.7 -501.6 2236.6 0.9585477114 -0.0605799295 -0.2784176469 0.0267954078 0.9919718504 -0.1235873774 0.2836693823 0.1110040843 0.9524756074
101.9 -497.7 2471.7 0 0 0 0 0 0 0 0 0
300.7 -583.2 2757.5 0 0 0 0 0 0 0 0 0
-106.9 -865.0 2184.6 0 0 0 0 0 0 0 0 0
326.3 -871.9 2195.1 0 0 0 0 0 0 0 0 0
107.0 -12.7 2955.2 17 0.9844316244 0.0403338782 0.1710777432 0.0353449956 0.9080074430 -0.4174604714 -0.1721776575 0.4170080125 0.8924456239
99.0 -194.2 2871.9 0.9844316244 0.0403338782 0.1710777432 0.0353449956 0.9080074430 -0.4174604714 -0.1721776575 0.4170080125 0.8924456239
90.6 -368.8 2787.6 0.9844500422 0.0432031713 0.1702690572 0.0357445292 0.8997398019 -0.4349605143 -0.1719895154 0.4342831075 0.8842046261
-35.5 -199.1 2895.4 -0.3186318874 -0.4626206756 -0.8273184299 0.4957726002 0.6625692248 -0.5614370108 0.8078881502 -0.5890535712 0.0182389747
55.1 -340.0 2665.7 -0.1910866350 -0.4538757205 -0.8703348637 0.6179232001 0.6333056688 -0.4659343958 0.7626642585 -0.6268339157 0.1594440937
233.5 -189.3 2848.4 0.5653632879 0.6391319633 0.5214160085 -0.7970242500 0.2605159581 0.5448704362 0.2124069482 -0.7236309648 0.6566898227
373.0 -386.1 2900.8 -0.2982587814 0.6391319633 0.7089090347 -0.7832952142 0.2605159581 -0.5644289255 -0.5454266667 -0.7236309648 0.4229278564
-3.5 -547.6 2717.9 0.9863651991 0.1460179836 -0.0759107471 -0.0608371086 -0.1050664857 -0.9926025867 -0.1529135108 0.9836868048 -0.0947506130
-76.1 -495.4 2229.1 0.9863651991 0.0787732974 0.1444938034 -0.0608371086 0.9903395176 -0.1246053800 -0.1529135108 0.1141158193 0.9816287756
172.4 -539.4 2684.9 0.9589750171 -0.2776607573 0.0571962781 0.0370877311 -0.0771450400 -0.9963298440 0.2810540795 0.9575766921 -0.0636823624
301.1 -503.6 2241.0 0.9589750171 -0.0746100917 -0.2734963298 0.0370877311 0.9894727468 -0.1398864836 0.2810540795 0.1240042895 0.9516467452
103.6 -496.8 2472.1 0 0 0 0 0 0 0 0 0
297.3 -584.9 2762.4 0 0 0 0 0 0 0 0 0
-105.5 -865.1 2186.5 0 0 0 0 0 0 0 0 0
328.9 -872.9 2194.7 0 0 0 0 0 0 0 0 0
108.3 -10.9 2955.6 18 0.9837938547 0.0364916101 0.1755505353 0.0394059122 0.9111307859 -0.4102290273 -0.1749194264 0.4104985297 0.8949269056
101.0 -193.4 2873.4 0.9837938547 0.0364916101 0.1755505353 0.0394059122 0.9111307859 -0.4102290273 -0.1749194264 0.4104985297 0.8949269056
93.3 -368.7 2790.5 0.9837942719 0.0397710539 0.1748343855 0.0394159928 0.9032656550 -0.4272675514 -0.1749147624 0.4272346497 0.8870599866
-33.4 -198.7 2897.3 -0.3148492277 -0.4700998664 -0.8245459795 0.4953488410 0.6596509218 -0.5652346611 0.8096292615 -0.5864015818 0.0251728483
56.7 -340.5 2665.5 -0.1912480444 -0.4637054801 -0.8651019931 0.6042469740 0.6389442086 -0.4760629237 0.7735048532 -0.6137813330 0.1579958051
235.4 -188.0 2849.5 0.5700057745 0.6358603239 0.5203604698 -0.7924662232 0.2581931353 0.5525699854 0.2170038223 -0.7273362279 0.6510694027
