62.0 11.4 3146.7 1 0.9882016778 0.1049383655 -0.1115587354 -0.1448986381 0.8765323162 -0.4590157568 0.0496164709 0.4697648585 0.8813961744
39.6 -176.4 3046.1 0.9882016778 0.1049383655 -0.1115587354 -0.1448986381 0.8765323162 -0.4590157568 0.0496164709 0.4697648585 0.8813961744
18.9 -346.7 2945.9 0.9877720475 0.1044469401 -0.1157463640 -0.1484555155 0.8568767309 -0.4936833680 0.0476166494 0.5048298240 0.8619045615
-104.2 -154.7 3039.2 0.1266100705 -0.9580529332 0.2571078241 0.4907566607 0.2857483923 0.8231073618 -0.8620486259 0.0219636913 0.5063495040
-151.1 -336.2 3358.0 0.0323703997 -0.9582924247 -0.2839502692 -0.2259482294 0.2697280049 -0.9360524416 0.9736013412 0.0944584534 -0.2077932805
183.4 -198.1 3053.0 0.3896270692 0.4080373645 0.8256490231 -0.7623246908 0.6459246278 0.0405268557 -0.5167705417 -0.6452029943 0.5627266765
274.0 -375.4 2932.8 -0.8547168970 0.4080373645 0.3208808899 0.0218799505 0.6459246278 -0.7630875707 -0.5186331272 -0.6452029943 -0.5610105395
-93.1 -507.9 2841.2 0.9780954719 0.1282496154 -0.1639549881 -0.1516297609 -0.1006510481 -0.9832994342 -0.1426100135 0.9866212010 -0.0789998770
-149.3 -463.8 2408.9 0.9780954719 0.1598359346 0.1333479434 -0.1516297609 0.9859808683 -0.0696432516 -0.1426100135 0.0478982329 0.9886193275
86.7 -534.5 2849.0 0.9902715087 0.0212639607 0.1375142187 0.1391390860 -0.1398018897 -0.9803549051 -0.0016214809 0.9899511337 -0.1414004713
76.8 -469.3 2387.4 0.9902715087 -0.1386569440 0.0116863037 0.1391390860 0.9876846075 -0.0715499818 -0.0016214809 0.0724799335 0.9973685741
-159.6 -276.7 3101.5 0 0 0 0 0 0 0 0 0
52.1 -369.8 2798.1 0 0 0 0 0 0 0 0 0
-206.8 -818.5 2391.7 0 0 0 0 0 0 0 0 0
129.7 -846.7 2359.7 0 0 0 0 0 0 0 0 0
63.3 13.5 3139.7 2 0.9924355745 0.1097108349 -0.0550926514 -0.1227601618 0.8822072148 -0.4545771480 -0.0012689066 0.4579017162 0.8890019059
40.1 -173.0 3042.9 0.9924355745 0.1097108349 -0.0550926514 -0.1227601618 0.8822072148 -0.4545771480 -0.0012689066 0.4579017162 0.8890019059
18.5 -343.8 2943.7 0.9921888709 0.1092115268 -0.0602829978 -0.1247224361 0.8593946099 -0.4958681464 -0.0023476309 0.4995135069 0.8663029075
-104.3 -154.8 3043.3 0.0710436180 -0.9623039961 0.2625335157 0.4930708706 0.2626733184 0.8293876052 -0.8670835495 0.0705249384 0.4931453168
-130.6 -337.2 3364.1 0.0869553089 -0.9584941864 -0.2715283334 -0.2244877815 0.2466977090 -0.9427329898 0.9705895185 0.1429304332 -0.1937185526
184.6 -191.2 3042.6 0.3647704422 0.4134694040 0.8342574835 -0.7976242304 0.6010042429 0.0508870110 -0.4803520739 -0.6839860678 0.5490217805
269.9 -377.6 2930.3 -0.8673779368 0.4134694040 0.2769451439 0.0314990617 0.6010042429 -0.7986248732 -0.4966521561 -0.6839860678 -0.5343217254
-91.9 -503.3 2841.0 0.9781913161 0.1355993301 -0.1573356688 -0.1462486088 -0.0882343054 -0.9853050709 -0.1474891156 0.9868270159 -0.0664788187
-151.4 -464.5 2407.9 0.9781913161 0.1539962441 0.1393802464 -0.1462486088 0.9871572256 -0.0642801449 -0.1474891156 0.0424941182 0.9881504178
88.5 -530.5 2850.0 0.9904453158 0.0257974919 0.1354716867 0.1377409995 -0.1370032877 -0.9809472561 -0.0067459112 0.9902346134 -0.1392476410
76.5 -467.0 2390.8 0.9904453158 -0.1363987327 0.0203341004 0.1377409995 0.9856594205 -0.0974832103 -0.0067459112 0.0993526280 0.9950294495
-153.5 -278.0 3108.3 0 0 0 0 0 0 0 0 0
44.6 -369.4 2801.3 0 0 0 0 0 0 0 0 0
-206.3 -816.3 2392.8 0 0 0 0 0 0 0 0 0
128.6 -843.5 2352.8 0 0 0 0 0 0 0 0 0
61.0 11.4 3149.7 3 0.9934830070 0.1108492389 -0.0265324581 -0.1098338068 0.8688250780 -0.4827831089 -0.0304640718 0.4825509787 0.8753379583
37.6 -172.5 3047.6 0.9934830070 0.1108492389 -0.0265324581 -0.1098338068 0.8688250780 -0.4827831089 -0.0304640718 0.4825509787 0.8753379583
15.4 -340.7 2944.3 0.9932590127 0.1115824506 -0.0313993022 -0.1115613952 0.8466541171 -0.5203180909 -0.0314740203 0.5203135610 0.8533951044
-107.2 -156.3 3052.2 0.0421976298 -0.9633110762 0.2650492191 0.5176049471 0.2479872853 0.8188940287 -0.8545784950 0.1026354060 0.5090790987
-122.9 -347.9 3368.6 0.1152831614 -0.9573860765 -0.2648049593 -0.2501821220 0.2300039828 -0.9404823780 0.9613109231 0.1746712476 -0.2130053043
182.4 -188.7 3043.0 0.3804294467 0.4238934219 0.8219414949 -0.7972124815 0.6007950306 0.0591405071 -0.4687491059 -0.6777607799 0.5664932728
272.7 -378.1 2931.7 -0.8583930135 0.4238934219 0.2889218330 0.0277816560 0.6007950306 -0.7989202142 -0.5122398138 -0.6777607799 -0.5274947286
-93.8 -503.1 2844.7 0.9794604182 0.1330243200 -0.1515316665 -0.1403778195 -0.0896142870 -0.9860341549 -0.1447459310 0.9870530963 -0.0690999776
-152.0 -463.9 2412.7 0.9794604182 0.1489481926 0.1359108239 -0.1403778195 0.9875737429 -0.0706552193 -0.1447459310 0.0501251221 0.9881983995
87.6 -526.0 2844.3 0.9888896346 0.0292815994 0.1457389295 0.1482904851 -0.1260402948 -0.9808790684 -0.0103527308 0.9915928841 -0.1289821267
74.3 -468.9 2395.0 0.9888896346 -0.1459791511 0.0280594993 0.1482904851 0.9819006920 -0.1178175882 -0.0103527308 0.1206695512 0.9926387668
-153.3 -281.9 3115.0 0 0 0 0 0 0 0 0 0
49.8 -370.9 2798.6 0 0 0 0 0 0 0 0 0
-204.8 -814.0 2394.9 0 0 0 0 0 0 0 0 0
130.1 -843.9 2348.9 0 0 0 0 0 0 0 0 0
59.9 11.5 3154.8 4 0.9931703806 0.1157754809 0.0144440643 -0.0928106830 0.8589869738 -0.5035151839 -0.0707019791 0.4987358153 0.8638656139
35.4 -170.2 3049.3 0.9931703806 0.1157754809 0.0144440643 -0.0928106830 0.8589869738 -0.5035151839 -0.0707019791 0.4987358153 0.8638656139
11.5 -335.6 2942.0 0.9927233458 0.1201055944 0.0086573008 -0.0960169137 0.8329058290 -0.5450216532 -0.0726708621 0.5402244925 0.8383772969
-109.3 -156.2 3059.8 0.0022139938 -0.9619018435 0.2733859718 0.5425615311 0.2308044136 0.8076857924 -0.8400131464 0.1465405077 0.5224019289
-110.1 -357.1 3370.9 0.1557774395 -0.9529390335 -0.2600780427 -0.2760299444 0.2108087242 -0.9377458096 0.9484412670 0.2178689539 -0.2302004695
180.2 -184.1 3038.7 0.3864799440 0.4444061220 0.8081685901 -0.8098796010 0.5827764273 0.0668335855 -0.4412803054 -0.6803490520 0.5851468444
273.1 -378.7 2932.7 -0.8531994224 0.4444061220 0.2730456591 0.0438667946 0.5827764273 -0.8114476800 -0.5197368860 -0.6803490520 -0.5167191625
-97.7 -498.7 2843.8 0.9803298712 0.1251127273 -0.1526436955 -0.1439615041 -0.0757747814 -0.9866778851 -0.1350125074 0.9892446399 -0.0562728643
-152.7 -465.4 2409.3 0.9803298712 0.1507199556 0.1274236441 -0.1439615041 0.9877177477 -0.0607345179 -0.1350125074 0.0411957651 0.9899871349
84.1 -519.1 2838.1 0.9887599349 0.0216644984 0.1479337513 0.1494425386 -0.1131181568 -0.9822785854 -0.0045465790 0.9933453202 -0.1150842980
74.4 -468.6 2394.5 0.9887599349 -0.1479742974 0.0213858243 0.1494425386 0.9824898839 -0.1112678126 -0.0045465790 0.1132131070 0.9935603142
-151.2 -284.3 3120.7 0 0 0 0 0 0 0 0 0
51.4 -367.3 2797.7 0 0 0 0 0 0 0 0 0
-205.8 -813.5 2394.8 0 0 0 0 0 0 0 0 0
130.9 -843.9 2351.3 0 0 0 0 0 0 0 0 0
58.6 9.8 3157.3 5 0.9922977686 0.1185552180 0.0359144658 -0.0843876451 0.8591924310 -0.5046455264 -0.0906857997 0.4977278709 0.8625792861
33.8 -169.8 3053.2 0.9922977686 0.1185552180 0.0359144658 -0.0843876451 0.8591924310 -0.5046455264 -0.0906857997 0.4977278709 0.8625792861
9.9 -335.2 2945.8 0.9923357964 0.1199108213 0.0298497751 -0.0841175094 0.8324568272 -0.5476676822 -0.0905199349 0.5409594178 0.8361632824
-111.0 -157.6 3066.4 -0.0190427396 -0.9617879987 0.2731323540 0.5451895595 0.2190054804 0.8092001677 -0.8380964994 0.1643182933 0.5201863050
-104.0 -359.6 3377.0 0.1756538153 -0.9513465762 -0.2531510293 -0.2774183452 0.1988931298 -0.9399364591 0.9445553422 0.2353321612 -0.2289846539
178.6 -182.0 3040.0 0.3897368014 0.4551985562 0.8005619645 -0.8092874885 0.5841487646 0.0618383698 -0.4394985437 -0.6719855070 0.5960507989
273.4 -378.9 2933.1 -0.8469625711 0.4551985562 0.2746792138 0.0512491427 0.5841487646 -0.8100270033 -0.5291766524 -0.6719855070 -0.5180806518
-103.4 -492.3 2841.4 0.9826480150 0.1126142964 -0.1473801285 -0.1413532495 -0.0597922169 -0.9881519079 -0.1200922206 0.9918381572 -0.0428363085
-152.7 -466.1 2407.1 0.9826480150 0.1463362128 0.1139675081 -0.1413532495 0.9886608720 -0.0506846793 -0.1200922206 0.0336955227 0.9921907187
78.4 -509.8 2828.2 0.9882190228 0.0089095319 0.1527865529 0.1529773325 -0.0874282718 -0.9843547344 0.0045877243 0.9961310029 -0.0877612382
74.4 -471.4 2390.9 0.9882190228 -0.1526616514 0.0108412048 0.1529773325 0.9831702113 -0.0998710170 0.0045877243 0.1003528982 0.9949413538
-150.4 -286.4 3127.6 0 0 0 0 0 0 0 0 0
53.3 -365.6 2795.6 0 0 0 0 0 0 0 0 0
-204.1 -813.4 2395.3 0 0 0 0 0 0 0 0 0
132.8 -847.0 2352.6 0 0 0 0 0 0 0 0 0
57.4 4.8 3159.0 6 0.9932045937 0.1149337441 0.0182989985 -0.0891144350 0.8521777987 -0.5156080127 -0.0748547614 0.5104735494 0.8566291332
33.3 -173.3 3052.3 0.9932045937 0.1149337441 0.0182989985 -0.0891144350 0.8521777987 -0.5156080127 -0.0748547614 0.5104735494 0.8566291332
10.9 -337.3 2942.5 0.9934977293 0.1131567657 0.0125641180 -0.0869586840 0.8254156113 -0.5577877760 -0.0734880790 0.5530683398 0.8298885226
-111.7 -160.6 3063.0 -0.0017653884 -0.9637937546 0.2666429281 0.5552711487 0.2208141834 0.8018198609 -0.8316674829 0.1494746506 0.5347770452
-111.0 -366.5 3371.4 0.1573113799 -0.9547328353 -0.2524646521 -0.2895841300 0.1998131573 -0.9360639453 0.9441367388 0.2203632593 -0.2450425923
178.4 -186.0 3041.6 0.4135597050 0.4669819176 0.7815985084 -0.8117172122 0.5779512525 0.0841873884 -0.4124118686 -0.6692534685 0.6180745959
276.5 -378.5 2943.8 -0.8382300735 0.4669819176 0.2815993130 0.0483048819 0.5779512525 -0.8146404028 -0.5431730151 -0.6692534685 -0.5070136786
-104.9 -492.9 2846.6 0.9827426076 0.1055474281 -0.1519103199 -0.1459130049 -0.0624360964 -0.9873252511 -0.1136943251 0.9924522638 -0.0459578708
-151.8 -465.2 2405.4 0.9827426076 0.1499977261 0.1082482561 -0.1459130049 0.9882842302 -0.0447625741 -0.1136943251 0.0281952601 0.9931156039
76.9 -508.3 2830.0 0.9889441133 0.0033456071 0.1482510418 0.1480711848 -0.0764205754 -0.9860196710 0.0080305962 0.9970700741 -0.0760710686
75.4 -474.3 2387.4 0.9889441133 -0.1482214779 0.0044674338 0.1480711848 0.9854131341 -0.0838803127 0.0080305962 0.0836144388 0.9964658022
-152.6 -290.0 3122.0 0 0 0 0 0 0 0 0 0
58.7 -365.9 2802.7 0 0 0 0 0 0 0 0 0
-204.4 -811.7 2395.5 0 0 0 0 0 0 0 0 0
132.0 -850.8 2355.5 0 0 0 0 0 0 0 0 0
55.9 2.7 3158.9 7 0.9928822517 0.1165911257 0.0243172552 -0.0859457850 0.8427439332 -0.5314094424 -0.0824508443 0.5255370140 0.8467659950
31.6 -173.2 3049.2 0.9928822517 0.1165911257 0.0243172552 -0.0859457850 0.8427439332 -0.5314094424 -0.0824508443 0.5255370140 0.8467659950
9.0 -335.2 2936.3 0.9933727980 0.1134396270 0.0184901617 -0.0824102387 0.8151159883 -0.5734059811 -0.0801185891 0.5680821538 0.8190627098
-113.5 -161.2 3060.9 -0.0076817377 -0.9636930823 0.2669018507 0.5709000230 0.2149084508 0.7923935056 -0.8209836483 0.1584612280 0.5485215783
-110.6 -373.0 3365.4 0.1629957855 -0.9542042017 -0.2508518994 -0.3069918156 0.1925809979 -0.9320239425 0.9376504421 0.2289254516 -0.2615429759
176.6 -185.3 3037.5 0.4118179679 0.4679638445 0.7819308043 -0.8116458058 0.5784688592 0.0812703967 -0.4142910242 -0.6681194901 0.6180447340
275.2 -379.5 2938.3 -0.8417712450 0.4679638445 0.2691301107 0.0615338124 0.5784688592 -0.8133801818 -0.5363159180 -0.6681194901 -0.5157340765
-102.7 -493.3 2839.3 0.9819901586 0.1148265824 -0.1500337869 -0.1434577405 -0.0635831505 -0.9876117706 -0.1229437068 0.9913486242 -0.0459652692
-153.0 -465.4 2405.0 0.9819901586 0.1470897943 0.1185743362 -0.1434577405 0.9889013171 -0.0386524722 -0.1229437068 0.0209459402 0.9921925664
79.4 -509.2 2825.9 0.9906280637 0.0018323802 0.1365748346 0.1363005191 -0.0780039504 -0.9875918031 0.0088437321 0.9969513416 -0.0775226578
78.6 -475.0 2388.0 0.9906280637 -0.1365450472 0.0033898922 0.1363005191 0.9866379499 -0.0892623216 0.0088437321 0.0888878107 0.9960023761
-153.7 -291.9 3117.6 0 0 0 0 0 0 0 0 0
56.5 -363.6 2799.0 0 0 0 0 0 0 0 0 0
-204.9 -814.7 2397.6 0 0 0 0 0 0 0 0 0
130.8 -851.9 2354.0 0 0 0 0 0 0 0 0 0
56.4 2.8 3158.8 8 0.9943646193 0.1034432501 -0.0232043620 -0.1000694633 0.8435848951 -0.5275894403 -0.0350007191 0.5269383788 0.8491824865
34.7 -173.8 3048.5 0.9943646193 0.1034432501 -0.0232043620 -0.1000694633 0.8435848951 -0.5275894403 -0.0350007191 0.5269383788 0.8491824865
14.4 -336.2 2936.0 0.9943637252 0.1022356600 -0.0280824266 -0.1000767872 0.8176240325 -0.5669881701 -0.0350055434 0.5666028857 0.8232470751
-110.4 -159.2 3053.6 0.0389843695 -0.9658936262 0.2559877634 0.5644578338 0.2326805145 0.7919893861 -0.8245408535 0.1136190966 0.5542771220
-124.8 -368.4 3359.2 0.1155838370 -0.9599540830 -0.2552030385 -0.3020693064 0.2107864767 -0.9296898246 0.9462528825 0.1845461279 -0.2656091452
179.8 -188.3 3043.4 0.3922298849 0.4856507480 0.7812163830 -0.8058898449 0.5908902884 0.0372851230 -0.4435056448 -0.6441987157 0.6231458783
272.3 -378.5 2938.8 -0.8152260184 0.4856507480 0.3155152202 0.0401598923 0.5908902884 -0.8057516813 -0.5777488351 -0.6441987157 -0.5012128353
-104.6 -489.6 2830.8 0.9819535613 0.1095807254 -0.1541404277 -0.1492885202 -0.0512313768 -0.9874655604 -0.1161040217 0.9926567674 -0.0339476913
-151.6 -467.6 2404.7 0.9819535613 0.1529415697 0.1112478450 -0.1492885202 0.9879636168 -0.0405069590 -0.1161040217 0.0231679268 0.9929668307
77.5 -504.7 2816.1 0.9917169809 -0.0062464820 0.1282903552 0.1276400536 -0.0635343716 -0.9897835255 0.0143335126 0.9979600906 -0.0622108132
80.2 -477.1 2383.9 0.9917169809 -0.1284080893 -0.0029662738 0.1276400536 0.9878368378 -0.0888052955 0.0143335126 0.0876911059 0.9960445762
-155.3 -288.6 3109.4 0 0 0 0 0 0 0 0 0
60.8 -368.1 2788.9 0 0 0 0 0 0 0 0 0
-205.1 -812.9 2396.6 0 0 0 0 0 0 0 0 0
129.3 -854.6 2350.4 0 0 0 0 0 0 0 0 0
56.3 2.0 3159.3 9 0.9943481684 0.1054711714 0.0121468734 -0.0824125782 0.8389174342 -0.5379830003 -0.0669319183 0.5339413285 0.8428682089
34.3 -173.4 3047.7 0.9943481684 0.1054711714 0.0121468734 -0.0824125782 0.8389174342 -0.5379830003 -0.0669319183 0.5339413285 0.8428682089
13.2 -334.8 2933.7 0.9943482876 0.1059291363 0.0071092434 -0.0824118257 0.8123397827 -0.5773321390 -0.0669314191 0.5734832883 0.8164784908
-110.8 -161.4 3057.4 0.0037606775 -0.9656991363 0.2596364319 0.5749450326 0.2145212740 0.7895687222 -0.8181833625 0.1463073790 0.5560306907
-112.2 -374.5 3360.7 0.1500735432 -0.9571834207 -0.2475436628 -0.3113984168 0.1918733418 -0.9307070971 0.9383543730 0.2167592049 -0.2692703009
179.4 -185.4 3037.9 0.3902032375 0.4857211411 0.7821869254 -0.8157103062 0.5763809681 0.0490066819 -0.4270340800 -0.6571605206 0.6211134791
272.4 -380.0 2936.0 -0.8125873804 0.4857211411 0.3221438527 0.0206682459 0.5763809681 -0.8169196844 -0.5824727416 -0.6571605206 -0.4783989191
-97.0 -489.6 2826.7 0.9795584679 0.1275821030 -0.1555248052 -0.1496876627 -0.0541894697 -0.9872472286 -0.1343828887 0.9903465509 -0.0339842886
-150.6 -466.8 2410.5 0.9795584679 0.1556436121 0.1274371445 -0.1496876627 0.9871963263 -0.0551093146 -0.1343828887 0.0349070281 0.9903144836
85.1 -507.9 2820.3 0.9919342995 0.0100672962 0.1263525933 0.1267478615 -0.0697917119 -0.9894766808 -0.0011429912 0.9975107908 -0.0705047995
80.7 -477.2 2382.1 0.9919342995 -0.1261345744 0.0125058647 0.1267478615 0.9879441261 -0.0888900161 -0.0011429912 0.0897581503 0.9959629178
-151.8 -292.3 3112.9 0 0 0 0 0 0 0 0 0
61.5 -374.6 2784.8 0 0 0 0 0 0 0 0 0
-205.6 -815.6 2398.2 0 0 0 0 0 0 0 0 0
128.9 -854.7 2347.8 0 0 0 0 0 0 0 0 0
55.2 2.2 3159.0 0 0.9938071370 0.1019866318 -0.0441146791 -0.1097247079 0.8380007148 -0.5345234275 -0.0175461117 0.5360536575 0.8440015316
33.8 -173.3 3046.8 0.9938071370 0.1019866318 -0.0441146791 -0.1097247079 0.8380007148 -0.5345234275 -0.0175461117 0.5360536575 0.8440015316
13.5 -334.2 2932.0 0.9935110211 0.1025153100 -0.0492595807 -0.1121107787 0.8097412586 -0.5759776831 -0.0191590153 0.5777626634 0.8159798980
-111.0 -156.9 3049.6 0.0601529405 -0.9647674561 0.2561354339 0.5732430816 0.2434555888 0.7823820710 -0.8171743751 0.0997652933 0.5676908493
-133.3 -369.2 3352.2 0.0954804346 -0.9603273273 -0.2620208859 -0.3139752746 0.2207327783 -0.9234157205 0.9446179271 0.1704362184 -0.2804433703
178.6 -189.6 3044.0 0.3900204301 0.4722402394 0.7904892564 -0.8027436733 0.5949371457 0.0406497493 -0.4510949254 -0.6504144669 0.6111255288
271.3 -380.2 2936.9 -0.8141053915 0.4722402394 0.3379667997 0.0114635648 0.5949371457 -0.8036904931 -0.5806039572 -0.6504144669 -0.4897550642
-99.0 -488.7 2826.0 0.9815540910 0.1321891546 -0.1381214857 -0.1321143359 -0.0532258712 -0.9898044467 -0.1381930560 0.9897944331 -0.0347799920
-154.8 -466.2 2407.9 0.9815540910 0.1374675035 0.1328691244 -0.1321143359 0.9900550246 -0.0483409613 -0.1381930560 0.0298953541 0.9899539948
83.2 -503.8 2813.7 0.9911885858 0.0073164580 0.1322560310 0.1324555427 -0.0611477196 -0.9893010259 0.0008489757 0.9981018901 -0.0615780242
80.0 -477.4 2382.2 0.9911885858 -0.1320757121 0.0100596566 0.1324555427 0.9878188968 -0.0816659927 0.0008489757 0.0822788626 0.9966089725
-158.5 -286.4 3103.0 0 0 0 0 0 0 0 0 0
59.8 -377.3 2786.1 0 0 0 0 0 0 0 0 0
-203.1 -814.0 2397.4 0 0 0 0 0 0 0 0 0
130.5 -854.8 2350.7 0 0 0 0 0 0 0 0 0
56.9 0.1 3161.4 1 0.9935641289 0.1131624058 -0.0049564778 -0.0978171751 0.8351247311 -0.5412933230 -0.0571147762 0.5382944345 0.8408192396
33.3 -174.5 3048.8 0.9935641289 0.1131624058 -0.0049564778 -0.0978171751 0.8351247311 -0.5412933230 -0.0571147762 0.5382944345 0.8408192396
11.1 -334.8 2933.5 0.9937133193 0.1114436164 -0.0106839705 -0.0967267454 0.8065803051 -0.5831570625 -0.0563716516 0.5805243850 0.8122891784
-111.6 -160.4 3057.1 0.0215300731 -0.9640125632 0.2649835646 0.5806674361 0.2278160006 0.7816170454 -0.8138561249 0.1370390505 0.5646755695
-119.6 -375.5 3358.6 0.1347780824 -0.9566389322 -0.2582184970 -0.3201586008 0.2045754790 -0.9250120521 0.9377277493 0.2073422223 -0.2787038982
178.2 -188.6 3040.6 0.3923342228 0.4889393747 0.7791098356 -0.8063287735 0.5903995037 0.0355287641 -0.4426146448 -0.6421578526 0.6258798242
271.7 -380.8 2935.1 -0.7995649576 0.4889393747 0.3487609029 0.0090027200 0.5903995037 -0.8070609570 -0.6005121469 -0.6421578526 -0.4764645398
-97.8 -484.8 2819.0 0.9799398184 0.1342288852 -0.1473110020 -0.1423768550 -0.0456983484 -0.9887570739 -0.1394516379 0.9898960590 -0.0256705452
-154.0 -465.7 2404.7 0.9799398184 0.1464184076 0.1352019757 -0.1423768550 0.9890381098 -0.0391461812 -0.1394516379 0.0191112719 0.9900444150
84.0 -505.4 2815.5 0.9925928116 0.0036077350 0.1214352474 0.1214118823 -0.0650267005 -0.9904699326 0.0043231803 0.9978770018 -0.0649830550
82.4 -476.9 2378.2 0.9925928116 -0.1214465275 0.0032056191 0.1214118823 0.9906798005 -0.0617467016 0.0043231803 0.0616785288 0.9980866909
-155.2 -291.1 3111.1 0 0 0 0 0 0 0 0 0
64.0 -378.5 2779.2 0 0 0 0 0 0 0 0 0
-205.4 -812.6 2398.0 0 0 0 0 0 0 0 0 0
128.8 -855.3 2354.6 0 0 0 0 0 0 0 0 0
57.4 3.9 3160.1 2 0.9936864972 0.1095564589 -0.0241759233 -0.1054291725 0.8381635547 -0.5351322293 -0.0383638181 0.5343025327 0.8444222808
34.4 -172.1 3047.9 0.9936864972 0.1095564589 -0.0241759233 -0.1054291725 0.8381635547 -0.5351322293 -0.0383638181 0.5343025327 0.8444222808
12.3 -333.3 2933.8 0.9933963418 0.1108772606 -0.0294952411 -0.1076003835 0.8110960126 -0.5749307871 -0.0398232788 0.5743078589 0.8176702261
-110.6 -156.4 3053.7 0.0403504521 -0.9635742903 0.2643794119 0.5721938610 0.2391965538 0.7844610810 -0.8191251755 0.1196229234 0.5610029697
-125.5 -368.6 3357.3 0.1167369932 -0.9575424790 -0.2635997832 -0.3123046756 0.2165587395 -0.9249692559 0.9427822232 0.1903015822 -0.2737645805
179.3 -187.8 3042.0 0.4086996615 0.4629499614 0.7865379453 -0.7942438126 0.6049541235 0.0566326268 -0.4496012628 -0.6478486657 0.6149396896
274.2 -372.1 2937.7 -0.8042804003 0.4629499614 0.3725726306 -0.0205187164 0.6049541235 -0.7959959507 -0.5938956141 -0.6478486657 -0.4770535827
-102.0 -486.3 2823.4 0.9794203043 0.1241125241 -0.1591601372 -0.1548107713 -0.0439964868 -0.9869639874 -0.1294970810 0.9912922978 -0.0238770954
-154.5 -467.7 2404.0 0.9794203043 0.1559321880 0.1281445473 -0.1548107713 0.9877666235 -0.0187272057 -0.1294970810 -0.0014963523 0.9915786982
79.9 -504.0 2813.1 0.9919902682 -0.0019239808 0.1262997389 0.1258977056 -0.0660891235 -0.9898393750 0.0102514708 0.9978118539 -0.0653175414
80.8 -475.0 2376.1 0.9919902682 -0.1262773275 -0.0030595786 0.1258977056 0.9903936386 -0.0571859032 0.0102514708 0.0563426651 0.9983588457
-156.4 -286.1 3108.3 0 0 0 0 0 0 0 0 0
65.3 -377.4 2783.5 0 0 0 0 0 0 0 0 0
-211.6 -829.5 2404.5 0 0 0 0 0 0 0 0 0
129.0 -853.4 2354.5 0 0 0 0 0 0 0 0 0
58.6 7.8 3146.4 3 0.9911015034 0.1088422388 0.0766233802 -0.0540010147 0.8549296260 -0.5159256458 -0.1216620952 0.5071969628 0.8531996012
35.7 -172.4 3039.5 0.9911015034 0.1088422388 0.0766233802 -0.0540010147 0.8549296260 -0.5159256458 -0.1216620952 0.5071969628 0.8531996012
13.5 -336.7 2930.1 0.9910680652 0.1129842475 0.0708425343 -0.0542547219 0.8268808126 -0.5597539544 -0.1218217164 0.5509107113 0.8256251216
-108.3 -164.3 3057.3 -0.0601052344 -0.9620728493 0.2660886049 0.5576053262 0.1887400150 0.8083647490 -0.8279273510 0.1969593763 0.5251126885
-86.2 -370.1 3362.8 0.2119069099 -0.9490160942 -0.2333749533 -0.2862081528 0.1680646837 -0.9433128834 0.9344412088 0.2666883469 -0.2360020876
179.6 -180.4 3021.7 0.4421482980 0.4926421046 0.7495389581 -0.8330944180 0.5352073312 0.1396667063 -0.3323530257 -0.6861901283 0.6470584273
279.0 -367.6 2947.0 -0.8014310002 0.4926421046 0.3391343653 -0.0282592326 0.5352073312 -0.8442479372 -0.5974192619 -0.6861901283 -0.4150100350
-100.7 -484.6 2823.3 0.9792914391 0.1212112606 -0.1621607542 -0.1586018950 -0.0385184623 -0.9865909815 -0.1258321255 0.9918791056 -0.0184964649
-152.7 -468.1 2397.6 0.9792914391 0.1581893116 0.1263504028 -0.1586018950 0.9873188138 -0.0068525369 -0.1258321255 -0.0133287804 0.9919620156
81.3 -504.3 2816.0 0.9919452071 0.0009300711 0.1266644746 0.1264562607 -0.0650497079 -0.9898370504 0.0073188683 0.9978815913 -0.0646433607
80.9 -475.7 2376.2 0.9919452071 -0.1266658604 -0.0007157866 0.1264562607 0.9905986786 -0.0521830507 0.0073188683 0.0516722128 0.9986372590
-141.9 -294.8 3117.1 0 0 0 0 0 0 0 0 0
70.8 -374.9 2791.8 0 0 0 0 0 0 0 0 0
-209.4 -821.8 2402.4 0 0 0 0 0 0 0 0 0
129.3 -854.2 2356.5 0 0 0 0 0 0 0 0 0
60.2 9.6 3153.1 4 0.9918550253 0.1144070998 0.0559879802 -0.0696786791 0.8553215265 -0.5133906603 -0.1066232622 0.5053079128 0.8563266397
36.2 -169.7 3047.1 0.9918550253 0.1144070998 0.0559879802 -0.0696786791 0.8553215265 -0.5133906603 -0.1066232622 0.5053079128 0.8563266397
12.4 -334.4 2938.6 0.9914102554 0.1207573637 0.0502330773 -0.0728639886 0.8289160728 -0.5546070337 -0.1086118892 0.5461829305 0.8305947781
-108.2 -159.0 3063.0 -0.0394468531 -0.9609730244 0.2738153040 0.5520918369 0.2074414194 0.8075658679 -0.8328496814 0.1830271184 0.5223624110
-93.6 -363.3 3371.1 0.1948463172 -0.9491398931 -0.2473223209 -0.2832717299 0.1869555414 -0.9406406283 0.9390377998 0.2533397675 -0.2324368954
180.6 -180.4 3031.3 0.4219807982 0.4637153149 0.7790380716 -0.8185206056 0.5643391609 0.1074495092 -0.3898156881 -0.6830003262 0.6177008152
276.0 -365.5 2943.1 -0.8134408593 0.4637153149 0.3511154950 -0.0343204439 0.5643391609 -0.8248293400 -0.5806342363 -0.6830003262 -0.4431416094
-99.1 -495.9 2831.8 0.9794671535 0.1199450642 -0.1620411277 -0.1553136706 -0.0635198504 -0.9858209491 -0.1285371780 0.9907463789 -0.0435865000
-151.5 -468.2 2399.0 0.9794671535 0.1567648202 0.1267632991 -0.1553136706 0.9876352549 -0.0213139243 -0.1285371780 0.0011882135 0.9917039871
81.7 -506.0 2809.5 0.9914357662 0.0003664128 0.1305948943 0.1303277761 -0.0667650774 -0.9892204404 0.0083567156 0.9977686405 -0.0662410408
81.5 -477.1 2377.7 0.9914357662 -0.1305875778 -0.0014307217 0.1303277761 0.9900455475 -0.0531462207 0.0083567156 0.0525045991 0.9985857010
-144.9 -288.6 3123.6 0 0 0 0 0 0 0 0 0
64.7 -374.4 2792.3 0 0 0 0 0 0 0 0 0
-206.7 -816.1 2398.6 0 0 0 0 0 0 0 0 0
131.4 -855.4 2357.7 0 0 0 0 0 0 0 0 0
59.4 11.4 3155.9 5 0.9943668246 0.1045052782 0.0177000836 -0.0814005286 0.8598815203 -0.5039620399 -0.0678866655 0.4996823072 0.8635444045
37.4 -168.9 3051.2 0.9943668246 0.1045052782 0.0177000836 -0.0814005286 0.8598815203 -0.5039620399 -0.0678866655 0.4996823072 0.8635444045
15.9 -334.3 2943.1 0.9940230846 0.1084948704 0.0121234553 -0.0841309205 0.8320658207 -0.5482594371 -0.0695708543 0.5439625978 0.8362204432
-107.4 -156.6 3061.3 -0.0011767489 -0.9650345445 0.2621200681 0.5458058715 0.2190137208 0.8087823987 -0.8379108310 0.1440183967 0.5264638066
-107.0 -358.7 3371.6 0.1553550810 -0.9561371803 -0.2483273596 -0.2779206634 0.1989224702 -0.9397818446 0.9479582906 0.2150151879 -0.2348266691
182.3 -181.2 3041.0 0.4050965309 0.4330042601 0.8052354455 -0.8008394241 0.5929543376 0.0840319842 -0.4410816133 -0.6789053679 0.5869706273
276.5 -367.4 2938.5 -0.8345336914 0.4330042601 0.3406769931 -0.0209468342 0.5929543376 -0.8049635887 -0.5505585670 -0.6789053679 -0.4857702851
-102.2 -492.4 2840.0 0.9806436300 0.1087748036 -0.1628069878 -0.1569622457 -0.0603489056 -0.9857590199 -0.1170509681 0.9922328591 -0.0421072319
-150.3 -465.7 2400.8 0.9806436300 0.1587522775 0.1146114767 -0.1569622457 0.9872997999 -0.0245356262 -0.1170509681 0.0060710302 0.9931073785
79.2 -505.8 2820.1 0.9919084907 -0.0062648524 0.1268003434 0.1262211353 -0.0585728884 -0.9902713895 0.0136309667 0.9982634783 -0.0573081858
81.9 -479.8 2376.2 0.9919084907 -0.1267289966 -0.0075722085 0.1262211353 0.9908227921 -0.0483571254 0.0136309667 0.0470100716 0.9988014102
-148.0 -285.4 3121.5 0 0 0 0 0 0 0 0 0
59.9 -372.9 2795.5 0 0 0 0 0 0 0 0 0
-206.8 -817.2 2398.7 0 0 0 0 0 0 0 0 0
130.4 -858.4 2358.2 0 0 0 0 0 0 0 0 0
59.7 8.3 3157.3 6 0.9940094352 0.1055185795 -0.0284800231 -0.1051028967 0.8513909578 -0.5138938427 -0.0299777128 0.5138086081 0.8573809266
37.6 -170.4 3049.5 0.9940094352 0.1055185795 -0.0284800231 -0.1051028967 0.8513909578 -0.5138938427 -0.0299777128 0.5138086081 0.8573809266
16.4 -334.1 2939.1 0.9936513305 0.1072994396 -0.0338205956 -0.1079220772 0.8241854906 -0.5559416413 -0.0317777842 0.5560621619 0.8305329680
-107.3 -154.6 3054.2 0.0447579585 -0.9643318057 0.2608848810 0.5531715751 0.2413800359 0.7973310947 -0.8318641186 0.1086271852 0.5442446470
-123.8 -359.4 3362.2 0.1113883480 -0.9587087631 -0.2616680861 -0.2902111411 0.2204483300 -0.9312250018 0.9504578710 0.1796666086 -0.2536725700
182.4 -186.2 3044.9 0.4342403412 0.4627780914 0.7728335857 -0.7964012027 0.5981372595 0.0893138424 -0.4209280610 -0.6542692780 0.6282923222
280.8 -366.5 2949.5 -0.8083119988 0.4627780914 0.3639617860 -0.0183045343 0.5981372595 -0.8011845946 -0.5884698033 -0.6542692780 -0.4750105441
-96.5 -491.9 2841.5 0.9799543619 0.1247974783 -0.1552900672 -0.1487620026 -0.0600849390 -0.9870459437 -0.1325114369 0.9903612137 -0.0403153747
-152.6 -464.9 2396.7 0.9799543619 0.1508312672 0.1301512420 -0.1487620026 0.9885433316 -0.0255338512 -0.1325114369 0.0056604496 0.9911653399
85.4 -507.3 2828.7 0.9919856191 0.0099658482 0.1259572953 0.1263228804 -0.0572198965 -0.9903375506 -0.0026622894 0.9983118773 -0.0580202304
80.8 -481.3 2373.7 0.9919856191 -0.1261639148 0.0068721212 0.1263228804 0.9914433956 -0.0329018757 -0.0026622894 0.0335062928 0.9994349480
-153.2 -282.9 3111.5 0 0 0 0 0 0 0 0 0
71.0 -371.3 2796.8 0 0 0 0 0 0 0 0 0
-206.2 -816.1 2394.7 0 0 0 0 0 0 0 0 0
129.0 -860.1 2360.9 0 0 0 0 0 0 0 0 0
57.2 4.3 3159.1 7 0.9920716286 0.1100707129 -0.0606494546 -0.1255107671 0.8431941271 -0.5227530599 -0.0064005395 0.5262206197 0.8503239751
34.1 -173.3 3048.3 0.9920716286 0.1100707129 -0.0606494546 -0.1255107671 0.8431941271 -0.5227530599 -0.0064005395 0.5262206197 0.8503239751
12.6 -336.4 2936.8 0.9919636846 0.1084509641 -0.0651643947 -0.1263324320 0.8207579255 -0.5571324229 -0.0069373581 0.5608875155 0.8278629184
-110.6 -154.8 3049.3 0.0760640129 -0.9621286392 0.2617685795 0.5540885925 0.2590485513 0.7911255956 -0.8289753199 0.0848667994 0.5528087616
-138.8 -360.1 3356.5 0.0818937942 -0.9586940408 -0.2723951936 -0.2944985926 0.2378310561 -0.9255846739 0.9521365166 0.1560196429 -0.2628571391
178.8 -191.7 3047.2 0.4550165236 0.3980228901 0.7965787649 -0.7608162165 0.6386068463 0.1154986918 -0.4627295434 -0.6586039066 0.5933989286
278.0 -357.8 2946.3 -0.8236737251 0.3980228901 0.4039051831 -0.0673164427 0.6386068463 -0.7665832043 -0.5630542636 -0.6586039066 -0.4992101789
-95.8 -488.0 2831.5 0.9793125987 0.1300997436 -0.1549866498 -0.1494512707 -0.0513433255 -0.9874351621 -0.1364225894 0.9901706576 -0.0308375936
-151.8 -465.9 2405.6 0.9793125987 0.1548873335 0.1302179694 -0.1494512707 0.9874740243 -0.0505898334 -0.1364225894 0.0300820228 0.9901939034
86.1 -507.8 2825.7 0.9941899180 0.0035067853 0.1075830013 0.1075924262 -0.0621318445 -0.9922517538 0.0032047166 0.9980617762 -0.0621481575
84.5 -479.6 2373.1 0.9941899180 -0.1076400355 0.0001512204 0.1075924262 0.9937064052 -0.0311685633 0.0032047166 0.0310037415 0.9995141029
-160.4 -282.4 3105.1 0 0 0 0 0 0 0 0 0
64.5 -375.2 2800.3 0 0 0 0 0 0 0 0 0
-205.6 -809.3 2395.1 0 0 0 0 0 0 0 0 0
125.6 -859.3 2361.3 0 0 0 0 0 0 0 0 0
56.6 2.5 3158.9 8 0.9908144474 0.1147458032 -0.0715547204 -0.1352270991 0.8385541439 -0.5277694464 -0.0005568171 0.5325977206 0.8463683128
32.5 -173.8 3047.0 0.9908144474 0.1147458032 -0.0715547204 -0.1352270991 0.8385541439 -0.5277694464 -0.0005568171 0.5325977206 0.8463683128
10.2 -335.2 2933.3 0.9906882048 0.1123135015 -0.0769579262 -0.1361450404 0.8123503327 -0.5670550466 -0.0011711447 0.5722522140 0.8200768232
-112.2 -153.9 3047.2 0.0878314152 -0.9601319432 0.2653907239 0.5638823509 0.2675472796 0.7813162804 -0.8211712837 0.0810250491 0.5649005771
-144.7 -363.0 3351.7 0.0717604086 -0.9574465752 -0.2795468867 -0.3076770604 0.2453527004 -0.9193132520 0.9487809539 0.1519804597 -0.2769777477
177.1 -193.7 3046.8 0.4768325984 0.4039624035 0.7806696296 -0.7605645061 0.6348488927 0.1360458285 -0.4406498671 -0.6586207151 0.6099561453
279.7 -357.4 2951.9 -0.8228014708 0.4039624035 0.3997650146 -0.0624772646 0.6348488927 -0.7701061368 -0.5648843050 -0.6586207151 -0.4971161783
-99.7 -487.9 2826.0 0.9807162881 0.1217811108 -0.1528560817 -0.1482905447 -0.0457639247 -0.9878844023 -0.1273009479 0.9915013909 -0.0268224366
-151.1 -468.6 2408.3 0.9807162881 0.1549527198 0.1191019341 -0.1482905447 0.9869381189 -0.0629528090 -0.1273009479 0.0440771542 0.9908843040
81.9 -511.1 2824.7 0.9944377542 -0.0079250336 0.1050273031 0.1042180508 -0.0702091083 -0.9920732379 0.0152360871 0.9975008368 -0.0689926594
85.5 -479.4 2374.7 0.9944377542 -0.1047551557 -0.0109498054 0.1042180508 0.9936850071 -0.0415772274 0.0152360871 0.0402047969 0.9990752935
-163.7 -281.7 3101.0 0 0 0 0 0 0 0 0 0
66.1 -373.6 2805.3 0 0 0 0 0 0 0 0 0
-205.0 -812.1 2392.9 0 0 0 0 0 0 0 0 0
125.5 -859.1 2359.3 0 0 0 0 0 0 0 0 0
56.0 1.3 3158.8 9 0.9938625097 0.1073650643 -0.0266470704 -0.1051503271 0.8420584798 -0.5290377736 -0.0343617834 0.5285927653 0.8481798172
33.5 -175.1 3048.1 0.9938625097 0.1073650643 -0.0266470704 -0.1051503271 0.8420584798 -0.5290377736 -0.0343617834 0.5285927653 0.8481798172
11.6 -337.4 2935.6 0.9934030175 0.1102443114 -0.0315688998 -0.1086529344 0.8168271184 -0.5665580034 -0.0366734602 0.5662505031 0.8234169483
-111.5 -159.2 3053.5 0.0424182862 -0.9636541605 0.2637637258 0.5636337399 0.2410610765 0.7900674343 -0.8249349594 0.1151528284 0.5533733964
-127.2 -368.1 3359.2 0.1144736782 -0.9577966928 -0.2636689544 -0.3025668561 0.2191893011 -0.9275825024 0.9462288618 0.1859612763 -0.2647061348
178.4 -191.0 3042.7 0.4650968015 0.4053570926 0.7870010138 -0.7634425163 0.6337091923 0.1247725561 -0.4481523335 -0.6588613391 0.6042029858
277.1 -353.0 2947.6 -0.8065976501 0.4053570926 0.4302159846 -0.0912484974 0.6337091923 -0.7681707740 -0.5840153098 -0.6588613391 -0.4741601646
-102.9 -484.1 2819.7 0.9815421700 0.1159473360 -0.1520892531 -0.1483758241 -0.0400628485 -0.9881191850 -0.1206629202 0.9924470782 -0.0221195947
-150.9 -467.5 2408.7 0.9815421700 0.1542248875 0.1130911559 -0.1483758241 0.9872003794 -0.0584814176 -0.1206629202 0.0406219848 0.9918620586
78.7 -509.1 2819.4 0.9951112866 -0.0190486591 0.0969052613 0.0954043716 -0.0681801960 -0.9931009412 0.0255242605 0.9974911809 -0.0660295561
87.1 -478.9 2378.1 0.9951112866 -0.0964251757 -0.0213463753 0.0954043716 0.9944408536 -0.0445584320 0.0255242605 0.0423040614 0.9987787008
-157.4 -288.2 3109.3 0 0 0 0 0 0 0 0 0
67.8 -376.7 2796.0 0 0 0 0 0 0 0 0 0
-205.0 -813.9 2394.4 0 0 0 0 0 0 0 0 0
124.0 -858.9 2362.0 0 0 0 0 0 0 0 0 0
53.2 2.1 3158.8 0 0.9957825541 0.0898269191 0.0186621230 -0.0666134581 0.8477640748 -0.5261736512 -0.0630856380 0.5227113366 0.8501723409
34.6 -174.0 3050.2 0.9957825541 0.0898269191 0.0186621230 -0.0666134581 0.8477640748 -0.5261736512 -0.0630856380 0.5227113366 0.8501723409
16.4 -337.3 2938.5 0.9956798553 0.0917306766 0.0143915284 -0.0675578043 0.8220110536 -0.5654500723 -0.0636991113 0.5620349646 0.8246569633
-110.6 -164.1 3059.5 -0.0035065163 -0.9693099856 0.2458166927 0.5626394153 0.2013055384 0.8018185496 -0.8266950250 0.1411177367 0.5446661115
-109.3 -372.6 3365.8 0.1526472569 -0.9606284499 -0.2321461737 -0.2949917316 0.1799018681 -0.9384109974 0.9432278275 0.2117270678 -0.2559159100
179.8 -183.9 3040.9 0.4467338026 0.3906360567 0.8048803210 -0.7763504982 0.6163781881 0.1317493469 -0.4446446300 -0.6837261319 0.5786274672
276.9 -352.7 2944.2 -0.8226321936 0.3906360567 0.4131339788 -0.0995954052 0.6163781881 -0.7811265588 -0.5597829819 -0.6837261319 -0.4681469798
-101.2 -489.8 2826.4 0.9816285372 0.1281692535 -0.1413435936 -0.1357764006 -0.0512244850 -0.9894143939 -0.1340527534 0.9904285669 -0.0328810588
-155.8 -467.9 2404.6 0.9816285372 0.1418442577 0.1276149601 -0.1357764006 0.9892062545 -0.0550973192 -0.1340527534 0.0367580019 0.9902922511
80.7 -509.7 2819.7 0.9945824146 -0.0117650833 0.1032833681 0.1023646072 -0.0620873459 -0.9928074479 0.0180930533 0.9980013967 -0.0605466552
86.0 -482.0 2375.1 0.9945824146 -0.1029779911 -0.0141917197 0.1023646072 0.9939933419 -0.0387129150 0.0180930533 0.0370504521 0.9991496205
-149.6 -294.7 3116.8 0 0 0 0 0 0 0 0 0
63.3 -378.5 2798.9 0 0 0 0 0 0 0 0 0
-205.7 -815.8 2391.6 0 0 0 0 0 0 0 0 0
125.3 -861.9 2361.0 0 0 0 0 0 0 0 0 0
51.5 4.3 3159.3 1 0.9968150854 0.0795727819 -0.0052730716 -0.0700977147 0.8427520394 -0.5337183475 -0.0380255617 0.5323881507 0.8456458449
34.9 -171.8 3048.1 0.9968150854 0.0795727819 -0.0052730716 -0.0700977147 0.8427520394 -0.5337183475 -0.0380255617 0.5323881507 0.8456458449
19.5 -333.5 2933.7 0.9969298244 0.0777412280 -0.0093393670 -0.0688894838 0.8141549826 -0.5765465498 -0.0372177400 0.5754198432 0.8170109391
-110.6 -161.7 3053.5 0.0201932974 -0.9724580050 0.2322017699 0.5740751624 0.2014249116 0.7936407924 -0.8185535669 0.1172750518 0.5623314381
-118.1 -374.5 3356.9 0.1261901408 -0.9657521248 -0.2267131805 -0.3085107207 0.1790009141 -0.9342268705 0.9428134561 0.1878336668 -0.2753567398
180.3 -181.9 3042.6 0.4373692572 0.4021691084 0.8043432832 -0.7763341069 0.6202923059 0.1119947955 -0.4538871050 -0.6734222174 0.5835143924
276.6 -352.7 2942.7 -0.8162971735 0.4021691084 0.4146310687 -0.0901704952 0.6202923059 -0.7791705728 -0.5705507994 -0.6734222174 -0.4700790644
-92.9 -494.3 2832.6 0.9786249399 0.1478744298 -0.1429209113 -0.1353017390 -0.0604129806 -0.9889609218 -0.1548763216 0.9871592522 -0.0391139798
-156.1 -468.5 2410.8 0.9786249399 0.1448323280 0.1460028440 -0.1353017390 0.9880914092 -0.0732720047 -0.1548763216 0.0519513749 0.9865669608
89.4 -506.7 2820.9 0.9938098192 0.0113199102 0.1105167717 0.1109629646 -0.0526582189 -0.9924284816 -0.0054145847 0.9985484481 -0.0535883419
84.3 -483.1 2372.8 0.9938098192 -0.1107673794 0.0085255457 0.1109629646 0.9934417605 -0.0275807548 -0.0054145847 0.0283560455 0.9995832443
-151.4 -293.0 3107.9 0 0 0 0 0 0 0 0 0
64.6 -376.1 2794.6 0 0 0 0 0 0 0 0 0
-207.0 -815.8 2392.5 0 0 0 0 0 0 0 0 0
126.6 -862.7 2362.0 0 0 0 0 0 0 0 0 0
51.7 4.8 3159.5 2 0.9947290421 0.0900065079 0.0491215959 -0.0495101064 0.8411119580 -0.5385901928 -0.0897933841 0.5333192945 0.8411347866
32.9 -171.2 3048.0 0.9947290421 0.0900065079 0.0491215959 -0.0495101064 0.8411119580 -0.5385901928 -0.0897933841 0.5333192945 0.8411347866
14.5 -333.5 2934.8 0.9946940541 0.0924538001 0.0451229401 -0.0498283505 0.8166900873 -0.5749212503 -0.0900051147 0.5696223378 0.8169635534
-112.1 -163.9 3061.1 -0.0343241990 -0.9685644507 0.2463833243 0.5730052590 0.1829125285 0.7988792062 -0.8188325763 0.1685998291 0.5487142205
-99.4 -376.1 3364.4 0.1819870323 -0.9576957226 -0.2229342163 -0.3041637540 0.1607727259 -0.9389550090 0.9350749254 0.2386861593 -0.2620377839
177.8 -178.5 3034.8 0.4469620585 0.4198320508 0.7899152040 -0.7895932198 0.6001763940 0.1277920902 -0.4204372466 -0.6808298826 0.5997526050
275.5 -351.0 2943.0 -0.8079252243 0.4198320508 0.4135189354 -0.0946419761 0.6001763940 -0.7942488194 -0.5816354156 -0.6808298826 -0.4451639056
-87.2 -488.9 2822.8 0.9769069552 0.1593662351 -0.1423207521 -0.1343941540 -0.0595135354 -0.9891391993 -0.1661054045 0.9854240417 -0.0367212966
-153.7 -464.1 2411.6 0.9769069552 0.1441967785 0.1576708108 -0.1343941540 0.9883656502 -0.0712151527 -0.1661054045 0.0483805463 0.9849204421
95.4 -501.6 2816.0 0.9911195040 0.0322963595 0.1289925873 0.1304585487 -0.0483681448 -0.9902732372 -0.0257430878 0.9983072877 -0.0521519482
81.2 -480.3 2376.9 0.9911195040 -0.1291185021 0.0317892060 0.1304585487 0.9904556870 -0.0444762856 -0.0257430878 0.0482284874 0.9985045195
-147.4 -295.9 3117.7 0 0 0 0 0 0 0 0 0
65.6 -375.6 2791.9 0 0 0 0 0 0 0 0 0
-205.1 -816.3 2394.4 0 0 0 0 0 0 0 0 0
130.5 -858.6 2358.5 0 0 0 0 0 0 0 0 0
53.3 3.4 3160.1 3 0.9939978719 0.1023414657 0.0386574529 -0.0656358004 0.8405900002 -0.5376805663 -0.0875220895 0.5319160819 0.8422619700
32.0 -171.7 3049.3 0.9939978719 0.1023414657 0.0386574529 -0.0656358004 0.8405900002 -0.5376805663 -0.0875220895 0.5319160819 0.8422619700
10.1 -333.4 2936.1 0.9932892323 0.1106538624 0.0336481184 -0.0711405277 0.8139288425 -0.5765924454 -0.0911893547 0.5703293085 0.8163387775
-112.9 -161.3 3062.7 -0.0228362214 -0.9642153978 0.2641346753 0.5742088556 0.2036279142 0.7929816246 -0.8183903098 0.1697771698 0.5490109324
-104.4 -374.2 3366.1 0.1763754487 -0.9537449479 -0.2434384972 -0.3090069890 0.1811638176 -0.9336457253 0.9345621467 0.2398963869 -0.2627609968
176.9 -182.1 3036.0 0.4377396107 0.4347594678 0.7869995236 -0.7932511568 0.5987979770 0.1104249358 -0.4232454300 -0.6726256013 0.6069909930
273.1 -356.4 2943.1 -0.8073226810 0.4347594678 0.3990167081 -0.0717844665 0.5987979770 -0.7976766229 -0.5857278109 -0.6726256013 -0.4522141814
-94.8 -491.2 2830.0 0.9791790247 0.1462111175 -0.1408217549 -0.1343474984 -0.0532986447 -0.9894998670 -0.1521814913 0.9878165722 -0.0325458162
-157.7 -468.3 2405.0 0.9791790247 0.1392292231 0.1477284133 -0.1343474984 0.9900193214 -0.0425738059 -0.1521814913 0.0218404345 0.9881111979
87.3 -500.4 2813.5 0.9915074110 0.0169924293 0.1289354861 0.1296048164 -0.0471088253 -0.9904460311 -0.0107560856 0.9987452030 -0.0489110500
79.9 -479.9 2378.6 0.9915074110 -0.1288264990 0.0177997891 0.1296048164 0.9901314974 -0.0533123761 -0.0107560856 0.0551665537 0.9984192252
-151.0 -292.6 3119.2 0 0 0 0 0 0 0 0 0
63.4 -375.0 2790.9 0 0 0 0 0 0 0 0 0
-206.4 -814.5 2397.3 0 0 0 0 0 0 0 0 0
129.1 -858.1 2357.5 0 0 0 0 0 0 0 0 0
53.9 2.8 3159.5 4 0.9943224788 0.1064065322 -0.0006682245 -0.0904794633 0.8421526551 -0.5315942168 -0.0560023449 0.5286365151 0.8469989300
31.7 -172.9 3049.2 0.9943224788 0.1064065322 -0.0006682245 -0.0904794633 0.8421526551 -0.5315942168 -0.0560023449 0.5286365151 0.8469989300
8.9 -334.7 2936.2 0.9933897257 0.1146310270 -0.0060482458 -0.0974703953 0.8145002127 -0.5719168782 -0.0606331229 0.5687258840 0.8202892542
-113.2 -158.7 3058.0 0.0168682188 -0.9632469416 0.2680872381 0.5691362023 0.2296993583 0.7895075679 -0.8220701814 0.1392605752 0.5520933270
-119.5 -369.6 3362.7 0.1400204152 -0.9554818869 -0.2597087324 -0.3071400523 0.2074414045 -0.9287804365 0.9413071871 0.2098151743 -0.2644207180
176.6 -187.1 3040.3 0.4496533871 0.4264885783 0.7848052979 -0.7815689445 0.6132093668 0.1145613045 -0.4323908389 -0.6648923159 0.6090618968
