215.6 -60.7 2793.3 28 0.9844168425 0.1370855719 0.1101407632 0.0021807917 0.6167662740 -0.7871432900 -0.1758370996 0.7751173377 0.6068561673
188.2 -183.7 2638.8 0.9844168425 0.1370855719 0.1101407632 0.0021807917 0.6167662740 -0.7871432900 -0.1758370996 0.7751173377 0.6068561673
159.9 -306.9 2485.3 0.9835776687 0.1425977498 0.1106385589 -0.0015289289 0.6195663214 -0.7849428654 -0.1804790050 0.7718830705 0.6096096039
49.9 -183.5 2664.1 0.3120642006 -0.3613916934 -0.8786421418 0.4650890529 0.8645441532 -0.1904090643 0.8284371495 -0.3492270112 0.4378725886
-35.6 -310.9 2437.1 -0.2330737412 -0.3613916934 -0.9028137326 0.2788896859 0.8645441532 -0.4180717468 0.9316099882 -0.3492270112 -0.1007141173
326.6 -183.9 2613.4 -0.0612595007 0.0761771798 0.9952107072 -0.4183062017 0.9033355713 -0.0948932618 -0.9062379003 -0.4221159220 -0.0234724991
309.4 -301.1 2359.5 -0.5135487318 0.0713061839 0.8550924659 -0.3361169994 0.9001859426 -0.2769306302 -0.7894890904 -0.4296284914 -0.4383221567
41.3 -429.9 2348.4 0.9416891932 0.3346858621 -0.0347396918 -0.2101777047 0.5044383407 -0.8374767303 -0.2627676129 0.7959442735 0.5453676581
-91.8 -630.5 2031.9 0.9416891932 0.3346858621 -0.0347396918 -0.2101777047 0.5044383407 -0.8374767303 -0.2627676129 0.7959442735 0.5453676581
221.7 -430.2 2315.3 0.9408724308 -0.0205809753 0.3381353915 0.3043726981 0.4895468056 -0.8171298504 -0.1487157643 0.8717340827 0.4668653607
229.9 -624.8 1968.7 0.9408724308 -0.0205809753 0.3381353915 0.3043726981 0.4895468056 -0.8171298504 -0.1487157643 0.8717340827 0.4668653607
24.9 -383.4 2195.0 0 0 0 0 0 0 0 0 0
176.0 -388.5 2154.2 0 0 0 0 0 0 0 0 0
-219.7 -823.3 1727.6 0 0 0 0 0 0 0 0 0
237.8 -812.0 1635.4 0 0 0 0 0 0 0 0 0
215.7 -60.5 2796.1 29 0.9845170379 0.1388775408 0.1069542915 -0.0004300402 0.6120719314 -0.7908019423 -0.1752883494 0.7785120010 0.6026549935
187.9 -183.1 2640.2 0.9845170379 0.1388775408 0.1069542915 -0.0004300402 0.6120719314 -0.7908019423 -0.1752883494 0.7785120010 0.6026549935
159.3 -305.3 2486.1 0.9837312102 0.1439470649 0.1074809507 -0.0038394921 0.6150009632 -0.7885169983 -0.1796055883 0.7752761245 0.6055483222
49.5 -182.5 2665.5 0.3130606711 -0.3506279588 -0.8826398253 0.4645173550 0.8671374917 -0.1797115058 0.8283819556 -0.3537409008 0.4343394041
-36.9 -310.7 2436.9 -0.2297722101 -0.3506279588 -0.9078902602 0.2865224183 0.8671374917 -0.4074033499 0.9301127195 -0.3537409008 -0.0987813249
326.3 -183.6 2614.9 -0.0606435165 0.0792248398 0.9950104356 -0.4183411300 0.9030525684 -0.0973998532 -0.9062632322 -0.4221604764 -0.0216212757
309.2 -301.5 2359.6 -0.5143103600 0.0724299774 0.8545401096 -0.3379888833 0.8986616135 -0.2795903981 -0.7881931067 -0.4326213002 -0.4377104342
40.4 -427.2 2348.4 0.9422236681 0.3331255913 -0.0352411605 -0.2104104310 0.5066856146 -0.8360604644 -0.2606569529 0.7951710820 0.5475043058
-92.0 -628.7 2032.3 0.9422236681 0.3331255913 -0.0352411605 -0.2104104310 0.5066856146 -0.8360604644 -0.2606569529 0.7951710820 0.5475043058
220.9 -427.9 2315.5 0.9420253038 -0.0221280064 0.3348114491 0.3016992807 0.4925653636 -0.8163068891 -0.1468532681 0.8699941039 0.4706850350
229.7 -623.8 1969.6 0.9420253038 -0.0221280064 0.3348114491 0.3016992807 0.4925653636 -0.8163068891 -0.1468532681 0.8699941039 0.4706850350
22.8 -385.2 2195.1 0 0 0 0 0 0 0 0 0
175.5 -389.3 2154.7 0 0 0 0 0 0 0 0 0
-219.4 -822.4 1728.3 0 0 0 0 0 0 0 0 0
238.2 -812.1 1637.0 0 0 0 0 0 0 0 0 0
216.8 -59.4 2797.9 30 0.9861563444 0.1426629722 0.0845158249 -0.0209092833 0.6126087904 -0.7901096940 -0.1644945294 0.7774044871 0.6071110368
188.3 -181.8 2642.6 0.9861563444 0.1426629722 0.0845158249 -0.0209092833 0.6126087904 -0.7901096940 -0.1644945294 0.7774044871 0.6071110368
159.4 -303.9 2488.3 0.9857433438 0.1453156322 0.0848141164 -0.0226687156 0.6141817570 -0.7888389230 -0.1667219102 0.7756701112 0.6087197065
49.6 -178.6 2666.0 0.3166863620 -0.3324266374 -0.8883705735 0.4659865201 0.8702883720 -0.1595454365 0.8261756897 -0.3634428680 0.4305147827
-39.9 -310.3 2432.6 -0.2473942637 -0.3324266374 -0.9101036191 0.2913995981 0.8702883720 -0.3970950246 0.9240575433 -0.3634428680 -0.1184353605
327.0 -185.0 2619.1 -0.0626414120 0.1023474112 0.9927744269 -0.4072245359 0.9055361152 -0.1190485880 -0.9111773968 -0.4117394686 -0.0150456801
309.2 -300.6 2360.4 -0.5123059750 0.0833047926 0.8547531366 -0.3415499926 0.8934230804 -0.2917854786 -0.7879633307 -0.4414243698 -0.4292532504
40.1 -423.9 2349.4 0.9424627423 0.3299128413 -0.0540504754 -0.2270629257 0.5130317807 -0.8277927637 -0.2453698516 0.7924367189 0.5584242940
-91.1 -627.9 2034.3 0.9424627423 0.3299128413 -0.0540504754 -0.2270629257 0.5130317807 -0.8277927637 -0.2453698516 0.7924367189 0.5584242940
220.9 -428.1 2318.8 0.9493380785 -0.0217238273 0.3135048747 0.2836634815 0.4885843992 -0.8251183629 -0.1352488697 0.8722461462 0.4699940383
229.6 -622.3 1972.0 0.9493380785 -0.0217238273 0.3135048747 0.2836634815 0.4885843992 -0.8251183629 -0.1352488697 0.8722461462 0.4699940383
24.4 -386.0 2192.4 0 0 0 0 0 0 0 0 0
176.0 -389.4 2155.5 0 0 0 0 0 0 0 0 0
-217.2 -824.0 1731.4 0 0 0 0 0 0 0 0 0
237.9 -809.1 1638.6 0 0 0 0 0 0 0 0 0
217.3 -59.3 2796.8 31 0.9868614078 0.1408657730 0.0791286752 -0.0245171506 0.6146422029 -0.7884249091 -0.1596979052 0.7761261463 0.6100203395
189.2 -182.0 2641.8 0.9868614078 0.1408657730 0.0791286752 -0.0245171506 0.6146422029 -0.7884249091 -0.1596979052 0.7761261463 0.6100203395
160.7 -304.6 2487.9 0.9864612818 0.1434547007 0.0794662312 -0.0262497533 0.6164411306 -0.7869633436 -0.1618798375 0.7742229104 0.6118609309
50.4 -178.3 2664.6 0.3319666684 -0.3542976081 -0.8742261529 0.4789243937 0.8617510200 -0.1673816144 0.8126681447 -0.3631231189 0.4557543695
-42.0 -311.6 2438.4 -0.2559871674 -0.3542976081 -0.8994130492 0.2841031551 0.8617510200 -0.4203220010 0.9239891768 -0.3631231189 -0.1199401468
328.0 -185.7 2619.1 -0.0645852908 0.1074098349 0.9921148419 -0.4049950540 0.9058123231 -0.1244310290 -0.9120349288 -0.4098380208 -0.0150017031
309.9 -299.3 2363.3 -0.5076729059 0.0870442763 0.8571414948 -0.3420201838 0.8927680850 -0.2932359874 -0.7907530665 -0.4420276582 -0.4234632552
41.7 -424.7 2348.9 0.9405337572 0.3343213201 -0.0602120608 -0.2345047742 0.5107564330 -0.8271247745 -0.2457717359 0.7920587659 0.5587836504
-91.3 -627.8 2033.9 0.9405337572 0.3343213201 -0.0602120608 -0.2345047742 0.5107564330 -0.8271247745 -0.2457717359 0.7920587659 0.5587836504
222.7 -429.5 2319.2 0.9509212375 -0.0184069350 0.3088849783 0.2784940600 0.4859992564 -0.8283995390 -0.1348695755 0.8737653494 0.4672732651
230.0 -622.8 1971.7 0.9509212375 -0.0184069350 0.3088849783 0.2784940600 0.4859992564 -0.8283995390 -0.1348695755 0.8737653494 0.4672732651
24.5 -385.5 2198.2 0 0 0 0 0 0 0 0 0
177.9 -388.2 2157.7 0 0 0 0 0 0 0 0 0
-219.1 -823.1 1731.1 0 0 0 0 0 0 0 0 0
237.0 -808.6 1637.7 0 0 0 0 0 0 0 0 0
216.8 -56.7 2796.8 32 0.9869453311 0.1346177161 0.0884134620 -0.0153960437 0.6253080964 -0.7802261114 -0.1603179127 0.7686793208 0.6192174554
190.0 -181.6 2643.3 0.9869453311 0.1346177161 0.0884134620 -0.0153960437 0.6253080964 -0.7802261114 -0.1603179127 0.7686793208 0.6192174554
163.0 -305.8 2490.4 0.9868180156 0.1355888993 0.0883510560 -0.0159853511 0.6249327660 -0.7805148959 -0.1610426158 0.7688137889 0.6188623309
51.1 -179.4 2665.9 0.3186472058 -0.3425057232 -0.8838290572 0.4676322341 0.8678646088 -0.1677234769 0.8244901896 -0.3598623276 0.4367093444
-37.8 -309.8 2435.9 -0.2387072146 -0.3425057232 -0.9086851478 0.2900749147 0.8678646088 -0.4033207297 0.9267553091 -0.3598623276 -0.1078132316
328.8 -183.9 2620.6 -0.0668748841 0.0973469391 0.9930011630 -0.4072747529 0.9058790207 -0.1162345111 -0.9108539820 -0.4121975005 -0.0209336001
309.9 -299.2 2362.7 -0.5131223798 0.0808207020 0.8545019031 -0.3392555714 0.8953915834 -0.2884087265 -0.7884231806 -0.4378834963 -0.4320265651
45.5 -428.6 2352.4 0.9384265542 0.3406305015 -0.0576752126 -0.2331499904 0.5012249351 -0.8333154917 -0.2549444139 0.7954523563 0.5497807860
-89.9 -627.9 2036.1 0.9384265542 0.3406305015 -0.0576752126 -0.2331499904 0.5012249351 -0.8333154917 -0.2549444139 0.7954523563 0.5497807860
226.6 -431.5 2322.8 0.9478046298 -0.0111865113 0.3186553717 0.2843503058 0.4818157554 -0.8288537264 -0.1442611963 0.8762011528 0.4598481059
231.0 -623.1 1974.4 0.9478046298 -0.0111865113 0.3186553717 0.2843503058 0.4818157554 -0.8288537264 -0.1442611963 0.8762011528 0.4598481059
24.2 -385.2 2195.0 0 0 0 0 0 0 0 0 0
176.5 -387.4 2157.7 0 0 0 0 0 0 0 0 0
-220.1 -819.5 1732.0 0 0 0 0 0 0 0 0 0
235.3 -807.3 1639.5 0 0 0 0 0 0 0 0 0
217.3 -60.4 2797.8 33 0.9862734675 0.1421878636 0.0839478076 -0.0204976220 0.6099022031 -0.7922115922 -0.1638428271 0.7796165347 0.6044448614
188.9 -182.1 2642.3 0.9862734675 0.1421878636 0.0839478076 -0.0204976220 0.6099022031 -0.7922115922 -0.1638428271 0.7796165347 0.6044448614
161.1 -304.0 2487.8 0.9865037799 0.1402188689 0.0845514387 -0.0195000693 0.6133158803 -0.7895969748 -0.1625731438 0.7772916555 0.6077727079
50.1 -179.3 2665.2 0.3100785613 -0.3371656239 -0.8889154196 0.4651250243 0.8692612648 -0.1674621701 0.8291622400 -0.3615303934 0.4263634682
-36.1 -308.6 2434.7 -0.2254816592 -0.3371656239 -0.9140444994 0.2982780039 0.8692612648 -0.3942272365 0.9274633527 -0.3615303934 -0.0954333767
327.8 -184.8 2619.4 -0.0620078333 0.1012347415 0.9929282665 -0.4076766670 0.9054985642 -0.1177799627 -0.9110185504 -0.4120969772 -0.0148769598
310.3 -299.3 2363.4 -0.5109878182 0.0848473161 0.8553901911 -0.3380620182 0.8950906992 -0.2907347083 -0.7903198600 -0.4377368391 -0.4286967814
42.7 -424.1 2348.2 0.9400861859 0.3366611004 -0.0538257547 -0.2301138043 0.5100580454 -0.8287873268 -0.2515662014 0.7915175557 0.5569689274
-91.2 -626.9 2033.5 0.9400861859 0.3366611004 -0.0538257547 -0.2301138043 0.5100580454 -0.8287873268 -0.2515662014 0.7915175557 0.5569689274
223.7 -427.7 2318.3 0.9492563605 -0.0166673902 0.3140614331 0.2814806700 0.4904630184 -0.8247512579 -0.1402890682 0.8713026047 0.4702666700
230.3 -622.7 1971.9 0.9492563605 -0.0166673902 0.3140614331 0.2814806700 0.4904630184 -0.8247512579 -0.1402890682 0.8713026047 0.4702666700
22.5 -386.1 2193.6 0 0 0 0 0 0 0 0 0
177.5 -387.2 2158.0 0 0 0 0 0 0 0 0 0
-219.9 -821.9 1730.9 0 0 0 0 0 0 0 0 0
236.7 -810.2 1638.8 0 0 0 0 0 0 0 0 0
217.6 -59.1 2800.3 34 0.9858732224 0.1426952034 0.0877042338 -0.0186849758 0.6140580177 -0.7890396714 -0.1664476693 0.7762543559 0.6080496311
189.2 -181.4 2645.7 0.9858732224 0.1426952034 0.0877042338 -0.0186849758 0.6140580177 -0.7890396714 -0.1664476693 0.7762543559 0.6080496311
161.0 -304.1 2491.9 0.9859056473 0.1421184987 0.0882742926 -0.0185447950 0.6172158718 -0.7865752578 -0.1662711948 0.7738519907 0.6111522317
50.4 -178.8 2669.1 0.3021760881 -0.3387828171 -0.8910195231 0.4582384825 0.8712573051 -0.1758640558 0.8358870149 -0.3551575243 0.4185164571
-34.9 -308.2 2433.0 -0.2278080732 -0.3387828171 -0.9128689170 0.2902883291 0.8712573051 -0.3957819343 0.9294278622 -0.3551575243 -0.1001347452
328.0 -184.0 2622.3 -0.0632689744 0.0984541178 0.9931282997 -0.4065601528 0.9062628150 -0.1157433018 -0.9114306569 -0.4110893607 -0.0173108000
309.9 -299.8 2362.8 -0.5047108531 0.0861921534 0.8589748740 -0.3332718313 0.8984153867 -0.2859714031 -0.7963647842 -0.4306049943 -0.4247145951
42.2 -425.1 2353.3 0.9416321516 0.3323919475 -0.0533340499 -0.2264360785 0.5081351399 -0.8309785724 -0.2491096705 0.7945528626 0.5537419319
-89.9 -627.1 2037.4 0.9416321516 0.3323919475 -0.0533340499 -0.2264360785 0.5081351399 -0.8309785724 -0.2491096705 0.7945528626 0.5537419319
223.2 -428.5 2322.8 0.9481124878 -0.0175418425 0.3174507320 0.2855915129 0.4857642055 -0.8261178136 -0.1397145689 0.8739138246 0.4655689299
230.1 -621.6 1975.3 0.9481124878 -0.0175418425 0.3174507320 0.2855915129 0.4857642055 -0.8261178136 -0.1397145689 0.8739138246 0.4655689299
24.3 -383.7 2191.4 0 0 0 0 0 0 0 0 0
178.7 -386.4 2155.8 0 0 0 0 0 0 0 0 0
-217.0 -821.4 1733.6 0 0 0 0 0 0 0 0 0
236.8 -807.4 1641.2 0 0 0 0 0 0 0 0 0
220.2 -64.1 2796.5 35 0.9823790193 0.1632788330 0.0909474790 -0.0275106560 0.6076375246 -0.7937378287 -0.1848636866 0.7772493958 0.6014223099
187.7 -185.4 2641.4 0.9823790193 0.1632788330 0.0909474790 -0.0275106560 0.6076375246 -0.7937378287 -0.1848636866 0.7772493958 0.6014223099
155.5 -306.4 2487.1 0.9826022387 0.1617986709 0.0911811218 -0.0266753715 0.6088150740 -0.7928635478 -0.1837967038 0.7766371965 0.6025391221
49.4 -181.7 2667.3 0.3088119328 -0.3527962863 -0.8832722902 0.4611798525 0.8677318096 -0.1853502095 0.8318343163 -0.3501090109 0.4306684732
-35.2 -308.0 2439.4 -0.2260040492 -0.3527962863 -0.9079961181 0.2840668857 0.8677318096 -0.4078572690 0.9317876101 -0.3501090109 -0.0958931595
325.9 -189.1 2615.6 -0.0551885478 0.0998449549 0.9934712648 -0.4059303999 0.9068055153 -0.1136848778 -0.9122360945 -0.4095543027 -0.0095151784
311.0 -299.3 2368.1 -0.5021454692 0.0871871561 0.8603768945 -0.3330227733 0.8986792564 -0.2854320705 -0.7980888486 -0.4298534989 -0.4222323895
33.2 -425.0 2349.6 0.9460985065 0.3201274276 -0.0491537899 -0.2164130360 0.5119392276 -0.8313143849 -0.2409627885 0.7971428037 0.5536246896
-94.1 -628.5 2032.7 0.9460985065 0.3201274276 -0.0491537899 -0.2164130360 0.5119392276 -0.8313143849 -0.2409627885 0.7971428037 0.5536246896
213.5 -429.9 2315.9 0.9477412105 -0.0364702381 0.3169486821 0.2935419083 0.4888460338 -0.8215002418 -0.1249788031 0.8716074228 0.4740051031
228.0 -624.2 1969.4 0.9477412105 -0.0364702381 0.3169486821 0.2935419083 0.4888460338 -0.8215002418 -0.1249788031 0.8716074228 0.4740051031
23.5 -381.9 2197.2 0 0 0 0 0 0 0 0 0
180.4 -385.8 2160.6 0 0 0 0 0 0 0 0 0
-216.4 -824.2 1727.9 0 0 0 0 0 0 0 0 0
241.9 -811.1 1636.2 0 0 0 0 0 0 0 0 0
218.5 -66.4 2795.7 36 0.9820288420 0.1698362678 0.0823104829 -0.0382571481 0.6062070131 -0.7943862081 -0.1848127842 0.7769612074 0.6018102169
184.5 -187.6 2640.2 0.9820288420 0.1698362678 0.0823104829 -0.0382571481 0.6062070131 -0.7943862081 -0.1848127842 0.7769612074 0.6018102169
151.0 -308.1 2485.7 0.9822704196 0.1684341580 0.0823086202 -0.0373911448 0.6062523127 -0.7943928838 -0.1837026924 0.7772310376 0.6018016934
46.3 -182.4 2666.1 0.3166885674 -0.3377482593 -0.8863602281 0.4604254663 0.8717207909 -0.1676640064 0.8292868733 -0.3550055325 0.4315719306
-41.4 -309.8 2436.5 -0.2597807348 -0.3377482593 -0.9046767950 0.2761856318 0.8717207909 -0.4047521651 0.9253299236 -0.3550055325 -0.1331750453
322.8 -192.9 2614.4 -0.0504853092 0.1106724963 0.9925738573 -0.3933351338 0.9113157988 -0.1216183975 -0.9180080295 -0.3965541124 -0.0024766773
308.7 -302.0 2359.8 -0.5106601715 0.0883614868 0.8552300334 -0.3313407004 0.8976478577 -0.2905884683 -0.7933722734 -0.4317644835 -0.4291152656
27.5 -425.2 2348.1 0.9492056966 0.3095640242 -0.0563798323 -0.2177368253 0.5168524981 -0.8279215693 -0.2271546870 0.7981438637 0.5580028296
-95.6 -630.7 2030.8 0.9492056966 0.3095640242 -0.0563798323 -0.2177368253 0.5168524981 -0.8279215693 -0.2271546870 0.7981438637 0.5580028296
207.7 -432.1 2314.4 0.9503069520 -0.0477307513 0.3076336086 0.2911178172 0.4863781333 -0.8238244653 -0.1103044972 0.8724437356 0.4761038125
226.7 -625.4 1967.6 0.9503069520 -0.0477307513 0.3076336086 0.2911178172 0.4863781333 -0.8238244653 -0.1103044972 0.8724437356 0.4761038125
26.1 -381.6 2196.1 0 0 0 0 0 0 0 0 0
176.0 -388.1 2153.5 0 0 0 0 0 0 0 0 0
-214.0 -828.3 1725.7 0 0 0 0 0 0 0 0 0
244.9 -811.4 1634.1 0 0 0 0 0 0 0 0 0
217.6 -63.3 2795.7 37 0.9806953669 0.1669020802 0.1018839478 -0.0216236208 0.6104027629 -0.7917960286 -0.1943426430 0.7743075490 0.6022281647
184.2 -185.4 2640.8 0.9806953669 0.1669020802 0.1018839478 -0.0216236208 0.6104027629 -0.7917960286 -0.1943426430 0.7743075490 0.6022281647
151.1 -307.1 2487.1 0.9806572795 0.1669092923 0.1022380516 -0.0217630714 0.6120762825 -0.7904992104 -0.1945191473 0.7729837894 0.6038694978
46.2 -182.4 2668.2 0.3106760383 -0.3484154344 -0.8843568563 0.4595333338 0.8694956303 -0.1811256260 0.8320513964 -0.3501200676 0.4302399457
-40.6 -310.9 2435.5 -0.2611550689 -0.3484154344 -0.9002248049 0.2686879039 0.8694956303 -0.4144685566 0.9271487594 -0.3501200676 -0.1334581971
322.2 -188.5 2613.4 -0.0509741828 0.0907859951 0.9945650101 -0.4024140239 0.9095708728 -0.1036523730 -0.9140375257 -0.4055104852 -0.0098310737
307.8 -302.4 2354.7 -0.5176401734 0.0730713680 0.8524724245 -0.3367162943 0.8985486627 -0.2814824879 -0.7865563035 -0.4327479899 -0.4405205846
27.9 -426.8 2351.3 0.9494614005 0.3111309409 -0.0414793491 -0.2039184570 0.5109572411 -0.8350688219 -0.2386215776 0.8013240695 0.5485795140
-95.8 -629.9 2032.7 0.9494614005 0.3111309409 -0.0414793491 -0.2039184570 0.5109572411 -0.8350688219 -0.2386215776 0.8013240695 0.5485795140
207.9 -430.8 2315.6 0.9439647198 -0.0473597571 0.3266308308 0.3071467876 0.4882624149 -0.8168602586 -0.1207952499 0.8714108467 0.4754488766
226.7 -624.9 1969.1 0.9439647198 -0.0473597571 0.3266308308 0.3071467876 0.4882624149 -0.8168602586 -0.1207952499 0.8714108467 0.4754488766
27.2 -380.7 2194.6 0 0 0 0 0 0 0 0 0
173.2 -389.9 2150.3 0 0 0 0 0 0 0 0 0
-214.7 -825.3 1726.4 0 0 0 0 0 0 0 0 0
244.8 -811.6 1636.0 0 0 0 0 0 0 0 0 0
217.5 -62.9 2794.7 38 0.9810102582 0.1690312922 0.0951171145 -0.0289359000 0.6124655604 -0.7899674773 -0.1917851865 0.7722139359 0.6057260633
183.7 -185.4 2640.3 0.9810102582 0.1690312922 0.0951171145 -0.0289359000 0.6124655604 -0.7899674773 -0.1917851865 0.7722139359 0.6057260633
150.0 -307.4 2487.0 0.9808852673 0.1696039885 0.0953862667 -0.0293884613 0.6136990190 -0.7889929414 -0.1923547983 0.7711083293 0.6069527268
45.7 -181.2 2667.4 0.3044671714 -0.3727351725 -0.8765661716 0.4665075243 0.8606841564 -0.2039447278 0.8304640055 -0.3468302488 0.4359338582
-38.8 -310.6 2437.1 -0.2505685091 -0.3727351725 -0.8934673667 0.2665261924 0.8606841564 -0.4338047206 0.9306874871 -0.3468302488 -0.1163166612
321.7 -189.5 2613.2 -0.0483362302 0.0983391628 0.9939783812 -0.4005918205 0.9096923470 -0.1094807312 -0.9149807692 -0.4034714997 -0.0045772358
308.2 -301.9 2356.5 -0.5145239234 0.0793618336 0.8537955284 -0.3351070881 0.8979116082 -0.2854085267 -0.7892834544 -0.4329624474 -0.4354023039
26.3 -426.7 2351.4 0.9503957033 0.3073002994 -0.0481090210 -0.2083389312 0.5140731931 -0.8320599198 -0.2309606969 0.8008091450 0.5525955558
-95.9 -631.1 2033.0 0.9503957033 0.3073002994 -0.0481090210 -0.2083389312 0.5140731931 -0.8320599198 -0.2309606969 0.8008091450 0.5525955558
206.3 -432.1 2316.1 0.9460449815 -0.0501451753 0.3201318085 0.3032615185 0.4850645065 -0.8202102780 -0.1141549945 0.8730394244 0.4740999341
226.2 -624.9 1968.9 0.9460449815 -0.0501451753 0.3201318085 0.3032615185 0.4850645065 -0.8202102780 -0.1141549945 0.8730394244 0.4740999341
26.3 -379.9 2195.2 0 0 0 0 0 0 0 0 0
174.4 -389.0 2151.3 0 0 0 0 0 0 0 0 0
-213.4 -827.6 1726.8 0 0 0 0 0 0 0 0 0
245.4 -810.4 1635.2 0 0 0 0 0 0 0 0 0
216.7 -63.0 2795.8 39 0.9796477556 0.1650573909 0.1142205894 -0.0104943942 0.6103810668 -0.7920383811 -0.2004498690 0.7747199535 0.5996906161
183.7 -185.1 2640.7 0.9796477556 0.1650573909 0.1142205894 -0.0104943942 0.6103810668 -0.7920383811 -0.2004498690 0.7747199535 0.5996906161
150.2 -307.0 2487.2 0.9790570736 0.1681276113 0.1148058027 -0.0126634687 0.6131185293 -0.7898894548 -0.2031917870 0.7718929648 0.6024070978
45.9 -183.3 2669.3 0.2885271907 -0.3205814064 -0.9022082090 0.4454777539 0.8790279627 -0.1698804945 0.8475267887 -0.3528985381 0.3964353800
-36.9 -311.3 2425.9 -0.2604456842 -0.3205814064 -0.9107115865 0.2764016390 0.8790279627 -0.3884738386 0.9250784516 -0.3528985381 -0.1403298229
321.4 -186.9 2612.1 -0.0497706197 0.0785287172 0.9956687093 -0.4092180729 0.9077813029 -0.0920526460 -0.9110782146 -0.4120271206 -0.0130454674
307.4 -302.0 2355.8 -0.5156503320 0.0656934828 0.8542769551 -0.3398443460 0.8995882869 -0.2743114531 -0.7865179777 -0.4317699671 -0.4415474534
27.0 -427.7 2352.4 0.9502930641 0.3098646700 -0.0304461569 -0.1931664199 0.5100467801 -0.8381760120 -0.2441921532 0.8023940325 0.5445493460
-96.2 -630.5 2033.4 0.9502930641 0.3098646700 -0.0304461569 -0.1931664199 0.5100467801 -0.8381760120 -0.2441921532 0.8023940325 0.5445493460
206.6 -430.1 2315.2 0.9398092031 -0.0494140200 0.3381078839 0.3179957569 0.4885963798 -0.8124975562 -0.1250495315 0.8711095452 0.4749008119
226.3 -624.3 1968.8 0.9398092031 -0.0494140200 0.3381078839 0.3179957569 0.4885963798 -0.8124975562 -0.1250495315 0.8711095452 0.4749008119
30.8 -383.1 2185.5 0 0 0 0 0 0 0 0 0
173.4 -390.4 2151.3 0 0 0 0 0 0 0 0 0
-214.7 -825.5 1726.6 0 0 0 0 0 0 0 0 0
245.2 -811.1 1635.8 0 0 0 0 0 0 0 0 0
217.3 -61.4 2798.3 40 0.9815428853 0.1612193584 0.1028684527 -0.0171645191 0.6099911928 -0.7922222614 -0.1904704124 0.7758344412 0.6014997363
185.1 -183.3 2643.2 0.9815428853 0.1612193584 0.1028684527 -0.0171645191 0.6099911928 -0.7922222614 -0.1904704124 0.7758344412 0.6014997363
153.3 -305.0 2489.3 0.9817260504 0.1598196328 0.1033039019 -0.0164672658 0.6121572256 -0.7905645967 -0.1895859689 0.7744166851 0.6036024690
47.0 -181.0 2669.9 0.2938418388 -0.3398355544 -0.8934029341 0.4547295272 0.8718218803 -0.1820651293 0.8407604098 -0.3527583182 0.4107110202
-36.9 -310.7 2430.1 -0.2494058013 -0.3398355544 -0.9068123102 0.2781111598 0.8718218803 -0.4032131135 0.9276049137 -0.3527583182 -0.1229253635
323.2 -185.7 2616.5 -0.0538738966 0.0876352116 0.9946947694 -0.4110948741 0.9058597684 -0.1020740196 -0.9099992514 -0.4144130349 -0.0127758086
307.9 -302.8 2357.2 -0.5186464190 0.0789388120 0.8513368964 -0.3293201029 0.9004577398 -0.2841199040 -0.7890210152 -0.4277201593 -0.4410230517
31.5 -425.2 2352.7 0.9467127919 0.3196672201 -0.0393418260 -0.2068646103 0.5098763704 -0.8350048661 -0.2468642145 0.7986482382 0.5488343239
-95.6 -628.0 2035.2 0.9467127919 0.3196672201 -0.0393418260 -0.2068646103 0.5098763704 -0.8350048661 -0.2468642145 0.7986482382 0.5488343239
211.6 -428.3 2317.9 0.9436514974 -0.0397807509 0.3285412192 0.3050051033 0.4897973239 -0.8167438507 -0.1284279227 0.8709282875 0.4743312895
227.4 -623.0 1971.6 0.9436514974 -0.0397807509 0.3285412192 0.3050051033 0.4897973239 -0.8167438507 -0.1284279227 0.8709282875 0.4743312895
28.0 -383.0 2189.0 0 0 0 0 0 0 0 0 0
173.1 -388.4 2152.1 0 0 0 0 0 0 0 0 0
-217.8 -822.9 1729.9 0 0 0 0 0 0 0 0 0
242.6 -810.2 1638.7 0 0 0 0 0 0 0 0 0
218.3 -61.1 2798.0 41 0.9824723005 0.1581663340 0.0986485854 -0.0191812199 0.6121759415 -0.7904888988 -0.1854190230 0.7747412324 0.6044797897
186.7 -183.6 2643.0 0.9824723005 0.1581663340 0.0986485854 -0.0191812199 0.6121759415 -0.7904888988 -0.1854190230 0.7747412324 0.6044797897
154.8 -305.3 2489.0 0.9821664095 0.1600668132 0.0986291096 -0.0203579310 0.6120411754 -0.7905638218 -0.1869081110 0.7744573951 0.6043848991
48.4 -180.7 2669.3 0.3012225330 -0.3419080973 -0.8901482224 0.4559665024 0.8715110421 -0.1804523021 0.8374720812 -0.3515214622 0.4184173942
-36.4 -309.2 2433.3 -0.2440623492 -0.3419080973 -0.9074868560 0.2788773179 0.8715110421 -0.4033558369 0.9287954569 -0.3515214622 -0.1173526347
324.9 -186.5 2616.6 -0.0568400472 0.0924582630 0.9940928817 -0.4073726237 0.9068963528 -0.1076409891 -0.9114915133 -0.4110845327 -0.0138830654
308.8 -301.5 2359.3 -0.5177923441 0.0813956261 0.8516253829 -0.3288123012 0.9000655413 -0.2859448493 -0.7897933722 -0.4280849397 -0.4392831922
32.9 -425.1 2352.2 0.9458982348 0.3215741813 -0.0432043150 -0.2117381990 0.5108817816 -0.8331667185 -0.2458526045 0.7972388864 0.5513316989
-94.9 -628.2 2035.2 0.9458982348 0.3215741813 -0.0432043150 -0.2117381990 0.5108817816 -0.8331667185 -0.2458526045 0.7972388864 0.5513316989
213.1 -428.8 2317.9 0.9452591538 -0.0368271396 0.3242358267 0.3000476956 0.4886966050 -0.8192356229 -0.1282828450 0.8716762066 0.4729948342
227.8 -623.1 1971.3 0.9452591538 -0.0368271396 0.3242358267 0.3000476956 0.4886966050 -0.8192356229 -0.1282828450 0.8716762066 0.4729948342
27.0 -381.7 2191.8 0 0 0 0 0 0 0 0 0
174.2 -387.0 2154.0 0 0 0 0 0 0 0 0 0
-217.9 -823.5 1730.4 0 0 0 0 0 0 0 0 0
241.9 -810.0 1638.0 0 0 0 0 0 0 0 0 0
219.1 -61.7 2796.4 42 0.9841751456 0.1581803113 0.0798642710 -0.0346818194 0.6139398217 -0.7885905504 -0.1737713516 0.7733413577 0.6097102761
187.5 -184.3 2641.9 0.9841751456 0.1581803113 0.0798642710 -0.0346818194 0.6139398217 -0.7885905504 -0.1737713516 0.7733413577 0.6097102761
155.6 -306.3 2488.2 0.9838157296 0.1604498476 0.0797653571 -0.0360662863 0.6133702993 -0.7889715433 -0.1755160689 0.7733257413 0.6092301607
49.1 -179.2 2666.6 0.3009439707 -0.3300300241 -0.8947138786 0.4576814473 0.8730797768 -0.1681052148 0.8366363645 -0.3589037061 0.4137967229
-35.6 -308.0 2431.2 -0.2492356896 -0.3300300241 -0.9104733467 0.2861211002 0.8730797768 -0.3947991729 0.9252114892 -0.3589037061 -0.1231740862
325.9 -189.4 2617.2 -0.0609300435 0.1116623506 0.9918765426 -0.3965732157 0.9092152119 -0.1267177165 -0.9159788489 -0.4010725915 -0.0111162271
308.8 -301.0 2359.5 -0.5148153901 0.0877150297 0.8528019786 -0.3360479772 0.8944970369 -0.2948674262 -0.7886931300 -0.4383846521 -0.4310244024
33.4 -424.9 2350.5 0.9445337057 0.3227210641 -0.0608863011 -0.2284398079 0.5124169588 -0.8277947307 -0.2359476388 0.7957888842 0.5577174425
-94.9 -628.6 2034.1 0.9445337057 0.3227210641 -0.0608863011 -0.2284398079 0.5124169588 -0.8277947307 -0.2359476388 0.7957888842 0.5577174425
213.9 -431.5 2318.3 0.9511089325 -0.0352442600 0.3068380952 0.2848765552 0.4839109778 -0.8274512291 -0.1193194091 0.8744072318 0.4702923298
228.0 -623.9 1970.6 0.9511089325 -0.0352442600 0.3068380952 0.2848765552 0.4839109778 -0.8274512291 -0.1193194091 0.8744072318 0.4702923298
29.2 -382.4 2190.7 0 0 0 0 0 0 0 0 0
174.9 -388.3 2154.5 0 0 0 0 0 0 0 0 0
-218.3 -824.5 1729.9 0 0 0 0 0 0 0 0 0
241.4 -808.9 1636.3 0 0 0 0 0 0 0 0 0
218.7 -63.1 2795.1 43 0.9837597013 0.1557050347 0.0892901868 -0.0254821759 0.6135824919 -0.7892193794 -0.1776723266 0.7741269469 0.6075854301
187.6 -185.8 2640.3 0.9837597013 0.1557050347 0.0892901868 -0.0254821759 0.6135824919 -0.7892193794 -0.1776723266 0.7741269469 0.6075854301
156.6 -308.5 2487.0 0.9836991429 0.1556650400 0.0900242627 -0.0257216226 0.6172869205 -0.7863175273 -0.1779729426 0.7711843252 0.6112285852
49.1 -182.2 2665.3 0.3135093153 -0.3189110160 -0.8944314718 0.4538185000 0.8777072430 -0.1538789570 0.8341227174 -0.3576670885 0.4198971093
-38.4 -308.9 2432.4 -0.2619971633 -0.3189110160 -0.9108530283 0.2810281515 0.8777072430 -0.3881406188 0.9232446551 -0.3576670885 -0.1403338313
326.0 -189.4 2615.2 -0.0624943413 0.1007767022 0.9929443598 -0.3967156112 0.9104072452 -0.1173684299 -0.9158117771 -0.4012514055 -0.0169156082
308.4 -301.1 2357.3 -0.5164632201 0.0768817067 0.8528510928 -0.3401767015 0.8955795765 -0.2867352068 -0.7858406901 -0.4382082522 -0.4363805354
35.4 -428.8 2350.0 0.9434866905 0.3269499838 -0.0541901067 -0.2232828438 0.5062727332 -0.8329662085 -0.2449033111 0.7979922295 0.5506638885
-94.6 -630.1 2032.7 0.9434866905 0.3269499838 -0.0541901067 -0.2232828438 0.5062727332 -0.8329662085 -0.2449033111 0.7979922295 0.5506638885
215.9 -433.6 2317.3 0.9477691054 -0.0314843729 0.3173994422 0.2926645875 0.4814820588 -0.8261491656 -0.1268113554 0.8758902550 0.4655481875
228.4 -625.0 1969.1 0.9477691054 -0.0314843729 0.3173994422 0.2926645875 0.4814820588 -0.8261491656 -0.1268113554 0.8758902550 0.4655481875
29.7 -381.9 2192.4 0 0 0 0 0 0 0 0 0
174.1 -389.5 2153.0 0 0 0 0 0 0 0 0 0
-219.6 -823.7 1727.6 0 0 0 0 0 0 0 0 0
240.5 -809.1 1634.2 0 0 0 0 0 0 0 0 0
217.7 -59.4 2796.9 44 0.9844625592 0.1484300792 0.0938189700 -0.0189333949 0.6209056377 -0.7836565971 -0.1745709330 0.7697042823 0.6140686274
188.0 -183.5 2643.2 0.9844625592 0.1484300792 0.0938189700 -0.0189333949 0.6209056377 -0.7836565971 -0.1745709330 0.7697042823 0.6140686274
158.4 -307.2 2490.4 0.9843257666 0.1491730064 0.0940755680 -0.0195047949 0.6222384572 -0.7825847268 -0.1752779484 0.7684834003 0.6153948903
49.5 -180.7 2667.8 0.3067625463 -0.3243486285 -0.8948154449 0.4545282423 0.8759353757 -0.1616827399 0.8362420797 -0.3571206927 0.4161297679
-38.0 -310.4 2429.3 -0.2634220421 -0.3243486285 -0.9085190296 0.2789573967 0.8759353757 -0.3935987651 0.9234671593 -0.3571206927 -0.1402612180
326.6 -186.2 2618.5 -0.0619609952 0.0950686038 0.9935405254 -0.4043073356 0.9077309370 -0.1120719239 -0.9125220180 -0.4086398184 -0.0178069770
308.9 -301.4 2358.5 -0.5153710246 0.0774482936 0.8534603119 -0.3382503092 0.8966633677 -0.2856248319 -0.7873877287 -0.4358859658 -0.4359174073
38.4 -429.1 2353.7 0.9425473213 0.3298531473 -0.0529288277 -0.2226207405 0.5020347238 -0.8357039690 -0.2490874678 0.7994735837 0.5466236472
-92.7 -628.7 2035.8 0.9425473213 0.3298531473 -0.0529288277 -0.2226207405 0.5020347238 -0.8357039690 -0.2490874678 0.7994735837 0.5466236472
219.0 -432.6 2321.5 0.9462481141 -0.0252843667 0.3224519193 0.2945181429 0.4794337749 -0.8266814947 -0.1336922199 0.8772137761 0.4611099958
229.1 -623.3 1972.8 0.9462481141 -0.0252843667 0.3224519193 0.2945181429 0.4794337749 -0.8266814947 -0.1336922199 0.8772137761 0.4611099958
30.5 -382.9 2189.2 0 0 0 0 0 0 0 0 0
174.9 -389.3 2153.8 0 0 0 0 0 0 0 0 0
-218.8 -820.6 1730.2 0 0 0 0 0 0 0 0 0
238.8 -806.6 1637.4 0 0 0 0 0 0 0 0 0
218.3 -57.8 2798.4 45 0.9844226241 0.1516961902 0.0888840482 -0.0247592535 0.6201161742 -0.7841191888 -0.1740663201 0.7697039843 0.6142122746
187.9 -181.8 2644.4 0.9844226241 0.1516961902 0.0888840482 -0.0247592535 0.6201161742 -0.7841191888 -0.1740663201 0.7697039843 0.6142122746
157.6 -305.4 2491.7 0.9842668772 0.1525294334 0.0891824588 -0.0253949873 0.6216275692 -0.7829011679 -0.1748537421 0.7683188915 0.6157208681
49.4 -178.3 2669.0 0.3161317110 -0.3152252734 -0.8948149085 0.4613293409 0.8752427101 -0.1453460157 0.8289969563 -0.3668558896 0.4221146405
-41.1 -310.4 2431.7 -0.2645837367 -0.3152252734 -0.9113882184 0.2901846170 0.8752427101 -0.3869665563 0.9196675420 -0.3668558896 -0.1401014626
326.4 -185.4 2619.8 -0.0560192317 0.1004063860 0.9933682084 -0.4083459377 0.9056095481 -0.1145639792 -0.9111067057 -0.4120556712 -0.0097310096
310.8 -299.4 2365.6 -0.5069066286 0.0857134759 0.8577288985 -0.3369008899 0.8961986899 -0.2886618674 -0.7934377193 -0.4352942407 -0.4254121184
37.0 -426.7 2355.0 0.9436260462 0.3260640502 -0.0570271611 -0.2247648090 0.5046863556 -0.8335301280 -0.2430033684 0.7993584275 0.5495229363
-92.7 -627.3 2037.1 0.9436260462 0.3260640502 -0.0570271611 -0.2247648090 0.5046863556 -0.8335301280 -0.2430033684 0.7993584275 0.5495229363
217.6 -431.3 2322.9 0.9479063749 -0.0276571531 0.3173461854 0.2912310958 0.4788792729 -0.8281661272 -0.1290657967 0.8774449825 0.4619873166
228.6 -621.7 1974.0 0.9479063749 -0.0276571531 0.3173461854 0.2912310958 0.4788792729 -0.8281661272 -0.1290657967 0.8774449825 0.4619873166
27.7 -385.8 2192.6 0 0 0 0 0 0 0 0 0
179.0 -386.9 2159.3 0 0 0 0 0 0 0 0 0
-217.3 -820.3 1731.5 0 0 0 0 0 0 0 0 0
239.1 -804.8 1638.5 0 0 0 0 0 0 0 0 0
216.7 -58.8 2796.6 46 0.9817470312 0.1634148806 0.0973051339 -0.0247607511 0.6170811057 -0.7865098715 -0.1885725856 0.7697443962 0.6098638773
184.0 -182.0 2642.9 0.9817470312 0.1634148806 0.0973051339 -0.0247607511 0.6170811057 -0.7865098715 -0.1885725856 0.7697443962 0.6098638773
151.9 -304.6 2489.8 0.9820629358 0.1615309566 0.0972634703 -0.0235612597 0.6169264317 -0.7866680622 -0.1870756447 0.7702658772 0.6096664071
45.8 -178.7 2669.2 0.3113852441 -0.3094628155 -0.8984831572 0.4596259594 0.8765848279 -0.1426289231 0.8317350745 -0.3685536385 0.4151927233
-42.5 -309.1 2433.2 -0.2633541226 -0.3094628155 -0.9137162566 0.2934125662 0.8765848279 -0.3814552128 0.9189960361 -0.3685536385 -0.1400519609
322.2 -185.3 2616.6 -0.0399312563 0.0942490995 0.9947475195 -0.4138448536 0.9045791030 -0.1023185402 -0.9094712138 -0.4157568514 0.0028835244
311.3 -298.9 2366.9 -0.5049718022 0.0834293440 0.8590943217 -0.3364452720 0.8975642323 -0.2849262953 -0.7948635817 -0.4329179525 -0.4251752198
29.7 -425.1 2353.8 0.9481527805 0.3141968846 -0.0478190966 -0.2109855860 0.5097541213 -0.8340478539 -0.2376792580 0.8008939028 0.5496158004
-95.2 -627.8 2035.4 0.9481527805 0.3141968846 -0.0478190966 -0.2109855860 0.5097541213 -0.8340478539 -0.2376792580 0.8008939028 0.5496158004
209.9 -429.4 2319.5 0.9454652667 -0.0425647236 0.3229298890 0.3021752834 0.4847289026 -0.8208093643 -0.1215959340 0.8736281395 0.4711563587
226.8 -622.1 1972.2 0.9454652667 -0.0425647236 0.3229298890 0.3021752834 0.4847289026 -0.8208093643 -0.1215959340 0.8736281395 0.4711563587
25.9 -385.4 2194.3 0 0 0 0 0 0 0 0 0
180.0 -386.4 2160.2 0 0 0 0 0 0 0 0 0
-215.3 -822.7 1729.2 0 0 0 0 0 0 0 0 0
243.1 -807.4 1638.2 0 0 0 0 0 0 0 0 0
216.3 -61.2 2793.7 47 0.9821103215 0.1558799297 0.1056446359 -0.0130969230 0.6162106395 -0.7874724865 -0.1878505051 0.7720012069 0.6072283387
185.2 -184.3 2639.4 0.9821103215 0.1558799297 0.1056446359 -0.0130969230 0.6162106395 -0.7874724865 -0.1878505051 0.7720012069 0.6072283387
154.2 -307.2 2486.3 0.9820933342 0.1557039171 0.1060614139 -0.0131642818 0.6183136702 -0.7858211994 -0.1879346520 0.7703534961 0.6092914343
46.9 -182.5 2665.9 0.3272373080 -0.2848258018 -0.9009938836 0.4489369690 0.8858714104 -0.1169931442 0.8314874172 -0.3662049472 0.4177590013
-44.9 -308.5 2432.5 -0.2686413229 -0.2848258018 -0.9201663733 0.2929521203 0.8858714104 -0.3597372174 0.9176115394 -0.3662049472 -0.1545413435
323.4 -186.2 2613.0 -0.0500916690 0.0844268873 0.9951698184 -0.4113872647 0.9062213302 -0.0975878909 -0.9100831747 -0.4142885208 -0.0106619941
309.5 -300.3 2360.4 -0.5118423700 0.0723141506 0.8560304046 -0.3392831683 0.8984311819 -0.2787620723 -0.7892428637 -0.4331189692 -0.4353201985
33.1 -429.0 2350.4 0.9456662536 0.3226638436 -0.0400423519 -0.2080807686 0.5059640408 -0.8370798826 -0.2498354316 0.7999302745 0.5456132889
-95.1 -630.1 2032.3 0.9456662536 0.3226638436 -0.0400423519 -0.2080807686 0.5059640408 -0.8370798826 -0.2498354316 0.7999302745 0.5456132889
213.3 -431.4 2315.9 0.9425656796 -0.0363660529 0.3320352435 0.3070605695 0.4855885208 -0.8184849620 -0.1314674318 0.8734307885 0.4688656628
227.8 -624.4 1968.6 0.9425656796 -0.0363660529 0.3320352435 0.3070605695 0.4855885208 -0.8184849620 -0.1314674318 0.8734307885 0.4688656628
24.9 -384.6 2193.9 0 0 0 0 0 0 0 0 0
176.4 -388.5 2155.3 0 0 0 0 0 0 0 0 0
-218.5 -823.5 1726.5 0 0 0 0 0 0 0 0 0
241.7 -810.1 1634.7 0 0 0 0 0 0 0 0 0
217.4 -59.4 2796.7 48 0.9830439091 0.1553029865 0.0974971429 -0.0187999662 0.6142526269 -0.7888854742 -0.1824041456 0.7736760974 0.6067569852
186.4 -181.9 2642.4 0.9830439091 0.1553029865 0.0974971429 -0.0187999662 0.6142526269 -0.7888854742 -0.1824041456 0.7736760974 0.6067569852
155.5 -304.8 2489.2 0.9829870462 0.1551592499 0.0982959718 -0.0190256871 0.6182972193 -0.7857140899 -0.1826869398 0.7704765797 0.6107301116
48.0 -179.2 2668.1 0.3128536642 -0.3061724603 -0.8991001248 0.4552905262 0.8791163564 -0.1409430504 0.8335664868 -0.3652572036 0.4144321978
-41.5 -309.5 2429.6 -0.2547142804 -0.3061724603 -0.9172671437 0.2940433323 0.8791163564 -0.3750905693 0.9212269783 -0.3652572036 -0.1338955313
324.7 -184.5 2616.7 -0.0572053492 0.0916636288 0.9941455126 -0.4142394662 0.9038360715 -0.1071730480 -0.9083684087 -0.4179451764 -0.0137335630
308.5 -302.2 2358.8 -0.5161237717 0.0845798254 0.8523277044 -0.3286125660 0.8994056582 -0.2882416546 -0.7909677625 -0.4288539588 -0.4364106655
34.5 -426.0 2352.8 0.9454340339 0.3224114776 -0.0469613597 -0.2143272460 0.5068734884 -0.8349509239 -0.2453943044 0.7994561195 0.5483170152
-93.7 -627.5 2035.0 0.9454340339 0.3224114776 -0.0469613597 -0.2143272460 0.5068734884 -0.8349509239 -0.2453943044 0.7994561195 0.5483170152
214.9 -429.5 2319.3 0.9451574683 -0.0332730897 0.3249157369 0.2993810773 0.4859420657 -0.8211158514 -0.1305691600 0.8733574152 0.4692530930
228.1 -622.7 1972.1 0.9451574683 -0.0332730897 0.3249157369 0.2993810773 0.4859420657 -0.8211158514 -0.1305691600 0.8733574152 0.4692530930
24.7 -385.9 2190.1 0 0 0 0 0 0 0 0 0
174.3 -387.6 2153.1 0 0 0 0 0 0 0 0 0
-216.9 -821.3 1729.3 0 0 0 0 0 0 0 0 0
240.8 -808.4 1638.2 0 0 0 0 0 0 0 0 0
217.0 -59.3 2798.3 49 0.9822110534 0.1527568400 0.1092096344 -0.0078857010 0.6146234274 -0.7887812257 -0.1876145303 0.7738884687 0.6048945189
186.5 -182.1 2643.7 0.9822110534 0.1527568400 0.1092096344 -0.0078857010 0.6146234274 -0.7887812257 -0.1876145303 0.7738884687 0.6048945189
155.7 -305.2 2490.7 0.9817411304 0.1550853252 0.1101492494 -0.0097694676 0.6194000840 -0.7850146890 -0.1899707168 0.7696051002 0.6096056700
48.3 -180.7 2670.4 0.3065303862 -0.3165361285 -0.8976881504 0.4536391795 0.8776772022 -0.1545774639 0.8368098140 -0.3598438203 0.4126279056
-38.2 -308.8 2434.2 -0.2369963229 -0.3165361285 -0.9184975028 0.2941461504 0.8776772022 -0.3783658743 0.9259107709 -0.3598438203 -0.1148983911
324.6 -183.5 2616.9 -0.0544529930 0.0800908580 0.9952991009 -0.4154315293 0.9045951962 -0.0955203250 -0.9079931378 -0.4186800122 -0.0159856509
309.3 -300.8 2360.4 -0.5233259797 0.0765938908 0.8486832976 -0.3255397379 0.9024389982 -0.2821838558 -0.7874984741 -0.4239542782 -0.4473354220
34.7 -427.5 2355.1 0.9457719326 0.3227050602 -0.0371067300 -0.2050379962 0.5044752955 -0.8387276530 -0.2519422472 0.8008533716 0.5432853699
-93.6 -628.0 2036.7 0.9457719326 0.3227050602 -0.0371067300 -0.2050379962 0.5044752955 -0.8387276530 -0.2519422472 0.8008533716 0.5432853699
214.9 -429.3 2320.2 0.9412718415 -0.0329886600 0.3360343575 0.3090961576 0.4847280383 -0.8182287812 -0.1358930022 0.8740426302 0.4664575160
228.0 -622.0 1972.7 0.9412718415 -0.0329886600 0.3360343575 0.3090961576 0.4847280383 -0.8182287812 -0.1358930022 0.8740426302 0.4664575160
23.4 -385.2 2193.5 0 0 0 0 0 0 0 0 0
173.2 -385.4 2155.7 0 0 0 0 0 0 0 0 0
-216.9 -820.9 1730.5 0 0 0 0 0 0 0 0 0
240.6 -807.3 1638.6 0 0 0 0 0 0 0 0 0
217.9 -61.0 2797.5 50 0.9799784422 0.1615014523 0.1164454520 -0.0064390260 0.6102496982 -0.7921829820 -0.1989994943 0.7755724192 0.5990714431
185.6 -182.9 2642.7 0.9799784422 0.1615014523 0.1164454520 -0.0064390260 0.6102496982 -0.7921829820 -0.1989994943 0.7755724192 0.5990714431
153.4 -305.1 2489.2 0.9797389507 0.1622681022 0.1173908189 -0.0073451218 0.6148552299 -0.7886058092 -0.2001439184 0.7717655897 0.6035894752
47.7 -181.8 2670.8 0.3010069728 -0.3004395366 -0.9050585032 0.4466817081 0.8829405308 -0.1445386559 0.8425379992 -0.3607659340 0.3999721110
-37.8 -308.8 2431.4 -0.2394177318 -0.3004395366 -0.9232633710 0.2963184118 0.8829405308 -0.3641584218 0.9245942831 -0.3607659340 -0.1223658547
323.5 -183.9 2614.5 -0.0490095429 0.0738467425 0.9960646033 -0.4244815111 0.9011794925 -0.0876979381 -0.9041092396 -0.4271090627 -0.0128198192
309.9 -301.7 2363.6 -0.5254474878 0.0807817951 0.8469824195 -0.3165987730 0.9054325819 -0.2827667892 -0.7897278666 -0.4167326987 -0.4501818419
31.2 -426.7 2354.2 0.9479095340 0.3172558248 -0.0285701472 -0.1952105910 0.5076907873 -0.8391322494 -0.2517147660 0.8009986281 0.5431766510
-94.9 -628.5 2035.7 0.9479095340 0.3172558248 -0.0285701472 -0.1952105910 0.5076907873 -0.8391322494 -0.2517147660 0.8009986281 0.5431766510
211.0 -428.0 2317.5 0.9390814900 -0.0409203693 0.3412498236 0.3164722621 0.4902236760 -0.8121120930 -0.1340568215 0.8706355691 0.4733101726
227.3 -622.9 1971.3 0.9390814900 -0.0409203693 0.3412498236 0.3164722621 0.4902236760 -0.8121120930 -0.1340568215 0.8706355691 0.4733101726
24.5 -385.8 2191.1 0 0 0 0 0 0 0 0 0
173.3 -384.0 2158.3 0 0 0 0 0 0 0 0 0
-216.2 -822.6 1729.5 0 0 0 0 0 0 0 0 0
242.9 -810.3 1638.4 0 0 0 0 0 0 0 0 0
218.3 -64.0 2794.1 51 0.9805084467 0.1606840491 0.1130655035 -0.0084412498 0.6093847752 -0.7928296924 -0.1962954849 0.7764218450 0.5988633037
186.2 -185.7 2639.1 0.9805084467 0.1606840491 0.1130655035 -0.0084412498 0.6093847752 -0.7928296924 -0.1962954849 0.7764218450 0.5988633037
154.0 -307.3 2485.1 0.9802809358 0.1617600918 0.1135033742 -0.0093028359 0.6115232706 -0.7911717892 -0.1973899752 0.7745146751 0.6009693742
48.2 -184.4 2666.9 0.2999254167 -0.2707736790 -0.9147274494 0.4371554554 0.8912777305 -0.1204954758 0.8479031920 -0.3637384474 0.3856870234
-36.0 -307.1 2428.9 -0.2368743569 -0.2707736790 -0.9330445528 0.3045471013 0.8912777305 -0.3359689116 0.9225733280 -0.3637384474 -0.1286574900
