-154.2 437.5 2445.7 96 0.5359025598 0.4143408537 -0.7356154323 -0.0553361475 0.8866576552 0.4591035843 0.8424644470 -0.2053286731 0.4980901480
-236.5 261.3 2486.5 0.5359025598 0.4143408537 -0.7356154323 -0.0553361475 0.8866576552 0.4591035843 0.8424644470 -0.2053286731 0.4980901480
-312.4 85.6 2527.7 0.5436230898 0.3879037797 -0.7443148494 -0.0381678976 0.8973045945 0.4397586584 0.8384611607 -0.2106540501 0.5026009679
-313.9 266.8 2367.1 -0.0975342989 0.2472475022 -0.9640309811 0.9947082400 -0.0072088926 -0.1024869084 -0.0322892256 -0.9689255357 -0.2452360094
-290.4 26.3 2374.9 -0.7096834779 0.2472475022 -0.6597105265 0.6794831753 -0.0072088926 -0.7336556315 -0.1861503124 -0.9689255357 -0.1628844887
-159.0 255.9 2606.0 -0.0445235781 0.8470963240 -0.5295709968 -0.9976426959 -0.0099934209 0.0678912401 0.0522181951 0.5313453674 0.8455443978
-170.3 2.4 2619.2 0.2563841343 0.8470963240 -0.4655050635 -0.8680929542 -0.0099934209 -0.4963010550 -0.4250667989 0.5313453674 0.7327961922
-440.4 -92.5 2493.3 -0.1774915010 -0.0892030224 -0.9800711870 0.0399696790 0.9944083691 -0.0977464840 0.9833103418 -0.0565223023 -0.1729336232
-405.5 -482.0 2515.4 -0.2148667425 0.1145064011 -0.9699075222 -0.2189919353 0.9621663094 0.1621064693 0.9517745376 0.2472332120 -0.1816615611
-338.9 -101.0 2642.7 -0.6142975092 -0.2214329243 -0.7573678493 -0.1246291548 0.9749976993 -0.1839756221 0.7791701555 -0.0186256543 -0.6265356541
-252.2 -482.9 2650.0 -0.5749366879 0.2450497746 -0.7806397676 0.0862857699 0.9669353962 0.2399806529 0.8136354089 0.0706155896 -0.5770709515
-109.7 -146.6 2422.2 0 0 0 0 0 0 0 0 0
-104.7 -219.8 2510.4 0 0 0 0 0 0 0 0 0
-440.6 -777.1 2439.6 0 0 0 0 0 0 0 0 0
-344.4 -846.7 2623.4 0 0 0 0 0 0 0 0 0
-148.8 437.5 2446.0 97 0.5293222666 0.4295100570 -0.7316686511 -0.0616097748 0.8795710206 0.4717616141 0.8461809158 -0.2046359926 0.4920385778
-234.0 263.0 2486.6 0.5293222666 0.4295100570 -0.7316686511 -0.0616097748 0.8795710206 0.4717616141 0.8461809158 -0.2046359926 0.4920385778
-313.5 89.0 2528.0 0.5371076465 0.4062503874 -0.7392401099 -0.0451352559 0.8889679909 0.4557397366 0.8423052430 -0.2114155143 0.4958077371
-310.5 269.5 2366.6 -0.0898906589 0.2732935250 -0.9577214122 0.9954776168 -0.0050099073 -0.0948640332 -0.0307238214 -0.9619176388 -0.2716072500
-288.7 27.5 2374.0 -0.7015464902 0.2732935250 -0.6581361294 0.6831351519 -0.0050099073 -0.7302747965 -0.2028765827 -0.9619176388 -0.1831817180
-157.5 256.6 2606.6 -0.0636384338 0.8431946039 -0.5338286161 -0.9964267612 -0.0239200760 0.0810030773 0.0555321351 0.5370760560 0.8417039514
-173.6 3.4 2620.7 0.2427911460 0.8431946039 -0.4796616435 -0.8743871450 -0.0239200760 -0.4846389890 -0.4201185405 0.5370760560 0.7314709425
-437.6 -86.7 2493.2 -0.1823145747 -0.0838588849 -0.9796576500 0.0336367674 0.9952411652 -0.0914526507 0.9826647043 -0.0496256687 -0.1786262244
-404.7 -476.5 2512.7 -0.2158445865 0.1133424640 -0.9698271155 -0.2042953670 0.9660145044 0.1583648324 0.9548164606 0.2323133796 -0.1853536516
-339.3 -93.6 2644.8 -0.6196739078 -0.2148024142 -0.7548934817 -0.1199344397 0.9764397144 -0.1793913543 0.7756416798 -0.0206264127 -0.6308363676
-255.2 -476.0 2652.8 -0.5844897628 0.2401409149 -0.7750509977 0.0664265454 0.9661561847 0.2492584288 0.8086774349 0.0942050442 -0.5806601048
-109.6 -146.9 2425.8 0 0 0 0 0 0 0 0 0
-111.5 -220.5 2513.2 0 0 0 0 0 0 0 0 0
-440.0 -777.4 2440.3 0 0 0 0 0 0 0 0 0
-345.5 -839.6 2617.4 0 0 0 0 0 0 0 0 0
-138.6 441.2 2445.6 98 0.5645943880 0.4491616488 -0.6924499869 -0.0969341099 0.8692370653 0.4847996533 0.8196566105 -0.2065931410 0.5343054533
-228.0 268.2 2486.8 0.5645943880 0.4491616488 -0.6924499869 -0.0969341099 0.8692370653 0.4847996533 0.8196566105 -0.2065931410 0.5343054533
-311.3 95.9 2528.1 0.5722562671 0.4257624149 -0.7008916736 -0.0816158354 0.8799930215 0.4679221809 0.8160034418 -0.2105675191 0.5383304358
-309.4 279.8 2370.6 -0.0808103681 0.2559444308 -0.9633079171 0.9966995120 0.0132508157 -0.0800908804 -0.0077341995 -0.9666006565 -0.2561704814
-288.8 26.4 2372.6 -0.7244747877 0.2559444308 -0.6400224566 0.6646422744 0.0132508157 -0.7470442057 -0.1827209890 -0.9666006565 -0.1797113717
-146.6 256.5 2602.9 -0.0945397913 0.8649789691 -0.4928220510 -0.9948036075 -0.0632920936 0.0797492564 0.0377896912 0.4978006184 0.8664678335
-170.6 3.8 2612.5 0.1944535375 0.8649789691 -0.4626004398 -0.8722290397 -0.0632920936 -0.4849851727 -0.4487809241 0.4978006184 0.7421524525
-441.6 -81.0 2493.2 -0.1379137635 -0.0910830423 -0.9862472415 0.0270834789 0.9950433969 -0.0956826583 0.9900738597 -0.0399069600 -0.1347633302
-406.0 -470.8 2508.9 -0.1670800894 0.1106987894 -0.9797091484 -0.1960466951 0.9701046944 0.1430474669 0.9662556052 0.2159691304 -0.1403830498
-344.6 -89.2 2645.5 -0.5863133073 -0.2277871221 -0.7773993611 -0.1264868081 0.9736241102 -0.1898871362 0.8001486063 -0.0130025893 -0.5996608734
-255.3 -470.5 2650.6 -0.5533500314 0.2220199257 -0.8028143644 0.0670380592 0.9725660086 0.2227582633 0.8302467465 0.0694441721 -0.5530532002
-104.5 -142.6 2419.1 0 0 0 0 0 0 0 0 0
-120.9 -219.2 2497.7 0 0 0 0 0 0 0 0 0
-440.9 -777.2 2440.6 0 0 0 0 0 0 0 0 0
-338.9 -836.5 2624.4 0 0 0 0 0 0 0 0 0
-137.4 440.6 2446.0 99 0.5737397671 0.4505532384 -0.6839769483 -0.1055838466 0.8688167930 0.4837452173 0.8122036457 -0.2053269595 0.5460458994
-227.3 267.3 2486.9 0.5737397671 0.4505532384 -0.6839769483 -0.1055838466 0.8688167930 0.4837452173 0.8122036457 -0.2053269595 0.5460458994
-311.4 95.2 2528.0 0.5810366869 0.4290691614 -0.6915894747 -0.0910873637 0.8786903620 0.4686217308 0.8087641597 -0.2092913538 0.5496340990
-310.1 280.3 2371.8 -0.0829959586 0.2338465154 -0.9687246680 0.9965352416 0.0142093208 -0.0819485635 -0.0053984667 -0.9721696973 -0.2342156172
-289.4 32.1 2373.1 -0.7026373148 0.2338465154 -0.6720242500 0.6935844421 0.0142093208 -0.7202351689 -0.1588754803 -0.9721696973 -0.1721763015
-144.6 254.3 2602.1 -0.1004043669 0.8701956868 -0.4823675752 -0.9944463968 -0.0723977461 0.0763868913 0.0315492190 0.4873582721 0.8726319671
-170.1 1.6 2610.1 0.1837043762 0.8701956868 -0.4571785331 -0.8701464534 -0.0723977461 -0.4874461293 -0.4572722018 0.4873582721 0.7438978553
-446.3 -69.0 2495.8 -0.1264747381 -0.1128650829 -0.9855281115 0.0220982842 0.9929389954 -0.1165497154 0.9917236567 -0.0365190729 -0.1230875701
-402.1 -457.8 2510.1 -0.1561182439 0.1225614920 -0.9801049829 -0.1886182129 0.9703127742 0.1513814479 0.9695618749 0.2084990442 -0.1283661872
-343.1 -83.8 2643.1 -0.5814882517 -0.2276917249 -0.7810428143 -0.1128226444 0.9733296633 -0.1997509748 0.8056938052 -0.0280335248 -0.5916685462
-253.9 -465.0 2654.1 -0.5541302562 0.2173908800 -0.8035427332 0.0409249514 0.9712448716 0.2345388979 0.8314233422 0.0970801562 -0.5470929146
-110.2 -144.8 2413.6 0 0 0 0 0 0 0 0 0
-123.1 -221.1 2493.1 0 0 0 0 0 0 0 0 0
-442.4 -777.0 2441.5 0 0 0 0 0 0 0 0 0
-335.7 -830.5 2617.5 0 0 0 0 0 0 0 0 0
-137.5 440.9 2445.6 00 0.5798407197 0.4493861198 -0.6795857549 -0.1075207964 0.8690363765 0.4829235077 0.8076038957 -0.2069491148 0.5522210002
-227.2 267.3 2486.9 0.5798407197 0.4493861198 -0.6795857549 -0.1075207964 0.8690363765 0.4829235077 0.8076038957 -0.2069491148 0.5522210002
-311.0 95.2 2528.0 0.5867130160 0.4279655814 -0.6874687672 -0.0938272849 0.8791505098 0.4672160745 0.8043408990 -0.2096184343 0.5559638739
-310.8 280.7 2372.4 -0.0961958170 0.2313401252 -0.9681054354 0.9952855706 0.0344415195 -0.0906663761 0.0123682506 -0.9722630978 -0.2335626334
-286.4 28.6 2369.2 -0.7172448635 0.2313401252 -0.6572986841 0.6812408566 0.0344415195 -0.7312487364 -0.1465288103 -0.9722630978 -0.1823013574
-143.6 254.0 2601.5 -0.1004858911 0.8735934496 -0.4761691093 -0.9945163131 -0.0742520764 0.0736476406 0.0289815515 0.4809584916 0.8762642145
-169.2 1.2 2608.9 0.1801561415 0.8735934496 -0.4520820677 -0.8687363267 -0.0742520764 -0.4896772802 -0.4613468945 0.4809584916 0.7455453873
-447.8 -68.6 2496.0 -0.1177900508 -0.1134247184 -0.9865396023 0.0046515344 0.9933815598 -0.1147667393 0.9930276275 -0.0181073025 -0.1164828613
-403.4 -457.6 2503.1 -0.1410198808 0.1198341548 -0.9827274084 -0.1691803038 0.9751287699 0.1431846917 0.9754441977 0.1864500046 -0.1172389686
-342.9 -85.1 2642.1 -0.5785531402 -0.2218984365 -0.7848804593 -0.1031877846 0.9744630456 -0.1994344443 0.8090912104 -0.0343933441 -0.5866758227
-256.0 -466.8 2655.5 -0.5527330041 0.2189730704 -0.8040752411 0.0372807793 0.9703925252 0.2386387587 0.8325240612 0.1019269675 -0.5445314646
-105.1 -143.7 2406.3 0 0 0 0 0 0 0 0 0
-123.1 -221.2 2490.8 0 0 0 0 0 0 0 0 0
-442.6 -776.4 2442.1 0 0 0 0 0 0 0 0 0
-338.5 -832.1 2617.2 0 0 0 0 0 0 0 0 0
-136.4 444.4 2454.4 01 0.5456852317 0.4449473321 -0.7101052403 -0.1049338505 0.8770027161 0.4688870907 0.8313943148 -0.1813506931 0.5252574682
-225.5 268.7 2490.8 0.5456852317 0.4449473321 -0.7101052403 -0.1049338505 0.8770027161 0.4688870907 0.8313943148 -0.1813506931 0.5252574682
-308.7 95.3 2527.6 0.5530950427 0.4251804650 -0.7164547443 -0.0899255350 0.8854113817 0.4560263753 0.8282507062 -0.1877983510 0.5279512405
-304.2 281.6 2372.9 -0.0877209157 0.2334047705 -0.9684148431 0.9961096048 0.0287592895 -0.0832980797 0.0084087523 -0.9719542861 -0.2350195199
-282.1 29.9 2370.7 -0.6898970604 0.2334047705 -0.6852476001 0.7093014717 0.0287592895 -0.7043183446 -0.1446840316 -0.9719542861 -0.1853952855
-146.8 255.9 2608.7 -0.0885992274 0.8532470465 -0.5139257312 -0.9958460927 -0.0650047362 0.0637564808 0.0209924206 0.5174397230 0.8554621339
-169.3 2.8 2614.0 0.2107953876 0.8532470465 -0.4770060778 -0.8645458817 -0.0650047362 -0.4983319938 -0.4562079608 0.5174397230 0.7239685059
-447.8 -68.5 2496.4 -0.1596560925 -0.1142330915 -0.9805410504 -0.0041220966 0.9933506846 -0.1150542349 0.9871640801 -0.0143272253 -0.1590653658
-403.1 -457.6 2502.0 -0.1808569580 0.1237425134 -0.9756938815 -0.1561810225 0.9758515954 0.1527125984 0.9710294604 0.1800040007 -0.1571633220
-341.8 -85.5 2641.8 -0.6084597707 -0.2201711982 -0.7624312043 -0.1254131645 0.9753480554 -0.1815700680 0.7836123109 -0.0148591772 -0.6210724115
-255.6 -467.5 2647.6 -0.5743231177 0.2250057459 -0.7870993018 0.0774895996 0.9721103311 0.2213524133 0.8149529099 0.0661358014 -0.5757410526
-106.6 -150.4 2407.5 0 0 0 0 0 0 0 0 0
-115.3 -218.5 2497.3 0 0 0 0 0 0 0 0 0
-443.6 -777.1 2443.1 0 0 0 0 0 0 0 0 0
-340.3 -833.3 2622.7 0 0 0 0 0 0 0 0 0
-147.4 442.1 2459.4 02 0.4867965579 0.4112930000 -0.7706277966 -0.0602436922 0.8959214687 0.4401084185 0.8714355230 -0.1678178012 0.4609092772
-229.4 263.5 2492.8 0.4867965579 0.4112930000 -0.7706277966 -0.0602436922 0.8959214687 0.4401084185 0.8714355230 -0.1678178012 0.4609092772
-307.4 87.6 2528.4 0.4938725829 0.3989486396 -0.7726123333 -0.0445683710 0.8989819884 0.4357120991 0.8683913350 -0.1807521880 0.4617630541
-299.4 270.0 2369.5 -0.0816154480 0.2432244271 -0.9665302634 0.9966470003 0.0142658195 -0.0805685967 -0.0058079045 -0.9698651433 -0.2435732037
-279.8 30.7 2370.9 -0.6812029481 0.2432244271 -0.6905102730 0.7143235207 0.0142658195 -0.6996701956 -0.1603261977 -0.9698651433 -0.1834588498
-159.4 257.0 2616.1 -0.0473614708 0.8148088455 -0.5777918100 -0.9979375601 -0.0135054933 0.0627551153 0.0433300622 0.5795723796 0.8137680292
-171.4 3.6 2627.1 0.2806966603 0.8148088455 -0.5072434545 -0.8655371666 -0.0135054933 -0.5006625652 -0.4147948623 0.5795723796 0.7014564276
-441.8 -69.9 2489.6 -0.2308179736 -0.0964129865 -0.9682084322 0.0055619334 0.9949316382 -0.1003999934 0.9729810357 -0.0285592340 -0.2291118503
-404.0 -459.5 2500.8 -0.2513725162 0.1221253797 -0.9601547718 -0.1387899220 0.9772078991 0.1606301963 0.9578878880 0.1736378223 -0.2286934555
-341.9 -86.2 2639.2 -0.6581766009 -0.2321469486 -0.7161782980 -0.1354131997 0.9722619057 -0.1907092780 0.7405855060 -0.0285403840 -0.6713557839
-251.0 -467.0 2650.4 -0.6231175661 0.2329196185 -0.7466410995 0.0696901530 0.9673649669 0.2436151803 0.7790172100 0.0997673646 -0.6190142632
-106.0 -151.6 2411.8 0 0 0 0 0 0 0 0 0
-99.8 -217.2 2521.3 0 0 0 0 0 0 0 0 0
-443.7 -777.1 2444.4 0 0 0 0 0 0 0 0 0
-338.6 -831.0 2612.8 0 0 0 0 0 0 0 0 0
-152.5 441.0 2460.3 03 0.4869081080 0.4017280936 -0.7755869031 -0.0590014011 0.9010539055 0.4296751022 0.8714581728 -0.1634515822 0.4624329507
-232.2 262.3 2492.7 0.4869081080 0.4017280936 -0.7755869031 -0.0590014011 0.9010539055 0.4296751022 0.8714581728 -0.1634515822 0.4624329507
-308.5 85.3 2527.4 0.4936203063 0.3899836242 -0.7773362994 -0.0436995290 0.9038146734 0.4256869555 0.8685789108 -0.1761585027 0.4631833732
-302.3 268.6 2369.2 -0.0891414210 0.1388823241 -0.9862887263 0.9957706928 -0.0096826516 -0.0913618505 -0.0222384352 -0.9902615547 -0.1374318153
-280.8 28.5 2374.5 -0.7082773447 0.1388823241 -0.6921378970 0.6979065537 -0.0096826516 -0.7161234021 -0.1061586067 -0.9902615547 -0.0900688767
-162.0 256.0 2616.3 -0.0368943661 0.8144274354 -0.5790913105 -0.9986084104 -0.0081948629 0.0520969704 0.0376836285 0.5802075863 0.8135964274
-171.4 2.3 2625.9 0.2901134491 0.8144274354 -0.5025357008 -0.8602076769 -0.0081948629 -0.5098780394 -0.4193768799 0.5802075863 0.6981992722
-429.8 -84.3 2485.9 -0.2331026047 -0.0625933185 -0.9704356194 0.0160634518 0.9975423217 -0.0682002157 0.9723194838 -0.0314861946 -0.2315242440
-405.2 -474.8 2498.2 -0.2559825182 0.1186223999 -0.9593756795 -0.1457837820 0.9763547182 0.1596200913 0.9556254745 0.1807213724 -0.2326365113
-340.9 -92.5 2642.3 -0.6592950225 -0.2241205275 -0.7177047133 -0.1374638379 0.9743821025 -0.1779977232 0.7392116189 -0.0186945684 -0.6732137203
-253.2 -474.1 2649.6 -0.6244221330 0.2327861488 -0.7455921173 0.0661826432 0.9668923616 0.2464527637 0.7782781720 0.1045452952 -0.6191554070
-102.3 -147.4 2401.3 0 0 0 0 0 0 0 0 0
-97.2 -217.6 2518.7 0 0 0 0 0 0 0 0 0
-442.3 -779.4 2441.8 0 0 0 0 0 0 0 0 0
-340.8 -838.1 2610.3 0 0 0 0 0 0 0 0 0
-156.0 441.3 2461.3 04 0.4837700129 0.4007395804 -0.7780580521 -0.0549936518 0.9011729956 0.4299568832 0.8734656572 -0.1652119905 0.4579986036
-235.4 262.8 2494.0 0.4837700129 0.4007395804 -0.7780580521 -0.0549936518 0.9011729956 0.4299568832 0.8734656572 -0.1652119905 0.4579986036
-310.9 85.4 2528.5 0.4902600646 0.3856737316 -0.7816014886 -0.0400812812 0.9057955146 0.4218150675 0.8706541061 -0.1754714847 0.4595336616
-305.2 268.6 2370.0 -0.1000029296 0.0929495096 -0.9906360507 0.9945057631 -0.0216295086 -0.1024230197 -0.0309471413 -0.9954358339 -0.0902758092
-281.3 30.6 2377.5 -0.7211499214 0.0929495096 -0.6865152121 0.6878750324 -0.0216295086 -0.7255067825 -0.0822844878 -0.9954358339 -0.0483395271
-165.6 257.1 2618.0 -0.0312922671 0.8120310903 -0.5827746391 -0.9987828732 -0.0031634145 0.0492220931 0.0381263122 0.5836055875 0.8111417294
-173.6 3.3 2627.7 0.2968034744 0.8120310903 -0.5025068521 -0.8587747812 -0.0031634145 -0.5123435259 -0.4176284969 0.5836055875 0.6964129210
-429.3 -87.6 2483.6 -0.2389646620 -0.0615068786 -0.9690783024 0.0427928604 0.9963552356 -0.0737904012 0.9700848460 -0.0591029301 -0.2354616374
-405.2 -477.6 2506.7 -0.2710955441 0.1178296655 -0.9553132057 -0.1724865288 0.9704672694 0.1686464399 0.9469718337 0.2104979604 -0.2427653223
-340.3 -95.6 2640.3 -0.6624517441 -0.2205728143 -0.7158947587 -0.1365799904 0.9752126336 -0.1740866899 0.7365484238 -0.0175471287 -0.6761571765
-253.9 -477.6 2647.2 -0.6270014048 0.2324740738 -0.7435220480 0.0746572390 0.9679734707 0.2396950126 0.7754324675 0.0947798118 -0.6242765784
-99.5 -142.9 2398.2 0 0 0 0 0 0 0 0 0
-97.6 -216.5 2520.8 0 0 0 0 0 0 0 0 0
-441.8 -779.2 2441.3 0 0 0 0 0 0 0 0 0
-341.4 -842.1 2611.5 0 0 0 0 0 0 0 0 0
-159.2 444.3 2462.3 05 0.4653505087 0.3981868625 -0.7905037403 -0.0412474647 0.9018822312 0.4300082326 0.8841648698 -0.1674982756 0.4361155331
-238.2 265.3 2495.5 0.4653505087 0.3981868625 -0.7905037403 -0.0412474647 0.9018822312 0.4300082326 0.8841648698 -0.1674982756 0.4361155331
-313.8 88.1 2530.5 0.4713896513 0.3861614168 -0.7928878665 -0.0273351502 0.9050077200 0.4245159924 0.8815013170 -0.1784387380 0.4371670485
-305.3 269.2 2370.0 -0.0977149680 0.0859407112 -0.9914968610 0.9947898388 -0.0206640996 -0.0998306200 -0.0290679038 -0.9960859418 -0.0834737569
-282.1 32.7 2376.9 -0.7406361103 0.0859407112 -0.6663875580 0.6673932076 -0.0206640996 -0.7444187403 -0.0777461752 -0.9960859418 -0.0420516692
-171.1 261.4 2621.1 -0.0285768509 0.7991371751 -0.6004690528 -0.9983509183 0.0071027149 0.0569650792 0.0497878753 0.6011067033 0.7976163626
-178.3 7.7 2633.7 0.3088371158 0.7991371751 -0.5157512426 -0.8627338409 0.0071027149 -0.5056084394 -0.4003872573 0.6011067033 0.6916362643
-430.7 -88.3 2484.2 -0.2592984736 -0.0630413517 -0.9637375474 0.0412029922 0.9962368011 -0.0762531161 0.9649179578 -0.0594811849 -0.2557251751
-406.0 -478.4 2507.5 -0.2913938761 0.1155498549 -0.9495987892 -0.1738105118 0.9697592258 0.1713385284 0.9406803250 0.2149772495 -0.2624981403
-342.2 -95.6 2641.5 -0.6766340733 -0.2126336843 -0.7049490809 -0.1350847036 0.9769936800 -0.1650315672 0.7238221169 -0.0164381377 -0.6897907853
-258.9 -478.3 2647.9 -0.6458440423 0.2122586221 -0.7333701253 0.0799377412 0.9740960598 0.2115343660 0.7592729330 0.0779942572 -0.6460816264
-96.9 -134.2 2396.3 0 0 0 0 0 0 0 0 0
-99.3 -213.1 2531.2 0 0 0 0 0 0 0 0 0
-441.8 -778.9 2440.9 0 0 0 0 0 0 0 0 0
-338.8 -845.0 2618.6 0 0 0 0 0 0 0 0 0
-161.3 445.6 2462.3 06 0.4706118107 0.3897370696 -0.7915993333 -0.0444847420 0.9064980745 0.4198599458 0.8812182546 -0.1623769552 0.4439460635
-238.4 266.2 2494.4 0.4706118107 0.3897370696 -0.7915993333 -0.0444847420 0.9064980745 0.4198599458 0.8812182546 -0.1623769552 0.4439460635
-312.0 87.8 2528.3 0.4767410159 0.3756591380 -0.7947315574 -0.0299344230 0.9104999304 0.4124243557 0.8785339594 -0.1728297770 0.4453178048
-306.3 270.4 2369.3 -0.1067641228 0.0871943310 -0.9904537201 0.9939152002 -0.0177845955 -0.1087029055 -0.0270930957 -0.9960325360 -0.0847650096
-281.0 35.0 2375.7 -0.7447456121 0.0871943310 -0.6616275907 0.6628875732 -0.0177845955 -0.7485076785 -0.0770324022 -0.9960325360 -0.0445550382
-170.5 261.9 2619.6 -0.0177786667 0.8025074601 -0.5963771343 -0.9989933372 0.0103117619 0.0436569974 0.0411847644 0.5965529680 0.8015162945
-175.0 8.0 2630.0 0.3155596852 0.8025074601 -0.5063633323 -0.8558974862 0.0103117619 -0.5170426965 -0.4097091258 0.5965529680 0.6901180744
-432.0 -86.7 2485.9 -0.2547920644 -0.0649681836 -0.9648109078 0.0397646911 0.9961926341 -0.0775826126 0.9661779404 -0.0581328422 -0.2512385249
-406.6 -476.8 2508.6 -0.2862666845 0.1091972515 -0.9519072175 -0.1804982424 0.9695510864 0.1655024290 0.9409950972 0.2191954106 -0.2578402460
-346.9 -91.6 2645.1 -0.6689159274 -0.2311771512 -0.7064762115 -0.1572516859 0.9729090333 -0.1694695204 0.7265145779 -0.0022662815 -0.6871473193
-256.3 -472.6 2646.0 -0.6333853006 0.2236085236 -0.7408254147 0.0841327459 0.9715646505 0.2213229835 0.7692494392 0.0778550506 -0.6341875792
-96.2 -129.6 2394.8 0 0 0 0 0 0 0 0 0
-94.2 -211.1 2525.2 0 0 0 0 0 0 0 0 0
-440.6 -779.1 2440.3 0 0 0 0 0 0 0 0 0
-340.5 -838.4 2616.7 0 0 0 0 0 0 0 0 0
-152.6 448.6 2461.8 07 0.5006991625 0.4185856879 -0.7576848865 -0.0832373127 0.8945334554 0.4391826689 0.8616100550 -0.1568307430 0.4827341139
-235.9 270.4 2493.0 0.5006991625 0.4185856879 -0.7576848865 -0.0832373127 0.8945334554 0.4391826689 0.8616100550 -0.1568307430 0.4827341139
-311.6 92.6 2524.6 0.5090354085 0.3863052428 -0.7691886425 -0.0645658746 0.9082499146 0.4134166241 0.8583205342 -0.1607803702 0.4872735441
-308.4 279.6 2370.9 -0.1262478679 0.1788416356 -0.9757444263 0.9919974208 0.0211551599 -0.1244733110 -0.0016189814 -0.9836503863 -0.1800812334
-277.8 39.2 2371.3 -0.7315868139 0.1788416356 -0.6578726172 0.6713574529 0.0211551599 -0.7408316731 -0.1185741499 -0.9836503863 -0.1355435103
-163.5 261.2 2615.2 -0.0359303094 0.8244791627 -0.5647505522 -0.9992661476 -0.0221353751 0.0312594436 0.0132717947 0.5654592514 0.8246694207
-172.6 7.4 2618.5 0.2830451131 0.8244791627 -0.4900200069 -0.8491309881 -0.0221353751 -0.5277183056 -0.4459395111 0.5654592514 0.6938254833
-428.6 -87.8 2482.7 -0.2190567851 -0.0560569987 -0.9741004705 0.0519399941 0.9962627292 -0.0690127015 0.9743286967 -0.0657124743 -0.2153265178
-406.7 -478.0 2508.5 -0.2531945705 0.1100996360 -0.9611298442 -0.1879494488 0.9689744115 0.1605105847 0.9489823580 0.2212842256 -0.2246458828
-342.5 -93.2 2641.5 -0.6498270631 -0.2249212563 -0.7260407805 -0.1396298707 0.9742828012 -0.1768518239 0.7471467257 -0.0135461185 -0.6645210385
-254.4 -474.7 2646.8 -0.6122194529 0.2350698262 -0.7549367547 0.0849824473 0.9688164592 0.2327501029 0.7861077189 0.0783377662 -0.6131051183
-96.3 -127.3 2400.7 0 0 0 0 0 0 0 0 0
-100.2 -209.8 2504.5 0 0 0 0 0 0 0 0 0
-440.9 -779.0 2439.7 0 0 0 0 0 0 0 0 0
-342.9 -839.6 2617.3 0 0 0 0 0 0 0 0 0
-150.1 449.7 2463.0 08 0.5242714882 0.4274312556 -0.7365065813 -0.0940176919 0.8886666298 0.4488121271 0.8463451266 -0.1660547554 0.5060886741
-235.4 272.4 2496.2 0.5242714882 0.4274312556 -0.7365065813 -0.0940176919 0.8886666298 0.4488121271 0.8463451266 -0.1660547554 0.5060886741
-313.4 96.0 2530.0 0.5333097577 0.3980797827 -0.7464001775 -0.0744230822 0.9010115862 0.4273631871 0.8426398635 -0.1723675430 0.5101445913
-311.3 283.0 2376.2 -0.1437176317 0.2119921148 -0.9666460752 0.9893144369 0.0549985319 -0.1350263357 0.0245395936 -0.9757225513 -0.2176311165
-276.6 44.2 2370.3 -0.7317180634 0.2119921148 -0.6478024721 0.6707507372 0.0549985319 -0.7396408916 -0.1211698428 -0.9757225513 -0.1824372858
-159.5 261.7 2616.1 -0.0537312031 0.8406628370 -0.5388867855 -0.9984508157 -0.0374179892 0.0411812812 0.0144555103 0.5402646661 0.8413709998
-173.2 8.1 2619.8 0.2538237572 0.8406628370 -0.4783926606 -0.8540276885 -0.0374179892 -0.5188800693 -0.4541037083 0.5402646661 0.7084517479
-433.3 -79.4 2478.6 -0.1889342517 -0.0724373460 -0.9793143868 0.0599945076 0.9945611954 -0.0851395577 0.9801553488 -0.0748392642 -0.1835608184
-404.9 -468.9 2507.9 -0.2237740159 0.1128289998 -0.9680882096 -0.1856117547 0.9701649547 0.1559752822 0.9568037987 0.2145917714 -0.1961553097
-341.4 -91.1 2633.6 -0.6311050653 -0.2234208882 -0.7428253293 -0.1209368780 0.9742525220 -0.1902795583 0.7662118673 -0.0302514136 -0.6418755054
-253.9 -472.6 2645.4 -0.5947814584 0.2335431725 -0.7692155838 0.0899656639 0.9701966643 0.2249992043 0.7988374233 0.0646223575 -0.5980658531
-93.4 -123.7 2400.6 0 0 0 0 0 0 0 0 0
-108.2 -210.4 2503.6 0 0 0 0 0 0 0 0 0
-441.0 -778.8 2439.4 0 0 0 0 0 0 0 0 0
-341.9 -838.0 2621.1 0 0 0 0 0 0 0 0 0
-147.6 450.3 2462.2 09 0.5215110183 0.4267141223 -0.7388784289 -0.0844305307 0.8875211477 0.4529654086 0.8490569592 -0.1738425642 0.4988797605
-233.0 272.7 2496.9 0.5215110183 0.4267141223 -0.7388784289 -0.0844305307 0.8875211477 0.4529654086 0.8490569592 -0.1738425642 0.4988797605
-311.3 96.7 2532.2 0.5298774242 0.3997745812 -0.7479372621 -0.0663482696 0.8987624645 0.4333865345 0.8454748988 -0.1800173968 0.5027583241
-308.5 282.2 2376.5 -0.1389141828 0.2730419934 -0.9519196153 0.9889873862 0.0878079683 -0.1191372871 0.0510566495 -0.9579863548 -0.2822328508
-275.4 46.7 2364.4 -0.7187818289 0.2730419934 -0.6393753290 0.6804766655 0.0878079683 -0.7274897099 -0.1424929798 -0.9579863548 -0.2489134669
-157.5 263.3 2617.4 -0.0547854826 0.8384522796 -0.5422142744 -0.9982036948 -0.0328036286 0.0501329377 0.0242474787 0.5439868569 0.8387433290
-171.5 9.6 2623.5 0.2547722459 0.8384522796 -0.4817560613 -0.8587998152 -0.0328036286 -0.5112600327 -0.4444704950 0.5439868569 0.7117052078
-439.5 -73.7 2487.7 -0.1881906837 -0.0915036872 -0.9778605700 0.0143970763 0.9952863455 -0.0959050506 0.9820269942 -0.0321267694 -0.1859862357
-403.7 -463.1 2500.3 -0.2120571285 0.1145872027 -0.9705161452 -0.1623245925 0.9751762748 0.1506052315 0.9636817575 0.1894755512 -0.1881927550
-343.2 -87.2 2639.9 -0.6285226941 -0.2310325205 -0.7426865101 -0.1370977610 0.9728232026 -0.1865992397 0.7656131387 -0.0154611925 -0.6431154609
-252.7 -468.2 2645.9 -0.5899609327 0.2390395552 -0.7712367773 0.0818853378 0.9679608941 0.2373742759 0.8032689095 0.0768885612 -0.5906329155
-94.6 -124.5 2400.2 0 0 0 0 0 0 0 0 0
-106.3 -210.2 2509.8 0 0 0 0 0 0 0 0 0
-440.7 -778.7 2439.0 0 0 0 0 0 0 0 0 0
-342.7 -832.7 2617.0 0 0 0 0 0 0 0 0 0
-155.9 451.7 2470.2 10 0.5251954794 0.4091833234 -0.7461492419 -0.0993029922 0.9002885222 0.4238154292 0.8451678157 -0.1484910846 0.5134605765
-237.7 271.7 2499.9 0.5251954794 0.4091833234 -0.7461492419 -0.0993029922 0.9002885222 0.4238154292 0.8451678157 -0.1484910846 0.5134605765
-314.3 94.4 2532.4 0.5351043940 0.3908455968 -0.7489345670 -0.0769382268 0.9054005146 0.4175288677 0.8412750959 -0.1657998413 0.5145547986
-314.0 282.7 2380.1 -0.1615221500 0.3060499728 -0.9382132292 0.9843395352 0.1179885194 -0.1309747696 0.0706135631 -0.9446756840 -0.3203148544
-275.2 46.1 2363.1 -0.7167266011 0.3060499728 -0.6266070008 0.6816715598 0.1179885194 -0.7220821381 -0.1470607817 -0.9446756840 -0.2931910753
-161.5 260.8 2619.8 -0.0458308719 0.8416934609 -0.5380071402 -0.9989296794 -0.0352458358 0.0299543068 0.0062498339 0.5388041139 0.8424078822
-173.1 6.9 2621.3 0.2598864138 0.8416934609 -0.4732981920 -0.8482365608 -0.0352458358 -0.5284434557 -0.4614692032 0.5388041139 0.7047952414
-437.5 -73.3 2491.1 -0.1828532964 -0.0871578306 -0.9792692065 -0.0053741815 0.9961363673 -0.0876555666 0.9831255078 -0.0107653402 -0.1826152205
-403.3 -463.1 2495.3 -0.2018721253 0.1157577783 -0.9725470543 -0.1494145989 0.9777279496 0.1473885030 0.9679477811 0.1750663519 -0.1800801009
-341.7 -85.3 2643.9 -0.6288687587 -0.2260365635 -0.7439298034 -0.1322461963 0.9739630818 -0.1841380298 0.7661821246 -0.0174167641 -0.6423873901
-253.2 -466.7 2650.7 -0.5938583612 0.2295158952 -0.7711386085 0.0736055002 0.9699274302 0.2319978774 0.8011956811 0.0810138285 -0.5928931236
-95.4 -124.9 2400.0 0 0 0 0 0 0 0 0 0
-106.6 -210.2 2503.2 0 0 0 0 0 0 0 0 0
-440.7 -778.6 2438.9 0 0 0 0 0 0 0 0 0
-339.6 -832.0 2620.2 0 0 0 0 0 0 0 0 0
-151.8 456.8 2474.2 11 0.5186636448 0.4123615623 -0.7489632964 -0.1131169498 0.9013983011 0.4179542065 0.8474624157 -0.1320572048 0.5141676068
-234.5 275.9 2500.7 0.5186636448 0.4123615623 -0.7489632964 -0.1131169498 0.9013983011 0.4179542065 0.8474624157 -0.1320572048 0.5141676068
-311.5 98.3 2530.2 0.5291914344 0.3929338455 -0.7520368695 -0.0894726515 0.9072108269 0.4110512435 0.8437719345 -0.1502380669 0.5152450204
-310.0 288.7 2380.5 -0.1404315680 0.3115897775 -0.9397823215 0.9861034155 0.1291136891 -0.1045449972 0.0887636095 -0.9414039850 -0.3253913820
-275.5 47.0 2358.8 -0.7152172923 0.3115897775 -0.6256005168 0.6841381192 0.1291136891 -0.7178333402 -0.1428959221 -0.9414039850 -0.3055147827
-159.1 263.2 2621.0 -0.0468069538 0.8378917575 -0.5438258052 -0.9988695979 -0.0437775254 0.0185228679 -0.0082871877 0.5440780520 0.8389936686
-171.0 9.3 2618.9 0.2622888982 0.8378917575 -0.4786876738 -0.8418630958 -0.0437775254 -0.5379126668 -0.4716683626 0.5440780520 0.6939077973
-439.2 -75.9 2488.8 -0.1923260391 -0.0893402547 -0.9772558808 0.0112377703 0.9955814481 -0.0932271853 0.9812667370 -0.0289121922 -0.1904722452
-404.2 -465.7 2500.1 -0.2158888131 0.1152785644 -0.9695889950 -0.1622604430 0.9749633074 0.1520464718 0.9628413916 0.1901510805 -0.1917785108
-342.5 -89.8 2640.9 -0.6376343369 -0.2275215536 -0.7359731197 -0.1279834807 0.9733991623 -0.1900376827 0.7596333027 -0.0269821472 -0.6497917175
-253.4 -471.1 2651.4 -0.6042946577 0.2290517688 -0.7631273270 0.0646574125 0.9687257409 0.2395618856 0.7941331267 0.0954241231 -0.6002056599
-96.3 -124.5 2394.6 0 0 0 0 0 0 0 0 0
-103.9 -206.2 2498.1 0 0 0 0 0 0 0 0 0
-441.2 -778.8 2439.1 0 0 0 0 0 0 0 0 0
-339.6 -835.9 2615.5 0 0 0 0 0 0 0 0 0
-147.2 457.4 2478.3 12 0.5549941659 0.4256913066 -0.7146806121 -0.1589252800 0.8975768685 0.4112159312 0.8165318370 -0.1146416366 0.5658030510
-232.6 277.2 2501.3 0.5549941659 0.4256913066 -0.7146806121 -0.1589252800 0.8975768685 0.4112159312 0.8165318370 -0.1146416366 0.5658030510
-311.6 99.9 2526.8 0.5659831166 0.4029699862 -0.7192206383 -0.1350089163 0.9059264660 0.4013350010 0.8132869601 -0.1300476342 0.5671436191
-313.1 296.4 2385.6 -0.1468795687 0.3458258212 -0.9267312884 0.9819522500 0.1638301611 -0.0944955945 0.1191475168 -0.9238853455 -0.3636477590
-276.0 48.2 2355.5 -0.7126232386 0.3458258212 -0.6103872657 0.6863921285 0.1638301611 -0.7085375786 -0.1450307518 -0.9238853455 -0.3541212976
-152.1 258.1 2616.9 -0.0673698112 0.8610103726 -0.5041055679 -0.9965770245 -0.0823340341 -0.0074414117 -0.0479121804 0.5018787384 0.8636099696
-169.2 5.0 2604.7 0.2233241498 0.8610103726 -0.4569326639 -0.8253780603 -0.0823340341 -0.5585446954 -0.5185338855 0.5018787384 0.6922718883
-436.3 -71.3 2483.3 -0.1517569572 -0.0860488489 -0.9846651554 0.0412984416 0.9947813749 -0.0932978243 0.9875546694 -0.0548237301 -0.1474113017
-402.6 -460.7 2504.8 -0.1820937246 0.1168392301 -0.9763147235 -0.1781253815 0.9725673795 0.1496131569 0.9670125246 0.2011500597 -0.1562863737
-340.6 -87.4 2635.8 -0.6134544611 -0.2148244381 -0.7599500418 -0.1062333733 0.9759922624 -0.1901409924 0.7825523019 -0.0359107777 -0.6215482950
-256.5 -469.7 2649.9 -0.5858317018 0.2191441506 -0.7802416682 0.0505842157 0.9707572460 0.2346733660 0.8088525534 0.0980111808 -0.5797856450
-97.0 -124.2 2392.0 0 0 0 0 0 0 0 0 0
-112.2 -205.9 2472.2 0 0 0 0 0 0 0 0 0
-440.9 -779.5 2438.9 0 0 0 0 0 0 0 0 0
-339.0 -835.3 2613.0 0 0 0 0 0 0 0 0 0
-147.3 455.4 2479.8 13 0.5479468107 0.4274366796 -0.7190634012 -0.1619609147 0.8975399137 0.4101106226 0.8206844330 -0.1082586348 0.5610321760
-232.9 275.8 2501.4 0.5479468107 0.4274366796 -0.7190634012 -0.1619609147 0.8975399137 0.4101106226 0.8206844330 -0.1082586348 0.5610321760
-312.0 98.3 2525.9 0.5595060587 0.4036239982 -0.7239065170 -0.1368696243 0.9064150453 0.3995978534 0.8174470067 -0.1244966164 0.5623885989
-312.5 295.2 2385.1 -0.1385888904 0.3188509047 -0.9376178384 0.9840498567 0.1509566307 -0.0941169262 0.1115303710 -0.9357062578 -0.3346861005
-278.0 49.6 2357.2 -0.7146422267 0.3188509047 -0.6225918531 0.6867831349 0.1509566307 -0.7110140920 -0.1327231228 -0.9357062578 -0.3268614113
-153.2 256.3 2617.8 -0.0660650358 0.8571345210 -0.5108383894 -0.9964982867 -0.0829708725 -0.0103428001 -0.0512498766 0.5083662868 0.8596145511
-170.0 3.1 2604.8 0.2280552387 0.8571345210 -0.4618563354 -0.8238096237 -0.0829708725 -0.5607615709 -0.5189687014 0.5083662868 0.6871936917
-441.7 -65.2 2479.0 -0.1587895006 -0.1093226150 -0.9812412858 0.0296493843 0.9928745627 -0.1154167205 0.9868671894 -0.0474201627 -0.1544167101
-398.9 -453.9 2497.5 -0.1849080622 0.1270894557 -0.9745036364 -0.1499274969 0.9763477445 0.1557780802 0.9712521434 0.1749095172 -0.1614803672
-339.6 -89.6 2625.7 -0.6241049170 -0.2201712281 -0.7496783733 -0.0885630101 0.9732275009 -0.2120963931 0.7763051391 -0.0659766272 -0.6268950701
-253.4 -470.6 2651.5 -0.5967372656 0.2341052741 -0.7675281167 0.0501750484 0.9655108452 0.2554823160 0.8008664846 0.1139450595 -0.5879025459
-96.9 -124.4 2390.9 0 0 0 0 0 0 0 0 0
-111.7 -207.7 2472.0 0 0 0 0 0 0 0 0 0
-441.3 -779.4 2439.2 0 0 0 0 0 0 0 0 0
-341.6 -834.1 2608.6 0 0 0 0 0 0 0 0 0
-148.7 456.0 2477.0 14 0.5218288898 0.4220933616 -0.7413040996 -0.1432550251 0.9000237584 0.4116251767 0.8409355283 -0.1086023748 0.5301253796
-233.2 275.8 2498.8 0.5218288898 0.4220933616 -0.7413040996 -0.1432550251 0.9000237584 0.4116251767 0.8409355283 -0.1086023748 0.5301253796
-311.8 98.1 2522.9 0.5318421721 0.4012878537 -0.7457291484 -0.1212721393 0.9076128006 0.4019104838 0.8381151557 -0.1233167648 0.5313717723
-308.9 293.1 2379.5 -0.1215475649 0.2719703317 -0.9545984864 0.9891573787 0.1130517796 -0.0937388241 0.0824248865 -0.9556418657 -0.2827626467
-278.7 47.3 2359.0 -0.7103094459 0.2719703317 -0.6492246389 0.6935676932 0.1130517796 -0.7114654779 -0.1201015115 -0.9556418657 -0.2689315975
-157.5 258.5 2618.1 -0.0571848340 0.8396369219 -0.5401293635 -0.9975879788 -0.0693778470 -0.0022314969 -0.0393466577 0.5386989713 0.8415790200
-172.0 5.0 2608.1 0.2515963316 0.8396369219 -0.4813617468 -0.8293046355 -0.0693778470 -0.5544732213 -0.4989520311 0.5386989713 0.6788595915
-441.6 -66.8 2476.5 -0.1909288317 -0.1105657965 -0.9753570557 0.0235573705 0.9928337932 -0.1171583682 0.9813211560 -0.0453457572 -0.1869559586
-398.3 -455.6 2494.2 -0.2148848623 0.1330535412 -0.9675335884 -0.1339357346 0.9773014784 0.1641433388 0.9674118757 0.1648592353 -0.1921866685
-340.6 -91.5 2624.1 -0.6459719539 -0.2253955305 -0.7293264270 -0.0996284336 0.9721359611 -0.2121929377 0.7568318248 -0.0644090399 -0.6504284143
-252.3 -472.2 2649.3 -0.6146653891 0.2342622131 -0.7531983256 0.0691063404 0.9672021270 0.2444265038 0.7857549191 0.0981897339 -0.6106947064
-97.2 -129.9 2389.7 0 0 0 0 0 0 0 0 0
-107.7 -207.1 2480.4 0 0 0 0 0 0 0 0 0
-442.3 -778.7 2439.7 0 0 0 0 0 0 0 0 0
-340.5 -836.4 2612.3 0 0 0 0 0 0 0 0 0
-148.4 456.3 2477.7 15 0.5363696218 0.4218101799 -0.7310155630 -0.1576265097 0.9009752274 0.4042245448 0.8291329741 -0.1015863344 0.5497442484
-232.8 275.9 2498.0 0.5363696218 0.4218101799 -0.7310155630 -0.1576265097 0.9009752274 0.4042245448 0.8291329741 -0.1015863344 0.5497442484
-310.9 97.8 2520.7 0.5469333529 0.3986510038 -0.7361665964 -0.1343129277 0.9097383022 0.3928565383 0.8263316154 -0.1159896627 0.5511102080
-310.7 295.0 2380.3 -0.1359750628 0.2878900468 -0.9479610324 0.9866173863 0.1262569278 -0.1031764373 0.0899831802 -0.9493042231 -0.3012050986
-275.8 42.1 2357.3 -0.7091408372 0.2878900468 -0.6436136961 0.6943056583 0.1262569278 -0.7085188031 -0.1227148250 -0.9493042231 -0.2894176245
-154.9 256.8 2615.7 -0.0574300960 0.8492776155 -0.5248135924 -0.9968649149 -0.0774400607 -0.0162306521 -0.0544259287 0.5222361088 0.8510624170
-169.5 3.5 2601.8 0.2429017276 0.8492776155 -0.4687497020 -0.8209552765 -0.0774400607 -0.5657167435 -0.5167505741 0.5222361088 0.6784086227
-438.4 -68.7 2471.5 -0.1752735823 -0.1026197970 -0.9791569710 0.0270431302 0.9936757684 -0.1089822724 0.9841482639 -0.0455811843 -0.1713899523
-398.2 -457.9 2489.3 -0.1980058402 0.1347681582 -0.9708919525 -0.1229126006 0.9792711735 0.1609983295 0.9724639654 0.1512134671 -0.1773367077
-342.4 -90.6 2622.8 -0.6380568147 -0.2218960971 -0.7373232841 -0.0866213441 0.9721828699 -0.2176172286 0.7651014328 -0.0749842227 -0.6395288110
-255.5 -471.4 2652.2 -0.6138079166 0.2193300128 -0.7583760023 0.0464857407 0.9690064788 0.2426222414 0.7880855799 0.1136697829 -0.6049795747
-92.6 -137.3 2389.0 0 0 0 0 0 0 0 0 0
-107.4 -206.6 2469.6 0 0 0 0 0 0 0 0 0
-442.3 -778.1 2439.9 0 0 0 0 0 0 0 0 0
-338.1 -836.2 2609.4 0 0 0 0 0 0 0 0 0
-146.7 457.7 2477.5 16 0.5530943871 0.4198459983 -0.7195942998 -0.1733080894 0.9028226733 0.3935422599 0.8148931861 -0.0929545164 0.5721088648
-230.9 276.8 2496.1 0.5530943871 0.4198459983 -0.7195942998 -0.1733080894 0.9028226733 0.3935422599 0.8148931861 -0.0929545164 0.5721088648
-308.3 98.1 2517.2 0.5642408133 0.3949285448 -0.7250267267 -0.1484752595 0.9123919606 0.3814394474 0.8121498823 -0.1075751781 0.5734458566
-311.2 297.9 2380.4 -0.1245567128 0.2888286412 -0.9492437243 0.9883525968 0.1204211786 -0.0930476189 0.0874342248 -0.9497771859 -0.3004637957
-277.8 32.4 2357.0 -0.7273191214 0.2888286412 -0.6225631833 0.6727122664 0.1204211786 -0.7300390005 -0.1358863860 -0.9497771859 -0.2818831801
-150.5 255.6 2611.7 -0.0572308861 0.8600982428 -0.5069079399 -0.9957925677 -0.0855752602 -0.0327732936 -0.0715670362 0.5028995275 0.8613769412
-165.1 2.6 2593.6 0.2331381142 0.8600982428 -0.4537374377 -0.8109126687 -0.0855752602 -0.5788761377 -0.5367190242 0.5028995275 0.6775136590
-438.4 -68.3 2468.8 -0.1591674834 -0.1067482829 -0.9814634323 0.0503770001 0.9919638038 -0.1160601676 0.9859654307 -0.0679161921 -0.1525107324
-396.6 -456.7 2495.4 -0.1901973188 0.1397155523 -0.9717533588 -0.1433093846 0.9752679467 0.1682702303 0.9712298512 0.1712659150 -0.1654707938
-339.6 -92.5 2618.1 -0.6278088689 -0.2218202204 -0.7460910082 -0.0756788403 0.9713870883 -0.2251219153 0.7746797204 -0.0848702341 -0.6266325116
-252.7 -473.0 2651.3 -0.6024434566 0.2259337604 -0.7655166984 0.0582594648 0.9689890742 0.2401375622 0.7960324883 0.1000707075 -0.5969238877
-89.2 -142.0 2392.2 0 0 0 0 0 0 0 0 0
-105.4 -205.0 2456.2 0 0 0 0 0 0 0 0 0
-442.6 -777.8 2439.0 0 0 0 0 0 0 0 0 0
-337.8 -837.9 2613.6 0 0 0 0 0 0 0 0 0
-148.6 456.2 2477.9 17 0.5398384333 0.4227389693 -0.7279191017 -0.1727072299 0.9019767642 0.3957400322 0.8238608241 -0.0879187882 0.5599318147
-233.1 275.9 2495.4 0.5398384333 0.4227389693 -0.7279191017 -0.1727072299 0.9019767642 0.3957400322 0.8238608241 -0.0879187882 0.5599318147
-311.1 97.5 2515.9 0.5514537096 0.3985600770 -0.7328360677 -0.1470646709 0.9111725688 0.3848851025 0.8211399317 -0.1044720188 0.5610836148
-311.6 296.9 2378.5 -0.1232270747 0.3043423593 -0.9445585012 0.9891242981 0.1146854535 -0.0920887962 0.0803005993 -0.9456336498 -0.3151647747
-277.9 25.9 2356.5 -0.7346262932 0.3043423593 -0.6063826680 0.6602082849 0.1146854535 -0.7422750592 -0.1563624740 -0.9456336498 -0.2851803005
-154.5 255.0 2612.4 -0.0581886210 0.8521685004 -0.5200220346 -0.9958999157 -0.0856921300 -0.0289874133 -0.0692639574 0.5162031651 0.8536608219
-169.3 1.9 2594.8 0.2395900637 0.8521685004 -0.4651939869 -0.8131174445 -0.0856921300 -0.5757576227 -0.5305059552 0.5162031651 0.6723821163
-436.6 -67.2 2464.9 -0.1740385890 -0.1055996791 -0.9790604115 0.0535771102 0.9917455316 -0.1164917797 0.9832802415 -0.0727292970 -0.1669442654
-395.2 -455.6 2493.3 -0.2048087716 0.1418491006 -0.9684690237 -0.1347908825 0.9759289622 0.1714469045 0.9694765806 0.1656546295 -0.1807588488
-334.7 -94.0 2611.6 -0.6435018778 -0.2130202353 -0.7352058887 -0.0547579676 0.9708456993 -0.2333671749 0.7634834051 -0.1099138334 -0.6364055872
-251.3 -474.1 2654.6 -0.6179522276 0.2491686046 -0.7456876636 0.0616317280 0.9608852863 0.2700017691 0.7837962508 0.1208901703 -0.6091378927
-87.7 -145.0 2397.0 0 0 0 0 0 0 0 0 0
-107.9 -206.3 2459.0 0 0 0 0 0 0 0 0 0
-442.0 -777.0 2438.8 0 0 0 0 0 0 0 0 0
-345.0 -835.8 2609.1 0 0 0 0 0 0 0 0 0
-153.3 455.5 2478.6 18 0.4590159059 0.4255641699 -0.7798715234 -0.1267542839 0.9002001882 0.4166208506 0.8793393970 -0.0923835412 0.4671483040
-238.5 275.2 2497.1 0.4590159059 0.4255641699 -0.7798715234 -0.1267542839 0.9002001882 0.4166208506 0.8793393970 -0.0923835412 0.4671483040
-317.2 97.1 2518.0 0.4694643915 0.4016802609 -0.7862926722 -0.1038972810 0.9094721675 0.4025739431 0.8768172860 -0.1073004603 0.4686982632
-305.0 289.9 2372.9 -0.1046086252 0.3738402128 -0.9215750098 0.9915467501 0.1107280478 -0.0676339343 0.0767599195 -0.9208598137 -0.3822631538
-277.5 28.8 2352.7 -0.7104345560 0.3738402128 -0.5962602496 0.6724610329 0.1107280478 -0.7318028808 -0.2075546086 -0.9208598137 -0.3300580084
-172.0 260.6 2621.3 -0.0474547967 0.7978413105 -0.6009969115 -0.9984852672 -0.0546608903 0.0062765656 -0.0278433226 0.6003844142 0.7992267013
-184.1 7.0 2614.2 0.2928710878 0.7978413105 -0.5269494653 -0.8353297114 -0.0546608903 -0.5470251441 -0.4652427733 0.6003844142 0.6504519582
-439.0 -67.7 2462.2 -0.2635336816 -0.1168196350 -0.9575505853 0.0428636111 0.9902417660 -0.1326046735 0.9636974335 -0.0759898722 -0.2559547424
-393.3 -455.5 2491.9 -0.2911190987 0.1501917243 -0.9448238611 -0.1136429533 0.9751783609 0.1900326312 0.9499131441 0.1626947075 -0.2668248117
-339.4 -94.3 2610.5 -0.4654211700 -0.2220632434 -0.8567794561 -0.0042573013 0.9685651660 -0.2487236112 0.8850790858 -0.1121136621 -0.4517361224
-252.4 -473.6 2654.4 -0.4654211700 0.2404310256 -0.8518075347 -0.0042573013 0.9617779851 0.2737974226 0.8850790858 0.1310575157 -0.4466082454
-94.0 -144.8 2406.3 0 0 0 0 0 0 0 0 0
-109.3 -206.1 2495.5 0 0 0 0 0 0 0 0 0
-442.8 -777.1 2438.3 0 0 0 0 0 0 0 0 0
-342.9 -835.7 2605.1 0 0 0 0 0 0 0 0 0
-153.7 457.7 2478.9 19 0.4912866354 0.4117939174 -0.7675045729 -0.1399422586 0.9070493579 0.3970864117 0.8596822619 -0.0876769200 0.5032485723
-236.1 276.1 2496.5 0.4912866354 0.4117939174 -0.7675045729 -0.1399422586 0.9070493579 0.3970864117 0.8596822619 -0.0876769200 0.5032485723
-312.1 96.7 2516.5 0.5015934706 0.3878011703 -0.7733138204 -0.1164426059 0.9160278440 0.3838413358 0.8572310805 -0.1024856344 0.5046301484
-307.3 292.6 2374.8 -0.1127918810 0.3674461544 -0.9231799841 0.9908423424 0.1110010520 -0.0768778175 0.0742254928 -0.9233970642 -0.3766012192
