-95.0 438.6 2493.2 26 0.4702706337 0.4225918055 -0.7747655511 0.0432026051 0.8658229113 0.4984818697 0.8814641833 -0.2678932846 0.3889140487
-178.8 266.9 2546.3 0.4702706337 0.4225918055 -0.7747655511 0.0432026051 0.8658229113 0.4984818697 0.8814641833 -0.2678932846 0.3889140487
-259.9 96.4 2598.0 0.4705906212 0.4138590991 -0.7792721987 0.0438670330 0.8711106181 0.4891236722 0.8812605739 -0.2643613815 0.3917817175
-245.9 260.6 2420.7 0.0805556104 0.1445990950 -0.9862058163 0.9956573248 -0.0579916425 0.0728248060 -0.0466612950 -0.9877895117 -0.1486427039
-264.6 28.7 2431.6 -0.6249587536 0.1445990950 -0.7671490312 0.7686119676 -0.0579916425 -0.6370813251 -0.1366096139 -0.9877895117 -0.0748982131
-111.7 273.2 2671.8 0.2480728030 0.9687411785 -0.0006361609 -0.8870690465 0.2274222225 0.4017308354 0.3893178999 -0.0990941823 0.9157575965
-55.9 73.7 2759.4 0.1773287952 0.9687411785 0.1734791696 -0.9141726494 0.2274222225 -0.3355107903 -0.3644761443 -0.0990941823 0.9259251952
-387.6 -66.9 2569.8 -0.2800466716 -0.0565764792 -0.9583177567 -0.1675861776 0.9858142734 -0.0092265345 0.9452453256 0.1580169499 -0.2855554223
-365.4 -453.0 2507.9 -0.2755125761 0.2019643337 -0.9398421049 -0.1457864791 0.9575939178 0.2485160083 0.9501784444 0.2054855675 -0.2343855053
-305.3 -57.1 2730.5 -0.1605536342 -0.3268125653 -0.9313517213 -0.1427560300 0.9413601756 -0.3057151437 0.9766489863 0.0838723928 -0.1977932602
-177.6 -425.1 2697.7 -0.1605536342 0.3679908514 -0.9158630967 -0.1427560300 0.9094867110 0.3904544115 0.9766489863 0.1934338510 -0.0934884921
-104.7 -168.0 2466.6 0 0 0 0 0 0 0 0 0
-10.8 -158.9 2666.7 0 0 0 0 0 0 0 0 0
-433.7 -776.9 2438.4 0 0 0 0 0 0 0 0 0
-315.7 -766.4 2625.1 0 0 0 0 0 0 0 0 0
-89.7 437.0 2487.2 27 0.4797281921 0.4405325055 -0.7588095665 0.0500885695 0.8496617079 0.5249439478 0.8759862781 -0.2898380756 0.3855410218
-177.4 268.0 2544.9 0.4797281921 0.4405325055 -0.7588095665 0.0500885695 0.8496617079 0.5249439478 0.8759862781 -0.2898380756 0.3855410218
-260.3 99.5 2600.2 0.4803652167 0.4234878421 -0.7680542469 0.0513495281 0.8606244922 0.5066446066 0.8755640984 -0.2828136683 0.3916681409
-245.8 260.7 2420.1 0.0672083348 0.1216592416 -0.9902939200 0.9960685372 -0.0655907914 0.0595423020 -0.0577102937 -0.9904024005 -0.1255891919
-261.7 25.0 2433.8 -0.6180814505 0.1216592416 -0.7766429782 0.7757386565 -0.0655907914 -0.6276363730 -0.1272983998 -0.9904024005 -0.0538353212
-108.9 275.3 2669.6 0.2258133292 0.9741278887 -0.0091240648 -0.9109563828 0.2144698948 0.3523650765 0.3452054560 -0.0712571070 0.9358181357
-55.8 60.9 2750.9 0.1787841767 0.9741278887 0.1382430047 -0.9241833687 0.2144698948 -0.3160502613 -0.3375223279 -0.0712571070 0.9386165738
-383.4 -78.1 2570.1 -0.2719369233 -0.0439259000 -0.9613120556 -0.1614951789 0.9868733287 0.0005900278 0.9486672878 0.1554077119 -0.2754611075
-366.2 -464.7 2509.2 -0.2712934315 0.2071597576 -0.9399386644 -0.1585277915 0.9536087513 0.2559283078 0.9493517876 0.2184380740 -0.2258672118
-298.4 -70.2 2729.4 -0.1627659053 -0.3282087445 -0.9304763675 -0.1465134472 0.9406368732 -0.3061634600 0.9757258892 0.0864943266 -0.2011906207
-169.9 -438.2 2695.5 -0.1627659053 0.4135384262 -0.8958198428 -0.1465134472 0.8877312541 0.4364252388 0.9757258892 0.2022848129 -0.0839034542
-103.5 -173.6 2466.4 0 0 0 0 0 0 0 0 0
-10.1 -174.9 2664.7 0 0 0 0 0 0 0 0 0
-434.2 -777.6 2437.5 0 0 0 0 0 0 0 0 0
-325.2 -771.6 2619.5 0 0 0 0 0 0 0 0 0
-80.3 440.8 2481.3 28 0.4912192822 0.4610674381 -0.7389996052 0.0431022234 0.8345085382 0.5493065715 0.8699688911 -0.3016825020 0.3900536299
-172.5 273.9 2541.6 0.4912192822 0.4610674381 -0.7389996052 0.0431022234 0.8345085382 0.5493065715 0.8699688911 -0.3016825020 0.3900536299
-259.6 108.2 2598.7 0.4906574786 0.4447910190 -0.7492771149 0.0420594811 0.8468093276 0.5302310586 0.8703368306 -0.2916760147 0.3967856467
-242.4 267.9 2417.6 0.0790654942 0.0936598256 -0.9924598336 0.9941072464 -0.0814695135 0.0715083480 -0.0741577595 -0.9922653437 -0.0995493382
-261.7 26.0 2435.6 -0.6166132092 0.0936598256 -0.7816751599 0.7777466774 -0.0814695135 -0.6232758760 -0.1220586076 -0.9922653437 -0.0226084404
-102.6 279.9 2665.6 0.1881496608 0.9808488488 -0.0503513552 -0.9150012732 0.1936867684 0.3539182842 0.3568927348 -0.0205180533 0.9339200258
-57.2 59.2 2751.7 0.1757386178 0.9808488488 0.0839731619 -0.9254995584 0.1936867684 -0.3254781067 -0.3355093300 -0.0205180533 0.9418134093
-386.6 -73.6 2576.5 -0.2665619850 -0.0580851138 -0.9620659351 -0.1495764107 0.9885818958 -0.0182425175 0.9521405697 0.1390396059 -0.2722064853
-363.9 -460.7 2522.0 -0.2760272026 0.2110455483 -0.9376932979 -0.1909262389 0.9441139102 0.2686932683 0.9419958591 0.2531968951 -0.2203069776
-299.8 -64.3 2734.7 -0.2351173311 -0.3737952709 -0.8972162008 -0.1534142494 0.9257940650 -0.3454987705 0.9597832561 0.0564130060 -0.2750157416
-153.6 -426.2 2712.7 -0.2351173311 0.4338059425 -0.8697886467 -0.1534142494 0.8670940995 0.4739323258 0.9597832561 0.2448676676 -0.1373168379
-103.8 -173.1 2466.9 0 0 0 0 0 0 0 0 0
-12.3 -177.4 2665.9 0 0 0 0 0 0 0 0 0
-434.4 -776.5 2437.3 0 0 0 0 0 0 0 0 0
-316.6 -751.9 2620.7 0 0 0 0 0 0 0 0 0
-75.4 439.3 2480.8 29 0.4914680123 0.4730625451 -0.7312120199 0.0396029092 0.8266009688 0.5613932610 0.8699947000 -0.3048649728 0.3875132799
-169.9 274.1 2541.7 0.4914680123 0.4730625451 -0.7312120199 0.0396029092 0.8266009688 0.5613932610 0.8699947000 -0.3048649728 0.3875132799
-258.9 109.4 2599.1 0.4905862808 0.4548825324 -0.7432408333 0.0380184203 0.8409490585 0.5397770405 0.8705628514 -0.2930640578 0.3952641785
-239.8 268.7 2417.6 0.1045965701 0.1051053032 -0.9889451265 0.9919226766 -0.0827738047 0.0961142704 -0.0717566311 -0.9910103083 -0.1129141822
-264.9 30.8 2434.8 -0.6004180312 0.1051053032 -0.7927490473 0.7891163230 -0.0827738047 -0.6086410880 -0.1295902580 -0.9910103083 -0.0332414173
-100.0 279.5 2665.8 0.1686727852 0.9814387560 -0.0912546739 -0.9150763750 0.1903261840 0.3555434942 0.3663123250 0.0235344879 0.9301943183
-60.4 64.7 2751.7 0.1873113066 0.9814387560 0.0411387645 -0.9250209928 0.1903261840 -0.3288040161 -0.3305307925 0.0235344879 0.9435017109
-390.9 -61.4 2577.2 -0.2682540417 -0.0723070204 -0.9606307745 -0.1549806595 0.9874295592 -0.0310461670 0.9508000612 0.1405509412 -0.2760881484
-362.6 -448.1 2522.1 -0.2742236257 0.2087755203 -0.9387301207 -0.1816491485 0.9473322034 0.2637523413 0.9443542957 0.2428466380 -0.2218569666
-302.3 -53.8 2734.5 -0.1151026189 -0.3334151208 -0.9357274175 -0.1499844640 0.9370220900 -0.3154270649 0.9819654226 0.1040380895 -0.1578607857
-172.1 -419.7 2693.9 -0.1151026189 0.3683911562 -0.9225179553 -0.1499844640 0.9115983248 0.3827441931 0.9819654226 0.1824182123 -0.0496744066
-111.1 -171.2 2468.0 0 0 0 0 0 0 0 0 0
-12.5 -172.0 2667.2 0 0 0 0 0 0 0 0 0
-434.7 -774.9 2438.3 0 0 0 0 0 0 0 0 0
-309.9 -760.9 2625.6 0 0 0 0 0 0 0 0 0
-71.0 439.7 2488.0 30 0.4960405231 0.4797703326 -0.7237155437 0.0059917425 0.8315750360 0.5553800464 0.8682786822 -0.2798273563 0.4096202850
-167.2 272.9 2544.1 0.4960405231 0.4797703326 -0.7237155437 0.0059917425 0.8315750360 0.5553800464 0.8682786822 -0.2798273563 0.4096202850
-257.8 107.6 2597.0 0.4959626496 0.4625181556 -0.7349135876 0.0058532166 0.8445394635 0.5354613066 0.8683241010 -0.2698704302 0.4161528051
-237.9 272.0 2420.5 0.1143511236 0.1244841069 -0.9856102467 0.9916250706 -0.0742526129 0.1056707501 -0.0600298047 -0.9894393682 -0.1319324225
-265.6 31.1 2435.0 -0.6022430658 0.1244841069 -0.7885473967 0.7868463397 -0.0742526129 -0.6126658320 -0.1348188668 -0.9894393682 -0.0532317385
-96.6 273.7 2667.8 0.1471840590 0.9791732430 -0.1398450583 -0.9156742096 0.1883483231 0.3550571799 0.3740020692 0.0757937655 0.9243255854
-63.0 64.7 2753.2 0.2029931694 0.9791732430 -0.0036822408 -0.9150031805 0.1883483231 -0.3567829430 -0.3486587703 0.0757937655 0.9341800213
-392.3 -58.6 2577.8 -0.2649524808 -0.0741214603 -0.9614084363 -0.1746618450 0.9842374325 -0.0277468245 0.9483108521 0.1605697870 -0.2737223506
-363.3 -444.1 2514.9 -0.2627854347 0.2031883448 -0.9432169795 -0.1644272953 0.9538438320 0.2512879372 0.9507405162 0.2211254388 -0.2172465622
-303.7 -51.8 2735.2 -0.1301982999 -0.3583109081 -0.9244791269 -0.1513681859 0.9286690354 -0.3386170268 0.9798653126 0.0958493650 -0.1751480103
-163.6 -414.9 2697.7 -0.1301982999 0.3917495608 -0.9108132124 -0.1513681859 0.9000103474 0.4087408185 0.9798653126 0.1910855025 -0.0578814000
-111.4 -170.3 2469.6 0 0 0 0 0 0 0 0 0
-11.0 -169.4 2664.0 0 0 0 0 0 0 0 0 0
-433.8 -775.0 2438.2 0 0 0 0 0 0 0 0 0
-310.6 -752.6 2626.0 0 0 0 0 0 0 0 0 0
-73.9 438.9 2491.1 31 0.5226212144 0.4760501385 -0.7072788477 -0.0219927616 0.8368409872 0.5470041037 0.8522812724 -0.2703209221 0.4478205144
-169.5 270.9 2545.4 0.5226212144 0.4760501385 -0.7072788477 -0.0219927616 0.8368409872 0.5470041037 0.8522812724 -0.2703209221 0.4478205144
-259.1 104.5 2596.8 0.5242437124 0.4573008418 -0.7183623314 -0.0190610196 0.8496658802 0.5269768238 0.8513549566 -0.2625715733 0.4541486204
-244.1 273.6 2424.2 0.0953610986 0.1268465370 -0.9873278141 0.9941851497 -0.0619767681 0.0880609751 -0.0500211567 -0.9899842739 -0.1320191324
-267.1 33.7 2436.3 -0.5940159559 0.1268465370 -0.7943896651 0.7945477366 -0.0619767681 -0.6040304899 -0.1258528829 -0.9899842739 -0.0639704391
-94.8 268.2 2666.6 0.1299767643 0.9714986682 -0.1982332021 -0.9093807936 0.1964779794 0.3666374385 0.3951362371 0.1326151043 0.9089997411
-65.5 62.7 2755.9 0.2321921140 0.9714986682 -0.0477198698 -0.9013780951 0.1964779794 -0.3858936727 -0.3655192554 0.1326151043 0.9213082790
-393.2 -58.3 2571.4 -0.2376173288 -0.0756099597 -0.9684116840 -0.1543621719 0.9872362018 -0.0392041579 0.9590153098 0.1401705295 -0.2462557554
-363.6 -444.9 2516.5 -0.2419827878 0.2031876743 -0.9487671256 -0.1746155918 0.9527433515 0.2485748827 0.9544389844 0.2258203775 -0.1950677484
-303.6 -57.2 2728.3 -0.1599418372 -0.3638141751 -0.9176371098 -0.1428305656 0.9283511639 -0.3431669474 0.9767384529 0.0761798695 -0.2004459798
-161.2 -420.5 2698.5 -0.1599418372 0.4058859944 -0.8998194933 -0.1428305656 0.8924460411 0.4279479682 0.9767384529 0.1969685107 -0.0847665370
-115.0 -169.8 2468.5 0 0 0 0 0 0 0 0 0
-6.1 -167.9 2662.4 0 0 0 0 0 0 0 0 0
-434.4 -776.7 2437.9 0 0 0 0 0 0 0 0 0
-313.8 -756.0 2624.4 0 0 0 0 0 0 0 0 0
-77.0 439.8 2492.7 32 0.5342404246 0.4716446400 -0.7015258670 -0.0324604735 0.8407153487 0.5405035019 0.8447090983 -0.2659869492 0.4644539058
-171.8 270.8 2546.2 0.5342404246 0.4716446400 -0.7015258670 -0.0324604735 0.8407153487 0.5405035019 0.8447090983 -0.2659869492 0.4644539058
-260.4 103.7 2596.9 0.5364246368 0.4525990486 -0.7123220563 -0.0284571517 0.8532555103 0.5207160711 0.8434683084 -0.2590542734 0.4705869555
-248.2 274.8 2426.1 0.0798517093 0.1171158254 -0.9899027944 0.9957727790 -0.0545926467 0.0738663375 -0.0453904979 -0.9916166067 -0.1209800690
-267.5 34.0 2437.0 -0.6004973650 0.1171158254 -0.7910037041 0.7913877964 -0.0545926467 -0.6088719368 -0.1144915223 -0.9916166067 -0.0599012971
-95.4 266.8 2666.3 0.1086083800 0.9643923044 -0.2411465943 -0.8690364361 0.2098963261 0.4480169713 0.4826799035 0.1609067768 0.8608885407
-71.5 75.7 2772.4 0.2607262433 0.9643923044 -0.0443767011 -0.8566049933 0.2098963261 -0.4713506401 -0.4452524185 0.1609067768 0.8808287382
-396.0 -60.1 2571.4 -0.2242210954 -0.0820037201 -0.9710820317 -0.1590244323 0.9861761332 -0.0465599000 0.9614760280 0.1439860612 -0.2341620922
-363.9 -446.3 2515.0 -0.2278231531 0.2046368718 -0.9519560933 -0.1756645590 0.9529863596 0.2468985915 0.9577257037 0.2234741598 -0.1811649203
-301.3 -63.5 2725.1 -0.2133942246 -0.3137284517 -0.9252228737 -0.1418387890 0.9469515681 -0.2883825004 0.9666150808 0.0696933419 -0.2465728670
-178.7 -433.7 2697.8 -0.2133942246 0.3675701022 -0.9051823616 -0.1418387890 0.9050508142 0.4009547830 0.9666150808 0.2139514089 -0.1409969181
-113.7 -168.6 2466.4 0 0 0 0 0 0 0 0 0
-6.0 -139.3 2660.6 0 0 0 0 0 0 0 0 0
-434.8 -776.6 2437.5 0 0 0 0 0 0 0 0 0
-316.9 -774.0 2617.4 0 0 0 0 0 0 0 0 0
-86.3 440.7 2502.0 33 0.5628800392 0.4371625185 -0.7014663219 -0.0658262372 0.8696936965 0.4891827404 0.8239132166 -0.2291763127 0.5183100104
-173.6 267.1 2547.7 0.5628800392 0.4371625185 -0.7014663219 -0.0658262372 0.8696936965 0.4891827404 0.8239132166 -0.2291763127 0.5183100104
-257.4 96.0 2592.2 0.5648437142 0.4276773632 -0.7057220936 -0.0618654042 0.8747557998 0.4805985093 0.8228756189 -0.2278032452 0.5205587745
-254.1 275.8 2430.7 0.0568582267 0.1327480674 -0.9895176291 0.9980540872 -0.0329671316 0.0529260561 -0.0255957264 -0.9906014204 -0.1343642026
-267.8 34.6 2436.9 -0.5914467573 0.1327480674 -0.7953418493 0.7993648052 -0.0329671316 -0.5999408960 -0.1058611274 -0.9906014204 -0.0866158232
-93.1 258.4 2664.8 0.0515391901 0.9510868192 -0.3045940697 -0.8417220116 0.2055083811 0.4992698729 0.5374456048 0.2306515574 0.8111424446
-82.5 85.1 2775.4 0.2917599678 0.9510868192 -0.1015379056 -0.8429526687 0.2055083811 -0.4971891642 -0.4520031810 0.2306515574 0.8616803288
-397.6 -60.8 2571.4 -0.1941636950 -0.0897079781 -0.9768587351 -0.1576941013 0.9857132435 -0.0591773130 0.9682112336 0.1425547749 -0.2055361420
-362.4 -446.9 2515.6 -0.2001989186 0.2078020722 -0.9574646950 -0.1850324720 0.9516440034 0.2452277243 0.9621244073 0.2262563854 -0.1520679593
-300.6 -65.9 2723.8 -0.2658608854 -0.3669413626 -0.8914437890 -0.1341693401 0.9298077226 -0.3427187800 0.9546290040 0.0284889136 -0.2964317799
-157.4 -428.9 2712.7 -0.2658608854 0.4206878543 -0.8673751950 -0.1341693401 0.8748517036 0.4654385746 0.9546290040 0.2401170731 -0.1761454344
-116.3 -170.1 2464.0 0 0 0 0 0 0 0 0 0
-10.1 -123.9 2663.3 0 0 0 0 0 0 0 0 0
-434.3 -776.1 2437.3 0 0 0 0 0 0 0 0 0
-315.3 -757.4 2622.5 0 0 0 0 0 0 0 0 0
-94.4 441.8 2507.1 34 0.5354427695 0.4297786951 -0.7270428538 -0.0468420833 0.8746291995 0.4825241566 0.8432715535 -0.2243078500 0.4884456098
-180.4 266.8 2552.0 0.5354427695 0.4297786951 -0.7270428538 -0.0468420833 0.8746291995 0.4825241566 0.8432715535 -0.2243078500 0.4884456098
-262.0 94.1 2594.8 0.5364477038 0.4168736935 -0.7337848544 -0.0447566286 0.8823112845 0.4685334861 0.8427459002 -0.2185019851 0.4919717312
-256.7 273.2 2432.1 0.0464588031 0.1693007052 -0.9844688177 0.9988427758 -0.0201433934 0.0436730422 -0.0124366656 -0.9853585958 -0.1700406224
-267.8 35.0 2435.1 -0.5965356231 0.1693007052 -0.7845269442 0.7937572598 -0.0201433934 -0.6079010367 -0.1187211126 -0.9853585958 -0.1223674044
-104.0 260.5 2671.9 0.0582615733 0.9440603852 -0.3245851994 -0.8365152478 0.2236155719 0.5002382398 0.5448374152 0.2423757911 0.8027491570
-92.1 89.1 2783.5 0.3165308535 0.9440603852 -0.0925103799 -0.8206351399 0.2236155719 -0.5258840322 -0.4757795334 0.2423757911 0.8455103636
-392.3 -69.6 2562.3 -0.2264310867 -0.0719163120 -0.9713686109 -0.1413084567 0.9891452789 -0.0402926952 0.9637224078 0.1281390786 -0.2341356277
-364.1 -456.9 2512.2 -0.2329204530 0.2087012529 -0.9498378038 -0.1705177128 0.9528055191 0.2511679232 0.9574297667 0.2204663157 -0.1863406450
-290.2 -80.6 2710.8 -0.1844656169 -0.2931651771 -0.9380973577 -0.1090221256 0.9546902776 -0.2769127488 0.9767735600 0.0511924848 -0.2080690116
-176.0 -452.7 2690.9 -0.1844656169 0.3933568001 -0.9006901979 -0.1090221256 0.9025719762 0.4165068865 0.9767735600 0.1750263572 -0.1236088946
-115.1 -168.3 2465.5 0 0 0 0 0 0 0 0 0
-13.4 -114.8 2665.3 0 0 0 0 0 0 0 0 0
-433.9 -775.5 2438.5 0 0 0 0 0 0 0 0 0
-323.5 -791.2 2625.2 0 0 0 0 0 0 0 0 0
-84.0 451.2 2500.7 35 0.5863818526 0.4528528750 -0.6716253161 -0.0836950690 0.8585650325 0.5058272481 0.8056993484 -0.2403961867 0.5413485169
-175.1 278.5 2549.1 0.5863818526 0.4528528750 -0.6716253161 -0.0836950690 0.8585650325 0.5058272481 0.8056993484 -0.2403961867 0.5413485169
-260.0 107.9 2593.9 0.5875379443 0.4341242909 -0.6828874350 -0.0814403296 0.8713465929 0.4838621914 0.8050879836 -0.2286728024 0.5473043919
-258.5 290.2 2434.7 0.0323703438 0.1877287477 -0.9816873670 0.9994758368 -0.0055711763 0.0318915248 0.0005178020 -0.9822050929 -0.1878106743
-266.8 32.8 2434.6 -0.6024780869 0.1877287477 -0.7757435441 0.7891193628 -0.0055711763 -0.6142145991 -0.1196275353 -0.9822050929 -0.1447838694
-91.7 266.8 2663.4 -0.0167413466 0.9302883148 -0.3664469421 -0.8362756968 0.1878608018 0.5151225924 0.5480535626 0.3150745034 0.7748324871
-95.3 87.4 2781.0 0.3298994601 0.9302883148 -0.1604056656 -0.8040398359 0.1878608018 -0.5641171932 -0.4946577251 0.3150745034 0.8099640608
-392.1 -74.5 2561.4 -0.1703807116 -0.0723095760 -0.9827216268 -0.1261358857 0.9906997085 -0.0510276258 0.9772717953 0.1152623370 -0.1779169589
-363.8 -462.5 2516.3 -0.1864170432 0.2105423659 -0.9596461058 -0.1966654211 0.9490019083 0.2464105189 0.9625858068 0.2346643209 -0.1355037242
-295.2 -82.6 2713.6 -0.1240206659 -0.3007335961 -0.9456099272 -0.1145320237 0.9509364367 -0.2874062359 0.9856476784 0.0726583079 -0.1523793936
-177.7 -454.1 2685.2 -0.1240206659 0.3911241293 -0.9119434357 -0.1145320237 0.9072538018 0.4046886861 0.9856476784 0.1546364874 -0.0677219853
-112.6 -169.3 2465.2 0 0 0 0 0 0 0 0 0
-14.3 -110.1 2659.6 0 0 0 0 0 0 0 0 0
-433.4 -776.4 2438.7 0 0 0 0 0 0 0 0 0
-324.7 -795.0 2627.1 0 0 0 0 0 0 0 0 0
-82.7 456.2 2506.0 36 0.5531180501 0.4437786937 -0.7050679922 -0.0696158111 0.8679761291 0.4917022586 0.8301891685 -0.2228855342 0.5109872818
-171.8 281.8 2550.8 0.5531180501 0.4437786937 -0.7050679922 -0.0696158111 0.8679761291 0.4917022586 0.8301891685 -0.2228855342 0.5109872818
-256.4 110.2 2592.2 0.5518362522 0.4324774444 -0.7130498290 -0.0721678659 0.8765817881 0.4758110940 0.8308240175 -0.2111105174 0.5149405599
-250.2 292.2 2432.7 0.0860330686 0.2041755915 -0.9751464725 0.9962922931 -0.0176985897 0.0841929540 -0.0000685712 -0.9787742496 -0.2049412280
-271.5 45.8 2432.7 -0.5774605870 0.2041755915 -0.7904755473 0.8051763177 -0.0176985897 -0.5927713513 -0.1350197345 -0.9787742496 -0.1541771144
-93.4 271.5 2668.9 -0.0190728270 0.9321374893 -0.3616019189 -0.8382521868 0.1822180599 0.5139356852 0.5449491143 0.3129158020 0.7778908610
-97.5 91.5 2785.9 0.3262679875 0.9321374893 -0.1570634097 -0.7974771857 0.1822180599 -0.5751754045 -0.5075227618 0.3129158020 0.8028103113
-397.8 -55.2 2566.3 -0.2128833979 -0.1006054059 -0.9718843699 -0.1214830056 0.9896920323 -0.0758389160 0.9694960117 0.1019225866 -0.2229108512
-358.4 -442.7 2526.4 -0.2316568345 0.2129526585 -0.9492029548 -0.2017684579 0.9440089464 0.2610298097 0.9516431093 0.2519885600 -0.1757189929
-292.0 -70.0 2711.4 -0.1903257817 -0.2817940414 -0.9404085279 -0.1079336181 0.9581176639 -0.2652562857 0.9757696390 0.0510165840 -0.2127695382
-181.8 -444.7 2691.4 -0.1903257817 0.3649224341 -0.9113768339 -0.1079336181 0.9149401188 0.3888893425 0.9757696390 0.1723838747 -0.1347492933
-123.7 -160.3 2467.2 0 0 0 0 0 0 0 0 0
-16.1 -107.5 2659.2 0 0 0 0 0 0 0 0 0
-433.2 -773.9 2438.0 0 0 0 0 0 0 0 0 0
-319.0 -788.7 2626.6 0 0 0 0 0 0 0 0 0
-81.4 459.6 2508.6 37 0.5945640206 0.4339459538 -0.6768932939 -0.0983863100 0.8747951984 0.4743980765 0.7980061173 -0.2154630125 0.5628160834
-168.6 283.7 2552.0 0.5945640206 0.4339459538 -0.6768932939 -0.0983863100 0.8747951984 0.4743980765 0.7980061173 -0.2154630125 0.5628160834
-250.8 110.7 2592.7 0.5961254239 0.4195053577 -0.6845799685 -0.0951694101 0.8835520744 0.4585613608 0.7972309589 -0.2082090229 0.5666319728
-253.4 297.2 2438.7 0.0766118765 0.2422882318 -0.9671747684 0.9967695475 0.0048404238 0.0801687166 0.0241054725 -0.9701922536 -0.2411347032
-272.5 48.5 2432.7 -0.5722640753 0.2422882318 -0.7834603786 0.8082240224 0.0048404238 -0.5888552666 -0.1388804317 -0.9701922536 -0.1985931695
-83.9 270.2 2665.2 -0.0721963271 0.9118876457 -0.4040403664 -0.8238176703 0.1738371402 0.5395415425 0.5622384548 0.3718085289 0.7386787534
-99.7 90.1 2788.1 0.3615931571 0.9118876457 -0.1941940188 -0.7688590884 0.1738371402 -0.6153343320 -0.5273576379 0.3718085289 0.7639714479
-390.7 -54.9 2558.7 -0.1625927836 -0.0786914974 -0.9835503101 -0.1201170087 0.9909793735 -0.0594290793 0.9793546200 0.1084783822 -0.1705782861
-359.9 -442.9 2516.2 -0.1783221811 0.2093002200 -0.9614544511 -0.1899669170 0.9514097571 0.2423469871 0.9654604197 0.2258603722 -0.1298973411
-291.2 -68.0 2708.5 -0.1668584794 -0.3021031320 -0.9385584593 -0.1051881760 0.9519250393 -0.2877050638 0.9803538322 0.0507192202 -0.1906144470
-173.0 -440.5 2688.6 -0.1668584794 0.3917956054 -0.9047952294 -0.1051881760 0.9053494334 0.4114339352 0.9803538322 0.1638250053 -0.1098529622
-125.9 -158.5 2468.2 0 0 0 0 0 0 0 0 0
-9.7 -101.3 2656.9 0 0 0 0 0 0 0 0 0
-432.5 -772.8 2437.9 0 0 0 0 0 0 0 0 0
-320.4 -781.0 2627.0 0 0 0 0 0 0 0 0 0
-83.6 462.9 2511.5 38 0.5630852580 0.4340150654 -0.7032538056 -0.0812258348 0.8759320378 0.4755475223 0.8223973513 -0.2106514126 0.5284776092
-170.7 287.1 2553.7 0.5630852580 0.4340150654 -0.7032538056 -0.0812258348 0.8759320378 0.4755475223 0.8223973513 -0.2106514126 0.5284776092
-253.1 114.0 2593.7 0.5642647147 0.4208846390 -0.7102544904 -0.0787979886 0.8838232160 0.4611370862 0.8218249083 -0.2042367607 0.5318750739
-250.9 298.3 2436.9 0.0936380029 0.2452872097 -0.9649176598 0.9954313636 -0.0048979251 0.0953540504 0.0186630357 -0.9694380760 -0.2446252108
-273.9 53.2 2432.3 -0.5614288449 0.2452872097 -0.7903365493 0.8145137429 -0.0048979251 -0.5801236033 -0.1461679041 -0.9694380760 -0.1970399618
-90.5 275.9 2670.6 -0.0539974533 0.9133993983 -0.4034672081 -0.8296101093 0.1838358343 0.5272110701 0.5557259917 0.3631885350 0.7478386760
-102.1 96.3 2790.9 0.3727624714 0.9133993983 -0.1635531783 -0.7362229228 0.1838358343 -0.6512911916 -0.5648220181 0.3631885350 0.7409926653
-386.6 -53.8 2561.6 -0.2015765607 -0.0794485137 -0.9762452841 -0.1000337750 0.9931630492 -0.0601701848 0.9743511081 0.0855285972 -0.2081459165
-355.5 -442.6 2528.1 -0.2273725420 0.2181375772 -0.9490615129 -0.2065327913 0.9416146278 0.2659062743 0.9516543150 0.2564721107 -0.1690447479
-279.1 -70.9 2705.2 -0.0449901186 -0.2371743470 -0.9704247713 -0.0944001526 0.9680709243 -0.2322225422 0.9945172071 0.0811605230 -0.0659429207
-186.5 -448.9 2673.5 -0.0449901186 0.3462950587 -0.9370462298 -0.0944001526 0.9323250055 0.3490826786 0.9945172071 0.1041625738 -0.0092551075
-130.2 -155.4 2469.7 0 0 0 0 0 0 0 0 0
-9.6 -86.5 2650.7 0 0 0 0 0 0 0 0 0
-432.1 -773.3 2438.0 0 0 0 0 0 0 0 0 0
-316.5 -798.7 2634.5 0 0 0 0 0 0 0 0 0
-86.3 461.9 2511.4 39 0.5835496187 0.4386896789 -0.6833895445 -0.0979309529 0.8734063506 0.4770438671 0.8061509728 -0.2114537805 0.5526372194
-174.5 286.1 2553.9 0.5835496187 0.4386896789 -0.6833895445 -0.0979309529 0.8734063506 0.4770438671 0.8061509728 -0.2114537805 0.5526372194
-257.8 113.5 2594.3 0.5854292512 0.4251832664 -0.6902838349 -0.0941129103 0.8813267350 0.4630398452 0.8052424192 -0.2061124593 0.5559697151
-257.8 299.5 2439.3 0.0671549141 0.2486763895 -0.9662557840 0.9973970652 0.0087520694 0.0715716779 0.0262549259 -0.9685471058 -0.2474413514
-274.4 54.0 2432.9 -0.5629606843 0.2486763895 -0.7881848216 0.8150201440 0.0087520694 -0.5793665051 -0.1371765137 -0.9685471058 -0.2076033503
-91.2 272.7 2668.5 -0.0651403293 0.9083929062 -0.4130121171 -0.8083977699 0.1946113110 0.5555353165 0.5850211978 0.3700658381 0.7216657400
-105.1 101.0 2792.8 0.3845651746 0.9083929062 -0.1641094536 -0.7362682223 0.1946113110 -0.6481014490 -0.5567932129 0.3700658381 0.7436615825
-386.3 -52.0 2559.6 -0.1762776226 -0.0801126063 -0.9810749888 -0.1072794795 0.9923092127 -0.0617542006 0.9784770608 0.0943633318 -0.1835163385
-355.0 -440.6 2522.6 -0.1982410252 0.2188584059 -0.9554064274 -0.1991124600 0.9454351068 0.2578888535 0.9597159624 0.2413574755 -0.1438466012
-284.6 -66.2 2707.8 -0.0008123614 -0.2276036888 -0.9737535119 -0.0975595713 0.9691267610 -0.2264408469 0.9952293634 0.0948150232 -0.0229921993
-195.6 -445.2 2670.7 -0.0008123614 0.3133742213 -0.9496293664 -0.0975595713 0.9450747967 0.3119546771 0.9952293634 0.0928988531 0.0298049133
-130.2 -154.7 2468.0 0 0 0 0 0 0 0 0 0
-11.3 -78.6 2656.9 0 0 0 0 0 0 0 0 0
-431.8 -772.4 2437.9 0 0 0 0 0 0 0 0 0
-313.3 -800.2 2635.8 0 0 0 0 0 0 0 0 0
-86.0 460.8 2511.8 40 0.6153587699 0.4407415986 -0.6535139084 -0.1218194366 0.8722862601 0.4735785723 0.7787770033 -0.2118100375 0.5904599428
-175.0 284.7 2554.6 0.6153587699 0.4407415986 -0.6535139084 -0.1218194366 0.8722862601 0.4735785723 0.7787770033 -0.2118100375 0.5904599428
-258.0 112.1 2595.4 0.6191350818 0.4239585400 -0.6610074639 -0.1141607836 0.8813933134 0.4583809972 0.7769421339 -0.2083386332 0.5941009521
-263.0 300.9 2444.1 0.0470437370 0.2912386060 -0.9554930329 0.9978585243 0.0298162028 0.0582177192 0.0454444215 -0.9561856985 -0.2892122865
-274.6 54.8 2432.9 -0.5543354750 0.2912386060 -0.7796744704 0.8198683858 0.0298162028 -0.5717751980 -0.1432760805 -0.9561856985 -0.2553054988
-86.9 268.4 2665.1 -0.1230215952 0.9001154304 -0.4179209471 -0.7617447376 0.1842734516 0.6211185455 0.6360900998 0.3947600722 0.6629886031
-112.9 107.1 2799.8 0.3958306909 0.9001154304 -0.1819623262 -0.7244072556 0.1842734516 -0.6642871499 -0.5644043088 0.3947600722 0.7249912620
-393.9 -50.6 2562.0 -0.1351131201 -0.1019842923 -0.9855676889 -0.1153699085 0.9895422459 -0.0865793154 0.9840905666 0.1020068526 -0.1454660594
-353.9 -438.1 2522.0 -0.1572357714 0.2184456438 -0.9630983472 -0.2088913321 0.9458059669 0.2486271411 0.9652156830 0.2402759790 -0.1030831262
-288.2 -67.6 2707.3 -0.1369819343 -0.2935170531 -0.9460886121 -0.1080468744 0.9538204670 -0.2802719474 0.9846633077 0.0638297275 -0.1623697728
-173.6 -439.9 2682.4 -0.1369819343 0.3833552301 -0.9133864045 -0.1080468744 0.9107944369 0.3984712958 0.9846633077 0.1532719135 -0.0833420455
-132.7 -155.1 2469.6 0 0 0 0 0 0 0 0 0
-14.0 -74.0 2658.7 0 0 0 0 0 0 0 0 0
-431.2 -772.8 2437.0 0 0 0 0 0 0 0 0 0
-317.2 -780.8 2625.0 0 0 0 0 0 0 0 0 0
-86.2 458.5 2503.5 41 0.6250144243 0.4449783564 -0.6413666606 -0.1177673414 0.8659655452 0.4860396385 0.7716785669 -0.2282497287 0.5936448574
-175.8 284.1 2549.5 0.6250144243 0.4449783564 -0.6413666606 -0.1177673414 0.8659655452 0.4860396385 0.7716785669 -0.2282497287 0.5936448574
-258.8 112.2 2593.0 0.6293734908 0.4237843156 -0.6513799429 -0.1090164930 0.8780758381 0.4659380317 0.7694182396 -0.2222378850 0.5988371372
-265.4 299.7 2440.0 0.0396087728 0.2771021128 -0.9600237012 0.9988411665 0.0153075838 0.0456287041 0.0273394547 -0.9607185125 -0.2761746943
-275.1 56.1 2433.3 -0.5523938537 0.2771021128 -0.7861777544 0.8206529617 0.0153075838 -0.5712218285 -0.1462523043 -0.9607185125 -0.2358604968
-86.2 268.6 2659.0 -0.1198575646 0.9091173410 -0.3989233375 -0.7423700094 0.1847247779 0.6440213919 0.6591820121 0.3733395636 0.6527608037
-112.0 108.9 2800.8 0.3850945830 0.9091173410 -0.1587697268 -0.7143654823 0.1847247779 -0.6749508977 -0.5842808485 0.3733395636 0.7205785513
-396.8 -50.3 2566.1 -0.1190356463 -0.1039380729 -0.9874347448 -0.1346450895 0.9870086908 -0.0876617059 0.9837180376 0.1225183681 -0.1314839721
-356.1 -436.7 2518.1 -0.1341978610 0.2153503150 -0.9672720432 -0.2006003112 0.9499889612 0.2393334508 0.9704383016 0.2261531055 -0.0842871442
-285.1 -70.9 2706.3 -0.2032741904 -0.2730521262 -0.9402776957 -0.1011552364 0.9610453844 -0.2572146952 0.9738825560 0.0428289026 -0.2229763865
-178.4 -446.5 2689.5 -0.2032741904 0.3722637296 -0.9055933356 -0.1011552364 0.9119699597 0.3975907862 0.9738825560 0.1724254638 -0.1477235258
-133.6 -154.1 2470.7 0 0 0 0 0 0 0 0 0
-14.5 -71.8 2653.0 0 0 0 0 0 0 0 0 0
-432.1 -771.8 2438.4 0 0 0 0 0 0 0 0 0
-318.2 -788.9 2624.8 0 0 0 0 0 0 0 0 0
-97.1 457.6 2517.4 42 0.5914749503 0.4123672247 -0.6929001212 -0.1082772985 0.8921695948 0.4385309815 0.7990202308 -0.1843547523 0.5723460317
-180.0 278.2 2554.5 0.5914749503 0.4123672247 -0.6929001212 -0.1082772985 0.8921695948 0.4385309815 0.7990202308 -0.1843547523 0.5723460317
-259.6 103.4 2591.8 0.5946916342 0.4073484838 -0.6931154728 -0.1012711599 0.8932221532 0.4380620420 0.7975499630 -0.1903192401 0.5724444389
-264.6 292.8 2441.0 0.0422978476 0.2699695528 -0.9619393349 0.9985787272 0.0198247917 0.0494727828 0.0324263908 -0.9626647234 -0.2687472999
-274.7 54.4 2433.3 -0.5563006401 0.2699695528 -0.7859045863 0.8192498684 0.0198247917 -0.5730938911 -0.1391375065 -0.9626647234 -0.2322010696
-95.4 263.7 2668.0 -0.0888753235 0.9120996594 -0.4002191722 -0.7445802689 0.2060505748 0.6349357367 0.6615900397 0.3544254303 0.6608185768
-113.3 113.6 2801.4 0.3854578137 0.9120996594 -0.1396298259 -0.7254580259 0.2060505748 -0.6566992402 -0.5702043176 0.3544254303 0.7411137819
-398.6 -49.9 2567.1 -0.1616317034 -0.1071413830 -0.9810177684 -0.1551652551 0.9844831824 -0.0819549486 0.9745762944 0.1389733553 -0.1757483035
-356.6 -435.5 2512.6 -0.1658730209 0.2139172107 -0.9626658559 -0.1739810109 0.9545284510 0.2420869321 0.9706785083 0.2076412737 -0.1211129799
-284.9 -69.6 2706.0 -0.1646860391 -0.2690710425 -0.9489358664 -0.1026722789 0.9615219831 -0.2548212707 0.9809877276 0.0554639027 -0.1859753877
-179.6 -445.8 2684.3 -0.1646860391 0.3696946204 -0.9144421220 -0.1026722789 0.9156389236 0.3886691928 0.9809877276 0.1578962505 -0.1128355637
-132.2 -155.4 2468.9 0 0 0 0 0 0 0 0 0
-15.2 -71.1 2656.3 0 0 0 0 0 0 0 0 0
-432.2 -772.5 2439.3 0 0 0 0 0 0 0 0 0
-318.6 -790.1 2624.9 0 0 0 0 0 0 0 0 0
-92.4 461.6 2514.8 43 0.5471838117 0.4371061027 -0.7138124108 -0.0812542140 0.8765215874 0.4744551182 0.8330591917 -0.2016138881 0.5151351094
-180.3 285.3 2555.4 0.5471838117 0.4371061027 -0.7138124108 -0.0812542140 0.8765215874 0.4744551182 0.8330591917 -0.2016138881 0.5151351094
-262.1 111.8 2594.4 0.5510984063 0.4181246459 -0.7221235037 -0.0731854215 0.8862834573 0.4573242664 0.8312246799 -0.1991817653 0.5190300345
-258.7 295.7 2437.3 0.0578105673 0.2154758275 -0.9747964144 0.9982941151 -0.0044803629 0.0582137294 0.0081762094 -0.9764989018 -0.2153672576
-273.0 48.8 2435.2 -0.5646215677 0.2154758275 -0.7967262268 0.8153119683 -0.0044803629 -0.5790045857 -0.1283311248 -0.9764989018 -0.1731503010
-102.0 274.9 2673.5 -0.0576004349 0.9140505791 -0.4014894366 -0.7853582501 0.2067976147 0.5834785104 0.6163558960 0.3489216566 0.7059454918
-113.4 119.2 2795.7 0.3788151443 0.9140505791 -0.1449505836 -0.7426915169 0.2067976147 -0.6369019747 -0.5521851182 0.3489216566 0.7571956515
-392.8 -62.2 2557.2 -0.2120622694 -0.0827649534 -0.9737451077 -0.1375616044 0.9890143871 -0.0541046187 0.9675258994 0.1224763915 -0.2211179286
-360.4 -449.4 2509.2 -0.2176339477 0.2106680423 -0.9530238509 -0.1625377536 0.9549713731 0.2482159138 0.9624016285 0.2089225650 -0.1735926867
-285.5 -80.7 2701.1 -0.2621745169 -0.2539692819 -0.9310016632 -0.0997773260 0.9667114615 -0.2356128395 0.9598484039 0.0311211757 -0.2787874937
-186.1 -459.0 2689.0 -0.2621745169 0.3696038127 -0.8914356828 -0.0997773260 0.9084149599 0.4059885740 0.9598484039 0.1953849345 -0.2012851685
-128.4 -160.0 2468.1 0 0 0 0 0 0 0 0 0
-16.7 -70.4 2654.8 0 0 0 0 0 0 0 0 0
-431.9 -773.5 2438.3 0 0 0 0 0 0 0 0 0
-325.1 -800.6 2615.5 0 0 0 0 0 0 0 0 0
-85.1 465.4 2513.1 44 0.5725805163 0.4408760667 -0.6912162304 -0.0992253274 0.8741703033 0.4753741324 0.8138217926 -0.2036038190 0.5442789793
-174.1 289.0 2554.1 0.5725805163 0.4408760667 -0.6912162304 -0.0992253274 0.8741703033 0.4753741324 0.8138217926 -0.2036038190 0.5442789793
-255.9 115.6 2593.6 0.5779130459 0.4181343913 -0.7008424401 -0.0883000717 0.8857677579 0.4556518793 0.8113073707 -0.2014427036 0.5488179922
-256.3 301.6 2438.7 0.0699625313 0.2334671021 -0.9698445201 0.9974680543 -0.0039382186 0.0710071996 0.0127583863 -0.9723567367 -0.2331514955
-273.8 51.2 2435.5 -0.5612054467 0.2334671021 -0.7940664887 0.8160819411 -0.0039382186 -0.5779227614 -0.1380531639 -0.9723567367 -0.1883181483
-91.9 276.5 2669.5 -0.0615560897 0.8999341130 -0.4316588938 -0.8096061945 0.2079136968 0.5489168167 0.5837367773 0.3832629025 0.7157939076
-104.3 113.2 2787.3 0.3960085511 0.8999341130 -0.1824713200 -0.7575857639 0.2079136968 -0.6187371612 -0.5188844204 0.3832629025 0.7641128898
-393.7 -55.1 2558.4 -0.1832903326 -0.0896199569 -0.9789652228 -0.1176800579 0.9906752110 -0.0686588809 0.9759897590 0.1026201770 -0.1921276748
-358.6 -443.0 2518.2 -0.1997497231 0.2093174607 -0.9572284222 -0.1903186440 0.9500231743 0.2474566400 0.9611861706 0.2316078097 -0.1499298513
-294.3 -68.3 2708.3 -0.2010853738 -0.2947372496 -0.9341812730 -0.1098029464 0.9544327855 -0.2774912417 0.9734002352 0.0467764176 -0.2242854983
-179.0 -441.6 2690.0 -0.2010853738 0.3660640419 -0.9086043239 -0.1098029464 0.9132818580 0.3922493160 0.9734002352 0.1786430329 -0.1434527189
-130.1 -157.8 2470.9 0 0 0 0 0 0 0 0 0
-3.1 -80.4 2654.7 0 0 0 0 0 0 0 0 0
-431.7 -774.8 2437.3 0 0 0 0 0 0 0 0 0
-316.8 -785.3 2622.7 0 0 0 0 0 0 0 0 0
-89.6 461.6 2512.7 45 0.5185987353 0.4258331954 -0.7414320111 -0.0534288138 0.8815990090 0.4689654410 0.8533467650 -0.2035910487 0.4799478650
-175.6 283.5 2553.8 0.5185987353 0.4258331954 -0.7414320111 -0.0534288138 0.8815990090 0.4689654410 0.8533467650 -0.2035910487 0.4799478650
-255.9 109.4 2593.6 0.5219277143 0.4099828303 -0.7480010390 -0.0463756360 0.8892586827 0.4550475776 0.8517280817 -0.2028129250 0.4831419587
-249.7 290.1 2432.9 0.1085156947 0.2233531922 -0.9686782956 0.9940927029 -0.0263403654 0.1052892953 -0.0019986415 -0.9743816257 -0.2248921245
-275.2 56.6 2433.4 -0.5520660877 0.2233531922 -0.8033283353 0.8204288483 -0.0263403654 -0.5711415410 -0.1487262398 -0.9743816257 -0.1687037796
-101.6 276.9 2674.7 -0.0259091724 0.9032555223 -0.4283201694 -0.8444678783 0.2095202506 0.4929251671 0.5349791646 0.3744738996 0.7573418021
-106.7 108.9 2781.1 0.3991350532 0.9032555223 -0.1575457603 -0.7306447625 0.2095202506 -0.6498149633 -0.5539399385 0.3744738996 0.7435857654
-389.9 -49.9 2559.8 -0.2436455935 -0.0855990723 -0.9660795331 -0.1319607794 0.9897601604 -0.0544167310 0.9608450532 0.1142261997 -0.2524464130
-356.4 -437.5 2515.1 -0.2507427037 0.2135283351 -0.9442106485 -0.1630983353 0.9521088600 0.2586265504 0.9542154074 0.2188479006 -0.2039082348
-285.6 -65.9 2706.2 -0.1519353241 -0.2826692462 -0.9471080899 -0.1013218164 0.9576389194 -0.2695581317 0.9831833839 0.0550073124 -0.1741397381
-175.0 -440.7 2684.7 -0.1519353241 0.3817373514 -0.9116974473 -0.1013218164 0.9115312696 0.3985531330 0.9831833839 0.1529291421 -0.0998154804
-133.8 -153.5 2471.5 0 0 0 0 0 0 0 0 0
-5.7 -76.0 2640.9 0 0 0 0 0 0 0 0 0
-431.9 -773.9 2437.8 0 0 0 0 0 0 0 0 0
-318.7 -783.7 2627.1 0 0 0 0 0 0 0 0 0
-95.2 457.7 2514.5 46 0.5204869509 0.4084951878 -0.7498166561 -0.0490009189 0.8909818530 0.4513869584 0.8524624705 -0.1981993318 0.4837611020
-177.7 277.9 2554.5 0.5204869509 0.4084951878 -0.7498166561 -0.0490009189 0.8909818530 0.4513869584 0.8524624705 -0.1981993318 0.4837611020
-255.9 102.6 2593.1 0.5221598148 0.3993094563 -0.7535921335 -0.0453016832 0.8953574896 0.4430380464 0.8516436219 -0.1971976906 0.4856090844
-251.9 284.4 2433.4 0.0858236700 0.2099956572 -0.9739282131 0.9962947965 -0.0235517789 0.0827164724 -0.0055676419 -0.9774186015 -0.2112388760
-272.3 47.6 2434.7 -0.5638849139 0.2099956572 -0.7987086773 0.8137696385 -0.0235517789 -0.5807101130 -0.1407576203 -0.9774186015 -0.1576076001
-103.4 271.4 2675.6 -0.0113112852 0.9134963155 -0.4066897035 -0.8377660513 0.2133876979 0.5026069880 0.5459122062 0.3463959694 0.7628825307
-105.6 107.7 2782.3 0.3880292773 0.9134963155 -0.1223018169 -0.7129034996 0.2133876979 -0.6680077314 -0.5841249228 0.3463959694 0.7340353727
-383.2 -60.6 2556.7 -0.2420783341 -0.0707892999 -0.9676709175 -0.1441211849 0.9888944626 -0.0362876803 0.9594931602 0.1306774169 -0.2495921701
-355.5 -447.8 2505.5 -0.2418144941 0.2217418700 -0.9446461201 -0.1429845542 0.9547674060 0.2607194781 0.9597297311 0.1981155574 -0.1991709322
-289.2 -69.0 2710.0 -0.2574201226 -0.3150735795 -0.9134897590 -0.1185495034 0.9485045075 -0.2937434912 0.9589999318 0.0326782688 -0.2815159559
-166.0 -440.1 2697.2 -0.2574201226 0.4128492177 -0.8736649156 -0.1185495034 0.8838115335 0.4525738955 0.9589999318 0.2200741619 -0.1785677969
-127.9 -160.8 2470.7 0 0 0 0 0 0 0 0 0
-6.9 -73.7 2633.6 0 0 0 0 0 0 0 0 0
-431.4 -774.9 2437.6 0 0 0 0 0 0 0 0 0
-320.9 -771.8 2614.6 0 0 0 0 0 0 0 0 0
-88.5 458.7 2512.9 47 0.5690312982 0.4258124828 -0.7034820914 -0.0914079845 0.8829408884 0.4604996443 0.8172196150 -0.1977348328 0.5413436890
-174.1 281.2 2552.6 0.5690312982 0.4258124828 -0.7034820914 -0.0914079845 0.8829408884 0.4604996443 0.8172196150 -0.1977348328 0.5413436890
-253.1 106.0 2590.6 0.5735073686 0.4027810395 -0.7133419514 -0.0818058699 0.8945843577 0.4393479824 0.8151056170 -0.1936137378 0.5460005403
-255.6 292.8 2436.9 0.0554097593 0.2223755717 -0.9733852744 0.9984622002 -0.0106529212 0.0544035360 0.0017286210 -0.9749028683 -0.2226238698
-269.4 43.6 2436.5 -0.5650724173 0.2223755717 -0.7945075631 0.8134551644 -0.0106529212 -0.5815300941 -0.1377819031 -0.9749028683 -0.1748728752
-92.7 269.6 2668.4 -0.0571563244 0.9147985578 -0.3998459578 -0.8310472965 0.1783477068 0.5268324614 0.5532571673 0.3624027073 0.7500471473
-104.0 106.1 2777.2 0.3737275600 0.9147985578 -0.1532036364 -0.7140694857 0.1783477068 -0.6769762635 -0.5919733644 0.3624027073 0.7198832035
-381.1 -68.7 2554.9 -0.1869486421 -0.0550318956 -0.9808270335 -0.1163204461 0.9926458001 -0.0335239843 0.9754587412 0.1078229696 -0.1919751316
-359.6 -457.3 2512.7 -0.2025563121 0.2168344706 -0.9549626708 -0.1829613596 0.9496263862 0.2544305921 0.9620270729 0.2262577862 -0.1526804715
-287.0 -76.9 2708.6 -0.2859109342 -0.2827048898 -0.9156051874 -0.1185274199 0.9585868716 -0.2589641511 0.9508975744 0.0344836339 -0.3075787723
-176.3 -451.9 2695.1 -0.2859109342 0.3985646963 -0.8714362383 -0.1185274199 0.8877054453 0.4448935390 0.9508975744 0.2304890156 -0.2065638602
-124.7 -164.7 2471.7 0 0 0 0 0 0 0 0 0
-11.0 -71.4 2630.0 0 0 0 0 0 0 0 0 0
-432.0 -774.6 2437.1 0 0 0 0 0 0 0 0 0
-326.2 -785.6 2608.5 0 0 0 0 0 0 0 0 0
-91.6 457.9 2520.6 48 0.5052442551 0.4185951352 -0.7546564341 -0.0596014597 0.8893188834 0.4533867836 0.8609157205 -0.1840924472 0.4742721319
-175.8 278.9 2557.6 0.5052442551 0.4185951352 -0.7546564341 -0.0596014597 0.8893188834 0.4533867836 0.8609157205 -0.1840924472 0.4742721319
-254.3 103.0 2593.1 0.5079422593 0.4008796513 -0.7624238729 -0.0537165999 0.8981263041 0.4364444017 0.8597146273 -0.1807337254 0.4777301550
-247.8 286.6 2435.7 0.1031654850 0.2085389644 -0.9725576639 0.9946641922 -0.0215355568 0.1008927524 0.0000954998 -0.9777769446 -0.2096479684
-272.3 50.1 2435.7 -0.5599464774 0.2085389644 -0.8018549681 0.8170530200 -0.0215355568 -0.5761602521 -0.1374202520 -0.9777769446 -0.1583286226
-103.9 271.2 2679.5 0.0005856313 0.9273239374 -0.3742592931 -0.8674100041 0.1867002249 0.4612406492 0.4975937903 0.3243661225 0.8044793606
-103.8 105.8 2774.4 0.3559971154 0.9273239374 -0.1154833436 -0.7074532509 0.1867002249 -0.6816545725 -0.6105538011 0.3243661225 0.7225030661
-383.6 -61.8 2555.1 -0.2617958486 -0.0618821084 -0.9631373286 -0.1047651321 0.9938674569 -0.0353797302 0.9594202638 0.0916409418 -0.2666734457
-359.4 -450.9 2519.3 -0.2789110839 0.2127564400 -0.9364525080 -0.1778104603 0.9468465447 0.2680766284 0.9437118173 0.2412806004 -0.2262556851
-280.3 -76.6 2702.0 -0.2148280889 -0.2464466989 -0.9450465441 -0.0953110382 0.9683105350 -0.2308473140 0.9719900489 0.0404808745 -0.2315094024
-183.9 -455.4 2686.1 -0.2148280889 0.3709847331 -0.9034485221 -0.0953110382 0.9126675129 0.3974340558 0.9719900489 0.1714886129 -0.1607076824
-128.9 -159.2 2470.9 0 0 0 0 0 0 0 0 0
-15.2 -70.2 2622.5 0 0 0 0 0 0 0 0 0
-431.8 -773.4 2437.1 0 0 0 0 0 0 0 0 0
-323.2 -798.0 2621.7 0 0 0 0 0 0 0 0 0
-89.0 457.4 2516.9 49 0.5325743556 0.4300953150 -0.7289599180 -0.0670164078 0.8799890876 0.4702425599 0.8437258601 -0.2015868574 0.4974830747
-175.6 280.3 2557.5 0.5325743556 0.4300953150 -0.7289599180 -0.0670164078 0.8799890876 0.4702425599 0.8437258601 -0.2015868574 0.4974830747
-255.2 105.3 2594.7 0.5338724256 0.4069441855 -0.7411994934 -0.0642660558 0.8935656548 0.4443088472 0.8431192636 -0.1895702779 0.5032027364
-251.4 289.5 2437.7 0.0757463351 0.2260622382 -0.9711633921 0.9970874786 -0.0084895520 0.0757921413 0.0088889990 -0.9740758538 -0.2260468900
-269.9 46.4 2435.6 -0.5606958866 0.2260622382 -0.7965651155 0.8165688515 -0.0084895520 -0.5771856308 -0.1372423619 -0.9740758538 -0.1798353195
