-217.6 318.1 2743.2 6 0.2864579558 0.3625388443 -0.8868525624 -0.2221243232 0.9255537391 0.3066123128 0.9319885373 0.1091599911 0.3456609249
-289.7 134.1 2721.5 0.2864579558 0.3625388443 -0.8868525624 -0.2221243232 0.9255537391 0.3066123128 0.9319885373 0.1091599911 0.3456609249
-361.7 -49.7 2699.8 0.2864733338 0.3628278077 -0.8867293596 -0.2220850438 0.9254589677 0.3069265783 0.9319931865 0.1090030521 0.3456979394
-331.5 166.5 2585.5 -0.2961591482 0.2877549529 -0.9107617140 0.9468828440 -0.0366475843 -0.3194837272 -0.1253102422 -0.9570026398 -0.2616167068
-259.6 -63.4 2615.9 -0.6148986220 0.3499630988 -0.7067004442 0.7227900028 -0.1082999259 -0.6825289726 -0.3153955638 -0.9304820895 -0.1863563359
-247.9 101.7 2857.5 -0.1564821303 0.2006911635 -0.9670762420 -0.9418028593 0.2646316886 0.2073099911 0.2975242734 0.9432354569 0.1476013809
-288.7 -143.9 2935.1 0.4918015301 0.2006911635 -0.8472628593 -0.8599225879 0.2646316886 -0.4364667237 0.1366175711 0.9432354569 0.3027251363
-456.6 -209.8 2590.5 0.3518647254 0.1623034626 -0.9218724370 0.0268286522 0.9826996922 0.1832526922 0.9356663227 -0.0892127529 0.3414229751
-521.1 -600.2 2626.0 0.4013073444 -0.1633957922 -0.9012514949 -0.2000096887 0.9445814490 -0.2603113651 0.8938392401 0.2847238779 0.3463867307
-411.1 -251.8 2762.9 -0.6558409929 0.0934550762 0.7490919828 0.0195328426 0.9940760136 -0.1069174558 -0.7546463013 -0.0554889552 -0.6537812352
-448.1 -645.4 2784.8 -0.6501207948 -0.0882403031 0.7546897531 -0.0880686343 0.9952905178 0.0405060314 -0.7547097802 -0.0401306786 -0.6548302770
-99.9 -251.0 2697.8 0 0 0 0 0 0 0 0 0
-160.9 -367.2 2970.6 0 0 0 0 0 0 0 0 0
-479.7 -839.5 2553.9 0 0 0 0 0 0 0 0 0
-414.6 -1023.7 2800.1 0 0 0 0 0 0 0 0 0
-218.2 325.7 2732.9 7 0.2047024071 0.3785264194 -0.9026708603 -0.1641097069 0.9224175215 0.3495911360 0.9649688601 0.0765748918 0.2509409487
-293.5 142.3 2717.7 0.2047024071 0.3785264194 -0.9026708603 -0.1641097069 0.9224175215 0.3495911360 0.9649688601 0.0765748918 0.2509409487
-368.6 -40.8 2702.5 0.2051695585 0.3771426380 -0.9031438828 -0.1629688293 0.9230566621 0.3484359086 0.9650630355 0.0756958649 0.2508456111
-323.4 165.8 2577.6 -0.2446468920 0.3446772695 -0.9062811136 0.9603699446 -0.0426078849 -0.2754526138 -0.1335569769 -0.9377537966 -0.3205938041
-265.3 -62.3 2609.3 -0.6054176688 0.4218489230 -0.6749169827 0.6968467236 -0.1287579685 -0.7055678368 -0.3845439851 -0.8974769711 -0.2160117030
-263.6 118.8 2857.8 -0.2066223919 0.1297679394 -0.9697770476 -0.9157359600 0.3234191239 0.2383857220 0.3445792794 0.9373155236 0.0520075336
-317.3 -119.4 2947.5 0.4552943408 0.1297679394 -0.8808333278 -0.8591957688 0.3234191239 -0.3964626789 0.2334302068 0.9373155236 0.2587469816
-459.9 -213.2 2592.8 0.2682882845 0.1497248560 -0.9516322017 0.0371314622 0.9855067134 0.1655227542 0.9626228213 -0.0797433108 0.2588403821
-519.4 -604.8 2624.4 0.3198668957 -0.1551148295 -0.9346788526 -0.2178830355 0.9480254054 -0.2318939418 0.9220694900 0.2778258622 0.2694450319
-426.8 -237.7 2774.9 -0.5916099548 0.0150033692 0.8060846925 -0.0032714987 0.9997739196 -0.0210094899 -0.8062176704 -0.0150665278 -0.5914271474
-432.4 -609.0 2780.5 -0.5882453918 -0.0815182477 0.8045632839 -0.0536405072 0.9966484904 0.0617617741 -0.8069015145 -0.0068261009 -0.5906465650
-108.4 -242.8 2708.9 0 0 0 0 0 0 0 0 0
-199.7 -341.4 3007.8 0 0 0 0 0 0 0 0 0
-480.9 -840.3 2555.4 0 0 0 0 0 0 0 0 0
-403.2 -966.1 2783.0 0 0 0 0 0 0 0 0 0
-228.0 314.9 2731.3 8 0.2525649071 0.3503703177 -0.9019155502 -0.1700322926 0.9337015152 0.3151038885 0.9525229335 0.0737705827 0.2953945100
-297.6 129.4 2716.6 0.2525649071 0.3503703177 -0.9019155502 -0.1700322926 0.9337015152 0.3151038885 0.9525229335 0.0737705827 0.2953945100
-367.2 -56.0 2702.0 0.2530239224 0.3497554958 -0.9020255208 -0.1688078046 0.9340226054 0.3148105145 0.9526189566 0.0726143569 0.2953715026
-334.5 153.8 2578.1 -0.2786991596 0.6925467849 -0.6653613448 0.9534237385 0.1162933409 -0.2783146799 -0.1153688431 -0.7119373679 -0.6927013993
-268.8 -71.0 2605.2 -0.6119049191 0.6925467849 -0.3820357025 0.6173720956 0.1162933409 -0.7780280113 -0.4943925738 -0.7119373679 -0.4987195432
-260.7 105.0 2855.2 -0.1600616425 0.1613633186 -0.9738286138 -0.9266515970 0.3153873086 0.2045671195 0.3401428163 0.9351431727 0.0990461633
-302.4 -136.2 2943.7 0.4936045110 0.1613633186 -0.8545855284 -0.8463168144 0.3153873086 -0.4292769134 0.2002558857 0.9351431727 0.2922410965
-462.5 -209.2 2599.3 0.3095904887 0.1488901824 -0.9391407967 0.0347524956 0.9852331877 0.1676538587 0.9502347112 -0.0845415294 0.2998445332
-521.7 -600.7 2632.9 0.3676839471 -0.1605286002 -0.9159907699 -0.2313193679 0.9382418990 -0.2572810352 0.9007218480 0.3064845204 0.3078430891
-429.7 -237.0 2779.3 -0.6263399720 0.0226953886 0.7792195678 0.0114282183 0.9997360110 -0.0199320558 -0.7794662714 -0.0035791516 -0.6264340281
-438.2 -615.0 2780.6 -0.6248056889 -0.0438822061 0.7795461416 -0.0625641346 0.9980226755 0.0060355761 -0.7782695889 -0.0450005718 -0.6263157129
-111.5 -229.7 2732.3 0 0 0 0 0 0 0 0 0
-174.6 -355.2 2995.6 0 0 0 0 0 0 0 0 0
-480.7 -840.4 2554.6 0 0 0 0 0 0 0 0 0
-422.0 -983.9 2797.3 0 0 0 0 0 0 0 0 0
-233.7 308.6 2728.4 9 0.2977283299 0.3427197933 -0.8910111785 -0.1769062430 0.9369789362 0.3012882769 0.9381161928 0.0679233745 0.3395944536
-301.8 122.3 2714.9 0.2977283299 0.3427197933 -0.8910111785 -0.1769062430 0.9369789362 0.3012882769 0.9381161928 0.0679233745 0.3395944536
-369.9 -63.8 2701.4 0.2979999781 0.3425352275 -0.8909913898 -0.1761633605 0.9371014833 0.3013425171 0.9381697774 0.0671599731 0.3395983577
-345.3 147.8 2578.3 -0.3041298389 0.7181858420 -0.6258707047 0.9434888363 0.1362830848 -0.3020855784 -0.1316579878 -0.6823752522 -0.7190480828
-271.9 -79.8 2610.0 -0.6076828241 0.7181858420 -0.3390142322 0.6005935669 0.1362830848 -0.7878542542 -0.5196238756 -0.6823752522 -0.5141546726
-258.4 96.7 2851.5 -0.1337751001 0.2008113265 -0.9704530239 -0.9319677949 0.3074675798 0.1920928359 0.3369572759 0.9301282167 0.1460181922
-293.2 -146.0 2939.3 0.5115032792 0.2008113265 -0.8354874253 -0.8426730633 0.3074675798 -0.4420019686 0.1681263000 0.9301282167 0.3264889717
-459.9 -226.1 2600.3 0.3483448327 0.1452882588 -0.9260384440 0.0008963030 0.9878630042 0.1553252041 0.9373660088 -0.0549367443 0.3439867496
-517.6 -618.5 2622.2 0.3921538889 -0.1538468897 -0.9069435000 -0.2134196907 0.9437990785 -0.2523794472 0.8948001862 0.2925311625 0.3372805119
-415.9 -255.8 2776.3 -0.6608133316 0.0659560636 0.7476466894 0.0253306702 0.9975237250 -0.0656110644 -0.7501227260 -0.0244182721 -0.6608476639
-441.4 -642.2 2785.8 -0.6577036977 -0.0696925446 0.7500458956 -0.0385061540 0.9975196719 0.0589217916 -0.7522919178 0.0098716952 -0.6587559581
-114.9 -234.9 2744.3 0 0 0 0 0 0 0 0 0
-160.7 -364.4 2982.8 0 0 0 0 0 0 0 0 0
-481.5 -839.8 2553.6 0 0 0 0 0 0 0 0 0
-415.3 -1016.5 2782.1 0 0 0 0 0 0 0 0 0
-227.9 302.1 2721.4 0 0.3216567636 0.3625107408 -0.8747130632 -0.1750104278 0.9306522012 0.3213375211 0.9305419326 0.0497235097 0.3627937436
-300.0 117.1 2711.5 0.3216567636 0.3625107408 -0.8747130632 -0.1750104278 0.9306522012 0.3213375211 0.9305419326 0.0497235097 0.3627937436
-372.0 -67.7 2701.6 0.3216903210 0.3626005650 -0.8746634722 -0.1749242693 0.9306244850 0.3214648068 0.9305465221 0.0495877415 0.3628005385
-346.9 142.6 2575.8 -0.2909215987 0.7235567570 -0.6259634495 0.9474742413 0.1270132065 -0.2935306728 -0.1328804642 -0.6784786582 -0.7225022316
-277.4 -83.7 2607.6 -0.6096639633 0.7235567570 -0.3236903846 0.5785220861 0.1270132065 -0.8057169318 -0.5418689847 -0.6784786582 -0.4960289598
-253.0 91.6 2847.2 -0.1415434629 0.2340157777 -0.9618742466 -0.9263415337 0.3113247454 0.2120573372 0.3490799963 0.9210394025 0.1727125496
-289.9 -149.9 2938.2 0.4999184608 0.2340157777 -0.8338574171 -0.8510429859 0.3113247454 -0.4228507280 0.1606466919 0.9210394025 0.3547944725
-465.2 -233.9 2602.1 0.3748909235 0.1360664666 -0.9170292616 -0.0025464352 0.9893179536 0.1457514763 0.9270654321 -0.0523057468 0.3712328076
-519.3 -627.0 2622.9 0.4212201238 -0.1688008755 -0.8911116123 -0.2097700834 0.9377539158 -0.2767925858 0.8823661804 0.3035191596 0.3595914543
-417.1 -263.5 2778.3 -0.6815497279 0.1042938307 0.7243015766 0.0348698869 0.9932958484 -0.1102152392 -0.7309405208 -0.0498608537 -0.6806172729
-457.9 -652.3 2797.8 -0.6794193387 -0.0568495244 0.7315446138 -0.0217602160 0.9981166720 0.0573555492 -0.7334274650 0.0230499003 -0.6793767810
-119.6 -233.5 2747.9 0 0 0 0 0 0 0 0 0
-160.2 -370.7 2979.9 0 0 0 0 0 0 0 0 0
-481.3 -837.8 2554.6 0 0 0 0 0 0 0 0 0
-436.4 -1030.2 2789.1 0 0 0 0 0 0 0 0 0
-233.5 303.6 2723.0 1 0.3043271303 0.3431603909 -0.8886089921 -0.1608119607 0.9379755855 0.3071503937 0.9388953447 0.0494247563 0.3406357169
-301.7 117.1 2713.2 0.3043271303 0.3431603909 -0.8886089921 -0.1608119607 0.9379755855 0.3071503937 0.9388953447 0.0494247563 0.3406357169
-369.9 -69.2 2703.3 0.3042672276 0.3432052433 -0.8886122108 -0.1609757394 0.9379503131 0.3071416616 0.9388867021 0.0495918728 0.3406352401
-346.1 140.6 2576.2 -0.2826751769 0.7285572290 -0.6239384413 0.9515163302 0.1307280362 -0.2784364223 -0.1212906167 -0.6723946333 -0.7301876545
-277.5 -90.4 2605.6 -0.6175760627 0.7285572290 -0.2963177264 0.5499994755 0.1307280362 -0.8248701692 -0.5622280836 -0.6723946333 -0.4814405739
-257.3 93.6 2850.2 -0.1312113255 0.2074765861 -0.9694003463 -0.9259112477 0.3237486482 0.1946154684 0.3542202115 0.9231144190 0.1496254206
-291.5 -147.8 2942.5 0.5128450990 0.2074765861 -0.8330326080 -0.8395730853 0.3237486482 -0.4362382591 0.1791839600 0.9231144190 0.3402246833
-473.4 -236.5 2606.6 0.3545074463 0.1216026992 -0.9271123409 0.0152319456 0.9906249642 0.1357575655 0.9349291325 -0.0622487962 0.3493317068
-521.7 -630.1 2631.3 0.4188892841 -0.1780417264 -0.8904116750 -0.2453224361 0.9219346642 -0.2997554839 0.8742703795 0.3440023065 0.3425109088
-417.7 -267.3 2779.3 -0.6639971137 0.0892612636 0.7423882484 0.0345932730 0.9954531789 -0.0887481421 -0.7469345331 -0.0332468711 -0.6640658975
-452.9 -659.9 2792.4 -0.6584262252 -0.0897950679 0.7472695112 -0.0609808378 0.9959579706 0.0659477264 -0.7501708269 -0.0021474089 -0.6612406373
-117.4 -232.9 2751.4 0 0 0 0 0 0 0 0 0
-158.4 -365.8 2989.0 0 0 0 0 0 0 0 0 0
-481.7 -837.3 2554.0 0 0 0 0 0 0 0 0 0
-418.8 -1038.4 2793.2 0 0 0 0 0 0 0 0 0
-239.4 305.9 2712.8 2 0.2385524213 0.3493092358 -0.9061323404 -0.1066155210 0.9368505478 0.3330828846 0.9652594924 0.0171500426 0.2607297599
-308.8 119.6 2709.4 0.2385524213 0.3493092358 -0.9061323404 -0.1066155210 0.9368505478 0.3330828846 0.9652594924 0.0171500426 0.2607297599
-378.2 -66.4 2706.0 0.2387306690 0.3480510414 -0.9065694213 -0.1061364561 0.9373217225 0.3319081366 0.9652681947 0.0169834122 0.2607083619
-343.6 135.0 2569.0 -0.2734396458 0.7494896054 -0.6029064059 0.9489002228 0.1075249612 -0.2966929972 -0.1575408280 -0.6532256007 -0.7405924201
-277.6 -94.1 2607.1 -0.6112498045 0.7494896054 -0.2542420924 0.4913401306 0.1075249612 -0.8643050790 -0.6204502583 -0.6532256007 -0.4339789450
-274.1 104.3 2849.7 -0.1652636975 0.1467519552 -0.9752700925 -0.9024813175 0.3763166964 0.2095548809 0.3977630138 0.9147948623 0.0702494159
-317.1 -130.7 2953.3 0.4908422828 0.1467519552 -0.8588001728 -0.8306211829 0.3763166964 -0.4104316831 0.2629491687 0.9147948623 0.3066074252
-465.9 -240.7 2607.5 -0.8075931072 0.1353281736 0.5740031600 0.0724888220 0.9887136817 -0.1311131120 -0.5852680802 -0.0642772391 -0.8082881570
-519.7 -633.6 2633.1 -0.8075931072 -0.1728129536 0.5638519526 0.0724888220 0.9197640419 0.3857193887 -0.5852680802 0.3523772955 -0.7302681208
-411.8 -269.6 2780.7 -0.6062676907 0.0951491743 0.7895480394 0.0493027419 0.9954039454 -0.0820991248 -0.7937309146 -0.0108471606 -0.6081723571
-449.4 -663.6 2785.0 -0.6017813683 -0.0779148638 0.7948512435 -0.1211945340 0.9926133156 0.0055440739 -0.7894118428 -0.0929953009 -0.6067790389
-119.5 -221.2 2767.5 0 0 0 0 0 0 0 0 0
-190.1 -345.6 3021.3 0 0 0 0 0 0 0 0 0
-481.0 -839.6 2554.1 0 0 0 0 0 0 0 0 0
-419.9 -1040.3 2820.3 0 0 0 0 0 0 0 0 0
-246.8 311.0 2710.2 3 0.2681131661 0.3260479867 -0.9065362811 -0.1076164395 0.9452351332 0.3081384003 0.9573578238 0.0149422530 0.2885181010
-311.6 123.1 2707.2 0.2681131661 0.3260479867 -0.9065362811 -0.1076164395 0.9452351332 0.3081384003 0.9573578238 0.0149422530 0.2885181010
-376.4 -64.6 2704.2 0.2683080733 0.3254538774 -0.9066920877 -0.1070507988 0.9454466105 0.3076862395 0.9573666453 0.0145074101 0.2885110676
-350.8 138.6 2567.7 -0.2927790582 0.8206416368 -0.4907420576 0.9428316355 0.1623115093 -0.2910730243 -0.1592135578 -0.5479072332 -0.8212482929
-276.5 -100.6 2608.1 -0.5626521707 0.8206416368 -0.0998493209 0.3970425725 0.1623115093 -0.9033339024 -0.7251067162 -0.5479072332 -0.4171545804
-272.5 107.6 2846.7 -0.1310973018 0.1637977362 -0.9777442217 -0.9090436101 0.3736398220 0.1844802648 0.3955416381 0.9129970074 0.0999161080
-306.7 -129.2 2949.7 0.5186582208 0.1637977362 -0.8391447663 -0.8198763132 0.3736398220 -0.4338157773 0.2424798608 0.9129970074 0.3280852437
-469.4 -242.7 2614.4 -0.8211214542 0.1288755238 0.5560132265 0.0912620202 0.9912861586 -0.0949893445 -0.5634099841 -0.0272549018 -0.8257277608
-520.6 -636.4 2625.3 -0.8130629659 -0.1797775179 0.5537225604 0.0442753434 0.9292768240 0.3667210042 -0.5804897547 0.3226835132 -0.7476007938
-409.6 -265.9 2783.8 -0.6279705763 0.0303010792 0.7776469588 0.0678789914 0.9975661635 0.0159438420 -0.7752711773 0.0627981499 -0.6284990311
-421.8 -668.0 2758.5 -0.6190933585 -0.1078847572 0.7778716683 -0.1420086622 0.9895689487 0.0242235176 -0.7723709941 -0.0954679027 -0.6279561520
-132.2 -202.4 2794.0 0 0 0 0 0 0 0 0 0
-172.3 -341.7 3012.5 0 0 0 0 0 0 0 0 0
-481.0 -841.1 2554.2 0 0 0 0 0 0 0 0 0
-380.7 -1044.7 2794.9 0 0 0 0 0 0 0 0 0
-254.1 306.8 2697.0 4 0.3640936613 0.2982476950 -0.8823174834 -0.1122241467 0.9544872046 0.2763330638 0.9245764017 -0.0015937848 0.3809933066
-313.4 117.1 2697.3 0.3640936613 0.2982476950 -0.8823174834 -0.1122241467 0.9544872046 0.2763330638 0.9245764017 -0.0015937848 0.3809933066
-372.6 -72.4 2697.6 0.3644889891 0.2987219989 -0.8819937706 -0.1109600812 0.9543347359 0.2773682177 0.9245732427 -0.0032315564 0.3809906840
-366.3 133.0 2563.1 -0.3469690979 0.8787440658 -0.3277519047 0.9188406467 0.2484436482 -0.3066066504 -0.1880008876 -0.4075348079 -0.8936280012
-272.8 -114.7 2613.8 -0.4647511542 0.8787440658 0.1086978391 0.2509365678 0.2484436482 -0.9355782270 -0.8491390944 -0.4075348079 -0.3359734714
-260.5 101.1 2831.5 -0.0656738579 0.2431222945 -0.9677698612 -0.9182158113 0.3649217486 0.1539863944 0.3905977905 0.8987344503 0.1992729157
-277.5 -137.7 2933.1 0.5614507198 0.2431222945 -0.7909896374 -0.8084905744 0.3649217486 -0.4617089331 0.1763976067 0.8987344503 0.4014476538
-465.7 -242.6 2613.7 -0.7746663094 0.1464666873 0.6151744127 0.0817767605 0.9878417850 -0.1322164834 -0.6270602942 -0.0521166846 -0.7772253156
-523.9 -634.9 2634.4 -0.7746663094 -0.1904819012 0.6029997468 0.0817767605 0.9153726101 0.3942151070 -0.6270602942 0.3546965420 -0.6935313344
-395.1 -273.8 2779.7 -0.7034542561 0.0208707526 0.7104340196 0.0389478877 0.9991987944 0.0092113074 -0.7096725702 0.0341496356 -0.7037035227
-402.6 -635.3 2767.3 -0.7017316818 -0.0557251722 0.7102586031 -0.0773920640 0.9969992042 0.0017591967 -0.7082253098 -0.0537338965 -0.7039386034
-156.9 -177.3 2825.7 0 0 0 0 0 0 0 0 0
-132.3 -346.9 2978.7 0 0 0 0 0 0 0 0 0
-481.1 -840.5 2554.7 0 0 0 0 0 0 0 0 0
-383.5 -977.8 2785.8 0 0 0 0 0 0 0 0 0
-262.8 309.3 2692.6 5 0.3955642283 0.2777844667 -0.8754225969 -0.1314090043 0.9604753256 0.2453951240 0.9089887738 0.0179688781 0.4164330661
-318.1 118.4 2689.0 0.3955642283 0.2777844667 -0.8754225969 -0.1314090043 0.9604753256 0.2453951240 0.9089887738 0.0179688781 0.4164330661
-373.2 -72.3 2685.4 0.3958949745 0.2776587307 -0.8753129840 -0.1302650124 0.9605342150 0.2457743287 0.9090094566 0.0167218279 0.4164399207
-375.7 137.2 2556.7 -0.3432818055 0.7387562394 -0.5799972415 0.9194556475 0.1382686347 -0.3680803478 -0.1917262077 -0.6596370339 -0.7267186642
-279.1 -121.7 2610.7 -0.6511190534 0.7387562394 -0.1740207076 0.3991294205 0.1382686347 -0.9064091444 -0.6455537677 -0.6596370339 -0.3848886788
-260.4 99.6 2821.2 -0.0331526920 0.2631322145 -0.9641900063 -0.9303328395 0.3443989754 0.1259767413 0.3652145863 0.9011940956 0.2333828062
-269.0 -142.5 2916.3 0.5851615071 0.2631322145 -0.7670381069 -0.7996452451 0.3443989754 -0.4918910563 0.1347347349 0.9011940956 0.4119414687
-465.1 -252.0 2613.7 -0.7941133976 0.1333283037 0.5929650068 0.0953124091 0.9908888340 -0.0951568261 -0.6002495289 -0.0190483909 -0.7995859385
-518.0 -645.3 2621.3 -0.7875322104 -0.1825617552 0.5886120796 0.0587762892 0.9285110831 0.3666231632 -0.6134642363 0.3233239949 -0.7205020785
-387.8 -277.8 2777.6 -0.7255510092 0.0908323675 0.6821475029 0.0593534745 0.9958168268 -0.0694694743 -0.6856040359 -0.0099158259 -0.7279071212
-422.2 -654.6 2781.4 -0.7243438363 -0.0620660186 0.6866395473 0.0371938497 0.9909713864 0.1288110912 -0.6884349585 0.1188422814 -0.7154955268
-121.0 -218.6 2767.4 0 0 0 0 0 0 0 0 0
-117.5 -349.6 2951.2 0 0 0 0 0 0 0 0 0
-479.3 -842.2 2552.7 0 0 0 0 0 0 0 0 0
-400.0 -1009.4 2738.8 0 0 0 0 0 0 0 0 0
-267.0 332.0 2694.9 6 0.4153937995 0.2591384053 -0.8719491363 -0.1479360312 0.9650471807 0.2163303643 0.8975315690 0.0391304083 0.4392105341
-318.5 140.2 2687.1 0.4153937995 0.2591384053 -0.8719491363 -0.1479360312 0.9650471807 0.2163303643 0.8975315690 0.0391304083 0.4392105341
-370.0 -51.4 2679.4 0.4156380296 0.2588155568 -0.8719286323 -0.1470257938 0.9651691914 0.2164067775 0.8975680470 0.0382491089 0.4392135739
-379.2 161.5 2556.3 -0.2606487870 0.6518599987 -0.7121381760 0.9559521675 0.0711359680 -0.2847721279 -0.1349729151 -0.7549955249 -0.6416884661
-313.4 -79.6 2590.4 -0.6369355321 0.6518599987 -0.4115721583 0.5916935802 0.0711359680 -0.8030183315 -0.4941779375 -0.7549955249 -0.4310103953
-257.9 118.9 2817.9 -0.0075082029 0.2732140720 -0.9619239569 -0.9402011037 0.3256604075 0.0998355672 0.3405370116 0.9051516056 0.2544310391
-259.8 -125.9 2906.6 0.6039496660 0.2732140720 -0.7487314939 -0.7904562950 0.3256604075 -0.5187718272 0.1020964533 0.9051516056 0.4126462638
-464.6 -251.2 2598.8 -0.8106890321 0.1156831011 0.5739344358 0.0646932870 0.9919820428 -0.1085653976 -0.5818918347 -0.0508830696 -0.8116728663
-510.5 -645.0 2619.0 -0.8113485575 -0.1391016692 0.5677713156 0.0690987781 0.9416440725 0.3294415772 -0.5804643631 0.3065242469 -0.7543898225
-381.2 -257.9 2760.1 -0.7412964702 0.1065021828 0.6626740098 0.0432644151 0.9928591251 -0.1111706644 -0.6697818637 -0.0537402146 -0.7406107187
-422.8 -645.5 2781.1 -0.7453559041 -0.0723175034 0.6627328396 0.0876826197 0.9748291373 0.2049875408 -0.6608754396 0.2108988166 -0.7202536464
-169.9 -213.0 2701.8 0 0 0 0 0 0 0 0 0
-103.3 -330.8 2933.1 0 0 0 0 0 0 0 0 0
-481.6 -840.4 2555.4 0 0 0 0 0 0 0 0 0
-396.1 -1004.8 2703.3 0 0 0 0 0 0 0 0 0
-265.8 342.2 2704.3 7 0.3821973801 0.2752429843 -0.8821374178 -0.1592305601 0.9599480629 0.2305326462 0.9102586508 0.0523542650 0.4107167423
-320.5 151.3 2693.9 0.3821973801 0.2752429843 -0.8821374178 -0.1592305601 0.9599480629 0.2305326462 0.9102586508 0.0523542650 0.4107167423
-375.2 -39.3 2683.5 0.3823733926 0.2752912939 -0.8820461035 -0.1586167067 0.9599731565 0.2308512479 0.9102919102 0.0516358651 0.4107339978
-376.3 174.4 2561.1 -0.2326284200 0.6281023026 -0.7425439358 0.9676423669 0.0727503002 -0.2416105866 -0.0977358744 -0.7747224569 -0.6247022152
-317.0 -72.3 2586.0 -0.6243782043 0.6281023026 -0.4643698335 0.6412823796 0.0727503002 -0.7638483644 -0.4459918737 -0.7747224569 -0.4482146502
-264.8 128.3 2826.6 -0.0362267718 0.2489307374 -0.9678435326 -0.9412733316 0.3168291152 0.1167211384 0.3356964886 0.9152337313 0.2228341699
-274.2 -117.0 2914.1 0.5853785872 0.2489307374 -0.7715992332 -0.8020626307 0.3168291152 -0.5062754750 0.1184375808 0.9152337313 0.3851230145
-459.5 -229.6 2589.5 -0.8449569345 0.1399002522 0.5162128210 0.0584503263 0.9835561514 -0.1708825231 -0.5316308141 -0.1142155677 -0.8392398357
-514.9 -619.4 2634.7 -0.8449569345 -0.1393982619 0.5163486004 0.0584503263 0.9355857968 0.3482280374 -0.5316308141 0.3244184256 -0.7823818326
-393.8 -245.2 2759.6 -0.7183295488 0.1474719048 0.6798931360 0.0532440953 0.9860622287 -0.1576272249 -0.6936625242 -0.0770279914 -0.7161696553
-452.2 -636.0 2790.1 -0.7246920466 -0.0608090647 0.6863844991 0.1241722479 0.9682677388 0.2168844044 -0.6777925491 0.2424043119 -0.6941451430
-165.9 -227.5 2694.0 0 0 0 0 0 0 0 0 0
-122.3 -325.1 2944.8 0 0 0 0 0 0 0 0 0
-482.4 -837.6 2559.1 0 0 0 0 0 0 0 0 0
-429.4 -999.2 2699.2 0 0 0 0 0 0 0 0 0
-270.7 368.7 2696.6 8 0.3474132419 0.2767196894 -0.8959521651 -0.1034897566 0.9609441161 0.2566637397 0.9319838881 0.0035534829 0.3624823391
-325.6 177.9 2695.9 0.3474132419 0.2767196894 -0.8959521651 -0.1034897566 0.9609441161 0.2566637397 0.9319838881 0.0035534829 0.3624823391
-380.3 -12.9 2694.9 0.3475079834 0.2749592066 -0.8964572549 -0.1031595394 0.9614480138 0.2549036443 0.9319851398 0.0038970660 0.3624755442
-376.2 192.7 2560.1 -0.1937240809 0.6274615526 -0.7541638017 0.9784374833 0.0674424618 -0.1952219903 -0.0716316253 -0.7757213116 -0.6269971132
-327.0 -55.5 2578.3 -0.5921695828 0.6274615526 -0.5055959225 0.6882173419 0.0674424618 -0.7223631144 -0.4191564322 -0.7757213116 -0.4717672467
-275.0 163.1 2831.7 -0.0506219529 0.2148701549 -0.9753298163 -0.9192782640 0.3716629446 0.1295919865 0.3903394043 0.9031597376 0.1787111610
-288.2 -76.5 2933.4 0.5789883733 0.2148701549 -0.7865133882 -0.7932064533 0.3716629446 -0.4823796749 0.1886688769 0.9031597376 0.3856249154
-464.9 -215.5 2589.7 -0.8212917447 0.1235770211 0.5569637418 0.0471763425 0.9876257777 -0.1495650560 -0.5685545206 -0.0965610370 -0.8169587851
-513.9 -607.3 2628.0 -0.8232358098 -0.1269007921 0.5533344150 0.0610662997 0.9492455721 0.3085511327 -0.5644056201 0.2878004313 -0.7737035751
-400.7 -232.4 2764.8 -0.6861867905 0.1225459725 0.7170286775 0.0496742241 0.9913005829 -0.1218836829 -0.7257273197 -0.0480171293 -0.6863047481
-450.1 -631.6 2784.1 -0.6842766404 -0.0810525790 0.7247040272 0.0233841762 0.9908536673 0.1328990608 -0.7288475037 0.1078863367 -0.6761226654
-181.2 -225.0 2681.5 0 0 0 0 0 0 0 0 0
-138.0 -282.3 2982.4 0 0 0 0 0 0 0 0 0
-483.1 -837.8 2558.1 0 0 0 0 0 0 0 0 0
-419.7 -1003.3 2743.6 0 0 0 0 0 0 0 0 0
-272.8 383.7 2695.4 9 0.3083827794 0.2699467540 -0.9121561050 -0.0666228235 0.9626646042 0.2623704970 0.9489264488 -0.0201401301 0.3148538172
-326.4 192.5 2699.4 0.3083827794 0.2699467540 -0.9121561050 -0.0666228235 0.9626646042 0.2623704970 0.9489264488 -0.0201401301 0.3148538172
-379.8 1.3 2703.1 0.3083226681 0.2682675719 -0.9126716852 -0.0668379217 0.9631506205 0.2605256736 0.9489308596 -0.0193248950 0.3148916066
-371.2 202.1 2561.1 -0.1227197871 0.5475105643 -0.8277512193 0.9908867478 0.0209300928 -0.1330616772 -0.0555277616 -0.8365370035 -0.5450894833
-341.7 -36.3 2574.4 -0.5718244314 0.5475105643 -0.6109410524 0.7392227650 0.0209300928 -0.6731356382 -0.3557618260 -0.8365370035 -0.4167006016
-281.6 182.9 2837.8 -0.0611371025 0.1739319861 -0.9828580618 -0.9050520658 0.4055606723 0.1280675679 0.4208836257 0.8973673582 0.1326227039
-297.5 -53.0 2947.4 0.5756260157 0.1739319861 -0.7990008593 -0.7812361717 0.4055606723 -0.4745425284 0.2415052056 0.8973673582 0.3693332374
-466.9 -194.2 2608.9 -0.7892240286 0.1307596713 0.6000227332 0.0789224952 0.9905624390 -0.1120592207 -0.6090128422 -0.0410845429 -0.7920956016
-518.8 -587.0 2625.2 -0.7851881981 -0.1406965107 0.6030621529 0.0488627069 0.9567348361 0.2868289351 -0.6173264384 0.2546819448 -0.7443421483
-406.2 -207.0 2783.5 -0.6500791311 0.1022191197 0.7529597282 0.0632294640 0.9947508574 -0.0804537088 -0.7572312355 -0.0046920362 -0.6531300545
-447.1 -604.5 2785.3 -0.6488983035 -0.0395583659 0.7598460913 -0.0061059492 0.9988861680 0.0467886366 -0.7608506083 0.0257214867 -0.6484171152
-198.9 -220.9 2663.3 0 0 0 0 0 0 0 0 0
-148.1 -255.6 3010.1 0 0 0 0 0 0 0 0 0
-481.8 -837.9 2558.4 0 0 0 0 0 0 0 0 0
-432.2 -981.1 2775.6 0 0 0 0 0 0 0 0 0
-278.4 384.9 2679.5 0 0.3558591604 0.2564093471 -0.8986759782 -0.0224533193 0.9636925459 0.2660686970 0.9342698455 -0.0745047331 0.3486960530
-329.3 193.8 2694.2 0.3558591604 0.2564093471 -0.8986759782 -0.0224533193 0.9636925459 0.2660686970 0.9342698455 -0.0745047331 0.3486960530
-380.3 2.5 2708.7 0.3556195796 0.2570700645 -0.8985820413 -0.0233525671 0.9635737538 0.2664212286 0.9343389869 -0.0737604126 0.3486689329
-381.2 197.0 2558.1 -0.1112936735 0.5790037513 -0.8076932430 0.9926928282 0.0266332794 -0.1176927835 -0.0466330424 -0.8148897290 -0.5777369738
-355.8 -29.2 2568.7 -0.5642054677 0.5790037513 -0.5885803699 0.7345997095 0.0266332794 -0.6779778004 -0.3768758774 -0.8148897290 -0.4403626621
-277.4 190.6 2830.4 -0.0309107546 0.2139927149 -0.9763460755 -0.8865327239 0.4452740848 0.1256611943 0.4616321921 0.8694469929 0.1759477854
-285.4 -40.4 2950.7 0.5948793292 0.2139927149 -0.7748069167 -0.7653861046 0.4452740848 -0.4646666646 0.2455661446 0.8694469929 0.4286713898
-461.5 -183.8 2620.2 -0.8119621277 0.1310147941 0.5688169003 0.1035704389 0.9913594723 -0.0804959908 -0.5744481683 -0.0064470787 -0.8185155988
-513.5 -577.1 2622.7 -0.8065562248 -0.1181436628 0.5792314410 0.0489794202 0.9631020427 0.2646421492 -0.5891247988 0.2418192029 -0.7710093856
-406.5 -192.9 2795.8 -0.6853783727 0.1036203876 0.7207769156 0.0458752513 0.9940017462 -0.0992775112 -0.7267406583 -0.0349768363 -0.6860208511
-447.8 -588.9 2809.7 -0.6874093413 -0.0616635531 0.7236477137 0.0739171132 0.9852750897 0.1541729122 -0.7224988937 0.1594698578 -0.6727293134
-212.4 -216.0 2664.6 0 0 0 0 0 0 0 0 0
-131.1 -239.0 3014.4 0 0 0 0 0 0 0 0 0
-481.6 -837.1 2557.5 0 0 0 0 0 0 0 0 0
-424.6 -959.5 2749.7 0 0 0 0 0 0 0 0 0
-299.2 391.0 2669.8 1 0.3567563593 0.2053218633 -0.9113549590 0.0163995828 0.9740217328 0.2258599848 0.9340534806 -0.0955228284 0.3441212475
-339.8 197.9 2688.8 0.3567563593 0.2053218633 -0.9113549590 0.0163995828 0.9740217328 0.2258599848 0.9340534806 -0.0955228284 0.3441212475
-380.7 4.7 2707.5 0.3565764427 0.2058327198 -0.9113101363 0.0155470474 0.9739864469 0.2260723114 0.9341368079 -0.0947802365 0.3441005051
-391.8 195.4 2552.5 -0.1214463562 0.4714327455 -0.8734998107 0.9921823144 0.0321902707 -0.1205740124 -0.0287243444 -0.8813143373 -0.4716566205
-365.2 -22.3 2558.8 -0.6333827376 0.4714327455 -0.6136590838 0.7077308297 0.0321902707 -0.7057484388 -0.3129590750 -0.8813143373 -0.3540362716
-287.9 200.5 2825.0 0.0160360560 0.1903955936 -0.9815764427 -0.8767940998 0.4745432734 0.0777225494 0.4805985391 0.8593940735 0.1745475233
-283.7 -28.0 2950.2 0.6345081925 0.1903955936 -0.7490987182 -0.7274705768 0.4745432734 -0.4955756962 0.2611243427 0.8593940735 0.4396087825
-463.7 -186.5 2637.9 -0.8089040518 0.1128535047 0.5770081282 0.1264269948 0.9918345213 -0.0167496726 -0.5741868019 0.0594005212 -0.8165666461
-508.4 -579.4 2614.4 -0.8055514693 -0.0761521086 0.5876118541 0.0583023205 0.9767073393 0.2065033913 -0.5896504521 0.2006082535 -0.7823481560
-399.4 -189.2 2809.7 -0.6780258417 0.1154977977 0.7259072065 0.1014453843 0.9928307533 -0.0632135570 -0.7280039787 0.0307795107 -0.6848815680
-445.3 -583.4 2797.4 -0.6744805574 -0.0692968816 0.7350332737 -0.0042603458 0.9959340692 0.0899845064 -0.7382802963 0.0575613044 -0.6720334291
-207.4 -198.6 2636.8 0 0 0 0 0 0 0 0 0
-119.1 -216.7 3018.0 0 0 0 0 0 0 0 0 0
-488.6 -833.5 2562.2 0 0 0 0 0 0 0 0 0
-419.1 -959.0 2775.7 0 0 0 0 0 0 0 0 0
-276.7 407.3 2733.3 2 0.2820938528 0.2897538245 -0.9145850539 -0.2670669258 0.9393374324 0.2152218521 0.9214653373 0.1835426539 0.3423649669
-342.3 194.6 2691.7 0.2820938528 0.2897538245 -0.9145850539 -0.2670669258 0.9393374324 0.2152218521 0.9214653373 0.1835426539 0.3423649669
-382.3 1.4 2714.1 0.3592984080 0.2014689296 -0.9112161994 0.0334924608 0.9730059505 0.2283368707 0.9326215386 -0.1125599518 0.3428517878
-394.7 189.6 2555.6 -0.1185487434 0.4372720718 -0.8914815187 0.9928050041 0.0674472675 -0.0989397690 0.0168643985 -0.8967965245 -0.4421216846
-370.2 -15.4 2552.2 -0.6816844940 0.4372720718 -0.5865998864 0.6752845645 0.0674472675 -0.7344669104 -0.2815972865 -0.8967965245 -0.3412608206
-289.9 199.6 2827.8 0.0211430527 0.1909746975 -0.9813672304 -0.8681082726 0.4904083610 0.0767308399 0.4959243536 0.8503106833 0.1761554480
-284.4 -26.6 2957.0 0.6383259296 0.1909746975 -0.7457001209 -0.7201234698 0.4904083610 -0.4908379018 0.2719599605 0.8503106833 0.4505657256
-454.1 -189.8 2640.8 -0.8067513704 0.1530594826 0.5707232952 0.1461130232 0.9875481725 -0.0583062507 -0.5725410581 0.0363514535 -0.8190698028
-514.7 -581.2 2626.4 -0.8004705310 -0.1090241224 0.5893731117 0.0667197630 0.9609982967 0.2683854997 -0.5956470370 0.2541575134 -0.7619767189
-389.3 -186.2 2812.3 -0.6746319532 0.1288102269 0.7268285155 0.1351978481 0.9895620942 -0.0498837568 -0.7256674767 0.0646124706 -0.6850050688
-440.4 -579.0 2786.6 -0.6784522533 -0.0182722025 0.7344172597 -0.0007926121 0.9997082353 0.0241403952 -0.7346440554 0.0157959964 -0.6782687902
-202.5 -181.6 2621.5 0 0 0 0 0 0 0 0 0
-118.8 -213.4 3027.6 0 0 0 0 0 0 0 0 0
-486.7 -828.3 2561.1 0 0 0 0 0 0 0 0 0
-433.5 -957.7 2780.7 0 0 0 0 0 0 0 0 0
-256.4 415.5 2766.0 3 0.3412803411 0.3165222406 -0.8850657344 -0.3013457656 0.9287407398 0.2159429491 0.8903473616 0.1930137277 0.4123436213
-323.5 218.7 2725.1 0.3412803411 0.3165222406 -0.8850657344 -0.3013457656 0.9287407398 0.2159429491 0.8903473616 0.1930137277 0.4123436213
-374.4 28.4 2715.9 0.3891656697 0.2533939183 -0.8856306076 -0.1421106011 0.9664269090 0.2140645683 0.9101399183 0.0425509103 0.4121101201
-379.7 237.8 2593.1 -0.0146713508 0.4564009309 -0.8896532655 0.9807135463 0.1799982637 0.0761678591 0.1948991269 -0.8713775277 -0.4502393901
-376.0 -6.9 2544.5 -0.7309222817 0.4564009309 -0.5073961020 0.6343071461 0.1799982637 -0.7518344522 -0.2518075407 -0.8713775277 -0.4210631251
-267.3 199.6 2857.2 -0.0134358518 0.2448766828 -0.9694611430 -0.9389810562 0.3301802576 0.0964138210 0.3437063992 0.9116010070 0.2254983038
-270.8 -45.0 2946.7 0.6040328145 0.2448766828 -0.7584060431 -0.7874191403 0.3301802576 -0.5205306411 0.1229448840 0.9116010070 0.3922602832
-457.8 -166.7 2633.8 -0.8419272304 0.1336379945 0.5227804184 0.1248979643 0.9907990694 -0.0521316305 -0.5249371529 0.0214031711 -0.8508718610
-514.3 -586.1 2624.8 -0.8347415328 -0.1196832061 0.5374779701 0.0428706631 0.9590048790 0.2801281214 -0.5489705801 0.2568766177 -0.7953902483
-389.7 -182.2 2808.2 -0.7098410130 0.1216408089 0.6937789917 0.1507565081 0.9883874059 -0.0190479830 -0.6880394220 0.0910706595 -0.7199360132
-438.5 -578.3 2771.7 -0.7255188823 -0.0031050236 0.6881952286 -0.0608380027 0.9963641763 -0.0596420653 -0.6855078936 -0.0851398706 -0.7230699658
-199.6 -160.0 2605.2 0 0 0 0 0 0 0 0 0
-114.1 -249.3 2978.6 0 0 0 0 0 0 0 0 0
-483.5 -833.5 2558.5 0 0 0 0 0 0 0 0 0
-437.3 -955.5 2803.9 0 0 0 0 0 0 0 0 0
-250.1 421.5 2782.9 4 0.4067258537 0.3281306326 -0.8525868654 -0.3384558558 0.9209786654 0.1929921359 0.8485409617 0.2100681216 0.4856435657
-317.9 231.2 2739.5 0.4067258537 0.3281306326 -0.8525868654 -0.3384558558 0.9209786654 0.1929921359 0.8485409617 0.2100681216 0.4856435657
-373.1 43.3 2713.0 0.4371910095 0.2743182480 -0.8565124273 -0.2436983436 0.9528530240 0.1807822436 0.8657223582 0.1296942830 0.4834296703
-381.0 265.3 2613.8 -0.0177838765 0.4621557295 -0.8866204619 0.9645665884 0.2413975745 0.1064824760 0.2632395029 -0.8533107638 -0.4500729442
-376.3 6.7 2543.2 -0.7528943419 0.4621557295 -0.4685746133 0.6152437925 0.2413975745 -0.7504680753 -0.2337203324 -0.8533107638 -0.4660853148
-254.8 197.0 2865.2 -0.0123902019 0.3025149703 -0.9530640841 -0.9700394869 0.2276420295 0.0848674327 0.2426311225 0.9255613685 0.2906309366
-258.1 -55.7 2928.4 0.5944495201 0.3025149703 -0.7450600266 -0.8041253686 0.2276420295 -0.5491461754 0.0034820491 0.9255613685 0.3785816729
-461.6 -133.9 2617.3 -0.8806408644 0.1576904505 0.4467721581 0.1097986922 0.9852408171 -0.1313194185 -0.4608859718 -0.0665902495 -0.8849575520
-526.0 -536.4 2644.5 -0.8709620833 -0.1399809271 0.4709887505 0.0139050987 0.9511542320 0.3084028363 -0.4911534488 0.2751563191 -0.8264728189
-390.1 -170.3 2783.1 -0.7643882632 0.1105279773 0.6352118850 0.0809272602 0.9938527942 -0.0755475312 -0.6396572590 -0.0063416874 -0.7686340809
-434.0 -565.1 2785.7 -0.7683654428 0.0128303980 0.6398827434 -0.0054031452 0.9996333718 -0.0265318677 -0.6399885416 -0.0238435492 -0.7680144310
-188.1 -147.1 2601.6 0 0 0 0 0 0 0 0 0
-103.8 -264.3 2929.3 0 0 0 0 0 0 0 0 0
-482.3 -833.6 2558.5 0 0 0 0 0 0 0 0 0
-438.9 -944.5 2794.7 0 0 0 0 0 0 0 0 0
-246.3 421.8 2791.8 5 0.4507147372 0.3245272338 -0.8315878510 -0.3649100363 0.9171662927 0.1601455659 0.8146759272 0.2312747836 0.5318036079
-312.8 234.0 2744.5 0.4507147372 0.3245272338 -0.8315878510 -0.3649100363 0.9171662927 0.1601455659 0.8146759272 0.2312747836 0.5318036079
-367.8 47.6 2707.1 0.4715164304 0.2745021582 -0.8380458355 -0.3002970517 0.9435028434 0.1400860846 0.8291525245 0.1856098026 0.5273092389
-381.1 276.8 2623.9 -0.0226646475 0.4636564255 -0.8857251406 0.9559689760 0.2693396211 0.1165308952 0.2925911844 -0.8440846205 -0.4493456483
-374.8 13.0 2543.2 -0.7704040408 0.4636564255 -0.4376075566 0.5930868983 0.2693396211 -0.7587516904 -0.2339350283 -0.8440846205 -0.4824888706
-244.5 191.2 2865.0 0.0017071587 0.3369698822 -0.9415138960 -0.9846899509 0.1646791399 0.0571535788 0.1743067354 0.9270016551 0.3320919871
-244.0 -65.4 2910.4 0.5980337262 0.3369698822 -0.7271911502 -0.7978931665 0.1646791399 -0.5798683167 -0.0756449401 0.9270016551 0.3673496544
-468.5 -114.6 2605.5 -0.9072097540 0.1067854166 0.4068996310 0.0666404441 0.9915128946 -0.1116301119 -0.4153666794 -0.0741559491 -0.9066264033
-511.5 -513.6 2635.3 -0.9040952325 -0.0875365734 0.4182692170 0.0211603064 0.9684231281 0.2484126836 -0.4268067777 0.2334394306 -0.8736944795
-388.7 -164.1 2762.5 -0.7975801826 0.1256368905 0.5899840593 0.0455372110 0.9878189564 -0.1487954110 -0.6014916301 -0.0918100476 -0.7935860157
-438.4 -555.0 2798.8 -0.7982727289 -0.0006907190 0.6022957563 0.0030222298 0.9999821782 0.0051524024 -0.6022885442 0.0059332987 -0.7982563972
-178.4 -138.2 2602.8 0 0 0 0 0 0 0 0 0
-88.9 -272.4 2890.8 0 0 0 0 0 0 0 0 0
-482.4 -835.8 2557.6 0 0 0 0 0 0 0 0 0
-438.2 -935.7 2796.6 0 0 0 0 0 0 0 0 0
-248.7 424.2 2796.8 6 0.4616157115 0.3000573814 -0.8347913027 -0.3660013676 0.9216457605 0.1288880706 0.8080556393 0.2460379899 0.5352675915
-309.6 237.1 2746.8 0.4616157115 0.3000573814 -0.8347913027 -0.3660013676 0.9216457605 0.1288880706 0.8080556393 0.2460379899 0.5352675915
-365.5 51.6 2704.3 0.4735078216 0.2804415524 -0.8349508047 -0.3279469907 0.9359326959 0.1283775568 0.8174601793 0.2130318284 0.5351414084
-378.4 284.4 2627.8 -0.0111152893 0.4609912336 -0.8873350620 0.9509682655 0.2791724801 0.1331242025 0.3090886474 -0.8423478007 -0.4414910972
-375.3 18.6 2541.4 -0.7843911648 0.4609912336 -0.4149910808 0.5720917583 0.2791724801 -0.7712157369 -0.2396695912 -0.8423478007 -0.4827097356
-240.7 189.7 2865.9 -0.0028845568 0.3419228494 -0.9397236109 -0.9895440936 0.1345348805 0.0519886389 0.1442017108 0.9300479293 0.3379596770
-241.5 -68.1 2903.5 0.5933473110 0.3419228494 -0.7287164927 -0.7983744740 0.1345348805 -0.5869399905 -0.1026504040 0.9300479293 0.3528084159
-466.1 -107.6 2593.3 -0.9127268195 0.1024620384 0.3955140114 0.0463860929 0.9877716303 -0.1488474905 -0.4059287310 -0.1175107434 -0.9063184261
-507.1 -502.2 2640.3 -0.9118884802 -0.0717960745 0.4041097760 0.0340954065 0.9679278135 0.2489041984 -0.4090194404 0.2407511622 -0.8801943064
-379.9 -164.8 2744.0 -0.8005623817 0.1559670568 0.5785967112 0.0638865829 0.9822466969 -0.1763800681 -0.5958341956 -0.1042386889 -0.7963139415
-441.8 -554.1 2785.4 -0.8033779860 -0.0070191775 0.5954280496 -0.0289679319 0.9992073178 -0.0273057111 -0.5947644114 -0.0391851254 -0.8029444814
-175.4 -127.3 2602.5 0 0 0 0 0 0 0 0 0
-87.5 -275.3 2876.9 0 0 0 0 0 0 0 0 0
-482.7 -830.8 2558.6 0 0 0 0 0 0 0 0 0
-439.1 -934.8 2800.3 0 0 0 0 0 0 0 0 0
-249.3 424.5 2796.8 7 0.4701947868 0.2917453647 -0.8329474926 -0.3773151040 0.9196342230 0.1091154367 0.7978409529 0.2629781663 0.5424871445
-308.0 239.3 2743.8 0.4701947868 0.2917453647 -0.8329474926 -0.3773151040 0.9196342230 0.1091154367 0.7978409529 0.2629781663 0.5424871445
-365.2 54.9 2697.9 0.4793535769 0.2874302864 -0.8292188644 -0.3480718434 0.9296236038 0.1210205257 0.8056464195 0.2306161225 0.5456647873
-377.8 289.9 2626.3 -0.0011771177 0.4574655592 -0.8892265558 0.9524042010 0.2715813816 0.1384551972 0.3048358560 -0.8467401266 -0.4360117912
-377.5 22.7 2540.8 -0.8095753789 0.4574655592 -0.3678490520 0.5211083293 0.2715813816 -0.8091289997 -0.2702476978 -0.8467401266 -0.4582546949
-238.2 188.8 2861.3 -0.0068419972 0.3513060510 -0.9362356663 -0.9924162030 0.1125262901 0.0494760834 0.1227323785 0.9294739962 0.3478718996
-240.0 -69.8 2893.3 0.5880756378 0.3513060510 -0.7285266519 -0.7990037203 0.1125262901 -0.5907037258 -0.1255393922 0.9294739962 0.3468687832
-465.0 -101.8 2586.6 -0.9168802500 0.1037827879 0.3854344189 0.0536438487 0.9888861179 -0.1386600733 -0.3955412805 -0.1064585000 -0.9122574925
-506.3 -495.8 2629.0 -0.9148803949 -0.0701236725 0.3975884318 0.0166248549 0.9774212241 0.2106452435 -0.4033825994 0.1993250549 -0.8930577040
-378.3 -163.0 2735.8 -0.8085847497 0.1627887338 0.5654118657 0.0636343583 0.9795225263 -0.1910137832 -0.5849285722 -0.1184712052 -0.8023859262
-442.9 -551.7 2782.8 -0.8117536902 -0.0123706246 0.5838689208 -0.0411709882 0.9985002875 -0.0360845141 -0.5825469494 -0.0533301979 -0.8110455871
-169.4 -111.2 2610.3 0 0 0 0 0 0 0 0 0
-87.4 -277.1 2860.7 0 0 0 0 0 0 0 0 0
-482.3 -830.8 2560.7 0 0 0 0 0 0 0 0 0
-438.2 -932.7 2803.2 0 0 0 0 0 0 0 0 0
-250.2 423.6 2796.8 8 0.4959571958 0.3055605590 -0.8128094673 -0.3884174824 0.9152425528 0.1070651636 0.7766326666 0.2626096606 0.5726062059
-311.4 240.6 2744.2 0.4959571958 0.3055605590 -0.8128094673 -0.3884174824 0.9152425528 0.1070651636 0.7766326666 0.2626096606 0.5726062059
-370.7 57.2 2696.5 0.5032211542 0.2986578047 -0.8109080791 -0.3663104177 0.9236239195 0.1128516719 0.7826781869 0.2402547449 0.5741885900
-384.7 293.9 2630.0 -0.0002817339 0.4325774312 -0.9015967250 0.9452828765 0.2942627668 0.1408890635 0.3262518048 -0.8522242308 -0.4089909196
-384.6 35.1 2540.7 -0.8456943631 0.4325774312 -0.3125345409 0.4600933194 0.2942627668 -0.8376893997 -0.2703982592 -0.8522242308 -0.4478823543
-238.0 187.3 2858.5 -0.0072471388 0.3811801672 -0.9244723916 -0.9946951866 0.0921175852 0.0457797274 0.1026104912 0.9199000001 0.3784905076
-239.9 -71.9 2885.2 0.5803068876 0.3811801672 -0.7196843624 -0.7984238267 0.0921175852 -0.5950073004 -0.1605094075 0.9199000001 0.3577998281
-466.4 -96.6 2578.0 -0.9312837720 0.0888250768 0.3532995880 0.0392874517 0.9886510372 -0.1450022459 -0.3621698618 -0.1211580038 -0.9242044091
-501.8 -490.0 2626.2 -0.9304972291 -0.0524685569 0.3625216782 0.0218459778 0.9799773097 0.1979071051 -0.3656469285 0.1920716465 -0.9107199311
-378.6 -161.0 2725.4 -0.8296890855 0.1546254754 0.5363832116 0.0589280166 0.9797631502 -0.1912893653 -0.5551067591 -0.1271027029 -0.8220105767
-440.0 -550.1 2775.9 -0.8321263790 -0.0072027603 0.5545392632 -0.0267015398 0.9992763400 -0.0270882659 -0.5539428592 -0.0373479128 -0.8317165375
-165.0 -84.4 2610.9 0 0 0 0 0 0 0 0 0
-89.4 -279.1 2843.5 0 0 0 0 0 0 0 0 0
-483.7 -827.3 2560.1 0 0 0 0 0 0 0 0 0
-437.3 -931.6 2790.1 0 0 0 0 0 0 0 0 0
-248.8 425.1 2797.3 9 0.4926033914 0.3238222003 -0.8077629805 -0.3958890140 0.9099735618 0.1233695522 0.7749927640 0.2590122521 0.5764536858
-313.4 243.4 2745.5 0.4926033914 0.3238222003 -0.8077629805 -0.3958890140 0.9099735618 0.1233695522 0.7749927640 0.2590122521 0.5764536858
-375.1 60.7 2698.1 0.5009108186 0.3103941083 -0.8079256415 -0.3719174862 0.9200939536 0.1229002252 0.7815150023 0.2389196306 0.5763260126
-386.5 297.7 2631.5 -0.0010496899 0.3680796623 -0.9297936559 0.9473472834 0.2980920672 0.1169369146 0.3202062249 -0.8807147741 -0.3490121663
