31.2 350.6 2350.7 1 0.5181043148 0.4216014743 -0.7441909313 -0.3086070716 0.9036116004 0.2970653176 0.7977026701 0.0757517666 0.5982742906
-51.8 172.6 2335.7 0.5181043148 0.4216014743 -0.7441909313 -0.3086070716 0.9036116004 0.2970653176 0.7977026701 0.0757517666 0.5982742906
-128.5 -5.0 2322.3 0.5275632739 0.3951511979 -0.7520189285 -0.2875333428 0.9160428047 0.2796250880 0.7993757129 0.0687105805 0.5968896747
-123.6 211.7 2227.0 0.0564660840 0.4630310833 -0.8845415711 0.9575948119 0.2255929112 0.1792206913 0.2825310528 -0.8571522832 -0.4306578040
-139.1 -51.0 2149.5 -0.7361476421 0.4630310833 -0.4936485291 0.6364892721 0.2255929112 -0.7375562787 -0.2301478684 -0.8571522832 -0.4607840180
20.0 133.6 2444.5 0.0641248524 0.9520885348 -0.2990241647 -0.9960544705 0.0794829503 0.0394715965 0.0613477789 0.2953132391 0.9534288645
37.7 -140.9 2461.4 0.1996561587 0.9475348592 -0.2496300042 -0.9289587736 0.1019909978 -0.3558559418 -0.3117258847 0.3029448092 0.9005839229
-246.8 -163.6 2243.4 0.8126665950 -0.1399427205 -0.5656757951 0.0714167058 0.9873361588 -0.1416580677 0.5783361197 0.0747220814 0.8123693466
-192.5 -546.7 2214.4 0.7976741195 0.1554887891 -0.5826999545 -0.1270377785 0.9878345132 0.0896901488 0.5895569324 0.0024813942 0.8077229857
-140.9 -210.5 2377.0 -0.9232171774 -0.0151367597 -0.3839803636 -0.0023741974 0.9994295239 -0.0336898081 0.3842712641 -0.0301913656 -0.9227264524
-135.2 -590.9 2388.5 -0.8973690867 0.2282769978 -0.3776483834 0.1659345925 0.9675497413 0.1905602217 0.4088941216 0.1083379239 -0.9061282873
66.3 -228.5 2213.7 0 0 0 0 0 0 0 0 0
88.2 -376.2 2382.4 0 0 0 0 0 0 0 0 0
-250.5 -915.3 2213.5 0 0 0 0 0 0 0 0 0
-220.3 -951.8 2348.1 0 0 0 0 0 0 0 0 0
35.4 355.8 2358.3 2 0.5298979282 0.4303086996 -0.7307822108 -0.3467657566 0.8963202834 0.2763394713 0.7739261389 0.1069785208 0.6241745949
-49.5 178.9 2337.2 0.5298979282 0.4303086996 -0.7307822108 -0.3467657566 0.8963202834 0.2763394713 0.7739261389 0.1069785208 0.6241745949
-129.1 3.1 2317.9 0.5383576155 0.4098052382 -0.7363631725 -0.3286097348 0.9067130685 0.2643616498 0.7760068774 0.0996550024 0.6228018999
-122.9 223.7 2231.5 0.0646551400 0.4737427235 -0.8782867193 0.9559533596 0.2231133431 0.1907186210 0.2863090336 -0.8519320488 -0.4384505451
-141.3 -48.4 2150.1 -0.7269431353 0.4737427235 -0.4971131384 0.6451315880 0.2231133431 -0.7307705879 -0.2352846861 -0.8519320488 -0.4678171277
23.8 134.2 2442.9 0.0510659814 0.9585604668 -0.2802750766 -0.9985278249 0.0541444980 0.0032467076 0.0182875171 0.2796966434 0.9599142671
37.9 -140.9 2447.9 0.1807683706 0.9544336796 -0.2374429405 -0.9173405170 0.0765515119 -0.3906741142 -0.3546959162 0.2884375453 0.8893787861
-252.3 -157.1 2237.6 0.8174901605 -0.1526783705 -0.5553369522 0.0850805715 0.9856573939 -0.1457422078 0.5696236491 0.0718944445 0.8187552094
-193.1 -539.7 2209.7 0.8063929081 0.1350056529 -0.5757638216 -0.0972398669 0.9906115532 0.0960890874 0.5833308697 -0.0214983616 0.8119500875
-154.7 -207.7 2377.2 -0.9152216911 -0.0446076170 -0.4004740417 -0.0265420582 0.9983689189 -0.0505475700 0.4020756483 -0.0356328264 -0.9149128199
-137.6 -591.3 2390.9 -0.8857635260 0.2322932333 -0.4018243253 0.1937522441 0.9717628360 0.1346739382 0.4217617810 0.0414349027 -0.9057594538
61.6 -228.4 2215.7 0 0 0 0 0 0 0 0 0
83.7 -373.2 2358.1 0 0 0 0 0 0 0 0 0
-243.4 -909.2 2217.7 0 0 0 0 0 0 0 0 0
-224.1 -953.1 2375.4 0 0 0 0 0 0 0 0 0
39.5 355.3 2354.6 3 0.5521875024 0.4439429939 -0.7056936622 -0.3646134138 0.8897925019 0.2744564414 0.7497639656 0.1057539508 0.6531999111
-47.9 180.0 2333.8 0.5521875024 0.4439429939 -0.7056936622 -0.3646134138 0.8897925019 0.2744564414 0.7497639656 0.1057539508 0.6531999111
-129.7 5.3 2312.5 0.5580911040 0.4207512736 -0.7151941657 -0.3523904383 0.9005026221 0.2547862530 0.7512358427 0.1098336354 0.6508312225
-124.0 228.0 2231.4 0.0799595341 0.5027388334 -0.8607323170 0.9535445571 0.2130275369 0.2130072117 0.2904466987 -0.8377785683 -0.4623502791
-146.4 -39.0 2150.1 -0.6995298862 0.5027388334 -0.5078499913 0.6696300507 0.2130275369 -0.7114877701 -0.2495064884 -0.8377785683 -0.4856681824
28.1 132.0 2436.2 0.0427851751 0.9668551087 -0.2517153025 -0.9990539551 0.0394397043 -0.0183231533 -0.0077882581 0.2522611320 0.9676278830
39.9 -143.4 2434.0 0.1620961875 0.9631918073 -0.2144443393 -0.9096348286 0.0616198778 -0.4108132422 -0.3824779093 0.2616572976 0.8861411214
-256.8 -143.3 2229.3 0.8234176636 -0.1855390370 -0.5362449288 0.1319658458 0.9817356467 -0.1370405257 0.5518771410 0.0420755781 0.8328632712
-184.9 -524.0 2213.0 0.8093567491 0.1597971320 -0.5651606321 -0.1224499345 0.9870397449 0.1037234887 0.5744106770 -0.0147454254 0.8184344172
-158.9 -201.7 2366.3 -0.9044595957 -0.0383241177 -0.4248341620 0.0064564967 0.9946116805 -0.1034692079 0.4265104234 -0.0963266566 -0.8993386626
-144.1 -585.1 2403.5 -0.8845284581 0.2042394578 -0.4193992019 0.1449875832 0.9748983383 0.1689728051 0.4433825314 0.0886535794 -0.8919374943
48.7 -225.8 2219.7 0 0 0 0 0 0 0 0 0
81.0 -374.0 2337.1 0 0 0 0 0 0 0 0 0
-244.5 -892.3 2218.5 0 0 0 0 0 0 0 0 0
-220.2 -948.0 2370.5 0 0 0 0 0 0 0 0 0
37.5 351.9 2351.3 4 0.5463565588 0.4385408461 -0.7135660052 -0.3460950255 0.8940365314 0.2844589651 0.7627009749 0.0915456340 0.6402395368
-48.8 175.9 2333.3 0.5463565588 0.4385408461 -0.7135660052 -0.3460950255 0.8940365314 0.2844589651 0.7627009749 0.0915456340 0.6402395368
-129.8 0.4 2316.2 0.5540878177 0.4168224633 -0.7205870748 -0.3298369944 0.9046946764 0.2696945369 0.7643259764 0.0882418007 0.6387637854
-124.4 220.9 2229.0 0.0905215219 0.5000928640 -0.8612276316 0.9539369345 0.2048269361 0.2192037255 0.2860248387 -0.8413994908 -0.4585157931
-148.8 -35.9 2152.1 -0.6903182864 0.5000928640 -0.5228459239 0.6809287071 0.2048269361 -0.7031230927 -0.2445338964 -0.8413994908 -0.4819233418
26.8 130.9 2437.5 0.0467507541 0.9649155736 -0.2583646178 -0.9987130165 0.0502425767 0.0069253133 0.0196632463 0.2577083409 0.9660226703
39.7 -144.4 2443.0 0.1683307439 0.9611009955 -0.2189740539 -0.9189674854 0.0726454854 -0.3875839710 -0.3565998673 0.2664723396 0.8954490423
-261.3 -137.9 2224.2 0.8172416687 -0.2104236335 -0.5365052819 0.1590004861 0.9771509171 -0.1410495341 0.5539268255 0.0299669486 0.8320258856
-179.7 -516.9 2212.5 0.7999482155 0.1783155799 -0.5729628205 -0.1326506734 0.9837543964 0.1209590957 0.5852235556 -0.0207571145 0.8106062412
-160.6 -200.7 2357.7 -0.9067347050 -0.0625072345 -0.4170431495 0.0016158785 0.9884312153 -0.1516612172 0.4216983616 -0.1381903887 -0.8961439133
-136.5 -582.6 2411.1 -0.8785202503 0.2367487848 -0.4149123132 0.1781433672 0.9682644010 0.1752969474 0.4432461560 0.0800880268 -0.8928150535
43.8 -225.9 2220.3 0 0 0 0 0 0 0 0 0
82.3 -377.4 2352.6 0 0 0 0 0 0 0 0 0
-246.2 -883.9 2220.3 0 0 0 0 0 0 0 0 0
-224.7 -943.4 2381.2 0 0 0 0 0 0 0 0 0
41.8 353.0 2344.1 5 0.6032386422 0.4412125349 -0.6644054651 -0.3594627380 0.8940447569 0.2673396766 0.7119618654 0.0775593817 0.6979218125
-44.8 177.5 2328.9 0.6032386422 0.4412125349 -0.6644054651 -0.3594627380 0.8940447569 0.2673396766 0.7119618654 0.0775593817 0.6979218125
-125.8 1.7 2314.5 0.6121651530 0.4176662564 -0.6714228988 -0.3407589793 0.9055707455 0.2526359558 0.7135384679 0.0741384774 0.6966823936
-128.2 223.9 2231.8 0.0637865439 0.5067449808 -0.8597329855 0.9584044814 0.2090445161 0.1943226457 0.2781944871 -0.8363670707 -0.4723324478
-145.9 -43.2 2154.3 -0.6949247718 0.5067449808 -0.5101853013 0.6731845737 0.2090445161 -0.7093116045 -0.2527886629 -0.8363670707 -0.4864031374
38.5 131.0 2426.0 0.0526416525 0.9814493656 -0.1843529642 -0.9986062646 0.0510347001 -0.0134541346 -0.0037961532 0.1848042756 0.9827679992
53.0 -144.4 2425.0 0.1446721852 0.9782335162 -0.1487586945 -0.9112223983 0.0731172264 -0.4053733647 -0.3856729865 0.1941985041 0.9019663334
-260.3 -145.6 2230.8 0.8562064171 -0.2090728730 -0.4724395573 0.1531869620 0.9760720730 -0.1543277502 0.4934008121 0.0597648248 0.8677464128
-179.2 -524.2 2207.6 0.8379022479 0.1868866533 -0.5128286481 -0.1354605407 0.9813621044 0.1363043487 0.5287441015 -0.0447416715 0.8476012349
-160.7 -204.5 2367.1 -0.8734673858 -0.0426273011 -0.4850129783 0.0096708219 0.9944444895 -0.1048170552 0.4867865741 -0.0962447599 -0.8682026267
-144.2 -589.3 2404.3 -0.8523272276 0.2130215764 -0.4776610732 0.1443441957 0.9736330509 0.1766448319 0.5026957989 0.0816115960 -0.8606023788
48.0 -231.1 2224.9 0 0 0 0 0 0 0 0 0
89.7 -375.4 2327.2 0 0 0 0 0 0 0 0 0
-249.0 -890.3 2224.3 0 0 0 0 0 0 0 0 0
-223.7 -952.3 2373.9 0 0 0 0 0 0 0 0 0
41.7 353.6 2348.6 6 0.5952731371 0.4308613241 -0.6782392263 -0.3585213125 0.8978224397 0.2556897998 0.7191052437 0.0909579620 0.6889225245
-42.7 177.7 2330.7 0.5952731371 0.4308613241 -0.6782392263 -0.3585213125 0.8978224397 0.2556897998 0.7191052437 0.0909579620 0.6889225245
-122.7 1.7 2314.3 0.6032900214 0.4122740626 -0.6826941371 -0.3413590789 0.9071288109 0.2461529523 0.7207739949 0.0845422149 0.6879952550
-125.0 224.3 2232.5 0.0829148218 0.5030240417 -0.8602859378 0.9555677176 0.2049028873 0.2119083852 0.2828700840 -0.8396318555 -0.4636840522
-147.9 -40.1 2154.2 -0.6853615642 0.5030240417 -0.5265418887 0.6864324808 0.2049028873 -0.6977286339 -0.2430843413 -0.8396318555 -0.4857245982
39.6 131.2 2429.0 0.0579960905 0.9783624411 -0.1986036450 -0.9982877374 0.0553162992 -0.0190197621 -0.0076222010 0.1993666440 0.9798952937
55.6 -144.3 2426.9 0.1552147269 0.9748890400 -0.1596865654 -0.9084309340 0.0773418471 -0.4108181000 -0.3881516159 0.2088292241 0.8976238966
-261.5 -143.6 2236.5 0.8492038846 -0.2201681733 -0.4799778461 0.1502233148 0.9721047878 -0.1801256388 0.5062466860 0.0808595344 0.8585895300
-176.1 -520.7 2205.1 0.8258007169 0.2035600841 -0.5259433985 -0.1424230337 0.9776327014 0.1547579914 0.5456820130 -0.0528928004 0.8363214135
-153.0 -204.9 2364.0 -0.8815072179 -0.0061017354 -0.4721311331 0.0414233208 0.9950617552 -0.0902006999 0.4703500271 -0.0990698040 -0.8769013882
-150.6 -592.9 2402.6 -0.8674164414 0.1951254308 -0.4577278793 0.1302921623 0.9768754840 0.1695236266 0.4802215099 0.0874092355 -0.8727811575
43.4 -231.7 2222.0 0 0 0 0 0 0 0 0 0
94.9 -374.7 2328.4 0 0 0 0 0 0 0 0 0
-252.0 -885.5 2224.9 0 0 0 0 0 0 0 0 0
-223.4 -957.3 2370.0 0 0 0 0 0 0 0 0 0
46.9 351.3 2349.3 7 0.5821062326 0.4484943449 -0.6782368422 -0.3634982705 0.8896690011 0.2763296068 0.7273385525 0.0856847391 0.6809087992
-41.0 176.9 2332.5 0.5821062326 0.4484943449 -0.6782368422 -0.3634982705 0.8896690011 0.2763296068 0.7273385525 0.0856847391 0.6809087992
-123.5 2.0 2316.2 0.5905113220 0.4252327383 -0.6859107018 -0.3462702930 0.9012126923 0.2606003881 0.7289672494 0.0836230293 0.6794217825
-121.6 224.2 2233.0 0.0974094197 0.5054273605 -0.8573532701 0.9522358179 0.2031729072 0.2279642373 0.2894103229 -0.8386083841 -0.4614950716
-148.5 -38.8 2153.0 -0.6794548035 0.5054273605 -0.5318687558 0.6927767396 0.2031729072 -0.6919401288 -0.2416641414 -0.8386083841 -0.4881951213
39.6 129.7 2432.0 0.0430032723 0.9769743681 -0.2089780271 -0.9990740418 0.0417756401 -0.0102868387 -0.0013197868 0.2092269063 0.9778662324
51.4 -146.0 2431.6 0.1455147564 0.9737384915 -0.1750967205 -0.9128158689 0.0638815835 -0.4033440053 -0.3815661073 0.2185235620 0.8981395960
-256.6 -143.8 2233.5 0.8459412456 -0.2112912685 -0.4896318614 0.1411205530 0.9741229415 -0.1765489131 0.5142648816 0.0802529007 0.8538683057
-174.6 -521.9 2202.4 0.8211548924 0.2072470337 -0.5317455530 -0.1493877769 0.9773027897 0.1502083391 0.5508066416 -0.0439080261 0.8334771395
-149.1 -205.2 2362.5 -0.8854293227 -0.0252090488 -0.4640898705 0.0378034562 0.9913132191 -0.1259720474 0.4632340968 -0.1290835440 -0.8767848015
-139.3 -590.6 2412.7 -0.8624890447 0.2425309718 -0.4441749454 0.1548605412 0.9620652795 0.2246077061 0.4817996025 0.1249365136 -0.8673292398
41.2 -232.2 2220.5 0 0 0 0 0 0 0 0 0
88.3 -377.6 2334.8 0 0 0 0 0 0 0 0 0
-251.9 -886.6 2218.7 0 0 0 0 0 0 0 0 0
-229.6 -948.9 2366.1 0 0 0 0 0 0 0 0 0
45.0 346.7 2350.1 8 0.5487409234 0.4497705996 -0.7046912909 -0.3516380787 0.8889241219 0.2935380638 0.7584418654 0.0867199525 0.6459454894
-43.2 172.6 2333.1 0.5487409234 0.4497705996 -0.7046912909 -0.3516380787 0.8889241219 0.2935380638 0.7584418654 0.0867199525 0.6459454894
-126.2 -2.2 2317.4 0.5578176975 0.4275924563 -0.7113396525 -0.3331270814 0.9003542662 0.2799794674 0.7601748109 0.0807889998 0.6446761489
-119.2 218.0 2229.4 0.1110761911 0.4985665679 -0.8597054482 0.9520675540 0.1947006136 0.2359218001 0.2850078940 -0.8447029591 -0.4530424476
-148.9 -36.5 2153.2 -0.6783638000 0.4985665679 -0.5396794677 0.6942995191 0.1947006136 -0.6928490996 -0.2403554767 -0.8447029591 -0.4782323837
32.9 127.2 2436.8 0.0358737521 0.9678708911 -0.2488754988 -0.9990969300 0.0404084176 0.0131341778 0.0227688532 0.2481795698 0.9684464335
42.8 -148.5 2443.1 0.1544436961 0.9644154906 -0.2145925462 -0.9221565127 0.0627453178 -0.3816941082 -0.3546470106 0.2568381727 0.8990325928
-258.9 -141.9 2234.7 0.8274928927 -0.2202615887 -0.5164691210 0.1370281279 0.9712507725 -0.1946668923 0.5444986820 0.0903146639 0.8338851333
-173.4 -518.9 2199.7 0.7992500663 0.2145791501 -0.5613867640 -0.1318120658 0.9739334583 0.1846053749 0.5863658190 -0.0735483170 0.8067005277
-153.4 -204.0 2365.3 -0.9018378258 -0.0488867722 -0.4293001592 0.0048685125 0.9923657775 -0.1232335120 0.4320472777 -0.1132266968 -0.8947149515
-134.4 -589.4 2409.2 -0.8689384460 0.2598209083 -0.4212351739 0.1838568598 0.9596716762 0.2126661986 0.4595025778 0.1073468700 -0.8816654682
40.5 -230.3 2220.4 0 0 0 0 0 0 0 0 0
82.0 -382.4 2353.1 0 0 0 0 0 0 0 0 0
-253.5 -882.2 2227.1 0 0 0 0 0 0 0 0 0
-231.3 -947.1 2369.2 0 0 0 0 0 0 0 0 0
47.9 346.7 2343.5 9 0.5573331118 0.4631750286 -0.6890926957 -0.3445191681 0.8841306567 0.3156256378 0.7554378510 0.0614970252 0.6523279548
-42.5 174.1 2331.5 0.5573331118 0.4631750286 -0.6890926957 -0.3445191681 0.8841306567 0.3156256378 0.7554378510 0.0614970252 0.6523279548
-127.5 0.0 2320.0 0.5662994385 0.4379525483 -0.6982138157 -0.3267965019 0.8970173001 0.2975970209 0.7566432357 0.0596448034 0.6511017680
-119.8 218.7 2228.3 0.1066880524 0.5008951426 -0.8589072824 0.9531558156 0.1943814754 0.2317538410 0.2830400467 -0.8433978558 -0.4566929042
-148.8 -39.6 2151.5 -0.6887668371 0.5008951426 -0.5241224766 0.6796189547 0.1943814754 -0.7073428631 -0.2524248958 -0.8433978558 -0.4743013382
34.8 129.5 2434.8 0.0265046936 0.9720075130 -0.2334500849 -0.9989099503 0.0347290300 0.0311889965 0.0384234339 0.2323689610 0.9718684554
42.1 -146.1 2445.4 0.1398793608 0.9689077139 -0.2040872574 -0.9291710258 0.0572193563 -0.3651946485 -0.3421621621 0.2407151610 0.9082847834
-259.0 -147.1 2233.7 0.8371859193 -0.2189538926 -0.5011774898 0.1376236081 0.9712175131 -0.1944127530 0.5293198228 0.0937857628 0.8432228565
-174.0 -524.1 2197.3 0.8099829555 0.2118337005 -0.5468583703 -0.1219158992 0.9729343653 0.1963039935 0.5736410618 -0.0923321620 0.8138861656
-159.4 -206.8 2369.7 -0.8929204941 -0.0684397966 -0.4449819624 -0.0135315880 0.9920112491 -0.1254217327 0.4500109255 -0.1059703305 -0.8867132664
-132.8 -591.9 2410.9 -0.8548412323 0.2711427808 -0.4424116015 0.1942717731 0.9578409195 0.2116583884 0.4811495841 0.0949862450 -0.8714773059
43.5 -229.3 2222.0 0 0 0 0 0 0 0 0 0
77.6 -381.8 2358.6 0 0 0 0 0 0 0 0 0
-253.1 -887.2 2231.8 0 0 0 0 0 0 0 0 0
-233.9 -949.2 2375.5 0 0 0 0 0 0 0 0 0
52.0 347.5 2340.8 0 0.5735912323 0.4557018578 -0.6806826591 -0.3367826045 0.8886836767 0.3111571372 0.7467064857 0.0507650636 0.6632136703
-37.5 173.0 2330.8 0.5735912323 0.4557018578 -0.6806826591 -0.3367826045 0.8886836767 0.3111571372 0.7467064857 0.0507650636 0.6632136703
-121.5 -1.7 2321.0 0.5812370181 0.4328943491 -0.6890326738 -0.3213918209 0.9000366926 0.2943488359 0.7475765944 0.0503630191 0.6622633338
-116.9 216.9 2228.7 0.1113281474 0.5111898184 -0.8522270918 0.9496931434 0.1978753358 0.2427515239 0.2927268147 -0.8363792896 -0.4634443521
-146.9 -39.5 2149.7 -0.6876456141 0.5111898184 -0.5155856013 0.6779367924 0.1978753358 -0.7079880238 -0.2598945796 -0.8363792896 -0.4826224744
41.9 129.1 2432.9 0.0339425690 0.9755554795 -0.2171161026 -0.9986250401 0.0417892262 0.0316503979 0.0399498343 0.2157432884 0.9756325483
51.3 -146.5 2443.9 0.1403800398 0.9724436998 -0.1861362904 -0.9288961291 0.0642824844 -0.3647187054 -0.3427031040 0.2241005152 0.9123231769
-263.2 -144.8 2240.7 0.8452572823 -0.2331737429 -0.4808014929 0.1437193006 0.9658182859 -0.2157307714 0.5146696568 0.1132475585 0.8498765230
-172.7 -519.6 2196.7 0.8203361034 0.2058606446 -0.5335448384 -0.1318451911 0.9759104848 0.1738263965 0.5564759970 -0.0722507462 0.8277162910
-161.8 -203.3 2376.1 -0.8842381239 -0.0841025040 -0.4594014585 -0.0283881444 0.9915123582 -0.1268754900 0.4661727548 -0.0991465971 -0.8791205287
-129.2 -588.2 2414.6 -0.8427495360 0.2831602395 -0.4578138590 0.1835741252 0.9506667256 0.2500667274 0.5060373545 0.1267008334 -0.8531547785
45.1 -228.8 2222.2 0 0 0 0 0 0 0 0 0
86.9 -382.2 2356.9 0 0 0 0 0 0 0 0 0
-249.5 -883.8 2223.7 0 0 0 0 0 0 0 0 0
-234.8 -942.7 2367.4 0 0 0 0 0 0 0 0 0
51.2 346.4 2345.4 1 0.5483616590 0.4500896931 -0.7047827840 -0.3281748295 0.8910135031 0.3136817515 0.7691558599 0.0592809319 0.6363057494
-37.1 171.6 2333.7 0.5483616590 0.4500896931 -0.7047827840 -0.3281748295 0.8910135031 0.3136817515 0.7691558599 0.0592809319 0.6363057494
-120.1 -3.5 2322.8 0.5563734770 0.4277275205 -0.7123887539 -0.3118086457 0.9021558762 0.2981445491 0.7702103257 0.0562492646 0.6353046894
-113.0 214.2 2228.6 0.1189006045 0.5081129074 -0.8530439138 0.9466964006 0.2010320276 0.2516983449 0.2993803322 -0.8375006914 -0.4571258426
-145.0 -40.5 2148.1 -0.6936373115 0.5081129074 -0.5105766654 0.6719425321 0.2010320276 -0.7127968073 -0.2595390379 -0.8375006914 -0.4808660150
38.8 129.0 2438.9 0.0359307341 0.9674283862 -0.2505819499 -0.9980491400 0.0475481898 0.0404611230 0.0510579571 0.2486393005 0.9672495127
48.7 -146.4 2453.0 0.1552010328 0.9639532566 -0.2161174119 -0.9317305684 0.0701275840 -0.3563148379 -0.3283150494 0.2566636205 0.9090285897
-257.5 -147.6 2244.3 0.8338256478 -0.2173316181 -0.5074462891 0.1214088574 0.9689310789 -0.2154819816 0.5385115147 0.1180659309 0.8343055844
-173.2 -523.7 2198.5 0.8078919649 0.2067026645 -0.5518918633 -0.1395014524 0.9769326448 0.1616847366 0.5725818276 -0.0536340848 0.8180913329
-153.5 -205.2 2378.2 -0.8996204138 -0.0641613603 -0.4319333732 -0.0270892996 0.9954414368 -0.0914464965 0.4358317256 -0.0705663636 -0.8972575665
-128.6 -591.4 2405.5 -0.8536933064 0.2919423878 -0.4312509298 0.2186877877 0.9525077939 0.2119069993 0.4726344943 0.0865942836 -0.8769937754
48.6 -228.1 2220.5 0 0 0 0 0 0 0 0 0
88.1 -382.8 2369.6 0 0 0 0 0 0 0 0 0
-250.3 -888.2 2218.5 0 0 0 0 0 0 0 0 0
-237.4 -946.5 2373.3 0 0 0 0 0 0 0 0 0
49.9 347.3 2349.2 2 0.5420644283 0.4447995126 -0.7129653096 -0.3327506483 0.8926920891 0.3039372265 0.7716496587 0.0724861324 0.6319039464
-37.3 172.3 2335.0 0.5420644283 0.4447995126 -0.7129653096 -0.3327506483 0.8926920891 0.3039372265 0.7716496587 0.0724861324 0.6319039464
-119.9 -3.0 2323.5 0.5526337028 0.4255777895 -0.7165748477 -0.3109450340 0.9029986858 0.2964903116 0.7732458711 0.0589648634 0.6313588023
-112.8 214.8 2229.4 0.1135616228 0.5206025839 -0.8462131619 0.9469884634 0.2009146810 0.2506912649 0.3005271852 -0.8298230171 -0.4701884687
-143.5 -42.0 2147.9 -0.6853213310 0.5206025839 -0.5092225671 0.6780045033 0.2009146810 -0.7070665956 -0.2657904327 -0.8298230171 -0.4906620383
38.2 129.8 2440.6 0.0336815752 0.9496768713 -0.3114151955 -0.9975576997 0.0510218665 0.0477015041 0.0611899979 0.3090479374 0.9490759373
47.5 -146.3 2457.5 0.1919059604 0.9496768713 -0.2475600392 -0.8745612502 0.0510218665 -0.4822233617 -0.4453253746 0.3090479374 0.8403419852
-252.9 -150.7 2243.0 0.8328852057 -0.2059943229 -0.5136813521 0.1121221930 0.9717081189 -0.2078748643 0.5419693589 0.1155408323 0.8324178457
-172.9 -527.9 2198.1 0.8076336980 0.2038411051 -0.5533322692 -0.1448900849 0.9781839252 0.1488725394 0.5716071129 -0.0400621109 0.8195488453
-153.3 -206.5 2380.9 -0.9020333290 -0.0648613498 -0.4267656505 -0.0287981573 0.9954864979 -0.0904283226 0.4307047725 -0.0692792907 -0.8998298645
-128.1 -592.9 2407.8 -0.8554242849 0.2943948507 -0.4261232018 0.2183094919 0.9510364532 0.2187935114 0.4696703851 0.0941345394 -0.8778088689
47.8 -231.3 2222.1 0 0 0 0 0 0 0 0 0
71.7 -256.6 2401.3 0 0 0 0 0 0 0 0 0
-249.0 -892.9 2213.1 0 0 0 0 0 0 0 0 0
-238.0 -947.7 2372.6 0 0 0 0 0 0 0 0 0
48.0 348.4 2357.1 3 0.5030970573 0.4364669323 -0.7459155321 -0.3266691864 0.8951054811 0.3034360111 0.8001128435 0.0910098478 0.5929052234
-37.5 173.2 2339.3 0.5030970573 0.4364669323 -0.7459155321 -0.3266691864 0.8951054811 0.3034360111 0.8001128435 0.0910098478 0.5929052234
-118.8 -2.5 2325.0 0.5141168237 0.4194695354 -0.7481505275 -0.3034964502 0.9047909379 0.2987361252 0.8022305369 0.0734757781 0.5924757123
-107.6 214.6 2229.8 0.1164487302 0.5139997602 -0.8498493433 0.9466696978 0.2013856471 0.2515159547 0.3004266024 -0.8338153958 -0.4631369114
-138.9 -39.8 2149.0 -0.6821088791 0.5139997602 -0.5201265812 0.6853672266 0.2013856471 -0.6997967958 -0.2549493313 -0.8338153958 -0.4896455407
32.7 131.7 2448.7 0.0789821893 0.9334853292 -0.3498099446 -0.9935895801 0.0452457368 -0.1035981104 -0.0808799043 0.3557499051 0.9310748577
56.1 -162.5 2424.7 0.1622864455 0.9424082041 -0.2924549282 -0.8783171177 0.0028916604 -0.4780696929 -0.4496911168 0.3344523907 0.8282025456
-252.0 -150.4 2242.8 0.8084638715 -0.2053374201 -0.5515638590 0.0998340920 0.9714287519 -0.2153121829 0.5800166130 0.1190072522 0.8058647513
-172.3 -527.5 2196.6 0.7827209234 0.2028583288 -0.5883846283 -0.1330924779 0.9780769944 0.1601618677 0.6079756021 -0.0470524728 0.7925602198
-153.0 -206.1 2381.3 -0.9214025140 -0.0659372285 -0.3829748333 -0.0436199978 0.9968206286 -0.0666780472 0.3861537874 -0.0447319560 -0.9213491678
-127.4 -593.0 2398.7 -0.8716458678 0.2994751632 -0.3880052269 0.2569100559 0.9533223510 0.1586622298 0.4174094498 0.0386148356 -0.9078977108
51.6 -231.2 2220.2 0 0 0 0 0 0 0 0 0
86.9 -329.3 2339.3 0 0 0 0 0 0 0 0 0
-248.0 -892.6 2214.2 0 0 0 0 0 0 0 0 0
-239.0 -948.2 2384.3 0 0 0 0 0 0 0 0 0
50.0 347.8 2348.5 4 0.5441169143 0.4421195090 -0.7130687833 -0.3261172473 0.8945121765 0.3057703972 0.7730357647 0.0661691874 0.6309019923
-36.7 172.4 2335.5 0.5441169143 0.4421195090 -0.7130687833 -0.3261172473 0.8945121765 0.3057703972 0.7730357647 0.0661691874 0.6309019923
-118.6 -3.3 2325.3 0.5546722412 0.4223678708 -0.7168989182 -0.3041467965 0.9048817754 0.2977981567 0.7744891047 0.0528621301 0.6303746104
-112.4 214.0 2229.9 0.0790112540 0.5008651018 -0.8619114757 0.9518623948 0.2189682126 0.2145016044 0.2961675823 -0.8373691440 -0.4594537318
-133.6 -41.9 2150.4 -0.6833443642 0.5008651018 -0.5312011242 0.6938092709 0.2189682126 -0.6860623956 -0.2273085713 -0.8373691440 -0.4971355796
38.9 130.9 2441.1 0.0663228631 0.9834075570 -0.1688516438 -0.9977859855 0.0662028864 -0.0063464432 0.0049373256 0.1688987166 0.9856210351
57.7 -152.4 2442.5 0.1459854692 0.9834075570 -0.1076932773 -0.8415039182 0.0662028864 -0.5361794233 -0.5201532841 0.1688987166 0.8372059464
-246.1 -150.9 2239.0 0.8368273377 -0.1901246160 -0.5133932829 0.1009017676 0.9752583504 -0.1966976672 0.5380881429 0.1127996966 0.8353067636
-172.3 -529.5 2195.3 0.8119972348 0.2023378909 -0.5474668145 -0.1393350959 0.9780672789 0.1548228264 0.5667859316 -0.0494343601 0.8223806620
-154.2 -205.3 2382.6 -0.8997077346 -0.0783911273 -0.4293959141 -0.0535293296 0.9961310625 -0.0696957931 0.4331981540 -0.0397205651 -0.9004230499
-123.7 -591.9 2398.0 -0.8453311324 0.3086615205 -0.4360543191 0.2674682140 0.9510667920 0.1547020972 0.4624673724 0.0141438311 -0.8865234852
57.1 -235.5 2213.8 0 0 0 0 0 0 0 0 0
90.0 -338.6 2327.4 0 0 0 0 0 0 0 0 0
-247.9 -894.6 2213.7 0 0 0 0 0 0 0 0 0
-238.8 -946.5 2392.7 0 0 0 0 0 0 0 0 0
48.6 348.9 2342.7 5 0.5379067063 0.4253269136 -0.7278416157 -0.2893461585 0.9040907025 0.3144817352 0.7917923927 0.0414363295 0.6093831658
-35.1 170.9 2334.6 0.5379067063 0.4253269136 -0.7278416157 -0.2893461585 0.9040907025 0.3144817352 0.7917923927 0.0414363295 0.6093831658
-113.2 -6.6 2329.5 0.5492417216 0.4025359452 -0.7323239446 -0.2644390166 0.9150251746 0.3046323955 0.7927203178 0.0263381973 0.6090162396
-110.0 207.0 2226.5 0.0735650808 0.4826484919 -0.8727191091 0.9556269646 0.2161789238 0.2001093030 0.2852459252 -0.8487149477 -0.4453287125
-129.2 -42.6 2152.0 -0.6884152889 0.4826484919 -0.5414192677 0.6927038431 0.2161789238 -0.6880610585 -0.2150481939 -0.8487149477 -0.4831533432
39.8 134.8 2442.7 0.0501255691 0.9711692333 -0.2330617011 -0.9986978173 0.0509577692 -0.0024529116 0.0094941119 0.2328811586 0.9724588394
52.9 -126.4 2445.2 0.1906202286 0.9711692333 -0.1431581527 -0.7526327968 0.0509577692 -0.6564657092 -0.6302442551 0.2328811586 0.7406473756
-250.0 -151.7 2245.8 0.8343932033 -0.2028449774 -0.5124860406 0.1003538817 0.9701844454 -0.2206156552 0.5419567227 0.1326502413 0.8298715353
-171.3 -528.2 2194.4 0.8089652658 0.2046391517 -0.5510880351 -0.1320805848 0.9767572880 0.1688190997 0.5728262663 -0.0637807474 0.8171915412
-150.8 -206.2 2384.3 -0.9063462019 -0.0412539206 -0.4205172062 -0.0350314341 0.9991325736 -0.0225140154 0.4210812151 -0.0056741703 -0.9070051908
-134.8 -593.5 2386.5 -0.8734661937 0.2420900911 -0.4224324524 0.2427969277 0.9686242938 0.0530722104 0.4220265746 -0.0562085211 -0.9048392773
62.9 -235.9 2212.0 0 0 0 0 0 0 0 0 0
97.7 -303.5 2296.9 0 0 0 0 0 0 0 0 0
-247.7 -892.8 2218.2 0 0 0 0 0 0 0 0 0
-224.7 -953.1 2407.4 0 0 0 0 0 0 0 0 0
41.6 344.7 2340.4 6 0.5283834934 0.4158405066 -0.7401942611 -0.2692605853 0.9089069963 0.3184130490 0.8051767349 0.0310609452 0.5922209024
-40.4 165.5 2334.2 0.5283834934 0.4158405066 -0.7401942611 -0.2692605853 0.9089069963 0.3184130490 0.8051767349 0.0310609452 0.5922209024
-116.5 -12.9 2331.6 0.5403828621 0.3917870522 -0.7446403503 -0.2420881540 0.9199547172 0.3083449304 0.8058409691 0.0136442827 0.5919747949
-114.1 198.6 2224.3 0.0234549027 0.4969265759 -0.8674755692 0.9600001574 0.2309768349 0.1582698673 0.2790152729 -0.8364889026 -0.4716320634
-120.1 -46.8 2153.0 -0.6631022692 0.4969265759 -0.5597850680 0.7228654027 0.2309768349 -0.6512413025 -0.1943217516 -0.8364889026 -0.5123723149
33.3 132.5 2444.2 0.0796757713 0.9722173810 -0.2201025635 -0.9967550039 0.0802413374 -0.0063842861 0.0114544099 0.2198970020 0.9754558206
53.1 -115.1 2447.0 0.2189608514 0.9722173810 -0.0827617571 -0.6438853145 0.0802413374 -0.7609027624 -0.7331219912 0.2198970020 0.6435661912
-240.4 -160.4 2253.6 0.8364843130 -0.1690362543 -0.5212683678 0.0632822514 0.9746685624 -0.2145146877 0.5443246365 0.1464511454 0.8259919882
-174.8 -538.5 2196.8 0.8126718402 0.2016746700 -0.5467099547 -0.1320933551 0.9775347710 0.1642469615 0.5675524473 -0.0612621307 0.8210548759
-142.2 -207.8 2395.4 -0.9126236439 -0.0253500678 -0.4080140591 -0.0217697732 0.9996730089 -0.0134166181 0.4082207680 -0.0033619490 -0.9128770232
-132.4 -595.5 2396.7 -0.8725336790 0.2700959742 -0.4071033895 0.2329386175 0.9624626637 0.1393024772 0.4294468760 0.0267159995 -0.9026968479
64.8 -248.4 2207.2 0 0 0 0 0 0 0 0 0
106.1 -270.9 2269.6 0 0 0 0 0 0 0 0 0
-250.1 -903.4 2219.7 0 0 0 0 0 0 0 0 0
-232.5 -952.5 2386.8 0 0 0 0 0 0 0 0 0
40.9 351.0 2338.7 7 0.5379492044 0.4089623988 -0.7371298671 -0.2536431253 0.9124404192 0.3211193979 0.8039128184 0.0142219970 0.5945770741
-39.9 170.6 2335.8 0.5379492044 0.4089623988 -0.7371298671 -0.2536431253 0.9124404192 0.3211193979 0.8039128184 0.0142219970 0.5945770741
-114.9 -8.4 2335.7 0.5481721163 0.3859447837 -0.7419932485 -0.2300445735 0.9225215316 0.3098927736 0.8041062355 0.0008169542 0.5944850445
-114.8 202.0 2226.1 -0.0117628463 0.4866431653 -0.8735216260 0.9630136490 0.2406941205 0.1211239249 0.2691956460 -0.8397884965 -0.4714752734
-111.6 -55.5 2154.1 -0.6668996811 0.4866431653 -0.5642899871 0.7232904434 0.2406941205 -0.6472381949 -0.1791527569 -0.8397884965 -0.5125032067
34.9 139.2 2445.6 0.0587504134 0.9611135125 -0.2698318660 -0.9965326786 0.0724173337 0.0409683734 0.0589157604 0.2664893568 0.9620355368
49.8 -114.5 2460.6 0.2650381029 0.9611135125 -0.0775606111 -0.5129246712 0.0724173337 -0.8553736210 -0.8164944053 0.2664893568 0.5121721625
-240.8 -169.7 2257.0 0.8435143828 -0.1587117165 -0.5131218433 0.0553261749 0.9759377837 -0.2109134942 0.5342494249 0.1495195031 0.8319984674
-179.3 -548.5 2198.9 0.8224110603 0.1921340376 -0.5354666710 -0.1217185929 0.9788734317 0.1642906964 0.5557199717 -0.0699382275 0.8284226060
-144.2 -213.1 2401.2 -0.9090563655 -0.0286047850 -0.4156901836 -0.0302052516 0.9995399714 -0.0027264333 0.4155769646 0.0100775445 -0.9095022082
-133.1 -601.0 2397.3 -0.8659856915 0.2784525156 -0.4153708518 0.2394129783 0.9601066709 0.1444875300 0.4390332401 0.0256789643 -0.8981037736
74.5 -257.3 2204.1 0 0 0 0 0 0 0 0 0
114.7 -240.1 2260.7 0 0 0 0 0 0 0 0 0
-251.0 -913.8 2225.0 0 0 0 0 0 0 0 0 0
-236.7 -958.2 2387.7 0 0 0 0 0 0 0 0 0
40.5 351.1 2340.8 8 0.5495191216 0.4056074321 -0.7304186225 -0.2625241578 0.9137959480 0.3099323511 0.7931644320 0.0214387942 0.6086300611
-39.4 171.2 2336.6 0.5495191216 0.4056074321 -0.7304186225 -0.2625241578 0.9137959480 0.3099323511 0.7931644320 0.0214387942 0.6086300611
-114.5 -7.8 2335.0 0.5586123466 0.3867819905 -0.7337247133 -0.2414554954 0.9221337438 0.3022723794 0.7935057878 0.0083087804 0.6085059643
-115.6 204.1 2228.2 -0.0224073306 0.4711079299 -0.8817909360 0.9616309404 0.2513852715 0.1098695993 0.2734296918 -0.8454955816 -0.4586648345
-109.6 -55.4 2154.4 -0.7106769681 0.4711079299 -0.5224897265 0.6759501696 0.2513852715 -0.6927458644 -0.1950118244 -0.8454955816 -0.4970991910
36.9 138.2 2444.9 0.0545571819 0.9768127799 -0.2070271820 -0.9958010912 0.0684907511 0.0607386045 0.0735096931 0.2028441727 0.9764479399
50.5 -110.5 2463.3 0.2129343301 0.9768127799 -0.0222645868 -0.4093247056 0.0684907511 -0.9098144174 -0.8871934414 0.2028441727 0.4144176543
-238.8 -166.9 2263.6 0.8506936431 -0.1471245885 -0.5046530366 0.0467781872 0.9774128199 -0.2060971409 0.5235762596 0.1517187655 0.8383610845
-181.7 -546.2 2204.7 0.8328505754 0.1750311255 -0.5250942707 -0.1299468577 0.9840002060 0.1218911409 0.5380276442 -0.0332827568 0.8422698975
-140.7 -208.1 2407.6 -0.9039056897 -0.0184505824 -0.4273337126 -0.0163502544 0.9998294711 -0.0085842675 0.4274192154 -0.0007723533 -0.9040532112
-133.5 -596.1 2407.9 -0.8639959097 0.2767897248 -0.4205929935 0.2010672837 0.9555159807 0.2157803476 0.4616091251 0.1018658578 -0.8812152743
88.3 -243.7 2208.8 0 0 0 0 0 0 0 0 0
103.7 -212.7 2241.9 0 0 0 0 0 0 0 0 0
-247.0 -913.2 2217.1 0 0 0 0 0 0 0 0 0
-236.4 -951.2 2370.0 0 0 0 0 0 0 0 0 0
39.3 352.1 2346.4 9 0.5417293906 0.4030042291 -0.7376427650 -0.2777227759 0.9141005874 0.2954490185 0.7933469415 0.0448067896 0.6071186066
-40.2 171.8 2337.6 0.5417293906 0.4030042291 -0.7376427650 -0.2777227759 0.9141005874 0.2954490185 0.7933469415 0.0448067896 0.6071186066
-114.5 -7.4 2332.1 0.5522665977 0.3828261495 -0.7405712008 -0.2530837953 0.9233947396 0.2886014283 0.7943237424 0.0280416440 0.6068471670
-115.6 206.4 2229.1 -0.0164298601 0.4638896286 -0.8857406378 0.9604572058 0.2535737157 0.1149885505 0.2779425383 -0.8488267064 -0.4497123063
-111.1 -56.2 2153.1 -0.7436274290 0.4638896286 -0.4814817309 0.6322165132 0.2535737157 -0.7321220040 -0.2175326943 -0.8488267064 -0.4818430543
35.2 137.2 2446.0 0.0581479669 0.9822508097 -0.1783315688 -0.9964077473 0.0681203306 0.0503117181 0.0615667328 0.1747654229 0.9826833606
49.6 -109.1 2461.3 0.1875621974 0.9822508097 0.0019369393 -0.3470822871 0.0681203306 -0.9353573918 -0.9188875556 0.1747654229 0.3536986709
-239.6 -165.1 2262.3 0.8442062736 -0.1462865919 -0.5156704187 0.0502456725 0.9793995619 -0.1955809295 0.5336582661 0.1392004490 0.8341655135
-182.8 -545.3 2208.3 0.8255705833 0.1776180714 -0.5356165171 -0.1353475004 0.9837917089 0.1176219732 0.5478268862 -0.0246108752 0.8362296224
-139.5 -208.4 2404.5 -0.9083539844 -0.0138974786 -0.4179711938 0.0062376591 0.9988862872 -0.0467687808 0.4181556702 -0.0450897701 -0.9072556496
-134.1 -595.7 2421.9 -0.8752714992 0.2697504163 -0.4014156759 0.1696701795 0.9485180378 0.2674426436 0.4528927803 0.1659766436 -0.8759793639
95.9 -232.2 2213.7 0 0 0 0 0 0 0 0 0
97.9 -198.4 2224.9 0 0 0 0 0 0 0 0 0
-249.1 -912.4 2217.5 0 0 0 0 0 0 0 0 0
-234.4 -948.3 2360.2 0 0 0 0 0 0 0 0 0
39.7 352.9 2349.2 0 0.5379581451 0.4146231711 -0.7339541316 -0.2927026451 0.9083785415 0.2986195087 0.7905227542 0.0541855246 0.6100309491
-42.3 173.3 2338.5 0.5379581451 0.4146231711 -0.7339541316 -0.2927026451 0.9083785415 0.2986195087 0.7905227542 0.0541855246 0.6100309491
-118.9 -4.9 2330.7 0.5479169488 0.3946831226 -0.7375718355 -0.2702291310 0.9179388881 0.2904555500 0.7916837931 0.0401678905 0.6096091270
-117.1 210.2 2230.3 -0.0135596264 0.4808042049 -0.8767231107 0.9588866234 0.2548188567 0.1249149591 0.2834652364 -0.8389843106 -0.4644919634
-113.4 -54.1 2152.2 -0.7440544963 0.4808042049 -0.4639075994 0.6248103380 0.2548188567 -0.7380239964 -0.2366326302 -0.8389843106 -0.4900105596
32.6 136.3 2446.6 0.0694624335 0.9845526814 -0.1607202142 -0.9961988926 0.0769484714 0.0408251174 0.0525616556 0.1572734863 0.9861553311
49.4 -104.3 2459.3 0.1740366817 0.9845526814 0.0191637650 -0.3317794502 0.0769484714 -0.9402134418 -0.9271643162 0.1572734863 0.3400461972
-238.3 -163.9 2255.6 0.8397214413 -0.1422364712 -0.5240579247 0.0636404976 0.9842122793 -0.1651546210 0.5392752290 0.1053325683 0.8355161548
-183.1 -545.8 2214.7 0.8196879625 0.1823947877 -0.5429951549 -0.1476331204 0.9831938744 0.1073975563 0.5534582734 -0.0078684166 0.8328397274
-139.3 -209.3 2397.8 -0.9087759256 -0.0099474955 -0.4171658754 0.0190139636 0.9976903200 -0.0652113557 0.4168510437 -0.0671944842 -0.9064877629
-135.5 -596.3 2423.9 -0.8798474073 0.2614572048 -0.3968736231 0.1607388556 0.9495702386 0.2692199647 0.4472488761 0.1730794907 -0.8775032163
94.1 -228.2 2218.2 0 0 0 0 0 0 0 0 0
94.9 -191.2 2216.5 0 0 0 0 0 0 0 0 0
-251.1 -912.7 2217.6 0 0 0 0 0 0 0 0 0
-232.8 -950.0 2359.4 0 0 0 0 0 0 0 0 0
39.2 352.8 2350.6 1 0.5544275641 0.4158474505 -0.7208889723 -0.3053209186 0.9074484110 0.2886460721 0.7742022872 0.0600691438 0.6300813556
-42.7 174.2 2338.7 0.5544275641 0.4158474505 -0.7208889723 -0.3053209186 0.9074484110 0.2886460721 0.7742022872 0.0600691438 0.6300813556
-119.7 -3.7 2329.9 0.5643798709 0.3971051872 -0.7237284184 -0.2829901576 0.9166446328 0.2822749317 0.7754946351 0.0454977490 0.6297126412
-119.7 212.8 2232.9 -0.0048740245 0.5026598573 -0.8644705415 0.9548223615 0.2592118680 0.1453393400 0.2971372604 -0.8247073889 -0.4812142551
-118.4 -50.5 2150.9 -0.7463682890 0.5026598573 -0.4361965060 0.6114848256 0.2592118680 -0.7475931048 -0.2627177536 -0.8247073889 -0.5008364320
34.4 135.5 2444.6 0.0652219430 0.9861845970 -0.1522695869 -0.9960814118 0.0734768286 0.0492242649 0.0597325005 0.1484623998 0.9871124029
49.9 -101.0 2458.8 0.1644543707 0.9861845970 0.0198667720 -0.3267930448 0.0734768286 -0.9422353506 -0.9306777716 0.1484623998 0.3343618512
-244.5 -158.8 2252.0 0.8471437693 -0.1545854658 -0.5083805323 0.0819516852 0.9833095670 -0.1624383777 0.5250060558 0.0959460139 0.8456730843
-184.5 -540.4 2214.8 0.8306134939 0.1676299721 -0.5310192108 -0.1382259130 0.9858346581 0.0949930251 0.5394207835 -0.0055018738 0.8420183659
-146.4 -207.2 2393.8 -0.8994666934 -0.0218093824 -0.4364447594 0.0095348358 0.9975365400 -0.0694977343 0.4368852973 -0.0666723251 -0.8970429301
-137.9 -594.3 2419.7 -0.8730394840 0.2486582994 -0.4194891751 0.1462233663 0.9541302919 0.2612549961 0.4652105272 0.1667467952 -0.8693529963
89.8 -221.0 2224.2 0 0 0 0 0 0 0 0 0
93.5 -187.6 2212.2 0 0 0 0 0 0 0 0 0
-247.1 -908.3 2216.8 0 0 0 0 0 0 0 0 0
-230.6 -950.1 2357.5 0 0 0 0 0 0 0 0 0
41.8 357.6 2365.8 2 0.4764554203 0.4180542231 -0.7734473944 -0.3120782673 0.9028497934 0.2957522571 0.8219473362 0.1004633531 0.5606333613
-41.1 178.7 2345.9 0.4764554203 0.4180542231 -0.7734473944 -0.3120782673 0.9028497934 0.2957522571 0.8219473362 0.1004633531 0.5606333613
-118.6 1.5 2331.1 0.4893731475 0.4008454382 -0.7744913697 -0.2834342420 0.9129948020 0.2934373915 0.8247296214 0.0759169832 0.5604084730
-107.6 217.4 2233.7 0.0705081671 0.4952883720 -0.8658626080 0.9515184164 0.2271409929 0.2074117959 0.2994015515 -0.8385084271 -0.4552607238
-127.2 -46.4 2150.7 -0.7479404211 0.4952883720 -0.4418987632 0.6024721861 0.2271409929 -0.7651367784 -0.2785900235 -0.8385084271 -0.4682853818
25.5 140.1 2458.0 0.1052222475 0.9859113097 -0.1300275475 -0.9944291711 0.1034971848 -0.0199729521 -0.0062340745 0.1314047873 0.9913091660
50.5 -96.5 2456.6 0.1590359509 0.9859113097 0.0518309660 -0.3365766704 0.1034971848 -0.9359511137 -0.9281291366 0.1314047873 0.3482945263
-247.4 -156.3 2251.7 0.7981837988 -0.1595469266 -0.5809022188 0.0713728964 0.9825446606 -0.1717901677 0.5981709957 0.0956594497 0.7956385612
-185.4 -537.7 2214.5 0.7802405357 0.1689329892 -0.6022344232 -0.1216775775 0.9854365587 0.1187826023 0.6135301590 -0.0194005817 0.7894329429
-146.3 -207.0 2390.6 -0.9349795580 0.0017368101 -0.3546973169 0.0228827447 0.9982002974 -0.0554309636 0.3539626896 -0.0599432662 -0.9333366156
-147.0 -594.3 2413.8 -0.9153983593 0.2074644715 -0.3449699879 0.1550393254 0.9725558162 0.1734876633 0.3714950979 0.1053264141 -0.9224411845
81.5 -214.5 2228.4 0 0 0 0 0 0 0 0 0
92.8 -185.8 2210.1 0 0 0 0 0 0 0 0 0
-248.5 -905.5 2221.8 0 0 0 0 0 0 0 0 0
-224.1 -956.1 2374.6 0 0 0 0 0 0 0 0 0
38.4 354.0 2374.4 3 0.4558913112 0.4122630954 -0.7887979746 -0.3235049248 0.9023926854 0.2846611142 0.8291608095 0.1254055053 0.5447621346
-43.0 175.7 2349.6 0.4558913112 0.4122630954 -0.7887979746 -0.3235049248 0.9023926854 0.2846611142 0.8291608095 0.1254055053 0.5447621346
-119.0 -1.5 2328.8 0.4669900239 0.3928068876 -0.7922266722 -0.2984729409 0.9133590460 0.2769281268 0.8323666453 0.1071355492 0.5437717438
-106.7 216.5 2236.2 0.1158884093 0.4857657552 -0.8663725853 0.9417223930 0.2235883325 0.2513309717 0.3157987893 -0.8450087905 -0.4315451980
-138.2 -40.1 2150.1 -0.7469358444 0.4857657552 -0.4540027082 0.6083022356 0.2235883325 -0.7615619898 -0.2684310377 -0.8450087905 -0.4624985456
20.6 135.0 2463.0 0.1401212811 0.9831166267 -0.1176763549 -0.9898248911 0.1420558542 0.0081744194 0.0247530229 0.1153335720 0.9930183291
51.7 -84.5 2468.5 0.1637771577 0.9831166267 0.0816011131 -0.4020511508 0.1420558542 -0.9045302868 -0.9008506536 0.1153335720 0.4185286760
-239.8 -150.4 2242.8 0.7794759870 -0.1427434683 -0.6099520326 0.0664158687 0.9870355725 -0.1461152881 0.6229013801 0.0733828694 0.7788509727
-184.4 -533.4 2214.3 0.7598816752 0.1772728115 -0.6254231930 -0.1151221544 0.9835892916 0.1389210075 0.6397864223 -0.0335634649 0.7678195238
-152.5 -201.1 2389.9 -0.9449805617 -0.0000791093 -0.3271265030 0.0117153991 0.9993503094 -0.0340843126 0.3269166648 -0.0360414311 -0.9443656802
-152.5 -588.9 2403.9 -0.9314681292 0.1671241224 -0.3231665492 0.1342659444 0.9834570289 0.1215934828 0.3381416202 0.0698701963 -0.9384979606
70.2 -209.9 2225.1 0 0 0 0 0 0 0 0 0
93.6 -187.4 2238.1 0 0 0 0 0 0 0 0 0
-250.6 -900.5 2226.8 0 0 0 0 0 0 0 0 0
-214.7 -954.8 2377.9 0 0 0 0 0 0 0 0 0
32.5 355.3 2370.7 4 0.4654842019 0.4077846110 -0.7855165005 -0.3108373880 0.9063183069 0.2862992287 0.8286764026 0.1109001264 0.5486315489
-47.6 177.3 2348.9 0.4654842019 0.4077846110 -0.7855165005 -0.3108373880 0.9063183069 0.2862992287 0.8286764026 0.1109001264 0.5486315489
-122.6 -0.7 2330.4 0.4756642580 0.3873230219 -0.7897621989 -0.2874929607 0.9169845581 0.2765631080 0.8313190341 0.0954998955 0.5475294590
-112.5 216.6 2235.5 0.1427419633 0.4743059576 -0.8687108755 0.9360499382 0.2205082774 0.2742016912 0.3216134310 -0.8522968888 -0.4124982953
-150.4 -32.3 2150.0 -0.7348318100 0.4743059576 -0.4848258495 0.6323212981 0.2205082774 -0.7426613569 -0.2453405857 -0.8522968888 -0.4619502425
17.3 138.0 2462.3 0.1520072967 0.9757802486 -0.1573109329 -0.9883315563 0.1484971941 -0.0339008905 -0.0097195841 0.1606285572 0.9869670868
52.4 -90.2 2460.1 0.2131332159 0.9757802486 0.0492664650 -0.4800024927 0.1484971941 -0.8646075130 -0.8509828448 0.1606285572 0.5000266433
