252.8 370.1 2488.5 6 0.4839493036 0.7085564137 -0.5135571361 -0.3426223993 0.6934263706 0.6338531375 0.8052347302 -0.1307966113 0.5783504844
112.2 232.5 2514.5 0.4839493036 0.7085564137 -0.5135571361 -0.3426223993 0.6934263706 0.6338531375 0.8052347302 -0.1307966113 0.5783504844
-24.4 90.5 2540.6 0.4963786304 0.6872458458 -0.5303785801 -0.3300851882 0.7144898772 0.6168857217 0.8029022217 -0.1311387569 0.5815072060
42.3 278.9 2401.6 0.1903994083 0.2818919420 -0.9403643012 0.9374839664 0.2320498973 0.2593775392 0.2913278639 -0.9309617281 -0.2200869918
-6.1 40.5 2327.5 -0.6920632124 0.2818919420 -0.6645189524 0.7212221622 0.2320498973 -0.6526801586 -0.0297837257 -0.9309617281 -0.3638999164
182.0 186.0 2627.4 0.0976569355 0.9856333137 -0.1378044635 -0.7423987389 0.1643634588 0.6494835019 0.6628025770 0.0388792977 0.7477841377
215.7 -70.0 2856.0 0.0360403173 0.9856333137 0.1650092155 0.0202207230 0.1643634588 -0.9861925840 -0.9991457462 0.0388792977 -0.0140065067
-204.3 -28.4 2485.2 0.5906189084 -0.0015933566 -0.8069490194 0.0149826873 0.9998472929 0.0089918263 0.8068115115 -0.0174010079 0.5905526280
-203.7 -425.9 2492.1 0.5857042074 0.0771882758 -0.8068410754 -0.0933665484 0.9952536821 0.0274363030 0.8051293492 0.0592624098 0.5901311040
-114.5 -90.5 2632.4 0.2599106729 -0.2024613619 -0.9441694021 0.0318019539 0.9790371656 -0.2011837363 0.9651088715 0.0222633667 0.2609008551
-34.1 -479.7 2623.6 0.2573313117 0.0483172014 -0.9651145339 -0.0326363444 0.9986139536 0.0412923805 0.9657719731 0.0208719876 0.2585515380
173.4 -146.5 2335.3 0 0 0 0 0 0 0 0 0
225.4 -64.6 2587.6 0 0 0 0 0 0 0 0 0
-229.1 -752.8 2472.7 0 0 0 0 0 0 0 0 0
-46.0 -727.1 2618.4 0 0 0 0 0 0 0 0 0
255.1 367.7 2483.7 7 0.4976715147 0.7044445276 -0.5060443878 -0.3396017253 0.6951027513 0.6336424947 0.7981188893 -0.1434922665 0.5851634145
114.4 228.9 2512.3 0.4976715147 0.7044445276 -0.5060443878 -0.3396017253 0.6951027513 0.6336424947 0.7981188893 -0.1434922665 0.5851634145
-20.9 86.1 2540.7 0.5109573603 0.6806986332 -0.5249494910 -0.3260427117 0.7185205817 0.6143487096 0.7953733206 -0.1427500397 0.5890702009
42.5 274.8 2400.4 0.1765831113 0.2835616469 -0.9425556660 0.9437881112 0.2230789065 0.2439258248 0.2794322968 -0.9326460361 -0.2282301486
-1.4 39.9 2330.9 -0.6638799310 0.2835616469 -0.6919944286 0.7474837303 0.2230789065 -0.6257027388 -0.0230559390 -0.9326460361 -0.3600553274
186.3 183.0 2624.2 0.1126005724 0.9850937724 -0.1300438493 -0.7409811020 0.1704436243 0.6495351791 0.6620181799 0.0232219975 0.7491279244
225.1 -72.6 2852.6 0.0202696864 0.9850937724 0.1708198786 0.0190413389 0.1704436243 -0.9851834178 -0.9996132255 0.0232219975 -0.0153026655
-206.5 -21.1 2493.0 0.6032440066 -0.0128777754 -0.7974526882 0.0083601745 0.9999167919 -0.0098231267 0.7975128889 -0.0007411019 0.6033014655
-201.3 -418.6 2493.3 0.5980220437 0.0808826685 -0.7973880172 -0.0986913741 0.9947547913 0.0268862881 0.7953801751 0.0626167282 0.6028677225
-115.4 -81.7 2640.2 0.2767419219 -0.2190104723 -0.9356539845 0.0259442665 0.9750297666 -0.2205536067 0.9605939984 0.0367615707 0.2755136490
-28.4 -469.2 2625.6 0.2723768651 0.0709856898 -0.9595685601 -0.0452068113 0.9971176982 0.0609313399 0.9611280560 0.0267827492 0.2748008370
170.8 -154.0 2336.9 0 0 0 0 0 0 0 0 0
230.6 -67.5 2583.9 0 0 0 0 0 0 0 0 0
-228.4 -751.8 2472.3 0 0 0 0 0 0 0 0 0
-46.8 -727.8 2618.7 0 0 0 0 0 0 0 0 0
257.2 364.0 2489.2 8 0.4497311711 0.7045572400 -0.5489453077 -0.3068168759 0.6990735531 0.6458789110 0.8388118148 -0.1220461875 0.5305652618
117.6 225.5 2513.4 0.4497311711 0.7045572400 -0.5489453077 -0.3068168759 0.6990735531 0.6458789110 0.8388118148 -0.1220461875 0.5305652618
-18.1 82.6 2538.9 0.4642242491 0.6833431721 -0.5635050535 -0.2920116484 0.7187218666 0.6310055852 0.8361967802 -0.1283780634 0.5331922770
52.5 266.5 2396.0 0.1996154189 0.2440899163 -0.9489856362 0.9479520917 0.1970831454 0.2500900626 0.2480735332 -0.9495148063 -0.1920447201
3.9 35.7 2335.6 -0.6302895546 0.2440899163 -0.7369906306 0.7763596177 0.1970831454 -0.5986851454 -0.0008845896 -0.9495148063 -0.3137210011
182.7 184.5 2630.8 0.0763969645 0.9809601307 -0.1785516441 -0.7156574726 0.1786370724 0.6752208471 0.6942606568 0.0761969909 0.7156788111
209.1 -62.1 2870.0 0.0805776864 0.9809601307 0.1767043322 -0.0173862297 0.1786370724 -0.9837614298 -0.9965966940 0.0761969909 0.0314493589
-203.0 -26.8 2496.1 0.5545995831 -0.0050767623 -0.8321018815 -0.0041963072 0.9999516010 -0.0088976920 0.8321067691 0.0084264111 0.5545514226
-201.0 -424.3 2492.8 0.5492711067 0.0870183036 -0.8311011195 -0.0871193931 0.9951067567 0.0466132611 0.8310905099 0.0468017049 0.5541643500
-109.3 -86.6 2642.0 0.2313200533 -0.2031097710 -0.9514396787 0.0041422504 0.9781610370 -0.2078070641 0.9728688598 0.0441288427 0.2271096110
-28.5 -475.4 2624.4 0.2287586778 0.0692458600 -0.9710172415 -0.0353606194 0.9973996878 0.0627967790 0.9728407264 0.0199704617 0.2306124121
167.4 -165.7 2335.9 0 0 0 0 0 0 0 0 0
230.7 -66.7 2602.7 0 0 0 0 0 0 0 0 0
-230.1 -757.3 2477.1 0 0 0 0 0 0 0 0 0
-45.9 -725.3 2619.4 0 0 0 0 0 0 0 0 0
254.6 359.1 2492.0 9 0.4360534847 0.7046302557 -0.5597799420 -0.3147701025 0.7021633983 0.6386598349 0.8430759907 -0.1022878438 0.5279772878
115.7 220.6 2512.2 0.4360534847 0.7046302557 -0.5597799420 -0.3147701025 0.7021633983 0.6386598349 0.8430759907 -0.1022878438 0.5279772878
-20.6 77.7 2534.5 0.4514541030 0.6856835485 -0.5709879994 -0.2990258932 0.7191672325 0.6272017360 0.8406977654 -0.1124125794 0.5297081470
52.2 262.7 2394.0 0.1767125577 0.2064688057 -0.9623634219 0.9581275582 0.1877337843 0.2162118256 0.2253091186 -0.9602742791 -0.1646485478
8.9 27.7 2338.8 -0.6203447580 0.2064688057 -0.7566657066 0.7840765715 0.1877337843 -0.5915910006 0.0199066252 -0.9602742791 -0.2783470452
179.1 178.6 2630.3 0.0659820884 0.9797234535 -0.1891780049 -0.7209326625 0.1778842956 0.6697859764 0.6898568273 0.0921907201 0.7180517912
201.8 -70.0 2868.2 0.0954230279 0.9797234535 0.1761714965 -0.0096831340 0.1778842956 -0.9840037823 -0.9953896999 0.0921907201 0.0264610518
-196.4 -33.6 2487.9 0.5421146750 0.0088021699 -0.8402584195 0.0054278038 0.9998875856 0.0139762629 0.8402869701 -0.0121374950 0.5420059562
-199.9 -431.0 2492.7 0.5352575779 0.0944804996 -0.8393883109 -0.0967681035 0.9940411448 0.0501813553 0.8391276598 0.0543660671 0.5412107110
-111.4 -87.0 2640.9 0.2167932242 -0.1958425641 -0.9563714862 -0.0040685502 0.9794806838 -0.2014970630 0.9762090445 0.0475742444 0.2115479857
-33.6 -476.4 2622.0 0.2160378397 0.0506614260 -0.9750697613 -0.0194677413 0.9986779690 0.0475747287 0.9761908650 0.0087044630 0.2167384923
169.9 -175.9 2333.6 0 0 0 0 0 0 0 0 0
227.5 -72.6 2600.9 0 0 0 0 0 0 0 0 0
-230.4 -752.7 2475.1 0 0 0 0 0 0 0 0 0
-46.2 -726.0 2619.8 0 0 0 0 0 0 0 0 0
257.8 357.6 2493.4 0 0.4496763647 0.7109016776 -0.5407494307 -0.3355343342 0.6955202222 0.6353490353 0.8277728558 -0.1042614356 0.5512909293
117.3 220.1 2514.0 0.4496763647 0.7109016776 -0.5407494307 -0.3355343342 0.6955202222 0.6353490353 0.8277728558 -0.1042614356 0.5512909293
-20.1 78.3 2536.5 0.4650675952 0.6915085316 -0.5527459383 -0.3200707734 0.7134820819 0.6232960820 0.8253889084 -0.1129569933 0.5531490445
51.9 265.1 2398.0 0.1583760083 0.2268246412 -0.9609722495 0.9597922564 0.1930854470 0.2037567794 0.2317668200 -0.9546039104 -0.1871244311
11.9 22.8 2339.5 -0.6177763939 0.2268246412 -0.7529295683 0.7862585187 0.1930854470 -0.5869544744 0.0122440029 -0.9546039104 -0.2976264358
182.7 175.1 2630.0 0.0717474446 0.9833739400 -0.1668172032 -0.7345691323 0.1652343422 0.6581077576 0.6747299433 0.0753212124 0.7342112660
207.4 -78.3 2862.7 0.0749719813 0.9833739400 0.1653930992 0.0083584515 0.1652343422 -0.9862189293 -0.9971506000 0.0753212124 0.0041684615
-198.2 -37.9 2479.8 0.5596653819 0.0023658313 -0.8287153244 0.0234393328 0.9995506406 0.0186830740 0.8283871412 -0.0298808031 0.5593584180
-199.1 -435.2 2491.7 0.5524611473 0.0937452316 -0.8282502890 -0.0946187004 0.9942858815 0.0494251624 0.8281509280 0.0510624833 0.5581743717
-115.5 -92.7 2633.9 0.2280691564 -0.2048772871 -0.9518454671 0.0181376953 0.9783347845 -0.2062329948 0.9734759927 0.0297711026 0.2268439978
-34.0 -481.6 2622.0 0.2262870967 0.0480286889 -0.9728758335 -0.0229125749 0.9987697601 0.0439776368 0.9737911224 0.0123395184 0.2271091640
172.4 -181.4 2336.3 0 0 0 0 0 0 0 0 0
227.5 -76.0 2594.9 0 0 0 0 0 0 0 0 0
-229.2 -753.8 2475.3 0 0 0 0 0 0 0 0 0
-45.9 -728.1 2619.0 0 0 0 0 0 0 0 0 0
257.3 359.1 2496.1 1 0.4679806530 0.7094651461 -0.5269281864 -0.3722719550 0.6990256906 0.6105543971 0.8015034199 -0.0895670429 0.5912444592
116.5 220.4 2513.9 0.4679806530 0.7094651461 -0.5269281864 -0.3722719550 0.6990256906 0.6105543971 0.8015034199 -0.0895670429 0.5912444592
-20.4 77.6 2533.8 0.4858501852 0.6885349751 -0.5383950472 -0.3541562557 0.7182316184 0.5989295840 0.7990763187 -0.1003140584 0.5928019285
48.2 270.1 2401.6 0.1426246315 0.2394190878 -0.9603836536 0.9601796269 0.2020412087 0.1929622591 0.2402359098 -0.9496619701 -0.2010692805
11.8 24.7 2340.2 -0.6111323833 0.2394190878 -0.7544505596 0.7913992405 0.2020412087 -0.5769459009 0.0142982351 -0.9496619701 -0.3129500151
184.8 170.6 2626.1 0.0886465535 0.9850307107 -0.1478387564 -0.7622928619 0.1626253277 0.6264683604 0.6411328912 0.0571621731 0.7652980685
215.4 -92.1 2847.1 0.0495650992 0.9850307107 0.1650993973 0.0503983013 0.1626253277 -0.9853999019 -0.9974985123 0.0571621731 -0.0415833332
-200.2 -34.2 2483.3 0.5805536509 -0.0016917277 -0.8142202497 0.0174765103 0.9997933507 0.0103837680 0.8140344024 -0.0202580616 0.5804632902
-199.5 -431.7 2491.4 0.5736492276 0.0933335423 -0.8137661815 -0.0966519937 0.9942592382 0.0459018722 0.8133787513 0.0523205511 0.5793769360
-115.0 -92.9 2634.6 0.2435921878 -0.2080219537 -0.9473065734 0.0207399335 0.9776216745 -0.2093458325 0.9696559906 0.0313479342 0.2424553782
-32.3 -481.6 2622.1 0.2413277924 0.0552879386 -0.9688674808 -0.0246843323 0.9984024763 0.0508249067 0.9701296687 0.0116503835 0.2423070073
170.6 -181.0 2336.5 0 0 0 0 0 0 0 0 0
228.7 -78.6 2579.3 0 0 0 0 0 0 0 0 0
-229.7 -753.3 2474.4 0 0 0 0 0 0 0 0 0
-46.0 -730.6 2619.2 0 0 0 0 0 0 0 0 0
256.2 362.7 2495.9 2 0.4654679894 0.7083042264 -0.5307020545 -0.3640885651 0.6997724175 0.6146202683 0.8067088127 -0.0928635299 0.5836071372
116.1 224.2 2514.3 0.4654679894 0.7083042264 -0.5307020545 -0.3640885651 0.6997724175 0.6146202683 0.8067088127 -0.0928635299 0.5836071372
-20.6 81.3 2534.6 0.4823624492 0.6874935627 -0.5428435206 -0.3469164670 0.7189636230 0.6022791862 0.8043478131 -0.1021955088 0.5853039026
48.2 273.0 2401.2 0.1510203928 0.2406942546 -0.9587799907 0.9588564038 0.2001924217 0.2012891769 0.2403896451 -0.9497311711 -0.2005580962
9.9 29.7 2340.2 -0.6031231284 0.2406942546 -0.7604661584 0.7975022793 0.2001924217 -0.5691336393 0.0152523676 -0.9497311711 -0.3126949072
183.9 175.4 2627.4 0.0871450603 0.9843070507 -0.1534450203 -0.7570192218 0.1655566096 0.6320703626 0.6475551724 0.0610790104 0.7595667839
214.0 -85.7 2850.7 0.0547140390 0.9843070507 0.1677677184 0.0427418873 0.1655566096 -0.9852736592 -0.9975868464 0.0610790104 -0.0330128707
-201.8 -32.7 2480.5 0.5761572123 -0.0041849590 -0.8173282146 0.0296910182 0.9994340539 0.0158126224 0.8167994618 -0.0333778635 0.5759553313
-200.1 -430.0 2493.8 0.5695119500 0.0880453214 -0.8172540665 -0.1029819846 0.9940556288 0.0353286415 0.8155065179 0.0640423596 0.5751936436
-112.7 -97.5 2626.9 0.2347138077 -0.2039278597 -0.9504329562 0.0460807942 0.9789817929 -0.1986735165 0.9709716439 0.0028347094 0.2391777039
-31.7 -486.6 2625.8 0.2310626656 0.0527964570 -0.9715053439 -0.0388993658 0.9982295036 0.0449969657 0.9721609354 0.0273938216 0.2327073216
166.7 -177.6 2336.3 0 0 0 0 0 0 0 0 0
228.7 -74.2 2582.7 0 0 0 0 0 0 0 0 0
-228.7 -752.5 2473.0 0 0 0 0 0 0 0 0 0
-44.7 -731.7 2619.0 0 0 0 0 0 0 0 0 0
258.3 366.7 2495.9 3 0.4783141613 0.7077398896 -0.5199229121 -0.3799880743 0.7005421519 0.6040279269 0.7917225957 -0.0913505852 0.6040119529
118.4 228.2 2513.9 0.4783141613 0.7077398896 -0.5199229121 -0.3799880743 0.7005421519 0.6040279269 0.7917225957 -0.0913505852 0.6040119529
-18.6 85.5 2533.6 0.4934687912 0.6891316772 -0.5306468606 -0.3646003902 0.7178109884 0.5931390524 0.7896550894 -0.0992215723 0.6054750085
49.0 279.5 2402.9 0.1507363319 0.2350472361 -0.9602246284 0.9586377740 0.2024701387 0.2000485957 0.2414376885 -0.9506621957 -0.1948055625
10.1 32.2 2340.6 -0.5980262756 0.2350472361 -0.7662358284 0.8011530638 0.2024701387 -0.5631693006 0.0227684937 -0.9506621957 -0.3093912601
187.8 177.0 2625.0 0.0939101726 0.9859100580 -0.1384275854 -0.7698348165 0.1600772738 0.6178426743 0.6312964559 0.0485446639 0.7740207911
220.2 -88.6 2842.7 0.0390529670 0.9859100580 0.1626535654 0.0619182140 0.1600772738 -0.9851605892 -0.9973168969 0.0485446639 -0.0547943003
-201.5 -29.8 2481.2 0.5891979933 -0.0029399814 -0.8079833388 0.0177353136 0.9997994900 0.0092950184 0.8077939749 -0.0198064446 0.5891320109
-200.4 -427.3 2489.1 0.5835871100 0.0839177445 -0.8077028394 -0.0884253979 0.9952985644 0.0395186059 0.8072217703 0.0483588986 0.5882638693
-113.1 -93.4 2628.7 0.2458487004 -0.2141251117 -0.9453617334 0.0474105775 0.9767843485 -0.2089128643 0.9681480527 0.0065408088 0.2502929568
-28.0 -481.7 2626.1 0.2406238914 0.0677435324 -0.9682514668 -0.0448123403 0.9972730279 0.0586375333 0.9695833921 0.0292800236 0.2430034578
165.5 -176.1 2334.6 0 0 0 0 0 0 0 0 0
230.7 -71.9 2574.7 0 0 0 0 0 0 0 0 0
-228.1 -756.7 2473.1 0 0 0 0 0 0 0 0 0
-45.0 -732.0 2618.7 0 0 0 0 0 0 0 0 0
256.8 372.0 2498.3 4 0.4862104952 0.6996737123 -0.5235036016 -0.3931810856 0.7101794481 0.5839980841 0.7803896070 -0.0781142935 0.6203951836
118.9 232.1 2513.7 0.4862104952 0.6996737123 -0.5235036016 -0.3931810856 0.7101794481 0.5839980841 0.7803896070 -0.0781142935 0.6203951836
-17.5 88.6 2531.6 0.5004394054 0.6860644817 -0.5280870199 -0.3784758151 0.7219504118 0.5792613029 0.7786632180 -0.0900170282 0.6209512949
48.5 285.3 2404.2 0.1581037045 0.2586843669 -0.9529352784 0.9527527690 0.2135199159 0.2160356641 0.2593557239 -0.9420677423 -0.2127039582
7.5 38.0 2336.9 -0.6124589443 0.2586843669 -0.7469781637 0.7904261947 0.2135199159 -0.5741390586 0.0109739248 -0.9420677423 -0.3352431059
189.4 178.8 2623.2 0.1011615694 0.9857035279 -0.1347401589 -0.7818033099 0.1625217348 0.6019720435 0.6152641177 0.0444438644 0.7870671749
224.2 -90.9 2835.5 0.0314441510 0.9857035279 0.1655289680 0.0817036331 0.1625217348 -0.9833164215 -0.9961605072 0.0444438644 -0.0754252002
-200.9 -23.7 2481.0 0.5950337052 0.0012241083 -0.8036998510 0.0164887495 0.9997697473 0.0137304841 0.8035315871 -0.0214221049 0.5948765278
-201.4 -421.2 2489.5 0.5899429321 0.0798993632 -0.8034820557 -0.0864576548 0.9956219196 0.0355259664 0.8028028607 0.0485088862 0.5942680240
-110.4 -90.6 2625.8 0.2477738708 -0.2095565498 -0.9458827376 0.0521513112 0.9777960777 -0.2029657811 0.9674132466 0.0009605934 0.2532009482
-27.1 -479.3 2625.4 0.2417478412 0.0737348497 -0.9675335288 -0.0450332873 0.9968868494 0.0647198260 0.9692935348 0.0279253367 0.2443157732
166.7 -167.5 2334.0 0 0 0 0 0 0 0 0 0
232.7 -68.9 2567.7 0 0 0 0 0 0 0 0 0
-228.0 -753.4 2473.3 0 0 0 0 0 0 0 0 0
-45.6 -729.0 2618.4 0 0 0 0 0 0 0 0 0
256.7 368.6 2504.5 5 0.4855344296 0.7062099576 -0.5152900219 -0.4450729489 0.7070084810 0.5495898724 0.7524402738 -0.0375031382 0.6575919390
117.6 229.4 2511.9 0.4855344296 0.7062099576 -0.5152900219 -0.4450729489 0.7070084810 0.5495898724 0.7524402738 -0.0375031382 0.6575919390
-19.8 86.2 2521.3 0.5003049374 0.6908957362 -0.5218793750 -0.4299713969 0.7214120626 0.5428528786 0.7515447736 -0.0471987724 0.6579914093
47.2 289.7 2406.4 0.1745521128 0.2978774309 -0.9385097623 0.9401974082 0.2327259332 0.2487318069 0.2925071716 -0.9258010983 -0.2394407690
1.0 40.7 2329.0 -0.6448040009 0.2978774309 -0.7039153576 0.7641935349 0.2327259332 -0.6015371084 -0.0153649617 -0.9258010983 -0.3776986003
188.0 169.0 2617.5 0.0976739079 0.9869202375 -0.1282507777 -0.8194819093 0.1528794020 0.5523380637 0.5647205114 0.0511501692 0.8236956000
221.6 -113.2 2811.9 0.0290009622 0.9869202375 0.1585793048 0.1437445879 0.1528794020 -0.9777348042 -0.9891898036 0.0511501692 -0.1374307871
-199.8 -20.2 2478.1 0.5981521606 0.0036105574 -0.8013744354 0.0217271615 0.9995492101 0.0207207501 0.8010879755 -0.0298057534 0.5978040695
-201.2 -417.6 2489.9 0.5929974914 0.0795643330 -0.8012636900 -0.0883987397 0.9955239892 0.0334321447 0.8003371954 0.0510055199 0.5973766446
-108.0 -89.7 2620.9 0.2372374535 -0.2064619809 -0.9492585659 0.0571717583 0.9784283042 -0.1985180527 0.9697679281 -0.0071748639 0.2439236492
-25.9 -478.6 2623.7 0.2300532013 0.0817044973 -0.9697421789 -0.0455537885 0.9962812662 0.0731337294 0.9721112847 0.0273507815 0.2329196334
168.9 -158.3 2333.0 0 0 0 0 0 0 0 0 0
229.4 -74.6 2546.5 0 0 0 0 0 0 0 0 0
-227.9 -752.0 2472.8 0 0 0 0 0 0 0 0 0
-46.1 -725.1 2617.0 0 0 0 0 0 0 0 0 0
255.1 366.6 2501.2 6 0.4968590438 0.7121244073 -0.4959938228 -0.4515756369 0.7002151012 0.5529722571 0.7410873771 -0.0507705286 0.6694862247
114.4 228.3 2511.2 0.4968590438 0.7121244073 -0.4959938228 -0.4515756369 0.7002151012 0.5529722571 0.7410873771 -0.0507705286 0.6694862247
-22.6 84.8 2521.2 0.5115760565 0.6895084381 -0.5127065182 -0.4366369843 0.7225259542 0.5360078216 0.7400256991 -0.0503421500 0.6706919074
42.5 289.7 2407.2 0.1717258990 0.3103614450 -0.9349791408 0.9358384013 0.2451003343 0.2532435060 0.3077607155 -0.9184778929 -0.2483580858
-2.9 42.2 2325.8 -0.6723048687 0.3103614450 -0.6720728874 0.7396746874 0.2451003343 -0.6267433167 -0.0297916569 -0.9184778929 -0.3943486512
186.4 166.9 2615.2 0.1066093147 0.9874524474 -0.1164994091 -0.8247660398 0.1532624066 0.5443083644 0.5553335547 0.0380564220 0.8307564855
223.2 -117.4 2806.6 0.0142990593 0.9874524474 0.1572679132 0.1532238275 0.1532624066 -0.9762341380 -0.9880880713 0.0380564220 -0.1491097361
-203.0 -17.6 2461.9 0.6095300913 -0.0112108933 -0.7926836610 0.0624291152 0.9974735975 0.0338973217 0.7903010249 -0.0701479763 0.6086900234
-198.6 -413.8 2489.8 0.6033638120 0.0867757946 -0.7927307487 -0.0918427259 0.9950089455 0.0390146524 0.7921597362 0.0492665246 0.6083220840
-111.3 -96.3 2599.5 0.2384515703 -0.2171375304 -0.9465686083 0.1072064489 0.9746124148 -0.1965640783 0.9652189612 -0.0546072423 0.2556764185
-25.0 -483.3 2621.2 0.2291212678 0.0817984343 -0.9699548483 -0.0354083888 0.9965037704 0.0756732449 0.9727536440 0.0170061905 0.2312165648
172.6 -150.9 2333.6 0 0 0 0 0 0 0 0 0
227.0 -76.2 2541.2 0 0 0 0 0 0 0 0 0
-228.0 -751.7 2473.1 0 0 0 0 0 0 0 0 0
-44.8 -724.1 2617.1 0 0 0 0 0 0 0 0 0
252.1 366.2 2506.5 7 0.4502995610 0.7097993493 -0.5416780710 -0.4161247909 0.7035838366 0.5760294795 0.7899813056 -0.0339801461 0.6121886373
112.1 227.4 2513.2 0.4502995610 0.7097993493 -0.5416780710 -0.4161247909 0.7035838366 0.5760294795 0.7899813056 -0.0339801461 0.6121886373
-24.7 83.5 2521.5 0.4672518969 0.6883521676 -0.5548395514 -0.3988133669 0.7241832018 0.5625892282 0.7890650034 -0.0415934324 0.6129000187
46.6 283.4 2402.5 0.2025930732 0.3036918938 -0.9309818745 0.9298273325 0.2385898829 0.2801712751 0.3072086275 -0.9224131703 -0.2340443879
-5.7 43.2 2323.1 -0.6869246364 0.3036918938 -0.6602315903 0.7257108092 0.2385898829 -0.6453050971 -0.0384493470 -0.9224131703 -0.3842857778
177.7 171.5 2623.8 0.0747093037 0.9828678370 -0.1684912592 -0.7982456684 0.1602128893 0.5806338191 0.5976808071 0.0911186710 0.7965394258
203.4 -103.4 2829.6 0.0742386580 0.9828678370 0.1686991602 0.1083702147 0.1602128893 -0.9811155796 -0.9913347363 0.0911186710 -0.0946196094
-206.7 -18.7 2463.4 0.5604166985 -0.0120767830 -0.8281227350 0.0603677146 0.9978296161 0.0263010543 0.8260077834 -0.0647314265 0.5599294305
-201.9 -415.3 2489.1 0.5550675392 0.0773206800 -0.8282037973 -0.0838927850 0.9957972169 0.0367416218 0.8275638819 0.0490862392 0.5592213869
-112.8 -98.7 2599.0 0.1892796606 -0.2187867314 -0.9572384953 0.1056902707 0.9737367630 -0.2016588897 0.9762186408 -0.0630008727 0.2074321806
-25.9 -485.6 2624.1 0.1794859767 0.0815280750 -0.9803764224 -0.0368122607 0.9964187145 0.0761226118 0.9830715060 0.0224269312 0.1818444133
174.5 -147.3 2333.2 0 0 0 0 0 0 0 0 0
223.3 -74.3 2563.9 0 0 0 0 0 0 0 0 0
-228.0 -752.1 2472.5 0 0 0 0 0 0 0 0 0
-45.6 -726.5 2618.6 0 0 0 0 0 0 0 0 0
248.8 367.4 2501.1 8 0.4893775284 0.7043668032 -0.5141761303 -0.4291413724 0.7077825665 0.5611431003 0.7591754198 -0.0539565794 0.6486457586
109.6 227.5 2511.8 0.4893775284 0.7043668032 -0.5141761303 -0.4291413724 0.7077825665 0.5611431003 0.7591754198 -0.0539565794 0.6486457586
-25.7 82.2 2522.3 0.5038366318 0.6807130575 -0.5317690969 -0.4141257405 0.7306085229 0.5428729653 0.7580557466 -0.0532999784 0.6500081420
38.9 285.6 2405.4 0.1495983452 0.3234250844 -0.9343535304 0.9334768057 0.2653222382 0.2412988693 0.3259468675 -0.9082952738 -0.2622180581
-0.9 37.3 2318.7 -0.7476205230 0.3234250844 -0.5800515413 0.6600572467 0.2653222382 -0.7028004527 -0.0734027475 -0.9082952738 -0.4118394256
180.3 169.4 2618.2 0.1065396890 0.9847211838 -0.1377443820 -0.8120095730 0.1661179364 0.5595045090 0.5738377571 0.0522403158 0.8173011541
217.0 -110.3 2815.8 0.0301264431 0.9847211838 0.1715127379 0.1329564452 0.1661179364 -0.9771015644 -0.9906638861 0.0522403158 -0.1259204894
-204.2 -24.0 2457.6 0.5948802829 -0.0025872819 -0.8038101792 0.0733041838 0.9960024953 0.0510447323 0.8004648089 -0.0892881528 0.5926918983
-203.2 -419.8 2493.1 0.5908950567 0.0734178498 -0.8034008145 -0.0933770314 0.9953814149 0.0222836919 0.8013262153 0.0618518554 0.5950215459
-118.7 -96.9 2601.9 0.2262705266 -0.2356045842 -0.9451413155 0.1016545296 0.9707199931 -0.2176443338 0.9687455893 -0.0468313992 0.2435956001
-25.1 -482.7 2620.5 0.2173756659 0.0822406188 -0.9726172686 -0.0290426165 0.9965479970 0.0777732059 0.9756558537 0.0113413464 0.2190137655
195.6 -136.2 2338.0 0 0 0 0 0 0 0 0 0
225.1 -74.7 2550.2 0 0 0 0 0 0 0 0 0
-227.7 -752.8 2472.4 0 0 0 0 0 0 0 0 0
-45.3 -726.9 2617.7 0 0 0 0 0 0 0 0 0
252.6 366.9 2491.0 9 0.4933341444 0.7113723755 -0.5005704165 -0.4060176611 0.6972597837 0.5907440186 0.7692665458 -0.0881937593 0.6328118443
111.2 228.4 2508.5 0.4933341444 0.7113723755 -0.5005704165 -0.4060176611 0.6972597837 0.5907440186 0.7692665458 -0.0881937593 0.6328118443
-24.6 84.2 2524.5 0.5068435669 0.6835693717 -0.5252071023 -0.3922396898 0.7254135609 0.5656175017 0.7676311731 -0.0806725025 0.6357942224
40.0 283.5 2400.7 0.1302515417 0.3115308285 -0.9412667155 0.9418185949 0.2578169107 0.2156575173 0.3098584414 -0.9145922661 -0.2598244846
4.9 30.2 2317.3 -0.7852757573 0.3115308285 -0.5350612402 0.6118118167 0.2578169107 -0.7478079796 -0.0950174034 -0.9145922661 -0.3930556178
182.5 173.3 2616.3 0.1072993129 0.9856230617 -0.1305143386 -0.7935903668 0.1639826596 0.5859386325 0.5989167094 0.0407041088 0.7997761965
219.4 -100.2 2822.7 0.0242303032 0.9856230617 0.1672125310 0.1012364849 0.1639826596 -0.9812547565 -0.9945672750 0.0407041088 -0.0958076715
-207.0 -25.1 2463.6 0.6005053520 -0.0121434098 -0.7995285392 0.0588145778 0.9978470802 0.0290186070 0.7974548340 -0.0644497648 0.5999267101
-202.2 -421.6 2489.2 0.5958290100 0.0755810440 -0.7995469570 -0.0852456838 0.9958894849 0.0306154881 0.7985743284 0.0499163307 0.5998228192
-114.8 -100.9 2602.2 0.2408778369 -0.2238127589 -0.9443970323 0.0971959457 0.9737191200 -0.2059710175 0.9656763673 -0.0421777070 0.2563010454
-25.9 -487.9 2619.0 0.2328559011 0.0823123232 -0.9690215588 -0.0193704274 0.9966065884 0.0800007805 0.9723182917 0.0001417074 0.2336601466
212.3 -131.4 2342.4 0 0 0 0 0 0 0 0 0
225.9 -73.1 2555.8 0 0 0 0 0 0 0 0 0
-227.4 -753.8 2472.5 0 0 0 0 0 0 0 0 0
-45.6 -726.7 2619.0 0 0 0 0 0 0 0 0 0
254.2 367.0 2493.9 0 0.5172870755 0.7072200179 -0.4819272459 -0.4402835369 0.7028035522 0.5587643385 0.7338695526 -0.0768569633 0.6749285460
113.3 226.9 2509.2 0.5172870755 0.7072200179 -0.4819272459 -0.4402835369 0.7028035522 0.5587643385 0.7338695526 -0.0768569633 0.6749285460
-22.5 82.5 2523.7 0.5314847827 0.6827956438 -0.5013123155 -0.4256798923 0.7269554734 0.5388250351 0.7323390841 -0.0729787350 0.6770181656
38.6 286.7 2406.4 0.1469117552 0.3300107718 -0.9324750900 0.9244388938 0.2895633876 0.2481245697 0.3518944383 -0.8984686732 -0.2625345290
-0.8 39.1 2312.1 -0.7970231771 0.3300107718 -0.5058131218 0.5954710841 0.2895633876 -0.7493779063 -0.1008378118 -0.8984686732 -0.4273006022
187.9 167.2 2612.0 0.1247220710 0.9870347977 -0.1010282785 -0.8187738061 0.1598992646 0.5513997674 0.5604050756 0.0139475949 0.8281012177
230.9 -114.8 2805.0 -0.0093141040 0.9870347977 0.1602359414 0.1438114494 0.1598992646 -0.9766014814 -0.9895612597 0.0139475949 -0.1434362233
-206.9 -24.0 2470.2 0.6272648573 -0.0122776534 -0.7787092328 0.0516851395 0.9983276725 0.0258930381 0.7770891190 -0.0564894862 0.6268504262
-202.0 -420.8 2492.6 0.6227240562 0.0764466673 -0.7786980867 -0.0909405351 0.9955422282 0.0250097290 0.7771387100 0.0552410632 0.6269001961
-114.0 -95.8 2610.8 0.2659280300 -0.2202128321 -0.9385033846 0.0911417454 0.9749408364 -0.2029372901 0.9596746564 -0.0315701254 0.2793346643
-26.5 -483.4 2623.3 0.2574047148 0.0805336386 -0.9629419446 -0.0439518876 0.9964653850 0.0715884939 0.9653035998 0.0238958970 0.2600345016
210.6 -118.8 2338.9 0 0 0 0 0 0 0 0 0
228.4 -76.3 2539.6 0 0 0 0 0 0 0 0 0
-227.7 -755.2 2474.1 0 0 0 0 0 0 0 0 0
-45.9 -723.7 2617.6 0 0 0 0 0 0 0 0 0
257.7 368.3 2503.8 1 0.4971264303 0.7140772939 -0.4929085970 -0.4371022880 0.6968299747 0.5686559081 0.7495377660 -0.0672424212 0.6585374475
115.4 229.5 2517.2 0.4971264303 0.7140772939 -0.4929085970 -0.4371022880 0.6968299747 0.5686559081 0.7495377660 -0.0672424212 0.6585374475
-22.1 86.6 2530.0 0.5102490187 0.6918246746 -0.5109056234 -0.4238852561 0.7191931009 0.5505293012 0.7483096123 -0.0643416718 0.6602218747
43.7 289.1 2412.1 0.1984562427 0.3245000839 -0.9248323441 0.8976135850 0.3187434673 0.3044544160 0.3935797513 -0.8905628920 -0.2280190438
-9.2 49.7 2307.1 -0.8199298978 0.3245000839 -0.4716085792 0.5642164946 0.3187434673 -0.7616182566 -0.0968230292 -0.8905628920 -0.4444355965
187.1 170.0 2622.4 0.1036772132 0.9880355597 -0.1141786128 -0.8143818974 0.1502327025 0.5605463982 0.5709931254 0.0348691046 0.8202139735
222.9 -110.8 2819.2 0.0145954182 0.9880355597 0.1535340250 0.1339929551 0.1502327025 -0.9795284867 -0.9908747673 0.0348691046 -0.1301971078
-206.9 -23.0 2471.1 0.6100655794 -0.0135784401 -0.7922345996 0.0385614261 0.9991771579 0.0125691695 0.7914120555 -0.0382177122 0.6100872159
-201.5 -420.2 2486.3 0.6050635576 0.0785020888 -0.7922976613 -0.0752196535 0.9963124990 0.0412722975 0.7926160097 0.0346239917 0.6087372303
-109.5 -100.9 2605.2 0.2448011339 -0.2134017199 -0.9457970858 0.0987724140 0.9758916497 -0.1946266890 0.9645290971 -0.0457738228 0.2599775791
-24.7 -488.9 2623.4 0.2345129997 0.0884381384 -0.9680817723 -0.0450366065 0.9957723022 0.0800578818 0.9710691571 0.0248245057 0.2375044972
208.6 -100.2 2332.8 0 0 0 0 0 0 0 0 0
226.8 -74.8 2553.1 0 0 0 0 0 0 0 0 0
-227.9 -755.7 2474.6 0 0 0 0 0 0 0 0 0
-45.7 -725.6 2617.5 0 0 0 0 0 0 0 0 0
258.9 366.6 2507.8 2 0.5108236074 0.7144009471 -0.4782159626 -0.4519340396 0.6963580847 0.5575311780 0.7313103676 -0.0686780214 0.6785782576
116.5 227.8 2521.5 0.5108236074 0.7144009471 -0.4782159626 -0.4519340396 0.6963580847 0.5575311780 0.7313103676 -0.0686780214 0.6785782576
-20.4 84.2 2533.6 0.5245146155 0.6887220740 -0.5005460382 -0.4380902052 0.7224289179 0.5349518061 0.7300420403 -0.0613057315 0.6806468964
42.8 289.4 2418.9 0.1460686028 0.3674913645 -0.9184846282 0.8830990791 0.3700155020 0.2884866595 0.4458699226 -0.8532518148 -0.2704836428
2.7 47.1 2296.5 -0.8369701505 0.3674913645 -0.4055009782 0.5315954685 0.3700155020 -0.7619020939 -0.1299507916 -0.8532518148 -0.5050486922
190.3 166.2 2624.1 0.1159825176 0.9880885482 -0.1011386290 -0.8258941174 0.1525047421 0.5428085923 0.5517671108 0.0205734912 0.8337444663
230.3 -118.6 2814.4 -0.0033452665 0.9880885482 0.1538498402 0.1549481004 0.1525047421 -0.9760806561 -0.9879169464 0.0205734912 -0.1536126137
-206.4 -17.5 2474.2 0.6237381101 -0.0131520564 -0.7815227509 0.0336238630 0.9993843436 0.0100170132 0.7809098959 -0.0325258076 0.6237962842
-201.1 -414.8 2487.1 0.6188579798 0.0780596659 -0.7816146612 -0.0829970986 0.9959779978 0.0337535739 0.7811058164 0.0439830758 0.6228476763
-112.8 -95.2 2611.3 0.2611654997 -0.2262143940 -0.9384133816 0.0809831694 0.9738603234 -0.2122212052 0.9618909955 -0.0205708295 0.2726582587
-22.9 -482.2 2619.5 0.2527798712 0.0895611271 -0.9633696675 -0.0298570879 0.9959542751 0.0847561657 0.9670630097 0.0073387614 0.2544312179
226.1 -94.8 2331.2 0 0 0 0 0 0 0 0 0
229.4 -76.9 2549.0 0 0 0 0 0 0 0 0 0
-227.6 -752.6 2472.2 0 0 0 0 0 0 0 0 0
-44.9 -726.5 2617.7 0 0 0 0 0 0 0 0 0
261.9 367.8 2510.8 3 0.4950563610 0.7182034254 -0.4889816642 -0.4590572715 0.6940278411 0.5546095967 0.7376893759 -0.0500924215 0.6732793450
118.6 229.3 2520.8 0.4950563610 0.7182034254 -0.4889816642 -0.4590572715 0.6940278411 0.5546095967 0.7376893759 -0.0500924215 0.6732793450
-19.7 86.9 2530.0 0.5081519485 0.6961063743 -0.5071661472 -0.4459972680 0.7164366841 0.5364745855 0.7367957830 -0.0464158691 0.6745202541
47.2 292.0 2417.2 0.0578895807 0.3697727323 -0.9273170829 0.8957442045 0.3908827901 0.2117852420 0.4407846928 -0.8428990245 -0.3085937500
30.7 36.8 2291.6 -0.8582185507 0.3697727323 -0.3559902608 0.4912829101 0.3908827901 -0.7783647776 -0.1486676037 -0.8428990245 -0.5171259046
190.1 166.6 2624.4 0.0994039848 0.9888901114 -0.1105223671 -0.8292721510 0.1437171549 0.5400491357 0.5499331951 0.0379700884 0.8343451023
224.4 -119.4 2814.1 0.0147623615 0.9888901114 0.1479135603 0.1592234820 0.1437171549 -0.9767258167 -0.9871321917 0.0379700884 -0.1553329229
-205.4 -19.3 2478.9 0.6107659340 -0.0136713730 -0.7916931510 0.0198074132 0.9998018742 -0.0019843178 0.7915633917 -0.0144694392 0.6109157205
-200.0 -416.7 2484.6 0.6054662466 0.0845594555 -0.7913661003 -0.0753348470 0.9959642887 0.0487833545 0.7922974825 0.0300807711 0.6093930006
-109.2 -99.6 2612.7 0.2471311241 -0.2166976333 -0.9444407821 0.0674525946 0.9761559367 -0.2063242644 0.9666314721 -0.0127158286 0.2558553517
-23.1 -487.6 2617.8 0.2403717935 0.0870781690 -0.9667671919 -0.0207331907 0.9962014556 0.0845743716 0.9704594612 -0.0002851244 0.2412641346
260.1 -94.5 2331.3 0 0 0 0 0 0 0 0 0
228.4 -76.7 2548.8 0 0 0 0 0 0 0 0 0
-228.6 -754.2 2474.5 0 0 0 0 0 0 0 0 0
-44.1 -727.7 2617.8 0 0 0 0 0 0 0 0 0
260.3 369.4 2512.8 4 0.4721870720 0.7149808407 -0.5155984163 -0.4414111674 0.6980766654 0.5637775660 0.7630174160 -0.0386175811 0.6452233195
117.8 230.2 2520.5 0.4721870720 0.7149808407 -0.5155984163 -0.4414111674 0.6980766654 0.5637775660 0.7630174160 -0.0386175811 0.6452233195
-20.2 87.3 2528.5 0.4864620268 0.6940608621 -0.5306922197 -0.4270569384 0.7187910080 0.5485999584 0.7622185349 -0.0402372442 0.6460680366
49.4 290.3 2413.3 0.0055182385 0.3259786665 -0.9453610182 0.8981826305 0.4139662385 0.1479863673 0.4395879507 -0.8499234319 -0.2905039787
47.8 30.7 2286.3 -0.8809798956 0.3259786665 -0.3429465592 0.4591518342 0.4139662385 -0.7860099077 -0.1142541468 -0.8499234319 -0.5143696070
186.2 170.2 2627.6 0.0852914006 0.9865738750 -0.1392745525 -0.8165016770 0.1493187100 0.5576997399 0.5710082650 0.0661509112 0.8182747960
215.6 -111.4 2824.6 0.0455039479 0.9865738750 0.1568483710 0.1376834810 0.1493187100 -0.9791563749 -0.9894304872 0.0661509112 -0.1290403306
-204.7 -14.6 2471.6 0.5852093697 -0.0112766288 -0.8108038306 0.0416861624 0.9989995360 0.0161935426 0.8098100424 -0.0432759114 0.5850939751
-200.2 -411.6 2488.8 0.5793828964 0.0827753618 -0.8108413219 -0.0860825405 0.9954801202 0.0401144698 0.8104969263 0.0465576462 0.5838896632
-111.5 -96.4 2606.7 0.2193954438 -0.2191099077 -0.9507136941 0.0749775544 0.9753600359 -0.2074876130 0.9727507234 -0.0257603507 0.2304178774
-24.4 -484.1 2617.0 0.2119344175 0.0876721144 -0.9733434319 -0.0210969411 0.9961462617 0.0851324201 0.9770561457 0.0024920793 0.2129672915
283.3 -92.1 2316.8 0 0 0 0 0 0 0 0 0
227.8 -74.4 2558.8 0 0 0 0 0 0 0 0 0
-228.3 -749.4 2473.0 0 0 0 0 0 0 0 0 0
-45.6 -725.3 2616.4 0 0 0 0 0 0 0 0 0
256.5 364.7 2504.3 5 0.4692798555 0.7194240093 -0.5120600462 -0.4182800651 0.6917949915 0.5886097550 0.7777006030 -0.0620382093 0.6255661845
114.4 228.0 2516.5 0.4692798555 0.7194240093 -0.5120600462 -0.4182800651 0.6917949915 0.5886097550 0.7777006030 -0.0620382093 0.6255661845
-23.6 85.6 2529.4 0.4865377545 0.6944118142 -0.5301634669 -0.4010880888 0.7166393399 0.5705755353 0.7761503458 -0.0649643019 0.6271923780
46.0 284.4 2407.4 -0.0423087515 0.2886857688 -0.9564886093 0.9033528566 0.4200206697 0.0868115425 0.4268062413 -0.8603738546 -0.2785556614
58.0 26.3 2285.5 -0.8932350874 0.2886857688 -0.3446616232 0.4416533411 0.4200206697 -0.7927956581 -0.0841038227 -0.8603738546 -0.5026761889
182.8 171.6 2625.7 0.0853591338 0.9866270423 -0.1388556063 -0.7965020537 0.1512981206 0.5854001641 0.5985802412 0.0606295243 0.7987651825
212.3 -103.0 2832.1 0.0451417565 0.9866270423 0.1566182673 0.1037812829 0.1512981206 -0.9830250740 -0.9935752153 0.0606295243 -0.0955635607
-202.7 -16.4 2466.6 0.5856733918 -0.0007181190 -0.8105468750 0.0462444015 0.9984003305 0.0325300694 0.8092268705 -0.0565352477 0.5847697258
-202.4 -413.2 2489.1 0.5815523863 0.0700944066 -0.8104835153 -0.0908738151 0.9956430197 0.0209024902 0.8084174395 0.0614958368 0.5853883624
-113.5 -94.7 2606.3 0.2243442833 -0.2246643007 -0.9482592344 0.0880382434 0.9737561941 -0.2098765522 0.9705250859 -0.0363984741 0.2382356822
-24.2 -481.8 2620.8 0.2155011892 0.0874698907 -0.9725781679 -0.0301527381 0.9961012602 0.0829043016 0.9760379195 0.0114599178 0.2172984630
296.4 -91.6 2307.9 0 0 0 0 0 0 0 0 0
224.4 -75.2 2565.1 0 0 0 0 0 0 0 0 0
-226.5 -755.4 2468.0 0 0 0 0 0 0 0 0 0
-45.7 -726.7 2618.0 0 0 0 0 0 0 0 0 0
259.9 368.8 2508.5 6 0.4609841406 0.7157687545 -0.5245652199 -0.4190829396 0.6966450810 0.5822844505 0.7822167873 -0.0485875420 0.6211088300
118.5 231.2 2518.1 0.4609841406 0.7157687545 -0.5245652199 -0.4190829396 0.6966450810 0.5822844505 0.7822167873 -0.0485875420 0.6211088300
-19.6 88.5 2528.0 0.4746406972 0.6945319176 -0.5406862497 -0.4053867161 0.7177560329 0.5661165118 0.7812668085 -0.0495149158 0.6222302318
51.7 288.2 2408.2 -0.0434930511 0.2664320767 -0.9628719091 0.9060322642 0.4166252315 0.0743569434 0.4209678173 -0.8691589832 -0.2595163584
64.4 23.3 2285.2 -0.8992061019 0.2664320767 -0.3470480740 0.4321290553 0.4166252315 -0.7998049259 -0.0685046911 -0.8691589832 -0.4897649884
185.3 174.2 2628.0 0.0768807903 0.9853550792 -0.1521994174 -0.8001016378 0.1520564407 0.5802725554 0.5949174166 0.0771631822 0.8000743985
211.8 -101.8 2833.2 0.0607157350 0.9853550792 0.1593389958 0.1099933088 0.1520564407 -0.9822323322 -0.9920761585 0.0771631822 -0.0991502479
-206.3 -20.0 2471.2 0.5727096200 -0.0054041077 -0.8197404742 0.0473036245 0.9985299110 0.0264657885 0.8183923364 -0.0539339110 0.5721232891
-204.2 -417.0 2492.7 0.5693483949 0.0648487657 -0.8195346594 -0.0993395746 0.9950060844 0.0097202649 0.8160723448 0.0758780092 0.5729472041
-117.1 -93.5 2613.5 0.2126586139 -0.2290380150 -0.9499041438 0.0658821687 0.9732890129 -0.2199272215 0.9749029875 -0.0158123244 0.2220678180
-26.0 -480.4 2619.8 0.2063591033 0.0801473483 -0.9751883745 -0.0226822495 0.9967637062 0.0771207735 0.9782133698 0.0062048933 0.2075091898
303.5 -91.6 2303.4 0 0 0 0 0 0 0 0 0
228.1 -72.3 2566.6 0 0 0 0 0 0 0 0 0
-226.3 -756.1 2466.8 0 0 0 0 0 0 0 0 0
-45.8 -726.9 2618.2 0 0 0 0 0 0 0 0 0
258.9 366.7 2502.7 7 0.4612917304 0.7209334970 -0.5171700716 -0.4132759273 0.6903872490 0.5937747359 0.7851197124 -0.0601694547 0.6164143682
115.6 229.4 2514.6 0.4612917304 0.7209334970 -0.5171700716 -0.4132759273 0.6903872490 0.5937747359 0.7851197124 -0.0601694547 0.6164143682
-22.4 86.7 2526.1 0.4766866565 0.6938832402 -0.5397183299 -0.3979533017 0.7177830338 0.5713323951 0.7838386297 -0.0575638190 0.6182907224
48.5 285.4 2404.3 -0.0567524172 0.2896962166 -0.9554346204 0.9059900045 0.4170217216 0.0726292506 0.4194774032 -0.8614922762 -0.2861288786
64.9 23.4 2283.1 -0.8941228390 0.2896962166 -0.3414974213 0.4390639961 0.4170217216 -0.7958113551 -0.0881317034 -0.8614922762 -0.5000638366
182.6 173.4 2624.9 0.0788368285 0.9854069352 -0.1508571506 -0.7945873737 0.1535001099 0.5874254107 0.6020096540 0.0735584348 0.7950934172
209.8 -100.7 2832.6 0.0584005378 0.9854069352 0.1598827839 0.1010266170 0.1535001099 -0.9829706550 -0.9931681752 0.0735584348 -0.0905878395
-201.1 -16.9 2466.2 0.5744903684 0.0112239784 -0.8184343576 0.0512430817 0.9974513650 0.0496484898 0.8169056773 -0.0704616755 0.5724510550
-205.6 -413.4 2494.2 0.5727095604 0.0539546870 -0.8179808259 -0.0937714726 0.9955937266 0.0000160498 0.8143774867 0.0766940787 0.5752454996
-114.1 -91.3 2609.4 0.2150438279 -0.2269700617 -0.9498635530 0.0737580135 0.9736152291 -0.2159471214 0.9738151431 -0.0236219540 0.2261108011
-23.8 -478.3 2618.8 0.2078059018 0.0860331059 -0.9743793011 -0.0210542064 0.9962872267 0.0834772438 0.9779434800 0.0031677200 0.2088457346
301.7 -92.9 2306.4 0 0 0 0 0 0 0 0 0
225.5 -73.6 2565.6 0 0 0 0 0 0 0 0 0
-224.4 -760.6 2467.4 0 0 0 0 0 0 0 0 0
-45.4 -727.7 2618.0 0 0 0 0 0 0 0 0 0
254.1 361.4 2499.7 8 0.4699482024 0.7170408964 -0.5147824883 -0.4060760140 0.6934398413 0.5951835513 0.7837416530 -0.0706645995 0.6170539260
111.9 223.9 2513.7 0.4699482024 0.7170408964 -0.5147824883 -0.4060760140 0.6934398413 0.5951835513 0.7837416530 -0.0706645995 0.6170539260
-25.6 81.1 2528.3 0.4869263768 0.6919010878 -0.5330812335 -0.3890647888 0.7182434201 0.5768492222 0.7820046544 -0.0734799579 0.6189259887
43.4 278.6 2403.7 -0.0849404186 0.3054191470 -0.9484219551 0.9061706662 0.4194605649 0.0539219640 0.4142944217 -0.8548520207 -0.3123910427
67.7 18.7 2284.9 -0.8822426796 0.3054191470 -0.3582834005 0.4624414742 0.4194605649 -0.7811534405 -0.0882934704 -0.8548520207 -0.5113044977
180.4 169.1 2623.8 0.0876098648 0.9859618545 -0.1421399415 -0.7881894708 0.1558668166 0.5953679085 0.6091648936 0.0598731041 0.7907801867
210.6 -102.8 2834.0 0.0460533127 0.9859618545 0.1604940593 0.0908153206 0.1558668166 -0.9835944772 -0.9948023558 0.0598731041 -0.0823622569
-204.0 -19.4 2465.6 0.5842828155 0.0009524710 -0.8115495443 0.0442993455 0.9984709620 0.0330655836 0.8103401661 -0.0552707650 0.5833472013
-204.4 -416.3 2487.6 0.5815771222 0.0580186956 -0.8114196658 -0.0799189508 0.9967032671 0.0139858434 0.8095560670 0.0567139648 0.5842965841
-116.6 -92.4 2609.4 0.2279953361 -0.2264747322 -0.9469568729 0.0791714042 0.9736638665 -0.2138001770 0.9704380631 -0.0262264609 0.2399211526
-26.5 -479.5 2619.8 0.2210107893 0.0767683834 -0.9722452760 -0.0284085907 0.9969809055 0.0722636655 0.9748575091 0.0116490675 0.2225244194
301.3 -103.7 2308.3 0 0 0 0 0 0 0 0 0
223.0 -78.4 2566.5 0 0 0 0 0 0 0 0 0
-224.6 -762.6 2467.9 0 0 0 0 0 0 0 0 0
-45.6 -727.4 2616.9 0 0 0 0 0 0 0 0 0
253.4 360.0 2507.2 9 0.4497503042 0.7195427418 -0.5291340947 -0.3919456899 0.6913430691 0.6069788933 0.8025604486 -0.0655971169 0.5929534435
110.9 223.0 2520.2 0.4497503042 0.7195427418 -0.5291340947 -0.3919456899 0.6913430691 0.6069788933 0.8025604486 -0.0655971169 0.5929534435
-27.2 80.7 2534.2 0.4670789242 0.6946220398 -0.5471174717 -0.3747012913 0.7159470916 0.5890828967 0.8008971214 -0.0701425821 0.5946795940
45.2 275.7 2407.6 -0.0660995990 0.3284776211 -0.9421960115 0.9057229757 0.4159655273 0.0814771503 0.4186844826 -0.8479830027 -0.3250049055
64.3 14.2 2286.7 -0.8737884760 0.3284776211 -0.3586030900 0.4746985435 0.4159655273 -0.7756506801 -0.1056173742 -0.8479830027 -0.5193937421
176.6 170.3 2632.9 0.0712771788 0.9844933152 -0.1602887809 -0.7766605616 0.1556108594 0.6103962660 0.6258736849 0.0809826478 0.7757086754
201.2 -97.6 2848.8 0.0704770386 0.9844933152 0.1606421918 0.0718911141 0.1556108594 -0.9851989150 -0.9949194193 0.0809826478 -0.0598093271
-207.8 -26.0 2471.2 0.5644797087 -0.0122115705 -0.8253566027 0.0396896824 0.9991355538 0.0123619353 0.8244922161 -0.0397362001 0.5644764304
