-193.2 397.1 2863.5 8 0.1576030254 0.4160468280 -0.8955815434 -0.5016779900 0.8148968220 0.2902798355 0.8505765796 0.4035445750 0.3371517360
-276.8 233.2 2782.3 0.1576030254 0.4160468280 -0.8955815434 -0.5016779900 0.8148968220 0.2902798355 0.8505765796 0.4035445750 0.3371517360
-352.6 64.3 2710.1 0.1802561283 0.3812850714 -0.9067135453 -0.4543808997 0.8498405218 0.2670375705 0.8723793626 0.3638581634 0.3264376223
-303.1 299.5 2655.0 -0.0320346653 0.6587858200 -0.7516481876 0.9659225941 0.2136581987 0.1460949332 0.2568410635 -0.7213538289 -0.6431806087
-294.6 42.9 2586.7 -0.5567939281 0.6587858200 -0.5059463978 0.7832808495 0.2136581987 -0.5837990046 -0.2764989436 -0.7213538289 -0.6349779367
-250.6 166.8 2909.7 -0.2191915959 0.1103092059 -0.9694260955 -0.9747271538 0.0191862788 0.2225733548 0.0431515686 0.9937121272 0.1033159047
-307.7 -87.1 2921.0 0.4448558986 0.1103092059 -0.8887829185 -0.8950266838 0.0191862788 -0.4455997646 -0.0321013220 0.9937121272 0.1072648093
-442.7 -65.8 2562.4 -0.8092079163 0.1037324369 0.5782923698 -0.0041903360 0.9832459688 -0.1822354198 -0.5875074267 -0.1498895884 -0.7952157855
-483.9 -456.5 2621.9 -0.8131566644 0.0045697209 0.5820269585 0.0991167352 0.9864506721 0.1307321340 -0.5735434890 0.1639943123 -0.8025918603
-409.2 -147.1 2723.2 -0.5743581653 0.1749836802 0.7996833324 -0.0636944696 0.9643720388 -0.2567676604 -0.8161223531 -0.1984120011 -0.5427494645
-478.7 -530.0 2802.0 -0.5743581653 -0.2821337879 0.7684485912 -0.0636944696 0.9512869716 0.3016555309 -0.8161223531 0.1243124008 -0.5643498302
-149.8 -160.9 2658.6 0 0 0 0 0 0 0 0 0
-192.3 -319.4 2912.6 0 0 0 0 0 0 0 0 0
-485.6 -823.6 2560.9 0 0 0 0 0 0 0 0 0
-398.3 -801.0 2766.6 0 0 0 0 0 0 0 0 0
-195.2 397.6 2865.6 9 0.1216479912 0.4012697935 -0.9078459740 -0.4841486216 0.8224416375 0.2986467481 0.8664882183 0.4032025933 0.2943225801
-275.2 233.5 2785.2 0.1216479912 0.4012697935 -0.9078459740 -0.4841486216 0.8224416375 0.2986467481 0.8664882183 0.4032025933 0.2943225801
-352.3 65.1 2713.5 0.1416821033 0.3881981969 -0.9106197357 -0.4417578876 0.8480160832 0.2927776575 0.8858759403 0.3607921004 0.2916383147
-295.9 298.0 2655.9 -0.0037453931 0.6565483809 -0.7542746067 0.9658541679 0.1977796555 0.1673586965 0.2590592504 -0.7278924584 -0.6348707676
-294.9 44.4 2587.9 -0.5300669670 0.6565483809 -0.5366313457 0.8075310588 0.1977796555 -0.5556768775 -0.2586940229 -0.7278924584 -0.6350196600
-254.6 169.1 2914.5 -0.2422143370 0.0784455240 -0.9670462608 -0.9687464237 0.0354109704 0.2455126643 0.0535034165 0.9962893128 0.0674167722
-317.7 -83.3 2928.4 0.4255392551 0.0784455240 -0.9015334845 -0.9049389958 0.0354109704 -0.4240654707 -0.0013418614 0.9962893128 0.0860571712
-444.8 -62.9 2557.8 -0.7911869287 0.1050672829 0.6024816036 -0.0105342548 0.9826447368 -0.1851979941 -0.6114836335 -0.1528729349 -0.7763488889
-486.6 -453.4 2618.6 -0.7957068086 -0.0046039741 0.6056644917 0.0895563364 0.9880853295 0.1251678318 -0.5990244746 0.1538379937 -0.7858139277
-411.8 -146.2 2717.8 -0.5473217368 0.1638524830 0.8207260370 -0.0582540669 0.9708109498 -0.2326641232 -0.8348924518 -0.1751527637 -0.5218008757
-476.9 -531.7 2787.3 -0.5386943817 -0.2824002802 0.7937622070 -0.0884053335 0.9558955431 0.2800860405 -0.8378501534 0.0807079598 -0.5399012566
-157.3 -165.1 2655.1 0 0 0 0 0 0 0 0 0
-207.3 -318.1 2928.1 0 0 0 0 0 0 0 0 0
-484.9 -824.2 2560.8 0 0 0 0 0 0 0 0 0
-397.9 -799.1 2764.8 0 0 0 0 0 0 0 0 0
-184.5 396.5 2864.2 0 0.1283280849 0.4427584112 -0.8874102235 -0.5031445622 0.8001646399 0.3264691532 0.8546212316 0.4046004415 0.3254550695
-273.0 236.6 2783.3 0.1283280849 0.4427584112 -0.8874102235 -0.5031445622 0.8001646399 0.3264691532 0.8546212316 0.4046004415 0.3254550695
-352.7 69.6 2711.1 0.1539342999 0.4016052186 -0.9027832150 -0.4533891380 0.8405164480 0.2965979576 0.8779194355 0.3636555076 0.3114677668
-295.4 302.8 2655.2 -0.0058377078 0.6921346784 -0.7217447758 0.9664770365 0.1891736835 0.1735955328 0.2566865981 -0.6965363622 -0.6700366735
-293.9 51.8 2588.5 -0.5017342567 0.6921346784 -0.5188567042 0.8198422790 0.1891736835 -0.5404368639 -0.2759010494 -0.6965363622 -0.6623561978
-250.5 170.4 2911.5 -0.2491985112 0.0966321677 -0.9636194110 -0.9673360586 0.0229253992 0.2524586320 0.0464869849 0.9950560927 0.0877628028
-315.5 -81.7 2923.6 0.4179650247 0.0966321677 -0.9033091664 -0.9082502723 0.0229253992 -0.4177988172 -0.0196640808 0.9950560927 0.0973482057
-442.4 -63.0 2560.6 -0.8018012047 0.1147654951 0.5864671469 0.0058094775 0.9828363061 -0.1843882501 -0.5975626111 -0.1444356591 -0.7887060642
-488.1 -453.5 2618.0 -0.8049741387 -0.0102521889 0.5932213068 0.0820658281 0.9883159399 0.1284398735 -0.5876068473 0.1520739794 -0.7947274446
-416.5 -143.9 2723.0 -0.5639985800 0.1582715362 0.8104663491 -0.0516167693 0.9727844596 -0.2258895487 -0.8241609931 -0.1692350358 -0.5404796004
-479.4 -530.3 2790.2 -0.5529255271 -0.2843090594 0.7832251787 -0.0904092267 0.9549073577 0.2828040421 -0.8283112645 0.0855588019 -0.5536968112
-163.7 -161.0 2660.1 0 0 0 0 0 0 0 0 0
-207.0 -317.3 2918.5 0 0 0 0 0 0 0 0 0
-484.2 -825.1 2560.9 0 0 0 0 0 0 0 0 0
-398.5 -801.8 2765.9 0 0 0 0 0 0 0 0 0
-184.3 392.6 2852.0 1 0.1635543704 0.4501086473 -0.8778679967 -0.4919852614 0.8085135221 0.3228875101 0.8551025987 0.3790884614 0.3536827564
-274.3 230.9 2776.2 0.1635543704 0.4501086473 -0.8778679967 -0.4919852614 0.8085135221 0.3228875101 0.8551025987 0.3790884614 0.3536827564
-355.8 64.0 2705.5 0.1814620197 0.4104863703 -0.8936288357 -0.4576916397 0.8395487666 0.2927050591 0.8703963757 0.3558915854 0.3402223885
-300.8 297.7 2649.1 -0.0486572236 0.6974267364 -0.7150023580 0.9707454443 0.2015371621 0.1305221170 0.2351291627 -0.6877344847 -0.6868301034
-288.3 49.2 2588.9 -0.4741480350 0.6974267364 -0.5373821259 0.8493471742 0.2015371621 -0.4878444374 -0.2319332957 -0.6877344847 -0.6879158616
-247.9 164.1 2903.2 -0.2454520017 0.1266334951 -0.9611021280 -0.9681815505 0.0178477876 0.2496115863 0.0487627350 0.9917889833 0.1182234436
-311.8 -88.2 2915.9 0.4192675650 0.1266334951 -0.8989875913 -0.9070998430 0.0178477876 -0.4205369055 -0.0372091196 0.9917889833 0.1223522276
-446.6 -55.9 2558.4 -0.8198329210 0.1141481772 0.5611097813 0.0042653019 0.9811186194 -0.1933598071 -0.5725868940 -0.1561294347 -0.8048402667
-492.0 -445.8 2620.4 -0.8235380650 -0.0212339610 0.5668634176 0.0759443343 0.9861760736 0.1472726315 -0.5621543527 0.1643346846 -0.8105409145
-418.4 -139.0 2719.3 -0.5543774962 0.1552243978 0.8176618814 -0.0763332397 0.9688292146 -0.2356760949 -0.8287574053 -0.1930682957 -0.5252482891
-480.1 -523.8 2796.0 -0.5543774962 -0.2831357419 0.7826236486 -0.0763332397 0.9536877871 0.2909516990 -0.8287574053 0.1015568748 -0.5503156781
-165.5 -170.8 2649.0 0 0 0 0 0 0 0 0 0
-203.0 -323.6 2906.3 0 0 0 0 0 0 0 0 0
-483.9 -823.5 2557.5 0 0 0 0 0 0 0 0 0
-397.0 -803.8 2766.2 0 0 0 0 0 0 0 0 0
-177.8 392.8 2858.4 2 0.1601101905 0.4588090181 -0.8739902973 -0.4946315587 0.8035205007 0.3312015235 0.8542273641 0.3792744279 0.3555932343
-269.6 232.0 2782.5 0.1601101905 0.4588090181 -0.8739902973 -0.4946315587 0.8035205007 0.3312015235 0.8542273641 0.3792744279 0.3555932343
-354.0 66.8 2711.6 0.1770498753 0.4252527356 -0.8875885606 -0.4632992148 0.8316775560 0.3060495555 0.8683359027 0.3570330441 0.3442676663
-295.4 299.7 2655.7 -0.0282703191 0.7113205194 -0.7022989988 0.9684134126 0.1936179399 0.1571226120 0.2477422208 -0.6756739020 -0.6943259835
-287.8 41.5 2589.7 -0.4535091817 0.7113205194 -0.5369846225 0.8608621359 0.1936179399 -0.4705618620 -0.2307504565 -0.6756739020 -0.7001564503
-243.7 164.4 2909.3 -0.2609186769 0.1303464472 -0.9565203786 -0.9642335176 0.0126810391 0.2647507191 0.0466389917 0.9913874269 0.1223756969
-311.7 -86.9 2921.4 0.4044000804 0.1303464472 -0.9052460194 -0.9136409163 0.0126810391 -0.4063243866 -0.0414834805 0.9913874269 0.1242180616
-454.0 -60.8 2555.0 -0.8250176907 0.0937104747 0.5572828054 -0.0104009835 0.9834696054 -0.1807742864 -0.5650111437 -0.1549382806 -0.8104051948
-491.2 -451.6 2616.6 -0.8294643164 -0.0207620002 0.5581737161 0.0702591687 0.9874935746 0.1411385238 -0.5541232824 0.1562861949 -0.8176319599
-420.8 -144.8 2714.5 -0.6548765898 0.1710901856 0.7361146808 -0.0789649561 0.9532143474 -0.2917995155 -0.7515991330 -0.2492199242 -0.6107276082
-488.6 -522.8 2813.4 -0.6548765898 -0.3029567003 0.6923539042 -0.0789649561 0.9385479689 0.3359944820 -0.7515991330 0.1653632224 -0.6385560036
-169.9 -182.3 2649.7 0 0 0 0 0 0 0 0 0
-206.8 -323.9 2910.7 0 0 0 0 0 0 0 0 0
-483.4 -823.8 2557.7 0 0 0 0 0 0 0 0 0
-398.5 -802.0 2764.2 0 0 0 0 0 0 0 0 0
-175.8 389.5 2862.1 3 0.1732150763 0.4515643120 -0.8752635121 -0.5036583543 0.8043150306 0.3152864873 0.8463597298 0.3862214088 0.3667536378
-266.3 228.3 2784.7 0.1732150763 0.4515643120 -0.8752635121 -0.5036583543 0.8043150306 0.3152864873 0.8463597298 0.3862214088 0.3667536378
-349.5 62.1 2714.4 0.1947050393 0.4189925194 -0.8868682384 -0.4631593823 0.8362953663 0.2934167981 0.8646232486 0.3536315858 0.3568912446
-294.7 295.9 2658.4 -0.0031204792 0.6896525025 -0.7241337299 0.9656174779 0.1903173029 0.1770938337 0.2599483728 -0.6986835599 -0.6665344238
-293.9 40.9 2589.8 -0.4776770473 0.6896525025 -0.5442463160 0.8447173834 0.1903173029 -0.5002318025 -0.2414066344 -0.6986835599 -0.6734716892
-237.9 160.7 2910.9 -0.2475557625 0.1433851868 -0.9582049847 -0.9677109718 0.0118439263 0.2517839670 0.0474510007 0.9895960689 0.1358233839
-302.4 -91.5 2923.3 0.4158041775 0.1433851868 -0.8980799317 -0.9081127048 0.0118439263 -0.4185582995 -0.0493782647 0.9895960689 0.1351346523
-454.7 -56.0 2561.1 -0.8312714100 0.0963822454 0.5474470854 -0.0085538682 0.9825184941 -0.1859685034 -0.5558009744 -0.1592730880 -0.8159150481
-493.0 -446.4 2624.4 -0.8363042474 -0.0268236883 0.5476090312 0.0726022348 0.9845883250 0.1591059417 -0.5434373021 0.1728186309 -0.8214679956
-422.3 -141.0 2720.3 -0.6571497917 0.1384239197 0.7409406304 -0.0422573648 0.9746810794 -0.2195703536 -0.7525745630 -0.1756007969 -0.6346620321
-477.0 -526.6 2789.8 -0.6377856135 -0.2742711604 0.7197254896 -0.1169755459 0.9581018090 0.2614529729 -0.7612793446 0.0825606734 -0.6431465745
-168.5 -180.9 2653.2 0 0 0 0 0 0 0 0 0
-194.5 -327.1 2910.5 0 0 0 0 0 0 0 0 0
-482.7 -824.3 2558.0 0 0 0 0 0 0 0 0 0
-399.1 -798.7 2766.3 0 0 0 0 0 0 0 0 0
-174.6 386.7 2862.9 4 0.1510671228 0.4710676968 -0.8690649867 -0.4988397360 0.7953329086 0.3443900645 0.8534269929 0.3814981580 0.3551359475
-269.2 227.0 2786.3 0.1510671228 0.4710676968 -0.8690649867 -0.4988397360 0.7953329086 0.3443900645 0.8534269929 0.3814981580 0.3551359475
-354.7 62.3 2715.3 0.1706021428 0.4310006797 -0.8860774636 -0.4636723995 0.8285892606 0.3137637973 0.8694267273 0.3573208749 0.3412022293
-294.0 294.6 2659.4 0.0067746621 0.7119553685 -0.7021920681 0.9624929428 0.1858162731 0.1976858675 0.2712222338 -0.6771941185 -0.6839931011
-295.8 48.3 2590.0 -0.4476467967 0.7119553685 -0.5410470963 0.8631058335 0.1858162731 -0.4695962667 -0.2337962091 -0.6771941185 -0.6976728439
-244.3 159.3 2913.2 -0.2689855695 0.1274455041 -0.9546750188 -0.9619963765 0.0128268395 0.2727607489 0.0470075943 0.9917626381 0.1191518754
-314.4 -91.4 2925.5 0.3969906867 0.1274455041 -0.9089312553 -0.9169870615 0.0128268395 -0.3987106979 -0.0391551666 0.9917626381 0.1219580099
-450.6 -61.6 2564.9 -0.8218830824 0.1036693305 0.5601436496 0.0087348055 0.9854789972 -0.1695725024 -0.5695892572 -0.1344760209 -0.8108540773
-491.8 -453.1 2618.3 -0.8250472546 -0.0206310097 0.5646869540 0.0740704164 0.9867616892 0.1442737132 -0.5601879954 0.1608592272 -0.8125969172
-414.9 -146.5 2723.4 -0.6450381279 0.1398604363 0.7512422204 -0.0280315802 0.9781153202 -0.2061666250 -0.7636360526 -0.1540438384 -0.6270011663
-470.4 -534.3 2784.5 -0.6242910028 -0.2581194341 0.7373161316 -0.1154978499 0.9639598131 0.2396699339 -0.7726066113 0.0644653514 -0.6316036582
-177.7 -179.3 2651.6 0 0 0 0 0 0 0 0 0
-211.4 -329.3 2915.3 0 0 0 0 0 0 0 0 0
-484.1 -822.9 2558.0 0 0 0 0 0 0 0 0 0
-397.0 -808.3 2766.2 0 0 0 0 0 0 0 0 0
-177.8 383.5 2861.8 5 0.1300588399 0.4597286284 -0.8784840703 -0.4929369390 0.7987349629 0.3450154066 0.8602893949 0.3881649375 0.3304997683
-270.4 222.7 2783.7 0.1300588399 0.4597286284 -0.8784840703 -0.4929369390 0.7987349629 0.3450154066 0.8602893949 0.3881649375 0.3304997683
-355.7 58.0 2712.4 0.1495800465 0.4295952618 -0.8905468583 -0.4572147727 0.8286515474 0.3229415417 0.8766872287 0.3588655889 0.3203670382
-292.2 289.4 2655.7 0.0183221512 0.7468389273 -0.6647525430 0.9589418173 0.1750687957 0.2231177241 0.2830104232 -0.6415469646 -0.7129674554
-296.7 53.2 2586.0 -0.4238911867 0.7468389273 -0.5123942494 0.8686579466 0.1750687957 -0.4634482861 -0.2564169765 -0.6415469646 -0.7229576707
-248.6 156.0 2911.7 -0.2767852843 0.1073709801 -0.9549143314 -0.9596397877 0.0206293501 0.2804745436 0.0498140864 0.9940049648 0.0973275676
-320.7 -94.1 2924.7 0.3911091983 0.1073709801 -0.9140596390 -0.9200530052 0.0206293501 -0.3912504017 -0.0231524818 0.9940049648 0.1068553254
-456.0 -59.8 2564.6 -0.8114820123 0.0935863033 0.5768349767 -0.0039881878 0.9861832857 -0.1656099111 -0.5843638182 -0.1366899759 -0.7998967171
-493.2 -451.7 2618.9 -0.8155574203 -0.0223076679 0.5782459974 0.0715347379 0.9877058268 0.1389963776 -0.5742376447 0.1547241956 -0.8039350510
-424.7 -144.8 2724.0 -0.6338844299 0.1261105090 0.7630770802 -0.0605955124 0.9754867554 -0.2115509361 -0.7710503936 -0.1803378910 -0.6107041240
-474.8 -531.8 2795.6 -0.6246708035 -0.2632210851 0.7351877689 -0.0957959816 0.9601961970 0.2623859346 -0.7749900222 0.0934767947 -0.6250220537
-184.6 -176.5 2653.8 0 0 0 0 0 0 0 0 0
-219.2 -332.8 2918.7 0 0 0 0 0 0 0 0 0
-484.8 -823.8 2560.6 0 0 0 0 0 0 0 0 0
-397.3 -814.3 2768.1 0 0 0 0 0 0 0 0 0
-177.0 380.1 2863.3 6 0.1242451519 0.4646342397 -0.8767429590 -0.4951142967 0.7947605252 0.3510235250 0.8598982692 0.3904749751 0.3287921846
-270.1 220.9 2785.1 0.1242451519 0.4646342397 -0.8767429590 -0.4951142967 0.7947605252 0.3510235250 0.8598982692 0.3904749751 0.3287921846
-356.5 56.8 2713.8 0.1449015439 0.4348453283 -0.8887705207 -0.4578996897 0.8257441521 0.3293545544 0.8771153688 0.3592437804 0.3187671304
-291.2 287.7 2657.0 0.0312921889 0.7388293147 -0.6731656790 0.9543722272 0.1780233234 0.2397526205 0.2969754636 -0.6499530673 -0.6995474100
-299.2 43.4 2581.0 -0.4480512142 0.7388293147 -0.5033699870 0.8501914740 0.1780233234 -0.4954615533 -0.2764499187 -0.6499530673 -0.7079099417
-249.0 154.0 2913.1 -0.2836382687 0.1058752984 -0.9530686140 -0.9576404691 0.0202787742 0.2872516215 0.0497399122 0.9941726327 0.0956386402
-322.9 -95.5 2926.1 0.3846385479 0.1058752984 -0.9169752598 -0.9228017330 0.0202787742 -0.3847411275 -0.0221394487 0.9941726327 0.1055019125
-454.7 -64.7 2560.7 -0.8099156022 0.1058744267 0.5769118667 0.0073193675 0.9853218198 -0.1705500036 -0.5865007043 -0.1339084804 -0.7988024950
-496.8 -456.2 2614.0 -0.8125697970 -0.0334426686 0.5819036961 0.0563876890 0.9891594052 0.1355878413 -0.5801299214 0.1429867893 -0.8018753529
-427.3 -148.5 2721.5 -0.6336569786 0.1104230657 0.7656928897 -0.0615025312 0.9794374704 -0.1921449155 -0.7711655498 -0.1688460112 -0.6138360500
-471.2 -537.4 2788.5 -0.6230229735 -0.2567855418 0.7388528585 -0.1037326530 0.9633595943 0.2473414987 -0.7752947211 0.0774562657 -0.6268321872
-180.8 -181.3 2654.1 0 0 0 0 0 0 0 0 0
-223.1 -334.9 2920.4 0 0 0 0 0 0 0 0 0
-484.3 -826.0 2560.5 0 0 0 0 0 0 0 0 0
-397.5 -813.7 2766.3 0 0 0 0 0 0 0 0 0
-176.8 375.9 2864.5 7 0.1380359828 0.4741715491 -0.8695443869 -0.5017749071 0.7904186845 0.3513691127 0.8539133668 0.3878139853 0.3470335901
-271.8 217.4 2786.8 0.1380359828 0.4741715491 -0.8695443869 -0.5017749071 0.7904186845 0.3513691127 0.8539133668 0.3878139853 0.3470335901
-358.1 53.8 2714.2 0.1566870064 0.4344573915 -0.8869588375 -0.4686525762 0.8232139349 0.3204428554 0.8693755865 0.3654662967 0.3325965106
-294.7 285.8 2659.8 0.0278593618 0.7351613045 -0.6773195267 0.9515259266 0.1881235689 0.2433269173 0.3063042760 -0.6512659788 -0.6942840219
-302.1 33.6 2578.7 -0.4656238556 0.7351613045 -0.4926786721 0.8383665681 0.1881235689 -0.5116160512 -0.2834358811 -0.6512659788 -0.7039294839
-249.0 149.0 2913.7 -0.2781787813 0.1164765209 -0.9534410238 -0.9596921802 0.0077294060 0.2809469104 0.0400932506 0.9931633472 0.1096314490
-321.5 -101.1 2924.1 0.3890975416 0.1164765209 -0.9138032198 -0.9203929305 0.0077294060 -0.3909182250 -0.0384696387 0.9931633472 0.1102116629
-456.2 -65.3 2561.9 -0.8168094754 0.1009644493 0.5680039525 0.0049346955 0.9857534170 -0.1681244373 -0.5768864155 -0.1345227063 -0.8056709766
-496.3 -457.1 2615.4 -0.8195951581 -0.0334626175 0.5719650388 0.0556074642 0.9889340997 0.1375397444 -0.5702381730 0.1445324421 -0.8086647987
-429.6 -149.3 2722.8 -0.6393117905 0.1292042136 0.7580149770 -0.0353249088 0.9798067212 -0.1968019009 -0.7681357861 -0.1525945812 -0.6218377948
-480.9 -538.4 2783.4 -0.6130647659 -0.2901764214 0.7348123789 -0.1327450275 0.9547155499 0.2662647665 -0.7788006067 0.0656948388 -0.6238219738
-179.1 -187.8 2653.5 0 0 0 0 0 0 0 0 0
-220.5 -339.9 2914.2 0 0 0 0 0 0 0 0 0
-483.8 -826.2 2561.4 0 0 0 0 0 0 0 0 0
-397.2 -813.9 2764.4 0 0 0 0 0 0 0 0 0
-176.5 372.6 2863.6 8 0.1358419061 0.4803248048 -0.8665074110 -0.5036788583 0.7866355181 0.3570885062 0.8531439304 0.3879338801 0.3487875164
-273.0 214.5 2785.7 0.1358419061 0.4803248048 -0.8665074110 -0.5036788583 0.7866355181 0.3570885062 0.8531439304 0.3879338801 0.3487875164
-360.4 51.6 2712.7 0.1540515125 0.4398598969 -0.8847550154 -0.4718954563 0.8194720149 0.3252388239 0.8680914640 0.3674083352 0.3338087797
-295.5 283.4 2659.0 0.0347086862 0.7202146649 -0.6928824782 0.9483244419 0.1950630397 0.2502622902 0.3153983355 -0.6657636762 -0.6762267947
-304.8 29.9 2574.7 -0.4583382607 0.7202146649 -0.5207848549 0.8541827202 0.1950630397 -0.4819982052 -0.2455563098 -0.6657636762 -0.7045997977
-250.6 145.6 2912.4 -0.2842876315 0.1169368476 -0.9515809417 -0.9579963684 0.0044112308 0.2867463529 0.0377288572 0.9931295514 0.1107710153
-324.7 -104.0 2922.3 0.3831933737 0.1169368476 -0.9162361026 -0.9227567911 0.0044112308 -0.3853575289 -0.0410207622 0.9931295514 0.1095946208
-458.8 -66.8 2561.9 -0.8183332682 0.0935247913 0.5670835376 -0.0014372093 0.9863355160 -0.1647428125 -0.5747421384 -0.1356295496 -0.8070167899
-496.0 -458.8 2615.8 -0.8218713403 -0.0295670554 0.5689052939 0.0614617579 0.9882207513 0.1401506215 -0.5663478971 0.1501516998 -0.8103730679
-430.1 -152.7 2721.3 -0.4863906503 0.1533489227 0.8601791859 -0.0841853917 0.9716725945 -0.2208283246 -0.8696763515 -0.1798233539 -0.4597027600
-491.0 -538.5 2792.7 -0.4863906503 -0.3246097863 0.8112044334 -0.0841853917 0.9415174127 0.3262787759 -0.8696763515 0.0904073864 -0.4852726758
-185.3 -192.6 2638.6 0 0 0 0 0 0 0 0 0
-225.2 -343.4 2911.6 0 0 0 0 0 0 0 0 0
-485.1 -823.9 2560.3 0 0 0 0 0 0 0 0 0
-396.5 -812.6 2766.4 0 0 0 0 0 0 0 0 0
-164.8 372.5 2852.2 9 0.1888013035 0.5150892138 -0.8360844254 -0.5105378032 0.7787771225 0.3644960821 0.8388714194 0.3580353558 0.4100066423
-268.6 215.6 2780.1 0.1888013035 0.5150892138 -0.8360844254 -0.5105378032 0.7787771225 0.3644960821 0.8388714194 0.3580353558 0.4100066423
-360.9 54.0 2710.5 0.2052692175 0.4650647342 -0.8611500263 -0.4837923348 0.8130847216 0.3237872124 0.8507699370 0.3501542509 0.3918960094
-298.5 286.3 2655.9 0.0256731287 0.7205855250 -0.6928906441 0.9513747096 0.1952212006 0.2382747531 0.3069642782 -0.6653158665 -0.6805348992
-305.5 26.7 2572.2 -0.4519805908 0.7205855250 -0.5258042216 0.8599105477 0.1952212006 -0.4716381431 -0.2372074723 -0.6653158665 -0.7078753114
-238.6 145.0 2904.3 -0.2854087651 0.1779105365 -0.9417482018 -0.9574499130 -0.0090503115 0.2884576023 0.0427965336 0.9840050340 0.1729234606
-313.0 -104.5 2915.4 0.3760943711 0.1779105365 -0.9093409181 -0.9234186411 -0.0090503115 -0.3836874664 -0.0764918625 0.9840050340 0.1608821452
-461.9 -67.9 2560.1 -0.8533270359 0.0798999593 0.5152173638 -0.0044936920 0.9870238900 -0.1605104357 -0.5213566422 -0.1392831206 -0.8418951631
-493.7 -460.1 2615.5 -0.8564328551 -0.0258282367 0.5156119466 0.0550825410 0.9884750247 0.1410073340 -0.5133114457 0.1491645426 -0.8451398015
-433.7 -154.5 2719.3 -0.6329593658 0.1744945645 0.7542639375 -0.0937232822 0.9498317838 -0.2983882725 -0.7684910297 -0.2595597208 -0.5848506689
-502.7 -530.4 2822.1 -0.6329593658 -0.3460175097 0.6925563812 -0.0937232822 0.9222301841 0.3751098812 -0.7684910297 0.1725206524 -0.6161640882
-189.0 -195.0 2633.3 0 0 0 0 0 0 0 0 0
-215.4 -344.1 2895.6 0 0 0 0 0 0 0 0 0
-484.2 -823.6 2560.6 0 0 0 0 0 0 0 0 0
-398.2 -808.9 2770.0 0 0 0 0 0 0 0 0 0
-154.5 372.8 2847.0 0 0.2521642745 0.5251561999 -0.8127878904 -0.5386037230 0.7739719152 0.3329767883 0.8039398193 0.3538057506 0.4780191481
-260.2 217.0 2775.8 0.2521642745 0.5251561999 -0.8127878904 -0.5386037230 0.7739719152 0.3329767883 0.8039398193 0.3538057506 0.4780191481
-356.4 57.3 2706.9 0.2685665190 0.4837971628 -0.8329539895 -0.5129552484 0.8037469983 0.3014427125 0.8153213859 0.3463106751 0.4640258253
-299.3 291.8 2656.8 0.0425483063 0.6928249598 -0.7198494077 0.9559348822 0.1812498271 0.2309480309 0.2904791534 -0.6979556084 -0.6545836926
-311.3 24.1 2575.5 -0.4480988383 0.6928249598 -0.5649787784 0.8665488958 0.1812498271 -0.4650177360 -0.2197735906 -0.6979556084 -0.6815845370
-221.1 142.1 2894.7 -0.2756195068 0.2478264719 -0.9287711978 -0.9608823657 -0.0437061749 0.2734864950 0.0271841586 0.9678180814 0.2501783669
-292.9 -108.3 2901.8 0.3754419088 0.2478264719 -0.8930987716 -0.9165853262 -0.0437061749 -0.3974432647 -0.1375308931 0.9678180814 0.2107449770
-472.0 -63.2 2563.2 -0.8893786073 0.0556678213 0.4537695050 -0.0098748710 0.9899880886 -0.1408049166 -0.4570647180 -0.1297097951 -0.8799245358
-494.1 -456.5 2614.8 -0.8920627236 -0.0283776876 0.4510197639 0.0416110046 0.9886287451 0.1445050389 -0.4499918222 0.1476749331 -0.8807380199
-434.5 -151.9 2719.0 -0.6914974451 0.1357086301 0.7095170617 -0.0922735259 0.9575554729 -0.2730807662 -0.7164613605 -0.2543042898 -0.6496248841
-488.3 -531.4 2819.8 -0.6914974451 -0.3090597987 0.6529267430 -0.0922735259 0.9342424273 0.3444947898 -0.7164613605 0.1779694110 -0.6745442748
-195.5 -199.7 2632.3 0 0 0 0 0 0 0 0 0
-195.5 -346.1 2866.1 0 0 0 0 0 0 0 0 0
-483.6 -823.1 2560.0 0 0 0 0 0 0 0 0 0
-399.5 -799.8 2768.6 0 0 0 0 0 0 0 0 0
-146.9 375.4 2843.4 1 0.2432748079 0.5308213234 -0.8118165135 -0.5622055531 0.7591969371 0.3279404640 0.7904064059 0.3766280711 0.4831241965
-254.6 221.4 2767.0 0.2432748079 0.5308213234 -0.8118165135 -0.5622055531 0.7591969371 0.3279404640 0.7904064059 0.3766280711 0.4831241965
-353.1 64.6 2694.9 0.2620003223 0.4955823123 -0.8281026483 -0.5339566469 0.7892122269 0.3033715785 0.8038943410 0.3626874983 0.4713933468
-292.8 299.3 2649.7 0.0808920413 0.6571215391 -0.7494316101 0.9608405232 0.1485209018 0.2339381576 0.2650320530 -0.7390079498 -0.6193748713
-316.2 20.9 2572.8 -0.4556198418 0.6571215391 -0.6005012989 0.8592917323 0.1485209018 -0.4894478619 -0.2324397564 -0.7390079498 -0.6323282123
-216.4 143.5 2884.3 -0.2893079221 0.2481232584 -0.9245192409 -0.9572096467 -0.0678076744 0.2813393772 0.0071173492 0.9663524032 0.2571232617
-291.8 -105.9 2886.1 0.3621589243 0.2481232584 -0.8984852433 -0.9187213778 -0.0678076744 -0.3890412450 -0.1574543715 0.9663524032 0.2033990026
-476.9 -55.5 2563.8 -0.8913392425 0.0513166934 0.4504231215 -0.0114264991 0.9907136559 -0.1354838014 -0.4531929195 -0.1259087920 -0.8824756145
-497.3 -449.2 2613.9 -0.8936669827 -0.0356178433 0.4473150373 0.0307486523 0.9896410704 0.1402321160 -0.4476760924 0.1390751451 -0.8833143115
-428.0 -149.4 2712.7 -0.6892772913 0.1330992281 0.7121667266 -0.0924462825 0.9587869048 -0.2686659098 -0.7185753584 -0.2510224581 -0.6485654712
-480.8 -529.9 2812.4 -0.6892772913 -0.2795292735 0.6684012413 -0.0924462825 0.9489647150 0.3015288711 -0.7185753584 0.1460457891 -0.6799412370
-198.0 -202.1 2633.2 0 0 0 0 0 0 0 0 0
-197.8 -344.3 2845.3 0 0 0 0 0 0 0 0 0
-483.9 -822.4 2561.4 0 0 0 0 0 0 0 0 0
-400.0 -804.3 2770.1 0 0 0 0 0 0 0 0 0
-137.6 389.6 2842.1 2 0.3342294395 0.5191596150 -0.7866155505 -0.5746555328 0.7737814784 0.2665206790 0.7470353246 0.3629538715 0.5569584966
-242.3 233.6 2768.9 0.3342294395 0.5191596150 -0.7866155505 -0.5746555328 0.7737814784 0.2665206790 0.7470353246 0.3629538715 0.5569584966
-342.2 77.2 2697.9 0.3438725173 0.5024803877 -0.7932623029 -0.5599151254 0.7878924012 0.2563604116 0.7538214326 0.3560042679 0.5522809029
-292.3 315.2 2659.1 0.0751492307 0.6740475297 -0.7348554730 0.9533038735 0.1676131785 0.2512321174 0.2925138474 -0.7194204330 -0.6299760938
-315.6 20.0 2568.6 -0.4537586272 0.6740475297 -0.5828920007 0.8624596596 0.1676131785 -0.4775658250 -0.2242016792 -0.7194204330 -0.6573947072
-192.2 152.0 2878.7 -0.2610355020 0.3309042156 -0.9068422318 -0.9652441144 -0.1019435674 0.2406475991 -0.0128154224 0.9381417036 0.3460142612
-260.2 -99.5 2875.4 0.3728246987 0.3309042156 -0.8668933511 -0.8991465569 -0.1019435674 -0.4256089628 -0.2292100042 0.9381417036 0.2595243156
-475.4 -43.3 2549.4 -0.9257838726 0.0525066517 0.3743891716 -0.0169147085 0.9835637212 -0.1797674894 -0.3776745796 -0.1727585346 -0.9096792936
-496.3 -433.7 2618.0 -0.9279851913 -0.0275506377 0.3715971410 0.0279387180 0.9893109798 0.1431196779 -0.3715681434 0.1431948990 -0.9172962308
-427.5 -141.1 2696.5 -0.6957428455 0.1346409172 0.7055591941 -0.1063167453 0.9521523714 -0.2865355611 -0.7103792429 -0.2743678093 -0.6481385827
-481.0 -519.1 2805.5 -0.6957428455 -0.2720494568 0.6647788882 -0.1063167453 0.9543097615 0.2792662978 -0.7103792429 0.1236203909 -0.6928775907
-198.5 -202.4 2626.4 0 0 0 0 0 0 0 0 0
-163.5 -332.8 2815.9 0 0 0 0 0 0 0 0 0
-485.4 -822.7 2561.7 0 0 0 0 0 0 0 0 0
-399.1 -806.4 2768.2 0 0 0 0 0 0 0 0 0
-139.9 388.1 2841.9 3 0.3269586265 0.5116593838 -0.7945455909 -0.5786535144 0.7731086612 0.2597365975 0.7471667528 0.3748435080 0.5488480330
-242.7 232.7 2766.6 0.3269586265 0.5116593838 -0.7945455909 -0.5786535144 0.7731086612 0.2597365975 0.7471667528 0.3748435080 0.5488480330
-343.1 76.9 2694.9 0.3367921114 0.5054707527 -0.7943993807 -0.5635988116 0.7840771079 0.2599604428 0.7542727590 0.3601699173 0.5489537120
-291.8 314.9 2656.6 0.0756454915 0.6905707121 -0.7192981243 0.9537233710 0.1604231298 0.2543151081 0.2910146117 -0.7052492499 -0.6464781761
-315.1 20.6 2566.8 -0.4453785419 0.6905707121 -0.5698684454 0.8626065254 0.1604231298 -0.4797649682 -0.2398915738 -0.7052492499 -0.6671398282
-193.6 150.4 2876.6 -0.2667842805 0.3256820142 -0.9070597291 -0.9636202455 -0.1059540734 0.2453767657 -0.0161918774 0.9395238161 0.3421006501
-263.1 -100.6 2872.4 0.3685157895 0.3256820142 -0.8707050681 -0.9008876681 -0.1059540734 -0.4209217131 -0.2293413877 0.9395238161 0.2543571591
-473.3 -28.3 2558.6 -0.9235904217 0.0573488548 0.3790670335 -0.0034718502 0.9874568582 -0.1578509510 -0.3833648860 -0.1471056938 -0.9118065834
-496.0 -420.4 2617.0 -0.9248239994 -0.0253476407 0.3795497715 0.0273161735 0.9907761216 0.1327269673 -0.3794131875 0.1331169307 -0.9156011939
-410.6 -130.5 2696.0 -0.6608029604 0.1590144485 0.7335215211 -0.0918820575 0.9528107643 -0.2893256843 -0.7449141741 -0.2585847378 -0.6150096059
-473.8 -508.9 2798.7 -0.6608029604 -0.2424655855 0.7103167176 -0.0918820575 0.9653975964 0.2440597862 -0.7449141741 0.0960100740 -0.6602158546
-199.4 -203.4 2629.1 0 0 0 0 0 0 0 0 0
-167.5 -334.4 2812.9 0 0 0 0 0 0 0 0 0
-485.7 -823.4 2562.9 0 0 0 0 0 0 0 0 0
-398.7 -807.8 2768.9 0 0 0 0 0 0 0 0 0
-148.2 386.2 2841.3 4 0.3141502440 0.4986628890 -0.8078644276 -0.5836514831 0.7725855708 0.2499249727 0.7487727404 0.3929972649 0.5337532759
-248.2 231.2 2762.5 0.3141502440 0.4986628890 -0.8078644276 -0.5836514831 0.7725855708 0.2499249727 0.7487727404 0.3929972649 0.5337532759
-345.4 74.7 2688.3 0.3273240924 0.4895527959 -0.8082060218 -0.5628468394 0.7880420685 0.2493854910 0.7589877248 0.3732663393 0.5334883928
-295.9 313.4 2651.8 0.0615873896 0.6850603223 -0.7258783579 0.9579911232 0.1635252237 0.2356108576 0.2801070809 -0.7098956704 -0.6462106109
-314.8 20.1 2566.0 -0.4442532361 0.6850603223 -0.5773486495 0.8660848141 0.1635252237 -0.4723945260 -0.2292076796 -0.7098956704 -0.6659669280
-200.4 149.1 2873.3 -0.2560384870 0.3075155318 -0.9164488316 -0.9663402438 -0.1060556322 0.2343900949 -0.0251159742 0.9456142783 0.3243189454
-267.2 -102.7 2866.8 0.3827784359 0.3075155318 -0.8711572289 -0.8960285187 -0.1060556322 -0.4311439395 -0.2249745876 0.9456142783 0.2349468619
-474.3 -27.4 2554.4 -0.9157304168 0.0421973728 0.3995712399 -0.0175551698 0.9893181920 -0.1447111964 -0.4014095366 -0.1395309865 -0.9052079916
-491.1 -420.3 2609.9 -0.9177199602 -0.0169279985 0.3968670666 0.0320444666 0.9926804304 0.1164418533 -0.3959333003 0.1195784062 -0.9104602337
-412.8 -130.5 2692.4 -0.6445908546 0.1485358179 0.7499598265 -0.0972622037 0.9570426345 -0.2731472254 -0.7583156824 -0.2490109652 -0.6024540663
-471.8 -510.6 2791.3 -0.6434077024 -0.2362744957 0.7281489372 -0.1021502167 0.9691699743 0.2242205143 -0.7586776614 0.0698846430 -0.6477069855
-199.8 -204.1 2625.3 0 0 0 0 0 0 0 0 0
-167.9 -335.2 2808.4 0 0 0 0 0 0 0 0 0
-484.2 -822.0 2561.5 0 0 0 0 0 0 0 0 0
-398.5 -811.2 2769.6 0 0 0 0 0 0 0 0 0
-150.0 389.2 2831.6 5 0.3640953302 0.5105296969 -0.7789698243 -0.5753878355 0.7809774280 0.2429056168 0.7323683500 0.3597689569 0.5781028271
-252.7 232.0 2759.2 0.3640953302 0.5105296969 -0.7789698243 -0.5753878355 0.7809774280 0.2429056168 0.7323683500 0.3597689569 0.5781028271
-349.0 72.6 2689.9 0.3792204261 0.4848582745 -0.7881017327 -0.5513278246 0.8024216890 0.2283792049 0.7431214452 0.3478963077 0.5716105700
-308.1 312.5 2650.8 0.0427393764 0.7016303539 -0.7112581730 0.9560387135 0.1779987514 0.2330375016 0.2901092470 -0.6899502277 -0.6631782055
-321.5 12.5 2559.8 -0.4721638560 0.7016303539 -0.5336441994 0.8413308263 0.1779987514 -0.5103712678 -0.2631039917 -0.6899502277 -0.6743478179
-197.4 151.6 2867.5 -0.2298972905 0.3557259738 -0.9058731794 -0.9731506109 -0.0947234184 0.2097745091 -0.0111851618 0.9297776818 0.3679516017
-257.3 -102.0 2864.6 0.3962963521 0.3557259738 -0.8464090228 -0.8856955171 -0.0947234184 -0.4545006752 -0.2418524623 0.9297776818 0.2775263786
-472.6 -30.4 2544.7 -0.9325245023 0.0481606983 0.3578806520 -0.0194502212 0.9829286933 -0.1829558015 -0.3605824709 -0.1775716245 -0.9156683683
-491.7 -420.6 2615.2 -0.9346219301 -0.0163817108 0.3552653193 0.0318399481 0.9910728931 0.1294632107 -0.3542146385 0.1323107779 -0.9257568717
-412.7 -133.5 2683.7 -0.6736065149 0.1428535134 0.7251532078 -0.0873897523 0.9588660002 -0.2700721622 -0.7339054942 -0.2452933192 -0.6334144473
-469.5 -514.5 2781.2 -0.6648140550 -0.2351438701 0.7090343237 -0.1259450763 0.9708597064 0.2038852870 -0.7363152504 0.0462464169 -0.6750563979
-199.5 -205.0 2627.8 0 0 0 0 0 0 0 0 0
-154.5 -331.7 2801.9 0 0 0 0 0 0 0 0 0
-485.2 -819.4 2562.0 0 0 0 0 0 0 0 0 0
-396.7 -814.9 2766.9 0 0 0 0 0 0 0 0 0
-153.2 394.4 2835.7 6 0.3407314420 0.4908148944 -0.8018745780 -0.5753868818 0.7833906412 0.2350085825 0.7435267568 0.3813132644 0.5493342876
-251.4 237.6 2759.4 0.3407314420 0.4908148944 -0.8018745780 -0.5753868818 0.7833906412 0.2350085825 0.7435267568 0.3813132644 0.5493342876
-346.7 77.8 2689.7 0.3596224487 0.4799408317 -0.8002052903 -0.5444889069 0.8043706417 0.2377388328 0.7577621937 0.3502066731 0.5505921841
-303.9 317.1 2648.8 0.0892602503 0.6210067272 -0.7787061334 0.9573863745 0.1621101499 0.2390221953 0.2746705711 -0.7668578625 -0.5800734162
-332.7 8.0 2560.1 -0.5165693164 0.6210067272 -0.5894970894 0.8204830289 0.1621101499 -0.5482043028 -0.2448750883 -0.7668578625 -0.5932666063
-198.9 158.2 2869.9 -0.2335589975 0.3336750865 -0.9132968187 -0.9723253250 -0.0857520998 0.2173247188 -0.0058012763 0.9387797713 0.3444689214
-259.8 -95.2 2868.4 0.3981689215 0.3336750865 -0.8544720411 -0.8898423314 -0.0857520998 -0.4481374621 -0.2228050828 0.9387797713 0.2627744079
-479.9 -36.3 2552.8 -0.9246616364 0.0287827495 0.3797004223 -0.0355779119 0.9862472415 -0.1614020765 -0.3791240752 -0.1627512574 -0.9109209180
-491.3 -428.0 2617.5 -0.9284188747 -0.0193458274 0.3710312247 0.0352400616 0.9895558357 0.1397761405 -0.3698602021 0.1428459734 -0.9180405736
-410.2 -130.0 2687.0 -0.6570124030 0.0645868331 0.7511079907 -0.0952402949 0.9812295437 -0.1676836908 -0.7478395700 -0.1817060113 -0.6385287046
-435.7 -517.9 2758.8 -0.6555446982 -0.1142026708 0.7464709282 -0.1085136682 0.9924855232 0.0565446429 -0.7473191619 -0.0439347588 -0.6630111933
-199.4 -203.8 2623.3 0 0 0 0 0 0 0 0 0
-156.5 -326.1 2810.6 0 0 0 0 0 0 0 0 0
-483.6 -820.5 2560.8 0 0 0 0 0 0 0 0 0
-396.6 -857.8 2773.9 0 0 0 0 0 0 0 0 0
-157.1 402.2 2837.7 7 0.3491272032 0.4702932835 -0.8105149269 -0.5832363367 0.7860438824 0.2048666626 0.7334477305 0.4011972249 0.5487214923
-250.7 245.7 2757.9 0.3491272032 0.4702932835 -0.8105149269 -0.5832363367 0.7860438824 0.2048666626 0.7334477305 0.4011972249 0.5487214923
-344.3 86.3 2685.0 0.3654189706 0.4711543620 -0.8027967215 -0.5557502508 0.8022882342 0.2178881764 0.7467333078 0.3665339947 0.5550155044
-304.1 326.8 2648.9 0.0907343701 0.6340734959 -0.7679310441 0.9578105807 0.1555919349 0.2416402698 0.2727015615 -0.7574575543 -0.5932047367
-334.4 6.6 2557.7 -0.5145172477 0.6340734959 -0.5772545338 0.8161313534 0.1555919349 -0.5565256476 -0.2630620003 -0.7574575543 -0.5975419879
-197.4 164.6 2866.9 -0.2230048031 0.3344803751 -0.9156373143 -0.9744835496 -0.1010702252 0.2004161477 -0.0255084094 0.9369673133 0.3484847546
-255.5 -89.3 2860.2 0.4078160822 0.3344803751 -0.8495934010 -0.8807954192 -0.1010702252 -0.4625842869 -0.2405939549 0.9369673133 0.2533907294
-474.9 -32.2 2550.8 -0.9239185452 0.0469665378 0.3796954751 -0.0300359167 0.9804690480 -0.1943662316 -0.3814083934 -0.1909830719 -0.9044628739
-493.6 -421.4 2626.6 -0.9278522730 -0.0252376217 0.3720930517 0.0378887132 0.9861668348 0.1613672525 -0.3710183799 0.1638230979 -0.9140608907
-408.9 -128.3 2688.7 -0.6571517587 0.0835300609 0.7491157055 -0.1056673899 0.9738174677 -0.2012807280 -0.7463149428 -0.2114290893 -0.6311194301
-442.0 -514.0 2772.4 -0.6594977975 -0.0611226596 0.7492173910 -0.0731632337 0.9971759319 0.0169497561 -0.7481375337 -0.0436368398 -0.6621072888
-201.4 -204.4 2625.7 0 0 0 0 0 0 0 0 0
-149.7 -317.8 2797.8 0 0 0 0 0 0 0 0 0
-483.3 -821.6 2560.1 0 0 0 0 0 0 0 0 0
-419.9 -874.9 2788.2 0 0 0 0 0 0 0 0 0
-162.4 403.9 2838.7 8 0.3478329778 0.4675340950 -0.8126648068 -0.5995797515 0.7772977948 0.1905577928 0.7207748294 0.4209750891 0.5506937504
-255.1 249.8 2755.3 0.3478329778 0.4675340950 -0.8126648068 -0.5995797515 0.7772977948 0.1905577928 0.7207748294 0.4209750891 0.5506937504
-346.3 92.0 2676.3 0.3616568744 0.4594806433 -0.8112224340 -0.5761446357 0.7942337394 0.1930029988 0.7329813838 0.3975805938 0.5519673824
-307.9 333.8 2648.3 0.0773279071 0.6492955685 -0.7565947771 0.9634469748 0.1465667486 0.2242501229 0.2564962506 -0.7462797165 -0.6142281294
-334.5 1.6 2559.8 -0.5153811574 0.6492955685 -0.5592830181 0.8063893914 0.1465667486 -0.5729348660 -0.2900317907 -0.7462797165 -0.5991227627
-202.3 165.8 2862.3 -0.2138017416 0.3243412077 -0.9214616418 -0.9750783443 -0.1280709803 0.1811629981 -0.0592538789 0.9372302890 0.3436398804
-258.0 -88.3 2846.8 0.4186261296 0.3243412077 -0.8482658863 -0.8690532446 -0.1280709803 -0.4778538346 -0.2636259198 0.9372302890 0.2282559127
-471.4 -22.1 2543.8 -0.9197874665 0.0449483208 0.3898341060 -0.0427381583 0.9760349393 -0.2133757770 -0.3900825977 -0.2129211575 -0.8958237171
-489.2 -409.8 2628.3 -0.9250426888 -0.0153649794 0.3795522451 0.0474347249 0.9866883755 0.1555506289 -0.3768898249 0.1618949324 -0.9120000601
-404.3 -122.2 2680.2 -0.6502779722 0.1054636538 0.7523403168 -0.1188008189 0.9640163779 -0.2378208935 -0.7503498197 -0.2440283448 -0.6143494844
-446.1 -504.4 2776.9 -0.6545534134 -0.0550889745 0.7540059686 -0.0612551011 0.9979270101 0.0197346434 -0.7535300851 -0.0332693346 -0.6565710306
-202.4 -205.1 2634.2 0 0 0 0 0 0 0 0 0
-149.4 -313.8 2778.4 0 0 0 0 0 0 0 0 0
-482.8 -824.0 2560.4 0 0 0 0 0 0 0 0 0
-425.6 -875.6 2789.3 0 0 0 0 0 0 0 0 0
-170.5 405.8 2829.3 9 0.3879734278 0.4616339505 -0.7977284789 -0.5929201245 0.7876603007 0.1674423069 0.7056361437 0.4080260992 0.5793033242
-261.6 250.3 2748.7 0.3879734278 0.4616339505 -0.7977284789 -0.5929201245 0.7876603007 0.1674423069 0.7056361437 0.4080260992 0.5793033242
-350.6 90.7 2670.9 0.4000800252 0.4479244351 -0.7995621562 -0.5717366934 0.8038311005 0.1642338037 0.7162772417 0.3914323747 0.5776916146
-320.0 333.7 2644.2 0.0204599835 0.6943928003 -0.7193052769 0.9731967449 0.1510024369 0.1734542996 0.2290622741 -0.7035744190 -0.6726912856
-327.1 -3.2 2564.9 -0.4956605136 0.6943928003 -0.5216697454 0.8091750741 0.1510024369 -0.5678326488 -0.3155255020 -0.7035744190 -0.6367312670
-203.2 167.0 2853.3 -0.1870522052 0.3559021056 -0.9156119227 -0.9803704619 -0.1267725080 0.1510048658 -0.0623314716 0.9258846641 0.3726289868
-252.0 -88.5 2837.0 0.4356097579 0.3559021056 -0.8267876506 -0.8540331125 -0.1267725080 -0.5045355558 -0.2843792140 0.9258846641 0.2487288415
-470.7 -12.9 2530.2 -0.9288626313 0.0413997285 0.3681036830 -0.0441276133 0.9742916226 -0.2209266275 -0.3677866161 -0.2214540094 -0.9031562209
-487.2 -399.9 2618.1 -0.9330000281 -0.0091421269 0.3597601354 0.0400556326 0.9908276200 0.1290587038 -0.3576401770 0.1348221898 -0.9240760207
-404.3 -117.6 2664.3 -0.6688784957 0.0957041532 0.7371853590 -0.1324417442 0.9604696631 -0.2448615879 -0.7314784527 -0.2614167631 -0.6297622919
-442.3 -498.7 2768.0 -0.6721451283 -0.0234003011 0.7400495410 -0.0630431697 0.9976795316 -0.0257120039 -0.7377306223 -0.0639372692 -0.6720606685
-201.7 -207.9 2644.7 0 0 0 0 0 0 0 0 0
-139.0 -310.1 2763.2 0 0 0 0 0 0 0 0 0
-483.3 -824.8 2560.3 0 0 0 0 0 0 0 0 0
-433.5 -874.6 2792.1 0 0 0 0 0 0 0 0 0
-183.6 407.8 2824.0 0 0.4235184193 0.4291464388 -0.7977878451 -0.5760669112 0.8072512150 0.1284226775 0.6991273761 0.4051898122 0.5891028047
-268.5 248.1 2743.8 0.4235184193 0.4291464388 -0.7977878451 -0.5760669112 0.8072512150 0.1284226775 0.6991273761 0.4051898122 0.5891028047
-352.1 85.9 2665.5 0.4306748807 0.4210169613 -0.7982881069 -0.5623944998 0.8169850707 0.1274669766 0.7058551908 0.3940560222 0.5886325836
-331.4 330.1 2640.8 -0.0233777259 0.7307869196 -0.6822052002 0.9712317586 0.1783631891 0.1577828676 0.2369859517 -0.6588907838 -0.7139332294
-323.4 -3.2 2559.5 -0.4861619473 0.7307869196 -0.4791628122 0.8135735393 0.1783631891 -0.5534299016 -0.3189743161 -0.6588907838 -0.6812623143
-205.7 166.1 2846.8 -0.1495039463 0.3717591763 -0.9162116051 -0.9862944484 -0.1214833185 0.1116470993 -0.0697985888 0.9203460813 0.3848262429
-244.6 -90.9 2828.6 0.4650338888 0.3717591763 -0.8034541607 -0.8336712122 -0.1214833185 -0.5387337804 -0.2978855073 0.9203460813 0.2534310818
-476.2 -16.6 2527.5 -0.9308084249 0.0090577248 0.3653951585 -0.0724826381 0.9752647281 -0.2088181376 -0.3582484126 -0.2208544910 -0.9071280956
-479.8 -403.9 2615.2 -0.9370648265 0.0133568989 0.3488999307 0.0572844557 0.9916086793 0.1158911958 -0.3444242477 0.1285841018 -0.9299666882
-402.8 -120.9 2658.6 -0.6711356640 0.0931843892 0.7354546785 -0.1399154663 0.9583174586 -0.2491009980 -0.7280113697 -0.2700820565 -0.6301230788
-439.8 -501.4 2765.9 -0.6731280684 0.0017690684 0.7395238280 -0.0608408265 0.9964747429 -0.0577621683 -0.7370190024 -0.0838745758 -0.6706475019
-201.1 -207.8 2639.7 0 0 0 0 0 0 0 0 0
-124.0 -307.2 2751.4 0 0 0 0 0 0 0 0 0
-485.4 -821.4 2561.1 0 0 0 0 0 0 0 0 0
-440.5 -879.4 2797.7 0 0 0 0 0 0 0 0 0
-196.4 408.1 2821.4 1 0.4153380096 0.4214772582 -0.8061335087 -0.5772762895 0.8070009351 0.1245051250 0.7030265927 0.4136500657 0.5784869790
-280.3 247.5 2739.0 0.4153380096 0.4214772582 -0.8061335087 -0.5772762895 0.8070009351 0.1245051250 0.7030265927 0.4136500657 0.5784869790
-361.7 85.2 2658.4 0.4220474660 0.4100039601 -0.8085620999 -0.5641723871 0.8169251084 0.1197619885 0.7096375823 0.4056231380 0.5760940909
-341.9 329.8 2635.4 -0.0489606895 0.7626754045 -0.6449256539 0.9642425776 0.2044729441 0.1686031669 0.2604593337 -0.6136098504 -0.7454152703
