266.7 340.3 2496.5 06 0.4845990241 0.7253478765 -0.4889113009 -0.4561234415 0.6864580512 0.5663274527 0.7464014888 -0.0514378175 0.6635050774
122.4 203.8 2506.7 0.4845990241 0.7253478765 -0.4889113009 -0.4561234415 0.6864580512 0.5663274527 0.7464014888 -0.0514378175 0.6635050774
-16.3 61.9 2518.7 0.5076362491 0.6976984143 -0.5054921508 -0.4334540665 0.7138662934 0.5500113368 0.7445958853 -0.0600980483 0.6648046374
51.1 264.6 2402.2 0.3172943890 0.2932009101 -0.9018633366 0.8901320100 0.2359354496 0.3898710608 0.3270920813 -0.9264813662 -0.1861265302
-22.3 58.7 2326.5 -0.7211359739 0.2932009101 -0.6276911497 0.6908171177 0.2359354496 -0.6834516525 -0.0522940680 -0.9264813662 -0.3726897538
193.7 142.9 2611.3 0.0971477553 0.9893516302 -0.1083772704 -0.8193423152 0.1413180530 0.5556144118 0.5650137067 0.0348213874 0.8243464231
227.1 -139.4 2806.0 0.0146789616 0.9893516302 0.1448027939 0.1411450654 0.1413180530 -0.9798506498 -0.9898800850 0.0348213874 -0.1375676990
-203.9 -33.5 2466.9 0.6438308358 -0.0731303841 -0.7616651654 0.0427785367 0.9973056316 -0.0595946908 0.7639710903 0.0057859779 0.6452245116
-174.8 -430.0 2464.6 0.6310159564 0.1459075361 -0.7619251013 -0.0745346993 0.9890126586 0.1276658326 0.7721809745 -0.0237693209 0.6349579096
-108.0 -117.0 2598.4 0.1370203793 -0.2238069326 -0.9649538398 0.0556366518 0.9743427634 -0.2180843353 0.9890045524 -0.0238048043 0.1459566802
-19.0 -504.3 2607.8 0.1345623136 0.1160866395 -0.9840817451 0.0343758687 0.9919692874 0.1217176169 0.9903087020 -0.0502072684 0.1294911057
164.6 -120.4 2340.1 0 0 0 0 0 0 0 0 0
231.1 -101.5 2540.4 0 0 0 0 0 0 0 0 0
-222.1 -750.3 2472.3 0 0 0 0 0 0 0 0 0
-45.1 -727.7 2619.1 0 0 0 0 0 0 0 0 0
268.5 335.2 2495.6 07 0.4739229083 0.7297145128 -0.4928628206 -0.4390529692 0.6809930801 0.5860724449 0.7633017302 -0.0613602512 0.6431215405
123.2 199.6 2507.9 0.4739229083 0.7297145128 -0.4928628206 -0.4390529692 0.6809930801 0.5860724449 0.7633017302 -0.0613602512 0.6431215405
-15.5 57.8 2521.4 0.4984503984 0.6975911260 -0.5146977901 -0.4150931835 0.7132763863 0.5647428036 0.7610813379 -0.0678487271 0.6450982094
53.1 257.9 2400.9 0.3316801488 0.2965528369 -0.8955695033 0.8834164739 0.2354452461 0.4051429629 0.3310038745 -0.9255387187 -0.1838871539
-22.1 57.5 2325.8 -0.7231885791 0.2965528369 -0.6237424612 0.6883261204 0.2354452461 -0.6861287951 -0.0566162318 -0.9255387187 -0.3743963838
193.2 141.2 2614.8 0.0911022052 0.9885962009 -0.1199079528 -0.8055603504 0.1439484209 0.5747620463 0.5854681134 0.0442310050 0.8094879389
224.6 -136.5 2816.7 0.0272657815 0.9885962009 0.1481016725 0.1177631691 0.1439484209 -0.9825531244 -0.9926673174 0.0442310050 -0.1124953628
-201.5 -40.4 2462.5 0.6351453066 -0.0641601607 -0.7697232366 0.0427311361 0.9979366064 -0.0479228012 0.7712097764 -0.0024532070 0.6365764141
-176.0 -437.1 2463.4 0.6221670508 0.1480027586 -0.7687674165 -0.0725746229 0.9886429310 0.1315981150 0.7795133591 -0.0260830075 0.6258423328
-108.5 -119.7 2598.8 0.1305409372 -0.2153523117 -0.9677718878 0.0506721735 0.9762981534 -0.2104145288 0.9901471734 -0.0215713978 0.1383592337
-22.9 -507.8 2607.4 0.1290567070 0.0998724476 -0.9865950942 0.0357624814 0.9937993884 0.1052798331 0.9909921288 -0.0488701575 0.1246847808
164.7 -120.3 2340.5 0 0 0 0 0 0 0 0 0
232.0 -104.8 2550.1 0 0 0 0 0 0 0 0 0
-223.0 -751.1 2471.7 0 0 0 0 0 0 0 0 0
-45.2 -729.2 2618.3 0 0 0 0 0 0 0 0 0
267.9 333.7 2495.7 08 0.4673778415 0.7306624055 -0.4976851046 -0.4349770546 0.6801585555 0.5900672078 0.7696446776 -0.0593027398 0.6357123852
122.8 198.6 2507.5 0.4673778415 0.7306624055 -0.4976851046 -0.4349770546 0.6801585555 0.5900672078 0.7696446776 -0.0593027398 0.6357123852
-16.4 57.3 2521.3 0.4927947521 0.6998252273 -0.5171053410 -0.4102599621 0.7109418511 0.5711816549 0.7673591971 -0.0693277121 0.6374586821
53.5 256.3 2399.6 0.3224350810 0.3009914756 -0.8974629641 0.8909586072 0.2237407714 0.3951365054 0.3197317719 -0.9270082116 -0.1960290670
-19.9 53.7 2326.9 -0.7160655260 0.3009914756 -0.6298049092 0.6950233579 0.2237407714 -0.6832880974 -0.0647508502 -0.9270082116 -0.3694091439
192.1 140.9 2615.4 0.0857714042 0.9886420965 -0.1234100834 -0.8010078669 0.1420862377 0.5815478563 0.5924775600 0.0489722788 0.8040970564
221.7 -135.4 2819.8 0.0334419347 0.9886420965 0.1465210617 0.1097013056 0.1420862377 -0.9837566614 -0.9934018850 0.0489722788 -0.1037036926
-199.9 -46.0 2465.1 0.6312377453 -0.0521647185 -0.7738331556 0.0362231173 0.9986296892 -0.0377702080 0.7747430205 -0.0041886684 0.6322623491
-179.1 -443.0 2466.8 0.6195886731 0.1404355019 -0.7722614408 -0.0725675151 0.9898993373 0.1217916608 0.7815650105 -0.0194196384 0.6235214472
-108.5 -122.0 2604.6 0.1302172840 -0.2214529365 -0.9664378166 0.0335333161 0.9751632810 -0.2189340442 0.9909182191 -0.0038988665 0.1344091743
-20.5 -509.7 2606.1 0.1308662891 0.1155835763 -0.9846392274 0.0390852429 0.9918069243 0.1216197014 0.9906292558 -0.0544007830 0.1252764761
165.0 -125.7 2343.6 0 0 0 0 0 0 0 0 0
230.6 -105.9 2552.8 0 0 0 0 0 0 0 0 0
-222.9 -751.4 2472.8 0 0 0 0 0 0 0 0 0
-46.0 -728.4 2618.1 0 0 0 0 0 0 0 0 0
268.0 333.1 2495.2 09 0.4761785269 0.7341716290 -0.4839897454 -0.4449408352 0.6759009957 0.5875248909 0.7584732175 -0.0644199476 0.6485124826
122.0 198.7 2508.1 0.4761785269 0.7341716290 -0.4839897454 -0.4449408352 0.6759009957 0.5875248909 0.7584732175 -0.0644199476 0.6485124826
-18.0 58.3 2522.4 0.5004476905 0.7042804956 -0.5035286546 -0.4216219783 0.7062274218 0.5687510371 0.7561659813 -0.0723314062 0.6503700018
51.6 258.0 2401.7 0.3002028465 0.3242402375 -0.8970766664 0.8971868753 0.2233972847 0.3809846640 0.3239350319 -0.9192181230 -0.2238396108
-17.7 51.1 2327.0 -0.7014667392 0.3242402375 -0.6346752644 0.7087247372 0.2233972847 -0.6691807508 -0.0751906037 -0.9192181230 -0.3865028620
192.4 139.3 2614.4 0.0880160630 0.9903010726 -0.1075034514 -0.8074700236 0.1341274381 0.5744580030 0.5833055377 0.0362442806 0.8114438057
222.7 -139.2 2815.7 0.0201635119 0.9903010726 0.1374672800 0.1193625405 0.1341274381 -0.9837491512 -0.9926459789 0.0362442806 -0.1155003682
-200.7 -46.4 2464.7 0.6416593790 -0.0541052781 -0.7650789618 0.0397647992 0.9985139966 -0.0372633711 0.7659582496 -0.0065128226 0.6428573728
-179.2 -443.4 2467.3 0.6296494603 0.1400088817 -0.7641590834 -0.0758821368 0.9900067449 0.1188634634 0.7731645703 -0.0168562923 0.6339814067
-110.3 -121.6 2605.4 0.1403653920 -0.2277426869 -0.9635511637 0.0411674716 0.9736867547 -0.2241412550 0.9892435670 -0.0082052890 0.1460475177
-19.8 -508.7 2608.7 0.1390011311 0.1199996173 -0.9829947948 0.0298199579 0.9916737080 0.1252758205 0.9898431301 -0.0467263423 0.1342653781
163.4 -131.8 2346.4 0 0 0 0 0 0 0 0 0
228.1 -107.2 2548.9 0 0 0 0 0 0 0 0 0
-222.9 -752.6 2472.5 0 0 0 0 0 0 0 0 0
-46.3 -728.1 2619.0 0 0 0 0 0 0 0 0 0
270.9 332.8 2495.5 10 0.4714293182 0.7351295948 -0.4871743917 -0.4326993823 0.6741580963 0.5985667109 0.7684566975 -0.0713818446 0.6359080076
123.8 198.0 2509.8 0.4714293182 0.7351295948 -0.4871743917 -0.4326993823 0.6741580963 0.5985667109 0.7684566975 -0.0713818446 0.6359080076
-16.6 58.2 2525.2 0.4936003089 0.7066389322 -0.5069715977 -0.4115170538 0.7033184767 0.5796523094 0.7661674023 -0.0774891004 0.6379521489
54.4 255.9 2402.0 0.3244566917 0.3108883798 -0.8933511376 0.8897216916 0.2203283608 0.3998133242 0.3211279213 -0.9245560169 -0.2051171362
-19.6 52.9 2328.8 -0.6777023673 0.3108883798 -0.6663842201 0.7334163189 0.2203283608 -0.6430830956 -0.0531037264 -0.9245560169 -0.3773276806
193.3 140.1 2617.6 0.0815820023 0.9903338552 -0.1121748686 -0.7988579273 0.1322747618 0.5867958665 0.5959617496 0.0417398028 0.8019273281
221.4 -135.5 2823.2 0.0279537812 0.9903338552 0.1358580589 0.1044164523 0.1322747618 -0.9856980443 -0.9941407442 0.0417398028 -0.0997095704
-203.9 -43.5 2467.5 0.6364869475 -0.0647873953 -0.7685616612 0.0400519930 0.9978977442 -0.0509505309 0.7702468634 0.0016469207 0.6377437115
-178.2 -440.2 2466.8 0.6244311929 0.1400958896 -0.7684131861 -0.0755964890 0.9900044203 0.1190645173 0.7774128914 -0.0162582640 0.6287804246
-112.2 -120.8 2606.2 0.1355730742 -0.2363739461 -0.9621576071 0.0445866473 0.9715954065 -0.2324100286 0.9897636175 -0.0113908378 0.1422612965
-18.2 -507.1 2610.7 0.1336899102 0.1252111197 -0.9830814600 0.0295631904 0.9910409451 0.1302452087 0.9905821681 -0.0464754924 0.1287905425
155.0 -136.1 2342.4 0 0 0 0 0 0 0 0 0
229.0 -107.5 2555.9 0 0 0 0 0 0 0 0 0
-222.4 -752.3 2472.0 0 0 0 0 0 0 0 0 0
-46.2 -728.9 2621.1 0 0 0 0 0 0 0 0 0
274.4 336.2 2496.1 11 0.4836496413 0.7374123335 -0.4714934230 -0.4488631189 0.6714256406 0.5896689892 0.7514019608 -0.0735571980 0.6557319760
126.9 201.8 2510.9 0.4836496413 0.7374123335 -0.4714934230 -0.4488631189 0.6714256406 0.5896689892 0.7514019608 -0.0735571980 0.6557319760
-14.7 63.1 2526.2 0.5031558871 0.7120695114 -0.4896847010 -0.4304362833 0.6978439689 0.5724844337 0.7493722439 -0.0772708580 0.6576249003
56.1 262.4 2405.4 0.3255048096 0.2999752462 -0.8966947198 0.8914918900 0.2186702937 0.3967688978 0.3151013553 -0.9285462499 -0.1962472647
-20.2 53.3 2331.5 -0.6585840583 0.2999752462 -0.6901317835 0.7516575456 0.2186702937 -0.6222493052 -0.0357480869 -0.9285462499 -0.3694914281
197.7 141.3 2616.3 0.0842195079 0.9921919703 -0.0919901729 -0.8105872869 0.1219100133 0.5727880597 0.5795302391 0.0263261385 0.8145254254
226.7 -138.4 2816.2 0.0112489872 0.9921919703 0.1242118254 0.1227481067 0.1219100133 -0.9849217534 -0.9923741221 0.0263261385 -0.1204183251
-202.4 -43.9 2470.3 0.6496537328 -0.0638844743 -0.7575412989 0.0348189957 0.9979176521 -0.0542955920 0.7594324350 0.0088965083 0.6505253315
-177.0 -440.7 2466.8 0.6370075345 0.1461680084 -0.7568727136 -0.0803339779 0.9890995026 0.1234043092 0.7666602135 -0.0178068765 0.6418060660
-111.9 -119.4 2610.9 0.1515343785 -0.2397023588 -0.9589474201 0.0339829288 0.9708405733 -0.2373051792 0.9878676534 0.0033720508 0.1552615017
-16.6 -505.4 2609.5 0.1504391134 0.1310748011 -0.9798915386 0.0256687235 0.9903197885 0.1364105493 0.9882859588 -0.0456740484 0.1456183195
149.1 -140.0 2340.7 0 0 0 0 0 0 0 0 0
229.8 -105.4 2549.5 0 0 0 0 0 0 0 0 0
-223.0 -751.7 2472.4 0 0 0 0 0 0 0 0 0
-45.4 -723.4 2619.6 0 0 0 0 0 0 0 0 0
272.5 335.0 2495.5 12 0.4788727462 0.7412053943 -0.4704205394 -0.4452179372 0.6668815613 0.5975365639 0.7566121221 -0.0767043084 0.6493493319
124.3 201.6 2510.8 0.4788727462 0.7412053943 -0.4704205394 -0.4452179372 0.6668815613 0.5975365639 0.7566121221 -0.0767043084 0.6493493319
-17.9 63.6 2527.0 0.4994579554 0.7149559259 -0.4892644882 -0.4259735346 0.6944345832 0.5799199939 0.7543793917 -0.0812319368 0.6513931751
54.0 261.6 2404.7 0.3214529157 0.2896452844 -0.9015395641 0.8919647336 0.2270185649 0.3909750879 0.3179103136 -0.9298216105 -0.1853776127
-20.4 55.3 2331.1 -0.6449835300 0.2896452844 -0.7071788311 0.7640613914 0.2270185649 -0.6038814187 -0.0143686999 -0.9298216105 -0.3677300215
194.5 141.7 2616.9 0.0796574429 0.9925668836 -0.0920090601 -0.8059248328 0.1184479818 0.5800476074 0.5866343379 0.0279472731 0.8093695641
222.0 -136.4 2819.4 0.0143414000 0.9925668836 0.1208523884 0.1141998768 0.1184479818 -0.9863713384 -0.9933542609 0.0279472731 -0.1116523072
-202.4 -36.1 2472.9 0.6486675143 -0.0634964928 -0.7584185004 0.0234246105 0.9977071881 -0.0634954497 0.7607113123 0.0234217755 0.6486676335
-177.1 -432.8 2463.6 0.6384173632 0.1385857910 -0.7571111321 -0.0705895349 0.9900534153 0.1217017621 0.7664465904 -0.0242523961 0.6418499947
-110.1 -115.1 2610.3 0.1527857929 -0.2290742695 -0.9613435864 0.0258724596 0.9733582139 -0.2278252989 0.9879205823 0.0099361436 0.1546420157
-19.0 -502.0 2606.4 0.1547263116 0.1181884110 -0.9808624983 0.0419801623 0.9911354184 0.1260484159 0.9870650768 -0.0606797710 0.1483931690
145.7 -141.5 2334.8 0 0 0 0 0 0 0 0 0
225.9 -105.7 2552.3 0 0 0 0 0 0 0 0 0
-221.8 -751.9 2471.4 0 0 0 0 0 0 0 0 0
-45.5 -724.1 2620.0 0 0 0 0 0 0 0 0 0
271.0 334.8 2495.1 13 0.4842149019 0.7384001613 -0.4693624675 -0.4383714199 0.6689993143 0.6002252698 0.7572096586 -0.0848829225 0.6476329565
123.7 201.3 2512.1 0.4842149019 0.7384001613 -0.4693624675 -0.4383714199 0.6689993143 0.6002252698 0.7572096586 -0.0848829225 0.6476329565
-18.0 63.1 2529.8 0.5039568543 0.7128838301 -0.4876721203 -0.4198086262 0.6956011057 0.5830092430 0.7548431754 -0.0890825540 0.6498277783
52.8 260.4 2405.8 0.3177338839 0.2985802591 -0.8999416828 0.8928979039 0.2251251340 0.3899384141 0.3190273941 -0.9274526834 -0.1950718313
-20.4 54.8 2332.4 -0.6405899525 0.2985802591 -0.7074562311 0.7676252127 0.2251251340 -0.6000584960 -0.0198994502 -0.9274526834 -0.3734106421
194.6 142.3 2618.3 0.0843877494 0.9923844337 -0.0897318795 -0.8018530607 0.1210928932 0.5851224065 0.5915322304 0.0225746203 0.8059652448
223.7 -134.4 2822.4 0.0094758729 0.9923844337 0.1228141338 0.1076747403 0.1210928932 -0.9867839813 -0.9941410422 0.0225746203 -0.1057072803
-205.8 -35.4 2473.9 0.6522089839 -0.0744959861 -0.7543697953 0.0284380727 0.9968633652 -0.0738560259 0.7575055957 0.0267167445 0.6522817612
-176.2 -431.7 2463.3 0.6412317157 0.1422172189 -0.7540531754 -0.0704723001 0.9894367456 0.1266832054 0.7641044259 -0.0280934311 0.6444805861
-114.2 -113.5 2612.3 0.1587931365 -0.2451673448 -0.9563878179 0.0264984630 0.9693878889 -0.2441002131 0.9869562387 0.0134186316 0.1604287028
-16.7 -498.9 2607.0 0.1599474549 0.1253871322 -0.9791296721 0.0355657972 0.9905238152 0.1326561868 0.9864845872 -0.0560415462 0.1539722681
144.4 -142.7 2337.5 0 0 0 0 0 0 0 0 0
226.3 -105.5 2555.1 0 0 0 0 0 0 0 0 0
-222.5 -753.8 2472.4 0 0 0 0 0 0 0 0 0
-45.7 -727.3 2619.9 0 0 0 0 0 0 0 0 0
274.2 338.3 2495.0 14 0.5015685558 0.7368749380 -0.4532596767 -0.4697568119 0.6719384193 0.5725620389 0.7264692187 -0.0742573217 0.6831752062
126.7 203.9 2509.8 0.5015685558 0.7368749380 -0.4532596767 -0.4697568119 0.6719384193 0.5725620389 0.7264692187 -0.0742573217 0.6831752062
-14.2 64.6 2525.6 0.5243683457 0.7089088559 -0.4716842175 -0.4481092095 0.7007831335 0.5550686121 0.7240414023 -0.0796943605 0.6851370931
53.0 266.8 2408.0 0.3012151420 0.2909108400 -0.9080970883 0.9011034966 0.2246585488 0.3708652258 0.3119004965 -0.9299997091 -0.1944702119
-18.0 54.5 2334.5 -0.6329495907 0.2909108400 -0.7174577713 0.7741150260 0.2246585488 -0.5918399096 -0.0109896176 -0.9299997091 -0.3673959970
200.5 140.9 2611.6 0.1011356860 0.9924421310 -0.0694999769 -0.8246986270 0.1227048710 0.5521011353 0.5564563870 0.0014794135 0.8308755159
235.3 -143.4 2803.4 -0.0167459939 0.9924421310 0.1215658039 0.1473656297 0.1227048710 -0.9814411998 -0.9889402986 0.0014794135 -0.1483066678
-206.0 -36.7 2478.2 0.6699600220 -0.0767274201 -0.7384216189 0.0233226884 0.9963292480 -0.0823655501 0.7420307398 0.0379596464 0.6692902446
-175.5 -432.8 2463.1 0.6587451696 0.1458682269 -0.7380902767 -0.0750687197 0.9888731241 0.1284314543 0.7486116886 -0.0291961059 0.6623655558
-113.5 -113.7 2616.7 0.1760139167 -0.2348925620 -0.9559521675 0.0216536745 0.9718024135 -0.2348002642 0.9841495156 0.0206282344 0.1761370301
-20.1 -500.1 2608.5 0.1769101620 0.1085909754 -0.9782181978 0.0297946744 0.9928485155 0.1156034172 0.9837759137 -0.0495971106 0.1724095494
143.5 -143.0 2337.3 0 0 0 0 0 0 0 0 0
230.8 -103.9 2537.8 0 0 0 0 0 0 0 0 0
-222.6 -752.2 2472.6 0 0 0 0 0 0 0 0 0
-45.0 -727.7 2619.9 0 0 0 0 0 0 0 0 0
273.8 337.6 2496.9 15 0.5093083978 0.7262685299 -0.4616697133 -0.4533969164 0.6824189425 0.5733547211 0.7314616442 -0.0826947689 0.6768496037
128.9 201.5 2513.4 0.5093083978 0.7262685299 -0.4616697133 -0.4533969164 0.6824189425 0.5733547211 0.7314616442 -0.0826947689 0.6768496037
-9.9 60.3 2530.7 0.5308229923 0.6984963417 -0.4799268544 -0.4323668480 0.7102597356 0.5555087328 0.7288935781 -0.0873723552 0.6790288687
54.3 262.3 2410.8 0.3062649667 0.3433351219 -0.8878754377 0.8906259537 0.2259936780 0.3946038783 0.3361355960 -0.9116182923 -0.2365692258
-16.6 56.3 2333.1 -0.6140545011 0.3433351219 -0.7106744051 0.7884510159 0.2259936780 -0.5720767975 -0.0358061343 -0.9116182923 -0.4094753563
203.6 140.7 2615.9 0.1133642644 0.9904871583 -0.0779983029 -0.8168911338 0.1376050413 0.5601372719 0.5655417442 0.0002165710 0.8247196674
242.7 -141.1 2810.9 -0.0187104773 0.9904871583 0.1363272220 0.1362377554 0.1376050413 -0.9810729623 -0.9904994965 0.0002165710 -0.1375163943
-203.3 -33.6 2475.1 0.6712697744 -0.0714864358 -0.7377578020 0.0189057495 0.9966657758 -0.0793718845 0.7409719825 0.0393320844 0.6703831553
-174.8 -429.9 2459.4 0.6611460447 0.1447875649 -0.7361538410 -0.0677592829 0.9887153506 0.1336064637 0.7471911311 -0.0384521298 0.6634959579
-107.1 -115.8 2607.8 0.1750814617 -0.2149390876 -0.9608057141 0.0369129144 0.9766261578 -0.2117518336 0.9838617444 0.0016076808 0.1789231598
-21.7 -503.9 2607.2 0.1753014326 0.1046093926 -0.9789413810 0.0389970019 0.9928207994 0.1130758226 0.9837421775 -0.0579981320 0.1699634492
140.1 -144.9 2342.2 0 0 0 0 0 0 0 0 0
237.7 -104.5 2544.7 0 0 0 0 0 0 0 0 0
-221.9 -751.1 2471.9 0 0 0 0 0 0 0 0 0
-45.5 -730.0 2620.4 0 0 0 0 0 0 0 0 0
276.3 335.9 2496.3 16 0.5297958255 0.7224335670 -0.4443041384 -0.4761257470 0.6868700981 0.5491026640 0.7018694282 -0.0793676227 0.7078701258
132.4 199.2 2512.1 0.5297958255 0.7224335670 -0.4443041384 -0.4761257470 0.6868700981 0.5491026640 0.7018694282 -0.0793676227 0.7078701258
-5.5 57.0 2528.6 0.5520973206 0.6937565804 -0.4624828100 -0.4540436566 0.7153838873 0.5311028957 0.6993088722 -0.0832331032 0.7099573016
54.8 263.0 2413.8 0.3034120202 0.3414015770 -0.8895988464 0.8902059197 0.2313885838 0.3924191296 0.3398155272 -0.9109908342 -0.2337116152
-15.9 55.6 2334.7 -0.6178383827 0.3414015770 -0.7083224654 0.7856542468 0.2313885838 -0.5737653971 -0.0319866613 -0.9109908342 -0.4111843407
210.1 135.4 2610.4 0.1311857700 0.9897516370 -0.0564089194 -0.8346821070 0.1409743428 0.5323833823 0.5348795056 -0.0227576122 0.8446217775
255.3 -152.4 2794.8 -0.0466550551 0.9897516370 0.1349628866 0.1686142981 0.1409743428 -0.9755488038 -0.9845773578 -0.0227576122 -0.1734634489
-197.5 -41.2 2481.3 0.6911296248 -0.0542841181 -0.7206892967 0.0033347935 0.9974041581 -0.0719289556 0.7227231264 0.0473088846 0.6895166039
-175.9 -437.7 2462.5 0.6814739108 0.1480238885 -0.7167162895 -0.0759556070 0.9883482456 0.1319034994 0.7278901339 -0.0354501680 0.6847767830
-100.1 -120.5 2614.9 0.1995164156 -0.2053985298 -0.9581255913 0.0177737642 0.9783821702 -0.2060398906 0.9797332883 0.0240788423 0.1988539994
-18.5 -509.3 2605.4 0.2033233792 0.1218935624 -0.9714944959 0.0479430333 0.9897906780 0.1342231482 0.9779371619 -0.0738670975 0.1954036355
141.3 -144.2 2342.8 0 0 0 0 0 0 0 0 0
242.8 -107.1 2530.4 0 0 0 0 0 0 0 0 0
-222.8 -751.0 2473.7 0 0 0 0 0 0 0 0 0
-45.8 -731.0 2621.9 0 0 0 0 0 0 0 0 0
277.7 337.9 2495.6 17 0.5064299107 0.7286828756 -0.4610314369 -0.4530045986 0.6797714233 0.5767995119 0.7336999178 -0.0832591802 0.6743533015
132.2 202.2 2512.2 0.5064299107 0.7286828756 -0.4610314369 -0.4530045986 0.6797714233 0.5767995119 0.7336999178 -0.0832591802 0.6743533015
-7.3 61.7 2529.5 0.5273337364 0.7018149495 -0.4789309502 -0.4327407181 0.7069324255 0.5594479442 0.7312007546 -0.0877628699 0.6764932275
58.1 262.9 2409.4 0.3171482384 0.3064161837 -0.8975110650 0.8938709497 0.2196264863 0.3908438683 0.3168780804 -0.9262145162 -0.2042423785
-15.5 55.6 2335.9 -0.6190886497 0.3064161837 -0.7230756283 0.7850997448 0.2196264863 -0.5791223049 -0.0186458882 -0.9262145162 -0.3765355349
206.3 141.4 2614.9 0.1082349494 0.9911540747 -0.0768035576 -0.8160166144 0.1327042580 0.5625890493 0.5678045750 0.0017811873 0.8231614828
243.6 -139.8 2810.6 -0.0161035322 0.9911540747 0.1317355931 0.1335757822 0.1327042580 -0.9821135998 -0.9909077883 0.0017811873 -0.1345311850
-194.0 -43.6 2481.1 0.6707584858 -0.0421951674 -0.7404745817 -0.0063432646 0.9980174899 -0.0626170188 0.7416487336 0.0466979221 0.6691610217
-177.3 -440.4 2462.5 0.6629473567 0.1408194751 -0.7353031635 -0.0714269057 0.9895676970 0.1251159161 0.7452509999 -0.0304248296 0.6660895348
-92.8 -126.8 2609.2 0.1757376343 -0.1846621782 -0.9669623375 0.0244748760 0.9827650189 -0.1832319200 0.9841327667 0.0085344613 0.1772283912
-19.4 -517.3 2605.8 0.1784652472 0.1229677945 -0.9762320518 0.0461035781 0.9900252223 0.1331334114 0.9828655124 -0.0687674806 0.1710158437
141.9 -144.0 2340.7 0 0 0 0 0 0 0 0 0
239.3 -103.9 2544.6 0 0 0 0 0 0 0 0 0
-221.4 -750.9 2472.1 0 0 0 0 0 0 0 0 0
-45.8 -729.8 2620.6 0 0 0 0 0 0 0 0 0
277.8 340.1 2496.2 18 0.4925469458 0.7291850448 -0.4750649631 -0.4439747036 0.6800302267 0.5834769607 0.7485212088 -0.0764729753 0.6586865187
132.5 204.6 2511.4 0.4925469458 0.7291850448 -0.4750649631 -0.4439747036 0.6800302267 0.5834769607 0.7485212088 -0.0764729753 0.6586865187
-7.2 64.1 2528.0 0.5143435001 0.7024024725 -0.4920177460 -0.4228587747 0.7068526745 0.5670535564 0.7460839152 -0.0836063027 0.6605821848
60.2 264.1 2406.5 0.3240600526 0.2989300489 -0.8975666761 0.8937793374 0.2142238319 0.3940388262 0.3100702167 -0.9299188256 -0.1977561265
-15.5 55.5 2334.1 -0.6205102801 0.2989300489 -0.7249881625 0.7839713693 0.2142238319 -0.5826637745 -0.0188659690 -0.9299188256 -0.3672806621
204.8 145.2 2616.3 0.0989615247 0.9907457829 -0.0928948224 -0.8087047338 0.1344701946 0.5726380944 0.5798303485 0.0184553452 0.8145281672
238.9 -133.7 2816.2 0.0020209644 0.9907457829 0.1357156783 0.1213404760 0.1344701946 -0.9834603667 -0.9926089048 0.0184553452 -0.1199458092
-195.2 -39.2 2479.9 0.6573402286 -0.0442127585 -0.7522958517 -0.0037334778 0.9980741739 -0.0619194917 0.7535846829 0.0435108505 0.6559091806
-177.6 -436.0 2462.6 0.6496796608 0.1372507662 -0.7477155924 -0.0694320202 0.9901689887 0.1214270294 0.7570307255 -0.0269732662 0.6528222561
-98.5 -118.5 2613.9 0.1618017405 -0.1978833228 -0.9667794108 0.0152635807 0.9800730944 -0.1980497837 0.9867052436 0.0172882844 0.1615979522
-19.9 -508.0 2607.0 0.1648804098 0.1147391349 -0.9796169400 0.0413885042 0.9915307164 0.1231006980 0.9854447842 -0.0608417764 0.1587351263
142.2 -143.7 2338.9 0 0 0 0 0 0 0 0 0
239.5 -101.1 2549.6 0 0 0 0 0 0 0 0 0
-221.3 -751.2 2471.2 0 0 0 0 0 0 0 0 0
-45.6 -729.9 2620.7 0 0 0 0 0 0 0 0 0
282.0 342.2 2489.0 19 0.4993371367 0.7314714193 -0.4643403590 -0.4345431626 0.6750923991 0.5961731672 0.7495563030 -0.0959154665 0.6549546123
136.2 207.7 2508.1 0.4993371367 0.7314714193 -0.4643403590 -0.4345431626 0.6750923991 0.5961731672 0.7495563030 -0.0959154665 0.6549546123
-4.2 68.3 2528.0 0.5187680125 0.7060740590 -0.4820157588 -0.4159423709 0.7010406852 0.5792528987 0.7469080687 -0.1000070944 0.6573635936
63.2 266.2 2403.0 0.3318887949 0.2604054511 -0.9066635966 0.8976244330 0.2083342820 0.3884162605 0.2900348306 -0.9427543879 -0.1646025032
-14.8 55.1 2334.8 -0.6182095408 0.2604054511 -0.7416238785 0.7860078812 0.2083342820 -0.5820553899 0.0029352775 -0.9427543879 -0.3334749639
209.2 149.2 2613.2 0.0996140987 0.9916764498 -0.0815774277 -0.8012355566 0.1285562664 0.5843756199 0.5899988413 0.0071506780 0.8073724508
243.5 -127.2 2816.7 -0.0067990832 0.9916764498 0.1285753399 0.1077456176 0.1285562664 -0.9858317375 -0.9941552281 0.0071506780 -0.1077228561
-194.0 -37.7 2476.2 0.6648033261 -0.0430421829 -0.7457773685 -0.0050283959 0.9980581999 -0.0620848797 0.7470015287 0.0450242981 0.6632959843
-176.8 -434.5 2458.3 0.6575627327 0.1396799982 -0.7403382659 -0.0649577752 0.9895151258 0.1289973259 0.7505942583 -0.0367331132 0.6597415805
-99.6 -115.1 2613.0 0.1708905995 -0.2188055068 -0.9606875181 0.0299781617 0.9757334590 -0.2168997377 0.9848338366 0.0082664769 0.1733030528
-12.7 -502.9 2609.7 0.1686481535 0.1429523528 -0.9752550721 0.0143201137 0.9889675379 0.1474386603 0.9855722785 -0.0388310216 0.1647404581
142.4 -144.8 2334.1 0 0 0 0 0 0 0 0 0
241.7 -98.3 2549.5 0 0 0 0 0 0 0 0 0
-221.6 -751.6 2470.1 0 0 0 0 0 0 0 0 0
-45.3 -728.6 2618.5 0 0 0 0 0 0 0 0 0
283.9 343.4 2494.4 20 0.4852889776 0.7310255766 -0.4796834886 -0.4448383749 0.6787306070 0.5843316913 0.7527372837 -0.0701881200 0.6545687318
138.7 208.6 2508.3 0.4852889776 0.7310255766 -0.4796834886 -0.4448383749 0.6787306070 0.5843316913 0.7527372837 -0.0701881200 0.6545687318
-2.1 69.3 2525.0 0.5078649521 0.7084043622 -0.4901391864 -0.4232024550 0.7007610798 0.5743113756 0.7503151894 -0.0842445120 0.6556904912
67.3 268.1 2402.8 0.3456631005 0.2362881601 -0.9081216455 0.8952878714 0.2067918777 0.3945842087 0.2810277641 -0.9494234920 -0.1400656104
-14.9 55.4 2336.0 -0.6078206301 0.2362881601 -0.7581042051 0.7937799692 0.2067918777 -0.5719707012 0.0216198768 -0.9494234920 -0.3132531941
210.2 149.1 2613.9 0.0904288962 0.9916532040 -0.0919047743 -0.8064587712 0.1270606220 0.5774770975 0.5843344927 0.0218967963 0.8112174273
241.4 -129.2 2815.5 0.0070239315 0.9916532040 0.1287421286 0.1163401753 0.1270606220 -0.9850485325 -0.9931845665 0.0218967963 -0.1144766510
-192.1 -32.9 2479.3 0.6539081335 -0.0415324643 -0.7554331422 0.0012493232 0.9985499978 -0.0538172089 0.7565729022 0.0342477299 0.6530118585
-175.6 -429.9 2465.7 0.6443247199 0.1409278214 -0.7516548634 -0.0824591964 0.9899463654 0.1149204150 0.7602934837 -0.0120652039 0.6494676471
-96.9 -109.2 2616.3 0.1595605761 -0.2169481814 -0.9630544782 0.0115300668 0.9758961201 -0.2179307044 0.9871208072 0.0236690678 0.1582159698
-10.7 -497.1 2606.9 0.1618926972 0.1481859237 -0.9756186008 0.0269450527 0.9876282215 0.1544812620 0.9864404202 -0.0512974858 0.1558969170
139.7 -146.5 2330.5 0 0 0 0 0 0 0 0 0
243.3 -97.9 2548.5 0 0 0 0 0 0 0 0 0
-221.2 -750.1 2469.6 0 0 0 0 0 0 0 0 0
-45.3 -727.3 2618.9 0 0 0 0 0 0 0 0 0
284.7 344.6 2495.6 21 0.4804199040 0.7316868305 -0.4835609198 -0.4488803148 0.6788032055 0.5811477304 0.7534608245 -0.0621339492 0.6545503736
140.0 210.3 2507.9 0.4804199040 0.7316868305 -0.4835609198 -0.4488803148 0.6788032055 0.5811477304 0.7534608245 -0.0621339492 0.6545503736
-1.1 71.1 2522.8 0.5021492839 0.7097203732 -0.4941083491 -0.4280878007 0.7004548311 0.5710550547 0.7513899803 -0.0752331316 0.6555555463
69.4 270.6 2402.1 0.3523070812 0.2302421033 -0.9071208835 0.8945147991 0.2021515518 0.3987205029 0.2751781344 -0.9519051313 -0.1347355396
-15.0 56.4 2336.3 -0.6119479537 0.2302421033 -0.7566427588 0.7906478643 0.2021515518 -0.5779365897 0.0198911726 -0.9519051313 -0.3057466447
210.7 150.1 2613.6 0.0854980722 0.9916045666 -0.0970076621 -0.8098975420 0.1258777082 0.5729055405 0.5803068280 0.0295839477 0.8138604164
240.2 -129.4 2813.8 0.0141135147 0.9916045666 0.1285348833 0.1220608726 0.1258777082 -0.9845079780 -0.9924222827 0.0295839477 -0.1192595437
-189.5 -31.2 2473.0 0.6479370594 -0.0367377587 -0.7608073950 0.0131446971 0.9992267489 -0.0370559134 0.7615804672 0.0140093146 0.6479189396
-174.9 -428.4 2467.4 0.6369005442 0.1428904235 -0.7575883269 -0.0854968727 0.9897033572 0.1147933975 0.7661905885 -0.0083405450 0.6425592899
-96.3 -108.8 2610.6 0.1500939429 -0.2064990103 -0.9668660760 0.0175074153 0.9783462882 -0.2062330842 0.9885166883 0.0140270116 0.1504591107
-14.2 -497.7 2605.0 0.1545889080 0.1355014741 -0.9786427617 0.0497180596 0.9882282615 0.1446822733 0.9867271185 -0.0710224956 0.1460322589
140.9 -145.0 2331.2 0 0 0 0 0 0 0 0 0
244.0 -96.6 2547.0 0 0 0 0 0 0 0 0 0
-221.4 -750.5 2470.1 0 0 0 0 0 0 0 0 0
-45.8 -727.8 2621.6 0 0 0 0 0 0 0 0 0
285.2 339.4 2487.2 22 0.4634937942 0.7458809018 -0.4783671796 -0.4381339550 0.6621561646 0.6079373956 0.7702026367 -0.0721863136 0.6337010264
137.8 208.5 2501.4 0.4634937942 0.7458809018 -0.4783671796 -0.4381339550 0.6621561646 0.6079373956 0.7702026367 -0.0721863136 0.6337010264
-5.2 71.4 2517.3 0.4856145978 0.7196167707 -0.4963165522 -0.4177275300 0.6897640824 0.5913791060 0.7679076791 -0.0798572227 0.6355632544
69.5 267.3 2393.4 0.3460740745 0.2106823772 -0.9142459631 0.9077000022 0.1712873727 0.3830683231 0.2373045385 -0.9624310732 -0.1319582760
-8.6 62.6 2339.9 -0.5643472672 0.2106823772 -0.7982012033 0.8252078891 0.1712873727 -0.5382309556 0.0233260058 -0.9624310732 -0.2705223262
206.1 149.8 2609.5 0.0666378066 0.9926125407 -0.1013891846 -0.7979844809 0.1140197739 0.5917941332 0.5989826322 0.0414711311 0.7996873856
229.1 -125.5 2816.1 0.0300630759 0.9926125407 0.1175439283 0.1000122949 0.1140197739 -0.9884315729 -0.9945319295 0.0414711311 -0.0958456695
-188.2 -28.9 2468.8 0.6371622682 -0.0331726819 -0.7700154781 0.0109426873 0.9993619919 -0.0339983404 0.7706519961 0.0132364230 0.6371187568
-175.0 -426.2 2463.6 0.6274890900 0.1392140090 -0.7660789490 -0.0747841597 0.9901133776 0.1186710745 0.7750256658 -0.0171742309 0.6316963434
-96.1 -107.4 2606.7 0.1366249919 -0.2085108757 -0.9684301019 0.0334818549 0.9780105948 -0.2058500648 0.9900568724 -0.0043005724 0.1406020224
-13.2 -496.2 2608.4 0.1370252520 0.1386204511 -0.9808202982 0.0363330394 0.9887903333 0.1448227614 0.9899010062 -0.0554805584 0.1304527372
136.4 -149.4 2333.9 0 0 0 0 0 0 0 0 0
237.2 -98.6 2548.8 0 0 0 0 0 0 0 0 0
-220.8 -751.4 2469.2 0 0 0 0 0 0 0 0 0
-45.9 -729.5 2621.5 0 0 0 0 0 0 0 0 0
282.8 334.5 2482.5 23 0.4846416414 0.7508047223 -0.4487924874 -0.4528951943 0.6543313265 0.6055876613 0.7483370900 -0.0902370587 0.6571520567
135.9 206.4 2500.1 0.4846416414 0.7508047223 -0.4487924874 -0.4528951943 0.6543313265 0.6055876613 0.7483370900 -0.0902370587 0.6571520567
-8.7 71.3 2518.6 0.5027464032 0.7276439071 -0.4666694701 -0.4365592599 0.6796735525 0.5894572735 0.7460979223 -0.0926186517 0.6593630910
65.2 267.8 2395.2 0.2558590174 0.2430426925 -0.9356636405 0.9369978309 0.1757856458 0.3018849492 0.2378471643 -0.9539547563 -0.1827541292
4.9 47.2 2339.2 -0.5456526279 0.2430426925 -0.8019934297 0.8378703594 0.1757856458 -0.5167906880 0.0153767308 -0.9539547563 -0.2995561659
206.5 145.0 2605.1 0.0724118724 0.9951297641 -0.0668820888 -0.8078007698 0.0978479683 0.5812776685 0.5849909782 0.0119359987 0.8109519482
231.5 -133.7 2806.9 0.0006427550 0.9951297641 0.0985711962 0.1146439090 0.0978479683 -0.9885759950 -0.9934064150 0.0119359987 -0.1140226796
-192.8 -27.4 2462.7 0.6598145962 -0.0443163663 -0.7501205206 0.0318955183 0.9990114570 -0.0309649277 0.7507511973 -0.0034943707 0.6605758071
-175.2 -424.5 2464.1 0.6480467319 0.1419808716 -0.7482492328 -0.0786277726 0.9896920919 0.1196965799 0.7575309277 -0.0187358093 0.6525303721
-103.7 -104.0 2603.5 0.1619905382 -0.2177417576 -0.9624695182 0.0458360091 0.9759592414 -0.2130790353 0.9857271910 -0.0095989751 0.1680765748
-17.2 -492.0 2607.4 0.1602685750 0.1180049628 -0.9799942970 0.0312215164 0.9917253256 0.1245235205 0.9865795374 -0.0505541153 0.1552581042
145.9 -169.2 2335.2 0 0 0 0 0 0 0 0 0
231.7 -102.9 2539.9 0 0 0 0 0 0 0 0 0
-222.2 -752.3 2470.3 0 0 0 0 0 0 0 0 0
-44.9 -724.6 2619.2 0 0 0 0 0 0 0 0 0
291.5 334.5 2490.1 24 0.4641371369 0.7574341893 -0.4592060745 -0.4518762529 0.6483692527 0.6127194166 0.7618297338 -0.0768815130 0.6431987882
143.0 207.3 2505.2 0.4641371369 0.7574341893 -0.4592060745 -0.4518762529 0.6483692527 0.6127194166 0.7618297338 -0.0768815130 0.6431987882
-3.6 74.2 2522.2 0.4829319119 0.7378542423 -0.4715377986 -0.4353110790 0.6695372462 0.6018506289 0.7597901225 -0.0853872374 0.6445370317
75.1 268.6 2398.3 0.2405317277 0.2548942566 -0.9365753531 0.9433013797 0.1660133600 0.2874405682 0.2287509739 -0.9526113868 -0.2005106360
15.8 36.3 2342.0 -0.5313876867 0.2548942566 -0.8078712821 0.8471112847 0.1660133600 -0.5048188567 0.0054419939 -0.9526113868 -0.3041412532
210.9 146.1 2612.1 0.0511452705 0.9958872795 -0.0747842416 -0.8027305007 0.0855434462 0.5901746154 0.5941447020 0.0298469476 0.8038042188
228.6 -130.8 2817.0 0.0208308250 0.9958872795 0.0881736800 0.1044162810 0.0855434462 -0.9908478856 -0.9943155050 0.0298469476 -0.1022049040
-199.4 -23.8 2468.6 0.6459927559 -0.0641217008 -0.7606456280 0.0277624670 0.9977799654 -0.0605340973 0.7628385425 0.0179871880 0.6463387609
-173.9 -420.3 2461.4 0.6349772811 0.1425022483 -0.7592740059 -0.0708813891 0.9894407988 0.1264227033 0.7692722082 -0.0264571439 0.6383731961
-107.3 -103.8 2605.4 0.1463307291 -0.2378295064 -0.9602210522 0.0428333804 0.9712825418 -0.2340417504 0.9883079529 -0.0068820142 0.1523155272
-12.7 -489.9 2608.1 0.1444357634 0.1386842579 -0.9797474146 0.0292237047 0.9890999794 0.1443163306 0.9890825748 -0.0494762883 0.1388085485
153.5 -183.2 2340.6 0 0 0 0 0 0 0 0 0
234.1 -102.8 2549.8 0 0 0 0 0 0 0 0 0
-221.8 -752.6 2470.3 0 0 0 0 0 0 0 0 0
-45.8 -725.8 2619.9 0 0 0 0 0 0 0 0 0
285.0 332.1 2485.0 25 0.4573016465 0.7435759902 -0.4878215790 -0.3876357675 0.6603512764 0.6431754827 0.8003834486 -0.1050281227 0.5902163982
138.1 201.7 2505.7 0.4573016465 0.7435759902 -0.4878215790 -0.3876357675 0.6603512764 0.6431754827 0.8003834486 -0.1050281227 0.5902163982
-5.2 66.0 2528.3 0.4762176275 0.7208352089 -0.5036003590 -0.3702726364 0.6838454008 0.6286919713 0.7975681424 -0.1129247621 0.5925648212
71.3 253.7 2393.8 0.2166835070 0.2757886350 -0.9364768267 0.9499596357 0.1615223736 0.2673708498 0.2249998003 -0.9475500584 -0.2269888371
21.0 32.9 2341.5 -0.5197164416 0.2757886350 -0.8086009026 0.8543202281 0.1615223736 -0.4940116405 -0.0056356522 -0.9475500584 -0.3195576370
204.9 149.8 2617.6 0.0579481684 0.9921010733 -0.1112539321 -0.7601644993 0.1160890386 0.6392755508 0.6471413374 0.0475264415 0.7608872056
224.9 -111.9 2840.4 0.0431454740 0.9921010733 0.1177875027 0.0399650633 0.1160890386 -0.9924344420 -0.9982691407 0.0475264415 -0.0346406661
-194.6 -19.0 2469.4 0.6312985420 -0.0540362298 -0.7736551166 0.0275760181 0.9985029101 -0.0472389236 0.7750495076 0.0084875347 0.6318435073
-173.1 -415.8 2466.1 0.6192816496 0.1461524516 -0.7714464664 -0.0778786168 0.9891116619 0.1248722970 0.7812970877 -0.0172519404 0.6239208579
-106.0 -98.8 2608.8 0.1405581683 -0.2377811372 -0.9610949755 0.0365267098 0.9713165164 -0.2349680662 0.9893984199 -0.0020789541 0.1452118456
-11.5 -484.9 2609.6 0.1381228566 0.1424700320 -0.9801144600 0.0194813535 0.9890174270 0.1465095878 0.9902234674 -0.0393302776 0.1338303983
155.8 -188.8 2343.0 0 0 0 0 0 0 0 0 0
236.4 -101.2 2572.6 0 0 0 0 0 0 0 0 0
-222.9 -753.0 2472.0 0 0 0 0 0 0 0 0 0
-45.9 -724.1 2619.1 0 0 0 0 0 0 0 0 0
277.0 321.3 2490.9 26 0.4523581564 0.7331271172 -0.5078353882 -0.3889254928 0.6745925546 0.6274247766 0.8025640845 -0.0863105953 0.5902892947
132.9 188.6 2507.8 0.4523581564 0.7331271172 -0.5078353882 -0.3889254928 0.6745925546 0.6274247766 0.8025640845 -0.0863105953 0.5902892947
-8.1 49.9 2527.3 0.4732900262 0.7090947032 -0.5226674080 -0.3689990640 0.6983526945 0.6133051515 0.7998976707 -0.0974074006 0.5921786427
66.4 240.5 2395.4 0.1651808321 0.2850584984 -0.9441699982 0.9598472118 0.1736175567 0.2203411907 0.2267346084 -0.9426550865 -0.2449343055
27.8 16.3 2342.5 -0.5368774533 0.2850584984 -0.7940429449 0.8436314464 0.1736175567 -0.5080777407 -0.0069720629 -0.9426550865 -0.3336956501
199.4 136.8 2620.2 0.0650573224 0.9890441298 -0.1325111389 -0.7651329637 0.1346857995 0.6296278834 0.6405771375 0.0604267307 0.7655125856
221.8 -127.0 2841.0 0.0540624671 0.9890441298 0.1373641342 0.0504226498 0.1346857995 -0.9896045923 -0.9972636700 0.0604267307 -0.0425887778
-192.1 -35.8 2477.9 0.6226773858 -0.0422031134 -0.7813397646 0.0041690790 0.9987092018 -0.0506215729 0.7824676037 0.0282634422 0.6220495701
-175.3 -432.8 2466.6 0.6124680042 0.1452397257 -0.7770381570 -0.0810828283 0.9893341064 0.1210107505 0.7863259315 -0.0111107631 0.6177119613
-104.9 -103.6 2623.8 0.1355743557 -0.2434279174 -0.9603970051 -0.0011722670 0.9693067670 -0.2458517104 0.9907664657 0.0344570279 0.1311277747
-8.2 -488.7 2610.1 0.1386434734 0.1635134071 -0.9767504334 0.0171877518 0.9857296944 0.1674562693 0.9901931882 -0.0400048643 0.1338545531
167.2 -202.8 2344.3 0 0 0 0 0 0 0 0 0
236.3 -113.4 2573.2 0 0 0 0 0 0 0 0 0
-222.2 -752.7 2470.2 0 0 0 0 0 0 0 0 0
-47.0 -722.7 2619.6 0 0 0 0 0 0 0 0 0
278.9 326.4 2484.3 27 0.4910432696 0.7274801135 -0.4792172909 -0.4128104448 0.6787405014 0.6073704362 0.7671141028 -0.1004192755 0.6336023211
135.5 192.6 2504.1 0.4910432696 0.7274801135 -0.4792172909 -0.4128104448 0.6787405014 0.6073704362 0.7671141028 -0.1004192755 0.6336023211
-3.5 52.2 2525.4 0.5125850439 0.6996446848 -0.4977487624 -0.3919019997 0.7064273357 0.5893837810 0.7639825940 -0.1070405841 0.6362962723
63.5 247.6 2396.9 0.1918849945 0.2698788643 -0.9435812235 0.9489800334 0.1941199601 0.2485042065 0.2502339780 -0.9431239963 -0.2188609391
19.0 27.4 2338.8 -0.5635864139 0.2698788643 -0.7807277441 0.8260108829 0.1941199601 -0.5291724801 0.0087423716 -0.9431239963 -0.3323262334
207.5 137.6 2611.4 0.0993401557 0.9900978208 -0.0991860479 -0.7859037519 0.1392074078 0.6024753451 0.6103169918 0.0181006882 0.7919504642
241.7 -133.2 2821.6 0.0064358213 0.9900978208 0.1402316540 0.0837926865 0.1392074078 -0.9867117405 -0.9964624047 0.0181006882 -0.0820670426
-192.4 -54.9 2473.4 0.6578646302 -0.0316411816 -0.7524712682 0.0069035292 0.9993284345 -0.0359858871 0.7531045675 0.0184791349 0.6576412320
-179.8 -452.2 2466.1 0.6482098699 0.1384339482 -0.7487723231 -0.0803969726 0.9902815223 0.1134850606 0.7572055459 -0.0133631080 0.6530399323
-105.6 -122.5 2620.0 0.1711264551 -0.2298608571 -0.9580603838 0.0114694191 0.9728031158 -0.2313493341 0.9851822853 0.0286015961 0.1691087186
-14.3 -509.2 2608.6 0.1720185578 0.1527894437 -0.9731726646 0.0172153357 0.9872814417 0.1580475420 0.9849432707 -0.0439406037 0.1672004014
160.7 -180.3 2336.6 0 0 0 0 0 0 0 0 0
243.4 -110.7 2554.3 0 0 0 0 0 0 0 0 0
-221.7 -751.7 2470.1 0 0 0 0 0 0 0 0 0
-46.9 -719.9 2618.0 0 0 0 0 0 0 0 0 0
279.4 333.3 2489.6 28 0.4825147986 0.7218802571 -0.4960527420 -0.3946635425 0.6847794056 0.6126319170 0.7819336057 -0.0998300388 0.6153160334
135.8 197.0 2509.4 0.4825147986 0.7218802571 -0.4960527420 -0.3946635425 0.6847794056 0.6126319170 0.7819336057 -0.0998300388 0.6153160334
-3.2 56.5 2530.9 0.5011128783 0.6992324591 -0.5098625422 -0.3764539957 0.7066462040 0.5991106033 0.7792100310 -0.1082822084 0.6173383594
65.3 249.9 2399.9 0.2448262721 0.2465196699 -0.9377036691 0.9334332943 0.2016393840 0.2967217565 0.2622257471 -0.9479291439 -0.1807430536
10.8 41.9 2341.5 -0.5676440001 0.2465196699 -0.7854987979 0.8228179216 0.2016393840 -0.5313305855 0.0274040475 -0.9479291439 -0.3173001707
206.2 144.1 2618.9 0.0918496475 0.9892041683 -0.1141872332 -0.7743301988 0.1430513412 0.6164001226 0.6260802150 0.0318024866 0.7791098356
237.8 -122.8 2834.8 0.0225484241 0.9892041683 0.1447986513 0.0658529699 0.1430513412 -0.9875220060 -0.9975745082 0.0318024866 -0.0619164519
-189.5 -52.3 2476.7 0.6459669471 -0.0213929433 -0.7630655766 0.0017206980 0.9996455312 -0.0265689455 0.7633634210 0.0158496555 0.6457747817
-181.0 -449.7 2470.4 0.6366879344 0.1304114163 -0.7600140572 -0.0896111503 0.9914309382 0.0950503275 0.7658970952 0.0075883358 0.6429184079
-95.6 -124.1 2616.5 0.1577483863 -0.1855613142 -0.9698878527 0.0163480882 0.9825416207 -0.1853233129 0.9873440266 0.0133786416 0.1580279320
-22.0 -514.2 2611.2 0.1582551599 0.1211267412 -0.9799405932 0.0204865653 0.9918307662 0.1259049028 0.9871857166 -0.0400007181 0.1544808596
153.2 -164.5 2334.6 0 0 0 0 0 0 0 0 0
243.9 -105.2 2566.9 0 0 0 0 0 0 0 0 0
-220.6 -750.9 2468.1 0 0 0 0 0 0 0 0 0
-47.2 -720.6 2619.5 0 0 0 0 0 0 0 0 0
272.4 329.4 2484.7 29 0.4758211076 0.7260757089 -0.4963952899 -0.3788535893 0.6785324216 0.6293358803 0.7937658429 -0.1113901660 0.5979364514
128.8 195.2 2506.7 0.4758211076 0.7260757089 -0.4963952899 -0.3788535893 0.6785324216 0.6293358803 0.7937658429 -0.1113901660 0.5979364514
-10.7 55.4 2529.5 0.4927902818 0.7016754746 -0.5145962238 -0.3624318242 0.7031637430 0.6117221117 0.7910758257 -0.1149446443 0.6008217931
59.5 246.1 2395.5 0.1937231719 0.2522963881 -0.9480600357 0.9516382217 0.1865492165 0.2440985292 0.2384450436 -0.9494976997 -0.2039559782
16.2 33.2 2342.1 -0.5619432330 0.2522963881 -0.7877603173 0.8270707726 0.1865492165 -0.5302388668 0.0131787211 -0.9494976997 -0.3134970367
198.1 144.2 2617.9 0.0844297409 0.9891067147 -0.1205801293 -0.7623054385 0.1420474052 0.6314371824 0.6416868567 0.0386068150 0.7659944892
227.2 -118.7 2839.2 0.0322620496 0.9891067147 0.1436214149 0.0467024595 0.1420474052 -0.9887574911 -0.9983876944 0.0386068150 -0.0416109748
-188.1 -49.5 2481.0 0.6391065717 -0.0202922467 -0.7688504457 -0.0125496332 0.9992436767 -0.0368048847 0.7690157890 0.0331710316 0.6383684874
