-90.3 414.6 2415.1 6 0.7111204863 0.4419085681 -0.5468313098 -0.0144837927 0.7868191600 0.6170136929 0.7029209733 -0.4308508635 0.5659236908
-180.2 254.6 2502.7 0.7111204863 0.4419085681 -0.5468313098 -0.0144837927 0.7868191600 0.6170136929 0.7029209733 -0.4308508635 0.5659236908
-265.3 98.1 2584.0 0.7086166739 0.4344147146 -0.5560092330 -0.0190160777 0.7994736433 0.6004000902 0.7053373456 -0.4148804247 0.5747812390
-281.0 257.3 2402.4 0.0989228040 -0.0264438856 -0.9947437048 0.9883573651 -0.1135203615 0.1013054922 -0.1156025752 -0.9931836724 0.0149062574
-305.9 8.4 2431.5 -0.8860494494 -0.0264438856 -0.4628359377 0.4626644850 -0.1135203615 -0.8792352676 -0.0292909052 -0.9931836724 0.1128192991
-79.3 251.9 2603.1 0.2976366282 0.9544340372 0.0216370430 -0.4986560643 0.1360973567 0.8560488224 0.8140974045 -0.2655809224 0.5164418817
-14.0 142.5 2781.6 -0.0208554510 0.9544340372 0.2976924181 -0.8573552370 0.1360973567 -0.4964065850 -0.5143024921 -0.2655809224 0.8154506087
-414.6 -61.6 2597.3 -0.0823254809 -0.0986881778 -0.9917072058 -0.1885897070 0.9786489010 -0.0817331299 0.9785992503 0.1802970469 -0.0991793126
-376.0 -445.0 2526.7 -0.0885487795 0.1781155467 -0.9800173044 -0.2218276858 0.9556471109 0.1937294006 0.9710569382 0.2345494777 -0.0451104231
-289.2 -62.9 2726.8 -0.2849298716 -0.2675545514 -0.9204507470 -0.1208538339 0.9626193643 -0.2424011678 0.9508992434 0.0421726629 -0.3066140115
-184.5 -439.5 2710.3 -0.2849298716 0.3628066182 -0.8872352242 -0.1208538339 0.9046196342 0.4087268412 0.9508992434 0.2236842662 -0.2139065862
-64.5 -117.7 2439.5 0 0 0 0 0 0 0 0 0
-19.4 -77.3 2649.8 0 0 0 0 0 0 0 0 0
-437.5 -775.3 2445.6 0 0 0 0 0 0 0 0 0
-320.8 -779.4 2626.3 0 0 0 0 0 0 0 0 0
-88.6 407.4 2406.7 7 0.7197639942 0.4502491653 -0.5284084678 -0.0163859595 0.7719618678 0.6354575753 0.6940254569 -0.4487209916 0.5630081296
-179.9 251.0 2497.6 0.7197639942 0.4502491653 -0.5284084678 -0.0163859595 0.7719618678 0.6354575753 0.6940254569 -0.4487209916 0.5630081296
-265.8 96.9 2582.4 0.7185758948 0.4389847815 -0.5393894911 -0.0184693187 0.7873718739 0.6162015796 0.6952032447 -0.4328254759 0.5738942027
-282.2 253.6 2398.7 0.0305484831 0.0217898544 -0.9992957711 0.9851824045 -0.1694623530 0.0264218766 -0.1687672734 -0.9852957726 -0.0266437996
-290.1 -2.6 2442.5 -0.8894107938 0.0217898544 -0.4565891922 0.4468033314 -0.1694623530 -0.8784357309 -0.0965156630 -0.9852957726 0.1409858614
-77.5 248.4 2596.6 0.3209965527 0.9468031526 0.0229131319 -0.4188769758 0.1202310547 0.9000480771 0.8494135141 -0.2985101044 0.4351877868
-8.7 158.5 2778.9 -0.0408522934 0.9468031526 0.3192097843 -0.8751795888 0.1202310547 -0.4686204791 -0.4820702672 -0.2985101044 0.8237110972
-414.3 -56.7 2601.6 -0.0672881305 -0.0962658748 -0.9930786490 -0.2080939263 0.9747993350 -0.0803940967 0.9757915735 0.2012440711 -0.0856247693
-376.6 -438.4 2522.7 -0.0678028911 0.1703202277 -0.9830533266 -0.2109963298 0.9605866075 0.1809805036 0.9751324654 0.2196916491 -0.0291936025
-286.5 -60.0 2728.9 -0.2820905447 -0.2312347442 -0.9311044216 -0.1216378510 0.9713075161 -0.2043671608 0.9516454935 0.0556074977 -0.3021235466
-196.0 -440.0 2707.2 -0.2820905447 0.3262872398 -0.9021981955 -0.1216378510 0.9206367135 0.3709882200 0.9516454935 0.2143937051 -0.2200140357
-43.1 -126.7 2469.4 0 0 0 0 0 0 0 0 0
-19.1 -65.6 2655.4 0 0 0 0 0 0 0 0 0
-436.4 -775.5 2445.7 0 0 0 0 0 0 0 0 0
-318.7 -786.0 2626.6 0 0 0 0 0 0 0 0 0
-88.4 404.3 2403.5 8 0.7090423703 0.4405548275 -0.5506090522 0.0109194107 0.7738689780 0.6332515478 0.7050813437 -0.4550144970 0.5438953042
-177.3 248.0 2495.4 0.7090423703 0.4405548275 -0.5506090522 0.0109194107 0.7738689780 0.6332515478 0.7050813437 -0.4550144970 0.5438953042
-261.6 93.6 2581.3 0.7071232796 0.4302379787 -0.5611345172 0.0074751494 0.7889896631 0.6143609881 0.7070507407 -0.4386235476 0.5546968579
-278.0 247.0 2394.7 0.0159643013 0.0340722166 -0.9992918372 0.9781654477 -0.2076519728 0.0085466178 -0.2072137147 -0.9776092172 -0.0366432816
-282.1 -3.7 2447.8 -0.8734071255 0.0340722166 -0.4857973456 0.4692852497 -0.2076519728 -0.8582843542 -0.1301204264 -0.9776092172 0.1653751284
-76.6 249.1 2596.0 0.3748154342 0.9238257408 0.0778417289 -0.4218098223 0.0951616317 0.9016765952 0.8255845308 -0.3707967103 0.4253468513
0.4 162.4 2765.7 -0.0813969672 0.9238257408 0.3740594685 -0.8976310492 0.0951616317 -0.4303519428 -0.4331663251 -0.3707967103 0.8215088248
-416.7 -55.6 2604.4 -0.0760816112 -0.0976582766 -0.9923076630 -0.2227741182 0.9717003703 -0.0785498023 0.9718967676 0.2150842547 -0.0956842676
-378.4 -436.2 2520.1 -0.0725635290 0.1644176245 -0.9837181568 -0.2021077722 0.9634310007 0.1759352386 0.9766713977 0.2115835696 -0.0366798677
-286.9 -58.9 2730.0 -0.2158827931 -0.2672590315 -0.9391310811 -0.1257753521 0.9614099264 -0.2446865588 0.9682846665 0.0652959272 -0.2411664575
-182.3 -435.0 2704.4 -0.2158827931 0.3638338149 -0.9061012864 -0.1257753521 0.9098907113 0.3953219652 0.9682846665 0.1993084252 -0.1506684273
-38.0 -134.9 2484.2 0 0 0 0 0 0 0 0 0
-20.4 -66.9 2655.0 0 0 0 0 0 0 0 0 0
-436.3 -775.4 2445.6 0 0 0 0 0 0 0 0 0
-319.1 -777.1 2629.5 0 0 0 0 0 0 0 0 0
-91.7 402.0 2402.4 9 0.7475666404 0.4305926263 -0.5057016015 -0.0219673347 0.7769972682 0.6291205287 0.6638234258 -0.4592006207 0.5903162360
-178.5 245.5 2494.9 0.7475666404 0.4305926263 -0.5057016015 -0.0219673347 0.7769972682 0.6291205287 0.6638234258 -0.4592006207 0.5903162360
-261.2 90.7 2581.8 0.7458366156 0.4228139818 -0.5147388577 -0.0251440648 0.7900503874 0.6125260592 0.6656541824 -0.4439017475 0.5998797417
-284.5 249.0 2400.3 -0.0428343453 0.0110322367 -0.9990212917 0.9803891778 -0.1920605451 -0.0441564023 -0.1923597157 -0.9813210964 -0.0025890984
-273.3 -6.0 2450.3 -0.8529245853 0.0110322367 -0.5219175220 0.5104235411 -0.1920605451 -0.8382008076 -0.1094869897 -0.9813210964 0.1581820548
-72.4 241.9 2589.5 0.3834229410 0.9192112684 0.0896522030 -0.3991809785 0.0774021968 0.9135991931 0.8328513503 -0.3860823512 0.3966094255
4.3 162.0 2756.1 -0.0928350464 0.9192112684 0.3826647699 -0.9102507234 0.0774021968 -0.4067584872 -0.4035160840 -0.3860823512 0.8295270801
-409.7 -61.6 2603.3 -0.0284221508 -0.0781368464 -0.9965373874 -0.2152699828 0.9740258455 -0.0702320486 0.9761408567 0.2125284374 -0.0445044227
-379.1 -443.0 2520.1 -0.0279695410 0.1652084291 -0.9858620167 -0.2126327455 0.9626933336 0.1673584133 0.9767317772 0.2143074721 0.0082026320
-282.0 -60.2 2731.1 -0.2455353439 -0.2248850465 -0.9429417253 -0.1307149976 0.9715158939 -0.1976625174 0.9605342150 0.0747234970 -0.2679373324
-194.0 -440.1 2701.8 -0.2455353439 0.3261933625 -0.9128583074 -0.1307149976 0.9219442010 0.3645990193 0.9605342150 0.2088462263 -0.1837315261
-34.3 -149.1 2481.0 0 0 0 0 0 0 0 0 0
-19.5 -70.7 2652.9 0 0 0 0 0 0 0 0 0
-436.3 -776.4 2445.9 0 0 0 0 0 0 0 0 0
-316.7 -786.8 2623.3 0 0 0 0 0 0 0 0 0
-91.1 395.9 2399.8 0 0.7306007147 0.4358301461 -0.5256183743 0.0010591421 0.7690685987 0.6391654015 0.6828041077 -0.4675313830 0.5614204407
-178.6 241.5 2493.7 0.7306007147 0.4358301461 -0.5256183743 0.0010591421 0.7690685987 0.6391654015 0.6828041077 -0.4675313830 0.5614204407
-262.5 88.1 2582.0 0.7281737328 0.4280162156 -0.5353178382 -0.0033020549 0.7832199335 0.6217359900 0.6853846908 -0.4509641528 0.5717334747
-282.2 241.9 2396.2 -0.0428782031 -0.0266934857 -0.9987236261 0.9752303362 -0.2182365656 -0.0360366255 -0.2169960737 -0.9755307436 0.0353898890
-271.4 -3.3 2450.8 -0.8371799588 -0.0266934857 -0.5462756753 0.5381692052 -0.2182365656 -0.8140925765 -0.0974863693 -0.9755307436 0.1970688999
-75.0 241.0 2591.2 0.4325748682 0.8942992091 0.1144899279 -0.4079738557 0.0809147358 0.9094009995 0.8040126562 -0.4400928915 0.3998523653
8.5 162.2 2746.5 -0.1045919210 0.8942992091 0.4350741208 -0.9184713364 0.0809147358 -0.3871217668 -0.3814065754 -0.4400928915 0.8129251003
-411.3 -61.7 2608.7 -0.0490806736 -0.0843209177 -0.9952291250 -0.2303382903 0.9705266356 -0.0708686411 0.9718720913 0.2257611006 -0.0670564324
-378.2 -441.8 2520.3 -0.0446653701 0.1719249636 -0.9840969443 -0.2056073695 0.9624088407 0.1774679124 0.9776147604 0.2102642655 -0.0076373070
-276.8 -66.3 2728.7 -0.1846738458 -0.1921159476 -0.9638397098 -0.1233653724 0.9774825573 -0.1711982042 0.9750264287 0.0872886181 -0.2042159140
-201.6 -448.6 2694.6 -0.1846738458 0.3192378581 -0.9295067191 -0.1233653724 0.9307638407 0.3441797495 0.9750264287 0.1782299429 -0.1325048357
-36.3 -154.4 2478.2 0 0 0 0 0 0 0 0 0
-18.2 -72.7 2648.9 0 0 0 0 0 0 0 0 0
-437.7 -774.8 2447.5 0 0 0 0 0 0 0 0 0
-321.7 -798.7 2627.6 0 0 0 0 0 0 0 0 0
-90.0 390.9 2401.1 1 0.7690414786 0.4380216300 -0.4655236304 -0.0585404634 0.7734962702 0.6310915947 0.6365125179 -0.4580836296 0.6204926968
-177.6 236.2 2492.7 0.7690414786 0.4380216300 -0.4655236304 -0.0585404634 0.7734962702 0.6310915947 0.6365125179 -0.4580836296 0.6204926968
-261.8 82.3 2579.8 0.7685458064 0.4294749796 -0.4742241800 -0.0594314821 0.7859309912 0.6154513359 0.6370284557 -0.4448187053 0.6295483112
-286.7 244.6 2402.3 -0.0758479312 -0.0446261838 -0.9961202741 0.9774391055 -0.2008279860 -0.0654283911 -0.1971290112 -0.9786095619 0.0588517673
-267.1 -7.9 2453.3 -0.8390414715 -0.0446261838 -0.5422341824 0.5392290950 -0.2008279860 -0.8178631663 -0.0723976940 -0.9786095619 0.1925667524
-68.6 227.8 2583.1 0.4385598302 0.8919513226 0.1099459827 -0.3394692540 0.0511389375 0.9392259717 0.8321213126 -0.4492300451 0.3252175152
14.6 163.4 2740.9 -0.1248012558 0.8919513226 0.4345658422 -0.9271343350 0.0511389375 -0.3712233007 -0.3533363640 -0.4492300451 0.8205764890
-412.0 -65.0 2608.4 -0.0008087321 -0.0855702832 -0.9963318110 -0.2197365612 0.9719962478 -0.0833018497 0.9755589366 0.2188631445 -0.0195890032
-378.5 -445.7 2522.7 -0.0015101277 0.1683669537 -0.9857232571 -0.2237404883 0.9606780410 0.1644318700 0.9746475816 0.2207945138 0.0362197571
-280.6 -65.6 2732.1 -0.2300386727 -0.2035540938 -0.9516553879 -0.1284162253 0.9756789207 -0.1776512116 0.9646716714 0.0813413411 -0.2505835295
-200.9 -447.5 2700.3 -0.2300386727 0.3211367428 -0.9186693430 -0.1284162253 0.9257144928 0.3557554483 0.9646716714 0.1998095661 -0.1717109680
-31.2 -159.6 2473.6 0 0 0 0 0 0 0 0 0
-17.3 -73.8 2650.5 0 0 0 0 0 0 0 0 0
-436.2 -774.8 2447.1 0 0 0 0 0 0 0 0 0
-321.8 -795.8 2625.1 0 0 0 0 0 0 0 0 0
-86.4 387.7 2401.2 2 0.8090107441 0.4443133771 -0.3848210275 -0.1298567206 0.7736115456 0.6202116013 0.5732702613 -0.4517862797 0.6835571527
-175.2 233.1 2491.4 0.8090107441 0.4443133771 -0.3848210275 -0.1298567206 0.7736115456 0.6202116013 0.5732702613 -0.4517862797 0.6835571527
-260.7 79.7 2578.0 0.8098799586 0.4364336431 -0.3919439912 -0.1283197105 0.7837963104 0.6076161861 0.5723884106 -0.4418020248 0.6907839775
-289.7 251.3 2410.5 -0.0996073037 -0.0550418757 -0.9935032725 0.9777589440 -0.1906221360 -0.0874679908 -0.1845693290 -0.9801191688 0.0728050396
-263.5 -5.9 2459.1 -0.8211058378 -0.0550418757 -0.5681158304 0.5671546459 -0.1906221360 -0.8012482524 -0.0641932487 -0.9801191688 0.1877382100
-60.6 214.9 2572.4 0.4143078327 0.9065680504 0.0805198029 -0.2461345494 0.0264313687 0.9688752294 0.8762230277 -0.4212312996 0.2340884358
17.5 168.5 2737.6 -0.1255537271 0.9065680504 0.4029524624 -0.9359655976 0.0264313687 -0.3510979712 -0.3289447725 -0.4212312996 0.8451979160
-415.1 -66.3 2609.6 0.0583961606 -0.0962087587 -0.9936466813 -0.2280353308 0.9677442908 -0.1071023196 0.9719001055 0.2328409106 0.0345735550
-377.5 -445.3 2518.4 0.0595030077 0.1722641438 -0.9832519889 -0.2218614817 0.9626432061 0.1552272290 0.9732609391 0.2089092582 0.0954989493
-276.8 -77.0 2724.2 -0.1722930223 -0.1633307040 -0.9714103937 -0.1070308611 0.9834231138 -0.1463670880 0.9792137146 0.0787528679 -0.1869183779
-212.9 -461.7 2693.4 -0.1798272729 0.2988966405 -0.9371888638 -0.1305152625 0.9370474815 0.3238947392 0.9750015140 0.1805625558 -0.1294961125
-32.5 -165.5 2477.1 0 0 0 0 0 0 0 0 0
-14.6 -71.0 2653.4 0 0 0 0 0 0 0 0 0
-436.3 -774.3 2447.0 0 0 0 0 0 0 0 0 0
-325.4 -814.3 2625.4 0 0 0 0 0 0 0 0 0
-82.3 388.2 2391.7 3 0.8182910085 0.4544044435 -0.3520176411 -0.1482437402 0.7585306168 0.6345511079 0.5553590059 -0.4670630395 0.6880614161
-173.7 235.7 2485.7 0.8182910085 0.4544044435 -0.3520176411 -0.1482437402 0.7585306168 0.6345511079 0.5553590059 -0.4670630395 0.6880614161
-261.0 84.8 2574.9 0.8191980720 0.4461072981 -0.3604203463 -0.1467035562 0.7705366015 0.6202833056 0.5544300079 -0.4552599192 0.6966676116
-290.0 256.5 2407.0 -0.1072087213 -0.0782462209 -0.9911527634 0.9737020135 -0.2098252475 -0.0887565687 -0.2010240108 -0.9746029377 0.0986836031
-261.5 -2.3 2460.4 -0.8121629357 -0.0782462209 -0.5781599283 0.5803637505 -0.2098252475 -0.7868616581 -0.0597435944 -0.9746029377 0.2158235610
-57.4 214.8 2564.4 0.3778858483 0.9232196808 0.0697690248 -0.2723270059 0.0388109870 0.9614217281 0.8848956227 -0.3823076487 0.2660837770
15.9 161.9 2736.2 -0.0995172262 0.9232196808 0.3711627126 -0.9367970228 0.0388109870 -0.3477140963 -0.3354216814 -0.3823076487 0.8610070348
-418.9 -62.3 2613.3 0.0760199055 -0.1035531312 -0.9917145371 -0.2401696891 0.9634083509 -0.1190076619 0.9677497149 0.2472267151 0.0483678915
-378.3 -439.6 2516.5 0.0806279778 0.1678724736 -0.9825059772 -0.2139145136 0.9656614661 0.1474398077 0.9735192657 0.1982845068 0.1137696877
-273.5 -85.3 2715.9 -0.1567115337 -0.1502612829 -0.9761470556 -0.0699937642 0.9875633717 -0.1407817751 0.9851610661 0.0462620817 -0.1652799249
-214.7 -471.7 2697.8 -0.1882773191 0.2937290668 -0.9371632338 -0.1676768214 0.9306048155 0.3253600299 0.9676963091 0.2183984667 -0.1259602308
-32.9 -165.7 2477.2 0 0 0 0 0 0 0 0 0
-9.5 -77.8 2650.4 0 0 0 0 0 0 0 0 0
-436.2 -772.8 2448.0 0 0 0 0 0 0 0 0 0
-325.2 -821.8 2615.7 0 0 0 0 0 0 0 0 0
-79.7 384.2 2387.5 4 0.7852003574 0.4584476054 -0.4162766039 -0.0795799568 0.7413673997 0.6663643718 0.6141070724 -0.4901022315 0.6186051369
-172.0 234.9 2486.2 0.7852003574 0.4584476054 -0.4162766039 -0.0795799568 0.7413673997 0.6663643718 0.6141070724 -0.4901022315 0.6186051369
-259.8 86.8 2579.3 0.7855935693 0.4478321075 -0.4269533455 -0.0789298564 0.7569288611 0.6487131715 0.6136878729 -0.4759255350 0.6299857497
-283.2 246.0 2399.4 -0.0978945121 -0.1294883937 -0.9867367744 0.9637690187 -0.2595379651 -0.0615569949 -0.2481247336 -0.9570124149 0.1502042562
-258.5 2.6 2462.1 -0.7908312678 -0.1294883937 -0.5981794000 0.6092582941 -0.2595379651 -0.7492958903 -0.0582251512 -0.9570124149 0.2841426432
-60.7 223.9 2573.0 0.4035786092 0.9049790502 0.1346744597 -0.3595942557 0.0215387270 0.9328601360 0.8413181901 -0.4249105453 0.3341178298
16.5 155.1 2734.0 -0.1070848405 0.9049790502 0.4117593169 -0.9550345540 0.0215387270 -0.2957111597 -0.2764811814 -0.4249105453 0.8619797826
-422.1 -52.8 2614.2 0.0288980547 -0.1146021187 -0.9929910898 -0.2352186888 0.9647301435 -0.1181858405 0.9715127945 0.2369854003 0.0009222645
-377.2 -430.6 2521.4 0.0325833783 0.1688797772 -0.9850979447 -0.2142795771 0.9638834000 0.1581552923 0.9762287736 0.2059331387 0.0675940588
-274.6 -79.3 2714.0 -0.2118040472 -0.1637040675 -0.9635040164 -0.0514965579 0.9863711596 -0.1562689692 0.9759544730 0.0165187400 -0.2173476070
-210.6 -465.2 2707.5 -0.2554072440 0.2876374125 -0.9230557084 -0.1848746091 0.9225742221 0.3386417329 0.9489934444 0.2571411133 -0.1824552864
-36.0 -168.9 2478.4 0 0 0 0 0 0 0 0 0
-10.8 -89.0 2663.3 0 0 0 0 0 0 0 0 0
-437.0 -771.8 2448.5 0 0 0 0 0 0 0 0 0
-318.8 -812.3 2610.8 0 0 0 0 0 0 0 0 0
-84.0 380.1 2395.4 5 0.7499398589 0.4539182186 -0.4811948240 -0.0310891159 0.7508043051 0.6597926617 0.6607750654 -0.4798448682 0.5771700144
-175.0 229.6 2491.6 0.7499398589 0.4539182186 -0.4811948240 -0.0310891159 0.7508043051 0.6597926617 0.6607750654 -0.4798448682 0.5771700144
-262.5 79.9 2582.7 0.7482375503 0.4465758801 -0.4906226397 -0.0339533649 0.7643308640 0.6439297795 0.6625615358 -0.4651541412 0.5870637894
-281.0 234.3 2397.8 -0.1322062165 -0.1649974436 -0.9773931503 0.9549992085 -0.2853313386 -0.0810092539 -0.2655145824 -0.9441196322 0.1952950060
-248.3 -1.3 2463.3 -0.7814680338 -0.1649974436 -0.6017338037 0.6218281388 -0.2853313386 -0.7293255925 -0.0513566621 -0.9441196322 0.3255773485
-69.0 224.8 2585.5 0.4406342208 0.8778470755 0.1876859069 -0.4497200549 0.0349205248 0.8924866319 0.7769126892 -0.4776662588 0.4101726115
14.1 139.9 2732.1 -0.1128653362 0.8778470755 0.4654523730 -0.9541665912 0.0349205248 -0.2972317040 -0.2771778405 -0.4776662588 0.8336710334
-418.3 -54.2 2617.4 -0.0180341080 -0.1007527187 -0.9947480559 -0.2461806685 0.9647277594 -0.0932490379 0.9690561891 0.2432060689 -0.0422013737
-378.8 -432.1 2522.1 -0.0120753078 0.1642051637 -0.9863523245 -0.2113008648 0.9637295008 0.1630258113 0.9773464799 0.2103856802 0.0230593644
-277.1 -68.3 2727.5 -0.3769954443 -0.1976564527 -0.9048792124 -0.1151834875 0.9793853760 -0.1659428030 0.9190251231 0.0416674577 -0.3919906020
-199.8 -451.4 2711.2 -0.3769954443 0.3169665337 -0.8702911139 -0.1151834875 0.9162827730 0.3836126029 0.9190251231 0.2448633760 -0.3089251518
-28.3 -176.4 2477.8 0 0 0 0 0 0 0 0 0
-14.8 -104.2 2661.2 0 0 0 0 0 0 0 0 0
-436.8 -772.4 2447.8 0 0 0 0 0 0 0 0 0
-319.1 -796.1 2619.1 0 0 0 0 0 0 0 0 0
-79.2 380.6 2396.8 6 0.7570849657 0.4592958093 -0.4646177888 -0.0543577708 0.7529867291 0.6557867527 0.6510511041 -0.4712306857 0.5950412154
-171.4 229.5 2491.4 0.7570849657 0.4592958093 -0.4646177888 -0.0543577708 0.7529867291 0.6557867527 0.6510511041 -0.4712306857 0.5950412154
-259.9 79.4 2580.9 0.7558149695 0.4516967833 -0.4740398228 -0.0564757176 0.7662347555 0.6400740147 0.6523451805 -0.4570057988 0.6046416163
-278.7 237.5 2398.8 -0.1512332857 -0.1141208410 -0.9818884730 0.9560832381 -0.2691746652 -0.1159736216 -0.2510645092 -0.9563061595 0.1498171836
-239.9 -8.3 2463.3 -0.7889947295 -0.1141208410 -0.6037083864 0.6095046401 -0.2691746652 -0.7456870079 -0.0774045810 -0.9563061595 0.2819345891
-64.0 221.4 2584.1 0.3902255297 0.8951992393 0.2152726948 -0.4972329140 0.0081176134 0.8675791025 0.7749086618 -0.4455921948 0.4482902288
10.0 127.1 2731.1 -0.1132536158 0.8951992393 0.4310358763 -0.9628680348 0.0081176134 -0.2698503137 -0.2450687885 -0.4455921948 0.8610394001
-417.1 -66.7 2614.3 -0.0108970925 -0.0893261284 -0.9959428310 -0.2486045063 0.9649708271 -0.0838281438 0.9685437679 0.2466823906 -0.0327222534
-382.1 -444.6 2517.7 -0.0039162044 0.1606140435 -0.9870095253 -0.2068115324 0.9655481577 0.1579422504 0.9783729911 0.2047434896 0.0294355527
-282.7 -72.8 2733.3 -0.3629793823 -0.1924221218 -0.9117125273 -0.1485004127 0.9778856635 -0.1472660005 0.9198878407 0.0819351524 -0.3835271001
-207.4 -455.2 2701.3 -0.3432615697 0.3056432903 -0.8881180286 -0.0862599015 0.9313160777 0.3538496196 0.9352704287 0.1980719417 -0.2933202684
-17.8 -179.8 2485.1 0 0 0 0 0 0 0 0 0
-19.0 -119.2 2668.4 0 0 0 0 0 0 0 0 0
-436.9 -774.0 2447.8 0 0 0 0 0 0 0 0 0
-322.3 -805.4 2626.8 0 0 0 0 0 0 0 0 0
-76.0 379.6 2398.1 7 0.7396709919 0.4630781114 -0.4883088171 -0.0343551822 0.7506413460 0.6598161459 0.6720911860 -0.4712708890 0.5711367130
-169.0 228.9 2492.7 0.7396709919 0.4630781114 -0.4883088171 -0.0343551822 0.7506413460 0.6598161459 0.6720911860 -0.4712708890 0.5711367130
-257.7 78.9 2582.2 0.7389560938 0.4528322518 -0.4988856316 -0.0355386958 0.7656235099 0.6423065066 0.6728156805 -0.4569065571 0.5818551779
-274.0 233.9 2397.0 -0.1405628324 -0.1062298864 -0.9843562841 0.9558690786 -0.2736288309 -0.1069654375 -0.2579853535 -0.9559510946 0.1400039047
-238.6 -7.3 2462.1 -0.7878239155 -0.1062298864 -0.6066701412 0.6097277403 -0.2736288309 -0.7438812852 -0.0869800299 -0.9559510946 0.2803426683
-63.9 223.8 2588.3 0.3259279430 0.9227865338 0.2055140138 -0.5531172752 0.0098331524 0.8330453634 0.7667021751 -0.3851861060 0.5136141181
-1.8 118.4 2734.5 -0.0739203542 0.9227865338 0.3781544864 -0.9765875936 0.0098331524 -0.2148952484 -0.2020208836 -0.3851861060 0.9004549980
-416.4 -65.5 2611.7 -0.0324521065 -0.0938602686 -0.9950563312 -0.2400307953 0.9671759605 -0.0834021941 0.9702227116 0.2361375839 -0.0539162494
-379.7 -444.3 2519.2 -0.0261913035 0.1681061685 -0.9854208827 -0.2041630000 0.9640820026 0.1698922962 0.9785864949 0.2056361884 0.0090704951
-280.3 -75.7 2729.2 -0.3852633834 -0.1819919199 -0.9046828747 -0.1390352994 0.9806166887 -0.1380584389 0.9122726321 0.0725939870 -0.4030990005
-209.0 -459.5 2700.8 -0.3693262637 0.2969360650 -0.8805834055 -0.0873390213 0.9322921038 0.3510033488 0.9251864552 0.2065440416 -0.3183858395
-16.7 -179.0 2486.6 0 0 0 0 0 0 0 0 0
-20.6 -131.2 2682.9 0 0 0 0 0 0 0 0 0
-437.2 -774.5 2448.8 0 0 0 0 0 0 0 0 0
-320.8 -810.3 2623.1 0 0 0 0 0 0 0 0 0
-74.0 378.8 2397.7 8 0.7380860448 0.4663214982 -0.4876199663 -0.0354351886 0.7485082150 0.6621780992 0.6737754345 -0.4714654982 0.5689876676
-167.4 228.9 2492.1 0.7380860448 0.4663214982 -0.4876199663 -0.0354351886 0.7485082150 0.6621780992 0.6737754345 -0.4714654982 0.5689876676
-256.3 79.1 2581.5 0.7379366755 0.4539956450 -0.4993369877 -0.0356808789 0.7651123405 0.6429074407 0.6739260554 -0.4566081762 0.5808034539
-272.4 234.0 2396.1 -0.1447219700 -0.0736922994 -0.9867243767 0.9561923146 -0.2668728232 -0.1203127950 -0.2544637918 -0.9609101415 0.1090863720
-235.0 -13.2 2461.9 -0.7975058556 -0.0736922994 -0.5987936854 0.5942984819 -0.2668728232 -0.7586753368 -0.1038932428 -0.9609101415 0.2566278577
-62.3 223.9 2588.0 0.2518197000 0.9609434009 0.1147807389 -0.5420128107 0.0417823419 0.8393309116 0.8017536998 -0.2735726833 0.5313652158
-12.4 116.3 2747.1 -0.0240997560 0.9609434009 0.2756936252 -0.9721477032 0.0417823419 -0.2306146473 -0.2331267595 -0.2735726833 0.9331719875
-413.0 -67.8 2611.0 -0.0335961767 -0.0797375515 -0.9962495565 -0.2445009351 0.9671791196 -0.0691655949 0.9690668583 0.2412602603 -0.0519894250
-381.8 -446.6 2516.5 -0.0260565672 0.1642903388 -0.9860678315 -0.2002397627 0.9655535817 0.1661636978 0.9794003963 0.2017796338 0.0077384459
-279.7 -74.2 2732.3 -0.3839154840 -0.1626217067 -0.9089351296 -0.1542367041 0.9818333983 -0.1105178595 0.9103955030 0.0977616459 -0.4020232856
-216.1 -458.5 2694.1 -0.3637832403 0.2579616606 -0.8950517178 -0.0757859945 0.9495060444 0.3044582009 0.9283955097 0.1785891652 -0.3258644938
-10.5 -180.5 2491.2 0 0 0 0 0 0 0 0 0
-18.5 -131.9 2687.5 0 0 0 0 0 0 0 0 0
-437.6 -774.4 2448.0 0 0 0 0 0 0 0 0 0
-313.1 -815.5 2626.9 0 0 0 0 0 0 0 0 0
-70.2 384.5 2398.0 9 0.7498682141 0.4709192216 -0.4646857083 -0.0569032319 0.7456858158 0.6638634801 0.6591355801 -0.4713679850 0.5859628916
-165.1 234.2 2493.0 0.7498682141 0.4709192216 -0.4646857083 -0.0569032319 0.7456858158 0.6638634801 0.6591355801 -0.4713679850 0.5859628916
-254.8 84.7 2582.1 0.7498911619 0.4579490423 -0.4774367809 -0.0568658561 0.7636306286 0.6431442499 0.6591126323 -0.4551383555 0.5986815691
-271.9 242.3 2399.1 -0.1386596262 -0.0595113188 -0.9885504246 0.9611988664 -0.2484529018 -0.1198661402 -0.2384748310 -0.9668141007 0.0916526020
-235.3 -11.4 2462.1 -0.7935578823 -0.0595113188 -0.6055776477 0.5993369818 -0.2484529018 -0.7609640956 -0.1051715538 -0.9668141007 0.2328290939
-58.3 226.1 2586.8 0.1919304132 0.9800236821 0.0521179512 -0.5444589853 0.0621438995 0.8364822865 0.8165336251 -0.1889224648 0.5455099940
-19.4 115.7 2752.4 0.0121383807 0.9800236821 0.1985100061 -0.9668473601 0.0621438995 -0.2476778626 -0.2550663650 -0.1889224648 0.9482876658
-411.9 -67.5 2610.1 -0.0209320448 -0.0758716390 -0.9968978763 -0.2332263440 0.9699766636 -0.0689256266 0.9721971750 0.2310600877 -0.0379988588
-382.2 -447.5 2519.6 -0.0176521409 0.1602867693 -0.9869126081 -0.2135291696 0.9636898637 0.1603343487 0.9767771959 0.2135648727 0.0172147099
-278.6 -74.0 2731.8 -0.3694612682 -0.1688113511 -0.9137839675 -0.1578518003 0.9804700613 -0.1173082069 0.9157407880 0.1009016111 -0.3888928890
-212.5 -457.9 2692.3 -0.3440733552 0.2844518721 -0.8948187828 -0.0688917413 0.9427900314 0.3261914253 0.9364120364 0.1738793999 -0.3047925532
-11.8 -180.2 2491.7 0 0 0 0 0 0 0 0 0
-16.3 -131.3 2687.3 0 0 0 0 0 0 0 0 0
-436.6 -775.0 2447.0 0 0 0 0 0 0 0 0 0
-319.5 -812.5 2626.9 0 0 0 0 0 0 0 0 0
-67.4 386.8 2398.1 0 0.7675973177 0.4721537828 -0.4334341586 -0.0855724216 0.7456976175 0.6607665420 0.6351942420 -0.4701126218 0.6127988100
-162.5 236.6 2492.9 0.7675973177 0.4721537828 -0.4334341586 -0.0855724216 0.7456976175 0.6607665420 0.6351942420 -0.4701126218 0.6127988100
-253.0 87.4 2581.9 0.7672738433 0.4619436860 -0.4448582828 -0.0860943869 0.7615752220 0.6423324347 0.6355144382 -0.4545450509 0.6241074800
-271.7 248.8 2402.4 -0.1101658642 -0.0886635929 -0.9899506569 0.9672805071 -0.2385901511 -0.0862740353 -0.2285431027 -0.9670643806 0.1120470539
-243.6 1.7 2460.8 -0.8182351589 -0.0886635929 -0.5680052638 0.5710963011 -0.2385901511 -0.7854449153 -0.0658800900 -0.9670643806 0.2458582968
-53.3 224.3 2583.3 0.1628145128 0.9857522249 0.0422379225 -0.5490857959 0.0549575388 0.8339571357 0.8197537661 -0.1589725614 0.5502104163
-19.3 109.7 2754.4 0.0102261314 0.9857522249 0.1678929180 -0.9629499316 0.0549575388 -0.2640210390 -0.2694862783 -0.1589725614 0.9497920275
-412.2 -59.7 2611.8 0.0010681601 -0.0795699507 -0.9968287349 -0.2359405756 0.9686661959 -0.0775747523 0.9717668891 0.2352752090 -0.0177390892
-381.0 -439.2 2519.6 0.0052712723 0.1614871919 -0.9868607521 -0.2109098583 0.9648541212 0.1567595303 0.9774913192 0.2073123306 0.0391452499
-276.8 -70.0 2730.8 -0.2107468396 -0.1869779527 -0.9594920874 -0.1210182235 0.9789764881 -0.1641939729 0.9700208306 0.0815126598 -0.2289439440
-203.6 -453.3 2698.9 -0.2107468396 0.3209613264 -0.9233469367 -0.1210182235 0.9287286401 0.3504535258 0.9700208306 0.1855987906 -0.1568844616
-13.8 -158.6 2479.3 0 0 0 0 0 0 0 0 0
-16.7 -136.6 2685.4 0 0 0 0 0 0 0 0 0
-437.2 -774.6 2447.5 0 0 0 0 0 0 0 0 0
-324.3 -802.6 2629.1 0 0 0 0 0 0 0 0 0
-69.8 389.0 2405.7 1 0.7382733226 0.4692796767 -0.4844884574 -0.0554798916 0.7581062317 0.6497668028 0.6722160578 -0.4528261423 0.5857252479
-164.0 236.8 2496.7 0.7382733226 0.4692796767 -0.4844884574 -0.0554798916 0.7581062317 0.6497668028 0.6722160578 -0.4528261423 0.5857252479
-253.7 85.3 2582.4 0.7375490665 0.4586013556 -0.4956875443 -0.0566753857 0.7734803557 0.6312812567 0.6729110479 -0.4375076294 0.5964711308
-268.9 244.9 2400.9 -0.0831710696 -0.1384243369 -0.9868745208 0.9636704326 -0.2633999288 -0.0442695953 -0.2538146973 -0.9547036886 0.1553026885
-248.8 11.9 2462.3 -0.8213096857 -0.1384243369 -0.5534338951 0.5692180991 -0.2633999288 -0.7788525224 -0.0379623175 -0.9547036886 0.2951265574
-59.2 228.6 2592.4 0.1730372161 0.9841869473 0.0378709249 -0.6088964343 0.0766737461 0.7895354629 0.7741467953 -0.1596784890 0.6125352979
-23.4 102.7 2752.5 0.0341977514 0.9841869473 0.1738004535 -0.9667490721 0.0766737461 -0.2439617068 -0.2534298599 -0.1596784890 0.9540839195
-412.7 -54.0 2613.6 -0.0375331193 -0.0831948742 -0.9958262444 -0.2428058982 0.9674236774 -0.0716705695 0.9693485498 0.2391024679 -0.0565106384
-380.1 -432.9 2519.9 -0.0309863724 0.1575844139 -0.9870192409 -0.2026856691 0.9659863114 0.1605894566 0.9787534475 0.2050307393 0.0020076935
-274.2 -69.5 2728.3 0.0084485877 -0.1945499480 -0.9808562398 -0.1199932545 0.9736062288 -0.1941455007 0.9927387834 0.1193363816 -0.0151190842
-198.1 -450.5 2681.6 0.0084485877 0.3266453147 -0.9451092482 -0.1199932545 0.9386447072 0.3233384192 0.9927387834 0.1106749773 0.0471254550
-18.2 -147.9 2472.9 0 0 0 0 0 0 0 0 0
-14.7 -144.6 2687.6 0 0 0 0 0 0 0 0 0
-435.8 -774.4 2447.4 0 0 0 0 0 0 0 0 0
-320.6 -802.8 2640.1 0 0 0 0 0 0 0 0 0
-73.7 391.5 2409.0 2 0.7335596681 0.4630215764 -0.4974949658 -0.0453925803 0.7637590170 0.6439034343 0.6781074405 -0.4497590363 0.5812805891
-166.8 237.9 2499.4 0.7335596681 0.4630215764 -0.4974949658 -0.0453925803 0.7637590170 0.6439034343 0.6781074405 -0.4497590363 0.5812805891
-255.3 85.1 2584.0 0.7319096923 0.4521743953 -0.5097514391 -0.0481767654 0.7805598974 0.6232216954 0.6796963811 -0.4315838218 0.5930836201
-270.9 244.8 2402.6 -0.1020703465 -0.0993721038 -0.9898014069 0.9663054943 -0.2462519705 -0.0749246851 -0.2362951338 -0.9640980959 0.1211588383
-246.0 9.2 2460.3 -0.7932021022 -0.0993721038 -0.6007958055 0.6046065688 -0.2462519705 -0.7575030327 -0.0726724789 -0.9640980959 0.2554086149
-62.6 231.0 2596.2 0.1678146124 0.9855671525 0.0222626403 -0.6571034789 0.0949948132 0.7477907538 0.7348831892 -0.1401190758 0.6635611057
-26.2 88.7 2755.4 0.0422264859 0.9855671525 0.1639338136 -0.9395020008 0.0949948132 -0.3291078508 -0.3399307430 -0.1401190758 0.9299536347
-409.9 -61.0 2607.4 -0.0450034104 -0.0788484737 -0.9958702922 -0.2271015793 0.9715868235 -0.0666630939 0.9728307128 0.2231636494 -0.0616313331
-379.1 -441.6 2520.0 -0.0414718352 0.1611326635 -0.9860610366 -0.2059558481 0.9643365145 0.1662447453 0.9776821136 0.2099795043 -0.0068065929
-276.9 -71.4 2728.8 -0.2479641885 -0.2168471366 -0.9441880584 -0.1202199161 0.9739806056 -0.1921170950 0.9612808824 0.0658720508 -0.2675816417
-192.2 -452.1 2703.1 -0.2479641885 0.3388197422 -0.9075874090 -0.1202199161 0.9188423157 0.3758669794 0.9612808824 0.2023116350 -0.1871071011
-23.7 -160.3 2480.6 0 0 0 0 0 0 0 0 0
-15.5 -150.8 2668.8 0 0 0 0 0 0 0 0 0
-434.9 -775.8 2447.2 0 0 0 0 0 0 0 0 0
-319.0 -796.0 2627.4 0 0 0 0 0 0 0 0 0
-72.1 398.9 2410.6 3 0.7201663256 0.4645768404 -0.5152949095 -0.0346761234 0.7658859491 0.6420407295 0.6929343939 -0.4445076883 0.5676749945
-166.1 243.9 2500.6 0.7201663256 0.4645768404 -0.5152949095 -0.0346761234 0.7658859491 0.6420407295 0.6929343939 -0.4445076883 0.5676749945
-255.0 90.9 2584.5 0.7186174989 0.4542239904 -0.5265638232 -0.0372841656 0.7812809348 0.6230649948 0.6944053173 -0.4281129241 0.5783775449
-268.4 249.3 2401.7 -0.0940404087 -0.1033565998 -0.9901887774 0.9678406119 -0.2425892204 -0.0665963143 -0.2333259434 -0.9646076560 0.1228459030
-245.0 8.3 2459.8 -0.7774083018 -0.1033565998 -0.6204463840 0.6246523261 -0.2425892204 -0.7422667742 -0.0737954229 -0.9646076560 0.2531528175
-63.8 238.6 2599.5 0.1605901420 0.9861338735 0.0418425575 -0.6752718091 0.0788504332 0.7333420515 0.7198741436 -0.1460226029 0.6785709858
-28.0 88.1 2760.0 0.0241971873 0.9861338735 0.1641782224 -0.9388250709 0.0788504332 -0.3352463841 -0.3435433507 -0.1460226029 0.9277151227
-409.8 -63.4 2607.2 -0.0620028861 -0.0808195174 -0.9947984219 -0.2259580642 0.9719738960 -0.0648818985 0.9721618295 0.2207598537 -0.0785270110
-378.2 -444.1 2520.7 -0.0595199764 0.1660122126 -0.9843258262 -0.2115615755 0.9615757465 0.1749679446 0.9755506516 0.2186596096 -0.0221111607
-278.7 -65.1 2730.5 -0.3652870357 -0.2276927829 -0.9026191831 -0.1137273386 0.9732775092 -0.1994918138 0.9239217639 0.0297806989 -0.3814205527
-189.7 -445.6 2718.8 -0.3652870357 0.3379558623 -0.8673818111 -0.1137273386 0.9085906744 0.4019068182 0.9239217639 0.2454563826 -0.2934615612
-26.9 -167.0 2480.5 0 0 0 0 0 0 0 0 0
-21.8 -151.8 2672.2 0 0 0 0 0 0 0 0 0
-435.4 -775.8 2445.3 0 0 0 0 0 0 0 0 0
-316.4 -786.5 2626.8 0 0 0 0 0 0 0 0 0
-73.6 421.8 2411.5 4 0.7290659547 0.4472318888 -0.5181182027 -0.0387807749 0.7827682495 0.6211037636 0.6833439469 -0.4327325821 0.5880336761
-164.7 262.4 2499.6 0.7290659547 0.4472318888 -0.5181182027 -0.0387807749 0.7827682495 0.6211037636 0.6833439469 -0.4327325821 0.5880336761
-250.7 106.6 2581.4 0.7273034453 0.4393083453 -0.5272929668 -0.0419180579 0.7952943444 0.6047725081 0.6850347519 -0.4177500010 0.5968352556
-268.3 268.3 2402.0 -0.0855854377 -0.0980730727 -0.9914922118 0.9723243117 -0.2253574282 -0.0616397224 -0.2173949331 -0.9693274498 0.1146461517
-245.7 12.3 2459.2 -0.7555729151 -0.0980730727 -0.6476814747 0.6507740617 -0.2253574282 -0.7250566483 -0.0748512894 -0.9693274498 0.2340973765
-61.1 256.4 2597.2 0.1520927101 0.9873422384 0.0449795909 -0.6834490895 0.0721872747 0.7264202237 0.7139784098 -0.1412244886 0.6857773066
-25.3 95.9 2764.8 0.0082673077 0.9873422384 0.1583887935 -0.9126332402 0.0721872747 -0.4023550153 -0.4086957276 -0.1412244886 0.9016781449
-408.9 -58.7 2605.6 -0.0497459620 -0.0904097036 -0.9946614504 -0.2220781296 0.9719646573 -0.0772398934 0.9737590551 0.2170501798 -0.0684293360
-373.4 -439.5 2520.6 -0.0477261916 0.1795279086 -0.9825944901 -0.2112789303 0.9596431851 0.1855966896 0.9762598872 0.2164593339 -0.0078696506
-279.6 -62.0 2731.3 -0.4097579718 -0.2508680820 -0.8770197630 -0.1200255156 0.9679082036 -0.2207884789 0.9042633772 0.0147949113 -0.4267186821
-181.4 -440.6 2725.5 -0.4097579718 0.3492685854 -0.8426801562 -0.1200255156 0.8951192498 0.4293662906 0.9042633772 0.2770793736 -0.3248611093
-33.7 -170.3 2480.3 0 0 0 0 0 0 0 0 0
-23.2 -136.9 2660.6 0 0 0 0 0 0 0 0 0
-436.7 -777.3 2444.4 0 0 0 0 0 0 0 0 0
-312.6 -776.9 2621.5 0 0 0 0 0 0 0 0 0
-74.7 428.3 2412.4 5 0.6951611042 0.4442051351 -0.5651839375 0.0096720839 0.7803782225 0.6252329946 0.7187889218 -0.4401041567 0.5381921530
-165.5 268.9 2502.3 0.6951611042 0.4442051351 -0.5651839375 0.0096720839 0.7803782225 0.6252329946 0.7187889218 -0.4401041567 0.5381921530
-251.2 113.8 2585.7 0.6927730441 0.4373881221 -0.5733734965 0.0054131364 0.7918995619 0.6106273532 0.7211353779 -0.4261299074 0.5462390184
-264.0 268.1 2399.8 -0.0393543392 -0.1046539545 -0.9937297106 0.9736960530 -0.2273817360 -0.0146144023 -0.2244265378 -0.9681658149 0.1108495966
-254.4 30.2 2454.6 -0.7288067341 -0.1046539545 -0.6766744256 0.6799228191 -0.2273817360 -0.6971387863 -0.0809050798 -0.9681658149 0.2368739545
-67.0 269.7 2604.8 0.1751920283 0.9841150641 0.0287288055 -0.6769215465 0.0992142633 0.7293379307 0.7149021029 -0.1472213268 0.6835501790
-25.0 107.5 2776.1 0.0097487746 0.9841150641 0.1772640795 -0.8582161665 0.0992142633 -0.5036084652 -0.5131958127 -0.1472213268 0.8455506563
-402.4 -45.3 2601.3 -0.0899944529 -0.0855139643 -0.9922642708 -0.2097301334 0.9755926728 -0.0650554970 0.9736089110 0.2022530735 -0.1057327837
-368.9 -427.4 2522.0 -0.0879551917 0.1867199242 -0.9784679413 -0.1992398351 0.9591282010 0.2009391636 0.9759956002 0.2126234323 -0.0471582562
-271.2 -51.1 2725.2 -0.1876142919 -0.2365082651 -0.9533439875 -0.1126220077 0.9693574309 -0.2183173597 0.9757649302 0.0664080530 -0.2085013390
-178.8 -430.0 2699.2 -0.1876142919 0.3522675633 -0.9169015288 -0.1126220077 0.9196064472 0.3763512373 0.9757649302 0.1738721579 -0.1328582317
-49.9 -160.5 2477.3 0 0 0 0 0 0 0 0 0
-22.5 -110.4 2645.8 0 0 0 0 0 0 0 0 0
-436.8 -776.2 2444.7 0 0 0 0 0 0 0 0 0
-310.5 -774.0 2634.2 0 0 0 0 0 0 0 0 0
-74.6 428.1 2415.3 6 0.6967987418 0.4492796361 -0.5591236353 0.0021308903 0.7782198191 0.6279883385 0.7172635198 -0.4387729168 0.5413052440
-166.5 268.9 2505.1 0.6967987418 0.4492796361 -0.5591236353 0.0021308903 0.7782198191 0.6279883385 0.7172635198 -0.4387729168 0.5413052440
-252.9 113.9 2588.1 0.6945750117 0.4409632981 -0.5684337616 -0.0017894028 0.7911840081 0.6115756035 0.7194181085 -0.4237679541 0.5503256917
-265.4 269.1 2402.7 -0.0246711224 -0.1235348433 -0.9920334816 0.9738488197 -0.2271606326 0.0040687243 -0.2258535922 -0.9659902453 0.1259085685
-259.4 32.9 2457.5 -0.7693874836 -0.1235348433 -0.6267232895 0.6367161870 -0.2271606326 -0.7368789315 -0.0513366349 -0.9659902453 0.2534311712
-67.6 268.6 2607.5 0.1950060576 0.9805092812 0.0239628982 -0.6164556146 0.1035260409 0.7805541754 0.7628598213 -0.1669848561 0.6246286631
-22.4 125.6 2784.5 -0.0047525116 0.9805092812 0.1964153647 -0.8371670246 0.1035260409 -0.5370602608 -0.5469266772 -0.1669848561 0.8203580379
-399.4 -41.7 2604.2 -0.0880175829 -0.0782382712 -0.9930416346 -0.2232809216 0.9730933905 -0.0568762682 0.9707721472 0.2167211324 -0.1031184345
-368.7 -422.8 2519.3 -0.0820710734 0.1845248044 -0.9793952107 -0.1921767592 0.9613375068 0.1972265691 0.9779224992 0.2044035941 -0.0434366241
-274.5 -39.8 2734.2 -0.1121921018 -0.2580368519 -0.9595988393 -0.1250239760 0.9616871476 -0.2439811379 0.9857900143 0.0926001072 -0.1401544958
-173.6 -415.9 2698.0 -0.1121921018 0.3531219661 -0.9288260341 -0.1250239760 0.9222831130 0.3657360077 0.9857900143 0.1571582109 -0.0593241714
-44.3 -145.1 2471.8 0 0 0 0 0 0 0 0 0
-23.6 -87.7 2645.1 0 0 0 0 0 0 0 0 0
-436.5 -776.1 2444.2 0 0 0 0 0 0 0 0 0
-306.2 -762.0 2639.0 0 0 0 0 0 0 0 0 0
-77.2 426.2 2418.3 7 0.6865612268 0.4506041408 -0.5706045628 0.0058663893 0.7813392282 0.6240790486 0.7270482779 -0.4318158627 0.5337938070
-169.1 266.8 2506.4 0.6865612268 0.4506041408 -0.5706045628 0.0058663893 0.7813392282 0.6240790486 0.7270482779 -0.4318158627 0.5337938070
-254.8 111.2 2588.7 0.6868496537 0.4374131858 -0.5804371238 0.0063783317 0.7949622273 0.6066254377 0.7267715335 -0.4203626812 0.5432295799
-266.9 265.9 2402.9 -0.0041481261 -0.1133404747 -0.9935475588 0.9785767198 -0.2049759924 0.0192973316 -0.2058405727 -0.9721824527 0.1117626205
-265.9 29.1 2452.7 -0.8071594238 -0.1133404747 -0.5793510079 0.5895604491 -0.2049759924 -0.7812831402 -0.0302020553 -0.9721824527 0.2322693616
-71.3 267.8 2609.9 0.2202850878 0.9754243493 0.0046740575 -0.5794866681 0.1270109266 0.8050238490 0.7846462131 -0.1800433099 0.5932240486
-21.1 135.6 2788.8 -0.0026667230 0.9754243493 0.2203185409 -0.8102704287 0.1270109266 -0.5721276402 -0.5860500932 -0.1800433099 0.7900187969
-402.0 -40.8 2606.1 -0.0948396921 -0.0909667835 -0.9913276434 -0.2360713035 0.9694661498 -0.0663759187 0.9670965672 0.2277289331 -0.1134185120
-366.4 -420.5 2517.0 -0.0847745463 0.1891497076 -0.9782819748 -0.1845307648 0.9618518949 0.2019637674 0.9791637659 0.1976445168 -0.0466366187
-276.6 -40.7 2736.1 -0.0884283707 -0.2536176443 -0.9632541537 -0.1247215644 0.9622510076 -0.2419038862 0.9882433414 0.0987473950 -0.1167218760
-177.4 -417.3 2697.4 -0.0884283707 0.3417911828 -0.9356063604 -0.1247215644 0.9280944467 0.3508349657 0.9882433414 0.1477140486 -0.0394411534
-39.2 -136.4 2461.2 0 0 0 0 0 0 0 0 0
-21.7 -71.1 2639.3 0 0 0 0 0 0 0 0 0
-436.4 -776.4 2443.8 0 0 0 0 0 0 0 0 0
-305.9 -766.2 2641.9 0 0 0 0 0 0 0 0 0
-85.6 418.3 2424.8 8 0.7346994281 0.4371760488 -0.5187426209 -0.0537046678 0.7997456193 0.5979320407 0.6762636900 -0.4114414155 0.6110510230
-173.6 257.2 2507.6 0.7346994281 0.4371760488 -0.5187426209 -0.0537046678 0.7997456193 0.5979320407 0.6762636900 -0.4114414155 0.6110510230
-256.8 98.3 2586.0 0.7362931967 0.4236668348 -0.5276160836 -0.0507204346 0.8120945096 0.5813174248 0.6747590303 -0.4012591541 0.6194282174
-278.2 264.3 2412.0 -0.0373896696 -0.0688893422 -0.9969233871 0.9848878384 -0.1713653654 -0.0250965934 -0.1691092551 -0.9827960730 0.0742555708
-269.1 26.2 2452.9 -0.8258382678 -0.0688893422 -0.5596833229 0.5624731779 -0.1713653654 -0.8088620305 -0.0401883610 -0.9827960730 0.1802684814
-69.1 250.2 2603.3 0.2424556315 0.9699456692 -0.0205099117 -0.4106206298 0.1217499971 0.9036413431 0.8789800406 -0.2106711268 0.4277986884
-14.8 158.3 2800.0 -0.0270739030 0.9699456692 0.2418106496 -0.8064357638 0.1217499971 -0.5786521435 -0.5907015800 -0.2106711268 0.7789026499
-402.5 -45.1 2605.4 -0.0361241736 -0.0886429027 -0.9954081774 -0.2326321900 0.9694409370 -0.0778880641 0.9718936682 0.2287503481 -0.0556414463
-367.8 -424.8 2515.8 -0.0286735129 0.1903111935 -0.9813050032 -0.1950172931 0.9617789388 0.1922227293 0.9803805947 0.1968831420 0.0095363948
-278.4 -43.7 2736.7 -0.1154141054 -0.2466334552 -0.9622117877 -0.1271904111 0.9643803835 -0.2319332361 0.9851406813 0.0956157520 -0.1426725090
-181.9 -421.3 2699.3 -0.1154141054 0.3323782682 -0.9360578656 -0.1271904111 0.9296528697 0.3457863033 0.9851406813 0.1589661986 -0.0650197193
-35.9 -132.6 2464.2 0 0 0 0 0 0 0 0 0
-21.7 -47.8 2649.0 0 0 0 0 0 0 0 0 0
-437.4 -776.6 2443.8 0 0 0 0 0 0 0 0 0
-306.9 -771.1 2639.5 0 0 0 0 0 0 0 0 0
-89.7 415.0 2426.5 9 0.7174832821 0.4270059764 -0.5503486395 -0.0278659854 0.8070395589 0.5898394585 0.6960180998 -0.4078639746 0.5909363627
-175.8 252.4 2508.7 0.7174832821 0.4270059764 -0.5503486395 -0.0278659854 0.8070395589 0.5898394585 0.6960180998 -0.4078639746 0.5909363627
-257.5 92.0 2585.9 0.7167457938 0.4169993699 -0.5589159131 -0.0292866714 0.8187967539 0.5733360052 0.6967192888 -0.3945674002 0.5990816355
-277.6 256.5 2409.7 -0.0297750477 -0.0801222026 -0.9963402152 0.9792819619 -0.2020826787 -0.0130144889 -0.2003003508 -0.9760855436 0.0844792500
-270.6 23.9 2457.3 -0.8358534575 -0.0801222026 -0.5430740118 0.5471326113 -0.2020826787 -0.8122859597 -0.0446637198 -0.9760855436 0.2127489746
