-105.3 441.7 2470.6 1 0.6688868403 0.4031851590 -0.6245254874 -0.0462534726 0.8610795140 0.5063622594 0.7419238687 -0.3098125458 0.5946134329
-185.5 270.5 2532.2 0.6688868403 0.4031851590 -0.6245254874 -0.0462534726 0.8610795140 0.5063622594 0.7419238687 -0.3098125458 0.5946134329
-261.4 99.9 2591.2 0.6710515618 0.3869890273 -0.6323996186 -0.0415077023 0.8712397218 0.4890996218 0.7402478456 -0.3019616008 0.6007097960
-280.9 276.3 2426.9 -0.0200873539 0.0876237154 -0.9959511161 0.9952613711 -0.0930390358 -0.0282590110 -0.0951384827 -0.9917992949 -0.0853395909
-276.1 39.4 2449.5 -0.6751042604 0.0876237154 -0.7325000167 0.7265678048 -0.0930390358 -0.6807664633 -0.1278023869 -0.9917992949 -0.0008535178
-90.1 264.6 2637.5 0.0854016542 0.9950899482 0.0500251725 -0.9733096361 0.0725874677 0.2177141756 0.2130139917 -0.0672831312 0.9747297168
-66.7 -1.5 2695.7 -0.0304595921 0.9950899482 0.0941709802 -0.4222138226 0.0725874677 -0.9035853744 -0.9059844017 -0.0672831312 0.4179297686
-397.7 -71.9 2583.2 -0.8978372812 -0.0564239658 -0.4366973042 -0.1017491743 0.9915000200 0.0810855627 0.4284102023 0.1172352284 -0.8959467411
-375.6 -460.2 2537.2 -0.8849004507 0.1606426984 -0.4372014403 0.0129175335 0.9467461705 0.3217215836 0.4656010270 0.2790440023 -0.8398512602
-281.5 -74.1 2720.8 0.0251163952 -0.1535101235 -0.9878278375 -0.0620481782 0.9859949946 -0.1548029184 0.9977570772 0.0651810095 0.0152396150
-221.4 -459.9 2695.3 -0.0012486153 0.2351991683 -0.9719464183 -0.1704418212 0.9576752782 0.2319646925 0.9853669405 0.1659499407 0.0388920084
-105.6 -144.2 2481.8 0 0 0 0 0 0 0 0 0
-70.5 -54.2 2582.5 0 0 0 0 0 0 0 0 0
-432.3 -794.4 2438.7 0 0 0 0 0 0 0 0 0
-310.0 -820.4 2632.8 0 0 0 0 0 0 0 0 0
-107.3 443.6 2476.4 2 0.7024863958 0.3938193321 -0.5928061604 -0.0793933421 0.8711121082 0.4846239090 0.7072549462 -0.2933768630 0.6432110667
-185.7 270.1 2534.9 0.7024863958 0.3938193321 -0.5928061604 -0.0793933421 0.8711121082 0.4846239090 0.7072549462 -0.2933768630 0.6432110667
-260.0 97.9 2591.2 0.7054876089 0.3787146807 -0.5990512967 -0.0725927278 0.8794234991 0.4704727829 0.7049946785 -0.2884259522 0.6479142904
-286.0 280.3 2434.7 -0.0193983186 0.0960823298 -0.9951843619 0.9984489083 -0.0500933118 -0.0242983252 -0.0521867201 -0.9941120744 -0.0949615762
-281.5 46.1 2446.9 -0.6845437288 0.0960823298 -0.7226119637 0.7217254043 -0.0500933118 -0.6903644800 -0.1025298610 -0.9941120744 -0.0350539982
-85.4 259.9 2635.1 0.0880624726 0.9912383556 0.0984452590 -0.9809543490 0.0691207275 0.1815236956 0.1731286496 -0.1125557274 0.9784465432
-61.4 -8.3 2682.4 -0.0771704987 0.9912383556 0.1071969271 -0.3885188997 0.0691207275 -0.9188445807 -0.9182035923 -0.1125557274 0.3797807395
-397.8 -67.0 2583.6 -0.8771830201 -0.0635483414 -0.4759323299 -0.1083575338 0.9918327928 0.0672785938 0.4677698314 0.1105864942 -0.8769047856
-372.9 -455.4 2540.3 -0.8632402420 0.1687356532 -0.4757567942 0.0040576207 0.9447674751 0.3277162910 0.5047769547 0.2809674740 -0.8162459731
-276.7 -74.4 2717.0 0.0661185533 -0.1407947093 -0.9878284931 -0.0541695654 0.9880284071 -0.1444489509 0.9963402748 0.0630609989 0.0577002205
-221.6 -461.2 2692.3 0.0353650078 0.2354558557 -0.9712414145 -0.1820278466 0.9571101069 0.2254020125 0.9826571941 0.1688216478 0.0767077282
-109.2 -135.6 2472.7 0 0 0 0 0 0 0 0 0
-71.0 -56.9 2567.7 0 0 0 0 0 0 0 0 0
-433.1 -792.5 2440.0 0 0 0 0 0 0 0 0 0
-310.2 -821.6 2628.7 0 0 0 0 0 0 0 0 0
-115.0 442.2 2478.4 3 0.6655436158 0.3603311479 -0.6536154151 -0.0232337788 0.8853166699 0.4644077718 0.7459972501 -0.2938976586 0.5975887179
-186.6 266.3 2536.7 0.6655436158 0.3603311479 -0.6536154151 -0.0232337788 0.8853166699 0.4644077718 0.7459972501 -0.2938976586 0.5975887179
-255.1 91.7 2592.8 0.6664054990 0.3490134776 -0.6588575840 -0.0210740678 0.8921374679 0.4512722194 0.7452915907 -0.2868455052 0.6018804908
-281.3 269.2 2430.7 0.0212421920 0.0695622489 -0.9973514080 0.9976544380 -0.0664041042 0.0166171603 -0.0650722980 -0.9953650236 -0.0708096549
-285.9 51.7 2444.9 -0.6859357953 0.0695622489 -0.7243294716 0.7212940454 -0.0664041042 -0.6894384623 -0.0960573405 -0.9953650236 -0.0046258848
-91.9 263.4 2642.8 0.1282440126 0.9912157059 0.0323256068 -0.9712553620 0.1189370379 0.2061964273 0.2005404234 -0.0578398779 0.9779765010
-56.9 -2.1 2697.6 -0.0039489712 0.9912157059 0.1321963519 -0.4105239511 0.1189370379 -0.9040597677 -0.9118412733 -0.0578398779 0.4064480960
-397.9 -67.7 2584.1 -0.9002507329 -0.0568342470 -0.4316462576 -0.0974043459 0.9926040769 0.0724538341 0.4243359864 0.1072708368 -0.8991284370
-375.6 -456.5 2542.1 -0.8871628642 0.1634112746 -0.4315539896 0.0141923642 0.9444196224 0.3284359872 0.4612382054 0.2852514386 -0.8401731849
-270.6 -80.8 2711.1 0.0159679577 -0.1168568209 -0.9930204153 -0.0607364662 0.9911996722 -0.1176192164 0.9980261326 0.0621906891 0.0087299645
-224.9 -468.8 2686.7 -0.0039118906 0.2361064255 -0.9717193246 -0.1421601474 0.9617261291 0.2342505902 0.9898359179 0.1390561163 0.0298027545
-114.0 -129.1 2469.0 0 0 0 0 0 0 0 0 0
-57.4 -53.4 2583.7 0 0 0 0 0 0 0 0 0
-433.5 -791.1 2441.0 0 0 0 0 0 0 0 0 0
-313.8 -830.8 2634.4 0 0 0 0 0 0 0 0 0
-120.6 444.1 2478.8 4 0.6511195302 0.3488331139 -0.6740614772 -0.0035648404 0.8895162940 0.4568894804 0.7589668632 -0.2950867414 0.5804249644
-190.0 267.1 2537.5 0.6511195302 0.3488331139 -0.6740614772 -0.0035648404 0.8895162940 0.4568894804 0.7589668632 -0.2950867414 0.5804249644
-256.6 91.7 2594.0 0.6513676643 0.3396608233 -0.6784914732 -0.0029215415 0.8953243494 0.4454051554 0.7587566376 -0.2881402671 0.5841776729
-282.6 267.4 2429.5 -0.0116538666 0.0741279423 -0.9971806407 0.9966325164 -0.0800862983 -0.0176008791 -0.0811652243 -0.9940277934 -0.0729449987
-279.9 39.2 2448.1 -0.6799780726 0.0741279423 -0.7294757366 0.7250666022 -0.0800862983 -0.6840063334 -0.1091249958 -0.9940277934 0.0007092344
-97.4 266.7 2645.6 0.1405215263 0.9900372624 0.0089381235 -0.9670623541 0.1353141814 0.2155932784 0.2122359276 -0.0389392190 0.9764423370
-58.9 2.3 2703.6 0.0215337779 0.9900372624 0.1391491592 -0.4187973142 0.1353141814 -0.8979414701 -0.9078243971 -0.0389392190 0.4175387919
-383.4 -80.9 2582.1 -0.9091806412 -0.0114729814 -0.4162438214 -0.0575066470 0.9935013056 0.0982248932 0.4124118686 0.1132409573 -0.9039319158
-378.9 -469.7 2537.8 -0.8999997973 0.1545388997 -0.4075759053 0.0148113919 0.9453446269 0.3257363141 0.4356386065 0.2871258557 -0.8530989289
-263.5 -84.8 2716.3 0.0003815023 -0.1073534265 -0.9942208529 -0.0816078931 0.9909013510 -0.1070263162 0.9966644645 0.0811771005 -0.0083828559
-221.5 -472.8 2684.5 -0.0123735676 0.2561442256 -0.9665593505 -0.1294203699 0.9580923319 0.2555572093 0.9915125966 0.1282546222 0.0212952606
-107.7 -144.5 2475.8 0 0 0 0 0 0 0 0 0
-56.3 -50.0 2590.2 0 0 0 0 0 0 0 0 0
-431.7 -792.3 2439.8 0 0 0 0 0 0 0 0 0
-317.9 -833.5 2636.2 0 0 0 0 0 0 0 0 0
-123.1 442.6 2480.0 5 0.6532422900 0.3482213914 -0.6723216176 -0.0059570577 0.8903011084 0.4553333819 0.7571254969 -0.2934379578 0.5836567283
-192.3 265.5 2538.4 0.6532422900 0.3482213914 -0.6723216176 -0.0059570577 0.8903011084 0.4553333819 0.7571254969 -0.2934379578 0.5836567283
-258.5 89.9 2594.7 0.6539776325 0.3376943171 -0.6769607663 -0.0040417030 0.8963892460 0.4432492852 0.7565031052 -0.2871390283 0.5875833631
-285.4 266.0 2430.7 -0.0537308641 0.1247546151 -0.9907317162 0.9949349761 -0.0777226985 -0.0637457967 -0.0849549174 -0.9891387224 -0.1199466214
-272.8 33.0 2450.6 -0.6629630327 0.1247546151 -0.7381844521 0.7351807356 -0.0777226985 -0.6734007001 -0.1413835287 -0.9891387224 -0.0401899144
-99.3 264.9 2646.2 0.1423016638 0.9897497892 0.0120639456 -0.9674178958 0.1364917010 0.2132430375 0.2094106227 -0.0420157164 0.9769247174
-60.4 0.4 2703.4 0.0188646652 0.9897497892 0.1415606886 -0.4165787995 0.1364917010 -0.8987948298 -0.9089038372 -0.0420157164 0.4148836434
-381.8 -83.2 2582.1 -0.9078013301 -0.0035862031 -0.4193850756 -0.0458269417 0.9948241711 0.0906902030 0.4168891907 0.1015478298 -0.9032670856
-380.4 -472.7 2542.3 -0.9011623859 0.1497551054 -0.4067920148 0.0037662643 0.9410991073 0.3381098211 0.4334653020 0.3031597733 -0.8486471772
-264.4 -83.8 2718.9 0.0045309165 -0.1225758269 -0.9924488068 -0.0894279778 0.9884327650 -0.1224880815 0.9959830046 0.0893076733 -0.0064832014
-216.4 -470.8 2684.0 -0.0015345510 0.2825315595 -0.9592567682 -0.1099199206 0.9533975720 0.2809816599 0.9939392805 0.1058726087 0.0295928083
-104.1 -154.2 2486.6 0 0 0 0 0 0 0 0 0
-58.0 -51.6 2589.9 0 0 0 0 0 0 0 0 0
-431.5 -793.8 2438.9 0 0 0 0 0 0 0 0 0
-322.7 -829.6 2644.1 0 0 0 0 0 0 0 0 0
-116.3 443.9 2479.2 6 0.6993348598 0.3682640791 -0.6126274467 -0.0518578030 0.8809491396 0.4703608453 0.7129105926 -0.2971702218 0.6351758242
-189.6 268.6 2538.3 0.6993348598 0.3682640791 -0.6126274467 -0.0518578030 0.8809491396 0.4703608453 0.7129105926 -0.2971702218 0.6351758242
-259.0 94.2 2594.6 0.7008074522 0.3534734845 -0.6196171641 -0.0482442752 0.8900978565 0.4532089233 0.7117172480 -0.2877191901 0.6408402324
-289.2 275.4 2437.0 -0.0731206238 0.1732388288 -0.9821617603 0.9959315658 -0.0393204503 -0.0810813159 -0.0526654720 -0.9840946198 -0.1696588844
-271.2 29.5 2450.0 -0.6610724926 0.1732388288 -0.7300489545 0.7360234261 -0.0393204503 -0.6758131385 -0.1457829326 -0.9840946198 -0.1015141606
-90.0 261.7 2639.6 0.1173301637 0.9895742536 0.0835250616 -0.9771798253 0.1000449210 0.1873783618 0.1770685315 -0.1036041379 0.9787302613
-57.9 -5.4 2688.0 -0.0562974252 0.9895742536 0.1325647086 -0.3934232891 0.1000449210 -0.9138977528 -0.9176321030 -0.1036041379 0.3836892843
-383.6 -85.2 2582.7 -0.8806766868 -0.0062090359 -0.4736770689 -0.0553267971 0.9944191575 0.0898304731 0.4704757929 0.1053186432 -0.8761053085
-381.2 -474.6 2541.4 -0.8754517436 0.1487675607 -0.4598396122 -0.0179161169 0.9408035874 0.3384783566 0.4829733670 0.3045600057 -0.8209627867
-265.6 -86.0 2719.3 0.0602146126 -0.1213899627 -0.9907767773 -0.0642967671 0.9900448918 -0.1252079308 0.9961125255 0.0712430924 0.0518101864
-218.0 -473.7 2691.4 0.0276508816 0.2846568823 -0.9582306147 -0.1742020398 0.9453009963 0.2757891417 0.9843216538 0.1592999250 0.0757262185
-102.4 -158.5 2487.3 0 0 0 0 0 0 0 0 0
-65.0 -54.6 2573.4 0 0 0 0 0 0 0 0 0
-431.6 -793.6 2438.2 0 0 0 0 0 0 0 0 0
-325.1 -829.0 2631.5 0 0 0 0 0 0 0 0 0
-114.3 444.4 2479.7 7 0.6752195358 0.3769377172 -0.6340319514 -0.0406973697 0.8772967458 0.4782197177 0.7364932299 -0.2970998585 0.6077082753
-189.3 269.7 2538.9 0.6752195358 0.3769377172 -0.6340319514 -0.0406973697 0.8772967458 0.4782197177 0.7364932299 -0.2970998585 0.6077082753
-260.3 96.3 2595.9 0.6774868965 0.3621254265 -0.6402161121 -0.0352895781 0.8854095340 0.4634701908 0.7346878052 -0.2914020121 0.6126326323
-285.7 274.7 2434.3 -0.0412570424 0.2178569436 -0.9751083255 0.9974485040 -0.0479268357 -0.0529099889 -0.0582606643 -0.9748032689 -0.2153237611
-275.9 38.1 2448.1 -0.6558627486 0.2178569436 -0.7227602601 0.7324650288 -0.0479268357 -0.6791155934 -0.1825896502 -0.9748032689 -0.1281391680
-93.0 264.7 2643.4 0.1120496839 0.9923523664 0.0517852046 -0.9738750458 0.0993062928 0.2042196989 0.1975152940 -0.0733150691 0.9775543809
-62.3 -1.6 2697.4 -0.0264395066 0.9923523664 0.1205727607 -0.4091577530 0.0993062928 -0.9070436358 -0.9120805264 -0.0733150691 0.4034030437
-391.3 -75.6 2587.0 -0.8947247267 -0.0328294225 -0.4454098344 -0.0785363242 0.9933195710 0.0845474899 0.4396586716 0.1106275842 -0.8913258910
-378.4 -464.5 2543.7 -0.8850708008 0.1553963870 -0.4387501478 -0.0026081833 0.9409527779 0.3385277390 0.4654491544 0.3007653356 -0.8324044943
-265.1 -84.4 2715.2 0.0311061107 -0.1185545400 -0.9924601912 -0.0720607713 0.9900907874 -0.1205300614 0.9969150424 0.0752666742 0.0222547408
-218.6 -472.2 2685.8 0.0089450749 0.2681976855 -0.9633223414 -0.1514032185 0.9526177049 0.2638115585 0.9884316325 0.1434902847 0.0491272323
-108.3 -149.1 2494.8 0 0 0 0 0 0 0 0 0
-65.6 -52.7 2583.5 0 0 0 0 0 0 0 0 0
-432.5 -792.3 2438.9 0 0 0 0 0 0 0 0 0
-319.5 -830.6 2631.8 0 0 0 0 0 0 0 0 0
-121.9 443.9 2489.0 8 0.6337676644 0.3623898327 -0.6833828688 -0.0202138759 0.8909248710 0.4537006021 0.7732592821 -0.2737269402 0.5719646811
-194.0 266.6 2543.5 0.6337676644 0.3623898327 -0.6833828688 -0.0202138759 0.8909248710 0.4537006021 0.7732592821 -0.2737269402 0.5719646811
-262.3 90.9 2596.7 0.6363350153 0.3487532437 -0.6880762577 -0.0137592452 0.8969582915 0.4419010580 0.7712900639 -0.2717297077 0.5755645633
-284.6 268.6 2433.7 -0.0525269173 0.2792470753 -0.9587815404 0.9959898591 -0.0549802966 -0.0705785006 -0.0724229366 -0.9586439729 -0.2752393186
-272.3 35.3 2450.7 -0.6657927632 0.2792470753 -0.6919111609 0.7083075047 -0.0549802966 -0.7037596107 -0.2345643044 -0.9586439729 -0.1611873209
-103.5 264.6 2653.2 0.1325417161 0.9911330342 -0.0093823746 -0.9698578715 0.1316377521 0.2050541490 0.2044710070 -0.0180786587 0.9787056446
-67.3 -0.5 2709.1 0.0377058946 0.9911330342 0.1274111420 -0.4091075063 0.1316377521 -0.9029410481 -0.9117068052 -0.0180786587 0.4104434848
-392.3 -73.9 2586.8 -0.9158138037 -0.0437178761 -0.3992165625 -0.0900643021 0.9910951257 0.0980759859 0.3913739324 0.1257745028 -0.9115960002
-375.2 -462.0 2537.5 -0.9023255706 0.1644657403 -0.3984465301 0.0284231678 0.9450407624 0.3257146478 0.4301171303 0.2825755477 -0.8574090600
-270.1 -80.3 2719.3 -0.0186926369 -0.1513789147 -0.9882990718 -0.0936811641 0.9843883514 -0.1490080208 0.9954267740 0.0897996575 -0.0325821675
-210.9 -465.6 2684.1 -0.0258063227 0.2951240242 -0.9551103711 -0.1165421829 0.9480255246 0.2960836887 0.9928504229 0.1189514846 0.0099293450
-102.2 -145.6 2510.6 0 0 0 0 0 0 0 0 0
-62.6 -51.6 2595.3 0 0 0 0 0 0 0 0 0
-432.5 -791.5 2439.0 0 0 0 0 0 0 0 0 0
-321.9 -822.2 2639.4 0 0 0 0 0 0 0 0 0
-122.6 445.3 2484.1 9 0.6301931739 0.3584217131 -0.6887600422 -0.0043766038 0.8887019753 0.4584644139 0.7764260173 -0.2859067321 0.5616226196
-193.6 269.3 2540.8 0.6301931739 0.3584217131 -0.6887600422 -0.0043766038 0.8887019753 0.4584644139 0.7764260173 -0.2859067321 0.5616226196
-260.9 93.8 2596.1 0.6324891448 0.3435399234 -0.6942174435 0.0014598189 0.8957322836 0.4445914328 0.7745678425 -0.2822126746 0.5660394430
-283.7 269.0 2430.5 -0.0589136668 0.3021535277 -0.9514370561 0.9941631556 -0.0685333163 -0.0833238289 -0.0903817266 -0.9507925510 -0.2963523269
-269.4 27.9 2452.4 -0.6902794242 0.3021535277 -0.6574325562 0.6721534133 -0.0685333163 -0.7372333407 -0.2678136826 -0.9507925510 -0.1557863802
-103.6 269.5 2651.1 0.1386126727 0.9902196527 -0.0158625748 -0.9659748673 0.1387156993 0.2182899415 0.2183553725 -0.0149349021 0.9757550359
-65.7 5.4 2710.8 0.0453414582 0.9902196527 0.1319441050 -0.4211964905 0.1387156993 -0.8962987661 -0.9058353305 -0.0149349021 0.4233666062
-387.8 -83.4 2580.4 -0.9181529284 -0.0223816410 -0.3955934942 -0.0634178892 0.9938330650 0.0909613222 0.3911180496 0.1086041108 -0.9139102101
-379.1 -472.5 2537.9 -0.9072310925 0.1602705270 -0.3889024854 0.0237036683 0.9425761700 0.3331490159 0.4199641943 0.2930247188 -0.8589333892
-273.2 -86.0 2719.5 -0.0194076914 -0.1546653956 -0.9877762794 -0.1031903625 0.9829961061 -0.1518894434 0.9944722652 0.0989811644 -0.0350376628
-212.6 -470.9 2680.8 -0.0165823679 0.2903599143 -0.9567738175 -0.0939267203 0.9522215128 0.2906062603 0.9954410195 0.0946855694 0.0114824669
-93.1 -143.8 2520.8 0 0 0 0 0 0 0 0 0
-60.1 -47.2 2597.6 0 0 0 0 0 0 0 0 0
-433.6 -793.0 2438.3 0 0 0 0 0 0 0 0 0
-321.9 -829.2 2645.1 0 0 0 0 0 0 0 0 0
-117.8 447.8 2480.7 0 0.6755182743 0.3633391261 -0.6416071653 -0.0331519172 0.8842472434 0.4658409357 0.7365975976 -0.2934135795 0.6093705297
-190.0 272.1 2539.0 0.6755182743 0.3633391261 -0.6416071653 -0.0331519172 0.8842472434 0.4658409357 0.7365975976 -0.2934135795 0.6093705297
-256.8 96.9 2595.6 0.6798295379 0.3411496580 -0.6491908431 -0.0222670902 0.8944095969 0.4466941059 0.7330320477 -0.2892202437 0.6156424880
-286.7 275.2 2434.8 -0.0683761537 0.3359987736 -0.9393771887 0.9955312610 -0.0384920835 -0.0862314925 -0.0651322603 -0.9410755634 -0.3318653405
-269.7 27.9 2450.9 -0.6926349998 0.3359987736 -0.6382488012 0.6669812799 -0.0384920835 -0.7440795302 -0.2745773494 -0.9410755634 -0.1974439323
-93.3 268.9 2643.3 0.1346997917 0.9896545410 0.0493953265 -0.9717170596 0.1221717373 0.2020892650 0.1939638406 -0.0752196610 0.9781206846
-56.4 3.2 2696.3 -0.0192278698 0.9896545410 0.1421767175 -0.4066125751 0.1221717373 -0.9053950906 -0.9133983254 -0.0752196610 0.4000568688
-385.2 -81.7 2581.5 -0.8927506804 -0.0130447978 -0.4503621757 -0.0552497581 0.9952064157 0.0806950331 0.4471506774 0.0969229490 -0.8891918659
-380.1 -471.4 2543.5 -0.8858442903 0.1548868716 -0.4373670816 -0.0060052653 0.9387303591 0.3446001112 0.4639438093 0.3078885376 -0.8306387663
-271.1 -81.5 2721.3 -0.3382665217 -0.1900192648 -0.9216661453 -0.0925759673 0.9813702106 -0.1683515310 0.9364857078 0.0283764433 -0.3495559096
-196.9 -464.6 2710.2 -0.3382665217 0.3446235657 -0.8756771088 -0.0925759673 0.9138315320 0.3954005837 0.9364857078 0.2148174345 -0.2772147655
-92.5 -142.7 2521.2 0 0 0 0 0 0 0 0 0
-58.8 -47.6 2582.2 0 0 0 0 0 0 0 0 0
-433.3 -793.7 2437.8 0 0 0 0 0 0 0 0 0
-325.4 -805.4 2630.1 0 0 0 0 0 0 0 0 0
-124.5 446.6 2479.5 1 0.6933119893 0.3510200679 -0.6293674707 -0.0389095284 0.8903082013 0.4536930025 0.7195863724 -0.2900623977 0.6309193969
-194.0 270.3 2536.9 0.6933119893 0.3510200679 -0.6293674707 -0.0389095284 0.8903082013 0.4536930025 0.7195863724 -0.2900623977 0.6309193969
-259.0 94.3 2592.9 0.6969859004 0.3320568800 -0.6355696917 -0.0292869955 0.8987664580 0.4374484122 0.7164865136 -0.2862814367 0.6361525059
-293.1 274.5 2435.0 -0.0855730101 0.3681427240 -0.9258229733 0.9948122501 -0.0197325032 -0.0997960269 -0.0550079830 -0.9295598865 -0.3645443022
-272.4 33.8 2448.3 -0.6885232925 0.3681427240 -0.6248252392 0.6660845876 -0.0197325032 -0.7456151247 -0.2868221402 -0.9295598865 -0.2316279113
-94.8 266.2 2638.9 0.1415993273 0.9873046875 0.0719658583 -0.9736230373 0.1257604659 0.1903746426 0.1789073199 -0.0970245451 0.9790701866
-56.1 -0.0 2687.8 -0.0397829413 0.9873046875 0.1537750661 -0.3955833018 0.1257604659 -0.9097791910 -0.9175680876 -0.0970245451 0.3855581284
-384.8 -76.3 2586.2 -0.8817012310 -0.0174151398 -0.4714866281 -0.0705490708 0.9929499030 0.0952536985 0.4665037394 0.1172482446 -0.8767138124
-378.0 -465.1 2540.3 -0.8722498417 0.1616474390 -0.4615737498 -0.0019498863 0.9426397681 0.3338060081 0.4890566766 0.2920622528 -0.8219022155
-262.3 -80.4 2718.3 -0.3213451803 -0.1351274997 -0.9372714758 -0.0716970116 0.9903973937 -0.1182052791 0.9442440271 0.0292148720 -0.3279476762
-209.5 -467.1 2706.9 -0.3334362209 0.2946613729 -0.8955417275 -0.1091568843 0.9314473271 0.3471176922 0.9364321232 0.2134961486 -0.2784139514
-96.2 -136.6 2521.7 0 0 0 0 0 0 0 0 0
-61.0 -49.4 2573.2 0 0 0 0 0 0 0 0 0
-434.1 -792.5 2438.8 0 0 0 0 0 0 0 0 0
-319.8 -815.7 2627.0 0 0 0 0 0 0 0 0 0
-126.5 448.2 2488.4 2 0.6478930712 0.3450184762 -0.6791146994 -0.0200817026 0.8989676237 0.4375544488 0.7614665031 -0.2698507309 0.5893635154
-195.0 269.8 2541.9 0.6478930712 0.3450184762 -0.6791146994 -0.0200817026 0.8989676237 0.4375544488 0.7614665031 -0.2698507309 0.5893635154
-259.8 92.6 2594.4 0.6506110430 0.3309680521 -0.6834949851 -0.0128296455 0.9046947956 0.4258669913 0.7593027353 -0.2683047652 0.5928506851
-287.5 271.7 2433.9 -0.0625122562 0.3077345788 -0.9494164586 0.9956284165 -0.0469194874 -0.0807630047 -0.0693997070 -0.9503147006 -0.3034562469
-272.8 36.2 2450.3 -0.6836861968 0.3077345788 -0.6617194414 0.6837186813 -0.0469194874 -0.7282357812 -0.2551508844 -0.9503147006 -0.1783256680
-102.4 268.0 2649.9 0.1499833912 0.9886714220 0.0058108647 -0.9699757099 0.1460040510 0.1944993138 0.1914475113 -0.0348080620 0.9808854461
-61.4 2.8 2702.3 0.0266253278 0.9886714220 0.1477155238 -0.3988257051 0.1460040510 -0.9053291678 -0.9166401625 -0.0348080620 0.3981949985
-386.9 -79.1 2584.4 -0.9084671736 -0.0237689465 -0.4172798097 -0.0702931657 0.9928494692 0.0964821279 0.4120027721 0.1169827655 -0.9036419392
-377.6 -467.9 2538.5 -0.8962498903 0.1670543700 -0.4108880758 0.0242235661 0.9434158802 0.3307260275 0.4428875744 0.2864599824 -0.8495830297
-261.1 -84.4 2713.6 -0.3775691986 -0.1291439980 -0.9169314504 -0.0858351141 0.9908444285 -0.1042094454 0.9219945073 0.0393586345 -0.3851974308
-210.6 -471.9 2698.3 -0.3719264567 0.3133862019 -0.8737618923 -0.0689298436 0.9293650389 0.3626697659 0.9256994128 0.1951147467 -0.3240537643
-97.8 -138.7 2515.6 0 0 0 0 0 0 0 0 0
-58.1 -47.0 2587.8 0 0 0 0 0 0 0 0 0
-435.0 -791.9 2440.2 0 0 0 0 0 0 0 0 0
-328.2 -820.7 2625.0 0 0 0 0 0 0 0 0 0
-129.9 450.8 2491.3 3 0.5995386243 0.3470615149 -0.7211807966 0.0036333667 0.8998969197 0.4360875189 0.8003375530 -0.2640716434 0.5382619500
-198.9 272.0 2543.8 0.5995386243 0.3470615149 -0.7211807966 0.0036333667 0.8998969197 0.4360875189 0.8003375530 -0.2640716434 0.5382619500
-263.7 94.3 2594.7 0.6018514633 0.3307151198 -0.7269129157 0.0097994376 0.9070979953 0.4208053648 0.7985479236 -0.2603856325 0.5426974297
-284.5 270.6 2430.3 -0.0521351062 0.3114866316 -0.9488192797 0.9951127768 -0.0635805652 -0.0755515918 -0.0838597789 -0.9481210709 -0.3066495359
-272.0 33.1 2450.3 -0.6830016375 0.3114866316 -0.6606700420 0.6787208319 -0.0635805652 -0.7316389680 -0.2699015141 -0.9481210709 -0.1679868251
-113.3 273.3 2657.4 0.1552110314 0.9861048460 -0.0592180826 -0.9642741680 0.1642559171 0.2078347206 0.2146737427 0.0248442292 0.9763697982
-70.9 9.7 2716.1 0.0912542120 0.9861048460 0.1388161033 -0.4106203616 0.1642559171 -0.8968895674 -0.9072285295 0.0248442292 0.4199037850
-383.1 -83.4 2578.5 -0.9319319129 -0.0161063727 -0.3622754812 -0.0562464669 0.9933431149 0.1005277038 0.3582447171 0.1140616909 -0.9266340137
-376.8 -472.5 2533.8 -0.9187497497 0.1696958393 -0.3565139472 0.0493046269 0.9451720715 0.3228293359 0.3917498291 0.2790215909 -0.8767434359
-265.9 -85.8 2715.4 -0.4250020385 -0.1473836005 -0.8931132555 -0.1338469535 0.9860420227 -0.0990257263 0.8952420354 0.0774543509 -0.4387967288
-208.2 -471.4 2685.1 -0.3789383173 0.3227050006 -0.8673334122 0.0141259506 0.9391380548 0.3432494104 0.9253141284 0.1178184450 -0.3604339063
-97.2 -140.6 2519.3 0 0 0 0 0 0 0 0 0
-59.5 -41.6 2602.7 0 0 0 0 0 0 0 0 0
-434.2 -792.1 2439.5 0 0 0 0 0 0 0 0 0
-329.2 -823.4 2640.9 0 0 0 0 0 0 0 0 0
-133.1 451.2 2494.3 4 0.5995241404 0.3436642885 -0.7228178978 -0.0024233025 0.9038949609 0.4277475774 0.8003530502 -0.2546933889 0.5427396297
-201.2 272.1 2544.8 0.5995241404 0.3436642885 -0.7228178978 -0.0024233025 0.9038949609 0.4277475774 0.8003530502 -0.2546933889 0.5427396297
-265.2 93.6 2593.8 0.6017781496 0.3269940615 -0.7286549211 0.0036770490 0.9111990333 0.4119500518 0.7986548543 -0.2505818307 0.5471372604
-286.8 271.6 2431.1 -0.0259479675 0.2157407403 -0.9761058688 0.9971649051 -0.0634047389 -0.0405216180 -0.0706318989 -0.9743899703 -0.2134838700
-280.8 41.8 2447.4 -0.6938408613 0.2157407403 -0.6870522499 0.6921827793 -0.0634047389 -0.7189317346 -0.1986652315 -0.9743899703 -0.1053392291
-115.5 272.6 2658.4 0.1591645330 0.9854207039 -0.0601057895 -0.9658829570 0.1680290699 0.1970693469 0.2042957246 0.0266887080 0.9785453081
-72.0 8.5 2714.3 0.0929725021 0.9854207039 0.1424856782 -0.4004540443 0.1680290699 -0.9007790089 -0.9115880132 0.0266887080 0.4102377892
-382.5 -84.3 2573.7 -0.9320880175 -0.0111525161 -0.3620602190 -0.0396563523 0.9966597557 0.0713912919 0.3600546420 0.0809009522 -0.9294168353
-378.2 -474.4 2542.1 -0.9225654006 0.1599147320 -0.3511414528 0.0321768932 0.9387853742 0.3429965675 0.3844966590 0.3051381409 -0.8712365031
-274.2 -82.6 2717.6 -0.4268043041 -0.1600157171 -0.8900747299 -0.1305212826 0.9848161340 -0.1144611910 0.8948755860 0.0673211738 -0.4412092268
-211.5 -468.0 2691.3 -0.3987570405 0.2910352647 -0.8696501255 -0.0328286886 0.9431678057 0.3306913376 0.9164687991 0.1604149789 -0.3665404916
-105.7 -132.8 2497.5 0 0 0 0 0 0 0 0 0
-60.4 -41.5 2600.4 0 0 0 0 0 0 0 0 0
-432.5 -793.4 2438.4 0 0 0 0 0 0 0 0 0
-320.7 -821.9 2631.1 0 0 0 0 0 0 0 0 0
-135.9 450.7 2493.8 5 0.5988734365 0.3346579373 -0.7275676727 0.0044252793 0.9071046710 0.4208818078 0.8008314967 -0.2552746236 0.5417599082
-202.1 271.3 2544.3 0.5988734365 0.3346579373 -0.7275676727 0.0044252793 0.9071046710 0.4208818078 0.8008314967 -0.2552746236 0.5417599082
-264.5 92.3 2593.7 0.6011412740 0.3190901279 -0.7326736450 0.0107410485 0.9135154486 0.4066621959 0.7990705967 -0.2523311079 0.5457245111
-287.7 269.7 2430.5 -0.0081464844 0.1798127741 -0.9836671352 0.9976176620 -0.0659273267 -0.0203134287 -0.0685031563 -0.9814891219 -0.1788473278
-285.9 48.1 2445.7 -0.6911331415 0.1798127741 -0.7000016570 0.7015333772 -0.0659273267 -0.7095805407 -0.1737408787 -0.9814891219 -0.0805801004
-116.5 272.8 2658.1 0.1675673723 0.9838736653 -0.0625606701 -0.9639894366 0.1768121868 0.1986500621 0.2065080404 0.0270205513 0.9780717492
-70.7 9.3 2714.5 0.0971793756 0.9838736653 0.1501626819 -0.4015898705 0.1768121868 -0.8985894322 -0.9106490612 0.0270205513 0.4122962058
-383.5 -85.2 2570.8 -0.9320501685 -0.0124142142 -0.3621164560 -0.0416876785 0.9964501262 0.0731390789 0.3599230051 0.0832650885 -0.9292590618
-378.6 -475.4 2538.2 -0.9222748280 0.1586740613 -0.3524651229 0.0341820642 0.9417665005 0.3345257342 0.3850204051 0.2964766920 -0.8739913106
-274.9 -84.5 2715.0 -0.4309706986 -0.1571926624 -0.8885689378 -0.1040146425 0.9868003130 -0.1241214946 0.8963510394 0.0389314555 -0.4416323304
-213.4 -470.8 2699.7 -0.4202501476 0.2908003628 -0.8595492840 -0.0686480701 0.9343539476 0.3496714234 0.9048078656 0.2059558630 -0.3726994991
-112.8 -127.6 2489.2 0 0 0 0 0 0 0 0 0
-58.6 -40.9 2600.8 0 0 0 0 0 0 0 0 0
-432.4 -794.5 2437.8 0 0 0 0 0 0 0 0 0
-322.6 -821.6 2622.4 0 0 0 0 0 0 0 0 0
-137.6 452.6 2494.5 6 0.5837211013 0.3368155062 -0.7387996912 0.0125773204 0.9060431719 0.4229983389 0.8118568063 -0.2562051713 0.5246402621
-204.3 273.3 2545.2 0.5837211013 0.3368155062 -0.7387996912 0.0125773204 0.9060431719 0.4229983389 0.8118568063 -0.2562051713 0.5246402621
-267.6 94.8 2595.3 0.5861431360 0.3234563768 -0.7428405881 0.0192428734 0.9110359550 0.4118776917 0.8099789619 -0.2557136714 0.5277732611
-287.8 270.5 2429.9 -0.0196483005 0.1962618828 -0.9803546667 0.9966575503 -0.0739225298 -0.0347739458 -0.0792950913 -0.9777610898 -0.1941534281
-283.2 40.3 2448.2 -0.6845943928 0.1962618828 -0.7020055056 0.7035617828 -0.0739225298 -0.7067788243 -0.1906077564 -0.9777610898 -0.0874754041
-120.9 276.0 2660.6 0.1639859974 0.9831449389 -0.0808368251 -0.9617351294 0.1775705516 0.2086487263 0.2194861770 0.0435281433 0.9746441245
-76.0 13.1 2720.6 0.1142554209 0.9831449389 0.1427294463 -0.4108684659 0.1775705516 -0.8942347765 -0.9045069218 0.0435281433 0.4242316484
-381.3 -87.5 2571.0 -0.9386383295 -0.0057415799 -0.3448552787 -0.0328994095 0.9967927337 0.0729508325 0.3433303833 0.0798199847 -0.9358167648
-379.0 -477.9 2539.7 -0.9295098782 0.1572309136 -0.3336013556 0.0372055396 0.9399291277 0.3393361568 0.3669157624 0.3030044734 -0.8795232177
-272.7 -85.6 2715.3 -0.4468257427 -0.1509598494 -0.8817924261 -0.0997586176 0.9879207015 -0.1185785308 0.8890416026 0.0349824503 -0.4564879537
-213.6 -472.4 2701.6 -0.4384541810 0.2980157435 -0.8479059935 -0.0731447116 0.9284626245 0.3641524911 0.8957721591 0.2216840237 -0.3852900267
-109.8 -137.9 2496.5 0 0 0 0 0 0 0 0 0
-61.8 -38.2 2607.6 0 0 0 0 0 0 0 0 0
-432.1 -795.4 2437.4 0 0 0 0 0 0 0 0 0
-325.7 -821.6 2618.2 0 0 0 0 0 0 0 0 0
-140.0 449.3 2494.9 7 0.6332379580 0.3275388777 -0.7012332082 -0.0174490027 0.9118476510 0.4101577103 0.7737604380 -0.2474915981 0.5831317902
-204.7 269.4 2543.7 0.6332379580 0.3275388777 -0.7012332082 -0.0174490027 0.9118476510 0.4101577103 0.7737604380 -0.2474915981 0.5831317902
-266.5 90.0 2592.0 0.6355899572 0.3153116703 -0.7047013044 -0.0107601183 0.9163231850 0.4002949595 0.7719517946 -0.2468408048 0.5857986212
-295.0 270.9 2434.0 -0.0467932113 0.2220938057 -0.9739018083 0.9966019392 -0.0557822175 -0.0606047623 -0.0677863434 -0.9734283090 -0.2187288851
-284.2 39.4 2449.7 -0.6811274886 0.2220938057 -0.6976673007 0.7054894567 -0.0557822175 -0.7065217495 -0.1958315372 -0.9734283090 -0.1186900437
-114.3 267.9 2653.5 0.1684400290 0.9855463505 -0.0180648081 -0.9693891406 0.1689442992 0.1781643480 0.1786411703 -0.0124981795 0.9838349223
-68.2 2.9 2702.4 0.0539155230 0.9855463505 0.1605973095 -0.3827477098 0.1689442992 -0.9082741737 -0.9222783446 -0.0124981795 0.3863243461
-383.9 -85.3 2572.3 -0.9156994224 -0.0107898805 -0.4017190635 -0.0412282608 0.9968872070 0.0672021881 0.3997434676 0.0780991837 -0.9132938385
-379.7 -475.8 2541.7 -0.9088562727 0.1516818404 -0.3885523379 0.0092748981 0.9386544824 0.3447342217 0.4170063138 0.3097100854 -0.8545088768
-278.0 -81.9 2718.6 -0.3938060403 -0.1570211202 -0.9056826830 -0.1093916446 0.9863050580 -0.1234335452 0.9126610756 0.0504652411 -0.4055896699
-216.5 -468.1 2698.8 -0.3892818391 0.2577264011 -0.8843284249 -0.0926049203 0.9442446828 0.3159529865 0.9164518714 0.2048879266 -0.3437105715
-110.7 -140.3 2499.6 0 0 0 0 0 0 0 0 0
-61.5 -44.9 2587.1 0 0 0 0 0 0 0 0 0
-431.4 -795.9 2436.0 0 0 0 0 0 0 0 0 0
-313.4 -823.1 2621.8 0 0 0 0 0 0 0 0 0
-142.0 446.9 2495.1 8 0.6146439910 0.3272707462 -0.7177093029 -0.0089368867 0.9127002954 0.4085318744 0.7887540460 -0.2446875572 0.5639105439
-206.6 266.7 2543.4 0.6146439910 0.3272707462 -0.7177093029 -0.0089368867 0.9127002954 0.4085318744 0.7887540460 -0.2446875572 0.5639105439
-268.3 87.0 2591.0 0.6167274714 0.3150029182 -0.7214016914 -0.0030003025 0.9173758030 0.3980108202 0.7871710658 -0.2432997823 0.5667159557
-294.4 267.1 2431.4 -0.0375444740 0.2627198994 -0.9641414285 0.9969057441 -0.0568314232 -0.0543063954 -0.0690608993 -0.9631969929 -0.2597732544
-286.0 44.5 2446.8 -0.6798520088 0.2627198994 -0.6846747398 0.6974662542 -0.0568314232 -0.7143605351 -0.2265877724 -0.9631969929 -0.1446013153
-118.9 266.3 2655.4 0.1706093252 0.9843939543 -0.0431398936 -0.9674144387 0.1756580472 0.1823555678 0.1870875806 0.0106225964 0.9822857976
-72.3 1.8 2706.6 0.0788694024 0.9843939543 0.1573156267 -0.3864153326 0.1756580472 -0.9054432511 -0.9189465642 0.0106225964 0.3942389488
-385.6 -88.5 2570.6 -0.9248452187 -0.0141089819 -0.3800818622 -0.0449037030 0.9963732958 0.0722769648 0.3776836693 0.0839120895 -0.9221246243
-380.1 -478.8 2537.8 -0.9162268043 0.1530686319 -0.3702680469 0.0227511544 0.9425306916 0.3333440721 0.4000135362 0.2969947457 -0.8670544028
-271.0 -90.4 2709.8 -0.4196220636 -0.1356972456 -0.8974984884 -0.0782879442 0.9904884100 -0.1131536067 0.9043164849 0.0227815583 -0.4262542427
-217.9 -478.1 2700.9 -0.4200262129 0.2832134962 -0.8621879816 -0.0796207115 0.9348928928 0.3458840847 0.9040124416 0.2139284015 -0.3701298833
-114.0 -131.9 2504.1 0 0 0 0 0 0 0 0 0
-62.4 -46.5 2591.8 0 0 0 0 0 0 0 0 0
-431.4 -794.7 2438.2 0 0 0 0 0 0 0 0 0
-324.4 -829.8 2620.4 0 0 0 0 0 0 0 0 0
-141.0 448.3 2494.2 9 0.6447206140 0.3239146173 -0.6923977733 -0.0230694897 0.9136160612 0.4059230685 0.7640701532 -0.2457336932 0.5964996219
-205.0 268.0 2542.7 0.6447206140 0.3239146173 -0.6923977733 -0.0230694897 0.9136160612 0.4059230685 0.7640701532 -0.2457336932 0.5964996219
-266.2 88.1 2590.3 0.6465315819 0.3124093413 -0.6959865689 -0.0178559478 0.9182529449 0.3955915272 0.7626782060 -0.2433349192 0.5992578864
-297.0 270.5 2434.2 -0.0710166991 0.3228092790 -0.9437959790 0.9955555201 -0.0357345417 -0.0871337801 -0.0618537068 -0.9457892179 -0.3188368082
-280.4 38.7 2448.6 -0.6586362123 0.3228092790 -0.6797003150 0.7091534734 -0.0357345417 -0.7041479945 -0.2515942752 -0.9457892179 -0.2053852528
-113.0 265.4 2651.2 0.1702821851 0.9853876233 -0.0038990076 -0.9710069299 0.1684681773 0.1695996821 0.1677782834 -0.0250938423 0.9855053425
-66.4 -0.0 2697.1 0.0404788330 0.9853876233 0.1654469371 -0.3747324347 0.1684681773 -0.9116984606 -0.9262489080 -0.0250938423 0.3760760725
-385.7 -92.4 2567.6 -0.9099530578 -0.0099961432 -0.4145907760 -0.0409051180 0.9969979525 0.0657409728 0.4126890004 0.0767800808 -0.9076302052
-381.8 -482.9 2537.5 -0.9037927985 0.1475973874 -0.4017133117 0.0054090484 0.9425121546 0.3341280222 0.4279361069 0.2998096049 -0.8526340723
-274.4 -92.9 2709.7 -0.6740853786 -0.1559033096 -0.7220131755 -0.0672075152 0.9863628745 -0.1502377540 0.7355895638 -0.0527483597 -0.6753706932
-213.5 -478.0 2730.3 -0.6740853786 0.2849297523 -0.6814865470 -0.0672075152 0.8951211572 0.4407280684 0.7355895638 0.3428893685 -0.5842386484
-112.9 -141.7 2512.6 0 0 0 0 0 0 0 0 0
-61.4 -46.8 2581.4 0 0 0 0 0 0 0 0 0
-430.7 -795.3 2438.2 0 0 0 0 0 0 0 0 0
-319.8 -811.8 2602.4 0 0 0 0 0 0 0 0 0
-142.3 447.7 2496.2 0 0.6451364160 0.3060747385 -0.7000837326 -0.0215276014 0.9231767654 0.3837724030 0.7637640834 -0.2325144410 0.6021639705
-202.8 265.2 2542.2 0.6451364160 0.3060747385 -0.7000837326 -0.0215276014 0.9231767654 0.3837724030 0.7637640834 -0.2325144410 0.6021639705
-261.2 84.2 2588.7 0.6477822065 0.2985700071 -0.7008810043 -0.0134432763 0.9243385792 0.3813364208 0.7617069483 -0.2376008183 0.6027838588
-295.0 267.1 2433.7 -0.0396960787 0.2713449895 -0.9616631866 0.9969865680 -0.0534390099 -0.0562326424 -0.0666487738 -0.9609974623 -0.2684059739
-286.0 41.8 2448.8 -0.6826409698 0.2713449895 -0.6785081029 0.6931837797 -0.0534390099 -0.7187771201 -0.2312953621 -0.9609974623 -0.1516122967
-110.6 263.4 2650.6 0.1847379804 0.9827749729 -0.0050177514 -0.9694988728 0.1830744147 0.1629590690 0.1610707343 -0.0252400264 0.9866200686
-60.1 -1.7 2694.7 0.0446844697 0.9827749729 0.1793226004 -0.3679228723 0.1830744147 -0.9116559029 -0.9287820458 -0.0252400264 0.3697659671
-385.7 -90.1 2569.1 -0.9089809060 -0.0072375215 -0.4167749584 -0.0381978229 0.9970886111 0.0659939870 0.4150839448 0.0759071633 -0.9066109657
-382.9 -480.7 2539.4 -0.9037243724 0.1453433335 -0.4026879668 0.0008937520 0.9412459135 0.3377208114 0.4281138778 0.3048466146 -0.8507567644
-269.0 -93.4 2706.8 -0.5583244562 -0.1427084953 -0.8172564507 -0.0690715313 0.9896700382 -0.1256276369 0.8267423511 -0.0136918286 -0.5624141097
-213.2 -480.0 2712.1 -0.5583244562 0.3025383055 -0.7724922895 -0.0690715313 0.9109527469 0.4066868126 0.8267423511 0.2804204226 -0.4877104461
-114.8 -132.0 2506.8 0 0 0 0 0 0 0 0 0
-54.5 -47.7 2578.6 0 0 0 0 0 0 0 0 0
-431.3 -794.4 2437.8 0 0 0 0 0 0 0 0 0
-326.4 -820.7 2607.2 0 0 0 0 0 0 0 0 0
-142.0 447.3 2495.3 1 0.6635770202 0.3077155352 -0.6818920374 -0.0308484528 0.9219684601 0.3860343099 0.7474716902 -0.2351281792 0.6212896109
-202.8 264.9 2541.8 0.6635770202 0.3077155352 -0.6818920374 -0.0308484528 0.9219684601 0.3860343099 0.7474716902 -0.2351281792 0.6212896109
-261.3 84.1 2589.2 0.6670057178 0.2986374199 -0.6825826168 -0.0204149708 0.9231353402 0.3839327991 0.7447728515 -0.2421504706 0.6218332052
-297.8 267.8 2435.7 -0.0315083936 0.2176312655 -0.9755223393 0.9972034097 -0.0593306907 -0.0454448760 -0.0677686408 -0.9742261171 -0.2151532173
-290.5 38.7 2451.3 -0.6996694207 0.2176312655 -0.6805140376 0.6864529848 -0.0593306907 -0.7247497439 -0.1981035769 -0.9742261171 -0.1078817546
-107.9 262.0 2647.8 0.1822305769 0.9830228686 0.0214025062 -0.9712654352 0.1765767187 0.1595748812 0.1530865729 -0.0498669371 0.9869537950
-58.0 -3.5 2689.7 0.0183441639 0.9830228686 0.1825637966 -0.3649985194 0.1765767187 -0.9141098261 -0.9308273792 -0.0498669371 0.3620410264
-378.2 -95.6 2566.4 -0.8981933594 0.0120143024 -0.4394364357 -0.0221932307 0.9971124530 0.0726235211 0.4390400946 0.0749824792 -0.8953331709
-382.9 -486.1 2537.1 -0.8950512409 0.1488471180 -0.4203900397 -0.0008529791 0.9420830607 0.3353785574 0.4459624588 0.3005395830 -0.8430856466
-261.2 -98.0 2704.0 -0.5362457037 -0.1122739837 -0.8365614414 -0.0772842392 0.9934816360 -0.0837939605 0.8405163288 0.0197188631 -0.5414272547
-217.3 -486.3 2696.3 -0.5172468424 0.2940396667 -0.8037390113 -0.0129143335 0.9363385439 0.3508608639 0.8557388186 0.1918614209 -0.4805208147
-113.3 -135.2 2501.5 0 0 0 0 0 0 0 0 0
-55.8 -49.1 2573.4 0 0 0 0 0 0 0 0 0
-431.5 -793.6 2439.0 0 0 0 0 0 0 0 0 0
-327.2 -836.2 2624.6 0 0 0 0 0 0 0 0 0
-144.6 445.0 2490.3 2 0.6834999323 0.3096247613 -0.6610297561 -0.0365138538 0.9189504385 0.3926790953 0.7290367484 -0.2442594022 0.6394081712
-205.5 264.2 2538.3 0.6834999323 0.3096247613 -0.6610297561 -0.0365138538 0.9189504385 0.3926790953 0.7290367484 -0.2442594022 0.6394081712
-264.5 83.8 2586.7 0.6857399940 0.3014909923 -0.6624680161 -0.0297693927 0.9210314751 0.3883487880 0.7272375226 -0.2465850115 0.6405633092
-303.1 268.4 2434.8 -0.0444321260 0.1683596671 -0.9847237468 0.9966742396 -0.0599292442 -0.0552175418 -0.0683101565 -0.9839021564 -0.1651369482
-293.1 42.6 2450.3 -0.7084091306 0.1683596671 -0.6854280233 0.6867113113 -0.0599292442 -0.7244556546 -0.1630463004 -0.9839021564 -0.0731600672
-107.9 259.9 2641.9 0.1764181554 0.9831236601 0.0484195203 -0.9735803008 0.1670377105 0.1556914449 0.1449760646 -0.0746070892 0.9866183400
-59.6 -6.2 2681.5 -0.0092906514 0.9831236601 0.1827060431 -0.3617047071 0.1670377105 -0.9172067046 -0.9322463870 -0.0746070892 0.3540485799
-380.0 -94.8 2569.3 -0.8869407177 0.0047159595 -0.4618591666 -0.0277015623 0.9976047277 0.0633836240 0.4610517919 0.0690117404 -0.8846856356
-381.8 -485.6 2542.3 -0.8844425082 0.1540054083 -0.4405040145 -0.0117319282 0.9363359213 0.3509094119 0.4665016830 0.3155271411 -0.8263285160
-259.5 -98.5 2703.9 -0.5136270523 -0.1053749323 -0.8515182734 -0.0897324234 0.9935846925 -0.0688299015 0.8533084989 0.0410559028 -0.5197874904
-218.3 -487.2 2687.8 -0.4833375216 0.2940021157 -0.8245893717 0.0178164132 0.9450289607 0.3265008926 0.8752527833 0.1431189179 -0.4620060325
-115.7 -129.3 2491.1 0 0 0 0 0 0 0 0 0
-60.8 -51.4 2565.1 0 0 0 0 0 0 0 0 0
-432.4 -792.9 2438.8 0 0 0 0 0 0 0 0 0
-328.4 -841.3 2634.2 0 0 0 0 0 0 0 0 0
-143.5 446.2 2493.8 3 0.6365050673 0.3143392503 -0.7043096423 -0.0175947789 0.9188590050 0.3941935003 0.7710717916 -0.2385139912 0.5903891921
-205.6 264.7 2540.9 0.6365050673 0.3143392503 -0.7043096423 -0.0175947789 0.9188590050 0.3941935003 0.7710717916 -0.2385139912 0.5903891921
-265.1 84.0 2587.6 0.6387816668 0.3036143482 -0.7069485784 -0.0108118132 0.9222968221 0.3863310218 0.7693120837 -0.2391377836 0.5924289227
-296.5 266.2 2431.4 -0.0217929594 0.1439499855 -0.9893449545 0.9957981706 -0.0849128217 -0.0342899486 -0.0889441147 -0.9859352112 -0.1414946318
-291.6 40.9 2451.6 -0.6922598481 0.1439499855 -0.7071454525 0.7033117414 -0.0849128217 -0.7057920694 -0.1616444737 -0.9859352112 -0.0424599722
-114.7 263.1 2650.3 0.1804437637 0.9834523797 -0.0161699541 -0.9690399170 0.1805681139 0.1683948040 0.1685280502 -0.0147164613 0.9855870008
-65.4 -1.8 2696.4 0.0546502061 0.9834523797 0.1727274507 -0.3731321990 0.1805681139 -0.9100371003 -0.9261671901 -0.0147164613 0.3768258393
-385.5 -93.9 2569.3 -0.9137359858 -0.0121782701 -0.4061258733 -0.0417016707 0.9970830083 0.0639249384 0.4041627049 0.0753466412 -0.9115785360
-380.7 -484.4 2539.8 -0.9053593278 0.1616349667 -0.3926813900 0.0173589308 0.9380398989 0.3460922241 0.4242914021 0.3065212965 -0.8520689607
-261.6 -99.3 2700.6 -0.5646870732 -0.1175408512 -0.8168920875 -0.0911590829 0.9926328063 -0.0798129290 0.8202551603 0.0293978043 -0.5712418556
-215.6 -487.8 2689.1 -0.5301985145 0.2998368442 -0.7930872440 0.0315690115 0.9417163730 0.3349233568 0.8472856283 0.1525388956 -0.5087621808
-116.3 -137.2 2492.5 0 0 0 0 0 0 0 0 0
-58.6 -48.4 2580.7 0 0 0 0 0 0 0 0 0
-433.5 -790.9 2439.6 0 0 0 0 0 0 0 0 0
-328.2 -841.6 2631.8 0 0 0 0 0 0 0 0 0
-142.3 449.0 2494.0 4 0.6094703674 0.3191352487 -0.7257400155 -0.0030147471 0.9163298011 0.4004130363 0.7928031087 -0.2418519557 0.5594379902
-205.4 267.8 2541.8 0.6094703674 0.3191352487 -0.7257400155 -0.0030147471 0.9163298011 0.4004130363 0.7928031087 -0.2418519557 0.5594379902
-264.9 87.4 2589.3 0.6125187278 0.3041073680 -0.7296160460 0.0059729628 0.9212246537 0.3889850974 0.7904335260 -0.2426186204 0.5624509454
-292.5 267.0 2429.3 -0.0000975311 0.1103397980 -0.9938939214 0.9956122041 -0.0929933786 -0.0104216095 -0.0935754701 -0.9895339012 -0.1098465845
-292.5 42.5 2450.4 -0.7033387423 0.1103397980 -0.7022390962 0.6961480379 -0.0929933786 -0.7118498087 -0.1438489556 -0.9895339012 -0.0114069879
