265.0 319.4 2414.2  0.5391493440 0.7527813911 -0.3776746690 -0.3714381456 0.6149970889 0.6955661774 0.7558780909 -0.2347312868 0.6111869812
113.8 195.9 2461.4 0.5391493440 0.7527813911 -0.3776746690 -0.3714381456 0.6149970889 0.6955661774 0.7558780909 -0.2347312868 0.6111869812
-31.4 68.1 2507.1 0.5536741614 0.7302013636 -0.4003135264 -0.3591159880 0.6430958509 0.6763604283 0.7513192892 -0.2307243049 0.6182925105
36.1 246.2 2356.0 0.2472201139 0.1831925809 -0.9514844418 0.9519214034 0.1374189109 0.2737913728 0.1809085011 -0.9734251499 -0.1404122263
-25.5 9.0 2310.9 -0.6976634264 0.1831925809 -0.6926082969 0.7157868743 0.1374189109 -0.6846643090 -0.0302479491 -0.9734251499 -0.2269989848
191.5 145.6 2566.8 -0.1166023687 0.9043844938 -0.4104785025 -0.9931720495 -0.1046697944 0.0515117943 0.0036217680 0.4136821628 0.9104141593
166.6 -66.5 2567.5 0.3289549649 0.9043844938 -0.2718038559 -0.4464909732 -0.1046697944 -0.8886450529 -0.8321264386 0.4136821628 0.3693678677
-226.3 -28.0 2487.2 0.6651191115 -0.0180959739 -0.7465179563 0.0148295034 0.9998292923 -0.0110238446 0.7465900183 -0.0037383204 0.6652739048
-219.1 -425.5 2488.7 0.6652072072 0.0215022601 -0.7463491559 -0.0536226034 0.9983799458 -0.0190295875 0.7447308302 0.0526797995 0.6652825475
-119.4 -101.0 2616.7 0.4028415680 -0.1598088741 -0.9012101889 0.0816680789 0.9869874716 -0.1385138035 0.9116188884 -0.0178009849 0.4106508791
-55.9 -493.2 2623.8 0.4073342681 -0.0383369885 -0.9124741554 0.0000566789 0.9991196394 -0.0419520400 0.9132791758 0.0170367844 0.4069778323
155.8 -176.9 2318.8 0 0 0 0 0 0 0 0 0
251.9 -182.2 2351.9 0 0 0 0 0 0 0 0 0
-226.5 -766.0 2470.7 0 0 0 0 0 0 0 0 0
-46.6 -736.3 2619.6 0 0 0 0 0 0 0 0 0
267.5 321.3 2415.5  0.5503807664 0.7548829913 -0.3566969037 -0.4099186957 0.6165080070 0.6722235680 0.7273566723 -0.2237621695 0.6487547755
115.6 197.2 2460.6 0.5503807664 0.7548829913 -0.3566969037 -0.4099186957 0.6165080070 0.6722235680 0.7273566723 -0.2237621695 0.6487547755
-30.5 69.9 2504.9 0.5658799410 0.7344300151 -0.3746897876 -0.3968322575 0.6409630179 0.6570316553 0.7227060795 -0.2231120467 0.6541536450
36.1 252.9 2359.1 0.2282932848 0.1915375292 -0.9545656443 0.9553785324 0.1446898431 0.2575203180 0.1874407530 -0.9707616568 -0.1499591172
-23.2 4.7 2310.4 -0.7234774232 0.1915375292 -0.6632449031 0.6891868114 0.1446898431 -0.7099904418 -0.0400250107 -0.9707616568 -0.2366849631
195.0 141.6 2562.0 -0.1317955405 0.9123788476 -0.3875496686 -0.9907411933 -0.1340917200 0.0212432314 -0.0325853303 0.3867611885 0.9216040373
166.9 -70.1 2555.0 0.3019315898 0.9123788476 -0.2764093578 -0.4175420702 -0.1340917200 -0.8987091184 -0.8570274115 0.3867611885 0.3404700160
-227.2 -26.9 2484.2 0.6823958158 -0.0228139330 -0.7306267619 0.0249050874 0.9996581674 -0.0079534557 0.7305585146 -0.0127689186 0.6827307343
-218.2 -424.3 2489.3 0.6829321980 0.0221081600 -0.7301471233 -0.0585591793 0.9979819059 -0.0245545115 0.7281307578 0.0595258810 0.6828486323
-125.9 -92.5 2621.6 0.4198295176 -0.1728254408 -0.8909963965 0.0769376233 0.9849460125 -0.1547964066 0.9043360949 -0.0035630390 0.4268061817
-57.2 -483.9 2623.0 0.4237749577 -0.0405655578 -0.9048586488 0.0060759988 0.9991014600 -0.0419449508 0.9057471156 0.0122772995 0.4236406386
164.7 -174.3 2320.8 0 0 0 0 0 0 0 0 0
245.2 -178.3 2332.8 0 0 0 0 0 0 0 0 0
-225.7 -763.5 2469.0 0 0 0 0 0 0 0 0 0
-47.0 -735.7 2619.9 0 0 0 0 0 0 0 0 0
268.4 322.6 2422.6  0.5306226015 0.7550488114 -0.3851506114 -0.3960038126 0.6225914359 0.6749525070 0.7494135499 -0.2056239247 0.6293632984
116.2 197.0 2464.1 0.5306226015 0.7550488114 -0.3851506114 -0.3960038126 0.6225914359 0.6749525070 0.7494135499 -0.2056239247 0.6293632984
-30.1 68.7 2504.7 0.5440377593 0.7359995246 -0.4028989971 -0.3845945895 0.6455032825 0.6598579884 0.7457277775 -0.2040349096 0.6342396140
39.7 251.1 2359.4 0.2578626573 0.1978923678 -0.9456983805 0.9456278682 0.1491262615 0.2890488803 0.1982290447 -0.9688137174 -0.1486784518
-25.8 10.8 2309.0 -0.7371987700 0.1978923678 -0.6460468769 0.6740512848 0.1491262615 -0.7234750986 -0.0468276478 -0.9688137174 -0.2433253080
192.6 143.0 2568.9 -0.1212362573 0.8998125196 -0.4190932810 -0.9922531247 -0.1213950738 0.0264004394 -0.0271204151 0.4190473258 0.9075592756
166.7 -69.1 2563.1 0.3349467218 0.8998125196 -0.2795498371 -0.4232348800 -0.1213950738 -0.8978504539 -0.8418330550 0.4190473258 0.3401711881
-228.3 -21.2 2483.1 0.6568982601 -0.0297501404 -0.7533921003 0.0242416672 0.9995380044 -0.0183332022 0.7535894513 -0.0062204320 0.6573159695
-216.5 -418.6 2485.6 0.6565791368 0.0302401073 -0.7536507249 -0.0556160472 0.9984169602 -0.0083912872 0.7522038817 0.0474246182 0.6572215557
-124.7 -93.8 2615.3 0.3869922161 -0.1780091673 -0.9047374129 0.0928755105 0.9837238193 -0.1538233608 0.9173936844 -0.0244995039 0.3972261548
-53.9 -484.8 2625.0 0.3915120363 -0.0284114536 -0.9197342396 -0.0028464745 0.9994810224 -0.0320865922 0.9201685786 0.0151802870 0.3912279904
165.7 -164.3 2321.2 0 0 0 0 0 0 0 0 0
253.6 -178.9 2344.6 0 0 0 0 0 0 0 0 0
-226.9 -762.6 2469.2 0 0 0 0 0 0 0 0 0
-46.7 -738.4 2621.2 0 0 0 0 0 0 0 0 0
266.9 314.7 2427.2  0.5420107841 0.7595143318 -0.3596696258 -0.4301562309 0.6184130311 0.6576708555 0.7219348550 -0.2017505914 0.6618963480
113.6 189.9 2467.9 0.5420107841 0.7595143318 -0.3596696258 -0.4301562309 0.6184130311 0.6576708555 0.7219348550 -0.2017505914 0.6618963480
-32.1 60.3 2506.7 0.5600162745 0.7328174710 -0.3864715993 -0.4148304462 0.6518216133 0.6348577142 0.7171453834 -0.1952104568 0.6690257192
34.9 248.1 2367.2 0.2640925348 0.2148207724 -0.9402697086 0.9373302460 0.1725870520 0.3026974201 0.2273040712 -0.9612833858 -0.1557790488
-31.4 12.8 2310.1 -0.7919709086 0.2148207724 -0.5715191364 0.6067548990 0.1725870520 -0.7759267092 -0.0680483729 -0.9612833858 -0.2670274675
192.3 131.6 2568.6 -0.1245876104 0.9088407755 -0.3981034160 -0.9901571274 -0.1396714598 -0.0089871353 -0.0637715533 0.3930652440 0.9172965288
165.7 -80.0 2555.0 0.3143795729 0.9088407755 -0.2741785347 -0.3899983168 -0.1396714598 -0.9101610780 -0.8654864430 0.3930652440 0.3105365336
-226.2 -24.4 2476.9 0.6729924083 -0.0207350813 -0.7393587232 0.0395834967 0.9991841912 0.0080086011 0.7385894656 -0.0346561298 0.6732641459
-217.9 -421.5 2490.7 0.6736550331 0.0284938961 -0.7384964824 -0.0638788640 0.9977617860 -0.0197728761 0.7362801433 0.0604944155 0.6739673615
-126.6 -94.8 2613.5 0.4005339444 -0.1826633960 -0.8978900909 0.0978770480 0.9828503132 -0.1562860459 0.9110393524 -0.0252849646 0.4115434587
-53.9 -485.5 2623.5 0.4051226974 -0.0271018390 -0.9138605595 0.0001790821 0.9995628595 -0.0295640752 0.9142622948 0.0118134217 0.4049504697
173.6 -144.3 2327.7 0 0 0 0 0 0 0 0 0
247.2 -181.2 2330.5 0 0 0 0 0 0 0 0 0
-227.6 -759.5 2470.2 0 0 0 0 0 0 0 0 0
-47.1 -737.5 2620.6 0 0 0 0 0 0 0 0 0
268.7 313.4 2436.0  0.5158558488 0.7645286918 -0.3865082562 -0.4230906069 0.6196738482 0.6610587239 0.7449074388 -0.1774830222 0.6431273222
114.4 188.3 2471.8 0.5158558488 0.7645286918 -0.3865082562 -0.4230906069 0.6196738482 0.6610587239 0.7449074388 -0.1774830222 0.6431273222
-32.9 59.5 2506.4 0.5320807099 0.7413253188 -0.4090560675 -0.4094303548 0.6481562853 0.6420749426 0.7411186695 -0.1741557568 0.6483925581
39.6 245.9 2367.7 0.3129955828 0.1943240464 -0.9296622872 0.9194522500 0.1832869202 0.3478699327 0.2379944324 -0.9636617899 -0.1213036850
-38.2 17.3 2308.5 -0.8123967052 0.1943240464 -0.5497724414 0.5806565285 0.1832869202 -0.7932489514 -0.0533812493 -0.9636617899 -0.2617372274
189.1 130.8 2575.9 -0.1245700270 0.8934865594 -0.4314672947 -0.9904458523 -0.1379015595 0.0003862951 -0.0591548644 0.4273931086 0.9021285176
162.5 -81.0 2563.3 0.3447757065 0.8934865594 -0.2877697647 -0.3991928697 -0.1379015595 -0.9064370990 -0.8495733142 0.4273931086 0.3091283739
-229.1 -31.2 2479.8 0.6456986666 -0.0264358446 -0.7631345987 0.0338776559 0.9994082451 -0.0059562824 0.7628404498 -0.0220072456 0.6462121606
-218.6 -428.5 2488.5 0.6460365057 0.0274335202 -0.7628133297 -0.0618545823 0.9979488254 -0.0164956078 0.7607961893 0.0578402653 0.6464083195
-126.5 -107.2 2611.1 0.3678180277 -0.1798079610 -0.9123480916 0.1010106876 0.9830473661 -0.1530185640 0.9243953228 -0.0358739197 0.3797450662
-55.0 -498.0 2625.4 0.3738812804 -0.0343200080 -0.9268413782 -0.0092025101 0.9991286397 -0.0407089591 0.9274309278 0.0237495843 0.3732396662
172.2 -133.2 2322.4 0 0 0 0 0 0 0 0 0
252.0 -184.6 2342.8 0 0 0 0 0 0 0 0 0
-227.6 -758.7 2469.4 0 0 0 0 0 0 0 0 0
-46.7 -738.0 2619.7 0 0 0 0 0 0 0 0 0
270.2 310.2 2432.9  0.5048655868 0.7754769921 -0.3791387975 -0.4073008001 0.6012682915 0.6874463558 0.7610629797 -0.1926444620 0.6194120646
114.4 189.4 2471.6 0.5048655868 0.7754769921 -0.3791387975 -0.4073008001 0.6012682915 0.6874463558 0.7610629797 -0.1926444620 0.6194120646
-35.3 64.2 2509.3 0.5209320188 0.7529891133 -0.4020413756 -0.3943581581 0.6300199032 0.6689966917 0.7570412755 -0.1899535060 0.6251448989
41.1 244.8 2365.2 0.2802630961 0.1780477017 -0.9432664514 0.9312501550 0.1879461259 0.3121688664 0.2328642309 -0.9659064412 -0.1131325886
-28.3 14.0 2307.5 -0.8659725189 0.1780477017 -0.4673227966 0.4960951805 0.1879461259 -0.8476825953 -0.0630964339 -0.9659064412 -0.2510847747
187.6 134.0 2578.0 -0.1405870318 0.8886692524 -0.4364656508 -0.9896538854 -0.1388895810 0.0359836034 -0.0286430083 0.4370087683 0.8990010619
157.6 -77.6 2571.9 0.3428629935 0.8886692524 -0.3044863641 -0.4315689206 -0.1388895810 -0.8913236856 -0.8343819380 0.4370087683 0.3359019160
-229.0 -31.9 2473.1 0.6417090893 -0.0251307432 -0.7665362954 0.0515066907 0.9986187220 0.0103795193 0.7652166486 -0.0461423807 0.6421170831
-219.0 -428.8 2491.4 0.6432988644 0.0258458052 -0.7651787996 -0.0694927722 0.9972756505 -0.0247383099 0.7624548078 0.0690885186 0.6433424354
-131.5 -106.9 2608.9 0.3664804101 -0.1895566583 -0.9109118581 0.1111863032 0.9809336662 -0.1593951285 0.9237584472 -0.0428657308 0.3805690408
-56.1 -496.9 2625.9 0.3741529882 -0.0400559567 -0.9265015125 -0.0106427120 0.9988154769 -0.0474802367 0.9273059368 0.0276253615 0.3732835054
195.2 -114.0 2323.8 0 0 0 0 0 0 0 0 0
246.6 -189.6 2355.3 0 0 0 0 0 0 0 0 0
-227.5 -758.6 2468.6 0 0 0 0 0 0 0 0 0
-46.4 -738.8 2619.2 0 0 0 0 0 0 0 0 0
272.4 310.0 2439.3  0.5141286850 0.7806169391 -0.3553996086 -0.4678237140 0.6025117636 0.6466223598 0.7188968658 -0.1661827415 0.6749597192
116.1 189.3 2472.6 0.5141286850 0.7806169391 -0.3553996086 -0.4678237140 0.6025117636 0.6466223598 0.7188968658 -0.1661827415 0.6749597192
-34.9 64.3 2505.0 0.5306618810 0.7594981194 -0.3762453794 -0.4545959532 0.6296926141 0.6299442649 0.7153604031 -0.1632477641 0.6794186234
41.6 253.0 2372.3 0.1903872341 0.1633710414 -0.9680199623 0.9480398297 0.2254304290 0.2245030999 0.2548984587 -0.9604639411 -0.1119631827
-7.7 7.8 2306.3 -0.8984104395 0.1633710414 -0.4076378047 0.4362524450 0.2254304290 -0.8711285591 -0.0504232161 -0.9604639411 -0.2738000751
190.6 125.6 2572.9 -0.1593371779 0.8950594068 -0.4165097475 -0.9827546477 -0.1839090139 -0.0192555599 -0.0938347653 0.4062587619 0.9089273214
156.6 -84.1 2552.9 0.3174757957 0.8950594068 -0.3131738007 -0.3769827485 -0.1839090139 -0.9077783227 -0.8701109886 0.4062587619 0.2790352702
-232.7 -24.9 2477.6 0.6583330631 -0.0276914462 -0.7522172332 0.0454506241 0.9989620447 0.0030030441 0.7513533235 -0.0361657441 0.6589083076
-221.7 -421.9 2491.9 0.6604164243 0.0165421255 -0.7507173419 -0.0627722368 0.9974741340 -0.0332421698 0.7482712269 0.0690778792 0.6597866416
-137.1 -97.1 2616.3 0.3766536117 -0.1996809393 -0.9045770168 0.1046184823 0.9794134498 -0.1726389974 0.9204276204 -0.0296103694 0.3897899389
-57.8 -486.5 2628.1 0.3850056827 -0.0427828841 -0.9219220281 -0.0201569758 0.9982969165 -0.0547449440 0.9226940274 0.0396602750 0.3834876120
224.6 -105.0 2319.4 0 0 0 0 0 0 0 0 0
238.9 -181.8 2327.4 0 0 0 0 0 0 0 0 0
-227.3 -761.9 2468.4 0 0 0 0 0 0 0 0 0
-47.0 -737.4 2618.1 0 0 0 0 0 0 0 0 0
274.6 304.6 2435.1  0.5177604556 0.7888913751 -0.3310204744 -0.4721431136 0.5861471295 0.6584165692 0.7134458423 -0.1846130341 0.6759534478
117.9 188.2 2471.7 0.5177604556 0.7888913751 -0.3310204744 -0.4721431136 0.5861471295 0.6584165692 0.7134458423 -0.1846130341 0.6759534478
-34.7 66.0 2507.1 0.5332666039 0.7678411007 -0.3550307155 -0.4601742923 0.6154580116 0.6398836374 0.7098354697 -0.1778525859 0.6815438867
43.0 252.8 2372.0 0.1864110678 0.1544085145 -0.9702622890 0.9406238794 0.2571094930 0.2216334790 0.2836857438 -0.9539668560 -0.0973122790
-5.3 9.4 2298.6 -0.9194427729 0.1544085145 -0.3616392612 0.3908113837 0.2571094930 -0.8838332295 -0.0434904844 -0.9539668560 -0.2967420816
192.9 123.5 2571.4 -0.1771831810 0.8980708122 -0.4025853574 -0.9803924561 -0.1969020367 -0.0077571557 -0.0862363502 0.3933172226 0.9153496027
155.0 -85.9 2553.0 0.2973767519 0.8980708122 -0.3240924180 -0.3870670199 -0.1969020367 -0.9007822871 -0.8727807403 0.3933172226 0.2890595198
-234.5 -19.1 2472.1 0.6697846055 -0.0277529657 -0.7420366406 0.0571065955 0.9982669353 0.0142098777 0.7403563261 -0.0518927462 0.6702086926
-223.5 -415.9 2492.7 0.6728625894 0.0113646109 -0.7396801710 -0.0568061918 0.9977234602 -0.0363454707 0.7375832200 0.0664739236 0.6719763875
-137.4 -102.2 2602.9 0.3852160573 -0.2005595416 -0.9007688165 0.1379022896 0.9776483774 -0.1587028056 0.9124645591 -0.0630832165 0.4042634666
-57.7 -490.6 2627.9 0.3970434070 -0.0443816073 -0.9167261124 -0.0184495989 0.9982423782 -0.0563187748 0.9176144004 0.0392742269 0.3955267072
234.1 -92.3 2309.9 0 0 0 0 0 0 0 0 0
232.2 -186.4 2326.5 0 0 0 0 0 0 0 0 0
-227.5 -763.2 2469.6 0 0 0 0 0 0 0 0 0
-46.7 -737.4 2618.2 0 0 0 0 0 0 0 0 0
272.7 300.9 2431.9  0.5132636428 0.7876330614 -0.3408733010 -0.4401212335 0.5825396180 0.6833307743 0.7367860675 -0.2007032633 0.6456504464
115.5 184.6 2472.0 0.5132636428 0.7876330614 -0.3408733010 -0.4401212335 0.5825396180 0.6833307743 0.7367860675 -0.2007032633 0.6456504464
-36.4 62.7 2511.5 0.5323274732 0.7639252543 -0.3647542000 -0.4254204035 0.6139260530 0.6649152637 0.7318776846 -0.1987787932 0.6517990828
40.6 244.4 2369.2 0.1948595345 0.1672182679 -0.9664718509 0.9320644140 0.2752681673 0.2355490476 0.3054270446 -0.9467129707 -0.1022195667
-7.5 14.0 2293.7 -0.9337323308 0.1672182679 -0.3165153563 0.3524849415 0.2752681673 -0.8944169879 -0.0624362640 -0.9467129707 -0.3159687221
190.3 124.9 2574.8 -0.1685115397 0.8969699144 -0.4087161124 -0.9846226573 -0.1725533903 0.0272685047 -0.0460663252 0.4070262015 0.9122540951
154.3 -85.5 2565.0 0.3064520061 0.8969699144 -0.3186411262 -0.4209067523 -0.1725533903 -0.8905407786 -0.8537708521 0.4070262015 0.3246613443
-236.2 -14.1 2477.4 0.6660766602 -0.0335404575 -0.7451288104 0.0453219749 0.9989625216 -0.0044525852 0.7445050478 -0.0308049452 0.6669057608
-222.9 -411.2 2489.7 0.6678256989 0.0126674529 -0.7442098856 -0.0484058484 0.9984776974 -0.0264421385 0.7427420020 0.0536828488 0.6674222350
-138.4 -98.4 2607.4 0.3875612617 -0.2031441629 -0.8991822600 0.1342455596 0.9774559736 -0.1629659683 0.9120166898 -0.0575519353 0.4060952961
-57.7 -486.9 2630.3 0.3997010589 -0.0438612029 -0.9155955911 -0.0255005229 0.9979358912 -0.0589378700 0.9162907600 0.0469056964 0.3977575600
236.7 -78.2 2310.0 0 0 0 0 0 0 0 0 0
233.9 -194.7 2343.4 0 0 0 0 0 0 0 0 0
-227.3 -761.2 2470.8 0 0 0 0 0 0 0 0 0
-46.6 -739.3 2618.5 0 0 0 0 0 0 0 0 0
267.7 297.4 2430.3  0.5180436373 0.7853384614 -0.3389311433 -0.4321950674 0.5822743177 0.6885957122 0.7381315827 -0.2102382481 0.6410629153
111.3 181.5 2472.2 0.5180436373 0.7853384614 -0.3389311433 -0.4321950674 0.5822743177 0.6885957122 0.7381315827 -0.2102382481 0.6410629153
-39.8 59.3 2513.9 0.5386509895 0.7601717710 -0.3633097708 -0.4162307978 0.6150127053 0.6697098613 0.7325346470 -0.2095191926 0.6476840973
35.6 240.0 2369.2 0.1857909858 0.1892799437 -0.9641860723 0.9236437678 0.3011148572 0.2370908409 0.3352072835 -0.9346138239 -0.1188828051
-9.6 15.6 2287.8 -0.9399937391 0.1892799437 -0.2838747799 0.3307375312 0.3011148572 -0.8943950534 -0.0838121250 -0.9346138239 -0.3456480503
187.1 123.0 2575.2 -0.1645204872 0.9003715515 -0.4028201401 -0.9857293963 -0.1648354828 0.0341579467 -0.0356442034 0.4026913345 0.9146415591
151.9 -87.8 2567.6 0.3025299013 0.9003715515 -0.3127406240 -0.4280255139 -0.1648354828 -0.8886075616 -0.8516277671 0.4026913345 0.3355143368
-237.1 -20.2 2484.0 0.6712576151 -0.0403247774 -0.7401263714 0.0377320684 0.9990834594 -0.0202126000 0.7402631044 -0.0143586360 0.6721639633
-221.0 -417.3 2489.7 0.6723417640 0.0192980692 -0.7399892807 -0.0545274019 0.9982354641 -0.0235098451 0.7382298708 0.0561563447 0.6722076535
-139.5 -98.1 2618.0 0.4004871845 -0.2058880478 -0.8928718567 0.1080718711 0.9782414436 -0.1770991385 0.9099068642 -0.0255683959 0.4140238762
-57.7 -486.8 2628.2 0.4090052843 -0.0441644080 -0.9114626646 -0.0146311158 0.9983823895 -0.0549415499 0.9124147296 0.0358070992 0.4076974988
237.0 -71.1 2309.8 0 0 0 0 0 0 0 0 0
230.5 -199.0 2346.4 0 0 0 0 0 0 0 0 0
-227.6 -757.9 2470.5 0 0 0 0 0 0 0 0 0
-46.5 -740.3 2619.1 0 0 0 0 0 0 0 0 0
268.7 296.2 2430.1  0.5143764019 0.7864891887 -0.3418357968 -0.4221072793 0.5791816115 0.6974052191 0.7464867234 -0.2144373953 0.6299001575
112.2 181.0 2472.7 0.5143764019 0.7864891887 -0.3418357968 -0.4221072793 0.5791816115 0.6974052191 0.7464867234 -0.2144373953 0.6299001575
-39.2 59.6 2515.7 0.5358060002 0.7615165710 -0.3646977246 -0.4056313932 0.6109802127 0.6798281670 0.7405235171 -0.2163231969 0.6362618804
36.8 238.0 2368.6 0.2164833695 0.2355537564 -0.9474436045 0.9113120437 0.2993603945 0.2826547027 0.3502074480 -0.9246068001 -0.1498564333
-15.5 17.9 2284.0 -0.9214684367 0.2355537564 -0.3088856041 0.3711701035 0.2993603945 -0.8789858222 -0.1145802960 -0.9246068001 -0.3632816672
187.6 123.9 2576.9 -0.1653854102 0.8989408016 -0.4056514502 -0.9859992862 -0.1595901549 0.0483365543 -0.0212862715 0.4079661667 0.9127488732
152.2 -86.9 2572.3 0.3047248721 0.8989408016 -0.3147192001 -0.4412502646 -0.1595901549 -0.8830794096 -0.8440621495 0.4079661667 0.3480267823
-240.3 -24.7 2488.4 0.6695165038 -0.0508990176 -0.7410512567 0.0340972580 0.9987037778 -0.0377900489 0.7420141697 0.0000332453 0.6703841686
-220.1 -421.7 2488.4 0.6699035168 0.0243069027 -0.7420501709 -0.0518363565 0.9985562563 -0.0140873864 0.7406364083 0.0479023643 0.6701962948
-141.5 -101.0 2622.7 0.4003261924 -0.2181464136 -0.8900287151 0.1089920774 0.9756923318 -0.1901190281 0.9098679423 -0.0208964478 0.4143714011
-54.8 -488.8 2631.0 0.4088682532 -0.0311095789 -0.9120630026 -0.0328861251 0.9982674122 -0.0487924293 0.9120007157 0.0499438941 0.4071367681
226.3 -79.5 2314.1 0 0 0 0 0 0 0 0 0
231.4 -201.6 2353.0 0 0 0 0 0 0 0 0 0
-228.3 -757.2 2472.3 0 0 0 0 0 0 0 0 0
-47.0 -738.8 2618.5 0 0 0 0 0 0 0 0 0
270.6 299.4 2438.4  0.5026765466 0.7862246037 -0.3593983948 -0.4146203399 0.5840745568 0.6978157759 0.7585553527 -0.2017617524 0.6195852757
114.0 183.0 2478.6 0.5026765466 0.7862246037 -0.3593983948 -0.4146203399 0.5840745568 0.6978157759 0.7585553527 -0.2017617524 0.6195852757
-37.6 61.1 2519.4 0.5235173702 0.7624328136 -0.3802970052 -0.3985023797 0.6136325002 0.6816531420 0.7530773282 -0.2053079754 0.6250785589
40.3 239.1 2372.7 0.1732084006 0.2641045749 -0.9488137960 0.9188531637 0.3034762144 0.2522123456 0.3545528650 -0.9155058265 -0.1901086867
-2.8 10.6 2284.5 -0.9175394177 0.2641045749 -0.2972712517 0.3716143966 0.3034762144 -0.8773852587 -0.1415067017 -0.9155058265 -0.3765964508
187.6 127.0 2584.6 -0.1598956138 0.8917822242 -0.4232704043 -0.9869596958 -0.1524808407 0.0515765250 -0.0185456015 0.4259977043 0.9045341611
153.4 -84.2 2580.6 0.3230432272 0.8917822242 -0.3168083429 -0.4446576834 -0.1524808407 -0.8826262951 -0.8354176283 0.4259977043 0.3472799361
-239.8 -24.7 2490.8 0.6555272341 -0.0486187451 -0.7536048293 0.0308405571 0.9988164306 -0.0376117192 0.7545415163 0.0014139144 0.6562507749
-220.4 -421.7 2490.3 0.6559516788 0.0238051862 -0.7544273734 -0.0564703681 0.9982491136 -0.0176005382 0.7526875138 0.0541478954 0.6561474800
-141.5 -99.0 2626.6 0.3874564469 -0.2142246366 -0.8966522813 0.0929421335 0.9767476320 -0.1931990534 0.9171909690 -0.0084805591 0.3983576298
-56.3 -487.3 2630.0 0.3941766918 -0.0341108814 -0.9184014201 -0.0243320595 0.9985733032 -0.0475318804 0.9187124968 0.0410825573 0.3927843571
238.9 -87.2 2321.8 0 0 0 0 0 0 0 0 0
237.4 -199.7 2363.5 0 0 0 0 0 0 0 0 0
-228.4 -755.6 2472.2 0 0 0 0 0 0 0 0 0
-47.7 -738.5 2619.7 0 0 0 0 0 0 0 0 0
270.9 299.9 2434.1  0.4783120155 0.7873028517 -0.3890654147 -0.3573887944 0.5791934729 0.7326719761 0.8021788597 -0.2113981843 0.5584083796
113.7 184.3 2476.3 0.4783120155 0.7873028517 -0.3890654147 -0.3573887944 0.5791934729 0.7326719761 0.8021788597 -0.2113981843 0.5584083796
-38.1 63.3 2519.2 0.4982455969 0.7634241581 -0.4110168815 -0.3421193063 0.6086899638 0.7158567309 0.7966842055 -0.2160556614 0.5644592643
43.8 232.2 2364.5 0.2230015546 0.2867091894 -0.9317017198 0.9098056555 0.2819805145 0.3045336008 0.3500343263 -0.9155789614 -0.1979675442
-9.9 13.5 2280.4 -0.9024088979 0.2867091894 -0.3216458559 0.4003590941 0.2819805145 -0.8718942404 -0.1592822373 -0.9155789614 -0.3692483306
183.7 136.3 2588.1 -0.1502579004 0.8757321835 -0.4588199556 -0.9878322482 -0.1141515821 0.1056261584 0.0401252024 0.4691083133 0.8822286129
151.6 -74.7 2596.6 0.3598473072 0.8757321835 -0.3218743503 -0.4934565127 -0.1141515821 -0.8622471094 -0.7918400168 0.4691083133 0.3910585940
-237.2 -24.4 2491.2 0.6288647652 -0.0454939231 -0.7761825919 0.0273636226 0.9989632964 -0.0363815688 0.7770330310 0.0016399174 0.6294576526
-219.1 -421.5 2490.5 0.6289032698 0.0276907869 -0.7769902349 -0.0619580969 0.9979721904 -0.0145832151 0.7750108838 0.0573122688 0.6293436885
-141.1 -97.5 2629.3 0.3702982366 -0.2187414467 -0.9027909040 0.0719876513 0.9757136703 -0.2068830431 0.9261193275 0.0116186338 0.3770517409
-54.2 -485.3 2624.7 0.3738347292 -0.0271696597 -0.9270973206 -0.0108521096 0.9993742704 -0.0336637311 0.9274318218 0.0226456337 0.3733059764
228.1 -92.0 2322.4 0 0 0 0 0 0 0 0 0
244.8 -202.6 2391.4 0 0 0 0 0 0 0 0 0
-228.3 -755.3 2471.4 0 0 0 0 0 0 0 0 0
-47.3 -738.3 2619.0 0 0 0 0 0 0 0 0 0
272.0 304.1 2433.9  0.4862803221 0.7880249023 -0.3775556087 -0.3723903298 0.5777758956 0.7262922525 0.7904788852 -0.2125835717 0.5744138956
114.5 188.6 2476.4 0.4862803221 0.7880249023 -0.3775556087 -0.3723903298 0.5777758956 0.7262922525 0.7904788852 -0.2125835717 0.5744138956
-37.6 67.9 2519.0 0.5046116710 0.7649379373 -0.4002961814 -0.3584001362 0.6074188352 0.7089370489 0.7854402661 -0.2142717093 0.5806645155
43.6 238.9 2366.1 0.3346001804 0.3259191811 -0.8842055202 0.8636025190 0.2694575787 0.4261259735 0.3771385252 -0.9061838984 -0.1913040578
-37.3 30.2 2274.9 -0.8706309199 0.3259191811 -0.3684813976 0.4591436982 0.2694575787 -0.8465102911 -0.1766038239 -0.9061838984 -0.3842418492
185.4 138.2 2586.8 -0.1555389166 0.8802606463 -0.4482732117 -0.9875059724 -0.1269385070 0.0933730677 0.0252894983 0.4571956396 0.8890064955
152.2 -72.9 2592.2 0.3478944302 0.8802606463 -0.3226619065 -0.4825692773 -0.1269385070 -0.8666103482 -0.8038011789 0.4571956396 0.3806255460
-235.5 -26.3 2489.3 0.6365134716 -0.0409803055 -0.7701761127 0.0321608074 0.9991291165 -0.0265833084 0.7705947757 -0.0078488495 0.6372771263
-219.2 -423.6 2492.4 0.6369045973 0.0291657895 -0.7703907490 -0.0711443424 0.9972436428 -0.0210630260 0.7676529288 0.0682240799 0.6372240186
-144.3 -88.9 2635.0 0.3783163428 -0.2209755629 -0.8989140987 0.0651607066 0.9750372171 -0.2122650445 0.9233801365 0.0217294637 0.3832714558
-56.5 -476.5 2626.4 0.3819989860 -0.0341853946 -0.9235302806 -0.0104800286 0.9990910888 -0.0413171984 0.9241033196 0.0254617501 0.3812935352
192.0 -90.7 2321.4 0 0 0 0 0 0 0 0 0
242.4 -198.1 2383.6 0 0 0 0 0 0 0 0 0
-228.9 -753.1 2469.8 0 0 0 0 0 0 0 0 0
-47.6 -736.7 2619.7 0 0 0 0 0 0 0 0 0
271.3 305.8 2439.9  0.4819238484 0.7898097634 -0.3794073164 -0.3924597502 0.5817147493 0.7124488354 0.7834059000 -0.1944439560 0.5903107524
113.9 189.9 2478.6 0.4819238484 0.7898097634 -0.3794073164 -0.3924597502 0.5817147493 0.7124488354 0.7834059000 -0.1944439560 0.5903107524
-38.6 68.6 2517.6 0.5003595948 0.7673043609 -0.4011038542 -0.3783447146 0.6104636192 0.6958371997 0.7787782550 -0.1964133084 0.5957568884
43.5 243.1 2369.1 0.4296179116 0.3393019736 -0.8368408680 0.8134580851 0.2569415867 0.5217921138 0.3920643032 -0.9049061537 -0.1656212211
-59.2 48.6 2275.4 -0.8418595791 0.3393019736 -0.4196982384 0.5121423602 0.2569415867 -0.8195677400 -0.1702430099 -0.9049061537 -0.3900796473
184.3 136.7 2588.1 -0.1575890779 0.8780788183 -0.4518222213 -0.9875043631 -0.1397152245 0.0729023963 0.0008876051 0.4576650262 0.8891242743
150.6 -74.4 2588.3 0.3502019048 0.8780788183 -0.3260924220 -0.4641413391 -0.1397152245 -0.8746727705 -0.8135917187 0.4576650262 0.3586241305
-235.9 -20.0 2489.7 0.6321687102 -0.0472335666 -0.7733897567 0.0374697819 0.9988360405 -0.0303745456 0.7739242315 -0.0097769089 0.6332027316
-217.2 -417.2 2493.5 0.6321675777 0.0347517468 -0.7740519643 -0.0722491294 0.9972850680 -0.0142318085 0.7714558840 0.0649214685 0.6329621077
-143.5 -85.7 2633.5 0.3672460318 -0.2261298746 -0.9022170901 0.0738075450 0.9740228653 -0.2140838802 0.9271908402 0.0120310346 0.3743961155
-53.6 -472.9 2628.7 0.3710539639 -0.0230973195 -0.9283240438 -0.0201051533 0.9992564917 -0.0328982584 0.9283936620 0.0308711249 0.3703136742
162.5 -86.3 2320.2 0 0 0 0 0 0 0 0 0
241.5 -195.0 2377.0 0 0 0 0 0 0 0 0 0
-229.0 -755.4 2471.5 0 0 0 0 0 0 0 0 0
-47.4 -739.6 2620.5 0 0 0 0 0 0 0 0 0
270.9 307.1 2434.8  0.4943830669 0.7905716896 -0.3613610566 -0.3908801675 0.5735085011 0.7199310660 0.7764007449 -0.2146728635 0.5925516486
113.7 193.1 2477.5 0.4943830669 0.7905716896 -0.3613610566 -0.3908801675 0.5735085011 0.7199310660 0.7764007449 -0.2146728635 0.5925516486
-39.1 72.7 2518.2 0.5065677762 0.7689638138 -0.3899791241 -0.3816679716 0.6055694222 0.6982945204 0.7731226683 -0.2048909813 0.6002508402
42.5 246.8 2368.8 0.4169862568 0.3344123363 -0.8451573253 0.8277266026 0.2444234341 0.5050998330 0.3754878640 -0.9101788402 -0.1748807728
-58.4 46.5 2277.9 -0.8207227588 0.3344123363 -0.4632305503 0.5502414703 0.2444234341 -0.7984306812 -0.1537806541 -0.9101788402 -0.3846113980
185.0 139.4 2586.2 -0.1636821181 0.8823308945 -0.4412485957 -0.9865098596 -0.1452400684 0.0755225495 0.0025489007 0.4476577640 0.8942013383
150.0 -71.6 2586.8 0.3380079567 0.8823308945 -0.3274794519 -0.4663057327 -0.1452400684 -0.8726192117 -0.8175020218 0.4476577640 0.3623436689
-237.1 -18.0 2485.3 0.6404023170 -0.0524353385 -0.7662476301 0.0455545671 0.9985035658 -0.0302560441 0.7666874528 -0.0155300396 0.6418326497
-216.2 -415.0 2491.5 0.6402230263 0.0377150476 -0.7672626972 -0.0670964122 0.9977223277 -0.0069435430 0.7652532458 0.0559259914 0.6412953734
-145.3 -87.4 2628.0 0.3756701350 -0.2264871150 -0.8986520767 0.0815436542 0.9739948511 -0.2113874555 0.9231590033 0.0061325803 0.3843693733
-55.3 -474.6 2625.6 0.3800516427 -0.0326359048 -0.9243893623 -0.0069468278 0.9992484450 -0.0381349400 0.9249391556 0.0209148191 0.3795393109
157.7 -98.3 2318.4 0 0 0 0 0 0 0 0 0
237.8 -192.7 2374.4 0 0 0 0 0 0 0 0 0
-229.1 -754.9 2472.4 0 0 0 0 0 0 0 0 0
-46.7 -737.9 2620.1 0 0 0 0 0 0 0 0 0
271.1 307.4 2440.8  0.4982116520 0.7907038331 -0.3557704091 -0.4332078397 0.5824374557 0.6878209114 0.7510766387 -0.1885578632 0.6327162385
115.2 192.6 2478.0 0.4982116520 0.7907038331 -0.3557704091 -0.4332078397 0.5824374557 0.6878209114 0.7510766387 -0.1885578632 0.6327162385
-38.5 72.2 2515.1 0.5121526122 0.7730786800 -0.3742312491 -0.4226118028 0.6061411500 0.6737894416 0.7477291822 -0.1869284809 0.6371489763
43.2 252.0 2372.9 0.4266739786 0.3099553585 -0.8496334553 0.8331094384 0.2308956236 0.5026090741 0.3519630134 -0.9222878814 -0.1597095877
-62.9 44.8 2285.4 -0.8224895597 0.3099553585 -0.4769052267 0.5517114997 0.2308956236 -0.8014372587 -0.1382944435 -0.9222878814 -0.3609151840
187.3 133.2 2583.0 -0.1751763821 0.8861137033 -0.4290871322 -0.9836875796 -0.1756290197 0.0389001295 -0.0408902131 0.4289020598 0.9024250507
149.8 -77.0 2574.3 0.3224049509 0.8861137033 -0.3329527974 -0.4312292933 -0.1756290197 -0.8849834800 -0.8426721692 0.4289020598 0.3254944980
-238.5 -12.6 2488.1 0.6488655806 -0.0530691706 -0.7590501308 0.0425756425 0.9985342026 -0.0334174410 0.7597109675 -0.0106336204 0.6501739621
-217.4 -409.6 2492.3 0.6494119167 0.0306834523 -0.7598175406 -0.0670919567 0.9976009727 -0.0170573480 0.7574713230 0.0620548911 0.6499125957
-145.5 -82.6 2629.9 0.3773044646 -0.2288900614 -0.8973576427 0.0835021660 0.9734367132 -0.2131861895 0.9223170280 0.0055047986 0.3863948286
-54.5 -469.7 2627.7 0.3822295964 -0.0299429316 -0.9235821366 -0.0167084094 0.9990875125 -0.0393057168 0.9239163399 0.0304553974 0.3813805282
153.9 -100.7 2321.8 0 0 0 0 0 0 0 0 0
233.5 -189.0 2355.5 0 0 0 0 0 0 0 0 0
-228.1 -757.8 2470.6 0 0 0 0 0 0 0 0 0
-46.5 -738.5 2619.5 0 0 0 0 0 0 0 0 0
269.5 306.4 2435.3  0.4812470973 0.7822284102 -0.3956259489 -0.3449946642 0.5839179158 0.7348595262 0.8058410883 -0.2171601802 0.5508734584
116.0 191.8 2477.9 0.4812470973 0.7822284102 -0.3956259489 -0.3449946642 0.5839179158 0.7348595262 0.8058410883 -0.2171601802 0.5508734584
-35.7 71.2 2521.5 0.4961445630 0.7627187371 -0.4148502648 -0.3334959447 0.6085639596 0.7200210690 0.8016364574 -0.2188836783 0.5562992692
46.5 238.4 2365.8 0.4475812614 0.2642278969 -0.8543152809 0.8309836388 0.2300395072 0.5065056682 0.3303591907 -0.9366244674 -0.1166076809
-58.8 42.9 2288.1 -0.7991771102 0.2642278969 -0.5399069786 0.5958676934 0.2300395072 -0.7694306374 -0.0791050941 -0.9366244674 -0.3412871659
185.5 145.2 2590.0 -0.1490120888 0.8734268546 -0.4635955989 -0.9876092672 -0.1081176028 0.1137476340 0.0492273979 0.4748010635 0.8787153363
153.8 -65.1 2600.5 0.3654055297 0.8734268546 -0.3218761683 -0.4989800155 -0.1081176028 -0.8598427176 -0.7858102322 0.4748010635 0.3963157833
-239.1 -9.5 2483.8 0.6257158518 -0.0562706739 -0.7780188322 0.0476999134 0.9982883334 -0.0338394977 0.7785912752 -0.0159375221 0.6273289323
-216.8 -406.4 2490.1 0.6259085536 0.0323345922 -0.7792258859 -0.0611196533 0.9981009364 -0.0076770112 0.7774978280 0.0524311252 0.6266961694
-145.2 -87.0 2620.8 0.3609980345 -0.2286959440 -0.9040899277 0.1049009040 0.9732695222 -0.2043090761 0.9266478419 -0.0210846756 0.3753387928
-54.3 -473.8 2629.2 0.3679148853 -0.0278239511 -0.9294430614 -0.0275025815 0.9987893105 -0.0407866538 0.9294526577 0.0405681022 0.3667042255
150.9 -113.5 2308.8 0 0 0 0 0 0 0 0 0
248.2 -194.1 2397.3 0 0 0 0 0 0 0 0 0
-228.1 -756.9 2471.7 0 0 0 0 0 0 0 0 0
-47.0 -737.3 2618.5 0 0 0 0 0 0 0 0 0
268.6 307.3 2440.5  0.4855429232 0.7737023830 -0.4069799483 -0.3755745590 0.6050007343 0.7020810843 0.7894249558 -0.1880391985 0.5843367577
115.7 187.7 2477.7 0.4855429232 0.7737023830 -0.4069799483 -0.3755745590 0.6050007343 0.7020810843 0.7894249558 -0.1880391985 0.5843367577
-34.2 63.3 2516.4 0.5035902262 0.7537063360 -0.4222838581 -0.3610100150 0.6276492476 0.6897305250 0.7849004269 -0.1948928535 0.5881735682
45.0 238.3 2367.7 0.4062139988 0.2974109054 -0.8640236855 0.8531771898 0.2151632160 0.4751772583 0.3272289932 -0.9301890135 -0.1663418859
-51.8 35.1 2289.7 -0.8042815924 0.2974109054 -0.5144685507 0.5814517736 0.2151632160 -0.7846136689 -0.1226579472 -0.9301890135 -0.3459818959
186.4 137.2 2587.7 -0.1345765144 0.8772026896 -0.4608737230 -0.9908820391 -0.1160903275 0.0683803260 0.0064804247 0.4658738971 0.8848273754
157.7 -74.1 2589.1 0.3681654632 0.8772026896 -0.3081714511 -0.4601730406 -0.1160903275 -0.8802067041 -0.8078954220 0.4658738971 0.3609246016
-232.8 -19.0 2492.0 0.6281657815 -0.0423701070 -0.7769250274 0.0192920994 0.9990574121 -0.0388860330 0.7778403163 0.0094383592 0.6283910871
-216.0 -416.1 2488.2 0.6272317171 0.0364529826 -0.7779791355 -0.0586186647 0.9982803464 -0.0004848338 0.7766236067 0.0459082015 0.6282899380
-142.0 -81.1 2636.6 0.3651523292 -0.2169706374 -0.9053107500 0.0609961748 0.9759477973 -0.2092973292 0.9289473891 0.0212049149 0.3696039915
-56.1 -467.3 2628.2 0.3691471517 -0.0343122147 -0.9287373424 -0.0200113207 0.9987930655 -0.0448543653 0.9291554689 0.0351431221 0.3680149913
159.2 -117.4 2321.9 0 0 0 0 0 0 0 0 0
253.1 -193.3 2379.8 0 0 0 0 0 0 0 0 0
-228.4 -756.2 2472.6 0 0 0 0 0 0 0 0 0
-46.8 -738.2 2618.7 0 0 0 0 0 0 0 0 0
269.8 307.3 2444.2  0.4919186234 0.7753240466 -0.3960917592 -0.3877408206 0.6024277210 0.6976660490 0.7795339227 -0.1896139830 0.5969702005
116.0 187.8 2481.8 0.4919186234 0.7753240466 -0.3960917592 -0.3877408206 0.6024277210 0.6976660490 0.7795339227 -0.1896139830 0.5969702005
-34.2 63.6 2520.6 0.5098810792 0.7553671002 -0.4116331339 -0.3733324409 0.6253992915 0.6851996779 0.7750123739 -0.1956943423 0.6008822918
44.3 240.2 2372.9 0.3601329923 0.2878566086 -0.8873797059 0.8739473820 0.2286772430 0.4288620949 0.3263743520 -0.9299705625 -0.1692173183
-43.5 27.2 2293.4 -0.7825298309 0.2878566086 -0.5520739555 0.6159631014 0.2286772430 -0.7538542151 -0.0907551795 -0.9299705625 -0.3562558293
187.7 135.4 2590.6 -0.1399336606 0.8818783164 -0.4502323866 -0.9901532531 -0.1264118105 0.0601376891 -0.0038805672 0.4542143643 0.8908839822
157.8 -76.1 2589.8 0.3560210764 0.8818783164 -0.3090948462 -0.4530381858 -0.1264118105 -0.8824831247 -0.8173159957 0.4542143643 0.3545192778
-230.2 -28.2 2483.3 0.6359690428 -0.0334510468 -0.7709892392 0.0271639526 0.9994113445 -0.0209547952 0.7712363601 -0.0076165134 0.6365033388
-216.9 -425.4 2486.4 0.6353019476 0.0334873125 -0.7715374231 -0.0514620617 0.9986744523 0.0009707598 0.7705472708 0.0390881822 0.6361831427
-137.9 -94.8 2626.0 0.3687252104 -0.2061254531 -0.9063961506 0.0800106227 0.9785224795 -0.1899792254 0.9260885715 -0.0024711892 0.3772981465
-56.1 -482.9 2627.0 0.3744257390 -0.0398499407 -0.9264002442 -0.0178434048 0.9985814691 -0.0501667000 0.9270852208 0.0353138372 0.3731835186
160.3 -133.2 2317.0 0 0 0 0 0 0 0 0 0
250.1 -193.6 2377.7 0 0 0 0 0 0 0 0 0
-228.0 -757.5 2473.4 0 0 0 0 0 0 0 0 0
-45.9 -738.2 2618.0 0 0 0 0 0 0 0 0 0
268.1 306.5 2445.0  0.4983721972 0.7719628811 -0.3945864439 -0.3894179761 0.6059652567 0.6936568022 0.7745829821 -0.1920402050 0.6026124358
114.2 185.7 2483.3 0.4983721972 0.7719628811 -0.3945864439 -0.3894179761 0.6059652567 0.6936568022 0.7745829821 -0.1920402050 0.6026124358
-34.9 60.5 2523.3 0.5193352699 0.7500053048 -0.4096131921 -0.3723937571 0.6300349832 0.6814534664 0.7691643238 -0.2013654113 0.6064966321
41.1 238.0 2375.1 0.3239789903 0.3008997440 -0.8969375491 0.8879902363 0.2303352505 0.3980188072 0.3263601065 -0.9254215360 -0.1925722808
-37.8 21.6 2295.6 -0.7703918815 0.3008997440 -0.5620993376 0.6306747198 0.2303352505 -0.7410769463 -0.0935185850 -0.9254215360 -0.3672182858
187.2 133.3 2591.4 -0.1341332942 0.8870799541 -0.4416982830 -0.9909501672 -0.1223646700 0.0551783070 -0.0051006968 0.4451022446 0.8954652548
158.5 -78.5 2590.3 0.3503742516 0.8870799541 -0.3005445302 -0.4492997229 -0.1223646700 -0.8849613667 -0.8218075633 0.4451022446 0.3556913733
-231.1 -26.4 2488.6 0.6435030699 -0.0303458925 -0.7648417950 0.0194076952 0.9995394349 -0.0233290158 0.7651974559 0.0001684757 0.6437956095
-219.1 -423.7 2488.5 0.6429356337 0.0303500406 -0.7653186321 -0.0492268801 0.9987860918 -0.0017463536 0.7643365860 0.0387970395 0.6436492205
-137.6 -95.0 2630.1 0.3789075911 -0.2022534758 -0.9030628800 0.0714546815 0.9793066382 -0.1893483251 0.9226717949 0.0072174426 0.3855186701
-57.3 -483.9 2627.2 0.3832632601 -0.0421658047 -0.9226761460 -0.0050678370 0.9988463521 -0.0477518328 0.9236252308 0.0229774956 0.3826074302
162.0 -142.0 2319.9 0 0 0 0 0 0 0 0 0
249.5 -195.2 2376.9 0 0 0 0 0 0 0 0 0
-229.2 -758.0 2475.5 0 0 0 0 0 0 0 0 0
-46.5 -740.9 2621.3 0 0 0 0 0 0 0 0 0
267.7 307.4 2446.4  0.4979705215 0.7663674951 -0.4058401585 -0.3909302652 0.6161262989 0.6837850213 0.7740793824 -0.1818495542 0.6064089537
114.7 184.5 2482.7 0.4979705215 0.7663674951 -0.4058401585 -0.3909302652 0.6161262989 0.6837850213 0.7740793824 -0.1818495542 0.6064089537
-33.2 57.3 2520.7 0.5191715956 0.7440020442 -0.4206208289 -0.3732963800 0.6401166320 0.6714912653 0.7688372135 -0.1916029155 0.6100636125
41.7 237.0 2374.5 0.3167487085 0.3198126256 -0.8929670453 0.8906882405 0.2233867198 0.3959454596 0.3261053264 -0.9207704663 -0.2140958905
-35.1 21.2 2295.5 -0.7438504100 0.3198126256 -0.5868615508 0.6611270308 0.2233867198 -0.7162467837 -0.0979676843 -0.9207704663 -0.3776030540
187.8 132.0 2590.8 -0.1227541119 0.8860113621 -0.4471189380 -0.9923313856 -0.1161543578 0.0422676876 -0.0144851599 0.4488786757 0.8934752941
161.5 -80.2 2587.7 0.3598597944 0.8860113621 -0.2923778892 -0.4382075071 -0.1161543578 -0.8913373947 -0.8236960173 0.4488786757 0.3464575410
-231.7 -30.6 2492.8 0.6392530799 -0.0281789303 -0.7684799433 0.0113386661 0.9995651245 -0.0272204895 0.7689127922 0.0086872447 0.6392946243
-220.5 -428.0 2489.3 0.6391140223 0.0228685681 -0.7687719464 -0.0534495674 0.9984618425 -0.0147338547 0.7672525048 0.0505071394 0.6393532753
-136.4 -99.0 2633.6 0.3741685748 -0.1988986284 -0.9057798982 0.0616423301 0.9799029827 -0.1897113472 0.9253097177 0.0151496446 0.3789094687
-57.4 -488.3 2627.6 0.3780471683 -0.0419718698 -0.9248344302 -0.0084848749 0.9987727404 -0.0487958081 0.9257474542 0.0262942202 0.3772270679
158.0 -150.4 2320.9 0 0 0 0 0 0 0 0 0
255.0 -194.1 2373.7 0 0 0 0 0 0 0 0 0
-228.0 -757.9 2472.7 0 0 0 0 0 0 0 0 0
-46.8 -740.4 2620.9 0 0 0 0 0 0 0 0 0
265.4 306.7 2454.6  0.4751615226 0.7618354559 -0.4402593076 -0.3860116005 0.6301169395 0.6737564206 0.7907063961 -0.1501979232 0.5934846401
113.8 181.3 2484.5 0.4751615226 0.7618354559 -0.4402593076 -0.3860116005 0.6301169395 0.6737564206 0.7907063961 -0.1501979232 0.5934846401
-32.6 51.0 2517.1 0.4995188713 0.7370625734 -0.4552138448 -0.3651178479 0.6556390524 0.6609284282 0.7856016159 -0.1639395356 0.5966187716
43.5 232.7 2374.0 0.3170544505 0.3054914176 -0.8978593946 0.8948616385 0.2172388732 0.3899101317 0.3141641617 -0.9270826578 -0.2044959962
-32.3 18.6 2298.8 -0.7314338684 0.3054914176 -0.6096552014 0.6769152284 0.2172388732 -0.7032731175 -0.0824030936 -0.9270826578 -0.3656876385
184.0 129.8 2595.0 -0.1017723903 0.8721114993 -0.4786061645 -0.9945896864 -0.0992725641 0.0305993147 -0.0208264459 0.4791309237 0.8774963021
162.3 -82.9 2590.5 0.3971730173 0.8721114993 -0.2857885361 -0.4282997847 -0.0992725641 -0.8981671333 -0.8116728663 0.4791309237 0.3340967894
-228.7 -35.7 2488.3 0.6119433045 -0.0201702360 -0.7906444073 0.0141887739 0.9997938275 -0.0145240417 0.7907743454 -0.0023303838 0.6121033430
-220.7 -433.2 2489.2 0.6117895842 0.0234922506 -0.7906716466 -0.0553123541 0.9983826876 -0.0131347366 0.7890843153 0.0517696068 0.6120995283
-133.4 -104.2 2629.2 0.3407646418 -0.1919579208 -0.9203432202 0.0642432645 0.9813998938 -0.1809060574 0.9379510880 0.0025205328 0.3467583954
-57.1 -494.3 2628.2 0.3451035619 -0.0424176417 -0.9376056194 -0.0133888265 0.9986540675 -0.0501075089 0.9384691119 0.0298457183 0.3440711498
157.6 -157.2 2320.2 0 0 0 0 0 0 0 0 0
265.4 -194.1 2379.7 0 0 0 0 0 0 0 0 0
-228.3 -757.0 2472.4 0 0 0 0 0 0 0 0 0
-46.6 -741.4 2620.8 0 0 0 0 0 0 0 0 0
264.4 304.6 2450.2  0.5075835586 0.7612862587 -0.4034875035 -0.4158587754 0.6266053915 0.6591109037 0.7545995116 -0.1667600125 0.6346421242
113.5 180.4 2483.2 0.5075835586 0.7612862587 -0.4034875035 -0.4158587754 0.6266053915 0.6591109037 0.7545995116 -0.1667600125 0.6346421242
-33.0 50.8 2518.1 0.5292707086 0.7376461029 -0.4192264080 -0.3973583579 0.6520717740 0.6456847191 0.7496525049 -0.1751588732 0.6382322907
39.2 236.3 2377.9 0.2815579176 0.3106405139 -0.9078698158 0.9063268304 0.2246188372 0.3579358757 0.3151140511 -0.9236064553 -0.2182985991
-29.5 15.2 2301.1 -0.7233094573 0.3106405139 -0.6167056561 0.6862878203 0.2246188372 -0.6917769909 -0.0763702393 -0.9236064553 -0.3756577373
187.8 124.5 2588.5 -0.1165325120 0.8911108971 -0.4385675490 -0.9919711947 -0.1262691170 0.0070162597 -0.0491252728 0.4358640015 0.8986708522
162.9 -87.6 2578.0 0.3547342122 0.8911108971 -0.2829928696 -0.4051634371 -0.1262691170 -0.9054825902 -0.8426187038 0.4358640015 0.3162535727
