251.0 351.7 2494.6 6 0.5350437164 0.7365630269 -0.4137669802 -0.5000163913 0.6708625555 0.5476559401 0.6809638739 -0.0861295834 0.7272344232
103.4 217.3 2511.8 0.5350437164 0.7365630269 -0.4137669802 -0.5000163913 0.6708625555 0.5476559401 0.6809638739 -0.0861295834 0.7272344232
-38.3 78.9 2528.5 0.5524891615 0.7128791809 -0.4319247603 -0.4835624099 0.6962077618 0.5305300355 0.6789132357 -0.0842495114 0.7293688059
25.9 285.0 2416.6 0.1602351367 0.2785752416 -0.9469532967 0.8883594871 0.3774945736 0.2613719702 0.4302814901 -0.8831158876 -0.1869870573
-20.6 27.2 2291.7 -0.8810815215 0.2785752416 -0.3822187781 0.4663925767 0.3774945736 -0.7999848723 -0.0785704628 -0.8831158876 -0.4625289142
181.0 149.5 2607.1 0.1164846346 0.9929320812 -0.0227422751 -0.8486803770 0.1114042923 0.5170403123 0.5159195065 -0.0409263335 0.8556588292
221.1 -142.7 2784.7 -0.0616021343 0.9929320812 0.1014448553 0.1890170127 0.1114042923 -0.9756339788 -0.9800396562 -0.0409263335 -0.1945438087
-227.4 -16.6 2487.3 0.6552497745 -0.0501751937 -0.7537440658 0.0395782702 0.9987015128 -0.0320750624 0.7543747425 -0.0088147093 0.6563848257
-207.4 -413.6 2490.8 0.6536028385 0.0530481227 -0.7549763322 -0.0804516897 0.9967584610 0.0003877086 0.7525495887 0.0604857132 0.6557519436
-119.6 -109.8 2602.4 0.3139079809 -0.2055744231 -0.9269309044 0.1000977233 0.9780032635 -0.1830028296 0.9441621900 -0.0353376307 0.3275805712
-37.9 -498.4 2616.4 0.3114840388 0.0394334085 -0.9494328499 -0.0056641176 0.9991979003 0.0396420844 0.9502344728 -0.0069701774 0.3114575744
225.6 -103.1 2313.7 0 0 0 0 0 0 0 0 0
204.6 -92.0 2522.0 0 0 0 0 0 0 0 0 0
-225.7 -757.3 2469.9 0 0 0 0 0 0 0 0 0
-47.0 -728.9 2618.0 0 0 0 0 0 0 0 0 0
248.8 352.4 2496.2 7 0.5557801723 0.7227748632 -0.4107369483 -0.5064610839 0.6861792207 0.5221639872 0.6592462063 -0.0821861178 0.7474221587
103.7 214.6 2512.7 0.5557801723 0.7227748632 -0.4107369483 -0.5064610839 0.6861792207 0.5221639872 0.6592462063 -0.0821861178 0.7474221587
-35.2 73.4 2529.0 0.5743245482 0.6987187862 -0.4265481830 -0.4882391691 0.7105989456 0.5066276789 0.6570950150 -0.0827111751 0.7492563128
23.0 283.1 2420.4 0.1663139015 0.3177661300 -0.9334689975 0.8854782581 0.3684250712 0.2831806242 0.4338985682 -0.8736633658 -0.2201007754
-24.8 28.5 2295.6 -0.8539757133 0.3177661300 -0.4120074511 0.5115913749 0.3684250712 -0.7762327194 -0.0948665887 -0.8736633658 -0.4771924913
184.4 146.1 2605.0 0.1421697885 0.9897299409 -0.0149127059 -0.8573542237 0.1306562722 0.4978680909 0.4947033823 -0.0579963252 0.8671245575
233.4 -149.2 2775.4 -0.0846891180 0.9897299409 0.1151624545 0.2090825289 0.1306562722 -0.9691302180 -0.9742239118 -0.0579963252 -0.2180004120
-230.6 -15.3 2483.1 0.6685564518 -0.0533563644 -0.7417448163 0.0482005998 0.9984345436 -0.0283763558 0.7420976758 -0.0167813487 0.6700816751
-209.4 -412.2 2489.7 0.6680406928 0.0456683896 -0.7427220345 -0.0757929757 0.9970999360 -0.0068623861 0.7402547002 0.0608774684 0.6695646644
-129.5 -103.7 2607.2 0.3288308084 -0.2283574641 -0.9163640738 0.0938748643 0.9734230042 -0.2088901848 0.9397115707 -0.0173340272 0.3415285051
-38.7 -490.4 2614.1 0.3268589079 0.0368494354 -0.9443544745 0.0063213971 0.9991319776 0.0411748476 0.9450520277 -0.0194280054 0.3263422251
214.7 -115.0 2322.2 0 0 0 0 0 0 0 0 0
210.6 -93.1 2513.9 0 0 0 0 0 0 0 0 0
-225.3 -759.6 2468.5 0 0 0 0 0 0 0 0 0
-47.5 -728.9 2618.8 0 0 0 0 0 0 0 0 0
254.1 352.1 2495.0 8 0.5469858646 0.7287697792 -0.4119479656 -0.4904771447 0.6777712107 0.5477758050 0.6784089208 -0.0975745395 0.7281761765
108.0 216.2 2514.5 0.5469858646 0.7287697792 -0.4119479656 -0.4904771447 0.6777712107 0.5477758050 0.6784089208 -0.0975745395 0.7281761765
-32.2 76.4 2532.3 0.5612868071 0.7052657604 -0.4330789149 -0.4767047763 0.7032598853 0.5274258852 0.6765424609 -0.0895863771 0.7309340835
29.0 283.1 2419.5 0.1982991993 0.3290133476 -0.9232701063 0.8857091069 0.3432615101 0.3125553727 0.4197579920 -0.8797281981 -0.2233416438
-27.5 30.5 2299.7 -0.8358623981 0.3290133476 -0.4394136071 0.5393493176 0.3432615101 -0.7689433694 -0.1021588445 -0.8797281981 -0.4643725157
186.9 149.2 2609.6 0.1288269013 0.9913898110 -0.0234487019 -0.8462650776 0.1222334951 0.5185502768 0.5169516802 -0.0469594114 0.8547255397
231.3 -142.5 2787.8 -0.0694126040 0.9913898110 0.1110319942 0.1864840090 0.1222334951 -0.9748244286 -0.9800028801 -0.0469594114 -0.1933628917
-226.7 -23.1 2485.2 0.6599249244 -0.0431171767 -0.7500932813 0.0276669860 0.9990694523 -0.0330877788 0.7508219481 0.0010826299 0.6605037451
-209.6 -420.3 2484.8 0.6584187150 0.0469594710 -0.7511854768 -0.0659262687 0.9978139400 0.0045923763 0.7497589588 0.0464991480 0.6600752473
-121.5 -112.5 2605.5 0.3210649192 -0.2084963918 -0.9238217473 0.0923287123 0.9777098894 -0.1885704398 0.9425458908 -0.0247519203 0.3331585526
-38.6 -501.0 2615.4 0.3187078536 0.0399891511 -0.9470090866 -0.0025530157 0.9991422296 0.0413313732 0.9478495717 -0.0107549038 0.3185365498
207.8 -121.3 2328.5 0 0 0 0 0 0 0 0 0
212.6 -92.4 2524.6 0 0 0 0 0 0 0 0 0
-225.5 -759.8 2468.9 0 0 0 0 0 0 0 0 0
-47.7 -727.9 2617.8 0 0 0 0 0 0 0 0 0
255.0 351.3 2495.4 9 0.5438238382 0.7310127616 -0.4121600986 -0.4942663908 0.6759179831 0.5466585755 0.6782008410 -0.0935690776 0.7288953662
107.8 215.2 2514.2 0.5438238382 0.7310127616 -0.4121600986 -0.4942663908 0.6759179831 0.5466585755 0.6782008410 -0.0935690776 0.7288953662
-33.0 76.0 2531.8 0.5590450764 0.7082361579 -0.4311266243 -0.4797108173 0.7003874183 0.5285215378 0.6762737036 -0.0886512399 0.7312966585
29.1 282.6 2419.1 0.2094166726 0.3579044938 -0.9099720120 0.8888431191 0.3182002902 0.3297067285 0.4075568914 -0.8778684139 -0.2514844835
-29.8 32.4 2304.4 -0.8042075038 0.3579044938 -0.4745046198 0.5827932954 0.3182002902 -0.7477302551 -0.1166284978 -0.8778684139 -0.4644834101
186.4 147.7 2609.3 0.1252754927 0.9918811917 -0.0218576230 -0.8472316265 0.1184178963 0.5178569555 0.5162408948 -0.0463563167 0.8551879525
229.6 -144.5 2787.4 -0.0682142824 0.9918811917 0.1073243618 0.1878000647 0.1184178963 -0.9750427604 -0.9798356891 -0.0463563167 -0.1943531334
-223.9 -19.7 2488.0 0.6600652933 -0.0299742594 -0.7506099343 0.0155432876 0.9995346665 -0.0262462888 0.7510473728 0.0056573185 0.6602240801
-212.0 -417.0 2485.8 0.6587346792 0.0430442467 -0.7511430383 -0.0646535680 0.9979076385 0.0004854447 0.7495922446 0.0482442975 0.6601393223
-121.0 -107.0 2612.0 0.3245771229 -0.2049240619 -0.9233936667 0.0735003427 0.9787609577 -0.1913757473 0.9429991245 -0.0057535595 0.3327454031
-39.6 -496.0 2614.3 0.3233607113 0.0288854949 -0.9458348155 0.0054514250 0.9994605184 0.0323869325 0.9462600946 -0.0156288091 0.3230288029
197.0 -132.0 2337.3 0 0 0 0 0 0 0 0 0
211.3 -94.0 2524.1 0 0 0 0 0 0 0 0 0
-226.7 -759.0 2469.2 0 0 0 0 0 0 0 0 0
-46.2 -727.1 2617.9 0 0 0 0 0 0 0 0 0
252.5 350.8 2496.1 0 0.5106222034 0.7314181328 -0.4519872665 -0.4491511583 0.6751688123 0.5851583481 0.7331631184 -0.0957842469 0.6732735038
105.7 215.2 2515.3 0.5106222034 0.7314181328 -0.4519872665 -0.4491511583 0.6751688123 0.5851583481 0.7331631184 -0.0957842469 0.6732735038
-35.3 76.3 2533.7 0.5249205828 0.7090019584 -0.4709295034 -0.4355094433 0.6991029978 0.5670859814 0.7312933207 -0.0925808847 0.6757506132
32.1 276.3 2412.7 0.2381229103 0.3423526287 -0.9088961482 0.8927689195 0.2913385332 0.3436357975 0.3824410737 -0.8932617307 -0.2362673879
-32.3 34.9 2309.3 -0.7883233428 0.3423526287 -0.5112152100 0.6063434482 0.2913385332 -0.7399117947 -0.1043740660 -0.8932617307 -0.4372522235
179.4 154.2 2617.9 0.1004622877 0.9926080108 -0.0680934563 -0.8151672482 0.1213567257 0.5663699508 0.5704469681 -0.0013912705 0.8213332891
213.9 -126.4 2814.2 -0.0173148699 0.9926080108 0.1201232076 0.1302578896 0.1213567257 -0.9840251207 -0.9913289547 -0.0013912705 -0.1313962936
-225.1 -19.3 2487.4 0.6216368675 -0.0343042277 -0.7825540304 0.0119679775 0.9993399382 -0.0343003124 0.7832140923 0.0119567495 0.6216371059
-211.5 -416.6 2482.6 0.6201224923 0.0434440263 -0.7833011746 -0.0537243783 0.9984731674 0.0128456336 0.7826632857 0.0341165029 0.6215096712
-122.6 -107.2 2611.4 0.2842336595 -0.2159321755 -0.9341223240 0.0860710815 0.9761204720 -0.1994508654 0.9548837543 -0.0237102713 0.2960318029
-36.7 -495.2 2620.8 0.2813980877 0.0414710864 -0.9586945772 -0.0222022682 0.9990796447 0.0367011987 0.9593342543 0.0109575465 0.2820598483
190.8 -136.7 2338.9 0 0 0 0 0 0 0 0 0
209.3 -91.5 2548.5 0 0 0 0 0 0 0 0 0
-226.4 -760.2 2470.9 0 0 0 0 0 0 0 0 0
-46.4 -727.1 2618.3 0 0 0 0 0 0 0 0 0
255.9 349.3 2495.4 1 0.5106970072 0.7338448167 -0.4479512572 -0.4507510662 0.6722058654 0.5873352885 0.7321284413 -0.0980358496 0.6740748882
109.1 214.8 2515.0 0.5106970072 0.7338448167 -0.4479512572 -0.4507510662 0.6722058654 0.5873352885 0.7321284413 -0.0980358496 0.6740748882
-32.2 76.2 2533.6 0.5251126289 0.7105361223 -0.4683963358 -0.4370815158 0.6974198222 0.5679483414 0.7302167416 -0.0935094878 0.6767861843
35.3 276.2 2412.4 0.3166545033 0.2967764139 -0.9009182453 0.8677022457 0.2930503488 0.4015150368 0.3831745982 -0.9088703394 -0.1647178382
-46.7 51.5 2313.2 -0.7737591863 0.2967764139 -0.5596610308 0.6315807104 0.2930503488 -0.7177933455 -0.0490152650 -0.9088703394 -0.4141886532
182.9 153.4 2617.6 0.1001329944 0.9928008318 -0.0657262504 -0.8154377937 0.1197366714 0.5663252473 0.5701180100 -0.0031121783 0.8215569258
217.4 -127.6 2814.2 -0.0188577566 0.9928008318 0.1182833090 0.1305951476 0.1197366714 -0.9841788411 -0.9912564158 -0.0031121783 -0.1319129318
-224.2 -22.9 2485.2 0.6226527691 -0.0379060060 -0.7815795541 0.0201611668 0.9992715716 -0.0324023105 0.7822384834 0.0044178325 0.6229634285
-209.2 -420.1 2483.4 0.6202526689 0.0546405166 -0.7824966908 -0.0651269481 0.9977138042 0.0180453621 0.7816937566 0.0397689380 0.6223931909
-128.2 -102.5 2618.9 0.2904675901 -0.2297597080 -0.9288913012 0.0656672642 0.9732428789 -0.2201956064 0.9546289444 0.0029619334 0.2977831960
-36.9 -489.2 2617.8 0.2884842753 0.0378909856 -0.9567345977 -0.0065256227 0.9992712736 0.0376079567 0.9574623704 -0.0046060150 0.2885212898
171.5 -126.7 2327.0 0 0 0 0 0 0 0 0 0
212.3 -92.6 2548.0 0 0 0 0 0 0 0 0 0
-227.7 -758.3 2469.9 0 0 0 0 0 0 0 0 0
-46.0 -727.4 2618.8 0 0 0 0 0 0 0 0 0
253.1 347.9 2495.6 2 0.4835897088 0.7358325720 -0.4740162492 -0.4098575115 0.6688735485 0.6201814413 0.7734066248 -0.1056342348 0.6250468493
106.3 214.4 2516.7 0.4835897088 0.7358325720 -0.4740162492 -0.4098575115 0.6688735485 0.6201814413 0.7734066248 -0.1056342348 0.6250468493
-35.6 76.7 2537.4 0.4981256425 0.7130782604 -0.4933459163 -0.3961920738 0.6932651401 0.6020093560 0.7712993622 -0.1044165641 0.6278491020
36.3 270.0 2408.5 0.3305258453 0.2886703610 -0.8985666633 0.8715037107 0.2720890343 0.4079814553 0.3622622788 -0.9179525971 -0.1616448313
-46.3 52.1 2317.9 -0.7533768415 0.2886703610 -0.5908407569 0.6562202573 0.2720890343 -0.7038057446 -0.0424065739 -0.9179525971 -0.3944168985
176.2 158.9 2624.9 0.0791651979 0.9922244549 -0.0960392728 -0.7837115526 0.1214875281 0.6091280580 0.6160593033 0.0270453431 0.7872353792
203.5 -111.0 2837.0 0.0176793225 0.9922244549 0.1231994778 0.0775212124 0.1214875281 -0.9895611405 -0.9968339205 0.0270453431 -0.0747706220
-221.6 -22.4 2485.3 0.5951184034 -0.0312222466 -0.8030312657 0.0145375961 0.9994997382 -0.0280873701 0.8035064936 0.0050411662 0.5952746272
-209.2 -419.8 2483.3 0.5928784609 0.0517569669 -0.8036269546 -0.0654039010 0.9977304935 0.0160061065 0.8026315570 0.0430706628 0.5949180722
-125.4 -102.5 2619.1 0.2695347071 -0.2251640409 -0.9362970591 0.0554166809 0.9742959738 -0.2183491886 0.9613948464 0.0069662081 0.2750844061
-35.9 -489.7 2616.3 0.2672210634 0.0452789403 -0.9625709057 -0.0072468999 0.9989616275 0.0449789204 0.9636080265 -0.0050436608 0.2672717273
166.8 -133.5 2329.9 0 0 0 0 0 0 0 0 0
208.2 -90.2 2569.7 0 0 0 0 0 0 0 0 0
-226.7 -758.7 2468.7 0 0 0 0 0 0 0 0 0
-46.6 -727.0 2617.5 0 0 0 0 0 0 0 0 0
252.0 347.5 2495.2 3 0.5093377233 0.7313476205 -0.4535479546 -0.4291108251 0.6726777554 0.6028005481 0.7459483743 -0.1124067530 0.6564493775
106.7 213.9 2517.5 0.5093377233 0.7313476205 -0.4535479546 -0.4291108251 0.6726777554 0.6028005481 0.7459483743 -0.1124067530 0.6564493775
-34.9 76.0 2538.9 0.5204169154 0.7121880054 -0.4711203873 -0.4186241329 0.6936577559 0.5861678720 0.7442580462 -0.1078293100 0.6591303349
33.6 272.7 2413.0 0.3354254663 0.2883038223 -0.8968671560 0.8676789403 0.2762410939 0.4133087099 0.3669100404 -0.9168270230 -0.1574968696
-50.4 55.4 2321.1 -0.7421256304 0.2883038223 -0.6050871611 0.6695134640 0.2762410939 -0.6895233989 -0.0316423066 -0.9168270230 -0.3980288804
179.8 155.1 2622.0 0.0954862759 0.9930317402 -0.0690672323 -0.8004986048 0.1178441122 0.5876348615 0.5916792154 -0.0008228368 0.8061730862
212.7 -120.7 2825.9 -0.0132516315 0.9930317402 0.1170995608 0.1047235280 0.1178441122 -0.9874947071 -0.9944130778 -0.0008228368 -0.1055554226
-223.0 -24.9 2487.6 0.6189127564 -0.0422731116 -0.7843213677 0.0215741508 0.9990888238 -0.0368242897 0.7851634026 0.0058699553 0.6192608476
-206.2 -422.1 2485.2 0.6161693335 0.0582493022 -0.7854567766 -0.0760693699 0.9970005155 0.0142629994 0.7839316130 0.0509607829 0.6187521219
-131.8 -97.3 2628.7 0.2925515473 -0.2465448081 -0.9239205718 0.0578499474 0.9689851403 -0.2402524203 0.9544982910 0.0168374553 0.2977406979
-33.8 -482.4 2622.0 0.2891367972 0.0505261980 -0.9559534788 -0.0338452905 0.9985213876 0.0425392762 0.9566892982 0.0200548545 0.2904193401
159.1 -133.6 2330.1 0 0 0 0 0 0 0 0 0
209.1 -92.6 2559.1 0 0 0 0 0 0 0 0 0
-225.8 -758.5 2468.0 0 0 0 0 0 0 0 0 0
-46.2 -727.0 2617.1 0 0 0 0 0 0 0 0 0
250.9 346.2 2495.5 4 0.5124577880 0.7315279245 -0.4497264624 -0.4359714687 0.6728447676 0.5976694822 0.7398080230 -0.1102124676 0.6637298465
105.7 212.6 2517.4 0.5124577880 0.7315279245 -0.4497264624 -0.4359714687 0.6728447676 0.5976694822 0.7398080230 -0.1102124676 0.6637298465
-35.8 74.6 2538.8 0.5252748728 0.7118438482 -0.4662238061 -0.4238342345 0.6939636469 0.5820472836 0.7378691435 -0.1081331819 0.6662254333
31.9 272.2 2413.6 0.3433359265 0.2880337834 -0.8939558268 0.8646726012 0.2746737301 0.4205895662 0.3666901886 -0.9173825979 -0.1547495723
-52.6 59.3 2323.4 -0.7324513793 0.2880337834 -0.6168885827 0.6803120375 0.2746737301 -0.6795070767 -0.0262779165 -0.9173825979 -0.3971379995
179.6 153.0 2621.1 0.0994998068 0.9930127263 -0.0634469688 -0.8043104410 0.1178043112 0.5824146271 0.5858194828 -0.0069190841 0.8104120493
213.9 -124.3 2823.1 -0.0201190524 0.9930127263 0.1162796319 0.1112330928 0.1178043112 -0.9867873788 -0.9935906529 -0.0069190841 -0.1128259823
-224.2 -23.6 2492.2 0.6245979071 -0.0433450527 -0.7797427177 0.0093294699 0.9988014102 -0.0480490960 0.7808907628 0.0227367785 0.6242536306
-206.9 -420.6 2483.2 0.6220586300 0.0571239479 -0.7808840275 -0.0663674697 0.9975926280 0.0201079417 0.7801527977 0.0393169783 0.6243522763
-128.9 -100.2 2628.5 0.2985729277 -0.2442443669 -0.9226044416 0.0536296852 0.9694648385 -0.2392942756 0.9528788328 0.0219678059 0.3025546968
-31.8 -485.6 2619.7 0.2949323356 0.0567951053 -0.9538286924 -0.0276084691 0.9983217120 0.0509076230 0.9551191926 0.0113194464 0.2960053682
154.1 -132.7 2330.8 0 0 0 0 0 0 0 0 0
208.5 -94.4 2556.2 0 0 0 0 0 0 0 0 0
-226.4 -760.8 2469.8 0 0 0 0 0 0 0 0 0
-45.6 -727.9 2617.0 0 0 0 0 0 0 0 0 0
253.7 346.9 2495.6 5 0.5178497434 0.7321791649 -0.4424311519 -0.4486630559 0.6727930307 0.5882610083 0.7283770442 -0.1061282903 0.6769074202
107.5 212.5 2516.8 0.5178497434 0.7321791649 -0.4424311519 -0.4486630559 0.6727930307 0.5882610083 0.7283770442 -0.1061282903 0.6769074202
-33.7 74.2 2538.1 0.5340143442 0.7101039290 -0.4588912129 -0.4333229661 0.6959267855 0.5726404786 0.7259889245 -0.1069501266 0.6793392301
32.4 273.5 2414.7 0.3269695044 0.2897621393 -0.8995158672 0.8750615120 0.2666095495 0.4039637446 0.3568729162 -0.9192155600 -0.1663865000
-49.2 55.2 2325.7 -0.7277042270 0.2897621393 -0.6216787100 0.6852056384 0.2666095495 -0.6777998209 -0.0306552295 -0.9192155600 -0.3925595582
182.6 151.6 2618.9 0.1069378778 0.9927662611 -0.0545842834 -0.8119968176 0.1188840717 0.5714260936 0.5737817287 -0.0167848263 0.8188362718
219.5 -128.5 2816.8 -0.0316826142 0.9927662611 0.1158074513 0.1245567203 0.1188840717 -0.9850645661 -0.9917065501 -0.0167848263 -0.1274222583
-225.5 -24.5 2492.7 0.6332257986 -0.0451516658 -0.7726489305 0.0065321517 0.9985731244 -0.0530006662 0.7739395499 0.0285143293 0.6326171756
-207.5 -421.5 2481.4 0.6308724284 0.0557954721 -0.7738777995 -0.0630582497 0.9977985620 0.0205341596 0.7733199000 0.0358449444 0.6330019832
-129.2 -102.2 2628.0 0.3056289852 -0.2359189242 -0.9224603772 0.0566400588 0.9716067314 -0.2297221422 0.9504645467 0.0179615337 0.3103136420
-35.4 -488.4 2620.8 0.3032029271 0.0444131494 -0.9518904686 -0.0160102695 0.9990097284 0.0415119268 0.9527915120 0.0026534863 0.3036137223
156.5 -138.4 2334.4 0 0 0 0 0 0 0 0 0
211.0 -95.0 2550.3 0 0 0 0 0 0 0 0 0
-226.4 -758.9 2469.3 0 0 0 0 0 0 0 0 0
-46.1 -728.5 2620.2 0 0 0 0 0 0 0 0 0
253.4 346.8 2495.7 6 0.5187462568 0.7276118994 -0.4488689005 -0.4396829307 0.6773366332 0.5898253918 0.7331992984 -0.1086097062 0.6712843776
108.5 211.9 2517.3 0.5187462568 0.7276118994 -0.4488689005 -0.4396829307 0.6773366332 0.5898253918 0.7331992984 -0.1086097062 0.6712843776
-32.1 73.2 2539.5 0.5345032811 0.7072560191 -0.4627042413 -0.4245788455 0.6980741024 0.5765634179 0.7307797670 -0.1117205843 0.6734088063
33.3 271.7 2414.5 0.3191983700 0.2870026529 -0.9031842947 0.8823429346 0.2577588558 0.3937401474 0.3458082378 -0.9225994945 -0.1709585488
-46.2 51.8 2328.4 -0.7258178592 0.2870026529 -0.6251542568 0.6870542169 0.2577588558 -0.6793503165 -0.0338362865 -0.9225994945 -0.3842723966
183.7 152.2 2620.1 0.1095069945 0.9922460318 -0.0587884970 -0.8063902259 0.1232641265 0.5783950090 0.5811566710 -0.0159318298 0.8136357665
221.5 -126.0 2820.7 -0.0303103197 0.9922460318 0.1205369383 0.1156684384 0.1232641265 -0.9856098294 -0.9928253293 -0.0159318298 -0.1185077205
-223.8 -24.4 2492.8 0.6319720149 -0.0468199588 -0.7735756636 0.0103869541 0.9985954762 -0.0519534647 0.7749215961 0.0247980393 0.6315706968
-205.2 -421.5 2482.9 0.6288731098 0.0636638999 -0.7748970985 -0.0713095143 0.9971641898 0.0240531638 0.7742309570 0.0401311442 0.6316295862
-125.9 -103.9 2625.9 0.3060298860 -0.2287333757 -0.9241356850 0.0560166053 0.9733529091 -0.2223651111 0.9503724575 0.0162834246 0.3106879294
-34.9 -490.9 2619.4 0.3036850393 0.0461252816 -0.9516553283 -0.0085108373 0.9989189506 0.0457001626 0.9527344704 -0.0057790731 0.3037493229
159.4 -142.8 2338.0 0 0 0 0 0 0 0 0 0
213.4 -94.9 2553.8 0 0 0 0 0 0 0 0 0
-226.6 -756.1 2469.4 0 0 0 0 0 0 0 0 0
-46.0 -731.4 2620.8 0 0 0 0 0 0 0 0 0
253.1 347.6 2495.7 7 0.4968559146 0.7213168144 -0.4825310707 -0.4010015428 0.6839233637 0.6094642282 0.7696310282 -0.1093202010 0.6290605068
108.8 210.8 2517.6 0.4968559146 0.7213168144 -0.4825310707 -0.4010015428 0.6839233637 0.6094642282 0.7696310282 -0.1093202010 0.6290605068
-30.3 70.7 2540.5 0.5133981705 0.6998955011 -0.4965567589 -0.3848355114 0.7049642801 0.5957575440 0.7670227885 -0.1147681549 0.6312720180
36.7 264.9 2409.8 0.3307094872 0.2736894190 -0.9031751752 0.8839115500 0.2454816103 0.3980441988 0.3306533694 -0.9299639463 -0.1607341319
-43.9 49.3 2329.2 -0.7251121998 0.2736894190 -0.6319069862 0.6878952980 0.2454816103 -0.6830365062 -0.0318183079 -0.9299639463 -0.3662713468
181.0 156.8 2625.4 0.0996243060 0.9901712537 -0.0981625468 -0.7798924446 0.1389698684 0.6102910042 0.6179342270 0.0157564133 0.7860718966
215.3 -112.1 2838.4 0.0054197665 0.9901712537 0.1397551894 0.0744475052 0.1389698684 -0.9874942899 -0.9972102046 0.0157564133 -0.0729625896
-221.7 -26.7 2494.7 0.6052710414 -0.0323627219 -0.7953613400 -0.0085771959 0.9988500476 -0.0471698008 0.7959732413 0.0353724845 0.6042973995
-208.9 -423.8 2480.7 0.6035742164 0.0488995276 -0.7958059311 -0.0589229725 0.9981238246 0.0166414883 0.7951265574 0.0368468761 0.6053230762
-123.7 -104.5 2628.8 0.2834423482 -0.2238515168 -0.9324971437 0.0419349484 0.9743379951 -0.2211491019 0.9580719471 0.0235788003 0.2855558395
-34.7 -491.9 2619.4 0.2814948857 0.0444001630 -0.9585349560 -0.0106853405 0.9990119934 0.0431371108 0.9595032334 -0.0019006035 0.2816911936
161.2 -145.3 2338.2 0 0 0 0 0 0 0 0 0
216.7 -92.1 2570.6 0 0 0 0 0 0 0 0 0
-225.0 -753.1 2468.5 0 0 0 0 0 0 0 0 0
-45.3 -731.6 2619.9 0 0 0 0 0 0 0 0 0
259.8 348.4 2486.8 8 0.5163820982 0.7281348109 -0.4507429898 -0.4095781744 0.6722384095 0.6167181134 0.7520607114 -0.1338476837 0.6453599930
114.3 214.1 2513.5 0.5163820982 0.7281348109 -0.4507429898 -0.4095781744 0.6722384095 0.6167181134 0.7520607114 -0.1338476837 0.6453599930
-25.8 75.6 2539.9 0.5313326120 0.7051603198 -0.4695046544 -0.3953005672 0.6965450048 0.5988008976 0.7492817640 -0.1325669736 0.6488473415
39.6 269.7 2408.2 0.3237389326 0.2501190901 -0.9124875665 0.8952352405 0.2311193943 0.3809694350 0.3061812818 -0.9402256608 -0.1490930617
-41.6 45.0 2331.3 -0.7253818512 0.2501190901 -0.6412968040 0.6879329085 0.2311193943 -0.6879913807 -0.0238636341 -0.9402256608 -0.3397149444
188.9 158.5 2618.8 0.1084828302 0.9918738008 -0.0664672703 -0.7842788696 0.1264794320 0.6073793173 0.6108503938 -0.0137613574 0.7916264534
226.4 -112.0 2829.5 -0.0239699632 0.9918738008 0.1249474436 0.0795496851 0.1264794320 -0.9887744188 -0.9965426922 -0.0137613574 -0.0819349512
-216.5 -34.1 2493.1 0.6288152933 -0.0182987209 -0.7773393393 -0.0160841867 0.9992030263 -0.0365324616 0.7773883343 0.0354750417 0.6280198097
-209.2 -431.4 2479.0 0.6273764372 0.0487262905 -0.7771902084 -0.0557197630 0.9982911348 0.0176092777 0.7767201066 0.0322572067 0.6290193200
-122.4 -104.7 2633.6 0.3091978729 -0.2148817927 -0.9264029860 0.0498974249 0.9764618278 -0.2098392397 0.9496877789 0.0186567232 0.3126419783
-37.0 -492.9 2626.2 0.3067125678 0.0408356525 -0.9509257674 -0.0445756912 0.9985992312 0.0285054054 0.9507578015 0.0336452089 0.3081032336
162.6 -148.6 2338.1 0 0 0 0 0 0 0 0 0
219.9 -90.7 2561.8 0 0 0 0 0 0 0 0 0
-225.0 -756.3 2468.5 0 0 0 0 0 0 0 0 0
-46.6 -728.1 2618.3 0 0 0 0 0 0 0 0 0
265.5 349.1 2492.3 9 0.5117226243 0.7374215126 -0.4408508837 -0.4505351484 0.6672366858 0.5931385159 0.7315449715 -0.1049035490 0.6736744046
119.0 216.4 2513.1 0.5117226243 0.7374215126 -0.4408508837 -0.4505351484 0.6672366858 0.5931385159 0.7315449715 -0.1049035490 0.6736744046
-23.8 79.9 2534.6 0.5267503858 0.7184162736 -0.4543260336 -0.4365535080 0.6872576475 0.5806013942 0.7293525338 -0.1074943691 0.6756403446
45.0 277.8 2410.7 0.3239184022 0.2404723018 -0.9150136113 0.8959612846 0.2326566726 0.3783176839 0.3038589358 -0.9423608184 -0.1400920898
-39.7 43.6 2331.2 -0.7228011489 0.2404723018 -0.6478669643 0.6909169555 0.2326566726 -0.6844739914 -0.0138664693 -0.9423608184 -0.3343108892
193.0 155.1 2615.6 0.0955418870 0.9941209555 -0.0509443805 -0.8108485341 0.1074105501 0.5753152370 0.5774048567 -0.0136585245 0.8163437247
225.9 -124.4 2814.6 -0.0267224144 0.9941209555 0.1049261391 0.1211454496 0.1074105501 -0.9868063331 -0.9922749996 -0.0136585245 -0.1233034953
-214.6 -26.6 2497.7 0.6318396926 -0.0099658249 -0.7750350237 -0.0261947569 0.9990715981 -0.0342016295 0.7746563554 0.0419118032 0.6309920549
-210.7 -423.8 2481.0 0.6308346987 0.0424984135 -0.7747525573 -0.0567700826 0.9983507395 0.0085392259 0.7738376856 0.0385959260 0.6322069168
-117.3 -99.1 2635.0 0.3068823516 -0.2017949969 -0.9301086068 0.0421637334 0.9791871905 -0.1985314041 0.9508130550 0.0217089299 0.3090036809
-37.1 -488.4 2626.3 0.3049767315 0.0351666659 -0.9517102838 -0.0451913029 0.9987266660 0.0224223621 0.9512869716 0.0361707322 0.3061776161
163.2 -150.3 2335.1 0 0 0 0 0 0 0 0 0
218.7 -91.9 2548.2 0 0 0 0 0 0 0 0 0
-224.8 -755.9 2468.1 0 0 0 0 0 0 0 0 0
-45.6 -729.8 2617.6 0 0 0 0 0 0 0 0 0
264.6 343.6 2486.5 0 0.5194541216 0.7464428544 -0.4159212410 -0.4567272067 0.6539178491 0.6031514406 0.7221964002 -0.1233469546 0.6806011200
116.7 213.9 2511.0 0.5194541216 0.7464428544 -0.4159212410 -0.4567272067 0.6539178491 0.6031514406 0.7221964002 -0.1233469546 0.6806011200
-28.1 79.9 2534.6 0.5308592916 0.7284387350 -0.4330882132 -0.4464525878 0.6747629642 0.5876861811 0.7203252912 -0.1186253354 0.6834175587
42.1 276.7 2409.7 0.3121923804 0.2343102992 -0.9206707478 0.9011942744 0.2336403430 0.3650494218 0.3006406724 -0.9436688423 -0.1382183731
-38.8 43.3 2331.8 -0.7208387256 0.2343102992 -0.6522961259 0.6930634975 0.2336403430 -0.6819642186 -0.0073885568 -0.9436688423 -0.3308089077
191.3 151.2 2612.3 0.0910084024 0.9954704642 -0.0274950340 -0.8129613996 0.0902124792 0.5752872825 0.5751618743 -0.0300035737 0.8174892068
222.7 -129.2 2810.6 -0.0410055444 0.9954704642 0.0857732594 0.1226919517 0.0902124792 -0.9883361459 -0.9915972948 -0.0300035737 -0.1258354336
-214.9 -16.6 2489.2 0.6437280774 -0.0128073581 -0.7651471496 -0.0046233232 0.9997766018 -0.0206243470 0.7652403712 0.0168139935 0.6435250640
-209.8 -413.9 2482.5 0.6424082518 0.0417207591 -0.7652261257 -0.0592401549 0.9982327223 0.0046922895 0.7640695572 0.0423177481 0.6437444687
-118.4 -96.6 2622.8 0.3142430782 -0.2032936066 -0.9273203015 0.0800836682 0.9789975286 -0.1874845177 0.9459587336 -0.0153475013 0.3239237070
-37.6 -485.5 2628.9 0.3123188913 0.0355366953 -0.9493123889 -0.0571407825 0.9981934428 0.0185674932 0.9482572675 0.0484454744 0.3137852848
163.4 -151.1 2333.9 0 0 0 0 0 0 0 0 0
211.7 -96.3 2544.2 0 0 0 0 0 0 0 0 0
-224.2 -758.0 2467.9 0 0 0 0 0 0 0 0 0
-46.4 -731.6 2617.0 0 0 0 0 0 0 0 0 0
260.5 344.0 2491.2 1 0.5145319700 0.7383437157 -0.4360107780 -0.4471464753 0.6649110317 0.5982919931 0.7316535711 -0.1128796712 0.6722657681
114.6 212.6 2513.5 0.5145319700 0.7383437157 -0.4360107780 -0.4471464753 0.6649110317 0.5982919931 0.7316535711 -0.1128796712 0.6722657681
-28.7 76.7 2536.0 0.5274104476 0.7209084034 -0.4495879114 -0.4352443218 0.6837149858 0.5857441425 0.7296578884 -0.1132469997 0.6743696928
40.4 273.8 2410.8 0.3018851578 0.2303794771 -0.9250895381 0.9060122371 0.2326258272 0.3535915911 0.2966599464 -0.9448865056 -0.1385003477
-36.5 43.0 2335.3 -0.7170246243 0.2303794771 -0.6578760743 0.6970403790 0.2326258272 -0.6782476902 -0.0032153756 -0.9448865056 -0.3273822367
188.7 151.3 2616.1 0.0944431201 0.9944856167 -0.0455947556 -0.8083747029 0.1033386737 0.5795269608 0.5810428858 -0.0178746879 0.8136766553
221.3 -127.6 2816.6 -0.0299428962 0.9944856167 0.1005077511 0.1164399534 0.1033386737 -0.9878070951 -0.9927462935 -0.0178746879 -0.1188921183
-221.5 -13.2 2492.2 0.6340163946 -0.0335132740 -0.7725930810 0.0021653438 0.9991335273 -0.0415631123 0.7733165622 0.0246787649 0.6335396171
-208.2 -410.3 2482.4 0.6324744821 0.0443668254 -0.7733094692 -0.0615951195 0.9980774522 0.0068849372 0.7721282244 0.0432775430 0.6339913607
-124.2 -95.1 2624.3 0.2991248071 -0.2280115634 -0.9265716672 0.0976815447 0.9732469916 -0.2079629600 0.9492010474 -0.0283020698 0.3133948445
-33.6 -481.8 2635.5 0.2952544093 0.0482614711 -0.9541989565 -0.0819396749 0.9963227510 0.0250377022 0.9518984556 0.0707942620 0.2981232107
163.9 -151.8 2336.2 0 0 0 0 0 0 0 0 0
213.3 -96.3 2549.7 0 0 0 0 0 0 0 0 0
-223.6 -758.6 2467.3 0 0 0 0 0 0 0 0 0
-45.7 -732.4 2617.7 0 0 0 0 0 0 0 0 0
255.8 344.4 2494.0 2 0.5197991133 0.7267947197 -0.4489747286 -0.4426675439 0.6786420941 0.5860804915 0.7306533456 -0.1058975682 0.6744859815
111.5 209.7 2515.0 0.5197991133 0.7267947197 -0.4489747286 -0.4426675439 0.6786420941 0.5860804915 0.7306533456 -0.1058975682 0.6744859815
-29.3 71.2 2536.8 0.5346800089 0.7083386779 -0.4608401060 -0.4284006953 0.6972713470 0.5747047067 0.7284162045 -0.1098588929 0.6762698293
36.3 270.0 2412.5 0.2921123803 0.2493581772 -0.9233043194 0.9037615657 0.2438478172 0.3517858386 0.3128664196 -0.9372079372 -0.1541293710
-37.2 42.5 2333.7 -0.7147044539 0.2493581772 -0.6534661651 0.6993786097 0.2438478172 -0.6718688607 -0.0081897117 -0.9372079372 -0.3486748934
186.7 149.5 2617.5 0.1088873744 0.9924260974 -0.0568679869 -0.8087671399 0.1217080653 0.5753980279 0.5779612660 -0.0166606214 0.8158940673
224.3 -129.6 2816.9 -0.0313394368 0.9924260974 0.1187782362 0.1197086126 0.1217080653 -0.9853207469 -0.9923143387 -0.0166606214 -0.1226162091
-220.3 -19.3 2491.7 0.6335123181 -0.0306916554 -0.7731236219 0.0032621210 0.9993100166 -0.0369978137 0.7737257481 0.0209165495 0.6331753135
-208.1 -416.5 2483.4 0.6317808628 0.0471619852 -0.7737109661 -0.0620748922 0.9980199337 0.0101470342 0.7726575136 0.0416173227 0.6334574819
-123.6 -99.1 2625.5 0.2997441888 -0.2228909284 -0.9276168942 0.0857706144 0.9746832252 -0.2064848244 0.9501562119 -0.0176696368 0.3112731278
-35.1 -486.5 2632.5 0.2965929806 0.0437435098 -0.9540016055 -0.0799728930 0.9965792894 0.0208327509 0.9516496062 0.0701154247 0.2990767360
161.9 -152.4 2336.0 0 0 0 0 0 0 0 0 0
215.9 -97.4 2550.1 0 0 0 0 0 0 0 0 0
-224.3 -757.6 2469.1 0 0 0 0 0 0 0 0 0
-45.7 -728.5 2615.5 0 0 0 0 0 0 0 0 0
260.0 348.4 2494.4 3 0.5147616267 0.7255844474 -0.4566701949 -0.4314818680 0.6795448065 0.5933315158 0.7408399582 -0.1083793864 0.6628801227
115.5 213.1 2516.0 0.5147616267 0.7255844474 -0.4566701949 -0.4314818680 0.6795448065 0.5933315158 0.7408399582 -0.1083793864 0.6628801227
-24.3 73.3 2537.0 0.5289093852 0.7032369971 -0.4750921428 -0.4177920818 0.7030239701 0.5755059123 0.7387182117 -0.1059007421 0.6656428576
41.1 271.8 2412.0 0.2900008261 0.2567695677 -0.9219375849 0.9062331319 0.2359883785 0.3507862091 0.3076377809 -0.9372186661 -0.1642562598
-32.1 43.2 2334.4 -0.6852430105 0.2567695677 -0.6815507412 0.7283014655 0.2359883785 -0.6433400512 -0.0043520974 -0.9372186661 -0.3487150371
189.9 154.3 2619.9 0.1086740047 0.9913916588 -0.0730243772 -0.8033059239 0.1308530718 0.5810137987 0.5855677128 -0.0044801813 0.8106111288
227.4 -122.9 2822.0 -0.0192519613 0.9913916588 0.1295066029 0.1118429750 0.1308530718 -0.9850729108 -0.9935393929 -0.0044801813 -0.1133993641
-219.1 -28.1 2491.9 0.6235822439 -0.0273035783 -0.7812808156 0.0015216805 0.9994304180 -0.0337127596 0.7817562819 0.0198338181 0.6232686043
-208.2 -425.5 2484.0 0.6216161847 0.0499111488 -0.7817302346 -0.0680275336 0.9976372123 0.0096020363 0.7803624868 0.0472104028 0.6235427856
-121.0 -106.7 2625.5 0.2894718349 -0.2189008445 -0.9318199754 0.0820760950 0.9755898118 -0.2036860436 0.9536611438 -0.0175187774 0.3003723025
-34.0 -494.5 2632.5 0.2848247588 0.0519542657 -0.9571706057 -0.0790370777 0.9964029789 0.0305647384 0.9553156495 0.0669463724 0.2879065573
158.4 -159.3 2335.6 0 0 0 0 0 0 0 0 0
222.2 -92.9 2554.8 0 0 0 0 0 0 0 0 0
-224.8 -756.6 2468.3 0 0 0 0 0 0 0 0 0
-46.2 -728.2 2616.8 0 0 0 0 0 0 0 0 0
263.2 350.6 2487.6 4 0.5340025425 0.7220957279 -0.4397943616 -0.4389437437 0.6813516617 0.5857374072 0.7226130962 -0.1197402850 0.6808028817
119.3 214.8 2511.4 0.5340025425 0.7220957279 -0.4397943616 -0.4389437437 0.6813516617 0.5857374072 0.7226130962 -0.1197402850 0.6808028817
-19.5 74.4 2535.0 0.5499619842 0.6983044147 -0.4581624269 -0.4233560860 0.7059574127 0.5677973032 0.7199385166 -0.1183010712 0.6838811636
41.9 274.3 2410.2 0.2946910262 0.2251485735 -0.9286901355 0.9102411270 0.2297030091 0.3445252478 0.2908922732 -0.9468604326 -0.1372480690
-32.6 44.3 2336.7 -0.6892269254 0.2251485735 -0.6886758208 0.7244485021 0.2297030091 -0.6499314904 0.0118597616 -0.9468604326 -0.3214260340
196.6 155.2 2612.7 0.1266109943 0.9905807376 -0.0521480739 -0.8086814284 0.1335209012 0.5728931427 0.5744597912 -0.0303633902 0.8179694414
240.3 -123.8 2810.9 -0.0467321314 0.9905807376 0.1287084818 0.1212237626 0.1335209012 -0.9836040735 -0.9915245175 -0.0303633902 -0.1263216436
-212.5 -28.1 2490.3 0.6446791291 -0.0074140984 -0.7644173503 -0.0020291798 0.9999328256 -0.0114096971 0.7644506097 0.0089067342 0.6446207762
-209.6 -425.6 2486.8 0.6431709528 0.0441022739 -0.7644515038 -0.0729942173 0.9973248243 -0.0038765972 0.7622354627 0.0582938530 0.6446695924
-115.5 -104.8 2625.9 0.3133290708 -0.2023499161 -0.9278358817 0.0825375170 0.9791402817 -0.1856659800 0.9460510015 -0.0184067227 0.3234945536
-35.1 -494.0 2633.2 0.3093946576 0.0495156944 -0.9496436715 -0.0716988817 0.9970154762 0.0286261700 0.9482268691 0.0592316054 0.3120214939
158.9 -157.0 2333.4 0 0 0 0 0 0 0 0 0
227.7 -91.2 2544.4 0 0 0 0 0 0 0 0 0
-224.3 -758.6 2467.3 0 0 0 0 0 0 0 0 0
-46.7 -727.9 2619.3 0 0 0 0 0 0 0 0 0
263.4 351.8 2491.2 5 0.5481141210 0.7125983834 -0.4379206300 -0.4544937313 0.6932848692 0.5592776537 0.7021440864 -0.1075158045 0.7038707137
120.6 212.8 2512.7 0.5481141210 0.7125983834 -0.4379206300 -0.4544937313 0.6932848692 0.5592776537 0.7021440864 -0.1075158045 0.7038707137
-17.8 71.8 2535.1 0.5622230768 0.6958395243 -0.4468921423 -0.4404432774 0.7093179226 0.5503433347 0.6999392509 -0.1125850752 0.7052727342
41.5 274.8 2414.3 0.3022635281 0.2473528832 -0.9205722809 0.9035053253 0.2334811538 0.3593948781 0.3038336337 -0.9403738976 -0.1529118121
-33.9 49.5 2338.5 -0.6682109237 0.2473528832 -0.7016485929 0.7439181805 0.2334811538 -0.6261567473 0.0089400327 -0.9403738976 -0.3400249481
199.6 150.9 2611.2 0.1366479248 0.9898666739 -0.0386174433 -0.8224627972 0.1350946128 0.5525435209 0.5521614552 -0.0437425114 0.8325889111
246.8 -132.8 2801.6 -0.0634936392 0.9898666739 0.1270138472 0.1455479860 0.1350946128 -0.9800843000 -0.9873116612 -0.0437425114 -0.1526507437
-208.7 -27.1 2492.4 0.6574208140 0.0015154956 -0.7535220981 -0.0104035968 0.9999209046 -0.0070657055 0.7534518242 0.0124844816 0.6573846340
-209.3 -424.6 2487.5 0.6561256647 0.0413025506 -0.7535205483 -0.0764754042 0.9969999194 -0.0119423922 0.7507666945 0.0654615015 0.6573159099
-107.9 -104.8 2624.5 0.3279835880 -0.1848790795 -0.9264159203 0.0654469058 0.9827535152 -0.1729515344 0.9424136281 -0.0039057918 0.3344267905
-34.4 -495.4 2626.0 0.3239592016 0.0533346422 -0.9445664883 -0.0522799492 0.9978933334 0.0384152010 0.9446254373 0.0369369313 0.3260650635
151.7 -157.0 2336.1 0 0 0 0 0 0 0 0 0
229.7 -93.7 2536.3 0 0 0 0 0 0 0 0 0
-223.3 -761.3 2465.4 0 0 0 0 0 0 0 0 0
-46.9 -728.9 2617.4 0 0 0 0 0 0 0 0 0
264.4 350.9 2493.5 6 0.5224059820 0.7204613686 -0.4561001956 -0.4360100627 0.6853742003 0.5832301378 0.7327941060 -0.1058186665 0.6721720099
120.3 213.9 2514.6 0.5224059820 0.7204613686 -0.4561001956 -0.4360100627 0.6853742003 0.5832301378 0.7327941060 -0.1058186665 0.6721720099
-19.3 74.2 2537.0 0.5381026268 0.7024721503 -0.4658094049 -0.4206977487 0.7027192712 0.5737586617 0.7303827405 -0.1127760708 0.6736635566
44.7 273.0 2412.0 0.3035619259 0.2383554429 -0.9225165844 0.9074538350 0.2228471041 0.3561835885 0.2904784381 -0.9452649355 -0.1486486644
-29.6 50.9 2340.9 -0.6491939425 0.2383554429 -0.7223114967 0.7604633570 0.2228471041 -0.6099464893 0.0155809708 -0.9452649355 -0.3259315789
196.0 154.8 2617.3 0.1152215675 0.9914397001 -0.0614111908 -0.8055339456 0.1294333041 0.5782405734 0.5812392831 -0.0171569847 0.8135517836
235.7 -122.9 2817.7 -0.0321928076 0.9914397001 0.1265344471 0.1149858162 0.1294333041 -0.9848986268 -0.9928453565 -0.0171569847 -0.1181683242
-207.6 -28.8 2493.3 0.6336169243 0.0015252957 -0.7736454606 -0.0144003201 0.9998480678 -0.0098226164 0.7735128999 0.0173645169 0.6335425973
-208.2 -426.3 2486.4 0.6320156455 0.0452807806 -0.7736315727 -0.0781527311 0.9969262481 -0.0054963501 0.7710047364 0.0639351979 0.6336117983
-104.5 -109.5 2621.6 0.3025878072 -0.1645075083 -0.9388172626 0.0726400763 0.9861077666 -0.1493817121 0.9503494501 -0.0229946692 0.3103340268
-39.1 -501.4 2630.8 0.3008526564 0.0330811664 -0.9530966878 -0.0594845898 0.9981031418 0.0158665124 0.9518136978 0.0519210845 0.3022497892
150.6 -160.2 2336.5 0 0 0 0 0 0 0 0 0
227.1 -92.0 2551.0 0 0 0 0 0 0 0 0 0
-223.5 -761.8 2464.9 0 0 0 0 0 0 0 0 0
-46.6 -726.7 2619.1 0 0 0 0 0 0 0 0 0
265.7 349.6 2494.1 7 0.5254206657 0.7231666446 -0.4482890666 -0.4474759698 0.6829903722 0.5773122311 0.7236700654 -0.1027332023 0.6824569702
121.0 213.0 2514.7 0.5254206657 0.7231666446 -0.4482890666 -0.4474759698 0.6829903722 0.5773122311 0.7236700654 -0.1027332023 0.6824569702
-18.5 72.9 2535.6 0.5418167710 0.7017076612 -0.4626456201 -0.4315088987 0.7045976520 0.5633313656 0.7212729454 -0.1055866629 0.6845559478
44.8 273.6 2413.2 0.2846642733 0.2467357516 -0.9263302684 0.9148314595 0.2188175619 0.3394145370 0.2864430249 -0.9440552592 -0.1634320915
-25.6 47.6 2342.5 -0.6422305703 0.2467357516 -0.7257143855 0.7664488554 0.2188175619 -0.6038833261 0.0097994469 -0.9440552592 -0.3296416700
197.2 152.3 2616.1 0.1185153127 0.9912704229 -0.0577676445 -0.8141089678 0.1303127855 0.5659021139 0.5684898496 -0.0200389102 0.8224461675
238.1 -128.5 2812.2 -0.0371203087 0.9912704229 0.1265111268 0.1300052404 0.1303127855 -0.9829126000 -0.9908182025 -0.0200389102 -0.1337075979
-208.3 -26.9 2492.4 0.6374122500 -0.0037458341 -0.7705138326 -0.0137334522 0.9997740984 -0.0162214581 0.7704005837 0.0209215712 0.6372168064
-206.8 -424.4 2484.1 0.6355718970 0.0508480966 -0.7703653574 -0.0690677017 0.9975726008 0.0088622542 0.7689459920 0.0475747660 0.6375411153
-109.6 -104.0 2626.3 0.3078606427 -0.1682642549 -0.9364341497 0.0547385700 0.9857392907 -0.1591279507 0.9498555064 -0.0022698378 0.3126808703
-42.8 -495.8 2627.2 0.3074876368 0.0183531139 -0.9513750672 -0.0384762175 0.9992361069 0.0068407636 0.9507738352 0.0345018618 0.3079589307
152.7 -165.2 2339.7 0 0 0 0 0 0 0 0 0
228.1 -93.6 2545.9 0 0 0 0 0 0 0 0 0
-224.1 -764.9 2467.9 0 0 0 0 0 0 0 0 0
-47.0 -729.1 2619.2 0 0 0 0 0 0 0 0 0
264.5 348.8 2486.5 8 0.5329787135 0.7249782085 -0.4362800419 -0.4297794700 0.6761085987 0.5984703898 0.7288506627 -0.1314677745 0.6719322205
119.5 213.5 2512.8 0.5329787135 0.7249782085 -0.4362800419 -0.4297794700 0.6761085987 0.5984703898 0.7288506627 -0.1314677745 0.6719322205
-19.9 74.1 2537.8 0.5468395352 0.7014673948 -0.4570668042 -0.4163933992 0.7014806271 0.5783956051 0.7263491750 -0.1259699762 0.6756837368
42.6 272.1 2410.6 0.2736366987 0.2336109430 -0.9330320954 0.9217634797 0.2133835852 0.3237584829 0.2747272551 -0.9486271143 -0.1569444537
-24.3 47.0 2343.5 -0.6403714418 0.2336109430 -0.7316763997 0.7679181695 0.2133835852 -0.6039611697 0.0150357885 -0.9486271143 -0.3160388470
196.5 155.0 2614.9 0.1223100871 0.9911635518 -0.0513326898 -0.8017312288 0.1291569471 0.5835627913 0.5850361586 -0.0302205998 0.8104439378
238.7 -121.6 2816.7 -0.0444393158 0.9911635518 0.1249798015 0.1086664051 0.1291569471 -0.9856520891 -0.9930844903 -0.0302205998 -0.1134458333
-207.7 -27.6 2490.5 0.6430935860 0.0070428909 -0.7657551765 -0.0176062379 0.9998293519 -0.0055902582 0.7655851841 0.0170771275 0.6431078911
-210.5 -425.1 2483.7 0.6418712139 0.0409370400 -0.7657189369 -0.0653106049 0.9978640079 -0.0013992074 0.7640261054 0.0509076789 0.6431738138
-108.3 -106.7 2622.7 0.3180386722 -0.1675836742 -0.9331490397 0.0569466874 0.9858532548 -0.1576400548 0.9463659525 -0.0030041155 0.3230828047
-41.7 -498.6 2623.9 0.3175010979 0.0199129563 -0.9480487704 -0.0289369766 0.9995173216 0.0113030290 0.9478162527 0.0238449425 0.3179240823
153.6 -166.3 2339.3 0 0 0 0 0 0 0 0 0
226.7 -92.4 2549.8 0 0 0 0 0 0 0 0 0
-224.3 -762.0 2466.5 0 0 0 0 0 0 0 0 0
-46.4 -731.4 2618.4 0 0 0 0 0 0 0 0 0
255.3 348.3 2491.1 9 0.5109879375 0.7085866332 -0.4866172373 -0.4060196280 0.6979357600 0.5899438262 0.7576538920 -0.1038780436 0.6443368196
114.5 209.6 2511.8 0.5109879375 0.7085866332 -0.4866172373 -0.4060196280 0.6979357600 0.5899438262 0.7576538920 -0.1038780436 0.6443368196
-22.6 67.4 2534.1 0.5269672275 0.6896219850 -0.4967162907 -0.3898665309 0.7154799104 0.5797349215 0.7551884651 -0.1118482426 0.6458950043
40.4 264.4 2405.6 0.2651866972 0.2269734144 -0.9371014237 0.9272715449 0.2063554078 0.3123858869 0.2642792463 -0.9517880678 -0.1557432711
-22.6 44.1 2342.8 -0.6428506374 0.2269734144 -0.7315914631 0.7658854127 0.2063554078 -0.6089638472 0.0127492594 -0.9517880678 -0.3064913452
188.5 154.7 2617.9 0.1168394759 0.9884133935 -0.0968889296 -0.7877907157 0.1516432315 0.5969841480 0.6047596931 0.0065768845 0.7963808179
228.8 -117.0 2826.5 -0.0071458584 0.9884133935 0.1516174972 0.0897713825 0.1516432315 -0.9843502641 -0.9959367514 0.0065768845 -0.0898148641
