-136.6 388.6 2829.3 3 0.2927695513 0.5367133021 -0.7913436890 -0.4736326635 0.8003436327 0.3675897419 0.8306371570 0.2671871185 0.4885211587
-243.2 229.5 2776.2 0.2927695513 0.5367133021 -0.7913436890 -0.4736326635 0.8003436327 0.3675897419 0.8306371570 0.2671871185 0.4885211587
-346.3 66.6 2728.2 0.3113434613 0.5194034576 -0.7957922220 -0.4451432526 0.8195700645 0.3607663810 0.8395907879 0.2419192791 0.4863767326
-288.6 294.4 2653.8 0.0677958131 0.5517997146 -0.8312164545 0.9799258113 0.1197287440 0.1594063193 0.1874808669 -0.8253375292 -0.5326057076
-307.7 18.6 2601.0 -0.6103721261 0.5517997146 -0.5682982206 0.7323514223 0.1197287440 -0.6703181267 -0.3018397391 -0.8253375292 -0.4771904051
-197.8 164.6 2898.7 -0.6225014329 0.5126474500 -0.5913413167 -0.7028259039 -0.0338001624 0.7105584741 0.3442785442 0.8579336405 0.3813425601
-313.4 34.1 2962.6 0.5696675181 0.5126474500 -0.6423951387 -0.7342198491 -0.0338001624 -0.6780698895 -0.3693238497 0.8579336405 0.3571410775
-477.5 -56.6 2608.3 -0.8979162574 0.0453766882 0.4378211498 -0.0039338116 0.9938050508 -0.1110677645 -0.4401487708 -0.1014518589 -0.8921751976
-495.5 -451.5 2648.6 -0.9031471610 -0.0325196236 0.4280977845 0.0715404004 0.9717873931 0.2247469574 -0.4233287275 0.2336058617 -0.8753405809
-412.9 -137.0 2759.7 -0.6380814314 0.1527542323 0.7546643019 -0.0283759031 0.9747921228 -0.2213033736 -0.7694458365 -0.1626238525 -0.6176621914
-473.6 -524.2 2824.3 -0.6380814314 -0.2505451739 0.7280653715 -0.0283759031 0.9525871277 0.3029398024 -0.7694458365 0.1726407558 -0.6149376035
-140.4 -182.2 2683.8 0 0 0 0 0 0 0 0 0
-165.5 -156.5 2866.7 0 0 0 0 0 0 0 0 0
-483.0 -825.9 2558.6 0 0 0 0 0 0 0 0 0
-397.4 -814.0 2771.8 0 0 0 0 0 0 0 0 0
-141.8 384.5 2813.1 4 0.3412693441 0.5483416915 -0.7634504437 -0.4697701037 0.8029985428 0.3667552471 0.8141567707 0.2334838659 0.5316333175
-250.9 224.8 2766.6 0.3412693441 0.5483416915 -0.7634504437 -0.4697701037 0.8029985428 0.3667552471 0.8141567707 0.2334838659 0.5316333175
-354.2 61.1 2721.9 0.3552859128 0.5206684470 -0.7763223052 -0.4484421015 0.8236341476 0.3471691608 0.8201655746 0.2247912884 0.5261152983
-302.7 290.2 2647.1 0.0213212911 0.5895442367 -0.8074546456 0.9830566645 0.1347076446 0.1243118122 0.1820576191 -0.7964241505 -0.5766832232
-308.7 13.1 2595.7 -0.6138107181 0.5895442367 -0.5250467062 0.7156336904 0.1347076446 -0.6853628755 -0.3333238959 -0.7964241505 -0.5045827031
-199.1 159.4 2886.2 -0.5974612832 0.5525588393 -0.5811357498 -0.7132407427 -0.0349487774 0.7000472546 0.3665072918 0.8327408433 0.4149880111
-310.0 27.0 2954.2 0.5600250959 0.5525588393 -0.6172930002 -0.7244072556 -0.0349487774 -0.6884858608 -0.4020025432 0.8327408433 0.3807054162
-477.9 -55.4 2603.2 -0.9169014692 0.0505049340 0.3959051967 0.0008791450 0.9922143221 -0.1245389804 -0.3991126418 -0.1138419211 -0.9098072052
-498.0 -449.7 2648.4 -0.9204570651 -0.0382835530 0.3889642358 0.0550732091 0.9725575447 0.2260503024 -0.3869441152 0.2294911146 -0.8930890560
-420.9 -137.0 2756.9 -0.6750643849 0.1215416342 0.7276782990 -0.0458732657 0.9775125980 -0.2058270574 -0.7363312244 -0.1723275036 -0.6543084383
-469.2 -525.1 2825.4 -0.6786547303 -0.2377209216 0.6949219704 -0.0317547247 0.9547827840 0.2956034839 -0.7337706685 0.1785456389 -0.6555166245
-140.6 -182.9 2687.0 0 0 0 0 0 0 0 0 0
-164.6 -161.0 2849.8 0 0 0 0 0 0 0 0 0
-483.1 -827.9 2559.2 0 0 0 0 0 0 0 0 0
-398.1 -810.7 2771.9 0 0 0 0 0 0 0 0 0
-148.5 380.6 2805.9 5 0.3696820140 0.5270026326 -0.7652472854 -0.4489167631 0.8223928809 0.3494906425 0.8135164380 0.2143319398 0.5406041741
-253.0 217.6 2763.4 0.3696820140 0.5270026326 -0.7652472854 -0.4489167631 0.8223928809 0.3494906425 0.8135164380 0.2143319398 0.5406041741
-353.9 51.4 2723.2 0.3815443516 0.5084470510 -0.7719491720 -0.4299073219 0.8369154930 0.3387508988 0.8182930946 0.2026181072 0.5379055142
-308.6 280.4 2644.1 0.0394146182 0.5769197345 -0.8158493042 0.9802852869 0.1358820945 0.1434463859 0.1936163753 -0.8054189086 -0.5601902008
-319.1 20.3 2592.7 -0.6015980840 0.5769197345 -0.5524883270 0.7376686335 0.1358820945 -0.6613478661 -0.3064713776 -0.8054189086 -0.5073220134
-197.3 154.9 2882.8 -0.5751066804 0.5707009435 -0.5861337781 -0.7196574807 -0.0122184008 0.6942217350 0.3890313506 0.8210670948 0.4177360833
-304.1 21.3 2955.0 0.5663341880 0.5707009435 -0.5946142077 -0.7181799412 -0.0122184008 -0.6957501173 -0.4043304920 0.8210670948 0.4029462934
-490.1 -61.5 2602.2 -0.9250055552 0.0160707738 0.3796136081 -0.0257965736 0.9941433668 -0.1049451977 -0.3790769279 -0.1068676189 -0.9191735387
-496.4 -456.3 2644.6 -0.9305492640 -0.0351176634 0.3644788563 0.0500399321 0.9738556147 0.2215880454 -0.3627314270 0.2244370878 -0.9044633508
-425.0 -143.6 2752.3 -0.6866577864 0.1098985448 0.7186260223 -0.0439596325 0.9804219007 -0.1919387281 -0.7256504893 -0.1633867621 -0.6683832407
-468.7 -533.1 2817.2 -0.6843209863 -0.2430550456 0.6874802113 -0.0532907397 0.9569607377 0.2852826416 -0.7272309661 0.1585885733 -0.6678209305
-154.8 -181.1 2676.4 0 0 0 0 0 0 0 0 0
-157.0 -165.2 2850.0 0 0 0 0 0 0 0 0 0
-483.0 -828.2 2558.9 0 0 0 0 0 0 0 0 0
-398.3 -810.4 2771.3 0 0 0 0 0 0 0 0 0
-153.6 377.5 2801.8 6 0.3937996030 0.5022367835 -0.7698571682 -0.4207010269 0.8431415558 0.3348475993 0.8172714114 0.1920168549 0.5433203578
-253.1 210.5 2763.8 0.3937996030 0.5022367835 -0.7698571682 -0.4207010269 0.8431415558 0.3348475993 0.8172714114 0.1920168549 0.5433203578
-349.3 40.4 2729.1 0.4069453478 0.4851256311 -0.7739822865 -0.3980678618 0.8568109274 0.3277453184 0.8221541643 0.1747230440 0.5417881608
-312.4 268.5 2643.9 0.0602170378 0.5878856778 -0.8066996336 0.9789093733 0.1232758611 0.1629096270 0.1952188313 -0.7994957566 -0.5680634975
-327.4 24.8 2595.3 -0.5512426496 0.5878856778 -0.5920490026 0.7843794227 0.1232758611 -0.6079078913 -0.2843950093 -0.7994957566 -0.5290803313
-193.8 152.4 2883.7 -0.5467202663 0.5831691027 -0.6008417010 -0.7270542383 0.0252937917 0.6861139536 0.4153180420 0.8119568825 0.4101669490
-295.2 17.5 2960.8 0.5825594664 0.5831691027 -0.5661609769 -0.7096250653 0.0252937917 -0.7041253448 -0.3963037729 0.8119568825 0.4285665751
-489.7 -75.5 2607.9 -0.9293044806 0.0172466282 0.3689115047 -0.0122944303 0.9969106317 -0.0775758326 -0.3691097200 -0.0766271278 -0.9262214899
-496.6 -471.4 2638.4 -0.9328690171 -0.0389288627 0.3581060171 0.0415647626 0.9758697152 0.2143610418 -0.3578096628 0.2148553580 -0.9087405801
-419.8 -154.3 2757.8 -0.6895638704 0.1189628169 0.7143875360 -0.0207072832 0.9827747941 -0.1836435348 -0.7239288092 -0.1414269656 -0.6752225757
-467.1 -544.6 2814.0 -0.6814260483 -0.2489040196 0.6882625222 -0.0534948222 0.9548177123 0.2923378646 -0.7299293280 0.1623881459 -0.6639527082
-177.5 -188.6 2672.6 0 0 0 0 0 0 0 0 0
-143.9 -166.8 2857.9 0 0 0 0 0 0 0 0 0
-482.3 -828.5 2559.7 0 0 0 0 0 0 0 0 0
-397.3 -812.4 2768.5 0 0 0 0 0 0 0 0 0
-139.8 382.8 2810.3 7 0.3996115923 0.5346029401 -0.7446544170 -0.4492405951 0.8223088980 0.3492720723 0.7990578413 0.1949558258 0.5687695146
-246.4 218.9 2771.4 0.3996115923 0.5346029401 -0.7446544170 -0.4492405951 0.8223088980 0.3492720723 0.7990578413 0.1949558258 0.5687695146
-344.0 50.0 2734.2 0.4178815484 0.4916517735 -0.7639722228 -0.4194633365 0.8503304720 0.3177870810 0.8058694005 0.1876609623 0.5615673065
-307.4 280.1 2653.8 0.1209740266 0.5741060376 -0.8097947240 0.9656379819 0.1209727973 0.2300191969 0.2300185412 -0.8097949028 -0.5397440791
-339.8 21.1 2592.1 -0.5420503616 0.5741060376 -0.6136641502 0.7974140048 0.1209727973 -0.5911822319 -0.2651646435 -0.8097949028 -0.5233735442
-185.4 157.7 2889.0 -0.5435871482 0.5956252813 -0.5913911462 -0.7345627546 0.0033230972 0.6785326004 0.4061164558 0.8032555580 0.4357177615
-286.3 21.3 2964.4 0.5732440352 0.5956252813 -0.5626915097 -0.7022602558 0.0033230972 -0.7119125724 -0.4221632779 0.8032555580 0.4201889038
-482.8 -93.3 2619.1 -0.9346235991 0.0338736586 0.3540216386 0.0135196596 0.9981182218 -0.0598102510 -0.3553814292 -0.0511138178 -0.9333227873
-496.3 -489.6 2639.4 -0.9364144206 -0.0343013108 0.3492155075 0.0478589088 0.9734256864 0.2239463925 -0.3476170003 0.2264197022 -0.9098882079
-408.3 -166.2 2769.7 -0.6978157163 0.1476138830 0.7009018064 0.0216647442 0.9824361205 -0.1853372455 -0.7159496546 -0.1141463816 -0.6887573600
-466.9 -556.2 2815.0 -0.6779978275 -0.2588257194 0.6879885197 -0.0608142056 0.9524997473 0.2984054685 -0.7325439453 0.1604787707 -0.6615330577
-194.3 -192.9 2663.3 0 0 0 0 0 0 0 0 0
-137.5 -161.1 2854.8 0 0 0 0 0 0 0 0 0
-484.4 -827.3 2560.8 0 0 0 0 0 0 0 0 0
-396.6 -814.8 2771.4 0 0 0 0 0 0 0 0 0
-140.4 381.5 2804.5 8 0.4847286344 0.5353748202 -0.6916732788 -0.4848710001 0.8226335645 0.2969413996 0.7279685736 0.1914363205 0.6583417654
-248.0 216.1 2766.1 0.4847286344 0.5353748202 -0.6916732788 -0.4848710001 0.8226335645 0.2969413996 0.7279685736 0.1914363205 0.6583417654
-346.0 47.2 2729.7 0.5051175356 0.4939614534 -0.7077134848 -0.4517391026 0.8500340581 0.2708761692 0.7353829145 0.1828775555 0.6525087953
-321.2 281.6 2659.4 0.0930853337 0.5764299631 -0.8118273616 0.9642728567 0.1509154439 0.2177209854 0.2480181754 -0.8030896783 -0.5417877436
-347.0 14.3 2590.7 -0.5526146293 0.5764299631 -0.6019514799 0.7959734797 0.1509154439 -0.5862173438 -0.2470694631 -0.8030896783 -0.5422210097
-174.7 150.6 2872.7 -0.4870216548 0.6740534902 -0.5553933382 -0.7681341171 -0.0279267002 0.6396796703 0.4156680405 0.7381544113 0.5313643813
-265.0 8.2 2949.7 0.5367584229 0.6740534902 -0.5074862242 -0.6680068970 -0.0279267002 -0.7436308861 -0.5154194236 0.7381544113 0.4352824986
-479.9 -80.4 2623.1 -0.9653223157 0.0532807857 0.2555660009 0.0376321077 0.9971269965 -0.0657387748 -0.2583343685 -0.0538416207 -0.9645540118
-501.1 -476.5 2644.5 -0.9645799398 -0.0459936969 0.2597500384 0.0176444799 0.9712280035 0.2374970913 -0.2631998658 0.2336680889 -0.9360155463
-403.4 -157.3 2770.7 -0.6277304292 0.1782376170 0.7577505112 -0.0085268980 0.9718005657 -0.2356501222 -0.7783840895 -0.1543860137 -0.6085089445
-474.1 -542.8 2832.0 -0.6277304292 -0.2733738422 0.7288492918 -0.0085268980 0.9386644363 0.3447265327 -0.7783840895 0.2101805210 -0.5915592313
-200.1 -197.4 2656.4 0 0 0 0 0 0 0 0 0
-126.3 -164.4 2816.6 0 0 0 0 0 0 0 0 0
-484.5 -826.5 2560.3 0 0 0 0 0 0 0 0 0
-395.0 -814.2 2771.2 0 0 0 0 0 0 0 0 0
-146.1 379.3 2800.6 9 0.4526210129 0.5247336030 -0.7209638357 -0.4484680295 0.8327845335 0.3245710135 0.7707208395 0.1764215976 0.6122620106
-251.4 212.1 2765.2 0.4526210129 0.5247336030 -0.7209638357 -0.4484680295 0.8327845335 0.3245710135 0.7707208395 0.1764215976 0.6122620106
-349.0 42.1 2733.4 0.4719601274 0.4909803867 -0.7322512865 -0.4163088799 0.8562549949 0.3058010936 0.7771361470 0.1605167836 0.6085177064
-320.0 272.6 2652.3 0.1187237650 0.5344241261 -0.8368366361 0.9678677917 0.1258637011 0.2176930308 0.2216677517 -0.8357925415 -0.5023088455
-352.6 6.8 2591.5 -0.5676708817 0.5344241261 -0.6262113452 0.7860779762 0.1258637011 -0.6051774621 -0.2446041405 -0.8357925415 -0.4915481806
-182.8 151.7 2878.1 -0.5086546540 0.6427402496 -0.5728484988 -0.7437793612 0.0070914240 0.6683875918 0.4336619079 0.7660513520 0.4744498730
-277.2 13.8 2958.6 0.5545138717 0.6427402496 -0.5285823345 -0.6942564249 0.0070914240 -0.7196927667 -0.4588271379 0.7660513520 0.4501588643
-490.1 -80.5 2626.5 -0.9542621374 0.0254196897 0.2978885472 0.0154208764 0.9992375374 -0.0358682796 -0.2985731959 -0.0296340380 -0.9539265633
-500.2 -477.3 2638.3 -0.9545504451 -0.0473221652 0.2942686677 0.0210303590 0.9741604328 0.2248758525 -0.2973065078 0.2208439261 -0.9288901091
-398.1 -162.8 2760.4 -0.5656136870 0.2132912725 0.7966102958 -0.0140074538 0.9633501172 -0.2678812742 -0.8245513439 -0.1626757979 -0.5418963432
-482.8 -545.1 2824.9 -0.5656136870 -0.3046937287 0.7663177252 -0.0140074538 0.9326568842 0.3604926169 -0.8245513439 0.1931653917 -0.5317915082
-202.1 -201.6 2656.3 0 0 0 0 0 0 0 0 0
-133.8 -165.7 2839.9 0 0 0 0 0 0 0 0 0
-483.3 -825.5 2559.3 0 0 0 0 0 0 0 0 0
-396.6 -808.8 2770.3 0 0 0 0 0 0 0 0 0
-137.6 384.4 2808.2 0 0.4339048564 0.5324764848 -0.7267705202 -0.4544923604 0.8258678317 0.3337349892 0.7779223919 0.1855024099 0.6003545523
-245.0 217.9 2770.8 0.4339048564 0.5324764848 -0.7267705202 -0.4544923604 0.8258678317 0.3337349892 0.7779223919 0.1855024099 0.6003545523
-345.4 49.9 2736.8 0.4504052401 0.5054042339 -0.7360038757 -0.4279174805 0.8457022905 0.3188641071 0.7835953832 0.1713308394 0.5971800089
-310.5 280.2 2656.7 0.1451486796 0.5236981511 -0.8394474983 0.9621127248 0.1232104525 0.2432248294 0.2308050990 -0.8429468870 -0.4859728217
-352.2 4.2 2590.5 -0.5692679286 0.5236981511 -0.6337777972 0.7867457867 0.1232104525 -0.6048555970 -0.2386737168 -0.8429468870 -0.4821570814
-179.4 155.6 2884.9 -0.5303472877 0.6303675771 -0.5668936968 -0.7342045307 -0.0071778554 0.6788904071 0.4238814116 0.7762635946 0.4666255116
-277.8 19.4 2963.6 0.5484037399 0.6303675771 -0.5494452119 -0.7036294937 -0.0071778554 -0.7105307579 -0.4518394172 0.7762635946 0.4396088719
-489.7 -90.0 2630.7 -0.9491537213 0.0344957002 0.3129173219 0.0225934666 0.9988795519 -0.0415840633 -0.3140011728 -0.0323997810 -0.9488695860
-503.4 -486.8 2643.6 -0.9491202235 -0.0558792651 0.3099165559 0.0220092218 0.9699541926 0.2422901243 -0.3141438663 0.2367834896 -0.9193732738
-403.6 -165.9 2772.4 -0.5305402279 0.1844245344 0.8273540139 -0.0027510356 0.9756651521 -0.2192485034 -0.8476552963 -0.1185962260 -0.5171222687
-476.7 -552.7 2819.5 -0.5305402279 -0.2944957614 0.7948580384 -0.0027510356 0.9383020997 0.3458057344 -0.8476552963 0.1812771708 -0.4986171722
-202.8 -202.2 2653.1 0 0 0 0 0 0 0 0 0
-135.6 -163.0 2846.5 0 0 0 0 0 0 0 0 0
-483.8 -826.3 2560.7 0 0 0 0 0 0 0 0 0
-398.0 -803.6 2771.0 0 0 0 0 0 0 0 0 0
-136.8 391.0 2812.5 1 0.4369693398 0.5242023468 -0.7309375405 -0.4626493752 0.8278750181 0.3171412349 0.7713711262 0.1995867938 0.6042778492
-242.3 224.3 2772.3 0.4369693398 0.5242023468 -0.7309375405 -0.4626493752 0.8278750181 0.3171412349 0.7713711262 0.1995867938 0.6042778492
-345.1 58.3 2736.2 0.4475630820 0.5175777674 -0.7292465568 -0.4457287788 0.8360782266 0.3198421597 0.7752503753 0.1818966269 0.6048970819
-307.5 289.3 2659.2 0.1467667073 0.5098419189 -0.8476560712 0.9630500078 0.1219814867 0.2401150167 0.2258190364 -0.8515760303 -0.4731004238
-351.2 2.6 2592.0 -0.5688331723 0.5098419189 -0.6453604102 0.7904074192 0.1219814867 -0.6003137231 -0.2273430824 -0.8515760303 -0.4723699391
-177.0 159.3 2885.4 -0.5077352524 0.6171321869 -0.6011262536 -0.7934979796 -0.0632596314 0.6052761078 0.3355083466 0.7843124866 0.5218122602
-272.4 10.3 2948.4 0.5458094478 0.6171321869 -0.5667803288 -0.6835600138 -0.0632596314 -0.7271478176 -0.4846006036 0.7843124866 0.3873191774
-487.0 -78.9 2631.1 -0.9503543377 0.0543197319 0.3063918948 0.0327619389 0.9966397285 -0.0750729814 -0.3094402552 -0.0613079406 -0.9489405155
-508.5 -474.7 2655.4 -0.9495480657 -0.0670174286 0.3063773811 0.0199886151 0.9619832635 0.2723758519 -0.3129838407 0.2647580206 -0.9121097922
-404.6 -157.1 2774.4 -0.5821287036 0.1904521286 0.7904771566 -0.0044339881 0.9714230299 -0.2373133004 -0.8130845428 -0.1416518539 -0.5646487474
-480.2 -542.7 2830.6 -0.5821287036 -0.2910796404 0.7592093349 -0.0044339881 0.9348483682 0.3550195694 -0.8130845428 0.2033007443 -0.5454927087
-203.5 -202.7 2651.1 0 0 0 0 0 0 0 0 0
-130.9 -167.0 2822.7 0 0 0 0 0 0 0 0 0
-484.1 -825.3 2558.9 0 0 0 0 0 0 0 0 0
-399.2 -803.0 2774.0 0 0 0 0 0 0 0 0 0
-138.2 389.8 2808.1 2 0.4434678853 0.5291923881 -0.7233889699 -0.4644377530 0.8259611130 0.3195087612 0.7665727735 0.1942772865 0.6120641232
-244.5 224.0 2769.1 0.4434678853 0.5291923881 -0.7233889699 -0.4644377530 0.8259611130 0.3195087612 0.7665727735 0.1942772865 0.6120641232
-346.3 57.2 2733.4 0.4566359520 0.5121963620 -0.7274190784 -0.4433735311 0.8398880959 0.3130621016 0.7712998986 0.1795629412 0.6106173992
-311.1 288.7 2656.5 0.1382612735 0.5343353152 -0.8338882327 0.9659858346 0.1130247787 0.2325869948 0.2185294777 -0.8376820087 -0.5005334020
-351.7 5.4 2592.4 -0.5540139079 0.5343353152 -0.6383998990 0.7953058481 0.1130247787 -0.5955787301 -0.2460837215 -0.8376820087 -0.4875772893
-177.8 159.3 2881.7 -0.4711084664 0.6242656112 -0.6231767535 -0.8310857415 -0.0774186105 0.5507293940 0.2955559790 0.7773665786 0.5552908182
-267.0 2.0 2937.7 0.5445931554 0.6242656112 -0.5600988865 -0.6703050137 -0.0774186105 -0.7380362749 -0.5040927529 0.7773665786 0.3762867451
-488.9 -67.0 2629.1 -0.9531114697 0.0383432209 0.3001805544 0.0177458785 0.9973152280 -0.0710455030 -0.3020987511 -0.0623873137 -0.9512329698
-504.2 -463.1 2653.9 -0.9532328248 -0.0595361851 0.2963149846 0.0196847916 0.9660951495 0.2574348748 -0.3015951514 0.2512282729 -0.9197416306
-407.0 -148.6 2771.0 -0.5947412848 0.1792898774 0.7836695313 -0.0087553142 0.9733114243 -0.2293211967 -0.8038694859 -0.1432480514 -0.5772987604
-478.2 -535.1 2827.9 -0.5947412848 -0.2809788585 0.7532155514 -0.0087553142 0.9391401410 0.3434227705 -0.8038694859 0.1976530552 -0.5610054731
-209.2 -199.2 2655.7 0 0 0 0 0 0 0 0 0
-125.7 -172.0 2806.8 0 0 0 0 0 0 0 0 0
-481.6 -828.9 2558.7 0 0 0 0 0 0 0 0 0
-398.3 -802.2 2771.7 0 0 0 0 0 0 0 0 0
-145.0 395.2 2813.9 3 0.4726329148 0.4965387583 -0.7280572653 -0.4738175869 0.8397623897 0.2651340663 0.7430444360 0.2196552604 0.6321681142
-244.3 227.2 2770.0 0.4726329148 0.4965387583 -0.7280572653 -0.4738175869 0.8397623897 0.2651340663 0.7430444360 0.2196552604 0.6321681142
-342.8 59.1 2731.3 0.4837319255 0.4956896901 -0.7213149071 -0.4549554586 0.8464704156 0.2765923440 0.7476757169 0.1943695843 0.6349815130
-314.9 293.6 2660.9 0.1282937527 0.5126681924 -0.8489475846 0.9642342329 0.1357132345 0.2276713997 0.2319333106 -0.8477931619 -0.4769210517
-353.2 5.6 2591.6 -0.5640324354 0.5126681924 -0.6473320127 0.7977069616 0.1357132345 -0.5875759125 -0.2133799642 -0.8477931619 -0.4855056703
-173.7 160.9 2879.1 -0.5084217787 0.6060613394 -0.6117163897 -0.8071661592 -0.0879440010 0.5837368369 0.2999835312 0.7905412912 0.5339048505
-274.0 1.6 2938.3 0.5728033185 0.6060613394 -0.5518931150 -0.6413320899 -0.0879440010 -0.7622066736 -0.5104796886 0.7905412912 0.3383119702
-489.9 -69.1 2627.1 -0.9594031572 0.0290380269 0.2805393338 0.0118955346 0.9979667664 -0.0626164302 -0.2817871869 -0.0567372367 -0.9577979445
-501.4 -465.6 2649.6 -0.9597390890 -0.0517203398 0.2760902643 0.0178543311 0.9696821570 0.2437166125 -0.2803249061 0.2388337702 -0.9297184348
-406.2 -150.3 2768.4 -0.5807210803 0.1721878350 0.7956848145 -0.0094644530 0.9758826494 -0.2180905193 -0.8140475750 -0.1341804862 -0.5650860071
-474.6 -538.0 2821.8 -0.5807210803 -0.2707941830 0.7677457333 -0.0094644530 0.9452396631 0.3262397647 -0.8140475750 0.1821880192 -0.5514835119
-208.1 -199.6 2646.5 0 0 0 0 0 0 0 0 0
-125.4 -164.8 2805.9 0 0 0 0 0 0 0 0 0
-482.0 -828.9 2560.1 0 0 0 0 0 0 0 0 0
-398.7 -803.0 2770.7 0 0 0 0 0 0 0 0 0
-146.7 399.9 2805.4 4 0.4898859859 0.4917370975 -0.7198655009 -0.4566772282 0.8481248617 0.2685705423 0.7426019311 0.1971772313 0.6400496364
-245.5 229.4 2765.7 0.4898859859 0.4917370975 -0.7198655009 -0.4566772282 0.8481248617 0.2685705423 0.7426019311 0.1971772313 0.6400496364
-341.0 59.0 2729.6 0.5003137589 0.4804343879 -0.7203255892 -0.4383770823 0.8579792976 0.2677631378 0.7466670275 0.1818086505 0.6398702860
-318.6 293.3 2656.7 0.1884128153 0.5615867972 -0.8056803942 0.9359261394 0.1458879411 0.3205603957 0.2975615561 -0.8144549727 -0.4981166124
-363.6 69.8 2585.6 -0.4519380331 0.5615867972 -0.6930888891 0.8786132932 0.1458879411 -0.4547035992 -0.1542422324 -0.8144549727 -0.5593499541
-172.5 165.4 2874.7 -0.4823654294 0.6221379638 -0.6166586876 -0.8202781677 -0.0738024861 0.5671833158 0.3073553443 0.7794212699 0.5459259748
-273.0 -5.5 2938.8 0.6048814058 0.6221379638 -0.4970541596 -0.5867437124 -0.0738024861 -0.8064025044 -0.5383774638 0.7794212699 0.3203938305
-485.6 -67.3 2624.2 -0.9613965750 0.0420311354 0.2719374001 0.0232635848 0.9971423149 -0.0718749613 -0.2741812766 -0.0627741069 -0.9596270323
-502.3 -463.5 2649.1 -0.9608778358 -0.0542174280 0.2716142237 0.0130172865 0.9707301259 0.2398199588 -0.2766665220 0.2339733541 -0.9320472479
-397.0 -150.6 2761.2 -0.5133048296 0.1955406070 0.8356326818 -0.0120135993 0.9719641209 -0.2348221689 -0.8581222892 -0.1305743158 -0.4965647161
-474.7 -536.7 2813.0 -0.5133048296 -0.2685765326 0.8150980473 -0.0120135993 0.9519249201 0.3060957491 -0.8581222892 0.1473281682 -0.4918542206
-257.8 -135.8 2621.7 0 0 0 0 0 0 0 0 0
-116.3 -157.5 2799.3 0 0 0 0 0 0 0 0 0
-482.0 -827.8 2561.3 0 0 0 0 0 0 0 0 0
-398.7 -805.9 2771.4 0 0 0 0 0 0 0 0 0
-150.1 407.2 2812.1 5 0.4670125246 0.4896452129 -0.7363062501 -0.4541209340 0.8472993374 0.2754233181 0.7587314844 0.2057459503 0.6180575490
-248.5 237.1 2770.7 0.4670125246 0.4896452129 -0.7363062501 -0.4541209340 0.8472993374 0.2754233181 0.7587314844 0.2057459503 0.6180575490
-344.0 66.6 2734.8 0.4806600213 0.4807052016 -0.7334087491 -0.4301356375 0.8580759764 0.2805155814 0.7641657591 0.1806326210 0.6192112565
-318.6 299.8 2659.2 0.1908740848 0.5251722932 -0.8293136954 0.9355558753 0.1584265232 0.3156520724 0.2971569896 -0.8361190557 -0.4610884786
-366.5 65.4 2584.7 -0.4780558348 0.5251722932 -0.7040289044 0.8677602410 0.1584265232 -0.4710554183 -0.1358483881 -0.8361190557 -0.5314603448
-178.3 174.3 2882.3 -0.4198913872 0.6209524274 -0.6618982553 -0.8687811494 -0.0640602484 0.4910352528 0.2625081837 0.7812261581 0.5663701296
-270.2 -15.8 2939.7 0.6406227350 0.6209524274 -0.4516863525 -0.5328395963 -0.0640602484 -0.8437880278 -0.5528873801 0.7812261581 0.2898296118
-482.3 -71.3 2625.0 -0.9545584917 0.0451254398 0.2945875525 0.0271345135 0.9975242019 -0.0648779571 -0.2967858613 -0.0539363138 -0.9534196258
-500.2 -467.7 2646.4 -0.9543618560 -0.0484935269 0.2946893573 0.0230233688 0.9718465209 0.2344872206 -0.2977639437 0.2305704057 -0.9263767600
-390.5 -151.6 2761.8 -0.5166422129 0.2156107426 0.8286089897 -0.0077192951 0.9665611386 -0.2563200295 -0.8561666012 -0.1388220340 -0.4977019429
-476.2 -535.5 2817.0 -0.5166422129 -0.2700646222 0.8124936223 -0.0077192951 0.9503821731 0.3109888732 -0.8561666012 0.1543981135 -0.4930922985
-248.5 -148.8 2618.2 0 0 0 0 0 0 0 0 0
-104.3 -153.7 2796.6 0 0 0 0 0 0 0 0 0
-482.3 -826.1 2561.4 0 0 0 0 0 0 0 0 0
-398.2 -809.8 2772.4 0 0 0 0 0 0 0 0 0
-155.4 408.4 2804.9 6 0.4271057844 0.4902669787 -0.7597492337 -0.4087635279 0.8541727066 0.3214052916 0.8065314889 0.1732837260 0.5652253628
-254.1 236.4 2770.0 0.4271057844 0.4902669787 -0.7597492337 -0.4087635279 0.8541727066 0.3214052916 0.8065314889 0.1732837260 0.5652253628
-348.4 64.3 2739.6 0.4407545626 0.4739496708 -0.7623038292 -0.3843984902 0.8670911193 0.3168449998 0.8111554980 0.1533775628 0.5643599033
-318.3 292.4 2651.9 0.1704666018 0.5031830668 -0.8472000360 0.9508802891 0.1414600462 0.2753465772 0.2583946884 -0.8525232077 -0.4543526471
-362.6 44.9 2584.7 -0.5159338713 0.5031830668 -0.6932669878 0.8405795097 0.1414600462 -0.5228911042 -0.1650403738 -0.8525232077 -0.4959493876
-189.9 180.5 2888.1 -0.3154671788 0.6178681850 -0.7202217579 -0.9228823781 -0.0231372584 0.3843862414 0.2208360881 0.7859411836 0.5775187016
-260.6 -26.6 2937.7 0.6776403189 0.6178681850 -0.3988012671 -0.4913100004 -0.0231372584 -0.8706774116 -0.5471910238 0.7859411836 0.2878860831
-483.5 -64.5 2628.9 -0.9382380843 0.0393368937 0.3437469304 0.0171137732 0.9975760579 -0.0674471483 -0.3455668688 -0.0573986731 -0.9366370440
-499.2 -460.9 2651.7 -0.9396238327 -0.0430794097 0.3394866586 0.0416046605 0.9703049660 0.2382800430 -0.3396705389 0.2380178422 -0.9099293351
-395.4 -143.3 2769.0 -0.5569869280 0.2025621384 0.8054403663 0.0004728098 0.9698781967 -0.2435900420 -0.8305211067 -0.1352956444 -0.5403051972
-475.9 -528.6 2822.7 -0.5569869280 -0.2644671798 0.7872881889 0.0004728098 0.9478434920 0.3187356889 -0.8305211067 0.1779038459 -0.5278114080
-230.0 -171.2 2627.1 0 0 0 0 0 0 0 0 0
-85.2 -153.8 2796.0 0 0 0 0 0 0 0 0 0
-483.0 -825.6 2562.2 0 0 0 0 0 0 0 0 0
-397.9 -808.2 2770.2 0 0 0 0 0 0 0 0 0
-167.4 407.2 2800.8 7 0.4157810807 0.4738603830 -0.7762618065 -0.3722790480 0.8674294949 0.3301126659 0.8297797441 0.1517314017 0.5370690823
-262.3 233.5 2770.5 0.4157810807 0.4738603830 -0.7762618065 -0.3722790480 0.8674294949 0.3301126659 0.8297797441 0.1517314017 0.5370690823
-352.6 58.6 2744.2 0.4293134809 0.4537613094 -0.7808908820 -0.3467700481 0.8811703324 0.3213866949 0.8339307308 0.1328139305 0.5356491208
-324.9 284.0 2648.9 0.1363301724 0.5404533744 -0.8302555084 0.9579078555 0.1418120414 0.2496033460 0.2526392043 -0.8293367624 -0.4983713031
-361.5 26.4 2581.0 -0.5470262170 0.5404533744 -0.6392749548 0.8081532121 0.1418120414 -0.5716447234 -0.2182904482 -0.8293367624 -0.5143440366
-199.8 183.0 2892.0 -0.3004551828 0.5762442946 -0.7600455284 -0.9277533293 0.0083727306 0.3731000721 0.2213604450 0.8172346354 0.5320969224
-264.7 -17.4 2939.8 0.6997712851 0.5762442946 -0.4222116172 -0.5216349363 0.0083727306 -0.8531277180 -0.4880748987 0.8172346354 0.3064481616
-483.0 -72.7 2635.1 -0.9293455482 0.0314604864 0.3678683639 0.0201653950 0.9992009401 -0.0345088840 -0.3686600626 -0.0246524662 -0.9292373061
-495.5 -469.6 2644.8 -0.9308986068 -0.0333953761 0.3637479544 0.0514741614 0.9738819599 0.2211431861 -0.3616327345 0.2245854884 -0.9048663378
-402.4 -142.9 2783.4 -0.5853560567 0.1724800020 0.7922177315 0.0101733385 0.9785956740 -0.2055409104 -0.8107125163 -0.1122551262 -0.5745816231
-470.9 -531.5 2827.9 -0.5853560567 -0.2527530193 0.7703727484 0.0101733385 0.9478023052 0.3186962605 -0.8107125163 0.1943880618 -0.5522304773
-217.4 -186.6 2638.5 0 0 0 0 0 0 0 0 0
-83.6 -152.4 2813.5 0 0 0 0 0 0 0 0 0
-483.3 -826.2 2562.6 0 0 0 0 0 0 0 0 0
-397.5 -806.8 2771.5 0 0 0 0 0 0 0 0 0
-175.6 411.0 2811.8 8 0.3940114677 0.4461094439 -0.8035803437 -0.3799397349 0.8751636147 0.2995570600 0.8368995190 0.1872831732 0.5143191814
-264.9 235.8 2774.3 0.3940114677 0.4461094439 -0.8035803437 -0.3799397349 0.8751636147 0.2995570600 0.8368995190 0.1872831732 0.5143191814
-352.2 60.3 2742.4 0.4062704146 0.4395414293 -0.8010915518 -0.3555947244 0.8836472631 0.3044994771 0.8417224884 0.1611547917 0.5152983665
-324.2 287.7 2651.6 0.1281361282 0.5552644730 -0.8217435479 0.9583632946 0.1438744366 0.2466576248 0.2551881075 -0.8191345930 -0.5137095451
-360.6 14.8 2578.9 -0.5625552535 0.5552644730 -0.6125462651 0.7903921008 0.1438744366 -0.5954666138 -0.2425117195 -0.8191345930 -0.5198139548
-205.7 183.9 2897.0 -0.3012210429 0.5888853073 -0.7499866486 -0.9223514795 0.0196188297 0.3858534098 0.2419372797 0.8079784513 0.5372496247
-267.4 -5.3 2946.7 0.6842699051 0.5888853073 -0.4301031530 -0.5441089272 0.0196188297 -0.8387851715 -0.4855101705 0.8079784513 0.3338423371
-482.1 -84.6 2641.6 -0.9169094563 0.0313712806 0.3978604674 0.0299463049 0.9995034933 -0.0097965384 -0.3979702592 0.0029319120 -0.9173936248
-494.6 -481.6 2640.5 -0.9181740284 -0.0306098219 0.3949929774 0.0581117384 0.9758211970 0.2107035071 -0.3918921053 0.2164162248 -0.8941949606
-403.6 -148.0 2794.2 -0.5840640664 0.1804577708 0.7913938165 0.0182287265 0.9776442051 -0.2094744146 -0.8115028739 -0.1079203784 -0.5742963552
-475.3 -536.4 2837.1 -0.5840640664 -0.2709022760 0.7651673555 0.0182287265 0.9380486012 0.3460239470 -0.8115028739 0.2160481811 -0.5429422855
-210.1 -196.7 2643.8 0 0 0 0 0 0 0 0 0
-90.1 -146.4 2820.8 0 0 0 0 0 0 0 0 0
-483.8 -823.8 2564.6 0 0 0 0 0 0 0 0 0
-397.3 -806.3 2774.9 0 0 0 0 0 0 0 0 0
-184.6 411.8 2804.3 9 0.4106389880 0.4310302734 -0.8034852147 -0.3815574050 0.8815754652 0.2779184282 0.8281241059 0.1924515963 0.5264720321
-270.9 235.3 2765.8 0.4106389880 0.4310302734 -0.8034852147 -0.3815574050 0.8815754652 0.2779184282 0.8281241059 0.1924515963 0.5264720321
-354.0 58.3 2731.4 0.4212398231 0.4183855653 -0.8046804070 -0.3594279289 0.8916016221 0.2754234970 0.8326875567 0.1732052714 0.5259575844
-332.4 287.8 2644.2 0.1033630446 0.5188084245 -0.8486188054 0.9683545828 0.1423719674 0.2049870193 0.2271685153 -0.8429520130 -0.4876744747
-361.9 11.3 2579.4 -0.5775840878 0.5188084245 -0.6302654147 0.7853260636 0.1423719674 -0.6024891734 -0.2228443176 -0.8429520130 -0.4896655381
-209.4 182.9 2887.3 -0.3079928756 0.6152100563 -0.7257114053 -0.8988153338 0.0619016849 0.4339345396 0.3118836582 0.7859292626 0.5338948965
-269.9 6.4 2948.5 0.6725385189 0.6152100563 -0.4113496542 -0.5613746643 0.0619016849 -0.8252434134 -0.4822347760 0.7859292626 0.3869946003
-476.7 -82.5 2633.4 -0.9188634753 0.0670677647 0.3888339996 0.0518096983 0.9974241257 -0.0496072024 -0.3911594450 -0.0254368726 -0.9199713469
-503.3 -478.4 2643.5 -0.9183629751 -0.0534654297 0.3921107352 0.0418325029 0.9721648097 0.2305334210 -0.3935218453 0.2281163484 -0.8905636072
-402.3 -147.7 2787.5 -0.5876078010 0.1708535999 0.7909020782 0.0333308056 0.9817343354 -0.1873144656 -0.8084591031 -0.0837060437 -0.5825694799
-470.2 -537.6 2820.8 -0.5765472651 -0.2575035691 0.7754257917 -0.0097139059 0.9511326551 0.3086298108 -0.8170060515 0.1704072654 -0.5508742929
-205.8 -201.0 2639.6 0 0 0 0 0 0 0 0 0
-95.4 -139.3 2823.4 0 0 0 0 0 0 0 0 0
-484.4 -823.1 2562.6 0 0 0 0 0 0 0 0 0
-398.3 -803.0 2773.2 0 0 0 0 0 0 0 0 0
-190.8 413.8 2801.0 0 0.4609282017 0.4078812003 -0.7881485224 -0.3921507895 0.8903170228 0.2314160466 0.7960923314 0.2024068832 0.5703231692
-272.0 236.6 2760.7 0.4609282017 0.4078812003 -0.7881485224 -0.3921507895 0.8903170228 0.2314160466 0.7960923314 0.2024068832 0.5703231692
-351.6 58.3 2724.3 0.4698696434 0.4004453421 -0.7866804004 -0.3723697960 0.8979273438 0.2346640080 0.8003519773 0.1826745123 0.5710225701
-340.6 290.8 2644.1 0.0825946480 0.4607314467 -0.8836880922 0.9695444107 0.1680016518 0.1782108694 0.2305684090 -0.8714941144 -0.4328235388
-364.5 10.5 2577.4 -0.6456635594 0.4607314467 -0.6089705229 0.7371732593 0.1680016518 -0.6544853449 -0.1992339194 -0.8714941144 -0.4481114149
-203.5 182.4 2877.4 -0.3292800188 0.6283631921 -0.7047938704 -0.8709457517 0.0862008482 0.4837591350 0.3647302389 0.7731294632 0.5188860297
-268.3 11.0 2949.2 0.6657431126 0.6283631921 -0.4024249017 -0.5737110376 0.0862008482 -0.8145090938 -0.4771181345 0.7731294632 0.4178864956
-475.7 -85.8 2620.7 -0.9372519851 0.0600806475 0.3434370160 0.0370460525 0.9966254234 -0.0732489824 -0.3466789126 -0.0559297726 -0.9363148808
-499.6 -481.4 2642.9 -0.9373090267 -0.0454751067 0.3455196023 0.0382495075 0.9720363021 0.2316946983 -0.3463939428 0.2303854823 -0.9093589783
-398.5 -151.6 2773.3 -0.6252548099 0.1688108593 0.7619444132 0.0427430570 0.9822672606 -0.1825488508 -0.7792493105 -0.0815717131 -0.6213828325
-465.6 -541.9 2805.7 -0.6038583517 -0.2456800491 0.7582851648 -0.0529244803 0.9615735412 0.2693980634 -0.7953326702 0.1225464195 -0.5936567187
-190.1 -188.5 2631.2 0 0 0 0 0 0 0 0 0
-95.4 -137.9 2825.3 0 0 0 0 0 0 0 0 0
-483.5 -825.3 2561.4 0 0 0 0 0 0 0 0 0
-397.8 -807.2 2771.9 0 0 0 0 0 0 0 0 0
-198.8 414.5 2798.9 1 0.4632448554 0.3968508244 -0.7924100161 -0.3858090341 0.8952671885 0.2228183299 0.7978443503 0.2024994940 0.5678365231
-277.9 236.1 2758.5 0.4632448554 0.3968508244 -0.7924100161 -0.3858090341 0.8952671885 0.2228183299 0.7978443503 0.2024994940 0.5678365231
-354.3 56.7 2720.8 0.4707332253 0.3845044374 -0.7940822244 -0.3685705066 0.9034425616 0.2189688683 0.8016021848 0.1895993650 0.5669974089
-346.6 289.8 2641.5 0.0881781876 0.4294127226 -0.8987932801 0.9665011764 0.1814592183 0.1815158576 0.2410395294 -0.8846904635 -0.3990271688
-371.5 16.7 2573.4 -0.6663203835 0.4294127226 -0.6096079350 0.7249034047 0.1814592183 -0.6645205617 -0.1747346073 -0.8846904635 -0.4321927130
-209.2 182.3 2875.5 -0.2960553765 0.6540319324 -0.6961274743 -0.8756082654 0.1053734124 0.4713879824 0.3816561103 0.7490918636 0.5414794087
-266.6 12.4 2949.6 0.6558561325 0.6540319324 -0.3769548237 -0.5724391341 0.1053734124 -0.8131481409 -0.4921038449 0.7490918636 0.4435032606
-474.2 -86.0 2614.7 -0.9347476959 0.0609179251 0.3500510156 0.0372995995 0.9965732098 -0.0738276914 -0.3533489108 -0.0559534989 -0.9338167906
-498.4 -481.8 2636.9 -0.9347119927 -0.0421169028 0.3529017568 0.0364638120 0.9763493538 0.2131017298 -0.3535305858 0.2120568901 -0.9110696912
-388.2 -154.0 2761.2 -0.5720939636 0.2238859832 0.7890396118 -0.0048444718 0.9610836506 -0.2762150764 -0.8201737404 -0.1618434787 -0.5487455726
-476.7 -534.0 2825.2 -0.5720939636 -0.2735589743 0.7732231021 -0.0048444718 0.9438493848 0.3303405941 -0.8201737404 0.1852400005 -0.5412957668
-192.6 -177.9 2620.3 0 0 0 0 0 0 0 0 0
-96.3 -136.3 2821.8 0 0 0 0 0 0 0 0 0
-483.6 -825.5 2562.3 0 0 0 0 0 0 0 0 0
-395.9 -813.0 2770.4 0 0 0 0 0 0 0 0 0
-198.6 417.4 2797.8 2 0.4895736873 0.4043502510 -0.7725402713 -0.3820497990 0.8958806396 0.2267947048 0.7838083506 0.1841161400 0.5930815339
-279.2 238.9 2761.1 0.4895736873 0.4043502510 -0.7725402713 -0.3820497990 0.8958806396 0.2267947048 0.7838083506 0.1841161400 0.5930815339
-354.9 58.6 2726.0 0.4980067611 0.3812130094 -0.7788876295 -0.3626912832 0.9074227214 0.2122240067 0.7876828909 0.1768067628 0.5901652575
-351.9 291.8 2646.2 0.0864890590 0.4684827328 -0.8792289495 0.9538491368 0.2157977372 0.2088136673 0.2875612378 -0.8567118645 -0.4281977117
-376.9 16.5 2563.2 -0.6823068857 0.4684827328 -0.5612319112 0.7043904066 0.2157977372 -0.6762140989 -0.1956820339 -0.8567118645 -0.4772350192
-206.5 185.9 2876.1 -0.3192712665 0.6375626922 -0.7011274099 -0.8699015975 0.0963341147 0.4837260842 0.3759481907 0.7643517256 0.5238600969
-268.8 16.2 2949.5 0.6617363691 0.6375626922 -0.3944855034 -0.5765137672 0.0963341147 -0.8113887310 -0.4793087542 0.7643517256 0.4313114285
-473.8 -89.0 2609.7 -0.9452332258 0.0564404055 0.3214788139 0.0270244032 0.9950870872 -0.0952434763 -0.3252750039 -0.0813395232 -0.9421146512
-496.3 -484.3 2642.0 -0.9458454251 -0.0349542759 0.3227299452 0.0412581973 0.9731785655 0.2263211906 -0.3219847679 0.2273801267 -0.9190343022
-387.6 -156.5 2756.5 -0.6831816435 0.2435763627 0.6884282231 -0.0047284388 0.9412361383 -0.3377160430 -0.7302331924 -0.2339765877 -0.6418834925
-483.8 -528.5 2849.0 -0.6831816435 -0.2843016386 0.6726332307 -0.0047284388 0.9228047729 0.3852389455 -0.7302331924 0.2600076497 -0.6317875385
-194.5 -171.8 2615.5 0 0 0 0 0 0 0 0 0
-96.9 -133.6 2824.9 0 0 0 0 0 0 0 0 0
-484.0 -826.3 2562.1 0 0 0 0 0 0 0 0 0
-398.1 -806.8 2770.6 0 0 0 0 0 0 0 0 0
-199.6 421.3 2797.8 3 0.4939038455 0.3970296681 -0.7735802531 -0.3772262335 0.8994224072 0.2207707465 0.7834279537 0.1827752441 0.5939981937
-279.4 240.5 2761.1 0.4939038455 0.3970296681 -0.7735802531 -0.3772262335 0.8994224072 0.2207707465 0.7834279537 0.1827752441 0.5939981937
-354.7 59.9 2726.9 0.5020954609 0.3791052401 -0.7772897482 -0.3581367731 0.9092527032 0.2121263295 0.7871710062 0.1718683839 0.5923032165
-352.7 292.8 2646.1 0.0866577774 0.4015316069 -0.9117361307 0.9594729543 0.2126896083 0.1848642081 0.2681456208 -0.8908060789 -0.3668274879
-377.7 16.4 2568.9 -0.7208746076 0.4015316069 -0.5649001002 0.6733415723 0.2126896083 -0.7080778480 -0.1641672403 -0.8908060789 -0.4236904681
-206.1 188.3 2876.0 -0.2933526933 0.6463402510 -0.7044064403 -0.8877753615 0.0891880542 0.4515533745 0.3546817601 0.7578190565 0.5476413965
-265.0 9.9 2947.3 0.6596172452 0.6463402510 -0.3836004734 -0.5645807981 0.0891880542 -0.8205449581 -0.4961386323 0.7578190565 0.4237412810
-476.3 -88.5 2618.6 -0.9461859465 0.0525476895 0.3193289042 0.0295279063 0.9966315031 -0.0765098184 -0.3222736716 -0.0629633963 -0.9445503354
-497.1 -484.4 2643.7 -0.9466579556 -0.0340695642 0.3204340041 0.0411066934 0.9735034108 0.2249474525 -0.3196074665 0.2261202782 -0.9201742411
-385.0 -154.9 2763.0 -0.6748348475 0.2153385580 0.7058521509 0.0076447348 0.9584681988 -0.2850968540 -0.7379292250 -0.1869972348 -0.6484539509
-470.2 -534.1 2837.0 -0.6748348475 -0.2462532371 0.6956703663 0.0076447348 0.9402993321 0.3402626812 -0.7379292250 0.2349393368 -0.6326642036
-184.9 -163.7 2612.8 0 0 0 0 0 0 0 0 0
-93.7 -136.7 2818.4 0 0 0 0 0 0 0 0 0
-485.1 -826.7 2564.1 0 0 0 0 0 0 0 0 0
-400.4 -800.8 2770.3 0 0 0 0 0 0 0 0 0
-198.2 424.5 2795.8 4 0.4645203650 0.4045472145 -0.7877578139 -0.3568757474 0.8996417522 0.2515639961 0.8104693294 0.1642750651 0.5622749925
-279.4 244.1 2762.8 0.4645203650 0.4045472145 -0.7877578139 -0.3568757474 0.8996417522 0.2515639961 0.8104693294 0.1642750651 0.5622749925
-356.1 63.3 2732.6 0.4733210206 0.3860585093 -0.7917866111 -0.3367330134 0.9098795056 0.2423429638 0.8139889836 0.1519146711 0.5606637597
-348.5 293.1 2644.1 0.1117505580 0.3822654486 -0.9172703624 0.9512228370 0.2259512097 0.2100504190 0.2875533700 -0.8960017562 -0.3383694589
-380.8 17.8 2560.9 -0.7589232326 0.3822654486 -0.5271704197 0.6299487948 0.2259512097 -0.7430413961 -0.1649242640 -0.8960017562 -0.4122872949
-210.3 195.0 2881.6 -0.2382029593 0.6526458263 -0.7192445397 -0.9213575721 0.0823753104 0.3798874915 0.3071799874 0.7531717420 0.5816981792
-259.0 6.5 2944.5 0.6528531909 0.6526458263 -0.3844946027 -0.5656078458 0.0823753104 -0.8205498457 -0.5038555861 0.7531717420 0.4229206145
-476.1 -87.9 2620.6 -0.9357985854 0.0465397872 0.3494497240 0.0264780205 0.9977266192 -0.0619714186 -0.3515394330 -0.0487400256 -0.9349034429
-494.6 -484.3 2639.9 -0.9367806911 -0.0299664252 0.3486315012 0.0497591048 0.9747930169 0.2174916118 -0.3463610113 0.2210895419 -0.9116761684
-384.0 -153.6 2764.9 -0.5431284904 0.2182079554 0.8108000159 0.0021854863 0.9660050869 -0.2585138083 -0.8396467566 -0.1386342198 -0.5251417756
-470.4 -536.2 2819.8 -0.5431284904 -0.2507418394 0.8013363481 0.0021854863 0.9539445639 0.2999749482 -0.8396467566 0.1646762490 -0.5175665021
-177.9 -150.6 2604.9 0 0 0 0 0 0 0 0 0
-89.4 -140.5 2813.6 0 0 0 0 0 0 0 0 0
-484.0 -827.5 2562.1 0 0 0 0 0 0 0 0 0
-401.3 -799.3 2774.4 0 0 0 0 0 0 0 0 0
-207.1 424.5 2796.8 5 0.4731794298 0.3872202635 -0.7913038135 -0.3533929288 0.9062163830 0.2321321964 0.8069787025 0.1698009670 0.5656438470
-284.6 243.1 2762.8 0.4731794298 0.3872202635 -0.7913038135 -0.3533929288 0.9062163830 0.2321321964 0.8069787025 0.1698009670 0.5656438470
-358.6 61.5 2731.1 0.4803197980 0.3718965948 -0.7943461537 -0.3362666965 0.9145348072 0.2248350084 0.8100726008 0.1591194570 0.5643256307
-354.8 292.2 2644.5 0.0996677801 0.3551180661 -0.9294931293 0.9533522129 0.2334177345 0.1914047003 0.2849314511 -0.9052112103 -0.3152883649
-383.1 21.3 2563.6 -0.7758721709 0.3551180661 -0.5214532614 0.6137354970 0.2334177345 -0.7542180419 -0.1461200267 -0.9052112103 -0.3990508914
-214.5 194.1 2881.1 -0.2648174763 0.6539782882 -0.7086494565 -0.9061188698 0.0826379210 0.4148730040 0.3298792541 0.7519862652 0.5706980824
-267.9 11.3 2947.6 0.6564502120 0.6539782882 -0.3760125935 -0.5560479164 0.0826379210 -0.8270318508 -0.5097879767 0.7519862652 0.4178909659
-476.3 -86.6 2627.8 -0.9366487861 0.0355401449 0.3484621942 0.0204748083 0.9986933470 -0.0468228757 -0.3496709466 -0.0367218927 -0.9361526370
-490.4 -483.4 2642.4 -0.9383341670 -0.0161705799 0.3453512490 0.0644537508 0.9732113481 0.2206928432 -0.3396685123 0.2293428183 -0.9121552110
-389.5 -148.2 2777.0 -0.5438170433 0.1863640547 0.8182490468 0.0061374684 0.9758872986 -0.2181886584 -0.8391813636 -0.1136327311 -0.5318479538
-463.4 -535.0 2822.0 -0.5472443104 -0.2323008925 0.8040894866 0.0200187825 0.9568038583 0.2900442779 -0.8367334604 0.1748219728 -0.5189551115
-175.3 -143.1 2602.7 0 0 0 0 0 0 0 0 0
-97.4 -133.2 2815.2 0 0 0 0 0 0 0 0 0
-484.7 -826.0 2561.7 0 0 0 0 0 0 0 0 0
-398.5 -802.4 2773.2 0 0 0 0 0 0 0 0 0
-202.1 427.7 2796.8 6 0.5104929805 0.3941408694 -0.7642315626 -0.3762523234 0.9015517831 0.2136318684 0.7731953859 0.1784863323 0.6085322499
-281.0 247.4 2761.1 0.5104929805 0.3941408694 -0.7642315626 -0.3762523234 0.9015517831 0.2136318684 0.7731953859 0.1784863323 0.6085322499
-354.4 65.8 2727.7 0.5202455521 0.3691174090 -0.7701278329 -0.3530532718 0.9140627980 0.1996059716 0.7776232958 0.1680520475 0.6058552265
-356.9 298.8 2647.7 0.1052609757 0.3310072720 -0.9377389550 0.9525547028 0.2372451276 0.1906678975 0.2855864465 -0.9133175611 -0.2903299034
-387.4 22.2 2564.7 -0.7904185057 0.3310072720 -0.5154345036 0.5983899236 0.2372451276 -0.7652739286 -0.1310269237 -0.9133175611 -0.3855943680
