264.9 362.4 2490.7 36 0.4618756473 0.7118120790 -0.5291450620 -0.3996890783 0.6996229887 0.5922636986 0.7917824984 -0.0620586872 0.6076422930
125.0 224.9 2502.9 0.4618756473 0.7118120790 -0.5291450620 -0.3996890783 0.6996229887 0.5922636986 0.7917824984 -0.0620586872 0.6076422930
-12.1 81.7 2517.0 0.4793684483 0.6904068589 -0.5417972803 -0.3819798231 0.7199467421 0.5794549584 0.7901248932 -0.0708168149 0.6088412404
58.1 278.3 2392.5 0.1652494669 0.3600330651 -0.9181877971 0.9470283985 0.2020160854 0.2496530861 0.2753720880 -0.9108049870 -0.3075785041
16.8 41.9 2323.7 -0.5984647870 0.3600330651 -0.7156927586 0.7989468575 0.2020160854 -0.5664569139 -0.0593617707 -0.9108049870 -0.4085468054
192.0 171.5 2613.4 0.0804219097 0.9852238894 -0.1512156129 -0.7847546935 0.1561207622 0.5998219848 0.6145668030 0.0704283267 0.7857146263
219.6 -98.2 2824.6 0.0576893203 0.9852238894 0.1612630934 0.0846827477 0.1561207622 -0.9841011763 -0.9947365522 0.0704283267 -0.0744249672
-192.7 -20.0 2464.2 0.5930099487 -0.0202930551 -0.8049393892 -0.0082605053 0.9994764328 -0.0312830918 0.8051527739 0.0252003893 0.5925318599
-184.6 -417.2 2454.2 0.5900743008 0.1188714728 -0.7985498905 -0.0344887339 0.9919098020 0.1221700311 0.8066119552 -0.0445484221 0.5894001722
-96.1 -98.5 2597.7 0.1305619776 -0.2174795270 -0.9672932625 0.0389449745 0.9760166407 -0.2141841650 0.9906749725 -0.0097069032 0.1359003931
-9.7 -486.3 2601.5 0.1299502403 0.1469657570 -0.9805682302 0.0348265991 0.9876672626 0.1526451558 0.9909086823 -0.0539861321 0.1232292801
174.1 -168.1 2339.3 0 0 0 0 0 0 0 0 0
235.0 -75.6 2558.8 0 0 0 0 0 0 0 0 0
-224.5 -749.8 2469.2 0 0 0 0 0 0 0 0 0
-45.4 -726.3 2614.6 0 0 0 0 0 0 0 0 0
259.4 361.2 2485.8 37 0.4807660580 0.7028327584 -0.5242996216 -0.3771134615 0.7055445313 0.5999936461 0.7916119099 -0.0907361507 0.6042495370
120.4 221.7 2503.7 0.4807660580 0.7028327584 -0.5242996216 -0.3771134615 0.7055445313 0.5999936461 0.7916119099 -0.0907361507 0.6042495370
-13.6 76.4 2523.2 0.5007481575 0.6748998165 -0.5419976711 -0.3562731743 0.7313589454 0.5815355182 0.7888730764 -0.0981035978 0.6066753268
50.2 271.7 2393.1 0.1716877371 0.3465214968 -0.9221963882 0.9456309080 0.2045119405 0.2528973520 0.2762345374 -0.9154767990 -0.2925692499
8.5 41.5 2325.9 -0.6332842112 0.3465214968 -0.6920071840 0.7709720731 0.2045119405 -0.6031392217 -0.0674769804 -0.9154767990 -0.3966725767
190.6 171.8 2614.3 0.1081458256 0.9827839732 -0.1498002708 -0.7695070505 0.1781564653 0.6132855415 0.6294150949 0.0489480942 0.7755261064
227.8 -93.0 2830.9 0.0379795656 0.9827839732 0.1808125824 0.0644667894 0.1781564653 -0.9818881154 -0.9971968532 0.0489480942 -0.0565906279
-192.9 -26.7 2459.0 0.6076862812 -0.0168212373 -0.7939990163 0.0078228628 0.9998539686 -0.0151951490 0.7941386700 0.0030225385 0.6077291369
-186.2 -424.1 2457.8 0.6023861766 0.1148932427 -0.7898926735 -0.0455567054 0.9929221272 0.1096823886 0.7969036698 -0.0300862473 0.6033567190
-105.6 -96.4 2603.0 0.1562552303 -0.2442756295 -0.9570338130 0.0264989119 0.9696235061 -0.2431625724 0.9873611927 0.0126350699 0.1579817832
-8.6 -481.5 2598.0 0.1595590860 0.1457873434 -0.9763641357 0.0486006662 0.9866759181 0.1552694589 0.9859912992 -0.0722265989 0.1503477544
173.3 -159.2 2343.4 0 0 0 0 0 0 0 0 0
238.0 -75.8 2563.7 0 0 0 0 0 0 0 0 0
-223.9 -749.3 2467.7 0 0 0 0 0 0 0 0 0
-44.8 -726.6 2616.0 0 0 0 0 0 0 0 0 0
262.4 363.5 2482.3 38 0.5000889897 0.6998273134 -0.5100516677 -0.3730591536 0.7056379914 0.6024134159 0.7814971805 -0.1109808907 0.6139587760
123.4 223.4 2504.3 0.5000889897 0.6998273134 -0.5100516677 -0.3730591536 0.7056379914 0.6024134159 0.7814971805 -0.1109808907 0.6139587760
-10.3 78.1 2526.8 0.5170688033 0.6729846597 -0.5288965106 -0.3552909791 0.7309148312 0.5826935768 0.7787221670 -0.1133804992 0.6170386076
50.8 273.3 2394.9 0.2004612535 0.3306618631 -0.9222136736 0.9364252687 0.2120127380 0.2795680761 0.2879635394 -0.9196267128 -0.2671397924
0.9 40.5 2323.4 -0.6622391343 0.3306618631 -0.6723853350 0.7463762164 0.2120127380 -0.6308510900 -0.0660441443 -0.9196267128 -0.3872012794
196.0 173.5 2613.7 0.1217127442 0.9835491180 -0.1334810108 -0.7683513165 0.1784965694 0.6146342158 0.6283488274 0.0277514923 0.7774365544
238.0 -91.3 2830.2 0.0167415794 0.9835491180 0.1798635423 0.0628946945 0.1784965694 -0.9819283485 -0.9978797436 0.0277514923 -0.0588717014
-193.4 -36.4 2470.6 0.6246069074 -0.0162845124 -0.7807695270 -0.0136585031 0.9994018674 -0.0317711793 0.7808198929 0.0305086393 0.6240108609
-187.0 -433.5 2458.4 0.6211945415 0.1211841777 -0.7742297649 -0.0439798273 0.9918049574 0.1199528202 0.7824212909 -0.0404635444 0.6214334965
-101.9 -101.5 2614.8 0.1821239144 -0.2378870249 -0.9540653229 0.0071888086 0.9705891013 -0.2406347841 0.9832493067 0.0369667560 0.1784776151
-7.4 -487.1 2600.1 0.1874151528 0.1523348838 -0.9703966379 0.0407528877 0.9858450294 0.1626307070 0.9814350605 -0.0700259283 0.1785542220
172.3 -152.6 2340.4 0 0 0 0 0 0 0 0 0
242.4 -74.4 2562.4 0 0 0 0 0 0 0 0 0
-225.9 -752.0 2471.4 0 0 0 0 0 0 0 0 0
-44.5 -727.5 2617.1 0 0 0 0 0 0 0 0 0
262.6 363.4 2481.0 39 0.5061460137 0.7050933242 -0.4966483712 -0.3916225731 0.7009661794 0.5960521698 0.7684060931 -0.1071907207 0.6309217215
122.0 223.6 2502.4 0.5061460137 0.7050933242 -0.4966483712 -0.3916225731 0.7009661794 0.5960521698 0.7684060931 -0.1071907207 0.6309217215
-13.2 79.5 2524.0 0.5221778154 0.6802793741 -0.5143445730 -0.3751229942 0.7248339057 0.5778396130 0.7659066916 -0.1087925434 0.6336805820
48.7 276.3 2394.7 0.2227344513 0.3218468726 -0.9202195406 0.9309715629 0.2098725289 0.2987398803 0.2892772853 -0.9232378602 -0.2528844476
-6.7 44.8 2322.8 -0.6809417605 0.3218468726 -0.6578243971 0.7288188338 0.2098725289 -0.6517488956 -0.0717040822 -0.9232378602 -0.3774790466
195.4 170.9 2610.0 0.1202806681 0.9858362079 -0.1168740839 -0.7805920243 0.1666571051 0.6024130583 0.6133584976 0.0187723339 0.7895814776
236.9 -98.3 2821.5 0.0053792270 0.9858362079 0.1676247418 0.0804536417 0.1666571051 -0.9827271104 -0.9967438579 0.0187723339 -0.0784176216
-191.3 -34.6 2478.1 0.6338101029 -0.0107841436 -0.7734134793 -0.0329985954 0.9986154437 -0.0409665145 0.7727844715 0.0514865480 0.6325767040
-187.1 -431.5 2457.6 0.6327937245 0.1177922115 -0.7653084993 -0.0417689495 0.9921151400 0.1181645244 0.7731930017 -0.0428076386 0.6327243447
-96.7 -99.7 2620.6 0.1942858845 -0.2127922624 -0.9575867653 -0.0131869717 0.9755333066 -0.2194558084 0.9808562994 0.0552648343 0.1867262721
-12.1 -487.2 2598.7 0.2033590227 0.1326394826 -0.9700782895 0.0512862876 0.9879782200 0.1458381712 0.9777600765 -0.0794092268 0.1941116899
170.0 -144.3 2341.4 0 0 0 0 0 0 0 0 0
238.3 -76.7 2553.8 0 0 0 0 0 0 0 0 0
-224.9 -750.2 2471.4 0 0 0 0 0 0 0 0 0
-44.1 -725.7 2617.9 0 0 0 0 0 0 0 0 0
260.7 361.0 2480.9 40 0.5113604665 0.7000506520 -0.4984371364 -0.3961879015 0.7067340612 0.5861417055 0.7625913620 -0.1022549346 0.6387474537
121.7 220.6 2501.2 0.5113604665 0.7000506520 -0.4984371364 -0.3961879015 0.7067340612 0.5861417055 0.7625913620 -0.1022549346 0.6387474537
-12.4 75.4 2522.3 0.5286955237 0.6746540070 -0.5150951743 -0.3780644536 0.7304915786 0.5687260628 0.7599660158 -0.1059437394 0.6412703395
47.3 273.8 2394.3 0.2506665289 0.2941427529 -0.9223049283 0.9228922129 0.2150509953 0.3194105029 0.2922948599 -0.9312534928 -0.2175559551
-13.5 49.9 2323.4 -0.7146895528 0.2941427529 -0.6345856190 0.6964227557 0.2150509953 -0.6846520305 -0.0649171546 -0.9312534928 -0.3585423827
196.0 167.5 2608.1 0.1290917248 0.9846995473 -0.1170561910 -0.7848971486 0.1736060232 0.5948087573 0.6060295701 0.0150921773 0.7952989340
240.6 -103.3 2817.1 -0.0004294997 0.9846995473 0.1742602736 0.0890244395 0.1736060232 -0.9807831645 -0.9960293770 0.0150921773 -0.0877368897
-196.2 -30.2 2475.5 0.6376942992 -0.0224277116 -0.7699629664 -0.0209855326 0.9986991882 -0.0464709252 0.7700036168 0.0457923263 0.6363940835
-187.3 -427.1 2457.3 0.6356979012 0.1142926589 -0.7634299994 -0.0392637551 0.9924857020 0.1158900484 0.7709387541 -0.0436959304 0.6354086399
-100.5 -98.9 2615.9 0.1932217181 -0.2239424586 -0.9552565813 0.0068432721 0.9738879800 -0.2269260436 0.9811312556 0.0373099595 0.1897087991
-11.5 -485.9 2601.0 0.1977553368 0.1328429133 -0.9712083340 0.0397966579 0.9888698459 0.1433619857 0.9794432521 -0.0670014396 0.1902675778
171.7 -130.7 2340.2 0 0 0 0 0 0 0 0 0
240.5 -79.4 2549.5 0 0 0 0 0 0 0 0 0
-224.8 -753.4 2471.7 0 0 0 0 0 0 0 0 0
-44.1 -728.6 2617.5 0 0 0 0 0 0 0 0 0
264.6 364.1 2488.3 41 0.5190246105 0.7050548196 -0.4832299352 -0.4269413650 0.7036076188 0.5680294037 0.7404960990 -0.0885104015 0.6662067175
123.9 223.7 2506.0 0.5190246105 0.7050548196 -0.4832299352 -0.4269413650 0.7036076188 0.5680294037 0.7404960990 -0.0885104015 0.6662067175
-11.4 79.2 2524.3 0.5364403725 0.6806433201 -0.4989553094 -0.4089634120 0.7268216014 0.5517964363 0.7382280231 -0.0919514224 0.6682546735
48.5 281.2 2402.2 0.2588961720 0.3041118979 -0.9167817235 0.9129323959 0.2329621911 0.3350866139 0.3154793084 -0.9237123728 -0.2173205912
-16.7 51.3 2322.8 -0.7324569821 0.3041118979 -0.6091163754 0.6771675944 0.2329621911 -0.6979775429 -0.0703622103 -0.9237123728 -0.3765695095
199.3 166.2 2609.8 0.1300403029 0.9866126776 -0.0984120145 -0.8062707782 0.1629915684 0.5686485171 0.5770761967 0.0053995033 0.8166724443
244.2 -111.8 2808.8 -0.0148660932 0.9866126776 0.1624019742 0.1228595600 0.1629915684 -0.9789480567 -0.9923127294 0.0053995033 -0.1236378476
-195.0 -35.1 2473.7 0.6487594843 -0.0212945994 -0.7606955171 -0.0158880018 0.9990115166 -0.0415160097 0.7608276606 0.0390198380 0.6477798820
-186.5 -432.3 2458.1 0.6457228661 0.1195231751 -0.7541592717 -0.0431200005 0.9918047190 0.1202664822 0.7623533607 -0.0451394655 0.6455848217
-98.0 -104.4 2613.0 0.1990008354 -0.2132744640 -0.9565106630 0.0153623819 0.9765909314 -0.2145556509 0.9798789024 0.0280024726 0.1976188123
-13.3 -492.6 2601.9 0.2024081498 0.1276773810 -0.9709425569 0.0412462763 0.9894734025 0.1387125850 0.9784322381 -0.0681243241 0.1950112581
172.7 -123.8 2341.0 0 0 0 0 0 0 0 0 0
240.2 -78.8 2542.2 0 0 0 0 0 0 0 0 0
-225.4 -755.2 2472.8 0 0 0 0 0 0 0 0 0
-43.6 -727.7 2618.1 0 0 0 0 0 0 0 0 0
265.4 362.9 2492.1 42 0.4725857973 0.7224576473 -0.5046955347 -0.4042659700 0.6865894198 0.6042879820 0.7830911279 -0.0815466866 0.6165375113
121.3 226.0 2508.3 0.4725857973 0.7224576473 -0.5046955347 -0.4042659700 0.6865894198 0.6042879820 0.7830911279 -0.0815466866 0.6165375113
-16.5 83.8 2524.7 0.4911646545 0.6938709021 -0.5265932679 -0.3858764768 0.7153048515 0.5826134086 0.7809332013 -0.0829591453 0.6190809011
52.4 280.1 2398.7 0.2282430530 0.2981152236 -0.9268400073 0.9274959564 0.2229109257 0.3001032174 0.2960681021 -0.9281368852 -0.2256228030
-6.4 41.3 2322.5 -0.7694854140 0.2981152236 -0.5648180842 0.6314849854 0.2229109257 -0.7426556945 -0.0954928398 -0.9281368852 -0.3597820103
190.3 171.9 2617.9 0.0883318037 0.9871109724 -0.1334519833 -0.7850933671 0.1514488161 0.6005761027 0.6130464077 0.0517223068 0.7883520126
220.7 -98.5 2829.1 0.0392386913 0.9871109724 0.1551523954 0.0842880756 0.1514488161 -0.9848648310 -0.9956685305 0.0517223068 -0.0772590339
-195.9 -27.7 2475.0 0.6074898839 -0.0210551247 -0.7940483093 -0.0132172452 0.9992423058 -0.0366079919 0.7942174673 0.0327341147 0.6067512631
-187.6 -425.0 2461.9 0.6041887999 0.1133843809 -0.7887330651 -0.0448310934 0.9930937290 0.1084205434 0.7955790758 -0.0301467087 0.6050992608
-97.6 -102.7 2610.3 0.1567852199 -0.2128751576 -0.9644182324 0.0043097525 0.9766330123 -0.2148706764 0.9876233339 0.0295321420 0.1540390700
-13.0 -490.9 2598.5 0.1635534018 0.1276243180 -0.9782444835 0.0551525578 0.9888632298 0.1382306516 0.9849916101 -0.0765607804 0.1546931267
193.7 -122.9 2347.3 0 0 0 0 0 0 0 0 0
231.2 -75.9 2562.0 0 0 0 0 0 0 0 0 0
-224.9 -752.4 2471.9 0 0 0 0 0 0 0 0 0
-43.7 -728.9 2617.0 0 0 0 0 0 0 0 0 0
265.0 362.7 2493.9 43 0.5000570416 0.7179664969 -0.4842180312 -0.4401828647 0.6922587156 0.5718539953 0.7457761168 -0.0728151128 0.6622053385
121.9 224.7 2508.4 0.5000570416 0.7179664969 -0.4842180312 -0.4401828647 0.6922587156 0.5718539953 0.7457761168 -0.0728151128 0.6622053385
-15.7 82.0 2522.8 0.5172597766 0.6918302774 -0.5037987232 -0.4229695201 0.7184039950 0.5522612333 0.7440021038 -0.0725710392 0.6642246246
49.3 284.0 2404.1 0.1347027421 0.3294770420 -0.9345052242 0.9497767687 0.2258995026 0.2165490538 0.2824522257 -0.9167411327 -0.2825003564
12.4 24.0 2326.7 -0.8051517606 0.3294770420 -0.4931282997 0.5743455291 0.2258995026 -0.7868269086 -0.1478439718 -0.9167411327 -0.3711170554
194.5 165.4 2612.8 0.1080164835 0.9885856509 -0.1050279215 -0.8136219978 0.1486149281 0.5620790124 0.5712720156 0.0247392245 0.8203878999
231.7 -114.7 2809.5 0.0049289269 0.9885856509 0.1505793184 0.1322146654 0.1486149281 -0.9800167680 -0.9912088513 0.0247392245 -0.1299730092
-199.4 -23.1 2469.6 0.6332229972 -0.0316868238 -0.7733204961 0.0048698168 0.9993048906 -0.0369589590 0.7739540935 0.0196373332 0.6329371333
-186.8 -420.4 2461.8 0.6278476715 0.1144238859 -0.7698795199 -0.0502267331 0.9930294752 0.1066290885 0.7767139673 -0.0282782950 0.6292183995
-109.5 -93.7 2612.6 0.1789823472 -0.2469506562 -0.9523553252 0.0076520350 0.9683062434 -0.2496487200 0.9838225245 0.0373952575 0.1751994044
-11.3 -478.4 2597.7 0.1846381277 0.1312918663 -0.9739975333 0.0490627214 0.9885698557 0.1425568610 0.9815811515 -0.0741084069 0.1760861427
223.2 -126.3 2365.4 0 0 0 0 0 0 0 0 0
233.0 -79.2 2543.7 0 0 0 0 0 0 0 0 0
-225.1 -752.7 2471.3 0 0 0 0 0 0 0 0 0
-44.6 -728.6 2616.5 0 0 0 0 0 0 0 0 0
267.5 363.0 2496.3 44 0.4984220862 0.7206118107 -0.4819689095 -0.4710380435 0.6918281913 0.5472631454 0.7278039455 -0.0457423329 0.6842580438
123.5 224.7 2505.5 0.4984220862 0.7206118107 -0.4819689095 -0.4710380435 0.6918281913 0.5472631454 0.7278039455 -0.0457423329 0.6842580438
-14.8 82.4 2514.5 0.5151870251 0.6959299445 -0.5002637506 -0.4543681443 0.7166814804 0.5290720463 0.7267268300 -0.0452671275 0.6854334474
51.1 288.5 2403.5 0.1757497638 0.2782059908 -0.9443057775 0.9419270754 0.2313084155 0.2434538156 0.2861561775 -0.9322541952 -0.2213973701
3.2 31.8 2325.5 -0.8264413476 0.2782059908 -0.4894855917 0.5522510409 0.2313084155 -0.8009464145 -0.1096059680 -0.9322541952 -0.3448023796
195.9 160.9 2607.5 0.1041101143 0.9893271327 -0.1019456014 -0.8355111480 0.1426041871 0.5306460261 0.5395203829 0.0299310684 0.8414403796
231.8 -126.9 2793.4 0.0052505583 0.9893271327 0.1456167996 0.1703907549 0.1426041871 -0.9750031233 -0.9853625894 0.0299310684 -0.1678234488
-200.5 -22.1 2469.1 0.6325969696 -0.0359038077 -0.7736485004 0.0048235408 0.9990881085 -0.0424219929 0.7744661570 0.0231042989 0.6321933270
-186.3 -419.4 2459.9 0.6272209883 0.1161965579 -0.7701247931 -0.0490561649 0.9927389026 0.1098312736 0.7772948742 -0.0311091114 0.6283668280
-105.9 -99.5 2605.2 0.1635852009 -0.2373840958 -0.9575430155 0.0331582204 0.9713926315 -0.2351528406 0.9859718084 0.0067171035 0.1667767018
-11.6 -485.4 2602.5 0.1639694124 0.1336491853 -0.9773699045 0.0359974466 0.9893091321 0.1413209587 0.9858084321 -0.0583551340 0.1574054211
220.1 -113.2 2354.2 0 0 0 0 0 0 0 0 0
233.2 -81.1 2529.0 0 0 0 0 0 0 0 0 0
-225.2 -752.0 2470.3 0 0 0 0 0 0 0 0 0
-44.3 -727.9 2616.8 0 0 0 0 0 0 0 0 0
266.2 361.8 2496.6 45 0.5172703266 0.7208386064 -0.4613276124 -0.4919901788 0.6915338635 0.5288918018 0.7002692819 -0.0466113798 0.7123554349
122.4 223.9 2505.9 0.5172703266 0.7208386064 -0.4613276124 -0.4919901788 0.6915338635 0.5288918018 0.7002692819 -0.0466113798 0.7123554349
-16.4 82.0 2515.0 0.5330338478 0.6986296773 -0.4772750735 -0.4763814509 0.7139945030 0.5131009817 0.6992393136 -0.0461351871 0.7133974433
47.5 290.8 2407.6 0.1133550778 0.3066072464 -0.9450622201 0.9546044469 0.2301106751 0.1891545951 0.2754650712 -0.9236022234 -0.2666044235
15.7 22.7 2330.3 -0.8285184503 0.3066072464 -0.4685607553 0.5421888232 0.2301106751 -0.8081339002 -0.1399588734 -0.9236022234 -0.3568899632
197.3 157.0 2604.1 0.1144058481 0.9906266928 -0.0746330544 -0.8502156734 0.1364948452 0.5084314346 0.5138527751 0.0052866633 0.8578621149
236.8 -136.0 2781.2 -0.0218919441 0.9906266928 0.1348315030 0.1968475580 0.1364948452 -0.9708862901 -0.9801896811 0.0052866633 -0.1979905814
-200.4 -18.4 2456.9 0.6528350711 -0.0366774537 -0.7566115856 0.0314704515 0.9992779493 -0.0212869532 0.7568460703 -0.0099140387 0.6535179615
-185.8 -415.5 2460.9 0.6447767019 0.1210361794 -0.7547272444 -0.0546394847 0.9921558499 0.1124333218 0.7624155879 -0.0312564783 0.6463323832
-106.0 -101.6 2590.0 0.1774673909 -0.2315893769 -0.9564892650 0.0665530190 0.9725160599 -0.2231215835 0.9818737507 -0.0240604412 0.1880028546
-14.0 -487.9 2599.5 0.1755500287 0.1273673624 -0.9761965871 0.0515122823 0.9890487790 0.1383077204 0.9831218719 -0.0745660365 0.1670665592
235.1 -120.9 2367.3 0 0 0 0 0 0 0 0 0
230.9 -83.2 2518.0 0 0 0 0 0 0 0 0 0
-226.6 -749.8 2471.4 0 0 0 0 0 0 0 0 0
-44.9 -727.7 2617.6 0 0 0 0 0 0 0 0 0
273.0 364.6 2497.7 46 0.5341011286 0.7235046625 -0.4373522997 -0.5138937831 0.6886145473 0.5115888715 0.6713041067 -0.0484875701 0.7395943403
129.2 227.7 2507.3 0.5341011286 0.7235046625 -0.4373522997 -0.5138937831 0.6886145473 0.5115888715 0.6713041067 -0.0484875701 0.7395943403
-9.9 86.0 2515.5 0.5488396287 0.6996103525 -0.4575155079 -0.4993745983 0.7133237720 0.4917257428 0.6703730822 -0.0414069407 0.7408679724
52.0 297.9 2413.1 0.0829756707 0.3465244472 -0.9343639016 0.9575853944 0.2318954468 0.1710401475 0.2759443223 -0.9089253545 -0.3125850558
27.5 14.6 2331.5 -0.8295099139 0.3465244472 -0.4379886985 0.5281797051 0.2318954468 -0.8168541193 -0.1814923286 -0.9089253545 -0.3753867447
206.3 157.6 2601.5 0.1244419739 0.9908960462 -0.0513729565 -0.8661519885 0.1337420642 0.4815535545 0.4840402305 -0.0154286856 0.8749096990
249.2 -141.0 2768.3 -0.0458489358 0.9908960462 0.1265814304 0.2274827659 0.1337420642 -0.9645541310 -0.9727021456 -0.0154286856 -0.2315437198
-204.2 -16.2 2460.2 0.6707160473 -0.0508985817 -0.7399657369 0.0300737824 0.9986884594 -0.0414355099 0.7411043048 0.0055378922 0.6713671088
-183.9 -413.1 2458.0 0.6627299190 0.1236763224 -0.7385751605 -0.0525158495 0.9915153980 0.1189088896 0.7470148206 -0.0400175750 0.6636018753
-106.5 -103.5 2588.2 0.1900749803 -0.2383169085 -0.9524056911 0.0861161202 0.9703988433 -0.2256327718 0.9779854417 -0.0391303338 0.2049714625
-11.8 -489.1 2603.8 0.1812753975 0.1395773292 -0.9734769464 0.0210149549 0.9891010523 0.1457308084 0.9832078218 -0.0468749851 0.1763664782
249.1 -126.5 2380.0 0 0 0 0 0 0 0 0 0
236.9 -79.9 2507.2 0 0 0 0 0 0 0 0 0
-225.9 -749.6 2471.6 0 0 0 0 0 0 0 0 0
-45.2 -725.8 2615.0 0 0 0 0 0 0 0 0 0
272.0 363.9 2496.7 47 0.5485223532 0.7147946954 -0.4338107407 -0.5149984956 0.6975548863 0.4981904328 0.6587106586 -0.0498566926 0.7507426739
130.2 225.5 2506.6 0.5485223532 0.7147946954 -0.4338107407 -0.5149984956 0.6975548863 0.4981904328 0.6587106586 -0.0498566926 0.7507426739
-7.2 82.2 2515.9 0.5645401478 0.6913425922 -0.4509322345 -0.4988389909 0.7210257053 0.4809173942 0.6576124430 -0.0465545841 0.7519165874
50.8 295.6 2414.2 0.0518215261 0.3545224667 -0.9336103797 0.9608574510 0.2370692194 0.1433568597 0.2721534967 -0.9044954181 -0.3283602595
35.4 9.9 2333.2 -0.8349352479 0.3545224667 -0.4209476709 0.5157399178 0.2370692194 -0.8232924938 -0.1920819432 -0.9044954181 -0.3807788193
209.6 155.4 2599.1 0.1414233893 0.9890275598 -0.0427071042 -0.8685413003 0.1446639895 0.4740341008 0.4750109911 -0.0299466252 0.8794701695
258.4 -144.1 2762.9 -0.0636791885 0.9890275598 0.1333020329 0.2345560193 0.1446639895 -0.9612782001 -0.9700146317 -0.0299466252 -0.2411944568
-199.3 -10.1 2462.4 0.6824998856 -0.0409225933 -0.7297391295 0.0205248501 0.9991106391 -0.0368323252 0.7305974364 0.0101602720 0.6827328205
-183.0 -407.2 2458.4 0.6751959324 0.1224030852 -0.7274118066 -0.0543599129 0.9917113781 0.1164195389 0.7356326580 -0.0390639603 0.6762533784
-98.7 -101.5 2585.2 0.2019491941 -0.2167089731 -0.9551197290 0.0911238417 0.9751403928 -0.2019843906 0.9751476645 -0.0462435968 0.2166761607
-12.6 -489.1 2603.6 0.1932972223 0.1341426820 -0.9719269276 0.0240646265 0.9896633625 0.1413765997 0.9808450937 -0.0507167615 0.1880710870
261.1 -129.5 2385.2 0 0 0 0 0 0 0 0 0
241.3 -81.1 2502.3 0 0 0 0 0 0 0 0 0
-225.4 -750.7 2471.9 0 0 0 0 0 0 0 0 0
-44.4 -723.7 2615.6 0 0 0 0 0 0 0 0 0
267.0 364.9 2495.8 48 0.5395244956 0.7084729671 -0.4549498856 -0.4858258665 0.7032673359 0.5190262794 0.6876674891 -0.0590009652 0.7236244082
126.3 225.2 2507.5 0.5395244956 0.7084729671 -0.4549498856 -0.4858258665 0.7032673359 0.5190262794 0.6876674891 -0.0590009652 0.7236244082
-10.7 81.7 2519.5 0.5540110469 0.6889716387 -0.4673219919 -0.4710481167 0.7222653031 0.5064054728 0.6864295006 -0.0604230985 0.7246817350
48.4 291.4 2411.0 0.0708331466 0.3494836688 -0.9342611432 0.9599640369 0.2305962145 0.1590421349 0.2710196972 -0.9081225395 -0.3191578984
27.8 12.4 2332.2 -0.8306937814 0.3494836688 -0.4333693981 0.5245679021 0.2305962145 -0.8195449114 -0.1864842176 -0.9081225395 -0.3748827577
204.2 159.0 2603.9 0.1359689087 0.9887927175 -0.0616552979 -0.8494179845 0.1483815163 0.5064306855 0.5099034905 -0.0164877102 0.8600735664
251.1 -133.8 2779.7 -0.0460119769 0.9887927175 0.1420275271 0.1978159100 0.1483815163 -0.9689436555 -0.9791586995 -0.0164877102 -0.2024262697
-196.4 -15.4 2464.8 0.6699377894 -0.0317317657 -0.7417387962 0.0088118417 0.9993556738 -0.0347938277 0.7423649430 0.0167736150 0.6697857380
-183.8 -412.7 2458.2 0.6641449928 0.1188519150 -0.7380959988 -0.0490277261 0.9920811653 0.1156343147 0.7459944487 -0.0406107791 0.6647127271
-92.9 -106.8 2585.4 0.1927402318 -0.1991084963 -0.9608366489 0.0825174302 0.9790171385 -0.1863232404 0.9777740240 -0.0433737859 0.2051258981
-13.8 -495.9 2602.6 0.1866613925 0.1339246482 -0.9732531905 0.0361453332 0.9890578389 0.1430318058 0.9817591310 -0.0618770756 0.1797781587
254.4 -130.7 2383.1 0 0 0 0 0 0 0 0 0
238.7 -80.6 2516.7 0 0 0 0 0 0 0 0 0
-224.3 -750.7 2472.0 0 0 0 0 0 0 0 0 0
-44.8 -725.2 2616.9 0 0 0 0 0 0 0 0 0
265.7 362.7 2496.8 49 0.5063056946 0.7112745047 -0.4875891507 -0.4447379410 0.6997916102 0.5590168834 0.7388252616 -0.0661840290 0.6706392169
124.8 224.1 2509.9 0.5063056946 0.7112745047 -0.4875891507 -0.4447379410 0.6997916102 0.5590168834 0.7388252616 -0.0661840290 0.6706392169
-12.4 81.0 2523.9 0.5223993063 0.6901339889 -0.5008134246 -0.4284304380 0.7202427387 0.5456168652 0.7372559905 -0.0704661608 0.6719287038
51.5 284.1 2406.5 0.0667231902 0.3510378003 -0.9339810014 0.9670663476 0.2076809555 0.1471439153 0.2456231266 -0.9130395055 -0.3256196976
32.3 5.9 2335.8 -0.8397827148 0.3510378003 -0.4141708314 0.5011308789 0.2076809555 -0.8400812149 -0.2088848799 -0.9130395055 -0.3503227532
198.2 164.0 2613.3 0.1125874743 0.9884603024 -0.1013425738 -0.8182243109 0.1500949264 0.5549599528 0.5637668371 0.0204394162 0.8256810308
236.9 -117.6 2807.3 -0.0009145789 0.9884603024 0.1514774561 0.1408421695 0.1500949264 -0.9785882831 -0.9900316596 0.0204394162 -0.1393541545
-198.5 -18.7 2468.6 0.6368415356 -0.0366106406 -0.7701249719 0.0030544766 0.9989839196 -0.0449644215 0.7709886432 0.0262828823 0.6363062859
-183.9 -415.8 2458.1 0.6319398880 0.1186163798 -0.7658865452 -0.0439039432 0.9921105504 0.1174272001 0.7737728953 -0.0405814871 0.6321619153
-96.9 -105.0 2594.4 0.1665355712 -0.2053527832 -0.9644148946 0.0471060127 0.9786134362 -0.2002417892 0.9849095941 -0.0120823579 0.1726472974
-15.3 -493.8 2599.2 0.1673734635 0.1253270209 -0.9778953195 0.0536917076 0.9892566204 0.1359727830 0.9844304323 -0.0752631053 0.1588462740
263.0 -131.7 2393.2 0 0 0 0 0 0 0 0 0
236.7 -79.8 2542.0 0 0 0 0 0 0 0 0 0
-224.1 -751.5 2471.9 0 0 0 0 0 0 0 0 0
-44.8 -726.4 2616.9 0 0 0 0 0 0 0 0 0
268.6 364.6 2504.3 50 0.5286400914 0.7065142393 -0.4705074430 -0.4778422117 0.7058126926 0.5229676962 0.7015742660 -0.0516333841 0.7107232213
128.5 224.5 2514.5 0.5286400914 0.7065142393 -0.4705074430 -0.4778422117 0.7058126926 0.5229676962 0.7015742660 -0.0516333841 0.7107232213
-7.8 80.2 2525.2 0.5446059108 0.6849857569 -0.4839410484 -0.4614075124 0.7265534997 0.5091395974 0.7003624439 -0.0539863929 0.7117428780
52.0 289.2 2416.3 0.0355520174 0.4116195440 -0.9106620550 0.9659633040 0.2194754034 0.1369139105 0.2562243640 -0.8845337033 -0.3898065686
41.2 -3.9 2338.5 -0.8396109939 0.4116195440 -0.3544329703 0.4687852561 0.2194754034 -0.8556114435 -0.2743970752 -0.8845337033 -0.3772351444
204.9 159.9 2612.8 0.1319278330 0.9880053997 -0.0802522823 -0.8443676829 0.1544194669 0.5130280852 0.5192670226 0.0000797477 0.8546120524
250.3 -130.7 2791.5 -0.0295250658 0.9880053997 0.1515706182 0.1894138902 0.1544194669 -0.9696788192 -0.9814533591 0.0000797477 -0.1917011887
-197.5 -23.0 2470.4 0.6569874287 -0.0326315910 -0.7531949878 0.0023213390 0.9991456270 -0.0412623845 0.7538979650 0.0253604464 0.6565018296
-184.5 -420.2 2460.4 0.6512598991 0.1219792292 -0.7489870787 -0.0523616150 0.9918674827 0.1160049513 0.7570461035 -0.0363312028 0.6523505449
-101.9 -101.3 2605.3 0.1877153814 -0.2219724953 -0.9568130374 0.0275221225 0.9749358296 -0.2207773179 0.9818378091 0.0151097756 0.1891196072
-13.7 -488.6 2599.3 0.1905411035 0.1301237494 -0.9730169177 0.0486726314 0.9887047410 0.1417530328 0.9804718494 -0.0743690729 0.1820554286
273.4 -133.5 2414.4 0 0 0 0 0 0 0 0 0
242.4 -79.9 2528.4 0 0 0 0 0 0 0 0 0
-225.3 -752.3 2472.5 0 0 0 0 0 0 0 0 0
-45.1 -727.1 2617.2 0 0 0 0 0 0 0 0 0
269.1 366.5 2499.5 51 0.5486128926 0.7102442980 -0.4411087930 -0.4926120937 0.7008823156 0.5158461928 0.6755421758 -0.0657043383 0.7343879938
128.0 227.3 2512.6 0.5486128926 0.7102442980 -0.4411087930 -0.4926120937 0.7008823156 0.5158461928 0.6755421758 -0.0657043383 0.7343879938
-8.4 83.2 2525.0 0.5647422075 0.6858660579 -0.4589706361 -0.4761383533 0.7250403762 0.4976029694 0.6740612388 -0.0624838546 0.7360280156
48.6 294.1 2417.9 0.0970478877 0.4318817258 -0.8966938853 0.9502301216 0.2277825922 0.2125507593 0.2960480452 -0.8726931214 -0.3882811964
21.6 28.9 2335.3 -0.7560968399 0.4318817258 -0.4917273223 0.6189572215 0.2277825922 -0.7516695261 -0.2126254141 -0.8726931214 -0.4395419955
207.3 160.4 2607.2 0.1451753825 0.9880852699 -0.0511039384 -0.8542397618 0.1512353867 0.4973955452 0.4991979301 -0.0285545755 0.8660173416
257.3 -133.9 2779.2 -0.0600017160 0.9880852699 0.1417296678 0.2076720744 0.1512353867 -0.9664368629 -0.9763565660 -0.0285545755 -0.2142720968
-193.9 -21.9 2471.8 0.6803945899 -0.0219325814 -0.7325176597 -0.0034625540 0.9994446635 -0.0331409164 0.7328377366 0.0250852816 0.6799408197
-185.2 -419.3 2461.9 0.6747648716 0.1205023453 -0.7281287909 -0.0584028549 0.9922050238 0.1100833192 0.7357183099 -0.0317555554 0.6765427589
-94.2 -106.3 2599.9 0.2115793079 -0.2003029883 -0.9566153288 0.0433904305 0.9797340035 -0.1955468655 0.9763972163 -0.0001342805 0.2159826756
-14.6 -495.5 2600.0 0.2115893215 0.1258064508 -0.9692279100 0.0434691869 0.9894881845 0.1379258931 0.9763914943 -0.0713151917 0.2038964331
222.3 -135.4 2391.8 0 0 0 0 0 0 0 0 0
241.2 -78.2 2517.2 0 0 0 0 0 0 0 0 0
-225.4 -750.3 2472.5 0 0 0 0 0 0 0 0 0
-44.2 -727.9 2616.7 0 0 0 0 0 0 0 0 0
271.1 363.0 2497.7 52 0.5127146840 0.7179550529 -0.4708122611 -0.4448298514 0.6911719441 0.5695680380 0.7343364954 -0.0825945288 0.6737418175
127.9 225.2 2514.1 0.5127146840 0.7179550529 -0.4708122611 -0.4448298514 0.6911719441 0.5695680380 0.7343364954 -0.0825945288 0.6737418175
-9.9 82.8 2530.2 0.5293946862 0.6923782229 -0.4902587533 -0.4281761646 0.7169363499 0.5501522422 0.7323977351 -0.0813305452 0.6760021448
53.6 285.1 2411.5 0.1771550924 0.4006066322 -0.8989607096 0.9406310916 0.1997926682 0.2744011581 0.2895326912 -0.8942019939 -0.3414287865
7.0 37.5 2335.3 -0.7236961722 0.4006066322 -0.5619414449 0.6675437689 0.1997926682 -0.7172644138 -0.1750691086 -0.8942019939 -0.4120116532
202.1 165.3 2616.7 0.1155959964 0.9893566370 -0.0883798972 -0.8168694973 0.1453088373 0.5582200289 0.5651210546 0.0076668416 0.8249723911
241.9 -115.5 2810.9 -0.0124895945 0.9893566370 0.1449739635 0.1372958124 0.1453088373 -0.9798138738 -0.9904513359 0.0076668416 -0.1376493722
-196.5 -17.3 2475.7 0.6461737752 -0.0276757814 -0.7626883388 -0.0066875475 0.9990985990 -0.0419203341 0.7631610036 0.0321883373 0.6454061866
-185.5 -414.6 2462.9 0.6415221691 0.1171625629 -0.7581043839 -0.0517373197 0.9926255345 0.1096259505 0.7653577924 -0.0311051831 0.6428529024
-93.0 -104.5 2599.1 0.1800810993 -0.1948312372 -0.9641636610 0.0389083996 0.9808318019 -0.1909323186 0.9828819633 -0.0031307642 0.1842098385
-15.6 -494.3 2600.3 0.1811776608 0.1239420548 -0.9756090641 0.0476110317 0.9897580743 0.1345812678 0.9822972417 -0.0708328709 0.1734210402
199.6 -140.2 2381.9 0 0 0 0 0 0 0 0 0
238.5 -78.7 2545.9 0 0 0 0 0 0 0 0 0
-225.4 -753.3 2473.5 0 0 0 0 0 0 0 0 0
-44.8 -727.6 2617.0 0 0 0 0 0 0 0 0 0
270.5 363.7 2496.2 53 0.5025709271 0.7177081108 -0.4819932878 -0.4261485934 0.6907359958 0.5841927528 0.7522099614 -0.0881974995 0.6529941559
126.8 225.4 2513.9 0.5025709271 0.7177081108 -0.4819932878 -0.4261485934 0.6907359958 0.5841927528 0.7522099614 -0.0881974995 0.6529941559
-11.5 83.7 2531.7 0.5183311105 0.6951362491 -0.4981148839 -0.4104875326 0.7132179737 0.5681725740 0.7502218485 -0.0900315866 0.6550278664
54.0 283.0 2408.6 0.2098903656 0.3872646987 -0.8977594972 0.9359375834 0.1859898120 0.2990461886 0.2827841640 -0.9030137658 -0.3234181106
-0.4 40.6 2335.3 -0.7026975155 0.3872646987 -0.5968603492 0.6936098933 0.1859898120 -0.6959260702 -0.1584976315 -0.9030137658 -0.3993051946
199.6 167.9 2619.2 0.1065367833 0.9893870950 -0.0988081917 -0.8022226095 0.1442404538 0.5793389678 0.5874426365 0.0175452512 0.8090755939
236.3 -108.3 2821.4 0.0012972571 0.9893870950 0.1452978402 0.1119755507 0.1442404538 -0.9831867218 -0.9937101007 0.0175452512 -0.1106000543
-196.0 -20.5 2479.4 0.6363353729 -0.0294734612 -0.7708492279 -0.0120380884 0.9987687469 -0.0481254049 0.7713185549 0.0399034508 0.6351971030
-184.3 -417.6 2463.5 0.6314682364 0.1204042211 -0.7659965158 -0.0577185266 0.9924287796 0.1084145755 0.7732505798 -0.0242481679 0.6336367726
-99.2 -98.6 2613.1 0.1768964678 -0.2148527950 -0.9604925513 0.0147835631 0.9763526917 -0.2156778127 0.9841184020 0.0239531416 0.1758896261
-13.8 -486.5 2603.6 0.1782180369 0.1254716814 -0.9759585857 0.0251453556 0.9909322858 0.1319884807 0.9836696982 -0.0480635539 0.1734469831
187.0 -144.4 2377.6 0 0 0 0 0 0 0 0 0
236.6 -78.3 2554.9 0 0 0 0 0 0 0 0 0
-224.9 -752.0 2471.7 0 0 0 0 0 0 0 0 0
-44.5 -728.5 2615.4 0 0 0 0 0 0 0 0 0
268.2 364.3 2504.5 54 0.4927545488 0.7079840899 -0.5059164166 -0.4302192926 0.7035858631 0.5655778050 0.7563757896 -0.0610360280 0.6512835622
128.0 224.9 2516.6 0.4927545488 0.7079840899 -0.5059164166 -0.4302192926 0.7035858631 0.5655778050 0.7563757896 -0.0610360280 0.6512835622
-9.2 81.8 2530.0 0.5072422028 0.6903791428 -0.5158313513 -0.4154672623 0.7202963233 0.5554819703 0.7550445795 -0.0674528256 0.6521946192
56.7 283.3 2410.5 0.2355070710 0.3770536780 -0.8957493901 0.9286782742 0.1844118088 0.3217902780 0.2865189612 -0.9076468349 -0.3067312539
-4.4 42.3 2336.1 -0.6939754486 0.3770536780 -0.6133747697 0.7052465081 0.1844118088 -0.6845580339 -0.1450015455 -0.9076468349 -0.3938930333
199.3 166.6 2622.7 0.1027278155 0.9874321222 -0.1201033443 -0.8085609674 0.1532196701 0.5681134462 0.5793756843 0.0387498178 0.8141390085
234.7 -112.2 2822.4 0.0195779540 0.9874321222 0.1568264067 0.1247093454 0.1532196701 -0.9802914262 -0.9920001626 0.0387498178 -0.1201422885
-197.2 -20.4 2480.9 0.6211479902 -0.0317596421 -0.7830494642 -0.0131829968 0.9986136556 -0.0509600043 0.7835823894 0.0419766419 0.6198682189
-184.6 -417.5 2464.2 0.6166769862 0.1170022190 -0.7784728408 -0.0560433231 0.9929091334 0.1048359573 0.7852188349 -0.0210217144 0.6188613772
-102.2 -95.5 2618.2 0.1589645594 -0.2232030034 -0.9617227912 -0.0023849444 0.9740195870 -0.2264511436 0.9872813821 0.0382913612 0.1543022692
-13.5 -482.6 2603.0 0.1626590639 0.1262550205 -0.9785712361 0.0260942969 0.9908820987 0.1321807802 0.9863372445 -0.0470355302 0.1578814238
180.6 -145.7 2374.8 0 0 0 0 0 0 0 0 0
240.0 -78.7 2556.1 0 0 0 0 0 0 0 0 0
-224.3 -754.7 2471.3 0 0 0 0 0 0 0 0 0
-44.9 -728.7 2614.7 0 0 0 0 0 0 0 0 0
268.6 362.1 2500.1 55 0.5089975595 0.7115468979 -0.4843784869 -0.4438018799 0.6991043687 0.5606184006 0.7375373840 -0.0703852847 0.6716282368
127.2 223.2 2514.1 0.5089975595 0.7115468979 -0.4843784869 -0.4438018799 0.6991043687 0.5606184006 0.7375373840 -0.0703852847 0.6716282368
-10.0 80.0 2527.4 0.5212523341 0.6903264523 -0.5017424226 -0.4313927591 0.7204251885 0.5430357456 0.7363398075 -0.0666105971 0.6733251214
53.9 283.8 2410.6 0.2330612987 0.3670968711 -0.9005122781 0.9292606711 0.1888692528 0.3174948692 0.2866304517 -0.9108064175 -0.2971105874
-6.3 43.6 2336.5 -0.6893299818 0.3670968711 -0.6245510578 0.7126793861 0.1888692528 -0.6755860448 -0.1300470382 -0.9108064175 -0.3918156326
200.5 162.5 2617.6 0.1125720516 0.9883006811 -0.1029044017 -0.8202293515 0.1508804858 0.5517778993 0.5608487725 0.0222904366 0.8276181817
239.3 -120.3 2811.0 0.0002336494 0.9883006811 0.1525179595 0.1446514875 0.1508804858 -0.9779115915 -0.9894826412 0.0222904366 -0.1429239064
-192.9 -23.3 2474.2 0.6357905269 -0.0214910600 -0.7715623975 -0.0022031786 0.9995576739 -0.0296571162 0.7718585134 0.0205556042 0.6354619861
-184.4 -420.6 2466.0 0.6294476390 0.1196264401 -0.7677793503 -0.0655864850 0.9927317500 0.1009062156 0.7742699981 -0.0131592304 0.6327185631
-100.0 -99.4 2612.5 0.1706195474 -0.2132511139 -0.9619838595 0.0126670636 0.9766933918 -0.2142652422 0.9852555394 0.0243723281 0.1693442464
-15.2 -487.6 2602.8 0.1739636660 0.1232617646 -0.9770072699 0.0390574262 0.9904909730 0.1319173723 0.9839771986 -0.0611082166 0.1674951464
177.5 -146.5 2371.2 0 0 0 0 0 0 0 0 0
239.4 -81.4 2545.2 0 0 0 0 0 0 0 0 0
-224.5 -753.7 2470.4 0 0 0 0 0 0 0 0 0
-45.0 -727.2 2617.6 0 0 0 0 0 0 0 0 0
274.2 359.1 2507.0 56 0.4943525791 0.7159062624 -0.4930453300 -0.4528091252 0.6962515712 0.5569539070 0.7420104146 -0.0520761646 0.6683626771
132.1 220.9 2517.3 0.4943525791 0.7159062624 -0.4930453300 -0.4528091252 0.6962515712 0.5569539070 0.7420104146 -0.0520761646 0.6683626771
-5.7 78.1 2528.5 0.5114901066 0.6932746172 -0.5076890588 -0.4356041253 0.7184784412 0.5422524810 0.7406935692 -0.0562053099 0.6694878936
60.1 282.1 2413.1 0.2445828617 0.3470844328 -0.9053792357 0.9326740503 0.1711111814 0.3175532520 0.2651382983 -0.9220918417 -0.2818658054
-2.3 44.2 2345.5 -0.6301959157 0.3470844328 -0.6945397854 0.7707013488 0.1711111814 -0.6137918234 -0.0941940770 -0.9220918417 -0.3753320277
204.0 159.6 2621.5 0.1037902609 0.9884148836 -0.1107411236 -0.8224909902 0.1479003727 0.5492122173 0.5592281818 0.0340806916 0.8283129334
239.8 -124.1 2814.4 0.0119445976 0.9884148836 0.1513054520 0.1480486244 0.1479003727 -0.9778584242 -0.9889079332 0.0340806916 -0.1445668638
-195.0 -23.7 2473.1 0.6267601252 -0.0264286306 -0.7787639499 0.0014742323 0.9994630814 -0.0327319354 0.7792108655 0.0193669926 0.6264625788
-184.5 -421.0 2465.4 0.6205497384 0.1183072254 -0.7751912475 -0.0610671416 0.9928423762 0.1026394889 0.7817856669 -0.0163541902 0.6233327389
-99.5 -102.7 2608.1 0.1571427286 -0.2157391608 -0.9637234211 0.0191493817 0.9763295650 -0.2154387236 0.9873902202 0.0153999226 0.1575543731
-13.7 -490.8 2601.9 0.1606407464 0.1286728084 -0.9785897136 0.0456222966 0.9894382358 0.1375883967 0.9859579802 -0.0667478144 0.1530737579
165.1 -160.6 2370.5 0 0 0 0 0 0 0 0 0
243.0 -84.3 2548.6 0 0 0 0 0 0 0 0 0
-224.2 -754.0 2470.9 0 0 0 0 0 0 0 0 0
-44.5 -728.0 2617.9 0 0 0 0 0 0 0 0 0
271.8 359.8 2501.9 57 0.5057687759 0.7119013667 -0.4872313738 -0.4419741929 0.6988742948 0.5623464584 0.7408487201 -0.0690735653 0.6681107879
130.7 221.3 2515.6 0.5057687759 0.7119013667 -0.4872313738 -0.4419741929 0.6988742948 0.5623464584 0.7408487201 -0.0690735653 0.6681107879
-6.0 77.7 2529.9 0.5232558846 0.6875707507 -0.5034379363 -0.4242129922 0.7225316167 0.5458858609 0.7390850186 -0.0720730573 0.6697453856
57.1 281.0 2411.6 0.2498613596 0.3032908440 -0.9195563793 0.9347550273 0.1721851528 0.3107817471 0.2525912225 -0.9372123480 -0.2404802293
-5.8 45.7 2348.0 -0.6343926191 0.3032908440 -0.7110278606 0.7703768015 0.1721851528 -0.6138988733 -0.0637614653 -0.9372123480 -0.3428812325
204.3 161.6 2619.5 0.1162282005 0.9876787066 -0.1047939062 -0.8157458901 0.1551174670 0.5572227836 0.5666124225 0.0207201988 0.8237238526
244.4 -119.8 2815.0 -0.0008205544 0.9876787066 0.1564930826 0.1375327706 0.1551174670 -0.9782756567 -0.9904968739 0.0207201988 -0.1359654665
-190.5 -24.8 2471.7 0.6362981796 -0.0153904101 -0.7712896466 -0.0003756131 0.9997946620 -0.0202599000 0.7714431286 0.0131810447 0.6361617446
-184.3 -422.3 2466.5 0.6296892166 0.1202037185 -0.7674910426 -0.0666540265 0.9926729798 0.1007850915 0.7739823461 -0.0123069147 0.6330875158
-96.6 -104.7 2607.5 0.1687894464 -0.2109323591 -0.9628175497 0.0304418523 0.9774826169 -0.2088084668 0.9851819277 0.0059347153 0.1714099348
-12.8 -493.3 2605.2 0.1695733964 0.1344348490 -0.9763053656 0.0361893997 0.9891348481 0.1424871385 0.9848528504 -0.0594939329 0.1628658324
162.7 -158.8 2365.0 0 0 0 0 0 0 0 0 0
244.2 -82.8 2548.8 0 0 0 0 0 0 0 0 0
-224.5 -754.2 2470.6 0 0 0 0 0 0 0 0 0
-44.8 -728.5 2619.3 0 0 0 0 0 0 0 0 0
276.1 357.0 2498.8 58 0.5101556778 0.7232099771 -0.4655195475 -0.4464060664 0.6852850318 0.5754181147 0.7351617217 -0.0857420936 0.6724473834
132.7 221.2 2515.8 0.5101556778 0.7232099771 -0.4655195475 -0.4464060664 0.6852850318 0.5754181147 0.7351617217 -0.0857420936 0.6724473834
-5.8 79.7 2532.8 0.5279115438 0.6970267892 -0.4852453470 -0.4289378822 0.7119431496 0.5560119152 0.7330223322 -0.0853849947 0.6748241782
58.4 281.5 2412.7 0.2398872524 0.2902246714 -0.9264036417 0.9412806630 0.1640004963 0.2951178253 0.2375811338 -0.9428008795 -0.2338412553
-2.0 44.4 2352.8 -0.6021685004 0.2902246714 -0.7437490821 0.7970003486 0.1640004963 -0.5812867880 -0.0467285477 -0.9428008795 -0.3300651014
207.0 160.8 2619.0 0.1126450375 0.9900594354 -0.0842220858 -0.8150234222 0.1405486912 0.5621235371 0.5683730245 0.0053225495 0.8227537870
245.9 -120.4 2815.1 -0.0136421854 0.9900594354 0.1399862617 0.1336255074 0.1405486912 -0.9810149074 -0.9909380078 0.0053225495 -0.1342145950
-190.6 -27.0 2476.4 0.6477133632 -0.0166297425 -0.7617025971 -0.0105760172 0.9994691610 -0.0308140498 0.7618107200 0.0280144513 0.6471936703
-184.0 -424.3 2465.3 0.6419560909 0.1217100769 -0.7570198178 -0.0656613335 0.9924204946 0.1038755849 0.7639247179 -0.0169766359 0.6450820565
-94.6 -104.8 2612.0 0.1857544631 -0.2033633888 -0.9613212943 0.0229544491 0.9789793491 -0.2026634365 0.9823280573 0.0155790374 0.1865178794
-13.8 -494.0 2605.8 0.1856298894 0.1316170096 -0.9737651348 0.0220166780 0.9901828766 0.1380331367 0.9823730588 -0.0470621474 0.1809097677
157.8 -167.1 2365.2 0 0 0 0 0 0 0 0 0
242.2 -84.5 2548.7 0 0 0 0 0 0 0 0 0
-224.5 -754.8 2470.9 0 0 0 0 0 0 0 0 0
-44.9 -727.9 2616.9 0 0 0 0 0 0 0 0 0
274.0 357.1 2497.3 59 0.5147475004 0.7174709439 -0.4693297744 -0.4394704401 0.6908454895 0.5741064548 0.7361390591 -0.0892633051 0.6709182858
131.7 220.0 2515.0 0.5147475004 0.7174709439 -0.4693297744 -0.4394704401 0.6908454895 0.5741064548 0.7361390591 -0.0892633051 0.6709182858
-5.6 77.4 2533.4 0.5344784260 0.6905372739 -0.4873305559 -0.4197371006 0.7173351049 0.5561034679 0.7335895300 -0.0926746055 0.6732442975
56.5 279.1 2411.8 0.2184160799 0.2737073302 -0.9366849661 0.9511103034 0.1550786793 0.2670950890 0.2183657438 -0.9492285848 -0.2264541835
2.7 44.8 2358.0 -0.5753381848 0.2737073302 -0.7707595825 0.8172746301 0.1550786793 -0.5549890399 -0.0323761925 -0.9492285848 -0.3129167259
206.9 161.0 2618.2 0.1218954027 0.9888254404 -0.0858241022 -0.8103980422 0.1490772516 0.5665959120 0.5730589032 0.0004862521 0.8195140362
249.0 -118.7 2816.0 -0.0186805464 0.9888254404 0.1479030102 0.1271422654 0.1490772516 -0.9806175828 -0.9917085767 0.0004862521 -0.1285063475
-192.8 -22.5 2482.5 0.6511881948 -0.0216798093 -0.7586065531 -0.0170900263 0.9989194870 -0.0432176702 0.7587238550 0.0411074422 0.6501141191
