-118.7 459.1 2487.5 66 0.7518718243 0.3947429657 -0.5280783772 -0.2011872828 0.9001214504 0.3864001334 0.6278634071 -0.1842807382 0.7561932206
-198.0 278.4 2524.5 0.7518718243 0.3947429657 -0.5280783772 -0.2011872828 0.9001214504 0.3864001334 0.6278634071 -0.1842807382 0.7561932206
-271.0 100.2 2559.5 0.7575336695 0.3734790087 -0.5354028344 -0.1878452152 0.9101921916 0.3691399992 0.6251855493 -0.1790630966 0.7596574426
-305.2 305.1 2436.0 -0.0408837758 0.3404712975 -0.9393656254 0.9917974472 0.1277809292 0.0031482037 0.1211048812 -0.9315317273 -0.3429027200
-294.1 35.1 2403.0 -0.6893334985 0.3404712975 -0.6394518018 0.7076961994 0.1277809292 -0.6948655248 -0.1548720300 -0.9315317273 -0.3290339410
-90.7 251.8 2613.0 -0.3345191777 0.8979493976 -0.2859787345 -0.5391168594 0.0665539056 0.8395972848 0.7729488611 0.4350373447 0.4618360996
-162.5 136.1 2778.9 0.2979261577 0.8979493976 -0.3239242435 -0.8194865584 0.0665539056 -0.5692209005 -0.4895730913 0.4350373447 0.7556855679
-413.5 -65.7 2531.6 0.1033357084 -0.0891593620 -0.9906423688 -0.0855683833 0.9914849997 -0.0981609896 0.9909590483 0.0949112028 0.0948265791
-378.6 -453.8 2494.5 0.0891799480 0.1791611761 -0.9797694683 -0.1645448506 0.9728227258 0.1629137993 0.9823298454 0.1466873735 0.1162363291
-288.4 -93.9 2658.7 -0.3357523382 -0.1853060126 -0.9235432148 -0.0177843943 0.9815308452 -0.1904755682 0.9417824149 -0.0475279577 -0.3328468204
-215.9 -478.1 2677.3 -0.3357523382 0.3424972594 -0.8774770498 -0.0177843943 0.9290824533 0.3694448173 0.9417824149 0.1396473497 -0.3058505058
-116.2 -147.6 2443.0 0 0 0 0 0 0 0 0 0
-86.6 -72.7 2654.1 0 0 0 0 0 0 0 0 0
-436.4 -767.7 2447.2 0 0 0 0 0 0 0 0 0
-344.9 -827.9 2624.7 0 0 0 0 0 0 0 0 0
-114.8 461.7 2491.9 67 0.7305321097 0.4087159634 -0.5470595360 -0.2017520964 0.8945260644 0.3988975286 0.6523947716 -0.1810370386 0.7359392643
-197.1 281.7 2528.3 0.7305321097 0.4087159634 -0.5470595360 -0.2017520964 0.8945260644 0.3988975286 0.6523947716 -0.1810370386 0.7359392643
-272.9 104.5 2562.9 0.7364912033 0.3873232305 -0.5545822382 -0.1882822663 0.9048244357 0.3818933964 0.6497157216 -0.1768431067 0.7393212914
-301.6 308.4 2436.0 -0.0229137763 0.3656872511 -0.9304556847 0.9908157587 0.1323675364 0.0276227966 0.1332634240 -0.9212772250 -0.3653617203
-295.4 40.7 2400.0 -0.6773904562 0.3656872511 -0.6382907033 0.7166700959 0.1323675364 -0.6847355962 -0.1659100950 -0.9212772250 -0.3517416120
-92.5 255.0 2620.6 -0.3076717556 0.9079388380 -0.2845788598 -0.5669376254 0.0652656853 0.8211711645 0.7641464472 0.4139896333 0.4946643114
-154.3 141.1 2774.1 0.2751336992 0.9079388380 -0.3161462843 -0.8379586935 0.0652656853 -0.5418170094 -0.4713031948 0.4139896333 0.7787720561
-412.2 -61.2 2538.4 0.0741963387 -0.0895379111 -0.9932159185 -0.0952912867 0.9907672405 -0.0964357182 0.9926804304 0.1018000022 0.0649791211
-377.1 -449.2 2498.5 0.0607996248 0.1822635680 -0.9813681245 -0.1680278629 0.9710249901 0.1699326187 0.9839054942 0.1545653492 0.0896633118
-276.1 -95.0 2650.7 -0.4539197981 -0.1487793028 -0.8785337210 0.0031380444 0.9856885672 -0.1685472876 0.8910370469 -0.0792638212 -0.4469566643
-217.9 -480.5 2681.7 -0.4539197981 0.3399419785 -0.8236481547 0.0031380444 0.9249687195 0.3800303340 0.8910370469 0.1699186414 -0.4209283590
-120.6 -144.3 2442.9 0 0 0 0 0 0 0 0 0
-84.1 -72.9 2653.7 0 0 0 0 0 0 0 0 0
-436.6 -766.1 2448.1 0 0 0 0 0 0 0 0 0
-345.9 -828.7 2617.7 0 0 0 0 0 0 0 0 0
-116.0 461.2 2493.1 68 0.7202571034 0.4112240672 -0.5586810112 -0.2001736164 0.8943009377 0.4001954198 0.6641989350 -0.1764103919 0.7264428139
-198.9 281.1 2528.6 0.7202571034 0.4112240672 -0.5586810112 -0.2001736164 0.8943009377 0.4001954198 0.6641989350 -0.1764103919 0.7264428139
-275.8 104.2 2562.7 0.7257807255 0.3926790059 -0.5648411512 -0.1878243238 0.9029945135 0.3864232302 0.6617887616 -0.1743676364 0.7291307449
-302.1 307.8 2434.5 -0.0217097644 0.3693752885 -0.9290266633 0.9905879498 0.1335600168 0.0299542919 0.1351451874 -0.9196323156 -0.3687982559
-296.2 36.4 2397.5 -0.6914772987 0.3693752885 -0.6208228469 0.7006353140 0.1335600168 -0.7009078860 -0.1759809554 -0.9196323156 -0.3511510789
-95.6 254.4 2622.8 -0.2854645550 0.9145618677 -0.2865075469 -0.5659790635 0.0803775042 0.8204920292 0.7734194994 0.3963786662 0.4946779311
-150.5 145.5 2771.5 0.2648992240 0.9145618677 -0.3056223094 -0.8596276641 0.0803775042 -0.5045589805 -0.4368852377 0.3963786662 0.8074746132
-415.0 -55.8 2538.9 0.0590378195 -0.0982647985 -0.9934075475 -0.0969658121 0.9898729920 -0.1036778092 0.9935351610 0.1024474874 0.0489116162
-376.5 -443.4 2498.8 0.0451841690 0.1877421886 -0.9811785221 -0.1696143448 0.9693627954 0.1776704341 0.9844741821 0.1583940685 0.0756436214
-282.4 -89.7 2656.0 -0.4769493639 -0.1612828970 -0.8640064597 -0.0071532344 0.9836996198 -0.1796771288 0.8789016604 -0.0795164481 -0.4703285992
-219.2 -474.7 2687.1 -0.4769493639 0.3145883679 -0.8207030296 -0.0071532344 0.9323313236 0.3615343571 0.8789016604 0.1783042550 -0.4424245059
-117.5 -144.7 2442.9 0 0 0 0 0 0 0 0 0
-82.8 -74.1 2659.8 0 0 0 0 0 0 0 0 0
-439.3 -767.5 2445.8 0 0 0 0 0 0 0 0 0
-337.7 -825.6 2620.0 0 0 0 0 0 0 0 0 0
-120.9 454.6 2493.7 69 0.6704979539 0.4148098528 -0.6151140928 -0.1619405895 0.8909293413 0.4242878556 0.7240219712 -0.1848721951 0.6645408273
-204.2 275.8 2530.8 0.6704979539 0.4148098528 -0.6151140928 -0.1619405895 0.8909293413 0.4242878556 0.7240219712 -0.1848721951 0.6645408273
-280.6 99.1 2566.7 0.6775829792 0.3898535967 -0.6236148477 -0.1461502761 0.9024065733 0.4053423405 0.7207783461 -0.1835115999 0.6684325933
-300.3 296.5 2428.5 -0.0133261001 0.3686151505 -0.9294865727 0.9916933179 0.1238050312 0.0348805524 0.1279326081 -0.9213008285 -0.3672030270
-296.8 34.8 2394.8 -0.6942842007 0.3686151505 -0.6181361675 0.6957042813 0.1238050312 -0.7075788975 -0.1842959225 -0.9213008285 -0.3424029946
-108.1 255.1 2633.0 -0.2280947268 0.9269341230 -0.2979361117 -0.6096094847 0.1026370674 0.7860292196 0.7591766119 0.3609137833 0.5416568518
-147.7 149.3 2764.8 0.2438968569 0.9269341230 -0.2851446271 -0.8957570195 0.1026370674 -0.4325332344 -0.3716633916 0.3609137833 0.8553406000
-418.1 -55.7 2537.1 -0.0086989868 -0.1020773500 -0.9947384000 -0.0956118628 0.9903032780 -0.1007861048 0.9953806996 0.0942320526 -0.0183744412
-378.1 -443.6 2500.2 -0.0203209091 0.1794608235 -0.9835551977 -0.1585777253 0.9707266688 0.1803964376 0.9871373773 0.1596357673 0.0087324418
-287.2 -89.6 2656.5 -0.4392312765 -0.1798256636 -0.8801923990 -0.0075235325 0.9804635644 -0.1965569556 0.8983424902 -0.0797118098 -0.4320031703
-216.8 -473.4 2687.7 -0.4392312765 0.3288218379 -0.8360335231 -0.0075235325 0.9292284250 0.3694291711 0.8983424902 0.1685547829 -0.4056722820
-117.2 -145.2 2442.5 0 0 0 0 0 0 0 0 0
-85.5 -79.2 2670.0 0 0 0 0 0 0 0 0 0
-438.0 -767.4 2447.0 0 0 0 0 0 0 0 0 0
-340.6 -823.3 2624.3 0 0 0 0 0 0 0 0 0
-127.9 449.6 2487.0 70 0.6098222733 0.4190217257 -0.6727091670 -0.1078616008 0.8847857714 0.4533431232 0.7851641178 -0.2038992494 0.5847584605
-212.1 271.8 2527.9 0.6098222733 0.4190217257 -0.6727091670 -0.1078616008 0.8847857714 0.4533431232 0.7851641178 -0.2038992494 0.5847584605
-289.7 96.4 2567.2 0.6153507829 0.3952200115 -0.6820150614 -0.0957684591 0.8962982297 0.4329871833 0.7824140787 -0.2011234760 0.5893874168
-299.2 285.2 2417.3 -0.0069150166 0.3406612873 -0.9401606917 0.9954640865 0.0915576518 0.0258535556 0.0948862061 -0.9357174039 -0.3397491872
-297.5 34.0 2393.3 -0.6969494820 0.3406612873 -0.6310398579 0.6925877929 0.0915576518 -0.7154993415 -0.1859664023 -0.9357174039 -0.2997488976
-125.0 258.4 2638.6 -0.1256604344 0.9551652670 -0.2680834532 -0.6495498419 0.1250370741 0.7499671578 0.7498629093 0.2683747709 0.6047152877
-145.8 151.1 2762.5 0.2077291161 0.9551652670 -0.2109689713 -0.9289153814 0.1250370741 -0.3485426605 -0.3065369129 0.2683747709 0.9132415652
-418.0 -64.5 2537.8 -0.0849295110 -0.0943469033 -0.9919101000 -0.1075905338 0.9905545115 -0.0850058272 0.9905610681 0.0995006338 -0.0942781493
-381.0 -452.5 2498.8 -0.0913055465 0.1716707796 -0.9809140563 -0.1434568018 0.9724864364 0.1835491061 0.9854356647 0.1574778408 -0.0641660690
-296.0 -90.7 2667.5 -0.4135195613 -0.1944317073 -0.8894930482 -0.0399129987 0.9798651338 -0.1956305802 0.9096199870 -0.0453947335 -0.4129537344
-220.0 -474.2 2685.3 -0.4135195613 0.3165375888 -0.8537010550 -0.0399129987 0.9304194450 0.3643166721 0.9096199870 0.1847258359 -0.3721126616
-117.0 -145.4 2441.5 0 0 0 0 0 0 0 0 0
-92.9 -85.5 2684.4 0 0 0 0 0 0 0 0 0
-436.8 -768.4 2447.7 0 0 0 0 0 0 0 0 0
-339.1 -824.5 2615.7 0 0 0 0 0 0 0 0 0
-118.8 451.9 2481.6 71 0.5953398347 0.4452822506 -0.6688005924 -0.0994578898 0.8668252230 0.4885920286 0.7972945571 -0.2243608087 0.5603424311
-209.1 276.1 2527.1 0.5953398347 0.4452822506 -0.6688005924 -0.0994578898 0.8668252230 0.4885920286 0.7972945571 -0.2243608087 0.5603424311
-289.5 102.5 2568.9 0.6015304923 0.4099325836 -0.6856502891 -0.0867642462 0.8867453337 0.4540426433 0.7941240668 -0.2136305720 0.5689718723
-294.5 288.3 2414.4 0.0078073414 0.3290534019 -0.9442790151 0.9965428710 0.0755482018 0.0345657803 0.0827125683 -0.9412844181 -0.3273259997
-296.5 31.5 2393.1 -0.6972249150 0.3290534019 -0.6368683577 0.6917015910 0.0755482018 -0.7182209492 -0.1882188022 -0.9412844181 -0.2802808583
-123.7 263.9 2639.8 -0.1291975975 0.9537885189 -0.2712847292 -0.6772370934 0.1149653867 0.7267274857 0.7243327498 0.2776155472 0.6310877204
-145.2 151.0 2760.6 0.1968769580 0.9537885189 -0.2269953489 -0.9370687008 0.1149653867 -0.3296744227 -0.2883430719 0.2776155472 0.9163994193
-422.5 -70.5 2536.4 -0.0999855772 -0.1031202376 -0.9896308184 -0.1074945256 0.9899129272 -0.0922891274 0.9891651869 0.0971523151 -0.1100618765
-382.1 -458.3 2498.3 -0.1065417528 0.1707882434 -0.9795306325 -0.1444758028 0.9720236659 0.1851937175 0.9837558866 0.1612493396 -0.0788863376
-312.1 -87.5 2676.7 -0.3351792693 -0.2423098683 -0.9104618430 -0.0556076430 0.9697648883 -0.2376212329 0.9405118823 -0.0290170740 -0.3385193646
-217.3 -466.7 2688.1 -0.3351792693 0.3186058998 -0.8866482377 -0.0556076430 0.9327554703 0.3561952710 0.9405118823 0.1686936915 -0.2949233651
-116.4 -147.3 2441.7 0 0 0 0 0 0 0 0 0
-95.0 -88.3 2687.0 0 0 0 0 0 0 0 0 0
-436.9 -769.9 2446.6 0 0 0 0 0 0 0 0 0
-337.3 -817.9 2624.6 0 0 0 0 0 0 0 0 0
-120.4 450.8 2479.5 72 0.5929589868 0.4450605512 -0.6710594296 -0.0840497985 0.8630298376 0.4981115460 0.8008341193 -0.2389573008 0.5491485596
-210.8 275.6 2528.0 0.5929589868 0.4450605512 -0.6710594296 -0.0840497985 0.8630298376 0.4981115460 0.8008341193 -0.2389573008 0.5491485596
-292.2 103.2 2572.4 0.5970756412 0.4154165685 -0.6862432361 -0.0757069066 0.8808302879 0.4673397541 0.7986044884 -0.2270838320 0.5573722124
-295.7 286.3 2414.4 0.0024176317 0.3257528841 -0.9454518557 0.9971861839 0.0700535476 0.0266866814 0.0749255195 -0.9428560734 -0.3246669173
-296.3 30.7 2395.2 -0.6976638436 0.3257528841 -0.6380832195 0.6908510923 0.0700535476 -0.7195952535 -0.1897102296 -0.9428560734 -0.2739205360
-125.8 264.9 2641.5 -0.1154772788 0.9507949948 -0.2874958813 -0.7233207226 0.1178784668 0.6803762317 0.6807879210 0.2865197062 0.6741173863
-146.2 137.1 2761.8 0.2109047174 0.9507949948 -0.2269539088 -0.9236966372 0.1178784668 -0.3645397425 -0.3198495805 0.2865197062 0.9031072259
-424.1 -63.3 2539.1 -0.1024355665 -0.1148100570 -0.9880918860 -0.1180805862 0.9876973629 -0.1025227904 0.9877064228 0.1061724871 -0.1147321761
-379.1 -450.1 2497.5 -0.1059440821 0.1743520051 -0.9789674282 -0.1375591010 0.9724724293 0.1880819350 0.9848113060 0.1545920521 -0.0790439993
-315.7 -78.8 2682.1 -0.2703123391 -0.2628332078 -0.9262018800 -0.0608091429 0.9647552371 -0.2560265362 0.9608504176 -0.0128855854 -0.2767679095
-212.9 -456.2 2687.2 -0.2703123391 0.3296194375 -0.9045895338 -0.0608091429 0.9318459630 0.3577224612 0.9608504176 0.1517041177 -0.2318455875
-116.1 -147.7 2444.2 0 0 0 0 0 0 0 0 0
-92.3 -99.0 2680.1 0 0 0 0 0 0 0 0 0
-436.6 -770.7 2446.6 0 0 0 0 0 0 0 0 0
-337.0 -807.1 2630.0 0 0 0 0 0 0 0 0 0
-128.8 443.8 2478.9 73 0.5974473357 0.4315381646 -0.6758931279 -0.0677034333 0.8669910431 0.4937030673 0.7990450263 -0.2492012978 0.5471981168
-216.0 268.7 2529.2 0.5974473357 0.4315381646 -0.6758931279 -0.0677034333 0.8669910431 0.4937030673 0.7990450263 -0.2492012978 0.5471981168
-295.5 96.0 2576.2 0.6011341810 0.4062504172 -0.6881847978 -0.0600081496 0.8816635013 0.4680475593 0.7968919277 -0.2400626987 0.5543763638
-301.5 277.2 2415.7 -0.0089915274 0.3629901111 -0.9317495823 0.9954670668 0.0914755687 0.0260305516 0.0946811587 -0.9272919893 -0.3621671796
-299.3 29.8 2392.2 -0.7027695775 0.3629901111 -0.6118440032 0.6803355813 0.0914755687 -0.7271696925 -0.2079866230 -0.9272919893 -0.3112413287
-130.4 260.2 2642.6 -0.1189014837 0.9427584410 -0.3115589321 -0.7399291396 0.1251070946 0.6609485745 0.6620931029 0.3091193140 0.6826990247
-151.1 131.4 2757.9 0.2126560807 0.9427584410 -0.2568733692 -0.9395707250 0.1251070946 -0.3186770678 -0.2682988346 0.3091193140 0.9123929739
-427.5 -62.5 2544.8 -0.0941319019 -0.1191901565 -0.9883991480 -0.1309262216 0.9856668711 -0.1063916832 0.9869131446 0.1193925142 -0.1083878130
-380.8 -448.5 2498.0 -0.0953453556 0.1710810661 -0.9806327224 -0.1378200054 0.9733645916 0.1832130849 0.9858574271 0.1526193321 -0.0692273974
-319.7 -76.1 2688.8 -0.3006763160 -0.2640600502 -0.9164420366 -0.0823125988 0.9645062685 -0.2509030700 0.9501675367 -0.0000058880 -0.3117396533
-216.4 -453.6 2688.8 -0.3006763160 0.3076938391 -0.9027282000 -0.0823125988 0.9346236587 0.3459816277 0.9501675367 0.1783343852 -0.2556921244
-116.0 -147.7 2446.5 0 0 0 0 0 0 0 0 0
-96.7 -108.7 2689.3 0 0 0 0 0 0 0 0 0
-437.3 -770.1 2447.6 0 0 0 0 0 0 0 0 0
-332.2 -805.4 2621.7 0 0 0 0 0 0 0 0 0
-121.4 446.6 2478.1 74 0.6114731431 0.4395567179 -0.6579441428 -0.0810336620 0.8619238734 0.5005204678 0.7871049047 -0.2527391911 0.5626621842
-210.8 271.3 2529.5 0.6114731431 0.4395567179 -0.6579441428 -0.0810336620 0.8619238734 0.5005204678 0.7871049047 -0.2527391911 0.5626621842
-291.6 99.4 2577.3 0.6161230206 0.4125576019 -0.6709610224 -0.0715410635 0.8776423931 0.4739469886 0.7843942642 -0.2440083623 0.5702504516
-298.5 281.5 2417.8 0.0157094467 0.3536661565 -0.9352397919 0.9940595627 0.0952240229 0.0527069569 0.1076979637 -0.9305120111 -0.3500693142
-302.5 30.7 2390.6 -0.7096566558 0.3536661565 -0.6093502045 0.6753840446 0.0952240229 -0.7312925458 -0.2006086409 -0.9305120111 -0.3064368367
-123.0 261.1 2641.2 -0.0728031248 0.9272043705 -0.3674122393 -0.8759040236 0.1167335659 0.4681510329 0.4769610167 0.3559007347 0.8036434650
-138.7 72.8 2743.7 0.2451425642 0.9272043705 -0.2831910849 -0.9075433612 0.1167335659 -0.4034083188 -0.3409840763 0.3559007347 0.8700945377
-429.4 -71.2 2551.2 -0.0741079375 -0.1202240810 -0.9899768829 -0.1516863704 0.9825147390 -0.1079628989 0.9856466055 0.1421650797 -0.0910484940
-382.3 -455.9 2495.5 -0.0721490309 0.1716401428 -0.9825142026 -0.1405583620 0.9735007882 0.1803871691 0.9874400496 0.1511153579 -0.0461116843
-320.8 -82.0 2695.1 -0.3402544260 -0.2583578229 -0.9041450024 -0.0932004526 0.9660466313 -0.2409722209 0.9357032776 0.0022748618 -0.3527806997
-219.7 -460.3 2694.2 -0.3402544260 0.3011253476 -0.8908144832 -0.0932004526 0.9318748116 0.3506038487 0.9357032776 0.2023188174 -0.2890095115
-115.8 -147.0 2443.4 0 0 0 0 0 0 0 0 0
-76.2 -158.5 2656.8 0 0 0 0 0 0 0 0 0
-437.7 -769.9 2446.8 0 0 0 0 0 0 0 0 0
-333.0 -811.0 2618.1 0 0 0 0 0 0 0 0 0
-125.9 445.1 2487.2 75 0.6303808689 0.4153499603 -0.6558234096 -0.1024923921 0.8819574714 0.4600503147 0.7694902420 -0.2227900028 0.5985393524
-209.3 268.0 2531.9 0.6303808689 0.4153499603 -0.6558234096 -0.1024923921 0.8819574714 0.4600503147 0.7694902420 -0.2227900028 0.5985393524
-287.3 93.7 2575.1 0.6345951557 0.3981342614 -0.6624032855 -0.0933111086 0.8902981281 0.4457154870 0.7671909928 -0.2210393101 0.6021292210
-299.7 281.2 2422.7 0.0213569328 0.3688493669 -0.9292438030 0.9928872585 0.1010641828 0.0629355758 0.1171270162 -0.9239784479 -0.3640674353
-304.9 35.9 2393.8 -0.6856135726 0.3688493669 -0.6276018620 0.7007910609 0.1010641828 -0.7061712742 -0.1970427632 -0.9239784479 -0.3277773261
-118.9 254.7 2641.1 -0.0803914294 0.9372984171 -0.3391296864 -0.8778385520 0.0945895836 0.4695235193 0.4721617699 0.3354467750 0.8151924610
-136.8 59.5 2746.2 0.2318738699 0.9372984171 -0.2602042258 -0.8877974749 0.0945895836 -0.4504092038 -0.3975552022 0.3354467750 0.8540639877
-428.0 -66.0 2554.2 -0.0562041998 -0.1161544994 -0.9916396737 -0.1381981671 0.9845541120 -0.1074917391 0.9888085723 0.1310012937 -0.0713884160
-382.5 -451.6 2502.9 -0.0598683581 0.1670980901 -0.9841209054 -0.1594591886 0.9716277719 0.1746774316 0.9853875041 0.1673847884 -0.0315244310
-316.7 -78.9 2695.9 -0.3498392999 -0.2395361513 -0.9056681991 -0.0963875800 0.9708307385 -0.2195383459 0.9318379164 0.0104920259 -0.3627230525
-222.9 -459.0 2691.8 -0.3498392999 0.2882712781 -0.8913540840 -0.0963875800 0.9353525043 0.3403309584 0.9318379164 0.2049766034 -0.2994372845
-124.0 -149.1 2445.8 0 0 0 0 0 0 0 0 0
-77.6 -166.9 2644.8 0 0 0 0 0 0 0 0 0
-437.2 -769.4 2448.1 0 0 0 0 0 0 0 0 0
-331.5 -811.2 2614.6 0 0 0 0 0 0 0 0 0
-131.6 444.3 2482.7 76 0.6068356633 0.4081317186 -0.6820403337 -0.0655960515 0.8808875084 0.4687583447 0.7921159267 -0.2397201359 0.5613257885
-213.3 267.9 2530.7 0.6068356633 0.4081317186 -0.6820403337 -0.0655960515 0.8808875084 0.4687583447 0.7921159267 -0.2397201359 0.5613257885
-288.9 93.2 2576.6 0.6107817292 0.3856067955 -0.6915584803 -0.0567797981 0.8924831152 0.4474929273 0.7897605896 -0.2340539396 0.5670070648
-300.2 275.9 2418.4 0.0234701801 0.3454816639 -0.9381319284 0.9933331609 0.0978812277 0.0608974844 0.1128644720 -0.9333068728 -0.3408811092
-305.9 35.9 2391.1 -0.6977434754 0.3454816639 -0.6275320053 0.6918528080 0.0978812277 -0.7153732777 -0.1857247502 -0.9333068728 -0.3073184490
-126.4 259.8 2643.1 -0.0644390434 0.9323752522 -0.3557021022 -0.8812694550 0.1140656918 0.4586427510 0.4682005644 0.3430238962 0.8143235445
-141.4 54.5 2752.2 0.2603386939 0.9323752522 -0.2507989705 -0.8702230453 0.1140656918 -0.4792711735 -0.4182530344 0.3430238962 0.8410701752
-422.6 -72.2 2549.1 -0.0833783597 -0.1009636521 -0.9913901091 -0.1308833212 0.9873456359 -0.0895441473 0.9878854156 0.1222903952 -0.0955377221
-383.1 -458.8 2501.2 -0.0877927393 0.1672845185 -0.9819920063 -0.1563919485 0.9712587595 0.1794379503 0.9837855697 0.1693289876 -0.0591075122
-308.0 -89.0 2687.6 -0.3997201622 -0.2108286470 -0.8920622468 -0.0858575404 0.9775229692 -0.1925547719 0.9126073718 -0.0003777565 -0.4088368714
-225.4 -471.6 2687.8 -0.3997201622 0.2849216163 -0.8712310195 -0.0858575404 0.9346482158 0.3450525403 0.9126073718 0.2127262056 -0.3491350710
-119.9 -148.5 2440.6 0 0 0 0 0 0 0 0 0
-74.9 -167.7 2645.3 0 0 0 0 0 0 0 0 0
-436.5 -769.0 2447.1 0 0 0 0 0 0 0 0 0
-332.7 -823.6 2607.7 0 0 0 0 0 0 0 0 0
-124.5 450.5 2480.5 77 0.6460592747 0.4153760374 -0.6403672099 -0.0998812616 0.8777524829 0.4685875773 0.7567239404 -0.2387746722 0.6085684299
-208.0 273.9 2528.5 0.6460592747 0.4153760374 -0.6403672099 -0.0998812616 0.8777524829 0.4685875773 0.7567239404 -0.2387746722 0.6085684299
-284.6 99.6 2574.4 0.6515680552 0.3908113241 -0.6501734853 -0.0878007412 0.8901728988 0.4470829666 0.7534919381 -0.2342192829 0.6143217683
-300.6 286.4 2421.4 0.0355859883 0.3243640065 -0.9452627301 0.9936931133 0.0891596675 0.0680040941 0.1063373908 -0.9417210221 -0.3191454709
-309.7 32.3 2394.3 -0.7177656889 0.3243640065 -0.6161172390 0.6716322303 0.0891596675 -0.7355002761 -0.1836370230 -0.9417210221 -0.2818490863
-115.4 261.4 2635.6 -0.1775517017 0.8936290145 -0.4121924341 -0.8053433299 0.1087831929 0.5827420950 0.5655948520 0.4354232848 0.7003635168
-159.7 60.6 2776.7 0.3343960047 0.8936290145 -0.2993434966 -0.8084725142 0.1087831929 -0.5783929229 -0.4843051434 0.4354232848 0.7588511705
-419.6 -76.4 2551.2 -0.0345198773 -0.0896361396 -0.9953761697 -0.1246068999 0.9885841012 -0.0847030953 0.9916055202 0.1211067960 -0.0452950820
-384.5 -463.6 2503.7 -0.0432595871 0.1662734449 -0.9851303101 -0.1754593849 0.9694631100 0.1713339537 0.9835357666 0.1802621931 -0.0127643347
-309.3 -86.6 2693.7 -0.3718204200 -0.2266645283 -0.9002071023 -0.0920746028 0.9739553332 -0.2072033435 0.9237271547 0.0058437726 -0.3830065131
-220.6 -468.0 2691.4 -0.3718204200 0.3014813960 -0.8779855371 -0.0920746028 0.9291536808 0.3580443561 0.9237271547 0.2139683515 -0.3177195191
-117.8 -147.3 2443.3 0 0 0 0 0 0 0 0 0
-74.7 -144.8 2653.7 0 0 0 0 0 0 0 0 0
-437.0 -769.7 2446.8 0 0 0 0 0 0 0 0 0
-334.1 -817.8 2610.8 0 0 0 0 0 0 0 0 0
-121.5 450.4 2482.4 78 0.6526546478 0.4298646152 -0.6239057183 -0.1190167367 0.8714128137 0.4758935571 0.7482492328 -0.2363389283 0.6198927164
-207.9 275.3 2529.9 0.6526546478 0.4298646152 -0.6239057183 -0.1190167367 0.8714128137 0.4758935571 0.7482492328 -0.2363389283 0.6198927164
-286.9 102.0 2575.5 0.6594648361 0.4031478167 -0.6344903111 -0.1046569347 0.8850516677 0.4535752237 0.7444145679 -0.2327131182 0.6258527040
-301.7 290.2 2424.0 0.0252692308 0.3432839513 -0.9388917089 0.9940131903 0.0912380889 0.0601118542 0.1062981188 -0.9347896576 -0.3389232457
-308.2 34.3 2396.6 -0.6960148811 0.3432839513 -0.6306500435 0.6929892302 0.0912380889 -0.7151513696 -0.1879606992 -0.9347896576 -0.3013951480
-114.1 260.4 2635.8 -0.1618504673 0.8981449008 -0.4088278413 -0.8123310804 0.1139619648 0.5719535351 0.5602879524 0.4246745110 0.7111462355
-153.5 62.4 2772.4 0.3164061010 0.8981449008 -0.3053243160 -0.8381739259 0.1139619648 -0.5333639979 -0.4442427754 0.4246745110 0.7888599038
-419.9 -66.7 2552.4 -0.0252949521 -0.0932254344 -0.9953236580 -0.1167918146 0.9890996814 -0.0896743461 0.9928342700 0.1139773503 -0.0359071977
-383.4 -454.1 2507.8 -0.0359303653 0.1649739593 -0.9856432676 -0.1792098880 0.9692286253 0.1687594056 0.9831545353 0.1827006042 -0.0052597732
-302.4 -82.6 2688.3 -0.4273261428 -0.2046502531 -0.8806308508 -0.0769103765 0.9787418246 -0.1901295483 0.9008202553 -0.0135176815 -0.4339816868
-222.3 -465.7 2693.6 -0.4273261428 0.2906075418 -0.8561189175 -0.0769103765 0.9318147302 0.3546916246 0.9008202553 0.2174134254 -0.3758380413
-121.9 -151.2 2446.9 0 0 0 0 0 0 0 0 0
-72.9 -151.0 2659.2 0 0 0 0 0 0 0 0 0
-437.0 -769.4 2448.4 0 0 0 0 0 0 0 0 0
-331.7 -816.6 2611.7 0 0 0 0 0 0 0 0 0
-122.9 451.5 2481.3 79 0.6897999644 0.4211888909 -0.5888767838 -0.1359524429 0.8742516041 0.4660483897 0.7111209035 -0.2414209247 0.6603204012
-207.7 275.4 2530.0 0.6897999644 0.4211888909 -0.5888767838 -0.1359524429 0.8742516041 0.4660483897 0.7111209035 -0.2414209247 0.6603204012
-285.9 102.0 2576.2 0.6950296164 0.3995804787 -0.5977200866 -0.1247383878 0.8857510686 0.4470854700 0.7080777884 -0.2361790091 0.6654661894
-306.5 293.2 2429.3 0.0104067950 0.3482346237 -0.9373496175 0.9926313162 0.1095772013 0.0517295599 0.1207261756 -0.9309809208 -0.3445282280
-309.2 37.6 2398.2 -0.6861793995 0.3482346237 -0.6386630535 0.7064341307 0.1095772013 -0.6992450953 -0.1735184342 -0.9309809208 -0.3211944401
-108.9 257.7 2630.6 -0.2187257409 0.8705177307 -0.4408604205 -0.7655911446 0.1270270795 0.6306617856 0.6050034761 0.4754607975 0.6386765838
-159.6 80.1 2771.0 0.3390918374 0.8705177307 -0.3566729426 -0.8550021648 0.1270270795 -0.5028274059 -0.3924130499 0.4754607975 0.7873684168
-425.3 -61.8 2553.9 0.0221758056 -0.1076540947 -0.9939410686 -0.1209279969 0.9865970612 -0.1095566824 0.9924135208 0.1226248071 0.0088601904
-383.2 -448.2 2505.9 0.0122856461 0.1618121266 -0.9867451191 -0.1807499826 0.9709226489 0.1569670141 0.9834523201 0.1764257252 0.0411759503
-306.3 -80.7 2688.3 -0.4204224944 -0.2350225300 -0.8763614297 -0.0780615062 0.9716579914 -0.2231302112 0.9039642215 -0.0253988691 -0.4268530905
-214.3 -461.0 2698.2 -0.4204224944 0.3163203895 -0.8504036069 -0.0780615062 0.9211756587 0.3812371492 0.9039642215 0.2266644686 -0.3625905216
-125.4 -151.6 2444.7 0 0 0 0 0 0 0 0 0
-73.1 -137.9 2670.9 0 0 0 0 0 0 0 0 0
-436.7 -769.6 2447.5 0 0 0 0 0 0 0 0 0
-333.4 -807.8 2612.9 0 0 0 0 0 0 0 0 0
-131.7 451.3 2488.3 80 0.6612076759 0.3960993588 -0.6371104717 -0.1092138961 0.8910266757 0.4406175017 0.7422106862 -0.2217583656 0.6324132085
-211.0 273.0 2532.7 0.6612076759 0.3960993588 -0.6371104717 -0.1092138961 0.8910266757 0.4406175017 0.7422106862 -0.2217583656 0.6324132085
-284.7 96.7 2575.4 0.6651573181 0.3771366477 -0.6444638968 -0.1000638157 0.9003141522 0.4235819578 0.7399682403 -0.2172611356 0.6365882754
-305.5 287.3 2427.5 0.0322586074 0.3176946342 -0.9476441741 0.9935894012 0.0925899893 0.0648631155 0.1083490252 -0.9436616302 -0.3126711845
-313.5 41.8 2400.7 -0.6783900857 0.3176946342 -0.6624628305 0.7175144553 0.0925899893 -0.6903622746 -0.1579869688 -0.9436616302 -0.2907626331
-116.5 258.6 2637.9 -0.1835619658 0.8835062385 -0.4309544265 -0.7717375159 0.1420229673 0.6198795438 0.6088728905 0.4463700354 0.6557649374
-156.9 88.5 2772.2 0.3344614506 0.8835062385 -0.3279516101 -0.8584367633 0.1420229673 -0.4928649068 -0.3888725638 0.4463700354 0.8059354424
-426.9 -60.2 2558.6 -0.0190599468 -0.1082378030 -0.9939423203 -0.1286729723 0.9861213565 -0.1049186736 0.9915038943 0.1258937716 -0.0327227004
-384.5 -446.5 2509.3 -0.0274584368 0.1579541415 -0.9870646000 -0.1802890748 0.9704616070 0.1603125930 0.9832303524 0.1823588908 0.0018300478
-301.5 -82.7 2686.3 -0.5031707287 -0.2027613670 -0.8400636911 -0.0727959275 0.9785752892 -0.1925907284 0.8611155152 -0.0357528031 -0.5071506500
-222.2 -465.7 2700.3 -0.5031707287 0.2841274142 -0.8161438704 -0.0727959275 0.9271144867 0.3676403463 0.8611155152 0.2443978190 -0.4458135962
-131.7 -150.5 2443.0 0 0 0 0 0 0 0 0 0
-71.5 -130.9 2672.8 0 0 0 0 0 0 0 0 0
-436.9 -768.8 2448.7 0 0 0 0 0 0 0 0 0
-329.1 -814.6 2608.4 0 0 0 0 0 0 0 0 0
-139.4 451.8 2494.3 81 0.6353437901 0.3919354975 -0.6653757095 -0.1036649570 0.8971182108 0.4294560254 0.7652397156 -0.2038760781 0.6106085181
-217.7 272.4 2535.1 0.6353437901 0.3919354975 -0.6653757095 -0.1036649570 0.8971182108 0.4294560254 0.7652397156 -0.2038760781 0.6106085181
-290.9 95.2 2574.5 0.6390570998 0.3744997680 -0.6718302965 -0.0949330553 0.9051859975 0.4142776728 0.7632783055 -0.2009681761 0.6140179634
-308.6 286.0 2426.4 0.0170009825 0.3250233233 -0.9455531836 0.9932411313 0.1031074002 0.0533004254 0.1148174107 -0.9400684237 -0.3210736215
-312.9 37.3 2397.7 -0.6998247504 0.3250233233 -0.6360858083 0.6948176026 0.1031074002 -0.7117565274 -0.1657523215 -0.9400684237 -0.2979890406
-126.8 258.9 2643.7 -0.1076440588 0.9232236743 -0.3688778281 -0.7849885821 0.1487593204 0.6013846993 0.6100866199 0.3543003798 0.7087069750
-150.0 90.0 2774.9 0.3002122045 0.9232236743 -0.2398556322 -0.8547552228 0.1487593204 -0.4972566962 -0.4233983755 0.3543003798 0.8337895870
-418.4 -70.4 2551.3 -0.0539075732 -0.0861608088 -0.9948217273 -0.1276412010 0.9886920452 -0.0787132755 0.9903542995 0.1227369979 -0.0642956570
-384.7 -457.6 2503.2 -0.0604226477 0.1617475152 -0.9849806428 -0.1666078120 0.9713063836 0.1697224081 0.9841701984 0.1743605435 -0.0317405052
-298.5 -88.6 2684.8 -0.3802515566 -0.1989132762 -0.9032398462 -0.0665675551 0.9799522161 -0.1877829880 0.9224843979 -0.0112783024 -0.3858695328
-220.6 -472.2 2689.2 -0.3802515566 0.3045839369 -0.8732911348 -0.0665675551 0.9327560663 0.3543090522 0.9224843979 0.1928594261 -0.3344065547
-124.5 -149.7 2442.3 0 0 0 0 0 0 0 0 0
-73.3 -128.4 2666.7 0 0 0 0 0 0 0 0 0
-437.0 -772.3 2446.7 0 0 0 0 0 0 0 0 0
-335.1 -822.8 2616.7 0 0 0 0 0 0 0 0 0
-136.3 453.0 2485.8 82 0.6114498377 0.4083490670 -0.6777758598 -0.0866607055 0.8859585524 0.4555955827 0.7865234017 -0.2198372930 0.5771070123
-218.3 275.0 2529.9 0.6114498377 0.4083490670 -0.6777758598 -0.0866607055 0.8859585524 0.4555955827 0.7865234017 -0.2198372930 0.5771070123
-293.0 98.8 2571.5 0.6160506606 0.3813873231 -0.6892207861 -0.0762576535 0.8997377157 0.4297171235 0.7840065956 -0.2121691406 0.5833677053
-305.9 285.9 2418.4 0.0273182653 0.3016729653 -0.9530199766 0.9951266050 0.0821547955 0.0545308739 0.0947456509 -0.9498652816 -0.2979584932
-312.8 37.8 2394.7 -0.7009843588 0.3016729653 -0.6462308764 0.6944003701 0.0821547955 -0.7148837447 -0.1625701487 -0.9498652816 -0.2670710385
-130.6 264.2 2641.5 -0.0754275322 0.9280796647 -0.3646626770 -0.7743884325 0.1758717746 0.6077759862 0.6281983852 0.3282336295 0.7054286003
-147.3 92.6 2780.7 0.3220195770 0.9280796647 -0.1870069057 -0.8216950297 0.1758717746 -0.5421129465 -0.4702347517 0.3282336295 0.8192325830
-421.8 -73.4 2545.0 -0.0855660811 -0.0998115912 -0.9913203716 -0.0799166113 0.9924511313 -0.0930274203 0.9931222200 0.0712629706 -0.0928967521
-382.8 -461.6 2517.1 -0.1075494364 0.1677226275 -0.9799501300 -0.2026159018 0.9612833858 0.1867648065 0.9733344316 0.2186399251 -0.0694022104
-306.5 -90.7 2682.8 -0.3060480356 -0.2283609658 -0.9242217541 -0.0595932715 0.9734963179 -0.2208021581 0.9501490593 -0.0124986656 -0.3115454018
-217.1 -471.7 2687.7 -0.3060480356 0.3226225078 -0.8956837058 -0.0595932715 0.9324910641 0.3562429547 0.9501490593 0.1624041796 -0.2661609352
-121.2 -152.0 2439.2 0 0 0 0 0 0 0 0 0
-65.1 -117.2 2660.6 0 0 0 0 0 0 0 0 0
-437.0 -772.6 2446.4 0 0 0 0 0 0 0 0 0
-338.5 -822.3 2626.6 0 0 0 0 0 0 0 0 0
-141.3 453.4 2482.0 83 0.6385648847 0.3818151653 -0.6681706905 -0.0747927725 0.8949220777 0.4399096966 0.7659248710 -0.2309365571 0.6000227928
-217.5 274.6 2528.2 0.6385648847 0.3818151653 -0.6681706905 -0.0747927725 0.8949220777 0.4399096966 0.7659248710 -0.2309365571 0.6000227928
-288.8 97.7 2572.3 0.6415159106 0.3639979362 -0.6752502322 -0.0676760972 0.9036752582 0.4228368104 0.7641186118 -0.2255582362 0.6043559909
-308.8 284.3 2419.4 0.0275314357 0.3256925046 -0.9450747967 0.9947528839 0.0842652246 0.0580181889 0.0985330343 -0.9417132139 -0.3216636181
-315.4 45.9 2395.8 -0.6627086401 0.3256925046 -0.6743453145 0.7307415009 0.0842652246 -0.6774335504 -0.1638111770 -0.9417132139 -0.2938403189
-126.2 265.0 2636.9 -0.0981413871 0.9223772883 -0.3736153841 -0.7501897216 0.1781124622 0.6367819905 0.6538987756 0.3427771032 0.6744777560
-148.1 97.9 2782.6 0.3346438110 0.9223772883 -0.1929604113 -0.8116863966 0.1781124622 -0.5562743545 -0.4787261486 0.3427771032 0.8082852960
-423.2 -70.4 2542.3 -0.0519673638 -0.1087135226 -0.9927138090 -0.0884842202 0.9906485677 -0.1038553119 0.9947210550 0.0824424252 -0.0611008257
-380.7 -458.2 2510.0 -0.0699631348 0.1730200499 -0.9824302793 -0.1877947897 0.9649500847 0.1833152175 0.9797133803 0.1973205805 -0.0350186676
-312.0 -84.2 2683.8 -0.2695901394 -0.2471386045 -0.9307221174 -0.0615084060 0.9689525366 -0.2394737601 0.9610087872 -0.0073125283 -0.2764211595
-215.3 -463.5 2686.7 -0.2695901394 0.3251449168 -0.9064226151 -0.0615084060 0.9335368872 0.3531651199 0.9610087872 0.1509624422 -0.2316731811
-133.2 -155.0 2440.8 0 0 0 0 0 0 0 0 0
-62.5 -109.7 2660.2 0 0 0 0 0 0 0 0 0
-437.0 -772.3 2445.8 0 0 0 0 0 0 0 0 0
-337.6 -814.9 2629.9 0 0 0 0 0 0 0 0 0
-144.5 452.8 2480.7 84 0.6544472575 0.3684992194 -0.6602326632 -0.0744604468 0.9003648758 0.4287175238 0.7524323463 -0.2314117849 0.6166799068
-217.9 273.5 2526.7 0.6544472575 0.3684992194 -0.6602326632 -0.0744604468 0.9003648758 0.4287175238 0.7524323463 -0.2314117849 0.6166799068
-286.6 95.6 2571.3 0.6577858329 0.3511346281 -0.6663499475 -0.0660701022 0.9081748724 0.4133438766 0.7503016591 -0.2278659344 0.6205840707
-311.6 282.9 2419.9 0.0282339416 0.3320098817 -0.9428532720 0.9942021966 0.0885755122 0.0609619729 0.1037536934 -0.9391080141 -0.3275841177
-318.4 40.7 2394.6 -0.6795631051 0.3320098817 -0.6541891098 0.7129248977 0.0885755122 -0.6956238151 -0.1730088443 -0.9391080141 -0.2968907654
-124.2 264.1 2633.6 -0.0997605696 0.9239440560 -0.3692902029 -0.7383586764 0.1800474823 0.6499302983 0.6669890285 0.3375060260 0.6642404199
-146.7 97.5 2784.1 0.3386808336 0.9239440560 -0.1778277308 -0.7951946259 0.1800474823 -0.5790063739 -0.5029520392 0.3375060260 0.7956939936
-417.9 -73.1 2547.4 -0.0291831866 -0.0988136232 -0.9946779609 -0.1071195230 0.9896803498 -0.0951743349 0.9938177466 0.1037719399 -0.0394668952
-379.2 -460.6 2506.8 -0.0432241149 0.1775143296 -0.9831685424 -0.1833652556 0.9659618139 0.1824690849 0.9820941091 0.1881660223 -0.0092028826
-302.1 -85.4 2685.4 -0.2222927064 -0.2218501270 -0.9494042993 -0.0577746220 0.9750541449 -0.2143165022 0.9732666612 0.0072104782 -0.2295647264
-215.2 -467.0 2682.6 -0.2222927064 0.3325074613 -0.9165286422 -0.0577746220 0.9339044094 0.3528237343 0.9732666612 0.1313822418 -0.1883896440
-130.2 -156.8 2442.6 0 0 0 0 0 0 0 0 0
-60.1 -105.9 2655.5 0 0 0 0 0 0 0 0 0
-436.4 -771.5 2446.2 0 0 0 0 0 0 0 0 0
-340.4 -818.6 2633.1 0 0 0 0 0 0 0 0 0
-147.7 451.2 2481.0 85 0.6294671297 0.3653512299 -0.6857766509 -0.0542486534 0.9010744095 0.4302580357 0.7751311064 -0.2336308360 0.5870165229
-220.7 271.1 2527.7 0.6294671297 0.3653512299 -0.6857766509 -0.0542486534 0.9010744095 0.4302580357 0.7751311064 -0.2336308360 0.5870165229
-289.0 93.3 2572.9 0.6326247454 0.3488122523 -0.6914592981 -0.0462488756 0.9082514048 0.4158611000 0.7730762959 -0.2311048210 0.5907144547
-310.8 277.7 2417.6 0.0337655731 0.3664486706 -0.9298254251 0.9939236641 0.0852118731 0.0696756393 0.1047647074 -0.9265280962 -0.3613447547
-319.0 36.6 2392.2 -0.6828125715 0.3664486706 -0.6320461631 0.7010732293 0.0852118731 -0.7079797387 -0.2055803835 -0.9265280962 -0.3150910735
-130.7 264.6 2637.7 -0.1199776158 0.9016184211 -0.4155594409 -0.7092692256 0.2150404453 0.6713380218 0.6946527958 0.3752890527 0.6136901379
-157.3 107.0 2792.1 0.3936818540 0.9016184211 -0.1791615635 -0.7673876286 0.2150404453 -0.6040478945 -0.5060936809 0.3752890527 0.7765483260
-414.8 -76.2 2548.1 -0.0588553846 -0.0913370028 -0.9940792918 -0.1189338863 0.9893543720 -0.0838612765 0.9911562800 0.1132940203 -0.0690918937
-379.0 -463.6 2503.8 -0.0684168935 0.1824434996 -0.9808330536 -0.1693388373 0.9667472243 0.1916354448 0.9831802845 0.1792042404 -0.0352470726
-296.0 -88.2 2683.7 -0.3279472888 -0.2049045265 -0.9222064614 -0.0582283251 0.9787220955 -0.1967550367 0.9428998232 -0.0108267441 -0.3329004943
-215.7 -471.3 2687.9 -0.3279472888 0.3376826048 -0.8822817206 -0.0582283251 0.9249306917 0.3756496608 0.9428998232 0.1745670736 -0.2836658061
-128.4 -159.0 2449.6 0 0 0 0 0 0 0 0 0
-56.8 -89.1 2662.8 0 0 0 0 0 0 0 0 0
-436.8 -769.8 2447.0 0 0 0 0 0 0 0 0 0
-342.8 -819.2 2622.2 0 0 0 0 0 0 0 0 0
-148.0 451.9 2479.6 86 0.6178635955 0.3772184253 -0.6898918748 -0.0531699248 0.8954425454 0.4419904947 0.7844855189 -0.2364083529 0.5733180642
-223.5 272.7 2527.0 0.6178635955 0.3772184253 -0.6898918748 -0.0531699248 0.8954425454 0.4419904947 0.7844855189 -0.2364083529 0.5733180642
-293.9 95.6 2572.1 0.6203683019 0.3595024943 -0.6970660686 -0.0470514931 0.9042208195 0.4244653285 0.7828980088 -0.2305268347 0.5778650641
-311.9 279.3 2415.5 0.0412960052 0.3558036387 -0.9336479306 0.9943041801 0.0772567913 0.0734206513 0.0982539728 -0.9313619733 -0.3505866528
-322.2 32.1 2391.0 -0.6961432099 0.3558036387 -0.6235290170 0.6868152022 0.0772567913 -0.7227145433 -0.2089726031 -0.9313619733 -0.2981531322
-135.2 266.0 2638.5 -0.1014975235 0.8955072165 -0.4333187342 -0.7091354132 0.2403604537 0.6628377438 0.6977286339 0.3745580316 0.6106398702
-157.2 111.9 2790.1 0.4087458849 0.8955072165 -0.1760501862 -0.7771179676 0.2403604537 -0.5816481113 -0.4785545468 0.3745580316 0.7941610813
-414.5 -80.4 2548.3 -0.0741029084 -0.0903990120 -0.9931448698 -0.1222693995 0.9891929626 -0.0809162408 0.9897267222 0.1154351011 -0.0843551084
-379.1 -467.8 2503.1 -0.0832329392 0.1854593754 -0.9791205525 -0.1694911569 0.9655798078 0.1973026395 0.9820107222 0.1823743582 -0.0489343256
-300.2 -88.8 2687.9 -0.3003017604 -0.2047969550 -0.9315991998 -0.0676697493 0.9787918329 -0.1933580935 0.9514408112 0.0049753040 -0.3077914715
-220.0 -472.0 2686.0 -0.3003017604 0.3260253966 -0.8963962793 -0.0676697493 0.9301222563 0.3609617949 0.9514408112 0.1690563858 -0.2572553158
-127.5 -160.0 2449.5 0 0 0 0 0 0 0 0 0
-52.7 -86.8 2667.7 0 0 0 0 0 0 0 0 0
-437.0 -769.6 2446.1 0 0 0 0 0 0 0 0 0
-342.8 -822.1 2622.4 0 0 0 0 0 0 0 0 0
-148.5 452.2 2478.9 87 0.6317800879 0.3758552969 -0.6779282093 -0.0664989799 0.8976356387 0.4356926978 0.7722899318 -0.2301804423 0.5921023488
-223.8 272.4 2525.1 0.6317800879 0.3758552969 -0.6779282093 -0.0664989799 0.8976356387 0.4356926978 0.7722899318 -0.2301804423 0.5921023488
-294.1 94.9 2568.8 0.6339687109 0.3589608073 -0.6850042343 -0.0611262806 0.9062396288 0.4183219969 0.7709392309 -0.2233313024 0.5964695215
-314.1 281.1 2415.3 0.0374730863 0.3631507158 -0.9309765697 0.9938938618 0.0832102448 0.0724638328 0.1037820801 -0.9280073643 -0.3578151166
-323.5 30.0 2389.0 -0.7021331787 0.3631507158 -0.6124790311 0.6791698337 0.0832102448 -0.7292491794 -0.2138628364 -0.9280073643 -0.3050656915
-133.5 263.7 2634.9 -0.1046056002 0.8960107565 -0.4315348864 -0.6987006664 0.2425748259 0.6730340719 0.7077252865 0.3719168305 0.6006686687
-156.4 110.2 2790.4 0.4127523005 0.8960107565 -0.1637077630 -0.7638145089 0.2425748259 -0.5981177688 -0.4962085783 0.3719168305 0.7845093608
-420.4 -77.3 2546.5 -0.0605030358 -0.1062976569 -0.9924919009 -0.1007172912 0.9898889661 -0.0998790786 0.9930737019 0.0939181075 -0.0705972984
-378.8 -464.9 2509.7 -0.0774365515 0.1833289117 -0.9799969792 -0.1887223721 0.9624825120 0.1949647665 0.9789726734 0.2000447661 -0.0399330556
-308.3 -85.8 2687.9 -0.3415692151 -0.2280707359 -0.9117643237 -0.0727211758 0.9736151099 -0.2162990868 0.9370390177 -0.0075765364 -0.3491424918
-219.0 -466.9 2690.9 -0.3415692151 0.3203841448 -0.8835635185 -0.0727211758 0.9282770157 0.3647100925 0.9370390177 0.1888275146 -0.2937721312
-126.6 -160.5 2449.0 0 0 0 0 0 0 0 0 0
-50.9 -85.2 2663.4 0 0 0 0 0 0 0 0 0
-436.9 -770.3 2446.2 0 0 0 0 0 0 0 0 0
-339.6 -816.4 2619.8 0 0 0 0 0 0 0 0 0
-150.4 449.7 2481.1 88 0.6329942942 0.3766374290 -0.6763597131 -0.0811051875 0.9011290073 0.4258973002 0.7698962092 -0.2147342712 0.6009567380
-225.5 270.0 2523.9 0.6329942942 0.3766374290 -0.6763597131 -0.0811051875 0.9011290073 0.4258973002 0.7698962092 -0.2147342712 0.6009567380
-296.4 92.1 2564.6 0.6346676350 0.3620692492 -0.6827172637 -0.0770055130 0.9086838961 0.4103215337 0.7689389586 -0.2078447938 0.6045935750
-315.9 281.0 2414.4 0.0290782265 0.3553638756 -0.9342756271 0.9948934913 0.0800857842 0.0614265539 0.0966509730 -0.9312909245 -0.3512204587
-323.2 31.6 2390.2 -0.6997308731 0.3553638756 -0.6197525263 0.6833840609 0.0800857842 -0.7256531119 -0.2082375586 -0.9312909245 -0.2988885343
-135.0 259.1 2633.5 -0.0991192237 0.9006034732 -0.4231888354 -0.6831401587 0.2476406395 0.6870179772 0.7235295177 0.3571939766 0.5906924009
-156.0 114.6 2786.4 0.4048783779 0.9006034732 -0.1580724865 -0.7768688798 0.2476406395 -0.5789204240 -0.4822325706 0.3571939766 0.7999151349
-421.7 -77.1 2542.9 -0.0611939132 -0.1050627232 -0.9925810695 -0.1034662575 0.9897550941 -0.0983847678 0.9927487373 0.0966780931 -0.0714374334
-380.5 -464.7 2505.0 -0.0748754665 0.1769227386 -0.9813725352 -0.1775009632 0.9660542011 0.1877038628 0.9812681079 0.1882489920 -0.0409297980
-307.1 -88.1 2682.2 -0.2885150909 -0.2445454150 -0.9257194996 -0.0601861626 0.9695537686 -0.2373670638 0.9555818439 -0.0127684772 -0.2944491506
-211.4 -467.7 2687.2 -0.2885150909 0.3504423797 -0.8910382390 -0.0601861626 0.9221339822 0.3821603060 0.9555818439 0.1638871878 -0.2449578047
-126.2 -160.8 2448.8 0 0 0 0 0 0 0 0 0
-52.4 -84.2 2663.0 0 0 0 0 0 0 0 0 0
-436.5 -770.4 2445.4 0 0 0 0 0 0 0 0 0
-343.2 -814.7 2625.5 0 0 0 0 0 0 0 0 0
-151.4 450.8 2487.7 89 0.6191762686 0.3779836595 -0.6882942915 -0.0852288306 0.9036971331 0.4196040332 0.7806130648 -0.2011463493 0.5917629600
-226.6 270.8 2527.8 0.6191762686 0.3779836595 -0.6882942915 -0.0852288306 0.9036971331 0.4196040332 0.7806130648 -0.2011463493 0.5917629600
-297.6 92.3 2566.0 0.6213392615 0.3622343838 -0.6947832704 -0.0799249783 0.9113969207 0.4036924839 0.7794546485 -0.1952994466 0.5952382684
-315.2 282.2 2416.7 0.0363539010 0.3684283793 -0.9289450645 0.9930838346 0.0905233622 0.0747663677 0.1116372794 -0.9252383709 -0.3625893891
