25.2 359.8 2334.1 2 0.5665543675 0.3974885345 -0.7218164802 -0.2993778586 0.9153981805 0.2691078186 0.7677167654 0.0636316389 0.6376221180
-53.6 178.2 2321.4 0.5665543675 0.3974885345 -0.7218164802 -0.2993778586 0.9153981805 0.2691078186 0.7677167654 0.0636316389 0.6376221180
-125.3 -1.8 2309.7 0.5749401450 0.3693743050 -0.7300729156 -0.2792274952 0.9273064733 0.2492683530 0.7690746188 0.0605420433 0.6362851858
-132.1 216.3 2216.4 0.0227437187 0.5154285431 -0.8566306829 0.9517857432 0.2510321140 0.1763143390 0.3059192598 -0.8193389177 -0.4848681688
-138.0 -29.7 2137.3 -0.6674503088 0.5154285431 -0.5374416113 0.7172595263 0.2510321140 -0.6500166059 -0.2001220137 -0.8193389177 -0.5372475386
24.9 140.1 2426.4 -0.0010064507 0.9286912680 -0.3708523810 -0.9941623211 0.0390820615 0.1005676389 0.1078899652 0.3687886596 0.9232305884
24.6 -112.3 2453.8 0.3426610529 0.9286912680 -0.1418305188 -0.4707427919 0.0390820615 -0.8814044595 -0.8130096197 0.3687886596 0.4505666196
-244.5 -161.4 2234.8 0.3643053174 -0.1610050946 -0.9172562361 -0.0437154733 0.9808995724 -0.1895387769 0.9302529693 0.1091482714 0.3503085077
-182.0 -542.1 2192.5 0.3722342849 0.1750132591 -0.9114888906 -0.0011802856 0.9821494222 0.1880986542 0.9281380773 -0.0689409524 0.3657962680
-139.5 -211.8 2370.8 -0.9024711251 0.0051661241 -0.4307193458 0.0321901366 0.9979408979 -0.0554773808 0.4295458496 -0.0639316514 -0.9007791877
-141.5 -599.0 2395.6 -0.8727309108 0.2461690158 -0.4215940237 0.2063109875 0.9686338902 0.1385068744 0.4424663782 0.0338997543 -0.8961441517
48.2 -229.9 2193.2 0 0 0 0 0 0 0 0 0
111.5 -231.7 2247.6 0 0 0 0 0 0 0 0 0
-247.3 -908.5 2218.2 0 0 0 0 0 0 0 0 0
-233.2 -959.8 2382.9 0 0 0 0 0 0 0 0 0
16.4 363.0 2328.0 3 0.5909516811 0.3753654659 -0.7140566111 -0.2857084274 0.9251629710 0.2498882264 0.7544181943 0.0563401282 0.6539717317
-58.4 178.7 2316.8 0.5909516811 0.3753654659 -0.7140566111 -0.2857084274 0.9251629710 0.2498882264 0.7544181943 0.0563401282 0.6539717317
-126.9 -2.5 2306.4 0.5974140167 0.3533657193 -0.7198813558 -0.2692218721 0.9339600205 0.2350283414 0.7553912997 0.0533985607 0.6530945897
-139.9 215.5 2213.6 0.0081585757 0.5134755373 -0.8580654263 0.9492866993 0.2657358646 0.1680451035 0.3143058121 -0.8159211278 -0.4852674901
-142.1 -31.2 2132.0 -0.7010780573 0.5134755373 -0.4948054254 0.6781942844 0.2657358646 -0.6851547360 -0.2203226238 -0.8159211278 -0.5345377326
23.2 142.0 2419.9 0.0154996542 0.9332625866 -0.3588602841 -0.9936313629 0.0544380173 0.0986568406 0.1116083786 0.3550457060 0.9281627536
27.1 -110.7 2448.3 0.3387514055 0.9332625866 -0.1194505095 -0.4621005058 0.0544380173 -0.8851551414 -0.8195795417 0.3550457060 0.4497020543
-248.5 -156.8 2229.0 0.3848894835 -0.1764190644 -0.9059450030 -0.0307344310 0.9785677195 -0.2036187202 0.9224507809 0.1062144116 0.3712182939
-180.1 -536.6 2187.8 0.3932324946 0.1900589764 -0.8995808959 0.0103905359 0.9774207473 0.2110465914 0.9193803668 -0.0923375115 0.3823788166
-139.0 -210.4 2365.6 -0.8926864266 -0.0235347711 -0.4500634074 0.0046320846 0.9981036782 -0.0613805503 0.4506545067 -0.0568783171 -0.8908845782
-129.7 -602.4 2387.9 -0.8705994487 0.2041643858 -0.4476310015 0.1745416075 0.9788216949 0.1069736034 0.4599911273 0.0150009263 -0.8877967596
53.3 -220.2 2193.4 0 0 0 0 0 0 0 0 0
113.1 -227.9 2240.4 0 0 0 0 0 0 0 0 0
-251.0 -901.3 2222.2 0 0 0 0 0 0 0 0 0
-205.8 -967.0 2382.4 0 0 0 0 0 0 0 0 0
12.0 360.4 2325.5 4 0.5970764160 0.3686699271 -0.7124480605 -0.2836277783 0.9277904630 0.2424049824 0.7503699660 0.0573357716 0.6585267782
-61.3 176.0 2314.1 0.5970764160 0.3686699271 -0.7124480605 -0.2836277783 0.9277904630 0.2424049824 0.7503699660 0.0573357716 0.6585267782
-128.2 -5.9 2304.1 0.6047196984 0.3447559178 -0.7179536819 -0.2636462748 0.9372839332 0.2280120403 0.7515349388 0.0514024347 0.6576876640
-143.9 212.0 2211.4 -0.0062460899 0.5164128542 -0.8563169837 0.9455130100 0.2818128765 0.1630541384 0.3255243897 -0.8086404204 -0.4900352955
-142.2 -38.8 2125.1 -0.7454578876 0.5164128542 -0.4214384258 0.6126674414 0.2818128765 -0.7383902073 -0.2625474036 -0.8086404204 -0.5264689922
21.3 140.0 2416.7 0.0233942624 0.9335311651 -0.3577320576 -0.9932141304 0.0624790676 0.0980919823 0.1139226928 0.3530097306 0.9286580086
27.2 -112.9 2445.7 0.3410865664 0.9335311651 -0.1103606597 -0.4579277933 0.0624790676 -0.8867911100 -0.8209519386 0.3530097306 0.4488006532
-249.0 -159.7 2228.3 0.3909667134 -0.1793431193 -0.9027630091 -0.0271304995 0.9781607985 -0.2060712725 0.9200049043 0.1050594151 0.3775626421
-179.4 -539.4 2187.5 0.3993424177 0.1911785156 -0.8966473341 0.0138718495 0.9766445160 0.2144132555 0.9166969061 -0.0980624631 0.3873635828
-138.7 -209.7 2363.0 -0.8904184103 0.0007000121 -0.4551423788 0.0321948715 0.9975907803 -0.0614501797 0.4540028274 -0.0693696216 -0.8882957101
-139.0 -599.1 2390.1 -0.8717532158 0.1999682933 -0.4472795725 0.1616469324 0.9791883826 0.1227205619 0.4625112116 0.0346806683 -0.8859348893
67.1 -210.8 2198.8 0 0 0 0 0 0 0 0 0
113.8 -229.1 2237.4 0 0 0 0 0 0 0 0 0
-250.7 -903.9 2224.1 0 0 0 0 0 0 0 0 0
-213.6 -964.2 2377.2 0 0 0 0 0 0 0 0 0
11.3 360.0 2323.7 5 0.5995262861 0.3732961416 -0.7079676390 -0.2909112573 0.9257033467 0.2417519242 0.7456130981 0.0610191338 0.6635795236
-62.7 176.7 2311.6 0.5995262861 0.3732961416 -0.7079676390 -0.2909112573 0.9257033467 0.2417519242 0.7456130981 0.0610191338 0.6635795236
-130.4 -4.9 2300.8 0.6071591973 0.3489853442 -0.7138395905 -0.2712430358 0.9354517460 0.2266213149 0.7468500137 0.0560288019 0.6626279950
-145.6 213.7 2209.6 0.0122385295 0.4685547948 -0.8833496571 0.9409625530 0.2934758067 0.1687050015 0.3382892907 -0.8332636952 -0.4373008311
-148.9 -41.8 2117.7 -0.7750047445 0.4685547948 -0.4240566790 0.5892981887 0.2934758067 -0.7527281046 -0.2282439768 -0.8332636952 -0.5035636425
20.3 139.7 2413.7 0.0185254645 0.9347469211 -0.3548309207 -0.9939219356 0.0557358339 0.0949354470 0.1085174158 0.3509155214 0.9300979972
25.0 -113.5 2441.3 0.3368183076 0.9347469211 -0.1131441817 -0.4534870088 0.0557358339 -0.8895184398 -0.8251684308 0.3509155214 0.4426684380
-249.3 -164.2 2226.8 0.3923625052 -0.1648226678 -0.9049227238 -0.0184670612 0.9822042584 -0.1869057864 0.9196252823 0.0900460854 0.3823363185
-185.3 -545.5 2191.8 0.3941635489 0.1685520113 -0.9034519196 -0.0080850832 0.9836362600 0.1799841523 0.9190047383 -0.0636387095 0.3890763223
-139.3 -212.3 2361.1 -0.8880638480 0.0078112856 -0.4596537948 0.0392991491 0.9974855185 -0.0589759238 0.4580373466 -0.0704383850 -0.8861378431
-142.4 -600.7 2388.5 -0.8687031269 0.2068960518 -0.4500543475 0.1660562009 0.9776533246 0.1289157271 0.4666692913 0.0372551754 -0.8836469054
68.8 -207.4 2181.9 0 0 0 0 0 0 0 0 0
110.5 -228.6 2231.9 0 0 0 0 0 0 0 0 0
-248.2 -912.3 2215.6 0 0 0 0 0 0 0 0 0
-219.5 -965.4 2374.6 0 0 0 0 0 0 0 0 0
15.0 361.6 2315.8 6 0.6078448892 0.3921967447 -0.6904392242 -0.2985473871 0.9185902476 0.2589621246 0.7357948422 0.0487200245 0.6754496694
-62.5 180.2 2306.2 0.6078448892 0.3921967447 -0.6904392242 -0.2985473871 0.9185902476 0.2589621246 0.7357948422 0.0487200245 0.6754496694
-133.3 -0.3 2297.2 0.6159991026 0.3647719622 -0.6982023120 -0.2786346972 0.9299249649 0.2400046736 0.7368227839 0.0467007421 0.6744710803
-146.6 218.3 2205.6 0.0629634187 0.4542470574 -0.8886479735 0.9334665537 0.2882214487 0.2134680897 0.3530946672 -0.8429638147 -0.4058769941
-163.6 -33.7 2110.3 -0.7629333138 0.4542470574 -0.4599917531 0.6144226789 0.2882214487 -0.7344474792 -0.2010411173 -0.8429638147 -0.4989934266
21.6 142.1 2406.9 0.0631705597 0.9571553469 -0.2826007307 -0.9937549829 0.0864251554 0.0705809891 0.0919807777 0.2763772607 0.9566374421
37.8 -112.8 2430.5 0.2866865695 0.9571553469 -0.0407982953 -0.4172874093 0.0864251554 -0.9046556950 -0.8623700142 0.2763772607 0.4241858125
-252.5 -162.2 2223.0 0.4067406058 -0.1599118710 -0.8994388580 -0.0115029532 0.9835857749 -0.1800742298 0.9134712815 0.0835897028 0.3982248008
-190.4 -544.0 2190.5 0.4083221853 0.1491894275 -0.9005640149 -0.0011909804 0.9866403937 0.1629090309 0.9128370881 -0.0654468164 0.4030448198
-142.9 -211.2 2356.6 -0.8791038990 -0.0071226638 -0.4765769243 0.0425560661 0.9947218895 -0.0933664069 0.4747265279 -0.1023600101 -0.8741608262
-140.2 -597.7 2396.4 -0.8563951254 0.2254511267 -0.4644989073 0.1766027659 0.9732748270 0.1467908025 0.4851792455 0.0436791256 -0.8733230829
48.5 -204.5 2166.2 0 0 0 0 0 0 0 0 0
109.3 -216.8 2215.5 0 0 0 0 0 0 0 0 0
-246.1 -912.0 2214.9 0 0 0 0 0 0 0 0 0
-224.3 -960.8 2380.1 0 0 0 0 0 0 0 0 0
18.2 371.6 2318.4 7 0.6466525793 0.3917175829 -0.6545209885 -0.3176562488 0.9184147716 0.2358151972 0.6934947371 0.0554221682 0.7183268070
-59.6 189.3 2307.4 0.6466525793 0.3917175829 -0.6545209885 -0.3176562488 0.9184147716 0.2358151972 0.6934947371 0.0554221682 0.7183268070
-131.1 9.1 2297.5 0.6547401547 0.3682549596 -0.6600784659 -0.2980034351 0.9283167124 0.2223105580 0.6946288943 0.0511500128 0.7175474763
-148.8 229.9 2212.7 0.0981705561 0.4514616430 -0.8868736625 0.9167290330 0.3057680726 0.2571260631 0.3872602284 -0.8382650614 -0.3838505745
-176.3 -26.7 2104.3 -0.7438526154 0.4514616430 -0.4928140342 0.6478315592 0.3057680726 -0.6977249384 -0.1643092632 -0.8382650614 -0.5199174881
29.7 148.6 2402.1 0.0421509594 0.9558368325 -0.2908595204 -0.9959688783 0.0632693470 0.0635843948 0.0791787952 0.2870068848 0.9546505809
40.3 -101.3 2422.0 0.2856544554 0.9558368325 -0.0691194162 -0.4296652675 0.0632693470 -0.9007689953 -0.8566150069 0.2870068848 0.4287630618
-259.2 -155.8 2222.1 0.4473473132 -0.1831958294 -0.8753968477 0.0138368849 0.9800971150 -0.1980356872 0.8942532539 0.0764779598 0.4409786761
-188.1 -536.2 2192.5 0.4378202558 0.1848699600 -0.8798502684 -0.0403510705 0.9816851616 0.1861880124 0.8981565833 -0.0460139811 0.4372613430
-148.5 -206.0 2354.1 -0.8520883322 -0.0110784592 -0.5232807994 0.0473956428 0.9940352440 -0.0982219428 0.5212476850 -0.1084949970 -0.8464807868
-144.2 -592.0 2396.2 -0.8351009488 0.2094877362 -0.5086465478 0.1475252509 0.9760656953 0.1597874165 0.5299459696 0.0584004112 -0.8460181355
28.7 -205.3 2149.5 0 0 0 0 0 0 0 0 0
111.5 -208.4 2208.5 0 0 0 0 0 0 0 0 0
-257.1 -902.2 2209.6 0 0 0 0 0 0 0 0 0
-222.3 -956.2 2374.4 0 0 0 0 0 0 0 0 0
6.5 368.0 2314.7 8 0.6074461937 0.3732784986 -0.7011935115 -0.2895483673 0.9260308743 0.2421334088 0.7397100329 0.0559464246 0.6705960631
-67.3 184.7 2303.6 0.6074461937 0.3732784986 -0.7011935115 -0.2895483673 0.9260308743 0.2421334088 0.7397100329 0.0559464246 0.6705960631
-135.0 3.1 2293.1 0.6140384674 0.3488496542 -0.7079976201 -0.2725538909 0.9355599284 0.2245928496 0.7407233715 0.0550588593 0.6695501804
-150.9 221.9 2202.7 0.1180022955 0.4086298645 -0.9050398469 0.9160323143 0.3070558608 0.2580727339 0.3833540082 -0.8594988585 -0.3380848467
-182.8 -25.7 2099.1 -0.7501044869 0.4086298645 -0.5199663043 0.6494761705 0.3070558608 -0.6956273317 -0.1245954260 -0.8594988585 -0.4957193136
16.3 147.5 2404.5 0.0773643330 0.9571715593 -0.2789933980 -0.9963760972 0.0841478705 0.0124016572 0.0353472158 0.2770228982 0.9602129459
34.5 -87.8 2412.9 0.2834533751 0.9571715593 -0.0589639395 -0.4672348201 0.0841478705 -0.8801197410 -0.8374639153 0.2770228982 0.4710758924
-261.1 -144.4 2225.5 0.3967983723 -0.1950303018 -0.8969472051 0.0023178437 0.9773766994 -0.2114933431 0.9179028869 0.0818412304 0.3882735074
-185.4 -523.8 2193.7 0.3888306022 0.1964689642 -0.9001170397 -0.0391840450 0.9796402454 0.1968999058 0.9204756021 -0.0412904806 0.3886125684
-143.8 -197.8 2349.7 -0.8840528131 -0.0105113881 -0.4672688246 0.0327457190 0.9958974123 -0.0843565986 0.4662385285 -0.0898767412 -0.8800817132
-139.7 -584.5 2384.6 -0.8584972620 0.2247876525 -0.4609262049 0.1991875470 0.9744049311 0.1042080894 0.4725534916 -0.0023484014 -0.8812988400
24.0 -204.7 2133.5 0 0 0 0 0 0 0 0 0
105.8 -205.3 2202.4 0 0 0 0 0 0 0 0 0
-258.7 -889.3 2209.1 0 0 0 0 0 0 0 0 0
-223.4 -947.5 2385.5 0 0 0 0 0 0 0 0 0
0.6 365.0 2311.8 9 0.6105039120 0.3814069033 -0.6941280961 -0.3069112599 0.9218592048 0.2366032302 0.7301304340 0.0685885325 0.6798567176
-74.9 182.6 2298.3 0.6105039120 0.3814069033 -0.6941280961 -0.3069112599 0.9218592048 0.2366032302 0.7301304340 0.0685885325 0.6798567176
-144.2 1.8 2285.2 0.6174205542 0.3569429219 -0.7009875774 -0.2895478010 0.9316829443 0.2193831652 0.7314054370 0.0675177500 0.6785922050
-159.1 222.2 2198.5 0.1077913567 0.3792774677 -0.9189829230 0.9162762165 0.3207837641 0.2398659438 0.3857705593 -0.8678976893 -0.3129451871
-188.3 -25.7 2094.1 -0.7679727077 0.3792774677 -0.5161071420 0.6323252320 0.3207837641 -0.7051684260 -0.1018957049 -0.8678976893 -0.4861798882
9.3 143.1 2398.0 0.1154479757 0.9565286040 -0.2678149343 -0.9931959510 0.1153075248 -0.0163079817 0.0152820265 0.2678754330 0.9633323550
35.8 -85.4 2401.5 0.2904511094 0.9565286040 -0.0262913518 -0.4594553709 0.1153075248 -0.8806843758 -0.8393681645 0.2678754330 0.4729734063
-257.5 -154.0 2216.4 0.3984098434 -0.1762396842 -0.9001162052 0.0133353183 0.9823752046 -0.1864432395 0.9171105623 0.0622774884 0.3937381804
-189.1 -535.2 2192.2 0.3894004226 0.1875425875 -0.9017733335 -0.0364804156 0.9814233184 0.1883546263 0.9203458428 -0.0404483080 0.3890082836
-147.8 -202.9 2348.7 -0.8802020550 -0.0165002365 -0.4743122756 0.0362207703 0.9941452146 -0.1018005013 0.4732150137 -0.1067849621 -0.8744509816
-141.4 -588.8 2390.1 -0.8567494154 0.2246115506 -0.4642521441 0.1786749959 0.9737010598 0.1413559616 0.4837929606 0.0381563976 -0.8743503094
24.6 -201.0 2122.4 0 0 0 0 0 0 0 0 0
108.9 -200.9 2190.5 0 0 0 0 0 0 0 0 0
-259.1 -901.5 2207.3 0 0 0 0 0 0 0 0 0
-225.1 -951.6 2375.9 0 0 0 0 0 0 0 0 0
-4.1 367.8 2309.9 0 0.5583892465 0.3785572648 -0.7381706238 -0.2868402600 0.9230338931 0.2563806772 0.7784112692 0.0685768500 0.6239976883
-78.9 185.5 2296.3 0.5583892465 0.3785572648 -0.7381706238 -0.2868402600 0.9230338931 0.2563806772 0.7784112692 0.0685768500 0.6239976883
-149.0 4.9 2283.1 0.5629025102 0.3610200584 -0.7435087562 -0.2755316496 0.9300702810 0.2430053204 0.7792451978 0.0680718794 0.6230113506
-155.5 223.0 2190.3 0.1554537565 0.3478454053 -0.9245743155 0.9174724817 0.2960928380 0.2656563818 0.3661671877 -0.8895687461 -0.2731098533
-197.0 -21.7 2092.6 -0.7552398443 0.3478454053 -0.5555324554 0.6507025957 0.2960928380 -0.6992247105 -0.0787329227 -0.8895687461 -0.4499650300
-2.3 147.9 2402.4 0.1762792766 0.9700117111 -0.1673405468 -0.9786022902 0.1543715894 -0.1360402852 -0.1061280519 0.1877409220 0.9764682055
40.7 -90.6 2376.6 0.2375389636 0.9700117111 0.0515022762 -0.4384181499 0.1543715894 -0.8854145408 -0.8668130040 0.1877409220 0.4619399905
-268.7 -153.1 2206.8 0.3331167400 -0.1905325502 -0.9234341383 0.0431966893 0.9814258218 -0.1869153678 0.9418956041 0.0223753434 0.3351597488
-194.8 -533.7 2198.1 0.3176863790 0.1638635993 -0.9339293838 -0.0605690032 0.9864495397 0.1524753571 0.9462593794 0.0081278263 0.3233066201
-158.2 -204.9 2337.6 -0.9089301825 -0.0496603660 -0.4139803946 0.0078439554 0.9906694293 -0.1360610574 0.4168745577 -0.1269172430 -0.9000597596
-138.9 -589.2 2386.9 -0.8798848987 0.2353839129 -0.4127916694 0.2017835379 0.9715620875 0.1238973662 0.4302161932 0.0257208552 -0.9023593664
12.0 -201.7 2114.4 0 0 0 0 0 0 0 0 0
100.2 -200.5 2159.3 0 0 0 0 0 0 0 0 0
-255.9 -901.3 2195.1 0 0 0 0 0 0 0 0 0
-226.7 -951.5 2377.3 0 0 0 0 0 0 0 0 0
-4.5 371.6 2301.4 1 0.5541746020 0.3767749965 -0.7422473431 -0.2747436464 0.9245164394 0.2641690075 0.7857521176 0.0575319715 0.6158601046
-79.2 188.3 2290.0 0.5541746020 0.3767749965 -0.7422473431 -0.2747436464 0.9245164394 0.2641690075 0.7857521176 0.0575319715 0.6158601046
-148.4 7.3 2278.5 0.5585466623 0.3564820886 -0.7489633560 -0.2636717260 0.9324101210 0.2471610159 0.7864495516 0.0594295226 0.6147888303
-155.4 224.3 2182.8 0.1801487505 0.3283410966 -0.9272208810 0.9163865447 0.2865450978 0.2795131505 0.3574662805 -0.9000466466 -0.2492666245
-203.8 -22.3 2086.6 -0.7600634694 0.3283410966 -0.5607991219 0.6458873749 0.2865450978 -0.7076167464 -0.0716454089 -0.9000466466 -0.4298638403
-3.0 152.4 2397.3 0.1680615395 0.9661344290 -0.1958048791 -0.9783234000 0.1390884072 -0.1534202844 -0.1209904328 0.2173445374 0.9685673118
37.7 -84.6 2368.0 0.2575848401 0.9661344290 0.0153061226 -0.4698869288 0.1390884072 -0.8716998696 -0.8443081975 0.2173445374 0.4898009896
-269.3 -151.0 2200.4 0.3246487677 -0.1936090738 -0.9258070588 0.0639391989 0.9810787439 -0.1827464700 0.9436709881 0.0001330570 0.3308852017
-194.2 -531.6 2200.3 0.3048690259 0.1735623777 -0.9364459515 -0.0631610900 0.9847744107 0.1619569510 0.9502975941 0.0097712893 0.3111896217
-168.8 -200.2 2339.5 -0.9104064107 -0.0727634057 -0.4072660506 -0.0145614892 0.9894377589 -0.1442251056 0.4134587049 -0.1253730655 -0.9018500447
-140.5 -584.1 2388.2 -0.8843141794 0.2195756137 -0.4120375514 0.1853552759 0.9750915766 0.1218190417 0.4285228252 0.0313529782 -0.9029868245
7.0 -201.4 2106.5 0 0 0 0 0 0 0 0 0
102.6 -203.0 2155.2 0 0 0 0 0 0 0 0 0
-258.9 -898.9 2196.7 0 0 0 0 0 0 0 0 0
-222.4 -947.8 2376.5 0 0 0 0 0 0 0 0 0
-8.8 369.4 2298.7 2 0.5513200760 0.3717541993 -0.7468901873 -0.2719482780 0.9264181256 0.2603719831 0.7887269855 0.0595671944 0.6118508577
-82.5 185.7 2286.9 0.5513200760 0.3717541993 -0.7468901873 -0.2719482780 0.9264181256 0.2603719831 0.7887269855 0.0595671944 0.6118508577
-150.2 4.2 2275.7 0.5572666526 0.3492037058 -0.7533330321 -0.2565926313 0.9352825880 0.2437349856 0.7896924019 0.0574743189 0.6108049154
-158.5 220.8 2179.1 0.1907940060 0.3041684926 -0.9333162308 0.9121033549 0.2965217829 0.2830942273 0.3628569543 -0.9052935243 -0.2208584994
-209.6 -23.6 2081.9 -0.7704561353 0.3041684926 -0.5602489710 0.6354720592 0.2965217829 -0.7129166126 -0.0507207327 -0.9052935243 -0.4217475951
-6.4 150.7 2394.7 0.1796411127 0.9619044065 -0.2060801238 -0.9714100361 0.1404015124 -0.1914418340 -0.1552147716 0.2345791310 0.9596254230
36.3 -80.4 2357.8 0.2733637094 0.9619044065 -0.0034985249 -0.5049403906 0.1404015124 -0.8516587615 -0.8187230825 0.2345791310 0.5240850449
-267.5 -150.1 2196.6 0.3218392730 -0.1838757843 -0.9287675619 0.0617714487 0.9829481244 -0.1731971353 0.9447771311 -0.0016296750 0.3277095854
-196.2 -531.5 2197.3 0.3061181903 0.1622713059 -0.9380616546 -0.0449531414 0.9867303371 0.1560207158 0.9509316087 -0.0055919555 0.3093506992
-167.6 -197.2 2337.3 -0.9123154879 -0.0633489639 -0.4045582116 -0.0151289161 0.9925010204 -0.1212966815 0.4092084467 -0.1045403183 -0.9064324498
-143.1 -582.3 2377.9 -0.8890678287 0.2054932564 -0.4090610445 0.1897112727 0.9786327481 0.0792943612 0.4166149795 -0.0071054227 -0.9090552926
5.0 -200.6 2096.0 0 0 0 0 0 0 0 0 0
105.4 -208.0 2150.9 0 0 0 0 0 0 0 0 0
-256.7 -899.6 2199.4 0 0 0 0 0 0 0 0 0
-219.7 -947.2 2380.5 0 0 0 0 0 0 0 0 0
-12.7 376.5 2295.8 3 0.5213070512 0.3578959107 -0.7746931911 -0.2549137473 0.9316657782 0.2588780224 0.8144065142 0.0625250041 0.5769165158
-83.7 191.8 2283.4 0.5213070512 0.3578959107 -0.7746931911 -0.2549137473 0.9316657782 0.2588780224 0.8144065142 0.0625250041 0.5769165158
-149.0 9.4 2272.2 0.5272279978 0.3362989426 -0.7803420424 -0.2389501780 0.9399672747 0.2436479926 0.8154345155 0.0580048263 0.5759357214
-155.6 224.4 2172.2 0.1972628683 0.2857997417 -0.9377664328 0.9122687578 0.2967368364 0.2823347747 0.3589610159 -0.9111891985 -0.2021910101
-210.0 -27.1 2073.2 -0.7925484180 0.2857997417 -0.5386887193 0.6076990366 0.2967368364 -0.7366472483 -0.0506847985 -0.9111891985 -0.4088585079
-11.8 159.2 2394.7 0.2083042562 0.9601733088 -0.1862162799 -0.9578306675 0.1617371440 -0.2374900132 -0.1979134828 0.2278338522 0.9533740282
39.9 -78.2 2345.6 0.2791975737 0.9601733088 0.0107645467 -0.5239802599 0.1617371440 -0.8362330794 -0.8046697378 0.2278338522 0.5482684970
-267.9 -154.4 2193.9 0.2889007330 -0.1810851693 -0.9400768876 0.0436620750 0.9834185243 -0.1760159284 0.9563629031 0.0098054223 0.2920168936
-197.6 -536.1 2190.1 0.2800111473 0.1571501791 -0.9470467567 -0.0153465522 0.9871171117 0.1592618525 0.9598740935 -0.0300611928 0.2788155079
-168.2 -200.3 2335.3 -0.9278423786 -0.0683499351 -0.3666563034 -0.0234219357 0.9918024540 -0.1256156415 0.3722364306 -0.1079637110 -0.9218372107
-141.6 -585.2 2377.2 -0.9025171995 0.2153678238 -0.3729335666 0.2147213519 0.9756917357 0.0438225605 0.3733061552 -0.0405261815 -0.9268226027
11.7 -197.1 2087.4 0 0 0 0 0 0 0 0 0
110.5 -210.9 2141.9 0 0 0 0 0 0 0 0 0
-256.3 -904.3 2201.3 0 0 0 0 0 0 0 0 0
-221.9 -949.0 2392.3 0 0 0 0 0 0 0 0 0
-14.6 373.3 2293.4 4 0.5191028118 0.3723637462 -0.7693357468 -0.2636510730 0.9259778857 0.2702832520 0.8130316138 0.0625314191 0.5788518190
-88.1 190.5 2281.1 0.5191028118 0.3723637462 -0.7693357468 -0.2636510730 0.9259778857 0.2702832520 0.8130316138 0.0625314191 0.5788518190
-156.1 9.1 2269.9 0.5254888535 0.3504855931 -0.7752556205 -0.2472119629 0.9347934127 0.2550442219 0.8140931726 0.0576295704 0.5778677464
-159.8 224.3 2169.9 0.1947015673 0.2945349514 -0.9355963469 0.9037103057 0.3169446886 0.2878432572 0.3813121617 -0.9015516043 -0.2044646442
-213.6 -25.2 2064.6 -0.7973242998 0.2945349514 -0.5268046856 0.6015585065 0.3169446886 -0.7332621813 -0.0490034036 -0.9015516043 -0.4298876822
-16.4 156.7 2392.2 0.2344416082 0.9598602057 -0.1539658606 -0.9492725134 0.1918967515 -0.2491130680 -0.2095681727 0.2045580298 0.9561575055
39.4 -69.0 2342.4 0.2776350975 0.9598602057 0.0398385338 -0.5464642644 0.1918967515 -0.8152008653 -0.7901237607 0.2045580298 0.5778065920
-261.4 -151.7 2188.1 0.2906714380 -0.1573579162 -0.9437947869 0.0454769321 0.9875412583 -0.1506456584 0.9557415843 0.0008674975 0.2942062020
-200.3 -534.9 2187.8 0.2808485925 0.1433579922 -0.9489849806 -0.0277014673 0.9895802736 0.1412923485 0.9593521953 -0.0133934794 0.2818934619
-167.1 -194.5 2334.0 -0.9261460304 -0.0654897541 -0.3714359403 -0.0275492296 0.9939253926 -0.1065522060 0.3761576712 -0.0884501263 -0.9223242402
-141.7 -580.2 2368.3 -0.9025557637 0.2083049566 -0.3768317103 0.2146246135 0.9763594866 0.0256608706 0.3732685149 -0.0577169992 -0.9259262085
9.4 -193.5 2078.3 0 0 0 0 0 0 0 0 0
109.7 -207.5 2142.1 0 0 0 0 0 0 0 0 0
-253.8 -904.1 2192.7 0 0 0 0 0 0 0 0 0
-219.4 -944.4 2389.9 0 0 0 0 0 0 0 0 0
-19.2 368.8 2286.2 5 0.5264434814 0.3771357238 -0.7619881630 -0.2873853147 0.9224162698 0.2579882741 0.8001668453 0.0831679478 0.5939832330
-93.3 187.4 2269.8 0.5264434814 0.3771357238 -0.7619881630 -0.2873853147 0.9224162698 0.2579882741 0.8001668453 0.0831679478 0.5939832330
-161.8 6.5 2253.9 0.5325269699 0.3526358008 -0.7694563270 -0.2719251215 0.9321648479 0.2390093356 0.8015433550 0.0819555894 0.5922934413
-166.0 224.5 2160.4 0.1723620892 0.3078609705 -0.9356884956 0.9116654992 0.3098770976 0.2698928714 0.3730379045 -0.8995542526 -0.2272551805
-213.8 -28.0 2057.1 -0.8020315170 0.3078609705 -0.5118271112 0.5931468010 0.3098770976 -0.7430700064 -0.0701587573 -0.8995542526 -0.4311379790
-20.6 150.2 2379.3 0.2687891722 0.9566645026 -0.1120060831 -0.9425083399 0.2372577637 -0.2353439778 -0.1985709220 0.1688245833 0.9654366374
42.0 -69.4 2333.0 0.2756665945 0.9566645026 0.0938131809 -0.5511276126 0.2372577637 -0.7999794483 -0.7875698805 0.1688245833 0.5926482677
-271.2 -150.2 2185.9 0.2934674025 -0.1772787571 -0.9393876195 0.0527365617 0.9841606617 -0.1692531556 0.9545133710 0.0001302076 0.2981681526
-202.4 -532.2 2185.8 0.2844637632 0.1293979138 -0.9499139786 -0.0226083864 0.9914790392 0.1282895654 0.9584201574 -0.0150177116 0.2849653363
-177.1 -194.5 2331.6 -0.9209866524 -0.0965777934 -0.3774338663 -0.0583102405 0.9920454621 -0.1115602329 0.3852058053 -0.0807372257 -0.9192920923
-139.7 -579.4 2363.0 -0.8976002932 0.2123160809 -0.3863102496 0.2266802490 0.9739314914 0.0085761668 0.3780605793 -0.0798709318 -0.9223290086
12.1 -195.0 2076.9 0 0 0 0 0 0 0 0 0
111.9 -209.2 2133.2 0 0 0 0 0 0 0 0 0
-250.7 -902.1 2191.4 0 0 0 0 0 0 0 0 0
-218.9 -942.7 2392.8 0 0 0 0 0 0 0 0 0
-23.0 366.2 2283.1 6 0.5359435081 0.3676640987 -0.7599918842 -0.2853819728 0.9260996580 0.2467723340 0.7945575118 0.0846319646 0.6012617946
-95.0 184.7 2266.5 0.5359435081 0.3676640987 -0.7599918842 -0.2853819728 0.9260996580 0.2467723340 0.7945575118 0.0846319646 0.6012617946
-161.9 3.2 2251.0 0.5425539017 0.3447540700 -0.7660155892 -0.2681105733 0.9352753758 0.2310338914 0.7960854173 0.0800285265 0.5998695493
-169.1 221.3 2157.8 0.1581549793 0.3202433288 -0.9340402484 0.9090834260 0.3220160306 0.2643350363 0.3854274750 -0.8909264207 -0.2401994765
-213.0 -30.8 2050.9 -0.8071227074 0.3202433288 -0.4959809780 0.5851237178 0.3220160306 -0.7442687154 -0.0786332637 -0.8909264207 -0.4472884238
-20.9 148.1 2375.2 0.2771317065 0.9550884962 -0.1048996300 -0.9350477457 0.2429602891 -0.2581781745 -0.2210965753 0.1696355194 0.9603853822
45.0 -74.3 2322.6 0.2798211277 0.9550884962 0.0974989459 -0.5511339307 0.2429602891 -0.7982617021 -0.7860989571 0.1696355194 0.5943670869
-278.0 -150.0 2166.3 0.2945645452 -0.1906155944 -0.9364280105 0.0925931409 0.9809871912 -0.1705596298 0.9511352181 -0.0364659913 0.3066137433
-204.0 -530.5 2180.5 0.2849483788 0.1188489944 -0.9511463046 0.0024940807 0.9921882749 0.1247245148 0.9585396051 -0.0379122831 0.2824260294
-182.6 -198.7 2309.8 -0.9176989794 -0.1060496345 -0.3828603029 -0.0583998300 0.9892543554 -0.1340347826 0.3929605484 -0.1006446108 -0.9140310287
-141.4 -582.6 2348.9 -0.8986899853 0.2027613968 -0.3889011741 0.2482651174 0.9661614895 -0.0699743852 0.3615532517 -0.1594358832 -0.9186182618
14.8 -195.9 2073.1 0 0 0 0 0 0 0 0 0
116.0 -214.1 2123.2 0 0 0 0 0 0 0 0 0
-248.4 -900.7 2194.6 0 0 0 0 0 0 0 0 0
-216.9 -942.0 2408.2 0 0 0 0 0 0 0 0 0
-24.9 366.2 2274.5 7 0.5360995531 0.3696275055 -0.7589287162 -0.2729119360 0.9266500473 0.2585320175 0.7988218069 0.0685217902 0.5976524353
-97.6 183.9 2261.0 0.5360995531 0.3696275055 -0.7589287162 -0.2729119360 0.9266500473 0.2585320175 0.7988218069 0.0685217902 0.5976524353
-164.7 2.2 2249.0 0.5434434414 0.3458192050 -0.7649040818 -0.2537897825 0.9362450838 0.2429731190 0.8001624346 0.0620827004 0.5965616107
-171.8 218.6 2151.8 0.1474336833 0.3193255365 -0.9361060262 0.9132059216 0.3195728958 0.2528400421 0.3798924088 -0.8921347260 -0.2444941550
-212.7 -34.8 2046.4 -0.8147390485 0.3193255365 -0.4839746952 0.5733798146 0.3195728958 -0.7543929815 -0.0862317383 -0.8921347260 -0.4434633255
-23.4 149.2 2370.3 0.2873249650 0.9534401894 -0.0916303322 -0.9310975075 0.2555793524 -0.2602625489 -0.2247259617 0.1600967050 0.9611801505
46.1 -76.0 2316.0 0.2797728181 0.9534401894 0.1126007363 -0.5513684750 0.2555793524 -0.7941486239 -0.7859516740 0.1600967050 0.5972009897
-277.5 -154.3 2164.1 0.2994584441 -0.1825872362 -0.9364755750 0.0920109302 0.9824699163 -0.1621323824 0.9496623874 -0.0376140773 0.3110089302
-206.6 -535.5 2178.7 0.2919279337 0.1082310304 -0.9502968788 0.0148632759 0.9929434061 0.1176540703 0.9563248158 -0.0484710336 0.2882592380
-180.3 -202.3 2306.7 -0.9168926477 -0.0984063521 -0.3868127167 -0.0529300384 0.9905490279 -0.1265345067 0.3956087828 -0.0955445543 -0.9134358168
-142.1 -586.7 2343.8 -0.8999586701 0.1987784356 -0.3880225718 0.2608999610 0.9586067200 -0.1140367612 0.3492929935 -0.2038634419 -0.9145677090
16.9 -196.4 2070.7 0 0 0 0 0 0 0 0 0
117.1 -215.9 2116.5 0 0 0 0 0 0 0 0 0
-247.0 -906.1 2196.8 0 0 0 0 0 0 0 0 0
-216.1 -943.6 2419.7 0 0 0 0 0 0 0 0 0
-26.2 369.2 2270.2 8 0.5509286523 0.3613367677 -0.7522721291 -0.2642583251 0.9305563569 0.2534411848 0.7916092277 0.0591661669 0.6081563830
-97.5 185.7 2258.6 0.5509286523 0.3613367677 -0.7522721291 -0.2642583251 0.9305563569 0.2534411848 0.7916092277 0.0591661669 0.6081563830
-162.7 3.2 2247.4 0.5571180582 0.3358721733 -0.7594796419 -0.2476513684 0.9401408434 0.2341025025 0.7926463485 0.0576634370 0.6069486737
-173.6 219.5 2150.3 0.1430587322 0.2983619869 -0.9436706901 0.9124639034 0.3295368850 0.2425180972 0.3833324611 -0.8957597613 -0.2251014113
-213.9 -38.0 2042.1 -0.8292223811 0.2983619869 -0.4726207554 0.5542216301 0.3295368850 -0.7643584609 -0.0723095238 -0.8957597613 -0.4386180043
-21.4 151.9 2366.8 0.2876773775 0.9538260698 -0.0863571838 -0.9303283691 0.2568954825 -0.2617132366 -0.2274441272 0.1556295156 0.9612745047
49.0 -75.8 2311.2 0.2777187228 0.9538260698 0.1144034714 -0.5569517016 0.2568954825 -0.7898161411 -0.7827369571 0.1556295156 0.6025797129
-280.6 -156.8 2165.3 0.3117502034 -0.1822496206 -0.9325218201 0.0926176161 0.9825873971 -0.1610714197 0.9456393719 -0.0361538976 0.3232013285
-209.8 -538.1 2179.3 0.3056554496 0.0916456282 -0.9477213621 0.0168715343 0.9946793914 0.1016278565 0.9519926906 -0.0470526218 0.3024829626
-183.2 -202.2 2308.6 -0.9112952948 -0.1046349555 -0.3982365727 -0.0587351024 0.9903158545 -0.1257961690 0.4075426757 -0.0912469923 -0.9086159468
-142.6 -586.6 2344.0 -0.8941798806 0.1972264796 -0.4019253850 0.2521411777 0.9636744857 -0.0880696774 0.3699555695 -0.1800920665 -0.9114273190
20.2 -194.5 2062.6 0 0 0 0 0 0 0 0 0
119.5 -217.2 2112.5 0 0 0 0 0 0 0 0 0
-244.0 -909.4 2196.9 0 0 0 0 0 0 0 0 0
-216.1 -945.8 2411.1 0 0 0 0 0 0 0 0 0
-23.1 368.8 2261.1 9 0.5654699206 0.3654996455 -0.7393603921 -0.2612811625 0.9296590090 0.2597426176 0.7822889090 0.0463042893 0.6211923957
-95.4 184.8 2251.9 0.5654699206 0.3654996455 -0.7393603921 -0.2612811625 0.9296590090 0.2597426176 0.7822889090 0.0463042893 0.6211923957
-161.1 2.4 2243.4 0.5724252462 0.3387293518 -0.7467206717 -0.2428167462 0.9398629665 0.2402032465 0.7831789851 0.0438178703 0.6202504635
-173.6 218.0 2145.0 0.1475051194 0.2937925458 -0.9444195032 0.9116739035 0.3298795819 0.2450105250 0.3835269511 -0.8971429467 -0.2191840559
-215.1 -38.7 2037.0 -0.8308339119 0.2937925458 -0.4726531506 0.5522232652 0.3298795819 -0.7656558752 -0.0690253600 -0.8971429467 -0.4363141954
-17.2 151.7 2358.9 0.2836497724 0.9543521404 -0.0935671702 -0.9367064238 0.2548704445 -0.2400459945 -0.2052409053 0.1557339579 0.9662417173
51.0 -73.6 2309.6 0.2771973014 0.9543521404 0.1112369522 -0.5615952015 0.2548704445 -0.7871797085 -0.7795976400 0.1557339579 0.6066089869
-277.7 -157.1 2165.2 0.3345254064 -0.1731333584 -0.9263463616 0.0784773901 0.9846826792 -0.1556963325 0.9391134381 -0.0206128675 0.3429884017
-210.5 -539.2 2173.2 0.3321421742 0.0890902281 -0.9390125275 0.0504743755 0.9924241900 0.1120112538 0.9418778419 -0.0845997334 0.3251291811
-177.9 -201.4 2307.2 -0.9042074084 -0.0838172436 -0.4187883437 -0.0416679271 0.9931885004 -0.1088136211 0.4250562191 -0.0809400380 -0.9015408754
-145.4 -586.9 2338.6 -0.8906704783 0.1791380942 -0.4178704321 0.2493093610 0.9610348940 -0.1194018796 0.3801986277 -0.2105267346 -0.9006261826
19.5 -194.7 2056.5 0 0 0 0 0 0 0 0 0
121.4 -216.1 2111.7 0 0 0 0 0 0 0 0 0
-243.8 -909.4 2204.7 0 0 0 0 0 0 0 0 0
-212.2 -945.1 2417.1 0 0 0 0 0 0 0 0 0
-26.8 364.5 2250.0 0 0.5687105656 0.3720383346 -0.7335910201 -0.2629621625 0.9272939563 0.2664148510 0.7793710232 0.0413937494 0.6251938343
-100.2 181.5 2241.9 0.5687105656 0.3720383346 -0.7335910201 -0.2629621625 0.9272939563 0.2664148510 0.7793710232 0.0413937494 0.6251938343
-167.9 -0.2 2233.9 0.5743114352 0.3492409885 -0.7404033542 -0.2484922856 0.9361317158 0.2488152236 0.7800115347 0.0410870910 0.6244148016
-178.6 215.5 2135.3 0.1069611087 0.2740065753 -0.9557613134 0.9243811965 0.3266137540 0.1970859617 0.3661676347 -0.9045683146 -0.2183515429
-209.2 -48.6 2030.7 -0.8467813134 0.2740065753 -0.4559405744 0.5278416872 0.3266137540 -0.7840322852 -0.0659135357 -0.9045683146 -0.4212024808
-21.7 147.6 2348.4 0.3082620502 0.9474160075 -0.0858916715 -0.9305215478 0.2815285325 -0.2342464179 -0.1977478564 0.1521333307 0.9683755636
52.1 -75.1 2301.1 0.2942279577 0.9474160075 0.1258283108 -0.5794288516 0.2815285325 -0.7648554444 -0.7600606084 0.1521333307 0.6317937374
-278.1 -158.2 2164.8 0.3412392437 -0.1684088409 -0.9247671366 0.0732260346 0.9855923653 -0.1524652690 0.9371199012 -0.0156898964 0.3486546874
-212.7 -540.8 2170.9 0.3397996724 0.0886406153 -0.9363113642 0.0565910749 0.9918177724 0.1144330502 0.9387937188 -0.0918711871 0.3320030868
-175.6 -201.8 2305.1 -0.9021074772 -0.0757240504 -0.4248152077 -0.0314176381 0.9933952093 -0.1103581488 0.4303661585 -0.0862082243 -0.8985282779
-146.2 -587.3 2338.5 -0.8863594532 0.1829483360 -0.4253197312 0.2484993041 0.9630749822 -0.1036084816 0.3906597793 -0.1975260079 -0.8990930915
30.1 -197.8 2049.3 0 0 0 0 0 0 0 0 0
126.7 -222.2 2108.3 0 0 0 0 0 0 0 0 0
-245.8 -910.9 2205.2 0 0 0 0 0 0 0 0 0
-214.4 -946.6 2412.2 0 0 0 0 0 0 0 0 0
-28.2 363.7 2243.5 1 0.5645337701 0.3806870878 -0.7323789597 -0.2634293139 0.9239861965 0.2772264779 0.7822446227 0.0364263877 0.6219055653
-103.3 181.6 2236.3 0.5645337701 0.3806870878 -0.7323789597 -0.2634293139 0.9239861965 0.2772264779 0.7822446227 0.0364263877 0.6219055653
-173.0 0.6 2229.2 0.5697455406 0.3591859639 -0.7391721010 -0.2503516078 0.9325395823 0.2601808012 0.7827605605 0.0368160717 0.6212330461
-181.1 215.8 2129.4 0.1057068110 0.3102795482 -0.9447500706 0.9219213724 0.3254843652 0.2100497484 0.3726755083 -0.8931889534 -0.2516474128
-211.3 -47.5 2023.0 -0.8435360193 0.3102795482 -0.4383760691 0.5275293589 0.3254843652 -0.7847118378 -0.1007954702 -0.8931889534 -0.4382393658
-25.4 147.4 2343.3 0.3154319525 0.9455916286 -0.0797444656 -0.9296588898 0.2910696566 -0.2258602232 -0.1903603375 0.1453786790 0.9708902836
49.6 -73.7 2298.0 0.2984638512 0.9455916286 0.1295215786 -0.5981439948 0.2910696566 -0.7466607094 -0.7437359095 0.1453786790 0.6524736881
-287.1 -159.6 2156.1 0.3349563181 -0.1890792996 -0.9230673313 0.1020379812 0.9811762571 -0.1639553756 0.9366922975 -0.0392700322 0.3479444683
-213.8 -540.3 2171.3 0.3314565420 0.0857958049 -0.9395614266 0.0578026883 0.9921393394 0.1109884605 0.9416981339 -0.0910970271 0.3238918185
-184.3 -204.1 2295.8 -0.9025161862 -0.0970828012 -0.4195705652 -0.0303716063 0.9861819148 -0.1628580391 0.4295836389 -0.1342389882 -0.8929937482
-146.6 -586.4 2347.8 -0.8846102357 0.1844999194 -0.4282808602 0.2231301218 0.9739125371 -0.0413196348 0.4094846249 -0.1321141273 -0.9027004838
25.5 -195.6 2051.3 0 0 0 0 0 0 0 0 0
125.3 -225.4 2109.3 0 0 0 0 0 0 0 0 0
-245.8 -910.6 2205.3 0 0 0 0 0 0 0 0 0
-215.3 -949.1 2397.0 0 0 0 0 0 0 0 0 0
-26.4 367.3 2240.7 2 0.5626379251 0.3858243227 -0.7311485410 -0.2658960819 0.9218763709 0.2818567157 0.7827757597 0.0358262658 0.6212717891
-102.7 184.9 2233.6 0.5626379251 0.3858243227 -0.7311485410 -0.2658960819 0.9218763709 0.2818567157 0.7827757597 0.0358262658 0.6212717891
-173.1 4.1 2226.5 0.5681830049 0.3624165356 -0.7387979031 -0.2521625459 0.9312849045 0.2629116178 0.7833148241 0.0369152464 0.6205281019
-180.4 219.3 2126.6 0.0902615339 0.2986915112 -0.9500716925 0.9230403304 0.3331215680 0.1924229711 0.3739644885 -0.8943228722 -0.2456362247
-206.9 -52.4 2016.5 -0.8581686616 0.2986915112 -0.4175283909 0.5037350059 0.3331215680 -0.7970452309 -0.0989829078 -0.8943228722 -0.4363358617
-25.1 150.4 2340.7 0.3065727949 0.9469403028 -0.0965256691 -0.9320319295 0.2780588865 -0.2323784679 -0.1932087243 0.1612059176 0.9678238630
48.8 -74.2 2294.1 0.3021035194 0.9469403028 0.1097158045 -0.5988008380 0.2780588865 -0.7510797977 -0.7417351604 0.1612059176 0.6510311961
-293.7 -158.0 2151.9 0.3320974708 -0.2071744800 -0.9202119112 0.1130404472 0.9772914052 -0.1792297959 0.9364470840 -0.0444994010 0.3479751050
-213.3 -537.3 2169.2 0.3278132677 0.0861262009 -0.9408085346 0.0579286180 0.9921296835 0.1110089049 0.9429648519 -0.0908899307 0.3202441037
-191.7 -202.9 2292.2 -0.9006710052 -0.1161922589 -0.4186778367 -0.0489190556 0.9845717549 -0.1680042148 0.4317391515 -0.1308351904 -0.8924592137
-146.6 -584.8 2342.9 -0.8851233721 0.1833036095 -0.4277339876 0.2367860973 0.9686728716 -0.0748682246 0.4006106853 -0.1675490886 -0.9007987380
34.9 -194.4 2044.4 0 0 0 0 0 0 0 0 0
125.4 -226.2 2105.9 0 0 0 0 0 0 0 0 0
-245.5 -907.6 2203.1 0 0 0 0 0 0 0 0 0
-214.9 -945.7 2405.3 0 0 0 0 0 0 0 0 0
-30.0 367.5 2239.9 3 0.5698317885 0.3649069965 -0.7362979054 -0.2612162828 0.9299605489 0.2587265074 0.7791391015 0.0449024141 0.6252407432
-102.3 183.3 2231.0 0.5698317885 0.3649069965 -0.7362979054 -0.2612162828 0.9299605489 0.2587265074 0.7791391015 0.0449024141 0.6252407432
-169.7 1.5 2223.2 0.5754515529 0.3470570445 -0.7405450344 -0.2464798987 0.9369882941 0.2475894690 0.7798097134 0.0400537178 0.6247339845
-180.9 217.0 2124.4 0.0781291202 0.2988340259 -0.9511014819 0.9215704799 0.3422459662 0.1832362115 0.3802678883 -0.8908231854 -0.2486572564
-204.0 -55.1 2012.1 -0.8640871048 0.2988340259 -0.4050329030 0.4932336211 0.3422459662 -0.7997426391 -0.1003694385 -0.8908231854 -0.4431253374
-23.7 149.7 2337.5 0.2982263863 0.9479920864 -0.1112298444 -0.9358293414 0.2674689889 -0.2295293808 -0.1878414899 0.1725438684 0.9669251442
47.3 -72.9 2292.8 0.3027859032 0.9479920864 0.0981414616 -0.5906584263 0.2674689889 -0.7613034248 -0.7479594350 0.1725438684 0.6409253478
-294.3 -154.1 2149.1 0.3327406049 -0.2103419006 -0.9192605615 0.1194777712 0.9763543010 -0.1801590621 0.9354190230 -0.0498849675 0.3500039279
-212.7 -533.0 2168.5 0.3275669217 0.0897388607 -0.9405566454 0.0546292067 0.9920150638 0.1136741862 0.9432473779 -0.0886177719 0.3200489283
-192.5 -199.3 2289.5 -0.9000945687 -0.1221936196 -0.4182086289 -0.0497041792 0.9823983312 -0.1800640523 0.4328501225 -0.1412879527 -0.8903249502
-145.1 -580.5 2344.3 -0.8812558055 0.1927425563 -0.4315535724 0.2298311293 0.9726031423 -0.0349388830 0.4129961431 -0.1299745291 -0.9014104605
40.5 -194.7 2040.5 0 0 0 0 0 0 0 0 0
124.1 -222.8 2103.0 0 0 0 0 0 0 0 0 0
-246.2 -903.3 2201.6 0 0 0 0 0 0 0 0 0
-216.9 -942.9 2392.8 0 0 0 0 0 0 0 0 0
-28.4 371.1 2238.9 4 0.5651363730 0.3730567992 -0.7358325124 -0.2669709027 0.9266260266 0.2647466362 0.7806071043 0.0468279310 0.6232653260
-102.4 187.2 2229.6 0.5651363730 0.3730567992 -0.7358325124 -0.2669709027 0.9266260266 0.2647466362 0.7806071043 0.0468279310 0.6232653260
-170.9 5.8 2221.8 0.5719014406 0.3528388143 -0.7405629754 -0.2496229261 0.9348119497 0.2526162565 0.7814199328 0.0403898954 0.6226969957
-180.5 221.3 2122.9 0.0585724004 0.3144831359 -0.9474542737 0.9240639210 0.3420279324 0.1706537902 0.3777235746 -0.8855039477 -0.2705691457
-198.4 -59.8 2008.0 -0.8680385947 0.3144831359 -0.3841996789 0.4811654091 0.3420279324 -0.8071534634 -0.1224291399 -0.8855039477 -0.4482118487
-24.3 153.1 2336.4 0.2926391959 0.9499747753 -0.1091339961 -0.9364205003 0.2615997791 -0.2338422090 -0.1935947686 0.1706266999 0.9661301970
46.8 -74.5 2289.3 0.2963215411 0.9499747753 0.0986988917 -0.5822691321 0.2615997791 -0.7697585225 -0.7570707798 0.1706266999 0.6306586862
-288.6 -158.3 2145.5 0.3301822841 -0.1991864741 -0.9226616025 0.1224018112 0.9782633781 -0.1673873961 0.9359473586 -0.0576670952 0.3473860323
-211.3 -538.0 2167.9 0.3249347508 0.0989518762 -0.9405455589 0.0644143745 0.9898862243 0.1263963878 0.9435402751 -0.1016552299 0.3152745068
-185.5 -202.5 2285.3 -0.9039855599 -0.1013143957 -0.4153859317 -0.0211877748 0.9809412956 -0.1931457669 0.4270376265 -0.1657998860 -0.8889033794
-146.2 -583.0 2349.6 -0.8845650554 0.1880942881 -0.4268082082 0.2147031128 0.9765702486 -0.0146004362 0.4140619338 -0.1045520902 -0.9042242765
47.4 -196.0 2042.6 0 0 0 0 0 0 0 0 0
122.1 -222.3 2097.2 0 0 0 0 0 0 0 0 0
-248.2 -907.5 2205.9 0 0 0 0 0 0 0 0 0
-216.3 -947.1 2388.6 0 0 0 0 0 0 0 0 0
-34.0 373.1 2239.4 5 0.5602311492 0.3595213294 -0.7462475896 -0.2665877640 0.9312237501 0.2485020459 0.7842652798 0.0597218797 0.6175445318
-105.2 188.7 2227.6 0.5602311492 0.3595213294 -0.7462475896 -0.2665877640 0.9312237501 0.2485020459 0.7842652798 0.0597218797 0.6175445318
-171.7 6.6 2217.6 0.5664818287 0.3424052298 -0.7495712042 -0.2499410659 0.9381348491 0.2396506220 0.7852565050 0.0515909046 0.6170175076
-182.6 222.9 2120.3 0.0444748774 0.3078790605 -0.9503854513 0.9242277145 0.3484607935 0.1561352909 0.3792428374 -0.8853166103 -0.2690526247
-196.2 -60.3 2004.1 -0.8696400523 0.3078790605 -0.3859231472 0.4805097580 0.3484607935 -0.8047890663 -0.1132986248 -0.8853166103 -0.4509743452
-27.8 154.6 2334.9 0.3037956059 0.9490166903 -0.0841163918 -0.9327996373 0.2783091366 -0.2289735079 -0.1938893199 0.1480248868 0.9697915316
