-121.4 387.6 2803.8 86 0.4525945187 0.5463628173 -0.7047311068 -0.4414803982 0.8239457011 0.3552584648 0.7747601271 0.1503369361 0.6141217351
-230.5 223.0 2773.8 0.4525945187 0.5463628173 -0.7047311068 -0.4414803982 0.8239457011 0.3552584648 0.7747601271 0.1503369361 0.6141217351
-336.0 57.0 2745.8 0.4629067183 0.5309832096 -0.7097705603 -0.4255960882 0.8355324864 0.3474959731 0.7775508761 0.1412173212 0.6127579808
-298.1 285.2 2660.3 -0.0507987104 0.4992165565 -0.8649868965 0.9907270074 0.1344715357 0.0194254536 0.1260136217 -0.8559790850 -0.5014183521
-283.4 -0.4 2624.0 -0.6905621290 0.4992165565 -0.5233610272 0.6584378481 0.1344715357 -0.7405248284 -0.2993050814 -0.8559790850 -0.4215640426
-163.0 160.9 2887.2 0.0114466278 0.8956112266 0.4446903169 -0.9772089124 0.1042932123 -0.1848936677 -0.2119710296 -0.4324389398 0.8763930798
-159.8 -107.5 2829.0 -0.4421346486 0.8956112266 0.0489638261 0.1016989574 0.1042932123 -0.9893332124 -0.8911645412 -0.4324389398 -0.1371943802
-479.2 -73.3 2640.9 -0.9995633364 0.0161849800 0.0247209817 0.0155696236 0.9995690584 -0.0248849373 -0.0251130909 -0.0244891755 -0.9993846416
-485.6 -470.4 2650.7 -0.9985602498 -0.0454778969 0.0284457617 -0.0358364731 0.9601765275 0.2770862579 -0.0399142541 0.2756679356 -0.9604238868
-399.6 -149.3 2787.5 -0.5023347139 0.1347543299 0.8541083336 0.0312696956 0.9899666309 -0.1377980113 -0.8641076684 -0.0425130203 -0.5015083551
-452.8 -540.7 2804.3 -0.4888651967 -0.2146618962 0.8455359936 -0.0350177102 0.9732995629 0.2268518358 -0.8716562390 0.0812912360 -0.4833292663
-104.1 -171.3 2701.7 0 0 0 0 0 0 0 0 0
-267.1 -82.8 2612.8 0 0 0 0 0 0 0 0 0
-468.6 -829.6 2547.6 0 0 0 0 0 0 0 0 0
-393.5 -809.9 2781.9 0 0 0 0 0 0 0 0 0
-123.0 389.0 2811.8 87 0.4423798025 0.5429061651 -0.7138298154 -0.4538792968 0.8220214248 0.3439103365 0.7734944820 0.1718535870 0.6100595593
-231.3 225.1 2777.5 0.4423798025 0.5429061651 -0.7138298154 -0.4538792968 0.8220214248 0.3439103365 0.7734944820 0.1718535870 0.6100595593
-336.7 59.8 2745.9 0.4527597725 0.5309065580 -0.7163426280 -0.4378884137 0.8322421908 0.3400392532 0.7766996622 0.1597220451 0.6092836261
-297.4 289.1 2664.2 -0.0411244743 0.4934201241 -0.8688184023 0.9928249121 0.1178988591 0.0199630521 0.1122828647 -0.8617635965 -0.4947283268
-285.2 -4.3 2631.0 -0.6914741993 0.4934201241 -0.5276362896 0.6541961432 0.1178988591 -0.7470791340 -0.3064161539 -0.8617635965 -0.4043175578
-165.2 161.2 2890.8 0.0120483078 0.9009093046 0.4338400960 -0.9740341306 0.1086710766 -0.1986153871 -0.2260803282 -0.4201820791 0.8788257241
-161.9 -106.3 2828.7 -0.4312723875 0.9009093046 0.0486469567 0.1156397834 0.1086710766 -0.9873287678 -0.8947801590 -0.4201820791 -0.1510477960
-483.9 -70.0 2646.5 -0.9993219972 0.0037187056 0.0366290659 0.0034691913 0.9999703765 -0.0068731271 -0.0366535373 -0.0067413938 -0.9993053079
-485.4 -467.2 2649.2 -0.9984003305 -0.0433876775 0.0362530872 -0.0321925655 0.9633389115 0.2663489282 -0.0464802720 0.2647557855 -0.9631946683
-399.1 -148.0 2789.0 -0.4960869849 0.0522582196 0.8666988015 0.0013197868 0.9982314110 -0.0594336428 -0.8682718277 -0.0283403993 -0.4952785671
-419.7 -542.3 2800.2 -0.4976966381 -0.1003084406 0.8615313768 0.0166525301 0.9920019507 0.1251191497 -0.8671913147 0.0766180605 -0.4920456409
-105.6 -174.2 2710.6 0 0 0 0 0 0 0 0 0
-266.5 -78.3 2611.7 0 0 0 0 0 0 0 0 0
-469.0 -830.5 2549.4 0 0 0 0 0 0 0 0 0
-391.8 -818.5 2778.9 0 0 0 0 0 0 0 0 0
-121.2 387.8 2805.3 88 0.4413397014 0.5621052980 -0.6994690299 -0.4419254661 0.8145608306 0.3757559955 0.7809745073 0.1432771534 0.6079066396
-233.3 225.4 2776.7 0.4413397014 0.5621052980 -0.6994690299 -0.4419254661 0.8145608306 0.3757559955 0.7809745073 0.1432771534 0.6079066396
-340.8 60.8 2748.4 0.4499747157 0.5413284898 -0.7102719545 -0.4290669560 0.8285768628 0.3596692383 0.7832140923 0.1429121494 0.6051048040
-299.0 288.0 2662.4 -0.0323470645 0.4813266993 -0.8759441972 0.9953803420 0.0947797745 0.0153233586 0.0903973430 -0.8714019656 -0.4821689725
-289.4 -6.6 2635.7 -0.6939643621 0.4813266993 -0.5354793072 0.6485232711 0.0947797745 -0.7552710772 -0.3127795160 -0.8714019656 -0.3779253662
-167.6 162.7 2891.0 -0.0003230134 0.9007950425 0.4342443943 -0.9780673981 0.0901634470 -0.1877622753 -0.2082882971 -0.4247809350 0.8810091615
-167.7 -105.8 2833.8 -0.4327200949 0.9007950425 0.0363539867 0.1044847965 0.0901634470 -0.9904309511 -0.8954530954 -0.4247809350 -0.1331349164
-483.7 -65.4 2643.0 -0.9993891120 0.0098613491 0.0335290879 0.0094911428 0.9998924136 -0.0111826472 -0.0336357579 -0.0108575867 -0.9993751645
-487.6 -462.7 2647.3 -0.9982949495 -0.0467543118 0.0349459238 -0.0361752212 0.9654100537 0.2582145631 -0.0458097905 0.2565101087 -0.9654553533
-400.7 -145.7 2785.3 -0.4979066849 0.1084258258 0.8604259491 0.0018903704 0.9922868609 -0.1239482611 -0.8672285676 -0.0600881428 -0.4942712188
-443.5 -538.1 2809.1 -0.4978199005 -0.1755103916 0.8493359089 0.0014058339 0.9791448116 0.2031586468 -0.8672792912 0.1023304462 -0.4871910214
-109.1 -175.0 2716.9 0 0 0 0 0 0 0 0 0
-272.6 -80.5 2616.6 0 0 0 0 0 0 0 0 0
-469.8 -829.5 2549.8 0 0 0 0 0 0 0 0 0
-391.7 -827.1 2778.9 0 0 0 0 0 0 0 0 0
-119.7 386.6 2802.0 89 0.4672746956 0.5770884752 -0.6697934270 -0.4566313326 0.8062508702 0.3760948181 0.7570615411 0.1301090568 0.6402573586
-234.9 225.6 2776.0 0.4672746956 0.5770884752 -0.6697934270 -0.4566313326 0.8062508702 0.3760948181 0.7570615411 0.1301090568 0.6402573586
-344.4 61.8 2750.5 0.4793567955 0.5510376096 -0.6830626726 -0.4391665459 0.8244665861 0.3569139540 0.7598353624 0.1288891584 0.6372109652
-304.9 289.8 2665.2 -0.0655052215 0.4468196929 -0.8922226429 0.9957432151 0.0873734131 -0.0293494221 0.0648426339 -0.8903471231 -0.4506410658
-284.5 -19.4 2645.1 -0.7222031951 0.4468196929 -0.5279912353 0.6225889325 0.0873734131 -0.7776560187 -0.3013396263 -0.8903471231 -0.3412863612
-165.0 161.5 2886.9 -0.0139439320 0.8831428885 0.4688967764 -0.9758868217 0.0901404172 -0.1987954974 -0.2178313881 -0.4603621662 0.8605905771
-168.8 -106.5 2827.1 -0.4683990777 0.8831428885 0.0257084407 0.1156627759 0.0901404172 -0.9891899824 -0.8759135008 -0.4603621662 -0.1443684548
-489.6 -64.5 2648.2 -0.9999446869 -0.0074875089 -0.0073844320 -0.0075043305 0.9999693036 0.0022529089 0.0073673371 0.0023081996 -0.9999701977
-486.6 -461.8 2647.3 -0.9989894629 -0.0440215133 -0.0090624783 -0.0448646396 0.9647023082 0.2594930828 -0.0026806837 0.2596374154 -0.9657024741
-407.0 -143.2 2791.8 -0.5326911211 0.1086963192 0.8393005133 0.0151053984 0.9927809834 -0.1189861447 -0.8461749554 -0.0507048927 -0.5304874778
-450.1 -536.7 2811.9 -0.5281491876 -0.2025374472 0.8246435523 -0.0073758867 0.9721958041 0.2340532392 -0.8491195440 0.1175325513 -0.5149583220
-95.2 -182.6 2724.1 0 0 0 0 0 0 0 0 0
-282.4 -78.4 2614.6 0 0 0 0 0 0 0 0 0
-469.9 -828.4 2548.6 0 0 0 0 0 0 0 0 0
-391.2 -819.6 2777.7 0 0 0 0 0 0 0 0 0
-112.3 387.5 2801.4 90 0.4569309354 0.5810231566 -0.6735177636 -0.4538296163 0.8034985662 0.3852645159 0.7650181651 0.1296230406 0.6308288574
-229.0 226.1 2775.4 0.4569309354 0.5810231566 -0.6735177636 -0.4538296163 0.8034985662 0.3852645159 0.7650181651 0.1296230406 0.6308288574
-339.2 62.6 2751.2 0.4719231725 0.5549851656 -0.6850401163 -0.4323663414 0.8228420019 0.3687687516 0.7683410048 0.1221577823 0.6282750964
-297.8 289.2 2663.3 -0.0283608567 0.4358608723 -0.8995671272 0.9981265068 0.0611562096 -0.0018365780 0.0542136207 -0.8979338408 -0.4367787242
-289.1 -18.6 2646.5 -0.7181558013 0.4358608723 -0.5424735546 0.6249783039 0.0611562096 -0.7782428861 -0.3060300052 -0.8979338408 -0.3163232803
-160.1 162.9 2887.5 -0.0182226598 0.8865800500 0.4622161388 -0.9784398675 0.0793088824 -0.1906974614 -0.2057264149 -0.4557257295 0.8660200238
-165.1 -105.8 2831.0 -0.4621036947 0.8865800500 0.0208807625 0.1073780507 0.0793088824 -0.9910500050 -0.8803011775 -0.4557257295 -0.1318481565
-497.7 -61.7 2655.3 -0.9996541739 -0.0262719281 -0.0011279458 -0.0262730159 0.9996543527 0.0009601976 0.0011023297 0.0009895002 -0.9999989271
-487.3 -458.9 2654.9 -0.9987444878 -0.0494027771 -0.0082920836 -0.0497761481 0.9601068497 0.2751674950 -0.0056327516 0.2752347887 -0.9613605142
-409.9 -142.3 2794.6 -0.5279537439 0.0974927247 0.8436586857 0.0002258325 0.9934052229 -0.1146560237 -0.8492730856 -0.0603425540 -0.5244940519
-448.6 -536.5 2818.5 -0.5321952701 -0.1935362220 0.8242037892 0.0208889041 0.9702227712 0.2413119525 -0.8463639021 0.1456417888 -0.5123052001
-99.8 -183.3 2727.2 0 0 0 0 0 0 0 0 0
-277.2 -79.7 2617.5 0 0 0 0 0 0 0 0 0
-468.2 -828.9 2548.9 0 0 0 0 0 0 0 0 0
-392.6 -816.9 2776.4 0 0 0 0 0 0 0 0 0
-106.4 385.3 2803.1 91 0.4796110392 0.5877783895 -0.6515288353 -0.4766704738 0.7979122400 0.3689462841 0.7367214561 0.1336138397 0.6628640890
-223.8 225.9 2776.4 0.4796110392 0.5877783895 -0.6515288353 -0.4766704738 0.7979122400 0.3689462841 0.7367214561 0.1336138397 0.6628640890
-335.0 63.1 2751.6 0.4967571497 0.5595952868 -0.6633893251 -0.4525039196 0.8192524910 0.3522294760 0.7405893207 0.1252137721 0.6601886153
-296.3 292.0 2668.4 -0.0031105708 0.4283507466 -0.9036071897 0.9975885153 0.0639820918 0.0268963184 0.0693357363 -0.9013445377 -0.4275168180
-295.3 -17.2 2646.9 -0.7220253944 0.4283507466 -0.5433185101 0.6239997149 0.0639820918 -0.7788007855 -0.2988372445 -0.9013445377 -0.3134874403
-151.3 159.8 2884.4 -0.0260700621 0.8710204959 0.4905543923 -0.9726872444 0.0911213756 -0.2134862244 -0.2306508720 -0.4827216268 0.8448550105
-158.5 -107.3 2821.1 -0.4910034835 0.8710204959 0.0154548185 0.1305712461 0.0911213756 -0.9872426391 -0.8613168597 -0.4827216268 -0.1584711373
-492.7 -61.3 2656.5 -0.9994053841 -0.0059956186 -0.0339545459 -0.0060135620 0.9999818206 0.0004263630 0.0339513719 0.0006302972 -0.9994232655
-490.3 -458.6 2656.2 -0.9977868199 -0.0569743216 -0.0342848003 -0.0642774552 0.9584569335 0.2779005170 0.0170273129 0.2794891894 -0.9599978328
-406.2 -140.6 2797.4 -0.5544278622 0.1179790795 0.8238268495 0.0362634398 0.9923853278 -0.1177131385 -0.8314413428 -0.0353886485 -0.5544843674
-453.0 -534.5 2811.4 -0.5437334776 -0.2056561410 0.8136703372 -0.0183800310 0.9721971154 0.2334415466 -0.8390566707 0.1119747013 -0.5323960781
-104.5 -182.0 2725.8 0 0 0 0 0 0 0 0 0
-277.6 -75.6 2612.2 0 0 0 0 0 0 0 0 0
-468.3 -828.7 2548.3 0 0 0 0 0 0 0 0 0
-393.2 -817.5 2778.8 0 0 0 0 0 0 0 0 0
-104.5 386.4 2801.4 92 0.5244972110 0.5819571614 -0.6214728951 -0.4974045157 0.8018561602 0.3310822546 0.6910075545 0.1354717016 0.7100394368
-220.8 226.3 2774.4 0.5244972110 0.5819571614 -0.6214728951 -0.4974045157 0.8018561602 0.3310822546 0.6910075545 0.1354717016 0.7100394368
-332.3 63.9 2748.7 0.5376769304 0.5611004233 -0.6293408275 -0.4787319005 0.8175923228 0.3199352026 0.6940600276 0.1292637438 0.7082172036
-299.1 296.1 2673.2 -0.0111953579 0.4357298911 -0.9000078440 0.9964869022 0.0795691535 0.0261271391 0.0829972401 -0.8965535164 -0.4350899160
-295.6 -21.3 2646.8 -0.7254859805 0.4357298911 -0.5327377915 0.6206104755 0.0795691535 -0.7800714374 -0.2975109220 -0.8965535164 -0.3281448185
-142.4 156.4 2875.5 -0.0331051461 0.8437327743 0.5357415676 -0.9625930786 0.1173137650 -0.2442376167 -0.2689211369 -0.5237866640 0.8082876205
-151.5 -107.9 2801.7 -0.5366234183 0.8437327743 0.0122613367 0.1620653123 0.1173137650 -0.9797817469 -0.8281124234 -0.5237866640 -0.1996931285
-491.7 -58.2 2658.9 -0.9962352514 -0.0022986552 -0.0866608173 -0.0034564738 0.9999067187 0.0132126641 0.0866223648 0.0134624615 -0.9961502552
-490.8 -455.5 2653.5 -0.9946179986 -0.0601584613 -0.0843561515 -0.0808637664 0.9597383738 0.2690043747 0.0647769496 0.2743779421 -0.9594376683
-400.7 -141.1 2794.6 -0.6040830612 0.1437159032 0.7838554382 0.0178445149 0.9857972860 -0.1669889092 -0.7967215776 -0.0868876576 -0.5980679989
-457.6 -532.0 2829.0 -0.6010711193 -0.2143478692 0.7699146271 0.0040421817 0.9625343084 0.2711298168 -0.7991853356 0.1660804451 -0.5776851177
-103.6 -185.5 2725.5 0 0 0 0 0 0 0 0 0
-281.6 -68.6 2600.8 0 0 0 0 0 0 0 0 0
-467.3 -830.2 2546.4 0 0 0 0 0 0 0 0 0
-393.5 -819.9 2779.4 0 0 0 0 0 0 0 0 0
-103.7 381.3 2789.1 93 0.5644136667 0.5905970931 -0.5767428279 -0.5148966312 0.7979701757 0.3132491112 0.6452276111 0.1201608628 0.7544817328
-222.0 221.4 2765.0 0.5644136667 0.5905970931 -0.5767428279 -0.5148966312 0.7979701757 0.3132491112 0.6452276111 0.1201608628 0.7544817328
-333.8 59.0 2740.5 0.5782489181 0.5623537302 -0.5910892487 -0.4955095947 0.8176404238 0.2931456864 0.6481500268 0.1233792379 0.7514513135
-306.3 293.6 2670.6 -0.0238667596 0.4708438516 -0.8818936944 0.9953924417 0.0931373984 0.0227877554 0.0928667560 -0.8772864342 -0.4708973169
-298.6 -26.2 2640.8 -0.7078260183 0.4708438516 -0.5265818238 0.6334313750 0.0931373984 -0.7681732178 -0.3126451671 -0.8772864342 -0.3641723394
-137.8 149.1 2859.4 -0.0420251377 0.8126737475 0.5812015533 -0.9541405439 0.1399255544 -0.2646443546 -0.2963944674 -0.5656697154 0.7695245743
-149.3 -112.9 2778.0 -0.5826743245 0.8126737475 0.0072127189 0.1831130087 0.1399255544 -0.9730829597 -0.7918082476 -0.5656697154 -0.2303421646
-493.0 -54.8 2659.5 -0.9898998737 -0.0060029039 -0.1416409910 -0.0087784166 0.9997813702 0.0189787019 0.1414960921 0.0200303979 -0.9897361398
-490.6 -452.0 2651.6 -0.9884850979 -0.0598094612 -0.1389966309 -0.0942693055 0.9619398117 0.2564860880 0.1183660999 0.2666357756 -0.9565013647
-394.6 -142.3 2786.5 -0.6501653194 0.1725589931 0.7399381399 0.0196607951 0.9773632288 -0.2106527984 -0.7595383525 -0.1224113703 -0.6388403177
-463.1 -529.9 2835.0 -0.6441943049 -0.2288545519 0.7298213840 -0.0062673585 0.9557345510 0.2941634953 -0.7648361921 0.1849243939 -0.6171131134
-111.3 -193.8 2723.5 0 0 0 0 0 0 0 0 0
-290.6 -68.5 2586.0 0 0 0 0 0 0 0 0 0
-467.0 -831.4 2546.4 0 0 0 0 0 0 0 0 0
-394.5 -816.5 2779.6 0 0 0 0 0 0 0 0 0
-95.0 386.0 2792.4 94 0.5002563596 0.6042475700 -0.6201841831 -0.5013536215 0.7861054540 0.3615006506 0.7059661150 0.1300886124 0.6961959600
-215.5 229.2 2766.5 0.5002563596 0.6042475700 -0.6201841831 -0.5013536215 0.7861054540 0.3615006506 0.7059661150 0.1300886124 0.6961959600
-330.0 69.0 2740.1 0.5140760541 0.5758273602 -0.6357268691 -0.4826984704 0.8068758249 0.3405196071 0.7090331912 0.1318114251 0.6927465200
-290.4 299.5 2663.4 0.0414303355 0.4422293603 -0.8959445953 0.9963706136 0.0484485328 0.0699879527 0.0743579268 -0.8955925107 -0.4386171103
-303.9 -25.9 2639.1 -0.7031705379 0.4422293603 -0.5567623973 0.6385836601 0.0484485328 -0.7680258155 -0.3126692474 -0.8955925107 -0.3164680302
-140.6 158.8 2869.6 -0.0484816991 0.8558390737 0.5149649978 -0.9644352794 0.0940098837 -0.2470358014 -0.2598347068 -0.5086271763 0.8208436966
-153.9 -106.0 2798.2 -0.5172197223 0.8558390737 -0.0048150434 0.1646979004 0.0940098837 -0.9818537235 -0.8398561478 -0.5086271763 -0.1895786673
-498.4 -58.2 2656.7 -0.9974437952 -0.0222286172 -0.0679099858 -0.0244664978 0.9991786480 0.0323015191 0.0671361908 0.0338804722 -0.9971684217
-489.6 -455.2 2643.3 -0.9958354235 -0.0570462607 -0.0711160824 -0.0730730891 0.9658851027 0.2484477907 0.0545169488 0.2526097894 -0.9660311341
-392.7 -148.8 2775.2 -0.5922601819 0.1667519212 0.7883030176 0.0018814643 0.9786343575 -0.2055996805 -0.8057445884 -0.1202853397 -0.5799198747
-458.9 -537.3 2822.9 -0.5890722275 -0.2186230123 0.7779446244 -0.0124800913 0.9650535583 0.2617554367 -0.8079839945 0.1444840431 -0.5712146759
-117.7 -195.0 2721.9 0 0 0 0 0 0 0 0 0
-279.4 -66.1 2594.5 0 0 0 0 0 0 0 0 0
-467.4 -830.9 2545.0 0 0 0 0 0 0 0 0 0
-396.8 -811.6 2781.9 0 0 0 0 0 0 0 0 0
-94.3 379.0 2784.6 95 0.5282796621 0.6133592129 -0.5871209502 -0.5191897750 0.7805008292 0.3482246101 0.6718351841 0.1208672300 0.7307726145
-216.9 223.0 2760.4 0.5282796621 0.6133592129 -0.5871209502 -0.5191897750 0.7805008292 0.3482246101 0.6718351841 0.1208672300 0.7307726145
-333.3 63.9 2736.0 0.5428318381 0.5855454803 -0.6020548940 -0.4999900758 0.8013013005 0.3285212219 0.6747914553 0.1226896867 0.7277387977
-296.0 295.9 2662.2 0.0417966545 0.4537698328 -0.8901381493 0.9958339334 0.0533447005 0.0739533976 0.0810419768 -0.8895208240 -0.4496497810
-309.7 -29.6 2635.7 -0.7002133131 0.4537698328 -0.5511753559 0.6387557983 0.0533447005 -0.7675580382 -0.3188924193 -0.8895208240 -0.3272008002
-137.8 150.1 2858.7 -0.0653572679 0.8325836658 0.5500298738 -0.9584536552 0.1009980440 -0.2667695880 -0.2776599228 -0.5446134806 0.7913919091
-155.7 -113.1 2782.4 -0.5535845757 0.8325836658 -0.0186687727 0.1848663688 0.1009980440 -0.9775601625 -0.8120151162 -0.5446134806 -0.2098276764
-491.2 -47.3 2649.1 -0.9935949445 0.0116187604 -0.1124012843 0.0138063505 0.9997297525 -0.0187035259 0.1121535972 -0.0201355815 -0.9934868813
-495.8 -443.8 2657.0 -0.9920561910 -0.0703497902 -0.1042853594 -0.0963340774 0.9579802752 0.2701731920 0.0808966905 0.2780732214 -0.9571473598
-397.4 -135.3 2778.4 -0.6306364536 0.1686298102 0.7575365901 0.0056945337 0.9770874977 -0.2127618641 -0.7760574818 -0.1298615634 -0.6171472669
-464.4 -523.4 2830.0 -0.6258789897 -0.2269487232 0.7461700439 -0.0150524881 0.9600629807 0.2793787122 -0.7797749043 0.1636255533 -0.6042994261
-124.2 -198.8 2720.1 0 0 0 0 0 0 0 0 0
-290.0 -68.3 2585.5 0 0 0 0 0 0 0 0 0
-467.4 -830.4 2544.8 0 0 0 0 0 0 0 0 0
-395.8 -813.7 2780.5 0 0 0 0 0 0 0 0 0
-97.1 370.5 2780.7 96 0.5230893493 0.6049432158 -0.6003509164 -0.4946860671 0.7891123295 0.3641256094 0.6940196157 0.1065150052 0.7120332122
-217.8 213.1 2759.4 0.5230893493 0.6049432158 -0.6003509164 -0.4946860671 0.7891123295 0.3641256094 0.6940196157 0.1065150052 0.7120332122
-332.6 52.3 2738.3 0.5376681685 0.5774610639 -0.6143709421 -0.4749757051 0.8094783425 0.3451707661 0.6966426969 0.1062239632 0.7095107436
-296.2 282.3 2657.9 0.0667976066 0.4422238767 -0.8944138288 0.9948402047 0.0390860438 0.0936230198 0.0763614327 -0.8960526586 -0.4373312294
-316.9 -26.2 2634.2 -0.6967245936 0.4422238767 -0.5648122430 0.6441071033 0.0390860438 -0.7639360428 -0.3157545030 -0.8960526586 -0.3120717406
-139.4 143.8 2861.0 -0.0540054031 0.8389992118 0.5414459705 -0.9668637514 0.0915570706 -0.2383103520 -0.2495153993 -0.5363745093 0.8062533140
-154.2 -121.7 2792.4 -0.5440725684 0.8389992118 -0.0080824569 0.1557985097 0.0915570706 -0.9835365415 -0.8244463801 -0.5363745093 -0.1805285215
-499.1 -49.7 2649.9 -0.9950272441 -0.0108478535 -0.0990107730 -0.0095374854 0.9998607039 -0.0136983581 0.0991455764 -0.0126859257 -0.9949920774
-494.8 -446.5 2655.0 -0.9929773808 -0.0661967546 -0.0980502814 -0.0904764310 0.9589139223 0.2688831389 0.0762225837 0.2758661211 -0.9581691027
-400.0 -141.1 2773.2 -0.6193150878 0.1522267908 0.7702440023 -0.0175168123 0.9781013131 -0.2073909640 -0.7849470973 -0.1419325769 -0.6030864120
-460.4 -529.6 2829.6 -0.6212794185 -0.2178454846 0.7526986599 -0.0089472895 0.9624878168 0.2711773813 -0.7835380435 0.1617423147 -0.5999229550
-132.4 -196.8 2717.8 0 0 0 0 0 0 0 0 0
-286.2 -83.9 2592.5 0 0 0 0 0 0 0 0 0
-468.2 -831.5 2544.2 0 0 0 0 0 0 0 0 0
-395.7 -815.5 2781.5 0 0 0 0 0 0 0 0 0
-98.3 364.0 2779.7 97 0.5038132071 0.6104950309 -0.6111203432 -0.4703446925 0.7872757912 0.3987137973 0.7245330811 0.0865599364 0.6837830544
-220.8 206.0 2762.4 0.5038132071 0.6104950309 -0.6111203432 -0.4703446925 0.7872757912 0.3987137973 0.7245330811 0.0865599364 0.6837830544
-336.9 45.7 2746.5 0.5204469562 0.5843502879 -0.6226312518 -0.4481420219 0.8075965643 0.3833491206 0.7268450260 0.0795143470 0.6821830869
-296.7 271.3 2656.4 0.1008833721 0.4309859574 -0.8967015147 0.9910283685 0.0358863063 0.1287438124 0.0876660794 -0.9016447663 -0.4234989882
-326.1 -18.0 2630.8 -0.6939702630 0.4309859574 -0.5767636895 0.6518496275 0.0358863063 -0.7574986815 -0.3057733774 -0.9016447663 -0.3058420718
-144.9 140.8 2868.3 -0.0602648780 0.8490106463 0.5249276757 -0.9766363502 0.0585221909 -0.2067767382 -0.2062755674 -0.5251247883 0.8256478310
-161.5 -127.4 2811.7 -0.5281419754 0.8490106463 -0.0157146845 0.1235521957 0.0585221909 -0.9906108975 -0.8401196003 -0.5251247883 -0.1358051598
-496.5 -65.0 2653.5 -0.9963107705 -0.0223697852 -0.0828521997 -0.0232792366 0.9996787310 0.0100269606 0.0826012790 0.0119187050 -0.9965113997
-487.6 -461.9 2648.8 -0.9951453805 -0.0481748581 -0.0858188942 -0.0697064698 0.9605937600 0.2690736055 0.0694745108 0.2737494707 -0.9592885375
-398.1 -152.0 2781.0 -0.5975966454 0.1686537862 0.7838584781 0.0016026202 0.9778765440 -0.2091766149 -0.8017953038 -0.1237470135 -0.5846460462
-465.1 -540.4 2830.1 -0.5947239399 -0.2340149134 0.7691166401 -0.0103582786 0.9588472247 0.2837336063 -0.8038632274 0.1607764512 -0.5726733804
-142.3 -190.6 2711.8 0 0 0 0 0 0 0 0 0
-289.6 -97.5 2607.9 0 0 0 0 0 0 0 0 0
-469.1 -831.4 2543.5 0 0 0 0 0 0 0 0 0
-397.1 -818.9 2783.4 0 0 0 0 0 0 0 0 0
-95.6 362.0 2776.7 98 0.5274040699 0.6129953265 -0.5882870555 -0.4741409123 0.7869206071 0.3949004412 0.7050073743 0.0706588700 0.7056713104
-218.0 204.8 2762.6 0.5274040699 0.6129953265 -0.5882870555 -0.4741409123 0.7869206071 0.3949004412 0.7050073743 0.0706588700 0.7056713104
-334.2 44.2 2749.1 0.5434302092 0.5847851634 -0.6022540331 -0.4527968466 0.8083156347 0.3762988746 0.7068653703 0.0682065412 0.7040520310
-297.3 270.8 2659.6 0.1059382558 0.4180033207 -0.9022473693 0.9896249175 0.0442405157 0.1366940290 0.0970544443 -0.9073676467 -0.4089797437
-328.0 -16.2 2631.4 -0.6961156130 0.4180033207 -0.5836918950 0.6573534012 0.0442405157 -0.7522826791 -0.2886338532 -0.9073676467 -0.3055724204
-138.7 138.7 2865.7 -0.0644698367 0.8323947191 0.5504204035 -0.9750669003 0.0648192093 -0.2122333646 -0.2123397589 -0.5503793955 0.8074616790
-156.4 -129.0 2807.4 -0.5538988113 0.8323947191 -0.0177515298 0.1291218698 0.0648192093 -0.9895079732 -0.8225106001 -0.5503793955 -0.1433836520
-500.7 -73.6 2664.2 -0.9933022857 -0.0211294796 -0.1135961339 -0.0244583059 0.9993089437 0.0279905107 0.1129262075 0.0305814072 -0.9931326509
-492.3 -470.5 2652.1 -0.9918104410 -0.0550275221 -0.1152565107 -0.0854594782 0.9565683007 0.2787002325 0.0949145406 0.2862675488 -0.9534370303
-405.4 -155.6 2797.2 -0.6246091723 0.1756142974 0.7609356046 0.0067818444 0.9755703807 -0.2195824534 -0.7809080482 -0.1319926679 -0.6105411649
-475.2 -543.2 2849.7 -0.6246091723 -0.2679965198 0.7335129380 0.0067818444 0.9373754263 0.3482547104 -0.7809080482 0.2224976569 -0.5836757421
-143.6 -190.3 2707.9 0 0 0 0 0 0 0 0 0
-290.8 -97.7 2607.9 0 0 0 0 0 0 0 0 0
-471.7 -829.7 2544.6 0 0 0 0 0 0 0 0 0
-396.8 -817.2 2784.6 0 0 0 0 0 0 0 0 0
-93.9 361.0 2776.3 99 0.5010524988 0.6221722960 -0.6015380025 -0.4446895421 0.7813989520 0.4377977252 0.7424268126 0.0481380261 0.6681954265
-218.7 204.3 2766.6 0.5010524988 0.6221722960 -0.6015380025 -0.4446895421 0.7813989520 0.4377977252 0.7424268126 0.0481380261 0.6681954265
-336.7 44.9 2758.3 0.5184456706 0.5940045714 -0.6151199937 -0.4220249355 0.8033750653 0.4200993180 0.7437130213 0.0417973138 0.6671910882
-294.3 265.8 2658.2 0.1186911985 0.4094857574 -0.9045627713 0.9879364371 0.0425590985 0.1488970220 0.0994685814 -0.9113233089 -0.3994944990
-327.5 -10.4 2630.4 -0.7020209432 0.4094857574 -0.5826559663 0.6526592970 0.0425590985 -0.7564552426 -0.2849603295 -0.9113233089 -0.2971320748
-143.1 142.9 2875.0 -0.0724781752 0.8472927213 0.5261577368 -0.9839444757 0.0255238656 -0.1766403466 -0.1630956531 -0.5305125713 0.8318390250
-163.0 -127.3 2830.2 -0.5303992033 0.8472927213 -0.0277804565 0.0929062441 0.0255238656 -0.9953476787 -0.8426417708 -0.5305125713 -0.0922566205
-500.1 -74.9 2670.8 -0.9961410761 -0.0038498761 -0.0876822546 -0.0083558615 0.9986595511 0.0510810465 0.0873680636 0.0516165905 -0.9948379397
-498.6 -471.5 2650.3 -0.9936658144 -0.0719571784 -0.0863157660 -0.0930876732 0.9573484063 0.2735300064 0.0629518181 0.2798323333 -0.9579827189
-400.6 -157.8 2800.3 -0.6018653512 0.1840256006 0.7771053314 0.0194672029 0.9761791825 -0.2160908133 -0.7983602881 -0.1149295047 -0.5911108851
-473.7 -545.6 2845.9 -0.6018653512 -0.2640179396 0.7536926866 0.0194672029 0.9386394024 0.3443502784 -0.7983602881 0.2219247818 -0.5597948432
-141.5 -183.3 2705.9 0 0 0 0 0 0 0 0 0
-291.6 -104.8 2625.8 0 0 0 0 0 0 0 0 0
-471.6 -830.3 2545.4 0 0 0 0 0 0 0 0 0
-399.4 -809.6 2783.5 0 0 0 0 0 0 0 0 0
-96.9 359.4 2778.5 00 0.4687418640 0.6213600039 -0.6278477311 -0.4164638221 0.7822703719 0.4632612169 0.7789986730 0.0443259403 0.6254568696
-221.5 202.6 2769.6 0.4687418640 0.6213600039 -0.6278477311 -0.4164638221 0.7822703719 0.4632612169 0.7789986730 0.0443259403 0.6254568696
-339.4 43.0 2763.4 0.4884797335 0.5934793353 -0.6396638155 -0.3906871974 0.8042460680 0.4478300512 0.7802249789 0.0311525576 0.6247227192
-292.7 259.5 2655.9 0.1189328358 0.4055588245 -0.9062985182 0.9882833362 0.0395880640 0.1474068761 0.0956607610 -0.9132112861 -0.3960987329
-325.1 -10.3 2629.8 -0.7086817026 0.4055588245 -0.5773147345 0.6446130276 0.0395880640 -0.7634833455 -0.2867826521 -0.9132112861 -0.2894838452
-150.3 145.7 2883.3 -0.0679975376 0.8672278523 0.4932465851 -0.9898859859 0.0030539220 -0.1418322176 -0.1245071888 -0.4979021251 0.8582490683
-169.0 -126.2 2849.1 -0.4972271919 0.8672278523 -0.0260954704 0.0577206723 0.0030539220 -0.9983280897 -0.8656982183 -0.4979021251 -0.0515754670
-502.3 -76.0 2681.8 -0.9987635612 -0.0059352568 -0.0493575744 -0.0096181119 0.9971584082 0.0747165680 0.0487738587 0.0750989094 -0.9959825873
-499.9 -472.1 2652.0 -0.9961685538 -0.0720497891 -0.0495687500 -0.0827412978 0.9600277543 0.2673959136 0.0283215586 0.2704727650 -0.9623109698
-407.3 -153.1 2817.9 -0.5571787953 0.1593243182 0.8149647117 0.0607700683 0.9866129160 -0.1513337195 -0.8281658888 -0.0347944833 -0.5594019890
-470.4 -543.8 2831.7 -0.5433267355 -0.2582919598 0.7987999320 0.0065681594 0.9501575828 0.3117009401 -0.8394956589 0.1746020913 -0.5145494938
-137.4 -181.1 2705.8 0 0 0 0 0 0 0 0 0
-289.6 -112.2 2639.2 0 0 0 0 0 0 0 0 0
-473.1 -829.1 2551.4 0 0 0 0 0 0 0 0 0
-399.0 -806.3 2783.5 0 0 0 0 0 0 0 0 0
-100.0 360.3 2787.6 01 0.4445867240 0.6149426103 -0.6512973905 -0.4069630802 0.7864025831 0.4647063911 0.7979496717 0.0584517084 0.5998830795
-223.5 202.3 2775.9 0.4445867240 0.6149426103 -0.6512973905 -0.4069630802 0.7864025831 0.4647063911 0.7979496717 0.0584517084 0.5998830795
-341.4 42.6 2768.3 0.4646762013 0.5931110978 -0.6574916244 -0.3805116117 0.8042216897 0.4565505087 0.7995542288 0.0380350500 0.5993883610
-291.3 257.8 2659.3 0.1001730487 0.4293850362 -0.8975487947 0.9885760546 0.0591520518 0.1386305392 0.1126177311 -0.9011822939 -0.4185543060
-318.6 -11.5 2628.6 -0.7008124590 0.4293850362 -0.5696406364 0.6512155533 0.0591520518 -0.7565839887 -0.2911704183 -0.9011822939 -0.3210766912
-155.8 146.8 2892.5 -0.0652763993 0.8816455603 0.4673757553 -0.9914215207 -0.0041509154 -0.1306374818 -0.1132359207 -0.4718939066 0.8743533492
-173.7 -125.5 2861.4 -0.4712189734 0.8816455603 -0.0255690794 0.0464362465 -0.0041509154 -0.9989126325 -0.8807930350 -0.4718939066 -0.0389843211
-502.2 -81.0 2685.8 -0.9998022318 -0.0017652506 -0.0198073070 -0.0036361872 0.9954875112 0.0948227420 0.0195505414 0.0948760137 -0.9952970743
-501.5 -476.5 2648.1 -0.9970406294 -0.0742764995 -0.0198229235 -0.0768757313 0.9624447227 0.2603656352 -0.0002605784 0.2611190081 -0.9653065801
-412.7 -152.4 2828.5 -0.5285489559 0.1349321455 0.8381105661 0.0747666433 0.9908494353 -0.1123713404 -0.8456039429 0.0032689606 -0.5338008404
-466.2 -545.1 2827.2 -0.5122393966 -0.2492939681 0.8218657374 0.0073731430 0.9556338787 0.2944648564 -0.8588110209 0.1568962336 -0.4876752496
-133.0 -184.0 2705.8 0 0 0 0 0 0 0 0 0
-288.0 -114.2 2647.7 0 0 0 0 0 0 0 0 0
-474.2 -829.2 2552.4 0 0 0 0 0 0 0 0 0
-397.8 -807.5 2784.2 0 0 0 0 0 0 0 0 0
-100.2 361.5 2782.2 02 0.4732964635 0.6152117848 -0.6304798722 -0.4164018333 0.7869574428 0.4553103149 0.7762731314 0.0470362045 0.6286395192
-224.1 203.1 2772.7 0.4732964635 0.6152117848 -0.6304798722 -0.4164018333 0.7869574428 0.4553103149 0.7762731314 0.0470362045 0.6286395192
-341.0 42.7 2765.1 0.4900312424 0.5884662867 -0.6430993676 -0.3942326605 0.8075994849 0.4385927916 0.7774637938 0.0386065990 0.6277416348
-295.5 260.6 2659.4 0.0760356486 0.4348083138 -0.8973072767 0.9893765450 0.0789283291 0.1220836863 0.1239059642 -0.8970574141 -0.4241877496
-316.3 -9.8 2625.5 -0.7003839612 0.4348083138 -0.5660424829 0.6557916999 0.0789283291 -0.7508046031 -0.2817792892 -0.8970574141 -0.3404238224
-152.6 145.6 2886.1 -0.0617462695 0.8677355647 0.4931757748 -0.9892014265 0.0126005355 -0.1460198164 -0.1329208612 -0.4968663454 0.8575872183
-169.6 -126.1 2849.6 -0.4966286421 0.8677355647 -0.0198725183 0.0619511195 0.0126005355 -0.9979996681 -0.8657494187 -0.4968663454 -0.0600149781
-501.8 -82.3 2687.6 -0.9987637401 0.0079940977 -0.0490617342 0.0035939743 0.9960138202 0.0891264901 0.0495786518 0.0888399854 -0.9948112369
-505.0 -478.1 2652.3 -0.9957262278 -0.0796718746 -0.0467077605 -0.0894576609 0.9577177167 0.2734486461 0.0229466818 0.2764583528 -0.9607518911
-416.7 -152.0 2834.0 -0.5568526387 0.1371123046 0.8192163110 0.0611760095 0.9903726578 -0.1241750866 -0.8283553720 -0.0190308373 -0.5598796010
-471.1 -544.9 2841.5 -0.5479617119 -0.2608078122 0.7948064208 0.0277703572 0.9439577460 0.3288959861 -0.8360423446 0.2022944689 -0.5100099444
-130.8 -183.5 2700.2 0 0 0 0 0 0 0 0 0
-290.0 -111.1 2639.6 0 0 0 0 0 0 0 0 0
-475.9 -828.3 2551.2 0 0 0 0 0 0 0 0 0
-397.1 -812.8 2784.1 0 0 0 0 0 0 0 0 0
-99.9 365.4 2783.5 03 0.4866734147 0.6161578298 -0.6192725897 -0.4327337146 0.7858400345 0.4418110549 0.7588745356 0.0529624298 0.6490796804
-223.8 207.3 2772.8 0.4866734147 0.6161578298 -0.6192725897 -0.4327337146 0.7858400345 0.4418110549 0.7588745356 0.0529624298 0.6490796804
-340.9 47.1 2764.6 0.5051641464 0.5893768668 -0.6304316521 -0.4083057046 0.8067829013 0.4270688891 0.7603259683 0.0416689254 0.6482037306
-297.5 267.0 2661.9 0.0141690420 0.4356581867 -0.9000006318 0.9935678244 0.0949998125 0.0616281219 0.1123486832 -0.8950849175 -0.4315099120
-301.7 -23.8 2629.1 -0.7315993309 0.4356581867 -0.5243704915 0.6166797280 0.0949998125 -0.7814608812 -0.2906347513 -0.8950849175 -0.3381633759
-150.1 147.7 2883.7 -0.0646816939 0.8577560186 0.5099714994 -0.9866194725 0.0216745082 -0.1615926772 -0.1496604681 -0.5135999322 0.8448768258
-167.9 -123.2 2842.6 -0.5136123300 0.8577560186 -0.0213789046 0.0776864141 0.0216745082 -0.9967421889 -0.8544982076 -0.5135999322 -0.0777682811
-502.8 -81.7 2686.2 -0.9976193905 0.0036775293 -0.0688628033 -0.0018312032 0.9968122244 0.0797622204 0.0689366162 0.0796984360 -0.9944324493
-504.3 -477.8 2654.5 -0.9943741560 -0.0823183358 -0.0666611791 -0.0978979841 0.9545208812 0.2816130221 0.0404475741 0.2865546942 -0.9572097063
-413.1 -153.9 2828.6 -0.5750635862 0.1308247596 0.8075807691 0.0615976565 0.9912532568 -0.1167163700 -0.8157864809 -0.0173742510 -0.5780921578
-465.0 -547.5 2835.5 -0.5644708276 -0.2429619282 0.7888866663 0.0177673399 0.9519038796 0.3058811426 -0.8252617717 0.1866774112 -0.5330052376
-107.3 -187.6 2706.3 0 0 0 0 0 0 0 0 0
-292.5 -104.4 2635.4 0 0 0 0 0 0 0 0 0
-473.9 -830.6 2548.6 0 0 0 0 0 0 0 0 0
-398.2 -809.4 2784.1 0 0 0 0 0 0 0 0 0
-100.1 368.4 2784.1 04 0.4860582054 0.6157864928 -0.6201245189 -0.4372407198 0.7857399583 0.4375308752 0.7566822171 0.0584782362 0.6511622667
-224.2 210.0 2772.3 0.4860582054 0.6157864928 -0.6201245189 -0.4372407198 0.7857399583 0.4375308752 0.7566822171 0.0584782362 0.6511622667
-341.0 49.6 2762.8 0.5044782162 0.5880640745 -0.6322043538 -0.4128646851 0.8073676229 0.4215450585 0.7583168745 0.0483545512 0.6500902772
-297.8 270.3 2661.7 0.0055412017 0.4251511991 -0.9051054120 0.9932707548 0.1023682132 0.0541659370 0.1156827286 -0.8993148804 -0.4217230082
-299.4 -19.4 2628.0 -0.7306832671 0.4251511991 -0.5341801047 0.6252049208 0.1023682132 -0.7737180591 -0.2742640674 -0.8993148804 -0.3406053483
-150.6 149.7 2883.0 -0.0629077181 0.8586065173 0.5087606907 -0.9856415987 0.0265879370 -0.1667444855 -0.1566947997 -0.5119451880 0.8446057439
-167.9 -121.0 2839.9 -0.5122559667 0.8586065173 -0.0197135266 0.0829023942 0.0265879370 -0.9962029457 -0.8548222184 -0.5119451880 -0.0848003700
-504.3 -75.8 2686.7 -0.9976664186 -0.0120902136 -0.0671973974 -0.0169610996 0.9972317815 0.0723952800 0.0661361068 0.0733660832 -0.9951097369
-499.5 -472.1 2657.5 -0.9949598312 -0.0734774992 -0.0682352260 -0.0898489207 0.9553995132 0.2813164890 0.0445214659 0.2860294580 -0.9571859837
-411.8 -150.6 2826.0 -0.5745489597 0.1654385328 0.8015756607 0.0610850863 0.9852945209 -0.1595723480 -0.8161875606 -0.0427178033 -0.5762057900
-477.4 -541.7 2842.9 -0.5632119179 -0.2791914344 0.7777174711 0.0213988144 0.9359468222 0.3514906168 -0.8260353804 0.2146059275 -0.5211620331
-104.9 -185.9 2701.0 0 0 0 0 0 0 0 0 0
-292.1 -100.8 2632.6 0 0 0 0 0 0 0 0 0
-471.9 -830.6 2550.2 0 0 0 0 0 0 0 0 0
-397.2 -810.5 2781.3 0 0 0 0 0 0 0 0 0
-102.4 372.7 2780.4 05 0.4934900701 0.6046535373 -0.6251893044 -0.4116161764 0.7955834866 0.4445435703 0.7661851048 0.0379601754 0.6414977312
-225.1 211.2 2772.7 0.4934900701 0.6046535373 -0.6251893044 -0.4116161764 0.7955834866 0.4445435703 0.7661851048 0.0379601754 0.6414977312
-340.5 49.7 2766.9 0.5083906054 0.5811617374 -0.6354447603 -0.3914003074 0.8132428527 0.4306296706 0.7670363784 0.0297852010 0.6409118772
-299.3 268.3 2660.8 -0.0020065843 0.4144120216 -0.9100871682 0.9937947989 0.1020383015 0.0442724265 0.1112107784 -0.9043510556 -0.4120452702
-298.7 -11.0 2629.6 -0.7291498184 0.4144120216 -0.5446128845 0.6318696141 0.1020383015 -0.7683286667 -0.2628332973 -0.9043510556 -0.3362555802
-150.9 154.1 2884.6 -0.0545567535 0.8580780625 0.5106130242 -0.9894145131 0.0224110093 -0.1433759779 -0.1344711334 -0.5130300522 0.8477721810
-165.9 -117.6 2847.7 -0.5133963823 0.8580780625 -0.0112359608 0.0592987388 0.0224110093 -0.9979887009 -0.8561003804 -0.5130300522 -0.0623886734
-504.1 -73.0 2683.7 -0.9976339340 -0.0076662968 -0.0683209226 -0.0109779239 0.9987759590 0.0482288040 0.0678675622 0.0488647148 -0.9964969754
-501.1 -469.8 2664.3 -0.9943426251 -0.0815363526 -0.0680778697 -0.0981515646 0.9503141642 0.2954136729 0.0406084135 0.3004243374 -0.9529408216
-411.6 -148.7 2822.7 -0.5723160505 0.1604609489 0.8041806817 0.0574747920 0.9861059785 -0.1558576971 -0.8180164695 -0.0429797433 -0.5735867620
-475.4 -540.3 2839.8 -0.5599576831 -0.2774326205 0.7806910276 0.0135857742 0.9390691519 0.3434596360 -0.8284097910 0.2029291689 -0.5220698714
-104.3 -179.5 2699.6 0 0 0 0 0 0 0 0 0
-290.4 -103.3 2640.1 0 0 0 0 0 0 0 0 0
-470.2 -830.0 2550.4 0 0 0 0 0 0 0 0 0
-396.3 -807.8 2782.0 0 0 0 0 0 0 0 0 0
-105.3 372.4 2779.1 06 0.4888806641 0.6017624736 -0.6315675974 -0.4035050571 0.7978685498 0.4478721023 0.7734205723 0.0358847305 0.6328766942
-227.2 210.8 2771.8 0.4888806641 0.6017624736 -0.6315675974 -0.4035050571 0.7978685498 0.4478721023 0.7734205723 0.0358847305 0.6328766942
-341.8 48.5 2767.1 0.5057635307 0.5768077970 -0.6414796114 -0.3803792298 0.8165167570 0.4342948496 0.7742834687 0.0243550129 0.6323700547
-301.0 266.3 2658.9 -0.0182645433 0.4584331214 -0.8885412216 0.9930715561 0.1114970222 0.0371124372 0.1160832718 -0.8817071319 -0.4572933018
-296.0 -5.6 2627.1 -0.7019116879 0.4584331214 -0.5451229811 0.6539512873 0.1114970222 -0.7482753992 -0.2822546363 -0.8817071319 -0.3780539930
-153.4 155.2 2884.8 -0.0486892983 0.8610213995 0.5062326789 -0.9910906553 0.0212592706 -0.1314814240 -0.1239704564 -0.5081242323 0.8523151278
-166.8 -117.0 2850.8 -0.5085361600 0.8610213995 -0.0057594255 0.0473051146 0.0212592706 -0.9986542463 -0.8597401977 -0.5081242323 -0.0515418239
-502.6 -76.0 2690.7 -0.9980305433 0.0003211509 -0.0627294183 -0.0035375427 0.9981074333 0.0613925457 0.0626304150 0.0614935420 -0.9961405396
-502.8 -472.6 2666.3 -0.9942149520 -0.0885855183 -0.0607390851 -0.1029605120 0.9470763803 0.3040485382 0.0305902548 0.3085433245 -0.9507182837
-409.4 -147.8 2831.3 -0.5656452179 0.1513914764 0.8106331825 0.0586335361 0.9878996611 -0.1435838342 -0.8225616217 -0.0336872227 -0.5676773190
-469.6 -540.2 2844.7 -0.5615178347 -0.2588591576 0.7859323621 0.0433944054 0.9392886162 0.3403730392 -0.8263260126 0.2252306044 -0.5161942840
-108.9 -180.0 2702.3 0 0 0 0 0 0 0 0 0
-290.1 -105.5 2642.3 0 0 0 0 0 0 0 0 0
-469.1 -832.6 2549.0 0 0 0 0 0 0 0 0 0
-395.9 -807.6 2780.6 0 0 0 0 0 0 0 0 0
-111.8 374.3 2790.9 07 0.5035831332 0.5838446021 -0.6368119717 -0.4320061803 0.8084985614 0.3996257782 0.7481809258 0.0738619193 0.6593707204
-229.4 211.5 2776.1 0.5035831332 0.5838446021 -0.6368119717 -0.4320061803 0.8084985614 0.3996257782 0.7481809258 0.0738619193 0.6593707204
-341.5 48.0 2764.8 0.5202676654 0.5645640492 -0.6407721639 -0.4082966447 0.8234435320 0.3939981759 0.7500768900 0.0566405915 0.6589207053
-305.3 271.0 2666.7 -0.0417363234 0.4996642172 -0.8652131557 0.9894947410 0.1406370550 0.0334870480 0.1384133101 -0.8547261953 -0.5002847910
-293.7 -3.9 2628.2 -0.6888283491 0.4996642172 -0.5252153873 0.6627969742 0.1406370550 -0.7354735732 -0.2936250865 -0.8547261953 -0.4280507267
-153.5 152.0 2885.4 -0.0350196585 0.8547605872 0.5178397298 -0.9848237634 0.0586191565 -0.1633585244 -0.1699877530 -0.5157016516 0.8397356868
-163.1 -118.4 2838.8 -0.5189471841 0.8547605872 0.0088416925 0.0795976073 0.0586191565 -0.9951019883 -0.8510922194 -0.5157016516 -0.0984571502
-502.8 -78.8 2691.3 -0.9971904755 -0.0055197957 -0.0747043863 -0.0113954749 0.9968523979 0.0784563869 0.0740361884 0.0790872574 -0.9941145778
-500.6 -474.9 2659.9 -0.9938214421 -0.0826278403 -0.0741049349 -0.1009649336 0.9503303170 0.2944119573 0.0460975394 0.3000749052 -0.9528011680
-410.0 -148.6 2833.3 -0.5791507959 0.1345231831 0.8040447235 0.0636879504 0.9907428622 -0.1198850647 -0.8127288818 -0.0182235707 -0.5823569894
-463.5 -542.1 2840.5 -0.5717706680 -0.2377804220 0.7851998210 0.0330401994 0.9496278763 0.3116331995 -0.8197479248 0.2041258812 -0.5351130366
-109.9 -180.7 2706.6 0 0 0 0 0 0 0 0 0
-288.9 -99.1 2632.3 0 0 0 0 0 0 0 0 0
-469.4 -833.5 2546.6 0 0 0 0 0 0 0 0 0
-397.6 -805.1 2784.0 0 0 0 0 0 0 0 0 0
-116.1 378.6 2804.8 08 0.4847644866 0.5728207231 -0.6609688401 -0.4456988275 0.8120040894 0.3768313527 0.7525662184 0.1119185835 0.6489362717
-231.2 215.4 2782.4 0.4847644866 0.5728207231 -0.6609688401 -0.4456988275 0.8120040894 0.3768313527 0.7525662184 0.1119185835 0.6489362717
-342.0 51.6 2764.7 0.5018625259 0.5578265786 -0.6610321403 -0.4209412038 0.8251519203 0.3767396808 0.7556073666 0.0891841426 0.6489250064
-304.5 276.8 2672.2 -0.0555255786 0.4946916699 -0.8672929406 0.9896878600 0.1421411484 0.0177137945 0.1320408881 -0.8573657870 -0.4974828064
-288.9 -1.4 2635.0 -0.6822916865 0.4946916699 -0.5382919312 0.6745697260 0.1421411484 -0.7243974209 -0.2818399072 -0.8573657870 -0.4306857288
-157.9 154.0 2892.6 -0.0244005620 0.8682690263 0.4954932034 -0.9812586904 0.0739653558 -0.1779340059 -0.1911439151 -0.4905487001 0.8501917124
-164.6 -115.4 2840.1 -0.4957836270 0.8682690263 0.0175354816 0.0944221094 0.0739653558 -0.9927807450 -0.8632977605 -0.4905487001 -0.1186546087
-501.4 -78.0 2684.8 -0.9988369346 -0.0083676539 -0.0474844761 -0.0118104657 0.9972844124 0.0726931840 0.0467472561 0.0731694549 -0.9962233305
-498.1 -474.3 2655.8 -0.9957038164 -0.0790914819 -0.0481502414 -0.0898269862 0.9512687922 0.2949894369 0.0224726722 0.2980473042 -0.9542865157
-406.0 -152.8 2822.3 -0.5597594976 0.1597129852 0.8131181002 0.0579659380 0.9863935113 -0.1538434178 -0.8266252279 -0.0389821678 -0.5614010692
-469.4 -544.5 2837.8 -0.5495583415 -0.2649284005 0.7923374176 0.0200541895 0.9439334869 0.3295259476 -0.8352146149 0.1969834119 -0.5134335756
-106.8 -181.4 2710.2 0 0 0 0 0 0 0 0 0
-284.9 -92.5 2630.7 0 0 0 0 0 0 0 0 0
-468.3 -833.5 2543.2 0 0 0 0 0 0 0 0 0
-395.4 -808.1 2782.7 0 0 0 0 0 0 0 0 0
-118.6 380.0 2800.3 09 0.4697993398 0.5707668066 -0.6734343767 -0.4202970266 0.8154704571 0.3979426324 0.7762982845 0.0960892737 0.6229990721
-233.3 216.1 2781.0 0.4697993398 0.5707668066 -0.6734343767 -0.4202970266 0.8154704571 0.3979426324 0.7762982845 0.0960892737 0.6229990721
-342.7 51.2 2764.6 0.4842263460 0.5509909391 -0.6796571612 -0.3991296589 0.8303735852 0.3888125420 0.7786015272 0.0829980373 0.6220055819
-303.9 274.4 2667.4 -0.0561912507 0.4586704373 -0.8868280053 0.9926325083 0.1211637706 -0.0002289259 0.1073464304 -0.8803071976 -0.4620995522
