-26.0 369.3 2258.8 7 0.6201826930 0.3451263607 -0.7044581175 -0.2534646690 0.9380125999 0.2364064902 0.7423806787 0.0319400318 0.6692165136
-93.9 185.0 2252.5 0.6201826930 0.3451263607 -0.7044581175 -0.2534646690 0.9380125999 0.2364064902 0.7423806787 0.0319400318 0.6692165136
-155.9 1.1 2246.0 0.6258768439 0.3194716871 -0.7114886045 -0.2373142093 0.9470082521 0.2164656669 0.7429401875 0.0333655030 0.6685256958
-179.2 217.3 2151.2 0.0670967773 0.1704028100 -0.9830874205 0.9555361271 0.2725847065 0.1124646664 0.2871389091 -0.9469215870 -0.1445364803
-198.1 -51.1 2070.5 -0.8230203986 0.1704028100 -0.5418490171 0.5678045750 0.2725847065 -0.7767210007 0.0153443087 -0.9469215870 -0.3210982680
-8.5 152.6 2353.8 -0.0448275805 0.8169606924 -0.5749484301 -0.9759163857 0.0871802196 0.1999671310 0.2134894133 0.5700656176 0.7933772802
-18.0 -54.2 2399.1 0.4778208137 0.8169606924 -0.3228969872 -0.6558042169 0.0871802196 -0.7498803139 -0.5844724774 0.5700656176 0.5774227977
-273.6 -162.1 2176.3 0.8009873629 -0.1901371479 -0.5676857829 0.1619606614 0.9816887379 -0.1002791673 0.5763575435 -0.0116204256 0.8171150088
-199.8 -543.1 2180.9 0.7885516882 0.1485399455 -0.5967596769 -0.0807882994 0.9870023727 0.1389228106 0.6096388102 -0.0613366216 0.7903026938
-168.4 -202.5 2315.4 0.9430684447 -0.0588219091 0.3273558319 0.0245765001 0.9938704371 0.1077849492 -0.3316893876 -0.0936033279 0.9387335181
-145.6 -587.5 2351.7 0.9238179922 0.1926655024 0.3308176100 -0.2156137526 0.9758951664 0.0337543525 -0.3163399994 -0.1025117040 0.9430908561
25.7 -205.5 2066.3 0 0 0 0 0 0 0 0 0
100.6 -217.0 2254.0 0 0 0 0 0 0 0 0 0
-255.3 -911.5 2203.8 0 0 0 0 0 0 0 0 0
-217.2 -950.4 2389.8 0 0 0 0 0 0 0 0 0
-24.7 373.2 2262.4 8 0.6094287634 0.3434884846 -0.7145713568 -0.2547130585 0.9383250475 0.2338106334 0.7508114576 0.0395197421 0.6593332291
-92.4 188.1 2254.6 0.6094287634 0.3434884846 -0.7145713568 -0.2547130585 0.9383250475 0.2338106334 0.7508114576 0.0395197421 0.6593332291
-155.5 4.7 2247.8 0.6149238944 0.3251732886 -0.7184225321 -0.2392354757 0.9450151324 0.2229635864 0.7514219880 0.0347665064 0.6589053869
-176.3 220.8 2152.0 0.0745743066 0.1838768274 -0.9801163077 0.9540636539 0.2728395760 0.1237786785 0.2901745439 -0.9443240166 -0.1550833583
-197.5 -50.0 2069.7 -0.8227383494 0.1838768274 -0.5378577113 0.5684060454 0.2728395760 -0.7761914134 0.0040252553 -0.9443240166 -0.3289922774
-8.5 155.5 2357.1 -0.0603899658 0.8245679736 -0.5625306368 -0.9669220448 0.0915919989 0.2380602956 0.2478201985 0.5582997203 0.7917616963
-20.5 -37.1 2406.5 0.4591635466 0.8245679736 -0.3305397332 -0.6848686934 0.0915919989 -0.7228870988 -0.5657947659 0.5582997203 0.6067764759
-273.9 -161.5 2173.0 0.7924341559 -0.1927572638 -0.5786991715 0.1702843904 0.9809430242 -0.0935628414 0.5857058764 -0.0244010482 0.8101562858
-199.1 -542.3 2182.5 0.7789279819 0.1557002068 -0.6074772477 -0.0928555131 0.9866457582 0.1338209510 0.6202008128 -0.0478292704 0.7829836011
-161.9 -203.9 2305.9 0.9484531283 -0.0397836901 0.3144104779 -0.0074460907 0.9890181422 0.1476065964 -0.3168299794 -0.1423390657 0.9377411008
-146.5 -587.0 2361.1 0.9294239879 0.1894060969 0.3166959584 -0.1947183311 0.9807429314 -0.0151021946 -0.3134577870 -0.0476301685 0.9484068751
26.7 -204.9 2068.6 0 0 0 0 0 0 0 0 0
94.7 -208.9 2264.6 0 0 0 0 0 0 0 0 0
-257.2 -910.5 2200.4 0 0 0 0 0 0 0 0 0
-217.0 -951.8 2378.8 0 0 0 0 0 0 0 0 0
-28.7 371.6 2264.7 9 0.6057651043 0.3357891142 -0.7213142514 -0.2500833869 0.9409888983 0.2280310541 0.7553190589 0.0422554426 0.6539935470
-94.5 187.1 2256.4 0.6057651043 0.3357891142 -0.7213142514 -0.2500833869 0.9409888983 0.2280310541 0.7553190589 0.0422554426 0.6539935470
-156.7 3.3 2249.2 0.6105871797 0.3201698661 -0.7243441939 -0.2362071425 0.9466300607 0.2193119526 0.7559030652 0.0371862091 0.6536266208
-177.9 219.3 2153.2 0.0701909438 0.1915490329 -0.9789699912 0.9522292614 0.2795321941 0.1229680106 0.2972080410 -0.9408351183 -0.1627779752
-197.6 -47.2 2070.0 -0.8182342052 0.1915490329 -0.5420348048 0.5748695731 0.2795321941 -0.7690167427 0.0042117634 -0.9408351183 -0.3388385177
-11.2 154.8 2359.6 -0.0510533229 0.8364895582 -0.5455994606 -0.9618965983 0.1057479009 0.2521355748 0.2686047852 0.5376825929 0.7992176414
-20.9 -28.0 2410.7 0.4472874999 0.8364895582 -0.3165740073 -0.6986093521 0.1057479009 -0.7076456547 -0.5584611297 0.5376825929 0.6316791177
-273.7 -157.3 2173.8 0.7893273234 -0.1897549480 -0.5839138627 0.1637050509 0.9816579223 -0.0977157280 0.5917457342 -0.0184599552 0.8059132695
-200.0 -538.4 2180.9 0.7766162157 0.1478589326 -0.6123764515 -0.0771704093 0.9870739579 0.1404624730 0.6252295375 -0.0618280955 0.7779880166
-163.6 -200.1 2308.3 0.9506454468 -0.0445791744 0.3070601523 0.0002741332 0.9897453189 0.1428431123 -0.3102791607 -0.1357089728 0.9409090877
-146.3 -583.9 2360.9 0.9319292307 0.1877569705 0.3102502823 -0.1928367466 0.9811235070 -0.0145127671 -0.3071187139 -0.0463027805 0.9505441189
25.7 -204.1 2068.8 0 0 0 0 0 0 0 0 0
92.0 -204.3 2269.8 0 0 0 0 0 0 0 0 0
-255.2 -906.8 2204.0 0 0 0 0 0 0 0 0 0
-216.3 -949.5 2378.2 0 0 0 0 0 0 0 0 0
-28.8 372.6 2265.8 0 0.6008698940 0.3466127813 -0.7202880979 -0.2565484047 0.9370477796 0.2369059324 0.7570589781 0.0424391031 0.6519667506
-96.9 188.3 2257.5 0.6008698940 0.3466127813 -0.7202880979 -0.2565484047 0.9370477796 0.2369059324 0.7570589781 0.0424391031 0.6519667506
-160.5 5.0 2249.9 0.6062331796 0.3273964822 -0.7247709036 -0.2415797412 0.9440795779 0.2243946195 0.7577074170 0.0390544944 0.6514247656
-179.7 221.3 2154.0 0.0225247145 0.1997672617 -0.9795844555 0.9540857673 0.2884409130 0.0807603300 0.2986855209 -0.9364266396 -0.1840980500
-186.5 -63.3 2064.9 -0.8414039016 0.1997672617 -0.5021280050 0.5402482748 0.2884409130 -0.7905274630 -0.0130872503 -0.9364266396 -0.3506192267
-14.1 155.3 2361.0 -0.0528056994 0.8262763023 -0.5607843399 -0.9524609447 0.1270594597 0.2769007087 0.3000494540 0.5487471223 0.7802864313
-24.1 -24.4 2417.6 0.4737768173 0.8262763023 -0.3046359122 -0.6836757660 0.1270594597 -0.7186399102 -0.5550882220 0.5487471223 0.6251029372
-273.5 -159.3 2174.2 0.7861232162 -0.1922593564 -0.5874066949 0.1701602042 0.9809845090 -0.0933536664 0.5941849351 -0.0265657529 0.8038896322
-198.9 -540.1 2184.6 0.7734620571 0.1541508585 -0.6148121357 -0.1040749624 0.9876976013 0.1167127118 0.6252398491 -0.0262863077 0.7799898386
-164.2 -201.6 2309.6 0.9513388872 -0.0443472862 0.3049387038 0.0004693165 0.9897972345 0.1424822211 -0.3081462085 -0.1354057640 0.9416534305
-147.0 -585.7 2362.2 0.9340837598 0.1803907901 0.3081342876 -0.1863050610 0.9824371338 -0.0103788702 -0.3045948148 -0.0477122404 0.9512862563
45.1 -211.9 2068.5 0 0 0 0 0 0 0 0 0
95.7 -197.4 2277.2 0 0 0 0 0 0 0 0 0
-256.4 -908.6 2194.4 0 0 0 0 0 0 0 0 0
-214.2 -952.1 2380.0 0 0 0 0 0 0 0 0 0
-26.9 375.4 2264.9 1 0.6237887740 0.3535665274 -0.6970496774 -0.2764631212 0.9339896441 0.2263438106 0.7310647964 0.0515177883 0.6803603768
-96.5 191.4 2254.7 0.6237887740 0.3535665274 -0.6970496774 -0.2764631212 0.9339896441 0.2263438106 0.7310647964 0.0515177883 0.6803603768
-161.3 8.7 2244.9 0.6289715171 0.3336116374 -0.7022094131 -0.2623192370 0.9413464665 0.2122626156 0.7318356633 0.0506958924 0.6795928478
-182.4 227.2 2154.9 0.0320117362 0.2121265084 -0.9767177701 0.9539039731 0.2852672935 0.0932192281 0.2983998954 -0.9346790314 -0.1932164133
-191.8 -53.7 2067.0 -0.8220024109 0.2121265084 -0.5285019875 0.5693403482 0.2852672935 -0.7710214853 -0.0127897700 -0.9346790314 -0.3552625775
-10.7 155.6 2354.6 -0.0715340152 0.7993624210 -0.5965757370 -0.9438367486 0.1391828954 0.2996669114 0.3225755990 0.5845065117 0.7445113063
-24.3 -24.0 2416.0 0.5096355677 0.7993624210 -0.3182629645 -0.6723388433 0.1391828954 -0.7270410061 -0.5368724465 0.5845065117 0.6083749533
-278.3 -156.6 2174.4 0.7992039323 -0.2098396122 -0.5632409453 0.1845812052 0.9774829149 -0.1022592485 0.5720164776 -0.0222376958 0.8199406266
-196.9 -536.0 2183.1 0.7834642529 0.1700981110 -0.5977042317 -0.1040863544 0.9841414094 0.1436373442 0.6126579642 -0.0503218733 0.7887445092
-169.7 -199.9 2310.2 0.9404143095 -0.0630910993 0.3341263235 0.0127933668 0.9885050058 0.1506460160 -0.3397899866 -0.1373950690 0.9304113984
-145.3 -583.5 2363.5 0.9205506444 0.1922760308 0.3400241733 -0.1940347850 0.9805607796 -0.0291728880 -0.3390236199 -0.0391213968 0.9399641156
35.4 -211.1 2070.5 0 0 0 0 0 0 0 0 0
104.7 -194.2 2280.1 0 0 0 0 0 0 0 0 0
-260.3 -903.1 2201.8 0 0 0 0 0 0 0 0 0
-217.0 -949.3 2378.1 0 0 0 0 0 0 0 0 0
-28.0 375.7 2265.9 2 0.6500107646 0.3457508087 -0.6767143607 -0.2904005945 0.9359310269 0.1992500871 0.7022488713 0.0670035630 0.7087715268
-95.9 191.7 2252.8 0.6500107646 0.3457508087 -0.6767143607 -0.2904005945 0.9359310269 0.1992500871 0.7022488713 0.0670035630 0.7087715268
-158.6 8.5 2240.3 0.6564664841 0.3227389753 -0.6818293929 -0.2722429633 0.9443036318 0.1848632842 0.7035165429 0.0642667040 0.7077670693
-185.5 228.8 2156.8 0.0351507999 0.2305244356 -0.9724314213 0.9509841204 0.2914196253 0.1034594178 0.3072355390 -0.9284034967 -0.2089814395
-195.7 -46.4 2067.8 -0.8104216456 0.2305244356 -0.5385863185 0.5855880380 0.2914196253 -0.7564134002 -0.0174171552 -0.9284034967 -0.3711651266
-6.3 154.6 2348.8 -0.0905298963 0.7943934798 -0.6006190777 -0.9324705005 0.1441693455 0.3312309980 0.3497186005 0.5900458694 0.7276968956
-23.5 -22.8 2415.3 0.5164321661 0.7943934798 -0.3197448254 -0.6716820002 0.1441693455 -0.7266763449 -0.5311695337 0.5900458694 0.6080334783
-282.4 -150.5 2169.6 0.8115693927 -0.2213686109 -0.5406949520 0.1976842433 0.9749005437 -0.1024198458 0.5497964025 -0.0237660669 0.8349605203
-196.5 -529.0 2178.8 0.7996947169 0.1584078074 -0.5791332722 -0.0880593956 0.9850819111 0.1478485614 0.5939140320 -0.0672355965 0.8017140627
-169.8 -197.5 2300.6 0.9307275414 -0.0690402612 0.3591374159 0.0024543568 0.9831759930 0.1826442629 -0.3657051027 -0.1691105962 0.9152384400
-143.1 -578.9 2366.2 0.9100767374 0.1954605281 0.3654524386 -0.1928583235 0.9802393317 -0.0440063477 -0.3668323457 -0.0304313917 0.9297891855
29.0 -208.8 2072.7 0 0 0 0 0 0 0 0 0
107.4 -193.1 2280.6 0 0 0 0 0 0 0 0 0
-255.6 -896.5 2203.9 0 0 0 0 0 0 0 0 0
-216.0 -944.7 2377.6 0 0 0 0 0 0 0 0 0
-31.7 375.0 2268.0 3 0.6264203191 0.3449150026 -0.6990216374 -0.2852682471 0.9360024333 0.2062074244 0.7254099846 0.0702361465 0.6847242117
-99.4 191.3 2254.2 0.6264203191 0.3449150026 -0.6990216374 -0.2852682471 0.9360024333 0.2062074244 0.7254099846 0.0702361465 0.6847242117
-162.2 8.1 2240.9 0.6321069598 0.3235848546 -0.7040835619 -0.2692781091 0.9437347651 0.1919739395 0.7265879512 0.0682462305 0.6836756468
-185.6 228.0 2155.0 0.0411061533 0.2263525575 -0.9731776714 0.9516152143 0.2879946232 0.1071803868 0.3045305014 -0.9304964542 -0.2035621852
-197.3 -43.2 2068.2 -0.8065923452 0.2263525575 -0.5460524559 0.5909582973 0.2879946232 -0.7535432577 -0.0133062731 -0.9304964542 -0.3660591841
-13.1 154.5 2353.3 -0.0585507974 0.8070502877 -0.5875726938 -0.9328747392 0.1653146446 0.3200246990 0.3554103971 0.5668694377 0.7431975007
-24.0 -20.0 2419.8 0.5172739625 0.8070502877 -0.2847763002 -0.6609238386 0.1653146446 -0.7320182920 -0.5436978340 0.5668694377 0.6189116836
-280.1 -150.4 2164.8 0.7917270660 -0.2265258431 -0.5673220754 0.2078678459 0.9731855392 -0.0984927043 0.5744208097 -0.0399486795 0.8175847530
-192.2 -528.2 2180.3 0.7734546065 0.1822226644 -0.6070938110 -0.1030045375 0.9811881781 0.1632785350 0.6254262924 -0.0637551025 0.7776742578
-162.6 -199.1 2290.7 0.9426284432 -0.0516663790 0.3298214376 -0.0098996302 0.9831913114 0.1823095828 -0.3336968720 -0.1751153171 0.9262726307
-142.5 -580.6 2358.7 0.9218721390 0.1970154941 0.3336715102 -0.2075513750 0.9782152772 -0.0041590161 -0.3272219598 -0.0654198974 0.9426802397
26.6 -207.2 2071.9 0 0 0 0 0 0 0 0 0
107.2 -187.6 2281.9 0 0 0 0 0 0 0 0 0
-260.1 -894.3 2204.1 0 0 0 0 0 0 0 0 0
-216.0 -945.5 2383.1 0 0 0 0 0 0 0 0 0
-32.1 372.8 2268.0 4 0.6307502389 0.3329783380 -0.7009133697 -0.2781955898 0.9402458072 0.1963289082 0.7244041562 0.0711565167 0.6856933832
-97.5 188.1 2254.0 0.6307502389 0.3329783380 -0.7009133697 -0.2781955898 0.9402458072 0.1963289082 0.7244041562 0.0711565167 0.6856933832
-157.3 3.9 2240.6 0.6369966865 0.3083441556 -0.7065119147 -0.2597965896 0.9487696886 0.1798384488 0.7257692218 0.0689928830 0.6844698787
-184.4 223.5 2154.9 0.0445047356 0.2316018790 -0.9717921019 0.9512338638 0.2873975039 0.1120571047 0.3052432835 -0.9293886423 -0.2075169981
-197.0 -44.3 2068.9 -0.8079916239 0.2316018790 -0.5417657495 0.5888794661 0.2873975039 -0.7553963661 -0.0192490835 -0.9293886423 -0.3686003685
-10.5 152.6 2353.1 -0.0752677470 0.8232918382 -0.5626057982 -0.9207692742 0.1591971964 0.3561463058 0.3827776313 0.5448364615 0.7460794449
-24.5 -18.3 2424.1 0.5004147887 0.8232918382 -0.2679096758 -0.6566120982 0.1591971964 -0.7372359037 -0.5643098354 0.5448364615 0.6202480197
-281.6 -151.0 2162.6 0.7887735963 -0.2334899902 -0.5686112046 0.2199436277 0.9710094929 -0.0936233476 0.5739870071 -0.0512147807 0.8172612786
-191.0 -527.9 2182.5 0.7690896988 0.1907772422 -0.6100041866 -0.1121319309 0.9798849821 0.1650812477 0.6292276978 -0.0585613400 0.7750116587
-168.4 -199.2 2292.7 0.9411753416 -0.0728178024 0.3299795389 0.0225936528 0.9878814220 0.1535573006 -0.3371623456 -0.1370688975 0.9314148426
-140.2 -582.2 2345.8 0.9192223549 0.2071505785 0.3348416388 -0.2441524714 0.9670615196 0.0719834790 -0.3089010417 -0.1479212344 0.9395208359
27.5 -208.0 2074.3 0 0 0 0 0 0 0 0 0
102.5 -184.8 2281.0 0 0 0 0 0 0 0 0 0
-262.2 -893.6 2204.3 0 0 0 0 0 0 0 0 0
-217.2 -941.8 2400.8 0 0 0 0 0 0 0 0 0
-34.3 371.2 2268.0 5 0.6380710006 0.3295893669 -0.6958708763 -0.2812404931 0.9410727024 0.1878454387 0.7167769670 0.0758483410 0.6931650639
-98.9 186.6 2253.1 0.6380710006 0.3295893669 -0.6958708763 -0.2812404931 0.9410727024 0.1878454387 0.7167769670 0.0758483410 0.6931650639
-158.7 2.4 2239.4 0.6443372965 0.3080702126 -0.6999444366 -0.2626692057 0.9487406611 0.1757727563 0.7182160616 0.0705968961 0.6922295690
-186.9 222.5 2155.0 -0.0047483370 0.2165326774 -0.9762638211 0.9581382275 0.2804633081 0.0575458221 0.2862667143 -0.9351224303 -0.2087999582
-185.5 -62.6 2069.8 -0.8325187564 0.2165326774 -0.5099275708 0.5533476472 0.2804633081 -0.7843129039 -0.0268133953 -0.9351224303 -0.3533087969
-10.9 150.7 2351.2 -0.0484045334 0.8129914999 -0.5802600980 -0.9397849441 0.1597056389 0.3021561801 0.3383212388 0.5599454641 0.7563067079
-20.4 -33.4 2417.5 0.5225389004 0.8129914999 -0.2569006085 -0.6243907213 0.1597056389 -0.7646112442 -0.5805939436 0.5599454641 0.5910767317
-274.2 -157.0 2162.2 0.7974296808 -0.2111747563 -0.5652531385 0.2036288828 0.9759875536 -0.0773533508 0.5680150986 -0.0534180067 0.8212827444
-192.3 -535.8 2182.9 0.7769102454 0.1921021938 -0.5995892286 -0.1175544932 0.9798285961 0.1616071910 0.6185397506 -0.0550698712 0.7838213444
-160.1 -203.5 2292.2 0.9397664666 -0.0459083989 0.3387202919 -0.0068743597 0.9882010221 0.1530082971 -0.3417480886 -0.1461205482 0.9283625484
-142.3 -586.8 2348.8 0.9157176018 0.2112829238 0.3417905271 -0.2358243018 0.9712883234 0.0313988589 -0.3253431022 -0.1093550026 0.9392514825
47.8 -217.7 2077.3 0 0 0 0 0 0 0 0 0
112.1 -191.7 2270.3 0 0 0 0 0 0 0 0 0
-264.0 -901.5 2203.5 0 0 0 0 0 0 0 0 0
-221.0 -948.4 2389.5 0 0 0 0 0 0 0 0 0
-36.4 369.3 2267.5 6 0.6354523301 0.3241123855 -0.7008219957 -0.2758246362 0.9430338144 0.1860323101 0.7211942077 0.0750893056 0.6886512041
-99.9 184.6 2252.8 0.6354523301 0.3241123855 -0.7008219957 -0.2758246362 0.9430338144 0.1860323101 0.7211942077 0.0750893056 0.6886512041
-158.9 0.2 2239.2 0.6411891580 0.3041250706 -0.7045455575 -0.2585376501 0.9500520825 0.1748121381 0.7225196958 0.0700639114 0.6877908707
-187.5 219.9 2154.1 0.0083699171 0.2356916070 -0.9717918634 0.9573369026 0.2788357735 0.0758723021 0.2888528109 -0.9309672713 -0.2233024389
-189.9 -57.0 2070.5 -0.8118635416 0.2356916070 -0.5341601372 0.5830281973 0.2788357735 -0.7631046176 -0.0309143905 -0.9309672713 -0.3637914658
-12.3 149.3 2351.5 -0.0650563017 0.8298594952 -0.5541668534 -0.9228110909 0.1612906307 0.3498643339 0.3797201514 0.5341522098 0.7553105354
-24.7 -26.3 2423.7 0.4991517663 0.8298594952 -0.2493606955 -0.6424219608 0.1612906307 -0.7491858006 -0.5814993978 0.5341522098 0.6136284471
-276.3 -158.2 2161.3 0.7935093045 -0.2149934173 -0.5693160892 0.2074765861 0.9750424027 -0.0790300965 0.5720983148 -0.0554086454 0.8183113337
-192.8 -536.7 2182.8 0.7724726200 0.1917644888 -0.6054027081 -0.1070413068 0.9789956808 0.1735210717 0.6259618402 -0.0692371801 0.7767741084
-160.8 -205.2 2290.0 0.9420883656 -0.0524932519 0.3312310278 -0.0112197483 0.9821876287 0.1875676215 -0.3351770341 -0.1804216057 0.9247185588
-140.5 -586.1 2360.0 0.9160033464 0.2205290198 0.3351191282 -0.2317224890 0.9727584720 -0.0067525264 -0.3274790943 -0.0714692995 0.9421515465
37.1 -220.0 2079.2 0 0 0 0 0 0 0 0 0
101.9 -189.2 2276.2 0 0 0 0 0 0 0 0 0
-264.4 -902.1 2208.7 0 0 0 0 0 0 0 0 0
-222.6 -948.5 2386.6 0 0 0 0 0 0 0 0 0
-35.9 373.2 2266.2 7 0.6372445226 0.3251999319 -0.6986876130 -0.2748724222 0.9428892732 0.1881621629 0.7199753523 0.0721446499 0.6902395487
-99.7 188.2 2252.1 0.6372445226 0.3251999319 -0.6986876130 -0.2748724222 0.9428892732 0.1881621629 0.7199753523 0.0721446499 0.6902395487
-159.2 3.9 2239.0 0.6426505446 0.3066206872 -0.7021282315 -0.2586811781 0.9494476318 0.1778574139 0.7211687565 0.0673271865 0.6894800067
-187.5 223.6 2153.5 0.0122916466 0.2442719191 -0.9696288705 0.9588776231 0.2721038461 0.0807045996 0.2835536003 -0.9307473898 -0.2308822721
-191.1 -55.9 2070.9 -0.8005621433 0.2442719191 -0.5472033024 0.5982139707 0.2721038461 -0.7537238002 -0.0352174416 -0.9307473898 -0.3639629185
-11.9 152.9 2350.6 -0.0224390607 0.8354225755 -0.5491498709 -0.9511605501 0.1513179392 0.2690660357 0.3078800738 0.5283672810 0.7912255526
-16.5 -41.7 2413.6 0.4987863600 0.8354225755 -0.2308273017 -0.6124935746 0.1513179392 -0.7758572698 -0.6132403612 0.5283672810 0.5871663094
-275.4 -161.1 2160.8 0.7976872325 -0.2122058868 -0.5645031333 0.1973596662 0.9763603806 -0.0881450251 0.5698633790 -0.0410979912 0.8207110763
-193.0 -540.1 2176.8 0.7770991325 0.1861633658 -0.6012155414 -0.0903419182 0.9783549905 0.1861715615 0.6228605509 -0.0903587863 0.7770971656
-160.5 -207.4 2290.3 0.9411277175 -0.0431535244 0.3352855146 -0.0150547987 0.9854844809 0.1690965295 -0.3377158046 -0.1641890854 0.9268171191
-143.8 -589.7 2354.0 0.9169721603 0.2119802535 0.3379740715 -0.2323749065 0.9724088907 0.0205632318 -0.3242899776 -0.0973926038 0.9409307837
32.6 -223.0 2080.7 0 0 0 0 0 0 0 0 0
110.0 -197.0 2258.1 0 0 0 0 0 0 0 0 0
-262.5 -905.2 2210.5 0 0 0 0 0 0 0 0 0
-222.8 -952.2 2390.3 0 0 0 0 0 0 0 0 0
-31.9 375.5 2259.1 8 0.6401571631 0.3209991157 -0.6979673505 -0.2440051436 0.9464351535 0.2114757895 0.7284643650 0.0349298827 0.6841926575
-95.5 188.2 2252.2 0.6401571631 0.3209991157 -0.6979673505 -0.2440051436 0.9464351535 0.2114757895 0.7284643650 0.0349298827 0.6841926575
-154.0 3.3 2246.3 0.6455241442 0.3015128076 -0.7017040849 -0.2276294231 0.9529717565 0.2000742108 0.7290291190 0.0305757672 0.6837994456
-183.6 219.3 2152.7 0.0356970504 0.2638921738 -0.9638913870 0.9554115534 0.2738766670 0.1103643849 0.2931116521 -0.9248526692 -0.2423490435
-193.7 -50.6 2069.9 -0.7850217819 0.2638921738 -0.5604478121 0.6181131005 0.2738766670 -0.7368363142 -0.0409517623 -0.9248526692 -0.3781143427
-7.3 157.1 2351.7 -0.0274751335 0.8214232922 -0.5696568489 -0.9688353539 0.1184605435 0.2175434828 0.2461771369 0.5578806996 0.7925692201
-13.3 -55.4 2405.7 0.5132940412 0.8214232922 -0.2485819906 -0.5799164176 0.1184605435 -0.8060173988 -0.6326342821 0.5578806996 0.5371619463
-276.3 -157.2 2161.3 0.8030439019 -0.2123247832 -0.5568111539 0.1991167068 0.9762733579 -0.0851052552 0.5616698861 -0.0425271541 0.8262677789
-193.9 -536.2 2177.8 0.7833625078 0.1864252537 -0.5929492712 -0.1021846682 0.9796079397 0.1729929298 0.6131080389 -0.0749258474 0.7864379287
-161.2 -203.5 2290.5 0.9404051304 -0.0378795117 0.3379398882 -0.0203229338 0.9857398272 0.1670448929 -0.3394483626 -0.1639578044 0.9262249470
-146.5 -586.1 2354.2 0.9209552407 0.1907345355 0.3397966921 -0.2088414878 0.9777988195 0.0171680860 -0.3289782405 -0.0867746845 0.9403421879
25.5 -223.1 2081.3 0 0 0 0 0 0 0 0 0
116.8 -202.4 2245.4 0 0 0 0 0 0 0 0 0
-263.4 -901.8 2205.8 0 0 0 0 0 0 0 0 0
-217.6 -950.8 2386.5 0 0 0 0 0 0 0 0 0
-31.7 374.5 2262.5 9 0.6178312302 0.3289378583 -0.7142019272 -0.2463630289 0.9435401559 0.2214434147 0.7467193604 0.0391382985 0.6639867425
-96.7 187.9 2254.8 0.6178312302 0.3289378583 -0.7142019272 -0.2463630289 0.9435401559 0.2214434147 0.7467193604 0.0391382985 0.6639867425
-156.8 3.5 2248.1 0.6232894659 0.3094260693 -0.7181683183 -0.2301701307 0.9502933621 0.2096763849 0.7473499775 0.0346118137 0.6635285020
-181.8 219.3 2152.8 0.0640302449 0.2618699372 -0.9629767537 0.9538424015 0.2676431537 0.1362052113 0.2934021950 -0.9272493124 -0.2326453924
-199.8 -47.7 2070.6 -0.7857897878 0.2618699372 -0.5603200197 0.6169375777 0.2676431537 -0.7401048541 -0.0438453890 -0.9272493124 -0.3718686700
-11.6 156.5 2356.8 -0.0054474925 0.8082674146 -0.5887904167 -0.9799585342 0.1129326969 0.1640959680 0.1991271079 0.5778840780 0.7914533019
-12.8 -62.5 2401.3 0.5306123495 0.8082674146 -0.2552535832 -0.5651543736 0.1129326969 -0.8172188997 -0.6317049265 0.5778840780 0.5167192817
-270.3 -161.1 2175.1 0.7971880436 -0.1893234849 -0.5732781291 0.1546881199 0.9819133878 -0.1091681793 0.5835775733 -0.0016517480 0.8120557070
-196.9 -541.9 2175.7 0.7795282602 0.1670983136 -0.6036670208 -0.0627596676 0.9797458053 0.1901560724 0.6232150197 -0.1103460938 0.7742266059
-154.7 -201.9 2305.6 0.9489319324 -0.0324927084 0.3138030469 -0.0257963575 0.9833595157 0.1798293591 -0.3144243658 -0.1787407994 0.9323030710
-142.1 -583.6 2375.0 0.9270183444 0.2098652571 0.3107950091 -0.1895006299 0.9773033857 -0.0946973711 -0.3236146867 0.0288903564 0.9457477927
19.6 -220.0 2082.9 0 0 0 0 0 0 0 0 0
121.7 -205.8 2241.1 0 0 0 0 0 0 0 0 0
-259.2 -907.3 2216.9 0 0 0 0 0 0 0 0 0
-219.8 -945.7 2364.3 0 0 0 0 0 0 0 0 0
-34.5 372.9 2257.2 0 0.6059772372 0.3252043724 -0.7259708643 -0.2276716977 0.9453434944 0.2334335595 0.7622054815 0.0238276068 0.6468964815
-98.5 186.9 2252.6 0.6059772372 0.3252043724 -0.7259708643 -0.2276716977 0.9453434944 0.2334335595 0.7622054815 0.0238276068 0.6468964815
-157.4 2.1 2248.2 0.6110052466 0.3034960330 -0.7311379910 -0.2124930769 0.9525725842 0.2178352177 0.7625740767 0.0222632941 0.6465176344
-182.0 215.9 2148.5 0.0822612047 0.2578457594 -0.9626778364 0.9553616643 0.2546242177 0.1498351544 0.2837554812 -0.9320311546 -0.2253902704
-204.4 -44.9 2071.0 -0.7827078700 0.2578457594 -0.5664662123 0.6206129789 0.2546242177 -0.7416238785 -0.0469885617 -0.9320311546 -0.3593188226
-15.1 157.9 2356.7 0.0233872291 0.8180207610 -0.5747130513 -0.9834680557 0.1220800951 0.1337423325 0.1795650274 0.5620840192 0.8073524237
-9.7 -67.9 2397.9 0.5281360745 0.8180207610 -0.2278471440 -0.5465177894 0.1220800951 -0.8285015225 -0.6499158740 0.5620840192 0.5115377903
-272.6 -160.3 2174.4 0.7869494557 -0.1955224276 -0.5852192044 0.1639296114 0.9806308746 -0.1071923226 0.5948424935 -0.0115798116 0.8037588596
-196.8 -540.8 2178.9 0.7675862908 0.1752016097 -0.6165352464 -0.0868262574 0.9814713597 0.1708073020 0.6350374222 -0.0775778890 0.7685760260
-161.0 -201.5 2308.2 0.9535085559 -0.0556706861 0.2961792648 -0.0032255428 0.9808481932 0.1947471648 -0.3013485968 -0.1866484284 0.9350675941
-139.4 -582.1 2380.7 0.9292947054 0.2174093872 0.2985708117 -0.1875047535 0.9741796851 -0.1257612854 -0.3182033002 0.0608858578 0.9460653067
14.1 -218.2 2084.1 0 0 0 0 0 0 0 0 0
124.2 -206.5 2233.1 0 0 0 0 0 0 0 0 0
-262.1 -906.8 2207.8 0 0 0 0 0 0 0 0 0
-220.2 -944.3 2358.0 0 0 0 0 0 0 0 0 0
-35.5 372.2 2261.6 1 0.5889478922 0.3195687830 -0.7423046231 -0.2312638611 0.9467314482 0.2240905762 0.7743754983 0.0396905690 0.6314802170
-98.4 185.9 2253.8 0.5889478922 0.3195687830 -0.7423046231 -0.2312638611 0.9467314482 0.2240905762 0.7743754983 0.0396905690 0.6314802170
-157.2 1.1 2246.8 0.5932601094 0.3031844795 -0.7457356453 -0.2181144208 0.9522547126 0.2136283517 0.7748990655 0.0359185152 0.6310636401
-179.4 215.7 2148.0 0.0900254324 0.2401259840 -0.9665582776 0.9566847682 0.2489347309 0.1509496719 0.2768568695 -0.9382808805 -0.2073144019
-204.1 -46.4 2072.1 -0.7947943211 0.2401259840 -0.5573521852 0.6053681374 0.2489347309 -0.7560164928 -0.0427948833 -0.9382808805 -0.3432165384
-17.4 156.1 2359.6 0.0026354583 0.8205098510 -0.5716263056 -0.9778484702 0.1217552945 0.1702587008 0.2092974633 0.5585151911 0.8026552200
-16.8 -52.4 2404.2 0.5162447691 0.8205098510 -0.2454686612 -0.5773947835 0.1217552945 -0.8073356748 -0.6325398088 0.5585151911 0.5366136432
-271.1 -163.8 2175.7 0.7746422887 -0.1854499131 -0.6045970917 0.1515499502 0.9826164246 -0.1072269902 0.6139722466 -0.0085640969 0.7892811894
-199.1 -545.1 2179.0 0.7599117756 0.1511882842 -0.6321995258 -0.0618958585 0.9849860668 0.1611563265 0.6470726728 -0.0833340585 0.7578604221
-161.7 -201.8 2312.2 0.9596257210 -0.0500548668 0.2767905891 0.0092548924 0.9891248345 0.1467870623 -0.2811278701 -0.1382989734 0.9496528506
-142.3 -585.3 2365.8 0.9364111423 0.2097993493 0.2812800407 -0.2092109323 0.9773309827 -0.0324799344 -0.2817179561 -0.0284322873 0.9590759277
17.8 -215.4 2084.1 0 0 0 0 0 0 0 0 0
114.1 -198.8 2243.8 0 0 0 0 0 0 0 0 0
-255.5 -912.5 2210.1 0 0 0 0 0 0 0 0 0
-220.1 -947.9 2376.4 0 0 0 0 0 0 0 0 0
-32.7 372.3 2264.3 2 0.5783412457 0.3334238529 -0.7445467710 -0.2406505495 0.9417789578 0.2348185629 0.7794925570 0.0433703288 0.6249082685
-98.4 186.8 2255.7 0.5783412457 0.3334238529 -0.7445467710 -0.2406505495 0.9417789578 0.2348185629 0.7794925570 0.0433703288 0.6249082685
-159.6 2.8 2248.4 0.5836988688 0.3153798580 -0.7482186556 -0.2250435054 0.9482218623 0.2241222262 0.7801609039 0.0375618525 0.6244502068
-178.1 217.5 2149.2 0.1033530086 0.2337089032 -0.9667979479 0.9543314576 0.2506218255 0.1626043767 0.2803027332 -0.9394513369 -0.1971332431
-206.6 -45.0 2072.1 -0.8003755212 0.2337089032 -0.5520681143 0.5981944799 0.2506218255 -0.7611518502 -0.0395276472 -0.9394513369 -0.3403949142
-18.7 156.1 2362.3 -0.0194369964 0.8223123550 -0.5687043071 -0.9648496509 0.1336765885 0.2262646705 0.2620826662 0.5531120896 0.7908095121
-22.6 -35.6 2414.4 0.5146386027 0.8223123550 -0.2427952290 -0.5894460678 0.1336765885 -0.7966704965 -0.6226559281 0.5531120896 0.5535039306
-269.2 -164.2 2170.5 0.7691249847 -0.1816129982 -0.6127507091 0.1541178226 0.9831846952 -0.0979570374 0.6202374101 -0.0190945994 0.7841817141
-198.7 -545.8 2177.9 0.7542582750 0.1513494104 -0.6388958097 -0.0613007545 0.9850518703 0.1609815359 0.6537099481 -0.0822568536 0.7522613406
-163.0 -203.3 2309.2 0.9615218043 -0.0508721583 0.2699775696 0.0078924811 0.9874154329 0.1579507589 -0.2746153176 -0.1497423053 0.9498229623
-143.2 -586.3 2367.3 0.9391927719 0.2060786039 0.2746790648 -0.2010627389 0.9784684777 -0.0466171689 -0.2783716321 -0.0114452196 0.9604052305
16.9 -212.0 2083.1 0 0 0 0 0 0 0 0 0
108.0 -185.1 2256.4 0 0 0 0 0 0 0 0 0
-255.2 -913.4 2208.6 0 0 0 0 0 0 0 0 0
-219.9 -950.4 2371.6 0 0 0 0 0 0 0 0 0
-31.4 372.8 2265.1 3 0.5774345398 0.3364391327 -0.7438938618 -0.2365273684 0.9410084486 0.2419874668 0.7814244628 0.0362193286 0.6229478121
-97.8 187.2 2258.0 0.5774345398 0.3364391327 -0.7438938618 -0.2365273684 0.9410084486 0.2419874668 0.7814244628 0.0362193286 0.6229478121
-159.5 3.3 2252.2 0.5830596685 0.3183639348 -0.7474529147 -0.2203040123 0.9475076199 0.2317228019 0.7819895148 0.0295586642 0.6225903034
-177.4 217.3 2151.2 0.1158959419 0.2279708236 -0.9667457938 0.9505445361 0.2569090426 0.1745360792 0.2881548703 -0.9391629696 -0.1869217008
-209.0 -42.0 2072.6 -0.8022088408 0.2279708236 -0.5518063903 0.5962048769 0.2569090426 -0.7606164813 -0.0316343121 -0.9391629696 -0.3420120180
-18.1 157.1 2364.8 -0.0220867675 0.8229428530 -0.5676946044 -0.9621343017 0.1368098706 0.2357555181 0.2716795504 0.5514055490 0.7887598872
-22.3 -24.7 2416.2 0.5088222027 0.8229428530 -0.2527152002 -0.6092208624 0.1368098706 -0.7811101079 -0.6082350612 0.5514055490 0.5709658861
-273.1 -161.1 2171.3 0.7687119246 -0.1941430867 -0.6094181538 0.1619243771 0.9808509350 -0.1082216501 0.6187588573 -0.0154883806 0.7854282856
-197.7 -541.9 2177.3 0.7536138892 0.1527222246 -0.6393293738 -0.0580994375 0.9843038917 0.1666442156 0.6547446847 -0.0884407163 0.7506581545
-168.5 -201.4 2311.0 0.9604119062 -0.0672282055 0.2703504562 0.0214971341 0.9854362607 0.1686810702 -0.2777532637 -0.1561915576 0.9478698969
-142.5 -583.8 2371.6 0.9374290705 0.2088535577 0.2785801888 -0.1973805875 0.9778993130 -0.0689476803 -0.2868233323 0.0096472409 0.9579349160
15.0 -208.5 2081.4 0 0 0 0 0 0 0 0 0
106.8 -179.3 2261.9 0 0 0 0 0 0 0 0 0
-254.7 -909.2 2210.3 0 0 0 0 0 0 0 0 0
-220.3 -948.2 2368.0 0 0 0 0 0 0 0 0 0
-30.7 370.9 2266.0 4 0.5818974376 0.3270874321 -0.7445865870 -0.2321456224 0.9442675710 0.2333819866 0.7794252634 0.0370481387 0.6253988147
-95.0 185.3 2258.8 0.5818974376 0.3270874321 -0.7445865870 -0.2321456224 0.9442675710 0.2333819866 0.7794252634 0.0370481387 0.6253988147
-154.3 0.6 2252.8 0.5880305171 0.3054071963 -0.7489636540 -0.2137608081 0.9517307281 0.2202610523 0.7800810337 0.0305788592 0.6249307990
-175.3 214.5 2152.2 0.1312596500 0.2310044616 -0.9640579820 0.9463266134 0.2605377138 0.1912746727 0.2953587770 -0.9374204278 -0.1844075918
-210.5 -38.8 2073.1 -0.8086507916 0.2310044616 -0.5410367846 0.5871816874 0.2605377138 -0.7663796544 -0.0360766239 -0.9374204278 -0.3463256359
-14.7 156.1 2365.3 -0.0426147543 0.8112379909 -0.5831611753 -0.9629880786 0.1221413538 0.2402821183 0.2661540806 0.5718168020 0.7760074735
-22.5 -19.8 2413.9 0.5120772719 0.8112379909 -0.2822584510 -0.6204856038 0.1221413538 -0.7746477127 -0.5939482450 0.5718168020 0.5659072995
-273.6 -160.9 2176.5 0.7704492211 -0.2053220570 -0.6035320163 0.1596890688 0.9786896110 -0.1290971488 0.6171770096 0.0030853271 0.7868183255
-193.9 -540.7 2175.3 0.7476702929 0.1859717220 -0.6374979615 -0.0759130344 0.9776284695 0.1961627156 0.6597169042 -0.0982706249 0.7450613976
-169.1 -200.4 2316.5 0.9587628245 -0.0707565621 0.2752588093 0.0423466563 0.9932675958 0.1078250781 -0.2810349762 -0.0917223841 0.9553043246
-141.7 -585.1 2352.1 0.9354900718 0.2151291519 0.2803171873 -0.2303590178 0.9728535414 0.0221514050 -0.2679421604 -0.0852960125 0.9596518278
15.3 -202.7 2083.2 0 0 0 0 0 0 0 0 0
107.5 -177.2 2263.2 0 0 0 0 0 0 0 0 0
-263.3 -905.4 2211.9 0 0 0 0 0 0 0 0 0
-221.6 -946.3 2383.7 0 0 0 0 0 0 0 0 0
-24.2 374.1 2266.5 5 0.5636091232 0.3530592024 -0.7467890978 -0.2408091277 0.9350144863 0.2603054047 0.7901617885 0.0331231281 0.6120026112
-93.7 189.9 2260.0 0.5636091232 0.3530592024 -0.7467890978 -0.2408091277 0.9350144863 0.2603054047 0.7901617885 0.0331231281 0.6120026112
-158.5 7.1 2254.3 0.5690878034 0.3337417841 -0.7515021563 -0.2258343548 0.9422211051 0.2474231124 0.7906566262 0.0289095324 0.6115769148
-171.4 220.7 2152.0 0.1625409275 0.2371595949 -0.9577764869 0.9433458447 0.2472265363 0.2213089019 0.2892732918 -0.9394862056 -0.1835390925
-215.4 -34.5 2073.7 -0.8104684353 0.2371595949 -0.5356269479 0.5835555792 0.2472265363 -0.7735256553 -0.0510278344 -0.9394862056 -0.3387651145
-16.0 159.1 2368.0 0.0174604841 0.8261616826 -0.5631625652 -0.9774662256 0.1326121986 0.1642369181 0.2103684545 0.5476047397 0.8098605871
-12.9 -16.2 2405.7 0.4754859209 0.8261616826 -0.3022747934 -0.6855131984 0.1326121986 -0.7158810496 -0.5513481498 0.5476047397 0.6293999553
-266.2 -165.0 2177.0 0.7650809288 -0.1880278736 -0.6158707142 0.1418918520 0.9821375608 -0.1235819384 0.6281065941 0.0071631484 0.7780943513
-193.3 -546.2 2174.2 0.7382739782 0.2026423961 -0.6433409452 -0.0840991661 0.9740149975 0.2102905214 0.6692374945 -0.1011475921 0.7361320257
-160.9 -203.3 2316.8 0.9630180001 -0.0534791797 0.2640763223 0.0290278625 0.9949923754 0.0956428871 -0.2678688169 -0.0844402537 0.9597479701
-140.2 -589.1 2349.5 0.9359992146 0.2303893119 0.2661320865 -0.2527947426 0.9660803080 0.0527598597 -0.2449496686 -0.1166599765 0.9624916315
10.9 -197.4 2088.0 0 0 0 0 0 0 0 0 0
107.4 -189.5 2266.3 0 0 0 0 0 0 0 0 0
-268.9 -909.6 2212.0 0 0 0 0 0 0 0 0 0
-225.9 -948.5 2392.9 0 0 0 0 0 0 0 0 0
-23.3 369.0 2266.7 6 0.5661469698 0.3623258471 -0.7404036522 -0.2507049441 0.9313513041 0.2640678585 0.7852544785 0.0361216366 0.6181185842
-94.6 185.5 2259.6 0.5661469698 0.3623258471 -0.7404036522 -0.2507049441 0.9313513041 0.2640678585 0.7852544785 0.0361216366 0.6181185842
-160.7 3.1 2253.5 0.5726315379 0.3401710987 -0.7459066510 -0.2334325314 0.9398425221 0.2494098097 0.7858768106 0.0312989578 0.6175904870
-172.8 217.4 2152.3 0.1294926703 0.2413013726 -0.9617719650 0.9507776499 0.2451602072 0.1895212531 0.2815199494 -0.9389728904 -0.1976774931
-208.0 -40.5 2075.9 -0.8264549971 0.2413013726 -0.5086705685 0.5590716004 0.2451602072 -0.7920450568 -0.0664157718 -0.9389728904 -0.3375186324
-16.4 153.6 2367.0 0.1305985004 0.8665954471 -0.4816184938 -0.9870470166 0.1593036801 0.0189880133 0.0931785256 0.4729003012 0.8761752248
10.7 -51.3 2386.3 0.4108554125 0.8665954471 -0.2832140326 -0.7656300664 0.1593036801 -0.6232438684 -0.4949832857 0.4729003012 0.7289422750
-274.2 -155.5 2177.8 0.7663888931 -0.2048626840 -0.6088344455 0.1522015184 0.9787058830 -0.1377299875 0.6240855455 0.0128892055 0.7812497020
-194.7 -535.4 2172.8 0.7449222207 0.1801831871 -0.6423588991 -0.0739998221 0.9792125821 0.1888563335 0.6630346775 -0.0931488276 0.7427707314
-172.3 -195.9 2319.5 0.9590525031 -0.0904321820 0.2684032917 0.0585493483 0.9904887676 0.1245147362 -0.2771106064 -0.1037013307 0.9552255273
-137.2 -579.9 2359.7 0.9316952825 0.2336329222 0.2781358957 -0.2404107451 0.9706197977 -0.0099921972 -0.2722987235 -0.0575571768 0.9604897499
23.5 -197.1 2094.5 0 0 0 0 0 0 0 0 0
114.1 -243.9 2261.8 0 0 0 0 0 0 0 0 0
-261.9 -900.7 2207.6 0 0 0 0 0 0 0 0 0
-224.1 -941.0 2381.1 0 0 0 0 0 0 0 0 0
-24.6 363.1 2259.4 7 0.5710982084 0.3506928682 -0.7422003150 -0.2277689725 0.9363456368 0.2671668231 0.7886495590 0.0164717268 0.6146222949
-93.7 178.6 2256.1 0.5710982084 0.3506928682 -0.7422003150 -0.2277689725 0.9363456368 0.2671668231 0.7886495590 0.0164717268 0.6146222949
-157.7 -4.6 2253.0 0.5758467913 0.3298124671 -0.7480803728 -0.2146484852 0.9439094663 0.2509202063 0.7888767123 0.0160827208 0.6143409610
-172.4 207.9 2148.4 0.0573613010 0.2195179164 -0.9739207029 0.9680828452 0.2261695862 0.1079952046 0.2439781278 -0.9490306377 -0.1995381415
-188.3 -60.5 2080.7 -0.8670269251 0.2195179164 -0.4472987950 0.4912175238 0.2261695862 -0.8411614895 -0.0834846422 -0.9490306377 -0.3039261699
-15.1 149.3 2363.9 0.1619634181 0.9096421003 -0.3825168312 -0.9806782603 0.1914738566 0.0400993787 0.1097180545 0.3686313033 0.9230779409
19.6 -60.3 2387.3 0.3596204817 0.9096421003 -0.2079047412 -0.8071587086 0.1914738566 -0.5584197640 -0.4681537747 0.3686313033 0.8030834198
-278.0 -158.4 2177.0 0.7675485611 -0.2175072432 -0.6029592156 0.1599030495 0.9759007692 -0.1484878808 0.6207255721 0.0175566413 0.7838313580
-193.5 -537.2 2170.2 0.7457803488 0.1815167964 -0.6409862041 -0.0703865364 0.9782484770 0.1951299757 0.6624631286 -0.1004073024 0.7423347831
-175.4 -200.2 2317.8 0.9597455859 -0.0898806527 0.2661011815 0.0478418618 0.9858838916 0.1604497433 -0.2767661810 -0.1412601620 0.9504978061
-140.5 -582.4 2372.6 0.9351035953 0.2176344693 0.2796721458 -0.2056618333 0.9759825468 -0.0718423873 -0.2885904908 0.0096621923 0.9574038982
58.2 -200.1 2104.4 0 0 0 0 0 0 0 0 0
110.2 -263.8 2269.3 0 0 0 0 0 0 0 0 0
-261.3 -902.2 2207.7 0 0 0 0 0 0 0 0 0
-221.5 -945.2 2369.0 0 0 0 0 0 0 0 0 0
-23.7 360.8 2255.7 8 0.5739465952 0.3569422960 -0.7370057702 -0.2329436988 0.9339863658 0.2709368169 0.7850621343 0.0161775835 0.6192057133
-93.8 177.2 2252.5 0.5739465952 0.3569422960 -0.7370057702 -0.2329436988 0.9339863658 0.2709368169 0.7850621343 0.0161775835 0.6192057133
-158.5 -5.8 2249.4 0.5794061422 0.3331793547 -0.7438279390 -0.2180969864 0.9427278042 0.2523845732 0.7853166461 0.0159934498 0.6188877225
-173.0 207.0 2145.2 -0.0234871991 0.2021472156 -0.9790734649 0.9802993536 0.1967749894 0.0171111077 0.1961161345 -0.9593831897 -0.2027864754
-166.1 -79.3 2087.9 -0.8934997916 0.2021472156 -0.4009920359 0.4381505847 0.1967749894 -0.8770995736 -0.0983980298 -0.9593831897 -0.2643893361
-14.7 147.4 2359.8 0.1659288853 0.9234738946 -0.3459242880 -0.9771450162 0.2012332976 0.0685037524 0.1328729093 0.3266514242 0.9357582927
21.7 -67.1 2388.9 0.3491228521 0.9234738946 -0.1590887755 -0.7938079834 0.2012332976 -0.5739111304 -0.4979780018 0.3266514242 0.8033161163
-273.3 -168.5 2179.2 0.7730175257 -0.2016593218 -0.6014794111 0.1488946825 0.9793195724 -0.1369801313 0.6166638732 0.0163309518 0.7870571613
-195.0 -548.6 2172.9 0.7517261505 0.1802025884 -0.6343774796 -0.0777810514 0.9794554114 0.1860569715 0.6548724174 -0.0905213431 0.7502986193
-170.2 -207.0 2320.5 0.9595425725 -0.0687331334 0.2730454504 0.0302505307 0.9892997146 0.1427271366 -0.2799338698 -0.1286929995 0.9513543844
-143.5 -590.7 2370.4 0.9350539446 0.2159223109 0.2811612189 -0.2104760855 0.9763292074 -0.0498104692 -0.2852611244 -0.0126022371 0.9583669901
86.6 -203.2 2115.8 0 0 0 0 0 0 0 0 0
110.0 -267.8 2263.0 0 0 0 0 0 0 0 0 0
-262.3 -914.2 2206.6 0 0 0 0 0 0 0 0 0
-223.9 -954.3 2375.1 0 0 0 0 0 0 0 0 0
-23.7 361.7 2261.8 9 0.5526757240 0.3635666668 -0.7499125600 -0.2485925555 0.9307813048 0.2680445910 0.7954566479 0.0382809415 0.6048002243
-95.2 178.5 2254.3 0.5526757240 0.3635666668 -0.7499125600 -0.2485925555 0.9307813048 0.2680445910 0.7954566479 0.0382809415 0.6048002243
-161.8 -3.6 2247.2 0.5578184128 0.3432251811 -0.7556686401 -0.2349911183 0.9385418296 0.2528209090 0.7960011363 0.0365472473 0.6041908264
-171.4 210.6 2145.6 -0.0583445057 0.2172288001 -0.9743754864 0.9840527773 0.1768040061 -0.0195070077 0.1680359989 -0.9599750042 -0.2240801454
-153.4 -93.4 2093.7 -0.9087880254 0.2172288001 -0.3562527001 0.3955634236 0.1768040061 -0.9012601972 -0.1327927709 -0.9599750042 -0.2466051280
-19.1 146.4 2363.0 0.1819020510 0.9289982319 -0.3222947121 -0.9750345945 0.2128566653 0.0632423311 0.1273545921 0.3027445972 0.9445244670
21.6 -71.4 2391.4 0.3480045497 0.9289982319 -0.1259169728 -0.7807721496 0.2128566653 -0.5874409676 -0.5189293623 0.3027445972 0.7994110584
-275.1 -169.2 2175.9 0.7555465102 -0.1942896545 -0.6256204844 0.1522371024 0.9809361100 -0.1207817271 0.6371603608 -0.0039864345 0.7707209587
-199.7 -549.9 2177.5 0.7394409776 0.1556181312 -0.6549885869 -0.0673512667 0.9851359129 0.1580221802 0.6698439121 -0.0727337748 0.7389309406
-171.3 -208.3 2316.6 0.9662383199 -0.0666481704 0.2488806248 0.0237687938 0.9849025011 0.1714702994 -0.2565513253 -0.1597655863 0.9532346725
-145.4 -590.3 2378.6 0.9436066747 0.2079955488 0.2575738728 -0.1978779286 0.9780758619 -0.0648997948 -0.2654256523 0.0102716992 0.9640766382
105.3 -206.0 2131.5 0 0 0 0 0 0 0 0 0
109.7 -269.2 2260.0 0 0 0 0 0 0 0 0 0
-257.7 -917.5 2204.6 0 0 0 0 0 0 0 0 0
-223.0 -954.9 2374.8 0 0 0 0 0 0 0 0 0
-18.4 368.4 2263.9 0 0.6262901425 0.3547982275 -0.6941749454 -0.2718986571 0.9339338541 0.2320317328 0.7306379080 0.0434260517 0.6813827157
-88.8 183.0 2255.3 0.6262901425 0.3547982275 -0.6941749454 -0.2718986571 0.9339338541 0.2320317328 0.7306379080 0.0434260517 0.6813827157
-154.1 0.4 2247.0 0.6312991977 0.3363113105 -0.6988247633 -0.2583107650 0.9408140779 0.2194184065 0.7312570214 0.0419952981 0.6808080077
-174.6 218.0 2155.9 -0.0909821466 0.2470755428 -0.9647154808 0.9804202318 0.1921053231 -0.0432627164 0.1746378243 -0.9497627020 -0.2597160339
-145.0 -101.5 2099.0 -0.9139262438 0.2470755428 -0.3220132589 0.3719196022 0.1921053231 -0.9081692100 -0.1625259519 -0.9497627020 -0.2674623430
-3.0 147.9 2354.7 0.1096670404 0.9126725793 -0.3937028646 -0.9797115326 0.1660987735 0.1121448129 0.1677450538 0.3734166622 0.9123713970
21.8 -73.8 2392.6 0.3504455686 0.9126725793 -0.2102776915 -0.7881668806 0.1660987735 -0.5926248431 -0.5059455633 0.3734166622 0.7775468230
