228.1 374.1 2468.9 6 0.5901585817 0.6834737062 -0.4296236932 -0.4437794983 0.7192225456 0.5345827341 0.6743683219 -0.1248304099 0.7277669907
91.8 230.7 2493.8 0.5901585817 0.6834737062 -0.4296236932 -0.4437794983 0.7192225456 0.5345827341 0.6743683219 -0.1248304099 0.7277669907
-39.0 83.2 2517.0 0.6040573120 0.6577342153 -0.4500005245 -0.4286145866 0.7441689372 0.5123496056 0.6718662977 -0.1166117638 0.7314351797
7.0 290.8 2399.6 0.1592972577 0.1914294362 -0.9684932232 0.9535455704 0.2242425829 0.2011617869 0.2556857169 -0.9555469751 -0.1468154639
-37.2 26.3 2328.6 -0.8230888844 0.1914294362 -0.5346769691 0.5670199990 0.2242425829 -0.7925929427 -0.0318282731 -0.9555469751 -0.2931158841
176.6 170.6 2588.0 -0.0142252780 0.9993109703 -0.0342815295 -0.9996176362 -0.0150259109 -0.0232112724 -0.0237103906 0.0339382365 0.9991426468
173.4 -58.1 2582.6 0.0177418534 0.9993109703 -0.0326007456 -0.6097698808 -0.0150259109 -0.7924360633 -0.7923799157 0.0339382365 0.6090831757
-226.6 -15.3 2469.6 0.6501876116 -0.0559128560 -0.7577135563 0.0662947670 0.9976598024 -0.0167318787 0.7568758726 -0.0393535867 0.6523727775
-204.3 -412.0 2485.2 0.6468079090 0.0690595731 -0.7595197558 -0.0701009780 0.9970593452 0.0309598539 0.7594243288 0.0332180001 0.6497470140
-113.9 -102.8 2584.6 0.3432121873 -0.1986301690 -0.9180149436 0.1664373875 0.9747772813 -0.1486869603 0.9243938327 -0.1017608270 0.3676149547
-35.0 -490.0 2625.0 0.3419592083 0.0417510048 -0.9387868643 -0.0406180434 0.9987355471 0.0296217389 0.9388365746 0.0280022584 0.3432226777
186.5 -127.8 2337.3 0 0 0 0 0 0 0 0 0
178.0 -216.1 2377.3 0 0 0 0 0 0 0 0 0
-227.9 -752.0 2473.9 0 0 0 0 0 0 0 0 0
-45.2 -732.8 2618.2 0 0 0 0 0 0 0 0 0
230.2 377.7 2481.8 7 0.5756080151 0.6779997349 -0.4571562409 -0.4498466849 0.7294077277 0.5153661966 0.6828714609 -0.0909987018 0.7248488069
95.5 232.8 2499.9 0.5756080151 0.6779997349 -0.4571562409 -0.4498466849 0.7294077277 0.5153661966 0.6828714609 -0.0909987018 0.7248488069
-34.7 84.1 2518.8 0.5921356678 0.6553435922 -0.4689351320 -0.4315168262 0.7493230104 0.5023029447 0.6805648804 -0.0950780958 0.7264926434
12.3 293.5 2404.3 0.1571812183 0.2145190984 -0.9639894366 0.9495297074 0.2354801595 0.2072255313 0.2714542150 -0.9479085803 -0.1666791886
-31.8 27.2 2328.2 -0.8224889636 0.2145190984 -0.5267764330 0.5669752359 0.2354801595 -0.7893593311 -0.0452872440 -0.9479085803 -0.3153068423
178.8 172.2 2595.5 -0.0067419410 0.9984442592 -0.0553500205 -0.9994065762 -0.0085975714 -0.0333560035 -0.0337799862 0.0550922900 0.9979096651
177.2 -56.8 2587.8 0.0388288312 0.9984442592 -0.0400175042 -0.6018958688 -0.0085975714 -0.7985282540 -0.7976300120 0.0550922900 0.6006256342
-225.1 -25.0 2478.7 0.6342386603 -0.0500004217 -0.7715187669 0.0453893319 0.9985934496 -0.0274036396 0.7718037963 -0.0176382735 0.6356160641
-205.2 -422.0 2485.7 0.6307965517 0.0664257556 -0.7730998397 -0.0714080557 0.9970706105 0.0274055395 0.7726555467 0.0379182361 0.6336920261
-114.5 -103.6 2601.6 0.3267092407 -0.2011642754 -0.9234684706 0.1371908337 0.9768314958 -0.1642525941 0.9351148009 -0.0730285719 0.3467377722
-34.6 -491.6 2630.6 0.3238595128 0.0469838157 -0.9449378252 -0.0638114065 0.9975765944 0.0277309529 0.9439508319 0.0513168797 0.3260727823
193.0 -127.7 2340.6 0 0 0 0 0 0 0 0 0
187.3 -213.0 2380.8 0 0 0 0 0 0 0 0 0
-227.3 -752.8 2473.2 0 0 0 0 0 0 0 0 0
-45.9 -731.4 2618.2 0 0 0 0 0 0 0 0 0
230.0 380.1 2479.8 8 0.5795194507 0.6757103205 -0.4556015730 -0.4342188239 0.7291018367 0.5290222764 0.6896457672 -0.1087478921 0.7159348130
95.0 234.4 2501.5 0.5795194507 0.6757103205 -0.4556015730 -0.4342188239 0.7291018367 0.5290222764 0.6896457672 -0.1087478921 0.7159348130
-34.9 85.6 2523.5 0.5947672129 0.6532701850 -0.4684976339 -0.4172601104 0.7489988804 0.5146791935 0.6871287823 -0.1106289551 0.7180635929
11.3 293.0 2404.9 0.1440977603 0.2229530066 -0.9641202092 0.9501627684 0.2410130501 0.1977459937 0.2764536142 -0.9445658922 -0.1771121919
-28.9 27.9 2327.8 -0.8224189878 0.2229530066 -0.5233726501 0.5667229891 0.2410130501 -0.7878691554 -0.0495181493 -0.9445658922 -0.3245663047
178.6 175.7 2598.1 -0.0041488111 0.9985950589 -0.0528270788 -0.9998772144 -0.0049407617 -0.0148696154 -0.0151097300 0.0527589023 0.9984929562
177.7 -53.6 2594.7 0.0384915397 0.9985950589 -0.0364185944 -0.6166483164 -0.0049407617 -0.7872232199 -0.7862971425 0.0527589023 0.6155918241
-219.2 -25.0 2475.4 0.6370285153 -0.0290514454 -0.7702926397 0.0338014960 0.9993811250 -0.0097377934 0.7700988054 -0.0198337901 0.6376162171
-207.7 -422.3 2483.3 0.6341066957 0.0609515607 -0.7708395720 -0.0635644719 0.9976233244 0.0265944358 0.7706285119 0.0321342982 0.6364739537
-110.7 -104.2 2600.0 0.3330942392 -0.1887049079 -0.9238174558 0.1327156574 0.9793977737 -0.1522057652 0.9335067272 -0.0719061717 0.3512758315
-35.7 -493.4 2628.6 0.3306580782 0.0437910371 -0.9427341223 -0.0504718758 0.9983139038 0.0286700856 0.9424000382 0.0381015651 0.3323107660
196.7 -127.5 2341.4 0 0 0 0 0 0 0 0 0
187.7 -213.7 2390.5 0 0 0 0 0 0 0 0 0
-227.8 -751.2 2472.7 0 0 0 0 0 0 0 0 0
-46.2 -732.1 2619.5 0 0 0 0 0 0 0 0 0
234.4 383.8 2470.8 9 0.6055936813 0.6844568849 -0.4059249461 -0.4484939873 0.7149346471 0.5363968015 0.6573503017 -0.1427836120 0.7399347425
97.2 240.5 2499.4 0.6055936813 0.6844568849 -0.4059249461 -0.4484939873 0.7149346471 0.5363968015 0.6573503017 -0.1427836120 0.7399347425
-34.1 93.9 2526.2 0.6181746721 0.6615089774 -0.4245773852 -0.4349152148 0.7377799153 0.5162650347 0.6547586322 -0.1344867945 0.7437771559
10.4 301.7 2407.4 0.1315061599 0.2407251447 -0.9616431594 0.9486768246 0.2508828938 0.1925357431 0.2876079977 -0.9376082420 -0.1953777373
-27.5 28.2 2324.5 -0.8224604726 0.2407251447 -0.5153737664 0.5656700134 0.2508828938 -0.7855413556 -0.0598010980 -0.9376082420 -0.3425122499
184.1 179.3 2591.4 -0.0239834152 0.9996922016 -0.0063478677 -0.9994394183 -0.0241247509 -0.0232131258 -0.0233591218 0.0057875789 0.9997103810
178.6 -50.0 2586.1 -0.0101282066 0.9996922016 -0.0226477180 -0.6098146439 -0.0241247509 -0.7921768427 -0.7924793363 0.0057875789 0.6098712683
-219.3 -24.9 2482.6 0.6728667617 -0.0262484401 -0.7392978668 0.0125725260 0.9996317029 -0.0240486804 0.7396568656 0.0068867155 0.6729489565
-208.8 -422.1 2479.8 0.6703799963 0.0592178591 -0.7396512032 -0.0563047454 0.9979961514 0.0288698524 0.7398786545 0.0222921036 0.6723709106
-110.2 -101.4 2608.5 0.3751496375 -0.1920858175 -0.9068438411 0.1369926482 0.9790406823 -0.1507062912 0.9167855382 -0.0676935315 0.3936010897
-33.8 -490.6 2635.4 0.3720040321 0.0555603914 -0.9265667796 -0.0828851461 0.9962077737 0.0264590569 0.9245231748 0.0669557527 0.3751984537
198.9 -127.5 2341.0 0 0 0 0 0 0 0 0 0
175.9 -208.2 2380.4 0 0 0 0 0 0 0 0 0
-228.3 -750.6 2472.5 0 0 0 0 0 0 0 0 0
-47.2 -730.3 2619.3 0 0 0 0 0 0 0 0 0
234.5 383.7 2474.8 0 0.5869231224 0.6828370094 -0.4350343347 -0.4335988760 0.7188616991 0.5433505774 0.6837493777 -0.1302746236 0.7179939151
98.0 240.1 2500.8 0.5869231224 0.6828370094 -0.4350343347 -0.4335988760 0.7188616991 0.5433505774 0.6837493777 -0.1302746236 0.7179939151
-33.5 93.1 2525.8 0.5989551544 0.6617741585 -0.4508965313 -0.4205524325 0.7391216755 0.5261508822 0.6814604998 -0.1255151480 0.7210114598
13.9 299.2 2405.0 0.1381317824 0.2103661150 -0.9678149223 0.9524160028 0.2398609221 0.1880705953 0.2717046440 -0.9477409124 -0.1672236174
-25.2 30.2 2328.3 -0.8107528090 0.2103661150 -0.5462837815 0.5845118761 0.2398609221 -0.7751210332 -0.0320270620 -0.9477409124 -0.3174293935
182.2 180.9 2596.6 -0.0182910431 0.9990943670 -0.0384169035 -0.9998044372 -0.0185660813 -0.0068147886 -0.0075218687 0.0382847413 0.9992385507
178.0 -48.5 2594.9 0.0183903389 0.9990943670 -0.0383694693 -0.6229700446 -0.0185660813 -0.7820253372 -0.7820295095 0.0382847413 0.6220644116
-222.1 -12.8 2493.0 0.6494395137 -0.0346034057 -0.7596254945 0.0041768318 0.9991113544 -0.0419417918 0.7604017854 0.0240658298 0.6490069032
-208.4 -409.9 2483.4 0.6471922398 0.0553139485 -0.7603173852 -0.0624429807 0.9978591204 0.0194430817 0.7597651482 0.0348930731 0.6492606401
-108.9 -92.6 2613.0 0.3538157344 -0.1795249879 -0.9179244041 0.1067658588 0.9827437401 -0.1510490477 0.9292015433 -0.0445594564 0.3668773174
-37.6 -483.2 2630.7 0.3525317013 0.0381630473 -0.9350214005 -0.0669473559 0.9976364374 0.0154774897 0.9334020615 0.0571409017 0.3542534113
199.3 -131.7 2337.2 0 0 0 0 0 0 0 0 0
182.7 -210.2 2391.9 0 0 0 0 0 0 0 0 0
-227.3 -750.3 2471.5 0 0 0 0 0 0 0 0 0
-47.0 -729.4 2616.6 0 0 0 0 0 0 0 0 0
229.5 381.0 2485.3 1 0.5717909336 0.6755940914 -0.4654328227 -0.4310982823 0.7301134467 0.5301779509 0.6980038285 -0.1025036648 0.7087197304
94.9 235.5 2505.7 0.5717909336 0.6755940914 -0.4654328227 -0.4310982823 0.7301134467 0.5301779509 0.6980038285 -0.1025036648 0.7087197304
-35.0 86.5 2525.2 0.5835483670 0.6541425586 -0.4812159538 -0.4180112481 0.7499983907 0.5126099586 0.6962311864 -0.0979790315 0.7110993266
12.9 294.4 2407.8 0.1415783018 0.2214175463 -0.9648470879 0.9461470246 0.2563830018 0.1976702809 0.2911380529 -0.9408730268 -0.1731952876
-25.7 37.0 2328.6 -0.7727808952 0.2214175463 -0.5947974324 0.6346100569 0.2563830018 -0.7290664315 -0.0089321528 -0.9408730268 -0.3386417031
176.9 176.7 2603.6 -0.0025747442 0.9975757599 -0.0695408657 -0.9998531938 -0.0037461552 -0.0167197753 -0.0169397537 0.0694876090 0.9974389672
176.3 -52.7 2599.7 0.0524834879 0.9975757599 -0.0456951298 -0.6151931882 -0.0037461552 -0.7883675098 -0.7866275311 0.0694876090 0.6135051847
-219.8 -15.2 2488.3 0.6248471141 -0.0330105647 -0.7800489664 0.0128054172 0.9994046688 -0.0320357904 0.7806420922 0.0100286203 0.6248978972
-206.7 -412.5 2484.3 0.6219879985 0.0610443726 -0.7806436419 -0.0646135658 0.9975577593 0.0265248083 0.7803563476 0.0339420587 0.6244132519
-110.1 -92.4 2613.2 0.3252509534 -0.1807078719 -0.9282006621 0.0904271156 0.9830163121 -0.1596931368 0.9412941933 -0.0319941640 0.3360678852
-38.2 -483.1 2625.9 0.3236910105 0.0333894975 -0.9455735087 -0.0433212407 0.9988520741 0.0204410031 0.9451705813 0.0343468487 0.3247659206
188.6 -138.9 2331.1 0 0 0 0 0 0 0 0 0
189.9 -212.5 2395.5 0 0 0 0 0 0 0 0 0
-227.5 -753.0 2472.8 0 0 0 0 0 0 0 0 0
-46.6 -732.6 2617.4 0 0 0 0 0 0 0 0 0
231.5 377.6 2482.0 2 0.5801045299 0.6757322550 -0.4548238218 -0.4258302748 0.7275872827 0.5378524661 0.6943683028 -0.1183328852 0.7098239064
97.4 233.2 2505.5 0.5801045299 0.6757322550 -0.4548238218 -0.4258302748 0.7275872827 0.5378524661 0.6943683028 -0.1183328852 0.7098239064
-32.8 84.8 2527.6 0.5900388956 0.6556189060 -0.4711878300 -0.4148281217 0.7468592525 0.5197296739 0.6926555634 -0.1111987531 0.7126451731
14.4 291.6 2408.1 0.1558859795 0.2059081793 -0.9660752416 0.9432193637 0.2593972683 0.2074856013 0.2933202684 -0.9435650110 -0.1537801921
-28.0 35.0 2328.3 -0.7863010168 0.2059081793 -0.5825225711 0.6178411841 0.2593972683 -0.7422838807 -0.0017375542 -0.9435650110 -0.3311828971
180.4 174.8 2602.9 -0.0062398165 0.9982920289 -0.0580864400 -0.9999357462 -0.0067788954 -0.0090882126 -0.0094664525 0.0580260009 0.9982702136
179.0 -54.7 2600.8 0.0412673280 0.9982920289 -0.0413518772 -0.6212228537 -0.0067788954 -0.7836046219 -0.7825465798 0.0580260009 0.6198821068
-218.4 -24.2 2480.9 0.6334560513 -0.0367546268 -0.7729052901 0.0277288761 0.9993079305 -0.0247949734 0.7732816935 -0.0057252687 0.6340367794
-203.8 -421.5 2483.2 0.6293179989 0.0736312419 -0.7736518979 -0.0665031597 0.9969522357 0.0407873318 0.7742971778 0.0257820915 0.6322966814
-111.4 -101.0 2608.5 0.3366237283 -0.1808654219 -0.9241061211 0.0950328037 0.9828949571 -0.1577539593 0.9368314743 -0.0347166732 0.3480539024
-39.5 -491.7 2622.3 0.3354466856 0.0300716199 -0.9415791035 -0.0258006062 0.9994087219 0.0227268338 0.9417058229 0.0166696701 0.3360242248
190.8 -136.9 2328.8 0 0 0 0 0 0 0 0 0
189.7 -216.0 2397.5 0 0 0 0 0 0 0 0 0
-228.4 -754.3 2474.6 0 0 0 0 0 0 0 0 0
-46.8 -732.1 2618.3 0 0 0 0 0 0 0 0 0
235.7 376.2 2488.4 3 0.5681546926 0.6782552004 -0.4660151601 -0.4253944755 0.7268285751 0.5392214656 0.7044429183 -0.1081209332 0.7014770508
100.8 231.5 2509.9 0.5681546926 0.6782552004 -0.4660151601 -0.4253944755 0.7268285751 0.5392214656 0.7044429183 -0.1081209332 0.7014770508
-30.5 83.7 2530.6 0.5778150558 0.6604118347 -0.4795685410 -0.4147828519 0.7436596155 0.5243334770 0.7029117942 -0.1040509567 0.7036252022
19.5 289.9 2411.0 0.1776687205 0.2377273291 -0.9549447894 0.9359238148 0.2590513825 0.2386189997 0.3041060269 -0.9361506701 -0.1764693260
-29.0 34.6 2328.1 -0.8008579612 0.2377273291 -0.5496473312 0.5976480842 0.2590513825 -0.7587549686 -0.0379898846 -0.9361506701 -0.3495406508
182.1 173.1 2608.8 -0.0104238056 0.9972724915 -0.0730678588 -0.9999270439 -0.0108415652 -0.0053231232 -0.0061007743 0.0730070397 0.9973127842
179.7 -56.4 2607.4 0.0502874963 0.9972724915 -0.0540253222 -0.6242273450 -0.0108415652 -0.7811675072 -0.7796226144 0.0730070397 0.6219795942
-217.2 -25.6 2486.2 0.6222888231 -0.0329567567 -0.7820936441 0.0166060068 0.9994443059 -0.0289028194 0.7826115489 0.0049984488 0.6224902868
-204.1 -422.9 2484.2 0.6187419891 0.0687062219 -0.7825840712 -0.0651968271 0.9972227216 0.0360030197 0.7828842402 0.0287454147 0.6215029955
-109.0 -101.7 2613.3 0.3243800104 -0.1707760990 -0.9303833246 0.0890080780 0.9847145081 -0.1497159898 0.9417299032 -0.0342467614 0.3346221447
-41.1 -493.2 2626.9 0.3237842023 0.0257647261 -0.9457800984 -0.0415789559 0.9990508556 0.0129815191 0.9452168941 0.0351213403 0.3245481551
194.6 -132.3 2338.7 0 0 0 0 0 0 0 0 0
192.7 -218.6 2404.8 0 0 0 0 0 0 0 0 0
-226.9 -753.5 2474.7 0 0 0 0 0 0 0 0 0
-47.2 -730.5 2618.5 0 0 0 0 0 0 0 0 0
239.4 374.2 2482.1 4 0.5781549215 0.6823130250 -0.4474213421 -0.4270731211 0.7203053832 0.5465974212 0.6952305436 -0.1249363348 0.7078456283
103.1 230.4 2507.0 0.5781549215 0.6823130250 -0.4474213421 -0.4270731211 0.7203053832 0.5465974212 0.6952305436 -0.1249363348 0.7078456283
-28.1 82.9 2530.6 0.5899332166 0.6601377130 -0.4649699032 -0.4142456055 0.7417273521 0.5274856091 0.6930940747 -0.1185695603 0.7110287547
20.1 288.7 2409.5 0.1802964211 0.2478342950 -0.9518778324 0.9367542863 0.2518688440 0.2430093288 0.2999744117 -0.9354892969 -0.1867487878
-28.9 33.9 2327.9 -0.8096633554 0.2478342950 -0.5319994092 0.5840966702 0.2518688440 -0.7716172338 -0.0572391376 -0.9354892969 -0.3486881554
186.1 172.1 2604.6 -0.0129248649 0.9984413385 -0.0542945229 -0.9999117255 -0.0130729591 -0.0023733247 -0.0030794153 0.0542590544 0.9985221624
183.2 -57.4 2603.8 0.0341114290 0.9984413385 -0.0441741757 -0.6265296340 -0.0130729591 -0.7792879343 -0.7786507607 0.0542590544 0.6251071095
-214.7 -26.1 2486.8 0.6370524764 -0.0247905906 -0.7704216838 0.0133491056 0.9996876121 -0.0211296845 0.7707048059 0.0031762775 0.6371843815
-204.8 -423.5 2485.6 0.6336418390 0.0675365701 -0.7706729770 -0.0690803304 0.9971421361 0.0305854417 0.7705361247 0.0338581316 0.6364964247
-108.7 -102.2 2615.8 0.3445007801 -0.1684385091 -0.9235516787 0.0777483061 0.9855117798 -0.1507374048 0.9355610013 -0.0198754277 0.3526053727
-41.7 -494.0 2623.7 0.3439266384 0.0241466183 -0.9386860132 -0.0320094451 0.9993897676 0.0139801623 0.9384507537 0.0252386667 0.3444896936
198.4 -130.1 2344.0 0 0 0 0 0 0 0 0 0
192.0 -220.3 2401.5 0 0 0 0 0 0 0 0 0
-227.1 -752.7 2474.4 0 0 0 0 0 0 0 0 0
-47.4 -729.2 2617.7 0 0 0 0 0 0 0 0 0
238.8 369.7 2472.9 5 0.5651872158 0.6838644147 -0.4614031911 -0.3901152909 0.7143710256 0.5809338689 0.7268930674 -0.1483359337 0.6705393195
102.0 226.7 2502.6 0.5651872158 0.6838644147 -0.4614031911 -0.3901152909 0.7143710256 0.5809338689 0.7268930674 -0.1483359337 0.6705393195
-29.2 80.0 2530.2 0.5759058595 0.6598672271 -0.4826050401 -0.3785262108 0.7384729385 0.5580103993 0.7246035337 -0.1386827976 0.6750679612
21.0 279.9 2400.8 0.1881209612 0.2247121483 -0.9560936093 0.9416505694 0.2353829294 0.2406015694 0.2791142166 -0.9455682635 -0.1673198491
-28.4 32.6 2327.5 -0.8078532815 0.2247121483 -0.5448646545 0.5876084566 0.2353829294 -0.7741519213 -0.0457094908 -0.9455682635 -0.3221976459
183.0 173.5 2604.4 -0.0097008729 0.9970119596 -0.0766360164 -0.9990028143 -0.0063229534 0.0441977531 0.0435811207 0.0769883543 0.9960790277
180.7 -55.6 2614.4 0.0535172522 0.9970119596 -0.0557053834 -0.6621696949 -0.0063229534 -0.7493272424 -0.7474404573 0.0769883543 0.6598526835
-213.4 -26.5 2490.6 0.6207457781 -0.0193922948 -0.7837720513 0.0092423270 0.9998055696 -0.0174175501 0.7839574814 0.0035679925 0.6208043098
-205.6 -424.0 2489.2 0.6174969673 0.0647150874 -0.7839065194 -0.0743780732 0.9969481230 0.0237137359 0.7830487490 0.0436622947 0.6204258204
-105.1 -102.5 2617.8 0.3330551982 -0.1617251933 -0.9289344549 0.0656532496 0.9867675304 -0.1482548267 0.9406188726 -0.0116105219 0.3392658532
-40.8 -494.8 2622.4 0.3317723870 0.0292106718 -0.9429070950 -0.0239910707 0.9994584918 0.0225210711 0.9430543780 0.0151494825 0.3322935104
199.5 -133.1 2340.4 0 0 0 0 0 0 0 0 0
194.6 -227.5 2420.4 0 0 0 0 0 0 0 0 0
-227.0 -753.0 2474.8 0 0 0 0 0 0 0 0 0
-47.7 -730.6 2618.8 0 0 0 0 0 0 0 0 0
240.7 369.4 2475.9 6 0.5669820309 0.6850700378 -0.4573952556 -0.4103512466 0.7163722515 0.5642895103 0.7142431140 -0.1322493106 0.6872895360
103.1 225.6 2502.4 0.5669820309 0.6850700378 -0.4573952556 -0.4103512466 0.7163722515 0.5642895103 0.7142431140 -0.1322493106 0.6872895360
-28.9 79.1 2527.1 0.5769513249 0.6640210152 -0.4756082892 -0.3996089399 0.7373286486 0.5446642637 0.7123481631 -0.1241874546 0.6907514930
22.0 281.7 2402.3 0.2122622281 0.2305144519 -0.9496356249 0.9324587584 0.2429419607 0.2673945725 0.2923446596 -0.9422538280 -0.1633778065
-33.6 37.4 2325.7 -0.7849888802 0.2305144519 -0.5750265121 0.6186550260 0.2429419607 -0.7471580505 -0.0325326547 -0.9422538280 -0.3333156705
184.3 169.4 2602.6 -0.0158654340 0.9973165393 -0.0714701712 -0.9996837378 -0.0144269904 0.0205979589 0.0195115861 0.0717743635 0.9972300529
180.7 -59.9 2607.0 0.0456292965 0.9973165393 -0.0572508909 -0.6441817880 -0.0144269904 -0.7647363544 -0.7635101676 0.0717743635 0.6417948604
-213.2 -32.1 2491.3 0.6244187355 -0.0115569439 -0.7810042500 0.0037234020 0.9999232292 -0.0118195182 0.7810809016 0.0044723358 0.6244138479
-208.6 -429.6 2489.6 0.6220808029 0.0543204583 -0.7810664177 -0.0736360475 0.9972277284 0.0107062552 0.7794826627 0.0508544929 0.6243561506
-107.6 -101.4 2624.1 0.3356993198 -0.1681235880 -0.9268443584 0.0553720258 0.9857639670 -0.1587556899 0.9403403401 0.0019729270 0.3402296305
-40.8 -493.3 2623.3 0.3347086906 0.0258446224 -0.9419671893 -0.0274752323 0.9994664788 0.0176594630 0.9419209957 0.0199699923 0.3352402151
188.2 -137.4 2334.9 0 0 0 0 0 0 0 0 0
192.5 -227.2 2408.7 0 0 0 0 0 0 0 0 0
-226.2 -752.7 2473.1 0 0 0 0 0 0 0 0 0
-46.9 -730.3 2618.6 0 0 0 0 0 0 0 0 0
240.6 365.0 2477.3 7 0.5579456687 0.6959698200 -0.4520205855 -0.4192356765 0.7064512372 0.5702351332 0.7161969543 -0.1286570579 0.6859368086
100.8 223.1 2503.2 0.5579456687 0.6959698200 -0.4520205855 -0.4192356765 0.7064512372 0.5702351332 0.7161969543 -0.1286570579 0.6859368086
-33.3 78.5 2527.9 0.5702952743 0.6744589210 -0.4689013362 -0.4063116610 0.7277212143 0.5525692105 0.7139146328 -0.1246075258 0.6890564561
20.5 280.3 2402.7 0.2242449969 0.2117609084 -0.9512473345 0.9267797470 0.2554663718 0.2753474414 0.3013195395 -0.9433420897 -0.1389686763
-37.2 41.6 2325.1 -0.7758652568 0.2117609084 -0.5942982435 0.6308898926 0.2554663718 -0.7326082587 -0.0033145773 -0.9433420897 -0.3318053186
181.0 166.0 2603.6 -0.0297379214 0.9969269633 -0.0724725053 -0.9993303418 -0.0281063952 0.0234293249 0.0213203840 0.0731207058 0.9970951676
174.2 -63.3 2608.5 0.0376946405 0.9969269633 -0.0686711147 -0.6461347938 -0.0281063952 -0.7627056241 -0.7622919083 0.0731207058 0.6430897713
-213.8 -30.8 2486.5 0.6232674718 -0.0106548220 -0.7819361091 0.0072197472 0.9999429584 -0.0078706946 0.7819753885 -0.0007398334 0.6233088374
-209.6 -428.4 2486.8 0.6209964156 0.0539971739 -0.7819512486 -0.0642485768 0.9977737665 0.0178768560 0.7811757922 0.0391377918 0.6230831742
-108.0 -104.1 2617.1 0.3331823349 -0.1729312092 -0.9268680215 0.0641181841 0.9849163294 -0.1607129872 0.9406797290 -0.0058823708 0.3392447531
-39.3 -495.6 2619.4 0.3316237330 0.0331054442 -0.9428306818 -0.0120927878 0.9994511604 0.0308401268 0.9433342218 0.0011741336 0.3318420649
182.8 -137.3 2326.1 0 0 0 0 0 0 0 0 0
184.0 -231.2 2410.4 0 0 0 0 0 0 0 0 0
-227.2 -753.7 2474.0 0 0 0 0 0 0 0 0 0
-47.0 -729.0 2619.1 0 0 0 0 0 0 0 0 0
239.7 363.1 2478.0 8 0.5505231023 0.7011423111 -0.4531266689 -0.4198340774 0.7016782165 0.5756622553 0.7215702534 -0.1266773492 0.6806535125
98.9 222.2 2503.5 0.5505231023 0.7011423111 -0.4531266689 -0.4198340774 0.7016782165 0.5756622553 0.7215702534 -0.1266773492 0.6806535125
-35.9 78.1 2528.1 0.5646337867 0.6776754260 -0.4711101353 -0.4052346647 0.7248955369 0.5570559502 0.7190087438 -0.1236224174 0.6839180589
19.4 279.2 2402.3 0.2300797403 0.1869704723 -0.9550420642 0.9241142273 0.2656784952 0.2746413052 0.3050839305 -0.9457573891 -0.1116548330
-39.1 44.0 2324.7 -0.7698887587 0.1869704723 -0.6101748347 0.6376103759 0.2656784952 -0.7230960727 0.0269127116 -0.9457573891 -0.3237572014
178.3 165.2 2604.7 -0.0332094505 0.9963764548 -0.0783009753 -0.9991277456 -0.0311122425 0.0278537422 0.0253166948 0.0791576803 0.9965406060
170.7 -64.1 2610.5 0.0400449187 0.9963764548 -0.0750354230 -0.6494768858 -0.0311122425 -0.7597445846 -0.7593261600 0.0791576803 0.6458775997
-219.7 -28.8 2487.2 0.6184300184 -0.0268377010 -0.7853814960 0.0191534366 0.9996345639 -0.0190771408 0.7856064439 -0.0032448778 0.6187180281
-209.0 -426.3 2488.5 0.6157771945 0.0572228581 -0.7858396769 -0.0725051165 0.9972428679 0.0158023145 0.7845772505 0.0472466946 0.6182283163
-115.1 -103.4 2618.2 0.3285242617 -0.1818653494 -0.9268208146 0.0627952293 0.9833211303 -0.1706935018 0.9424057603 -0.0021229703 0.3344651163
-42.8 -494.3 2619.0 0.3279229105 0.0200119317 -0.9444925189 -0.0053861318 0.9997989535 0.0193137303 0.9446891546 -0.0012462535 0.3279647827
179.1 -136.7 2317.1 0 0 0 0 0 0 0 0 0
181.1 -232.9 2413.1 0 0 0 0 0 0 0 0 0
-227.8 -753.2 2473.0 0 0 0 0 0 0 0 0 0
-47.5 -728.8 2619.3 0 0 0 0 0 0 0 0 0
241.2 363.0 2477.9 9 0.5524409413 0.6979720592 -0.4556796849 -0.4121741354 0.7039001584 0.5784782171 0.7245146632 -0.1317556798 0.6765493155
101.1 221.8 2504.3 0.5524409413 0.6979720592 -0.4556796849 -0.4121741354 0.7039001584 0.5784782171 0.7245146632 -0.1317556798 0.6765493155
-32.8 77.1 2529.7 0.5663638115 0.6737428904 -0.4746603966 -0.3976418674 0.7278546691 0.5586667061 0.7218815088 -0.1276637763 0.6801389456
21.4 277.7 2402.8 0.2325812876 0.1900384873 -0.9538298249 0.9230302572 0.2659022510 0.2780487835 0.3064654469 -0.9450827241 -0.1135673895
-37.2 45.0 2325.5 -0.7565598488 0.1900384873 -0.6257016063 0.6531586051 0.2659022510 -0.7089991570 0.0316383392 -0.9450827241 -0.3252962530
180.8 165.8 2605.9 -0.0276548527 0.9964787960 -0.0791530162 -0.9991213083 -0.0250596460 0.0335950330 0.0314931907 0.0800125301 0.9962962270
174.5 -63.5 2613.2 0.0441988744 0.9964787960 -0.0712492168 -0.6539300084 -0.0250596460 -0.7561399341 -0.7552628517 0.0800125301 0.6505197883
-222.4 -28.8 2486.7 0.6182129979 -0.0323435999 -0.7853448987 0.0136380857 0.9994440079 -0.0304253288 0.7858923078 0.0080987317 0.6183103323
-209.5 -426.1 2483.5 0.6158412099 0.0549576879 -0.7859511971 -0.0596757047 0.9979522824 0.0230222866 0.7856070399 0.0327241197 0.6178597808
-118.8 -103.1 2618.6 0.3267452717 -0.1977467835 -0.9241935611 0.0743680820 0.9802137017 -0.1834406704 0.9421820045 -0.0087921303 0.3349862397
-40.2 -492.8 2622.1 0.3250882030 0.0328726694 -0.9451121688 -0.0241477750 0.9993583560 0.0264533870 0.9453753233 0.0142226713 0.3256734312
177.2 -140.1 2316.5 0 0 0 0 0 0 0 0 0
186.0 -233.5 2416.8 0 0 0 0 0 0 0 0 0
-227.5 -752.4 2472.8 0 0 0 0 0 0 0 0 0
-47.9 -728.4 2618.7 0 0 0 0 0 0 0 0 0
245.6 365.1 2486.3 0 0.5276387334 0.7023877501 -0.4777539074 -0.4233893156 0.7050282359 0.5689259171 0.7364366055 -0.0979114622 0.6693837047
106.0 225.0 2505.8 0.5276387334 0.7023877501 -0.4777539074 -0.4233893156 0.7050282359 0.5689259171 0.7364366055 -0.0979114622 0.6693837047
-28.7 80.2 2526.1 0.5456616282 0.6776449680 -0.4930017292 -0.4046712220 0.7282394767 0.5530899167 0.7338219285 -0.1022963151 0.6715957522
29.2 281.9 2402.6 0.2830912471 0.1987629533 -0.9382711053 0.9082043171 0.2588749826 0.3288595974 0.3082600236 -0.9452391267 -0.1072321236
-43.0 50.2 2323.9 -0.7661113739 0.1987629533 -0.6112009883 0.6425356269 0.2588749826 -0.7212015986 0.0148764821 -0.9452391267 -0.3260393441
182.8 168.0 2609.0 -0.0291877259 0.9938403368 -0.1069087088 -0.9993372560 -0.0266860910 0.0247563384 0.0217508730 0.1075604409 0.9939605594
176.1 -61.3 2614.0 0.0648067519 0.9938403368 -0.0898970515 -0.6473678350 -0.0266860910 -0.7617104053 -0.7594175339 0.1075604409 0.6416508555
-218.7 -31.1 2488.9 0.5961643457 -0.0200060084 -0.8026131392 0.0012778679 0.9997118711 -0.0239697360 0.8028613925 0.0132642686 0.5960181355
-210.8 -428.5 2483.6 0.5944626927 0.0472953096 -0.8027311563 -0.0537311770 0.9983740449 0.0190315694 0.8023260832 0.0318181328 0.5960373282
-114.8 -104.1 2621.3 0.3018146455 -0.1826103628 -0.9357143641 0.0581633374 0.9831829667 -0.1731135696 0.9515907764 -0.0021760615 0.3073602319
-42.2 -494.9 2622.2 0.3010553122 0.0215007663 -0.9533642530 -0.0201245677 0.9996663928 0.0161900185 0.9533942938 0.0143119534 0.3013875782
173.7 -131.6 2319.7 0 0 0 0 0 0 0 0 0
192.9 -229.6 2416.7 0 0 0 0 0 0 0 0 0
-226.1 -753.2 2473.3 0 0 0 0 0 0 0 0 0
-47.2 -728.8 2618.8 0 0 0 0 0 0 0 0 0
244.4 364.1 2482.6 1 0.5532110929 0.7054421902 -0.4430674911 -0.4583838284 0.7018878460 0.5451951623 0.6955873370 -0.0985130519 0.7116554379
104.1 224.5 2502.2 0.5532110929 0.7054421902 -0.4430674911 -0.4583838284 0.7018878460 0.5451951623 0.6955873370 -0.0985130519 0.7116554379
-31.0 80.1 2522.3 0.5720569491 0.6798138618 -0.4589160383 -0.4389527738 0.7263838053 0.5288544297 0.6928717494 -0.1010923982 0.7139390707
23.7 286.2 2404.8 0.2550085783 0.2088582516 -0.9441127181 0.9138209224 0.2671074569 0.3059166074 0.3160727620 -0.9407613277 -0.1227443442
-42.1 50.1 2323.2 -0.7634016871 0.2088582516 -0.6112251282 0.6457751393 0.2671074569 -0.7152818441 0.0138702719 -0.9407613277 -0.3387857378
184.5 162.8 2599.5 -0.0389040224 0.9971278906 -0.0649807602 -0.9990867972 -0.0399653129 -0.0151126897 -0.0176662616 0.0643334761 0.9977720976
175.5 -66.3 2595.4 0.0260893907 0.9971278906 -0.0711010993 -0.6161943674 -0.0399653129 -0.7865794897 -0.7871618867 0.0643334761 0.6133819222
-213.4 -27.4 2479.2 0.6289608479 -0.0055470625 -0.7774171829 0.0174977984 0.9998222589 0.0070224237 0.7772400379 -0.0180199184 0.6289460659
-211.2 -424.7 2486.3 0.6272404790 0.0466382392 -0.7774279714 -0.0626282692 0.9979932308 0.0093406197 0.7763034701 0.0428301543 0.6289026141
-113.3 -101.6 2613.8 0.3316826224 -0.1815696657 -0.9257532358 0.0742778406 0.9832836986 -0.1662406474 0.9404623508 -0.0136238160 0.3396247327
-41.1 -492.5 2619.2 0.3308373690 0.0237447508 -0.9433889985 -0.0031681294 0.9997057319 0.0240511894 0.9436824918 -0.0049682539 0.3308152258
174.8 -133.4 2319.3 0 0 0 0 0 0 0 0 0
182.3 -226.3 2391.1 0 0 0 0 0 0 0 0 0
-226.5 -752.4 2472.3 0 0 0 0 0 0 0 0 0
-46.7 -730.8 2620.4 0 0 0 0 0 0 0 0 0
245.2 363.7 2480.2 2 0.5425081849 0.7071577907 -0.4534454048 -0.4395011663 0.6989447474 0.5641940832 0.7159075141 -0.1067901254 0.6899799109
103.9 224.2 2501.5 0.5425081849 0.7071577907 -0.4534454048 -0.4395011663 0.6989447474 0.5641940832 0.7159075141 -0.1067901254 0.6899799109
-31.7 80.4 2522.9 0.5598359108 0.6819747090 -0.4706318080 -0.4217588007 0.7234306335 0.5465964079 0.7132343650 -0.1075111628 0.6926312447
25.2 283.4 2401.3 0.2652826309 0.2096186429 -0.9411084652 0.9125615358 0.2604747415 0.3152528107 0.3112178445 -0.9424505234 -0.1221904978
-42.7 49.7 2321.6 -0.7568720579 0.2096186429 -0.6190352440 0.6534481049 0.2604747415 -0.7107450366 0.0122576365 -0.9424505234 -0.3341209590
182.6 164.9 2601.7 -0.0391459391 0.9958704114 -0.0819130167 -0.9992127419 -0.0384845994 0.0096376082 0.0064454190 0.0822257996 0.9965928793
173.6 -64.3 2603.2 0.0391101465 0.9958704114 -0.0819301084 -0.6354953647 -0.0384845994 -0.7711449862 -0.7711134553 0.0822257996 0.6313658953
-218.5 -24.1 2478.9 0.6157659292 -0.0257636830 -0.7875078321 0.0276465788 0.9995563030 -0.0110836122 0.7874439359 -0.0149469860 0.6162049770
-208.3 -421.3 2484.9 0.6131764054 0.0564543419 -0.7879261374 -0.0676206946 0.9975330234 0.0188490450 0.7870464325 0.0417223237 0.6154811978
-113.8 -104.5 2605.8 0.3166301847 -0.1810719222 -0.9311059713 0.0922419503 0.9828361273 -0.1597642452 0.9440533519 -0.0353008434 0.3278979957
-41.8 -495.2 2619.9 0.3159115911 0.0232334323 -0.9485041499 -0.0101696327 0.9997256398 0.0211009663 0.9487341046 0.0029798986 0.3160611987
173.7 -137.1 2318.1 0 0 0 0 0 0 0 0 0
183.8 -229.3 2403.0 0 0 0 0 0 0 0 0 0
-227.1 -753.6 2471.0 0 0 0 0 0 0 0 0 0
-47.2 -730.4 2619.2 0 0 0 0 0 0 0 0 0
245.8 364.0 2479.0 3 0.5451634526 0.7095339298 -0.4464956820 -0.4463632405 0.6965024471 0.5618222356 0.7096172571 -0.1069856808 0.6964175701
103.7 224.4 2500.4 0.5451634526 0.7095339298 -0.4464956820 -0.4463632405 0.6965024471 0.5618222356 0.7096172571 -0.1069856808 0.6964175701
-32.7 81.3 2521.7 0.5614804029 0.6858531237 -0.4629743993 -0.4298014939 0.7198199034 0.5450962782 0.7071141601 -0.1070737764 0.6989454627
24.7 284.9 2401.0 0.2610293925 0.2118493468 -0.9417980313 0.9156215787 0.2547037005 0.3110677004 0.3057789207 -0.9435284138 -0.1274886876
-42.7 48.4 2322.0 -0.7545513511 0.2118493468 -0.6211055517 0.6561955810 0.2547037005 -0.7103050947 0.0077202036 -0.9435284138 -0.3312016129
182.6 164.0 2599.9 -0.0451098904 0.9961059690 -0.0757498741 -0.9989820123 -0.0449571088 0.0037218044 0.0003018162 0.0758406445 0.9971199036
172.3 -65.3 2599.9 0.0305775180 0.9961059690 -0.0826919600 -0.6306602955 -0.0449571088 -0.7747557163 -0.7754563689 0.0758406445 0.6268298030
-218.5 -24.8 2478.9 0.6206529140 -0.0222768951 -0.7837688923 0.0204481930 0.9997162223 -0.0122221522 0.7838187218 -0.0084409425 0.6209322810
-209.7 -422.2 2482.2 0.6183810830 0.0533628426 -0.7840645909 -0.0563692078 0.9981339574 0.0234746169 0.7838541865 0.0296808425 0.6202352047
-115.9 -102.1 2609.6 0.3215419054 -0.1852259040 -0.9286022782 0.0917454511 0.9821611643 -0.1641409695 0.9424402118 -0.0324168317 0.3327996135
-42.3 -492.5 2622.5 0.3210819364 0.0213771816 -0.9468101263 -0.0140768131 0.9997425079 0.0177985709 0.9469467998 0.0076132701 0.3213001788
173.4 -139.6 2319.8 0 0 0 0 0 0 0 0 0
180.2 -229.1 2398.5 0 0 0 0 0 0 0 0 0
-227.4 -754.1 2472.4 0 0 0 0 0 0 0 0 0
-47.4 -732.3 2620.6 0 0 0 0 0 0 0 0 0
246.0 363.2 2478.9 4 0.5492542982 0.7073544264 -0.4449376166 -0.4439772964 0.6980897784 0.5617426634 0.7079575658 -0.1109973565 0.6974781156
104.7 223.8 2501.1 0.5492542982 0.7073544264 -0.4449376166 -0.4439772964 0.6980897784 0.5617426634 0.7079575658 -0.1109973565 0.6974781156
-31.5 80.6 2523.2 0.5646904707 0.6850981712 -0.4601794779 -0.4282581508 0.7198868990 0.5462213755 0.7054924369 -0.1113703996 0.6999121308
25.3 284.0 2401.8 0.2636432350 0.2292615473 -0.9369799495 0.9138756394 0.2515339851 0.3186879158 0.3087451756 -0.9403030276 -0.1432013065
-42.7 48.4 2322.2 -0.7367846370 0.2292615473 -0.6360719800 0.6761264205 0.2515339851 -0.6925198436 0.0012255529 -0.9403030276 -0.3403361440
184.2 163.5 2600.3 -0.0445387699 0.9964517951 -0.0714147240 -0.9990049601 -0.0442582406 0.0055065257 0.0023262976 0.0715889186 0.9974315166
173.9 -65.8 2600.8 0.0275660884 0.9964517951 -0.0795227960 -0.6320443153 -0.0442582406 -0.7736673951 -0.7744417787 0.0715889186 0.6285817027
-220.5 -22.4 2478.2 0.6238406301 -0.0320450440 -0.7808943391 0.0284391567 0.9994280934 -0.0182934068 0.7810339928 -0.0107958075 0.6243951917
-207.8 -419.7 2482.4 0.6215271950 0.0537028573 -0.7815496922 -0.0604411326 0.9979611039 0.0205073990 0.7810574770 0.0344918445 0.6235058308
-117.5 -101.2 2607.8 0.3247634470 -0.1950233579 -0.9254699349 0.0977322534 0.9801914692 -0.1722588390 0.9407322407 -0.0345048904 0.3373904228
-40.0 -490.9 2621.5 0.3232581317 0.0317135490 -0.9457792640 -0.0168009698 0.9994730949 0.0277715847 0.9461616874 0.0069126179 0.3236206174
168.7 -145.7 2321.8 0 0 0 0 0 0 0 0 0
181.1 -230.0 2399.6 0 0 0 0 0 0 0 0 0
-225.7 -752.7 2470.9 0 0 0 0 0 0 0 0 0
-47.6 -730.6 2619.9 0 0 0 0 0 0 0 0 0
244.1 360.8 2479.8 5 0.5453888178 0.7088240981 -0.4473470449 -0.4454665482 0.6972167492 0.5616479516 0.7100074291 -0.1070383713 0.6960116625
102.6 221.6 2501.2 0.5453888178 0.7088240981 -0.4473470449 -0.4454665482 0.6972167492 0.5616479516 0.7100074291 -0.1070383713 0.6960116625
-33.5 78.2 2522.6 0.5623545051 0.6844981313 -0.4639178216 -0.4281975925 0.7210135460 0.5447809100 0.7073925734 -0.1077115163 0.6985656619
23.4 281.8 2401.7 0.2689014077 0.2243356109 -0.9366779327 0.9139391780 0.2475002110 0.3216502070 0.3039855957 -0.9425588250 -0.1384759545
-43.9 53.0 2325.5 -0.7099980116 0.2243356109 -0.6675150394 0.7040245533 0.2475002110 -0.6656523347 0.0158805829 -0.9425588250 -0.3336624503
181.7 161.3 2600.7 0.0326068103 0.9991756678 -0.0241811704 -0.9060279727 0.0397640876 0.4213456511 0.4219598770 0.0081700794 0.9065777063
189.6 -58.9 2703.3 0.0225626230 0.9991756678 0.0337470137 -0.3766699433 0.0397640876 -0.9254937172 -0.9260727167 0.0081700794 0.3772566319
-219.5 -23.2 2480.6 0.6209523678 -0.0255521033 -0.7834317088 0.0136567820 0.9996694922 -0.0217803884 0.7837293148 0.0028254271 0.6210960746
-209.3 -420.6 2479.5 0.6191453934 0.0484954417 -0.7837775350 -0.0475100949 0.9985762239 0.0242552739 0.7838378549 0.0222198032 0.6205678582
-115.9 -101.7 2610.0 0.3213545680 -0.1947332770 -0.9267201424 0.0937377885 0.9803626537 -0.1735002398 0.9423080683 -0.0311136004 0.3332978785
-38.5 -491.5 2622.4 0.3186192214 0.0418894812 -0.9469567537 -0.0304008890 0.9989606738 0.0339610390 0.9473951459 0.0179676861 0.3195615709
159.3 -148.6 2321.0 0 0 0 0 0 0 0 0 0
195.2 -152.2 2474.1 0 0 0 0 0 0 0 0 0
-225.6 -756.4 2472.0 0 0 0 0 0 0 0 0 0
-48.4 -727.5 2618.2 0 0 0 0 0 0 0 0 0
241.9 357.3 2479.8 6 0.5310942531 0.7069052458 -0.4671443701 -0.4178868234 0.6981353760 0.5813583732 0.7370953560 -0.1135426164 0.6661820412
101.3 218.4 2502.4 0.5310942531 0.7069052458 -0.4671443701 -0.4178868234 0.6981353760 0.5813583732 0.7370953560 -0.1135426164 0.6661820412
-34.2 74.6 2524.6 0.5466929674 0.6815939546 -0.4863707423 -0.4019194841 0.7231727839 0.5616777539 0.7345662117 -0.1115834191 0.6692993641
24.4 274.9 2399.1 0.2763105631 0.2319791019 -0.9326511621 0.9133072495 0.2387374490 0.3299610317 0.2992028296 -0.9429687858 -0.1459025145
-43.2 51.4 2325.9 -0.6945819855 0.2319791019 -0.6809857488 0.7193257213 0.2387374490 -0.6523610353 0.0112426737 -0.9429687858 -0.3326912522
178.2 161.8 2605.7 0.0505668633 0.9963415265 -0.0688948482 -0.7922559381 0.0820193291 0.6046514511 0.6080901027 0.0240070224 0.7935049534
191.5 -47.2 2766.1 0.0447326042 0.9963415265 0.0728182793 -0.2611574531 0.0820193291 -0.9618054032 -0.9642592072 0.0240070224 0.2638709843
-221.2 -25.8 2479.1 0.6006106734 -0.0433794893 -0.7983639836 0.0235287715 0.9990535975 -0.0365833193 0.7991953492 0.0031878080 0.6010628939
-204.0 -423.0 2477.9 0.5972123146 0.0674285367 -0.7992439270 -0.0524881966 0.9976096749 0.0449434258 0.8003639579 0.0151101071 0.5993239880
-118.0 -104.4 2608.9 0.3009172082 -0.2035511136 -0.9316736460 0.0991015509 0.9783404469 -0.1817384511 0.9484870434 -0.0376420692 0.3145717084
-37.1 -493.4 2623.9 0.2969526052 0.0497123338 -0.9535973072 -0.0330977961 0.9985796809 0.0417505912 0.9543184638 0.0191640239 0.2981762290
155.5 -154.4 2322.7 0 0 0 0 0 0 0 0 0
202.7 -112.7 2524.0 0 0 0 0 0 0 0 0 0
-226.4 -755.2 2472.8 0 0 0 0 0 0 0 0 0
-48.6 -724.8 2619.5 0 0 0 0 0 0 0 0 0
243.5 351.9 2478.8 7 0.5413862467 0.7060769200 -0.4564606249 -0.4252460301 0.6982982159 0.5757997632 0.7253046036 -0.1176220030 0.6783054471
103.3 213.3 2502.1 0.5413862467 0.7060769200 -0.4564606249 -0.4252460301 0.6982982159 0.5757997632 0.7253046036 -0.1176220030 0.6783054471
-31.6 69.1 2524.9 0.5579649806 0.6789220572 -0.4772210419 -0.4082061946 0.7252168655 0.5544620752 0.7225252390 -0.1145658270 0.6817858219
24.9 270.7 2400.5 0.2648230493 0.2451873869 -0.9326049089 0.9154930115 0.2398519963 0.3230224550 0.3028881848 -0.9393370748 -0.1609490216
-40.4 45.1 2325.8 -0.6976662278 0.2451873869 -0.6731604338 0.7164224982 0.2398519963 -0.6551411152 0.0008265415 -0.9393370748 -0.3429943919
181.8 155.9 2603.8 0.0907622799 0.9938089848 -0.0640771762 -0.7586115599 0.1106807962 0.6420734525 0.6451904774 -0.0096663637 0.7639605999
206.6 -51.3 2780.0 0.0086579220 0.9938089848 0.1107642427 -0.1638912410 0.1106807962 -0.9802497029 -0.9864404202 -0.0096663637 0.1638348550
-219.9 -32.3 2479.5 0.6122524738 -0.0395905934 -0.7896704674 0.0169459060 0.9991732240 -0.0369555242 0.7904807329 0.0092444299 0.6124171615
-204.1 -429.5 2475.8 0.6090250015 0.0690026209 -0.7901437879 -0.0490425788 0.9975783825 0.0493168086 0.7916333675 0.0087155178 0.6109342575
-119.6 -106.0 2614.1 0.3156309724 -0.1987712085 -0.9278292060 0.0858402178 0.9797850847 -0.1807005256 0.9449912906 -0.0226103812 0.3263130784
-40.6 -495.5 2623.1 0.3137271404 0.0346245132 -0.9488816857 -0.0264952686 0.9992650151 0.0277029052 0.9491434693 0.0164497215 0.3144139349
159.1 -159.8 2325.6 0 0 0 0 0 0 0 0 0
208.8 -92.7 2531.0 0 0 0 0 0 0 0 0 0
-226.5 -752.8 2473.0 0 0 0 0 0 0 0 0 0
-48.5 -723.9 2619.4 0 0 0 0 0 0 0 0 0
244.7 353.8 2478.3 8 0.5316689014 0.6993265152 -0.4777767658 -0.4049788713 0.7053562403 0.5817772150 0.7438550591 -0.1158233359 0.6582283974
105.1 213.0 2501.4 0.5316689014 0.6993265152 -0.4777767658 -0.4049788713 0.7053562403 0.5817772150 0.7438550591 -0.1158233359 0.6582283974
-29.1 68.1 2524.2 0.5461305976 0.6754640341 -0.4954691827 -0.3898962736 0.7284542322 0.5633252859 0.7414325476 -0.1144675836 0.6611920595
28.3 267.8 2397.1 0.2802596092 0.2327954024 -0.9312683940 0.9132871032 0.2340524495 0.3333559036 0.2955693603 -0.9439415932 -0.1470135897
-40.1 44.7 2324.9 -0.6886644959 0.2327954024 -0.6866931915 0.7250121236 0.2340524495 -0.6477475166 0.0099295694 -0.9439415932 -0.3299631178
181.9 158.1 2605.7 0.1118764132 0.9924954772 -0.0493598133 -0.9066715837 0.1222806200 0.4037253261 0.4067313075 -0.0004141996 0.9135477543
204.1 -21.8 2686.4 0.0683872402 0.9924954772 0.1013701484 -0.5578693748 0.1222806200 -0.8208709955 -0.8271063566 -0.0004141996 0.5620452762
-217.8 -37.6 2481.4 0.5967767835 -0.0344386138 -0.8016679287 0.0104448628 0.9993273020 -0.0351544507 0.8023393154 0.0126060480 0.5967350006
-204.1 -434.9 2476.4 0.5932524800 0.0745227486 -0.8015596271 -0.0526920110 0.9971653819 0.0537100919 0.8032901287 0.0103721395 0.5954976082
-115.4 -112.5 2613.9 0.3014680147 -0.1891676933 -0.9345226884 0.0762844607 0.9817648530 -0.1741219014 0.9504197836 -0.0187973771 0.3104012609
-40.2 -502.8 2621.4 0.2993574739 0.0361975953 -0.9534541368 -0.0223812200 0.9992715716 0.0309099741 0.9538785219 0.0120863365 0.2999495566
156.8 -162.6 2322.1 0 0 0 0 0 0 0 0 0
220.1 -151.9 2493.4 0 0 0 0 0 0 0 0 0
-227.8 -751.8 2473.1 0 0 0 0 0 0 0 0 0
-48.3 -726.2 2618.7 0 0 0 0 0 0 0 0 0
248.9 356.9 2478.0 9 0.5410469770 0.7083719969 -0.4532960653 -0.4192209840 0.6944320202 0.5848230124 0.7290555239 -0.1263854951 0.6726847291
107.1 217.8 2503.3 0.5410469770 0.7083719969 -0.4532960653 -0.4192209840 0.6944320202 0.5848230124 0.7290555239 -0.1263854951 0.6726847291
-29.1 75.1 2527.9 0.5553662181 0.6848020554 -0.4718203843 -0.4047017097 0.7182028890 0.5660399199 0.7264880538 -0.1234129146 0.6760061979
29.0 274.8 2401.2 0.2449075282 0.2453823388 -0.9379807115 0.9204160571 0.2452165782 0.3044717610 0.3047204316 -0.9378999472 -0.1657984555
-33.3 40.6 2323.6 -0.6788018346 0.2453823388 -0.6921095252 0.7341811061 0.2452165782 -0.6331247687 0.0143591026 -0.9378999472 -0.3466085494
185.2 160.9 2605.5 0.0981217921 0.9918767214 -0.0809483379 -0.9910911918 0.1047562808 0.0822459906 0.0900577381 0.0721570626 0.9933191538
204.6 -35.9 2623.4 0.1258486062 0.9918767214 0.0185107570 -0.7256044745 0.1047562808 -0.6800913811 -0.6765059233 0.0721570626 0.7328936458
