-117.9 448.5 2493.5 86 0.6299415231 0.4131888151 -0.6576083302 -0.0858754441 0.8785975575 0.4697783887 0.7718802094 -0.2394605130 0.5889478326
-201.0 271.9 2541.6 0.6299415231 0.4131888151 -0.6576083302 -0.0858754441 0.8785975575 0.4697783887 0.7718802094 -0.2394605130 0.5889478326
-277.1 97.0 2585.9 0.6323810220 0.3883074522 -0.6703070402 -0.0804815665 0.8935452104 0.4417009354 0.7704654336 -0.2253759354 0.5963126421
-290.8 283.4 2432.2 -0.0578508899 0.2429832965 -0.9683038592 0.9982566833 0.0254472475 -0.0532547496 0.0117006525 -0.9696966410 -0.2440318465
-276.0 27.5 2429.2 -0.6233303547 0.2429832965 -0.7432485223 0.7700438499 0.0254472475 -0.6374832392 -0.1359841526 -0.9696966410 -0.2029698342
-111.2 260.4 2651.1 0.1685795337 0.9835203886 -0.0653342307 -0.8444038630 0.1782921106 0.5051673055 0.5084909201 -0.0299923923 0.8605448604
-81.7 112.8 2740.0 0.1366967708 0.9835203886 0.1183284074 -0.8418865800 0.1782921106 -0.5093514919 -0.5220546126 -0.0299923923 0.8523845673
-402.4 -80.2 2556.9 -0.1090432703 -0.0961613804 -0.9893748164 -0.1052840501 0.9908286333 -0.0846988708 0.9884456396 0.0949295461 -0.1181674525
-364.8 -468.2 2519.8 -0.1373228282 0.2098518759 -0.9680416584 -0.2292418927 0.9440339208 0.2371668965 0.9636340737 0.2544841170 -0.0815305710
-296.5 -86.3 2703.2 -0.3617647290 -0.3358103037 -0.8696882725 -0.0997684821 0.9414603710 -0.3220227063 0.9269155860 -0.0297289714 -0.3740904331
-166.0 -452.2 2714.7 -0.3617647290 0.4181278646 -0.8332439065 -0.0997684821 0.8712834716 0.4805323184 0.9269155860 0.2569711208 -0.2734836340
-116.4 -169.7 2464.0 0 0 0 0 0 0 0 0 0
-47.7 -97.0 2609.8 0 0 0 0 0 0 0 0 0
-432.3 -772.0 2437.9 0 0 0 0 0 0 0 0 0
-322.1 -777.6 2618.8 0 0 0 0 0 0 0 0 0
-121.5 443.0 2485.9 87 0.6046828032 0.4116242528 -0.6818534732 -0.0299443379 0.8672422171 0.4969851971 0.7959032655 -0.2801007628 0.5367322564
-204.0 269.1 2542.1 0.6046828032 0.4116242528 -0.6818534732 -0.0299443379 0.8672422171 0.4969851971 0.7959032655 -0.2801007628 0.5367322564
-280.9 97.0 2594.5 0.6057766676 0.3915949464 -0.6925951242 -0.0275644530 0.8803005815 0.4736149013 0.7951571345 -0.2678138614 0.5440596938
-290.1 272.9 2429.2 -0.0442429334 0.2199326903 -0.9745112658 0.9990176558 0.0121917650 -0.0426040255 0.0025109947 -0.9754388332 -0.2202560306
-279.7 38.8 2428.6 -0.6030462384 0.2199326903 -0.7667886615 0.7876724601 0.0121917650 -0.6159735918 -0.1261242181 -0.9754388332 -0.1805871278
-117.9 265.2 2654.9 0.1524021626 0.9860352874 -0.0671420097 -0.9344875813 0.1658831984 0.3149852753 0.3217243254 0.0147389323 0.9467186332
-87.2 76.7 2719.8 0.1515568048 0.9860352874 0.0690290332 -0.8571365476 0.1658831984 -0.4876471162 -0.4922879934 0.0147389323 0.8703075647
-410.1 -70.7 2560.7 -0.1340959668 -0.1235094070 -0.9832414389 -0.1178417057 0.9871497750 -0.1079289168 0.9839367867 0.1013940126 -0.1469273567
-361.7 -457.1 2521.0 -0.1572776735 0.2121692002 -0.9644936323 -0.2184190303 0.9449883699 0.2434955090 0.9630975127 0.2489601672 -0.1022837833
-296.1 -85.2 2699.6 -0.1988985240 -0.2858372927 -0.9374094009 -0.0869249403 0.9578961134 -0.2736404836 0.9761574864 0.0270575732 -0.2153705060
-184.9 -457.9 2689.0 -0.1988985240 0.3713243008 -0.9069496393 -0.0869249403 0.9151080251 0.3937275708 0.9761574864 0.1571483761 -0.1497362852
-125.4 -162.8 2460.9 0 0 0 0 0 0 0 0 0
-48.9 -139.7 2595.5 0 0 0 0 0 0 0 0 0
-432.3 -771.5 2438.2 0 0 0 0 0 0 0 0 0
-323.2 -798.7 2630.5 0 0 0 0 0 0 0 0 0
-126.1 438.2 2490.1 88 0.5738379955 0.4000350833 -0.7146201134 -0.0050198422 0.8742868900 0.4853835702 0.8189534545 -0.2749442458 0.5037071109
-206.1 263.5 2545.0 0.5738379955 0.4000350833 -0.7146201134 -0.0050198422 0.8742868900 0.4853835702 0.8189534545 -0.2749442458 0.5037071109
-281.1 90.4 2597.1 0.5747741461 0.3826173246 -0.7233523726 -0.0029155700 0.8849084973 0.4657557607 0.8183069229 -0.2655953765 0.5097380877
-287.8 263.9 2428.8 -0.0383833461 0.2115138173 -0.9766210318 0.9991880655 -0.0038528680 -0.0401047207 -0.0122454949 -0.9773674011 -0.2111941874
-278.8 31.1 2431.6 -0.6233894825 0.2115138173 -0.7527599335 0.7696475387 -0.0038528680 -0.6384573579 -0.1379428357 -0.9773674011 -0.1603892446
-124.4 263.1 2661.3 0.1628364325 0.9859837890 -0.0363359824 -0.9511411190 0.1666605771 0.2599130273 0.2623257935 -0.0077626631 0.9649481177
-90.4 64.8 2716.0 0.1464786530 0.9859837890 0.0798749775 -0.8869839311 0.1666605771 -0.4306782186 -0.4379537404 -0.0077626631 0.8989639878
-412.3 -72.7 2575.3 -0.1620706469 -0.1236240268 -0.9790046811 -0.1625452042 0.9819134474 -0.0970825627 0.9732996225 0.1433982849 -0.1792338341
-364.0 -456.9 2519.2 -0.1721643507 0.2095112801 -0.9625302553 -0.2075537890 0.9474695325 0.2433574647 0.9629542232 0.2416742742 -0.1196356192
-303.1 -77.6 2718.5 -0.1962379962 -0.3529593349 -0.9148280621 -0.1231566370 0.9344522953 -0.3341127038 0.9727913737 0.0471015386 -0.2268443257
-165.7 -441.4 2700.1 -0.1962379962 0.4103191495 -0.8905777931 -0.1231566370 0.8907313347 0.4375272989 0.9727913737 0.1955400407 -0.1242617965
-119.3 -165.9 2466.9 0 0 0 0 0 0 0 0 0
-53.2 -160.4 2604.8 0 0 0 0 0 0 0 0 0
-433.7 -772.4 2438.7 0 0 0 0 0 0 0 0 0
-319.1 -774.4 2627.0 0 0 0 0 0 0 0 0 0
-127.2 437.0 2492.2 89 0.5632876754 0.3975460827 -0.7243369818 0.0045968019 0.8751231432 0.4838784635 0.8262480497 -0.2758924067 0.4911186397
-206.6 262.3 2547.3 0.5632876754 0.3975460827 -0.7243369818 0.0045968019 0.8751231432 0.4838784635 0.8262480497 -0.2758924067 0.4911186397
-282.1 89.5 2600.0 0.5638074875 0.3852524161 -0.7305489182 0.0057639736 0.8826851845 0.4699293673 0.8258861303 -0.2691605389 0.4954439104
-286.9 261.5 2429.7 -0.0465229936 0.1962494552 -0.9794497490 0.9988857508 0.0013569680 -0.0471742935 -0.0079288473 -0.9805530906 -0.1960939169
-275.7 22.2 2431.6 -0.6422529221 0.1962494552 -0.7409435511 0.7558147907 0.0013569680 -0.6547840238 -0.1274955720 -0.9805530906 -0.1491997540
-126.4 263.1 2664.8 0.1456879079 0.9827873707 -0.1135960892 -0.9606840014 0.1679644287 0.2210751176 0.2363499403 0.0769219697 0.9686184525
-94.8 55.1 2716.0 0.1847340912 0.9827873707 -0.0015339546 -0.8969682455 0.1679644287 -0.4089448750 -0.4016481936 0.0769219697 0.9125577807
-407.9 -82.5 2575.4 -0.1726910919 -0.1039968058 -0.9794704914 -0.1718396842 0.9823412895 -0.0740044490 0.9698705673 0.1555319875 -0.1875123680
-367.2 -467.0 2514.5 -0.1786099374 0.2066805363 -0.9619675875 -0.1987948567 0.9499451518 0.2410080284 0.9636281133 0.2342806309 -0.1285826117
-304.2 -83.1 2722.9 -0.2512422502 -0.3377632797 -0.9070795178 -0.1362373531 0.9401497245 -0.3123424947 0.9582884312 0.0451044850 -0.2822213173
-172.3 -450.2 2705.2 -0.2512422502 0.4008698463 -0.8810111880 -0.1362373531 0.8864998221 0.4422187507 0.9582884312 0.2311306596 -0.1681127697
-111.3 -171.2 2464.3 0 0 0 0 0 0 0 0 0
-47.8 -173.3 2613.7 0 0 0 0 0 0 0 0 0
-433.8 -773.2 2439.0 0 0 0 0 0 0 0 0 0
-322.7 -782.6 2618.6 0 0 0 0 0 0 0 0 0
-126.1 437.5 2492.7 90 0.5668271780 0.4060532749 -0.7168177366 -0.0009675335 0.8704243898 0.4923011959 0.8238361478 -0.2783561647 0.4937730432
-207.4 263.1 2548.5 0.5668271780 0.4060532749 -0.7168177366 -0.0009675335 0.8704243898 0.4923011959 0.8238361478 -0.2783561647 0.4937730432
-284.4 91.1 2601.7 0.5674946308 0.3930297494 -0.7235174179 0.0004933664 0.8785569072 0.4776374102 0.8233769536 -0.2714136243 0.4983824193
-288.3 263.0 2431.3 -0.0411620587 0.1953235716 -0.9798746705 0.9991478324 0.0110348659 -0.0397720374 0.0030443696 -0.9806767702 -0.1956113428
-278.1 17.5 2430.5 -0.6785802245 0.1953235716 -0.7080802321 0.7234613895 0.0110348659 -0.6902766228 -0.1270137280 -0.9806767702 -0.1487971097
-126.6 263.2 2665.8 0.1369376183 0.9813423157 -0.1349644065 -0.9691370726 0.1609193087 0.1867574155 0.2049913406 0.1052248925 0.9730910659
-95.6 43.5 2712.2 0.1889345795 0.9813423157 -0.0356514528 -0.9085701704 0.1609193087 -0.3854934871 -0.3725640476 0.1052248925 0.9220215678
-408.5 -83.8 2578.2 -0.1692335308 -0.1088755950 -0.9795438051 -0.1782177091 0.9808761477 -0.0782334208 0.9693288803 0.1613323390 -0.1854006946
-365.9 -467.9 2515.0 -0.1740083843 0.2134054154 -0.9613423944 -0.1992966533 0.9484018087 0.2466066033 0.9643660784 0.2345039397 -0.1224988922
-306.7 -82.8 2727.2 -0.0861050114 -0.3332378566 -0.9389027953 -0.1360542923 0.9375070333 -0.3202652037 0.9869524837 0.1001653150 -0.1260624975
-176.6 -448.9 2688.1 -0.0861050114 0.3912465274 -0.9162489176 -0.1360542923 0.9064310193 0.3998399675 0.9869524837 0.1590878218 -0.0248174872
-104.9 -167.3 2462.9 0 0 0 0 0 0 0 0 0
-47.4 -188.4 2617.1 0 0 0 0 0 0 0 0 0
-434.9 -774.6 2439.2 0 0 0 0 0 0 0 0 0
-323.2 -788.6 2628.5 0 0 0 0 0 0 0 0 0
-118.8 435.9 2485.0 91 0.5279647708 0.4255200326 -0.7349734306 0.0287384260 0.8559744358 0.5162188411 0.8487799168 -0.2936673462 0.4396955669
-204.2 264.1 2543.9 0.5279647708 0.4255200326 -0.7349734306 0.0287384260 0.8559744358 0.5162188411 0.8487799168 -0.2936673462 0.4396955669
-283.8 94.0 2599.4 0.5285302997 0.4059543312 -0.7455580831 0.0299114976 0.8687979579 0.4942625463 0.8483873010 -0.2835334837 0.4470433295
-279.4 259.8 2423.3 -0.0044507231 0.1252815574 -0.9921112657 0.9990949035 -0.0414129160 -0.0097115813 -0.0423028991 -0.9912565351 -0.1249838471
-278.4 21.0 2433.4 -0.6635197997 0.1252815574 -0.7375947833 0.7393068671 -0.0414129160 -0.6720939875 -0.1147469282 -0.9912565351 -0.0651432276
-129.0 268.4 2664.6 0.1366450638 0.9787572026 -0.1528476775 -0.9702039361 0.1633900702 0.1789076775 0.2000809759 0.1238465682 0.9719206095
-96.6 38.3 2712.1 0.1971296966 0.9787572026 -0.0563397817 -0.9159739614 0.1633900702 -0.3664633036 -0.3494732380 0.1238465682 0.9287251830
-412.7 -81.0 2580.5 -0.2079291940 -0.1214615330 -0.9705733061 -0.1972824037 0.9770762324 -0.0800108537 0.9580423236 0.1748404354 -0.2271248847
-365.1 -463.6 2512.0 -0.2036562115 0.2147753984 -0.9551940560 -0.1782120019 0.9512092471 0.2518758774 0.9626861215 0.2215231359 -0.1554441154
-310.2 -80.9 2729.2 -0.1465437859 -0.3080825508 -0.9400053620 -0.1476635337 0.9464301467 -0.2871679962 0.9781208634 0.0967218280 -0.1841860116
-189.7 -451.0 2691.4 -0.1465437859 0.3577267230 -0.9222562313 -0.1476635337 0.9139645696 0.3779738545 0.9781208634 0.1915733367 -0.0811126307
-108.7 -168.0 2462.7 0 0 0 0 0 0 0 0 0
-46.2 -195.9 2622.7 0 0 0 0 0 0 0 0 0
-435.2 -774.1 2439.7 0 0 0 0 0 0 0 0 0
-324.0 -794.0 2619.5 0 0 0 0 0 0 0 0 0
-112.9 437.2 2480.6 92 0.5662323236 0.4313700497 -0.7023537755 0.0047111623 0.8504092693 0.5261005759 0.8242322206 -0.3012040854 0.4794969857
-199.8 265.9 2541.3 0.5662323236 0.4313700497 -0.7023537755 0.0047111623 0.8504092693 0.5261005759 0.8242322206 -0.3012040854 0.4794969857
-280.8 97.0 2598.4 0.5670626760 0.4139282703 -0.7121118307 0.0063936091 0.8623167276 0.5063289404 0.8236498237 -0.2916732430 0.4863411486
-280.4 265.0 2424.2 -0.0183000453 0.1249350309 -0.9919961691 0.9985319972 -0.0483051054 -0.0245043095 -0.0509799235 -0.9909883142 -0.1238676384
-275.9 17.3 2436.8 -0.6612270474 0.1249350309 -0.7397094369 0.7406129241 -0.0483051054 -0.6701933146 -0.1194623634 -0.9909883142 -0.0605878569
-119.1 266.8 2658.4 0.0761534721 0.9666240215 -0.2446193695 -0.9558995962 0.1405666620 0.2578701675 0.2836488187 0.2141938508 0.9347001314
-101.6 47.3 2723.6 0.2150170505 0.9666240215 -0.1393041909 -0.8996858001 0.1405666620 -0.4132874608 -0.3799120486 0.2141938508 0.8998821378
-411.1 -78.8 2578.3 -0.1696103662 -0.1197021678 -0.9782145619 -0.1989690065 0.9763151407 -0.0849709660 0.9652168751 0.1802224219 -0.1894101948
-364.2 -461.2 2507.7 -0.1646610051 0.2172315866 -0.9621315598 -0.1771101505 0.9530804157 0.2454989552 0.9703189135 0.2108273804 -0.1184612662
-315.7 -73.4 2731.4 -0.1973543763 -0.3214302063 -0.9261392355 -0.1548468024 0.9430812001 -0.2943132818 0.9680256844 0.0853256807 -0.2358936369
-189.9 -442.4 2698.0 -0.1973543763 0.3475810587 -0.9166453481 -0.1548468024 0.9122450352 0.3792511523 0.9680256844 0.2167864740 -0.1262137294
-106.7 -172.2 2467.4 0 0 0 0 0 0 0 0 0
-46.7 -182.7 2626.4 0 0 0 0 0 0 0 0 0
-435.6 -774.5 2438.4 0 0 0 0 0 0 0 0 0
-320.5 -785.2 2616.5 0 0 0 0 0 0 0 0 0
-115.9 438.6 2479.0 93 0.5679849982 0.4017735124 -0.7183113098 0.0205803253 0.8655489087 0.5004013777 0.8227815628 -0.2990035415 0.4833501577
-196.8 264.3 2539.2 0.5679849982 0.4017735124 -0.7183113098 0.0205803253 0.8655489087 0.5004013777 0.8227815628 -0.2990035415 0.4833501577
-273.1 93.3 2596.2 0.5680862069 0.3898665011 -0.7247635126 0.0208027065 0.8735851049 0.4862265885 0.8227061033 -0.2912956774 0.4881613851
-277.7 261.4 2422.0 -0.0067771892 0.1314923465 -0.9912940264 0.9985064864 -0.0528523140 -0.0138372080 -0.0542116687 -0.9899072647 -0.1309377700
-276.0 20.6 2435.1 -0.6435838938 0.1314923465 -0.7539957166 0.7549667358 -0.0528523140 -0.6536297798 -0.1257977337 -0.9899072647 -0.0652574450
-116.0 267.3 2656.3 0.0535149239 0.9471709132 -0.3162331283 -0.9501190782 0.1457431912 0.2757401168 0.3072618544 0.2857029438 0.9077246189
-103.7 49.7 2726.6 0.2494610846 0.9471709132 -0.2015847415 -0.8946471810 0.1457431912 -0.4223332405 -0.3706421852 0.2857029438 0.8837410212
-413.0 -72.4 2581.3 -0.1642766595 -0.1186423898 -0.9792533517 -0.1915341318 0.9776826501 -0.0863208845 0.9676403403 0.1733799428 -0.1833344996
-366.5 -455.4 2513.4 -0.1639749259 0.2066982090 -0.9645662904 -0.1901425868 0.9528425336 0.2365098745 0.9679659009 0.2221868187 -0.1169401482
-310.7 -71.3 2729.8 -0.2324422896 -0.3386973739 -0.9117316604 -0.1564763784 0.9382185936 -0.3086439073 0.9599404931 0.0709225759 -0.2710798085
-178.1 -438.5 2702.1 -0.2324422896 0.3785485327 -0.8959193826 -0.1564763784 0.8945953250 0.4185861647 0.9599404931 0.2374873608 -0.1487078816
-111.3 -172.6 2467.3 0 0 0 0 0 0 0 0 0
-39.9 -179.1 2631.9 0 0 0 0 0 0 0 0 0
-435.6 -773.6 2439.2 0 0 0 0 0 0 0 0 0
-320.5 -774.8 2612.8 0 0 0 0 0 0 0 0 0
-117.8 439.7 2478.1 94 0.6049758792 0.3991862237 -0.6889517903 -0.0046452954 0.8670070171 0.4982742667 0.7962302566 -0.2982435226 0.5263726711
-198.0 265.4 2538.1 0.6049758792 0.3991862237 -0.6889517903 -0.0046452954 0.8670070171 0.4982742667 0.7962302566 -0.2982435226 0.5263726711
-274.7 94.6 2595.5 0.6051883101 0.3916257024 -0.6930919290 -0.0041780998 0.8721789718 0.4891690910 0.7960714102 -0.2931436002 0.5294687748
-284.1 266.0 2424.8 -0.0383837484 0.1482462138 -0.9882053137 0.9984690547 -0.0337261893 -0.0438418649 -0.0398277901 -0.9883752465 -0.1467247307
-274.5 17.4 2434.7 -0.6423583627 0.1482462138 -0.7519300580 0.7566052675 -0.0337261893 -0.6530015469 -0.1221647486 -0.9883752465 -0.0904995725
-112.0 264.8 2651.3 0.0538445003 0.9484183788 -0.3124154210 -0.9306581616 0.1610580832 0.3285357058 0.3619063199 0.2730621099 0.8913253546
-99.8 54.8 2733.0 0.2557635307 0.9484183788 -0.1873169690 -0.8976597190 0.1610580832 -0.4102040231 -0.3588761091 0.2730621099 0.8925496936
-400.7 -79.6 2579.0 -0.1249679103 -0.0823546797 -0.9887369275 -0.1901390702 0.9800660014 -0.0576004907 0.9737710953 0.1807993203 -0.1381356418
-368.5 -463.2 2508.2 -0.1249204352 0.2066204697 -0.9704137444 -0.1899196208 0.9550093412 0.2277887464 0.9738200307 0.2127560824 -0.0800589025
-298.2 -75.8 2727.5 -0.2802512348 -0.2866330147 -0.9161335826 -0.1472212821 0.9559218884 -0.2540457249 0.9485700727 0.0636777356 -0.3100967705
-186.1 -449.6 2702.7 -0.2802512348 0.3722125888 -0.8848260045 -0.1472212821 0.8941929340 0.4227823317 0.9485700727 0.2487504929 -0.1958010495
-110.1 -176.3 2466.0 0 0 0 0 0 0 0 0 0
-34.3 -174.9 2641.1 0 0 0 0 0 0 0 0 0
-435.8 -774.2 2438.9 0 0 0 0 0 0 0 0 0
-326.2 -786.0 2609.1 0 0 0 0 0 0 0 0 0
-118.0 440.4 2488.2 95 0.6172205210 0.3986002803 -0.6783484817 -0.0424644612 0.8777919412 0.4771562219 0.7856433988 -0.2657049298 0.5587175488
-198.2 263.7 2541.7 0.6172205210 0.3986002803 -0.6783484817 -0.0424644612 0.8777919412 0.4771562219 0.7856433988 -0.2657049298 0.5587175488
-273.5 90.3 2592.4 0.6189007759 0.3844036460 -0.6849786043 -0.0386797413 0.8859203458 0.4622218609 0.7845162153 -0.2595746517 0.5631654263
-286.3 269.2 2430.1 -0.0421977602 0.2041733861 -0.9780248404 0.9990757704 0.0006062263 -0.0429794639 -0.0081823580 -0.9789345264 -0.2040102631
-275.9 22.1 2432.1 -0.6314630508 0.2041733861 -0.7480425239 0.7642207146 0.0006062263 -0.6449545026 -0.1312290579 -0.9789345264 -0.1564163417
-110.1 258.2 2653.3 0.0417853855 0.9426493049 -0.3311589360 -0.9189324379 0.1663652658 0.3576112390 0.3921953440 0.2893697619 0.8731826544
-101.1 59.3 2738.2 0.2649247646 0.9426493049 -0.2030446827 -0.9002740979 0.1663652658 -0.4022799134 -0.3454293013 0.2893697619 0.8927170634
-406.0 -75.8 2581.1 -0.1121305749 -0.1011572257 -0.9885312319 -0.1867679507 0.9792209864 -0.0790191293 0.9759838581 0.1757654846 -0.1286935359
-366.4 -459.2 2512.3 -0.1154530197 0.2116350532 -0.9705056548 -0.2016697675 0.9516962767 0.2315243334 0.9726252556 0.2224518359 -0.0671958178
-296.8 -76.5 2724.7 -0.2408551574 -0.2518216670 -0.9373231530 -0.1419342011 0.9645101428 -0.2226542234 0.9601268172 0.0794107839 -0.2680493295
-198.3 -453.7 2693.7 -0.2408551574 0.3434266150 -0.9077703357 -0.1419342011 0.9127861857 0.3829830587 0.9601268172 0.2210870981 -0.1711052805
-114.2 -173.6 2465.7 0 0 0 0 0 0 0 0 0
-33.2 -171.2 2649.7 0 0 0 0 0 0 0 0 0
-436.4 -773.9 2438.7 0 0 0 0 0 0 0 0 0
-327.5 -797.0 2610.5 0 0 0 0 0 0 0 0 0
-124.8 442.5 2491.2 96 0.6073528528 0.3850889504 -0.6948589683 -0.0383399427 0.8878502250 0.4585325122 0.7935065031 -0.2518501878 0.5540026426
-202.7 262.9 2542.2 0.6073528528 0.3850889504 -0.6948589683 -0.0383399427 0.8878502250 0.4585325122 0.7935065031 -0.2518501878 0.5540026426
-276.0 88.0 2590.8 0.6087536216 0.3744464815 -0.6994346976 -0.0350548364 0.8934456110 0.4478013813 0.7925844789 -0.2480821311 0.5570144057
-289.4 267.9 2429.3 -0.0514604859 0.2069288790 -0.9770016670 0.9986253977 0.0009062411 -0.0524075031 -0.0099592274 -0.9783555865 -0.2066910565
-276.9 25.2 2431.8 -0.6316189766 0.2069288790 -0.7471532226 0.7638058066 0.0009062411 -0.6454454660 -0.1328842044 -0.9783555865 -0.1586258709
-116.0 257.9 2655.0 0.0883653462 0.9544141889 -0.2851054966 -0.9189889431 0.1885298640 0.3462886512 0.3842536807 0.2314088941 0.8937555552
-96.6 56.9 2739.1 0.2672367394 0.9544141889 -0.1329590380 -0.8850615025 0.1885298640 -0.4255850911 -0.3811176717 0.2314088941 0.8950973153
-404.8 -79.5 2572.5 -0.1243271604 -0.0918209031 -0.9879836440 -0.1782516092 0.9815771580 -0.0687944442 0.9760989547 0.1675566584 -0.1384039223
-368.8 -463.9 2506.8 -0.1257542670 0.2085244060 -0.9698987007 -0.1847826689 0.9556276798 0.2294145972 0.9747005701 0.2080703378 -0.0816425681
-293.0 -86.5 2714.0 -0.1384632587 -0.2592658103 -0.9558290243 -0.1188947484 0.9624971151 -0.2438511699 0.9832049608 0.0798786283 -0.1640958190
-191.5 -463.2 2682.7 -0.1384632587 0.3728022873 -0.9175218940 -0.1188947484 0.9134882092 0.3891057670 0.9832049608 0.1629653871 -0.0821603239
-115.1 -170.4 2465.8 0 0 0 0 0 0 0 0 0
-28.3 -169.5 2641.5 0 0 0 0 0 0 0 0 0
-436.4 -773.7 2439.4 0 0 0 0 0 0 0 0 0
-331.5 -806.3 2621.5 0 0 0 0 0 0 0 0 0
-117.6 448.2 2484.8 97 0.6037195325 0.3909869492 -0.6947315335 -0.0255822521 0.8805209994 0.4733162522 0.7967861891 -0.2679774761 0.5415900946
-196.9 269.4 2539.2 0.6037195325 0.3909869492 -0.6947315335 -0.0255822521 0.8805209994 0.4733162522 0.7967861891 -0.2679774761 0.5415900946
-270.2 95.1 2590.2 0.6055070162 0.3738611042 -0.7025589943 -0.0214441828 0.8901333213 0.4551953971 0.7955510020 -0.2605582178 0.5469990969
-283.2 272.5 2425.9 -0.0274852775 0.1977470964 -0.9798676968 0.9995213151 -0.0084906276 -0.0297500547 -0.0142026776 -0.9802163243 -0.1974190623
-276.4 24.5 2429.4 -0.6354160905 0.1977470964 -0.7464197874 0.7603173256 -0.0084906276 -0.6494963169 -0.1347735822 -0.9802163243 -0.1449554563
-110.7 266.4 2652.5 0.0512313806 0.9308208227 -0.3618672490 -0.8922140598 0.2054554075 0.4021718204 0.4486975074 0.3022592366 0.8410171866
-99.4 69.8 2751.3 0.3281384408 0.9308208227 -0.1609277129 -0.8339720964 0.2054554075 -0.5121313930 -0.4436391294 0.3022592366 0.8436964750
-404.3 -83.7 2567.7 -0.1284418404 -0.0832787678 -0.9882141948 -0.1590110511 0.9853050113 -0.0623663478 0.9788861871 0.1491265297 -0.1397966295
-371.7 -469.6 2509.4 -0.1355773211 0.2005134821 -0.9702644944 -0.1927247643 0.9552629590 0.2243431658 0.9718415141 0.2174098343 -0.0908680782
-294.3 -90.1 2710.9 -0.0856356248 -0.2679507136 -0.9596191645 -0.1141459048 0.9594540000 -0.2577183247 0.9897662401 0.0874667317 -0.1127489209
-189.4 -465.7 2676.6 -0.0856356248 0.3726467490 -0.9240134954 -0.1141459048 0.9176442623 0.3806568980 0.9897662401 0.1380701512 -0.0360469371
-113.7 -170.2 2463.9 0 0 0 0 0 0 0 0 0
-16.9 -139.8 2639.9 0 0 0 0 0 0 0 0 0
-435.8 -774.8 2439.9 0 0 0 0 0 0 0 0 0
-329.5 -810.8 2624.7 0 0 0 0 0 0 0 0 0
-125.8 447.7 2491.0 98 0.5620051026 0.3678139448 -0.7408530116 0.0024381776 0.8949464560 0.4461668730 0.8271301985 -0.2525543869 0.5020676851
-200.2 266.7 2542.1 0.5620051026 0.3678139448 -0.7408530116 0.0024381776 0.8949464560 0.4461668730 0.8271301985 -0.2525543869 0.5020676851
-270.8 90.6 2590.2 0.5612524748 0.3609494865 -0.7447893023 0.0005847769 0.8997170329 0.4364732504 0.8276444674 -0.2454072386 0.5047573447
-280.0 266.7 2424.3 -0.0104729915 0.1932281554 -0.9810979366 0.9998045564 -0.0144284787 -0.0135143828 -0.0167671107 -0.9810477495 -0.1930392832
-277.5 28.6 2428.3 -0.6296023130 0.1932281554 -0.7525050640 0.7650529146 -0.0144284787 -0.6438057423 -0.1352588981 -0.9810477495 -0.1387455612
-120.4 266.7 2659.8 0.0937947482 0.9378682375 -0.3340744376 -0.8741709590 0.2381714582 0.4232015312 0.4764742553 0.2523440719 0.8421964049
-100.6 82.4 2760.3 0.3342387974 0.9378682375 -0.0932073146 -0.8154302239 0.2381714582 -0.5275868773 -0.4726076722 0.2523440719 0.8443722129
-398.1 -77.2 2569.3 -0.1781419814 -0.0746075809 -0.9811723232 -0.1490095705 0.9876677394 -0.0480472632 0.9726569653 0.1376448423 -0.1870623380
-368.9 -464.0 2515.4 -0.1879664660 0.2043062449 -0.9606912136 -0.1939919740 0.9511344433 0.2402298301 0.9628269672 0.2315215319 -0.1391476095
-288.7 -81.1 2713.1 -0.1779862791 -0.2539353073 -0.9507037997 -0.1100986078 0.9652028084 -0.2371958643 0.9778543711 0.0624535531 -0.1997507811
-189.3 -458.9 2688.6 -0.1779862791 0.3568421006 -0.9170521498 -0.1100986078 0.9188594222 0.3789138496 0.9778543711 0.1684076339 -0.1242565513
-116.3 -167.3 2463.0 0 0 0 0 0 0 0 0 0
-16.9 -121.9 2641.9 0 0 0 0 0 0 0 0 0
-435.7 -775.1 2439.7 0 0 0 0 0 0 0 0 0
-323.5 -804.5 2625.3 0 0 0 0 0 0 0 0 0
-130.3 449.2 2492.6 99 0.5596589446 0.3684729636 -0.7423001528 0.0008528151 0.8954590559 0.4451430440 0.8287225962 -0.2497613281 0.5008374453
-204.6 268.8 2543.0 0.5596589446 0.3684729636 -0.7423001528 0.0008528151 0.8954590559 0.4451430440 0.8287225962 -0.2497613281 0.5008374453
-274.4 92.1 2590.8 0.5602734685 0.3564899564 -0.7476687431 0.0023763995 0.9019505978 0.4318326414 0.8283042908 -0.2437211424 0.5044918656
-284.4 268.5 2425.0 -0.0356050953 0.2302271128 -0.9724853635 0.9993408918 0.0013111858 -0.0362779312 -0.0070770551 -0.9731360674 -0.2301220596
-275.6 23.5 2426.8 -0.6356794238 0.2302271128 -0.7368223667 0.7573639750 0.0013111858 -0.6529915929 -0.1493702680 -0.9731360674 -0.1751992255
-124.8 269.0 2660.9 0.1093305200 0.9544808865 -0.2775124013 -0.8281225562 0.2418802530 0.5056747198 0.5497816205 0.1745285988 0.8168720603
-102.8 101.9 2771.9 0.2961383462 0.9544808865 -0.0356141701 -0.8383532166 0.2418802530 -0.4885262251 -0.4576745629 0.1745285988 0.8718221188
-392.0 -85.6 2563.7 -0.1790802330 -0.0534679070 -0.9823805094 -0.1425944716 0.9893891215 -0.0278555155 0.9734460115 0.1350936592 -0.1848042607
-371.1 -473.0 2510.8 -0.1890061647 0.2038128078 -0.9605920315 -0.1881963164 0.9525722265 0.2391407341 0.9637731910 0.2259789556 -0.1416852027
-290.8 -85.6 2713.0 -0.0924387500 -0.2610247433 -0.9608960152 -0.1127795726 0.9615625143 -0.2503563464 0.9893108010 0.0852268115 -0.1183238998
-188.6 -462.0 2679.7 -0.0924387500 0.3682420850 -0.9251231551 -0.1127795726 0.9192502499 0.3771733642 0.9893108010 0.1392004341 -0.0434441604
-112.9 -170.4 2465.0 0 0 0 0 0 0 0 0 0
-29.2 -106.5 2658.1 0 0 0 0 0 0 0 0 0
-435.7 -774.9 2439.2 0 0 0 0 0 0 0 0 0
-327.1 -807.9 2627.3 0 0 0 0 0 0 0 0 0
-130.2 452.7 2495.0 00 0.5682104826 0.3705145121 -0.7347488403 -0.0124973822 0.8966782093 0.4425064921 0.8227883577 -0.2422543913 0.5141323805
-204.9 272.1 2543.8 0.5682104826 0.3705145121 -0.7347488403 -0.0124973822 0.8966782093 0.4425064921 0.8227883577 -0.2422543913 0.5141323805
-275.2 95.4 2590.5 0.5694724917 0.3591854572 -0.7393827438 -0.0093860766 0.9022637606 0.4310823977 0.8219568133 -0.2385496646 0.5171857476
-286.0 273.5 2426.7 -0.0403820574 0.2611186206 -0.9644616842 0.9990978241 0.0232536271 -0.0355365761 0.0131479707 -0.9650266171 -0.2618220747
-275.9 25.3 2423.4 -0.6329649687 0.2611186206 -0.7288157344 0.7589150071 0.0232536271 -0.6507744193 -0.1529817134 -0.9650266171 -0.2128855735
-123.8 270.8 2660.8 0.0819370747 0.9454209805 -0.3153815269 -0.8012432456 0.2506785691 0.5432950854 0.5927019715 0.2081813067 0.7780520320
-107.5 111.8 2778.4 0.3240582645 0.9454209805 -0.0341385379 -0.7902467847 0.2506785691 -0.5591692924 -0.5200926065 0.2081813067 0.8283503056
-394.7 -84.7 2563.7 -0.1700769663 -0.0695111752 -0.9829760790 -0.1343589723 0.9898294210 -0.0467486829 0.9762281775 0.1241207793 -0.1776866317
-367.5 -472.3 2515.1 -0.1847193390 0.2124085128 -0.9595631361 -0.1983181834 0.9482238293 0.2480754107 0.9625740051 0.2361231446 -0.1330308169
-293.6 -84.3 2713.3 -0.1432875544 -0.2678558826 -0.9527444243 -0.1111963391 0.9609397650 -0.2534365952 0.9834144711 0.0696273819 -0.1674753129
-188.7 -460.6 2686.1 -0.1432875544 0.3678913116 -0.9187625647 -0.1111963391 0.9164792895 0.3843189180 0.9834144711 0.1572311521 -0.0904119164
-113.8 -169.1 2462.6 0 0 0 0 0 0 0 0 0
-26.0 -86.9 2647.6 0 0 0 0 0 0 0 0 0
-435.4 -775.4 2439.6 0 0 0 0 0 0 0 0 0
-327.1 -805.5 2626.9 0 0 0 0 0 0 0 0 0
-130.4 452.6 2500.1 01 0.5405563116 0.3819314837 -0.7496180534 -0.0131392665 0.8947390318 0.4463960230 0.8412052393 -0.2314527482 0.4886751175
-207.4 272.3 2546.8 0.5405563116 0.3819314837 -0.7496180534 -0.0131392665 0.8947390318 0.4463960230 0.8412052393 -0.2314527482 0.4886751175
-279.2 95.7 2591.7 0.5430642366 0.3665072620 -0.7554823756 -0.0071195625 0.9016920328 0.4323202074 0.8396609426 -0.2293989509 0.4922860861
-284.8 273.3 2427.2 -0.0308835488 0.2849594951 -0.9580419064 0.9992601275 0.0307837073 -0.0230559725 0.0229220632 -0.9580451250 -0.2856993675
-277.3 30.0 2421.6 -0.6240210533 0.2849594951 -0.7275959253 0.7646333575 0.0307837073 -0.6437298656 -0.1610388458 -0.9580451250 -0.2370992303
-130.1 271.2 2666.4 0.1247304007 0.9444915652 -0.3039375842 -0.8169943690 0.2715878785 0.5086848140 0.5629942417 0.1848668307 0.8055195212
-106.0 113.3 2775.2 0.3280954659 0.9444915652 0.0170026422 -0.7506073713 0.2715878785 -0.6023525596 -0.5735346079 0.1848668307 0.7980490923
-397.0 -80.4 2563.0 -0.2002228200 -0.0792298317 -0.9765415788 -0.1419253349 0.9885572791 -0.0511053838 0.9694163203 0.1283635199 -0.2091764361
-365.9 -467.6 2512.7 -0.2095384151 0.2142384350 -0.9540416598 -0.1825549304 0.9499747157 0.2534201145 0.9606078267 0.2272662669 -0.1599459201
-294.1 -82.1 2711.5 -0.2017955780 -0.2886775136 -0.9359186888 -0.1072324291 0.9563445449 -0.2718570828 0.9735398293 0.0455012769 -0.2239416987
-181.1 -456.5 2693.7 -0.2017955780 0.3930964470 -0.8970806599 -0.1072324291 0.9015499353 0.4191764593 0.9735398293 0.1807840914 -0.1397761106
-117.4 -165.8 2462.9 0 0 0 0 0 0 0 0 0
-22.9 -76.8 2629.9 0 0 0 0 0 0 0 0 0
-435.2 -774.8 2439.2 0 0 0 0 0 0 0 0 0
-329.0 -795.7 2625.7 0 0 0 0 0 0 0 0 0
-132.6 449.9 2490.2 02 0.5458241105 0.3832341731 -0.7451225519 -0.0110271284 0.8924825191 0.4509471655 0.8378272057 -0.2379212677 0.4913644195
-209.5 270.7 2538.0 0.5458241105 0.3832341731 -0.7451225519 -0.0110271284 0.8924825191 0.4509471655 0.8378272057 -0.2379212677 0.4913644195
-281.4 94.5 2584.2 0.5485912561 0.3672277033 -0.7511268258 -0.0044191112 0.8996405602 0.4366089106 0.8360790014 -0.2362005115 0.4951577485
-287.6 271.4 2418.8 -0.0419725180 0.2211044133 -0.9743465185 0.9989320636 -0.0095641008 -0.0452019460 -0.0193130989 -0.9752032161 -0.2204668671
-277.5 30.0 2423.5 -0.6259194016 0.2211044133 -0.7478888631 0.7654402256 -0.0095641008 -0.6434359550 -0.1494194120 -0.9752032161 -0.1632558554
-131.3 270.1 2657.1 0.1237146482 0.9438134432 -0.3064488471 -0.7871739268 0.2813746929 0.5488036871 0.6041952372 0.1733334959 0.7777554989
-107.4 118.0 2773.8 0.3283925951 0.9438134432 0.0370744877 -0.7396648526 0.2813746929 -0.6113298535 -0.5874131322 0.1733334959 0.7905069590
-400.0 -80.3 2560.8 -0.1937997937 -0.0873335525 -0.9771460891 -0.1410123110 0.9881666303 -0.0603512079 0.9708538651 0.1260935813 -0.2038215846
-365.8 -467.3 2511.4 -0.2022400796 0.2141448706 -0.9556363821 -0.1779752225 0.9515151381 0.2508860230 0.9630284309 0.2208188027 -0.1543220133
-301.9 -81.6 2712.5 -0.0815142393 -0.2776423097 -0.9572200179 -0.1064952612 0.9573441148 -0.2686094642 0.9909663200 0.0800439045 -0.1076047644
-193.2 -456.2 2681.1 -0.0815142393 0.3449606895 -0.9350708723 -0.1064952612 0.9298073053 0.3523025513 0.9909663200 0.1282982826 -0.0390558578
-117.2 -166.0 2461.8 0 0 0 0 0 0 0 0 0
-23.8 -70.4 2624.2 0 0 0 0 0 0 0 0 0
-435.1 -775.2 2439.9 0 0 0 0 0 0 0 0 0
-322.7 -805.2 2633.0 0 0 0 0 0 0 0 0 0
-136.7 450.2 2492.2 03 0.5334082246 0.3589540124 -0.7659162283 0.0183210988 0.9003750086 0.4347288311 0.8456594944 -0.2459203750 0.4736910462
-208.9 269.2 2541.7 0.5334082246 0.3589540124 -0.7659162283 0.0183210988 0.9003750086 0.4347288311 0.8456594944 -0.2459203750 0.4736910462
-275.9 91.6 2589.6 0.5361101627 0.3420715928 -0.7717337012 0.0252882894 0.9072976708 0.4197277725 0.8437691331 -0.2445361614 0.4777611196
-285.2 265.6 2421.5 -0.0348879658 0.2462819964 -0.9685701132 0.9993732572 0.0027880003 -0.0352885835 -0.0059905690 -0.9691942334 -0.2462249100
-276.9 28.3 2422.9 -0.6275953650 0.2462819964 -0.7385588884 0.7624863982 0.0027880003 -0.6469982266 -0.1572849154 -0.9691942334 -0.1895364076
-132.6 272.8 2661.9 0.1599294543 0.9493700266 -0.2704055607 -0.8062292933 0.2836840451 0.5191509724 0.5695760846 0.1349813640 0.8107793331
-102.0 118.6 2770.8 0.3046125770 0.9493700266 0.0768620297 -0.7261005640 0.2836840451 -0.6263396144 -0.6164325476 0.1349813640 0.7757518291
-402.9 -81.3 2554.9 -0.2047713995 -0.0963772610 -0.9740534425 -0.1212343425 0.9899752140 -0.0724660158 0.9712728262 0.1032497585 -0.2144028395
-365.1 -468.9 2514.5 -0.2193494737 0.2171407491 -0.9511759877 -0.1832677871 0.9483942389 0.2587688565 0.9582790732 0.2310807258 -0.1682348698
-303.7 -82.1 2706.0 -0.1145388708 -0.3285441101 -0.9375177622 -0.1060946807 0.9423768520 -0.3172850907 0.9877371788 0.0631241798 -0.1427955627
-175.3 -450.5 2681.3 -0.1145388708 0.3996573091 -0.9094805717 -0.1060946807 0.9053485394 0.4112029970 0.9877371788 0.1435897797 -0.0612960868
-116.2 -167.0 2463.2 0 0 0 0 0 0 0 0 0
-24.2 -66.7 2613.5 0 0 0 0 0 0 0 0 0
-435.2 -775.2 2439.9 0 0 0 0 0 0 0 0 0
-325.3 -790.2 2627.4 0 0 0 0 0 0 0 0 0
-141.2 447.7 2494.3 04 0.5304677486 0.3567121923 -0.7689995766 0.0158628672 0.9028187394 0.4297286868 0.8475567102 -0.2401557416 0.4732577205
-212.7 266.8 2542.4 0.5304677486 0.3567121923 -0.7689995766 0.0158628672 0.9028187394 0.4297286868 0.8475567102 -0.2401557416 0.4732577205
-279.1 88.4 2588.5 0.5322303772 0.3391255140 -0.7757091522 0.0204570368 0.9108453393 0.4122405350 0.8463523984 -0.2352756262 0.4778420329
-288.5 263.9 2421.8 -0.0565828085 0.2859968543 -0.9565585256 0.9983907938 0.0198232792 -0.0531304255 0.0037669919 -0.9580255151 -0.2866582870
-274.9 23.1 2420.9 -0.6331616044 0.2859968543 -0.7192441821 0.7543449402 0.0198232792 -0.6561788917 -0.1734073162 -0.9580255151 -0.2282916158
-136.9 269.7 2663.0 0.2015931904 0.9477186799 -0.2473649830 -0.8168820143 0.3020258546 0.4914103746 0.5404294133 0.1030030176 0.8350607157
-98.0 111.8 2767.4 0.2956412137 0.9477186799 0.1201062948 -0.7095379829 0.3020258546 -0.6366602182 -0.6396500468 0.1030030176 0.7617337108
-391.2 -88.3 2561.3 -0.2078828216 -0.0599404201 -0.9763154387 -0.1386427134 0.9898492694 -0.0312507004 0.9682783484 0.1288625449 -0.2140829563
-367.8 -475.6 2510.9 -0.2168955058 0.2130095214 -0.9526716471 -0.1781965047 0.9508668780 0.2531761229 0.9597928524 0.2246755213 -0.1682811975
-294.4 -83.8 2713.8 0.0612107404 -0.2769488990 -0.9589330554 -0.1064224914 0.9534470439 -0.2821576595 0.9924351573 0.1193231195 0.0288876090
-186.4 -455.8 2667.2 0.0612107404 0.3683529198 -0.9276687503 -0.1064224914 0.9265220761 0.3608754873 0.9924351573 0.0766353682 0.0959141403
-112.8 -170.1 2465.3 0 0 0 0 0 0 0 0 0
-24.2 -65.2 2607.8 0 0 0 0 0 0 0 0 0
-434.8 -774.7 2440.2 0 0 0 0 0 0 0 0 0
-324.5 -803.1 2638.5 0 0 0 0 0 0 0 0 0
-142.0 447.0 2486.3 05 0.5984563828 0.3484732807 -0.7213988900 -0.0173473153 0.9058734179 0.4231931567 0.8009675741 -0.2407483011 0.5481708050
-212.1 264.7 2534.7 0.5984563828 0.3484732807 -0.7213988900 -0.0173473153 0.9058734179 0.4231931567 0.8009675741 -0.2407483011 0.5481708050
-278.1 86.3 2581.4 0.6002141237 0.3368379176 -0.7254537940 -0.0126874996 0.9108948112 0.4124434888 0.7997387052 -0.2383502126 0.5510055423
-297.3 266.5 2421.2 -0.0941923708 0.3222677708 -0.9419507980 0.9955136776 0.0390050188 -0.0862037912 0.0089601027 -0.9458446503 -0.3244959712
-274.1 21.4 2419.0 -0.6348338127 0.3222677708 -0.7022318244 0.7500831485 0.0390050188 -0.6601923108 -0.1853681505 -0.9458446503 -0.2664893270
-127.0 262.9 2648.2 0.1501058489 0.9517569542 -0.2676320970 -0.7751588821 0.2813202739 0.5656744838 0.6136749387 0.1225463450 0.7799906731
-97.3 109.9 2769.3 0.2916148603 0.9517569542 0.0954959765 -0.7049456239 0.2813202739 -0.6510841846 -0.6465388536 0.1225463450 0.7529740334
-393.6 -91.8 2558.1 -0.1331728250 -0.0690629929 -0.9886836410 -0.1067473814 0.9927654862 -0.0549695604 0.9853273630 0.0982189327 -0.1395816803
-366.6 -480.2 2519.7 -0.1614437699 0.2190052867 -0.9622746706 -0.2246693969 0.9413058758 0.2519264221 0.9609680176 0.2568656206 -0.1027641743
-297.4 -88.1 2711.1 -0.1463042200 -0.2772291601 -0.9495994449 -0.1134385541 0.9582979679 -0.2622912228 0.9827139974 0.0693468675 -0.1716515124
-189.2 -462.3 2684.0 -0.1463042200 0.3623124063 -0.9205024838 -0.1134385541 0.9182322025 0.3794487119 0.9827139974 0.1599354148 -0.0932410508
-111.6 -170.7 2466.5 0 0 0 0 0 0 0 0 0
-25.3 -64.1 2609.6 0 0 0 0 0 0 0 0 0
-435.1 -774.9 2439.3 0 0 0 0 0 0 0 0 0
-324.9 -806.1 2624.1 0 0 0 0 0 0 0 0 0
-131.6 454.5 2481.8 06 0.6307886839 0.3745140135 -0.6795917153 -0.0495142527 0.8934559226 0.4464132786 0.7743732929 -0.2479429692 0.5821256638
-207.1 274.4 2531.8 0.6307886839 0.3745140135 -0.6795917153 -0.0495142527 0.8934559226 0.4464132786 0.7743732929 -0.2479429692 0.5821256638
-275.4 97.0 2578.9 0.6347105503 0.3487654626 -0.6895688176 -0.0397574604 0.9059135318 0.4215922356 0.7717265487 -0.2401735485 0.5888589025
-297.3 280.1 2422.1 -0.0795379952 0.3109982014 -0.9470764399 0.9965719581 0.0465016551 -0.0684246793 0.0227606725 -0.9492722154 -0.3136307299
-276.5 19.8 2416.2 -0.6645226479 0.3109982014 -0.6794775724 0.7247136831 0.0465016551 -0.6874791980 -0.1822079569 -0.9492722154 -0.2562860548
-117.0 268.7 2641.4 0.0912186280 0.9525982141 -0.2902341187 -0.7648016810 0.2536721826 0.5922235847 0.6377754211 0.1679497212 0.7516883612
-98.4 112.5 2771.7 0.3015304208 0.9525982141 0.0404484868 -0.7138416171 0.2536721826 -0.6527484655 -0.6320676804 0.1679497212 0.7564941049
-398.1 -91.0 2556.1 -0.0924278349 -0.0723945126 -0.9930841327 -0.1079649851 0.9922018647 -0.0622817352 0.9898487926 0.1014617458 -0.0995231420
-369.7 -479.4 2516.4 -0.1196992174 0.2124833614 -0.9698055983 -0.2269093394 0.9451185465 0.2350809723 0.9665320516 0.2481969595 -0.0649154931
-290.0 -93.3 2700.1 -0.3389282227 -0.2674413621 -0.9019993544 -0.0946966782 0.9635739326 -0.2501156330 0.9360343218 0.0006450927 -0.3519081771
-185.7 -469.2 2699.8 -0.3389282227 0.3878113031 -0.8571639657 -0.0946966782 0.8923999667 0.4411970079 0.9360343218 0.2307046950 -0.2657350898
-105.9 -166.3 2463.0 0 0 0 0 0 0 0 0 0
-23.8 -64.0 2615.4 0 0 0 0 0 0 0 0 0
-435.8 -773.3 2439.2 0 0 0 0 0 0 0 0 0
-330.8 -803.3 2613.5 0 0 0 0 0 0 0 0 0
-135.0 454.7 2480.0 07 0.6353651285 0.3640193045 -0.6810294390 -0.0439265445 0.8975297809 0.4387604594 0.7709614635 -0.2488578260 0.5862492323
-208.2 274.3 2530.1 0.6353651285 0.3640193045 -0.6810294390 -0.0439265445 0.8975297809 0.4387604594 0.7709614635 -0.2488578260 0.5862492323
-274.7 96.4 2577.9 0.6397133470 0.3396839201 -0.6894792914 -0.0327683948 0.9082803130 0.4170768261 0.7679147720 -0.2442164868 0.5921699405
-299.2 279.0 2420.8 -0.0826431364 0.3290048540 -0.9407050014 0.9963356256 0.0481443666 -0.0706922710 0.0220315494 -0.9431001544 -0.3317780495
-278.2 26.4 2415.2 -0.6432416439 0.3290048540 -0.6913725734 0.7426050305 0.0481443666 -0.6679968834 -0.1864885241 -0.9431001544 -0.2752891183
-117.2 269.6 2639.3 0.0865474716 0.9542759061 -0.2861242294 -0.7520525455 0.2509443164 0.6094620228 0.6533961296 0.1624330580 0.7393841743
-99.8 118.7 2770.5 0.2963365912 0.9542759061 0.0392703712 -0.7227699757 0.2509443164 -0.6439180970 -0.6243301630 0.1624330580 0.7640859485
-400.9 -76.8 2556.4 -0.0857719705 -0.0867681056 -0.9925293326 -0.1031732857 0.9916182160 -0.0777724758 0.9909583330 0.0957318172 -0.0940051973
-366.9 -465.1 2518.9 -0.1134415865 0.2107642889 -0.9709322453 -0.2251161188 0.9463728666 0.2317351550 0.9677053690 0.2448609024 -0.0599115938
-286.5 -84.0 2695.5 -0.3797485232 -0.2473414689 -0.8914108276 -0.0799360275 0.9687631726 -0.2347511500 0.9216297269 -0.0178905595 -0.3876578808
-189.9 -462.6 2702.5 -0.3797485232 0.3609155416 -0.8517810702 -0.0799360275 0.9045092463 0.4188952446 0.9216297269 0.2271628380 -0.3146359026
-112.8 -164.6 2463.2 0 0 0 0 0 0 0 0 0
-25.6 -62.3 2614.1 0 0 0 0 0 0 0 0 0
-435.5 -773.0 2439.2 0 0 0 0 0 0 0 0 0
-325.3 -802.1 2617.2 0 0 0 0 0 0 0 0 0
-139.5 453.0 2482.2 08 0.6160898805 0.3496983945 -0.7057933807 -0.0280951355 0.9052312970 0.4239892960 0.7871746421 -0.2413861603 0.5675286651
-210.0 270.6 2530.8 0.6160898805 0.3496983945 -0.7057933807 -0.0280951355 0.9052312970 0.4239892960 0.7871746421 -0.2413861603 0.5675286651
-274.8 91.8 2577.4 0.6190794110 0.3309450448 -0.7121910453 -0.0201080721 0.9132529497 0.4068965018 0.7850709558 -0.2375804484 0.5720307231
-298.1 273.5 2419.0 -0.0865490437 0.3394923508 -0.9366185069 0.9960811734 0.0466731638 -0.0751263052 0.0182101410 -0.9394501448 -0.3422014415
-276.3 22.9 2414.4 -0.6400723457 0.3394923508 -0.6892403960 0.7433204651 0.0466731638 -0.6673052311 -0.1943759918 -0.9394501448 -0.2822258174
-121.9 267.7 2642.5 0.1075030938 0.9506374002 -0.2910869122 -0.7787576914 0.2625250816 0.5697517991 0.6180449724 0.1654360890 0.7685384154
-101.0 116.6 2762.5 0.3068095744 0.9506374002 0.0464370362 -0.7154220343 0.2625250816 -0.6474966407 -0.6277254224 0.1654360890 0.7606521249
-398.9 -78.5 2556.5 -0.1090398207 -0.0803143382 -0.9907875061 -0.1221002936 0.9902649522 -0.0668343902 0.9865099192 0.1136878431 -0.1177847236
-367.5 -466.2 2511.9 -0.1263071299 0.2117308080 -0.9691318870 -0.1985485405 0.9517914653 0.2338192463 0.9719182253 0.2219527513 -0.0781792104
-283.5 -84.4 2695.1 -0.3790521324 -0.2016289085 -0.9031418562 -0.0765218735 0.9794606566 -0.1865507513 0.9222059846 -0.0016023540 -0.3866956830
-204.7 -467.2 2695.7 -0.3790521324 0.3121089637 -0.8711529374 -0.0765218735 0.9276088476 0.3656313121 0.9222059846 0.2052555829 -0.3277289569
-111.5 -168.5 2464.5 0 0 0 0 0 0 0 0 0
-24.3 -62.3 2605.5 0 0 0 0 0 0 0 0 0
-435.9 -773.6 2440.3 0 0 0 0 0 0 0 0 0
-321.8 -815.4 2618.6 0 0 0 0 0 0 0 0 0
-141.0 452.3 2481.7 09 0.6016787887 0.3511970639 -0.7173864245 -0.0170721021 0.9035989642 0.4280390441 0.7985556722 -0.2452947348 0.5496720076
-211.8 270.1 2531.2 0.6016787887 0.3511970639 -0.7173864245 -0.0170721021 0.9035989642 0.4280390441 0.7985556722 -0.2452947348 0.5496720076
-277.9 91.9 2578.5 0.6036065817 0.3372227848 -0.7224540710 -0.0119937360 0.9098839164 0.4146895111 0.7971920967 -0.2416443974 0.5532565117
-297.8 271.8 2417.6 -0.0772685185 0.2878477275 -0.9545539618 0.9969136119 0.0356410854 -0.0699497759 0.0138864554 -0.9570127726 -0.2897132635
