-204.8 418.2 2776.3 4 0.6077644825 0.4163507223 -0.6762206554 -0.3958178461 0.8970453739 0.1965651959 0.6884406805 0.1481948644 0.7099913955
-288.1 238.5 2746.6 0.6077644825 0.4163507223 -0.6762206554 -0.3958178461 0.8970453739 0.1965651959 0.6884406805 0.1481948644 0.7099913955
-365.4 57.6 2718.5 0.6185353994 0.3888080716 -0.6828193069 -0.3716387749 0.9104124308 0.1817522347 0.6923139095 0.1413419545 0.7076184750
-378.3 292.7 2645.6 -0.2260589004 0.4956842661 -0.8385668993 0.9720363617 0.1709755510 -0.1609741300 0.0635821000 -0.8515071869 -0.5204736590
-304.1 -26.7 2624.8 -0.8195358515 0.4956842661 -0.2875031531 0.4166350067 0.1709755510 -0.8928508759 -0.3934161067 -0.8515071869 -0.3466399908
-197.9 184.3 2847.6 -0.4383713007 0.6827900410 -0.5844898820 -0.7260052562 0.1143687516 0.6781122088 0.5298556089 0.7216076255 0.4455731511
-275.2 56.4 2941.0 0.4967693090 0.6827900410 -0.5357406735 -0.7969069481 0.1143687516 -0.5931770802 -0.3437434137 0.7216076255 0.6009350419
-499.9 -86.4 2626.3 -0.9845083356 0.0030864468 0.1753107607 -0.0052506207 0.9988777041 -0.0470721945 -0.1752592921 -0.0472634584 -0.9833871722
-501.1 -483.3 2645.1 -0.9841839671 -0.0529049858 0.1690650582 -0.0115922354 0.9715520144 0.2365423888 -0.1767697781 0.2308413833 -0.9567992091
-391.8 -154.1 2757.6 -0.6096047163 0.2040759623 0.7659863234 -0.0099679092 0.9642438293 -0.2648290992 -0.7926428914 -0.1690763533 -0.5857734084
-472.8 -537.0 2824.7 -0.6096047163 -0.2622982562 0.7480519414 -0.0099679092 0.9461311698 0.3236300349 -0.7926428914 0.1898298860 -0.5793806314
-69.3 -146.0 2737.4 0 0 0 0 0 0 0 0 0
-147.5 -148.4 2852.7 0 0 0 0 0 0 0 0 0
-482.3 -827.8 2563.2 0 0 0 0 0 0 0 0 0
-397.3 -809.3 2770.1 0 0 0 0 0 0 0 0 0
-197.6 416.6 2776.5 5 0.6304731369 0.4381353259 -0.6407347918 -0.4214875400 0.8864075541 0.1913894564 0.6518066525 0.1493958235 0.7435247302
-285.8 238.3 2746.5 0.6304731369 0.4381353259 -0.6407347918 -0.4214875400 0.8864075541 0.1913894564 0.6518066525 0.1493958235 0.7435247302
-366.1 58.7 2718.5 0.6448620558 0.4043246210 -0.6485942602 -0.3909131289 0.9036983252 0.1746892184 0.6567646861 0.1408935636 0.7408165336
-379.8 295.3 2650.7 -0.2452308238 0.4941464067 -0.8340750337 0.9676278234 0.1776967794 -0.1792212278 0.0596509203 -0.8510248065 -0.5217265487
-295.9 -35.5 2630.3 -0.8069101572 0.4941464067 -0.3235974908 0.4581026435 0.1776967794 -0.8709568381 -0.3728779554 -0.8510248065 -0.3697551191
-191.8 181.2 2842.2 -0.4636100531 0.6840798855 -0.5631167293 -0.7077348828 0.0964661315 0.6998611689 0.5330826044 0.7229999900 0.4394245148
-275.3 53.8 2938.3 0.4862136245 0.6840798855 -0.5437196493 -0.7991861701 0.0964661315 -0.5932922959 -0.3534087837 0.7229999900 0.5936103463
-499.3 -89.3 2627.0 -0.9914297462 0.0071256245 0.1304464489 -0.0007825865 0.9981695414 -0.0604727939 -0.1306385696 -0.0600566119 -0.9896094203
-502.1 -485.9 2650.8 -0.9904031754 -0.0567728095 0.1260095239 -0.0225172304 0.9658365250 0.2581719160 -0.1363617480 0.2528568804 -0.9578459263
-386.0 -157.3 2753.7 -0.6330529451 0.2225565463 0.7414260507 -0.0059159258 0.9563615918 -0.2921257317 -0.7740859389 -0.1893172711 -0.6041108966
-474.4 -537.1 2828.9 -0.6330529451 -0.2658984363 0.7270089388 -0.0059159258 0.9407907128 0.3389362693 -0.7740859389 0.2102636546 -0.5971433520
-65.1 -166.6 2737.0 0 0 0 0 0 0 0 0 0
-149.6 -152.7 2846.9 0 0 0 0 0 0 0 0 0
-482.0 -827.2 2561.5 0 0 0 0 0 0 0 0 0
-397.8 -807.9 2768.4 0 0 0 0 0 0 0 0 0
-192.6 414.0 2777.1 6 0.6153857708 0.4533581436 -0.6447997689 -0.4302408695 0.8786256909 0.2071465105 0.6604492068 0.1499441862 0.7357469797
-283.8 237.2 2747.0 0.6153857708 0.4533581436 -0.6447997689 -0.4302408695 0.8786256909 0.2071465105 0.6604492068 0.1499441862 0.7357469797
-367.2 59.2 2718.5 0.6295883060 0.4197197855 -0.6537995338 -0.4013688564 0.8962356448 0.1888509989 0.6652230024 0.1435164064 0.7327219248
-375.7 295.8 2649.9 -0.2335122079 0.4710800052 -0.8506207466 0.9714131355 0.1514924169 -0.1827745140 0.0427611768 -0.8689842820 -0.4929886460
-294.3 -42.9 2635.0 -0.8031333089 0.4710800052 -0.3647745848 0.4810524285 0.1514924169 -0.8635036945 -0.3515187204 -0.8689842820 -0.3482827842
-192.0 178.7 2844.1 -0.4745201766 0.6851353049 -0.5526483655 -0.7115647793 0.0710242987 0.6990215182 0.5181757808 0.7249449492 0.4538156986
-275.8 53.0 2935.5 0.4792256355 0.6851353049 -0.5485730767 -0.7934663296 0.0710242987 -0.6044557691 -0.3751719594 0.7249449492 0.5776684284
-505.4 -85.1 2630.5 -0.9898013473 -0.0203690846 0.1409907937 -0.0242187064 0.9993777871 -0.0256420784 -0.1403807551 -0.0287951790 -0.9896788001
-497.4 -481.9 2641.9 -0.9904918671 -0.0412129685 0.1312529296 -0.0102986982 0.9736086726 0.2279913127 -0.1371851861 0.2244718224 -0.9647759199
-387.4 -156.7 2750.7 -0.5433032513 0.2377375066 0.8051723242 -0.0199388973 0.9551431537 -0.2954724431 -0.8392997384 -0.1765853763 -0.5141921639
-481.8 -536.0 2820.8 -0.5433032513 -0.2936195135 0.7865170836 -0.0199388973 0.9410953522 0.3375528753 -0.8392997384 0.1677112877 -0.5171546340
-59.0 -183.8 2738.0 0 0 0 0 0 0 0 0 0
-151.6 -152.5 2838.4 0 0 0 0 0 0 0 0 0
-482.7 -827.6 2562.2 0 0 0 0 0 0 0 0 0
-397.9 -805.0 2772.9 0 0 0 0 0 0 0 0 0
-190.8 414.1 2777.0 7 0.5986753106 0.4568265975 -0.6579493284 -0.4168448448 0.8791114092 0.2310919315 0.6839797497 0.1359137744 0.7167280912
-282.9 236.9 2749.6 0.5986753106 0.4568265975 -0.6579493284 -0.4168448448 0.8791114092 0.2310919315 0.6839797497 0.1359137744 0.7167280912
-366.6 58.6 2723.5 0.6128885150 0.4210062027 -0.6686713696 -0.3880787790 0.8975243568 0.2093917429 0.6883040667 0.1311633885 0.7134659886
-372.4 293.5 2649.1 -0.2025135309 0.4681812823 -0.8601130843 0.9781394005 0.1390752494 -0.1546006501 0.0472393110 -0.8726192713 -0.4861111641
-303.6 -38.8 2633.1 -0.7954062819 0.4681812823 -0.3848832250 0.4964705706 0.1390752494 -0.8568401337 -0.3476287723 -0.8726192713 -0.3430595398
-193.5 180.3 2850.0 -0.4920698404 0.6873760819 -0.5342109799 -0.7070716023 0.0424138419 0.7058687806 0.5078552961 0.7250621915 0.4651535749
-278.0 58.8 2937.2 0.4663435817 0.6873760819 -0.5568103194 -0.7911030650 0.0424138419 -0.6102106571 -0.3958277404 0.7250621915 0.5635647774
-508.3 -82.1 2629.0 -0.9865830541 -0.0183642861 0.1622241735 -0.0248656478 0.9989630580 -0.0381372422 -0.1613555849 -0.0416593663 -0.9860166907
-501.0 -478.9 2645.6 -0.9873459339 -0.0487512164 0.1509018540 -0.0115261162 0.9711182714 0.2383200228 -0.1581619531 0.2335649878 -0.9593915939
-392.9 -155.7 2750.9 -0.6000890136 0.2117427886 0.7714001536 -0.0193166565 0.9602137208 -0.2785973549 -0.7997000217 -0.1820840687 -0.5721235275
-477.0 -537.0 2823.2 -0.6000890136 -0.2821067274 0.7485378981 -0.0193166565 0.9405879974 0.3390001655 -0.7997000217 0.1889710277 -0.5698858500
-73.4 -182.4 2733.7 0 0 0 0 0 0 0 0 0
-157.0 -146.4 2834.6 0 0 0 0 0 0 0 0 0
-483.5 -826.0 2562.1 0 0 0 0 0 0 0 0 0
-396.7 -804.8 2769.4 0 0 0 0 0 0 0 0 0
-186.8 418.4 2778.4 8 0.5948239565 0.4626244307 -0.6573911309 -0.4157808721 0.8769690990 0.2409386337 0.6879758239 0.1300145984 0.7139925957
-279.9 242.0 2752.2 0.5948239565 0.4626244307 -0.6573911309 -0.4157808721 0.8769690990 0.2409386337 0.6879758239 0.1300145984 0.7139925957
-365.6 64.5 2727.2 0.6075167060 0.4312027395 -0.6670739651 -0.3906403482 0.8934330940 0.2217598855 0.6916093826 0.1258631647 0.7112206817
-368.6 299.0 2651.2 -0.1529082954 0.4436547458 -0.8830569386 0.9856784344 0.1327679306 -0.1039743721 0.0711129159 -0.8863087296 -0.4576022327
-317.0 -33.4 2627.2 -0.8015918136 0.4436547458 -0.4007754922 0.5010481477 0.1327679306 -0.8551744819 -0.3261920810 -0.8863087296 -0.3287180662
-191.2 184.9 2853.2 -0.4924523830 0.6931064725 -0.5263972282 -0.7264418602 0.0057769548 0.6872036457 0.4793462753 0.7208120823 0.5006567240
-279.0 55.4 2938.6 0.4551816583 0.6931064725 -0.5589392185 -0.7788876891 0.0057769548 -0.6271368265 -0.4314436316 0.7208120823 0.5424816608
-506.4 -84.2 2634.4 -0.9866016507 -0.0129505284 0.1626328677 -0.0150560634 0.9998179674 -0.0117206685 -0.1624514759 -0.0140122417 -0.9866170287
-501.3 -481.3 2639.9 -0.9865882993 -0.0521662869 0.1546678692 -0.0153053207 0.9729458690 0.2305257171 -0.1625091285 0.2250667512 -0.9606954455
-394.1 -155.3 2760.5 -0.5984795690 0.2081931382 0.7736135125 -0.0050749760 0.9646385312 -0.2635274529 -0.8011220098 -0.1616418511 -0.5762598515
-476.8 -538.5 2824.7 -0.5984795690 -0.2753512561 0.7523323298 -0.0050749760 0.9403636456 0.3401329815 -0.8011220098 0.1997445673 -0.5641857982
-86.5 -177.5 2721.0 0 0 0 0 0 0 0 0 0
-160.9 -146.6 2826.7 0 0 0 0 0 0 0 0 0
-482.8 -826.8 2560.0 0 0 0 0 0 0 0 0 0
-398.9 -804.6 2768.2 0 0 0 0 0 0 0 0 0
-185.1 415.5 2777.1 9 0.6019527912 0.4631047249 -0.6505281329 -0.4039625823 0.8793272376 0.2521861494 0.6888157129 0.1109848768 0.7163904309
-278.0 239.2 2754.8 0.6019527912 0.4631047249 -0.6505281329 -0.4039625823 0.8793272376 0.2521861494 0.6888157129 0.1109848768 0.7163904309
-363.9 61.4 2732.4 0.6124396324 0.4323114455 -0.6618341804 -0.3831864297 0.8946318030 0.2297871411 0.6914375424 0.1128751189 0.7135638595
-367.4 295.1 2653.8 -0.1634167731 0.4217549562 -0.8918619156 0.9845247269 0.1277146488 -0.1200001538 0.0632931739 -0.8976701498 -0.4360989034
-311.9 -39.6 2632.3 -0.8037697673 0.4217549562 -0.4196152091 0.5108367801 0.1277146488 -0.8501380682 -0.3049589396 -0.8976701498 -0.3181011081
-188.5 183.2 2855.8 -0.5280343890 0.6629513502 -0.5307307839 -0.7085479498 0.0005718337 0.7056624293 0.4681233764 0.7486622334 0.4694308639
-282.2 57.5 2938.8 0.4577223361 0.6629513502 -0.5924404860 -0.7916412354 0.0005718337 -0.6109859347 -0.4047151506 0.7486622334 0.5250813961
-507.0 -77.2 2638.8 -0.9878236055 -0.0031677859 0.1555459499 -0.0086140297 0.9993726611 -0.0343521796 -0.1553395540 -0.0352737717 -0.9872311950
-505.7 -474.2 2652.8 -0.9869930148 -0.0628792420 0.1479562074 -0.0230786800 0.9662219286 0.2566759884 -0.1590981334 0.2499227673 -0.9551054239
-395.6 -148.8 2765.6 -0.5969977379 0.2010352612 0.7766457200 -0.0037766916 0.9673779011 -0.2533095181 -0.8022340536 -0.1541583538 -0.5767631531
-475.5 -533.2 2826.8 -0.5969977379 -0.2664524317 0.7567012906 -0.0037766916 0.9441550970 0.3294797540 -0.8022340536 0.1938408315 -0.5646647215
-75.5 -189.8 2722.0 0 0 0 0 0 0 0 0 0
-163.4 -147.9 2833.8 0 0 0 0 0 0 0 0 0
-482.9 -824.8 2562.1 0 0 0 0 0 0 0 0 0
-398.6 -805.5 2770.9 0 0 0 0 0 0 0 0 0
-185.5 416.0 2786.4 0 0.5766409039 0.4618617892 -0.6739205718 -0.4177490771 0.8755711317 0.2426126450 0.7021189332 0.1416293085 0.6978324652
-278.6 239.5 2757.9 0.5766409039 0.4618617892 -0.6739205718 -0.4177490771 0.8755711317 0.2426126450 0.7021189332 0.1416293085 0.6978324652
-365.0 62.5 2731.8 0.5896445513 0.4351756275 -0.6803980470 -0.3921445310 0.8907232285 0.2298583239 0.7060750723 0.1312796623 0.6958618164
-364.7 296.8 2654.8 -0.1677329689 0.4260077477 -0.8890348673 0.9835544825 0.1335860640 -0.1215540692 0.0669796914 -0.8948028684 -0.4414086044
-306.3 -45.9 2631.5 -0.8043977022 0.4260077477 -0.4140793383 0.5085983872 0.1335860640 -0.8505777121 -0.3070374727 -0.8948028684 -0.3241231740
-192.5 182.2 2860.9 -0.5075314045 0.6319300532 -0.5857271552 -0.7492508888 0.0120060528 0.6621774435 0.4254820943 0.7749324441 0.4673807025
-280.7 52.1 2934.8 0.4652349651 0.6319300532 -0.6198555231 -0.8055676818 0.0120060528 -0.5923820734 -0.3669020236 0.7749324441 0.5146480799
-506.0 -81.2 2646.6 -0.9829826355 -0.0093839653 0.1834585369 -0.0069844062 0.9998814464 0.0137213692 -0.1835655570 0.0122065190 -0.9829316735
-502.2 -478.0 2641.7 -0.9823942780 -0.0600510724 0.1769048721 -0.0174291264 0.9722606540 0.2332497686 -0.1860045493 0.2260599434 -0.9561899304
-393.6 -151.5 2773.3 -0.5707420707 0.1852369756 0.7999629974 0.0205422845 0.9771388769 -0.2116071731 -0.8208724260 -0.1043400466 -0.5614994764
-467.1 -539.2 2814.7 -0.5628845096 -0.2476948500 0.7885481715 -0.0109771639 0.9561964273 0.2925199270 -0.8264626265 0.1559989154 -0.5409471393
-66.1 -197.8 2723.1 0 0 0 0 0 0 0 0 0
-159.9 -156.9 2839.6 0 0 0 0 0 0 0 0 0
-480.6 -828.5 2560.2 0 0 0 0 0 0 0 0 0
-398.3 -804.9 2771.4 0 0 0 0 0 0 0 0 0
-183.7 416.6 2790.6 1 0.5621973872 0.4618994296 -0.6859905124 -0.4262392819 0.8726659417 0.2382733673 0.7086989284 0.1584394425 0.6874902248
-276.5 241.4 2758.8 0.5621973872 0.4618994296 -0.6859905124 -0.4262392819 0.8726659417 0.2382733673 0.7086989284 0.1584394425 0.6874902248
-363.3 65.1 2730.1 0.5757641792 0.4372883141 -0.6908506155 -0.3996799588 0.8876515627 0.2287589461 0.7132682204 0.1444079131 0.6858533621
-360.5 299.8 2654.6 -0.1469414383 0.4272598922 -0.8921083212 0.9871022105 0.1212766021 -0.1045047790 0.0635411665 -0.8959581256 -0.4395697415
-310.1 -38.8 2632.8 -0.7908825874 0.4272598922 -0.4381252527 0.5303361416 0.1212766021 -0.8390682340 -0.3053658605 -0.8959581256 -0.3225069344
-192.4 183.1 2862.9 -0.5338826776 0.5975854993 -0.5982147455 -0.7370951176 0.0177467838 0.6755559444 0.4143188298 0.8016088009 0.4310026169
-286.1 53.7 2935.6 0.4824401438 0.5975854993 -0.6404241920 -0.8064906001 0.0177467838 -0.5909805298 -0.3417958915 0.8016088009 0.4905088246
-505.5 -78.5 2641.0 -0.9797835946 0.0038215062 0.2000236213 0.0002790419 0.9998427033 -0.0177354272 -0.2000599205 -0.0173210651 -0.9796305299
-507.0 -475.4 2647.8 -0.9785995483 -0.0689060465 0.1938938946 -0.0191306937 0.9686516523 0.2476852834 -0.2048826516 0.2386753857 -0.9492403269
-397.4 -150.4 2770.4 -0.6585390568 0.1832817048 0.7298863530 0.0004853943 0.9699919224 -0.2431366295 -0.7525463700 -0.1597606838 -0.6388665438
-470.1 -535.0 2833.7 -0.6585390568 -0.2473680526 0.7107287645 0.0004853943 0.9442917705 0.3291090727 -0.7525463700 0.2170761675 -0.6217329502
-79.1 -193.7 2722.1 0 0 0 0 0 0 0 0 0
-160.8 -155.6 2846.9 0 0 0 0 0 0 0 0 0
-482.1 -825.8 2561.5 0 0 0 0 0 0 0 0 0
-399.0 -806.3 2771.4 0 0 0 0 0 0 0 0 0
-179.9 416.7 2794.2 2 0.6013346910 0.4629766941 -0.6511905789 -0.4613826871 0.8666023612 0.1900692433 0.6523209214 0.1861528307 0.7347275019
-273.0 242.4 2756.7 0.6013346910 0.4629766941 -0.6511905789 -0.4613826871 0.8666023612 0.1900692433 0.6523209214 0.1861528307 0.7347275019
-360.4 67.7 2721.3 0.6127609611 0.4394153059 -0.6568395495 -0.4392628968 0.8803177476 0.1791334599 0.6569415331 0.1787592620 0.7324431539
-362.3 306.3 2661.1 -0.1300629526 0.4575540423 -0.8796180487 0.9868885279 0.1452577561 -0.0703650489 0.0955755413 -0.8772368431 -0.4704474807
-319.7 -16.8 2629.8 -0.7602344155 0.4575540423 -0.4611809850 0.5755971670 0.1452577561 -0.8047285676 -0.3012166917 -0.8772368431 -0.3737967610
-183.6 178.6 2852.4 -0.5542481542 0.6205283999 -0.5547553897 -0.6990188360 0.0148137528 0.7149498463 0.4518646598 0.7840440273 0.4255505204
-287.1 48.1 2936.7 0.5051788092 0.6205283999 -0.5997824073 -0.7722641230 0.0148137528 -0.6351288557 -0.3852304518 0.7840440273 0.4866954088
-502.9 -74.6 2636.0 -0.9885606766 0.0083448626 0.1505928040 0.0023763478 0.9992060065 -0.0397699811 -0.1508051157 -0.0389571786 -0.9877955914
-506.3 -471.4 2651.5 -0.9869242907 -0.0672928914 0.1464654058 -0.0282651670 0.9668545127 0.2537586093 -0.1586868912 0.2463006675 -0.9561142325
-397.4 -147.9 2766.8 -0.5893448591 0.1890100837 0.7854602337 -0.0027004450 0.9717804790 -0.2358716577 -0.8078770638 -0.1411308497 -0.5722034574
-472.4 -533.6 2822.8 -0.5893448591 -0.2511229813 0.7678605914 -0.0027004450 0.9510688782 0.3089672327 -0.8078770638 0.1800146997 -0.5611857176
-100.3 -182.9 2716.7 0 0 0 0 0 0 0 0 0
-156.1 -152.1 2836.9 0 0 0 0 0 0 0 0 0
-481.4 -828.1 2560.6 0 0 0 0 0 0 0 0 0
-400.9 -804.6 2771.5 0 0 0 0 0 0 0 0 0
-187.7 413.6 2795.5 3 0.5585050583 0.4596650898 -0.6904926300 -0.4498499930 0.8672212958 0.2134531587 0.6969268918 0.1914034486 0.6911278367
-279.7 240.1 2757.2 0.5585050583 0.4596650898 -0.6904926300 -0.4498499930 0.8672212958 0.2134531587 0.6969268918 0.1914034486 0.6911278367
-366.9 65.4 2720.8 0.5686935782 0.4390102327 -0.6955987811 -0.4300462604 0.8795660734 0.2035282105 0.7011760473 0.1833944470 0.6889982820
-362.5 302.7 2655.1 -0.1008557379 0.4930000007 -0.8641638160 0.9871819615 0.1575784087 -0.0253155828 0.1236929744 -0.8556401134 -0.5025733709
-332.0 4.5 2617.7 -0.7347379923 0.4930000007 -0.4659518301 0.6021077037 0.1575784087 -0.7827102542 -0.3124521971 -0.8556401134 -0.4126179516
-196.9 177.6 2859.2 -0.4854358435 0.6553364992 -0.5786934495 -0.7609939575 0.0091275601 0.6486947536 0.4303953946 0.7552818656 0.4942763150
-283.4 41.9 2936.0 0.5014085770 0.6553364992 -0.5649101138 -0.7530937791 0.0091275601 -0.6578499079 -0.4259568155 0.7552818656 0.4981064796
-504.0 -66.9 2625.8 -0.9784108996 -0.0017256537 0.2066619247 -0.0134907514 0.9983657002 -0.0555335209 -0.2062283456 -0.0571226254 -0.9768351316
-503.3 -463.4 2648.5 -0.9786514044 -0.0588995069 0.1969067901 -0.0096552009 0.9701746106 0.2422147542 -0.2053003013 0.2351426333 -0.9500314593
-391.8 -147.1 2745.9 -0.6045869589 0.2150960267 0.7669473886 -0.0268191285 0.9568067193 -0.2894850671 -0.7960875034 -0.1955877542 -0.5727041960
-477.1 -526.4 2823.4 -0.6045869589 -0.2648604810 0.7512147427 -0.0268191285 0.9493322968 0.3131276667 -0.7960875034 0.1691659838 -0.5810572505
-121.1 -168.3 2707.4 0 0 0 0 0 0 0 0 0
-153.4 -153.4 2825.5 0 0 0 0 0 0 0 0 0
-481.2 -827.0 2560.3 0 0 0 0 0 0 0 0 0
-398.3 -808.6 2773.1 0 0 0 0 0 0 0 0 0
-188.8 412.5 2795.1 4 0.5337893367 0.4597042501 -0.7097470760 -0.4358398020 0.8688175082 0.2349463403 0.7246465683 0.1839241832 0.6641229391
-280.7 239.0 2758.4 0.5337893367 0.4597042501 -0.7097470760 -0.4358398020 0.8688175082 0.2349463403 0.7246465683 0.1839241832 0.6641229391
-368.0 64.1 2722.8 0.5425327420 0.4391286373 -0.7161175013 -0.4188245237 0.8803737164 0.2225490957 0.7281786799 0.1791873872 0.6615494490
-359.7 300.0 2652.3 -0.0502220429 0.5050549507 -0.8616247773 0.9856991172 0.1640141904 0.0386854671 0.1608569771 -0.8473598957 -0.5060693622
-345.4 19.2 2606.4 -0.7185505629 0.5050549507 -0.4781261086 0.6237813830 0.1640141904 -0.7641963959 -0.3075417280 -0.8473598957 -0.4328963757
-201.6 178.0 2864.5 -0.4675614834 0.6781970859 -0.5669524074 -0.7764456272 -0.0085289199 0.6301265359 0.4225144982 0.7348306179 0.5305709243
-282.7 43.3 2937.8 0.4860041440 0.6781970859 -0.5512247682 -0.7448320985 -0.0085289199 -0.6671974659 -0.4571927190 0.7348306179 0.5009978414
-506.2 -70.0 2620.3 -0.9712427855 -0.0113677233 0.2378198504 -0.0263007600 0.9978690743 -0.0597129390 -0.2366342694 -0.0642506033 -0.9694720507
-501.7 -466.4 2645.8 -0.9731720090 -0.0524820946 0.2240130305 0.0018582693 0.9718118906 0.2357502878 -0.2300712019 0.2298418581 -0.9456425905
-402.2 -148.5 2748.4 -0.6245982051 0.1721148789 0.7617437840 -0.0356813483 0.9681030512 -0.2479986697 -0.7801307440 -0.1820795685 -0.5985341072
-470.5 -532.4 2820.6 -0.6245982051 -0.2540660799 0.7384629250 -0.0356813483 0.9538968801 0.2980059385 -0.7801307440 0.1597846299 -0.6048676968
-143.4 -156.2 2692.9 0 0 0 0 0 0 0 0 0
-156.6 -149.9 2819.2 0 0 0 0 0 0 0 0 0
-482.4 -824.6 2561.1 0 0 0 0 0 0 0 0 0
-396.7 -809.3 2774.2 0 0 0 0 0 0 0 0 0
-192.8 407.5 2785.4 5 0.5258087516 0.4536235929 -0.7195490003 -0.3950375319 0.8793957233 0.2657226026 0.7533063889 0.1445295960 0.6415923238
-283.6 231.6 2756.5 0.5258087516 0.4536235929 -0.7195490003 -0.3950375319 0.8793957233 0.2657226026 0.7533063889 0.1445295960 0.6415923238
-367.9 54.1 2728.3 0.5359201431 0.4239659607 -0.7300975323 -0.3746003211 0.8943949938 0.2444018126 0.7566136122 0.1425148994 0.6381421089
-361.7 286.2 2646.3 -0.0061674407 0.4864939153 -0.8736621737 0.9843139052 0.1570017189 0.0804769695 0.1763180196 -0.8594615459 -0.4798310399
-360.1 25.9 2599.7 -0.7253940105 0.4864939153 -0.4869570732 0.6208725572 0.1570017189 -0.7680284381 -0.2971880734 -0.8594615459 -0.4159388542
-205.4 177.1 2866.8 -0.4784518778 0.6540088058 -0.5859660506 -0.7736845613 0.0016498260 0.6335688233 0.4153263569 0.7564851046 0.5052071810
-284.0 50.1 2934.9 0.4792399704 0.6540088058 -0.5853217244 -0.7746384740 0.0016498260 -0.6324021816 -0.4126309454 0.7564851046 0.5074110627
-504.9 -72.5 2620.6 -0.9671056867 -0.0035735641 0.2543497086 -0.0214847308 0.9974759817 -0.0676763654 -0.2534658611 -0.0709148347 -0.9647414684
-503.5 -468.8 2648.8 -0.9687560797 -0.0609635226 0.2404062152 0.0007001206 0.9686431885 0.2484550774 -0.2480145395 0.2408606708 -0.9383362532
-405.6 -149.1 2753.8 -0.6360496283 0.1717859060 0.7522834539 -0.0312026925 0.9683817029 -0.2475141287 -0.7710170150 -0.1809045523 -0.6105786562
-473.8 -533.5 2825.6 -0.6360496283 -0.2725684643 0.7219052911 -0.0312026925 0.9438566566 0.3288784325 -0.7710170150 0.1866576225 -0.6088445783
-156.9 -147.9 2682.9 0 0 0 0 0 0 0 0 0
-159.7 -150.8 2828.0 0 0 0 0 0 0 0 0 0
-481.1 -824.8 2560.2 0 0 0 0 0 0 0 0 0
-394.1 -809.6 2771.0 0 0 0 0 0 0 0 0 0
-192.8 405.9 2791.6 6 0.4809419215 0.4573603272 -0.7480082512 -0.3908301890 0.8755390048 0.2840479016 0.7848226428 0.1557336599 0.5998336673
-284.5 230.4 2760.4 0.4809419215 0.4573603272 -0.7480082512 -0.3908301890 0.8755390048 0.2840479016 0.7848226428 0.1557336599 0.5998336673
-368.5 52.7 2732.1 0.4962101877 0.4227406979 -0.7583308816 -0.3601145744 0.8949862123 0.2632815838 0.7899955511 0.1424429864 0.5963363647
-356.8 282.8 2645.3 0.0419444293 0.4832639098 -0.8744693398 0.9796832800 0.1519059241 0.1309398711 0.1961155981 -0.8621951938 -0.4670739472
-367.7 27.4 2594.2 -0.7301290631 0.4832639098 -0.4830813706 0.6133551002 0.1519059241 -0.7750613689 -0.3011762500 -0.8621951938 -0.4073233008
-212.2 177.9 2875.5 -0.4593964815 0.6359134316 -0.6201362610 -0.7930681109 0.0207473673 0.6087794900 0.3999972343 0.7714814544 0.4947913885
-284.0 53.9 2938.0 0.4715547562 0.6359134316 -0.6109420657 -0.8017808199 0.0207473673 -0.5972579718 -0.3671289086 0.7714814544 0.5196467042
-501.2 -89.1 2630.9 -0.9538689852 -0.0051132054 0.3001796305 -0.0098899035 0.9998474717 -0.0143955359 -0.3000602424 -0.0167002026 -0.9537740350
-499.2 -485.9 2637.5 -0.9556886554 -0.0496619791 0.2901601791 0.0180771388 0.9739066958 0.2262276262 -0.2938238680 0.2214484364 -0.9298537970
-403.1 -157.6 2769.3 -0.6291697025 0.1682953537 0.7588294744 -0.0056792335 0.9752563834 -0.2210039496 -0.7772471905 -0.1433585584 -0.6126459837
-469.9 -544.7 2826.2 -0.6291697025 -0.2635181248 0.7312343717 -0.0056792335 0.9423085451 0.3346973360 -0.7772471905 0.2064285725 -0.5943685770
-164.4 -143.4 2678.0 0 0 0 0 0 0 0 0 0
-161.8 -153.9 2842.9 0 0 0 0 0 0 0 0 0
-481.8 -827.4 2559.8 0 0 0 0 0 0 0 0 0
-396.8 -806.2 2768.9 0 0 0 0 0 0 0 0 0
-198.8 406.9 2804.7 7 0.4787929058 0.4291066229 -0.7659143806 -0.3999127448 0.8832443357 0.2448453903 0.7815543413 0.1890686899 0.5944963098
-284.7 230.0 2766.8 0.4787929058 0.4291066229 -0.7659143806 -0.3999127448 0.8832443357 0.2448453903 0.7815543413 0.1890686899 0.5944963098
-365.2 51.7 2733.3 0.4925601184 0.4054234028 -0.7700755596 -0.3705217838 0.8983516097 0.2359618992 0.7874630690 0.1691043526 0.5927103758
-356.5 284.1 2652.0 0.0570284501 0.4886143506 -0.8706341386 0.9728628993 0.1686746627 0.1583876908 0.2242444158 -0.8560402393 -0.4657355249
-371.5 28.2 2593.0 -0.7334986925 0.4886143506 -0.4724782407 0.6107183695 0.1686746627 -0.7736743093 -0.2983332574 -0.8560402393 -0.4221284091
-212.8 176.0 2881.7 -0.4268510044 0.6390428543 -0.6398612261 -0.8356106877 -0.0081846798 0.5492611527 0.3457643390 0.7691275477 0.5374847054
-280.8 42.8 2936.8 0.4912651181 0.6390428543 -0.5918469429 -0.7650740147 -0.0081846798 -0.6438903809 -0.4163176417 0.7691275477 0.4848942459
-497.9 -92.2 2631.6 -0.9498749375 0.0129387761 0.3123623133 0.0025359076 0.9994292259 -0.0336871482 -0.3126198947 -0.0312064551 -0.9493655562
-503.1 -488.9 2644.0 -0.9512088299 -0.0568183810 0.3032712042 0.0219915453 0.9679141641 0.2503167689 -0.3077630997 0.2447729409 -0.9194390178
-407.1 -158.0 2776.1 -0.5880062580 0.1618854851 0.7924908400 0.0009258267 0.9799011350 -0.1994816512 -0.8088558316 -0.1165627539 -0.5763378739
-471.4 -547.1 2822.4 -0.5880062580 -0.2691051066 0.7627785206 0.0009258267 0.9428088069 0.3333327472 -0.8088558316 0.1967079490 -0.5541283488
-168.3 -141.0 2675.7 0 0 0 0 0 0 0 0 0
-153.6 -155.3 2829.0 0 0 0 0 0 0 0 0 0
-483.3 -825.5 2558.9 0 0 0 0 0 0 0 0 0
-397.1 -807.4 2768.1 0 0 0 0 0 0 0 0 0
-197.1 405.3 2801.7 8 0.4887079298 0.4455459118 -0.7501022816 -0.3907898068 0.8804851174 0.2683826983 0.7800307274 0.1619715691 0.6044148803
-286.5 228.6 2769.2 0.4887079298 0.4455459118 -0.7501022816 -0.3907898068 0.8804851174 0.2683826983 0.7800307274 0.1619715691 0.6044148803
-369.1 50.4 2739.9 0.5025116801 0.4159205258 -0.7579526305 -0.3623034656 0.8972961307 0.2521822155 0.7849956751 0.1478843540 0.6015912294
-359.9 281.5 2654.6 0.0512523279 0.4939830005 -0.8679596782 0.9699379802 0.1824047118 0.1610862911 0.2378938347 -0.8501231074 -0.4697842002
-373.2 29.6 2592.9 -0.7335808873 0.4939830005 -0.4667331874 0.6122905016 0.1824047118 -0.7693041563 -0.2948888242 -0.8501231074 -0.4362697005
-213.2 175.7 2883.8 -0.3783545494 0.6616457105 -0.6473582983 -0.8793268800 -0.0384162329 0.4746666253 0.2891920805 0.7488318682 0.5963378549
-277.6 25.8 2933.1 0.5263773203 0.6616457105 -0.5339961052 -0.6874363422 -0.0384162329 -0.7252278924 -0.5003580451 0.7488318682 0.4346178770
-490.9 -92.8 2627.6 -0.9547865391 0.0264250990 0.2961155176 0.0122407703 0.9986914992 -0.0496535897 -0.2970401645 -0.0437838957 -0.9538606405
-501.4 -489.4 2645.0 -0.9552543163 -0.0544236824 0.2907357812 0.0200198609 0.9687764645 0.2471262366 -0.2951075137 0.2418888807 -0.9243383408
-400.6 -160.6 2771.8 -0.4850183427 0.1830012202 0.8551419377 0.0036208392 0.9782713056 -0.2072973549 -0.8744964600 -0.0974466950 -0.4751421511
-473.3 -549.1 2810.5 -0.4850183427 -0.2847684920 0.8268398046 0.0036208392 0.9448337555 0.3275302649 -0.8744964600 0.1618520468 -0.4572305977
-170.2 -139.9 2674.5 0 0 0 0 0 0 0 0 0
-142.1 -151.3 2804.2 0 0 0 0 0 0 0 0 0
-482.3 -829.0 2560.2 0 0 0 0 0 0 0 0 0
-395.1 -808.5 2766.1 0 0 0 0 0 0 0 0 0
-196.4 405.0 2800.2 9 0.4813468754 0.4426975250 -0.7565210462 -0.3776502013 0.8836126328 0.2767832875 0.7910028696 0.1524715573 0.5925089717
-284.9 228.5 2769.8 0.4813468754 0.4426975250 -0.7565210462 -0.3776502013 0.8836126328 0.2767832875 0.7910028696 0.1524715573 0.5925089717
-367.0 49.7 2742.1 0.4944061637 0.4131528139 -0.7647661567 -0.3504359722 0.8998898864 0.2596013546 0.7954603434 0.1396530718 0.5896946788
-357.1 279.6 2653.6 0.0664628148 0.4828778803 -0.8731618524 0.9702674150 0.1728363186 0.1694365591 0.2327312529 -0.8584617376 -0.4570334852
-374.2 30.4 2593.9 -0.7343804240 0.4828778803 -0.4769845903 0.6139094830 0.1728363186 -0.7702225447 -0.2894831598 -0.8584617376 -0.4233709276
-212.7 177.3 2885.9 -0.3373130858 0.6762916446 -0.6548660398 -0.9087780118 -0.0524095930 0.4139755666 0.2456469536 0.7347672582 0.6322773695
-274.2 11.7 2930.7 0.5394151211 0.6762916446 -0.5016582012 -0.6440541744 -0.0524095930 -0.7631824613 -0.5424256325 0.7347672582 0.4072979093
-497.8 -94.6 2638.6 -0.9515998960 0.0099206604 0.3071795404 0.0019479882 0.9996535182 -0.0262501780 -0.3073334992 -0.0243812837 -0.9512894750
-501.8 -491.7 2648.3 -0.9529797435 -0.0573737323 0.2975531518 0.0218065772 0.9663838744 0.2561770082 -0.3022484183 0.2506201267 -0.9196931124
-405.7 -161.0 2782.4 -0.5327706933 0.1825255305 0.8263412118 0.0039329734 0.9769864678 -0.2132649273 -0.8462504745 -0.1103713289 -0.5212276578
-478.2 -549.1 2826.3 -0.5327706933 -0.2975187600 0.7922360301 0.0039329734 0.9352813363 0.3538833261 -0.8462504745 0.1916545182 -0.4971203506
-171.2 -139.3 2673.9 0 0 0 0 0 0 0 0 0
-134.9 -154.7 2790.6 0 0 0 0 0 0 0 0 0
-481.8 -827.9 2561.1 0 0 0 0 0 0 0 0 0
-394.8 -811.3 2772.6 0 0 0 0 0 0 0 0 0
-195.8 404.8 2798.5 0 0.4874339998 0.4469993114 -0.7500664592 -0.3804706335 0.8819169402 0.2783246040 0.7859072089 0.1497133821 0.5999464393
-285.0 228.8 2768.6 0.4874339998 0.4469993114 -0.7500664592 -0.3804706335 0.8819169402 0.2783246040 0.7859072089 0.1497133821 0.5999464393
-367.8 50.4 2740.9 0.5000419617 0.4164638519 -0.7592864037 -0.3544752896 0.8983892202 0.2593146861 0.7901299000 0.1394800544 0.5968584418
-358.0 280.6 2653.2 0.0465896167 0.4984998107 -0.8656369448 0.9736475945 0.1710101217 0.1508835554 0.2232480943 -0.8498550057 -0.4773958623
-370.0 29.6 2595.7 -0.7284772396 0.4984998107 -0.4699136615 0.6140536666 0.1710101217 -0.7705152035 -0.3037416935 -0.8498550057 -0.4306825995
-212.0 177.1 2884.0 -0.3612160981 0.6695456505 -0.6490235329 -0.8896684647 -0.0389747024 0.4549407065 0.2793080509 0.7417476773 0.6097518802
-278.0 14.3 2935.1 0.5452969074 0.6695456505 -0.5043411255 -0.6522720456 -0.0389747024 -0.7569822669 -0.5264906883 0.7417476773 0.4154731035
-494.4 -96.9 2641.4 -0.9540131688 0.0141396532 0.2994309664 0.0099247359 0.9998291731 -0.0155926058 -0.2996003032 -0.0119037786 -0.9539905190
-500.0 -494.1 2646.1 -0.9548228383 -0.0535844490 0.2923047245 0.0229752902 0.9673548341 0.2523821890 -0.2962861359 0.2476960719 -0.9224213958
-403.7 -161.2 2787.2 -0.4848298132 0.1831019223 0.8552272916 0.0144474478 0.9793833494 -0.2014931291 -0.8744891882 -0.0853340253 -0.4774796069
-476.5 -550.2 2821.1 -0.4848298132 -0.2923872471 0.8242874146 0.0144474478 0.9396584630 0.3418087959 -0.8744891882 0.1776279360 -0.4513501823
-168.9 -139.9 2679.6 0 0 0 0 0 0 0 0 0
-136.8 -154.6 2798.8 0 0 0 0 0 0 0 0 0
-481.5 -828.6 2560.5 0 0 0 0 0 0 0 0 0
-395.7 -809.7 2772.1 0 0 0 0 0 0 0 0 0
-196.3 405.1 2798.1 1 0.4654342532 0.4376208782 -0.7693236470 -0.3641967773 0.8869087100 0.2841718495 0.8066794276 0.1479218900 0.5721778274
-283.9 227.7 2768.5 0.4654342532 0.4376208782 -0.7693236470 -0.3641967773 0.8869087100 0.2841718495 0.8066794276 0.1479218900 0.5721778274
-365.4 48.4 2742.2 0.4784281850 0.4103546143 -0.7763475776 -0.3367808759 0.9022350311 0.2693521082 0.8109778762 0.1325933635 0.5698542595
-353.7 276.8 2650.1 0.0620197728 0.5031101704 -0.8619940281 0.9710651040 0.1691448092 0.1685901582 0.2306212336 -0.8475082517 -0.4780623913
-369.3 33.4 2592.3 -0.7200229764 0.5031101704 -0.4779613316 0.6243960261 0.1691448092 -0.7625743151 -0.3028142154 -0.8475082517 -0.4359281659
-214.0 178.5 2886.9 -0.3530115783 0.6840020418 -0.6383761168 -0.8918201327 -0.0396794491 0.4506466091 0.2829127908 0.7284001112 0.6240140796
-278.0 16.9 2938.2 0.5322749019 0.6840020418 -0.4988232553 -0.6556465030 -0.0396794491 -0.7540246248 -0.5355474353 0.7284001112 0.4273431897
-496.4 -95.6 2640.8 -0.9451034665 0.0167751778 0.3263402879 0.0100376243 0.9997004867 -0.0223189145 -0.3266169429 -0.0178180039 -0.9449888468
-503.0 -492.9 2647.9 -0.9461725950 -0.0600289032 0.3180471361 0.0253344513 0.9658995867 0.2576745450 -0.3226695061 0.2518621385 -0.9123868942
-404.7 -160.6 2785.7 -0.4907692969 0.1802528203 0.8524402976 0.0139458794 0.9798659682 -0.1991686672 -0.8711779118 -0.0858578384 -0.4834019244
-476.3 -550.0 2819.8 -0.4907692969 -0.2928950489 0.8205839396 0.0139458794 0.9390426278 0.3435177803 -0.8711779118 0.1800317466 -0.4567686319
-169.6 -139.7 2676.3 0 0 0 0 0 0 0 0 0
-140.0 -153.2 2799.3 0 0 0 0 0 0 0 0 0
-482.2 -828.0 2560.5 0 0 0 0 0 0 0 0 0
-395.7 -808.4 2770.2 0 0 0 0 0 0 0 0 0
-194.7 405.2 2796.9 2 0.4679561257 0.4384459555 -0.7673214674 -0.3641793132 0.8867768645 0.2846053541 0.8052269816 0.1462597847 0.5746455789
-282.4 228.0 2767.7 0.4679561257 0.4384459555 -0.7673214674 -0.3641793132 0.8867768645 0.2846053541 0.8052269816 0.1462597847 0.5746455789
-363.7 48.6 2741.6 0.4812901616 0.4093941152 -0.7750846744 -0.3360336423 0.9028511047 0.2682187259 0.8095932007 0.1313634962 0.5721035600
-352.7 277.0 2649.5 0.0454091057 0.5157893300 -0.8555111885 0.9742295146 0.1665427685 0.1521194428 0.2209407836 -0.8403718472 -0.4949346483
-364.2 30.3 2593.5 -0.7161391377 0.5157893300 -0.4702191949 0.6222072244 0.1665427685 -0.7649325132 -0.3162324131 -0.8403718472 -0.4401956499
-212.1 178.9 2885.9 -0.3707436025 0.6823558807 -0.6300314665 -0.8819895387 -0.0461726934 0.4690015912 0.2909357548 0.7295604944 0.6189489961
-278.3 21.3 2937.9 0.5175747275 0.6823558807 -0.5162430406 -0.6742704511 -0.0461726934 -0.7370396256 -0.5267596245 0.7295604944 0.4361945987
-490.9 -100.0 2641.6 -0.9456621408 0.0328147225 0.3234908879 0.0253749825 0.9993081689 -0.0271904413 -0.3241593540 -0.0175043941 -0.9458405375
-503.9 -497.1 2648.5 -0.9452759624 -0.0682806298 0.3190472126 0.0196907278 0.9641356468 0.2646785676 -0.3256772161 0.2564765513 -0.9100297689
-403.2 -161.7 2790.2 -0.5636270046 0.1896997541 0.8039518595 0.0208874531 0.9762344956 -0.2157078385 -0.8257653117 -0.1047862470 -0.5541944504
-478.5 -549.6 2831.9 -0.5636270046 -0.2960609496 0.7711501122 0.0208874531 0.9281558394 0.3716052473 -0.8257653117 0.2255541086 -0.5169497132
-165.2 -142.5 2681.4 0 0 0 0 0 0 0 0 0
-144.0 -153.7 2801.2 0 0 0 0 0 0 0 0 0
-480.4 -828.1 2560.5 0 0 0 0 0 0 0 0 0
-396.2 -807.6 2769.1 0 0 0 0 0 0 0 0 0
-183.5 408.5 2797.4 3 0.4674397111 0.4535782635 -0.7587930560 -0.3811309040 0.8778705001 0.2899700701 0.7976461053 0.1536559612 0.5832242370
-274.7 232.0 2766.5 0.4674397111 0.4535782635 -0.7587930560 -0.3811309040 0.8778705001 0.2899700701 0.7976461053 0.1536559612 0.5832242370
-359.4 54.5 2738.1 0.4795697331 0.4258659184 -0.7672359943 -0.3566993773 0.8934516311 0.2729647458 0.8017346263 0.1427669823 0.5803784728
-344.8 284.1 2649.4 -0.0428733565 0.4684700966 -0.8824384809 0.9879689813 0.1512434781 0.0322917700 0.1485907882 -0.8704373240 -0.4693182111
-332.6 4.5 2607.3 -0.7415997386 0.4684700966 -0.4801724255 0.6027969718 0.1512434781 -0.7834291458 -0.2943901718 -0.8704373240 -0.3945544958
-204.7 179.9 2883.5 -0.4036829770 0.6567519903 -0.6369590759 -0.8650363684 -0.0472853780 0.4994758964 0.2979129553 0.7526226640 0.5872026682
-277.3 24.3 2937.1 0.5364757180 0.6567519903 -0.5299722552 -0.6721023321 -0.0472853780 -0.7389469147 -0.5103648305 0.7526226640 0.4160371125
-489.2 -100.0 2641.3 -0.9472994804 0.0422773324 0.3175473809 0.0352601632 0.9989910126 -0.0278155096 -0.3184029460 -0.0151528446 -0.9478343725
-506.0 -497.0 2647.3 -0.9458796978 -0.0732780695 0.3161358833 0.0133669265 0.9645478725 0.2635692954 -0.3242420256 0.2535306215 -0.9113667607
-401.0 -161.6 2789.8 -0.5317180753 0.1785337478 0.8278898597 0.0193239786 0.9798315167 -0.1988888830 -0.8467009664 -0.0897546783 -0.5244441032
-471.9 -550.9 2825.4 -0.5317180753 -0.2743601203 0.8012505770 0.0193239786 0.9418977499 0.3353433907 -0.8467009664 0.1937914789 -0.4955223203
-123.3 -165.7 2690.4 0 0 0 0 0 0 0 0 0
-138.0 -150.2 2804.6 0 0 0 0 0 0 0 0 0
-480.8 -829.5 2559.9 0 0 0 0 0 0 0 0 0
-398.2 -803.9 2773.4 0 0 0 0 0 0 0 0 0
-177.5 409.8 2797.1 4 0.4691385627 0.4617690146 -0.7527804375 -0.3817239404 0.8746938109 0.2986595929 0.7963641286 0.1472415775 0.5866208673
-270.5 233.6 2767.4 0.4691385627 0.4617690146 -0.7527804375 -0.3817239404 0.8746938109 0.2986595929 0.7963641286 0.1472415775 0.5866208673
-357.2 57.0 2739.9 0.4800883234 0.4364565015 -0.7609342337 -0.3602235615 0.8890154362 0.2826491594 0.7998463511 0.1384098828 0.5840278268
-340.6 286.3 2650.6 -0.1107716486 0.4031683207 -0.9083968997 0.9904255867 0.1205467358 -0.0672728494 0.0823820010 -0.9071514606 -0.4126613736
-306.5 -18.6 2625.2 -0.7757288218 0.4031683207 -0.4854895771 0.5709122419 0.1205467358 -0.8121131063 -0.2688940763 -0.9071514606 -0.3236852884
-200.4 181.0 2884.2 -0.3901977837 0.6559104323 -0.6461634636 -0.8820703030 -0.0650705621 0.4666024148 0.2640031874 0.7520288229 0.6039494872
-272.0 19.1 2932.7 0.5381112099 0.6559104323 -0.5293560624 -0.6583649516 -0.0650705621 -0.7498809695 -0.5263002515 0.7520288229 0.3968132138
-487.9 -90.3 2636.3 -0.9492098093 0.0529741757 0.3101523817 0.0338726118 0.9972008467 -0.0666565299 -0.3128153086 -0.0527653582 -0.9483472109
-509.0 -486.3 2657.2 -0.9479132295 -0.0766877830 0.3091593087 0.0154935624 0.9583360553 0.2852225900 -0.3181516230 0.2751562595 -0.9072312713
-400.0 -155.7 2783.3 -0.5817716122 0.1978282630 0.7889269590 0.0114395963 0.9718639255 -0.2352650166 -0.8132717013 -0.1278455108 -0.5676659346
-478.6 -541.5 2834.0 -0.5817716122 -0.2844217420 0.7620013356 0.0114395963 0.9339112043 0.3573220372 -0.8132717013 0.2165968120 -0.5400693417
-82.8 -183.2 2702.7 0 0 0 0 0 0 0 0 0
-132.2 -151.9 2796.0 0 0 0 0 0 0 0 0 0
-481.6 -828.8 2558.9 0 0 0 0 0 0 0 0 0
-397.7 -807.1 2772.4 0 0 0 0 0 0 0 0 0
-175.9 411.0 2796.9 5 0.4293722808 0.4627736807 -0.7755513787 -0.3733399510 0.8728818297 0.3141570091 0.8223482966 0.1546540260 0.5475631356
-268.9 235.6 2765.8 0.4293722808 0.4627736807 -0.7755513787 -0.3733399510 0.8728818297 0.3141570091 0.8223482966 0.1546540260 0.5475631356
-356.0 59.1 2738.5 0.4429968894 0.4384022951 -0.7820212245 -0.3467148840 0.8881881833 0.3015137315 0.8267663121 0.1375687420 0.5454651713
-333.5 286.2 2645.2 -0.0930751190 0.3578033447 -0.9291468263 0.9943656921 0.0809553489 -0.0684333295 0.0507337265 -0.9302811623 -0.3633222878
-305.5 -12.7 2629.9 -0.7715672851 0.3578033447 -0.5259854198 0.5867857933 0.0809553489 -0.8056852221 -0.2456955314 -0.9302811623 -0.2724164128
-204.2 185.0 2886.5 -0.3383990824 0.6686984897 -0.6620637178 -0.9140831232 -0.0665112734 0.4000353813 0.2234683633 0.7405528426 0.6337533593
-267.5 14.0 2928.3 0.5375788212 0.6686984897 -0.5136646032 -0.6448248029 -0.0665112734 -0.7614310384 -0.5433322787 0.7405528426 0.3954383433
-487.9 -86.6 2639.1 -0.9353287220 0.0436571687 0.3510758281 0.0285536833 0.9984350204 -0.0480858088 -0.3526256680 -0.0349515304 -0.9351115227
-505.3 -483.1 2653.0 -0.9354842901 -0.0677437931 0.3468139172 0.0307294764 0.9621380568 0.2708248496 -0.3520295620 0.2640098035 -0.8979833126
-399.9 -152.6 2785.8 -0.5546277761 0.1922991574 0.8095734119 0.0170270335 0.9753487706 -0.2200110406 -0.8319243193 -0.1082395986 -0.5442298055
-476.3 -540.0 2828.8 -0.5546277761 -0.2712773681 0.7866362929 0.0170270335 0.9414663315 0.3366767764 -0.8319243193 0.2001243681 -0.5175443292
-84.1 -181.1 2700.5 0 0 0 0 0 0 0 0 0
-127.9 -153.4 2787.2 0 0 0 0 0 0 0 0 0
-480.8 -830.0 2557.8 0 0 0 0 0 0 0 0 0
-399.8 -805.4 2772.3 0 0 0 0 0 0 0 0 0
-173.4 413.1 2807.8 6 0.4230005145 0.4653970599 -0.7774806023 -0.3891662955 0.8681682944 0.3079503477 0.8183032274 0.1723060906 0.5483524799
-267.5 237.6 2773.0 0.4230005145 0.4653970599 -0.7774806023 -0.3891662955 0.8681682944 0.3079503477 0.8183032274 0.1723060906 0.5483524799
-355.6 62.3 2742.1 0.4359255731 0.4436197579 -0.7830519676 -0.3642727733 0.8825902939 0.2972199619 0.8229667544 0.1556787342 0.5463422537
-331.1 290.8 2652.9 -0.0907859206 0.3696134686 -0.9247398376 0.9937031865 0.0948494375 -0.0596455634 0.0656652525 -0.9243319035 -0.3758970499
-303.3 -14.1 2632.7 -0.7721757889 0.3696134686 -0.5168466568 0.5846846700 0.0948494375 -0.8056968451 -0.2487737983 -0.9243319035 -0.2893477678
-203.9 184.5 2893.1 -0.3747693002 0.6534106731 -0.6577252150 -0.9017421007 -0.0920538902 0.4223591685 0.2154278159 0.7513858080 0.6237068772
-271.8 21.0 2932.2 0.5356218219 0.6534106731 -0.5349427462 -0.6451938748 -0.0920538902 -0.7584530115 -0.5448248386 0.7513858080 0.3722704947
-483.7 -85.6 2635.4 -0.9336640239 0.0401388854 0.3558937311 0.0286035426 0.9988827705 -0.0376178026 -0.3570060432 -0.0249425676 -0.9337689877
-499.6 -482.4 2645.3 -0.9342780709 -0.0503860265 0.3529670835 0.0393210016 0.9693650603 0.2424566150 -0.3543703854 0.2404009104 -0.9036753178
-402.5 -148.2 2786.0 -0.5527938604 0.0824527442 0.8292288780 0.0142628700 0.9958832860 -0.0895155594 -0.8331959844 -0.0376564674 -0.5516942143
-434.8 -538.7 2800.8 -0.5528151393 -0.1342415810 0.8224200010 0.0144189568 0.9852500558 0.1705120802 -0.8331791759 0.1061201021 -0.5427255630
-82.1 -181.6 2704.0 0 0 0 0 0 0 0 0 0
-132.6 -146.6 2790.7 0 0 0 0 0 0 0 0 0
-481.6 -829.3 2559.3 0 0 0 0 0 0 0 0 0
-391.0 -860.7 2766.1 0 0 0 0 0 0 0 0 0
-170.4 410.1 2792.3 7 0.4351481199 0.4852476418 -0.7584067583 -0.3782177269 0.8629302979 0.3351158798 0.8170663714 0.1410178393 0.5590317249
-268.4 235.8 2763.8 0.4351481199 0.4852476418 -0.7584067583 -0.3782177269 0.8629302979 0.3351158798 0.8170663714 0.1410178393 0.5590317249
-358.5 60.7 2738.3 0.4497663975 0.4535454512 -0.7694197297 -0.3510482013 0.8819082975 0.3146472871 0.8212645054 0.1285856366 0.5558690429
-334.1 287.1 2643.9 -0.1036643386 0.3468056619 -0.9321907163 0.9939000607 0.0715837255 -0.0838952288 0.0376343466 -0.9352013469 -0.3521108329
