58.6 318.1 2220.8 2 0.5161940455 0.5316216946 -0.6715072989 -0.3089857101 0.8468312025 0.4329026341 0.7987937927 -0.0159756020 0.6013927460
-46.1 151.2 2223.9 0.5161940455 0.5316216946 -0.6715072989 -0.3089857101 0.8468312025 0.4329026341 0.7987937927 -0.0159756020 0.6013927460
-144.0 -16.3 2227.9 0.5281410813 0.5040087700 -0.6834048629 -0.2892559469 0.8634533286 0.4132545292 0.7983720899 -0.0205777753 0.6018127203
-118.2 190.7 2115.0 0.1479468048 0.4134106040 -0.8984450102 0.9346151948 0.2386427373 0.2637120485 0.3234287500 -0.8787156940 -0.3510734141
-156.9 -53.7 2030.4 -0.6692512631 0.4134106040 -0.6174094081 0.7340008616 0.2386427373 -0.6358399391 -0.1155226827 -0.8787156940 -0.4631556869
26.0 111.7 2332.9 0.1616496146 0.9838032126 -0.0774636343 -0.9699131250 0.1439056545 -0.1963661909 -0.1820382476 0.1068755165 0.9774659872
63.9 -115.8 2290.2 0.1679484993 0.9838032126 0.0626459643 -0.5316314101 0.1439056545 -0.8346611261 -0.8301574588 0.1068755165 0.5471894145
-292.1 -152.7 2166.9 0.3835097849 -0.2670662403 -0.8840790987 0.0988701209 0.9636467695 -0.2482129335 0.9182292223 0.0077830777 0.3959728181
-188.5 -526.7 2163.9 0.3649574518 0.1982629895 -0.9096691012 -0.0022389709 0.9772468209 0.2120933384 0.9310215116 -0.0753683224 0.3570974171
-196.8 -203.5 2309.5 -0.8725554943 -0.1520142555 -0.4642612934 -0.0838099346 0.9828437567 -0.1642985046 0.4812720418 -0.1044498533 -0.8703260422
-137.9 -584.7 2350.0 -0.8479795456 0.2213192731 -0.4816103280 0.2617762089 0.9649704695 -0.0174711663 0.4608730376 -0.1408893168 -0.8762112856
28.5 -257.0 2062.4 0 0 0 0 0 0 0 0 0
106.7 -251.4 2078.4 0 0 0 0 0 0 0 0 0
-262.4 -891.4 2192.0 0 0 0 0 0 0 0 0 0
-220.3 -944.2 2402.4 0 0 0 0 0 0 0 0 0
56.8 318.1 2216.9 3 0.4962324798 0.5329455733 -0.6853629351 -0.2761258185 0.8453080058 0.4573935568 0.8231086731 -0.0377271622 0.5666293502
-48.8 150.7 2224.3 0.4962324798 0.5329455733 -0.6853629351 -0.2761258185 0.8453080058 0.4573935568 0.8231086731 -0.0377271622 0.5666293502
-146.8 -16.6 2232.7 0.5081409216 0.5049597025 -0.6977166533 -0.2565362155 0.8620659709 0.4370714128 0.8221812248 -0.0431042686 0.5675914288
-118.1 185.6 2112.2 0.1223982796 0.4037138820 -0.9066607952 0.9423151612 0.2394908518 0.2338510156 0.3115458786 -0.8829831481 -0.3511124551
-149.7 -57.2 2031.9 -0.6778544784 0.4037138820 -0.6144334078 0.7264782190 0.2394908518 -0.6441067457 -0.1128836721 -0.8829831481 -0.4556292892
20.6 115.7 2336.5 0.1823552698 0.9812992811 -0.0616303235 -0.9631999731 0.1657002121 -0.2116345912 -0.1974647194 0.0979550108 0.9754037857
64.7 -117.2 2288.8 0.1708165705 0.9812992811 0.0887324065 -0.5150431395 0.1657002121 -0.8409958482 -0.8399716020 0.0979550108 0.5337157845
-289.0 -158.0 2160.5 0.3699418902 -0.2566223145 -0.8929098248 0.1026305780 0.9665007591 -0.2352514118 0.9233688116 -0.0046104989 0.3838863969
-189.4 -533.1 2162.3 0.3551923633 0.1963324249 -0.9139431119 0.0236130152 0.9754990339 0.2187327296 0.9344949722 -0.0992731452 0.3418538272
-194.5 -209.8 2303.4 -0.8844921589 -0.1431557387 -0.4440495372 -0.0624872595 0.9795361161 -0.1913226247 0.4623515010 -0.1414759308 -0.8753374219
-139.0 -589.6 2358.3 -0.8556895256 0.2284866720 -0.4643159211 0.2473123521 0.9687098861 0.0209226385 0.4545679688 -0.0969277769 -0.8854224682
38.2 -258.5 2063.2 0 0 0 0 0 0 0 0 0
108.3 -248.6 2074.5 0 0 0 0 0 0 0 0 0
-262.7 -897.1 2199.3 0 0 0 0 0 0 0 0 0
-224.1 -950.5 2394.4 0 0 0 0 0 0 0 0 0
55.4 317.7 2214.9 4 0.5053065419 0.5301830173 -0.6808606982 -0.2750294209 0.8468022346 0.4552854598 0.8179389834 -0.0428019799 0.5737106204
-49.0 151.0 2223.3 0.5053065419 0.5301830173 -0.6808606982 -0.2750294209 0.8468022346 0.4552854598 0.8179389834 -0.0428019799 0.5737106204
-146.0 -16.8 2232.2 0.5168531537 0.5000678301 -0.6948345304 -0.2558465898 0.8647876978 0.4320703149 0.8169487715 -0.0455458686 0.5749089122
-119.5 185.9 2111.8 0.0980271995 0.4000258744 -0.9112463593 0.9478440285 0.2415209413 0.2079888880 0.3032860160 -0.8841080070 -0.3554865122
-145.2 -62.5 2032.3 -0.6901510358 0.4000258744 -0.6030513048 0.7141141891 0.2415209413 -0.6570453048 -0.1171856150 -0.8841080070 -0.4523500800
21.6 116.1 2334.9 0.1727408618 0.9816218615 -0.0811116993 -0.9669225812 0.1533095688 -0.2038550079 -0.1876733303 0.1136428192 0.9756351709
63.0 -115.5 2289.9 0.1771945506 0.9816218615 0.0708562285 -0.5111154318 0.1533095688 -0.8457288146 -0.8410488367 0.1136428192 0.5288876891
-290.4 -160.9 2167.5 0.3811011314 -0.2562019229 -0.8883256912 0.0896965861 0.9665501118 -0.2402818501 0.9201719761 0.0118919015 0.3913337886
-190.9 -536.0 2162.9 0.3690630198 0.1869491935 -0.9104079008 0.0221911315 0.9775087833 0.2097240239 0.9291394353 -0.0976043642 0.3566137254
-199.4 -206.7 2314.6 -0.8760548234 -0.1611729413 -0.4544790685 -0.0928068012 0.9812233448 -0.1690788567 0.4731963873 -0.1059436053 -0.8745633960
-136.9 -587.2 2355.7 -0.8465160131 0.2381671220 -0.4761166871 0.2651072443 0.9641567469 0.0109488014 0.4616587460 -0.1169536486 -0.8793139458
46.0 -260.4 2064.8 0 0 0 0 0 0 0 0 0
108.2 -245.9 2075.3 0 0 0 0 0 0 0 0 0
-260.7 -900.8 2199.3 0 0 0 0 0 0 0 0 0
-225.7 -946.6 2399.3 0 0 0 0 0 0 0 0 0
55.3 320.6 2220.4 5 0.5280501246 0.5179230571 -0.6729924083 -0.2998551130 0.8551574945 0.4228387475 0.7945123911 -0.0214798525 0.6068679094
-46.0 153.4 2224.6 0.5280501246 0.5179230571 -0.6729924083 -0.2998551130 0.8551574945 0.4228387475 0.7945123911 -0.0214798525 0.6068679094
-141.4 -15.6 2230.4 0.5410452485 0.4908677936 -0.6828754544 -0.2776226699 0.8707158566 0.4059304595 0.7938486934 -0.0300450493 0.6073727012
-119.9 191.2 2116.3 0.0931039751 0.3925207257 -0.9150186777 0.9476845264 0.2468882799 0.2023368180 0.3053287864 -0.8859874010 -0.3489995301
-145.0 -64.4 2034.0 -0.7056937814 0.3925207257 -0.5898506641 0.6986274719 0.2468882799 -0.6715399027 -0.1179661155 -0.8859874010 -0.4484532773
27.8 115.5 2333.0 0.1511102170 0.9796968699 -0.1317561865 -0.9717989564 0.1228197068 -0.2013010532 -0.1810317636 0.1584591717 0.9706277251
63.6 -114.6 2290.1 0.1993357539 0.9796968699 0.0214300826 -0.5122531056 0.1228197068 -0.8500071168 -0.8353813291 0.1584591717 0.5263351798
-289.4 -161.7 2167.9 0.3972821832 -0.2500735819 -0.8829666376 0.0920729935 0.9681622982 -0.2327753454 0.9130659699 0.0111801159 0.4076586366
-192.3 -537.5 2163.5 0.3837174177 0.1851704568 -0.9046949148 0.0139649175 0.9784139991 0.2061821669 0.9233449697 -0.0917496756 0.3728485703
-196.9 -207.5 2314.2 -0.8706880212 -0.1548765898 -0.4668143094 -0.0654635355 0.9771745801 -0.2020999491 0.4874596000 -0.1454066932 -0.8609529734
-136.8 -586.3 2370.5 -0.8359924555 0.2435187101 -0.4917470813 0.2253011465 0.9694427848 0.0970568135 0.5003558397 -0.0296524148 -0.8653119802
50.5 -258.0 2066.7 0 0 0 0 0 0 0 0 0
114.5 -245.3 2077.0 0 0 0 0 0 0 0 0 0
-261.5 -902.7 2197.8 0 0 0 0 0 0 0 0 0
-227.3 -946.6 2381.5 0 0 0 0 0 0 0 0 0
54.0 319.3 2223.2 6 0.4976950288 0.5260850787 -0.6895897985 -0.2951512039 0.8503277898 0.4356930256 0.8155890107 -0.0133089852 0.5784785748
-49.3 152.3 2225.8 0.4976950288 0.5260850787 -0.6895897985 -0.2951512039 0.8503277898 0.4356930256 0.8155890107 -0.0133089852 0.5784785748
-146.2 -15.8 2229.6 0.5097700357 0.4989704788 -0.7008302212 -0.2749285400 0.8663921356 0.4168680906 0.8151986599 -0.0198286325 0.5788419247
-118.9 189.8 2114.6 0.1142272800 0.4033810496 -0.9078743458 0.9464276433 0.2336524129 0.2228929698 0.3020378351 -0.8846978545 -0.3550814688
-149.4 -62.4 2034.1 -0.7152613401 0.4033810496 -0.5706881285 0.6835204959 0.2336524129 -0.6915245652 -0.1456052512 -0.8846978545 -0.4428417683
20.2 114.8 2337.1 0.1769189388 0.9732632637 -0.1464865059 -0.9646493793 0.1419319659 -0.2220516205 -0.1953235716 0.1805932522 0.9639682770
62.7 -116.8 2290.1 0.2283816785 0.9732632637 0.0245033875 -0.5140933990 0.1419319659 -0.8459097147 -0.8267706633 0.1805932522 0.5327628851
-285.2 -159.7 2165.2 0.3663353622 -0.2415000349 -0.8985967636 0.0913723335 0.9704008102 -0.2235473394 0.9259856939 -0.0002135877 0.3775585592
-191.4 -536.4 2165.3 0.3501743376 0.1909304857 -0.9170188308 0.0008157872 0.9789423943 0.2041349858 0.9366841912 -0.0722309202 0.3426447511
-188.3 -209.3 2307.3 -0.8911599517 -0.1193124652 -0.4377196133 -0.0316929184 0.9788150191 -0.2022787482 0.4525809288 -0.1663901061 -0.8760621548
-142.0 -588.7 2371.8 -0.8628912568 0.2227476835 -0.4536541700 0.2122754604 0.9743545055 0.0746484101 0.4586477578 -0.0318861902 -0.8880459070
48.8 -251.7 2074.4 0 0 0 0 0 0 0 0 0
121.0 -247.9 2079.3 0 0 0 0 0 0 0 0 0
-262.7 -901.7 2192.2 0 0 0 0 0 0 0 0 0
-225.0 -951.6 2383.6 0 0 0 0 0 0 0 0 0
52.7 327.0 2218.1 7 0.4913583696 0.5254683495 -0.6945861578 -0.2711974382 0.8501578569 0.4513131976 0.8276587129 -0.0333865248 0.5602378249
-50.8 159.4 2224.7 0.4913583696 0.5254683495 -0.6945861578 -0.2711974382 0.8501578569 0.4513131976 0.8276587129 -0.0333865248 0.5602378249
-147.9 -8.5 2231.9 0.5015930533 0.4998217225 -0.7061038613 -0.2540730536 0.8653244376 0.4320422411 0.8269529939 -0.0373074412 0.5610319972
-119.3 194.1 2111.8 0.1435580105 0.3540891409 -0.9241276979 0.9479035735 0.2191320211 0.2312141657 0.2843763828 -0.9091765881 -0.3041841984
-158.6 -65.4 2033.9 -0.7663966417 0.3540891409 -0.5359637141 0.6251304150 0.2191320211 -0.7491282821 -0.1478113681 -0.9091765881 -0.3892939091
17.6 124.8 2337.5 0.1695301831 0.9671587348 -0.1893765926 -0.9688917398 0.1284077764 -0.2115661949 -0.1803006679 0.2193522751 0.9588410854
59.7 -115.6 2292.8 0.2539644837 0.9671587348 -0.0102964723 -0.5231656432 0.1284077764 -0.8425016999 -0.8135107756 0.2193522751 0.5385952592
-288.7 -159.4 2160.5 0.3597184718 -0.2546313703 -0.8976444006 0.1058773249 0.9669682384 -0.2318673134 0.9270343184 -0.0116332322 0.3747960031
-189.8 -534.7 2165.0 0.3418109119 0.2052589804 -0.9170790911 0.0136050163 0.9746730328 0.2232203931 0.9396702647 -0.0887760445 0.3303613365
-197.4 -208.5 2306.4 -0.8897296190 -0.1459349841 -0.4325323105 -0.0627349243 0.9776216149 -0.2007990479 0.4521565735 -0.1515219808 -0.8789741397
-140.8 -587.6 2365.1 -0.8608246446 0.2275774181 -0.4551807046 0.2319960445 0.9715797305 0.0470180325 0.4529446065 -0.0651258454 -0.8891568184
52.6 -237.7 2074.7 0 0 0 0 0 0 0 0 0
124.5 -249.0 2085.4 0 0 0 0 0 0 0 0 0
-266.4 -898.4 2198.1 0 0 0 0 0 0 0 0 0
-225.6 -949.7 2389.4 0 0 0 0 0 0 0 0 0
54.4 329.3 2221.5 8 0.4964103997 0.5271203518 -0.6897252202 -0.2919949591 0.8496282697 0.4391705394 0.8175057769 -0.0166125372 0.5756807923
-49.6 161.7 2224.8 0.4964103997 0.5271203518 -0.6897252202 -0.2919949591 0.8496282697 0.4391705394 0.8175057769 -0.0166125372 0.5756807923
-147.0 -6.2 2228.0 0.5052273273 0.5016334057 -0.7022174001 -0.2773004472 0.8649203181 0.4183507562 0.8172208071 -0.0166370105 0.5760844946
-118.6 199.5 2113.3 0.1673384756 0.3242932260 -0.9310379624 0.9443232417 0.2186275870 0.2458772510 0.2832868993 -0.9203455448 -0.2696528137
-165.5 -65.2 2033.9 -0.7911055088 0.3242932260 -0.5186385512 0.5961056948 0.2186275870 -0.7725671530 -0.1371495873 -0.9203455448 -0.3662705421
19.4 123.8 2336.4 0.1580111384 0.9652527571 -0.2081335187 -0.9758656621 0.1204763055 -0.1821309328 -0.1507272273 0.2318890691 0.9609936476
56.9 -107.6 2300.6 0.2597558498 0.9652527571 -0.0285302028 -0.5392363667 0.1204763055 -0.8334924579 -0.8010936379 0.2318890691 0.5517938137
-289.8 -153.7 2165.1 0.3621049821 -0.2608111203 -0.8949064612 0.0899250805 0.9653548002 -0.2449562550 0.9277895689 0.0082253478 0.3730132580
-188.6 -528.3 2161.9 0.3519370854 0.2023254484 -0.9138953686 0.0387644954 0.9723711014 0.2301993221 0.9352205992 -0.1164423674 0.3343704045
-200.0 -199.1 2313.1 -0.8868167400 -0.1580703110 -0.4342462718 -0.0776488855 0.9772895575 -0.1971695274 0.4555509984 -0.1411345005 -0.8789507151
-138.7 -578.3 2367.9 -0.8590118289 0.2233757675 -0.4606537819 0.2157035023 0.9739438295 0.0700387061 0.4642958641 -0.0392005555 -0.8848122358
53.3 -230.0 2071.8 0 0 0 0 0 0 0 0 0
123.1 -245.1 2096.3 0 0 0 0 0 0 0 0 0
-264.1 -891.1 2205.3 0 0 0 0 0 0 0 0 0
-222.0 -941.4 2382.5 0 0 0 0 0 0 0 0 0
53.8 324.9 2223.2 9 0.4901176989 0.5392224193 -0.6848531365 -0.3084411919 0.8421450853 0.4423298538 0.8152598739 -0.0055567794 0.5790686011
-52.5 158.9 2224.3 0.4901176989 0.5392224193 -0.6848531365 -0.3084411919 0.8421450853 0.4423298538 0.8152598739 -0.0055567794 0.5790686011
-152.0 -7.7 2225.4 0.4995096922 0.5128259659 -0.6982117295 -0.2932591438 0.8584755659 0.4207359552 0.8151620030 -0.0054047224 0.5792077780
-120.7 199.0 2113.0 0.2033968419 0.3364458382 -0.9194748402 0.9354506731 0.2104862183 0.2839500308 0.2890705764 -0.9178778529 -0.2719162405
-176.0 -55.6 2034.4 -0.7705463171 0.3364458382 -0.5413525701 0.6218547821 0.2104862183 -0.7543156743 -0.1398391277 -0.9178778529 -0.3714098334
15.8 118.9 2335.7 0.1762644798 0.9648973942 -0.1946891397 -0.9731613994 0.1410928369 -0.1817958057 -0.1479450613 0.2215081006 0.9638705254
57.1 -109.3 2301.0 0.2625634670 0.9648973942 -0.0057837740 -0.5368268490 0.1410928369 -0.8318111300 -0.8017963171 0.2215081006 0.5550286174
-289.6 -149.2 2158.1 0.3533837199 -0.2616565526 -0.8981401920 0.1028757840 0.9651331306 -0.2406960279 0.9298045635 -0.0073388210 0.3679804802
-188.1 -523.8 2160.9 0.3435456753 0.2000198364 -0.9175883532 0.0529579148 0.9713752270 0.2315720022 0.9376416206 -0.1281491220 0.3231191337
-199.1 -198.8 2304.4 -0.8857969642 -0.1687387079 -0.4323089123 -0.0907993987 0.9765660763 -0.1951259077 0.4551035166 -0.1335885376 -0.8803606629
-133.7 -577.8 2356.2 -0.8521279097 0.2517748475 -0.4587891400 0.2714820802 0.9621497989 0.0237748809 0.4474097788 -0.1042937860 -0.8882270455
37.6 -227.9 2073.1 0 0 0 0 0 0 0 0 0
124.1 -246.3 2096.4 0 0 0 0 0 0 0 0 0
-262.7 -886.2 2208.8 0 0 0 0 0 0 0 0 0
-227.3 -935.8 2395.0 0 0 0 0 0 0 0 0 0
53.1 324.6 2223.6 0 0.4840706587 0.5408393145 -0.6878724098 -0.3046023548 0.8410981894 0.4469577670 0.8203005791 -0.0068315966 0.5718919039
-53.6 158.7 2225.0 0.4840706587 0.5408393145 -0.6878724098 -0.3046023548 0.8410981894 0.4469577670 0.8203005791 -0.0068315966 0.5718919039
-151.5 -8.9 2225.3 0.4947223365 0.5042671561 -0.7077884078 -0.2872287035 0.8635458946 0.4144733250 0.8202130795 -0.0017520722 0.5720554590
-121.2 197.9 2112.9 0.2257838696 0.3219997585 -0.9194225669 0.9315030575 0.2049184293 0.3005169630 0.2851729989 -0.9242967963 -0.2536764741
-182.1 -53.5 2036.0 -0.7793748379 0.3219997585 -0.5374858379 0.6116396189 0.2049184293 -0.7641370296 -0.1359111816 -0.9242967963 -0.3566560745
14.0 119.4 2337.0 0.1817445606 0.9655916095 -0.1860154122 -0.9694576859 0.1442625821 -0.1983433664 -0.1646836251 0.2163818926 0.9623191953
57.5 -112.6 2297.6 0.2600618899 0.9655916095 0.0007994656 -0.5330740809 0.1442625821 -0.8336787820 -0.8051086068 0.2163818926 0.5522490740
-296.3 -148.0 2153.4 0.3388791382 -0.2796002328 -0.8983232379 0.1239827201 0.9597645402 -0.2519530058 0.9326248765 -0.0259949397 0.3599097729
-187.8 -520.4 2163.5 0.3237964213 0.1943895817 -0.9259420037 0.0428539366 0.9746481776 0.2196005881 0.9451557398 -0.1107861400 0.3072572351
-201.2 -201.4 2301.6 -0.8836646080 -0.2098711133 -0.4184387624 -0.1262771487 0.9676017761 -0.2186341584 0.4507670999 -0.1403600127 -0.8815373182
-119.8 -576.5 2356.0 -0.8553832173 0.2513436973 -0.4529303908 0.2880678773 0.9575261474 -0.0126736220 0.4305072427 -0.1413154900 -0.8914557695
33.9 -223.0 2073.6 0 0 0 0 0 0 0 0 0
123.8 -248.6 2092.2 0 0 0 0 0 0 0 0 0
-260.3 -884.1 2204.9 0 0 0 0 0 0 0 0 0
-213.4 -933.2 2408.6 0 0 0 0 0 0 0 0 0
55.9 326.6 2224.3 1 0.4871181548 0.5489962697 -0.6792046428 -0.3160378337 0.8358150721 0.4489244819 0.8141474128 -0.0040248916 0.5806443095
-52.5 161.5 2225.1 0.4871181548 0.5489962697 -0.6792046428 -0.3160378337 0.8358150721 0.4489244819 0.8141474128 -0.0040248916 0.5806443095
-153.5 -4.2 2225.3 0.4963543713 0.5204682946 -0.6947986484 -0.3014451563 0.8538802266 0.4242869020 0.8141026497 -0.0011529744 0.5807198286
-120.3 202.7 2113.9 0.2366744578 0.3279021084 -0.9145848155 0.9296211004 0.1972482055 0.3112840652 0.2824709117 -0.9238903522 -0.2581411004
-185.4 -53.1 2036.2 -0.7842613459 0.3279021084 -0.5267013907 0.6020736694 0.1972482055 -0.7736927271 -0.1498045623 -0.9238903522 -0.3521153927
15.3 120.4 2336.3 0.1758805513 0.9685799479 -0.1758377254 -0.9709016085 0.1411858052 -0.1934338659 -0.1625303626 0.2047423869 0.9652276635
57.4 -112.2 2297.4 0.2486902326 0.9685799479 0.0024574688 -0.5416915417 0.1411858052 -0.8286355734 -0.8029467463 0.2047423869 0.5597831011
-293.7 -150.8 2152.2 0.3454334438 -0.2688890100 -0.8990964293 0.1260020435 0.9626863003 -0.2394964993 0.9299458265 -0.0305578895 0.3664246202
-189.3 -524.4 2164.0 0.3293069303 0.1904760003 -0.9248112440 0.0363539308 0.9761577249 0.2139963508 0.9435228109 -0.1040910110 0.3145309687
-202.2 -202.7 2300.2 -0.5667192340 -0.1965517253 -0.8001229167 0.0873086527 0.9513334036 -0.2955367267 0.8192719221 -0.2373440117 -0.5219782591
-126.3 -570.0 2391.8 -0.5667192340 0.2434586585 -0.7871195674 0.0873086527 0.9677118659 0.2364549786 0.8192719221 0.0652812421 -0.5696769953
33.1 -220.8 2077.9 0 0 0 0 0 0 0 0 0
120.8 -250.4 2092.5 0 0 0 0 0 0 0 0 0
-260.4 -888.8 2202.9 0 0 0 0 0 0 0 0 0
-215.2 -923.1 2368.0 0 0 0 0 0 0 0 0 0
57.2 325.9 2230.1 2 0.5025209188 0.5463881493 -0.6700244546 -0.3481143117 0.8372600675 0.4216775894 0.7913843393 0.0213432945 0.6109462380
-50.1 161.4 2225.9 0.5025209188 0.5463881493 -0.6700244546 -0.3481143117 0.8372600675 0.4216775894 0.7913843393 0.0213432945 0.6109462380
-152.1 -3.7 2222.0 0.5110702515 0.5252097249 -0.6804130673 -0.3346473575 0.8507245183 0.4053133428 0.7917186022 0.0205548480 0.6105400324
-119.9 207.1 2117.9 0.2459403574 0.3278262317 -0.9121640921 0.9245712161 0.2031861544 0.3223094940 0.2910006344 -0.9226295948 -0.2531270385
-188.6 -51.0 2036.7 -0.7796643972 0.3278262317 -0.5335292220 0.6097084880 0.2031861544 -0.7661402822 -0.1427551359 -0.9226295948 -0.3582954407
19.6 115.7 2334.0 0.1605062783 0.9722619057 -0.1701307595 -0.9749082327 0.1292257309 -0.1812584102 -0.1542453766 0.1949550062 0.9686077237
57.1 -111.7 2298.0 0.2338901460 0.9722619057 -0.0014632695 -0.5423741937 0.1292257309 -0.8301391006 -0.8069235682 0.1949550062 0.5575544238
-299.0 -142.9 2152.7 0.3517112136 -0.2886106074 -0.8905072212 0.1349684298 0.9569810033 -0.2568479478 0.9263275266 -0.0298540536 0.3755342960
-187.0 -514.3 2164.2 0.3329551220 0.1925209016 -0.9230799675 0.0302619562 0.9762494564 0.2145256102 0.9424569607 -0.0993616059 0.3192211986
-208.7 -197.1 2299.0 -0.5430145264 -0.1813809723 -0.8199000955 0.0259593762 0.9723005295 -0.2322882116 0.8393219709 -0.1474199593 -0.5232647657
-138.8 -571.9 2355.9 -0.5155621171 0.1978437454 -0.8336987495 0.2070360184 0.9729122519 0.1028485149 0.8314636350 -0.1195808724 -0.5425574780
29.7 -221.6 2076.6 0 0 0 0 0 0 0 0 0
116.7 -250.1 2092.1 0 0 0 0 0 0 0 0 0
-258.8 -878.7 2201.3 0 0 0 0 0 0 0 0 0
-210.5 -924.6 2399.2 0 0 0 0 0 0 0 0 0
56.4 327.3 2235.0 3 0.4760791659 0.5441631675 -0.6908220053 -0.3327958882 0.8386186957 0.4312372804 0.8139997125 0.0245996490 0.5803441405
-50.5 162.7 2230.2 0.4760791659 0.5441631675 -0.6908220053 -0.3327958882 0.8386186957 0.4312372804 0.8139997125 0.0245996490 0.5803441405
-151.9 -2.7 2225.3 0.4835529923 0.5226550102 -0.7021454573 -0.3209507763 0.8521626592 0.4132909477 0.8143507242 0.0255060531 0.5798122883
-116.5 206.5 2119.1 0.2761404812 0.3326288164 -0.9017230868 0.9145509005 0.1975546926 0.3529430926 0.2955386639 -0.9221335053 -0.2496531457
-191.8 -42.9 2038.5 -0.7484183311 0.3326288164 -0.5737839937 0.6502283216 0.1975546926 -0.7336043119 -0.1306642145 -0.9221335053 -0.3641382456
15.5 118.9 2341.3 0.1741509289 0.9718351364 -0.1587700695 -0.9671748877 0.1385105848 -0.2130436152 -0.1850519329 0.1906601638 0.9640562534
57.8 -116.0 2296.4 0.2353410274 0.9718351364 0.0122915367 -0.5282225609 0.1385105848 -0.8377324939 -0.8158403635 0.1906601638 0.5459424257
-299.9 -138.7 2147.2 0.3231519759 -0.2810006738 -0.9036655426 0.1355170757 0.9587978721 -0.2496833354 0.9365937710 -0.0417764485 0.3479178250
-190.8 -510.9 2163.4 0.3088859022 0.1706756949 -0.9356598258 0.0464289822 0.9798882008 0.1940709054 0.9499651790 -0.1033875048 0.2947493494
-207.7 -198.7 2289.2 -0.5731512904 -0.1685238779 -0.8019334674 0.0432870910 0.9710317254 -0.2349971384 0.8183054924 -0.1694022715 -0.5492531657
-142.5 -574.3 2354.7 -0.5490277410 0.1930518597 -0.8132032156 0.2048355490 0.9743664265 0.0930183828 0.8103153110 -0.1155032516 -0.5744981170
17.2 -224.4 2075.0 0 0 0 0 0 0 0 0 0
117.8 -250.8 2088.3 0 0 0 0 0 0 0 0 0
-254.5 -876.6 2202.0 0 0 0 0 0 0 0 0 0
-213.5 -932.8 2397.2 0 0 0 0 0 0 0 0 0
55.1 330.1 2236.0 4 0.4848271906 0.5350492597 -0.6918560863 -0.3175979555 0.8447505236 0.4307297766 0.8149074316 0.0109025650 0.5794885755
-50.3 163.7 2233.9 0.4848271906 0.5350492597 -0.6918560863 -0.3175979555 0.8447505236 0.4307297766 0.8149074316 0.0109025650 0.5794885755
-149.6 -3.0 2232.3 0.4943454266 0.5114828944 -0.7028568983 -0.3021000028 0.8592537642 0.4128178060 0.8150817156 0.0082584806 0.5792871714
-117.8 204.9 2122.6 0.2716296017 0.3408827782 -0.9000090361 0.9104217291 0.2121655643 0.3551309705 0.3120089471 -0.9158518910 -0.2527166605
-191.9 -43.5 2037.5 -0.7552419305 0.3408827782 -0.5598290563 0.6419359446 0.2121655643 -0.7368202209 -0.1323928833 -0.9158518910 -0.3790612519
17.1 122.5 2345.1 0.1706478596 0.9754073024 -0.1394988745 -0.9662749767 0.1379521787 -0.2174439728 -0.1928522587 0.1719006151 0.9660528898
58.7 -112.9 2298.2 0.2195485830 0.9754073024 0.0194691624 -0.5392190814 0.1379521787 -0.8307899833 -0.8130444288 0.1719006151 0.5562453866
-296.7 -139.4 2147.5 0.3344812989 -0.2731667161 -0.9019435644 0.1351556629 0.9610794187 -0.2409550697 0.9326602817 -0.0413078181 0.3583830893
-190.6 -512.4 2163.5 0.3199756145 0.1748237014 -0.9311563969 0.0467931964 0.9787122011 0.1998319179 0.9462695122 -0.1075131223 0.3049834967
-209.8 -196.9 2293.4 -0.5648745298 -0.1617601812 -0.8091664910 0.0360507891 0.9748236537 -0.2200434953 0.8243889213 -0.1534680575 -0.5448215008
-147.1 -574.5 2352.8 -0.5421013832 0.1800688952 -0.8207930923 0.2054921389 0.9755218625 0.0782944858 0.8148000240 -0.1262229830 -0.5658344626
18.8 -222.6 2074.4 0 0 0 0 0 0 0 0 0
114.7 -250.4 2090.8 0 0 0 0 0 0 0 0 0
-255.9 -877.7 2203.7 0 0 0 0 0 0 0 0 0
-213.8 -936.0 2399.6 0 0 0 0 0 0 0 0 0
50.7 329.9 2230.5 5 0.4810535908 0.5284625292 -0.6995103955 -0.2816653848 0.8487604260 0.4475157857 0.8302120566 -0.0182512160 0.5571488738
-53.4 162.7 2234.1 0.4810535908 0.5284625292 -0.6995103955 -0.2816653848 0.8487604260 0.4475157857 0.8302120566 -0.0182512160 0.5571488738
-151.2 -4.8 2238.5 0.4913365543 0.5036715865 -0.7105655074 -0.2646054924 0.8635929823 0.4291749001 0.8298025727 -0.0228497796 0.5575890541
-120.5 198.8 2120.9 0.2708710134 0.3373980820 -0.9015494585 0.9104459286 0.2143416256 0.3537596762 0.3125973940 -0.9166352749 -0.2491237670
-192.8 -44.3 2037.4 -0.7621293664 0.3373980820 -0.5525589585 0.6337562203 0.2143416256 -0.7432433963 -0.1323325038 -0.9166352749 -0.3771841526
13.6 126.6 2347.3 0.1781271696 0.9780781865 -0.1078599691 -0.9647287726 0.1519937068 -0.2149331421 -0.1938273907 0.1423410624 0.9706544280
57.2 -109.6 2299.9 0.2025638074 0.9780781865 0.0482800975 -0.5359687209 0.1519937068 -0.8304429054 -0.8195763826 0.1423410624 0.5550077558
-293.1 -142.7 2157.7 0.3463886976 -0.2682723701 -0.8989131451 0.1068893597 0.9632828832 -0.2462940067 0.9319815040 -0.0107707931 0.3623457551
-189.0 -516.5 2161.9 0.3380020857 0.1878123134 -0.9222153425 0.0615873411 0.9733719826 0.2208029777 0.9391281009 -0.1314286590 0.3174349070
-207.6 -195.9 2312.1 -0.5685465932 -0.1442086995 -0.8099127412 0.0491331667 0.9768054485 -0.2084154636 0.8211825490 -0.1582874805 -0.5482739806
-152.1 -572.0 2373.1 -0.5461171269 0.1729194820 -0.8196675777 0.2309470177 0.9716233015 0.0511042140 0.8052450418 -0.1613909006 -0.5705553889
21.0 -222.1 2074.5 0 0 0 0 0 0 0 0 0
108.9 -246.3 2090.8 0 0 0 0 0 0 0 0 0
-259.1 -879.7 2210.9 0 0 0 0 0 0 0 0 0
-216.4 -933.2 2433.1 0 0 0 0 0 0 0 0 0
52.8 330.2 2233.7 6 0.4728246331 0.5368107557 -0.6987639666 -0.2921178341 0.8436561227 0.4504570365 0.8313266635 -0.0088657662 0.5557134151
-53.2 163.5 2235.5 0.4728246331 0.5368107557 -0.6987639666 -0.2921178341 0.8436561227 0.4504570365 0.8313266635 -0.0088657662 0.5557134151
-152.5 -3.2 2237.6 0.4823524952 0.5114805698 -0.7111425400 -0.2766404450 0.8592263460 0.4303488731 0.8311474919 -0.0108490754 0.5559461713
-119.1 201.3 2122.0 0.2714011073 0.3284263611 -0.9046974778 0.9109793305 0.2156633288 0.3515764475 0.3105770350 -0.9195789695 -0.2406583577
-192.4 -44.7 2038.1 -0.7651461959 0.3284263611 -0.5537936687 0.6315761805 0.2156633288 -0.7447152734 -0.1251511425 -0.9195789695 -0.3724402487
12.7 125.7 2349.0 0.1812304109 0.9775602818 -0.1073843017 -0.9647461772 0.1555330008 -0.2123071551 -0.1908412427 0.1420751065 0.9712848663
56.0 -105.0 2303.3 0.2043087631 0.9775602818 0.0513203591 -0.5357046127 0.1555330008 -0.8299578428 -0.8193158507 0.1420751065 0.5554603338
-293.0 -148.6 2168.8 0.3424395323 -0.2701333165 -0.8998684287 0.0859270096 0.9627662301 -0.2563157082 0.9356023073 0.0104496330 0.3529009521
-188.2 -522.2 2164.7 0.3319157660 0.1975094676 -0.9224001169 0.0314645097 0.9749723077 0.2200886756 0.9427841306 -0.1020737663 0.3173941374
-206.5 -195.5 2321.5 -0.5695638657 -0.1533671319 -0.8075119257 0.0122944117 0.9807383418 -0.1949388832 0.8218551278 -0.1209580302 -0.5567075610
-147.3 -574.4 2368.2 -0.5422350764 0.1913320571 -0.8181522489 0.2114826292 0.9734580517 0.0874903426 0.8131766319 -0.1255846620 -0.5683065057
22.1 -221.8 2073.2 0 0 0 0 0 0 0 0 0
108.1 -241.6 2094.3 0 0 0 0 0 0 0 0 0
-261.8 -885.9 2202.8 0 0 0 0 0 0 0 0 0
-218.5 -936.7 2415.0 0 0 0 0 0 0 0 0 0
55.1 327.2 2229.3 7 0.4528624117 0.5500792265 -0.7016612291 -0.2891057134 0.8350627422 0.4680685103 0.8434059024 -0.0091163544 0.5371995568
-53.4 162.5 2231.1 0.4528624117 0.5500792265 -0.7016612291 -0.2891057134 0.8350627422 0.4680685103 0.8434059024 -0.0091163544 0.5371995568
-154.4 -3.3 2232.6 0.4622776806 0.5200509429 -0.7182244658 -0.2742439806 0.8541038632 0.4419240057 0.8432613015 -0.0073228637 0.5374540091
-116.6 199.9 2116.0 0.2799049616 0.3049528897 -0.9103059769 0.9155554771 0.2004614919 0.3486737609 0.2888103724 -0.9310311079 -0.2230911106
-191.0 -43.5 2039.2 -0.7634378672 0.3049528897 -0.5693560839 0.6358939409 0.2004614919 -0.7452879548 -0.1131437346 -0.9310311079 -0.3469575942
9.7 125.0 2346.3 0.1919212937 0.9771174788 -0.0916931555 -0.9647029042 0.1706626564 -0.2005555332 -0.1803177148 0.1269475371 0.9753819108
55.5 -105.2 2303.3 0.2005886137 0.9771174788 0.0707504749 -0.5408329368 0.1706626564 -0.8236346245 -0.8168622851 0.1269475371 0.5626903176
-295.0 -145.1 2165.3 0.3234589696 -0.2777622938 -0.9045564532 0.0918134525 0.9606482387 -0.2621549964 0.9417773485 0.0017459249 0.3362326026
-187.2 -518.0 2164.6 0.3142030239 0.1976441890 -0.9285543561 0.0444158837 0.9739574790 0.2223376930 0.9483162165 -0.1111017391 0.2972418368
-212.9 -194.0 2313.1 -0.5861802697 -0.1576121747 -0.7947018743 0.0238875225 0.9771059752 -0.2114078254 0.8098284006 -0.1429065615 -0.5689952970
-151.5 -574.7 2368.8 -0.5566366911 0.2073574662 -0.8044615984 0.2152775079 0.9712746143 0.1013966054 0.8023784161 -0.1167414188 -0.5852864981
23.0 -221.7 2070.9 0 0 0 0 0 0 0 0 0
106.7 -243.2 2094.8 0 0 0 0 0 0 0 0 0
-260.9 -881.4 2206.1 0 0 0 0 0 0 0 0 0
-228.7 -936.7 2412.3 0 0 0 0 0 0 0 0 0
54.2 328.7 2233.7 8 0.4611696005 0.5435907245 -0.7013071775 -0.3063425422 0.8393149376 0.4491154850 0.8327525854 0.0077218153 0.5535914898
-53.1 162.9 2232.1 0.4611696005 0.5435907245 -0.7013071775 -0.3063425422 0.8393149376 0.4491154850 0.8327525854 0.0077218153 0.5535914898
-153.9 -3.0 2230.8 0.4700061977 0.5191000700 -0.7138832211 -0.2922563851 0.8546850085 0.4290684462 0.8328747749 0.0069721015 0.5534175634
-117.3 202.8 2118.4 0.2709919214 0.3078622222 -0.9120220542 0.9177314043 0.2032101303 0.3412839472 0.2904005647 -0.9294764400 -0.2274665236
-189.9 -43.0 2040.6 -0.7615448236 0.3078622222 -0.5703247786 0.6382378936 0.2032101303 -0.7425348759 -0.1127026603 -0.9294764400 -0.3512429595
11.0 123.0 2345.9 0.1949849278 0.9766828418 -0.0898413286 -0.9637627006 0.1737891287 -0.2023827434 -0.1820503175 0.1260473132 0.9751768112
57.5 -106.8 2302.4 0.2008427083 0.9766828418 0.0758471563 -0.5322145820 0.1737891287 -0.8285800815 -0.8224413991 0.1260473132 0.5547091365
-296.7 -144.5 2158.5 0.3215969503 -0.2833966315 -0.9034720659 0.1058390066 0.9589396715 -0.2631213367 0.9409428835 -0.0110035650 0.3383865058
-186.7 -516.7 2162.7 0.3106869459 0.1997039020 -0.9292964935 0.0502972826 0.9728557467 0.2258803099 0.9491806030 -0.1169191524 0.2922089994
-216.0 -193.2 2309.0 -0.5824791193 -0.1754131913 -0.7936928272 0.0254798532 0.9720172286 -0.2335237414 0.8124462366 -0.1562458873 -0.5617102385
-147.8 -571.2 2369.7 -0.5599812269 0.1971091926 -0.8047167063 0.1676522493 0.9781522751 0.1229261085 0.8113653660 -0.0660762638 -0.5807927251
23.7 -222.0 2072.3 0 0 0 0 0 0 0 0 0
108.8 -242.6 2092.6 0 0 0 0 0 0 0 0 0
-261.2 -879.8 2206.4 0 0 0 0 0 0 0 0 0
-221.3 -935.6 2394.3 0 0 0 0 0 0 0 0 0
56.7 324.8 2228.8 9 0.4482540786 0.5529209375 -0.7023864388 -0.2904362082 0.8332049251 0.4705490172 0.8454082608 -0.0069270614 0.5340757966
-52.6 160.1 2230.2 0.4482540786 0.5529209375 -0.7023864388 -0.2904362082 0.8332049251 0.4705490172 0.8454082608 -0.0069270614 0.5340757966
-155.1 -4.6 2231.6 0.4571459293 0.5280200839 -0.7156901360 -0.2765966952 0.8491970897 0.4498427808 0.8452880383 -0.0076862602 0.5342556238
-115.1 197.9 2114.8 0.2990163267 0.3059262931 -0.9038795829 0.9111961126 0.1897655576 0.3656646311 0.2833916545 -0.9329513311 -0.2220158428
-192.0 -36.6 2041.8 -0.7305267453 0.3059262931 -0.6105241776 0.6751912832 0.1897655576 -0.7128153443 -0.1022124887 -0.9329513311 -0.3451875746
9.8 122.4 2345.6 0.2017602026 0.9752115011 -0.0908591673 -0.9614429474 0.1795005500 -0.2083435804 -0.1868697703 0.1293913424 0.9738262296
58.3 -108.6 2300.7 0.2068139315 0.9752115011 0.0786801502 -0.5314764977 0.1795005500 -0.8278359175 -0.8214382529 0.1293913424 0.5554251671
-296.8 -142.7 2154.8 0.3171933591 -0.2860105336 -0.9042047858 0.1067420617 0.9581480026 -0.2656284869 0.9423345923 -0.0122610889 0.3344475627
-185.8 -514.6 2159.6 0.3079842031 0.1963326037 -0.9309131503 0.0593761876 0.9726013541 0.2247688621 0.9495368600 -0.1244993284 0.2878883779
-218.4 -193.3 2311.3 -0.5953416824 -0.1611029953 -0.7871556878 0.0736967400 0.9646131396 -0.2531605959 0.8000856638 -0.2087278664 -0.5624016523
-156.2 -565.5 2391.8 -0.5769094229 0.2033081353 -0.7911013365 0.1791363358 0.9764410257 0.1203043833 0.7969226241 -0.0723102614 -0.5997378826
12.2 -225.4 2070.4 0 0 0 0 0 0 0 0 0
111.1 -244.3 2091.1 0 0 0 0 0 0 0 0 0
-259.0 -877.6 2206.1 0 0 0 0 0 0 0 0 0
-232.1 -929.6 2418.8 0 0 0 0 0 0 0 0 0
58.8 322.7 2233.4 0 0.4595028758 0.5578377247 -0.6911397576 -0.3145149648 0.8299307823 0.4607550800 0.8306246996 0.0056555280 0.5568038821
-51.2 158.9 2232.3 0.4595028758 0.5578377247 -0.6911397576 -0.3145149648 0.8299307823 0.4607550800 0.8306246996 0.0056555280 0.5568038821
-154.3 -5.5 2231.1 0.4689062536 0.5310540795 -0.7057679892 -0.3000307083 0.8473147750 0.4382228553 0.8307276964 0.0062666428 0.5566437244
-115.3 199.9 2118.9 0.2903786600 0.3126168251 -0.9044064283 0.9105402827 0.2003822625 0.3616121411 0.2942730486 -0.9285029173 -0.2264634818
-190.6 -36.3 2042.5 -0.7155393362 0.3126168251 -0.6247192621 0.6925604939 0.2003822625 -0.6929696202 -0.0914513096 -0.9285029173 -0.3598874807
12.8 118.0 2345.7 0.1947745383 0.9775500298 -0.0803667083 -0.9613822103 0.1740244031 -0.2132128924 -0.1944404989 0.1187915727 0.9736947417
58.8 -109.1 2299.8 0.1955527812 0.9775500298 0.0784540549 -0.5394026041 0.1740244031 -0.8238691092 -0.8190261722 0.1187915727 0.5613240004
-298.6 -144.7 2157.4 0.3222757876 -0.2934667468 -0.9000086784 0.1131222621 0.9558605552 -0.2711715102 0.9398625493 -0.0144190006 0.3412483335
-184.7 -515.7 2163.0 0.3065462410 0.2034765482 -0.9298530221 0.0329438634 0.9740311503 0.2240045369 0.9512854815 -0.0993007049 0.2918822765
-219.6 -193.3 2312.5 -0.5787863731 -0.1797415465 -0.7954239845 0.0319333635 0.9696630836 -0.2423504293 0.8148537278 -0.1656696945 -0.5554880500
-150.1 -568.2 2376.5 -0.5567620993 0.1926758885 -0.8080173135 0.1753388345 0.9780697823 0.1124090403 0.8119558096 -0.0790917203 -0.5783357620
9.3 -229.7 2068.1 0 0 0 0 0 0 0 0 0
108.7 -246.7 2090.8 0 0 0 0 0 0 0 0 0
-260.6 -879.2 2200.1 0 0 0 0 0 0 0 0 0
-222.0 -933.1 2406.0 0 0 0 0 0 0 0 0 0
57.5 318.6 2235.7 1 0.4640507698 0.5573762655 -0.6884682775 -0.3217742145 0.8301963806 0.4552311003 0.8252988458 0.0102810049 0.5646026134
-52.1 155.4 2233.7 0.4640507698 0.5573762655 -0.6884682775 -0.3217742145 0.8301963806 0.4552311003 0.8252988458 0.0102810049 0.5646026134
-155.0 -9.2 2231.3 0.4730553627 0.5302524567 -0.7035986185 -0.3078823388 0.8477503061 0.4318886995 0.8254859447 0.0123183010 0.5642881989
-116.7 197.4 2120.9 0.2737051249 0.3282043040 -0.9040837288 0.9137877822 0.2045811415 0.3509108722 0.3001289368 -0.9221867919 -0.2439141721
-187.0 -37.4 2043.8 -0.6971393824 0.3282043040 -0.6373999119 0.7112222314 0.2045811415 -0.6725395322 -0.0903303847 -0.9221867919 -0.3760477901
12.5 113.3 2346.4 0.2015366554 0.9773907661 -0.0639551356 -0.9562292099 0.1821898818 -0.2289814800 -0.2121524066 0.1073039323 0.9713275433
60.3 -113.4 2296.1 0.1906584501 0.9773907661 0.0914146751 -0.5399909616 0.1821898818 -0.8217156529 -0.8197921515 0.1073039323 0.5625182390
-299.5 -143.0 2155.5 0.3216059506 -0.2925670147 -0.9005410671 0.1200446859 0.9559917450 -0.2677107751 0.9392331243 -0.0220077876 0.3425737321
-185.9 -514.2 2164.0 0.3051258028 0.1893622279 -0.9332953691 0.0280649923 0.9778172970 0.2075709701 0.9518983960 -0.0895281807 0.2930428386
-216.9 -196.3 2306.0 -0.5745941401 -0.1875006258 -0.7966712713 0.0209028423 0.9697244167 -0.2433056086 0.8181715012 -0.1564546674 -0.5532786846
-144.3 -572.0 2366.6 -0.5463649631 0.2105506957 -0.8106502295 0.1925985962 0.9735322595 0.1230478510 0.8151019216 -0.0889010653 -0.5724556446
7.6 -236.0 2069.0 0 0 0 0 0 0 0 0 0
109.0 -251.2 2086.9 0 0 0 0 0 0 0 0 0
-256.5 -879.1 2197.4 0 0 0 0 0 0 0 0 0
-222.8 -935.2 2399.8 0 0 0 0 0 0 0 0 0
56.4 317.4 2236.8 2 0.4630055130 0.5454085469 -0.6986811757 -0.3013625145 0.8381703496 0.4545889795 0.8335505724 0.0000791207 0.5524431467
-51.1 152.1 2236.8 0.4630055130 0.5454085469 -0.6986811757 -0.3013625145 0.8381703496 0.4545889795 0.8335505724 0.0000791207 0.5524431467
-151.7 -13.8 2237.5 0.4738710821 0.5184206963 -0.7118189335 -0.2840678394 0.8551193476 0.4336777329 0.8335176706 -0.0033024810 0.5524829626
-115.8 190.9 2123.0 0.2484613955 0.3455799222 -0.9048985839 0.9176361561 0.2151722163 0.3341328502 0.3101786375 -0.9133868217 -0.2636546493
-178.9 -42.3 2044.2 -0.6920763254 0.3455799222 -0.6337230802 0.7157787085 0.2151722163 -0.6643506289 -0.0932266340 -0.9133868217 -0.3962743580
13.6 113.3 2350.6 0.1980615556 0.9786259532 -0.0553427078 -0.9506952167 0.1780489832 -0.2539235055 -0.2386424243 0.1029065326 0.9656397104
61.5 -116.4 2293.0 0.1842029691 0.9786259532 0.0914355740 -0.5364432335 0.1780489832 -0.8249407411 -0.8235884309 0.1029065326 0.5577744842
-300.4 -146.1 2154.9 0.3251949847 -0.2899915874 -0.9000850320 0.1146883741 0.9568878412 -0.2668562531 0.9386665225 -0.0164489709 0.3444337845
-187.8 -517.6 2161.3 0.3112201393 0.1898472607 -0.9311820865 0.0379542820 0.9765784144 0.2117876709 0.9495796561 -0.1012549326 0.2967253625
-210.6 -202.7 2314.4 -0.5773541331 -0.2066857219 -0.7899007797 0.0259440970 0.9622977376 -0.2707582414 0.8160815239 -0.1768166423 -0.5502243042
-131.1 -572.8 2382.4 -0.5479111671 0.2073163986 -0.8104401827 0.2147194147 0.9712001681 0.1032754257 0.8085103035 -0.1174314842 -0.5766462684
14.3 -242.1 2070.2 0 0 0 0 0 0 0 0 0
108.5 -253.3 2082.8 0 0 0 0 0 0 0 0 0
-258.6 -882.1 2199.1 0 0 0 0 0 0 0 0 0
-208.5 -935.1 2426.2 0 0 0 0 0 0 0 0 0
57.8 318.4 2230.4 3 0.4873619378 0.5436220169 -0.6833399534 -0.3088290095 0.8393007517 0.4474359453 0.8167636991 -0.0070280447 0.5769295096
-49.4 152.9 2231.8 0.4873619378 0.5436220169 -0.6833399534 -0.3088290095 0.8393007517 0.4474359453 0.8167636991 -0.0070280447 0.5769295096
-148.8 -13.8 2233.3 0.4990830421 0.5122619867 -0.6989304423 -0.2899789512 0.8587908745 0.4223629534 0.8165955544 -0.0081190821 0.5771531463
-117.5 192.5 2120.3 0.2025338709 0.3548531532 -0.9127207994 0.9333355427 0.2121734172 0.2895983756 0.2964199781 -0.9105282426 -0.2882247567
-170.1 -49.7 2043.4 -0.6843160987 0.3548531532 -0.6370170712 0.7225254178 0.2121734172 -0.6579813957 -0.0983286723 -0.9105282426 -0.4015840888
18.7 113.3 2343.3 0.1849578321 0.9808843732 -0.0604684576 -0.9611457586 0.1677200496 -0.2192459255 -0.2049131244 0.0986702517 0.9737940431
62.5 -114.2 2294.8 0.1748212427 0.9808843732 0.0854597464 -0.5368481278 0.1677200496 -0.8268398046 -0.8253675699 0.0986702517 0.5559070110
-294.8 -154.3 2163.5 0.3521387279 -0.2725512683 -0.8953849077 0.1016673595 0.9621392488 -0.2528870702 0.9304096103 -0.0019800887 0.3665160537
-189.0 -527.8 2164.3 0.3376264274 0.1903131902 -0.9218401909 0.0213179365 0.9775500298 0.2096222043 0.9410387874 -0.0904257223 0.3259896338
-207.4 -205.9 2318.6 -0.5545865297 -0.1909169704 -0.8099286556 0.0139761399 0.9710501432 -0.2384665906 0.8320086598 -0.1435700357 -0.5358630419
-133.7 -580.9 2374.0 -0.5222804546 0.2269950956 -0.8220074773 0.1916263402 0.9705103636 0.1462497562 0.8309647441 -0.0811348930 -0.5503768325
21.0 -251.4 2070.8 0 0 0 0 0 0 0 0 0
107.1 -251.2 2084.2 0 0 0 0 0 0 0 0 0
-260.1 -892.6 2198.0 0 0 0 0 0 0 0 0 0
-218.4 -942.7 2404.2 0 0 0 0 0 0 0 0 0
57.3 316.9 2222.7 4 0.4743910134 0.5447884202 -0.6914902329 -0.2771033645 0.8379855752 0.4700999260 0.8355638385 -0.0313969254 0.5484955311
-50.6 150.9 2228.9 0.4743910134 0.5447884202 -0.6914902329 -0.2771033645 0.8379855752 0.4700999260 0.8355638385 -0.0313969254 0.5484955311
-150.3 -15.5 2235.3 0.4858971834 0.5133624673 -0.7073633075 -0.2586665750 0.8575336337 0.4446657598 0.8348625898 -0.0330905877 0.5494629145
-117.0 186.2 2115.0 0.1866552532 0.3685763478 -0.9106653333 0.9379874468 0.2087750137 0.2767535150 0.2921289504 -0.9058501124 -0.3067510426
-163.8 -48.9 2041.8 -0.6736467481 0.3685763478 -0.6405868530 0.7314834595 0.2087750137 -0.6491109133 -0.1055083945 -0.9058501124 -0.4102481008
15.7 115.6 2342.8 0.1993771791 0.9791168571 -0.0397358686 -0.9577890038 0.1861436665 -0.2190680355 -0.2070966214 0.0817357451 0.9749001265
63.7 -115.1 2292.9 0.1702560335 0.9791168571 0.1110994145 -0.5310755968 0.1861436665 -0.8266252279 -0.8300431371 0.0817357451 0.5516771674
-292.9 -154.5 2161.8 0.3461531401 -0.2670571506 -0.8993656039 0.1067972556 0.9636152387 -0.2450306416 0.9320796132 -0.0112316534 0.3620794117
-189.3 -528.6 2166.2 0.3285345733 0.1928714663 -0.9245894551 0.0091531975 0.9782316685 0.2073137611 0.9444475770 -0.0765726939 0.3196175396
-202.3 -206.8 2310.9 -0.5708567500 -0.1812000722 -0.8008052707 0.0637549758 0.9626156092 -0.2632612288 0.8185706139 -0.2013397813 -0.5379632711
-132.3 -578.9 2388.7 -0.5581327081 0.2436631322 -0.7931684256 0.1180245429 0.9695042372 0.2147829831 0.8213148713 0.0262640715 -0.5698702931
24.3 -253.1 2071.2 0 0 0 0 0 0 0 0 0
107.2 -250.7 2081.1 0 0 0 0 0 0 0 0 0
-261.3 -893.7 2194.7 0 0 0 0 0 0 0 0 0
-222.7 -938.4 2379.0 0 0 0 0 0 0 0 0 0
55.3 315.4 2224.8 5 0.4716554582 0.5319238305 -0.7032767534 -0.2805685699 0.8466417193 0.4521935880 0.8359559774 -0.0159622207 0.5485643148
-49.7 148.3 2228.0 0.4716554582 0.5319238305 -0.7032767534 -0.2805685699 0.8466417193 0.4521935880 0.8359559774 -0.0159622207 0.5485643148
-147.5 -19.2 2232.7 0.4846569598 0.5037530661 -0.7150807381 -0.2591001093 0.8635020256 0.4327023625 0.8354488611 -0.0244346987 0.5490247607
-115.9 183.7 2113.9 0.1555852741 0.3800613582 -0.9117820859 0.9438253045 0.2152068019 0.2507584989 0.2915253043 -0.8995773196 -0.3252285123
-155.0 -54.0 2040.5 -0.6610804796 0.3800613582 -0.6469358206 0.7434250116 0.2152068019 -0.6332498193 -0.1014487818 -0.8995773196 -0.4248161316
16.5 113.0 2342.1 0.2007890046 0.9791131020 -0.0319588222 -0.9589843154 0.1897888482 -0.2105450630 -0.2000819892 0.0729231387 0.9770616293
