244.8 372.2 2495.1 6 0.4760571420 0.6773881316 -0.5608162880 -0.3462502360 0.7305828929 0.5885230303 0.8083813190 -0.0859878287 0.5823450089
111.1 228.0 2512.1 0.4760571420 0.6773881316 -0.5608162880 -0.3462502360 0.7305828929 0.5885230303 0.8083813190 -0.0859878287 0.5823450089
-19.3 79.3 2531.8 0.4943273067 0.6557763219 -0.5706118941 -0.3259822130 0.7483640909 0.5776562691 0.8058387637 -0.0995419398 0.5837082267
41.6 273.8 2398.8 0.0782978088 0.3067762256 -0.9485556483 0.9610317349 0.2298040092 0.1536494941 0.2651179135 -0.9236224890 -0.2768285573
21.8 31.2 2331.9 -0.5496925116 0.3067762256 -0.7769984007 0.8349877000 0.2298040092 -0.4999856651 0.0251736324 -0.9236224890 -0.3824759126
180.6 182.2 2625.3 0.1177370772 0.9759835601 -0.1832868010 -0.7529425621 0.2080770135 0.6243247986 0.6474685073 0.0644982457 0.7593579292
221.1 -77.4 2848.5 0.0561737381 0.9759835601 0.2104770243 0.0456769951 0.2080770135 -0.9770452976 -0.9973756075 0.0644982457 -0.0328915343
-195.0 -39.9 2477.5 0.5690420866 0.0247920249 -0.8219345808 0.0154277794 0.9990475774 0.0408152528 0.8221636415 -0.0359062217 0.5681176186
-204.9 -437.0 2491.7 0.5655385852 0.0630495027 -0.8223082423 -0.0946232677 0.9954496026 0.0112482151 0.8192756176 0.0714481920 0.5689311028
-109.2 -95.4 2629.6 0.2295940667 -0.2170638293 -0.9487728477 0.0323661491 0.9759771228 -0.2154554278 0.9727481604 0.0187591668 0.2311040759
-22.9 -483.4 2622.2 0.2238730341 0.0882258564 -0.9706168175 -0.0387452096 0.9959127307 0.0815885663 0.9738478661 0.0193412714 0.2263763249
164.6 -185.7 2325.4 0 0 0 0 0 0 0 0 0
236.2 -65.1 2580.7 0 0 0 0 0 0 0 0 0
-224.8 -751.8 2469.1 0 0 0 0 0 0 0 0 0
-44.6 -728.1 2617.4 0 0 0 0 0 0 0 0 0
242.7 375.0 2494.9 7 0.4955528080 0.6750394702 -0.5465794802 -0.3566255569 0.7319222093 0.5806100965 0.7919883728 -0.0927987769 0.6034424305
109.2 230.3 2513.3 0.4955528080 0.6750394702 -0.5465794802 -0.3566255569 0.7319222093 0.5806100965 0.7919883728 -0.0927987769 0.6034424305
-21.1 81.6 2533.9 0.5116424561 0.6553708315 -0.5556177497 -0.3387259245 0.7481521368 0.5705550909 0.7896117568 -0.1037180871 0.6047774553
37.2 277.9 2402.3 0.0581252165 0.3422371149 -0.9378140569 0.9567394257 0.2491626889 0.1502252966 0.2850809395 -0.9059755802 -0.3129490912
22.4 33.3 2329.4 -0.5437136889 0.3422371149 -0.7663218379 0.8388887048 0.2491626889 -0.4839253128 0.0253216159 -0.9059755802 -0.4225719869
181.1 182.7 2624.3 0.1305016279 0.9777325392 -0.1643423438 -0.7624520063 0.2049272358 0.6137359142 0.6337478161 0.0452096127 0.7722174525
226.1 -80.3 2842.9 0.0335746855 0.9777325392 0.2071516812 0.0599033460 0.2049272358 -0.9769423604 -0.9976393580 0.0452096127 -0.0516890846
-195.0 -39.6 2477.8 0.5877805352 0.0217107628 -0.8087290525 0.0082293153 0.9994276762 0.0328111984 0.8089785576 -0.0259410702 0.5872654319
-203.6 -437.0 2488.1 0.5840201378 0.0675867125 -0.8089205623 -0.0852364302 0.9961246252 0.0216893926 0.8072516322 0.0562824607 0.5875177383
-104.4 -99.4 2625.4 0.2472427189 -0.2028832287 -0.9474753141 0.0389456414 0.9791241288 -0.1994973868 0.9681705832 0.0124242399 0.2499827296
-23.7 -488.6 2620.5 0.2416194826 0.0862860456 -0.9665271640 -0.0334143154 0.9961878657 0.0805808306 0.9697955847 0.0128259454 0.2435815930
163.7 -184.7 2322.8 0 0 0 0 0 0 0 0 0
235.1 -64.2 2574.8 0 0 0 0 0 0 0 0 0
-225.1 -754.0 2470.2 0 0 0 0 0 0 0 0 0
-44.4 -727.0 2617.4 0 0 0 0 0 0 0 0 0
240.9 378.3 2503.4 8 0.4791851938 0.6731441617 -0.5632570386 -0.3645495176 0.7363998294 0.5699289441 0.7984266877 -0.0677664131 0.5982662439
107.8 232.7 2516.8 0.4791851938 0.6731441617 -0.5632570386 -0.3645495176 0.7363998294 0.5699289441 0.7984266877 -0.0677664131 0.5982662439
-22.1 83.2 2533.3 0.4973417222 0.6536821127 -0.5703954101 -0.3441794217 0.7521875501 0.5619202852 0.7963615656 -0.0831480473 0.5990781784
37.9 281.1 2404.8 0.0676553398 0.3589591980 -0.9308979511 0.9531196356 0.2525620461 0.1666596085 0.2949334979 -0.8985325098 -0.3250438869
20.6 38.0 2329.5 -0.5430421233 0.3589591980 -0.7591136694 0.8394899368 0.2525620461 -0.4811123312 0.0190236010 -0.8985325098 -0.4384944737
177.8 184.3 2628.8 0.1217169762 0.9755595326 -0.1829441637 -0.7680554986 0.2093204111 0.6052072048 0.6287096143 0.0668472797 0.7747616768
219.8 -80.7 2845.7 0.0532402918 0.9755595326 0.2131878585 0.0699848756 0.2093204111 -0.9753394723 -0.9961262941 0.0668472797 -0.0571301319
-198.3 -36.1 2482.1 0.5713803172 0.0094032437 -0.8206315041 0.0020327226 0.9999150634 0.0128728943 0.8206828833 -0.0090234345 0.5713126659
-202.0 -433.6 2485.7 0.5668899417 0.0766211972 -0.8202225566 -0.0839658678 0.9958539009 0.0349955224 0.8195032477 0.0490320884 0.5709731579
-104.5 -98.2 2626.9 0.2280569822 -0.2008146048 -0.9527137876 0.0282043871 0.9794512987 -0.1996989250 0.9732391834 0.0186720248 0.2290345579
-24.7 -487.6 2619.5 0.2238915861 0.0866200924 -0.9707571864 -0.0231530927 0.9962342978 0.0835534558 0.9743390083 0.0037691137 0.2250539958
161.8 -180.2 2324.6 0 0 0 0 0 0 0 0 0
234.1 -61.9 2578.0 0 0 0 0 0 0 0 0 0
-226.4 -750.6 2470.1 0 0 0 0 0 0 0 0 0
-45.4 -725.9 2618.6 0 0 0 0 0 0 0 0 0
240.6 385.3 2499.1 9 0.4738516212 0.6768569946 -0.5633198619 -0.3481316864 0.7315719128 0.5861799121 0.8088689446 -0.0816528201 0.5822919011
106.7 240.5 2515.2 0.4738516212 0.6768569946 -0.5633198619 -0.3481316864 0.7315719128 0.5861799121 0.8088689446 -0.0816528201 0.5822919011
-23.2 91.1 2533.7 0.4920434356 0.6532032490 -0.5755160451 -0.3278478384 0.7514430285 0.5725811720 0.8064793944 -0.0930531025 0.5838938951
37.5 286.6 2401.8 0.0816786662 0.3303963542 -0.9403014779 0.9565208554 0.2390603572 0.1670868546 0.2799936831 -0.9130653739 -0.2965048850
16.6 43.0 2330.5 -0.5501561165 0.3303963542 -0.7669201493 0.8348340392 0.2390603572 -0.4958853126 0.0195015017 -0.9130653739 -0.4073466659
175.9 194.4 2628.7 0.1182594597 0.9747380018 -0.1894744337 -0.7554195523 0.2121585160 0.6199436188 0.6444811821 0.0698184893 0.7614258528
216.7 -66.2 2851.0 0.0603873096 0.9747380018 0.2150330991 0.0506206155 0.2121585160 -0.9759232998 -0.9968906045 0.0698184893 -0.0365301557
-197.6 -34.8 2476.8 0.5652877688 0.0165221915 -0.8247283101 0.0085993335 0.9996270537 0.0259202048 0.8248489499 -0.0217444878 0.5649348497
-204.2 -432.1 2485.4 0.5613275766 0.0705176070 -0.8245838881 -0.0762779042 0.9965304732 0.0332968608 0.8240709901 0.0442070886 0.5647589564
-106.4 -97.9 2622.8 0.2233693451 -0.2057937533 -0.9527618289 0.0359178148 0.9785323143 -0.2029393911 0.9740718603 0.0111093186 0.2259657979
-24.6 -486.9 2618.4 0.2191473544 0.0867052525 -0.9718316197 -0.0160378292 0.9962291718 0.0852654427 0.9755599499 -0.0030996278 0.2197115421
159.7 -174.0 2325.4 0 0 0 0 0 0 0 0 0
232.9 -52.6 2583.1 0 0 0 0 0 0 0 0 0
-226.7 -751.0 2471.3 0 0 0 0 0 0 0 0 0
-45.4 -726.5 2619.2 0 0 0 0 0 0 0 0 0
236.0 388.8 2505.9 0 0.4854803085 0.6667611599 -0.5654541850 -0.3673033118 0.7424961329 0.5601676106 0.7933455706 -0.0642571375 0.6053708792
104.1 241.9 2518.6 0.4854803085 0.6667611599 -0.5654541850 -0.3673033118 0.7424961329 0.5601676106 0.7933455706 -0.0642571375 0.6053708792
-24.6 91.2 2533.8 0.5017294884 0.6473999619 -0.5737079382 -0.3487460911 0.7583271265 0.5507414341 0.7916082740 -0.0762448162 0.6062533259
33.5 290.9 2407.3 0.0917912796 0.3045887947 -0.9480506182 0.9532079697 0.2485231906 0.1721359193 0.2880432606 -0.9194900393 -0.2675242126
9.8 44.9 2333.0 -0.6008055210 0.3045887947 -0.7390929461 0.7992146015 0.2485231906 -0.5472588539 0.0169928372 -0.9194900393 -0.3927459121
174.7 192.8 2630.0 0.1292911768 0.9739531279 -0.1862768233 -0.7737084627 0.2165790349 0.5953727961 0.6202088594 0.0671475157 0.7815575600
219.3 -74.0 2843.9 0.0505895913 0.9739531279 0.2210338414 0.0811162814 0.2165790349 -0.9728893638 -0.9954199195 0.0671475157 -0.0680468082
-198.1 -28.1 2478.3 0.5731996298 0.0146830361 -0.8192842007 0.0074851764 0.9997038841 0.0231533702 0.8193815351 -0.0194039904 0.5729200244
-204.0 -425.6 2486.0 0.5693595409 0.0694756582 -0.8191475868 -0.0772700235 0.9965339303 0.0308130290 0.8184491396 0.0457518622 0.5727545023
-107.9 -88.3 2626.2 0.2271393985 -0.2064279318 -0.9517327547 0.0319870375 0.9783306122 -0.2045629472 0.9733368158 0.0160211958 0.2288204581
-25.8 -477.3 2619.8 0.2232682109 0.0776508376 -0.9716592431 -0.0219392814 0.9969697595 0.0746323243 0.9745101333 0.0046544792 0.2242952585
165.1 -161.7 2328.6 0 0 0 0 0 0 0 0 0
232.9 -52.2 2576.4 0 0 0 0 0 0 0 0 0
-226.8 -752.7 2471.0 0 0 0 0 0 0 0 0 0
-45.2 -726.7 2618.6 0 0 0 0 0 0 0 0 0
229.0 384.2 2500.4 1 0.4688623250 0.6705861688 -0.5748758912 -0.3514235020 0.7387427688 0.5751179457 0.8103515506 -0.0676262230 0.5820283890
96.6 238.3 2513.7 0.4688623250 0.6705861688 -0.5748758912 -0.3514235020 0.7387427688 0.5751179457 0.8103515506 -0.0676262230 0.5820283890
-31.2 87.0 2529.3 0.4884521067 0.6432474852 -0.5896161795 -0.3290527165 0.7616049051 0.5582851171 0.8081700802 -0.0786807388 0.5836698413
27.9 284.6 2400.0 0.0926651210 0.2365241796 -0.9671967030 0.9595383406 0.2381859124 0.1501788199 0.2658935487 -0.9419786334 -0.2048824877
5.0 47.5 2334.3 -0.6275154948 0.2365241796 -0.7418090105 0.7776235938 0.2381859124 -0.5818668604 0.0390628800 -0.9419786334 -0.3333921134
165.4 192.1 2627.4 0.1224131435 0.9708421230 -0.2061082423 -0.7602216005 0.2252252102 0.6093740463 0.6380267739 0.0820925385 0.7656256557
207.6 -70.1 2847.4 0.0698657781 0.9708421230 0.2293127924 0.0617439114 0.2252252102 -0.9723483324 -0.9956437349 0.0820925385 -0.0442080535
-199.4 -27.5 2476.3 0.5566492677 0.0085866824 -0.8307031989 0.0144347651 0.9996956587 0.0200061463 0.8306221962 -0.0231274124 0.5563558936
-202.8 -425.0 2485.5 0.5520043373 0.0768627003 -0.8302910924 -0.0743399784 0.9963136911 0.0428083204 0.8305208087 0.0380934440 0.5556834936
-107.3 -91.5 2621.5 0.2105972320 -0.2024347186 -0.9563832879 0.0387684703 0.9792841077 -0.1987451911 0.9768038988 0.0047776694 0.2140825987
-26.8 -480.8 2619.6 0.2066937834 0.0734237805 -0.9756467938 -0.0189897716 0.9972934127 0.0710297897 0.9782213569 0.0038458933 0.2075286508
167.1 -153.4 2324.2 0 0 0 0 0 0 0 0 0
226.3 -53.5 2579.9 0 0 0 0 0 0 0 0 0
-228.1 -752.8 2473.0 0 0 0 0 0 0 0 0 0
-44.9 -727.1 2618.6 0 0 0 0 0 0 0 0 0
227.6 387.3 2498.1 2 0.5109433532 0.6708320975 -0.5375139117 -0.3770323992 0.7368282080 0.5611869097 0.7725176215 -0.0840745792 0.6294029355
94.6 241.2 2514.7 0.5109433532 0.6708320975 -0.5375139117 -0.3770323992 0.7368282080 0.5611869097 0.7725176215 -0.0840745792 0.6294029355
-33.5 90.3 2532.9 0.5288194418 0.6447001100 -0.5520070791 -0.3567066491 0.7589821815 0.5447076559 0.7701365948 -0.0911473855 0.6313333511
20.4 291.4 2406.6 0.0702664331 0.2485629171 -0.9660637379 0.9545167685 0.2645607889 0.1374966204 0.2897591591 -0.9317854047 -0.2186677307
2.4 46.7 2332.3 -0.6535240412 0.2485629171 -0.7149285078 0.7558337450 0.2645607889 -0.5989347696 0.0402690805 -0.9317854047 -0.3607690930
168.8 191.1 2622.9 0.1496054530 0.9759986401 -0.1582556814 -0.7803499699 0.2148413956 0.5872793794 0.6071837544 0.0356346183 0.7937619686
220.4 -77.9 2832.2 0.0162179340 0.9759986401 0.2171718925 0.0914713815 0.2148413956 -0.9723559618 -0.9956756234 0.0356346183 -0.0857916623
-203.9 -34.2 2470.9 0.6015334725 0.0061858199 -0.7988236547 0.0184589308 0.9995954037 0.0216405466 0.7986343503 -0.0277629439 0.6011759043
-206.4 -431.7 2481.9 0.5977566242 0.0698452294 -0.7986292243 -0.0667098239 0.9970760942 0.0372698195 0.7988972664 0.0309981387 0.6006681919
-114.3 -94.6 2619.1 0.2519867420 -0.2184880823 -0.9427436590 0.0640618801 0.9758090377 -0.2090280801 0.9656079412 -0.0077216276 0.2598877251
-27.5 -482.5 2622.2 0.2459218353 0.0726565495 -0.9665626884 -0.0365069248 0.9971734285 0.0656691268 0.9686019421 0.0191367604 0.2478791773
170.5 -147.7 2322.0 0 0 0 0 0 0 0 0 0
224.8 -53.3 2565.0 0 0 0 0 0 0 0 0 0
-228.9 -752.7 2471.9 0 0 0 0 0 0 0 0 0
-45.3 -727.0 2617.5 0 0 0 0 0 0 0 0 0
232.2 389.1 2496.9 3 0.5262953639 0.6722385287 -0.5206809044 -0.3819875717 0.7339995503 0.5615426302 0.7596701384 -0.0966436341 0.6430873275
98.1 242.6 2516.2 0.5262953639 0.6722385287 -0.5206809044 -0.3819875717 0.7339995503 0.5615426302 0.7596701384 -0.0966436341 0.6430873275
-30.8 92.4 2535.5 0.5401011705 0.6483287215 -0.5366196036 -0.3664191961 0.7551620007 0.5435690880 0.7576461434 -0.0969545543 0.6454239488
22.2 294.1 2409.7 0.0823721290 0.2735008895 -0.9583382010 0.9463518858 0.2800246477 0.1612583250 0.3124626279 -0.9202083945 -0.2357618809
0.7 47.8 2328.4 -0.6644188166 0.2735008895 -0.6955177188 0.7467673421 0.2800246477 -0.6032617688 0.0297694728 -0.9202083945 -0.3902951777
174.0 191.1 2622.7 0.1553647965 0.9778965116 -0.1399291903 -0.7859201431 0.2081767470 0.5822302103 0.5984908938 0.0195150990 0.8008918762
227.6 -80.0 2829.1 -0.0012271524 0.9778965116 0.2090858519 0.0990463719 0.2081767470 -0.9730633497 -0.9950820804 0.0195150990 -0.0971125662
-210.0 -27.9 2480.5 0.6159949303 -0.0059492430 -0.7877276540 0.0110440329 0.9999384284 0.0010843741 0.7876726985 -0.0093676597 0.6160227060
-207.6 -425.4 2484.2 0.6126818061 0.0668012723 -0.7875015140 -0.0653504133 0.9972913265 0.0337539911 0.7876232266 0.0307830889 0.6153877378
-113.2 -93.3 2621.5 0.2684395313 -0.2135151178 -0.9393357038 0.0611844473 0.9769363999 -0.2045768946 0.9613515139 -0.0025562081 0.2753121555
-28.3 -481.7 2622.5 0.2632687390 0.0650002137 -0.9625302553 -0.0385238864 0.9976401329 0.0568342507 0.9639530778 0.0221177246 0.2651515305
172.3 -145.1 2320.7 0 0 0 0 0 0 0 0 0
227.2 -53.4 2561.8 0 0 0 0 0 0 0 0 0
-229.6 -753.2 2474.1 0 0 0 0 0 0 0 0 0
-44.3 -726.5 2617.1 0 0 0 0 0 0 0 0 0
232.4 390.9 2496.9 4 0.5058991313 0.6714491248 -0.5414999127 -0.3558598161 0.7343074083 0.5780626535 0.7857670188 -0.0997433439 0.6104272604
97.8 243.8 2516.8 0.5058991313 0.6714491248 -0.5414999127 -0.3558598161 0.7343074083 0.5780626535 0.7857670188 -0.0997433439 0.6104272604
-30.9 93.6 2537.0 0.5196822286 0.6473602057 -0.5575438738 -0.3402903378 0.7554273009 0.5599393249 0.7836662531 -0.1012637317 0.6128726006
24.8 291.6 2406.7 0.1108789146 0.2653624713 -0.9577518702 0.9429863095 0.2762114108 0.1856988817 0.3138194978 -0.9237369895 -0.2196071595
-4.0 46.3 2325.1 -0.6821410656 0.2653624713 -0.6813709140 0.7308717966 0.2762114108 -0.6241263747 0.0225827005 -0.9237369895 -0.3823611140
170.8 196.0 2627.0 0.1415461153 0.9759640694 -0.1657069623 -0.7665085793 0.2139814496 0.6055381894 0.6264417768 0.0413042307 0.7783731222
219.7 -68.3 2842.9 0.0271326061 0.9759640694 0.2162358016 0.0687480792 0.2139814496 -0.9744155407 -0.9972650409 0.0413042307 -0.0612897798
-209.1 -24.1 2485.4 0.5932493806 -0.0056242119 -0.8049991131 -0.0016260138 0.9999651909 -0.0081846649 0.8050171137 0.0061644870 0.5932195783
-206.9 -421.6 2482.9 0.5901144743 0.0709349066 -0.8041971922 -0.0599525459 0.9972323775 0.0439689718 0.8050904274 0.0222669430 0.5927339792
-110.1 -91.3 2624.2 0.2514748573 -0.2113912851 -0.9444967508 0.0408592299 0.9773057699 -0.2078555226 0.9670010209 0.0136790238 0.2544051111
-26.1 -479.8 2618.8 0.2470090389 0.0756602287 -0.9660549164 -0.0251871031 0.9971116185 0.0716525018 0.9686858058 0.0066333073 0.2482012361
173.3 -143.8 2319.2 0 0 0 0 0 0 0 0 0
226.9 -49.9 2575.1 0 0 0 0 0 0 0 0 0
-230.5 -754.0 2475.5 0 0 0 0 0 0 0 0 0
-45.0 -729.4 2617.1 0 0 0 0 0 0 0 0 0
232.0 392.6 2506.3 5 0.5301659107 0.6590412855 -0.5334685445 -0.3877309561 0.7479714751 0.5387052894 0.7540482879 -0.0787609220 0.6520797014
100.4 243.3 2522.0 0.5301659107 0.6590412855 -0.5334685445 -0.3877309561 0.7479714751 0.5387052894 0.7540482879 -0.0787609220 0.6520797014
-26.4 91.2 2538.3 0.5435253978 0.6377682686 -0.5457396507 -0.3721357584 0.7658589482 0.5243806243 0.7523929477 -0.0819249526 0.6536001563
24.0 295.5 2416.4 0.1390601695 0.2773974240 -0.9506381750 0.9274574518 0.3000002503 0.2232097238 0.3471094966 -0.9127160311 -0.2155562192
-12.6 51.2 2324.9 -0.7161355615 0.2773974240 -0.6404690146 0.6978626847 0.3000002503 -0.6503749490 0.0117285233 -0.9127160311 -0.4084261358
176.8 191.1 2627.7 0.1651742905 0.9748312831 -0.1497377306 -0.7940811515 0.2214907557 0.5660185218 0.5849381089 0.0254122037 0.8106797338
233.7 -82.4 2829.2 -0.0005660167 0.9748312831 0.2229430825 0.1164432392 0.2214907557 -0.9681853056 -0.9931972027 0.0254122037 -0.1136378795
-207.2 -25.4 2485.3 0.6144667864 -0.0011503900 -0.7889418602 -0.0071957270 0.9999491572 -0.0070624552 0.7889099121 0.0100166537 0.6144272685
-206.7 -422.9 2481.3 0.6113852859 0.0717924312 -0.7880697250 -0.0636829585 0.9971098304 0.0414304845 0.7887664437 0.0248566233 0.6141902208
-111.9 -87.7 2628.9 0.2697718441 -0.2137521654 -0.9388999939 0.0297258701 0.9764346480 -0.2137563229 0.9624653459 0.0297558233 0.2697685659
-27.0 -475.9 2617.1 0.2664611638 0.0723105446 -0.9611293674 -0.0206511635 0.9973812103 0.0693126768 0.9636244178 0.0013793033 0.2672566473
174.0 -130.5 2321.9 0 0 0 0 0 0 0 0 0
233.6 -51.2 2562.7 0 0 0 0 0 0 0 0 0
-230.4 -751.7 2473.1 0 0 0 0 0 0 0 0 0
-45.2 -727.7 2616.7 0 0 0 0 0 0 0 0 0
233.3 388.9 2500.5 6 0.5609056354 0.6632422209 -0.4954741597 -0.4069635570 0.7420765162 0.5326378942 0.7209476829 -0.0971196741 0.6861503124
101.2 241.0 2519.9 0.5609056354 0.6632422209 -0.4954741597 -0.4069635570 0.7420765162 0.5326378942 0.7209476829 -0.0971196741 0.6861503124
-26.1 89.5 2538.6 0.5731921196 0.6403619051 -0.5112605691 -0.3927848339 0.7622938752 0.5144202113 0.7191458941 -0.0940462127 0.6884652972
20.7 296.2 2418.9 0.1485824883 0.2870289981 -0.9463284612 0.9192517996 0.3126868606 0.2391716242 0.3645536900 -0.9054508805 -0.2173921168
-18.4 54.0 2322.9 -0.7425735593 0.2870289981 -0.6051436663 0.6697519422 0.3126868606 -0.6735423207 -0.0041057072 -0.9054508805 -0.4244312346
181.7 185.9 2620.9 0.1836963594 0.9770050049 -0.1082442477 -0.8081064224 0.2127932757 0.5492567420 0.5596602559 -0.0134235993 0.8286134005
245.0 -92.6 2813.7 -0.0437174700 0.9770050049 0.2086862624 0.1383058429 0.2127932757 -0.9672592878 -0.9894242287 -0.0134235993 -0.1444282830
-203.0 -26.9 2485.6 0.6491643786 0.0107680745 -0.7605719566 -0.0104495576 0.9999316931 0.0052379766 0.7605763674 0.0045473329 0.6492325068
-207.3 -424.5 2483.8 0.6460140347 0.0703516230 -0.7600766420 -0.0734470561 0.9968525171 0.0298422053 0.7597838044 0.0365469083 0.6491478086
-103.4 -95.0 2623.4 0.3050137460 -0.1939605325 -0.9323872328 0.0446239151 0.9808759093 -0.1894495189 0.9513019323 0.0161779430 0.3078359365
-26.3 -484.9 2616.9 0.2997392416 0.0811588913 -0.9505627751 -0.0307566319 0.9966790676 0.0753978640 0.9535252452 0.0066364128 0.3012399971
175.2 -120.7 2323.9 0 0 0 0 0 0 0 0 0
233.3 -55.5 2548.2 0 0 0 0 0 0 0 0 0
-230.4 -751.6 2471.8 0 0 0 0 0 0 0 0 0
-46.1 -727.3 2615.3 0 0 0 0 0 0 0 0 0
233.7 389.0 2498.2 7 0.5413497686 0.6736388206 -0.5031412840 -0.3888660371 0.7311584949 0.5605269074 0.7454687357 -0.1077865735 0.6577677727
98.9 242.7 2519.7 0.5413497686 0.6736388206 -0.5031412840 -0.3888660371 0.7311584949 0.5605269074 0.7454687357 -0.1077865735 0.6577677727
-30.3 93.1 2540.3 0.5536546707 0.6497350931 -0.5208750367 -0.3750660121 0.7530177832 0.5406382680 0.7434998155 -0.1039643809 0.6606053710
21.1 295.4 2415.3 0.1618504375 0.2803089917 -0.9461666346 0.9217787981 0.2993748188 0.2463707179 0.3523184061 -0.9120315909 -0.2099289596
-21.1 55.0 2323.4 -0.7553220987 0.2803089917 -0.5923811197 0.6551306844 0.2993748188 -0.6936703324 -0.0170980338 -0.9120315909 -0.4097634554
176.7 190.1 2624.2 0.1638561040 0.9790753126 -0.1206758171 -0.7914671898 0.2034952641 0.5763413310 0.5888385177 0.0010739118 0.8082499504
233.2 -82.7 2827.1 -0.0211492609 0.9790753126 0.2023961097 0.1070011407 0.2034952641 -0.9732114077 -0.9940339327 0.0010739118 -0.1090659499
-205.8 -26.1 2491.4 0.6321310997 0.0035810904 -0.7748531699 -0.0218683574 0.9996734262 -0.0132202441 0.7745528221 0.0253016949 0.6320030093
-207.2 -423.4 2481.4 0.6296393275 0.0693869442 -0.7737827301 -0.0669823438 0.9971432090 0.0349116027 0.7739946246 0.0298480596 0.6324883103
-100.9 -98.0 2623.1 0.2889622748 -0.1748958230 -0.9412291050 0.0495088212 0.9845851660 -0.1677526087 0.9560594559 0.0018750289 0.2931668460
-31.3 -489.3 2622.3 0.2841312587 0.0654357895 -0.9565498233 -0.0428537838 0.9975380301 0.0555105321 0.9578272104 0.0252195019 0.2862358987
176.0 -115.9 2327.9 0 0 0 0 0 0 0 0 0
227.5 -54.0 2560.3 0 0 0 0 0 0 0 0 0
-230.2 -752.7 2471.5 0 0 0 0 0 0 0 0 0
-46.8 -725.2 2616.4 0 0 0 0 0 0 0 0 0
230.0 387.1 2496.5 8 0.5206848383 0.6804081798 -0.5156859159 -0.4026101232 0.7283338904 0.5544680357 0.7528561354 -0.0810827613 0.6531716585
95.5 243.2 2512.5 0.5206848383 0.6804081798 -0.5156859159 -0.4026101232 0.7283338904 0.5544680357 0.7528561354 -0.0810827613 0.6531716585
-34.5 93.6 2526.8 0.5317399502 0.6545317173 -0.5374391675 -0.3903461695 0.7525778413 0.5303361416 0.7515866160 -0.0722136050 0.6556696892
20.8 298.0 2406.9 0.1712023318 0.2161186486 -0.9612400532 0.9323583245 0.2797912657 0.2289646715 0.3184301257 -0.9354194403 -0.1535990983
-24.1 53.6 2323.4 -0.7971178293 0.2161186486 -0.5638225675 0.6038132310 0.2797912657 -0.7464089990 -0.0035602737 -0.9354194403 -0.3535219133
170.3 188.3 2618.1 0.1455830485 0.9791332483 -0.1417872459 -0.8025497198 0.2006839365 0.5618183613 0.5785494447 0.0320000947 0.8150193095
220.5 -88.4 2817.6 0.0067920662 0.9791332483 0.2031056732 0.1250612289 0.2006839365 -0.9716407061 -0.9921257496 0.0320000947 -0.1210885569
-210.2 -22.2 2492.9 0.6102679372 -0.0129708452 -0.7920888662 -0.0179526377 0.9993827343 -0.0301970635 0.7919915915 0.0326483846 0.6096584201
-205.0 -419.5 2479.9 0.6073539853 0.0736244693 -0.7910123467 -0.0677055642 0.9968708158 0.0407994054 0.7915409803 0.0287762564 0.6104382277
-108.7 -90.9 2629.1 0.2620958686 -0.1891934127 -0.9463147521 0.0332710519 0.9817830920 -0.1870695651 0.9644681215 0.0175452717 0.2636159658
-33.5 -481.1 2622.1 0.2589238584 0.0538338199 -0.9643963575 -0.0377915576 0.9982457161 0.0455769487 0.9651581645 0.0246450808 0.2605040967
184.7 -104.6 2324.3 0 0 0 0 0 0 0 0 0
222.3 -54.8 2551.2 0 0 0 0 0 0 0 0 0
-229.4 -749.3 2470.4 0 0 0 0 0 0 0 0 0
-46.7 -726.3 2616.0 0 0 0 0 0 0 0 0 0
229.4 383.5 2498.6 9 0.5244769454 0.6805283427 -0.5116689801 -0.4086618125 0.7284160256 0.5499141812 0.7469400764 -0.0793177485 0.6601433754
94.1 238.7 2514.4 0.5244769454 0.6805283427 -0.5116689801 -0.4086618125 0.7284160256 0.5499141812 0.7469400764 -0.0793177485 0.6601433754
-36.4 89.6 2529.3 0.5366963744 0.6568487287 -0.5296288133 -0.3951513171 0.7502634525 0.5300567746 0.7455282807 -0.0751960054 0.6622183323
18.6 294.3 2409.5 0.1433075666 0.2076617628 -0.9676463604 0.9339764714 0.2950125635 0.2016322613 0.3273391426 -0.9326543808 -0.1516736597
-19.0 48.8 2323.5 -0.8317425251 0.2076617628 -0.5148601532 0.5550783873 0.2950125635 -0.7777246237 -0.0096134385 -0.9326543808 -0.3606430292
169.6 183.1 2619.2 0.1474556625 0.9801442027 -0.1325677782 -0.8051018715 0.1968008876 0.5595358610 0.5745152831 0.0242238380 0.8181353211
220.5 -94.6 2817.4 -0.0013183436 0.9801442027 0.1982817352 0.1286312491 0.1968008876 -0.9719688296 -0.9916915894 0.0242238380 -0.1263366193
-213.3 -20.1 2472.3 0.6164141297 -0.0179379694 -0.7872177958 0.0238956865 0.9997061491 -0.0040688361 0.7870594859 -0.0163030215 0.6166616678
-206.2 -417.1 2478.7 0.6124657393 0.0726548284 -0.7871512175 -0.0605608784 0.9971533418 0.0449170917 0.7881739140 0.0201603901 0.6151223183
-115.8 -91.7 2610.0 0.2600822151 -0.2093823701 -0.9426113963 0.0809239596 0.9774982929 -0.1948035359 0.9621894360 -0.0256149136 0.2711739540
-32.7 -479.8 2620.2 0.2553878129 0.0563539676 -0.9651949406 -0.0306983739 0.9982692003 0.0501623414 0.9663512111 0.0168190654 0.2566757500
200.3 -97.6 2326.0 0 0 0 0 0 0 0 0 0
220.1 -60.1 2550.9 0 0 0 0 0 0 0 0 0
-230.5 -750.7 2472.0 0 0 0 0 0 0 0 0 0
-46.6 -726.8 2616.0 0 0 0 0 0 0 0 0 0
231.6 383.2 2505.7 0 0.5016744733 0.6836244464 -0.5300758481 -0.4074856937 0.7272741795 0.5522931218 0.7630715370 -0.0610730201 0.6434220672
95.5 238.5 2517.9 0.5016744733 0.6836244464 -0.5300758481 -0.4074856937 0.7272741795 0.5522931218 0.7630715370 -0.0610730201 0.6434220672
-35.5 89.6 2529.5 0.5145593286 0.6595734954 -0.5478973389 -0.3933208585 0.7493517399 0.5327012539 0.7619234920 -0.0586069711 0.6450099349
23.2 293.9 2410.7 0.1756850630 0.2404762506 -0.9546234608 0.9180300832 0.3101224601 0.2470725626 0.3554652631 -0.9197800159 -0.1662805527
-22.4 55.9 2318.6 -0.8411334157 0.2404762506 -0.4844231009 0.5394900441 0.3101224601 -0.7827991843 -0.0380141288 -0.9197800159 -0.3905889094
167.9 183.2 2625.0 0.1299095452 0.9792688489 -0.1554219574 -0.8034775257 0.1958185583 0.5622089505 0.5809882283 0.0518417321 0.8122592568
212.7 -94.0 2825.4 0.0274077840 0.9792688489 0.2007019967 0.1254871637 0.1958185583 -0.9725780487 -0.9917165637 0.0518417321 -0.1175187156
-216.2 -23.3 2475.9 0.5935722589 -0.0227415450 -0.8044592738 0.0226965919 0.9996761084 -0.0115134614 0.8044605851 -0.0114244130 0.5938962102
-207.1 -420.5 2480.4 0.5897561908 0.0711961091 -0.8044369221 -0.0577210598 0.9972748756 0.0459461063 0.8055159450 0.0193359517 0.5922585726
-117.7 -95.8 2612.6 0.2355936170 -0.2076269388 -0.9494138956 0.0684253722 0.9780316949 -0.1969058514 0.9694398642 -0.0185742341 0.2446249872
-35.2 -484.4 2620.0 0.2326601446 0.0436688326 -0.9715772271 -0.0192691851 0.9990023375 0.0402871668 0.9723671675 0.0093482845 0.2332694829
200.4 -86.9 2328.6 0 0 0 0 0 0 0 0 0
220.1 -60.3 2558.9 0 0 0 0 0 0 0 0 0
-230.8 -751.8 2474.0 0 0 0 0 0 0 0 0 0
-45.9 -727.6 2617.7 0 0 0 0 0 0 0 0 0
236.4 376.3 2500.7 1 0.5392534137 0.6974544525 -0.4719778299 -0.4502460659 0.7123961449 0.5383030772 0.7116770744 -0.0777755976 0.6981881857
97.8 234.7 2516.2 0.5392534137 0.6974544525 -0.4719778299 -0.4502460659 0.7123961449 0.5383030772 0.7116770744 -0.0777755976 0.6981881857
-34.8 87.3 2529.4 0.5533801317 0.6676727533 -0.4979794323 -0.4352003634 0.7415376306 0.5106099844 0.7101908922 -0.0658405870 0.7009236217
20.3 295.8 2416.6 0.1028279662 0.2578981519 -0.9606845975 0.9231364131 0.3349626362 0.1887304932 0.3704666793 -0.9062497616 -0.2036316544
-7.5 46.7 2316.6 -0.8574436307 0.2578981519 -0.4452852607 0.5116409659 0.3349626362 -0.7912164927 -0.0548993573 -0.9062497616 -0.4191628397
175.4 173.6 2615.8 0.1499461979 0.9841073155 -0.0951255783 -0.8313896060 0.1775745451 0.5265535116 0.5350770354 0.0001317233 0.8448032737
227.1 -112.8 2800.1 -0.0307183005 0.9841073155 0.1748974621 0.1709694713 0.1775745451 -0.9691422582 -0.9847973585 0.0001317233 -0.1737070978
-213.8 -23.3 2471.3 0.6413654089 -0.0215982590 -0.7669315338 0.0286373999 0.9995810390 -0.0042013824 0.7667009234 -0.0192683022 0.6417152286
-205.2 -420.6 2478.9 0.6370279789 0.0778116882 -0.7669033408 -0.0575628057 0.9969162345 0.0533347763 0.7686884403 0.0101693626 0.6395425797
-119.4 -95.5 2611.0 0.2825135589 -0.2097548842 -0.9360496402 0.0851431713 0.9774323106 -0.1933306605 0.9554772377 -0.0250796992 0.2939970791
-36.0 -484.0 2621.0 0.2803477645 0.0351746902 -0.9592537880 -0.0244185179 0.9992663264 0.0295054428 0.9595878720 0.0151517726 0.2810009718
221.5 -89.9 2331.3 0 0 0 0 0 0 0 0 0
218.8 -67.0 2536.1 0 0 0 0 0 0 0 0 0
-231.2 -753.9 2475.5 0 0 0 0 0 0 0 0 0
-44.6 -728.8 2617.2 0 0 0 0 0 0 0 0 0
234.9 373.7 2506.8 2 0.5419833064 0.6926431656 -0.4759196937 -0.4707471132 0.7193437815 0.5108245015 0.6961689591 -0.0528205559 0.7159320712
98.5 232.1 2517.2 0.5419833064 0.6926431656 -0.4759196937 -0.4707471132 0.7193437815 0.5108245015 0.6961689591 -0.0528205559 0.7159320712
-34.1 84.3 2527.0 0.5572996736 0.6671870351 -0.4942454398 -0.4542731047 0.7432652712 0.4911136925 0.6950201392 -0.0491750985 0.7173066139
20.2 295.9 2419.5 0.0084877759 0.2927751541 -0.9561436176 0.9318866730 0.3444548547 0.1137459502 0.3626503050 -0.8919829130 -0.2699096203
17.8 34.3 2317.7 -0.8606533408 0.2927751541 -0.4166035950 0.5013747811 0.3444548547 -0.7937090993 -0.0888771862 -0.8919829130 -0.4432463050
176.8 168.2 2614.8 0.1537160873 0.9839265943 -0.0908838660 -0.8453934789 0.1785726994 0.5034100413 0.5115478635 -0.0005495914 0.8592545986
229.8 -123.2 2791.1 -0.0363852568 0.9839265943 0.1748274118 0.1974659115 0.1785726994 -0.9639081955 -0.9796342850 -0.0005495914 -0.2007893622
-218.0 -20.3 2477.6 0.6451274157 -0.0364017487 -0.7632074356 0.0212333705 0.9993328452 -0.0297156889 0.7637799382 0.0029649395 0.6454699039
-203.6 -417.4 2476.4 0.6405060887 0.0848394707 -0.7632523775 -0.0553786606 0.9963940382 0.0642817169 0.7659537792 0.0010950670 0.6428947449
-116.9 -100.0 2607.5 0.2820201218 -0.2013429254 -0.9380435348 0.0860443413 0.9790990949 -0.1842861474 0.9555422664 -0.0287409332 0.2934500575
-36.8 -489.2 2618.9 0.2798603177 0.0354511514 -0.9593859315 -0.0164909065 0.9993480444 0.0321173035 0.9598990679 0.0068327854 0.2802624702
247.4 -99.4 2341.4 0 0 0 0 0 0 0 0 0
220.0 -70.2 2528.2 0 0 0 0 0 0 0 0 0
-232.0 -750.8 2476.0 0 0 0 0 0 0 0 0 0
-45.4 -730.2 2617.2 0 0 0 0 0 0 0 0 0
233.1 370.9 2509.8 3 0.5207068920 0.6938842535 -0.4973821342 -0.4524294436 0.7183376551 0.5284871459 0.7239971757 -0.0501565412 0.6879770160
95.9 228.9 2519.7 0.5207068920 0.6938842535 -0.4973821342 -0.4524294436 0.7183376551 0.5284871459 0.7239971757 -0.0501565412 0.6879770160
-37.1 81.5 2530.0 0.5375260115 0.6689907908 -0.5133391619 -0.4344142377 0.7414574027 0.5113953352 0.7227379084 -0.0518864617 0.6891717911
20.4 289.9 2418.1 -0.0582390018 0.3254755437 -0.9437552094 0.9318000078 0.3569920957 0.0656156316 0.3582694232 -0.8755697012 -0.3240689635
36.9 26.2 2316.7 -0.8588063121 0.3254755437 -0.3956227899 0.4990482628 0.3569920957 -0.7896248698 -0.1157693863 -0.8755697012 -0.4690150619
171.4 167.8 2621.2 0.1388366222 0.9837334752 -0.1139859930 -0.8304800987 0.1783553660 0.5277235508 0.5394693017 0.0213957448 0.8417333961
219.3 -118.4 2807.2 -0.0092683118 0.9837334752 0.1793948561 0.1693436205 0.1783553660 -0.9692842960 -0.9855135083 0.0213957448 -0.1682420522
-217.7 -21.8 2473.1 0.6243298054 -0.0321123265 -0.7805005312 0.0294759646 0.9994115829 -0.0175409336 0.7806045413 -0.0120546771 0.6249089837
-205.0 -419.0 2477.9 0.6197667718 0.0796870887 -0.7807298899 -0.0566927008 0.9967783689 0.0567342415 0.7827356458 0.0090996874 0.6222877502
-115.7 -105.0 2600.4 0.2599765062 -0.1989587247 -0.9448955655 0.0920896828 0.9791911840 -0.1808426976 0.9612136483 -0.0400002822 0.2728887498
-36.6 -494.3 2616.3 0.2574687302 0.0387227647 -0.9655104280 -0.0023940383 0.9992192388 0.0394362807 0.9662836790 -0.0078421412 0.2573604286
264.8 -106.3 2347.5 0 0 0 0 0 0 0 0 0
216.8 -73.0 2542.6 0 0 0 0 0 0 0 0 0
-231.3 -748.6 2474.9 0 0 0 0 0 0 0 0 0
-45.8 -731.4 2618.2 0 0 0 0 0 0 0 0 0
231.1 366.4 2511.8 4 0.5057761073 0.6926054955 -0.5142841935 -0.4358181655 0.7196325064 0.5405474901 0.7444817424 -0.0492615961 0.6658229828
94.1 224.0 2521.5 0.5057761073 0.6926054955 -0.5142841935 -0.4358181655 0.7196325064 0.5405474901 0.7444817424 -0.0492615961 0.6658229828
-38.3 76.2 2532.2 0.5243602991 0.6661537290 -0.5303635597 -0.4158014059 0.7438690066 0.5232285857 0.7430716753 -0.0538343713 0.6670430303
20.4 282.5 2417.1 -0.0739861354 0.3185032308 -0.9450300336 0.9310297966 0.3616395891 0.0489932373 0.3573647738 -0.8762263060 -0.3232923150
40.9 24.9 2318.2 -0.8571483493 0.3185032308 -0.4047867954 0.5046032071 0.3616395891 -0.7839594483 -0.1033066809 -0.8762263060 -0.4706965387
167.8 165.6 2626.0 0.1317637563 0.9821100235 -0.1345296800 -0.8178381324 0.1843930781 0.5451055169 0.5601599216 0.0381983519 0.8275033236
213.3 -116.4 2819.1 0.0106712384 0.9821100235 0.1880054325 0.1480262130 0.1843930781 -0.9716416001 -0.9889258742 0.0381983519 -0.1434103251
-219.3 -26.1 2474.1 0.6080576777 -0.0269983895 -0.7934336066 0.0341832079 0.9993850589 -0.0078096339 0.7931565642 -0.0223733969 0.6086066961
-208.6 -423.4 2483.0 0.6045174599 0.0658510327 -0.7938654423 -0.0633635968 0.9973945618 0.0344832540 0.7940678596 0.0294564422 0.6071149707
-120.8 -105.7 2606.5 0.2454374433 -0.2109106034 -0.9461908937 0.0845456123 0.9769837856 -0.1958437562 0.9657186270 -0.0319288969 0.2576199472
-37.0 -494.1 2619.2 0.2426171899 0.0412585214 -0.9692443609 -0.0103087062 0.9991484880 0.0399510376 0.9700673223 0.0002988467 0.2428359091
267.9 -108.7 2345.6 0 0 0 0 0 0 0 0 0
216.1 -76.7 2553.5 0 0 0 0 0 0 0 0 0
-230.1 -749.2 2473.4 0 0 0 0 0 0 0 0 0
-46.7 -730.5 2619.1 0 0 0 0 0 0 0 0 0
233.2 367.9 2512.3 5 0.5021446943 0.6883479953 -0.5234766006 -0.4289238751 0.7238672972 0.5404076576 0.7509161234 -0.0468312353 0.6587350368
96.4 224.1 2521.6 0.5021446943 0.6883479953 -0.5234766006 -0.4289238751 0.7238672972 0.5404076576 0.7509161234 -0.0468312353 0.6587350368
-35.8 76.1 2532.4 0.5198122859 0.6652033329 -0.5360034704 -0.4097551107 0.7446913719 0.5268163681 0.7495971918 -0.0542154685 0.6596701741
23.3 281.8 2416.2 -0.0795233026 0.3210460246 -0.9437189698 0.9326602221 0.3581540287 0.0432498530 0.3518819511 -0.8767297864 -0.3279084563
45.6 19.9 2317.4 -0.8640066385 0.3210460246 -0.3878426850 0.4898714423 0.3581540287 -0.7948280573 -0.1162689701 -0.8767297864 -0.4667187333
169.5 166.5 2627.0 0.1294806600 0.9814406037 -0.1414537281 -0.8136610389 0.1866950691 0.5505457520 0.5667366385 0.0438103564 0.8227334023
214.2 -114.2 2822.5 0.0173272621 0.9814406037 0.1909821033 0.1411883831 0.1866950691 -0.9722195268 -0.9898310900 0.0438103564 -0.1353330910
-218.8 -33.6 2474.9 0.6025371552 -0.0219652858 -0.7977885008 0.0336034708 0.9994329810 -0.0021377732 0.7973830700 -0.0255203731 0.6029336452
-210.1 -430.9 2485.0 0.5993805528 0.0616758056 -0.7980846167 -0.0636201501 0.9975436926 0.0293097105 0.7979319692 0.0332065932 0.6018320918
-122.7 -109.8 2611.0 0.2422026247 -0.2156886458 -0.9459472895 0.0744079277 0.9762344360 -0.2035429478 0.9673682451 -0.0210873429 0.2524954975
-36.9 -497.9 2619.4 0.2399442643 0.0373210795 -0.9700689912 -0.0079087401 0.9993027449 0.0364895687 0.9707544446 -0.0010834394 0.2400721163
274.0 -109.6 2348.1 0 0 0 0 0 0 0 0 0
218.9 -76.2 2556.5 0 0 0 0 0 0 0 0 0
-230.0 -752.8 2474.3 0 0 0 0 0 0 0 0 0
-45.7 -731.4 2619.7 0 0 0 0 0 0 0 0 0
232.9 368.3 2512.5 6 0.4881719947 0.6896154881 -0.5349005461 -0.4129487872 0.7224593759 0.5545500517 0.7688702345 -0.0498292856 0.6374602914
95.6 224.5 2522.5 0.4881719947 0.6896154881 -0.5349005461 -0.4129487872 0.7224593759 0.5545500517 0.7688702345 -0.0498292856 0.6374602914
-36.6 76.4 2533.4 0.5053246617 0.6648561954 -0.5501028895 -0.3943659365 0.7449464798 0.5380801558 0.7675431371 -0.0549633205 0.6386364698
24.5 279.9 2414.5 -0.0476599708 0.2818707526 -0.9582679272 0.9371346235 0.3446437716 0.0547667295 0.3456982076 -0.8954158425 -0.2805765569
37.6 22.1 2319.4 -0.8548838496 0.2818707526 -0.4355714619 0.5138947964 0.3446437716 -0.7855780125 -0.0713144690 -0.8954158425 -0.4394823313
166.7 169.0 2630.4 0.1194503158 0.9800362587 -0.1589356363 -0.8025053740 0.1895587891 0.5657319427 0.5845654607 0.0599698387 0.8091272116
207.9 -107.8 2832.1 0.0370076448 0.9800362587 0.1953441799 0.1224339977 0.1895587891 -0.9742060304 -0.9917864203 0.0599698387 -0.1129746363
-215.7 -34.4 2474.4 0.5866070390 -0.0128131751 -0.8097703457 0.0326387025 0.9994365573 0.0078295507 0.8092137575 -0.0310227238 0.5866947174
-210.6 -431.7 2486.8 0.5834818482 0.0604782142 -0.8098711371 -0.0689450651 0.9973120689 0.0248032734 0.8091943264 0.0413643606 0.5860831738
-120.4 -109.5 2611.9 0.2270029187 -0.2120564580 -0.9505270720 0.0729267523 0.9769676924 -0.2005389631 0.9711598158 -0.0237959232 0.2372391075
-36.1 -498.0 2621.3 0.2241007835 0.0422436818 -0.9736499786 -0.0175012760 0.9990734458 0.0393185355 0.9744088054 0.0082288021 0.2246324718
263.2 -113.4 2338.2 0 0 0 0 0 0 0 0 0
217.8 -74.9 2565.5 0 0 0 0 0 0 0 0 0
-230.1 -752.2 2473.5 0 0 0 0 0 0 0 0 0
-46.0 -731.2 2619.4 0 0 0 0 0 0 0 0 0
235.1 371.6 2513.2 7 0.4896337688 0.6862688065 -0.5378605127 -0.4130765796 0.7258184552 0.5500502586 0.7678713799 -0.0471456312 0.6388667822
98.6 227.2 2522.5 0.4896337688 0.6862688065 -0.5378605127 -0.4130765796 0.7258184552 0.5500502586 0.7678713799 -0.0471456312 0.6388667822
-32.2 77.9 2532.7 0.5082575679 0.6578219533 -0.5558277369 -0.3926078081 0.7514237761 0.5303031206 0.7665072083 -0.0513082668 0.6401829123
27.1 282.5 2414.7 0.0218731780 0.3213348389 -0.9467129707 0.9343174696 0.3304033279 0.1337328106 0.3557701111 -0.8874557018 -0.2930017710
21.1 26.9 2317.4 -0.8322325349 0.3213348389 -0.4518107772 0.5456632972 0.3304033279 -0.7701202631 -0.0981866866 -0.8874557018 -0.4503130019
170.1 172.0 2630.4 0.1266198009 0.9781038761 -0.1651673168 -0.8035853505 0.1987641454 0.5610200167 0.5815652013 0.0616897829 0.8111574054
213.8 -105.3 2831.0 0.0367780738 0.9781038761 0.2048418671 0.1266727149 0.1987641454 -0.9718265533 -0.9912625551 0.0616897829 -0.1165889055
-215.1 -35.6 2473.9 0.5855989456 -0.0138571514 -0.8104824424 0.0265677813 0.9996448159 0.0021047173 0.8101654053 -0.0227652416 0.5857591033
-209.6 -433.0 2483.0 0.5822790265 0.0637868196 -0.8104828000 -0.0588274300 0.9976097345 0.0362504646 0.8108578920 0.0265707374 0.5846396089
-122.4 -107.9 2614.7 0.2268306613 -0.2215132564 -0.9484090805 0.0645287633 0.9750701189 -0.2123069763 0.9717941880 -0.0130419312 0.2354697734
-34.4 -495.5 2619.9 0.2236438245 0.0478524566 -0.9734955430 -0.0179832298 0.9988266230 0.0449662767 0.9745050073 0.0074501652 0.2242419571
238.8 -115.9 2343.0 0 0 0 0 0 0 0 0 0
223.7 -71.2 2564.5 0 0 0 0 0 0 0 0 0
-230.1 -753.8 2474.4 0 0 0 0 0 0 0 0 0
-45.6 -730.6 2618.1 0 0 0 0 0 0 0 0 0
238.7 370.1 2504.0 8 0.4964039028 0.6962023973 -0.5185415745 -0.4078274667 0.7143439651 0.5686734319 0.7663288713 -0.0708162114 0.6385335922
100.0 227.8 2518.1 0.4964039028 0.6962023973 -0.5185415745 -0.4078274667 0.7143439651 0.5686734319 0.7663288713 -0.0708162114 0.6385335922
-32.6 80.5 2533.1 0.5161817074 0.6670671105 -0.5371944904 -0.3867115676 0.7411600351 0.5487585664 0.7642058730 -0.0755198151 0.6405358315
27.4 282.2 2410.6 0.0657123029 0.2797217965 -0.9578296542 0.9369394779 0.3129121959 0.1556610912 0.3432583511 -0.9076572657 -0.2415202111
9.8 31.7 2318.8 -0.8200178146 0.2797217965 -0.4993260503 0.5695562363 0.3129121959 -0.7600603104 -0.0563602149 -0.9076572657 -0.4159108400
172.6 173.4 2625.6 0.1259990185 0.9816331267 -0.1432504505 -0.7953201532 0.1862665415 0.5768626928 0.5929502845 0.0412458330 0.8041819930
216.1 -101.0 2830.2 0.0209762696 0.9816331267 0.1896218359 0.1095078439 0.1862665415 -0.9763773680 -0.9937645793 0.0412458330 -0.1035893485
-209.6 -35.5 2472.6 0.6000170112 -0.0056573199 -0.7999672294 0.0327009708 0.9993126392 0.0174603462 0.7993186116 -0.0366362110 0.5997895598
-207.3 -432.8 2487.2 0.5957976580 0.0713858828 -0.7999557257 -0.0745772794 0.9966559410 0.0333945900 0.7996645570 0.0397621058 0.5991290212
-116.4 -107.5 2613.2 0.2447879165 -0.2112475634 -0.9462839365 0.0772799924 0.9771223068 -0.1981408447 0.9664919376 -0.0246263333 0.2555129528
-32.4 -496.0 2623.0 0.2400060743 0.0558668822 -0.9691625237 -0.0359588675 0.9981691837 0.0486340038 0.9701051712 0.0231775288 0.2415755689
222.8 -116.2 2333.4 0 0 0 0 0 0 0 0 0
221.7 -71.6 2563.1 0 0 0 0 0 0 0 0 0
-230.3 -752.7 2474.4 0 0 0 0 0 0 0 0 0
-45.5 -730.7 2617.6 0 0 0 0 0 0 0 0 0
240.7 371.9 2507.9 9 0.4828225076 0.6930994987 -0.5352527499 -0.4065395296 0.7187623978 0.5640091300 0.7756339312 -0.0547149032 0.6288070083
103.0 229.1 2518.7 0.4828225076 0.6930994987 -0.5352527499 -0.4065395296 0.7187623978 0.5640091300 0.7756339312 -0.0547149032 0.6288070083
-30.3 82.3 2531.6 0.5007775426 0.6710957885 -0.5466738343 -0.3873588741 0.7385530472 0.5518084168 0.7740639448 -0.0645743087 0.6298056841
32.6 283.6 2409.8 0.1160851568 0.2847754061 -0.9515393972 0.9318363667 0.3003918231 0.2035823017 0.3438098729 -0.9103118777 -0.2304930538
1.8 36.2 2318.6 -0.8028900623 0.2847754061 -0.5237084031 0.5935562253 0.3003918231 -0.7466295958 -0.0553040355 -0.9103118777 -0.4102118313
173.5 174.6 2627.6 0.1121723056 0.9814242721 -0.1556399316 -0.7948535085 0.1826169491 0.5786699653 0.5963432193 0.0588002130 0.8005731106
212.2 -99.7 2833.4 0.0394781306 0.9814242721 0.1877442300 0.1076970845 0.1826169491 -0.9772678018 -0.9933996201 0.0588002130 -0.0984871536
-212.5 -31.3 2478.0 0.5855978131 -0.0132113583 -0.8104940653 0.0224522855 0.9997479320 -0.0000740512 0.8102907538 -0.0181540791 0.5857468247
