-172.5 409.5 2774.5 06 0.5743345618 0.5168299675 -0.6348437071 -0.4202668369 0.8516598344 0.3131314516 0.7025066018 0.0869615525 0.7063441873
-277.0 237.3 2756.9 0.5743345618 0.5168299675 -0.6348437071 -0.4202668369 0.8516598344 0.3131314516 0.7025066018 0.0869615525 0.7063441873
-375.0 65.4 2739.1 0.5829542279 0.4935361743 -0.6454350352 -0.4056209624 0.8650819063 0.2951354384 0.7040141821 0.0897515342 0.7044917941
-362.1 296.5 2654.2 -0.2469780296 0.5908009410 -0.7680859566 0.9317766428 0.3624338508 -0.0208337251 0.2660717666 -0.7208300233 -0.6400077343
-288.6 19.2 2575.0 -0.7411046624 0.5908009410 -0.3189327419 0.5969486833 0.3624338508 -0.7157471180 -0.3072720766 -0.7208300233 -0.6212792993
-191.9 178.1 2859.7 0.2181929797 0.9759038091 -0.0018936602 -0.9609375000 0.2145074606 -0.1748875976 -0.1702672690 0.0399789363 0.9845865965
-130.7 -91.2 2812.0 0.0110204974 0.9759038091 0.2179227173 0.1345319301 0.2145074606 -0.9674128890 -0.9908479452 0.0399789363 -0.1289262474
-527.5 -67.0 2660.0 -0.9974151850 -0.0644706115 0.0317259990 -0.0634149313 0.9974339604 0.0332271978 -0.0337867662 0.0311294068 -0.9989441633
-501.9 -463.3 2647.6 -0.9962820411 -0.0847595856 0.0154230865 -0.0774587542 0.9596527219 0.2703087926 -0.0377120674 0.2681091726 -0.9626501203
-417.0 -142.6 2785.2 -0.8376549482 0.0560779572 0.5433133841 -0.0015050289 0.9944747686 -0.1049648598 -0.5461976528 -0.0887420401 -0.8329423666
-439.3 -537.5 2820.4 -0.8326664567 -0.1582498252 0.5306822062 -0.0352275372 0.9714952707 0.2344268560 -0.5526532531 0.1765047461 -0.8145062327
-90.2 -140.6 2657.2 0 0 0 0 0 0 0 0 0
-128.0 -57.7 2565.5 0 0 0 0 0 0 0 0 0
-469.2 -833.6 2544.1 0 0 0 0 0 0 0 0 0
-395.1 -808.5 2771.2 0 0 0 0 0 0 0 0 0
-172.1 408.4 2765.1 07 0.5803872347 0.5228167772 -0.6243502498 -0.4126293957 0.8497884274 0.3280191720 0.7020595670 0.0672471151 0.7089359760
-277.7 236.7 2751.6 0.5803872347 0.5228167772 -0.6243502498 -0.4126293957 0.8497884274 0.3280191720 0.7020595670 0.0672471151 0.7089359760
-376.8 65.1 2737.4 0.5890809298 0.4988603890 -0.6357059479 -0.3980484307 0.8637666702 0.3089734316 0.7032362223 0.0710313767 0.7073990107
-363.8 294.9 2648.9 -0.2462335825 0.5609326959 -0.7903945446 0.9351814985 0.3517003059 -0.0417423062 0.2545673847 -0.7494407296 -0.6111743450
-291.0 18.5 2573.6 -0.7540285587 0.5609326959 -0.3417535126 0.5907583833 0.3517003059 -0.7261621356 -0.2871332765 -0.7494407296 -0.5965677500
-191.7 178.6 2854.2 0.1723805219 0.9844008684 -0.0352122486 -0.9770765901 0.1663457006 -0.1328548491 -0.1249250248 0.0573066510 0.9905098081
-144.9 -86.9 2820.3 0.0345723554 0.9844008684 0.1725099981 0.1364795566 0.1663457006 -0.9765769243 -0.9900394082 0.0573066510 -0.1285996288
-526.5 -69.3 2656.8 -0.9976245165 -0.0660901815 0.0194272473 -0.0654628128 0.9973631501 0.0313271508 -0.0214464366 0.0299809705 -0.9993203878
-500.2 -465.6 2644.9 -0.9970166683 -0.0770968050 0.0037266926 -0.0734898746 0.9629195929 0.2595863938 -0.0236017890 0.2585380971 -0.9657126665
-419.6 -143.7 2785.8 -0.8439900875 0.0531665683 0.5337172151 -0.0059507070 0.9940855503 -0.1084365547 -0.5363258123 -0.0946953669 -0.8386819363
-440.7 -538.6 2823.4 -0.8387680650 -0.1628320664 0.5195708275 -0.0401986688 0.9701506495 0.2391479164 -0.5430029631 0.1797035784 -0.8202770352
-89.1 -139.7 2650.5 0 0 0 0 0 0 0 0 0
-136.1 -52.1 2568.0 0 0 0 0 0 0 0 0 0
-470.9 -831.7 2546.6 0 0 0 0 0 0 0 0 0
-395.8 -806.0 2773.9 0 0 0 0 0 0 0 0 0
-172.0 406.8 2760.5 08 0.6132029295 0.5125875473 -0.6010292768 -0.4206837118 0.8559045792 0.3007533252 0.6685861349 0.0684204027 0.7404804230
-275.3 234.3 2746.7 0.6132029295 0.5125875473 -0.6010292768 -0.4206837118 0.8559045792 0.3007533252 0.6685861349 0.0684204027 0.7404804230
-372.3 61.4 2732.9 0.6233896613 0.4882160425 -0.6107621193 -0.4031167328 0.8699761629 0.2839690149 0.6699867249 0.0691850930 0.7391421795
-366.3 293.1 2648.9 -0.2440420091 0.5414922237 -0.8045058250 0.9370329976 0.3453816175 -0.0517758206 0.2498253286 -0.7664839625 -0.5916836858
-294.4 17.0 2575.3 -0.7595552802 0.5414922237 -0.3603636324 0.5917859077 0.3453816175 -0.7283549905 -0.2699355781 -0.7664839625 -0.5827838778
-184.4 175.5 2844.4 0.1614288539 0.9868022203 -0.0127325868 -0.9777892828 0.1581802666 -0.1375032514 -0.1336744726 0.0346467793 0.9904194474
-141.1 -86.6 2808.6 0.0079127187 0.9868022203 0.1617367715 0.1666021794 0.1581802666 -0.9732536674 -0.9859924316 0.0346467793 -0.1631517559
-529.9 -70.0 2658.9 -0.9968215823 -0.0772281289 -0.0195597690 -0.0776318982 0.9967650771 0.0208003223 0.0178901237 0.0222526714 -0.9995923042
-499.2 -466.1 2650.0 -0.9966479540 -0.0722316056 -0.0384116769 -0.0799769014 0.9590780735 0.2716116607 0.0172208529 0.2737732530 -0.9616400599
-421.9 -143.0 2787.8 -0.8646593094 0.0449927375 0.5003398657 0.0025686908 0.9963641167 -0.0851583332 -0.5023521781 -0.0723477229 -0.8616310954
-439.8 -538.8 2816.5 -0.8568293452 -0.1602005810 0.4900808632 -0.0537908673 0.9730930328 0.2240456343 -0.5127865076 0.1656070054 -0.8423920274
-91.0 -141.5 2647.6 0 0 0 0 0 0 0 0 0
-139.1 -43.7 2554.5 0 0 0 0 0 0 0 0 0
-471.8 -831.0 2545.9 0 0 0 0 0 0 0 0 0
-395.8 -805.9 2771.1 0 0 0 0 0 0 0 0 0
-174.3 405.5 2759.1 09 0.6331487894 0.4900529385 -0.5991416574 -0.4170970321 0.8680662513 0.2692417204 0.6520373225 0.0794301257 0.7540147305
-272.8 231.0 2743.1 0.6331487894 0.4900529385 -0.5991416574 -0.4170970321 0.8680662513 0.2692417204 0.6520373225 0.0794301257 0.7540147305
-365.9 56.3 2727.5 0.6424453259 0.4685527086 -0.6064012051 -0.4001446962 0.8799694777 0.2560037971 0.6535658240 0.0781797841 0.7528211474
-366.6 289.4 2647.7 -0.2429566383 0.5210846066 -0.8181949258 0.9387429357 0.3388163149 -0.0629701465 0.2444050163 -0.7833736539 -0.5714821815
-295.8 16.0 2576.6 -0.7617140412 0.5210846066 -0.3850486875 0.5986775756 0.3388163149 -0.7258020639 -0.2477435172 -0.7833736539 -0.5700428486
-179.0 172.7 2838.5 0.1719233245 0.9850981236 -0.0049010026 -0.9744042158 0.1693212837 -0.1478742063 -0.1448407620 0.0301985834 0.9889940619
-133.2 -86.7 2800.0 -0.0023709200 0.9850981236 0.1719768345 0.1889320314 0.1693212837 -0.9672822952 -0.9819872975 0.0301985834 -0.1865180433
-526.4 -74.5 2657.7 -0.9972957969 -0.0650315359 -0.0342350081 -0.0661658943 0.9972590208 0.0331145190 0.0319876820 0.0352901593 -0.9988650680
-500.6 -470.8 2643.7 -0.9957436323 -0.0785412714 -0.0482274964 -0.0884579346 0.9613368511 0.2607807517 0.0258808192 0.2639368773 -0.9641926885
-412.2 -148.3 2780.4 -0.8708609939 0.0687276721 0.4867007136 0.0105660409 0.9925650954 -0.1212554872 -0.4914157391 -0.1004541814 -0.8651124239
-439.5 -542.5 2820.3 -0.8625397682 -0.1599168926 0.4800539315 -0.0503473431 0.9711596966 0.2330535352 -0.5034782290 0.1768485010 -0.8457152247
-91.8 -144.4 2642.9 0 0 0 0 0 0 0 0 0
-133.8 -37.7 2545.4 0 0 0 0 0 0 0 0 0
-471.0 -833.1 2544.2 0 0 0 0 0 0 0 0 0
-396.1 -806.0 2772.3 0 0 0 0 0 0 0 0 0
-174.1 405.1 2756.9 10 0.6484412551 0.4919582605 -0.5809484124 -0.4204901755 0.8676196337 0.2653754950 0.6345959306 0.0722026750 0.7694639564
-272.8 231.1 2742.5 0.6484412551 0.4919582605 -0.5809484124 -0.4204901755 0.8676196337 0.2653754950 0.6345959306 0.0722026750 0.7694639564
-364.9 55.7 2727.5 0.6592689157 0.4638635516 -0.5917728543 -0.4006622434 0.8827078938 0.2455534488 0.6362658739 0.0752152950 0.7677944899
-369.0 289.5 2649.6 -0.2659843862 0.5131040812 -0.8160738349 0.9322769642 0.3522377908 -0.0823901817 0.2451773137 -0.7827213407 -0.5720449090
-290.9 15.7 2577.5 -0.7587617636 0.5131040812 -0.4012540281 0.6124471426 0.3522377908 -0.7076984048 -0.2217860967 -0.7827213407 -0.5815137029
-176.5 172.6 2835.3 0.1552274674 0.9864366055 0.0533598289 -0.9827401042 0.1596967429 -0.0933744609 -0.1006293744 -0.0379445627 0.9942001700
-138.2 -69.7 2810.5 -0.0694715753 0.9864366055 0.1487163156 0.1967473030 0.1596967429 -0.9673610926 -0.9779898524 -0.0379445627 -0.2051731199
-517.8 -81.9 2652.0 -0.9974150658 -0.0455627143 -0.0555632338 -0.0473917238 0.9983618855 0.0320561528 0.0540116467 0.0346065275 -0.9979404211
-499.7 -478.6 2638.3 -0.9947462678 -0.0797928199 -0.0641322583 -0.0933405682 0.9642237425 0.2481130362 0.0420402102 0.2527956665 -0.9666059017
-400.1 -155.2 2771.8 -0.8789126277 0.1120358482 0.4636383951 0.0362082310 0.9848899245 -0.1693541855 -0.4756065309 -0.1320600063 -0.8696888089
-444.5 -545.8 2824.2 -0.8644598722 -0.1837160736 0.4679289758 -0.0647276714 0.9637578726 0.2588070929 -0.4985172749 0.1934403926 -0.8450214863
-87.7 -148.3 2636.9 0 0 0 0 0 0 0 0 0
-156.2 -18.9 2557.7 0 0 0 0 0 0 0 0 0
-470.4 -832.4 2545.5 0 0 0 0 0 0 0 0 0
-395.0 -805.7 2772.0 0 0 0 0 0 0 0 0 0
-166.3 405.6 2756.4 11 0.5969262123 0.5149790645 -0.6152037382 -0.4100027382 0.8549197912 0.3178205788 0.6896207929 0.0625197664 0.7214668989
-270.4 232.7 2743.7 0.5969262123 0.5149790645 -0.6152037382 -0.4100027382 0.8549197912 0.3178205788 0.6896207929 0.0625197664 0.7214668989
-366.5 59.4 2730.0 0.6079945564 0.4835300148 -0.6297152638 -0.3908526599 0.8726701736 0.2927131355 0.6910693049 0.0681579113 0.7195677161
-359.0 289.5 2643.1 -0.2200228572 0.4900323153 -0.8434798717 0.9465938807 0.3161658943 -0.0632389411 0.2356904447 -0.8123468757 -0.5334253311
-295.3 15.6 2574.9 -0.7665447593 0.4900323153 -0.4150632024 0.6000213623 0.3161658943 -0.7348560691 -0.2288744152 -0.8123468757 -0.5363851786
-181.8 175.9 2844.4 0.1730150282 0.9739720225 0.1464388669 -0.9790949225 0.1862255931 -0.0818114802 -0.1069527641 -0.1292229444 0.9858309031
-139.7 -62.5 2818.3 -0.1697880626 0.9739720225 0.1501684338 0.2217014879 0.1862255931 -0.9571669102 -0.9602189660 -0.1292229444 -0.2475499213
-517.5 -83.0 2654.1 -0.9991355538 -0.0413314216 0.0044623548 -0.0411765054 0.9986856580 0.0305196978 -0.0057179122 0.0303095710 -0.9995241761
-501.1 -479.8 2642.1 -0.9963614941 -0.0850718170 -0.0051590553 -0.0834961012 0.9621821046 0.2592951059 -0.0170947537 0.2587824166 -0.9657843709
-396.6 -156.4 2770.8 -0.8486881256 0.1141918227 0.5164191127 0.0285263993 0.9848757982 -0.1708975136 -0.5281237960 -0.1303071231 -0.8391098380
-442.0 -547.4 2822.5 -0.8381205201 -0.1751585603 0.5165979266 -0.0421784148 0.9650174379 0.2587708235 -0.5438519716 0.1950918585 -0.8161888719
-90.0 -145.1 2636.2 0 0 0 0 0 0 0 0 0
-183.4 -5.3 2570.8 0 0 0 0 0 0 0 0 0
-470.0 -831.4 2547.5 0 0 0 0 0 0 0 0 0
-395.7 -802.5 2771.0 0 0 0 0 0 0 0 0 0
-164.3 403.7 2755.6 12 0.6194068193 0.5250694156 -0.5836414099 -0.4289922118 0.8489920497 0.3085096776 0.6574959159 0.0592846163 0.7511221766
-270.2 232.5 2743.6 0.6194068193 0.5250694156 -0.5836414099 -0.4289922118 0.8489920497 0.3085096776 0.6574959159 0.0592846163 0.7511221766
-369.2 60.8 2730.7 0.6294363141 0.4983421266 -0.5962088704 -0.4121993780 0.8645543456 0.2874673605 0.6587120891 0.0648145452 0.7495982051
-361.9 292.6 2647.6 -0.2118279785 0.4922504425 -0.8442857265 0.9451649785 0.3229168952 -0.0488654487 0.2485800982 -0.8083403707 -0.5336607099
-299.1 12.6 2574.0 -0.7687946558 0.4922504425 -0.4082208574 0.5967957973 0.3229168952 -0.7345470786 -0.2297597229 -0.8083403707 -0.5420297980
-178.5 172.5 2839.6 0.1608228236 0.9672340155 0.1964544505 -0.9843195081 0.1717933863 -0.0400264040 -0.0724644735 -0.1869367957 0.9796956182
-140.7 -58.5 2822.6 -0.2247979045 0.9672340155 0.1180010065 0.2372801304 0.1717933863 -0.9561303258 -0.9450735450 -0.1869367957 -0.2681242228
-518.2 -78.2 2653.1 -0.9989708662 -0.0296721440 -0.0343042202 -0.0304926485 0.9992552400 0.0236478727 0.0335769877 0.0246695615 -0.9991316199
-506.4 -475.3 2643.3 -0.9944922328 -0.0967483968 -0.0403108746 -0.1038969085 0.9606631994 0.2575492561 0.0138076963 0.2603189051 -0.9654239416
-406.9 -149.5 2779.4 -0.8707889915 0.0941336527 0.4825613201 0.0302783754 0.9899045229 -0.1384637654 -0.4907237291 -0.1059615538 -0.8648481965
-444.3 -542.6 2821.5 -0.8584395051 -0.1798250824 0.4803587496 -0.0533097647 0.9627359509 0.2651369572 -0.5101369023 0.2019962370 -0.8360369802
-93.2 -147.3 2635.5 0 0 0 0 0 0 0 0 0
-198.8 2.8 2578.4 0 0 0 0 0 0 0 0 0
-470.4 -832.3 2546.5 0 0 0 0 0 0 0 0 0
-396.1 -800.8 2767.3 0 0 0 0 0 0 0 0 0
-164.8 401.9 2756.2 13 0.6262829304 0.5185300708 -0.5821479559 -0.4328772426 0.8523362875 0.2934964597 0.6483725309 0.0681867898 0.7582635283
-269.2 230.4 2742.4 0.6262829304 0.5185300708 -0.5821479559 -0.4328772426 0.8523362875 0.2934964597 0.6483725309 0.0681867898 0.7582635283
-367.7 58.4 2728.5 0.6356546283 0.4959899187 -0.5915548801 -0.4170088172 0.8654822111 0.2775682807 0.6496513486 0.0702460557 0.7569799423
-361.9 291.2 2647.7 -0.1692156643 0.5002487898 -0.8491861820 0.9496644139 0.3132335842 -0.0047143539 0.2636353076 -0.8072396517 -0.5280725360
-313.1 17.4 2571.6 -0.7674175501 0.5002487898 -0.4010254443 0.5921617746 0.3132335842 -0.7424480915 -0.2457941324 -0.8072396517 -0.5366091728
-176.4 169.6 2837.2 0.1554669738 0.9569279552 0.2451915294 -0.9862018228 0.1646451801 -0.0172590464 -0.0568852685 -0.2391251326 0.9693210125
-140.7 -57.1 2824.2 -0.2749912143 0.9569279552 0.0931058079 0.2498777807 0.1646451801 -0.9541766644 -0.9284077287 -0.2391251326 -0.2843910158
-525.8 -73.3 2657.5 -0.9977614880 -0.0527205877 -0.0411400385 -0.0535164811 0.9983957410 0.0184898768 0.0400992446 0.0206501577 -0.9989823103
-504.8 -469.9 2649.3 -0.9944086075 -0.0912418440 -0.0531643257 -0.1023112610 0.9571094513 0.2710607946 0.0261519905 0.2749845088 -0.9610929489
-410.6 -148.6 2778.1 -0.8748578429 0.0739802569 0.4786968827 0.0282816645 0.9943833351 -0.1019900069 -0.4835534692 -0.0756884068 -0.8720362782
-440.0 -543.4 2808.1 -0.8638039231 -0.1597846150 0.4778196812 -0.0618761741 0.9748431444 0.2141311020 -0.5000141263 0.1554016322 -0.8519602418
-107.5 -141.3 2637.5 0 0 0 0 0 0 0 0 0
-211.9 7.6 2583.9 0 0 0 0 0 0 0 0 0
-470.2 -833.2 2545.0 0 0 0 0 0 0 0 0 0
-398.1 -799.0 2767.4 0 0 0 0 0 0 0 0 0
-167.7 401.2 2757.5 14 0.6298700571 0.5002963543 -0.5941105485 -0.4295878410 0.8616662621 0.2701583803 0.6470842361 0.0850579888 0.7576589584
-268.5 227.6 2740.3 0.6298700571 0.5002963543 -0.5941105485 -0.4295878410 0.8616662621 0.2701583803 0.6470842361 0.0850579888 0.7576589584
-364.8 54.6 2724.3 0.6379127502 0.4849385321 -0.5982490778 -0.4154452980 0.8708035350 0.2628810108 0.6484385133 0.0808446333 0.7569621205
-361.6 288.3 2645.7 -0.1355030239 0.4814354479 -0.8659439087 0.9544573426 0.2979034483 0.0162706133 0.2658009231 -0.8243017793 -0.4998764098
-323.8 21.7 2571.4 -0.7676026821 0.4814354479 -0.4230909944 0.5972837210 0.2979034483 -0.7446513772 -0.2324613184 -0.8243017793 -0.5162250400
-175.3 167.0 2835.0 0.1304648966 0.9497214556 0.2846192122 -0.9879981875 0.1484820843 -0.0425745547 -0.0826948211 -0.2756488025 0.9576947689
-145.1 -62.3 2815.8 -0.3075127900 0.9497214556 0.0588648058 0.2768400311 0.1484820843 -0.9493748546 -0.9103820324 -0.2756488025 -0.3085810542
-524.5 -75.3 2655.0 -0.9976858497 -0.0570770763 -0.0369478390 -0.0580905862 0.9979470968 0.0269637145 0.0353329815 0.0290476382 -0.9989533424
-501.8 -471.9 2643.5 -0.9951736927 -0.0849042684 -0.0491997413 -0.0947883651 0.9614505768 0.2581238747 0.0253873020 0.2615416348 -0.9648582339
-408.1 -151.7 2774.0 -0.8729572296 0.0735179335 0.4822248220 0.0230638627 0.9936924577 -0.1097422764 -0.4872511923 -0.0846783519 -0.8691466451
-437.3 -546.4 2807.6 -0.8638740778 -0.1492752731 0.4810805321 -0.0541772582 0.9770738482 0.2058920264 -0.5007857680 0.1518011540 -0.8521561027
-118.1 -138.3 2633.7 0 0 0 0 0 0 0 0 0
-224.7 9.4 2580.0 0 0 0 0 0 0 0 0 0
-469.6 -836.4 2544.3 0 0 0 0 0 0 0 0 0
-398.3 -801.5 2768.0 0 0 0 0 0 0 0 0 0
-169.1 399.0 2756.6 15 0.5928191543 0.5140761733 -0.6199122071 -0.4109576046 0.8550953865 0.3161102831 0.6925888658 0.0673614070 0.7181804180
-272.4 227.1 2743.1 0.5928191543 0.5140761733 -0.6199122071 -0.4109576046 0.8550953865 0.3161102831 0.6925888658 0.0673614070 0.7181804180
-370.8 55.0 2730.2 0.6019995213 0.4947908819 -0.6267204881 -0.3952904940 0.8666200638 0.3044914305 0.6937881112 0.0644329414 0.7172909975
-360.2 284.7 2641.9 -0.1238062382 0.4860201478 -0.8651337624 0.9573423266 0.2878955901 0.0247338619 0.2610893250 -0.8251670003 -0.5009309649
-326.2 21.6 2570.2 -0.7627757192 0.4860201478 -0.4265648723 0.6005845666 0.2878955901 -0.7459318042 -0.2397317588 -0.8251670003 -0.5114959478
-184.6 169.6 2844.2 0.1564405411 0.9400552511 0.3030222356 -0.9781181216 0.1900569946 -0.0846364871 -0.1371544749 -0.2831509709 0.9492176771
-147.1 -65.1 2811.3 -0.3297033608 0.9400552511 0.0871310532 0.2943769693 0.1900569946 -0.9366005063 -0.8970161080 -0.2831509709 -0.3393930495
-519.6 -80.3 2648.8 -0.9989465475 -0.0455798730 0.0053153918 -0.0453777276 0.9984113574 0.0334007777 -0.0068293507 0.0331243910 -0.9994279146
-501.5 -477.0 2635.6 -0.9967761636 -0.0800963044 -0.0046735327 -0.0787398219 0.9653863907 0.2486547679 -0.0154045634 0.2482211441 -0.9685809016
-402.7 -156.4 2767.6 -0.8486393690 0.1115417331 0.5170780420 0.0285189319 0.9857412577 -0.1658337712 -0.5282025337 -0.1259865463 -0.8397198915
-447.0 -547.5 2817.6 -0.8344449997 -0.1907848716 0.5170132518 -0.0620535538 0.9647244811 0.2558436692 -0.5475864410 0.1814049631 -0.8168483973
-121.9 -139.3 2634.4 0 0 0 0 0 0 0 0 0
-232.6 11.2 2578.7 0 0 0 0 0 0 0 0 0
-472.0 -833.6 2543.9 0 0 0 0 0 0 0 0 0
-395.9 -805.6 2769.1 0 0 0 0 0 0 0 0 0
-167.6 398.4 2755.7 16 0.5751957893 0.5162515640 -0.6345345378 -0.3929832578 0.8547151089 0.3391552269 0.7174356580 0.0542808026 0.6945067644
-271.7 226.1 2744.7 0.5751957893 0.5162515640 -0.6345345378 -0.3929832578 0.8547151089 0.3391552269 0.7174356580 0.0542808026 0.6945067644
-369.2 53.4 2733.8 0.5853898525 0.4903625250 -0.6456494927 -0.3755191863 0.8697773814 0.3201134801 0.7185429931 0.0550625734 0.6932994127
-357.1 280.8 2639.9 -0.1104400158 0.4599360824 -0.8810572028 0.9610996246 0.2752255797 0.0232020225 0.2531609237 -0.8442213535 -0.4724403024
-327.3 21.8 2571.7 -0.7688039541 0.4599360824 -0.4442964196 0.5991492271 0.2752255797 -0.7518451214 -0.2235189527 -0.8442213535 -0.4871648550
-186.3 171.4 2849.5 0.1525793225 0.9358444810 0.3176706433 -0.9653425217 0.2099937499 -0.1549724340 -0.2117389441 -0.2830153704 0.9354512095
-150.2 -57.0 2799.4 -0.3356532753 0.9358444810 0.1073869616 0.2864117026 0.2099937499 -0.9348106384 -0.8973879814 -0.2830153704 -0.3385218978
-524.3 -81.0 2653.8 -0.9984947443 -0.0466941707 0.0287742708 -0.0453446321 0.9979166985 0.0458923094 -0.0308572296 0.0445184670 -0.9985318780
-505.8 -477.5 2636.1 -0.9954790473 -0.0931685045 0.0184674133 -0.0855501145 0.9639898539 0.2518029511 -0.0412625037 0.2490846664 -0.9676023126
-414.1 -153.2 2780.8 -0.8356008530 0.0909252316 0.5417599678 0.0066595869 0.9878109694 -0.1555157155 -0.5492967367 -0.1263411641 -0.8260211945
-450.2 -545.3 2831.0 -0.8259389400 -0.2031363845 0.5258901119 -0.0442674607 0.9533153772 0.2987141609 -0.5620188713 0.2234398425 -0.7963726521
-121.4 -138.7 2631.6 0 0 0 0 0 0 0 0 0
-237.3 17.3 2566.5 0 0 0 0 0 0 0 0 0
-471.6 -830.9 2544.8 0 0 0 0 0 0 0 0 0
-395.1 -804.1 2770.3 0 0 0 0 0 0 0 0 0
-159.5 404.6 2755.2 17 0.5765286684 0.5232954621 -0.6275161505 -0.3923849463 0.8509652615 0.3491306305 0.7166929245 0.0449440628 0.6959391832
-265.5 232.2 2746.1 0.5765286684 0.5232954621 -0.6275161505 -0.3923849463 0.8509652615 0.3491306305 0.7166929245 0.0449440628 0.6959391832
-362.6 59.2 2736.2 0.5887588263 0.4886658788 -0.6438700557 -0.3715735972 0.8710327744 0.3213020265 0.7178412676 0.0500757024 0.6944035888
-351.4 286.4 2641.3 -0.0888542011 0.4430728555 -0.8920713663 0.9639011621 0.2639388144 0.0350840352 0.2509970665 -0.8567512631 -0.4505304992
-327.0 21.2 2572.3 -0.7734488845 0.4430728555 -0.4532805979 0.5957535505 0.2639388144 -0.7585604787 -0.2164592147 -0.8567512631 -0.4681054056
-179.5 178.0 2850.9 0.1160072684 0.9225932360 0.3679185510 -0.9639398456 0.1938955635 -0.1822759658 -0.2395043522 -0.3335060179 0.9118176103
-151.7 -53.0 2793.5 -0.3766600192 0.9225932360 0.0833606273 0.2659437060 0.1938955635 -0.9442873001 -0.8873562813 -0.3335060179 -0.3183905780
-520.3 -85.1 2657.0 -0.9986498356 -0.0451870970 0.0256258138 -0.0443743095 0.9985199571 0.0314456597 -0.0270088241 0.0302660745 -0.9991769195
-502.3 -481.8 2645.0 -0.9961948991 -0.0860258490 0.0139738554 -0.0790299177 0.9592481852 0.2712880075 -0.0367421769 0.2691513896 -0.9623968005
-413.1 -153.8 2788.6 -0.8351768851 0.0864279047 0.5431479812 0.0298654698 0.9932450652 -0.1121262312 -0.5491698980 -0.0774238706 -0.8321165442
-447.4 -547.8 2819.3 -0.8212438822 -0.1952401698 0.5361341238 -0.0545304306 0.9621899724 0.2668648660 -0.5679656267 0.1899255216 -0.8008391857
-119.8 -138.4 2630.3 0 0 0 0 0 0 0 0 0
-239.1 8.7 2587.7 0 0 0 0 0 0 0 0 0
-471.0 -831.4 2546.9 0 0 0 0 0 0 0 0 0
-396.5 -798.4 2769.9 0 0 0 0 0 0 0 0 0
-161.8 401.9 2756.0 18 0.5792608261 0.5095897317 -0.6362195015 -0.3840937018 0.8590571284 0.3383678794 0.7189776897 0.0483646393 0.6933483481
-265.2 227.5 2746.2 0.5792608261 0.5095897317 -0.6362195015 -0.3840937018 0.8590571284 0.3383678794 0.7189776897 0.0483646393 0.6933483481
-360.8 53.5 2736.3 0.5902432799 0.4806748033 -0.6485095024 -0.3648567796 0.8754950166 0.3168405890 0.7200641632 0.0496000610 0.6921325326
-351.4 280.7 2641.0 -0.0686749369 0.4612275958 -0.8846201897 0.9619537592 0.2656519115 0.0638283938 0.2644404471 -0.8465802670 -0.4619232416
-333.1 24.4 2570.6 -0.7760658860 0.4612275958 -0.4301055670 0.5832911730 0.2656519115 -0.7675939202 -0.2397771627 -0.8465802670 -0.4751933813
-179.1 174.2 2851.3 0.1068018824 0.9132638574 0.3931188881 -0.9617007375 0.1952682585 -0.1923590899 -0.2524382472 -0.3575184345 0.8991415501
-153.3 -58.0 2790.4 -0.3988665640 0.9132638574 0.0827923715 0.2502613664 0.1952682585 -0.9482824206 -0.8821988106 -0.3575184345 -0.3064406216
-513.7 -79.8 2660.4 -0.9995850325 -0.0072497525 0.0278783403 -0.0064044078 0.9995205402 0.0302932821 -0.0280845929 0.0301021673 -0.9991521835
-510.8 -476.8 2648.5 -0.9938635826 -0.1077011675 0.0252107233 -0.0965640396 0.9559641480 0.2771425247 -0.0539491214 0.2730074227 -0.9604980350
-405.8 -147.9 2792.0 -0.8321999311 0.1082651243 0.5438031554 0.0405342951 0.9900068045 -0.1350682974 -0.5529920459 -0.0903611481 -0.8282721043
-448.8 -540.9 2827.9 -0.8187749982 -0.1929709315 0.5407122970 -0.0410234742 0.9590768814 0.2801581621 -0.5726470351 0.2072045952 -0.7931844592
-125.3 -131.9 2634.8 0 0 0 0 0 0 0 0 0
-240.3 -3.3 2597.8 0 0 0 0 0 0 0 0 0
-470.9 -831.3 2547.2 0 0 0 0 0 0 0 0 0
-395.4 -806.3 2770.5 0 0 0 0 0 0 0 0 0
-165.3 398.0 2757.9 19 0.5479003191 0.5073749423 -0.6651135087 -0.3716030419 0.8599389791 0.3498802185 0.7494774461 0.0554587170 0.6597028971
-268.2 223.7 2746.6 0.5479003191 0.5073749423 -0.6651135087 -0.3716030419 0.8599389791 0.3498802185 0.7494774461 0.0554587170 0.6597028971
-363.8 49.7 2736.3 0.5591534376 0.4808697999 -0.6753603816 -0.3518445194 0.8752459884 0.3318884075 0.7507016063 0.0520453006 0.6585881710
-349.8 275.0 2637.1 -0.0690868199 0.4622144103 -0.8840728402 0.9668467641 0.2493998408 0.0548369214 0.2458340526 -0.8509744406 -0.4641207457
-331.7 21.7 2572.7 -0.7731232047 0.4622144103 -0.4343251586 0.5833505988 0.2493998408 -0.7729824185 -0.2489629835 -0.8509744406 -0.4624498785
-186.6 172.3 2856.2 0.1051098704 0.9228453040 0.3705515265 -0.9658472538 0.1834741235 -0.1829655021 -0.2368354797 -0.3386646807 0.9106125236
-161.2 -61.7 2798.8 -0.3750928342 0.9228453040 0.0875322744 0.2282741517 0.1834741235 -0.9561527967 -0.8984410167 -0.3386646807 -0.2794815600
-510.4 -87.0 2660.4 -0.9975613356 -0.0134842899 0.0684801191 -0.0099392785 0.9986056089 0.0518463925 -0.0690837428 0.0510393158 -0.9963043928
-505.1 -483.6 2640.2 -0.9936057925 -0.0930250436 0.0639831349 -0.0729343519 0.9614284039 0.2652093470 -0.0861863121 0.2588469982 -0.9620655775
-402.2 -153.9 2792.5 -0.8075184226 0.1136575639 0.5787883401 0.0418596007 0.9898279309 -0.1359720528 -0.5883551240 -0.0855720937 -0.8040620089
-447.3 -547.0 2826.5 -0.7950261831 -0.1950157881 0.5743711591 -0.0308789779 0.9586927891 0.2827625275 -0.6057886481 0.2070676237 -0.7682077289
-124.6 -134.5 2639.4 0 0 0 0 0 0 0 0 0
-240.4 -13.4 2608.9 0 0 0 0 0 0 0 0 0
-471.2 -833.1 2546.1 0 0 0 0 0 0 0 0 0
-393.8 -810.0 2769.7 0 0 0 0 0 0 0 0 0
-158.7 401.8 2757.3 20 0.5395151973 0.5195184946 -0.6625887752 -0.3774228990 0.8526756167 0.3612426817 0.7526455522 0.0551802665 0.6561096311
-264.0 229.0 2746.1 0.5395151973 0.5195184946 -0.6625887752 -0.3774228990 0.8526756167 0.3612426817 0.7526455522 0.0551802665 0.6561096311
-360.9 55.8 2735.9 0.5532621741 0.4873342812 -0.6755784750 -0.3538793623 0.8716943264 0.3389961123 0.7541023493 0.0515195467 0.6547330618
-344.8 280.6 2636.0 -0.0734905154 0.4711718857 -0.8789744973 0.9699946642 0.2385812253 0.0467901602 0.2317530364 -0.8491619825 -0.4745676816
-324.8 16.1 2572.8 -0.7643690705 0.4711718857 -0.4401556253 0.5908611417 0.2385812253 -0.7706893682 -0.2581142783 -0.8491619825 -0.4607612789
-183.3 177.3 2856.2 0.0943545327 0.9234128594 0.3720295131 -0.9668111205 0.1741179526 -0.1869737059 -0.2374309301 -0.3420404792 0.9091946483
-160.4 -57.3 2798.6 -0.3754781485 0.9234128594 0.0795292705 0.2251609713 0.1741179526 -0.9586372972 -0.8990654349 -0.3420404792 -0.2732940018
-510.5 -91.9 2657.2 -0.9968679547 -0.0287919194 0.0736565739 -0.0277007576 0.9994915128 0.0157933142 -0.0740738437 0.0137035055 -0.9971585870
-499.1 -488.7 2651.7 -0.9953998923 -0.0726526454 0.0624551699 -0.0508044325 0.9529517293 0.2988341749 -0.0812278613 0.2942865193 -0.9522591233
-408.1 -156.4 2794.7 -0.8084886670 0.0898134783 0.5816181302 0.0106174387 0.9903514385 -0.1381711215 -0.5884159803 -0.1055344865 -0.8016415238
-443.8 -549.7 2836.6 -0.8061571717 -0.1797332764 0.5637433529 -0.0021354661 0.9536271691 0.3009827435 -0.5916975737 0.2414355427 -0.7691572309
-120.0 -142.2 2642.0 0 0 0 0 0 0 0 0 0
-238.5 -10.5 2611.5 0 0 0 0 0 0 0 0 0
-473.0 -831.2 2546.0 0 0 0 0 0 0 0 0 0
-395.1 -807.7 2771.3 0 0 0 0 0 0 0 0 0
-158.1 400.8 2757.5 21 0.5265188813 0.5294517279 -0.6651756763 -0.3792358041 0.8465196490 0.3736103177 0.7608929276 0.0555455238 0.6464956403
-265.6 229.0 2746.3 0.5265188813 0.5294517279 -0.6651756763 -0.3792358041 0.8465196490 0.3736103177 0.7608929276 0.0555455238 0.6464956403
-364.8 57.1 2736.3 0.5405153632 0.4992922544 -0.6771634817 -0.3559499383 0.8649970293 0.3536662757 0.7623271942 0.0498742536 0.6452671885
-344.5 280.9 2634.9 -0.0697670281 0.4761742949 -0.8765789270 0.9715971947 0.2316194922 0.0484905653 0.2261227220 -0.8482985497 -0.4788089991
-325.5 15.9 2573.3 -0.7599159479 0.4761742949 -0.4424768686 0.5938050747 0.2316194922 -0.7705503702 -0.2644300461 -0.8482985497 -0.4587660730
-186.7 177.0 2857.6 0.0806121230 0.9280594587 0.3636032939 -0.9695698619 0.1576118469 -0.1873307377 -0.2311622351 -0.3374376595 0.9125238657
-167.1 -58.5 2801.4 -0.3662535846 0.9280594587 0.0675572231 0.2218850702 0.1576118469 -0.9622502327 -0.9036732316 -0.3374376595 -0.2636484504
-508.4 -85.0 2656.5 -0.9964355230 -0.0113202529 0.0835947394 -0.0089242477 0.9995401502 0.0289804004 -0.0838843659 0.0281310808 -0.9960783124
-503.9 -482.0 2645.4 -0.9932090044 -0.0862190500 0.0781163648 -0.0613764450 0.9586880803 0.2777591348 -0.0988373533 0.2710783482 -0.9574694037
-407.0 -149.9 2794.8 -0.8011399508 0.0982340276 0.5903599262 0.0290262550 0.9916539192 -0.1256183982 -0.5977727175 -0.0835019872 -0.7973049879
-446.0 -543.7 2827.9 -0.7930433750 -0.1831937581 0.5809666514 -0.0185472015 0.9605287313 0.2775617540 -0.6088827252 0.2093432099 -0.7651386857
-121.9 -143.2 2644.1 0 0 0 0 0 0 0 0 0
-242.7 -12.7 2614.9 0 0 0 0 0 0 0 0 0
-472.3 -833.5 2545.9 0 0 0 0 0 0 0 0 0
-396.9 -801.4 2771.8 0 0 0 0 0 0 0 0 0
-156.5 398.2 2756.7 22 0.5254611969 0.5361705422 -0.6606146097 -0.3875401616 0.8420540094 0.3751767874 0.7574319839 0.0588738695 0.6502543092
-265.2 227.6 2744.7 0.5254611969 0.5361705422 -0.6606146097 -0.3875401616 0.8420540094 0.3751767874 0.7574319839 0.0588738695 0.6502543092
-365.4 56.3 2734.3 0.5407369733 0.5044100285 -0.6731820107 -0.3625262678 0.8618787527 0.3545979261 0.7590640187 0.0523019470 0.6489116549
-344.1 280.5 2633.9 -0.0660369992 0.4543100893 -0.8883926272 0.9724565744 0.2287581414 0.0446975976 0.2235336155 -0.8609715700 -0.4569033384
-326.2 16.7 2573.2 -0.7682042718 0.4543100893 -0.4510703981 0.5899630785 0.2287581414 -0.7743470073 -0.2486076355 -0.8609715700 -0.4437591434
-186.2 174.6 2855.6 0.0732752681 0.9274021983 0.3668186069 -0.9688103795 0.1534942240 -0.1945403963 -0.2367217243 -0.3411226571 0.9097242355
-168.4 -60.8 2798.1 -0.3690920472 0.9274021983 0.0607964471 0.2272753119 0.1534942240 -0.9616576433 -0.9011753201 -0.3411226571 -0.2674291134
-513.6 -82.1 2656.5 -0.9961741567 -0.0337337032 0.0806166157 -0.0304777734 0.9986825585 0.0412829369 -0.0819030330 0.0386679806 -0.9958899021
-500.2 -478.8 2641.2 -0.9946941137 -0.0743730441 0.0710794032 -0.0532654896 0.9634180665 0.2626565099 -0.0880137458 0.2574768066 -0.9622677565
-414.5 -147.4 2796.3 -0.8040416837 0.0795148984 0.5892319679 0.0223049428 0.9943534732 -0.1037482917 -0.5941543579 -0.0702751651 -0.8012752533
-446.1 -542.3 2824.2 -0.7951488495 -0.1867083907 0.5769560337 -0.0295013469 0.9622057676 0.2707206607 -0.6056962609 0.1982422471 -0.7706049681
-120.4 -141.3 2639.8 0 0 0 0 0 0 0 0 0
-244.3 -14.1 2612.8 0 0 0 0 0 0 0 0 0
-472.9 -832.8 2546.6 0 0 0 0 0 0 0 0 0
-394.9 -806.2 2769.8 0 0 0 0 0 0 0 0 0
-150.7 400.0 2746.7 23 0.5930563807 0.5370987058 -0.5998408794 -0.4170888662 0.8421792984 0.3417176306 0.6887096763 0.0475291349 0.7234777212
-259.8 228.9 2737.1 0.5930563807 0.5370987058 -0.5998408794 -0.4170888662 0.8421792984 0.3417176306 0.6887096763 0.0475291349 0.7234777212
-360.6 57.9 2727.3 0.6057548523 0.5071253181 -0.6130946279 -0.3963835537 0.8604717851 0.3201068044 0.6898849010 0.0491143800 0.7222510576
-347.8 286.5 2636.8 -0.0861364231 0.4518645108 -0.8879183531 0.9705702066 0.2392324656 0.0275917370 0.2248866260 -0.8594104648 -0.4591728449
-323.8 15.3 2573.9 -0.7743051648 0.4518645108 -0.4430236518 0.5836029649 0.2392324656 -0.7759996057 -0.2446610332 -0.8594104648 -0.4489484131
-171.8 171.3 2837.3 0.0491857044 0.8934087157 0.4465441704 -0.9562786222 0.1711706817 -0.2371325046 -0.2882915139 -0.4153570831 0.8627667427
-159.9 -60.8 2767.3 -0.4479172826 0.8934087157 0.0345110595 0.2683740854 0.1711706817 -0.9479851723 -0.8528454900 -0.4153570831 -0.3164380491
-515.2 -81.7 2654.3 -0.9993212819 -0.0363001041 -0.0062667769 -0.0365361869 0.9984099865 0.0429253913 0.0046986169 0.0431252234 -0.9990586042
-500.8 -478.4 2637.2 -0.9969289303 -0.0770985186 -0.0137318326 -0.0780729353 0.9648026228 0.2511185408 -0.0061123595 0.2514194250 -0.9678589106
-416.0 -148.2 2793.5 -0.8557226062 0.0631532967 0.5135664344 0.0144316405 0.9950507283 -0.0983149335 -0.5172335505 -0.0767187104 -0.8523988128
-441.1 -543.5 2824.0 -0.8477025032 -0.1667440236 0.5035840869 -0.0398668312 0.9666540027 0.2529638410 -0.5289717913 0.1943617761 -0.8260825276
-116.3 -141.1 2639.5 0 0 0 0 0 0 0 0 0
-251.3 -6.0 2593.2 0 0 0 0 0 0 0 0 0
-472.6 -830.4 2545.5 0 0 0 0 0 0 0 0 0
-395.6 -807.6 2770.9 0 0 0 0 0 0 0 0 0
-147.2 403.9 2750.7 24 0.5708470345 0.5297758579 -0.6272728443 -0.4109161496 0.8457596302 0.3403506577 0.7108316422 0.0634683818 0.7004927993
-254.3 232.8 2737.9 0.5708470345 0.5297758579 -0.6272728443 -0.4109161496 0.8457596302 0.3403506577 0.7108316422 0.0634683818 0.7004927993
-356.4 62.7 2725.9 0.5790207386 0.5136738420 -0.6331462264 -0.3975866437 0.8558705449 0.3307725191 0.7118003964 0.0602063425 0.6997966766
-338.6 290.7 2634.2 -0.0372495465 0.4267219603 -0.9036154151 0.9760754108 0.2093758434 0.0586387776 0.2142177075 -0.8798125386 -0.4243119657
-328.2 17.8 2574.3 -0.7737533450 0.4267219603 -0.4682031274 0.5881614685 0.2093758434 -0.7811708450 -0.2353123128 -0.8798125386 -0.4129866660
-170.0 174.9 2841.6 0.0499117114 0.9078925252 0.4162210226 -0.9583842754 0.1608225554 -0.2358722687 -0.2810844183 -0.3871268928 0.8781368732
-157.9 -57.9 2773.3 -0.4176185727 0.9078925252 0.0364121571 0.2667723000 0.1608225554 -0.9502466321 -0.8685777187 -0.3871268928 -0.3093630672
-516.6 -76.9 2654.6 -0.9991141558 -0.0326313935 0.0265717655 -0.0315090679 0.9986367822 0.0416138619 -0.0278934613 0.0407397486 -0.9987803698
-503.6 -473.7 2638.5 -0.9961543679 -0.0855401903 0.0189570785 -0.0779184997 0.9638574123 0.2547697127 -0.0400649682 0.2523128688 -0.9668158889
-406.1 -149.3 2780.5 -0.8378911018 0.0893465653 0.5384753942 0.0231833719 0.9914473295 -0.1284316480 -0.5453448892 -0.0951280519 -0.8327962160
-441.5 -543.0 2818.3 -0.8285282254 -0.1669816673 0.5344699025 -0.0422517583 0.9704226851 0.2376860231 -0.5583509207 0.1743472815 -0.8110778332
-120.9 -139.8 2637.4 0 0 0 0 0 0 0 0 0
-243.3 -3.4 2595.8 0 0 0 0 0 0 0 0 0
-471.9 -831.1 2544.9 0 0 0 0 0 0 0 0 0
-395.9 -808.3 2770.6 0 0 0 0 0 0 0 0 0
-143.1 404.7 2743.3 25 0.6123395562 0.5317981839 -0.5850051045 -0.4259153605 0.8452962637 0.3225993216 0.6660603881 0.0516223274 0.7441093326
-251.3 232.8 2732.8 0.6123395562 0.5317981839 -0.5850051045 -0.4259153605 0.8452962637 0.3225993216 0.6660603881 0.0516223274 0.7441093326
-352.6 62.1 2722.7 0.6226712465 0.5101151466 -0.5933490396 -0.4090190232 0.8586332202 0.3089537621 0.6670711637 0.0503144152 0.7432929873
-341.9 292.3 2635.7 -0.0861392692 0.4578230083 -0.8848605156 0.9735798836 0.2272074521 0.0227802452 0.2114762217 -0.8595201373 -0.4652987719
-317.0 10.5 2574.4 -0.7636361122 0.4578230083 -0.4552559555 0.5955678821 0.2272074521 -0.7705035210 -0.2493166924 -0.8595201373 -0.4461684823
-160.7 173.2 2829.8 0.0399541371 0.8822558522 0.4690716863 -0.9511001110 0.1774803251 -0.2528028786 -0.3062878251 -0.4360336065 0.8462047577
-151.0 -57.9 2755.4 -0.4701122642 0.8822558522 0.0248804130 0.2831947505 0.1774803251 -0.9424974322 -0.8359397054 -0.4360336065 -0.3332859278
-511.3 -71.0 2648.9 -0.9992603064 -0.0229217168 -0.0308773648 -0.0233720262 0.9996245503 0.0143026328 0.0305379312 0.0150137199 -0.9994208217
-502.2 -468.1 2642.9 -0.9957221150 -0.0852953792 -0.0355265737 -0.0915827602 0.9620370865 0.2570937872 0.0122489715 0.2592476010 -0.9657332301
-405.5 -143.7 2779.0 -0.8679126501 0.1050850078 0.4854737818 0.0362136848 0.9881508946 -0.1491523087 -0.4953950047 -0.1118703708 -0.8614341617
-447.2 -536.2 2823.5 -0.8532885909 -0.1865865439 0.4869127572 -0.0628374070 0.9637765288 0.2592031062 -0.5176388621 0.1905787140 -0.8341041207
-107.3 -153.1 2642.9 0 0 0 0 0 0 0 0 0
-247.0 -0.1 2584.7 0 0 0 0 0 0 0 0 0
-470.0 -831.4 2545.0 0 0 0 0 0 0 0 0 0
-394.4 -808.8 2769.6 0 0 0 0 0 0 0 0 0
-145.4 403.0 2749.5 26 0.5707725883 0.5362256765 -0.6218365431 -0.4109781981 0.8421913385 0.3490138650 0.7108555436 0.0563537031 0.7010768056
-254.1 232.3 2738.1 0.5707725883 0.5362256765 -0.6218365431 -0.4109781981 0.8421913385 0.3490138650 0.7108555436 0.0563537031 0.7010768056
-356.3 62.3 2727.3 0.5811195970 0.5145784020 -0.6304832101 -0.3942590058 0.8557491899 0.3350420892 0.7119409442 0.0538741872 0.7001697421
-338.6 289.7 2634.5 -0.1589150280 0.5160180926 -0.8417074084 0.9693015218 0.2435561270 -0.0336900949 0.1876182854 -0.8212220669 -0.5388818383
-290.4 -4.7 2577.5 -0.7369631529 0.5160180926 -0.4365897477 0.6148870587 0.2435561270 -0.7500628829 -0.2807119191 -0.8212220669 -0.4967847764
-169.5 175.0 2841.7 0.0476684794 0.9065281749 0.4194452763 -0.9598851204 0.1577354521 -0.2318189591 -0.2763118148 -0.3915688097 0.8776819706
-157.9 -58.2 2774.6 -0.4207477570 0.9065281749 0.0343211107 0.2621918917 0.1577354521 -0.9520372748 -0.8684622645 -0.3915688097 -0.3040511906
-510.8 -71.1 2651.7 -0.9994446635 -0.0235802215 0.0235433895 -0.0228966419 0.9993202090 0.0288941190 -0.0242087152 0.0283390097 -0.9993051887
-501.4 -468.2 2640.5 -0.9965717793 -0.0808249637 0.0176625568 -0.0737897083 0.9649024606 0.2520283461 -0.0374128260 0.2498610169 -0.9675586820
-397.0 -145.9 2773.6 -0.8375205398 0.1153327599 0.5340951681 0.0402593240 0.9878381491 -0.1501831412 -0.5449206233 -0.1042791530 -0.8319779634
-442.8 -538.4 2815.1 -0.8247640133 -0.1747760475 0.5377895832 -0.0509530380 0.9701377749 0.2371422201 -0.5631768107 0.1681843549 -0.8090401292
-83.9 -177.0 2656.1 0 0 0 0 0 0 0 0 0
-243.8 -4.7 2597.3 0 0 0 0 0 0 0 0 0
-470.8 -833.0 2546.0 0 0 0 0 0 0 0 0 0
-394.8 -804.6 2768.9 0 0 0 0 0 0 0 0 0
-149.3 399.8 2743.6 27 0.5453445911 0.5415305495 -0.6397998929 -0.3795950115 0.8400891423 0.3875021040 0.7473331690 0.0315426700 0.6637004018
-258.7 230.1 2737.3 0.5453445911 0.5415305495 -0.6397998929 -0.3795950115 0.8400891423 0.3875021040 0.7473331690 0.0315426700 0.6637004018
-360.9 59.9 2731.0 0.5565816760 0.5142036080 -0.6525423527 -0.3615306020 0.8570843935 0.3670176864 0.7480056882 0.0316387080 0.6629378200
-339.8 282.7 2628.4 -0.1769916266 0.5709647536 -0.8016690016 0.9676551223 0.2497269064 -0.0357773528 0.1797707230 -0.7820714116 -0.5966965556
-287.0 -5.5 2574.8 -0.6981227994 0.5709647536 -0.4319998026 0.6489572525 0.2497269064 -0.7186730504 -0.3024549782 -0.7820714116 -0.5448718071
-177.6 177.5 2846.2 0.0549018048 0.9191337228 0.3901012838 -0.9715202451 0.1393666863 -0.1916384399 -0.2305084765 -0.3684699833 0.9006085396
-164.3 -58.4 2790.2 -0.3916379809 0.9191337228 0.0425782427 0.2221662551 0.1393666863 -0.9649969339 -0.8928952217 -0.3684699833 -0.2587817907
-511.5 -71.8 2651.5 -0.9978079200 -0.0374700315 0.0545464531 -0.0348545760 0.9982324839 0.0481356941 -0.0562536903 0.0461289845 -0.9973503351
-496.7 -468.3 2633.2 -0.9967663884 -0.0654943138 0.0465541445 -0.0528318919 0.9706949592 0.2344356030 -0.0605440736 0.2312179804 -0.9710162878
-405.4 -143.8 2781.6 -0.8193477988 0.0924180150 0.5657985806 0.0128007066 0.9896241426 -0.1431089938 -0.5731537938 -0.1100134179 -0.8120294213
-442.1 -537.0 2825.3 -0.8140478730 -0.1716144532 0.5548644662 -0.0195191912 0.9628928900 0.2691770494 -0.5804697275 0.2082924992 -0.7871906757
-86.5 -192.0 2661.7 0 0 0 0 0 0 0 0 0
-244.3 -13.0 2607.9 0 0 0 0 0 0 0 0 0
-472.1 -832.1 2546.6 0 0 0 0 0 0 0 0 0
-394.0 -806.8 2767.0 0 0 0 0 0 0 0 0 0
-151.9 396.7 2742.7 28 0.5622890592 0.5334564447 -0.6318664551 -0.3824400008 0.8452306986 0.3732623160 0.7331921458 0.0317697041 0.6792790294
-259.3 226.5 2736.3 0.5622890592 0.5334564447 -0.6318664551 -0.3824400008 0.8452306986 0.3732623160 0.7331921458 0.0317697041 0.6792790294
-360.8 55.8 2730.1 0.5719943047 0.5106984377 -0.6418797374 -0.3665975630 0.8591951728 0.3569171429 0.7337770462 0.0311569776 0.6786755919
-342.7 279.9 2629.3 -0.1751622111 0.5623937249 -0.8081036210 0.9657593966 0.2577000260 -0.0299907979 0.1913816780 -0.7856869698 -0.5882763863
-291.4 -2.7 2573.3 -0.7036337256 0.5623937249 -0.4342958629 0.6482211947 0.2577000260 -0.7165193558 -0.2910479605 -0.7856869698 -0.5458819866
-175.8 173.1 2843.3 0.0557653457 0.9114896655 0.4075251818 -0.9686998725 0.1482759714 -0.1990849525 -0.2418900728 -0.3836675584 0.8912286162
-162.3 -62.3 2784.5 -0.4090885818 0.9114896655 0.0428146087 0.2297024876 0.1482759714 -0.9618996978 -0.8831100464 -0.3836675584 -0.2700294554
-514.0 -77.4 2656.3 -0.9979466200 -0.0533171706 0.0354944542 -0.0508622080 0.9964689612 0.0668031126 -0.0389308743 0.0648606122 -0.9971346259
-492.9 -473.2 2630.5 -0.9980376363 -0.0567732118 0.0264137182 -0.0493240803 0.9726627469 0.2269237041 -0.0385748260 0.2251755744 -0.9735543132
-412.2 -143.4 2793.0 -0.8295463324 0.0700584427 0.5540258884 0.0187170412 0.9950301051 -0.0977997631 -0.5581241250 -0.0707597136 -0.8267348409
-440.1 -538.3 2821.1 -0.8212397099 -0.1732980460 0.5436295867 -0.0346111543 0.9661366940 0.2556990087 -0.5695326328 0.1911745369 -0.7994278669
-82.5 -195.2 2659.7 0 0 0 0 0 0 0 0 0
-245.9 -15.4 2604.0 0 0 0 0 0 0 0 0 0
-472.0 -830.6 2547.8 0 0 0 0 0 0 0 0 0
-392.2 -805.0 2768.3 0 0 0 0 0 0 0 0 0
-145.6 399.6 2749.2 29 0.5279058218 0.5377372503 -0.6573842764 -0.3860429525 0.8413745165 0.3782324791 0.7564960122 0.0541074388 0.6517561674
-254.3 229.5 2738.3 0.5279058218 0.5377372503 -0.6573842764 -0.3860429525 0.8413745165 0.3782324791 0.7564960122 0.0541074388 0.6517561674
-356.7 59.6 2728.2 0.5384485126 0.5153946877 -0.6666644812 -0.3690562546 0.8554678559 0.3632798791 0.7575425506 0.0504291877 0.6508350372
-332.8 283.4 2627.8 -0.1010519117 0.3909725547 -0.9148381948 0.9761391282 0.2166096717 -0.0152511038 0.1922000349 -0.8945505619 -0.4035324454
