-68.2 449.1 2532.1 6 0.5180518627 0.4562791288 -0.7234857678 -0.0686211511 0.8652808070 0.4965685308 0.8525921702 -0.2076018155 0.4795707166
-159.6 275.7 2573.7 0.5180518627 0.4562791288 -0.7234857678 -0.0686211511 0.8652808070 0.4965685308 0.8525921702 -0.2076018155 0.4795707166
-247.5 105.7 2614.9 0.5209781528 0.4488043189 -0.7260554433 -0.0630155280 0.8685120940 0.4916460216 0.8512407541 -0.2103840560 0.4807574451
-233.8 284.7 2452.4 -0.0852908790 0.3473166823 -0.9338611364 0.9897350669 0.1374074072 -0.0392900892 0.1146733388 -0.9276261926 -0.3554711044
-219.1 113.7 2432.6 -0.5724980235 0.3473166823 -0.7427092791 0.8145348430 0.1374074072 -0.5636063814 -0.0936961398 -0.9276261926 -0.3615670204
-85.4 266.8 2695.0 0.1597165167 0.9849029779 -0.0667591095 -0.9862282276 0.1621421874 0.0326155312 0.0429476015 0.0606304780 0.9972358942
-43.7 9.7 2706.2 0.1349149048 0.9849029779 0.1084624827 -0.4995308220 0.1621421874 -0.8509870172 -0.8557259440 0.0606304780 0.5138647556
-382.5 -56.2 2577.7 -0.3180253208 -0.0132767782 -0.9479892254 -0.1389681399 0.9897549152 0.0327584222 0.9378420711 0.1421583146 -0.3166121542
-377.3 -443.9 2522.0 -0.3250047565 0.1631765962 -0.9315284491 -0.1784311533 0.9567307234 0.2298448682 0.9287272096 0.2409143746 -0.2818262577
-289.7 -68.3 2732.3 0.0065575428 -0.3471078873 -0.9378022552 -0.1353908330 0.9288786650 -0.3447517157 0.9907705784 0.1292305589 -0.0409040675
-154.0 -431.5 2681.8 0.0065575428 0.4500612915 -0.8929736018 -0.1353908330 0.8851696253 0.4451338053 0.9907705784 0.1179814562 0.0667387098
-83.7 -78.9 2454.7 0 0 0 0 0 0 0 0 0
-9.0 -118.9 2485.8 0 0 0 0 0 0 0 0 0
-435.0 -782.4 2436.8 0 0 0 0 0 0 0 0 0
-322.8 -763.7 2637.5 0 0 0 0 0 0 0 0 0
-72.3 449.5 2531.2 7 0.4992972016 0.4472116232 -0.7420943975 -0.0482844897 0.8695267439 0.4915198982 0.8650843501 -0.2095828652 0.4557456672
-161.8 275.4 2573.2 0.4992972016 0.4472116232 -0.7420943975 -0.0482844897 0.8695267439 0.4915198982 0.8650843501 -0.2095828652 0.4557456672
-248.3 104.6 2614.7 0.5016549826 0.4411700964 -0.7441177368 -0.0436623879 0.8720006943 0.4875534475 0.8639652133 -0.2120936811 0.4567060471
-233.3 281.6 2450.1 -0.0884633884 0.3431803286 -0.9350943565 0.9892437458 0.1400623024 -0.0421831459 0.1164950505 -0.9287679195 -0.3518793583
-218.2 112.5 2430.2 -0.5792661905 0.3431803286 -0.7393767238 0.8099418283 0.1400623024 -0.5695408583 -0.0918964073 -0.9287679195 -0.3590894639
-90.4 269.1 2696.2 0.1741828322 0.9815157652 -0.0792917162 -0.9831100106 0.1779277027 0.0428539515 0.0561700240 0.0704880580 0.9959298968
-46.3 20.5 2710.4 0.1553900391 0.9815157652 0.1117173806 -0.5259093642 0.1779277027 -0.8317217827 -0.8362256289 0.0704880580 0.5438364744
-382.5 -58.7 2579.2 -0.3378904164 -0.0163884908 -0.9410427809 -0.1345337033 0.9904221892 0.0310571715 0.9315206409 0.1370958984 -0.3368589878
-376.0 -446.7 2525.5 -0.3470802903 0.1633769125 -0.9234951138 -0.1855465770 0.9532821774 0.2383811772 0.9192973971 0.2540887892 -0.3005514145
-288.3 -70.1 2733.0 0.1925913543 -0.3003215194 -0.9341924787 -0.1181606948 0.9379903078 -0.3259022236 0.9741389155 0.1731507778 0.1451626271
-171.0 -436.5 2665.4 0.1925913543 0.3995909393 -0.8962341547 -0.1181606948 0.9161305428 0.3830703497 0.9741389155 0.0321236141 0.2236547619
-81.2 -79.1 2451.9 0 0 0 0 0 0 0 0 0
-6.3 -115.1 2494.8 0 0 0 0 0 0 0 0 0
-433.6 -782.5 2435.9 0 0 0 0 0 0 0 0 0
-320.4 -779.0 2653.4 0 0 0 0 0 0 0 0 0
-78.3 448.7 2532.2 8 0.4914416075 0.4425812364 -0.7500712872 -0.0442254357 0.8728204966 0.4860334694 0.8697869182 -0.2056848407 0.4485136569
-166.7 274.4 2573.3 0.4914416075 0.4425812364 -0.7500712872 -0.0442254357 0.8728204966 0.4860334694 0.8697869182 -0.2056848407 0.4485136569
-252.0 103.0 2614.2 0.4941274226 0.4357033372 -0.7523301840 -0.0388788879 0.8755631447 0.4815367758 0.8685197234 -0.2086907625 0.4495793879
-237.0 280.0 2449.6 -0.0977097675 0.2955221236 -0.9503259659 0.9912241697 0.1143268049 -0.0663626790 0.0890360996 -0.9484703541 -0.3040995002
-220.1 108.6 2434.2 -0.5896410942 0.2955221236 -0.7516582012 0.8029735684 0.1143268049 -0.5849468708 -0.0869300440 -0.9484703541 -0.3047082126
-96.3 268.9 2697.1 0.1962532848 0.9777348042 -0.0742917880 -0.9789033532 0.1997532696 0.0429755673 0.0568587370 0.0642903820 0.9963101149
-48.6 31.0 2710.9 0.1688980758 0.9777348042 0.1245313659 -0.5672943592 0.1997532696 -0.7989216447 -0.8060090542 0.0642903820 0.5884013772
-380.0 -62.2 2578.2 -0.3452741206 -0.0143951904 -0.9383915067 -0.1331930757 0.9905131459 0.0338126421 0.9290023446 0.1366618723 -0.3439158797
-374.3 -450.2 2524.7 -0.3538755476 0.1727446914 -0.9192014933 -0.1786082983 0.9522277713 0.2477121800 0.9180801511 0.2518362999 -0.3061164916
-289.3 -70.1 2734.3 0.0682214797 -0.3041994870 -0.9501623511 -0.1293638200 0.9416437149 -0.3107604980 0.9892476201 0.1441171765 0.0248879157
-170.4 -438.3 2678.0 0.0682214797 0.3998533487 -0.9140367508 -0.1293638200 0.9119819999 0.3892990947 0.9892476201 0.0916847289 0.1139433160
-82.2 -79.3 2454.5 0 0 0 0 0 0 0 0 0
-5.0 -115.3 2503.0 0 0 0 0 0 0 0 0 0
-434.6 -782.7 2436.8 0 0 0 0 0 0 0 0 0
-320.2 -779.9 2643.7 0 0 0 0 0 0 0 0 0
-71.7 452.0 2529.8 9 0.4813140929 0.4578594565 -0.7474633455 -0.0417183526 0.8637343645 0.5022176504 0.8755548596 -0.2105415016 0.4348286688
-163.5 278.7 2572.0 0.4813140929 0.4578594565 -0.7474633455 -0.0417183526 0.8637343645 0.5022176504 0.8755548596 -0.2105415016 0.4348286688
-251.0 108.5 2613.8 0.4850577712 0.4466618896 -0.7518059015 -0.0345475115 0.8688322902 0.4938997328 0.8737993836 -0.2135968953 0.4368649125
-232.7 283.6 2447.5 -0.0665229782 0.2501229942 -0.9659260511 0.9956594110 0.0797939375 -0.0479083620 0.0650920570 -0.9649204016 -0.2543454468
-220.9 107.1 2436.0 -0.5930486321 0.2501229942 -0.7653312087 0.8003937602 0.0797939375 -0.5941402912 -0.0875393674 -0.9649204016 -0.2475185692
-94.4 273.8 2696.5 0.1980019063 0.9780551791 -0.0648326725 -0.9790416360 0.2005513906 0.0354485586 0.0476729311 0.0564550050 0.9972663522
-45.7 32.8 2708.2 0.1646694690 0.9780551791 0.1276400983 -0.5780969262 0.2005513906 -0.7909380794 -0.7991795540 0.0564550050 0.5984354019
-382.0 -65.0 2576.6 -0.3555714488 -0.0193397366 -0.9344490170 -0.1395384222 0.9896794558 0.0326135904 0.9241741896 0.1419879943 -0.3546003699
-374.4 -452.7 2521.0 -0.3611842692 0.1749681532 -0.9159323573 -0.1692604423 0.9536210895 0.2489130646 0.9170042872 0.2449345887 -0.3148177564
-292.7 -72.0 2733.6 0.2362083048 -0.3183374107 -0.9180778265 -0.1176995859 0.9284838438 -0.3522280455 0.9645478129 0.1912565678 0.1818474084
-168.2 -434.9 2658.8 0.2362083048 0.4029750824 -0.8842040300 -0.1176995859 0.9151188731 0.3856219351 0.9645478129 0.0129833408 0.2635886669
-82.9 -79.2 2456.3 0 0 0 0 0 0 0 0 0
-3.2 -116.4 2501.9 0 0 0 0 0 0 0 0 0
-434.8 -782.2 2436.3 0 0 0 0 0 0 0 0 0
-319.1 -777.6 2654.0 0 0 0 0 0 0 0 0 0
-72.8 452.6 2529.5 0 0.4772073627 0.4574389458 -0.7503483891 -0.0357986800 0.8632522225 0.5035017729 0.8780612350 -0.2134132832 0.4283260405
-164.5 279.6 2572.3 0.4772073627 0.4574389458 -0.7503483891 -0.0357986800 0.8632522225 0.5035017729 0.8780612350 -0.2134132832 0.4283260405
-251.9 109.6 2614.8 0.4810844958 0.4466116130 -0.7543843389 -0.0283740442 0.8679884672 0.4957730472 0.8762149215 -0.2171037942 0.4302479923
-233.0 283.6 2447.4 -0.0605606996 0.3231646717 -0.9444029927 0.9937993884 0.1079090908 -0.0268029477 0.0932478979 -0.9401703477 -0.3276959062
-222.2 106.9 2430.8 -0.5944529176 0.3231646717 -0.7363357544 0.7961580753 0.1079090908 -0.5953888893 -0.1129513234 -0.9401703477 -0.3214370310
-95.9 275.5 2697.2 0.2106505781 0.9768707752 -0.0367397107 -0.9766384363 0.2119357884 0.0355045907 0.0424698591 0.0284023508 0.9986939430
-45.1 40.1 2707.4 0.1536432654 0.9768707752 0.1487185955 -0.6033094525 0.2119357884 -0.7688308954 -0.7825672030 0.0284023508 0.6219179034
-382.3 -58.5 2576.7 -0.3596530557 -0.0222493447 -0.9328207970 -0.1335753649 0.9906466603 0.0278719701 0.9234756827 0.1346261203 -0.3592610657
-373.6 -446.5 2523.9 -0.3670010865 0.1721834242 -0.9141460657 -0.1726915836 0.9530256391 0.2488368303 0.9140502214 0.2491887212 -0.3200268149
-294.7 -64.7 2734.6 0.2309660167 -0.3159445822 -0.9202356935 -0.1240917891 0.9285190105 -0.3499337733 0.9650160074 0.1950164884 0.1752502173
-171.0 -428.1 2658.3 0.2309660167 0.3843923807 -0.8938105106 -0.1240917891 0.9227847457 0.3647869825 0.9650160074 0.0266611446 0.2608318627
-83.5 -79.0 2457.2 0 0 0 0 0 0 0 0 0
-5.4 -115.7 2505.3 0 0 0 0 0 0 0 0 0
-434.3 -782.5 2436.1 0 0 0 0 0 0 0 0 0
-315.4 -774.5 2648.3 0 0 0 0 0 0 0 0 0
-76.4 451.8 2531.4 1 0.4605905414 0.4494317174 -0.7654198408 -0.0286643449 0.8694168925 0.4932469726 0.8871497512 -0.2052446306 0.4133278728
-166.3 277.9 2572.4 0.4605905414 0.4494317174 -0.7654198408 -0.0286643449 0.8694168925 0.4932469726 0.8871497512 -0.2052446306 0.4133278728
-252.5 107.0 2613.7 0.4644788802 0.4404456913 -0.7682883143 -0.0210516583 0.8727959991 0.4876309931 0.8853339553 -0.2103205621 0.4146674275
-232.5 280.9 2446.3 -0.0524852052 0.3087361157 -0.9496985078 0.9948132038 0.0991425440 -0.0227483641 0.0871322900 -0.9459666014 -0.3123382926
-223.3 107.0 2431.1 -0.5966246724 0.3087361157 -0.7407570481 0.7947471142 0.0991425440 -0.5987885594 -0.1114271209 -0.9459666014 -0.3045180440
-100.1 274.9 2698.6 0.2422163039 0.9700855017 0.0162913650 -0.9702211022 0.2422079742 0.0025122757 -0.0015087764 -0.0164147411 0.9998641014
-41.6 40.7 2698.2 0.1414691359 0.9700855017 0.1972831190 -0.6189668775 0.2422079742 -0.7471380830 -0.7725713253 -0.0164147411 0.6347157359
-382.9 -57.9 2578.1 -0.3755926788 -0.0240798350 -0.9264719486 -0.1400533468 0.9896568060 0.0310557056 0.9161414504 0.1414197981 -0.3750803173
-373.5 -445.5 2522.7 -0.3803466558 0.1704384536 -0.9090033770 -0.1659525186 0.9543418288 0.2483775318 0.9098330736 0.2453209609 -0.3346960247
-295.9 -63.0 2736.5 0.0293831825 -0.2979560196 -0.9541272521 -0.1370803267 0.9443194866 -0.2991147637 0.9901240468 0.1395810246 -0.0130967991
-179.5 -432.0 2682.0 0.0293831825 0.3623253405 -0.9315884113 -0.1370803267 0.9246457815 0.3553014696 0.9901240468 0.1172625571 0.0768367127
-83.8 -78.8 2457.1 0 0 0 0 0 0 0 0 0
-5.1 -119.2 2498.7 0 0 0 0 0 0 0 0 0
-433.6 -782.4 2436.1 0 0 0 0 0 0 0 0 0
-315.1 -778.2 2638.1 0 0 0 0 0 0 0 0 0
-81.8 449.8 2529.8 2 0.4573759139 0.4384415448 -0.7736771107 -0.0140619054 0.8734673858 0.4866795242 0.8891622424 -0.2117161304 0.4056682885
-169.2 275.8 2572.0 0.4573759139 0.4384415448 -0.7736771107 -0.0140619054 0.8734673858 0.4866795242 0.8891622424 -0.2117161304 0.4056682885
-253.3 104.2 2614.8 0.4616252184 0.4296969175 -0.7760558724 -0.0054976605 0.8762170672 0.4818853140 0.8870580196 -0.2181839198 0.4068462253
-234.9 276.6 2445.6 -0.0635495260 0.2812780440 -0.9575197697 0.9944773912 0.0981480405 -0.0371707007 0.0835233927 -0.9545939565 -0.2859619260
-224.0 106.1 2431.3 -0.6014940143 0.2812780440 -0.7477216125 0.7931259274 0.0981480405 -0.6010974646 -0.0956881195 -0.9545939565 -0.2821243703
-103.4 275.0 2698.4 0.2947477400 0.9473962188 0.1247566789 -0.9545957446 0.2978348434 -0.0064339307 -0.0432523675 -0.1171958074 0.9921665192
-31.6 42.4 2687.9 0.1103545204 0.9473962188 0.3004369140 -0.6476778388 0.2978348434 -0.7012900710 -0.7538801432 -0.1171958074 0.6464749575
-380.8 -62.0 2574.8 -0.3770762682 -0.0152424658 -0.9260568023 -0.1291980594 0.9909542799 0.0362968408 0.9171267152 0.1333314180 -0.3756346405
-374.8 -450.2 2522.6 -0.3841155171 0.1679211110 -0.9078864455 -0.1675832123 0.9543083310 0.2474096119 0.9079488516 0.2471804023 -0.3384238780
-296.8 -65.9 2734.9 0.0878919289 -0.3024251163 -0.9491122365 -0.1321346313 0.9408403039 -0.3120255768 0.9873274565 0.1528351307 0.0427314416
-178.5 -433.9 2675.1 0.0878919289 0.3709720373 -0.9244753718 -0.1321346313 0.9242076874 0.3583022952 0.9873274565 0.0906633362 0.1302486509
-83.8 -78.8 2453.6 0 0 0 0 0 0 0 0 0
-3.1 -124.8 2493.2 0 0 0 0 0 0 0 0 0
-433.4 -783.5 2436.3 0 0 0 0 0 0 0 0 0
-317.8 -780.9 2641.0 0 0 0 0 0 0 0 0 0
-87.4 445.0 2521.6 3 0.4664284885 0.4319908321 -0.7718992233 0.0043701837 0.8715013862 0.4903735816 0.8845481277 -0.2320975363 0.4046051800
-173.3 271.7 2567.7 0.4664284885 0.4319908321 -0.7718992233 0.0043701837 0.8715013862 0.4903735816 0.8845481277 -0.2320975363 0.4046051800
-256.2 100.5 2614.3 0.4702572227 0.4235332012 -0.7742595077 0.0121823829 0.8741197586 0.4855576456 0.8824453354 -0.2377693057 0.4059014916
-240.3 270.0 2442.0 -0.1002004147 0.3557373881 -0.9291989803 0.9898856282 0.1299089342 -0.0570098422 0.1004307196 -0.9255131483 -0.3651562333
-223.5 104.8 2425.2 -0.6009909511 0.3557373881 -0.7157239318 0.7901827097 0.1299089342 -0.5989449024 -0.1200881526 -0.9255131483 -0.3591716290
-106.3 273.4 2693.4 0.3373805881 0.9116301537 0.2347442210 -0.9376576543 0.3475539386 -0.0021007624 -0.0835013911 -0.2194009572 0.9720548987
-21.8 38.8 2672.6 0.0558848791 0.9116301537 0.4071945250 -0.6336656809 0.3475539386 -0.6911396980 -0.7715858221 -0.2194009572 0.5970917344
-379.2 -66.9 2577.3 -0.3672019243 -0.0119570782 -0.9300643802 -0.1364410222 0.9897934198 0.0411437824 0.9200796485 0.1420070082 -0.3650854826
-374.5 -454.6 2521.7 -0.3732053638 0.1726349145 -0.9115453362 -0.1685357243 0.9535709620 0.2495959997 0.9123121500 0.2467785329 -0.3267826438
-295.7 -67.9 2737.7 0.0337312147 -0.3204703927 -0.9466577768 -0.1413853168 0.9361408949 -0.3219479322 0.9893798232 0.1447031945 -0.0137326354
-170.3 -434.3 2681.0 0.0337312147 0.4019059241 -0.9150594473 -0.1413853168 0.9082915187 0.3937215805 0.9893798232 0.1160952598 0.0874613747
-84.0 -78.7 2453.1 0 0 0 0 0 0 0 0 0
-7.5 -124.4 2473.8 0 0 0 0 0 0 0 0 0
-434.0 -783.4 2436.6 0 0 0 0 0 0 0 0 0
-321.3 -775.5 2637.4 0 0 0 0 0 0 0 0 0
-89.5 442.2 2516.4 4 0.4653412104 0.4275442362 -0.7750248313 0.0172876511 0.8710471988 0.4908950627 0.8849625587 -0.2418320626 0.3979429305
-174.1 269.7 2564.3 0.4653412104 0.4275442362 -0.7750248313 0.0172876511 0.8710471988 0.4908950627 0.8849625587 -0.2418320626 0.3979429305
-257.1 99.1 2612.7 0.4681656063 0.4239040017 -0.7753233910 0.0230671167 0.8712573647 0.4902840853 0.8833396435 -0.2474186271 0.3981144726
-240.8 266.4 2438.4 -0.1075253263 0.3498430848 -0.9306170940 0.9904986024 0.1184168234 -0.0699282065 0.0857368186 -0.9292939901 -0.3592518866
-223.1 103.5 2424.3 -0.6025710106 0.3498430848 -0.7172991037 0.7879863977 0.1184168234 -0.6041977406 -0.1264341027 -0.9292939901 -0.3470261395
-107.4 273.0 2690.2 0.3654187918 0.8833967447 0.2933928370 -0.9267632961 0.3747510016 0.0259137340 -0.0870571434 -0.2813750505 0.9556406736
-19.8 50.8 2669.3 0.0534190424 0.8833967447 0.4655713141 -0.6770391464 0.3747510016 -0.6333874464 -0.7340056896 -0.2813750505 0.6181130409
-381.6 -71.7 2581.1 -0.3689669967 -0.0177279208 -0.9292734265 -0.1502208859 0.9878101945 0.0408004001 0.9172224402 0.1546502709 -0.3671324849
-374.7 -458.6 2520.5 -0.3721857667 0.1763775051 -0.9112457037 -0.1673157066 0.9529451132 0.2527865171 0.9129530191 0.2465492636 -0.3251618743
-296.6 -69.5 2740.6 -0.0570590459 -0.3300105929 -0.9422512054 -0.1477814168 0.9361838102 -0.3189365268 0.9873727560 0.1210490018 -0.1021871865
-167.4 -436.0 2693.2 -0.0570590459 0.4108560383 -0.9099129438 -0.1477814168 0.8978820443 0.4146907926 0.9873727560 0.1581300944 0.0094845938
-83.8 -78.7 2453.5 0 0 0 0 0 0 0 0 0
-6.0 -123.4 2480.4 0 0 0 0 0 0 0 0 0
-434.6 -782.1 2436.8 0 0 0 0 0 0 0 0 0
-321.9 -773.4 2633.8 0 0 0 0 0 0 0 0 0
-88.9 442.8 2514.3 5 0.4749889374 0.4282774031 -0.7687417865 0.0165310223 0.8690816164 0.4943923652 0.8798364997 -0.2475389838 0.4057242870
-173.5 271.2 2563.2 0.4749889374 0.4282774031 -0.7687417865 0.0165310223 0.8690816164 0.4943923652 0.8798364997 -0.2475389838 0.4057242870
-256.4 100.9 2612.9 0.4782486856 0.4236653745 -0.7692762017 0.0231834706 0.8695492148 0.4933018386 0.8779184222 -0.2537554502 0.4060387313
-241.6 267.9 2438.1 -0.1123554930 0.3498283029 -0.9300518036 0.9892956614 0.1270901561 -0.0717089772 0.0931145996 -0.9281531572 -0.3603628874
-222.9 103.1 2422.6 -0.6043948531 0.3498283029 -0.7157701850 0.7876022458 0.1270901561 -0.6029351354 -0.1199564338 -0.9281531572 -0.3523381948
-105.3 274.5 2688.3 0.3769360483 0.8571076393 0.3511205912 -0.9195923805 0.3916326761 0.0312034450 -0.1107655838 -0.3346495330 0.9358101487
-14.4 52.7 2661.6 0.0375944152 0.8571076393 0.5137636662 -0.6954539418 0.3916326761 -0.6024680138 -0.7175865769 -0.3346495330 0.6108021140
-382.5 -73.6 2581.4 -0.3591012359 -0.0177930668 -0.9331290126 -0.1383765340 0.9897828102 0.0343788564 0.9229833484 0.1414686441 -0.3578943610
-375.5 -461.2 2526.0 -0.3680623770 0.1733429134 -0.9135000110 -0.1852314323 0.9491053820 0.2547317147 0.9111637473 0.2629660666 -0.3172214329
-297.8 -69.4 2741.0 -0.0298935529 -0.3093450069 -0.9504799247 -0.1379781663 0.9430786371 -0.3025965989 0.9899840355 0.1220997944 -0.0708748251
-176.7 -438.6 2693.2 -0.0298935529 0.3863726556 -0.9218581915 -0.1379781663 0.9118461013 0.3866506219 0.9899840355 0.1387546659 0.0260526706
-83.5 -78.6 2450.3 0 0 0 0 0 0 0 0 0
-4.9 -124.1 2479.1 0 0 0 0 0 0 0 0 0
-434.1 -782.2 2437.0 0 0 0 0 0 0 0 0 0
-322.0 -781.5 2641.1 0 0 0 0 0 0 0 0 0
-92.3 439.3 2507.8 6 0.4731817245 0.4227640927 -0.7728968859 0.0310053695 0.8687946200 0.4942009151 0.8804190755 -0.2578108013 0.3979897797
-175.6 268.1 2558.6 0.4731817245 0.4227640927 -0.7728968859 0.0310053695 0.8687946200 0.4942009151 0.8804190755 -0.2578108013 0.3979897797
-258.3 98.3 2610.2 0.4753985405 0.4222909212 -0.7717944384 0.0355596989 0.8673275709 0.4964658618 0.8790516257 -0.2634639144 0.3973097205
-243.4 263.1 2433.3 -0.1447586119 0.4513635039 -0.8805202842 0.9815525413 0.1778354943 -0.0702081770 0.1248983443 -0.8744401336 -0.4687802196
-220.3 107.0 2413.5 -0.5880022645 0.4513635039 -0.6712110639 0.7963770628 0.1778354943 -0.5780641437 -0.1415519118 -0.8744401336 -0.4640232027
-107.9 273.2 2683.9 0.4259195328 0.7832550406 0.4528841972 -0.8957499862 0.4355179369 0.0891967788 -0.1273753643 -0.4436616600 0.8870962858
-7.3 61.8 2653.8 0.0191694330 0.7832550406 0.6214049459 -0.7302049994 0.4355179369 -0.5264264941 -0.6829591990 -0.4436616600 0.5802853703
-382.6 -71.5 2583.3 -0.3613153696 -0.0227610283 -0.9321658611 -0.1442972273 0.9890238643 0.0317814723 0.9212108850 0.1459920704 -0.3606338799
-373.7 -458.9 2526.1 -0.3690134883 0.1787146032 -0.9120801091 -0.1836171746 0.9479795694 0.2600374818 0.9111058116 0.2634308934 -0.3170021772
-296.2 -67.3 2742.0 -0.0296745896 -0.2824523449 -0.9588222504 -0.1416952759 0.9507463574 -0.2756879926 0.9894654751 0.1276796460 -0.0682351664
-185.6 -439.5 2692.0 -0.0296745896 0.3526477516 -0.9352855086 -0.1416952759 0.9247642159 0.3531763852 0.9894654751 0.1430058926 0.0225265175
-83.4 -78.5 2446.4 0 0 0 0 0 0 0 0 0
-2.4 -124.3 2479.7 0 0 0 0 0 0 0 0 0
-434.6 -782.0 2436.3 0 0 0 0 0 0 0 0 0
-318.2 -787.3 2638.2 0 0 0 0 0 0 0 0 0
-91.6 437.1 2501.5 7 0.4769603908 0.4276306033 -0.7678807378 0.0374637544 0.8629737496 0.5038578510 0.8781259656 -0.2690879405 0.3955836594
-175.8 267.1 2554.5 0.4769603908 0.4276306033 -0.7678807378 0.0374637544 0.8629737496 0.5038578510 0.8781259656 -0.2690879405 0.3955836594
-259.4 98.4 2608.3 0.4791056514 0.4267628789 -0.7670274973 0.0417943485 0.8617666960 0.5055802464 0.8767616749 -0.2742837667 0.3950410485
-244.1 261.2 2429.6 -0.1626154035 0.5424270034 -0.8242142797 0.9745232463 0.2190682441 -0.0480990969 0.1544689238 -0.8110376596 -0.5642315745
-218.2 105.9 2405.0 -0.5868089199 0.5424270034 -0.6011890173 0.7896541953 0.2190682441 -0.5731102824 -0.1791690588 -0.8110376596 -0.5568809509
-107.5 273.1 2679.5 0.4920933545 0.6546750069 0.5737985373 -0.8592712283 0.4709998965 0.1995296329 -0.1396319866 -0.5912358165 0.7943192720
4.6 77.3 2647.7 -0.0223690569 0.6546750069 0.7555794120 -0.7697367072 0.4709998965 -0.4308880270 -0.6379694343 -0.5912358165 0.4933915436
-384.0 -74.8 2582.4 -0.3583097160 -0.0248075146 -0.9332731366 -0.1446083039 0.9890571833 0.0292288605 0.9223353863 0.1454320401 -0.3579761684
-374.3 -462.2 2525.4 -0.3658958673 0.1808189601 -0.9129209518 -0.1829636246 0.9478239417 0.2610633075 0.9124935865 0.2625533044 -0.3137215674
-298.0 -68.4 2741.3 -0.1928641796 -0.3469319344 -0.9178462029 -0.1420449167 0.9354263544 -0.3237294853 0.9708896279 0.0679395646 -0.2296901494
-162.7 -433.2 2714.8 -0.1928641796 0.4103434086 -0.8913033605 -0.1420449167 0.8871132731 0.4391506314 0.9708896279 0.2113015503 -0.1128051803
-80.9 -78.8 2446.9 0 0 0 0 0 0 0 0 0
-1.1 -118.8 2485.1 0 0 0 0 0 0 0 0 0
-435.3 -782.1 2436.8 0 0 0 0 0 0 0 0 0
-316.5 -765.5 2635.6 0 0 0 0 0 0 0 0 0
-90.4 436.4 2497.9 8 0.5218096972 0.4166272581 -0.7444033623 0.0234525558 0.8652890921 0.5007242560 0.8527394533 -0.2787409127 0.4417452812
-172.9 265.0 2553.1 0.5218096972 0.4166272581 -0.7444033623 0.0234525558 0.8652890921 0.5007242560 0.8527394533 -0.2787409127 0.4417452812
-255.0 96.2 2609.0 0.5236565471 0.4195192456 -0.7414765358 0.0272668954 0.8616504669 0.5067691803 0.8514930010 -0.2855907381 0.4397698939
-247.4 261.1 2431.9 -0.1900506467 0.5992069840 -0.7777093053 0.9661911130 0.2547290921 -0.0398475379 0.1742282510 -0.7589888573 -0.6273599267
-216.8 105.3 2403.8 -0.5843396187 0.5992069840 -0.5472642779 0.7872028351 0.2547290921 -0.5616269112 -0.1971266568 -0.7589888573 -0.6205457449
-98.4 268.9 2674.3 0.4910060465 0.5918470025 0.6392418742 -0.8558828831 0.4645330906 0.2273179442 -0.1624115556 -0.6587306857 0.7346403003
8.8 82.1 2638.9 -0.0487672426 0.5918470025 0.8045737147 -0.7950993776 0.4645330906 -0.3899050355 -0.6045152545 -0.6587306857 0.4479232132
-386.3 -74.2 2582.7 -0.3118262291 -0.0331198685 -0.9495617151 -0.1561898589 0.9875833988 0.0168451052 0.9372134805 0.1535646617 -0.3131273985
-373.3 -461.0 2522.6 -0.3180990219 0.1820856184 -0.9304073453 -0.1880843341 0.9497556686 0.2501767576 0.9292132854 0.2545760274 -0.2678689063
-299.7 -66.6 2741.2 -0.0948593765 -0.3735778332 -0.9227357507 -0.1490144879 0.9218006730 -0.3578802049 0.9842745662 0.1035527065 -0.1431099474
-153.8 -426.5 2700.8 -0.0948593765 0.4318168461 -0.8969592452 -0.1490144879 0.8847111464 0.4416795969 0.9842745662 0.1755573750 -0.0195761789
-79.7 -79.3 2450.1 0 0 0 0 0 0 0 0 0
-3.7 -120.8 2484.6 0 0 0 0 0 0 0 0 0
-434.7 -781.4 2436.7 0 0 0 0 0 0 0 0 0
-315.9 -758.6 2634.9 0 0 0 0 0 0 0 0 0
-83.6 423.7 2479.6 9 0.5257624388 0.4304840267 -0.7336602211 0.0582748987 0.8422343731 0.5359526873 0.8486329317 -0.3245377839 0.4177287817
-168.6 257.4 2543.7 0.5257624388 0.4304840267 -0.7336602211 0.0582748987 0.8422343731 0.5359526873 0.8486329317 -0.3245377839 0.4177287817
-252.8 92.9 2608.0 0.5275468826 0.4299335182 -0.7327014804 0.0617653169 0.8407889009 0.5378280878 0.8472775817 -0.3289850652 0.4170005620
-243.8 248.6 2423.1 -0.1897363663 0.5799805522 -0.7922264338 0.9703291059 0.2339320779 -0.0611323714 0.1498715878 -0.7803193927 -0.6071574092
-215.7 104.8 2400.9 -0.5790949464 0.5799805522 -0.5729499459 0.7920966744 0.2339320779 -0.5637894869 -0.1929555684 -0.7803193927 -0.5948695540
-93.5 266.2 2664.2 0.4210845828 0.7935734987 0.4392367303 -0.9057174921 0.3938437998 0.1567256749 -0.0486173294 -0.4638191462 0.8845949173
-0.3 65.8 2653.5 -0.0190333445 0.7935734987 0.6081767082 -0.7458253503 0.3938437998 -0.5372444391 -0.6658695340 -0.4638191462 0.5843710899
-384.4 -75.0 2588.1 -0.3086554408 -0.0284807850 -0.9507474303 -0.1606698781 0.9867494106 0.0226014163 0.9375057220 0.1597325355 -0.3091415763
-373.2 -461.5 2525.5 -0.3147700429 0.1826870590 -0.9314211011 -0.1916632354 0.9488547444 0.2508782744 0.9296155572 0.2574881315 -0.2636566460
-289.8 -70.1 2741.8 0.0495092683 -0.3553869426 -0.9334071875 -0.1483386755 0.9215719700 -0.3587488830 0.9876965284 0.1562217772 -0.0070912745
-151.1 -430.0 2680.8 0.0495092683 0.4582983255 -0.8874184489 -0.1483386755 0.8820279241 0.4472385943 0.9876965284 0.1094960198 0.1116519272
-80.9 -79.6 2445.8 0 0 0 0 0 0 0 0 0
-5.2 -124.2 2483.8 0 0 0 0 0 0 0 0 0
-434.8 -781.2 2438.7 0 0 0 0 0 0 0 0 0
-322.9 -760.8 2639.7 0 0 0 0 0 0 0 0 0
-62.8 421.0 2471.4 0 0.5233982801 0.4776602685 -0.7056166530 0.0560708456 0.8070008159 0.5878823996 0.8502413034 -0.3472611606 0.3956000507
-157.8 260.6 2540.5 0.5233982801 0.4776602685 -0.7056166530 0.0560708456 0.8070008159 0.5878823996 0.8502413034 -0.3472611606 0.3956000507
-249.5 102.0 2608.7 0.5262393355 0.4690482914 -0.7092713714 0.0609268472 0.8111645579 0.5816355944 0.8481509686 -0.3492931724 0.3982890546
-232.8 251.9 2419.7 -0.0967148840 0.4880439937 -0.8674440980 0.9862467647 0.1643512249 -0.0174928978 0.1340281963 -0.8572057486 -0.4972270131
-217.7 98.3 2398.8 -0.6018853784 0.4880439937 -0.6320973635 0.7746192813 0.1643512249 -0.6106992960 -0.1941621453 -0.8572057486 -0.4769688845
-82.8 269.2 2661.2 0.3290008008 0.8964341283 0.2969247997 -0.9443282485 0.3117702305 0.1050881594 0.0016323059 -0.3149685562 0.9491006732
-7.9 54.2 2661.6 0.0038209034 0.8964341283 0.4431605339 -0.7161166668 0.3117702305 -0.6244807839 -0.6979701519 -0.3149685562 0.6431426406
-384.6 -77.1 2595.9 -0.3194244206 -0.0216515381 -0.9473643899 -0.1700168699 0.9848259091 0.0348171704 0.9322351217 0.1721893847 -0.3182585537
-376.1 -462.8 2528.4 -0.3255444467 0.1719077528 -0.9297680259 -0.2028111219 0.9477508068 0.2462439537 0.9235196114 0.2687306404 -0.2736701965
-289.2 -65.9 2748.8 0.0578430220 -0.3424970210 -0.9377366304 -0.1662409157 0.9228903651 -0.3473289311 0.9843872190 0.1759807467 -0.0035542494
-155.3 -426.8 2680.0 0.0578430220 0.4398409724 -0.8962109685 -0.1662409157 0.8894239068 0.4257805347 0.9843872190 0.1243584976 0.1245665327
-79.3 -79.8 2443.5 0 0 0 0 0 0 0 0 0
-6.9 -128.5 2483.5 0 0 0 0 0 0 0 0 0
-433.9 -781.4 2438.1 0 0 0 0 0 0 0 0 0
-320.6 -761.0 2633.2 0 0 0 0 0 0 0 0 0
-53.8 416.1 2468.9 1 0.5064660311 0.4981629550 -0.7037938833 0.0655226186 0.7916251421 0.6074836850 0.8597667813 -0.3537842929 0.3682903051
-152.7 258.9 2539.1 0.5064660311 0.4981629550 -0.7037938833 0.0655226186 0.7916251421 0.6074836850 0.8597667813 -0.3537842929 0.3682903051
-247.9 103.0 2609.1 0.5109552741 0.4867496789 -0.7085192204 0.0727625638 0.7967873216 0.5998629332 0.8565222025 -0.3580567837 0.3717055321
-225.5 248.5 2417.1 -0.0402515084 0.4595037103 -0.8872632980 0.9905136824 0.1351139396 0.0250384398 0.1313869059 -0.8778385520 -0.4605832398
-219.4 98.1 2397.2 -0.6032091975 0.4595037103 -0.6519163847 0.7729263306 0.1351139396 -0.6199428439 -0.1967830509 -0.8778385520 -0.4366644919
-79.9 269.3 2661.1 0.2867061198 0.9361994863 0.2032980770 -0.9568567276 0.2693886459 0.1088804007 0.0471675843 -0.2257438153 0.9730441570
-13.8 48.7 2672.0 0.0258155055 0.9361994863 0.3505197167 -0.6932567954 0.2693886459 -0.6684495211 -0.7202281356 -0.2257438153 0.6559810638
-388.7 -62.0 2600.4 -0.3385905027 -0.0406391881 -0.9400557876 -0.1704725027 0.9851828814 0.0188109428 0.9253624082 0.1666228771 -0.3405013978
-372.8 -447.9 2535.1 -0.3440863788 0.1763579249 -0.9222269058 -0.1992025226 0.9461313486 0.2552524209 0.9175635576 0.2715387940 -0.2904199958
-293.6 -51.0 2753.6 -0.0563967712 -0.3968533278 -0.9161478281 -0.1660952717 0.9085507393 -0.3833378553 0.9844956994 0.1305488050 -0.1171547920
-138.7 -405.7 2702.6 -0.0563967712 0.4508348703 -0.8908239603 -0.1660952717 0.8755741119 0.4536323547 0.9844956994 0.1735450476 0.0255019832
-80.7 -79.6 2442.4 0 0 0 0 0 0 0 0 0
-7.2 -128.3 2488.0 0 0 0 0 0 0 0 0 0
-435.2 -782.4 2439.1 0 0 0 0 0 0 0 0 0
-308.1 -734.6 2637.4 0 0 0 0 0 0 0 0 0
-59.4 406.1 2458.1 2 0.5139334202 0.4942741394 -0.7011173368 0.0904668868 0.7815279365 0.6172761321 0.8530464172 -0.3806667328 0.3569378853
-156.7 252.1 2533.0 0.5139334202 0.4942741394 -0.7011173368 0.0904668868 0.7815279365 0.6172761321 0.8530464172 -0.3806667328 0.3569378853
-251.8 98.1 2607.5 0.5159639716 0.4854098856 -0.7058033943 0.0937178880 0.7870154977 0.6097733974 0.8514682651 -0.3807674944 0.3605800271
-230.3 238.8 2411.8 -0.0673002303 0.4454266429 -0.8927854300 0.9920952916 0.1248637438 -0.0124896755 0.1059132963 -0.8865687251 -0.4503090382
-220.7 97.0 2396.6 -0.6076344252 0.4454266429 -0.6575526595 0.7694169283 0.1248637438 -0.6264237165 -0.1969213337 -0.8865687251 -0.4185903072
-83.2 265.5 2654.3 0.2885944545 0.9441954494 0.1587710232 -0.9515876770 0.2645312846 0.1565379053 0.1058024764 -0.1962605268 0.9748269916
-16.8 46.4 2678.7 0.0356195308 0.9441954494 0.3274541795 -0.6743444204 0.2645312846 -0.6894075871 -0.7375573516 -0.1962605268 0.6461353898
-389.4 -59.4 2601.7 -0.3321933746 -0.0411918201 -0.9423114061 -0.1764464378 0.9841232896 0.0191831607 0.9265604019 0.1726400107 -0.3341873884
-373.2 -444.8 2534.1 -0.3363790810 0.1719099581 -0.9259028435 -0.1990597844 0.9480015039 0.2483310699 0.9204478860 0.2678433955 -0.2846675217
-298.4 -49.8 2757.5 -0.0868357122 -0.4320220649 -0.8976728320 -0.1562270522 0.8958331347 -0.4160241783 0.9838966727 0.1041150168 -0.1452838480
-130.4 -398.2 2717.0 -0.0868357122 0.4540714622 -0.8867235780 -0.1562270522 0.8728662133 0.4622745216 0.9838966727 0.1786721349 -0.0048577157
-81.6 -79.1 2441.7 0 0 0 0 0 0 0 0 0
-7.6 -126.1 2490.1 0 0 0 0 0 0 0 0 0
-434.5 -782.5 2438.7 0 0 0 0 0 0 0 0 0
-301.2 -726.5 2649.8 0 0 0 0 0 0 0 0 0
-44.7 403.9 2452.2 3 0.5228149295 0.5191502571 -0.6761268973 0.0807415098 0.7594367862 0.6455513835 0.8486137986 -0.3920954168 0.3551279008
-147.4 253.5 2529.8 0.5228149295 0.5191502571 -0.6761268973 0.0807415098 0.7594367862 0.6455513835 0.8486137986 -0.3920954168 0.3551279008
-246.4 103.2 2606.5 0.5258828998 0.5058985949 -0.6837497950 0.0853145048 0.7684566975 0.6341890693 0.8462674618 -0.3918429613 0.3609577417
-222.3 241.4 2409.2 -0.0112647563 0.3939375281 -0.9190681577 0.9963367581 0.0823424086 0.0230823737 0.0847713053 -0.9154413939 -0.3934220076
-220.7 95.1 2396.8 -0.6112226248 0.3939375281 -0.6864547133 0.7673125267 0.0823424086 -0.6359647512 -0.1940060705 -0.9154413939 -0.3526027501
-72.5 265.7 2650.4 0.2349295318 0.9671243429 0.0973584652 -0.9596988559 0.2148944587 0.1811033636 0.1542276740 -0.1359813362 0.9786331654
-18.6 45.5 2685.7 0.0394194424 0.9671243429 0.2512302995 -0.6549373269 0.2148944587 -0.7244842649 -0.7546543479 -0.1359813362 0.6418768764
-393.4 -64.3 2605.1 -0.3282167315 -0.0557100065 -0.9429581761 -0.1950366199 0.9807455540 0.0099441744 0.9242480397 0.1871752292 -0.3327625990
-371.6 -448.4 2531.8 -0.3284566700 0.1774636656 -0.9276975989 -0.1963168681 0.9479135275 0.2508379817 0.9238917232 0.2645120919 -0.2765094042
-300.9 -49.2 2759.4 -0.0485785082 -0.4541433752 -0.8896032572 -0.1691174209 0.8815349340 -0.4407895505 0.9843980074 0.1290345043 -0.1196272075
-123.7 -393.0 2709.1 -0.0485785082 0.4638681412 -0.8845713735 -0.1691174209 0.8690101504 0.4649953842 0.9843980074 0.1721851975 0.0362329669
-82.1 -78.9 2440.8 0 0 0 0 0 0 0 0 0
-8.5 -122.0 2492.7 0 0 0 0 0 0 0 0 0
-434.4 -783.6 2438.3 0 0 0 0 0 0 0 0 0
-298.3 -720.1 2644.3 0 0 0 0 0 0 0 0 0
-49.9 396.8 2441.2 4 0.5569390655 0.5090300441 -0.6562829018 0.0837050751 0.7517516017 0.6541123390 0.8263245821 -0.4192349613 0.3760714531
-150.2 248.7 2523.9 0.5569390655 0.5090300441 -0.6562829018 0.0837050751 0.7517516017 0.6541123390 0.8263245821 -0.4192349613 0.3760714531
-247.0 99.3 2605.4 0.5593976974 0.4945657253 -0.6651909351 0.0874155387 0.7628249526 0.6406688690 0.8242771029 -0.4165367484 0.3834898174
-229.9 236.2 2406.5 -0.0580430850 0.3929159343 -0.9177407622 0.9958184361 0.0877482891 -0.0254131407 0.0705449507 -0.9153782129 -0.3963661194
-221.7 95.8 2396.5 -0.6118322015 0.3929159343 -0.6864972711 0.7680771947 0.0877482891 -0.6343166828 -0.1889941692 -0.9153782129 -0.3554769754
-70.6 261.1 2641.2 0.2205624133 0.9736799598 0.0574418232 -0.9471014738 0.1997212619 0.2512175441 0.2331331521 -0.1098123863 0.9662247300
-20.1 44.2 2694.6 0.0428340919 0.9736799598 0.2238583863 -0.6335673332 0.1997212619 -0.7474649549 -0.7725009322 -0.1098123863 0.6254466772
-392.9 -54.9 2606.7 -0.2921899557 -0.0499823876 -0.9550532699 -0.1958561540 0.9805949330 0.0086013256 0.9360904694 0.1895662844 -0.2963093519
-373.4 -438.9 2532.5 -0.2933704257 0.1702620238 -0.9407149553 -0.2024130821 0.9506407976 0.2351828665 0.9343247414 0.2594087124 -0.2444266379
-298.2 -40.4 2759.9 -0.2464526892 -0.4503460228 -0.8581663966 -0.1665965766 0.8919845223 -0.4202489555 0.9547286034 0.0393960997 -0.2948580980
-122.9 -387.6 2744.6 -0.2464526892 0.4524435401 -0.8570623994 -0.1665965766 0.8513984680 0.4973592758 0.9547286034 0.2653591931 -0.1344538927
-82.8 -78.6 2439.5 0 0 0 0 0 0 0 0 0
-9.1 -117.9 2497.0 0 0 0 0 0 0 0 0 0
-434.9 -782.4 2438.7 0 0 0 0 0 0 0 0 0
-292.5 -706.7 2645.1 0 0 0 0 0 0 0 0 0
-48.4 392.4 2436.3 5 0.5675105453 0.5090798736 -0.6471239924 0.0903133452 0.7427188158 0.6634849310 0.8183979988 -0.4349786043 0.3755240440
-148.9 245.8 2522.1 0.5675105453 0.5090798736 -0.6471239924 0.0903133452 0.7427188158 0.6634849310 0.8183979988 -0.4349786043 0.3755240440
-245.8 97.8 2605.9 0.5679612160 0.4955227077 -0.6571737528 0.0909855589 0.7557621598 0.6484945416 0.8180108070 -0.4281130433 0.3841581643
-229.8 232.8 2405.6 -0.0613306798 0.3810179234 -0.9225312471 0.9960330725 0.0830653608 -0.0319100246 0.0644720942 -0.9208287001 -0.3846009076
-221.3 95.2 2396.7 -0.6119535565 0.3810179234 -0.6930643320 0.7692348957 0.0830653608 -0.6335438490 -0.1838219166 -0.9208287001 -0.3439244330
-68.0 258.7 2638.6 0.2041686773 0.9780673385 0.0412243642 -0.9480758905 0.1870668679 0.2572121918 0.2438591421 -0.0915985033 0.9654752612
-21.5 42.7 2694.2 0.0488494933 0.9780673385 0.2024796903 -0.6335133910 0.1870668679 -0.7507774234 -0.7721881270 -0.0915985033 0.6287568808
-394.2 -57.9 2612.4 -0.2825056314 -0.0537946746 -0.9577561021 -0.2234494686 0.9746515751 0.0111663807 0.9328777790 0.2171646506 -0.2873649299
-373.1 -439.5 2527.4 -0.2771587074 0.1709814668 -0.9454884529 -0.1929150224 0.9540974498 0.2290890664 0.9412581325 0.2458929420 -0.2314515263
-294.0 -41.1 2762.9 -0.3459933400 -0.4430521727 -0.8270389438 -0.1589652747 0.8964198232 -0.4137167335 0.9246721864 -0.0116727585 -0.3805851936
-124.6 -383.9 2767.4 -0.3459933400 0.4444651008 -0.8262804747 -0.1589652747 0.8401705623 0.5185012221 0.9246721864 0.3107478619 -0.2200388908
-83.1 -78.5 2438.2 0 0 0 0 0 0 0 0 0
-8.9 -119.4 2496.5 0 0 0 0 0 0 0 0 0
-434.6 -782.4 2439.0 0 0 0 0 0 0 0 0 0
-291.4 -699.3 2650.8 0 0 0 0 0 0 0 0 0
-34.3 393.9 2434.3 6 0.5822509527 0.5345910788 -0.6125326157 0.0588951707 0.7237002254 0.6875967979 0.8108730912 -0.4364291131 0.3898903131
-140.7 249.8 2521.2 0.5822509527 0.5345910788 -0.6125326157 0.0588951707 0.7237002254 0.6875967979 0.8108730912 -0.4364291131 0.3898903131
-242.2 104.9 2605.0 0.5829192996 0.5186547041 -0.6254617572 0.0598241314 0.7402854562 0.6696256399 0.8103247285 -0.4277553856 0.4004986286
-223.7 241.3 2405.7 -0.0161157493 0.3619641960 -0.9320526719 0.9980170131 0.0625505149 0.0070352829 0.0608468950 -0.9300910234 -0.3622544706
-221.3 94.2 2396.8 -0.6139649749 0.3619641960 -0.7014477849 0.7667720914 0.0625505149 -0.6388646364 -0.1873701960 -0.9300910234 -0.3159478605
-57.8 258.2 2636.6 0.1538829505 0.9880822301 0.0036840392 -0.9569142461 0.1480976343 0.2497642636 0.2462420315 -0.0419597700 0.9682996869
-20.9 29.0 2695.6 0.0541973002 0.9880822301 0.1440700740 -0.5898647904 0.1480976343 -0.7938051224 -0.8056811690 -0.0419597700 0.5908614397
-394.1 -58.4 2615.8 -0.2773143649 -0.0598203763 -0.9589151740 -0.2277955413 0.9736954570 0.0051351232 0.9333841205 0.2198606431 -0.2836465538
-370.7 -439.7 2529.7 -0.2721688151 0.1771620065 -0.9458000660 -0.1996132284 0.9511289597 0.2356020212 0.9413175583 0.2529177070 -0.2235037535
-292.3 -34.2 2761.6 -0.3392252028 -0.2651344836 -0.9025685191 -0.1532532573 0.9622175694 -0.2250573486 0.9281377792 0.0619764440 -0.3670411706
-189.6 -406.9 2737.6 -0.3398576677 0.1801291704 -0.9230656624 -0.1566031277 0.9569453597 0.2443992496 0.9273468852 0.2276159376 -0.2970164120
-83.1 -78.4 2438.9 0 0 0 0 0 0 0 0 0
-7.0 -122.3 2488.8 0 0 0 0 0 0 0 0 0
-434.5 -782.4 2438.6 0 0 0 0 0 0 0 0 0
-255.7 -758.2 2654.1 0 0 0 0 0 0 0 0 0
-25.9 391.9 2433.8 7 0.5832577944 0.5479503274 -0.5996338725 0.0466794781 0.7143740058 0.6982054114 0.8109447360 -0.4352243543 0.3910861611
-135.0 249.7 2520.4 0.5832577944 0.5479503274 -0.5996338725 0.0466794781 0.7143740058 0.6982054114 0.8109447360 -0.4352243543 0.3910861611
-238.6 106.3 2604.2 0.5854672790 0.5294517279 -0.6139290929 0.0496465266 0.7324496508 0.6790086031 0.8091744781 -0.4280167520 0.4025398791
-218.4 242.6 2405.1 0.0080357464 0.3885900080 -0.9213757515 0.9971715212 0.0657436922 0.0364241824 0.0747287124 -0.9190623164 -0.3869625926
-219.5 100.1 2394.4 -0.5956063867 0.3885900080 -0.7030297518 0.7789705992 0.0657436922 -0.6236044765 -0.1961067021 -0.9190623164 -0.3418575525
-51.6 256.7 2635.7 0.1281538457 0.9917064905 -0.0097378204 -0.9543384314 0.1259846091 0.2708615959 0.2698419988 -0.0254187789 0.9625690579
-20.5 24.8 2701.3 0.0527449995 0.9917064905 0.1172015294 -0.5793032646 0.1259846091 -0.8053171039 -0.8134037852 -0.0254187789 0.5811438560
-396.3 -45.4 2615.6 -0.2791425288 -0.0688796714 -0.9577760696 -0.2213778496 0.9751719832 -0.0056104464 0.9343828559 0.2104642987 -0.2874604166
-369.3 -427.3 2533.2 -0.2753196359 0.1746415794 -0.9453567863 -0.2002294958 0.9513782263 0.2340675145 0.9402697682 0.2537316978 -0.2269646972
-291.5 -30.7 2761.0 -0.0723730996 -0.3580548167 -0.9308914542 -0.1597404480 0.9254517555 -0.3435433507 0.9845024943 0.1238377169 -0.1241736487
-152.9 -388.8 2713.1 -0.0723730996 0.3285642266 -0.9417046905 -0.1597404480 0.9281737208 0.3361198008 0.9845024943 0.1747543514 -0.0146898171
-83.0 -78.4 2439.4 0 0 0 0 0 0 0 0 0
-6.9 -124.3 2492.0 0 0 0 0 0 0 0 0 0
-434.4 -781.7 2438.6 0 0 0 0 0 0 0 0 0
-273.6 -729.6 2648.9 0 0 0 0 0 0 0 0 0
-26.6 388.4 2440.0 8 0.5687867999 0.5481143594 -0.6132309437 0.0428136475 0.7248414159 0.6875841022 0.8213699460 -0.4173434079 0.3888134658
-135.1 244.9 2522.7 0.5687867999 0.5481143594 -0.6132309437 0.0428136475 0.7248414159 0.6875841022 0.8213699460 -0.4173434079 0.3888134658
-239.0 99.8 2603.2 0.5711143017 0.5305402875 -0.6263827682 0.0459770709 0.7411990762 0.6697089076 0.8195819259 -0.4112796187 0.3989167213
-216.5 238.4 2405.9 -0.0000818934 0.3858480453 -0.9225623608 0.9974215627 0.0662395060 0.0276151560 0.0717653334 -0.9201812744 -0.3848585784
-216.5 102.6 2396.1 -0.5827895403 0.3858480453 -0.7151766419 0.7907067537 0.0662395060 -0.6086009741 -0.1874545515 -0.9201812744 -0.3436963558
-53.8 251.4 2639.4 0.1365083158 0.9905570149 -0.0127379512 -0.9589629173 0.1353580654 0.2491351813 0.2485067844 -0.0217937995 0.9683849216
-20.0 14.2 2700.9 0.0549969412 0.9905570149 0.1255870610 -0.5379115939 0.1353580654 -0.8320633173 -0.8412053585 -0.0217937995 0.5402763486
-395.1 -41.6 2615.0 -0.2939771414 -0.0640677586 -0.9536628127 -0.2230965644 0.9747908115 0.0032848385 0.9294112921 0.2137245685 -0.3008595109
-370.0 -423.4 2531.3 -0.2883489728 0.1704558134 -0.9422312379 -0.1907720566 0.9540725946 0.2309795469 0.9383288026 0.2463541031 -0.2425876409
-292.3 -40.2 2757.7 -0.0072097420 -0.4188739955 -0.9080157280 -0.1741638482 0.8946867585 -0.4113423526 0.9846903086 0.1551778466 -0.0794031620
-130.5 -385.7 2697.8 -0.0072097420 0.3813039660 -0.9244216084 -0.1741638482 0.9098374844 0.3766466677 0.9846903086 0.1637163460 0.0598496720
-82.8 -78.7 2439.1 0 0 0 0 0 0 0 0 0
-5.8 -124.9 2483.2 0 0 0 0 0 0 0 0 0
-434.1 -781.9 2438.7 0 0 0 0 0 0 0 0 0
-272.1 -723.6 2637.0 0 0 0 0 0 0 0 0 0
-23.0 387.7 2442.2 9 0.5714628100 0.5542646050 -0.6051619649 0.0244121999 0.7256292701 0.6876527071 0.8202647567 -0.4077412784 0.4011392891
-133.1 243.5 2523.2 0.5714628100 0.5542646050 -0.6051619649 0.0244121999 0.7256292701 0.6876527071 0.8202647567 -0.4077412784 0.4011392891
-238.0 98.4 2602.3 0.5752816796 0.5360803604 -0.6177935600 0.0295496155 0.7411761880 0.6706598997 0.8174214363 -0.4040738940 0.4105441272
-215.0 239.3 2406.7 0.0020444274 0.4074949920 -0.9132051468 0.9960878491 0.0798472464 0.0378598198 0.0883446038 -0.9097099900 -0.4057375789
-215.3 103.2 2394.6 -0.5784758925 0.4074949920 -0.7066211700 0.7933858633 0.0798472464 -0.6034594178 -0.1894849390 -0.9097099900 -0.3694904745
-51.1 247.7 2639.6 0.1278456897 0.9916610718 -0.0162422415 -0.9593888521 0.1278039813 0.2514740527 0.2514528632 -0.0165672470 0.9677277207
