5.2 350.5 2234.9 02 0.5377402902 0.4126777053 -0.7352091670 -0.2233549356 0.9105919600 0.3477568924 0.8129870296 -0.0227903090 0.5818355680
-76.7 169.7 2239.4 0.5377402902 0.4126777053 -0.7352091670 -0.2233549356 0.9105919600 0.3477568924 0.8129870296 -0.0227903090 0.5818355680
-151.7 -9.2 2244.2 0.5450354815 0.3863159418 -0.7441077232 -0.2066221833 0.9220366478 0.3273464441 0.8125537634 -0.0246662609 0.5823641419
-151.2 198.0 2128.4 0.0484558195 0.3603683114 -0.9315506816 0.9558594227 0.2538696229 0.1479291618 0.2898013890 -0.8975995183 -0.3321599662
-163.9 -53.5 2052.2 -0.7970161438 0.3603683114 -0.4846647978 0.5837615132 0.2538696229 -0.7712150812 -0.1548798084 -0.8975995183 -0.4127073288
-2.3 141.5 2350.4 0.1712551564 0.9851852655 -0.0090369256 -0.9835377932 0.1704175323 -0.0600939244 -0.0576636009 0.0191795528 0.9981518388
34.7 -71.2 2337.9 0.1496025622 0.9851852655 0.0838395357 -0.7993607521 0.1704175323 -0.5761772394 -0.5819290876 0.0191795528 0.8130133748
-271.8 -169.3 2181.4 0.5026673079 -0.1949414462 -0.8422133923 0.0799640268 0.9805510044 -0.1792357266 0.8607736826 0.0227491688 0.5084792376
-196.1 -549.9 2172.5 0.4887626171 0.1780654937 -0.8540514112 -0.0072361105 0.9797425866 0.2001303583 0.8723868132 -0.0916362256 0.4801500440
-174.0 -203.0 2327.6 0.0708225667 -0.0822395235 -0.9940929413 0.0662752837 0.9947812557 -0.0775747821 0.9952847362 -0.0603897497 0.0759034082
-142.1 -589.0 2351.1 0.0779341310 0.2164207846 -0.9731846452 0.0980075076 0.9697621465 0.2235082686 0.9921294451 -0.1127983257 0.0543667115
58.6 -216.5 2095.4 0 0 0 0 0 0 0 0 0
72.9 -274.9 2189.6 0 0 0 0 0 0 0 0 0
-262.6 -915.5 2206.7 0 0 0 0 0 0 0 0 0
-222.9 -950.6 2393.1 0 0 0 0 0 0 0 0 0
6.4 350.4 2235.4 03 0.5172665119 0.4191638231 -0.7461481690 -0.2159715146 0.9075627327 0.3601196706 0.8281254172 -0.0251311082 0.5599792600
-76.8 170.4 2240.4 0.5172665119 0.4191638231 -0.7461481690 -0.2159715146 0.9075627327 0.3601196706 0.8281254172 -0.0251311082 0.5599792600
-153.1 -8.0 2245.7 0.5244460702 0.3933041394 -0.7551610470 -0.1998307109 0.9190020561 0.3398571610 0.8276618123 -0.0273323823 0.5605612397
-148.4 197.6 2127.4 0.0708164722 0.3483568132 -0.9346831441 0.9567329884 0.2413929254 0.1624543369 0.2822179794 -0.9057466388 -0.3161898851
-167.2 -55.7 2052.7 -0.7873692513 0.3483568132 -0.5086228251 0.5996648073 0.2413929254 -0.7629755139 -0.1430097669 -0.9057466388 -0.3989626765
-5.2 143.1 2353.4 0.1803930849 0.9833602905 -0.0214671567 -0.9796900749 0.1776914299 -0.0929144248 -0.0875538290 0.0377922803 0.9954426289
35.7 -78.6 2333.6 0.1591922790 0.9833602905 0.0875232667 -0.7426319122 0.1776914299 -0.6456962228 -0.6505041718 0.0377922803 0.7585618496
-275.6 -169.6 2176.2 0.4805972874 -0.2028815895 -0.8531502485 0.0996440351 0.9792032838 -0.1767258197 0.8712618947 -0.0000773820 0.4908183813
-196.8 -549.6 2176.3 0.4621590674 0.1745116115 -0.8694565296 -0.0255094990 0.9826563597 0.1836727858 0.8864300847 -0.0627066419 0.4585952461
-177.9 -206.6 2321.8 0.0473981798 -0.0861188248 -0.9951567650 0.0866003186 0.9928794503 -0.0817970783 0.9951149821 -0.0823038593 0.0545185953
-144.5 -591.9 2353.7 0.0501704030 0.1996116191 -0.9785898924 0.1001118049 0.9738838077 0.2037842125 0.9937105179 -0.1081923321 0.0288766641
52.6 -223.1 2092.6 0 0 0 0 0 0 0 0 0
76.1 -267.3 2168.4 0 0 0 0 0 0 0 0 0
-261.9 -916.3 2199.7 0 0 0 0 0 0 0 0 0
-219.0 -955.2 2394.1 0 0 0 0 0 0 0 0 0
8.8 349.3 2238.7 04 0.5169456601 0.4238417447 -0.7437239885 -0.2201220095 0.9054199457 0.3629890382 0.8272324204 -0.0239355788 0.5613498092
-75.3 169.7 2243.4 0.5169456601 0.4238417447 -0.7437239885 -0.2201220095 0.9054199457 0.3629890382 0.8272324204 -0.0239355788 0.5613498092
-152.8 -8.1 2248.6 0.5240423083 0.3996650875 -0.7520954013 -0.2044233531 0.9162701964 0.3444705904 0.8267954588 -0.0267713033 0.5618652701
-146.8 197.6 2130.5 0.1047191322 0.3706838489 -0.9228366017 0.9491286874 0.2398378700 0.2040404230 0.2969656587 -0.8972576261 -0.3267110884
-174.2 -50.8 2052.8 -0.7442388535 0.3706838489 -0.5556095839 0.6546429992 0.2398378700 -0.7168824077 -0.1324805170 -0.8972576261 -0.4211622477
-3.7 141.8 2356.4 0.1726186574 0.9794276953 -0.1045188010 -0.9799591303 0.1600579768 -0.1185815409 -0.0994129777 0.1228935421 0.9874280691
35.7 -81.8 2333.7 0.1994549483 0.9794276953 0.0306447484 -0.6753591895 0.1600579768 -0.7199106812 -0.7100054026 0.1228935421 0.6933898926
-276.5 -168.5 2176.9 0.4826385379 -0.2050411999 -0.8514799476 0.0938134491 0.9787189364 -0.1825054437 0.8707807064 0.0082038892 0.4916031063
-196.9 -548.4 2173.7 0.4693459272 0.1541389674 -0.8694570661 -0.0068892208 0.9852557778 0.1709490865 0.8829874992 -0.0742443800 0.4634876847
-182.5 -204.3 2325.1 0.0520513915 -0.1089329869 -0.9926853776 0.0550957397 0.9928321838 -0.1060601547 0.9971234202 -0.0491721593 0.0576800369
-140.3 -589.3 2344.2 0.0738096014 0.2202469707 -0.9726476073 0.1493000984 0.9618760347 0.2291375250 0.9860332608 -0.1621289253 0.0381127931
33.0 -233.1 2089.7 0 0 0 0 0 0 0 0 0
86.3 -252.9 2153.8 0 0 0 0 0 0 0 0 0
-254.4 -916.0 2201.4 0 0 0 0 0 0 0 0 0
-222.3 -947.6 2404.6 0 0 0 0 0 0 0 0 0
12.7 348.1 2239.3 05 0.5056622028 0.4386898577 -0.7428707480 -0.2218935490 0.8982325792 0.3793962002 0.8337079883 -0.0270080715 0.5515446663
-74.4 169.9 2244.7 0.5056622028 0.4386898577 -0.7428707480 -0.2218935490 0.8982325792 0.3793962002 0.8337079883 -0.0270080715 0.5515446663
-154.6 -6.8 2250.2 0.5126964450 0.4134574831 -0.7524594665 -0.2069663554 0.9100819826 0.3590483069 0.8332510591 -0.0283489954 0.5521675944
-144.4 198.1 2130.9 0.1330639571 0.3879483640 -0.9120252728 0.9450212121 0.2276803404 0.2347264737 0.2987119555 -0.8931168914 -0.3363233805
-179.0 -47.7 2053.2 -0.7077654004 0.3879483640 -0.5903932452 0.6943008304 0.2276803404 -0.6827210784 -0.1304395795 -0.8931168914 -0.4304971397
-4.3 141.6 2358.5 0.1733285934 0.9728864431 -0.1531312317 -0.9784028530 0.1523162723 -0.1397412419 -0.1126279831 0.1740451902 0.9782756567
35.9 -85.6 2332.4 0.2312796712 0.9728864431 0.0013005158 -0.6364722848 0.1523162723 -0.7561102509 -0.7358075380 0.1740451902 0.6544429660
-277.4 -167.7 2179.8 0.4792176783 -0.2074045390 -0.8528386354 0.0727551803 0.9777216911 -0.1968934536 0.8746753931 0.0323063955 0.4836312532
-196.9 -547.1 2167.2 0.4713054895 0.1461837590 -0.8697708845 0.0137714213 0.9848283529 0.1729840040 0.8818625212 -0.0935062990 0.4621418417
-183.5 -204.3 2327.9 0.0430359915 -0.1138207614 -0.9925687313 0.0595828071 0.9920132756 -0.1111736596 0.9972952604 -0.0543555655 0.0494740345
-139.3 -589.2 2349.0 0.0670991465 0.2219837159 -0.9727388620 0.1628593504 0.9594239593 0.2301791757 0.9843650460 -0.1738644540 0.0282244012
18.1 -241.1 2089.5 0 0 0 0 0 0 0 0 0
94.6 -247.2 2145.6 0 0 0 0 0 0 0 0 0
-251.4 -914.6 2202.1 0 0 0 0 0 0 0 0 0
-222.1 -947.0 2413.8 0 0 0 0 0 0 0 0 0
15.2 343.7 2238.2 06 0.5168353915 0.4411211014 -0.7336847782 -0.2301754057 0.8970685601 0.3772098124 0.8245607615 -0.0260791965 0.5651720166
-72.1 166.3 2243.3 0.5168353915 0.4411211014 -0.7336847782 -0.2301754057 0.8970685601 0.3772098124 0.8245607615 -0.0260791965 0.5651720166
-152.2 -10.5 2249.1 0.5258114338 0.4125372171 -0.7438651323 -0.2111697793 0.9104490876 0.3556540608 0.8239718676 -0.0299251247 0.5658399463
-143.9 195.1 2130.8 0.1464870721 0.4040227532 -0.9029436111 0.9404529333 0.2261626571 0.2537689507 0.3067405522 -0.8863498569 -0.3468344808
-181.4 -45.7 2052.2 -0.6807646155 0.4040227532 -0.6110034585 0.7215492129 0.2261626571 -0.6543830633 -0.1261994839 -0.8863498569 -0.4454858303
-0.3 137.4 2355.9 0.1513196677 0.9651890397 -0.2133365870 -0.9839443564 0.1264124364 -0.1259898245 -0.0946355984 0.2289760560 0.9688209891
34.5 -89.1 2334.1 0.2576190233 0.9651890397 -0.0451948121 -0.6107444763 0.1264124364 -0.7816719413 -0.7487480044 0.2289760560 0.6220501661
-280.8 -164.9 2181.0 0.4912787378 -0.2225147486 -0.8420999646 0.0754703358 0.9740557671 -0.2133532912 0.8677265644 0.0412623696 0.4953261316
-194.5 -542.9 2165.0 0.4812960625 0.1624714583 -0.8613693118 0.0083603440 0.9817767143 0.1898541003 0.8765182495 -0.0985773727 0.4711669385
-189.0 -201.9 2330.3 0.0582407080 -0.1359878778 -0.9889971018 0.0575429834 0.9894888997 -0.1326668561 0.9966427684 -0.0491832346 0.0654536858
-136.2 -585.9 2349.4 0.0801688060 0.2377475798 -0.9680129290 0.1451665014 0.9580000639 0.2473107576 0.9861539602 -0.1603496522 0.0422887355
8.3 -246.7 2087.4 0 0 0 0 0 0 0 0 0
100.1 -244.4 2143.7 0 0 0 0 0 0 0 0 0
-255.1 -909.3 2201.8 0 0 0 0 0 0 0 0 0
-224.9 -943.3 2409.2 0 0 0 0 0 0 0 0 0
18.5 338.7 2231.1 07 0.5171785951 0.4537362754 -0.7257063389 -0.2256981432 0.8901980519 0.3957370520 0.8255826235 -0.0408761576 0.5627987981
-71.5 162.2 2239.2 0.5171785951 0.4537362754 -0.7257063389 -0.2256981432 0.8901980519 0.3957370520 0.8255826235 -0.0408761576 0.5627987981
-153.2 -13.7 2246.5 0.5251790285 0.4208356440 -0.7396515012 -0.2092638314 0.9063403606 0.3670909405 0.8248609900 -0.0380061455 0.5640566349
-143.2 190.8 2126.5 0.1520531625 0.4032777548 -0.9023563266 0.9430952668 0.2139626890 0.2545413673 0.2957214415 -0.8897117376 -0.3477956355
-181.6 -47.3 2051.8 -0.6718151569 0.4032777548 -0.6213142872 0.7293804288 0.2139626890 -0.6497877836 -0.1291068792 -0.8897117376 -0.4378862679
0.3 133.6 2351.9 0.1473955810 0.9694452286 -0.1960878521 -0.9864273667 0.1295792907 -0.1008476615 -0.0723573640 0.2082909346 0.9753867388
34.3 -93.9 2335.2 0.2442145348 0.9694452286 -0.0231335778 -0.5898831487 0.1295792907 -0.7970238924 -0.7696734071 0.2082909346 0.6035045385
-279.4 -168.3 2181.1 0.4937897027 -0.2272346914 -0.8393664956 0.0760934800 0.9728421569 -0.2186045200 0.8662456274 0.0440743417 0.4976705015
-191.2 -545.9 2164.0 0.4830040336 0.1762360185 -0.8576992154 0.0101373335 0.9783445597 0.2067343891 0.8755594492 -0.1085483283 0.4707578123
-185.2 -206.1 2328.7 0.0560323521 -0.1339161247 -0.9894073009 0.0980610922 0.9869111776 -0.1280248612 0.9936017394 -0.0898488313 0.0684309155
-133.2 -588.8 2363.6 0.0539592728 0.2589875460 -0.9643722773 0.0903688073 0.9605495334 0.2630172968 0.9944455028 -0.1013413891 0.0284261592
5.8 -250.7 2087.8 0 0 0 0 0 0 0 0 0
96.4 -244.1 2139.2 0 0 0 0 0 0 0 0 0
-256.9 -911.0 2204.5 0 0 0 0 0 0 0 0 0
-229.7 -946.6 2401.3 0 0 0 0 0 0 0 0 0
24.4 335.4 2222.0 08 0.5269354582 0.4722878337 -0.7065997720 -0.2237417698 0.8791454434 0.4207646549 0.8199260235 -0.0636199340 0.5689234138
-69.4 160.6 2234.7 0.5269354582 0.4722878337 -0.7065997720 -0.2237417698 0.8791454434 0.4207646549 0.8199260235 -0.0636199340 0.5689234138
-154.9 -13.1 2246.4 0.5349764824 0.4408016503 -0.7207593918 -0.2081129402 0.8955716491 0.3932434916 0.8188340664 -0.0603766516 0.5708462596
-142.5 189.1 2122.8 0.1427242905 0.4183648825 -0.8969953060 0.9479518533 0.2028452605 0.2454406321 0.2846350074 -0.8853387237 -0.3676388264
-178.7 -50.9 2050.7 -0.6598564386 0.4183648825 -0.6241476536 0.7376984358 0.2028452605 -0.6439369321 -0.1427952051 -0.8853387237 -0.4424758852
3.6 132.2 2346.5 0.1325524896 0.9686272740 -0.2102167010 -0.9893956780 0.1165982485 -0.0866087526 -0.0593807027 0.2194676846 0.9738110304
34.5 -97.8 2332.7 0.2457951158 0.9686272740 -0.0366875716 -0.5798444152 0.1165982485 -0.8063406944 -0.7767658830 0.2194676846 0.5903124213
-281.9 -170.9 2180.0 0.5105443001 -0.2371861190 -0.8264909387 0.0801085979 0.9701420069 -0.2289259583 0.8561116457 0.0506678186 0.5143011212
-189.8 -547.5 2160.3 0.5005078912 0.1862922162 -0.8454508185 0.0232363082 0.9733308554 0.2282260656 0.8654201031 -0.1338741034 0.4828310013
-187.8 -208.4 2327.8 0.0799687952 -0.1414203644 -0.9867143631 0.0828608498 0.9874017239 -0.1348033845 0.9933474064 -0.0709799305 0.0906795338
-132.9 -591.5 2355.3 0.0878865346 0.2619026303 -0.9610842466 0.1116720065 0.9561452270 0.2707685828 0.9898511767 -0.1311231256 0.0547850952
5.5 -256.7 2090.6 0 0 0 0 0 0 0 0 0
97.1 -245.6 2134.7 0 0 0 0 0 0 0 0 0
-259.3 -910.7 2210.3 0 0 0 0 0 0 0 0 0
-230.5 -947.8 2404.2 0 0 0 0 0 0 0 0 0
30.5 335.2 2217.0 09 0.5463951230 0.4950681329 -0.6755442023 -0.2412203997 0.8654371500 0.4391255677 0.8020380735 -0.0769810155 0.5922911763
-67.8 163.4 2232.3 0.5463951230 0.4950681329 -0.6755442023 -0.2412203997 0.8654371500 0.4391255677 0.8020380735 -0.0769810155 0.5922911763
-157.2 -8.2 2246.3 0.5556969643 0.4608371258 -0.6919754744 -0.2241914421 0.8845454454 0.4090446830 0.8005867004 -0.0721699148 0.5948549509
-143.6 194.1 2122.9 0.1219168231 0.4182541966 -0.9001109600 0.9519582987 0.2073922902 0.2253082544 0.2809121907 -0.8843369484 -0.3728759587
-175.5 -54.9 2049.5 -0.6533622146 0.4182541966 -0.6310160756 0.7450399399 0.2073922902 -0.6339588761 -0.1342881024 -0.8843369484 -0.4471183717
8.1 132.7 2341.6 0.1125544980 0.9683302045 -0.2228634655 -0.9930859804 0.1020991728 -0.0579304770 -0.0333416536 0.2278429270 0.9731268883
34.4 -99.9 2333.8 0.2447517961 0.9683302045 -0.0493274815 -0.5684694648 0.1020991728 -0.8163444400 -0.7854546905 0.2278429270 0.5754551291
-288.4 -168.2 2184.8 0.5355301499 -0.2540453076 -0.8053995371 0.0817097425 0.9647940397 -0.2499919087 0.8405539989 0.0680692121 0.5374342799
-189.8 -542.6 2158.4 0.5269122124 0.1692333966 -0.8329007030 0.0273163449 0.9760974646 0.2156098634 0.8494806290 -0.1363592744 0.5096948147
-192.5 -205.5 2331.5 0.1151322424 -0.1597736776 -0.9804167151 0.0689626634 0.9858841896 -0.1525662690 0.9909534454 -0.0500468500 0.1245254800
-130.5 -588.0 2350.9 0.1258683354 0.2701029181 -0.9545688033 0.1065795794 0.9529705048 0.2837041318 0.9863051772 -0.1374469101 0.0911613479
6.8 -262.8 2087.0 0 0 0 0 0 0 0 0 0
96.8 -244.9 2133.5 0 0 0 0 0 0 0 0 0
-252.9 -906.9 2209.2 0 0 0 0 0 0 0 0 0
-231.3 -943.5 2402.2 0 0 0 0 0 0 0 0 0
38.1 332.3 2221.0 10 0.4983819723 0.5122389793 -0.6994473934 -0.2179905027 0.8549053669 0.4707621038 0.8391039968 -0.0821464583 0.5377326608
-63.8 162.2 2237.3 0.4983819723 0.5122389793 -0.6994473934 -0.2179905027 0.8549053669 0.4707621038 0.8391039968 -0.0821464583 0.5377326608
-156.8 -7.4 2252.7 0.5076617002 0.4792800546 -0.7159401178 -0.2018093914 0.8740170598 0.4420035481 0.8375873566 -0.0799048170 0.5404281616
-133.0 189.7 2123.2 0.1737967879 0.4044991732 -0.8978725076 0.9407486916 0.2013916224 0.2728247344 0.2911813855 -0.8920884728 -0.3455308378
-177.5 -51.4 2048.5 -0.6517263055 0.4044991732 -0.6415864825 0.7477976680 0.2013916224 -0.6326453090 -0.1266943514 -0.8920884728 -0.4337357581
5.4 134.8 2351.5 0.1192607582 0.9638845921 -0.2381245643 -0.9900174737 0.0973033160 -0.1019679233 -0.0751150027 0.2479082495 0.9658671021
33.8 -100.5 2333.6 0.2582421601 0.9638845921 -0.0650955215 -0.5690125823 0.0973033160 -0.8165517449 -0.7807276845 0.2479082495 0.5735902786
-296.3 -159.7 2188.7 0.4510982633 -0.2905703485 -0.8438478708 0.0524050780 0.9525075555 -0.2999718487 0.8909343481 0.0910948664 0.4449018538
-183.6 -529.1 2153.4 0.4510982633 0.1957969368 -0.8707318306 0.0524050780 0.9681434631 0.2448507845 0.8909343481 -0.1560825258 0.4264670908
-196.8 -199.9 2332.1 0.0755003691 -0.1753062159 -0.9816147089 0.0243340563 0.9844552279 -0.1739418656 0.9968488216 -0.0107539911 0.0785926431
-128.8 -581.7 2336.3 0.1200394854 0.2665826976 -0.9563075900 0.1784705967 0.9417851567 0.2849367261 0.9765955210 -0.2048764527 0.0654742345
4.4 -260.2 2083.9 0 0 0 0 0 0 0 0 0
99.6 -245.6 2134.5 0 0 0 0 0 0 0 0 0
-256.6 -890.2 2211.6 0 0 0 0 0 0 0 0 0
-228.0 -932.3 2412.6 0 0 0 0 0 0 0 0 0
44.4 329.4 2216.5 11 0.4978170991 0.5299987197 -0.6864979863 -0.2244747728 0.8433174491 0.4882895947 0.8377286196 -0.0889774486 0.5387892127
-61.2 161.4 2234.2 0.4978170991 0.5299987197 -0.6864979863 -0.2244747728 0.8433174491 0.4882895947 0.8377286196 -0.0889774486 0.5387892127
-157.7 -6.1 2250.5 0.5064788461 0.4974348247 -0.7042994499 -0.2100863904 0.8633890748 0.4587188959 0.8362672329 -0.0843676925 0.5417926311
-130.3 190.1 2120.1 0.1765286177 0.3942697644 -0.9018808007 0.9427726269 0.1955964863 0.2700402737 0.2828734219 -0.8979384303 -0.3371783495
-175.5 -51.5 2047.6 -0.6611376405 0.3942697644 -0.6383168697 0.7390369773 0.1955964863 -0.6446443796 -0.1293112487 -0.8979384303 -0.4206961095
7.9 132.8 2348.3 0.1105048060 0.9619727731 -0.2497939616 -0.9924519062 0.0933565870 -0.0795223489 -0.0531784222 0.2566960752 0.9650280476
33.7 -99.0 2335.9 0.2633364797 0.9619727731 -0.0725411922 -0.5665636063 0.0933565870 -0.8187125325 -0.7808069587 0.2566960752 0.5696030259
-295.2 -158.9 2193.3 0.4382597506 -0.2910259068 -0.8504306674 0.0441646278 0.9519629478 -0.3030115366 0.8977627158 0.0952387974 0.4300600886
-182.3 -528.3 2156.3 0.4382597506 0.2030169368 -0.8756211996 0.0441646278 0.9681186676 0.2465678751 0.8977627158 -0.1467322558 0.4153212607
-204.4 -194.9 2343.0 0.0804407448 -0.2017970383 -0.9761184454 0.0223309286 0.9794110060 -0.2006374598 0.9965091944 -0.0056582051 0.0832908675
-126.2 -574.8 2345.2 0.1078098193 0.2734026611 -0.9558389187 0.1163172275 0.9513706565 0.2852440774 0.9873436093 -0.1419326514 0.0707656592
9.0 -257.8 2083.7 0 0 0 0 0 0 0 0 0
100.9 -243.5 2136.7 0 0 0 0 0 0 0 0 0
-258.0 -889.5 2211.1 0 0 0 0 0 0 0 0 0
-227.9 -928.7 2398.0 0 0 0 0 0 0 0 0 0
44.8 326.3 2214.7 12 0.5035494566 0.5229884982 -0.6876925230 -0.2175885737 0.8470819592 0.4848787487 0.8361179233 -0.0945264027 0.5403439403
-59.5 157.4 2233.6 0.5035494566 0.5229884982 -0.6876925230 -0.2175885737 0.8470819592 0.4848787487 0.8361179233 -0.0945264027 0.5403439403
-155.3 -10.5 2251.5 0.5123649836 0.4932262599 -0.7030006647 -0.2027368993 0.8649480343 0.4590888619 0.8344937563 -0.0926968902 0.5431642532
-129.5 185.0 2119.6 0.1527219266 0.4128254056 -0.8979149461 0.9440020323 0.2079424262 0.2561642826 0.2924657166 -0.8867554069 -0.3579506278
-168.5 -56.2 2044.9 -0.6765564680 0.4128254056 -0.6097921729 0.7218329906 0.2079424262 -0.6600886583 -0.1456996948 -0.8867554069 -0.4386757910
10.4 129.7 2347.5 0.1110471040 0.9620651007 -0.2491973191 -0.9929554462 0.0969790220 -0.0680773482 -0.0413279273 0.2550016344 0.9660570025
36.0 -98.6 2338.0 0.2640945911 0.9620651007 -0.0684457198 -0.5655434728 0.0969790220 -0.8189967275 -0.7812904119 0.2550016344 0.5697012544
-299.6 -154.8 2192.0 0.4052177370 -0.3110945523 -0.8596619964 0.0446414649 0.9459341168 -0.3212721348 0.9131296277 0.0918085948 0.3971970081
-178.8 -521.9 2156.4 0.4052177370 0.2133198082 -0.8889843822 0.0446414649 0.9666194320 0.2522975504 0.9131296277 -0.1419209987 0.3821684122
-208.9 -192.4 2341.7 0.0864841193 -0.2166039050 -0.9724213481 0.0280284416 0.9762211442 -0.2149575353 0.9958588481 -0.0086650411 0.0904986933
-124.9 -571.2 2345.1 0.1115578935 0.2704194486 -0.9562573433 0.1151714921 0.9522614479 0.2827254534 0.9870615005 -0.1416738480 0.0750876665
20.3 -257.6 2085.6 0 0 0 0 0 0 0 0 0
103.4 -242.9 2138.7 0 0 0 0 0 0 0 0 0
-258.5 -882.6 2209.4 0 0 0 0 0 0 0 0 0
-225.7 -926.0 2397.9 0 0 0 0 0 0 0 0 0
46.4 321.2 2213.8 13 0.4761006832 0.5260933638 -0.7046658397 -0.1973446310 0.8447916508 0.4973752499 0.8569616079 -0.0977386832 0.5060275793
-58.7 152.4 2233.4 0.4761006832 0.5260933638 -0.7046658397 -0.1973446310 0.8447916508 0.4973752499 0.8569616079 -0.0977386832 0.5060275793
-153.9 -15.7 2252.1 0.4863324165 0.4905351698 -0.7230878472 -0.1801260561 0.8660544753 0.4663735330 0.8550060987 -0.0965656042 0.5095484853
-125.1 177.0 2116.7 0.1391855925 0.4109405577 -0.9009745717 0.9451715350 0.2163032144 0.2446706295 0.2954287827 -0.8856301308 -0.3583030403
-160.4 -62.9 2041.7 -0.6932215095 0.4109405577 -0.5920910239 0.7050570846 0.2163032144 -0.6753572226 -0.1494604945 -0.8856301308 -0.4396826029
7.6 127.9 2350.1 0.1276312768 0.9554836750 -0.2660098672 -0.9901452661 0.1071600765 -0.0901613608 -0.0576420724 0.2748958170 0.9597445726
37.1 -100.3 2336.8 0.2867918909 0.9554836750 -0.0692921504 -0.5561413765 0.1071600765 -0.8241502047 -0.7800366879 0.2748958170 0.5621166229
-296.8 -160.2 2194.8 0.4322836101 -0.2987861931 -0.8507982492 0.0453462265 0.9495189190 -0.3104151785 0.9005967975 0.0956069082 0.4240102768
-180.9 -528.7 2157.7 0.4322836101 0.1899174154 -0.8815113306 0.0453462265 0.9717543125 0.2315971404 0.9005967975 -0.1400888562 0.4114614427
-205.1 -196.5 2344.2 0.0552897453 -0.2093488872 -0.9762766361 0.0454707630 0.9772858024 -0.2069901228 0.9974344373 -0.0329476111 0.0635531321
-123.9 -575.7 2357.0 0.0608699396 0.2789897919 -0.9583629370 0.0645840168 0.9570305347 0.2827039361 0.9960541129 -0.0791030973 0.0402361080
33.0 -259.7 2083.4 0 0 0 0 0 0 0 0 0
110.2 -242.1 2137.8 0 0 0 0 0 0 0 0 0
-251.8 -891.3 2210.0 0 0 0 0 0 0 0 0 0
-227.7 -931.9 2386.5 0 0 0 0 0 0 0 0 0
51.4 322.7 2219.4 14 0.4867305458 0.5320751667 -0.6928126812 -0.2207028568 0.8422700763 0.4918041825 0.8452121615 -0.0864703655 0.5273891091
-54.9 154.5 2236.7 0.4867305458 0.5320751667 -0.6928126812 -0.2207028568 0.8422700763 0.4918041825 0.8452121615 -0.0864703655 0.5273891091
-151.8 -12.8 2253.3 0.4968232512 0.4992402494 -0.7098773718 -0.2040221393 0.8622351885 0.4636005759 0.8435292840 -0.0854968578 0.5302345157
-122.7 182.3 2121.5 0.1137174442 0.4162788391 -0.9020977020 0.9469433427 0.2293188870 0.2251913249 0.3006104231 -0.8798435926 -0.3681149185
-153.0 -69.7 2041.5 -0.7025258541 0.4162788391 -0.5772082806 0.6954255104 0.2293188870 -0.6810258627 -0.1511318982 -0.8798435926 -0.4505933523
12.9 126.7 2351.8 0.1085250154 0.9489834309 -0.2960621119 -0.9913786650 0.0813209787 -0.1027389690 -0.0734215155 0.3046593964 0.9496272802
37.9 -101.6 2334.9 0.2978352010 0.9489834309 -0.1035599038 -0.5484749675 0.0813209787 -0.8322032094 -0.7813254595 0.3046593964 0.5447138548
-292.7 -167.6 2194.3 0.4580121338 -0.2858998179 -0.8417162299 0.0492737740 0.9535792470 -0.2970836759 0.8875792623 0.0945933983 0.4508382380
-181.7 -537.8 2157.6 0.4580121338 0.1810369492 -0.8703163266 0.0492737740 0.9723676443 0.2281957269 0.8875792623 -0.1474001855 0.4364357889
-205.6 -199.9 2347.4 0.0645631850 -0.1920155138 -0.9792658687 0.0539264008 0.9805507064 -0.1887120754 0.9964554906 -0.0406244323 0.0736621767
-131.1 -580.4 2363.1 0.0692632124 0.2351472080 -0.9694887400 0.0732323751 0.9680021405 0.2400185764 0.9949068427 -0.0876224190 0.0498265512
43.1 -263.8 2083.7 0 0 0 0 0 0 0 0 0
113.9 -241.5 2135.6 0 0 0 0 0 0 0 0 0
-249.3 -900.6 2212.6 0 0 0 0 0 0 0 0 0
-218.7 -940.8 2395.8 0 0 0 0 0 0 0 0 0
52.6 326.5 2222.2 15 0.4868162572 0.5208619237 -0.7012223601 -0.2258259803 0.8505244851 0.4749849439 0.8438083529 -0.0728761628 0.5316733122
-50.7 157.8 2236.6 0.4868162572 0.5208619237 -0.7012223601 -0.2258259803 0.8505244851 0.4749849439 0.8438083529 -0.0728761628 0.5316733122
-146.6 -10.3 2251.2 0.4960874617 0.4941488504 -0.7139427066 -0.2101457715 0.8661423326 0.4534713328 0.8424583077 -0.0749294013 0.5335256457
-118.4 186.5 2121.6 0.1327595413 0.3935716748 -0.9096571803 0.9437938333 0.2300962806 0.2372949123 0.3027012944 -0.8900320530 -0.3409030437
-153.3 -61.5 2042.1 -0.7047430277 0.3935716748 -0.5902868509 0.6971889734 0.2300962806 -0.6789574623 -0.1313956231 -0.8900320530 -0.4365525842
17.1 129.1 2351.7 0.0801373422 0.9334578514 -0.3496204913 -0.9932923317 0.0454517007 -0.1063226089 -0.0833568275 0.3557957709 0.9308388829
35.9 -104.2 2332.1 0.3222832382 0.9334578514 -0.1574484110 -0.5416988134 0.0454517007 -0.8393428922 -0.7763349414 0.3557957709 0.5203013420
-293.2 -161.9 2194.4 0.4968799055 -0.2861334980 -0.8192911148 0.0589210205 0.9530250430 -0.2971052527 0.8658167720 0.0993521661 0.4903982878
-182.1 -531.9 2155.8 0.4968799055 0.1704222560 -0.8509210348 0.0589210205 0.9716402292 0.2290057242 0.8658167720 -0.1639254838 0.4727470577
-204.3 -198.4 2345.4 0.0564551726 -0.1962810457 -0.9789211154 0.0705306381 0.9788193107 -0.1921930760 0.9959107637 -0.0581936389 0.0691032410
-128.1 -578.3 2368.0 0.0458222814 0.2579213679 -0.9650787115 0.0306161381 0.9652770162 0.2594280243 0.9984803200 -0.0414345674 0.0363346413
43.4 -256.1 2078.7 0 0 0 0 0 0 0 0 0
118.1 -242.4 2134.1 0 0 0 0 0 0 0 0 0
-245.7 -894.5 2217.0 0 0 0 0 0 0 0 0 0
-224.1 -937.7 2383.4 0 0 0 0 0 0 0 0 0
52.1 325.9 2225.1 16 0.4907480180 0.5134057403 -0.7039750814 -0.2218184769 0.8549539447 0.4688819945 0.8425929546 -0.0739482343 0.5334498286
-49.6 156.5 2239.7 0.4907480180 0.5134057403 -0.7039750814 -0.2218184769 0.8549539447 0.4688819945 0.8425929546 -0.0739482343 0.5334498286
-143.5 -12.7 2254.8 0.5013262033 0.4837532640 -0.7173944712 -0.2035007775 0.8717731833 0.4456444383 0.8409872055 -0.0774229094 0.5354869366
-118.1 184.3 2124.9 0.1316819638 0.3877438307 -0.9123127460 0.9395185113 0.2447205633 0.2396179736 0.3161720932 -0.8886880875 -0.3320672214
-152.0 -57.8 2043.4 -0.7297725081 0.3877438307 -0.5631045699 0.6704742908 0.2447205633 -0.7004113793 -0.1337769181 -0.8886880875 -0.4385626316
18.9 128.7 2354.6 0.0760407969 0.9605582952 -0.2674800158 -0.9936925173 0.0508292019 -0.0999579653 -0.0824196562 0.2733937800 0.9583646655
36.4 -99.9 2335.6 0.2484983802 0.9605582952 -0.1248051301 -0.5981516838 0.0508292019 -0.7997693419 -0.7618812919 0.2733937800 0.5871905088
-286.9 -159.5 2190.3 0.4980686307 -0.2749471366 -0.8223938942 0.0688767582 0.9579480886 -0.2785523236 0.8643978238 0.0820943490 0.4960613847
-180.2 -531.4 2158.4 0.4928615391 0.1803580523 -0.8512099981 0.0396093614 0.9726163149 0.2290164828 0.8692057133 -0.1465892941 0.4722213149
-198.1 -197.2 2341.2 0.0609973893 -0.1826927960 -0.9812760353 0.0619904697 0.9819021821 -0.1789559573 0.9962110519 -0.0499139130 0.0712186843
-127.2 -578.3 2360.6 0.0562399514 0.2639557123 -0.9628937840 0.0446112826 0.9627926350 0.2665336132 0.9974201322 -0.0579457656 0.0423720069
51.6 -244.9 2080.7 0 0 0 0 0 0 0 0 0
99.5 -251.9 2142.1 0 0 0 0 0 0 0 0 0
-247.5 -894.3 2213.1 0 0 0 0 0 0 0 0 0
-225.6 -937.2 2382.2 0 0 0 0 0 0 0 0 0
48.1 325.4 2219.0 17 0.5498430729 0.5029854178 -0.6668419838 -0.2461388409 0.8604775071 0.4460875690 0.7981780767 -0.0811424479 0.5969318748
-51.4 155.2 2235.1 0.5498430729 0.5029854178 -0.6668419838 -0.2461388409 0.8604775071 0.4460875690 0.7981780767 -0.0811424479 0.5969318748
-142.7 -15.4 2250.6 0.5605076551 0.4704881608 -0.6815218329 -0.2270856053 0.8787201643 0.4198606610 0.7964064479 -0.0805713162 0.5993704796
-127.8 186.0 2126.6 0.1016374156 0.3941257000 -0.9134193063 0.9412031174 0.2592704892 0.2165999860 0.3221902847 -0.8817276955 -0.3446007371
-154.1 -57.5 2043.2 -0.7514484525 0.3941257000 -0.5291409492 0.6432670355 0.2592704892 -0.7204070687 -0.1467402875 -0.8817276955 -0.4483564794
24.9 124.3 2343.5 0.0263758227 0.9719246626 -0.2338093221 -0.9945936203 0.0490141734 0.0915483460 0.1004380658 0.2301305979 0.9679628611
31.2 -111.0 2367.3 0.2195573300 0.9719246626 -0.0845994279 -0.5405864120 0.0490141734 -0.8398594856 -0.8121335506 0.2301305979 0.5361706614
-282.3 -163.6 2194.5 0.5473871231 -0.2639674842 -0.7941589952 0.0777147710 0.9608854055 -0.2658188641 0.8332633376 0.0837879404 0.5464904904
-179.8 -536.6 2161.9 0.5365976691 0.1857872605 -0.8231318593 0.0154714128 0.9731315970 0.2297291458 0.8436964154 -0.1360071301 0.5193057656
-192.5 -200.1 2345.1 0.1247644275 -0.1695478559 -0.9775926471 0.0575134233 0.9848704338 -0.1634699702 0.9905180931 -0.0358294584 0.1326280683
-126.7 -582.3 2359.0 0.1159780398 0.2709766626 -0.9555734992 0.0261510070 0.9608991742 0.2756608427 0.9929074645 -0.0569598153 0.1043568924
55.5 -236.9 2084.2 0 0 0 0 0 0 0 0 0
86.9 -248.2 2161.2 0 0 0 0 0 0 0 0 0
-249.2 -899.8 2212.7 0 0 0 0 0 0 0 0 0
-227.8 -940.8 2380.3 0 0 0 0 0 0 0 0 0
45.5 328.7 2221.5 18 0.5807576180 0.4937516153 -0.6472479701 -0.2740921378 0.8672460914 0.4156413674 0.7665468454 -0.0639813021 0.6389932036
-52.1 157.2 2234.1 0.5807576180 0.4937516153 -0.6472479701 -0.2740921378 0.8672460914 0.4156413674 0.7665468454 -0.0639813021 0.6389932036
-142.2 -14.2 2247.5 0.5930385590 0.4638828635 -0.6581169963 -0.2516440451 0.8831976652 0.3957740664 0.7648402452 -0.0690980628 0.6405036449
-132.9 191.4 2130.0 0.0783671215 0.4039857388 -0.9114022851 0.9425534606 0.2677664161 0.1997351050 0.3247330487 -0.8746980429 -0.3597940803
-153.6 -57.1 2044.3 -0.7613409758 0.4039857388 -0.5071049929 0.6284939051 0.2677664161 -0.7302715778 -0.1592336148 -0.8746980429 -0.4577641189
28.7 123.0 2338.3 -0.0056565781 0.9722418189 -0.2339099348 -0.9877624512 0.0310266986 0.1528486162 0.1558632702 0.2319120467 0.9601684213
27.4 -119.6 2376.6 0.2148220688 0.9722418189 -0.0927218273 -0.5111531019 0.0310266986 -0.8589295149 -0.8322103024 0.2319120467 0.5036296248
-284.1 -165.7 2195.0 0.5713577867 -0.2662387788 -0.7763164043 0.0843264982 0.9599567652 -0.2671553791 0.8163573742 0.0871772543 0.5709297657
-180.8 -538.4 2161.2 0.5600886345 0.1780452430 -0.8090739250 0.0148960911 0.9743097425 0.2247190773 0.8282987475 -0.1379146427 0.5430476069
-184.0 -206.2 2337.3 0.1565888524 -0.1430502236 -0.9772495031 0.0735750571 0.9883958101 -0.1328925788 0.9849196076 -0.0510916859 0.1652967036
-128.5 -589.7 2357.1 0.1474097222 0.2648220062 -0.9529636502 0.0399582572 0.9611081481 0.2732662857 0.9882680178 -0.0783608779 0.1310948730
58.8 -232.5 2088.7 0 0 0 0 0 0 0 0 0
82.0 -249.6 2165.0 0 0 0 0 0 0 0 0 0
-247.2 -902.0 2212.6 0 0 0 0 0 0 0 0 0
-227.3 -948.3 2386.3 0 0 0 0 0 0 0 0 0
41.2 330.7 2217.2 19 0.5585650802 0.4856449962 -0.6724239588 -0.2332082689 0.8699235916 0.4345651567 0.7960018516 -0.0859180987 0.5991653800
-54.9 158.6 2234.2 0.5585650802 0.4856449962 -0.6724239588 -0.2332082689 0.8699235916 0.4345651567 0.7960018516 -0.0859180987 0.5991653800
-143.4 -13.4 2251.1 0.5687273145 0.4550972283 -0.6851537824 -0.2142380029 0.8861963153 0.4108018875 0.7941355705 -0.0868482813 0.6015031934
-132.4 187.7 2126.1 0.0939426944 0.3842826188 -0.9184234738 0.9430134296 0.2614416778 0.2058491856 0.3192184269 -0.8854237199 -0.3378231525
-156.7 -55.4 2043.8 -0.7620468140 0.3842826188 -0.5211635828 0.6312267780 0.2614416778 -0.7302061319 -0.1443516463 -0.8854237199 -0.4418002665
22.6 129.4 2342.4 0.0255208369 0.9612231851 -0.2745881677 -0.9990595579 0.0341552272 0.0267089400 0.0350518748 0.2736482918 0.9611909389
28.7 -112.4 2350.9 0.2486028373 0.9612231851 -0.1193591133 -0.5368081927 0.0341552272 -0.8430126905 -0.8062465787 0.2736482918 0.5244835615
-285.3 -163.1 2192.5 0.5510628819 -0.2717801630 -0.7889646888 0.0885376036 0.9591810703 -0.2685755193 0.8297534585 0.0781489536 0.5526317954
-179.8 -535.5 2162.1 0.5396835804 0.1841220558 -0.8214868903 0.0217498932 0.9724155664 0.2322388887 0.8415869474 -0.1432027668 0.5207920671
-179.2 -208.0 2329.1 0.1236624271 -0.1294363290 -0.9838464260 0.0931433514 0.9885933399 -0.1183533892 0.9879432917 -0.0770028904 0.1343079805
-129.0 -591.5 2359.0 0.1072367206 0.2715116441 -0.9564422369 0.0343943983 0.9604006410 0.2764916420 0.9936383963 -0.0625463128 0.0936517417
56.0 -231.6 2084.0 0 0 0 0 0 0 0 0 0
92.0 -248.9 2145.8 0 0 0 0 0 0 0 0 0
-248.5 -898.5 2215.6 0 0 0 0 0 0 0 0 0
-230.3 -949.9 2382.3 0 0 0 0 0 0 0 0 0
39.6 336.1 2222.6 20 0.5736012459 0.4768881798 -0.6660024524 -0.2405580580 0.8752750158 0.4195538759 0.7830156088 -0.0804443732 0.6167781353
-55.0 162.5 2238.6 0.5736012459 0.4768881798 -0.6660024524 -0.2405580580 0.8752750158 0.4195538759 0.7830156088 -0.0804443732 0.6167781353
-142.1 -10.2 2254.3 0.5830852389 0.4485575557 -0.6773535013 -0.2224670202 0.8900465965 0.3979013562 0.7813578248 -0.0813215896 0.6187622547
-134.5 192.8 2132.0 0.0802036077 0.3819032311 -0.9207156301 0.9400944114 0.2780686915 0.1972316802 0.3313456178 -0.8813782930 -0.3367229700
-156.0 -58.9 2043.3 -0.7508273125 0.3819032311 -0.5388953686 0.6494235396 0.2780686915 -0.7077618837 -0.1204466000 -0.8813782930 -0.4567985237
24.6 132.2 2345.1 0.0352430083 0.9478804469 -0.3166710138 -0.9989855289 0.0245253053 -0.0377685204 -0.0280335881 0.3176808357 0.9477832317
32.9 -103.0 2338.5 0.2780259848 0.9478804469 -0.1556411237 -0.5506899953 0.0245253053 -0.8343494534 -0.7870464325 0.3176808357 0.5288069844
-282.6 -166.2 2197.0 0.4568809271 -0.2738108933 -0.8463376760 0.0456524938 0.9574097395 -0.2851006985 0.8883556128 0.0916196406 0.4499223828
-176.3 -537.9 2161.4 0.4568809271 0.2048270404 -0.8656244874 0.0456524938 0.9664462805 0.2527794540 0.8883556128 -0.1550080180 0.4321999848
-180.9 -204.4 2338.9 0.1421602368 -0.1483984739 -0.9786564112 0.0614688471 0.9881132245 -0.1409034580 0.9879332185 -0.0401260145 0.1495922953
-123.4 -587.6 2354.4 0.1363279670 0.2912228405 -0.9468917251 0.0422968641 0.9532328248 0.2992627323 0.9897603989 -0.0808484331 0.1176344827
53.5 -240.1 2076.9 0 0 0 0 0 0 0 0 0
103.7 -243.2 2138.1 0 0 0 0 0 0 0 0 0
-252.7 -898.5 2219.3 0 0 0 0 0 0 0 0 0
-232.1 -943.2 2384.6 0 0 0 0 0 0 0 0 0
33.0 336.6 2218.3 21 0.5729734898 0.4658519328 -0.6743021011 -0.2326436341 0.8813522458 0.4112118185 0.7858614922 -0.0787413716 0.6133689880
-59.5 161.6 2233.9 0.5729734898 0.4658519328 -0.6743021011 -0.2326436341 0.8813522458 0.4112118185 0.7858614922 -0.0787413716 0.6133689880
-144.6 -12.2 2249.0 0.5813320875 0.4381291270 -0.6856353879 -0.2162138522 0.8955340385 0.3889348805 0.7844135165 -0.0778564438 0.6153322458
-138.9 191.1 2126.8 0.0804436132 0.3502880037 -0.9331811666 0.9438658357 0.2741540372 0.1842738092 0.3203842938 -0.8956214786 -0.3085709512
-160.0 -56.9 2042.7 -0.7632941008 0.3502880037 -0.5428447723 0.6377360821 0.2741540372 -0.7198140621 -0.1033191457 -0.8956214786 -0.4326514602
19.8 132.1 2341.0 0.0695359707 0.9446866512 -0.3205180466 -0.9964010715 0.0501591973 -0.0683299601 -0.0484734699 0.3241159320 0.9447746873
36.1 -101.2 2329.7 0.2959541082 0.9446866512 -0.1413443834 -0.5562638044 0.0501591973 -0.8294906020 -0.7765190005 0.3241159320 0.5403398275
-281.4 -163.1 2200.2 0.4611137509 -0.2686930597 -0.8456820846 0.0357889757 0.9579080343 -0.2848357260 0.8866190314 0.1010755748 0.4513207972
-177.1 -534.9 2161.0 0.4611137509 0.1932617724 -0.8660392761 0.0357889757 0.9711489081 0.2357730865 0.8866190314 -0.1397128701 0.4408934712
-179.6 -206.1 2333.8 0.1359843165 -0.1545459628 -0.9785825610 0.0610711575 0.9871869683 -0.1474183649 0.9888268709 -0.0397165827 0.1436802596
-119.7 -588.3 2349.2 0.1337776035 0.2936390936 -0.9465091825 0.0539096482 0.9515236616 0.3028142154 0.9895439744 -0.0915357396 0.1114625782
52.8 -234.7 2071.5 0 0 0 0 0 0 0 0 0
111.5 -243.0 2131.8 0 0 0 0 0 0 0 0 0
-249.2 -897.3 2213.1 0 0 0 0 0 0 0 0 0
-229.3 -943.4 2383.3 0 0 0 0 0 0 0 0 0
29.6 336.8 2222.1 22 0.5730275512 0.4562934339 -0.6807610989 -0.2432849556 0.8879323006 0.3903699517 0.7825930119 -0.0580738038 0.6198189855
-61.0 160.5 2233.7 0.5730275512 0.4562934339 -0.6807610989 -0.2432849556 0.8879323006 0.3903699517 0.7825930119 -0.0580738038 0.6198189855
-144.2 -14.4 2244.5 0.5807409883 0.4288192689 -0.6919927597 -0.2276894152 0.9016556740 0.3676610291 0.7815992832 -0.0559563935 0.6212660074
-140.3 191.6 2126.9 0.0855717435 0.3262293339 -0.9414095283 0.9419910312 0.2812942266 0.1831023097 0.3245464265 -0.9024677277 -0.2832342684
-162.7 -54.7 2042.1 -0.7776554227 0.3262293339 -0.5374257565 0.6226364970 0.2812942266 -0.7302036285 -0.0870390832 -0.9024677277 -0.4218722880
18.3 129.4 2340.4 0.0873454437 0.9459339380 -0.3123775423 -0.9938119054 0.0611430816 -0.0927327424 -0.0686193258 0.3185442984 0.9454210401
38.4 -99.5 2324.6 0.2958966792 0.9459339380 -0.1328687370 -0.5649561882 0.0611430816 -0.8228523731 -0.7702400088 0.3185442984 0.5525032878
-281.7 -166.7 2193.9 0.4628924727 -0.2691570818 -0.8445620537 0.0489314757 0.9590907097 -0.2788380682 0.8850628734 0.0877463743 0.4571261406
-177.2 -539.0 2159.9 0.4628924727 0.1968007237 -0.8642916679 0.0489314757 0.9678825736 0.2465949953 0.8850628734 -0.1564380229 0.4383957982
-178.9 -207.0 2331.3 0.1228335127 -0.1562917680 -0.9800432920 0.0946620405 0.9848640561 -0.1451961100 0.9879023433 -0.0749379471 0.1357692033
-118.3 -588.6 2360.3 0.1018196121 0.3091866672 -0.9455349445 0.0294854213 0.9491191506 0.3135338128 0.9943658113 -0.0598033890 0.0875224471
53.9 -228.1 2066.3 0 0 0 0 0 0 0 0 0
113.9 -243.5 2128.2 0 0 0 0 0 0 0 0 0
-250.7 -900.2 2218.2 0 0 0 0 0 0 0 0 0
-233.7 -942.6 2382.6 0 0 0 0 0 0 0 0 0
25.7 341.2 2224.5 23 0.5225569010 0.4349743724 -0.7333018184 -0.2058453560 0.8989940286 0.3865713179 0.8273826241 -0.0510587394 0.5593129992
-60.4 163.1 2234.7 0.5225569010 0.4349743724 -0.7333018184 -0.2058453560 0.8989940286 0.3865713179 0.8273826241 -0.0510587394 0.5593129992
-139.8 -13.6 2244.5 0.5288738012 0.4094042182 -0.7434250116 -0.1923047453 0.9109815955 0.3648717403 0.8266265392 -0.0500069484 0.5605246425
-132.4 189.4 2122.1 0.1248084009 0.2830443084 -0.9509515166 0.9415105581 0.2685894072 0.2035131454 0.3130187392 -0.9207310677 -0.2329669893
-164.5 -52.8 2041.5 -0.7853218317 0.2830443084 -0.5505956411 0.6160032749 0.2685894072 -0.7405400872 -0.0617215075 -0.9207310677 -0.3852853477
11.5 136.9 2347.2 0.1466967165 0.9418771863 -0.3022374511 -0.9798094034 0.0963979065 -0.1751597226 -0.1358438879 0.3218304813 0.9370014071
47.0 -99.6 2314.5 0.3196353912 0.9418771863 -0.1034438461 -0.5520873666 0.0963979065 -0.8281949759 -0.7700861692 0.3218304813 0.5508106947
-279.5 -169.0 2185.4 0.4064113200 -0.2589281499 -0.8762339950 0.0518249236 0.9639942646 -0.2608241737 0.9122192860 0.0605911389 0.4051971138
-179.0 -543.1 2161.9 0.4056279063 0.1921795756 -0.8936067224 0.0478464887 0.9718422294 0.2307235301 0.9127851129 -0.1363438517 0.3850112259
-176.1 -210.6 2323.8 0.0504727438 -0.1301749796 -0.9902055264 0.1173973158 0.9853689671 -0.1235551760 0.9918015599 -0.1100113019 0.0650164708
-125.6 -592.4 2366.4 0.0326230749 0.2676000893 -0.9629776478 0.0531075783 0.9616652131 0.2690345347 0.9980557561 -0.0599181429 0.0171608850
53.8 -224.1 2058.7 0 0 0 0 0 0 0 0 0
128.5 -240.4 2118.1 0 0 0 0 0 0 0 0 0
-250.7 -905.8 2212.7 0 0 0 0 0 0 0 0 0
-225.4 -950.9 2388.8 0 0 0 0 0 0 0 0 0
27.4 351.3 2231.3 24 0.5635129213 0.4248041213 -0.7085158229 -0.2236603945 0.9040774703 0.3641701937 0.7952541709 -0.0467476696 0.6044712067
-57.3 171.0 2240.6 0.5635129213 0.4248041213 -0.7085158229 -0.2236603945 0.9040774703 0.3641701937 0.7952541709 -0.0467476696 0.6044712067
-134.0 -7.0 2249.8 0.5718266368 0.3952615261 -0.7188759446 -0.2051951587 0.9173358083 0.3411597013 0.7942979932 -0.0475743227 0.6056627631
-135.2 199.0 2132.4 0.1126620919 0.3049868047 -0.9456692338 0.9283286929 0.3070293665 0.2096159458 0.3542783260 -0.9015076160 -0.2485374063
-165.4 -50.1 2037.3 -0.7856844664 0.3049868047 -0.5382220149 0.6160894632 0.3070293665 -0.7253735065 -0.0559793673 -0.9015076160 -0.4291273654
20.6 143.1 2348.8 0.1304073632 0.9372337461 -0.3233987987 -0.9783589244 0.0687938109 -0.1951439977 -0.1606477052 0.3418483138 0.9259222746
52.3 -94.4 2309.8 0.3203731477 0.9372337461 -0.1376731843 -0.5569380522 0.0687938109 -0.8277000785 -0.7662774324 0.3418483138 0.5440208316
-266.5 -173.2 2180.6 0.4425719678 -0.2227283865 -0.8686323166 0.0676884353 0.9741972685 -0.2153090239 0.8941746950 0.0364933722 0.4462285042
-180.1 -550.9 2166.4 0.4350127280 0.1991128922 -0.8781332374 0.0291521419 0.9716181159 0.2347516716 0.8999522328 -0.1277194321 0.4168616831
-172.4 -208.0 2327.4 0.1013030782 -0.1195342094 -0.9876483679 0.0735022649 0.9909415245 -0.1123936474 0.9921366572 -0.0612085648 0.1091714650
-126.1 -591.9 2351.1 0.1059418693 0.2665654123 -0.9579766393 0.0901099741 0.9568608403 0.2762201428 0.9902810454 -0.1155865192 0.0773514211
53.8 -222.0 2052.9 0 0 0 0 0 0 0 0 0
134.0 -236.4 2114.3 0 0 0 0 0 0 0 0 0
-254.4 -913.5 2214.1 0 0 0 0 0 0 0 0 0
-225.4 -948.3 2394.2 0 0 0 0 0 0 0 0 0
27.9 356.1 2242.1 25 0.5767596364 0.4183059633 -0.7016896605 -0.2492900938 0.9081047773 0.3364523947 0.7779477835 -0.0191278774 0.6280377507
-55.1 176.0 2245.9 0.5767596364 0.4183059633 -0.7016896605 -0.2492900938 0.9081047773 0.3364523947 0.7779477835 -0.0191278774 0.6280377507
-131.2 -2.4 2250.2 0.5849439502 0.3922010660 -0.7099428773 -0.2308343053 0.9196154475 0.3178410828 0.7775321007 -0.0220400449 0.6284569502
-134.8 207.5 2139.9 0.1139524877 0.3012890518 -0.9466993809 0.9178240895 0.3328224421 0.2163982540 0.3802812099 -0.8935626149 -0.2386044115
-166.5 -47.3 2034.3 -0.7934958935 0.3012890518 -0.5287619233 0.6071658134 0.3328224421 -0.7215115428 -0.0413996987 -0.8935626149 -0.4470256567
24.7 144.6 2351.9 0.1397041827 0.9386059642 -0.3154386282 -0.9750689864 0.0749376416 -0.2088656574 -0.1724043339 0.3367538452 0.9256746769
58.2 -89.2 2310.6 0.3198612034 0.9386059642 -0.1292578876 -0.5547538996 0.0749376416 -0.8286328912 -0.7680734992 0.3367538452 0.5446649790
