-0.9 358.4 2253.6 6 0.5448604226 0.3800534308 -0.7474533319 -0.1981327981 0.9244992137 0.3256449103 0.8147825003 -0.0293360185 0.5790240765
-75.9 176.0 2259.4 0.5448604226 0.3800534308 -0.7474533319 -0.1981327981 0.9244992137 0.3256449103 0.8147825003 -0.0293360185 0.5790240765
-145.1 -5.2 2266.7 0.5530716777 0.3560107052 -0.7532384396 -0.1774035692 0.9336925745 0.3110404909 0.8140268326 -0.0384004973 0.5795564651
-151.4 200.1 2148.3 -0.0293196738 0.4475875497 -0.8937593102 0.9768518806 0.2023790181 0.0693042800 0.2118978649 -0.8710385561 -0.4431604147
-143.5 -63.8 2091.1 -0.7769683599 0.4475875497 -0.4427026212 0.5702267885 0.2023790181 -0.7961683869 -0.2667613328 -0.8710385561 -0.4124684930
-0.5 151.9 2370.4 0.0172561929 0.8613561392 -0.5077084303 -0.9885308146 0.0908919498 0.1206047684 0.1500302702 0.4998042285 0.8530455232
3.6 -81.0 2405.8 0.3427098393 0.8613561392 -0.3749874532 -0.8302198052 0.0908919498 -0.5499761105 -0.4396419525 0.4998042285 0.7462644577
-260.0 -176.1 2199.9 0.7677839994 -0.1571195871 -0.6211450696 0.1079231352 0.9873279929 -0.1163446456 0.6315538883 0.0222916380 0.7750114799
-199.1 -559.3 2191.3 0.7548887134 0.1404766887 -0.6406319737 -0.0873688236 0.9896255732 0.1140523553 0.6500074863 -0.0301255696 0.7593304515
-154.9 -209.3 2340.9 0.9674029946 -0.0276021976 0.2517332137 0.0114120012 0.9977840781 0.0655496642 -0.2529847026 -0.0605401620 0.9655742645
-144.2 -596.4 2364.4 0.9418430924 0.2212526947 0.2529403269 -0.2300094664 0.9731745124 0.0052002128 -0.2450045198 -0.0630764589 0.9674679041
73.5 -223.0 2165.5 0 0 0 0 0 0 0 0 0
90.5 -291.6 2294.3 0 0 0 0 0 0 0 0 0
-251.4 -928.2 2202.5 0 0 0 0 0 0 0 0 0
-226.7 -959.4 2387.9 0 0 0 0 0 0 0 0 0
2.1 361.5 2252.8 7 0.5513440967 0.3859981596 -0.7396114469 -0.2010307163 0.9218744636 0.3312614262 0.8096951842 -0.0339544006 0.5858675241
-74.4 178.7 2259.5 0.5513440967 0.3859981596 -0.7396114469 -0.2010307163 0.9218744636 0.3312614262 0.8096951842 -0.0339544006 0.5858675241
-144.5 -2.1 2267.6 0.5596402287 0.3611089289 -0.7459243536 -0.1804493666 0.9315763712 0.3156001270 0.8088515401 -0.0420209542 0.5865095258
-150.9 203.3 2149.1 -0.0140806567 0.4438740611 -0.8959785700 0.9770771265 0.1964688897 0.0819769204 0.2124193460 -0.8742858768 -0.4364656210
-147.0 -61.3 2091.6 -0.7696316838 0.4438740611 -0.4589584470 0.5833033919 0.1964688897 -0.7881352305 -0.2596617341 -0.8742858768 -0.4101219177
2.0 154.1 2369.9 0.0131787732 0.8664947152 -0.4990122020 -0.9885283709 0.0863844305 0.1238928884 0.1504594237 0.4916549623 0.8576930761
5.1 -78.9 2405.4 0.3340791762 0.8664947152 -0.3709150553 -0.8321810961 0.0863844305 -0.5477338433 -0.4425671995 0.4916549623 0.7499397993
-263.7 -170.5 2201.2 0.7724357843 -0.1688699573 -0.6122303009 0.1150697172 0.9852594733 -0.1265810579 0.6245814562 0.0273265727 0.7804814577
-198.1 -552.9 2190.6 0.7602391243 0.1384778321 -0.6347128153 -0.0919770971 0.9901190996 0.1058509424 0.6430992484 -0.0220929869 0.7654640675
-164.7 -202.2 2346.8 0.9639235735 -0.0562517792 0.2601673901 0.0338698328 0.9953901768 0.0897289217 -0.2640154660 -0.0776799917 0.9613852501
-142.9 -588.3 2376.9 0.9390675426 0.2180215269 0.2657418251 -0.2080089748 0.9759233594 -0.0656193644 -0.2736500800 0.0063443328 0.9618083835
67.8 -224.1 2164.1 0 0 0 0 0 0 0 0 0
89.8 -290.1 2293.1 0 0 0 0 0 0 0 0 0
-249.8 -922.3 2198.8 0 0 0 0 0 0 0 0 0
-224.0 -951.6 2374.6 0 0 0 0 0 0 0 0 0
3.5 359.9 2254.9 8 0.5487852693 0.3917086720 -0.7385113835 -0.2106467038 0.9197149873 0.3312887847 0.8089886904 -0.0262414198 0.5872381926
-73.9 178.2 2260.1 0.5487852693 0.3917086720 -0.7385113835 -0.2106467038 0.9197149873 0.3312887847 0.8089886904 -0.0262414198 0.5872381926
-145.4 -2.2 2266.9 0.5572336316 0.3680970371 -0.7443085909 -0.1900893748 0.9291185737 0.3171824515 0.8083048463 -0.0352595672 0.5877074599
-150.0 204.1 2149.7 -0.0008166250 0.4394853115 -0.8982493877 0.9769788384 0.1919784099 0.0930408314 0.2133345753 -0.8774946928 -0.4295246303
-149.8 -58.7 2092.3 -0.7604272962 0.4394853115 -0.4781244397 0.5995025039 0.1919784099 -0.7770077586 -0.2496939152 -0.8774946928 -0.4094581902
2.2 152.2 2370.4 0.0057711415 0.8664505482 -0.4992295504 -0.9895747304 0.0767922029 0.1218390837 0.1439044774 0.4933218062 0.8578607440
3.6 -81.0 2404.4 0.3286575973 0.8664505482 -0.3758292496 -0.8315400481 0.0767922029 -0.5501309633 -0.4478005171 0.4933218062 0.7457267046
-264.8 -166.8 2203.3 0.7703271508 -0.1748703271 -0.6132017970 0.1175893396 0.9841253757 -0.1329285949 0.6267127395 0.0302925110 0.7786613703
-196.9 -548.8 2191.5 0.7564011216 0.1476619095 -0.6372231245 -0.1037143692 0.9889369607 0.1060518026 0.6458333135 -0.0141285015 0.7633476853
-164.6 -199.1 2348.1 0.9639081359 -0.0603196137 0.2593118846 0.0390835479 0.9955033660 0.0862876996 -0.2633506656 -0.0730385855 0.9619312882
-141.1 -585.4 2376.4 0.9389085770 0.2190368325 0.2654685378 -0.2089323550 0.9756943583 -0.0660892725 -0.2734921575 0.0065868129 0.9618516564
62.5 -226.0 2162.0 0 0 0 0 0 0 0 0 0
87.0 -292.1 2290.7 0 0 0 0 0 0 0 0 0
-252.0 -917.8 2196.8 0 0 0 0 0 0 0 0 0
-222.8 -949.1 2374.0 0 0 0 0 0 0 0 0 0
4.8 361.1 2253.4 9 0.5618220568 0.3946409225 -0.7270587683 -0.2212424129 0.9185423851 0.3276152313 0.7971246839 -0.0232052226 0.6033686996
-73.1 179.6 2258.0 0.5618220568 0.3946409225 -0.7270587683 -0.2212424129 0.9185423851 0.3276152313 0.7971246839 -0.0232052226 0.6033686996
-144.6 -0.8 2263.7 0.5703237653 0.3682736158 -0.7342379689 -0.2006512731 0.9292460084 0.3102272153 0.7965362072 -0.0296041779 0.6038656235
-151.0 207.0 2149.2 0.0020530287 0.4426459372 -0.8966941237 0.9773647785 0.1888091415 0.0954418704 0.2115510106 -0.8765932322 -0.4322389364
-151.6 -58.1 2091.8 -0.7563528419 0.4426459372 -0.4816585183 0.6037216783 0.1888091415 -0.7745135427 -0.2518937290 -0.8765932322 -0.4100413024
4.8 152.2 2366.8 0.0072596548 0.8745155334 -0.4849432111 -0.9913101792 0.0699919313 0.1113789380 0.1313447207 0.4799205661 0.8674242496
6.5 -81.5 2397.8 0.3205260932 0.8745155334 -0.3639857769 -0.8260402679 0.0699919313 -0.5592482686 -0.4635952115 0.4799205661 0.7448192239
-266.7 -165.5 2201.3 0.7754486203 -0.1936785132 -0.6009726524 0.1370429993 0.9807307124 -0.1392353922 0.6163592339 0.0256107990 0.7870485187
-191.5 -546.1 2191.4 0.7578886151 0.1665171534 -0.6307747960 -0.1131030768 0.9857727885 0.1243368462 0.6425048709 -0.0228909086 0.7659395933
-166.9 -199.5 2346.1 0.9591737986 -0.0648927465 0.2752717137 0.0464247130 0.9962442517 0.0730901435 -0.2789808810 -0.0573267452 0.9585840106
-141.7 -586.1 2368.3 0.9349247813 0.2170740366 0.2807036638 -0.2157815248 0.9757815003 -0.0359002538 -0.2816984355 -0.0270066280 0.9591228366
59.6 -226.7 2162.2 0 0 0 0 0 0 0 0 0
87.8 -291.1 2280.1 0 0 0 0 0 0 0 0 0
-253.7 -914.0 2199.9 0 0 0 0 0 0 0 0 0
-222.7 -950.0 2378.4 0 0 0 0 0 0 0 0 0
4.8 359.8 2253.7 0 0.5616821647 0.3954722881 -0.7267150879 -0.2239203155 0.9182437658 0.3266313672 0.7964752913 -0.0207367279 0.6043154597
-73.3 178.4 2257.8 0.5616821647 0.3954722881 -0.7267150879 -0.2239203155 0.9182437658 0.3266313672 0.7964752913 -0.0207367279 0.6043154597
-145.0 -1.9 2263.4 0.5707952380 0.3692479432 -0.7333816886 -0.2019083947 0.9288729429 0.3105286956 0.7958804965 -0.0291723777 0.6047505140
-151.3 206.0 2149.1 0.0193762444 0.4240733385 -0.9054205418 0.9762380123 0.1874683797 0.1086966395 0.2158330679 -0.8860120773 -0.4103640914
-156.5 -56.5 2091.0 -0.7597547770 0.4240733385 -0.4928838611 0.6061021090 0.1874683797 -0.7729785442 -0.2353994548 -0.8860120773 -0.3994617462
4.6 150.9 2366.5 0.0063970312 0.8750063181 -0.4840691984 -0.9914173484 0.0687611476 0.1111913547 0.1305782944 0.4792033136 0.8679363728
6.2 -82.9 2397.3 0.3193204701 0.8750063181 -0.3638658226 -0.8259722590 0.0687611476 -0.5595013499 -0.4645473957 0.4792033136 0.7446877956
-267.2 -163.2 2198.1 0.7759506106 -0.1935223937 -0.6003746390 0.1366104782 0.9807438254 -0.1395676881 0.6158232093 0.0262801610 0.7874459624
-192.1 -543.9 2187.9 0.7601357698 0.1587897688 -0.6300629973 -0.1059859544 0.9869931936 0.1208779141 0.6410620809 -0.0251057986 0.7670782804
-165.0 -199.1 2340.8 0.9587669969 -0.0592515543 0.2779481113 0.0490995459 0.9978526831 0.0433508866 -0.2799198627 -0.0279162731 0.9596173763
-142.1 -586.3 2351.6 0.9392400980 0.2045512199 0.2756570578 -0.2341923714 0.9689812064 0.0789262503 -0.2509620488 -0.1386874765 0.9580103755
55.6 -225.7 2156.8 0 0 0 0 0 0 0 0 0
87.2 -292.5 2279.4 0 0 0 0 0 0 0 0 0
-251.3 -912.3 2197.3 0 0 0 0 0 0 0 0 0
-217.9 -945.5 2403.0 0 0 0 0 0 0 0 0 0
3.5 357.5 2253.3 1 0.5625985861 0.3918054104 -0.7279913425 -0.2195228934 0.9197546244 0.3253631294 0.7970523834 -0.0232380703 0.6034628749
-73.8 176.1 2257.9 0.5625985861 0.3918054104 -0.7279913425 -0.2195228934 0.9197546244 0.3253631294 0.7970523834 -0.0232380703 0.6034628749
-144.8 -4.5 2264.2 0.5717759728 0.3656080961 -0.7344405651 -0.1971073449 0.9302095175 0.3096109927 0.7963799238 -0.0322644860 0.6039354801
-152.0 203.0 2149.1 0.0235733930 0.4122437835 -0.9107685685 0.9758125544 0.1885630786 0.1106067672 0.2173342705 -0.8913467526 -0.3978275657
-158.2 -56.9 2091.2 -0.7685599327 0.4122437835 -0.4892552495 0.5973570943 0.1885630786 -0.7794924378 -0.2290854454 -0.8913467526 -0.3911787570
4.3 149.2 2366.7 0.0103491386 0.8748484850 -0.4842860997 -0.9909549952 0.0737749040 0.1120955870 0.1337948143 0.4787456393 0.8676990271
6.7 -84.5 2398.3 0.3224771917 0.8748484850 -0.3614534438 -0.8261909485 0.0737749040 -0.5585390329 -0.4619708061 0.4787456393 0.7465826273
-267.8 -164.1 2197.8 0.7746081948 -0.2007944882 -0.5997196436 0.1463244557 0.9794319868 -0.1389322728 0.6152814627 0.0198644269 0.7880572081
-189.9 -544.3 2190.1 0.7578012943 0.1661182791 -0.6309849024 -0.1222203001 0.9860702753 0.1128166392 0.6409363747 -0.0083734291 0.7675483227
-165.6 -200.3 2340.4 0.9582406282 -0.0727125704 0.2765641510 0.0557291023 0.9960733056 0.0687911361 -0.2804801464 -0.0505057946 0.9585301280
-137.4 -586.7 2360.0 0.9309091568 0.2350965291 0.2795313597 -0.2516402900 0.9675155282 0.0243075583 -0.2647362947 -0.0929694846 0.9598287940
56.3 -223.7 2155.2 0 0 0 0 0 0 0 0 0
88.6 -294.2 2281.0 0 0 0 0 0 0 0 0 0
-251.9 -912.3 2193.2 0 0 0 0 0 0 0 0 0
-224.7 -946.1 2394.5 0 0 0 0 0 0 0 0 0
-0.8 353.9 2251.2 2 0.5554404855 0.3830058575 -0.7381005287 -0.2074476182 0.9233711958 0.3230342567 0.8052647710 -0.0263091270 0.5923314095
-76.3 172.0 2256.3 0.5554404855 0.3830058575 -0.7381005287 -0.2074476182 0.9233711958 0.3230342567 0.8052647710 -0.0263091270 0.5923314095
-146.0 -9.0 2263.4 0.5641182065 0.3591085076 -0.7435131073 -0.1857455522 0.9325821996 0.3094979525 0.8045304418 -0.0364891738 0.5927894115
-153.3 197.4 2146.4 0.0253867656 0.3975082338 -0.9172473550 0.9777470827 0.1812626123 0.1056151465 0.2082455456 -0.8995171189 -0.3840608299
-160.0 -58.4 2091.9 -0.7743408680 0.3975082338 -0.4923245013 0.5922277570 0.1812626123 -0.7851179242 -0.2228508145 -0.8995171189 -0.3757744730
0.8 146.6 2366.2 0.0160738472 0.8687729836 -0.4949496090 -0.9896140099 0.0845441967 0.1162599325 0.1428486109 0.4879403412 0.8611088991
4.6 -86.7 2399.9 0.3337725997 0.8687729836 -0.3658269346 -0.8278527260 0.0845441967 -0.5545377731 -0.4508388937 0.4879403412 0.7474346161
-267.0 -167.4 2199.1 0.7711995840 -0.1969926953 -0.6053470969 0.1346972734 0.9798813462 -0.1472725123 0.6221799254 0.0320378877 0.7822184563
-190.5 -547.8 2186.7 0.7556284666 0.1573827863 -0.6358115077 -0.1092673242 0.9873898625 0.1145507172 0.6458221674 -0.0170843583 0.7632967234
-164.6 -202.7 2341.8 0.9614536762 -0.0726092383 0.2652069032 0.0535351746 0.9954784513 0.0784645453 -0.2697050273 -0.0612421259 0.9609935284
-136.4 -589.1 2365.5 0.9309929013 0.2454659939 0.2701825798 -0.2544706762 0.9670789242 -0.0017565112 -0.2617190480 -0.0671182424 0.9628074765
56.2 -223.8 2154.2 0 0 0 0 0 0 0 0 0
89.3 -296.8 2285.5 0 0 0 0 0 0 0 0 0
-249.3 -916.3 2193.0 0 0 0 0 0 0 0 0 0
-227.8 -949.0 2390.5 0 0 0 0 0 0 0 0 0
2.9 357.6 2244.6 3 0.5614702106 0.3993494213 -0.7247560024 -0.2043704391 0.9156309366 0.3461975455 0.8018627763 -0.0462609343 0.5957147479
-76.1 176.4 2253.7 0.5614702106 0.3993494213 -0.7247560024 -0.2043704391 0.9156309366 0.3461975455 0.8018627763 -0.0462609343 0.5957147479
-148.6 -3.4 2263.7 0.5695571303 0.3735159039 -0.7321820259 -0.1850985289 0.9261889458 0.3285004497 0.8008390665 -0.0515739582 0.5966547728
-153.9 201.7 2144.3 0.0181345418 0.3923462331 -0.9196388125 0.9816079736 0.1678433567 0.0909636617 0.1900445223 -0.9043744206 -0.3820864260
-158.8 -62.5 2093.2 -0.7770660520 0.3923462331 -0.4921714962 0.5865737200 0.1678433567 -0.7923129797 -0.2282532901 -0.9043744206 -0.3605653644
1.7 151.1 2363.1 0.0019288789 0.8751518726 -0.4838444591 -0.9879439473 0.0765670761 0.1345519125 0.1547999233 0.4777516723 0.8647487164
2.2 -81.8 2399.6 0.3158015907 0.8751518726 -0.3665767610 -0.8384713531 0.0765670761 -0.5395398140 -0.4441115856 0.4777516723 0.7579697967
-266.2 -173.4 2198.4 0.7797407508 -0.1900956631 -0.5965467691 0.1299666762 0.9811834097 -0.1427857876 0.6124647260 0.0338046998 0.7897747755
-192.4 -554.3 2185.3 0.7636373639 0.1591431946 -0.6257247329 -0.1009152532 0.9866548181 0.1277825981 0.6377100348 -0.0344344005 0.7695064545
-165.2 -206.7 2342.6 0.9584130049 -0.0709491447 0.2764247954 0.0483055748 0.9949583411 0.0878891796 -0.2812668383 -0.0708812773 0.9570082426
-137.6 -592.9 2370.1 0.9284552336 0.2408731133 0.2827561796 -0.2432372719 0.9695833325 -0.0272731427 -0.2807250321 -0.0434549488 0.9588040113
58.2 -226.3 2156.9 0 0 0 0 0 0 0 0 0
82.3 -294.6 2286.9 0 0 0 0 0 0 0 0 0
-251.8 -922.5 2198.2 0 0 0 0 0 0 0 0 0
-227.4 -954.2 2386.3 0 0 0 0 0 0 0 0 0
-0.2 360.1 2248.3 4 0.5586181879 0.3836007118 -0.7353885174 -0.2027106583 0.9228792191 0.3274177611 0.8042724133 -0.0338304192 0.5932970047
-76.0 177.5 2255.0 0.5586181879 0.3836007118 -0.7353885174 -0.2027106583 0.9228792191 0.3274177611 0.8042724133 -0.0338304192 0.5932970047
-147.3 -2.8 2264.0 0.5662989020 0.3672343194 -0.7378648520 -0.1837670207 0.9289723039 0.3213101029 0.8034520745 -0.0463623255 0.5935615301
-153.4 202.7 2145.2 0.0277372245 0.3870359361 -0.9216473699 0.9811567664 0.1658246219 0.0991644487 0.1912120283 -0.9070310593 -0.3751434088
-160.8 -59.6 2094.1 -0.7712545395 0.3870359361 -0.5053410530 0.5973386765 0.1658246219 -0.7846583724 -0.2198929787 -0.9070310593 -0.3590845168
1.3 152.4 2364.7 0.0080399821 0.8718559146 -0.4896964729 -0.9884262681 0.0811173245 0.1281930655 0.1514887512 0.4829981923 0.8624174595
3.2 -80.6 2400.4 0.3242470920 0.8718559146 -0.3670573235 -0.8347101212 0.0811173245 -0.5446825027 -0.4451099634 0.4829981923 0.7540490031
-272.1 -166.5 2202.0 0.7751982212 -0.2044104189 -0.5977324843 0.1339612454 0.9778740406 -0.1606757790 0.6173508763 0.0444825850 0.7854292989
-192.7 -546.1 2184.7 0.7617320418 0.1466825753 -0.6310693026 -0.0910028443 0.9886013865 0.1199405640 0.6414692402 -0.0339334719 0.7663978934
-165.4 -203.0 2343.5 0.9579925537 -0.0948056355 0.2706698477 0.0748828202 0.9937295318 0.0830309764 -0.2768444419 -0.0592745394 0.9590848088
-127.8 -597.7 2367.0 0.9333356023 0.2239721715 0.2805727720 -0.2203702778 0.9743890762 -0.0447534658 -0.2834105492 -0.0200598948 0.9587888718
54.5 -226.4 2155.5 0 0 0 0 0 0 0 0 0
85.5 -292.5 2287.5 0 0 0 0 0 0 0 0 0
-247.5 -915.1 2197.4 0 0 0 0 0 0 0 0 0
-211.3 -961.0 2374.5 0 0 0 0 0 0 0 0 0
-5.1 355.9 2244.6 5 0.5554096103 0.3738895953 -0.7427831292 -0.1800209135 0.9261010289 0.3315559626 0.8118575215 -0.0504328795 0.5816733837
-78.9 172.9 2254.6 0.5554096103 0.3738895953 -0.7427831292 -0.1800209135 0.9261010289 0.3315559626 0.8118575215 -0.0504328795 0.5816733837
-147.3 -8.3 2266.0 0.5627277493 0.3523292840 -0.7477977872 -0.1612763107 0.9340305328 0.3187113702 0.8107573390 -0.0587456562 0.5824272633
-155.8 195.0 2143.8 0.0218891520 0.3814563453 -0.9241276383 0.9811358452 0.1693919301 0.0931601375 0.1920762956 -0.9087339640 -0.3705526590
-161.4 -58.9 2094.1 -0.7700835466 0.3814563453 -0.5113339424 0.6020261645 0.1693919301 -0.7803018093 -0.2110352367 -0.9087339640 -0.3600926399
-2.1 150.9 2365.3 0.0229092855 0.8664379120 -0.4987590313 -0.9855547547 0.1033089980 0.1341980249 0.1678005457 0.4884799421 0.8562886715
3.3 -81.4 2404.9 0.3415005505 0.8664379120 -0.3642289937 -0.8363367915 0.1033089980 -0.5383939147 -0.4288567305 0.4884799421 0.7599139810
-269.3 -166.6 2201.0 0.7737497687 -0.2004933655 -0.6009273529 0.1296076477 0.9786319733 -0.1596288085 0.6200912595 0.0456279702 0.7832017541
-191.5 -546.5 2183.3 0.7565466762 0.1629809588 -0.6333042979 -0.0998174399 0.9858769774 0.1344734579 0.6462767720 -0.0385206267 0.7621302605
-165.5 -201.2 2343.9 0.9603784680 -0.0809031725 0.2666981816 0.0702181756 0.9963088632 0.0493761599 -0.2697084546 -0.0286927428 0.9625144601
-133.8 -592.2 2355.2 0.9367839098 0.2251416743 0.2678564787 -0.2429229170 0.9694228768 0.0347529538 -0.2518418729 -0.0976244882 0.9628318548
53.6 -227.0 2153.1 0 0 0 0 0 0 0 0 0
90.0 -293.6 2296.1 0 0 0 0 0 0 0 0 0
-252.3 -914.5 2197.7 0 0 0 0 0 0 0 0 0
-217.5 -952.8 2391.5 0 0 0 0 0 0 0 0 0
-6.9 357.6 2241.8 6 0.5581437945 0.3690396249 -0.7431589961 -0.1727797836 0.9277070761 0.3309180140 0.8115556836 -0.0562969856 0.5815564990
-79.9 173.9 2252.9 0.5581437945 0.3690396249 -0.7431589961 -0.1727797836 0.9277070761 0.3309180140 0.8115556836 -0.0562969856 0.5815564990
-146.6 -8.0 2265.0 0.5655691028 0.3433369696 -0.7498341799 -0.1533418447 0.9371442199 0.3134437501 0.8103196025 -0.0622931384 0.5826677680
-157.2 194.9 2142.2 0.0057052076 0.3761203885 -0.9265532494 0.9831303358 0.1672859341 0.0739607960 0.1828174889 -0.9113445282 -0.3688209653
-158.7 -65.7 2093.8 -0.7840740085 0.3761203885 -0.4937220216 0.5815551281 0.1672859341 -0.7961212397 -0.2168446779 -0.9113445282 -0.3498992920
-2.7 153.0 2363.6 0.0325893611 0.8662388921 -0.4985660911 -0.9847621918 0.1130879074 0.1321156323 0.1708254963 0.4866634607 0.8567247391
5.0 -79.2 2403.9 0.3487092555 0.8662388921 -0.3578156829 -0.8344173431 0.1130879074 -0.5394059420 -0.4267897904 0.4866634607 0.7622395754
-266.1 -175.1 2204.8 0.7775470018 -0.1870883256 -0.6003487110 0.1189662963 0.9812401533 -0.1517062932 0.6174687147 0.0465375185 0.7852175832
-193.5 -556.0 2186.7 0.7620384693 0.1564301699 -0.6283525825 -0.1129038334 0.9876151681 0.1089448035 0.6376128197 -0.0120767169 0.7702623606
-164.1 -204.9 2349.5 0.9601399899 -0.0686131269 0.2709676027 0.0669806153 0.9976372719 0.0152794998 -0.2713757455 0.0034791178 0.9624671936
-137.4 -594.1 2348.2 0.9370859265 0.2260836810 0.2660002708 -0.2550189495 0.9636758566 0.0793355331 -0.2384015620 -0.1421793103 0.9607027173
60.2 -228.1 2154.3 0 0 0 0 0 0 0 0 0
93.5 -291.0 2295.6 0 0 0 0 0 0 0 0 0
-251.8 -924.5 2191.3 0 0 0 0 0 0 0 0 0
-221.5 -952.8 2401.1 0 0 0 0 0 0 0 0 0
-6.8 361.0 2246.9 7 0.5655611753 0.3658667803 -0.7391089797 -0.1874792129 0.9297812581 0.3167937994 0.8031139970 -0.0405987091 0.5944405794
-79.0 177.3 2254.9 0.5655611753 0.3658667803 -0.7391089797 -0.1874792129 0.9297812581 0.3167937994 0.8031139970 -0.0405987091 0.5944405794
-144.8 -5.1 2263.9 0.5732666850 0.3388128579 -0.7460370064 -0.1670367867 0.9397062063 0.2984140515 0.8021621108 -0.0464552008 0.5952964425
-157.4 200.1 2145.3 0.0066459435 0.3709114790 -0.9286444783 0.9824707508 0.1705906242 0.0751670524 0.1862983555 -0.9128655791 -0.3632759452
-159.2 -67.2 2094.7 -0.7878921628 0.3709114790 -0.4915796816 0.5781365633 0.1705906242 -0.7979078293 -0.2120942920 -0.9128655791 -0.3488444984
-0.7 154.5 2364.5 0.0381885059 0.8699513674 -0.4916566610 -0.9878405929 0.1070704833 0.1127249151 0.1507071108 0.4813736081 0.8634620905
8.3 -78.4 2400.0 0.3484595418 0.8699513674 -0.3489421010 -0.8241851926 0.1070704833 -0.5561067462 -0.4464244246 0.4813736081 0.7543107271
-263.9 -176.1 2204.6 0.7805732489 -0.1769511104 -0.5994945765 0.1197514161 0.9836617112 -0.1344220489 0.6134859920 0.0331359245 0.7890101075
-195.2 -557.9 2191.7 0.7632048726 0.1669036597 -0.6242287159 -0.1349572986 0.9859322906 0.0986106992 0.6319057345 0.0089840563 0.7749931812
-162.0 -204.0 2349.5 0.9592319131 -0.0579114817 0.2766231298 0.0493034981 0.9980615377 0.0379785039 -0.2782862782 -0.0227917079 0.9602277279
-139.5 -592.3 2358.4 0.9340518117 0.2245417684 0.2777195871 -0.2387916148 0.9709015489 0.0181326494 -0.2655668259 -0.0832539350 0.9604910612
60.8 -228.6 2153.9 0 0 0 0 0 0 0 0 0
96.7 -287.5 2286.7 0 0 0 0 0 0 0 0 0
-257.5 -925.8 2188.3 0 0 0 0 0 0 0 0 0
-223.0 -953.6 2389.3 0 0 0 0 0 0 0 0 0
-12.7 359.4 2249.9 8 0.5820931792 0.3452565968 -0.7361829877 -0.1946042031 0.9382191896 0.2861361802 0.7894914746 -0.0232936181 0.6133193970
-80.7 174.8 2254.5 0.5820931792 0.3452565968 -0.7361829877 -0.1946042031 0.9382191896 0.2861361802 0.7894914746 -0.0232936181 0.6133193970
-143.8 -8.6 2260.8 0.5889725685 0.3250391185 -0.7399059534 -0.1752748340 0.9451357722 0.2756756246 0.7889170051 -0.0326784924 0.6136302352
-161.1 198.7 2146.8 -0.0040580290 0.3716350198 -0.9283700585 0.9808045030 0.1824692786 0.0687569007 0.1949514896 -0.9102705121 -0.3652417660
-160.1 -64.3 2094.5 -0.7830876112 0.3716350198 -0.4986594021 0.5882644057 0.1824692786 -0.7878134251 -0.2017890364 -0.9102705121 -0.3615090847
-0.2 150.9 2362.3 0.0541961677 0.8764514327 -0.4784304202 -0.9900937676 0.1093201637 0.0881100371 0.1295262575 0.4689157903 0.8736938238
12.5 -82.5 2392.8 0.3520031571 0.8764514327 -0.3285219669 -0.8099622130 0.1093201637 -0.5762033463 -0.4691001475 0.4689157903 0.7483735681
-262.0 -172.5 2201.1 0.7897489071 -0.1742593646 -0.5881584883 0.1147139147 0.9838421345 -0.1374604255 0.6026088595 0.0410892591 0.7969781756
-194.3 -554.4 2185.1 0.7696239948 0.1771658957 -0.6134257317 -0.1055131406 0.9828141928 0.1514701992 0.6297188401 -0.0518506281 0.7750907540
-159.0 -202.6 2344.7 0.9554083347 -0.0539271384 0.2903218269 0.0402543508 0.9977898598 0.0528675765 -0.2925311923 -0.0388234071 0.9554675817
-138.0 -590.3 2359.7 0.9280847311 0.2312536687 0.2918568850 -0.2481859475 0.9684660435 0.0218472835 -0.2776012123 -0.0927109122 0.9562124610
58.6 -228.5 2150.8 0 0 0 0 0 0 0 0 0
101.9 -288.0 2273.8 0 0 0 0 0 0 0 0 0
-260.3 -920.5 2204.4 0 0 0 0 0 0 0 0 0
-224.2 -951.3 2394.3 0 0 0 0 0 0 0 0 0
-12.0 367.7 2250.4 9 0.5748518109 0.3512612581 -0.7390270233 -0.1942941695 0.9359367490 0.2937212884 0.7948554754 -0.0252575576 0.6062729359
-81.4 182.6 2255.4 0.5748518109 0.3512612581 -0.7390270233 -0.1942941695 0.9359367490 0.2937212884 0.7948554754 -0.0252575576 0.6062729359
-145.7 -0.5 2261.9 0.5815836787 0.3308064044 -0.7431874275 -0.1757483333 0.9431023002 0.2822597623 0.7942751050 -0.0335437171 0.6066315770
-160.9 206.5 2146.9 -0.0065602940 0.3746274412 -0.9271522164 0.9806225300 0.1839514226 0.0673892349 0.1957968324 -0.9087442756 -0.3685748875
-159.1 -63.5 2093.0 -0.7711237669 0.3746274412 -0.5148032904 0.6060170531 0.1839514226 -0.7738896608 -0.1952215135 -0.9087442756 -0.3688799441
-2.0 158.6 2363.9 0.0474465303 0.8732774258 -0.4849075377 -0.9898935556 0.1060568914 0.0941418111 0.1336397082 0.4755401313 0.8694837689
9.2 -74.8 2395.4 0.3510778844 0.8732774258 -0.3378325105 -0.8137309551 0.1060568914 -0.5714839101 -0.4632345736 0.4755401313 0.7478471398
-259.7 -176.4 2196.5 0.7855244279 -0.1667981148 -0.5959276557 0.1124642342 0.9854322076 -0.1275739372 0.6085253954 0.0331918970 0.7928399444
-194.9 -558.9 2183.6 0.7623114586 0.1914874017 -0.6182344556 -0.0950005502 0.9779890180 0.1857751161 0.6402000785 -0.0828858763 0.7637236118
-154.0 -207.8 2337.7 0.9586220980 -0.0329414234 0.2827693820 0.0168856662 0.9981132746 0.0590315014 -0.2841804624 -0.0518141538 0.9573696852
-141.2 -595.4 2357.8 0.9312512279 0.2288506776 0.2835462093 -0.2478217036 0.9682625532 0.0324346833 -0.2671245039 -0.1004737467 0.9584099054
56.2 -232.6 2147.5 0 0 0 0 0 0 0 0 0
98.3 -281.3 2277.9 0 0 0 0 0 0 0 0 0
-266.3 -923.4 2214.5 0 0 0 0 0 0 0 0 0
-226.6 -956.5 2395.3 0 0 0 0 0 0 0 0 0
-12.9 368.2 2251.2 0 0.5698983669 0.3553683162 -0.7408975363 -0.1962712258 0.9344190359 0.2972182333 0.7979307175 -0.0239673238 0.6022724509
-83.3 183.3 2255.9 0.5698983669 0.3553683162 -0.7408975363 -0.1962712258 0.9344190359 0.2972182333 0.7979307175 -0.0239673238 0.6022724509
-147.8 0.3 2261.7 0.5764670372 0.3324187398 -0.7464472651 -0.1783441752 0.9426710010 0.2820721269 0.7974202633 -0.0294807684 0.6027037501
-162.0 207.6 2147.0 0.0018850905 0.3590397239 -0.9333204031 0.9787048101 0.1909154803 0.0754201785 0.2052641511 -0.9135872722 -0.3510340154
-162.5 -56.3 2091.7 -0.7753084898 0.3590397239 -0.5196029544 0.6059613824 0.1909154803 -0.7722448707 -0.1780663282 -0.9135872722 -0.3655825853
-4.5 158.9 2364.9 0.0452059321 0.8705111742 -0.4900680482 -0.9902437925 0.1037759557 0.0929936916 0.1318093240 0.4810829759 0.8667095900
6.2 -74.5 2396.0 0.3527281880 0.8705111742 -0.3432100117 -0.8132491112 0.1037759557 -0.5725874901 -0.4628268778 0.4810829759 0.7445471287
-262.0 -167.8 2197.3 0.7831407189 -0.1664975584 -0.5991403461 0.1030016914 0.9849116802 -0.1390668750 0.6132546067 0.0471964665 0.7884740233
-197.4 -550.1 2179.0 0.7637654543 0.1775527894 -0.6205943227 -0.0715632588 0.9787901044 0.1919601113 0.6415146589 -0.1022007465 0.7602723241
-157.7 -199.3 2339.5 0.9596706629 -0.0559680574 0.2754990757 0.0318457782 0.9953169823 0.0912688822 -0.2793170512 -0.0788145885 0.9569588304
-136.0 -585.5 2370.1 0.9283034205 0.2441935539 0.2803966701 -0.2437932938 0.9691258669 -0.0368768126 -0.2807447612 -0.0341259576 0.9591755867
53.9 -225.5 2141.4 0 0 0 0 0 0 0 0 0
95.7 -280.9 2278.5 0 0 0 0 0 0 0 0 0
-263.6 -915.1 2217.1 0 0 0 0 0 0 0 0 0
-226.9 -946.3 2382.8 0 0 0 0 0 0 0 0 0
-16.9 368.2 2251.6 1 0.5515771508 0.3445780277 -0.7596240044 -0.1867615134 0.9385818243 0.2901452780 0.8129469752 -0.0181689840 0.5820541978
-84.9 182.9 2255.2 0.5515771508 0.3445780277 -0.7596240044 -0.1867615134 0.9385818243 0.2901452780 0.8129469752 -0.0181689840 0.5820541978
-147.7 -0.7 2260.5 0.5583981276 0.3235092163 -0.7638935447 -0.1675222814 0.9458304644 0.2781025469 0.8124825358 -0.0273227561 0.5823449492
-161.1 205.8 2144.2 0.0055635902 0.3599606454 -0.9329509139 0.9794527292 0.1861243993 0.0776533186 0.2015970647 -0.9142133594 -0.3515289128
-162.6 -56.6 2090.2 -0.7761408091 0.3599606454 -0.5177198052 0.6035026312 0.1861243993 -0.7753336430 -0.1827293038 -0.9142133594 -0.3616959453
-8.6 160.0 2366.1 0.0518655926 0.8572793603 -0.5122324228 -0.9888882637 0.1156443730 0.0934151411 0.1393196732 0.5016955733 0.8537514806
3.6 -73.1 2399.0 0.3721834123 0.8572793603 -0.3557409048 -0.8125025034 0.1156443730 -0.5713720918 -0.4486860633 0.5016955733 0.7395825386
-264.0 -166.7 2195.9 0.7672770023 -0.1810527146 -0.6152283549 0.1116234735 0.9823813438 -0.1498901844 0.6315268874 0.0463333763 0.7739683986
-193.7 -548.0 2178.0 0.7444462180 0.1919408441 -0.6394986510 -0.0734894946 0.9755244851 0.2072467506 0.6636257172 -0.1072876230 0.7403311729
-160.6 -198.6 2338.8 0.9656676650 -0.0585870743 0.2530880272 0.0436815657 0.9969855547 0.0641223192 -0.2560818493 -0.0508655645 0.9653158784
-137.9 -585.5 2358.5 0.9380493164 0.2345116436 0.2550837696 -0.2493911833 0.9680218101 0.0271630455 -0.2405565977 -0.0890959203 0.9665373564
54.1 -225.1 2141.2 0 0 0 0 0 0 0 0 0
98.0 -279.3 2285.1 0 0 0 0 0 0 0 0 0
-265.3 -911.9 2218.0 0 0 0 0 0 0 0 0 0
-225.2 -945.8 2391.7 0 0 0 0 0 0 0 0 0
-18.5 370.6 2251.8 2 0.5548259616 0.3437620401 -0.7576251030 -0.1890393198 0.9389146566 0.2875819206 0.8102051020 -0.0163369812 0.5859187841
-86.6 184.8 2255.0 0.5548259616 0.3437620401 -0.7576251030 -0.1890393198 0.9389146566 0.2875819206 0.8102051020 -0.0163369812 0.5859187841
-148.7 0.9 2259.3 0.5612070560 0.3203323185 -0.7631735802 -0.1709177345 0.9470471740 0.2718248963 0.8098356724 -0.0221101474 0.5862399936
-163.2 208.1 2144.4 -0.0020414083 0.3571901023 -0.9340294600 0.9796202779 0.1883131266 0.0698733628 0.2008480877 -0.9148515463 -0.3502950668
-162.7 -58.7 2089.7 -0.7854744196 0.3571901023 -0.5054159164 0.5905609131 0.1883131266 -0.7847139239 -0.1851155907 -0.9148515463 -0.3588576615
-9.9 161.4 2365.6 0.0555463880 0.8582929373 -0.5101448894 -0.9895915389 0.1152573377 0.0861643851 0.1327522248 0.5000489950 0.8557615876
3.2 -71.9 2396.9 0.3736344874 0.8582929373 -0.3517534733 -0.8083126545 0.1152573377 -0.5773615241 -0.4550031722 0.5000489950 0.7368331552
-260.5 -169.3 2193.1 0.7691021562 -0.1667214632 -0.6169974804 0.1076259911 0.9853756428 -0.1321040988 0.6299988627 0.0351965763 0.7757980824
-195.8 -551.7 2179.4 0.7495167255 0.1757191569 -0.6382377744 -0.0755126774 0.9805281758 0.1812797338 0.6576644778 -0.0876771435 0.7481912374
-160.5 -199.3 2338.6 0.9649860859 -0.0615110174 0.2549868524 0.0455342941 0.9966389537 0.0680988729 -0.2583186626 -0.0541038141 0.9645435214
-136.6 -586.1 2359.6 0.9352438450 0.2425181121 0.2578836083 -0.2549258769 0.9668397903 0.0152847059 -0.2456253022 -0.0800361261 0.9660550952
56.6 -223.5 2141.4 0 0 0 0 0 0 0 0 0
98.0 -277.1 2281.5 0 0 0 0 0 0 0 0 0
-261.3 -917.5 2212.1 0 0 0 0 0 0 0 0 0
-227.0 -946.5 2389.4 0 0 0 0 0 0 0 0 0
-21.4 371.6 2258.9 3 0.5668672323 0.3318209052 -0.7540268302 -0.2059781402 0.9433103800 0.2602663636 0.7976431251 0.0077765700 0.6030795574
-86.9 185.2 2257.3 0.5668672323 0.3318209052 -0.7540268302 -0.2059781402 0.9433103800 0.2602663636 0.7976431251 0.0077765700 0.6030795574
-146.8 0.6 2256.9 0.5731479526 0.3082248569 -0.7592751980 -0.1873862594 0.9513114095 0.2447304577 0.7977391481 0.0020109825 0.6029993296
-165.2 210.8 2148.4 -0.0043081944 0.3703438342 -0.9288847446 0.9752511382 0.2068972290 0.0779661164 0.2210579515 -0.9055600166 -0.3620696068
-164.1 -57.4 2087.6 -0.7782144547 0.3703438342 -0.5071762204 0.6013912559 0.2068972290 -0.7717007995 -0.1808612645 -0.9055600166 -0.3837319613
-8.6 159.6 2366.3 0.0693831369 0.8628244996 -0.5007193685 -0.9922800064 0.1114099696 0.0544811226 0.1027927771 0.4930737317 0.8638934493
7.7 -74.2 2390.5 0.3780340552 0.8628244996 -0.3355952203 -0.7897682786 0.1114099696 -0.6032029986 -0.4830696583 0.4930737317 0.7235481739
-261.2 -167.6 2191.1 0.7723746896 -0.1701741517 -0.6119461656 0.1157068536 0.9850171208 -0.1278795600 0.6245392561 0.0279645678 0.7804926038
-195.1 -549.9 2180.2 0.7541766763 0.1677799076 -0.6348759532 -0.0751232728 0.9825056195 0.1704088598 0.6523603797 -0.0808244199 0.7535870075
-160.6 -198.2 2336.1 0.9629433751 -0.0645399541 0.2618676722 0.0392660312 0.9941489100 0.1006285474 -0.2668300271 -0.0866170898 0.9598433375
-135.6 -583.9 2369.8 0.9311951399 0.2465208918 0.2685201466 -0.2429508120 0.9688995481 -0.0469959751 -0.2717545331 -0.0214747675 0.9621269703
53.2 -225.3 2138.1 0 0 0 0 0 0 0 0 0
103.6 -274.5 2268.0 0 0 0 0 0 0 0 0 0
-257.7 -916.6 2210.4 0 0 0 0 0 0 0 0 0
-227.4 -944.7 2377.8 0 0 0 0 0 0 0 0 0
-26.8 369.7 2262.9 4 0.5686311126 0.3165903389 -0.7592293024 -0.2054940760 0.9483788013 0.2415571064 0.7965116501 0.0186602399 0.6043351889
-89.3 182.5 2259.2 0.5686311126 0.3165903389 -0.7592293024 -0.2054940760 0.9483788013 0.2415571064 0.7965116501 0.0186602399 0.6043351889
-146.8 -2.8 2257.5 0.5749364495 0.2962159216 -0.7626953721 -0.1859089732 0.9550776482 0.2307911664 0.7967972755 0.0091016572 0.6041781306
-167.8 207.9 2150.4 -0.0077804872 0.3621176183 -0.9320999384 0.9717614055 0.2225753963 0.0783582255 0.2358374149 -0.9051690698 -0.3536236882
-165.7 -55.4 2086.5 -0.7592984438 0.3621176183 -0.5406816602 0.6337036490 0.2225753963 -0.7408642769 -0.1479375809 -0.9051690698 -0.3984764218
-10.7 157.1 2368.1 0.0819020793 0.8610545397 -0.5018736124 -0.9920327663 0.1187984869 0.0419277437 0.0957239047 0.4944411218 0.8639241457
8.6 -76.7 2390.6 0.3883103132 0.8610545397 -0.3283294141 -0.7814084888 0.1187984869 -0.6126073003 -0.4884832799 0.4944411218 0.7189660072
-258.0 -167.2 2185.1 0.7703120112 -0.1622108966 -0.6166903377 0.1216631606 0.9867249727 -0.1075725481 0.6259532571 0.0078359265 0.7798212171
-195.0 -550.2 2182.0 0.7505356073 0.1734929085 -0.6376491785 -0.0961848944 0.9833259583 0.1543323547 0.6537925601 -0.0544997156 0.7547085881
-155.3 -200.7 2327.9 0.9645325541 -0.0507661365 0.2590360940 0.0224457476 0.9935513139 0.1111393496 -0.2630077899 -0.1013832688 0.9594520926
-135.6 -586.2 2367.3 0.9330953956 0.2446212769 0.2636161447 -0.2453241944 0.9689521790 -0.0307850800 -0.2629621029 -0.0359460004 0.9641363025
46.0 -232.1 2127.8 0 0 0 0 0 0 0 0 0
107.1 -275.0 2266.7 0 0 0 0 0 0 0 0 0
-259.8 -917.0 2202.4 0 0 0 0 0 0 0 0 0
-226.8 -947.5 2380.7 0 0 0 0 0 0 0 0 0
-29.1 368.7 2264.4 5 0.5640013218 0.3124625683 -0.7643753290 -0.2042278945 0.9496718645 0.2375169694 0.8001208901 0.0221468769 0.5994297862
-90.8 181.3 2260.1 0.5640013218 0.3124625683 -0.7643753290 -0.2042278945 0.9496718645 0.2375169694 0.8001208901 0.0221468769 0.5994297862
-147.5 -4.3 2257.6 0.5702472329 0.2918625772 -0.7678765059 -0.1845281869 0.9563779235 0.2264742404 0.8004795313 0.0125485519 0.5992287397
-168.7 206.5 2150.7 -0.0073483861 0.3636618853 -0.9315020442 0.9707689285 0.2260770053 0.0806031600 0.2399034947 -0.9036809206 -0.3546929657
-166.7 -59.6 2085.0 -0.7581851482 0.3636618853 -0.5412073135 0.6354518533 0.2260770053 -0.7383022308 -0.1461378485 -0.9036809206 -0.4024978280
-12.9 156.1 2369.4 0.0857222378 0.8570713997 -0.5080161095 -0.9917936325 0.1219502166 0.0383871235 0.0948531777 0.5005564690 0.8604917526
7.3 -77.7 2391.8 0.3952021003 0.8570713997 -0.3305207193 -0.7789318562 0.1219502166 -0.6151368022 -0.4869090915 0.5005564690 0.7157951593
-255.8 -171.5 2184.3 0.7674782276 -0.1524119228 -0.6226940155 0.1114210039 0.9882572889 -0.1045601889 0.6313180923 0.0108664762 0.7754478455
-196.6 -555.1 2180.1 0.7491466403 0.1680307537 -0.6407378316 -0.0791564137 0.9830689430 0.1652564406 0.6576576233 -0.0730827972 0.7497634888
-152.8 -204.8 2327.1 0.9669470191 -0.0383582339 0.2520754933 0.0115003791 0.9941743612 0.1071683541 -0.2547177970 -0.1007271558 0.9617550969
-137.9 -590.7 2366.1 0.9365661144 0.2404848933 0.2549723983 -0.2389596254 0.9703079462 -0.0374272689 -0.2564024329 -0.0258749928 0.9662237167
44.9 -236.9 2125.7 0 0 0 0 0 0 0 0 0
107.6 -275.4 2268.2 0 0 0 0 0 0 0 0 0
-259.3 -922.0 2207.4 0 0 0 0 0 0 0 0 0
-227.6 -952.6 2375.8 0 0 0 0 0 0 0 0 0
-25.8 371.8 2258.7 6 0.5924979448 0.3301610053 -0.7348060012 -0.2160109729 0.9438645244 0.2499179542 0.7760704756 0.0106502706 0.6305562258
-91.1 185.2 2256.6 0.5924979448 0.3301610053 -0.7348060012 -0.2160109729 0.9438645244 0.2499179542 0.7760704756 0.0106502706 0.6305562258
-150.9 0.6 2255.4 0.5981582403 0.3083367646 -0.7396858931 -0.1992108226 0.9512549043 0.2354340553 0.7762227654 0.0065266094 0.6304249763
-172.8 212.4 2150.6 0.0127198892 0.3409746885 -0.9399864078 0.9682290554 0.2305914313 0.0967477933 0.2497413605 -0.9113527536 -0.3272084892
-176.3 -57.1 2081.1 -0.7733588219 0.3409746885 -0.5344645977 0.6199720502 0.2305914313 -0.7499748468 -0.1324794888 -0.9113527536 -0.3897247016
-9.5 158.0 2362.6 0.0723655522 0.8780908585 -0.4729901552 -0.9936707616 0.1043253914 0.0416491628 0.0859166309 0.4669825137 0.8800827861
7.6 -76.3 2382.8 0.3622730672 0.8780908585 -0.3125934601 -0.7825177908 0.1043253914 -0.6138258576 -0.5063834190 0.4669825137 0.7249159813
-255.2 -173.4 2183.5 0.7924159169 -0.1385738850 -0.5940322280 0.1027844697 0.9902621508 -0.0938946083 0.6012589931 0.0133462967 0.7989427447
-201.4 -557.8 2178.3 0.7817644477 0.1296064705 -0.6099561453 -0.0527216978 0.9883972406 0.1424475014 0.6213411093 -0.0792024732 0.7795269489
-153.0 -206.5 2326.9 0.9557021260 -0.0404789858 0.2915387452 0.0121044721 0.9950653315 0.0984807834 -0.2940865159 -0.0905893743 0.9514760375
-137.3 -592.7 2362.1 0.9242122769 0.2433294356 0.2943168879 -0.2461384535 0.9688282609 -0.0280658491 -0.2919717729 -0.0465039052 0.9552956820
36.3 -227.5 2117.5 0 0 0 0 0 0 0 0 0
99.5 -274.8 2254.4 0 0 0 0 0 0 0 0 0
-249.7 -926.4 2207.8 0 0 0 0 0 0 0 0 0
-228.1 -954.2 2379.4 0 0 0 0 0 0 0 0 0
-24.4 372.1 2262.3 7 0.5856812000 0.3244359195 -0.7427778244 -0.2167061269 0.9457145929 0.2422030717 0.7810352445 0.0191107225 0.6241945028
-88.5 185.3 2258.6 0.5856812000 0.3244359195 -0.7427778244 -0.2167061269 0.9457145929 0.2422030717 0.7810352445 0.0191107225 0.6241945028
-147.8 0.6 2255.9 0.5907883644 0.3058154881 -0.7466230392 -0.2013282031 0.9519869089 0.2306250483 0.7813040614 0.0140656773 0.6239920855
-169.1 212.9 2151.9 0.0458445437 0.3248682022 -0.9446474910 0.9647482634 0.2309229672 0.1262354255 0.2591506839 -0.9171342254 -0.3028294742
-181.7 -50.7 2081.1 -0.7685372233 0.3248682022 -0.5511907339 0.6296209693 0.2309229672 -0.7417896986 -0.1137013063 -0.9171342254 -0.3820167482
-7.8 157.8 2365.3 0.0741629899 0.8730486631 -0.4819604754 -0.9938772321 0.1043991596 0.0361785702 0.0819019228 0.4763264358 0.8754457235
9.7 -76.5 2384.6 0.3694675565 0.8730486631 -0.3182448447 -0.7791194916 0.1043991596 -0.6181210279 -0.5064252615 0.4763264358 0.7187813520
-264.3 -166.2 2184.7 0.7829337120 -0.1656546891 -0.5996443629 0.1219060570 0.9860610962 -0.1132359430 0.6100440621 0.0155559573 0.7922148108
-200.0 -548.8 2178.7 0.7719578743 0.1310796589 -0.6220121980 -0.0579820164 0.9889491200 0.1364465803 0.6330237985 -0.0692654923 0.7710273266
-157.2 -201.9 2323.7 0.9584619403 -0.0536866747 0.2801222205 0.0185908098 0.9917959571 0.1264720857 -0.2846139669 -0.1160109788 0.9515967369
-136.4 -586.8 2368.7 0.9279437661 0.2399457842 0.2852128446 -0.2295794487 0.9707860351 -0.0697695762 -0.2936215699 -0.0007367652 0.9559214711
28.0 -222.4 2112.1 0 0 0 0 0 0 0 0 0
103.4 -274.2 2256.1 0 0 0 0 0 0 0 0 0
-248.9 -917.8 2204.5 0 0 0 0 0 0 0 0 0
-225.8 -948.7 2369.0 0 0 0 0 0 0 0 0 0
-25.4 370.4 2263.7 8 0.5536253452 0.3297554851 -0.7646961808 -0.2108731717 0.9438449740 0.2543406487 0.8056249022 0.0204444826 0.5920730829
-90.2 185.1 2259.6 0.5536253452 0.3297554851 -0.7646961808 -0.2108731717 0.9438449740 0.2543406487 0.8056249022 0.0204444826 0.5920730829
-151.0 0.8 2256.8 0.5584803820 0.3132342696 -0.7681041360 -0.1965766400 0.9495643973 0.2443053126 0.8058891296 0.0145516153 0.5918875933
-166.4 211.9 2149.6 0.0623880811 0.3028628826 -0.9509899020 0.9659155011 0.2215254009 0.1339167058 0.2512268126 -0.9269307256 -0.2787193954
-183.3 -49.5 2081.7 -0.7745535374 0.3028628826 -0.5552845001 0.6239047050 0.2215254009 -0.7494460344 -0.1039697528 -0.9269307256 -0.3605408669
-14.0 158.2 2369.6 0.0621679798 0.8549401164 -0.5149879456 -0.9934156537 0.1027549282 0.0506626666 0.0962310955 0.5084475279 0.8556989431
0.7 -76.0 2392.3 0.3816794455 0.8549401164 -0.3512808681 -0.7883906960 0.1027549282 -0.6065323949 -0.4824530184 0.5084475279 0.7132462859
-260.1 -166.2 2183.2 0.7614628077 -0.1604164541 -0.6280453205 0.1130184904 0.9869093895 -0.1150508001 0.6382798553 0.0166261662 0.7696248293
-197.8 -549.2 2176.7 0.7456695437 0.1555406004 -0.6479074359 -0.0639964640 0.9845954776 0.1627151519 0.6632355452 -0.0798679441 0.7441368699
-154.2 -202.3 2323.1 0.9689269066 -0.0339364596 0.2450080812 0.0050956872 0.9930716157 0.1174001545 -0.2472947240 -0.1125036851 0.9623867273
-141.1 -587.6 2366.8 0.9438015819 0.2192654461 0.2473079264 -0.2167304903 0.9755002260 -0.0377784595 -0.2495324463 -0.0179437958 0.9682001472
27.2 -219.1 2109.9 0 0 0 0 0 0 0 0 0
97.5 -276.0 2269.9 0 0 0 0 0 0 0 0 0
-255.8 -916.6 2206.5 0 0 0 0 0 0 0 0 0
-222.8 -951.4 2373.5 0 0 0 0 0 0 0 0 0
-27.8 370.2 2265.8 9 0.5735743642 0.3320396543 -0.7488405108 -0.2285711765 0.9427285194 0.2429365069 0.7866178751 0.0318211950 0.6166196465
-93.0 185.1 2259.6 0.5735743642 0.3320396543 -0.7488405108 -0.2285711765 0.9427285194 0.2429365069 0.7866178751 0.0318211950 0.6166196465
-154.0 0.9 2254.6 0.5789306164 0.3141868412 -0.7524133921 -0.2128913850 0.9490160942 0.2324772775 0.7870937586 0.0255941208 0.6163021922
-172.0 214.2 2152.1 0.0408872999 0.2964046597 -0.9541868567 0.9658822417 0.2327011377 0.1136737689 0.2557337880 -0.9262799025 -0.2767774761
-183.2 -51.1 2081.9 -0.7905583978 0.2964046597 -0.5358746648 0.6039589047 0.2327011377 -0.7622885108 -0.1012472287 -0.9262799025 -0.3629800677
-14.0 156.1 2367.0 0.0638059378 0.8678001761 -0.4927997887 -0.9951694012 0.0922468007 0.0335919000 0.0746102631 0.4882758856 0.8694940805
1.1 -78.5 2384.6 0.3685771227 0.8678001761 -0.3332772553 -0.7785286903 0.0922468007 -0.6207926869 -0.5079802871 0.4882758856 0.7096074224
