-158.3 379.6 2698.4 6 0.6073378325 0.5734847188 -0.5497782230 -0.2954030633 0.8054295182 0.5138291121 0.7374807000 -0.1496616751 0.6585769057
-275.5 215.0 2729.0 0.6073378325 0.5734847188 -0.5497782230 -0.2954030633 0.8054295182 0.5138291121 0.7374807000 -0.1496616751 0.6585769057
-383.7 50.7 2756.3 0.6156598926 0.5448330641 -0.5693152547 -0.2832537591 0.8271905780 0.4853071868 0.7353435755 -0.1375235021 0.6635940671
-365.4 256.4 2621.7 -0.2073432058 -0.0734422430 -0.9755075574 0.9775717854 -0.0531763621 -0.2037785053 -0.0369079970 -0.9958807826 0.0828208178
-300.8 -48.1 2633.1 -0.8277278543 -0.0734422430 -0.5563027859 0.5602657795 -0.0531763621 -0.8266041875 0.0311255045 -0.9958807826 0.0851627365
-185.6 173.7 2836.3 -0.5682583451 0.5622056127 -0.6008388400 -0.7646150589 -0.0909680054 0.6380349398 0.3040497303 0.8219791055 0.4815642238
-288.2 35.7 2891.2 0.6155003905 0.5622056127 -0.5523442030 -0.6178120375 -0.0909680054 -0.7810461521 -0.4893541932 0.8219791055 0.2913465798
-545.5 -89.2 2714.1 -0.9972752929 -0.0667270049 -0.0314562432 -0.0690346137 0.9944731593 0.0791035071 0.0260040499 0.0810595378 -0.9963699579
-519.0 -484.3 2681.9 -0.9910122752 -0.1243917793 -0.0492074005 -0.1337693483 0.9233514071 0.3598998785 0.0006671378 0.3632476330 -0.9316924214
-433.7 -140.1 2850.0 -0.8555577993 0.0472151674 0.5155497789 0.0692018047 0.9973257780 0.0235035308 -0.5130613446 0.0557856001 -0.8565372229
-452.4 -536.1 2827.8 -0.8339875937 -0.2064070255 0.5117234588 -0.0764651373 0.9616838694 0.2632815540 -0.5464593768 0.1804445237 -0.8178153634
-83.4 -195.2 2625.0 0 0 0 0 0 0 0 0 0
-126.3 -126.8 2762.5 0 0 0 0 0 0 0 0 0
-471.2 -838.6 2542.5 0 0 0 0 0 0 0 0 0
-394.3 -806.8 2777.0 0 0 0 0 0 0 0 0 0
-155.4 378.2 2696.6 7 0.6262049079 0.5763301849 -0.5250818133 -0.3238539696 0.8049042821 0.4972400665 0.7092150450 -0.1413243413 0.6906818748
-272.8 214.3 2725.4 0.6262049079 0.5763301849 -0.5250818133 -0.3238539696 0.8049042821 0.4972400665 0.7092150450 -0.1413243413 0.6906818748
-382.0 50.4 2751.4 0.6351715922 0.5496351123 -0.5426401496 -0.3108736277 0.8250705600 0.4718221724 0.7070464492 -0.1309955269 0.6949284077
-365.5 259.7 2622.2 -0.1832214892 -0.0920494348 -0.9787526727 0.9820848703 -0.0617360882 -0.1780391335 -0.0440359563 -0.9938387871 0.1017117426
-307.0 -53.5 2636.3 -0.8410794139 -0.0920494348 -0.5330218673 0.5390852094 -0.0617360882 -0.8399856091 0.0444135182 -0.9938387871 0.1015474424
-180.1 168.9 2828.5 -0.5672523379 0.5865770578 -0.5780588984 -0.7670080066 -0.1207094863 0.6301808953 0.2998724580 0.8008474112 0.5183820128
-282.5 30.5 2882.6 0.5928364992 0.5865770578 -0.5517900586 -0.6097071171 -0.1207094863 -0.7833814025 -0.5261198282 0.8008474112 0.2860792279
-548.4 -87.7 2716.3 -0.9945883155 -0.0839703530 -0.0611804873 -0.0897647440 0.9910210967 0.0990932882 0.0523102544 0.1040488780 -0.9931955934
-515.0 -481.3 2675.0 -0.9900631309 -0.1158821210 -0.0796635076 -0.1361075044 0.9320825338 0.3357036412 0.0353509113 0.3432106078 -0.9385929704
-435.5 -139.6 2851.1 -0.8720133901 0.0253799092 0.4888236225 0.0554136224 0.9973533750 0.0470694974 -0.4863352776 0.0681327209 -0.8711118698
-445.6 -535.7 2824.0 -0.8555091619 -0.1824011505 0.4845966101 -0.0718484968 0.9686627388 0.2377609611 -0.5127785206 0.1685891449 -0.8418051004
-82.4 -197.5 2624.4 0 0 0 0 0 0 0 0 0
-126.6 -129.7 2744.3 0 0 0 0 0 0 0 0 0
-470.6 -838.5 2543.4 0 0 0 0 0 0 0 0 0
-393.4 -813.1 2775.7 0 0 0 0 0 0 0 0 0
-159.9 372.6 2696.2 8 0.6387090087 0.5685749054 -0.5184336305 -0.3311994374 0.8113133907 0.4817442000 0.6945198178 -0.1359894276 0.7065048814
-275.7 207.3 2723.9 0.6387090087 0.5685749054 -0.5184336305 -0.3311994374 0.8113133907 0.4817442000 0.6945198178 -0.1359894276 0.7065048814
-383.7 42.4 2749.1 0.6475294828 0.5433304906 -0.5343197584 -0.3181801438 0.8298954368 0.4582957327 0.6924355626 -0.1267500520 0.7102587223
-370.3 253.7 2622.8 -0.1648196578 -0.0186532121 -0.9861473441 0.9862022996 -0.0188050326 -0.1644731462 -0.0154765807 -0.9996491671 0.0214952789
-316.9 -65.5 2627.8 -0.8645789027 -0.0186532121 -0.5021507144 0.5024526119 -0.0188050326 -0.8644002080 0.0066808793 -0.9996491671 0.0256307907
-181.2 160.9 2825.0 -0.5586813688 0.5993705988 -0.5732626319 -0.7745071650 -0.1297891587 0.6191069484 0.2966712415 0.7898795009 0.5367276073
-282.0 21.1 2878.5 0.5877785087 0.5993705988 -0.5433887243 -0.5984929204 -0.1297891587 -0.7905447483 -0.5443552136 0.7898795009 0.2824318111
-549.4 -85.1 2712.7 -0.9936074018 -0.0848805457 -0.0744289756 -0.0911413580 0.9921865463 0.0852005556 0.0666155592 0.0914394557 -0.9935799837
-515.7 -479.2 2676.4 -0.9889558554 -0.1149044186 -0.0936122984 -0.1399895400 0.9316233993 0.3353815079 0.0486745946 0.3447822630 -0.9374198318
-433.1 -142.0 2842.2 -0.8797695637 0.0403329693 0.4736863375 0.0541316047 0.9984130859 0.0155258365 -0.4723084271 0.0393005610 -0.8805567622
-449.1 -538.5 2826.6 -0.8617077470 -0.1916668266 0.4698123038 -0.0778346881 0.9648844600 0.2508780360 -0.5013995767 0.1796158701 -0.8463667035
-83.8 -201.0 2626.0 0 0 0 0 0 0 0 0 0
-127.4 -136.3 2735.3 0 0 0 0 0 0 0 0 0
-471.6 -836.4 2544.2 0 0 0 0 0 0 0 0 0
-394.2 -814.5 2775.3 0 0 0 0 0 0 0 0 0
-161.4 366.8 2697.5 9 0.5938622952 0.5742475390 -0.5635311007 -0.2828357220 0.8047136664 0.5219576955 0.7532141209 -0.1505842507 0.6403068304
-278.2 203.1 2728.1 0.5938622952 0.5742475390 -0.5635311007 -0.2828357220 0.8047136664 0.5219576955 0.7532141209 -0.1505842507 0.6403068304
-386.7 39.0 2755.9 0.6022936106 0.5456581712 -0.5826658607 -0.2705568969 0.8262402415 0.4940911531 0.7510268688 -0.1399436891 0.6452708244
-365.9 242.4 2618.9 -0.1413161606 -0.0628654063 -0.9879664183 0.9896467924 -0.0342528075 -0.1393769681 -0.0250786357 -0.9974340796 0.0670550242
-320.9 -72.4 2626.9 -0.8826809525 -0.0628654063 -0.4657491446 0.4683055282 -0.0342528075 -0.8829024434 0.0395507999 -0.9974340796 0.0596745163
-190.5 163.8 2837.3 -0.5729084015 0.5462118387 -0.6110880375 -0.7610875368 -0.0778379515 0.6439619660 0.3041737974 0.8340227008 0.4603090584
-293.9 26.5 2892.2 0.6259040236 0.5462118387 -0.5566837192 -0.6237787008 -0.0778379515 -0.7777155042 -0.4681285620 0.8340227008 0.2919962108
-551.0 -93.3 2710.8 -0.9952954054 -0.0955816880 -0.0158508625 -0.0966555923 0.9908419251 0.0942868143 0.0066936063 0.0953753069 -0.9954189062
-513.0 -487.0 2672.9 -0.9929414988 -0.1118954420 -0.0393264368 -0.1185974628 0.9329590797 0.3398852646 -0.0013416547 0.3421501815 -0.9396443367
-432.3 -151.6 2837.7 -0.8462235332 0.0439190976 0.5310148597 0.0382389091 0.9990332127 -0.0216904916 -0.5314541459 0.0019504250 -0.8470848203
-449.8 -548.2 2836.9 -0.8327549100 -0.1965003610 0.5175971985 -0.0413608439 0.9543635845 0.2957692742 -0.5520946383 0.2248950601 -0.8028783798
-81.2 -199.6 2616.1 0 0 0 0 0 0 0 0 0
-129.9 -137.0 2769.5 0 0 0 0 0 0 0 0 0
-471.1 -836.8 2544.6 0 0 0 0 0 0 0 0 0
-395.4 -812.5 2774.7 0 0 0 0 0 0 0 0 0
-159.5 365.0 2697.1 0 0.5803834796 0.5756728053 -0.5759825110 -0.2672419548 0.8027681708 0.5330525637 0.7692442536 -0.1554481983 0.6197572947
-276.5 202.0 2728.7 0.5803834796 0.5756728053 -0.5759825110 -0.2672419548 0.8027681708 0.5330525637 0.7692442536 -0.1554481983 0.6197572947
-385.3 38.3 2757.9 0.5890686512 0.5475414395 -0.5943033695 -0.2546649575 0.8237603903 0.5065220594 0.7669053674 -0.1470280439 0.6246910095
-362.3 239.0 2616.9 -0.0810221210 -0.0179090835 -0.9965513945 0.9965389967 -0.0200987849 -0.0806599185 -0.0185849275 -0.9996376038 0.0194755457
-337.6 -64.6 2622.6 -0.8533085585 -0.0179090835 -0.5210986137 0.5213841200 -0.0200987849 -0.8530853391 0.0048045279 -0.9996376038 0.0264879763
-190.6 164.9 2840.4 -0.5775987506 0.5315766931 -0.6195207238 -0.7552732825 -0.0600320920 0.6526548862 0.3097450137 0.8448801041 0.4361601174
-294.8 28.6 2896.3 0.6345203519 0.5315766931 -0.5610794425 -0.6325337291 -0.0600320920 -0.7722028494 -0.4441678226 0.8448801041 0.2981485724
-550.3 -100.4 2715.1 -0.9956223965 -0.0934586376 -0.0012242908 -0.0930741504 0.9901571274 0.1045277491 -0.0085567813 0.1041841209 -0.9945212007
-513.1 -493.9 2673.7 -0.9935044050 -0.1111146659 -0.0245455727 -0.1126760766 0.9304361939 0.3487012982 -0.0159077402 0.3492019773 -0.9369124174
-440.2 -149.8 2852.2 -0.8367853761 0.0453634597 0.5456485748 0.0247986298 0.9986792803 -0.0449967533 -0.5469691157 -0.0241212882 -0.8368051648
-458.2 -546.3 2861.8 -0.8283230662 -0.2203199416 0.5151116848 -0.0138553474 0.9272051454 0.3742976189 -0.5600793958 0.3029022813 -0.7710779905
-105.4 -206.6 2621.3 0 0 0 0 0 0 0 0 0
-128.2 -137.4 2779.7 0 0 0 0 0 0 0 0 0
-472.5 -834.5 2545.8 0 0 0 0 0 0 0 0 0
-395.7 -809.6 2775.8 0 0 0 0 0 0 0 0 0
-157.8 361.9 2697.9 1 0.5859111547 0.5813694596 -0.5645508170 -0.2743266821 0.7978147864 0.5368765593 0.7625306249 -0.1596906334 0.6269337535
-276.3 199.4 2730.5 0.5859111547 0.5813694596 -0.5645508170 -0.2743266821 0.7978147864 0.5368765593 0.7625306249 -0.1596906334 0.6269337535
-386.2 36.7 2760.7 0.5954501033 0.5530399680 -0.5827400684 -0.2607303262 0.8191149235 0.5109505653 0.7599071264 -0.1523075551 0.6319363713
-363.1 237.5 2619.6 -0.0572024472 0.0289382655 -0.9979431033 0.9983587265 0.0044365004 -0.0570976213 0.0027750689 -0.9995713830 -0.0291445497
-346.3 -57.1 2618.8 -0.8337109089 0.0289382655 -0.5514423847 0.5517750978 0.0044365004 -0.8339811563 -0.0216874927 -0.9995713830 -0.0196661726
-189.4 161.4 2841.3 -0.5804653764 0.5407711267 -0.6087910533 -0.7505879402 -0.0654580817 0.6575202942 0.3157176971 0.8386189938 0.4438924491
-294.1 26.0 2898.3 0.6238557696 0.5407711267 -0.5642433167 -0.6375400424 -0.0654580817 -0.7676314116 -0.4520471692 0.8386189938 0.3039268553
-548.1 -102.0 2716.9 -0.9964144230 -0.0836300254 -0.0128167858 -0.0845669210 0.9890847802 0.1206638515 0.0025857668 0.1213150769 -0.9926106930
-514.9 -495.0 2668.7 -0.9927764535 -0.1159102470 -0.0309798475 -0.1195586026 0.9341561198 0.3362410665 -0.0100337695 0.3375161290 -0.9412662983
-440.3 -148.6 2857.2 -0.8427027464 0.0145967277 0.5381811857 0.0317665823 0.9992388487 0.0226395261 -0.5374411345 0.0361745693 -0.8425250649
-446.1 -544.6 2842.9 -0.8334525824 -0.1789137721 0.5228256583 -0.0258699413 0.9577307701 0.2865005732 -0.5519850850 0.2252591550 -0.8028516173
-118.7 -207.7 2624.7 0 0 0 0 0 0 0 0 0
-130.1 -141.6 2779.5 0 0 0 0 0 0 0 0 0
-472.5 -836.8 2545.2 0 0 0 0 0 0 0 0 0
-397.7 -803.3 2782.0 0 0 0 0 0 0 0 0 0
-153.2 362.8 2698.4 2 0.6141184568 0.5836820006 -0.5312003493 -0.3008707166 0.7953938246 0.5261420608 0.7296131253 -0.1632909179 0.6640788913
-271.7 201.3 2731.5 0.6141184568 0.5836820006 -0.5312003493 -0.3008707166 0.7953938246 0.5261420608 0.7296131253 -0.1632909179 0.6640788913
-382.2 38.9 2762.1 0.6236204505 0.5557411909 -0.5497720242 -0.2874243259 0.8170228601 0.4998609424 0.7269695997 -0.1537056416 0.6692456603
-362.7 243.2 2625.5 -0.0586481318 0.0453053601 -0.9972501397 0.9981015325 0.0214816686 -0.0577222854 0.0188074671 -0.9987421632 -0.0464792103
-345.4 -51.0 2620.0 -0.8105829954 0.0453053601 -0.5838687420 0.5851241946 0.0214816686 -0.8106591105 -0.0241847280 -0.9987421632 -0.0439219363
-180.8 159.3 2837.5 -0.5753760338 0.5746439099 -0.5820023417 -0.7527460456 -0.0937615633 0.6515996456 0.3198683560 0.8130148649 0.4865091145
-284.6 23.5 2895.2 0.5967957973 0.5746439099 -0.5600171089 -0.6317662597 -0.0937615633 -0.7694674730 -0.4946779013 0.8130148649 0.3070841134
-550.6 -102.2 2721.4 -0.9948982000 -0.0873738080 -0.0504319668 -0.0927192047 0.9889382124 0.1157772020 0.0397582017 0.1198625416 -0.9919940829
-515.9 -495.2 2673.7 -0.9903579354 -0.1199856028 -0.0692431256 -0.1365261376 0.9301016927 0.3409860730 0.0234897248 0.3471517563 -0.9375147223
-441.5 -149.9 2860.6 -0.8643929362 0.0037797347 0.5028027296 0.0313456841 0.9984318614 0.0463823639 -0.5018389225 0.0558532849 -0.8631559014
-443.0 -546.1 2838.4 -0.8539063931 -0.1734152287 0.4906842709 -0.0398998931 0.9618896842 0.2705111206 -0.5188948512 0.2114129066 -0.8282830119
-123.8 -210.9 2626.6 0 0 0 0 0 0 0 0 0
-127.8 -142.5 2765.3 0 0 0 0 0 0 0 0 0
-471.8 -836.8 2546.2 0 0 0 0 0 0 0 0 0
-395.3 -811.0 2780.2 0 0 0 0 0 0 0 0 0
-151.2 364.0 2697.1 3 0.6023603082 0.5882102251 -0.5396024585 -0.2948751748 0.7921612263 0.5343493223 0.7417618632 -0.1627554744 0.6506150961
-270.9 202.8 2730.2 0.6023603082 0.5882102251 -0.5396024585 -0.2948751748 0.7921612263 0.5343493223 0.7417618632 -0.1627554744 0.6506150961
-381.5 40.7 2761.7 0.6154042482 0.5564765334 -0.5582216978 -0.2765540481 0.8156306148 0.5081973076 0.7381026149 -0.1583683342 0.6558384299
-360.8 243.1 2622.5 -0.0409795232 -0.0039870744 -0.9991520047 0.9991476536 0.0048031085 -0.0409985110 0.0049624997 -0.9999805093 0.0037868470
-349.2 -39.4 2621.1 -0.7912326455 -0.0039870744 -0.6115022302 0.6114848852 0.0048031085 -0.7912415266 0.0060918503 -0.9999805093 -0.0013623404
-181.1 162.4 2837.9 -0.5781785846 0.5651805401 -0.5884559751 -0.7490478158 -0.0817455649 0.6574534774 0.3234762251 0.8209071755 0.4706107676
-285.5 27.2 2896.3 0.6034216285 0.5651805401 -0.5625417829 -0.6375763416 -0.0817455649 -0.7660379410 -0.4789350331 0.8209071755 0.3110187054
-549.7 -97.1 2726.1 -0.9959266782 -0.0803515688 -0.0409100167 -0.0848926380 0.9885013103 0.1251335591 0.0303849261 0.1280968040 -0.9912961125
-517.8 -489.9 2675.2 -0.9902377725 -0.1267410964 -0.0580158122 -0.1390239447 0.9281148911 0.3453622162 0.0100737540 0.3500562906 -0.9366744757
-435.5 -149.7 2859.2 -0.8581894040 0.0250795148 0.5127201080 0.0447994135 0.9986540675 0.0261363331 -0.5113745332 0.0453994833 -0.8581578732
-445.5 -546.2 2841.1 -0.8470736146 -0.1758174896 0.5015520453 -0.0298607014 0.9579507113 0.2853747308 -0.5306360126 0.2267567068 -0.8167048097
-132.8 -206.7 2619.4 0 0 0 0 0 0 0 0 0
-126.8 -140.4 2770.3 0 0 0 0 0 0 0 0 0
-470.3 -837.2 2544.2 0 0 0 0 0 0 0 0 0
-396.8 -811.6 2778.3 0 0 0 0 0 0 0 0 0
-153.0 365.7 2695.9 4 0.5711631179 0.5850428343 -0.5757582784 -0.2480684966 0.7916584611 0.5583358407 0.7824542522 -0.1760733724 0.5972967744
-272.3 204.3 2731.8 0.5711631179 0.5850428343 -0.5757582784 -0.2480684966 0.7916584611 0.5583358407 0.7824542522 -0.1760733724 0.5972967744
-382.8 42.6 2765.2 0.5802492499 0.5559737086 -0.5951504707 -0.2352821678 0.8140220642 0.5310465097 0.7797134519 -0.1681110412 0.6031463742
-356.8 238.6 2618.2 -0.0458327979 -0.0010237466 -0.9989485741 0.9989439249 0.0031864974 -0.0458358452 0.0032300714 -0.9999943972 0.0008766193
-344.4 -33.1 2617.4 -0.7815324068 -0.0010237466 -0.6238638163 0.6238584518 0.0031864974 -0.7815308571 0.0027880301 -0.9999943972 -0.0018516780
-187.7 170.1 2845.4 -0.5867576599 0.5238608122 -0.6174830198 -0.7401936054 -0.0377534069 0.6713330746 0.3283729851 0.8509668112 0.4099105299
-293.6 36.5 2904.6 0.6327100396 0.5238608122 -0.5703051090 -0.6516219974 -0.0377534069 -0.7576037645 -0.4184098542 0.8509668112 0.3174722493
-548.5 -96.1 2725.5 -0.9966471195 -0.0817531645 0.0033055311 -0.0806705356 0.9885917902 0.1271947175 -0.0136663914 0.1265015900 -0.9918722510
-516.0 -488.9 2675.2 -0.9923523664 -0.1224676967 -0.0154421143 -0.1201136708 0.9292106032 0.3494858444 -0.0284517501 0.3486679196 -0.9368143678
-435.7 -146.7 2860.8 -0.8308985829 0.0279432032 0.5557218194 0.0589776486 0.9975349307 0.0380228460 -0.5532894135 0.0643682927 -0.8304983974
-446.8 -542.9 2835.2 -0.8172609210 -0.1803371310 0.5473235846 -0.0346267298 0.9634245038 0.2657333612 -0.5752265453 0.1982214749 -0.7936136723
-130.4 -203.9 2616.6 0 0 0 0 0 0 0 0 0
-127.5 -134.5 2794.8 0 0 0 0 0 0 0 0 0
-470.1 -837.0 2544.6 0 0 0 0 0 0 0 0 0
-397.0 -809.3 2780.4 0 0 0 0 0 0 0 0 0
-158.6 365.4 2695.8 5 0.5377236009 0.5747981071 -0.6168147326 -0.1982862204 0.7972809076 0.5701102614 0.8194729686 -0.1842558533 0.5426912904
-275.6 203.1 2733.4 0.5377236009 0.5747981071 -0.6168147326 -0.1982862204 0.7972809076 0.5701102614 0.8194729686 -0.1842558533 0.5426912904
-384.4 40.6 2768.8 0.5455556512 0.5471006632 -0.6348621249 -0.1870105714 0.8178948164 0.5441278219 0.8169431090 -0.1781260818 0.5485207438
-355.0 230.3 2614.5 -0.0849426687 0.0213778559 -0.9961564541 0.9963526130 0.0099893976 -0.0847450122 0.0081393365 -0.9997215867 -0.0221484080
-332.2 -36.8 2612.3 -0.7821581364 0.0213778559 -0.6227130890 0.6229914427 0.0099893976 -0.7821648717 -0.0105004786 -0.9997215867 -0.0211315099
-196.2 175.9 2852.2 -0.5873227119 0.4817523658 -0.6503589153 -0.7375310063 0.0123584010 0.6752001643 0.3333166540 0.8762202263 0.3480489552
-302.2 42.8 2912.4 0.6658048034 0.4817523658 -0.5697531700 -0.6552723646 0.0123584010 -0.7552915812 -0.3568222821 0.8762202263 0.3239072859
-546.4 -97.6 2727.3 -0.9946199656 -0.0936342254 0.0443144143 -0.0867952183 0.9867725968 0.1369176954 -0.0565484315 0.1323347986 -0.9895907044
-509.2 -489.7 2674.7 -0.9945546985 -0.1017780900 0.0224096496 -0.0873946026 0.9316551089 0.3526768386 -0.0567728393 0.3487979174 -0.9354768395
-440.3 -140.6 2869.9 -0.8029440045 0.0218440108 0.5956540704 0.0578119531 0.9974707365 0.0413511842 -0.5932441950 0.0676386058 -0.8021759987
-449.0 -536.9 2843.0 -0.7936257720 -0.1800170094 0.5811643600 0.0009027993 0.9548746943 0.2970075011 -0.6084055305 0.2362374812 -0.7576506734
-117.9 -207.5 2615.2 0 0 0 0 0 0 0 0 0
-127.6 -129.0 2818.8 0 0 0 0 0 0 0 0 0
-471.3 -836.6 2544.9 0 0 0 0 0 0 0 0 0
-397.4 -810.4 2775.4 0 0 0 0 0 0 0 0 0
-163.8 366.6 2698.3 6 0.5512152910 0.5543009639 -0.6236281991 -0.2014737874 0.8137375116 0.5451967716 0.8096727729 -0.1748760939 0.5602216721
-276.6 201.0 2733.9 0.5512152910 0.5543009639 -0.6236281991 -0.2014737874 0.8137375116 0.5451967716 0.8096727729 -0.1748760939 0.5602216721
-381.9 36.1 2768.2 0.5595546961 0.5296521783 -0.6374692917 -0.1888246536 0.8303955793 0.5242026448 0.8069967628 -0.1729501337 0.5646631122
-358.2 228.5 2616.2 -0.0980664417 0.0804886296 -0.9919196367 0.9947403073 0.0375492238 -0.0952984020 0.0295753758 -0.9960480332 -0.0837476030
-332.1 -36.4 2608.4 -0.8042017817 0.0804886296 -0.5888811946 0.5928250551 0.0375492238 -0.8044554591 -0.0426374860 -0.9960480332 -0.0779128298
-195.0 173.6 2851.5 -0.5692078471 0.4930275381 -0.6579713821 -0.7531339526 0.0083826231 0.6578137875 0.3298358321 0.8699733019 0.3665443361
-297.7 37.7 2911.0 0.6728315353 0.4930275381 -0.5515628457 -0.6376146078 0.0083826231 -0.7703099251 -0.3751604557 0.8699733019 0.3200016320
-543.0 -104.7 2729.6 -0.9964915514 -0.0783101022 0.0295319334 -0.0732560977 0.9867567420 0.1447227299 -0.0404740870 0.1420515776 -0.9890314341
-511.9 -496.8 2673.2 -0.9941293597 -0.1075183302 0.0121067828 -0.0963884294 0.9308949709 0.3523404300 -0.0491531976 0.3491050005 -0.9357935786
-443.3 -138.9 2878.9 -0.8114302158 0.0189672150 0.5841414332 0.0642621890 0.9963086247 0.0569161512 -0.5809056163 0.0837216899 -0.8096538186
-450.9 -534.7 2845.6 -0.7982127070 -0.1898175031 0.5716868043 -0.0168120041 0.9557039142 0.2938493192 -0.6021410227 0.2249430567 -0.7660462260
-114.6 -196.7 2619.9 0 0 0 0 0 0 0 0 0
-121.0 -129.8 2812.5 0 0 0 0 0 0 0 0 0
-472.8 -835.3 2546.2 0 0 0 0 0 0 0 0 0
-395.6 -812.8 2780.2 0 0 0 0 0 0 0 0 0
-165.2 371.7 2706.5 7 0.5599232912 0.5424461365 -0.6262891293 -0.2265610546 0.8273215890 0.5140127540 0.7969667315 -0.1459149867 0.5861338377
-275.6 203.4 2736.2 0.5599232912 0.5424461365 -0.6262891293 -0.2265610546 0.8273215890 0.5140127540 0.7969667315 -0.1459149867 0.5861338377
-378.9 36.4 2766.2 0.5705016851 0.5198117495 -0.6358644366 -0.2099492252 0.8407997489 0.4989761114 0.7940082550 -0.1511674821 0.5888117552
-358.9 234.0 2620.4 -0.1074752435 0.1483007371 -0.9830849171 0.9925897121 0.0723966956 -0.0975931287 0.0566989705 -0.9862887859 -0.1549826264
-329.2 -39.5 2604.8 -0.8392427564 0.1483007371 -0.5231429338 0.5367861390 0.0723966956 -0.8406065702 -0.0867887512 -0.9862887859 -0.1403641850
-192.3 172.8 2852.0 -0.5584337711 0.5026971102 -0.6598843336 -0.7690889239 -0.0156187732 0.6389509439 0.3108921945 0.8643215299 0.3953408301
-293.0 34.1 2908.1 0.6745789051 0.5026971102 -0.5405912399 -0.6181598902 -0.0156187732 -0.7858971953 -0.4035116136 0.8643215299 0.3002111018
-538.4 -111.6 2728.7 -0.9980806708 -0.0586185418 0.0199701060 -0.0553968959 0.9892736673 0.1351623088 -0.0276789162 0.1337966174 -0.9906222224
-515.1 -504.6 2675.6 -0.9929108024 -0.1187328026 0.0055346461 -0.1085170805 0.9245129228 0.3653763235 -0.0484990068 0.3621855080 -0.9308434129
-435.9 -146.1 2876.5 -0.8184955120 0.0205381233 0.5741457343 0.0816883221 0.9933675528 0.0809195563 -0.5686757565 0.1131332964 -0.8147445917
-444.1 -540.6 2831.5 -0.8049247265 -0.1694554090 0.5686659813 -0.0225509759 0.9663991332 0.2560549378 -0.5929481983 0.1932809800 -0.7816999555
-105.6 -182.6 2627.9 0 0 0 0 0 0 0 0 0
-115.8 -128.4 2802.1 0 0 0 0 0 0 0 0 0
-472.4 -836.7 2545.5 0 0 0 0 0 0 0 0 0
-396.5 -812.1 2777.2 0 0 0 0 0 0 0 0 0
-165.1 373.5 2711.6 8 0.5385485888 0.5470954180 -0.6408213377 -0.2229864746 0.8259578347 0.5177553892 0.8125530481 -0.1359419376 0.5668132901
-276.4 205.5 2739.3 0.5385485888 0.5470954180 -0.6408213377 -0.2229864746 0.8259578347 0.5177553892 0.8125530481 -0.1359419376 0.5668132901
-380.0 38.3 2767.1 0.5496706963 0.5214186311 -0.6526750326 -0.2056278884 0.8417016268 0.4992550313 0.8096784949 -0.1402176619 0.5698769093
-356.6 235.5 2621.1 -0.1144869328 0.1842872649 -0.9761818051 0.9911939502 0.0870062038 -0.0998222008 0.0665379167 -0.9790138602 -0.1926254928
-324.8 -40.2 2602.6 -0.8535888195 0.1842872649 -0.4872621000 0.5079746246 0.0870062038 -0.8569665551 -0.1155332029 -0.9790138602 -0.1678807735
-196.1 175.5 2857.5 -0.5642125010 0.4796497524 -0.6720121503 -0.7696898580 -0.0110673830 0.6383220553 0.2987335920 0.8773902059 0.3754259050
-297.9 36.6 2911.3 0.6865920424 0.4796497524 -0.5463767052 -0.6178964972 -0.0110673830 -0.7861815691 -0.3831387460 0.8773902059 0.2887751162
-534.5 -111.3 2723.5 -0.9977482557 -0.0482809842 0.0465546064 -0.0422573276 0.9915478230 0.1226673126 -0.0520836152 0.1204238310 -0.9913553596
-515.3 -505.3 2675.6 -0.9919572473 -0.1223092824 0.0325766802 -0.1014283672 0.9220805764 0.3734698296 -0.0757171512 0.3671618998 -0.9270701408
-430.0 -149.7 2868.9 -0.8030635715 0.0341274254 0.5949153304 0.0848613605 0.9947328568 0.0574895181 -0.5898198485 0.0966530591 -0.8017298579
-443.5 -544.9 2830.5 -0.7909115553 -0.1651038378 0.5892364979 -0.0073639043 0.9654123187 0.2606238723 -0.6118862033 0.2017913461 -0.7647715807
-98.5 -174.8 2633.3 0 0 0 0 0 0 0 0 0
-117.4 -125.9 2810.6 0 0 0 0 0 0 0 0 0
-471.2 -838.0 2543.2 0 0 0 0 0 0 0 0 0
-398.0 -811.1 2774.9 0 0 0 0 0 0 0 0 0
-161.9 382.2 2714.2 9 0.5769925714 0.5460755825 -0.6073557138 -0.2613744438 0.8279743791 0.4961268306 0.7737977505 -0.1275142282 0.6204652786
-272.6 214.2 2740.1 0.5769925714 0.5460755825 -0.6073557138 -0.2613744438 0.8279743791 0.4961268306 0.7737977505 -0.1275142282 0.6204652786
-376.1 46.6 2765.6 0.5875688791 0.5206116438 -0.6194564700 -0.2447963208 0.8440342546 0.4771592617 0.7712571025 -0.1287232786 0.6233720779
-358.3 249.9 2627.7 -0.1632781327 0.2578586936 -0.9522862434 0.9814941883 0.1403385252 -0.1302854270 0.1000472233 -0.9559361935 -0.2760010362
-309.9 -40.7 2598.1 -0.8654431105 0.2578586936 -0.4295544922 0.4734233618 0.1403385252 -0.8695834875 -0.1639466137 -0.9559361935 -0.2435313463
-187.0 178.6 2852.4 -0.5551100373 0.5224251151 -0.6472440362 -0.7788647413 -0.0533698760 0.6249170899 0.2919290364 0.8510133028 0.4365246594
-287.2 38.1 2905.1 0.6616812348 0.5224251151 -0.5378196239 -0.6041256189 -0.0533698760 -0.7950999141 -0.4440835416 0.8510133028 0.2802965641
-533.9 -110.1 2720.8 -0.9986299872 -0.0523273200 0.0000596876 -0.0519171581 0.9909435511 0.1238365099 -0.0065391799 0.1236637533 -0.9923026562
-513.1 -503.9 2671.7 -0.9932393432 -0.1153850704 -0.0127230808 -0.1121381968 0.9253600836 0.3621239662 -0.0300102700 0.3611025214 -0.9320430756
-433.2 -147.8 2869.2 -0.8316813111 0.0231131613 0.5547720194 0.0876978636 0.9920604229 0.0901397690 -0.5482839346 0.1236198768 -0.8271051049
-442.4 -541.8 2820.1 -0.8168947697 -0.1646734178 0.5527799129 -0.0447704382 0.9735898376 0.2238714397 -0.5750465393 0.1581312120 -0.8026929498
-82.0 -165.4 2641.3 0 0 0 0 0 0 0 0 0
-113.5 -120.5 2788.5 0 0 0 0 0 0 0 0 0
-471.5 -837.9 2541.3 0 0 0 0 0 0 0 0 0
-397.2 -808.8 2776.7 0 0 0 0 0 0 0 0 0
-163.2 384.9 2716.5 0 0.5835708976 0.5423085093 -0.6044390202 -0.2700794041 0.8315683603 0.4853361547 0.7658342719 -0.1199815273 0.6317454576
-272.8 216.9 2740.7 0.5835708976 0.5423085093 -0.6044390202 -0.2700794041 0.8315683603 0.4853361547 0.7658342719 -0.1199815273 0.6317454576
-375.0 48.2 2763.7 0.5930074453 0.5144523382 -0.6194198728 -0.2550663948 0.8496803641 0.4615023732 0.7637298703 -0.1156811416 0.6350862384
-359.3 254.1 2629.3 -0.2290198803 0.1977320611 -0.9531274438 0.9702054262 0.1258983016 -0.2070050389 0.0790655985 -0.9721376896 -0.2206739336
-289.1 -43.2 2605.1 -0.8736586571 0.1977320611 -0.4445475936 0.4723795056 0.1258983016 -0.8723572493 -0.1165252179 -0.9721376896 -0.2033967227
-186.2 179.7 2852.1 -0.5484789014 0.5271140337 -0.6490929723 -0.7877402902 -0.0653986111 0.6125261188 0.2804213464 0.8472743034 0.4510987401
-285.2 37.6 2902.7 0.6633929014 0.5271140337 -0.5310938358 -0.5914462209 -0.0653986111 -0.8036879897 -0.4583680332 0.8472743034 0.2683746219
-533.4 -98.7 2720.6 -0.9987741709 -0.0491980799 -0.0054494692 -0.0494804159 0.9893170595 0.1371258348 -0.0013550749 0.1372273862 -0.9905386567
-513.9 -491.8 2666.1 -0.9930484891 -0.1167389452 -0.0150563112 -0.1151515096 0.9370135665 0.3297661841 -0.0243885908 0.3292075694 -0.9439425468
-425.9 -143.4 2861.7 -0.8351459503 0.0390182585 0.5486426950 0.0861274153 0.9944527745 0.0603801832 -0.5432433486 0.0976794437 -0.8338737488
-441.4 -538.3 2822.9 -0.8207017183 -0.1649334878 0.5470334291 -0.0399728380 0.9716573954 0.2329895198 -0.5699568391 0.1693484336 -0.8040337563
-58.6 -167.8 2635.9 0 0 0 0 0 0 0 0 0
-110.8 -117.8 2782.2 0 0 0 0 0 0 0 0 0
-470.6 -839.0 2544.1 0 0 0 0 0 0 0 0 0
-395.0 -811.4 2775.3 0 0 0 0 0 0 0 0 0
-162.9 386.5 2716.1 1 0.5814172029 0.5506457090 -0.5989518762 -0.2750757337 0.8258590102 0.4922298491 0.7656940818 -0.1214337870 0.6316379309
-274.7 219.0 2740.8 0.5814172029 0.5506457090 -0.5989518762 -0.2750757337 0.8258590102 0.4922298491 0.7656940818 -0.1214337870 0.6316379309
-378.4 51.1 2763.7 0.5907691717 0.5218026042 -0.6153973341 -0.2605035007 0.8452326059 0.4666044712 0.7636293173 -0.1153423712 0.6352687478
-360.9 257.0 2629.3 -0.2850853801 0.1412056834 -0.9480439425 0.9559957981 0.1133693233 -0.2705908716 0.0692701265 -0.9834675193 -0.1673119813
-271.5 -42.7 2607.6 -0.8782346845 0.1412056834 -0.4569079280 0.4728412330 0.1133693233 -0.8738241196 -0.0715895891 -0.9834675193 -0.1663327366
-188.4 181.0 2852.2 -0.5551840067 0.5266555548 -0.6437426805 -0.7830804586 -0.0701656938 0.6179496646 0.2802779675 0.8471781015 0.4513685405
-288.6 39.7 2902.8 0.6581965089 0.5266555548 -0.5379695892 -0.5970293283 -0.0701656938 -0.7991450429 -0.4586212039 0.8471781015 0.2682459950
-531.6 -97.3 2716.7 -0.9985651970 -0.0533780716 -0.0042769816 -0.0534571484 0.9889851213 0.1380245835 -0.0031376155 0.1380551904 -0.9904195666
-510.4 -490.3 2661.9 -0.9941453338 -0.1071508825 -0.0139202429 -0.1060493067 0.9429099560 0.3157125413 -0.0207033418 0.3153403699 -0.9487527609
-423.0 -144.0 2856.6 -0.8344808221 0.0560622327 0.5481776595 0.0913579985 0.9951192141 0.0373015851 -0.5434109569 0.0812078714 -0.8355296850
-445.2 -539.2 2824.3 -0.8172696233 -0.1790996641 0.5477167964 -0.0475725234 0.9682006240 0.2456102073 -0.5742884874 0.1746734828 -0.7998011708
-38.2 -168.3 2626.6 0 0 0 0 0 0 0 0 0
-115.5 -117.4 2782.2 0 0 0 0 0 0 0 0 0
-471.0 -836.8 2546.0 0 0 0 0 0 0 0 0 0
-394.9 -811.0 2775.3 0 0 0 0 0 0 0 0 0
-166.7 384.6 2715.4 2 0.6083273292 0.5495409369 -0.5726627707 -0.2951197326 0.8264056444 0.4795393944 0.7367782593 -0.1227128282 0.6649054885
-278.2 217.0 2740.3 0.6083273292 0.5495409369 -0.5726627707 -0.2951197326 0.8264056444 0.4795393944 0.7367782593 -0.1227128282 0.6649054885
-382.2 49.2 2763.2 0.6168217659 0.5232540369 -0.5879933238 -0.2818906903 0.8443387747 0.4556639791 0.7348935604 -0.1153136194 0.6683069468
-368.2 258.1 2633.1 -0.3533611894 0.2737435102 -0.8945391774 0.9310209751 0.1962322444 -0.3077220023 0.0913005397 -0.9415717721 -0.3242018223
-256.6 -35.8 2604.3 -0.8612923622 0.2737435102 -0.4280653596 0.4857181013 0.1962322444 -0.8518044353 -0.1491757184 -0.9415717721 -0.3019755185
-188.2 175.9 2847.5 -0.5499556661 0.5572540760 -0.6221066117 -0.7858908772 -0.0931447595 0.6113097072 0.2827088535 0.8251011968 0.4891663790
-287.4 34.0 2898.6 0.6363068819 0.5572540760 -0.5334617496 -0.5905020833 -0.0931447595 -0.8016428947 -0.4964079261 0.8251011968 0.2697910368
-536.2 -93.0 2716.6 -0.9972627759 -0.0630279183 -0.0386580676 -0.0676923096 0.9886069298 0.1344398558 0.0297441687 0.1366887093 -0.9901673794
-511.2 -485.9 2662.3 -0.9933654666 -0.1038662121 -0.0493645854 -0.1140968129 0.9438420534 0.3100711405 0.0143864593 0.3136462867 -0.9494308829
-427.9 -140.7 2856.6 -0.8550066352 0.0500354916 0.5161977410 0.0818204880 0.9958840609 0.0389918573 -0.5121221542 0.0755738467 -0.8555814028
-447.8 -536.4 2826.5 -0.8376379609 -0.1845948249 0.5140888691 -0.0502956621 0.9632324576 0.2639196515 -0.5439053178 0.1952126771 -0.8161243796
-23.8 -167.1 2644.6 0 0 0 0 0 0 0 0 0
-120.1 -121.2 2768.1 0 0 0 0 0 0 0 0 0
-472.6 -836.1 2545.9 0 0 0 0 0 0 0 0 0
-395.4 -809.6 2771.2 0 0 0 0 0 0 0 0 0
-170.8 387.4 2724.6 3 0.5890790820 0.5397540927 -0.6013745666 -0.2973817587 0.8367821574 0.4597387612 0.7513653636 -0.0919846892 0.6534438729
-279.8 218.4 2743.2 0.5890790820 0.5397540927 -0.6013745666 -0.2973817587 0.8367821574 0.4597387612 0.7513653636 -0.0919846892 0.6534438729
-381.8 48.9 2760.6 0.5979406238 0.5138316154 -0.6151781082 -0.2831657529 0.8534214497 0.4375945926 0.7498561144 -0.0874582157 0.6557948589
-367.1 259.8 2633.7 -0.3135592341 0.3885704577 -0.8664257526 0.9407436252 0.2512271702 -0.2277857065 0.1291588992 -0.8865088224 -0.4443197846
-272.8 -23.0 2594.9 -0.8311262131 0.3885704577 -0.3977966607 0.5109277964 0.2512271702 -0.8220934868 -0.2195039093 -0.8865088224 -0.4073329568
-192.5 177.1 2852.6 -0.5463018417 0.5327886939 -0.6462897658 -0.7978543639 -0.0961807892 0.5951282382 0.2549169362 0.8407648206 0.4776315391
-291.1 33.1 2898.6 0.6602140069 0.5327886939 -0.5293899179 -0.5742768049 -0.0961807892 -0.8129916787 -0.4840698838 0.8407648206 0.2424682677
-542.6 -92.7 2718.9 -0.9959661365 -0.0891098604 -0.0105306432 -0.0896674767 0.9840168953 0.1538521349 -0.0033474108 0.1541757733 -0.9880377650
-507.2 -483.6 2657.6 -0.9952067733 -0.0948240459 -0.0239141956 -0.0976162702 0.9485483766 0.3012092710 -0.0058781100 0.3020999134 -0.9532581568
-429.6 -144.4 2853.5 -0.8402675390 0.0341277346 0.5410968065 0.0648445264 0.9971790910 0.0378033780 -0.5382802486 0.0668521151 -0.8401102424
-443.2 -540.5 2826.9 -0.8273185492 -0.1722100675 0.5346847177 -0.0303762797 0.9641709924 0.2635367811 -0.5609111786 0.2017871290 -0.8029075861
-46.3 -162.2 2654.7 0 0 0 0 0 0 0 0 0
-117.5 -117.9 2771.3 0 0 0 0 0 0 0 0 0
-472.1 -835.3 2545.6 0 0 0 0 0 0 0 0 0
-395.9 -805.2 2771.5 0 0 0 0 0 0 0 0 0
-173.1 388.5 2730.2 4 0.5678872466 0.5353899002 -0.6251893640 -0.2826811075 0.8402088284 0.4627531767 0.7730429769 -0.0860623866 0.6284884810
-281.5 218.4 2747.6 0.5678872466 0.5353899002 -0.6251893640 -0.2826811075 0.8402088284 0.4627531767 0.7730429769 -0.0860623866 0.6284884810
-382.4 48.1 2764.0 0.5769475698 0.5083634853 -0.6392949820 -0.2679468095 0.8571861982 0.4398139715 0.7715802193 -0.0824525431 0.6307658553
-365.7 257.6 2635.0 -0.2885239422 0.4220017195 -0.8594582677 0.9448485374 0.2707718313 -0.1842384487 0.1549681425 -0.8652151227 -0.4768518806
-283.2 -12.6 2590.7 -0.8174577355 0.4220017195 -0.3920170963 0.5263161063 0.2707718313 -0.8060235381 -0.2339961380 -0.8652151227 -0.4434508383
-197.3 179.3 2860.2 -0.5465629697 0.5073208213 -0.6662541032 -0.7998204231 -0.0805329606 0.5948123336 0.2481052727 0.8579860330 0.4497818947
-295.9 35.0 2905.0 0.6802136898 0.5073208213 -0.5290887952 -0.5738557577 -0.0805329606 -0.8149871230 -0.4560690522 0.8579860330 0.2363493443
-538.6 -94.7 2709.3 -0.9961431623 -0.0855968073 0.0192862861 -0.0822097138 0.9873209596 0.1357898265 -0.0306649301 0.1336805969 -0.9905499220
-504.6 -486.9 2656.2 -0.9957014918 -0.0925236270 0.0042292704 -0.0868620202 0.9486737847 0.3040937185 -0.0321480520 0.3024192154 -0.9526327252
-429.0 -146.6 2846.7 -0.8230780363 0.0423015021 0.5663506985 0.0689581707 0.9972877502 0.0257281996 -0.5637263060 0.0602308251 -0.8237626553
-445.9 -542.9 2822.7 -0.8065655828 -0.1874235421 0.5606464148 -0.0456011631 0.9653087258 0.2570983171 -0.5893831849 0.1818005294 -0.7871315479
-58.8 -157.1 2654.9 0 0 0 0 0 0 0 0 0
-117.1 -115.9 2785.0 0 0 0 0 0 0 0 0 0
-470.8 -833.6 2545.6 0 0 0 0 0 0 0 0 0
-394.0 -809.7 2772.5 0 0 0 0 0 0 0 0 0
-168.3 394.0 2742.5 5 0.5473680496 0.5256241560 -0.6512353420 -0.2872842252 0.8488868475 0.4436878264 0.7860381603 -0.0557708815 0.6156570315
-275.5 220.9 2753.9 0.5473680496 0.5256241560 -0.6512353420 -0.2872842252 0.8488868475 0.4436878264 0.7860381603 -0.0557708815 0.6156570315
-374.5 49.1 2764.7 0.5566625595 0.4989749789 -0.6641918421 -0.2717378139 0.8649051189 0.4220162332 0.7850384712 -0.0544345863 0.6170506477
-356.8 260.6 2639.3 -0.2475148886 0.4659221768 -0.8495015502 0.9504112601 0.2871523499 -0.1194233224 0.1882943958 -0.8369349241 -0.5138921738
-287.6 -4.9 2586.7 -0.8002667427 0.4659221768 -0.3774780333 0.5402782559 0.2871523499 -0.7909759879 -0.2601395249 -0.8369349241 -0.4815260768
-194.3 181.1 2868.4 -0.5428589582 0.4818452001 -0.6878439784 -0.8105738759 -0.0863404348 0.5792368650 0.2197137624 0.8719922900 0.4374417961
-292.2 35.0 2908.1 0.7015882730 0.4818452001 -0.5249752998 -0.5581822991 -0.0863404348 -0.8252138495 -0.4429519176 0.8719922900 0.2083820105
-536.3 -97.6 2709.7 -0.9950321317 -0.0853598863 0.0512317680 -0.0790912360 0.9903360009 0.1139263213 -0.0604613982 0.1093083695 -0.9921673536
-502.3 -491.0 2666.3 -0.9958220124 -0.0860585794 0.0305360146 -0.0708874315 0.9393419623 0.3355766237 -0.0575630069 0.3320099711 -0.9415178299
-430.6 -146.8 2851.1 -0.8067963123 0.0284735728 0.5901431441 0.0490715131 0.9986163378 0.0189048070 -0.5887882710 0.0442115478 -0.8070772290
-441.9 -543.5 2833.6 -0.7994962335 -0.1665705442 0.5771135092 0.0012732703 0.9603091478 0.2789350450 -0.6006697416 0.2237423509 -0.7675514221
-67.3 -153.7 2658.3 0 0 0 0 0 0 0 0 0
-107.7 -111.8 2791.6 0 0 0 0 0 0 0 0 0
-470.9 -834.0 2545.1 0 0 0 0 0 0 0 0 0
-395.4 -811.6 2771.1 0 0 0 0 0 0 0 0 0
-166.2 397.4 2749.1 6 0.5455493331 0.5218530297 -0.6557784081 -0.3004892468 0.8522515297 0.4282213748 0.7823567986 -0.0365615226 0.6217564940
-272.9 223.2 2756.6 0.5455493331 0.5218530297 -0.6557784081 -0.3004892468 0.8522515297 0.4282213748 0.7823567986 -0.0365615226 0.6217564940
-370.5 50.4 2763.5 0.5558367372 0.4919868112 -0.6700704694 -0.2830145657 0.8699033260 0.4039441943 0.7816317677 -0.0348873101 0.6227636933
-354.0 264.6 2642.5 -0.1806476861 0.3543883562 -0.9174831510 0.9590137005 0.2705190182 -0.0843337774 0.2183097303 -0.8951135874 -0.3887319267
-305.3 5.8 2583.6 -0.8456472158 0.3543883562 -0.3991110623 0.5012767911 0.2705190182 -0.8219130039 -0.1833092719 -0.8951135874 -0.4064103365
-191.7 181.8 2870.7 -0.5371974707 0.4790783823 -0.6941921711 -0.8191627860 -0.1002276838 0.5647359490 0.2009755224 0.8720311522 0.4462852776
-288.6 34.1 2907.0 0.7079971433 0.4790783823 -0.5188679695 -0.5431303382 -0.1002276838 -0.8336449265 -0.4513862133 0.8720311522 0.1892410964
-524.6 -97.8 2703.6 -0.9965536594 -0.0594427139 0.0578568280 -0.0543117225 0.9947665930 0.0865426362 -0.0626983717 0.0831020772 -0.9945667386
-501.0 -492.8 2670.6 -0.9958874583 -0.0812869444 0.0400082506 -0.0624115542 0.9356304407 0.3474197984 -0.0656736270 0.3434940279 -0.9368557930
-422.6 -147.7 2847.5 -0.8042175770 0.0420823246 0.5928432941 0.0755222589 0.9966399670 0.0317038223 -0.5895171762 0.0702696368 -0.8046935201
-439.3 -543.5 2819.6 -0.7918903828 -0.1611492038 0.5890166163 -0.0239946861 0.9720184803 0.2336756438 -0.6101917028 0.1709122211 -0.7735987902
-74.2 -131.2 2633.6 0 0 0 0 0 0 0 0 0
-102.3 -108.8 2788.2 0 0 0 0 0 0 0 0 0
-471.2 -835.8 2544.7 0 0 0 0 0 0 0 0 0
-395.4 -808.3 2773.0 0 0 0 0 0 0 0 0 0
-168.2 401.3 2752.9 7 0.5867804289 0.5117397904 -0.6275436878 -0.3422356546 0.8590980768 0.3805591762 0.7338688374 -0.0085368594 0.6792375445
-272.8 225.7 2754.7 0.5867804289 0.5117397904 -0.6275436878 -0.3422356546 0.8590980768 0.3805591762 0.7338688374 -0.0085368594 0.6792375445
-369.0 52.0 2756.8 0.5984991193 0.4837398231 -0.6385880113 -0.3218203783 0.8751459718 0.3613186777 0.7336419225 -0.0107382601 0.6794514060
-360.0 272.5 2647.9 -0.2242328078 0.3621150255 -0.9047609568 0.9415264726 0.3200829923 -0.1052369252 0.2514907122 -0.8754539490 -0.4127139747
-297.8 11.2 2578.1 -0.8491925597 0.3621150255 -0.3843757808 0.5005687475 0.3200829923 -0.8043493032 -0.1682347953 -0.8754539490 -0.4530755579
-185.5 178.9 2861.5 -0.5211462975 0.5249444842 -0.6729337573 -0.8340859413 -0.1461852342 0.5319121480 0.1808513552 0.8384886384 0.5140326619
-279.5 28.5 2894.1 0.6866527796 0.5249444842 -0.5029326677 -0.5093777180 -0.1461852342 -0.8480355144 -0.5186928511 0.8384886384 0.1670165211
-519.2 -96.4 2698.8 -0.9991831779 -0.0398410931 0.0067550009 -0.0390225798 0.9947303534 0.0948093981 -0.0104967142 0.0944683552 -0.9954725504
-503.4 -491.5 2661.3 -0.9960653782 -0.0885797441 -0.0027157408 -0.0846777856 0.9422546029 0.3240154088 -0.0261422824 0.3229705095 -0.9460479021
-417.3 -148.3 2842.1 -0.8361254334 0.0445498154 0.5467262268 0.0731876045 0.9968455434 0.0307004303 -0.5436338782 0.0656829923 -0.8367484212
-435.0 -544.4 2816.0 -0.8247495294 -0.1480772644 0.5457667708 -0.0361082591 0.9769281149 0.2104938924 -0.5643442273 0.1538980454 -0.8110678196
-64.1 -126.5 2624.4 0 0 0 0 0 0 0 0 0
-99.3 -105.1 2758.0 0 0 0 0 0 0 0 0 0
-470.9 -837.1 2542.8 0 0 0 0 0 0 0 0 0
-395.0 -808.2 2774.5 0 0 0 0 0 0 0 0 0
-166.1 404.3 2754.9 8 0.6195324063 0.5144996643 -0.5928487778 -0.3734582663 0.8574878573 0.3538975418 0.6904408336 0.0021532683 0.7233856916
-271.0 229.4 2754.4 0.6195324063 0.5144996643 -0.5928487778 -0.3734582663 0.8574878573 0.3538975418 0.6904408336 0.0021532683 0.7233856916
-368.3 56.2 2753.8 0.6299032569 0.4891166091 -0.6033132076 -0.3555843830 0.8722133636 0.3358624578 0.6904937625 0.0029678848 0.7233322859
-362.8 281.1 2653.9 -0.2218699753 0.3036401272 -0.9265939593 0.9364821315 0.3310637474 -0.1157497540 0.2716153860 -0.8934201002 -0.3578066528
-299.7 15.1 2576.8 -0.8695608974 0.3036401272 -0.3894439042 0.4795634449 0.3310637474 -0.8126596808 -0.1178253293 -0.8934201002 -0.4334947765
-179.3 177.7 2854.9 -0.5181397796 0.5628587008 -0.6439885497 -0.8381306529 -0.1840465218 0.5134821534 0.1704940349 0.8058020473 0.5671109557
-272.7 26.5 2885.7 0.6577522159 0.5628587008 -0.5005517602 -0.4906506538 -0.1840465218 -0.8516976237 -0.5715101957 0.8058020473 0.1551099569
-520.0 -92.4 2691.8 -0.9988418221 -0.0302910283 -0.0373819731 -0.0329063907 0.9969008565 0.0714549944 0.0351016745 0.0726023465 -0.9967430830
-507.9 -488.3 2662.9 -0.9942315817 -0.0979212672 -0.0437608846 -0.1067804098 0.9420285225 0.3180883527 0.0100763869 0.3209262788 -0.9470505714
-410.4 -151.1 2825.9 -0.8613861799 0.0726219267 0.5027324557 0.0814356580 0.9966686964 -0.0044406308 -0.5013802052 0.0371152535 -0.8644306660
-439.2 -546.8 2811.2 -0.8466306329 -0.1624072194 0.5067943335 -0.0650408417 0.9767348170 0.2043495923 -0.5281915069 0.1400462836 -0.8374966979
-60.8 -116.7 2609.1 0 0 0 0 0 0 0 0 0
-100.2 -102.2 2735.8 0 0 0 0 0 0 0 0 0
-471.8 -836.2 2544.4 0 0 0 0 0 0 0 0 0
-395.4 -810.5 2773.4 0 0 0 0 0 0 0 0 0
-168.2 405.1 2757.3 9 0.6198382378 0.5154646039 -0.5916898251 -0.3896541297 0.8566538692 0.3381032050 0.6811535954 0.0209850632 0.7318397164
-272.8 231.3 2753.1 0.6198382378 0.5154646039 -0.5916898251 -0.3896541297 0.8566538692 0.3381032050 0.6811535954 0.0209850632 0.7318397164
-370.7 58.6 2748.6 0.6291927099 0.4925649762 -0.6012455821 -0.3736309111 0.8699921966 0.3217351735 0.6815544367 0.0222105104 0.7314302325
-364.6 285.8 2653.7 -0.2276557833 0.2620330751 -0.9378227592 0.9348501563 0.3282893002 -0.1352082789 0.2724481225 -0.9075047374 -0.3196986318
