244.0 385.9 2516.4 56 0.4896795452 0.6804384589 -0.5451765060 -0.4165762663 0.7318720818 0.5392841697 0.7659491897 -0.0369688421 0.6418373585
109.6 241.3 2523.7 0.4896795452 0.6804384589 -0.5451765060 -0.4165762663 0.7318720818 0.5392841697 0.7659491897 -0.0369688421 0.6418373585
-20.4 91.2 2530.8 0.5042027831 0.6541882157 -0.5637528896 -0.4003910720 0.7554864287 0.5185819268 0.7651578784 -0.0357488170 0.6428495049
38.7 297.6 2416.1 0.1046608388 0.3495017290 -0.9310717583 0.9528325796 0.2329407930 0.1945472658 0.2848792076 -0.9075170159 -0.3086368442
10.1 36.7 2338.1 -0.6501926184 0.3495017290 -0.6746096015 0.7577092648 0.2329407930 -0.6096025705 -0.0559130572 -0.9075170159 -0.4162770510
180.5 185.0 2631.3 0.1261503100 0.9765217304 -0.1746180356 -0.8108404875 0.2029113173 0.5489669442 0.5715100765 0.0723350197 0.8174006939
224.0 -94.6 2828.5 0.0440952927 0.9765217304 0.2108576894 0.1403939575 0.2029113173 -0.9690802693 -0.9891133308 0.0723350197 -0.1281503141
-195.4 -25.4 2471.5 0.6010376811 0.0004603618 -0.7992205620 0.0168631803 0.9997699261 0.0132574942 0.7990427613 -0.0214456543 0.6008915901
-195.6 -422.9 2480.0 0.5954753160 0.0883176997 -0.7985042930 -0.0739426836 0.9957451820 0.0549914166 0.7999635339 0.0262975208 0.5994721055
-100.0 -100.2 2609.0 0.2167018801 -0.2139239460 -0.9525108337 0.0304981787 0.9767026901 -0.2124186754 0.9757612944 0.0169816799 0.2181776017
-15.0 -488.5 2602.3 0.2169606984 0.1335516423 -0.9670015574 0.0324120447 0.9890655279 0.1438709795 0.9756420851 -0.0625568479 0.2102596611
179.6 -160.9 2352.7 0 0 0 0 0 0 0 0 0
235.9 -56.9 2562.7 0 0 0 0 0 0 0 0 0
-225.2 -756.4 2471.2 0 0 0 0 0 0 0 0 0
-46.7 -723.6 2617.1 0 0 0 0 0 0 0 0 0
246.0 388.3 2515.1 57 0.4891207218 0.6818809509 -0.5438743830 -0.4204913676 0.7306537628 0.5378959775 0.7641648650 -0.0344015807 0.6441029310
110.7 243.3 2521.9 0.4891207218 0.6818809509 -0.5438743830 -0.4204913676 0.7306537628 0.5378959775 0.7641648650 -0.0344015807 0.6441029310
-19.9 93.6 2528.3 0.5025325418 0.6568899155 -0.5621002913 -0.4056251049 0.7533005476 0.5176935196 0.7634980679 -0.0321558639 0.6450090408
40.0 300.4 2414.5 0.1826361865 0.2976441085 -0.9370443225 0.9366303086 0.2371175438 0.2578738630 0.2989442647 -0.9247611761 -0.2354762405
-9.0 49.5 2334.4 -0.6767167449 0.2976441085 -0.6733962297 0.7356651425 0.2371175438 -0.6344857216 -0.0291768685 -0.9247611761 -0.3794277906
181.4 186.3 2629.3 0.1231983900 0.9771919250 -0.1729684323 -0.8138051629 0.1992304325 0.5459197760 0.5679289699 0.0735061765 0.8197886944
223.9 -94.5 2825.3 0.0448589064 0.9771919250 0.2075659037 0.1446684450 0.1992304325 -0.9692152739 -0.9884628057 0.0735061765 -0.1324315667
-196.7 -22.3 2467.8 0.6008592844 -0.0015087825 -0.7993533611 0.0228349287 0.9996225238 0.0152778067 0.7990285754 -0.0274329893 0.6006669402
-196.1 -419.7 2478.7 0.5954975486 0.0852995813 -0.7988157868 -0.0704341754 0.9960615635 0.0538550429 0.8002635241 0.0241933856 0.5991601944
-104.3 -95.7 2608.1 0.2147611231 -0.2257741839 -0.9502124190 0.0331352502 0.9740380645 -0.2239462137 0.9761043787 0.0166094135 0.2166665941
-14.5 -482.9 2601.5 0.2147756219 0.1309518963 -0.9678445458 0.0332448222 0.9894158840 0.1412479579 0.9760974646 -0.0625124425 0.2081489414
166.2 -140.9 2342.0 0 0 0 0 0 0 0 0 0
235.9 -55.6 2559.6 0 0 0 0 0 0 0 0 0
-225.0 -756.6 2470.5 0 0 0 0 0 0 0 0 0
-46.3 -722.8 2616.6 0 0 0 0 0 0 0 0 0
248.4 384.7 2505.9 58 0.5234988928 0.6899444461 -0.4999254942 -0.4524208307 0.7222920060 0.5230770707 0.7219863534 -0.0476535745 0.6902643442
112.0 241.9 2515.4 0.5234988928 0.6899444461 -0.4999254942 -0.4524208307 0.7222920060 0.5230770707 0.7219863534 -0.0476535745 0.6902643442
-19.5 93.1 2523.9 0.5389766693 0.6619195938 -0.5209286213 -0.4355831146 0.7483574152 0.5002285242 0.7209517956 -0.0427037776 0.6916681528
36.4 303.1 2414.1 0.2006219178 0.3073569238 -0.9302056432 0.9270228744 0.2475139648 0.2817186117 0.3168270588 -0.9188408852 -0.2352701873
-17.7 53.2 2328.7 -0.7043129206 0.3073569238 -0.6399023533 0.7084778547 0.2475139648 -0.6609054208 -0.0447490886 -0.9188408852 -0.3920828402
187.7 180.7 2616.6 0.1445557475 0.9819174409 -0.1222363636 -0.8340086937 0.1873845756 0.5189571381 0.5324783325 0.0269279517 0.8460152149
237.5 -106.8 2800.2 -0.0070352191 0.9819174409 0.1891787499 0.1782642156 0.1873845756 -0.9659756422 -0.9839575291 0.0269279517 -0.1763590425
-196.6 -19.0 2464.7 0.6435033083 -0.0072213328 -0.7654092908 0.0176568907 0.9998294711 0.0054117008 0.7652396560 -0.0169971939 0.6435210705
-193.7 -416.5 2471.5 0.6381613016 0.0919176340 -0.7643960714 -0.0630472451 0.9957521558 0.0671024844 0.7673168778 0.0053708605 0.6412456036
-104.4 -93.4 2604.7 0.2531813681 -0.2284974903 -0.9400468469 0.0619807690 0.9735410810 -0.2199457586 0.9654312730 -0.0025786611 0.2606449127
-13.6 -480.4 2605.8 0.2471802831 0.1286672205 -0.9603887796 0.0135149071 0.9905902743 0.1361918300 0.9688752294 -0.0466434993 0.2431154698
164.3 -129.9 2340.3 0 0 0 0 0 0 0 0 0
235.6 -58.9 2536.1 0 0 0 0 0 0 0 0 0
-225.1 -755.7 2469.6 0 0 0 0 0 0 0 0 0
-45.2 -723.5 2617.2 0 0 0 0 0 0 0 0 0
251.9 385.0 2509.9 59 0.5028502941 0.6900169849 -0.5205940604 -0.4383623600 0.7226578593 0.5344193578 0.7449697852 -0.0405240916 0.6658661962
114.6 241.3 2517.9 0.5028502941 0.6900169849 -0.5205940604 -0.4383623600 0.7226578593 0.5344193578 0.7449697852 -0.0405240916 0.6658661962
-17.4 93.0 2525.7 0.5178687572 0.6645684242 -0.5386657715 -0.4220770001 0.7461957335 0.5148231983 0.7440853119 -0.0392524227 0.6669304967
41.9 300.7 2413.4 0.2338540554 0.3073235750 -0.9224231839 0.9166943431 0.2464734167 0.3145191967 0.3240119517 -0.9191316962 -0.2240829766
-20.7 55.1 2326.6 -0.7162489295 0.3073235750 -0.6265298724 0.6958375573 0.2464734167 -0.6745820642 -0.0528919995 -0.9191316962 -0.3903836012
187.4 182.0 2622.5 0.1281386912 0.9811881185 -0.1443964839 -0.8233854771 0.1864096671 0.5359923840 0.5528262258 0.0502125993 0.8317823410
231.6 -101.9 2813.1 0.0204239246 0.9811881185 0.1919706613 0.1584054232 0.1864096671 -0.9696180224 -0.9871628881 0.0502125993 -0.1516183019
-200.4 -15.8 2466.4 0.6222934127 -0.0168536920 -0.7826026082 0.0208640583 0.9997701049 -0.0049402490 0.7825059891 -0.0132539822 0.6225020289
-193.7 -413.3 2471.7 0.6169582009 0.0923249796 -0.7815616727 -0.0572844371 0.9957289100 0.0724044517 0.7849082947 0.0001007981 0.6196119189
-101.7 -95.6 2598.4 0.2293418199 -0.2188518792 -0.9484229684 0.0686690509 0.9756046534 -0.2085190117 0.9709206223 -0.0173051748 0.2387752980
-14.7 -483.4 2605.3 0.2224817276 0.1267671883 -0.9666602015 0.0122320214 0.9910696149 0.1327834725 0.9748601317 -0.0413661040 0.2189442664
164.8 -125.1 2340.3 0 0 0 0 0 0 0 0 0
237.1 -59.4 2548.0 0 0 0 0 0 0 0 0 0
-225.0 -751.9 2471.7 0 0 0 0 0 0 0 0 0
-45.4 -723.4 2615.3 0 0 0 0 0 0 0 0 0
256.2 384.6 2511.3 60 0.5088942051 0.6914972067 -0.5126971006 -0.4461087584 0.7212167382 0.5299371481 0.7362157702 -0.0409632847 0.6755059958
118.4 240.8 2519.5 0.5088942051 0.6914972067 -0.5126971006 -0.4461087584 0.7212167382 0.5299371481 0.7362157702 -0.0409632847 0.6755059958
-13.4 92.2 2526.7 0.5244392157 0.6630466580 -0.5341653228 -0.4292512238 0.7476916313 0.5066562891 0.7353277206 -0.0364193209 0.6767324209
44.7 301.2 2416.1 0.1916876733 0.3108225465 -0.9309377670 0.9242374301 0.2619673014 0.2777739465 0.3302136660 -0.9136533737 -0.2370579243
-8.6 44.3 2324.3 -0.7545876503 0.3108225465 -0.5779159665 0.6524954438 0.2619673014 -0.7110716105 -0.0696220100 -0.9136533737 -0.4004875720
192.1 180.5 2622.9 0.1341772676 0.9811906219 -0.1387855709 -0.8289768100 0.1878735870 0.5267835855 0.5429492593 0.0443676338 0.8385926485
238.4 -105.5 2810.2 0.0122027751 0.9811906219 0.1926552951 0.1690113246 0.1878735870 -0.9675425887 -0.9855385423 0.0443676338 -0.1635397524
-196.9 -16.7 2465.4 0.6283003092 -0.0080447216 -0.7779293060 0.0254897680 0.9996225238 0.0102497041 0.7775532007 -0.0262691304 0.6282681823
-193.7 -414.1 2475.8 0.6221038103 0.0963989273 -0.7769775391 -0.0654920861 0.9953203201 0.0710508749 0.7801907659 0.0066848588 0.6255059242
-102.1 -94.1 2601.7 0.2371265739 -0.2189420164 -0.9464858174 0.0577107146 0.9757273793 -0.2112477273 0.9697631001 -0.0045299209 0.2440061867
-15.1 -482.0 2603.5 0.2326996475 0.1240180805 -0.9646089077 0.0210802536 0.9909600019 0.1324913353 0.9723201394 -0.0511648878 0.2279817015
187.9 -125.6 2342.4 0 0 0 0 0 0 0 0 0
241.7 -60.1 2545.4 0 0 0 0 0 0 0 0 0
-226.6 -753.5 2473.5 0 0 0 0 0 0 0 0 0
-45.2 -722.7 2615.9 0 0 0 0 0 0 0 0 0
256.4 385.1 2512.1 61 0.4932976365 0.6915043592 -0.5277112722 -0.4250023365 0.7209219933 0.5473979115 0.7589666843 -0.0457515679 0.6495200992
118.4 241.2 2521.2 0.4932976365 0.6915043592 -0.5277112722 -0.4250023365 0.7209219933 0.5473979115 0.7589666843 -0.0457515679 0.6495200992
-14.4 93.6 2530.3 0.5074741244 0.6682068110 -0.5440309644 -0.4097439945 0.7425544262 0.5298327804 0.7580104470 -0.0459630005 0.6506208777
47.1 298.8 2414.6 0.1578882635 0.3183203340 -0.9347424507 0.9300351143 0.2701603770 0.2490944564 0.3318222165 -0.9086723924 -0.2533939481
2.1 33.8 2320.1 -0.7832665443 0.3183203340 -0.5340090990 0.6149053574 0.2701603770 -0.7408810854 -0.0915694088 -0.9086723924 -0.4073444605
189.8 183.6 2627.8 0.1186012328 0.9812906981 -0.1516651809 -0.8128902316 0.1836710870 0.5526973605 0.5702133179 0.0577365570 0.8194652200
230.7 -96.7 2824.4 0.0322220512 0.9812906981 0.1898165345 0.1389808059 0.1836710870 -0.9731131792 -0.9897707105 0.0577365570 -0.1304623038
-193.3 -17.1 2466.6 0.6132935286 0.0011219388 -0.7898542881 0.0214848164 0.9996052980 0.0181020647 0.7895628214 -0.0280717537 0.6130273342
-193.7 -414.5 2477.7 0.6070108414 0.0961482748 -0.7888557315 -0.0706623942 0.9952522516 0.0669310540 0.7915457487 0.0151145570 0.6109229922
-97.1 -95.8 2601.4 0.2258770466 -0.2047726363 -0.9523905516 0.0519609153 0.9787980914 -0.1981270164 0.9727690220 -0.0047347383 0.2317282110
-15.7 -484.9 2603.3 0.2231033593 0.1221049502 -0.9671170115 0.0289732795 0.9908546805 0.1317858100 0.9743641019 -0.0574224107 0.2175252438
207.4 -127.4 2344.1 0 0 0 0 0 0 0 0 0
239.3 -59.3 2558.5 0 0 0 0 0 0 0 0 0
-226.5 -753.2 2472.6 0 0 0 0 0 0 0 0 0
-45.4 -725.8 2617.2 0 0 0 0 0 0 0 0 0
257.4 377.3 2512.4 62 0.5070900321 0.6926271915 -0.5129593015 -0.4573431611 0.7206882238 0.5210044980 0.7305456400 -0.0295977425 0.6822221279
119.0 233.3 2518.3 0.5070900321 0.6926271915 -0.5129593015 -0.4573431611 0.7206882238 0.5210044980 0.7305456400 -0.0295977425 0.6822221279
-14.2 85.9 2524.8 0.5229117870 0.6699643731 -0.5269829631 -0.4403628409 0.7416812778 0.5059539676 0.7298245430 -0.0325055979 0.6828613281
45.5 295.2 2415.8 0.1055377647 0.2982332706 -0.9486404657 0.9393541217 0.2831346095 0.1935164183 0.3263059556 -0.9115326405 -0.2502652705
14.8 21.5 2320.7 -0.8189208508 0.2982332706 -0.4903320372 0.5664886832 0.2831346095 -0.7739026546 -0.0919735581 -0.9115326405 -0.4008105993
192.5 171.4 2620.9 0.1281072348 0.9830911160 -0.1308450997 -0.8347421288 0.1781232655 0.5210351944 0.5355316401 0.0424735360 0.8434464335
236.7 -116.3 2805.5 0.0104166837 0.9830911160 0.1828206629 0.1771733761 0.1781232655 -0.9679265022 -0.9841245413 0.0424735360 -0.1723221093
-193.8 -16.4 2469.9 0.6312361956 0.0026510898 -0.7755861282 0.0131588746 0.9998136163 0.0141273206 0.7754790187 -0.0191235170 0.6310836673
-194.9 -413.9 2477.5 0.6258341074 0.0888902619 -0.7748743296 -0.0749876872 0.9957395196 0.0536624976 0.7763430476 0.0245222133 0.6298334002
-100.8 -91.5 2608.9 0.2430599630 -0.2163310945 -0.9455806017 0.0372730568 0.9761770368 -0.2137500048 0.9692949057 0.0167093910 0.2453328818
-14.8 -479.5 2602.2 0.2418324798 0.1241057143 -0.9623485804 0.0273812935 0.9905189872 0.1346193552 0.9699316025 -0.0589056835 0.2361414880
230.7 -127.9 2345.0 0 0 0 0 0 0 0 0 0
239.5 -68.7 2541.2 0 0 0 0 0 0 0 0 0
-225.1 -752.7 2469.2 0 0 0 0 0 0 0 0 0
-45.6 -725.9 2616.9 0 0 0 0 0 0 0 0 0
259.0 378.2 2505.6 63 0.5268875360 0.6908898354 -0.4950360656 -0.4540760815 0.7211673856 0.5231945515 0.7184736729 -0.0508806631 0.6936906576
120.8 234.0 2515.8 0.5268875360 0.6908898354 -0.4950360656 -0.4540760815 0.7211673856 0.5231945515 0.7184736729 -0.0508806631 0.6936906576
-11.8 86.2 2525.0 0.5402379632 0.6669263840 -0.5131784678 -0.4396733940 0.7436746955 0.5036221147 0.7175167203 -0.0464448333 0.6949911118
44.8 295.8 2414.9 0.1155669913 0.3061227202 -0.9449514151 0.9369336963 0.2823140025 0.2060437649 0.3298476934 -0.9091686606 -0.2541905046
11.2 23.5 2319.0 -0.8042944074 0.3061227202 -0.5093126893 0.5876277089 0.2823140025 -0.7582826018 -0.0883414149 -0.9091686606 -0.4069497585
196.8 172.2 2616.7 0.1425934434 0.9832318425 -0.1136760190 -0.8349763751 0.1811670065 0.5196084976 0.5314899683 0.0208240245 0.8468085527
245.9 -115.8 2799.9 -0.0120126894 0.9832318425 0.1819637865 0.1782891750 0.1811670065 -0.9671564102 -0.9839047790 0.0208240245 -0.1774758995
-195.4 -21.1 2464.4 0.6481832266 -0.0084542185 -0.7614374757 0.0249960441 0.9996356964 0.0101792691 0.7610740662 -0.0256309565 0.6481584311
-192.0 -418.5 2474.6 0.6417341828 0.0975761414 -0.7606945038 -0.0721699446 0.9951550961 0.0667672381 0.7635238767 0.0120524587 0.6456670761
-99.5 -101.8 2598.1 0.2563630044 -0.2130448669 -0.9428095818 0.0731194168 0.9768866897 -0.2008630335 0.9638109803 -0.0174438339 0.2660153210
-14.9 -489.9 2605.0 0.2488168478 0.1312671006 -0.9596140385 0.0127192102 0.9902450442 0.1387550980 0.9684670568 -0.0467301421 0.2447200418
224.2 -132.1 2342.4 0 0 0 0 0 0 0 0 0
242.7 -67.9 2535.6 0 0 0 0 0 0 0 0 0
-224.9 -753.9 2470.5 0 0 0 0 0 0 0 0 0
-46.0 -724.5 2616.1 0 0 0 0 0 0 0 0 0
255.1 379.4 2500.7 64 0.5200735331 0.6882291436 -0.5058302283 -0.4286005199 0.7225484848 0.5424253345 0.7387997508 -0.0653019920 0.6707537174
117.2 234.7 2513.8 0.5200735331 0.6882291436 -0.5058302283 -0.4286005199 0.7225484848 0.5424253345 0.7387997508 -0.0653019920 0.6707537174
-14.5 86.4 2526.8 0.5363799334 0.6621592045 -0.5232989192 -0.4108616114 0.7464731336 0.5234220028 0.7372173071 -0.0657495931 0.6724489927
41.8 292.4 2410.1 0.1376401186 0.3047702909 -0.9424278736 0.9335750341 0.2779500782 0.2262330204 0.3308970034 -0.9109658599 -0.2462688535
3.5 33.0 2318.2 -0.7857351303 0.3047702909 -0.5382707119 0.6139315963 0.2779500782 -0.7388042808 -0.0755532011 -0.9109658599 -0.4055032432
192.6 176.9 2617.4 0.1433015019 0.9816797376 -0.1255770177 -0.8151222467 0.1890346110 0.5475779772 0.5612846017 0.0238918737 0.8272779584
242.0 -104.1 2810.9 -0.0037076820 0.9816797376 0.1905023903 0.1443192959 0.1890346110 -0.9713072777 -0.9895242453 0.0238918737 -0.1423762143
-193.9 -21.3 2468.5 0.6409841180 -0.0009444701 -0.7675535679 0.0171612334 0.9997668862 0.0131011410 0.7673622966 -0.0215697885 0.6408509016
-193.5 -418.8 2477.0 0.6350593567 0.0937685370 -0.7667509913 -0.0744854584 0.9954130650 0.0600400157 0.7688637972 0.0189828202 0.6391307712
-94.8 -101.9 2600.0 0.2565191090 -0.1986547709 -0.9459038973 0.0616784766 0.9800201654 -0.1890931875 0.9645692110 -0.0098358961 0.2636466324
-15.9 -491.4 2603.9 0.2515214682 0.1246815100 -0.9597871900 0.0202315673 0.9907736182 0.1340086907 0.9676402211 -0.0531240627 0.2466783375
212.0 -129.9 2338.2 0 0 0 0 0 0 0 0 0
241.0 -65.3 2545.1 0 0 0 0 0 0 0 0 0
-225.1 -753.9 2470.6 0 0 0 0 0 0 0 0 0
-45.1 -723.9 2616.4 0 0 0 0 0 0 0 0 0
251.3 377.6 2499.2 65 0.5177438855 0.6771939397 -0.5228285193 -0.4053002298 0.7323317528 0.5471946001 0.7534407973 -0.0714041293 0.6536271572
115.7 231.0 2513.5 0.5177438855 0.6771939397 -0.5228285193 -0.4053002298 0.7323317528 0.5471946001 0.7534407973 -0.0714041293 0.6536271572
-13.5 80.8 2528.3 0.5346335173 0.6502955556 -0.5397061110 -0.3863632083 0.7560774684 0.5282710791 0.7515919805 -0.0739088506 0.6554746628
40.6 285.4 2407.8 0.1611824036 0.3294412196 -0.9303164482 0.9217764139 0.2865563929 0.2611773908 0.3526307344 -0.8996409774 -0.2574833035
-2.8 37.5 2313.0 -0.7480654120 0.3294412196 -0.5760787129 0.6605774760 0.2865563929 -0.6939184666 -0.0635263249 -0.8996409774 -0.4319843650
190.9 176.7 2619.2 0.1503733099 0.9780281782 -0.1443908960 -0.8007249236 0.2061487883 0.5624431372 0.5798512697 0.0310409460 0.8141307831
242.8 -99.4 2819.2 0.0054049958 0.9780281782 0.2084026039 0.1237725690 0.2061487883 -0.9706611037 -0.9922959208 0.0310409460 -0.1199388281
-195.3 -24.3 2472.4 0.6321178079 -0.0027898853 -0.7748672366 0.0034662681 0.9999936819 -0.0007727491 0.7748645544 -0.0021974291 0.6321235299
-194.2 -421.8 2473.2 0.6274097562 0.0925498232 -0.7731698155 -0.0617561601 0.9956982732 0.0690731704 0.7762365341 0.0044108196 0.6304263473
-96.9 -99.6 2607.5 0.2559022903 -0.2043085098 -0.9448661804 0.0318761356 0.9786632061 -0.2029832900 0.9661769867 0.0218252074 0.2569547296
-15.8 -488.4 2598.8 0.2573378980 0.1235305965 -0.9583931565 0.0432405397 0.9893298149 0.1391286403 0.9653535485 -0.0772445127 0.2492505312
195.4 -137.6 2329.9 0 0 0 0 0 0 0 0 0
244.2 -66.2 2552.5 0 0 0 0 0 0 0 0 0
-225.2 -755.6 2471.8 0 0 0 0 0 0 0 0 0
-45.4 -725.7 2617.3 0 0 0 0 0 0 0 0 0
250.6 377.7 2506.0 66 0.5150683522 0.6763654351 -0.5265305042 -0.4257289767 0.7350229025 0.5277273655 0.7439485788 -0.0476563573 0.6665353775
115.7 231.0 2515.5 0.5150683522 0.6763654351 -0.5265305042 -0.4257289767 0.7350229025 0.5277273655 0.7439485788 -0.0476563573 0.6665353775
-14.1 80.9 2526.6 0.5329805613 0.6527088881 -0.5384262800 -0.4056401551 0.7555547357 0.5143861175 0.7425549030 -0.0557504818 0.6674609184
40.7 288.1 2411.1 0.1683958024 0.3306697309 -0.9286013246 0.9138284326 0.3008009195 0.2728303671 0.3695408702 -0.8945257664 -0.2515217960
-4.4 43.1 2312.0 -0.7187717557 0.3306697309 -0.6115755439 0.6945018172 0.3008009195 -0.6535946727 -0.0321615040 -0.8945257664 -0.4458579421
190.7 174.0 2619.9 0.1476972699 0.9786255956 -0.1430993676 -0.8146204352 0.2024218738 0.5435245633 0.5608735085 0.0362945721 0.8271055818
241.6 -107.0 2813.4 0.0062671332 0.9786255956 0.2055544555 0.1470499188 0.2024218738 -0.9681950808 -0.9891092181 0.0362945721 -0.1426382065
-191.8 -34.0 2474.1 0.6316794157 0.0048936852 -0.7752142549 -0.0149452314 0.9998711348 -0.0058661732 0.7750856280 0.0152912978 0.6316711307
-193.8 -431.5 2468.0 0.6283226013 0.0988820195 -0.7716431022 -0.0535039529 0.9950332046 0.0839418471 0.7761108279 -0.0114566041 0.6304924488
-93.8 -104.9 2611.9 0.2532629073 -0.1974163651 -0.9470399618 0.0189948957 0.9797824621 -0.1991620213 0.9672110081 0.0324514247 0.2518924475
-15.4 -494.3 2599.0 0.2554846108 0.1288973838 -0.9581821561 0.0357672647 0.9891342521 0.1425979435 0.9661512971 -0.0707031339 0.2480982542
185.6 -140.6 2320.5 0 0 0 0 0 0 0 0 0
243.3 -67.5 2547.6 0 0 0 0 0 0 0 0 0
-225.8 -753.7 2471.7 0 0 0 0 0 0 0 0 0
-45.4 -724.8 2615.5 0 0 0 0 0 0 0 0 0
249.8 376.6 2501.4 67 0.5478782654 0.6792514324 -0.4883102179 -0.4499650598 0.7313613892 0.5124861002 0.7052381635 -0.0610574633 0.7063364387
114.7 231.1 2513.5 0.5478782654 0.6792514324 -0.4883102179 -0.4499650598 0.7313613892 0.5124861002 0.7052381635 -0.0610574633 0.7063364387
-15.8 81.8 2526.4 0.5638003945 0.6568252444 -0.5007091761 -0.4322965443 0.7512595654 0.4987271428 0.7037391663 -0.0647277161 0.7075037360
35.5 291.9 2414.7 0.1508007199 0.3324027359 -0.9310035110 0.9122397900 0.3160708249 0.2606104314 0.3808906674 -0.8885986805 -0.2555672824
-4.8 48.0 2312.8 -0.6907310486 0.3324027359 -0.6421830654 0.7231107950 0.3160708249 -0.6141742468 -0.0011778654 -0.8885986805 -0.4586839378
193.9 170.4 2612.4 0.1655360609 0.9813694954 -0.0975280181 -0.8326146007 0.1920701861 0.5194823742 0.5285363793 -0.0047898083 0.8488971591
251.0 -116.6 2794.6 -0.0394336432 0.9813694954 0.1880396008 0.1769589782 0.1920701861 -0.9652950764 -0.9834279418 -0.0047898083 -0.1812361777
-192.7 -32.0 2469.6 0.6681990027 0.0004949295 -0.7439824343 -0.0000954105 0.9999998212 0.0005795516 0.7439825535 -0.0003162721 0.6681989431
-192.9 -429.5 2469.8 0.6631821394 0.1010452807 -0.7416058779 -0.0623638220 0.9948595166 0.0797826573 0.7458553314 -0.0066610593 0.6660746336
-94.9 -106.4 2605.8 0.2897122800 -0.1970848888 -0.9366025329 0.0374492817 0.9801545143 -0.1946654171 0.9563808441 0.0213218704 0.2913435102
-16.6 -496.0 2597.3 0.2909475267 0.1213788241 -0.9490082860 0.0473952591 0.9888733029 0.1410080492 0.9555643797 -0.0860044360 0.2819574475
177.0 -142.3 2313.2 0 0 0 0 0 0 0 0 0
240.4 -69.1 2530.6 0 0 0 0 0 0 0 0 0
-225.5 -750.9 2471.9 0 0 0 0 0 0 0 0 0
-44.8 -725.7 2617.3 0 0 0 0 0 0 0 0 0
251.9 372.3 2506.6 68 0.5180796385 0.6834321618 -0.5143092275 -0.4306522310 0.7279458046 0.5335105658 0.7390075326 -0.0549125336 0.6714555025
116.2 227.8 2517.5 0.5180796385 0.6834321618 -0.5143092275 -0.4306522310 0.7279458046 0.5335105658 0.7390075326 -0.0549125336 0.6714555025
-14.9 78.8 2529.7 0.5358449817 0.6594240665 -0.5272855163 -0.4111095667 0.7492548227 0.5192360878 0.7374680042 -0.0614579506 0.6725800037
40.9 285.5 2413.9 0.1738374829 0.3381466269 -0.9248985648 0.9063201547 0.3124185503 0.2845670879 0.3851808608 -0.8877226710 -0.2521590590
-4.1 50.6 2314.1 -0.6742184162 0.3381466269 -0.6565716863 0.7385255098 0.3124185503 -0.5974735618 0.0030914887 -0.8877226710 -0.4603682756
191.4 170.0 2621.1 0.1442498863 0.9810086489 -0.1296690255 -0.8166232109 0.1920223981 0.5442920923 0.5588545799 0.0273766648 0.8288136721
241.1 -111.4 2813.7 -0.0013054842 0.9810086489 0.1939597428 0.1476763487 0.1920223981 -0.9702159762 -0.9890348911 0.0273766648 -0.1451224536
-198.0 -27.9 2474.9 0.6390926838 -0.0125404960 -0.7690274715 -0.0034285053 0.9998106956 -0.0191530921 0.7691220641 0.0148772160 0.6389287114
-193.0 -425.3 2469.0 0.6348950267 0.0979626179 -0.7663626075 -0.0546756089 0.9951388240 0.0819104835 0.7706613541 -0.0101032155 0.6371648312
-94.7 -107.1 2603.8 0.2577473223 -0.1956840158 -0.9461892247 0.0399264656 0.9805973172 -0.1919238567 0.9653870463 0.0116898650 0.2605592906
-16.9 -497.0 2599.2 0.2581329942 0.1208344623 -0.9585230350 0.0430750251 0.9897213578 0.1363676637 0.9651486278 -0.0764893964 0.2502748072
172.6 -143.0 2313.3 0 0 0 0 0 0 0 0 0
240.8 -71.8 2548.2 0 0 0 0 0 0 0 0 0
-225.2 -752.2 2472.3 0 0 0 0 0 0 0 0 0
-44.8 -724.9 2616.8 0 0 0 0 0 0 0 0 0
258.3 366.7 2502.2 69 0.5233802795 0.6991959810 -0.4870298505 -0.4500179887 0.7121642828 0.5388003588 0.7235723138 -0.0628252849 0.6873835325
120.3 226.2 2514.6 0.5233802795 0.6991959810 -0.4870298505 -0.4500179887 0.7121642828 0.5388003588 0.7235723138 -0.0628252849 0.6873835325
-13.7 80.0 2527.5 0.5404387712 0.6744656563 -0.5030130148 -0.4320410490 0.7354602814 0.5219566226 0.7219879031 -0.0647633076 0.6888680458
44.4 286.9 2413.1 0.1829364747 0.3238682151 -0.9282476306 0.9104316235 0.3005053103 0.2842724919 0.3710101545 -0.8971097469 -0.2398864776
-3.1 50.8 2316.9 -0.6631617546 0.3238682151 -0.6747783422 0.7483910918 0.3005053103 -0.5912759900 0.0112789646 -0.8971097469 -0.4416637123
196.2 165.4 2616.1 0.1369661242 0.9852730632 -0.1023582593 -0.8264395595 0.1706271917 0.5365482569 0.5461116433 0.0111039784 0.8376387954
243.5 -119.5 2804.4 -0.0166446175 0.9852730632 0.1701760590 0.1603393406 0.1706271917 -0.9722024798 -0.9869216084 0.0111039784 -0.1608180553
-195.0 -32.5 2474.4 0.6532998681 -0.0014340472 -0.7570978999 -0.0032236320 0.9999838471 -0.0046757786 0.7570924163 0.0054952907 0.6532846689
-194.4 -430.0 2472.2 0.6485634446 0.0937242508 -0.7553682327 -0.0683876425 0.9955516458 0.0648076087 0.7580821514 0.0096260086 0.6520879865
-96.9 -107.8 2609.5 0.2754375935 -0.2010016441 -0.9400704503 0.0283714961 0.9791702628 -0.2010490149 0.9609001875 0.0287052523 0.2754030228
-17.0 -497.0 2598.0 0.2775390148 0.1195638999 -0.9532452822 0.0454279929 0.9894823432 0.1373354942 0.9596397281 -0.0814199746 0.2691883743
169.9 -144.5 2313.9 0 0 0 0 0 0 0 0 0
239.0 -76.5 2539.3 0 0 0 0 0 0 0 0 0
-224.6 -750.4 2469.1 0 0 0 0 0 0 0 0 0
-44.6 -725.9 2616.9 0 0 0 0 0 0 0 0 0
261.9 364.3 2498.5 70 0.4781401157 0.7088615894 -0.5185530186 -0.4103227556 0.7023121119 0.5817155242 0.7765418887 -0.0653674081 0.6266656518
121.8 225.4 2511.4 0.4781401157 0.7088615894 -0.5185530186 -0.4103227556 0.7023121119 0.5817155242 0.7765418887 -0.0653674081 0.6266656518
-13.9 80.7 2524.0 0.4932886362 0.6827811599 -0.5389584303 -0.3947552145 0.7278273702 0.5607455969 0.7751352787 -0.0638527796 0.6285603642
52.6 280.7 2402.7 0.2186827660 0.2819732428 -0.9341675043 0.9158357978 0.2711034715 0.2962224782 0.3367828727 -0.9203227758 -0.1989555210
-2.1 51.5 2318.4 -0.6434295177 0.2819732428 -0.7116807699 0.7649855018 0.2711034715 -0.5842089653 0.0282078311 -0.9203227758 -0.3901413977
190.9 170.1 2620.1 0.0971154720 0.9843871593 -0.1468010098 -0.7967325449 0.1652894765 0.5812887549 0.5964778066 0.0605090149 0.8003454804
224.3 -104.1 2825.4 0.0431572497 0.9843871593 0.1706440896 0.1066246554 0.1652894765 -0.9804644585 -0.9933623075 0.0605090149 -0.0978265032
-197.2 -26.6 2474.3 0.6072145700 -0.0079556955 -0.7944980860 -0.0032205444 0.9999170303 -0.0124740358 0.7945313454 0.0101331323 0.6071385741
-194.1 -424.1 2470.2 0.6031436920 0.0925113559 -0.7922495008 -0.0563281961 0.9957115650 0.0733867660 0.7956411242 0.0003632228 0.6057681441
-98.3 -105.8 2606.6 0.2287650853 -0.2056218982 -0.9515178204 0.0271393955 0.9784050584 -0.2049073130 0.9731032848 0.0210520178 0.2294053584
-16.5 -494.8 2598.2 0.2316720784 0.1238140166 -0.9648824334 0.0498853549 0.9890501499 0.1388928890 0.9715140462 -0.0803111047 0.2229588032
165.2 -147.4 2311.1 0 0 0 0 0 0 0 0 0
235.9 -75.5 2559.2 0 0 0 0 0 0 0 0 0
-224.7 -753.9 2470.1 0 0 0 0 0 0 0 0 0
-45.3 -724.9 2616.9 0 0 0 0 0 0 0 0 0
263.5 363.0 2496.6 71 0.4721540809 0.7108870745 -0.5212581754 -0.3963392973 0.6993766427 0.5948004127 0.7873917222 -0.0742423311 0.6119660139
122.5 224.2 2511.4 0.4721540809 0.7108870745 -0.5212581754 -0.3963392973 0.6993766427 0.5948004127 0.7873917222 -0.0742423311 0.6119660139
-13.7 80.2 2526.9 0.4897418916 0.6850310564 -0.5393378735 -0.3784016669 0.7243065834 0.5763611197 0.7854712605 -0.0781818405 0.6139401793
53.7 277.3 2401.0 0.2064083517 0.2890504003 -0.9347969890 0.9246293306 0.2549118698 0.2829850614 0.3200877905 -0.9227511883 -0.2146485448
2.3 47.3 2321.4 -0.6086583138 0.2890504003 -0.7389079332 0.7929245234 0.2549118698 -0.5534352660 0.0283857100 -0.9227511883 -0.3843493760
191.3 171.1 2621.7 0.0937345996 0.9845049977 -0.1482017338 -0.7829078436 0.1648461968 0.5999009013 0.6150358915 0.0597968325 0.7862284780
223.6 -98.7 2833.6 0.0464339703 0.9845049977 0.1690970659 0.0837599039 0.1648461968 -0.9827563167 -0.9954035282 0.0597968325 -0.0748075768
-194.7 -27.9 2465.8 0.6047213078 -0.0002073000 -0.7964371443 0.0097383279 0.9999271631 0.0071338834 0.7963775992 -0.0120699769 0.6046792269
-194.7 -425.4 2470.6 0.5998816490 0.0898119956 -0.7950319648 -0.0606372021 0.9959252477 0.0667531490 0.7977876663 0.0081645269 0.6028832197
-104.6 -100.1 2607.5 0.2294189036 -0.2248145789 -0.9470086694 0.0320472270 0.9741768241 -0.2235005051 0.9728000760 0.0209262427 0.2306992710
-15.2 -487.3 2599.2 0.2301020920 0.1287234724 -0.9646156430 0.0372738168 0.9893202782 0.1409115940 0.9724524021 -0.0683789626 0.2228466570
160.4 -158.7 2314.0 0 0 0 0 0 0 0 0 0
236.0 -76.2 2566.5 0 0 0 0 0 0 0 0 0
-224.1 -751.8 2467.9 0 0 0 0 0 0 0 0 0
-45.9 -723.6 2615.5 0 0 0 0 0 0 0 0 0
262.8 365.0 2504.7 72 0.4490852058 0.7007609606 -0.5543072820 -0.3957840800 0.7122189403 0.5797405839 0.8010477424 -0.0409669243 0.5971969962
124.1 224.1 2512.8 0.4490852058 0.7007609606 -0.5543072820 -0.3957840800 0.7122189403 0.5797405839 0.8010477424 -0.0409669243 0.5971969962
-11.7 79.4 2524.2 0.4678085744 0.6834515929 -0.5604007840 -0.3763066828 0.7277387977 0.5734017491 0.7997177243 -0.0573597029 0.5976298451
58.4 277.0 2400.4 0.2155489773 0.2765590549 -0.9365114570 0.9266093373 0.2446828187 0.2855266035 0.3081132174 -0.9293252230 -0.2035210729
4.9 46.9 2323.9 -0.5765867829 0.2765590549 -0.7688060403 0.8158914447 0.2446828187 -0.5238811374 0.0432295613 -0.9293252230 -0.3667230308
189.9 171.2 2625.2 0.0794326067 0.9813596606 -0.1749960780 -0.7826732397 0.1701169759 0.5987343192 0.6173435450 0.0894057155 0.7815967798
217.3 -98.7 2838.1 0.0758653134 0.9813596606 0.1765718609 0.0845074430 0.1701169759 -0.9817936420 -0.9935305715 0.0894057155 -0.0700262189
-194.7 -29.1 2470.4 0.5805086493 0.0000489172 -0.8142541051 -0.0027085575 0.9999945760 -0.0018709443 0.8142495751 0.0032915534 0.5805056095
-194.8 -426.6 2469.1 0.5766678452 0.0910614952 -0.8118879199 -0.0527114309 0.9958452582 0.0742542967 0.8152764440 -0.0000242921 0.5790719390
-105.0 -98.4 2614.3 0.2061068416 -0.2266977876 -0.9519075751 0.0064666811 0.9730882645 -0.2303418219 0.9785081148 0.0413193442 0.2020261437
-14.9 -485.1 2597.9 0.2122680098 0.1317573190 -0.9682883620 0.0510986820 0.9880166054 0.1456436515 0.9758746028 -0.0803937465 0.2029916942
154.6 -165.0 2312.7 0 0 0 0 0 0 0 0 0
237.7 -76.0 2571.3 0 0 0 0 0 0 0 0 0
-224.7 -753.8 2469.1 0 0 0 0 0 0 0 0 0
-46.8 -724.1 2617.3 0 0 0 0 0 0 0 0 0
264.7 363.1 2500.2 73 0.4488266706 0.7083506584 -0.5447880030 -0.3846122324 0.7034118176 0.5977334380 0.8066151738 -0.0587466061 0.5881503224
124.5 223.9 2511.9 0.4488266706 0.7083506584 -0.5447880030 -0.3846122324 0.7034118176 0.5977334380 0.8066151738 -0.0587466061 0.5881503224
-12.4 80.5 2525.9 0.4665087461 0.6889686584 -0.5546997190 -0.3665831983 0.7213258743 0.5876272321 0.8049759865 -0.0707896501 0.5890691280
58.9 275.4 2398.7 0.2021868527 0.3052992523 -0.9305443764 0.9282828569 0.2430661470 0.2814422548 0.3121079504 -0.9207123518 -0.2342592925
9.0 46.4 2321.6 -0.5513437390 0.3052992523 -0.7764099836 0.8334480524 0.2430661470 -0.4962692857 0.0372083411 -0.9207123518 -0.3884640634
190.1 172.3 2625.1 0.0748720840 0.9827927947 -0.1688565612 -0.7727336287 0.1642113030 0.6131210327 0.6302990317 0.0845754892 0.7717318535
215.9 -94.2 2842.5 0.0743798465 0.9827927947 0.1690739542 0.0672854930 0.1642113030 -0.9841277003 -0.9949574471 0.0845754892 -0.0539136864
-190.3 -30.8 2462.3 0.5822650194 0.0122810174 -0.8129062653 0.0188475568 0.9994132519 0.0285987277 0.8127805591 -0.0319733359 0.5816919208
-195.2 -427.8 2475.0 0.5769237280 0.0887005553 -0.8119674921 -0.0632949099 0.9959517717 0.0638266131 0.8143419027 0.0145703210 0.5802025199
-104.6 -99.7 2608.9 0.2081892043 -0.2238105983 -0.9521376491 0.0210049320 0.9742662311 -0.2244193554 0.9778630137 0.0267221034 0.2075328529
-15.6 -487.0 2598.2 0.2116228789 0.1271287501 -0.9690480232 0.0471591987 0.9890210629 0.1400477290 0.9762129784 -0.0753368288 0.2033041865
152.2 -170.1 2312.0 0 0 0 0 0 0 0 0 0
235.9 -76.1 2575.1 0 0 0 0 0 0 0 0 0
-224.5 -756.4 2470.2 0 0 0 0 0 0 0 0 0
-46.2 -724.7 2616.3 0 0 0 0 0 0 0 0 0
264.3 362.4 2506.5 74 0.4439800978 0.7095820904 -0.5471516252 -0.4094558358 0.7038164735 0.5805069208 0.7970116735 -0.0336990990 0.6030230522
124.3 223.5 2513.2 0.4439800978 0.7095820904 -0.5471516252 -0.4094558358 0.7038164735 0.5805069208 0.7970116735 -0.0336990990 0.6030230522
-12.9 80.0 2522.8 0.4635996819 0.6900606751 -0.5557801723 -0.3894677162 0.7221186757 0.5717163086 0.7958582044 -0.0485890508 0.6035303473
59.0 278.3 2401.2 0.1931567341 0.3131257892 -0.9298616648 0.9293341637 0.2455700487 0.2757415175 0.3146879673 -0.9174135327 -0.2435649931
10.8 46.1 2322.6 -0.5386207104 0.3131257892 -0.7822020054 0.8415296674 0.2455700487 -0.4811685681 0.0414190926 -0.9174135327 -0.3957737684
189.5 168.7 2625.1 0.0721213520 0.9826891422 -0.1706475616 -0.7900356650 0.1607189626 0.5916190147 0.6088038683 0.0921492949 0.7879507542
214.4 -103.8 2835.1 0.0775536150 0.9826891422 0.1682483703 0.0948486179 0.1607189626 -0.9824322462 -0.9924662113 0.0921492949 -0.0807423666
-192.1 -29.2 2466.2 0.5799130201 0.0066614789 -0.8146511912 0.0064603421 0.9998975396 0.0127750784 0.8146528006 -0.0126713598 0.5798105597
-194.8 -426.6 2471.2 0.5756402612 0.0917836949 -0.8125355244 -0.0499897897 0.9957719445 0.0770667717 0.8161735535 -0.0037442564 0.5777946711
-106.6 -96.5 2613.8 0.2013468295 -0.2298195809 -0.9521777034 0.0101721892 0.9725242257 -0.2325794399 0.9794672132 0.0371434018 0.1981524378
-15.2 -483.1 2599.0 0.2057261169 0.1268861443 -0.9703487158 0.0434385836 0.9893972278 0.1385865062 0.9776450396 -0.0706614405 0.1980330944
150.7 -172.6 2311.8 0 0 0 0 0 0 0 0 0
235.2 -78.3 2568.4 0 0 0 0 0 0 0 0 0
-225.5 -759.2 2472.5 0 0 0 0 0 0 0 0 0
-46.1 -723.9 2616.2 0 0 0 0 0 0 0 0 0
262.1 359.8 2509.6 75 0.4332301617 0.7064255476 -0.5597093701 -0.4155537486 0.7076286674 0.5714689493 0.7997666597 -0.0149882501 0.6001238227
122.9 220.3 2512.6 0.4332301617 0.7064255476 -0.5597093701 -0.4155537486 0.7076286674 0.5714689493 0.7997666597 -0.0149882501 0.6001238227
-13.0 75.5 2520.0 0.4586311281 0.6838104129 -0.5675039887 -0.3893106580 0.7286973000 0.5634159446 0.7988082767 -0.0374647193 0.6004179120
58.3 275.1 2400.2 0.1905856729 0.3093985021 -0.9316381812 0.9304302335 0.2456730753 0.2719269991 0.3130122125 -0.9186497331 -0.2410519421
11.8 47.8 2323.8 -0.5224137306 0.3093985021 -0.7945794463 0.8511253595 0.2456730753 -0.4639293253 0.0516677424 -0.9186497331 -0.3916798830
187.4 165.6 2625.0 0.0729546696 0.9801080823 -0.1845692843 -0.7924597859 0.1693299115 0.5859478712 0.6055453420 0.1035161018 0.7890496254
212.6 -107.9 2833.9 0.0872675404 0.9801080823 0.1782486439 0.1007545888 0.1693299115 -0.9803957939 -0.9910766482 0.1035161018 -0.0839733779
-192.6 -27.8 2459.5 0.5710777044 0.0061693504 -0.8208728433 0.0190552957 0.9996026754 0.0207692999 0.8206748366 -0.0275028590 0.5707332492
-195.0 -425.0 2470.4 0.5661006570 0.0890849754 -0.8195083141 -0.0534662828 0.9960181117 0.0713390559 0.8226003647 0.0034309744 0.5686095357
-107.5 -99.2 2605.4 0.1873962283 -0.2307059318 -0.9548075199 0.0206993334 0.9727392197 -0.2309761047 0.9820662737 0.0235201716 0.1870631278
-15.8 -485.9 2596.1 0.1917927116 0.1245120615 -0.9735051394 0.0547521189 0.9890174866 0.1372829527 0.9799070358 -0.0796313435 0.1828690469
147.5 -173.3 2310.3 0 0 0 0 0 0 0 0 0
236.0 -80.8 2567.5 0 0 0 0 0 0 0 0 0
-224.6 -755.7 2469.3 0 0 0 0 0 0 0 0 0
-45.8 -723.9 2615.2 0 0 0 0 0 0 0 0 0
261.4 355.8 2512.2 76 0.3963594437 0.7172256708 -0.5731374025 -0.3916268349 0.6967049837 0.6010246277 0.8303779960 -0.0137657896 0.5570304394
120.8 219.3 2514.9 0.3963594437 0.7172256708 -0.5731374025 -0.3916268349 0.6967049837 0.6010246277 0.8303779960 -0.0137657896 0.5570304394
-16.0 75.2 2522.1 0.4254032075 0.6880519986 -0.5878915787 -0.3622487187 0.7247495651 0.5861006379 0.8293418884 -0.0363661125 0.5575567484
61.0 270.2 2398.4 0.1961219907 0.3104110658 -0.9301511049 0.9285489321 0.2460941225 0.2779109776 0.3151713610 -0.9181953073 -0.2399674058
13.4 44.7 2321.8 -0.5187326670 0.3104110658 -0.7965936065 0.8532717228 0.2460941225 -0.4597445428 0.0533272065 -0.9181953073 -0.3925220370
180.6 168.4 2631.5 0.0452273972 0.9762033224 -0.2120885402 -0.7709923983 0.1691124588 0.6139802337 0.6352363229 0.1357499212 0.7602938414
196.2 -97.4 2850.4 0.1263220161 0.9762033224 0.1762663126 0.0653638989 0.1691124588 -0.9834269285 -0.9898334742 0.1357499212 -0.0424458347
-191.0 -33.6 2454.2 0.5385991931 0.0118150869 -0.8424792886 0.0321719870 0.9988840818 0.0345761739 0.8419476748 -0.0457269326 0.5376180410
-195.7 -430.6 2472.4 0.5329192281 0.0880329758 -0.8415743113 -0.0557106584 0.9960657358 0.0689153075 0.8443301320 0.0101583609 0.5357269645
-106.9 -105.0 2600.8 0.1549476832 -0.2259523422 -0.9617363214 0.0297075324 0.9741189480 -0.2240753025 0.9874759316 0.0061491346 0.1576499641
-17.1 -492.2 2598.3 0.1576117724 0.1173786297 -0.9805002809 0.0518701710 0.9905557632 0.1269203424 0.9861379266 -0.0708628595 0.1500348002
148.2 -177.1 2308.0 0 0 0 0 0 0 0 0 0
230.1 -79.8 2584.7 0 0 0 0 0 0 0 0 0
-224.5 -755.8 2469.1 0 0 0 0 0 0 0 0 0
-44.6 -725.0 2615.0 0 0 0 0 0 0 0 0 0
268.6 357.5 2512.0 77 0.4045993090 0.7286813855 -0.5525602698 -0.4094660282 0.6846234798 0.6030159593 0.8177022338 -0.0177251752 0.5753684640
125.2 222.8 2515.5 0.4045993090 0.7286813855 -0.5525602698 -0.4094660282 0.6846234798 0.6030159593 0.8177022338 -0.0177251752 0.5753684640
-13.9 80.9 2521.5 0.4289211929 0.6995016932 -0.5715977550 -0.3856476843 0.7139918804 0.5843726397 0.8168858290 -0.0302144662 0.5760074854
64.9 277.0 2400.6 0.1729561985 0.3198637664 -0.9315435290 0.9342833757 0.2461027354 0.2579691112 0.3117703795 -0.9149429798 -0.2562783957
20.6 37.8 2320.8 -0.5048428178 0.3198637664 -0.8017611504 0.8614432812 0.2461027354 -0.4442396760 0.0552194379 -0.9149429798 -0.3997876942
185.5 168.5 2630.3 0.0398467407 0.9803230762 -0.1933362484 -0.7840278745 0.1506266296 0.6021726727 0.6194453239 0.1275863945 0.7746025920
199.2 -101.8 2843.9 0.1160426214 0.9803230762 0.1596896350 0.0831236243 0.1506266296 -0.9850898981 -0.9897598624 0.1275863945 -0.0640088990
-191.7 -35.7 2453.3 0.5493903160 0.0133790979 -0.8354587555 0.0362656899 0.9985477924 0.0398388170 0.8347784877 -0.0521855466 0.5481072664
-197.0 -432.6 2474.1 0.5439009666 0.0838784203 -0.8349468112 -0.0580532439 0.9963690639 0.0622777902 0.8371388912 0.0145984190 0.5467955470
-113.7 -102.0 2605.3 0.1648748070 -0.2450650781 -0.9553844333 0.0158893038 0.9691749811 -0.2458604127 0.9861865044 0.0253557935 0.1636864543
-16.3 -487.2 2595.2 0.1714376807 0.1176042482 -0.9781504869 0.0690979213 0.9889693260 0.1310156137 0.9827688336 -0.0900491774 0.1614204049
151.8 -186.1 2306.5 0 0 0 0 0 0 0 0 0
230.4 -79.5 2578.0 0 0 0 0 0 0 0 0 0
-224.4 -757.7 2469.3 0 0 0 0 0 0 0 0 0
-44.8 -726.5 2617.0 0 0 0 0 0 0 0 0 0
275.3 358.9 2512.4 78 0.3984690011 0.7357175946 -0.5476697087 -0.4104020596 0.6770313382 0.6108998656 0.8202393651 -0.0186599046 0.5717160106
129.7 224.9 2516.1 0.3984690011 0.7357175946 -0.5476697087 -0.4104020596 0.6770313382 0.6108998656 0.8202393651 -0.0186599046 0.5717160106
-10.4 84.0 2521.6 0.4221665263 0.7048302889 -0.5700786710 -0.3876041472 0.7088296413 0.5893416405 0.8194744587 -0.0278354641 0.5724393129
70.3 279.4 2400.8 0.1938799173 0.3227070272 -0.9264290333 0.9294643402 0.2416989356 0.2787071764 0.3138576746 -0.9151184559 -0.2530840933
20.9 42.7 2320.9 -0.4908050001 0.3227070272 -0.8093025684 0.8694319725 0.2416989356 -0.4308940172 0.0565550439 -0.9151184559 -0.3991988599
189.1 170.4 2631.4 0.0313608758 0.9807563424 -0.1927005500 -0.7833634615 0.1438588500 0.6046869755 0.6207722425 0.1319910437 0.7728002071
199.9 -99.9 2845.5 0.1212961823 0.9807563424 0.1529844403 0.0807734281 0.1438588500 -0.9862962365 -0.9893244505 0.1319910437 -0.0617695190
-192.2 -25.7 2452.7 0.5456405878 0.0092865936 -0.8379678726 0.0345483832 0.9988391995 0.0335655063 0.8373068571 -0.0472651348 0.5446863770
-195.9 -422.8 2471.5 0.5401978493 0.0869797170 -0.8370309472 -0.0504207462 0.9962025881 0.0709797442 0.8400261998 0.0038606208 0.5425320864
-113.6 -96.4 2602.4 0.1575869620 -0.2514293790 -0.9549605250 0.0266221687 0.9677738547 -0.2504098117 0.9871461987 0.0140381977 0.1592021286
-13.7 -481.1 2596.8 0.1621150225 0.1262913942 -0.9786568284 0.0613237768 0.9885697365 0.1377289146 0.9848645329 -0.0823428631 0.1525173336
148.5 -183.3 2306.2 0 0 0 0 0 0 0 0 0
232.5 -78.2 2579.6 0 0 0 0 0 0 0 0 0
-224.9 -754.7 2470.2 0 0 0 0 0 0 0 0 0
-44.5 -722.7 2617.0 0 0 0 0 0 0 0 0 0
300.0 369.2 2512.1 79 0.4177986681 0.7608128190 -0.4965965450 -0.4401694536 0.6476589441 0.6219233871 0.7947924733 -0.0412521288 0.6054776311
149.0 240.6 2520.3 0.4177986681 0.7608128190 -0.4965965450 -0.4401694536 0.6476589441 0.6219233871 0.7947924733 -0.0412521288 0.6054776311
3.0 106.1 2526.9 0.4304558635 0.7350513339 -0.5238389373 -0.4289589822 0.6772263050 0.5977948308 0.7941674590 -0.0326188691 0.6068229675
88.6 300.9 2408.6 0.2516543865 0.2878096700 -0.9240322709 0.9169709086 0.2344892025 0.3227679431 0.3095713258 -0.9285367131 -0.2049028724
18.5 45.6 2322.4 -0.4979555607 0.2878096700 -0.8180500269 0.8648335934 0.2344892025 -0.4439342618 0.0640553236 -0.9285367131 -0.3656726778
209.4 180.3 2631.9 0.0151858274 0.9900151491 -0.1401407868 -0.8008984327 0.0959523395 0.5910624862 0.5986076593 0.1032627672 0.7943586707
214.6 -95.9 2838.4 0.0932225138 0.9900151491 0.1057336926 0.1038119718 0.0959523395 -0.9899576902 -0.9902184606 0.1032627672 -0.0938305035
-188.1 -14.8 2454.0 0.5748600364 0.0151949907 -0.8181106448 0.0261665042 0.9989748001 0.0369405895 0.8178333044 -0.0426427647 0.5738731027
