-130.2 454.2 2468.8 16 0.6327822804 0.3807627559 -0.6742449999 -0.0273361392 0.8811886311 0.4719738066 0.7738471031 -0.2802253962 0.5680091381
-207.3 275.8 2525.5 0.6327822804 0.3807627559 -0.6742449999 -0.0273361392 0.8811886311 0.4719738066 0.7738471031 -0.2802253962 0.5680091381
-277.3 100.5 2577.7 0.6339738369 0.3579559922 -0.6855251193 -0.0244705770 0.8952718973 0.4448476434 0.7729672194 -0.2652465999 0.5763383508
-297.3 279.3 2415.7 -0.0738516897 0.3459382653 -0.9353462458 0.9970771074 0.0440222360 -0.0624440946 0.0195742324 -0.9372239709 -0.3481782377
-278.4 23.6 2410.7 -0.6448460817 0.3459382653 -0.6815425158 0.7367473245 0.0440222360 -0.6747335792 -0.2034131438 -0.9372239709 -0.2832566500
-117.3 272.2 2635.4 -0.0201478619 0.9415767193 -0.3361953199 -0.7614722252 0.2034525722 0.6154406071 0.6478843689 0.2684032023 0.7128853798
-120.9 135.5 2751.7 0.3241770267 0.9415767193 -0.0913372412 -0.7635908127 0.2034525722 -0.6128100157 -0.5584248900 0.2684032023 0.7849339843
-395.7 -84.8 2555.5 -0.0945717841 -0.0788981766 -0.9923866391 -0.1190535426 0.9905968308 -0.0674103945 0.9883736372 0.1117720231 -0.1030756161
-364.8 -472.7 2511.8 -0.1148357540 0.2233259529 -0.9679557085 -0.2039845884 0.9483361840 0.2429995388 0.9722155333 0.2253530771 -0.0633478463
-290.6 -81.2 2702.5 -0.1980155259 -0.2219938487 -0.9547295570 -0.0914629176 0.9739512205 -0.2074934244 0.9759223461 0.0462354384 -0.2131616771
-203.8 -462.3 2684.5 -0.1980155259 0.3203667998 -0.9263665676 -0.0914629176 0.9349178672 0.3428747654 0.9759223461 0.1526227146 -0.1558265686
-113.3 -165.0 2462.8 0 0 0 0 0 0 0 0 0
-38.0 -59.8 2608.9 0 0 0 0 0 0 0 0 0
-435.9 -774.2 2440.1 0 0 0 0 0 0 0 0 0
-324.0 -813.2 2627.2 0 0 0 0 0 0 0 0 0
-130.2 453.2 2465.0 17 0.6125511527 0.3821146190 -0.6919317245 -0.0077006826 0.8782287836 0.4781787097 0.7903934121 -0.2875805795 0.5409026146
-207.7 275.1 2523.4 0.6125511527 0.3821146190 -0.6919317245 -0.0077006826 0.8782287836 0.4781787097 0.7903934121 -0.2875805795 0.5409026146
-278.2 100.7 2577.6 0.6144624949 0.3600095510 -0.7020177841 -0.0031442258 0.8909276128 0.4541344345 0.7889397740 -0.2768412828 0.5485735536
-295.1 275.6 2411.1 -0.0649592280 0.3152000904 -0.9467994571 0.9978342652 0.0303546526 -0.0583552867 0.0103461780 -0.9485396743 -0.3164892495
-278.7 23.1 2408.5 -0.6635346413 0.3152000904 -0.6785061955 0.7216337323 0.0303546526 -0.6916092634 -0.1973994821 -0.9485396743 -0.2476003617
-120.4 274.6 2635.6 -0.0059315083 0.9523723722 -0.3048797548 -0.7570089102 0.1949321181 0.6236497164 0.6533775926 0.2344958782 0.7197981477
-121.4 140.8 2751.1 0.2951701880 0.9523723722 -0.0765598044 -0.7823762894 0.1949321181 -0.5915139914 -0.5484176278 0.2344958782 0.8026517034
-404.4 -72.4 2560.1 -0.1165263876 -0.1145537198 -0.9865592122 -0.1190315932 0.9877772331 -0.1006358638 0.9860289693 0.1057049781 -0.1287376285
-359.6 -459.0 2518.7 -0.1380608827 0.2303946912 -0.9632536173 -0.2058326751 0.9446581602 0.2554484904 0.9687992930 0.2335365117 -0.0829975829
-290.3 -76.9 2699.4 -0.2058541477 -0.2104685903 -0.9556814432 -0.0843522400 0.9767789841 -0.1969453692 0.9749404192 0.0400718488 -0.2188275009
-207.9 -459.3 2683.7 -0.2058541477 0.3009593189 -0.9311538935 -0.0843522400 0.9425343871 0.3232857287 0.9749404192 0.1450946182 -0.1686380059
-107.5 -163.1 2459.5 0 0 0 0 0 0 0 0 0
-45.9 -59.3 2610.8 0 0 0 0 0 0 0 0 0
-436.3 -773.6 2440.9 0 0 0 0 0 0 0 0 0
-321.0 -813.6 2629.2 0 0 0 0 0 0 0 0 0
-132.5 449.9 2463.7 18 0.5901546478 0.3854925632 -0.7093045712 0.0071709431 0.8760861158 0.4821013212 0.8072583675 -0.2896007299 0.5142619610
-210.3 273.3 2522.1 0.5901546478 0.3854925632 -0.7093045712 0.0071709431 0.8760861158 0.4821013212 0.8072583675 -0.2896007299 0.5142619610
-281.7 99.4 2577.0 0.5920188427 0.3645640016 -0.7187536359 0.0115550915 0.8879064918 0.4598788321 0.8058412671 -0.2805621922 0.5214447975
-294.5 271.6 2407.4 -0.0599663854 0.2575942576 -0.9643905759 0.9980906248 0.0011468540 -0.0617555417 -0.0148018580 -0.9662525058 -0.2571712136
-279.5 21.2 2411.1 -0.6801890731 0.2575942576 -0.6862856746 0.7104691863 0.0011468540 -0.7037273645 -0.1804890633 -0.9662525058 -0.1837928742
-126.0 274.9 2636.7 0.0239791255 0.9540696740 -0.2986236215 -0.7489439845 0.2150061429 0.6267816424 0.6621992588 0.2086227089 0.7197003961
-121.9 145.8 2750.9 0.2956739366 0.9540696740 -0.0482492484 -0.7879319191 0.2150061429 -0.5770058036 -0.5401298404 0.2086227089 0.8153136373
-404.2 -73.4 2560.8 -0.1405808032 -0.1019830480 -0.9848027825 -0.1328404397 0.9876297116 -0.0833128020 0.9811169505 0.1191094443 -0.1523892432
-364.2 -460.1 2514.1 -0.1540996581 0.2149740010 -0.9643855691 -0.1917160004 0.9509887099 0.2426220775 0.9692772031 0.2222761214 -0.1053330824
-293.3 -74.0 2703.1 -0.2233356982 -0.2143617123 -0.9508786798 -0.1135210767 0.9746004343 -0.1930464208 0.9681085348 0.0648306161 -0.2419976443
-209.4 -455.5 2677.7 -0.2036599964 0.2875762582 -0.9358538985 -0.0468448289 0.9519305229 0.3027107716 0.9779203534 0.1054899842 -0.1803987026
-103.6 -162.5 2457.8 0 0 0 0 0 0 0 0 0
-46.2 -55.9 2612.7 0 0 0 0 0 0 0 0 0
-434.7 -771.6 2441.3 0 0 0 0 0 0 0 0 0
-317.5 -813.4 2638.1 0 0 0 0 0 0 0 0 0
-122.6 451.5 2467.0 19 0.6239050627 0.3972818255 -0.6729856133 -0.0289899148 0.8723185062 0.4880778193 0.7809622884 -0.2850044370 0.5557610989
-203.0 274.9 2524.7 0.6239050627 0.3972818255 -0.6729856133 -0.0289899148 0.8723185062 0.4880778193 0.7809622884 -0.2850044370 0.5557610989
-274.9 100.9 2578.9 0.6288744211 0.3667356074 -0.6855814457 -0.0175387524 0.8882358670 0.4590527415 0.7773090005 -0.2766622901 0.5650209188
-292.4 277.4 2414.1 -0.0552865267 0.3150899112 -0.9474501014 0.9983801842 0.0302119851 -0.0482109562 0.0134335635 -0.9485808015 -0.3162498176
-278.4 23.4 2410.7 -0.6560209394 0.3150899112 -0.6858242154 0.7292009592 0.0302119851 -0.6836323142 -0.1946855336 -0.9485808015 -0.2495835572
-113.6 272.4 2635.2 -0.0393414982 0.9372826219 -0.3463430107 -0.7605296373 0.1967290938 0.6187829375 0.6481102109 0.2877479792 0.7050916553
-120.2 144.1 2744.5 0.3257063925 0.9372826219 -0.1241635308 -0.7883463502 0.1967290938 -0.5829302669 -0.5219438672 0.2877479792 0.8029792905
-406.5 -75.5 2559.3 -0.0998242572 -0.1049630046 -0.9894533157 -0.1261875033 0.9877265096 -0.0920489803 0.9869710207 0.1156679243 -0.1118440852
-365.4 -462.3 2514.0 -0.1166321188 0.2102571428 -0.9706641436 -0.2012918293 0.9520463943 0.2304109484 0.9725628495 0.2222600728 -0.0687161461
-299.7 -73.4 2704.7 -0.1629650146 -0.2438069433 -0.9560337663 -0.1008220017 0.9680299163 -0.2296801358 0.9814669490 0.0589594133 -0.1823361069
-204.2 -452.3 2681.6 -0.1629650146 0.3094757795 -0.9368389249 -0.1008220017 0.9393381476 0.3278395832 0.9814669490 0.1478803605 -0.1218772829
-108.6 -165.3 2461.1 0 0 0 0 0 0 0 0 0
-36.9 -57.7 2611.0 0 0 0 0 0 0 0 0 0
-433.9 -772.6 2441.5 0 0 0 0 0 0 0 0 0
-320.5 -805.3 2626.1 0 0 0 0 0 0 0 0 0
-117.1 452.0 2464.6 20 0.6438814402 0.4165002704 -0.6418288350 -0.0551962480 0.8619540930 0.5039727688 0.7631317973 -0.2890721560 0.5779854655
-201.5 277.3 2523.2 0.6438814402 0.4165002704 -0.6418288350 -0.0551962480 0.8619540930 0.5039727688 0.7631317973 -0.2890721560 0.5779854655
-277.9 105.7 2578.3 0.6486233473 0.3901423812 -0.6535109878 -0.0449748822 0.8767758012 0.4787916839 0.7597795725 -0.2811639011 0.5862438679
-293.7 283.8 2415.1 -0.0540297665 0.3360776007 -0.9402832389 0.9981945753 0.0429207794 -0.0420165993 0.0262368526 -0.9408558011 -0.3377898633
-280.2 33.4 2408.5 -0.6304999590 0.3360776007 -0.6996582150 0.7523487210 0.0429207794 -0.6573653817 -0.1908959150 -0.9408558011 -0.2799091041
-109.3 270.9 2631.3 -0.0735519975 0.9206592441 -0.3833752871 -0.7672262192 0.1933580488 0.6115362644 0.6371452212 0.3391152918 0.6921320558
-122.3 135.3 2743.9 0.3579012752 0.9206592441 -0.1558627635 -0.7649489641 0.1933580488 -0.6143823862 -0.5354995131 0.3391152918 0.7734604478
-403.4 -71.4 2563.0 -0.0762046501 -0.1029884815 -0.9917591810 -0.1448059827 0.9852494001 -0.0911858976 0.9865211844 0.1366638690 -0.0899939388
-363.1 -457.2 2509.5 -0.0873323828 0.2200268805 -0.9715766907 -0.1927773952 0.9531341195 0.2331785560 0.9773484468 0.2076620609 -0.0408232622
-290.0 -74.6 2703.2 -0.2435355783 -0.2257653177 -0.9432499409 -0.1021809503 0.9730910063 -0.2065258622 0.9644944072 0.0460857786 -0.2600511909
-201.6 -455.5 2685.1 -0.2435355783 0.3274864256 -0.9129310250 -0.1021809503 0.9273693562 0.3599237502 0.9644944072 0.1809383929 -0.1923845559
-117.0 -161.4 2457.9 0 0 0 0 0 0 0 0 0
-30.7 -60.3 2606.9 0 0 0 0 0 0 0 0 0
-436.0 -773.1 2440.6 0 0 0 0 0 0 0 0 0
-324.7 -804.2 2617.1 0 0 0 0 0 0 0 0 0
-115.9 448.4 2464.9 21 0.6324059367 0.4251677394 -0.6475300193 -0.0599134341 0.8602562547 0.5063295364 0.7723167539 -0.2814100385 0.5695043802
-202.3 273.5 2522.2 0.6324059367 0.4251677394 -0.6475300193 -0.0599134341 0.8602562547 0.5063295364 0.7723167539 -0.2814100385 0.5695043802
-281.1 102.5 2576.0 0.6366081834 0.4022127688 -0.6579930782 -0.0511084609 0.8733489513 0.4844063520 0.7694920301 -0.2747480273 0.5765375495
-292.9 280.8 2412.6 -0.0424970537 0.3379501998 -0.9402040243 0.9989495873 0.0305139553 -0.0341843031 0.0171367526 -0.9406691790 -0.3388919830
-282.7 40.2 2408.5 -0.6154559255 0.3379501998 -0.7120419145 0.7633218169 0.0305139553 -0.6452973485 -0.1963511556 -0.9406691790 -0.2767447829
-111.7 266.2 2631.7 -0.0090114847 0.9378347993 -0.3469649255 -0.7746340632 0.2128723562 0.5955060124 0.6323454976 0.2741372585 0.7245604992
-113.3 126.9 2745.5 0.3382464349 0.9378347993 -0.0778153241 -0.7376304269 0.2128723562 -0.6407703757 -0.5843720436 0.2741372585 0.7637788057
-412.7 -61.8 2564.9 -0.0913205370 -0.1314785630 -0.9871038198 -0.1541778892 0.9811599255 -0.1164232939 0.9838138819 0.1415577531 -0.1098711342
-361.3 -445.9 2509.5 -0.0988724902 0.2206432223 -0.9703302383 -0.1866807044 0.9536828995 0.2358797342 0.9774326086 0.2044639587 -0.0531031713
-295.7 -70.0 2702.1 -0.3846400082 -0.2823144197 -0.8788348436 -0.1023563445 0.9592549205 -0.2633500099 0.9173741341 -0.0113406200 -0.3978644907
-185.6 -444.4 2706.5 -0.3846400082 0.3647633791 -0.8479385376 -0.1023563445 0.8960907459 0.4319079816 0.9173741341 0.2529209852 -0.3073365092
-123.3 -157.5 2459.3 0 0 0 0 0 0 0 0 0
-26.9 -61.6 2596.2 0 0 0 0 0 0 0 0 0
-436.8 -772.5 2439.5 0 0 0 0 0 0 0 0 0
-322.3 -780.3 2611.7 0 0 0 0 0 0 0 0 0
-123.3 445.3 2463.1 22 0.6101751924 0.4045011103 -0.6812232733 -0.0242143907 0.8689607978 0.4942881465 0.7918964028 -0.2851069570 0.5400130749
-205.1 269.7 2520.7 0.6101751924 0.4045011103 -0.6812232733 -0.0242143907 0.8689607978 0.4942881465 0.7918964028 -0.2851069570 0.5400130749
-280.3 97.2 2574.9 0.6122988462 0.3843187094 -0.6909336448 -0.0195032079 0.8809826970 0.4727463424 0.7903858423 -0.2759866118 0.5469201207
-292.2 272.5 2408.2 -0.0440030955 0.3092868626 -0.9499502182 0.9990179539 0.0185554978 -0.0402346477 0.0051827501 -0.9507877231 -0.3097996414
-281.6 32.7 2407.0 -0.6457019448 0.3092868626 -0.6981480122 0.7381018400 0.0185554978 -0.6744341254 -0.1956391186 -0.9507877231 -0.2402665317
-118.0 266.8 2633.2 0.0234557372 0.9292207360 -0.3687799573 -0.7654393911 0.2539780438 0.5912678242 0.6430803537 0.2684100866 0.7172194123
-113.7 127.2 2750.6 0.3661311567 0.9292207360 -0.0499681309 -0.7310169935 0.2539780438 -0.6333319545 -0.5758143663 0.2684100866 0.7722653747
-417.3 -63.8 2560.3 -0.1152026579 -0.1350696385 -0.9841161370 -0.1650830954 0.9795385599 -0.1151164100 0.9795284271 0.1491992176 -0.1351431608
-364.4 -447.4 2501.9 -0.1140050739 0.2115495503 -0.9706954360 -0.1596401185 0.9604681730 0.2280698866 0.9805701971 0.1809630543 -0.0757264495
-302.3 -73.1 2699.3 -0.2321982533 -0.2714897394 -0.9340113997 -0.0942599550 0.9620177150 -0.2561970353 0.9680904150 0.0285513625 -0.2489694506
-196.3 -448.9 2688.2 -0.2321982533 0.3289679289 -0.9153491259 -0.0942599550 0.9290302396 0.3577958643 0.9680904150 0.1693603396 -0.1847106963
-114.3 -158.5 2457.7 0 0 0 0 0 0 0 0 0
-20.1 -59.8 2603.4 0 0 0 0 0 0 0 0 0
-435.9 -772.2 2440.7 0 0 0 0 0 0 0 0 0
-319.3 -796.4 2624.8 0 0 0 0 0 0 0 0 0
-118.3 446.3 2453.7 23 0.6609593034 0.4098573029 -0.6286094189 -0.0524675287 0.8608647585 0.5061215758 0.7485852838 -0.3015441895 0.5905007720
-201.6 271.4 2515.0 0.6609593034 0.4098573029 -0.6286094189 -0.0524675287 0.8608647585 0.5061215758 0.7485852838 -0.3015441895 0.5905007720
-276.8 99.7 2571.7 0.6644119024 0.3843871951 -0.6409394145 -0.0449148081 0.8765835762 0.4791491330 0.7460157275 -0.2895647287 0.5996772051
-296.0 277.8 2409.0 -0.0640404224 0.3232483566 -0.9441447854 0.9978829026 0.0314880684 -0.0569048077 0.0113349073 -0.9457901716 -0.3245805204
-279.8 25.7 2406.1 -0.6653780937 0.3232483566 -0.6728911400 0.7182343006 0.0314880684 -0.6950884461 -0.2034981698 -0.9457901716 -0.2531195283
-107.3 264.9 2621.0 -0.0272610653 0.9195078015 -0.3921252191 -0.7115817070 0.2576554418 0.6536551714 0.7020742893 0.2968484759 0.6472809911
-112.6 126.1 2757.9 0.3875938654 0.9195078015 -0.0653937981 -0.7199706435 0.2576554418 -0.6444035769 -0.5756850243 0.2968484759 0.7618843317
-410.8 -73.5 2557.7 -0.0532139651 -0.1136185080 -0.9920983315 -0.1623342633 0.9812745452 -0.1036716774 0.9852998853 0.1555347741 -0.0706616864
-366.3 -457.7 2496.8 -0.0539340340 0.2090655714 -0.9764131904 -0.1656485498 0.9624145031 0.2152181566 0.9847089052 0.1733490080 -0.0172754899
-300.3 -77.1 2700.4 -0.2882790267 -0.2599707246 -0.9215803742 -0.1011454016 0.9653223157 -0.2406707555 0.9521895051 0.0238332823 -0.3045770228
-198.6 -454.7 2691.0 -0.2882790267 0.3335200548 -0.8975853920 -0.1011454016 0.9215301275 0.3749023676 0.9521895051 0.1988631338 -0.2319238037
-107.6 -160.2 2458.8 0 0 0 0 0 0 0 0 0
-13.5 -58.1 2610.7 0 0 0 0 0 0 0 0 0
-434.7 -772.8 2440.0 0 0 0 0 0 0 0 0 0
-323.7 -800.4 2616.4 0 0 0 0 0 0 0 0 0
-121.5 444.0 2459.0 24 0.5954253078 0.4101835191 -0.6908097863 -0.0007197051 0.8601184487 0.5100938678 0.8034103513 -0.3032256365 0.5124315023
-204.2 270.5 2520.1 0.5954253078 0.4101835191 -0.6908097863 -0.0007197051 0.8601184487 0.5100938678 0.8034103513 -0.3032256365 0.5124315023
-280.2 99.3 2577.1 0.5967935324 0.3881076574 -0.7022890449 0.0022532849 0.8744271994 0.4851515591 0.8023916483 -0.2911177874 0.5209779739
-288.7 270.2 2406.5 -0.0403998755 0.3117984235 -0.9492889643 0.9991642833 0.0185109731 -0.0364424549 0.0062095635 -0.9499679208 -0.3122857213
-278.7 22.3 2405.0 -0.6757684946 0.3117984235 -0.6679211259 0.7071520686 0.0185109731 -0.7068191171 -0.2080212235 -0.9499679208 -0.2329980433
-119.8 270.9 2633.8 0.0667893365 0.9234099984 -0.3779591620 -0.7425661683 0.2990157902 0.5993205309 0.6664343476 0.2406314611 0.7056640983
-106.6 124.5 2765.1 0.3838041127 0.9234099984 0.0028902353 -0.7146524787 0.2990157902 -0.6323459744 -0.5847788453 0.2406314611 0.7746807337
-411.8 -67.9 2561.3 -0.1321304142 -0.1273059100 -0.9830232859 -0.1540255696 0.9823093414 -0.1065105274 0.9791923761 0.1373374313 -0.1494013071
-362.0 -452.5 2507.5 -0.1364338994 0.2211250663 -0.9656549692 -0.1725252271 0.9545702934 0.2429622412 0.9755105376 0.1997481287 -0.0920860842
-292.1 -76.0 2695.7 -0.2890168428 -0.2300812602 -0.9292641878 -0.0929160193 0.9728481770 -0.2119740099 0.9528042078 0.0250794683 -0.3025477529
-202.1 -456.7 2685.9 -0.2890168428 0.3203362226 -0.9021385312 -0.0929160193 0.9285188913 0.3594708741 0.9528042078 0.1877162606 -0.2385932207
-103.5 -161.0 2458.9 0 0 0 0 0 0 0 0 0
-8.4 -58.4 2615.4 0 0 0 0 0 0 0 0 0
-436.3 -773.2 2440.4 0 0 0 0 0 0 0 0 0
-322.5 -805.7 2615.3 0 0 0 0 0 0 0 0 0
-126.8 441.4 2460.1 25 0.5647203922 0.4013607800 -0.7211105227 0.0277594067 0.8640420437 0.5026537180 0.8248153329 -0.3038764000 0.4768006206
-207.6 267.5 2521.3 0.5647203922 0.4013607800 -0.7211105227 0.0277594067 0.8640420437 0.5026537180 0.8248153329 -0.3038764000 0.4768006206
-282.2 95.8 2578.8 0.5657465458 0.3808296919 -0.7313683033 0.0300432760 0.8768506050 0.4798233509 0.8240317106 -0.2934311032 0.4846338034
-287.8 263.2 2404.4 -0.0457972623 0.3269926608 -0.9439164996 0.9989426136 0.0111706946 -0.0445972718 -0.0040387772 -0.9449608326 -0.3271584809
-276.8 22.4 2405.3 -0.6534489989 0.3269926608 -0.6827006936 0.7250362039 0.0111706946 -0.6886201501 -0.2175474912 -0.9449608326 -0.2443809956
-127.3 271.7 2638.3 0.1648624688 0.9307181239 -0.3264722526 -0.7271503210 0.3383270502 0.5973166823 0.6663878560 0.1389192939 0.7325494289
-93.8 123.6 2774.0 0.3514615297 0.9307181239 0.1011858210 -0.7222736478 0.3383270502 -0.6032044291 -0.5956472158 0.1389192939 0.7911421061
-409.8 -72.2 2562.1 -0.1620282084 -0.1191885322 -0.9795616269 -0.1670195013 0.9816688895 -0.0918184295 0.9725489020 0.1487287134 -0.1789648682
-363.1 -456.6 2503.8 -0.1602364033 0.2192748338 -0.9624150991 -0.1591852605 0.9565106034 0.2444329560 0.9741582870 0.1923693568 -0.1183625013
-302.6 -71.8 2706.2 -0.1689253598 -0.2607397735 -0.9505150914 -0.1079565212 0.9634667635 -0.2451065779 0.9796987176 0.0612095930 -0.1909025162
-200.6 -448.5 2682.3 -0.1689253598 0.3104658127 -0.9354545474 -0.1079565212 0.9375556707 0.3306580484 0.9796987176 0.1568449438 -0.1248601153
-107.3 -165.6 2461.8 0 0 0 0 0 0 0 0 0
-5.1 -58.5 2623.7 0 0 0 0 0 0 0 0 0
-435.4 -772.2 2440.4 0 0 0 0 0 0 0 0 0
-317.4 -801.1 2623.3 0 0 0 0 0 0 0 0 0
-131.8 441.0 2461.7 26 0.5351914167 0.3835461736 -0.7526370287 0.0498308949 0.8750922680 0.4813838899 0.8432597518 -0.2951371074 0.4492293894
-208.7 265.7 2520.8 0.5351914167 0.3835461736 -0.7526370287 0.0498308949 0.8750922680 0.4813838899 0.8432597518 -0.2951371074 0.4492293894
-280.2 92.3 2576.9 0.5357289314 0.3653653562 -0.7612507343 0.0510947481 0.8858602643 0.4611300528 0.8428426981 -0.2859366238 0.4559127092
-284.7 258.5 2401.0 -0.0318453349 0.3005521595 -0.9532335997 0.9993558526 -0.0062135095 -0.0353452750 -0.0165460240 -0.9537451267 -0.3001606762
-277.1 19.4 2405.0 -0.6722685695 0.3005521595 -0.6765525937 0.7079538703 -0.0062135095 -0.7062313557 -0.2164631188 -0.9537451267 -0.2085999250
-132.6 272.9 2640.6 0.2271316499 0.9200295806 -0.3193067312 -0.7257465124 0.3785396516 0.5744559765 0.6493867636 0.1012586132 0.7536866069
-84.9 120.5 2777.1 0.3730916679 0.9200295806 0.1197839379 -0.7672419548 0.3785396516 -0.5177330375 -0.5216726661 0.1012586132 0.8471152782
-407.6 -78.7 2562.1 -0.1896783412 -0.1150632948 -0.9750807881 -0.1742364913 0.9812917709 -0.0819027349 0.9662628174 0.1543594748 -0.2061780244
-362.6 -463.0 2501.7 -0.1842077971 0.2241026312 -0.9569981694 -0.1507138163 0.9557052255 0.2528100014 0.9712635279 0.1908024251 -0.1422729939
-305.8 -73.3 2710.5 -0.2076877207 -0.3242329359 -0.9228969812 -0.1146237254 0.9450360537 -0.3062160611 0.9714562297 0.0421885699 -0.2334371656
-179.2 -442.3 2694.0 -0.2076877207 0.3780830801 -0.9021745920 -0.1146237254 0.9065247178 0.4062934220 0.9714562297 0.1877927631 -0.1449367702
-103.6 -163.4 2460.9 0 0 0 0 0 0 0 0 0
8.7 -72.0 2646.2 0 0 0 0 0 0 0 0 0
-435.3 -773.4 2439.7 0 0 0 0 0 0 0 0 0
-321.1 -782.3 2623.6 0 0 0 0 0 0 0 0 0
-135.1 439.6 2462.0 27 0.5652860403 0.3706996441 -0.7369080782 0.0445389301 0.8783163428 0.4760007560 0.8236916661 -0.3018976748 0.4799893796
-209.3 263.9 2522.4 0.5652860403 0.3706996441 -0.7369080782 0.0445389301 0.8783163428 0.4760007560 0.8236916661 -0.3018976748 0.4799893796
-279.5 90.4 2580.1 0.5654137135 0.3585231900 -0.7428111434 0.0448479429 0.8858915567 0.4617193937 0.8235872388 -0.2943760455 0.4848162234
-289.7 257.5 2405.3 -0.0511860214 0.2943494320 -0.9543261528 0.9986882806 0.0138292192 -0.0492999777 -0.0013138341 -0.9555978179 -0.2946711779
-277.3 16.4 2405.6 -0.6873369813 0.2943494320 -0.6640228033 0.6977946758 0.0138292192 -0.7161643505 -0.2016196400 -0.9555978179 -0.2149007916
-128.9 270.2 2639.5 0.2271600813 0.9230410457 -0.3104731441 -0.6890333891 0.3776319921 0.6185685992 0.6882087588 0.0734122619 0.7217890024
-82.9 130.6 2779.0 0.3693759441 0.9230410457 0.1075020432 -0.8166567087 0.3776319921 -0.4364239872 -0.4434334636 0.0734122619 0.8932958245
-399.9 -85.8 2557.0 -0.1591755152 -0.0901716277 -0.9831237197 -0.1470291466 0.9868799448 -0.0667109638 0.9762405157 0.1339290887 -0.1703449935
-364.6 -472.1 2504.6 -0.1650926769 0.2216614783 -0.9610466361 -0.1722800732 0.9529554248 0.2493902892 0.9711148143 0.2067416906 -0.1191381067
-303.4 -76.6 2709.0 -0.1778806597 -0.2960847318 -0.9384520650 -0.1098534837 0.9536748528 -0.2800651789 0.9779011607 0.0532740504 -0.2021662593
-187.7 -449.4 2688.1 -0.1778806597 0.3651010692 -0.9138159752 -0.1098534837 0.9154537320 0.3871391416 0.9779011607 0.1692504436 -0.1227338910
-101.0 -162.6 2457.3 0 0 0 0 0 0 0 0 0
8.5 -71.4 2669.3 0 0 0 0 0 0 0 0 0
-434.8 -773.9 2439.1 0 0 0 0 0 0 0 0 0
-324.9 -793.4 2624.5 0 0 0 0 0 0 0 0 0
-133.0 439.7 2461.1 28 0.5597659945 0.3668487966 -0.7430235147 0.0358359292 0.8851109743 0.4639982879 0.8278754950 -0.2863574028 0.4823086560
-206.8 261.8 2518.7 0.5597659945 0.3668487966 -0.7430235147 0.0358359292 0.8851109743 0.4639982879 0.8278754950 -0.2863574028 0.4823086560
-275.5 86.6 2572.8 0.5598224401 0.3509315252 -0.7506303191 0.0359758101 0.8947400451 0.4451359510 0.8278312683 -0.2762016356 0.4882704914
-286.5 256.7 2400.8 -0.0395675860 0.2860229611 -0.9574055076 0.9989854097 -0.0093009621 -0.0440646410 -0.0215082914 -0.9581776261 -0.2853647172
-276.9 14.4 2406.1 -0.6914796233 0.2860229611 -0.6633602381 0.6902458072 -0.0093009621 -0.7235151529 -0.2131118327 -0.9581776261 -0.1909947246
-127.1 266.9 2636.6 0.2494983375 0.9269853234 -0.2800870538 -0.6828748584 0.3734965622 0.6278393865 0.6866094470 0.0346195288 0.7262017727
-75.5 125.6 2778.6 0.3536682129 0.9269853234 0.1249679103 -0.8395469785 0.3734965622 -0.3945391476 -0.4124071002 0.0346195288 0.9103416204
-400.6 -87.1 2563.4 -0.1641436070 -0.0972212702 -0.9816337824 -0.1610199213 0.9844247103 -0.0705727935 0.9732057452 0.1464785188 -0.1772415936
-362.6 -472.6 2506.1 -0.1677201688 0.2291895896 -0.9588232636 -0.1757833213 0.9500615001 0.2578437626 0.9700361490 0.2117907405 -0.1190567687
-298.6 -79.1 2712.0 -0.1609603465 -0.2509317398 -0.9545286894 -0.1212880909 0.9648377895 -0.2331892848 0.9794799685 0.0782387331 -0.1857356578
-200.6 -456.1 2681.5 -0.1609603465 0.3267105222 -0.9313173294 -0.1212880909 0.9299210310 0.3471829891 0.9794799685 0.1688403934 -0.1100543290
-99.9 -162.3 2460.6 0 0 0 0 0 0 0 0 0
11.2 -80.3 2677.5 0 0 0 0 0 0 0 0 0
-435.1 -773.4 2439.0 0 0 0 0 0 0 0 0 0
-323.4 -805.7 2618.0 0 0 0 0 0 0 0 0 0
-132.4 436.0 2457.7 29 0.5720859766 0.3732121289 -0.7303631306 0.0239513237 0.8824949861 0.4697115719 0.8198438287 -0.2862085700 0.4959240854
-207.1 259.5 2515.0 0.5720859766 0.3732121289 -0.7303631306 0.0239513237 0.8824949861 0.4697115719 0.8198438287 -0.2862085700 0.4959240854
-276.9 84.7 2569.0 0.5723860860 0.3566521704 -0.7383586168 0.0246811081 0.8925530314 0.4502664506 0.8196127415 -0.2759497464 0.5020823479
-288.6 256.0 2398.2 -0.0498888493 0.2661287189 -0.9626456499 0.9980624914 -0.0225968994 -0.0579713546 -0.0371806473 -0.9636725783 -0.2644857466
-276.4 13.2 2407.3 -0.6942979097 0.2661287189 -0.6686747670 0.6890068054 -0.0225968994 -0.7244024873 -0.2078942657 -0.9636725783 -0.1676755100
-125.5 262.9 2631.7 0.2553842068 0.9360088706 -0.2422113419 -0.7089204788 0.3516318202 0.6113810539 0.6574273109 0.0155715048 0.7533570528
-70.4 109.9 2773.6 0.3332113624 0.9360088706 0.1133913621 -0.8709871769 0.3516318202 -0.3431273401 -0.3610422313 0.0155715048 0.9324194193
-394.7 -91.9 2552.1 -0.1542373151 -0.0793857127 -0.9848394394 -0.1319658905 0.9894912839 -0.0590932891 0.9791812301 0.1208508313 -0.1630926877
-363.6 -479.2 2504.8 -0.1651175767 0.2323145717 -0.9585229158 -0.1758977920 0.9493453503 0.2603908479 0.9704618454 0.2115971595 -0.1158899814
-293.6 -85.4 2701.6 -0.0088703660 -0.2262332886 -0.9740327597 -0.0910131633 0.9702107310 -0.2245167196 0.9958102107 0.0866582617 -0.0291963313
-205.1 -464.9 2667.7 -0.0088703660 0.3148055971 -0.9491147399 -0.0910131633 0.9449583292 0.3142775893 0.9958102107 0.0891696885 0.0202693287
-99.4 -162.5 2460.3 0 0 0 0 0 0 0 0 0
13.0 -108.0 2683.3 0 0 0 0 0 0 0 0 0
-435.5 -772.9 2439.4 0 0 0 0 0 0 0 0 0
-323.2 -819.2 2634.3 0 0 0 0 0 0 0 0 0
-130.9 435.7 2460.5 30 0.5582591295 0.3861646652 -0.7343184352 0.0245040245 0.8770161271 0.4798357189 0.8293046951 -0.2858664393 0.4801396728
-208.1 260.4 2517.6 0.5582591295 0.3861646652 -0.7343184352 0.0245040245 0.8770161271 0.4798357189 0.8293046951 -0.2858664393 0.4801396728
-280.7 86.9 2571.9 0.5587750673 0.3708730340 -0.7417705655 0.0257057771 0.8862578273 0.4624784291 0.8289207220 -0.2774892151 0.4856852293
-287.7 256.7 2399.5 -0.0473862961 0.2743206024 -0.9604700804 0.9985634685 -0.0110654365 -0.0524261035 -0.0250095818 -0.9615746140 -0.2734022141
-276.1 13.0 2405.6 -0.6954262257 0.2743206024 -0.6641766429 0.6883435249 -0.0110654365 -0.7253004909 -0.2063142657 -0.9615746140 -0.1811316162
-128.5 264.1 2635.7 0.2766400576 0.9386573434 -0.2058947533 -0.7368944287 0.3447299600 0.5815047622 0.6168118119 -0.0091448184 0.7870575190
-66.7 99.3 2773.6 0.3247742653 0.9386573434 0.1159485132 -0.8926146626 0.3447299600 -0.2905172706 -0.3126670718 -0.0091448184 0.9498187304
-398.4 -92.3 2549.0 -0.1730126739 -0.0883166790 -0.9809519649 -0.1101241857 0.9914610386 -0.0698399842 0.9787437320 0.0959433392 -0.1812611371
-363.8 -480.5 2511.5 -0.1933006495 0.2312740088 -0.9534921050 -0.1908180118 0.9444026947 0.2677537203 0.9624049664 0.2337004393 -0.1384224147
-295.0 -87.9 2697.1 -0.1294976473 -0.2553262115 -0.9581434727 -0.0939728096 0.9650908113 -0.2444766611 0.9871167541 0.0583802834 -0.1489707083
-195.2 -465.3 2674.3 -0.1294976473 0.3464539945 -0.9290855527 -0.0939728096 0.9284699559 0.3593225181 0.9871167541 0.1338402033 -0.0876774117
-99.0 -162.3 2458.2 0 0 0 0 0 0 0 0 0
15.4 -126.3 2694.6 0 0 0 0 0 0 0 0 0
-435.4 -772.5 2439.2 0 0 0 0 0 0 0 0 0
-325.2 -813.7 2624.1 0 0 0 0 0 0 0 0 0
-126.1 438.8 2461.9 31 0.5437293053 0.3905957937 -0.7428279519 0.0323967263 0.8746700883 0.4836348891 0.8386351466 -0.2870316505 0.4629297256
-204.3 263.7 2519.4 0.5437293053 0.3905957937 -0.7428279519 0.0323967263 0.8746700883 0.4836348891 0.8386351466 -0.2870316505 0.4629297256
-277.4 90.4 2573.8 0.5442639589 0.3733316064 -0.7512657642 0.0336283743 0.8850929737 0.4641977549 0.8382397294 -0.2779099643 0.4691696763
-281.9 258.9 2399.9 -0.0348113850 0.3016260862 -0.9527905583 0.9990494847 -0.0145250661 -0.0410997309 -0.0262360964 -0.9533156753 -0.3008337319
-273.3 14.1 2406.4 -0.6600903869 0.3016260862 -0.6879698038 0.7183111310 -0.0145250661 -0.6955703497 -0.2197949588 -0.9533156753 -0.2070735097
-126.8 268.5 2638.8 0.2760733962 0.9440084696 -0.1806418896 -0.7503255606 0.3291369975 0.5733065009 0.6006621122 -0.0227344502 0.7991796732
-63.8 97.3 2775.9 0.3084750772 0.9440084696 0.1170091555 -0.9049852490 0.3291369975 -0.2695747912 -0.2929929197 -0.0227344502 0.9558442831
-403.8 -89.0 2551.4 -0.1885511428 -0.0962752402 -0.9773328900 -0.1146277189 0.9905382395 -0.0754616186 0.9753506780 0.0978010669 -0.1978029311
-366.1 -476.9 2513.1 -0.2071440071 0.2196008563 -0.9533450603 -0.1924169809 0.9463014603 0.2597869933 0.9592012763 0.2372530848 -0.1537657380
-302.9 -84.4 2701.2 -0.1749961227 -0.2617001832 -0.9491519332 -0.1020274684 0.9636577964 -0.2468888462 0.9792684913 0.0536349788 -0.1953369826
-200.4 -461.5 2680.2 -0.1749961227 0.3400097787 -0.9239965677 -0.1020274684 0.9271631837 0.3604980409 0.9792684913 0.1573587954 -0.1275596172
-104.9 -169.1 2462.4 0 0 0 0 0 0 0 0 0
14.7 -132.9 2701.3 0 0 0 0 0 0 0 0 0
-434.6 -771.7 2439.2 0 0 0 0 0 0 0 0 0
-328.2 -810.0 2621.0 0 0 0 0 0 0 0 0 0
-123.1 436.3 2462.1 32 0.5105377436 0.4041536748 -0.7589538693 0.0542837530 0.8657429814 0.4975363016 0.8581401110 -0.2952099442 0.4200555086
-204.1 262.9 2521.2 0.5105377436 0.4041536748 -0.7589538693 0.0542837530 0.8657429814 0.4975363016 0.8581401110 -0.2952099442 0.4200555086
-280.4 91.4 2577.0 0.5098426938 0.3896776438 -0.7669496536 0.0527590364 0.8756827712 0.4799960554 0.8586483002 -0.2851860225 0.4259014428
-276.7 255.3 2399.0 -0.0086904569 0.2899731398 -0.9569953084 0.9996591210 -0.0210428331 -0.0154539421 -0.0246191211 -0.9568034410 -0.2896914184
-274.6 13.8 2405.0 -0.6769100428 0.2899731398 -0.6765415072 0.7022337317 -0.0210428331 -0.7116354704 -0.2205915004 -0.9568034410 -0.1893848032
-131.5 270.5 2643.4 0.3157554269 0.9390568733 -0.1359069198 -0.7548651099 0.3353952169 0.5636388063 0.5748714209 -0.0753806382 0.8147641420
-59.2 97.8 2774.9 0.2961072922 0.9390568733 0.1746214628 -0.9005808234 0.3353952169 -0.2765217423 -0.3182368577 -0.0753806382 0.9450095892
-399.7 -86.0 2552.4 -0.2258272916 -0.0925882012 -0.9697574377 -0.1201396063 0.9905209541 -0.0665937215 0.9667308331 0.1014675945 -0.2348101735
-363.5 -473.9 2512.7 -0.2399533838 0.2252861261 -0.9442819953 -0.1779258847 0.9460171461 0.2709131837 0.9543399811 0.2330187410 -0.1869157702
-301.4 -79.9 2703.9 -0.1240951419 -0.2697899938 -0.9548894167 -0.1082657427 0.9602639675 -0.2572385371 0.9863462448 0.0714597628 -0.1483731121
-195.8 -455.9 2676.0 -0.1240951419 0.3501919806 -0.9284211993 -0.1082657427 0.9252889752 0.3634816110 0.9863462448 0.1456225216 -0.0769100711
-101.9 -165.4 2461.2 0 0 0 0 0 0 0 0 0
16.3 -131.9 2693.7 0 0 0 0 0 0 0 0 0
-434.7 -773.0 2439.0 0 0 0 0 0 0 0 0 0
-327.5 -804.0 2621.2 0 0 0 0 0 0 0 0 0
-117.7 434.5 2462.7 33 0.5285567045 0.4201451242 -0.7376353145 0.0292058643 0.8594182730 0.5104383230 0.8483954668 -0.2913388610 0.4419805706
-201.5 263.1 2520.8 0.5285567045 0.4201451242 -0.7376353145 0.0292058643 0.8594182730 0.5104383230 0.8483954668 -0.2913388610 0.4419805706
-280.0 92.4 2576.0 0.5294254422 0.4004225433 -0.7479107380 0.0310387909 0.8718667626 0.4887585938 0.8477884531 -0.2819754779 0.4491598010
-276.9 258.7 2400.1 -0.0223204084 0.3259514570 -0.9451229572 0.9994564652 -0.0156660080 -0.0290064197 -0.0242609885 -0.9452567101 -0.3254246116
-271.4 11.8 2406.1 -0.6586757302 0.3259514570 -0.6781607270 0.7134752274 -0.0156660080 -0.7005053163 -0.2389547825 -0.9452567101 -0.2222394645
-126.2 267.6 2641.5 0.3050890565 0.9428634644 -0.1338996291 -0.7471754551 0.3241668642 0.5802109241 0.5904655457 -0.0769694969 0.8033841848
-56.4 96.8 2776.5 0.2817245126 0.9428634644 0.1778756380 -0.8990190625 0.3241668642 -0.2944156229 -0.3352551162 -0.0769694969 0.9389780164
-402.8 -84.9 2555.2 -0.2055336833 -0.0963697881 -0.9738936424 -0.1458706856 0.9870400429 -0.0668856427 0.9677177668 0.1283152699 -0.2169274986
-365.1 -471.3 2505.0 -0.2099538445 0.2171295583 -0.9532964826 -0.1651204079 0.9531486034 0.2534619868 0.9636672735 0.2106240094 -0.1642646939
-310.7 -75.3 2710.3 -0.0345683359 -0.2971181571 -0.9542147517 -0.1152780652 0.9495978951 -0.2915043831 0.9927315712 0.0999232158 -0.0670772269
-194.4 -446.8 2671.2 -0.0345683359 0.3380409181 -0.9404963255 -0.1152780652 0.9334287643 0.3397377133 0.9927315712 0.1201627702 0.0067016236
-103.1 -170.6 2467.1 0 0 0 0 0 0 0 0 0
15.6 -133.0 2690.8 0 0 0 0 0 0 0 0 0
-433.8 -772.9 2438.3 0 0 0 0 0 0 0 0 0
-321.6 -798.0 2625.9 0 0 0 0 0 0 0 0 0
-116.6 431.7 2464.5 34 0.5290135145 0.4241829216 -0.7349922061 0.0238548853 0.8583341241 0.5125363469 0.8482780457 -0.2886717916 0.4439514875
-201.0 261.0 2521.9 0.5290135145 0.4241829216 -0.7349922061 0.0238548853 0.8583341241 0.5125363469 0.8482780457 -0.2886717916 0.4439514875
-280.2 90.5 2576.8 0.5303288102 0.4044902325 -0.7450764775 0.0265989695 0.8704723120 0.4914982021 0.8473746777 -0.2804739177 0.4508775175
-276.5 257.2 2401.2 -0.0123663396 0.3080135286 -0.9513016343 0.9998841882 -0.0046274490 -0.0144961644 -0.0088671139 -0.9513707161 -0.3079206347
-273.5 12.7 2403.3 -0.6780606508 0.3080135286 -0.6673540473 0.7003815174 -0.0046274490 -0.7137537003 -0.2229339331 -0.9513707161 -0.2125892788
-125.5 264.8 2642.6 0.3017617464 0.9452493787 -0.1242717877 -0.7536462545 0.3163403273 0.5761476755 0.5839154124 -0.0802023485 0.8078430295
-56.1 91.7 2776.8 0.2747557759 0.9452493787 0.1761047393 -0.9040220976 0.3163403273 -0.2875289023 -0.3274955451 -0.0802023485 0.9414426684
-406.2 -81.1 2554.6 -0.2065246105 -0.1135559231 -0.9718295336 -0.1360035837 0.9869320393 -0.0864183381 0.9689430594 0.1143247858 -0.2192697823
-361.7 -467.5 2509.9 -0.2155238688 0.2230701745 -0.9506782889 -0.1737169921 0.9492703676 0.2621223927 0.9609224200 0.2216426134 -0.1658393443
-310.6 -75.5 2707.7 -0.1866239160 -0.3363070190 -0.9230759144 -0.1211730614 0.9402884245 -0.3180797994 0.9749300480 0.0524906367 -0.2162316591
-179.2 -442.9 2687.2 -0.1866239160 0.3825487792 -0.9048911333 -0.1211730614 0.9050770998 0.4076180458 0.9749300480 0.1857197136 -0.1225544289
-100.0 -166.6 2460.4 0 0 0 0 0 0 0 0 0
14.2 -139.6 2693.0 0 0 0 0 0 0 0 0 0
-433.9 -774.4 2438.2 0 0 0 0 0 0 0 0 0
-322.7 -782.4 2617.6 0 0 0 0 0 0 0 0 0
-106.3 431.7 2456.9 35 0.5397821665 0.4432030022 -0.7156859040 0.0215493776 0.8426268101 0.5380666256 0.8415288925 -0.3058613241 0.4452841580
-194.7 263.5 2517.9 0.5397821665 0.4432030022 -0.7156859040 0.0215493776 0.8426268101 0.5380666256 0.8415288925 -0.3058613241 0.4452841580
-277.8 95.8 2575.2 0.5391063690 0.4243834019 -0.7275046706 0.0202254802 0.8570036292 0.5149132609 0.8419948220 -0.2923071384 0.4534327686
-271.5 260.7 2397.9 0.0124741765 0.2995942533 -0.9539851546 0.9998018742 -0.0185371563 0.0072517679 -0.0155115835 -0.9538866282 -0.2997661233
-274.6 12.5 2401.8 -0.6860755086 0.2995942533 -0.6629808545 0.6905828118 -0.0185371563 -0.7230157256 -0.2289011329 -0.9538866282 -0.1941767633
-117.9 266.4 2637.9 0.2691326141 0.9565353394 -0.1122841910 -0.7423021793 0.2802993655 0.6086211801 0.6136408448 -0.0804509893 0.7854760289
-58.7 103.2 2772.8 0.2448543608 0.9565353394 0.1583869755 -0.9218219519 0.2802993655 -0.2677248418 -0.3004840612 -0.0804509893 0.9503877759
-407.4 -82.3 2555.2 -0.1979128420 -0.1159223765 -0.9733409286 -0.1473880857 0.9852125049 -0.0873673111 0.9690754414 0.1261677295 -0.2120717913
-362.0 -468.1 2505.8 -0.2026165575 0.2249130756 -0.9530795813 -0.1671296954 0.9510450959 0.2599633038 0.9648907781 0.2119607627 -0.1551078260
-311.5 -77.5 2708.3 -0.1682491004 -0.3790472746 -0.9099535346 -0.1197449788 0.9241357446 -0.3628143072 0.9784443974 0.0479191840 -0.2008740157
-163.4 -438.7 2689.6 -0.1682491004 0.4316673279 -0.8862028718 -0.1197449788 0.8834108114 0.4530413747 0.9784443974 0.1823421419 -0.0969430730
-99.2 -164.0 2460.3 0 0 0 0 0 0 0 0 0
1.6 -124.0 2698.7 0 0 0 0 0 0 0 0 0
-434.3 -773.9 2437.6 0 0 0 0 0 0 0 0 0
-325.4 -770.3 2621.1 0 0 0 0 0 0 0 0 0
-90.1 437.3 2451.1 36 0.5645602345 0.4711115062 -0.6777356863 -0.0075694150 0.8240284324 0.5664979219 0.8253571391 -0.3146921396 0.4687797129
-185.1 271.2 2514.5 0.5645602345 0.4711115062 -0.6777356863 -0.0075694150 0.8240284324 0.5664979219 0.8253571391 -0.3146921396 0.4687797129
-272.8 106.4 2573.3 0.5647441149 0.4487429857 -0.6925992966 -0.0072363513 0.8419040442 0.5395787358 0.8252342939 -0.2997120321 0.4787076414
-265.4 272.3 2397.0 0.0298207533 0.3167406619 -0.9480432868 0.9993312359 -0.0295259841 0.0215694066 -0.0211600028 -0.9480525255 -0.3174093366
-273.0 17.9 2402.4 -0.6463295221 0.3167406619 -0.6942142844 0.7248249054 -0.0295259841 -0.6883001328 -0.2385100126 -0.9480525255 -0.2104980052
-104.7 270.1 2632.0 0.2070953995 0.9703801274 -0.1243939996 -0.7486519217 0.2390440106 0.6183674335 0.6297870874 -0.0349332355 0.7759819031
-58.9 104.5 2771.3 0.2222534567 0.9703801274 0.0946877524 -0.9400312901 0.2390440106 -0.2433087677 -0.2587365508 -0.0349332355 0.9653160572
-409.6 -73.8 2556.3 -0.1754099727 -0.1255550981 -0.9764564633 -0.1339427382 0.9856555462 -0.1026765555 0.9753413200 0.1127787605 -0.1897110045
-360.4 -459.8 2512.2 -0.1867247522 0.2241355479 -0.9565025568 -0.1811082363 0.9490855336 0.2577527761 0.9655742645 0.2213593274 -0.1366249621
-312.2 -70.2 2708.5 -0.1105210409 -0.3370863497 -0.9349641204 -0.1142611727 0.9387991428 -0.3249623477 0.9872838855 0.0709149167 -0.1422729343
-180.4 -437.1 2680.8 -0.1105210409 0.3711619675 -0.9219673872 -0.1142611727 0.9167544842 0.3827604353 0.9872838855 0.1476481557 -0.0589112602
-107.9 -167.3 2463.3 0 0 0 0 0 0 0 0 0
-4.5 -125.8 2708.0 0 0 0 0 0 0 0 0 0
-434.7 -774.4 2438.8 0 0 0 0 0 0 0 0 0
-319.6 -780.8 2625.5 0 0 0 0 0 0 0 0 0
-90.4 433.7 2456.7 37 0.5477777719 0.4797556698 -0.6854006648 -0.0237839427 0.8278446794 0.5604529977 0.8362857699 -0.2907021344 0.4648853540
-185.7 269.3 2514.4 0.5477777719 0.4797556698 -0.6854006648 -0.0237839427 0.8278446794 0.5604529977 0.8362857699 -0.2907021344 0.4648853540
-274.6 104.0 2569.9 0.5514280796 0.4544090331 -0.6995995045 -0.0172484759 0.8446558714 0.5350317359 0.8340440989 -0.2829645276 0.4736048281
-264.2 271.8 2395.6 0.0355181023 0.3266395032 -0.9444813728 0.9991729259 -0.0303286295 0.0270859729 -0.0197974779 -0.9446622729 -0.3274465501
-272.8 29.3 2400.4 -0.6058560014 0.3266395032 -0.7254275680 0.7604131699 -0.0303286295 -0.6487310529 -0.2339024097 -0.9446622729 -0.2300062031
-107.2 266.8 2633.2 0.1909621060 0.9726645350 -0.1321256459 -0.7729155421 0.2319701016 0.5905857086 0.6050909758 -0.0106575200 0.7960850000
-64.3 93.3 2769.1 0.2226931155 0.9726645350 0.0658140332 -0.9448062778 0.2319701016 -0.2313676924 -0.2403100282 -0.0106575200 0.9706376791
-411.6 -57.7 2557.5 -0.1916301101 -0.1387396902 -0.9716116786 -0.1413241327 0.9835423231 -0.1125700697 0.9712390900 0.1157403663 -0.2080835849
-357.3 -442.9 2512.2 -0.1975052357 0.2238705903 -0.9543970227 -0.1660773903 0.9518601894 0.2576439977 0.9661314487 0.2093898058 -0.1508175284
-309.7 -59.1 2706.6 -0.1509711295 -0.3145077825 -0.9371726513 -0.1104209200 0.9474711418 -0.3001759648 0.9823517203 0.0581655614 -0.1777690351
-186.7 -429.7 2683.9 -0.1509711295 0.3439575136 -0.9267690778 -0.1104209200 0.9257799983 0.3615780175 0.9823517203 0.1569225341 -0.1017859429
-118.1 -165.0 2460.2 0 0 0 0 0 0 0 0 0
-8.5 -143.4 2708.9 0 0 0 0 0 0 0 0 0
-435.1 -773.7 2439.4 0 0 0 0 0 0 0 0 0
-315.8 -777.4 2624.9 0 0 0 0 0 0 0 0 0
-96.4 431.5 2467.0 38 0.5242239833 0.4713204503 -0.7092575431 -0.0389542468 0.8452722430 0.5329141021 0.8506889939 -0.2517377436 0.4614719152
-189.4 264.6 2516.7 0.5242239833 0.4713204503 -0.7092575431 -0.0389542468 0.8452722430 0.5329141021 0.8506889939 -0.2517377436 0.4614719152
-276.8 96.4 2565.4 0.5291219354 0.4469024539 -0.7213239074 -0.0298614372 0.8593509793 0.5105136633 0.8480201960 -0.2485842407 0.4680466056
-264.8 268.9 2395.9 0.0258268565 0.3375813365 -0.9409419894 0.9995839596 -0.0208098423 0.0199705157 -0.0128391804 -0.9410663247 -0.3379783630
-270.9 31.2 2399.0 -0.5988715291 0.3375813365 -0.7262173891 0.7665709853 -0.0208098423 -0.6418223381 -0.2317797095 -0.9410663247 -0.2463176250
-114.1 260.3 2637.5 0.2176830173 0.9722878337 -0.0852668434 -0.7886294723 0.2266880125 0.5715559125 0.5750458241 -0.0571740679 0.8161209822
-64.9 82.1 2767.4 0.2067643851 0.9722878337 0.1091092154 -0.9479291439 0.2266880125 -0.2237026542 -0.2422371209 -0.0571740679 0.9685310125
-413.4 -59.8 2550.0 -0.2177289277 -0.1432840526 -0.9654344916 -0.1526364088 0.9819930792 -0.1113183573 0.9640001059 0.1231232285 -0.2356786430
-357.2 -444.4 2501.7 -0.2126673609 0.2253059298 -0.9507943392 -0.1309218556 0.9577090144 0.2562282085 0.9683140516 0.1789711267 -0.1741759777
-313.8 -63.0 2700.7 -0.0597487316 -0.2921642959 -0.9544999003 -0.0971216485 0.9533730149 -0.2857398391 0.9934774637 0.0756300092 -0.0853383020
-199.4 -436.0 2671.1 -0.0597487316 0.3086415231 -0.9492999911 -0.0971216485 0.9446896315 0.3132553697 0.9934774637 0.1109141931 -0.0264682304
-117.7 -164.9 2458.3 0 0 0 0 0 0 0 0 0
-12.5 -158.0 2706.0 0 0 0 0 0 0 0 0 0
-434.7 -773.7 2440.2 0 0 0 0 0 0 0 0 0
-315.3 -790.6 2629.4 0 0 0 0 0 0 0 0 0
-83.5 434.2 2465.1 39 0.5465827584 0.4902521670 -0.6788962483 -0.0615468957 0.8320401907 0.5512904525 0.8351402879 -0.2595418692 0.4849522710
-181.3 268.4 2516.9 0.5465827584 0.4902521670 -0.6788962483 -0.0615468957 0.8320401907 0.5512904525 0.8351402879 -0.2595418692 0.4849522710
-272.2 101.8 2565.0 0.5481491089 0.4646349847 -0.6954472661 -0.0587863624 0.8508429527 0.5221210718 0.8343121409 -0.2453173846 0.4937029779
-259.3 276.8 2398.1 0.0394745432 0.3479834795 -0.9366692305 0.9992199540 -0.0147884814 0.0366165601 -0.0011099579 -0.9373840094 -0.3482958078
