-106.7 429.0 2447.3 9 0.5589649081 0.4189018905 -0.7155972719 0.0532264933 0.8430998325 0.5351164341 0.8274812102 -0.3372000456 0.4489665627
-190.8 259.8 2514.9 0.5589649081 0.4189018905 -0.7155972719 0.0532264933 0.8430998325 0.5351164341 0.8274812102 -0.3372000456 0.4489665627
-269.3 92.1 2578.7 0.5590945482 0.4004432261 -0.7259879112 0.0534953997 0.8563820124 0.5135641098 0.8273763061 -0.3259679377 0.4573766589
-270.3 252.1 2397.3 0.0339730904 0.2080833316 -0.9775209427 0.9763941765 -0.2156641930 -0.0119741634 -0.2133078873 -0.9540389180 -0.2104981393
-277.9 35.5 2444.6 -0.7520092130 0.2080833316 -0.6254466176 0.5884314775 -0.2156641930 -0.7792543769 -0.2970362902 -0.9540389180 0.0397386663
-111.3 267.5 2632.6 0.0826103166 0.9919033051 -0.0964542031 -0.9458197951 0.1085297912 0.3060165644 0.3140070140 0.0659481734 0.9471274614
-88.7 8.9 2718.4 0.1119816005 0.9919033051 0.0598999076 -0.5025241971 0.1085297912 -0.8577241898 -0.8572803140 0.0659481734 0.5106087327
-395.4 -85.1 2568.9 -0.9457023740 -0.0332268961 -0.3233311474 -0.0500927940 0.9977757931 0.0439793169 0.3211506903 0.0577879027 -0.9452633262
-382.4 -475.9 2546.2 -0.9386590719 0.1342653930 -0.3176349998 0.0147355413 0.9358659387 0.3520479500 0.3445316553 0.3257724643 -0.8804375529
-292.6 -78.6 2716.4 -0.6150012016 -0.2008574158 -0.7625154853 -0.1479137689 0.9792338610 -0.1386453658 0.7745289207 0.0275194775 -0.6319395900
-214.1 -461.3 2705.7 -0.5800814033 0.2786249518 -0.7654238939 -0.0089200269 0.9374502301 0.3480050266 0.8145096898 0.2086988389 -0.5413120985
-86.3 -114.4 2520.3 0 0 0 0 0 0 0 0 0
-74.7 -53.9 2611.4 0 0 0 0 0 0 0 0 0
-428.4 -796.6 2434.6 0 0 0 0 0 0 0 0 0
-318.8 -813.5 2627.2 0 0 0 0 0 0 0 0 0
-104.4 428.7 2438.3 0 0.5972484350 0.4060174525 -0.6916965842 0.0506159626 0.8416050076 0.5377164483 0.8004575968 -0.3561612070 0.4820963144
-185.9 259.7 2509.8 0.5972484350 0.4060174525 -0.6916965842 0.0506159626 0.8416050076 0.5377164483 0.8004575968 -0.3561612070 0.4820963144
-262.0 92.4 2577.3 0.5976743102 0.3885727823 -0.7012821436 0.0515248887 0.8542770147 0.5172581673 0.8000816107 -0.3452853858 0.4905582368
-270.9 252.4 2396.0 0.0314984657 0.2311711758 -0.9724030495 0.9760823846 -0.2164928764 -0.0198496021 -0.2151069939 -0.9485203028 -0.2324613035
-277.9 36.1 2443.6 -0.7520909309 0.2311711758 -0.6171864867 0.5786998272 -0.2164928764 -0.7862806916 -0.3153819144 -0.9485203028 0.0290436037
-100.8 267.1 2623.5 0.0929664001 0.9943956733 -0.0503432676 -0.9459576011 0.1039887667 0.3071654141 0.3106791079 0.0190665312 0.9503235817
-75.4 8.5 2708.5 0.0691828728 0.9943956733 0.0799432620 -0.5036756992 0.1039887667 -0.8576112986 -0.8611181378 0.0190665312 0.5080472231
-398.2 -80.4 2567.8 -0.9293048382 -0.0435400084 -0.3667380214 -0.0582832731 0.9978724122 0.0292185545 0.3646855652 0.0485276356 -0.9298653007
-381.1 -471.2 2548.8 -0.9225773811 0.1362160444 -0.3609656692 0.0004259792 0.9359585643 0.3521098793 0.3858119249 0.3246948421 -0.8635522127
-297.3 -70.7 2717.0 -0.5783684850 -0.2114593685 -0.7878926396 -0.1452140659 0.9770822525 -0.1556378901 0.8027470112 0.0243970435 -0.5958204865
-214.6 -453.0 2707.5 -0.5515634418 0.2597984970 -0.7926427126 -0.0342382602 0.9424072504 0.3327105343 0.8334299326 0.2106496841 -0.5109023452
-88.2 -109.9 2523.2 0 0 0 0 0 0 0 0 0
-66.8 -54.4 2600.9 0 0 0 0 0 0 0 0 0
-428.5 -796.9 2435.9 0 0 0 0 0 0 0 0 0
-312.3 -807.4 2628.2 0 0 0 0 0 0 0 0 0
-109.0 426.4 2450.3 1 0.5728543401 0.3907999396 -0.7204951644 0.0609899312 0.8562601209 0.5129315853 0.8173848987 -0.3377780616 0.4666774869
-186.8 255.8 2517.6 0.5728543401 0.3907999396 -0.7204951644 0.0609899312 0.8562601209 0.5129315853 0.8173848987 -0.3377780616 0.4666774869
-260.8 86.2 2581.8 0.5724433661 0.3780176640 -0.7276064754 0.0600694641 0.8656664491 0.4970043004 0.8177409172 -0.3282137811 0.4728377163
-268.3 247.2 2401.2 0.0489955768 0.2047343850 -0.9775905609 0.9786452055 -0.2054685354 0.0060176672 -0.1996320784 -0.9570091367 -0.2104293704
-278.8 37.2 2444.0 -0.7577660680 0.2047343850 -0.6195759773 0.5856098533 -0.2054685354 -0.7841197252 -0.2878396511 -0.9570091367 0.0358026139
-105.3 264.4 2633.9 0.1063881740 0.9906287789 -0.0856511667 -0.9456456900 0.1274259388 0.2991937101 0.3073040843 0.0491649806 0.9503404498
-76.2 5.8 2718.0 0.1065527573 0.9906287789 0.0854463354 -0.4958238900 0.1274259388 -0.8590234518 -0.8618614674 0.0491649806 0.5047550201
-391.9 -79.5 2572.6 -0.9395868182 -0.0279839914 -0.3411648870 -0.0498515926 0.9972135425 0.0554977581 0.3386611938 0.0691525713 -0.9383637309
-381.0 -470.0 2545.6 -0.9318388104 0.1404082328 -0.3346072435 0.0185680259 0.9393486381 0.3424608111 0.3623971641 0.3129052818 -0.8779285550
-284.1 -70.2 2716.9 -0.6073304415 -0.1808695197 -0.7735864520 -0.1212957501 0.9834336042 -0.1347057968 0.7851350904 0.0120218219 -0.6192078590
-213.3 -455.0 2712.2 -0.5824108720 0.2763488889 -0.7644794583 -0.0272314996 0.9332805872 0.3581142426 0.8124383092 0.2293875515 -0.5360273719
-88.4 -110.0 2516.4 0 0 0 0 0 0 0 0 0
-62.9 -56.1 2610.3 0 0 0 0 0 0 0 0 0
-429.7 -796.4 2436.8 0 0 0 0 0 0 0 0 0
-317.3 -806.2 2625.9 0 0 0 0 0 0 0 0 0
-108.4 420.6 2447.8 2 0.5956188440 0.3975314200 -0.6980021000 0.0535148568 0.8473854661 0.5282745957 0.8014825583 -0.3520038128 0.4834449291
-187.4 252.2 2517.8 0.5956188440 0.3975314200 -0.6980021000 0.0535148568 0.8473854661 0.5282745957 0.8014825583 -0.3520038128 0.4834449291
-262.4 84.2 2585.0 0.5960158110 0.3829855919 -0.7057529092 0.0543820262 0.8576543331 0.5113430023 0.8011290431 -0.3431487978 0.4903480411
-272.3 244.4 2403.7 0.0280972589 0.1705914885 -0.9849411845 0.9812218547 -0.1928067803 -0.0054029129 -0.1908250302 -0.9662939906 -0.1728054434
-278.3 35.7 2444.3 -0.7510493994 0.1705914885 -0.6378270388 0.6093587875 -0.1928067803 -0.7690951824 -0.2541784644 -0.9662939906 0.0408559963
-102.6 259.9 2631.8 0.0992531106 0.9935928583 -0.0540564694 -0.9458189607 0.1110799611 0.3051027656 0.3091524839 0.0208452381 0.9507839680
-75.4 1.3 2716.3 0.0741628334 0.9935928583 0.0852828026 -0.5016316175 0.1110799611 -0.8579201698 -0.8618965149 0.0208452381 0.5066555738
-386.4 -88.7 2572.3 -0.9304189086 -0.0088847922 -0.3663901389 -0.0349147506 0.9973080754 0.0644789934 0.3648309708 0.0727848932 -0.9282245040
-382.9 -479.2 2543.8 -0.9252433181 0.1369506121 -0.3537927270 0.0068307896 0.9384320378 0.3453963101 0.3793126643 0.3171589375 -0.8692135215
-283.1 -77.9 2719.9 -0.5840840936 -0.1716073900 -0.7933452129 -0.1248176321 0.9847593904 -0.1211175025 0.8020388484 0.0282806642 -0.5966019630
-215.9 -463.3 2708.8 -0.5616605282 0.2788760662 -0.7789515853 -0.0428593084 0.9304106832 0.3640042245 0.8262569308 0.2378321290 -0.5106225014
-90.7 -116.4 2507.8 0 0 0 0 0 0 0 0 0
-66.2 -61.3 2608.7 0 0 0 0 0 0 0 0 0
-429.3 -796.8 2436.4 0 0 0 0 0 0 0 0 0
-320.9 -813.6 2619.3 0 0 0 0 0 0 0 0 0
-107.8 416.9 2445.5 3 0.5772971511 0.4023376107 -0.7105296850 0.0713534281 0.8419913054 0.5347516537 0.8134105206 -0.3594093323 0.4573710263
-187.5 250.1 2516.8 0.5772971511 0.4023376107 -0.7105296850 0.0713534281 0.8419913054 0.5347516537 0.8134105206 -0.3594093323 0.4573710263
-262.5 82.5 2585.1 0.5778367519 0.3831908703 -0.7206035256 0.0725193769 0.8553289175 0.5129847527 0.8129240870 -0.3486791849 0.4664517343
-269.8 239.7 2401.0 0.0366286114 0.1503034830 -0.9879611135 0.9803394675 -0.1972164065 0.0063425186 -0.1938888431 -0.9687696099 -0.1545721889
-277.4 34.9 2441.5 -0.7441607714 0.1503034830 -0.6508713961 0.6225498915 -0.1972164065 -0.7573224902 -0.2421907187 -0.9687696099 0.0531893000
-105.2 260.4 2632.5 0.1004011482 0.9919284582 -0.0774439126 -0.9398023486 0.1201022789 0.3199170828 0.3266360462 0.0406619310 0.9442751408
-77.8 3.5 2721.8 0.0972487405 0.9919284582 0.0813672692 -0.5148026347 0.1201022789 -0.8488543630 -0.8517751694 0.0406619310 0.5223271847
-391.1 -88.7 2579.8 -0.9376924634 -0.0187054947 -0.3469624817 -0.0463216975 0.9963664412 0.0714716390 0.3443648815 0.0830903053 -0.9351517558
-383.7 -478.9 2547.3 -0.9315142632 0.1351066232 -0.3376793861 0.0068782372 0.9348216057 0.3550510705 0.3636397421 0.3284125030 -0.8717289567
-283.5 -78.9 2724.5 -0.5940088630 -0.1809919477 -0.7838338017 -0.1520102471 0.9820619822 -0.1115668640 0.7899660468 0.0528790653 -0.6108661294
-212.6 -463.3 2703.8 -0.5581451654 0.2952812612 -0.7754243612 -0.0220888611 0.9289162755 0.3696303368 0.8294492364 0.2234356403 -0.5119477510
-92.0 -120.2 2501.9 0 0 0 0 0 0 0 0 0
-65.6 -60.8 2615.4 0 0 0 0 0 0 0 0 0
-429.8 -797.3 2435.4 0 0 0 0 0 0 0 0 0
-323.8 -813.0 2619.7 0 0 0 0 0 0 0 0 0
-108.6 416.4 2445.9 4 0.5587042570 0.4007612467 -0.7261129022 0.0799894184 0.8453832269 0.5281372070 0.8255006075 -0.3531538546 0.4402625561
-188.1 248.8 2515.9 0.5587042570 0.4007612467 -0.7261129022 0.0799894184 0.8453832269 0.5281372070 0.8255006075 -0.3531538546 0.4402625561
-263.4 81.0 2583.2 0.5587017536 0.3849846125 -0.7346013784 0.0799839646 0.8565961123 0.5097506046 0.8255028129 -0.3435548842 0.4477891624
-267.6 237.4 2398.4 0.0519428402 0.0816050619 -0.9953103065 0.9746820331 -0.2211869061 0.0327312797 -0.2174785584 -0.9718111753 -0.0910280645
-278.4 35.0 2443.5 -0.7488359213 0.0816050619 -0.6577122211 0.6298500299 -0.2211869061 -0.7445570827 -0.2062369585 -0.9718111753 0.1142337471
-108.5 260.2 2633.5 0.0995655358 0.9898798466 -0.1011169478 -0.9377097487 0.1273375303 0.3232423663 0.3328470886 0.0626345426 0.9408983588
-81.3 3.8 2724.5 0.1201863438 0.9898798466 0.0754531324 -0.5175992250 0.1273375303 -0.8460946679 -0.8471400738 0.0626345426 0.5276652575
-389.7 -91.5 2579.9 -0.9451036453 -0.0121408692 -0.3265450597 -0.0424881205 0.9953919649 0.0859628841 0.3239966631 0.0951181203 -0.9412643909
-384.9 -481.3 2542.7 -0.9384835958 0.1341315508 -0.3182093799 0.0170926675 0.9383950830 0.3451412916 0.3449004591 0.3184703887 -0.8829610944
-285.3 -78.4 2726.8 -0.6093486547 -0.1855768114 -0.7708796859 -0.1601265669 0.9809947014 -0.1095851287 0.7765653133 0.0566627644 -0.6274836063
-212.7 -462.6 2704.6 -0.5672083497 0.3010160029 -0.7665925026 -0.0057491027 0.9293416739 0.3691761196 0.8235542774 0.2138069868 -0.5253997445
-92.4 -121.5 2494.8 0 0 0 0 0 0 0 0 0
-66.3 -60.8 2618.6 0 0 0 0 0 0 0 0 0
-430.0 -796.4 2435.8 0 0 0 0 0 0 0 0 0
-326.0 -812.5 2624.1 0 0 0 0 0 0 0 0 0
-105.3 415.5 2446.1 5 0.5762687922 0.4061394632 -0.7092002630 0.0621032417 0.8435069323 0.5335158706 0.8148972392 -0.3514921963 0.4608641565
-186.0 247.8 2515.9 0.5762687922 0.4061394632 -0.7092002630 0.0621032417 0.8435069323 0.5335158706 0.8148972392 -0.3514921963 0.4608641565
-262.3 80.3 2582.8 0.5764455199 0.3897148073 -0.7182151079 0.0624805391 0.8553478122 0.5142725706 0.8147433400 -0.3413245976 0.4687118530
-268.1 238.9 2399.9 0.0533246398 0.0317269675 -0.9980731010 0.9738655686 -0.2226319164 0.0449542180 -0.2207766622 -0.9743861556 -0.0427695699
-279.2 35.4 2446.1 -0.7533710003 0.0317269675 -0.6568299532 0.6353241205 -0.2226319164 -0.7394580841 -0.1696920693 -0.9743861556 0.1475675106
-104.0 256.8 2632.0 0.0933492631 0.9926155806 -0.0774610639 -0.9429006577 0.1131211221 0.3132762015 0.3197253346 0.0437939838 0.9464976788
-78.5 -1.0 2719.4 0.0957468152 0.9926155806 0.0744771585 -0.5089848042 0.1131211221 -0.8533100486 -0.8554338217 0.0437939838 0.5160572529
-389.3 -94.0 2575.9 -0.9388120770 -0.0068064076 -0.3443624973 -0.0311300065 0.9973895550 0.0651539788 0.3430200815 0.0718873516 -0.9365732670
-386.6 -484.5 2547.8 -0.9348765016 0.1293244511 -0.3305768967 0.0013364003 0.9325487614 0.3610415459 0.3549705744 0.3370874822 -0.8719907999
-288.3 -79.6 2725.1 -0.5948837996 -0.1832679212 -0.7826405168 -0.1649270654 0.9807751179 -0.1043035537 0.7867098451 0.0670301020 -0.6136730313
-216.6 -463.7 2698.8 -0.5554221272 0.2776694000 -0.7838404775 -0.0030678590 0.9419142008 0.3358396292 0.8315628767 0.1889374852 -0.5223081708
-92.3 -122.2 2488.2 0 0 0 0 0 0 0 0 0
-66.5 -64.6 2612.5 0 0 0 0 0 0 0 0 0
-430.0 -797.2 2434.8 0 0 0 0 0 0 0 0 0
-321.1 -818.1 2627.7 0 0 0 0 0 0 0 0 0
-94.9 415.9 2446.7 6 0.5332522392 0.4459877014 -0.7188442349 0.0702955648 0.8234419823 0.5630291700 0.8430306315 -0.3507680893 0.4077513218
-184.0 251.4 2516.8 0.5332522392 0.4459877014 -0.7188442349 0.0702955648 0.8234419823 0.5630291700 0.8430306315 -0.3507680893 0.4077513218
-267.0 87.0 2583.1 0.5336245894 0.4240584970 -0.7317234278 0.0710074231 0.8396859765 0.5384101272 0.8427352309 -0.3392666876 0.4179657996
-259.9 241.2 2397.0 0.0921332985 -0.0039055708 -0.9957390428 0.9646611810 -0.2475632280 0.0902287588 -0.2468607575 -0.9688638449 -0.0190412644
-279.6 35.4 2449.6 -0.7533603311 -0.0039055708 -0.6575963497 0.6378595233 -0.2475632280 -0.7292789221 -0.1599484384 -0.9688638449 0.1889955103
-108.0 261.6 2636.6 0.0576477572 0.9909455776 -0.1212584227 -0.9366576672 0.0957164839 0.3369135857 0.3454694748 0.0941553190 0.9336946011
-92.3 5.5 2731.1 0.1308279634 0.9909455776 0.0301813409 -0.5307230949 0.0957164839 -0.8421231508 -0.8373870254 0.0941553190 0.5384401083
-390.7 -92.9 2576.1 -0.9560490251 -0.0118260374 -0.2929683030 -0.0335348025 0.9970398545 0.0691879690 0.2912828624 0.0759717226 -0.9536155462
-386.1 -483.3 2546.3 -0.9502348900 0.1284436733 -0.2838237584 0.0202475507 0.9345874786 0.3551567495 0.3108757734 0.3317355812 -0.8906782866
-286.6 -81.6 2723.3 -0.6319430470 -0.1844638586 -0.7527423501 -0.1738222241 0.9802527428 -0.0942891762 0.7552707195 0.0712579638 -0.6515278220
-214.3 -465.5 2695.4 -0.5808654428 0.2964006066 -0.7581173778 0.0342688672 0.9394273758 0.3410306275 0.8132779002 0.1721130759 -0.5558382273
-92.5 -123.1 2489.4 0 0 0 0 0 0 0 0 0
-75.9 -60.8 2626.5 0 0 0 0 0 0 0 0 0
-429.1 -796.4 2435.2 0 0 0 0 0 0 0 0 0
-325.9 -819.1 2630.6 0 0 0 0 0 0 0 0 0
-80.9 418.3 2437.5 7 0.6345859766 0.4640879035 -0.6179991961 -0.0182284284 0.8083995581 0.5883518457 0.7726372480 -0.3620946705 0.5214586258
-173.8 256.4 2510.0 0.6345859766 0.4640879035 -0.6179991961 -0.0182284284 0.8083995581 0.5883518457 0.7726372480 -0.3620946705 0.5214586258
-260.6 93.8 2576.3 0.6341953874 0.4407926798 -0.6352149248 -0.0189357363 0.8301777244 0.5571771860 0.7729409337 -0.3413309455 0.5348415971
-263.6 259.1 2400.5 0.0716264322 0.0063874009 -0.9974110723 0.9726462960 -0.2219842523 0.0684264377 -0.2209724784 -0.9750293493 -0.0221126229
-280.0 36.0 2451.1 -0.7530844212 0.0063874009 -0.6578929424 0.6404232383 -0.2219842523 -0.7352421880 -0.1507381499 -0.9750293493 0.1630822420
-84.0 253.8 2619.5 0.0298136100 0.9994261265 0.0160796102 -0.9588143229 0.0240487680 0.2830136418 0.2824645340 -0.0238550194 0.9589810967
-75.9 -8.4 2696.7 -0.0092817675 0.9994261265 0.0325768925 -0.4828594625 0.0240487680 -0.8753675818 -0.8756486773 -0.0238550194 0.4823591411
-398.2 -83.9 2573.3 -0.9156602621 -0.0273643676 -0.4010205269 -0.0523980781 0.9972928166 0.0515897572 0.3985231817 0.0682513937 -0.9146152139
-387.5 -474.5 2546.6 -0.9123390317 0.1216379255 -0.3909496963 -0.0234499872 0.9377592802 0.3464932740 0.4087634385 0.3252871037 -0.8527020216
-301.9 -70.9 2725.4 -0.2851881981 -0.2319484949 -0.9299825430 -0.1182849035 0.9713767767 -0.2059994787 0.9511447549 0.0512542762 -0.3044612110
-211.1 -450.9 2705.3 -0.2851881981 0.2895950675 -0.9136751890 -0.1182849035 0.9353418946 0.3333830535 0.9511447549 0.2031508982 -0.2324937433
-92.5 -123.4 2488.7 0 0 0 0 0 0 0 0 0
-77.0 -68.7 2587.3 0 0 0 0 0 0 0 0 0
-429.3 -796.6 2434.8 0 0 0 0 0 0 0 0 0
-320.1 -802.9 2628.9 0 0 0 0 0 0 0 0 0
-78.9 417.0 2435.4 8 0.6375446320 0.4741294682 -0.6072381139 -0.0265486520 0.8012503982 0.5977399349 0.7699558735 -0.3649645150 0.5234203339
-173.8 256.7 2508.4 0.6375446320 0.4741294682 -0.6072381139 -0.0265486520 0.8012503982 0.5977399349 0.7699558735 -0.3649645150 0.5234203339
-262.6 95.8 2576.2 0.6379628181 0.4525149167 -0.6230840683 -0.0258164462 0.8212426901 0.5699947476 0.7696343064 -0.3475496173 0.5356045961
-264.4 260.3 2399.1 0.0624880120 0.0030517017 -0.9980410337 0.9734189510 -0.2209592164 0.0602707788 -0.2203424424 -0.9752782583 -0.0167778861
-278.6 38.0 2449.4 -0.7471135259 0.0030517017 -0.6646894813 0.6477594376 -0.2209592164 -0.7290985584 -0.1490942538 -0.9752782583 0.1631048471
-83.2 253.0 2617.7 0.0155911315 0.9995428920 0.0259015616 -0.9578692317 0.0075011849 0.2871066034 0.2867811024 -0.0292866267 0.9575483799
-78.9 -8.8 2696.1 -0.0219361503 0.9995428920 0.0208033547 -0.4866528511 0.0075011849 -0.8735632300 -0.8733199835 -0.0292866267 0.4862658679
-403.4 -66.9 2574.3 -0.9131888747 -0.0493252836 -0.4045405686 -0.0702254772 0.9968454838 0.0369788408 0.4014404714 0.0621777214 -0.9137721062
-384.0 -457.2 2549.9 -0.9074147344 0.1287504733 -0.4000272155 -0.0177976768 0.9392821789 0.3426839113 0.4198591411 0.3180760145 -0.8500270247
-290.2 -70.4 2712.4 -0.2866592109 -0.1939396411 -0.9381971359 -0.0867429599 0.9805274606 -0.1761862785 0.9540975690 0.0308765713 -0.2979001403
-214.4 -453.9 2700.3 -0.2869925797 0.2771099210 -0.9169762135 -0.0878798440 0.9455919266 0.3132619560 0.9538933039 0.1704875827 -0.2470254898
-92.4 -123.5 2486.5 0 0 0 0 0 0 0 0 0
-81.7 -69.6 2587.1 0 0 0 0 0 0 0 0 0
-430.5 -795.8 2435.3 0 0 0 0 0 0 0 0 0
-318.6 -809.6 2636.1 0 0 0 0 0 0 0 0 0
-88.7 418.1 2448.8 9 0.6089783907 0.4455439746 -0.6562285423 -0.0156508572 0.8339201808 0.5516631007 0.7930324078 -0.3256804049 0.5148125291
-177.3 252.4 2513.5 0.6089783907 0.4455439746 -0.6562285423 -0.0156508572 0.8339201808 0.5516631007 0.7930324078 -0.3256804049 0.5148125291
-263.7 88.1 2575.9 0.6078172326 0.4412129819 -0.6602191925 -0.0178412665 0.8388077021 0.5441353917 0.7938765287 -0.3189557195 0.5177135468
-263.7 254.9 2400.6 0.0707157925 -0.0019320149 -0.9974946380 0.9731623530 -0.2194003910 0.0694157407 -0.2189848274 -0.9756329656 -0.0136349080
-279.4 39.0 2449.2 -0.7479333282 -0.0019320149 -0.6637710333 0.6479163766 -0.2194003910 -0.7294297814 -0.1442223638 -0.9756329656 0.1653486490
-90.8 249.9 2626.5 0.0327613093 0.9992600679 -0.0201485436 -0.9608787894 0.0370374583 0.2744816244 0.2750248015 0.0103679309 0.9613812566
-81.8 -12.8 2701.6 0.0267311204 0.9992600679 0.0276534725 -0.4749722183 0.0370374583 -0.8792210221 -0.8795946836 0.0103679309 0.4756108522
-408.4 -62.6 2575.2 -0.9262118936 -0.0715029389 -0.3701606095 -0.0960038975 0.9942147136 0.0481701121 0.3645748198 0.0801525936 -0.9277180433
-380.4 -451.8 2543.8 -0.9164487123 0.1386103481 -0.3753784299 0.0101241525 0.9458205700 0.3245318532 0.4000241160 0.2936164141 -0.8681993484
-293.9 -67.3 2713.5 -0.3276333809 -0.1954056919 -0.9243770838 -0.0778101161 0.9806357622 -0.1797195375 0.9415954351 0.0130437659 -0.3364935517
-217.4 -451.1 2708.4 -0.3422312438 0.2497993559 -0.9058024287 -0.1310168356 0.9419098496 0.3092578650 0.9304366708 0.2245130539 -0.2896230519
-92.1 -123.2 2485.3 0 0 0 0 0 0 0 0 0
-78.5 -72.2 2591.8 0 0 0 0 0 0 0 0 0
-430.8 -795.3 2437.2 0 0 0 0 0 0 0 0 0
-311.3 -805.0 2624.1 0 0 0 0 0 0 0 0 0
-81.2 421.3 2456.1 0 0.5925182700 0.4614445567 -0.6602961421 -0.0274014715 0.8307474256 0.5559747219 0.8050908446 -0.3113321066 0.5048772693
-173.1 255.9 2518.0 0.5925182700 0.4614445567 -0.6602961421 -0.0274014715 0.8307474256 0.5559747219 0.8050908446 -0.3113321066 0.5048772693
-260.4 91.0 2577.6 0.5941408277 0.4462268353 -0.6692370772 -0.0244119223 0.8416308761 0.5395011306 0.8039904833 -0.3042022884 0.5109405518
-257.6 259.3 2403.6 0.0777215809 0.0102907298 -0.9969220161 0.9775793552 -0.1970685720 0.0741793588 -0.1956986338 -0.9803357124 -0.0253764857
-275.1 40.0 2447.5 -0.7265380621 0.0102907298 -0.6870491505 0.6721366048 -0.1970685720 -0.7137200832 -0.1427405030 -0.9803357124 0.1362610459
-88.5 252.4 2632.5 0.0284860525 0.9989189506 -0.0367350020 -0.9631758332 0.0372590870 0.2662782967 0.2673591375 0.0277970470 0.9631959200
-80.7 -10.9 2705.6 0.0420076810 0.9989189506 0.0199065357 -0.4674560428 0.0372590870 -0.8832308054 -0.8830176592 0.0277970470 0.4685158730
-404.6 -74.4 2566.9 -0.9334493279 -0.0586733371 -0.3538782299 -0.0817063823 0.9953768253 0.0504882336 0.3492798507 0.0760423169 -0.9339278340
-381.6 -464.2 2537.2 -0.9233478904 0.1425407976 -0.3565259576 0.0232689455 0.9476055503 0.3185942471 0.3832586706 0.2858773470 -0.8782863617
-295.2 -77.8 2709.9 -0.4441747963 -0.2131341398 -0.8702198267 -0.0949986354 0.9770207405 -0.1908029020 0.8908894658 -0.0020801420 -0.4542154372
-211.8 -460.2 2710.8 -0.4441747963 0.2879770100 -0.8483973145 -0.0949986354 0.9264589548 0.3642101288 0.8908894658 0.2423695475 -0.3841522932
-95.6 -126.1 2482.8 0 0 0 0 0 0 0 0 0
-75.5 -69.3 2595.3 0 0 0 0 0 0 0 0 0
-431.5 -795.4 2437.2 0 0 0 0 0 0 0 0 0
-320.0 -808.4 2619.7 0 0 0 0 0 0 0 0 0
-87.4 420.2 2458.2 1 0.6175286174 0.4301790297 -0.6584864259 -0.0355252586 0.8515848517 0.5230116844 0.7857457399 -0.2995817661 0.5411602259
-172.8 251.1 2517.6 0.6175286174 0.4301790297 -0.6584864259 -0.0355252586 0.8515848517 0.5230116844 0.7857457399 -0.2995817661 0.5411602259
-257.2 84.5 2576.4 0.6174218059 0.4312173724 -0.6579072475 -0.0357364081 0.8508718610 0.5241564512 0.7858201265 -0.3001143634 0.5407570004
-260.7 256.1 2405.8 0.0776572078 0.0007959286 -0.9969797730 0.9782115221 -0.1931838840 0.0760410726 -0.1925399005 -0.9811622500 -0.0157807060
-277.8 40.5 2448.3 -0.7252859473 0.0007959286 -0.6884472966 0.6753674150 -0.1931838840 -0.7117294669 -0.1335633993 -0.9811622500 0.1395760030
-84.9 246.0 2629.5 0.0430733562 0.9990156293 -0.0106035341 -0.9680231810 0.0443577655 0.2469079047 0.2471352071 -0.0003706851 0.9689809084
-73.1 -18.6 2697.0 0.0196308382 0.9990156293 0.0397791266 -0.4495840669 0.0443577655 -0.8921359181 -0.8930222988 -0.0003706851 0.4500122964
-401.3 -71.5 2564.6 -0.9242524505 -0.0461106189 -0.3789870441 -0.0602325350 0.9978590012 0.0254841764 0.3770005405 0.0463811643 -0.9250510335
-383.2 -462.1 2546.5 -0.9179184437 0.1310988665 -0.3744848073 -0.0021801414 0.9421546459 0.3351714015 0.3967631757 0.3084764481 -0.8645352721
-294.1 -76.0 2709.7 -0.4357759058 -0.2042693943 -0.8765690923 -0.0959332585 0.9788994193 -0.1804236472 0.8949280381 0.0054678530 -0.4461770058
-214.2 -459.3 2707.6 -0.4357759058 0.2804180384 -0.8552573323 -0.0959332585 0.9303435683 0.3539175093 0.8949280381 0.2362763435 -0.3785198927
-97.2 -127.7 2481.5 0 0 0 0 0 0 0 0 0
-70.7 -74.8 2585.5 0 0 0 0 0 0 0 0 0
-429.8 -796.4 2437.0 0 0 0 0 0 0 0 0 0
-319.7 -809.3 2618.7 0 0 0 0 0 0 0 0 0
-90.8 423.7 2459.7 2 0.6265715957 0.4239263833 -0.6539835334 -0.0430698395 0.8566769361 0.5140521526 0.7781729102 -0.2939234972 0.5550279021
-175.1 253.3 2518.2 0.6265715957 0.4239263833 -0.6539835334 -0.0430698395 0.8566769361 0.5140521526 0.7781729102 -0.2939234972 0.5550279021
-257.2 85.0 2575.6 0.6276621222 0.4190847576 -0.6560550928 -0.0408500396 0.8593015075 0.5098354816 0.7774133682 -0.2932045162 0.5564706326
-264.5 259.1 2407.5 0.0674555376 -0.0013539413 -0.9977213740 0.9828282595 -0.1720526516 0.0666821003 -0.1717508882 -0.9850867987 -0.0102752121
-279.5 40.3 2445.8 -0.7275789380 -0.0013539413 -0.6860226393 0.6759625673 -0.1720526516 -0.7165699601 -0.1170618162 -0.9850867987 0.1260970980
-85.8 247.6 2628.9 0.0556116141 0.9984522462 -0.0007055692 -0.9709826112 0.0542462096 0.2329165339 0.2325943112 -0.0122677693 0.9724964499
-70.6 -17.9 2692.4 0.0126653155 0.9984522462 0.0541547723 -0.4365583360 0.0542462096 -0.8980390429 -0.8995867968 -0.0122677693 0.4365696907
-397.4 -78.9 2564.2 -0.9197360873 -0.0349753723 -0.3909760714 -0.0532858185 0.9979273081 0.0360789672 0.3889038265 0.0540166087 -0.9196934104
-383.7 -469.7 2543.0 -0.9139772654 0.1329375654 -0.3833707273 -0.0033754359 0.9422852993 0.3347939253 0.4057512879 0.3072880805 -0.8607786894
-285.9 -85.4 2706.0 -0.4261959493 -0.1768352836 -0.8871788383 -0.0991445035 0.9839311838 -0.1484917700 0.8991814852 0.0246723145 -0.4368797243
-216.7 -470.5 2696.4 -0.4106880724 0.2883794904 -0.8649696708 -0.0465216339 0.9408015609 0.3357502222 0.9105883241 0.1781284064 -0.3729600906
-98.2 -128.2 2474.9 0 0 0 0 0 0 0 0 0
-69.0 -72.4 2580.1 0 0 0 0 0 0 0 0 0
-429.7 -795.8 2436.7 0 0 0 0 0 0 0 0 0
-325.1 -824.0 2629.4 0 0 0 0 0 0 0 0 0
-92.5 429.7 2460.5 3 0.5988817215 0.4307325482 -0.6751371622 -0.0245814715 0.8525287509 0.5221019983 0.8004601598 -0.2960814834 0.5211519003
-178.4 259.7 2519.5 0.5988817215 0.4307325482 -0.6751371622 -0.0245814715 0.8525287509 0.5221019983 0.8004601598 -0.2960814834 0.5211519003
-261.1 91.5 2576.3 0.5990213752 0.4222262800 -0.6803663373 -0.0243011806 0.8588740230 0.5116100907 0.8003641963 -0.2899316847 0.5247445107
-263.7 263.2 2405.6 0.0739478022 -0.0151143484 -0.9971475601 0.9793679118 -0.1874638200 0.0754707754 -0.1880697757 -0.9821552038 0.0009399705
-280.5 40.7 2448.3 -0.7259945869 -0.0151143484 -0.6875343323 0.6774772406 -0.1874638200 -0.7112537622 -0.1181376725 -0.9821552038 0.1463373452
-93.1 256.3 2633.4 0.0553101934 0.9977306724 -0.0383962244 -0.9670938849 0.0630969107 0.2464715838 0.2483349442 0.0235003605 0.9683890939
-78.0 -8.1 2701.3 0.0494066663 0.9977306724 0.0457435101 -0.4489578605 0.0630969107 -0.8913223743 -0.8921859860 0.0235003605 0.4510564506
-395.9 -79.5 2562.8 -0.9331175685 -0.0362149812 -0.3577430248 -0.0510103665 0.9981851578 0.0320045762 0.3559347391 0.0481126346 -0.9332714677
-381.7 -470.5 2543.9 -0.9258673191 0.1389179528 -0.3513852060 0.0123207932 0.9405674338 0.3393833339 0.3776479363 0.3098945916 -0.8725522161
-282.5 -86.9 2703.2 -0.4437269568 -0.2070925832 -0.8719053864 -0.0741110668 0.9780800343 -0.1945945472 0.8930923343 -0.0217290055 -0.4493483305
-201.6 -469.3 2711.7 -0.4437269568 0.3371662796 -0.8303163648 -0.0741110668 0.9095450640 0.4089441299 0.8930923343 0.2429951727 -0.3786019087
-98.9 -128.8 2477.9 0 0 0 0 0 0 0 0 0
-71.8 -64.2 2589.9 0 0 0 0 0 0 0 0 0
-429.6 -794.7 2437.1 0 0 0 0 0 0 0 0 0
-327.9 -810.2 2620.6 0 0 0 0 0 0 0 0 0
-85.3 436.1 2461.4 4 0.6419429779 0.4346879423 -0.6316292882 -0.0623330548 0.8506313562 0.5220544934 0.7642145157 -0.2957578301 0.5731522441
-171.6 267.3 2520.1 0.6419429779 0.4346879423 -0.6316292882 -0.0623330548 0.8506313562 0.5220544934 0.7642145157 -0.2957578301 0.5731522441
-254.2 98.9 2576.3 0.6431594491 0.4217857420 -0.6390951872 -0.0599036925 0.8597764969 0.5071448684 0.7633855343 -0.2878908515 0.5782399178
-263.0 275.8 2411.5 0.0735621899 0.0263785981 -0.9969416857 0.9845622778 -0.1611228436 0.0683855042 -0.1588261724 -0.9865818024 -0.0378239229
-280.6 40.8 2449.4 -0.7235616446 0.0263785981 -0.6897555590 0.6778966784 -0.1611228436 -0.7172834277 -0.1300563067 -0.9865818024 0.0987003446
-80.1 258.8 2628.6 0.0503752045 0.9984918237 0.0218261555 -0.9751845598 0.0444584303 0.2168837637 0.2155863047 -0.0322100930 0.9759534001
-66.3 -7.8 2687.6 -0.0104654077 0.9984918237 0.0538935736 -0.4218066931 0.0444584303 -0.9055951238 -0.9066253901 -0.0322100930 0.4207052588
-397.8 -74.5 2560.8 -0.9115983248 -0.0470260903 -0.4083834887 -0.0614380427 0.9978631735 0.0222369768 0.4064651132 0.0453614704 -0.9125395417
-379.4 -465.3 2543.0 -0.9041786194 0.1436193138 -0.4022866488 -0.0002738683 0.9415872097 0.3367691636 0.4271545112 0.3046096563 -0.8513236642
-289.7 -78.9 2705.3 -0.3215407729 -0.2042895257 -0.9245957732 -0.0824898183 0.9787804484 -0.1875746697 0.9432957768 0.0159568284 -0.3315696418
-209.8 -461.7 2699.1 -0.3215407729 0.2937016785 -0.9001948833 -0.0824898183 0.9383773804 0.3356238008 0.9432957768 0.1821736544 -0.2774991989
-98.9 -129.4 2482.1 0 0 0 0 0 0 0 0 0
-67.6 -60.5 2574.3 0 0 0 0 0 0 0 0 0
-429.7 -795.3 2436.3 0 0 0 0 0 0 0 0 0
-319.8 -813.1 2630.8 0 0 0 0 0 0 0 0 0
-87.4 433.1 2464.8 5 0.5994930267 0.4332062900 -0.6730085015 -0.0194958970 0.8485154510 0.5288113952 0.8001425266 -0.3038978279 0.5171248317
-173.3 264.7 2525.1 0.5994930267 0.4332062900 -0.6730085015 -0.0194958970 0.8485154510 0.5288113952 0.8001425266 -0.3038978279 0.5171248317
-255.4 96.6 2583.0 0.6007338166 0.4185103178 -0.6811519265 -0.0170089770 0.8585246801 0.5124900341 0.7992681265 -0.2962844074 0.5228632689
-258.7 267.1 2411.5 0.0799335167 0.1363046616 -0.9874369502 0.9822831750 -0.1792183965 0.0547772124 -0.1695004702 -0.9743211865 -0.1482153386
-276.9 42.9 2450.2 -0.7004414201 0.1363046616 -0.7005732656 0.6780706048 -0.1792183965 -0.7128120661 -0.2227152139 -0.9743211865 0.0331077985
-87.9 262.3 2638.8 0.0593307279 0.9975404739 -0.0373204798 -0.9652781487 0.0668593794 0.2525230050 0.2543971539 0.0210422724 0.9668709040
-71.7 -1.6 2708.3 0.0492220148 0.9975404739 0.0499013700 -0.4544762969 0.0668593794 -0.8882461190 -0.8893978596 0.0210422724 0.4566494524
-394.8 -64.0 2563.9 -0.9317540526 -0.0436723977 -0.3604539931 -0.0604156032 0.9975486398 0.0353086554 0.3580283523 0.0546760261 -0.9321084619
-377.7 -454.8 2542.5 -0.9218568206 0.1500867456 -0.3572869003 0.0265513416 0.9442527890 0.3281488419 0.3866199553 0.2930198014 -0.8744509220
-278.9 -74.8 2701.5 -0.3819649816 -0.1832456142 -0.9058277011 -0.0731125101 0.9830650687 -0.1680407226 0.9212802649 0.0020416626 -0.3888939619
-207.2 -459.5 2700.7 -0.3819649816 0.2977542877 -0.8748971820 -0.0731125101 0.9339746237 0.3497798145 0.9212802649 0.1975695640 -0.3349760473
-100.1 -128.3 2506.4 0 0 0 0 0 0 0 0 0
-65.6 -58.3 2597.2 0 0 0 0 0 0 0 0 0
-431.6 -793.7 2437.3 0 0 0 0 0 0 0 0 0
-319.0 -810.2 2626.5 0 0 0 0 0 0 0 0 0
-89.5 433.9 2473.6 6 0.5940558314 0.4201170802 -0.6860023737 -0.0262383651 0.8624531627 0.5054563284 0.8039957881 -0.2822697163 0.5233685374
-172.8 262.9 2529.5 0.5940558314 0.4201170802 -0.6860023737 -0.0262383651 0.8624531627 0.5054563284 0.8039957881 -0.2822697163 0.5233685374
-253.0 92.8 2584.0 0.5954018831 0.4095376134 -0.6912130713 -0.0234295558 0.8688145280 0.4945829809 0.8030863404 -0.2782808244 0.5268890858
-257.5 266.2 2415.2 0.0705597773 0.2339933217 -0.9696744084 0.9859350920 -0.1640040278 0.0321669988 -0.1515036374 -0.9583057165 -0.2422742993
-274.0 36.1 2450.6 -0.7133575678 0.2339933217 -0.6605815887 0.6407461166 -0.1640040278 -0.7500314116 -0.2838403881 -0.9583057165 -0.0329367965
-88.1 259.6 2643.8 0.0699038431 0.9964375496 -0.0471773781 -0.9687650800 0.0790902451 0.2350297421 0.2379237264 0.0292743128 0.9708425999
-69.0 -5.2 2708.8 0.0611246079 0.9964375496 0.0581036508 -0.4381444156 0.0790902451 -0.8954184651 -0.8968240023 0.0292743128 0.4414179027
-391.5 -70.0 2569.1 -0.9342925549 -0.0297283344 -0.3552656174 -0.0565812029 0.9962514639 0.0654341429 0.3519886434 0.0812359899 -0.9324723482
-379.9 -460.1 2537.2 -0.9251962304 0.1441619694 -0.3510402441 0.0269048251 0.9476243854 0.3182516992 0.3785341084 0.2850005925 -0.8806171417
-283.3 -73.0 2713.0 -0.3811249137 -0.1870940179 -0.9053947330 -0.1257932782 0.9806963801 -0.1497020721 0.9159256816 0.0568373837 -0.3973029852
-210.2 -456.4 2690.8 -0.3554851413 0.2875480950 -0.8893516660 -0.0362947844 0.9465376139 0.3205451369 0.9339770079 0.1462278664 -0.3260435462
-94.1 -125.4 2522.2 0 0 0 0 0 0 0 0 0
-61.3 -60.0 2596.8 0 0 0 0 0 0 0 0 0
-430.8 -795.2 2436.5 0 0 0 0 0 0 0 0 0
-318.2 -811.9 2635.9 0 0 0 0 0 0 0 0 0
-89.5 434.0 2467.9 7 0.6293258667 0.4193435013 -0.6542935371 -0.0441551842 0.8598573804 0.5086212754 0.7758861184 -0.2911980748 0.5596466660
-172.6 263.7 2525.6 0.6293258667 0.4193435013 -0.6542935371 -0.0441551842 0.8598573804 0.5086212754 0.7758861184 -0.2911980748 0.5596466660
-252.3 93.8 2581.4 0.6307994127 0.4071415067 -0.6605512500 -0.0410752557 0.8676123619 0.4955417812 0.7748579979 -0.2854551375 0.5640127659
-262.3 269.6 2415.3 0.0162516385 0.2817155719 -0.9593603015 0.9888417125 -0.1466287524 -0.0263063852 -0.1480807215 -0.9482280016 -0.2809550762
-266.2 30.9 2451.1 -0.6971793771 0.2817155719 -0.6592246890 0.6477004290 -0.1466287524 -0.7476524711 -0.3072866499 -0.9482280016 -0.0802407488
-82.8 257.9 2635.8 0.0687219426 0.9976357818 -0.0003154446 -0.9726001024 0.0670677498 0.2226004601 0.2220953405 -0.0149907339 0.9749097228
-64.0 -8.0 2696.6 0.0151077351 0.9976357818 0.0670414865 -0.4268326461 0.0670677498 -0.9018402100 -0.9042044282 -0.0149907339 0.4268367887
-386.9 -75.2 2566.0 -0.9181159735 -0.0162268840 -0.3959795237 -0.0447611697 0.9970139265 0.0629262775 0.3937759995 0.0754981264 -0.9161006808
-380.6 -465.6 2536.4 -0.9110856056 0.1425119340 -0.3867989182 0.0134698888 0.9481289983 0.3176003397 0.4119971097 0.2841509581 -0.8657462597
-279.5 -79.5 2710.9 -0.3456654847 -0.1548128724 -0.9254989624 -0.1042734757 0.9865251780 -0.1260758340 0.9325461984 0.0529249310 -0.3571505845
-218.9 -465.3 2690.2 -0.3371522129 0.2491888851 -0.9078729153 -0.0709034279 0.9548749328 0.2884208262 0.9387763739 0.1616130322 -0.3042698503
-89.1 -133.6 2529.1 0 0 0 0 0 0 0 0 0
-62.1 -61.3 2583.6 0 0 0 0 0 0 0 0 0
-430.2 -795.4 2437.6 0 0 0 0 0 0 0 0 0
-312.6 -824.1 2629.5 0 0 0 0 0 0 0 0 0
-87.5 434.5 2467.1 8 0.6364327073 0.4207763970 -0.6464523673 -0.0441456549 0.8565952182 0.5140970945 0.7700679302 -0.2986501455 0.5637406111
-170.8 265.0 2526.2 0.6364327073 0.4207763970 -0.6464523673 -0.0441456549 0.8565952182 0.5140970945 0.7700679302 -0.2986501455 0.5637406111
-250.1 95.4 2583.4 0.6386919618 0.4052995741 -0.6540678740 -0.0394340008 0.8661562204 0.4982151985 0.7684513927 -0.2924135327 0.5691896081
-261.7 270.6 2416.8 0.0072231563 0.3331934214 -0.9428308010 0.9907283783 -0.1303006113 -0.0384577140 -0.1356652826 -0.9338114858 -0.3310453594
-263.4 29.0 2449.9 -0.7051448822 0.3331934214 -0.6259015799 0.6230271459 -0.1303006113 -0.7712709904 -0.3385377824 -0.9338114858 -0.1157077476
-79.9 259.4 2635.6 0.0697502494 0.9975142479 0.0100115621 -0.9719755650 0.0656990930 0.2257146090 0.2244957983 -0.0254746452 0.9741420150
-60.8 -6.3 2697.0 0.0052444972 0.9975142479 0.0702696517 -0.4297392666 0.0656990930 -0.9005597234 -0.9029377699 -0.0254746452 0.4290155768
-388.9 -72.4 2567.4 -0.9137003422 -0.0281684641 -0.4054111540 -0.0596534610 0.9960852265 0.0652354956 0.4019864798 0.0837898776 -0.9118037820
-377.9 -462.5 2534.6 -0.9045372009 0.1490262747 -0.3995042741 0.0181315485 0.9495308995 0.3131490648 0.4260090888 0.2760113478 -0.8615880609
-275.1 -79.8 2707.2 -0.3369795978 -0.1641424596 -0.9270933270 -0.0958497301 0.9855505824 -0.1396529078 0.9366202950 0.0418014601 -0.3478434384
-210.9 -465.6 2690.9 -0.3292596638 0.2960650325 -0.8966234326 -0.0710211918 0.9391171336 0.3361769915 0.9415646791 0.1743687838 -0.2881865203
-85.2 -128.5 2535.5 0 0 0 0 0 0 0 0 0
-60.1 -60.0 2584.2 0 0 0 0 0 0 0 0 0
-430.0 -794.8 2438.0 0 0 0 0 0 0 0 0 0
-322.1 -818.4 2625.3 0 0 0 0 0 0 0 0 0
-93.9 434.2 2472.7 9 0.6364205480 0.4083015621 -0.6544148326 -0.0462221615 0.8670731783 0.4960318804 0.7699561119 -0.2854363918 0.5706957579
-174.4 263.2 2529.0 0.6364205480 0.4083015621 -0.6544148326 -0.0462221615 0.8670731783 0.4960318804 0.7699561119 -0.2854363918 0.5706957579
-252.3 92.2 2584.3 0.6381838322 0.3977871239 -0.6591561437 -0.0424156971 0.8730421066 0.4857966900 0.7687147260 -0.2820690274 0.5740337372
-265.3 269.2 2419.5 0.0041899001 0.3311324418 -0.9435749650 0.9911532998 -0.1265480071 -0.0400088131 -0.1326557547 -0.9350598454 -0.3287332356
-266.3 28.7 2451.7 -0.7196977139 0.3311324418 -0.6102347970 0.6070050597 -0.1265480071 -0.7845575213 -0.3370164335 -0.9350598454 -0.1099227369
-83.6 257.1 2638.4 0.0782718286 0.9969080687 0.0069130156 -0.9737981558 0.0749685243 0.2147018313 0.2135197371 -0.0235369876 0.9766551852
-62.2 -9.1 2696.8 0.0101055130 0.9969080687 0.0779239908 -0.4193773866 0.0749685243 -0.9047111869 -0.9077557325 -0.0235369876 0.4188382924
-387.1 -70.7 2571.3 -0.9138886929 -0.0242129155 -0.4052421749 -0.0618930683 0.9948604703 0.0801370218 0.4012190700 0.0983179957 -0.9106903076
-377.7 -460.3 2532.8 -0.9038250446 0.1524130553 -0.3998381495 0.0239877813 0.9509925246 0.3082820475 0.4272293150 0.2690418065 -0.8631868958
-271.8 -77.8 2710.1 -0.3386881351 -0.1393418610 -0.9305236340 -0.0996398926 0.9887238145 -0.1117905751 0.9356079698 0.0548551269 -0.3487530351
-217.3 -464.8 2688.6 -0.3279730678 0.2675194442 -0.9060171247 -0.0606103577 0.9511309862 0.3027808070 0.9427406788 0.1542179734 -0.2957309186
-83.6 -125.3 2537.2 0 0 0 0 0 0 0 0 0
-60.9 -61.5 2583.4 0 0 0 0 0 0 0 0 0
-431.1 -793.5 2438.6 0 0 0 0 0 0 0 0 0
-317.8 -822.4 2630.6 0 0 0 0 0 0 0 0 0
-103.7 434.4 2475.5 0 0.6764699221 0.3862217069 -0.6270735264 -0.0683546662 0.8807090521 0.4686995447 0.7332912683 -0.2741977572 0.6221732497
-179.9 260.7 2529.6 0.6764699221 0.3862217069 -0.6270735264 -0.0683546662 0.8807090521 0.4686995447 0.7332912683 -0.2741977572 0.6221732497
-253.8 87.6 2583.4 0.6792927980 0.3772011697 -0.6295081973 -0.0618287772 0.8841619492 0.4630711377 0.7312581539 -0.2756391764 0.6239267588
-276.6 269.4 2425.6 -0.0577492528 0.4017541111 -0.9139248729 0.9915183187 -0.0836852267 -0.0994396061 -0.1164322793 -0.9119157791 -0.3935137987
-262.2 23.7 2454.4 -0.7336776853 0.4017541111 -0.5480061173 0.5665062666 -0.0836852267 -0.8197971582 -0.3752169013 -0.9119157791 -0.1661982536
-83.3 252.0 2633.5 0.0949498415 0.9937369823 0.0589180216 -0.9793955088 0.0826547444 0.1842623651 0.1782384813 -0.0751997307 0.9811096191
-57.3 -15.8 2682.3 -0.0370875150 0.9937369823 0.1054102555 -0.3908575773 0.0826547444 -0.9167325497 -0.9197036624 -0.0751997307 0.3853441775
-387.8 -75.0 2570.0 -0.8907560110 -0.0195524376 -0.4540610313 -0.0625251830 0.9948464036 0.0798196867 0.4501603246 0.0994901136 -0.8873879910
-380.2 -464.6 2531.1 -0.8828380108 0.1465161890 -0.4462399483 0.0021541587 0.9513514638 0.3081002235 0.4696726799 0.2710413039 -0.8402048349
-272.5 -82.7 2708.9 -0.2950944901 -0.1477667540 -0.9439725876 -0.0739636943 0.9885369539 -0.1316210032 0.9526009560 0.0309790671 -0.3026411831
-214.7 -469.6 2696.8 -0.3042737842 0.2934553623 -0.9062567949 -0.1028208658 0.9356902242 0.3375080824 0.9470191598 0.1958769709 -0.2545326650
-74.7 -121.1 2550.4 0 0 0 0 0 0 0 0 0
-62.0 -64.6 2567.4 0 0 0 0 0 0 0 0 0
-430.8 -793.3 2437.4 0 0 0 0 0 0 0 0 0
-325.0 -821.2 2623.2 0 0 0 0 0 0 0 0 0
-98.3 434.8 2470.9 1 0.7194462419 0.4042775929 -0.5647625327 -0.1096242368 0.8690410852 0.4824418724 0.6858422756 -0.2851793468 0.6695469618
-178.5 262.5 2527.4 0.7194462419 0.4042775929 -0.5647625327 -0.1096242368 0.8690410852 0.4824418724 0.6858422756 -0.2851793468 0.6695469618
-254.7 90.5 2582.0 0.7226774096 0.3887493908 -0.5714991093 -0.1025060341 0.8779758215 0.4676013291 0.6835421324 -0.2793428302 0.6743424535
-281.2 277.0 2430.2 -0.0667702332 0.4592592120 -0.8857893348 0.9938649535 -0.0478378087 -0.0997195914 -0.0881713629 -0.8870132565 -0.4532474875
-264.3 25.2 2452.6 -0.7396135330 0.4592592120 -0.4919886291 0.5324563384 -0.0478378087 -0.8451045752 -0.4116577208 -0.8870132565 -0.2091539949
-75.7 247.9 2624.6 0.0725509822 0.9890379310 0.1286091059 -0.9861665368 0.0518685728 0.1574333608 0.1490368098 -0.1382519454 0.9791192412
-55.9 -21.7 2665.4 -0.1099670678 0.9890379310 0.0985453799 -0.3661162853 0.0518685728 -0.9291224480 -0.9240487814 -0.1382519454 0.3563990593
-389.0 -80.0 2571.3 -0.8612537384 -0.0276526306 -0.5074222684 -0.0796477646 0.9935231209 0.0810437575 0.5018946528 0.1102142930 -0.8578779101
-378.2 -469.1 2528.1 -0.8511410952 0.1599658579 -0.4999698102 -0.0031370386 0.9508706927 0.3095724881 0.5249276161 0.2650582790 -0.8088232875
-266.4 -91.0 2703.2 -0.2372260690 -0.1246650144 -0.9634222388 -0.0710197017 0.9913035631 -0.1107854322 0.9688549638 0.0421407707 -0.2440167218
-217.6 -479.1 2686.7 -0.2412424386 0.2843582034 -0.9278698564 -0.0843154266 0.9463518858 0.3119439483 0.9667952061 0.1534878612 -0.2043244392
-73.9 -111.8 2558.5 0 0 0 0 0 0 0 0 0
-69.6 -67.4 2549.9 0 0 0 0 0 0 0 0 0
-432.5 -792.1 2438.1 0 0 0 0 0 0 0 0 0
-324.5 -834.8 2629.0 0 0 0 0 0 0 0 0 0
-103.9 437.0 2475.1 2 0.6744371057 0.3849056065 -0.6300652623 -0.0575563610 0.8781744242 0.4748652279 0.7360854745 -0.2840024829 0.6144271493
-179.8 263.8 2531.1 0.6744371057 0.3849056065 -0.6300652623 -0.0575563610 0.8781744242 0.4748652279 0.7360854745 -0.2840024829 0.6144271493
-252.6 90.5 2586.2 0.6777173281 0.3707365394 -0.6350225210 -0.0499033779 0.8847955465 0.4632995725 0.7336272001 -0.2822963595 0.6181423068
-276.0 270.8 2426.8 -0.0411363728 0.4699218869 -0.8817489743 0.9941450357 -0.0690009966 -0.0831535980 -0.0999172479 -0.8800069690 -0.4643320441
-266.0 27.8 2451.2 -0.7379072905 0.4699218869 -0.4844236076 0.5164055228 -0.0690009966 -0.8535597324 -0.4345321059 -0.8800069690 -0.1917539239
