-37.3 380.4 2234.4 0.6125317812 0.2786191404 -0.7397136092 -0.1754588485 0.9603976011 0.2164500356 0.7707263231 -0.0027932147 0.6371602416
-92.2 191.3 2235.0 0.6125317812 0.2786191404 -0.7397136092 -0.1754588485 0.9603976011 0.2164500356 0.7707263231 -0.0027932147 0.6371602416
-142.8 3.9 2236.5 0.6167940497 0.2606253624 -0.7427244186 -0.1602369547 0.9654080272 0.2056975961 0.7706421018 -0.0078611532 0.6372197270
-176.4 213.1 2129.8 -0.1820809245 0.2745318413 -0.9441815615 0.9724250436 0.1925853342 -0.1315311044 0.1457260400 -0.9420951009 -0.3020277619
-122.8 -72.9 2086.9 -0.8534320593 0.2745318413 -0.4430418015 0.5002087355 0.1925853342 -0.8442168832 -0.1464410573 -0.9420951009 -0.3016817272
-8.0 169.4 2340.1 0.1404128522 0.8750216961 -0.4632723927 -0.9881365895 0.1532492638 -0.0100387018 0.0622120686 0.4591859579 0.8861590624
25.3 -65.4 2354.9 0.4173223972 0.8750216961 -0.2453142852 -0.7195033431 0.1532492638 -0.6773695946 -0.5551188588 0.4591859579 0.6935353875
-249.6 -164.2 2165.4 0.8123412132 -0.0580998436 -0.5802810788 0.0981985033 0.9944448471 0.0379016325 0.5748554468 -0.0877717882 0.8135338426
-227.0 -550.2 2199.5 0.8152726293 0.0295822024 -0.5783212185 -0.0301406402 0.9995083809 0.0086367568 0.5782923698 0.0103896614 0.8157634139
-145.0 -191.8 2308.1 0.9465489984 0.0143003184 0.3222428560 -0.0438046083 0.9954606295 0.0844946727 -0.3195717633 -0.0940940753 0.9428786635
-150.6 -578.1 2344.7 0.9348419905 0.1484128684 0.3225587010 -0.1994852871 0.9710568190 0.1313555986 -0.2937279642 -0.1871424466 0.9373908639
117.1 -213.5 2128.1 0 0 0 0 0 0 0 0 0
125.9 -238.7 2221.2 0 0 0 0 0 0 0 0 0
-238.1 -923.0 2195.6 0 0 0 0 0 0 0 0 0
-205.9 -940.4 2414.5 0 0 0 0 0 0 0 0 0
-36.8 379.5 2235.7 0.6058087349 0.2857352793 -0.7425302267 -0.1717071980 0.9582451582 0.2286543101 0.7768605947 -0.0110230017 0.6295761466
-93.0 191.0 2237.9 0.6058087349 0.2857352793 -0.7425302267 -0.1717071980 0.9582451582 0.2286543101 0.7768605947 -0.0110230017 0.6295761466
-144.9 4.0 2240.6 0.6098128557 0.2673386633 -0.7460953593 -0.1577942818 0.9634987116 0.2162665427 0.7766783237 -0.0141525408 0.6297383904
-176.3 212.5 2131.8 -0.1659041345 0.2582414448 -0.9517285228 0.9753242731 0.1855263114 -0.1196767241 0.1456651986 -0.9480987787 -0.2826487422
-127.6 -73.3 2089.1 -0.8554934859 0.2582414448 -0.4488232136 0.4998502731 0.1855263114 -0.8460080624 -0.1352058351 -0.9480987787 -0.2877986133
-9.7 169.4 2343.9 0.1591000259 0.8842944503 -0.4389880300 -0.9872409701 0.1454358399 -0.0648353770 0.0065110335 0.4437023103 0.8961505890
27.6 -62.4 2345.4 0.3883828223 0.8842944503 -0.2591951191 -0.7565917969 0.1454358399 -0.6375086904 -0.5260491371 0.4437023103 0.7255346775
-248.6 -169.2 2169.0 0.8085646629 -0.0604338795 -0.5852955580 0.0985677168 0.9945671558 0.0334750898 0.5800927281 -0.0847580209 0.8101286888
-225.1 -555.3 2201.9 0.8113172054 0.0395524241 -0.5832666755 -0.0456577875 0.9989481568 0.0042311219 0.5828205347 0.0231978837 0.8122697473
-138.2 -197.8 2306.9 0.9483605027 0.0368025452 0.3150523305 -0.0618130267 0.9956467152 0.0697620586 -0.3111134171 -0.0856339186 0.9465068579
-152.5 -584.2 2340.2 0.9376075268 0.1424461603 0.3171769083 -0.2053199261 0.9630222321 0.1744473875 -0.2805990577 -0.2286859155 0.9321839809
112.0 -213.3 2127.0 0 0 0 0 0 0 0 0 0
123.6 -249.3 2215.5 0 0 0 0 0 0 0 0 0
-239.9 -928.0 2193.3 0 0 0 0 0 0 0 0 0
-205.6 -943.3 2425.4 0 0 0 0 0 0 0 0 0
-34.6 375.6 2236.8 0.6009749770 0.2936427295 -0.7433727384 -0.1741016656 0.9558282495 0.2368142605 0.7800754309 -0.0128970221 0.6255525947
-92.4 187.5 2239.4 0.6009749770 0.2936427295 -0.7433727384 -0.1741016656 0.9558282495 0.2368142605 0.7800754309 -0.0128970221 0.6255525947
-146.0 0.9 2242.6 0.6050975323 0.2758951485 -0.7468191981 -0.1602267027 0.9610440731 0.2252146602 0.7798618078 -0.0166164525 0.6257311702
-175.1 209.3 2132.8 -0.1648878008 0.2392350137 -0.9568587542 0.9772734046 0.1706673950 -0.1257352233 0.1332243234 -0.9558447599 -0.2619389892
-126.7 -77.3 2093.8 -0.8632822633 0.2392350137 -0.4444213212 0.4879736602 0.1706673950 -0.8560107350 -0.1289394945 -0.9558447599 -0.2640745342
-9.8 165.6 2345.9 0.1689209491 0.8986895084 -0.4047504365 -0.9854686856 0.1465753913 -0.0858319998 -0.0178098641 0.4133676887 0.9103900194
28.5 -57.9 2341.8 0.3615917861 0.8986895084 -0.2482107282 -0.7810118794 0.1465753913 -0.6070717573 -0.5091874003 0.4133676887 0.7548876405
-251.4 -168.9 2173.8 0.8068935871 -0.0642029047 -0.5871973634 0.0943809673 0.9953174591 0.0208671298 0.5831080675 -0.0722578093 0.8091747761
-226.5 -555.3 2201.8 0.8105646372 0.0288208220 -0.5849395990 -0.0426088534 0.9990435839 -0.0098197740 0.5840970874 0.0328831673 0.8110174537
-142.2 -197.2 2312.9 0.9498313665 0.0264262259 0.3116441369 -0.0508965999 0.9962019324 0.0706489384 -0.3085935116 -0.0829662010 0.9475688338
-152.4 -583.9 2345.1 0.9386682510 0.1453859359 0.3126737773 -0.1942169815 0.9721699357 0.1310166568 -0.2849240601 -0.1837077290 0.9407814741
116.3 -214.7 2130.1 0 0 0 0 0 0 0 0 0
119.0 -253.4 2214.4 0 0 0 0 0 0 0 0 0
-237.2 -928.1 2189.6 0 0 0 0 0 0 0 0 0
-206.6 -946.2 2413.5 0 0 0 0 0 0 0 0 0
-32.3 375.6 2235.9 0.6015131474 0.3025699854 -0.7393465638 -0.1750901639 0.9529289007 0.2475275546 0.7794390917 -0.0194387790 0.6261763573
-91.8 188.2 2239.7 0.6015131474 0.3025699854 -0.7393465638 -0.1750901639 0.9529289007 0.2475275546 0.7794390917 -0.0194387790 0.6261763573
-147.1 2.2 2243.8 0.6052557826 0.2847286761 -0.7433673143 -0.1629101336 0.9583825469 0.2344422042 0.7791827321 -0.0207954273 0.6264517903
-174.5 210.4 2133.3 -0.1649261415 0.2520959675 -0.9535444379 0.9772244692 0.1726587713 -0.1233747154 0.1335355490 -0.9521746635 -0.2748303115
-124.9 -83.5 2093.1 -0.8699882030 0.2520959675 -0.4237547815 0.4713089764 0.1726587713 -0.8649027348 -0.1448735297 -0.9521746635 -0.2690261900
-9.1 165.9 2346.2 0.1711059660 0.9181975722 -0.3572617769 -0.9847872257 0.1482412219 -0.0906568915 -0.0302800182 0.3673387468 0.9295942187
29.9 -58.6 2339.3 0.3338885903 0.9181975722 -0.2131469697 -0.7886161208 0.1482412219 -0.5967487693 -0.5163361430 0.3673387468 0.7736014724
-253.7 -171.3 2175.9 0.8081184626 -0.0691336915 -0.5849487782 0.1028051004 0.9943997264 0.0245015956 0.5799790621 -0.0799359158 0.8107000589
-226.9 -557.3 2207.0 0.8140180111 0.0284509435 -0.5801424384 -0.0572471619 0.9978664517 -0.0313888043 0.5780116320 0.0587625615 0.8139100075
-145.3 -200.0 2315.6 0.9489633441 0.0157406479 0.3149932623 -0.0489975326 0.9939852953 0.0979414359 -0.3115569949 -0.1083767265 0.9440268874
-151.4 -585.7 2357.7 0.9366026521 0.1539699286 0.3147517741 -0.1892200261 0.9782921672 0.0844995901 -0.2949088216 -0.1386998743 0.9454053044
120.2 -216.3 2133.9 0 0 0 0 0 0 0 0 0
114.0 -257.3 2209.2 0 0 0 0 0 0 0 0 0
-237.5 -929.6 2185.1 0 0 0 0 0 0 0 0 0
-208.8 -950.2 2409.4 0 0 0 0 0 0 0 0 0
-29.3 378.6 2236.9 0.6079526544 0.3099985719 -0.7309545279 -0.1857389063 0.9506120682 0.2486719936 0.7719421387 -0.0154141048 0.6355059147
-90.3 191.3 2240.0 0.6079526544 0.3099985719 -0.7309545279 -0.1857389063 0.9506120682 0.2486719936 0.7719421387 -0.0154141048 0.6355059147
-147.2 5.7 2242.9 0.6113423109 0.2927770317 -0.7352157235 -0.1750167906 0.9560613632 0.2351930737 0.7717704773 -0.0151083814 0.6357216835
-173.9 215.2 2134.5 -0.1381179094 0.2640820742 -0.9545596242 0.9804832935 0.1726117879 -0.0941152498 0.1399140805 -0.9489287734 -0.2827688456
-132.3 -79.6 2092.5 -0.8639724851 0.2640820742 -0.4287332296 0.4796723723 0.1726117879 -0.8603020310 -0.1531859487 -0.9489287734 -0.2758046985
-6.8 167.4 2345.4 0.1617662013 0.9114595056 -0.3782502115 -0.9863960743 0.1379913688 -0.0893376842 -0.0292324200 0.3875563443 0.9213824272
30.0 -57.3 2338.7 0.3308430612 0.9114595056 -0.2445085049 -0.8057840466 0.1379913688 -0.5759084225 -0.4911771417 0.3875563443 0.7800930142
-256.6 -169.3 2178.0 0.8130869865 -0.0777464285 -0.5769272447 0.1116919070 0.9934641719 0.0235331971 0.5713269711 -0.0835726410 0.8164564371
-226.4 -554.9 2210.4 0.8200865388 0.0314102322 -0.5713768005 -0.0624156557 0.9974450469 -0.0347515978 0.5688254237 0.0641621798 0.8199517131
-148.1 -198.5 2317.6 0.9456183314 0.0012972169 0.3252757192 -0.0402334370 0.9927795529 0.1130045205 -0.3227804899 -0.1199461073 0.9388427138
-148.6 -583.7 2364.1 0.9314320683 0.1671648324 0.3232494891 -0.1785200089 0.9839204550 0.0055757333 -0.3171197474 -0.0628999174 0.9462973475
110.0 -214.2 2135.4 0 0 0 0 0 0 0 0 0
113.6 -261.0 2214.6 0 0 0 0 0 0 0 0 0
-238.1 -927.2 2186.5 0 0 0 0 0 0 0 0 0
-210.8 -949.6 2387.5 0 0 0 0 0 0 0 0 0
-29.6 376.6 2238.0 0.5969720483 0.3128313720 -0.7387562990 -0.1864596605 0.9497278929 0.2514949143 0.7802929878 -0.0123871835 0.6252914667
-91.1 190.0 2240.4 0.5969720483 0.3128313720 -0.7387562990 -0.1864596605 0.9497278929 0.2514949143 0.7802929878 -0.0123871835 0.6252914667
-148.6 4.6 2243.0 0.6004477143 0.2966578603 -0.7426012754 -0.1755984277 0.9548898935 0.2394796759 0.7801459432 -0.0133954091 0.6254540682
-173.1 213.9 2133.8 -0.1340131462 0.2603886724 -0.9561580420 0.9819971323 0.1645096540 -0.0928341150 0.1331242770 -0.9513854980 -0.2777473629
-132.5 -83.5 2093.5 -0.8722520471 0.2603886724 -0.4139735997 0.4625763595 0.1645096540 -0.8711829185 -0.1587435007 -0.9513854980 -0.2639435232
-9.0 166.0 2347.0 0.1737662256 0.9050017595 -0.3883003294 -0.9842094183 0.1460929811 -0.0999431387 -0.0337207615 0.3995355964 0.9160972834
30.1 -55.9 2339.4 0.3174721599 0.9144573212 -0.2509565353 -0.8088466525 0.1230059788 -0.5750101209 -0.4949530959 0.3855350614 0.7787067294
-258.8 -164.2 2176.7 0.8052459955 -0.0830300003 -0.5870987177 0.1185142249 0.9927051067 0.0221577622 0.5809761286 -0.0874219984 0.8092120290
-226.5 -549.6 2210.7 0.8134205341 0.0237834193 -0.5811896324 -0.0551439971 0.9978166819 -0.0363457426 0.5790562630 0.0616134927 0.8129560947
-149.3 -195.5 2315.0 0.9496719837 0.0055745421 0.3131964505 -0.0364729054 0.9950087667 0.0928828567 -0.3111154437 -0.0996314287 0.9451352954
-151.4 -581.7 2353.6 0.9371647835 0.1549593210 0.3125856817 -0.1778410226 0.9829888940 0.0458851941 -0.3001579046 -0.0985925496 0.9487806559
115.5 -215.0 2138.6 0 0 0 0 0 0 0 0 0
110.6 -260.8 2214.0 0 0 0 0 0 0 0 0 0
-235.4 -922.0 2187.7 0 0 0 0 0 0 0 0 0
-209.1 -947.7 2390.4 0 0 0 0 0 0 0 0 0
-34.6 371.8 2239.5 0.5811484456 0.2974862158 -0.7574750185 -0.1618347764 0.9544466734 0.2506811321 0.7975437045 -0.0230971556 0.6028188467
-93.0 184.5 2244.0 0.5811484456 0.2974862158 -0.7574750185 -0.1618347764 0.9544466734 0.2506811321 0.7975437045 -0.0230971556 0.6028188467
-147.7 -1.6 2249.0 0.5846216679 0.2818349600 -0.7607802153 -0.1503623277 0.9591165185 0.2397637069 0.7972506881 -0.0257783737 0.6030976772
-172.8 205.1 2135.1 -0.1330340803 0.2343854755 -0.9629981518 0.9827502966 0.1571379155 -0.0975167304 0.1284670234 -0.9593597651 -0.2512470782
-133.0 -88.5 2096.8 -0.8838906288 0.2343854755 -0.4047231376 0.4452923238 0.1571379155 -0.8814887404 -0.1430107951 -0.9593597651 -0.2432627976
-13.2 164.0 2352.8 0.1948668063 0.8951896429 -0.4008271694 -0.9796007276 0.1571780890 -0.1252097487 -0.0490852185 0.4170497954 0.9075571895
30.7 -56.4 2341.8 0.2801296115 0.9259375334 -0.2533121705 -0.8029405475 0.0813794062 -0.5904776454 -0.5261310339 0.3688049018 0.7662696242
-260.0 -165.0 2175.7 0.7910382748 -0.0892663524 -0.6052189469 0.1255164146 0.9919327497 0.0177490674 0.5987521410 -0.0900051072 0.7958611250
-225.4 -550.1 2210.6 0.7965680957 0.0417450033 -0.6031058431 -0.0554328077 0.9984539747 -0.0041046557 0.6020020843 0.0367014892 0.7976506352
-152.4 -196.5 2315.5 0.9570680857 -0.0161222443 0.2894144952 -0.0177298505 0.9933264852 0.1139657050 -0.2893204689 -0.1142042130 0.9503952265
-146.2 -581.9 2359.8 0.9394040704 0.1832782626 0.2897050381 -0.1990095973 0.9796646833 0.0255404413 -0.2791327834 -0.0816468820 0.9567751288
119.2 -215.6 2137.6 0 0 0 0 0 0 0 0 0
101.6 -259.7 2208.6 0 0 0 0 0 0 0 0 0
-240.9 -922.6 2196.9 0 0 0 0 0 0 0 0 0
-214.5 -947.0 2390.2 0 0 0 0 0 0 0 0 0
-29.9 374.0 2239.2 0.5657780766 0.3045597970 -0.7662496567 -0.1529442519 0.9519220591 0.2654287517 0.8102488518 -0.0329802856 0.5851572752
-89.8 186.6 2245.7 0.5657780766 0.3045597970 -0.7662496567 -0.1529442519 0.9519220591 0.2654287517 0.8102488518 -0.0329802856 0.5851572752
-144.9 0.6 2252.2 0.5696338415 0.2834384739 -0.7714790702 -0.1404173225 0.9584159255 0.2484389991 0.8098149896 -0.0331902355 0.5857458115
-167.6 205.7 2135.1 -0.1286440790 0.1983312666 -0.9716560245 0.9848170280 0.1407113522 -0.1016650125 0.1165596768 -0.9699819684 -0.2134216875
-128.3 -95.0 2099.5 -0.8944714665 0.1983312666 -0.4007312655 0.4306024015 0.1407113522 -0.8915054202 -0.1204259619 -0.9699819684 -0.2112642080
-12.1 167.4 2356.3 0.1917641759 0.8910951614 -0.4113099873 -0.9789351821 0.1437381059 -0.1450010389 -0.0700888038 0.4304518104 0.8998882174
31.7 -56.1 2340.3 0.2898386717 0.9170143008 -0.2740042508 -0.8065759540 0.0799245462 -0.5857024193 -0.5151978135 0.3907644451 0.7628068924
-254.8 -174.3 2182.7 0.7821575999 -0.0720752478 -0.6188979149 0.1057689637 0.9942299128 0.0178844277 0.6140378118 -0.0794486329 0.7852677703
-226.8 -560.2 2213.5 0.7875307202 0.0354265086 -0.6152563095 -0.0640818402 0.9976418614 -0.0245807357 0.6129346490 0.0587848425 0.7879438400
-150.1 -201.2 2325.5 0.9622064233 -0.0008641969 0.2723198235 -0.0206875931 0.9968733191 0.0762604401 -0.2715342641 -0.0790119246 0.9591799974
-149.8 -587.8 2356.1 0.9484522343 0.1622755975 0.2722222507 -0.1813306510 0.9823368192 0.0461908653 -0.2599182725 -0.0931720659 0.9611250758
127.1 -218.0 2133.9 0 0 0 0 0 0 0 0 0
105.2 -260.6 2209.7 0 0 0 0 0 0 0 0 0
-240.0 -932.4 2191.6 0 0 0 0 0 0 0 0 0
-210.3 -954.1 2390.8 0 0 0 0 0 0 0 0 0
-24.9 376.4 2239.1 0.5656480789 0.3115001619 -0.7635508180 -0.1515809745 0.9494109750 0.2750310302 0.8105957508 -0.0398309864 0.5842499733
-86.3 189.2 2246.9 0.5656480789 0.3115001619 -0.7635508180 -0.1515809745 0.9494109750 0.2750310302 0.8105957508 -0.0398309864 0.5842499733
-142.8 3.7 2254.1 0.5687049031 0.2909391224 -0.7693693042 -0.1419126093 0.9560350180 0.2566278577 0.8102070689 -0.0367623121 0.5849897265
-164.0 208.6 2136.3 -0.1059520394 0.2109225690 -0.9717437029 0.9869633317 0.1413708776 -0.0769261122 0.1211508140 -0.9672259092 -0.2231513709
-131.8 -91.3 2099.5 -0.8814167380 0.2109225690 -0.4226300418 0.4553174078 0.1413708776 -0.8790337443 -0.1256604791 -0.9672259092 -0.2206433862
-8.7 169.8 2357.6 0.1734141111 0.9512138963 -0.2551854551 -0.9813613892 0.1451116502 -0.1259856373 -0.0828089118 0.2722768486 0.9586490393
31.7 -58.5 2338.3 0.2809259892 0.9512138963 -0.1275643110 -0.7722244859 0.1451116502 -0.6185563207 -0.5698683262 0.2722768486 0.7753162980
-250.9 -172.9 2186.1 0.7837507129 -0.0543927774 -0.6186891794 0.0910897329 0.9954524636 0.0278754123 0.6143594384 -0.0782036036 0.7851411700
-229.8 -559.3 2216.5 0.7907732725 0.0141712492 -0.6119450927 -0.0609889701 0.9965812564 -0.0557331815 0.6090631485 0.0813942105 0.7889341116
-148.9 -198.0 2331.1 0.9619810581 -0.0022387847 0.2731069028 -0.0163848754 0.9976922274 0.0658919886 -0.2726241648 -0.0678616688 0.9597243667
-148.1 -585.2 2357.5 0.9470571280 0.1689649373 0.2730084062 -0.1838408709 0.9825083017 0.0296633951 -0.2632209659 -0.0782830343 0.9615542293
117.0 -219.9 2134.9 0 0 0 0 0 0 0 0 0
102.8 -254.0 2194.1 0 0 0 0 0 0 0 0 0
-235.1 -931.0 2186.1 0 0 0 0 0 0 0 0 0
-211.1 -951.7 2386.7 0 0 0 0 0 0 0 0 0
-24.8 374.4 2238.5  0.5699947476 0.3115850091 -0.7602767944 -0.1467738450 0.9490360022 0.2789051235 0.8084326982 -0.0473857112 0.5866780877
-86.2 187.3 2247.9 0.5699947476 0.3115850091 -0.7602767944 -0.1467738450 0.9490360022 0.2789051235 0.8084326982 -0.0473857112 0.5866780877
-142.9 2.0 2257.3 0.5737768412 0.2925456762 -0.7649818063 -0.1348536909 0.9550279379 0.2640760541 0.8078333139 -0.0483600907 0.5874237418
-164.5 205.8 2137.5 -0.0983488560 0.2188732177 -0.9707842469 0.9872013330 0.1445235014 -0.0674277544 0.1255430132 -0.9649909139 -0.2302856594
-135.5 -85.9 2100.4 -0.8678496480 0.2188732177 -0.4460173845 0.4808921814 0.1445235014 -0.8647865057 -0.1248186082 -0.9649909139 -0.2306790948
-7.8 168.9 2358.2 0.1730751842 0.9389290810 -0.2974174917 -0.9804511070 0.1355511695 -0.1426238269 -0.0935983583 0.3162879646 0.9440345764
32.4 -58.6 2336.5 0.3118950427 0.9389290810 -0.1453742236 -0.7235396504 0.1355511695 -0.6768428683 -0.6158018112 0.3162879646 0.7216301560
-250.3 -169.2 2188.7 0.7882473469 -0.0577937551 -0.6126385331 0.0908137560 0.9956040382 0.0229238030 0.6086205244 -0.0737056285 0.7900307178
-227.8 -555.7 2217.3 0.7948887348 0.0214069784 -0.6063774824 -0.0678179637 0.9962498546 -0.0537306182 0.6029532552 0.0838331506 0.7933595777
-148.4 -194.6 2333.8 0.9600329995 -0.0142432544 0.2795241475 -0.0091793854 0.9965647459 0.0823071525 -0.2797362506 -0.0815834478 0.9566043019
-142.9 -581.4 2365.5 0.9395865798 0.1978425682 0.2793481648 -0.1972434372 0.9798783660 -0.0305510554 -0.2797715366 -0.0263942312 0.9597037435
108.1 -220.8 2135.5 0 0 0 0 0 0 0 0 0
111.2 -241.6 2180.8 0 0 0 0 0 0 0 0 0
-235.8 -927.4 2186.0 0 0 0 0 0 0 0 0 0
-216.6 -946.4 2375.3 0 0 0 0 0 0 0 0 0
-24.1 371.6 2239.7  0.5724624991 0.3204165697 -0.7547316551 -0.1604757607 0.9464641809 0.2800948322 0.8040735126 -0.0392276607 0.5932343602
-87.2 185.2 2247.5 0.5724624991 0.3204165697 -0.7547316551 -0.1604757607 0.9464641809 0.2800948322 0.8040735126 -0.0392276607 0.5932343602
-145.6 0.3 2255.4 0.5766034722 0.3012212813 -0.7594696879 -0.1478248686 0.9526771903 0.2656199932 0.8035398126 -0.0408889167 0.5938449502
-165.9 205.4 2137.7 -0.1117462814 0.2163264006 -0.9699049592 0.9857065678 0.1479582638 -0.0805664062 0.1260768175 -0.9650446773 -0.2297681272
-132.6 -88.4 2100.1 -0.8735316992 0.2163264006 -0.4360564947 0.4708057344 0.1479582638 -0.8697414994 -0.1236298904 -0.9650446773 -0.2310939431
-8.4 165.0 2357.2 0.1760578156 0.9267772436 -0.3317945004 -0.9800391197 0.1334061921 -0.1473976523 -0.0923413485 0.3511221111 0.9317651987
32.3 -61.4 2335.9 0.3409076333 0.9267772436 -0.1576893777 -0.6912005544 0.1334061921 -0.7102426291 -0.6371999383 0.3511221111 0.6860681176
-251.1 -171.3 2194.3 0.7916588187 -0.0604581311 -0.6079646945 0.0868051872 0.9961273074 0.0139746564 0.6047653556 -0.0638376474 0.7938410640
-227.7 -558.0 2219.1 0.7975479960 0.0244632699 -0.6027593017 -0.0688804239 0.9963356256 -0.0507031828 0.5993101597 0.0819565356 0.7963104844
-148.3 -195.5 2339.0 0.9583588839 -0.0156775843 0.2851358950 -0.0053615016 0.9973280430 0.0728562623 -0.2855162323 -0.0713512078 0.9557141066
-142.3 -582.6 2366.7 0.9388858080 0.1923013180 0.2855059206 -0.1998886764 0.9798151255 -0.0026167603 -0.2802462280 -0.0546125583 0.9583733678
114.6 -221.7 2135.1 0 0 0 0 0 0 0 0 0
118.5 -236.3 2174.7 0 0 0 0 0 0 0 0 0
-236.8 -929.9 2188.5 0 0 0 0 0 0 0 0 0
-213.9 -947.8 2387.1 0 0 0 0 0 0 0 0 0
-19.7 374.3 2225.9  0.6091530323 0.3347100914 -0.7189587951 -0.1626799107 0.9400306940 0.2997957766 0.7761880159 -0.0656613633 0.6270731688
-85.9 188.2 2238.9 0.6091530323 0.3347100914 -0.7189587951 -0.1626799107 0.9400306940 0.2997957766 0.7761880159 -0.0656613633 0.6270731688
-146.3 4.2 2250.7 0.6130284071 0.3112227023 -0.7261794806 -0.1513500810 0.9483814240 0.2786858678 0.7754284739 -0.0609350279 0.6284883618
-169.6 209.0 2133.0 -0.1259374022 0.1961845309 -0.9724460840 0.9870188832 0.1232618093 -0.1029574051 0.0996668115 -0.9727888703 -0.2091611177
-131.0 -93.1 2102.5 -0.8821153045 0.1961845309 -0.4282338917 0.4554417133 0.1232618093 -0.8816912174 -0.1201892942 -0.9727888703 -0.1980817467
-2.3 167.5 2344.7 0.1482517719 0.9160757065 -0.3725945055 -0.9879285097 0.1200689524 -0.0978809446 -0.0449293256 0.3826077580 0.9228177667
32.6 -64.8 2334.1 0.3590481281 0.9160757065 -0.1785768867 -0.6704843640 0.1200689524 -0.7321435213 -0.6492573619 0.3826077580 0.6573250294
-255.8 -171.4 2191.4 0.8199556470 -0.0755519941 -0.5674192309 0.0989163518 0.9950408936 0.0104502896 0.5638157725 -0.0646958128 0.8233627081
-226.4 -557.7 2216.5 0.8261245489 0.0244578384 -0.5629565120 -0.0561663434 0.9976563454 -0.0390791818 0.5606813431 0.0639034808 0.8255621195
-152.5 -197.9 2335.3 0.9431211948 -0.0124378391 0.3322163522 -0.0121328169 0.9973464608 0.0717831925 -0.3322276473 -0.0717309713 0.9404676557
-147.6 -585.1 2363.2 0.9274457097 0.1713188887 0.3324067593 -0.1880126595 0.9819930196 0.0184640922 -0.3232578635 -0.0796211213 0.9429553747
120.1 -222.8 2136.8 0 0 0 0 0 0 0 0 0
123.5 -234.6 2169.6 0 0 0 0 0 0 0 0 0
-235.6 -930.0 2192.7 0 0 0 0 0 0 0 0 0
-211.5 -951.2 2392.9 0 0 0 0 0 0 0 0 0
-20.7 369.5 2233.4  0.5843253732 0.3328357041 -0.7401245236 -0.1714910567 0.9420706630 0.2882598341 0.7931927443 -0.0415127911 0.6075541377
-86.2 184.2 2241.6 0.5843253732 0.3328357041 -0.7401245236 -0.1714910567 0.9420706630 0.2882598341 0.7931927443 -0.0415127911 0.6075541377
-147.2 0.2 2249.3 0.5875734687 0.3148913980 -0.7453863621 -0.1620116085 0.9483016729 0.2729032040 0.7927860022 -0.0395894349 0.6082129478
-166.4 206.4 2133.4 -0.1028077453 0.2106638998 -0.9721375108 0.9888780117 0.1272421628 -0.0770045295 0.1074748039 -0.9692420363 -0.2214023769
-136.0 -86.1 2101.6 -0.8670352101 0.2106638998 -0.4515204132 0.4822768271 0.1272421628 -0.8667286038 -0.1251359880 -0.9692420363 -0.2119217515
-6.0 162.0 2349.8 0.1709594876 0.9315467477 -0.3209260404 -0.9831084609 0.1396764219 -0.1182721332 -0.0653502196 0.3357248604 0.9396904707
33.1 -63.1 2334.8 0.3396191001 0.9315467477 -0.1299213022 -0.6640972495 0.1396764219 -0.7344830632 -0.6660583615 0.3357248604 0.6660743952
-261.4 -166.3 2193.2 0.7999972701 -0.0898329690 -0.5932406187 0.1108758748 0.9938337803 -0.0009753932 0.5896701813 -0.0649957582 0.8050246239
-226.6 -552.1 2218.4 0.8065128922 0.0277825668 -0.5905634165 -0.0549879596 0.9980903864 -0.0281408988 0.5886538029 0.0551698729 0.8065004349
-151.7 -193.5 2332.0 0.9533255696 -0.0059028375 0.3018866777 -0.0205969810 0.9962087274 0.0845220685 -0.3012410402 -0.0867950022 0.9495896101
-149.4 -580.2 2365.7 0.9398464561 0.1607077271 0.3014326692 -0.1706814766 0.9853023291 0.0068628346 -0.2958994210 -0.0578989834 0.9534627795
108.4 -222.0 2136.9 0 0 0 0 0 0 0 0 0
119.2 -231.5 2166.0 0 0 0 0 0 0 0 0 0
-236.9 -924.6 2197.9 0 0 0 0 0 0 0 0 0
-209.4 -947.7 2387.3 0 0 0 0 0 0 0 0 0
-20.6 370.1 2230.7  0.5860486627 0.3313105106 -0.7394459248 -0.1693541557 0.9425140023 0.2880738080 0.7923800349 -0.0435970314 0.6084678769
-85.8 184.5 2239.3 0.5860486627 0.3313105106 -0.7394459248 -0.1693541557 0.9425140023 0.2880738080 0.7923800349 -0.0435970314 0.6084678769
-146.0 0.1 2247.2 0.5896732211 0.3102479875 -0.7456753254 -0.1586634815 0.9497830272 0.2697000504 0.7919036746 -0.0407234579 0.6092866063
-166.3 206.1 2131.1 -0.1070863008 0.2104378492 -0.9717244506 0.9892143011 0.1207892373 -0.0828554556 0.0999379307 -0.9701164365 -0.2211029977
-134.5 -87.8 2101.5 -0.8679961562 0.2104378492 -0.4497762024 0.4796389341 0.1207892373 -0.8691124320 -0.1285660267 -0.9701164365 -0.2057787776
-5.3 162.8 2347.4 0.1685072482 0.9224613905 -0.3473763168 -0.9835556149 0.1341177076 -0.1209577248 -0.0649895072 0.3620462120 0.9298918843
33.8 -65.3 2332.3 0.3536177874 0.9224613905 -0.1549821794 -0.6699072719 0.1341177076 -0.7302305698 -0.6528236270 0.3620462120 0.6653900146
-260.8 -169.3 2186.0 0.7995773554 -0.0922548622 -0.5934349298 0.1242573783 0.9921624660 0.0131801767 0.5875679851 -0.0842772424 0.8047740459
-225.0 -554.4 2218.7 0.8062681556 0.0451985225 -0.5898209214 -0.0718065724 0.9971815944 -0.0217425674 0.5871757865 0.0598833561 0.8072413206
-155.6 -198.4 2327.9 0.9529608488 -0.0107263094 0.3029036224 -0.0210183021 0.9946290851 0.1013468206 -0.3023638427 -0.1029460654 0.9476171136
-151.5 -584.5 2367.9 0.9408079386 0.1527419984 0.3025729060 -0.1626072973 0.9866621494 0.0075270347 -0.2973875403 -0.0562820546 0.9530965090
109.0 -222.3 2137.5 0 0 0 0 0 0 0 0 0
123.5 -235.2 2166.8 0 0 0 0 0 0 0 0 0
-241.9 -926.6 2196.4 0 0 0 0 0 0 0 0 0
-208.5 -952.6 2388.9 0 0 0 0 0 0 0 0 0
-17.1 369.8 2222.3  0.5910352468 0.3388544023 -0.7320212126 -0.1511380225 0.9379358292 0.3121436834 0.7923601866 -0.0738516673 0.6055669188
-84.0 184.7 2236.9 0.5910352468 0.3388544023 -0.7320212126 -0.1511380225 0.9379358292 0.3121436834 0.7923601866 -0.0738516673 0.6055669188
-145.9 1.4 2250.9 0.5946978331 0.3192418516 -0.7378476262 -0.1406589001 0.9449393153 0.2954737842 0.7915488482 -0.0719327852 0.6068575978
-165.2 203.9 2128.8 -0.1015925184 0.2097188085 -0.9724695086 0.9903240204 0.1142131165 -0.0788270235 0.0945372656 -0.9710681438 -0.2192927748
-135.5 -85.6 2101.2 -0.8642113805 0.2097188085 -0.4573365748 0.4861886501 0.1142131165 -0.8663578629 -0.1294577122 -0.9710681438 -0.2006671876
-2.7 165.5 2345.0 0.1571090221 0.9257990122 -0.3438210785 -0.9865466952 0.1311946809 -0.0975375995 -0.0451927148 0.3545195758 0.9339558482
33.9 -64.3 2334.5 0.3481403887 0.9257990122 -0.1472903490 -0.6613361239 0.1311946809 -0.7385272384 -0.6644040942 0.3545195758 0.6579385400
-258.9 -170.0 2184.2 0.8068565726 -0.0789232701 -0.5854516029 0.1192033365 0.9924013019 0.0305002965 0.5785956979 -0.0943971500 0.8101334572
-228.3 -555.2 2220.8 0.8171999454 0.0171571095 -0.5760988593 -0.0617966130 0.9964030385 -0.0579844862 0.5730317831 0.0829858780 0.8153207302
-153.3 -198.5 2326.0 0.9499952197 -0.0140421446 0.3119485974 -0.0216661319 0.9936167598 0.1107080877 -0.3115119338 -0.1119308695 0.9436269403
-147.9 -584.2 2369.5 0.9349224567 0.1701791734 0.3113825619 -0.1761097908 0.9843276143 -0.0091946712 -0.3080671728 -0.0462412126 0.9502401352
106.4 -221.7 2137.4 0 0 0 0 0 0 0 0 0
122.2 -232.1 2165.9 0 0 0 0 0 0 0 0 0
-234.7 -926.9 2189.9 0 0 0 0 0 0 0 0 0
-211.4 -951.5 2386.7 0 0 0 0 0 0 0 0 0
-17.3 369.7 2224.6  0.6196038127 0.3315999210 -0.7114299536 -0.1641124338 0.9410757422 0.2957085669 0.7675664425 -0.0664676502 0.6375138164
-82.7 184.2 2237.7 0.6196038127 0.3315999210 -0.7114299536 -0.1641124338 0.9410757422 0.2957085669 0.7675664425 -0.0664676502 0.6375138164
-143.6 0.4 2250.8 0.6236370802 0.3140923977 -0.7158371210 -0.1523187160 0.9470010400 0.2828216255 0.7667306066 -0.0673426762 0.6384271383
-167.8 205.0 2133.1 -0.1005197540 0.2372599840 -0.9662315845 0.9885534644 0.1336344033 -0.0700277835 0.1125069857 -0.9622107744 -0.2479770780
-138.6 -82.7 2100.4 -0.8555611372 0.2372599840 -0.4601335526 0.4978998601 0.1336344033 -0.8568766117 -0.1418128610 -0.9622107744 -0.2324641049
2.5 163.4 2342.4 0.1369073391 0.9105061889 -0.3901729286 -0.9900169373 0.1124439985 -0.0849869996 -0.0335085839 0.3979131579 0.9168109298
34.0 -64.6 2334.7 0.3752028942 0.9105061889 -0.1737852693 -0.6291145086 0.1124439985 -0.7691367269 -0.6807625890 0.3979131579 0.6150019765
-261.1 -169.3 2194.0 0.8283340931 -0.0814864561 -0.5542765856 0.0984460041 0.9951420426 0.0008219439 0.5515169501 -0.0552471615 0.8323321342
-229.5 -555.3 2215.4 0.8357073069 0.0006578661 -0.5491747260 -0.0349294208 0.9980382323 -0.0519583225 0.5480631590 0.0626043007 0.8340908289
-154.5 -194.6 2335.7 0.9379489422 -0.0102457479 0.3466219306 -0.0104419887 0.9982756972 0.0577636063 -0.3466160893 -0.0577987395 0.9362246394
-150.5 -581.5 2358.1 0.9248625636 0.1565182954 0.3465995789 -0.1883320510 0.9802790880 0.0598663464 -0.3303941488 -0.1206439584 0.9361008406
100.6 -221.9 2140.0 0 0 0 0 0 0 0 0 0
129.1 -224.1 2162.1 0 0 0 0 0 0 0 0 0
-229.7 -927.6 2192.0 0 0 0 0 0 0 0 0 0
-208.8 -946.3 2403.0 0 0 0 0 0 0 0 0 0
-18.2 368.6 2226.3  0.5980778337 0.3253420889 -0.7324311733 -0.1558386534 0.9436622858 0.2919174135 0.7861406803 -0.0604482628 0.6150844097
-82.3 182.6 2238.2 0.5980778337 0.3253420889 -0.7324311733 -0.1558386534 0.9436622858 0.2919174135 0.7861406803 -0.0604482628 0.6150844097
-142.2 -1.6 2250.6 0.6023073196 0.3086455762 -0.7361819148 -0.1432120055 0.9490451217 0.2807199359 0.7853128314 -0.0636495948 0.6158185601
-164.5 202.1 2131.0 -0.0791411549 0.2508683801 -0.9647806883 0.9910958409 0.1237591133 -0.0491191670 0.1070779562 -0.9600774646 -0.2584290504
-142.2 -77.4 2100.8 -0.8354306817 0.2508683801 -0.4889996052 0.5286883116 0.1237591133 -0.8397454023 -0.1501474082 -0.9600774646 -0.2360233366
-0.1 163.0 2345.4 0.1475503594 0.9032518268 -0.4029454291 -0.9870848060 0.1087824255 -0.1176010072 -0.0623899437 0.4150933921 0.9076370597
34.6 -68.8 2330.8 0.3900250793 0.9032518268 -0.1789317429 -0.6114847660 0.1087824255 -0.7837427855 -0.6884524822 0.4150933921 0.5947526097
-260.4 -169.7 2195.2 0.8107878566 -0.0955726579 -0.5774849653 0.1127251461 0.9936070442 -0.0061741616 0.5743831992 -0.0600911453 0.8163779378
-223.3 -555.2 2218.5 0.8159906268 0.0495056733 -0.5759413838 -0.0756612569 0.9969016314 -0.0215066876 0.5730921626 0.0611257032 0.8172080517
-148.8 -196.9 2332.5 0.9477639794 0.0061643571 0.3189128935 -0.0274074618 0.9976894259 0.0621664785 -0.3177928030 -0.0676597431 0.9457430243
-151.2 -583.9 2358.7 0.9357417226 0.1504859477 0.3189692497 -0.1838259697 0.9799418449 0.0769546553 -0.3009907007 -0.1306445152 0.9446356893
91.0 -225.0 2142.7 0 0 0 0 0 0 0 0 0
133.5 -223.9 2156.2 0 0 0 0 0 0 0 0 0
-241.8 -926.8 2195.8 0 0 0 0 0 0 0 0 0
-207.2 -949.2 2407.4 0 0 0 0 0 0 0 0 0
-19.8 368.6 2225.6  0.5903452039 0.3229050934 -0.7397464514 -0.1444134414 0.9439576268 0.2967975438 0.7941267490 -0.0683836713 0.6038926840
-83.4 182.6 2239.1 0.5903452039 0.3229050934 -0.7397464514 -0.1444134414 0.9439576268 0.2967975438 0.7941267490 -0.0683836713 0.6038926840
-143.2 -1.5 2253.0 0.5940679908 0.3080314398 -0.7431014776 -0.1332460195 0.9486988783 0.2867332399 0.7933024168 -0.0713237226 0.6046355963
-164.5 200.8 2130.8 -0.0537577756 0.2468846440 -0.9675526023 0.9920730591 0.1234212890 -0.0236274693 0.1135833263 -0.9611530304 -0.2515624464
-149.5 -76.2 2099.1 -0.8419502974 0.2468846440 -0.4797578752 0.5183714628 0.1234212890 -0.8462022543 -0.1497019976 -0.9611530304 -0.2318925411
-2.3 164.4 2347.4 0.1562117636 0.9052094221 -0.3952136338 -0.9851726294 0.1140537113 -0.1281662881 -0.0709417537 0.4093747437 0.9096040726
34.7 -68.9 2330.6 0.3907596767 0.9052094221 -0.1670413762 -0.6020374894 0.1140537113 -0.7902801037 -0.6963172555 0.4093747437 0.5895375609
-256.0 -173.0 2192.7 0.8055022955 -0.0835180432 -0.5866777301 0.1088867411 0.9940220118 0.0079937372 0.5825029612 -0.0703204051 0.8097810149
-223.6 -558.8 2219.9 0.8123795390 0.0414313376 -0.5816553831 -0.0813621953 0.9957692027 -0.0427073017 0.5774250627 0.0820192918 0.8123134375
-148.2 -198.6 2333.2 0.9511570930 -0.0095517309 0.3085593879 -0.0362658463 0.9891428947 0.1424119473 -0.3065696061 -0.1466463059 0.9404838681
-144.5 -581.2 2390.0 0.9347789884 0.1883294731 0.3011980653 -0.1625615805 0.9806947112 -0.1086812317 -0.3158512115 0.0526296981 0.9473479390
83.8 -219.8 2140.6 0 0 0 0 0 0 0 0 0
133.9 -221.7 2154.0 0 0 0 0 0 0 0 0 0
-239.1 -930.1 2189.4 0 0 0 0 0 0 0 0 0
-213.5 -940.6 2370.7 0 0 0 0 0 0 0 0 0
-18.8 370.0 2230.8  0.5758106709 0.3313994706 -0.7474065423 -0.1552868485 0.9418556094 0.2979832590 0.8027005196 -0.0555195212 0.5937924385
-84.0 184.7 2241.7 0.5758106709 0.3313994706 -0.7474065423 -0.1552868485 0.9418556094 0.2979832590 0.8027005196 -0.0555195212 0.5937924385
-145.2 0.8 2253.1 0.5799025893 0.3150157332 -0.7513175607 -0.1433282495 0.9472825527 0.2865532637 0.8019788265 -0.0584879369 0.5944822431
-163.2 204.3 2132.2 -0.0332781784 0.2641788423 -0.9638994336 0.9917737246 0.1280005425 0.0008409721 0.1236018166 -0.9559421539 -0.2662652731
-154.0 -71.0 2097.9 -0.8304101825 0.2641788423 -0.4905388951 0.5342959166 0.1280005425 -0.8355499506 -0.1579453796 -0.9559421539 -0.2474426329
-4.8 165.1 2351.2 0.1761001498 0.9177404642 -0.3560073376 -0.9804813266 0.1314069033 -0.1462483406 -0.0874361843 0.3748129010 0.9229681492
36.5 -65.2 2330.7 0.3712873459 0.9177404642 -0.1410609484 -0.6189934611 0.1314069033 -0.7743250728 -0.6920930147 0.3748129010 0.6168650985
-256.2 -173.7 2195.8 0.7963389158 -0.0794706047 -0.5996071100 0.0988482535 0.9951023459 -0.0006081822 0.5967187881 -0.0587857962 0.8002942801
-225.3 -560.0 2218.6 0.8019690514 0.0309735201 -0.5965620279 -0.0641127601 0.9973493814 -0.0344055183 0.5939151645 0.0658394024 0.8018291593
-149.8 -197.6 2337.8 0.9557457566 -0.0152584007 0.2937978506 -0.0205312464 0.9927598238 0.1183486506 -0.2934765220 -0.1191432625 0.9485127330
-143.9 -582.1 2384.0 0.9364098907 0.1968629360 0.2904849350 -0.1774361730 0.9798186421 -0.0920425951 -0.3027423322 0.0346470624 0.9524424672
75.2 -218.5 2141.5 0 0 0 0 0 0 0 0 0
130.7 -222.2 2155.1 0 0 0 0 0 0 0 0 0
-236.9 -932.0 2194.0 0 0 0 0 0 0 0 0 0
-216.7 -944.5 2371.2 0 0 0 0 0 0 0 0 0
-19.7 366.5 2228.4  0.5971533656 0.3275876343 -0.7321845889 -0.1563669443 0.9428330064 0.2943047285 0.7867383957 -0.0612556003 0.6142397523
-83.9 181.8 2240.4 0.5971533656 0.3275876343 -0.7321845889 -0.1563669443 0.9428330064 0.2943047285 0.7867383957 -0.0612556003 0.6142397523
-143.8 -2.4 2252.3 0.6011257172 0.3086168766 -0.7371590734 -0.1445533782 0.9491986036 0.2795108557 0.7859721184 -0.0614623278 0.6151992679
-166.0 201.5 2133.1 -0.0282485615 0.2644588351 -0.9639831781 0.9900065064 0.1406954825 0.0095872041 0.1381634921 -0.9540787935 -0.2657904029
-158.2 -69.8 2095.2 -0.8372260928 0.2644588351 -0.4786585271 0.5245132446 0.1406954825 -0.8396967649 -0.1547201276 -0.9540787935 -0.2565060854
-1.8 162.1 2347.7 0.1714012772 0.9176368713 -0.3585585058 -0.9822739959 0.1311375201 -0.1339430064 -0.0758905634 0.3751606941 0.9238479733
37.5 -63.4 2330.3 0.3707553744 0.9176368713 -0.1431190223 -0.6224291325 0.1311375201 -0.7716118693 -0.6892912388 0.3751606941 0.6197838783
-258.2 -170.2 2192.6 0.8105558157 -0.0806067213 -0.5800877213 0.1047328413 0.9944669604 0.0081558349 0.5762206912 -0.0673649982 0.8145131469
-226.9 -556.2 2218.7 0.8181818724 0.0220398884 -0.5745369196 -0.0610228591 0.9969497323 -0.0486568138 0.5717120171 0.0748700052 0.8170311451
-154.4 -195.9 2336.2 0.9479228854 -0.0128671536 0.3182398975 -0.0128850304 0.9968163967 0.0786834210 -0.3182391822 -0.0786863491 0.9447392821
-149.4 -582.1 2366.7 0.9335524440 0.1649881154 0.3182118833 -0.1726547033 0.9849736094 -0.0041693076 -0.3141182065 -0.0510485135 0.9480104446
73.1 -214.7 2138.0 0 0 0 0 0 0 0 0 0
131.6 -221.4 2155.4 0 0 0 0 0 0 0 0 0
-235.2 -928.2 2190.8 0 0 0 0 0 0 0 0 0
-210.4 -946.6 2385.6 0 0 0 0 0 0 0 0 0
-17.7 369.8 2233.7  0.5778032541 0.3286464810 -0.7470842600 -0.1538963765 0.9427977204 0.2957167327 0.8015356064 -0.0558925197 0.5953291059
-82.2 184.8 2244.6 0.5778032541 0.3286464810 -0.7470842600 -0.1538963765 0.9427977204 0.2957167327 0.8015356064 -0.0558925197 0.5953291059
-142.6 0.7 2256.1 0.5821031332 0.3111427724 -0.7512297034 -0.1411850601 0.9485336542 0.2834620476 0.8007638454 -0.0589417294 0.5960731506
-161.7 204.1 2135.3 -0.0065174568 0.2797129452 -0.9600615501 0.9887041450 0.1455668956 0.0356988646 0.1497386098 -0.9489841461 -0.2775020897
-159.9 -65.7 2094.4 -0.8258367777 0.2797129452 -0.4896471202 0.5405882001 0.1455668956 -0.8285980225 -0.1604931951 -0.9489841461 -0.2714239955
-2.7 165.5 2354.0 0.1752377152 0.9175955653 -0.3568054140 -0.9794095755 0.1255754232 -0.1580750793 -0.1002430022 0.3771593273 0.9207074046
38.7 -66.0 2330.3 0.3707225621 0.9175955653 -0.1434682012 -0.6127629280 0.1255754232 -0.7802258730 -0.6979157329 0.3771593273 0.6088222265
-257.5 -173.7 2193.8 0.7975324392 -0.0739381909 -0.5987280011 0.0966792554 0.9952982664 0.0058695842 0.5954789519 -0.0625657588 0.8009309173
-228.8 -560.1 2218.1 0.8053671718 0.0086893188 -0.5927126408 -0.0536879301 0.9968522787 -0.0583360754 0.5903400183 0.0788034722 0.8032985926
-149.9 -199.6 2334.6 0.9552175999 0.0033854784 0.2958849370 -0.0206939168 0.9982506037 0.0553851686 -0.2951798141 -0.0590279065 0.9536165595
-151.2 -586.7 2357.5 0.9418053627 0.1595213860 0.2958979905 -0.1888991147 0.9792557955 0.0733156577 -0.2780644000 -0.1249439493 0.9524018168
68.4 -215.1 2138.8 0 0 0 0 0 0 0 0 0
132.8 -221.5 2153.2 0 0 0 0 0 0 0 0 0
-232.0 -932.1 2188.7 0 0 0 0 0 0 0 0 0
-210.3 -949.7 2403.8 0 0 0 0 0 0 0 0 0
-12.7 369.2 2216.8  0.6322100163 0.3350466788 -0.6986087561 -0.1544594914 0.9380690455 0.3101107776 0.7592448592 -0.0881483927 0.6448078156
-78.8 184.0 2234.2 0.6322100163 0.3350466788 -0.6986087561 -0.1544594914 0.9380690455 0.3101107776 0.7592448592 -0.0881483927 0.6448078156
-139.9 0.5 2250.3 0.6352508664 0.3153354824 -0.7049963474 -0.1456535459 0.9453819394 0.2916127741 0.7584466934 -0.0825620443 0.6464844346
-165.4 203.9 2130.9 -0.0146030663 0.2756172717 -0.9611565471 0.9903655648 0.1363715529 0.0240584984 0.1377053410 -0.9515450001 -0.2749533057
-161.4 -66.6 2093.3 -0.8322899342 0.2756172717 -0.4809663296 0.5291399360 0.1363715529 -0.8375044465 -0.1652405858 -0.9515450001 -0.2593407631
7.7 164.0 2337.6 0.1334366053 0.9161006808 -0.3780928254 -0.9907559752 0.1138993129 -0.0736852512 -0.0244385954 0.3844300508 0.9228305817
38.3 -63.2 2332.0 0.3689026833 0.9161006808 -0.1570678949 -0.6150436401 0.1138993129 -0.7802231908 -0.6968731284 0.3844300508 0.6054596901
-255.1 -170.8 2195.8 0.8388429284 -0.0644132048 -0.5405492187 0.0783594549 0.9969212413 0.0028052735 0.5387042761 -0.0447103232 0.8413076997
-230.1 -557.8 2213.1 0.8438650966 -0.0026817275 -0.5365486741 -0.0274552852 0.9984616637 -0.0481711328 0.5358524919 0.0553810336 0.8424933553
-150.8 -196.1 2339.2 0.9320737123 0.0016945434 0.3622647524 -0.0195751376 0.9987637401 0.0456931591 -0.3617394567 -0.0496807769 0.9309545755
-151.5 -583.6 2358.5 0.9200243950 0.1495545506 0.3621995747 -0.1721924543 0.9845802188 0.0308470763 -0.3520012200 -0.0907480940 0.9315900207
69.8 -213.6 2139.2 0 0 0 0 0 0 0 0 0
132.0 -219.3 2155.1 0 0 0 0 0 0 0 0 0
-229.1 -930.3 2192.5 0 0 0 0 0 0 0 0 0
-207.1 -949.6 2392.2 0 0 0 0 0 0 0 0 0
-11.9 371.2 2207.9  0.6317455173 0.3423463106 -0.6954829693 -0.1459410042 0.9336771369 0.3270293474 0.7613138556 -0.1050998345 0.6398087144
-79.8 186.0 2228.7 0.6317455173 0.3423463106 -0.6954829693 -0.1459410042 0.9336771369 0.3270293474 0.7613138556 -0.1050998345 0.6398087144
-142.8 3.6 2248.3 0.6345782280 0.3250537813 -0.7011779547 -0.1379870176 0.9403269291 0.3110383749 0.7604407072 -0.1006247252 0.6415641904
-166.4 204.9 2125.0 -0.0164218768 0.2889363468 -0.9572074413 0.9927770495 0.1185017750 0.0187380575 0.1188448891 -0.9499858618 -0.2887954116
-161.9 -63.4 2092.9 -0.8159209490 0.2889363468 -0.5007881522 0.5495577455 0.1185017750 -0.8270088434 -0.1796086431 -0.9499858618 -0.2554752827
6.8 167.2 2332.5 0.1368173212 0.9166529775 -0.3755374253 -0.9905413985 0.1226074547 -0.0616043732 -0.0104261460 0.3804139197 0.9247575402
38.9 -65.5 2330.0 0.3714785874 0.9166529775 -0.1474821419 -0.6125559211 0.1226074547 -0.7808601856 -0.6976954341 0.3804139197 0.6070472598
-257.7 -170.0 2198.5 0.8395047188 -0.0811894983 -0.5372523069 0.0904736519 0.9958570600 -0.0091206171 0.5357670188 -0.0409503765 0.8433722854
-226.2 -556.5 2214.4 0.8446946144 0.0251102578 -0.5346592069 -0.0537949875 0.9978238940 -0.0381265655 0.5325383544 0.0609672926 0.8442072272
-144.1 -196.1 2334.1 0.9314014912 0.0120561058 0.3637937605 -0.0360319875 0.9975962043 0.0591904707 -0.3622056544 -0.0682383031 0.9295970201
-148.8 -583.2 2360.6 0.9161596298 0.1695677489 0.3631780148 -0.1916703731 0.9811300635 0.0254218336 -0.3520141244 -0.0929009169 0.9313728809
65.1 -216.4 2142.9 0 0 0 0 0 0 0 0 0
133.2 -221.0 2152.9 0 0 0 0 0 0 0 0 0
-235.5 -928.8 2191.7 0 0 0 0 0 0 0 0 0
-212.0 -948.6 2395.2 0 0 0 0 0 0 0 0 0
-12.5 369.6 2205.4  0.6229906678 0.3354215026 -0.7066647410 -0.1322424561 0.9355571866 0.3274823129 0.7709698677 -0.1105673462 0.6272003651
-78.9 184.4 2227.3 0.6229906678 0.3354215026 -0.7066647410 -0.1322424561 0.9355571866 0.3274823129 0.7709698677 -0.1105673462 0.6272003651
-141.1 1.7 2248.3 0.6256594658 0.3201530576 -0.7113735080 -0.1246023402 0.9412103891 0.3140020669 0.7700808644 -0.1078195646 0.6287689805
-164.4 201.4 2122.2 0.0077203158 0.2836658955 -0.9588921070 0.9925339222 0.1145536229 0.0418791957 0.1217242703 -0.9520562887 -0.2806636095
-166.4 -61.0 2090.0 -0.8299122453 0.2836658955 -0.4803949893 0.5267137289 0.1145536229 -0.8422886133 -0.1838975549 -0.9520562887 -0.2444801778
6.5 167.3 2332.4 0.1380450130 0.9196087718 -0.3677814901 -0.9904161692 0.1298227012 -0.0471364670 0.0043992777 0.3707637191 0.9287168384
