-133.3 461.8 2487.4 36 0.6685489416 0.3343741298 -0.6642561555 -0.0138258021 0.8986499906 0.4384484589 0.7435396314 -0.2839403749 0.6054145098
-200.6 280.8 2544.5 0.6685489416 0.3343741298 -0.6642561555 -0.0138258021 0.8986499906 0.4384484589 0.7435396314 -0.2839403749 0.6054145098
-264.0 103.7 2598.6 0.6688579917 0.3244295716 -0.6688605547 -0.0129798045 0.9047030807 0.4258448184 0.7432768345 -0.2761480510 0.6093289256
-295.8 282.7 2438.7 -0.1017229483 0.3989681602 -0.9113050103 0.9928493500 0.0982403457 -0.0678157061 0.0624706149 -0.9116870165 -0.4061085880
-271.2 42.6 2423.6 -0.5694406629 0.3989681602 -0.7187222838 0.8058387041 0.0982403457 -0.5839287639 -0.1623614430 -0.9116870165 -0.3774460554
-105.3 278.9 2650.4 0.1794019341 0.9392850399 -0.2925040424 -0.7715814710 0.3187971711 0.5504819751 0.6103089452 0.1269331574 0.7819277048
-65.1 105.9 2787.3 0.3283466697 0.9392850399 0.0996600091 -0.7276012301 0.3187971711 -0.6074247360 -0.6023162603 0.1269331574 0.7881008983
-382.1 -73.4 2583.2 -0.0045219427 -0.0673138499 -0.9977216125 -0.2015171498 0.9773242474 -0.0650243610 0.9794745445 0.2007639855 -0.0179842990
-355.7 -456.0 2504.6 -0.0039321315 0.2326264679 -0.9725582004 -0.1991016865 0.9529113770 0.2287321240 0.9799709320 0.1945373863 0.0425693505
-265.2 -76.0 2720.5 0.0013618354 -0.2259630859 -0.9741349220 -0.1277774274 0.9661113620 -0.2242805511 0.9918019176 0.1247778907 -0.0275572985
-176.7 -454.3 2671.7 0.0013618354 0.3811123371 -0.9245277047 -0.1277774274 0.9170163870 0.3778277934 0.9918019176 0.1176192388 0.0499463826
-125.6 -163.5 2465.1 0 0 0 0 0 0 0 0 0
16.9 -75.8 2636.8 0 0 0 0 0 0 0 0 0
-432.3 -769.6 2440.6 0 0 0 0 0 0 0 0 0
-319.8 -798.7 2627.5 0 0 0 0 0 0 0 0 0
-138.5 461.6 2499.3 37 0.6562068462 0.3193751276 -0.6836608052 -0.0137360469 0.9109194279 0.4123555720 0.7544559836 -0.2611997724 0.6021385193
-202.3 279.6 2551.5 0.6562068462 0.3193751276 -0.6836608052 -0.0137360469 0.9109194279 0.4123555720 0.7544559836 -0.2611997724 0.6021385193
-263.0 100.2 2600.8 0.6557927728 0.3107688427 -0.6880105734 -0.0149369678 0.9165064096 0.3997410536 0.7547931671 -0.2518705130 0.6056802273
-295.7 281.8 2444.0 -0.0930978656 0.4040936530 -0.9099676609 0.9917799234 0.1182127446 -0.0489726998 0.0877802148 -0.9070469141 -0.4117773473
-273.4 43.8 2422.9 -0.5762168765 0.4040936530 -0.7104099989 0.8030283451 0.1182127446 -0.5840986371 -0.1520510316 -0.9070469141 -0.3926148713
-108.9 277.4 2659.0 0.1789667606 0.9438235164 -0.2777913511 -0.7702969909 0.3100684881 0.5572253466 0.6120567322 0.1142570302 0.7825163603
-70.7 113.3 2789.5 0.3130609393 0.9438235164 0.1057827696 -0.7283234596 0.3100684881 -0.6110666394 -0.6095389724 0.1142570302 0.7844791412
-387.9 -72.3 2585.5 -0.0209378824 -0.0827376321 -0.9963513613 -0.1849214286 0.9796952009 -0.0774684474 0.9825302362 0.1826246977 -0.0358127058
-355.5 -455.8 2514.0 -0.0298106726 0.2294949442 -0.9728532434 -0.2216288298 0.9475418329 0.2303152829 0.9746752977 0.2224781811 0.0226158369
-263.6 -81.3 2718.7 0.0334094465 -0.2540910542 -0.9666031003 -0.1481130123 0.9552051425 -0.2562142313 0.9884059429 0.1517264694 -0.0057213181
-162.6 -460.9 2658.4 0.0334094465 0.3582479656 -0.9330285192 -0.1481130123 0.9250161648 0.3498679698 0.9884059429 0.1265047640 0.0839654654
-125.9 -161.7 2461.8 0 0 0 0 0 0 0 0 0
7.5 -68.7 2637.2 0 0 0 0 0 0 0 0 0
-431.6 -769.8 2440.3 0 0 0 0 0 0 0 0 0
-297.3 -808.7 2610.8 0 0 0 0 0 0 0 0 0
-139.8 460.3 2497.3 38 0.6494634151 0.3240247667 -0.6878991723 -0.0152676115 0.9100372791 0.4142451286 0.7602396011 -0.2585344613 0.5959829688
-204.6 278.1 2549.1 0.6494634151 0.3240247667 -0.6878991723 -0.0152676115 0.9100372791 0.4142451286 0.7602396011 -0.2585344613 0.5959829688
-265.7 98.5 2597.5 0.6492606401 0.3121906817 -0.6935398579 -0.0158498641 0.9172291756 0.3980444670 0.7604007721 -0.2474420965 0.6004689932
-297.1 280.4 2440.7 -0.0957994163 0.3928847909 -0.9145840406 0.9921803474 0.1115379781 -0.0560131371 0.0800041482 -0.9127983451 -0.4004978240
-274.4 44.7 2421.7 -0.5783699751 0.3928847909 -0.7149333358 0.8016813397 0.1115379781 -0.5872531533 -0.1509806067 -0.9127983451 -0.3794786334
-112.1 275.8 2657.4 0.1486604065 0.9456513524 -0.2892119884 -0.7585713267 0.2966746390 0.5801324844 0.6344048977 0.1331451833 0.7614477873
-80.7 115.8 2791.3 0.3136093318 0.9456513524 0.0859805793 -0.7237840295 0.2966746390 -0.6229934096 -0.6146428585 0.1331451833 0.7774873376
-383.1 -77.8 2582.0 -0.0288259778 -0.0679315329 -0.9972734451 -0.1925368607 0.9793827534 -0.0611476265 0.9808662534 0.1902492642 -0.0413109884
-356.5 -461.3 2507.5 -0.0318431593 0.2291557938 -0.9728687406 -0.2050665915 0.9511573911 0.2307538241 0.9782298803 0.2068508118 0.0167043414
-262.8 -83.9 2717.8 -0.0718423426 -0.2107571065 -0.9748949409 -0.1406169981 0.9697985053 -0.1992929429 0.9874540567 0.1227691248 -0.0993086249
-179.8 -466.0 2669.4 -0.0718423426 0.3565061390 -0.9315267205 -0.1406169981 0.9209918976 0.3633191586 0.9874540567 0.1570901871 -0.0160353929
-126.3 -160.6 2460.4 0 0 0 0 0 0 0 0 0
-2.2 -65.4 2637.4 0 0 0 0 0 0 0 0 0
-430.6 -769.1 2440.5 0 0 0 0 0 0 0 0 0
-313.8 -812.4 2610.4 0 0 0 0 0 0 0 0 0
-135.8 463.4 2496.3 39 0.6353779435 0.3343288302 -0.6960740685 -0.0130255083 0.9059272408 0.4232329726 0.7720914483 -0.2598461807 0.5799610019
-203.3 280.6 2548.7 0.6353779435 0.3343288302 -0.6960740685 -0.0130255083 0.9059272408 0.4232329726 0.7720914483 -0.2598461807 0.5799610019
-265.8 101.6 2597.6 0.6359420419 0.3195643425 -0.7024644613 -0.0114554800 0.9140469432 0.4054465592 0.7716518044 -0.2497934401 0.5849416852
-293.9 282.2 2438.8 -0.0822161511 0.3795867562 -0.9214957356 0.9938745499 0.0997443944 -0.0475866385 0.0738507807 -0.9197635055 -0.3854621947
-274.1 43.3 2421.0 -0.5808969140 0.3795867562 -0.7200504541 0.7994611263 0.0997443944 -0.5923790932 -0.1530382633 -0.9197635055 -0.3614060581
-112.7 278.9 2658.7 0.1014732569 0.9477269650 -0.3025174439 -0.7834066153 0.2635476589 0.5628647208 0.6131697893 0.1798784435 0.7691985965
-91.1 112.6 2788.9 0.3167779744 0.9477269650 0.0382795781 -0.7094959617 0.2635476589 -0.6535733938 -0.6294975877 0.1798784435 0.7558945417
-385.5 -79.6 2577.3 -0.0463405885 -0.0779093653 -0.9958828688 -0.1856332272 0.9802599549 -0.0680492446 0.9815257788 0.1817155182 -0.0598883890
-355.0 -463.5 2506.1 -0.0496926904 0.2354094684 -0.9706250429 -0.1991601884 0.9499728084 0.2405969203 0.9787062407 0.2052657753 -0.0003225086
-267.2 -84.2 2714.4 -0.2632806301 -0.1871619672 -0.9463898540 -0.1239276975 0.9794338346 -0.1592208594 0.9567263126 0.0753641427 -0.2810605168
-193.8 -468.4 2684.9 -0.2632806301 0.3193802238 -0.9103183746 -0.1239276975 0.9245947599 0.3602311611 0.9567263126 0.2076555490 -0.2038478404
-125.4 -161.5 2460.2 0 0 0 0 0 0 0 0 0
-11.5 -65.7 2630.7 0 0 0 0 0 0 0 0 0
-430.6 -768.6 2440.2 0 0 0 0 0 0 0 0 0
-313.8 -815.7 2606.8 0 0 0 0 0 0 0 0 0
-138.2 459.7 2488.8 40 0.6462253928 0.3306088150 -0.6878157854 -0.0154874846 0.9067850709 0.4213086665 0.7629894018 -0.2616078258 0.5911078453
-205.0 276.5 2541.6 0.6462253928 0.3306088150 -0.6878157854 -0.0154874846 0.9067850709 0.4213086665 0.7629894018 -0.2616078258 0.5911078453
-266.7 97.2 2590.7 0.6467844248 0.3149166107 -0.6946203113 -0.0139093380 0.9154901505 0.4020998478 0.7625460029 -0.2504101992 0.5965051055
-297.2 278.5 2433.0 -0.0947703123 0.3964239955 -0.9131629467 0.9937782288 0.0915876552 -0.0633765608 0.0585104674 -0.9134876728 -0.4026373029
-274.9 44.9 2419.2 -0.5771647096 0.3964239955 -0.7139530182 0.7986525297 0.0915876552 -0.5947821736 -0.1703966409 -0.9134876728 -0.3694661856
-112.9 274.5 2650.3 0.0660723820 0.9570910335 -0.2821544707 -0.7419555783 0.2361997366 0.6274644136 0.6671853662 0.1678880155 0.7257253528
-99.5 124.0 2785.6 0.2892153561 0.9570910335 0.0181985013 -0.7421827316 0.2361997366 -0.6271957159 -0.6045818925 0.1678880155 0.7786490321
-385.9 -76.4 2576.8 -0.0336856730 -0.0755217746 -0.9965749979 -0.1714161038 0.9828016162 -0.0686838999 0.9846226573 0.1685153395 -0.0460519828
-356.3 -461.3 2510.8 -0.0438123755 0.2282943279 -0.9726058841 -0.2135382742 0.9489020109 0.2323495895 0.9759517908 0.2178683579 0.0071759252
-270.5 -79.3 2716.1 -0.3193075359 -0.2104639709 -0.9239846468 -0.1188221127 0.9762230515 -0.1813006103 0.9401723146 0.0518991537 -0.3367231190
-188.0 -461.8 2695.8 -0.3193075359 0.3333123028 -0.8870995641 -0.1188221127 0.9146339297 0.3864273429 0.9401723146 0.2287961990 -0.2524446249
-127.1 -159.6 2462.9 0 0 0 0 0 0 0 0 0
-26.8 -62.4 2633.7 0 0 0 0 0 0 0 0 0
-430.2 -768.3 2440.3 0 0 0 0 0 0 0 0 0
-313.4 -805.7 2609.8 0 0 0 0 0 0 0 0 0
-140.9 459.4 2500.0 41 0.6123443246 0.3353588581 -0.7159391642 -0.0261087511 0.9136584997 0.4056433141 0.7901600003 -0.2297010869 0.5682293773
-207.7 277.6 2545.7 0.6123443246 0.3353588581 -0.7159391642 -0.0261087511 0.9136584997 0.4056433141 0.7901600003 -0.2297010869 0.5682293773
-269.4 97.1 2590.1 0.6156008840 0.3155625165 -0.7221189737 -0.0169278421 0.9214107394 0.3882212043 0.7878762484 -0.2267653942 0.5725630522
-295.3 280.0 2433.6 -0.0909922719 0.3807842433 -0.9201759100 0.9942448139 0.0872047171 -0.0622298531 0.0565475337 -0.9205425978 -0.3865277469
-273.4 40.9 2420.0 -0.5828046799 0.3807842433 -0.7178732753 0.7955356836 0.0872047171 -0.5995984674 -0.1657157093 -0.9205425978 -0.3537507653
-120.0 275.1 2657.9 0.0974620208 0.9715880752 -0.2156798691 -0.7631516457 0.2120616734 0.6104338169 0.6388276219 0.1051023304 0.7621369362
-101.0 126.3 2782.5 0.2294299603 0.9715880752 0.0581252761 -0.7348147631 0.2120616734 -0.6442647576 -0.6382861137 0.1051023304 0.7625905275
-386.8 -80.8 2570.8 -0.0739041045 -0.0804405436 -0.9940158725 -0.1580426246 0.9850903153 -0.0679679289 0.9846627116 0.1520737559 -0.0855152458
-355.3 -466.6 2511.2 -0.0860270783 0.2353135794 -0.9681047797 -0.2066162974 0.9463678002 0.2483902425 0.9746327996 0.2213945240 -0.0327936336
-269.7 -83.7 2708.5 -0.4074884057 -0.2434956282 -0.8801494837 -0.1063447222 0.9698923826 -0.2190881371 0.9069972634 0.0043233694 -0.4211143851
-174.5 -463.1 2706.8 -0.4074884057 0.3876423538 -0.8268534541 -0.1063447222 0.8791328073 0.4645603597 0.9069972634 0.2772344649 -0.3170126975
-124.2 -162.8 2462.4 0 0 0 0 0 0 0 0 0
-42.9 -59.7 2621.0 0 0 0 0 0 0 0 0 0
-430.7 -769.7 2440.3 0 0 0 0 0 0 0 0 0
-319.9 -792.8 2602.9 0 0 0 0 0 0 0 0 0
-143.5 459.4 2505.7 42 0.6096057296 0.3211446106 -0.7247392535 -0.0162761565 0.9191393256 0.3935962021 0.7925376296 -0.2281425446 0.5655395985
-207.6 275.9 2551.2 0.6096057296 0.3211446106 -0.7247392535 -0.0162761565 0.9191393256 0.3935962021 0.7925376296 -0.2281425446 0.5655395985
-267.3 94.6 2595.0 0.6116582155 0.3048692644 -0.7300198674 -0.0102275787 0.9257351756 0.3780341148 0.7910560369 -0.2237613201 0.5693515539
-294.8 277.4 2438.5 -0.0874866545 0.3923596442 -0.9156418443 0.9933807254 0.1030448452 -0.0507588387 0.0744364485 -0.9140216708 -0.3987775743
-274.0 41.7 2420.8 -0.5832164288 0.3923596442 -0.7112752199 0.7962859273 0.1030448452 -0.5960792303 -0.1605841964 -0.9140216708 -0.3725279272
-120.5 274.4 2663.9 0.0666929781 0.9756575823 -0.2089123577 -0.7958608866 0.1783018112 0.5786310434 0.6017951965 0.1276745498 0.7883791924
-107.6 120.2 2780.5 0.2178671062 0.9756575823 0.0250248872 -0.7216421962 0.1783018112 -0.6689103246 -0.6570894122 0.1276745498 0.7429217696
-386.7 -81.7 2563.4 -0.0803517848 -0.0791439638 -0.9936195612 -0.1221511662 0.9901111126 -0.0689864159 0.9892535806 0.1158286110 -0.0892247185
-355.7 -469.3 2518.1 -0.1064099595 0.2369462103 -0.9656776786 -0.2244282216 0.9404063821 0.2554756403 0.9686634541 0.2439104766 -0.0468911901
-268.8 -87.1 2711.7 -0.4147083163 -0.2817801535 -0.8652265668 -0.1059668809 0.9593315721 -0.2616369724 0.9037632346 -0.0168176685 -0.4277021587
-157.9 -464.7 2718.4 -0.4147083163 0.4117182493 -0.8114832640 -0.1059668809 0.8638659120 0.4924497008 0.9037632346 0.2902133465 -0.3146238625
-124.6 -162.2 2462.0 0 0 0 0 0 0 0 0 0
-53.2 -59.9 2616.5 0 0 0 0 0 0 0 0 0
-431.6 -770.6 2439.9 0 0 0 0 0 0 0 0 0
-312.6 -789.2 2609.3 0 0 0 0 0 0 0 0 0
-141.9 457.6 2492.0 43 0.6384212375 0.3240341544 -0.6981548667 -0.0076944502 0.9097046852 0.4151845276 0.7696487308 -0.2596906722 0.5832680464
-207.0 274.6 2544.2 0.6384212375 0.3240341544 -0.6981548667 -0.0076944502 0.9097046852 0.4151845276 0.7696487308 -0.2596906722 0.5832680464
-267.0 94.8 2593.0 0.6393885612 0.3068687320 -0.7049921155 -0.0048912778 0.9185081720 0.3953717947 0.7688682079 -0.2493478954 0.5887845755
-298.1 275.4 2434.7 -0.1045056954 0.3841898441 -0.9173204303 0.9928517938 0.0937736332 -0.0738365650 0.0576532073 -0.9184795618 -0.3912434280
-273.3 40.1 2421.0 -0.5844409466 0.3841898441 -0.7147216201 0.7948313355 0.0937736332 -0.5995412469 -0.1633156091 -0.9184795618 -0.3601712584
-116.0 273.9 2653.7 -0.0099064708 0.9712358713 -0.2379133701 -0.7748771310 0.1429279298 0.6157410145 0.6320342422 0.1904534549 0.7511725426
-117.9 125.9 2774.4 0.2329617441 0.9712358713 -0.0492923744 -0.7359121442 0.1429279298 -0.6618193984 -0.6357374787 0.1904534549 0.7480409741
-382.2 -85.8 2567.4 -0.0449189022 -0.0544849224 -0.9975036979 -0.1285706460 0.9905227423 -0.0483139083 0.9906825423 0.1260794997 -0.0514983572
-360.9 -473.5 2518.0 -0.0703741312 0.2237240672 -0.9721085429 -0.2355093658 0.9432485700 0.2341314256 0.9693208337 0.2454174608 -0.0136911850
-268.3 -88.7 2713.3 -0.2694283724 -0.2311080843 -0.9348782897 -0.1122245342 0.9716978669 -0.2078674436 0.9564591050 0.0489108935 -0.2877389789
-177.9 -469.0 2694.2 -0.2694283724 0.3701182008 -0.8890561461 -0.1122245342 0.9048385024 0.4106980860 0.9564591050 0.2104276270 -0.2022528201
-123.6 -163.5 2462.9 0 0 0 0 0 0 0 0 0
-59.0 -60.1 2613.7 0 0 0 0 0 0 0 0 0
-431.3 -770.4 2440.8 0 0 0 0 0 0 0 0 0
-316.5 -807.7 2615.4 0 0 0 0 0 0 0 0 0
-141.9 458.1 2493.1 44 0.6279026270 0.3341444135 -0.7029123306 -0.0167248417 0.9087319374 0.4170450568 0.7781121731 -0.2501075864 0.5761836767
-209.1 275.2 2543.5 0.6279026270 0.3341444135 -0.7029123306 -0.0167248417 0.9087319374 0.4170450568 0.7781121731 -0.2501075864 0.5761836767
-271.3 95.7 2590.9 0.6292451620 0.3178313375 -0.7092487216 -0.0129659018 0.9167269468 0.3993039429 0.7770987153 -0.2420640290 0.5809669495
-298.8 277.1 2432.8 -0.1033552140 0.3679991663 -0.9240640402 0.9931600690 0.0889203474 -0.0756718814 0.0543209016 -0.9255645871 -0.3746724427
-274.1 40.2 2419.8 -0.5879480839 0.3679991663 -0.7203427553 0.7934090495 0.0889203474 -0.6021587849 -0.1575407982 -0.9255645871 -0.3442544341
-119.5 273.4 2654.2 -0.0358189903 0.9672971964 -0.2511037290 -0.7985470295 0.1233701706 0.5891540051 0.6008657813 0.2216210365 0.7680132985
-126.3 121.9 2768.1 0.2408136874 0.9672971964 -0.0796545744 -0.7210693955 0.1233701706 -0.6817908287 -0.6496673822 0.2216210365 0.7271976471
-384.7 -84.6 2572.4 -0.0588527918 -0.0586481318 -0.9965423942 -0.1327641010 0.9898646474 -0.0504144877 0.9893988371 0.1293380260 -0.0660426617
-361.8 -472.2 2521.8 -0.0840168744 0.2190452069 -0.9720907211 -0.2402486503 0.9423086047 0.2330987453 0.9670686126 0.2531277239 -0.0265445076
-267.6 -86.1 2712.8 -0.2034958154 -0.2266753912 -0.9524745345 -0.1138528064 0.9717088938 -0.2069282979 0.9724335670 0.0663328543 -0.2235463262
-178.8 -466.5 2686.8 -0.2034958154 0.3794619739 -0.9025508761 -0.1138528064 0.9064142704 0.4067563713 0.9724335670 0.1855311692 -0.1412486881
-123.5 -163.0 2460.2 0 0 0 0 0 0 0 0 0
-65.0 -61.5 2602.8 0 0 0 0 0 0 0 0 0
-431.3 -771.1 2441.5 0 0 0 0 0 0 0 0 0
-321.3 -806.7 2617.2 0 0 0 0 0 0 0 0 0
-144.8 456.7 2486.2 45 0.5739513636 0.3245076537 -0.7518474460 0.0304169897 0.9090488553 0.4155778885 0.8183242679 -0.2613904476 0.5118793249
-210.1 273.9 2538.8 0.5739513636 0.3245076537 -0.7518474460 0.0304169897 0.9090488553 0.4155778885 0.8183242679 -0.2613904476 0.5118793249
-270.0 94.2 2588.3 0.5749513507 0.3059826791 -0.7588185072 0.0333145373 0.9179141521 0.3953779042 0.8175091147 -0.2526027560 0.5175623298
-291.7 269.2 2422.7 -0.0702757314 0.3281626701 -0.9420034885 0.9972287416 0.0462269261 -0.0582917407 0.0244167522 -0.9434894323 -0.3305018842
-275.7 42.1 2417.1 -0.5874257088 0.3281626701 -0.7397568822 0.7921738625 0.0462269261 -0.6085422635 -0.1655041724 -0.9434894323 -0.2871167660
-128.4 278.6 2654.9 -0.0220795218 0.9712828398 -0.2369011343 -0.8033131361 0.1238240600 0.5825423598 0.5951474905 0.2031680495 0.7775102854
-132.7 124.4 2769.1 0.2279887795 0.9712828398 -0.0680497587 -0.7285918593 0.1238240600 -0.6736627817 -0.6458908916 0.2031680495 0.7358992696
-390.3 -82.6 2568.0 -0.1198564842 -0.0681617409 -0.9904485941 -0.1285594553 0.9903061390 -0.0525946580 0.9844322801 0.1210277230 -0.1274574548
-363.6 -470.4 2520.6 -0.1412733942 0.2138414532 -0.9665989876 -0.2212891728 0.9448645115 0.2413756549 0.9649211764 0.2479978651 -0.0861634091
-275.8 -85.3 2709.2 -0.1422324777 -0.2356424332 -0.9613753557 -0.1101568788 0.9689847827 -0.2212102115 0.9836845994 0.0744388327 -0.1637787372
-183.5 -464.7 2680.1 -0.1422324777 0.3681949079 -0.9188048840 -0.1101568788 0.9165880084 0.3843590021 0.9836845994 0.1558810174 -0.0898093805
-125.3 -160.8 2459.5 0 0 0 0 0 0 0 0 0
-74.5 -61.5 2604.3 0 0 0 0 0 0 0 0 0
-431.7 -771.3 2441.7 0 0 0 0 0 0 0 0 0
-321.9 -809.1 2621.5 0 0 0 0 0 0 0 0 0
-142.8 457.2 2481.7 46 0.5846560597 0.3293902874 -0.7414035797 0.0294261817 0.9046562314 0.4251249433 0.8107474446 -0.2703685760 0.5192200541
-209.3 274.6 2536.3 0.5846560597 0.3293902874 -0.7414035797 0.0294261817 0.9046562314 0.4251249433 0.8107474446 -0.2703685760 0.5192200541
-270.3 95.8 2587.8 0.5859537125 0.3115207851 -0.7480728626 0.0331066996 0.9131804109 0.4062086344 0.8096679449 -0.2627856731 0.5247680545
-292.6 269.9 2421.1 -0.0787611902 0.3412999809 -0.9366487861 0.9966499805 0.0477259904 -0.0664159879 0.0220347159 -0.9387419820 -0.3439155817
-273.9 32.7 2415.9 -0.5920455456 0.3412999809 -0.7300660014 0.7866169810 0.0477259904 -0.6155939698 -0.1752590984 -0.9387419820 -0.2967283130
-125.9 279.2 2651.5 -0.0358221531 0.9721039534 -0.2317989022 -0.8354396224 0.0981552228 0.5407459736 0.5484135151 0.2130246758 0.8086180091
-132.8 118.1 2757.3 0.2150583267 0.9721039534 -0.0936155915 -0.7354981899 0.0981552228 -0.6703789830 -0.6424891949 0.2130246758 0.7360897660
-381.8 -88.4 2564.2 -0.1085924506 -0.0438563563 -0.9931184649 -0.1118425950 0.9932223558 -0.0316315256 0.9877747297 0.1076380014 -0.1127614602
-364.6 -477.3 2522.1 -0.1369007230 0.2153387666 -0.9668957591 -0.2327138782 0.9417769909 0.2426939905 0.9628615975 0.2582350373 -0.0788176209
-277.8 -82.6 2711.9 -0.1640886962 -0.2379720956 -0.9573109150 -0.1157683879 0.9684042931 -0.2208863646 0.9796288013 0.0745813847 -0.1864538491
-184.6 -461.9 2682.7 -0.1640886962 0.3663044572 -0.9159126282 -0.1157683879 0.9149305820 0.3866519630 0.9796288013 0.1694789529 -0.1077232882
-122.3 -168.8 2460.8 0 0 0 0 0 0 0 0 0
-77.9 -69.9 2593.0 0 0 0 0 0 0 0 0 0
-432.1 -772.6 2441.1 0 0 0 0 0 0 0 0 0
-322.4 -806.1 2618.9 0 0 0 0 0 0 0 0 0
-143.6 455.7 2482.0 47 0.5912863016 0.3265052140 -0.7374109030 0.0249938704 0.9065197110 0.4214230180 0.8060743213 -0.2676124275 0.5278520584
-209.6 272.4 2536.1 0.5912863016 0.3265052140 -0.7374109030 0.0249938704 0.9065197110 0.4214230180 0.8060743213 -0.2676124275 0.5278520584
-270.4 93.5 2587.5 0.5928680301 0.3102446795 -0.7431390882 0.0295157339 0.9138191938 0.4050472677 0.8047585487 -0.2620738745 0.5326170921
-294.0 268.2 2421.5 -0.0816029608 0.3942469060 -0.9153743982 0.9960454106 0.0646373332 -0.0609555878 0.0351358093 -0.9167286158 -0.3979623914
-274.5 30.0 2413.1 -0.5871048570 0.3942469060 -0.7070199847 0.7851417661 0.0646373332 -0.6159337759 -0.1971300989 -0.9167286158 -0.3474886119
-125.2 276.6 2650.7 -0.0428318121 0.9710670710 -0.2349345386 -0.8480206132 0.0889912844 0.5224381685 0.5282295942 0.2216062993 0.8196731806
-133.3 116.9 2750.1 0.2101199776 0.9710670710 -0.1134830117 -0.7593774796 0.0889912844 -0.6445358396 -0.6157885194 0.2216062993 0.7561052442
-384.2 -86.0 2566.3 -0.1007351056 -0.0493571758 -0.9936882257 -0.1056619808 0.9936509728 -0.0386438444 0.9892866015 0.1011022776 -0.1053107157
-364.9 -475.1 2526.7 -0.1336905062 0.2135059536 -0.9677510262 -0.2468056679 0.9385768771 0.2411646396 0.9597988129 0.2710878551 -0.0727843344
-278.2 -80.1 2712.6 -0.1884604692 -0.2718915343 -0.9436936378 -0.1143569276 0.9604511857 -0.2538819611 0.9753999710 0.0600711890 -0.2120997608
-171.8 -456.1 2689.1 -0.1884604692 0.4129274189 -0.8910519481 -0.1143569276 0.8919110894 0.4375124276 0.9753999710 0.1843517572 -0.1208688766
-124.2 -171.1 2463.6 0 0 0 0 0 0 0 0 0
-79.5 -77.2 2592.7 0 0 0 0 0 0 0 0 0
-432.5 -772.7 2440.8 0 0 0 0 0 0 0 0 0
-327.0 -791.3 2619.8 0 0 0 0 0 0 0 0 0
-138.1 459.0 2479.6 48 0.5932862759 0.3508653939 -0.7245031595 0.0074876705 0.8975691795 0.4408100545 0.8049567342 -0.2669514120 0.5298883319
-209.4 276.7 2533.9 0.5932862759 0.3508653939 -0.7245031595 0.0074876705 0.8975691795 0.4408100545 0.8049567342 -0.2669514120 0.5298883319
-274.7 99.2 2584.7 0.5948163867 0.3332850337 -0.7315152287 0.0115221711 0.9063731432 0.4223209023 0.8037790060 -0.2596320212 0.5352854133
-294.1 275.1 2419.4 -0.0798108578 0.3887760341 -0.9178689718 0.9962643981 0.0615736432 -0.0605471581 0.0329772532 -0.9192724824 -0.3922379613
-274.1 25.8 2411.1 -0.5917564631 0.3887760341 -0.7061709762 0.7814416289 0.0615736432 -0.6209328771 -0.1979223043 -0.9192724824 -0.3402423859
-124.7 278.3 2648.4 -0.0646398813 0.9651786089 -0.2534797490 -0.8371036053 0.0858257636 0.5402698517 0.5432119370 0.2471117973 0.8024067283
-136.7 122.3 2749.6 0.2178834677 0.9651786089 -0.1447656602 -0.7865251899 0.0858257636 -0.6115652323 -0.5778450370 0.2471117973 0.7778372765
-384.7 -88.2 2566.1 -0.1012244746 -0.0466947667 -0.9937672019 -0.1205465496 0.9921135902 -0.0343382768 0.9875333309 0.1163193285 -0.1060550660
-366.4 -476.7 2520.6 -0.1269957572 0.2163377255 -0.9680237770 -0.2306993008 0.9427203536 0.2409484386 0.9647020102 0.2539218366 -0.0698125213
-277.5 -82.9 2711.6 -0.3761864901 -0.2523693740 -0.8915118575 -0.1091616005 0.9675613046 -0.2278351337 0.9200910330 0.0116103543 -0.3915325403
-178.8 -461.2 2707.0 -0.3761864901 0.3965818286 -0.8373807669 -0.1091616005 0.8785033822 0.4650973678 0.9200910330 0.2663731873 -0.2871896029
-122.6 -174.3 2461.8 0 0 0 0 0 0 0 0 0
-81.0 -78.7 2601.9 0 0 0 0 0 0 0 0 0
-434.4 -772.9 2440.8 0 0 0 0 0 0 0 0 0
-327.5 -790.6 2607.2 0 0 0 0 0 0 0 0 0
-140.4 456.8 2479.5 49 0.5989823341 0.3333718479 -0.7280682325 0.0055833189 0.9074581861 0.4201053083 0.8007428050 -0.2557006776 0.5416901112
-207.8 273.5 2531.1 0.5989823341 0.3333718479 -0.7280682325 0.0055833189 0.9074581861 0.4201053083 0.8007428050 -0.2557006776 0.5416901112
-269.1 94.2 2580.4 0.6018788218 0.3132995963 -0.7345646620 0.0137491683 0.9156282544 0.4017907679 0.7984690666 -0.2519290149 0.5467896461
-293.5 271.5 2417.3 -0.0637843087 0.3963619769 -0.9158759713 0.9973716736 0.0569255352 -0.0448243469 0.0343700610 -0.9163278341 -0.3989511728
-278.1 31.0 2409.0 -0.5865094662 0.3963619769 -0.7063312531 0.7835646868 0.0569255352 -0.6186969280 -0.2050196677 -0.9163278341 -0.3439626098
-122.0 275.4 2644.9 -0.1127384007 0.9570010900 -0.2672807276 -0.8032940030 0.0705383420 0.5913907886 0.5848151445 0.2813774645 0.7608008981
-142.7 128.4 2751.9 0.2285400778 0.9570010900 -0.1786570996 -0.7807317376 0.0705383420 -0.6208721995 -0.5815731883 0.2813774645 0.7632819414
-393.6 -79.3 2563.0 -0.0913089886 -0.0781817213 -0.9927488565 -0.1123943701 0.9913523793 -0.0677341744 0.9894595146 0.1053946391 -0.0993065685
-363.0 -467.3 2521.7 -0.1190368012 0.2216507941 -0.9678332210 -0.2282570899 0.9425470829 0.2439338714 0.9662964940 0.2499518991 -0.0616044216
-286.1 -77.2 2708.3 -0.3628638983 -0.2878559828 -0.8862667084 -0.1056641117 0.9576672316 -0.2677845657 0.9258319736 -0.0035227654 -0.3779189289
-173.6 -451.7 2709.7 -0.3628638983 0.4055550992 -0.8389605880 -0.1056641117 0.8766103387 0.4694564939 0.9258319736 0.2589968443 -0.2752376497
-127.9 -169.6 2461.6 0 0 0 0 0 0 0 0 0
-84.2 -71.4 2603.1 0 0 0 0 0 0 0 0 0
-434.9 -772.9 2440.7 0 0 0 0 0 0 0 0 0
-326.0 -781.1 2612.3 0 0 0 0 0 0 0 0 0
-140.3 453.2 2479.4 50 0.6157998443 0.3449455202 -0.7083806396 -0.0070745074 0.9014557600 0.4328134060 0.7878708839 -0.2615149915 0.5575566292
-210.0 271.1 2532.2 0.6157998443 0.3449455202 -0.7083806396 -0.0070745074 0.9014557600 0.4328134060 0.7878708839 -0.2615149915 0.5575566292
-273.4 92.7 2582.3 0.6185750961 0.3240633607 -0.7157847881 0.0004433771 0.9108414650 0.4127562046 0.7857255936 -0.2556380630 0.5632801056
-298.1 271.0 2420.2 -0.0839863569 0.4310731590 -0.8983998299 0.9952165484 0.0814383030 -0.0539612174 0.0499029234 -0.8986343741 -0.4358508289
-277.6 27.9 2408.1 -0.5888782144 0.4310731590 -0.6836653948 0.7799767256 0.0814383030 -0.6204869747 -0.2117987275 -0.8986343741 -0.3841842711
-121.9 271.1 2644.1 -0.1285499632 0.9486789107 -0.2889346182 -0.8172639012 0.0636918694 0.5727329254 0.5617424250 0.3097606599 0.7671334743
-145.1 123.3 2745.7 0.2386777401 0.9486789107 -0.2074638605 -0.7867925763 0.0636918694 -0.6139224768 -0.5692015290 0.3097606599 0.7616153359
-384.8 -86.3 2557.6 -0.0728799254 -0.0457611084 -0.9962903261 -0.1086035743 0.9933706522 -0.0376825146 0.9914100170 0.1054543927 -0.0773665980
-366.9 -475.1 2516.3 -0.0984320641 0.2190734595 -0.9707306027 -0.2177219242 0.9470944405 0.2358162701 0.9710346460 0.2345612198 -0.0455273651
-276.0 -83.8 2701.9 -0.3709345758 -0.2190343887 -0.9024585485 -0.0953860208 0.9756333232 -0.1975883245 0.9237473011 0.0127895847 -0.3827889562
-190.5 -464.6 2696.9 -0.3709345758 0.3720836937 -0.8508591056 -0.0953860208 0.8961120248 0.4334567487 0.9237473011 0.2419441640 -0.2969073653
-126.8 -171.8 2462.3 0 0 0 0 0 0 0 0 0
-84.1 -78.1 2600.0 0 0 0 0 0 0 0 0 0
-435.8 -772.7 2442.6 0 0 0 0 0 0 0 0 0
-330.4 -801.5 2606.0 0 0 0 0 0 0 0 0 0
-136.0 453.5 2478.8 51 0.6382875443 0.3426147401 -0.6893505454 -0.0189138837 0.9022048712 0.4308927953 0.7695656419 -0.2619952261 0.5823463202
-205.1 271.5 2531.7 0.6382875443 0.3426147401 -0.6893505454 -0.0189138837 0.9022048712 0.4308927953 0.7695656419 -0.2619952261 0.5823463202
-266.5 92.2 2581.3 0.6422881484 0.3134843409 -0.6994236708 -0.0078322710 0.9151706696 0.4029904902 0.7664232254 -0.2533579469 0.5902585983
-296.6 272.6 2422.5 -0.0679122061 0.4076347053 -0.9106162190 0.9959688783 0.0813090801 -0.0378798880 0.0586002097 -0.9095178843 -0.4115133584
-280.1 30.8 2408.3 -0.5916606188 0.4076347053 -0.6955369711 0.7821863294 0.0813090801 -0.6177162528 -0.1952491105 -0.9095178843 -0.3669537008
-113.7 270.4 2640.8 -0.1776905805 0.9312257767 -0.3181895614 -0.8206682801 0.0382110327 0.5701258779 0.5430743098 0.3624340892 0.7574377060
-146.5 118.7 2741.2 0.2512116730 0.9312257767 -0.2640288472 -0.7877811790 0.0382110327 -0.6147688627 -0.5623998046 0.3624340892 0.7432011962
-392.8 -85.6 2561.4 -0.0426064320 -0.0682723895 -0.9967565536 -0.1155025810 0.9913097024 -0.0629621446 0.9923930168 0.1124453545 -0.0501218066
-366.0 -473.7 2517.3 -0.0686066672 0.2214608192 -0.9727529287 -0.2261445969 0.9462171793 0.2313691974 0.9716747403 0.2358562946 -0.0148346378
-281.0 -85.6 2703.4 -0.1946509331 -0.2007468790 -0.9601102471 -0.0941051021 0.9781395793 -0.1854378879 0.9763479233 0.0542556159 -0.2092870772
-202.6 -467.7 2682.2 -0.1946509331 0.3220467269 -0.9264971018 -0.0941051021 0.9340755939 0.3444518149 0.9763479233 0.1542359740 -0.1515124291
-128.6 -169.5 2458.3 0 0 0 0 0 0 0 0 0
-82.2 -83.0 2597.2 0 0 0 0 0 0 0 0 0
-436.1 -773.1 2442.7 0 0 0 0 0 0 0 0 0
-323.0 -817.1 2624.5 0 0 0 0 0 0 0 0 0
-136.4 452.1 2474.0 52 0.5967317820 0.3517915010 -0.7212169766 -0.0013469129 0.8992169499 0.4375009537 0.8024396300 -0.2600993216 0.5370651484
-207.7 269.9 2526.7 0.5967317820 0.3517915010 -0.7212169766 -0.0013469129 0.8992169499 0.4375009537 0.8024396300 -0.2600993216 0.5370651484
-270.4 91.0 2575.8 0.6005445123 0.3203584254 -0.7326095700 0.0089354841 0.9134839773 0.4067766368 0.7995414138 -0.2508336902 0.5457252264
-293.1 268.6 2413.0 -0.0432458371 0.3480996192 -0.9364595413 0.9984046817 0.0491171889 -0.0278486907 0.0363021418 -0.9361699224 -0.3496684134
-282.8 31.3 2404.4 -0.6022426486 0.3480996192 -0.7184221745 0.7770158052 0.0491171889 -0.6275618672 -0.1831671745 -0.9361699224 -0.3000593781
-122.3 271.2 2640.5 -0.1367210746 0.9549793005 -0.2632904947 -0.7864217758 0.0569833517 0.6150558591 0.6023687720 0.2911484838 0.7432256937
-145.6 137.1 2743.2 0.2097305804 0.9549793005 -0.2098276019 -0.8237739801 0.0569833517 -0.5640472770 -0.5266967416 0.2911484838 0.7986382842
-385.9 -86.3 2561.6 -0.0928668976 -0.0432598777 -0.9947383404 -0.1294198781 0.9911046028 -0.0310194567 0.9872316122 0.1258582324 -0.0976394936
-369.0 -474.2 2512.4 -0.1088629439 0.2156629264 -0.9703805447 -0.1992575824 0.9516355395 0.2338508219 0.9738815427 0.2188133597 -0.0606253743
-269.9 -87.7 2700.1 -0.2652469873 -0.1713951528 -0.9488244057 -0.0845538974 0.9844170213 -0.1541872770 0.9604658484 0.0393290892 -0.2756057680
-202.9 -472.5 2684.7 -0.2652469873 0.3377283812 -0.9030966759 -0.0845538974 0.9248906374 0.3707127869 0.9604658484 0.1746907830 -0.2167681903
-128.6 -167.7 2451.3 0 0 0 0 0 0 0 0 0
-92.0 -73.4 2608.7 0 0 0 0 0 0 0 0 0
-436.6 -772.7 2443.7 0 0 0 0 0 0 0 0 0
-329.6 -819.6 2619.2 0 0 0 0 0 0 0 0 0
-128.5 452.3 2470.7 53 0.6272780299 0.3887902200 -0.6748069525 -0.0446470343 0.8830025792 0.4672397971 0.7775145769 -0.2629611492 0.5712464452
-207.1 273.8 2523.8 0.6272780299 0.3887902200 -0.6748069525 -0.0446470343 0.8830025792 0.4672397971 0.7775145769 -0.2629611492 0.5712464452
-276.0 97.3 2572.9 0.6323922276 0.3519029319 -0.6901046634 -0.0323218219 0.9020726085 0.4303723276 0.7739737630 -0.2498586625 0.5818378329
-296.9 278.5 2413.7 -0.0604357682 0.3766863048 -0.9243673086 0.9972062111 0.0635140315 -0.0393155999 0.0439006500 -0.9241608977 -0.3794724643
-281.8 28.2 2402.7 -0.6053656340 0.3766863048 -0.7011703849 0.7720217109 0.0635140315 -0.6324148178 -0.1936878413 -0.9241608977 -0.3292592168
-117.3 269.2 2633.9 -0.1830946505 0.9427613020 -0.2787067592 -0.7674729824 0.0400988273 0.6398259997 0.6143789887 0.3310486078 0.7162019610
-147.3 143.1 2734.8 0.2048376501 0.9427613020 -0.2631399632 -0.8530106544 0.0400988273 -0.5203507543 -0.4800149798 0.3310486078 0.8123992085
-387.3 -88.7 2552.8 -0.0591011047 -0.0499960557 -0.9969992042 -0.1121458039 0.9927551150 -0.0431353375 0.9919326305 0.1092599407 -0.0642797723
-367.8 -477.4 2510.0 -0.0800121948 0.2244700789 -0.9711906314 -0.2001409382 0.9508550763 0.2362587005 0.9764945507 0.2132785767 -0.0311543476
-279.0 -87.1 2697.0 -0.2770953178 -0.2044282556 -0.9388436079 -0.0873133838 0.9784192443 -0.1872755140 0.9568670392 0.0300804414 -0.2889647186
-199.0 -469.7 2685.3 -0.2770953178 0.3593592346 -0.8911111951 -0.0873133838 0.9141723514 0.3958096504 0.9568670392 0.1874829233 -0.2219360024
-126.7 -169.5 2452.3 0 0 0 0 0 0 0 0 0
-95.0 -74.8 2612.2 0 0 0 0 0 0 0 0 0
-437.7 -773.6 2443.5 0 0 0 0 0 0 0 0 0
-334.1 -813.3 2614.8 0 0 0 0 0 0 0 0 0
-123.1 456.2 2466.0 54 0.6465563178 0.4027762711 -0.6478705406 -0.0657881424 0.8755333424 0.4786578119 0.7600242496 -0.2668570280 0.5925794840
-204.6 279.0 2520.0 0.6465563178 0.4027762711 -0.6478705406 -0.0657881424 0.8755333424 0.4786578119 0.7600242496 -0.2668570280 0.5925794840
-276.0 103.7 2569.9 0.6527502537 0.3649814427 -0.6638566256 -0.0514989644 0.8956447244 0.4417787194 0.7558206916 -0.2541832328 0.6034284830
-297.4 286.4 2412.4 -0.0457329825 0.3933889866 -0.9182339311 0.9976647496 0.0646659061 -0.0219849516 0.0507297963 -0.9170951247 -0.3954277039
-286.0 36.9 2399.7 -0.5961315632 0.3933889866 -0.6999087334 0.7773458958 0.0646659061 -0.6257409453 -0.2008993477 -0.9170951247 -0.3443486989
-111.8 271.6 2627.5 -0.2308316976 0.9291135073 -0.2889027596 -0.7449404001 0.0222501270 0.6667598486 0.6259236932 0.3691246510 0.6869981885
-148.8 152.2 2727.9 0.1913290173 0.9291135073 -0.3164510727 -0.8831218481 0.0222501270 -0.4686157405 -0.4283561409 0.3691246510 0.8247775435
-401.8 -76.3 2552.1 -0.0346303508 -0.0877600089 -0.9955394864 -0.1069760919 0.9907394052 -0.0836156458 0.9936583042 0.1036032811 -0.0436978750
-367.4 -464.0 2511.6 -0.0566948466 0.2189664841 -0.9740838408 -0.2027679533 0.9527943134 0.2259825319 0.9775841832 0.2103250325 -0.0096191419
-287.8 -82.2 2691.7 -0.0998832658 -0.2282168716 -0.9684732556 -0.0729082897 0.9724029303 -0.2216235101 0.9923244119 0.0484732501 -0.1137656793
-198.5 -462.6 2672.8 -0.0998832658 0.3405387104 -0.9349099994 -0.0729082897 0.9345780611 0.3482071161 0.9923244119 0.1029427573 -0.0685206130
-133.3 -162.1 2451.2 0 0 0 0 0 0 0 0 0
-100.0 -73.3 2618.6 0 0 0 0 0 0 0 0 0
-438.3 -772.3 2443.5 0 0 0 0 0 0 0 0 0
-326.2 -812.9 2634.2 0 0 0 0 0 0 0 0 0
-122.9 454.1 2464.6 55 0.6240547299 0.4127897024 -0.6634458303 -0.0597630814 0.8717966080 0.4862088561 0.7790918350 -0.2637713552 0.5687183738
-206.7 277.0 2518.2 0.6240547299 0.4127897024 -0.6634458303 -0.0597630814 0.8717966080 0.4862088561 0.7790918350 -0.2637713552 0.5687183738
-280.5 102.5 2567.7 0.6299126744 0.3767959177 -0.6791427135 -0.0466831028 0.8912211657 0.4511602521 0.7752617002 -0.2524870932 0.5789815187
-296.4 283.6 2407.9 -0.0323622264 0.3896031678 -0.9204140902 0.9983698726 0.0559187159 -0.0114332903 0.0470139273 -0.9192836881 -0.3907777369
-288.6 44.6 2396.6 -0.5861272812 0.3896031678 -0.7103971839 0.7849783301 0.0559187159 -0.6169944406 -0.2006584853 -0.9192836881 -0.3386055529
-117.1 270.3 2628.6 -0.2025023401 0.9317070246 -0.3015208542 -0.7812373042 0.0319526456 0.6234158874 0.5904753208 0.3618025184 0.7214137912
-150.3 142.3 2725.4 0.2005722374 0.9317070246 -0.3028081954 -0.8757286668 0.0319526456 -0.4817450941 -0.4391697645 0.3618025184 0.8223313689
-406.3 -66.9 2551.5 -0.0620465130 -0.1036608368 -0.9926754832 -0.1215794459 0.9879700541 -0.0955702290 0.9906405210 0.1147591323 -0.0739031211
-365.8 -453.7 2506.6 -0.0746061802 0.2165371627 -0.9734195471 -0.1768806577 0.9577881098 0.2266166806 0.9814006090 0.1890860945 -0.0331556760
-288.6 -76.3 2688.0 -0.3040340245 -0.2476690263 -0.9199039936 -0.0707291216 0.9688184261 -0.2374620140 0.9500319362 -0.0071325297 -0.3120711744
-191.8 -454.9 2690.7 -0.3040340245 0.3553015292 -0.8839254379 -0.0707291216 0.9168693423 0.3928715289 0.9500319362 0.1819655746 -0.2536292970
-138.5 -156.4 2448.0 0 0 0 0 0 0 0 0 0
-99.0 -81.7 2613.1 0 0 0 0 0 0 0 0 0
-437.8 -772.2 2443.7 0 0 0 0 0 0 0 0 0
-324.8 -798.2 2622.6 0 0 0 0 0 0 0 0 0
-121.8 453.2 2463.0 56 0.6383780837 0.4050681591 -0.6545175314 -0.0661003590 0.8760371804 0.4776919186 0.7668794990 -0.2616842091 0.5860180855
-204.1 275.1 2516.1 0.6383780837 0.4050681591 -0.6545175314 -0.0661003590 0.8760371804 0.4776919186 0.7668794990 -0.2616842091 0.5860180855
-276.7 99.9 2565.0 0.6438165307 0.3706052005 -0.6694416404 -0.0536859371 0.8946033120 0.4436245561 0.7632942200 -0.2496732175 0.5958566666
-295.8 282.8 2407.4 -0.0336362273 0.3845135272 -0.9225063324 0.9983955026 0.0549969263 -0.0134797934 0.0455518514 -0.9214796424 -0.3857464790
-287.7 41.9 2396.5 -0.5907439590 0.3845135272 -0.7093454003 0.7817172408 0.0549969263 -0.6212032437 -0.1998492479 -0.9214796424 -0.3330699503
-112.4 267.5 2624.8 -0.2282646447 0.9178567529 -0.3247063756 -0.7915163636 0.0192513429 0.6108446717 0.5669189692 0.3964446485 0.7221042514
-151.1 133.5 2720.8 0.2019384056 0.9178567529 -0.3417014182 -0.8825368285 0.0192513429 -0.4698491096 -0.4246759713 0.3964446485 0.8139299750
-411.1 -67.8 2547.1 -0.0460936464 -0.1115692183 -0.9926871061 -0.1132649705 0.9879184961 -0.1057740152 0.9924950600 0.1075611636 -0.0581736490
-367.4 -454.7 2505.0 -0.0599496886 0.2125073224 -0.9753187299 -0.1756339371 0.9595872164 0.2198753059 0.9826284647 0.1844805330 -0.0202034526
-297.4 -76.3 2687.1 -0.3721672297 -0.2598023415 -0.8910635710 -0.0765781403 0.9653481245 -0.2494769692 0.9250012636 -0.0246111583 -0.3791661263
-195.8 -453.9 2696.8 -0.3721672297 0.3440575600 -0.8620417118 -0.0765781403 0.9142099023 0.3979398012 0.9250012636 0.2141136974 -0.3138916790
-136.4 -158.3 2447.6 0 0 0 0 0 0 0 0 0
-99.4 -92.3 2612.2 0 0 0 0 0 0 0 0 0
-437.8 -772.5 2443.9 0 0 0 0 0 0 0 0 0
-324.9 -797.0 2616.4 0 0 0 0 0 0 0 0 0
-120.0 452.5 2462.6 57 0.6130212545 0.4123145938 -0.6739448309 -0.0503913313 0.8716909885 0.4874582291 0.7884578109 -0.2648612559 0.5551421642
-203.7 275.7 2516.3 0.6130212545 0.4123145938 -0.6739448309 -0.0503913313 0.8716909885 0.4874582291 0.7884578109 -0.2648612559 0.5551421642
-278.0 101.6 2566.4 0.6185608506 0.3794137836 -0.6880608201 -0.0380710885 0.8891323209 0.4560639858 0.7848140597 -0.2559081018 0.5644271374
-291.7 281.1 2404.6 -0.0185147226 0.3648113012 -0.9308973551 0.9992548823 0.0382875092 -0.0048697214 0.0338652134 -0.9302939177 -0.3652483523
-287.3 40.9 2396.5 -0.5915399194 0.3648113012 -0.7190224528 0.7811220884 0.0382875092 -0.6232033372 -0.1998220235 -0.9302939177 -0.3076107502
-115.6 270.3 2628.1 -0.2360703051 0.8990992308 -0.3686345220 -0.8110154271 0.0266705118 0.5844165087 0.5352801085 0.4369316697 0.7228872180
-157.7 125.6 2723.6 0.2324532270 0.8990992308 -0.3709259927 -0.8748715520 0.0266705118 -0.4836201370 -0.4249297082 0.4369316697 0.7927959561
-407.4 -70.4 2545.0 -0.0763309896 -0.1011689976 -0.9919366837 -0.1126922369 0.9893400073 -0.0922323242 0.9906936884 0.1047433764 -0.0869182646
-367.8 -457.9 2504.0 -0.0891415030 0.2147601843 -0.9725902677 -0.1694975346 0.9589637518 0.2272863537 0.9814909101 0.1851122975 -0.0490821451
-291.1 -80.1 2682.9 -0.4791977406 -0.2415070385 -0.8438269496 -0.0687383562 0.9687728286 -0.2382315397 0.8750112057 -0.0561567396 -0.4808345437
-196.6 -459.1 2704.8 -0.4791977406 0.3446103334 -0.8072256446 -0.0687383562 0.9021388292 0.4259349406 0.8750112057 0.2595944107 -0.4086149335
-135.8 -159.2 2447.7 0 0 0 0 0 0 0 0 0
-98.2 -98.2 2614.8 0 0 0 0 0 0 0 0 0
-438.3 -772.6 2443.2 0 0 0 0 0 0 0 0 0
-326.1 -797.9 2607.3 0 0 0 0 0 0 0 0 0
-121.2 450.2 2463.9 58 0.6052599549 0.4217025340 -0.6751499176 -0.0469502732 0.8655836582 0.4985584915 0.7946420908 -0.2700590193 0.5437021852
-206.5 275.1 2518.6 0.6052599549 0.4217025340 -0.6751499176 -0.0469502732 0.8655836582 0.4985584915 0.7946420908 -0.2700590193 0.5437021852
-283.5 102.6 2570.0 0.6102208495 0.3932688236 -0.6877282262 -0.0363180190 0.8810640574 0.4716005623 0.7913984656 -0.2628035843 0.5519264340
-293.4 280.3 2405.8 -0.0199807864 0.4010625184 -0.9158327579 0.9985230565 0.0542925596 0.0019910131 0.0505214259 -0.9144403934 -0.4015549719
-288.7 40.9 2393.7 -0.5924138427 0.4010625184 -0.6987093091 0.7767723799 0.0542925596 -0.6274368763 -0.2137066871 -0.9144403934 -0.3436979353
-119.6 270.0 2631.3 -0.2522084117 0.8670916557 -0.4295847118 -0.8117954731 0.0520281345 0.5816194415 0.5266678333 0.4954242408 0.6907791495
-167.5 115.7 2731.4 0.2995360196 0.8670916557 -0.3980330229 -0.8491091728 0.0520281345 -0.5256488919 -0.4350768328 0.4954242408 0.7518397570
-408.2 -69.1 2545.6 -0.0866139680 -0.0882468224 -0.9923257828 -0.1103086621 0.9907938838 -0.0784824342 0.9901161790 0.1026644558 -0.0955509841
-373.6 -457.2 2505.4 -0.0988207757 0.2015487850 -0.9744806290 -0.1680208594 0.9618342519 0.2159719467 0.9808177352 0.1850755811 -0.0611848049
-296.5 -76.0 2687.4 -0.3548539281 -0.2429497391 -0.9028034806 -0.0747911558 0.9699279666 -0.2316160798 0.9319254160 -0.0146681583 -0.3623532355
-201.4 -455.3 2693.1 -0.3548539281 0.3448146880 -0.8690118194 -0.0747911558 0.9160534739 0.3940206766 0.9319254160 0.2048141807 -0.2992760837
-136.9 -158.1 2448.5 0 0 0 0 0 0 0 0 0
-91.0 -101.1 2620.3 0 0 0 0 0 0 0 0 0
-439.5 -771.7 2444.9 0 0 0 0 0 0 0 0 0
-330.9 -799.3 2616.2 0 0 0 0 0 0 0 0 0
-122.5 450.9 2463.6 59 0.6146220565 0.4116772115 -0.6728756428 -0.0494018607 0.8714277148 0.4880299568 0.7872732878 -0.2667126358 0.5559362769
-205.8 274.4 2517.6 0.6146220565 0.4116772115 -0.6728756428 -0.0494018607 0.8714277148 0.4880299568 0.7872732878 -0.2667126358 0.5559362769
-281.3 101.0 2568.5 0.6192809939 0.3852622509 -0.6841520667 -0.0391313657 0.8854044676 0.4631713033 0.7841937542 -0.2600613832 0.5633899570
-294.1 280.0 2405.9 -0.0278335195 0.3917278647 -0.9196600318 0.9984385967 0.0554701686 -0.0065903137 0.0484320857 -0.9184074998 -0.3926601708
