-135.0 445.8 2476.1 2 0.5585826039 0.3634504378 -0.7455798388 0.0406686738 0.8858037591 0.4622745514 0.8284512758 -0.2885402739 0.4800135195
-207.6 269.0 2533.7 0.5585826039 0.3634504378 -0.7455798388 0.0406686738 0.8858037591 0.4622745514 0.8284512758 -0.2885402739 0.4800135195
-274.8 93.6 2588.9 0.5605013967 0.3430306613 -0.7537692785 0.0455081761 0.8960475922 0.4416194856 0.8269021511 -0.2818309963 0.4866252244
-287.3 262.5 2416.0 0.0096766660 0.0168090463 -0.9998118877 0.9903442860 -0.1384397149 0.0072575565 -0.1382916868 -0.9902282357 -0.0179863777
-289.6 28.1 2448.7 -0.7603049874 0.0168090463 -0.6493486762 0.6414153576 -0.1384397149 -0.7545997500 -0.1025797501 -0.9902282357 0.0944748297
-127.8 275.6 2651.4 0.1446207911 0.9834814072 -0.1088540405 -0.9538074732 0.1678352803 0.2491637766 0.2633174956 0.0677915365 0.9623243809
-88.3 14.8 2723.4 0.1374448240 0.9834814072 0.1177849621 -0.4487255812 0.1678352803 -0.8777679801 -0.8830369711 0.0677915365 0.4643813372
-389.4 -90.2 2568.3 -0.9450889230 -0.0463701896 -0.3235068619 -0.0923712552 0.9874217510 0.1283191442 0.3134875298 0.1511557400 -0.9374846816
-371.2 -476.8 2509.1 -0.8950389624 0.3039051294 -0.3264152706 0.2409611791 0.9453931451 0.2194755375 0.3752905130 0.1177857369 -0.9193930626
-289.1 -80.2 2717.8 -0.8351880312 -0.0943760797 -0.5418062806 -0.0668291524 0.9952812791 -0.0703495517 0.5458889604 -0.0225466508 -0.8375540972
-236.5 -635.0 2730.4 -0.8351880312 0.4675728977 -0.2895453274 -0.0668291524 0.4362946153 0.8973187208 0.5458889604 0.7687799335 -0.3331405520
-97.3 -134.1 2474.7 0 0 0 0 0 0 0 0 0
-71.1 -41.3 2613.1 0 0 0 0 0 0 0 0 0
-437.9 -684.2 2483.3 0 0 0 0 0 0 0 0 0
-410.8 -797.6 2443.8 0 0 0 0 0 0 0 0 0
-134.3 446.1 2477.7 3 0.5366593599 0.3687722385 -0.7589491010 0.0526810624 0.8830452561 0.4663215876 0.8421528339 -0.2902380824 0.4544671774
-207.9 269.9 2535.6 0.5366593599 0.3687722385 -0.7589491010 0.0526810624 0.8830452561 0.4663215876 0.8421528339 -0.2902380824 0.4544671774
-276.5 95.2 2591.4 0.5384484529 0.3503274024 -0.7663837075 0.0570979379 0.8922246695 0.4479675889 0.8407217264 -0.2849664092 0.4604140520
-284.5 261.7 2415.9 0.0191129707 -0.0160003155 -0.9996892810 0.9898137450 -0.1407844126 0.0211774558 -0.1410795152 -0.9899109602 0.0131465243
-289.0 29.0 2449.1 -0.7653907537 -0.0160003155 -0.6433668733 0.6387636065 -0.1407844126 -0.7564131021 -0.0784731805 -0.9899109602 0.1179755107
-131.3 278.1 2655.3 0.1376451105 0.9813399911 -0.1342597604 -0.9500387907 0.1691446453 0.2623288035 0.2801430523 0.0914437026 0.9555929899
-93.6 18.3 2731.9 0.1607521623 0.9813399911 0.1055016816 -0.4607701004 0.1691446453 -0.8712525368 -0.8728399873 0.0914437026 0.4793624878
-392.6 -86.0 2569.4 -0.9516487718 -0.0687684491 -0.2993918657 -0.1115060523 0.9854759574 0.1280761063 0.2862358987 0.1552674770 -0.9454951286
-365.7 -471.9 2508.6 -0.8926821351 0.3323080838 -0.3044502139 0.2742215693 0.9365782142 0.2182288617 0.3576606512 0.1113221943 -0.9271926880
-291.4 -77.8 2718.7 -0.8390477896 -0.0968461409 -0.5353686810 -0.0626842454 0.9946842790 -0.0816937163 0.5404345393 -0.0349857509 -0.8406583667
-236.5 -642.0 2738.5 -0.8390477896 0.4747848213 -0.2656655312 -0.0626842454 0.4006890655 0.9140672684 0.5404345393 0.7835991383 -0.3064357340
-95.6 -132.4 2468.9 0 0 0 0 0 0 0 0 0
-73.6 -39.2 2622.8 0 0 0 0 0 0 0 0 0
-437.0 -673.0 2484.7 0 0 0 0 0 0 0 0 0
-414.2 -792.0 2445.1 0 0 0 0 0 0 0 0 0
-132.2 447.3 2478.5 4 0.5159920454 0.3688854575 -0.7730948925 0.0643350631 0.8832844496 0.4644024372 0.8541740179 -0.2893650532 0.4320354760
-206.2 270.2 2536.5 0.5159920454 0.3688854575 -0.7730948925 0.0643350631 0.8832844496 0.4644024372 0.8541740179 -0.2893650532 0.4320354760
-274.2 95.2 2592.3 0.5183576941 0.3474346697 -0.7814054489 0.0702024773 0.8933767080 0.4437901378 0.8522775173 -0.2848986089 0.4386979043
-280.0 260.2 2415.2 0.0153347962 -0.0002451935 -0.9998824000 0.9890352488 -0.1468948126 0.0152044604 -0.1468812674 -0.9891520739 -0.0020100970
-283.6 27.3 2449.8 -0.7293307781 -0.0002451935 -0.6841611862 0.6767657995 -0.1468948126 -0.7213944793 -0.1003228575 -0.9891520739 0.1073008478
-132.4 280.2 2657.9 0.1410977095 0.9771566391 -0.1589222997 -0.9460251927 0.1803923994 0.2692488134 0.2917666435 0.1123541147 0.9498677850
-93.8 21.5 2737.6 0.1855795383 0.9771566391 0.1035620421 -0.4666633606 0.1803923994 -0.8658428788 -0.8647459149 0.1123541147 0.4894803464
-393.8 -84.7 2571.3 -0.9576984048 -0.0662000254 -0.2800558805 -0.1066707149 0.9855175018 0.1318204552 0.2672734559 0.1561180055 -0.9508901238
-367.8 -470.7 2510.2 -0.9024084806 0.3233830035 -0.2847495675 0.2679211497 0.9386914372 0.2169714868 0.3374568820 0.1195064858 -0.9337242842
-296.5 -74.4 2723.1 -0.8253350854 -0.1140108705 -0.5530130863 -0.0782402456 0.9930464625 -0.0879611596 0.5591962337 -0.0293295570 -0.8285163641
-231.7 -638.8 2739.8 -0.8253350854 0.4891445041 -0.2820631266 -0.0782402456 0.3956516087 0.9150618911 0.5591962337 0.7773013711 -0.2882743776
-98.3 -144.6 2475.2 0 0 0 0 0 0 0 0 0
-70.7 -36.7 2629.6 0 0 0 0 0 0 0 0 0
-431.4 -655.2 2486.7 0 0 0 0 0 0 0 0 0
-415.4 -787.3 2447.9 0 0 0 0 0 0 0 0 0
-121.4 450.5 2477.9 5 0.5530679822 0.3851567209 -0.7387625575 0.0327049345 0.8760045767 0.4811926484 0.8324939609 -0.2902934253 0.4718935788
-198.8 274.6 2536.2 0.5530679822 0.3851567209 -0.7387625575 0.0327049345 0.8760045767 0.4811926484 0.8324939609 -0.2902934253 0.4718935788
-270.6 101.2 2592.2 0.5554765463 0.3666202724 -0.7463480234 0.0383478217 0.8853081465 0.4634208679 0.8306475282 -0.2860402167 0.4777088165
-277.8 269.1 2417.9 0.0337660052 -0.0202653315 -0.9992243052 0.9908294678 -0.1302002519 0.0361229256 -0.1308313012 -0.9912806153 0.0156831462
-286.1 26.6 2449.9 -0.7548087835 -0.0202653315 -0.6556317806 0.6521744728 -0.1302002519 -0.7468041182 -0.0702291876 -0.9912806153 0.1114928275
-119.7 280.1 2654.4 0.1196120754 0.9867399931 -0.1097141132 -0.9549596906 0.1445724815 0.2591347396 0.2715602517 0.0737769157 0.9595894814
-87.0 19.0 2728.7 0.1328989267 0.9867399931 0.0931778401 -0.4587107003 0.1445724815 -0.8767458200 -0.8785911202 0.0737769157 0.4718417227
-389.1 -86.1 2571.2 -0.9483455420 -0.0475869626 -0.3136498332 -0.0937837735 0.9865494370 0.1338834763 0.3030599654 0.1563830674 -0.9400526881
-370.4 -472.5 2509.9 -0.8940982223 0.3164721727 -0.3169128597 0.2485384941 0.9392449856 0.2367435545 0.3725815415 0.1329069436 -0.9184327722
-295.5 -73.4 2725.1 -0.8152605891 -0.1174077541 -0.5670675635 -0.0820912421 0.9927739501 -0.0875268057 0.5732461810 -0.0248058774 -0.8190076351
-229.2 -633.6 2739.1 -0.8152605891 0.5005666614 -0.2911755741 -0.0820912421 0.3978363872 0.9137763381 0.5732461810 0.7688688040 -0.2832481861
-95.3 -138.3 2467.7 0 0 0 0 0 0 0 0 0
-70.4 -38.3 2618.9 0 0 0 0 0 0 0 0 0
-426.5 -638.8 2486.4 0 0 0 0 0 0 0 0 0
-417.4 -783.3 2450.0 0 0 0 0 0 0 0 0 0
-118.4 451.4 2478.1 6 0.5714428425 0.3913941085 -0.7212930918 0.0160433762 0.8734415770 0.4866645634 0.8204850554 -0.2896729410 0.4928426743
-196.9 276.3 2536.1 0.5714428425 0.3913941085 -0.7212930918 0.0160433762 0.8734415770 0.4866645634 0.8204850554 -0.2896729410 0.4928426743
-269.7 103.4 2592.0 0.5742126107 0.3722630143 -0.7291777134 0.0224145483 0.8831642866 0.4685279131 0.8183993101 -0.2853788137 0.4987799823
-278.6 273.1 2419.6 0.0352560319 -0.0443892851 -0.9983919859 0.9930495620 -0.1106950715 0.0399889648 -0.1122921556 -0.9928626418 0.0401780903
-287.2 29.6 2447.1 -0.7619802952 -0.0443892851 -0.6460770965 0.6464837790 -0.1106950715 -0.7548545003 -0.0380101018 -0.9928626418 0.1130444109
-115.1 279.5 2652.7 0.1125316322 0.9900163412 -0.0848779678 -0.9591974020 0.1305308491 0.2508027554 0.2593780458 0.0531914830 0.9643099904
-84.4 17.3 2723.6 0.1071207300 0.9900163412 0.0916121528 -0.4514868557 0.1305308491 -0.8826785088 -0.8858243227 0.0531914830 0.4609619379
-392.5 -75.5 2573.4 -0.9395428300 -0.0739594474 -0.3343490362 -0.1412305683 0.9731787443 0.1815958768 0.3119506240 0.2178374082 -0.9247884154
-363.6 -455.8 2488.2 -0.8806751966 0.3397242129 -0.3301494122 0.3133665323 0.9404404163 0.1318076551 0.3552640975 0.0126219578 -0.9346807599
-292.3 -68.7 2723.3 -0.8122143149 -0.1165637374 -0.5715949535 -0.0768284127 0.9926728606 -0.0932627693 0.5782778859 -0.0318346247 -0.8152185678
-225.7 -635.4 2741.5 -0.8122143149 0.5120874643 -0.2794178426 -0.0768284127 0.3809089363 0.9214150906 0.5782778859 0.7698537707 -0.2700368166
-94.3 -134.2 2456.8 0 0 0 0 0 0 0 0 0
-71.0 -39.1 2612.9 0 0 0 0 0 0 0 0 0
-425.1 -626.3 2485.9 0 0 0 0 0 0 0 0 0
-418.4 -778.8 2451.8 0 0 0 0 0 0 0 0 0
-123.7 450.1 2486.2 7 0.5797660947 0.3668113649 -0.7275443077 -0.0001400344 0.8929750323 0.4501062036 0.8147829771 -0.2608544528 0.5177680254
-196.8 272.2 2538.1 0.5797660947 0.3668113649 -0.7275443077 -0.0001400344 0.8929750323 0.4501062036 0.8147829771 -0.2608544528 0.5177680254
-264.5 95.6 2588.8 0.5835457444 0.3459173143 -0.7347214222 0.0093778456 0.9018090963 0.4320328534 0.8120261431 -0.2590010464 0.5230029225
-279.9 270.7 2422.6 0.0229781624 -0.0354933925 -0.9991056919 0.9941704869 -0.1044926047 0.0265767761 -0.1053424552 -0.9938921332 0.0328854360
-285.3 34.9 2447.5 -0.7349873781 -0.0354933925 -0.6771512628 0.6765935421 -0.1044926047 -0.7289049625 -0.0448859856 -0.9938921332 0.1008153409
-113.7 273.6 2653.7 0.1403089911 0.9869247079 -0.0793286636 -0.9642460346 0.1543974429 0.2153856754 0.2248175740 0.0462718084 0.9733015895
-75.3 10.0 2715.2 0.1076836661 0.9869247079 0.1199328080 -0.4179880619 0.1543974429 -0.8952359557 -0.9020477533 0.0462718084 0.4291488230
-394.5 -71.6 2574.1 -0.9349224567 -0.0749374032 -0.3468491733 -0.1394274831 0.9764111042 0.1648675352 0.3263126612 0.2024986595 -0.9233170152
-365.2 -453.6 2494.9 -0.8765610456 0.3332725763 -0.3472321332 0.2906949222 0.9416077137 0.1699156612 0.3835847080 0.0480028279 -0.9222573042
-290.8 -67.6 2721.9 -0.8128560185 -0.1162738577 -0.5707411170 -0.0734297708 0.9925112128 -0.0976191685 0.5778175592 -0.0374409445 -0.8153067231
-224.2 -636.6 2743.4 -0.8128560185 0.5154944658 -0.2711651325 -0.0734297708 0.3711411655 0.9256685376 0.5778175592 0.7723468542 -0.2638317049
-98.3 -137.2 2459.0 0 0 0 0 0 0 0 0 0
-61.9 -42.2 2602.5 0 0 0 0 0 0 0 0 0
-427.0 -628.4 2486.0 0 0 0 0 0 0 0 0 0
-418.2 -776.3 2452.6 0 0 0 0 0 0 0 0 0
-126.4 451.1 2489.7 8 0.5843667388 0.3609240651 -0.7268076539 -0.0011188522 0.8960036635 0.4440452158 0.8114889264 -0.2586720586 0.5239985585
-198.2 272.9 2541.2 0.5843667388 0.3609240651 -0.7268076539 -0.0011188522 0.8960036635 0.4440452158 0.8114889264 -0.2586720586 0.5239985585
-265.0 95.9 2591.6 0.5880767107 0.3413816392 -0.7332287431 0.0083894776 0.9039344788 0.4275886714 0.8087616563 -0.2576063573 0.5287188292
-281.9 271.6 2426.0 0.0140204625 -0.0102124568 -0.9998495579 0.9964867830 -0.0824290290 0.0148152374 -0.0825679228 -0.9965445995 0.0090208855
-285.2 38.9 2445.3 -0.7357438803 -0.0102124568 -0.6771828532 0.6755327582 -0.0824290290 -0.7327079773 -0.0483367778 -0.9965445995 0.0675455034
-114.4 274.1 2656.3 0.1448539943 0.9866386652 -0.0745756328 -0.9645802379 0.1576042473 0.2115321606 0.2204592377 0.0412929021 0.9745217562
-74.8 10.4 2716.6 0.1040209532 0.9866386652 0.1253947467 -0.4142969549 0.1576042473 -0.8963921666 -0.9041779041 0.0412929021 0.4251555204
-384.9 -81.7 2566.2 -0.9350481629 -0.0411519073 -0.3521242738 -0.1031313539 0.9818590283 0.1591126174 0.3391886055 0.1850930005 -0.9223294854
-368.8 -465.8 2493.8 -0.8723403811 0.3386253715 -0.3526401818 0.2952179313 0.9397928715 0.1721504182 0.3897032440 0.0460680574 -0.9197875261
-279.5 -80.0 2712.8 -0.8193583488 -0.0976349488 -0.5649064183 -0.0503394380 0.9938377142 -0.0987548605 0.5710672140 -0.0524785519 -0.8192241788
-225.5 -629.4 2741.9 -0.8193583488 0.5105623603 -0.2607257366 -0.0503394380 0.3889625072 0.9198772311 0.5710672140 0.7668339014 -0.2929982841
-98.0 -133.0 2457.6 0 0 0 0 0 0 0 0 0
-61.8 -41.3 2603.7 0 0 0 0 0 0 0 0 0
-426.6 -626.1 2485.9 0 0 0 0 0 0 0 0 0
-417.7 -775.8 2453.2 0 0 0 0 0 0 0 0 0
-126.5 453.6 2492.5 9 0.5820206404 0.3633558154 -0.7274782062 -0.0060013514 0.8965106606 0.4429815710 0.8131518960 -0.2534585595 0.5239683390
-198.9 274.9 2543.0 0.5820206404 0.3633558154 -0.7274782062 -0.0060013514 0.8965106606 0.4429815710 0.8131518960 -0.2534585595 0.5239683390
-266.4 97.9 2592.7 0.5858119130 0.3450331092 -0.7333324552 0.0036335182 0.9037221074 0.4281040728 0.8104388714 -0.2534530461 0.5281575322
-282.3 274.4 2427.6 -0.0126438830 0.0849687979 -0.9963033795 0.9971626401 -0.0728738829 -0.0188697670 -0.0742078349 -0.9937151074 -0.0838063061
-279.3 37.4 2445.2 -0.7014155984 0.0849687979 -0.7076697350 0.7039613128 -0.0728738829 -0.7064898014 -0.1116002351 -0.9937151074 -0.0086998707
-115.5 275.5 2658.4 0.1411067247 0.9870229959 -0.0766452774 -0.9658154249 0.1542532444 0.2083423287 0.2174614519 0.0446266867 0.9750481844
-76.9 11.4 2717.9 0.1052350402 0.9870229959 0.1212897077 -0.4114479721 0.1542532444 -0.8982853293 -0.9053375721 0.0446266867 0.4223414660
-385.0 -81.9 2569.0 -0.9355535507 -0.0509825647 -0.3494858444 -0.1183368713 0.9775786996 0.1741730422 0.3327701390 0.2043052614 -0.9206103086
-365.0 -464.5 2489.0 -0.8590736985 0.3748409450 -0.3485493660 0.3406765461 0.9269458055 0.1571971774 0.3820103109 0.0163013656 -0.9240142703
-278.7 -80.3 2715.1 -0.8271561265 -0.0934509486 -0.5541477203 -0.0468641147 0.9941124916 -0.0976938456 0.5600147843 -0.0548384152 -0.8266656995
-226.7 -633.1 2745.6 -0.8271561265 0.5059697628 -0.2445555180 -0.0468641147 0.3715534508 0.9272280335 0.5600147843 0.7784231901 -0.2836208642
-100.8 -141.7 2473.6 0 0 0 0 0 0 0 0 0
-63.8 -40.0 2604.8 0 0 0 0 0 0 0 0 0
-428.7 -622.0 2486.3 0 0 0 0 0 0 0 0 0
-417.2 -773.0 2452.6 0 0 0 0 0 0 0 0 0
-122.0 451.1 2485.4 0 0.5783591270 0.3739279807 -0.7250369787 0.0027901267 0.8878509402 0.4601227343 0.8157774806 -0.2681391239 0.5124533772
-196.8 273.5 2539.0 0.5783591270 0.3739279807 -0.7250369787 0.0027901267 0.8878509402 0.4601227343 0.8157774806 -0.2681391239 0.5124533772
-265.4 97.5 2590.8 0.5820505023 0.3505609035 -0.7337058783 0.0118920095 0.8985315561 0.4387477338 0.8130656481 -0.2640985847 0.5188218951
-279.7 271.8 2423.2 0.0094841141 0.0383325256 -0.9992200136 0.9951281548 -0.0984264836 0.0056693950 -0.0981323943 -0.9944057465 -0.0390792638
-281.9 40.1 2446.1 -0.7179077864 0.0383325256 -0.6950820088 0.6894980669 -0.0984264836 -0.7175685763 -0.0959206894 -0.9944057465 0.0442309417
-114.0 275.2 2654.8 0.1354358643 0.9875373244 -0.0801696256 -0.9634221792 0.1501488537 0.2219753265 0.2312462926 0.0471737757 0.9717509151
-76.9 11.8 2718.1 0.1074554324 0.9875373244 0.1149929166 -0.4242456853 0.1501488537 -0.8930122852 -0.8991490006 0.0471737757 0.4350927472
-387.0 -79.4 2569.1 0.5255357623 -0.0750706717 -0.8474529982 -0.1674939245 0.9674752355 -0.1895716637 0.8341210485 0.2415699214 0.4958689511
-357.6 -457.8 2474.6 0.5255357623 0.4015947878 -0.7500225306 -0.1674939245 0.9131644964 0.3715862632 0.8341210485 -0.0696576461 0.5471652746
-281.1 -78.7 2715.6 -0.8245922327 -0.1017770916 -0.5564971566 -0.0521654151 0.9931722879 -0.1043437421 0.5633172989 -0.0570111349 -0.8242713809
-224.2 -633.2 2747.4 -0.8245922327 0.5089028478 -0.2471144050 -0.0521654151 0.3665494025 0.9289350510 0.5633172989 0.7788834572 -0.2757066488
-98.6 -136.0 2470.6 0 0 0 0 0 0 0 0 0
-63.5 -41.2 2605.7 0 0 0 0 0 0 0 0 0
-431.1 -624.9 2487.3 0 0 0 0 0 0 0 0 0
-415.9 -771.2 2454.1 0 0 0 0 0 0 0 0 0
-125.5 453.2 2490.3 1 0.6046358347 0.3523211181 -0.7143425941 -0.0145450775 0.9015840888 0.4323592782 0.7963692546 -0.2510297298 0.5502545834
-195.5 274.0 2540.3 0.6046358347 0.3523211181 -0.7143425941 -0.0145450775 0.9015840888 0.4323592782 0.7963692546 -0.2510297298 0.5502545834
-261.7 96.6 2590.3 0.6089039445 0.3379771411 -0.7176402211 -0.0033701761 0.9057844877 0.4237253070 0.7932368517 -0.2555894256 0.5526747704
-282.2 274.4 2427.3 -0.0140648047 0.0782852247 -0.9968317747 0.9963874221 -0.0824049190 -0.0205301270 -0.0837510452 -0.9935194254 -0.0768434033
-278.8 33.8 2447.6 -0.7162250280 0.0782852247 -0.6934646368 0.6885700822 -0.0824049190 -0.7204725146 -0.1135472506 -0.9935194254 0.0051155970
-108.9 273.5 2653.2 0.1468984932 0.9879641533 -0.0484523177 -0.9676567316 0.1536899656 0.2000495195 0.2050883919 0.0174982399 0.9785870314
-68.7 9.0 2709.2 0.0789509043 0.9879641533 0.1330171078 -0.4037463069 0.1536899656 -0.9018693566 -0.9114580154 0.0174982399 0.4110208452
-386.7 -79.5 2569.0 0.3752335012 -0.0745090097 -0.9239308238 -0.1691982597 0.9745119214 -0.1473040730 0.9113571048 0.2116009146 0.3530627191
-357.5 -460.8 2486.2 0.3752335012 0.4307373762 -0.8207710385 -0.1691982597 0.9024240375 0.3962358236 0.9113571048 -0.0098079238 0.4114997387
-281.5 -77.3 2716.0 -0.8240786195 -0.1031035259 -0.5570135117 -0.0522476025 0.9929395318 -0.1064954996 0.5640608072 -0.0586580411 -0.8236471415
-223.5 -635.8 2749.0 -0.8240786195 0.5129017830 -0.2404707372 -0.0522476025 0.3538751304 0.9338322282 0.5640608072 0.7821151614 -0.2648230195
-95.5 -142.4 2476.6 0 0 0 0 0 0 0 0 0
-58.8 -41.5 2595.4 0 0 0 0 0 0 0 0 0
-432.8 -618.4 2488.0 0 0 0 0 0 0 0 0 0
-416.6 -769.1 2454.5 0 0 0 0 0 0 0 0 0
-126.3 453.0 2493.3 2 0.5711550713 0.3668817282 -0.7342885733 -0.0073703574 0.8968112469 0.4423520267 0.8208091259 -0.2472396195 0.5149223208
-199.4 274.3 2542.6 0.5711550713 0.3668817282 -0.7342885733 -0.0073703574 0.8968112469 0.4423520267 0.8208091259 -0.2472396195 0.5149223208
-268.6 97.8 2591.6 0.5749844313 0.3533787429 -0.7379135489 0.0021892935 0.9012457728 0.4333027005 0.8181614280 -0.2507578135 0.5174286366
-281.2 274.0 2426.2 -0.0062776390 0.0814464465 -0.9966579676 0.9956811070 -0.0918118879 -0.0137743121 -0.0926269144 -0.9924399257 -0.0805183277
-279.7 35.7 2448.3 -0.6995338798 0.0814464465 -0.7099428177 0.7040147781 -0.0918118879 -0.7042256594 -0.1225378662 -0.9924399257 0.0068860259
-117.5 274.7 2659.0 0.1328454912 0.9871812463 -0.0884604380 -0.9660972357 0.1489075869 0.2109090984 0.2213779390 0.0574430600 0.9734947681
-81.2 10.6 2719.5 0.1149938554 0.9871812463 0.1106778607 -0.4140152037 0.1489075869 -0.8980077505 -0.9029772282 0.0574430600 0.4258314967
-382.9 -80.5 2568.6 0.3455590904 -0.0536830798 -0.9368602037 -0.1713010967 0.9779784083 -0.1192232743 0.9226292968 0.2016838640 0.3287533522
-361.9 -463.3 2489.7 0.3455590904 0.4480982423 -0.8244979382 -0.1713010967 0.8939824104 0.4140668809 0.9226292968 -0.0018471706 0.3856834769
-272.9 -81.1 2711.9 -0.8270773292 -0.0887159109 -0.5550428629 -0.0369087644 0.9939064384 -0.1038639024 0.5608750582 -0.0654175282 -0.8253118992
-224.0 -629.1 2748.0 -0.8270773292 0.5099849105 -0.2363439798 -0.0369087644 0.3702927530 0.9281815886 0.5608750582 0.7764011025 -0.2874378264
-100.5 -144.6 2479.7 0 0 0 0 0 0 0 0 0
-66.9 -41.1 2606.7 0 0 0 0 0 0 0 0 0
-436.4 -611.8 2490.0 0 0 0 0 0 0 0 0 0
-416.0 -768.6 2455.6 0 0 0 0 0 0 0 0 0
-125.7 453.3 2495.8 3 0.6043289900 0.3631573915 -0.7091566920 -0.0334320515 0.9008532166 0.4328345954 0.7960331440 -0.2378659397 0.5565528274
-197.9 274.2 2543.1 0.6043289900 0.3631573915 -0.7091566920 -0.0334320515 0.9008532166 0.4328345954 0.7960331440 -0.2378659397 0.5565528274
-266.1 96.8 2590.1 0.6084455252 0.3481314480 -0.7131609321 -0.0229750760 0.9059957862 0.4226627052 0.7932630181 -0.2407823056 0.5592474341
-284.4 277.4 2430.2 -0.0212189425 0.0899460018 -0.9957205653 0.9973391891 -0.0675733685 -0.0273575112 -0.0697448924 -0.9936516285 -0.0882728398
-279.3 34.3 2447.2 -0.6902055144 0.0899460018 -0.7180014849 0.7150331140 -0.0675733685 -0.6958171725 -0.1111037508 -0.9936516285 -0.0176748596
-111.3 271.0 2655.9 0.1360520869 0.9896003008 -0.0467023775 -0.9724222422 0.1424071491 0.1847030669 0.1894329488 0.0202851929 0.9816840887
-74.1 5.1 2707.7 0.0749061853 0.9896003008 0.1228020638 -0.3897862136 0.1424071491 -0.9098279476 -0.9178538918 0.0202851929 0.3963997066
-389.7 -78.9 2566.8 0.4330814183 -0.0849609748 -0.8973417282 -0.1694839299 0.9701141119 -0.1736486554 0.8852772117 0.2272890061 0.4057388604
-356.4 -458.4 2477.9 0.4330814183 0.4722522199 -0.7677358389 -0.1694839299 0.8792305589 0.4452289641 0.8852772117 -0.0627015010 0.4608175755
-285.8 -78.4 2714.5 -0.8130403757 -0.1154311895 -0.5706496239 -0.0611110590 0.9916540980 -0.1135233566 0.5789911747 -0.0574260689 -0.8133089542
-221.8 -628.3 2746.3 -0.8130403757 0.5211698413 -0.2595136166 -0.0611110590 0.3668852448 0.9282568097 0.5789911747 0.7705693841 -0.2664432824
-102.4 -149.0 2475.7 0 0 0 0 0 0 0 0 0
-64.8 -43.6 2593.1 0 0 0 0 0 0 0 0 0
-430.9 -597.1 2487.7 0 0 0 0 0 0 0 0 0
-418.1 -766.5 2456.2 0 0 0 0 0 0 0 0 0
-123.1 454.0 2497.0 4 0.6223782897 0.3713043034 -0.6890416145 -0.0575779639 0.8996542096 0.4327898324 0.7805959582 -0.2296853960 0.5813042521
-197.0 274.9 2542.8 0.6223782897 0.3713043034 -0.6890416145 -0.0575779639 0.8996542096 0.4327898324 0.7805959582 -0.2296853960 0.5813042521
-266.4 97.4 2587.8 0.6264882684 0.3544341922 -0.6941821575 -0.0473507307 0.9062889218 0.4199979901 0.7779912353 -0.2302537709 0.5845620632
-286.1 281.6 2432.0 -0.0191261023 0.0918457732 -0.9955895543 0.9980413318 -0.0575672723 -0.0244839359 -0.0595621206 -0.9941078424 -0.0905648395
-281.4 38.4 2446.5 -0.6838100553 0.0918457732 -0.7238564491 0.7220669389 -0.0575672723 -0.6894239187 -0.1049911082 -0.9941078424 -0.0269537196
-107.8 268.2 2653.5 0.1274870336 0.9916126728 -0.0212455653 -0.9778338075 0.1292449981 0.1647322923 0.1660965085 -0.0002266006 0.9861094952
-73.0 0.9 2698.9 0.0482021645 0.9916126728 0.1199202687 -0.3714494705 0.1292449981 -0.9194133878 -0.9272010922 -0.0002266006 0.3745638728
-389.2 -78.6 2565.7 0.4267338216 -0.0811148062 -0.9007322788 -0.1703107059 0.9709420204 -0.1681244522 0.8881962299 0.2251487374 0.4005191028
-357.5 -458.7 2477.5 0.4267338216 0.4875873327 -0.7616802454 -0.1703107059 0.8704726696 0.4618133605 0.8881962299 -0.0673490837 0.4545014799
-279.4 -82.7 2708.8 -0.8118876219 -0.1082277820 -0.5736943483 -0.0493134148 0.9918680191 -0.1173285395 0.5817273259 -0.0669667572 -0.8106224537
-219.9 -628.2 2745.6 -0.8118876219 0.5281696916 -0.2487474382 -0.0493134148 0.3625085950 0.9306748509 0.5817273259 0.7678700089 -0.2682703733
-106.1 -146.8 2473.5 0 0 0 0 0 0 0 0 0
-67.0 -45.5 2583.1 0 0 0 0 0 0 0 0 0
-428.4 -585.3 2487.3 0 0 0 0 0 0 0 0 0
-418.8 -764.7 2456.4 0 0 0 0 0 0 0 0 0
-129.6 453.5 2497.2 5 0.6020830274 0.3515881300 -0.7168555260 -0.0347786881 0.9085237980 0.4163831174 0.7976756692 -0.2257659137 0.5592345595
-199.4 273.0 2542.0 0.6020830274 0.3515881300 -0.7168555260 -0.0347786881 0.9085237980 0.4163831174 0.7976756692 -0.2257659137 0.5592345595
-266.3 94.2 2586.0 0.6038786173 0.3414297700 -0.7202473879 -0.0300598219 0.9127240777 0.4074692726 0.7965092659 -0.2244114876 0.5614378452
-285.4 277.3 2428.6 -0.0014018550 0.0638278127 -0.9979599714 0.9972490668 -0.0738698319 -0.0061254445 -0.0741101056 -0.9952232242 -0.0635486692
-285.1 44.7 2445.9 -0.6775382161 0.0638278127 -0.7327127457 0.7289880514 -0.0738698319 -0.6805289388 -0.0975620374 -0.9952232242 0.0035199197
-113.5 268.7 2655.4 0.1436276436 0.9881455302 -0.0542177521 -0.9740383029 0.1508394480 0.1688100547 0.1749870777 0.0285643768 0.9841563106
-74.2 2.5 2703.2 0.0838766620 0.9881455302 0.1285813749 -0.3746141493 0.1508394480 -0.9148287773 -0.9233790636 0.0285643768 0.3828251958
-392.4 -75.8 2562.7 0.4201121628 -0.0919111073 -0.9028056860 -0.1640400141 0.9707769752 -0.1751654744 0.8925226331 0.2216854095 0.3927581012
-356.4 -455.9 2475.9 0.4201121628 0.5079987645 -0.7519594431 -0.1640400141 0.8574920893 0.4876455665 0.8925226331 -0.0815143883 0.4435749650
-279.3 -84.3 2703.1 -0.8178751469 -0.1061892733 -0.5655122399 -0.0407374427 0.9910431504 -0.1271767616 0.5739518404 -0.0809771940 -0.8148754835
-221.0 -627.9 2747.5 -0.8178751469 0.5246720910 -0.2362190485 -0.0407374427 0.3567028344 0.9333292842 0.5739518404 0.7729697824 -0.2703645825
-111.3 -142.2 2470.9 0 0 0 0 0 0 0 0 0
-63.8 -44.3 2587.9 0 0 0 0 0 0 0 0 0
-430.6 -581.1 2487.8 0 0 0 0 0 0 0 0 0
-418.6 -762.3 2456.4 0 0 0 0 0 0 0 0 0
-134.6 450.9 2498.2 6 0.5953602195 0.3377458155 -0.7290226221 -0.0269577708 0.9152413607 0.4020031095 0.8030065298 -0.2196838558 0.5540031791
-201.5 269.8 2541.7 0.5953602195 0.3377458155 -0.7290226221 -0.0269577708 0.9152413607 0.4020031095 0.8030065298 -0.2196838558 0.5540031791
-265.0 89.6 2584.9 0.5981624126 0.3245671093 -0.7327058911 -0.0191937312 0.9198511839 0.3917976618 0.8011450171 -0.2202952802 0.5564500690
-286.6 272.5 2427.6 -0.0118309092 0.0787518695 -0.9968240261 0.9970006347 -0.0753221139 -0.0177836623 -0.0764833912 -0.9940446019 -0.0776245371
-283.9 45.4 2445.0 -0.6715761423 0.0787518695 -0.7367385030 0.7329127789 -0.0753221139 -0.6761401296 -0.1087400019 -0.9940446019 -0.0071337195
-116.3 267.1 2655.8 0.1620039046 0.9846290350 -0.0652715787 -0.9712283015 0.1708006114 0.1659599096 0.1745573729 0.0365074500 0.9839699864
-72.0 1.5 2703.5 0.0986285508 0.9846290350 0.1441459358 -0.3712257445 0.1708006114 -0.9126985073 -0.9232897162 0.0365074500 0.3823654652
-387.7 -81.8 2558.0 0.4352307618 -0.0761135146 -0.8970957994 -0.1637869477 0.9730991721 -0.1620240659 0.8852954507 0.2174504399 0.4110562801
-357.9 -462.8 2472.9 0.4352307618 0.5396662354 -0.7206487060 -0.1637869477 0.8345407248 0.5260376334 0.8852954507 -0.1109149083 0.4516080618
-278.7 -87.2 2701.9 -0.8165158033 -0.1080106720 -0.5671293139 -0.0387471765 0.9903806448 -0.1328338981 0.5760213733 -0.0864863247 -0.8128465414
-219.9 -625.5 2748.9 -0.8165158033 0.5272214413 -0.2352434248 -0.0387471765 0.3565090895 0.9334880114 0.5760213733 0.7713227272 -0.2706669569
-111.7 -142.5 2472.9 0 0 0 0 0 0 0 0 0
-59.7 -44.8 2588.2 0 0 0 0 0 0 0 0 0
-430.7 -575.4 2487.8 0 0 0 0 0 0 0 0 0
-418.5 -759.8 2458.4 0 0 0 0 0 0 0 0 0
-135.4 449.1 2489.2 7 0.5926594734 0.3380835652 -0.7310637832 -0.0003061476 0.9077373743 0.4195387959 0.8054530621 -0.2484198362 0.5380826592
-202.3 269.3 2538.5 0.5926594734 0.3380835652 -0.7310637832 -0.0003061476 0.9077373743 0.4195387959 0.8054530621 -0.2484198362 0.5380826592
-265.3 90.1 2586.1 0.5945397615 0.3215886056 -0.7369554043 0.0048894202 0.9150727987 0.4032590389 0.8040513396 -0.2433568090 0.5424747467
-287.0 268.5 2424.0 0.0092059793 0.0636858940 -0.9979275465 0.9958033562 -0.0914574116 0.0033497403 -0.0910545364 -0.9937704206 -0.0642605796
-289.0 49.6 2444.0 -0.6853443980 0.0636858940 -0.7254289389 0.7198376060 -0.0914574116 -0.6880910993 -0.1101675481 -0.9937704206 0.0168363228
-117.7 270.0 2653.0 0.1654062718 0.9837005734 -0.0705265924 -0.9654847980 0.1761019528 0.1919041276 0.2011960596 0.0363502093 0.9788762927
-72.5 6.1 2708.0 0.1044929847 0.9837005734 0.1463367790 -0.3953242898 0.1761019528 -0.9015025496 -0.9125787020 0.0363502093 0.4072821140
-382.5 -88.7 2555.7 0.4856737852 -0.0551495217 -0.8723986745 -0.1685260832 0.9733777642 -0.1553532928 0.8577411771 0.2224729508 0.4634499550
-361.0 -469.9 2468.6 0.4856737852 0.5678328276 -0.6645952463 -0.1685260832 0.8068448901 0.5662157536 0.8577411771 -0.1629945189 0.4875580668
-274.5 -92.2 2700.4 -0.8139441609 -0.1050817296 -0.5713604689 -0.0340657197 0.9904457927 -0.1336287111 0.5799434781 -0.0893025026 -0.8097472191
-217.9 -626.0 2748.5 -0.8139441609 0.5339930654 -0.2287932485 -0.0340657197 0.3492817283 0.9363983274 0.5799434781 0.7699699402 -0.2661049366
-114.7 -133.4 2472.0 0 0 0 0 0 0 0 0 0
-59.4 -43.3 2594.0 0 0 0 0 0 0 0 0 0
-429.5 -567.3 2488.2 0 0 0 0 0 0 0 0 0
-419.0 -757.6 2458.6 0 0 0 0 0 0 0 0 0
-134.9 449.9 2491.3 8 0.6026862860 0.3397012353 -0.7220611572 -0.0109069403 0.9082854986 0.4182086587 0.7979036570 -0.2441731542 0.5511163473
-202.2 269.9 2539.6 0.6026862860 0.3397012353 -0.7220611572 -0.0109069403 0.9082854986 0.4182086587 0.7979036570 -0.2441731542 0.5511163473
-265.6 90.8 2587.0 0.6050983071 0.3241407573 -0.7271786928 -0.0042833481 0.9146802425 0.4041555524 0.7961392403 -0.2414390743 0.5548598766
-288.3 270.5 2426.3 0.0016423971 0.0584841967 -0.9982869625 0.9959418178 -0.0899261683 -0.0036297457 -0.0899844095 -0.9942297935 -0.0583945513
-288.7 42.8 2446.8 -0.6898096204 0.0584841967 -0.7216247916 0.7162829638 -0.0899261683 -0.6919913888 -0.1053635105 -0.9942297935 0.0201407019
-116.0 269.4 2653.0 0.1619276851 0.9851889610 -0.0564104617 -0.9678427577 0.1697087437 0.1856860667 0.1925092041 0.0245287437 0.9809885621
-71.7 4.8 2705.7 0.0899589434 0.9851889610 0.1459798068 -0.3897599280 0.1697087437 -0.9051442742 -0.9165121913 0.0245287437 0.3992539942
-382.0 -89.5 2561.2 0.5193794966 -0.0513953269 -0.8529967666 -0.1811729521 0.9688754082 -0.1686913669 0.8351175189 0.2421547771 0.4939025939
-361.9 -468.9 2466.4 0.5193794966 0.5862548947 -0.6217315793 -0.1811729521 0.7865635753 0.5903338790 0.8351175189 -0.1939663738 0.5147385001
-274.6 -88.6 2706.4 -0.8151514530 -0.1040122509 -0.5698329806 -0.0341984816 0.9906719923 -0.1319072247 0.5782375336 -0.0880369395 -0.8111047149
-218.2 -625.0 2754.1 -0.8151514530 0.5360373855 -0.2195269912 -0.0341984816 0.3337891698 0.9420272112 0.5782375336 0.7754023075 -0.2537570298
-112.6 -140.0 2473.7 0 0 0 0 0 0 0 0 0
-60.5 -43.9 2591.2 0 0 0 0 0 0 0 0 0
-418.5 -544.8 2485.1 0 0 0 0 0 0 0 0 0
-420.1 -750.7 2462.1 0 0 0 0 0 0 0 0 0
-127.2 452.4 2495.3 9 0.6404545307 0.3541225195 -0.6814801693 -0.0552365109 0.9062902331 0.4190309942 0.7660071254 -0.2307277173 0.5999981761
-197.2 273.2 2540.9 0.6404545307 0.3541225195 -0.6814801693 -0.0552365109 0.9062902331 0.4190309942 0.7660071254 -0.2307277173 0.5999981761
-263.0 94.4 2586.0 0.6446228623 0.3357883096 -0.6868097186 -0.0442431048 0.9132567048 0.4049750566 0.7632194161 -0.2306695879 0.6035624743
-288.9 279.4 2432.3 -0.0167360399 0.1076888889 -0.9940437675 0.9977306724 -0.0630494505 -0.0236285217 -0.0652184412 -0.9921833873 -0.1063893065
-284.8 36.5 2448.2 -0.6961732507 0.1076888889 -0.7097505927 0.7076828480 -0.0630494505 -0.7037114501 -0.1205312833 -0.9921833873 -0.0323162340
-105.5 267.0 2649.5 0.1455486268 0.9893503189 -0.0012568549 -0.9771260023 0.1439491063 0.1565357149 0.1550495774 -0.0215554517 0.9876714945
-65.7 -0.2 2691.9 0.0325721540 0.9893503189 0.1418627352 -0.3632927835 0.1439491063 -0.9204874039 -0.9311054945 -0.0215554517 0.3641125560
-383.8 -87.9 2562.3 0.5055983067 -0.0614686236 -0.8605765104 -0.1891774982 0.9652869105 -0.1800916791 0.8417732716 0.2538557649 0.4764189422
-359.7 -465.9 2462.9 0.5055983067 0.6746609807 -0.5377758741 -0.1891774982 0.6948358417 0.6938407421 0.8417732716 -0.2490696162 0.4789384902
-274.4 -88.7 2706.2 -0.8073091507 -0.1069007441 -0.5803655982 -0.0377854332 0.9908015728 -0.1299403310 0.5889178514 -0.0829726532 -0.8039224744
-218.6 -605.9 2749.5 -0.8073091507 0.5361955762 -0.2464676648 -0.0377854332 0.3698265254 0.9283321500 0.5889178514 0.7587639093 -0.2783039510
-106.8 -144.4 2479.0 0 0 0 0 0 0 0 0 0
-61.7 -45.6 2575.6 0 0 0 0 0 0 0 0 0
-409.5 -517.2 2481.3 0 0 0 0 0 0 0 0 0
-420.4 -745.1 2464.0 0 0 0 0 0 0 0 0 0
-131.7 450.5 2495.3 0 0.6421250105 0.3315194547 -0.6912093163 -0.0360906124 0.9137293696 0.4047172964 0.7657499313 -0.2349329293 0.5986931920
-197.1 270.4 2541.6 0.6421250105 0.3315194547 -0.6912093163 -0.0360906124 0.9137293696 0.4047172964 0.7657499313 -0.2349329293 0.5986931920
-258.9 90.3 2587.6 0.6454935670 0.3155608475 -0.6955281496 -0.0265479237 0.9193762541 0.3924824893 0.7633041739 -0.2348800898 0.6018289328
-288.9 274.1 2432.9 -0.0104506444 0.0633838996 -0.9979345202 0.9982110858 -0.0580910891 -0.0141432015 -0.0588675514 -0.9962971210 -0.0626634285
-286.4 37.2 2446.9 -0.7261229157 0.0633838996 -0.6846371293 0.6821690202 -0.0580910891 -0.7288833261 -0.0859707817 -0.9962971210 -0.0010572626
-105.2 266.6 2650.3 0.1670617908 0.9859355092 -0.0046395492 -0.9729642868 0.1656213403 0.1609658897 0.1594703943 -0.0223771334 0.9869490862
-59.6 0.6 2693.9 0.0405084640 0.9859355092 0.1621426195 -0.3667227626 0.1656213403 -0.9154692888 -0.9294479489 -0.0223771334 0.3682740629
-387.0 -80.4 2562.5 0.3005172014 -0.0702317879 -0.9511871338 -0.2151638269 0.9665851593 -0.1393473893 0.9291899204 0.2465373427 0.2753641009
-359.5 -459.0 2465.9 0.3005172014 0.9300761819 -0.2112999707 -0.2151638269 0.2819389999 0.9349946380 0.9291899204 -0.2355178446 0.2848462760
-270.7 -88.4 2700.1 -0.8052968383 -0.1062356457 -0.5832760930 -0.0290476661 0.9897032380 -0.1401562095 0.5921598077 -0.0959245414 -0.8000907898
-215.7 -601.2 2749.8 -0.8052968383 0.5443726182 -0.2348520160 -0.0290476661 0.3594225943 0.9327226877 0.5921598077 0.7579405308 -0.2736290991
-101.1 -136.9 2468.8 0 0 0 0 0 0 0 0 0
-54.5 -45.2 2577.8 0 0 0 0 0 0 0 0 0
-398.3 -470.8 2475.7 0 0 0 0 0 0 0 0 0
-420.6 -736.5 2464.5 0 0 0 0 0 0 0 0 0
-137.3 447.8 2487.8 1 0.6199528575 0.3341052532 -0.7099522352 -0.0024328874 0.9056279063 0.4240662456 0.7846353054 -0.2611738443 0.5622594357
-203.1 269.4 2539.2 0.6199528575 0.3341052532 -0.7099522352 -0.0024328874 0.9056279063 0.4240662456 0.7846353054 -0.2611738443 0.5622594357
-265.4 90.8 2589.8 0.6225171089 0.3177876770 -0.7151807547 0.0047179512 0.9123044610 0.4094854891 0.7825919986 -0.2582858801 0.5664258003
-291.7 268.6 2427.8 -0.0169258397 0.0390334353 -0.9990945458 0.9966422915 -0.0794020146 -0.0199864376 -0.0801102594 -0.9960781932 -0.0375584252
-287.8 41.8 2446.1 -0.6435729861 0.0390334353 -0.7643887997 0.7605551481 -0.0794020146 -0.6443998814 -0.0858471468 -0.9960781932 0.0214139111
-114.6 270.2 2650.6 0.1671379805 0.9853138924 -0.0349497274 -0.9655981064 0.1707502604 0.1961241066 0.1992114782 0.0009676036 0.9799560308
-68.9 6.2 2705.1 0.0701238438 0.9853138924 0.1556895524 -0.3994696438 0.1707502604 -0.9007043839 -0.9140605330 0.0009676036 0.4055766463
-379.0 -87.3 2564.7 0.2782787681 -0.0455755331 -0.9594184756 -0.2492542565 0.9612275362 -0.1179575175 0.9275954366 0.2719641924 0.2561292946
-361.1 -463.5 2458.3 0.2580503821 0.1356007755 0.9565680623 -0.0728388950 -0.9845528603 0.1592173576 0.9633818269 -0.1107614636 -0.2441872358
-262.4 -92.1 2702.6 -0.7933346033 -0.1083370969 -0.5990687013 -0.0299081523 0.9897859693 -0.1393886358 0.6080507636 -0.0926647857 -0.7884716392
-206.8 -600.8 2750.2 -0.7933346033 0.5661855936 -0.2237278372 -0.0299081523 0.3308073580 0.9432242513 0.6080507636 0.7549837232 -0.2455073446
-124.3 -151.4 2467.9 0 0 0 0 0 0 0 0 0
-60.1 -43.7 2590.9 0 0 0 0 0 0 0 0 0
-376.8 -349.8 2471.1 0 0 0 0 0 0 0 0 0
-419.8 -725.3 2466.1 0 0 0 0 0 0 0 0 0
-141.0 447.6 2483.0 2 0.6037798524 0.3294016123 -0.7259094119 0.0272898953 0.9015545249 0.4318040311 0.7966838479 -0.2805245817 0.5353510976
-206.0 269.7 2538.4 0.6037798524 0.3294016123 -0.7259094119 0.0272898953 0.9015545249 0.4318040311 0.7966838479 -0.2805245817 0.5353510976
-267.4 92.0 2592.9 0.6063979864 0.3131979108 -0.7308820486 0.0346620567 0.9078766108 0.4178021252 0.7944054604 -0.2786882520 0.5396784544
-292.3 264.7 2425.3 -0.0270937122 0.1064560637 -0.9939482212 0.9958345890 -0.0837220475 -0.0361121185 -0.0870597288 -0.9907864332 -0.1037442908
-286.2 41.5 2444.8 -0.6821919084 0.1064560637 -0.7233818769 0.7187826037 -0.0837220475 -0.6901754737 -0.1340363771 -0.9907864332 -0.0194042660
-119.7 274.8 2651.4 0.1733703017 0.9832085967 -0.0569530874 -0.9574014544 0.1818144321 0.2243344039 0.2309224010 0.0156340469 0.9728465676
-72.3 13.0 2714.6 0.0929530710 0.9832085967 0.1570370644 -0.4252527952 0.1818144321 -0.8866248131 -0.9002887011 0.0156340469 0.4350124300
-383.9 -88.2 2569.7 0.2623498142 -0.0289949980 -0.9645371437 -0.2259128690 0.9699248672 -0.0906042531 0.9381555915 0.2416713536 0.2479092479
-372.5 -467.8 2475.1 0.2810058594 -0.0559945330 0.9580711126 -0.0111272605 -0.9984194636 -0.0550890267 0.9596415162 0.0048196330 -0.2811847925
-271.5 -87.3 2710.9 -0.7894295454 -0.1251995414 -0.6009376049 -0.0524530858 0.9891569614 -0.1371756047 0.6115959883 -0.0767694414 -0.7874368429
-208.0 -588.9 2749.9 -0.7894295454 0.5604006648 -0.2505035400 -0.0524530858 0.3450147212 0.9371304512 0.6115959883 0.7529382110 -0.2429700792
-113.5 -140.4 2478.8 0 0 0 0 0 0 0 0 0
-60.7 -40.1 2602.1 0 0 0 0 0 0 0 0 0
-358.3 -214.0 2473.9 0 0 0 0 0 0 0 0 0
-419.0 -718.8 2466.4 0 0 0 0 0 0 0 0 0
-145.3 448.1 2489.7 3 0.5432588458 0.3196581900 -0.7763301134 0.0601243041 0.9074942470 0.4157394171 0.8374096155 -0.2725304365 0.4737850428
-208.7 268.2 2543.7 0.5432588458 0.3196581900 -0.7763301134 0.0601243041 0.9074942470 0.4157394171 0.8374096155 -0.2725304365 0.4737850428
-270.0 90.2 2597.8 0.5457399487 0.3122003376 -0.7776238322 0.0672558770 0.9086889029 0.4120207727 0.8352512121 -0.2771559656 0.4749105275
-286.3 258.6 2424.9 -0.0259412304 0.1318182498 -0.9909344316 0.9959079623 -0.0824352428 -0.0370373130 -0.0865701139 -0.9878402352 -0.1291403621
-280.3 30.3 2444.8 -0.7349303365 0.1318182498 -0.6652077436 0.6606116891 -0.0824352428 -0.7461880445 -0.1531977654 -0.9878402352 -0.0264965128
-131.2 277.8 2662.4 0.1775504500 0.9750842452 -0.1329906732 -0.9474668503 0.2059048563 0.2447646707 0.2660495937 0.0825461820 0.9604185224
-82.6 18.7 2735.2 0.1681067050 0.9750842452 0.1447439790 -0.4430642128 0.2059048563 -0.8725235462 -0.8805874586 0.0825461820 0.4666389227
-383.5 -88.8 2575.8 0.1995280683 -0.0226718709 -0.9796298146 -0.2296099961 0.9708170891 -0.0692341924 0.9526110291 0.2387469560 0.1884995699
-374.7 -468.9 2482.3 0.2154635638 -0.0527295992 0.9750872254 -0.0197712239 -0.9985719323 -0.0496307611 0.9763116837 -0.0085850460 -0.2161983997
-274.0 -82.5 2719.2 -0.7923578620 -0.1279516369 -0.5964875221 -0.0611755699 0.9894942641 -0.1309909374 0.6069815159 -0.0673012435 -0.7918611169
-207.9 -594.0 2754.0 -0.7923578620 0.5590739846 -0.2441419363 -0.0611755699 0.3253620863 0.9436085224 0.6069815159 0.7626112103 -0.2236015350
-95.0 -136.3 2483.4 0 0 0 0 0 0 0 0 0
-61.6 -36.6 2625.2 0 0 0 0 0 0 0 0 0
-358.0 -154.0 2485.0 0 0 0 0 0 0 0 0 0
-418.4 -716.5 2466.9 0 0 0 0 0 0 0 0 0
-145.5 446.8 2483.5 4 0.6134392023 0.3170967400 -0.7232855558 0.0333845168 0.9046197534 0.4249100983 0.7890360355 -0.2848030627 0.5443431139
-208.2 267.7 2539.9 0.6134392023 0.3170967400 -0.7232855558 0.0333845168 0.9046197534 0.4249100983 0.7890360355 -0.2848030627 0.5443431139
-269.0 90.1 2595.8 0.6154239774 0.3093590736 -0.7249485254 0.0391229689 0.9066331387 0.4201020896 0.7872247100 -0.2869030237 0.5458607078
-295.7 262.2 2428.1 -0.0472045019 0.0825706124 -0.9954666495 0.9955416322 -0.0775835514 -0.0536433533 -0.0816612020 -0.9935607314 -0.0785401911
-284.5 26.4 2447.4 -0.7616112828 0.0825706124 -0.6427521110 0.6380847096 -0.0775835514 -0.7660474777 -0.1131200045 -0.9935607314 0.0064014671
-120.8 273.3 2651.6 0.1766649634 0.9831967950 -0.0459732674 -0.9560936689 0.1825162023 0.2292874902 0.2338255942 0.0034476854 0.9722724557
-72.5 11.9 2715.6 0.0829404145 0.9831967950 0.1626189947 -0.4298080206 0.1825162023 -0.8842809796 -0.8991028666 0.0034476854 0.4377238452
-380.3 -93.8 2576.9 0.2736134529 -0.0060045617 -0.9618210196 -0.2138215601 0.9745784998 -0.0669109672 0.9377718568 0.2239658087 0.2653738856
-377.9 -475.3 2489.2 0.2868969440 -0.0398449115 0.9571324587 -0.0192891695 -0.9991723299 -0.0358131528 0.9577672482 -0.0081876069 -0.2874280512
-282.0 -81.6 2727.3 -0.7850849628 -0.1424993426 -0.6027731895 -0.0836561695 0.9886532426 -0.1247653887 0.6137126684 -0.0475257374 -0.7880977392
-208.7 -590.0 2751.7 -0.7850849628 0.5561525822 -0.2726460695 -0.0836561695 0.3409426808 0.9363545179 0.6137126684 0.7579263449 -0.2211433798
-93.2 -133.8 2475.8 0 0 0 0 0 0 0 0 0
-62.2 -41.8 2603.3 0 0 0 0 0 0 0 0 0
-364.1 -129.6 2492.0 0 0 0 0 0 0 0 0 0
-418.1 -718.4 2466.4 0 0 0 0 0 0 0 0 0
-145.4 448.0 2489.4 5 0.5633272529 0.3296649754 -0.7576169372 0.0460865758 0.9029873610 0.4271883368 0.8249475360 -0.2755627930 0.4934842288
-210.4 269.9 2543.7 0.5633272529 0.3296649754 -0.7576169372 0.0460865758 0.9029873610 0.4271883368 0.8249475360 -0.2755627930 0.4934842288
-273.2 92.5 2598.3 0.5662117004 0.3198489249 -0.7596716285 0.0541167855 0.9052270055 0.4214682281 0.8224813938 -0.2797512114 0.4952409267
-290.9 262.2 2426.9 -0.0098442370 0.0327729285 -0.9994143248 0.9955933690 -0.0928903818 -0.0128526744 -0.0932571962 -0.9951368570 -0.0317140780
-288.6 29.8 2448.7 -0.7626901269 0.0327729285 -0.6459331512 0.6411587000 -0.0928903818 -0.7617656589 -0.0849662721 -0.9951368570 0.0498339310
