-106.3 451.2 2488.3 6 0.6237378120 0.3597766459 -0.6939105988 0.0352160558 0.8739330173 0.4847689271 0.7808399200 -0.3268055022 0.5324351788
-178.2 276.6 2553.6 0.6237378120 0.3597766459 -0.6939105988 0.0352160558 0.8739330173 0.4847689271 0.7808399200 -0.3268055022 0.5324351788
-247.8 104.3 2615.2 0.6211169362 0.3558108509 -0.6982924938 0.0287920181 0.8800386190 0.4740284681 0.7831888199 -0.3145323694 0.5363624096
-266.6 272.6 2442.1 -0.2240447700 -0.1393045634 -0.9645714760 0.9629696012 -0.1839531064 -0.1971059591 -0.1499781758 -0.9730136395 0.1753598005
-213.7 45.0 2477.5 -0.7357902527 -0.1393045634 -0.6627268791 0.6768317223 -0.1839531064 -0.7127833366 -0.0226166975 -0.9730136395 0.2296366543
-89.7 280.7 2665.2 0.1757081449 0.9523424506 -0.2493401021 -0.8315699100 0.2791443169 0.4801770151 0.5268948078 0.1229727194 0.8409872651
-50.2 94.1 2783.4 0.2906500995 0.9523424506 0.0925546363 -0.7081072330 0.2791443169 -0.6485850811 -0.6435112357 0.1229727194 0.7554938793
-375.3 -62.4 2610.3 -0.2519529164 -0.0369173363 -0.9670350552 -0.1888144314 0.9819430113 0.0117075648 0.9491410851 0.1855399311 -0.2543739378
-360.9 -447.0 2537.7 -0.2595600784 0.2007996887 -0.9446206093 -0.2237112820 0.9390360713 0.2610833049 0.9394582510 0.2790890932 -0.1988151371
-262.6 -56.5 2750.1 0.0540669709 -0.2334805131 -0.9708571434 -0.1604312211 0.9576170444 -0.2392308265 0.9855651259 0.1686902940 0.0143178897
-171.5 -430.2 2684.2 0.0540669709 0.3744134605 -0.9256842732 -0.1604312211 0.9182540178 0.3620377481 0.9855651259 0.1289343685 0.1097148284
-26.3 -127.4 2483.3 0 0 0 0 0 0 0 0 0
25.6 -90.7 2615.5 0 0 0 0 0 0 0 0 0
-431.7 -778.0 2439.3 0 0 0 0 0 0 0 0 0
-311.9 -774.7 2635.9 0 0 0 0 0 0 0 0 0
-104.5 452.3 2482.8 7 0.6033720970 0.3677641749 -0.7075956464 0.0554923266 0.8657982349 0.4973067343 0.7955266833 -0.3393271565 0.5019904375
-178.4 278.3 2551.0 0.6033720970 0.3677641749 -0.7075956464 0.0554923266 0.8657982349 0.4973067343 0.7955266833 -0.3393271565 0.5019904375
-249.8 107.3 2614.3 0.5993950367 0.3643429875 -0.7127270103 0.0460451916 0.8732357025 0.4851177931 0.7991279364 -0.3235948384 0.5066368580
-263.8 271.7 2437.2 -0.2123969197 -0.1976279616 -0.9569904804 0.9600798488 -0.2246327400 -0.1666937172 -0.1820280403 -0.9541925192 0.2374499291
-213.4 43.9 2480.4 -0.7320443392 -0.1976279616 -0.6519619226 0.6812008619 -0.2246327400 -0.6967822909 -0.0087483227 -0.9541925192 0.2990654409
-93.1 284.9 2664.8 0.1710385978 0.9541971684 -0.2454660237 -0.8396063447 0.2715244293 0.4704633057 0.5155647993 0.1256274432 0.8475911021
-54.8 97.0 2780.2 0.2889576554 0.9541971684 0.0775321797 -0.7275932431 0.2715244293 -0.6299861670 -0.6221829057 0.1256274432 0.7727264762
-373.6 -70.6 2606.1 -0.2773032784 -0.0253516510 -0.9604479074 -0.1861009002 0.9821370840 0.0278074387 0.9425865412 0.1864513159 -0.2770677805
-363.6 -455.3 2533.0 -0.2824833393 0.2000167370 -0.9381878376 -0.2101182789 0.9413688183 0.2639603913 0.9359772801 0.2716948390 -0.2238938361
-262.0 -65.3 2747.5 0.0408078581 -0.2202967554 -0.9745789170 -0.1554416269 0.9621160030 -0.2239882946 0.9870018363 0.1606306136 0.0050186082
-175.8 -441.5 2684.7 0.0408078581 0.3750310838 -0.9261136055 -0.1554416269 0.9179834127 0.3648894727 0.9870018363 0.1290662438 0.0957563818
-28.0 -128.7 2482.6 0 0 0 0 0 0 0 0 0
21.3 -94.6 2616.4 0 0 0 0 0 0 0 0 0
-432.2 -778.0 2439.9 0 0 0 0 0 0 0 0 0
-316.8 -786.6 2636.2 0 0 0 0 0 0 0 0 0
-101.9 455.3 2480.5 8 0.6379416585 0.3713467121 -0.6746347547 0.0341234431 0.8615609407 0.5065060258 0.7693282962 -0.3461421430 0.5369539261
-176.5 282.2 2550.1 0.6379416585 0.3713467121 -0.6746347547 0.0341234431 0.8615609407 0.5065060258 0.7693282962 -0.3461421430 0.5369539261
-248.2 112.1 2615.4 0.6353491545 0.3666230440 -0.6796461940 0.0280455500 0.8685787320 0.4947569668 0.7717155218 -0.3334044814 0.5415686369
-266.9 278.2 2440.3 -0.2205177099 -0.2022950649 -0.9541743398 0.9612542987 -0.2109753191 -0.1774249375 -0.1654150486 -0.9563295245 0.2409807891
-213.0 43.5 2480.7 -0.7400934100 -0.2022950649 -0.6413567066 0.6724540591 -0.2109753191 -0.7094328403 0.0082043260 -0.9563295245 0.2921755910
-86.1 286.2 2659.9 0.1403929144 0.9580616355 -0.2498154789 -0.8510684967 0.2457068413 0.4640157223 0.5059370399 0.1474655718 0.8498715162
-54.7 96.1 2772.9 0.2840256691 0.9580616355 0.0380442366 -0.7458793521 0.2457068413 -0.6191059351 -0.6024893522 0.1474655718 0.7843854427
-375.3 -67.9 2605.5 -0.2385447174 -0.0308608636 -0.9706410170 -0.1818470210 0.9832351208 0.0134294340 0.9539539218 0.1797116995 -0.2401574999
-363.2 -453.0 2535.1 -0.2482551187 0.1980370581 -0.9482355714 -0.2268485427 0.9397751689 0.2556607425 0.9417585135 0.2785749435 -0.1883795708
-267.3 -59.5 2749.8 0.0212277044 -0.2863690555 -0.9578841925 -0.1548728943 0.9455929399 -0.2861265838 0.9877063036 0.1544241160 -0.0242780373
-155.5 -428.7 2689.5 0.0212277044 0.4093790352 -0.9121174216 -0.1548728943 0.9026567340 0.4015285373 0.9877063036 0.1327387393 0.0825630501
-26.0 -126.5 2478.6 0 0 0 0 0 0 0 0 0
20.4 -101.0 2613.6 0 0 0 0 0 0 0 0 0
-431.7 -778.0 2438.8 0 0 0 0 0 0 0 0 0
-309.5 -768.1 2639.6 0 0 0 0 0 0 0 0 0
-101.2 458.0 2479.4 9 0.6468006968 0.3722583950 -0.6656369567 0.0293584075 0.8599843979 0.5094751120 0.7620937824 -0.3490709066 0.5453096032
-175.9 285.4 2549.5 0.6468006968 0.3722583950 -0.6656369567 0.0293584075 0.8599843979 0.5094751120 0.7620937824 -0.3490709066 0.5453096032
-248.2 115.6 2615.2 0.6436201930 0.3690880239 -0.6704677939 0.0219503306 0.8667710423 0.4982230067 0.7650302052 -0.3353833854 0.5497697592
-267.6 282.3 2440.5 -0.2197059989 -0.1895815432 -0.9569681883 0.9617142677 -0.2068045586 -0.1798263192 -0.1638136208 -0.9598389268 0.2277594805
-213.4 44.9 2481.0 -0.7313239574 -0.1895815432 -0.6551520228 0.6820256710 -0.2068045586 -0.7014790177 -0.0025009371 -0.9598389268 0.2805406153
-84.3 288.5 2658.4 0.1243838891 0.9530326724 -0.2761473954 -0.8455594778 0.2474352419 0.4730802774 0.5191895366 0.1746554971 0.8366227746
-56.2 97.6 2775.6 0.3025459945 0.9530326724 0.0139523689 -0.7512114644 0.2474352419 -0.6119290590 -0.5866406560 0.1746554971 0.7907896042
-377.3 -60.5 2611.0 -0.2293775231 -0.0401944295 -0.9725072384 -0.1936174780 0.9810637236 0.0051189316 0.9538858533 0.1894685626 -0.2328163087
-361.6 -444.8 2536.8 -0.2370568514 0.1966757923 -0.9513793588 -0.2296693623 0.9401886463 0.2515894771 0.9439576268 0.2781437039 -0.1777077615
-262.8 -55.5 2750.3 0.1493822634 -0.2822294235 -0.9476452470 -0.1541233510 0.9400384426 -0.3042592406 0.9766938686 0.1915051937 0.0969269276
-152.5 -422.8 2675.4 0.1493822634 0.4126700163 -0.8985479474 -0.1541233510 0.9073549509 0.3910919726 0.9766938686 0.0800650120 0.1991448253
-27.6 -128.3 2481.6 0 0 0 0 0 0 0 0 0
23.2 -99.6 2621.6 0 0 0 0 0 0 0 0 0
-431.1 -776.9 2438.5 0 0 0 0 0 0 0 0 0
-307.6 -763.8 2645.4 0 0 0 0 0 0 0 0 0
-104.0 456.0 2478.8 0 0.6679469943 0.3497821689 -0.6568859816 0.0284218434 0.8700300455 0.4921787083 0.7436659336 -0.3474192023 0.5711925030
-173.9 282.1 2548.3 0.6679469943 0.3497821689 -0.6568859816 0.0284218434 0.8700300455 0.4921787083 0.7436659336 -0.3474192023 0.5711925030
-242.5 110.9 2614.2 0.6650395393 0.3500068188 -0.6597102880 0.0211749636 0.8741804957 0.4851391912 0.7465078831 -0.3366060853 0.5739532113
-268.6 279.1 2442.0 -0.2394298166 -0.1765370220 -0.9547293186 0.9582864642 -0.2010425180 -0.2031475306 -0.1560781151 -0.9635437727 0.2173086107
-210.6 46.8 2479.8 -0.7214272618 -0.1765370220 -0.6696098447 0.6923812032 -0.2010425180 -0.6929575801 -0.0122873839 -0.9635437727 0.2672684491
-79.2 285.1 2654.6 0.1019953117 0.9644554853 -0.2437675446 -0.8374172449 0.2155128270 0.5022813678 0.5369630456 0.1529047936 0.8296329379
-56.8 100.8 2772.8 0.2640138268 0.9644554853 0.0110616023 -0.7616766095 0.2155128270 -0.6110671163 -0.5917308927 0.1529047936 0.7915015221
-378.6 -56.1 2611.8 -0.1995949894 -0.0469331741 -0.9787538648 -0.2106884718 0.9775454402 -0.0039100191 0.9569599032 0.2054317445 -0.2050014585
-360.2 -439.0 2531.3 -0.2016213685 0.1997454464 -0.9588798285 -0.2202345878 0.9446704388 0.2430936545 0.9543823004 0.2601913810 -0.1464748830
-262.4 -52.1 2749.9 0.0578862242 -0.2549587786 -0.9652177095 -0.1565441191 0.9525602460 -0.2610036433 0.9859731793 0.1662076712 0.0152278198
-162.7 -424.6 2685.0 0.0578862242 0.3887196183 -0.9195358753 -0.1565441191 0.9132202268 0.3761950731 0.9859731793 0.1221714243 0.1137146428
-26.7 -129.7 2482.9 0 0 0 0 0 0 0 0 0
12.3 -98.4 2618.0 0 0 0 0 0 0 0 0 0
-431.6 -776.5 2438.3 0 0 0 0 0 0 0 0 0
-308.8 -767.7 2639.1 0 0 0 0 0 0 0 0 0
-104.6 454.3 2479.1 1 0.6617368460 0.3550615311 -0.6603299975 0.0283569116 0.8682664633 0.4952870011 0.7491997480 -0.3464745581 0.5644954443
-176.0 279.9 2548.7 0.6617368460 0.3550615311 -0.6603299975 0.0283569116 0.8682664633 0.4952870011 0.7491997480 -0.3464745581 0.5644954443
-245.0 108.6 2613.8 0.6585073471 0.3527745008 -0.6647692919 0.0204050131 0.8746329546 0.4843560755 0.7522975802 -0.3325166702 0.5687538981
-269.8 276.9 2441.5 -0.2390093207 -0.1816580594 -0.9538736343 0.9588633180 -0.1990934163 -0.2023437321 -0.1531525850 -0.9629964232 0.2217704356
-212.0 45.4 2478.5 -0.7244634032 -0.1816580594 -0.6649459600 0.6892884970 -0.1990934163 -0.6965939999 -0.0058444501 -0.9629964232 0.2694506943
-82.1 282.8 2655.8 0.1137501672 0.9693012238 -0.2179816514 -0.8317722082 0.2129021138 0.5126672387 0.5433377028 0.1229951009 0.8304554820
-58.0 105.9 2771.4 0.2438529134 0.9693012238 0.0314778984 -0.7683618069 0.2129021138 -0.6035667658 -0.5917397141 0.1229951009 0.7966908216
-371.1 -62.2 2612.6 -0.2080225646 -0.0244549736 -0.9778182507 -0.2082471550 0.9778748751 0.0198464338 0.9556985497 0.2077563852 -0.2085127234
-361.5 -445.1 2531.3 -0.2106919736 0.2013556659 -0.9565901756 -0.2206887752 0.9434962869 0.2472068667 0.9523158073 0.2631932199 -0.1543501616
-251.0 -58.4 2747.5 0.1163103804 -0.2134206593 -0.9700121284 -0.1518890560 0.9613308907 -0.2297230512 0.9815302491 0.1740534008 0.0793964937
-167.5 -434.2 2679.4 0.1163103804 0.3950358629 -0.9112730622 -0.1518890560 0.9137825966 0.3767373860 0.9815302491 0.0945939347 0.1662840247
-27.9 -129.8 2480.0 0 0 0 0 0 0 0 0 0
5.8 -94.8 2616.8 0 0 0 0 0 0 0 0 0
-432.3 -776.9 2438.7 0 0 0 0 0 0 0 0 0
-316.1 -777.9 2643.8 0 0 0 0 0 0 0 0 0
-104.5 453.5 2479.7 2 0.6481477022 0.3582854569 -0.6719643474 0.0343394913 0.8677561879 0.4958023429 0.7607399821 -0.3444280922 0.5501308441
-176.5 279.1 2548.9 0.6481477022 0.3582854569 -0.6719643474 0.0343394913 0.8677561879 0.4958023429 0.7607399821 -0.3444280922 0.5501308441
-246.2 107.8 2613.5 0.6448715329 0.3555085361 -0.6765754819 0.0263434500 0.8743678331 0.4845481217 0.7638368607 -0.3302946389 0.5544896126
-268.4 275.3 2440.1 -0.2497470379 -0.1345619857 -0.9589157701 0.9574879408 -0.1819684356 -0.2238400429 -0.1443720460 -0.9740536809 0.1742875576
-208.6 46.1 2474.6 -0.7250909805 -0.1345619857 -0.6753785014 0.6880683303 -0.1819684356 -0.7024596334 -0.0283732116 -0.9740536809 0.2245315164
-84.7 282.9 2657.7 0.1286698878 0.9746592045 -0.1829849631 -0.8383094072 0.2054779530 0.5049912333 0.5297937393 0.0884208530 0.8435047865
-57.6 106.3 2769.3 0.2170474231 0.9746592045 0.0541280992 -0.7730352283 0.2054779530 -0.6001627445 -0.5960762501 0.0884208530 0.7980443835
-373.6 -64.6 2610.9 -0.2244955301 -0.0300312787 -0.9740122557 -0.1992074698 0.9798315167 0.0157036949 0.9538962841 0.1975559294 -0.2259502411
-361.9 -448.3 2533.5 -0.2298401892 0.2003772408 -0.9523772597 -0.2240220457 0.9414049387 0.2521326542 0.9470943213 0.2713037133 -0.1714837700
-254.6 -60.9 2746.8 0.1830110699 -0.2078648210 -0.9608845711 -0.1511617154 0.9598194957 -0.2364248186 0.9714201093 0.1885173172 0.1442363858
-173.3 -436.5 2673.1 0.1830110699 0.3765518665 -0.9081385732 -0.1511617154 0.9235330224 0.3524724841 0.9714201093 0.0727694184 0.2259369940
-25.9 -127.3 2481.8 0 0 0 0 0 0 0 0 0
-0.9 -95.5 2613.7 0 0 0 0 0 0 0 0 0
-431.9 -777.3 2438.7 0 0 0 0 0 0 0 0 0
-315.0 -783.9 2645.7 0 0 0 0 0 0 0 0 0
-101.9 453.6 2479.5 3 0.6234759688 0.3617560863 -0.6931163669 0.0498474687 0.8663204908 0.4969950318 0.7802518606 -0.3444145620 0.5220973492
-174.8 279.0 2548.9 0.6234759688 0.3617560863 -0.6931163669 0.0498474687 0.8663204908 0.4969950318 0.7802518606 -0.3444145620 0.5220973492
-244.6 107.7 2613.3 0.6202290654 0.3564360142 -0.6987626553 0.0419776067 0.8744426370 0.4833093882 0.7832967639 -0.3290949166 0.5273923874
-263.1 273.0 2437.3 -0.2440931797 -0.1674747169 -0.9551810026 0.9558646679 -0.2076453269 -0.2078608274 -0.1635274291 -0.9637612104 0.2107679844
-203.6 39.9 2477.2 -0.7449131608 -0.1674747169 -0.6457992196 0.6670089364 -0.2076453269 -0.7155295014 -0.0142640704 -0.9637612104 0.2663848698
-86.5 285.0 2660.4 0.1385233402 0.9739936590 -0.1792974770 -0.8544741273 0.2090696692 0.4755668342 0.5006847382 0.0873279423 0.8612134457
-57.1 103.7 2766.6 0.2179525942 0.9739936590 0.0619109757 -0.7592226863 0.2090696692 -0.6163365841 -0.6132516861 0.0873279423 0.7850453258
-374.0 -65.8 2609.2 -0.2522231042 -0.0294566602 -0.9672206640 -0.1914987266 0.9812880158 0.0200522337 0.9485313892 0.1902791560 -0.2531444132
-362.5 -450.1 2534.7 -0.2586398125 0.1981808096 -0.9454257488 -0.2214439660 0.9404991269 0.2577284575 0.9402489066 0.2760176659 -0.1993645728
-257.5 -61.0 2747.2 0.2163771838 -0.2421882004 -0.9457937479 -0.1540316492 0.9481425285 -0.2780287862 0.9640825391 0.2058412433 0.1678517610
-162.8 -431.9 2666.7 0.2163771838 0.3988331854 -0.8911301494 -0.1540316492 0.9152677655 0.3722354174 0.9640825391 0.0567189902 0.2594759762
-16.3 -127.8 2480.8 0 0 0 0 0 0 0 0 0
-0.2 -94.4 2606.6 0 0 0 0 0 0 0 0 0
-431.3 -776.6 2438.9 0 0 0 0 0 0 0 0 0
-312.8 -776.3 2645.4 0 0 0 0 0 0 0 0 0
-102.2 454.3 2479.4 4 0.6066029668 0.3659624755 -0.7057650685 0.0593083240 0.8644441962 0.4992181659 0.7927896380 -0.3446849585 0.5026697516
-175.9 280.2 2548.8 0.6066029668 0.3659624755 -0.7057650685 0.0593083240 0.8644441962 0.4992181659 0.7927896380 -0.3446849585 0.5026697516
-246.4 109.3 2613.4 0.6035131216 0.3599522114 -0.7114818096 0.0519143268 0.8726727366 0.4855380058 0.7956612706 -0.3299646378 0.5079827905
-261.8 272.8 2435.5 -0.2412824035 -0.1615526676 -0.9569135308 0.9567496777 -0.2047306001 -0.2066770643 -0.1625202596 -0.9653942585 0.2039633542
-203.4 41.2 2474.8 -0.7413835526 -0.1615526676 -0.6513456702 0.6708347797 -0.2047306001 -0.7127875090 -0.0181976631 -0.9653942585 0.2601590455
-89.9 287.6 2662.1 0.1560602486 0.9758002758 -0.1531635374 -0.8602915406 0.2104688734 0.4643289447 0.4853284657 0.0593020059 0.8723185062
-56.5 103.4 2766.1 0.2025121599 0.9758002758 0.0824784636 -0.7675578594 0.2104688734 -0.6054401398 -0.6081478000 0.0593020059 0.7916056514
-370.4 -67.3 2607.0 -0.2714287341 -0.0198576543 -0.9622536898 -0.1797968298 0.9832330942 0.0304257888 0.9455155134 0.1812686026 -0.2704480886
-362.7 -452.4 2536.0 -0.2807205319 0.1974245161 -0.9392654300 -0.2228105515 0.9384765625 0.2638506293 0.9335691929 0.2833465338 -0.2194613814
-258.4 -59.7 2748.5 0.1456227154 -0.2302721441 -0.9621687531 -0.1546080858 0.9552902579 -0.2520256042 0.9771848917 0.1854597330 0.1035100222
-168.3 -433.6 2675.9 0.1456227154 0.3871569335 -0.9104413986 -0.1546080858 0.9178501368 0.3655782640 0.9771848917 0.0875250995 0.1935174316
-18.1 -126.5 2479.4 0 0 0 0 0 0 0 0 0
-3.7 -96.9 2607.4 0 0 0 0 0 0 0 0 0
-431.0 -777.5 2437.9 0 0 0 0 0 0 0 0 0
-313.9 -779.0 2643.0 0 0 0 0 0 0 0 0 0
-99.5 456.0 2479.3 5 0.6494489908 0.3706060648 -0.6639782786 0.0251152776 0.8622591496 0.5058442354 0.7599902749 -0.3451960385 0.5506854653
-174.1 282.5 2548.8 0.6494489908 0.3706060648 -0.6639782786 0.0251152776 0.8622591496 0.5058442354 0.7599902749 -0.3451960385 0.5506854653
-245.1 111.9 2613.7 0.6473650932 0.3627314270 -0.6703315377 0.0201897621 0.8710225821 0.4908278883 0.7619126439 -0.3312786520 0.5565461516
-266.1 279.6 2440.4 -0.2599576116 -0.1057999879 -0.9598064423 0.9566658139 -0.1632682681 -0.2411098480 -0.1311965138 -0.9808923602 0.1436580569
-199.8 35.6 2473.9 -0.7603737712 -0.1057999879 -0.6408104897 0.6489649415 -0.1632682681 -0.7430934906 -0.0260047354 -0.9808923602 0.1928053796
-82.0 285.4 2657.1 0.1227113456 0.9797133803 -0.1584410816 -0.8595833778 0.1847157925 0.4764415026 0.4960426986 0.0777285472 0.8648120761
-56.2 104.3 2761.6 0.1940712482 0.9797133803 0.0499800071 -0.7777547836 0.1847157925 -0.6008140445 -0.5978576541 0.0777285472 0.7978248596
-371.4 -66.4 2606.1 -0.2235369980 -0.0226882510 -0.9744313359 -0.1822466105 0.9830708504 0.0189184230 0.9575058222 0.1818157881 -0.2238875628
-362.5 -451.4 2534.9 -0.2339011729 0.1956229508 -0.9523769617 -0.2308857590 0.9403524995 0.2498579621 0.9444479942 0.2783323526 -0.1747829914
-262.4 -57.0 2749.9 -0.1207151636 -0.2244325429 -0.9669839144 -0.1522922367 0.9667628407 -0.2053695619 0.9809357524 0.1224729270 -0.1508822739
-174.7 -434.7 2702.0 -0.1207151636 0.3589107990 -0.9255327582 -0.1522922367 0.9146178961 0.3745412827 0.9809357524 0.1861642748 -0.0557489172
-9.3 -126.9 2480.4 0 0 0 0 0 0 0 0 0
-5.5 -98.6 2605.6 0 0 0 0 0 0 0 0 0
-430.4 -777.7 2438.4 0 0 0 0 0 0 0 0 0
-309.1 -777.2 2632.3 0 0 0 0 0 0 0 0 0
-98.0 458.5 2478.3 6 0.6504389048 0.3726770878 -0.6618466377 0.0225516614 0.8614974618 0.5072607994 0.7592236996 -0.3448678851 0.5519469976
-173.0 285.1 2547.7 0.6504389048 0.3726770878 -0.6618466377 0.0225516614 0.8614974618 0.5072607994 0.7592236996 -0.3448678851 0.5519469976
-244.7 114.7 2612.6 0.6481717825 0.3656988740 -0.6679353714 0.0172356125 0.8698677421 0.4929837584 0.7612990737 -0.3310504556 0.5575206876
-265.3 282.6 2439.3 -0.2591844201 -0.1221344024 -0.9580744505 0.9564779401 -0.1701521724 -0.2370616794 -0.1340650618 -0.9778197408 0.1609196514
-197.5 32.6 2474.4 -0.7684201002 -0.1221344024 -0.6281828880 0.6397616863 -0.1701521724 -0.7495020032 -0.0153467050 -0.9778197408 0.2088852525
-80.8 287.5 2656.1 0.1149350107 0.9808273911 -0.1573772728 -0.8617385030 0.1772565246 0.4753807485 0.4941625893 0.0809801593 0.8655896783
-56.4 105.0 2760.8 0.1895435005 0.9808273911 0.0452871099 -0.7711455822 0.1772565246 -0.6114855409 -0.6077892184 0.0809801593 0.7899585366
-374.5 -60.5 2609.9 -0.2231075019 -0.0341877304 -0.9741941690 -0.1891615540 0.9819059968 0.0088629406 0.9562640786 0.1862574667 -0.2255375981
-361.1 -445.1 2536.9 -0.2322340012 0.1975033879 -0.9523968697 -0.2317012101 0.9397464991 0.2513784170 0.9446597099 0.2790501118 -0.1724793017
-257.7 -56.9 2747.3 -0.1179208383 -0.2237863243 -0.9674783349 -0.1496316642 0.9671560526 -0.2054739594 0.9816848040 0.1205357313 -0.1475333720
-170.2 -435.3 2700.1 -0.1179208383 0.3732934296 -0.9201884270 -0.1496316642 0.9093937278 0.3880894482 0.9816848040 0.1834531426 -0.0513799526
-4.5 -128.2 2478.2 0 0 0 0 0 0 0 0 0
-7.0 -96.3 2602.2 0 0 0 0 0 0 0 0 0
-430.9 -777.2 2438.3 0 0 0 0 0 0 0 0 0
-310.4 -776.8 2631.2 0 0 0 0 0 0 0 0 0
-101.1 459.1 2486.3 7 0.6247820258 0.3605945110 -0.6925453544 0.0342822671 0.8734455705 0.4857135117 0.7800462842 -0.3272070885 0.5333510637
-173.2 284.3 2551.8 0.6247820258 0.3605945110 -0.6925453544 0.0342822671 0.8734455705 0.4857135117 0.7800462842 -0.3272070885 0.5333510637
-243.1 112.2 2613.8 0.6224859953 0.3570590913 -0.6964337826 0.0286761206 0.8788589239 0.4762190878 0.7821053863 -0.3164107502 0.5368383527
-261.8 280.3 2440.4 -0.2542464733 -0.0574703887 -0.9654304385 0.9590481520 -0.1438366771 -0.2440033406 -0.1248413399 -0.9879312515 0.0916868374
-195.3 29.4 2473.1 -0.7758489847 -0.0574703887 -0.6282957196 0.6292046309 -0.1438366771 -0.7638145089 -0.0464752577 -0.9879312515 0.1477561742
-84.6 288.4 2663.1 0.1614018381 0.9815857410 -0.1021706909 -0.8731849790 0.1902825683 0.4487099051 0.4598885477 0.0167913027 0.8878178596
-51.4 108.8 2757.7 0.1657519788 0.9815857410 0.0949509814 -0.8047426343 0.1902825683 -0.5623004436 -0.5700136423 0.0167913027 0.8214636445
-374.8 -57.2 2608.7 -0.2509427071 -0.0353391878 -0.9673566818 -0.1769804657 0.9841639996 0.0099574458 0.9516857266 0.1737019718 -0.2532231212
-361.0 -442.7 2540.6 -0.2625650167 0.1982099712 -0.9443370104 -0.2303354293 0.9375067949 0.2608191669 0.9370193481 0.2859962583 -0.2005016953
-257.8 -54.1 2746.1 -0.0501342826 -0.2491044551 -0.9671781063 -0.1475690752 0.9596143961 -0.2395070195 0.9877802730 0.1307180673 -0.0848696902
-160.3 -429.7 2695.0 -0.0501342826 0.3961331248 -0.9168233871 -0.1475690752 0.9049639702 0.3990784585 0.9877802730 0.1553022861 0.0130872782
0.1 -129.1 2484.8 0 0 0 0 0 0 0 0 0
-8.2 -101.0 2609.2 0 0 0 0 0 0 0 0 0
-431.7 -777.5 2438.5 0 0 0 0 0 0 0 0 0
-309.2 -769.8 2636.6 0 0 0 0 0 0 0 0 0
-98.3 457.1 2481.8 8 0.5874921679 0.3746306598 -0.7172899246 0.0585652739 0.8643780351 0.4994203448 0.8071078062 -0.3354138136 0.4858750105
-173.4 283.9 2549.0 0.5874921679 0.3746306598 -0.7172899246 0.0585652739 0.8643780351 0.4994203448 0.8071078062 -0.3354138136 0.4858750105
-244.5 112.8 2612.4 0.5863238573 0.3631036878 -0.7241408825 0.0558127537 0.8736850619 0.4832797348 0.8081517816 -0.3237747252 0.4919965863
-256.8 275.9 2434.1 -0.2408522367 -0.0961154178 -0.9657908678 0.9583681822 -0.1807912886 -0.2210088223 -0.1533642262 -0.9788137674 0.1356579512
-194.4 27.6 2473.8 -0.7818430066 -0.0961154178 -0.6160222292 0.6223059297 -0.1807912886 -0.7616100311 -0.0381689854 -0.9788137674 0.2011635900
-90.0 291.8 2664.0 0.2275747657 0.9737593532 -0.0015614975 -0.9006109834 0.2110887021 0.3799228370 0.3702830374 -0.0850545540 0.9250168800
-40.4 95.6 2744.6 0.1332245618 0.9737593532 0.1845099777 -0.8317322135 0.2110887021 -0.5134813786 -0.5389552712 -0.0850545540 0.8380292058
-369.2 -62.4 2605.2 -0.2908170521 -0.0265561361 -0.9564100504 -0.1835736632 0.9825916886 0.0285364129 0.9390027523 0.1838705689 -0.2906294167
-358.8 -447.3 2533.1 -0.2948880792 0.2071931064 -0.9327979684 -0.2018428594 0.9406731725 0.2727515101 0.9339702725 0.2687097788 -0.2355728596
-256.8 -57.3 2746.4 -0.0808576047 -0.2388263941 -0.9676900506 -0.1425376534 0.9636608958 -0.2259219289 0.9864811301 0.1196647584 -0.1119610667
-163.3 -434.6 2699.6 -0.0808576047 0.3986406624 -0.9135357738 -0.1425376534 0.9024918675 0.4064375162 0.9864811301 0.1630768180 -0.0161520205
2.8 -129.3 2483.4 0 0 0 0 0 0 0 0 0
-5.7 -121.0 2604.3 0 0 0 0 0 0 0 0 0
-431.6 -777.8 2438.7 0 0 0 0 0 0 0 0 0
-313.3 -774.1 2638.2 0 0 0 0 0 0 0 0 0
-101.9 453.5 2482.0 9 0.6191897988 0.3492076695 -0.7033192515 0.0488659590 0.8768008351 0.4783643484 0.7837194204 -0.3305667043 0.5258417726
-171.5 278.9 2547.9 0.6191897988 0.3492076695 -0.7033192515 0.0488659590 0.8768008351 0.4783643484 0.7837194204 -0.3305667043 0.5258417726
-238.7 105.8 2610.0 0.6169774532 0.3429448903 -0.7083273530 0.0432380475 0.8839254975 0.4656245708 0.7857921720 -0.3179065585 0.5305337906
-259.3 272.6 2436.1 -0.2542305291 -0.0892761648 -0.9630143642 0.9558410645 -0.1749782264 -0.2361154705 -0.1474270523 -0.9805163741 0.1298186332
-193.8 26.5 2474.1 -0.7845913768 -0.0892761648 -0.6135520339 0.6187860966 -0.1749782264 -0.7658239603 -0.0389884189 -0.9805163741 0.1925292611
-83.7 285.1 2659.7 0.2338441014 0.9717547297 0.0317754857 -0.8916888833 0.2013202757 0.4054147303 0.3875666261 -0.1231376901 0.9135804176
-33.4 93.5 2742.9 0.0985545218 0.9717547297 0.2144288868 -0.8203023076 0.2013202757 -0.5353263021 -0.5633747578 -0.1231376901 0.8169736862
-368.5 -63.4 2602.9 -0.2530073225 -0.0251501258 -0.9671373963 -0.1833366454 0.9827948809 0.0224043652 0.9499341846 0.1829801947 -0.2532652318
-358.7 -448.3 2531.2 -0.2588198185 0.2066426426 -0.9435629845 -0.2094513327 0.9416000843 0.2636653483 0.9429435134 0.2658723295 -0.2004231811
-262.7 -53.3 2748.7 -0.1553534716 -0.2731801271 -0.9493355155 -0.1495767385 0.9564279318 -0.2507436275 0.9764692187 0.1030446216 -0.1894457936
-155.8 -427.5 2708.4 -0.1553534716 0.4050896466 -0.9009814858 -0.1495767385 0.8918930888 0.4267944694 0.9764692187 0.2010698915 -0.0779667050
4.1 -129.6 2483.9 0 0 0 0 0 0 0 0 0
-7.8 -120.2 2596.2 0 0 0 0 0 0 0 0 0
-431.2 -778.9 2437.9 0 0 0 0 0 0 0 0 0
-308.2 -763.0 2632.7 0 0 0 0 0 0 0 0 0
-107.4 452.0 2488.2 0 0.5838106275 0.3463860452 -0.7342900634 0.0681937858 0.8803037405 0.4694836736 0.8090208769 -0.3241635859 0.4903093278
-176.7 275.8 2553.0 0.5838106275 0.3463860452 -0.7342900634 0.0681937858 0.8803037405 0.4694836736 0.8090208769 -0.3241635859 0.4903093278
-243.6 102.3 2614.3 0.5815668702 0.3413816988 -0.7384026647 0.0624305494 0.8862814307 0.4589200914 0.8110994697 -0.3129916191 0.4941192865
-259.5 266.9 2437.6 -0.2620972693 -0.0945364311 -0.9603998661 0.9554783106 -0.1651767045 -0.2444950789 -0.1355219930 -0.9817227125 0.1336198747
-193.5 26.3 2471.8 -0.7860437632 -0.0945364311 -0.6108993888 0.6175270081 -0.1651767045 -0.7690104246 -0.0282068513 -0.9817227125 0.1882149130
-94.0 284.7 2668.4 0.3068623841 0.9482036233 0.0821303129 -0.8909721971 0.2558498681 0.3751124740 0.3346699774 -0.1882837415 0.9233337641
-28.3 93.9 2740.0 0.1149112061 0.9482036233 0.2961508632 -0.8288342357 0.2558498681 -0.4975687861 -0.5475666523 -0.1882837415 0.8153036237
-361.5 -71.3 2601.3 -0.2906164229 0.0000801674 -0.9568396211 -0.1827521175 0.9815862179 0.0555886887 0.9392250776 0.1910194606 -0.2852504551
-361.6 -455.6 2526.5 -0.2926066518 0.2042820156 -0.9341574907 -0.1918994635 0.9444953799 0.2666514814 0.9367795587 0.2572883070 -0.2371640205
-264.2 -60.6 2751.5 -0.2734754384 -0.2747513950 -0.9218041301 -0.1228225157 0.9604666829 -0.2498368025 0.9540051222 0.0448940732 -0.2964096963
-161.4 -420.2 2734.7 -0.2734754384 0.3816479743 -0.8829246759 -0.1228225157 0.8965472579 0.4255791903 0.9540051222 0.2248284966 -0.1983086914
4.8 -129.4 2478.9 0 0 0 0 0 0 0 0 0
1.7 -122.1 2597.3 0 0 0 0 0 0 0 0 0
-431.2 -777.7 2438.8 0 0 0 0 0 0 0 0 0
-304.9 -757.5 2650.1 0 0 0 0 0 0 0 0 0
-113.3 448.8 2493.2 1 0.5464102626 0.3342319727 -0.7679353952 0.0885467529 0.8887252212 0.4498076737 0.8328236938 -0.3137777150 0.4560134411
-179.7 272.3 2555.5 0.5464102626 0.3342319727 -0.7679353952 0.0885467529 0.8887252212 0.4498076737 0.8328236938 -0.3137777150 0.4560134411
-245.1 97.8 2615.4 0.5440127850 0.3345734775 -0.7694872618 0.0821654946 0.8914150000 0.4456771314 0.8350442648 -0.3056793809 0.4574507773
-257.0 260.7 2436.7 -0.2601428330 -0.0818450898 -0.9620951414 0.9555445910 -0.1650341898 -0.2443322241 -0.1387812048 -0.9828860760 0.1211391017
-192.9 25.0 2471.0 -0.7876561284 -0.0818450898 -0.6106547117 0.6149625182 -0.1650341898 -0.7710932493 -0.0376687087 -0.9828860760 0.1803218573
-102.3 284.0 2674.3 0.3600263298 0.9262587428 0.1114708111 -0.8862134814 0.3022032380 0.3511394262 0.2915591300 -0.2252063751 0.9296641350
-23.4 89.7 2738.2 0.1295591146 0.9262587428 0.3539196849 -0.8164398074 0.3022032380 -0.4920358360 -0.5627081990 -0.2252063751 0.7953876853
-362.9 -77.0 2602.4 -0.3272829354 0.0020064795 -0.9449242353 -0.1734998375 0.9828689694 0.0621802658 0.9288614988 0.1842947453 -0.3213281035
-363.7 -461.9 2530.2 -0.3330522478 0.1968533248 -0.9221306443 -0.2005032450 0.9408125281 0.2732585967 0.9213439226 0.2758995891 -0.2738699913
-265.0 -64.3 2752.9 -0.0306294803 -0.2599731088 -0.9651299715 -0.1471538693 0.9562342167 -0.2529067993 0.9886392355 0.1342762113 -0.0675450042
-165.8 -429.1 2701.7 -0.0306294803 0.3887740672 -0.9208238721 -0.1471538693 0.9094635248 0.3888725042 0.9886392355 0.1474137604 0.0293532144
5.1 -129.5 2480.4 0 0 0 0 0 0 0 0 0
10.4 -123.2 2591.5 0 0 0 0 0 0 0 0 0
-430.1 -779.3 2437.1 0 0 0 0 0 0 0 0 0
-311.7 -770.4 2646.4 0 0 0 0 0 0 0 0 0
-104.6 454.7 2487.7 2 0.5582600832 0.3585838079 -0.7481733561 0.0734224468 0.8768858910 0.4750582278 0.8264108300 -0.3201387525 0.4632022679
-176.3 279.4 2551.7 0.5582600832 0.3585838079 -0.7481733561 0.0734224468 0.8768858910 0.4750582278 0.8264108300 -0.3201387525 0.4632022679
-245.4 106.6 2612.5 0.5562142730 0.3531289101 -0.7522802949 0.0683645755 0.8827174902 0.4649043977 0.8282221556 -0.3100157976 0.4668385684
-255.4 269.7 2433.8 -0.2453840822 -0.0890211090 -0.9653299451 0.9587044120 -0.1699714959 -0.2280254066 -0.1437795013 -0.9814198613 0.1270532310
-192.5 24.0 2470.7 -0.7897397280 -0.0890211090 -0.6069484353 0.6124745607 -0.1699714959 -0.7720003724 -0.0344396085 -0.9814198613 0.1887564063
-97.1 289.1 2669.6 0.3508089483 0.9292923808 0.1155366451 -0.8955065012 0.2968271077 0.3316048980 0.2738634944 -0.2197937816 0.9363169670
-20.6 93.8 2729.4 0.1347202063 0.9292923808 0.3438983858 -0.8265023232 0.2968271077 -0.4783174992 -0.5465751886 -0.2197937816 0.8080509305
-359.7 -84.2 2599.9 -0.3200270832 0.0153866094 -0.9472834468 -0.1655196398 0.9835824370 0.0718948171 0.9328375459 0.1798022985 -0.3122262359
-365.7 -469.4 2529.5 -0.3284175098 0.1965960711 -0.9238462448 -0.2044789195 0.9401052594 0.2727461159 0.9221335649 0.2784816921 -0.2685472965
-265.1 -68.7 2752.7 -0.2430472076 -0.2489969730 -0.9375119209 -0.1488977224 0.9646151066 -0.2175941020 0.9585183859 0.0867077485 -0.2715220749
-168.9 -441.3 2719.2 -0.2430472076 0.3894039989 -0.8884214163 -0.1488977224 0.8900532126 0.4308534861 0.9585183859 0.2370016575 -0.1583435833
5.2 -129.4 2479.3 0 0 0 0 0 0 0 0 0
14.5 -121.8 2586.8 0 0 0 0 0 0 0 0 0
-430.6 -779.8 2437.6 0 0 0 0 0 0 0 0 0
-314.7 -774.5 2630.5 0 0 0 0 0 0 0 0 0
-107.3 449.8 2483.5 3 0.5512744188 0.3593308032 -0.7529793382 0.0896487609 0.8717656136 0.4816510975 0.8294935822 -0.3330256045 0.4483685493
-178.8 276.2 2549.8 0.5512744188 0.3593308032 -0.7529793382 0.0896487609 0.8717656136 0.4816510975 0.8294935822 -0.3330256045 0.4483685493
-248.2 104.3 2613.0 0.5489435196 0.3545029163 -0.7569601536 0.0839363262 0.8776500821 0.4718951285 0.8316343427 -0.3225802183 0.4520246685
-257.0 264.2 2431.4 -0.2471107692 -0.0980729312 -0.9640113711 0.9554588199 -0.1903229952 -0.2255560905 -0.1613525897 -0.9768105745 0.1407355070
-196.6 30.9 2470.8 -0.7729745507 -0.0980729312 -0.6268110275 0.6327899694 -0.1903229952 -0.7505691051 -0.0456860363 -0.9768105745 0.2091743946
-100.7 288.1 2668.3 0.3987906873 0.9129091501 0.0869649351 -0.8314078450 0.3199074864 0.4543349445 0.3869457841 -0.2534878552 0.8865759373
-18.0 115.9 2748.4 0.1385151744 0.9129091501 0.3839406967 -0.8270092010 0.3199074864 -0.4622931778 -0.5448571444 -0.2534878552 0.7992963195
-364.7 -72.4 2598.5 -0.3278620243 -0.0058985990 -0.9447072148 -0.1604246646 0.9858050942 0.0495204069 0.9310050607 0.1677902043 -0.3241543174
-362.4 -458.4 2532.8 -0.3371687233 0.1991117001 -0.9201477170 -0.2029095888 0.9390382767 0.2775513828 0.9193176627 0.2802884579 -0.2762126625
-266.1 -59.8 2749.1 -0.1440795064 -0.2707468867 -0.9518073201 -0.1466125548 0.9570683241 -0.2500499785 0.9786449075 0.1035198346 -0.1775888354
-160.8 -431.9 2708.8 -0.1440795064 0.3981574774 -0.9059314132 -0.1466125548 0.8967909217 0.4174575210 0.9786449075 0.1929679960 -0.0708343163
-3.9 -126.9 2482.2 0 0 0 0 0 0 0 0 0
17.7 -97.4 2607.9 0 0 0 0 0 0 0 0 0
-430.5 -779.7 2436.9 0 0 0 0 0 0 0 0 0
-310.2 -768.3 2636.4 0 0 0 0 0 0 0 0 0
-110.2 451.4 2497.9 4 0.5289813876 0.3494066298 -0.7733651996 0.0767707899 0.8878671527 0.4536498189 0.8451538086 -0.2993441522 0.4428409636
-179.5 275.2 2557.3 0.5289813876 0.3494066298 -0.7733651996 0.0767707899 0.8878671527 0.4536498189 0.8451538086 -0.2993441522 0.4428409636
-248.0 101.1 2614.8 0.5270961523 0.3503153324 -0.7742407918 0.0719824210 0.8894004822 0.4514258206 0.8467515707 -0.2936765552 0.4435830414
-254.6 265.0 2436.7 -0.2515630126 -0.0750871822 -0.9649237990 0.9588106871 -0.1552084386 -0.2378914803 -0.1319017112 -0.9850239754 0.1110391021
-193.9 33.4 2468.6 -0.7663693428 -0.0750871822 -0.6379967928 0.6409875154 -0.1552084386 -0.7516949773 -0.0425798297 -0.9850239754 0.1670769304
-104.4 285.4 2677.9 0.4799814224 0.8551797867 0.1956664324 -0.8165814281 0.3539980650 0.4559387863 0.3206441104 -0.3786197007 0.8682364225
-7.3 120.1 2742.8 0.1067324430 0.8551797867 0.5072235465 -0.8350698948 0.3539980650 -0.4211219251 -0.5396910906 -0.3786197007 0.7519179583
-367.2 -75.1 2601.1 -0.3487974405 -0.0083998218 -0.9371604919 -0.1658838093 0.9847247005 0.0529133901 0.9224005938 0.1739158034 -0.3448628783
-364.0 -460.8 2533.0 -0.3563345373 0.1963582039 -0.9134928584 -0.2008791715 0.9387070537 0.2801368535 0.9125093222 0.2833241224 -0.2950494587
-269.0 -59.8 2751.8 -0.0931124836 -0.2879761457 -0.9531000853 -0.1522572041 0.9501182437 -0.2722005248 0.9839450121 0.1197710857 -0.1323143095
-156.6 -430.5 2705.1 -0.0931124836 0.4076082408 -0.9083972573 -0.1522572041 0.8958008289 0.4175627232 0.9839450121 0.1771903187 -0.0213489532
-2.0 -127.1 2479.3 0 0 0 0 0 0 0 0 0
20.1 -94.5 2604.2 0 0 0 0 0 0 0 0 0
-430.5 -778.9 2436.9 0 0 0 0 0 0 0 0 0
-309.8 -767.1 2638.5 0 0 0 0 0 0 0 0 0
-111.2 448.8 2487.6 5 0.5777593851 0.3503608406 -0.7371847630 0.0673900992 0.8796230555 0.4708734751 0.8134203553 -0.3217305243 0.4845996499
-180.7 274.3 2551.4 0.5777593851 0.3503608406 -0.7371847630 0.0673900992 0.8796230555 0.4708734751 0.8134203553 -0.3217305243 0.4845996499
-249.5 101.5 2612.6 0.5747146606 0.3518593609 -0.7388491035 0.0597502850 0.8823965192 0.4666972160 0.8161696792 -0.3123641908 0.4861025512
-262.5 265.8 2435.4 -0.2879145741 -0.1449134350 -0.9466283917 0.9458938241 -0.1974825561 -0.2574597597 -0.1496332139 -0.9695363641 0.1939308196
-191.8 33.8 2472.1 -0.7657914758 -0.1449134350 -0.6265489459 0.6428776383 -0.1974825561 -0.7400736213 -0.0164858755 -0.9695363641 0.2443920672
-99.0 282.7 2667.5 0.4707037210 0.8482983112 0.2425447255 -0.8232293725 0.3233832717 0.4666011631 0.3173820674 -0.4193008542 0.8505617976
1.4 107.2 2735.2 0.0778441727 0.8482983112 0.5237654448 -0.8594100475 0.3233832717 -0.3960273266 -0.5053262711 -0.4193008542 0.7542096376
-364.2 -79.5 2595.9 -0.3003607392 0.0000390173 -0.9538256526 -0.1587387174 0.9860523939 0.0500273295 0.9405240417 0.1664353013 -0.2961652279
-364.2 -465.7 2530.7 -0.3118101656 0.2002612799 -0.9288002253 -0.2105231881 0.9386771917 0.2730662227 0.9265281558 0.2806788087 -0.2505294383
-269.4 -66.5 2749.1 -0.0904359072 -0.2758770287 -0.9569290280 -0.1529193968 0.9533182979 -0.2603842020 0.9840919971 0.1227849275 -0.1284011453
-161.6 -439.1 2701.1 -0.0904359072 0.4066860676 -0.9090807438 -0.1529193968 0.8963255882 0.4161924124 0.9840919971 0.1766548157 -0.0188698284
0.7 -127.9 2476.2 0 0 0 0 0 0 0 0 0
21.3 -113.0 2605.7 0 0 0 0 0 0 0 0 0
-431.0 -778.6 2437.1 0 0 0 0 0 0 0 0 0
-314.6 -776.4 2634.6 0 0 0 0 0 0 0 0 0
-113.3 448.1 2482.9 6 0.5927237272 0.3296706975 -0.7348440886 0.0821449086 0.8828871250 0.4623446763 0.8012058139 -0.3344063461 0.4962273538
-178.9 272.6 2549.4 0.5927237272 0.3296706975 -0.7348440886 0.0821449086 0.8828871250 0.4623446763 0.8012058139 -0.3344063461 0.4962273538
-244.5 99.6 2613.6 0.5898045301 0.3353591561 -0.7346189022 0.0743921995 0.8832609057 0.4629427493 0.8041121960 -0.3276956379 0.4960031509
-262.8 262.0 2435.0 -0.2994409204 -0.1295889765 -0.9452733994 0.9432195425 -0.1895018667 -0.2728112042 -0.1437777430 -0.9732912183 0.1789754629
-190.5 34.2 2469.7 -0.7646469474 -0.1295889765 -0.6312857866 0.6440177560 -0.1895018667 -0.7411680818 -0.0235826168 -0.9732912183 0.2283596247
-94.9 283.2 2663.9 0.4683600962 0.8335698247 0.2929166257 -0.8300914168 0.3015866876 0.4690348804 0.3026335835 -0.4628247917 0.8331903219
9.1 98.7 2731.1 0.0566713214 0.8335698247 0.5494994521 -0.8800879121 0.3015866876 -0.3667297959 -0.4714166224 -0.4628247917 0.7507060766
-370.1 -76.7 2600.2 -0.2798989117 -0.0175283086 -0.9598694444 -0.1655040830 0.9857447743 0.0302603357 0.9456558824 0.1673321426 -0.2788098752
-363.2 -462.7 2534.6 -0.2934041917 0.2012906522 -0.9345566034 -0.2259174287 0.9352927804 0.2723760307 0.9289107919 0.2910488844 -0.2289437801
-266.6 -65.9 2747.6 -0.1569310278 -0.2390401512 -0.9582444429 -0.1503851563 0.9647356868 -0.2160309553 0.9760926962 0.1102037802 -0.1873450428
-173.1 -443.1 2704.5 -0.1569310278 0.3706829846 -0.9154052734 -0.1503851563 0.9071120024 0.3931057751 0.9760926962 0.1993538439 -0.0866087973
2.7 -128.5 2475.7 0 0 0 0 0 0 0 0 0
23.6 -126.5 2610.5 0 0 0 0 0 0 0 0 0
-430.9 -777.4 2436.7 0 0 0 0 0 0 0 0 0
-312.5 -784.3 2629.5 0 0 0 0 0 0 0 0 0
-106.2 448.9 2481.1 7 0.5951344967 0.3428232372 -0.7268336415 0.0843017325 0.8728197217 0.4807066619 0.7991921902 -0.3473584652 0.4905445576
-174.8 274.3 2550.6 0.5951344967 0.3428232372 -0.7268336415 0.0843017325 0.8728197217 0.4807066619 0.7991921902 -0.3473584652 0.4905445576
-241.6 102.7 2617.1 0.5932451487 0.3414491415 -0.7290217280 0.0794721320 0.8763283491 0.4751134515 0.8010894656 -0.3397956789 0.4927418530
-259.3 263.0 2436.5 -0.2888053954 -0.1729563177 -0.9416355491 0.9455950260 -0.2054294050 -0.2522872090 -0.1498049647 -0.9632678032 0.2228757441
-189.1 33.2 2472.9 -0.7655225396 -0.1729563177 -0.6197268367 0.6434090734 -0.2054294050 -0.7374439240 0.0002354659 -0.9632678032 0.2685424984
-90.3 285.6 2664.7 0.4550405741 0.8358731866 0.3070082963 -0.8426464200 0.2927326262 0.4519453347 0.2878976166 -0.4643529356 0.8375507593
12.8 94.6 2730.0 0.0738916919 0.8358731866 0.5439265370 -0.8982403874 0.2927326262 -0.3278289437 -0.4332484603 -0.4643529356 0.7724455595
-363.3 -80.0 2605.1 -0.2777482271 -0.0013143235 -0.9606530070 -0.1799071431 0.9823776484 0.0506715029 0.9436573982 0.1869022548 -0.2730901241
-362.8 -464.6 2531.9 -0.2867150903 0.2059516460 -0.9356165528 -0.2197091132 0.9364534020 0.2734646201 0.9324818254 0.2839699090 -0.2232458740
-256.9 -66.6 2750.4 -0.1396188289 -0.2135593593 -0.9669017196 -0.1503630280 0.9697148204 -0.1924685389 0.9787223935 0.1185140461 -0.1675018817
-173.3 -445.9 2704.0 -0.1396188289 0.3736004233 -0.9170219898 -0.1503630280 0.9073541760 0.3925548494 0.9787223935 0.1926942468 -0.0705080330
3.7 -128.8 2472.9 0 0 0 0 0 0 0 0 0
31.7 -135.1 2619.2 0 0 0 0 0 0 0 0 0
-431.4 -776.9 2437.2 0 0 0 0 0 0 0 0 0
-314.0 -787.4 2631.5 0 0 0 0 0 0 0 0 0
-102.7 447.1 2481.2 8 0.5862479806 0.3525753021 -0.7293860316 0.0917409956 0.8656462431 0.4921789765 0.8049204350 -0.3554535210 0.4751377404
-173.0 274.4 2552.1 0.5862479806 0.3525753021 -0.7293860316 0.0917409956 0.8656462431 0.4921789765 0.8049204350 -0.3554535210 0.4751377404
-240.9 103.8 2620.2 0.5851005316 0.3466852307 -0.7331212163 0.0888910964 0.8711511493 0.4829016924 0.8060742617 -0.3477139771 0.4788937867
-256.3 261.8 2437.3 -0.2797850370 -0.1991297901 -0.9391845465 0.9472804070 -0.2163583338 -0.2363236099 -0.1561413407 -0.9557909966 0.2491655797
-188.8 33.0 2475.0 -0.7659477592 -0.1991297901 -0.6112866998 0.6427485943 -0.2163583338 -0.7348899841 0.0140815182 -0.9557909966 0.2937095761
-89.6 287.1 2666.9 0.4518024027 0.8397162557 0.3012494743 -0.8447300196 0.2940829396 0.4471537173 0.2868899107 -0.4564995766 0.8422008753
15.0 91.4 2733.4 0.0789633244 0.8397162557 0.5372536182 -0.8978525400 0.2940829396 -0.3276828825 -0.4331577420 -0.4564995766 0.7771630883
-362.0 -76.1 2611.3 -0.2878303826 0.0005243258 -0.9576812387 -0.1753936857 0.9830570817 0.0532526597 0.9414832592 0.1832989901 -0.2828617394
-362.2 -461.1 2539.5 -0.3012280464 0.2019076645 -0.9319307804 -0.2348835021 0.9315001965 0.2777357697 0.9241706729 0.3025569618 -0.2331691831
-256.9 -61.2 2758.3 -0.1263693571 -0.2086963058 -0.9697817564 -0.1506053656 0.9703226089 -0.1891877651 0.9804839492 0.1221468002 -0.1540498435
-173.9 -447.0 2709.7 -0.1263693571 0.3707566559 -0.9200925231 -0.1506053656 0.9096054435 0.3872155845 0.9804839492 0.1875030696 -0.0591083206
4.3 -129.0 2471.4 0 0 0 0 0 0 0 0 0
35.2 -138.4 2622.5 0 0 0 0 0 0 0 0 0
-430.7 -776.9 2436.9 0 0 0 0 0 0 0 0 0
-313.5 -789.5 2639.1 0 0 0 0 0 0 0 0 0
-102.5 444.5 2480.2 9 0.6059702635 0.3583879471 -0.7101817131 0.0746109039 0.8632217050 0.4992810190 0.7919805646 -0.3555367589 0.4963470399
-173.9 272.3 2551.1 0.6059702635 0.3583879471 -0.7101817131 0.0746109039 0.8632217050 0.4992810190 0.7919805646 -0.3555367589 0.4963470399
-243.7 102.5 2619.4 0.6043812633 0.3562104404 -0.7126271129 0.0707636625 0.8669418097 0.4933603406 0.7935463190 -0.3486058712 0.4987566173
-260.0 262.2 2438.1 -0.2796018720 -0.2387939394 -0.9299463630 0.9448414445 -0.2405173630 -0.2223196477 -0.1705796570 -0.9408128858 0.2928715348
-190.9 28.7 2480.3 -0.7777920961 -0.2387939394 -0.5813921690 0.6274307370 -0.2405173630 -0.7405957580 0.0370148644 -0.9408128858 0.3368991613
-87.9 282.4 2664.2 0.4516614676 0.8400344253 0.3005729914 -0.8373084068 0.2827657163 0.4679296911 0.3080852926 -0.4630180895 0.8310822248
