241.8 381.9 2480.3 86 0.4653237164 0.7299141884 -0.5006986260 -0.3657086492 0.6736717820 0.6422020793 0.8060589433 -0.1157220379 0.5804114342
98.5 249.7 2503.0 0.4653237164 0.7299141884 -0.5006986260 -0.3657086492 0.6736717820 0.6422020793 0.8060589433 -0.1157220379 0.5804114342
-12.4 91.0 2534.7 0.5698907971 0.5636996627 -0.5978856087 -0.2456810772 0.8112064600 0.5306457281 0.7841334939 -0.1555209309 0.6007894278
20.2 283.6 2393.6 0.1497711688 0.2563413680 -0.9549124241 0.9439677000 0.2502089739 0.2152218968 0.2940979302 -0.9336404800 -0.2045038939
-15.8 56.5 2322.8 -0.6467751265 0.2563413680 -0.7183112502 0.7622136474 0.2502089739 -0.5970140696 0.0266884975 -0.9336404800 -0.3572158217
176.9 215.7 2612.4 0.2289232463 0.9493855238 -0.2150844038 -0.7118461132 0.3139759600 0.6282469630 0.6639798880 0.0092866626 0.7476927638
254.9 -26.8 2838.6 0.0026425114 0.9493855238 0.3141021729 0.0215803292 0.3139759600 -0.9491856694 -0.9997636080 0.0092866626 -0.0196583681
-153.3 -49.5 2485.5 0.6075157523 0.1205584779 -0.7851052284 -0.0841526240 0.9926207066 0.0873065069 0.7898373008 0.0130285863 0.6131780744
-200.2 -435.8 2480.4 0.6082059145 0.0815577507 -0.7895783186 -0.0759762377 0.9961220026 0.0443683378 0.7901349068 0.0330041014 0.6120437384
-50.9 -80.6 2626.3 0.2320806533 -0.0993234888 -0.9676122069 -0.0471429788 0.9924553633 -0.1131807789 0.9715534449 0.0718831941 0.2256472856
-11.7 -471.5 2598.0 0.2446225882 0.1336996406 -0.9603562951 0.0388747416 0.9882989526 0.1474919915 0.9688387513 -0.0734134763 0.2365627140
157.2 -147.3 2315.7 0 0 0 0 0 0 0 0 0
255.6 -21.0 2571.2 0 0 0 0 0 0 0 0 0
-226.3 -753.7 2469.9 0 0 0 0 0 0 0 0 0
-45.7 -722.5 2616.6 0 0 0 0 0 0 0 0 0
247.3 372.9 2496.5 87 0.4407053888 0.7220912576 -0.5332568884 -0.3947898746 0.6894357800 0.6073048711 0.8061759472 -0.0571181029 0.5889124274
106.0 238.0 2507.7 0.4407053888 0.7220912576 -0.5332568884 -0.3947898746 0.6894357800 0.6073048711 0.8061759472 -0.0571181029 0.5889124274
-17.9 86.6 2526.0 0.5087499619 0.6294789910 -0.5873070955 -0.3212282360 0.7717198730 0.5488723516 0.7987401485 -0.0905791670 0.5948188901
35.8 282.6 2396.2 0.2096834183 0.2515369952 -0.9448608160 0.9296489954 0.2481335104 0.2723647058 0.3029614389 -0.9354992509 -0.1818116307
-17.1 48.0 2319.8 -0.6862611175 0.2515369952 -0.6824769378 0.7273068428 0.2481335104 -0.6398863196 0.0083903167 -0.9354992509 -0.3532289565
176.2 193.4 2619.2 0.1431398988 0.9682767391 -0.2048197836 -0.7565112114 0.2404792458 0.6081615686 0.6381235719 0.0678962842 0.7669343948
225.1 -64.7 2836.9 0.0546422414 0.9682767391 0.2438327223 0.0613685809 0.2404792458 -0.9687123299 -0.9966183305 0.0678962842 -0.0462814458
-173.3 -47.2 2489.6 0.5719182491 0.0734125674 -0.8170190454 -0.0592100061 0.9970839024 0.0481447838 0.8181709051 0.0208408199 0.5745972395
-202.3 -441.0 2481.3 0.5709320307 0.0751959682 -0.8175464272 -0.0730116889 0.9965015650 0.0406682566 0.8177443743 0.0364716351 0.5744248629
-74.5 -90.6 2633.7 0.1726725250 -0.1534364671 -0.9729549885 -0.0554825217 0.9847088456 -0.1651366800 0.9834154248 0.0824965611 0.1615191251
-13.9 -480.0 2601.1 0.1854999363 0.1297492534 -0.9740405083 0.0364215001 0.9896553159 0.1387654990 0.9819690585 -0.0612170063 0.1788553298
164.2 -144.2 2317.6 0 0 0 0 0 0 0 0 0
239.7 -48.3 2570.2 0 0 0 0 0 0 0 0 0
-226.0 -754.7 2469.8 0 0 0 0 0 0 0 0 0
-45.7 -723.2 2616.1 0 0 0 0 0 0 0 0 0
255.2 371.2 2503.7 88 0.4727336466 0.7100160122 -0.5219197273 -0.4327860773 0.7029962540 0.5643513203 0.7676060796 -0.0409082882 0.6396149993
115.2 232.6 2511.7 0.4727336466 0.7100160122 -0.5219197273 -0.4327860773 0.7029962540 0.5643513203 0.7676060796 -0.0409082882 0.6396149993
-13.7 83.5 2524.0 0.5174909234 0.6515313983 -0.5547161102 -0.3848184049 0.7562139630 0.5292024612 0.7642760873 -0.0603924878 0.6420550942
43.3 286.3 2404.9 0.2278026491 0.2671625912 -0.9363386631 0.9158531427 0.2677405477 0.2992122769 0.3306341469 -0.9257100821 -0.1836896986
-17.0 44.1 2317.4 -0.7026560903 0.2671625912 -0.6594684124 0.7115232944 0.2677405477 -0.6496534348 0.0030033414 -0.9257100821 -0.3782219291
187.2 178.9 2618.5 0.1349166036 0.9769833684 -0.1652301252 -0.7991442680 0.2058760971 0.5647861958 0.5858036876 0.0558436736 0.8085267544
233.4 -94.8 2819.1 0.0310415290 0.9769833684 0.2110448033 0.1217906848 0.2058760971 -0.9709696770 -0.9920702577 0.0558436736 -0.1125967652
-187.1 -36.5 2468.8 0.5970026255 0.0339209996 -0.8015218377 -0.0195706915 0.9994241595 0.0277194101 0.8020005226 -0.0008622244 0.5973227024
-200.6 -432.2 2469.2 0.5951032043 0.0779649839 -0.7998585105 -0.0466887392 0.9969561100 0.0624398552 0.8022919297 0.0001862303 0.5969318151
-97.2 -94.2 2614.9 0.1749998480 -0.2051527798 -0.9629576206 -0.0017350396 0.9779846668 -0.2086695135 0.9845669270 0.0381879024 0.1707912087
-16.1 -481.1 2599.8 0.1802686602 0.1210603341 -0.9761391282 0.0401029214 0.9906674623 0.1302681416 0.9827995300 -0.0626292974 0.1737314165
166.7 -142.0 2316.7 0 0 0 0 0 0 0 0 0
241.7 -62.2 2553.5 0 0 0 0 0 0 0 0 0
-225.9 -755.7 2469.1 0 0 0 0 0 0 0 0 0
-45.8 -724.7 2615.2 0 0 0 0 0 0 0 0 0
253.6 368.2 2500.2 89 0.4951466322 0.7065274119 -0.5056172609 -0.4313804507 0.7050895095 0.5628141165 0.7541490197 -0.0605621040 0.6539047956
114.2 229.1 2512.2 0.4951466322 0.7065274119 -0.5056172609 -0.4313804507 0.7050895095 0.5628141165 0.7541490197 -0.0605621040 0.6539047956
-16.8 81.0 2525.1 0.5254678726 0.6602556705 -0.5366059542 -0.3991381228 0.7482880354 0.5298620462 0.7513802052 -0.0642456189 0.6567345262
40.7 285.0 2406.8 0.2039345354 0.2859400809 -0.9362953305 0.9198827147 0.2713030875 0.2832143605 0.3350021541 -0.9190391302 -0.2077032626
-14.0 38.3 2317.0 -0.7463453412 0.2859400809 -0.6010048985 0.6645832658 0.2713030875 -0.6962209940 -0.0360230021 -0.9190391302 -0.3925168216
187.6 173.1 2617.5 0.1357247978 0.9804136753 -0.1427158266 -0.8069728017 0.1929660738 0.5581747293 0.5747814178 0.0394096486 0.8173574209
234.3 -104.3 2815.1 0.0139437420 0.9804136753 0.1964550912 0.1315902323 0.1929660738 -0.9723415375 -0.9912061095 0.0394096486 -0.1263221800
-189.3 -31.0 2465.3 0.6113093495 0.0196797848 -0.7911469936 -0.0080549065 0.9997937083 0.0186459478 0.7913507223 -0.0050258278 0.6113417745
-197.1 -427.6 2467.3 0.6080654263 0.0892480463 -0.7888543606 -0.0504350103 0.9959964156 0.0738069639 0.7922832370 -0.0050935871 0.6101322174
-96.3 -100.8 2605.0 0.1831258386 -0.2019057423 -0.9621325135 0.0296443403 0.9793716073 -0.1998810917 0.9826424122 0.0080816103 0.1853336096
-16.3 -489.0 2601.8 0.1831206530 0.1272636354 -0.9748183489 0.0296039023 0.9904220700 0.1348618418 0.9826446176 -0.0535544120 0.1775992364
179.5 -134.0 2326.3 0 0 0 0 0 0 0 0 0
238.0 -69.0 2549.2 0 0 0 0 0 0 0 0 0
-226.3 -753.2 2469.0 0 0 0 0 0 0 0 0 0
-46.5 -724.4 2614.5 0 0 0 0 0 0 0 0 0
255.9 363.2 2498.5 90 0.4784453511 0.7152105570 -0.5094741583 -0.4125445485 0.6952497363 0.5885871649 0.7751755118 -0.0714260116 0.6276952028
114.3 225.5 2512.6 0.4784453511 0.7152105570 -0.5094741583 -0.4125445485 0.6952497363 0.5885871649 0.7751755118 -0.0714260116 0.6276952028
-20.0 80.2 2526.8 0.5020537972 0.6764807105 -0.5388096571 -0.3883156776 0.7330144644 0.5584806800 0.7727566957 -0.0711591318 0.6307007670
43.9 280.0 2404.1 0.2100188732 0.2778482735 -0.9373859167 0.9227278829 0.2606247663 0.2839859128 0.3232109845 -0.9245945215 -0.2016422302
-12.0 34.4 2318.1 -0.7718151808 0.2778482735 -0.5719280243 0.6336060166 0.2606247663 -0.7284353971 -0.0533359274 -0.9245945215 -0.3772005141
184.7 171.0 2621.2 0.1084216908 0.9832022190 -0.1468269676 -0.7932398319 0.1745876521 0.5833435655 0.5991788507 0.0532218963 0.7988442183
222.0 -102.0 2827.4 0.0354555622 0.9832022190 0.1790428013 0.1033479497 0.1745876521 -0.9792029262 -0.9940131307 0.0532218963 -0.0954218283
-195.5 -30.9 2468.7 0.5948211551 -0.0003874019 -0.8038579822 -0.0072409981 0.9999567270 -0.0058399416 0.8038254380 0.0092944549 0.5947926044
-195.4 -427.9 2465.0 0.5917161703 0.0960019082 -0.8004096746 -0.0435318537 0.9952402711 0.0871884301 0.8049701452 -0.0167474877 0.5930789113
-100.1 -103.7 2606.2 0.1704982370 -0.2111781090 -0.9624625444 0.0206394922 0.9773154259 -0.2107807994 0.9851418138 0.0160730164 0.1709891707
-16.3 -491.7 2599.9 0.1727445722 0.1274194866 -0.9766901135 0.0378946923 0.9900032282 0.1358586699 0.9842374325 -0.0604802184 0.1661891639
188.7 -130.4 2332.0 0 0 0 0 0 0 0 0 0
231.5 -74.2 2560.5 0 0 0 0 0 0 0 0 0
-226.6 -751.3 2470.4 0 0 0 0 0 0 0 0 0
-46.2 -724.3 2614.1 0 0 0 0 0 0 0 0 0
256.0 363.8 2505.6 91 0.4717915654 0.7101748586 -0.5225555897 -0.4211067855 0.7021896243 0.5741069317 0.7746494412 -0.0508071147 0.6303465962
115.7 225.0 2515.7 0.4717915654 0.7101748586 -0.5225555897 -0.4211067855 0.7021896243 0.5741069317 0.7746494412 -0.0508071147 0.6303465962
-20.2 80.6 2527.8 0.4931419790 0.6837726235 -0.5378345847 -0.3992140293 0.7271678448 0.5584398508 0.7729418874 -0.0606790185 0.6315686107
46.4 281.1 2407.0 0.2135410160 0.2690871954 -0.9391444325 0.9221057296 0.2620035410 0.2847370207 0.3226782680 -0.9267935157 -0.1921783388
-11.3 32.1 2319.9 -0.7859463096 0.2690871954 -0.5566691160 0.6159258485 0.2620035410 -0.7429599762 -0.0540717281 -0.9267935157 -0.3716584742
184.9 168.9 2624.3 0.0973334610 0.9843727350 -0.1467530727 -0.7990912795 0.1651933044 0.5780694485 0.5932784677 0.0610035993 0.8026825190
218.5 -106.5 2828.8 0.0428933725 0.9843727350 0.1707935184 0.1110616550 0.1651933044 -0.9799879789 -0.9928874373 0.0610035993 -0.1022403687
-200.2 -29.8 2469.9 0.5892409086 -0.0108189387 -0.8078849316 -0.0043316819 0.9998536706 -0.0165490881 0.8079457879 0.0132509004 0.5891078115
-195.9 -427.1 2464.6 0.5862693191 0.0937628150 -0.8046718836 -0.0398657471 0.9954152703 0.0869433582 0.8091347218 -0.0188933797 0.5873193741
-108.6 -100.8 2611.4 0.1643939316 -0.2344549447 -0.9581260681 0.0093180509 0.9716671705 -0.2361696959 0.9863507748 0.0298969988 0.1619208455
-15.5 -486.7 2599.6 0.1683769524 0.1273111999 -0.9774666429 0.0396921709 0.9899444580 0.1357737035 0.9849231839 -0.0616589375 0.1616305709
194.1 -128.8 2334.0 0 0 0 0 0 0 0 0 0
230.0 -76.6 2562.0 0 0 0 0 0 0 0 0 0
-226.5 -752.1 2470.8 0 0 0 0 0 0 0 0 0
-46.0 -724.3 2614.4 0 0 0 0 0 0 0 0 0
255.4 363.2 2500.7 92 0.4620943367 0.7133640051 -0.5268592238 -0.3935053945 0.6973388791 0.5990592241 0.7947466969 -0.0694999322 0.6029489636
114.0 225.0 2514.5 0.4620943367 0.7133640051 -0.5268592238 -0.3935053945 0.6973388791 0.5990592241 0.7947466969 -0.0694999322 0.6029489636
-22.2 81.1 2528.9 0.4806164205 0.6850996614 -0.5473995805 -0.3746697009 0.7248039842 0.5781710744 0.7928621769 -0.0727844760 0.6050388217
46.4 277.7 2403.0 0.2169654816 0.2556645274 -0.9421048760 0.9251635671 0.2540546954 0.2820082307 0.3114456534 -0.9327871799 -0.1814103872
-11.4 31.3 2320.1 -0.7934882045 0.2556645274 -0.5522790551 0.6063304543 0.2540546954 -0.7535380721 -0.0523438528 -0.9327871799 -0.3566065729
181.5 172.4 2625.9 0.0875056833 0.9834038615 -0.1589326560 -0.7800278664 0.1668759137 0.6030828357 0.6195960641 0.0711987242 0.7816850543
211.7 -96.5 2839.5 0.0585184768 0.9834038615 0.1717335731 0.0797146186 0.1668759137 -0.9827502370 -0.9950985909 0.0711987242 -0.0686263442
-201.2 -27.2 2468.8 0.5767012835 -0.0161432028 -0.8167955875 -0.0018461021 0.9997764230 -0.0210630968 0.8169530034 0.0136550032 0.5765425563
-194.7 -424.6 2463.4 0.5734955668 0.0978759304 -0.8133407235 -0.0383872725 0.9949572086 0.0926640257 0.8183087707 -0.0219204761 0.5743607283
-110.9 -100.3 2610.5 0.1577584147 -0.2399844527 -0.9578725100 0.0037175426 0.9701567888 -0.2424498796 0.9874707460 0.0346875787 0.1539425552
-15.6 -485.8 2596.7 0.1640975177 0.1266204119 -0.9782838225 0.0517934076 0.9892536998 0.1367280930 0.9850834608 -0.0731053948 0.1557759792
197.1 -128.0 2333.8 0 0 0 0 0 0 0 0 0
227.4 -75.1 2572.2 0 0 0 0 0 0 0 0 0
-227.0 -752.6 2470.6 0 0 0 0 0 0 0 0 0
-46.0 -723.2 2614.3 0 0 0 0 0 0 0 0 0
257.9 363.6 2498.7 93 0.4880446792 0.7120859027 -0.5047237277 -0.4124099016 0.6977813840 0.5856783986 0.7692402005 -0.0776841715 0.6342197657
116.3 224.9 2514.2 0.4880446792 0.7120859027 -0.5047237277 -0.4124099016 0.6977813840 0.5856783986 0.7692402005 -0.0776841715 0.6342197657
-20.0 81.0 2529.5 0.5042995811 0.6855275631 -0.5251036286 -0.3958743513 0.7239604592 0.5649467111 0.7674407959 -0.0770273209 0.6364757419
45.4 280.5 2406.3 0.2182374299 0.2617104650 -0.9401489496 0.9221310616 0.2600460649 0.2864442766 0.3194474876 -0.9294534326 -0.1845795810
-13.4 32.1 2320.3 -0.7998251319 0.2617104650 -0.5401735306 0.5974182487 0.2600460649 -0.7585957646 -0.0580624603 -0.9294534326 -0.3643419743
187.1 169.2 2622.1 0.1039048731 0.9859438539 -0.1308378279 -0.7955997586 0.1613365412 0.5839447975 0.5968456864 0.0434198305 0.8011803031
222.9 -105.0 2827.8 0.0267186780 0.9859438539 0.1649268717 0.1042813733 0.1613365412 -0.9813745022 -0.9941888452 0.0434198305 -0.0985048786
-202.4 -28.6 2470.7 0.6023552418 -0.0164691024 -0.7980582118 0.0023539290 0.9998194575 -0.0188560523 0.7982246280 0.0094794696 0.6022852659
-195.8 -426.1 2466.9 0.5985253453 0.0939766914 -0.7955726385 -0.0456188060 0.9954822063 0.0832709819 0.7998039722 -0.0135467174 0.6001084447
-114.4 -97.2 2616.0 0.1852035671 -0.2488549054 -0.9506686330 -0.0039724074 0.9672070742 -0.2539580166 0.9826921225 0.0508103743 0.1781416535
-15.4 -481.6 2595.8 0.1928935349 0.1223034412 -0.9735676646 0.0555141270 0.9892519712 0.1352728158 0.9796480536 -0.0801400095 0.1840307415
197.4 -125.3 2335.6 0 0 0 0 0 0 0 0 0
230.1 -77.0 2560.8 0 0 0 0 0 0 0 0 0
-226.5 -750.8 2471.3 0 0 0 0 0 0 0 0 0
-45.7 -726.5 2615.6 0 0 0 0 0 0 0 0 0
264.0 366.1 2506.3 94 0.5382727981 0.7071107030 -0.4585377276 -0.5173700452 0.7067447305 0.4825350940 0.6652748585 -0.0225018431 0.7462593913
123.6 225.8 2510.7 0.5382727981 0.7071107030 -0.4585377276 -0.5173700452 0.7067447305 0.4825350940 0.6652748585 -0.0225018431 0.7462593913
-12.5 81.3 2516.1 0.5580838919 0.6824725270 -0.4719890058 -0.4968806803 0.7304120660 0.4686233103 0.6645689607 -0.0270089116 0.7467386127
45.7 294.6 2418.5 0.2027174234 0.2819356620 -0.9377728701 0.9144852161 0.2879519165 0.2842543423 0.3501749337 -0.9152026772 -0.1994531304
-11.5 36.8 2319.7 -0.7919060588 0.2819356620 -0.5416614413 0.6083786488 0.2879519165 -0.7395668030 -0.0525378212 -0.9152026772 -0.3995545208
201.4 157.0 2603.0 0.1402447373 0.9880173206 -0.0644448102 -0.8713584542 0.1540698856 0.4658293426 0.4701764584 -0.0091755828 0.8825247288
249.3 -140.1 2763.3 -0.0467979759 0.9880173206 0.1470770836 0.2423940748 0.1540698856 -0.9578661919 -0.9690485597 -0.0091755828 -0.2466997057
-202.5 -26.6 2474.5 0.6592943668 -0.0177457202 -0.7516754866 0.0022457428 0.9997634888 -0.0216328967 0.7518815398 0.0125743765 0.6591782570
-195.4 -424.1 2469.5 0.6545334458 0.0946458355 -0.7500854135 -0.0624627024 0.9955109358 0.0711079538 0.7534483671 0.0003098325 0.6575070024
-107.1 -101.5 2605.3 0.2181008458 -0.2312522084 -0.9481320977 0.0260537621 0.9725536704 -0.2312154919 0.9755784273 0.0257258881 0.2181397676
-15.9 -484.8 2595.1 0.2215330154 0.1215165481 -0.9675520062 0.0533290841 0.9892109036 0.1364470869 0.9736935496 -0.0818261951 0.2126625180
197.4 -123.7 2333.6 0 0 0 0 0 0 0 0 0
236.8 -75.8 2506.1 0 0 0 0 0 0 0 0 0
-226.4 -749.8 2469.4 0 0 0 0 0 0 0 0 0
-45.9 -728.8 2615.3 0 0 0 0 0 0 0 0 0
255.9 366.0 2510.0 95 0.4853313565 0.7101771832 -0.5100017786 -0.4782676697 0.7039381266 0.5251011252 0.7319245338 -0.0109306695 0.6812980175
115.8 227.2 2512.2 0.4853313565 0.7101771832 -0.5100017786 -0.4782676697 0.7039381266 0.5251011252 0.7319245338 -0.0109306695 0.6812980175
-21.3 83.5 2515.2 0.5018846393 0.6891248822 -0.5227032304 -0.4613700509 0.7244687080 0.5121354461 0.7316074371 -0.0158732999 0.6815413237
45.9 291.3 2410.3 0.2040409893 0.2997608483 -0.9319392443 0.9179975986 0.2721051276 0.2885119617 0.3400700390 -0.9143862724 -0.2196591347
-10.1 39.3 2317.0 -0.7880271077 0.2997608483 -0.5377329588 0.6108621955 0.2721051276 -0.7435094118 -0.0765550956 -0.9143862724 -0.3975387812
185.8 163.1 2614.1 0.0963578820 0.9872493148 -0.1267043650 -0.8442924023 0.1484875977 0.5148997903 0.5271484852 0.0573608838 0.8478350043
218.8 -125.7 2794.4 0.0288667716 0.9872493148 0.1565424800 0.1873689443 0.1484875977 -0.9710016847 -0.9818653464 0.0573608838 -0.1806935072
-199.3 -18.3 2461.2 0.6010155082 -0.0140351197 -0.7991141081 0.0164684057 0.9998509884 -0.0051748073 0.7990676761 -0.0100499960 0.6011571288
-193.7 -415.8 2465.2 0.5960281491 0.0964832008 -0.7971457839 -0.0479169600 0.9952592850 0.0846343786 0.8015325069 -0.0122476658 0.5978257060
-100.3 -107.2 2580.4 0.1481925100 -0.2136436254 -0.9656062126 0.0618226714 0.9764785767 -0.2065611780 0.9870243073 -0.0290855356 0.1579148322
-15.3 -495.4 2592.0 0.1516260356 0.1310402006 -0.9797132015 0.0872945115 0.9855250120 0.1453277320 0.9845756292 -0.1075590551 0.1379921585
198.3 -122.3 2337.2 0 0 0 0 0 0 0 0 0
226.5 -75.9 2533.2 0 0 0 0 0 0 0 0 0
-226.2 -751.2 2469.3 0 0 0 0 0 0 0 0 0
-46.3 -728.1 2617.3 0 0 0 0 0 0 0 0 0
249.7 363.4 2510.4 96 0.4625960588 0.7065305114 -0.5355553627 -0.4345465302 0.7072319388 0.5576668382 0.7727704644 -0.0252507739 0.6341831088
110.3 223.9 2515.4 0.4625960588 0.7065305114 -0.5355553627 -0.4345465302 0.7072319388 0.5576668382 0.7727704644 -0.0252507739 0.6341831088
-25.4 78.9 2521.6 0.4804959297 0.6824299097 -0.5508294106 -0.4160209000 0.7302846313 0.5418587923 0.7720429301 -0.0312043745 0.6348038912
43.2 281.9 2407.5 0.1993324459 0.3214128613 -0.9257215261 0.9158917665 0.2747955322 0.2926255465 0.3484377563 -0.9061904550 -0.2396037132
-9.5 40.1 2315.5 -0.7869909406 0.3214128613 -0.5266298652 0.6097245812 0.2747955322 -0.7434536815 -0.0942400321 -0.9061904550 -0.4122349322
177.5 165.9 2623.3 0.0869119987 0.9829596877 -0.1619768590 -0.8132412434 0.1639156342 0.5583639741 0.5753998756 0.0831977278 0.8136296272
207.3 -113.1 2820.6 0.0612133779 0.9829596877 0.1733295172 0.1348844171 0.1639156342 -0.9772092104 -0.9889687300 0.0831977278 -0.1225521117
-204.0 -18.5 2451.9 0.5734623075 -0.0308262911 -0.8186517954 0.0388975851 0.9991893172 -0.0103768194 0.8183079958 -0.0258928631 0.5741964579
-191.7 -415.6 2462.1 0.5669414401 0.1056101546 -0.8169601560 -0.0389302708 0.9940745831 0.1014898792 0.8228376508 -0.0257343408 0.5676935315
-114.0 -101.6 2584.1 0.1276486963 -0.2498753667 -0.9598271251 0.0568588153 0.9679958820 -0.2444402426 0.9901883006 -0.0233721565 0.1377710402
-14.7 -486.2 2593.4 0.1296197325 0.1293170005 -0.9830950499 0.0718071088 0.9876317978 0.1393814385 0.9889602661 -0.0886598006 0.1187306866
199.4 -121.7 2340.5 0 0 0 0 0 0 0 0 0
223.7 -77.1 2556.6 0 0 0 0 0 0 0 0 0
-227.6 -753.3 2470.9 0 0 0 0 0 0 0 0 0
-46.1 -726.2 2615.0 0 0 0 0 0 0 0 0 0
248.5 364.4 2520.1 97 0.4605632424 0.6983776689 -0.5478595495 -0.4485882521 0.7157290578 0.5352574587 0.7659308314 -0.0007565328 0.6429225206
110.9 223.4 2520.2 0.4605632424 0.6983776689 -0.5478595495 -0.4485882521 0.7157290578 0.5352574587 0.7659308314 -0.0007565328 0.6429225206
-24.0 77.5 2522.9 0.4794302583 0.6782607436 -0.5568743348 -0.4287099242 0.7347004414 0.5257595181 0.7657378316 -0.0133274710 0.6430147290
43.6 283.5 2412.9 0.1718306392 0.3098582923 -0.9351267815 0.9193461537 0.2906149328 0.2652274370 0.3539447486 -0.9052793980 -0.2349304855
-2.9 34.5 2317.0 -0.8011751175 0.3098582923 -0.5119631290 0.5925024748 0.2906149328 -0.7513213158 -0.0840190277 -0.9052793980 -0.4164252877
178.2 163.4 2627.6 0.0905559137 0.9813770652 -0.1694068760 -0.8238877058 0.1693858802 0.5408488512 0.5594717860 0.0905951783 0.8238834143
209.3 -120.1 2820.1 0.0642241016 0.9813770652 0.1810368150 0.1551529914 0.1693858802 -0.9732604623 -0.9858006239 0.0905951783 -0.1413849294
-205.0 -28.2 2457.4 0.5692172050 -0.0320505090 -0.8215622902 0.0342713073 0.9992963672 -0.0152394297 0.8214726448 -0.0194814671 0.5699150562
-192.2 -425.5 2465.2 0.5625331402 0.1041549742 -0.8201879263 -0.0480910130 0.9944755435 0.0933039710 0.8253749013 -0.0130429110 0.5644344091
-118.0 -103.6 2597.8 0.1239462346 -0.2611139119 -0.9573175311 0.0334365442 0.9653080106 -0.2589642406 0.9917254448 0.0000882493 0.1283770353
-14.3 -487.2 2597.8 0.1258939505 0.1301367432 -0.9834709764 0.0481440797 0.9893889427 0.1370827407 0.9908747673 -0.0646061897 0.1182927713
210.0 -123.0 2339.3 0 0 0 0 0 0 0 0 0
226.5 -78.5 2556.0 0 0 0 0 0 0 0 0 0
-226.2 -750.0 2469.4 0 0 0 0 0 0 0 0 0
-45.7 -726.1 2613.4 0 0 0 0 0 0 0 0 0
249.3 368.2 2516.9 98 0.4811595678 0.6954279542 -0.5337278843 -0.4736313522 0.7185540199 0.5092675686 0.7376711965 0.0077512739 0.6751156449
112.5 226.8 2515.4 0.4811595678 0.6954279542 -0.5337278843 -0.4736313522 0.7185540199 0.5092675686 0.7376711965 0.0077512739 0.6751156449
-21.2 79.7 2515.7 0.5007354021 0.6720204949 -0.5455753803 -0.4527436495 0.7405306697 0.4966261387 0.7377582192 -0.0016724992 0.6750629544
42.1 290.3 2411.9 0.1404174268 0.2935819626 -0.9455646873 0.9337800145 0.2782213688 0.2250504643 0.3291470706 -0.9145504236 -0.2350738645
2.9 29.5 2319.9 -0.8108065724 0.2935819626 -0.5063618422 0.5792462230 0.2782213688 -0.7662028074 -0.0840626359 -0.9145504236 -0.3956399560
182.8 163.3 2618.9 0.1106335744 0.9818648100 -0.1539536566 -0.8432863355 0.1747149676 0.5082743764 0.5259547234 0.0735948011 0.8473225236
220.9 -127.0 2800.0 0.0392872393 0.9818648100 0.1854670495 0.1922518611 0.1747149676 -0.9656676054 -0.9805588722 0.0735948011 -0.1819012612
-202.7 -29.2 2455.5 0.5874421000 -0.0275674276 -0.8087965250 0.0312905908 0.9994460344 -0.0113387574 0.8086610436 -0.0186468568 0.5879792571
-191.8 -426.6 2462.9 0.5813441277 0.1034649163 -0.8070526719 -0.0430017523 0.9944028854 0.0965079442 0.8125206828 -0.0213996451 0.5825394392
-115.3 -107.4 2595.4 0.1374062896 -0.2502660453 -0.9583769441 0.0337039232 0.9681754708 -0.2479925007 0.9899411798 0.0017746672 0.1414683461
-15.9 -492.2 2594.7 0.1416636854 0.1243315861 -0.9820758700 0.0669577718 0.9886056185 0.1348168552 0.9876477122 -0.0848562643 0.1317245513
218.7 -124.7 2342.3 0 0 0 0 0 0 0 0 0
231.4 -75.4 2537.1 0 0 0 0 0 0 0 0 0
-225.7 -752.5 2469.9 0 0 0 0 0 0 0 0 0
-45.2 -725.4 2614.7 0 0 0 0 0 0 0 0 0
248.9 368.0 2522.9 99 0.4915530980 0.6906695962 -0.5304253101 -0.5036461353 0.7223601937 0.4738526046 0.7104337811 0.0342229605 0.7029314637
113.5 226.5 2516.1 0.4915530980 0.6906695962 -0.5304253101 -0.5036461353 0.7223601937 0.4738526046 0.7104337811 0.0342229605 0.7029314637
-19.8 79.2 2511.4 0.5101448894 0.6703229547 -0.5389056802 -0.4836464524 0.7416954041 0.4647300541 0.7112231255 0.0235601831 0.7025714517
41.8 294.3 2416.3 0.1185900569 0.2835973203 -0.9515823722 0.9363837242 0.2868843675 0.2021952569 0.3303361237 -0.9150245190 -0.2315342575
8.0 27.4 2322.1 -0.8133473992 0.2835973203 -0.5079749227 0.5774239302 0.2868843675 -0.7643814087 -0.0710464418 -0.9150245190 -0.3970925212
185.2 158.6 2616.0 0.1188567206 0.9821805954 -0.1455828398 -0.8653864264 0.1743577868 0.4697932303 0.4868052900 0.0701473355 0.8706893325
226.1 -139.4 2783.6 0.0275477953 0.9821805954 0.1859096587 0.2356506884 0.1743577868 -0.9560691118 -0.9714472890 0.0701473355 -0.2266483605
-200.7 -26.0 2448.5 0.5954861641 -0.0206180196 -0.8031009436 0.0405998230 0.9991655946 0.0044525107 0.8023390174 -0.0352571644 0.5958263278
-192.5 -423.2 2462.5 0.5892821550 0.1013318822 -0.8015474677 -0.0388302915 0.9945091605 0.0971788839 0.8069936633 -0.0261414591 0.5899812579
-109.1 -108.7 2583.4 0.1301325858 -0.2386347651 -0.9623507261 0.0632299259 0.9706258774 -0.2321365774 0.9894784093 -0.0306408331 0.1413989216
-14.3 -494.3 2595.6 0.1301993430 0.1348932981 -0.9822687507 0.0637184903 0.9875154495 0.1440596730 0.9894382954 -0.0813451558 0.1199786663
223.6 -125.7 2341.0 0 0 0 0 0 0 0 0 0
233.5 -76.2 2523.0 0 0 0 0 0 0 0 0 0
-226.1 -752.6 2471.2 0 0 0 0 0 0 0 0 0
-45.9 -725.5 2614.6 0 0 0 0 0 0 0 0 0
253.1 368.5 2518.3 00 0.4956010580 0.6998931766 -0.5143239498 -0.5077305436 0.7139042616 0.4822348356 0.7046909332 0.0221418664 0.7091688514
115.8 228.4 2514.0 0.4956010580 0.6998931766 -0.5143239498 -0.5077305436 0.7139042616 0.4822348356 0.7046909332 0.0221418664 0.7091688514
-19.0 82.4 2511.1 0.5141786337 0.6779035926 -0.5254207850 -0.4881940484 0.7350067496 0.4705652595 0.7051857114 0.0145526892 0.7088732719
43.4 297.0 2414.9 0.1188755184 0.2701514065 -0.9554511309 0.9403991103 0.2781553566 0.1956505030 0.3186191022 -0.9217634201 -0.2209842950
9.2 25.8 2323.0 -0.8167678118 0.2701514065 -0.5098122954 0.5731295943 0.2781553566 -0.7708125710 -0.0664290860 -0.9217634201 -0.3820201159
188.1 159.8 2613.1 0.1165694743 0.9846217632 -0.1301212162 -0.8660923839 0.1649003327 0.4719024003 0.4861024022 0.0576875806 0.8719957471
228.3 -138.8 2780.7 0.0176413916 0.9846217632 0.1738066673 0.2346709371 0.1649003327 -0.9579861164 -0.9719147682 0.0576875806 -0.2281530350
-199.9 -23.9 2441.6 0.6056473851 -0.0156454649 -0.7955793142 0.0511184894 0.9985064864 0.0192786325 0.7940894961 -0.0523448661 0.6055426598
-193.7 -420.8 2462.4 0.5990969539 0.0972866043 -0.7947440743 -0.0440590791 0.9950924516 0.0885989666 0.7994633317 -0.0180636775 0.6004431844
-106.5 -112.3 2571.8 0.1380325705 -0.2274043411 -0.9639679790 0.0843616724 0.9724469781 -0.2173246592 0.9868283272 -0.0513240695 0.1534135640
-16.1 -498.7 2592.2 0.1374869794 0.1290439218 -0.9820616245 0.0801808834 0.9867733121 0.1408882290 0.9872529507 -0.0981128588 0.1253216118
225.6 -126.0 2340.6 0 0 0 0 0 0 0 0 0
233.0 -75.8 2519.6 0 0 0 0 0 0 0 0 0
-225.9 -750.0 2468.4 0 0 0 0 0 0 0 0 0
-45.6 -724.0 2614.6 0 0 0 0 0 0 0 0 0
248.9 367.3 2507.5 01 0.4542886913 0.6926768422 -0.5601969361 -0.4171972573 0.7210330367 0.5532249212 0.7871265411 -0.0176112037 0.6165400147
112.8 225.6 2511.0 0.4542886913 0.6926768422 -0.5601969361 -0.4171972573 0.7210330367 0.5532249212 0.7871265411 -0.0176112037 0.6165400147
-20.7 78.7 2517.3 0.4746390581 0.6698190570 -0.5710167885 -0.3953472972 0.7418636084 0.5416077375 0.7863957286 -0.0313182548 0.6169285774
46.4 280.6 2401.4 0.1256935298 0.2992562652 -0.9458577037 0.9503347874 0.2373063713 0.2013689280 0.2847189605 -0.9241923094 -0.2545657754
12.3 22.8 2324.1 -0.8162404895 0.2992562652 -0.4941630363 0.5652916431 0.2373063713 -0.7900196314 -0.1191503033 -0.9241923094 -0.3628661335
179.2 170.6 2620.7 0.0914829820 0.9782373309 -0.1862325370 -0.8024946451 0.1831532419 0.5678532124 0.5896043181 0.0975017175 0.8017856479
210.5 -104.1 2822.5 0.0759367272 0.9782373309 0.1930940449 0.1212871522 0.1831532419 -0.9755738378 -0.9897085428 0.0975017175 -0.1047395617
-201.0 -18.9 2443.6 0.5581960678 -0.0204890352 -0.8294560313 0.0559111349 0.9983515739 0.0129652629 0.8278231025 -0.0536129884 0.5584214926
-192.8 -415.8 2464.9 0.5508219600 0.1001890078 -0.8285875320 -0.0464478768 0.9949101210 0.0894227102 0.8333293200 -0.0107698627 0.5526719093
-106.7 -108.4 2572.8 0.1067915931 -0.2273986489 -0.9679284096 0.0774979442 0.9724375010 -0.2199076414 0.9912565947 -0.0515281782 0.1214710772
-16.3 -494.9 2593.3 0.1066970602 0.1247237325 -0.9864379168 0.0767487735 0.9881081581 0.1332363635 0.9913250804 -0.0899238288 0.0958558396
228.9 -127.2 2355.7 0 0 0 0 0 0 0 0 0
230.7 -71.7 2558.7 0 0 0 0 0 0 0 0 0
-226.3 -748.9 2468.5 0 0 0 0 0 0 0 0 0
-45.0 -722.2 2614.0 0 0 0 0 0 0 0 0 0
244.8 366.6 2510.7 02 0.4397427440 0.6840625405 -0.5819662809 -0.3884054422 0.7290985584 0.5635215044 0.8097947240 -0.0217656288 0.5863094330
109.6 222.6 2515.0 0.4397427440 0.6840625405 -0.5819662809 -0.3884054422 0.7290985584 0.5635215044 0.8097947240 -0.0217656288 0.5863094330
-22.3 74.1 2521.9 0.4578989148 0.6626611352 -0.5926287174 -0.3684898019 0.7481333613 0.5518258214 0.8090388179 -0.0343027711 0.5867533088
45.4 274.1 2401.7 0.0940459147 0.3651801944 -0.9261742830 0.9582076669 0.2192580998 0.1837496758 0.2701729536 -0.9047482014 -0.3292981088
20.1 15.8 2328.9 -0.8137314916 0.3651801944 -0.4521995783 0.5472621918 0.2192580998 -0.8077313900 -0.1958190650 -0.9047482014 -0.3782665431
173.8 171.0 2628.2 0.0852955133 0.9732453227 -0.2133499533 -0.7847753763 0.1975561082 0.5874514580 0.6138829589 0.1173248142 0.7806295753
203.1 -98.6 2839.1 0.1001552641 0.9732453227 0.2067908347 0.0947992578 0.1975561082 -0.9756970406 -0.9904453754 0.1173248142 -0.0724766478
-197.4 -32.3 2452.2 0.5366333127 -0.0097189974 -0.8437595963 0.0341401435 0.9993649721 0.0102018556 0.8431246281 -0.0342807285 0.5366243720
-193.5 -429.5 2465.8 0.5296334028 0.1037859544 -0.8418532610 -0.0522193611 0.9945932031 0.0897634849 0.8466177583 -0.0035807015 0.5321894288
-110.8 -104.0 2595.1 0.1027864963 -0.2409854233 -0.9650704265 0.0126385046 0.9704473019 -0.2409819812 0.9946231246 0.0125726452 0.1027945727
-15.2 -489.0 2590.1 0.1140945032 0.1302383840 -0.9848961234 0.0954942852 0.9853416681 0.1413597614 0.9888697267 -0.1101803258 0.0999850482
236.1 -129.4 2380.9 0 0 0 0 0 0 0 0 0
229.9 -73.2 2574.1 0 0 0 0 0 0 0 0 0
-226.7 -747.2 2466.9 0 0 0 0 0 0 0 0 0
-46.2 -723.0 2616.3 0 0 0 0 0 0 0 0 0
244.1 365.2 2510.7 03 0.4468909502 0.6871688962 -0.5727891326 -0.3845109344 0.7256665230 0.5705781579 0.8077374697 -0.0347425491 0.5885177851
108.0 221.4 2517.6 0.4468909502 0.6871688962 -0.5727891326 -0.3845109344 0.7256665230 0.5705781579 0.8077374697 -0.0347425491 0.5885177851
-22.9 72.1 2526.0 0.4663987756 0.6580539942 -0.5911321044 -0.3630854785 0.7517935038 0.5504320860 0.8066232800 -0.0420893766 0.5895653963
42.5 272.4 2404.4 0.0528559908 0.4049403071 -0.9128141403 0.9658703208 0.2113852799 0.1497023851 0.2535760105 -0.8895727396 -0.3799468279
28.0 8.4 2335.1 -0.8142076135 0.4049403071 -0.4160400629 0.5260531902 0.2113852799 -0.8237622976 -0.2456297874 -0.8895727396 -0.3851316571
173.5 170.5 2630.8 0.0955890864 0.9729011059 -0.2105378062 -0.7820240259 0.2042584270 0.5888267159 0.6158742905 0.1083602160 0.7803569436
206.4 -98.8 2842.9 0.0911891460 0.9729011059 0.2124805450 0.0917081386 0.2042584270 -0.9746117592 -0.9916018248 0.1083602160 -0.0705967993
-196.0 -40.7 2454.9 0.5431879759 -0.0000865103 -0.8396111131 0.0268273894 0.9994911551 0.0172530450 0.8391824365 -0.0318962224 0.5429139137
-195.9 -438.0 2467.6 0.5371627212 0.0979398340 -0.8377732038 -0.0513557009 0.9951907396 0.0834145173 0.8419137597 -0.0017827377 0.5396091342
-112.3 -107.9 2602.6 0.1153366268 -0.2423698604 -0.9633038640 -0.0022314899 0.9697099924 -0.2442488521 0.9933239818 0.0303204414 0.1113022417
-16.1 -492.9 2590.6 0.1283271313 0.1275812089 -0.9834913015 0.0938925147 0.9856733084 0.1401154697 0.9872772098 -0.1103230864 0.1145097092
244.6 -131.6 2400.4 0 0 0 0 0 0 0 0 0
230.8 -74.2 2576.9 0 0 0 0 0 0 0 0 0
-226.6 -749.6 2468.2 0 0 0 0 0 0 0 0 0
-46.1 -725.2 2616.6 0 0 0 0 0 0 0 0 0
249.6 370.4 2511.8 04 0.4795826972 0.6811383963 -0.5532187223 -0.4030765593 0.7310018539 0.5506047606 0.7794419527 -0.0410709903 0.6251267195
114.2 225.2 2519.9 0.4795826972 0.6811383963 -0.5532187223 -0.4030765593 0.7310018539 0.5506047606 0.7794419527 -0.0410709903 0.6251267195
-15.1 74.5 2528.9 0.4988025129 0.6505035162 -0.5727488399 -0.3815832734 0.7581571937 0.5287644267 0.7781968117 -0.0451976620 0.6263919473
44.1 278.7 2410.7 0.0437316485 0.4190639555 -0.9069029093 0.9659272432 0.2140514255 0.1454872638 0.2550923228 -0.8823646307 -0.3954244852
31.7 4.2 2338.2 -0.8163188100 0.4190639555 -0.3975034654 0.5142834783 0.2140514255 -0.8304784298 -0.2629374266 -0.8823646307 -0.3902518749
184.3 171.6 2629.2 0.1243517250 0.9748116732 -0.1851455271 -0.7982751131 0.2091092914 0.5648275614 0.5893161297 0.0775597766 0.8041709661
227.1 -103.3 2832.1 0.0531205609 0.9748116732 0.2166112214 0.1200611368 0.2091092914 -0.9704940319 -0.9913443327 0.0775597766 -0.1059289947
-196.5 -44.0 2460.6 0.5738950968 0.0085906815 -0.8188837767 0.0183971431 0.9995573759 0.0233792756 0.8187221289 -0.0284823719 0.5734830499
-199.9 -441.4 2471.9 0.5688273311 0.0875030383 -0.8177888989 -0.0589114390 0.9961050749 0.0656059086 0.8203443885 0.0108586866 0.5717667341
-111.1 -110.4 2608.2 0.1473167986 -0.2382671386 -0.9599617124 -0.0091458904 0.9701814055 -0.2422072589 0.9890470505 0.0444609001 0.1407448500
-16.4 -495.8 2590.6 0.1611810476 0.1279322356 -0.9785979986 0.0916609615 0.9853365421 0.1439102888 0.9826591015 -0.1128948405 0.1470911801
249.0 -132.7 2408.2 0 0 0 0 0 0 0 0 0
241.4 -71.1 2566.2 0 0 0 0 0 0 0 0 0
-227.1 -751.0 2468.5 0 0 0 0 0 0 0 0 0
-46.4 -726.9 2617.0 0 0 0 0 0 0 0 0 0
251.9 367.0 2511.8 05 0.4783129096 0.6867599487 -0.5473367572 -0.4137755930 0.7259789109 0.5493126512 0.7746008635 -0.0362687483 0.6314095855
115.0 222.3 2519.0 0.4783129096 0.6867599487 -0.5473367572 -0.4137755930 0.7259789109 0.5493126512 0.7746008635 -0.0362687483 0.6314095855
-15.5 72.6 2527.4 0.4988374412 0.6565043926 -0.5658296347 -0.3911754787 0.7531228065 0.5289497375 0.7733970284 -0.0425212383 0.6324942708
44.9 277.3 2410.3 0.0405516997 0.4335739911 -0.9002050757 0.9656627774 0.2143797427 0.1467540562 0.2566144764 -0.8752456307 -0.4099928141
33.4 2.8 2337.3 -0.8145472407 0.4335739911 -0.3853912354 0.5086414218 0.2143797427 -0.8338616490 -0.2789206505 -0.8752456307 -0.3951561153
185.2 167.4 2627.7 0.1205512434 0.9767164588 -0.1774607003 -0.8032865524 0.2010103166 0.5606474280 0.5832650661 0.0749650449 0.8088152409
226.7 -109.6 2828.8 0.0499722958 0.9767164588 0.2086328715 0.1266511679 0.2010103166 -0.9713672400 -0.9906877875 0.0749650449 -0.1136573404
-190.2 -41.2 2466.6 0.5771070719 0.0228007548 -0.8163501620 -0.0054617831 0.9996955991 0.0240604859 0.8166502118 -0.0094267493 0.5770559311
-199.2 -438.6 2470.3 0.5735878944 0.0847632885 -0.8147466183 -0.0553214438 0.9963693619 0.0647119358 0.8172737956 0.0079549765 0.5761946440
-98.8 -111.0 2609.1 0.1492624581 -0.2055256814 -0.9672021270 -0.0083581861 0.9778626561 -0.2090808600 0.9887622595 0.0392919779 0.1442403644
-17.1 -499.5 2593.4 0.1606604755 0.1249558851 -0.9790680408 0.0772424936 0.9873197675 0.1386841536 0.9839826226 -0.0979067162 0.1489713490
251.1 -133.2 2411.9 0 0 0 0 0 0 0 0 0
240.1 -75.6 2562.7 0 0 0 0 0 0 0 0 0
-225.9 -752.0 2467.8 0 0 0 0 0 0 0 0 0
-45.9 -726.8 2616.0 0 0 0 0 0 0 0 0 0
251.7 366.0 2513.3 06 0.4694455266 0.6887701750 -0.5524640679 -0.4211876392 0.7246025205 0.5454834104 0.7760295272 -0.0233837292 0.6302629113
114.6 221.8 2517.9 0.4694455266 0.6887701750 -0.5524640679 -0.4211876392 0.7246025205 0.5454834104 0.7760295272 -0.0233837292 0.6302629113
-17.3 73.3 2524.3 0.4885706306 0.6636459827 -0.5664563179 -0.4003721178 0.7473502755 0.5302543640 0.7752425075 -0.0322733745 0.6308387518
45.9 278.1 2408.9 0.0764329657 0.4088201821 -0.9094086289 0.9627310038 0.2070602328 0.1739974469 0.2594360411 -0.8888149858 -0.3777576387
24.6 9.5 2336.5 -0.7928164005 0.4088201821 -0.4520047009 0.5629485846 0.2070602328 -0.8001343012 -0.2335188687 -0.8888149858 -0.3943054974
183.4 165.5 2627.0 0.1084214598 0.9777681231 -0.1794832349 -0.8077963591 0.1918844283 0.5573557615 0.5794047117 0.0845565796 0.8106419444
220.8 -113.1 2826.8 0.0596413165 0.9777681231 0.2010282576 0.1321019381 0.1918844283 -0.9724861979 -0.9894402623 0.0845565796 -0.1177208200
-191.7 -41.2 2465.0 0.5702165365 0.0166610517 -0.8213254213 -0.0049445960 0.9998458028 0.0168495849 0.8214795589 -0.0055467896 0.5702109933
-198.4 -438.7 2467.2 0.5671282411 0.0916120782 -0.8185186386 -0.0430508405 0.9957334399 0.0816180184 0.8225035667 -0.0110499673 0.5686525702
-100.3 -112.9 2606.8 0.1359258592 -0.2091258019 -0.9683958888 0.0069855172 0.9776457548 -0.2101428211 0.9906944036 0.0217990987 0.1343481839
-17.2 -501.4 2598.1 0.1432793289 0.1279125363 -0.9813813567 0.0621869937 0.9884894490 0.1379181445 0.9877265692 -0.0807899758 0.1336756200
236.4 -140.9 2398.9 0 0 0 0 0 0 0 0 0
236.8 -77.6 2560.9 0 0 0 0 0 0 0 0 0
-227.4 -754.5 2470.7 0 0 0 0 0 0 0 0 0
-46.3 -726.6 2616.5 0 0 0 0 0 0 0 0 0
257.7 367.7 2514.0 07 0.4553763568 0.7005031109 -0.5494795442 -0.4147111773 0.7130368352 0.5653256774 0.7878115177 -0.0295606516 0.6152065992
118.3 225.8 2519.9 0.4553763568 0.7005031109 -0.5494795442 -0.4147111773 0.7130368352 0.5653256774 0.7878115177 -0.0295606516 0.6152065992
-16.3 79.7 2527.0 0.4723334312 0.6770709157 -0.5643368959 -0.3968860805 0.7350529432 0.5497077703 0.7870085835 -0.0356678888 0.6159101129
51.8 281.6 2409.2 0.0875203162 0.4298156202 -0.8986649513 0.9640362859 0.1907131076 0.1851015091 0.2509467006 -0.8825457692 -0.3976665735
26.9 7.3 2337.8 -0.7975416183 0.4298156202 -0.4233034849 0.5384308696 0.1907131076 -0.8208048940 -0.2720652521 -0.8825457692 -0.3835276663
184.7 170.0 2630.6 0.0874741897 0.9799617529 -0.1789502352 -0.8005068302 0.1760683656 0.5728775859 0.5929056406 0.0931388885 0.7998675108
214.9 -106.1 2835.1 0.0733577982 0.9799617529 0.1851851940 0.1157095879 0.1760683656 -0.9775536656 -0.9905704856 0.0931388885 -0.1004749835
-194.0 -38.5 2459.7 0.5605959892 0.0069992854 -0.8280598521 0.0070295404 0.9998880029 0.0132106803 0.8280596137 -0.0132267345 0.5604839921
-196.8 -436.1 2464.9 0.5569576025 0.0937414169 -0.8252337575 -0.0375744812 0.9954366088 0.0877160504 0.8296905756 -0.0178463850 0.5579382777
-104.4 -112.0 2601.8 0.1239867583 -0.2204042673 -0.9674963951 0.0220029224 0.9753906727 -0.2193829417 0.9920399189 0.0059128306 0.1257850677
-16.8 -499.6 2599.5 0.1282656044 0.1298288852 -0.9832051396 0.0541123673 0.9890012145 0.1376535594 0.9902625084 -0.0708597749 0.1198294908
240.2 -136.7 2410.5 0 0 0 0 0 0 0 0 0
234.6 -75.0 2568.9 0 0 0 0 0 0 0 0 0
-226.6 -752.5 2470.6 0 0 0 0 0 0 0 0 0
-46.4 -725.2 2615.6 0 0 0 0 0 0 0 0 0
257.7 368.6 2514.9 08 0.4412229359 0.6970928907 -0.5651405454 -0.4010302722 0.7165383101 0.5707430243 0.8028057218 -0.0251864493 0.5957084894
118.8 225.8 2519.9 0.4412229359 0.6970928907 -0.5651405454 -0.4010302722 0.7165383101 0.5707430243 0.8028057218 -0.0251864493 0.5957084894
-15.0 78.9 2526.8 0.4598756731 0.6729106307 -0.5794011354 -0.3812141418 0.7389128804 0.5555929542 0.8019913435 -0.0346277878 0.5963311195
54.1 279.4 2407.1 0.1488647163 0.3977888823 -0.9053194523 0.9527987838 0.1872772425 0.2389597744 0.2646012604 -0.8981599212 -0.3511337936
13.3 18.2 2334.6 -0.7838940620 0.3977888823 -0.4767327309 0.5780478120 0.1872772425 -0.7942216396 -0.2266513407 -0.8981599212 -0.3767465055
183.5 172.2 2632.7 0.0812390074 0.9768696427 -0.1978026778 -0.7904503942 0.1840335876 0.5842257738 0.6071147919 0.1088912860 0.7871177197
211.5 -100.5 2842.2 0.0914723650 0.9768696427 0.1932834238 0.1006495580 0.1840335876 -0.9777531624 -0.9907080531 0.1088912860 -0.0814875141
-194.2 -30.0 2461.8 0.5447213054 0.0029347101 -0.8386120200 0.0032335022 0.9999790788 0.0055997367 0.8386108875 -0.0057619493 0.5447004437
-195.4 -427.6 2464.1 0.5416981578 0.0972073227 -0.8349334598 -0.0310079344 0.9949255586 0.0957167447 0.8400009871 -0.0259600207 0.5419635177
-107.6 -102.8 2606.2 0.1125326976 -0.2315374464 -0.9662954211 0.0066888887 0.9726269841 -0.2322756052 0.9936255217 0.0196751580 0.1110010743
-15.5 -489.3 2598.4 0.1194220185 0.1300968230 -0.9842830896 0.0579123162 0.9887771010 0.1377172470 0.9911531210 -0.0734485835 0.1105475426
222.8 -136.3 2395.2 0 0 0 0 0 0 0 0 0
236.1 -73.4 2575.9 0 0 0 0 0 0 0 0 0
-227.3 -754.2 2472.7 0 0 0 0 0 0 0 0 0
-46.5 -724.9 2615.9 0 0 0 0 0 0 0 0 0
255.9 366.8 2513.8 09 0.4582711458 0.7002876997 -0.5473433137 -0.4177176058 0.7132595181 0.5628257990 0.7845377922 -0.0292918887 0.6193887591
116.6 224.8 2519.7 0.4582711458 0.7002876997 -0.5473433137 -0.4177176058 0.7132595181 0.5628257990 0.7845377922 -0.0292918887 0.6193887591
-17.0 77.7 2526.8 0.4784246683 0.6717933416 -0.5655117631 -0.3963736296 0.7398676872 0.5435841680 0.7835801244 -0.0359101109 0.6202521324
49.3 280.6 2409.5 0.1399102062 0.3962748349 -0.9074091911 0.9505345225 0.2029191852 0.2351764292 0.2773252428 -0.8954272866 -0.3482824266
11.4 23.1 2334.4 -0.7640011907 0.3962748349 -0.5091841221 0.6137517691 0.2029191852 -0.7629761100 -0.1990249902 -0.8954272866 -0.3982448876
183.9 169.1 2629.9 0.0953739360 0.9791184068 -0.1795299351 -0.8020602465 0.1824045181 0.5687072277 0.5895788074 0.0897539854 0.8027085662
216.7 -107.6 2833.2 0.0684549138 0.9791184068 0.1914186776 0.1198929995 0.1824045181 -0.9758864045 -0.9904239178 0.0897539854 -0.1049029529
-190.9 -33.0 2460.1 0.5641182065 0.0079288045 -0.8256559968 0.0044863648 0.9999096990 0.0126674166 0.8256818652 -0.0108501138 0.5640316606
