26.0 361.4 2284.6 0 0.5309926271 0.4136097431 -0.7395767570 -0.2533408701 0.9103525281 0.3272257149 0.8086193204 0.0136105707 0.5881747603
-55.6 181.8 2281.9 0.5309926271 0.4136097431 -0.7395767570 -0.2533408701 0.9103525281 0.3272257149 0.8086193204 0.0136105707 0.5881747603
-131.3 3.2 2280.9 0.5397024751 0.3904762566 -0.7458214164 -0.2335080802 0.9205981493 0.3130063415 0.8088233471 0.0052250195 0.5880284905
-129.3 213.7 2171.5 0.0957754925 0.5173365474 -0.8504057527 0.9454680085 0.2199154496 0.2402652800 0.3113153875 -0.8270429373 -0.4680626690
-153.1 -22.1 2093.8 -0.6478388906 0.5173365474 -0.5591669083 0.7320959568 0.2199154496 -0.6447268128 -0.2105713189 -0.8270429373 -0.5212097764
18.1 150.0 2392.3 0.0428583957 0.9289214015 -0.3677881956 -0.9882295728 0.0935256109 0.1210588142 0.1468517333 0.3582707942 0.9219959974
29.1 -103.6 2430.0 0.3574603498 0.9289214015 -0.0965769887 -0.4788748026 0.0935256109 -0.8728870749 -0.8018110991 0.3582707942 0.4782687426
-249.7 -156.9 2199.1 0.7661194801 -0.1507051140 -0.6247791052 0.1052870527 0.9884154797 -0.1093135253 0.6340154409 0.0179660693 0.7731116414
-191.2 -540.3 2192.1 0.7522290349 0.1454392970 -0.6426498890 -0.0943454579 0.9890594482 0.1134034693 0.6521122456 -0.0246742833 0.7577207685
-153.3 -203.4 2338.3 0.9663108587 -0.0498134755 0.2525112927 0.0293871872 0.9960297942 0.0840300918 -0.2556945980 -0.0737785921 0.9639382958
-134.1 -587.5 2366.7 0.9416214228 0.2172548473 0.2571953237 -0.2052855492 0.9759870768 -0.0728498772 -0.2668462694 0.0157985240 0.9636095762
26.9 -225.6 2152.3 0 0 0 0 0 0 0 0 0
119.8 -225.1 2226.6 0 0 0 0 0 0 0 0 0
-245.5 -909.3 2201.3 0 0 0 0 0 0 0 0 0
-215.1 -951.4 2360.9 0 0 0 0 0 0 0 0 0
22.6 354.7 2288.8 1 0.5142418742 0.4155294001 -0.7502603531 -0.2609970272 0.9091210961 0.3246218860 0.8169674873 0.0288815778 0.5759600401
-59.3 175.4 2283.1 0.5142418742 0.4155294001 -0.7502603531 -0.2609970272 0.9091210961 0.3246218860 0.8169674873 0.0288815778 0.5759600401
-135.4 -3.1 2279.6 0.5239480138 0.3919680119 -0.7562007308 -0.2390131652 0.9198084474 0.3111673892 0.8175274730 0.0177063849 0.5756173730
-130.9 208.0 2171.4 0.1037922800 0.4944776893 -0.8629710078 0.9455444217 0.2200700641 0.2398225963 0.3085010052 -0.8408691883 -0.4447090328
-156.0 -21.0 2096.7 -0.6929182410 0.4944776893 -0.5247438550 0.6838513613 0.2200700641 -0.6956410408 -0.2284985632 -0.8408691883 -0.4906398058
12.2 142.7 2394.7 0.0383513756 0.9221667647 -0.3848865032 -0.9891113639 0.0897995383 0.1165963709 0.1420839280 0.3762239814 0.9155696034
22.1 -111.2 2431.2 0.3716607988 0.9221667647 -0.1071292982 -0.4751195610 0.0897995383 -0.8753270507 -0.7975773811 0.3762239814 0.4715144336
-255.4 -154.5 2207.5 0.7540788054 -0.1583709568 -0.6374039650 0.1012737527 0.9869235158 -0.1254018396 0.6489289403 0.0300105754 0.7602568865
-193.9 -537.4 2195.8 0.7426211834 0.1314355433 -0.6566874981 -0.0875997767 0.9911918044 0.0993233249 0.6639578342 -0.0162339322 0.7475937605
-156.9 -198.3 2348.3 0.9705832005 -0.0517612174 0.2351362258 0.0375600085 0.9972118735 0.0644808635 -0.2378182262 -0.0537523255 0.9698212147
-136.9 -584.1 2369.1 0.9456611276 0.2207964063 0.2386922985 -0.2223503441 0.9747460485 -0.0207478330 -0.2372454107 -0.0334528945 0.9708735943
35.8 -210.3 2160.0 0 0 0 0 0 0 0 0 0
116.4 -231.7 2228.8 0 0 0 0 0 0 0 0 0
-243.0 -907.3 2201.9 0 0 0 0 0 0 0 0 0
-219.2 -947.3 2381.5 0 0 0 0 0 0 0 0 0
20.2 360.8 2290.9 2 0.5461785197 0.3932915926 -0.7396017313 -0.2656973600 0.9186746478 0.2923043668 0.7944142222 0.0368598737 0.6062569022
-57.0 180.5 2283.6 0.5461785197 0.3932915926 -0.7396017313 -0.2656973600 0.9186746478 0.2923043668 0.7944142222 0.0368598737 0.6062569022
-130.6 1.0 2278.6 0.5532545447 0.3789952099 -0.7418032289 -0.2488045096 0.9250402451 0.2870486081 0.7949878573 0.0257530473 0.6060783863
-132.5 214.4 2175.1 0.1134937480 0.4841094017 -0.8676158786 0.9442051053 0.2192001641 0.2458210438 0.3091858327 -0.8471064568 -0.4322207272
-161.1 -23.3 2097.3 -0.7261334062 0.4841094017 -0.4882298410 0.6408218741 0.2192001641 -0.7357299924 -0.2491537333 -0.8471064568 -0.4693964720
18.5 146.6 2392.1 0.0568234324 0.9324205518 -0.3568795323 -0.9913270473 0.0951205492 0.0906797647 0.1184982508 0.3486315906 0.9297387600
33.1 -107.8 2422.5 0.3524840772 0.9324205518 -0.0796672031 -0.4520735741 0.0951205492 -0.8868943453 -0.8193805218 0.3486315906 0.4550511837
-258.3 -160.2 2203.0 0.7687213421 -0.1705576628 -0.6164231896 0.1227184981 0.9852135181 -0.1195597053 0.6277002692 0.0162615683 0.7782852650
-192.2 -542.6 2196.7 0.7532119751 0.1560551375 -0.6389980316 -0.1152548343 0.9877318144 0.1053669900 0.6476017237 -0.0057160649 0.7619575262
-163.6 -204.1 2347.4 0.9633711576 -0.0556106679 0.2623422742 0.0325255133 0.9952705503 0.0915350765 -0.2661918402 -0.0796494409 0.9606236815
-142.0 -589.7 2378.3 0.9395355582 0.2136136144 0.2676605880 -0.2063371688 0.9769129753 -0.0553716496 -0.2733092308 -0.0032046963 0.9619208574
39.7 -200.6 2166.2 0 0 0 0 0 0 0 0 0
122.5 -222.5 2214.8 0 0 0 0 0 0 0 0 0
-250.4 -911.1 2198.8 0 0 0 0 0 0 0 0 0
-221.7 -953.8 2379.5 0 0 0 0 0 0 0 0 0
15.9 360.5 2291.4 3 0.5392137170 0.3825114369 -0.7502890229 -0.2581183016 0.9230874777 0.2851042747 0.8016380072 0.0399311967 0.5964746475
-58.9 180.1 2283.6 0.5392137170 0.3825114369 -0.7502890229 -0.2581183016 0.9230874777 0.2851042747 0.8016380072 0.0399311967 0.5964746475
-130.6 -0.2 2277.7 0.5452460051 0.3694345057 -0.7524791956 -0.2432623804 0.9287548065 0.2797103822 0.8022033572 0.0305389166 0.5962693691
-133.4 213.3 2174.1 0.0658856779 0.4986240268 -0.8643108010 0.9548322558 0.2200198323 0.1997162998 0.2897488475 -0.8384302855 -0.4616061747
-150.5 -34.8 2098.8 -0.7486320138 0.4986240268 -0.4369487166 0.5968815684 0.2200198323 -0.7715721726 -0.2885870636 -0.8384302855 -0.4623333812
15.5 146.9 2393.2 0.0652445182 0.9267530441 -0.3699621260 -0.9906736016 0.1046018302 0.0873171687 0.1196201667 0.3608147204 0.9249344468
32.3 -107.4 2423.9 0.3677809536 0.9267530441 -0.0765897483 -0.4484372735 0.1046018302 -0.8876724839 -0.8146417737 0.3608147204 0.4540611506
-253.7 -156.3 2202.4 0.7626764178 -0.1616577655 -0.6262518764 0.1102882400 0.9865851402 -0.1203587875 0.6373077631 0.0227265917 0.7702742219
-190.9 -539.2 2193.6 0.7440139651 0.1677507311 -0.6467634439 -0.1029102281 0.9851908088 0.1371441633 0.6601914763 -0.0354785994 0.7502589822
-154.2 -201.3 2343.7 0.9683988094 -0.0194442626 0.2486477196 -0.0053188228 0.9951195121 0.0985334069 -0.2493501157 -0.0967421457 0.9635691643
-146.6 -586.9 2381.2 0.9476329684 0.2002362907 0.2487915605 -0.1940049082 0.9797468185 -0.0495813228 -0.2536807060 -0.0012818899 0.9672871828
58.9 -201.8 2179.5 0 0 0 0 0 0 0 0 0
125.6 -221.2 2217.2 0 0 0 0 0 0 0 0 0
-253.5 -906.7 2206.8 0 0 0 0 0 0 0 0 0
-221.3 -952.4 2381.7 0 0 0 0 0 0 0 0 0
11.3 362.6 2292.2 4 0.5128186941 0.3801247478 -0.7697546482 -0.2494406551 0.9239234328 0.2900772989 0.8214598894 0.0432510413 0.5686237812
-63.4 180.9 2283.7 0.5128186941 0.3801247478 -0.7697546482 -0.2494406551 0.9239234328 0.2900772989 0.8214598894 0.0432510413 0.5686237812
-134.7 0.5 2277.3 0.5189137459 0.3672953546 -0.7718954682 -0.2343261540 0.9295150042 0.2847684622 0.8220825791 0.0331050195 0.5684050322
-134.3 212.9 2171.5 0.0101017030 0.5030397773 -0.8642042279 0.9671913981 0.2144834697 0.1361529976 0.2538478971 -0.8372262716 -0.4843690991
-137.0 -51.2 2102.1 -0.7748945951 0.5030397773 -0.3827392459 0.5409265161 0.2144834697 -0.8132621646 -0.3270119727 -0.8372262716 -0.4383096397
7.4 148.9 2395.9 0.0621753894 0.9143108130 -0.4002124071 -0.9893193245 0.1094270721 0.0962964594 0.1318389624 0.3899506032 0.9113489985
23.4 -105.0 2429.8 0.3947326243 0.9143108130 -0.0906747431 -0.4563139975 0.1094270721 -0.8830646873 -0.7974733114 0.3899506032 0.4604072571
-251.2 -158.6 2199.9 0.7435165048 -0.1500483602 -0.6516661048 0.1036719754 0.9885832071 -0.1093404442 0.6606325507 0.0137369111 0.7505837679
-192.9 -542.4 2194.6 0.7296342254 0.1430401206 -0.6687102914 -0.0840549394 0.9892229438 0.1198863089 0.6786521077 -0.0312647521 0.7337941527
-153.3 -202.4 2343.1 0.9760541916 -0.0162825156 0.2169172913 -0.0065696361 0.9945331812 0.1042140201 -0.2174283266 -0.1031435952 0.9706113338
-147.0 -588.2 2383.1 0.9553821087 0.2004537433 0.2169408500 -0.1955737174 0.9797030687 -0.0439636335 -0.2213502973 -0.0004258621 0.9751942754
82.5 -204.5 2194.8 0 0 0 0 0 0 0 0 0
123.5 -220.8 2227.5 0 0 0 0 0 0 0 0 0
-246.3 -911.4 2206.2 0 0 0 0 0 0 0 0 0
-221.8 -953.8 2383.2 0 0 0 0 0 0 0 0 0
8.0 359.6 2293.1 5 0.4946906269 0.3670329154 -0.7877613902 -0.2359681576 0.9291167855 0.2847121060 0.8364210725 0.0450421982 0.5462334752
-64.1 177.1 2284.2 0.4946906269 0.3670329154 -0.7877613902 -0.2359681576 0.9291167855 0.2847121060 0.8364210725 0.0450421982 0.5462334752
-132.6 -4.5 2279.0 0.5030318499 0.3529854119 -0.7888981700 -0.2143702954 0.9352281690 0.2817687094 0.8372600079 0.0273776948 0.5461191535
-132.7 206.3 2169.9 0.0223629475 0.5069478750 -0.8616865873 0.9684680700 0.2029341906 0.1445245296 0.2481320798 -0.8377479315 -0.4864245951
-138.7 -52.3 2103.7 -0.7625867724 0.5069478750 -0.4018273950 0.5586549044 0.2029341906 -0.8041905761 -0.3261381686 -0.8377479315 -0.4379638433
4.6 147.8 2398.5 0.0732989982 0.9033004045 -0.4227004647 -0.9861973524 0.1287453473 0.1041125953 0.1484656632 0.4092347324 0.9002693295
23.4 -105.4 2436.6 0.4197778702 0.9033004045 -0.0885153711 -0.4620628059 0.1287453473 -0.8774523139 -0.7812070847 0.4092347324 0.4714259505
-252.5 -158.9 2197.2 0.7272328734 -0.1602911502 -0.6674122214 0.1195352152 0.9870675206 -0.1068129316 0.6759021282 -0.0021013902 0.7369884253
-190.3 -542.0 2198.1 0.7069325447 0.1706313640 -0.6863901019 -0.1162433326 0.9852962494 0.1252148747 0.6976631880 -0.0087301945 0.7163727283
-159.4 -201.0 2344.2 0.9803797603 -0.0368579701 0.1936414987 0.0182972066 0.9951376319 0.0967795700 -0.1962670386 -0.0913376361 0.9762871861
-145.1 -587.1 2379.6 0.9586402178 0.2059145570 0.1964894980 -0.2077887207 0.9781089425 -0.0112588508 -0.1945064962 -0.0300351121 0.9804412723
75.8 -209.4 2195.4 0 0 0 0 0 0 0 0 0
129.9 -222.5 2238.5 0 0 0 0 0 0 0 0 0
-253.9 -909.5 2201.3 0 0 0 0 0 0 0 0 0
-222.0 -952.0 2390.8 0 0 0 0 0 0 0 0 0
8.0 362.3 2293.0 6 0.5108233094 0.3667198420 -0.7775449157 -0.2400718033 0.9293214679 0.2805835903 0.8254847527 0.0433379710 0.5627582073
-64.2 179.2 2284.5 0.5108233094 0.3667198420 -0.7775449157 -0.2400718033 0.9293214679 0.2805835903 0.8254847527 0.0433379710 0.5627582073
-131.9 -2.6 2279.0 0.5191990733 0.3487566710 -0.7802571058 -0.2182262540 0.9367869496 0.2735096514 0.8263229728 0.0282666255 0.5624867678
-135.1 209.0 2171.7 0.0028128251 0.5171900392 -0.8558659554 0.9702033997 0.2059455514 0.1276391596 0.2422754914 -0.8307231069 -0.5012002587
-135.9 -56.9 2105.3 -0.7560926080 0.5171900392 -0.4010466635 0.5647566319 0.2059455514 -0.7991472483 -0.3307172358 -0.8307231069 -0.4478004277
6.7 149.4 2397.3 0.0809892341 0.9099485278 -0.4067363143 -0.9869303703 0.1302523762 0.0948826447 0.1393166929 0.3937359452 0.9086049199
27.5 -104.0 2433.1 0.4077840447 0.9099485278 -0.0755371526 -0.4539321661 0.1302523762 -0.8814646602 -0.7922485471 0.3937359452 0.4661697447
-246.1 -166.8 2198.7 0.7417311668 -0.1356774718 -0.6568306684 0.0985920727 0.9907430410 -0.0933158323 0.6634112597 0.0044569643 0.7482417226
-193.5 -551.2 2197.0 0.7276437879 0.1438970864 -0.6706922650 -0.0987239182 0.9895387292 0.1051986068 0.6788137555 -0.0103337467 0.7342377901
-156.0 -205.2 2348.5 0.9769328833 -0.0183487553 0.2127567381 0.0126316268 0.9995225072 0.0282000098 -0.2131725848 -0.0248620529 0.9766981602
-148.9 -592.2 2358.1 0.9608252048 0.1829490066 0.2081937045 -0.2190037966 0.9615397453 0.1657668948 -0.1698596179 -0.2048682272 0.9639381170
76.0 -215.1 2197.9 0 0 0 0 0 0 0 0 0
130.9 -219.1 2232.1 0 0 0 0 0 0 0 0 0
-247.1 -920.3 2200.9 0 0 0 0 0 0 0 0 0
-216.1 -945.4 2433.4 0 0 0 0 0 0 0 0 0
7.5 361.0 2294.0 7 0.5144841671 0.3666053712 -0.7751816511 -0.2408744395 0.9293898344 0.2796676457 0.8229736090 0.0428368710 0.5664622188
-64.5 178.6 2285.6 0.5144841671 0.3666053712 -0.7751816511 -0.2408744395 0.9293898344 0.2796676457 0.8229736090 0.0428368710 0.5664622188
-132.2 -3.2 2279.8 0.5221680403 0.3490734100 -0.7781312466 -0.2208399177 0.9366206527 0.2719770074 0.8237537742 0.0298247356 0.5661627650
-135.8 208.8 2173.1 0.0012841126 0.5223289132 -0.8527431488 0.9699134827 0.2069470435 0.1282213777 0.2434464097 -0.8272517323 -0.5063481331
-136.1 -54.4 2107.0 -0.7475009561 0.5223289132 -0.4103837311 0.5779802203 0.2069470435 -0.7893742919 -0.3273853064 -0.8272517323 -0.4565888941
6.9 148.5 2398.1 0.0813868493 0.9114084840 -0.4033742249 -0.9873547554 0.1289678514 0.0921841115 0.1360396892 0.3907708824 0.9103797674
27.7 -105.0 2433.0 0.4048083723 0.9114084840 -0.0739240125 -0.4515881538 0.1289678514 -0.8828564286 -0.7951089740 0.3907708824 0.4637885392
-246.1 -164.9 2199.5 0.7441678047 -0.1306389719 -0.6550936699 0.0964797214 0.9914271832 -0.0881124809 0.6609885693 0.0023672185 0.7503921986
-195.4 -549.7 2198.6 0.7330422401 0.1288102120 -0.6678749919 -0.0932708904 0.9916651249 0.0888865367 0.6737577915 -0.0028642963 0.7389466763
-153.1 -204.0 2347.5 0.9763697982 -0.0159954354 0.2155137956 0.0001991994 0.9973232150 0.0731188804 -0.2161064744 -0.0713481382 0.9737594128
-146.9 -590.3 2375.1 0.9565245509 0.1962839216 0.2157159448 -0.2134583294 0.9751568437 0.0592007227 -0.1987367123 -0.1026733145 0.9746599197
72.9 -216.1 2198.6 0 0 0 0 0 0 0 0 0
130.5 -219.6 2231.3 0 0 0 0 0 0 0 0 0
-243.5 -919.7 2199.7 0 0 0 0 0 0 0 0 0
-219.2 -949.5 2412.9 0 0 0 0 0 0 0 0 0
8.4 364.5 2293.0 8 0.5390926003 0.3669484854 -0.7581081390 -0.2462070882 0.9294438958 0.2748019695 0.8054571748 0.0385078937 0.5914016366
-63.9 181.6 2285.4 0.5390926003 0.3669484854 -0.7581081390 -0.2462070882 0.9294438958 0.2748019695 0.8054571748 0.0385078937 0.5914016366
-131.4 -0.4 2280.2 0.5468510389 0.3478580117 -0.7615436912 -0.2259471267 0.9371669888 0.2658306062 0.8061649203 0.0266988669 0.5910882354
-138.6 212.4 2175.3 -0.0089785820 0.5460941195 -0.8376756907 0.9672004580 0.2174084485 0.1313651502 0.2538555264 -0.8090208769 -0.5301345587
-136.1 -52.7 2105.7 -0.7131605744 0.5460941195 -0.4395261109 0.6273410320 0.2174084485 -0.7477812767 -0.3128022850 -0.8090208769 -0.4976343811
10.8 150.7 2395.5 0.0873605534 0.9223548174 -0.3763372004 -0.9881963730 0.1279617846 0.0842244476 0.1258416176 0.3645371795 0.9226464629
33.2 -103.0 2427.8 0.3819007576 0.9223548174 -0.0584241971 -0.4446695745 0.1279617846 -0.8865070343 -0.8101980090 0.3645371795 0.4590118229
-246.8 -165.2 2200.2 0.7625679374 -0.1312740147 -0.6334487200 0.0983301029 0.9913375974 -0.0870685875 0.6393913627 0.0041086352 0.7688704729
-195.8 -550.1 2198.6 0.7514782548 0.1313148290 -0.6465576887 -0.1015429646 0.9913360476 0.0833178386 0.6518968344 0.0030418409 0.7583015561
-153.2 -204.8 2347.8 0.9697265625 -0.0092496201 0.2440181077 -0.0098119108 0.9969994426 0.0767842084 -0.2439961582 -0.0768539682 0.9667261243
-149.6 -591.4 2377.6 0.9516823292 0.1866519451 0.2438479662 -0.1889334172 0.9818869829 -0.0142159099 -0.2420845628 -0.0325419977 0.9697092772
62.8 -227.7 2193.0 0 0 0 0 0 0 0 0 0
130.1 -215.8 2222.2 0 0 0 0 0 0 0 0 0
-244.8 -920.0 2197.5 0 0 0 0 0 0 0 0 0
-218.7 -954.6 2389.6 0 0 0 0 0 0 0 0 0
14.2 368.9 2294.0 9 0.5401554704 0.3838547766 -0.7489242554 -0.2602742612 0.9224858284 0.2850915790 0.8003057837 0.0409319177 0.5981932878
-61.6 186.8 2285.9 0.5401554704 0.3838547766 -0.7489242554 -0.2602742612 0.9224858284 0.2850915790 0.8003057837 0.0409319177 0.5981932878
-131.9 5.9 2280.2 0.5489428043 0.3618513644 -0.7534755468 -0.2384239286 0.9317733645 0.2737744749 0.8011341095 0.0293600820 0.5977642536
-136.6 219.3 2176.5 0.0009473589 0.5382719040 -0.8427706957 0.9669887424 0.2142596096 0.1379331350 0.2548172474 -0.8150804639 -0.5202999115
-136.9 -49.4 2105.6 -0.7238604426 0.5382719040 -0.4316126406 0.6128455997 0.2142596096 -0.7606004477 -0.3169327080 -0.8150804639 -0.4849716127
13.3 154.2 2395.3 0.0736756250 0.9266039133 -0.3687507212 -0.9900375605 0.1124446169 0.0847455561 0.1199895963 0.3588333726 0.9256570935
32.2 -100.0 2426.1 0.3697954118 0.9266039133 -0.0682388321 -0.4456410408 0.1124446169 -0.8881217837 -0.8152640462 0.3588333726 0.4545142353
-247.9 -162.1 2202.9 0.7676097155 -0.1325712651 -0.6270567775 0.0889438689 0.9909409881 -0.1006226689 0.6347159147 0.0214660875 0.7724473476
-196.4 -546.7 2194.5 0.7565333843 0.1299461126 -0.6409143806 -0.0826405287 0.9911988974 0.1034180522 0.6487123966 -0.0252737012 0.7606138587
-150.0 -202.5 2347.2 0.9677728415 0.0030442001 0.2518063486 -0.0261966586 0.9957187772 0.0886445045 -0.2504584491 -0.0923842266 0.9637093544
-151.1 -588.8 2383.0 0.9517833591 0.1791313738 0.2490388900 -0.1726100147 0.9838215709 -0.0479682647 -0.2536024451 0.0026687921 0.9673048258
65.1 -220.4 2194.1 0 0 0 0 0 0 0 0 0
126.1 -213.0 2219.2 0 0 0 0 0 0 0 0 0
-244.9 -916.5 2203.9 0 0 0 0 0 0 0 0 0
-217.7 -954.2 2382.0 0 0 0 0 0 0 0 0 0
12.5 366.3 2294.0 0 0.5111962557 0.3799948394 -0.7708970904 -0.2451432347 0.9241572022 0.2929815948 0.8237616420 0.0392091237 0.5655788779
-62.3 184.4 2286.3 0.5111962557 0.3799948394 -0.7708970904 -0.2451432347 0.9241572022 0.2929815948 0.8237616420 0.0392091237 0.5655788779
-132.3 3.4 2281.7 0.5204017162 0.3603812456 -0.7741494775 -0.2220583856 0.9325044155 0.2848255336 0.8245435953 0.0236826856 0.5653025508
-133.3 214.7 2173.7 0.0285997484 0.5485700369 -0.8356153369 0.9634181857 0.2077231705 0.1693413407 0.2664722502 -0.8098901510 -0.5225614905
-141.0 -43.9 2102.2 -0.7224196196 0.5485700369 -0.4209285378 0.6054122448 0.2077231705 -0.7683274746 -0.3340448141 -0.8098901510 -0.4821743071
8.7 154.1 2398.8 0.0693151504 0.9133447409 -0.4012441039 -0.9874395728 0.1200592294 0.1027078927 0.1419807673 0.3890850842 0.9101946354
26.5 -99.4 2435.2 0.3983524740 0.9133447409 -0.0843607336 -0.4614256322 0.1200592294 -0.8790177107 -0.7927179337 0.3890850842 0.4692665637
-251.3 -153.6 2202.8 0.7453514338 -0.1483307183 -0.6499609351 0.0977821052 0.9887138009 -0.1135062054 0.6594617963 0.0210474655 0.7514433265
-193.7 -537.4 2194.6 0.7334339619 0.1328856945 -0.6666453481 -0.0881950334 0.9910190105 0.1005137265 0.6740150452 -0.0149253709 0.7385668159
-152.9 -196.3 2346.3 0.9758758545 -0.0158344693 0.2177513242 -0.0029806769 0.9963072538 0.0858078226 -0.2183059454 -0.0843868256 0.9722249508
-146.8 -582.9 2379.0 0.9563807249 0.1942555606 0.2181759477 -0.1937800497 0.9807565808 -0.0237877462 -0.2185983956 -0.0195280034 0.9756194949
60.6 -212.9 2195.4 0 0 0 0 0 0 0 0 0
127.6 -216.4 2234.2 0 0 0 0 0 0 0 0 0
-243.3 -907.2 2200.2 0 0 0 0 0 0 0 0 0
-219.1 -947.9 2386.3 0 0 0 0 0 0 0 0 0
16.3 371.1 2299.0 1 0.4835698605 0.3857526183 -0.7857195139 -0.2401619107 0.9216747284 0.3046931922 0.8417140245 0.0413594618 0.5383371711
-60.1 188.5 2290.8 0.4835698605 0.3857526183 -0.7857195139 -0.2401619107 0.9216747284 0.3046931922 0.8417140245 0.0413594618 0.5383371711
-131.1 7.9 2285.8 0.4929974973 0.3656092584 -0.7894829512 -0.2169229984 0.9304158092 0.2954163253 0.8425543904 0.0256175026 0.5380017161
-127.4 218.1 2175.8 0.0498750918 0.5436689258 -0.8378165364 0.9608442187 0.2028088719 0.1888039410 0.2725634575 -0.8144277930 -0.5122660398
-141.1 -45.0 2101.2 -0.7312139273 0.5436689258 -0.4120076001 0.5908014178 0.2028088719 -0.7809112072 -0.3409983516 -0.8144277930 -0.4694970250
7.2 158.9 2405.8 0.0583903864 0.9015809894 -0.4286517203 -0.9863752127 0.1182562783 0.1143650711 0.1538001299 0.4161336124 0.8962021470
22.2 -94.3 2445.3 0.4197311103 0.9015809894 -0.1047736630 -0.4720799029 0.1182562783 -0.8735880256 -0.7752202153 0.4161336124 0.4752540886
-248.8 -157.7 2203.3 0.7268477082 -0.1446239054 -0.6713988185 0.0876333490 0.9891163111 -0.1181917116 0.6811848283 0.0270704497 0.7316108346
-192.7 -541.7 2192.8 0.7134627104 0.1393086165 -0.6867052317 -0.0883242562 0.9900999665 0.1090910435 0.6951041818 -0.0171796624 0.7187037468
-155.7 -197.5 2350.9 0.9819512963 -0.0206780452 0.1880000830 0.0038736502 0.9959957600 0.0893165022 -0.1890941858 -0.0869762078 0.9780994654
-147.6 -584.1 2384.6 0.9627839327 0.1931037754 0.1890979409 -0.1890169829 0.9811754823 -0.0395888500 -0.1931830198 0.0023727852 0.9811598659
63.0 -209.9 2196.3 0 0 0 0 0 0 0 0 0
128.6 -214.0 2248.6 0 0 0 0 0 0 0 0 0
-244.7 -911.3 2199.2 0 0 0 0 0 0 0 0 0
-219.6 -949.7 2383.8 0 0 0 0 0 0 0 0 0
18.1 372.4 2304.5 2 0.4687728584 0.3883859217 -0.7933526039 -0.2545499802 0.9194453955 0.2997072637 0.8458464742 0.0614532679 0.5298746824
-58.6 190.6 2292.3 0.4687728584 0.3883859217 -0.7933526039 -0.2545499802 0.9194453955 0.2997072637 0.8458464742 0.0614532679 0.5298746824
-130.6 10.6 2283.9 0.4784258306 0.3710152805 -0.7958997488 -0.2310715765 0.9276080132 0.2935120165 0.8471804261 0.0434860736 0.5295227170
-124.0 222.2 2176.7 0.0729334652 0.5368897319 -0.8404939771 0.9569496512 0.1997205168 0.2106160820 0.2809415162 -0.8196713328 -0.4992101192
-144.0 -40.8 2099.5 -0.7279864550 0.5368897319 -0.4263626337 0.6006857157 0.1997205168 -0.7741371989 -0.3304729760 -0.8196713328 -0.4678958356
6.7 159.1 2408.0 0.0500597022 0.8956727386 -0.4418873191 -0.9886330366 0.1072425768 0.1053743213 0.1417700350 0.4315893948 0.8908601999
19.5 -94.7 2444.4 0.4289282262 0.8956727386 -0.1174348295 -0.4645994604 0.1072425768 -0.8790030479 -0.7747050524 0.4315893948 0.4621284306
-246.2 -153.3 2205.4 0.7157869339 -0.1443916708 -0.6832277179 0.0802461952 0.9889157414 -0.1249246970 0.6936927438 0.0345930420 0.7194398642
-190.1 -537.2 2192.0 0.7021368742 0.1406434625 -0.6980137825 -0.0873681679 0.9899081588 0.1115733013 0.7066615820 -0.0173555426 0.7073388100
-157.9 -192.1 2356.2 0.9844807982 -0.0264316015 0.1734905094 0.0153296245 0.9977660179 0.0650227740 -0.1748215854 -0.0613541268 0.9826866388
-147.7 -579.3 2380.0 0.9665734768 0.1873561293 0.1750238985 -0.1880038679 0.9820819497 -0.0130240181 -0.1743279397 -0.0203165002 0.9844780564
59.2 -208.5 2191.7 0 0 0 0 0 0 0 0 0
128.4 -212.6 2247.8 0 0 0 0 0 0 0 0 0
-242.6 -906.7 2198.4 0 0 0 0 0 0 0 0 0
-217.6 -945.5 2387.6 0 0 0 0 0 0 0 0 0
18.2 365.0 2305.7 3 0.4518491328 0.3952416182 -0.7997602224 -0.2654374540 0.9154589772 0.3024529219 0.8516896963 0.0756232217 0.5185613036
-59.7 184.7 2290.8 0.4518491328 0.3952416182 -0.7997602224 -0.2654374540 0.9154589772 0.3024529219 0.8516896963 0.0756232217 0.5185613036
-131.4 4.7 2279.6 0.4632273018 0.3698381782 -0.8053820133 -0.2380323112 0.9272918701 0.2889124155 0.8536750674 0.0578748286 0.5175803304
-122.9 217.2 2174.3 0.0954608917 0.5267904997 -0.8446176648 0.9533565044 0.1957007498 0.2298099697 0.2863540053 -0.8271595836 -0.4835373461
-148.2 -35.0 2098.5 -0.7269220352 0.5267904997 -0.4405407012 0.6080875397 0.1957007498 -0.7693703175 -0.3190828264 -0.8271595836 -0.4625939429
3.6 152.1 2407.4 0.0479830205 0.8877403140 -0.4578370750 -0.9897570610 0.1039586589 0.0978443250 0.1344564706 0.4484526217 0.8836355209
15.9 -101.9 2441.9 0.4429727495 0.8877403140 -0.1252689213 -0.4580015242 0.1039586589 -0.8828517795 -0.7707203031 0.4484526217 0.4526372552
-245.5 -148.7 2199.6 0.7009282112 -0.1445202082 -0.6984364986 0.0900527388 0.9893515110 -0.1143422127 0.7075239420 0.0172495600 0.7064787745
-189.4 -532.8 2192.9 0.6851776242 0.1497547626 -0.7128149271 -0.0887558833 0.9885091186 0.1223605201 0.7229481339 -0.0205721725 0.6905959845
-159.8 -190.1 2351.3 0.9873904586 -0.0334724970 0.1547243744 0.0191489030 0.9954674840 0.0931549221 -0.1571412086 -0.0890174806 0.9835560918
-146.8 -576.4 2385.8 0.9693560600 0.1882178932 0.1578697562 -0.1832369864 0.9820075035 -0.0456674024 -0.1636247039 0.0153403943 0.9864034057
54.8 -204.8 2187.6 0 0 0 0 0 0 0 0 0
128.3 -218.2 2246.3 0 0 0 0 0 0 0 0 0
-245.3 -901.8 2200.6 0 0 0 0 0 0 0 0 0
-217.0 -942.5 2380.1 0 0 0 0 0 0 0 0 0
22.3 357.7 2299.8 4 0.4806782305 0.4111366570 -0.7745418549 -0.2778878510 0.9091699123 0.3101426065 0.8317011595 0.0661569908 0.5512680411
-59.2 177.3 2286.7 0.4806782305 0.4111366570 -0.7745418549 -0.2778878510 0.9091699123 0.3101426065 0.8317011595 0.0661569908 0.5512680411
-133.3 -1.8 2276.1 0.4915018976 0.3816695809 -0.7827861905 -0.2528789341 0.9226683378 0.2910934985 0.8333535194 0.0548771247 0.5500094295
-126.3 211.9 2173.0 0.0864301622 0.5193191767 -0.8501984477 0.9547069073 0.2007145882 0.2196550816 0.2847183347 -0.8306751847 -0.4784498215
-148.8 -36.2 2099.0 -0.7342988253 0.5193191767 -0.4371645451 0.6020495296 0.2007145882 -0.7728195190 -0.3135946989 -0.8306751847 -0.4600403607
7.8 142.8 2400.5 0.0419504829 0.9045915008 -0.4242103100 -0.9917103648 0.0893119574 0.0923789591 0.1214522719 0.4168184400 0.9008394480
18.6 -111.8 2431.6 0.4095410109 0.9045915008 -0.1182810143 -0.4533979893 0.0893119574 -0.8868222237 -0.7916479111 0.4168184400 0.4467168450
-244.6 -154.0 2191.9 0.7225759029 -0.1399639398 -0.6769742966 0.1081631333 0.9901181459 -0.0892570987 0.6827772856 -0.0087286299 0.7305744290
-190.3 -538.2 2195.3 0.7060912251 0.1534815878 -0.6912876368 -0.1008081287 0.9880723357 0.1164076775 0.7009086013 -0.0125070252 0.7131413817
-161.7 -196.6 2344.8 0.9810146093 -0.0342126749 0.1908923239 0.0150207300 0.9947635531 0.1010934711 -0.1933513880 -0.0963068232 0.9763914347
-148.4 -582.7 2382.2 0.9639627934 0.1823044866 0.1937544793 -0.1793114990 0.9832378030 -0.0330266431 -0.1965276301 -0.0029059474 0.9804939628
56.2 -204.2 2186.6 0 0 0 0 0 0 0 0 0
122.5 -226.8 2230.9 0 0 0 0 0 0 0 0 0
-247.6 -907.0 2200.0 0 0 0 0 0 0 0 0 0
-216.4 -949.5 2383.3 0 0 0 0 0 0 0 0 0
19.0 355.0 2296.4 5 0.4960793853 0.3953724802 -0.7730367780 -0.2725471258 0.9162188768 0.2937023640 0.8243926764 0.0649892539 0.5622749329
-58.8 174.6 2283.6 0.4960793853 0.3953724802 -0.7730367780 -0.2725471258 0.9162188768 0.2937023640 0.8243926764 0.0649892539 0.5622749329
-131.6 -5.1 2274.0 0.5059385896 0.3749305308 -0.7768225074 -0.2489716262 0.9257362485 0.2846498489 0.8258566856 0.0493914038 0.5617128015
-127.9 208.6 2170.8 0.0641724765 0.5173521638 -0.8533630967 0.9594227672 0.2032942176 0.1953954250 0.2745720446 -0.8312750459 -0.4833135903
-144.7 -41.9 2099.1 -0.7417561412 0.5173521638 -0.4267839193 0.5909616351 0.2032942176 -0.7806637287 -0.3171153665 -0.8312750459 -0.4565300345
10.3 140.6 2396.4 0.0519366935 0.9099840522 -0.4113776386 -0.9913572669 0.0966731235 0.0886853859 0.1204714552 0.4032161832 0.9071401954
23.6 -113.9 2427.3 0.4013117254 0.9099840522 -0.1042970568 -0.4499419332 0.0966731235 -0.8878099918 -0.7978101969 0.4032161832 0.4482360482
-251.3 -158.2 2190.9 0.7309229374 -0.1579908878 -0.6639205813 0.1195745543 0.9874330163 -0.1033341065 0.6719029546 -0.0038587321 0.7406291366
-190.0 -541.4 2192.4 0.7102989554 0.1725923717 -0.6824128032 -0.1050965488 0.9846104980 0.1396314502 0.6960101128 -0.0274608396 0.7175066471
-163.4 -203.5 2340.1 0.9779927135 -0.0382041037 0.2051112950 0.0198387783 0.9956660867 0.0908596888 -0.2076935768 -0.0847909525 0.9745121002
-148.5 -590.0 2373.0 0.9593074322 0.1917410344 0.2072791308 -0.2003320009 0.9795012474 0.0210797023 -0.1989883184 -0.0617465563 0.9780547023
62.4 -206.9 2187.7 0 0 0 0 0 0 0 0 0
125.4 -228.1 2224.9 0 0 0 0 0 0 0 0 0
-254.4 -908.8 2202.7 0 0 0 0 0 0 0 0 0
-220.0 -954.8 2396.0 0 0 0 0 0 0 0 0 0
18.3 354.5 2294.2 6 0.5118215680 0.3902342021 -0.7653469443 -0.2673006356 0.9189962745 0.2898209393 0.8164490461 0.0562411249 0.5746719837
-58.0 174.8 2283.2 0.5118215680 0.3902342021 -0.7653469443 -0.2673006356 0.9189962745 0.2898209393 0.8164490461 0.0562411249 0.5746719837
-129.7 -5.3 2275.5 0.5219334364 0.3698748350 -0.7686209083 -0.2427263409 0.9282436371 0.2818645537 0.8177220821 0.0394500010 0.5742598176
-129.2 208.0 2171.5 0.0418563895 0.5259450078 -0.8494880199 0.9610583782 0.2112570554 0.1781496704 0.2731572688 -0.8238642812 -0.4966213703
-140.4 -47.6 2098.9 -0.7432519197 0.5259450078 -0.4134712517 0.5850666165 0.2112570554 -0.7829862833 -0.3244589567 -0.8238642812 -0.4647300839
13.3 141.7 2394.9 0.0604025349 0.9162983298 -0.3959152997 -0.9905593395 0.1039246544 0.0893971249 0.1230597943 0.3867777884 0.9139251709
28.8 -112.6 2426.5 0.3900813758 0.9162983298 -0.0907408744 -0.4503965974 0.1039246544 -0.8867595792 -0.8031061292 0.3867777884 0.4532367289
-249.6 -162.5 2190.5 0.7438200712 -0.1475358754 -0.6518933177 0.1141155064 0.9890453219 -0.0936322883 0.6585661769 -0.0047455672 0.7525078654
-192.4 -546.4 2192.4 0.7262606621 0.1606668532 -0.6683798432 -0.1019011810 0.9867231846 0.1264653504 0.6798247099 -0.0237381123 0.7329903841
-159.0 -207.1 2338.4 0.9748107791 -0.0255638584 0.2215636373 0.0039800270 0.9952452183 0.0973198190 -0.2229980081 -0.0939865783 0.9702774882
-149.1 -593.4 2374.9 0.9554998279 0.1932816207 0.2228503078 -0.2033958137 0.9788231850 0.0231372193 -0.2136590481 -0.0674344301 0.9745780826
67.2 -211.0 2189.5 0 0 0 0 0 0 0 0 0
127.8 -226.9 2222.7 0 0 0 0 0 0 0 0 0
-252.3 -914.6 2201.2 0 0 0 0 0 0 0 0 0
-221.2 -958.4 2400.0 0 0 0 0 0 0 0 0 0
15.8 347.5 2295.6 7 0.5238880515 0.3787668943 -0.7629396915 -0.2752171755 0.9229208827 0.2692072690 0.8060997725 0.0689396262 0.5877503753
-58.2 167.1 2282.1 0.5238880515 0.3787668943 -0.7629396915 -0.2752171755 0.9229208827 0.2692072690 0.8060997725 0.0689396262 0.5877503753
-128.3 -13.7 2272.6 0.5341729522 0.3609667718 -0.7644358873 -0.2494370341 0.9312968850 0.2654567957 0.8077378273 0.0488787852 0.5875120759
-131.2 201.1 2171.8 0.0267776065 0.5375530124 -0.8428046703 0.9605236650 0.2197095305 0.1706516892 0.2769065499 -0.8141034842 -0.5104491115
-138.2 -49.9 2099.4 -0.7416623235 0.5375530124 -0.4012154043 0.5825651884 0.2197095305 -0.7825250626 -0.3324978650 -0.8141034842 -0.4761099517
14.7 133.0 2392.4 0.0717897490 0.9198244214 -0.3857061565 -0.9916058183 0.1075113043 0.0718277097 0.1075366586 0.3773119748 0.9198215008
33.1 -121.5 2420.0 0.3848285675 0.9198244214 -0.0763543770 -0.4344100654 0.1075113043 -0.8942757845 -0.8143677711 0.3773119748 0.4409544170
-248.2 -163.8 2194.6 0.7518043518 -0.1418187916 -0.6439546943 0.1035072803 0.9898720384 -0.0971578211 0.6512115002 0.0063896794 0.7588693500
-193.2 -548.0 2192.2 0.7335472107 0.1649173349 -0.6593260169 -0.1035920754 0.9859083891 0.1313518882 0.6716972589 -0.0280518588 0.7402944565
-154.8 -207.3 2341.1 0.9723942280 -0.0169426855 0.2327281088 0.0011585007 0.9976987839 0.0677923113 -0.2333411425 -0.0656512380 0.9701761603
-148.2 -594.4 2366.6 0.9518870115 0.1988731474 0.2331535518 -0.2127208859 0.9764653444 0.0355710313 -0.2205922455 -0.0834562331 0.9717891216
68.9 -212.5 2192.3 0 0 0 0 0 0 0 0 0
130.8 -231.8 2213.4 0 0 0 0 0 0 0 0 0
-254.7 -916.0 2202.6 0 0 0 0 0 0 0 0 0
-222.4 -958.7 2397.7 0 0 0 0 0 0 0 0 0
12.0 349.1 2294.3 8 0.5268455744 0.3617048562 -0.7691575885 -0.2690793872 0.9293661118 0.2527348697 0.8062443733 0.0738122016 0.5869597197
-58.4 168.2 2279.9 0.5268455744 0.3617048562 -0.7691575885 -0.2690793872 0.9293661118 0.2527348697 0.8062443733 0.0738122016 0.5869597197
-126.6 -13.3 2269.8 0.5355281830 0.3513143957 -0.7679764032 -0.2463789731 0.9348005056 0.2558229566 0.8077790141 0.0522128344 0.5871685147
-131.6 201.8 2169.6 0.0126109114 0.5333667994 -0.8457900882 0.9650892615 0.2148161083 0.1498556584 0.2616173625 -0.8181527257 -0.5120375156
-134.9 -55.3 2099.9 -0.7470286489 0.5333667994 -0.3968224227 0.5733631849 0.2148161083 -0.7906381488 -0.3364562690 -0.8181527257 -0.4662866592
14.7 134.5 2390.2 0.0818621740 0.9181163311 -0.3877640963 -0.9911258817 0.1158784553 0.0651276782 0.1047282889 0.3789915442 0.9194549322
35.8 -119.9 2417.1 0.3904823661 0.9181163311 -0.0677196011 -0.4279097319 0.1158784553 -0.8963623643 -0.8151176572 0.3789915442 0.4381194115
-246.2 -172.1 2190.8 0.7499134541 -0.1334106177 -0.6479439735 0.1081330180 0.9910008907 -0.0788951591 0.6526384950 -0.0108995950 0.7575910091
-194.4 -556.8 2195.0 0.7311077714 0.1669140458 -0.6615293622 -0.1181557253 0.9859369993 0.1181839705 0.6719528437 -0.0082417419 0.7405480742
-150.5 -216.8 2335.4 0.9731186628 0.0050638849 0.2302487344 -0.0287294611 0.9946180582 0.0995468721 -0.2285054624 -0.1034858376 0.9680268168
-152.5 -602.5 2375.6 0.9559400082 0.1845521331 0.2282963395 -0.1871519387 0.9822759032 -0.0104034971 -0.2261699736 -0.0327809863 0.9735361338
73.6 -215.4 2193.8 0 0 0 0 0 0 0 0 0
134.9 -228.5 2210.3 0 0 0 0 0 0 0 0 0
-256.7 -924.7 2198.1 0 0 0 0 0 0 0 0 0
-221.3 -968.5 2387.8 0 0 0 0 0 0 0 0 0
21.4 354.6 2286.6 9 0.5370794535 0.3911959827 -0.7473361492 -0.2692987919 0.9191165566 0.2875812054 0.7993896604 0.0468027554 0.5989872217
-55.4 174.1 2277.4 0.5370794535 0.3911959827 -0.7473361492 -0.2692987919 0.9191165566 0.2875812054 0.7993896604 0.0468027554 0.5989872217
-127.3 -6.0 2270.7 0.5458804369 0.3705883920 -0.7514510751 -0.2479571700 0.9281454086 0.2776028216 0.8003323078 0.0347897299 0.5985465050
-130.0 208.0 2168.1 0.0147448275 0.5307584405 -0.8473948836 0.9683615565 0.2035649717 0.1443508118 0.2491153181 -0.8227130771 -0.5109645128
-134.0 -56.4 2100.1 -0.7423874140 0.5307584405 -0.4088476896 0.5799489617 0.2035649717 -0.7888095379 -0.3354402483 -0.8227130771 -0.4589368403
19.2 140.3 2386.8 0.0644380748 0.9272970557 -0.3687382936 -0.9912958145 0.1019899547 0.0832508728 0.1148058847 0.3601641953 0.9257977009
35.7 -114.2 2416.2 0.3663686514 0.9272970557 -0.0767737105 -0.4446214736 0.1019899547 -0.8898931146 -0.8173651099 0.3601641953 0.4496621192
-242.8 -172.7 2187.3 0.7637661695 -0.1188575178 -0.6344558001 0.1042314693 0.9927113652 -0.0604971163 0.6370220184 -0.0199246090 0.7705880404
-196.6 -558.0 2195.0 0.7513722777 0.1380865276 -0.6452687979 -0.0984710678 0.9903741479 0.0972755924 0.6524899602 -0.0095498748 0.7577371597
-146.8 -216.8 2332.0 0.9679521322 0.0109467823 0.2508961558 -0.0433843583 0.9913178086 0.1241240203 -0.2473590821 -0.1310310811 0.9600231051
-151.1 -601.3 2382.8 0.9502226114 0.1919317245 0.2454367429 -0.1865540445 0.9814041853 -0.0452040061 -0.2495487332 -0.0028333482 0.9683580995
73.3 -218.3 2193.7 0 0 0 0 0 0 0 0 0
128.7 -227.0 2208.8 0 0 0 0 0 0 0 0 0
-248.2 -927.5 2198.6 0 0 0 0 0 0 0 0 0
-222.6 -967.2 2383.9 0 0 0 0 0 0 0 0 0
25.5 356.4 2297.3 0 0.4951245487 0.3973194659 -0.7726505995 -0.2899990082 0.9138829112 0.2841100991 0.8189946413 0.0833980218 0.5677081347
-52.6 176.8 2280.9 0.4951245487 0.3973194659 -0.7726505995 -0.2899990082 0.9138829112 0.2841100991 0.8189946413 0.0833980218 0.5677081347
-126.1 -2.3 2267.8 0.5047060251 0.3792688847 -0.7755171657 -0.2673377693 0.9228317738 0.2773302495 0.8208546042 0.0673547685 0.5671516657
-121.5 213.3 2168.9 0.1232305169 0.5898973346 -0.7980196476 0.9335261583 0.2039003819 0.2948789299 0.3366647959 -0.7813103199 -0.5255578160
-148.3 10.0 2095.6 -0.6014962792 0.5898973346 -0.5387238264 0.7565070987 0.2039003819 -0.6213868856 -0.2567084730 -0.7813103199 -0.5689068437
16.2 140.2 2392.9 0.0620603189 0.9713634849 -0.2293501794 -0.8994026184 0.1540503949 0.4090762734 0.4326932430 0.1808907539 0.8832072616
33.0 -102.7 2509.8 0.2216444314 0.9713634849 0.0855963230 -0.3132350445 0.1540503949 -0.9370977879 -0.9234487414 0.1808907539 0.3384094834
-248.1 -163.8 2192.3 0.7305344343 -0.1398548931 -0.6684011221 0.1134316921 0.9900575876 -0.0831815600 0.6733889580 -0.0150508778 0.7391351461
-193.8 -548.1 2198.1 0.7150977850 0.1498669237 -0.6827701926 -0.1079290658 0.9887059331 0.1039800644 0.6906421185 -0.0006651659 0.7231963873
-150.3 -208.3 2335.7 0.9784294963 -0.0004331048 0.2065806985 -0.0176557209 0.9961635470 0.0857113972 -0.2058252841 -0.0875098854 0.9746681452
-150.1 -594.5 2369.6 0.9598751068 0.1899037510 0.2063403428 -0.2012826800 0.9788922071 0.0354314521 -0.1952563822 -0.0755425021 0.9778385758
-5.4 -169.8 2156.6 0 0 0 0 0 0 0 0 0
87.7 -180.0 2282.1 0 0 0 0 0 0 0 0 0
-249.7 -917.0 2198.4 0 0 0 0 0 0 0 0 0
-220.8 -958.7 2397.7 0 0 0 0 0 0 0 0 0
24.6 356.7 2302.6 1 0.4728826880 0.3997218907 -0.7852416039 -0.3041592240 0.9104526639 0.2802911103 0.8269637823 0.1062936559 0.5521163940
-54.2 177.3 2281.7 0.4728826880 0.3997218907 -0.7852416039 -0.3041592240 0.9104526639 0.2802911103 0.8269637823 0.1062936559 0.5521163940
-128.4 -1.3 2266.4 0.4860037267 0.3830401003 -0.7855448127 -0.2734704018 0.9203520417 0.2795819044 0.8300688863 0.0789454281 0.5520446301
-120.5 214.7 2168.4 0.1456725001 0.5660651922 -0.8113875389 0.9334279895 0.1931490749 0.3023336530 0.3278593123 -0.8014135361 -0.5002445579
-153.3 4.7 2094.6 -0.5914522409 0.5660651922 -0.5742424726 0.7723588943 0.1931490749 -0.6051075459 -0.2316159159 -0.8014135361 -0.5514439344
12.2 140.0 2395.0 -0.0169309434 0.9412435889 -0.3373037279 -0.9337902069 0.1057084501 0.3418502212 0.3574202061 0.3207587600 0.8771343231
8.3 -71.1 2475.8 0.3329966366 0.9412435889 -0.0563355498 -0.4489059746 0.1057084501 -0.8873044252 -0.8292144537 0.3207587600 0.4577304423
-244.7 -157.4 2181.3 0.7139680386 -0.1368202865 -0.6866802573 0.1288545728 0.9896468520 -0.0632109344 0.6882194877 -0.0433513075 0.7242061496
-191.6 -541.4 2198.1 0.6956743598 0.1611338705 -0.7000522017 -0.1151705086 0.9869300723 0.1127154455 0.7090648413 0.0022121198 0.7051398158
-154.3 -205.3 2328.2 0.9823557734 -0.0120733846 0.1866317838 -0.0130112218 0.9910842180 0.1326000839 -0.1865687519 -0.1326887608 0.9734401703
-149.7 -589.4 2379.6 0.9652394056 0.1832296848 0.1863861382 -0.1838555485 0.9828525186 -0.0140736587 -0.1857687980 -0.0206836779 0.9823757410
-8.0 -185.0 2151.5 0 0 0 0 0 0 0 0 0
90.1 -181.2 2272.3 0 0 0 0 0 0 0 0 0
-251.7 -909.7 2197.3 0 0 0 0 0 0 0 0 0
-217.9 -955.1 2387.3 0 0 0 0 0 0 0 0 0
26.3 355.2 2298.3 2 0.4956668019 0.4045062959 -0.7685629725 -0.3067842424 0.9094184637 0.2807873189 0.8125256300 0.0966060534 0.5748646855
-53.1 176.7 2279.3 0.4956668019 0.4045062959 -0.7685629725 -0.3067842424 0.9094184637 0.2807873189 0.8125256300 0.0966060534 0.5748646855
-128.3 -1.7 2264.9 0.5072367787 0.3874584138 -0.7697966099 -0.2800744772 0.9188622832 0.2779394686 0.8150270581 0.0746192485 0.5745979548
-122.4 214.9 2168.1 0.1072106436 0.5458321571 -0.8310073018 0.9469544291 0.1986279786 0.2526345253 0.3029573560 -0.8140111566 -0.4955831766
-148.7 -17.5 2093.7 -0.6334986091 0.5458321571 -0.5484037995 0.7336750031 0.1986279786 -0.6498214602 -0.2457651198 -0.8140111566 -0.5262939334
16.1 138.4 2390.6 -0.0968005881 0.9063860178 -0.4112103879 -0.9403299093 0.0521237180 0.3362480700 0.3262043595 0.4192224443 0.8472563028
-3.7 -53.9 2457.3 0.3834997416 0.9063860178 -0.1771786660 -0.5177248120 0.0521237180 -0.8539578915 -0.7647803426 0.4192224443 0.4892479777
-246.2 -155.4 2176.7 0.7302613258 -0.1444773972 -0.6677160263 0.1377769262 0.9884453416 -0.0631927997 0.6691307425 -0.0458486006 0.7417290211
-190.1 -539.0 2194.5 0.7098532319 0.1714619845 -0.6831611395 -0.1002982184 0.9846403599 0.1429111809 0.6971718669 -0.0329261199 0.7161474824
-159.1 -204.4 2325.3 0.9766651988 -0.0335598886 0.2121292353 -0.0003001696 0.9875014424 0.1576095968 -0.2147672921 -0.1539954841 0.9644482136
-146.1 -587.2 2385.0 0.9531489015 0.2138046175 0.2139970362 -0.2002789080 0.9761940241 -0.0832682177 -0.2267057598 0.0365079194 0.9732788205
10.0 -201.4 2155.3 0 0 0 0 0 0 0 0 0
91.5 -182.4 2267.5 0 0 0 0 0 0 0 0 0
-254.0 -906.3 2206.8 0 0 0 0 0 0 0 0 0
-225.7 -950.3 2371.4 0 0 0 0 0 0 0 0 0
32.7 356.9 2296.1 3 0.4900668263 0.4228419065 -0.7622593045 -0.3101858497 0.9018213153 0.3008373082 0.8146283031 0.0890116766 0.5731122494
-50.9 178.7 2278.6 0.4900668263 0.4228419065 -0.7622593045 -0.3101858497 0.9018213153 0.3008373082 0.8146283031 0.0890116766 0.5731122494
-128.6 1.4 2265.0 0.5024772286 0.4004769921 -0.7662472129 -0.2828204334 0.9136317968 0.2920437157 0.8170246482 0.0699650645 0.5723422170
-119.5 217.4 2167.0 0.0886709094 0.5335618854 -0.8410999775 0.9545668960 0.1956683546 0.2247574627 0.2844986618 -0.8228156567 -0.4919704497
-142.8 -34.1 2092.0 -0.6698784828 0.5335618854 -0.5163085461 0.6916745305 0.1956683546 -0.6951979995 -0.2699059248 -0.8228156567 -0.5001251698
17.8 140.1 2390.1 -0.1513553262 0.8641065955 -0.4800117910 -0.9437827468 0.0180448070 0.3300735056 0.2938804328 0.5029852390 0.8127977252
-12.1 -45.8 2448.0 0.4285057783 0.8641065955 -0.2640123963 -0.5505921841 0.0180448070 -0.8345793486 -0.7164014578 0.5029852390 0.4835026562
