92.7 318.8 2159.5 62 0.4887735844 0.5775591135 -0.6538546681 -0.1902705878 0.8020102978 0.5661948323 0.8514091372 -0.1523317695 0.5018939376
-22.2 159.3 2189.8 0.4887735844 0.5775591135 -0.6538546681 -0.1902705878 0.8020102978 0.5661948323 0.8514091372 -0.1523317695 0.5018939376
-128.9 -0.3 2217.1 0.4932721555 0.5497568846 -0.6741290092 -0.1837845892 0.8233428597 0.5369634032 0.8502386808 -0.1409745812 0.5071689487
-89.6 184.3 2073.9 0.1288495511 0.2499573082 -0.9596453309 0.9758549333 0.1401463300 0.1675296724 0.1763660312 -0.9580607414 -0.2258642763
-121.4 -56.9 2030.3 -0.7145578861 0.2499573082 -0.6533975005 0.6944118142 0.1401463300 -0.7057982683 -0.0848481804 -0.9580607414 -0.2737159729
45.2 134.2 2305.8 0.0866571143 0.8673986197 -0.4900104105 -0.9714785218 -0.0354015343 -0.2344700545 -0.2207261175 0.4963530898 0.8395913243
66.5 -104.3 2251.6 0.3972499967 0.8673986197 -0.2996866703 -0.5514584184 -0.0354015343 -0.8334508538 -0.7335434556 0.4963530898 0.4642710090
-278.4 -150.0 2154.5 0.4394658804 -0.2466349006 -0.8637366295 0.0929555595 0.9688914418 -0.2293657959 0.8934366107 0.0205093175 0.4487208128
-182.7 -526.0 2146.6 0.4393368363 0.1582381129 -0.8842759132 0.0921625867 0.9712297916 0.2195875645 0.8935822248 -0.1779700518 0.4121133983
-188.6 -190.2 2304.1 0.1103648394 -0.1580033898 -0.9812515378 0.1344126016 0.9805853367 -0.1427782625 0.9847602844 -0.1161348671 0.1294597983
-127.3 -570.7 2349.2 0.0996344686 0.2516306639 -0.9626811147 0.0931714103 0.9608851671 0.2608041763 0.9906523228 -0.1156794429 0.0722924992
77.9 -250.6 2053.9 0 0 0 0 0 0 0 0 0
167.8 -244.9 2064.5 0 0 0 0 0 0 0 0 0
-241.8 -888.5 2213.0 0 0 0 0 0 0 0 0 0
-221.1 -929.0 2392.3 0 0 0 0 0 0 0 0 0
89.4 319.0 2160.3 63 0.4928878546 0.5624021292 -0.6639016271 -0.1784060448 0.8121361136 0.5555233955 0.8516060114 -0.1553666741 0.5006279349
-22.7 157.1 2191.2 0.4928878546 0.5624021292 -0.6639016271 -0.1784060448 0.8121361136 0.5555233955 0.8516060114 -0.1553666741 0.5006279349
-126.9 -3.9 2220.3 0.4991470575 0.5367414951 -0.6802652478 -0.1690530628 0.8302915096 0.5310716629 0.8498666286 -0.1500819176 0.5051753521
-90.9 180.2 2075.2 0.0933634862 0.2558996379 -0.9621843100 0.9793190956 0.1506197751 0.1350845098 0.1794920564 -0.9548974037 -0.2365449965
-113.8 -60.0 2031.2 -0.7219357491 0.2558996379 -0.6429029107 0.6867005825 0.1506197751 -0.7111652493 -0.0851530284 -0.9548974037 -0.2844642401
45.5 134.0 2307.2 0.0841086656 0.8634808064 -0.4973194003 -0.9737501740 -0.0347136930 -0.2249569148 -0.2115097642 0.5031856894 0.8378948569
65.3 -96.1 2257.3 0.4036381543 0.8634808064 -0.3024518192 -0.5506684184 -0.0347136930 -0.8340019584 -0.7306439281 0.5031856894 0.4614798725
-279.8 -143.4 2168.4 0.4522513449 -0.2554249465 -0.8545330763 0.0664009824 0.9650979638 -0.2533315122 0.8894153237 0.0578276813 0.4534273148
-180.7 -517.8 2146.0 0.4552894533 0.1616900861 -0.8755385876 0.0842038542 0.9711443782 0.2231329978 0.8863527775 -0.1753138155 0.4285368621
-191.4 -176.3 2320.5 0.1251690686 -0.1702897400 -0.9774119258 0.0691995025 0.9842590690 -0.1626208574 0.9897192121 -0.0472813174 0.1349827647
-125.5 -557.4 2338.8 0.1356438398 0.2352559865 -0.9624215961 0.1115861014 0.9615913630 0.2507799864 0.9844537973 -0.1414096355 0.1041826457
87.7 -251.7 2055.0 0 0 0 0 0 0 0 0 0
168.3 -236.6 2070.9 0 0 0 0 0 0 0 0 0
-241.1 -880.3 2211.4 0 0 0 0 0 0 0 0 0
-213.2 -916.0 2391.5 0 0 0 0 0 0 0 0 0
86.8 324.6 2173.6 64 0.4918045104 0.5465041399 -0.6778359413 -0.1940452158 0.8277050257 0.5265461206 0.8488078713 -0.1274269223 0.5131155849
-21.7 160.3 2198.9 0.4918045104 0.5465041399 -0.6778359413 -0.1940452158 0.8277050257 0.5265461206 0.8488078713 -0.1274269223 0.5131155849
-123.4 -3.1 2223.4 0.4987049401 0.5241281986 -0.6903499365 -0.1832822412 0.8422178030 0.5070273876 0.8471723795 -0.1263281852 0.5160815716
-89.8 185.3 2083.2 0.0647629201 0.2545989156 -0.9648756981 0.9786319137 0.1728887707 0.1113058925 0.1951545328 -0.9514666796 -0.2379618436
-106.4 -65.6 2033.2 -0.7357180715 0.2545989156 -0.6276132464 0.6731728315 0.1728887707 -0.7189908028 -0.0745469928 -0.9514666796 -0.2985864580
46.5 135.2 2314.6 0.0892969593 0.8689063787 -0.4868549705 -0.9687234759 -0.0378539115 -0.2452384531 -0.2315186262 0.4935269058 0.8383497596
67.8 -96.2 2259.3 0.3994592130 0.8689063787 -0.2922910452 -0.5351582170 -0.0378539115 -0.8439033031 -0.7443373203 0.4935269058 0.4498812854
-275.8 -149.8 2173.4 0.4467775822 -0.2461269051 -0.8601228595 0.0547228493 0.9671304822 -0.2483225316 0.8929698467 0.0638765693 0.4455609918
-180.3 -525.1 2148.6 0.4503440559 0.1700240225 -0.8765169978 0.0745720938 0.9711086750 0.2266868800 0.8897354603 -0.1674508005 0.4246539772
-186.4 -180.1 2325.5 0.1219727248 -0.1524807215 -0.9807508588 0.0369105227 0.9881421328 -0.1490394175 0.9918469191 -0.0180212818 0.1261545271
-127.3 -563.0 2332.5 0.1447816640 0.2271741033 -0.9630317688 0.1310428232 0.9603108764 0.2462331653 0.9807476997 -0.1618484557 0.1092658713
98.9 -253.5 2054.0 0 0 0 0 0 0 0 0 0
169.7 -232.7 2069.4 0 0 0 0 0 0 0 0 0
-243.7 -887.6 2211.1 0 0 0 0 0 0 0 0 0
-212.0 -921.2 2392.9 0 0 0 0 0 0 0 0 0
80.7 321.1 2174.3 65 0.4796846509 0.5360022187 -0.6946972609 -0.1701219827 0.8335204124 0.5256446004 0.8607910275 -0.1339603662 0.4910126925
-25.8 155.5 2200.9 0.4796846509 0.5360022187 -0.6946972609 -0.1701219827 0.8335204124 0.5256446004 0.8607910275 -0.1339603662 0.4910126925
-125.0 -9.2 2227.3 0.4881316423 0.5110366940 -0.7075089812 -0.1565501094 0.8487676978 0.5050598383 0.8586149216 -0.1357750893 0.4943132401
-92.5 176.9 2083.7 0.0564877726 0.2579195499 -0.9645136595 0.9777594209 0.1811444610 0.1057031676 0.2019792199 -0.9490333200 -0.2419508249
-106.3 -62.5 2034.2 -0.7307826877 0.2579195499 -0.6320080161 0.6791158319 0.1811444610 -0.7113286257 -0.0689807981 -0.9490333200 -0.3075344861
40.8 134.1 2318.1 0.1130991057 0.8787335157 -0.4637196958 -0.9654753804 -0.0130308717 -0.2601681054 -0.2346611023 0.4771347344 0.8469218612
67.5 -93.4 2262.8 0.3975304961 0.8787335157 -0.2641909719 -0.5333104134 -0.0130308717 -0.8458192348 -0.7466924191 0.4771347344 0.4634575844
-269.8 -150.0 2172.0 0.4408136010 -0.2344941646 -0.8664270639 0.0442882478 0.9697786570 -0.2399331480 0.8965054154 0.0673932657 0.4378769696
-178.8 -526.4 2145.9 0.4479948282 0.1795686781 -0.8758171797 0.0812755525 0.9673852921 0.2399166375 0.8903341889 -0.1786639392 0.4187890589
-180.4 -182.8 2323.7 0.1058030576 -0.1482165754 -0.9832789898 0.0563321225 0.9881346226 -0.1428870261 0.9927902222 -0.0402723104 0.1128970161
-122.9 -566.0 2339.3 0.1188006997 0.2571962774 -0.9590288997 0.1042879149 0.9572945833 0.2696499527 0.9874261618 -0.1320497245 0.0869048014
97.7 -252.1 2053.5 0 0 0 0 0 0 0 0 0
168.9 -229.5 2072.3 0 0 0 0 0 0 0 0 0
-245.8 -887.5 2212.6 0 0 0 0 0 0 0 0 0
-218.8 -922.9 2388.6 0 0 0 0 0 0 0 0 0
79.0 324.4 2180.1 66 0.5100976825 0.5229108334 -0.6829089522 -0.1916621178 0.8431134820 0.5024194717 0.8384903073 -0.1253952384 0.5302924514
-24.8 157.0 2205.0 0.5100976825 0.5229108334 -0.6829089522 -0.1916621178 0.8431134820 0.5024194717 0.8384903073 -0.1253952384 0.5302924514
-121.9 -9.1 2230.0 0.5187460184 0.5001553297 -0.6933593154 -0.1772962213 0.8563193083 0.4850601256 0.8363423944 -0.1286930144 0.5328878760
-95.6 181.2 2090.9 0.0385947675 0.2392212749 -0.9701977372 0.9762133956 0.1982730627 0.0877221823 0.2133490890 -0.9505056739 -0.2258787006
-105.4 -67.3 2036.6 -0.7457767129 0.2392212749 -0.6217638850 0.6643836498 0.1982730627 -0.7206123471 -0.0491067730 -0.9505056739 -0.3068021238
46.0 132.9 2319.1 0.0916037634 0.8706912398 -0.4832241237 -0.9634795785 -0.0451248549 -0.2639524043 -0.2516264617 0.4897556007 0.8347595930
67.6 -94.4 2259.8 0.3961270154 0.8706912398 -0.2915136516 -0.5258716941 -0.0451248549 -0.8493660688 -0.7526900768 0.4897556007 0.4399966896
-267.9 -159.8 2176.8 0.4667006433 -0.2265453339 -0.8549080491 0.0415241569 0.9711831808 -0.2346891761 0.8834400177 0.0740302503 0.4626589119
-180.0 -536.8 2148.0 0.4763694406 0.1843649894 -0.8596985936 0.0890911147 0.9626151919 0.2558022141 0.8747199178 -0.1984478682 0.4421351850
-180.5 -187.8 2330.5 0.1343275309 -0.1393045783 -0.9810965061 0.0655925795 0.9891481400 -0.1314671487 0.9887637496 -0.0466929935 0.1420071721
-126.4 -571.6 2348.6 0.1357003599 0.2470266670 -0.9594598413 0.0709401220 0.9635095000 0.2581026554 0.9882069230 -0.1030888185 0.1132244840
102.7 -252.7 2050.3 0 0 0 0 0 0 0 0 0
168.7 -228.6 2067.7 0 0 0 0 0 0 0 0 0
-248.8 -896.0 2222.1 0 0 0 0 0 0 0 0 0
-218.5 -930.9 2387.1 0 0 0 0 0 0 0 0 0
76.0 329.6 2195.5 67 0.5102849603 0.5065053701 -0.6950263381 -0.2246652842 0.8586122394 0.4607716501 0.8301414251 -0.0789765418 0.5519310832
-24.0 160.0 2211.1 0.5102849603 0.5065053701 -0.6950263381 -0.2246652842 0.8586122394 0.4607716501 0.8301414251 -0.0789765418 0.5519310832
-118.3 -8.5 2228.2 0.5206600428 0.4855965674 -0.7022172809 -0.2065910399 0.8697109222 0.4482443929 0.8283919692 -0.0883111283 0.5531436205
-95.2 188.2 2098.1 0.0571978614 0.2285809815 -0.9718431830 0.9715905786 0.2111738473 0.1068518385 0.2296521664 -0.9503453970 -0.2100084424
-110.1 -65.1 2038.3 -0.7899165750 0.2285809815 -0.5690189004 0.6108083129 0.2111738473 -0.7630981803 -0.0542678200 -0.9503453970 -0.3064288795
47.1 131.9 2324.2 0.0801809728 0.9012098908 -0.4259011447 -0.9602056146 -0.0448484421 -0.2756697834 -0.2675373256 0.4310561419 0.8617507815
65.6 -89.6 2262.4 0.3085467815 0.9012098908 -0.3043347597 -0.6320630312 -0.0448484421 -0.7736180425 -0.7108411789 0.4310561419 0.5557836294
-265.4 -159.4 2180.1 0.4605772197 -0.2127622664 -0.8617429137 0.0269460436 0.9737510681 -0.2260149270 0.8872105479 0.0808767602 0.4542206526
-182.9 -537.4 2148.7 0.4739611149 0.1637659818 -0.8651829958 0.0985702500 0.9665099382 0.2369440049 0.8750113249 -0.1975835413 0.4419456720
-172.6 -191.1 2329.7 0.1235675961 -0.1179699898 -0.9852989912 0.0830023736 0.9906578064 -0.1082021669 0.9888587594 -0.0684118792 0.1322049946
-126.8 -575.4 2356.3 0.1109268367 0.2590448856 -0.9594743252 0.0355130993 0.9637826681 0.2643138170 0.9931938648 -0.0633933991 0.0977098718
109.9 -235.2 2053.4 0 0 0 0 0 0 0 0 0
143.5 -249.2 2082.9 0 0 0 0 0 0 0 0 0
-244.0 -898.1 2222.4 0 0 0 0 0 0 0 0 0
-223.4 -934.7 2379.9 0 0 0 0 0 0 0 0 0
73.8 330.8 2203.8 68 0.5080945492 0.4991922379 -0.7018882036 -0.2375213653 0.8645255566 0.4429211617 0.8279030919 -0.0583323836 0.5578295588
-25.3 159.3 2215.3 0.5080945492 0.4991922379 -0.7018882036 -0.2375213653 0.8645255566 0.4429211617 0.8279030919 -0.0583323836 0.5578295588
-118.3 -10.4 2228.4 0.5179947615 0.4790425897 -0.7086604238 -0.2199144065 0.8752042651 0.4308771491 0.8266311288 -0.0673474744 0.5586996078
-96.1 189.3 2102.5 0.1019899175 0.2245402783 -0.9691128731 0.9638614655 0.2187081277 0.1521112174 0.2461079508 -0.9496043324 -0.1941196918
-122.3 -58.4 2039.2 -0.8094656467 0.2245402783 -0.5425375700 0.5844130516 0.2187081277 -0.7814269662 -0.0568044484 -0.9496043324 -0.3082609773
45.5 129.3 2328.2 0.0811712220 0.9263255000 -0.3678753376 -0.9565888643 -0.0312506370 -0.2897605300 -0.2799089253 0.3754256666 0.8835760355
63.9 -87.8 2264.7 0.2554740906 0.9263255000 -0.2768646181 -0.6802836061 -0.0312506370 -0.7322824597 -0.6869841218 0.3754256666 0.6221803427
-259.2 -158.7 2171.2 0.4469589889 -0.1951957047 -0.8729984164 0.0529508851 0.9799648523 -0.1920027137 0.8929859400 0.0395912975 0.4483399093
-183.5 -538.7 2155.8 0.4508520365 0.1645939946 -0.8772919774 0.0752683952 0.9723404050 0.2211080194 0.8894195557 -0.1657193601 0.4259929359
-165.9 -195.6 2319.4 0.1141887978 -0.0931324735 -0.9890840650 0.0954429805 0.9920194149 -0.0823900700 0.9888637662 -0.0849931091 0.1221663430
-129.7 -580.4 2352.4 0.1060814634 0.2457304448 -0.9635161161 0.0633985549 0.9653406739 0.2531758547 0.9923343062 -0.0879427940 0.0868257955
103.3 -221.3 2055.1 0 0 0 0 0 0 0 0 0
128.6 -260.0 2090.8 0 0 0 0 0 0 0 0 0
-244.9 -901.4 2217.6 0 0 0 0 0 0 0 0 0
-221.4 -940.4 2385.1 0 0 0 0 0 0 0 0 0
72.1 333.7 2207.4 69 0.5001503229 0.4983985126 -0.7081303000 -0.2383902669 0.8654101491 0.4407213926 0.8324780464 -0.0516155772 0.5516485572
-26.9 161.7 2217.6 0.5001503229 0.4983985126 -0.7081303000 -0.2383902669 0.8654101491 0.4407213926 0.8324780464 -0.0516155772 0.5516485572
-119.7 -8.3 2229.0 0.5093778372 0.4779710770 -0.7155961394 -0.2219287157 0.8763986826 0.4274025857 0.8314335942 -0.0588980764 0.5524935722
-96.5 192.1 2104.1 0.0827072859 0.1817990094 -0.9798513055 0.9683644772 0.2176196426 0.1221142784 0.2354351580 -0.9589529634 -0.1580489725
-118.3 -63.1 2042.0 -0.8228920102 0.1817990094 -0.5383287668 0.5675460100 0.2176196426 -0.7940612435 -0.0272086225 -0.9589529634 -0.2822567523
42.7 131.4 2331.2 0.0904666856 0.8503857255 -0.5183241367 -0.9513524175 -0.0801255852 -0.2975037098 -0.2945239246 0.5200231075 0.8017678261
64.1 -93.4 2261.6 0.3577038646 0.8503857255 -0.3858653903 -0.6367691159 -0.0801255852 -0.7668800354 -0.6830614805 0.5200231075 0.5128381252
-257.6 -160.5 2167.4 0.4346739948 -0.1900809705 -0.8802998066 0.0626529977 0.9814866781 -0.1809932292 0.8984059095 0.0235196277 0.4385358691
-183.9 -541.3 2158.3 0.4373109937 0.1662785709 -0.8838045597 0.0777699649 0.9720842838 0.2213684469 0.8959413767 -0.1655403078 0.4121716619
-164.8 -199.8 2315.4 0.1020423770 -0.0833532289 -0.9912818074 0.1047759950 0.9918412566 -0.0726146549 0.9892468452 -0.0964527652 0.1099432632
-132.5 -584.7 2352.8 0.0925304592 0.2386948466 -0.9666762352 0.0659825802 0.9672373533 0.2451492697 0.9935212135 -0.0864675641 0.0737492144
112.4 -222.2 2049.7 0 0 0 0 0 0 0 0 0
154.4 -254.3 2089.0 0 0 0 0 0 0 0 0 0
-246.0 -904.0 2220.0 0 0 0 0 0 0 0 0 0
-221.5 -945.6 2385.1 0 0 0 0 0 0 0 0 0
69.6 334.7 2204.2 70 0.5079047680 0.4977435470 -0.7030534148 -0.2324025631 0.8650765419 0.4445578158 0.8294708133 -0.0624016188 0.5550533533
-29.3 162.7 2216.6 0.5079047680 0.4977435470 -0.7030534148 -0.2324025631 0.8650765419 0.4445578158 0.8294708133 -0.0624016188 0.5550533533
-121.6 -7.5 2229.3 0.5160499811 0.4755346477 -0.7124319077 -0.2178212702 0.8772500753 0.4277687967 0.8283998370 -0.0655672774 0.5562864542
-99.8 192.5 2103.4 0.0560462065 0.1622288376 -0.9851602316 0.9726997018 0.2136832625 0.0905250907 0.2251980156 -0.9633386135 -0.1458237916
-115.0 -71.3 2042.4 -0.8414276242 0.1622288376 -0.5154429078 0.5399244428 0.2136832625 -0.8141382337 -0.0219351780 -0.9633386135 -0.2673903108
41.2 133.0 2329.7 0.0926246122 0.8324424028 -0.5463152528 -0.9524163008 -0.0859437361 -0.2924326360 -0.2903856933 0.5474060178 0.7848712206
63.3 -94.7 2260.3 0.3859726191 0.8324424028 -0.3975736499 -0.6188792586 -0.0859437361 -0.7807701826 -0.6841151714 0.5474060178 0.4820094109
-258.1 -158.5 2166.0 0.4410658777 -0.1904505193 -0.8770344853 0.0675302595 0.9814971089 -0.1791734993 0.8949304819 0.0198009536 0.4457660317
-184.2 -539.4 2158.3 0.4406900704 0.1800817996 -0.8794105053 0.0654997155 0.9706082940 0.2315800935 0.8952664733 -0.1596561819 0.4159421325
-166.8 -198.2 2314.9 0.1081974432 -0.0887876526 -0.9901565909 0.1194384545 0.9899501204 -0.0757177398 0.9869284630 -0.1100703031 0.1177147329
-132.3 -582.4 2357.6 0.0963590965 0.2375038415 -0.9665954709 0.0708297193 0.9670163393 0.2446682006 0.9928233027 -0.0920396969 0.0763584897
122.6 -223.8 2048.5 0 0 0 0 0 0 0 0 0
161.3 -251.7 2086.7 0 0 0 0 0 0 0 0 0
-251.4 -901.6 2217.9 0 0 0 0 0 0 0 0 0
-221.0 -943.3 2392.0 0 0 0 0 0 0 0 0 0
68.3 335.6 2196.1 71 0.5259332657 0.4994792938 -0.6884145737 -0.2221620381 0.8619747758 0.4556791186 0.8209983110 -0.0867172182 0.5643065572
-30.8 164.5 2213.3 0.5259332657 0.4994792938 -0.6884145737 -0.2221620381 0.8619747758 0.4556791186 0.8209983110 -0.0867172182 0.5643065572
-122.9 -5.5 2229.8 0.5332836509 0.4746666849 -0.7002142668 -0.2090480626 0.8760126829 0.4346271157 0.8196995854 -0.0854010954 0.5663914084
-103.7 193.1 2101.3 0.0500398874 0.1680389047 -0.9845094681 0.9766590595 0.1979329288 0.0834246352 0.2088854313 -0.9657046795 -0.1542121768
-117.3 -71.6 2044.7 -0.8247807026 0.1680389047 -0.5399071574 0.5647708774 0.1979329288 -0.8011594415 -0.0277605504 -0.9657046795 -0.2581547499
42.0 135.9 2325.2 0.0865970254 0.8125486374 -0.5764248967 -0.9561358094 -0.0947340280 -0.2771818638 -0.2798307836 0.5751435757 0.7687031627
62.9 -95.2 2257.6 0.4053643644 0.8125486374 -0.4188608527 -0.6171971560 -0.0947340280 -0.7810845971 -0.6743496060 0.5751435757 0.4631009400
-260.2 -158.2 2167.8 0.4594186544 -0.1946459711 -0.8666298985 0.0796874985 0.9807908535 -0.1780426353 0.8846380115 0.0127365394 0.4661044776
-184.6 -538.9 2162.9 0.4502741694 0.1848908961 -0.8735379577 0.0281898398 0.9748947620 0.2208745778 0.8924452662 -0.1240790114 0.4337578714
-167.7 -197.3 2316.2 0.1298272014 -0.0920113847 -0.9872581959 0.1225869134 0.9895356297 -0.0761031210 0.9839295149 -0.1111446843 0.1397480369
-132.0 -581.4 2359.3 0.1143632457 0.2409408838 -0.9637782574 0.0596919693 0.9667239189 0.2487604022 0.9916440248 -0.0859788656 0.0961754471
114.3 -230.2 2052.5 0 0 0 0 0 0 0 0 0
166.1 -252.2 2086.0 0 0 0 0 0 0 0 0 0
-253.6 -902.6 2209.1 0 0 0 0 0 0 0 0 0
-221.9 -942.2 2391.4 0 0 0 0 0 0 0 0 0
67.0 333.9 2197.5 72 0.5180817246 0.4989229739 -0.6947425604 -0.2280229926 0.8634185791 0.4500153661 0.8243766427 -0.0747274682 0.5610873103
-32.3 162.0 2212.4 0.5180817246 0.4989229739 -0.6947425604 -0.2280229926 0.8634185791 0.4500153661 0.8243766427 -0.0747274682 0.5610873103
-124.1 -8.4 2226.5 0.5254383683 0.4727357626 -0.7074145675 -0.2148366719 0.8782132864 0.4273015857 0.8232616186 -0.0725420564 0.5630079508
-104.1 191.4 2100.0 0.0569632836 0.1795123965 -0.9821051359 0.9777140021 0.1890653670 0.0912665799 0.2020655423 -0.9654167891 -0.1647420079
-119.4 -70.5 2045.8 -0.8062664270 0.1795123965 -0.5636575222 0.5905593634 0.1890653670 -0.7845342159 -0.0342655107 -0.9654167891 -0.2584497929
39.4 132.6 2324.8 0.0959891826 0.8133283854 -0.5738318563 -0.9559215307 -0.0853892937 -0.2809318602 -0.2774889469 0.5755046606 0.7692816257
62.3 -95.1 2258.7 0.4165427387 0.8133283854 -0.4061884880 -0.6051300764 -0.0853892937 -0.7915341258 -0.6784613132 0.5755046606 0.4566011727
-262.8 -156.8 2173.0 0.4515187442 -0.2020787299 -0.8690770864 0.0655683428 0.9788971543 -0.1935489476 0.8898491859 0.0304070301 0.4552403688
-184.4 -536.7 2161.2 0.4466479123 0.1869896501 -0.8749517202 0.0393992513 0.9728575349 0.2280261666 0.8938419223 -0.1363198608 0.4271575511
-167.3 -194.2 2319.8 0.1206157953 -0.0941502526 -0.9882244468 0.0996793881 0.9916096330 -0.0823065937 0.9876820445 -0.0885781348 0.1289886236
-130.7 -579.1 2354.2 0.1177862659 0.2521198690 -0.9605008960 0.0888749734 0.9606759548 0.2630645633 0.9890539050 -0.1163498834 0.0907472819
106.2 -235.8 2055.4 0 0 0 0 0 0 0 0 0
168.4 -249.3 2085.9 0 0 0 0 0 0 0 0 0
-254.1 -899.7 2212.1 0 0 0 0 0 0 0 0 0
-224.8 -937.5 2397.6 0 0 0 0 0 0 0 0 0
66.8 332.8 2205.2 73 0.5110142827 0.5026933551 -0.6972544193 -0.2339070141 0.8618770242 0.4499505758 0.8271347284 -0.0668384656 0.5580149889
-33.1 161.6 2218.5 0.5110142827 0.5026933551 -0.6972544193 -0.2339070141 0.8618770242 0.4499505758 0.8271347284 -0.0668384656 0.5580149889
-126.0 -8.4 2231.6 0.5189180970 0.4782775640 -0.7085016370 -0.2199077308 0.8756227493 0.4300295115 0.8260536194 -0.0673451200 0.5595534444
-104.0 191.6 2105.7 0.0562960245 0.2221432328 -0.9733874798 0.9738192558 0.2028458118 0.1026137918 0.2202425152 -0.9536802173 -0.2049079537
-119.3 -72.0 2046.1 -0.7871388793 0.2221432328 -0.5753822327 0.6145251393 0.2028458118 -0.7623729110 -0.0526421070 -0.9536802173 -0.2961804271
37.8 131.5 2331.4 0.1027961820 0.8250436783 -0.5556400418 -0.9473245740 -0.0891403928 -0.3076201379 -0.3033300340 0.5579936504 0.7724208832
62.6 -97.8 2258.0 0.4119426906 0.8250436783 -0.3867895007 -0.5810466409 -0.0891403928 -0.8089739084 -0.7019174099 0.5579936504 0.4426681101
-262.9 -159.6 2166.8 0.4421530664 -0.1991015524 -0.8745623231 0.0808212459 0.9799289703 -0.1822283119 0.8932908773 0.0098895915 0.4493702352
-185.6 -540.0 2163.0 0.4339638948 0.1794877797 -0.8828700185 0.0335547179 0.9760538340 0.2149254978 0.9003051519 -0.1228943616 0.4175494611
-168.7 -198.1 2314.3 0.1119190827 -0.1000402868 -0.9886688590 0.1278362274 0.9881020188 -0.0855116472 0.9854602814 -0.1168173105 0.1233762503
-129.9 -581.5 2359.6 0.0918224826 0.2623402774 -0.9605967999 0.0532864742 0.9619954228 0.2678158581 0.9943486452 -0.0757783353 0.0743536204
100.6 -243.6 2060.8 0 0 0 0 0 0 0 0 0
167.6 -245.8 2079.1 0 0 0 0 0 0 0 0 0
-252.6 -904.2 2208.8 0 0 0 0 0 0 0 0 0
-227.7 -940.2 2387.9 0 0 0 0 0 0 0 0 0
71.9 337.4 2215.1 74 0.5077884197 0.5121977925 -0.6926791072 -0.2588517070 0.8576154113 0.4444003105 0.8216730952 -0.0463601574 0.5680704117
-30.1 166.7 2224.3 0.5077884197 0.5121977925 -0.6926791072 -0.2588517070 0.8576154113 0.4444003105 0.8216730952 -0.0463601574 0.5680704117
-124.6 -2.6 2233.6 0.5167201757 0.4869029522 -0.7042199373 -0.2433879822 0.8721412420 0.4244194925 0.8208304048 -0.0479074568 0.5691593289
-100.7 199.9 2112.2 0.0934497118 0.2356018424 -0.9673463106 0.9651520252 0.2170999646 0.1461134702 0.2444354594 -0.9472905397 -0.2071036696
-126.3 -64.9 2045.2 -0.7944591641 0.2356018424 -0.5597556829 0.6044384837 0.2170999646 -0.7664996386 -0.0590658002 -0.9472905397 -0.3148838878
40.5 133.4 2336.4 0.0905960426 0.8174490929 -0.5688315630 -0.9426867962 -0.1137981266 -0.3136743605 -0.3211447895 0.5646476150 0.7602888346
62.7 -97.5 2257.8 0.4084372520 0.8174490929 -0.4061477184 -0.5767000914 -0.1137981266 -0.8089913130 -0.7075281143 0.5646476150 0.4249435961
-265.3 -158.7 2170.7 0.4395025373 -0.2013088763 -0.8753926158 0.0737060905 0.9793587327 -0.1882122159 0.8952122331 0.0181979816 0.4452683330
-187.1 -538.8 2163.6 0.4343976378 0.1635337323 -0.8857513070 0.0417939574 0.9786613584 0.2011844069 0.8997510672 -0.1244130805 0.4182934761
-172.3 -198.1 2318.7 0.1122379005 -0.1107981652 -0.9874848723 0.1139510348 0.9886434078 -0.0979764313 0.9871260524 -0.1015282571 0.1235888302
-129.3 -581.7 2358.1 0.0975476876 0.2662135661 -0.9589654803 0.0605125688 0.9601915479 0.2727093697 0.9933894873 -0.0846316367 0.0775552019
95.2 -233.4 2061.6 0 0 0 0 0 0 0 0 0
166.8 -244.5 2077.4 0 0 0 0 0 0 0 0 0
-248.2 -904.0 2210.0 0 0 0 0 0 0 0 0 0
-228.6 -939.9 2389.6 0 0 0 0 0 0 0 0 0
74.9 337.6 2207.5 75 0.5047508478 0.5264176726 -0.6841863990 -0.2494197488 0.8476855159 0.4682083428 0.8264480829 -0.0656789467 0.5591689348
-30.3 168.3 2220.7 0.5047508478 0.5264176726 -0.6841863990 -0.2494197488 0.8476855159 0.4682083428 0.8264480829 -0.0656789467 0.5591689348
-126.4 0.1 2232.5 0.5132070184 0.4954354167 -0.7008296847 -0.2352342904 0.8664932251 0.4402889013 0.8253989220 -0.0611001961 0.5612338185
-100.4 200.4 2107.9 0.1194259673 0.2463543713 -0.9617936015 0.9646103382 0.2005828619 0.1711531281 0.2350836396 -0.9481961727 -0.2136811763
-132.2 -56.3 2045.4 -0.7668133378 0.2463543713 -0.5927113891 0.6386588812 0.2005828619 -0.7428871393 -0.0641257465 -0.9481961727 -0.3111460209
39.8 136.2 2333.4 0.0921099037 0.8318628669 -0.5472841263 -0.9496451616 -0.0919174626 -0.2995417714 -0.2994826436 0.5473164916 0.7815080285
62.4 -96.0 2260.2 0.4041978121 0.8318628669 -0.3803002238 -0.5754419565 -0.0919174626 -0.8126608729 -0.7109786272 0.5473164916 0.4415359795
-265.4 -150.0 2169.4 0.4410940707 -0.2081024945 -0.8730002046 0.0733801126 0.9778504372 -0.1960200816 0.8944559097 0.0224024449 0.4465945959
-184.6 -529.6 2160.7 0.4344977438 0.1884206831 -0.8807436228 0.0378359444 0.9731912613 0.2268639654 0.8998778462 -0.1318956465 0.4157203138
-172.8 -193.6 2316.5 0.1146120876 -0.1109308079 -0.9871972799 0.1042280495 0.9896037579 -0.0991005078 0.9879274368 -0.0915355310 0.1249826550
-129.8 -577.7 2352.0 0.1103344262 0.2599155009 -0.9593071938 0.0884046406 0.9588079453 0.2699480653 0.9899550080 -0.1145917699 0.0828117877
81.2 -234.0 2063.2 0 0 0 0 0 0 0 0 0
165.5 -242.8 2078.8 0 0 0 0 0 0 0 0 0
-254.9 -892.7 2209.9 0 0 0 0 0 0 0 0 0
-226.7 -935.4 2394.7 0 0 0 0 0 0 0 0 0
79.3 335.2 2209.8 76 0.5096994042 0.5344908834 -0.6741854548 -0.2576546371 0.8424791098 0.4731205702 0.8208657503 -0.0674422383 0.5671251416
-27.3 167.1 2223.2 0.5096994042 0.5344908834 -0.6741854548 -0.2576546371 0.8424791098 0.4731205702 0.8208657503 -0.0674422383 0.5671251416
-125.7 0.3 2236.2 0.5189502239 0.5069006681 -0.6882894635 -0.2425363213 0.8594255447 0.4500709474 0.8196747899 -0.0666292384 0.5689409375
-98.2 200.3 2111.2 0.1590411216 0.2503335178 -0.9550073743 0.9543733001 0.2086493522 0.2136282325 0.2527399659 -0.9454092383 -0.2057278156
-139.6 -48.3 2045.4 -0.7468005419 0.2503335178 -0.6161347628 0.6630581021 0.2086493522 -0.7189015150 -0.0514090359 -0.9454092383 -0.3218051195
43.6 134.0 2335.2 0.0765665770 0.8521348834 -0.5176907182 -0.9505648017 -0.0943264961 -0.2958531082 -0.3009386957 0.5147510171 0.8027871847
62.0 -94.4 2262.9 0.3713856041 0.8521348834 -0.3686988354 -0.5839953423 -0.0943264961 -0.8062579632 -0.7218186259 0.5147510171 0.4626113474
-268.6 -146.9 2170.4 0.4477094710 -0.2202614248 -0.8666263223 0.0871578306 0.9753210545 -0.2028604746 0.8899211884 0.0152892880 0.4558579624
-183.1 -525.5 2164.5 0.4358406365 0.1895271987 -0.8798422217 0.0209566001 0.9751744866 0.2204438597 0.8997798562 -0.1145168990 0.4210488498
-176.6 -189.1 2318.3 0.1266325265 -0.1212061867 -0.9845167398 0.1058880016 0.9884874821 -0.1080752835 0.9862818718 -0.0905626640 0.1380089521
-129.6 -572.8 2353.4 0.1239618212 0.2560922205 -0.9586710930 0.0958718434 0.9585118890 0.2684465051 0.9876446724 -0.1251866817 0.0942668468
65.9 -230.7 2059.6 0 0 0 0 0 0 0 0 0
156.7 -243.3 2078.8 0 0 0 0 0 0 0 0 0
-253.8 -889.4 2207.2 0 0 0 0 0 0 0 0 0
-225.1 -930.4 2400.2 0 0 0 0 0 0 0 0 0
81.3 332.3 2204.9 77 0.5219327211 0.5440855026 -0.6569301486 -0.2597045898 0.8349511027 0.4851908386 0.8124898672 -0.0826292112 0.5770898461
-26.9 166.3 2221.3 0.5219327211 0.5440855026 -0.6569301486 -0.2597045898 0.8349511027 0.4851908386 0.8124898672 -0.0826292112 0.5770898461
-127.2 0.9 2236.8 0.5306570530 0.5168821216 -0.6717410088 -0.2458301634 0.8523256779 0.4616367817 0.8111538887 -0.0798365921 0.5793578029
-99.4 199.9 2110.5 0.1748825312 0.2522634864 -0.9517243505 0.9510138631 0.2069973797 0.2296185791 0.2549288273 -0.9452593327 -0.2037058473
-143.9 -42.4 2045.5 -0.7314438820 0.2522634864 -0.6335242987 0.6803334951 0.2069973797 -0.7030636072 -0.0462194011 -0.9452593327 -0.3230302632
45.6 132.7 2332.1 0.0687669665 0.8595214486 -0.5064523816 -0.9561029673 -0.0881666467 -0.2794525921 -0.2848477066 0.5034376979 0.8157280684
62.1 -95.9 2264.0 0.3631257117 0.8595214486 -0.3596701324 -0.5878253579 -0.0881666467 -0.8041691184 -0.7229115367 0.5034376979 0.4732329249
-270.6 -144.7 2175.7 0.4668659866 -0.2235727608 -0.8555999994 0.0769442916 0.9741147757 -0.2125559151 0.8809742928 0.0334015973 0.4719837010
-183.8 -522.8 2162.7 0.4587444961 0.1739492863 -0.8713754416 0.0281277429 0.9773168564 0.2099061012 0.8881229162 -0.1208030954 0.4434459507
-177.6 -188.2 2322.5 0.1482714415 -0.1308017224 -0.9802584052 0.0905587077 0.9888458252 -0.1182499081 0.9847916961 -0.0712378472 0.1584628373
-126.8 -572.0 2350.2 0.1564936191 0.2643083930 -0.9516568780 0.1199416667 0.9513118863 0.2839361727 0.9803692102 -0.1585775167 0.1171726435
56.5 -228.8 2058.2 0 0 0 0 0 0 0 0 0
154.7 -245.8 2079.6 0 0 0 0 0 0 0 0 0
-248.7 -887.5 2207.8 0 0 0 0 0 0 0 0 0
-225.4 -926.8 2409.3 0 0 0 0 0 0 0 0 0
81.1 326.6 2207.9 78 0.5062780976 0.5445582867 -0.6686843038 -0.2570398748 0.8354478478 0.4857544601 0.8231725097 -0.0740483180 0.5629421473
-27.0 160.8 2222.6 0.5062780976 0.5445582867 -0.6686843038 -0.2570398748 0.8354478478 0.4857544601 0.8231725097 -0.0740483180 0.5629421473
-127.8 -4.5 2237.2 0.5156718493 0.5191416740 -0.6815969944 -0.2421429902 0.8514011502 0.4652771354 0.8218572140 -0.0748863816 0.5647501349
-97.5 193.9 2110.4 0.2054543793 0.2660651505 -0.9418056011 0.9430457354 0.2034469098 0.2631997466 0.2616357207 -0.9422413111 -0.2091125548
-147.8 -37.3 2046.2 -0.7013891935 0.2660651505 -0.6612582803 0.7113910317 0.2034469098 -0.6727051139 -0.0444524474 -0.9422413111 -0.3319718242
43.4 127.7 2334.9 0.0799861848 0.8611315489 -0.5020505190 -0.9502921700 -0.0861685947 -0.2991984785 -0.3009102345 0.5010264516 0.8114342690
62.4 -97.4 2263.6 0.3606766760 0.8611315489 -0.3582803905 -0.5909976959 -0.0861685947 -0.8020577431 -0.7215497494 0.5010264516 0.4778477550
-275.0 -142.5 2179.7 0.4547703266 -0.2385401726 -0.8580690622 0.0650585070 0.9697872996 -0.2351169139 0.8882293105 0.0510995016 0.4565495551
-182.4 -518.9 2159.8 0.4508318603 0.1780456603 -0.8746715784 0.0428739861 0.9744542837 0.2204556763 0.8915786147 -0.1368891001 0.4316815138
-179.9 -186.6 2325.0 0.1312196255 -0.1393085420 -0.9815164208 0.0907280296 0.9876098633 -0.1280438900 0.9871929288 -0.0722491816 0.1422329843
-125.9 -569.9 2353.0 0.1295344681 0.2672902048 -0.9548700452 0.0846902505 0.9564821124 0.2792302668 0.9879516363 -0.1170381308 0.1012605280
43.8 -231.6 2058.4 0 0 0 0 0 0 0 0 0
154.4 -248.2 2079.5 0 0 0 0 0 0 0 0 0
-248.9 -882.5 2210.9 0 0 0 0 0 0 0 0 0
-225.5 -926.5 2396.7 0 0 0 0 0 0 0 0 0
83.4 326.8 2209.4 79 0.5027543306 0.5485033393 -0.6681183577 -0.2623750269 0.8332660198 0.4866487980 0.8236488700 -0.0693672150 0.5628417134
-25.7 161.1 2223.2 0.5027543306 0.5485033393 -0.6681183577 -0.2623750269 0.8332660198 0.4866487980 0.8236488700 -0.0693672150 0.5628417134
-127.3 -3.7 2237.0 0.5122789145 0.5237038136 -0.6806648374 -0.2474316210 0.8489534855 0.4669642448 0.8224037290 -0.0707979351 0.5644818544
-95.6 194.9 2110.9 0.2094687372 0.2617347240 -0.9421346784 0.9429756999 0.2008322924 0.2654490173 0.2586883008 -0.9440134168 -0.2047413886
-147.6 -39.0 2046.7 -0.6918649077 0.2617347240 -0.6729174852 0.7210032344 0.2008322924 -0.6631898284 -0.0384362377 -0.9440134168 -0.3276603818
44.3 127.3 2335.6 0.0772381946 0.8490072489 -0.5227053761 -0.9487993717 -0.0984690338 -0.3001393974 -0.3062908053 0.5191247463 0.7979319692
62.8 -100.1 2262.2 0.3677315116 0.8490072489 -0.3794208765 -0.5953868628 -0.0984690338 -0.7973821759 -0.7143445015 0.5191247463 0.4692775905
-274.7 -148.0 2178.1 0.4502477646 -0.2340940684 -0.8616710305 0.0703966767 0.9713238478 -0.2270996720 0.8901243210 0.0415923446 0.4538158476
-183.8 -525.1 2161.9 0.4436881244 0.1841664463 -0.8770539165 0.0340780579 0.9744818807 0.2218642235 0.8955330849 -0.1283268183 0.4260900021
-182.3 -191.4 2325.3 0.1350670308 -0.1399251819 -0.9809066653 0.0438886248 0.9898515940 -0.1351578683 0.9898639917 -0.0247952696 0.1398374289
-128.1 -575.3 2334.9 0.1762910932 0.2560222745 -0.9504598975 0.1896574646 0.9386556149 0.2880201936 0.9658941627 -0.2310372144 0.1169200912
41.2 -235.8 2057.2 0 0 0 0 0 0 0 0 0
156.6 -252.0 2079.9 0 0 0 0 0 0 0 0 0
-252.6 -888.8 2209.8 0 0 0 0 0 0 0 0 0
-222.9 -923.1 2420.5 0 0 0 0 0 0 0 0 0
80.7 318.9 2219.7 80 0.4997778833 0.5459824800 -0.6724025607 -0.2911376655 0.8370327353 0.4632656574 0.8157578707 -0.0357682146 0.5772865415
-27.1 153.7 2226.8 0.4997778833 0.5459824800 -0.6724025607 -0.2911376655 0.8370327353 0.4632656574 0.8157578707 -0.0357682146 0.5772865415
-129.1 -11.1 2235.5 0.5111173987 0.5256850123 -0.6800104976 -0.2732922137 0.8494976759 0.4512927234 0.8149051666 -0.0448219813 0.5778586268
-96.9 191.0 2115.5 0.1841242164 0.3061859608 -0.9339959621 0.9411950707 0.2189482898 0.2573198378 0.2832845449 -0.9264512062 -0.2478670329
-142.1 -39.8 2046.0 -0.6767563224 0.3061859608 -0.6695155501 0.7345018983 0.2189482898 -0.6423150301 -0.0500785708 -0.9264512062 -0.3730688095
42.7 116.4 2338.0 0.0822786763 0.8486144543 -0.5225741863 -0.9454236031 -0.0994205177 -0.3103059828 -0.3152847290 0.5195854902 0.7941198945
61.8 -102.7 2265.0 0.3738022149 0.8486144543 -0.3743333220 -0.5823067427 -0.0994205177 -0.8068670630 -0.7219354510 0.5195854902 0.4569902718
-274.8 -146.3 2177.1 0.4437809289 -0.2333191186 -0.8652287126 0.0674457774 0.9714688659 -0.2273747027 0.8935936093 0.0425485373 0.4468557537
-184.3 -523.4 2160.5 0.4400685132 0.1690176278 -0.8819142580 0.0453534462 0.9766892791 0.2098121494 0.8968181610 -0.1323295683 0.4221446514
-183.1 -190.6 2324.4 0.1247726977 -0.1337496489 -0.9831290841 0.0842653438 0.9887208939 -0.1238159537 0.9886006117 -0.0673948601 0.1346358359
-131.2 -573.9 2350.5 0.1315901279 0.2295420319 -0.9643622041 0.1126775518 0.9630534053 0.2446056902 0.9848796129 -0.1408496648 0.1008640900
42.5 -240.2 2059.7 0 0 0 0 0 0 0 0 0
157.1 -251.3 2080.8 0 0 0 0 0 0 0 0 0
-247.4 -887.9 2209.9 0 0 0 0 0 0 0 0 0
-216.2 -930.4 2402.7 0 0 0 0 0 0 0 0 0
85.6 318.7 2216.3 81 0.4998529255 0.5612798333 -0.6596301794 -0.2902976274 0.8261190653 0.4829643369 0.8160112500 -0.0499220490 0.5758762360
-25.7 154.9 2226.2 0.4998529255 0.5612798333 -0.6596301794 -0.2902976274 0.8261190653 0.4829643369 0.8160112500 -0.0499220490 0.5758762360
-129.6 -8.7 2236.1 0.5099894404 0.5355830789 -0.6730984449 -0.2748731375 0.8429509401 0.4624699950 0.8150800467 -0.0508381501 0.5771135092
-95.4 192.5 2114.9 0.1717693508 0.3191619813 -0.9320037365 0.9447711706 0.2146715373 0.2476360500 0.2791106701 -0.9230664968 -0.2646610439
-138.0 -41.9 2045.7 -0.6644074321 0.3191619813 -0.6757946014 0.7452384830 0.2146715373 -0.6312968731 -0.0564120933 -0.9230664968 -0.3804811835
44.0 117.4 2337.6 0.0768257156 0.8157883286 -0.5732252598 -0.9437445998 -0.1259603798 -0.3057451844 -0.3216270208 0.5644673705 0.7602187991
62.6 -111.4 2259.6 0.4154281318 0.8157883286 -0.4023790359 -0.5514125824 -0.1259603798 -0.8246684670 -0.7234387398 0.5644673705 0.3975084722
-277.0 -151.5 2171.2 0.4432754517 -0.2385697216 -0.8640551567 0.0823725685 0.9706953168 -0.2257550061 0.8925926685 0.0288972091 0.4499370158
-184.4 -528.3 2160.0 0.4372417629 0.1826344728 -0.8806045055 0.0488769934 0.9728903770 0.2260428965 0.8980148435 -0.1418766975 0.4164616764
-185.4 -200.4 2317.1 0.1224902794 -0.1375125200 -0.9828969836 0.1328005344 0.9837195873 -0.1210777834 0.9835447073 -0.1156983897 0.1387578249
-132.1 -581.6 2362.0 0.1033006832 0.2404140383 -0.9651580453 0.0543786697 0.9675329328 0.2468257546 0.9931625724 -0.0779812783 0.0868734121
43.3 -245.1 2061.1 0 0 0 0 0 0 0 0 0
168.5 -251.9 2075.3 0 0 0 0 0 0 0 0 0
-252.5 -891.4 2212.9 0 0 0 0 0 0 0 0 0
-221.3 -940.6 2390.9 0 0 0 0 0 0 0 0 0
88.6 314.4 2209.2 82 0.5288563967 0.5726684332 -0.6263878345 -0.3082074523 0.8172484636 0.4869426191 0.7907711864 -0.0644653291 0.6087077856
-25.0 152.3 2221.9 0.5288563967 0.5726684332 -0.6263878345 -0.3082074523 0.8172484636 0.4869426191 0.7907711864 -0.0644653291 0.6087077856
-130.4 -10.1 2233.9 0.5395860672 0.5436389446 -0.6428869367 -0.2923067510 0.8370531201 0.4624919593 0.7895591259 -0.0616340414 0.6105715632
-98.6 192.3 2114.2 0.1531290710 0.3309327960 -0.9311470985 0.9454786777 0.2250123471 0.2354560643 0.2874397337 -0.9164348841 -0.2784339488
-135.9 -38.4 2044.0 -0.6518688202 0.3309327960 -0.6823126078 0.7567078471 0.2250123471 -0.6138099432 -0.0496010855 -0.9164348841 -0.3970979750
48.7 112.4 2329.7 0.0638595596 0.8203793168 -0.5682426691 -0.9497747421 -0.1248320118 -0.2869580388 -0.3063493073 0.5580275655 0.7712038159
63.6 -109.4 2258.1 0.4064358771 0.8203793168 -0.4022283554 -0.5591559410 -0.1248320118 -0.8196105957 -0.7226026058 0.5580275655 0.4079837799
-279.3 -147.6 2173.0 0.4747029543 -0.2452449352 -0.8452881575 0.0891055465 0.9688519835 -0.2310542017 0.8756239414 0.0343622528 0.4817695916
-184.1 -523.7 2159.6 0.4677260220 0.1634482443 -0.8686293960 0.0445236415 0.9771484733 0.2078424543 0.8827514052 -0.1358878762 0.4497604668
-187.9 -196.9 2319.0 0.1623818874 -0.1526870579 -0.9748429656 0.1325827092 0.9823723435 -0.1317817569 0.9777801037 -0.1078483537 0.1797631383
-128.7 -577.8 2360.8 0.1383579820 0.2544012368 -0.9571505189 0.0392349735 0.9642788768 0.2619673908 0.9896048307 -0.0737990513 0.1234342530
41.9 -244.8 2057.6 0 0 0 0 0 0 0 0 0
167.2 -252.0 2073.9 0 0 0 0 0 0 0 0 0
-245.1 -888.4 2210.3 0 0 0 0 0 0 0 0 0
-223.4 -936.7 2388.3 0 0 0 0 0 0 0 0 0
92.5 315.4 2209.6 83 0.5181624293 0.5744689107 -0.6336348653 -0.2828990817 0.8142668009 0.5068902373 0.8071405292 -0.0833967328 0.5844391584
-21.6 153.7 2226.1 0.5181624293 0.5744689107 -0.6336348653 -0.2828990817 0.8142668009 0.5068902373 0.8071405292 -0.0833967328 0.5844391584
-127.9 -7.8 2242.3 0.5287730098 0.5479421616 -0.6481963396 -0.2673330307 0.8323433995 0.4855280817 0.8055632710 -0.0834498629 0.5866037607
-93.8 190.2 2116.2 0.1639420837 0.3416241705 -0.9254274368 0.9404318333 0.2291205227 0.2511806488 0.2978437841 -0.9114804864 -0.2837117612
-133.7 -39.0 2043.6 -0.6566674113 0.3416241705 -0.6723695397 0.7520168424 0.2291205227 -0.6180408001 -0.0570840240 -0.9114804864 -0.4073631167
50.6 117.2 2336.1 0.0593397170 0.8097990155 -0.5836988091 -0.9398933649 -0.1516509801 -0.3059451580 -0.3362725973 0.5667693615 0.7521257997
65.2 -113.9 2253.4 0.4083754718 0.8097990155 -0.4212540686 -0.5479041934 -0.1516509801 -0.8226803541 -0.7300893664 0.5667693615 0.3817617297
-284.2 -146.4 2175.3 0.4704963565 -0.2671699226 -0.8409836292 0.0942544192 0.9628255963 -0.2531460524 0.8773535490 0.0398378745 0.4781878889
-180.5 -520.1 2159.8 0.4607411027 0.1899171621 -0.8669769764 0.0408544540 0.9712637067 0.2344733179 0.8865937591 -0.1434513628 0.4397421479
-187.6 -198.8 2316.6 0.1579827666 -0.1377390176 -0.9777880311 0.1181600839 0.9857452512 -0.1197686195 0.9803466797 -0.0966141373 0.1720060110
-134.2 -581.2 2354.1 0.1541551799 0.2203674465 -0.9631585479 0.1012911275 0.9661501050 0.2372637391 0.9828409553 -0.1341348439 0.1266157776
45.4 -244.1 2059.2 0 0 0 0 0 0 0 0 0
169.4 -253.7 2067.1 0 0 0 0 0 0 0 0 0
-251.4 -882.5 2213.3 0 0 0 0 0 0 0 0 0
-216.1 -940.4 2404.0 0 0 0 0 0 0 0 0 0
89.1 316.5 2204.3 84 0.5174391866 0.5612545013 -0.6459489465 -0.2415442765 0.8199608922 0.5189609528 0.8209220767 -0.1125054657 0.5598477125
-22.5 153.6 2226.6 0.5174391866 0.5612545013 -0.6459489465 -0.2415442765 0.8199608922 0.5189609528 0.8209220767 -0.1125054657 0.5598477125
-126.3 -8.7 2249.4 0.5293097496 0.5348299742 -0.6586259604 -0.2236018777 0.8367810845 0.4997995496 0.8184335232 -0.1172787771 0.5625053644
-94.7 184.1 2115.0 0.1544858664 0.3137553930 -0.9368519783 0.9426169395 0.2372679114 0.2348984480 0.2959855795 -0.9193810225 -0.2590966225
-131.3 -39.0 2045.0 -0.6663842201 0.3137553930 -0.6763797998 0.7447767854 0.2372679114 -0.6237078905 -0.0352084860 -0.9193810225 -0.3917893171
49.8 123.1 2338.3 0.0593820773 0.8106203079 -0.5825533867 -0.9405141473 -0.1501350850 -0.3047827780 -0.3345248103 0.5659983754 0.7534846067
64.4 -109.4 2255.6 0.4094280303 0.8106203079 -0.4186446667 -0.5457178950 -0.1501350850 -0.8244097233 -0.7311365604 0.5659983754 0.3809005022
-281.6 -145.3 2186.4 0.4855439663 -0.2575489581 -0.8354134560 0.0662320927 0.9637093544 -0.2586069703 0.8716996908 0.0702338740 0.4849812686
-181.7 -519.2 2159.2 0.4806509316 0.1753157228 -0.8592084050 0.0379141085 0.9747405052 0.2200988531 0.8760920167 -0.1383668482 0.4618629813
-186.9 -193.2 2330.6 0.1650300175 -0.1490840912 -0.9749559164 0.0753468350 0.9875267744 -0.1382524520 0.9834063053 -0.0506440364 0.1742045730
-129.1 -576.0 2350.2 0.1724301726 0.2452817112 -0.9539940953 0.1040123031 0.9585520625 0.2652533650 0.9795148373 -0.1449647993 0.1397709846
50.5 -242.1 2054.6 0 0 0 0 0 0 0 0 0
168.9 -248.6 2069.0 0 0 0 0 0 0 0 0 0
-247.1 -883.0 2210.8 0 0 0 0 0 0 0 0 0
-220.5 -933.0 2404.2 0 0 0 0 0 0 0 0 0
92.9 315.9 2202.1 85 0.5044911504 0.5788665414 -0.6406264305 -0.2344666272 0.8059337139 0.5435956120 0.8309717774 -0.1240336671 0.5423113108
-22.1 155.8 2226.8 0.5044911504 0.5788665414 -0.6406264305 -0.2344666272 0.8059337139 0.5435956120 0.8309717774 -0.1240336671 0.5423113108
-129.3 -4.0 2251.3 0.5156033635 0.5523802042 -0.6550032496 -0.2184564620 0.8239364624 0.5228818655 0.8285107017 -0.1265099794 0.5454954505
-92.5 185.5 2113.7 0.1388411671 0.2925976813 -0.9461023808 0.9490020275 0.2337491363 0.2115574330 0.2830518186 -0.9272259474 -0.2452217788
-126.3 -45.6 2044.7 -0.6841964126 0.2925976813 -0.6680283546 0.7285851240 0.2337491363 -0.6438362002 -0.0322339311 -0.9272259474 -0.3731126189
48.3 126.0 2339.9 0.0626241490 0.8130766749 -0.5787785053 -0.9401147366 -0.1466292590 -0.3077079058 -0.3350559771 0.5633881092 0.7552028298
