41.1 354.7 2333.8 8 0.5324824452 0.4127110243 -0.7390074730 -0.3329258859 0.9048247337 0.2654289603 0.7782177329 0.1046984494 0.6192054749
-40.4 176.1 2313.2 0.5324824452 0.4127110243 -0.7390074730 -0.3329258859 0.9048247337 0.2654289603 0.7782177329 0.1046984494 0.6192054749
-111.4 -3.4 2295.7 0.5489609838 0.3658415377 -0.7515329719 -0.2941719592 0.9261642694 0.2359716147 0.7823712230 0.0915407240 0.6160483360
-115.0 216.2 2206.8 0.0107885124 0.5871450901 -0.8094097972 0.9428216219 0.2636915743 0.2038483620 0.3331231177 -0.7653282881 -0.5507282615
-117.9 -37.0 2117.3 -0.6873132586 0.5871450901 -0.4276226461 0.6618513465 0.2636915743 -0.7017261386 -0.2992545664 -0.7653282881 -0.5698415041
34.2 136.0 2419.5 0.0976257250 0.9533687830 -0.2855822444 -0.9947520494 0.1023044661 0.0014723939 0.0306200739 0.2839397788 0.9583530426
61.1 -138.0 2428.0 0.2255932391 0.9481336474 -0.2239426970 -0.9119468927 0.1246516183 -0.3909154236 -0.3427252471 0.2924117148 0.8927680254
-228.8 -160.9 2215.9 0.7995131016 -0.1186257377 -0.5888180733 0.0563435853 0.9907929897 -0.1231044233 0.5980001688 0.0652474836 0.7988357544
-182.7 -545.7 2190.5 0.7832387686 0.1662886143 -0.5990702510 -0.0966197625 0.9844167829 0.1469292641 0.6141674519 -0.0571986698 0.7871001363
-137.0 -209.8 2361.3 0.9660981894 -0.0121508501 0.2578889132 -0.0005248847 0.9987973571 0.0490262546 -0.2581744790 -0.0474995337 0.9649299383
-132.3 -597.2 2379.7 0.9318104386 0.2554280460 0.2578484118 -0.2515999079 0.9666243196 -0.0483210608 -0.2615851164 -0.0198485758 0.9649763107
73.9 -221.7 2200.8 0 0 0 0 0 0 0 0 0
118.2 -368.7 2341.3 0 0 0 0 0 0 0 0 0
-244.8 -913.1 2211.9 0 0 0 0 0 0 0 0 0
-227.5 -957.4 2387.1 0 0 0 0 0 0 0 0 0
41.7 350.8 2321.9 9 0.5382986069 0.4181910455 -0.7316767573 -0.3083309531 0.9057312608 0.2908314168 0.7843255997 0.0690444261 0.6164951324
-40.5 172.8 2308.3 0.5382986069 0.4181910455 -0.7316767573 -0.3083309531 0.9057312608 0.2908314168 0.7843255997 0.0690444261 0.6164951324
-113.9 -6.3 2296.6 0.5514762998 0.3784551322 -0.7434014082 -0.2780712843 0.9235955477 0.2639082670 0.7864796519 0.0611794144 0.6145785451
-115.6 210.7 2201.2 0.0200258140 0.5987957120 -0.8006513715 0.9419916868 0.2570562065 0.2158096731 0.3350383341 -0.7585287094 -0.5589128137
-120.8 -32.0 2114.8 -0.6721925139 0.5987957120 -0.4354318976 0.6762156487 0.2570562065 -0.6904016733 -0.3014791012 -0.7585287094 -0.5777062774
34.7 134.8 2415.5 0.0860931128 0.9568036199 -0.2776955366 -0.9945291281 0.0990860835 0.0330715179 0.0591587089 0.2733290792 0.9600996971
58.4 -139.3 2431.8 0.2118469924 0.9519335032 -0.2212317586 -0.9242743850 0.1215983033 -0.3618434370 -0.3175494969 0.2811343074 0.9056079984
-231.5 -156.3 2208.3 0.8028903604 -0.1405815482 -0.5793132782 0.0805975795 0.9884719253 -0.1281688213 0.5906530619 0.0562142693 0.8049651384
-177.0 -540.0 2186.5 0.7803575993 0.1945542395 -0.5942984223 -0.1021775752 0.9772682190 0.1857595593 0.6169292927 -0.0842349157 0.7824977636
-133.5 -209.2 2348.1 0.9638765454 -0.0030426928 0.2663320303 -0.0182329249 0.9968353510 0.0773746669 -0.2657245994 -0.0794356391 0.9607707262
-132.3 -595.8 2378.9 0.9304103255 0.2535038888 0.2647120059 -0.2507110536 0.9670212269 -0.0448770002 -0.2673586011 -0.0246122032 0.9632827044
66.8 -220.7 2199.0 0 0 0 0 0 0 0 0 0
112.1 -373.4 2351.4 0 0 0 0 0 0 0 0 0
-249.5 -904.5 2217.9 0 0 0 0 0 0 0 0 0
-226.9 -956.5 2388.1 0 0 0 0 0 0 0 0 0
44.0 351.3 2322.4 0 0.5011478066 0.4151839614 -0.7592582703 -0.2768712640 0.9081971645 0.3138793111 0.8198738694 0.0529168807 0.5700935125
-37.4 173.1 2312.1 0.5011478066 0.4151839614 -0.7592582703 -0.2768712640 0.9081971645 0.3138793111 0.8198738694 0.0529168807 0.5700935125
-112.2 -5.7 2304.9 0.5140063167 0.3846290410 -0.7667189837 -0.2474422008 0.9223229885 0.2968041301 0.8213220239 0.0371594429 0.5692532659
-107.5 206.8 2200.2 0.0422721282 0.6014252901 -0.7978099585 0.9434123039 0.2388550192 0.2300466299 0.3289167583 -0.7623882890 -0.5572950840
-118.5 -39.5 2114.3 -0.6625086069 0.6014252901 -0.4465086162 0.6824268103 0.2388550192 -0.6908270121 -0.3088299930 -0.7623882890 -0.5686722398
32.6 139.5 2423.9 0.0729793906 0.9450199008 -0.3187653422 -0.9916815758 0.1027381346 0.0775406361 0.1060268059 0.3104548454 0.9446566105
52.7 -133.7 2453.1 0.2156618088 0.9400524497 -0.2641806602 -0.9391619563 0.1256189048 -0.3196790218 -0.2673289478 0.3170509934 0.9099527001
-236.7 -160.3 2214.5 0.7798727155 -0.1619868875 -0.6046145558 0.0826145634 0.9841209054 -0.1571014673 0.6204622388 0.0725691840 0.7808715105
-173.9 -542.2 2186.4 0.7540872097 0.2082634121 -0.6228794456 -0.1036138609 0.9742396474 0.2003029436 0.6485496163 -0.0865069479 0.7562406659
-138.1 -210.2 2355.2 0.9742596745 -0.0112690292 0.2251468152 -0.0023243933 0.9981945157 0.0600197054 -0.2254166752 -0.0589981079 0.9724744558
-133.7 -597.4 2378.1 0.9420780540 0.2483857721 0.2253741324 -0.2522530854 0.9675875306 -0.0119485138 -0.2210370451 -0.0455948859 0.9741989970
66.4 -229.9 2200.5 0 0 0 0 0 0 0 0 0
107.3 -371.5 2385.4 0 0 0 0 0 0 0 0 0
-251.6 -905.7 2218.6 0 0 0 0 0 0 0 0 0
-226.4 -958.4 2395.1 0 0 0 0 0 0 0 0 0
43.0 350.3 2330.7 1 0.4953019619 0.4029567242 -0.7696114779 -0.2918125689 0.9116106033 0.2895022929 0.8182428479 0.0811912417 0.5691103339
-36.3 171.0 2314.7 0.4953019619 0.4029567242 -0.7696114779 -0.2918125689 0.9116106033 0.2895022929 0.8182428479 0.0811912417 0.5691103339
-109.5 -8.3 2303.5 0.5090509057 0.3772579730 -0.7736560106 -0.2594605982 0.9242772460 0.2799852788 0.8206993341 0.0582064949 0.5683877468
-105.7 206.4 2202.8 0.0343174599 0.5999956727 -0.7992668152 0.9432509542 0.2448666394 0.2243167162 0.3303028345 -0.7616071701 -0.5575432777
-114.9 -46.1 2114.4 -0.6726835370 0.5999956727 -0.4330150783 0.6697092056 0.2448666394 -0.7010919452 -0.3146212101 -0.7616071701 -0.5665403605
33.2 135.6 2426.7 0.0804154053 0.9415430427 -0.3271545470 -0.9929122329 0.1044840142 0.0566422045 0.0875134915 0.3202808499 0.9432717562
55.4 -138.1 2450.8 0.2257142216 0.9363386631 -0.2689294219 -0.9319700003 0.1271500736 -0.3395067155 -0.2836988568 0.3272656500 0.9013390541
-232.9 -162.4 2224.3 0.7765017152 -0.1553599834 -0.6106622219 0.0615868978 0.9832003117 -0.1718260050 0.6270981431 0.0958143994 0.7730249166
-172.6 -543.9 2187.1 0.7492559552 0.2181935459 -0.6253055930 -0.1180863008 0.9730542898 0.1980428547 0.6516679525 -0.0745447725 0.7548323870
-141.0 -206.6 2371.1 0.9758411646 -0.0198511276 0.2175775319 0.0220572855 0.9997269511 -0.0077154175 -0.2173649520 0.0123281917 0.9760125279
-133.3 -593.6 2366.3 0.9447953701 0.2466036230 0.2157506049 -0.2648059428 0.9624633789 0.0595154352 -0.1929753274 -0.1133619547 0.9746330380
72.8 -233.0 2202.2 0 0 0 0 0 0 0 0 0
112.6 -374.4 2378.9 0 0 0 0 0 0 0 0 0
-254.0 -907.0 2215.0 0 0 0 0 0 0 0 0 0
-225.1 -951.9 2408.5 0 0 0 0 0 0 0 0 0
37.4 350.3 2334.3 2 0.4716417193 0.3892275095 -0.7912370563 -0.2843521535 0.9165064692 0.2813533545 0.8346843123 0.0922919661 0.5429403782
-39.2 169.9 2316.2 0.4716417193 0.3892275095 -0.7912370563 -0.2843521535 0.9165064692 0.2813533545 0.8346843123 0.0922919661 0.5429403782
-111.9 -9.5 2302.9 0.4828317165 0.3744402826 -0.7916236520 -0.2573725581 0.9247287512 0.2804212272 0.8370381594 0.0683459491 0.5428590775
-105.1 205.1 2202.0 0.0301413834 0.6042607427 -0.7962163687 0.9439211488 0.2448202819 0.2215307057 0.3287922144 -0.7582427263 -0.5629952550
-113.2 -49.2 2113.4 -0.6763519049 0.6042607427 -0.4212090373 0.6606638432 0.2448202819 -0.7096381187 -0.3256859481 -0.7582427263 -0.5647978783
26.7 134.8 2430.4 0.0786088705 0.9307472110 -0.3571138680 -0.9926494360 0.1061447561 0.0581407882 0.0920201391 0.3499185145 0.9322496057
48.4 -139.0 2455.8 0.2355491519 0.9253070354 -0.2971927226 -0.9323137403 0.1287921518 -0.3379404247 -0.2744225562 0.3566784263 0.8930132985
-228.4 -164.3 2218.8 0.7579614520 -0.1445498466 -0.6360816360 0.0511659645 0.9853080511 -0.1629418433 0.6502895951 0.0909579024 0.7542215586
-172.3 -546.7 2183.5 0.7321900725 0.2196332961 -0.6447161436 -0.1063135490 0.9718320370 0.2103328109 0.6727519035 -0.0854615420 0.7349157929
-137.2 -210.7 2365.6 0.9824792147 -0.0127398847 0.1859362125 0.0094601130 0.9997838140 0.0185158439 -0.1861319095 -0.0164324529 0.9823873639
-132.3 -598.1 2372.0 0.9448229671 0.2699410021 0.1855839789 -0.2821049988 0.9584596753 0.0420927368 -0.1665122062 -0.0921243578 0.9817264080
75.6 -233.6 2204.3 0 0 0 0 0 0 0 0 0
108.1 -375.5 2386.2 0 0 0 0 0 0 0 0 0
-254.2 -909.4 2215.4 0 0 0 0 0 0 0 0 0
-232.9 -955.3 2406.3 0 0 0 0 0 0 0 0 0
34.4 349.7 2316.7 3 0.4919816554 0.3915615082 -0.7775819302 -0.2403430343 0.9195275307 0.3109732866 0.8367731571 0.0338932462 0.5464997292
-42.0 170.2 2310.0 0.4919816554 0.3915615082 -0.7775819302 -0.2403430343 0.9195275307 0.3109732866 0.8367731571 0.0338932462 0.5464997292
-113.6 -9.9 2306.4 0.5018811822 0.3689849973 -0.7822821140 -0.2162787616 0.9292441010 0.2995478213 0.8374596834 0.0188535880 0.5461737514
-110.5 199.8 2195.8 0.0041899118 0.5941598415 -0.8043360710 0.9509945512 0.2463209033 0.1869101524 0.3091793060 -0.7657023072 -0.5640107393
-111.7 -51.9 2114.0 -0.6853508353 0.5941598415 -0.4210323989 0.6533327103 0.2463209033 -0.7158787251 -0.3216373324 -0.7657023072 -0.5570003390
26.5 140.7 2424.2 0.0884455889 0.9369155765 -0.3381812572 -0.9869209528 0.1283649206 0.0975166187 0.1347754598 0.3251332641 0.9360149503
50.9 -131.3 2461.4 0.2374321520 0.9313979745 -0.2759054601 -0.9419944882 0.1514016390 -0.2995395958 -0.2372180223 0.3310217261 0.9133193493
-227.8 -165.9 2214.8 0.7748523355 -0.1349017322 -0.6175802946 0.0573663153 0.9879388213 -0.1438262314 0.6295339465 0.0760157853 0.7732455134
-175.4 -549.3 2185.3 0.7509846091 0.2057918459 -0.6274327636 -0.1076694354 0.9756417274 0.1911296844 0.6514824629 -0.0759801194 0.7548493743
-141.3 -212.0 2364.6 0.9779331684 -0.0303932615 0.2066954821 0.0230075791 0.9990112185 0.0380430967 -0.2076473534 -0.0324480422 0.9776654243
-129.6 -599.3 2377.2 0.9328790903 0.2940979898 0.2079495788 -0.2982966304 0.9544026852 -0.0116048586 -0.2018806040 -0.0512047298 0.9780706763
79.7 -234.3 2203.8 0 0 0 0 0 0 0 0 0
111.1 -370.2 2401.2 0 0 0 0 0 0 0 0 0
-252.2 -913.4 2213.6 0 0 0 0 0 0 0 0 0
-239.1 -954.9 2396.2 0 0 0 0 0 0 0 0 0
38.2 349.6 2320.3 4 0.4482765496 0.3978076279 -0.8004981279 -0.2340078503 0.9165118337 0.3244169652 0.8627215624 0.0418943167 0.5039408803
-39.9 169.6 2312.1 0.4482765496 0.3978076279 -0.8004981279 -0.2340078503 0.9165118337 0.3244169652 0.8627215624 0.0418943167 0.5039408803
-113.2 -9.9 2308.1 0.4599399865 0.3775280714 -0.8036963344 -0.2062941194 0.9257803559 0.3168176413 0.8636538386 0.0200807247 0.5036852360
-102.7 197.8 2194.3 0.0439764187 0.5696331263 -0.8207217455 0.9520186186 0.2251541018 0.2072829306 0.3028641045 -0.7904579043 -0.5323998332
-114.3 -54.6 2114.1 -0.6979249716 0.5696331263 -0.4340724349 0.6404395700 0.2251541018 -0.7342634201 -0.3205275834 -0.7904579043 -0.5219562650
22.8 141.5 2429.8 0.0709692538 0.9220825434 -0.3804302812 -0.9852882624 0.1242473722 0.1173438653 0.1554681957 0.3665057123 0.9173348546
42.4 -130.2 2472.7 0.2374623567 0.9165887237 -0.3216779530 -0.9485030770 0.1473133713 -0.2804295421 -0.2096510977 0.3717039824 0.9043685794
-230.0 -170.6 2227.9 0.7489179969 -0.1380244195 -0.6481289268 0.0333129279 0.9846727848 -0.1712008864 0.6618248224 0.1066243500 0.7420371771
-176.5 -552.7 2186.5 0.7282363772 0.2024657577 -0.6547361612 -0.0995710343 0.9764852524 0.1912122667 0.6780541539 -0.0740549713 0.7312718034
-140.1 -209.4 2377.6 0.9863587022 -0.0269094594 0.1623956859 0.0268689506 0.9996359944 0.0024461283 -0.1624023914 0.0019506415 0.9867227077
-129.7 -597.0 2376.9 0.9498907924 0.2673057914 0.1620342731 -0.2732817531 0.9618112445 0.0153676895 -0.1517385095 -0.0588786341 0.9866654873
80.5 -233.4 2203.5 0 0 0 0 0 0 0 0 0
102.6 -370.7 2419.5 0 0 0 0 0 0 0 0 0
-252.0 -917.2 2214.1 0 0 0 0 0 0 0 0 0
-229.4 -955.5 2398.8 0 0 0 0 0 0 0 0 0
34.5 353.5 2329.1 5 0.4675043523 0.3757893145 -0.8001387715 -0.2474524975 0.9245896935 0.2896569967 0.8486500978 0.0625804365 0.5252397060
-39.2 172.2 2316.9 0.4675043523 0.3757893145 -0.8001387715 -0.2474524975 0.9245896935 0.2896569967 0.8486500978 0.0625804365 0.5252397060
-109.1 -8.6 2308.2 0.4764910638 0.3600741327 -0.8020616174 -0.2247806489 0.9318579435 0.2848059833 0.8499587774 0.0445804223 0.5249596834
-104.3 202.8 2200.9 0.0566895008 0.5561779141 -0.8291274905 0.9459149241 0.2357762009 0.2228329778 0.3194233179 -0.7969163656 -0.5127309561
-119.7 -54.1 2114.2 -0.7135121226 0.5561779141 -0.4261063635 0.6271286011 0.2357762009 -0.7423741221 -0.3124263287 -0.7969163656 -0.5170242190
25.8 141.5 2432.8 0.0920295566 0.9248551130 -0.3690170646 -0.9881687164 0.1304873377 0.0805955976 0.1226913035 0.3572339416 0.9259215593
51.2 -130.9 2466.6 0.2523885071 0.9190155268 -0.3028374016 -0.9364606142 0.1531982720 -0.3155499399 -0.2436011285 0.3632364869 0.8992873430
-227.5 -171.1 2227.0 0.7575949430 -0.1236183196 -0.6409121752 0.0284706987 0.9872261286 -0.1567609012 0.6521037817 0.1005140543 0.7514370084
-179.6 -554.2 2188.0 0.7395591736 0.1925147623 -0.6449730992 -0.0922726691 0.9781758189 0.1861661971 0.6667368412 -0.0781675205 0.7411827445
-145.2 -208.0 2381.4 0.9837183356 -0.0410811417 0.1749587506 0.0385180824 0.9990953803 0.0180215873 -0.1755408347 -0.0109890895 0.9844108224
-129.3 -595.5 2385.7 0.9440842867 0.2775780857 0.1779193729 -0.2690434754 0.9605134726 -0.0709185153 -0.1905793846 0.0190850049 0.9814862609
79.5 -229.2 2201.4 0 0 0 0 0 0 0 0 0
115.2 -368.3 2404.9 0 0 0 0 0 0 0 0 0
-251.4 -919.3 2217.2 0 0 0 0 0 0 0 0 0
-232.5 -952.8 2378.6 0 0 0 0 0 0 0 0 0
34.5 357.8 2331.6 6 0.4928826094 0.3765949011 -0.7843742967 -0.2609236836 0.9239647388 0.2796568871 0.8300515413 0.0668238103 0.5536686778
-39.5 176.1 2318.4 0.4928826094 0.3765949011 -0.7843742967 -0.2609236836 0.9239647388 0.2796568871 0.8300515413 0.0668238103 0.5536686778
-109.6 -4.6 2309.1 0.5023923516 0.3606638908 -0.7858266234 -0.2369907498 0.9314818382 0.2760017812 0.8315271139 0.0475724675 0.5534433126
-108.1 208.4 2205.0 0.0594323203 0.5560899377 -0.8289944530 0.9408242702 0.2463642657 0.2327109128 0.3336428106 -0.7937686443 -0.5085409284
-124.4 -48.6 2113.8 -0.7150940895 0.5560899377 -0.4235615432 0.6285479069 0.2463642657 -0.7377209067 -0.3058887720 -0.7937686443 -0.5257028341
29.0 143.8 2431.9 0.0962742046 0.9352633953 -0.3406077623 -0.9897984862 0.1260639727 0.0663841292 0.1050250158 0.3307419717 0.9378589988
55.6 -129.2 2460.8 0.2453420907 0.9295971394 -0.2750572264 -0.9324649572 0.1486784220 -0.3292473555 -0.2651723325 0.3372594416 0.9032937884
-221.7 -169.2 2223.4 0.7761463523 -0.1079931632 -0.6212361455 0.0281969141 0.9901832938 -0.1369014084 0.6299220324 0.0887385830 0.7715722322
-179.8 -553.5 2189.0 0.7582613230 0.1870949268 -0.6245279908 -0.1000185385 0.9799808264 0.1721448004 0.6442328691 -0.0680663735 0.7617945671
-136.4 -209.4 2375.5 0.9788572788 -0.0152760167 0.2039731741 0.0077627506 0.9992633462 0.0375840478 -0.2043970525 -0.0352060273 0.9782547355
-130.4 -596.9 2389.1 0.9375004768 0.2817689478 0.2042035758 -0.2675544322 0.9588728547 -0.0947495475 -0.2225027531 0.0341921709 0.9743322730
75.3 -224.1 2199.2 0 0 0 0 0 0 0 0 0
117.8 -365.7 2393.6 0 0 0 0 0 0 0 0 0
-249.6 -919.3 2214.4 0 0 0 0 0 0 0 0 0
-235.4 -954.1 2376.4 0 0 0 0 0 0 0 0 0
35.2 354.8 2326.8 7 0.5156428814 0.3892633915 -0.7632734776 -0.2621996403 0.9197908044 0.2919524014 0.8156983256 0.0495868661 0.5763483047
-41.2 174.2 2317.0 0.5156428814 0.3892633915 -0.7632734776 -0.2621996403 0.9197908044 0.2919524014 0.8156983256 0.0495868661 0.5763483047
-112.6 -6.1 2310.2 0.5251300931 0.3681170642 -0.7672862411 -0.2390396297 0.9291113019 0.2821564972 0.8167609572 0.0352429487 0.5758988857
-112.9 206.8 2205.6 0.0546896756 0.5584580302 -0.8277279735 0.9382719398 0.2548141479 0.2339135557 0.3415477276 -0.7894265652 -0.5100498199
-127.4 -42.2 2114.9 -0.7181549668 0.5584580302 -0.4151843190 0.6248187423 0.2548141479 -0.7380184531 -0.3063575327 -0.7894265652 -0.5319311023
30.5 141.5 2428.5 0.0929132700 0.9454193115 -0.3123291135 -0.9902214408 0.1205247343 0.0702518597 0.1040608510 0.3027476370 0.9473727942
56.1 -131.7 2457.2 0.2313402891 0.9400972128 -0.2503974438 -0.9345182776 0.1431773305 -0.3258463740 -0.2704760432 0.3093823791 0.9116607308
-224.5 -164.1 2225.5 0.7937885523 -0.1110615581 -0.5979674459 0.0314137340 0.9893602133 -0.1420546025 0.6073819995 0.0939769223 0.7888317108
-181.4 -548.2 2189.0 0.7777954340 0.1735644937 -0.6040774584 -0.0975990742 0.9828094840 0.1567161977 0.6208934188 -0.0629357472 0.7813645005
-134.6 -206.5 2374.3 0.9724243283 -0.0137887280 0.2328106016 0.0010223779 0.9984931350 0.0548676252 -0.2332163453 -0.0531165935 0.9709730744
-129.2 -593.9 2394.9 0.9291746020 0.2887383103 0.2307914495 -0.2597423196 0.9542518854 -0.1481125504 -0.2629989386 0.0776761174 0.9616641998
73.1 -216.6 2200.5 0 0 0 0 0 0 0 0 0
114.8 -368.8 2388.6 0 0 0 0 0 0 0 0 0
-246.2 -915.0 2212.5 0 0 0 0 0 0 0 0 0
-236.8 -949.5 2366.0 0 0 0 0 0 0 0 0 0
35.4 355.4 2331.4 8 0.5235322714 0.3963963091 -0.7541776896 -0.2763990760 0.9163232446 0.2897504270 0.8059265018 0.0567603037 0.5892883539
-42.7 174.9 2320.2 0.5235322714 0.3963963091 -0.7541776896 -0.2763990760 0.9163232446 0.2897504270 0.8059265018 0.0567603037 0.5892883539
-115.4 -4.9 2312.1 0.5337616205 0.3745241761 -0.7581755519 -0.2519493699 0.9262895584 0.2801949084 0.8072298765 0.0414645523 0.5887789726
-115.6 209.3 2210.0 0.0485637709 0.5436409712 -0.8379117250 0.9344999790 0.2714450955 0.2302766591 0.3526348472 -0.7942116261 -0.4948500693
-128.6 -42.0 2115.1 -0.7364340425 0.5436409712 -0.4026405513 0.6082101464 0.2714450955 -0.7459208965 -0.2962183356 -0.7942116261 -0.5305493474
30.2 140.5 2430.4 0.0878404602 0.9498911500 -0.2999846637 -0.9919368625 0.1110271513 0.0611081757 0.0913525596 0.2921980917 0.9519847631
54.4 -133.3 2455.6 0.2219841629 0.9447911978 -0.2410241216 -0.9326677918 0.1336587518 -0.3350613415 -0.2843480110 0.2991737425 0.9108464718
-231.1 -165.1 2230.3 0.7986385226 -0.1279251575 -0.5880575776 0.0438399799 0.9869171381 -0.1551535875 0.6002120972 0.0981311947 0.7937982678
-181.4 -548.1 2192.2 0.7798904181 0.1837792844 -0.5983277559 -0.1045281664 0.9807403088 0.1649919003 0.6171262264 -0.0661334991 0.7840800881
-137.0 -207.9 2376.5 0.9693231583 -0.0163161959 0.2452476323 0.0050881687 0.9989124537 0.0463465080 -0.2457371205 -0.0436768830 0.9683520198
-130.7 -595.5 2393.4 0.9283950925 0.2801495492 0.2441287041 -0.2532666326 0.9577935338 -0.1359690428 -0.2719165683 0.0644033328 0.9601632953
76.9 -211.8 2197.8 0 0 0 0 0 0 0 0 0
110.8 -369.9 2383.4 0 0 0 0 0 0 0 0 0
-250.0 -914.2 2216.9 0 0 0 0 0 0 0 0 0
-235.2 -952.7 2369.4 0 0 0 0 0 0 0 0 0
29.8 355.4 2327.2 9 0.5173407793 0.3800476193 -0.7667609453 -0.2508425713 0.9239683747 0.2887221575 0.8181909919 0.0429685451 0.5733386278
-44.7 174.3 2318.7 0.5173407793 0.3800476193 -0.7667609453 -0.2508425713 0.9239683747 0.2887221575 0.8181909919 0.0429685451 0.5733386278
-114.7 -6.6 2312.4 0.5248337984 0.3607899249 -0.7709605098 -0.2320701778 0.9320663810 0.2782008648 0.8189584017 0.0329077318 0.5729085207
-116.4 206.0 2206.9 0.0556859411 0.5245977044 -0.8495271206 0.9365285635 0.2675269246 0.2265913188 0.3461406529 -0.8082243800 -0.4764032066
-130.9 -38.1 2116.7 -0.7443288565 0.5245977044 -0.4132454991 0.6049376726 0.2675269246 -0.7499864697 -0.2828868926 -0.8082243800 -0.5164769292
26.9 142.6 2430.6 0.1003335714 0.9436537027 -0.3153583109 -0.9890791774 0.1289910376 0.0712999180 0.1079608276 0.3047605455 0.9462903738
54.6 -130.3 2460.4 0.2394414842 0.9381197691 -0.2501980066 -0.9335799217 0.1516894102 -0.3246826231 -0.2666387856 0.3113223314 0.9121305346
-235.9 -162.1 2231.8 0.7904866338 -0.1415144950 -0.5959064960 0.0516973510 0.9848856926 -0.1653103977 0.6102935672 0.0998688787 0.7858549356
-180.9 -544.4 2193.1 0.7704651952 0.1856763214 -0.6098423004 -0.1107399464 0.9810808301 0.1587987542 0.6277897954 -0.0548150092 0.7764504552
-140.3 -207.3 2376.4 0.9728147388 -0.0180838127 0.2308775485 0.0147334673 0.9997597933 0.0162273683 -0.2311155349 -0.0123845972 0.9728474617
-133.3 -595.1 2381.2 0.9324814081 0.2772182226 0.2315781564 -0.2721050382 0.9607284665 -0.0544030406 -0.2375652492 -0.0122837583 0.9712939262
76.9 -207.0 2195.7 0 0 0 0 0 0 0 0 0
115.4 -367.1 2392.7 0 0 0 0 0 0 0 0 0
-250.2 -910.6 2213.5 0 0 0 0 0 0 0 0 0
-236.4 -952.5 2385.8 0 0 0 0 0 0 0 0 0
24.8 353.5 2340.1 0 0.4990611672 0.3685014844 -0.7843115330 -0.2756253481 0.9255778790 0.2594923973 0.8215647340 0.0866735727 0.5634883046
-47.5 171.9 2323.1 0.4990611672 0.3685014844 -0.7843115330 -0.2756253481 0.9255778790 0.2594923973 0.8215647340 0.0866735727 0.5634883046
-115.5 -9.4 2311.2 0.5105838180 0.3508930802 -0.7849702239 -0.2458337396 0.9344037175 0.2577894926 0.8239356279 0.0613490082 0.5633527637
-117.2 205.5 2210.6 0.0456701368 0.5117949247 -0.8578928709 0.9358405471 0.2784991562 0.2159645110 0.3494519889 -0.8127140999 -0.4662393630
-129.2 -40.2 2118.8 -0.7537923455 0.5117949247 -0.4121444821 0.5994004011 0.2784991562 -0.7504381537 -0.2692885399 -0.8127140999 -0.5167006254
22.3 138.3 2435.6 0.1082022488 0.9360139370 -0.3349181712 -0.9902676344 0.1311454177 0.0465927422 0.0875344425 0.3266171813 0.9410945177
52.1 -134.9 2459.7 0.2541527152 0.9301258922 -0.2650890350 -0.9249113798 0.1536131054 -0.3477670252 -0.2827459574 0.3335697949 0.8993252516
-231.8 -166.7 2232.7 0.7789136171 -0.1258982420 -0.6143640280 0.0355857462 0.9869365096 -0.1571305394 0.6261207461 0.1005285084 0.7732184529
-182.9 -549.7 2193.7 0.7614952326 0.1843577921 -0.6213994026 -0.0915439948 0.9796776772 0.1784695685 0.6416733265 -0.0790183470 0.7628967166
-137.8 -208.2 2379.4 0.9773927331 0.0130029563 0.2110315412 -0.0169096999 0.9997172356 0.0167185385 -0.2107544839 -0.0199090596 0.9773362875
-142.8 -596.0 2387.1 0.9482865334 0.2390524298 0.2088218778 -0.2273010463 0.9706204534 -0.0789316297 -0.2215555906 0.0273843668 0.9747631550
81.2 -207.6 2194.0 0 0 0 0 0 0 0 0 0
116.6 -369.5 2388.0 0 0 0 0 0 0 0 0 0
-251.7 -915.3 2223.2 0 0 0 0 0 0 0 0 0
-231.8 -957.2 2376.9 0 0 0 0 0 0 0 0 0
25.9 355.4 2344.5 1 0.4940254390 0.3814947307 -0.7812814116 -0.2853594422 0.9199629426 0.2687714994 0.8212848902 0.0901660770 0.5633482337
-48.9 174.8 2326.8 0.4940254390 0.3814947307 -0.7812814116 -0.2853594422 0.9199629426 0.2687714994 0.8212848902 0.0901660770 0.5633482337
-119.0 -5.6 2313.3 0.5051066279 0.3608622551 -0.7839934230 -0.2577448189 0.9300090075 0.2620130479 0.8236715794 0.0697257221 0.5627641082
-117.9 210.0 2214.3 0.0402400345 0.5281497836 -0.8481972218 0.9329288006 0.2841221094 0.2211751193 0.3578051627 -0.8002077341 -0.4812930822
-128.7 -40.1 2118.4 -0.7511571646 0.5281497836 -0.3960059583 0.5957982540 0.2841221094 -0.7511984706 -0.2842312753 -0.8002077341 -0.5280910730
20.1 139.6 2439.3 0.0970396623 0.9362975955 -0.3375353515 -0.9920493364 0.1182975695 0.0429394878 0.0801337510 0.3306849003 0.9403329492
46.8 -134.1 2461.4 0.2449536324 0.9306336045 -0.2718800902 -0.9253932834 0.1407694072 -0.3518967032 -0.2892145216 0.3377943635 0.8956840634
-229.3 -168.6 2225.5 0.7754806280 -0.1136523932 -0.6210579276 0.0366742723 0.9901126623 -0.1353955567 0.6303053498 0.0822197795 0.7719812989
-185.2 -552.9 2193.6 0.7594056129 0.1826405227 -0.6244561672 -0.0774980783 0.9783496261 0.1919010729 0.6459854245 -0.0973366052 0.7571185231
-143.7 -207.0 2376.7 0.9770923257 0.0403999425 0.2089460492 -0.0495106205 0.9980291128 0.0385560095 -0.2069765925 -0.0480178297 0.9771668315
-159.2 -590.4 2395.1 0.9506911039 0.2353909612 0.2019343525 -0.2210193425 0.9709849358 -0.0913165361 -0.2175703049 0.0421824232 0.9751327038
81.0 -206.4 2197.8 0 0 0 0 0 0 0 0 0
109.0 -369.0 2388.0 0 0 0 0 0 0 0 0 0
-253.4 -918.0 2230.0 0 0 0 0 0 0 0 0 0
-246.9 -952.2 2379.4 0 0 0 0 0 0 0 0 0
25.2 358.8 2354.7 2 0.4046372473 0.3863623142 -0.8288503289 -0.2835112214 0.9147080779 0.2879766226 0.8694193959 0.1184623092 0.4796630144
-50.7 179.2 2331.5 0.4046372473 0.3863623142 -0.8288503289 -0.2835112214 0.9147080779 0.2879766226 0.8694193959 0.1184623092 0.4796630144
-121.8 -0.6 2314.2 0.4184637666 0.3674288690 -0.8305926323 -0.2497512400 0.9258109331 0.2837224901 0.8732195497 0.0887139440 0.4791841507
-107.5 213.1 2212.8 0.0926567167 0.5179725289 -0.8503641486 0.9282134175 0.2641273439 0.2620241046 0.3603257239 -0.8135976791 -0.4563158453
-132.3 -35.2 2116.4 -0.7483759522 0.5179725289 -0.4142920077 0.6005879045 0.2641273439 -0.7546727061 -0.2814738750 -0.8135976791 -0.5087546110
6.2 145.2 2450.2 0.0714961514 0.9016618133 -0.4264906049 -0.9919140935 0.1092223600 0.0646288395 0.1048556715 0.4184213579 0.9021800756
25.9 -128.4 2479.1 0.2549563646 0.8957849741 -0.3640969098 -0.9346307516 0.1317555010 -0.3303117156 -0.2479165047 0.4245112538 0.8708201051
-234.2 -163.0 2226.0 0.7115399837 -0.1238759458 -0.6916397810 0.0331364796 0.9891572595 -0.1430728436 0.7018638253 0.0788835436 0.7079297900
-186.1 -547.0 2195.4 0.6985481381 0.1691690683 -0.6952785850 -0.0612258613 0.9822195768 0.1774712503 0.7129389048 -0.0814031810 0.6964852214
-146.6 -206.3 2375.4 0.9935854673 0.0113341911 0.1125141457 -0.0139515614 0.9996494055 0.0225025117 -0.1122196540 -0.0239279177 0.9933952689
-151.0 -592.1 2384.6 0.9644084573 0.2395741194 0.1118950993 -0.2386018336 0.9708636999 -0.0222009290 -0.1139536574 -0.0052876119 0.9934719801
76.6 -202.9 2195.0 0 0 0 0 0 0 0 0 0
90.6 -365.4 2416.2 0 0 0 0 0 0 0 0 0
-249.3 -913.5 2225.8 0 0 0 0 0 0 0 0 0
-240.3 -953.8 2386.6 0 0 0 0 0 0 0 0 0
27.0 362.4 2360.4 3 0.4586665630 0.3814947605 -0.8025501370 -0.3157329261 0.9141867757 0.2541166246 0.8306248784 0.1368367076 0.5397573709
-48.2 182.4 2333.4 0.4586665630 0.3814947605 -0.8025501370 -0.3157329261 0.9141867757 0.2541166246 0.8306248784 0.1368367076 0.5397573709
-118.3 2.9 2311.2 0.4704884887 0.3612555265 -0.8050683141 -0.2864520848 0.9254733324 0.2478795350 0.8346171379 0.1139890254 0.5389069915
-112.2 221.3 2220.0 0.0834235176 0.5294548869 -0.8442263007 0.9203600883 0.2838782072 0.2689804733 0.3820704818 -0.7994314432 -0.4636070430
-135.3 -33.5 2114.2 -0.7479817271 0.5294548869 -0.4002509415 0.6008182764 0.2838782072 -0.7472821474 -0.2820296586 -0.7994314432 -0.5304418802
15.9 143.5 2446.8 0.0879652128 0.9228355289 -0.3750156462 -0.9948152304 0.1006753817 0.0143932225 0.0510374233 0.3718051910 0.9269067049
40.1 -130.5 2460.9 0.2506303489 0.9170450568 -0.3101818562 -0.9175773859 0.1228916198 -0.3780865371 -0.3086036444 0.3793758154 0.8722601533
-230.2 -158.0 2219.1 0.7448239923 -0.1197184846 -0.6564333439 0.0497978181 0.9910026789 -0.1242330819 0.6654002070 0.0598428287 0.7440842986
-183.7 -542.6 2195.9 0.7273120284 0.1775613576 -0.6629397869 -0.0861057416 0.9819280505 0.1685322523 0.6808840036 -0.0654926151 0.7294571400
-157.1 -201.1 2375.7 0.9848368764 -0.0473318361 0.1669012308 0.0390085354 0.9978428483 0.0528018214 -0.1690403968 -0.0454906076 0.9845587611
-138.8 -586.6 2393.2 0.9488479495 0.2647792995 0.1719867885 -0.2521689832 0.9633149505 -0.0918430761 -0.1899955869 0.0437753834 0.9808085561
73.6 -201.3 2193.0 0 0 0 0 0 0 0 0 0
103.5 -362.8 2382.7 0 0 0 0 0 0 0 0 0
-250.0 -909.1 2220.3 0 0 0 0 0 0 0 0 0
-237.4 -945.3 2376.9 0 0 0 0 0 0 0 0 0
25.0 361.2 2362.2 4 0.4601774514 0.3834661245 -0.8007436991 -0.3242765367 0.9121970534 0.2504820526 0.8264874220 0.1443961859 0.5441215634
-50.3 182.2 2333.8 0.4601774514 0.3834661245 -0.8007436991 -0.3242765367 0.9121970534 0.2504820526 0.8264874220 0.1443961859 0.5441215634
-121.3 3.1 2309.8 0.4709131420 0.3654551208 -0.8029217720 -0.2979755998 0.9225583673 0.2451460212 0.8303321004 0.1238086075 0.5433415771
-114.5 222.7 2220.7 0.0898837969 0.5384009480 -0.8378814459 0.9146703482 0.2882570624 0.2833478749 0.3940800130 -0.7918536663 -0.4665497541
-139.0 -27.0 2113.1 -0.7390271425 0.5384009480 -0.4049237370 0.6130416393 0.2882570624 -0.7355867028 -0.2793184817 -0.7918536663 -0.5430920124
13.9 141.6 2446.9 0.0847594738 0.9239060283 -0.3731131554 -0.9955986142 0.0935583189 0.0055015008 0.0399907082 0.3710046411 0.9277695417
37.3 -132.9 2458.0 0.2471953481 0.9181905389 -0.3095490038 -0.9147194624 0.1157377586 -0.3871602714 -0.3196603954 0.3788547218 0.8684965968
-230.5 -151.1 2214.7 0.7435497642 -0.1271918118 -0.6564723849 0.0619169436 0.9906211495 -0.1218034029 0.6658078432 0.0499201231 0.7444514036
-181.1 -535.6 2195.3 0.7252942920 0.1760452986 -0.6655495763 -0.0872681141 0.9824637175 0.1647706777 0.6828854084 -0.0614259727 0.7279384732
-147.2 -201.4 2363.9 0.9854912758 -0.0265315585 0.1676397026 0.0128391609 0.9965298772 0.0822395235 -0.1692399085 -0.0788939744 0.9824120998
-137.0 -587.0 2394.4 0.9502459168 0.2613309920 0.1695251912 -0.2426996529 0.9622750282 -0.1229784042 -0.1952679306 0.0757160187 0.9778228402
67.3 -198.1 2191.1 0 0 0 0 0 0 0 0 0
99.9 -364.8 2376.9 0 0 0 0 0 0 0 0 0
-246.8 -902.3 2218.2 0 0 0 0 0 0 0 0 0
-234.4 -945.6 2366.2 0 0 0 0 0 0 0 0 0
28.9 364.4 2363.6 5 0.4343937933 0.3892252147 -0.8122842908 -0.3297486901 0.9079282880 0.2587121427 0.8381931782 0.1554667503 0.5227449536
-47.5 186.3 2333.1 0.4343937933 0.3892252147 -0.8122842908 -0.3297486901 0.9079282880 0.2587121427 0.8381931782 0.1554667503 0.5227449536
-118.8 7.9 2306.2 0.4448138177 0.3679435253 -0.8165526390 -0.3045996726 0.9195169210 0.2484103441 0.8422349095 0.1382253170 0.5210893154
-108.1 227.9 2218.2 0.1211450398 0.5328168869 -0.8375141621 0.9165217876 0.2639727890 0.3005098104 0.3811976612 -0.8040052652 -0.4563593268
-141.4 -23.8 2113.5 -0.7294933796 0.5328168869 -0.4288887382 0.6248116493 0.2639727890 -0.7347984910 -0.2782981098 -0.8040052652 -0.5254765749
13.2 144.8 2447.9 0.0773738027 0.9134179950 -0.3996009231 -0.9962662458 0.0862315521 0.0042055584 0.0382996425 0.3977835178 0.9166795611
34.6 -130.1 2458.5 0.2506389618 0.9076142907 -0.3367735445 -0.9149467945 0.1084212139 -0.3887379766 -0.3163107336 0.4055627584 0.8575933576
-234.3 -149.3 2211.5 0.7220085263 -0.1447962075 -0.6765632033 0.0724856257 0.9883050919 -0.1341598034 0.6880766749 0.0478234142 0.7240603566
-178.1 -532.9 2193.0 0.6992799044 0.1993129998 -0.6864997745 -0.0830791146 0.9764956236 0.1988823861 0.7100038528 -0.0820406675 0.6994025111
-150.5 -202.1 2360.1 0.9894526601 -0.0383192971 0.1396964937 0.0268936455 0.9962050319 0.0827786401 -0.1423383653 -0.0781485960 0.9867282510
-135.7 -588.2 2390.4 0.9525650740 0.2678695023 0.1444496661 -0.2536464036 0.9610714912 -0.1095678434 -0.1681763381 0.0677313581 0.9834272861
62.3 -198.3 2191.2 0 0 0 0 0 0 0 0 0
98.2 -362.2 2378.3 0 0 0 0 0 0 0 0 0
-252.5 -897.2 2223.6 0 0 0 0 0 0 0 0 0
-235.6 -946.7 2365.1 0 0 0 0 0 0 0 0 0
31.8 362.7 2364.3 6 0.4678533375 0.4019056857 -0.7871372700 -0.3474571109 0.9025503993 0.2543154359 0.8126418591 0.1545141339 0.5619062185
-46.8 186.1 2334.0 0.4678533375 0.4019056857 -0.7871372700 -0.3474571109 0.9025503993 0.2543154359 0.8126418591 0.1545141339 0.5619062185
-120.4 8.5 2307.3 0.4789707065 0.3789833188 -0.7918072343 -0.3215802610 0.9150521159 0.2434455752 0.8168067336 0.1380262673 0.5601567030
-112.1 230.0 2222.7 0.1081433445 0.5445088744 -0.8317542076 0.9120998979 0.2784627974 0.3008857667 0.3954476118 -0.7911817431 -0.4665326178
-142.1 -22.6 2113.2 -0.7275604606 0.5445088744 -0.4173318148 0.6261488199 0.2784627974 -0.7282829881 -0.2803451717 -0.7911817431 -0.5435421467
18.5 142.2 2445.4 0.0729017332 0.9302433133 -0.3596285582 -0.9971773028 0.0744816363 -0.0094817663 0.0179653708 0.3593046665 0.9330473542
38.6 -132.9 2450.4 0.2312147617 0.9249116182 -0.3017916083 -0.9106620550 0.0965792164 -0.4017052054 -0.3423950076 0.3677103519 0.8646124601
-230.0 -143.3 2204.1 0.7481536865 -0.1374862045 -0.6491252780 0.0806086734 0.9898842573 -0.1167536601 0.6586108804 0.0350245535 0.7516681552
-176.7 -527.6 2190.5 0.7243661284 0.2005404681 -0.6596038938 -0.0898227990 0.9760555029 0.1981098652 0.6835390329 -0.0842566043 0.7250346541
-150.6 -197.7 2354.8 0.9823276997 -0.0514388122 0.1799620837 0.0287544075 0.9915547371 0.1264607906 -0.1849472523 -0.1190512404 0.9755107760
-130.7 -581.9 2401.0 0.9425278902 0.2767881453 0.1871616840 -0.2528356910 0.9570232034 -0.1420589387 -0.2184382975 0.0865733549 0.9720029831
61.1 -197.4 2191.4 0 0 0 0 0 0 0 0 0
97.2 -363.8 2363.5 0 0 0 0 0 0 0 0 0
-251.5 -891.8 2221.9 0 0 0 0 0 0 0 0 0
-234.0 -939.0 2368.7 0 0 0 0 0 0 0 0 0
31.9 364.5 2357.6 7 0.5087536573 0.4060243368 -0.7591534257 -0.3503541052 0.9031239152 0.2482322156 0.7863979340 0.1396834701 0.6017198563
-47.9 187.0 2330.2 0.5087536573 0.4060243368 -0.7591534257 -0.3503541052 0.9031239152 0.2482322156 0.7863979340 0.1396834701 0.6017198563
-122.4 9.5 2305.3 0.5182592869 0.3842075467 -0.7640627623 -0.3284924626 0.9143037796 0.2369414568 0.7896201611 0.1281917542 0.6000556946
-118.5 231.8 2222.5 0.0912895575 0.5547185540 -0.8270148039 0.9143707752 0.2822661400 0.2902617455 0.3944518566 -0.7826960683 -0.4814504981
-143.7 -20.5 2113.7 -0.7243490815 0.5547185540 -0.4093967676 0.6266915202 0.2822661400 -0.7263494730 -0.2873606980 -0.7826960683 -0.5520966053
22.8 142.2 2437.8 0.0748096555 0.9464450479 -0.3140785694 -0.9971854687 0.0725686625 -0.0188387595 0.0049624112 0.3146038949 0.9492100477
43.4 -133.0 2439.2 0.2153368443 0.9415104985 -0.2592066228 -0.9070977569 0.0945439935 -0.4101647139 -0.3616679311 0.3234493136 0.8744008541
-236.8 -140.3 2207.5 0.7761962414 -0.1557214558 -0.6109584570 0.0947693214 0.9868260622 -0.1311225146 0.6233282685 0.0438766852 0.7807282805
-176.3 -523.3 2190.5 0.7531813383 0.1938016266 -0.6286166310 -0.0907462090 0.9770905972 0.1925074607 0.6515236497 -0.0879484490 0.7535131574
-151.2 -197.8 2353.6 0.9722728133 -0.0601718985 0.2259754688 0.0308586266 0.9908914566 0.1310797781 -0.2318044752 -0.1204720140 0.9652736187
-127.9 -582.1 2400.4 0.9295578003 0.2850320637 0.2338355482 -0.2581577599 0.9560354352 -0.1391071081 -0.2632050514 0.0689416379 0.9622734189
58.5 -195.5 2193.9 0 0 0 0 0 0 0 0 0
98.0 -363.1 2347.4 0 0 0 0 0 0 0 0 0
-248.7 -888.0 2223.3 0 0 0 0 0 0 0 0 0
-234.2 -938.8 2374.6 0 0 0 0 0 0 0 0 0
31.4 362.9 2353.3 8 0.5985298157 0.3976989985 -0.6954118013 -0.3690792322 0.9073487520 0.2012429982 0.7110151649 0.1362121254 0.6898577213
-46.8 184.5 2326.5 0.5985298157 0.3976989985 -0.6954118013 -0.3690792322 0.9073487520 0.2012429982 0.7110151649 0.1362121254 0.6898577213
-118.7 5.8 2303.0 0.6108371019 0.3713225424 -0.6992836595 -0.3398239017 0.9206739664 0.1920393556 0.7151207924 0.1203285456 0.6885660887
-129.6 230.5 2229.6 0.0531714894 0.5638443232 -0.8241677284 0.9108284712 0.3109419644 0.2714895904 0.4093461633 -0.7651109099 -0.4970321953
-144.3 -21.7 2116.3 -0.7287427783 0.5638443232 -0.3886046410 0.6232277155 0.3109419644 -0.7175669670 -0.2837625444 -0.7651109099 -0.5780000687
36.0 138.4 2423.4 0.0994224325 0.9733313322 -0.2067397237 -0.9941272140 0.0882398039 -0.0626487061 -0.0427352749 0.2117542773 0.9763881564
63.4 -135.5 2411.6 0.1957804561 0.9689242244 -0.1511815190 -0.8875388503 0.1095075533 -0.4475297928 -0.4170669317 0.2217970639 0.8813973069
-243.3 -138.6 2209.9 0.8328568339 -0.1782242060 -0.5240091681 0.1219062284 0.9825574160 -0.1404270828 0.5398966074 0.0530756749 0.8400563002
-174.1 -519.9 2189.3 0.8082992435 0.2007565647 -0.5534881353 -0.1160738468 0.9759579897 0.1844801307 0.5772168040 -0.0848696530 0.8121686578
-150.7 -197.3 2351.1 0.9436537027 -0.0555743799 0.3262348771 0.0169574264 0.9926237464 0.1200439110 -0.3304998577 -0.1077477783 0.9376354814
-129.1 -582.5 2392.9 0.9010102153 0.2822589576 0.3294092715 -0.2475410253 0.9581307173 -0.1439060122 -0.3562358916 0.0481184758 0.9331562519
59.2 -195.7 2195.5 0 0 0 0 0 0 0 0 0
113.0 -360.3 2306.0 0 0 0 0 0 0 0 0 0
-249.1 -884.2 2221.0 0 0 0 0 0 0 0 0 0
-234.4 -940.0 2375.0 0 0 0 0 0 0 0 0 0
32.2 362.3 2352.6 9 0.5563527346 0.4018121958 -0.7273366451 -0.3606785834 0.9053294063 0.2242536098 0.7485870719 0.1375706345 0.6486075521
-46.7 184.4 2325.6 0.5563527346 0.4018121958 -0.7273366451 -0.3606785834 0.9053294063 0.2242536098 0.7485870719 0.1375706345 0.6486075521
-120.1 6.3 2301.5 0.5671397448 0.3784821332 -0.7315078974 -0.3354820609 0.9172987938 0.2145103514 0.7521996498 0.1237504184 0.6472105980
-123.8 229.9 2223.4 0.0812185407 0.5444065332 -0.8348802924 0.9170227647 0.2873506546 0.2765843570 0.3904777169 -0.7880679965 -0.4758949578
-145.7 -17.6 2118.0 -0.7267711759 0.5444065332 -0.4188378751 0.6306878924 0.2873506546 -0.7208760977 -0.2720963359 -0.7880679965 -0.5521888137
30.3 138.8 2427.8 0.0871336460 0.9620081782 -0.2587430775 -0.9960030913 0.0790072605 -0.0416619740 -0.0196365770 0.2613390684 0.9650472999
54.3 -135.8 2422.4 0.2049115747 0.9573484063 -0.2037040293 -0.8973801136 0.1006608680 -0.4296235144 -0.3907943666 0.2708347738 0.8797319531
-245.0 -142.8 2216.0 0.8061797023 -0.1831340343 -0.5626155734 0.1135728210 0.9811080098 -0.1566152275 0.5806682110 0.0623621717 0.8117483854
-173.9 -523.6 2191.8 0.7774171233 0.2138211876 -0.5915260911 -0.1339743882 0.9751554132 0.1764164120 0.6145514250 -0.0578998029 0.7867491245
-136.4 -203.1 2343.1 0.9601687193 -0.0170777757 0.2788984478 -0.0138796708 0.9939833283 0.1086483225 -0.2790758908 -0.1081917435 0.9541546702
-129.8 -588.6 2385.0 0.9157937765 0.2905909419 0.2772700787 -0.2804898024 0.9568151832 -0.0763552934 -0.2874843776 -0.0078457221 0.9577531815
57.2 -193.7 2194.0 0 0 0 0 0 0 0 0 0
106.3 -363.2 2323.3 0 0 0 0 0 0 0 0 0
-253.7 -887.4 2213.4 0 0 0 0 0 0 0 0 0
-238.1 -945.2 2387.9 0 0 0 0 0 0 0 0 0
33.8 360.7 2345.3 0 0.5904242992 0.4061745703 -0.6974391341 -0.3671409786 0.9047185779 0.2160829753 0.7187535167 0.1284778416 0.6832911372
-45.9 183.2 2320.1 0.5904242992 0.4061745703 -0.6974391341 -0.3671409786 0.9047185779 0.2160829753 0.7187535167 0.1284778416 0.6832911372
-120.1 5.3 2297.4 0.6010524631 0.3825074136 -0.7017292976 -0.3425973952 0.9165798426 0.2061757743 0.7220546603 0.1164881513 0.6819586158
-127.7 229.9 2221.8 0.0607552342 0.5551415086 -0.8295339942 0.9218345881 0.2875089049 0.2599223256 0.3827921152 -0.7804847956 -0.4942809939
-144.1 -19.6 2118.3 -0.7214229107 0.5551415086 -0.4139648676 0.6334589720 0.2875089049 -0.7183789611 -0.2797834277 -0.7804847956 -0.5590748787
35.9 136.6 2418.4 0.0881706625 0.9726817012 -0.2147468626 -0.9955245256 0.0786857009 -0.0523402877 -0.0340129361 0.2184006423 0.9752662778
60.2 -138.0 2409.0 0.1889378279 0.9684092999 -0.1627448350 -0.8925055861 0.1002256200 -0.4397597611 -0.4095562398 0.2283379287 0.8832471371
-244.0 -141.9 2210.3 0.8281555772 -0.1804148555 -0.5306683183 0.1268454641 0.9825427532 -0.1360879093 0.5459566116 0.0453890860 0.8365830779
-174.0 -523.2 2192.7 0.7993642092 0.2164735645 -0.5604962707 -0.1340749264 0.9735871553 0.1848026067 0.5856968760 -0.0725760832 0.8072743416
-143.0 -201.6 2344.3 0.9464299679 -0.0336445086 0.3211515844 -0.0044375961 0.9931081533 0.1171176210 -0.3228785992 -0.1122687683 0.9397580028
-130.0 -586.9 2387.9 0.9024456143 0.2873282135 0.3209897876 -0.2708418667 0.9578320980 -0.0959287360 -0.3350173533 -0.0003670020 0.9422118664
57.3 -196.4 2196.4 0 0 0 0 0 0 0 0 0
108.1 -364.3 2305.1 0 0 0 0 0 0 0 0 0
-254.8 -886.6 2219.8 0 0 0 0 0 0 0 0 0
-237.1 -944.2 2388.0 0 0 0 0 0 0 0 0 0
30.4 357.4 2341.1 1 0.5997554064 0.3922869265 -0.6974269748 -0.3566181958 0.9112789631 0.2058984339 0.7163217664 0.1252264380 0.6864411235
-46.6 178.6 2316.6 0.5997554064 0.3922869265 -0.6974269748 -0.3566181958 0.9112789631 0.2058984339 0.7163217664 0.1252264380 0.6864411235
-119.5 -0.0 2294.8 0.6084040999 0.3757542074 -0.6990373731 -0.3359974325 0.9199336767 0.2020588964 0.7189924717 0.1119413078 0.6859438419
-129.5 224.4 2218.5 0.0210093185 0.5710206628 -0.8206667900 0.9326891899 0.2844327390 0.2217856646 0.3600687087 -0.7700866461 -0.5266090631
-135.4 -34.0 2118.8 -0.7346391082 0.5710206628 -0.3663888872 0.5957084894 0.2844327390 -0.7511520386 -0.3247103393 -0.7700866461 -0.5491172671
36.4 132.7 2414.6 0.0967457816 0.9733078480 -0.2081156224 -0.9947925210 0.0878219604 -0.0517220907 -0.0320643932 0.2120357603 0.9767357707
63.1 -141.7 2405.7 0.1943695843 0.9688957334 -0.1531715989 -0.8915846944 0.1093891189 -0.4394436777 -0.4090197980 0.2219799459 0.8851144910
