241.2 358.8 2463.4 6 0.5494734049 0.7037646770 -0.4503268600 -0.3941383064 0.6935765743 0.6029979587 0.7367048264 -0.1538402736 0.6584824920
100.4 220.0 2494.2 0.5494734049 0.7037646770 -0.4503268600 -0.3941383064 0.6935765743 0.6029979587 0.7367048264 -0.1538402736 0.6584824920
-35.0 77.7 2524.6 0.5637925267 0.6810305715 -0.4672637284 -0.3795617223 0.7161160111 0.5857565999 0.7335331440 -0.1528897732 0.6622339487
21.1 273.4 2391.0 0.1908925474 0.1788151860 -0.9651865959 0.9538744092 0.1982970387 0.2253927290 0.2316972911 -0.9636926055 -0.1327138096
-26.1 37.5 2333.7 -0.6368398070 0.1788151860 -0.7499734759 0.7699441314 0.1982970387 -0.6065181494 0.0402628630 -0.9636926055 -0.2639611661
179.7 166.6 2597.3 0.1167722717 0.9839807153 -0.1347077638 -0.9858921766 0.0984691456 -0.1353531629 -0.1199203432 0.1486128271 0.9815973639
212.6 -111.2 2563.5 0.1727199554 0.9839807153 -0.0441561453 -0.7330358624 0.0984691456 -0.6730247140 -0.6578953266 0.1486128271 0.7383007407
-221.5 -27.5 2482.7 0.6241720915 -0.0359217077 -0.7804606557 0.0160731636 0.9993214607 -0.0331405699 0.7811215520 0.0081409486 0.6243259311
-207.2 -424.8 2479.5 0.6213847399 0.0638339818 -0.7809008956 -0.0468950868 0.9979188442 0.0442581698 0.7821009159 0.0091190636 0.6230850816
-119.3 -97.8 2617.6 0.3354156911 -0.2109704763 -0.9181436300 0.0893035084 0.9773337841 -0.1919468343 0.9378278852 -0.0176114701 0.3466534913
-35.5 -486.3 2624.6 0.3325252533 0.0440064892 -0.9420670867 -0.0348067209 0.9988028407 0.0343708992 0.9424518347 0.0213610753 0.3336589038
156.0 -182.6 2322.2 0 0 0 0 0 0 0 0 0
257.4 -301.6 2392.6 0 0 0 0 0 0 0 0 0
-228.4 -756.3 2476.5 0 0 0 0 0 0 0 0 0
-46.2 -730.9 2619.4 0 0 0 0 0 0 0 0 0
244.3 360.1 2464.1 7 0.5645019412 0.7040848136 -0.4308156967 -0.4109981656 0.6923831105 0.5930312872 0.7158338428 -0.1577028483 0.6802291870
103.1 221.3 2495.7 0.5645019412 0.7040848136 -0.4308156967 -0.4109981656 0.6923831105 0.5930312872 0.7158338428 -0.1577028483 0.6802291870
-32.3 79.0 2526.2 0.5780680180 0.6810664535 -0.4494284093 -0.3972047269 0.7159818411 0.5741066337 0.7127873302 -0.1533575803 0.6844089627
21.8 277.2 2395.5 0.1914984286 0.2042685449 -0.9600014091 0.9492514729 0.2100923806 0.2340573967 0.2494995594 -0.9561043382 -0.1536698490
-26.8 36.3 2332.1 -0.6422625780 0.2042685449 -0.7387645841 0.7658547163 0.2100923806 -0.6077234149 0.0310700312 -0.9561043382 -0.2913745046
184.4 165.5 2595.9 0.0858490616 0.9724483490 -0.2167351246 -0.9870533943 0.0534328893 -0.1512301266 -0.1354827136 0.2269121110 0.9644455910
208.6 -112.2 2557.8 0.1911713779 0.9724483490 -0.1334079504 -0.7398268580 0.0534328893 -0.6706721187 -0.6450656652 0.2269121110 0.7296583056
-222.1 -29.9 2487.7 0.6409985423 -0.0356227420 -0.7667149901 0.0119445771 0.9992644191 -0.0364412889 0.7674491405 0.0142007265 0.6409525275
-207.9 -427.2 2482.0 0.6382879615 0.0616453476 -0.7673254609 -0.0558277145 0.9978706241 0.0337274410 0.7677706480 0.0213102065 0.6403703094
-118.7 -99.5 2622.2 0.3536129296 -0.2103622407 -0.9114305377 0.0827464983 0.9775985479 -0.1935304850 0.9317246675 -0.0069828019 0.3630982339
-35.1 -488.1 2625.0 0.3508063555 0.0445057712 -0.9353898168 -0.0377869830 0.9987292290 0.0333479159 0.9356853366 0.0236468967 0.3520423174
156.9 -182.7 2323.3 0 0 0 0 0 0 0 0 0
258.2 -304.4 2390.2 0 0 0 0 0 0 0 0 0
-228.1 -754.4 2475.1 0 0 0 0 0 0 0 0 0
-45.9 -732.0 2619.2 0 0 0 0 0 0 0 0 0
246.6 364.7 2471.4 8 0.5429189205 0.7009511590 -0.4625002742 -0.3946641684 0.6990965605 0.5962417126 0.7412686944 -0.1411786079 0.6561930776
106.2 224.7 2499.7 0.5429189205 0.7009511590 -0.4625002742 -0.3946641684 0.6990965605 0.5962417126 0.7412686944 -0.1411786079 0.6561930776
-29.2 81.9 2528.2 0.5566927791 0.6811126471 -0.4755824804 -0.3805413544 0.7179831266 0.5828279853 0.7384317517 -0.1434773356 0.6588875651
27.9 278.2 2395.9 0.2277217209 0.2304631174 -0.9460600019 0.9367710948 0.2132761031 0.2774405479 0.2657118142 -0.9494209290 -0.1673235744
-29.8 40.5 2328.5 -0.6281859875 0.2304631174 -0.7431480885 0.7777457237 0.2132761031 -0.5912908912 0.0222249907 -0.9494209290 -0.3132187724
184.5 171.1 2603.5 0.0786323398 0.9652866125 -0.2490756214 -0.9831025600 0.0336544290 -0.1799352616 -0.1653065979 0.2590156198 0.9516221285
207.3 -114.0 2555.6 0.1982348710 0.9652866125 -0.1700724810 -0.7401062846 0.0336544290 -0.6716472507 -0.6426084042 0.2590156198 0.7210862041
-220.7 -26.9 2491.3 0.6161337495 -0.0309843495 -0.7870318890 0.0023828398 0.9992946982 -0.0374754183 0.7876379490 0.0212145001 0.6157730222
-208.4 -424.2 2482.9 0.6139047146 0.0579929054 -0.7872470021 -0.0513137616 0.9981201887 0.0335118808 0.7877105474 0.0198235009 0.6157265306
-114.7 -99.8 2622.0 0.3298759162 -0.1970296651 -0.9232341051 0.0642761067 0.9803952575 -0.1862624139 0.9418335557 0.0021015948 0.3360731006
-36.3 -489.5 2621.2 0.3275039494 0.0418203436 -0.9439238310 -0.0209025517 0.9990961552 0.0370123908 0.9446185827 0.0076087117 0.3280821145
149.8 -181.9 2322.1 0 0 0 0 0 0 0 0 0
258.8 -306.3 2388.6 0 0 0 0 0 0 0 0 0
-227.6 -755.6 2476.3 0 0 0 0 0 0 0 0 0
-46.4 -730.4 2619.4 0 0 0 0 0 0 0 0 0
244.9 365.9 2466.6 9 0.5726201534 0.7010629773 -0.4249904156 -0.4233516157 0.6967911720 0.5790125132 0.7020537853 -0.1516338587 0.6957927942
104.5 226.3 2497.0 0.5726201534 0.7010629773 -0.4249904156 -0.4233516157 0.6967911720 0.5790125132 0.7020537853 -0.1516338587 0.6957927942
-30.3 83.1 2526.2 0.5863028765 0.6780043244 -0.4433497787 -0.4092924595 0.7202178836 0.5601480603 0.6990912557 -0.1469566971 0.6997678876
22.2 283.8 2398.8 0.2164505273 0.2438079715 -0.9453607202 0.9365088940 0.2217575908 0.2716149688 0.2758628130 -0.9441298842 -0.1803287715
-33.8 41.6 2327.5 -0.6356189251 0.2438079715 -0.7324931622 0.7718125582 0.2217575908 -0.5959269404 0.0171441827 -0.9441298842 -0.3291273713
186.8 168.8 2595.2 0.0599915087 0.9514347911 -0.3019483984 -0.9863833189 0.0100996289 -0.1641521752 -0.1531305313 0.3076846004 0.9390853047
203.6 -106.8 2552.4 0.2088225633 0.9514347911 -0.2261967063 -0.7555394769 0.0100996289 -0.6550252438 -0.6209293008 0.3076846004 0.7209556103
-215.6 -26.0 2489.1 0.6494570971 -0.0169210937 -0.7602099180 -0.0096220253 0.9994894266 -0.0304673035 0.7603373528 0.0271019656 0.6489626765
-208.8 -423.3 2478.3 0.6480028629 0.0561489984 -0.7595654130 -0.0412915163 0.9984021187 0.0385776609 0.7605177760 0.0063651721 0.6492859125
-113.5 -95.7 2624.4 0.3637052476 -0.1895643771 -0.9120218158 0.0657544583 0.9818569422 -0.1778574288 0.9291903973 0.0047181793 0.3695712388
-38.2 -486.1 2622.6 0.3620353341 0.0348147452 -0.9315140247 -0.0310321115 0.9991985559 0.0252837036 0.9316477180 0.0197532531 0.3628255427
147.9 -179.1 2322.6 0 0 0 0 0 0 0 0 0
257.8 -303.1 2391.0 0 0 0 0 0 0 0 0 0
-227.5 -754.5 2476.2 0 0 0 0 0 0 0 0 0
-46.6 -728.4 2617.8 0 0 0 0 0 0 0 0 0
240.8 364.9 2457.7 0 0.5543153286 0.7003189325 -0.4497642815 -0.3823773861 0.6942569613 0.6097497940 0.7392713428 -0.1660139561 0.6526234150
101.3 226.6 2490.7 0.5543153286 0.7003189325 -0.4497642815 -0.3823773861 0.6942569613 0.6097497940 0.7392713428 -0.1660139561 0.6526234150
-32.5 83.1 2522.4 0.5683027506 0.6733565331 -0.4728878736 -0.3679560721 0.7220242023 0.5859090090 0.7359621525 -0.1589717567 0.6580939889
21.6 278.3 2387.5 0.2650546730 0.1992146522 -0.9434296489 0.9350411296 0.1858276278 0.3019373119 0.2354656309 -0.9621754885 -0.1370194107
-43.8 47.5 2329.3 -0.6417472959 0.1992146522 -0.7405902147 0.7667651772 0.1858276278 -0.6144422293 0.0152162286 -0.9621754885 -0.2720052302
181.1 175.0 2594.0 0.0951609761 0.9764199257 -0.1937744915 -0.9884786606 0.0696693659 -0.1343728751 -0.1177041978 0.2043290138 0.9718000889
208.7 -111.1 2560.0 0.1884517372 0.9764199257 -0.1053095981 -0.7367909551 0.0696693659 -0.6725215912 -0.6493265629 0.2043290138 0.7325466871
-218.7 -22.6 2491.4 0.6256037354 -0.0279690884 -0.7796394825 -0.0056926794 0.9991668463 -0.0404124595 0.7801201940 0.0297204237 0.6249232888
-207.6 -419.9 2479.5 0.6235894561 0.0612672493 -0.7793474793 -0.0474059023 0.9980531335 0.0405289680 0.7803133130 0.0116722370 0.6252798438
-111.4 -97.6 2619.4 0.3409193456 -0.1804557443 -0.9226102829 0.0704055578 0.9835485816 -0.1663588285 0.9374524355 -0.0082419468 0.3480158448
-39.6 -488.6 2622.7 0.3396701217 0.0293897670 -0.9400853515 -0.0266152415 0.9994117618 0.0216279030 0.9401679635 0.0176742468 0.3402525485
139.7 -171.7 2325.0 0 0 0 0 0 0 0 0 0
257.6 -302.4 2391.3 0 0 0 0 0 0 0 0 0
-228.1 -753.7 2475.6 0 0 0 0 0 0 0 0 0
-46.7 -730.1 2618.4 0 0 0 0 0 0 0 0 0
241.5 365.2 2451.7 1 0.5966151953 0.6998504400 -0.3927591145 -0.4253819585 0.6907736659 0.5847067237 0.6805148721 -0.1817722768 0.7098298073
100.9 226.5 2488.2 0.5966151953 0.6998504400 -0.3927591145 -0.4253819585 0.6907736659 0.5847067237 0.6805148721 -0.1817722768 0.7098298073
-33.1 83.6 2521.9 0.6095075011 0.6742770076 -0.4169546068 -0.4121572077 0.7187854648 0.5598873496 0.6772201061 -0.1694047004 0.7160132527
15.6 284.3 2393.4 0.2545165122 0.2245292664 -0.9406422973 0.9327973723 0.1996480972 0.3000494242 0.2551673353 -0.9537962079 -0.1586265862
-49.9 44.2 2327.7 -0.6589192152 0.2245292664 -0.7179220319 0.7522100806 0.1996480972 -0.6279495955 0.0023387151 -0.9537962079 -0.3004451394
186.3 168.7 2583.1 0.0780300200 0.9742242098 -0.2116566151 -0.9936414957 0.0587135069 -0.0960694924 -0.0811661258 0.2178070843 0.9726110101
207.8 -105.0 2560.7 0.1879765987 0.9742242098 -0.1247076690 -0.7450693846 0.0587135069 -0.6643977165 -0.6399502754 0.2178070843 0.7369014025
-218.4 -26.7 2486.6 0.6750858426 -0.0291230679 -0.7371641397 0.0097165797 0.9994848371 -0.0305882208 0.7376751900 0.0134869609 0.6750210524
-206.9 -424.0 2481.3 0.6722539663 0.0642473623 -0.7375275493 -0.0593238249 0.9976985455 0.0328378566 0.7379398942 0.0216775760 0.6745181680
-114.4 -94.0 2621.3 0.3932351172 -0.1910213530 -0.8993758559 0.0800202265 0.9815787673 -0.1734933555 0.9159491658 -0.0037445799 0.4012767971
-38.5 -484.2 2622.8 0.3916673064 0.0359465219 -0.9194044471 -0.0313247219 0.9991782308 0.0257211234 0.9195735455 0.0187259652 0.3924714625
138.5 -170.8 2327.1 0 0 0 0 0 0 0 0 0
256.6 -298.6 2394.4 0 0 0 0 0 0 0 0 0
-228.0 -751.9 2474.2 0 0 0 0 0 0 0 0 0
-47.3 -729.7 2618.2 0 0 0 0 0 0 0 0 0
240.7 365.2 2457.3 2 0.5923720598 0.6996436715 -0.3994922638 -0.4199346304 0.6913003922 0.5880124569 0.6875683665 -0.1805615127 0.7033116221
99.8 225.9 2493.6 0.5923720598 0.6996436715 -0.3994922638 -0.4199346304 0.6913003922 0.5880124569 0.6875683665 -0.1805615127 0.7033116221
-34.7 83.3 2527.2 0.6037191749 0.6764624119 -0.4218077660 -0.4083234072 0.7168306708 0.5651776195 0.6846861839 -0.1689745933 0.7089798450
15.0 283.2 2397.5 0.2844679356 0.2628873289 -0.9219372272 0.9151750207 0.2119621336 0.3428217471 0.2855392694 -0.9412556887 -0.1802914888
-56.9 51.9 2325.3 -0.6528410912 0.2628873289 -0.7104145288 0.7574033737 0.2119621336 -0.6175857782 -0.0117744999 -0.9412556887 -0.3374893665
184.5 168.5 2589.8 0.0912446156 0.9810171723 -0.1711133420 -0.9929978848 0.0766854659 -0.0898583233 -0.0750306472 0.1781142801 0.9811450839
210.4 -112.6 2568.5 0.1783463657 0.9810171723 -0.0761441514 -0.7174327374 0.0766854659 -0.6923941374 -0.6734113693 0.1781142801 0.7174903750
-222.7 -21.7 2493.8 0.6697633862 -0.0414846167 -0.7414148450 0.0019461476 0.9985328913 -0.0541131571 0.7425720096 0.0348001085 0.6688615680
-206.2 -418.6 2480.0 0.6673340201 0.0628906265 -0.7420984507 -0.0522808097 0.9979259372 0.0375575833 0.7429212928 0.0137340566 0.6692378521
-111.4 -97.0 2617.5 0.3876705170 -0.1813463569 -0.9037837386 0.0779669955 0.9833948612 -0.1638772041 0.9184948206 -0.0069349455 0.3953722119
-39.3 -488.0 2620.2 0.3862715960 0.0331941843 -0.9217876196 -0.0189359859 0.9994270205 0.0280549768 0.9221906662 0.0066181170 0.3866788447
129.8 -164.6 2328.7 0 0 0 0 0 0 0 0 0
256.7 -298.9 2393.7 0 0 0 0 0 0 0 0 0
-227.4 -755.2 2475.3 0 0 0 0 0 0 0 0 0
-47.4 -730.6 2618.6 0 0 0 0 0 0 0 0 0
242.4 366.8 2476.0 3 0.5718564391 0.7034915686 -0.4219949841 -0.4490123689 0.6989238858 0.5566806197 0.6865624785 -0.1288604289 0.7155605555
101.7 227.0 2501.8 0.5718564391 0.7034915686 -0.4219949841 -0.4490123689 0.6989238858 0.5566806197 0.6865624785 -0.1288604289 0.7155605555
-33.5 83.6 2526.4 0.5858085752 0.6805850863 -0.4400365949 -0.4346877635 0.7221032977 0.5381573439 0.6840137839 -0.1239786744 0.7188563347
19.4 288.1 2405.7 0.3081243038 0.2722904384 -0.9115466475 0.9004790187 0.2256403416 0.3717847764 0.3069151342 -0.9353846312 -0.1756665558
-61.4 52.2 2325.3 -0.6591340303 0.2722904384 -0.7009994388 0.7519524097 0.2256403416 -0.6193981171 -0.0104824202 -0.9353846312 -0.3534766734
184.1 165.9 2597.8 0.0847904086 0.9731684327 -0.2139014453 -0.9876638651 0.0537243932 -0.1470842808 -0.1316460520 0.2237340510 0.9657185674
207.9 -111.8 2560.8 0.1908227354 0.9731684327 -0.1285687536 -0.7317642570 0.0537243932 -0.6794371009 -0.6542994380 0.2237340510 0.7223817110
-224.4 -21.8 2498.2 0.6491044164 -0.0530399866 -0.7588479519 -0.0016203529 0.9974675775 -0.0711044222 0.7606976032 0.0473837927 0.6473746300
-203.3 -418.3 2479.3 0.6460486054 0.0741361007 -0.7596874833 -0.0554243997 0.9972010851 0.0501808263 0.7612813711 0.0096859708 0.6483493447
-113.9 -96.6 2623.5 0.3595521152 -0.1889976561 -0.9137845039 0.0649083331 0.9819670916 -0.1775599718 0.9308647513 0.0045298343 0.3653358817
-38.7 -486.9 2621.7 0.3579976261 0.0334287137 -0.9331238866 -0.0241310615 0.9993563890 0.0265434571 0.9334106445 0.0130147757 0.3585738838
127.1 -162.8 2328.3 0 0 0 0 0 0 0 0 0
257.5 -301.9 2390.9 0 0 0 0 0 0 0 0 0
-228.3 -754.7 2476.1 0 0 0 0 0 0 0 0 0
-46.9 -730.7 2618.5 0 0 0 0 0 0 0 0 0
244.4 366.7 2470.4 4 0.5828614235 0.7070643306 -0.4004155099 -0.4481410682 0.6907729506 0.5674524903 0.6778215766 -0.1513035297 0.7194895148
102.3 227.9 2500.8 0.5828614235 0.7070643306 -0.4004155099 -0.4481410682 0.6907729506 0.5674524903 0.6778215766 -0.1513035297 0.7194895148
-33.5 85.4 2527.6 0.5927611589 0.6838725209 -0.4253852367 -0.4381215274 0.7170006037 0.5421804786 0.6757838130 -0.1350131035 0.7246293426
19.0 289.5 2405.8 0.3457819223 0.2743371725 -0.8973148465 0.8835829496 0.2266326696 0.4097789824 0.3157784641 -0.9345462918 -0.1640341580
-70.0 62.2 2324.6 -0.6554392576 0.2743371725 -0.7036607862 0.7551910877 0.2266326696 -0.6150805354 -0.0092669316 -0.9345462918 -0.3557209074
185.7 166.2 2595.8 0.0731443390 0.9630817175 -0.2590821087 -0.9858837724 0.0305931084 -0.1646124870 -0.1506091356 0.2674653232 0.9517243505
206.4 -112.5 2553.2 0.2006827742 0.9630817175 -0.1794437617 -0.7438267469 0.0305931084 -0.6676719189 -0.6375328898 0.2674653232 0.7225054502
-222.3 -19.9 2488.4 0.6594530344 -0.0442663543 -0.7504413128 0.0140053658 0.9988150001 -0.0466099270 0.7516152859 0.0202268530 0.6592915058
-204.7 -416.9 2480.4 0.6560207009 0.0712492242 -0.7513723373 -0.0581643693 0.9973461032 0.0437906869 0.7524983287 0.0149754994 0.6584239006
-114.9 -99.6 2613.7 0.3703019321 -0.1879275441 -0.9097030759 0.0821165144 0.9821102023 -0.1694592983 0.9252747297 -0.0119505413 0.3791092634
-40.2 -490.0 2618.4 0.3694435954 0.0269626919 -0.9288619161 -0.0165170468 0.9996115565 0.0224469341 0.9291063547 0.0070491806 0.3697454333
117.4 -153.8 2327.2 0 0 0 0 0 0 0 0 0
258.5 -305.7 2387.6 0 0 0 0 0 0 0 0 0
-228.7 -752.6 2475.4 0 0 0 0 0 0 0 0 0
-46.7 -730.7 2616.7 0 0 0 0 0 0 0 0 0
245.2 366.2 2482.6 5 0.5566921234 0.7103446722 -0.4307021499 -0.4621953368 0.6956615448 0.5499367714 0.6902676225 -0.1070769355 0.7155872583
103.5 227.4 2504.0 0.5566921234 0.7103446722 -0.4307021499 -0.4621953368 0.6956615448 0.5499367714 0.6902676225 -0.1070769355 0.7155872583
-33.2 84.6 2523.9 0.5695511103 0.6882468462 -0.4493637681 -0.4491935074 0.7184650898 0.5310679078 0.6883580089 -0.1006190330 0.7183585763
23.4 290.6 2407.2 0.4018385708 0.2594853342 -0.8781760335 0.8573493958 0.2302785367 0.4603518546 0.3216796517 -0.9378908277 -0.1299347878
-79.5 71.1 2324.8 -0.6638335586 0.2594853342 -0.7014216781 0.7478803396 0.2302785367 -0.6226128340 -0.0000365435 -0.9378908277 -0.3469305933
183.6 164.2 2600.7 0.0830345154 0.9693178535 -0.2313616723 -0.9853083491 0.0450866520 -0.1647261083 -0.1492406279 0.2416405380 0.9588207006
207.0 -113.6 2558.6 0.1965304613 0.9693178535 -0.1476439387 -0.7325989008 0.0450866520 -0.6791657209 -0.6516706944 0.2416405380 0.7189820409
-223.8 -16.9 2492.5 0.6337776184 -0.0459583066 -0.7721487880 0.0019256187 0.9983240366 -0.0578397177 0.7735128999 0.0351706557 0.6328039169
-205.5 -413.7 2478.6 0.6309983134 0.0676012561 -0.7728332281 -0.0535238199 0.9976159334 0.0435626321 0.7739356160 0.0138770388 0.6331122518
-115.1 -97.2 2616.4 0.3382287920 -0.1852047294 -0.9226594567 0.0712086856 0.9826688766 -0.1711466759 0.9383659363 -0.0078146355 0.3455550969
-41.4 -487.9 2619.5 0.3378502429 0.0190067813 -0.9410079718 -0.0152516859 0.9997753501 0.0147179700 0.9410762787 0.0093794875 0.3380642235
110.3 -142.8 2324.8 0 0 0 0 0 0 0 0 0
258.1 -304.0 2389.3 0 0 0 0 0 0 0 0 0
-228.4 -751.3 2473.9 0 0 0 0 0 0 0 0 0
-46.1 -732.9 2617.2 0 0 0 0 0 0 0 0 0
242.2 363.4 2480.2 6 0.5419375896 0.7106434107 -0.4486531317 -0.4482642412 0.6959895492 0.5609436035 0.7108887434 -0.1028812826 0.6957389116
100.7 224.8 2500.7 0.5419375896 0.7106434107 -0.4486531317 -0.4482642412 0.6959895492 0.5609436035 0.7108887434 -0.1028812826 0.6957389116
-35.9 81.7 2519.1 0.5530318618 0.6876530647 -0.4704136252 -0.4370285571 0.7201296091 0.5389057398 0.7093389630 -0.0924478769 0.6987786293
22.9 286.3 2401.0 0.3794488609 0.2507807016 -0.8905771375 0.8739036918 0.2189463824 0.4339986742 0.3038271368 -0.9429588914 -0.1360792220
-75.1 60.6 2322.5 -0.7037044168 0.2507807016 -0.6647624373 0.7101439834 0.2189463824 -0.6691472530 -0.0222618785 -0.9429588914 -0.3321639597
178.4 163.3 2600.4 0.1034589931 0.9720107913 -0.2109296173 -0.9801196456 0.0635341629 -0.1879598647 -0.1692977697 0.2261824012 0.9592600465
207.7 -113.8 2552.5 0.1971108466 0.9720107913 -0.1278373152 -0.7444018126 0.0635341629 -0.6647024751 -0.6379759312 0.2261824012 0.7360898256
-222.1 -16.9 2480.9 0.6128620505 -0.0480022319 -0.7887305617 0.0202399939 0.9987792969 -0.0450588726 0.7899306417 0.0116509730 0.6130855083
-203.0 -413.8 2476.2 0.6090546846 0.0744586810 -0.7896254063 -0.0525900498 0.9971837997 0.0534668416 0.7913827300 0.0089622065 0.6112552881
-117.6 -99.3 2607.0 0.3122387528 -0.1923058331 -0.9303361773 0.0896733552 0.9808911085 -0.1726597100 0.9457619190 -0.0295153167 0.3235169053
-41.2 -489.2 2618.7 0.3122676611 0.0153747732 -0.9498697519 -0.0104354778 0.9998642206 0.0127533525 0.9499368668 0.0059298850 0.3123857081
127.8 -144.2 2328.9 0 0 0 0 0 0 0 0 0
258.9 -307.2 2386.8 0 0 0 0 0 0 0 0 0
-228.2 -751.5 2473.2 0 0 0 0 0 0 0 0 0
-45.0 -733.6 2617.3 0 0 0 0 0 0 0 0 0
248.9 363.9 2488.0 7 0.5533146858 0.7146475315 -0.4279273450 -0.4823977649 0.6937370300 0.5348096490 0.6790693998 -0.0894868225 0.7285992503
105.5 224.7 2505.9 0.5533146858 0.7146475315 -0.4279273450 -0.4823977649 0.6937370300 0.5348096490 0.6790693998 -0.0894868225 0.7285992503
-32.3 82.4 2523.1 0.5677499175 0.6928837299 -0.4444909692 -0.4679412246 0.7158753276 0.5182214975 0.6772673726 -0.0862245560 0.7306669950
25.7 290.5 2410.8 0.3316398561 0.2863409221 -0.8989014626 0.8841645122 0.2379886806 0.4020130038 0.3290411532 -0.9281003475 -0.1742459685
-66.0 46.0 2319.8 -0.7545301914 0.2863409221 -0.5905023813 0.6530041695 0.2379886806 -0.7189902067 -0.0653434470 -0.9281003475 -0.3665514588
185.2 158.9 2601.1 0.0924029723 0.9759895802 -0.1972460002 -0.9830530882 0.0579206347 -0.1739304811 -0.1583297253 0.2099749893 0.9648016691
211.0 -114.7 2557.0 0.1837104857 0.9759895802 -0.1170245856 -0.7368088961 0.0579206347 -0.6736155152 -0.6506636143 0.2099749893 0.7297584414
-223.2 -21.4 2472.4 0.6325713992 -0.0483156703 -0.7729935646 0.0423871800 0.9987161756 -0.0277372599 0.7733412981 -0.0152192209 0.6338072419
-204.0 -418.2 2478.5 0.6283010840 0.0740037933 -0.7744424939 -0.0595116876 0.9971204996 0.0470008329 0.7756907344 0.0165577047 0.6308959723
-121.9 -101.6 2602.4 0.3282664716 -0.2109626383 -0.9207257628 0.1091816351 0.9766817689 -0.1848570853 0.9382539392 -0.0398439616 0.3436451256
-38.0 -489.7 2618.3 0.3276081681 0.0253946260 -0.9444723129 -0.0123724537 0.9996683002 0.0225870945 0.9447326660 0.0042857230 0.3278137147
151.3 -142.0 2338.6 0 0 0 0 0 0 0 0 0
258.7 -306.1 2388.0 0 0 0 0 0 0 0 0 0
-228.7 -749.9 2473.0 0 0 0 0 0 0 0 0 0
-44.2 -734.6 2617.2 0 0 0 0 0 0 0 0 0
244.4 363.2 2484.4 8 0.5618951321 0.7025878429 -0.4366282225 -0.4624762833 0.7044517994 0.5383896232 0.6858495474 -0.1005882919 0.7207581997
103.0 221.4 2504.6 0.5618951321 0.7025878429 -0.4366282225 -0.4624762833 0.7044517994 0.5383896232 0.6858495474 -0.1005882919 0.7207581997
-32.7 77.4 2523.5 0.5735628009 0.6822916269 -0.4533253610 -0.4504337609 0.7249177694 0.5211560726 0.6842040420 -0.0947226733 0.7231130600
22.3 284.8 2408.4 0.2901976705 0.2856132984 -0.9133511782 0.9010165334 0.2400151789 0.3613335490 0.3224198222 -0.9278026223 -0.1876904666
-58.4 34.2 2318.7 -0.7845035791 0.2856132984 -0.5504354239 0.6146112680 0.2400151789 -0.7514290810 -0.0825052932 -0.9278026223 -0.3638339341
183.6 158.1 2600.8 0.0881708339 0.9708630443 -0.2228246480 -0.9838073850 0.0498331860 -0.1721618921 -0.1560415626 0.2343961895 0.9595360756
208.5 -119.9 2556.7 0.1962532252 0.9708630443 -0.1375121623 -0.7266408205 0.0498331860 -0.6852078438 -0.6583902836 0.2343961895 0.7152486444
-222.0 -17.0 2478.2 0.6316314936 -0.0406903774 -0.7742002010 0.0427487865 0.9989303946 -0.0176251251 0.7740892768 -0.0219635386 0.6326953173
-205.8 -414.0 2487.0 0.6278482080 0.0690439269 -0.7752674222 -0.0689540803 0.9970753789 0.0329554677 0.7752754092 0.0327668227 0.6307728291
-118.0 -102.8 2602.3 0.3286623061 -0.2019600123 -0.9226013422 0.1101890430 0.9783971906 -0.1749207526 0.9379975796 -0.0441707000 0.3438160717
-37.7 -491.7 2619.9 0.3273312449 0.0312884673 -0.9443914890 -0.0161205102 0.9994910955 0.0275265053 0.9447721243 0.0062137875 0.3276690543
167.4 -142.7 2342.5 0 0 0 0 0 0 0 0 0
259.5 -308.7 2385.6 0 0 0 0 0 0 0 0 0
-229.2 -752.4 2475.8 0 0 0 0 0 0 0 0 0
-45.2 -732.9 2618.4 0 0 0 0 0 0 0 0 0
246.8 363.5 2473.1 9 0.5564932823 0.7126164436 -0.4271920323 -0.4425500333 0.6893866062 0.5734941363 0.7031818628 -0.1300917715 0.6990074515
103.4 224.8 2499.3 0.5564932823 0.7126164436 -0.4271920323 -0.4425500333 0.6893866062 0.5734941363 0.7031818628 -0.1300917715 0.6990074515
-33.5 83.0 2524.0 0.5707076192 0.6889559031 -0.4468026459 -0.4283173978 0.7139924765 0.5538582802 0.7005976439 -0.1247177795 0.7025727034
23.1 285.0 2400.8 0.2742130756 0.2344213575 -0.9326595664 0.9192031026 0.2211256623 0.3258360326 0.2826178968 -0.9466520548 -0.1548452973
-53.9 26.8 2321.4 -0.8231536746 0.2344213575 -0.5171698332 0.5631989837 0.2211256623 -0.7961848378 -0.0722832233 -0.9466520548 -0.3140462935
183.7 164.6 2597.7 0.0746047944 0.9636430144 -0.2565663457 -0.9875451326 0.0356549397 -0.1532428861 -0.1385235786 0.2648034692 0.9543009400
205.3 -121.2 2557.7 0.2083245516 0.9636430144 -0.1673112065 -0.7208401561 0.0356549397 -0.6921836138 -0.6610524654 0.2648034692 0.7020604014
-220.9 -25.4 2479.6 0.6349561214 -0.0420478433 -0.7714030743 0.0321151242 0.9990912080 -0.0280241761 0.7718803883 -0.0069795824 0.6357294321
-204.1 -422.6 2482.4 0.6305013299 0.0763730481 -0.7724216580 -0.0662592202 0.9968107939 0.0444743484 0.7733548880 0.0231389217 0.6335509419
-115.7 -108.0 2605.1 0.3409169614 -0.1856375337 -0.9215825200 0.0965235904 0.9820406437 -0.1621092707 0.9351250529 -0.0336886570 0.3527126908
-41.9 -498.4 2618.5 0.3411789238 0.0156975538 -0.9398673177 -0.0096987765 0.9998661280 0.0131789185 0.9399483204 0.0046191937 0.3412854970
182.2 -134.8 2342.1 0 0 0 0 0 0 0 0 0
259.5 -308.6 2385.9 0 0 0 0 0 0 0 0 0
-229.3 -751.6 2474.8 0 0 0 0 0 0 0 0 0
-45.6 -731.5 2617.4 0 0 0 0 0 0 0 0 0
241.5 362.3 2467.4 0 0.5879970789 0.7005449533 -0.4043465853 -0.4526144862 0.6992686987 0.5533203483 0.6703726649 -0.1423376352 0.7282447815
100.5 221.5 2496.1 0.5879970789 0.7005449533 -0.4043465853 -0.4526144862 0.6992686987 0.5533203483 0.6703726649 -0.1423376352 0.7282447815
-34.4 78.3 2524.0 0.6026682258 0.6789927483 -0.4192372262 -0.4375153780 0.7205146551 0.5379952788 0.6673614979 -0.1408099234 0.7313010693
15.8 283.0 2402.3 0.2376336455 0.2183097452 -0.9465046525 0.9300948977 0.2298399508 0.2865259349 0.2800959945 -0.9484273791 -0.1484310776
-50.2 24.6 2324.5 -0.8384736180 0.2183097452 -0.4993023872 0.5414275527 0.2298399508 -0.8087211251 -0.0617920607 -0.9484273791 -0.3109136224
185.2 160.0 2589.8 0.0691743121 0.9646218419 -0.2544006109 -0.9919261932 0.0393365957 -0.1205613241 -0.1062888280 0.2606863678 0.9595547318
204.5 -115.7 2560.3 0.2069512010 0.9646218419 -0.1633277386 -0.7255628705 0.0393365957 -0.6870306730 -0.6563000083 0.2606863678 0.7080345154
-222.8 -19.6 2484.6 0.6668439507 -0.0392437987 -0.7441633344 0.0340584815 0.9991738796 -0.0221721325 0.7444186807 -0.0105597228 0.6676295996
-207.2 -416.8 2488.8 0.6632366180 0.0692708418 -0.7451971173 -0.0708751455 0.9970458746 0.0296018515 0.7450462580 0.0331829228 0.6661868691
-118.1 -98.1 2613.0 0.3796510100 -0.1872456074 -0.9059824347 0.0846738294 0.9822255969 -0.1675208211 0.9212467074 -0.0131135508 0.3887577355
-43.7 -488.5 2618.2 0.3809742033 0.0026540833 -0.9245818853 -0.0058497945 0.9999827743 0.0004601181 0.9245671630 0.0052333209 0.3809831738
190.7 -131.0 2342.2 0 0 0 0 0 0 0 0 0
258.3 -304.3 2389.7 0 0 0 0 0 0 0 0 0
-230.6 -753.4 2477.6 0 0 0 0 0 0 0 0 0
-44.3 -733.0 2616.9 0 0 0 0 0 0 0 0 0
239.5 360.8 2465.1 1 0.5651210546 0.7074863315 -0.4243834615 -0.4201131761 0.6894894242 0.5900078416 0.7100303769 -0.1551367342 0.6868693233
96.9 221.9 2496.4 0.5651210546 0.7074863315 -0.4243834615 -0.4201131761 0.6894894242 0.5900078416 0.7100303769 -0.1551367342 0.6868693233
-39.0 80.0 2526.0 0.5789294243 0.6836352944 -0.4443912208 -0.4061783552 0.7143723965 0.5698168278 0.7070077062 -0.1493816078 0.6912490726
15.6 278.9 2397.1 0.2283347845 0.1965090334 -0.9535446763 0.9383183122 0.2167957127 0.2693665326 0.2596573532 -0.9562341571 -0.1348860264
-45.8 26.5 2327.2 -0.8391763568 0.1965090334 -0.5071166158 0.5415869355 0.2167957127 -0.8122088909 -0.0496656746 -0.9562341571 -0.2883565426
178.3 164.9 2595.6 0.1006365865 0.9735755324 -0.2049949765 -0.9862223864 0.0704264566 -0.1496845484 -0.1312921345 0.2172343880 0.9672495127
207.4 -120.7 2557.6 0.1999023706 0.9735755324 -0.1104070023 -0.7227252126 0.0704264566 -0.6875379086 -0.6615945101 0.2172343880 0.7177059650
-224.5 -24.8 2490.8 0.6422272325 -0.0432368256 -0.7652938962 0.0256531686 0.9990609288 -0.0349160768 0.7660849094 0.0027918408 0.6427333355
-207.3 -422.0 2489.7 0.6384986043 0.0696110800 -0.7664684057 -0.0697705671 0.9970358014 0.0324296840 0.7664539218 0.0327706262 0.6414628029
-114.1 -105.0 2613.1 0.3557627499 -0.1881134510 -0.9154486060 0.0822407454 0.9820348024 -0.1698355973 0.9309507608 -0.0148659991 0.3648419976
-39.3 -495.4 2619.0 0.3551175296 0.0234334171 -0.9345279336 -0.0102643566 0.9997232556 0.0211677775 0.9347652793 0.0020752780 0.3552597761
195.2 -129.0 2341.5 0 0 0 0 0 0 0 0 0
259.4 -308.6 2385.6 0 0 0 0 0 0 0 0 0
-230.5 -754.3 2478.8 0 0 0 0 0 0 0 0 0
-44.9 -736.3 2618.5 0 0 0 0 0 0 0 0 0
240.7 363.1 2463.4 2 0.5606335998 0.7065992951 -0.4317492247 -0.4115128815 0.6901973486 0.5952182412 0.7185729742 -0.1560290009 0.6777225137
97.8 223.5 2495.0 0.5606335998 0.7065992951 -0.4317492247 -0.4115128815 0.6901973486 0.5952182412 0.7185729742 -0.1560290009 0.6777225137
-37.5 80.7 2523.7 0.5732195377 0.6803967357 -0.4565956891 -0.3987307250 0.7184229493 0.5699844360 0.7158443928 -0.1446674615 0.6831091642
17.2 279.6 2394.4 0.2251590639 0.1823275238 -0.9571102858 0.9428532720 0.2068701386 0.2612134516 0.2456239462 -0.9612291455 -0.1253294051
-42.7 28.9 2329.1 -0.8367830515 0.1823275238 -0.5162855983 0.5459808707 0.2068701386 -0.8118556738 -0.0412195548 -0.9612291455 -0.2726527750
178.3 167.5 2595.6 0.0987263620 0.9729769826 -0.2087317705 -0.9865241051 0.0681947619 -0.1487267613 -0.1304733008 0.2206021845 0.9665978551
206.6 -114.6 2558.3 0.1991294473 0.9729769826 -0.1168901548 -0.7314682007 0.0681947619 -0.6784568429 -0.6521515846 0.2206021845 0.7252812982
-227.9 -24.8 2490.9 0.6332031488 -0.0452162549 -0.7726637721 0.0254208520 0.9989684820 -0.0376270376 0.7735680938 0.0041837860 0.6336994171
-209.9 -422.0 2489.2 0.6301192641 0.0626822114 -0.7739642262 -0.0645553172 0.9975147843 0.0282298382 0.7738102674 0.0321753435 0.6325997114
-121.8 -99.2 2620.3 0.3478123546 -0.2012744844 -0.9157047272 0.0702848136 0.9795340896 -0.1886080652 0.9349259734 0.0012400799 0.3548406065
-41.8 -488.5 2619.8 0.3476294875 0.0164471492 -0.9374877214 -0.0113340998 0.9998468161 0.0133383740 0.9375634789 0.0059887678 0.3477626443
198.0 -128.2 2340.9 0 0 0 0 0 0 0 0 0
258.3 -304.8 2388.8 0 0 0 0 0 0 0 0 0
-230.8 -755.2 2478.5 0 0 0 0 0 0 0 0 0
-45.9 -734.2 2618.3 0 0 0 0 0 0 0 0 0
238.8 360.3 2463.1 3 0.5964962840 0.7039450407 -0.3855561316 -0.4626203477 0.6940971613 0.5515537262 0.6558769345 -0.1506336480 0.7396857142
97.0 220.5 2493.4 0.5964962840 0.7039450407 -0.3855561316 -0.4626203477 0.6940971613 0.5515537262 0.6558769345 -0.1506336480 0.7396857142
-37.4 76.7 2521.0 0.6120750904 0.6762366295 -0.4099610746 -0.4466200769 0.7234225869 0.5264886022 0.6526059508 -0.1391537338 0.7448098063
11.2 283.0 2402.0 0.1896714270 0.2338826954 -0.9535846114 0.9386408925 0.2417466938 0.2459915131 0.2880590856 -0.9417310953 -0.1736794263
-39.3 32.9 2325.3 -0.8274112940 0.2338826954 -0.5105774999 0.5581397414 0.2417466938 -0.7937496901 -0.0622138940 -0.9417310953 -0.3305631876
182.8 158.0 2584.9 0.0796590894 0.9700739980 -0.2293705493 -0.9934497476 0.0583477356 -0.0982501209 -0.0819266364 0.2356946319 0.9683677554
204.6 -112.8 2562.5 0.2033597976 0.9700739980 -0.1326695681 -0.7256206870 0.0583477356 -0.6856166124 -0.6573578715 0.2356946319 0.7157713771
-225.3 -25.5 2486.9 0.6771832705 -0.0341914482 -0.7350195646 0.0198690910 0.9994052649 -0.0281844139 0.7355461121 0.0044818413 0.6774598360
-211.7 -422.9 2485.1 0.6751585007 0.0523300506 -0.7358142138 -0.0581946746 0.9981502891 0.0175895300 0.7353736162 0.0309447479 0.6769549847
-120.2 -98.6 2618.1 0.3904254138 -0.1976591647 -0.8991656303 0.0766907185 0.9802684188 -0.1821878254 0.9174347520 0.0021730969 0.3978803158
-41.6 -488.3 2617.2 0.3903208971 0.0160021614 -0.9205397964 0.0019860924 0.9998319745 0.0182226636 0.9206767082 -0.0089409631 0.3902235329
199.0 -127.8 2343.2 0 0 0 0 0 0 0 0 0
257.4 -301.5 2391.7 0 0 0 0 0 0 0 0 0
-229.2 -756.0 2474.7 0 0 0 0 0 0 0 0 0
-45.6 -734.3 2619.4 0 0 0 0 0 0 0 0 0
238.4 357.5 2470.4 4 0.5628879070 0.7060477734 -0.4297135472 -0.4347957671 0.6950923204 0.5725376010 0.7029294968 -0.1354368329 0.6982456446
96.6 217.9 2497.6 0.5628879070 0.7060477734 -0.4297135472 -0.4347957671 0.6950923204 0.5725376010 0.7029294968 -0.1354368329 0.6982456446
-38.7 74.6 2523.5 0.5782267451 0.6805543900 -0.4499995410 -0.4191308022 0.7209879756 0.5518203378 0.6999880075 -0.1304685920 0.7021358609
15.5 276.6 2399.5 0.1965214014 0.2375214100 -0.9512953758 0.9367474914 0.2411063612 0.2537159920 0.2896263599 -0.9409842491 -0.1751150340
-35.4 34.1 2324.5 -0.8155683875 0.2375214100 -0.5276663303 0.5757111311 0.2411063612 -0.7812966108 -0.0583509691 -0.9409842491 -0.3333824575
177.6 159.2 2595.7 0.0923376828 0.9679203629 -0.2336748540 -0.9879549146 0.0597927719 -0.1427232027 -0.1241726279 0.2440389544 0.9617828131
204.0 -123.5 2560.2 0.2134216428 0.9679203629 -0.1325948387 -0.7082191110 0.0597927719 -0.7034561038 -0.6729612350 0.2440389544 0.6982607841
-227.8 -26.3 2489.0 0.6389647126 -0.0485581197 -0.7677018642 0.0178337153 0.9986724854 -0.0483241528 0.7690292597 0.0171864517 0.6389824748
-208.5 -423.3 2482.2 0.6362015605 0.0613247454 -0.7690818310 -0.0540905036 0.9979285002 0.0348275639 0.7696244717 0.0194426756 0.6382007599
-116.0 -107.8 2608.2 0.3465704620 -0.1944869757 -0.9176403284 0.0873785615 0.9807096124 -0.1748532802 0.9339453578 -0.0195831135 0.3568789661
-38.7 -497.6 2616.0 0.3454914689 0.0275089294 -0.9380186200 -0.0010615285 0.9995810390 0.0289233681 0.9384213090 -0.0089970436 0.3453759253
199.4 -131.7 2341.3 0 0 0 0 0 0 0 0 0
259.5 -307.6 2385.3 0 0 0 0 0 0 0 0 0
-229.0 -756.3 2475.7 0 0 0 0 0 0 0 0 0
-45.2 -734.2 2618.1 0 0 0 0 0 0 0 0 0
239.9 359.4 2466.6 5 0.5614083409 0.7103236914 -0.4245714545 -0.4230694771 0.6872978210 0.5904523134 0.7112193108 -0.1518616229 0.6863709688
97.9 222.0 2497.0 0.5614083409 0.7103236914 -0.4245714545 -0.4230694771 0.6872978210 0.5904523134 0.7112193108 -0.1518616229 0.6863709688
-38.3 79.9 2524.5 0.5728572607 0.6852678061 -0.4497139454 -0.4115658104 0.7149645090 0.5651896596 0.7088357806 -0.1386861354 0.6916053891
17.4 279.8 2397.4 0.1929150820 0.2605572641 -0.9459881783 0.9402129054 0.2267004251 0.2541783154 0.2806839347 -0.9384651184 -0.2012453824
-33.1 33.8 2324.0 -0.8160004020 0.2605572641 -0.5159973502 0.5712260008 0.2267004251 -0.7888648510 -0.0885676593 -0.9384651184 -0.3338247240
178.3 164.2 2596.5 0.0930221379 0.9678615928 -0.2336468399 -0.9860079288 0.0569451787 -0.1566702724 -0.1383300722 0.2449514419 0.9596163630
205.1 -119.8 2556.7 0.2094868422 0.9678615928 -0.1391374320 -0.7214568853 0.0569451787 -0.6901139021 -0.6600115299 0.2449514419 0.7101997137
-226.8 -30.5 2485.4 0.6359432340 -0.0424914472 -0.7705651522 0.0237062387 0.9990874529 -0.0355282724 0.7713716626 0.0043267608 0.6363702416
-209.9 -427.7 2483.7 0.6331863999 0.0595572181 -0.7717045546 -0.0590770319 0.9978454709 0.0285369884 0.7717414498 0.0275207795 0.6353406310
-121.2 -107.1 2613.4 0.3460423648 -0.2022448629 -0.9161614180 0.0854266956 0.9792257547 -0.1839000434 0.9343216419 -0.0146274306 0.3561307192
-40.8 -496.3 2619.2 0.3454472125 0.0227491520 -0.9381623864 -0.0099472012 0.9997387528 0.0205795672 0.9383854866 0.0022229366 0.3455832303
201.2 -130.2 2349.4 0 0 0 0 0 0 0 0 0
259.6 -307.3 2385.1 0 0 0 0 0 0 0 0 0
-229.3 -752.9 2474.7 0 0 0 0 0 0 0 0 0
-46.1 -732.6 2618.6 0 0 0 0 0 0 0 0 0
239.2 357.1 2464.2 6 0.5551460981 0.7142438293 -0.4262259603 -0.4266205728 0.6844163537 0.5912437439 0.7140082121 -0.1463898718 0.6846621633
97.3 221.2 2493.3 0.5551460981 0.7142438293 -0.4262259603 -0.4266205728 0.6844163537 0.5912437439 0.7140082121 -0.1463898718 0.6846621633
-39.0 79.0 2520.2 0.5700896382 0.6855248213 -0.4528283179 -0.4116772115 0.7153332233 0.5646417141 0.7109990716 -0.1354773045 0.6900190115
17.1 279.0 2393.3 0.1868087202 0.2694215477 -0.9447298646 0.9448009729 0.2142184675 0.2479143888 0.2691720426 -0.9388942719 -0.2145318538
-31.4 33.9 2323.5 -0.8160462379 0.2694215477 -0.5113517046 0.5684672594 0.2142184675 -0.7943270206 -0.1044678390 -0.9388942719 -0.3279694915
177.4 163.3 2593.2 0.1024358943 0.9725557566 -0.2089071572 -0.9863285422 0.0720518827 -0.1482044458 -0.1290849298 0.2212325335 0.9666401744
206.3 -114.9 2556.8 0.2025506347 0.9725557566 -0.1144925654 -0.7300800681 0.0720518827 -0.6795524955 -0.6526532769 0.2212325335 0.7246377468
-227.0 -24.6 2487.1 0.6327069402 -0.0375720002 -0.7734793425 0.0240414347 0.9992938638 -0.0288750902 0.7740180492 -0.0003260839 0.6331634521
-212.1 -421.9 2487.3 0.6305186749 0.0526001677 -0.7743897438 -0.0616422407 0.9979432225 0.0175950117 0.7737224698 0.0366411358 0.6324642301
-122.1 -99.9 2616.9 0.3442974091 -0.2045976520 -0.9162964225 0.0746478364 0.9788421392 -0.1905145049 0.9358883500 -0.0028058896 0.3522855937
-40.8 -489.1 2618.0 0.3436716199 0.0214030016 -0.9388459325 -0.0027070139 0.9997586608 0.0218007136 0.9390859604 -0.0049508177 0.3436466157
203.2 -129.6 2353.5 0 0 0 0 0 0 0 0 0
259.0 -304.7 2387.2 0 0 0 0 0 0 0 0 0
-229.5 -752.0 2475.1 0 0 0 0 0 0 0 0 0
-46.0 -734.0 2619.3 0 0 0 0 0 0 0 0 0
235.9 355.9 2471.0 7 0.5493215919 0.7102409601 -0.4402312934 -0.4349465966 0.6928722262 0.5751082897 0.7134894729 -0.1244422868 0.6895265579
94.6 218.0 2495.7 0.5493215919 0.7102409601 -0.4402312934 -0.4349465966 0.6928722262 0.5751082897 0.7134894729 -0.1244422868 0.6895265579
-41.9 75.5 2520.1 0.5646182299 0.6866290569 -0.4579811990 -0.4195117652 0.7166172266 0.5571980476 0.7107855678 -0.1224756688 0.6926640868
15.2 277.0 2395.8 0.1741448343 0.2923192978 -0.9403313398 0.9423709512 0.2275586426 0.2452633381 0.2856757343 -0.9288522601 -0.2358450294
-29.8 33.4 2321.9 -0.8157757521 0.2923192978 -0.4990584552 0.5661988258 0.2275586426 -0.7922347784 -0.1180204451 -0.9288522601 -0.3511476517
174.0 159.0 2595.7 0.1462395936 0.9856814742 -0.0839404389 -0.9833701253 0.1356091201 -0.1208029240 -0.1076901183 0.1002106965 0.9891211390
214.9 -115.9 2565.6 0.1674152911 0.9856814742 0.0201031007 -0.7162144780 0.1356091201 -0.6845780015 -0.6775019765 0.1002106965 0.7286623716
-227.5 -25.5 2481.9 0.6260473728 -0.0477056988 -0.7783243656 0.0334469229 0.9988510609 -0.0343192779 0.7790673971 -0.0045470595 0.6269237399
-208.6 -422.6 2483.7 0.6231026649 0.0606737435 -0.7797831297 -0.0608169958 0.9977265596 0.0290344469 0.7797719836 0.0293326285 0.6253760457
-123.0 -101.0 2612.3 0.3329594433 -0.2106015533 -0.9191218615 0.0843225569 0.9774842262 -0.1934277713 0.9391633272 -0.0130990986 0.3432210684
-39.3 -489.6 2617.5 0.3322759867 0.0225498732 -0.9429125786 -0.0053509553 0.9997431636 0.0220233425 0.9431670308 -0.0022723449 0.3323113024
204.6 -129.3 2355.8 0 0 0 0 0 0 0 0 0
258.4 -301.9 2389.7 0 0 0 0 0 0 0 0 0
-228.7 -752.8 2474.0 0 0 0 0 0 0 0 0 0
-44.8 -733.5 2618.0 0 0 0 0 0 0 0 0 0
239.1 355.4 2474.4 8 0.5360573530 0.7103925347 -0.4560536444 -0.4137414992 0.6919877529 0.5915834308 0.7358399630 -0.1284343153 0.6648640037
97.2 217.1 2500.0 0.5360573530 0.7103925347 -0.4560536444 -0.4137414992 0.6919877529 0.5915834308 0.7358399630 -0.1284343153 0.6648640037
-39.4 74.8 2524.7 0.5493357778 0.6872330308 -0.4753324986 -0.4003667831 0.7157750726 0.5721647143 0.7334416509 -0.1240032017 0.6683461070
19.9 273.4 2396.9 0.1909042448 0.2720160186 -0.9431663752 0.9384690523 0.2311373204 0.2566151619 0.2878043950 -0.9341214299 -0.2111535072
-29.1 32.3 2322.9 -0.8116428852 0.2720160186 -0.5169556141 0.5765935183 0.2311373204 -0.7836551666 -0.0936790109 -0.9341214299 -0.3444436193
174.4 160.8 2603.2 0.1345616281 0.9844907522 -0.1125658751 -0.9840176105 0.1193906888 -0.1321180016 -0.1166296378 0.1285448223 0.9848216772
212.9 -120.5 2569.8 0.1753010899 0.9844907522 -0.0068874015 -0.6982300878 0.1193906888 -0.7058474422 -0.6940780282 0.1285448223 0.7083303928
-230.2 -28.4 2479.2 0.6088460684 -0.0602065288 -0.7910003662 0.0372673050 0.9981856942 -0.0472910553 0.7924125195 -0.0006854777 0.6099852324
-206.2 -425.3 2479.5 0.6050500870 0.0686099008 -0.7932257652 -0.0591500737 0.9974005222 0.0411519557 0.7939872146 0.0220203660 0.6075355411
-126.6 -105.4 2609.6 0.3151400387 -0.2187619805 -0.9234879017 0.0896533802 0.9755812883 -0.2005079985 0.9448010325 -0.0196057167 0.3270574808
-39.6 -493.2 2617.4 0.3145895600 0.0211409777 -0.9489923716 -0.0090742083 0.9997732639 0.0192641504 0.9491844177 0.0025510537 0.3147100508
203.7 -133.1 2349.8 0 0 0 0 0 0 0 0 0
258.4 -301.8 2389.6 0 0 0 0 0 0 0 0 0
-228.6 -750.1 2472.3 0 0 0 0 0 0 0 0 0
-44.7 -734.0 2616.8 0 0 0 0 0 0 0 0 0
241.4 353.7 2476.6 9 0.5408286452 0.7116458416 -0.4484022558 -0.4312972724 0.6923016906 0.5785334706 0.7221406102 -0.1194928139 0.6813474894
99.1 215.3 2500.5 0.5408286452 0.7116458416 -0.4484022558 -0.4312972724 0.6923016906 0.5785334706 0.7221406102 -0.1194928139 0.6813474894
-37.0 72.1 2522.7 0.5555657744 0.6847727299 -0.4716280401 -0.4163914323 0.7201018929 0.5550418496 0.7196977139 -0.1119803563 0.6851974726
21.0 273.8 2399.2 0.2235717773 0.2619489729 -0.9388282299 0.9265278578 0.2419120073 0.2881401181 0.3025918305 -0.9342705011 -0.1886183321
-35.6 39.2 2322.6 -0.7794395685 0.2619489729 -0.5690840483 0.6238793135 0.2419120073 -0.7431374192 -0.0569958203 -0.9342705011 -0.3519803286
177.3 156.7 2601.7 0.1100983322 0.9770398140 -0.1824048609 -0.9845152497 0.0820168257 -0.1549288779 -0.1364114285 0.1966377795 0.9709405303
208.0 -117.5 2563.7 0.1953994781 0.9770398140 -0.0849248022 -0.7128275633 0.0820168257 -0.6965271831 -0.6735695004 0.1966377795 0.7124869823
