103.3 310.8 2202.9 22 0.4739270210 0.5949274302 -0.6491953135 -0.2474410832 0.7975189686 0.5502148867 0.8450834751 -0.1001240909 0.5251752734
-14.8 152.6 2222.8 0.4739270210 0.5949274302 -0.6491953135 -0.2474410832 0.7975189686 0.5502148867 0.8450834751 -0.1001240909 0.5251752734
-124.4 -6.4 2241.6 0.4838279486 0.5647625923 -0.6685459614 -0.2336353511 0.8195378184 0.5232325196 0.8434008956 -0.0969585329 0.5284638405
-80.9 184.5 2107.6 0.2150569558 0.2876678705 -0.9332726002 0.9424182773 0.1894926131 0.2755728066 0.2561216950 -0.9387969971 -0.2303517461
-131.8 -38.5 2047.0 -0.6939563751 0.2876678705 -0.6600543857 0.7168027163 0.1894926131 -0.6710338593 -0.0679594502 -0.9387969971 -0.3377006948
51.3 120.7 2338.0 0.1666254252 0.9220828414 -0.3492838144 -0.9409820437 0.0428661332 -0.3357309997 -0.2945993543 0.3846111298 0.8748059869
90.9 -103.0 2268.0 0.3363622427 0.9220828414 -0.1913730800 -0.5802447200 0.0428661332 -0.8133133650 -0.7417388558 0.3846111298 0.5494522452
-279.9 -138.0 2178.0 0.4477306902 -0.2584990263 -0.8559880257 0.0783288777 0.9649590850 -0.2504366338 0.8907310367 0.0450795852 0.4522897601
-179.5 -512.6 2160.5 0.4370338619 0.1935623437 -0.8783706427 0.0206696559 0.9741503596 0.2249530554 0.8992075324 -0.1164677218 0.4217358232
-192.2 -184.3 2327.3 0.1178639084 -0.1851912737 -0.9756087065 0.1385281384 0.9759165049 -0.1685140282 0.9833199382 -0.1152875349 0.1406795382
-120.4 -563.0 2372.0 0.0809161663 0.2772995532 -0.9573701024 0.0080487439 0.9603066444 0.2788303792 0.9966884255 -0.0302675124 0.0754724219
57.5 -233.9 2065.6 0 0 0 0 0 0 0 0 0
176.3 -250.2 2079.7 0 0 0 0 0 0 0 0 0
-251.7 -876.2 2204.0 0 0 0 0 0 0 0 0 0
-223.8 -921.4 2383.3 0 0 0 0 0 0 0 0 0
101.1 304.6 2201.5 23 0.4817312062 0.5967986584 -0.6416902542 -0.2459967136 0.7949083447 0.5546226501 0.8410830498 -0.1093253642 0.5297426581
-17.5 146.7 2223.2 0.4817312062 0.5967986584 -0.6416902542 -0.2459967136 0.7949083447 0.5546226501 0.8410830498 -0.1093253642 0.5297426581
-127.6 -11.7 2244.5 0.4933457375 0.5671988130 -0.6594660878 -0.2299206555 0.8162210584 0.5300185680 0.8388959765 -0.1098575071 0.5330898762
-84.9 178.1 2108.6 0.1682812870 0.2945842147 -0.9406920671 0.9489998221 0.2096909732 0.2354336530 0.2666096687 -0.9323356748 -0.2442733049
-124.8 -47.3 2045.3 -0.7106707692 0.2945842147 -0.6388796568 0.7003235817 0.2096909732 -0.6823317409 -0.0670368522 -0.9323356748 -0.3553255200
49.9 115.3 2337.7 0.1788182408 0.9261309505 -0.3321226835 -0.9378454685 0.0583968498 -0.3421047330 -0.2974388599 0.3726543188 0.8790101409
92.0 -105.2 2267.8 0.3376670182 0.9261309505 -0.1681142896 -0.5686659217 0.0583968498 -0.8204930425 -0.7500666976 0.3726543188 0.5463778377
-277.4 -144.5 2184.9 0.4633155465 -0.2475293428 -0.8509218097 0.0668772236 0.9672268629 -0.2449482083 0.8836663365 0.0565810278 0.4646853209
-181.3 -520.0 2162.9 0.4545851350 0.1861473024 -0.8710347414 0.0181609131 0.9757776260 0.2180097401 0.8905181289 -0.1149227694 0.4401933849
-190.7 -186.4 2335.9 0.1286935657 -0.1699496210 -0.9770133495 0.1569100171 0.9762848616 -0.1491544992 0.9791921377 -0.1341079623 0.1523083746
-124.8 -565.2 2388.0 0.0701782033 0.2616434693 -0.9626098275 -0.0674999431 0.9640228152 0.2571064830 0.9952480793 0.0469328351 0.0853143111
68.9 -238.2 2063.5 0 0 0 0 0 0 0 0 0
177.7 -249.5 2077.5 0 0 0 0 0 0 0 0 0
-250.8 -884.2 2205.8 0 0 0 0 0 0 0 0 0
-222.1 -923.9 2370.5 0 0 0 0 0 0 0 0 0
100.7 299.9 2201.2 24 0.4813717306 0.5986934304 -0.6401932836 -0.2421424240 0.7927914858 0.5593287945 0.8424062729 -0.1142271310 0.5265964866
-18.4 142.2 2223.9 0.4813717306 0.5986934304 -0.6401932836 -0.2421424240 0.7927914858 0.5593287945 0.8424062729 -0.1142271310 0.5265964866
-129.2 -15.5 2246.9 0.4941186607 0.5709389448 -0.6556488872 -0.2246488780 0.8123804331 0.5381179452 0.8398687840 -0.1186033264 0.5296731591
-85.9 172.9 2109.2 0.1473563313 0.2958379388 -0.9438040257 0.9508974552 0.2202100009 0.2174892575 0.2721766531 -0.9295092821 -0.2488622069
-121.0 -53.3 2044.5 -0.7185465097 0.2958379388 -0.6294210553 0.6924683452 0.2202100009 -0.6870190501 -0.0646414980 -0.9295092821 -0.3630895317
49.1 111.5 2338.7 0.1845118552 0.9150624871 -0.3586307168 -0.9321965575 0.0473285094 -0.3588447869 -0.3113919497 0.4005254507 0.8617507815
92.6 -108.1 2265.3 0.3565629125 0.9150624871 -0.1884768307 -0.5590289235 0.0473285094 -0.8277962804 -0.7485650182 0.4005254507 0.5284219980
-281.9 -149.5 2190.7 0.4712123871 -0.2545914650 -0.8444774151 0.0510505326 0.9637032151 -0.2620496154 0.8805411458 0.0803700015 0.4671059251
-183.1 -523.5 2159.5 0.4691486657 0.1722813994 -0.8661516309 0.0391679145 0.9757624269 0.2152986825 0.8822501898 -0.1349324435 0.4510297477
-193.5 -190.7 2340.9 0.1418904364 -0.1667455733 -0.9757371545 0.1050780863 0.9826780558 -0.1526513994 0.9842894673 -0.0808688179 0.1569539309
-128.8 -571.5 2372.3 0.1140459105 0.2551633120 -0.9601485133 -0.0031295973 0.9665416479 0.2564905882 0.9934705496 -0.0262468252 0.1110286862
75.0 -242.1 2062.1 0 0 0 0 0 0 0 0 0
183.1 -250.0 2075.3 0 0 0 0 0 0 0 0 0
-247.3 -887.6 2209.8 0 0 0 0 0 0 0 0 0
-223.7 -930.8 2382.0 0 0 0 0 0 0 0 0 0
98.9 299.4 2201.1 25 0.4822455943 0.5887860060 -0.6486680508 -0.2354329228 0.8003232479 0.5514109135 0.8438071609 -0.1131976843 0.5245720148
-18.1 140.4 2223.6 0.4822455943 0.5887860060 -0.6486680508 -0.2354329228 0.8003232479 0.5514109135 0.8438071609 -0.1131976843 0.5245720148
-127.2 -18.5 2246.2 0.4939226210 0.5619871616 -0.6634838581 -0.2190028578 0.8188645840 0.5305643678 0.8414738178 -0.1167528778 0.5275325179
-85.6 170.3 2108.6 0.1256948411 0.2973577976 -0.9464560747 0.9546728730 0.2232132107 0.1969152391 0.2698157728 -0.9283071756 -0.2558226585
-115.6 -58.1 2044.1 -0.7280645370 0.2973577976 -0.6176571846 0.6820042133 0.2232132107 -0.6964525580 -0.0692263469 -0.9283071756 -0.3653128743
49.4 110.5 2338.5 0.1902084053 0.9151806831 -0.3553380370 -0.9291113019 0.0508869179 -0.3662823439 -0.3171324730 0.3998185694 0.8599838018
94.2 -108.5 2263.8 0.3585073948 0.9151806831 -0.1841651350 -0.5560586452 0.0508869179 -0.8295838237 -0.7498474717 0.3998185694 0.5271374583
-284.3 -153.0 2194.7 0.4674875736 -0.2597892880 -0.8449644446 0.0573039576 0.9627379179 -0.2642952502 0.8821403980 0.0751349404 0.4649549425
-183.5 -526.7 2165.6 0.4598822892 0.1748859137 -0.8705878258 0.0119763026 0.9791032076 0.2030111551 0.8878991008 -0.1037876606 0.4481777251
-195.8 -193.3 2345.2 0.1410868317 -0.1690242290 -0.9754616022 0.0862112045 0.9836720228 -0.1579776555 0.9862363338 -0.0618071482 0.1533549577
-130.2 -574.8 2369.2 0.1197371483 0.2563246489 -0.9591458440 0.0041375891 0.9659590721 0.2586619556 0.9927970171 -0.0349399932 0.1146006137
82.9 -244.1 2062.9 0 0 0 0 0 0 0 0 0
185.2 -249.6 2073.5 0 0 0 0 0 0 0 0 0
-248.7 -892.0 2204.3 0 0 0 0 0 0 0 0 0
-225.7 -934.6 2382.2 0 0 0 0 0 0 0 0 0
98.3 300.7 2199.5 26 0.4843201339 0.5860275030 -0.6496197581 -0.2280259579 0.8014048338 0.5529507399 0.8446527123 -0.1196749955 0.5217659473
-18.0 141.6 2223.3 0.4843201339 0.5860275030 -0.6496197581 -0.2280259579 0.8014048338 0.5529507399 0.8446527123 -0.1196749955 0.5217659473
-126.7 -17.4 2247.2 0.4955104887 0.5600157380 -0.6639666557 -0.2122008801 0.8192937374 0.5326617360 0.8422827125 -0.1230451763 0.5248044729
-85.7 170.6 2108.2 0.1130753979 0.2931929827 -0.9493428469 0.9563949704 0.2268515825 0.1839757115 0.2693003118 -0.9287497997 -0.2547569573
-113.0 -60.4 2043.2 -0.7329179049 0.2931929827 -0.6138967276 0.6771095991 0.2268515825 -0.7000435591 -0.0659843981 -0.9287497997 -0.3647873700
49.7 112.6 2338.4 0.1915882379 0.9233771563 -0.3326687813 -0.9291538000 0.0614486672 -0.3645507097 -0.3161757588 0.3789440989 0.8697322607
95.3 -108.7 2263.0 0.3477990031 0.9233771563 -0.1625128537 -0.5517743230 0.0614486672 -0.8317266107 -0.7580111623 0.3789440989 0.5308675766
-280.5 -157.9 2193.5 0.4704903364 -0.2428163290 -0.8483390212 0.0567638166 0.9677311778 -0.2455081046 0.8805775046 0.0673542246 0.4690913260
-186.3 -533.5 2167.4 0.4621695876 0.1798881292 -0.8683544993 0.0084566176 0.9782707095 0.2071592659 0.8867512345 -0.1030860469 0.4506056905
-192.0 -197.1 2344.3 0.1427138597 -0.1619820893 -0.9764192700 0.0901074037 0.9845468998 -0.1501602679 0.9856538177 -0.0665526539 0.1551042646
-129.1 -579.1 2370.1 0.1228805259 0.2671080232 -0.9557999969 0.0174334180 0.9623693228 0.2711851597 0.9922683239 -0.0499862358 0.1135998443
86.9 -245.1 2061.2 0 0 0 0 0 0 0 0 0
183.6 -248.7 2070.7 0 0 0 0 0 0 0 0 0
-253.4 -898.5 2205.9 0 0 0 0 0 0 0 0 0
-228.7 -937.9 2388.8 0 0 0 0 0 0 0 0 0
91.4 302.5 2199.2 27 0.4899488091 0.5652039647 -0.6636977196 -0.2172562629 0.8164830208 0.5349347591 0.8442451358 -0.1178981811 0.5228289962
-20.7 140.6 2222.6 0.4899488091 0.5652039647 -0.6636977196 -0.2172562629 0.8164830208 0.5349347591 0.8442451358 -0.1178981811 0.5228289962
-125.4 -21.0 2246.6 0.5014470220 0.5397189260 -0.6762058139 -0.2000940144 0.8327260613 0.5162650943 0.8417323232 -0.1235748753 0.5255625248
-89.1 167.9 2107.6 0.1318098307 0.2597882450 -0.9566275477 0.9525600076 0.2338744700 0.1947619170 0.2743276060 -0.9369166493 -0.2166369408
-120.3 -57.5 2042.7 -0.7608056664 0.2597882450 -0.5947140455 0.6470947862 0.2338744700 -0.7256521583 -0.0494274832 -0.9369166493 -0.3460406363
47.8 113.3 2337.6 0.1956285685 0.9233095050 -0.3304982185 -0.9328275919 0.0712117329 -0.3532159925 -0.3025923371 0.3773970008 0.8752196431
94.5 -109.1 2265.5 0.3532020152 0.9233095050 -0.1508241892 -0.5433492064 0.0712117329 -0.8364810348 -0.7615904212 0.3773970008 0.5268316269
-279.8 -157.4 2195.6 0.4746129811 -0.2409869581 -0.8465623260 0.0502944738 0.9676435590 -0.2472577095 0.8787565231 0.0747743100 0.4713765085
-186.2 -533.0 2166.6 0.4676380157 0.1794487536 -0.8655130267 0.0101384157 0.9780223370 0.2082533687 0.8838618994 -0.1061621234 0.4555411339
-191.0 -195.5 2346.5 0.1388540119 -0.1569778174 -0.9777921438 0.1088326946 0.9837952256 -0.1424864829 0.9843145013 -0.0866309330 0.1536882371
-130.1 -577.2 2380.1 0.1024829075 0.2618978620 -0.9596388936 -0.0293716136 0.9650943875 0.2602500319 0.9943010211 0.0015149616 0.1065980420
86.3 -233.3 2056.1 0 0 0 0 0 0 0 0 0
184.1 -247.1 2072.2 0 0 0 0 0 0 0 0 0
-253.2 -898.1 2206.2 0 0 0 0 0 0 0 0 0
-227.7 -936.8 2379.6 0 0 0 0 0 0 0 0 0
89.9 305.3 2200.1 28 0.4927022755 0.5580576658 -0.6676946282 -0.2193704098 0.8221630454 0.5252851844 0.8420932889 -0.1123367697 0.5275029540
-21.0 142.0 2222.4 0.4927022755 0.5580576658 -0.6676946282 -0.2193704098 0.8221630454 0.5252851844 0.8420932889 -0.1123367697 0.5275029540
-124.0 -20.9 2245.2 0.5044245720 0.5309275985 -0.6809344888 -0.2014865875 0.8392205238 0.5050861835 0.8396183848 -0.1175787002 0.5302982330
-89.9 169.5 2107.7 0.1213790178 0.2475804389 -0.9612341523 0.9563642144 0.2301194519 0.1800348312 0.2657717764 -0.9411423802 -0.2088454068
-119.2 -61.4 2043.5 -0.7985153198 0.2475804389 -0.5487050414 0.5985949636 0.2301194519 -0.7672868371 -0.0636975169 -0.9411423802 -0.3319543004
47.9 114.5 2337.1 0.2463761419 0.9541553259 -0.1699600518 -0.9436882734 0.1962279230 -0.2663588226 -0.2207967937 0.2260137796 0.9487710595
108.4 -117.2 2282.9 0.2956955135 0.9541553259 0.0463873483 -0.5009559989 0.1962279230 -0.8429339528 -0.8133924603 0.2260137796 0.5360135436
-275.0 -164.6 2195.2 0.4737773836 -0.2219038308 -0.8522286415 0.0534842312 0.9731968045 -0.2236682177 0.8790190220 0.0603881478 0.4729469717
-188.9 -542.3 2171.7 0.4667560756 0.1621232033 -0.8693991303 0.0079057440 0.9822496772 0.1874116361 0.8843507767 -0.0943487659 0.4571892917
-185.2 -200.5 2346.0 0.1391770989 -0.1324195117 -0.9813739657 0.1001176015 0.9878227115 -0.1190911308 0.9851934910 -0.0816780478 0.1507398337
-133.8 -583.8 2377.7 0.1047203243 0.2470704913 -0.9633222818 -0.0396939293 0.9689147472 0.2441897988 0.9937092066 0.0126664126 0.1112722605
97.0 -223.5 2060.8 0 0 0 0 0 0 0 0 0
183.2 -243.9 2077.3 0 0 0 0 0 0 0 0 0
-249.4 -908.9 2207.0 0 0 0 0 0 0 0 0 0
-226.0 -945.1 2373.0 0 0 0 0 0 0 0 0 0
93.6 314.4 2206.0 29 0.4924368262 0.5555597544 -0.6699696183 -0.2325996608 0.8257783055 0.5137972236 0.8386914730 -0.0971779749 0.5358666778
-17.0 149.9 2225.4 0.4924368262 0.5555597544 -0.6699696183 -0.2325996608 0.8257783055 0.5137972236 0.8386914730 -0.0971779749 0.5358666778
-119.6 -13.7 2245.2 0.5040627718 0.5283722878 -0.6831862330 -0.2147023529 0.8428575397 0.4934512377 0.8365545869 -0.1020487025 0.5382958651
-85.9 179.2 2111.1 0.1469445676 0.2407733351 -0.9593933225 0.9521684647 0.2282842547 0.2031291574 0.2679224610 -0.9433528185 -0.1957116425
-122.9 -60.8 2043.6 -0.8161950707 0.2407733351 -0.5252178907 0.5735791326 0.2282842547 -0.7866976857 -0.0695168376 -0.9433528185 -0.3244270384
51.8 120.6 2339.7 0.2241246849 0.9561070204 -0.1887523681 -0.9562193751 0.1783442646 -0.2320297211 -0.1881823391 0.2324922681 0.9542194605
108.9 -122.7 2291.8 0.2903845310 0.9561070204 0.0391937234 -0.4705724418 0.1783442646 -0.8641498089 -0.8332096934 0.2324922681 0.5017060637
-272.3 -165.7 2192.8 0.4706779718 -0.2037108988 -0.8584661484 0.0479416884 0.9774485826 -0.2056596279 0.8810015917 0.0556431413 0.4698297679
-193.2 -545.1 2171.2 0.4667915106 0.1463429183 -0.8721750975 0.0206010900 0.9841465950 0.1761564910 0.8841274381 -0.1001961082 0.4563764334
-181.9 -201.8 2343.3 0.1382983327 -0.1189880818 -0.9832168818 0.0782666504 0.9909648895 -0.1089168340 0.9872932434 -0.0618900731 0.1463615894
-135.7 -586.3 2367.3 0.1265603453 0.2348704338 -0.9637522101 0.0291421209 0.9702649713 0.2402845621 0.9915307164 -0.0584962815 0.1159524396
98.1 -216.1 2062.4 0 0 0 0 0 0 0 0 0
182.4 -241.8 2080.9 0 0 0 0 0 0 0 0 0
-247.8 -912.3 2208.6 0 0 0 0 0 0 0 0 0
-223.1 -947.4 2389.1 0 0 0 0 0 0 0 0 0
94.3 318.0 2209.5 30 0.4980149269 0.5633353591 -0.6592680812 -0.2540034950 0.8216724396 0.5102319121 0.8291341066 -0.0866467059 0.5522943139
-17.6 154.8 2226.7 0.4980149269 0.5633353591 -0.6592680812 -0.2540034950 0.8216724396 0.5102319121 0.8291341066 -0.0866467059 0.5522943139
-122.1 -7.7 2244.8 0.5099910498 0.5383165479 -0.6709131002 -0.2359654158 0.8376003504 0.4926925898 0.8271816373 -0.0929565206 0.5541927814
-87.2 187.0 2113.7 0.1570933312 0.2560455203 -0.9538146257 0.9487738013 0.2289616615 0.2177264094 0.2741348445 -0.9391577244 -0.2069609314
-127.3 -55.4 2043.7 -0.8176897168 0.2560455203 -0.5155814290 0.5694839954 0.2289616615 -0.7894710302 -0.0840921327 -0.9391577244 -0.3330334127
52.1 122.6 2339.7 0.2078476697 0.9523069859 -0.2234070152 -0.9594801068 0.1540657133 -0.2359273881 -0.1902559400 0.2633915544 0.9457418323
104.7 -120.3 2291.5 0.3051362038 0.9523069859 0.0018041226 -0.4757071733 0.1540657133 -0.8660060167 -0.8249815702 0.2633915544 0.5000303388
-267.3 -158.0 2190.1 0.4738303125 -0.1957546026 -0.8585830927 0.0603023805 0.9799039960 -0.1901360750 0.8785490394 0.0383176282 0.4761127234
-191.3 -538.3 2175.2 0.4643521905 0.1488753855 -0.8730481863 -0.0104560032 0.9866232872 0.1626813263 0.8855888844 -0.0664128363 0.4596973062
-177.0 -196.5 2339.9 0.1434263140 -0.1209168583 -0.9822463989 0.1138836592 0.9879312515 -0.1049875394 0.9830866456 -0.0968038440 0.1554657817
-130.1 -579.7 2377.5 0.1060244292 0.2588535845 -0.9600800276 -0.0304422751 0.9659145474 0.2570648491 0.9938974380 0.0019718681 0.1102906317
94.1 -209.6 2066.5 0 0 0 0 0 0 0 0 0
182.1 -240.9 2082.4 0 0 0 0 0 0 0 0 0
-246.9 -906.4 2200.0 0 0 0 0 0 0 0 0 0
-226.3 -939.0 2376.8 0 0 0 0 0 0 0 0 0
92.5 321.1 2211.7 31 0.4987039864 0.5547655821 -0.6659800410 -0.2550001144 0.8282457590 0.4989829063 0.8284137249 -0.0790197775 0.5545147657
-17.7 156.6 2227.4 0.4987039864 0.5547655821 -0.6659800410 -0.2550001144 0.8282457590 0.4989829063 0.8284137249 -0.0790197775 0.5545147657
-120.6 -7.2 2243.7 0.5096874237 0.5300372243 -0.6777014732 -0.2380706668 0.8438258767 0.4809160233 0.8267654181 -0.0837760121 0.5562737584
-87.3 189.1 2114.5 0.1688416004 0.2486212999 -0.9537714124 0.9452081323 0.2334786952 0.2281869799 0.2794174552 -0.9400399923 -0.1955779642
-130.4 -52.2 2043.2 -0.8013774157 0.2486212999 -0.5440419912 0.5946992636 0.2334786952 -0.7692987323 -0.0642418414 -0.9400399923 -0.3349594474
51.9 124.1 2340.4 0.1950745434 0.9579463005 -0.2104396969 -0.9535149932 0.1349862218 -0.2694213986 -0.2296847552 0.2532146573 0.9397485256
99.9 -110.4 2283.9 0.2865595818 0.9579463005 -0.0149182053 -0.4959062636 0.1349862218 -0.8578203321 -0.8197320104 0.2532146573 0.5137331486
-272.2 -149.1 2188.7 0.4693112075 -0.2135518342 -0.8568212390 0.0621294826 0.9758972526 -0.2091995180 0.8808444142 0.0449458212 0.4712674022
-189.3 -527.9 2171.3 0.4614658952 0.1541795284 -0.8736577630 0.0075283474 0.9840666652 0.1776404977 0.8871260285 -0.0885522366 0.4529525042
-180.9 -191.4 2336.9 0.1394081116 -0.1247020885 -0.9823516607 0.1039960310 0.9883966446 -0.1107110977 0.9847589731 -0.0867266431 0.1507590264
-132.5 -575.0 2370.6 0.1180796772 0.2360956967 -0.9645289183 0.0142743541 0.9708202481 0.2393831760 0.9929015040 -0.0420343131 0.1112640277
86.6 -213.2 2060.5 0 0 0 0 0 0 0 0 0
172.6 -236.2 2076.0 0 0 0 0 0 0 0 0 0
-246.9 -895.0 2204.3 0 0 0 0 0 0 0 0 0
-220.3 -936.3 2386.2 0 0 0 0 0 0 0 0 0
97.7 324.4 2211.9 32 0.4902994633 0.5648211837 -0.6637645960 -0.2545672357 0.8211847544 0.5107358694 0.8335478306 -0.0814407989 0.5464113951
-14.8 161.0 2228.1 0.4902994633 0.5648211837 -0.6637645960 -0.2545672357 0.8211847544 0.5107358694 0.8335478306 -0.0814407989 0.5464113951
-118.6 -2.2 2243.8 0.5009636283 0.5347978473 -0.6804606318 -0.2384463996 0.8410922885 0.4854966998 0.8319728374 -0.0809627846 0.5488772392
-83.2 193.6 2114.4 0.2023710608 0.2576127052 -0.9448183179 0.9393107295 0.2218519598 0.2616811991 0.2770222127 -0.9404346943 -0.1970819533
-135.2 -48.0 2043.1 -0.7828422785 0.2576127052 -0.5663864613 0.6184322238 0.2218519598 -0.7538722157 -0.0685531050 -0.9404346943 -0.3329910934
53.7 128.4 2341.7 0.1792804152 0.9629192948 -0.2016060501 -0.9510806799 0.1172307730 -0.2858365178 -0.2516030669 0.2429885119 0.9368311167
97.7 -105.2 2279.9 0.2681197226 0.9629192948 -0.0299714487 -0.5158799887 0.1172307730 -0.8486016989 -0.8136213422 0.2429885119 0.5281826258
-269.1 -149.6 2185.9 0.4607740045 -0.2079403400 -0.8628140688 0.0655970871 0.9774858356 -0.2005453110 0.8850899935 0.0358079709 0.4640403390
-188.4 -529.0 2172.0 0.4506915808 0.1733781397 -0.8756809235 0.0034540426 0.9806115627 0.1959313005 0.8926730156 -0.0913292319 0.4413545132
-177.8 -192.3 2334.0 0.1313541383 -0.1159712374 -0.9845287204 0.1018541381 0.9894566536 -0.1029625162 0.9860891700 -0.0867537707 0.1417813748
-132.8 -576.3 2367.7 0.1152820438 0.2348023653 -0.9651828408 0.0343758650 0.9701360464 0.2401132286 0.9927378297 -0.0608597398 0.1037677303
75.9 -214.9 2061.6 0 0 0 0 0 0 0 0 0
165.7 -236.0 2073.6 0 0 0 0 0 0 0 0 0
-253.1 -894.9 2206.1 0 0 0 0 0 0 0 0 0
-220.3 -937.8 2390.4 0 0 0 0 0 0 0 0 0
99.4 323.7 2217.9 33 0.4985840023 0.5733693838 -0.6501242518 -0.2907381654 0.8171598911 0.4977157712 0.8166304827 -0.0591372140 0.5741232038
-14.6 161.1 2229.7 0.4985840023 0.5733693838 -0.6501242518 -0.2907381654 0.8171598911 0.4977157712 0.8166304827 -0.0591372140 0.5741232038
-120.3 -1.2 2241.0 0.5093651414 0.5444278121 -0.6664423943 -0.2747858167 0.8367937207 0.4735705256 0.8154997826 -0.0580913946 0.5758345723
-84.2 198.6 2118.4 0.2120115012 0.2603083551 -0.9419611096 0.9346071482 0.2276668251 0.2732714117 0.2855881155 -0.9383002520 -0.1950180680
-139.4 -44.6 2044.0 -0.7730547190 0.2603083551 -0.5784686208 0.6313734055 0.2276668251 -0.7413066030 -0.0612701811 -0.9383002520 -0.3403506875
54.9 123.6 2341.0 0.1748172641 0.9645643234 -0.1976223737 -0.9500808716 0.1125741675 -0.2909868956 -0.2584283948 0.2386267632 0.9360940456
96.1 -100.2 2280.1 0.2611560225 0.9645643234 -0.0375926197 -0.5362045169 0.1125741675 -0.8365475535 -0.8026719689 0.2386267632 0.5466031432
-267.2 -144.1 2185.0 0.4643534720 -0.2100071460 -0.8603910804 0.0734378323 0.9772644639 -0.1988995671 0.8826000094 0.0291744489 0.4692186117
-185.7 -523.5 2173.6 0.4512111843 0.1781780422 -0.8744490147 -0.0073504685 0.9805744886 0.1960094124 0.8923869133 -0.0820140317 0.4437558651
-177.5 -186.9 2334.0 0.1483291090 -0.1247759387 -0.9810348749 0.0471327081 0.9917730689 -0.1190154105 0.9878142476 -0.0285853799 0.1529898494
-129.1 -571.2 2345.1 0.1749082655 0.2438112795 -0.9539198875 0.1478874683 0.9513579607 0.2702727318 0.9734148383 -0.1883457303 0.1303437352
69.0 -214.8 2060.5 0 0 0 0 0 0 0 0 0
162.3 -236.2 2076.5 0 0 0 0 0 0 0 0 0
-252.2 -889.4 2204.2 0 0 0 0 0 0 0 0 0
-219.3 -923.1 2414.8 0 0 0 0 0 0 0 0 0
92.8 321.4 2215.4 34 0.5124348998 0.5579608083 -0.6527558565 -0.2760175169 0.8268281221 0.4900709689 0.8131573200 -0.0709574148 0.5777025819
-18.1 157.1 2229.5 0.5124348998 0.5579608083 -0.6527558565 -0.2760175169 0.8268281221 0.4900709689 0.8131573200 -0.0709574148 0.5777025819
-120.9 -6.8 2243.9 0.5242621303 0.5298073292 -0.6666734219 -0.2578409910 0.8448995948 0.4686818719 0.8115831614 -0.0738164335 0.5795549154
-89.7 192.3 2118.7 0.2075157613 0.2617087066 -0.9425740242 0.9341152310 0.2330850065 0.2703702748 0.2904581130 -0.9365788698 -0.1960972697
-141.8 -42.3 2045.8 -0.7672547102 0.2617087066 -0.5855157971 0.6389469504 0.2330850065 -0.7330881357 -0.0553805754 -0.9365788698 -0.3460535407
53.5 121.9 2340.3 0.1799530089 0.9609288573 -0.2103156000 -0.9454631209 0.1099496260 -0.3066114783 -0.2715076804 0.2540212870 0.9283085465
96.1 -102.1 2276.0 0.2711331844 0.9609288573 -0.0557004325 -0.5585711002 0.1099496260 -0.8221371174 -0.7838910222 0.2540212870 0.5665580630
-271.7 -138.9 2179.3 0.4750654697 -0.2228512019 -0.8512638807 0.0873974636 0.9745659232 -0.2063563168 0.8755995035 0.0236344598 0.4824592471
-185.2 -517.3 2170.1 0.4621519148 0.1660914123 -0.8711080551 0.0002476689 0.9822798967 0.1874195933 0.8868007660 -0.0868320689 0.4539214075
-180.5 -188.1 2325.3 0.1537000388 -0.1335873604 -0.9790458083 0.1068785712 0.9872536659 -0.1179284751 0.9823203683 -0.0865134075 0.1660185605
-128.7 -570.4 2358.8 0.1432333738 0.2457423657 -0.9586943984 0.0653482154 0.9642202258 0.2569221258 0.9875291586 -0.0994487852 0.1220496818
65.3 -214.7 2060.7 0 0 0 0 0 0 0 0 0
164.9 -243.8 2077.2 0 0 0 0 0 0 0 0 0
-247.1 -883.9 2202.5 0 0 0 0 0 0 0 0 0
-219.7 -927.3 2395.6 0 0 0 0 0 0 0 0 0
101.4 319.2 2220.2 35 0.5268926024 0.5652073622 -0.6347635984 -0.2987625897 0.8223444223 0.4842422605 0.7956916094 -0.0655000582 0.6021500230
-11.1 155.5 2233.2 0.5268926024 0.5652073622 -0.6347635984 -0.2987625897 0.8223444223 0.4842422605 0.7956916094 -0.0655000582 0.6021500230
-114.5 -8.2 2246.1 0.5401800275 0.5326383710 -0.6515381336 -0.2785976529 0.8437412977 0.4587852955 0.7940962911 -0.0663096681 0.6041640043
-84.9 193.5 2124.8 0.2300514877 0.2662935555 -0.9360363483 0.9240130186 0.2420820892 0.2959665656 0.3054116368 -0.9329973459 -0.1903673857
-143.4 -41.3 2047.2 -0.7613384724 0.2662935555 -0.5911442637 0.6464573741 0.2420820892 -0.7235255241 -0.0495647602 -0.9329973459 -0.3564538360
62.6 117.5 2341.6 0.1435627639 0.9562016726 -0.2550844550 -0.9500891566 0.0610268377 -0.3059514463 -0.2769842744 0.2862762213 0.9172380567
95.9 -102.6 2277.5 0.2700991333 0.9562016726 -0.1128042787 -0.5608714223 0.0610268377 -0.8256506324 -0.7826044559 0.2862762213 0.5527895093
-270.7 -147.7 2185.5 0.4913413525 -0.2198564857 -0.8427613974 0.0782339722 0.9748449922 -0.2087024897 0.8674463034 0.0366115943 0.4961818755
-185.3 -526.1 2171.3 0.4788257480 0.1726229638 -0.8607712984 -0.0019908368 0.9806888700 0.1955643147 0.8779076934 -0.0919275731 0.4699227512
-176.8 -193.8 2330.9 0.1738698483 -0.1241106614 -0.9769164920 0.0954381302 0.9894803166 -0.1087209061 0.9801330566 -0.0743317977 0.1838856786
-128.7 -577.4 2359.7 0.1612283587 0.2612208724 -0.9517189860 0.0482687354 0.9610940814 0.2719711661 0.9857360721 -0.0897877365 0.1423468143
61.2 -215.0 2060.5 0 0 0 0 0 0 0 0 0
164.4 -244.9 2078.9 0 0 0 0 0 0 0 0 0
-249.8 -892.1 2205.6 0 0 0 0 0 0 0 0 0
-225.8 -934.6 2393.1 0 0 0 0 0 0 0 0 0
102.1 321.7 2223.1 36 0.5072452426 0.5629798770 -0.6524997354 -0.2911305428 0.8245636821 0.4851162136 0.8111382723 -0.0561103188 0.5821566582
-9.2 158.7 2234.2 0.5072452426 0.5629798770 -0.6524997354 -0.2911305428 0.8245636821 0.4851162136 0.8111382723 -0.0561103188 0.5821566582
-113.4 -4.6 2245.6 0.5185652971 0.5369712710 -0.6653960347 -0.2739841640 0.8415259123 0.4655822217 0.8099523187 -0.0591268167 0.5835077763
-80.0 196.1 2123.6 0.2438829094 0.2759944201 -0.9297032952 0.9241620302 0.2244951874 0.3090735972 0.2940165102 -0.9345742464 -0.2003130317
-142.6 -41.2 2048.1 -0.7542319298 0.2759944201 -0.5957862735 0.6533022523 0.2244951874 -0.7230477929 -0.0658060089 -0.9345742464 -0.3496292233
61.6 121.3 2344.8 0.1380923390 0.9506797194 -0.2777384222 -0.9480572343 0.0457454212 -0.3147933483 -0.2865623832 0.3067824543 0.9076158404
94.9 -106.9 2275.8 0.2803291976 0.9506797194 -0.1327541471 -0.5500361919 0.0457454212 -0.8338869810 -0.7866865396 0.3067824543 0.5357320309
-266.3 -147.0 2187.9 0.4729437232 -0.2117580920 -0.8552676439 0.0657840669 0.9764670134 -0.2053890675 0.8786334395 0.0408744849 0.4757442474
-184.1 -526.1 2172.1 0.4617545307 0.1734810323 -0.8698776364 -0.0041452912 0.9810990691 0.1934616566 0.8869980574 -0.0857259035 0.4537460804
-169.6 -196.9 2330.1 0.1567914337 -0.1023634672 -0.9823126793 0.0311396979 0.9946321845 -0.0986768976 0.9871407151 -0.0151172280 0.1591373682
-129.9 -582.0 2335.9 0.2016138583 0.2488775551 -0.9473181963 0.1920134574 0.9383691549 0.2873919308 0.9604596496 -0.2398400456 0.1414003968
59.6 -216.4 2065.7 0 0 0 0 0 0 0 0 0
166.0 -246.5 2076.1 0 0 0 0 0 0 0 0 0
-248.9 -892.3 2204.1 0 0 0 0 0 0 0 0 0
-221.6 -927.5 2424.3 0 0 0 0 0 0 0 0 0
105.5 318.0 2218.0 37 0.4968103170 0.5769274831 -0.6483318806 -0.2942191362 0.8147728443 0.4995801449 0.8164647222 -0.0574449189 0.5745306611
-8.7 156.7 2229.4 0.4968103170 0.5769274831 -0.6483318806 -0.2942191362 0.8147728443 0.4995801449 0.8164647222 -0.0574449189 0.5745306611
-114.6 -5.6 2240.1 0.5079736710 0.5457199812 -0.6664476395 -0.2778026760 0.8361541033 0.4729397297 0.8153455853 -0.0550999939 0.5763467550
-78.1 194.6 2118.1 0.2510959804 0.2801551819 -0.9265332818 0.9277907610 0.2032357454 0.3128890097 0.2759621441 -0.9381941557 -0.2088937014
-141.9 -41.1 2047.9 -0.7496243715 0.2801551819 -0.5996468663 0.6568186879 0.2032357454 -0.7261435390 -0.0815631971 -0.9381941557 -0.3363616168
60.7 118.7 2340.8 0.1412501931 0.9484500289 -0.2837093174 -0.9520916939 0.0516279675 -0.3014232516 -0.2712375522 0.3126933575 0.9103038311
93.9 -105.1 2277.0 0.2866106331 0.9484500289 -0.1352661550 -0.5608294606 0.0516279675 -0.8263200521 -0.7767397165 0.3126933575 0.5467158556
-264.0 -143.4 2184.6 0.4645726085 -0.2071062624 -0.8609758019 0.0645900369 0.9776015282 -0.2003083378 0.8831763268 0.0374473073 0.4675439000
-183.6 -523.0 2170.1 0.4562394321 0.1714468449 -0.8731847405 0.0134237269 0.9798263311 0.1993994564 0.8897557855 -0.1026952863 0.4447339475
-171.2 -192.5 2329.6 0.1451987922 -0.1128213927 -0.9829489589 0.0533576049 0.9929245114 -0.1060845181 0.9879626632 -0.0370444581 0.1501913220
-127.5 -577.4 2344.0 0.1675029397 0.2641170919 -0.9498341680 0.1318866611 0.9487830400 0.2870829999 0.9770100713 -0.1733577102 0.1240904331
59.1 -217.2 2069.8 0 0 0 0 0 0 0 0 0
166.6 -247.5 2079.9 0 0 0 0 0 0 0 0 0
-247.6 -888.7 2208.4 0 0 0 0 0 0 0 0 0
-225.1 -928.3 2408.1 0 0 0 0 0 0 0 0 0
110.8 317.7 2208.5 38 0.5165072083 0.5941163898 -0.6166409254 -0.3083811402 0.8008775711 0.5133188367 0.7988250256 -0.0749724284 0.5968732834
-7.3 158.5 2223.4 0.5165072083 0.5941163898 -0.6166409254 -0.3083811402 0.8008775711 0.5133188367 0.7988250256 -0.0749724284 0.5968732834
-117.4 -0.6 2237.4 0.5264239311 0.5677298307 -0.6328986287 -0.2945457995 0.8200720549 0.4906369150 0.7975717187 -0.0718653798 0.5989280343
-79.1 198.8 2114.5 0.2436613441 0.2733624578 -0.9305385947 0.9352431893 0.1878246963 0.3000701070 0.2568060458 -0.9433953762 -0.2098947465
-141.1 -39.1 2049.2 -0.7233996987 0.2733624578 -0.6340077519 0.6865675449 0.1878246963 -0.7023865581 -0.0729238018 -0.9433953762 -0.3235540986
64.6 118.2 2332.3 0.1270311922 0.9350517392 -0.3309702575 -0.9634649754 0.0369976200 -0.2652667761 -0.2357930541 0.3525753915 0.9055894613
94.3 -107.2 2277.1 0.3130565882 0.9350517392 -0.1663544625 -0.5528609753 0.0369976200 -0.8324517608 -0.7722307444 0.3525753915 0.5285359621
-266.0 -143.1 2177.8 0.4871983528 -0.2246365845 -0.8439053297 0.0882215574 0.9740668535 -0.2083523571 0.8688237667 0.0270582847 0.4943815768
-178.8 -521.1 2167.2 0.4717320204 0.2003067881 -0.8586885929 0.0046117455 0.9732809067 0.2295713276 0.8817299008 -0.1122561991 0.4582040012
-175.0 -192.8 2323.8 0.1739143729 -0.1245970502 -0.9768466353 0.0983379856 0.9892024398 -0.1086652800 0.9798384905 -0.0771626756 0.1842891425
-126.8 -576.2 2353.7 0.1662710607 0.2672275305 -0.9491803646 0.0707509294 0.9568654895 0.2817848325 0.9835386276 -0.1140080541 0.1401924491
52.7 -223.0 2068.7 0 0 0 0 0 0 0 0 0
173.7 -247.5 2081.2 0 0 0 0 0 0 0 0 0
-253.6 -884.3 2209.1 0 0 0 0 0 0 0 0 0
-225.9 -931.1 2396.0 0 0 0 0 0 0 0 0 0
112.0 312.1 2210.2 39 0.5081369877 0.6035283208 -0.6144512296 -0.3202539384 0.7946660519 0.5156968832 0.7995212078 -0.0652642176 0.5970815420
-7.4 154.9 2223.1 0.5081369877 0.6035283208 -0.6144512296 -0.3202539384 0.7946660519 0.5156968832 0.7995212078 -0.0652642176 0.5970815420
-119.8 -2.7 2236.6 0.5204225183 0.5797026753 -0.6269810796 -0.3035731018 0.8118849993 0.4986843467 0.7981251478 -0.0691919774 0.5985053778
-78.4 196.4 2114.1 0.2418335676 0.2887431681 -0.9263605475 0.9337721467 0.1902919412 0.3030817211 0.2637917399 -0.9383050203 -0.2236013710
-138.0 -33.8 2049.1 -0.6955391765 0.2887431681 -0.6579153538 0.7151674032 0.1902919412 -0.6725507975 -0.0689984635 -0.9383050203 -0.3388552070
63.7 113.4 2332.2 0.1389422566 0.9237998724 -0.3567756414 -0.9610973001 0.0389440134 -0.2734507322 -0.2387194932 0.3808899820 0.8932725191
95.6 -107.4 2277.3 0.3366935849 0.9237998724 -0.1822943836 -0.5562796593 0.0389440134 -0.8300821185 -0.7597304583 0.3808899820 0.5270032287
-274.6 -133.3 2180.0 0.4859497547 -0.2545438707 -0.8360982537 0.0823000073 0.9657251239 -0.2461740971 0.8701031804 0.0508173518 0.4902428389
-175.8 -507.9 2160.3 0.4762250185 0.1995319724 -0.8563858271 0.0319741853 0.9693409801 0.2436301708 0.8787419200 -0.1434050202 0.4552445412
-180.4 -186.1 2322.8 0.1682156920 -0.1422086954 -0.9754384756 0.1335350424 0.9837051034 -0.1203855872 0.9766636491 -0.1100044698 0.1844644696
-125.2 -567.5 2365.5 0.1347045004 0.2654137909 -0.9546780586 0.0078079402 0.9631450176 0.2688694000 0.9908550382 -0.0436719880 0.1276676357
48.3 -225.3 2067.6 0 0 0 0 0 0 0 0 0
181.0 -248.6 2084.6 0 0 0 0 0 0 0 0 0
-250.3 -869.5 2213.8 0 0 0 0 0 0 0 0 0
-223.8 -925.0 2381.7 0 0 0 0 0 0 0 0 0
117.8 310.5 2206.1 40 0.5046015978 0.6168877482 -0.6040089130 -0.3150362074 0.7829334736 0.5364395380 0.8038217425 -0.0804035813 0.5894114971
-3.9 156.1 2222.0 0.5046015978 0.6168877482 -0.6040089130 -0.3150362074 0.7829334736 0.5364395380 0.8038217425 -0.0804035813 0.5894114971
-118.5 0.2 2237.0 0.5149253011 0.5906224251 -0.6213027239 -0.3014751077 0.8032446504 0.5137224793 0.8024741411 -0.0772213712 0.5916689634
-74.2 197.3 2112.3 0.2436030060 0.2769662142 -0.9294876456 0.9348680973 0.1881022453 0.3010633290 0.2582230866 -0.9422883391 -0.2131046206
-134.6 -34.3 2048.4 -0.6955819130 0.2769662142 -0.6629144549 0.7158045173 0.1881022453 -0.6724889874 -0.0615610443 -0.9422883391 -0.3290941715
66.4 114.9 2331.6 0.1238732338 0.9161286354 -0.3812659383 -0.9595782161 0.0127403624 -0.2811535001 -0.2527153194 0.4006818831 0.8806753159
95.7 -112.1 2271.8 0.3402903080 0.9161286354 -0.2119216770 -0.5530827641 0.0127403624 -0.8330289125 -0.7604616880 0.4006818831 0.5110303760
-278.9 -133.0 2178.6 0.4818637073 -0.2618653774 -0.8362020850 0.0995291844 0.9644812346 -0.2446833551 0.8705752492 0.0346775167 0.4908117354
-177.3 -507.2 2165.1 0.4673005641 0.1865209341 -0.8641991019 0.0139653273 0.9758126140 0.2181620896 0.8839882016 -0.1140160859 0.4533929527
-185.7 -187.4 2321.6 0.1698061526 -0.1512101144 -0.9738076925 0.1315706968 0.9827902913 -0.1296624839 0.9766550064 -0.1061070636 0.1867786646
-127.0 -568.7 2362.7 0.1388888657 0.2508585155 -0.9580082893 0.0080604060 0.9670658112 0.2543988228 0.9902751446 -0.0430550985 0.1322926432
51.8 -226.1 2064.9 0 0 0 0 0 0 0 0 0
182.1 -252.5 2078.8 0 0 0 0 0 0 0 0 0
-246.8 -871.2 2207.7 0 0 0 0 0 0 0 0 0
-220.4 -928.6 2378.7 0 0 0 0 0 0 0 0 0
116.1 307.6 2202.5 41 0.5127609372 0.6055272222 -0.6086156368 -0.2981568575 0.7903777361 0.5351687074 0.8050954342 -0.0929506719 0.5858169198
-4.4 150.4 2221.0 0.5127609372 0.6055272222 -0.6086156368 -0.2981568575 0.7903777361 0.5351687074 0.8050954342 -0.0929506719 0.5858169198
-117.2 -6.5 2239.0 0.5231171846 0.5812085271 -0.6233338118 -0.2842040658 0.8084884286 0.5153391957 0.8034777045 -0.0924288109 0.5881160498
-75.8 189.2 2111.3 0.2402959913 0.2826394737 -0.9286403060 0.9337530136 0.1941227466 0.3007018864 0.2652604282 -0.9393781424 -0.2172685415
-133.2 -33.5 2048.0 -0.6902640462 0.2826394737 -0.6660708785 0.7211762071 0.1941227466 -0.6649971604 -0.0586549304 -0.9393781424 -0.3378288150
67.1 111.5 2330.8 0.1270461679 0.9142754078 -0.3846553862 -0.9580746889 0.0127065387 -0.2862365842 -0.2568114400 0.4048938751 0.8775584698
96.6 -111.5 2271.0 0.3442605138 0.9142754078 -0.2135069072 -0.5511683822 0.0127065387 -0.8342972994 -0.7600645423 0.4048938751 0.5082940459
-279.2 -128.6 2180.1 0.4913195968 -0.2663739622 -0.8292466402 0.0984604433 0.9629686475 -0.2509919405 0.8653962016 0.0416692682 0.4993526638
-175.9 -502.4 2163.9 0.4797647297 0.1826653630 -0.8581719995 0.0307139140 0.9739924669 0.2244889736 0.8768594265 -0.1340597123 0.4616768956
-187.0 -182.6 2323.8 0.1749256998 -0.1633592099 -0.9709349871 0.1436826289 0.9798179865 -0.1389676034 0.9740412235 -0.1151974797 0.1948672384
-123.6 -562.9 2368.5 0.1314945966 0.2636976838 -0.9556006789 -0.0226927567 0.9645190835 0.2630361021 0.9910570979 -0.0129026109 0.1328130811
51.9 -226.9 2063.7 0 0 0 0 0 0 0 0 0
184.0 -251.3 2078.1 0 0 0 0 0 0 0 0 0
-244.0 -865.7 2213.9 0 0 0 0 0 0 0 0 0
-221.9 -922.2 2373.3 0 0 0 0 0 0 0 0 0
114.6 308.8 2201.3 42 0.5071943998 0.6018969417 -0.6168256402 -0.2779326141 0.7917089462 0.5440132618 0.8157863021 -0.1044844985 0.5688371658
-5.3 151.2 2222.1 0.5071943998 0.6018969417 -0.6168256402 -0.2779326141 0.7917089462 0.5440132618 0.8157863021 -0.1044844985 0.5688371658
-117.8 -5.6 2242.7 0.5175330639 0.5794866681 -0.6295670867 -0.2639330924 0.8079994917 0.5267601013 0.8139403462 -0.1064521447 0.5711121559
-76.0 187.2 2110.9 0.2035514712 0.2823543847 -0.9374661446 0.9436565042 0.1985966116 0.2647106647 0.2609198391 -0.9385282993 -0.2260209173
-125.3 -41.5 2047.7 -0.6949335337 0.2823543847 -0.6613194346 0.7167796493 0.1985966116 -0.6684207320 -0.0573957264 -0.9385282993 -0.3403973281
65.4 115.1 2333.2 0.1311823577 0.9049692750 -0.4047490954 -0.9533810616 0.0032410393 -0.3017517030 -0.2717642188 0.4254646301 0.8632056713
96.9 -114.0 2267.9 0.3589237630 0.9049692750 -0.2284827530 -0.5428034663 0.0032410393 -0.8398534656 -0.7593010664 0.4254646301 0.4923837483
-276.8 -138.0 2185.0 0.4932770729 -0.2660676241 -0.8281821609 0.0869240165 0.9623848796 -0.2574093640 0.8655183315 0.0549852178 0.4978500605
-173.5 -511.5 2163.6 0.4828245640 0.1955651939 -0.8536010385 0.0311470311 0.9702934027 0.2399179041 0.8751630187 -0.1424254030 0.4623902142
-183.1 -188.9 2328.9 0.1705596298 -0.1501595527 -0.9738385677 0.1427033097 0.9816647172 -0.1263730228 0.9749590755 -0.1174158454 0.1888606399
-124.8 -569.9 2374.5 0.1220607609 0.2669393718 -0.9559521675 -0.0411623083 0.9636868238 0.2638433874 0.9916687012 0.0071442709 0.1286161989
61.0 -233.7 2063.1 0 0 0 0 0 0 0 0 0
188.0 -251.8 2075.2 0 0 0 0 0 0 0 0 0
-246.5 -873.6 2216.8 0 0 0 0 0 0 0 0 0
-224.4 -929.2 2371.8 0 0 0 0 0 0 0 0 0
115.1 305.6 2200.1 43 0.5032185316 0.5984112620 -0.6234381199 -0.2639070451 0.7933927178 0.5485262871 0.8228755593 -0.1114988998 0.5571748614
-4.4 147.2 2222.4 0.5032185316 0.5984112620 -0.6234381199 -0.2639070451 0.7933927178 0.5485262871 0.8228755593 -0.1114988998 0.5571748614
-114.9 -10.8 2244.6 0.5164170265 0.5694267154 -0.6395831704 -0.2457408011 0.8140118122 0.5263043046 0.8203200102 -0.1146207899 0.5603009462
-74.9 180.7 2110.3 0.1754952520 0.3032967448 -0.9365962148 0.9474635124 0.2063917667 0.2443670928 0.2674214840 -0.9302760363 -0.2511418164
-116.8 -45.3 2046.5 -0.6932716370 0.3032967448 -0.6537473202 0.7175714970 0.2063917667 -0.6652019024 -0.0668255091 -0.9302760363 -0.3607226312
66.2 113.6 2334.4 0.1308466345 0.9051640630 -0.4044221044 -0.9527699351 0.0020431418 -0.3036860824 -0.2740594149 0.4250575304 0.8626804352
97.0 -110.7 2269.9 0.3579744995 0.9051640630 -0.2291993350 -0.5428712368 0.0020431418 -0.8398134708 -0.7597006559 0.4250575304 0.4921189249
-276.6 -138.8 2190.5 0.4228532910 -0.2725157738 -0.8642512560 0.0472530834 0.9590444565 -0.2792864144 0.9049653411 0.0772586390 0.4184123278
-170.8 -511.0 2160.5 0.4228532910 0.2085531950 -0.8818733692 0.0472530834 0.9667589664 0.2512852848 0.9049653411 -0.1479280442 0.3989424407
-183.9 -186.1 2336.3 0.1710563600 -0.1461730450 -0.9743578434 0.1088225469 0.9856858253 -0.1287677884 0.9792330265 -0.0840055496 0.1845147461
-127.2 -568.5 2368.9 0.1395903081 0.2517761290 -0.9576655626 -0.0167739838 0.9675968885 0.2519421279 0.9900672436 -0.0191048142 0.1392904371
69.1 -237.7 2064.4 0 0 0 0 0 0 0 0 0
187.8 -248.5 2077.1 0 0 0 0 0 0 0 0 0
-248.7 -871.8 2215.7 0 0 0 0 0 0 0 0 0
-221.1 -929.3 2376.0 0 0 0 0 0 0 0 0 0
112.7 306.7 2205.5 44 0.4999006689 0.5812112689 -0.6421002746 -0.2609055936 0.8080047965 0.5282580256 0.8258496523 -0.0965489671 0.5555633903
-3.2 145.6 2224.8 0.4999006689 0.5812112689 -0.6421002746 -0.2609055936 0.8080047965 0.5282580256 0.8258496523 -0.0965489671 0.5555633903
-111.1 -14.4 2244.8 0.5126375556 0.5559758544 -0.6542885900 -0.2426178306 0.8247805238 0.5107579231 0.8236135840 -0.1030915976 0.5577031374
-73.2 178.8 2112.3 0.1430353671 0.3071373105 -0.9408546686 0.9523195028 0.2161424160 0.2153369337 0.2694966197 -0.9267950654 -0.2615768313
-108.2 -54.0 2046.4 -0.7000082731 0.3071373105 -0.6447131634 0.7110643983 0.2161424160 -0.6690813899 -0.0661499873 -0.9267950654 -0.3696959019
66.8 112.5 2337.3 0.1288900226 0.9100180864 -0.3940234184 -0.9484510422 -0.0028838255 -0.3169106245 -0.2895306945 0.4145585299 0.8627358675
97.2 -111.2 2269.0 0.3489748240 0.9100180864 -0.2237937897 -0.5344815850 -0.0028838255 -0.8451752067 -0.7697700858 0.4145585299 0.4853815138
-271.7 -146.7 2193.4 0.4291349351 -0.2560137212 -0.8661987185 0.0395103246 0.9633929133 -0.2651661038 0.9023758173 0.0795682520 0.4235407412
-172.3 -520.6 2162.5 0.4291349351 0.2176024914 -0.8766369820 0.0395103246 0.9650953412 0.2589012682 0.9023758173 -0.1457397938 0.4055586159
-179.2 -190.7 2340.4 0.1578459591 -0.1351682097 -0.9781687856 0.1154919118 0.9863155484 -0.1176571697 0.9806866050 -0.0943988785 0.1712967604
-126.7 -573.5 2377.0 0.1192709804 0.2647977471 -0.9568994641 -0.0303003974 0.9643010497 0.2630692124 0.9923992753 -0.0023820887 0.1230366006
79.5 -244.7 2064.2 0 0 0 0 0 0 0 0 0
185.8 -246.8 2073.6 0 0 0 0 0 0 0 0 0
-253.5 -880.8 2216.9 0 0 0 0 0 0 0 0 0
-225.5 -933.2 2377.9 0 0 0 0 0 0 0 0 0
112.1 308.5 2209.3 45 0.4825121164 0.5811097622 -0.6553575397 -0.2583692372 0.8093562722 0.5274350047 0.8369154334 -0.0851695538 0.5406650901
-3.6 147.4 2226.2 0.4825121164 0.5811097622 -0.6553575397 -0.2583692372 0.8093562722 0.5274350047 0.8369154334 -0.0851695538 0.5406650901
-111.9 -12.6 2244.2 0.4947840273 0.5580002666 -0.6662014723 -0.2407659143 0.8246275187 0.5118800998 0.8349973559 -0.0928714722 0.5423600078
-71.2 180.3 2112.2 0.1359702796 0.2967077494 -0.9452388883 0.9539359212 0.2183358669 0.2057563215 0.2674290538 -0.9296741486 -0.2533529997
-104.8 -55.8 2046.0 -0.7110371590 0.2967077494 -0.6374877691 0.7003762126 0.2183358669 -0.6795606017 -0.0624444373 -0.9296741486 -0.3630519509
64.0 114.5 2340.3 0.1391598880 0.9161273241 -0.3759590685 -0.9438148141 0.0077834716 -0.3303830922 -0.2997466922 0.4008118212 0.8657377362
