90.6 286.3 2279.2 72 0.3755199313 0.6251653433 -0.6842171550 -0.3469122350 0.7793912888 0.5217289925 0.8594397306 0.0414436385 0.5095544457
-31.8 133.7 2271.1 0.3755199313 0.6251653433 -0.6842171550 -0.3469122350 0.7793912888 0.5217289925 0.8594397306 0.0414436385 0.5095544457
-147.7 -21.8 2265.7 0.3937414587 0.5975456834 -0.6985033154 -0.3233550489 0.8013558984 0.5032595396 0.8604702950 0.0277104117 0.5087464452
-85.5 177.9 2153.6 0.3396521211 0.4426326454 -0.8298872113 0.8622691631 0.2058807909 0.4627148211 0.3756705225 -0.8727481961 -0.3117406368
-176.8 -53.8 2052.7 -0.7270758748 0.4426326454 -0.5248208642 0.6520457864 0.2058807909 -0.7296912670 -0.2149346471 -0.8727481961 -0.4383077323
21.9 89.6 2388.5 -0.1947946399 0.7697173953 -0.6079393029 -0.9802367091 -0.1745790541 0.0930492878 -0.0345118158 0.6140499115 0.7885122895
-22.4 -133.5 2380.7 0.2812892795 0.7697173953 -0.5730719566 -0.7707215548 -0.1745790541 -0.6127890944 -0.5717207789 0.6140499115 0.5441305637
-302.0 -146.9 2187.7 0.4028632641 -0.2917565107 -0.8675132990 0.1017343104 0.9562333226 -0.2743499875 0.9095885158 0.0222696718 0.4149129391
-188.7 -518.0 2179.1 0.3859896660 0.1842716038 -0.9039114714 0.0011893463 0.9797463417 0.2002391964 0.9225023389 -0.0783653259 0.3779527843
-226.4 -204.5 2339.5 -0.6398875713 -0.2031312138 -0.7411353588 -0.0433076434 0.9724310637 -0.2291336954 0.7672472596 -0.1145229712 -0.6310436726
-147.6 -581.8 2384.0 -0.6204383969 0.1815719604 -0.7629467845 0.0967715457 0.9831200838 0.1552745849 0.7782618403 0.0225067735 -0.6275364161
25.9 -235.6 2112.6 0 0 0 0 0 0 0 0 0
49.0 -329.1 2235.6 0 0 0 0 0 0 0 0 0
-257.5 -883.6 2208.3 0 0 0 0 0 0 0 0 0
-215.3 -948.4 2375.6 0 0 0 0 0 0 0 0 0
93.6 283.8 2265.6 73 0.4064429998 0.6341083646 -0.6578074694 -0.3440545797 0.7731822133 0.5327435732 0.8464221954 0.0097917709 0.5324223638
-31.6 131.2 2263.6 0.4064429998 0.6341083646 -0.6578074694 -0.3440545797 0.7731822133 0.5327435732 0.8464221954 0.0097917709 0.5324223638
-148.5 -23.7 2261.9 0.4198520780 0.6029999852 -0.6783179641 -0.3270278275 0.7976894379 0.5066995025 0.8466268778 0.0090900287 0.5321093202
-88.9 175.8 2148.1 0.3229041994 0.4407316446 -0.8375490904 0.8718076348 0.2059136331 0.4444670975 0.3683534861 -0.8737019897 -0.3177428544
-173.8 -53.4 2051.2 -0.7296981812 0.4407316446 -0.5227773786 0.6490475535 0.2059136331 -0.7323502302 -0.2151229382 -0.8737019897 -0.4363105893
25.7 86.5 2379.2 -0.2017877698 0.7884579301 -0.5810471773 -0.9789927006 -0.1800815314 0.0956239924 -0.0292403735 0.5881366730 0.8082327843
-20.2 -136.3 2372.5 0.2576210797 0.7884579301 -0.5585387349 -0.7715887427 -0.1800815314 -0.6100995541 -0.5816203356 0.5881366730 0.5619724393
-298.8 -148.4 2183.3 0.4287663996 -0.2865585089 -0.8567634225 0.1126883700 0.9579181075 -0.2639965713 0.8963596821 0.0166455805 0.4430149198
-187.6 -520.2 2176.8 0.4093512297 0.1915280223 -0.8920474052 -0.0004725073 0.9777625203 0.2097147405 0.9123767614 -0.0854254887 0.4003387690
-228.0 -206.5 2337.1 -0.6151656508 -0.2128931135 -0.7591098547 -0.0377575457 0.9697018266 -0.2413559854 0.7874932289 -0.1198117882 -0.6045656204
-145.4 -582.8 2383.6 -0.5922371745 0.1977509856 -0.7811207771 0.1102070957 0.9801861048 0.1645891815 0.7981914282 0.0113907848 -0.6022962332
29.8 -234.5 2111.3 0 0 0 0 0 0 0 0 0
45.2 -332.1 2225.0 0 0 0 0 0 0 0 0 0
-259.0 -885.1 2208.7 0 0 0 0 0 0 0 0 0
-219.2 -948.5 2379.4 0 0 0 0 0 0 0 0 0
96.7 285.1 2258.3 74 0.3857781589 0.6444066167 -0.6602388620 -0.3082269430 0.7645380497 0.5661075115 0.8695811629 -0.0148885092 0.4935655594
-31.0 133.6 2261.2 0.3857781589 0.6444066167 -0.6602388620 -0.3082269430 0.7645380497 0.5661075115 0.8695811629 -0.0148885092 0.4935655594
-149.1 -20.2 2264.4 0.4006925225 0.6087711453 -0.6847212315 -0.2896881700 0.7931786776 0.5356755853 0.8692101240 -0.0162855461 0.4941745996
-85.7 173.1 2142.7 0.3248926401 0.4296285510 -0.8425343037 0.8778885603 0.1943742484 0.4376417994 0.3517903686 -0.8818378448 -0.3140152097
-169.7 -53.9 2051.7 -0.7311319113 0.4296285510 -0.5299674273 0.6480116844 0.1943742484 -0.7364099026 -0.2133706957 -0.8818378448 -0.4205175042
23.7 94.1 2379.8 -0.2093097419 0.7750297785 -0.5962535739 -0.9777697325 -0.1580990404 0.1377354860 0.0124819903 0.6118280292 0.7908923030
-23.9 -128.2 2382.6 0.2629709840 0.7750297785 -0.5746086836 -0.7996904850 -0.1580990404 -0.5792234540 -0.5397605300 0.6118280292 0.5782084465
-303.0 -149.2 2184.4 0.4255461097 -0.2986039519 -0.8542518020 0.1069210172 0.9539692402 -0.2801974118 0.8985980153 0.0278994478 0.4378849268
-187.1 -519.5 2173.5 0.4091249704 0.1844541430 -0.8936405778 0.0089352131 0.9784985185 0.2060601711 0.9124346375 -0.0922892243 0.3986800313
-227.7 -207.9 2335.8 -0.6189642549 -0.2252010107 -0.7524411678 -0.0496712811 0.9673182964 -0.2486524135 0.7838469148 -0.1165322438 -0.6099215150
-140.3 -583.4 2381.1 -0.5874710083 0.2218820602 -0.7782327533 0.1384543329 0.9750560522 0.1734822243 0.7973131537 -0.0058339210 -0.6035376787
34.4 -234.8 2111.2 0 0 0 0 0 0 0 0 0
42.8 -330.9 2245.8 0 0 0 0 0 0 0 0 0
-256.0 -884.7 2208.0 0 0 0 0 0 0 0 0 0
-223.1 -947.1 2383.2 0 0 0 0 0 0 0 0 0
96.7 284.0 2256.6 75 0.3727412522 0.6468530297 -0.6653158069 -0.2807712257 0.7619960308 0.5835491419 0.8844385147 -0.0307113044 0.4656450748
-31.4 133.2 2262.7 0.3727412522 0.6468530297 -0.6653158069 -0.2807712257 0.7619960308 0.5835491419 0.8844385147 -0.0307113044 0.4656450748
-149.5 -20.6 2269.5 0.3894447684 0.6087293029 -0.6912173629 -0.2600897253 0.7926059365 0.5514790416 0.8835644126 -0.0349921025 0.4670004547
-84.5 168.7 2142.2 0.3160274923 0.4291554689 -0.8461396098 0.8813881278 0.1972544044 0.4292384684 0.3511148095 -0.8814285398 -0.3159147203
-165.5 -57.1 2052.2 -0.7433378696 0.4291554689 -0.5131027102 0.6314940453 0.1972544044 -0.7498706579 -0.2205993086 -0.8814285398 -0.4176357985
21.8 97.7 2383.2 -0.2092407644 0.7670294046 -0.6065345407 -0.9769351482 -0.1369403750 0.1638445258 0.0426144972 0.6268278956 0.7779915333
-25.8 -124.4 2392.9 0.2702746987 0.7670294046 -0.5819084644 -0.8170887232 -0.1369403750 -0.5600119829 -0.5092324018 0.6268278956 0.5897195339
-303.2 -148.2 2189.7 0.2812840641 -0.3022877872 -0.9107696414 0.0465542376 0.9522706270 -0.3016842008 0.9584946632 0.0424587689 0.2819313109
-185.8 -517.8 2173.3 0.2812840641 0.1979855895 -0.9389786720 0.0465542376 0.9745180011 0.2194250971 0.9584946632 -0.1054342166 0.2648993134
-231.3 -200.0 2345.2 -0.6193042994 -0.2309299409 -0.7504222393 -0.0652564019 0.9676002860 -0.2439084202 0.7824345231 -0.1020836756 -0.6143086553
-141.7 -575.6 2384.8 -0.5914983749 0.2075458765 -0.7791369557 0.1137615368 0.9781193733 0.1741861552 0.7982405424 0.0143950181 -0.6021667719
42.0 -233.4 2113.8 0 0 0 0 0 0 0 0 0
42.7 -331.6 2263.8 0 0 0 0 0 0 0 0 0
-259.7 -881.5 2212.6 0 0 0 0 0 0 0 0 0
-219.1 -940.5 2379.4 0 0 0 0 0 0 0 0 0
96.5 285.6 2255.3 76 0.3782429099 0.6438536048 -0.6651201844 -0.2748834789 0.7642115951 0.5834549665 0.8839521408 -0.0378571525 0.4660423398
-31.3 133.9 2262.8 0.3782429099 0.6438536048 -0.6651201844 -0.2748834789 0.7642115951 0.5834549665 0.8839521408 -0.0378571525 0.4660423398
-149.8 -19.6 2271.5 0.3946064413 0.6103298068 -0.6868648529 -0.2545939088 0.7908838391 0.5564932227 0.8828746676 -0.0447241999 0.4674741030
-85.2 168.6 2142.3 0.3140736520 0.4103241563 -0.8561494350 0.8844246864 0.2014182955 0.4209794104 0.3451821804 -0.8894182444 -0.2996406257
-165.7 -58.0 2053.8 -0.7607803345 0.4103241563 -0.5028392673 0.6133832932 0.2014182955 -0.7636697888 -0.2120711356 -0.8894182444 -0.4049210548
22.6 99.1 2383.3 -0.2109371722 0.7709628940 -0.6009340286 -0.9761632085 -0.1340049654 0.1707279831 0.0510968044 0.6226225495 0.7808522582
-25.4 -123.0 2395.0 0.2651237547 0.7709628940 -0.5790730119 -0.8213509321 -0.1340049654 -0.5544594526 -0.5050663352 0.6226225495 0.5977032185
-302.6 -151.0 2197.2 0.2933800220 -0.2925131619 -0.9101451635 0.0343890637 0.9546517134 -0.2957320809 0.9553771615 0.0554628484 0.2901349962
-189.1 -521.6 2175.7 0.2933868170 0.1811076254 -0.9386821389 0.0344257206 0.9792531729 0.1996951401 0.9553737640 -0.0909027308 0.2810651958
-232.8 -197.6 2355.3 -0.6079409122 -0.2366123348 -0.7579066157 -0.0846334547 0.9684368372 -0.2344509959 0.7894586921 -0.0783880949 -0.6087777019
-141.0 -573.4 2385.7 -0.5778462887 0.2116984278 -0.7882115841 0.1069885045 0.9770876169 0.1839924753 0.8091026545 0.0219897926 -0.5872557163
46.6 -229.2 2113.0 0 0 0 0 0 0 0 0 0
41.8 -331.3 2266.8 0 0 0 0 0 0 0 0 0
-256.6 -887.0 2209.6 0 0 0 0 0 0 0 0 0
-220.0 -938.0 2377.5 0 0 0 0 0 0 0 0 0
93.3 290.1 2254.1 77 0.4438759089 0.6203743815 -0.6466140747 -0.3074677885 0.7832308412 0.5403823256 0.8416874409 -0.0410496853 0.5384024382
-30.0 134.4 2262.3 0.4438759089 0.6203743815 -0.6466140747 -0.3074677885 0.7832308412 0.5403823256 0.8416874409 -0.0410496853 0.5384024382
-144.9 -21.7 2272.1 0.4605519474 0.5922409892 -0.6611675024 -0.2856381834 0.8041296601 0.5213313103 0.8404181600 -0.0512454547 0.5395101309
-92.7 173.2 2147.9 0.2846288383 0.4112511873 -0.8659439087 0.8896442056 0.2231710851 0.3984065950 0.3570988178 -0.8837800026 -0.3023463190
-166.2 -56.3 2055.8 -0.7688729167 0.4112511873 -0.4895987213 0.6057057381 0.2231710851 -0.7637507319 -0.2048291117 -0.8837800026 -0.4206874073
32.7 95.6 2376.7 -0.1913975179 0.8152048588 -0.5466333032 -0.9813032150 -0.1474303305 0.1237266064 0.0202722084 0.5600939989 0.8281809688
-10.8 -127.6 2381.3 0.2407178879 0.8152048588 -0.5267788172 -0.7933280468 -0.1474303305 -0.5906732678 -0.5591829419 0.5600939989 0.6112357378
-303.6 -150.3 2201.1 0.3454391360 -0.2901431322 -0.8924621940 0.0439961068 0.9549663067 -0.2934342325 0.9374092817 0.0620988011 0.3426479101
-191.0 -521.0 2177.0 0.3412591517 0.1706203371 -0.9243543148 0.0193265211 0.9819062948 0.1883785576 0.9397705197 -0.0821504593 0.3317870200
-232.9 -195.8 2359.2 -0.5624306202 -0.2373530567 -0.7920450568 -0.0785457715 0.9689180255 -0.2345814854 0.8231053352 -0.0697240233 -0.5635921955
-140.8 -571.9 2386.2 -0.5327656269 0.2125718445 -0.8191300631 0.0998398140 0.9769665599 0.1885956675 0.8403527737 0.0186954904 -0.5417172909
48.5 -225.3 2113.0 0 0 0 0 0 0 0 0 0
50.1 -328.4 2239.7 0 0 0 0 0 0 0 0 0
-254.7 -887.4 2207.7 0 0 0 0 0 0 0 0 0
-220.1 -936.6 2379.3 0 0 0 0 0 0 0 0 0
90.7 290.6 2260.1 78 0.4076904953 0.6142235994 -0.6756610274 -0.2852323949 0.7885850072 0.5447716713 0.8674277663 -0.0293778405 0.4966950715
-31.1 134.2 2265.9 0.4076904953 0.6142235994 -0.6756610274 -0.2852323949 0.7885850072 0.5447716713 0.8674277663 -0.0293778405 0.4966950715
-145.7 -22.3 2273.8 0.4226742089 0.5904332399 -0.6875573397 -0.2653982043 0.8060378432 0.5290243030 0.8665508032 -0.0411284603 0.4973913431
-88.7 170.3 2147.9 0.2999758422 0.4105601311 -0.8610777259 0.8850880861 0.2169349492 0.4117745459 0.3558560610 -0.8856520653 -0.2983066440
-165.5 -56.3 2056.7 -0.7775537372 0.4105601311 -0.4762882888 0.5906357765 0.2169349492 -0.7772313952 -0.2157766372 -0.8856520653 -0.4111700952
26.4 98.1 2383.9 -0.1874960214 0.7892871499 -0.5846974254 -0.9817143083 -0.1306398064 0.1384565681 0.0328972340 0.5999658704 0.7993489504
-16.2 -125.2 2391.4 0.2701261938 0.7892871499 -0.5514142513 -0.8035958409 -0.1306398064 -0.5806607604 -0.5303447247 0.5999658704 0.5989786386
-301.0 -152.3 2206.8 0.3136007488 -0.2759691477 -0.9085679054 0.0260890778 0.9589784145 -0.2822759748 0.9491964579 0.0648182631 0.3079361320
-193.8 -524.5 2181.7 0.3130321503 0.1572709680 -0.9366304874 0.0225162059 0.9846880436 0.1728655398 0.9494755864 -0.0752018392 0.3046978414
-218.7 -203.2 2356.8 -0.6001365781 -0.1970461309 -0.7752476335 -0.0606065840 0.9775990248 -0.2015612423 0.7975982428 -0.0739791691 -0.5986352563
-142.3 -582.4 2385.5 -0.5712728500 0.2174969614 -0.7914179564 0.1085791737 0.9758018255 0.1897930056 0.8135464787 0.0224920809 -0.5810647011
51.5 -221.2 2117.0 0 0 0 0 0 0 0 0 0
52.2 -328.8 2257.0 0 0 0 0 0 0 0 0 0
-252.5 -892.0 2209.7 0 0 0 0 0 0 0 0 0
-223.4 -946.6 2377.1 0 0 0 0 0 0 0 0 0
93.3 295.6 2256.5 79 0.4319475889 0.6233906746 -0.6517708898 -0.2992946506 0.7807909846 0.5484415293 0.8507902026 -0.0418264419 0.5238382816
-30.2 141.0 2264.8 0.4319475889 0.6233906746 -0.6517708898 -0.2992946506 0.7807909846 0.5484415293 0.8507902026 -0.0418264419 0.5238382816
-146.7 -13.9 2274.2 0.4446142912 0.6006512046 -0.6644819379 -0.2829565406 0.7980365753 0.5320461988 0.8498551250 -0.0485358499 0.5247766376
-90.8 179.6 2148.9 0.2962731123 0.4039869905 -0.8654575348 0.8881888390 0.2166605890 0.4051897526 0.3512019217 -0.8887366056 -0.2946260273
-168.9 -54.8 2056.2 -0.7908279300 0.4039869905 -0.4597670138 0.5710259676 0.2166605890 -0.7918254733 -0.2202737778 -0.8887366056 -0.4020282924
30.4 102.4 2380.7 -0.2003868818 0.8051696420 -0.5581638813 -0.9793668985 -0.1494011134 0.1360873431 0.0261830855 0.5739173293 0.8184945583
-15.1 -120.5 2386.6 0.2427377254 0.8051696420 -0.5410916805 -0.7999452353 -0.1494011134 -0.5811771750 -0.5487859249 0.5739173293 0.6078263521
-298.0 -155.0 2204.3 0.3319256902 -0.2681545317 -0.9043884277 0.0469032414 0.9622496963 -0.2680963278 0.9421387315 0.0465693101 0.3319727182
-193.9 -528.5 2186.2 0.3237233758 0.1699278057 -0.9307672977 -0.0030066245 0.9839197397 0.1785860062 0.9461470246 -0.0550139956 0.3190287054
-222.4 -202.4 2359.1 -0.5762530565 -0.2000893503 -0.7923992872 -0.0650271028 0.9777184129 -0.1995950490 0.8146802187 -0.0634898245 -0.5764244795
-144.8 -581.8 2383.7 -0.5494140983 0.2069770396 -0.8095089197 0.0996294469 0.9781493545 0.1824768484 0.8295891285 0.0196044259 -0.5580300689
51.8 -214.2 2117.7 0 0 0 0 0 0 0 0 0
46.4 -323.2 2247.5 0 0 0 0 0 0 0 0 0
-257.3 -895.7 2206.7 0 0 0 0 0 0 0 0 0
-222.1 -946.9 2376.4 0 0 0 0 0 0 0 0 0
84.0 296.7 2274.7 80 0.4192238748 0.5988771915 -0.6823469996 -0.3468168676 0.8002194166 0.4892514050 0.8390288353 0.0315435939 0.5431718230
-32.8 140.7 2268.6 0.4192238748 0.5988771915 -0.6823469996 -0.3468168676 0.8002194166 0.4892514050 0.8390288353 0.0315435939 0.5431718230
-145.4 -16.7 2264.7 0.4320675135 0.5815656781 -0.6892743111 -0.3292616308 0.8132620454 0.4797828794 0.8395858407 0.0196529850 0.5428713560
-91.8 185.6 2154.2 0.2983767390 0.4206219018 -0.8567663431 0.8810380697 0.2238521725 0.4167278409 0.3670738637 -0.8791856766 -0.3037916124
-172.0 -51.2 2055.6 -0.7877314091 0.4206219018 -0.4500626922 0.5708567500 0.2238521725 -0.7899447680 -0.2315205634 -0.8791856766 -0.4164502323
26.3 95.8 2382.9 -0.1758561879 0.7950417995 -0.5805024505 -0.9834208488 -0.1683893204 0.0672935769 -0.0442492180 0.5827122331 0.8114730120
-13.6 -127.4 2372.9 0.2760550678 0.7950417995 -0.5400945544 -0.7549768090 -0.1683893204 -0.6337625980 -0.5948139429 0.5827122331 0.5537533760
-302.7 -143.8 2206.8 0.2950392365 -0.2829679549 -0.9126231074 0.0376177356 0.9578406215 -0.2848267555 0.9547443390 0.0497042537 0.2932451665
-192.9 -515.2 2187.6 0.2866387069 0.1663867384 -0.9434795976 -0.0145327058 0.9854449630 0.1693723351 0.9579285383 -0.0348373577 0.2848847210
-223.0 -195.6 2357.1 -0.6071899533 -0.1912377030 -0.7711994052 -0.0655626431 0.9793522358 -0.1912347078 0.7918471098 -0.0655539259 -0.6071909070
-149.0 -574.4 2382.5 -0.5861819386 0.1753914505 -0.7909668684 0.0995814502 0.9844808578 0.1445024759 0.8040362597 0.0059391069 -0.5945506096
47.9 -210.6 2120.2 0 0 0 0 0 0 0 0 0
56.2 -318.4 2222.4 0 0 0 0 0 0 0 0 0
-255.0 -882.9 2200.6 0 0 0 0 0 0 0 0 0
-214.4 -941.7 2380.2 0 0 0 0 0 0 0 0 0
85.8 297.3 2270.4 81 0.4340855181 0.6085745096 -0.6642339826 -0.3469607234 0.7933843732 0.5001594424 0.8313772082 0.0133511266 0.5555481315
-33.7 141.6 2267.7 0.4340855181 0.6085745096 -0.6642339826 -0.3469607234 0.7933843732 0.5001594424 0.8313772082 0.0133511266 0.5555481315
-147.3 -15.4 2266.4 0.4467146993 0.5860245824 -0.6760333776 -0.3300071061 0.8102651834 0.4843197167 0.8315896392 0.0067430860 0.5553496480
-94.7 186.7 2154.3 0.2985925376 0.4321779907 -0.8509199023 0.8792028427 0.2222865969 0.4214154482 0.3712745607 -0.8739627004 -0.3135990202
-174.1 -47.2 2055.5 -0.7806518674 0.4321779907 -0.4514474571 0.5773863792 0.2222865969 -0.7856294513 -0.2391810417 -0.8739627004 -0.4230621457
27.4 96.6 2381.2 -0.1817529947 0.8056577444 -0.5638097525 -0.9825720787 -0.1715106517 0.0716669858 -0.0389603153 0.5670094490 0.8227893710
-13.9 -126.8 2372.3 0.2602503598 0.8056577444 -0.5321516395 -0.7573726773 -0.1715106517 -0.6300560832 -0.5988792181 0.5670094490 0.5655474663
-296.7 -144.7 2185.5 0.3004476428 -0.2620091736 -0.9171054363 0.0856705233 0.9650564194 -0.2476423234 0.9499430656 -0.0041653533 0.3123953938
-195.2 -518.5 2187.1 0.2869139314 0.1557522416 -0.9452098608 -0.0084071504 0.9870654345 0.1600972861 0.9579194784 -0.0379876234 0.2845122814
-219.1 -204.2 2334.6 -0.6009660959 -0.1820644736 -0.7782623172 -0.0130314706 0.9758134484 -0.2182162404 0.7991682887 -0.1209986657 -0.5888033509
-148.7 -581.8 2381.4 -0.5814737678 0.1849369258 -0.7922667861 0.1193001717 0.9826765060 0.1418250203 0.8047706485 -0.0120500335 -0.5934635997
43.8 -208.4 2122.3 0 0 0 0 0 0 0 0 0
52.0 -318.7 2220.6 0 0 0 0 0 0 0 0 0
-253.3 -886.9 2201.3 0 0 0 0 0 0 0 0 0
-217.7 -948.4 2385.9 0 0 0 0 0 0 0 0 0
84.8 297.2 2268.7 82 0.4356999993 0.6089613438 -0.6628209352 -0.3381534815 0.7931922674 0.5064564943 0.8341568708 0.0034720963 0.5515162945
-35.3 140.8 2268.0 0.4356999993 0.6089613438 -0.6628209352 -0.3381534815 0.7931922674 0.5064564943 0.8341568708 0.0034720963 0.5515162945
-148.6 -16.6 2268.8 0.4498666227 0.5839064121 -0.6757760644 -0.3190923333 0.8118092418 0.4890253544 0.8341463208 -0.0043612230 0.5515259504
-96.8 184.4 2154.1 0.2953029275 0.4434340596 -0.8462638259 0.8780473471 0.2231896222 0.4233429730 0.3766019940 -0.8680741191 -0.3234475255
-174.3 -46.1 2055.3 -0.7687590718 0.4434340596 -0.4608424008 0.5926678777 0.2231896222 -0.7739064693 -0.2403212339 -0.8680741191 -0.4343881607
26.2 97.2 2381.8 -0.1793038696 0.8077273369 -0.5616285801 -0.9834225178 -0.1628396809 0.0797705278 -0.0270225760 0.5666213632 0.8235350847
-14.6 -126.4 2375.7 0.2605591416 0.8077273369 -0.5288529396 -0.7635384202 -0.1628396809 -0.6248938441 -0.5908620954 0.5666213632 0.5743014812
-300.9 -143.0 2190.5 0.3068465590 -0.2698318660 -0.9127080441 0.0830827057 0.9629029632 -0.2567395568 0.9481257796 0.0029493922 0.3178817928
-196.2 -516.4 2189.4 0.2936985791 0.1484586000 -0.9442993402 -0.0139560904 0.9884267449 0.1510554552 0.9557961822 -0.0311860461 0.2923714221
-220.8 -202.4 2338.8 -0.5952809453 -0.1733175516 -0.7846028805 -0.0240498781 0.9798656702 -0.1982040852 0.8031576276 -0.0991175026 -0.5874636173
-153.6 -582.0 2377.2 -0.5790430903 0.1565861851 -0.8001186848 0.1155503094 0.9872384071 0.1095828563 0.8070670962 -0.0290007703 -0.5897471309
40.3 -211.5 2122.4 0 0 0 0 0 0 0 0 0
51.5 -320.1 2225.8 0 0 0 0 0 0 0 0 0
-251.6 -885.3 2201.0 0 0 0 0 0 0 0 0 0
-212.0 -950.3 2388.1 0 0 0 0 0 0 0 0 0
84.3 298.3 2273.3 83 0.3969587088 0.6030768752 -0.6918974519 -0.3144258857 0.7975738645 0.5147934556 0.8622993231 0.0131987082 0.5062268376
-34.0 141.9 2270.7 0.3969587088 0.6030768752 -0.6918974519 -0.3144258857 0.7975738645 0.5147934556 0.8622993231 0.0131987082 0.5062268376
-146.8 -16.0 2270.3 0.4105339050 0.5816711783 -0.7022254467 -0.2959666252 0.8134208918 0.5007496476 0.8624764681 0.0022605862 0.5060920715
-90.0 182.2 2153.1 0.3146610856 0.4474209249 -0.8371397257 0.8744410872 0.2064397931 0.4390164018 0.3692440689 -0.8701707721 -0.3262846768
-173.0 -48.4 2055.7 -0.7562124729 0.4474209249 -0.4774486721 0.6067779064 0.2064397931 -0.7675957084 -0.2448739856 -0.8701707721 -0.4275974929
22.0 101.5 2388.3 -0.1761066765 0.7802688479 -0.6001391411 -0.9843207002 -0.1457546353 0.0993397087 -0.0099613899 0.6082237959 0.7937030792
-18.0 -122.5 2386.1 0.2894431949 0.7802688479 -0.5544395447 -0.7779158950 -0.1457546353 -0.6112303138 -0.5577360988 0.6082237959 0.5647957921
-302.1 -145.6 2194.9 0.2752265930 -0.2778029442 -0.9203672409 0.0601237826 0.9604400992 -0.2719191015 0.9594975114 0.0195034035 0.2810412049
-194.3 -518.2 2187.3 0.2674607635 0.1581501365 -0.9505016208 0.0095233656 0.9859567285 0.1667291522 0.9635217190 -0.0536454804 0.2621986270
-221.5 -202.9 2344.0 -0.6295834184 -0.1766003519 -0.7565956712 -0.0224713404 0.9775554538 -0.2094765455 0.7766078115 -0.1148812547 -0.6194211841
-153.0 -582.0 2388.6 -0.6169498563 0.1590330601 -0.7707667351 0.0747766197 0.9867848158 0.1437503397 0.7834419608 0.0310514160 -0.6206887364
38.1 -217.8 2124.1 0 0 0 0 0 0 0 0 0
55.3 -319.6 2244.7 0 0 0 0 0 0 0 0 0
-253.4 -886.1 2207.3 0 0 0 0 0 0 0 0 0
-212.2 -949.5 2377.0 0 0 0 0 0 0 0 0 0
84.8 295.7 2283.1 84 0.4045974612 0.6023499966 -0.6880954504 -0.3514944017 0.7970633507 0.4910617769 0.8442467451 0.0431793667 0.5342124701
-33.5 139.2 2274.7 0.4045974612 0.6023499966 -0.6880954504 -0.3514944017 0.7970633507 0.4910617769 0.8442467451 0.0431793667 0.5342124701
-145.9 -18.8 2269.1 0.4209353924 0.5791711211 -0.6981219053 -0.3292072117 0.8146942854 0.4773843288 0.8452431560 0.0288787950 0.5336009860
-91.0 184.1 2159.4 0.3058191836 0.4598807991 -0.8336571455 0.8712498546 0.2179088295 0.4398174882 0.3839248717 -0.8608283401 -0.3340303600
-173.3 -50.3 2056.1 -0.7466025949 0.4598807991 -0.4807225764 0.6196984649 0.2179088295 -0.7539824843 -0.2419883609 -0.8608283401 -0.4476787150
24.0 94.3 2389.9 -0.1733292341 0.7872275710 -0.5918020606 -0.9836921692 -0.1676854193 0.0650488213 -0.0480283462 0.5934259295 0.8034543991
-15.5 -129.3 2379.0 0.2858701646 0.7872275710 -0.5463981628 -0.7534332275 -0.1676854193 -0.6357830167 -0.5921289325 0.5934259295 0.5451871753
-296.4 -147.4 2192.7 0.2751273215 -0.2655591965 -0.9240039587 0.0591135435 0.9639489055 -0.2594380081 0.9595887661 0.0167573374 0.2809068263
-193.3 -521.4 2186.2 0.2672781646 0.1706974953 -0.9483800530 0.0121447109 0.9835104346 0.1804432422 0.9635428786 -0.0597463399 0.2607977986
-222.9 -200.4 2346.8 -0.6263483763 -0.1798948795 -0.7585021257 -0.0265179928 0.9773622155 -0.2099044323 0.7790920734 -0.1113593504 -0.6169397235
-153.1 -579.7 2390.1 -0.6148555279 0.1573695093 -0.7727791071 0.0608099252 0.9864316583 0.1524949968 0.7862918377 0.0467697568 -0.6160826087
35.2 -223.3 2123.6 0 0 0 0 0 0 0 0 0
57.0 -320.3 2229.0 0 0 0 0 0 0 0 0 0
-257.0 -888.5 2208.5 0 0 0 0 0 0 0 0 0
-211.8 -947.5 2372.6 0 0 0 0 0 0 0 0 0
84.7 293.1 2282.1 85 0.4095157087 0.5987302661 -0.6883450747 -0.3496870697 0.7999020219 0.4877250791 0.8426243663 0.0409742892 0.5369406343
-32.7 136.3 2274.0 0.4095157087 0.5987302661 -0.6883450747 -0.3496870697 0.7999020219 0.4877250791 0.8426243663 0.0409742892 0.5369406343
-143.8 -22.7 2268.1 0.4251678884 0.5722830892 -0.7012305856 -0.3280415833 0.8194982409 0.4699056745 0.8435763121 0.0302439816 0.5361570120
-90.7 181.1 2158.9 0.3106370568 0.4649707377 -0.8290396929 0.8707171082 0.2106382549 0.4443908334 0.3812561929 -0.8599033356 -0.3394259214
-173.9 -51.9 2056.9 -0.7282825112 0.4649707377 -0.5033953190 0.6432741880 0.2106382549 -0.7360908985 -0.2362264246 -0.8599033356 -0.4525078237
25.4 91.5 2389.2 -0.1647832841 0.7898093462 -0.5908025503 -0.9850311279 -0.1625052691 0.0574954897 -0.0505980439 0.5914331675 0.8047649264
-12.1 -132.6 2377.7 0.2913160622 0.7898093462 -0.5397555828 -0.7491722703 -0.1625052691 -0.6421315670 -0.5948746204 0.5914331675 0.5443629026
-296.0 -147.4 2187.8 0.2735666633 -0.2655285299 -0.9244760275 0.0683350265 0.9640772343 -0.2566814423 0.9594225287 0.0070453947 0.2818843126
-193.0 -521.5 2185.1 0.2655043900 0.1699842513 -0.9490061998 0.0198586546 0.9831612706 0.1816579252 0.9639050961 -0.0670769662 0.2576579750
-220.7 -206.3 2339.0 -0.6228985786 -0.1784947962 -0.7616671920 -0.0439953245 0.9800742269 -0.1936981380 0.7810645103 -0.0871445015 -0.6183397770
-151.4 -586.6 2372.8 -0.6009612679 0.1755512804 -0.7797610164 0.1377201229 0.9837335944 0.1153317690 0.7873237729 -0.0380788557 -0.6153627634
29.4 -231.4 2122.8 0 0 0 0 0 0 0 0 0
61.8 -322.6 2226.8 0 0 0 0 0 0 0 0 0
-256.4 -888.5 2210.1 0 0 0 0 0 0 0 0 0
-216.6 -952.2 2386.9 0 0 0 0 0 0 0 0 0
91.7 289.3 2280.5 86 0.4131224453 0.6222259998 -0.6649546027 -0.3659881055 0.7820558548 0.5044217706 0.8338959813 0.0349775292 0.5508121848
-29.7 136.6 2273.7 0.4131224453 0.6222259998 -0.6649546027 -0.3659881055 0.7820558548 0.5044217706 0.8338959813 0.0349775292 0.5508121848
-144.9 -19.5 2269.0 0.4306973517 0.5934703350 -0.6799211502 -0.3430520594 0.8044856787 0.4848897755 0.8347545266 0.0244076028 0.5500810742
-88.5 183.4 2159.7 0.3081728220 0.4485131502 -0.8389669061 0.8756641150 0.2109339088 0.4344182312 0.3718088567 -0.8685291409 -0.3277427852
-172.6 -55.5 2058.3 -0.7310735583 0.4485131502 -0.5141667724 0.6456059217 0.2109339088 -0.7339618206 -0.2207363099 -0.8685291409 -0.4437709153
29.1 89.7 2387.7 -0.1906204075 0.7953715920 -0.5753676295 -0.9802753925 -0.1853897870 0.0684896410 -0.0521925651 0.5770742297 0.8150222301
-14.3 -133.3 2375.8 0.2621204555 0.7953715920 -0.5465133786 -0.7532394528 -0.1853897870 -0.6310791969 -0.6032604575 0.5770742297 0.5505108237
-292.9 -152.4 2186.8 0.2879408598 -0.2607674301 -0.9214610457 0.0691922083 0.9653626680 -0.2515698969 0.9551452994 0.0086793331 0.2960104346
-191.7 -527.1 2183.4 0.2789294422 0.1867854595 -0.9419711232 0.0201208815 0.9795494676 0.2001949847 0.9601007700 -0.0747935697 0.2694669068
-216.8 -211.1 2337.7 -0.6143252850 -0.1725035906 -0.7699655294 -0.0101351505 0.9774544239 -0.2109030932 0.7889877558 -0.1217593923 -0.6022233367
-149.8 -590.3 2385.0 -0.5975129604 0.1875448227 -0.7796186209 0.0969152004 0.9820268750 0.1619586498 0.7959809303 0.0212155022 -0.6049497724
31.5 -235.7 2119.9 0 0 0 0 0 0 0 0 0
52.2 -324.3 2222.8 0 0 0 0 0 0 0 0 0
-261.4 -892.7 2211.3 0 0 0 0 0 0 0 0 0
-219.6 -955.4 2377.1 0 0 0 0 0 0 0 0 0
95.2 287.0 2279.7 87 0.3981925547 0.6285388470 -0.6681180000 -0.3528882861 0.7772612572 0.5208981037 0.8467068672 0.0283532813 0.5313036442
-28.6 133.9 2274.2 0.3981925547 0.6285388470 -0.6681180000 -0.3528882861 0.7772612572 0.5208981037 0.8467068672 0.0283532813 0.5313036442
-145.4 -21.0 2270.5 0.4142015576 0.6019663811 -0.6826958060 -0.3323900998 0.7982978225 0.5022323728 0.8473215699 0.0188958813 0.5307438970
-85.2 179.2 2158.4 0.3175936937 0.4503650367 -0.8344492912 0.8709208369 0.2094846070 0.4445369244 0.3750081658 -0.8679214120 -0.3257012963
-170.5 -54.8 2057.7 -0.7331703901 0.4503650367 -0.5095415115 0.6415340900 0.2094846070 -0.7379364371 -0.2255996764 -0.8679214120 -0.4425124228
28.0 88.5 2389.9 -0.2007862031 0.7843967676 -0.5868616700 -0.9789161086 -0.1835992038 0.0895240381 -0.0375249647 0.5924634933 0.8047228456
-17.7 -134.2 2381.3 0.2626614869 0.7843967676 -0.5618991256 -0.7669898272 -0.1835992038 -0.6148316264 -0.5854361653 0.5924634933 0.5533999205
-298.6 -144.9 2189.5 0.2799380124 -0.2783993483 -0.9187646508 0.0627577156 0.9602882862 -0.2718600035 0.9579645991 0.0184443761 0.2862929106
-190.5 -517.6 2182.4 0.2726424932 0.1831949055 -0.9445134997 0.0225090720 0.9802217484 0.1966182142 0.9618520737 -0.0748666003 0.2631265521
-221.5 -206.3 2339.0 -0.6240025163 -0.1855479777 -0.7590736151 -0.0016234271 0.9717057347 -0.2361892164 0.7814206481 -0.1461503655 -0.6066480875
-149.5 -583.3 2395.7 -0.6144882441 0.1846713871 -0.7670075893 0.0542286113 0.9798050523 0.1924610883 0.7870600224 0.0766713247 -0.6120932102
34.2 -233.9 2120.6 0 0 0 0 0 0 0 0 0
48.9 -328.8 2232.8 0 0 0 0 0 0 0 0 0
-258.9 -883.5 2210.3 0 0 0 0 0 0 0 0 0
-218.2 -947.7 2367.2 0 0 0 0 0 0 0 0 0
98.3 286.7 2279.9 88 0.3991824090 0.6385083795 -0.6579973102 -0.3550283611 0.7693121433 0.5311437845 0.8453450799 0.0215844288 0.5337844491
-27.8 134.8 2275.6 0.3991824090 0.6385083795 -0.6579973102 -0.3550283611 0.7693121433 0.5311437845 0.8453450799 0.0215844288 0.5337844491
-146.9 -18.4 2273.2 0.4146692157 0.6136762500 -0.6719009876 -0.3357497752 0.7894585133 0.5138359070 0.8457668424 0.0125186825 0.5334057808
-84.4 180.7 2160.1 0.3149235845 0.4395312071 -0.8412107229 0.8715089560 0.2171034068 0.4397025108 0.3758926988 -0.8715953231 -0.3146843910
-169.4 -54.5 2058.6 -0.7417535186 0.4395312071 -0.5065708756 0.6349750757 0.2171034068 -0.7413991690 -0.2158898264 -0.8715953231 -0.4401285648
28.9 89.0 2391.1 -0.2151894718 0.7854259610 -0.5803443193 -0.9760125875 -0.1930886656 0.1005795375 -0.0330601372 0.5880670547 0.8081362247
-20.1 -133.1 2383.6 0.2477786541 0.7854259610 -0.5671964288 -0.7725594044 -0.1930886656 -0.6048707962 -0.5846004486 0.5880670547 0.5589449406
-299.4 -146.2 2190.9 0.2878786325 -0.2817595601 -0.9152799845 0.0582175292 0.9591206312 -0.2769445777 0.9558957219 0.0264410917 0.2925136983
-190.0 -518.5 2180.7 0.2837689817 0.1763432175 -0.9425382018 0.0349341705 0.9803906083 0.1939427853 0.9582561255 -0.0879617333 0.2720440626
-225.2 -205.7 2342.7 -0.6114525199 -0.2060999721 -0.7639690042 -0.0287594255 0.9706341624 -0.2388351560 0.7907583117 -0.1240650490 -0.5994240046
-145.2 -582.2 2390.8 -0.5908660293 0.2042546570 -0.7804853320 0.0918732956 0.9781622887 0.1864345074 0.8015214205 0.0384520590 -0.5967284441
37.7 -231.8 2118.9 0 0 0 0 0 0 0 0 0
42.8 -329.2 2235.3 0 0 0 0 0 0 0 0 0
-255.8 -884.4 2213.5 0 0 0 0 0 0 0 0 0
-221.3 -946.4 2376.5 0 0 0 0 0 0 0 0 0
96.0 284.3 2279.4 89 0.3963237405 0.6307022572 -0.6671897769 -0.3292363584 0.7759981751 0.5379872322 0.8570477962 0.0064460062 0.5151966214
-28.5 131.0 2278.1 0.3963237405 0.6307022572 -0.6671897769 -0.3292363584 0.7759981751 0.5379872322 0.8570477962 0.0064460062 0.5151966214
-145.2 -24.0 2279.6 0.4154919684 0.6009913683 -0.6827706695 -0.3047220111 0.7992231250 0.5180607438 0.8570361137 -0.0071947998 0.5152060986
-85.2 172.6 2161.1 0.3102360666 0.4301930368 -0.8477544188 0.8715190887 0.2275159210 0.4343857169 0.3797473311 -0.8735963106 -0.3043377995
-166.4 -55.3 2061.8 -0.7488912940 0.4301930368 -0.5040791631 0.6303086877 0.2275159210 -0.7422583103 -0.2046283334 -0.8735963106 -0.4415391088
28.2 89.4 2395.2 -0.1995771229 0.7851549387 -0.5862599015 -0.9798637629 -0.1635778844 0.1144959852 -0.0060020671 0.5973055959 0.8019912839
-17.2 -133.5 2393.8 0.2632954121 0.7851549387 -0.5605419278 -0.7848079801 -0.1635778844 -0.5977613926 -0.5610275865 0.5973055959 0.5731265545
-303.1 -141.5 2195.0 0.2921078801 -0.2981956899 -0.9087091684 0.0573754311 0.9539021254 -0.2945823669 0.9546627998 0.0339122489 0.2957514226
-187.4 -511.8 2181.8 0.2852163911 0.1851494312 -0.9404101968 0.0198094361 0.9798163772 0.1989157796 0.9582583904 -0.0753630325 0.2757919729
-228.8 -201.7 2346.5 -0.6118222475 -0.2074151635 -0.7633167505 -0.0305770375 0.9704884291 -0.2392012328 0.7904040813 -0.1230086684 -0.6001085639
-148.3 -578.3 2394.2 -0.5976088643 0.1816364229 -0.7809429169 0.0602604859 0.9814221859 0.1821513623 0.7995200157 0.0617952757 -0.5974521637
42.7 -231.3 2118.9 0 0 0 0 0 0 0 0 0
49.6 -332.6 2251.5 0 0 0 0 0 0 0 0 0
-256.5 -877.5 2209.9 0 0 0 0 0 0 0 0 0
-216.0 -944.0 2371.2 0 0 0 0 0 0 0 0 0
92.8 284.2 2274.7 90 0.4142447710 0.6205186248 -0.6658512354 -0.3135964870 0.7840828896 0.5356036425 0.8544346094 -0.0130623905 0.5193946958
-29.6 129.5 2277.3 0.4142447710 0.6205186248 -0.6658512354 -0.3135964870 0.7840828896 0.5356036425 0.8544346094 -0.0130623905 0.5193946958
-143.9 -27.1 2282.3 0.4329456687 0.5894992948 -0.6819447875 -0.2890006304 0.8073618412 0.5144370198 0.8538364172 -0.0256408229 0.5199095011
-88.7 169.0 2160.7 0.2549890578 0.4446986318 -0.8586173058 0.8876003027 0.2446196526 0.3902907670 0.3835964203 -0.8616288900 -0.3323393166
-155.0 -61.9 2060.9 -0.7571579814 0.4446986318 -0.4784923196 0.6165811419 0.2446196526 -0.7483240366 -0.2157300562 -0.8616288900 -0.4594085217
29.6 90.1 2393.9 -0.1856466681 0.7965604067 -0.5753493309 -0.9825834036 -0.1456781030 0.1153593436 0.0080748918 0.5867447853 0.8097316623
-12.7 -133.4 2395.7 0.2656141818 0.7965604067 -0.5430843830 -0.7875139117 -0.1456781030 -0.5988319516 -0.5561212897 0.5867447853 0.5886082649
-299.0 -151.8 2204.3 0.3155827522 -0.2784034014 -0.9071378112 0.0414189398 0.9591212273 -0.2799481153 0.9479936957 0.0507741049 0.3142133057
-191.0 -524.0 2184.6 0.3097870052 0.1772278994 -0.9341425300 0.0083377762 0.9819302559 0.1890593469 0.9507694244 -0.0663568005 0.3027115762
-224.6 -206.4 2357.7 -0.5963426828 -0.2013416439 -0.7770694494 -0.0422529541 0.9745646119 -0.2200874239 0.8016171455 -0.0984140486 -0.5896818042
-146.5 -584.5 2395.9 -0.5793605447 0.1998213232 -0.7901979685 0.0550447442 0.9768618941 0.2066660523 0.8132105470 0.0762379095 -0.5769543648
56.4 -234.0 2121.1 0 0 0 0 0 0 0 0 0
54.7 -333.3 2254.6 0 0 0 0 0 0 0 0 0
-257.1 -890.5 2209.3 0 0 0 0 0 0 0 0 0
-221.0 -948.8 2367.5 0 0 0 0 0 0 0 0 0
91.3 285.1 2263.8 91 0.4374590814 0.6182491183 -0.6529912949 -0.3105679154 0.7853521705 0.5355086923 0.8439058661 -0.0314649753 0.5355677605
-30.0 131.1 2270.0 0.4374590814 0.6182491183 -0.6529912949 -0.3105679154 0.7853521705 0.5355086923 0.8439058661 -0.0314649753 0.5355677605
-143.1 -26.3 2278.7 0.4582015574 0.5833184719 -0.6706644893 -0.2830102146 0.8110066652 0.5120286942 0.8425891995 -0.0448074378 0.5366896391
-92.5 169.7 2155.0 0.2089403272 0.4249118567 -0.8807916045 0.9112119675 0.2423782498 0.3330848217 0.3550164402 -0.8721827269 -0.3365421891
-146.6 -66.0 2063.1 -0.7671325803 0.4249118567 -0.4805803597 0.6079205275 0.2423782498 -0.7560988069 -0.2047931254 -0.8721827269 -0.4442489147
32.6 92.4 2385.0 -0.1788631529 0.8134030700 -0.5535191298 -0.9837329984 -0.1383283138 0.1146065518 0.0166539494 0.5650139451 0.8249132633
-8.1 -131.4 2388.8 0.2551737130 0.8134030700 -0.5227445364 -0.7880200744 -0.1383283138 -0.5999080539 -0.5602774024 0.5650139451 0.6056801677
-297.1 -157.9 2210.8 0.3444053531 -0.2627732754 -0.9012963772 0.0362220667 0.9630344510 -0.2669317722 0.9381220341 0.0592859164 0.3411924243
-195.1 -531.6 2187.8 0.3373867273 0.1643018275 -0.9269169569 -0.0078965742 0.9851102233 0.1717426777 0.9413329959 -0.0506242327 0.3336605430
-219.6 -209.6 2363.7 -0.5717689395 -0.1806709319 -0.8002738953 -0.0527628958 0.9815289378 -0.1838939935 0.8187162876 -0.0629201159 -0.5707405210
-149.5 -590.2 2388.1 -0.5498635769 0.1895535737 -0.8134614229 0.0926934928 0.9817410707 0.1661095917 0.8300951719 0.0159350298 -0.5573940277
67.6 -235.7 2120.3 0 0 0 0 0 0 0 0 0
56.6 -331.4 2246.6 0 0 0 0 0 0 0 0 0
-256.4 -899.2 2206.7 0 0 0 0 0 0 0 0 0
-220.1 -955.8 2382.2 0 0 0 0 0 0 0 0 0
95.3 287.2 2270.9 92 0.4146211743 0.6198037863 -0.6662825942 -0.3062003553 0.7845128775 0.5392410159 0.8569309115 -0.0195647720 0.5150598288
-26.6 132.9 2274.7 0.4146211743 0.6198037863 -0.6662825942 -0.3062003553 0.7845128775 0.5392410159 0.8569309115 -0.0195647720 0.5150598288
-140.4 -24.1 2281.2 0.4345668256 0.5866839290 -0.6833400726 -0.2798542678 0.8091306686 0.5167099237 0.8560568094 -0.0333093591 0.5158073306
-85.9 171.1 2157.9 0.2027782202 0.4213843644 -0.8839209080 0.9126657248 0.2457853705 0.3265437484 0.3548552692 -0.8729403019 -0.3347431719
-139.6 -70.3 2064.0 -0.7758769989 0.4213843644 -0.4695211649 0.5960610509 0.2457853705 -0.7643956542 -0.2067029625 -0.8729403019 -0.4418700337
32.7 94.7 2391.6 -0.1821887791 0.7975271344 -0.5751153827 -0.9831176996 -0.1376764178 0.1205190048 0.0169373564 0.5873633027 0.8091461658
-8.7 -129.1 2395.5 0.2677038908 0.7975271344 -0.5406339169 -0.7917409539 -0.1376764178 -0.5951398611 -0.5490727425 0.5873633027 0.5945783854
-297.3 -158.3 2211.9 0.3231825829 -0.2635381222 -0.9089007974 0.0255036615 0.9625179768 -0.2700160742 0.9459928870 0.0640841946 0.3177902400
-195.0 -532.0 2187.1 0.3176614642 0.1758499295 -0.9317553043 -0.0062923371 0.9830219150 0.1833802313 0.9481832981 -0.0523899123 0.3133746684
-215.3 -209.0 2362.8 -0.5954664946 -0.1711567938 -0.7849363089 -0.0369419903 0.9818422198 -0.1860676408 0.8025303483 -0.0817999393 -0.5909770131
-148.9 -589.9 2394.5 -0.5787644982 0.1932777017 -0.7922596931 0.0633155853 0.9792254567 0.1926358789 0.8130331039 0.0613284260 -0.5789784193
77.0 -236.7 2121.7 0 0 0 0 0 0 0 0 0
59.2 -330.0 2256.1 0 0 0 0 0 0 0 0 0
-260.6 -898.9 2206.6 0 0 0 0 0 0 0 0 0
-220.9 -954.6 2371.7 0 0 0 0 0 0 0 0 0
88.4 288.0 2281.9 93 0.4296862185 0.5924478173 -0.6814509034 -0.3305730522 0.8054883480 0.4918434322 0.8402923346 0.0139309643 0.5419545174
-28.2 129.5 2279.2 0.4296862185 0.5924478173 -0.6814509034 -0.3305730522 0.8054883480 0.4918434322 0.8402923346 0.0139309643 0.5419545174
-138.3 -30.2 2279.9 0.4481137693 0.5672663450 -0.6909435391 -0.3046884835 0.8235251307 0.4785094261 0.8404516578 -0.0039041224 0.5418724418
-89.4 171.0 2164.5 0.1879762560 0.4323812425 -0.8818794489 0.9062598348 0.2697770596 0.3254434168 0.3786264658 -0.8603875637 -0.3411380947
-139.4 -69.8 2063.9 -0.7861822844 0.4323812425 -0.4415470958 0.5800493956 0.2697770596 -0.7686111331 -0.2132137716 -0.8603875637 -0.4628964067
33.0 87.9 2393.9 -0.1592708379 0.8053035140 -0.5710683465 -0.9869717956 -0.1432400495 0.0732733980 -0.0227925293 0.5752986670 0.8176258206
-3.2 -136.5 2388.7 0.2814795971 0.8053035140 -0.5217810869 -0.7616536617 -0.1432400495 -0.6319540739 -0.5836548209 0.5752986670 0.5730432272
-293.2 -156.1 2211.0 0.3177143931 -0.2595513761 -0.9119707346 0.0384172462 0.9645392299 -0.2611287236 0.9474079013 0.0479289517 0.3164192438
-192.4 -530.5 2192.4 0.3043438792 0.1934949458 -0.9327027798 -0.0335948206 0.9807227254 0.1924948841 0.9519696236 -0.0272506587 0.3049773872
-215.3 -206.3 2364.3 -0.5948370695 -0.1692963243 -0.7858165503 -0.0460282825 0.9831401110 -0.1769658476 0.8025274277 -0.0690960586 -0.5926005840
-149.6 -587.8 2391.1 -0.5756953955 0.1895374358 -0.7953932285 0.0769027695 0.9810017347 0.1781055927 0.8140398264 0.0413666256 -0.5793340802
80.1 -231.7 2123.4 0 0 0 0 0 0 0 0 0
68.2 -329.6 2240.7 0 0 0 0 0 0 0 0 0
-264.6 -896.4 2202.6 0 0 0 0 0 0 0 0 0
-220.3 -953.5 2375.7 0 0 0 0 0 0 0 0 0
88.5 291.5 2287.0 94 0.4276654124 0.5955744982 -0.6799950600 -0.3468530774 0.8027962446 0.4849857092 0.8347426057 0.0284467656 0.5499050617
-29.0 133.0 2281.3 0.4276654124 0.5955744982 -0.6799950600 -0.3468530774 0.8027962446 0.4849857092 0.8347426057 0.0284467656 0.5499050617
-139.7 -26.4 2278.8 0.4453657568 0.5701755285 -0.6903254390 -0.3221915066 0.8214226961 0.4705926180 0.8353693485 0.0128311552 0.5495392680
-89.9 176.9 2167.3 0.2244419158 0.4230343997 -0.8778768182 0.8968824148 0.2626213133 0.3558538556 0.3810875714 -0.8672208190 -0.3204688728
-150.3 -64.5 2064.7 -0.7911010385 0.4230343997 -0.4418156445 0.5737116933 0.2626213133 -0.7758124471 -0.2121651322 -0.8672208190 -0.4504597783
31.8 89.0 2395.4 -0.1625873595 0.8036506772 -0.5724604130 -0.9858108163 -0.1568515301 0.0597884804 -0.0417422429 0.5740585327 0.8177495599
-5.2 -135.2 2385.9 0.2801347971 0.8036506772 -0.5250429511 -0.7513669729 -0.1568515301 -0.6409721375 -0.5974714756 0.5740585327 0.5598970056
-288.5 -162.6 2205.3 0.3094187081 -0.2395324111 -0.9202631712 0.0448335893 0.9703533649 -0.2374958992 0.9498684406 0.0322269686 0.3109845817
-195.6 -539.2 2192.8 0.2954268157 0.1880278438 -0.9366795421 -0.0332027972 0.9818695784 0.1866271496 0.9547882080 -0.0240342841 0.2963136733
-214.0 -209.1 2355.3 -0.6040062308 -0.1395577341 -0.7846655846 -0.0112474030 0.9859437943 -0.1666985005 0.7969002128 -0.0918614790 -0.5970858335
-161.6 -579.3 2389.8 -0.5854130387 0.2026962042 -0.7849878073 0.0959183276 0.9787577391 0.1811985523 0.8050411344 0.0307812747 -0.5924198031
70.5 -224.7 2123.9 0 0 0 0 0 0 0 0 0
65.9 -325.8 2234.3 0 0 0 0 0 0 0 0 0
-265.7 -905.6 2201.8 0 0 0 0 0 0 0 0 0
-237.2 -944.4 2378.3 0 0 0 0 0 0 0 0 0
89.5 292.6 2297.5 95 0.3699288070 0.5935930610 -0.7147027254 -0.3340833485 0.8028088808 0.4938483238 0.8669146299 0.0560815446 0.4952917099
-27.5 134.4 2286.4 0.3699288070 0.5935930610 -0.7147027254 -0.3340833485 0.8028088808 0.4938483238 0.8669146299 0.0560815446 0.4952917099
-137.7 -25.0 2277.7 0.3843646348 0.5689854026 -0.7269933820 -0.3139189780 0.8211155534 0.4766803086 0.8681697249 0.0449979752 0.4942230880
-79.9 177.2 2168.1 0.2974049449 0.4240405858 -0.8554179668 0.8716496825 0.2450039238 0.4244995713 0.3895857930 -0.8718730807 -0.2967494726
-159.9 -57.4 2063.3 -0.7863547802 0.4240405858 -0.4492613077 0.5771769285 0.2450039238 -0.7789992690 -0.2202565223 -0.8718730807 -0.4374064505
24.8 91.5 2404.7 -0.1604970396 0.7606180310 -0.6290476322 -0.9860981703 -0.1513424814 0.0685989633 -0.0430240259 0.6313126683 0.7743340731
