271.7 305.9 2446.9  0.5233296752 0.7844414711 -0.3328326941 -0.4859927297 0.5955969095 0.6395900249 0.6999550462 -0.1729622036 0.6929264069
116.7 188.2 2481.1 0.5233296752 0.7844414711 -0.3328326941 -0.4859927297 0.5955969095 0.6395900249 0.6999550462 -0.1729622036 0.6929264069
-35.0 64.5 2515.6 0.5425989032 0.7629748583 -0.3513627946 -0.4708224535 0.6226549149 0.6250016689 0.6956382990 -0.1736956984 0.6970775723
40.4 254.4 2383.3 0.3896479309 0.3077992201 -0.8680058718 0.8244057298 0.3035497963 0.4777161181 0.4105236232 -0.9017301202 -0.1354738921
-59.4 43.2 2278.1 -0.7880404592 0.3077992201 -0.5331527591 0.6124081612 0.3035497963 -0.7299409509 -0.0628368184 -0.9017301202 -0.4277082682
193.0 122.1 2578.9 -0.1731454432 0.9030206203 -0.3931595385 -0.9794553518 -0.1997765899 -0.0275057629 -0.1033823416 0.3803197145 0.9190587401
156.0 -87.4 2556.8 0.2901635468 0.9030206203 -0.3167946935 -0.3691990674 -0.1997765899 -0.9076240063 -0.8828913569 0.3803197145 0.2754264772
-242.8 -15.4 2482.5 0.6795694232 -0.0635908023 -0.7308499217 0.0564319529 0.9978154898 -0.0343469344 0.7314375043 -0.0179021619 0.6816734672
-217.6 -412.1 2489.6 0.6805493832 0.0306185018 -0.7320621610 -0.0584569573 0.9982104897 -0.0125933802 0.7303665280 0.0513645448 0.6811214089
-147.2 -97.5 2615.7 0.4003863335 -0.2261710167 -0.8879963160 0.1121511012 0.9738714099 -0.1974757165 0.9094575047 -0.0205231905 0.4152901173
-57.3 -484.6 2623.9 0.4070541263 -0.0400328264 -0.9125263095 0.0047087516 0.9991177917 -0.0417311676 0.9133918881 0.0126899844 0.4068835080
144.3 -115.1 2294.4 0 0 0 0 0 0 0 0 0
231.3 -183.3 2327.5 0 0 0 0 0 0 0 0 0
-228.1 -756.3 2471.9 0 0 0 0 0 0 0 0 0
-47.2 -736.4 2620.7 0 0 0 0 0 0 0 0 0
273.4 305.4 2446.3  0.5150449276 0.7894570231 -0.3338956833 -0.4807654917 0.5885557532 0.6499743462 0.7096430659 -0.1742404699 0.6826763749
116.2 188.2 2481.0 0.5150449276 0.7894570231 -0.3338956833 -0.4807654917 0.5885557532 0.6499743462 0.7096430659 -0.1742404699 0.6826763749
-36.2 65.6 2516.2 0.5365824699 0.7666200399 -0.3526656032 -0.4640776217 0.6171382070 0.6354308724 0.7047774196 -0.1772968322 0.6869167089
40.7 253.5 2381.9 0.4061764181 0.3171868622 -0.8569791317 0.8065627813 0.3163597286 0.4993726611 0.4295081198 -0.8940408230 -0.1273332536
-62.3 48.9 2273.0 -0.7921738625 0.3171868622 -0.5213953257 0.6066756845 0.3163597286 -0.7292881012 -0.0663721412 -0.8940408230 -0.4430414438
191.7 123.0 2580.2 -0.1765164286 0.9000314474 -0.3984787464 -0.9800119996 -0.1984391063 -0.0140866442 -0.0917521864 0.3880274296 0.9170693755
153.9 -86.6 2560.5 0.2936424911 0.9000314474 -0.3220519423 -0.3817980587 -0.1984391063 -0.9026916027 -0.8763585687 0.3880274296 0.2853601277
-236.4 -16.2 2486.3 0.6767759919 -0.0465745255 -0.7347142696 0.0409194119 0.9988337755 -0.0256248359 0.7350509167 -0.0127218049 0.6778925061
-217.9 -413.2 2491.4 0.6772089005 0.0314036123 -0.7351203561 -0.0638748482 0.9978261590 -0.0162167624 0.7330130339 0.0579378381 0.6777426600
-136.9 -102.5 2613.8 0.3990247846 -0.2094750106 -0.8926922679 0.1069268361 0.9775435925 -0.1815905720 0.9106842875 -0.0229936186 0.4124626219
-53.6 -491.0 2622.9 0.4038632810 -0.0254924856 -0.9144641161 0.0030208698 0.9996433854 -0.0265328903 0.9148143530 0.0079531828 0.4037962556
143.9 -109.0 2290.2 0 0 0 0 0 0 0 0 0
230.2 -185.8 2332.9 0 0 0 0 0 0 0 0 0
-228.6 -752.8 2471.6 0 0 0 0 0 0 0 0 0
-47.4 -736.3 2621.0 0 0 0 0 0 0 0 0 0
274.2 306.9 2454.6  0.5056540370 0.7872458100 -0.3529277444 -0.4992076457 0.6006265879 0.6245313287 0.7036374807 -0.1396125704 0.6967083812
117.4 187.3 2482.4 0.5056540370 0.7872458100 -0.3529277444 -0.4992076457 0.6006265879 0.6245313287 0.7036374807 -0.1396125704 0.6967083812
-34.5 62.5 2511.4 0.5289748311 0.7641490102 -0.3691367209 -0.4807346165 0.6282733083 0.6116917729 0.6993424296 -0.1461127549 0.6996936798
43.0 254.9 2384.0 0.3786898255 0.3206553161 -0.8682016730 0.8162379265 0.3264949024 0.4766096473 0.4362908304 -0.8891463876 -0.1380907297
-54.2 45.5 2272.1 -0.8264821768 0.3206553161 -0.4627173245 0.5550164580 0.3264949024 -0.7650867701 -0.0942543000 -0.8891463876 -0.4478112161
191.8 119.7 2580.7 -0.1663804948 0.8953037262 -0.4132175446 -0.9782531261 -0.2025036663 -0.0448675267 -0.1238481328 0.3967662752 0.9095263481
156.3 -89.5 2554.2 0.3111868799 0.8953037262 -0.3187380433 -0.3529969454 -0.2025036663 -0.9134470224 -0.8823581338 0.3967662752 0.2530229986
-237.8 -14.6 2486.8 0.6637348533 -0.0518149622 -0.7461710572 0.0363229103 0.9986535311 -0.0370376371 0.7470854521 -0.0025199333 0.6647232175
-217.2 -411.6 2487.8 0.6631317735 0.0368625894 -0.7475944161 -0.0547684543 0.9984988570 0.0006534998 0.7464962602 0.0405112319 0.6641552448
-139.4 -99.7 2616.1 0.3793700039 -0.2096708715 -0.9011750817 0.1005398855 0.9775596857 -0.1851182878 0.9197663665 -0.0203757118 0.3919371068
-56.0 -488.3 2624.2 0.3855165541 -0.0359514914 -0.9220002294 -0.0075191045 0.9990850687 -0.0421012193 0.9226703048 0.0231633335 0.3848935068
162.0 -99.7 2296.7 0 0 0 0 0 0 0 0 0
237.1 -181.2 2325.1 0 0 0 0 0 0 0 0 0
-229.8 -753.7 2474.0 0 0 0 0 0 0 0 0 0
-47.2 -733.7 2618.5 0 0 0 0 0 0 0 0 0
270.6 304.2 2449.7  0.4990212023 0.7871947289 -0.3623566628 -0.4524478316 0.5932950974 0.6658017039 0.7390999794 -0.1683016866 0.6522313356
114.4 186.5 2483.1 0.4990212023 0.7871947289 -0.3623566628 -0.4524478316 0.5932950974 0.6658017039 0.7390999794 -0.1683016866 0.6522313356
-37.1 62.3 2516.6 0.5204702020 0.7617736459 -0.3857612312 -0.4355717301 0.6254336834 0.6473870277 0.7344304323 -0.1689189523 0.6573266983
41.2 247.6 2379.9 0.3588422835 0.2978985906 -0.8845838904 0.8264812231 0.3390151858 0.4494413137 0.4337753057 -0.8923705220 -0.1245546043
-48.0 42.3 2272.2 -0.8478418589 0.2978985906 -0.4386577010 0.5235305429 0.3390151858 -0.7816549540 -0.0841422826 -0.8923705220 -0.4433902800
187.6 125.3 2586.2 -0.1574705094 0.8894736171 -0.4289984703 -0.9850093722 -0.1724543422 0.0040008025 -0.0704240352 0.4231975079 0.9032963514
153.9 -85.1 2571.2 0.3294512928 0.8894736171 -0.3166993856 -0.3997893929 -0.1724543422 -0.9002376795 -0.8553538918 0.4231975079 0.2987868190
-234.9 -18.2 2476.3 0.6521846056 -0.0436370559 -0.7568032146 0.0512363203 0.9985963106 -0.0134252375 0.7563267350 -0.0300200805 0.6535049081
-217.5 -415.1 2488.2 0.6520797610 0.0347853489 -0.7573519349 -0.0522025824 0.9986360669 0.0009211810 0.7563510537 0.0389350429 0.6530062556
-137.8 -106.4 2604.5 0.3698111176 -0.2045707554 -0.9063059688 0.1230498776 0.9776504636 -0.1704650223 0.9209226370 -0.0484809838 0.3867183924
-56.5 -494.9 2623.8 0.3773778677 -0.0384428129 -0.9252610803 0.0004783419 0.9991459250 -0.0413174890 0.9260592461 0.0151497154 0.3770739734
175.4 -95.7 2294.3 0 0 0 0 0 0 0 0 0
239.4 -188.8 2349.2 0 0 0 0 0 0 0 0 0
-229.3 -754.4 2475.0 0 0 0 0 0 0 0 0 0
-47.2 -736.9 2620.1 0 0 0 0 0 0 0 0 0
272.7 303.2 2447.2  0.5258021355 0.7833321095 -0.3315462470 -0.4974929094 0.5993611217 0.6271100640 0.6899513602 -0.1647939086 0.7048475742
118.1 184.9 2479.7 0.5258021355 0.7833321095 -0.3315462470 -0.4974929094 0.5993611217 0.6271100640 0.6899513602 -0.1647939086 0.7048475742
-33.3 60.6 2513.3 0.5469789505 0.7615632415 -0.3476139009 -0.4807004929 0.6256818175 0.6143690348 0.6853765845 -0.1689487696 0.7083186507
41.3 252.3 2383.7 0.3362755477 0.2926636636 -0.8951350451 0.8338538408 0.3492565453 0.4274431467 0.4377288520 -0.8901504874 -0.1265922934
-44.6 39.3 2271.8 -0.8601081371 0.2926636636 -0.4178061783 0.5029004812 0.3492565453 -0.7906395793 -0.0854699314 -0.8901504874 -0.4475790858
194.8 117.5 2575.8 -0.1741428077 0.9049476385 -0.3882576823 -0.9778209329 -0.2055062056 -0.0404161699 -0.1163638830 0.3726083040 0.9206641316
157.7 -91.3 2551.0 0.2857040465 0.9049476385 -0.3153457642 -0.3554839492 -0.2055062056 -0.9118104577 -0.8899462819 0.3726083040 0.2629804015
-236.3 -22.0 2482.9 0.6844325066 -0.0458603688 -0.7276324034 0.0395379029 0.9988858104 -0.0257660933 0.7280033231 -0.0111339064 0.6854831576
-218.0 -419.0 2487.3 0.6838303804 0.0361790881 -0.7287434936 -0.0454578847 0.9989421964 0.0069370535 0.7282235622 0.0283833705 0.6847516298
-140.8 -101.7 2617.4 0.4044218957 -0.2108885944 -0.8899263740 0.1054047346 0.9773153663 -0.1836968660 0.9084782600 -0.0195114203 0.4174763858
-57.0 -490.1 2625.1 0.4113764167 -0.0412615798 -0.9105311036 -0.0035647207 0.9988943338 -0.0468763784 0.9114585519 0.0225296263 0.4107744992
183.4 -94.0 2294.5 0 0 0 0 0 0 0 0 0
231.7 -183.3 2320.5 0 0 0 0 0 0 0 0 0
-230.2 -756.0 2477.8 0 0 0 0 0 0 0 0 0
-46.8 -737.9 2619.6 0 0 0 0 0 0 0 0 0
270.6 302.3 2447.5  0.5363050103 0.7787345648 -0.3254987001 -0.5040038228 0.6048218608 0.6165798306 0.6770207882 -0.1666222662 0.7168541551
117.1 183.1 2480.4 0.5363050103 0.7787345648 -0.3254987001 -0.5040038228 0.6048218608 0.6165798306 0.6770207882 -0.1666222662 0.7168541551
-33.5 57.8 2514.1 0.5567311049 0.7573852539 -0.3412008286 -0.4875776768 0.6304833293 0.6039525867 0.6725462675 -0.1698773205 0.7202938199
38.9 251.5 2385.9 0.3135880530 0.3063112795 -0.8987969160 0.8353468180 0.3610807955 0.4145073295 0.4515065849 -0.8807917237 -0.1426455528
-41.3 37.9 2270.4 -0.8645046949 0.3063112795 -0.3985035419 0.4928587973 0.3610807955 -0.7916507125 -0.0985995829 -0.8807917237 -0.4631242454
195.3 114.6 2574.8 -0.1715396494 0.9102896452 -0.3767583668 -0.9769272208 -0.2065608948 -0.0542748198 -0.1272293478 0.3587552309 0.9247201681
158.7 -94.2 2547.6 0.2759735286 0.9102896452 -0.3085633218 -0.3431546092 -0.2065608948 -0.9162846208 -0.8978215456 0.3587552309 0.2553647757
-234.8 -19.7 2484.2 0.6924085021 -0.0453236066 -0.7200807333 0.0436304286 0.9988287687 -0.0209149402 0.7201852798 -0.0169357490 0.6935750246
-216.7 -416.8 2491.0 0.6920845509 0.0384896994 -0.7207894921 -0.0582634471 0.9982977509 -0.0026346808 0.7194611430 0.0438191034 0.6931490302
-134.7 -107.6 2609.5 0.4090087116 -0.2043590099 -0.8893532753 0.1224881262 0.9780762792 -0.1684144884 0.9042723775 -0.0400522240 0.4250732660
-53.5 -496.3 2625.4 0.4164896011 -0.0261561647 -0.9087641239 -0.0141931446 0.9992771745 -0.0352660865 0.9090296626 0.0275861807 0.4158173203
188.9 -93.3 2296.7 0 0 0 0 0 0 0 0 0
230.3 -183.3 2314.7 0 0 0 0 0 0 0 0 0
-229.7 -753.0 2476.2 0 0 0 0 0 0 0 0 0
-47.2 -735.9 2618.8 0 0 0 0 0 0 0 0 0
269.6 302.4 2446.6 0 0.5132997036 0.7814645171 -0.3547345102 -0.4496115446 0.5969457030 0.6644586325 0.7310081124 -0.1815736890 0.6577675343
115.0 184.3 2482.6 0.5132997036 0.7814645171 -0.3547345102 -0.4496115446 0.5969457030 0.6644586325 0.7310081124 -0.1815736890 0.6577675343
-36.5 60.8 2518.6 0.5297304988 0.7620277405 -0.3724235594 -0.4366414547 0.6214499474 0.6504953504 0.7271381021 -0.1819716543 0.6619338989
40.7 245.4 2380.7 0.3238863647 0.2967212200 -0.8983619213 0.8385683298 0.3496278226 0.4178080559 0.4380648136 -0.8886601925 -0.1355813295
-39.9 36.7 2271.7 -0.8687554002 0.2967212200 -0.3965105116 0.4852090180 0.3496278226 -0.8014565706 -0.0991780534 -0.8886601925 -0.4477128386
189.3 123.1 2584.5 -0.1645653099 0.8947649002 -0.4151072204 -0.9841674566 -0.1770340055 0.0085664783 -0.0658231080 0.4099447727 0.9097321630
154.2 -86.9 2570.4 0.3141171336 0.8947649002 -0.3173738718 -0.4029594660 -0.1770340055 -0.8979324102 -0.8596243858 0.4099447727 0.3049445748
-235.1 -22.9 2486.3 0.6646009684 -0.0456144400 -0.7458048463 0.0382969603 0.9989024401 -0.0269670784 0.7462164164 -0.0106397141 0.6656184196
-216.9 -420.0 2490.5 0.6639987230 0.0401510186 -0.7466549277 -0.0648912638 0.9978841543 -0.0040469188 0.7449126244 0.0511385351 0.6651992202
-133.1 -112.2 2609.4 0.3853076696 -0.1988160908 -0.9011160731 0.1173512340 0.9791432023 -0.1658533216 0.9152959585 -0.0418425314 0.4006026983
-54.0 -501.4 2626.1 0.3928648233 -0.0269138832 -0.9192023277 -0.0217522047 0.9990199804 -0.0385477506 0.9193389416 0.0351387300 0.3918943703
192.6 -93.1 2298.2 0 0 0 0 0 0 0 0 0
235.5 -191.3 2347.9 0 0 0 0 0 0 0 0 0
-230.3 -752.0 2473.5 0 0 0 0 0 0 0 0 0
-47.7 -734.9 2617.9 0 0 0 0 0 0 0 0 0
266.4 302.4 2447.2 1 0.4877303243 0.7735809088 -0.4045882821 -0.3864209354 0.6068783998 0.6945340037 0.7828141451 -0.1824039072 0.5949208736
113.0 182.0 2483.4 0.4877303243 0.7735809088 -0.4045882821 -0.3864209354 0.6068783998 0.6945340037 0.7828141451 -0.1824039072 0.5949208736
-36.9 56.8 2520.5 0.5043855906 0.7536900043 -0.4213627875 -0.3729296029 0.6302666068 0.6809460521 0.7787930965 -0.1863207221 0.5989707112
42.4 234.2 2374.4 0.3405531347 0.3051910996 -0.8893154263 0.8377179503 0.3309759796 0.4343772233 0.4269101024 -0.8929240108 -0.1429491490
-38.2 36.0 2273.4 -0.8686967492 0.3051910996 -0.3901593983 0.4809246361 0.3309759796 -0.8118906021 -0.1186484024 -0.8929240108 -0.4342916608
183.6 129.8 2592.4 -0.1361174881 0.8774740100 -0.4599036276 -0.9906647205 -0.1240462586 0.0565323494 -0.0074436525 0.4633053541 0.8861674666
154.5 -81.4 2590.8 0.3670740128 0.8774740100 -0.3087004721 -0.4480431378 -0.1240462586 -0.8853642344 -0.8151772618 0.4633053541 0.3476120830
-236.6 -22.8 2488.3 0.6306974292 -0.0486288369 -0.7745037079 0.0240254607 0.9987798333 -0.0431459583 0.7756568193 0.0086042369 0.6310961843
-217.2 -419.8 2484.9 0.6294838786 0.0398408026 -0.7759914398 -0.0512303598 0.9986396432 0.0097139170 0.7753228545 0.0336395688 0.6306686401
-139.6 -102.5 2621.2 0.3593876958 -0.2104905844 -0.9091392756 0.0848092586 0.9775646925 -0.1928073764 0.9293265939 -0.0078108301 0.3691762686
-56.0 -490.9 2624.3 0.3646697700 -0.0376261324 -0.9303764105 -0.0109431678 0.9989410639 -0.0446882918 0.9310725927 0.0264777355 0.3638718724
195.3 -93.2 2305.3 0 0 0 0 0 0 0 0 0
249.4 -197.3 2380.0 0 0 0 0 0 0 0 0 0
-230.5 -752.9 2473.7 0 0 0 0 0 0 0 0 0
-46.8 -736.0 2617.8 0 0 0 0 0 0 0 0 0
265.5 301.6 2446.0 2 0.4720960557 0.7758154273 -0.4186116755 -0.3495334983 0.6006734371 0.7190394998 0.8092908263 -0.1931368858 0.5547490120
111.7 182.5 2484.3 0.4720960557 0.7758154273 -0.4186116755 -0.3495334983 0.6006734371 0.7190394998 0.8092908263 -0.1931368858 0.5547490120
-38.3 57.8 2522.7 0.4872369766 0.7542037964 -0.4402008057 -0.3373794258 0.6275182962 0.7017092705 0.8054658771 -0.1933840066 0.5602029562
43.4 229.8 2371.4 0.3921814859 0.3193513155 -0.8626751304 0.8142720461 0.3157823682 0.4870755076 0.4279657900 -0.8934742212 -0.1361948550
-47.5 41.1 2272.2 -0.8506059051 0.3193513155 -0.4177131653 0.5111227632 0.3157823682 -0.7993966937 -0.1233819351 -0.8934742212 -0.4318340719
180.0 135.2 2597.2 -0.1290421188 0.8667652607 -0.4817324281 -0.9912044406 -0.0983607918 0.0885375440 0.0293576829 0.4889204204 0.8718342781
152.5 -76.3 2603.5 0.3895815909 0.8667652607 -0.3113586307 -0.4785159528 -0.0983607918 -0.8725523949 -0.7869235277 0.4889204204 0.3764414489
-232.8 -34.4 2486.5 0.6127359271 -0.0398599021 -0.7892819047 0.0268159732 0.9992007613 -0.0296433195 0.7898326516 -0.0030018364 0.6133150458
-216.9 -431.6 2487.7 0.6114981174 0.0410162434 -0.7901820540 -0.0612053908 0.9981153011 0.0044444916 0.7888751030 0.0456456020 0.6128560901
-140.7 -102.4 2628.6 0.3497327268 -0.2185399979 -0.9110034704 0.0623922758 0.9756860733 -0.2101043761 0.9347696304 0.0166408010 0.3548645675
-53.9 -490.1 2622.0 0.3523735106 -0.0286879670 -0.9354196191 -0.0031780682 0.9994875789 -0.0318500213 0.9358540773 0.0141959311 0.3521018028
182.6 -97.1 2305.6 0 0 0 0 0 0 0 0 0
253.3 -200.3 2399.7 0 0 0 0 0 0 0 0 0
-230.0 -749.9 2473.1 0 0 0 0 0 0 0 0 0
-46.8 -737.4 2618.5 0 0 0 0 0 0 0 0 0
265.4 302.3 2445.9 3 0.4771097600 0.7778144479 -0.4091099501 -0.3567747474 0.5968462825 0.7186697721 0.8031675220 -0.1969242692 0.5622657537
110.2 183.3 2485.2 0.4771097600 0.7778144479 -0.4091099501 -0.3567747474 0.5968462825 0.7186697721 0.8031675220 -0.1969242692 0.5622657537
-39.6 59.0 2525.4 0.4969595373 0.7538152337 -0.4298765361 -0.3409377635 0.6251521111 0.7021013498 0.7979928851 -0.2023548037 0.5676794052
40.4 231.1 2373.1 0.4578964114 0.3591271639 -0.8132395744 0.7696363330 0.2977221906 0.5648198128 0.4449616075 -0.8845276833 -0.1400713772
-64.0 55.6 2271.6 -0.8199853301 0.3591271639 -0.4457036555 0.5532661676 0.2977221906 -0.7779833078 -0.1466990560 -0.8845276833 -0.4428207278
180.0 135.4 2597.2 -0.1314084083 0.8734028339 -0.4689342082 -0.9909138083 -0.1020497009 0.0876112282 0.0286653042 0.4761862159 0.8788771033
151.9 -76.4 2603.4 0.3765859008 0.8734028339 -0.3087888062 -0.4784622788 -0.1020497009 -0.8721580505 -0.7932571769 0.4761862159 0.3794598579
-232.8 -36.0 2487.6 0.6236458421 -0.0398276001 -0.7806917429 0.0212732777 0.9991960526 -0.0339808762 0.7814174891 0.0045841611 0.6239917278
-217.0 -433.3 2485.8 0.6222918630 0.0416830964 -0.7816747427 -0.0569647029 0.9983450174 0.0078874780 0.7807098627 0.0396195538 0.6236364245
-143.7 -97.7 2634.8 0.3636881709 -0.2261809409 -0.9036443233 0.0548016801 0.9735892415 -0.2216321230 0.9299073815 0.0310837496 0.3664779663
-53.8 -484.6 2622.5 0.3660888970 -0.0249250662 -0.9302459955 -0.0103172399 0.9994710684 -0.0308401324 0.9305226803 0.0208878014 0.3656381071
158.3 -94.4 2311.4 0 0 0 0 0 0 0 0 0
249.7 -200.5 2397.6 0 0 0 0 0 0 0 0 0
-230.2 -751.4 2473.1 0 0 0 0 0 0 0 0 0
-47.7 -732.5 2617.3 0 0 0 0 0 0 0 0 0
265.4 303.5 2445.3 4 0.4730256796 0.7709212899 -0.4265291393 -0.3363540769 0.6054605842 0.7213067412 0.8143172860 -0.1977317929 0.5457009077
112.6 183.4 2484.5 0.4730256796 0.7709212899 -0.4265291393 -0.3363540769 0.6054605842 0.7213067412 0.8143172860 -0.1977317929 0.5457009077
-36.1 57.7 2524.6 0.4903023541 0.7480153441 -0.4472992718 -0.3222738802 0.6324469447 0.7043794394 0.8097797036 -0.2012060285 0.5511560440
43.7 228.7 2370.7 0.4669519365 0.3409270346 -0.8159195185 0.7832322717 0.2688642442 0.5605883002 0.4104912877 -0.9008222818 -0.1414783895
-62.9 50.0 2277.0 -0.8117293119 0.3409270346 -0.4741985500 0.5675401092 0.2688642442 -0.7782096267 -0.1378176659 -0.9008222818 -0.4117347598
181.5 138.1 2598.4 -0.1179469302 0.8680967093 -0.4821790755 -0.9921498895 -0.0826975852 0.0938065201 0.0415580831 0.4894581139 0.8710359931
156.3 -74.0 2607.3 0.3940456510 0.8680967093 -0.3018876612 -0.4848583043 -0.0826975852 -0.8706741929 -0.7807947397 0.4894581139 0.3883172572
-235.0 -34.0 2492.6 0.6135887504 -0.0394307300 -0.7886406183 0.0131176868 0.9991236329 -0.0397485346 0.7895168066 0.0140441125 0.6135682464
-219.3 -431.2 2487.0 0.6126391888 0.0347546041 -0.7895982265 -0.0542736538 0.9985244274 0.0018403667 0.7884970307 0.0417268984 0.6136214733
-144.0 -96.4 2638.7 0.3555158973 -0.2304147929 -0.9058241844 0.0499829091 0.9724377990 -0.2277421355 0.9333328009 0.0356902182 0.3572338820
-52.4 -483.0 2624.5 0.3577829003 -0.0190382190 -0.9336106777 -0.0213037618 0.9993655086 -0.0285432264 0.9335617423 0.0301016979 0.3571503162
157.1 -103.9 2314.4 0 0 0 0 0 0 0 0 0
258.6 -199.9 2404.5 0 0 0 0 0 0 0 0 0
-230.4 -750.2 2473.6 0 0 0 0 0 0 0 0 0
-47.7 -731.5 2617.0 0 0 0 0 0 0 0 0 0
263.3 302.2 2446.1 5 0.4855375886 0.7690070868 -0.4157900512 -0.3606614172 0.6094572544 0.7060348392 0.7963520288 -0.1928470135 0.5732656121
110.7 181.2 2484.3 0.4855375886 0.7690070868 -0.4157900512 -0.3606614172 0.6094572544 0.7060348392 0.7963520288 -0.1928470135 0.5732656121
-37.9 55.2 2523.6 0.5030296445 0.7475556731 -0.4337299168 -0.3463177085 0.6341413260 0.6913239360 0.7918492556 -0.1975481063 0.5778836608
40.0 229.9 2373.0 0.4424782991 0.3557803035 -0.8231848478 0.7982345223 0.2620854080 0.5423402190 0.4086987078 -0.8970683217 -0.1680290103
-60.0 49.5 2280.6 -0.8025431037 0.3557803035 -0.4788997173 0.5775440931 0.2620854080 -0.7731455564 -0.1495573372 -0.8970683217 -0.4158136547
181.4 132.6 2595.6 -0.1222946197 0.8762859106 -0.4660118222 -0.9923510551 -0.0999956653 0.0723895803 0.0168348122 0.4713001549 0.8818122149
155.2 -79.6 2599.2 0.3774527311 0.8762859106 -0.2994201481 -0.4654538929 -0.0999956653 -0.8794052005 -0.8005511165 0.4713001549 0.3701270521
-229.8 -38.5 2490.4 0.6271130443 -0.0271263216 -0.7784557939 0.0069561582 0.9995486140 -0.0292268097 0.7788972259 0.0129134506 0.6270186305
-219.0 -435.9 2485.2 0.6259807944 0.0376846977 -0.7789273858 -0.0512945838 0.9986583591 0.0070927218 0.7781496644 0.0355148502 0.6270740032
-139.9 -97.5 2638.8 0.3658786416 -0.2148865312 -0.9055145383 0.0519893840 0.9761782885 -0.2106490284 0.9292092919 0.0299948398 0.3683346212
-54.5 -485.6 2626.9 0.3686490357 -0.0276256893 -0.9291580915 -0.0167237148 0.9991993904 -0.0363433883 0.9294182062 0.0289369300 0.3678919077
157.5 -107.0 2321.2 0 0 0 0 0 0 0 0 0
253.3 -200.5 2391.3 0 0 0 0 0 0 0 0 0
-231.0 -753.5 2473.9 0 0 0 0 0 0 0 0 0
-47.6 -734.7 2619.7 0 0 0 0 0 0 0 0 0
268.1 305.8 2446.4 6 0.4900805950 0.7686316371 -0.4111282527 -0.3700372577 0.6104952097 0.7002628446 0.7892359495 -0.1910524517 0.5836142302
115.2 184.3 2484.4 0.4900805950 0.7686316371 -0.4111282527 -0.3700372577 0.6104952097 0.7002628446 0.7892359495 -0.1910524517 0.5836142302
-33.6 58.5 2523.7 0.5079306960 0.7483133078 -0.4266539812 -0.3554021120 0.6332354546 0.6875333786 0.7846628428 -0.1975855976 0.5875918865
43.8 234.3 2374.1 0.4289429784 0.3376931548 -0.8378372788 0.8189717531 0.2459931672 0.5184328556 0.3811734617 -0.9085431695 -0.1710440964
-55.1 45.6 2286.2 -0.7658589482 0.3376931548 -0.5471959710 0.6329507828 0.2459931672 -0.7340712547 -0.1132843718 -0.9085431695 -0.4021392167
186.6 134.4 2594.8 -0.1255739778 0.8796605468 -0.4587248266 -0.9920469522 -0.1073297188 0.0657508895 0.0086036632 0.4633331597 0.8861424327
159.8 -77.8 2596.6 0.3693825603 0.8796605468 -0.2995893955 -0.4594879150 -0.1073297188 -0.8816751838 -0.8077297807 0.4633331597 0.3645476997
-232.7 -39.1 2490.3 0.6324128509 -0.0344715714 -0.7738641500 0.0249581095 0.9993974566 -0.0241217650 0.7742293477 -0.0040592710 0.6328921318
-219.0 -436.4 2491.9 0.6314868331 0.0382308364 -0.7744435668 -0.0624422058 0.9980472326 -0.0016466639 0.7728682756 0.0493978113 0.6326408982
-140.5 -102.6 2635.5 0.3699600697 -0.2213603556 -0.9022910595 0.0572902858 0.9747874141 -0.2156556398 0.9272795320 0.0280914642 0.3733142018
-52.5 -490.1 2624.3 0.3719986677 -0.0212311763 -0.9279904366 -0.0048480183 0.9996803403 -0.0248147454 0.9282206297 0.0137299662 0.3717768192
149.1 -123.2 2316.4 0 0 0 0 0 0 0 0 0
255.8 -197.2 2386.8 0 0 0 0 0 0 0 0 0
-231.1 -752.8 2476.3 0 0 0 0 0 0 0 0 0
-47.2 -737.4 2620.9 0 0 0 0 0 0 0 0 0
268.2 306.9 2446.6 7 0.4966711700 0.7636092305 -0.4125756919 -0.3740283251 0.6172549129 0.6921699047 0.7832117081 -0.1894658357 0.5921841860
115.5 183.4 2484.5 0.4966711700 0.7636092305 -0.4125756919 -0.3740283251 0.6172549129 0.6921699047 0.7832117081 -0.1894658357 0.5921841860
-32.0 55.9 2523.3 0.5152315497 0.7417175174 -0.4294084609 -0.3585067987 0.6416094303 0.6780930758 0.7784660459 -0.1954290867 0.5964881778
43.0 233.9 2375.0 0.3718053699 0.3576970994 -0.8566291928 0.8503938317 0.2388218939 0.4688223302 0.3722781837 -0.9027828574 -0.2153881639
-43.4 36.3 2288.5 -0.7473284602 0.3576970994 -0.5599579811 0.6528981328 0.2388218939 -0.7188102007 -0.1233861074 -0.9027828574 -0.4120181799
188.0 133.0 2594.0 -0.1167983934 0.8831119537 -0.4543912113 -0.9931555390 -0.1040501744 0.0530622452 -0.0004195787 0.4574787319 0.8892204762
163.0 -79.5 2593.9 0.3688888848 0.8831119537 -0.2898865640 -0.4484986961 -0.1040501744 -0.8877062798 -0.8141068220 0.4574787319 0.3576916158
-228.9 -34.8 2491.0 0.6367956400 -0.0220079105 -0.7707184553 0.0094831036 0.9997404814 -0.0207123645 0.7709742785 0.0058807400 0.6368390918
-220.2 -432.2 2488.7 0.6360601783 0.0312495735 -0.7710064650 -0.0495608598 0.9987710118 -0.0004053405 0.7700462341 0.0384695642 0.6368272305
-135.8 -100.0 2634.9 0.3735888600 -0.2022701353 -0.9052724242 0.0555281527 0.9790620804 -0.1958419532 0.9259308577 0.0228962637 0.3769983649
-55.4 -489.2 2625.8 0.3763023019 -0.0328344479 -0.9259149432 -0.0056132339 0.9992727041 -0.0377171151 0.9264799356 0.0193904135 0.3758442998
153.4 -135.6 2321.0 0 0 0 0 0 0 0 0 0
258.9 -196.0 2382.4 0 0 0 0 0 0 0 0 0
-230.2 -753.9 2476.3 0 0 0 0 0 0 0 0 0
-47.2 -737.0 2621.0 0 0 0 0 0 0 0 0 0
268.4 302.9 2445.7 8 0.4663402736 0.7689691782 -0.4372792542 -0.3369181752 0.6114602685 0.7159626484 0.8179320693 -0.1865548939 0.5442282557
114.7 180.7 2483.0 0.4663402736 0.7689691782 -0.4372792542 -0.3369181752 0.6114602685 0.7159626484 0.8179320693 -0.1865548939 0.5442282557
-33.3 53.7 2521.2 0.4856425226 0.7446632981 -0.4578513801 -0.3209709227 0.6390804648 0.6989662051 0.8130983710 -0.1924907565 0.5493799448
46.5 225.8 2368.8 0.3784241974 0.3278488219 -0.8656271100 0.8636783361 0.2113182098 0.4576072097 0.3329487443 -0.9207929969 -0.2031880021
-38.0 33.0 2294.4 -0.7253608704 0.3278488219 -0.6052823663 0.6807649732 0.2113182098 -0.7013584375 -0.1020323485 -0.9207929969 -0.3764699697
182.9 135.6 2597.2 -0.1106912345 0.8642809987 -0.4906789064 -0.9931584001 -0.0777125508 0.0871617794 0.0372003615 0.4969699383 0.8669700027
159.3 -76.7 2605.1 0.4047304988 0.8642809987 -0.2986830771 -0.4792244732 -0.0777125508 -0.8742452264 -0.7788049579 0.4969699383 0.3827319741
-226.7 -38.8 2490.8 0.6059305072 -0.0219707694 -0.7952141166 0.0073704734 0.9997307062 -0.0220052153 0.7954834104 0.0074725267 0.6059292555
-217.9 -436.2 2487.8 0.6045548916 0.0411334522 -0.7955007553 -0.0519985072 0.9985736609 0.0121166846 0.7948644757 0.0340396501 0.6058314443
-132.1 -104.5 2633.6 0.3444795310 -0.1986970454 -0.9175256491 0.0538191274 0.9799176455 -0.1920024306 0.9372498989 0.0167604722 0.3482552469
-53.2 -494.1 2626.9 0.3471240997 -0.0241779275 -0.9375075102 -0.0182363801 0.9993045926 -0.0325239003 0.9376418591 0.0283865724 0.3464418054
151.6 -144.9 2321.1 0 0 0 0 0 0 0 0 0
264.3 -201.0 2403.1 0 0 0 0 0 0 0 0 0
-231.0 -754.7 2477.0 0 0 0 0 0 0 0 0 0
-47.3 -737.1 2620.0 0 0 0 0 0 0 0 0 0
267.1 301.9 2446.2 9 0.4759513140 0.7701233625 -0.4247121215 -0.3609112203 0.6114138365 0.7042132020 0.8020058870 -0.1818878502 0.5689493418
113.0 179.5 2482.6 0.4759513140 0.7701233625 -0.4247121215 -0.3609112203 0.6114138365 0.7042132020 0.8020058870 -0.1818878502 0.5689493418
-35.2 52.3 2519.8 0.4957360625 0.7453739047 -0.4457167983 -0.3445753157 0.6399042010 0.6868700385 0.7971910834 -0.1869232506 0.5740610361
43.3 227.9 2370.6 0.3238374889 0.3087447286 -0.8943186998 0.8929533362 0.2126486450 0.3967555165 0.3126718402 -0.9270691872 -0.2068310231
-30.7 23.7 2299.1 -0.7287730575 0.3087447286 -0.6112008691 0.6792177558 0.2126486450 -0.7024555802 -0.0869084001 -0.9270691872 -0.3646774888
182.7 131.1 2594.7 -0.1155373007 0.8711084127 -0.4773063064 -0.9932175875 -0.0950084850 0.0670240223 0.0130370408 0.4818127751 0.8761771917
158.0 -81.3 2597.5 0.3905020952 0.8711084127 -0.2977889776 -0.4609174132 -0.0950084850 -0.8823426366 -0.7969085574 0.4818127751 0.3644080162
-225.8 -44.0 2485.0 0.6172925830 -0.0112089245 -0.7866538167 0.0073596137 0.9999369979 -0.0084728291 0.7866992354 -0.0005592531 0.6173362136
-221.4 -441.6 2485.2 0.6164032817 0.0331744440 -0.7867314816 -0.0434085615 0.9990244508 0.0081157293 0.7862332463 0.0291483216 0.6172419786
-136.9 -102.8 2633.9 0.3533196151 -0.2030700147 -0.9131965041 0.0535123274 0.9789447188 -0.1969864815 0.9339709282 0.0207319167 0.3567470908
-56.1 -492.0 2625.7 0.3562725782 -0.0372117013 -0.9336407781 -0.0077763610 0.9990539551 -0.0427862667 0.9343497157 0.0225039013 0.3556461632
159.2 -153.4 2321.7 0 0 0 0 0 0 0 0 0
259.4 -201.0 2390.6 0 0 0 0 0 0 0 0 0
-231.7 -751.2 2476.2 0 0 0 0 0 0 0 0 0
-47.0 -737.1 2620.2 0 0 0 0 0 0 0 0 0
275.7 300.2 2445.5 0 0.5024350882 0.7781538367 -0.3768761456 -0.4333541691 0.6038290858 0.6690251231 0.7481732368 -0.1728208363 0.6406010985
119.4 179.0 2480.2 0.5024350882 0.7781538367 -0.3768761456 -0.4333541691 0.6038290858 0.6690251231 0.7481732368 -0.1728208363 0.6406010985
-30.7 53.3 2514.4 0.5202398896 0.7549152970 -0.3993160725 -0.4189892411 0.6330484748 0.6509205699 0.7441763282 -0.1713257134 0.6456384659
46.5 237.6 2376.0 0.2942044139 0.3126097620 -0.9031715989 0.9059744477 0.2097491175 0.3677167296 0.3043912947 -0.9264342785 -0.2215073556
-24.8 18.1 2302.3 -0.7141533494 0.3126097620 -0.6263067722 0.6949751377 0.2097491175 -0.6877607107 -0.0836334452 -0.9264342785 -0.3670490682
192.3 120.3 2584.4 -0.1457292140 0.8877324462 -0.4366853237 -0.9876348376 -0.1563275158 0.0117939506 -0.0577960610 0.4330043793 0.8995370269
161.2 -90.3 2572.1 0.3419332504 0.8877324462 -0.3082413375 -0.4058742821 -0.1563275158 -0.9004597664 -0.8475539684 0.4330043793 0.3068541884
-228.8 -43.3 2483.9 0.6516321301 -0.0163940005 -0.7583580017 0.0130390953 0.9998607635 -0.0104106832 0.7584230900 -0.0031043664 0.6517551541
-222.3 -440.9 2485.1 0.6511967182 0.0257919971 -0.7584705949 -0.0417211428 0.9991275668 -0.0018447314 0.7577612996 0.0328455418 0.6517046690
-137.9 -106.5 2630.0 0.3779687881 -0.2050612718 -0.9028230309 0.0633013397 0.9786041379 -0.1957724541 0.9236517549 0.0168459658 0.3828624785
-56.4 -495.6 2623.3 0.3809535503 -0.0382454917 -0.9238028526 0.0032953210 0.9991939068 -0.0400077775 0.9245883226 0.0121968780 0.3807725012
161.1 -162.8 2324.0 0 0 0 0 0 0 0 0 0
249.7 -195.3 2352.8 0 0 0 0 0 0 0 0 0
-230.3 -752.3 2474.9 0 0 0 0 0 0 0 0 0
-47.1 -737.7 2620.3 0 0 0 0 0 0 0 0 0
276.2 306.0 2446.6 1 0.4957443774 0.7758612633 -0.3902266026 -0.4267287552 0.6089585423 0.6686344743 0.7563993931 -0.1649508923 0.6329700947
120.9 184.2 2479.7 0.4957443774 0.7758612633 -0.3902266026 -0.4267287552 0.6089585423 0.6686344743 0.7563993931 -0.1649508923 0.6329700947
-29.1 58.1 2513.1 0.5139114261 0.7544749975 -0.4082432389 -0.4119674861 0.6344862580 0.6539953947 0.7524479032 -0.1679127663 0.6368888617
48.8 242.0 2374.0 0.2990243137 0.2915024161 -0.9086312652 0.9081271291 0.2055095434 0.3647888899 0.2930692434 -0.9342334867 -0.2032689005
-24.5 19.5 2302.2 -0.7211604118 0.2915024161 -0.6284536719 0.6888595819 0.2055095434 -0.6951534152 -0.0734856799 -0.9342334867 -0.3490095735
193.0 126.4 2585.3 -0.1405986100 0.8841748238 -0.4454962611 -0.9886592627 -0.1493664533 0.0155737735 -0.0527722612 0.4426336586 0.8951483369
163.0 -84.8 2574.0 0.3516021073 0.8841748238 -0.3075887859 -0.4110912383 -0.1493664533 -0.8992739916 -0.8410588503 0.4426336586 0.3109589517
-228.4 -34.2 2480.6 0.6436026096 -0.0174709149 -0.7651603818 0.0238082036 0.9997126460 -0.0028005531 0.7649894357 -0.0164146516 0.6438336372
-221.4 -431.6 2487.1 0.6435950994 0.0239311066 -0.7649919391 -0.0501810908 0.9986798167 -0.0109763118 0.7637193203 0.0454524308 0.6439463496
-133.4 -110.7 2616.5 0.3634635508 -0.1945010275 -0.9110782743 0.0937066227 0.9806356430 -0.1719673425 0.9268836379 -0.0228702016 0.3746513426
-56.1 -500.3 2625.5 0.3693504333 -0.0385237858 -0.9284913540 -0.0086379396 0.9989548922 -0.0448835082 0.9292500615 0.0245979950 0.3686316311
162.0 -158.7 2321.2 0 0 0 0 0 0 0 0 0
254.2 -191.5 2355.9 0 0 0 0 0 0 0 0 0
-229.1 -753.8 2472.5 0 0 0 0 0 0 0 0 0
-46.9 -737.7 2619.7 0 0 0 0 0 0 0 0 0
274.3 310.1 2455.2 2 0.4750440419 0.7739706635 -0.4186914861 -0.4206179678 0.6176488400 0.6645227075 0.7729254365 -0.1395684034 0.6189563274
120.8 187.7 2482.9 0.4750440419 0.7739706635 -0.4186914861 -0.4206179678 0.6176488400 0.6645227075 0.7729254365 -0.1395684034 0.6189563274
-29.3 60.7 2512.2 0.4932044446 0.7552955747 -0.4315993786 -0.4056998193 0.6385899186 0.6539193988 0.7695174217 -0.1474161446 0.6213786602
51.6 244.7 2374.8 0.3125801384 0.3000225425 -0.9012658596 0.9037343264 0.1982388198 0.3794279993 0.2925028503 -0.9331065416 -0.2091751546
-24.9 23.7 2303.2 -0.7026872039 0.3000225425 -0.6451489329 0.7074674368 0.1982388198 -0.6783739328 -0.0756339058 -0.9331065416 -0.3515560627
190.1 130.6 2591.0 -0.1321627051 0.8713858724 -0.4724612832 -0.9898101091 -0.1415032893 0.0158997215 -0.0530000366 0.4697482884 0.8812080026
161.9 -81.0 2579.7 0.3794496059 0.8713858724 -0.3109736741 -0.4125351906 -0.1415032893 -0.8998841643 -0.8281501532 0.4697482884 0.3057839870
-226.2 -30.2 2477.7 0.6195728779 -0.0207641944 -0.7846644521 0.0383866280 0.9992554784 0.0038673568 0.7839999795 -0.0325167328 0.6199086308
-217.9 -427.5 2490.6 0.6194567084 0.0329473056 -0.7843391299 -0.0641795322 0.9978998303 -0.0087695867 0.7824029326 0.0557708964 0.6202702522
-132.1 -105.7 2615.4 0.3352157176 -0.1884485185 -0.9231021404 0.0953073576 0.9815481305 -0.1657701433 0.9373083711 -0.0324096754 0.3469908834
-57.2 -495.7 2628.3 0.3425044119 -0.0425557271 -0.9385519624 -0.0211317390 0.9983719587 -0.0529796593 0.9392785430 0.0379790030 0.3410475552
157.3 -159.7 2322.8 0 0 0 0 0 0 0 0 0
260.4 -188.0 2364.7 0 0 0 0 0 0 0 0 0
-228.7 -752.9 2472.4 0 0 0 0 0 0 0 0 0
-46.9 -737.7 2619.0 0 0 0 0 0 0 0 0 0
269.8 305.5 2451.5 3 0.4445458949 0.7786669135 -0.4427829385 -0.3574596047 0.6074582338 0.7093779445 0.8213413358 -0.1570740491 0.5483850241
115.0 184.8 2482.7 0.4445458949 0.7786669135 -0.4427829385 -0.3574596047 0.6074582338 0.7093779445 0.8213413358 -0.1570740491 0.5483850241
-35.6 59.4 2515.7 0.4639033973 0.7576711774 -0.4590512514 -0.3418533802 0.6311537623 0.6962623000 0.8172698021 -0.1660702080 0.5518068075
50.0 232.6 2368.2 0.3181368411 0.2881472707 -0.9031943679 0.9076234698 0.1826481074 0.3779673576 0.2738770247 -0.9400057793 -0.2034221292
-23.4 23.3 2305.1 -0.6988140345 0.2881472707 -0.6546984911 0.7112531662 0.1826481074 -0.6787920594 -0.0760126337 -0.9400057793 -0.3325827122
180.1 136.9 2597.2 -0.1268718094 0.8518784046 -0.5081404448 -0.9917560220 -0.0996524096 0.0805567652 0.0179871544 0.5141717196 0.8574986458
153.1 -74.7 2601.0 0.4146069586 0.8518784046 -0.3200065792 -0.4715280533 -0.0996524096 -0.8762024045 -0.7783073783 0.5141717196 0.3603679836
-224.5 -29.0 2471.1 0.5888355374 -0.0176095385 -0.8080610037 0.0424492247 0.9990566373 0.0091610486 0.8071373701 -0.0396959148 0.5890275836
-217.5 -426.2 2486.8 0.5881652236 0.0360628255 -0.8079363704 -0.0571350977 0.9983620644 0.0029691455 0.8067200780 0.0444151759 0.5892622471
-134.2 -103.4 2612.0 0.3114970922 -0.2017188966 -0.9285898209 0.0975809395 0.9788330197 -0.1798996031 0.9452235103 -0.0345744602 0.3245875835
-54.0 -492.4 2625.8 0.3166659474 -0.0279173832 -0.9481261969 -0.0152156595 0.9992886782 -0.0345057510 0.9484151006 0.0253531616 0.3160158992
158.0 -161.3 2324.8 0 0 0 0 0 0 0 0 0
260.4 -196.7 2399.6 0 0 0 0 0 0 0 0 0
-229.3 -753.3 2472.3 0 0 0 0 0 0 0 0 0
-47.1 -739.0 2619.5 0 0 0 0 0 0 0 0 0
270.9 307.0 2448.6 4 0.4531580210 0.7787842751 -0.4337543547 -0.3585627377 0.6047263145 0.7111531496 0.8161376119 -0.1667366177 0.5532795787
115.4 186.2 2481.9 0.4531580210 0.7787842751 -0.4337543547 -0.3585627377 0.6047263145 0.7111531496 0.8161376119 -0.1667366177 0.5532795787
-35.0 60.9 2516.5 0.4726319313 0.7561795712 -0.4525611103 -0.3428868949 0.6308665276 0.6960144043 0.8118174672 -0.1737813503 0.5574517250
49.0 234.3 2368.0 0.2697491050 0.2634675801 -0.9261858463 0.9261992574 0.1921315193 0.3244077265 0.2634204030 -0.9453413486 -0.1921961755
-15.3 13.5 2305.1 -0.7321020961 0.2634675801 -0.6281809807 0.6779659390 0.1921315193 -0.7095404863 -0.0662475303 -0.9453413486 -0.3192819357
181.8 138.1 2595.9 -0.1262450367 0.8578776717 -0.4981044829 -0.9918308258 -0.0999106988 0.0793057904 0.0182686988 0.5040473342 0.8634827733
154.8 -73.8 2599.8 0.4053460956 0.8578776717 -0.3158170581 -0.4712971151 -0.0999106988 -0.8762972355 -0.7833093405 0.5040473342 0.3638168573
-228.7 -34.7 2474.0 0.5975951552 -0.0306137782 -0.8012133241 0.0446108244 0.9989924431 -0.0048972210 0.8005560040 -0.0328162313 0.5983587503
-216.6 -431.9 2487.0 0.5971404314 0.0363308713 -0.8013135195 -0.0626999214 0.9980313182 -0.0014742170 0.7996824384 0.0511226095 0.5982428193
-143.9 -97.1 2623.3 0.3227311075 -0.2293231636 -0.9182894826 0.0927431807 0.9731974602 -0.2104408443 0.9419359565 -0.0172492787 0.3353492618
-52.8 -483.8 2630.1 0.3280601799 -0.0219252128 -0.9444023371 -0.0326153859 0.9988716841 -0.0345194861 0.9440935850 0.0421265177 0.3269749284
174.6 -162.4 2322.3 0 0 0 0 0 0 0 0 0
260.0 -196.1 2396.6 0 0 0 0 0 0 0 0 0
-228.3 -754.3 2470.5 0 0 0 0 0 0 0 0 0
-47.2 -737.9 2619.4 0 0 0 0 0 0 0 0 0
271.1 305.9 2449.2 5 0.4762621224 0.7758353949 -0.4138282537 -0.3993541002 0.6101446748 0.6842805147 0.7833841443 -0.1606328785 0.6004218459
116.4 184.3 2481.2 0.4762621224 0.7758353949 -0.4138282537 -0.3993541002 0.6101446748 0.6842805147 0.7833841443 -0.1606328785 0.6004218459
-33.6 58.2 2514.5 0.4955148697 0.7547220588 -0.4299530685 -0.3837006390 0.6342746615 0.6711702347 0.7792553306 -0.1676015556 0.6038798690
46.8 238.1 2371.9 0.2593463659 0.2579060495 -0.9307115078 0.9232791066 0.2165393680 0.3172797263 0.2833640575 -0.9415917993 -0.1819605678
-16.1 14.0 2303.1 -0.7423766851 0.2579060495 -0.6183537245 0.6681377292 0.2165393680 -0.7118304968 -0.0496874638 -0.9415917993 -0.3330705464
186.0 130.4 2590.6 -0.1328233480 0.8725149035 -0.4701869190 -0.9908301830 -0.1287447810 0.0409914851 -0.0247684307 0.4713200331 0.8816143870
157.7 -81.2 2585.3 0.3772115409 0.8725149035 -0.3105305731 -0.4356041253 -0.1287447810 -0.8908837438 -0.8172885180 0.4713200331 0.3315070868
-228.6 -33.1 2476.7 0.6219424009 -0.0276919883 -0.7825732231 0.0344243795 0.9993752241 -0.0080052651 0.7823059559 -0.0219607837 0.6225070953
-217.6 -430.4 2485.4 0.6213344336 0.0344389044 -0.7827882767 -0.0542492196 0.9985270500 0.0008703115 0.7816652060 0.0419248976 0.6222875118
-142.0 -95.9 2625.3 0.3451010287 -0.2245486677 -0.9113085270 0.0796614215 0.9744628668 -0.2099432796 0.9351787567 -0.0001444881 0.3541760147
-52.8 -483.1 2625.3 0.3487236798 -0.0218223725 -0.9369714856 -0.0148529457 0.9994746447 -0.0288060885 0.9371078610 0.0239621513 0.3482163548
176.7 -159.5 2316.0 0 0 0 0 0 0 0 0 0
255.5 -194.2 2373.4 0 0 0 0 0 0 0 0 0
-228.8 -754.5 2471.8 0 0 0 0 0 0 0 0 0
-47.3 -735.4 2619.3 0 0 0 0 0 0 0 0 0
273.0 307.4 2448.0 6 0.4979697764 0.7785892487 -0.3818702400 -0.4474060535 0.6078845263 0.6559758186 0.7428687215 -0.1558050662 0.6510536671
116.9 185.5 2479.2 0.4979697764 0.7785892487 -0.3818702400 -0.4474060535 0.6078845263 0.6559758186 0.7428687215 -0.1558050662 0.6510536671
-33.7 59.6 2510.9 0.5167789459 0.7572973371 -0.3992996514 -0.4322048724 0.6333849430 0.6418897510 0.7390118241 -0.1591358781 0.6546276212
44.4 246.1 2375.6 0.2560233474 0.2952838242 -0.9204670191 0.9186678529 0.2220097184 0.3267431855 0.3008345962 -0.9292573333 -0.2144280821
-19.3 17.5 2300.8 -0.7291113138 0.2952838242 -0.6174173355 0.6809071302 0.2220097184 -0.6979091763 -0.0690086484 -0.9292573333 -0.3629306555
189.4 124.9 2582.9 -0.1478996277 0.8862838149 -0.4388926029 -0.9862121344 -0.1654759794 -0.0018188136 -0.0742381662 0.4325722158 0.8985376954
157.8 -85.7 2567.0 0.3426811397 0.8862838149 -0.3115616143 -0.3940108716 -0.1654759794 -0.9040868878 -0.8528335690 0.4325722158 0.2924999595
-229.1 -32.7 2476.5 0.6480104327 -0.0312389508 -0.7609905601 0.0311679132 0.9994091988 -0.0144855427 0.7609934807 -0.0143317031 0.6486012340
-216.7 -430.0 2482.2 0.6469573379 0.0392604433 -0.7615148425 -0.0499776267 0.9987094998 0.0090298802 0.7608866096 0.0322167575 0.6480845809
-138.3 -102.9 2619.1 0.3631333709 -0.2147503644 -0.9066511989 0.0935775265 0.9765619636 -0.1938296854 0.9270260930 -0.0144561529 0.3747180402
-53.0 -491.0 2624.8 0.3672745824 -0.0218962468 -0.9298548102 -0.0082949977 0.9996060133 -0.0268151145 0.9300755858 0.0175616536 0.3669482470
170.0 -159.4 2318.7 0 0 0 0 0 0 0 0 0
246.6 -187.8 2346.0 0 0 0 0 0 0 0 0 0
-229.4 -754.1 2471.7 0 0 0 0 0 0 0 0 0
-47.6 -736.4 2620.5 0 0 0 0 0 0 0 0 0
273.2 308.4 2446.9 7 0.4975885153 0.7788957357 -0.3817421794 -0.4341713190 0.6046399474 0.6677618027 0.7509334087 -0.1665290892 0.6390360594
117.3 187.4 2480.2 0.4975885153 0.7788957357 -0.3817421794 -0.4341713190 0.6046399474 0.6677618027 0.7509334087 -0.1665290892 0.6390360594
-33.6 62.3 2513.2 0.5130997300 0.7590511441 -0.4007119238 -0.4217236042 0.6295574307 0.6525385976 0.7475813627 -0.1658276916 0.6431355476
45.2 246.6 2375.2 0.3048486114 0.2710362375 -0.9130206108 0.9006910324 0.2295403183 0.3688724637 0.3095528483 -0.9347997904 -0.1741448641
-30.3 23.5 2298.5 -0.7689116001 0.2710362375 -0.5790633559 0.6358554959 0.2295403183 -0.7368847132 -0.0668040738 -0.9347997904 -0.3488360941
189.4 128.2 2585.2 -0.1485769749 0.8845783472 -0.4420928061 -0.9870863557 -0.1597287357 0.0121370992 -0.0598787107 0.4381870627 0.8968871832
157.7 -82.8 2572.4 0.3450695872 0.8845783472 -0.3137645125 -0.4079225063 -0.1597287357 -0.8989360332 -0.8452965021 0.4381870627 0.3057218790
