-156.9 404.7 2777.5 56 0.5905357599 0.5214860439 -0.6158894300 -0.3871557117 0.8526853919 0.3507679105 0.7080804706 0.0313041098 0.7054375410
-263.0 231.3 2771.2 0.5905357599 0.5214860439 -0.6158894300 -0.3871557117 0.8526853919 0.3507679105 0.7080804706 0.0313041098 0.7054375410
-360.6 58.4 2764.7 0.6026319861 0.4911103547 -0.6290034056 -0.3665711582 0.8704856634 0.3284513354 0.7088443041 0.0326392092 0.7046093941
-350.9 284.8 2667.8 -0.0861494839 0.2040314227 -0.9751663804 0.9159321785 0.4013214707 0.0030508759 0.3919776976 -0.8929234147 -0.2214525938
-329.8 60.4 2571.8 -0.9287564158 0.2040314227 -0.3094877899 0.3677046299 0.4013214707 -0.8388887644 -0.0469555743 -0.8929234147 -0.4477531910
-175.1 177.8 2874.5 0.0422025248 0.8105376959 0.5841639638 -0.9823535681 0.1402933449 -0.1236900166 -0.1822097450 -0.5686355233 0.8021553755
-163.5 -91.9 2824.5 -0.5785123706 0.8105376959 0.0913896337 0.0402794704 0.1402933449 -0.9892902970 -0.8146784902 -0.5686355233 -0.1138094664
-511.8 -76.9 2691.4 -0.9990493059 -0.0396670252 -0.0180834569 -0.0409733281 0.9960526228 0.0787420571 0.0148886116 0.0794081390 -0.9967309833
-496.0 -472.7 2659.8 -0.9962341785 -0.0825010017 -0.0266654082 -0.0867030472 0.9486674070 0.3041590154 0.0002031816 0.3053255677 -0.9522479773
-404.5 -143.6 2823.6 -0.8599661589 0.0939377993 0.5016312003 0.0962607712 0.9951276183 -0.0213285908 -0.5011906624 0.0299455430 -0.8648185730
-441.8 -538.9 2811.7 -0.8430118561 -0.1715644896 0.5098005533 -0.0729630142 0.9754827023 0.2076292336 -0.5329234600 0.1378373206 -0.8348613381
-81.6 -37.9 2584.3 0 0 0 0 0 0 0 0 0
-303.8 -82.2 2626.9 0 0 0 0 0 0 0 0 0
-465.1 -828.7 2545.2 0 0 0 0 0 0 0 0 0
-393.3 -814.5 2772.8 0 0 0 0 0 0 0 0 0
-162.6 402.4 2776.2 57 0.6236196756 0.5011914968 -0.5999212861 -0.3966590166 0.8641720414 0.3096261024 0.6736171842 0.0448752642 0.7377167940
-264.7 226.3 2767.0 0.6236196756 0.5011914968 -0.5999212861 -0.3966590166 0.8641720414 0.3096261024 0.6736171842 0.0448752642 0.7377167940
-359.2 51.8 2759.4 0.6365703940 0.4752207100 -0.6074071527 -0.3735379279 0.8790327311 0.2962615192 0.6747203469 0.0382983051 0.7370791435
-357.6 280.8 2668.7 -0.1804289520 0.2429886609 -0.9531012177 0.9012207985 0.4290124178 -0.0612329170 0.3940133452 -0.8700028062 -0.2963927090
-312.8 57.2 2571.0 -0.9134212732 0.2429886609 -0.3265242577 0.4030970037 0.4290124178 -0.8083694577 -0.0563416556 -0.8700028062 -0.4898170531
-171.9 171.9 2865.3 0.0539422296 0.7850512266 0.6170776486 -0.9759486914 0.1721696854 -0.1337224990 -0.2112210691 -0.5950228572 0.7754569650
-157.1 -96.1 2807.3 -0.6103169322 0.7850512266 0.1058672518 0.0508170538 0.1721696854 -0.9837556481 -0.7905257344 -0.5950228572 -0.1449720562
-513.4 -81.0 2693.3 -0.9972536564 -0.0474442244 -0.0568699837 -0.0519112609 0.9954556823 0.0798324943 0.0528239571 0.0825654417 -0.9951847196
-494.5 -476.5 2660.5 -0.9947160482 -0.0785078406 -0.0661554486 -0.0950212777 0.9480100274 0.3037235439 0.0388713516 0.3084048331 -0.9504606724
-403.0 -148.1 2823.1 -0.8806585670 0.0905648768 0.4650144875 0.0897843838 0.9956749678 -0.0238783676 -0.4651658237 0.0207223520 -0.8849809766
-439.0 -543.7 2814.8 -0.8648146987 -0.1677121967 0.4732527733 -0.0731139705 0.9745815396 0.2117666900 -0.4967392683 0.1485375613 -0.8550945520
-69.8 -50.0 2585.9 0 0 0 0 0 0 0 0 0
-305.1 -83.8 2615.6 0 0 0 0 0 0 0 0 0
-465.1 -831.9 2544.8 0 0 0 0 0 0 0 0 0
-392.0 -816.5 2773.3 0 0 0 0 0 0 0 0 0
-160.8 404.0 2776.0 58 0.6226157546 0.5148119926 -0.5893371105 -0.4144736230 0.8557570577 0.3096634448 0.6637478471 0.0514633246 0.7461838126
-265.2 230.4 2765.5 0.6226157546 0.5148119926 -0.5893371105 -0.4144736230 0.8557570577 0.3096634448 0.6637478471 0.0514633246 0.7461838126
-362.4 57.5 2755.5 0.6340257525 0.4889956117 -0.5990781784 -0.3948483467 0.8708037734 0.2929087281 0.6649106145 0.0508333407 0.7451911569
-357.7 288.0 2668.6 -0.2091630399 0.2938271165 -0.9326931238 0.9012113214 0.4281338155 -0.0672276691 0.3795641363 -0.8546151519 -0.3543500900
-303.8 55.7 2570.7 -0.8992353082 0.2938271165 -0.3241010010 0.4269647598 0.4281338155 -0.7964938879 -0.0952729061 -0.8546151519 -0.5104468465
-172.7 172.8 2862.5 0.0377363190 0.7846749425 0.6187577844 -0.9728958011 0.1702164412 -0.1565250158 -0.2281440049 -0.5960801840 0.7698303461
-162.4 -94.3 2799.8 -0.6133597493 0.7846749425 0.0898611471 0.0737959445 0.1702164412 -0.9826395512 -0.7863485217 -0.5960801840 -0.1623097509
-511.9 -88.7 2689.9 -0.9973744154 -0.0409499183 -0.0597271025 -0.0454032496 0.9961330295 0.0752166808 0.0564160235 0.0777309984 -0.9953768849
-495.6 -484.5 2659.0 -0.9940663576 -0.0852290094 -0.0675873458 -0.1018759906 0.9472471476 0.3038817048 0.0381223857 0.3089641035 -0.9503093362
-395.3 -157.0 2813.4 -0.8820399642 0.1136494800 0.4572627842 0.1060075983 0.9934595227 -0.0424333960 -0.4590945840 0.0110453786 -0.8883187175
-440.5 -551.7 2809.0 -0.8642193675 -0.1764092445 0.4711737633 -0.0899788588 0.9756076932 0.2002334595 -0.4950037599 0.1306499541 -0.8590121269
-66.1 -57.2 2595.9 0 0 0 0 0 0 0 0 0
-311.1 -76.4 2609.1 0 0 0 0 0 0 0 0 0
-464.3 -832.9 2545.4 0 0 0 0 0 0 0 0 0
-392.2 -818.9 2773.2 0 0 0 0 0 0 0 0 0
-160.6 406.3 2785.9 59 0.6085576415 0.5109788775 -0.6070899367 -0.4394798577 0.8540525436 0.2783013880 0.6606928706 0.0974413678 0.7443051338
-263.4 234.5 2766.3 0.6085576415 0.5109788775 -0.6070899367 -0.4394798577 0.8540525436 0.2783013880 0.6606928706 0.0974413678 0.7443051338
-360.4 62.2 2747.7 0.6195743680 0.4886336029 -0.6143002510 -0.4205071628 0.8674557209 0.2658839524 0.6627981067 0.0935827941 0.7429272532
-353.8 295.8 2669.6 -0.2387546599 0.3464775980 -0.9071656466 0.9062909484 0.4150107801 -0.0800176263 0.3487592041 -0.8412605524 -0.4130952656
-290.2 54.1 2576.6 -0.8652075529 0.3464775980 -0.3624488115 0.4878938198 0.4150107801 -0.7679359913 -0.1156524569 -0.8412605524 -0.5281147361
-172.9 173.1 2862.9 0.0416054353 0.7971609235 0.6023316383 -0.9637539387 0.1910264343 -0.1862452626 -0.2635287344 -0.5727506876 0.7762147188
-161.5 -91.5 2790.5 -0.5966655612 0.7971609235 0.0923290998 0.1041821167 0.1910264343 -0.9760404825 -0.7956986427 -0.5727506876 -0.1970288008
-517.6 -79.3 2684.4 -0.9978622198 -0.0543275028 -0.0363254026 -0.0565022118 0.9964883327 0.0617942289 0.0328407139 0.0637145862 -0.9974276423
-496.1 -475.3 2659.1 -0.9953342676 -0.0836790502 -0.0480371639 -0.0941413119 0.9513365626 0.2934215069 0.0211462788 0.2965747416 -0.9547755122
-401.5 -151.6 2806.2 -0.8769614697 0.1050368920 0.4689411521 0.0807557777 0.9941547513 -0.0716576427 -0.4737267792 -0.0249712858 -0.8803177476
-443.2 -546.4 2816.1 -0.8590906262 -0.1801206619 0.4790823162 -0.0786452815 0.9713694453 0.2241792083 -0.5057452321 0.1549126953 -0.8486599922
-61.9 -74.6 2607.1 0 0 0 0 0 0 0 0 0
-306.2 -66.2 2597.5 0 0 0 0 0 0 0 0 0
-464.6 -832.7 2547.7 0 0 0 0 0 0 0 0 0
-392.6 -819.3 2772.6 0 0 0 0 0 0 0 0 0
-157.1 405.9 2780.8 60 0.6637619734 0.5124313831 -0.5448248982 -0.4662722647 0.8530563712 0.2342754006 0.5848163962 0.0985336229 0.8051589131
-260.0 234.5 2761.0 0.6637619734 0.5124313831 -0.5448248982 -0.4662722647 0.8530563712 0.2342754006 0.5848163962 0.0985336229 0.8051589131
-357.3 62.6 2740.8 0.6741048694 0.4887074828 -0.5538480282 -0.4485063851 0.8665903807 0.2187764049 0.5868770480 0.1009261534 0.8033612370
-358.2 299.8 2675.6 -0.2665326595 0.5312211514 -0.8042166829 0.8932624459 0.4495346844 0.0008936935 0.3619980216 -0.7181383371 -0.5943355560
-284.4 52.6 2575.5 -0.7880566120 0.5312211514 -0.3110802472 0.5733993649 0.4495346844 -0.6849319339 -0.2240089625 -0.7181383371 -0.6588606238
-161.9 169.3 2846.4 0.0266524665 0.7467935681 0.6645216346 -0.9477071166 0.2303622365 -0.2208721489 -0.3180266023 -0.6238850355 0.7138813138
-154.6 -91.0 2759.1 -0.6598961949 0.7467935681 0.0826820657 0.1400405616 0.2303622365 -0.9629755616 -0.7381907701 -0.6238850355 -0.2565965652
-514.2 -71.4 2668.4 -0.9924787879 -0.0510253422 -0.1112755388 -0.0512579195 0.9986851215 -0.0007715212 0.1111686006 0.0049380343 -0.9937893152
-494.0 -467.6 2666.4 -0.9899309874 -0.0726643726 -0.1214766279 -0.1064045876 0.9479690194 0.3000546098 0.0933528095 0.3099590242 -0.9461557269
-400.6 -148.5 2789.8 -0.9156450629 0.1179253012 0.3843016922 0.0717550218 0.9885967970 -0.1323919296 -0.3955317736 -0.0936484337 -0.9136654735
-447.3 -540.3 2826.9 -0.8974770308 -0.1858601421 0.3999887705 -0.0830336735 0.9618603587 0.2606340349 -0.4331748188 0.2007005215 -0.8786801696
-78.7 -97.0 2633.9 0 0 0 0 0 0 0 0 0
-314.6 -57.0 2580.1 0 0 0 0 0 0 0 0 0
-466.2 -829.1 2548.2 0 0 0 0 0 0 0 0 0
-393.8 -817.3 2769.1 0 0 0 0 0 0 0 0 0
-154.0 408.6 2777.8 61 0.6506268978 0.5168416500 -0.5563806295 -0.4565745890 0.8516835570 0.2572444677 0.6068149209 0.0866590738 0.7901049852
-258.5 236.3 2760.3 0.6506268978 0.5168416500 -0.5563806295 -0.4565745890 0.8516835570 0.2572444677 0.6068149209 0.0866590738 0.7901049852
-355.7 64.1 2742.2 0.6622999907 0.4887433648 -0.5678808093 -0.4366153479 0.8677110076 0.2375809103 0.6088725328 0.0905956477 0.7880778313
-355.0 300.0 2671.6 -0.1347609609 0.3987730145 -0.9070940018 0.9074234962 0.4173881114 0.0486805737 0.3980227709 -0.8165581822 -0.4181036055
-319.1 58.1 2565.5 -0.8625211120 0.3987730145 -0.3115082681 0.4731685519 0.4173881114 -0.7758213282 -0.1793567538 -0.8165581822 -0.5486928821
-162.0 172.7 2849.0 0.0302977078 0.7585409284 0.6509206295 -0.9545809627 0.2150731683 -0.2062005401 -0.2964071035 -0.6151090860 0.7306050062
-153.6 -89.4 2767.6 -0.6460359693 0.7585409284 0.0851655528 0.1248408258 0.2150731683 -0.9685857296 -0.7530287504 -0.6151090860 -0.2336418778
-515.9 -68.6 2667.3 -0.9935771227 -0.0630825832 -0.0939418674 -0.0625196621 0.9980038404 -0.0089262649 0.0943174362 -0.0029957185 -0.9955376387
-490.9 -464.8 2668.5 -0.9918003678 -0.0667298436 -0.1089913249 -0.0972293317 0.9474809766 0.3046740890 0.0829363465 0.3127730191 -0.9462000728
-392.9 -150.4 2774.3 -0.9070078731 0.1345626861 0.3990357816 0.0732829645 0.9835504293 -0.1651003659 -0.4146881700 -0.1205048114 -0.9019491673
-446.3 -540.5 2822.1 -0.8892267942 -0.1824614704 0.4195038974 -0.0835294276 0.9663589001 0.2432555705 -0.4497761130 0.1812684387 -0.8745531440
-121.4 -50.3 2606.6 0 0 0 0 0 0 0 0 0
-310.3 -59.2 2584.9 0 0 0 0 0 0 0 0 0
-465.0 -832.1 2547.2 0 0 0 0 0 0 0 0 0
-395.1 -811.4 2771.3 0 0 0 0 0 0 0 0 0
-156.2 407.4 2777.3 62 0.6483693123 0.5160737038 -0.5597188473 -0.4531657398 0.8523715734 0.2609664202 0.6117663383 0.0844427869 0.7865185142
-260.8 234.6 2760.2 0.6483693123 0.5160737038 -0.5597188473 -0.4531657398 0.8523715734 0.2609664202 0.6117663383 0.0844427869 0.7865185142
-358.1 62.2 2743.7 0.6608042121 0.4899612367 -0.5685734749 -0.4319042265 0.8677718639 0.2458265871 0.6138375401 0.0831260234 0.7850436568
-357.2 297.6 2670.7 0.0058178231 0.2623627186 -0.9649518132 0.9089761376 0.4008253217 0.1144615635 0.4168075621 -0.8777840734 -0.2361495346
-358.7 66.5 2564.7 -0.9135160446 0.2623627186 -0.3108926117 0.3962381482 0.4008253217 -0.8260353208 -0.0921072513 -0.8777840734 -0.4701184928
-164.4 171.6 2849.7 0.0292215738 0.7596997619 0.6496170759 -0.9573623538 0.2081359774 -0.2003414482 -0.2874080539 -0.6160646677 0.7333900332
-156.4 -91.3 2770.7 -0.6448279023 0.7596997619 0.0839831680 0.1187677607 0.2081359774 -0.9708623290 -0.7550438046 -0.6160646677 -0.2244397402
-513.4 -68.4 2668.6 -0.9943504333 -0.0478417166 -0.0947542489 -0.0500374697 0.9985279441 0.0209329743 0.0936132967 0.0255559739 -0.9952805638
-494.4 -464.8 2658.4 -0.9920520186 -0.0710262656 -0.1038655713 -0.0974231586 0.9559782147 0.2767931223 0.0796336383 0.2847121060 -0.9552996755
-392.2 -148.2 2779.9 -0.9052841067 0.1365558952 0.4022601247 0.0783550814 0.9843538404 -0.1578225344 -0.4175179303 -0.1113551036 -0.9018197060
-446.4 -539.0 2824.1 -0.8874914646 -0.1819512695 0.4233824015 -0.0802381858 0.9657302499 0.2468339056 -0.4537849128 0.1850915402 -0.8716767430
-138.4 -29.1 2586.9 0 0 0 0 0 0 0 0 0
-312.8 -62.5 2587.6 0 0 0 0 0 0 0 0 0
-467.0 -833.8 2548.5 0 0 0 0 0 0 0 0 0
-395.0 -811.9 2771.8 0 0 0 0 0 0 0 0 0
-161.6 406.1 2780.0 63 0.6413245797 0.5007348061 -0.5813496709 -0.4370719790 0.8611548543 0.2595773935 0.6306114793 0.0876182765 0.7711369395
-263.0 231.8 2762.3 0.6413245797 0.5007348061 -0.5813496709 -0.4370719790 0.8611548543 0.2595773935 0.6306114793 0.0876182765 0.7711369395
-356.7 57.4 2746.3 0.6558603048 0.4719810486 -0.5891359448 -0.4110849202 0.8778734803 0.2456570119 0.6331322789 0.0810682252 0.7697866559
-358.7 291.8 2669.9 0.0146041606 0.2493706495 -0.9682980180 0.9011126757 0.4164083600 0.1208305880 0.4333389699 -0.8743101954 -0.2186297476
-362.4 63.5 2560.1 -0.9199092388 0.2493706495 -0.3026238978 0.3839892149 0.4164083600 -0.8241094351 -0.0794935822 -0.8743101954 -0.4788135588
-167.3 171.8 2854.6 0.0528840311 0.7682871222 0.6379170418 -0.9604326487 0.2140567005 -0.1781821996 -0.2734455168 -0.6032533646 0.7492082119
-152.8 -92.0 2779.5 -0.6311711669 0.7682871222 0.1065729037 0.0964283720 0.2140567005 -0.9720500708 -0.7696262002 -0.6032533646 -0.2091910988
-516.0 -70.6 2671.0 -0.9960036278 -0.0458722003 -0.0766319558 -0.0492597111 0.9978635907 0.0429148860 0.0744996369 0.0465182513 -0.9961354733
-497.8 -466.9 2652.5 -0.9932457209 -0.0790030509 -0.0849790648 -0.0990279093 0.9588698149 0.2660114765 0.0604681410 0.2726300657 -0.9602168798
-395.0 -149.7 2783.4 -0.8952662349 0.1279454082 0.4267649651 0.0754427388 0.9875804186 -0.1378160119 -0.4390976429 -0.0911857039 -0.8937999606
-445.8 -541.9 2819.6 -0.8781660199 -0.1781429499 0.4439476430 -0.0782407895 0.9690618515 0.2340887338 -0.4719139636 0.1708339602 -0.8649352193
-132.6 -32.4 2580.0 0 0 0 0 0 0 0 0 0
-305.9 -68.6 2592.9 0 0 0 0 0 0 0 0 0
-467.7 -832.7 2548.5 0 0 0 0 0 0 0 0 0
-396.4 -810.4 2772.3 0 0 0 0 0 0 0 0 0
-169.7 407.6 2778.9 64 0.5972208977 0.4920380712 -0.6334238052 -0.4040155709 0.8667690754 0.2923743129 0.6928914785 0.0813010260 0.7164437175
-269.7 231.5 2762.4 0.5972208977 0.4920380712 -0.6334238052 -0.4040155709 0.8667690754 0.2923743129 0.6928914785 0.0813010260 0.7164437175
-362.6 56.6 2747.5 0.6093462706 0.4670603275 -0.6407431364 -0.3819186389 0.8810659647 0.2790357769 0.6948634982 0.0746823251 0.7152532935
-358.4 287.2 2661.1 -0.1235199496 0.3444022238 -0.9306610227 0.9129295945 0.4070518315 0.0294678099 0.3889760673 -0.8459880948 -0.3646940291
-327.4 57.7 2563.4 -0.8773365617 0.3444022238 -0.3341670334 0.4602912664 0.4070518315 -0.7889491320 -0.1356925517 -0.8459880948 -0.5156468153
-180.9 175.9 2863.6 0.0697409809 0.8088495731 0.5838652253 -0.9715791345 0.1877952665 -0.1441072971 -0.2262082547 -0.5572210550 0.7989584208
-161.8 -90.9 2801.5 -0.5758887529 0.8088495731 0.1188044623 0.0615338013 0.1877952665 -0.9802787900 -0.8152090311 -0.5572210550 -0.1579207778
-510.6 -79.3 2672.2 -0.9994859695 -0.0307961497 -0.0089093624 -0.0311773531 0.9984366894 0.0463917069 0.0074667484 0.0466456302 -0.9988836050
-498.4 -476.0 2653.7 -0.9964188933 -0.0830823630 -0.0157053918 -0.0842077136 0.9582847953 0.2731287777 -0.0076419464 0.2734731734 -0.9618492723
-390.5 -154.7 2788.2 -0.8559292555 0.1502950639 0.4947691262 0.0993881077 0.9868046045 -0.1278226078 -0.5074515939 -0.0602329485 -0.8595725298
-450.1 -546.4 2812.1 -0.8343337774 -0.1951620579 0.5155569315 -0.0782989636 0.9677069187 0.2396092415 -0.5456706285 0.1595464945 -0.8226715326
-103.8 -59.5 2597.9 0 0 0 0 0 0 0 0 0
-301.4 -76.0 2603.8 0 0 0 0 0 0 0 0 0
-467.5 -832.4 2551.9 0 0 0 0 0 0 0 0 0
-396.5 -812.1 2768.3 0 0 0 0 0 0 0 0 0
-169.0 408.1 2777.3 65 0.5924007893 0.4904259145 -0.6391742229 -0.3988837898 0.8678497672 0.2961899042 0.6999664307 0.0794930905 0.7097378969
-269.2 230.9 2761.1 0.5924007893 0.4904259145 -0.6391742229 -0.3988837898 0.8678497672 0.2961899042 0.6999664307 0.0794930905 0.7097378969
-360.7 55.2 2746.9 0.6065220833 0.4607347250 -0.6479617953 -0.3728658259 0.8846307397 0.2799991667 0.7022122145 0.0717771202 0.7083403468
-357.6 285.3 2658.7 -0.2324707359 0.4108036757 -0.8815881610 0.9078297019 0.4169044495 -0.0451207943 0.3490022421 -0.8108211756 -0.4698578715
-298.3 54.0 2569.8 -0.8449057937 0.4108036757 -0.3425996602 0.5082652569 0.4169044495 -0.7535629272 -0.1667350978 -0.8108211756 -0.5610422492
-180.7 176.5 2863.5 0.0777801648 0.8118205070 0.5787034631 -0.9727139473 0.1890580952 -0.1344788522 -0.2185812593 -0.5524531603 0.8043740988
-159.4 -90.6 2803.5 -0.5700665116 0.8118205070 0.1263789684 0.0518439114 0.1890580952 -0.9805963635 -0.8199611902 -0.5524531603 -0.1498636305
-511.1 -83.5 2669.2 -0.9992012978 -0.0399308987 -0.0015235172 -0.0399599038 0.9985316396 0.0365748629 0.0000608130 0.0366065316 -0.9993297458
-495.3 -480.3 2654.7 -0.9971643686 -0.0744128972 -0.0112218512 -0.0745830908 0.9573489428 0.2791422009 -0.0100285541 0.2791876197 -0.9601842165
-399.8 -153.3 2796.2 -0.8509135246 0.1312316656 0.5086495876 0.1027549729 0.9911684990 -0.0838241056 -0.5151578188 -0.0190607943 -0.8568833470
-451.9 -546.6 2803.8 -0.8265601397 -0.2046255618 0.5243345499 -0.0967759341 0.9693675041 0.2257456481 -0.5544661880 0.1358493865 -0.8210433125
-78.3 -78.4 2613.2 0 0 0 0 0 0 0 0 0
-297.6 -78.0 2604.6 0 0 0 0 0 0 0 0 0
-467.9 -832.6 2552.0 0 0 0 0 0 0 0 0 0
-395.8 -812.3 2766.5 0 0 0 0 0 0 0 0 0
-170.6 408.4 2778.0 66 0.6374238133 0.4747455716 -0.6068834662 -0.4175371826 0.8747907877 0.2457718700 0.6475751996 0.0967355892 0.7558363676
-268.1 228.7 2758.2 0.6374238133 0.4747455716 -0.6068834662 -0.4175371826 0.8747907877 0.2457718700 0.6475751996 0.0967355892 0.7558363676
-357.2 52.0 2741.8 0.6527773142 0.4479762316 -0.6109002233 -0.3881670833 0.8903034925 0.2380882204 0.6505444646 0.0817127526 0.7550595403
-363.2 285.2 2663.4 -0.2689798176 0.5916409492 -0.7600071430 0.8830322623 0.4665670991 0.0506868325 0.3845827281 -0.6574770808 -0.6479351521
-292.1 51.9 2561.8 -0.7649952769 0.5916409492 -0.2544468641 0.5822848678 0.4665670991 -0.6657773256 -0.2751846015 -0.6574770808 -0.7014251947
-173.0 172.2 2852.9 0.0826603249 0.7749544382 0.6265883446 -0.9613878131 0.2276126891 -0.1546802372 -0.2624895871 -0.5896084309 0.7638462782
-150.3 -91.8 2780.8 -0.6173681021 0.7749544382 0.1352860034 0.0729297027 0.2276126891 -0.9710168242 -0.7832865715 -0.5896084309 -0.1970380098
-507.8 -86.4 2668.4 -0.9980705380 -0.0216674302 -0.0581865497 -0.0234885067 0.9992496371 0.0307977702 0.0574755780 0.0321050622 -0.9978305697
-499.2 -483.4 2655.6 -0.9949091673 -0.0796500295 -0.0617383681 -0.0937497243 0.9562647939 0.2770715356 0.0369694717 0.2814489603 -0.9588637948
-396.8 -154.7 2796.9 -0.8812264204 0.1431582272 0.4504949749 0.1040783972 0.9884108901 -0.1105062440 -0.4610940218 -0.0504942201 -0.8859134316
-453.6 -547.0 2817.0 -0.8568469882 -0.2084154338 0.4715678692 -0.0902137384 0.9611489177 0.2608720958 -0.5076166987 0.1809855551 -0.8423594832
-92.6 -100.0 2633.6 0 0 0 0 0 0 0 0 0
-300.0 -74.2 2590.8 0 0 0 0 0 0 0 0 0
-470.1 -833.0 2552.7 0 0 0 0 0 0 0 0 0
-396.0 -812.6 2766.9 0 0 0 0 0 0 0 0 0
-169.8 412.4 2787.4 67 0.6409798861 0.4574280083 -0.6163638830 -0.4223224223 0.8807183504 0.2144270092 0.6409279108 0.1228608936 0.7577048540
-263.6 231.8 2762.2 0.6409798861 0.4574280083 -0.6163638830 -0.4223224223 0.8807183504 0.2144270092 0.6409279108 0.1228608936 0.7577048540
-349.6 54.0 2741.8 0.6565019488 0.4327524602 -0.6178433895 -0.3913484812 0.8956142068 0.2114746422 0.6448655128 0.1029585749 0.7573295236
-359.4 288.9 2668.2 -0.3235294223 0.7166388631 -0.6178652644 0.8695650697 0.4826409817 0.1044716239 0.3730755150 -0.5034743547 -0.7793126702
-270.2 49.1 2565.4 -0.6777116060 0.7166388631 -0.1647293121 0.6523943543 0.4826409817 -0.5843280554 -0.3392470777 -0.5034743547 -0.7946225405
-167.9 174.8 2856.2 0.0997244641 0.7734460831 0.6259682178 -0.9539559484 0.2531739175 -0.1608446091 -0.2828834653 -0.5811060071 0.7630811334
-140.5 -87.2 2778.5 -0.6153090000 0.7734460831 0.1522367895 0.0796997473 0.2531739175 -0.9641321898 -0.7842466235 -0.5811060071 -0.2174236476
-506.0 -89.4 2666.1 -0.9982026219 -0.0259698723 -0.0540096797 -0.0277289897 0.9991005659 0.0320801288 0.0531279854 0.0335201025 -0.9980249405
-495.7 -486.4 2652.8 -0.9954857826 -0.0745865852 -0.0586929806 -0.0878815725 0.9579278827 0.2732232511 0.0358448513 0.2771479189 -0.9601584077
-386.6 -160.3 2785.0 -0.8767558336 0.1660815775 0.4513492584 0.1278087646 0.9851965308 -0.1142483950 -0.4636422992 -0.0424815528 -0.8850034475
-452.6 -551.5 2801.9 -0.8513146043 -0.2102534920 0.4806838036 -0.1260191202 0.9713125229 0.2016709149 -0.5092961788 0.1111100465 -0.8533884883
-89.9 -124.4 2655.6 0 0 0 0 0 0 0 0 0
-289.7 -67.9 2588.3 0 0 0 0 0 0 0 0 0
-468.7 -833.1 2552.5 0 0 0 0 0 0 0 0 0
-396.8 -809.1 2772.4 0 0 0 0 0 0 0 0 0
-173.5 409.7 2781.6 68 0.6076055765 0.4623821080 -0.6457694769 -0.4180010259 0.8775193691 0.2350211740 0.6753448248 0.1271321326 0.7264618278
-268.0 230.5 2755.6 0.6076055765 0.4623821080 -0.6457694769 -0.4180010259 0.8775193691 0.2350211740 0.6753448248 0.1271321326 0.7264618278
-353.1 52.3 2734.5 0.6267388463 0.4281854033 -0.6510419846 -0.3798683882 0.8973816633 0.2245130986 0.6803663969 0.1065991819 0.7250780463
-359.4 285.9 2656.4 -0.2039707750 0.5244081020 -0.8266752958 0.8938975334 0.4440809488 0.0611493737 0.3991779983 -0.7264903784 -0.5593466759
-308.8 64.1 2557.4 -0.7867785096 0.5244081020 -0.3255391419 0.5789351463 0.4440809488 -0.6838319898 -0.2140413076 -0.7264903784 -0.6529916525
-176.6 175.1 2854.8 0.1117870286 0.7988419533 0.5910627842 -0.9587250352 0.2431796342 -0.1473431736 -0.2614383399 -0.5501956344 0.7930540442
-145.9 -88.2 2783.0 -0.5795094967 0.7988419533 0.1613081843 0.0658437610 0.2431796342 -0.9677438736 -0.8123012781 -0.5501956344 -0.1935236603
-495.8 -88.1 2662.2 -0.9998539090 0.0142659051 -0.0094122440 0.0138299614 0.9988975525 0.0448603518 0.0100418404 0.0447236262 -0.9989489317
-501.4 -484.7 2644.5 -0.9960617423 -0.0884469450 -0.0061783572 -0.0870880187 0.9629216194 0.2553382814 -0.0166346151 0.2548707426 -0.9668320417
-375.5 -159.7 2780.3 -0.8508914113 0.2064941972 0.4830569029 0.1411324441 0.9755586386 -0.1684249043 -0.5060291290 -0.0751363039 -0.8592374921
-457.4 -546.7 2810.1 -0.8225142360 -0.2179326564 0.5253339410 -0.1067276672 0.9664075375 0.2338069826 -0.5586408377 0.1362418979 -0.8181433678
-127.1 -69.6 2606.8 0 0 0 0 0 0 0 0 0
-286.4 -72.2 2586.0 0 0 0 0 0 0 0 0 0
-469.4 -833.1 2552.2 0 0 0 0 0 0 0 0 0
-397.1 -814.0 2772.4 0 0 0 0 0 0 0 0 0
-174.6 411.9 2778.7 69 0.6215047836 0.4708789289 -0.6261029243 -0.4279890060 0.8734784722 0.2320791334 0.6561685801 0.1237268746 0.7444020510
-270.1 234.6 2753.6 0.6215047836 0.4708789289 -0.6261029243 -0.4279890060 0.8734784722 0.2320791334 0.6561685801 0.1237268746 0.7444020510
-356.1 56.9 2731.6 0.6401579976 0.4326445758 -0.6348357201 -0.3914846480 0.8947175741 0.2149889767 0.6610124707 0.1109015346 0.7421343327
-363.5 291.7 2657.2 -0.0654990748 0.3866866827 -0.9198822379 0.8814230561 0.4545623660 0.1283216774 0.4677641392 -0.8024004102 -0.3706079721
-347.1 70.3 2539.7 -0.8721527457 0.3866866827 -0.2997047901 0.4630178511 0.4545623660 -0.7609122992 -0.1580001265 -0.8024004102 -0.5754906535
-176.8 177.5 2850.0 0.1037402302 0.7875254750 0.6074879766 -0.9549157619 0.2496816516 -0.1606080830 -0.2781615555 -0.5634382963 0.7779225111
-148.3 -84.8 2773.6 -0.5965555906 0.7875254750 0.1546773762 0.0793829933 0.2496816516 -0.9650685787 -0.7986361980 -0.5634382963 -0.2114651203
-495.5 -91.3 2651.0 -0.9994135499 0.0139825335 -0.0312576778 0.0133478409 0.9997023344 0.0204224493 0.0315339305 0.0199932512 -0.9993026853
-501.1 -488.3 2643.1 -0.9960563183 -0.0844781473 -0.0271149687 -0.0886003226 0.9631577730 0.2539234757 0.0046650073 0.2553244829 -0.9668441415
-380.8 -160.8 2775.5 -0.8640921116 0.1885486990 0.4666842520 0.1360668838 0.9801681638 -0.1440698355 -0.4845932424 -0.0609893389 -0.8726108670
-455.6 -549.9 2799.8 -0.8360763192 -0.2185944021 0.5031827092 -0.1271055788 0.9694166183 0.2099417895 -0.5336858034 0.1115700379 -0.8382908702
-139.9 -39.7 2577.2 0 0 0 0 0 0 0 0 0
-293.0 -65.5 2579.9 0 0 0 0 0 0 0 0 0
-471.0 -831.4 2552.1 0 0 0 0 0 0 0 0 0
-396.4 -812.5 2769.5 0 0 0 0 0 0 0 0 0
-176.5 410.9 2777.2 70 0.5987563729 0.4698972404 -0.6486042142 -0.4298012257 0.8718439937 0.2348595262 0.6758415103 0.1381472349 0.7239845395
-271.6 234.6 2749.3 0.5987563729 0.4698972404 -0.6486042142 -0.4298012257 0.8718439937 0.2348595262 0.6758415103 0.1381472349 0.7239845395
-358.3 57.4 2725.5 0.6172167659 0.4367244542 -0.6544579864 -0.3938949108 0.8915751576 0.2234736830 0.6810948849 0.1198559627 0.7223187089
-361.6 292.1 2650.0 -0.0121426424 0.3586864173 -0.9333791137 0.8811470270 0.4450990558 0.1595830917 0.4726864696 -0.8205064535 -0.3214601278
-358.5 67.6 2529.5 -0.8914280534 0.3586864173 -0.2769478559 0.4241204858 0.4450990558 -0.7886752486 -0.1596178561 -0.8205064535 -0.5489000678
-181.5 177.1 2848.6 0.1038014665 0.8057548404 0.5830817819 -0.9569452405 0.2406891733 -0.1622485220 -0.2710739970 -0.5411356688 0.7960471511
-153.0 -85.7 2774.2 -0.5722314119 0.8057548404 0.1526770741 0.0808461756 0.2406891733 -0.9672293663 -0.8160974979 -0.5411356688 -0.2028721124
-500.7 -85.0 2649.0 -0.9999982715 0.0006709434 -0.0017502435 0.0006317301 0.9997509122 0.0223096181 0.0017647760 0.0223084725 -0.9997496009
-501.0 -482.2 2640.2 -0.9968488812 -0.0793089420 -0.0015628790 -0.0773868486 0.9679841995 0.2387842387 -0.0174248833 0.2381527424 -0.9710713625
-383.4 -156.8 2770.1 -0.8522911072 0.1863273829 0.4887555838 0.1211168841 0.9793071747 -0.1621360630 -0.5088522434 -0.0789905638 -0.8572221994
-457.4 -545.7 2801.5 -0.8243377209 -0.2169404328 0.5228806734 -0.1131524965 0.9681607485 0.2232963294 -0.5546745658 0.1249063239 -0.8226387501
-136.5 -38.1 2569.3 0 0 0 0 0 0 0 0 0
-291.8 -66.1 2576.2 0 0 0 0 0 0 0 0 0
-472.5 -829.7 2554.7 0 0 0 0 0 0 0 0 0
-397.7 -812.1 2767.1 0 0 0 0 0 0 0 0 0
-176.9 412.0 2777.0 71 0.5821235180 0.4694909751 -0.6638602614 -0.4297950566 0.8707420826 0.2389234006 0.6902234554 0.1462409347 0.7086643577
-272.0 235.6 2747.4 0.5821235180 0.4694909751 -0.6638602614 -0.4297950566 0.8707420826 0.2389234006 0.6902234554 0.1462409347 0.7086643577
-359.0 58.9 2722.1 0.5998035073 0.4384487867 -0.6693268418 -0.3955160379 0.8896263242 0.2283244580 0.6955593824 0.1277797073 0.7070145011
-359.5 293.4 2645.9 -0.1052910313 0.3753822446 -0.9208702445 0.8848098516 0.4580324590 0.0855437741 0.4539000690 -0.8057880998 -0.3803686202
-331.6 59.2 2525.8 -0.8719577789 0.3753822446 -0.3142894208 0.4693030417 0.4580324590 -0.7549575567 -0.1394429058 -0.8057880998 -0.5755530000
-184.4 177.9 2848.8 0.1049892679 0.8188815117 0.5642786026 -0.9580397606 0.2354634404 -0.1634525359 -0.2667152286 -0.5234405994 0.8092421889
-155.6 -85.2 2775.6 -0.5533950925 0.8188815117 0.1522725374 0.0819534361 0.2354634404 -0.9684216976 -0.8288772702 -0.5234405994 -0.1974144727
-501.6 -83.6 2639.3 -0.9997692704 0.0058159959 0.0206792057 0.0059642754 0.9999569058 0.0071160551 -0.0206369273 0.0072377496 -0.9997608662
-503.9 -480.9 2636.4 -0.9954928160 -0.0923758075 0.0214641318 -0.0846212655 0.9673940539 0.2387214601 -0.0428163633 0.2358291894 -0.9708508253
-388.5 -155.8 2764.1 -0.8436779380 0.1703779101 0.5090961456 0.1047612652 0.9823220372 -0.1551400721 -0.5265288353 -0.0775546953 -0.8466124535
-456.2 -546.0 2794.9 -0.8161457777 -0.2149723619 0.5363702178 -0.1204570830 0.9711247087 0.2059294581 -0.5651515126 0.1034588590 -0.8184742332
-107.2 -61.6 2561.7 0 0 0 0 0 0 0 0 0
-289.8 -65.4 2574.5 0 0 0 0 0 0 0 0 0
-470.7 -829.1 2551.5 0 0 0 0 0 0 0 0 0
-397.4 -811.8 2766.6 0 0 0 0 0 0 0 0 0
-178.6 410.8 2777.9 72 0.5801022649 0.4555879831 -0.6752192378 -0.4367914796 0.8736802936 0.2142334133 0.6875278950 0.1706527174 0.7058208585
-270.8 234.1 2743.4 0.5801022649 0.4555879831 -0.6752192378 -0.4367914796 0.8736802936 0.2142334133 0.6875278950 0.1706527174 0.7058208585
-355.4 57.0 2713.3 0.5966821909 0.4264898896 -0.6797623038 -0.4036098123 0.8916367888 0.2051412612 0.6935917735 0.1519545913 0.7041592598
-357.9 293.0 2642.2 -0.0793412998 0.3963176310 -0.9146788120 0.8869469166 0.4468866587 0.1166940108 0.4550056458 -0.8020128608 -0.3869692683
-336.6 55.7 2520.4 -0.8704573512 0.3963176310 -0.2919526994 0.4606724679 0.4468866587 -0.7668592930 -0.1734500825 -0.8020128608 -0.5715683699
-183.7 175.2 2844.5 0.1192224845 0.8217971921 0.5571672916 -0.9507323503 0.2562370896 -0.1745009869 -0.2861713469 -0.5089125037 0.8118583560
-150.9 -85.9 2766.0 -0.5451070666 0.8217971921 0.1658542901 0.0935795978 0.2562370896 -0.9620735049 -0.8331273198 -0.5089125037 -0.2165800929
-501.1 -81.7 2632.9 -0.9994577169 0.0092184618 0.0316109695 0.0090220235 0.9999391437 -0.0063512493 -0.0316675939 -0.0060626105 -0.9994800687
-504.8 -479.0 2635.3 -0.9949191213 -0.0951494947 0.0329013355 -0.0848228708 0.9682510495 0.2351487577 -0.0542310365 0.2311632186 -0.9714023471
-391.2 -154.2 2760.4 -0.8408415318 0.1692830622 0.5141291618 0.0952570215 0.9812914133 -0.1673119515 -0.5328335762 -0.0917084292 -0.8412359357
-458.4 -544.0 2796.8 -0.8133372068 -0.2168632448 0.5398637652 -0.1131959781 0.9691851139 0.2187850475 -0.5706743598 0.1168356240 -0.8128224015
-108.7 -65.0 2565.8 0 0 0 0 0 0 0 0 0
-283.1 -63.2 2563.9 0 0 0 0 0 0 0 0 0
-470.2 -830.4 2551.4 0 0 0 0 0 0 0 0 0
-398.3 -812.8 2764.4 0 0 0 0 0 0 0 0 0
-181.5 412.4 2776.8 73 0.5833033919 0.4515947700 -0.6751438975 -0.4459177554 0.8727787733 0.1985309869 0.6789068580 0.1852548569 0.7104689479
-272.4 236.8 2739.5 0.5833033919 0.4515947700 -0.6751438975 -0.4459177554 0.8727787733 0.1985309869 0.6789068580 0.1852548569 0.7104689479
-356.4 60.1 2705.8 0.5983149409 0.4234671295 -0.6802167892 -0.4156810343 0.8898019195 0.1883130670 0.6850025654 0.1700826883 0.7084090114
-359.7 297.5 2639.6 -0.0498003885 0.3939880133 -0.9177654386 0.8902276754 0.4340942800 0.1380464435 0.4527853727 -0.8101454377 -0.3723571002
-346.1 55.0 2516.3 -0.8772946596 0.3939880133 -0.2740940452 0.4404706657 0.4340942800 -0.7858420610 -0.1906297058 -0.8101454377 -0.5543687344
-185.0 176.1 2839.5 0.1223982945 0.8207291961 0.5580521822 -0.9442482591 0.2694533765 -0.1891828030 -0.3056369126 -0.5037841797 0.8079527020
-151.4 -83.2 2755.5 -0.5457206368 0.8207291961 0.1690934896 0.1087565869 0.2694533765 -0.9568526149 -0.8308796287 -0.5037841797 -0.2363059819
-494.8 -83.2 2619.5 -0.9994824529 0.0084147556 0.0310490485 0.0078498004 0.9998022318 -0.0182728358 -0.0311966687 -0.0180196501 -0.9993508458
-498.2 -480.4 2626.7 -0.9966450930 -0.0752658546 0.0321505815 -0.0668472573 0.9752318859 0.2108416110 -0.0472234450 0.2079850733 -0.9769913554
-385.4 -157.2 2746.6 -0.8432846665 0.1906264275 0.5025261641 0.0926568508 0.9725527763 -0.2134379745 -0.5294201374 -0.1334264874 -0.8378016949
-461.1 -543.2 2799.6 -0.8140007854 -0.2263144404 0.5349621773 -0.1106378660 0.9645240903 0.2396925092 -0.5702297688 0.1359228194 -0.8101623058
-114.5 -61.3 2566.6 0 0 0 0 0 0 0 0 0
-283.8 -56.8 2554.0 0 0 0 0 0 0 0 0 0
-471.2 -830.5 2552.0 0 0 0 0 0 0 0 0 0
-398.4 -810.4 2761.9 0 0 0 0 0 0 0 0 0
-182.8 410.8 2778.8 74 0.5643110871 0.4579189718 -0.6869229674 -0.4606858492 0.8651358485 0.1982638091 0.6850704551 0.2045732439 0.6991625428
-274.6 237.2 2737.7 0.5643110871 0.4579189718 -0.6869229674 -0.4606858492 0.8651358485 0.1982638091 0.6850704551 0.2045732439 0.6991625428
-360.9 62.2 2700.3 0.5781624913 0.4346109629 -0.6905370355 -0.4335934520 0.8805913925 0.1911949366 0.6911764145 0.1888705939 0.6975693703
-359.0 300.5 2636.9 -0.0212599002 0.3855687678 -0.9224341512 0.8913976550 0.4251064062 0.1571458876 0.4527232051 -0.8189147115 -0.3527328074
-353.2 55.6 2512.6 -0.8838523626 0.3855687678 -0.2648428679 0.4249246716 0.4251064062 -0.7992018461 -0.1955608726 -0.8189147115 -0.5395689607
-190.2 173.9 2838.6 0.1127958596 0.8345559835 0.5392525792 -0.9424768686 0.2617337704 -0.2079248428 -0.3146655560 -0.4847800434 0.8160722256
-159.2 -84.9 2752.2 -0.5277991891 0.8345559835 0.1579375714 0.1275812685 0.2617337704 -0.9566705227 -0.8397327065 -0.4847800434 -0.2446165979
-495.4 -78.6 2609.3 -0.9986106753 0.0204794295 0.0485523306 0.0171439815 0.9975280762 -0.0681459233 -0.0498279035 -0.0672188699 -0.9964932799
-503.6 -474.5 2635.9 -0.9951848984 -0.0827888325 0.0524688214 -0.0681953281 0.9693493247 0.2360323668 -0.0704014599 0.2313177139 -0.9703276753
-385.7 -154.8 2734.9 -0.8398511410 0.1884476691 0.5090554953 0.0712788776 0.9679697752 -0.2407360226 -0.5381164551 -0.1658975333 -0.8263828754
-460.5 -539.1 2800.7 -0.8136596680 -0.2186293006 0.5386642218 -0.1063368022 0.9669275284 0.2318266630 -0.5715333819 0.1313481778 -0.8099983335
-119.0 -57.0 2564.4 0 0 0 0 0 0 0 0 0
-287.3 -54.0 2548.5 0 0 0 0 0 0 0 0 0
-473.6 -825.8 2552.1 0 0 0 0 0 0 0 0 0
-399.7 -808.0 2764.2 0 0 0 0 0 0 0 0 0
-182.0 416.7 2779.8 75 0.5656446815 0.4553228915 -0.6875515580 -0.4768683314 0.8608149290 0.1777476966 0.6727872491 0.2273295224 0.7040444613
-274.5 241.9 2733.6 0.5656446815 0.4553228915 -0.6875515580 -0.4768683314 0.8608149290 0.1777476966 0.6727872491 0.2273295224 0.7040444613
-361.6 68.4 2692.0 0.5779040456 0.4387521744 -0.6881303787 -0.4530836940 0.8737956882 0.1766247302 0.6787798405 0.2097085118 0.7037615180
-358.8 308.1 2634.6 -0.0735662729 0.4078386426 -0.9100854993 0.9016630054 0.4171303511 0.1140441075 0.4261358976 -0.8122006655 -0.3984197378
-338.1 53.4 2514.3 -0.8658109307 0.4078386426 -0.2898949981 0.4591113627 0.4171303511 -0.7843589783 -0.1989679039 -0.8122006655 -0.5483993888
-190.1 175.8 2832.6 0.1081001312 0.8345441818 0.5402317643 -0.9348044395 0.2702578306 -0.2304374427 -0.3383120894 -0.4801006913 0.8093504906
-160.4 -80.9 2739.7 -0.5291714668 0.8345441818 0.1533413082 0.1506614387 0.2702578306 -0.9509268403 -0.8350321651 -0.4801006913 -0.2687463462
-500.2 -72.9 2599.4 -0.9989600182 -0.0004571452 0.0455920212 -0.0039466931 0.9970634580 -0.0764779896 -0.0454231799 -0.0765783936 -0.9960283637
-500.0 -468.8 2629.8 -0.9960215092 -0.0777929872 0.0434677601 -0.0665178299 0.9736194611 0.2182670832 -0.0593007058 0.2145073116 -0.9749205112
-394.2 -152.4 2726.1 -0.8490396738 0.1639726907 0.5022395849 0.0431053713 0.9689487219 -0.2434753776 -0.5265676975 -0.1850710362 -0.8297440410
-459.3 -537.1 2799.6 -0.8250817060 -0.2155537009 0.5222803354 -0.1146127358 0.9690013528 0.2188612968 -0.5532667041 0.1207184792 -0.8242105246
-108.2 -68.5 2567.1 0 0 0 0 0 0 0 0 0
-288.8 -44.4 2537.2 0 0 0 0 0 0 0 0 0
-471.1 -830.8 2550.1 0 0 0 0 0 0 0 0 0
-398.6 -809.9 2765.6 0 0 0 0 0 0 0 0 0
-180.2 418.5 2768.3 76 0.5493130088 0.4733469784 -0.6886202097 -0.4683958590 0.8568696976 0.2153592408 0.6919974685 0.2042472363 0.6924034953
-275.9 245.1 2726.9 0.5493130088 0.4733469784 -0.6886202097 -0.4683958590 0.8568696976 0.2153592408 0.6919974685 0.2042472363 0.6924034953
-366.2 72.4 2688.6 0.5602614880 0.4546525776 -0.6923857927 -0.4480295181 0.8694009185 0.2083544880 0.6966897845 0.1934762895 0.6907896399
-357.7 310.5 2625.3 -0.1587890685 0.4084059000 -0.8988829851 0.9219866395 0.3870046139 0.0129645029 0.3531666398 -0.8266994953 -0.4379968941
-311.4 41.3 2522.2 -0.8571029902 0.4084059000 -0.3139730990 0.4741101861 0.3870046139 -0.7908520699 -0.2014795989 -0.8266994953 -0.5253322124
-194.2 179.7 2828.6 0.0922474936 0.8455997109 0.5257865787 -0.9449692965 0.2407971472 -0.2214718908 -0.3138844967 -0.4764219522 0.8212786913
-168.8 -79.7 2742.4 -0.5161167979 0.8455997109 0.1363252997 0.1408694088 0.2407971472 -0.9602981806 -0.8448545933 -0.4764219522 -0.2433985919
-501.8 -63.7 2588.2 -0.9984520674 -0.0013025823 0.0556035154 -0.0067030182 0.9952570796 -0.0970485061 -0.0552133806 -0.0972709954 -0.9937252402
-501.2 -458.9 2626.8 -0.9954831004 -0.0789934918 0.0526630469 -0.0666156635 0.9764139652 0.2053732127 -0.0676440820 0.2009373903 -0.9772657752
-395.8 -146.7 2712.6 -0.7021761537 0.1663244814 0.6923039556 -0.0578864850 0.9557781219 -0.2883355021 -0.7096462250 -0.2425373644 -0.6614966989
-461.7 -525.7 2808.8 -0.7021761537 -0.2129119635 0.6794241071 -0.0578864850 0.9681550860 0.2435670048 -0.7096462250 0.1316974759 -0.6921401620
-83.9 -84.6 2575.7 0 0 0 0 0 0 0 0 0
-294.0 -45.6 2537.5 0 0 0 0 0 0 0 0 0
-471.3 -828.5 2550.8 0 0 0 0 0 0 0 0 0
-398.9 -811.6 2769.9 0 0 0 0 0 0 0 0 0
-180.6 420.3 2771.0 77 0.5134660602 0.4736074209 -0.7155756950 -0.4680213332 0.8535122275 0.2290696353 0.7192416787 0.2172852159 0.6599079370
-276.1 248.1 2727.2 0.5134660602 0.4736074209 -0.7155756950 -0.4680213332 0.8535122275 0.2290696353 0.7192416787 0.2172852159 0.6599079370
-367.1 76.2 2687.0 0.5248784423 0.4579371512 -0.7174929976 -0.4469597042 0.8656573296 0.2255313247 0.7243822217 0.2023139149 0.6590443254
-352.7 313.3 2621.6 -0.1052032709 0.4026410878 -0.9092922807 0.9264006615 0.3721091151 0.0575898886 0.3615439832 -0.8363103271 -0.4121540785
-322.5 47.2 2517.7 -0.8605855107 0.4026410878 -0.3118857741 0.4651879370 0.3721091151 -0.8032029271 -0.2073469758 -0.8363103271 -0.5075355172
-199.5 182.9 2832.8 0.0924067944 0.8677489758 0.4883366227 -0.9497525692 0.2241076380 -0.2185082734 -0.2990503013 -0.4436073005 0.8448559046
-174.1 -77.9 2750.7 -0.4787872136 0.8677489758 0.1333210468 0.1375123858 0.2241076380 -0.9648140073 -0.8670946956 -0.4436073005 -0.2266261131
-507.9 -59.2 2586.2 -0.9948830605 -0.0337853320 0.0952169299 -0.0429030918 0.9945141673 -0.0953986645 -0.0914715081 -0.0989956111 -0.9908747673
-494.5 -454.1 2625.6 -0.9950553775 -0.0571191683 0.0812542140 -0.0400229320 0.9793229699 0.1983045340 -0.0909011066 0.1940719485 -0.9767666459
-405.2 -141.3 2714.0 -0.6717419028 0.1356639266 0.7282569408 -0.0500851832 0.9725207090 -0.2273652256 -0.7390902042 -0.1892056167 -0.6464881301
-458.9 -526.6 2788.9 -0.6653320193 -0.2093348801 0.7165976167 -0.0815812275 0.9745206833 0.2089353204 -0.7420766354 0.0805504471 -0.6654576063
-97.2 -74.6 2572.0 0 0 0 0 0 0 0 0 0
-290.3 -44.6 2540.4 0 0 0 0 0 0 0 0 0
-472.7 -827.7 2551.5 0 0 0 0 0 0 0 0 0
-398.2 -809.2 2765.6 0 0 0 0 0 0 0 0 0
-180.9 419.5 2762.9 78 0.5502752066 0.4761291742 -0.6859287024 -0.4731521904 0.8546734452 0.2136826515 0.6879855990 0.2069644183 0.6955871582
-277.3 246.4 2721.0 0.5502752066 0.4761291742 -0.6859287024 -0.4731521904 0.8546734452 0.2136826515 0.6879855990 0.2069644183 0.6955871582
-368.5 74.4 2681.7 0.5600764155 0.4589738548 -0.6896792054 -0.4551160634 0.8660894632 0.2067811191 0.6922309995 0.1980708539 0.6939626932
-359.0 312.9 2620.1 -0.1451777816 0.4716679156 -0.8697429299 0.9249596000 0.3767713010 0.0499312580 0.3512451649 -0.7972281575 -0.4909725785
-317.2 46.6 2519.0 -0.8328118920 0.4716679156 -0.2897477448 0.4874347746 0.3767713010 -0.7876869440 -0.2623580396 -0.7972281575 -0.5436869860
-195.6 180.0 2821.9 0.0872760266 0.8454214334 0.5269207358 -0.9432519078 0.2402554601 -0.2292447835 -0.3204040527 -0.4770114422 0.8184139132
-171.6 -79.0 2733.9 -0.5176668167 0.8454214334 0.1314673871 0.1487595886 0.2402554601 -0.9592434168 -0.8425506949 -0.4770114422 -0.2501368225
-506.1 -54.9 2580.4 -0.9982407093 -0.0259615108 0.0533050448 -0.0314044878 0.9940862060 -0.1039537191 -0.0502910130 -0.1054448485 -0.9931526780
-495.8 -449.8 2622.3 -0.9973422885 -0.0584190004 0.0435385406 -0.0492778234 0.9810265899 0.1875059754 -0.0536663793 0.1848621517 -0.9812980890
-409.9 -136.7 2713.1 -0.7021601796 0.1378714740 0.6985431910 -0.0351557471 0.9731640220 -0.2274111658 -0.7111505866 -0.1842368692 -0.6784700751
-464.7 -522.9 2786.2 -0.6883085370 -0.2217536420 0.6906929016 -0.1035769880 0.9724181890 0.2089848369 -0.7179855108 0.0723061487 -0.6922922730
-99.5 -80.9 2587.6 0 0 0 0 0 0 0 0 0
-297.2 -42.9 2529.6 0 0 0 0 0 0 0 0 0
-473.4 -825.9 2551.5 0 0 0 0 0 0 0 0 0
-398.8 -811.5 2764.8 0 0 0 0 0 0 0 0 0
-180.7 419.7 2758.8 79 0.5569412112 0.4768869877 -0.6799965501 -0.4635908008 0.8578147292 0.2218950838 0.6891299486 0.1916576177 0.6988328099
-276.6 247.2 2720.3 0.5569412112 0.4768869877 -0.6799965501 -0.4635908008 0.8578147292 0.2218950838 0.6891299486 0.1916576177 0.6988328099
-367.3 74.2 2684.3 0.5681672692 0.4568879008 -0.6844263077 -0.4428092837 0.8707781434 0.2136946768 0.6936179996 0.1816560179 0.6970618367
-359.5 311.8 2619.1 -0.2682978213 0.6219528913 -0.7356567979 0.9228143692 0.3850882053 -0.0109866029 0.2764596045 -0.6818223596 -0.6772654057
