76.8 334.0 2225.9 92 0.5208518505 0.5237506628 -0.6740909219 -0.2898962200 0.8512549400 0.4374074042 0.8029156327 -0.0324080363 0.5952110291
-27.1 165.2 2232.4 0.5208518505 0.5237506628 -0.6740909219 -0.2898962200 0.8512549400 0.4374074042 0.8029156327 -0.0324080363 0.5952110291
-123.8 -2.9 2239.7 0.5320723653 0.4983603358 -0.6844968796 -0.2710430324 0.8661411405 0.4199228585 0.8021438122 -0.0379012264 0.5959268212
-99.8 202.2 2122.8 0.1476656944 0.2477823347 -0.9574961066 0.9464180470 0.2457291484 0.2095474005 0.2872068286 -0.9371345043 -0.1982199103
-138.6 -46.6 2047.3 -0.7740616202 0.2477823347 -0.5826084018 0.6319097877 0.2457291484 -0.7350559235 -0.0389700048 -0.9371345043 -0.3467855752
45.6 128.2 2341.9 0.0711957738 0.8397139311 -0.5383415818 -0.9377886653 -0.1275255531 -0.3229391575 -0.3398288190 0.5278425217 0.7783949375
62.8 -98.6 2259.7 0.3943489194 0.8397139311 -0.3733221292 -0.5250481367 -0.1275255531 -0.8414640427 -0.7541971803 0.5278425217 0.3906006813
-268.3 -150.2 2175.4 0.4605871439 -0.2149380744 -0.8611974716 0.0745674148 0.9761781096 -0.2037547231 0.8844767809 0.0296295304 0.4656424522
-184.9 -529.0 2163.9 0.4545482099 0.1731873453 -0.8737230897 0.0388371199 0.9761290550 0.2136907578 0.8898750544 -0.1310656369 0.4369716346
-171.3 -198.9 2317.8 0.1404884309 -0.1008436680 -0.9849332571 0.0917646512 0.9918435812 -0.0884621069 0.9858205914 -0.0779541582 0.1485964358
-132.1 -583.7 2348.0 0.1559603810 0.2420201749 -0.9576547146 0.1517259330 0.9521426558 0.2653367221 0.9760407805 -0.1866830736 0.1117757931
70.5 -217.3 2057.8 0 0 0 0 0 0 0 0 0
163.3 -232.5 2067.4 0 0 0 0 0 0 0 0 0
-249.5 -893.3 2212.8 0 0 0 0 0 0 0 0 0
-222.1 -937.4 2417.4 0 0 0 0 0 0 0 0 0
71.3 332.2 2225.9 93 0.5249885321 0.5115093589 -0.6802538037 -0.2883588374 0.8588823676 0.4232850969 0.8007722497 -0.0260626134 0.5984016061
-29.9 162.3 2231.1 0.5249885321 0.5115093589 -0.6802538037 -0.2883588374 0.8588823676 0.4232850969 0.8007722497 -0.0260626134 0.5984016061
-125.4 -6.6 2237.8 0.5351083279 0.4917959869 -0.6868739128 -0.2709202170 0.8700341582 0.4118771255 0.8001633286 -0.0343108289 0.5988000035
-103.0 199.3 2121.8 0.1705203056 0.2396450490 -0.9557682872 0.9422059059 0.2442366034 0.2293394059 0.2883936763 -0.9396375418 -0.1841476858
-146.6 -41.3 2048.2 -0.7713699937 0.2396450490 -0.5895410180 0.6356059313 0.2442366034 -0.7323616743 -0.0315193497 -0.9396375418 -0.3407166004
43.2 125.3 2340.4 0.0823408216 0.8558539152 -0.5106212497 -0.9368252158 -0.1083097830 -0.3326072097 -0.3399684429 0.5057500005 0.7928671837
62.7 -96.8 2259.8 0.3819473088 0.8558539152 -0.3487554193 -0.5269911289 -0.1083097830 -0.8429408669 -0.7592078447 0.5057500005 0.4096587896
-268.2 -146.7 2175.2 0.4604715109 -0.2182960510 -0.8604143262 0.0766779184 0.9754490256 -0.2064455003 0.8843565583 0.0290874895 0.4659049511
-183.5 -525.4 2163.9 0.4527461827 0.1726833731 -0.8747578859 0.0300589800 0.9775531888 0.2085334510 0.8911326528 -0.1207070500 0.4373928010
-172.9 -195.3 2318.9 0.1411997229 -0.1086710617 -0.9839985967 0.0866284743 0.9915004373 -0.0970687270 0.9861836433 -0.0715362206 0.1494136006
-130.7 -580.1 2346.6 0.1583156884 0.2412902862 -0.9574524164 0.1530210376 0.9519704580 0.2652109265 0.9754592180 -0.1884974241 0.1137893572
62.0 -213.2 2056.7 0 0 0 0 0 0 0 0 0
160.1 -231.2 2066.2 0 0 0 0 0 0 0 0 0
-247.9 -890.2 2208.9 0 0 0 0 0 0 0 0 0
-220.6 -934.6 2416.8 0 0 0 0 0 0 0 0 0
70.0 332.1 2219.0 94 0.5394266248 0.5147654414 -0.6663598418 -0.2863697410 0.8563513756 0.4297146797 0.7918404341 -0.0409742333 0.6093519926
-31.8 162.9 2227.1 0.5394266248 0.5147654414 -0.6663598418 -0.2863697410 0.8563513756 0.4297146797 0.7918404341 -0.0409742333 0.6093519926
-125.8 -6.7 2234.7 0.5494468212 0.4846247435 -0.6806225777 -0.2690224051 0.8738327622 0.4050225616 0.7910342216 -0.0394356251 0.6104995012
-106.8 199.6 2119.0 0.1668410003 0.2379948944 -0.9568294287 0.9448159933 0.2388965786 0.2241676748 0.2819340229 -0.9414280653 -0.1850036383
-149.3 -40.6 2047.3 -0.7725024223 0.2379948944 -0.5887261033 0.6340801120 0.2388965786 -0.7354391813 -0.0343861245 -0.9414280653 -0.3354560137
43.3 126.1 2335.1 0.0849608183 0.8583610654 -0.5059623718 -0.9406766295 -0.0983151272 -0.3247485161 -0.3284952343 0.5035378933 0.7990872860
63.5 -97.8 2256.9 0.3811829686 0.8583610654 -0.3433887661 -0.5346981883 -0.0983151272 -0.8393044472 -0.7541865706 0.5035378933 0.4214880764
-268.8 -151.2 2172.7 0.4716338217 -0.2194789499 -0.8540436625 0.0859441087 0.9753592610 -0.2031941712 0.8775962591 0.0224332251 0.4788753390
-183.6 -529.8 2164.0 0.4614174366 0.1826654971 -0.8681746721 0.0269261971 0.9752401710 0.2195030004 0.8867744803 -0.1246591508 0.4450743198
-172.9 -199.7 2316.1 0.1536572278 -0.1093569770 -0.9820542336 0.1035218686 0.9901693463 -0.0940630808 0.9826864600 -0.0872106180 0.1634675264
-130.5 -584.0 2349.9 0.1538287550 0.2567129135 -0.9541672468 0.1041605771 0.9560676813 0.2740167677 0.9825921059 -0.1415382773 0.1203313395
60.9 -213.2 2056.7 0 0 0 0 0 0 0 0 0
160.7 -234.2 2064.5 0 0 0 0 0 0 0 0 0
-251.8 -893.8 2210.5 0 0 0 0 0 0 0 0 0
-226.1 -940.1 2402.6 0 0 0 0 0 0 0 0 0
70.3 330.9 2229.5 95 0.4995308518 0.5175477266 -0.6947037578 -0.2755561769 0.8552009463 0.4389762878 0.8213024735 -0.0278522894 0.5698127151
-31.8 162.1 2235.0 0.4995308518 0.5175477266 -0.6947037578 -0.2755561769 0.8552009463 0.4389762878 0.8213024735 -0.0278522894 0.5698127151
-127.4 -6.7 2241.2 0.5096718073 0.4925757647 -0.7054103613 -0.2582396567 0.8696717620 0.4206937850 0.8206990361 -0.0322508216 0.5704497695
-101.4 197.3 2123.0 0.1871709973 0.2516106665 -0.9495573044 0.9356898069 0.2486431599 0.2503221929 0.2990846634 -0.9353441596 -0.1888907552
-148.6 -38.8 2047.5 -0.7678226233 0.2516106665 -0.5891863108 0.6396209598 0.2486431599 -0.7273662090 -0.0365159661 -0.9353441596 -0.3518493176
37.7 126.9 2346.9 0.1127118319 0.8520438671 -0.5111919641 -0.9237595797 -0.0996544063 -0.3697799742 -0.3660113215 0.5138970613 0.7758514881
65.1 -97.8 2257.9 0.3825707436 0.8520438671 -0.3572965562 -0.5515251756 -0.0996544063 -0.8281841278 -0.7412554026 0.5138970613 0.4317987859
-269.1 -152.3 2171.5 0.4356007278 -0.2217060179 -0.8724095821 0.0762465224 0.9747979045 -0.2096555829 0.8969049454 0.0248079281 0.4415270090
-183.1 -530.7 2161.8 0.4291851223 0.1861389428 -0.8838282824 0.0412693135 0.9734708667 0.2250584364 0.9022732377 -0.1330667138 0.4101173878
-170.7 -200.5 2313.2 0.1058649868 -0.1140193641 -0.9878219366 0.1419430971 0.9849641323 -0.0984774455 0.9841974974 -0.1297892034 0.1204574779
-126.5 -582.4 2363.5 0.0773547664 0.2754155397 -0.9582079649 0.0413690060 0.9593733549 0.2790901661 0.9961450100 -0.0612290651 0.0628184378
61.1 -213.5 2057.5 0 0 0 0 0 0 0 0 0
162.7 -238.5 2068.8 0 0 0 0 0 0 0 0 0
-252.5 -894.1 2211.5 0 0 0 0 0 0 0 0 0
-228.8 -938.9 2386.3 0 0 0 0 0 0 0 0 0
73.9 329.5 2220.7 96 0.5120128393 0.5271645188 -0.6781890988 -0.2752818167 0.8485904932 0.4517898858 0.8136724234 -0.0446290895 0.5796080232
-30.3 161.8 2229.5 0.5120128393 0.5271645188 -0.6781890988 -0.2752818167 0.8485904932 0.4517898858 0.8136724234 -0.0446290895 0.5796080232
-126.6 -6.5 2237.8 0.5218564272 0.4964033961 -0.6937215328 -0.2587826550 0.8670431376 0.4257555008 0.8128329515 -0.0426601544 0.5809326172
-101.5 197.1 2118.6 0.1933301389 0.2506824136 -0.9485682845 0.9389792681 0.2330739796 0.2529712915 0.2845020294 -0.9395928979 -0.1903253645
-149.5 -36.0 2047.9 -0.7524301410 0.2506824136 -0.6091036201 0.6575965881 0.2330739796 -0.7164099813 -0.0376251787 -0.9395928979 -0.3402197659
41.0 126.4 2340.5 0.1024091393 0.8635799289 -0.4937024117 -0.9369616508 -0.0829468518 -0.3394446969 -0.3340886831 0.4973424673 0.8006467223
65.0 -93.1 2262.2 0.3665889800 0.8635799289 -0.3461823761 -0.5739375353 -0.0829468518 -0.8146873713 -0.7322623730 0.4973424673 0.4652335346
-268.6 -152.4 2173.9 0.4500450790 -0.2195543349 -0.8655953407 0.0794856325 0.9753066897 -0.2060555220 0.8894613385 0.0239318833 0.4563834071
-183.3 -531.1 2164.7 0.4404730797 0.1842933148 -0.8786463737 0.0252308771 0.9757755399 0.2173143029 0.8974112272 -0.1178901196 0.4251529574
-177.4 -198.6 2320.8 0.1256745458 -0.1240229085 -0.9842886925 0.1202462688 0.9867443442 -0.1089792177 0.9847571850 -0.1046611294 0.1389219314
-129.3 -581.4 2361.4 0.1056819484 0.2649101913 -0.9584643841 0.0466933772 0.9614768028 0.2708912790 0.9933031201 -0.0733822584 0.0892411917
56.4 -216.0 2058.2 0 0 0 0 0 0 0 0 0
158.4 -239.4 2075.5 0 0 0 0 0 0 0 0 0
-252.1 -895.3 2208.7 0 0 0 0 0 0 0 0 0
-227.9 -939.4 2388.7 0 0 0 0 0 0 0 0 0
76.5 327.8 2209.8 97 0.5235593915 0.5418285131 -0.6575009227 -0.2675029933 0.8372408152 0.4769380987 0.8089052439 -0.0738219544 0.5832860470
-31.2 161.4 2224.5 0.5235593915 0.5418285131 -0.6575009227 -0.2675029933 0.8372408152 0.4769380987 0.8089052439 -0.0738219544 0.5832860470
-129.1 -5.7 2237.2 0.5334737897 0.5048419237 -0.6786311865 -0.2514193058 0.8607211709 0.4426594973 0.8075852990 -0.0655262545 0.5860992074
-104.0 195.7 2114.2 0.1914486587 0.2503688335 -0.9490326047 0.9453398585 0.2130104750 0.2468990237 0.2639696896 -0.9444268346 -0.1959030628
-150.4 -33.1 2050.4 -0.7215339541 0.2503688335 -0.6455262899 0.6914775372 0.2130104750 -0.6902791858 -0.0353205316 -0.9444268346 -0.3268187046
41.7 127.0 2334.8 0.1024812013 0.8724421859 -0.4778517187 -0.9467708468 -0.0618207157 -0.3159164488 -0.3051599562 0.4847915471 0.8196673393
65.6 -94.5 2263.4 0.3643862009 0.8724421859 -0.3256798089 -0.5787596703 -0.0618207157 -0.8131515384 -0.7295614481 0.4847915471 0.4824077189
-269.6 -151.7 2173.3 0.4683566391 -0.2170036435 -0.8564761877 0.0810982510 0.9758358598 -0.2028976679 0.8798097372 0.0255697519 0.4746378362
-185.4 -530.5 2163.4 0.4611004889 0.1675439924 -0.8713870049 0.0359142721 0.9776844382 0.2069863677 0.8866208196 -0.1267367452 0.4447935522
-176.2 -198.0 2318.8 0.1467104852 -0.1177382320 -0.9821475148 0.1160696819 0.9880811572 -0.1011113748 0.9823461175 -0.0991634503 0.1586277038
-130.5 -581.5 2357.3 0.1303693056 0.2589733005 -0.9570457935 0.0544856712 0.9619539976 0.2677235007 0.9899672270 -0.0870482102 0.1112989336
47.1 -222.4 2060.0 0 0 0 0 0 0 0 0 0
158.6 -242.1 2077.3 0 0 0 0 0 0 0 0 0
-247.9 -895.4 2210.7 0 0 0 0 0 0 0 0 0
-227.1 -940.1 2389.8 0 0 0 0 0 0 0 0 0
77.9 325.2 2211.4 98 0.5185306072 0.5411276221 -0.6620474458 -0.2614198625 0.8375244141 0.4798046052 0.8141164780 -0.0757210255 0.5757436156
-29.7 158.6 2226.5 0.5185306072 0.5411276221 -0.6620474458 -0.2614198625 0.8375244141 0.4798046052 0.8141164780 -0.0757210255 0.5757436156
-128.7 -7.7 2240.4 0.5280900598 0.5099318624 -0.6790363789 -0.2460062206 0.8572074771 0.4524116218 0.8127741814 -0.0718669072 0.5781291723
-101.9 192.2 2115.5 0.2046083808 0.2568372488 -0.9445475340 0.9382598400 0.2235167772 0.2640240490 0.2789334357 -0.9402525425 -0.1952466667
-151.1 -33.6 2048.3 -0.7275637388 0.2568372488 -0.6361490488 0.6851013303 0.2235167772 -0.6933082938 -0.0358773991 -0.9402525425 -0.3385822475
42.4 125.0 2337.5 0.1087356359 0.8717467785 -0.4777385592 -0.9437183142 -0.0604893044 -0.3251719177 -0.3123656511 0.4862084091 0.8161060214
67.8 -95.3 2264.6 0.3637105227 0.8717467785 -0.3282867968 -0.5850132108 -0.0604893044 -0.8087648153 -0.7248959541 0.4862084091 0.4879827797
-274.8 -150.2 2177.6 0.4666452706 -0.2348299325 -0.8526998758 0.0780855119 0.9712817669 -0.2247540951 0.8809908628 0.0382969268 0.4715808332
-183.7 -527.2 2162.8 0.4575485289 0.1751907319 -0.8717554212 0.0233448055 0.9776939750 0.2087332010 0.8888781667 -0.1158565283 0.4432526231
-179.3 -195.2 2322.3 0.1469338983 -0.1163585857 -0.9822785258 0.0871032327 0.9907211661 -0.1043293625 0.9853037596 -0.0702301189 0.1557057351
-134.1 -579.6 2349.5 0.1502710879 0.2289677560 -0.9617652297 0.1010997519 0.9641528726 0.2453325242 0.9834619761 -0.1341006160 0.1217357218
47.7 -220.7 2058.1 0 0 0 0 0 0 0 0 0
160.6 -244.5 2079.6 0 0 0 0 0 0 0 0 0
-249.1 -892.1 2206.0 0 0 0 0 0 0 0 0 0
-219.4 -938.7 2399.5 0 0 0 0 0 0 0 0 0
81.9 324.0 2211.2 99 0.5068705082 0.5565303564 -0.6582979560 -0.2668913603 0.8274603486 0.4940429032 0.8196653724 -0.0747217536 0.5679484010
-28.7 159.6 2226.0 0.5068705082 0.5565303564 -0.6582979560 -0.2668913603 0.8274603486 0.4940429032 0.8196653724 -0.0747217536 0.5679484010
-130.6 -4.9 2240.1 0.5172341466 0.5255236030 -0.6754952073 -0.2508470714 0.8476997614 0.4674193859 0.8182570338 -0.0723192692 0.5702853203
-99.3 193.8 2114.3 0.1862067282 0.2854854167 -0.9401197433 0.9436927438 0.2143346518 0.2520012558 0.2734429240 -0.9341084957 -0.2294999659
-145.0 -37.5 2047.2 -0.7076587677 0.2854854167 -0.6463104486 0.7044383883 0.2143346518 -0.6766293049 -0.0546410717 -0.9341084957 -0.3527826965
42.0 125.3 2337.8 0.1108051464 0.8734740615 -0.4740942121 -0.9443166852 -0.0561773814 -0.3242069185 -0.3098196983 0.4836188853 0.8186113238
67.9 -95.2 2265.4 0.3636229634 0.8734740615 -0.3237614036 -0.5852704644 -0.0561773814 -0.8088896871 -0.7247322202 0.4836188853 0.4907912016
-274.9 -152.1 2181.5 0.4628748000 -0.2370806336 -0.8541309834 0.0665329918 0.9701437354 -0.2332263440 0.8839232326 0.0511267073 0.4648287594
-182.9 -528.6 2161.7 0.4565889835 0.1705353111 -0.8731805086 0.0285202395 0.9781470299 0.2059489787 0.8892204762 -0.1189373508 0.4417474568
-180.3 -196.1 2327.1 0.1422407925 -0.1194795221 -0.9825946093 0.0754725784 0.9911075234 -0.1095892116 0.9869505763 -0.0585708953 0.1499933451
-134.0 -580.8 2349.9 0.1437020898 0.2293260247 -0.9626833797 0.0816220716 0.9667189121 0.2424712926 0.9862492085 -0.1134198457 0.1202014685
48.0 -229.7 2062.1 0 0 0 0 0 0 0 0 0
160.6 -244.6 2080.5 0 0 0 0 0 0 0 0 0
-246.6 -893.7 2206.1 0 0 0 0 0 0 0 0 0
-219.5 -941.2 2392.2 0 0 0 0 0 0 0 0 0
85.8 321.7 2218.6 00 0.4864765406 0.5600382090 -0.6705951095 -0.2650435865 0.8259680271 0.4975225329 0.8325217366 -0.0642961040 0.5502486229
-25.2 158.0 2231.3 0.4864765406 0.5600382090 -0.6705951095 -0.2650435865 0.8259680271 0.4975225329 0.8325217366 -0.0642961040 0.5502486229
-128.7 -5.6 2244.5 0.4978381395 0.5334764719 -0.6837835908 -0.2477024943 0.8430535793 0.4773930311 0.8311442137 -0.0682895407 0.5518476963
-93.2 191.9 2117.8 0.1927966923 0.3238644302 -0.9262511730 0.9367952943 0.2201222032 0.2719573081 0.2919657528 -0.9201402068 -0.2609558403
-140.4 -37.8 2046.2 -0.6855390668 0.3238644302 -0.6520337462 0.7248640656 0.2201222032 -0.6527773738 -0.0678842738 -0.9201402068 -0.3856600523
42.8 124.2 2344.8 0.1051661521 0.8474781513 -0.5203083754 -0.9321161509 -0.0983265191 -0.3485560715 -0.3465537727 0.5216441751 0.7796074748
67.7 -96.5 2262.8 0.3716247380 0.8474781513 -0.3790459037 -0.5918067694 -0.0983265191 -0.8000603914 -0.7153040171 0.5216441751 0.4650027454
-279.0 -147.0 2180.8 0.4457080960 -0.2554008663 -0.8579712510 0.0660409182 0.9652057290 -0.2530148029 0.8927389979 0.0561095327 0.4470669329
-179.8 -521.6 2159.0 0.4416761994 0.1751933992 -0.8799030781 0.0429107100 0.9755015373 0.2157670259 0.8961477280 -0.1330564320 0.4233381450
-186.3 -191.9 2327.4 0.1205324233 -0.1475136280 -0.9816881418 0.0932951942 0.9862042665 -0.1367373914 0.9883157015 -0.0751054958 0.1326319128
-129.1 -574.5 2356.5 0.1104321405 0.2503772676 -0.9618294835 0.0540669300 0.9648021460 0.2573587894 0.9924119711 -0.0804238468 0.0930080339
46.4 -235.3 2064.7 0 0 0 0 0 0 0 0 0
162.5 -247.5 2080.3 0 0 0 0 0 0 0 0 0
-245.2 -885.7 2208.7 0 0 0 0 0 0 0 0 0
-222.4 -934.2 2386.5 0 0 0 0 0 0 0 0 0
90.0 322.1 2208.8 01 0.4935680032 0.5644255280 -0.6616754532 -0.2554199696 0.8213253021 0.5100836754 0.8313550949 -0.0827558637 0.5495454073
-22.3 158.7 2225.2 0.4935680032 0.5644255280 -0.6616754532 -0.2554199696 0.8213253021 0.5100836754 0.8313550949 -0.0827558637 0.5495454073
-126.6 -4.2 2241.1 0.5030023456 0.5375300050 -0.6767940521 -0.2412029505 0.8392609954 0.4873008430 0.8299456835 -0.0818687305 0.5518040657
-91.0 191.6 2111.9 0.1858112365 0.3072453141 -0.9333137274 0.9448273778 0.2049143016 0.2555609047 0.2697692215 -0.9293064475 -0.2522183955
-136.1 -37.5 2046.5 -0.6725187302 0.3072453141 -0.6732895374 0.7376691103 0.2049143016 -0.6433151364 -0.0596889034 -0.9293064475 -0.3644540906
46.4 125.7 2338.6 0.0911533684 0.8514801860 -0.5164034367 -0.9435062408 -0.0920451209 -0.3183138669 -0.3185703754 0.5162452459 0.7949866652
67.7 -95.2 2264.0 0.3732343018 0.8514801860 -0.3683443964 -0.5851447582 -0.0920451209 -0.8056880832 -0.7199317813 0.5162452459 0.4638847709
-276.8 -147.1 2183.3 0.4561978877 -0.2513175607 -0.8536527157 0.0614505410 0.9658984542 -0.2515233755 0.8877540827 0.0622870177 0.4560844302
-179.3 -522.0 2159.2 0.4535206556 0.1892439872 -0.8709223270 0.0474822707 0.9706783295 0.2356458455 0.8899800181 -0.1482236385 0.4312369525
-187.7 -191.4 2332.2 0.1335155666 -0.1518017352 -0.9793517590 0.0721435919 0.9870663285 -0.1431621313 0.9884173870 -0.0515395813 0.1427402347
-128.8 -574.4 2352.2 0.1332493871 0.2400420457 -0.9615738988 0.0710727945 0.9654135108 0.2508493960 0.9885308743 -0.1017672792 0.1115802974
47.2 -238.5 2062.7 0 0 0 0 0 0 0 0 0
163.0 -244.5 2080.3 0 0 0 0 0 0 0 0 0
-249.9 -884.2 2214.5 0 0 0 0 0 0 0 0 0
-218.3 -934.4 2390.2 0 0 0 0 0 0 0 0 0
85.0 318.7 2211.4 02 0.4637796879 0.5492244363 -0.6951696873 -0.2344151139 0.8327674270 0.5015455484 0.8543757796 -0.0696483552 0.5149671435
-23.9 153.7 2225.2 0.4637796879 0.5492244363 -0.6951696873 -0.2344151139 0.8327674270 0.5015455484 0.8543757796 -0.0696483552 0.5149671435
-126.1 -10.7 2239.8 0.4736057818 0.5267349482 -0.7058667541 -0.2190773934 0.8467155099 0.4848483801 0.8530548811 -0.0749875531 0.5164051056
-88.5 183.6 2108.7 0.1895564497 0.3048296571 -0.9333527088 0.9442425966 0.2040392309 0.2584065795 0.2692105472 -0.9302939773 -0.2491561770
-133.1 -38.4 2045.4 -0.6649628282 0.3048296571 -0.6818381548 0.7448842525 0.2040392309 -0.6352286339 -0.0545147881 -0.9302939773 -0.3627413213
40.8 123.7 2341.6 0.1197926179 0.8522595763 -0.5092183352 -0.9361252785 -0.0738518462 -0.3438246846 -0.3306346238 0.5178797841 0.7889748216
69.0 -96.7 2263.8 0.3874800503 0.8522595763 -0.3514438570 -0.5759738684 -0.0738518462 -0.8141252995 -0.7198008895 0.5178797841 0.4622631371
-276.0 -145.5 2182.7 0.4251060784 -0.2472039163 -0.8707324862 0.0633471608 0.9677493572 -0.2438202053 0.9029241204 0.0484910198 0.4270558059
-180.1 -521.2 2163.8 0.4192458689 0.1773175150 -0.8903883696 0.0296856426 0.9775395393 0.2086510509 0.9073872566 -0.1139078438 0.4045656025
-185.9 -188.7 2331.3 0.0948336497 -0.1450030953 -0.9848759770 0.0797746778 0.9872599840 -0.1376726031 0.9922915697 -0.0655121654 0.1051930413
-129.6 -571.9 2356.8 0.0941735655 0.2292509377 -0.9688009620 0.0769846365 0.9685350060 0.2366713881 0.9925748110 -0.0968709812 0.0735615939
48.2 -241.5 2060.3 0 0 0 0 0 0 0 0 0
167.8 -243.6 2080.1 0 0 0 0 0 0 0 0 0
-246.2 -885.8 2206.3 0 0 0 0 0 0 0 0 0
-215.2 -933.2 2392.9 0 0 0 0 0 0 0 0 0
91.8 314.6 2205.7 03 0.4852183163 0.5680755377 -0.6647205353 -0.2469772846 0.8182929158 0.5190365911 0.8387880325 -0.0876751766 0.5373524427
-21.0 152.1 2223.1 0.4852183163 0.5680755377 -0.6647205353 -0.2469772846 0.8182929158 0.5190365911 0.8387880325 -0.0876751766 0.5373524427
-125.9 -10.2 2240.4 0.4955869615 0.5410665274 -0.6794413924 -0.2315100431 0.8362520933 0.4970769584 0.8371359706 -0.0890473574 0.5396979451
-88.6 183.8 2108.8 0.1569195539 0.3185080588 -0.9348416328 0.9494850636 0.2118143290 0.2315443903 0.2717615962 -0.9239519835 -0.2691808343
-126.6 -46.0 2043.0 -0.6800329089 0.3185080588 -0.6603846550 0.7301095128 0.2118143290 -0.6496728063 -0.0670470968 -0.9239519835 -0.3765864670
46.6 120.5 2337.3 0.1005502343 0.8368042111 -0.5381898880 -0.9397442937 -0.0977750942 -0.3275983334 -0.3267572224 0.5387009978 0.7765506506
69.9 -96.7 2261.8 0.3965563774 0.8368042111 -0.3774940670 -0.5701610446 -0.0977750942 -0.8156938553 -0.7194855213 0.5387009978 0.4383397996
-270.6 -155.4 2178.0 0.4512600303 -0.2278986871 -0.8628016114 0.0649721250 0.9726654291 -0.2229363471 0.8900241852 0.0445442125 0.4537320733
-182.2 -532.9 2160.7 0.4483745396 0.1905355155 -0.8733020425 0.0500145890 0.9701378345 0.2373416722 0.8924454451 -0.1500958055 0.4254555404
-185.9 -194.7 2330.7 0.1283070892 -0.1475028098 -0.9807039499 0.0682414919 0.9878467917 -0.1396489888 0.9893838167 -0.0490067452 0.1368135661
-128.6 -578.1 2349.7 0.1352974772 0.2499098778 -0.9587698579 0.0949289873 0.9599463344 0.2636125088 0.9862469435 -0.1266811490 0.1061546206
58.7 -245.0 2061.3 0 0 0 0 0 0 0 0 0
171.0 -242.2 2078.3 0 0 0 0 0 0 0 0 0
-253.2 -894.7 2216.7 0 0 0 0 0 0 0 0 0
-221.8 -936.1 2397.0 0 0 0 0 0 0 0 0 0
92.0 316.1 2201.8 04 0.5060771108 0.5647769570 -0.6518535018 -0.2501654029 0.8194124699 0.5157329440 0.8254109621 -0.0979294255 0.5559735298
-20.3 153.2 2221.3 0.5060771108 0.5647769570 -0.6518535018 -0.2501654029 0.8194124699 0.5157329440 0.8254109621 -0.0979294255 0.5559735298
-124.7 -9.3 2240.6 0.5164571404 0.5382648706 -0.6659902334 -0.2345787138 0.8369214535 0.4945051372 0.8235562444 -0.0991635770 0.5584995151
-90.8 185.2 2108.9 0.1362314969 0.2949460745 -0.9457525015 0.9533199668 0.2206557244 0.2061361074 0.2694847584 -0.9296869636 -0.2511177361
-124.1 -48.1 2042.9 -0.7024938464 0.2949460745 -0.6476953030 0.7096039653 0.2206557244 -0.6691585779 -0.0544480272 -0.9296869636 -0.3643042147
50.2 121.1 2333.7 0.0890293717 0.8276327848 -0.5541639924 -0.9452522397 -0.1051702499 -0.3089294136 -0.3139616549 0.5513285995 0.7729585171
71.1 -100.8 2260.0 0.4130152762 0.8276327848 -0.3800557256 -0.5510239601 -0.1051702499 -0.8278356194 -0.7251144648 0.5513285995 0.4126085937
-275.2 -151.7 2182.9 0.4732235670 -0.2332107276 -0.8495129347 0.0620713159 0.9707531333 -0.2319169343 0.8787528872 0.0570181720 0.4738589525
-184.7 -528.5 2160.7 0.4707649946 0.1617711633 -0.8673006296 0.0468839705 0.9770696759 0.2076938748 0.8810120225 -0.1384375095 0.4523857236
-186.5 -193.2 2332.7 0.1520037204 -0.1490581930 -0.9770755172 0.0706030577 0.9876747727 -0.1396914423 0.9858549833 -0.0477509014 0.1606542021
-128.7 -576.6 2351.3 0.1506062001 0.2571907640 -0.9545525908 0.0653745979 0.9608614445 0.2692051828 0.9864298701 -0.1029474586 0.1278979480
67.3 -241.4 2057.7 0 0 0 0 0 0 0 0 0
176.4 -241.4 2075.1 0 0 0 0 0 0 0 0 0
-245.0 -892.9 2212.3 0 0 0 0 0 0 0 0 0
-224.6 -935.0 2389.7 0 0 0 0 0 0 0 0 0
92.9 314.4 2199.9 05 0.4864470065 0.5684278011 -0.6635202765 -0.2305751592 0.8160256147 0.5300351381 0.8427362442 -0.1048427224 0.5280185938
-19.9 152.3 2220.7 0.4864470065 0.5684278011 -0.6635202765 -0.2305751592 0.8160256147 0.5300351381 0.8427362442 -0.1048427224 0.5280185938
-125.2 -9.4 2241.4 0.4965961277 0.5425034165 -0.6775561571 -0.2155080736 0.8332309723 0.5091978908 0.8408023119 -0.1068468615 0.5306931138
-87.7 181.7 2105.9 0.1396736205 0.2802661955 -0.9497063160 0.9556427598 0.2130081952 0.2034071684 0.2593033910 -0.9359905720 -0.2380827367
-121.3 -48.2 2043.5 -0.7103906870 0.2802661955 -0.6455973387 0.7018091083 0.2130081952 -0.6797730923 -0.0529998988 -0.9359905720 -0.3480124176
47.9 122.9 2335.5 0.0982369408 0.8277485967 -0.5524325967 -0.9424598217 -0.1008725390 -0.3187384009 -0.3195605278 0.5519574285 0.7702103853
71.2 -101.3 2259.5 0.4160584211 0.8277485967 -0.3764673173 -0.5496712923 -0.1008725390 -0.8292685151 -0.7244010568 0.5519574285 0.4130207598
-275.4 -150.7 2186.1 0.4616892338 -0.2399976850 -0.8539579511 0.0460629649 0.9678909779 -0.2471138388 0.8858449459 0.0747539625 0.4579198360
-182.2 -526.4 2157.1 0.4624252915 0.1724878550 -0.8697187901 0.0501972958 0.9742290378 0.2199046165 0.8852361441 -0.1453469843 0.4418497086
-182.9 -192.8 2333.6 0.1322261840 -0.1479220092 -0.9801200628 0.0740633085 0.9875124693 -0.1390459388 0.9884487391 -0.0542054214 0.1415306032
-125.5 -576.1 2354.6 0.1262339503 0.2707127631 -0.9543477297 0.0527414866 0.9588513970 0.2789665461 0.9905974865 -0.0855487660 0.1067618057
72.3 -239.5 2058.0 0 0 0 0 0 0 0 0 0
177.4 -241.5 2074.7 0 0 0 0 0 0 0 0 0
-246.6 -889.8 2211.3 0 0 0 0 0 0 0 0 0
-226.5 -933.8 2386.5 0 0 0 0 0 0 0 0 0
93.0 314.6 2199.9 06 0.4942271709 0.5723993778 -0.6542923450 -0.2357361764 0.8126802444 0.5328969955 0.8367604017 -0.1091318130 0.5365839005
-20.8 153.0 2221.6 0.4942271709 0.5723993778 -0.6542923450 -0.2357361764 0.8126802444 0.5328969955 0.8367604017 -0.1091318130 0.5365839005
-126.7 -8.4 2242.9 0.5043209791 0.5451983809 -0.6696410179 -0.2208897918 0.8311315775 0.5103214979 0.8347862363 -0.1094489619 0.5395858288
-89.7 183.1 2107.6 0.1136680320 0.2851919234 -0.9517064095 0.9577088952 0.2234100699 0.1813328415 0.2643354535 -0.9320694804 -0.2477362603
-117.6 -51.8 2042.8 -0.7206826210 0.2851919234 -0.6318877935 0.6910908818 0.2234100699 -0.6873727441 -0.0548630655 -0.9320694804 -0.3581012785
48.0 122.8 2335.6 0.0964724645 0.8377738595 -0.5374271870 -0.9449095130 -0.0925953090 -0.3139619529 -0.3127923608 0.5381087661 0.7826876044
70.8 -99.9 2261.9 0.4101580977 0.8377738595 -0.3604237139 -0.5438128114 -0.0925953090 -0.8340826035 -0.7321461439 0.5381087661 0.4176134467
-275.0 -151.8 2186.9 0.4679031670 -0.2413496226 -0.8501864672 0.0536381491 0.9679707885 -0.2452661246 0.8821505308 0.0691583753 0.4658621550
-181.3 -527.6 2160.1 0.4633909464 0.1955385059 -0.8643110394 0.0305856131 0.9712405205 0.2361279875 0.8856259584 -0.1358550489 0.4440833926
-186.1 -190.4 2337.4 0.1427224427 -0.1568108499 -0.9772618413 0.0706107169 0.9864670634 -0.1479756981 0.9872407913 -0.0478857085 0.1518635154
-125.2 -573.4 2356.0 0.1386286914 0.2726189196 -0.9520824552 0.0561813191 0.9576519728 0.2823940217 0.9887495637 -0.0926371589 0.1174419448
78.8 -240.2 2057.7 0 0 0 0 0 0 0 0 0
175.4 -238.7 2075.1 0 0 0 0 0 0 0 0 0
-254.2 -889.9 2210.8 0 0 0 0 0 0 0 0 0
-226.9 -930.7 2390.6 0 0 0 0 0 0 0 0 0
91.7 320.7 2200.0 07 0.4858514071 0.5636664033 -0.6680034399 -0.2193072140 0.8184374571 0.5310974717 0.8460808396 -0.1115364805 0.5212550759
-20.6 157.6 2222.2 0.4858514071 0.5636664033 -0.6680034399 -0.2193072140 0.8184374571 0.5310974717 0.8460808396 -0.1115364805 0.5212550759
-125.1 -4.4 2244.2 0.4955208898 0.5384817123 -0.6815398335 -0.2048015445 0.8349545002 0.5107908249 0.8441062570 -0.1135271266 0.5240193009
-88.3 185.6 2106.9 0.1343396157 0.2454381734 -0.9600588679 0.9565570354 0.2208613902 0.1903126240 0.2587499022 -0.9439175725 -0.2051051706
-121.5 -50.9 2042.9 -0.7481014729 0.2454381734 -0.6165260077 0.6624059081 0.2208613902 -0.7158482075 -0.0395296887 -0.9439175725 -0.3278064132
47.0 129.7 2337.5 0.0987588614 0.8423652649 -0.5297805071 -0.9451128840 -0.0872321427 -0.3148843646 -0.3114615381 0.5318000317 0.7875153422
71.1 -100.8 2261.5 0.4080878794 0.8423652649 -0.3519730270 -0.5412576199 -0.0872321427 -0.8363197446 -0.7351900935 0.5318000317 0.4203382432
-277.6 -149.9 2189.4 0.4613612890 -0.2458802462 -0.8524603844 0.0484482795 0.9663786292 -0.2525176108 0.8858885765 0.0752016082 0.4577621520
-182.2 -525.1 2160.2 0.4580191672 0.1807931066 -0.8703632951 0.0299792998 0.9754014015 0.2183880508 0.8884366751 -0.1261187941 0.4413324893
-187.3 -189.5 2338.9 0.1279244423 -0.1587079018 -0.9790031314 0.0925608724 0.9847155213 -0.1475391984 0.9874552488 -0.0717435181 0.1406593323
-125.7 -571.7 2366.7 0.1074022800 0.2683540583 -0.9573143721 0.0178670716 0.9622076154 0.2717302442 0.9940550923 -0.0462888516 0.0985485911
81.4 -230.5 2053.7 0 0 0 0 0 0 0 0 0
175.2 -238.9 2073.9 0 0 0 0 0 0 0 0 0
-249.7 -889.0 2207.2 0 0 0 0 0 0 0 0 0
-225.8 -930.4 2384.0 0 0 0 0 0 0 0 0 0
89.1 321.4 2202.0 08 0.4984546900 0.5609880686 -0.6609352231 -0.2324910611 0.8209735751 0.5214884877 0.8351591825 -0.1062768698 0.5396428108
-22.7 157.7 2223.2 0.4984546900 0.5609880686 -0.6609352231 -0.2324910611 0.8209735751 0.5214884877 0.8351591825 -0.1062768698 0.5396428108
-126.7 -4.9 2244.0 0.5080873966 0.5353097320 -0.6747523546 -0.2179159969 0.8378127217 0.5005820990 0.8332825303 -0.1073001176 0.5423346162
-92.1 187.5 2109.4 0.1325816959 0.2533716261 -0.9582405090 0.9553292394 0.2249690890 0.1916637272 0.2641366422 -0.9408462644 -0.2122265399
-124.7 -47.5 2044.4 -0.7394357920 0.2533716261 -0.6237287521 0.6721301675 0.2249690890 -0.7054288983 -0.0384159870 -0.9408462644 -0.3366489112
46.7 128.0 2336.9 0.0975510255 0.8535862565 -0.5117365718 -0.9500337243 -0.0733265728 -0.3034125566 -0.2965126932 0.5157651901 0.8037825823
69.6 -95.5 2267.2 0.4014905989 0.8535862565 -0.3319575787 -0.5382746458 -0.0733265728 -0.8395734429 -0.7409896851 0.5157651901 0.4300239086
-274.0 -148.2 2190.7 0.4704182744 -0.2328146398 -0.8511779904 0.0493655913 0.9700018167 -0.2380326390 0.8810616732 0.0699559972 0.4677996039
-183.7 -524.7 2163.5 0.4654319584 0.1735186279 -0.8679080606 0.0200862288 0.9782710671 0.2063548267 0.8848556876 -0.1134771332 0.4518332779
-185.3 -184.8 2341.9 0.1419749409 -0.1498210579 -0.9784665108 0.0770012513 0.9871559143 -0.1399787068 0.9868707657 -0.0554696806 0.1516878009
-127.2 -568.0 2363.4 0.1314180493 0.2606631815 -0.9564434290 0.0376325212 0.9628039598 0.2675674558 0.9906125069 -0.0711565688 0.1167204082
75.4 -229.5 2054.8 0 0 0 0 0 0 0 0 0
172.0 -232.8 2078.2 0 0 0 0 0 0 0 0 0
-248.4 -889.8 2205.9 0 0 0 0 0 0 0 0 0
-224.4 -927.1 2389.9 0 0 0 0 0 0 0 0 0
87.2 322.5 2207.5 09 0.4835270643 0.5530446768 -0.6784859300 -0.2402975112 0.8292073607 0.5046506524 0.8416998982 -0.0809737742 0.5338394642
-22.7 157.7 2223.6 0.4835270643 0.5530446768 -0.6784859300 -0.2402975112 0.8292073607 0.5046506524 0.8416998982 -0.0809737742 0.5338394642
-125.2 -6.3 2239.5 0.4924311042 0.5285950303 -0.6914469600 -0.2265162915 0.8449040055 0.4845901728 0.8403582573 -0.0820032731 0.5357923508
-89.9 188.7 2108.8 0.1409498155 0.2517140508 -0.9574827552 0.9549526572 0.2205459177 0.1985570043 0.2611484826 -0.9423372746 -0.2092890888
-124.8 -47.4 2044.3 -0.7353764176 0.2517140508 -0.6291753054 0.6765879989 0.2205459177 -0.7025582790 -0.0380817391 -0.9423372746 -0.3324909508
44.6 126.7 2338.3 0.1172930077 0.8685463071 -0.4815284014 -0.9464905858 -0.0490288921 -0.3189855218 -0.3006625175 0.4931768775 0.8163201809
72.3 -97.2 2267.2 0.3947400451 0.8685463071 -0.2996791005 -0.5332683325 -0.0490288921 -0.8445241451 -0.7482013106 0.4931768775 0.4438146055
-276.1 -148.0 2190.2 0.4492442608 -0.2359297127 -0.8616941571 0.0463113785 0.9693542719 -0.2412623614 0.8922078609 0.0684794858 0.4464030564
-184.5 -524.3 2163.6 0.4464054704 0.1607680470 -0.8802703023 0.0285531636 0.9806680679 0.1935841590 0.8943751454 -0.1115515307 0.4331851602
-185.1 -187.0 2339.4 0.1187074333 -0.1447080374 -0.9823279381 0.0705972239 0.9880493879 -0.1370196939 0.9904163480 -0.0530843697 0.1275047958
-128.9 -570.6 2360.0 0.1161601767 0.2552092671 -0.9598828554 0.0609688796 0.9627704024 0.2633551359 0.9913574457 -0.0891143605 0.0962757543
74.1 -230.4 2054.6 0 0 0 0 0 0 0 0 0
173.1 -233.3 2076.3 0 0 0 0 0 0 0 0 0
-244.5 -890.3 2205.2 0 0 0 0 0 0 0 0 0
-224.1 -929.7 2393.3 0 0 0 0 0 0 0 0 0
83.6 325.3 2216.7 10 0.4686544836 0.5451566577 -0.6951022744 -0.2524435222 0.8367015123 0.4860070348 0.8465431333 -0.0522953086 0.5297451615
-24.4 159.6 2227.1 0.4686544836 0.5451566577 -0.6951022744 -0.2524435222 0.8367015123 0.4860070348 0.8465431333 -0.0522953086 0.5297451615
-125.5 -5.6 2237.8 0.4777776003 0.5216462016 -0.7068336606 -0.2380073369 0.8513806462 0.4674436152 0.8456246853 -0.0551024936 0.5309262276
-89.6 192.2 2111.6 0.1426253170 0.2643858492 -0.9538124204 0.9526085854 0.2249354571 0.2047948390 0.2686910927 -0.9378188252 -0.2197747380
-125.7 -48.6 2043.7 -0.7380704284 0.2643858492 -0.6207673550 0.6731105447 0.2249354571 -0.7045042515 -0.0466283597 -0.9378188252 -0.3439791203
40.9 127.1 2342.5 0.1378565282 0.8927956223 -0.4288491011 -0.9418692589 -0.0157738347 -0.3356090486 -0.3063949049 0.4501856863 0.8387222290
73.9 -97.9 2269.3 0.3750406206 0.8927956223 -0.2495205551 -0.5275531411 -0.0157738347 -0.8493755460 -0.7622547150 0.4501856863 0.4650813043
-271.9 -149.9 2180.1 0.4256720841 -0.2315602750 -0.8747474551 0.0542351268 0.9714936018 -0.2307785451 0.9032506943 0.0507939383 0.4260964096
-182.0 -527.0 2160.4 0.4225650132 0.1932590902 -0.8854883909 0.0383232534 0.9723178148 0.2304980308 0.9055220485 -0.1313351989 0.4034611881
-183.7 -190.5 2330.7 0.0898883194 -0.1392645538 -0.9861670732 0.1083784774 0.9856631160 -0.1293147802 0.9900375009 -0.0952553973 0.1036928892
-129.7 -572.8 2367.6 0.0727218539 0.2556023598 -0.9640430212 0.0430422612 0.9648974538 0.2590757608 0.9964230657 -0.0603350624 0.0591674298
73.9 -230.6 2056.3 0 0 0 0 0 0 0 0 0
169.5 -232.5 2074.9 0 0 0 0 0 0 0 0 0
-254.1 -889.7 2209.4 0 0 0 0 0 0 0 0 0
-225.0 -932.8 2390.1 0 0 0 0 0 0 0 0 0
81.3 328.6 2215.8 11 0.4867961705 0.5395147800 -0.6869885325 -0.2570217848 0.8401154280 0.4776462018 0.8348468542 -0.0559453107 0.5476320386
-25.8 161.8 2226.9 0.4867961705 0.5395147800 -0.6869885325 -0.2570217848 0.8401154280 0.4776462018 0.8348468542 -0.0559453107 0.5476320386
-125.7 -4.2 2238.3 0.4963374734 0.5148413777 -0.6989903450 -0.2416794449 0.8552828431 0.4583474100 0.8338106275 -0.0585634038 0.5489354730
-93.6 194.8 2113.1 0.1362011284 0.2705140412 -0.9530327320 0.9525322318 0.2286291271 0.2010249496 0.2722711265 -0.9351742268 -0.2265338153
-128.0 -45.5 2044.4 -0.7370790839 0.2705140412 -0.6193032861 0.6740698814 0.2286291271 -0.7023948431 -0.0484169014 -0.9351742268 -0.3508631289
42.0 128.8 2340.8 0.1355040818 0.9114657640 -0.3884183168 -0.9464268088 0.0030972606 -0.3229035437 -0.2931124866 0.4113642573 0.8630553484
74.1 -95.7 2271.3 0.3525443673 0.9114657640 -0.2119967341 -0.5212022662 0.0030972606 -0.8534275889 -0.7772133946 0.4113642573 0.4761499166
-269.5 -149.4 2172.7 0.4380094707 -0.2281319350 -0.8695421219 0.0726538301 0.9730837345 -0.2186994702 0.8960296512 0.0326168686 0.4427945316
-181.0 -527.1 2160.1 0.4295134842 0.2095064521 -0.8784220219 0.0316165425 0.9686317444 0.2464810014 0.9025068283 -0.1336395890 0.4094165266
-183.9 -192.1 2324.2 0.1022609547 -0.1377149522 -0.9851788282 0.1486773491 0.9813624620 -0.1217488572 0.9835841060 -0.1340236217 0.1208301559
-130.5 -572.6 2376.2 0.0653409436 0.2474933565 -0.9666838050 0.0011979507 0.9687339067 0.2480992079 0.9978622794 -0.0173690747 0.0630014986
71.3 -227.7 2057.5 0 0 0 0 0 0 0 0 0
164.0 -228.6 2073.1 0 0 0 0 0 0 0 0 0
-259.1 -888.5 2209.9 0 0 0 0 0 0 0 0 0
-222.8 -933.8 2382.6 0 0 0 0 0 0 0 0 0
74.3 323.9 2226.9 12 0.4754717350 0.5224981308 -0.7077586651 -0.2789876461 0.8525460362 0.4419628084 0.8343215585 -0.0126849134 0.5511320829
-28.7 155.8 2229.4 0.4754717350 0.5224981308 -0.7077586651 -0.2789876461 0.8525460362 0.4419628084 0.8343215585 -0.0126849134 0.5511320829
-126.0 -11.8 2233.6 0.4860407412 0.5018372536 -0.7154884934 -0.2612693608 0.8646928668 0.4290041327 0.8339680433 -0.0215782635 0.5513906479
-95.1 191.6 2115.5 0.1781448126 0.2676326931 -0.9469092488 0.9392930269 0.2405273914 0.2446941584 0.2932457626 -0.9330162406 -0.2085368037
-138.9 -39.5 2043.4 -0.7497265935 0.2676326931 -0.6052129865 0.6602258682 0.2405273914 -0.7115113139 -0.0448533967 -0.9330162406 -0.3570277989
37.7 120.1 2343.3 0.1685065031 0.9308116436 -0.3243381381 -0.9354479909 0.0472896211 -0.3502867222 -0.3107131124 0.3624270260 0.8786944747
77.1 -98.3 2270.7 0.3353168070 0.9308116436 -0.1454383582 -0.5050591230 0.0472896211 -0.8617882729 -0.7952848077 0.3624270260 0.4859718978
-270.1 -148.6 2175.0 0.4183209538 -0.2302415967 -0.8786332607 0.0632431954 0.9723744988 -0.2246956825 0.9060948491 0.0384273417 0.4213258326
-180.7 -526.0 2160.1 0.4130251408 0.2026069462 -0.8878967762 0.0371781215 0.9703760147 0.2387219220 0.9099604487 -0.1316084862 0.3932571411
-181.1 -191.9 2324.3 0.0807265118 -0.1306933910 -0.9881308079 0.1351268888 0.9836488962 -0.1190612540 0.9875342846 -0.1239116490 0.0970667303
-130.4 -573.5 2372.4 0.0473546721 0.2517578304 -0.9666309953 0.0052608028 0.9676403999 0.2522784472 0.9988642931 -0.0170318186 0.0444978438
63.1 -217.4 2055.5 0 0 0 0 0 0 0 0 0
161.8 -225.9 2069.7 0 0 0 0 0 0 0 0 0
-256.3 -888.2 2209.2 0 0 0 0 0 0 0 0 0
-224.4 -934.5 2378.8 0 0 0 0 0 0 0 0 0
78.7 329.1 2225.4 13 0.4885703325 0.5342877507 -0.6898084283 -0.2850651741 0.8449486494 0.4525478780 0.8246434927 -0.0244611129 0.5651236773
-27.1 161.8 2230.3 0.4885703325 0.5342877507 -0.6898084283 -0.2850651741 0.8449486494 0.4525478780 0.8246434927 -0.0244611129 0.5651236773
-125.7 -5.2 2235.6 0.4986852109 0.5084391832 -0.7019990087 -0.2685199976 0.8606671095 0.4326073527 0.8241420388 -0.0272341203 0.5657280684
-95.2 198.5 2117.7 0.1898980439 0.2594087124 -0.9469138384 0.9362118840 0.2426456958 0.2542250454 0.2957127690 -0.9347888231 -0.1967835873
-143.3 -38.9 2042.8 -0.7595599294 0.2594087124 -0.5964695215 0.6490602493 0.2426456958 -0.7210019827 -0.0423034504 -0.9347888231 -0.3526758254
41.0 125.1 2342.8 0.1632276773 0.9383417964 -0.3047480881 -0.9353851676 0.0489702076 -0.3502235413 -0.3137058318 0.3422229886 0.8857042789
80.3 -100.1 2267.3 0.3175762296 0.9383417964 -0.1366016120 -0.5132516026 0.0489702076 -0.8568399549 -0.7973193526 0.3422229886 0.4971572161
-266.9 -156.1 2163.1 0.4266481996 -0.2152017206 -0.8784415126 0.0932032093 0.9765692353 -0.1939735264 0.8996024132 0.0008848836 0.4367089868
-183.4 -534.9 2162.8 0.4151057303 0.1950365603 -0.8886213899 0.0315025114 0.9730833173 0.2282903492 0.9092276096 -0.1227584407 0.3977883160
-179.8 -203.0 2312.4 0.0957037136 -0.1187071651 -0.9883063436 0.1606868804 0.9816842079 -0.1023514792 0.9823545814 -0.1490124464 0.1130255088
-133.7 -583.8 2370.2 0.0553974621 0.2499692142 -0.9666677117 0.0016898240 0.9681295753 0.2504440844 0.9984629750 -0.0155074652 0.0532095209
60.8 -213.3 2054.1 0 0 0 0 0 0 0 0 0
160.8 -230.1 2065.4 0 0 0 0 0 0 0 0 0
-256.2 -898.1 2208.6 0 0 0 0 0 0 0 0 0
-227.0 -945.1 2376.0 0 0 0 0 0 0 0 0 0
78.8 332.0 2219.7 14 0.5050871968 0.5332337618 -0.6786373258 -0.2743924558 0.8447228074 0.4595129192 0.8182882667 -0.0458811224 0.5729740262
-27.0 164.3 2228.8 0.5050871968 0.5332337618 -0.6786373258 -0.2743924558 0.8447228074 0.4595129192 0.8182882667 -0.0458811224 0.5729740262
-125.8 -2.4 2238.3 0.5148084164 0.5092430711 -0.6896693707 -0.2585029900 0.8592268825 0.4414808452 0.8174034953 -0.0489964411 0.5739780664
-97.4 199.7 2117.2 0.1875075251 0.2532461286 -0.9490560293 0.9386702180 0.2384453267 0.2490823418 0.2893771231 -0.9375554323 -0.1930043250
-144.9 -38.3 2043.8 -0.7631968260 0.2532461286 -0.5944719911 0.6447890401 0.2384453267 -0.7262168527 -0.0421625450 -0.9375554323 -0.3452710509
43.3 129.0 2340.4 0.1628651917 0.9450147152 -0.2835879326 -0.9422463179 0.0637179166 -0.3288036883 -0.2926546931 0.3207603395 0.9008141160
82.2 -96.0 2270.5 0.3040202856 0.9450147152 -0.1204941198 -0.5325631499 0.0637179166 -0.8439884186 -0.7899038792 0.3207603395 0.5226515532
-269.0 -148.1 2167.1 0.4472489357 -0.2212910801 -0.8666017652 0.0939096659 0.9751724005 -0.2005487978 0.8894657493 0.0083129546 0.4569261968
-183.1 -526.6 2163.8 0.4366698265 0.1878401190 -0.8797929287 0.0349780507 0.9736741185 0.2252449691 0.8989415765 -0.1291311234 0.4186038077
-179.7 -196.3 2314.7 0.1152126417 -0.1234178320 -0.9856439829 0.1786149293 0.9786527157 -0.1016639918 0.9771503210 -0.1643377542 0.1347974241
-131.8 -576.0 2378.4 0.0660725310 0.2527306080 -0.9652780294 -0.0149046415 0.9675340056 0.2523010671 0.9977034926 -0.0022830484 0.0676942840
60.5 -211.8 2055.2 0 0 0 0 0 0 0 0 0
159.3 -231.0 2070.3 0 0 0 0 0 0 0 0 0
-253.3 -890.0 2212.0 0 0 0 0 0 0 0 0 0
-226.1 -937.1 2379.3 0 0 0 0 0 0 0 0 0
79.7 331.5 2215.8 15 0.5201745033 0.5313661098 -0.6686318517 -0.2678081691 0.8448835015 0.4630881548 0.8109853864 -0.0618215799 0.5817910433
-25.4 164.3 2228.1 0.5201745033 0.5313661098 -0.6686318517 -0.2678081691 0.8448835015 0.4630881548 0.8109853864 -0.0618215799 0.5817910433
-123.0 -3.0 2239.8 0.5295323133 0.5030627847 -0.6830251217 -0.2523657680 0.8621457219 0.4393361509 0.8098808527 -0.0602705218 0.5834898949
-97.8 198.8 2117.5 0.1886250526 0.2454701066 -0.9508759379 0.9401423931 0.2346961945 0.2470830381 0.2838184536 -0.9405648112 -0.1865072697
-145.4 -38.5 2045.9 -0.7629925013 0.2454701066 -0.5979856849 0.6452828646 0.2346961945 -0.7269991636 -0.0381116010 -0.9405648112 -0.3374690711
46.9 129.8 2338.7 0.1530039907 0.9440485239 -0.2921681106 -0.9481279254 0.0568706766 -0.3127606213 -0.2786453962 0.3248663545 0.9037801623
