275.7 362.8 2495.2 16 0.5110616088 0.7332631350 -0.4484876096 -0.5175910592 0.6791005731 0.5205015540 0.6862328649 -0.0338751934 0.7265927196
129.7 227.6 2502.0 0.5110616088 0.7332631350 -0.4484876096 -0.5175910592 0.6791005731 0.5205015540 0.6862328649 -0.0338751934 0.7265927196
-11.2 87.6 2508.7 0.5290712118 0.7091777325 -0.4659941792 -0.5003193617 0.7042403221 0.5037122965 0.6853934526 -0.0333537534 0.7274086475
55.4 297.9 2405.6 -0.0065549971 0.4376049936 -0.8991433978 0.9198219180 0.3553709984 0.1662501097 0.3922813833 -0.8259620667 -0.4048481286
57.4 20.0 2287.1 -0.8170571327 0.4376049936 -0.3753924966 0.5406571031 0.3553709984 -0.7624968290 -0.2002687901 -0.8259620667 -0.5269526243
204.0 157.2 2598.3 0.1038847789 0.9925869107 -0.0630804449 -0.8632853627 0.1214844659 0.4898774028 0.4939092100 0.0035656204 0.8695061803
239.9 -140.5 2768.7 -0.0233967975 0.9925869107 0.1192634851 0.2197876722 0.1214844659 -0.9679539800 -0.9752671123 0.0035656204 -0.2210007161
-200.9 -21.5 2448.2 0.6662304997 -0.0514421090 -0.7439695001 0.0572492965 0.9982020259 -0.0177539419 0.7435451746 -0.0307635143 0.6679776907
-180.5 -418.3 2460.4 0.6554868221 0.1285834014 -0.7441796660 -0.0631867424 0.9912813902 0.1156229600 0.7525586486 -0.0287670363 0.6578966379
-106.0 -107.8 2579.3 0.1501115113 -0.2390173972 -0.9593420625 0.0987738892 0.9691078067 -0.2259950191 0.9837226272 -0.0608334951 0.1690829247
-11.0 -493.0 2603.4 0.1391828954 0.1497296691 -0.9788815975 0.0241208803 0.9876970649 0.1545077264 0.9899728894 -0.0451163203 0.1338589340
274.1 -123.4 2340.2 0 0 0 0 0 0 0 0 0
233.6 -81.5 2506.6 0 0 0 0 0 0 0 0 0
-224.1 -754.4 2470.2 0 0 0 0 0 0 0 0 0
-45.9 -723.0 2613.9 0 0 0 0 0 0 0 0 0
278.7 366.8 2503.5 17 0.5135388970 0.7206677198 -0.4657422304 -0.5454353094 0.6931756735 0.4711770713 0.6624032855 0.0120645072 0.7490502596
136.6 230.2 2501.1 0.5135388970 0.7206677198 -0.4657422304 -0.5454353094 0.6931756735 0.4711770713 0.6624032855 0.0120645072 0.7490502596
-3.0 88.8 2502.3 0.5356339216 0.7025936246 -0.4684639871 -0.5236277580 0.7115689516 0.4684907198 0.6625030637 -0.0056387656 0.7490379810
61.3 303.7 2408.0 0.0884122699 0.4502086043 -0.8885355592 0.9062168598 0.3339184821 0.2593634725 0.4134661257 -0.8281368613 -0.3784641623
35.2 36.2 2286.0 -0.7719162107 0.4502086043 -0.4488402307 0.6117372513 0.3339184821 -0.7171303630 -0.1729822159 -0.8281368613 -0.5331664681
211.9 156.6 2594.2 0.1136921644 0.9913946986 -0.0648894310 -0.8821340799 0.1307781786 0.4524781704 0.4570705891 0.0057979594 0.8894115090
251.1 -147.5 2751.8 -0.0286502969 0.9913946986 0.1277329624 0.2599812746 0.1307781786 -0.9567166567 -0.9651885033 0.0057979594 -0.2614908814
-200.6 -6.5 2452.6 0.6663473248 -0.0632329136 -0.7429555058 0.0564245172 0.9978169203 -0.0343177244 0.7435035706 -0.0190533809 0.6684604883
-175.5 -403.2 2460.2 0.6544033885 0.1368268579 -0.7436629534 -0.0673802570 0.9901312590 0.1228818446 0.7531375289 -0.0303060897 0.6571646929
-103.7 -98.2 2578.2 0.1410205811 -0.2418265641 -0.9600172639 0.1026078016 0.9680556655 -0.2287789881 0.9846749902 -0.0662427098 0.1613290757
-7.6 -483.1 2604.5 0.1288823038 0.1524484307 -0.9798718691 0.0212100223 0.9874629974 0.1564192176 0.9914330244 -0.0409427732 0.1240330786
240.1 -126.1 2331.9 0 0 0 0 0 0 0 0 0
243.4 -77.7 2492.6 0 0 0 0 0 0 0 0 0
-223.9 -753.2 2470.9 0 0 0 0 0 0 0 0 0
-44.9 -724.8 2614.6 0 0 0 0 0 0 0 0 0
276.1 368.7 2499.1 18 0.4959186912 0.7186002135 -0.4875226915 -0.4935062230 0.6951744556 0.5226701498 0.7145041823 -0.0186064150 0.6993836761
134.0 231.2 2502.8 0.4959186912 0.7186002135 -0.4875226915 -0.4935062230 0.6951744556 0.5226701498 0.7145041823 -0.0186064150 0.6993836761
-4.2 88.5 2508.3 0.5167654157 0.6948788166 -0.5000969172 -0.4726549685 0.7186113000 0.5100931525 0.7138282657 -0.0272252094 0.6997914314
61.4 297.4 2402.7 0.1256270409 0.4311056435 -0.8935131431 0.9096389413 0.3094030917 0.2771762908 0.3959480226 -0.8475952148 -0.3532811105
25.9 40.1 2290.7 -0.7668275237 0.4311056435 -0.4755243659 0.6206928492 0.3094030917 -0.7204235792 -0.1634499580 -0.8475952148 -0.5048429966
206.5 164.9 2602.9 0.1053646356 0.9892144799 -0.1017499790 -0.8492189050 0.1427449733 0.5083808899 0.5174220800 0.0328426361 0.8550998569
242.8 -127.3 2781.0 0.0041863150 0.9892144799 0.1464146227 0.1965769231 0.1427449733 -0.9700419307 -0.9804794788 0.0328426361 -0.1938591599
-191.8 -4.5 2442.7 0.6412159801 -0.0385079049 -0.7663936019 0.0628649145 0.9980190396 0.0024509155 0.7647810578 -0.0497508384 0.6423665881
-176.5 -401.0 2462.4 0.6296454072 0.1314606369 -0.7656792998 -0.0629800782 0.9909725785 0.1183508113 0.7743256688 -0.0262964964 0.6322407126
-93.6 -100.5 2564.1 0.1129502878 -0.2242540121 -0.9679629803 0.1326868683 0.9688758850 -0.2089824528 0.9847012162 -0.1048313528 0.1391903758
-4.5 -485.4 2605.7 0.0960432813 0.1669451147 -0.9812772274 0.0300098602 0.9849007726 0.1704988331 0.9949246645 -0.0458232611 0.0895831063
231.2 -126.1 2334.5 0 0 0 0 0 0 0 0 0
243.9 -74.6 2518.2 0 0 0 0 0 0 0 0 0
-223.4 -754.2 2471.8 0 0 0 0 0 0 0 0 0
-45.0 -724.1 2616.8 0 0 0 0 0 0 0 0 0
271.9 366.3 2497.5 19 0.4978567064 0.7126603723 -0.4942205250 -0.4682908952 0.7005521059 0.5384518504 0.7299605012 -0.0366328806 0.6825069189
130.8 227.6 2504.7 0.4978567064 0.7126603723 -0.4942205250 -0.4682908952 0.7005521059 0.5384518504 0.7299605012 -0.0366328806 0.6825069189
-6.0 83.7 2513.1 0.5170942545 0.6878886819 -0.5093355775 -0.4487153590 0.7246040702 0.5230712295 0.7288813591 -0.0419304371 0.6833547950
58.2 290.6 2402.3 0.1701439917 0.4154473543 -0.8935628533 0.9050807953 0.2927351296 0.3084395230 0.3897176087 -0.8612256646 -0.3262062669
11.9 44.3 2296.3 -0.7328105569 0.4154473543 -0.5388805270 0.6686208248 0.2927351296 -0.6835585833 -0.1262333244 -0.8612256646 -0.4922961593
203.5 164.6 2607.1 0.1110922247 0.9874661565 -0.1121119261 -0.8342700601 0.1539652646 0.5294225216 0.5400481820 0.0347168893 0.8409177661
241.8 -122.8 2793.1 0.0080022467 0.9874661565 0.1576278210 0.1708400398 0.1539652646 -0.9731949568 -0.9852662683 0.0347168893 -0.1674667001
-189.7 -10.9 2448.5 0.6371501684 -0.0297027137 -0.7701671124 0.0579332113 0.9982759356 0.0094273705 0.7685593367 -0.0506249070 0.6377724409
-177.9 -407.7 2468.6 0.6254817843 0.1288104206 -0.7695325613 -0.0767542645 0.9916526675 0.1036041826 0.7764543295 -0.0057376255 0.6301474571
-95.1 -97.3 2579.1 0.1218675300 -0.2282714099 -0.9659401774 0.0915074423 0.9716331959 -0.2180717885 0.9883190989 -0.0618148483 0.1392990798
-4.5 -483.1 2603.6 0.1122806221 0.1681438833 -0.9793470502 0.0343305096 0.9843345284 0.1729361266 0.9930832982 -0.0530388579 0.1047492325
208.0 -134.6 2330.1 0 0 0 0 0 0 0 0 0
243.9 -76.9 2528.7 0 0 0 0 0 0 0 0 0
-223.1 -755.5 2470.7 0 0 0 0 0 0 0 0 0
-45.2 -721.3 2616.4 0 0 0 0 0 0 0 0 0
267.2 360.7 2496.6 20 0.4863281548 0.7142587900 -0.5033082962 -0.4465419054 0.6982789636 0.5594701767 0.7510560751 -0.0473378524 0.6585391760
126.4 223.1 2505.9 0.4863281548 0.7142587900 -0.5033082962 -0.4465419054 0.6982789636 0.5594701767 0.7510560751 -0.0473378524 0.6585391760
-10.3 79.1 2515.7 0.5045104027 0.6873298883 -0.5225389004 -0.4280820489 0.7247096300 0.5399460196 0.7498099804 -0.0487188511 0.6598571539
55.5 283.2 2400.6 0.1984048784 0.4017570913 -0.8939948082 0.9015783668 0.2829580903 0.3272479475 0.3844372332 -0.8709339499 -0.3060752451
3.7 47.6 2300.1 -0.7065663934 0.4017570913 -0.5825420022 0.7007924318 0.2829580903 -0.6548470855 -0.0982544944 -0.8709339499 -0.4814769924
197.3 162.9 2611.3 0.1027784422 0.9864137769 -0.1281579584 -0.8193941712 0.1570039392 0.5513102412 0.5639412999 0.0483490750 0.8243983388
232.8 -119.5 2805.7 0.0254747830 0.9864137769 0.1622926593 0.1445611715 0.1570039392 -0.9769604802 -0.9891678691 0.0483490750 -0.1385974884
-190.1 -19.1 2454.8 0.6240387559 -0.0264144409 -0.7809467912 0.0426037200 0.9990920424 0.0002508676 0.7802310586 -0.0334277898 0.6245974898
-179.6 -416.2 2468.0 0.6134323478 0.1263210624 -0.7795791626 -0.0747134611 0.9919801354 0.1019477323 0.7862051725 -0.0042929812 0.6179506183
-95.4 -101.3 2588.2 0.1164055690 -0.2214762568 -0.9681931734 0.0632942691 0.9744929671 -0.2153074890 0.9911829233 -0.0362180844 0.1274545789
-7.4 -488.3 2602.6 0.1133938581 0.1602184922 -0.9805467129 0.0446601063 0.9850926995 0.1661259532 0.9925458431 -0.0626289845 0.1045480818
192.4 -139.5 2326.4 0 0 0 0 0 0 0 0 0
239.6 -80.7 2540.1 0 0 0 0 0 0 0 0 0
-222.9 -755.9 2469.5 0 0 0 0 0 0 0 0 0
-45.2 -720.9 2617.4 0 0 0 0 0 0 0 0 0
268.3 356.4 2496.2 21 0.4769423008 0.7233239412 -0.4993280172 -0.4435700774 0.6885368824 0.5737268925 0.7587961555 -0.0521476418 0.6492372155
125.2 220.2 2506.5 0.4769423008 0.7233239412 -0.4993280172 -0.4435700774 0.6885368824 0.5737268925 0.7587961555 -0.0521476418 0.6492372155
-13.5 78.2 2516.8 0.4934553206 0.6977770925 -0.5192388892 -0.4272674620 0.7144573331 0.5540696979 0.7575911880 -0.0515547767 0.6506901979
55.8 280.3 2400.0 0.2249065936 0.3558006287 -0.9070959091 0.9034385085 0.2725712955 0.3309135437 0.3649875522 -0.8939299583 -0.2601408958
-1.5 50.0 2306.9 -0.6877991557 0.3558006287 -0.6327229142 0.7239628434 0.2725712955 -0.6337054968 -0.0530107096 -0.8939299583 -0.4450607300
194.6 160.1 2613.1 0.0877557546 0.9881713986 -0.1257626563 -0.8147834539 0.1438366026 0.5616395473 0.5730853677 0.0531822331 0.8177681565
224.9 -120.8 2810.7 0.0338341594 0.9881713986 0.1495746225 0.1337604374 0.1438366026 -0.9805198312 -0.9904359579 0.0531822331 -0.1273116469
-193.2 -25.7 2456.7 0.6195255518 -0.0340882204 -0.7842360139 0.0364573486 0.9992280602 -0.0146329040 0.7841294408 -0.0195257086 0.6202900410
-179.6 -422.9 2464.4 0.6093751192 0.1279794127 -0.7824853063 -0.0693356320 0.9917080402 0.1082024127 0.7898446321 -0.0116817467 0.6131957173
-100.7 -104.1 2594.1 0.1166045815 -0.2294390351 -0.9663131237 0.0457280539 0.9731586576 -0.2255464345 0.9921251535 -0.0178878717 0.1239665598
-9.5 -490.8 2601.2 0.1175924763 0.1535632908 -0.9811168909 0.0520544909 0.9856600761 0.1605134159 0.9916967154 -0.0699467137 0.1079125479
180.8 -141.9 2321.0 0 0 0 0 0 0 0 0 0
234.0 -84.9 2544.5 0 0 0 0 0 0 0 0 0
-222.5 -754.7 2468.4 0 0 0 0 0 0 0 0 0
-45.5 -721.7 2617.6 0 0 0 0 0 0 0 0 0
273.3 359.4 2495.5 22 0.4836009443 0.7247990370 -0.4907101691 -0.4494529963 0.6867008805 0.5713439584 0.7510806322 -0.0557513051 0.6578522921
129.4 223.1 2506.6 0.4836009443 0.7247990370 -0.4907101691 -0.4494529963 0.6867008805 0.5713439584 0.7510806322 -0.0557513051 0.6578522921
-9.9 81.8 2517.6 0.4995927513 0.7008937001 -0.5090727806 -0.4337741137 0.7110936046 0.5533406138 0.7498313785 -0.0556223616 0.6592867970
59.2 284.1 2401.1 0.2380917221 0.3280462027 -0.9141651988 0.9074903131 0.2602507770 0.3297436833 0.3460833728 -0.9081053138 -0.2357351780
-2.3 49.8 2311.7 -0.6742873788 0.3280462027 -0.6616058350 0.7377690673 0.2602507770 -0.6228694916 -0.0321465358 -0.9081053138 -0.4175061285
199.7 162.1 2612.0 0.0899351165 0.9894285202 -0.1137667149 -0.8182230592 0.1385288686 0.5579612851 0.5678228140 0.0429062322 0.8220317960
230.8 -120.2 2807.9 0.0234986469 0.9894285202 0.1431048661 0.1388063580 0.1385288686 -0.9805827737 -0.9900407195 0.0429062322 -0.1340837330
-197.5 -24.6 2457.5 0.6277387142 -0.0479137078 -0.7769480944 0.0457058065 0.9986505508 -0.0246576928 0.7770811319 -0.0200324524 0.6290815473
-178.4 -421.6 2465.5 0.6162531972 0.1338954866 -0.7760824561 -0.0715740696 0.9908852577 0.1141210124 0.7842889428 -0.0147800632 0.6202196479
-107.0 -102.9 2596.5 0.1273762286 -0.2418506742 -0.9619166255 0.0419166982 0.9702624083 -0.2383984476 0.9909683466 -0.0099540744 0.1337259412
-10.8 -488.5 2600.4 0.1293309182 0.1416301280 -0.9814348817 0.0554613434 0.9871647954 0.1497655511 0.9900492430 -0.0738010108 0.1198159307
175.2 -144.4 2320.2 0 0 0 0 0 0 0 0 0
237.1 -82.9 2541.8 0 0 0 0 0 0 0 0 0
-223.5 -755.2 2470.5 0 0 0 0 0 0 0 0 0
-44.6 -723.9 2618.0 0 0 0 0 0 0 0 0 0
286.5 358.1 2503.6 23 0.4854809940 0.7491419911 -0.4506600797 -0.5230831504 0.6619412303 0.5368592143 0.7004942298 -0.0249022376 0.7132234573
138.1 227.0 2508.6 0.4854809940 0.7491419911 -0.4506600797 -0.5230831504 0.6619412303 0.5368592143 0.7004942298 -0.0249022376 0.7132234573
-6.5 91.0 2513.8 0.5023070574 0.7276899815 -0.4670705795 -0.5077318549 0.6854504347 0.5218870640 0.6999256611 -0.0250009391 0.7137779593
67.8 298.1 2410.5 0.2575662136 0.2938631177 -0.9204912186 0.9030069709 0.2658035159 0.3375305831 0.3438575864 -0.9181464911 -0.1968984455
-2.7 51.0 2316.4 -0.6521574259 0.2938631177 -0.6988098025 0.7580078840 0.2658035159 -0.5956279039 0.0107130269 -0.9181464911 -0.3960962892
208.5 155.8 2606.7 0.0707238838 0.9951438308 -0.0684611797 -0.8611682653 0.0955490321 0.4992590249 0.5033759475 0.0236470588 0.8637439013
232.8 -140.4 2779.8 0.0028786222 0.9951438308 0.0983896032 0.2118849456 0.0955490321 -0.9726125598 -0.9772903919 0.0236470588 -0.2105809301
-195.0 -19.8 2459.9 0.6487247348 -0.0456990339 -0.7596498132 0.0403374247 0.9988570213 -0.0256419722 0.7599533796 -0.0140077341 0.6498266459
-176.9 -416.9 2465.5 0.6375402808 0.1345711648 -0.7585729957 -0.0730784535 0.9907500744 0.1143409237 0.7669432163 -0.0174616035 0.6414773464
-103.4 -99.3 2597.4 0.1391164958 -0.2351133972 -0.9619606733 0.0421213955 0.9719323516 -0.2314590961 0.9893798232 -0.0083193509 0.1451151222
-9.9 -485.7 2600.8 0.1413445175 0.1414169818 -0.9798076153 0.0575564615 0.9868960381 0.1507430077 0.9882858992 -0.0777009577 0.1313528866
167.9 -147.3 2313.6 0 0 0 0 0 0 0 0 0
233.6 -83.6 2517.8 0 0 0 0 0 0 0 0 0
-222.7 -753.9 2471.4 0 0 0 0 0 0 0 0 0
-44.3 -725.4 2619.6 0 0 0 0 0 0 0 0 0
285.3 361.2 2508.2 24 0.4541997612 0.7465460896 -0.4861805141 -0.4876910150 0.6650395989 0.5655791759 0.7455602288 -0.0197800677 0.6661446691
138.6 230.5 2512.1 0.4541997612 0.7465460896 -0.4861805141 -0.4876910150 0.6650395989 0.5655791759 0.7455602288 -0.0197800677 0.6661446691
-5.8 94.1 2517.8 0.4733029306 0.7260868549 -0.4987807572 -0.4701516032 0.6870443225 0.5540103912 0.7449441552 -0.0277121775 0.6665509939
72.3 296.4 2407.7 0.2684765458 0.3029946685 -0.9143930078 0.9068017006 0.2407757491 0.3460314572 0.3250093460 -0.9220744371 -0.2101134360
0.8 55.1 2321.2 -0.5991573334 0.3029946685 -0.7410834432 0.8005390167 0.2407757491 -0.5487844348 0.0121561643 -0.9220744371 -0.3868215978
204.9 164.6 2616.5 0.0514814183 0.9930198193 -0.1061191559 -0.8352186680 0.1010665074 0.5405509472 0.5475028753 0.0608043708 0.8345917463
222.6 -122.8 2804.9 0.0437092073 0.9930198193 0.1095496044 0.1634888500 0.1010665074 -0.9813546538 -0.9855764508 0.0608043708 -0.1579301357
-197.0 1.5 2455.1 0.6170725226 -0.0550986044 -0.7849749327 0.0487405434 0.9983064532 -0.0317575037 0.7853953838 -0.0186634250 0.6187130213
-175.1 -395.4 2462.5 0.6060264111 0.1325577348 -0.7843216062 -0.0628326833 0.9909132123 0.1189243570 0.7929590344 -0.0227902699 0.6088485718
-105.3 -91.3 2583.0 0.1001993194 -0.2399219722 -0.9656073451 0.0761125982 0.9694960117 -0.2329901010 0.9920518994 -0.0501494370 0.1154039279
-10.0 -476.4 2603.0 0.0966960862 0.1365003288 -0.9859095216 0.0505224466 0.9886011481 0.1418281347 0.9940308332 -0.0635247827 0.0886975303
157.0 -153.6 2318.0 0 0 0 0 0 0 0 0 0
234.3 -78.9 2540.8 0 0 0 0 0 0 0 0 0
-223.0 -753.1 2470.8 0 0 0 0 0 0 0 0 0
-44.5 -726.5 2619.0 0 0 0 0 0 0 0 0 0
282.7 355.9 2511.0 25 0.4452656209 0.7411326766 -0.5024548769 -0.4643817246 0.6709266305 0.5781065226 0.7655639648 -0.0240801014 0.6429089904
136.5 223.6 2515.7 0.4452656209 0.7411326766 -0.5024548769 -0.4643817246 0.6709266305 0.5781065226 0.7655639648 -0.0240801014 0.6429089904
-6.3 85.5 2522.5 0.4661976099 0.7181361318 -0.5166626573 -0.4447872639 0.6950955391 0.5648065805 0.7647379041 -0.0335064940 0.6434696913
71.1 286.0 2408.4 0.2551896572 0.2947145998 -0.9208808541 0.9120839834 0.2427274436 0.3304333091 0.3209065795 -0.9242438674 -0.2068629265
5.1 50.2 2325.4 -0.5766198635 0.2947145998 -0.7620058060 0.8164412379 0.2427274436 -0.5239341855 0.0305486657 -0.9242438674 -0.3805786073
201.9 161.2 2623.1 0.0528339744 0.9905192852 -0.1268073469 -0.8199716806 0.1155092567 0.5606282949 0.5699605346 0.0743582100 0.8183005452
220.1 -121.3 2819.4 0.0580916330 0.9905192852 0.1244865209 0.1383083314 0.1155092567 -0.9836302400 -0.9886840582 0.0743582100 -0.1302869469
-193.4 0.6 2455.3 0.6042987108 -0.0464596488 -0.7954021692 0.0539722554 0.9983923435 -0.0173114855 0.7949277163 -0.0324683413 0.6058347225
-174.9 -396.3 2468.3 0.5919578075 0.1343188882 -0.7946977019 -0.0737721324 0.9909060001 0.1125300825 0.8025856018 -0.0079865213 0.5964835286
-106.9 -85.3 2591.5 0.0911281481 -0.2486228794 -0.9643040895 0.0692334771 0.9675718546 -0.2429227382 0.9934296012 -0.0446250215 0.1053860635
-8.1 -469.8 2609.2 0.0854880214 0.1373314410 -0.9868292212 0.0280765537 0.9897297025 0.1401673257 0.9959435463 -0.0396893919 0.0807542354
155.4 -162.6 2317.4 0 0 0 0 0 0 0 0 0
235.7 -84.2 2554.1 0 0 0 0 0 0 0 0 0
-223.2 -752.8 2471.1 0 0 0 0 0 0 0 0 0
-43.8 -727.2 2619.6 0 0 0 0 0 0 0 0 0
279.6 351.9 2511.9 26 0.4011413157 0.7356635332 -0.5457882881 -0.4029525220 0.6768002510 0.6160930395 0.8226268291 -0.0272136107 0.5679300427
134.9 218.8 2517.2 0.4011413157 0.7356635332 -0.5457882881 -0.4029525220 0.6768002510 0.6160930395 0.8226268291 -0.0272136107 0.5679300427
-7.0 80.0 2526.2 0.4245440364 0.7136011720 -0.5572572947 -0.3807341754 0.6991202235 0.6052044630 0.8214644790 -0.0447690450 0.5684996843
75.5 272.1 2402.3 0.2605358660 0.2661082447 -0.9280664921 0.9190635681 0.2260621488 0.3228282034 0.2957079709 -0.9370604753 -0.1856731027
9.8 40.1 2327.7 -0.5756424665 0.2661082447 -0.7731896043 0.8170097470 0.2260621488 -0.5304630399 0.0336283147 -0.9370604753 -0.3475440145
194.3 165.6 2632.2 0.0246537216 0.9838057160 -0.1775346398 -0.7747172713 0.1310411692 0.6185801029 0.6318269968 0.1222888455 0.7654018998
202.8 -100.7 2849.3 0.1145639643 0.9838057160 0.1378457546 0.0649784282 0.1310411692 -0.9892451763 -0.9912884831 0.1222888455 -0.0489135534
-191.7 -11.8 2459.3 0.5602754354 -0.0359346718 -0.8275265098 0.0440204777 0.9989383817 -0.0135741048 0.8271358013 -0.0288228747 0.5612625480
-177.4 -409.0 2470.8 0.5487705469 0.1296275258 -0.8258617520 -0.0741684660 0.9915585518 0.1063517258 0.8326763511 0.0028902048 0.5537523627
-106.4 -93.2 2599.3 0.0562005825 -0.2486769855 -0.9669546485 0.0553990304 0.9677699804 -0.2456668317 0.9968813658 -0.0397617295 0.0681656972
-7.5 -477.9 2615.1 0.0498741604 0.1452903748 -0.9881312251 0.0120104467 0.9892036915 0.1460542828 0.9986832738 -0.0191522315 0.0475907028
159.9 -172.9 2318.9 0 0 0 0 0 0 0 0 0
233.5 -83.3 2584.2 0 0 0 0 0 0 0 0 0
-222.4 -753.3 2469.7 0 0 0 0 0 0 0 0 0
-44.4 -728.6 2619.9 0 0 0 0 0 0 0 0 0
279.8 349.6 2502.8 27 0.4246971607 0.7340816259 -0.5298646092 -0.3984465301 0.6770952940 0.6186940670 0.8129407763 -0.0516349189 0.5800527334
135.4 216.3 2513.0 0.4246971607 0.7340816259 -0.5298646092 -0.3984465301 0.6770952940 0.6186940670 0.8129407763 -0.0516349189 0.5800527334
-5.4 76.6 2525.5 0.4465599358 0.7081111670 -0.5469577909 -0.3775201142 0.7033303380 0.6023329496 0.8112106919 -0.0624902137 0.5814053416
72.7 269.3 2399.2 0.2030818909 0.2613234818 -0.9436460137 0.9392428398 0.2203804404 0.2631641328 0.2767320871 -0.9397566319 -0.2006909251
19.6 23.6 2326.8 -0.5684089065 0.2613234818 -0.7801418900 0.8220137954 0.2203804404 -0.5250959992 0.0347080901 -0.9397566319 -0.3400776982
198.0 163.4 2626.8 0.0458548032 0.9855907559 -0.1628132761 -0.7739118338 0.1381045282 0.6180514693 0.6316310763 0.0976624936 0.7690930963
213.8 -103.1 2844.3 0.0894554555 0.9855907559 0.1435567737 0.0644484311 0.1381045282 -0.9883185625 -0.9939034581 0.0976624936 -0.0511655770
-187.6 -24.1 2460.3 0.5804920793 -0.0203105900 -0.8140125275 0.0274352469 0.9996091127 -0.0053767064 0.8138035536 -0.0192114990 0.5808224082
-179.6 -421.5 2467.9 0.5708278418 0.1273878962 -0.8111275434 -0.0690913796 0.9918397665 0.1071460322 0.8181576729 -0.0051200087 0.5749711394
-110.2 -93.6 2610.2 0.0868180618 -0.2594729662 -0.9618400931 0.0308233742 0.9657229781 -0.2577382326 0.9957472086 -0.0072708228 0.0918400362
-7.1 -477.3 2613.1 0.0836513713 0.1507335007 -0.9850288630 0.0099399881 0.9883180261 0.1520809531 0.9964454770 -0.0225129556 0.0811758712
167.8 -190.7 2317.8 0 0 0 0 0 0 0 0 0
237.8 -85.8 2577.8 0 0 0 0 0 0 0 0 0
-222.4 -755.0 2469.7 0 0 0 0 0 0 0 0 0
-45.1 -726.6 2618.8 0 0 0 0 0 0 0 0 0
278.4 348.7 2499.3 28 0.4173663557 0.7346308231 -0.5349045396 -0.3793464601 0.6757299304 0.6320484877 0.8257733583 -0.0608816296 0.5607065558
134.0 215.8 2511.3 0.4173663557 0.7346308231 -0.5349045396 -0.3793464601 0.6757299304 0.6320484877 0.8257733583 -0.0608816296 0.5607065558
-7.3 76.8 2526.2 0.4395691454 0.7106021643 -0.5493846536 -0.3582177460 0.6995881796 0.6182688475 0.8236862421 -0.0749725848 0.5620676875
72.2 266.1 2395.6 0.1741063297 0.2685494125 -0.9474007487 0.9473703504 0.2168021202 0.2355552763 0.2686567307 -0.9385510683 -0.2166691124
26.1 15.5 2324.5 -0.5600597262 0.2685494125 -0.7837182283 0.8278725743 0.2168021202 -0.5173237324 0.0309848078 -0.9385510683 -0.3437468410
195.7 165.5 2627.0 0.0395661630 0.9852147698 -0.1666924804 -0.7577161789 0.1383339912 0.6377537847 0.6513836980 0.1010721251 0.7519865036
209.4 -95.6 2851.5 0.0965554863 0.9852147698 0.1415235102 0.0389979109 0.1383339912 -0.9896175265 -0.9945633411 0.1010721251 -0.0250644106
-187.0 -28.6 2463.7 0.5751049519 -0.0172651354 -0.8178974390 0.0208075643 0.9997625351 -0.0064733089 0.8178150058 -0.0132956216 0.5753276348
-180.1 -426.1 2469.0 0.5656067729 0.1285327375 -0.8145970702 -0.0716779605 0.9917033315 0.1067089587 0.8215541840 -0.0019666541 0.5701270700
-105.3 -97.7 2612.1 0.0901742727 -0.2445764393 -0.9654278755 0.0151678259 0.9696019292 -0.2442171574 0.9958105087 0.0073786625 0.0911428407
-8.1 -483.0 2609.2 0.0915912762 0.1506519765 -0.9843348265 0.0244340133 0.9878520966 0.1534638554 0.9954968691 -0.0381071977 0.0867976025
172.2 -200.4 2316.4 0 0 0 0 0 0 0 0 0
235.3 -85.1 2584.5 0 0 0 0 0 0 0 0 0
-222.7 -754.7 2469.7 0 0 0 0 0 0 0 0 0
-45.2 -726.1 2618.6 0 0 0 0 0 0 0 0 0
276.9 343.6 2497.5 29 0.4043171108 0.7387163043 -0.5392827988 -0.3606057465 0.6706146002 0.6482588649 0.8405302763 -0.0676336810 0.5375263095
131.5 211.7 2510.9 0.4043171108 0.7387163043 -0.5392827988 -0.3606057465 0.6706146002 0.6482588649 0.8405302763 -0.0676336810 0.5375263095
-10.4 73.4 2527.3 0.4273555577 0.7136515379 -0.5550394058 -0.3389336765 0.6956161857 0.6334367394 0.8381474614 -0.0825811625 0.5391559601
71.4 259.3 2393.0 0.1577340066 0.2744337320 -0.9485810995 0.9509397149 0.2166882753 0.2208162248 0.2661458254 -0.9368736744 -0.2267908305
30.0 9.6 2323.1 -0.5518611670 0.2744337320 -0.7874867320 0.8333562016 0.2166882753 -0.5084915161 0.0310919154 -0.9368736744 -0.3482829034
191.6 164.0 2628.7 0.0287232082 0.9841681123 -0.1748945564 -0.7414304614 0.1383250952 0.6566178799 0.6704146862 0.1108119786 0.7336653471
201.5 -91.6 2859.8 0.1099220365 0.9841681123 0.1390333623 0.0140803633 0.1383250952 -0.9902867675 -0.9938404560 0.1108119786 0.0013475317
-188.9 -29.4 2465.7 0.5643565059 -0.0192357618 -0.8253070712 0.0240280665 0.9996876717 -0.0068693939 0.8251814246 -0.0159537457 0.5646424294
-181.2 -426.9 2472.0 0.5544334650 0.1247517318 -0.8228247166 -0.0789141953 0.9921268225 0.0972465500 0.8284781575 0.0110158045 0.5599130392
-108.3 -95.0 2616.5 0.0869138539 -0.2548655570 -0.9630625844 0.0000810527 0.9667226076 -0.2558268309 0.9962158203 0.0221568383 0.0840422511
-7.0 -479.2 2607.7 0.0921478122 0.1503473818 -0.9843294621 0.0341185890 0.9874781370 0.1540223211 0.9951606393 -0.0477767512 0.0858643129
173.9 -207.8 2315.0 0 0 0 0 0 0 0 0 0
231.0 -87.8 2592.9 0 0 0 0 0 0 0 0 0
-222.3 -753.8 2468.4 0 0 0 0 0 0 0 0 0
-44.8 -727.3 2619.7 0 0 0 0 0 0 0 0 0
275.2 346.2 2489.2 30 0.4183631241 0.7248134017 -0.5473735929 -0.3400273621 0.6838089824 0.6455901861 0.8422313929 -0.0839691386 0.5325368643
132.5 211.5 2505.7 0.4183631241 0.7248134017 -0.5473735929 -0.3400273621 0.6838089824 0.6455901861 0.8422313929 -0.0839691386 0.5325368643
-6.4 70.7 2524.9 0.4397925735 0.6987414956 -0.5642187595 -0.3190635443 0.7088143229 0.6291110516 0.8395123482 -0.0966567397 0.5346742272
70.6 256.4 2387.6 0.1390603930 0.2289034426 -0.9634653330 0.9620482922 0.1994432211 0.1862402856 0.2347876728 -0.9527988434 -0.1924815178
33.8 1.6 2325.5 -0.5542205572 0.2289034426 -0.8002766967 0.8313655257 0.1994432211 -0.5187038779 0.0408766530 -0.9527988434 -0.3008379638
194.3 166.7 2623.8 0.0485022031 0.9818172455 -0.1835276037 -0.7316466570 0.1600084156 0.6626390219 0.6799563766 0.1021379083 0.7261040807
211.0 -85.6 2858.2 0.1029774249 0.9818172455 0.1594694108 0.0030586959 0.1600084156 -0.9871109128 -0.9946789742 0.1021379083 0.0134741748
-191.4 -33.8 2466.9 0.5698808432 -0.0286267865 -0.8212285638 0.0285474751 0.9994794130 -0.0150301950 0.8212313056 -0.0148785813 0.5704014301
-180.1 -431.1 2472.8 0.5586476326 0.1302626431 -0.8191120028 -0.0854082108 0.9913745522 0.0994076282 0.8249958754 0.0144250495 0.5649545789
-113.1 -95.9 2620.5 0.0983399525 -0.2654315233 -0.9591013193 -0.0019732022 0.9637189507 -0.2669117749 0.9951509237 0.0281405915 0.0942483246
-7.6 -478.9 2609.3 0.1024002507 0.1474878043 -0.9837487340 0.0249872487 0.9882538915 0.1507642120 0.9944294095 -0.0400194675 0.0975121334
178.3 -215.2 2314.8 0 0 0 0 0 0 0 0 0
238.7 -84.8 2590.9 0 0 0 0 0 0 0 0 0
-222.6 -754.6 2468.1 0 0 0 0 0 0 0 0 0
-45.0 -729.3 2619.4 0 0 0 0 0 0 0 0 0
276.0 348.9 2492.5 31 0.4072224200 0.7204082608 -0.5614105463 -0.3383930027 0.6899473667 0.6398928165 0.8483278155 -0.0706012920 0.5247431397
134.0 212.9 2506.4 0.4072224200 0.7204082608 -0.5614105463 -0.3383930027 0.6899473667 0.6398928165 0.8483278155 -0.0706012920 0.5247431397
-4.3 71.3 2524.3 0.4312907755 0.6960577369 -0.5740138292 -0.3145659268 0.7123184204 0.6274158955 0.8455983400 -0.0900335163 0.5261724591
73.4 257.1 2387.4 0.1451065838 0.1739765853 -0.9740000963 0.9652817249 0.1912088394 0.1779615730 0.2171985805 -0.9660079479 -0.1401907653
34.1 -4.0 2328.7 -0.5739883780 0.1739765853 -0.8001684546 0.8167856336 0.1912088394 -0.5443348885 0.0582977608 -0.9660079479 -0.2518532276
194.7 168.6 2625.3 0.0442816429 0.9796359539 -0.1958380342 -0.7296719551 0.1656102687 0.6634395719 0.6823620796 0.1135193184 0.7221463919
210.0 -83.1 2860.7 0.1149149537 0.9796359539 0.1646449268 0.0011617157 0.1656102687 -0.9861906171 -0.9933746457 0.1135193184 0.0178930387
-185.6 -40.9 2467.2 0.5601260662 -0.0135672633 -0.8282963037 0.0169222839 0.9998446107 -0.0049336720 0.8282345533 -0.0112531865 0.5602686405
-180.2 -438.4 2471.6 0.5495203733 0.1350768954 -0.8244886994 -0.0807304904 0.9908108711 0.1085189059 0.8315708041 0.0069280276 0.5553755760
-105.0 -99.4 2621.1 0.0876076296 -0.2456815392 -0.9653835893 -0.0038683191 0.9690185785 -0.2469576448 0.9961475730 0.0253697857 0.0839430466
-7.3 -484.5 2611.0 0.0909225345 0.1494570971 -0.9845789075 0.0179095324 0.9882687330 0.1516710967 0.9956969023 -0.0314236656 0.0871791914
183.7 -216.9 2313.5 0 0 0 0 0 0 0 0 0
240.9 -82.8 2593.7 0 0 0 0 0 0 0 0 0
-223.4 -755.2 2469.4 0 0 0 0 0 0 0 0 0
-44.4 -729.7 2618.8 0 0 0 0 0 0 0 0 0
275.6 353.1 2495.6 32 0.4584984481 0.7109453678 -0.5332314968 -0.3976290226 0.7007201314 0.5923533440 0.7947769165 -0.0595647879 0.6039716005
135.8 215.3 2507.3 0.4584984481 0.7109453678 -0.5332314968 -0.3976290226 0.7007201314 0.5923533440 0.7947769165 -0.0595647879 0.6039716005
-0.7 71.6 2522.3 0.4818069339 0.6861359477 -0.5450500250 -0.3738675714 0.7235115767 0.5803051591 0.7925181985 -0.0758185163 0.6051168442
68.2 267.6 2396.3 0.1167583391 0.2261279672 -0.9670747519 0.9633846283 0.2108579874 0.1656170487 0.2413661033 -0.9510021210 -0.1932287812
35.3 -4.1 2328.3 -0.5723215938 0.2261279672 -0.7882348299 0.8187686205 0.2108579874 -0.5340008140 0.0454530977 -0.9510021210 -0.3058250546
203.4 163.0 2618.3 0.0865585878 0.9841321111 -0.1548922062 -0.7794973254 0.1637227684 0.6046310663 0.6203962564 0.0684020519 0.7813000083
233.1 -104.9 2831.6 0.0562525652 0.9841321111 0.1682843864 0.0777319670 0.1637227684 -0.9834391475 -0.9953860641 0.0684020519 -0.0672886968
-182.2 -41.4 2464.6 0.6072200537 -0.0020613712 -0.7945310473 0.0150579233 0.9998468757 0.0089139584 0.7943910360 -0.0173767209 0.6071581244
-181.4 -438.9 2471.6 0.5972886086 0.1287394315 -0.7916265130 -0.0852842629 0.9916317463 0.0969179124 0.7974790931 0.0096253240 0.6032697558
-103.1 -99.1 2619.7 0.1245445460 -0.2425157279 -0.9621199369 0.0061140130 0.9698389173 -0.2436699569 0.9921951890 0.0244653504 0.1222708970
-6.7 -484.7 2610.0 0.1260655224 0.1570195258 -0.9795163870 0.0156380031 0.9869566560 0.1602248698 0.9918986559 -0.0355165116 0.1219657287
184.5 -217.6 2316.4 0 0 0 0 0 0 0 0 0
248.2 -84.1 2565.2 0 0 0 0 0 0 0 0 0
-222.4 -754.4 2468.5 0 0 0 0 0 0 0 0 0
-45.1 -725.9 2618.7 0 0 0 0 0 0 0 0 0
270.2 356.9 2504.2 33 0.4534901679 0.7024419308 -0.5485635400 -0.4038342237 0.7106307745 0.5761265755 0.7945216298 -0.0397389792 0.6059342027
132.2 217.3 2512.0 0.4534901679 0.7024419308 -0.5485635400 -0.4038342237 0.7106307745 0.5761265755 0.7945216298 -0.0397389792 0.6059342027
-3.4 72.4 2523.1 0.4740664363 0.6820445061 -0.5568449497 -0.3824360669 0.7291570902 0.5675143600 0.7930974960 -0.0560819395 0.6065073609
65.6 271.0 2400.7 0.1192174554 0.2251301706 -0.9670075774 0.9586001635 0.2275724262 0.1711623520 0.2585980594 -0.9473791122 -0.1886792034
32.6 5.7 2329.1 -0.5548342466 0.2251301706 -0.8009215593 0.8292308450 0.2275724262 -0.5104772449 0.0673438311 -0.9473791122 -0.3129498661
198.8 163.6 2623.3 0.0847072452 0.9818179011 -0.1698774099 -0.7878224850 0.1703770459 0.5918676853 0.6100494862 0.0836977661 0.7879303694
228.0 -107.7 2833.4 0.0685325116 0.9818179011 0.1770224571 0.0930329636 0.1703770459 -0.9809773564 -0.9933016300 0.0836977661 -0.0796650574
-181.2 -38.0 2464.8 0.5967308283 0.0009683463 -0.8024408817 0.0131880352 0.9998523593 0.0110137835 0.8023331165 -0.0171548836 0.5966299176
-181.6 -435.6 2471.7 0.5874803662 0.1268151700 -0.7992401123 -0.0794419795 0.9919120073 0.0989926308 0.8053296208 0.0053369906 0.5928032398
-93.1 -106.2 2609.6 0.1046047583 -0.2187578827 -0.9701560736 0.0212588888 0.9757767916 -0.2177331001 0.9942866564 0.0021514781 0.1067214459
-6.2 -494.0 2608.7 0.1051459014 0.1621120274 -0.9811544418 0.0245464873 0.9858998060 0.1655266136 0.9941537976 -0.0414883420 0.0996840447
177.2 -210.5 2311.6 0 0 0 0 0 0 0 0 0
246.4 -82.7 2567.0 0 0 0 0 0 0 0 0 0
-222.6 -756.3 2469.9 0 0 0 0 0 0 0 0 0
-43.7 -722.0 2618.3 0 0 0 0 0 0 0 0 0
265.9 359.7 2499.5 34 0.4915208220 0.6990863681 -0.5193125010 -0.4095444679 0.7118172050 0.5706045628 0.7685574889 -0.0677824542 0.6361799836
128.2 219.5 2512.8 0.4915208220 0.6990863681 -0.5193125010 -0.4095444679 0.7118172050 0.5706045628 0.7685574889 -0.0677824542 0.6361799836
-6.1 73.8 2528.1 0.5102213621 0.6760880351 -0.5315816998 -0.3899002373 0.7327553630 0.5577161908 0.7665846348 -0.0772948936 0.6374742985
56.5 274.2 2405.2 0.0899151936 0.2632353902 -0.9605323672 0.9566411376 0.2454509437 0.1568171382 0.2770434022 -0.9329850078 -0.2297520190
31.6 9.1 2328.4 -0.5572206974 0.2632353902 -0.7875355482 0.8281462193 0.2454509437 -0.5039123297 0.0606537759 -0.9329850078 -0.3547677398
199.8 164.7 2620.5 0.1147947386 0.9839001298 -0.1369768083 -0.7949135303 0.1736772805 0.5813335180 0.5957638621 0.0421506986 0.8020527959
239.4 -109.2 2825.8 0.0240049176 0.9839001298 0.1770995259 0.1052859053 0.1736772805 -0.9791583419 -0.9941522479 0.0421506986 -0.0994217098
-182.4 -37.4 2461.6 0.6316267252 -0.0015995770 -0.7752709985 0.0178019423 0.9997641444 0.0124407886 0.7750682235 -0.0216592643 0.6315062046
-181.8 -434.9 2470.2 0.6221899390 0.1285951436 -0.7722324729 -0.0772529170 0.9916875958 0.1028967500 0.7790453434 -0.0043641180 0.6269524097
-95.6 -107.4 2606.8 0.1405273378 -0.2367651761 -0.9613502622 0.0435160361 0.9715242386 -0.2329098284 0.9891200066 -0.0091039529 0.1468288004
-1.5 -493.5 2610.4 0.1332979500 0.1803358048 -0.9745309949 0.0035011687 0.9832141995 0.1824215055 0.9910698533 -0.0277284104 0.1304290444
176.9 -206.9 2312.6 0 0 0 0 0 0 0 0 0
245.8 -80.9 2559.0 0 0 0 0 0 0 0 0 0
-223.5 -756.2 2471.6 0 0 0 0 0 0 0 0 0
-43.5 -722.5 2616.8 0 0 0 0 0 0 0 0 0
262.9 364.2 2498.1 35 0.5275397897 0.6857247949 -0.5014810562 -0.4244458973 0.7240962386 0.5436270237 0.7358990908 -0.0739333034 0.6730426550
127.6 221.2 2512.7 0.5275397897 0.6857247949 -0.5014810562 -0.4244458973 0.7240962386 0.5436270237 0.7358990908 -0.0739333034 0.6730426550
-4.7 73.7 2528.8 0.5436821580 0.6654424667 -0.5114645958 -0.4069306850 0.7419821620 0.5327944756 0.7340416312 -0.0815401897 0.6741914153
51.2 278.4 2409.7 0.0832349807 0.2998517156 -0.9503477812 0.9497597218 0.2648592591 0.1667513102 0.3017090857 -0.9164816141 -0.2627415359
28.1 15.0 2326.0 -0.5656986237 0.2998517156 -0.7681627274 0.8229238987 0.2648592591 -0.5026388168 0.0527379028 -0.9164816141 -0.3965856731
203.9 164.1 2615.8 0.1457115859 0.9831120968 -0.1107192263 -0.8109663725 0.1827926040 0.5558061004 0.5666583180 0.0088021820 0.8239058852
254.1 -115.3 2811.0 -0.0162039660 0.9831120968 0.1822856218 0.1348573416 0.1827926040 -0.9738584757 -0.9907325506 0.0088021820 -0.1355418414
-187.2 -36.1 2473.3 0.6614672542 -0.0104476390 -0.7499012351 -0.0046640649 0.9998263121 -0.0180436429 0.7499595284 0.0154328672 0.6613036394
-183.0 -433.4 2467.1 0.6545920372 0.1238593757 -0.7457668185 -0.0718986019 0.9922153950 0.1016818210 0.7525555491 -0.0129405204 0.6584016085
-93.7 -107.5 2613.6 0.1731312424 -0.2368905693 -0.9559856057 0.0386970602 0.9715301394 -0.2337343395 0.9841382504 0.0034728860 0.1773691922
0.4 -493.7 2612.2 0.1633757949 0.1928872466 -0.9675241113 -0.0120465690 0.9810177684 0.1935431957 0.9864903688 -0.0199649259 0.1625981927
175.6 -199.6 2312.3 0 0 0 0 0 0 0 0 0
249.8 -79.1 2545.2 0 0 0 0 0 0 0 0 0
-223.3 -755.9 2471.3 0 0 0 0 0 0 0 0 0
-44.3 -721.2 2616.9 0 0 0 0 0 0 0 0 0
259.7 365.5 2497.5 36 0.5190757513 0.6897980571 -0.5047167540 -0.4183245897 0.7199693322 0.5537586808 0.7453622222 -0.0763072819 0.6622781157
123.1 222.9 2512.6 0.5190757513 0.6897980571 -0.5047167540 -0.4183245897 0.7199693322 0.5537586808 0.7453622222 -0.0763072819 0.6622781157
-9.8 75.9 2528.8 0.5347921848 0.6684744358 -0.5168551803 -0.4014403224 0.7392356992 0.5407182574 0.7435341477 -0.0816854164 0.6636900306
47.9 279.3 2408.1 0.1000073254 0.2832214832 -0.9538260698 0.9486753941 0.2619183958 0.1772392392 0.3000225425 -0.9225965142 -0.2424914837
20.8 22.5 2326.8 -0.5811254382 0.2832214832 -0.7629408836 0.8121404052 0.2619183958 -0.5213700533 0.0521650650 -0.9225965142 -0.3822230399
198.3 166.5 2617.1 0.1376339197 0.9834252000 -0.1180331931 -0.8056796789 0.1804732382 0.5641893744 0.5761398673 0.0174453519 0.8171648979
245.7 -111.3 2815.7 -0.0054102982 0.9834252000 0.1812337190 0.1253817528 0.1804732382 -0.9755556583 -0.9920938015 0.0174453519 -0.1242799833
-186.7 -36.5 2477.8 0.6537574530 -0.0056212018 -0.7566832900 -0.0217182450 0.9994210601 -0.0261885151 0.7563924193 0.0335547701 0.6532568932
-184.4 -433.7 2464.4 0.6497876644 0.1195875481 -0.7506495714 -0.0583754703 0.9924808741 0.1075824201 0.7578708529 -0.0260862075 0.6518828273
-87.1 -111.0 2612.1 0.1682668030 -0.2235870659 -0.9600495100 0.0252091493 0.9745939374 -0.2225559503 0.9854190946 0.0132467486 0.1696282476
1.8 -498.4 2606.9 0.1657133549 0.2012312859 -0.9654247761 0.0127290338 0.9784419537 0.2061294764 0.9860917926 -0.0464473292 0.1595794111
172.4 -189.3 2313.2 0 0 0 0 0 0 0 0 0
244.3 -77.6 2549.3 0 0 0 0 0 0 0 0 0
-223.2 -755.2 2472.9 0 0 0 0 0 0 0 0 0
-43.8 -720.1 2617.4 0 0 0 0 0 0 0 0 0
256.1 370.6 2497.1 37 0.5229432583 0.6836296320 -0.5090981126 -0.4044244289 0.7247667313 0.5578118563 0.7503140569 -0.0858122259 0.6554883718
120.3 226.6 2514.2 0.5229432583 0.6836296320 -0.5090981126 -0.4044244289 0.7247667313 0.5578118563 0.7503140569 -0.0858122259 0.6554883718
-10.9 78.4 2532.1 0.5392174721 0.6600320935 -0.5230698586 -0.3866132796 0.7457892299 0.5425206423 0.7481809258 -0.0903108492 0.6573197842
44.5 281.0 2408.9 0.1276345849 0.2570406199 -0.9579350352 0.9405505061 0.2751455605 0.1991474777 0.3147605658 -0.9264043570 -0.2066415846
10.7 32.1 2325.6 -0.6133379936 0.2570406199 -0.7468243837 0.7872524858 0.2751455605 -0.5518409610 0.0636398792 -0.9264043570 -0.3711130917
196.1 172.2 2619.4 0.1468455642 0.9812462926 -0.1248682365 -0.7971302867 0.1921356469 0.5724222660 0.5856788754 0.0154785812 0.8103953600
246.8 -102.7 2821.4 -0.0065942020 0.9812462926 0.1926452965 0.1137133017 0.1921356469 -0.9747580290 -0.9934917092 0.0154785812 -0.1128477380
-191.7 -34.2 2476.8 0.6540385485 -0.0139643317 -0.7563323379 -0.0174281802 0.9992860556 -0.0335210636 0.7562604547 0.0351055637 0.6533281803
-186.1 -431.5 2462.8 0.6501855850 0.1144901887 -0.7510996461 -0.0548938923 0.9930763245 0.1038560942 0.7577897906 -0.0262949523 0.6519687176
-93.6 -107.8 2613.1 0.1744704992 -0.2385135740 -0.9553383589 0.0113573121 0.9706420898 -0.2402602136 0.9845969081 0.0310682431 0.1720572710
1.2 -493.6 2600.7 0.1799793839 0.1965997815 -0.9638236165 0.0384244435 0.9776707888 0.2065995038 0.9829196334 -0.0742180347 0.1684063524
169.5 -171.8 2309.2 0 0 0 0 0 0 0 0 0
245.0 -72.1 2554.4 0 0 0 0 0 0 0 0 0
-223.0 -751.2 2471.3 0 0 0 0 0 0 0 0 0
-44.2 -719.1 2617.8 0 0 0 0 0 0 0 0 0
255.0 373.9 2495.9 38 0.5168768167 0.6861997247 -0.5118283629 -0.3956696391 0.7216905951 0.5679861307 0.7591336370 -0.0910639167 0.6445335150
118.3 230.1 2514.1 0.5168768167 0.6861997247 -0.5118283629 -0.3956696391 0.7216905951 0.5679861307 0.7591336370 -0.0910639167 0.6445335150
-13.5 82.5 2533.1 0.5327953100 0.6629816890 -0.5259130001 -0.3783939481 0.7425227165 0.5527006984 0.7569327354 -0.0954740345 0.6464808583
43.3 283.3 2407.6 0.1521645784 0.2655733228 -0.9520066977 0.9340773225 0.2761699855 0.2263396531 0.3230254352 -0.9236887693 -0.2060427219
3.7 39.8 2323.4 -0.6403880119 0.2655733228 -0.7206760645 0.7667251229 0.2761699855 -0.5795366764 0.0451196246 -0.9236887693 -0.3804776669
193.3 176.9 2620.6 0.1403547376 0.9816950560 -0.1287455261 -0.7897567749 0.1894287467 0.5834389329 0.5971472263 0.0197892319 0.8018875122
241.7 -95.6 2826.6 0.0006295334 0.9816950560 0.1904585660 0.1006746814 0.1894287467 -0.9767196774 -0.9949191809 0.0197892319 -0.0987125859
-191.5 -34.4 2481.4 0.6488059163 -0.0184454378 -0.7607303262 -0.0155593501 0.9991756082 -0.0374971628 0.7607948184 0.0361648500 0.6479840279
-184.2 -431.7 2467.1 0.6430183053 0.1243903041 -0.7556814551 -0.0693321899 0.9921247363 0.1043148786 0.7627060413 -0.0146833267 0.6465786099
-92.6 -105.3 2618.6 0.1748426110 -0.2401955724 -0.9548487663 -0.0055100848 0.9695330858 -0.2448984236 0.9845809937 0.0480799749 0.1681921929
2.8 -490.7 2599.5 0.1848162413 0.1954026967 -0.9631514549 0.0432848446 0.9774649739 0.2066123933 0.9818194509 -0.0798751861 0.1721934229
169.3 -158.5 2311.7 0 0 0 0 0 0 0 0 0
241.8 -68.5 2559.1 0 0 0 0 0 0 0 0 0
-224.4 -752.1 2471.8 0 0 0 0 0 0 0 0 0
-43.7 -723.2 2618.5 0 0 0 0 0 0 0 0 0
249.9 372.1 2495.4 39 0.5189426541 0.6803271770 -0.5175455213 -0.3877035379 0.7269217372 0.5668075085 0.7618296742 -0.0934863761 0.6409959793
114.2 227.2 2514.0 0.5189426541 0.6803271770 -0.5175455213 -0.3877035379 0.7269217372 0.5668075085 0.7618296742 -0.0934863761 0.6409959793
-16.2 78.4 2533.5 0.5352833271 0.6559508443 -0.5321656466 -0.3696625233 0.7484093308 0.5506660342 0.7594875693 -0.0980406702 0.6430914402
38.9 279.2 2407.1 0.1589391381 0.3016141355 -0.9400889874 0.9243578315 0.2890543342 0.2490184605 0.3468442857 -0.9085573554 -0.2328573316
-1.8 42.5 2318.3 -0.6684156060 0.3016141355 -0.6798893213 0.7436428666 0.2890543342 -0.6028622389 0.0146931885 -0.9085573554 -0.4175016284
189.6 175.2 2620.9 0.1470936984 0.9797800779 -0.1356260628 -0.7854923010 0.1990410984 0.5859901309 0.6011366248 0.0203377716 0.7988874316
240.3 -95.9 2828.3 0.0011627948 0.9797800779 0.2000740618 0.0959830657 0.1990410984 -0.9752793908 -0.9953823090 0.0203377716 -0.0938108563
-194.2 -30.4 2482.6 0.6478540301 -0.0240214746 -0.7613856196 -0.0080539286 0.9992308021 -0.0383784063 0.7617219090 0.0309957527 0.6471622586
