-180.5 412.5 2796.9 6 0.5767283440 0.5163752437 -0.6330410838 -0.5202715397 0.8295931220 0.2027135342 0.6298428178 0.2124426216 0.7471051812
-283.7 246.7 2754.5 0.5767283440 0.5163752437 -0.6330410838 -0.5202715397 0.8295931220 0.2027135342 0.6298428178 0.2124426216 0.7471051812
-383.0 79.7 2713.4 0.5862221122 0.5002200007 -0.6372783184 -0.5046718717 0.8408256173 0.1957511753 0.6337586045 0.2068627924 0.7453575134
-369.2 320.4 2661.9 -0.0101900166 -0.1155543327 -0.9932488799 0.9032114744 0.4251587689 -0.0587291643 0.4290748835 -0.8977122307 0.1000376195
-366.5 80.6 2548.0 -0.9930954576 -0.1155543327 0.0202138703 -0.0678418428 0.4251587689 -0.9025726914 0.0957020819 -0.8977122307 -0.4300626516
-198.1 173.0 2847.0 -0.4258635342 0.6911207438 -0.5839455724 -0.7308641076 0.1176899597 0.6722995639 0.5333647132 0.7130927444 0.4549954534
-273.1 44.3 2940.9 0.5713590980 0.6911207438 -0.4426070154 -0.6931971312 0.1176899597 -0.7110744119 -0.4393478334 0.7130927444 0.5463261604
-529.1 -46.9 2619.1 -0.9907798767 -0.0707760602 0.1155250743 -0.0772526562 0.9956242442 -0.0525774211 -0.1112983376 -0.0610172674 -0.9919120669
-501.0 -442.4 2643.3 -0.9944216609 -0.0539882295 0.0906136036 -0.0315514654 0.9719966650 0.2328670025 -0.1006481946 0.2287089974 -0.9682779312
-419.0 -136.3 2735.1 -0.6779004335 0.1334866881 0.7229331136 -0.0394653082 0.9753509164 -0.2171015590 -0.7340936661 -0.1757040173 -0.6559227109
-471.9 -523.4 2804.9 -0.6673948169 -0.2530718744 0.7003847361 -0.0818445161 0.9597160220 0.2687872946 -0.7401930094 0.1220645979 -0.6612220407
-114.2 97.8 2523.7 0 0 0 0 0 0 0 0 0
-124.7 -135.8 2826.8 0 0 0 0 0 0 0 0 0
-479.6 -826.7 2552.9 0 0 0 0 0 0 0 0 0
-396.2 -810.6 2768.3 0 0 0 0 0 0 0 0 0
-175.8 411.2 2786.3 7 0.6288508773 0.5295443535 -0.5693235993 -0.5409185290 0.8239423633 0.1688967794 0.5585281849 0.2017467767 0.8045772314
-281.6 246.6 2746.0 0.6288508773 0.5295443535 -0.5693235993 -0.5409185290 0.8239423633 0.1688967794 0.5585281849 0.2017467767 0.8045772314
-381.8 80.1 2704.6 0.6387981176 0.5044013262 -0.5809614658 -0.5249316096 0.8377881646 0.1501926631 0.5624800324 0.2090222538 0.7999536991
-374.5 322.9 2664.2 -0.1120797694 -0.0847996995 -0.9900743365 0.8725453019 0.4683737159 -0.1388912201 0.4755026996 -0.8794515729 0.0214963648
-344.9 92.3 2538.5 -0.9939979315 -0.0847996995 0.0691170692 -0.1009908989 0.4683737159 -0.8777396679 0.0420594439 -0.8794515729 -0.4741264880
-188.7 170.2 2827.8 -0.3759165108 0.7416973114 -0.5554925203 -0.7627209425 0.0927827135 0.6400375962 0.5262542367 0.6642864347 0.5308294892
-254.8 36.1 2920.4 0.5435426235 0.7416973114 -0.3929968774 -0.6634300351 0.0927827135 -0.7424634695 -0.5142198205 0.6642864347 0.5424956083
-536.1 -41.1 2614.2 -0.9947282672 -0.0918184370 0.0456622876 -0.0946247801 0.9934759736 -0.0636527762 -0.0395198874 -0.0676380023 -0.9969269037
-499.7 -435.7 2641.0 -0.9984406233 -0.0529963560 0.0175430551 -0.0477717146 0.9737209678 0.2226775587 -0.0288831405 0.2214922607 -0.9747343063
-428.7 -133.6 2730.4 -0.7342865467 0.1116909906 0.6695882082 -0.0416984260 0.9770879745 -0.2087111324 -0.6775577068 -0.1811745614 -0.7128052115
-473.0 -521.6 2802.3 -0.7172495723 -0.2572565377 0.6475894451 -0.1128874198 0.9599766135 0.2563226223 -0.6876114011 0.1107425839 -0.7175838351
-89.3 118.3 2527.7 0 0 0 0 0 0 0 0 0
-114.1 -135.7 2787.3 0 0 0 0 0 0 0 0 0
-478.3 -828.2 2551.8 0 0 0 0 0 0 0 0 0
-396.3 -807.9 2769.3 0 0 0 0 0 0 0 0 0
-172.9 410.1 2781.1 8 0.6226426959 0.5399451256 -0.5663703084 -0.5416091681 0.8197715878 0.1861020923 0.5647792220 0.1908762753 0.8028640151
-280.9 246.2 2742.9 0.6226426959 0.5399451256 -0.5663703084 -0.5416091681 0.8197715878 0.1861020923 0.5647792220 0.1908762753 0.8028640151
-383.3 80.6 2703.7 0.6328755617 0.5154017210 -0.5777798891 -0.5255743265 0.8339499235 0.1682233512 0.5685421228 0.1972018480 0.7986684442
-373.1 322.8 2660.0 -0.1638602167 -0.0601700023 -0.9846468568 0.8541137576 0.4907765985 -0.1721279919 0.4935985506 -0.8692053556 -0.0290267300
-330.4 100.3 2531.4 -0.9943048358 -0.0601700023 0.0879630893 -0.1062043384 0.4907765985 -0.8647884130 0.0088640973 -0.8692053556 -0.4943718314
-188.6 169.6 2825.8 -0.3844370544 0.7439494729 -0.5465778112 -0.7503608465 0.0930681825 0.6544439197 0.5377422571 0.6617231369 0.5224516988
-256.3 37.6 2920.4 0.5347669125 0.7439494729 -0.4007038176 -0.6767181754 0.0930681825 -0.7303360701 -0.5060403943 0.6617231369 0.5532138944
-540.4 -38.4 2611.7 -0.9946079254 -0.0944532529 0.0428216346 -0.0973510146 0.9926731586 -0.0715731829 -0.0357475691 -0.0753559843 -0.9965157509
-502.9 -432.8 2641.7 -0.9981498122 -0.0593223348 0.0133355604 -0.0548973046 0.9735503197 0.2217791826 -0.0261392985 0.2206367552 -0.9750057459
-423.8 -134.3 2714.4 -0.7381296754 0.1081374511 0.6659360528 -0.0609209165 0.9723550081 -0.2254203409 -0.6719026566 -0.2069588751 -0.7111362815
-466.7 -520.4 2796.6 -0.7241477966 -0.2400156111 0.6465311050 -0.1236246973 0.9674761891 0.2206960320 -0.6784739494 0.0798893347 -0.7302676439
-74.7 127.6 2529.1 0 0 0 0 0 0 0 0 0
-117.6 -137.9 2789.2 0 0 0 0 0 0 0 0 0
-478.9 -826.3 2552.5 0 0 0 0 0 0 0 0 0
-395.5 -807.3 2772.9 0 0 0 0 0 0 0 0 0
-173.3 408.4 2779.4 9 0.5989610553 0.5434783101 -0.5881130695 -0.5330924392 0.8186512589 0.2135942429 0.5975433588 0.1855840087 0.7800644040
-281.5 245.4 2742.5 0.5989610553 0.5434783101 -0.5881130695 -0.5330924392 0.8186512589 0.2135942429 0.5975433588 0.1855840087 0.7800644040
-384.7 79.9 2704.4 0.6089527607 0.5190117359 -0.5998361111 -0.5175598264 0.8330439925 0.1953702420 0.6010892987 0.1914798170 0.7759040594
-370.3 320.9 2654.8 -0.1736917943 -0.0858488977 -0.9810510278 0.8688514829 0.4556082785 -0.1936961859 0.4636035860 -0.8860310912 -0.0045454772
-325.5 96.9 2535.3 -0.9920372963 -0.0858488977 0.0921521112 -0.1213459820 0.4556082785 -0.8818708658 0.0337223820 -0.8860310912 -0.4623978138
-192.7 170.0 2830.1 -0.4095867574 0.7244443297 -0.5544539094 -0.7317037582 0.1021033078 0.6739321351 0.5448378921 0.6817296743 0.4882584512
-264.8 41.2 2926.0 0.5419630408 0.7244443297 -0.4259771407 -0.6955026984 0.1021033078 -0.7112320065 -0.4717542827 0.6817296743 0.5591892004
-543.6 -37.0 2612.5 -0.9918490052 -0.1049251407 0.0722927824 -0.1117184460 0.9889547229 -0.0974041447 -0.0612741448 -0.1046866402 -0.9926158190
-501.9 -429.8 2654.1 -0.9978958964 -0.0569679886 0.0309579056 -0.0472153015 0.9657373428 0.2551903129 -0.0444348864 0.2531916797 -0.9663951397
-427.8 -133.2 2716.6 -0.7180767655 0.0903402865 0.6900756359 -0.0712649822 0.9767829180 -0.2020308524 -0.6923056245 -0.1942518950 -0.6949669719
-463.7 -521.2 2793.7 -0.7085707188 -0.2312897295 0.6666578054 -0.1141260192 0.9698809981 0.2151885927 -0.6963496208 0.0763933286 -0.7136254311
-66.0 128.6 2526.5 0 0 0 0 0 0 0 0 0
-124.2 -139.2 2803.6 0 0 0 0 0 0 0 0 0
-478.5 -826.3 2550.2 0 0 0 0 0 0 0 0 0
-394.3 -811.8 2770.9 0 0 0 0 0 0 0 0 0
-175.7 405.0 2778.1 0 0.5754255652 0.5490501523 -0.6061595082 -0.5232278705 0.8167759776 0.2431245595 0.6285840869 0.1772594601 0.7572721243
-285.3 242.0 2742.7 0.5754255652 0.5490501523 -0.6061595082 -0.5232278705 0.8167759776 0.2431245595 0.6285840869 0.1772594601 0.7572721243
-389.4 76.8 2706.1 0.5849169493 0.5239456296 -0.6191552281 -0.5086473823 0.8315510750 0.2231606543 0.6317832470 0.1844012290 0.7528918386
-370.6 316.1 2650.6 -0.1922300607 -0.0955573320 -0.9766864181 0.8827871084 0.4178749919 -0.2146331072 0.4286426008 -0.9034651518 0.0040286500
-321.9 92.4 2541.9 -0.9937335849 -0.0955573320 0.0579853393 -0.0929169729 0.4178749919 -0.9037405252 0.0621284097 -0.9034651518 -0.4241353273
-200.0 167.8 2834.9 -0.4342812300 0.7059621811 -0.5594794154 -0.7118964791 0.1115652099 0.6933661699 0.5519087315 0.6994073391 0.4541212916
-276.4 42.5 2932.0 0.5463148355 0.7059621811 -0.4507299960 -0.7142336965 0.1115652099 -0.6909583211 -0.4375046492 0.6994073391 0.5651717186
-543.6 -38.2 2611.3 -0.9902138114 -0.1018511429 0.0954093784 -0.1100016981 0.9903363585 -0.0844603777 -0.0858849883 -0.0941290259 -0.9918485284
-503.1 -431.7 2648.7 -0.9966439605 -0.0589302555 0.0568161495 -0.0433495417 0.9687187076 0.2443457246 -0.0694382265 0.2410627455 -0.9680222273
-432.1 -132.9 2721.4 -0.6979873180 0.0926578641 0.7100902796 -0.0720891953 0.9774649143 -0.1984073818 -0.7124723792 -0.1896756738 -0.6755784750
-468.9 -521.3 2796.7 -0.6878956556 -0.2474926412 0.6823099852 -0.1140824184 0.9652512670 0.2351068705 -0.7167878151 0.0838894248 -0.6922267079
-59.9 116.9 2525.6 0 0 0 0 0 0 0 0 0
-134.7 -142.8 2818.5 0 0 0 0 0 0 0 0 0
-478.9 -829.0 2549.8 0 0 0 0 0 0 0 0 0
-392.8 -818.0 2770.9 0 0 0 0 0 0 0 0 0
-177.9 402.4 2777.4 1 0.5434246659 0.5489176512 -0.6351212859 -0.5122455359 0.8162304759 0.2671559453 0.6650519967 0.1801589578 0.7247403860
-287.7 239.2 2741.4 0.5434246659 0.5489176512 -0.6351212859 -0.5122455359 0.8162304759 0.2671559453 0.6650519967 0.1801589578 0.7247403860
-391.8 74.1 2704.3 0.5524627566 0.5240145922 -0.6482234001 -0.4983695149 0.8310227394 0.2470405102 0.6681412458 0.1865741163 0.7202620506
-368.2 311.8 2644.0 -0.1785603613 -0.0768675953 -0.9809218049 0.9054251313 0.3773828447 -0.1943901628 0.3851253688 -0.9228616357 0.0022122378
-322.5 79.8 2545.3 -0.9967438579 -0.0768675953 0.0243527163 -0.0516936816 0.3773828447 -0.9246134162 0.0618825108 -0.9228616357 -0.3801276088
-207.1 166.6 2838.8 -0.4644030631 0.6767811179 -0.5712242126 -0.6944153905 0.1220406890 0.7091497183 0.5496517420 0.7259981632 0.4132911861
-288.9 44.3 2935.6 0.5569766760 0.6767811179 -0.4813982844 -0.7297445536 0.1220406890 -0.6727399230 -0.3965474963 0.7259981632 0.5618511438
-547.1 -41.9 2611.5 -0.9839856029 -0.1188049838 0.1328822672 -0.1294894218 0.9887511730 -0.0748569071 -0.1224941313 -0.0908649713 -0.9883009195
-499.9 -434.7 2647.6 -0.9949169159 -0.0487948135 0.0880875513 -0.0259237308 0.9693840742 0.2441770583 -0.0973052457 0.2406523228 -0.9657215476
-440.0 -135.0 2727.2 -0.6695809364 0.0596070550 0.7403433919 -0.1028693318 0.9797256589 -0.1719173938 -0.7355808616 -0.1912712455 -0.6498739123
-463.7 -524.1 2803.2 -0.6731394529 -0.2346896231 0.7012874484 -0.0885217711 0.9670594335 0.2386629283 -0.7341983318 0.0985742211 -0.6717409492
-56.3 93.6 2528.8 0 0 0 0 0 0 0 0 0
-144.4 -144.9 2832.7 0 0 0 0 0 0 0 0 0
-480.2 -826.3 2550.4 0 0 0 0 0 0 0 0 0
-393.5 -813.2 2773.7 0 0 0 0 0 0 0 0 0
-165.3 405.8 2777.1 2 0.5666769743 0.5614161491 -0.6030664444 -0.5310475826 0.8084875345 0.2536461949 0.6299727559 0.1765214950 0.7562899590
-277.8 243.7 2741.7 0.5666769743 0.5614161491 -0.6030664444 -0.5310475826 0.8084875345 0.2536461949 0.6299727559 0.1765214950 0.7562899590
-383.7 79.5 2705.4 0.5786358118 0.5325685740 -0.6176984310 -0.5131759644 0.8263949156 0.2317797244 0.6339014769 0.1828719527 0.7514830828
-362.2 318.5 2649.3 -0.0724087059 -0.0341410078 -0.9967905283 0.9168001413 0.3912514746 -0.0799987838 0.3927270174 -0.9196503162 0.0029704669
-342.6 70.9 2543.2 -0.9985527396 -0.0341410078 -0.0415543132 0.0249060784 0.3912514746 -0.9199467301 0.0476660952 -0.9196503162 -0.3898349404
-193.5 168.9 2834.1 -0.4424108863 0.7062656283 -0.5526856780 -0.7059382200 0.1058290079 0.7003223896 0.5531038046 0.6999921799 0.4517600238
-271.4 44.6 2931.5 0.5390524268 0.7062656283 -0.4589240849 -0.7213526368 0.1058290079 -0.6844345331 -0.4348250926 0.6999921799 0.5665139556
-546.5 -45.4 2606.1 -0.9895656705 -0.1043902636 0.0993097425 -0.1157990769 0.9863503575 -0.1170622557 -0.0857340395 -0.1273407638 -0.9881467819
-505.1 -437.1 2656.6 -0.9968959689 -0.0583252236 0.0528831072 -0.0425373353 0.9642389417 0.2615987062 -0.0662497506 0.2585372031 -0.9637268782
-445.4 -136.6 2728.4 -0.7014717460 0.0413116850 0.7114989161 -0.1294613481 0.9743238091 -0.1842089146 -0.7008402944 -0.2213289589 -0.6781123281
-461.8 -523.5 2816.3 -0.7170681953 -0.2258120626 0.6594104171 -0.0690317899 0.9644224048 0.2551941872 -0.6935760975 0.1374713331 -0.7071447968
-81.7 64.4 2530.8 0 0 0 0 0 0 0 0 0
-131.6 -142.5 2818.7 0 0 0 0 0 0 0 0 0
-481.6 -825.7 2552.4 0 0 0 0 0 0 0 0 0
-394.3 -811.7 2775.2 0 0 0 0 0 0 0 0 0
-163.1 403.6 2776.4 3 0.5592618585 0.5597229600 -0.6115033627 -0.5191535354 0.8115627170 0.2680402100 0.6463015676 0.1675594747 0.7444582582
-275.1 241.3 2742.9 0.5592618585 0.5597229600 -0.6115033627 -0.5191535354 0.8115627170 0.2680402100 0.6463015676 0.1675594747 0.7444582582
-381.6 77.0 2709.1 0.5699171424 0.5358193517 -0.6229704022 -0.5032174587 0.8269379735 0.2508900464 0.6495895982 0.1705030203 0.7409197688
-358.3 314.7 2648.1 0.0110429060 0.0345132314 -0.9993432164 0.9235141873 0.3828481436 0.0234269928 0.3834052384 -0.9231663942 -0.0276457053
-361.3 62.0 2543.2 -0.9937680364 0.0345132314 -0.1059904471 0.1111101434 0.3828481436 -0.9171051383 0.0089259800 -0.9231663942 -0.3842969835
-191.9 167.9 2837.7 -0.4514753222 0.7006260157 -0.5525334477 -0.6914757490 0.1166493595 0.7129194736 0.5639426112 0.7039290071 0.4318016171
-271.4 46.1 2937.0 0.5389198661 0.7006260157 -0.4676414430 -0.7330859303 0.1166493595 -0.6700581908 -0.4149101377 0.7039290071 0.5764837265
-542.4 -37.7 2611.1 -0.9914521575 -0.0785018355 0.1042114794 -0.0892047733 0.9907392859 -0.1023632213 -0.0952107012 -0.1107843965 -0.9892733097
-511.3 -431.1 2655.1 -0.9948552251 -0.0739292279 0.0692641735 -0.0536725782 0.9645042419 0.2585552037 -0.0859203786 0.2535074055 -0.9635100961
-436.5 -131.7 2727.1 -0.6927476525 0.0697041079 0.7178035975 -0.0871160552 0.9799416661 -0.1792348176 -0.7158991098 -0.1866967231 -0.6727799177
-464.2 -520.6 2801.2 -0.6911486983 -0.2286675870 0.6855834126 -0.0939673632 0.9690056443 0.2284692824 -0.7165777087 0.0934837833 -0.6912142634
-102.8 33.1 2540.9 0 0 0 0 0 0 0 0 0
-131.6 -144.2 2829.3 0 0 0 0 0 0 0 0 0
-480.9 -826.6 2551.1 0 0 0 0 0 0 0 0 0
-396.4 -807.9 2773.5 0 0 0 0 0 0 0 0 0
-158.8 400.0 2776.1 4 0.5383935571 0.5739037991 -0.6170630455 -0.5114920139 0.8044919372 0.3019415140 0.6697075963 0.1530594826 0.7266804576
-273.9 238.7 2745.4 0.5383935571 0.5739037991 -0.6170630455 -0.5114920139 0.8044919372 0.3019415140 0.6697075963 0.1530594826 0.7266804576
-382.9 75.4 2714.7 0.5506151319 0.5484697819 -0.6292883754 -0.4937830269 0.8218231797 0.2842270732 0.6730537415 0.1542322040 0.7233332992
-354.3 310.7 2647.2 0.0491513535 0.1091016084 -0.9928146601 0.9288226962 0.3605012298 0.0855992138 0.3672499061 -0.9263561368 -0.0836169273
-368.0 51.0 2544.5 -0.9749650359 0.1091016084 -0.1937524974 0.2204545289 0.3605012298 -0.9063325524 -0.0290343240 -0.9263561368 -0.3755280375
-193.5 166.6 2843.6 -0.4727524221 0.6919735074 -0.5455986261 -0.6658732891 0.1250102967 0.7355169654 0.5771636367 0.7110169530 0.4016677439
-276.8 49.4 2945.2 0.5314785242 0.6919735074 -0.4885726571 -0.7547562718 0.1250102967 -0.6439839602 -0.3845432401 0.7110169530 0.5887116194
-540.3 -41.2 2615.7 -0.9908610582 -0.0699070767 0.1153577119 -0.0822239220 0.9909910560 -0.1057163477 -0.1069281474 -0.1142353788 -0.9876824617
-512.5 -434.8 2661.1 -0.9938445687 -0.0761626139 0.0804499909 -0.0512062497 0.9597784281 0.2760494649 -0.0982388109 0.2702307403 -0.9577705860
-435.8 -133.4 2734.7 -0.6809207201 0.0619568899 0.7297316790 -0.0643051714 0.9875084162 -0.1438469440 -0.7295284867 -0.1448738873 -0.6684308052
-460.4 -525.2 2792.2 -0.6719400883 -0.2246755362 0.7057034969 -0.1059153154 0.9722312689 0.2086822987 -0.7329928279 0.0654771924 -0.6770777106
-115.0 -6.2 2552.0 0 0 0 0 0 0 0 0 0
-138.8 -146.5 2845.4 0 0 0 0 0 0 0 0 0
-481.4 -826.5 2550.8 0 0 0 0 0 0 0 0 0
-394.9 -808.9 2773.1 0 0 0 0 0 0 0 0 0
-156.1 397.5 2775.9 5 0.4723022878 0.5789592266 -0.6646327972 -0.4791484177 0.8015323281 0.3577187359 0.7398292422 0.1495063901 0.6559729576
-272.1 236.9 2746.0 0.4723022878 0.5789592266 -0.6646327972 -0.4791484177 0.8015323281 0.3577187359 0.7398292422 0.1495063901 0.6559729576
-382.1 74.0 2716.7 0.4854004085 0.5530346632 -0.6771551967 -0.4603845477 0.8201193810 0.3397797048 0.7432579994 0.1468225867 0.6526948810
-342.7 303.7 2638.0 0.0901403204 0.1597334146 -0.9830361009 0.9448142052 0.2984397411 0.1351289600 0.3149616420 -0.9409670234 -0.1240169406
-367.5 44.1 2551.5 -0.9401038289 0.1597334146 -0.3011478484 0.3367785215 0.2984397411 -0.8930363655 -0.0527732559 -0.9409670234 -0.3343591094
-201.6 170.1 2854.0 -0.5317667723 0.6365914941 -0.5585474968 -0.6212881804 0.1549568027 0.7681076527 0.5755215883 0.7554731369 0.3131059110
-295.0 60.9 2955.1 0.5415136814 0.6365914941 -0.5491030812 -0.7873036265 0.1549568027 -0.5967758298 -0.2948151827 0.7554731369 0.5851020217
-542.4 -42.6 2622.4 -0.9803213477 -0.0720079541 0.1838067472 -0.0857522339 0.9939968586 -0.0679466948 -0.1778106391 -0.0823714361 -0.9806112051
-513.8 -437.3 2655.1 -0.9855254292 -0.0813067481 0.1487575471 -0.0384047329 0.9617476463 0.2712315023 -0.1651201844 0.2615925670 -0.9509493709
-441.5 -133.0 2745.7 -0.6207146049 0.0661732182 0.7812390924 -0.0656051859 0.9885537028 -0.1358583868 -0.7812870145 -0.1355826110 -0.6092684269
-467.7 -525.6 2799.6 -0.6151823401 -0.2473593503 0.7485746741 -0.0878493562 0.9650986195 0.2467126101 -0.7834750414 0.0860114396 -0.6154419780
-125.8 -42.5 2565.0 0 0 0 0 0 0 0 0 0
-155.0 -142.6 2878.8 0 0 0 0 0 0 0 0 0
-480.7 -829.4 2548.5 0 0 0 0 0 0 0 0 0
-393.7 -814.5 2773.8 0 0 0 0 0 0 0 0 0
-147.8 397.4 2766.3 6 0.5029255152 0.5891991854 -0.6323845387 -0.4857546985 0.7978463173 0.3570485115 0.7149183750 0.1276149452 0.6874635816
-267.0 236.0 2740.5 0.5029255152 0.5891991854 -0.6323845387 -0.4857546985 0.7978463173 0.3570485115 0.7149183750 0.1276149452 0.6874635816
-379.3 74.1 2715.4 0.5150559545 0.5654314756 -0.6442084908 -0.4688101411 0.8150184155 0.3405320346 0.7175893188 0.1266184151 0.6848601103
-342.0 304.3 2636.1 0.0266783275 0.2013098449 -0.9791642427 0.9622312784 0.2602955103 0.0797320455 0.2709228992 -0.9443095922 -0.1867623925
-349.6 27.4 2558.1 -0.8953357935 0.2013098449 -0.3973010480 0.4399188459 0.2602955103 -0.8594868779 -0.0696074963 -0.9443095922 -0.3216118813
-192.0 167.7 2845.0 -0.5090227127 0.6718493700 -0.5380653143 -0.6208804846 0.1463615000 0.7701205611 0.5961570740 0.7260831594 0.3426368535
-281.5 58.5 2949.8 0.5218468308 0.6718493700 -0.5256370902 -0.7892023325 0.1463615000 -0.5964378119 -0.3237833083 0.7260831594 0.6066033244
-536.3 -46.9 2619.7 -0.9893769026 -0.0412664190 0.1393931359 -0.0524218343 0.9956265688 -0.0773281157 -0.1355924457 -0.0838138908 -0.9872131944
-520.0 -442.3 2653.0 -0.9887616634 -0.0935602859 0.1166053265 -0.0589773469 0.9608193636 0.2708280683 -0.1373753995 0.2609073520 -0.9555392861
-447.8 -130.8 2755.3 -0.6570049524 0.0447448045 0.7525572181 -0.0734883696 0.9896818399 -0.1230010688 -0.7502958775 -0.1361165196 -0.6469376683
-465.5 -523.9 2809.3 -0.6577848792 -0.2396434993 0.7140658498 -0.0703671649 0.9634412527 0.2585139275 -0.7499116659 0.1197997630 -0.6506000757
-118.6 -86.2 2576.1 0 0 0 0 0 0 0 0 0
-146.4 -145.9 2865.9 0 0 0 0 0 0 0 0 0
-482.2 -830.0 2547.7 0 0 0 0 0 0 0 0 0
-393.4 -813.8 2773.3 0 0 0 0 0 0 0 0 0
-141.0 396.8 2761.6 7 0.5102396011 0.5863145590 -0.6291984916 -0.4858972728 0.8001735210 0.3516050875 0.7096192241 0.1263229996 0.6931688786
-259.9 234.6 2735.9 0.5102396011 0.5863145590 -0.6291984916 -0.4858972728 0.8001735210 0.3516050875 0.7096192241 0.1263229996 0.6931688786
-371.8 72.2 2712.2 0.5244748592 0.5636377931 -0.6381524801 -0.4658741355 0.8173329234 0.3390105963 0.7126622200 0.1194961891 0.6912548542
-336.3 302.6 2632.0 0.0309176017 0.2497703731 -0.9678114057 0.9693816304 0.2284962237 0.0899375007 0.2436049581 -0.9409592152 -0.2350582480
-345.0 29.7 2563.5 -0.8436080813 0.2497703731 -0.4753316343 0.5283766389 0.2284962237 -0.8176842928 -0.0956218317 -0.9409592152 -0.3247340918
-183.4 166.7 2839.9 -0.5000914335 0.6791583300 -0.5372639298 -0.6214770675 0.1505786330 0.7688252926 0.6030545831 0.7183801532 0.3467782736
-271.4 57.3 2946.0 0.5219045877 0.6791583300 -0.5161003470 -0.7872565389 0.1505786330 -0.5979574919 -0.3283941448 0.7183801532 0.6132595539
-538.6 -45.0 2624.7 -0.9911080599 -0.0303251017 0.1295578182 -0.0420996211 0.9951295853 -0.0891329348 -0.1262238473 -0.0937947035 -0.9875576496
-526.6 -440.3 2662.0 -0.9880689383 -0.1093513668 0.1084529087 -0.0731991008 0.9529967308 0.2940053642 -0.1355051547 0.2825589180 -0.9496308565
-444.5 -130.7 2755.8 -0.6638547182 0.0497621410 0.7462041378 -0.0583590642 0.9912942648 -0.1180251613 -0.7455810905 -0.1218993366 -0.6551712751
-464.3 -524.5 2804.3 -0.6583265662 -0.2333105057 0.7156621814 -0.0821266249 0.9673393965 0.2398118973 -0.7482388616 0.0990996137 -0.6559861898
-126.7 -107.0 2588.2 0 0 0 0 0 0 0 0 0
-136.0 -147.0 2860.8 0 0 0 0 0 0 0 0 0
-482.0 -829.2 2546.7 0 0 0 0 0 0 0 0 0
-395.1 -811.5 2774.9 0 0 0 0 0 0 0 0 0
-138.8 394.1 2759.2 8 0.4871742427 0.5841026902 -0.6492189765 -0.4526088536 0.8046466708 0.3843032122 0.7468644381 0.1066196337 0.6563732028
-256.9 231.4 2737.6 0.4871742427 0.5841026902 -0.6492189765 -0.4526088536 0.8046466708 0.3843032122 0.7468644381 0.1066196337 0.6563732028
-368.8 68.4 2718.5 0.5019507408 0.5626896024 -0.6568301320 -0.4316613376 0.8210701346 0.3735134900 0.7494757771 0.0960427895 0.6550281644
-330.1 294.3 2628.4 0.0233754311 0.2684828639 -0.9630007744 0.9749194384 0.2071329504 0.0814130306 0.2213272005 -0.9407512546 -0.2569073439
-336.5 27.5 2567.8 -0.8067871332 0.2684828639 -0.5263187885 0.5819506049 0.2071329504 -0.7864028215 -0.1021177322 -0.9407512546 -0.3233559728
-183.7 168.5 2846.8 -0.5200483203 0.6580815911 -0.5444982648 -0.5901804566 0.1839724779 0.7860286832 0.6174436808 0.7301251888 0.2927123308
-275.3 64.7 2955.5 0.5288996100 0.6580815911 -0.5359047055 -0.8031183481 0.1839724779 -0.5667054057 -0.2743466794 0.7301251888 0.6258203387
-531.8 -47.5 2623.2 -0.9875730276 -0.0058242930 0.1570526958 -0.0186541118 0.9965928197 -0.0803415030 -0.1560496688 -0.0822727829 -0.9843168855
-529.5 -443.4 2655.9 -0.9825196862 -0.1174783930 0.1444087774 -0.0725593492 0.9560499191 0.2840839326 -0.1714357287 0.2686398625 -0.9478620291
-435.8 -132.8 2753.7 -0.6384755373 0.0844114646 0.7649991512 -0.0427430794 0.9885444045 -0.1447516531 -0.7684542537 -0.1251188070 -0.6275534034
-469.3 -525.4 2803.4 -0.6259526610 -0.2548257113 0.7370530367 -0.0934533924 0.9628077745 0.2535106242 -0.7742413878 0.0898055360 -0.6264864206
-126.7 -123.8 2594.4 0 0 0 0 0 0 0 0 0
-138.2 -143.5 2884.4 0 0 0 0 0 0 0 0 0
-481.7 -832.2 2546.7 0 0 0 0 0 0 0 0 0
-393.1 -813.4 2776.5 0 0 0 0 0 0 0 0 0
-134.9 391.0 2770.0 9 0.4213401079 0.5853329301 -0.6927177310 -0.4063625634 0.8047090173 0.4327965677 0.8107662797 0.0991399884 0.5769135952
-254.4 226.6 2749.7 0.4213401079 0.5853329301 -0.6927177310 -0.4063625634 0.8047090173 0.4327965677 0.8107662797 0.0991399884 0.5769135952
-365.2 62.4 2734.2 0.4431748092 0.5563607216 -0.7028931975 -0.3751518130 0.8272404075 0.4182516634 0.8141604066 0.0783330351 0.5753318667
-318.8 281.0 2631.6 0.0359711461 0.3190348446 -0.9470601082 0.9730196595 0.2049346119 0.1059931740 0.2279009074 -0.9253208041 -0.3030554354
-328.4 21.0 2570.7 -0.7793161869 0.3190348446 -0.5393357277 0.6123368740 0.2049346119 -0.7635740638 -0.1330781728 -0.9253208041 -0.3550656438
-190.1 172.2 2867.9 -0.5673862696 0.6012780070 -0.5626167059 -0.5462591648 0.2364218682 0.8035581112 0.6161766648 0.7632623911 0.1943110973
-289.8 76.2 2976.2 0.5447720289 0.6012780070 -0.5845410228 -0.8200928569 0.2364218682 -0.5211068988 -0.1751318276 0.7632623911 0.6218997836
-526.6 -55.2 2630.9 -0.9729126096 0.0134548089 0.2307813615 -0.0008961462 0.9980778098 -0.0619669557 -0.2311715037 -0.0604952462 -0.9710304141
-532.0 -451.6 2654.9 -0.9679354429 -0.1193677187 0.2210257500 -0.0517833382 0.9558010101 0.2894181609 -0.2458038330 0.2686926425 -0.9313349128
-434.7 -134.1 2768.0 -0.5719777942 0.0939920843 0.8148661852 -0.0240018275 0.9910700917 -0.1311641783 -0.8199179173 -0.0945812687 -0.5646140575
-472.0 -527.7 2805.6 -0.5603774190 -0.2619834542 0.7857110500 -0.0688202903 0.9601023793 0.2710482478 -0.8253732324 0.0978164598 -0.5560494661
-125.1 -138.7 2605.4 0 0 0 0 0 0 0 0 0
-149.2 -135.6 2930.9 0 0 0 0 0 0 0 0 0
-484.6 -830.7 2548.4 0 0 0 0 0 0 0 0 0
-393.9 -814.1 2776.4 0 0 0 0 0 0 0 0 0
-140.5 381.8 2763.4 0 0.3901567161 0.5852487087 -0.7108176351 -0.3664038479 0.8069274426 0.4632669985 0.8447046876 0.0796995759 0.5292655230
-259.3 218.0 2747.2 0.3901567161 0.5852487087 -0.7108176351 -0.3664038479 0.8069274426 0.4632669985 0.8447046876 0.0796995759 0.5292655230
-371.2 54.3 2735.4 0.4087722898 0.5624402165 -0.7187254429 -0.3399389088 0.8246909380 0.4520248175 0.8469632864 0.0595475249 0.5283060670
-318.8 267.3 2624.1 -0.0043225116 0.3750239909 -0.9270050526 0.9801682830 0.1852504760 0.0703734905 0.1981198639 -0.9083167315 -0.3683873415
-317.6 8.7 2571.8 -0.7726195455 0.3750239909 -0.5122655630 0.6039118171 0.1852504760 -0.7752243280 -0.1958302706 -0.9083167315 -0.3696095645
-199.8 168.7 2870.3 -0.5956207514 0.5757367015 -0.5601456165 -0.5101528168 0.2675148845 0.8174226880 0.6204675436 0.7726337910 0.1343762875
-304.5 79.0 2979.4 0.5418730974 0.5757367015 -0.6122914553 -0.8324797153 0.2675148845 -0.4851941168 -0.1155469790 0.7726337910 0.6242482662
-516.3 -67.6 2644.6 -0.9626012444 0.0377974473 0.2682726979 0.0322705768 0.9991669059 -0.0249830242 -0.2689934969 -0.0153913749 -0.9630190134
-531.3 -464.1 2650.7 -0.9564823508 -0.1188554838 0.2664861977 -0.0374902450 0.9557685256 0.2917208076 -0.2893717289 0.2690351903 -0.9186316133
-435.5 -135.9 2792.9 -0.5339387655 0.0909163058 0.8406209946 0.0200752039 0.9952850938 -0.0948925987 -0.8452848196 -0.0337911993 -0.5332464576
-471.5 -530.6 2806.3 -0.5168160796 -0.2622614503 0.8149356246 -0.0473230071 0.9592166543 0.2786824703 -0.8547875285 0.1054623649 -0.5081495643
-115.9 -148.9 2622.9 0 0 0 0 0 0 0 0 0
-164.4 -136.2 2949.5 0 0 0 0 0 0 0 0 0
-485.8 -830.2 2547.6 0 0 0 0 0 0 0 0 0
-393.9 -814.4 2775.1 0 0 0 0 0 0 0 0 0
-134.4 379.4 2761.1 1 0.3892340362 0.5978689194 -0.7007493377 -0.3780626655 0.7974034548 0.4703363776 0.8399794698 0.0818562284 0.5364084840
-255.8 217.5 2744.4 0.3892340362 0.5978689194 -0.7007493377 -0.3780626655 0.7974034548 0.4703363776 0.8399794698 0.0818562284 0.5364084840
-369.4 55.0 2731.8 0.4087830782 0.5714406371 -0.7115841508 -0.3510527611 0.8181707263 0.4553664625 0.8424122334 0.0636574924 0.5350601673
-315.3 268.6 2621.7 -0.0254203696 0.4071387053 -0.9130125046 0.9840653539 0.1709678322 0.0488408618 0.1759807914 -0.8972223997 -0.4049971402
-308.3 -4.2 2572.9 -0.7734738588 0.4071387053 -0.4857738614 0.5869869590 0.1709678322 -0.7913382649 -0.2391327322 -0.8972223997 -0.3712242544
-196.2 166.4 2867.2 -0.5977001190 0.5825930834 -0.5507630110 -0.5082901716 0.2558930516 0.8222894073 0.6199965477 0.7714298964 0.1431790143
-301.4 76.9 2976.3 0.5328090191 0.5825930834 -0.6137588024 -0.8369908333 0.2558930516 -0.4836993814 -0.1247432902 0.7714298964 0.6239671707
-520.5 -78.4 2646.2 -0.9638954401 0.0296168588 0.2646288574 0.0308106747 0.9995251894 0.0003607800 -0.2644925416 0.0085011479 -0.9643502831
-532.2 -475.2 2642.9 -0.9571927190 -0.1229749992 0.2620291710 -0.0445139594 0.9570326805 0.2865431309 -0.2860081196 0.2626130283 -0.9215387702
-445.8 -140.3 2800.8 -0.5369191170 0.0630713925 0.8412727714 0.0376270153 0.9979994297 -0.0508070067 -0.8427941799 0.0043753288 -0.5382182002
-470.8 -536.1 2799.1 -0.5109932423 -0.2649897337 0.8177202344 -0.0679029524 0.9607678652 0.2689130902 -0.8568985462 0.0818871558 -0.5089395046
-106.1 -157.6 2635.4 0 0 0 0 0 0 0 0 0
-163.3 -140.0 2944.0 0 0 0 0 0 0 0 0 0
-486.5 -830.6 2545.3 0 0 0 0 0 0 0 0 0
-393.5 -816.3 2775.2 0 0 0 0 0 0 0 0 0
-126.8 379.2 2768.4 2 0.4036663473 0.5986673236 -0.6918460131 -0.4132131636 0.7939707041 0.4459432662 0.8162771463 0.1058675870 0.5678764582
-248.4 217.9 2746.9 0.4036663473 0.5986673236 -0.6918460131 -0.4132131636 0.7939707041 0.4459432662 0.8162771463 0.1058675870 0.5678764582
-362.6 56.2 2730.0 0.4242653251 0.5739563704 -0.7004091740 -0.3849592507 0.8144191504 0.4341979027 0.8196372986 0.0854138806 0.5664796233
-310.3 273.9 2627.4 -0.0028223838 0.4079815745 -0.9129858017 0.9803943634 0.1810115725 0.0778570026 0.1970252246 -0.8948664069 -0.4004937112
-309.5 -5.4 2571.3 -0.7777407169 0.4079815745 -0.4781949818 0.5822754502 0.1810115725 -0.7925844789 -0.2368010432 -0.8948664069 -0.3783377111
-186.5 161.8 2866.4 -0.5865716934 0.5977369547 -0.5464835167 -0.5320276618 0.2243627459 0.8164606094 0.6106392145 0.7696570158 0.1864077598
-289.8 68.1 2973.9 0.5291634202 0.5977369547 -0.6022430062 -0.8316132426 0.2243627459 -0.5080165267 -0.1685393751 0.7696570158 0.6158105135
-520.4 -75.4 2642.1 -0.9689660072 0.0436865874 0.2433029562 0.0362325087 0.9987292290 -0.0350304171 -0.2445241213 -0.0251278076 -0.9693175554
-537.7 -471.8 2652.1 -0.9598633647 -0.1390557587 0.2435688078 -0.0591843277 0.9493058324 0.3087323904 -0.2741523087 0.2819254398 -0.9194338322
-445.6 -139.5 2796.2 -0.5546535850 0.0721269697 0.8289493918 0.0467047244 0.9973640442 -0.0555304177 -0.8307695985 0.0079157082 -0.5565602183
-474.2 -535.5 2793.1 -0.5183091760 -0.2775172591 0.8089126945 -0.1011688933 0.9591382742 0.2642320395 -0.8491880894 0.0551171005 -0.5252063274
-105.8 -157.9 2633.3 0 0 0 0 0 0 0 0 0
-152.6 -147.5 2930.2 0 0 0 0 0 0 0 0 0
-485.2 -830.5 2545.6 0 0 0 0 0 0 0 0 0
-392.5 -817.9 2776.9 0 0 0 0 0 0 0 0 0
-121.3 377.4 2772.1 3 0.3551715016 0.6091840267 -0.7090472579 -0.4063196182 0.7837061286 0.4697968066 0.8418774009 0.1212413609 0.5258735418
-245.6 217.5 2747.3 0.3551715016 0.6091840267 -0.7090472579 -0.4063196182 0.7837061286 0.4697968066 0.8418774009 0.1212413609 0.5258735418
-361.5 57.2 2728.1 0.3785849214 0.5830132961 -0.7188664079 -0.3750861287 0.8066828847 0.4566980600 0.8461582661 0.0967378318 0.5240781903
-300.8 272.1 2624.0 0.0437033325 0.4120033085 -0.9101336598 0.9791554213 0.1632106751 0.1209005862 0.1983549744 -0.8964460492 -0.3962824345
-312.9 0.3 2569.0 -0.7612799406 0.4120033085 -0.5007055998 0.6022819877 0.1632106751 -0.7814209461 -0.2402275205 -0.8964460492 -0.3723911941
-190.5 162.9 2870.6 -0.6233932376 0.5648243427 -0.5406979918 -0.5104318261 0.2298698276 0.8286249042 0.5923177004 0.7925485969 0.1450050324
-300.1 73.0 2974.9 0.5218065977 0.5648243427 -0.6392896771 -0.8435240388 0.2298698276 -0.4854142964 -0.1272204071 0.7925485969 0.5963905454
-515.5 -70.3 2638.0 -0.9561254978 0.0519258268 0.2883187830 0.0378126614 0.9978079796 -0.0543091707 -0.2905068099 -0.0410242826 -0.9559931159
-536.2 -466.6 2654.3 -0.9485154152 -0.1327013969 0.2875914276 -0.0388826132 0.9499170780 0.3100737631 -0.3143352270 0.2829274237 -0.9061707258
-437.8 -140.8 2788.0 -0.5142783523 0.0857077613 0.8533299565 0.0358242281 0.9962722659 -0.0784744993 -0.8568748236 -0.0097878510 -0.5154316425
-471.9 -536.4 2791.9 -0.4834520519 -0.2710241973 0.8323581219 -0.0884491950 0.9611212015 0.2615775168 -0.8708908558 0.0528387763 -0.4886278808
-113.5 -157.6 2631.9 0 0 0 0 0 0 0 0 0
-164.8 -145.7 2941.9 0 0 0 0 0 0 0 0 0
-485.1 -831.9 2545.5 0 0 0 0 0 0 0 0 0
-392.6 -817.6 2776.4 0 0 0 0 0 0 0 0 0
-116.8 376.4 2774.4 4 0.3221146464 0.6229300499 -0.7128816843 -0.4021929801 0.7717286348 0.4926213026 0.8570197821 0.1280354559 0.4991231859
-244.2 218.6 2748.2 0.3221146464 0.6229300499 -0.7128816843 -0.4021929801 0.7717286348 0.4926213026 0.8570197821 0.1280354559 0.4991231859
-362.5 60.2 2728.2 0.3480755985 0.5956299901 -0.7239255905 -0.3687728047 0.7969542146 0.4784041941 0.8618874550 0.1004432514 0.4970524609
-295.0 272.3 2622.6 0.0604436062 0.4075130522 -0.9111968279 0.9798935652 0.1496701390 0.1319372803 0.1901451200 -0.9008507133 -0.3902727962
-311.9 -2.8 2569.2 -0.7555845380 0.4075130522 -0.5128597617 0.6092756391 0.1496701390 -0.7787053585 -0.2405728102 -0.9008507133 -0.3613761961
-193.4 164.8 2873.9 -0.6489332318 0.5475443006 -0.5282810926 -0.4889855385 0.2318104953 0.8409262896 0.5829054713 0.8040268421 0.1173117012
-307.6 78.8 2976.5 0.5087800026 0.5475443006 -0.6643328667 -0.8550745249 0.2318104953 -0.4638010859 -0.0999522954 0.8040268421 0.5861316919
-511.9 -68.7 2631.4 -0.9481101036 0.0521566272 0.3136350214 0.0326409377 0.9972081184 -0.0671602637 -0.3162622452 -0.0534379780 -0.9471655488
-532.6 -464.8 2652.6 -0.9421444535 -0.1253643036 0.3108820021 -0.0265400968 0.9524186850 0.3036351204 -0.3341548443 0.2778173089 -0.9006431699
-442.6 -137.3 2786.2 -0.4913348556 0.0694617853 0.8681964874 0.0162444822 0.9973721504 -0.0706035644 -0.8708192706 -0.0205865931 -0.4911721051
-470.2 -533.4 2794.4 -0.4683081806 -0.2644074559 0.8430753946 -0.0756662562 0.9626706243 0.2598844171 -0.8803192973 0.0579136387 -0.4708332419
-113.8 -162.5 2632.2 0 0 0 0 0 0 0 0 0
-175.6 -143.1 2950.6 0 0 0 0 0 0 0 0 0
-484.3 -832.1 2545.5 0 0 0 0 0 0 0 0 0
-393.0 -814.5 2777.5 0 0 0 0 0 0 0 0 0
-115.3 373.2 2775.6 5 0.3349192739 0.6187732220 -0.7105974555 -0.4094862044 0.7747959495 0.4816765785 0.8486166000 0.1296570897 0.5128731728
-241.1 215.7 2749.2 0.3349192739 0.6187732220 -0.7105974555 -0.4094862044 0.7747959495 0.4816765785 0.8486166000 0.1296570897 0.5128731728
-359.4 57.4 2728.5 0.3582619429 0.5954201221 -0.7191128135 -0.3792756200 0.7966386080 0.4706558287 0.8531110287 0.1041239053 0.5112336278
-293.4 271.0 2624.7 0.0713686869 0.4196074903 -0.9048956037 0.9774832129 0.1511894614 0.1472014338 0.1985775083 -0.8950258493 -0.3993690908
-313.4 -3.0 2569.1 -0.7493290305 0.4196074903 -0.5122846365 0.6141855121 0.1511894614 -0.7745436430 -0.2475522906 -0.8950258493 -0.3710075021
-188.8 160.3 2873.7 -0.6414932609 0.5561657548 -0.5283616781 -0.4974763691 0.2226926833 0.8384063840 0.5839551687 0.8006795049 0.1338234693
-301.7 72.7 2976.6 0.5092694759 0.5561657548 -0.6567527652 -0.8526725173 0.2226926833 -0.4726071656 -0.1165938824 0.8006795049 0.5876378417
-512.7 -64.4 2629.3 -0.9513401389 0.0552215502 0.3031543493 0.0405435376 0.9976900816 -0.0545045733 -0.3054639101 -0.0395614393 -0.9513814449
-534.6 -460.7 2645.0 -0.9439880252 -0.1280322969 0.3041288555 -0.0387942754 0.9583280683 0.2830234766 -0.3276913762 0.2553723156 -0.9096171260
-449.0 -131.8 2787.1 -0.5015012622 0.0679830983 0.8624817729 0.0198548604 0.9975497127 -0.0670846477 -0.8649290204 -0.0165185817 -0.5016222596
-476.0 -528.2 2793.7 -0.4750825465 -0.2696794271 0.8375974894 -0.0848023593 0.9614801407 0.2614660263 -0.8758453727 0.0531876907 -0.4796518683
-116.8 -164.1 2634.0 0 0 0 0 0 0 0 0 0
-169.5 -148.6 2946.3 0 0 0 0 0 0 0 0 0
-484.9 -833.1 2545.8 0 0 0 0 0 0 0 0 0
-395.0 -816.9 2777.7 0 0 0 0 0 0 0 0 0
-111.9 374.0 2766.7 6 0.3816101849 0.6159716249 -0.6891680956 -0.4159714580 0.7802692652 0.4670627713 0.8254340887 0.1084383503 0.5539852977
-236.7 215.9 2744.7 0.3816101849 0.6159716249 -0.6891680956 -0.4159714580 0.7802692652 0.4670627713 0.8254340887 0.1084383503 0.5539852977
-354.1 56.6 2727.4 0.4034486711 0.5912544131 -0.6983175278 -0.3873523176 0.8017899990 0.4550725222 0.8289676309 0.0868965238 0.5525048971
-295.5 272.4 2623.8 0.0725477859 0.3982702196 -0.9143946767 0.9777708650 0.1524358541 0.1439704001 0.1967256516 -0.9045131803 -0.3783581257
-316.0 -3.5 2568.3 -0.7543405294 0.3982702196 -0.5218728185 0.6154613495 0.1524358541 -0.7732856274 -0.2284245044 -0.9045131803 -0.3601084650
-177.9 159.5 2865.6 -0.6067948341 0.5922263861 -0.5301584005 -0.5134233236 0.2171448618 0.8302075863 0.6067920327 0.7759613395 0.1723004580
-284.6 69.1 2972.4 0.5116209984 0.5922263861 -0.6225044727 -0.8453110456 0.2171448618 -0.4881570637 -0.1539258510 0.7759613395 0.6117113829
-510.5 -66.1 2629.6 -0.9653056860 0.0496997461 0.2563491464 0.0378112830 0.9979774356 -0.0511013120 -0.2583703995 -0.0396354944 -0.9652324915
-530.3 -462.7 2645.4 -0.9586060643 -0.1194230840 0.2584811747 -0.0443533659 0.9593407512 0.2787438035 -0.2812599540 0.2557410002 -0.9249266982
-444.9 -135.6 2785.9 -0.5439071059 0.0653987154 0.8365931511 0.0157809276 0.9975793362 -0.0677235350 -0.8389970064 -0.0236330982 -0.5436225533
-470.8 -532.0 2795.3 -0.5185384154 -0.2558062375 0.8158928156 -0.0928338468 0.9654021263 0.2436814755 -0.8499998450 0.0506157503 -0.5243455768
-118.2 -164.9 2628.2 0 0 0 0 0 0 0 0 0
-151.8 -150.3 2932.4 0 0 0 0 0 0 0 0 0
-484.3 -831.9 2546.9 0 0 0 0 0 0 0 0 0
-395.0 -818.3 2780.3 0 0 0 0 0 0 0 0 0
-110.0 373.7 2761.2 7 0.3309414983 0.6343933940 -0.6985862255 -0.3619536161 0.7690153122 0.5268823504 0.8714742064 0.0784885734 0.4841200709
-237.9 218.7 2745.4 0.3309414983 0.6343933940 -0.6985862255 -0.3619536161 0.7690153122 0.5268823504 0.8714742064 0.0784885734 0.4841200709
-359.4 62.1 2733.3 0.3504493833 0.6111651659 -0.7096917629 -0.3375482261 0.7892425060 0.5129888058 0.8736397624 0.0597786009 0.4828872681
-289.0 267.6 2618.4 0.1055521220 0.3754076958 -0.9208299518 0.9760316610 0.1381139159 0.1681865752 0.1903179735 -0.9165116549 -0.3518315852
-318.1 -1.1 2565.9 -0.7545503378 0.3754076958 -0.5382591486 0.6197912097 0.1381139159 -0.7725175619 -0.2156679630 -0.9165116549 -0.3368882835
-186.8 169.7 2872.5 -0.6522933245 0.5593045354 -0.5115582347 -0.4515381753 0.2553415895 0.8549350500 0.6087911725 0.7886565328 0.0859897286
-301.3 90.5 2979.4 0.4917317927 0.5593045354 -0.6673666835 -0.8681138754 0.2553415895 -0.4256512523 -0.0676622093 0.7886565328 0.6110996008
-508.4 -67.3 2634.2 -0.9502579570 0.0520353094 0.3070864677 0.0418078303 0.9983328581 -0.0397944376 -0.3086452186 -0.0249763634 -0.9508492351
-529.1 -464.0 2644.1 -0.9441313148 -0.1181525290 0.3076622486 -0.0287142340 0.9594678879 0.2803514302 -0.3283162713 0.2558542788 -0.9092562795
-436.8 -136.5 2787.7 -0.4976570904 0.1018090844 0.8613781333 0.0117264856 0.9937864542 -0.1106839329 -0.8672946095 -0.0449817069 -0.4957587719
-477.4 -532.3 2805.7 -0.4815290272 -0.2754344642 0.8320250511 -0.0475583747 0.9561470747 0.2889998853 -0.8751388192 0.0995920673 -0.4735117853
-120.2 -163.7 2622.5 0 0 0 0 0 0 0 0 0
-174.1 -134.1 2961.9 0 0 0 0 0 0 0 0 0
-483.7 -832.9 2545.8 0 0 0 0 0 0 0 0 0
-394.9 -818.6 2775.8 0 0 0 0 0 0 0 0 0
-110.4 370.1 2761.0 8 0.3244910836 0.6362962723 -0.6998804212 -0.3558052480 0.7676845789 0.5329756141 0.8764178157 0.0760752931 0.4755043387
-238.4 215.7 2745.7 0.3244910836 0.6362962723 -0.6998804212 -0.3558052480 0.7676845789 0.5329756141 0.8764178157 0.0760752931 0.4755043387
-360.8 59.8 2734.4 0.3434212506 0.6161631346 -0.7088052034 -0.3323282599 0.7856022120 0.5219071507 0.8784189224 0.0563219972 0.4745609164
-288.5 264.1 2617.7 0.1080949381 0.3800203204 -0.9186403155 0.9763386250 0.1335077882 0.1701132953 0.1872921437 -0.9152924418 -0.3565970063
-318.6 -7.5 2565.6 -0.7665738463 0.3800203204 -0.5176379681 0.5992193222 0.1335077882 -0.7893743515 -0.2308695912 -0.9152924418 -0.3300590813
-188.2 167.4 2873.7 -0.6581295133 0.5573136210 -0.5062283278 -0.4413681626 0.2591364682 0.8590939641 0.6099669933 0.7888281345 0.0754351243
-304.0 89.8 2981.0 0.4865628779 0.5573136210 -0.6727986932 -0.8717591763 0.2591364682 -0.4157935381 -0.0573807135 0.7888281345 0.6119294167
-513.0 -63.8 2641.4 -0.9487687349 0.0396371335 0.3134753406 0.0353895836 0.9991885424 -0.0192309860 -0.3139832318 -0.0071519963 -0.9494016171
-528.7 -460.8 2644.3 -0.9437251687 -0.1124316677 0.3110336661 -0.0222060811 0.9598621130 0.2795917988 -0.3299844265 0.2569509745 -0.9083427191
-449.9 -124.4 2801.9 -0.4930923581 0.0789266303 0.8663893342 0.0051531475 0.9961237311 -0.0878123790 -0.8699617386 -0.0388349779 -0.4915876985
-481.3 -520.6 2817.3 -0.4870852530 -0.2809931040 0.8269164562 -0.0155390576 0.9494664669 0.3134835362 -0.8732161522 0.1398437023 -0.4668374956
-117.5 -164.7 2626.1 0 0 0 0 0 0 0 0 0
-177.9 -136.2 2966.1 0 0 0 0 0 0 0 0 0
-485.2 -831.9 2544.9 0 0 0 0 0 0 0 0 0
-394.2 -815.1 2773.9 0 0 0 0 0 0 0 0 0
-110.8 370.2 2757.9 9 0.3272435367 0.6365149617 -0.6983984113 -0.3686555624 0.7665236592 0.5258655548 0.8700602055 0.0853823572 0.4854947031
-238.1 216.9 2740.8 0.3272435367 0.6365149617 -0.6983984113 -0.3686555624 0.7665236592 0.5258655548 0.8700602055 0.0853823572 0.4854947031
-360.6 61.0 2727.4 0.3455176950 0.6161746979 -0.7077755928 -0.3460258842 0.7847353220 0.5142533779 0.8722864389 0.0672250316 0.4843523204
-288.6 267.3 2613.5 0.1139500141 0.3773255944 -0.9190434217 0.9789676070 0.1149275005 0.1685649008 0.1692272127 -0.9189217091 -0.3562935293
-321.0 -11.0 2565.4 -0.7710335851 0.3773255944 -0.5129645467 0.5886138678 0.1149275005 -0.8002033234 -0.2429834604 -0.9189217091 -0.3107120395
