-51.7 426.3 2522.9 6 0.6056951284 0.5384340882 -0.5858516097 -0.2073241472 0.8176355958 0.5371114612 0.7682122588 -0.2038646340 0.6068682671
-158.9 263.5 2563.4 0.6056951284 0.5384340882 -0.5858516097 -0.2073241472 0.8176355958 0.5371114612 0.7682122588 -0.2038646340 0.6068682671
-260.8 100.7 2601.6 0.6091096997 0.5207297802 -0.5981854796 -0.2020084858 0.8312408328 0.5179104805 0.7669275999 -0.1946257502 0.6115086675
-245.6 292.3 2454.2 0.1062280834 0.2404186875 -0.9648391008 0.9942385554 -0.0396617949 0.0995820165 -0.0143258730 -0.9698586464 -0.2432467341
-272.8 37.4 2457.9 -0.7110626698 0.2404186875 -0.6607486010 0.6729497313 -0.0396617949 -0.7386241555 -0.2037855238 -0.9698586464 -0.1335876733
-72.1 234.8 2672.7 -0.0617677905 0.9979778528 0.0149993645 -0.9907155037 -0.0631279796 0.1204062551 0.1211096495 -0.0074228742 0.9926114082
-89.0 -36.0 2705.8 -0.0279494859 0.9979778528 -0.0570882410 -0.3309376538 -0.0631279796 -0.9415386915 -0.9432386160 -0.0074228742 0.3320328295
-415.0 -42.1 2567.6 -0.9233399034 -0.1092044115 -0.3681274951 -0.1153260693 0.9933130145 -0.0054030195 0.3662558496 0.0374658741 -0.9297596216
-372.2 -431.1 2552.9 -0.9115507603 0.1490271538 -0.3832311332 0.0124884881 0.9416146278 0.3364607990 0.4109978378 0.3019151390 -0.8601906896
-306.7 -80.6 2706.8 -0.4560862184 -0.2570943534 -0.8519905210 -0.0940040499 0.9659237862 -0.2411524355 0.8849568367 -0.0298957396 -0.4647124410
-206.2 -458.2 2718.5 -0.4560862184 0.3042520881 -0.8363109827 -0.0940040499 0.9180152416 0.3852418661 0.8849568367 0.2543201149 -0.3900931478
-71.9 -152.7 2515.5 0 0 0 0 0 0 0 0 0
-92.5 -77.4 2588.0 0 0 0 0 0 0 0 0 0
-430.1 -797.0 2435.6 0 0 0 0 0 0 0 0 0
-320.4 -803.0 2623.0 0 0 0 0 0 0 0 0 0
-56.7 419.9 2518.6 7 0.5913639069 0.5298542976 -0.6079006195 -0.1712417454 0.8191593885 0.5474067926 0.7880133390 -0.2196186185 0.5751544833
-162.2 256.6 2562.3 0.5913639069 0.5298542976 -0.6079006195 -0.1712417454 0.8191593885 0.5474067926 0.7880133390 -0.2196186185 0.5751544833
-263.3 94.0 2603.7 0.5932747722 0.5158357024 -0.6180117726 -0.1682276726 0.8302116990 0.5314583778 0.7872257829 -0.2113341838 0.5793215036
-246.7 280.5 2450.3 0.0933580622 0.2534106672 -0.9628433585 0.9954408407 -0.0427364632 0.0852709413 -0.0195399541 -0.9664143324 -0.2562451065
-269.9 32.7 2455.1 -0.7064835429 0.2534106672 -0.6608055830 0.6742597818 -0.0427364632 -0.7372566462 -0.2150691897 -0.9664143324 -0.1406720132
-77.8 232.7 2674.4 -0.0535366610 0.9985207915 -0.0094900662 -0.9866307974 -0.0514294170 0.1546437591 0.1539269388 0.0176423024 0.9879246950
-92.4 -37.0 2716.5 -0.0022620610 0.9985207915 -0.0543241985 -0.3634921312 -0.0514294170 -0.9301766157 -0.9315945506 0.0176423024 0.3630707860
-417.7 -43.7 2570.5 -0.9290161729 -0.1165954247 -0.3511901200 -0.1242832169 0.9922465682 -0.0006557460 0.3485436440 0.0430378392 -0.9363039136
-372.0 -432.3 2553.6 -0.9160733819 0.1548786908 -0.3698947728 0.0224949811 0.9408009648 0.3382123113 0.4003792405 0.3015065193 -0.8653267026
-307.7 -80.2 2709.1 -0.4641756713 -0.2362314463 -0.8536601663 -0.0992002487 0.9715797901 -0.2149231881 0.8801705837 -0.0150788184 -0.4744179249
-215.3 -460.3 2715.0 -0.4641756713 0.2617627084 -0.8461803794 -0.0992002487 0.9339600205 0.3433336914 0.8801705837 0.2433084548 -0.4075545967
-70.6 -157.5 2515.8 0 0 0 0 0 0 0 0 0
-92.7 -82.4 2600.1 0 0 0 0 0 0 0 0 0
-432.1 -797.4 2436.6 0 0 0 0 0 0 0 0 0
-313.6 -811.2 2623.5 0 0 0 0 0 0 0 0 0
-59.7 416.6 2515.4 8 0.5815542936 0.5228568912 -0.6232296824 -0.1434830725 0.8200166821 0.5540624857 0.8007541299 -0.2327945083 0.5519053340
-164.0 253.1 2561.8 0.5815542936 0.5228568912 -0.6232296824 -0.1434830725 0.8200166821 0.5540624857 0.8007541299 -0.2327945083 0.5519053340
-263.8 90.4 2605.6 0.5824158788 0.5094191432 -0.6334697008 -0.1421050578 0.8310850263 0.5376837850 0.8003736138 -0.2231363058 0.5564281344
-246.9 273.3 2447.9 0.0667976737 0.2815547287 -0.9572173357 0.9971895814 -0.0514588617 0.0544510186 -0.0339263715 -0.9581643343 -0.2842007875
-263.7 21.9 2456.4 -0.7182576656 0.2815547287 -0.6362647414 0.6508333087 -0.0514588617 -0.7574747801 -0.2460120618 -0.9581643343 -0.1462844610
-81.1 232.9 2675.8 -0.0444526263 0.9986397028 -0.0272524469 -0.9832303524 -0.0389045291 0.1781697869 0.1768671870 0.0347155482 0.9836223125
-93.3 -35.9 2724.2 0.0170398373 0.9986397028 -0.0492785536 -0.3857338130 -0.0389045291 -0.9217894673 -0.9224527478 0.0347155482 0.3845461905
-417.9 -53.3 2574.1 -0.9335644245 -0.1102195308 -0.3410411477 -0.1224645823 0.9923667312 0.0145155042 0.3368380070 0.0553166196 -0.9399362803
-374.7 -441.9 2552.4 -0.9213669896 0.1506239623 -0.3583228588 0.0216592476 0.9403273463 0.3395811915 0.3880898356 0.3051179051 -0.8696489930
-310.7 -83.6 2716.2 -0.2969263792 -0.2438265383 -0.9232460856 -0.1023336127 0.9694077969 -0.2231060714 0.9494011402 0.0282330271 -0.3127944171
-215.4 -462.8 2705.2 -0.2969263792 0.2691072822 -0.9161964655 -0.1023336127 0.9449750185 0.3107250631 0.9494011402 0.1860201657 -0.2530492842
-61.4 -161.5 2525.7 0 0 0 0 0 0 0 0 0
-91.2 -84.1 2608.9 0 0 0 0 0 0 0 0 0
-431.6 -797.1 2437.2 0 0 0 0 0 0 0 0 0
-316.4 -817.6 2635.3 0 0 0 0 0 0 0 0 0
-51.9 415.8 2513.9 9 0.6202908158 0.5261623859 -0.5817150474 -0.1832795888 0.8183280230 0.5447456837 0.7626584172 -0.2312842607 0.6040362120
-156.8 252.7 2560.0 0.6202908158 0.5261623859 -0.5817150474 -0.1832795888 0.8183280230 0.5447456837 0.7626584172 -0.2312842607 0.6040362120
-256.3 89.7 2603.1 0.6233818531 0.5078088045 -0.5945799351 -0.1783439368 0.8327091336 0.5242031813 0.7613071203 -0.2207389921 0.6096603274
-245.4 278.0 2451.7 0.0762399957 0.2890439630 -0.9542751312 0.9969796538 -0.0363026522 0.0686559528 -0.0147981290 -0.9566272497 -0.2909386754
-265.4 17.0 2455.5 -0.7361906767 0.2890439630 -0.6119451523 0.6303412318 -0.0363026522 -0.7754688859 -0.2463598549 -0.9566272497 -0.1554706693
-68.1 227.4 2668.2 -0.0482116975 0.9984122515 0.0291305091 -0.9884930253 -0.0518785119 0.1420920789 0.1433777213 -0.0219448041 0.9894247055
-81.3 -42.8 2707.4 -0.0388296619 0.9984122515 -0.0408070050 -0.3516359925 -0.0518785119 -0.9346982241 -0.9353311658 -0.0219448041 0.3530921340
-416.2 -59.5 2577.0 -0.9164188504 -0.0985819250 -0.3878892064 -0.1123019382 0.9935916662 0.0128011787 0.3841415346 0.0552919544 -0.9216170907
-377.6 -448.6 2555.4 -0.9062594771 0.1416005045 -0.3983001709 -0.0073779211 0.9367857575 0.3498257101 0.4226574302 0.3199715018 -0.8479262590
-311.0 -85.2 2721.6 -0.4612047374 -0.2454748005 -0.8526619077 -0.1189758331 0.9693999887 -0.2147287726 0.8792809248 0.0024122314 -0.4762974381
-214.9 -464.5 2720.6 -0.4612047374 0.2715242505 -0.8447276354 -0.1189758331 0.9245050550 0.3621259034 0.8792809248 0.2675163746 -0.3940812945
-58.0 -160.6 2524.9 0 0 0 0 0 0 0 0 0
-86.2 -86.8 2590.6 0 0 0 0 0 0 0 0 0
-430.3 -797.6 2436.2 0 0 0 0 0 0 0 0 0
-316.7 -810.9 2620.4 0 0 0 0 0 0 0 0 0
-50.0 415.0 2514.6 0 0.6170108318 0.5236397386 -0.5874513388 -0.1828357279 0.8214467168 0.5401818156 0.7654206157 -0.2258909345 0.6025815606
-154.4 251.3 2559.6 0.6170108318 0.5236397386 -0.5874513388 -0.1828357279 0.8214467168 0.5401818156 0.7654206157 -0.2258909345 0.6025815606
-253.6 88.0 2602.3 0.6203869581 0.5069351792 -0.5984452963 -0.1774125993 0.8339635730 0.5225222707 0.7639665008 -0.2179942727 0.6073168516
-242.6 276.5 2450.8 0.0940562263 0.2894798517 -0.9525517225 0.9954761267 -0.0402657837 0.0860578865 -0.0134432176 -0.9563367963 -0.2919575274
-267.2 16.9 2454.3 -0.7403674126 0.2894798517 -0.6066774130 0.6238345504 -0.0402657837 -0.7805184722 -0.2503727376 -0.9563367963 -0.1507760733
-66.1 226.1 2668.3 -0.0466541424 0.9986125827 0.0244180560 -0.9886822701 -0.0496518724 0.1415698975 0.1425858885 -0.0175368767 0.9896270633
-78.8 -44.2 2707.3 -0.0338923559 0.9986125827 -0.0403008536 -0.3511668444 -0.0496518724 -0.9349954724 -0.9356992841 -0.0175368767 0.3523624539
-412.0 -57.3 2577.7 -0.9191455245 -0.0868983939 -0.3842136860 -0.1010177359 0.9947447777 0.0166789312 0.3807452023 0.0541427620 -0.9230934978
-377.9 -446.9 2556.5 -0.9092312455 0.1431007087 -0.3909228742 -0.0044626608 0.9356561899 0.3528845906 0.4162674546 0.3225982785 -0.8500892520
-299.6 -89.5 2714.9 -0.4967879355 -0.2216333896 -0.8390949965 -0.1026100665 0.9750602841 -0.1967959106 0.8617847562 -0.0116662448 -0.5071399808
-212.8 -471.0 2719.5 -0.4967879355 0.2857691944 -0.8194740415 -0.1026100665 0.9182705879 0.3824268878 0.8617847562 0.2740713358 -0.4268629551
-57.5 -159.8 2525.2 0 0 0 0 0 0 0 0 0
-83.1 -88.1 2590.4 0 0 0 0 0 0 0 0 0
-431.5 -797.3 2435.7 0 0 0 0 0 0 0 0 0
-320.2 -816.0 2616.5 0 0 0 0 0 0 0 0 0
-50.9 412.7 2514.9 1 0.6083627343 0.5236181021 -0.5964217186 -0.1775867641 0.8222386241 0.5407278538 0.7735358477 -0.2230420709 0.5932070017
-155.0 249.2 2559.3 0.6083627343 0.5236181021 -0.5964217186 -0.1775867641 0.8222386241 0.5407278538 0.7735358477 -0.2230420709 0.5932070017
-254.4 86.0 2601.9 0.6120633483 0.5080569983 -0.6060169339 -0.1716479808 0.8334063292 0.5253292918 0.7719555497 -0.2175132334 0.5973044038
-242.1 273.6 2449.3 0.1034742966 0.2893719673 -0.9516075253 0.9944240451 -0.0496679060 0.0930266082 -0.0203450602 -0.9559272528 -0.2928977907
-268.8 17.5 2454.6 -0.7415469289 0.2893719673 -0.6052867174 0.6198565960 -0.0496679060 -0.7831416726 -0.2566825747 -0.9559272528 -0.1425380409
-67.8 224.8 2669.2 -0.0467218049 0.9988218546 0.0131121827 -0.9878487587 -0.0481484160 0.1477719694 0.1482292116 -0.0060486803 0.9889345169
-80.6 -45.3 2709.7 -0.0228663404 0.9988218546 -0.0428017154 -0.3570438921 -0.0481484160 -0.9328458309 -0.9338076711 -0.0060486803 0.3577242196
-408.9 -59.4 2576.0 -0.9238454700 -0.0793846995 -0.3744430244 -0.0924493149 0.9955717921 0.0170271900 0.3714332283 0.0503474921 -0.9270935655
-377.8 -449.3 2556.3 -0.9143568873 0.1419635117 -0.3792068064 -0.0011709532 0.9355921149 0.3530807197 0.4049074650 0.3232858181 -0.8552988768
-296.9 -91.4 2713.9 -0.4054549634 -0.2041980773 -0.8910159469 -0.1011451855 0.9787670970 -0.1782824844 0.9085020423 0.0178364534 -0.4174996316
-217.0 -474.4 2706.9 -0.4054549634 0.2705485523 -0.8731607795 -0.1011451855 0.9360547066 0.3370032907 0.9085020423 0.2249556631 -0.3521633446
-57.9 -158.8 2527.6 0 0 0 0 0 0 0 0 0
-83.5 -89.9 2593.1 0 0 0 0 0 0 0 0 0
-430.6 -796.7 2436.2 0 0 0 0 0 0 0 0 0
-318.6 -826.0 2622.4 0 0 0 0 0 0 0 0 0
-55.1 414.3 2513.6 2 0.5881441236 0.5154387355 -0.6232249737 -0.1514910161 0.8271697164 0.5411476493 0.7944412827 -0.2238598317 0.5645793676
-157.6 249.8 2558.1 0.5881441236 0.5154387355 -0.6232249737 -0.1514910161 0.8271697164 0.5411476493 0.7944412827 -0.2238598317 0.5645793676
-256.2 86.1 2601.1 0.5905827880 0.5035445690 -0.6305987835 -0.1475115865 0.8356301188 0.5291149020 0.7933803201 -0.2194655389 0.5677874088
-241.6 270.8 2445.1 0.1150502339 0.2523714602 -0.9607664347 0.9927538633 -0.0629857183 0.1023357660 -0.0346879363 -0.9655783176 -0.2577892542
-270.8 19.6 2453.9 -0.7468202114 0.2523714602 -0.6152790189 0.6218342185 -0.0629857183 -0.7806119323 -0.2357579619 -0.9655783176 -0.1098941937
-73.5 228.8 2671.1 -0.0383559801 0.9990879893 -0.0187623613 -0.9851620197 -0.0346647054 0.1680897772 0.1672860831 0.0249312129 0.9855931401
-84.0 -40.5 2716.8 0.0100619178 0.9990879893 -0.0414965674 -0.3763063252 -0.0346647054 -0.9258465767 -0.9264406562 0.0249312129 0.3756143451
-409.2 -61.8 2574.8 -0.9339236617 -0.0799427927 -0.3484188914 -0.0913138241 0.9956886172 0.0163080003 0.3456130028 0.0470458902 -0.9371970296
-377.9 -451.8 2556.3 -0.9242869616 0.1405752152 -0.3548692763 0.0066357004 0.9354887605 0.3532941639 0.3816406131 0.3241903782 -0.8655928969
-298.7 -92.8 2714.2 -0.4444469213 -0.2146876305 -0.8696988821 -0.1096334010 0.9765948653 -0.1850486547 0.8890711069 0.0131037394 -0.4575815201
-214.6 -475.1 2709.1 -0.4444469213 0.2832261920 -0.8498528600 -0.1096334010 0.9243733883 0.3653961718 0.8890711069 0.2555714548 -0.3797838688
-58.2 -157.4 2521.0 0 0 0 0 0 0 0 0 0
-82.8 -87.5 2601.1 0 0 0 0 0 0 0 0 0
-429.8 -796.6 2436.8 0 0 0 0 0 0 0 0 0
-321.1 -822.6 2613.0 0 0 0 0 0 0 0 0 0
-59.1 413.3 2514.4 3 0.5340665579 0.5074461699 -0.6762183905 -0.1011398584 0.8324434161 0.5448014736 0.8393709660 -0.2225676179 0.4959032238
-159.7 248.2 2558.6 0.5340665579 0.5074461699 -0.6762183905 -0.1011398584 0.8324434161 0.5448014736 0.8393709660 -0.2225676179 0.4959032238
-256.7 83.4 2601.1 0.5358030796 0.4949717820 -0.6840453148 -0.0982405022 0.8411944509 0.5317336917 0.8386082649 -0.2177035958 0.4993408620
-235.8 262.1 2439.3 0.1432623863 0.1677098423 -0.9753713608 0.9868517518 -0.0987237841 0.1279736012 -0.0748299211 -0.9808807373 -0.1796481609
-271.1 19.1 2457.8 -0.7498008013 0.1677098423 -0.6400564313 0.6332147717 -0.0987237841 -0.7676540017 -0.1919319183 -0.9808807373 -0.0321731791
-83.6 234.2 2677.8 -0.0233180355 0.9952805638 -0.0941957906 -0.9785240293 -0.0034192235 0.2061044574 0.2048096806 0.0969787911 0.9739856720
-89.9 -33.3 2733.8 0.0869638547 0.9952805638 -0.0430565327 -0.4119994938 -0.0034192235 -0.9111776352 -0.9070246220 0.0969787911 0.4097577333
-408.2 -64.2 2572.5 -0.9550057650 -0.0809024349 -0.2853397727 -0.0903312564 0.9957106113 0.0200163275 0.2824964821 0.0448908098 -0.9582173824
-376.5 -454.2 2554.9 -0.9436461329 0.1482119709 -0.2959140837 0.0356486440 0.9344360232 0.3543423414 0.3290305734 0.3238248527 -0.8870605230
-301.5 -90.8 2715.7 -0.3745635748 -0.2491887212 -0.8930885196 -0.1104027405 0.9683427215 -0.2238828987 0.9206048846 0.0147410380 -0.3902170658
-204.0 -469.8 2710.0 -0.3745635748 0.3268987238 -0.8676631451 -0.1104027405 0.9134055972 0.3917925656 0.9206048846 0.2425436229 -0.3060379624
-57.8 -161.1 2512.4 0 0 0 0 0 0 0 0 0
-79.1 -84.8 2620.5 0 0 0 0 0 0 0 0 0
-430.8 -797.1 2436.1 0 0 0 0 0 0 0 0 0
-326.9 -813.1 2618.8 0 0 0 0 0 0 0 0 0
-61.8 413.6 2513.4 4 0.5183804631 0.5092867017 -0.6869561672 -0.0863229409 0.8303771019 0.5504745245 0.8507820368 -0.2260551751 0.4744143784
-163.4 248.1 2558.4 0.5183804631 0.5092867017 -0.6869561672 -0.0863229409 0.8303771019 0.5504745245 0.8507820368 -0.2260551751 0.4744143784
-260.3 83.6 2601.8 0.5207923651 0.4950011969 -0.6955207586 -0.0823112652 0.8400495648 0.5362290740 0.8497059345 -0.2220148146 0.4782355428
-237.4 259.8 2437.5 0.1393258721 0.1663194746 -0.9761793613 0.9877336621 -0.0935261399 0.1250401735 -0.0705016628 -0.9816265702 -0.1773099601
-271.4 19.0 2454.7 -0.7527046204 0.1663194746 -0.6370036006 0.6310473084 -0.0935261399 -0.7700858116 -0.1876567602 -0.9816265702 -0.0345578976
-89.3 236.4 2679.3 -0.0225633420 0.9933415651 -0.1129755527 -0.9752567410 0.0029886789 0.2210551649 0.2199209183 0.1151679158 0.9686955810
-95.5 -30.2 2739.5 0.1054654941 0.9933415651 -0.0463638864 -0.4258957505 0.0029886789 -0.9047673345 -0.8986043930 0.1151679158 0.4233751297
-401.9 -72.4 2568.3 -0.9611624479 -0.0602344200 -0.2693299353 -0.0692084953 0.9973149300 0.0239406023 0.2671647072 0.0416507274 -0.9627503753
-378.3 -463.0 2552.0 -0.9511826038 0.1417583972 -0.2741463482 0.0382939428 0.9356171489 0.3509331942 0.3062437475 0.3233034015 -0.8953712583
-305.5 -90.2 2719.3 -0.3017917275 -0.2369689643 -0.9234541059 -0.1141843349 0.9706288576 -0.2117582411 0.9465113282 0.0415371023 -0.3199858963
-212.7 -470.1 2703.0 -0.3017917275 0.2938756049 -0.9069502950 -0.1141843349 0.9333166480 0.3404143453 0.9465113282 0.2062937468 -0.2481112629
-58.2 -159.7 2507.8 0 0 0 0 0 0 0 0 0
-82.3 -83.4 2627.2 0 0 0 0 0 0 0 0 0
-428.9 -797.4 2436.5 0 0 0 0 0 0 0 0 0
-323.1 -820.7 2625.5 0 0 0 0 0 0 0 0 0
-51.1 419.0 2510.3 5 0.6137400270 0.5333079696 -0.5821561813 -0.1787668020 0.8120866418 0.5554797053 0.7690029740 -0.2368499339 0.5937478542
-157.2 257.4 2557.5 0.6137400270 0.5333079696 -0.5821561813 -0.1787668020 0.8120866418 0.5554797053 0.7690029740 -0.2368499339 0.5937478542
-259.0 95.8 2601.2 0.6157695651 0.5169591308 -0.5946268439 -0.1756019294 0.8257318735 0.5360324979 0.7681092620 -0.2256548703 0.5992395878
-244.3 282.3 2448.5 0.1029883921 0.1750986725 -0.9791495800 0.9945270419 -0.0355333462 0.0982514918 -0.0175887570 -0.9839094877 -0.1777998805
-271.5 19.5 2453.2 -0.7527856827 0.1750986725 -0.6345503926 0.6392557025 -0.0355333462 -0.7681728601 -0.1570537388 -0.9839094877 -0.0851838291
-70.1 232.5 2666.4 -0.0581824556 0.9980491996 0.0226397701 -0.9864144325 -0.0609645173 0.1525447369 0.1536273807 -0.0134567674 0.9880372286
-86.0 -37.2 2708.4 -0.0346384868 0.9980491996 -0.0519416220 -0.3613957763 -0.0609645173 -0.9304173589 -0.9317688942 -0.0134567674 0.3628024757
-405.0 -71.7 2569.4 -0.9219315052 -0.0640002713 -0.3820291460 -0.0765604675 0.9969069362 0.0177504700 0.3797114789 0.0456130505 -0.9239797592
-379.8 -464.0 2551.4 -0.9146844745 0.1341904253 -0.3812417686 -0.0097750481 0.9356529713 0.3527860045 0.4040504992 0.3264145255 -0.8545154929
-310.3 -88.4 2722.0 -0.3342194855 -0.2533438206 -0.9078074098 -0.1264769435 0.9665395021 -0.2231703997 0.9339705110 0.0402288064 -0.3550784886
-211.2 -466.8 2706.3 -0.3342194855 0.2980790436 -0.8941175938 -0.1264769435 0.9259054065 0.3559532464 0.9339705110 0.2320517749 -0.2717555165
-58.6 -161.3 2497.6 0 0 0 0 0 0 0 0 0
-90.3 -82.3 2592.0 0 0 0 0 0 0 0 0 0
-427.7 -798.0 2434.9 0 0 0 0 0 0 0 0 0
-323.3 -815.0 2619.0 0 0 0 0 0 0 0 0 0
-46.8 426.2 2511.3 6 0.6272814274 0.5243217349 -0.5758513212 -0.1925051212 0.8208602667 0.5377082229 0.7546256185 -0.2264400721 0.6158450246
-151.9 261.7 2556.7 0.6272814274 0.5243217349 -0.5758513212 -0.1925051212 0.8208602667 0.5377082229 0.7546256185 -0.2264400721 0.6158450246
-252.0 99.0 2600.2 0.6316874027 0.5099819303 -0.5838574171 -0.1854697764 0.8306958079 0.5249242187 0.7527098060 -0.2233001143 0.6193262935
-241.5 288.0 2449.7 0.1180110276 0.1894674003 -0.9747694731 0.9928793311 -0.0385750793 0.1127056181 -0.0162477698 -0.9811289907 -0.1926705539
-272.2 30.3 2453.9 -0.7165425420 0.1894674003 -0.6713187695 0.6777428389 -0.0385750793 -0.7342864871 -0.1650195271 -0.9811289907 -0.1007694826
-62.2 235.4 2663.6 -0.0523126833 0.9977377653 0.0422226265 -0.9888325930 -0.0576613136 0.1374235749 0.1395473033 -0.0345621146 0.9896120429
-76.5 -35.0 2701.8 -0.0524977557 0.9977377653 -0.0419922955 -0.3471501768 -0.0576613136 -0.9360352159 -0.9363390207 -0.0345621146 0.3493919373
-415.2 -49.1 2577.6 -0.9113727212 -0.1019271761 -0.3987613618 -0.1144297123 0.9934022427 0.0076071387 0.3953550458 0.0525630862 -0.9170231819
-375.3 -438.9 2556.9 -0.9011122584 0.1419876069 -0.4096781313 -0.0087034591 0.9387468100 0.3444977403 0.4334984422 0.3139967620 -0.8446804881
-305.2 -81.7 2714.3 -0.3988352120 -0.2421538830 -0.8844727278 -0.1108978242 0.9701624513 -0.2156071663 0.9102923274 0.0120943710 -0.4137893021
-210.4 -461.4 2709.6 -0.3988352120 0.2940240502 -0.8686082959 -0.1108978242 0.9247884750 0.3639615178 0.9102923274 0.2414874434 -0.3362315893
-70.2 -160.8 2500.5 0 0 0 0 0 0 0 0 0
-83.1 -78.4 2584.8 0 0 0 0 0 0 0 0 0
-429.3 -796.5 2437.3 0 0 0 0 0 0 0 0 0
-321.1 -809.5 2618.7 0 0 0 0 0 0 0 0 0
-48.3 430.6 2512.8 7 0.6765080094 0.5006004572 -0.5401259661 -0.2260728031 0.8391896486 0.4946228862 0.7008765936 -0.2125085443 0.6808906794
-148.5 262.5 2555.3 0.6765080094 0.5006004572 -0.5401259661 -0.2260728031 0.8391896486 0.4946228862 0.7008765936 -0.2125085443 0.6808906794
-243.9 96.8 2597.3 0.6835663915 0.4856515229 -0.5448665619 -0.2140046805 0.8470551968 0.4865177274 0.6978101134 -0.2159631848 0.6829501987
-245.6 292.8 2456.4 0.0902419314 0.1986793727 -0.9759010673 0.9959168434 -0.0204153843 0.0879365206 -0.0024522236 -0.9798519015 -0.1997104585
-269.3 31.4 2457.0 -0.7023262978 0.1986793727 -0.6835672855 0.6943545938 -0.0204153843 -0.7193433642 -0.1568739861 -0.9798519015 -0.1236156747
-51.5 232.3 2654.3 -0.0333484821 0.9935093522 0.1087521017 -0.9950613379 -0.0431839339 0.0893762931 0.0934925303 -0.1052344441 0.9900428653
-60.6 -39.8 2679.9 -0.1133820936 0.9935093522 -0.0091455476 -0.3015716970 -0.0431839339 -0.9524650574 -0.9466778636 -0.1052344441 0.3045105934
-408.6 -46.4 2576.7 -0.8842098117 -0.0927306488 -0.4577926099 -0.1132356748 0.9934142828 0.0174842142 0.4531564116 0.0672981665 -0.8888870478
-372.3 -435.9 2550.3 -0.8728383780 0.1521871537 -0.4636725187 -0.0106826825 0.9439442158 0.3299320638 0.4878924191 0.2929306626 -0.8222849965
-295.1 -80.3 2711.7 -0.4617405534 -0.2356183827 -0.8551489115 -0.0995663181 0.9717496634 -0.2139841020 0.8814092278 -0.0136611108 -0.4721558690
-202.9 -460.7 2717.0 -0.4617405534 0.3206676841 -0.8270235062 -0.0995663181 0.9077373743 0.4075529277 0.8814092278 0.2705273926 -0.3872114718
-71.4 -164.2 2501.2 0 0 0 0 0 0 0 0 0
-74.8 -77.4 2561.6 0 0 0 0 0 0 0 0 0
-430.3 -795.9 2438.6 0 0 0 0 0 0 0 0 0
-323.5 -802.2 2615.3 0 0 0 0 0 0 0 0 0
-55.1 432.7 2512.0 8 0.6685094833 0.4772964716 -0.5703359842 -0.1974096447 0.8532600999 0.4826765656 0.7170247436 -0.2100840658 0.6646354198
-149.8 263.3 2553.7 0.6685094833 0.4772964716 -0.5703359842 -0.1974096447 0.8532600999 0.4826765656 0.7170247436 -0.2100840658 0.6646354198
-240.7 95.2 2596.3 0.6759480834 0.4637348354 -0.5727514625 -0.1838767678 0.8587406278 0.4782821536 0.7136410475 -0.2179782242 0.6657341719
-245.9 289.4 2452.3 0.0867252871 0.1719140857 -0.9812870622 0.9960429072 -0.0341676325 0.0820434839 -0.0194238257 -0.9845192432 -0.1741970032
-268.2 33.2 2457.3 -0.6940916777 0.1719140857 -0.6990581155 0.7049948573 -0.0341676325 -0.7083888650 -0.1456671953 -0.9845192432 -0.0974830836
-53.7 237.3 2655.2 -0.0048113596 0.9962382317 0.0865229890 -0.9943299890 -0.0139577268 0.1054187119 0.1062298119 -0.0855251923 0.9906566739
-55.0 -34.6 2684.2 -0.0855289325 0.9962382317 0.0139347930 -0.3170801699 -0.0139577268 -0.9482960105 -0.9445342422 -0.0855251923 0.3170811832
-400.5 -49.6 2576.9 -0.8922134042 -0.0758712739 -0.4451951981 -0.1033465117 0.9939296246 0.0377282575 0.4396302104 0.0796710253 -0.8946383595
-370.8 -439.0 2545.6 -0.8792175055 0.1624564528 -0.4478665888 0.0076812697 0.9447771311 0.3276235461 0.4763586819 0.2846121788 -0.8319124579
-277.6 -88.2 2702.0 -0.4755046666 -0.1682444215 -0.8634750247 -0.0677050501 0.9856292009 -0.1547613442 0.8771039844 -0.0151281171 -0.4800622761
-211.9 -473.2 2707.9 -0.4755046666 0.2962464392 -0.8283316493 -0.0677050501 0.9264762402 0.3702132404 0.8771039844 0.2321203649 -0.4204863608
-72.7 -165.4 2498.3 0 0 0 0 0 0 0 0 0
-65.7 -74.2 2566.2 0 0 0 0 0 0 0 0 0
-432.0 -795.2 2438.3 0 0 0 0 0 0 0 0 0
-323.2 -821.5 2620.7 0 0 0 0 0 0 0 0 0
-62.6 433.0 2511.7 9 0.6570417285 0.4659328461 -0.5926235914 -0.1736410707 0.8585259318 0.4824748933 0.7335836291 -0.2141023427 0.6449924707
-155.5 261.9 2554.3 0.6570417285 0.4659328461 -0.5926235914 -0.1736410707 0.8585259318 0.4824748933 0.7335836291 -0.2141023427 0.6449924707
-244.5 92.9 2597.3 0.6629458070 0.4539825022 -0.5953173637 -0.1625891030 0.8634947538 0.4774323106 0.7307993174 -0.2197196186 0.6462628245
-249.8 285.0 2450.3 0.0668293089 0.1564606130 -0.9854207039 0.9974367023 -0.0357866623 0.0619621724 -0.0255702771 -0.9870356321 -0.1584511548
-267.0 28.7 2456.9 -0.7142301798 0.1564606130 -0.6821988821 0.6861524582 -0.0357866623 -0.7265769839 -0.1380942911 -0.9870356321 -0.0817959234
-61.2 238.9 2658.3 0.0095163928 0.9979837537 0.0627520606 -0.9927316308 0.0018998359 0.1203341857 0.1199723482 -0.0634411052 0.9907481074
-58.6 -32.5 2691.1 -0.0592302084 0.9979837537 0.0228071362 -0.3313014507 0.0018998359 -0.9435230494 -0.9416640401 -0.0634411052 0.3305209577
-392.4 -56.2 2574.7 -0.9023965001 -0.0524123572 -0.4277072847 -0.0785117969 0.9959592819 0.0436003618 0.4236938357 0.0729248822 -0.9028651714
-371.9 -446.2 2546.2 -0.8908630610 0.1621731073 -0.4243381321 0.0130519206 0.9428579807 0.3329390585 0.4540843666 0.2910646796 -0.8420740366
-270.7 -89.4 2703.2 -0.4916076362 -0.1513004303 -0.8575721979 -0.0757978335 0.9884876013 -0.1309461892 0.8675117493 0.0006279674 -0.4974163175
-211.5 -476.0 2703.0 -0.4829334915 0.3059703112 -0.8204616904 -0.0489493422 0.9260689616 0.3741660416 0.8742878437 0.2208583653 -0.4322526753
-66.4 -164.0 2495.7 0 0 0 0 0 0 0 0 0
-66.0 -73.9 2573.5 0 0 0 0 0 0 0 0 0
-432.0 -795.4 2438.4 0 0 0 0 0 0 0 0 0
-326.6 -824.4 2619.9 0 0 0 0 0 0 0 0 0
-75.4 434.0 2521.5 0 0.6404533386 0.4361120462 -0.6321596503 -0.1579339057 0.8803245425 0.4473092556 0.7515825629 -0.1866412610 0.6326836944
-162.3 258.5 2558.7 0.6404533386 0.4361120462 -0.6321596503 -0.1579339057 0.8803245425 0.4473092556 0.7515825629 -0.1866412610 0.6326836944
-247.6 86.4 2597.0 0.6434621811 0.4354164004 -0.6295784116 -0.1518609822 0.8787290454 0.4525190890 0.7502630353 -0.1955705434 0.6315516829
-253.9 280.1 2451.8 0.0608259216 0.1640699357 -0.9845716357 0.9978865981 -0.0325847529 0.0562185571 -0.0228582472 -0.9859104156 -0.1657051891
-269.0 33.4 2457.5 -0.6999607682 0.1640699357 -0.6950798035 0.7003982663 -0.0325847529 -0.7130080462 -0.1396321803 -0.9859104156 -0.0921062529
-70.7 237.0 2665.5 0.0346409716 0.9990302920 0.0271741450 -0.9933691621 0.0314366594 0.1105866954 0.1096251979 -0.0308247898 0.9934949279
-61.3 -34.6 2695.5 -0.0190763734 0.9990302920 0.0396802612 -0.3219199777 0.0314366594 -0.9462448359 -0.9465746880 -0.0308247898 0.3210081160
-393.2 -61.5 2574.5 -0.9152643085 -0.0506973341 -0.3996510506 -0.0749368295 0.9961611032 0.0452502109 0.3958227634 0.0713644922 -0.9155498147
-373.3 -451.7 2546.5 -0.9041682482 0.1579719037 -0.3968937397 0.0169796683 0.9416657686 0.3361208737 0.4268389046 0.2971706986 -0.8541066051
-273.6 -90.8 2706.3 -0.5224981904 -0.1452080011 -0.8401846886 -0.0663505122 0.9893279672 -0.1297218651 0.8500548601 -0.0120327538 -0.5265567303
-216.8 -478.0 2711.0 -0.5197469592 0.2795795202 -0.8072783947 -0.0571018867 0.9314548373 0.3593484461 0.8524097800 0.2328673899 -0.4681563079
-72.7 -163.0 2496.7 0 0 0 0 0 0 0 0 0
-63.6 -74.8 2577.2 0 0 0 0 0 0 0 0 0
-431.0 -795.7 2437.9 0 0 0 0 0 0 0 0 0
-322.0 -828.5 2623.3 0 0 0 0 0 0 0 0 0
-66.6 441.7 2518.9 1 0.6428198814 0.4521204829 -0.6183605194 -0.1693390459 0.8711422682 0.4609071314 0.7470655441 -0.1915676892 0.6365492344
-157.0 267.6 2557.2 0.6428198814 0.4521204829 -0.6183605194 -0.1693390459 0.8711422682 0.4609071314 0.7470655441 -0.1915676892 0.6365492344
-243.4 95.9 2594.8 0.6464217305 0.4414336383 -0.6223144531 -0.1622943133 0.8765239120 0.4531737268 0.7455196381 -0.1919432431 0.6382462382
-249.0 290.7 2451.0 0.0768936798 0.1688323319 -0.9826408625 0.9967399240 -0.0371673070 0.0716110617 -0.0244318489 -0.9849437475 -0.1711398512
-268.9 33.5 2457.3 -0.6950062513 0.1688323319 -0.6989005208 0.7040860057 -0.0371673070 -0.7091413736 -0.1457022429 -0.9849437475 -0.0930409729
-64.9 244.5 2663.3 0.0271853264 0.9990633726 0.0336658955 -0.9943581223 0.0235721990 0.1034230441 0.1025325879 -0.0362875424 0.9940675497
-57.5 -27.3 2691.4 -0.0270214174 0.9990633726 0.0337975956 -0.3151373863 0.0235721990 -0.9487532973 -0.9486613274 -0.0362875424 0.3142052591
-390.8 -71.8 2567.6 -0.9137740731 -0.0427888222 -0.4039628804 -0.0662028790 0.9968282580 0.0441658646 0.4007918239 0.0671011284 -0.9137085676
-374.0 -462.2 2541.3 -0.9032022953 0.1587166041 -0.3987914920 0.0181079954 0.9423813224 0.3340502083 0.4288329780 0.2944936156 -0.8540350199
-274.7 -99.3 2703.1 -0.5177574754 -0.1404192299 -0.8439251184 -0.0713925585 0.9900892973 -0.1209390983 0.8525434136 -0.0023671540 -0.5226510763
-219.7 -486.9 2704.0 -0.5124827623 0.2869126499 -0.8093469739 -0.0540161468 0.9298905730 0.3638485372 0.8569968939 0.2301839143 -0.4610549808
-74.0 -163.8 2498.1 0 0 0 0 0 0 0 0 0
-60.9 -66.7 2572.9 0 0 0 0 0 0 0 0 0
-430.3 -796.2 2437.0 0 0 0 0 0 0 0 0 0
-327.7 -837.0 2617.3 0 0 0 0 0 0 0 0 0
-72.4 445.6 2524.6 2 0.6328929663 0.4281842113 -0.6450618505 -0.1617004722 0.8878832459 0.4307160378 0.7571654320 -0.1682903320 0.6311725974
-158.2 267.7 2558.3 0.6328929663 0.4281842113 -0.6450618505 -0.1617004722 0.8878832459 0.4307160378 0.7571654320 -0.1682903320 0.6311725974
-242.0 94.1 2593.0 0.6356266737 0.4282018244 -0.6423565745 -0.1560374498 0.8861585259 0.4363202155 0.7560628653 -0.1771050692 0.6300815344
-248.8 289.9 2450.6 0.0975928232 0.1769376397 -0.9793716073 0.9950243235 -0.0371785276 0.0924357548 -0.0200562309 -0.9835196137 -0.1796856076
-272.8 45.2 2455.5 -0.6749770641 0.1769376397 -0.7163093090 0.7226892710 -0.0371785276 -0.6901724339 -0.1487488002 -0.9835196137 -0.1027762741
-67.7 245.5 2666.0 0.0441213436 0.9989348650 0.0135051683 -0.9944548011 0.0426236987 0.0961396918 0.0954616517 -0.0176720917 0.9952762127
-55.7 -26.4 2692.1 -0.0036864756 0.9989348650 0.0459944829 -0.3080457747 0.0426236987 -0.9504162073 -0.9513643980 -0.0176720917 0.3075605333
-388.2 -61.0 2565.1 -0.9215148091 -0.0403264835 -0.3862437308 -0.0483535454 0.9987687469 0.0110854181 0.3853211403 0.0288916286 -0.9223301411
-372.4 -452.0 2553.8 -0.9126980305 0.1590204835 -0.3764236271 0.0163687933 0.9346621633 0.3551601470 0.4083066583 0.3179923594 -0.8556672931
-271.4 -90.4 2699.7 -0.5344432592 -0.1307692975 -0.8350268006 -0.0700218752 0.9914126992 -0.1104439050 0.8422988653 -0.0005558556 -0.5390105247
-220.2 -478.6 2700.0 -0.5247045159 0.2693455815 -0.8075506687 -0.0347288139 0.9410637021 0.3364416957 0.8505757451 0.2045777589 -0.4844263196
-83.7 -157.3 2497.2 0 0 0 0 0 0 0 0 0
-56.1 -64.9 2573.3 0 0 0 0 0 0 0 0 0
-431.0 -796.3 2436.6 0 0 0 0 0 0 0 0 0
-321.6 -832.8 2623.0 0 0 0 0 0 0 0 0 0
-74.6 448.5 2525.9 3 0.6323009729 0.4375304580 -0.6393454075 -0.1671608388 0.8828678727 0.4388639331 0.7564738989 -0.1706205755 0.6313762069
-161.9 272.3 2560.0 0.6323009729 0.4375304580 -0.6393454075 -0.1671608388 0.8828678727 0.4388639331 0.7564738989 -0.1706205755 0.6313762069
-245.9 98.7 2593.8 0.6354894638 0.4292429388 -0.6417972445 -0.1606520116 0.8865423799 0.4338588715 0.7552112937 -0.1726067215 0.6323470473
-252.4 295.2 2452.4 0.0823572427 0.1884865612 -0.9786164165 0.9965348840 -0.0270445347 0.0786562860 -0.0116405720 -0.9817033410 -0.1900607497
-273.1 45.3 2455.3 -0.6735401154 0.1884865612 -0.7147142887 0.7239229679 -0.0270445347 -0.6893504858 -0.1492624283 -0.9817033410 -0.1182341725
-71.4 249.5 2667.5 0.0429459848 0.9989836812 0.0136833731 -0.9949811101 0.0415269285 0.0910387412 0.0903779864 -0.0175244473 0.9957533479
-59.7 -22.6 2692.3 -0.0041136201 0.9989836812 0.0448850803 -0.3031778634 0.0415269285 -0.9520287514 -0.9529250860 -0.0175244473 0.3026989102
-383.2 -65.3 2559.4 -0.9219313264 -0.0262338463 -0.3864639699 -0.0374766998 0.9990643859 0.0215845313 0.3855361342 0.0343828499 -0.9220519066
-373.0 -456.4 2546.0 -0.9137586951 0.1579434574 -0.3742979467 0.0220936164 0.9392880797 0.3424175084 0.4056562185 0.3046173751 -0.8617721796
-268.4 -93.5 2696.1 -0.5367181301 -0.1191345677 -0.8353086710 -0.0557673536 0.9928258657 -0.1057675257 0.8419166207 -0.0101843979 -0.5395115018
-221.8 -482.3 2700.1 -0.5316206813 0.2713014483 -0.8023558855 -0.0377984866 0.9387677908 0.3424708545 0.8461387157 0.2123924196 -0.4888135791
-84.4 -157.5 2497.1 0 0 0 0 0 0 0 0 0
-60.2 -60.4 2573.2 0 0 0 0 0 0 0 0 0
-429.9 -795.2 2436.1 0 0 0 0 0 0 0 0 0
-323.9 -835.8 2620.1 0 0 0 0 0 0 0 0 0
-77.7 449.0 2529.1 4 0.6423379183 0.4356568456 -0.6305593848 -0.1784658730 0.8851372004 0.4297465086 0.7453535795 -0.1635091305 0.6463070512
-164.5 272.5 2561.7 0.6423379183 0.4356568456 -0.6305593848 -0.1784658730 0.8851372004 0.4297465086 0.7453535795 -0.1635091305 0.6463070512
-248.0 98.4 2594.5 0.6464080811 0.4263562560 -0.6327534318 -0.1700891107 0.8889591694 0.4252308905 0.7437918186 -0.1672482044 0.6471489072
-256.6 296.7 2455.8 0.0508494936 0.2282981724 -0.9722624421 0.9987061024 -0.0109574869 0.0496595576 0.0006836340 -0.9735295773 -0.2285599709
-269.8 38.0 2455.6 -0.6939316392 0.2282981724 -0.6828899980 0.6995376945 -0.0109574869 -0.7145116925 -0.1706044823 -0.9735295773 -0.1520994306
-72.5 248.3 2667.6 0.0446362123 0.9986094832 0.0280479863 -0.9960470200 0.0423282422 0.0780941099 0.0767982975 -0.0314229392 0.9965513349
-60.3 -24.0 2688.6 -0.0177771747 0.9986094832 0.0496291555 -0.2907665074 0.0423282422 -0.9558572769 -0.9566288590 -0.0314229392 0.2896097302
-387.4 -60.4 2559.4 -0.9163626432 -0.0343371183 -0.3988739550 -0.0391056351 0.9992277622 0.0038216116 0.3984347284 0.0191002022 -0.9169977903
-373.9 -451.7 2551.9 -0.9099076986 0.1515244097 -0.3861454129 0.0079060867 0.9370613098 0.3490753472 0.4147353768 0.3145734668 -0.8538373113
-272.5 -89.5 2695.9 -0.5235178471 -0.1403831840 -0.8403699398 -0.0742298067 0.9900972247 -0.1191527396 0.8487749696 0.0000019085 -0.5287542343
-217.6 -477.2 2695.9 -0.5071083307 0.2793840170 -0.8153439164 -0.0155604724 0.9428818226 0.3327638209 0.8617418408 0.1814344376 -0.4737958908
-73.9 -159.4 2503.7 0 0 0 0 0 0 0 0 0
-62.5 -60.4 2569.1 0 0 0 0 0 0 0 0 0
-429.6 -796.1 2436.3 0 0 0 0 0 0 0 0 0
-322.7 -832.0 2627.6 0 0 0 0 0 0 0 0 0
-77.0 451.0 2521.7 5 0.6339111328 0.4365355670 -0.6384303570 -0.1573050469 0.8809982538 0.4462031126 0.7572395802 -0.1824248135 0.6271438599
-164.0 275.5 2558.0 0.6339111328 0.4365355670 -0.6384303570 -0.1573050469 0.8809982538 0.4462031126 0.7572395802 -0.1824248135 0.6271438599
-246.6 101.6 2594.0 0.6387420297 0.4217134416 -0.6435576081 -0.1473478824 0.8879811764 0.4356351495 0.7551802397 -0.1834316403 0.6293295026
-255.0 296.4 2450.5 0.0510375090 0.2422246337 -0.9688768983 0.9984290004 -0.0348376781 0.0438846126 -0.0231234878 -0.9695945382 -0.2436221242
-268.4 33.4 2456.6 -0.7203282118 0.2422246337 -0.6499649882 0.6630254984 -0.0348376781 -0.7477857471 -0.2037753910 -0.9695945382 -0.1355065405
-73.1 254.5 2665.6 0.0511049069 0.9985715747 0.0155897252 -0.9935626984 0.0492559001 0.1020149067 0.1011013016 -0.0207028314 0.9946607351
-59.1 -17.1 2693.2 -0.0042181667 0.9985715747 0.0532631017 -0.3135910034 0.0492559001 -0.9482797980 -0.9495487809 -0.0207028314 0.3129352927
-389.9 -60.4 2560.0 -0.9200975299 -0.0444701649 -0.3891567290 -0.0512921885 0.9986580610 0.0071521974 0.3883164525 0.0265414193 -0.9211437702
-372.5 -451.5 2549.6 -0.9111123681 0.1569455862 -0.3811067641 0.0168042053 0.9380380511 0.3461245596 0.4118153751 0.3089541793 -0.8572953939
-273.1 -91.1 2694.5 -0.5324473381 -0.1289347857 -0.8365857005 -0.0622034706 0.9916186929 -0.1132389382 0.8441745043 -0.0082552377 -0.5360049605
-222.6 -479.4 2697.7 -0.5260598660 0.2534608543 -0.8117996454 -0.0377000086 0.9466673136 0.3199996054 0.8496115208 0.1989437938 -0.4884481728
-64.6 -154.2 2514.2 0 0 0 0 0 0 0 0 0
-59.7 -56.3 2574.6 0 0 0 0 0 0 0 0 0
-430.2 -796.3 2436.1 0 0 0 0 0 0 0 0 0
-318.0 -835.7 2622.8 0 0 0 0 0 0 0 0 0
-76.1 452.5 2525.5 6 0.6348539591 0.4300186336 -0.6419068575 -0.1527028680 0.8842507005 0.4413416982 0.7573917508 -0.1821665019 0.6270351410
-162.2 275.6 2561.9 0.6348539591 0.4300186336 -0.6419068575 -0.1527028680 0.8842507005 0.4413416982 0.7573917508 -0.1821665019 0.6270351410
-244.5 101.7 2598.8 0.6394831538 0.4204953611 -0.6436186433 -0.1430588812 0.8876298666 0.4377754927 0.7553777099 -0.1878746897 0.6277799010
-253.2 295.9 2454.3 0.0652594790 0.2622885704 -0.9627802968 0.9978054166 -0.0279875826 0.0600089505 -0.0112062311 -0.9645835161 -0.2635394037
-270.1 37.5 2457.2 -0.7155092359 0.2622885704 -0.6474961042 0.6650649905 -0.0279875826 -0.7462608218 -0.2138575315 -0.9645835161 -0.1544135660
-71.1 255.2 2669.5 0.0523897298 0.9984952211 0.0162062123 -0.9930189848 0.0503712706 0.1066582203 0.1056813970 -0.0216808729 0.9941636324
-56.8 -16.3 2698.4 -0.0045434935 0.9984952211 0.0546505414 -0.3180082738 0.0503712706 -0.9467489123 -0.9480770230 -0.0216808729 0.3173008859
-386.9 -59.0 2561.7 -0.9199286699 -0.0358997099 -0.3904387951 -0.0461041592 0.9987955093 0.0167915374 0.3893657029 0.0334478691 -0.9204757214
-372.8 -450.2 2548.6 -0.9115251303 0.1552840471 -0.3808001876 0.0173719916 0.9396834373 0.3416039348 0.4108772576 0.3047653139 -0.8592426777
-271.5 -85.6 2698.2 -0.5292876363 -0.1446438581 -0.8360219598 -0.0766193569 0.9894834161 -0.1226869896 0.8449757695 -0.0008812417 -0.5348038673
-214.8 -473.1 2698.5 -0.5149420500 0.2912859917 -0.8062178493 -0.0284495801 0.9341720343 0.3556869030 0.8567528129 0.2060946971 -0.4727574885
-68.1 -150.3 2517.6 0 0 0 0 0 0 0 0 0
-57.4 -56.0 2580.0 0 0 0 0 0 0 0 0 0
-429.9 -795.6 2436.5 0 0 0 0 0 0 0 0 0
-324.4 -824.5 2621.0 0 0 0 0 0 0 0 0 0
-81.1 447.8 2527.4 7 0.6347392201 0.4215254784 -0.6476283073 -0.1462923139 0.8885038495 0.4349246919 0.7587520480 -0.1813207120 0.6256341934
-165.1 270.6 2563.6 0.6347392201 0.4215254784 -0.6476283073 -0.1462923139 0.8885038495 0.4349246919 0.7587520480 -0.1813207120 0.6256341934
-245.1 95.5 2600.1 0.6401378512 0.4083296061 -0.6507614851 -0.1346989125 0.8935906291 0.4281962514 0.7563595176 -0.1864477545 0.6270226836
-256.3 289.7 2455.8 0.0516881384 0.2763725221 -0.9596596360 0.9986624718 -0.0131036034 0.0500151627 0.0012478166 -0.9609612823 -0.2766801715
-269.5 34.0 2455.5 -0.7317336798 0.2763725221 -0.6230441928 0.6453655362 -0.0131036034 -0.7637615204 -0.2192468047 -0.9609612823 -0.1687729508
-74.0 251.4 2671.3 0.0661258399 0.9977263808 0.0130153308 -0.9922732115 0.0643808618 0.1060610637 0.1049819887 -0.0199281406 0.9942744374
-55.9 -19.9 2700.0 0.0015306725 0.9977263808 0.0673771724 -0.3172645271 0.0643808618 -0.9461492300 -0.9483358264 -0.0199281406 0.3166417480
-384.6 -59.2 2567.3 -0.9204113483 -0.0266217068 -0.3900438547 -0.0447834544 0.9982910752 0.0375419036 0.3883778453 0.0520215072 -0.9200306535
-374.2 -450.1 2546.9 -0.9125294685 0.1513693184 -0.3799700737 0.0161761865 0.9416270256 0.3362690806 0.4086908996 0.3007090092 -0.8617110252
-269.0 -85.0 2703.8 -0.5318604708 -0.1258521378 -0.8374280334 -0.0689912140 0.9920474291 -0.1052718386 0.8440169692 0.0017852484 -0.5363134742
-219.8 -473.5 2703.1 -0.5302449465 0.2571707666 -0.8079006672 -0.0630597249 0.9382861257 0.3400626779 0.8454961777 0.2312625051 -0.4813043773
-62.9 -148.2 2517.4 0 0 0 0 0 0 0 0 0
-55.7 -59.5 2581.5 0 0 0 0 0 0 0 0 0
-429.8 -795.9 2436.5 0 0 0 0 0 0 0 0 0
-316.5 -826.4 2616.2 0 0 0 0 0 0 0 0 0
-88.2 445.2 2528.3 8 0.6214306951 0.3997212946 -0.6738299131 -0.1243908256 0.8994879127 0.4188656211 0.7735313773 -0.1764777005 0.6086910963
-167.6 266.5 2563.4 0.6214306951 0.3997212946 -0.6738299131 -0.1243908256 0.8994879127 0.4188656211 0.7735313773 -0.1764777005 0.6086910963
-245.2 90.4 2599.7 0.6248229146 0.3966987729 -0.6724778414 -0.1167301610 0.8990874887 0.4219191074 0.7719911933 -0.1851262599 0.6080771685
-256.5 283.1 2453.4 0.0570033267 0.2532891333 -0.9657096863 0.9982194901 -0.0314768441 0.0506664589 -0.0175642297 -0.9668784142 -0.2546324134
-270.6 36.9 2457.8 -0.7178279757 0.2532891333 -0.6485118866 0.6639019251 -0.0314768441 -0.7471569180 -0.2096598297 -0.9668784142 -0.1455641836
-78.6 249.9 2673.4 0.0811730549 0.9966306686 -0.0117597403 -0.9899933338 0.0819876716 0.1148529574 0.1154301241 0.0023190991 0.9933128953
-56.4 -20.8 2704.9 0.0289649200 0.9966306686 0.0767358467 -0.3253591359 0.0819876716 -0.9420294166 -0.9451467991 0.0023190991 0.3266376555
-382.9 -67.3 2568.3 -0.9285716414 -0.0219020061 -0.3705064058 -0.0462147593 0.9973114133 0.0568697229 0.3682647049 0.0699304789 -0.9270873070
-374.3 -457.8 2540.9 -0.9187937975 0.1570408791 -0.3621547520 0.0311931614 0.9434725642 0.3299795687 0.3935033679 0.2918864489 -0.8717553616
-267.2 -91.6 2705.0 -0.5501341224 -0.1051673144 -0.8284276128 -0.0689860359 0.9943707585 -0.0804219097 0.8322219849 0.0129071055 -0.5542923808
-226.0 -481.0 2699.9 -0.5438082218 0.2446332276 -0.8027622104 -0.0437658690 0.9470006227 0.3182362616 0.8380675316 0.2081930935 -0.5042801499
-68.2 -150.3 2516.9 0 0 0 0 0 0 0 0 0
-52.8 -61.4 2586.9 0 0 0 0 0 0 0 0 0
-430.5 -795.2 2436.5 0 0 0 0 0 0 0 0 0
-318.0 -837.3 2621.6 0 0 0 0 0 0 0 0 0
-95.5 445.8 2528.3 9 0.5755996108 0.3975216150 -0.7146059275 -0.0936442688 0.9001825452 0.4253259003 0.8123520613 -0.1778986752 0.5553703308
-174.2 267.5 2563.5 0.5755996108 0.3975216150 -0.7146059275 -0.0936442688 0.9001825452 0.4253259003 0.8123520613 -0.1778986752 0.5553703308
-250.6 90.7 2599.5 0.5793015957 0.3896763921 -0.7159343362 -0.0851669386 0.9024537802 0.4222839773 0.8106517792 -0.1836558282 0.5559804440
-256.6 279.6 2448.2 0.0541613400 0.2236339301 -0.9731671810 0.9978508353 -0.0481187478 0.0444774106 -0.0368809290 -0.9734846950 -0.2257594913
-269.9 35.8 2457.2 -0.7088907957 0.2236339301 -0.6689257622 0.6774408817 -0.0481187478 -0.7340016365 -0.1963355392 -0.9734846950 -0.1173878312
