253.4 367.8 2499.4 6 0.4972955883 0.7007103562 -0.5115683079 -0.4120287299 0.7096573710 0.5715057254 0.7634981871 -0.0734264329 0.6416222453
113.7 226.3 2514.1 0.4972955883 0.7007103562 -0.5115683079 -0.4120287299 0.7096573710 0.5715057254 0.7634981871 -0.0734264329 0.6416222453
-20.9 80.8 2529.1 0.5128242970 0.6770439744 -0.5278472304 -0.3957790136 0.7320662141 0.5544708967 0.7618203163 -0.0754353032 0.6433811188
41.5 282.0 2406.9 0.0170736462 0.4060469270 -0.9136927128 0.9294342995 0.3304329813 0.1642128974 0.3685923517 -0.8520210981 -0.3717522621
36.9 28.3 2306.3 -0.8375755548 0.4060469270 -0.3655038476 0.5074630976 0.3304329813 -0.7957984805 -0.2023570091 -0.8520210981 -0.4828164279
185.8 170.6 2621.2 0.1163854226 0.9842506647 -0.1330604404 -0.7985574007 0.1723919362 0.5767036676 0.5905594826 0.0391364954 0.8060445786
226.0 -104.9 2825.0 0.0199370664 0.9842506647 0.1756506711 0.1117254496 0.1723919362 -0.9786717892 -0.9935390949 0.0391364954 -0.1065288559
-201.5 -35.4 2469.0 0.6027627587 0.0015606963 -0.7979189157 0.0414617509 0.9985858798 0.0332741700 0.7968425155 -0.0531395450 0.6018456817
-202.1 -432.2 2490.1 0.5992487073 0.0667083710 -0.7977787852 -0.0941807330 0.9954766631 0.0124958809 0.7950037718 0.0676472485 0.6028207541
-107.7 -107.7 2609.0 0.2458579093 -0.2213527262 -0.9436932206 0.0587432198 0.9751893282 -0.2134362459 0.9675242305 -0.0029605897 0.2527609766
-19.7 -495.2 2610.2 0.2401493490 0.1131821498 -0.9641152024 0.0056531932 0.9929997325 0.1179811954 0.9707195163 -0.0337834358 0.2378284037
264.5 -109.6 2361.3 0 0 0 0 0 0 0 0 0
231.4 -74.9 2557.9 0 0 0 0 0 0 0 0 0
-224.1 -760.5 2467.8 0 0 0 0 0 0 0 0 0
-45.9 -725.1 2618.0 0 0 0 0 0 0 0 0 0
258.3 368.3 2498.1 7 0.5228999853 0.7057223320 -0.4780497849 -0.4504640996 0.7049068809 0.5478944778 0.7236419320 -0.0711497813 0.6864984035
117.0 227.1 2512.4 0.5228999853 0.7057223320 -0.4780497849 -0.4504640996 0.7049068809 0.5478944778 0.7236419320 -0.0711497813 0.6864984035
-18.4 82.3 2526.5 0.5391196609 0.6812106967 -0.4952796698 -0.4336993396 0.7286385894 0.5300855637 0.7219798565 -0.0709770620 0.6882640123
41.3 288.0 2410.9 -0.0051415050 0.3957301974 -0.9183524251 0.9323477745 0.3339142799 0.1386682093 0.3615261912 -0.8555108905 -0.3706749976
42.8 21.5 2307.6 -0.8361566663 0.3957301974 -0.3797889948 0.5162491798 0.3339142799 -0.7886621952 -0.1852804720 -0.8555108905 -0.4835000336
192.7 166.2 2613.8 0.1309958249 0.9869391918 -0.0937607363 -0.8251582384 0.1609644890 0.5414834023 0.5495033860 0.0064353771 0.8354666829
237.9 -118.2 2803.1 -0.0189576019 0.9869391918 0.1599737257 0.1557219326 0.1609644890 -0.9745979309 -0.9876189828 0.0064353771 -0.1567395777
-202.5 -28.4 2474.2 0.6351802349 -0.0037576333 -0.7723547816 0.0318465866 0.9992651939 0.0213288646 0.7717071176 -0.0381445400 0.6348331571
-201.0 -425.6 2489.3 0.6312581897 0.0708219931 -0.7723324299 -0.0907124206 0.9957292080 0.0171643272 0.7702495456 0.0592250228 0.6349866390
-108.4 -101.1 2613.9 0.2764965296 -0.2258260548 -0.9341050386 0.0543650202 0.9741175175 -0.2194072008 0.9594759345 0.0098826885 0.2816171646
-18.6 -488.3 2610.0 0.2711141706 0.1153436452 -0.9556112885 0.0051868362 0.9926047325 0.1212803572 0.9625332355 -0.0378374234 0.2685109377
270.5 -119.0 2358.1 0 0 0 0 0 0 0 0 0
232.8 -76.4 2538.0 0 0 0 0 0 0 0 0 0
-225.0 -762.5 2469.3 0 0 0 0 0 0 0 0 0
-46.1 -724.9 2619.0 0 0 0 0 0 0 0 0 0
262.3 367.5 2488.9 8 0.5296953917 0.7141227126 -0.4576587677 -0.4425182939 0.6929906607 0.5691586137 0.7236022949 -0.0989583135 0.6830863357
119.2 228.7 2508.8 0.5296953917 0.7141227126 -0.4576587677 -0.4425182939 0.6929906607 0.5691586137 0.7236022949 -0.0989583135 0.6830863357
-17.8 85.9 2527.1 0.5432642102 0.6894314289 -0.4791120291 -0.4288729429 0.7184841633 0.5475842953 0.7217562199 -0.0920047536 0.6860051751
42.8 289.0 2407.3 0.0379041433 0.3429998457 -0.9385703802 0.9402797222 0.3057196438 0.1496981829 0.3382858634 -0.8881928921 -0.3109277785
32.2 26.4 2312.8 -0.8268578649 0.3429998457 -0.4457097352 0.5469274521 0.3057196438 -0.7793624997 -0.1310590059 -0.8881928921 -0.4403827190
195.6 168.4 2610.2 0.1284499019 0.9888262153 -0.0756525844 -0.8175997138 0.1487636566 0.5562374592 0.5612765551 -0.0095951166 0.8275727034
239.9 -113.6 2803.8 -0.0306338519 0.9888262153 0.1458912641 0.1397867948 0.1487636566 -0.9789428115 -0.9897076488 -0.0095951166 -0.1427820623
-203.2 -22.9 2474.5 0.6459133625 -0.0055812290 -0.7633903027 0.0295685902 0.9994058013 0.0177115630 0.7628378272 -0.0340125114 0.6456946135
-201.0 -420.2 2488.0 0.6423059702 0.0685284063 -0.7633786201 -0.0874242634 0.9960449934 0.0158561543 0.7614460588 0.0565533116 0.6457566619
-104.5 -102.3 2606.8 0.2866149247 -0.2196632326 -0.9325234294 0.0822098106 0.9754087329 -0.2044976801 0.9545121193 -0.0180504881 0.2976251841
-17.2 -489.9 2613.9 0.2765562832 0.1225649342 -0.9531497359 -0.0086464835 0.9921107292 0.1250661314 0.9609588385 -0.0263464283 0.2754341960
257.2 -122.5 2348.5 0 0 0 0 0 0 0 0 0
231.7 -76.0 2537.9 0 0 0 0 0 0 0 0 0
-224.4 -760.2 2468.7 0 0 0 0 0 0 0 0 0
-46.2 -724.6 2620.2 0 0 0 0 0 0 0 0 0
260.1 368.5 2491.9 9 0.5325172544 0.7063435316 -0.4663734138 -0.4500440359 0.7029389143 0.5507606268 0.7168582678 -0.0834009796 0.6922127604
119.2 228.3 2508.5 0.5325172544 0.7063435316 -0.4663734138 -0.4500440359 0.7029389143 0.5507606268 0.7168582678 -0.0834009796 0.6922127604
-16.9 84.4 2525.7 0.5486531258 0.6845117211 -0.4800244272 -0.4334911406 0.7238629460 0.5367568135 0.7148882151 -0.0864069834 0.6938794255
42.0 289.3 2407.9 0.0246620849 0.3716350496 -0.9280512929 0.9431670308 0.2990962565 0.1448358744 0.3314027488 -0.8788793087 -0.3431375921
35.0 22.2 2314.1 -0.8234720826 0.3716350496 -0.4286969602 0.5433490276 0.2990962565 -0.7844190598 -0.1632959694 -0.8788793087 -0.4482249618
196.4 167.3 2609.1 0.1358787864 0.9877935052 -0.0761641786 -0.8229814768 0.1553392559 0.5464166999 0.5515781641 -0.0115647344 0.8340430260
243.3 -116.6 2799.3 -0.0352482460 0.9877935052 0.1517286599 0.1505891234 0.1553392559 -0.9763158560 -0.9879678488 -0.0115647344 -0.1542263925
-204.6 -17.6 2479.2 0.6484257579 -0.0142914085 -0.7611437440 0.0340159424 0.9993690848 0.0102141295 0.7605175376 -0.0325141251 0.6485027671
-198.9 -414.9 2492.1 0.6442615390 0.0743817911 -0.7611796260 -0.0996081382 0.9949429035 0.0129167158 0.7582910061 0.0674979389 0.6484124660
-105.0 -96.2 2611.5 0.2909832895 -0.2187297493 -0.9313892722 0.0673669651 0.9757830501 -0.2081085891 0.9543533921 -0.0021887531 0.2986717224
-18.1 -484.0 2612.4 0.2826600969 0.1190516353 -0.9518035650 -0.0090395659 0.9925546646 0.1214642748 0.9591775537 -0.0257292148 0.2816317677
260.4 -126.5 2358.8 0 0 0 0 0 0 0 0 0
233.8 -76.1 2533.8 0 0 0 0 0 0 0 0 0
-224.7 -758.9 2468.8 0 0 0 0 0 0 0 0 0
-46.7 -722.5 2618.6 0 0 0 0 0 0 0 0 0
263.7 369.7 2492.8 0 0.5417961478 0.7063986659 -0.4554754496 -0.4719720483 0.7040929794 0.5305614471 0.6954849958 -0.0724844560 0.7148752809
122.3 228.8 2507.3 0.5417961478 0.7063986659 -0.4554754496 -0.4719720483 0.7040929794 0.5305614471 0.6954849958 -0.0724844560 0.7148752809
-13.2 84.0 2521.7 0.5591951013 0.6813216805 -0.4723363519 -0.4540119171 0.7283840775 0.5131567717 0.6936670542 -0.0725084320 0.7166369557
43.6 292.6 2409.8 0.0760188028 0.3821665049 -0.9209613800 0.9393993020 0.2822081447 0.1946471483 0.3342904150 -0.8799473643 -0.3375538290
22.1 27.3 2315.4 -0.7957291603 0.3821665049 -0.4698551893 0.5846575499 0.2822081447 -0.7606142759 -0.1580843627 -0.8799473643 -0.4479977787
201.0 165.0 2604.9 0.1453724504 0.9871302843 -0.0666383281 -0.8394863605 0.1587117463 0.5196856856 0.5235737562 -0.0196060073 0.8517547250
251.1 -124.5 2785.4 -0.0486737974 0.9871302843 0.1523308158 0.1813997924 0.1587117463 -0.9705177546 -0.9822041392 -0.0196060073 -0.1867903322
-203.3 -19.7 2477.3 0.6580178142 -0.0141520780 -0.7528693676 0.0282052271 0.9995849729 0.0058620228 0.7524738908 -0.0250921659 0.6581438780
-197.6 -417.1 2487.3 0.6531683803 0.0797477737 -0.7530015707 -0.0947591886 0.9952297211 0.0232053269 0.7512601018 0.0561968312 0.6576094031
-102.6 -99.2 2608.4 0.2947243452 -0.2120756507 -0.9317518473 0.0769463032 0.9771624804 -0.1980725080 0.9524793029 -0.0133180665 0.3043120205
-18.3 -487.6 2613.7 0.2853598893 0.1192316860 -0.9509750605 -0.0102175279 0.9925536513 0.1213787645 0.9583659768 -0.0249200184 0.2844532728
240.4 -133.0 2358.7 0 0 0 0 0 0 0 0 0
238.0 -75.8 2521.5 0 0 0 0 0 0 0 0 0
-224.9 -757.7 2468.0 0 0 0 0 0 0 0 0 0
-46.7 -723.5 2619.6 0 0 0 0 0 0 0 0 0
263.0 368.2 2494.8 1 0.5419992208 0.7095385194 -0.4503242075 -0.4644995034 0.6994999647 0.5430838466 0.7003406286 -0.0851756558 0.7087087631
120.9 228.1 2511.9 0.5419992208 0.7095385194 -0.4503242075 -0.4644995034 0.6994999647 0.5430838466 0.7003406286 -0.0851756558 0.7087087631
-15.2 84.3 2528.1 0.5575660467 0.6849536896 -0.4689974189 -0.4486091137 0.7239823341 0.5240224004 0.6984769106 -0.0817805678 0.7109444141
42.5 291.2 2413.6 0.1056181416 0.3533538282 -0.9295083880 0.9341323376 0.2852280438 0.2145733535 0.3409421742 -0.8909466863 -0.2999539673
13.2 32.3 2319.1 -0.7597684860 0.3533538282 -0.5457956791 0.6431525350 0.2852280438 -0.7106333971 -0.0954287797 -0.8909466863 -0.4439676702
199.4 165.0 2610.1 0.1417120099 0.9878875613 -0.0632133707 -0.8339192867 0.1535453945 0.5300965905 0.5333819389 -0.0224062037 0.8455777168
248.3 -122.6 2794.1 -0.0487399288 0.9878875613 0.1473181695 0.1699586660 0.1535453945 -0.9734155536 -0.9842451215 -0.0224062037 -0.1753838360
-199.9 -19.1 2472.5 0.6589426994 -0.0039564259 -0.7521827221 0.0279438403 0.9994246364 0.0192230437 0.7516738772 -0.0336857587 0.6586741209
-198.3 -416.4 2485.9 0.6547808647 0.0739594996 -0.7521914244 -0.0868013576 0.9959744811 0.0223691817 0.7508178949 0.0506443232 0.6585648060
-97.3 -102.3 2599.7 0.2946618497 -0.1977303773 -0.9349209070 0.0935072824 0.9796293974 -0.1777150035 0.9510156512 -0.0350560807 0.3071486354
-18.8 -491.6 2613.6 0.2836472094 0.1188935861 -0.9515296221 -0.0118916165 0.9926438332 0.1204859614 0.9588549733 -0.0228602793 0.2829744816
221.1 -143.6 2345.2 0 0 0 0 0 0 0 0 0
235.2 -77.0 2529.6 0 0 0 0 0 0 0 0 0
-223.9 -760.3 2468.4 0 0 0 0 0 0 0 0 0
-46.7 -724.8 2619.0 0 0 0 0 0 0 0 0 0
262.3 366.0 2495.8 2 0.4990914166 0.7179458141 -0.4852438569 -0.4204629064 0.6902748942 0.5888391137 0.7577062249 -0.0898574963 0.6463798881
119.7 228.8 2513.6 0.4990914166 0.7179458141 -0.4852438569 -0.4204629064 0.6902748942 0.5888391137 0.7577062249 -0.0898574963 0.6463798881
-17.9 86.4 2531.4 0.5160511136 0.6918848157 -0.5049620271 -0.4035413563 0.7163834572 0.5691652894 0.7555432320 -0.0899453163 0.6488946080
47.2 285.3 2407.7 0.1512388587 0.3302246034 -0.9317073226 0.9317873716 0.2670339942 0.2458965927 0.3299986422 -0.9053422213 -0.2673131824
7.0 37.8 2320.0 -0.7302691936 0.3302246034 -0.5980456471 0.6799829602 0.2670339942 -0.6828733087 -0.0658030435 -0.9053422213 -0.4195538163
192.1 172.3 2619.6 0.1068945602 0.9885803461 -0.1062189937 -0.7985988259 0.1490066200 0.5831268430 0.5922950506 0.0224932786 0.8054071069
228.8 -102.5 2823.4 0.0065631662 0.9885803461 0.1505518109 0.1065491512 0.1490066200 -0.9830790162 -0.9942857623 0.0224932786 -0.1043544412
-202.6 -18.5 2480.3 0.6168560386 -0.0107588442 -0.7870024443 0.0181129184 0.9998357892 0.0005285697 0.7868675590 -0.0145809622 0.6169496179
-198.3 -415.9 2486.1 0.6126090884 0.0727148354 -0.7870340943 -0.0867239386 0.9959307909 0.0245111026 0.7856138349 0.0532389730 0.6164223552
-100.3 -100.8 2608.4 0.2595262825 -0.2057133615 -0.9435719848 0.0687380731 0.9785063267 -0.1944234073 0.9632866383 -0.0144013371 0.2680884302
-18.5 -489.7 2614.1 0.2507039309 0.1184008643 -0.9607958794 -0.0122839939 0.9928014874 0.1191396713 0.9679858685 -0.0180663727 0.2503536642
207.2 -148.6 2338.1 0 0 0 0 0 0 0 0 0
230.6 -73.9 2557.0 0 0 0 0 0 0 0 0 0
-223.4 -760.0 2467.7 0 0 0 0 0 0 0 0 0
-46.5 -724.3 2618.4 0 0 0 0 0 0 0 0 0
261.8 366.6 2494.3 3 0.4729655087 0.7199167609 -0.5079600811 -0.3982874751 0.6889461279 0.6055743694 0.7859203219 -0.0841016695 0.6125816107
119.1 230.1 2510.9 0.4729655087 0.7199167609 -0.5079600811 -0.3982874751 0.6889461279 0.6055743694 0.7859203219 -0.0841016695 0.6125816107
-19.2 88.3 2527.9 0.4887399077 0.6958143115 -0.5262848139 -0.3826656640 0.7130894661 0.5874269605 0.7840282321 -0.0857078731 0.6147795320
50.5 283.7 2400.9 0.1840329468 0.3040362298 -0.9347159266 0.9343102574 0.2412438840 0.2624227703 0.3052805364 -0.9216091037 -0.2396673560
2.2 38.5 2320.8 -0.7209431529 0.3040362298 -0.6227383018 0.6906417608 0.2412438840 -0.6817736626 -0.0570520982 -0.9216091037 -0.3839032650
187.8 176.4 2621.0 0.0850524902 0.9873944521 -0.1334850490 -0.7817425728 0.1491938531 0.6054913402 0.6177738905 0.0528524034 0.7845776081
217.1 -92.8 2833.7 0.0414245464 0.9873944521 0.1527618766 0.0786937401 0.1491938531 -0.9856715798 -0.9960377812 0.0528524034 -0.0715214685
-202.8 -19.1 2480.2 0.5892709494 -0.0110523375 -0.8078598380 0.0231592823 0.9997265935 0.0032156289 0.8076034784 -0.0206043329 0.5893658400
-198.4 -416.5 2488.3 0.5844542980 0.0755788758 -0.8078991175 -0.0922627077 0.9953854084 0.0263730548 0.8061642051 0.0591251142 0.5887303948
-108.3 -92.8 2618.3 0.2362084091 -0.2299603671 -0.9440994859 0.0491860434 0.9731773138 -0.2247369587 0.9704567790 0.0066482420 0.2411835045
-17.0 -479.4 2615.6 0.2281514704 0.1212994456 -0.9660400152 -0.0215361118 0.9925948977 0.1195475459 0.9733874202 -0.0064702029 0.2290742993
200.5 -151.5 2336.5 0 0 0 0 0 0 0 0 0
228.2 -71.7 2566.6 0 0 0 0 0 0 0 0 0
-224.3 -758.4 2468.0 0 0 0 0 0 0 0 0 0
-46.8 -723.6 2617.2 0 0 0 0 0 0 0 0 0
262.5 365.8 2495.0 4 0.4967286289 0.7146328092 -0.4925044477 -0.4156392515 0.6940311790 0.5878475308 0.7619085908 -0.0872965232 0.6417745948
122.2 229.6 2512.2 0.4967286289 0.7146328092 -0.4925044477 -0.4156392515 0.6940311790 0.5878475308 0.7619085908 -0.0872965232 0.6417745948
-14.9 86.8 2529.8 0.5135067701 0.6898604035 -0.5102973580 -0.3987658918 0.7184277773 0.5699537396 0.7598003149 -0.0891859457 0.6440103650
50.1 285.6 2405.5 0.1812273711 0.2876404822 -0.9404358864 0.9367240667 0.2407445461 0.2541458905 0.2995074391 -0.9269870520 -0.2258102447
3.2 42.9 2327.9 -0.6643592119 0.2876404822 -0.6898476481 0.7473160028 0.2407445461 -0.6193228960 -0.0120652728 -0.9269870520 -0.3748991787
194.4 173.6 2618.9 0.1070890501 0.9878303409 -0.1127968729 -0.7957606316 0.1531713605 0.5859211087 0.5960679054 0.0270135775 0.8024795055
231.3 -100.6 2824.2 0.0112906387 0.9878303409 0.1551248580 0.1026042998 0.1531713605 -0.9828585386 -0.9946581721 0.0270135775 -0.0996262431
-202.3 -18.4 2473.1 0.6126795411 -0.0122111412 -0.7902370691 0.0250672009 0.9996778369 0.0039873547 0.7899338007 -0.0222520027 0.6127882600
-197.4 -415.9 2482.0 0.6080272198 0.0765005499 -0.7902218699 -0.0784669444 0.9962639213 0.0360717624 0.7900290489 0.0400736816 0.6117582917
-112.8 -88.4 2616.6 0.2575387955 -0.2391824424 -0.9361974001 0.0569223464 0.9709524512 -0.2324029803 0.9645898938 0.0065622311 0.2636727393
-17.7 -474.3 2614.0 0.2499185205 0.1167465150 -0.9612028599 -0.0132340752 0.9930236340 0.1171704903 0.9681764245 -0.0165624432 0.2497200221
185.5 -162.2 2331.2 0 0 0 0 0 0 0 0 0
234.3 -73.0 2557.3 0 0 0 0 0 0 0 0 0
-223.8 -759.6 2468.2 0 0 0 0 0 0 0 0 0
-46.9 -722.4 2618.2 0 0 0 0 0 0 0 0 0
255.9 361.6 2487.4 5 0.5009494424 0.7121940255 -0.4917614162 -0.3943546712 0.6936174035 0.6028094888 0.7704116106 -0.1080486849 0.6283243299
115.5 224.8 2508.7 0.5009494424 0.7121940255 -0.4917614162 -0.3943546712 0.6936174035 0.6028094888 0.7704116106 -0.1080486849 0.6283243299
-20.6 81.6 2530.9 0.5200465918 0.6845504642 -0.5108250380 -0.3750223815 0.7203284502 0.5835110545 0.7674045563 -0.1118821129 0.6313260794
42.3 277.5 2400.9 0.1542804092 0.2987995744 -0.9417623878 0.9435297847 0.2382729650 0.2301684916 0.2931707501 -0.9240913391 -0.2451654375
5.1 49.9 2330.2 -0.6237423420 0.2987995744 -0.7222633362 0.7816300392 0.2382729650 -0.5764377713 -0.0001435239 -0.9240913391 -0.3821716607
188.6 172.1 2616.6 0.1158838496 0.9867987633 -0.1131333783 -0.7787042260 0.1609672010 0.6063903570 0.6165959835 0.0178265944 0.7870778441
228.5 -96.3 2829.1 0.0055961851 0.9867987633 0.1618545949 0.0761166885 0.1609672010 -0.9840202332 -0.9970831871 0.0178265944 -0.0742110536
-199.1 -19.6 2477.9 0.6169624925 -0.0027314450 -0.7869878411 0.0094937468 0.9999470711 0.0039720880 0.7869352698 -0.0099220918 0.6169557571
-198.0 -417.1 2481.9 0.6128185987 0.0742101073 -0.7867313623 -0.0780386105 0.9963973761 0.0331997015 0.7863608599 0.0410500318 0.6164020896
-105.0 -92.5 2617.1 0.2693620026 -0.2154508531 -0.9386293292 0.0534836762 0.9764959812 -0.2087942660 0.9615527391 0.0060398909 0.2745540142
-19.4 -480.6 2614.7 0.2634269595 0.1100516096 -0.9583813548 -0.0041040936 0.9935902953 0.1129665971 0.9646705985 -0.0258251615 0.2621901631
176.6 -165.0 2330.2 0 0 0 0 0 0 0 0 0
230.0 -75.9 2561.3 0 0 0 0 0 0 0 0 0
-223.5 -759.0 2467.8 0 0 0 0 0 0 0 0 0
-46.5 -725.2 2621.0 0 0 0 0 0 0 0 0 0
259.0 363.8 2492.6 6 0.4625676572 0.7100856900 -0.5308572650 -0.3651411533 0.6982102990 0.6157712936 0.8079004288 -0.0909980386 0.5822510123
119.0 226.1 2510.5 0.4625676572 0.7100856900 -0.5308572650 -0.3651411533 0.6982102990 0.6157712936 0.8079004288 -0.0909980386 0.5822510123
-17.9 83.4 2530.7 0.4804303050 0.6887819767 -0.5429236889 -0.3470593393 0.7178223729 0.6035568118 0.8054418564 -0.1015402377 0.5839118361
51.5 274.9 2397.5 0.1596605331 0.2755185664 -0.9479441047 0.9487399459 0.2225039452 0.2244650126 0.2727655768 -0.9351906180 -0.2258703560
12.6 43.2 2330.9 -0.6032292843 0.2755185664 -0.7484677434 0.7974772453 0.2225039452 -0.5608226657 0.0120199705 -0.9351906180 -0.3539406657
186.4 177.4 2623.6 0.0842745826 0.9845801592 -0.1532959640 -0.7570534945 0.1632960141 0.6326171160 0.6478948593 0.0627397001 0.7591415644
215.5 -83.4 2846.8 0.0566099137 0.9845801592 0.1655209213 0.0419289358 0.1632960141 -0.9856857657 -0.9975155592 0.0627397001 -0.0320382267
-204.4 -27.1 2482.8 0.5762230158 -0.0148636093 -0.8171573281 0.0024731730 0.9998617768 -0.0164429229 0.8172887564 0.0074538197 0.5761801004
-198.5 -424.6 2479.9 0.5723857880 0.0742302909 -0.8166176081 -0.0688104331 0.9967295527 0.0423716158 0.8170921803 0.0319388993 0.5756216645
-109.0 -95.8 2623.4 0.2317205667 -0.2256506830 -0.9462490678 0.0345966965 0.9740206003 -0.2238011658 0.9721670151 0.0191222392 0.2335073650
-19.3 -483.0 2615.8 0.2265148908 0.1136731729 -0.9673517346 -0.0132044973 0.9934335351 0.1136460751 0.9739181995 -0.0129691344 0.2265284806
178.7 -176.4 2327.6 0 0 0 0 0 0 0 0 0
230.6 -72.1 2579.2 0 0 0 0 0 0 0 0 0
-223.5 -760.8 2469.1 0 0 0 0 0 0 0 0 0
-47.0 -724.9 2619.0 0 0 0 0 0 0 0 0 0
255.0 361.1 2485.2 7 0.4536850154 0.7117007971 -0.5363318920 -0.3335672021 0.6937035322 0.6383637786 0.8263793588 -0.1107133552 0.5521229506
115.3 224.9 2506.9 0.4536850154 0.7117007971 -0.5363318920 -0.3335672021 0.6937035322 0.6383637786 0.8263793588 -0.1107133552 0.5521229506
-21.9 83.0 2529.5 0.4669476151 0.6905012727 -0.5524200797 -0.3202492595 0.7143507600 0.6222084761 0.8242574334 -0.1136266515 0.5546969175
49.7 269.9 2391.1 0.1283880770 0.2774961889 -0.9521094561 0.9597001672 0.2072368711 0.1898116916 0.2499841899 -0.9381091595 -0.2397063971
18.8 38.8 2330.9 -0.5872468948 0.2774961889 -0.7603531480 0.8093918562 0.2072368711 -0.5494886041 0.0050922055 -0.9381091595 -0.3463023603
181.0 180.0 2622.7 0.0736362711 0.9833742976 -0.1659900546 -0.7351033092 0.1659984440 0.6573185325 0.6739442348 0.0736173391 0.7351051569
206.3 -73.3 2854.9 0.0731229857 0.9833742976 0.1662168056 0.0090961251 0.1659984440 -0.9860840440 -0.9972814322 0.0736173391 0.0031934069
-198.7 -27.5 2477.1 0.5627741814 0.0004676746 -0.8266105652 0.0044325776 0.9999837279 0.0035835586 0.8265987635 -0.0056807497 0.5627629757
-198.9 -425.0 2479.4 0.5588388443 0.0740543306 -0.8259631395 -0.0691303089 0.9966981411 0.0425891988 0.8263898492 0.0332985893 0.5621130466
-110.8 -91.1 2624.5 0.2239928395 -0.2280393988 -0.9475364089 0.0304709766 0.9734035730 -0.2270615548 0.9741143584 0.0219878014 0.2249840200
-20.1 -478.0 2615.8 0.2188773304 0.1101199538 -0.9695186019 -0.0180770420 0.9938983917 0.1088080108 0.9755849242 -0.0062895790 0.2195324749
180.7 -184.3 2329.5 0 0 0 0 0 0 0 0 0
226.0 -70.9 2587.3 0 0 0 0 0 0 0 0 0
-223.8 -759.6 2468.2 0 0 0 0 0 0 0 0 0
-47.2 -722.2 2617.3 0 0 0 0 0 0 0 0 0
253.1 362.3 2482.0 8 0.4524730146 0.7098146677 -0.5398437977 -0.3186583221 0.6940814257 0.6455290914 0.8329015970 -0.1200587675 0.5402414799
113.1 225.4 2505.7 0.4524730146 0.7098146677 -0.5398437977 -0.3186583221 0.6940814257 0.6455290914 0.8329015970 -0.1200587675 0.5402414799
-23.9 83.5 2530.3 0.4657734036 0.6889072657 -0.5553934574 -0.3052670956 0.7141930461 0.6298732162 0.8305823803 -0.1238348335 0.5429528356
47.6 268.3 2388.9 0.0913734138 0.3207258880 -0.9427543879 0.9649164081 0.2054920942 0.1634299904 0.2461448014 -0.9246122837 -0.2906971574
25.1 30.9 2328.3 -0.5866801143 0.3207258880 -0.7436002493 0.8094747663 0.2054920942 -0.5500214696 -0.0236021578 -0.9246122837 -0.3801776469
178.6 182.5 2622.4 0.0741990209 0.9826939106 -0.1697268635 -0.7234514952 0.1701838523 0.6690705419 0.6863762736 0.0731447786 0.7235588431
204.2 -67.0 2859.1 0.0754850283 0.9826939106 0.1691588461 -0.0073129390 0.1701838523 -0.9853851795 -0.9971201420 0.0731447786 0.0200327132
-202.0 -29.7 2476.5 0.5607874393 -0.0070952657 -0.8279293776 0.0105390297 0.9999434352 -0.0014309300 0.8278927207 -0.0079231244 0.5608305335
-199.2 -427.2 2479.7 0.5565596223 0.0740684718 -0.8274993896 -0.0724441037 0.9965508580 0.0404756032 0.8276432157 0.0374203660 0.5600057840
-116.4 -88.3 2627.5 0.2256660759 -0.2423113734 -0.9435889125 0.0302942581 0.9698505402 -0.2418102175 0.9737336040 0.0259830393 0.2262030095
-20.1 -473.9 2617.2 0.2209531516 0.1094721630 -0.9691210389 -0.0145528857 0.9939398766 0.1089577451 0.9751758575 -0.0099710496 0.2212072760
186.9 -192.4 2334.8 0 0 0 0 0 0 0 0 0
224.5 -68.9 2591.2 0 0 0 0 0 0 0 0 0
-223.8 -758.6 2467.2 0 0 0 0 0 0 0 0 0
-47.5 -723.1 2619.7 0 0 0 0 0 0 0 0 0
253.2 369.3 2488.4 9 0.4885360301 0.6957144141 -0.5266060829 -0.3673958480 0.7114369273 0.5990641117 0.7914245725 -0.0991915092 0.6031651497
116.2 229.2 2507.9 0.4885360301 0.6957144141 -0.5266060829 -0.3673958480 0.7114369273 0.5990641117 0.7914245725 -0.0991915092 0.6031651497
-18.9 84.8 2528.1 0.4997462034 0.6788358092 -0.5379922390 -0.3556633592 0.7271598577 0.5871474147 0.7897830606 -0.1020805538 0.6048324108
45.9 279.0 2397.2 0.0684203133 0.3474628329 -0.9351941943 0.9621000886 0.2250477076 0.1540032029 0.2639737129 -0.9102873802 -0.3188961744
28.0 27.3 2328.1 -0.5861924887 0.3474628329 -0.7318797112 0.8098297119 0.2250477076 -0.5417835116 -0.0235417727 -0.9102873802 -0.4133070111
186.4 179.4 2618.7 0.1051997840 0.9837958813 -0.1451848894 -0.7670628428 0.1731897742 0.6177539229 0.6328883171 0.0463783517 0.7728527784
222.6 -84.5 2836.4 0.0364916250 0.9837958813 0.1755391955 0.0598417632 0.1731897742 -0.9830688238 -0.9975406528 0.0463783517 -0.0525521040
-203.5 -30.5 2478.7 0.5917586088 -0.0123986537 -0.8060199022 0.0163067766 0.9998612404 -0.0034084246 0.8059502840 -0.0111266216 0.5918786526
-198.6 -428.0 2483.2 0.5870512724 0.0759349987 -0.8059805632 -0.0872751400 0.9957250357 0.0302431565 0.8048315644 0.0525877848 0.5911688805
-118.1 -86.5 2631.0 0.2449422628 -0.2547026277 -0.9354837537 0.0374892950 0.9666426778 -0.2533702254 0.9688125849 0.0269904491 0.2463202775
-16.9 -470.8 2620.3 0.2365887910 0.1227675527 -0.9638225436 -0.0352651589 0.9924165010 0.1177532151 0.9709696770 0.0061302623 0.2391240448
189.8 -196.2 2334.6 0 0 0 0 0 0 0 0 0
232.3 -68.5 2569.1 0 0 0 0 0 0 0 0 0
-223.7 -757.1 2465.8 0 0 0 0 0 0 0 0 0
-47.9 -721.5 2618.7 0 0 0 0 0 0 0 0 0
250.0 368.1 2483.1 0 0.4940978289 0.6980620027 -0.5182439089 -0.3586896062 0.7066679001 0.6098870635 0.7919653058 -0.1154551953 0.5995506644
112.2 228.6 2505.9 0.4940978289 0.6980620027 -0.5182439089 -0.3586896062 0.7066679001 0.6098870635 0.7919653058 -0.1154551953 0.5995506644
-22.4 84.2 2529.5 0.5082297325 0.6767963171 -0.5325872898 -0.3439587653 0.7264597416 0.5949357748 0.7895535827 -0.1191760004 0.6019985080
40.7 276.8 2395.0 0.0736129805 0.3231982887 -0.9434638023 0.9635714293 0.2208563089 0.1508396417 0.2571210563 -0.9201985598 -0.2951667607
22.5 37.8 2331.2 -0.5806460381 0.3231982887 -0.7472570539 0.8141112924 0.2208563089 -0.5370710492 -0.0085440092 -0.9201985598 -0.3913587332
183.7 180.3 2616.8 0.1131011546 0.9838697314 -0.1385948509 -0.7578315139 0.1756329983 0.6283665299 0.6425725818 0.0339625664 0.7654717565
222.6 -80.8 2838.2 0.0262833070 0.9838697314 0.1769451648 0.0458668172 0.1756329983 -0.9833866358 -0.9986017346 0.0339625664 -0.0405107550
-199.7 -27.2 2476.0 0.6000191569 -0.0019822528 -0.7999831438 0.0142982807 0.9998637438 0.0082467487 0.7998578548 -0.0163865909 0.5999657512
-198.9 -424.7 2482.6 0.5957770348 0.0723590404 -0.7998836637 -0.0851431042 0.9960113764 0.0266840328 0.7986240387 0.0522068441 0.5995615721
-108.1 -92.1 2620.5 0.2534360290 -0.2259190977 -0.9406012893 0.0566177256 0.9741436243 -0.2187203914 0.9656938314 0.0021769218 0.2596741021
-18.4 -479.1 2619.6 0.2428400218 0.1214679703 -0.9624314308 -0.0394249745 0.9925456047 0.1153209805 0.9692648649 0.0099392841 0.2458186597
182.7 -186.9 2333.5 0 0 0 0 0 0 0 0 0
229.7 -68.5 2570.1 0 0 0 0 0 0 0 0 0
-223.2 -759.2 2465.0 0 0 0 0 0 0 0 0 0
-47.6 -718.3 2617.2 0 0 0 0 0 0 0 0 0
248.9 369.6 2474.4 1 0.4876291752 0.6985347867 -0.5237050056 -0.3222430050 0.7015067935 0.6356474757 0.8114044666 -0.1411999613 0.5671731234
110.5 230.7 2502.4 0.4876291752 0.6985347867 -0.5237050056 -0.3222430050 0.7015067935 0.6356474757 0.8114044666 -0.1411999613 0.5671731234
-24.0 87.1 2530.7 0.5005480647 0.6760810018 -0.5407088995 -0.3088557720 0.7229458094 0.6180270910 0.8087396026 -0.1423511803 0.5706806183
40.1 274.0 2388.8 0.1217869148 0.2696290612 -0.9552319646 0.9627311826 0.2020608187 0.1797778308 0.2414882779 -0.9415262341 -0.2349719405
11.4 47.6 2332.0 -0.5908904076 0.2696290612 -0.7603608966 0.8067423105 0.2020608187 -0.5552821159 0.0039189439 -0.9415262341 -0.3369169533
180.9 187.3 2616.0 0.1081975028 0.9829243422 -0.1488387883 -0.7296989560 0.1802021116 0.6595957875 0.6751538515 0.0372408926 0.7367362976
218.2 -64.1 2848.6 0.0371395871 0.9829243422 0.1802230179 0.0039372835 0.1802021116 -0.9836217165 -0.9993023276 0.0372408926 0.0028225800
-203.6 -28.6 2480.8 0.5916405916 -0.0135720335 -0.8060875535 0.0065462929 0.9999061823 -0.0120305885 0.8061752319 0.0018408992 0.5916739702
-198.2 -426.1 2480.1 0.5875112414 0.0732772127 -0.8058914542 -0.0796164498 0.9962940812 0.0325479247 0.8052898645 0.0450399406 0.5911680460
-110.4 -91.5 2625.4 0.2568983138 -0.2224145532 -0.9404972196 0.0369581692 0.9747070074 -0.2204095125 0.9657315016 0.0218637753 0.2586206198
-22.0 -478.9 2616.8 0.2510688305 0.1041679308 -0.9623479247 -0.0231118388 0.9945543408 0.1016243771 0.9676932693 -0.0032730831 0.2521091104
174.6 -175.1 2330.9 0 0 0 0 0 0 0 0 0
228.1 -63.0 2580.4 0 0 0 0 0 0 0 0 0
-222.7 -759.9 2465.0 0 0 0 0 0 0 0 0 0
-46.9 -716.9 2617.5 0 0 0 0 0 0 0 0 0
248.3 370.5 2476.6 2 0.4825733304 0.6944471002 -0.5337285995 -0.3214266598 0.7072780728 0.6296369433 0.8147440553 -0.1322913915 0.5645273328
110.7 230.4 2502.8 0.4825733304 0.6944471002 -0.5337285995 -0.3214266598 0.7072780728 0.6296369433 0.8147440553 -0.1322913915 0.5645273328
-23.4 86.4 2530.6 0.4971601367 0.6747059822 -0.5455306172 -0.3061704040 0.7247128487 0.6172932386 0.8118444681 -0.1398682445 0.5668733716
40.8 273.4 2388.7 0.1123299971 0.2679109573 -0.9568728805 0.9639160037 0.2045093775 0.1704165637 0.2413459420 -0.9414879680 -0.2352711260
13.6 40.4 2330.3 -0.5959086418 0.2679109573 -0.7570446730 0.8030375242 0.2045093775 -0.5597380400 0.0048627751 -0.9414879680 -0.3370114565
180.7 187.4 2617.0 0.1068842784 0.9821547270 -0.1547509879 -0.7283273935 0.1832934916 0.6602596045 0.6768419147 0.0421380065 0.7349213362
217.5 -63.8 2850.4 0.0423851833 0.9821547270 0.1832364947 0.0025706931 0.1832934916 -0.9830548763 -0.9990980625 0.0421380065 0.0052441098
-204.3 -28.2 2484.8 0.5874745846 -0.0146471662 -0.8091100454 0.0009327240 0.9998477697 -0.0174228288 0.8092420697 0.0094807921 0.5873988271
-198.5 -425.7 2481.1 0.5835953355 0.0711587518 -0.8089208603 -0.0814542621 0.9962587953 0.0288732871 0.8079490662 0.0490397364 0.5872081518
-112.5 -84.7 2633.0 0.2537812293 -0.2412650585 -0.9366889596 0.0303712506 0.9699026942 -0.2415913641 0.9667847157 0.0328629389 0.2534706295
-16.6 -470.2 2619.9 0.2461217642 0.1198561341 -0.9617996812 -0.0379870161 0.9927550554 0.1139929220 0.9684942365 0.0084797600 0.2488916069
178.2 -181.3 2329.0 0 0 0 0 0 0 0 0 0
228.9 -63.1 2581.9 0 0 0 0 0 0 0 0 0
-222.2 -757.4 2464.7 0 0 0 0 0 0 0 0 0
-47.0 -721.7 2617.8 0 0 0 0 0 0 0 0 0
247.3 370.2 2477.7 3 0.4856911600 0.6949465275 -0.5302389860 -0.3182273507 0.7055369020 0.6332054138 0.8141470551 -0.1388057023 0.5638239980
109.7 230.6 2505.2 0.4856911600 0.6949465275 -0.5302389860 -0.3182273507 0.7055369020 0.6332054138 0.8141470551 -0.1388057023 0.5638239980
-24.1 86.3 2533.3 0.4987445474 0.6732002497 -0.5459444523 -0.3045708239 0.7258278728 0.6167742610 0.8114742637 -0.1413340420 0.5670398474
39.6 273.4 2391.0 0.1103011444 0.2465344667 -0.9628366232 0.9633058310 0.2119849473 0.1646336615 0.2446947545 -0.9456654191 -0.2141059041
12.4 36.3 2330.8 -0.6066768169 0.2465344667 -0.7557539344 0.7946973443 0.2119849473 -0.5687868595 0.0199828912 -0.9456654191 -0.3245266378
179.9 187.7 2619.3 0.1091448441 0.9818556905 -0.1550701857 -0.7275356054 0.1852063537 0.6605986357 0.6773325205 0.0407181457 0.7345492840
217.6 -63.2 2853.0 0.0410950631 0.9818556905 0.1851230860 0.0018048036 0.1852063537 -0.9826980233 -0.9991536140 0.0407181457 0.0058390098
-203.2 -29.6 2484.0 0.5885285735 -0.0135617908 -0.8083626628 0.0003251738 0.9998632073 -0.0165378265 0.8084763885 0.0094701247 0.5884524584
-197.8 -427.1 2480.2 0.5844607949 0.0753524676 -0.8079156280 -0.0766496807 0.9963534474 0.0374778733 0.8077935576 0.0400221236 0.5881052613
-112.0 -85.7 2632.8 0.2551251054 -0.2402916104 -0.9365741611 0.0309347175 0.9701605439 -0.2404819876 0.9664130807 0.0323803350 0.2549456656
-16.5 -471.3 2619.9 0.2470380813 0.1206570715 -0.9614645243 -0.0410370007 0.9926300645 0.1140241101 0.9681364298 0.0112873251 0.2501688302
179.9 -183.1 2325.3 0 0 0 0 0 0 0 0 0
228.6 -62.8 2584.4 0 0 0 0 0 0 0 0 0
-222.9 -758.9 2466.9 0 0 0 0 0 0 0 0 0
-46.9 -721.9 2617.1 0 0 0 0 0 0 0 0 0
245.9 372.6 2486.2 4 0.4814372361 0.6879992485 -0.5430241227 -0.3431150019 0.7180441618 0.6055449247 0.8065297604 -0.1052121669 0.5817560554
109.4 230.2 2507.1 0.4814372361 0.6879992485 -0.5430241227 -0.3431150019 0.7180441618 0.6055449247 0.8065297604 -0.1052121669 0.5817560554
-22.3 83.1 2529.0 0.4976802170 0.6628103852 -0.5594611764 -0.3255752921 0.7406058311 0.5877956748 0.8039372563 -0.1103875414 0.5843795538
39.4 276.0 2394.0 0.1158625409 0.2385130972 -0.9642030001 0.9603962898 0.2207584679 0.1700137258 0.2534064651 -0.9457151890 -0.2034894526
10.5 37.1 2331.0 -0.6022329926 0.2385130972 -0.7618575692 0.7975834012 0.2207584679 -0.5613611937 0.0342945121 -0.9457151890 -0.3231821358
179.5 184.4 2620.2 0.1160264909 0.9785001874 -0.1705147773 -0.7493321300 0.1989181638 0.6316114068 0.6519503593 0.0544885509 0.7563013434
219.5 -74.0 2845.0 0.0478512608 0.9785001874 0.2006182820 0.0380267501 0.1989181638 -0.9792780876 -0.9981303811 0.0544885509 -0.0276906956
-203.7 -30.0 2486.9 0.5822733045 -0.0144395223 -0.8128648400 0.0014945831 0.9998595715 -0.0166906454 0.8129917383 0.0085036233 0.5822131634
-198.0 -427.6 2483.5 0.5777068734 0.0774488226 -0.8125616908 -0.0861671045 0.9957124591 0.0336435214 0.8116834760 0.0505799912 0.5819034576
-112.2 -85.9 2635.8 0.2418839335 -0.2439574748 -0.9391362667 0.0232817214 0.9690577388 -0.2457336783 0.9700258374 0.0375743210 0.2400792539
-15.2 -471.1 2620.8 0.2334848940 0.1262287945 -0.9641323090 -0.0474948622 0.9918349385 0.1183538884 0.9711998105 0.0181574840 0.2375736982
176.8 -183.1 2321.5 0 0 0 0 0 0 0 0 0
232.4 -63.8 2576.8 0 0 0 0 0 0 0 0 0
-223.6 -757.6 2466.8 0 0 0 0 0 0 0 0 0
-47.1 -721.3 2616.2 0 0 0 0 0 0 0 0 0
244.7 370.9 2499.0 5 0.4604456127 0.6877685189 -0.5612167716 -0.3441409767 0.7210833430 0.6013366580 0.8182645440 -0.0837451294 0.5687090158
108.9 228.6 2515.5 0.4604456127 0.6877685189 -0.5612167716 -0.3441409767 0.7210833430 0.6013366580 0.8182645440 -0.0837451294 0.5687090158
-23.8 82.0 2534.8 0.4778171778 0.6681036949 -0.5703755021 -0.3254506290 0.7377195358 0.5914826989 0.8159489036 -0.0969915241 0.5699298382
41.7 274.4 2400.8 0.1703108698 0.2713201940 -0.9473012090 0.9372902513 0.2520819008 0.2407107949 0.3041071892 -0.9288918376 -0.2113734782
-0.3 43.2 2325.8 -0.6311066151 0.2713201940 -0.7266978621 0.7752586007 0.2520819008 -0.5791621804 0.0260490086 -0.9288918376 -0.3694338500
176.2 182.8 2630.3 0.0978872925 0.9778034687 -0.1852524877 -0.7482172847 0.1950455308 0.6341357827 0.6561928391 0.0765352771 0.7507019043
209.9 -75.3 2856.7 0.0710033849 0.9778034687 0.1971266717 0.0352080949 0.1950455308 -0.9801620245 -0.9968544841 0.0765352771 -0.0205777045
-199.7 -34.1 2477.2 0.5634135008 0.0025658756 -0.8261711001 0.0174406618 0.9997354150 0.0149987107 0.8259909749 -0.0228594467 0.5632196665
-200.7 -431.4 2486.3 0.5589521527 0.0720245019 -0.8260659575 -0.0867319256 0.9958341718 0.0281399600 0.8246514797 0.0559174009 0.5628705025
-108.4 -93.8 2624.6 0.2187036872 -0.2300434858 -0.9482872486 0.0288061630 0.9729120731 -0.2293736190 0.9753660560 0.0228483398 0.2194061428
-16.9 -480.5 2615.5 0.2132112533 0.1238885000 -0.9691194892 -0.0170230847 0.9922482371 0.1231000274 0.9768577814 -0.0097489068 0.2136674523
172.8 -169.5 2318.6 0 0 0 0 0 0 0 0 0
229.0 -65.8 2588.8 0 0 0 0 0 0 0 0 0
-224.4 -758.3 2467.9 0 0 0 0 0 0 0 0 0
-46.9 -720.5 2617.9 0 0 0 0 0 0 0 0 0
245.1 371.2 2488.4 6 0.5045624971 0.6907172799 -0.5180022120 -0.3720548749 0.7153565884 0.5914728045 0.7790967822 -0.1057097614 0.6179268956
107.8 229.1 2509.4 0.5045624971 0.6907172799 -0.5180022120 -0.3720548749 0.7153565884 0.5914728045 0.7790967822 -0.1057097614 0.6179268956
-24.6 82.5 2531.2 0.5205819607 0.6666241288 -0.5334854126 -0.3549112082 0.7372411489 0.5749030709 0.7765516639 -0.1099442318 0.6203868389
34.7 279.0 2400.4 0.1707089841 0.2647406161 -0.9490894675 0.9345174432 0.2618023753 0.2411155701 0.3123069704 -0.9281012416 -0.2027126998
-7.6 47.4 2323.0 -0.6557983160 0.2647406161 -0.7069942951 0.7544963360 0.2618023753 -0.6018262506 0.0257649459 -0.9281012416 -0.3714354038
180.9 179.3 2618.4 0.1285524666 0.9820570350 -0.1379789859 -0.7706908584 0.1864921302 0.6093080640 0.6241072416 0.0280110948 0.7808364034
225.2 -86.3 2833.5 0.0154496357 0.9820570350 0.1879501194 0.0684724823 0.1864921302 -0.9800674319 -0.9975333810 0.0280110948 -0.0643626451
-200.4 -34.7 2479.2 0.6090824008 0.0025533033 -0.7931028605 0.0137919495 0.9998095036 0.0138106309 0.7929870486 -0.0193502475 0.6089311242
-201.5 -432.1 2486.9 0.6053643227 0.0674720332 -0.7930836082 -0.0870822072 0.9960336089 0.0182678737 0.7911704779 0.0580047518 0.6088387966
-112.8 -94.4 2628.9 0.2637376487 -0.2396449894 -0.9343515038 0.0350747667 0.9703889489 -0.2389874905 0.9639565349 0.0302578341 0.2643335760
-17.5 -480.2 2616.8 0.2565036714 0.1286011785 -0.9579496980 -0.0242928769 0.9916536212 0.1266210675 0.9662379026 -0.0092074163 0.2574869096
171.4 -158.5 2315.9 0 0 0 0 0 0 0 0 0
229.4 -68.0 2565.9 0 0 0 0 0 0 0 0 0
-223.6 -759.5 2467.8 0 0 0 0 0 0 0 0 0
-48.3 -717.9 2619.0 0 0 0 0 0 0 0 0 0
246.9 372.1 2493.6 7 0.5006884933 0.6907047033 -0.5217643380 -0.3815947473 0.7171469331 0.5831686854 0.7769790888 -0.0928833187 0.6226364970
109.5 229.4 2512.1 0.5006884933 0.6907047033 -0.5217643380 -0.3815947473 0.7171469331 0.5831686854 0.7769790888 -0.0928833187 0.6226364970
-23.5 83.0 2531.4 0.5153998733 0.6691885591 -0.5353033543 -0.3658669293 0.7367008328 0.5686943531 0.7749221325 -0.0972552076 0.6245294809
37.0 280.9 2403.2 0.1982222348 0.2622662187 -0.9444174767 0.9267696142 0.2635096312 0.2676952183 0.3190705180 -0.9283205867 -0.1908269078
-12.5 49.4 2323.5 -0.6726894379 0.2622662187 -0.6918853521 0.7396570444 0.2635096312 -0.6192496419 0.0199101958 -0.9283205867 -0.3712472022
181.9 178.0 2621.0 0.1234899536 0.9822843075 -0.1409531236 -0.7784081101 0.1839839518 0.6001922488 0.6154925227 0.0356013328 0.7873381972
224.5 -90.5 2833.2 0.0210291240 0.9822843075 0.1862131208 0.0805567652 0.1839839518 -0.9796226621 -0.9965281487 0.0356013328 -0.0752606243
-204.7 -31.5 2482.0 0.6047870517 -0.0074852826 -0.7963520288 0.0136742126 0.9999060035 0.0009862571 0.7962698340 -0.0114859631 0.6048325896
-201.7 -429.0 2486.5 0.6011855006 0.0663262382 -0.7963522077 -0.0837409794 0.9962915778 0.0197606217 0.7947096825 0.0548075140 0.6045103073
-109.4 -96.5 2624.1 0.2538089752 -0.2294382155 -0.9396483898 0.0424001366 0.9731647372 -0.2261693329 0.9663246274 0.0175625868 0.2567261457
-18.2 -483.4 2617.2 0.2452681065 0.1268828958 -0.9611161947 -0.0294755735 0.9919158220 0.1234270483 0.9690070748 -0.0019432686 0.2470252514
170.4 -151.6 2318.1 0 0 0 0 0 0 0 0 0
230.1 -68.8 2565.6 0 0 0 0 0 0 0 0 0
-223.8 -760.7 2468.3 0 0 0 0 0 0 0 0 0
-48.2 -718.1 2617.6 0 0 0 0 0 0 0 0 0
252.5 367.9 2495.2 8 0.5279279947 0.6957986951 -0.4869869053 -0.4151506126 0.7116528749 0.5667452216 0.7409062386 -0.0970277563 0.6645627022
112.8 225.0 2514.7 0.5279279947 0.6957986951 -0.4869869053 -0.4151506126 0.7116528749 0.5667452216 0.7409062386 -0.0970277563 0.6645627022
-20.2 78.3 2532.6 0.5417620540 0.6687598825 -0.5091699958 -0.4004541636 0.7379652262 0.5431793332 0.7390062809 -0.0903747156 0.6676092744
36.7 281.3 2410.9 0.1959913522 0.2859005928 -0.9380022883 0.9169502854 0.2855905592 0.2786398828 0.3475478888 -0.9147124290 -0.2061833590
-12.6 50.8 2323.5 -0.6882048249 0.2859005928 -0.6668095589 0.7254270911 0.2855905592 -0.6262536049 0.0113882348 -0.9147124290 -0.4039448202
188.9 168.8 2618.4 0.1418298483 0.9839003086 -0.1087401435 -0.8045706749 0.1785745025 0.5663719177 0.5766717792 0.0071606869 0.8169445395
237.8 -108.4 2817.1 -0.0151423272 0.9839003086 0.1780753732 0.1232193410 0.1785745025 -0.9761803746 -0.9922639132 0.0071606869 -0.1239395887
-203.7 -29.9 2479.7 0.6334838271 -0.0084940549 -0.7737092972 0.0208899602 0.9997630119 0.0061281538 0.7734738588 -0.0200448427 0.6335111260
-200.4 -427.4 2487.7 0.6295741796 0.0703519359 -0.7737486362 -0.0849653929 0.9961531758 0.0214401558 0.7722805142 0.0522436872 0.6331298351
-109.3 -97.0 2621.7 0.2784331441 -0.2257401943 -0.9335504174 0.0475509241 0.9740349650 -0.2213475555 0.9592778087 0.0172393173 0.2819378078
-19.5 -484.3 2614.9 0.2715472877 0.1164102033 -0.9553589821 -0.0159608889 0.9930661917 0.1164681613 0.9622927308 -0.0163782351 0.2715224326
174.2 -146.0 2320.5 0 0 0 0 0 0 0 0 0
233.7 -75.4 2550.9 0 0 0 0 0 0 0 0 0
-224.0 -762.3 2470.1 0 0 0 0 0 0 0 0 0
-47.1 -719.3 2618.7 0 0 0 0 0 0 0 0 0
251.5 367.5 2488.0 9 0.5267212987 0.6952484250 -0.4890749753 -0.3890280724 0.7087281942 0.5885248780 0.7557922006 -0.1197246611 0.6437733769
111.5 224.8 2512.1 0.5267212987 0.6952484250 -0.4890749753 -0.3890280724 0.7087281942 0.5885248780 0.7557922006 -0.1197246611 0.6437733769
-21.5 78.7 2534.3 0.5391922593 0.6686763763 -0.5119996071 -0.3758265078 0.7350974083 0.5642572641 0.7536750436 -0.1118201092 0.6476651430
35.7 277.6 2406.2 0.1799814254 0.2630032003 -0.9478586316 0.9238386154 0.2857403159 0.2547050714 0.3378296793 -0.9215105772 -0.1915445775
-10.2 42.3 2320.2 -0.7552487850 0.2630032003 -0.6003569961 0.6553218365 0.2857403159 -0.6992179751 -0.0123503702 -0.9215105772 -0.3881567717
187.3 172.0 2618.0 0.1405145675 0.9836740494 -0.1124324501 -0.7850874662 0.1798902899 0.5926864147 0.6032357216 0.0049882266 0.7975473404
235.7 -98.6 2825.9 -0.0115379328 0.9836740494 0.1795891821 0.0907047018 0.1798902899 -0.9794958830 -0.9958109856 0.0049882266 -0.0912994221
-202.7 -31.7 2482.9 0.6309276223 -0.0102860546 -0.7757735252 0.0066098110 0.9999470711 -0.0078827115 0.7758135796 -0.0001542961 0.6309621930
