-157.7 379.7 2758.1 46 0.4853005707 0.5368481874 -0.6901285052 -0.3545540869 0.8423296809 0.4059213102 0.7992338538 0.0476940311 0.5991247892
-266.3 209.4 2748.4 0.4853005707 0.5368481874 -0.6901285052 -0.3545540869 0.8423296809 0.4059213102 0.7992338538 0.0476940311 0.5991247892
-365.4 37.3 2742.4 0.5065035224 0.4986479282 -0.7034233212 -0.3195684254 0.8662747741 0.3839844167 0.8008309603 0.0303024258 0.5981233716
-340.3 256.0 2631.5 0.1190178543 0.4413300455 -0.8894169927 0.9704712629 0.1375825107 0.1981328279 0.2098101825 -0.8867349625 -0.4119233191
-372.2 -4.1 2575.2 -0.6292988062 0.4413300455 -0.6396958828 0.7519006133 0.1375825107 -0.6447608471 -0.1965413541 -0.8867349625 -0.4184168279
-192.3 162.7 2865.4 -0.2733933926 0.6647917628 -0.6952035427 -0.9141113758 0.0454178117 0.4029113948 0.2994267941 0.7456467748 0.5952767730
-257.9 -56.6 2937.2 0.6879983544 0.6647917628 -0.2910501361 -0.4261137545 0.0454178117 -0.9035288095 -0.5874396563 0.7456467748 0.3145242929
-512.5 -91.3 2668.0 -0.9989416599 -0.0228213239 -0.0399338491 -0.0249608606 0.9982329607 0.0539253540 0.0386326388 0.0548650660 -0.9977461100
-503.5 -488.0 2646.2 -0.9957028031 -0.0816615894 -0.0436733551 -0.0900597349 0.9637161493 0.2512776852 0.0215689819 0.2541311085 -0.9669292569
-419.9 -152.0 2814.1 -0.5508686900 0.0703433603 0.8316221833 0.0513691641 0.9974102378 -0.0503395908 -0.8330095410 0.0149892326 -0.5530555248
-447.7 -547.3 2808.2 -0.5505837798 -0.0223950166 0.8344794512 -0.0141174905 0.9997469187 0.0175156929 -0.8346605301 -0.0021368987 -0.5507606268
-207.6 -200.7 2626.6 0 0 0 0 0 0 0 0 0
-74.1 -170.4 2780.3 0 0 0 0 0 0 0 0 0
-474.6 -828.7 2556.3 0 0 0 0 0 0 0 0 0
-439.3 -924.9 2809.0 0 0 0 0 0 0 0 0 0
-166.6 375.9 2758.4 47 0.4549081326 0.5242013931 -0.7199107409 -0.3332081735 0.8498709202 0.4082789421 0.8258516192 0.0541507304 0.5612813830
-272.7 204.0 2747.5 0.4549081326 0.5242013931 -0.7199107409 -0.3332081735 0.8498709202 0.4082789421 0.8258516192 0.0541507304 0.5612813830
-370.7 31.3 2740.9 0.4740941823 0.4934444129 -0.7292100787 -0.3007989824 0.8691422939 0.3925704956 0.8274990320 0.0332302563 0.5604829192
-341.9 247.9 2626.7 0.1131667420 0.3932126462 -0.9124566317 0.9730836153 0.1416916698 0.1817463487 0.2007524669 -0.9084642529 -0.3665939867
-371.5 -6.8 2574.2 -0.6463268399 0.3932126462 -0.6539460421 0.7453380227 0.1416916698 -0.6514558792 -0.1635019630 -0.9084642529 -0.3846554458
-203.5 160.1 2868.2 -0.2180936635 0.6791027784 -0.7008956075 -0.9342592359 0.0623341314 0.3511040807 0.2821254730 0.7313917875 0.6208633780
-255.6 -62.8 2935.5 0.6841543913 0.6791027784 -0.2659928799 -0.4148071110 0.0623341314 -0.9077717066 -0.5998898149 0.7313917875 0.3243428171
-510.9 -105.5 2663.0 -0.9998300076 -0.0184163786 0.0008936807 -0.0183457229 0.9984986186 0.0516131110 -0.0018428656 0.0515879393 -0.9986667633
-503.6 -502.3 2642.5 -0.9961294532 -0.0878530294 -0.0028274979 -0.0857413933 0.9640977979 0.2513242364 -0.0193536114 0.2505939007 -0.9678988457
-418.0 -164.1 2809.9 -0.5156084299 0.0789001286 0.8531838655 0.0371560641 0.9968734384 -0.0697334558 -0.8560183048 -0.0042542052 -0.5169279575
-449.3 -559.7 2811.6 -0.5150163770 -0.0278531555 0.8567277193 0.0081065679 0.9992689490 0.0373605415 -0.8571420312 0.0261864103 -0.5144140720
-201.7 -202.6 2617.1 0 0 0 0 0 0 0 0 0
-66.4 -177.5 2769.6 0 0 0 0 0 0 0 0 0
-473.6 -831.3 2557.0 0 0 0 0 0 0 0 0 0
-438.7 -939.2 2801.6 0 0 0 0 0 0 0 0 0
-171.8 375.4 2757.1 48 0.4392682314 0.5094485283 -0.7399361730 -0.3271429241 0.8578148484 0.3963977396 0.8366725445 0.0679399520 0.5434733033
-274.4 202.5 2743.4 0.4392682314 0.5094485283 -0.7399361730 -0.3271429241 0.8578148484 0.3963977396 0.8366725445 0.0679399520 0.5434733033
-370.0 28.5 2735.4 0.4597654641 0.4811150432 -0.7464208007 -0.2912716568 0.8757270575 0.3850493133 0.8389139175 0.0403788537 0.5427642465
-341.5 245.1 2620.9 0.0960655883 0.4061920047 -0.9087240696 0.9748789072 0.1459175795 0.1682830602 0.2009540498 -0.9020621777 -0.3819703460
-366.3 -6.3 2569.1 -0.6452443600 0.4061920047 -0.6470454335 0.7448062301 0.1459175795 -0.6511311531 -0.1700689495 -0.9020621777 -0.3966868222
-207.3 160.0 2865.9 -0.3232164979 0.6407327652 -0.6964141130 -0.8834218979 0.0595315695 0.4647814333 0.3392592967 0.7654525042 0.5467957258
-280.4 -39.8 2942.6 0.6954561472 0.6407327652 -0.3252726793 -0.4673894942 0.0595315695 -0.8820447922 -0.5457909703 0.7654525042 0.3408733606
-512.2 -113.9 2658.5 -0.9997191429 -0.0080468478 0.0222896188 -0.0071882969 0.9992391467 0.0383338630 -0.0225811265 0.0381628722 -0.9990163445
-509.0 -510.9 2643.4 -0.9940026999 -0.1075394005 0.0198461860 -0.0983965695 0.9587252736 0.2667656541 -0.0477148592 0.2632130086 -0.9635570645
-425.4 -169.0 2810.1 -0.4957218766 0.0574705414 0.8665777445 0.0504469201 0.9980288148 -0.0373303108 -0.8670149446 0.0252107270 -0.4976439476
-448.2 -565.1 2800.1 -0.4943566620 -0.0387848280 0.8683934808 -0.0527027994 0.9985036254 0.0145934001 -0.8676600456 -0.0385524221 -0.4956609607
-196.3 -202.5 2613.9 0 0 0 0 0 0 0 0 0
-85.4 -170.8 2789.5 0 0 0 0 0 0 0 0 0
-473.1 -831.2 2555.4 0 0 0 0 0 0 0 0 0
-433.4 -944.7 2814.8 0 0 0 0 0 0 0 0 0
-176.2 375.4 2757.4 49 0.4133747220 0.5049064159 -0.7577538490 -0.3080106676 0.8606629372 0.4054488242 0.8568843603 0.0657939762 0.5112928748
-277.8 202.1 2744.2 0.4133747220 0.5049064159 -0.7577538490 -0.3080106676 0.8606629372 0.4054488242 0.8568843603 0.0657939762 0.5112928748
-372.7 27.7 2737.0 0.4338563979 0.4774339199 -0.7640846968 -0.2717617154 0.8779048920 0.3942442536 0.8590193391 0.0366035700 0.5106329322
-341.1 241.8 2618.8 0.0883815810 0.4083345532 -0.9085436463 0.9717698097 0.1649631709 0.1686729193 0.2187512219 -0.8978028893 -0.3822274804
-363.6 -5.0 2563.3 -0.6525375247 0.4083345532 -0.6383241415 0.7405157685 0.1649631709 -0.6514779925 -0.1607210040 -0.8978028893 -0.4100228250
-214.5 162.5 2869.5 -0.3642649353 0.6098050475 -0.7038812637 -0.8673434854 0.0531083867 0.4948683977 0.3391552567 0.7907700539 0.5095649362
-295.4 -30.2 2944.9 0.7002895474 0.6098050475 -0.3711231053 -0.5033170581 0.0531083867 -0.8624682426 -0.5062277317 0.7907700539 0.3441165388
-507.7 -118.8 2650.6 -0.9985672235 -0.0014309676 0.0534925051 0.0005476067 0.9993168116 0.0369549356 -0.0535088368 0.0369312800 -0.9978842139
-507.1 -515.9 2635.9 -0.9933553934 -0.1027197018 0.0519012995 -0.0863942429 0.9635024667 0.2533751726 -0.0760336593 0.2472076267 -0.9659748077
-423.4 -172.2 2804.3 -0.4688515961 0.0698776990 0.8805085421 0.0216219164 0.9974750280 -0.0676470250 -0.8830122948 -0.0126781333 -0.4691786170
-451.2 -568.0 2809.4 -0.4697586298 -0.0427409932 0.8817596436 0.0407627150 0.9967117310 0.0700293928 -0.8818532825 0.0688398257 -0.4664717019
-191.4 -200.4 2605.7 0 0 0 0 0 0 0 0 0
-97.5 -172.5 2801.8 0 0 0 0 0 0 0 0 0
-473.1 -834.5 2554.1 0 0 0 0 0 0 0 0 0
-435.0 -945.7 2783.3 0 0 0 0 0 0 0 0 0
-178.5 377.8 2757.1 50 0.4201236963 0.4998320341 -0.7574061155 -0.3062207997 0.8637682796 0.4001663625 0.8542393446 0.0638141334 0.5159485340
-279.1 204.0 2744.3 0.4201236963 0.4998320341 -0.7574061155 -0.3062207997 0.8637682796 0.4001663625 0.8542393446 0.0638141334 0.5159485340
-372.8 28.9 2736.6 0.4388099909 0.4716131389 -0.7648704648 -0.2726601660 0.8809499741 0.3867603242 0.8562138677 0.0388354138 0.5151597857
-343.1 243.8 2619.2 0.0752062500 0.4687600136 -0.8801181912 0.9657508731 0.1855656356 0.1813577414 0.2483329624 -0.8636142015 -0.4387497008
-362.0 0.9 2556.8 -0.6442500353 0.4687600136 -0.6043226719 0.7407008410 0.1855656356 -0.6456993818 -0.1905365139 -0.8636142015 -0.4667615891
-215.0 164.2 2869.3 -0.3558419049 0.6290788651 -0.6911123395 -0.8745341301 0.0365832746 0.4835822284 0.3294945061 0.7764801383 0.5371330976
-294.7 -31.7 2943.1 0.6780799627 0.6290788651 -0.3800885379 -0.5142430663 0.0365832746 -0.8568639159 -0.5251300931 0.7764801383 0.3483058512
-507.3 -121.8 2651.0 -0.9987625480 -0.0024836906 0.0496707149 -0.0010019968 0.9995543957 0.0298330113 -0.0497226790 0.0297463238 -0.9983199835
-506.3 -519.0 2639.2 -0.9936507940 -0.1019506454 0.0475837626 -0.0853597000 0.9586536884 0.2714715302 -0.0732930452 0.2656861544 -0.9612694979
-427.8 -171.6 2808.4 -0.4730893373 0.0588674173 0.8790455461 0.0078268358 0.9980066419 -0.0626216456 -0.8809797168 -0.0227454882 -0.4726070464
-451.2 -567.9 2817.5 -0.4801284671 -0.0539996922 0.8755345345 0.0995269790 0.9883047342 0.1155338660 -0.8715337515 0.1426104009 -0.4691388309
-192.0 -194.6 2607.1 0 0 0 0 0 0 0 0 0
-102.0 -177.8 2793.8 0 0 0 0 0 0 0 0 0
-472.9 -833.1 2552.2 0 0 0 0 0 0 0 0 0
-430.7 -943.0 2763.3 0 0 0 0 0 0 0 0 0
-175.6 380.3 2756.9 51 0.4115740657 0.5069115162 -0.7573952079 -0.3064832985 0.8596276641 0.4087887406 0.8582975864 0.0638821200 0.5091603994
-277.3 207.7 2744.1 0.4115740657 0.5069115162 -0.7573952079 -0.3064832985 0.8596276641 0.4087887406 0.8582975864 0.0638821200 0.5091603994
-373.0 33.8 2735.5 0.4279742837 0.4813075662 -0.7649712563 -0.2776877880 0.8754883409 0.3954866529 0.8600741029 0.0431650542 0.5083397031
-339.8 248.3 2618.5 0.0878522098 0.4647325277 -0.8810821176 0.9611279964 0.1928742975 0.1975663602 0.2617536187 -0.8641893268 -0.4297230244
-362.4 1.2 2551.2 -0.6703413129 0.4647325277 -0.5785033703 0.7142928243 0.1928742975 -0.6727445722 -0.2010678649 -0.8641893268 -0.4612467289
-214.8 167.2 2869.7 -0.3334825337 0.6682603359 -0.6649943590 -0.8844792843 0.0223821402 0.4660422802 0.3263215721 0.7435907125 0.5835983753
-290.9 -34.4 2944.1 0.6529114246 0.6682603359 -0.3565596938 -0.4967223704 0.0223821402 -0.8676208258 -0.5718160272 0.7435907125 0.3465534151
-506.7 -121.1 2650.4 -0.9982566833 -0.0032413958 0.0589324273 -0.0017957403 0.9996965528 0.0245671626 -0.0589941740 0.0244185068 -0.9979596138
-505.4 -518.4 2640.7 -0.9932356477 -0.1015733257 0.0562660247 -0.0825619623 0.9584969878 0.2728866041 -0.0816488117 0.2663952410 -0.9603993893
-426.3 -171.1 2807.3 -0.4665560126 0.0593229532 0.8824999928 -0.0096870288 0.9973456860 -0.0721643418 -0.8844386339 -0.0422175117 -0.4647429585
-449.8 -567.3 2824.1 -0.4743331373 -0.0418084227 0.8793520927 0.1029261425 0.9893875718 0.1025596112 -0.8743078709 0.1391557455 -0.4649960995
-184.4 -188.4 2604.6 0 0 0 0 0 0 0 0 0
-105.1 -175.8 2781.4 0 0 0 0 0 0 0 0 0
-471.8 -835.9 2552.4 0 0 0 0 0 0 0 0 0
-433.9 -944.0 2771.1 0 0 0 0 0 0 0 0 0
-175.2 381.2 2756.3 52 0.4273704290 0.4950151742 -0.7565147281 -0.3090775907 0.8663610816 0.3922874928 0.8496031761 0.0661696792 0.5232552290
-275.1 206.4 2743.0 0.4273704290 0.4950151742 -0.7565147281 -0.3090775907 0.8663610816 0.3922874928 0.8496031761 0.0661696792 0.5232552290
-370.5 32.4 2733.8 0.4399891496 0.4803777039 -0.7587139010 -0.2865388095 0.8758267760 0.3883593976 0.8510611653 0.0465270653 0.5230011344
-339.3 248.2 2618.7 0.0942277610 0.5019686818 -0.8597375154 0.9572534561 0.1915372461 0.2167470306 0.2734719813 -0.8434103131 -0.4624631405
-363.8 -0.4 2547.7 -0.6875112653 0.5019686818 -0.5247434378 0.6800222397 0.1915372461 -0.7077310681 -0.2547509074 -0.8434103131 -0.4730338752
-210.8 164.6 2867.3 -0.3751225471 0.6658382416 -0.6449360847 -0.8573266864 0.0153859677 0.5145426989 0.3525251746 0.7459374666 0.5650692582
-294.7 -27.1 2946.1 0.6338542104 0.6658382416 -0.3935585022 -0.5390433669 0.0153859677 -0.8421374559 -0.5546720624 0.7459374666 0.3686681688
-507.8 -114.7 2648.1 -0.9987934828 -0.0171497259 0.0460158624 -0.0179569256 0.9996910691 -0.0171861071 -0.0457069054 -0.0179916751 -0.9987928867
-501.0 -511.6 2655.2 -0.9957396984 -0.0840296075 0.0379662998 -0.0683375075 0.9489381313 0.3079713583 -0.0619063862 0.3040648103 -0.9506377578
-429.4 -165.6 2805.8 -0.4778449237 0.0438358188 0.8773497939 0.0106469383 0.9989697933 -0.0441136174 -0.8783797026 -0.0117383795 -0.4778193533
-446.8 -562.3 2810.5 -0.4797431231 -0.0180658735 0.8772230148 0.0694507137 0.9958691597 0.0584911108 -0.8746560216 0.0889844671 -0.4765066803
-180.7 -181.5 2615.5 0 0 0 0 0 0 0 0 0
-114.1 -180.7 2788.1 0 0 0 0 0 0 0 0 0
-472.4 -834.4 2551.8 0 0 0 0 0 0 0 0 0
-439.9 -941.6 2776.6 0 0 0 0 0 0 0 0 0
-178.0 383.6 2755.6 53 0.4787273705 0.4759445488 -0.7377647758 -0.3404523730 0.8751972318 0.3436888158 0.8092665076 0.0866405293 0.5810173154
-274.0 207.1 2738.1 0.4787273705 0.4759445488 -0.7377647758 -0.3404523730 0.8751972318 0.3436888158 0.8092665076 0.0866405293 0.5810173154
-367.5 32.2 2725.9 0.4907413423 0.4700933397 -0.7336110473 -0.3181562126 0.8805091977 0.3513975143 0.8111408949 0.0609576292 0.5816653967
-345.5 253.3 2619.9 0.0415697917 0.5128941536 -0.8574447632 0.9669995904 0.1952506453 0.1636733860 0.2513637841 -0.8359525800 -0.4878519177
-356.9 -11.3 2551.1 -0.7182912230 0.5128941536 -0.4701034725 0.6308739781 0.1952506453 -0.7509162426 -0.2933525741 -0.8359525800 -0.4638184011
-202.4 160.8 2856.3 -0.4384294748 0.6633943319 -0.6063724756 -0.8060638905 0.0081881871 0.5917718410 0.3975431919 0.7482251525 0.5311483145
-301.2 -20.7 2945.8 0.6274496317 0.6633943319 -0.4076946080 -0.5509042740 0.0081881871 -0.8345282674 -0.5502830744 0.7482251525 0.3706044555
-506.3 -115.4 2646.5 -0.9997932911 -0.0185173061 -0.0083957277 -0.0183626600 0.9996668696 -0.0181371961 0.0087287826 -0.0179792792 -0.9998002648
-499.0 -512.5 2653.6 -0.9966032505 -0.0811763927 -0.0138681885 -0.0815679729 0.9498229027 0.3019654751 -0.0113401441 0.3020709753 -0.9532179832
-425.7 -167.9 2802.5 -0.5278726816 0.0568495318 0.8474187851 0.0056817923 0.9979713559 -0.0634101406 -0.8493044972 -0.0286576245 -0.5271248221
-448.2 -564.3 2813.9 -0.5293823481 -0.0304416344 0.8478370309 0.0430191755 0.9971072078 0.0626620054 -0.8472919464 0.0696454123 -0.5265414119
-164.2 -180.5 2629.8 0 0 0 0 0 0 0 0 0
-122.1 -177.9 2788.8 0 0 0 0 0 0 0 0 0
-471.4 -835.6 2550.9 0 0 0 0 0 0 0 0 0
-436.6 -944.6 2787.4 0 0 0 0 0 0 0 0 0
-185.3 386.0 2755.7 54 0.5024762154 0.4564893842 -0.7342581749 -0.3455991447 0.8845034242 0.3133926094 0.7925143242 0.0962866694 0.6022042632
-276.9 208.6 2736.3 0.5024762154 0.4564893842 -0.7342581749 -0.3455991447 0.8845034242 0.3133926094 0.7925143242 0.0962866694 0.6022042632
-368.5 32.9 2721.5 0.5093982220 0.4608260095 -0.7267412543 -0.3322513103 0.8843634725 0.3278876543 0.7938025594 0.0744353384 0.6036032438
-351.2 257.0 2620.6 0.0034094395 0.5072943568 -0.8617660999 0.9738073349 0.1942397803 0.1181955189 0.2273491919 -0.8395971060 -0.4933447540
-352.2 -21.7 2555.5 -0.7460718155 0.5072943568 -0.4313111305 0.5866042376 0.1942397803 -0.7862355709 -0.3150750995 -0.8395971060 -0.4424978793
-202.5 160.2 2852.1 -0.4392507672 0.6670181155 -0.6017853618 -0.8040246367 0.0069359210 0.5945555568 0.4007532597 0.7450091839 0.5332523584
-301.3 -20.6 2942.2 0.6286290884 0.6670181155 -0.3998903632 -0.5419517756 0.0069359210 -0.8403809667 -0.5577757359 0.7450091839 0.3658517599
-505.9 -113.6 2639.5 -0.9995970726 -0.0108946562 -0.0262097046 -0.0103961108 0.9997638464 -0.0190830380 0.0264114179 -0.0188028701 -0.9994742870
-501.5 -510.9 2647.0 -0.9955281615 -0.0901364014 -0.0282677356 -0.0944494605 0.9551818371 0.2805476487 0.0017132728 0.2819629610 -0.9594237804
-416.0 -171.7 2787.9 -0.5446747541 0.0864492357 0.8341798186 0.0037270603 0.9949125648 -0.1006730124 -0.8386390805 -0.0517250113 -0.5422259569
-450.4 -566.8 2808.4 -0.5430787802 -0.0538956262 0.8379502892 -0.0324680768 0.9985395074 0.0431817845 -0.8390538096 -0.0037555229 -0.5440354943
-149.1 -181.4 2641.3 0 0 0 0 0 0 0 0 0
-121.8 -175.4 2782.9 0 0 0 0 0 0 0 0 0
-470.7 -837.1 2550.7 0 0 0 0 0 0 0 0 0
-429.8 -946.9 2809.9 0 0 0 0 0 0 0 0 0
-191.8 387.1 2756.7 55 0.5296140313 0.4471725523 -0.7207951546 -0.3651078045 0.8871855736 0.2821312249 0.7656404376 0.1137472838 0.6331321001
-281.3 209.6 2734.0 0.5296140313 0.4471725523 -0.7207951546 -0.3651078045 0.8871855736 0.2821312249 0.7656404376 0.1137472838 0.6331321001
-369.6 32.6 2716.0 0.5391050577 0.4442465901 -0.7155492306 -0.3461713195 0.8913763762 0.2925979197 0.7678093314 0.0899616033 0.6343309283
-359.9 260.0 2622.0 -0.0871299505 0.4890986383 -0.8678657413 0.9769113660 0.2125397921 0.0217022933 0.1950705498 -0.8459369540 -0.4963245988
-333.2 -39.7 2562.1 -0.7913991809 0.4890986383 -0.3667013347 0.5158826113 0.2125397921 -0.8298746943 -0.3279519379 -0.8459369540 -0.4205212891
-202.6 159.3 2845.9 -0.4232394397 0.6948921680 -0.5813718438 -0.7982644439 0.0174985956 0.6020529270 0.4285350740 0.7189009786 0.5473015904
-298.6 -21.8 2943.1 0.6153407097 0.6948921680 -0.3721298873 -0.5317997932 0.0174985956 -0.8466893435 -0.5818460584 0.7189009786 0.3803111017
-506.8 -112.4 2634.0 -0.9981910586 -0.0263268519 -0.0540504195 -0.0254857056 0.9995440245 -0.0161930732 0.0544520877 -0.0147862677 -0.9984068871
-496.4 -509.5 2639.8 -0.9956470132 -0.0719893873 -0.0591989867 -0.0849509165 0.9622346163 0.2586268187 0.0383449271 0.2625300586 -0.9641616344
-413.5 -173.1 2779.3 -0.5707373023 0.0935818776 0.8157826662 -0.0057778088 0.9930022955 -0.1179537550 -0.8211123943 -0.0720340461 -0.5662027597
-450.6 -567.5 2807.9 -0.5686896443 -0.0681708232 0.8197224140 -0.0409313031 0.9976704717 0.0545731187 -0.8215331435 -0.0025171391 -0.5701552033
-113.4 -183.0 2653.2 0 0 0 0 0 0 0 0 0
-122.8 -173.7 2777.0 0 0 0 0 0 0 0 0 0
-472.1 -833.8 2551.4 0 0 0 0 0 0 0 0 0
-424.6 -947.9 2808.9 0 0 0 0 0 0 0 0 0
-180.8 393.8 2766.2 56 0.5669146180 0.4661804438 -0.6791786551 -0.4033636451 0.8759602308 0.2645589411 0.7182657123 0.1239736453 0.6846348643
-274.3 218.1 2741.4 0.5669146180 0.4661804438 -0.6791786551 -0.4033636451 0.8759602308 0.2645589411 0.7182657123 0.1239736453 0.6846348643
-363.6 42.2 2718.4 0.5760548115 0.4487222135 -0.6832343936 -0.3857594430 0.8861548305 0.2567475438 0.7206597924 0.1156634390 0.6835725904
-358.2 274.2 2636.5 -0.1200722381 0.5285879374 -0.8403436542 0.9739946127 0.2265467793 0.0033321863 0.1921385080 -0.8180900812 -0.5420437455
-317.6 -54.9 2571.5 -0.7993879914 0.5285879374 -0.2856110036 0.4570975900 0.2265467793 -0.8600804210 -0.3899238706 -0.8180900812 -0.4227150381
-190.3 162.0 2846.3 -0.4740598500 0.6679963470 -0.5736271739 -0.7843632102 -0.0243835133 0.6198224425 0.4000520706 0.7437649965 0.5355109572
-301.0 -21.0 2939.7 0.6223704815 0.6679963470 -0.4079655409 -0.5296196938 -0.0243835133 -0.8478847146 -0.5763314962 0.7437649965 0.3386084139
-507.3 -112.7 2627.7 -0.9946673512 -0.0222699028 -0.1007020473 -0.0157780126 0.9977729321 -0.0648093298 0.1019210741 -0.0628748462 -0.9928035140
-498.5 -508.8 2652.7 -0.9917302132 -0.0777158514 -0.1021346450 -0.1042581052 0.9519364238 0.2880057395 0.0748430789 0.2962723374 -0.9521666169
-402.7 -167.4 2766.8 -0.6126381159 0.1131062284 0.7822285891 0.0163029488 0.9913051724 -0.1305692345 -0.7901954055 -0.0672390535 -0.6091552377
-447.5 -560.2 2793.4 -0.6111922264 -0.0640436783 0.7888868451 -0.0093663363 0.9972363710 0.0737013891 -0.7914267778 0.0376567394 -0.6101030111
-88.8 -185.7 2683.2 0 0 0 0 0 0 0 0 0
-123.2 -172.4 2775.0 0 0 0 0 0 0 0 0 0
-472.2 -831.5 2552.2 0 0 0 0 0 0 0 0 0
-423.1 -940.5 2779.0 0 0 0 0 0 0 0 0 0
-174.5 397.8 2761.0 57 0.5973777771 0.4702621996 -0.6496101022 -0.4236191511 0.8728333116 0.2422989607 0.6809453964 0.1304432601 0.7206233144
-268.6 223.2 2734.9 0.5973777771 0.4702621996 -0.6496101022 -0.4236191511 0.8728333116 0.2422989607 0.6809453964 0.1304432601 0.7206233144
-357.8 47.5 2709.5 0.6066719890 0.4479047656 -0.6567574739 -0.4058263898 0.8848952651 0.2286160588 0.6835598350 0.1278345436 0.7186127901
-357.0 282.3 2635.4 -0.1332678199 0.5164327025 -0.8458941579 0.9766628146 0.2134850174 -0.0235337671 0.1684321165 -0.8292896748 -0.5328313112
-310.2 -61.4 2576.1 -0.8127784729 0.5164327025 -0.2696077824 0.4271014333 0.2134850174 -0.8786401749 -0.3962013125 -0.8292896748 -0.3940851986
-180.2 164.2 2834.4 -0.4869244099 0.6661415696 -0.5649424791 -0.7825677395 -0.0454500802 0.6209041476 0.3879334033 0.7444391847 0.5434316397
-295.6 -21.4 2926.4 0.6203384399 0.6661415696 -0.4140479267 -0.5203580856 -0.0454500802 -0.8527377844 -0.5868625641 0.7444391847 0.3184377253
-505.6 -98.5 2629.6 -0.9902305007 -0.0105555458 -0.1390399784 0.0005992373 0.9967993498 -0.0799420699 0.1394387782 -0.0792443976 -0.9870547652
-501.4 -494.3 2661.0 -0.9875779748 -0.0837527439 -0.1329482496 -0.1203710288 0.9470997453 0.2975110710 0.1009978950 0.3098184764 -0.9454162717
-397.3 -164.6 2760.5 -0.6434590220 0.1289778352 0.7545364499 0.0423597172 0.9901921153 -0.1331361830 -0.7643076181 -0.0537057221 -0.6426115036
-448.5 -557.4 2781.8 -0.6440680027 -0.0487123057 0.7634156942 -0.1198102981 0.9920778275 -0.0377770290 -0.7555275559 -0.1157960370 -0.6448017955
-71.6 -186.7 2692.4 0 0 0 0 0 0 0 0 0
-118.4 -170.0 2758.7 0 0 0 0 0 0 0 0 0
-471.3 -835.0 2549.6 0 0 0 0 0 0 0 0 0
-430.1 -931.7 2825.5 0 0 0 0 0 0 0 0 0
-170.9 401.3 2758.4 58 0.5965856314 0.4861214161 -0.6385698915 -0.4263926446 0.8660778403 0.2609569430 0.6799079776 0.1165983304 0.7239682078
-268.4 227.6 2735.0 0.5965856314 0.4861214161 -0.6385698915 -0.4263926446 0.8660778403 0.2609569430 0.6799079776 0.1165983304 0.7239682078
-359.1 52.3 2712.5 0.6093623638 0.4562252760 -0.6484875083 -0.4026831388 0.8826178908 0.2425530553 0.6830254793 0.1133322865 0.7215483189
-357.3 286.3 2635.4 -0.1409883499 0.5055291057 -0.8512124419 0.9770969748 0.2094761878 -0.0374324694 0.1593855470 -0.8369946480 -0.5234846473
-306.7 -64.3 2578.2 -0.8216342926 0.5055291057 -0.2633579671 0.4129776955 0.2094761878 -0.8863233924 -0.3928950131 -0.8369946480 -0.3808850646
-179.5 168.9 2834.6 -0.5062200427 0.6562866569 -0.5594900250 -0.7646672130 -0.0415850990 0.6430822611 0.3987798393 0.7533648014 0.5228921175
-300.4 -13.8 2929.9 0.6199404001 0.6562866569 -0.4300717711 -0.5394137502 -0.0415850990 -0.8410133719 -0.5698304772 0.7533648014 0.3282297552
-502.4 -91.1 2621.6 -0.9889167547 -0.0008851024 -0.1484683752 0.0085869832 0.9979673624 -0.0631455332 0.1482224911 -0.0637205690 -0.9868990779
-502.0 -487.5 2646.9 -0.9861191511 -0.0873324126 -0.1412163526 -0.1213365123 0.9596027136 0.2538505197 0.1133422107 0.2674615681 -0.9568791986
-389.9 -163.1 2746.2 -0.6563933492 0.1475132257 0.7398564816 -0.0068821451 0.9794856310 -0.2013964504 -0.7543874383 -0.1372870952 -0.6419126391
-448.3 -550.6 2800.5 -0.6552083492 -0.0399113819 0.7543931603 -0.0582141727 0.9983015656 0.0022550318 -0.7532019019 -0.0424388610 -0.6564189792
-62.5 -187.1 2695.0 0 0 0 0 0 0 0 0 0
-123.3 -167.9 2767.1 0 0 0 0 0 0 0 0 0
-470.3 -836.6 2549.6 0 0 0 0 0 0 0 0 0
-433.2 -928.6 2816.6 0 0 0 0 0 0 0 0 0
-171.2 401.2 2757.6 59 0.6153966188 0.4867319763 -0.6199830770 -0.4330962002 0.8659911752 0.2499740422 0.6585702300 0.1146791279 0.7437297702
-268.8 227.5 2734.6 0.6153966188 0.4867319763 -0.6199830770 -0.4330962002 0.8659911752 0.2499740422 0.6585702300 0.1146791279 0.7437297702
-359.7 52.3 2712.1 0.6277961135 0.4572286308 -0.6299317479 -0.4101333320 0.8821424246 0.2315499485 0.6615607738 0.1129898280 0.7413303256
-360.4 287.4 2638.1 -0.1572285742 0.5250211358 -0.8364400864 0.9748480916 0.2179823518 -0.0464212932 0.1579570174 -0.8227007389 -0.5460888743
-303.1 -67.7 2580.5 -0.8167866468 0.5250211358 -0.2391910404 0.4007164240 0.2179823518 -0.8898932934 -0.4150733352 -0.8227007389 -0.3884296715
-177.2 167.7 2831.1 -0.5021021962 0.6679835916 -0.5492643118 -0.7664739490 -0.0495853312 0.6403584480 0.4005135298 0.7425221801 0.5368889570
-297.6 -16.1 2927.2 0.6104854941 0.6679835916 -0.4255647063 -0.5340768099 -0.0495853312 -0.8439806104 -0.5848669410 0.7425221801 0.3264834583
-505.7 -86.2 2627.4 -0.9846228361 -0.0159369614 -0.1739651114 -0.0059264447 0.9983041286 -0.0579117388 0.1745930314 -0.0559902266 -0.9830474854
-499.3 -482.7 2649.7 -0.9822654724 -0.0782312304 -0.1703949124 -0.1203313842 0.9599730372 0.2529270947 0.1437877268 0.2689453959 -0.9523620605
-393.3 -158.8 2752.3 -0.6772189736 0.1229168549 0.7254418731 -0.0088200346 0.9845203757 -0.1750481278 -0.7357286811 -0.1249443293 -0.6656517386
-442.0 -549.0 2801.8 -0.6772414446 -0.0090156971 0.7357056141 -0.0065234001 0.9999591708 0.0062489836 -0.7357318997 -0.0005672312 -0.6772726178
-58.3 -187.8 2705.0 0 0 0 0 0 0 0 0 0
-123.1 -168.7 2760.0 0 0 0 0 0 0 0 0 0
-470.7 -833.9 2551.3 0 0 0 0 0 0 0 0 0
-438.6 -928.9 2802.1 0 0 0 0 0 0 0 0 0
-170.4 401.0 2756.2 60 0.6225088239 0.4924661219 -0.6082432270 -0.4415612817 0.8626884222 0.2465609461 0.6461473107 0.1150902957 0.7544851303
-269.0 228.4 2733.1 0.6225088239 0.4924661219 -0.6082432270 -0.4415612817 0.8626884222 0.2465609461 0.6461473107 0.1150902957 0.7544851303
-360.6 53.5 2710.3 0.6356688738 0.4607840478 -0.6193570495 -0.4175018668 0.8800604939 0.2262425423 0.6493206024 0.1147673577 0.7518053055
-361.8 289.3 2638.3 -0.1449464858 0.4514619410 -0.8804388642 0.9765568972 0.2083996534 -0.0539094396 0.1591451019 -0.8676126599 -0.4710850716
-309.8 -61.5 2581.2 -0.8429533839 0.4514619410 -0.2925947011 0.4184567034 0.2083996534 -0.8840042949 -0.3381176591 -0.8676126599 -0.3645884693
-176.2 167.4 2827.9 -0.5025086403 0.6738851666 -0.5416307449 -0.7666187286 -0.0576581806 0.6395086050 0.3997259140 0.7365828753 0.5455867052
-297.0 -16.8 2924.0 0.6036128998 0.6738851666 -0.4260636568 -0.5319455862 -0.0576581806 -0.8448132277 -0.5938731432 0.7365828753 0.3236670196
-508.1 -85.4 2629.1 -0.9820173383 -0.0243002847 -0.1872202903 -0.0145848412 0.9984828234 -0.0530970767 0.1882265359 -0.0494116731 -0.9808818698
-498.4 -482.1 2648.7 -0.9797659516 -0.0743130893 -0.1858392656 -0.1203376576 0.9606644511 0.2502850890 0.1599297225 0.2675842643 -0.9501690269
-392.7 -160.0 2750.2 -0.6883710027 0.1329908371 0.7130629420 -0.0106116254 0.9810970426 -0.1932250857 -0.7252811790 -0.1405773014 -0.6739475131
-445.4 -549.3 2806.0 -0.6894387603 -0.0184610002 0.7241086960 0.0243320521 0.9985207319 0.0486241207 -0.7239351869 0.0511424020 -0.6879696846
-58.4 -186.3 2682.0 0 0 0 0 0 0 0 0 0
-124.5 -168.8 2754.3 0 0 0 0 0 0 0 0 0
-471.2 -834.5 2550.6 0 0 0 0 0 0 0 0 0
-438.4 -929.3 2786.5 0 0 0 0 0 0 0 0 0
-170.4 402.5 2756.0 61 0.6293805242 0.4992707670 -0.5954903960 -0.4555966258 0.8578583598 0.2377199680 0.6295330524 0.1216870919 0.7673854232
-270.8 229.9 2731.5 0.6293805242 0.4992707670 -0.5954903960 -0.4555966258 0.8578583598 0.2377199680 0.6295330524 0.1216870919 0.7673854232
-364.0 56.0 2707.8 0.6431427598 0.4688359201 -0.6054422259 -0.4309606254 0.8751655221 0.2199050933 0.6329615712 0.1194913760 0.7649062276
-364.7 292.8 2639.1 -0.1142532453 0.3955118060 -0.9113268256 0.9797121286 0.1968939900 -0.0373756029 0.1646522880 -0.8971081972 -0.4099834859
-325.2 -45.6 2582.2 -0.7976936698 0.3955118060 -0.4552528858 0.5577846169 0.1968939900 -0.8062933683 -0.2292619944 -0.8971081972 -0.3776715100
-176.9 167.0 2823.9 -0.5034260750 0.6833901405 -0.5287156105 -0.7674906254 -0.0726043507 0.6369354129 0.3968883157 0.7264341712 0.5610464215
-298.0 -17.7 2919.4 0.5912817717 0.6833901405 -0.4282099903 -0.5285934806 -0.0726043507 -0.8457644582 -0.6090769768 0.7264341712 0.3183059394
-510.4 -83.1 2628.0 -0.9783977270 -0.0354679115 -0.2036661804 -0.0296263900 0.9990594983 -0.0316604413 0.2045975626 -0.0249426123 -0.9785283208
-496.4 -480.0 2637.9 -0.9760461450 -0.0698325783 -0.2060517818 -0.1157321483 0.9686247706 0.2199367285 0.1842281073 0.2385152131 -0.9535043240
-393.7 -159.3 2747.0 -0.7007501125 0.1379477382 0.6999426484 -0.0001884183 0.9810911417 -0.1935463548 -0.7134067416 -0.1357595176 -0.6874737144
-448.5 -549.0 2800.9 -0.7000766397 -0.0366078801 0.7131286860 -0.0240046401 0.9993270636 0.0277343430 -0.7136641145 0.0022977688 -0.7004843354
-96.4 -205.6 2648.0 0 0 0 0 0 0 0 0 0
-129.1 -168.7 2745.3 0 0 0 0 0 0 0 0 0
-470.7 -835.8 2550.3 0 0 0 0 0 0 0 0 0
-434.6 -929.5 2800.0 0 0 0 0 0 0 0 0 0
-170.6 402.8 2755.4 62 0.6097469330 0.5069469213 -0.6092728972 -0.4510219395 0.8540367484 0.2592304349 0.6517575383 0.1167304888 0.7493904829
-273.0 230.3 2731.8 0.6097469330 0.5069469213 -0.6092728972 -0.4510219395 0.8540367484 0.2592304349 0.6517575383 0.1167304888 0.7493904829
-367.4 57.0 2708.8 0.6235847473 0.4752732813 -0.6206910610 -0.4267022014 0.8721961379 0.2391633391 0.6550322771 0.1157116294 0.7466883659
-364.0 292.6 2636.2 -0.0229759905 0.4182447493 -0.9080437422 0.9784027338 0.1960420609 0.0655406639 0.2054268122 -0.8869266510 -0.4137160778
-356.9 -11.1 2572.4 -0.7744709849 0.4182447493 -0.4746219218 0.5871691704 0.1960420609 -0.7853660583 -0.2354293764 -0.8869266510 -0.3974093199
-181.9 168.0 2827.4 -0.5217672586 0.6644331813 -0.5350583792 -0.7548702359 -0.0674175397 0.6524000764 0.3974038959 0.7443006635 0.5367370844
-307.5 -13.6 2923.0 0.6000512838 0.6644331813 -0.4454964101 -0.5455482602 -0.0674175397 -0.8353633881 -0.5850774050 0.7443006635 0.3220263720
-516.1 -78.4 2626.0 -0.9815523028 -0.0581526533 -0.1821354032 -0.0549298413 0.9982323050 -0.0226937756 0.1831331402 -0.0122704590 -0.9830115438
-493.0 -474.9 2630.9 -0.9799377918 -0.0583740100 -0.1905633509 -0.0975793377 0.9742305279 0.2033545971 0.1737820208 0.2178699076 -0.9603814483
-398.1 -157.2 2742.0 -0.6855750084 0.1262893677 0.7169643641 -0.0168214608 0.9818274975 -0.1890285611 -0.7278076410 -0.1416536421 -0.6709920168
-448.3 -547.3 2798.3 -0.6840149164 -0.0501961894 0.7277389169 -0.0614971519 0.9980462193 0.0110385036 -0.7268711925 -0.0372033715 -0.6857654452
-139.5 -175.9 2638.5 0 0 0 0 0 0 0 0 0
-136.1 -169.5 2755.9 0 0 0 0 0 0 0 0 0
-471.6 -831.8 2551.1 0 0 0 0 0 0 0 0 0
-429.2 -927.7 2812.5 0 0 0 0 0 0 0 0 0
-169.2 403.0 2755.6 63 0.6079411507 0.5172865391 -0.6023472548 -0.4591165185 0.8479778767 0.2648500204 0.6477805376 0.1155343577 0.7530153990
-274.3 230.6 2732.1 0.6079411507 0.5172865391 -0.6023472548 -0.4591165185 0.8479778767 0.2648500204 0.6477805376 0.1155343577 0.7530153990
-369.9 57.9 2709.5 0.6245482564 0.4808705151 -0.6153885126 -0.4305430353 0.8694073558 0.2424118668 0.6515920162 0.1135533229 0.7500222921
-365.5 293.5 2636.9 0.0563492365 0.4167634249 -0.9072667956 0.9694427252 0.1944682449 0.1495421380 0.2387582660 -0.8879697919 -0.3930701315
-382.1 7.9 2566.6 -0.7524355054 0.4167634249 -0.5100480914 0.6219109297 0.1944682449 -0.7585571408 -0.2169506997 -0.8879697919 -0.4055145383
-183.1 167.8 2827.2 -0.5244445205 0.6674708724 -0.5286213756 -0.7516972423 -0.0713753477 0.6556347013 0.3998865187 0.7412072420 0.5391684175
-309.3 -13.2 2923.5 0.5941635370 0.6674708724 -0.4488344491 -0.5489311814 -0.0713753477 -0.8328145742 -0.5879151821 0.7412072420 0.3239869475
-519.0 -77.2 2625.8 -0.9803818464 -0.0629584640 -0.1867824048 -0.0579647124 0.9978029728 -0.0320832618 0.1883919388 -0.0206270609 -0.9818772674
-494.0 -473.6 2633.9 -0.9788382053 -0.0575656332 -0.1963720322 -0.0983460993 0.9738647342 0.2047327161 0.1794542372 0.2197126299 -0.9589173794
-404.7 -155.3 2745.8 -0.6918933988 0.1021557227 0.7147361040 -0.0330592990 0.9844188690 -0.1727036536 -0.7212423682 -0.1431211978 -0.6777357459
-445.3 -546.4 2802.7 -0.6916708350 -0.0345886983 0.7213841677 -0.0399678610 0.9991549850 0.0095855575 -0.7211061120 -0.0222021304 -0.6924687624
-173.6 -164.5 2626.7 0 0 0 0 0 0 0 0 0
-139.5 -170.0 2755.5 0 0 0 0 0 0 0 0 0
-473.1 -828.2 2553.9 0 0 0 0 0 0 0 0 0
-432.1 -927.6 2811.1 0 0 0 0 0 0 0 0 0
-169.9 404.1 2756.2 64 0.6077384949 0.5213286281 -0.5990578532 -0.4584434628 0.8462749720 0.2713821530 0.6484469771 0.1097047701 0.7533136010
-275.5 232.7 2733.9 0.6077384949 0.5213286281 -0.5990578532 -0.4584434628 0.8462749720 0.2713821530 0.6484469771 0.1097047701 0.7533136010
-372.2 60.5 2712.3 0.6233599782 0.4867037535 -0.6119981408 -0.4318965673 0.8667578101 0.2493916601 0.6518340707 0.1088591218 0.7505078316
-366.5 295.8 2638.7 0.0995806456 0.4282912314 -0.8981371522 0.9600230455 0.1959598362 0.1998888403 0.2616094351 -0.8821373582 -0.3916556239
-395.6 15.8 2562.4 -0.7412036061 0.4282912314 -0.5168982744 0.6345874667 0.1959598362 -0.7475951314 -0.2188971341 -0.8821373582 -0.4170343876
-184.4 169.6 2829.2 -0.5284990668 0.6685686111 -0.5231679678 -0.7465243340 -0.0725733340 0.6613883376 0.4042154253 0.7401007414 0.5374577045
-311.6 -10.1 2926.5 0.5893687010 0.6685686111 -0.4534981549 -0.5552063584 -0.0725733340 -0.8285403252 -0.5868479013 0.7401007414 0.3284210861
-522.7 -75.4 2627.2 -0.9784466028 -0.0808924213 -0.1899965405 -0.0773928389 0.9966673255 -0.0257798135 0.1914487332 -0.0105197979 -0.9814462662
-490.5 -471.4 2631.4 -0.9780250788 -0.0473105609 -0.2030484974 -0.0871032625 0.9775657058 0.1917767972 0.1894201785 0.2052486986 -0.9602046609
-408.1 -154.3 2746.7 -0.6932727098 0.0749905631 0.7167630792 -0.0254013035 0.9914107919 -0.1282941103 -0.7202275395 -0.1071495265 -0.6854132414
-437.9 -547.8 2789.2 -0.6940656304 0.0177732408 0.7196922898 -0.0539158434 0.9956043959 -0.0765830800 -0.7178899050 -0.0919565037 -0.6900565624
-192.2 -158.3 2622.5 0 0 0 0 0 0 0 0 0
-143.2 -168.8 2758.8 0 0 0 0 0 0 0 0 0
-473.2 -828.8 2556.3 0 0 0 0 0 0 0 0 0
-444.7 -926.5 2824.2 0 0 0 0 0 0 0 0 0
-172.4 407.2 2766.5 65 0.6038908362 0.5082030296 -0.6140403748 -0.4718430340 0.8488200307 0.2384716868 0.6424017549 0.1457198113 0.7523866892
-274.8 236.1 2737.1 0.6038908362 0.5082030296 -0.6140403748 -0.4718430340 0.8488200307 0.2384716868 0.6424017549 0.1457198113 0.7523866892
-369.4 63.6 2709.3 0.6197227836 0.4760394990 -0.6239631772 -0.4442241788 0.8681892157 0.2211613506 0.6469996572 0.1401207894 0.7495049238
-365.4 300.9 2642.6 0.1216811389 0.4466246367 -0.8864085674 0.9533146024 0.1960786730 0.2296615690 0.2763783336 -0.8729717135 -0.4019147158
-401.1 20.5 2561.3 -0.7292653918 0.4466246367 -0.5183613300 0.6450494528 0.1960786730 -0.7385556102 -0.2282175273 -0.8729717135 -0.4310883582
-184.3 171.2 2831.6 -0.5256709456 0.6597223282 -0.5370628238 -0.7632650137 -0.0870035738 0.6402006745 0.3756283224 0.7464561462 0.5492781997
-310.8 -12.5 2922.0 0.6027927995 0.6597223282 -0.4487841725 -0.5318986177 -0.0870035738 -0.8423267007 -0.5947475433 0.7464561462 0.2984602749
-526.1 -72.2 2630.9 -0.9805971384 -0.0874139071 -0.1754652858 -0.0850547478 0.9961563349 -0.0209355950 0.1766209155 -0.0056052278 -0.9842630029
-491.3 -468.0 2633.1 -0.9803662896 -0.0526122600 -0.1900366098 -0.0895359740 0.9774406552 0.1912930608 0.1756851524 0.2045523673 -0.9629605412
-411.7 -151.3 2750.4 -0.6859503984 0.0812708810 0.7230954766 -0.0392790101 0.9881585836 -0.1483233869 -0.7265873551 -0.1301449537 -0.6746355295
-444.0 -543.7 2802.1 -0.6869650483 -0.0232568830 0.7263181806 -0.0091159446 0.9996848702 0.0233881250 -0.7266332507 0.0094457483 -0.6869606376
-202.0 -155.7 2623.6 0 0 0 0 0 0 0 0 0
-138.6 -164.5 2752.0 0 0 0 0 0 0 0 0 0
-471.9 -828.5 2557.7 0 0 0 0 0 0 0 0 0
-435.2 -922.6 2798.5 0 0 0 0 0 0 0 0 0
-172.7 407.4 2760.6 66 0.6269723177 0.5040441155 -0.5940077305 -0.4639530182 0.8541070223 0.2350506485 0.6258220673 0.1282214373 0.7693542838
-274.7 234.5 2734.7 0.6269723177 0.5040441155 -0.5940077305 -0.4639530182 0.8541070223 0.2350506485 0.6258220673 0.1282214373 0.7693542838
-367.8 61.0 2708.4 0.6409572363 0.4686765671 -0.6078783870 -0.4391158819 0.8734427094 0.2104164511 0.6295641661 0.1320611089 0.7656427622
-368.3 298.6 2642.7 0.1208014861 0.4677990377 -0.8755404353 0.9462777376 0.2122339606 0.2439574301 0.2999424636 -0.8579748273 -0.4170296490
-403.3 24.7 2555.9 -0.7199032307 0.4677990377 -0.5127410293 0.6546549797 0.2122339606 -0.7255229950 -0.2305779010 -0.8579748273 -0.4590348899
-181.1 170.3 2826.6 -0.5068120360 0.6790529490 -0.5310636759 -0.7712767124 -0.0820078328 0.6311948895 0.3850633800 0.7294942141 0.5653002858
-303.1 -15.3 2919.2 0.5941833854 0.6790529490 -0.4310837090 -0.5221583247 -0.0820078328 -0.8488965631 -0.6117979884 0.7294942141 0.3058454692
-520.8 -68.0 2622.1 -0.9772138596 -0.0770876184 -0.1977638304 -0.0707606673 0.9967355728 -0.0388729423 0.2001148611 -0.0239932761 -0.9794785976
-490.1 -464.0 2631.6 -0.9764212370 -0.0491694100 -0.2101998776 -0.0904761776 0.9772787094 0.1916777492 0.1959991753 0.2061762959 -0.9586843252
-407.1 -149.5 2740.7 -0.6996869445 0.0963933617 0.7079170346 -0.0019963696 0.9905889034 -0.1368564814 -0.7144467831 -0.0971699506 -0.6929096580
-445.3 -542.8 2779.3 -0.7006374598 -0.0275652446 0.7129847407 -0.1061504707 0.9921603799 -0.0659535229 -0.7055771947 -0.1218931749 -0.6980708241
-206.9 -153.9 2618.8 0 0 0 0 0 0 0 0 0
-133.3 -164.5 2744.4 0 0 0 0 0 0 0 0 0
-471.7 -830.0 2554.4 0 0 0 0 0 0 0 0 0
-434.9 -917.1 2825.3 0 0 0 0 0 0 0 0 0
-177.0 404.0 2769.7 67 0.5924097300 0.4830920994 -0.6447268724 -0.4478727877 0.8626931310 0.2348840237 0.6696720719 0.1496080458 0.7274316549
-275.1 228.8 2739.3 0.5924097300 0.4830920994 -0.6447268724 -0.4478727877 0.8626931310 0.2348840237 0.6696720719 0.1496080458 0.7274316549
-364.7 54.0 2710.2 0.6056061387 0.4513209164 -0.6554011106 -0.4232594073 0.8801348209 0.2149748504 0.6738640070 0.1472145915 0.7240408659
-363.4 290.6 2641.1 0.1334560513 0.4422755837 -0.8868944645 0.9411075115 0.2239582390 0.2532970607 0.3106544316 -0.8684670329 -0.3863402903
-401.4 22.8 2552.7 -0.7509776950 0.4422755837 -0.4903313220 0.6218631268 0.2239582390 -0.7504191995 -0.2220783532 -0.8684670329 -0.4432225227
-186.9 167.0 2837.5 -0.5214780569 0.6341004372 -0.5709442496 -0.7713571191 -0.0642690584 0.6331490278 0.3647859991 0.7705752254 0.5226327777
-312.4 -18.6 2925.3 0.6352037787 0.6341004372 -0.4409453571 -0.5249813199 -0.0642690584 -0.8486837745 -0.5664898753 0.7705752254 0.2920669317
-519.7 -72.3 2624.4 -0.9869259596 -0.0785499141 -0.1407374144 -0.0774161592 0.9969071746 -0.0135212988 0.1413642317 -0.0024491705 -0.9899546504
-488.5 -468.4 2625.4 -0.9870721698 -0.0463867709 -0.1534170210 -0.0744237527 0.9804028869 0.1824041009 0.1419493556 0.1914638877 -0.9711806774
-402.1 -152.8 2739.8 -0.6540444493 0.1075341478 0.7487738132 -0.0121362554 0.9882253408 -0.1525235176 -0.7563587427 -0.1088444740 -0.6450382471
-444.9 -545.3 2783.1 -0.6546123028 -0.0242675990 0.7555751204 -0.1045834050 0.9927809238 -0.0587223880 -0.7486955523 -0.1174610257 -0.6524246335
-195.6 -147.6 2613.5 0 0 0 0 0 0 0 0 0
-131.2 -168.4 2763.7 0 0 0 0 0 0 0 0 0
-471.4 -828.8 2555.0 0 0 0 0 0 0 0 0 0
-435.6 -922.3 2827.7 0 0 0 0 0 0 0 0 0
-175.2 403.4 2771.7 68 0.5974004269 0.4864833653 -0.6375316978 -0.4581008255 0.8595276475 0.2266182005 0.6582221389 0.1566719860 0.7363406420
-274.1 228.6 2739.9 0.5974004269 0.4864833653 -0.6375316978 -0.4581008255 0.8595276475 0.2266182005 0.6582221389 0.1566719860 0.7363406420
-364.2 54.3 2708.7 0.6102772951 0.4535067976 -0.6495330930 -0.4343087971 0.8772563338 0.2044436485 0.6625236273 0.1573306173 0.7323315740
-363.2 292.0 2643.2 0.0752706155 0.3788738847 -0.9223821759 0.9526168108 0.2460649610 0.1788105220 0.2947125733 -0.8921359777 -0.3424001634
-385.8 5.7 2554.6 -0.8165451288 0.3788738847 -0.4355555773 0.5425848961 0.2460649610 -0.8031523228 -0.1971184611 -0.8921359777 -0.4064943790
-185.1 165.2 2836.5 -0.5198801756 0.6399140358 -0.5658928156 -0.7760616541 -0.0769498348 0.6259449720 0.3570055962 0.7645840645 0.5366173983
-310.2 -21.6 2922.5 0.6303363442 0.6399140358 -0.4395294785 -0.5165342689 -0.0769498348 -0.8528019190 -0.5795416236 0.7645840645 0.2820332348
-509.7 -82.1 2619.3 -0.9878215194 -0.0515884086 -0.1467898637 -0.0487620458 0.9985503554 -0.0227905754 0.1477528065 -0.0153552471 -0.9889051318
-489.2 -478.7 2625.4 -0.9871420264 -0.0417177677 -0.1543055773 -0.0703729987 0.9801779389 0.1851994544 0.1435208172 0.1936771125 -0.9705106616
-398.9 -159.7 2742.7 -0.6607702374 0.1070850343 0.7429101467 -0.0079254685 0.9887199998 -0.1495659053 -0.7505463958 -0.1047166139 -0.6524680853
-441.4 -552.5 2784.3 -0.6617068648 0.0059172250 0.7497392893 -0.0528495088 0.9971134067 -0.0545136519 -0.7478976846 -0.0756954104 -0.6594840884
-160.0 -144.4 2609.1 0 0 0 0 0 0 0 0 0
-130.3 -169.1 2757.0 0 0 0 0 0 0 0 0 0
-474.3 -828.1 2556.4 0 0 0 0 0 0 0 0 0
-443.7 -931.9 2813.1 0 0 0 0 0 0 0 0 0
-181.0 401.1 2763.7 69 0.5949444175 0.4915454388 -0.6359435320 -0.4541529417 0.8583791852 0.2386007458 0.6631637812 0.1468614638 0.7339246869
-280.2 227.9 2734.1 0.5949444175 0.4915454388 -0.6359435320 -0.4541529417 0.8583791852 0.2386007458 0.6631637812 0.1468614638 0.7339246869
-372.0 54.0 2705.6 0.6077743173 0.4624164999 -0.6455860734 -0.4308415651 0.8749278784 0.2210807502 0.6670726538 0.1437781155 0.7309869528
-368.9 290.8 2636.7 0.0124472100 0.3534475565 -0.9353715181 0.9623590112 0.2497546822 0.1071807966 0.2714962065 -0.9014973044 -0.3370346725
