254.5 336.4 2516.3 06 0.4282457829 0.7010853887 -0.5701621175 -0.4054505825 0.7129430771 0.5721206069 0.8075985312 -0.0138356946 0.5895703435
117.4 196.9 2519.0 0.4282457829 0.7010853887 -0.5701621175 -0.4054505825 0.7129430771 0.5721206069 0.8075985312 -0.0138356946 0.5895703435
-18.0 51.7 2526.2 0.4515635967 0.6813871264 -0.5760225058 -0.3810953796 0.7310341001 0.5659995079 0.8067568541 -0.0360652395 0.5897818804
53.9 250.6 2405.6 0.1796291918 0.3669567406 -0.9127300382 0.9380296469 0.2156299055 0.2713007629 0.2963675261 -0.9049013853 -0.3054828942
10.8 25.6 2334.5 -0.6332261562 0.3669567406 -0.6814450622 0.7704990506 0.2156299055 -0.5998624563 -0.0731836334 -0.9049013853 -0.4192823172
180.9 143.3 2632.5 0.0694674850 0.9783069491 -0.1951660067 -0.7874302268 0.1738879681 0.5913684368 0.6124768853 0.1125987321 0.7824280262
204.8 -128.4 2843.8 0.0974614695 0.9783069491 0.1828025132 0.0932901725 0.1738879681 -0.9803366065 -0.9908573031 0.1125987321 -0.0743190497
-197.6 -57.4 2465.8 0.5534399152 0.0011469823 -0.8328883052 0.0120802345 0.9998828173 0.0094040604 0.8328014612 -0.0152660692 0.5533612370
-198.1 -454.9 2471.9 0.5486955643 0.0880360678 -0.8313740492 -0.0563365854 0.9960733056 0.0682950541 0.8341218829 0.0093635805 0.5515006781
-111.3 -126.2 2612.2 0.1049984396 -0.2363063991 -0.9659889340 0.0039114431 0.9714488387 -0.2372168750 0.9944646955 0.0211289916 0.1029249057
-17.4 -512.3 2603.8 0.1106577739 0.1285271049 -0.9855128527 0.0467430949 0.9898324013 0.1343389750 0.9927587509 -0.0609315746 0.1035248935
172.3 -170.9 2353.2 0 0 0 0 0 0 0 0 0
231.0 -103.3 2577.6 0 0 0 0 0 0 0 0 0
-224.8 -757.5 2469.0 0 0 0 0 0 0 0 0 0
-45.4 -727.9 2617.1 0 0 0 0 0 0 0 0 0
260.0 343.7 2515.5 07 0.4272821546 0.7167906761 -0.5510363579 -0.4122349918 0.6968889236 0.5868629813 0.8046690226 -0.0235995967 0.5932543874
119.0 206.6 2520.2 0.4272821546 0.7167906761 -0.5510363579 -0.4122349918 0.6968889236 0.5868629813 0.8046690226 -0.0235995967 0.5932543874
-19.1 63.9 2528.5 0.4503563046 0.6949192882 -0.5605946183 -0.3891110122 0.7178688645 0.5772840381 0.8035992980 -0.0418499596 0.5936975479
55.6 261.3 2407.1 0.2120939791 0.3704653382 -0.9043072462 0.9252293706 0.2217630595 0.3078501225 0.3145897388 -0.9019848108 -0.2957307994
2.7 30.7 2328.7 -0.6504232287 0.3704653382 -0.6631026268 0.7551900744 0.2217630595 -0.6168541908 -0.0814714283 -0.9019848108 -0.4240115881
182.3 151.8 2633.2 0.0591141097 0.9822772145 -0.1778679341 -0.7880640030 0.1552910358 0.5956843495 0.6127484441 0.1049579680 0.7832772136
202.7 -120.1 2844.7 0.0916210189 0.9822772145 0.1635147482 0.0906995758 0.1552910358 -0.9836962223 -0.9916547537 0.1049579680 -0.0748642012
-194.7 -58.7 2459.4 0.5601174235 0.0118279830 -0.8283287883 0.0148193249 0.9995949864 0.0242944062 0.8282806277 -0.0258829929 0.5597153306
-199.4 -456.0 2469.7 0.5558187366 0.0839705467 -0.8270516396 -0.0503926352 0.9964590669 0.0673041865 0.8297747374 0.0042683827 0.5580821633
-111.9 -128.6 2607.3 0.1089754701 -0.2359899431 -0.9656257629 0.0183259994 0.9717229009 -0.2354118526 0.9938755035 0.0079580611 0.1102187186
-18.1 -514.9 2604.2 0.1124735698 0.1304633766 -0.9850527644 0.0445780046 0.9896824956 0.1361664683 0.9926542640 -0.0592268147 0.1054973304
169.4 -162.8 2349.6 0 0 0 0 0 0 0 0 0
227.3 -95.7 2578.1 0 0 0 0 0 0 0 0 0
-224.9 -757.6 2468.4 0 0 0 0 0 0 0 0 0
-46.0 -726.4 2616.8 0 0 0 0 0 0 0 0 0
259.0 345.6 2506.7 08 0.4358112812 0.7253714800 -0.5328271389 -0.4089807868 0.6869582534 0.6006854773 0.8017501235 -0.0438694544 0.5960471630
116.5 210.7 2515.3 0.4358112812 0.7253714800 -0.5328271389 -0.4089807868 0.6869582534 0.6006854773 0.8017501235 -0.0438694544 0.5960471630
-22.2 68.8 2526.3 0.4586054385 0.6980398893 -0.5499284863 -0.3865472972 0.7139291763 0.5838547349 0.8001638651 -0.0551855862 0.5972372293
52.0 265.1 2402.7 0.2244499922 0.3346181512 -0.9152337909 0.9294432402 0.2087300420 0.3042483628 0.2928438187 -0.9189463854 -0.2641591132
-4.2 32.4 2329.4 -0.6669375300 0.3346181512 -0.6657515168 0.7413843870 0.2087300420 -0.6377938390 -0.0744550526 -0.9189463854 -0.3872905672
181.1 156.3 2627.9 0.0629278794 0.9843298793 -0.1647262424 -0.7845948339 0.1508006901 0.6013901234 0.6168071032 0.0913991630 0.7817897201
202.8 -114.5 2840.7 0.0793489516 0.9843298793 0.1574750692 0.0840890706 0.1508006901 -0.9849812984 -0.9932938814 0.0913991630 -0.0708055049
-198.5 -43.1 2463.2 0.5708757639 0.0052120755 -0.8210198879 0.0267593488 0.9993304610 0.0249504913 0.8206002712 -0.0362135880 0.5703541040
-200.6 -440.3 2477.6 0.5662254691 0.0764012560 -0.8207018971 -0.0661744550 0.9966944456 0.0471292250 0.8215897083 0.0276237298 0.5694096088
-115.9 -114.5 2610.6 0.1255607605 -0.2502878904 -0.9599950314 0.0087185930 0.9678941369 -0.2512069941 0.9920476079 0.0231719315 0.1237116754
-16.4 -499.2 2601.4 0.1307902336 0.1297930777 -0.9828772545 0.0478419177 0.9894119501 0.1370222718 0.9902550578 -0.0649439096 0.1231958643
167.5 -158.4 2348.5 0 0 0 0 0 0 0 0 0
224.1 -91.9 2573.7 0 0 0 0 0 0 0 0 0
-224.7 -755.7 2468.8 0 0 0 0 0 0 0 0 0
-46.1 -725.9 2616.2 0 0 0 0 0 0 0 0 0
263.8 349.7 2500.7 09 0.4795593917 0.7277195454 -0.4903540015 -0.4458035231 0.6833614111 0.5781664252 0.7558320165 -0.0586635917 0.6521323323
120.2 214.8 2512.3 0.4795593917 0.7277195454 -0.4903540015 -0.4458035231 0.6833614111 0.5781664252 0.7558320165 -0.0586635917 0.6521323323
-19.0 73.3 2524.5 0.4993192255 0.7000964880 -0.5104362965 -0.4265008271 0.7114213705 0.5585487485 0.7541732788 -0.0611926354 0.6538181305
50.1 274.6 2406.5 0.2327632457 0.3201752305 -0.9183186293 0.9225260615 0.2262015045 0.3126956820 0.3078424633 -0.9199569225 -0.2427185923
-10.8 33.4 2326.0 -0.6995962858 0.3201752305 -0.6387901306 0.7112375498 0.2262015045 -0.6655629277 -0.0686014816 -0.9199569225 -0.3859703839
190.2 154.9 2618.2 0.0893256068 0.9893681407 -0.1147675887 -0.8134818673 0.1389566809 0.5647462010 0.5746896267 0.0429150537 0.8172454238
221.0 -125.4 2816.2 0.0246609114 0.9893681407 0.1433265507 0.1305160969 0.1389566809 -0.9816601276 -0.9911394119 0.0429150537 -0.1257016659
-203.0 -37.6 2463.8 0.6161981225 -0.0114604915 -0.7875077724 0.0319966674 0.9994329214 0.0104916971 0.7869409919 -0.0316625871 0.6162153482
-198.4 -434.9 2476.4 0.6110693812 0.0818108097 -0.7873380184 -0.0685137808 0.9963784814 0.0503568389 0.7886064053 0.0231719837 0.6144615412
-118.8 -108.6 2610.6 0.1665058136 -0.2577504814 -0.9517565370 0.0178012867 0.9658591747 -0.2584554255 0.9858797789 0.0260918420 0.1654094607
-16.4 -492.5 2600.3 0.1694927812 0.1272974312 -0.9772755504 0.0406870693 0.9898737073 0.1359949559 0.9846912026 -0.0628126413 0.1625970900
169.7 -150.0 2343.7 0 0 0 0 0 0 0 0 0
227.6 -90.4 2550.3 0 0 0 0 0 0 0 0 0
-225.0 -758.2 2468.9 0 0 0 0 0 0 0 0 0
-46.3 -725.1 2615.0 0 0 0 0 0 0 0 0 0
264.1 347.9 2497.8 10 0.4858452380 0.7323741913 -0.4770560861 -0.4549281001 0.6779326797 0.5774493217 0.7463208437 -0.0635247901 0.6625479460
118.9 213.5 2510.3 0.4858452380 0.7323741913 -0.4770560861 -0.4549281001 0.6779326797 0.5774493217 0.7463208437 -0.0635247901 0.6625479460
-21.2 73.0 2523.1 0.5049916506 0.7048707008 -0.4981372356 -0.4364858866 0.7064496875 0.5571435690 0.7446230650 -0.0639229715 0.6644173265
47.9 274.8 2405.7 0.2591181099 0.3228881955 -0.9102752209 0.9115046263 0.2299180180 0.3410234153 0.3194011152 -0.9180854559 -0.2347381711
-19.4 38.1 2322.8 -0.7297532558 0.3228881955 -0.6026635766 0.6781764627 0.2299180180 -0.6980074048 -0.0868151337 -0.9180854559 -0.3867585957
189.8 152.1 2615.0 0.0903674215 0.9907964468 -0.1007774025 -0.8185997009 0.1315300763 0.5591014028 0.5672109723 0.0319718011 0.8229517341
221.0 -130.2 2810.6 0.0136090582 0.9907964468 0.1346742362 0.1382055879 0.1315300763 -0.9816308022 -0.9903100729 0.0319718011 -0.1351436079
-203.7 -29.1 2467.7 0.6258202791 -0.0184207968 -0.7797497511 0.0234901253 0.9997127056 -0.0047642328 0.7796134949 -0.0153348651 0.6260731816
-196.4 -426.5 2473.8 0.6207321286 0.0860392749 -0.7792873979 -0.0620615296 0.9962334633 0.0605574027 0.7815625072 0.0107738413 0.6237338781
-112.4 -107.2 2605.7 0.1732591987 -0.2419277877 -0.9547000527 0.0290749278 0.9701943398 -0.2405776232 0.9844470024 0.0139244488 0.1751291156
-16.2 -492.8 2600.2 0.1751882881 0.1299981773 -0.9759147167 0.0436155722 0.9892464280 0.1396035701 0.9835683703 -0.0670219883 0.1676344424
169.4 -137.3 2345.2 0 0 0 0 0 0 0 0 0
224.6 -93.0 2544.6 0 0 0 0 0 0 0 0 0
-225.0 -757.3 2470.2 0 0 0 0 0 0 0 0 0
-46.8 -725.3 2615.9 0 0 0 0 0 0 0 0 0
268.0 356.3 2506.3 11 0.4573722184 0.7254794836 -0.5142860413 -0.4392872453 0.6871523857 0.5786607862 0.7731994390 -0.0387440771 0.6329783201
124.0 219.8 2514.0 0.4573722184 0.7254794836 -0.5142860413 -0.4392872453 0.6871523857 0.5786607862 0.7731994390 -0.0387440771 0.6329783201
-15.9 78.9 2522.7 0.4741337001 0.7039616704 -0.5288054347 -0.4229175746 0.7088738084 0.5644808412 0.7722291946 -0.0439982899 0.6338187456
57.4 279.3 2405.5 0.3100996912 0.3260675371 -0.8930386901 0.8936659694 0.2204936147 0.3908244371 0.3243445158 -0.9192728400 -0.2230204642
-25.0 42.0 2319.3 -0.7401435375 0.3260675371 -0.5881050229 0.6644908786 0.2204936147 -0.7140269279 -0.1031475961 -0.9192728400 -0.3798658252
190.5 160.4 2622.5 0.0691878274 0.9879195094 -0.1386652589 -0.8097668886 0.1367985010 0.5705819726 0.5826582313 0.0728092045 0.8094493151
214.4 -118.9 2823.4 0.0558983721 0.9879195094 0.1445350498 0.1236329526 0.1367985010 -0.9828535318 -0.9907523990 0.0728092045 -0.1144925952
-207.6 -27.4 2467.6 0.5916596055 -0.0306009315 -0.8056069016 0.0272460021 0.9994674921 -0.0179545097 0.8057273626 -0.0113266082 0.5921783447
-195.4 -424.7 2472.1 0.5861036777 0.0885579810 -0.8053818345 -0.0616467781 0.9960016608 0.0646556541 0.8078874350 0.0117542818 0.5892195702
-115.1 -107.4 2604.0 0.1363995671 -0.2496302128 -0.9586865306 0.0208832808 0.9682405591 -0.2491467446 0.9904337525 0.0139629878 0.1372806877
-15.8 -492.3 2598.5 0.1423730552 0.1328548193 -0.9808565378 0.0643293783 0.9876142740 0.1431076676 0.9877204299 -0.0834725648 0.1320631951
166.9 -130.3 2346.1 0 0 0 0 0 0 0 0 0
229.4 -85.7 2557.4 0 0 0 0 0 0 0 0 0
-224.7 -754.6 2468.2 0 0 0 0 0 0 0 0 0
-47.2 -725.4 2618.2 0 0 0 0 0 0 0 0 0
266.6 356.6 2509.0 12 0.4647516608 0.7271810770 -0.5051866174 -0.4668062925 0.6860420108 0.5580665469 0.7523946762 -0.0235380568 0.6582918763
122.2 220.3 2513.7 0.4647516608 0.7271810770 -0.5051866174 -0.4668062925 0.6860420108 0.5580665469 0.7523946762 -0.0235380568 0.6582918763
-18.0 79.5 2519.6 0.4828834534 0.7052139640 -0.5191308260 -0.4491553009 0.7083698511 0.5444921255 0.7517200708 -0.0297558811 0.6588106751
54.3 283.5 2408.1 0.2578851581 0.3249157965 -0.9099038243 0.9084077477 0.2392198890 0.3428837061 0.3290754259 -0.9149882793 -0.2334647626
-16.9 32.6 2317.2 -0.7804427743 0.3249157965 -0.5341711044 0.6142699122 0.2392198890 -0.7519616485 -0.1165398657 -0.9149882793 -0.3862834275
190.0 157.2 2619.3 0.0746872053 0.9890995026 -0.1269014627 -0.8285158277 0.1323689371 0.5440955758 0.5549624562 0.0645028949 0.8293708563
215.8 -128.5 2810.7 0.0434864759 0.9890995026 0.1406807899 0.1559256911 0.1323689371 -0.9788593650 -0.9868111014 0.0645028949 -0.1484697759
-199.1 -23.3 2460.8 0.6013016701 -0.0172146242 -0.7988366485 0.0311512016 0.9995128512 0.0019090641 0.7984146476 -0.0260326453 0.6015449762
-192.3 -420.6 2471.1 0.5946419239 0.0972322673 -0.7980895042 -0.0665259659 0.9952066541 0.0716800168 0.8012335896 0.0104697319 0.5982601047
-112.3 -100.9 2602.2 0.1397601962 -0.2435765564 -0.9597591162 0.0250880048 0.9698320627 -0.2424796522 0.9898675084 0.0098105613 0.1416547596
-15.5 -486.4 2598.3 0.1433719844 0.1313605011 -0.9809122682 0.0518978573 0.9887903333 0.1400009990 0.9883071780 -0.0709794685 0.1349474937
187.9 -128.6 2347.8 0 0 0 0 0 0 0 0 0
227.5 -86.6 2545.7 0 0 0 0 0 0 0 0 0
-224.8 -753.2 2467.6 0 0 0 0 0 0 0 0 0
-47.1 -724.3 2615.4 0 0 0 0 0 0 0 0 0
265.8 357.2 2501.9 13 0.5391336679 0.7247259021 -0.4290772080 -0.5505428314 0.6888006330 0.4716527760 0.6373676062 -0.0180585235 0.7703482509
123.3 221.7 2505.5 0.5391336679 0.7247259021 -0.4290772080 -0.5505428314 0.6888006330 0.4716527760 0.6373676062 -0.0180585235 0.7703482509
-16.0 80.0 2510.3 0.5613362193 0.7003542781 -0.4409144223 -0.5286974907 0.7133536935 0.4600059986 0.6366950870 -0.0251076743 0.7707067728
45.3 295.1 2417.1 0.1747051328 0.3143434227 -0.9330950379 0.9267246723 0.2676756084 0.2636876404 0.3326552510 -0.9107897878 -0.2445454895
-5.5 25.7 2320.4 -0.8056186438 0.3143434227 -0.5021621585 0.5827313066 0.2676756084 -0.7673161030 -0.1067842096 -0.9107897878 -0.3988221884
201.3 148.4 2593.8 0.1274465919 0.9914239645 -0.0289115477 -0.8879273534 0.1270343959 0.4420941770 0.4419755340 -0.0306720417 0.8965025544
244.8 -155.0 2744.8 -0.0643611029 0.9914239645 0.1137372404 0.2703632712 0.1270343959 -0.9543405771 -0.9606046677 -0.0306720417 -0.2762207091
-202.4 -20.1 2456.7 0.6833550334 -0.0363238938 -0.7291820645 0.0473678745 0.9988631010 -0.0053670052 0.7285479903 -0.0308722351 0.6842986941
-188.0 -417.1 2469.0 0.6746837497 0.1121331826 -0.7295395732 -0.0754984915 0.9936928153 0.0829130262 0.7342355251 -0.0008609366 0.6788942814
-113.9 -102.4 2594.4 0.2106491327 -0.2465706617 -0.9459544420 0.0627783313 0.9690818787 -0.2386192679 0.9755438566 -0.0091204979 0.2196155638
-15.9 -487.7 2598.1 0.2082764804 0.1272887141 -0.9697517753 0.0440561697 0.9892679453 0.1393124610 0.9770772457 -0.0717390552 0.2004334033
208.4 -129.1 2348.7 0 0 0 0 0 0 0 0 0
227.7 -83.3 2490.0 0 0 0 0 0 0 0 0 0
-226.0 -754.5 2469.2 0 0 0 0 0 0 0 0 0
-46.4 -724.3 2615.2 0 0 0 0 0 0 0 0 0
266.6 357.7 2499.3 14 0.5747936964 0.7155908942 -0.3969154358 -0.5739654899 0.6982865334 0.4277377129 0.5832459331 -0.0180452000 0.8120951653
125.7 220.2 2502.9 0.5747936964 0.7155908942 -0.3969154358 -0.5739654899 0.6982865334 0.4277377129 0.5832459331 -0.0180452000 0.8120951653
-11.7 76.7 2508.3 0.5983421803 0.6910902858 -0.4054391086 -0.5501853228 0.7222368121 0.4191301763 0.5824798346 -0.0277166385 0.8123724461
42.2 296.9 2421.7 0.1335036159 0.3234981596 -0.9367634058 0.9333023429 0.2768995166 0.2286337316 0.3333519101 -0.9048069119 -0.2649545074
2.8 21.7 2323.4 -0.8166929483 0.3234981596 -0.4778718650 0.5646271110 0.2768995166 -0.7775107026 -0.1192008108 -0.9048069119 -0.4087977111
209.2 143.5 2584.1 0.1607076377 0.9869291186 0.0119969156 -0.9050788283 0.1425091922 0.4006537497 0.3937071860 -0.0752462670 0.9161509871
264.3 -166.7 2719.0 -0.1170028225 0.9869291186 0.1108206138 0.3125500381 0.1425091922 -0.9391504526 -0.9426679015 -0.0752462670 -0.3251387179
-206.1 -13.9 2457.6 0.7178834081 -0.0411297269 -0.6949473023 0.0525106005 0.9986085296 -0.0048579355 0.6941801310 -0.0330046713 0.7190442681
-189.8 -410.9 2470.7 0.7105640173 0.1027615741 -0.6960882545 -0.0764628574 0.9946965575 0.0687913224 0.6994656324 0.0043442557 0.7146530151
-104.4 -109.6 2572.9 0.2358756959 -0.2207495421 -0.9463785291 0.1175164506 0.9731901884 -0.1977137178 0.9646515250 -0.0645791814 0.2554936111
-16.8 -495.7 2598.5 0.2270666212 0.1290320158 -0.9652934670 0.0455019660 0.9886958599 0.1428637058 0.9728156924 -0.0763623267 0.2186286300
222.2 -130.0 2355.4 0 0 0 0 0 0 0 0 0
233.1 -83.4 2467.8 0 0 0 0 0 0 0 0 0
-225.1 -752.8 2469.3 0 0 0 0 0 0 0 0 0
-46.5 -723.4 2616.1 0 0 0 0 0 0 0 0 0
264.6 358.2 2498.6 15 0.4945562184 0.7253761888 -0.4787938595 -0.4860543013 0.6875072718 0.5395228863 0.7205312848 -0.0341045856 0.6925832033
120.9 222.0 2505.3 0.4945562184 0.7253761888 -0.4787938595 -0.4860543013 0.6875072718 0.5395228863 0.7205312848 -0.0341045856 0.6925832033
-18.5 80.7 2513.6 0.5164478421 0.7007665038 -0.4921462238 -0.4645703137 0.7120795846 0.5264191031 0.7193441987 -0.0432315022 0.6933072805
49.6 285.8 2406.1 0.1548332721 0.3031826615 -0.9402695894 0.9413686991 0.2434952557 0.2335274220 0.2997526526 -0.9212982059 -0.2477054894
5.9 20.1 2321.5 -0.8233749866 0.3031826615 -0.4797227681 0.5536428690 0.2434952557 -0.7963602543 -0.1246323958 -0.9212982059 -0.3683428168
192.3 158.2 2604.5 0.0939112380 0.9917170405 -0.0876241699 -0.8433355093 0.1260176003 0.5224028826 0.5291180015 0.0248370748 0.8481846452
224.2 -128.0 2784.1 0.0017884667 0.9917170405 0.1284294277 0.1798049957 0.1260176003 -0.9755971432 -0.9837006330 0.0248370748 -0.1780903041
-203.5 -16.9 2460.7 0.6342411637 -0.0319525637 -0.7724747062 0.0408385359 0.9991353154 -0.0077976091 0.7720559239 -0.0266011711 0.6349976659
-190.8 -414.1 2471.3 0.6268729568 0.1007042378 -0.7725859284 -0.0721718669 0.9948536158 0.0711162165 0.7757715583 0.0111781349 0.6309148073
-101.5 -111.1 2573.9 0.1529005468 -0.2082837522 -0.9660431147 0.1006365940 0.9757372737 -0.1944455951 0.9831041098 -0.0674884543 0.1701517254
-17.5 -504.8 2601.1 0.1461187303 0.1319122314 -0.9804328084 0.0483239777 0.9889349937 0.1402581185 0.9880861044 -0.0678727478 0.1381274015
229.6 -130.3 2355.4 0 0 0 0 0 0 0 0 0
224.6 -80.7 2525.1 0 0 0 0 0 0 0 0 0
-225.0 -751.7 2467.5 0 0 0 0 0 0 0 0 0
-46.6 -723.3 2616.1 0 0 0 0 0 0 0 0 0
266.5 356.2 2497.2 16 0.4945533574 0.7347814441 -0.4642339647 -0.4756110609 0.6758485436 0.5630478263 0.7274689674 -0.0576623902 0.6837133169
120.8 222.2 2508.6 0.4945533574 0.7347814441 -0.4642339647 -0.4756110609 0.6758485436 0.5630478263 0.7274689674 -0.0576623902 0.6837133169
-19.9 82.3 2520.2 0.5147055984 0.7076547146 -0.4840485156 -0.4563321471 0.7040773034 0.5440919995 0.7258368731 -0.0591602921 0.6853181124
49.1 285.6 2407.5 0.1447551697 0.3404274881 -0.9290614128 0.9336073399 0.2640300095 0.2422095835 0.3277549148 -0.9024395943 -0.2796058953
8.1 21.1 2314.7 -0.8216843605 0.3404274881 -0.4571038485 0.5501177907 0.2640300095 -0.7922490835 -0.1490142345 -0.9024395943 -0.4042245448
192.6 158.7 2609.7 0.0917856470 0.9924297929 -0.0815993175 -0.8329756260 0.1214235201 0.5398221016 0.5456436276 0.0184223242 0.8378148079
224.0 -126.3 2796.4 -0.0013794795 0.9924297929 0.1228053346 0.1610146761 0.1214235201 -0.9794542193 -0.9869510531 0.0184223242 -0.1599632651
-204.5 -19.1 2457.2 0.6376045346 -0.0337853916 -0.7696226239 0.0539126322 0.9985452890 0.0008298831 0.7684750557 -0.0420215204 0.6384984851
-191.1 -416.1 2473.9 0.6297741532 0.1016119346 -0.7701036334 -0.0742486417 0.9947422743 0.0705331266 0.7732216120 0.0127592087 0.6340075135
-115.0 -99.4 2590.1 0.1711108983 -0.2497745752 -0.9530654550 0.0599797927 0.9681785107 -0.2429667115 0.9834243655 -0.0155904163 0.1806473136
-15.1 -486.3 2596.3 0.1721971631 0.1275103986 -0.9767749310 0.0683482066 0.9876503944 0.1409793347 0.9826884866 -0.0910370499 0.1613554955
232.7 -129.3 2355.4 0 0 0 0 0 0 0 0 0
223.7 -83.5 2533.8 0 0 0 0 0 0 0 0 0
-225.4 -751.7 2469.6 0 0 0 0 0 0 0 0 0
-46.1 -725.9 2618.4 0 0 0 0 0 0 0 0 0
265.5 355.8 2497.0 17 0.4930158257 0.7260073423 -0.4794254005 -0.4500294030 0.6844099164 0.5736345649 0.7445864081 -0.0670553818 0.6641495824
121.5 220.0 2510.3 0.4930158257 0.7260073423 -0.4794254005 -0.4500294030 0.6844099164 0.5736345649 0.7445864081 -0.0670553818 0.6641495824
-17.4 78.5 2523.8 0.5122653246 0.6986751556 -0.4994369447 -0.4311597943 0.7121554017 0.5540179610 0.7427552938 -0.0684670731 0.6660531759
49.8 280.2 2406.3 0.1373023540 0.3673501015 -0.9198923707 0.9335859418 0.2623479962 0.2441123724 0.3310066462 -0.8923157454 -0.3069318831
11.6 20.4 2314.2 -0.8190411329 0.3673501015 -0.4407103062 0.5458465219 0.2623479962 -0.7957544327 -0.1767009944 -0.8923157454 -0.4153905809
193.2 159.7 2614.2 0.0984400213 0.9900654554 -0.1003989354 -0.8172486424 0.1379960328 0.5595192313 0.5678153038 0.0269718058 0.8227139711
227.1 -121.0 2809.3 0.0079595977 0.9900654554 0.1403817236 0.1365106404 0.1379960328 -0.9809800982 -0.9906066060 0.0269718058 -0.1340560764
-207.5 -16.2 2465.8 0.6296541691 -0.0399087518 -0.7758498192 0.0369569845 0.9990876913 -0.0213987622 0.7759960294 -0.0151992487 0.6305546761
-191.6 -413.2 2471.9 0.6223203540 0.1026374474 -0.7760044932 -0.0677791536 0.9947084188 0.0772082955 0.7798226476 0.0045486349 0.6259839535
-115.6 -97.4 2599.5 0.1676042974 -0.2601309717 -0.9509156942 0.0535746887 0.9655380249 -0.2546882033 0.9843975306 -0.0082581751 0.1757647693
-11.9 -482.3 2602.8 0.1654368639 0.1393611133 -0.9763243198 0.0380636863 0.9883257747 0.1475240439 0.9854855537 -0.0615684167 0.1582009196
236.2 -129.3 2362.7 0 0 0 0 0 0 0 0 0
229.2 -84.5 2544.4 0 0 0 0 0 0 0 0 0
-226.6 -752.3 2470.3 0 0 0 0 0 0 0 0 0
-46.4 -726.9 2618.0 0 0 0 0 0 0 0 0 0
262.5 354.7 2496.9 18 0.4814089835 0.7190333009 -0.5012350082 -0.4223286211 0.6913893819 0.5861905217 0.7680389881 -0.0705114827 0.6365093589
119.3 217.0 2510.9 0.4814089835 0.7190333009 -0.5012350082 -0.4223286211 0.6913893819 0.5861905217 0.7680389881 -0.0705114827 0.6365093589
-18.5 74.5 2525.8 0.5006096959 0.6925171614 -0.5194323659 -0.4031641483 0.7174980640 0.5680274963 0.7660604715 -0.0749435499 0.6383845806
49.0 273.5 2403.5 0.1331079006 0.3825451732 -0.9142983556 0.9341367483 0.2598218620 0.2447063178 0.3311659098 -0.8866519928 -0.3227651417
12.9 20.1 2313.6 -0.8165130615 0.3825451732 -0.4323952198 0.5441753268 0.2598218620 -0.7977253795 -0.1928202510 -0.8866519928 -0.4203195870
189.5 160.6 2618.4 0.0954251140 0.9876043200 -0.1246263683 -0.7985604405 0.1506961137 0.5827451348 0.5943023562 0.0439131632 0.8030419350
222.3 -114.3 2822.9 0.0278511643 0.9876043200 0.1544732898 0.1070869341 0.1506961137 -0.9827629924 -0.9938594699 0.0439131632 -0.1015624553
-203.1 -23.7 2469.6 0.6141043901 -0.0310748294 -0.7886127830 0.0240900554 0.9994969964 -0.0206253175 0.7888570428 -0.0063316287 0.6145440936
-190.8 -421.0 2472.1 0.6067529321 0.1070719063 -0.7876461744 -0.0691396296 0.9942398667 0.0818952546 0.7918779254 0.0047673793 0.6106608510
-110.5 -101.5 2606.1 0.1603933424 -0.2426671535 -0.9567583799 0.0296229757 0.9700546861 -0.2410734743 0.9866085649 0.0103245499 0.1627788246
-13.9 -487.6 2602.0 0.1626235396 0.1378967911 -0.9770046473 0.0454595685 0.9880871773 0.1470278054 0.9856404066 -0.0683243871 0.1544174999
237.6 -129.6 2366.7 0 0 0 0 0 0 0 0 0
229.8 -85.6 2556.6 0 0 0 0 0 0 0 0 0
-226.4 -752.1 2470.5 0 0 0 0 0 0 0 0 0
-47.0 -725.0 2618.4 0 0 0 0 0 0 0 0 0
264.6 354.4 2496.8 19 0.4619937241 0.7257168293 -0.5098008513 -0.4121417105 0.6846628785 0.6011455059 0.7853031158 -0.0676152483 0.6154081225
120.6 218.5 2510.2 0.4619937241 0.7257168293 -0.5098008513 -0.4121417105 0.6846628785 0.6011455059 0.7853031158 -0.0676152483 0.6154081225
-17.7 76.5 2525.1 0.4848313034 0.6954909563 -0.5303121209 -0.3896566331 0.7146074176 0.5809508562 0.7830110788 -0.0750235394 0.6174667478
52.5 273.2 2400.3 0.1681626588 0.3909236193 -0.9049309492 0.9296315312 0.2424539775 0.2774910927 0.3278819323 -0.8879159689 -0.3226432204
8.0 27.3 2313.5 -0.7732017636 0.3909236193 -0.4993373156 0.6098529100 0.2424539775 -0.7545167208 -0.1738920957 -0.8879159689 -0.4258717597
188.7 163.9 2620.2 0.0826749727 0.9868487716 -0.1389042735 -0.7873219252 0.1501288116 0.5979846120 0.6109738946 0.0599240139 0.7893795371
217.2 -107.4 2830.7 0.0469920859 0.9868487716 0.1546650976 0.0882551819 0.1501288116 -0.9847194552 -0.9949887991 0.0599240139 -0.0800396502
-201.9 -31.3 2470.7 0.5994007587 -0.0239416622 -0.8000909686 0.0169704966 0.9997079968 -0.0172012225 0.8002691865 -0.0032675150 0.5996320248
-192.4 -428.7 2472.0 0.5925734639 0.1039239764 -0.7987843752 -0.0704507604 0.9945290685 0.0771273971 0.8024296761 0.0105713168 0.5966530442
-110.8 -104.6 2611.2 0.1516283900 -0.2405211478 -0.9587274790 0.0067434064 0.9701715112 -0.2423256636 0.9884145856 0.0302783605 0.1487274766
-15.2 -490.4 2599.2 0.1579764485 0.1313486546 -0.9786679745 0.0532641336 0.9885370135 0.1412710845 0.9860052466 -0.0744454041 0.1491693854
220.5 -140.3 2361.3 0 0 0 0 0 0 0 0 0
229.8 -83.7 2563.7 0 0 0 0 0 0 0 0 0
-226.1 -750.6 2468.5 0 0 0 0 0 0 0 0 0
-46.4 -725.4 2616.9 0 0 0 0 0 0 0 0 0
268.1 353.2 2496.8 20 0.4996843040 0.7254065871 -0.4733929634 -0.4608236849 0.6853775382 0.5638254285 0.7334555984 -0.0635840297 0.6767569184
123.9 217.0 2509.4 0.4996843040 0.7254065871 -0.4733929634 -0.4608236849 0.6853775382 0.5638254285 0.7334555984 -0.0635840297 0.6767569184
-14.8 75.2 2523.1 0.5212838054 0.6975597143 -0.4916031361 -0.4395936728 0.7132470608 0.5459268093 0.7314510345 -0.0684771612 0.6784469485
50.8 278.5 2406.9 0.1996869594 0.3866553009 -0.9003459215 0.9147012830 0.2559169233 0.3127748370 0.3513498008 -0.8860046268 -0.3025708199
-2.0 36.7 2314.1 -0.7394748330 0.3866553009 -0.5510668159 0.6601076126 0.2559169233 -0.7062325478 -0.1320412457 -0.8860046268 -0.4444782436
197.0 155.4 2611.9 0.1059215292 0.9901889563 -0.0911399573 -0.8237819672 0.1387144476 0.5496740341 0.5569235682 0.0168571435 0.8303926587
233.4 -128.0 2803.5 -0.0039768158 0.9901889563 0.1396783739 0.1485623568 0.1387144476 -0.9791259170 -0.9888950586 0.0168571435 -0.1476564407
-200.3 -29.9 2468.3 0.6398707032 -0.0122843375 -0.7683843970 0.0164815914 0.9998615980 -0.0022600016 0.7683058381 -0.0112180896 0.6399846077
-195.5 -427.3 2472.8 0.6341637373 0.0929076746 -0.7675966024 -0.0711677074 0.9955540895 0.0617025159 0.7699165344 0.0154985879 0.6379563212
-111.8 -101.0 2612.0 0.1877297610 -0.2431703210 -0.9516437054 0.0091161504 0.9692591429 -0.2458731979 0.9821783900 0.0374823920 0.1841755658
-15.1 -486.4 2597.1 0.1943471283 0.1282102019 -0.9725180268 0.0583365001 0.9881562591 0.1419297457 0.9791966081 -0.0843169391 0.1845659912
201.1 -144.6 2350.3 0 0 0 0 0 0 0 0 0
232.3 -88.2 2538.7 0 0 0 0 0 0 0 0 0
-225.8 -752.3 2467.7 0 0 0 0 0 0 0 0 0
-46.1 -725.3 2617.5 0 0 0 0 0 0 0 0 0
264.3 351.6 2496.8 21 0.4852827191 0.7168343067 -0.5006488562 -0.4378646016 0.6948580146 0.5704795122 0.7568191886 -0.0576274358 0.6510789394
121.6 213.2 2508.3 0.4852827191 0.7168343067 -0.5006488562 -0.4378646016 0.6948580146 0.5704795122 0.7568191886 -0.0576274358 0.6510789394
-15.8 70.2 2521.5 0.5064021349 0.6910352111 -0.5157781839 -0.4166437387 0.7197741866 0.5552775264 0.7549601793 -0.0662979558 0.6524106860
50.5 271.7 2402.3 0.2370674610 0.3531079888 -0.9050490260 0.9075114131 0.2520027161 0.3360321820 0.3467304707 -0.9010046721 -0.2607078850
-8.6 45.5 2315.9 -0.7183797956 0.3531079888 -0.5993706584 0.6899920106 0.2520027161 -0.6785319448 -0.0885520205 -0.9010046721 -0.4246753752
192.6 154.8 2614.2 0.1007618532 0.9876429439 -0.1200352758 -0.8093863726 0.1515345573 0.5673896074 0.5785678029 0.0399836898 0.8146536350
227.4 -124.0 2813.5 0.0208298117 0.9876429439 0.1553304195 0.1259394288 0.1515345573 -0.9803960919 -0.9918192029 0.0399836898 -0.1212267503
-201.2 -26.4 2469.9 0.6192556024 -0.0156799778 -0.7850328684 0.0177244414 0.9998250008 -0.0059886323 0.7849893570 -0.0102057746 0.6194251776
-194.9 -423.9 2473.9 0.6138341427 0.0905347690 -0.7842264175 -0.0657953992 0.9958130121 0.0634615719 0.7866883874 0.0126436073 0.6172208190
-106.0 -106.6 2603.6 0.1634985209 -0.2253882885 -0.9604521394 0.0242846701 0.9741771817 -0.2244751304 0.9862446189 0.0133770881 0.1647500098
-16.4 -493.8 2598.3 0.1683036834 0.1261294633 -0.9776324630 0.0610756017 0.9885401726 0.1380511522 0.9838412404 -0.0829440132 0.1586715132
189.1 -144.3 2340.2 0 0 0 0 0 0 0 0 0
232.9 -90.2 2547.5 0 0 0 0 0 0 0 0 0
-225.1 -755.0 2469.7 0 0 0 0 0 0 0 0 0
-45.9 -725.0 2617.7 0 0 0 0 0 0 0 0 0
267.8 352.2 2495.8 22 0.5058954358 0.7220751643 -0.4718869328 -0.4531666636 0.6879588962 0.5668796897 0.7339685559 -0.0729384050 0.6752556562
124.3 215.5 2510.3 0.5058954358 0.7220751643 -0.4718869328 -0.4531666636 0.6879588962 0.5668796897 0.7339685559 -0.0729384050 0.6752556562
-13.9 73.5 2525.4 0.5252505541 0.6957593560 -0.4899293482 -0.4340245426 0.7142704725 0.5490358472 0.7319388986 -0.0757400021 0.6771476269
50.6 276.5 2407.5 0.2425409406 0.3640159070 -0.8992587328 0.9026437402 0.2550309300 0.3466892838 0.3555392027 -0.8957966566 -0.2667212486
-10.6 48.8 2317.8 -0.6991295815 0.3640159070 -0.6153943539 0.7102910876 0.2550309300 -0.6560837030 -0.0818803087 -0.8957966566 -0.4368569255
198.1 154.5 2613.1 0.1108432338 0.9898140430 -0.0893414617 -0.8198977113 0.1418786496 0.5546514392 0.5616773963 0.0117715057 0.8272725940
236.3 -128.1 2806.7 -0.0086482102 0.9898140430 0.1421032250 0.1424536258 0.1418786496 -0.9795802236 -0.9897636771 0.0117715057 -0.1422296017
-199.5 -34.8 2465.6 0.6430059075 -0.0140309008 -0.7657327056 0.0249305740 0.9996857643 0.0026171198 0.7654553652 -0.0207729787 0.6431536078
-193.9 -432.2 2473.9 0.6366956830 0.0955250710 -0.7651755214 -0.0733778104 0.9952998757 0.0631969497 0.7676159739 0.0159096792 0.6407125592
-106.9 -111.0 2603.8 0.1897276193 -0.2267540544 -0.9552937150 0.0250421893 0.9737669826 -0.2261654288 0.9815173745 0.0189871825 0.1904288977
-16.8 -498.1 2596.3 0.1957421154 0.1279776692 -0.9722688794 0.0699466169 0.9871008396 0.1440119743 0.9781576991 -0.0961961225 0.1842655987
180.5 -145.4 2340.1 0 0 0 0 0 0 0 0 0
234.0 -89.9 2541.0 0 0 0 0 0 0 0 0 0
-225.0 -755.6 2468.7 0 0 0 0 0 0 0 0 0
-46.3 -726.0 2618.5 0 0 0 0 0 0 0 0 0
269.4 355.5 2503.8 23 0.4807507992 0.7176974416 -0.5037747622 -0.4366121590 0.6941661835 0.5722788572 0.7604265213 -0.0551693141 0.6470763683
127.2 218.0 2514.7 0.4807507992 0.7176974416 -0.5037747622 -0.4366121590 0.6941661835 0.5722788572 0.7604265213 -0.0551693141 0.6470763683
-11.5 76.1 2527.0 0.4970543683 0.6979873180 -0.5155100822 -0.4204017818 0.7134270072 0.5606105924 0.7590779066 -0.0619325936 0.6480470896
57.4 277.1 2408.1 0.2623892426 0.3443473279 -0.9014304280 0.9017934799 0.2449303120 0.3560585380 0.3433954418 -0.9063299894 -0.2462630868
-8.4 50.9 2322.0 -0.6808668375 0.3443473279 -0.6464095712 0.7298244238 0.2449303120 -0.6382519007 -0.0614550449 -0.9063299894 -0.4180780053
197.0 158.9 2621.4 0.0896386132 0.9886100292 -0.1208930388 -0.8096877933 0.1430166662 0.5691677332 0.5799746513 0.0468662083 0.8132852912
227.9 -120.3 2821.3 0.0289885141 0.9886100292 0.1476816684 0.1246196106 0.1430166662 -0.9818432331 -0.9917810559 0.0468662083 -0.1190543547
-200.3 -28.7 2473.4 0.6138853431 -0.0240053553 -0.7890301347 0.0104627684 0.9996971488 -0.0222743656 0.7893258929 0.0054184669 0.6139505506
-190.8 -426.1 2471.3 0.6074187756 0.1040652916 -0.7875359654 -0.0709362179 0.9945272207 0.0767047927 0.7912082672 0.0092728874 0.6114764810
-104.2 -108.2 2607.5 0.1610171050 -0.2225487083 -0.9615329504 0.0044144271 0.9743978977 -0.2247871011 0.9869417548 0.0319499522 0.1578771621
-15.7 -495.6 2594.8 0.1708400697 0.1283259541 -0.9769064188 0.0766469389 0.9867470860 0.1430225372 0.9823130369 -0.0993108675 0.1587401479
176.2 -146.9 2338.6 0 0 0 0 0 0 0 0 0
235.7 -86.8 2555.1 0 0 0 0 0 0 0 0 0
-225.1 -754.4 2468.2 0 0 0 0 0 0 0 0 0
-45.9 -727.7 2618.2 0 0 0 0 0 0 0 0 0
272.3 357.0 2499.3 24 0.4748892188 0.7257304788 -0.4977905750 -0.4373786449 0.6854698062 0.5820919871 0.7636623383 -0.0587062463 0.6429412365
128.0 220.7 2511.0 0.4748892188 0.7257304788 -0.4977905750 -0.4373786449 0.6854698062 0.5820919871 0.7636623383 -0.0587062463 0.6429412365
-11.2 79.2 2523.0 0.4927537739 0.7001091242 -0.5167600513 -0.4198764563 0.7114515901 0.5635072589 0.7621663213 -0.0606949553 0.6445297599
58.7 279.7 2403.8 0.2427503318 0.3253826499 -0.9138919115 0.9171944261 0.2298455089 0.3254618943 0.3159536123 -0.9172225595 -0.2426440716
-1.7 51.4 2325.1 -0.6480461359 0.3253826499 -0.6885944605 0.7605865002 0.2298455089 -0.6071895957 -0.0392986089 -0.9172225595 -0.3964321315
197.2 161.6 2618.1 0.0854509994 0.9887207150 -0.1230018735 -0.8083614111 0.1409681588 0.5715591311 0.5824517012 0.0505896658 0.8112895489
226.7 -117.2 2819.1 0.0333600044 0.9887207150 0.1460083723 0.1220105588 0.1409681588 -0.9824669957 -0.9919680357 0.0505896658 -0.1159316674
-195.7 -27.2 2469.8 0.6106246114 -0.0135633778 -0.7918040156 0.0085099088 0.9999079704 -0.0105654551 0.7918744683 -0.0002866531 0.6106838584
-190.3 -424.7 2470.0 0.6041678786 0.1065971926 -0.7896950245 -0.0689653233 0.9942884445 0.0814513490 0.7938670516 0.0052512838 0.6080686450
-104.7 -104.3 2608.9 0.1571052521 -0.2231051177 -0.9620509744 0.0053513395 0.9743260741 -0.2250779122 0.9875673652 0.0302126613 0.1542656571
-16.0 -491.6 2596.9 0.1646843255 0.1226895154 -0.9786860347 0.0642030984 0.9887960553 0.1347604245 0.9842545390 -0.0850276053 0.1549621522
173.1 -153.8 2335.7 0 0 0 0 0 0 0 0 0
235.7 -84.4 2552.5 0 0 0 0 0 0 0 0 0
-225.4 -751.8 2468.2 0 0 0 0 0 0 0 0 0
-45.5 -729.6 2617.3 0 0 0 0 0 0 0 0 0
273.1 355.3 2489.5 25 0.4670675099 0.7346655130 -0.4920513630 -0.4085836112 0.6728262901 0.6167367101 0.7841603160 -0.0870135725 0.6144275665
127.3 221.7 2506.8 0.4670675099 0.7346655130 -0.4920513630 -0.4085836112 0.6728262901 0.6167367101 0.7841603160 -0.0870135725 0.6144275665
-13.4 82.4 2523.4 0.4829046130 0.7075883150 -0.5158700347 -0.3934909701 0.7016295195 0.5940377712 0.7822838426 -0.0838733688 0.6172497869
59.4 277.0 2396.8 0.2365246564 0.3077107370 -0.9216127992 0.9278089404 0.2101033330 0.3082647324 0.2884902954 -0.9279928207 -0.2358021438
1.5 49.9 2326.2 -0.6158419847 0.3077107370 -0.7252949476 0.7874431014 0.2101033330 -0.5794739127 -0.0259234533 -0.9279928207 -0.3716951311
195.2 166.4 2616.8 0.0733426213 0.9896631241 -0.1232383996 -0.7848606110 0.1335175633 0.6051172018 0.6153166890 0.0523440875 0.7865402102
220.5 -104.1 2828.9 0.0416866764 0.9896631241 0.1372190416 0.0814045966 0.1335175633 -0.9876974821 -0.9958089590 0.0523440875 -0.0749972314
-195.5 -23.7 2465.2 0.6049479842 -0.0109042414 -0.7961903214 0.0159636084 0.9998713732 -0.0015645581 0.7961049676 -0.0117635941 0.6050442457
-191.2 -421.2 2469.9 0.5987079740 0.1023800671 -0.7943972945 -0.0632417798 0.9947432876 0.0805371925 0.7984668016 0.0020208459 0.6020354629
-105.2 -100.7 2605.0 0.1547701508 -0.2243798226 -0.9621329904 0.0217986256 0.9744061232 -0.2237354815 0.9877099991 0.0136543959 0.1557001472
-16.0 -488.1 2599.6 0.1580076516 0.1213753149 -0.9799498320 0.0477866977 0.9903138876 0.1303641498 0.9862809181 -0.0674270988 0.1506770402
167.3 -162.1 2333.2 0 0 0 0 0 0 0 0 0
231.7 -82.3 2561.4 0 0 0 0 0 0 0 0 0
-225.2 -751.6 2469.2 0 0 0 0 0 0 0 0 0
-45.5 -729.2 2616.0 0 0 0 0 0 0 0 0 0
277.0 354.4 2492.2 26 0.4622868001 0.7379406095 -0.4916650653 -0.4141445458 0.6699608564 0.6161466837 0.7840760350 -0.0812160745 0.6153281331
130.9 221.8 2508.2 0.4622868001 0.7379406095 -0.4916650653 -0.4141445458 0.6699608564 0.6161466837 0.7840760350 -0.0812160745 0.6153281331
-10.4 83.0 2524.4 0.4798880517 0.7110138535 -0.5139715672 -0.3975214958 0.6984673142 0.5950798392 0.7821024060 -0.0812569708 0.6178293824
63.4 277.7 2398.2 0.2332218438 0.2943979502 -0.9267887473 0.9317970872 0.2049472332 0.2995844185 0.2781398296 -0.9334487319 -0.2265209705
5.3 45.4 2328.9 -0.5936404467 0.2943979502 -0.7489464879 0.8046611547 0.2049472332 -0.5572406054 -0.0105559649 -0.9334487319 -0.3585555553
198.5 165.9 2618.2 0.0687936693 0.9901840687 -0.1216675788 -0.7865446210 0.1288540959 0.6039405465 0.6136896610 0.0541496910 0.7876883149
222.2 -105.4 2829.9 0.0435871184 0.9901840687 0.1327995956 0.0834277123 0.1288540959 -0.9881479740 -0.9955601096 0.0541496910 -0.0769924149
-198.3 -21.0 2468.4 0.6038647890 -0.0177016631 -0.7968901396 0.0093603656 0.9998419285 -0.0151168508 0.7970317602 0.0016693505 0.6039350629
-191.3 -418.5 2467.7 0.5983443856 0.1005779430 -0.7949013114 -0.0595432296 0.9949284792 0.0810673013 0.7990235090 -0.0011751736 0.6012986302
-109.7 -93.1 2611.8 0.1552657634 -0.2381610572 -0.9587345123 0.0109806024 0.9708601832 -0.2393949330 0.9878116846 0.0266423523 0.1533564925
-15.1 -479.0 2601.2 0.1575968415 0.1211943403 -0.9800383449 0.0298221596 0.9914035797 0.1273954064 0.9870531559 -0.0493039712 0.1526277959
165.0 -171.1 2331.7 0 0 0 0 0 0 0 0 0
233.9 -83.0 2562.4 0 0 0 0 0 0 0 0 0
-224.8 -750.6 2468.1 0 0 0 0 0 0 0 0 0
-45.5 -727.9 2613.6 0 0 0 0 0 0 0 0 0
273.5 348.5 2494.0 27 0.4520878196 0.7351655960 -0.5051218867 -0.3966189921 0.6729166508 0.6244009137 0.7989430428 -0.0819431171 0.5957980752
128.2 215.6 2510.2 0.4520878196 0.7351655960 -0.5051218867 -0.3966189921 0.6729166508 0.6244009137 0.7989430428 -0.0819431171 0.5957980752
-12.5 76.1 2526.7 0.4697940946 0.7078690529 -0.5274608135 -0.3797553480 0.7014456391 0.6031250954 0.7969186902 -0.0830385536 0.5983520746
62.1 269.0 2398.1 0.2202745825 0.3233584762 -0.9202817082 0.9326953292 0.2063991129 0.2957681119 0.2855844498 -0.9234926701 -0.2561304569
9.4 45.6 2329.7 -0.5699092150 0.3233584762 -0.7554090023 0.8215531111 0.2063991129 -0.5314601660 -0.0159363952 -0.9234926701 -0.3832849264
194.3 162.1 2622.3 0.0637513995 0.9883752465 -0.1380221993 -0.7745268345 0.1362169534 0.6176998615 0.6293202639 0.0675226673 0.7742071748
216.3 -105.0 2839.3 0.0590647459 0.9883752465 0.1400918514 0.0652097985 0.1362169534 -0.9885305166 -0.9961220026 0.0675226673 -0.0564061292
-195.8 -19.4 2468.8 0.5915738940 -0.0144395083 -0.8061214685 -0.0024463686 0.9998028874 -0.0197040644 0.8062470555 0.0136284810 0.5914219618
-190.0 -416.8 2463.4 0.5875753164 0.1038241386 -0.8024810553 -0.0462381579 0.9944217801 0.0948017240 0.8078473210 -0.0185979046 0.5890982747
-107.7 -92.3 2612.2 0.1441945732 -0.2364337146 -0.9608886838 0.0110241883 0.9713602066 -0.2373559773 0.9894879460 0.0236324277 0.1426713616
-13.7 -478.4 2602.8 0.1466886550 0.1262776405 -0.9810894132 0.0303790700 0.9907752275 0.1320664734 0.9887161255 -0.0491772369 0.1414992958
162.7 -175.4 2334.0 0 0 0 0 0 0 0 0 0
232.2 -87.5 2571.6 0 0 0 0 0 0 0 0 0
-225.0 -751.5 2469.6 0 0 0 0 0 0 0 0 0
-45.5 -728.0 2615.2 0 0 0 0 0 0 0 0 0
272.8 347.7 2494.4 28 0.4723117352 0.7296523452 -0.4944988191 -0.4189681709 0.6794326305 0.6023594737 0.7754916549 -0.0773221850 0.6266050935
128.6 213.4 2509.7 0.4723117352 0.7296523452 -0.4944988191 -0.4189681709 0.6794326305 0.6023594737 0.7754916549 -0.0773221850 0.6266050935
-10.5 72.3 2526.1 0.4946489930 0.6994888186 -0.5157884955 -0.3972542286 0.7098282576 0.5816639066 0.7729886770 -0.0828203261 0.6289907098
59.0 269.3 2401.0 0.1712944657 0.3612214327 -0.9166118503 0.9411469698 0.2151590586 0.2606701255 0.2913769782 -0.9073178172 -0.3031069040
16.6 36.1 2328.8 -0.5596696734 0.3612214327 -0.7458478212 0.8282952905 0.2151590586 -0.5173330307 -0.0263958611 -0.9073178172 -0.4196160138
198.1 157.6 2618.3 0.0873321369 0.9887409210 -0.1215090901 -0.7910189629 0.1429709643 0.5948514938 0.6055263281 0.0441663414 0.7945988178
228.3 -115.2 2827.1 0.0310069621 0.9887409210 0.1463896483 0.0929962322 0.1429709643 -0.9853481650 -0.9951835275 0.0441663414 -0.0875160843
-196.3 -28.5 2470.1 0.6131365895 -0.0210960079 -0.7896952033 -0.0019845967 0.9995990992 -0.0282442868 0.7899744511 0.0188848320 0.6128488779
-187.9 -425.9 2462.6 0.6082404256 0.1125512943 -0.7857326269 -0.0520773865 0.9934215546 0.1019880176 0.7920426130 -0.0211143307 0.6101005077
-110.1 -98.1 2616.3 0.1654770374 -0.2411405444 -0.9562785029 0.0081734788 0.9699484110 -0.2431732714 0.9861797690 0.0324234702 0.1624751389
-14.3 -483.7 2603.4 0.1672810167 0.1265332103 -0.9777557850 0.0221736450 0.9909963012 0.1320403069 0.9856598973 -0.0437682495 0.1629691720
167.2 -186.8 2335.9 0 0 0 0 0 0 0 0 0
236.6 -90.2 2559.8 0 0 0 0 0 0 0 0 0
-224.8 -751.4 2469.5 0 0 0 0 0 0 0 0 0
-45.4 -727.7 2614.1 0 0 0 0 0 0 0 0 0
273.1 348.2 2495.1 29 0.4238175452 0.7272253633 -0.5399277210 -0.3569324017 0.6819714904 0.6383683681 0.8324529529 -0.0778340176 0.5486018062
129.4 213.5 2510.5 0.4238175452 0.7272253633 -0.5399277210 -0.3569324017 0.6819714904 0.6383683681 0.8324529529 -0.0778340176 0.5486018062
-9.7 72.6 2527.9 0.4449602067 0.6997105479 -0.5589414835 -0.3363225162 0.7090087533 0.6198337078 0.8299985528 -0.0878167152 0.5508090854
67.1 260.5 2394.3 0.1872005165 0.3263794482 -0.9265162945 0.9469513893 0.1908615381 0.2585632503 0.2612260580 -0.9257690310 -0.2733360827
21.9 32.1 2331.2 -0.5444048643 0.3263794482 -0.7727223039 0.8386065364 0.1908615381 -0.5102068186 -0.0190380458 -0.9257690310 -0.3776098788
191.7 166.4 2626.7 0.0498109683 0.9831883907 -0.1756684631 -0.7456123233 0.1536309272 0.6484286785 0.6645156741 0.0986817181 0.7407299280
208.9 -89.9 2855.1 0.0963254794 0.9831883907 0.1551191360 0.0227242187 0.1536309272 -0.9878669977 -0.9950904250 0.0986817181 -0.0075436155
-194.9 -32.4 2471.6 0.5615274906 -0.0141835846 -0.8273364902 -0.0119429259 0.9996100068 -0.0252428539 0.8273718953 0.0240553766 0.5611391068
