34.3 332.5 2203.1 42 0.5663877726 0.4617398679 -0.6826428175 -0.2112607062 0.8819782138 0.4212877154 0.7966014147 -0.0943966061 0.5970891714
-57.1 157.9 2221.8 0.5663877726 0.4617398679 -0.6826428175 -0.2112607062 0.8819782138 0.4212877154 0.7966014147 -0.0943966061 0.5970891714
-142.7 -15.2 2240.6 0.5734646916 0.4415133893 -0.6900754571 -0.1973617971 0.8919929862 0.4066900611 0.7951016426 -0.0970278531 0.5986643434
-135.4 184.8 2113.2 0.1192336306 0.3786774874 -0.9178162813 0.9576127529 0.2002830803 0.2070374489 0.2622234821 -0.9035983682 -0.3387459219
-164.9 -52.6 2048.2 -0.6904423833 0.3786774874 -0.6163543463 0.7112998366 0.2002830803 -0.6737501025 -0.1316886544 -0.9035983682 -0.4076371491
21.2 131.0 2330.3 0.1833432168 0.9727430344 -0.1419727057 -0.9784954190 0.1666962653 -0.1214871556 -0.0945094675 0.1611934751 0.9823871851
64.5 -100.2 2308.0 0.2292537987 0.9727430344 0.0348378867 -0.5869051218 0.1666962653 -0.7923097014 -0.7765211463 0.1611934751 0.6091236472
-281.8 -165.4 2190.4 0.5090626478 -0.2716340721 -0.8167436123 0.0526550151 0.9569477439 -0.2854444087 0.8591173887 0.1023034379 0.5014492273
-176.3 -536.8 2150.7 0.5090626478 0.2031621486 -0.8364092112 0.0526550151 0.9625740051 0.2658546865 0.8591173887 -0.1793778241 0.4793129563
-177.8 -202.7 2331.2 -0.4697932303 -0.1231631935 -0.8741425276 -0.0408961140 0.9921928644 -0.1178170815 0.8818286657 -0.0196006354 -0.4711623788
-130.0 -587.5 2338.8 -0.4151372313 0.2442882061 -0.8763471842 0.2620630562 0.9545544386 0.1419463158 0.8711969256 -0.1707310230 -0.4602899849
26.9 -250.2 2084.8 0 0 0 0 0 0 0 0 0
123.0 -249.9 2109.9 0 0 0 0 0 0 0 0 0
-252.1 -895.9 2217.6 0 0 0 0 0 0 0 0 0
-221.0 -943.2 2402.5 0 0 0 0 0 0 0 0 0
32.8 330.9 2201.5 43 0.5616589785 0.4668008685 -0.6831077337 -0.2033192962 0.8781932592 0.4329409301 0.8019977808 -0.1042761877 0.5881547332
-59.7 157.0 2222.2 0.5616589785 0.4668008685 -0.6831077337 -0.2033192962 0.8781932592 0.4329409301 0.8019977808 -0.1042761877 0.5881547332
-146.2 -15.6 2242.5 0.5682789087 0.4455871880 -0.6917450428 -0.1904966384 0.8890892863 0.4162105918 0.8004812002 -0.1047485843 0.5901335478
-137.3 183.0 2112.9 0.1049632356 0.3656496108 -0.9248151779 0.9607796669 0.2027415782 0.1892042160 0.2566809356 -0.9084030986 -0.3300282955
-163.6 -57.3 2048.7 -0.6982203722 0.3656496108 -0.6154580712 0.7051188946 0.2027415782 -0.6794874072 -0.1236753687 -0.9084030986 -0.3993847370
17.9 131.0 2331.5 0.1957947016 0.9715773463 -0.1330483705 -0.9756688476 0.1793494970 -0.1261111200 -0.0986645445 0.1545030326 0.9830534458
64.4 -100.8 2308.1 0.2315452248 0.9715773463 0.0492365994 -0.5842521787 0.1793494970 -0.7915068865 -0.7778407335 0.1545030326 0.6091737151
-279.8 -170.7 2188.2 0.5389749408 -0.2561298013 -0.8024359941 0.0568285100 0.9615342617 -0.2687422037 0.8404026031 0.0992440730 0.5327983499
-180.3 -543.9 2149.7 0.5389749408 0.1839837879 -0.8219829798 0.0568285100 0.9656878710 0.2534116507 0.8404026031 -0.1832945943 0.5100260377
-177.1 -206.0 2330.6 -0.4733295143 -0.1182044148 -0.8729186058 -0.0413593687 0.9928451777 -0.1120174006 0.8799139857 -0.0169177782 -0.4748317599
-131.2 -591.3 2337.2 -0.4183788598 0.2429409921 -0.8751792908 0.2699126899 0.9532900453 0.1355921924 0.8672406077 -0.1794930845 -0.4644092619
30.5 -253.2 2083.0 0 0 0 0 0 0 0 0 0
123.5 -249.9 2109.6 0 0 0 0 0 0 0 0 0
-249.0 -904.2 2218.1 0 0 0 0 0 0 0 0 0
-221.8 -946.9 2404.1 0 0 0 0 0 0 0 0 0
29.3 329.3 2202.3 44 0.5534140468 0.4622768760 -0.6928441525 -0.1973736435 0.8809322119 0.4301187098 0.8091826439 -0.1012845635 0.5787615180
-62.2 155.0 2222.3 0.5534140468 0.4622768760 -0.6928441525 -0.1973736435 0.8809322119 0.4301187098 0.8091826439 -0.1012845635 0.5787615180
-147.8 -18.1 2242.1 0.5599511862 0.4409147501 -0.7014619708 -0.1845433563 0.8917430043 0.4132047296 0.8077118397 -0.1019243225 0.5807004571
-138.7 180.2 2112.0 0.0994300693 0.3716494441 -0.9230332375 0.9624289274 0.1996355355 0.1840549260 0.2526741326 -0.9066544771 -0.3378363848
-163.4 -59.2 2049.1 -0.7004429698 0.3716494441 -0.6093080640 0.7012614012 0.1996355355 -0.6843815446 -0.1327104717 -0.9066544771 -0.4004567266
14.3 129.8 2332.6 0.2117049545 0.9701079726 -0.1186233610 -0.9719449282 0.1962530464 -0.1296449453 -0.1024894044 0.1427418441 0.9844392538
64.5 -100.4 2308.3 0.2330313921 0.9701079726 0.0677263588 -0.5892068148 0.1962530464 -0.7837857604 -0.7736483216 0.1427418441 0.6173273325
-283.6 -171.1 2191.1 0.5282414556 -0.2625116110 -0.8074952960 0.0637754425 0.9605880976 -0.2705609500 0.8466957211 0.0914231390 0.5241642594
-181.7 -544.0 2155.6 0.5225270987 0.1734376103 -0.8347962499 0.0299017914 0.9747623205 0.2212335467 0.8520981669 -0.1405624300 0.5041536689
-181.8 -205.2 2334.5 -0.4825161099 -0.1331820488 -0.8657024503 -0.0496299453 0.9909415245 -0.1247869581 0.8744798899 -0.0172469523 -0.4847550690
-130.1 -589.8 2341.2 -0.4316199124 0.2308398187 -0.8720190525 0.2669827342 0.9560818076 0.1209453866 0.8616405725 -0.1806116104 -0.4742941856
31.3 -254.0 2086.0 0 0 0 0 0 0 0 0 0
123.9 -250.7 2110.9 0 0 0 0 0 0 0 0 0
-246.3 -907.4 2208.1 0 0 0 0 0 0 0 0 0
-216.2 -946.5 2408.6 0 0 0 0 0 0 0 0 0
33.6 331.2 2195.1 45 0.5501757264 0.4752128422 -0.6866435409 -0.1882671714 0.8716980219 0.4524357021 0.8135491014 -0.1196467057 0.5690540671
-60.8 158.0 2218.9 0.5501757264 0.4752128422 -0.6866435409 -0.1882671714 0.8716980219 0.4524357021 0.8135491014 -0.1196467057 0.5690540671
-148.8 -13.5 2241.6 0.5558571219 0.4530845582 -0.6969485283 -0.1775233448 0.8837652802 0.4329484701 0.8121011853 -0.1169328690 0.5716803074
-136.8 182.2 2108.0 0.1052254587 0.3489537239 -0.9312136769 0.9668545723 0.1831607670 0.1778886616 0.2326367199 -0.9190666080 -0.3181143403
-163.3 -61.5 2049.3 -0.7116680145 0.3489537239 -0.6097211838 0.6898642182 0.1831607670 -0.7003852129 -0.1327250451 -0.9190666080 -0.3710803688
15.1 133.7 2329.8 0.2056796551 0.9708485007 -0.1230815202 -0.9743189812 0.1913719624 -0.1186564118 -0.0916430503 0.1443258673 0.9852774143
64.5 -100.2 2307.8 0.2312809825 0.9708485007 0.0629467517 -0.5897946954 0.1913719624 -0.7845501900 -0.7737256289 0.1443258673 0.6168619990
-283.5 -174.6 2189.5 0.5295209885 -0.2638281882 -0.8062271476 0.0639839470 0.9601211548 -0.2721642256 0.8458803296 0.0925310776 0.5252850652
-181.1 -547.4 2153.6 0.5265683532 0.1781818867 -0.8312502503 0.0475012697 0.9700945020 0.2380341291 0.8488047123 -0.1648266912 0.5023572445
-183.2 -207.7 2334.2 -0.4823534489 -0.1478105187 -0.8634160161 -0.0457297154 0.9885659218 -0.1436880380 0.8747822046 -0.0298246518 -0.4835974872
-125.8 -591.4 2345.8 -0.4222345352 0.2701515555 -0.8652954102 0.2406103015 0.9537196159 0.1803486198 0.8739706278 -0.1320495754 -0.4676945806
34.4 -253.2 2086.2 0 0 0 0 0 0 0 0 0
123.5 -250.7 2110.4 0 0 0 0 0 0 0 0 0
-247.5 -909.2 2215.1 0 0 0 0 0 0 0 0 0
-226.4 -946.6 2395.0 0 0 0 0 0 0 0 0 0
36.4 335.6 2191.0 46 0.5470145345 0.4791534543 -0.6864306331 -0.1716931760 0.8667724729 0.4682167768 0.8193268776 -0.1382659376 0.5564045310
-58.5 163.9 2218.4 0.5470145345 0.4791534543 -0.6864306331 -0.1716931760 0.8667724729 0.4682167768 0.8193268776 -0.1382659376 0.5564045310
-147.2 -6.7 2244.5 0.5522274375 0.4568841457 -0.6973533630 -0.1619689912 0.8793202639 0.4478414357 0.8178085685 -0.1343607157 0.5595858097
-134.0 186.0 2106.7 0.1290784031 0.3453536630 -0.9295534492 0.9655843377 0.1696767956 0.1971210837 0.2258001268 -0.9230062962 -0.3115664721
-166.6 -58.3 2049.6 -0.7040556073 0.3453536630 -0.6205131412 0.6971416473 0.1696767956 -0.6965653300 -0.1352747232 -0.9230062962 -0.3602223098
16.9 141.8 2330.1 0.1919735968 0.9717161655 -0.1375277191 -0.9773849845 0.1766385436 -0.1162644550 -0.0886833519 0.1567372382 0.9836506844
64.1 -98.5 2308.3 0.2320548445 0.9717161655 0.0437982082 -0.5911244154 0.1766385436 -0.7870011330 -0.7724781632 0.1567372382 0.6153949499
-286.5 -169.1 2191.5 0.5370007157 -0.2730687857 -0.7981626987 0.0636307150 0.9565754533 -0.2844547629 0.8411785364 0.1019647494 0.5310572982
-180.5 -540.5 2151.9 0.5370007157 0.1828528792 -0.8235259652 0.0636307150 0.9646643996 0.2556827962 0.8411785364 -0.1897033900 0.5063904524
-186.9 -200.9 2337.0 -0.4828625321 -0.1677923948 -0.8594704866 -0.0428648815 0.9848234057 -0.1681826711 0.8746464252 -0.0443680100 -0.4827267230
-121.8 -583.1 2354.2 -0.4272663891 0.2872650921 -0.8572760224 0.1872735173 0.9557380676 0.2269216478 0.8845179677 -0.0635891035 -0.4621518850
29.0 -252.0 2087.2 0 0 0 0 0 0 0 0 0
123.3 -249.3 2111.2 0 0 0 0 0 0 0 0 0
-248.7 -900.3 2222.7 0 0 0 0 0 0 0 0 0
-228.7 -938.6 2377.9 0 0 0 0 0 0 0 0 0
34.5 335.8 2196.5 47 0.5517392159 0.4708678424 -0.6883802414 -0.1880702227 0.8743634224 0.4473456740 0.8125351667 -0.1173543185 0.5709767938
-58.6 162.9 2219.7 0.5517392159 0.4708678424 -0.6883802414 -0.1880702227 0.8743634224 0.4473456740 0.8125351667 -0.1173543185 0.5709767938
-145.9 -8.9 2242.3 0.5576393604 0.4499618113 -0.6975476146 -0.1767944098 0.8854340911 0.4298258424 0.8110376596 -0.1163652912 0.5733036399
-134.8 187.0 2108.9 0.1469884217 0.3405611217 -0.9286617041 0.9609538913 0.1733568311 0.2156734765 0.2344398499 -0.9241025448 -0.3017820716
-171.6 -53.9 2050.2 -0.7085748911 0.3405611217 -0.6180127859 0.6933573484 0.1733568311 -0.6994305253 -0.1310620904 -0.9241025448 -0.3589668274
17.6 138.7 2330.5 0.1927322149 0.9714207053 -0.1385498494 -0.9782440066 0.1791703403 -0.1045785248 -0.0767657235 0.1556912065 0.9848183990
63.3 -93.3 2312.3 0.2329818755 0.9714207053 0.0454005450 -0.5942657590 0.1791703403 -0.7840575576 -0.7697841525 0.1556912065 0.6190255284
-285.4 -162.9 2197.3 0.5760568976 -0.2777955532 -0.7687575221 0.0580670051 0.9520113468 -0.3005038798 0.8153445125 0.1284678876 0.5645434856
-177.6 -532.3 2147.5 0.5760568976 0.1832381338 -0.7966067195 0.0580670051 0.9629147053 0.2634833455 0.8153445125 -0.1980379522 0.5440535545
-186.4 -191.9 2343.8 -0.4777334034 -0.1639806628 -0.8630649447 -0.0677266195 0.9863756299 -0.1499206573 0.8758903742 -0.0131696323 -0.4823304415
-122.8 -574.5 2348.9 -0.4217994809 0.2536302805 -0.8704923391 0.2243227363 0.9594223499 0.1708450913 0.8785012960 -0.1232088506 -0.4615789056
25.3 -246.6 2086.6 0 0 0 0 0 0 0 0 0
122.8 -244.9 2115.8 0 0 0 0 0 0 0 0 0
-245.9 -891.6 2221.4 0 0 0 0 0 0 0 0 0
-217.1 -931.2 2394.7 0 0 0 0 0 0 0 0 0
33.2 334.8 2198.2 48 0.5371400714 0.4741088152 -0.6976398826 -0.1875886917 0.8735156059 0.4492003322 0.8223691583 -0.1104141474 0.5581377149
-60.7 161.8 2220.1 0.5371400714 0.4741088152 -0.6976398826 -0.1875886917 0.8735156059 0.4492003322 0.8223691583 -0.1104141474 0.5581377149
-148.3 -10.2 2240.9 0.5426489711 0.4509946406 -0.7086154819 -0.1771103591 0.8860985041 0.4283238649 0.8210749030 -0.1069263667 0.5607162714
-134.9 186.0 2108.0 0.1637956947 0.3285437524 -0.9301773906 0.9591958523 0.1672423482 0.2279765010 0.2304653078 -0.9295638800 -0.2877442241
-175.2 -50.3 2051.2 -0.7047145367 0.3285437524 -0.6288374066 0.6986825466 0.1672423482 -0.6956095695 -0.1233699322 -0.9295638800 -0.3474058807
13.4 137.6 2332.3 0.2094175220 0.9702325463 -0.1216267273 -0.9745107293 0.1968521923 -0.1076014936 -0.0804559886 0.1410601884 0.9867263436
63.5 -95.8 2313.0 0.2321548611 0.9702325463 0.0689411759 -0.5902078748 0.1968521923 -0.7828817964 -0.7731486559 0.1410601884 0.6183390617
-283.3 -164.9 2192.2 0.5432175398 -0.2729589939 -0.7939824462 0.0568284206 0.9554614425 -0.2895928025 0.8376665115 0.1121911183 0.5345352292
-177.3 -535.7 2148.7 0.5432175398 0.1857748926 -0.8187810183 0.0568284206 0.9648409486 0.2566173673 0.8376665115 -0.1859290898 0.5135612488
-183.3 -196.6 2337.5 -0.4947079420 -0.1600858122 -0.8541876674 -0.0643130913 0.9869363904 -0.1477173120 0.8666763306 -0.0181414820 -0.4985408783
-121.2 -579.6 2344.5 -0.4273049831 0.2787293792 -0.8600699902 0.2583234608 0.9492743015 0.1792967319 0.8664175868 -0.1455618590 -0.4776319861
20.6 -244.5 2085.5 0 0 0 0 0 0 0 0 0
122.8 -246.4 2115.7 0 0 0 0 0 0 0 0 0
-246.7 -895.8 2218.0 0 0 0 0 0 0 0 0 0
-225.0 -933.0 2398.7 0 0 0 0 0 0 0 0 0
32.4 334.2 2198.6 49 0.5376997590 0.4704352021 -0.6996925473 -0.1870654672 0.8757493496 0.4450500906 0.8221225142 -0.1084150150 0.5588923693
-60.8 160.7 2220.1 0.5376997590 0.4704352021 -0.6996925473 -0.1870654672 0.8757493496 0.4450500906 0.8221225142 -0.1084150150 0.5588923693
-147.9 -11.6 2240.4 0.5427016020 0.4486844838 -0.7100402713 -0.1774697006 0.8875306249 0.4251986146 0.8209625483 -0.1047453359 0.5612922311
-135.0 184.9 2107.9 0.1743809134 0.3234244287 -0.9300472736 0.9573052526 0.1654723734 0.2370348126 0.2305599749 -0.9316735268 -0.2807606757
-177.8 -49.9 2051.4 -0.7061553001 0.3234244287 -0.6298740506 0.6976001859 0.1654723734 -0.6971175075 -0.1212380677 -0.9316735268 -0.3424701393
13.3 136.4 2332.2 0.2102000117 0.9700986743 -0.1213444322 -0.9734180570 0.1961226016 -0.1182930171 -0.0909575149 0.1429840475 0.9855365753
63.4 -95.4 2310.6 0.2340957224 0.9700986743 0.0640913993 -0.6005006433 0.1961226016 -0.7751998901 -0.7645902038 0.1429840475 0.6284563541
-284.4 -166.3 2188.1 0.5423725247 -0.2794193029 -0.7923111320 0.0654965192 0.9542650580 -0.2916992605 0.8375812173 0.1063160375 0.5358681083
-176.0 -536.7 2146.8 0.5423725247 0.1940346956 -0.8174243569 0.0654965192 0.9602376223 0.2713926136 0.8375812173 -0.2007343322 0.5080978870
-187.2 -198.0 2335.1 -0.4953867197 -0.1658190787 -0.8526992798 -0.0650693327 0.9859374762 -0.1539261937 0.8662320375 -0.0207684208 -0.4992100894
-122.8 -580.8 2343.2 -0.4353023469 0.2626237869 -0.8611274958 0.2440309972 0.9551169276 0.1679300368 0.8665798903 -0.1370414644 -0.4798530042
18.5 -243.8 2085.1 0 0 0 0 0 0 0 0 0
123.1 -248.6 2115.5 0 0 0 0 0 0 0 0 0
-248.4 -895.1 2221.7 0 0 0 0 0 0 0 0 0
-220.7 -936.8 2394.3 0 0 0 0 0 0 0 0 0
33.0 333.4 2199.8 50 0.5413904190 0.4696934223 -0.6973410249 -0.1943101436 0.8768504262 0.4397464395 0.8180097938 -0.1025740728 0.5659846067
-59.9 160.1 2220.1 0.5413904190 0.4696934223 -0.6973410249 -0.1943101436 0.8768504262 0.4397464395 0.8180097938 -0.1025740728 0.5659846067
-146.4 -12.6 2239.9 0.5483114719 0.4458011985 -0.7075420618 -0.1809584349 0.8892680407 0.4200671315 0.8164609671 -0.1022919267 0.5682673454
-134.8 184.8 2108.5 0.1734379828 0.3319276869 -0.9272234440 0.9567568898 0.1664607525 0.2385519296 0.2335283011 -0.9285013676 -0.2887035012
-177.4 -50.4 2051.1 -0.7010390759 0.3319276869 -0.6311641932 0.7021290660 0.1664607525 -0.6923190355 -0.1247357950 -0.9285013676 -0.3497515619
15.1 135.3 2331.6 0.2042166889 0.9709823728 -0.1244539469 -0.9739893675 0.1887869388 -0.1253162473 -0.0981845856 0.1468084902 0.9842799902
63.6 -96.0 2308.3 0.2323701531 0.9709823728 0.0565451719 -0.5996194482 0.1887869388 -0.7776991725 -0.7658072114 0.1468084902 0.6260883212
-283.6 -168.0 2187.2 0.5230827332 -0.2781669796 -0.8056100607 0.0589457117 0.9547831416 -0.2914010882 0.8502410650 0.1049396247 0.5158272982
-175.7 -538.6 2146.5 0.5230827332 0.2018723935 -0.8280289769 0.0589457117 0.9606480598 0.2714419365 0.8502410650 -0.1907953471 0.4905988872
-186.4 -199.8 2334.3 -0.4879052639 -0.1703246534 -0.8561179638 -0.0821743235 0.9853849411 -0.1492108256 0.8690200448 -0.0024498310 -0.4947708249
-120.3 -582.2 2335.2 -0.4161158502 0.2746567428 -0.8668398261 0.2846566439 0.9447238445 0.1626882106 0.8636076450 -0.1790545732 -0.4712974429
17.4 -245.5 2085.8 0 0 0 0 0 0 0 0 0
122.8 -249.0 2112.9 0 0 0 0 0 0 0 0 0
-251.0 -897.1 2217.7 0 0 0 0 0 0 0 0 0
-222.7 -934.3 2402.0 0 0 0 0 0 0 0 0 0
28.0 330.2 2205.9 51 0.5346559286 0.4557839930 -0.7116206884 -0.1986564696 0.8862748146 0.4183928668 0.8213882446 -0.0823281854 0.5643965006
-62.0 155.1 2222.1 0.5346559286 0.4557839930 -0.7116206884 -0.1986564696 0.8862748146 0.4183928668 0.8213882446 -0.0823281854 0.5643965006
-146.6 -18.8 2238.5 0.5411025286 0.4356398880 -0.7193232775 -0.1857663244 0.8961522579 0.4029913247 0.8201822639 -0.0844335854 0.5658375025
-136.0 180.5 2110.1 0.1707544029 0.3387118578 -0.9252660275 0.9552388787 0.1733334213 0.2397378832 0.2415815890 -0.9247863293 -0.2939532697
-177.3 -50.4 2051.7 -0.7005016208 0.3387118578 -0.6281495094 0.7026416659 0.1733334213 -0.6901088357 -0.1248687506 -0.9247863293 -0.3594133854
11.9 129.8 2334.2 0.2206468731 0.9691256881 -0.1100472137 -0.9691729546 0.2051667422 -0.1364198625 -0.1096299663 0.1367554069 0.9845197797
63.5 -96.9 2308.5 0.2348854542 0.9691256881 0.0749950707 -0.5994997621 0.2051667422 -0.7736321092 -0.7651332617 0.1367554069 0.6291812658
-282.1 -169.0 2186.6 0.4899248481 -0.2697503865 -0.8289803267 0.0546019524 0.9585502148 -0.2796428800 0.8700530529 0.0917400494 0.4843464792
-177.3 -541.0 2151.0 0.4899248481 0.1934163868 -0.8500375152 0.0546019524 0.9663540721 0.2513531148 0.8700530529 -0.1695578396 0.4628799856
-183.8 -201.4 2332.9 -0.5025082231 -0.1607508957 -0.8494967222 -0.0681073964 0.9868695140 -0.1464580446 0.8618856668 -0.0157393590 -0.5068583488
-121.4 -584.4 2339.0 -0.4346550405 0.2755373418 -0.8574113250 0.2709101140 0.9479549527 0.1672995687 0.8588845730 -0.1595637798 -0.4866792560
17.4 -245.7 2086.4 0 0 0 0 0 0 0 0 0
123.4 -249.9 2113.3 0 0 0 0 0 0 0 0 0
-249.5 -901.7 2214.3 0 0 0 0 0 0 0 0 0
-224.2 -937.9 2398.5 0 0 0 0 0 0 0 0 0
29.9 330.5 2203.4 52 0.5313238502 0.4658242762 -0.7076035142 -0.1887541562 0.8793543577 0.4371587038 0.8258733749 -0.0987097472 0.5551482439
-62.1 156.7 2222.9 0.5313238502 0.4658242762 -0.7076035142 -0.1887541562 0.8793543577 0.4371587038 0.8258733749 -0.0987097472 0.5551482439
-147.4 -16.6 2241.6 0.5379879475 0.4393402636 -0.7194088697 -0.1757045239 0.8931391835 0.4140414596 0.8244373202 -0.0963459238 0.5576921701
-135.6 180.8 2110.3 0.1718045473 0.3380924463 -0.9252981544 0.9558079839 0.1702522635 0.2396775037 0.2385672480 -0.9255850315 -0.2939013243
-177.6 -52.9 2052.0 -0.7061743140 0.3380924463 -0.6221023798 0.6960158944 0.1702522635 -0.6975500584 -0.1299220622 -0.9255850315 -0.3555454910
11.4 132.7 2335.5 0.2191667855 0.9690477252 -0.1136329621 -0.9677067399 0.2010291964 -0.1520887464 -0.1245376989 0.1432961822 0.9818128943
64.3 -100.7 2305.5 0.2365048230 0.9690477252 0.0707955062 -0.5895009637 0.2010291964 -0.7823527455 -0.7723691463 0.1432961822 0.6187989712
-279.6 -176.1 2181.4 0.5100571513 -0.2575598359 -0.8206732869 0.0669557229 0.9631092548 -0.2606481910 0.8575305343 0.0779966936 0.5084858537
-179.6 -549.9 2151.2 0.5100571513 0.1881337911 -0.8393136263 0.0669557229 0.9641414881 0.2568036914 0.8575305343 -0.1871813983 0.4791705906
-182.6 -209.3 2328.4 -0.5039247274 -0.1429381967 -0.8518383503 -0.0623824038 0.9896594882 -0.1291607916 0.8614919186 -0.0119475918 -0.5076307058
-127.2 -593.5 2333.0 -0.4472427964 0.2394792289 -0.8617560863 0.3062819541 0.9462426901 0.1040005013 0.8403363824 -0.2174268812 -0.4965483844
18.6 -246.3 2088.1 0 0 0 0 0 0 0 0 0
124.6 -251.1 2108.4 0 0 0 0 0 0 0 0 0
-249.8 -909.7 2221.0 0 0 0 0 0 0 0 0 0
-216.3 -945.7 2414.0 0 0 0 0 0 0 0 0 0
28.0 331.4 2207.7 53 0.5384357572 0.4614704251 -0.7050758600 -0.2011009306 0.8829125762 0.4242920876 0.8183186054 -0.0866626129 0.5681938529
-63.1 157.0 2224.8 0.5384357572 0.4614704251 -0.7050758600 -0.2011009306 0.8829125762 0.4242920876 0.8183186054 -0.0866626129 0.5681938529
-148.2 -16.6 2241.6 0.5449827313 0.4383796453 -0.7147147059 -0.1881681532 0.8946304917 0.4052517712 0.8170596957 -0.0863686875 0.5700472593
-137.6 182.7 2113.2 0.1590696126 0.3431060314 -0.9257295132 0.9555450082 0.1822777241 0.2317510396 0.2482550442 -0.9214407802 -0.2988584042
-176.9 -53.2 2051.9 -0.7002165914 0.3431060314 -0.6260790825 0.7035045028 0.1822777241 -0.6869179010 -0.1215654090 -0.9214407802 -0.3690105379
11.3 131.3 2336.4 0.2211161107 0.9689151645 -0.1109550893 -0.9670631289 0.2031282634 -0.1533879787 -0.1260818243 0.1412171274 0.9819170237
63.9 -98.5 2306.4 0.2368647605 0.9689151645 0.0714034587 -0.5969430208 0.2031282634 -0.7761430144 -0.7665207982 0.1412171274 0.6265010834
-280.8 -174.2 2186.5 0.5605670810 -0.2583734989 -0.7867704034 0.0675418898 0.9611803889 -0.2675262988 0.8253500462 0.0968264714 0.5562571287
-180.6 -547.2 2148.9 0.5605670810 0.1746863574 -0.8094746470 0.0675418898 0.9645963311 0.2549352050 0.8253500462 -0.1975817233 0.5289223194
-184.4 -205.7 2334.2 -0.5033295751 -0.1620480567 -0.8487637043 -0.0321372673 0.9850889444 -0.1690177172 0.8634967208 -0.0577946715 -0.5010321736
-121.6 -587.6 2356.6 -0.4503346980 0.2776388228 -0.8485960960 0.2006748915 0.9575816989 0.2068015486 0.8700162172 -0.0771620199 -0.4869473875
17.7 -248.6 2085.7 0 0 0 0 0 0 0 0 0
124.3 -250.8 2110.9 0 0 0 0 0 0 0 0 0
-245.8 -907.2 2222.6 0 0 0 0 0 0 0 0 0
-224.0 -940.8 2385.0 0 0 0 0 0 0 0 0 0
26.5 332.4 2209.3 54 0.5352296829 0.4590397477 -0.7090921998 -0.2031423897 0.8847661614 0.4194306433 0.8199160695 -0.0804450437 0.5668035150
-64.2 157.5 2225.2 0.5352296829 0.4590397477 -0.7090921998 -0.2031423897 0.8847661614 0.4194306433 0.8199160695 -0.0804450437 0.5668035150
-149.2 -16.3 2241.1 0.5417940021 0.4377745092 -0.7175045013 -0.1901125759 0.8953567147 0.4027326405 0.8187285662 -0.0817915127 0.5683253407
-138.3 183.5 2113.4 0.1577842385 0.3491119146 -0.9237018228 0.9546925426 0.1850894243 0.2330323011 0.2523217797 -0.9186200500 -0.3040903509
-177.1 -51.5 2051.3 -0.6972938776 0.3491119146 -0.6260208488 0.7062038183 0.1850894243 -0.6833872199 -0.1227087677 -0.9186200500 -0.3756058812
9.8 131.5 2337.1 0.2272678167 0.9708753228 -0.0758314133 -0.9662346840 0.2151020914 -0.1418507099 -0.1214078590 0.1055090427 0.9869791865
64.1 -99.4 2308.1 0.2159228027 0.9708753228 0.1038191095 -0.5947430134 0.2151020914 -0.7746042609 -0.7743759155 0.1055090427 0.6238667965
-282.2 -173.4 2185.1 0.5544258952 -0.2613103092 -0.7901448011 0.0753375217 0.9612879157 -0.2650468349 0.8288161159 0.0874212831 0.5526493788
-180.7 -546.5 2151.2 0.5492122173 0.1708546877 -0.8180309534 0.0440944545 0.9715888500 0.2325312048 0.8345187902 -0.1637796164 0.5260747671
-184.5 -207.1 2331.5 -0.5128217340 -0.1543347687 -0.8445085287 0.0016122364 0.9835331440 -0.1807206720 0.8584936261 -0.0940390378 -0.5041283369
-124.7 -588.4 2368.0 -0.4758812785 0.2588977218 -0.8405408859 0.1672630459 0.9648917913 0.2025016695 0.8634582162 -0.0442246720 -0.5024779439
16.7 -247.7 2085.4 0 0 0 0 0 0 0 0 0
119.2 -251.1 2110.5 0 0 0 0 0 0 0 0 0
-244.5 -909.0 2212.3 0 0 0 0 0 0 0 0 0
-220.7 -946.2 2384.4 0 0 0 0 0 0 0 0 0
27.3 329.2 2211.2 55 0.5461224318 0.4639007747 -0.6975287199 -0.2181078643 0.8826894164 0.4162791967 0.8088134527 -0.0752029195 0.5832369328
-64.3 155.0 2226.0 0.5461224318 0.4639007747 -0.6975287199 -0.2181078643 0.8826894164 0.4162791967 0.8088134527 -0.0752029195 0.5832369328
-149.0 -19.1 2240.3 0.5537325740 0.4362456501 -0.7092742920 -0.2030634582 0.8968107700 0.3930594325 0.8075552583 -0.0736221150 0.5851788521
-139.9 182.7 2115.7 0.1563209593 0.3592159450 -0.9200693965 0.9526080489 0.1912865639 0.2365319431 0.2609629631 -0.9134404063 -0.3122898936
-178.2 -50.5 2051.8 -0.6933971643 0.3592159450 -0.6246312857 0.7097986341 0.1912865639 -0.6779346466 -0.1240413561 -0.9134404063 -0.3876085579
11.4 127.3 2336.3 0.2252002656 0.9713075757 -0.0764619708 -0.9668535590 0.2130948901 -0.1406581849 -0.1203287095 0.1056037918 0.9871012568
64.0 -98.9 2308.2 0.2155039907 0.9713075757 0.1005963385 -0.6007930040 0.2130948901 -0.7704793215 -0.7698089480 0.1056037918 0.6294775605
-282.7 -173.0 2183.6 0.5596455336 -0.2620009780 -0.7862266898 0.0871342421 0.9620545506 -0.2585704029 0.8241386414 0.0762004927 0.5612387657
-181.0 -546.5 2154.1 0.5494606495 0.1748750210 -0.8170139194 0.0240056701 0.9741433859 0.2246516496 0.8351746798 -0.1430501938 0.5310554504
-185.7 -207.1 2330.3 -0.4996073246 -0.1660624146 -0.8501857519 -0.0165485032 0.9831036925 -0.1822999567 0.8660939336 -0.0770090893 -0.4939138889
-121.3 -588.4 2360.2 -0.4530391693 0.2863954902 -0.8442352414 0.1704794616 0.9573481679 0.2332836986 0.8750384450 -0.0382381119 -0.4825407565
14.5 -247.7 2086.3 0 0 0 0 0 0 0 0 0
119.0 -252.2 2111.7 0 0 0 0 0 0 0 0 0
-246.3 -909.9 2207.4 0 0 0 0 0 0 0 0 0
-227.8 -944.5 2374.4 0 0 0 0 0 0 0 0 0
25.6 329.6 2212.1 56 0.5288305283 0.4583334625 -0.7143309712 -0.2053830475 0.8857423067 0.4162671566 0.8235023022 -0.0734233260 0.5625414848
-64.9 154.8 2226.6 0.5288305283 0.4583334625 -0.7143309712 -0.2053830475 0.8857423067 0.4162671566 0.8235023022 -0.0734233260 0.5625414848
-149.5 -19.3 2240.9 0.5353458524 0.4359064102 -0.7234572172 -0.1923945248 0.8969513774 0.3980736136 0.8224288225 -0.0739178509 0.5640452504
-138.0 181.1 2114.2 0.1617042273 0.3674280047 -0.9158867002 0.9521459937 0.1858359426 0.2426581532 0.2593640685 -0.9112966657 -0.3197946548
-177.4 -50.9 2051.0 -0.6954568624 0.3674280047 -0.6175243855 0.7054763436 0.1858359426 -0.6839357615 -0.1365389228 -0.9112966657 -0.3884526491
8.2 128.5 2338.9 0.2357630879 0.9693515897 -0.0690885708 -0.9626333714 0.2231986821 -0.1533600539 -0.1332393289 0.1026636064 0.9857522249
64.7 -102.0 2307.0 0.2188997120 0.9693515897 0.1115364805 -0.5949547887 0.2231986821 -0.7721470594 -0.7733768225 0.1026636064 0.6255785227
-283.3 -175.0 2182.2 0.5434649587 -0.2624621093 -0.7973452806 0.0862796381 0.9622976184 -0.2579518557 0.8349860311 0.0713931322 0.5456201434
-181.4 -548.5 2154.5 0.5342229605 0.1784088165 -0.8263027072 0.0312757716 0.9726349115 0.2302242070 0.8447648287 -0.1488343030 0.5140240192
-184.1 -211.3 2326.9 -0.5132995248 -0.1460990459 -0.8456823826 -0.0466324948 0.9886954427 -0.1425015330 0.8569416404 -0.0337096900 -0.5143098831
-127.4 -594.6 2340.0 -0.4583798945 0.2487336695 -0.8532405496 0.2665135860 0.9543263912 0.1350247860 0.8478551507 -0.1655075401 -0.5037349463
15.9 -246.9 2089.0 0 0 0 0 0 0 0 0 0
120.5 -253.8 2109.6 0 0 0 0 0 0 0 0 0
-248.0 -911.5 2210.1 0 0 0 0 0 0 0 0 0
-219.3 -947.0 2401.1 0 0 0 0 0 0 0 0 0
23.9 330.9 2212.5 57 0.5390751362 0.4475279152 -0.7135241628 -0.2021749169 0.8911438584 0.4061870277 0.8176327348 -0.0747086480 0.5708724260
-64.9 154.2 2227.3 0.5390751362 0.4475279152 -0.7135241628 -0.2021749169 0.8911438584 0.4061870277 0.8176327348 -0.0747086480 0.5708724260
-147.9 -20.7 2241.8 0.5447005630 0.4274170995 -0.7215371728 -0.1906526536 0.9009591937 0.3897744417 0.8166717887 -0.0747473910 0.5722411871
-139.3 180.2 2115.8 0.1601787806 0.3690268099 -0.9155118465 0.9511184096 0.1903949082 0.2431533784 0.2640389204 -0.9097082019 -0.3204909563
-178.3 -51.6 2051.4 -0.7011988163 0.3690268099 -0.6100323200 0.6994729638 0.1903949082 -0.6888304353 -0.1380498558 -0.9097082019 -0.3916289508
9.5 128.1 2338.9 0.2311555445 0.9712727070 -0.0565374121 -0.9633441567 0.2203626782 -0.1529977620 -0.1361438185 0.0898312703 0.9866079092
64.3 -100.2 2306.6 0.2071101367 0.9712727070 0.1171953827 -0.5968712568 0.2203626782 -0.7714823484 -0.7751452327 0.0898312703 0.6253640652
-282.1 -176.2 2181.6 0.5510418415 -0.2586903572 -0.7933676243 0.0861613527 0.9632921815 -0.2542527020 0.8300175667 0.0717462525 0.5531033874
-181.6 -550.2 2153.7 0.5438643098 0.1800739467 -0.8196249008 0.0449198373 0.9690579772 0.2427115142 0.8379700780 -0.1688195467 0.5189471841
-186.2 -210.6 2328.9 -0.5035187602 -0.1571064144 -0.8495801091 -0.0622051246 0.9873684049 -0.1457195729 0.8617420197 -0.0205243025 -0.5069313645
-125.3 -593.6 2336.9 -0.4355169237 0.2787768245 -0.8559255004 0.2689431906 0.9477055669 0.1718245596 0.8590661287 -0.1553628296 -0.4877169430
16.5 -246.0 2089.8 0 0 0 0 0 0 0 0 0
117.1 -252.5 2108.8 0 0 0 0 0 0 0 0 0
-248.8 -911.8 2216.7 0 0 0 0 0 0 0 0 0
-228.7 -945.3 2394.5 0 0 0 0 0 0 0 0 0
29.4 340.7 2205.7 58 0.5569677353 0.4624954462 -0.6898441315 -0.1943661422 0.8801218867 0.4331365228 0.8074705601 -0.1071607247 0.5800929666
-62.8 165.2 2227.1 0.5569677353 0.4624954462 -0.6898441315 -0.1943661422 0.8801218867 0.4331365228 0.8074705601 -0.1071607247 0.5800929666
-147.7 -8.1 2247.2 0.5630488396 0.4376135170 -0.7010495067 -0.1823857874 0.8931765556 0.4110608995 0.8060467839 -0.1035858914 0.5827165246
-139.7 190.1 2117.0 0.1554058045 0.3655028939 -0.9177454114 0.9531646371 0.1885425448 0.2364927828 0.2594728470 -0.9115148783 -0.3190838397
-179.1 -51.5 2051.3 -0.6971969604 0.3655028939 -0.6167041659 0.7042653561 0.1885425448 -0.6844428778 -0.1338908672 -0.9115148783 -0.3888623118
14.1 140.3 2337.2 0.2029361725 0.9761559367 -0.0770487264 -0.9712742567 0.1906849593 -0.1423570067 -0.1242706105 0.1037248373 0.9868120551
64.5 -101.0 2306.3 0.1994070709 0.9761559367 0.0857695416 -0.5989196897 0.1906849593 -0.7777753472 -0.7755849361 0.1037248373 0.6226629615
-279.6 -178.5 2183.2 0.5228366256 -0.2530044019 -0.8140212893 0.0661134496 0.9640978575 -0.2571854889 0.8498651981 0.0806482434 0.5207926631
-181.4 -552.8 2151.9 0.5228366256 0.1919059604 -0.8305503726 0.0661134496 0.9622654319 0.2639587224 0.8498651981 -0.1929178387 0.4904200733
-182.0 -212.7 2329.5 -0.4786405861 -0.1507060528 -0.8649802804 -0.0593817122 0.9884595871 -0.1393608004 0.8760005832 -0.0153397219 -0.4820660651
-123.6 -596.2 2335.4 -0.4003080726 0.3013159633 -0.8654260039 0.2749605775 0.9403755069 0.2002264708 0.8741568327 -0.1578057706 -0.4592899084
14.6 -247.2 2088.5 0 0 0 0 0 0 0 0 0
115.4 -253.8 2108.4 0 0 0 0 0 0 0 0 0
-253.0 -911.8 2223.8 0 0 0 0 0 0 0 0 0
-235.7 -946.2 2394.2 0 0 0 0 0 0 0 0 0
24.8 338.7 2197.4 59 0.5593258142 0.4593591094 -0.6900317669 -0.1760339886 0.8792530298 0.4426354468 0.8100411892 -0.1261083782 0.5726517439
-66.2 164.4 2222.4 0.5593258142 0.4593591094 -0.6900317669 -0.1760339886 0.8792530298 0.4426354468 0.8100411892 -0.1261083782 0.5726517439
-150.9 -8.6 2245.6 0.5636920929 0.4365848899 -0.7011739016 -0.1674035639 0.8916622400 0.4206120372 0.8088431358 -0.1197166890 0.5757088661
-143.2 187.3 2111.9 0.1657470763 0.3452089727 -0.9237741232 0.9543297887 0.1799537092 0.2384771258 0.2485610247 -0.9211120605 -0.2996164262
-183.1 -42.2 2052.1 -0.6877560019 0.3452089727 -0.6386097670 0.7163188457 0.1799537092 -0.6741690636 -0.1178090349 -0.9211120605 -0.3710439503
10.8 141.5 2332.8 0.2157492787 0.9752257466 -0.0488571115 -0.9726898074 0.2102633268 -0.0983051732 -0.0855968744 0.0687320828 0.9939562678
62.8 -92.8 2312.2 0.1862454116 0.9752257466 0.1193625405 -0.6127825379 0.2102633268 -0.7617656589 -0.7679910660 0.0687320828 0.6367618442
-283.0 -165.1 2195.1 0.5595248342 -0.2639987469 -0.7856440544 0.0511773489 0.9571101665 -0.2851684391 0.8272320032 0.1193516478 0.5490376949
-180.6 -536.3 2148.9 0.5595248342 0.1714943349 -0.8108770847 0.0511773489 0.9693431258 0.2403223217 0.8272320032 -0.1759648472 0.5335949063
-182.1 -197.8 2339.5 -0.4666088820 -0.1559062898 -0.8706143498 -0.1179771051 0.9865164757 -0.1134313419 0.8765600920 0.0497844890 -0.4787107110
-121.7 -579.9 2320.2 -0.3904024065 0.2640197873 -0.8819747567 0.3248500824 0.9358831644 0.1363638043 0.8614281416 -0.2332728207 -0.4511379004
8.0 -241.2 2084.8 0 0 0 0 0 0 0 0 0
110.3 -249.2 2116.3 0 0 0 0 0 0 0 0 0
-244.6 -898.0 2214.5 0 0 0 0 0 0 0 0 0
-219.8 -927.5 2406.9 0 0 0 0 0 0 0 0 0
45.7 348.2 2206.2 60 0.5999581218 0.4931517243 -0.6299616098 -0.2461127639 0.8630046248 0.4411933124 0.7612349987 -0.1096559465 0.6391375661
-52.5 176.4 2228.0 0.5999581218 0.4931517243 -0.6299616098 -0.2461127639 0.8630046248 0.4411933124 0.7612349987 -0.1096559465 0.6391375661
-143.3 6.2 2247.2 0.6047260761 0.4674864411 -0.6447966695 -0.2374685407 0.8786160946 0.4142975211 0.7602072358 -0.0974176005 0.6423354149
-134.7 208.8 2124.6 0.1752267778 0.3588145971 -0.9168138504 0.9471420050 0.1927459985 0.2564585209 0.2687332630 -0.9132913351 -0.3060741425
-181.9 -46.3 2052.2 -0.6947715282 0.3588145971 -0.6233334541 0.7085613012 0.1927459985 -0.6788150668 -0.1234237179 -0.9132913351 -0.3881565630
29.7 144.1 2331.4 0.1372751743 0.9800208211 -0.1439259946 -0.9870007634 0.1230741814 -0.1033548117 -0.0835762918 0.1562431157 0.9841763377
62.4 -90.9 2311.5 0.1988739669 0.9800208211 -0.0028831998 -0.6177510023 0.1230741814 -0.7766829729 -0.7608106136 0.1562431157 0.6298851371
-286.1 -166.6 2196.4 0.4944685996 -0.2777792811 -0.8236136436 0.0359464400 0.9532831311 -0.2999317944 0.8684518933 0.1187008768 0.4813537598
-178.4 -536.6 2150.3 0.4944685996 0.1823531240 -0.8498518467 0.0359464400 0.9726186991 0.2296099514 0.8684518933 -0.1440840662 0.4743744433
-185.2 -196.7 2341.3 -0.4297493994 -0.1671123356 -0.8873493671 -0.0530926734 0.9857009053 -0.1599214971 0.9013859630 -0.0216144156 -0.4324768186
-120.5 -577.9 2349.6 -0.3745550215 0.2737753093 -0.8858643174 0.1847171932 0.9582952261 0.2180591375 0.9086188078 -0.0819592252 -0.4095053077
11.2 -243.2 2086.5 0 0 0 0 0 0 0 0 0
113.1 -248.5 2117.4 0 0 0 0 0 0 0 0 0
-246.4 -899.3 2204.1 0 0 0 0 0 0 0 0 0
-221.3 -930.6 2379.8 0 0 0 0 0 0 0 0 0
42.8 356.5 2203.1 61 0.5832833648 0.4811941683 -0.6543949246 -0.2219734192 0.8694005013 0.4414414465 0.7813503146 -0.1122271642 0.6139191389
-53.1 183.4 2225.4 0.5832833648 0.4811941683 -0.6543949246 -0.2219734192 0.8694005013 0.4414414465 0.7813503146 -0.1122271642 0.6139191389
-142.6 12.5 2245.9 0.5872862935 0.4612996876 -0.6650544405 -0.2145390660 0.8810158968 0.4216444492 0.7804279327 -0.1049458459 0.6163753271
-133.0 212.7 2119.1 0.2185193449 0.3521229327 -0.9100872278 0.9399199486 0.1747342646 0.2932890654 0.2622972131 -0.9194984436 -0.2927845418
-187.6 -22.2 2053.5 -0.6577910185 0.3521229327 -0.6658231020 0.7450785637 0.1747342646 -0.6436815262 -0.1103129014 -0.9194984436 -0.3772978783
26.9 154.2 2331.7 0.1431308091 0.9801998138 -0.1368280500 -0.9860791564 0.1294158548 -0.1044004038 -0.0846255347 0.1498662084 0.9850779772
62.6 -92.0 2310.6 0.1979323626 0.9801998138 0.0055787968 -0.6190600991 0.1294158548 -0.7746071219 -0.7599917054 0.1498662084 0.6324181557
-288.0 -142.9 2198.5 0.5078115463 -0.3094969392 -0.8039521575 0.0383203626 0.9404265285 -0.3378305733 0.8606154323 0.1407465339 0.4894195199
-167.9 -507.6 2144.0 0.5078115463 0.2026937753 -0.8372828960 0.0383203626 0.9656485915 0.2570104599 0.8606154323 -0.1625978798 0.4826002121
-180.2 -185.3 2334.2 -0.4514446557 -0.1776871383 -0.8744283915 -0.0419793390 0.9831165075 -0.1781001240 0.8913111091 -0.0436944216 -0.4512818754
-111.3 -566.2 2351.1 -0.3898023367 0.3004682064 -0.8705015779 0.1964588016 0.9506458640 0.2401589602 0.8996988535 -0.0774031654 -0.4295936227
-5.1 -228.9 2084.2 0 0 0 0 0 0 0 0 0
113.1 -249.9 2116.7 0 0 0 0 0 0 0 0 0
-243.5 -867.8 2204.6 0 0 0 0 0 0 0 0 0
-222.7 -918.4 2379.8 0 0 0 0 0 0 0 0 0
50.1 353.6 2200.5 62 0.5594688058 0.5057983994 -0.6566298008 -0.2213214636 0.8546155095 0.4697330296 0.7987561822 -0.1174746901 0.5900747776
-50.9 182.9 2224.0 0.5594688058 0.5057983994 -0.6566298008 -0.2213214636 0.8546155095 0.4697330296 0.7987561822 -0.1174746901 0.5900747776
-144.3 14.2 2245.6 0.5654885769 0.4809173346 -0.6700307131 -0.2108017057 0.8696929812 0.4463145733 0.7973614335 -0.1111421883 0.5931797028
-128.1 211.6 2115.2 0.2479362339 0.3330774307 -0.9097180963 0.9358966351 0.1602177769 0.3137319386 0.2502500415 -0.9291876554 -0.2720022798
-188.8 -17.8 2053.9 -0.6420203447 0.3330774307 -0.6905572414 0.7602626085 0.1602177769 -0.6295482516 -0.0990487859 -0.9291876554 -0.3560893834
26.2 154.2 2332.7 0.1462693065 0.9811607003 -0.1262098700 -0.9864591956 0.1350977421 -0.0929887518 -0.0741862431 0.1381022781 0.9876356125
61.6 -85.1 2314.7 0.1924799830 0.9811607003 0.0165859722 -0.6222105026 0.1350977421 -0.7711048126 -0.7588185072 0.1381022781 0.6364921331
-284.7 -139.1 2196.7 0.4924570620 -0.2933072150 -0.8194247484 0.0370914973 0.9477205276 -0.3169385493 0.8695459962 0.1256849319 0.4775908589
-170.9 -506.8 2148.0 0.4924570620 0.1903049499 -0.8492761850 0.0370914973 0.9703263044 0.2389374226 0.8695459962 -0.1491673440 0.4707853198
-179.8 -177.5 2336.2 -0.4650508463 -0.1635281295 -0.8700495958 -0.0575410537 0.9862968326 -0.1546207964 0.8834120035 -0.0218429584 -0.4680877626
-116.4 -559.9 2344.7 -0.4104675949 0.2596102655 -0.8741389513 0.2075068951 0.9600592256 0.1876891255 0.8879511356 -0.1043495461 -0.4479441345
-10.6 -228.8 2081.4 0 0 0 0 0 0 0 0 0
110.8 -243.9 2121.1 0 0 0 0 0 0 0 0 0
-241.9 -868.8 2203.6 0 0 0 0 0 0 0 0 0
-212.8 -916.5 2383.4 0 0 0 0 0 0 0 0 0
60.8 357.0 2201.2 63 0.5967288613 0.5329521298 -0.5998972654 -0.2711819112 0.8375409245 0.4743264318 0.7552317977 -0.1203629971 0.6443118453
-45.9 189.2 2225.4 0.5967288613 0.5329521298 -0.5998972654 -0.2711819112 0.8375409245 0.4743264318 0.7552317977 -0.1203629971 0.6443118453
-143.5 22.8 2246.1 0.6033529043 0.5023913980 -0.6193288565 -0.2603330910 0.8581487536 0.4425013065 0.7537851334 -0.1057526469 0.6485556364
-128.0 224.7 2122.7 0.2373302132 0.3427645564 -0.9089481831 0.9358901978 0.1700954586 0.3085078895 0.2603535354 -0.9238939285 -0.2804211974
-189.8 -18.8 2055.0 -0.6414539814 0.3427645564 -0.6863302588 0.7608899474 0.1700954586 -0.6261900663 -0.0978941172 -0.9238939285 -0.3699145019
36.1 153.7 2328.0 0.1067645103 0.9835519791 -0.1456943303 -0.9930905104 0.0983067378 -0.0640864745 -0.0487096459 0.1515298188 0.9872517586
61.8 -85.4 2316.3 0.1796413660 0.9835519791 -0.0188275650 -0.6198348999 0.0983067378 -0.7785502672 -0.7638937831 0.1515298188 0.6272997856
-288.2 -135.7 2195.8 0.4767743051 -0.3096116185 -0.8226948977 0.0384438634 0.9423655868 -0.3323690295 0.8781846762 0.1268374324 0.4611983597
-168.1 -501.3 2146.6 0.4767743051 0.2026757598 -0.8553413153 0.0384438634 0.9673173428 0.2506377399 0.8781846762 -0.1523802578 0.4534004033
-187.1 -173.3 2338.5 -0.4152071476 -0.1988251358 -0.8877339363 -0.0763598382 0.9799979925 -0.1837747246 0.9065164924 -0.0085173594 -0.4220844209
-110.0 -553.3 2341.8 -0.3454872370 0.2921049297 -0.8918033838 0.2074472457 0.9505831003 0.2309921980 0.9152072072 -0.1051973030 -0.3890106976
-11.6 -230.1 2082.2 0 0 0 0 0 0 0 0 0
107.7 -243.5 2121.4 0 0 0 0 0 0 0 0 0
-243.7 -862.3 2203.5 0 0 0 0 0 0 0 0 0
-218.8 -907.1 2380.9 0 0 0 0 0 0 0 0 0
65.2 360.5 2199.6 64 0.6290318966 0.5352169871 -0.5637922287 -0.2982969582 0.8359111547 0.4607292414 0.7178703547 -0.1216358691 0.6854683757
-42.7 191.9 2224.1 0.6290318966 0.5352169871 -0.5637922287 -0.2982969582 0.8359111547 0.4607292414 0.7178703547 -0.1216358691 0.6854683757
-141.2 25.8 2243.5 0.6329163909 0.5071800947 -0.5849660039 -0.2919915617 0.8561299443 0.4263595045 0.7170479894 -0.0990447700 0.6899509430
-128.9 231.7 2126.5 0.2204872370 0.3506957293 -0.9101636410 0.9373038411 0.1820278019 0.2971991897 0.2699015737 -0.9186285138 -0.2885736525
-188.9 -23.4 2053.1 -0.6633530855 0.3506957293 -0.6610410213 0.7406931520 0.1820278019 -0.6467143893 -0.1064721346 -0.9186285138 -0.3805066347
43.4 152.1 2321.8 0.0776764080 0.9836045504 -0.1627526283 -0.9964807630 0.0714377686 -0.0438489430 -0.0315033346 0.1655858904 0.9856920838
62.0 -86.6 2314.2 0.1739244610 0.9836045504 -0.0476689041 -0.6184840202 0.0714377686 -0.7825433612 -0.7663078904 0.1655858904 0.6207684875
-294.8 -120.4 2199.5 0.4708880186 -0.3371656239 -0.8152201176 0.0347273238 0.9304518104 -0.3647648990 0.8815091848 0.1434530169 0.4498474896
-164.0 -481.3 2143.8 0.4708880186 0.2002610117 -0.8591623902 0.0347273238 0.9689311981 0.2448801547 0.8815091848 -0.1451475471 0.4493035972
-187.2 -166.9 2334.1 -0.3860612214 -0.2056875676 -0.8992493153 -0.0514993928 0.9781097770 -0.2016160637 0.9210345149 -0.0315253548 -0.3882030547
-107.4 -546.3 2346.3 -0.3212075233 0.3026451170 -0.8973470330 0.1889942437 0.9489839673 0.2524096072 0.9279584885 -0.0885175616 -0.3620189726
-1.5 -232.6 2083.1 0 0 0 0 0 0 0 0 0
106.4 -244.4 2118.7 0 0 0 0 0 0 0 0 0
-238.8 -843.0 2198.0 0 0 0 0 0 0 0 0 0
-220.2 -900.0 2379.3 0 0 0 0 0 0 0 0 0
68.9 361.7 2200.8 65 0.5994608998 0.5451260805 -0.5860752463 -0.2873719335 0.8299859166 0.4780593216 0.7470368147 -0.1181563064 0.6541980505
-41.1 194.2 2224.6 0.5994608998 0.5451260805 -0.5860752463 -0.2873719335 0.8299859166 0.4780593216 0.7470368147 -0.1181563064 0.6541980505
-142.4 29.8 2243.0 0.6001800299 0.5221143365 -0.6059542298 -0.2862415910 0.8475996256 0.4468116462 0.7468933463 -0.0947181135 0.6581631899
-122.8 233.2 2122.8 0.2508615255 0.3416437507 -0.9057306647 0.9334028363 0.1626186520 0.3198660612 0.2565689385 -0.9256536961 -0.2780964673
-190.5 -18.6 2053.6 -0.6534358263 0.3416437507 -0.6755006909 0.7490075231 0.1626186520 -0.6422950029 -0.1095870733 -0.9256536961 -0.3621546030
40.7 155.3 2326.4 0.0877531767 0.9801922441 -0.1775458604 -0.9949871898 0.0776672736 -0.0629945695 -0.0479572862 0.1821838319 0.9820942879
