156.0 466.7 2637.0 1 0.6097651124 0.3885268867 -0.6908207536 -0.2075885385 0.9194695354 0.3338903487 0.7649140358 -0.0601882115 0.6413142085
78.4 283.0 2649.0 0.6097651124 0.3885268867 -0.6908207536 -0.2075885385 0.9194695354 0.3338903487 0.7649140358 -0.0601882115 0.6413142085
4.1 99.4 2663.6 0.6175609827 0.3731329739 -0.6923800707 -0.1887109131 0.9248852134 0.3301144540 0.7635486722 -0.0732061192 0.6415873170
-8.5 309.5 2541.8 -0.0036750168 -0.0311866980 -0.9995068312 0.9516200423 0.3069988489 -0.0130779501 0.3072552979 -0.9511987567 0.0285496600
-7.4 39.1 2454.5 -0.9328510761 -0.0311866980 -0.3589097559 0.3327868283 0.3069988489 -0.8916303515 0.1379918903 -0.9511987567 -0.2760056853
165.2 256.5 2756.3 0.0253463499 0.9919522405 -0.1240497455 -0.9409692287 0.0655722916 0.3320800662 0.3375417590 0.1083099768 0.9350585341
174.3 -82.1 2877.8 0.1008333564 0.9919522405 0.0765729174 0.1082260534 0.0655722916 -0.9919613600 -0.9889993668 0.1083099768 -0.1007431969
-124.2 -68.6 2608.9 0.8374026418 -0.0403793417 -0.5450929403 0.0091324328 0.9981619120 -0.0599119775 0.5465102196 0.0451924242 0.8362321854
-108.2 -465.2 2591.0 0.8358897567 0.0664467514 -0.5448606610 -0.0182899274 0.9954662919 0.0933397114 0.5485925674 -0.0680562481 0.8333153725
-7.8 -102.5 2746.5 0.7358347178 -0.2009522170 -0.6466571093 0.0913336128 0.9756793380 -0.1992686391 0.6709734797 0.0875672549 0.7362924218
72.0 -489.9 2711.8 0.7358347178 0.2655176222 -0.6229346991 0.0913336128 0.8725996614 0.4798208177 0.6709734797 -0.4099636972 0.6178384423
236.3 -47.9 2418.4 0 0 0 0 0 0 0 0 0
202.6 -51.7 2600.0 0 0 0 0 0 0 0 0 0
-127.7 -757.1 2611.0 0 0 0 0 0 0 0 0 0
-29.5 -823.4 2868.5 0 0 0 0 0 0 0 0 0
156.4 465.8 2637.4 2 0.5711318851 0.3953720927 -0.7193673253 -0.1940064579 0.9165480137 0.3497159481 0.7976025939 -0.0601720288 0.6001744866
77.5 283.0 2649.4 0.5711318851 0.3953720927 -0.7193673253 -0.1940064579 0.9165480137 0.3497159481 0.7976025939 -0.0601720288 0.6001744866
2.1 99.7 2663.6 0.5786868334 0.3791014552 -0.7220828533 -0.1760657281 0.9225878716 0.3432673514 0.7963180542 -0.0715102702 0.6006362438
-3.8 307.7 2537.6 -0.0107065551 -0.0389973260 -0.9991819263 0.9422367215 0.3341476321 -0.0231379010 0.3347766101 -0.9417136312 0.0331671387
-0.8 41.9 2443.2 -0.9297851920 -0.0389973260 -0.3660309911 0.3330870271 0.3341476321 -0.8817020059 0.1566924155 -0.9417136312 -0.2976960242
158.8 258.3 2761.2 0.0056074117 0.9856656194 -0.1686173528 -0.9348302484 0.0650365874 0.3490883410 0.3550506830 0.1556711197 0.9217947125
160.8 -78.2 2889.0 0.1495709270 0.9856656194 0.0780499429 0.0900100172 0.0650365874 -0.9938150644 -0.9846454859 0.1556711197 -0.0789921954
-126.7 -67.0 2608.2 0.8097177744 -0.0524330214 -0.5844722986 0.0134072853 0.9973931909 -0.0709019378 0.5866662860 0.0495743752 0.8083099723
-105.8 -463.4 2588.5 0.8082485795 0.0728151798 -0.5843220353 -0.0096053295 0.9938231707 0.1105587631 0.5887631178 -0.0837463588 0.8039555550
-13.5 -101.4 2748.3 0.7052837610 -0.2118441015 -0.6765329838 0.0987313092 0.9743597507 -0.2021760643 0.7020162940 0.0757965222 0.7081158161
70.7 -488.5 2718.2 0.7052837610 0.2606669962 -0.6592628360 0.0987313092 0.8847680092 0.4554532468 0.7020162940 -0.3863136768 0.5982765555
244.6 -46.0 2401.8 0 0 0 0 0 0 0 0 0
202.8 -53.0 2612.7 0 0 0 0 0 0 0 0 0
-127.6 -760.4 2613.5 0 0 0 0 0 0 0 0 0
-29.0 -826.6 2865.9 0 0 0 0 0 0 0 0 0
152.9 467.9 2637.1 3 0.5346384048 0.3851207495 -0.7522258759 -0.1649466008 0.9205586314 0.3540684283 0.8288271427 -0.0652214661 0.5556903481
76.0 284.1 2650.1 0.5346384048 0.3851207495 -0.7522258759 -0.1649466008 0.9205586314 0.3540684283 0.8288271427 -0.0652214661 0.5556903481
2.7 100.0 2665.5 0.5420324206 0.3684619069 -0.7552725673 -0.1468240917 0.9264504313 0.3466010392 0.8274319172 -0.0769767985 0.5562652349
-0.1 304.7 2534.0 -0.0323604904 -0.0812933967 -0.9961647391 0.9436643720 0.3259137869 -0.0572516583 0.3293180168 -0.9418978691 0.0661669523
8.7 48.4 2444.5 -0.9154075980 -0.0812933967 -0.3942338526 0.3493835926 0.3259137869 -0.8784710169 0.1999001503 -0.9418978691 -0.2699413896
152.0 263.5 2766.3 0.0018660115 0.9758983850 -0.2182174474 -0.9253777862 0.0843989253 0.3695304990 0.3790415525 0.2012440264 0.9032321572
152.7 -69.7 2902.7 0.1958343685 0.9758983850 0.0962872654 0.0681903735 0.0843989253 -0.9940960407 -0.9782632589 0.2012440264 -0.0500186682
-126.2 -67.5 2604.9 0.7817669511 -0.0448846146 -0.6219532490 0.0121249976 0.9983116984 -0.0568047725 0.6234528422 0.0368669145 0.7809912562
-108.4 -464.3 2590.2 0.7810366154 0.0661882162 -0.6209677458 0.0003279148 0.9943237305 0.1063962355 0.6244851351 -0.0833029822 0.7765815854
-20.3 -99.7 2750.8 0.7211357951 -0.2203385085 -0.6568212509 0.1102252677 0.9724901915 -0.2052151263 0.6839690208 0.0755896792 0.7255843282
67.3 -486.2 2720.8 0.7211357951 0.2384874821 -0.6504513025 0.1102252677 0.8874259591 0.4475774765 0.6839690208 -0.3944602907 0.6136672497
251.2 -44.1 2391.6 0 0 0 0 0 0 0 0 0
207.7 -50.5 2628.2 0 0 0 0 0 0 0 0 0
-128.2 -761.6 2615.1 0 0 0 0 0 0 0 0 0
-23.8 -825.3 2871.5 0 0 0 0 0 0 0 0 0
153.6 467.6 2628.4 4 0.5573350191 0.3877807856 -0.7341687083 -0.1542576700 0.9172001481 0.3673533797 0.8158321977 -0.0914877579 0.5710059404
76.6 285.4 2646.6 0.5573350191 0.3877807856 -0.7341687083 -0.1542576700 0.9172001481 0.3673533797 0.8158321977 -0.0914877579 0.5710059404
3.1 101.9 2666.7 0.5644268394 0.3701522350 -0.7378411889 -0.1370352060 0.9234424233 0.3584347367 0.8140292764 -0.1011999696 0.5719395876
-2.7 304.7 2532.2 -0.1004275456 -0.0828967020 -0.9914849997 0.9346762896 0.3337004483 -0.1225736216 0.3410199285 -0.9390272498 0.0439688638
24.7 49.2 2439.0 -0.9198070765 -0.0828967020 -0.3835140467 0.3370016515 0.3337004483 -0.8803828359 0.2009596378 -0.9390272498 -0.2790037096
155.9 266.1 2761.0 0.0092132119 0.9815176129 -0.1911499947 -0.9195945859 0.0833991021 0.3839145899 0.3927606642 0.1722434014 0.9033666253
159.2 -65.1 2902.4 0.1682864428 0.9815176129 0.0911201090 0.0524066426 0.0833991021 -0.9951372147 -0.9843440652 0.1722434014 -0.0374031030
-120.2 -70.7 2605.1 0.7996052504 -0.0229368713 -0.6000878215 -0.0010060316 0.9992177486 -0.0395331457 0.6005251408 0.0322146155 0.7989566922
-111.1 -467.8 2592.3 0.7994244695 0.0574626811 -0.5980122089 -0.0042110435 0.9959266186 0.0900687426 0.6007518768 -0.0694848970 0.7964100838
-21.0 -97.5 2756.6 0.7116278410 -0.2190419734 -0.6675375700 0.1006747261 0.9721423984 -0.2116690576 0.6953060031 0.0834254324 0.7138555646
66.1 -484.0 2723.4 0.7116278410 0.2328089029 -0.6628618240 0.1006747261 0.8999705315 0.4241669476 0.6953060031 -0.3685824573 0.6170061231
268.1 -40.0 2385.8 0 0 0 0 0 0 0 0 0
206.5 -50.4 2626.0 0 0 0 0 0 0 0 0 0
-127.7 -756.2 2612.4 0 0 0 0 0 0 0 0 0
-22.9 -827.8 2864.3 0 0 0 0 0 0 0 0 0
146.9 473.7 2633.1 5 0.5518062115 0.3656246066 -0.7495522499 -0.1448625475 0.9271323681 0.3456014693 0.8212945461 -0.0821229964 0.5645627379
74.5 290.1 2649.4 0.5518062115 0.3656246066 -0.7495522499 -0.1448625475 0.9271323681 0.3456014693 0.8212945461 -0.0821229964 0.5645627379
2.3 106.1 2670.5 0.5593500137 0.3631936908 -0.7451294661 -0.1256846339 0.9256699681 0.3568451107 0.8193478584 -0.1059499905 0.5634214282
-4.2 307.8 2534.2 -0.1592327356 -0.1190077066 -0.9800418615 0.9276040792 0.3217643797 -0.1897851378 0.3379284739 -0.9393108487 0.0591566078
40.0 50.6 2440.5 -0.9257006645 -0.1190077066 -0.3590479791 0.3061462343 0.3217643797 -0.8959587812 0.2221548557 -0.9393108487 -0.2614237368
153.1 272.4 2764.6 0.0139933396 0.9794485569 -0.2012082040 -0.9162073731 0.0931514129 0.3897266984 0.4004600942 0.1788948625 0.8986814618
158.2 -57.7 2908.8 0.1752797514 0.9794485569 0.0997876078 0.0457095206 0.0931514129 -0.9946021438 -0.9834569693 0.1788948625 -0.0284425654
-122.2 -69.1 2612.3 0.7954452038 -0.0213233922 -0.6056502461 -0.0062326626 0.9990400672 -0.0433594547 0.6059934497 0.0382648855 0.7945487499
-113.7 -466.2 2597.1 0.7950581908 0.0499695130 -0.6044712663 -0.0145072164 0.9978821278 0.0634101331 0.6063596010 -0.0416455492 0.7940992713
-18.8 -94.2 2761.5 0.7195581794 -0.2095908821 -0.6620481014 0.0890747011 0.9733476043 -0.2113295943 0.6886956692 0.0930921957 0.7190494537
64.5 -481.1 2724.5 0.7195581794 0.2311233282 -0.6548420191 0.0890747011 0.9044805765 0.4171097577 0.6886956692 -0.3584645987 0.6302391887
286.1 -30.8 2381.4 0 0 0 0 0 0 0 0 0
207.4 -44.8 2632.5 0 0 0 0 0 0 0 0 0
-128.1 -754.3 2609.1 0 0 0 0 0 0 0 0 0
-23.8 -826.8 2861.5 0 0 0 0 0 0 0 0 0
142.5 473.5 2635.4 6 0.5035118461 0.3612600267 -0.7848356366 -0.1172324643 0.9285526276 0.3522024155 0.8559978604 -0.0853298753 0.5098886490
70.6 288.8 2652.4 0.5035118461 0.3612600267 -0.7848356366 -0.1172324643 0.9285526276 0.3522024155 0.8559978604 -0.0853298753 0.5098886490
-0.4 104.4 2674.0 0.5112175345 0.3574888408 -0.7815742493 -0.0973324925 0.9276184440 0.3606249392 0.8539221287 -0.1082852259 0.5090101361
-1.1 302.4 2532.6 -0.2101833969 -0.0683008134 -0.9752732515 0.9148241282 0.3381249607 -0.2208355963 0.3448474705 -0.9386194944 -0.0085850200
55.5 56.0 2439.7 -0.9354377985 -0.0683008134 -0.3468300700 0.3053627908 0.3381249607 -0.8901826143 0.1780721098 -0.9386194944 -0.2954383492
142.4 275.1 2772.3 0.0007262714 0.9659110308 -0.2588732839 -0.9057059288 0.1103733405 0.4092853367 0.4239059389 0.2341658175 0.8749114871
142.7 -51.1 2925.0 0.2329639941 0.9659110308 0.1128879040 0.0238451529 0.1103733405 -0.9936041236 -0.9721930027 0.2341658175 0.0026807189
-121.2 -66.4 2616.4 0.7589473128 -0.0176679417 -0.6509122849 -0.0123639377 0.9990605712 -0.0415338948 0.6510346532 0.0395698771 0.7580159307
-114.2 -463.6 2600.7 0.7588267922 0.0417228192 -0.6499546766 -0.0153290760 0.9988136292 0.0462204665 0.6511120200 -0.0251101255 0.7585661411
-18.6 -89.4 2766.7 0.7530378103 -0.2060967684 -0.6248664856 0.0850492120 0.9721996188 -0.2181616873 0.6524574161 0.1111396030 0.7496314645
63.3 -475.9 2722.5 0.7530378103 0.2146614790 -0.6219762564 0.0850492120 0.9055997729 0.4155185223 0.6524574161 -0.3657997549 0.6636941433
302.9 -24.7 2392.6 0 0 0 0 0 0 0 0 0
208.0 -44.4 2652.2 0 0 0 0 0 0 0 0 0
-126.5 -758.5 2608.1 0 0 0 0 0 0 0 0 0
-18.7 -822.0 2862.3 0 0 0 0 0 0 0 0 0
137.4 474.9 2627.1 7 0.4325581491 0.3528281450 -0.8297021985 -0.0385004655 0.9266381264 0.3739779294 0.9007836580 -0.1298232824 0.4144089222
67.1 290.3 2653.0 0.4325581491 0.3528281450 -0.8297021985 -0.0385004655 0.9266381264 0.3739779294 0.9007836580 -0.1298232824 0.4144089222
-1.4 106.2 2682.4 0.4396411180 0.3427661955 -0.8301969767 -0.0196178276 0.9277610183 0.3726589084 0.8979592323 -0.1475495249 0.4146062136
5.7 293.0 2527.6 -0.2594440281 -0.0123735340 -0.9656788707 0.9119728804 0.3258977532 -0.2491909415 0.3177959621 -0.9453240633 -0.0732678995
73.7 53.9 2444.3 -0.9496911764 -0.0123735340 -0.3129434288 0.2920480371 0.3258977532 -0.8991655111 0.1131134182 -0.9453240633 -0.3058885634
128.5 287.6 2778.4 -0.0158543475 0.9395853281 -0.3419473767 -0.8723353744 0.1541368365 0.4639749825 0.4886507988 0.3056488037 0.8171898127
122.8 -25.8 2953.9 0.3147641420 0.9395853281 0.1345470101 -0.0380740501 0.1541368365 -0.9873156548 -0.9484059811 0.3056488037 0.0842905715
-118.3 -71.1 2617.4 0.7038781047 -0.0101528531 -0.7102482319 -0.0295419786 0.9986143112 -0.0435520113 0.7097061872 0.0516374446 0.7026028037
-114.2 -468.1 2596.9 0.7054854631 0.0469962880 -0.7071644664 -0.0013796678 0.9978881478 0.0649406239 0.7087230086 -0.0448390171 0.7040604949
-24.7 -88.9 2773.7 0.7689582705 -0.2174739093 -0.6011723876 0.0844339430 0.9666720629 -0.2416940331 0.6336987019 0.1350932717 0.7616927028
61.7 -473.1 2720.0 0.7689582705 0.2019777745 -0.6065542698 0.0844339430 0.9083831310 0.4095253944 0.6336987019 -0.3661217093 0.6814549565
323.4 -22.9 2414.5 0 0 0 0 0 0 0 0 0
210.8 -36.4 2688.9 0 0 0 0 0 0 0 0 0
-128.1 -763.0 2610.1 0 0 0 0 0 0 0 0 0
-15.5 -820.3 2860.0 0 0 0 0 0 0 0 0 0
136.1 477.0 2632.4 8 0.3907250166 0.3525886238 -0.8503029943 -0.0193041004 0.9266683459 0.3753839731 0.9203050137 -0.1302575618 0.3688789010
66.1 293.0 2658.3 0.3907250166 0.3525886238 -0.8503029943 -0.0193041004 0.9266683459 0.3753839731 0.9203050137 -0.1302575618 0.3688789010
-2.2 108.8 2688.2 0.3984422088 0.3425437510 -0.8508275747 0.0012797390 0.9274339080 0.3739848435 0.9171925187 -0.1501001865 0.3690904677
10.3 292.8 2529.9 -0.3083600700 0.0002305842 -0.9512696862 0.9057518840 0.3057009280 -0.2935310602 0.2907363474 -0.9521275759 -0.0944748074
92.6 51.1 2452.3 -0.9417647719 0.0002305842 -0.3362722993 0.3202405274 0.3057009280 -0.8966565132 0.1025919914 -0.9521275759 -0.2879722118
121.9 293.2 2786.7 -0.0305633973 0.9236789942 -0.3819463253 -0.8626957536 0.1686090231 0.4767882526 0.5047988892 0.3440757692 0.7917006612
110.9 -17.1 2968.3 0.3573235571 0.9236789942 0.1383365393 -0.0548406169 0.1686090231 -0.9841562510 -0.9323692322 0.3440757692 0.1109030992
-109.9 -76.1 2630.1 0.6712015867 0.0131581882 -0.7411581278 -0.0612751804 0.9974054694 -0.0377840400 0.7387380004 0.0707753077 0.6702663898
-115.1 -472.5 2602.0 0.6745985746 0.0435990579 -0.7368960977 -0.0066364864 0.9985721707 0.0530059002 0.7381549478 -0.0308673028 0.6739246845
-29.8 -79.7 2793.6 0.7908030748 -0.2373140007 -0.5641919374 0.0684150383 0.9502714872 -0.3038148880 0.6082350016 0.2016585320 0.7677134871
64.3 -456.5 2713.7 0.7908030748 0.1974518895 -0.5793472528 0.0684150383 0.9120896459 0.4042422771 0.6082350016 -0.3593121171 0.7077746391
339.8 -33.0 2425.4 0 0 0 0 0 0 0 0 0
210.9 -32.5 2707.2 0 0 0 0 0 0 0 0 0
-127.8 -762.4 2611.0 0 0 0 0 0 0 0 0 0
-11.2 -805.1 2851.0 0 0 0 0 0 0 0 0 0
136.1 477.5 2634.6 9 0.3744779527 0.3568542302 -0.8558161855 -0.0066049974 0.9239789844 0.3823862672 0.9272122979 -0.1375425607 0.3483667672
65.2 293.8 2662.0 0.3744779527 0.3568542302 -0.8558161855 -0.0066049974 0.9239789844 0.3823862672 0.9272122979 -0.1375425607 0.3483667672
-2.7 109.6 2693.1 0.3826528788 0.3409823477 -0.8586663008 0.0150782773 0.9269723296 0.3748265803 0.9237691164 -0.1563756764 0.3495672047
11.5 291.7 2532.3 -0.3520762920 0.0499956310 -0.9346351027 0.8937508464 0.3144896626 -0.3198525310 0.2779418230 -0.9479433894 -0.1554079950
106.9 49.4 2457.0 -0.9378588796 0.0499956310 -0.3433965147 0.3411191702 0.3144896626 -0.8858520985 0.0637059137 -0.9479433894 -0.3120013773
118.9 295.9 2791.6 -0.0344312303 0.9169706702 -0.3974660635 -0.8559936881 0.1782137454 0.4852985144 0.5158384442 0.3569378853 0.7787849903
106.5 -12.2 2977.3 0.3730615973 0.9169706702 0.1413853914 -0.0659613609 0.1782137454 -0.9817784429 -0.9254589081 0.3569378853 0.1269693375
-106.8 -75.6 2634.4 0.6582682729 0.0248499829 -0.7523731589 -0.0753343925 0.9966123104 -0.0329948515 0.7490044236 0.0783990398 0.6579102874
-116.7 -471.7 2603.2 0.6628732681 0.0431899540 -0.7474848628 -0.0059406417 0.9986068606 0.0524316840 0.7487080693 -0.0303150211 0.6622063518
-34.1 -75.3 2801.8 0.7890406847 -0.2547195256 -0.5590462685 0.0668492019 0.9401891828 -0.3340292275 0.6106930375 0.2261908501 0.7588753104
67.0 -448.4 2712.1 0.7890406847 0.2005700320 -0.5806775689 0.0668492019 0.9115602970 0.4056957364 0.6106930375 -0.3589282930 0.7058502436
352.3 -39.8 2440.3 0 0 0 0 0 0 0 0 0
211.2 -30.7 2717.6 0 0 0 0 0 0 0 0 0
-129.4 -765.5 2612.1 0 0 0 0 0 0 0 0 0
-9.7 -796.9 2849.3 0 0 0 0 0 0 0 0 0
133.6 476.5 2627.7 0 0.3513335288 0.3548609912 -0.8663939238 0.0244430564 0.9215950370 0.3873824179 0.9359312654 -0.1572777480 0.3151133657
63.0 293.1 2659.0 0.3513335288 0.3548609912 -0.8663939238 0.0244430564 0.9215950370 0.3873824179 0.9359312654 -0.1572777480 0.3151133657
-4.6 109.3 2693.0 0.3575240672 0.3397998512 -0.8698922992 0.0408979766 0.9248676896 0.3780834973 0.9330079556 -0.1707507819 0.3167653382
12.8 287.3 2528.0 -0.3852968216 0.0959405154 -0.9177917838 0.8914660811 0.2956447601 -0.3433400989 0.2384001017 -0.9504680634 -0.1994387060
117.2 45.8 2463.4 -0.9359562993 0.0959405154 -0.3387938440 0.3517986536 0.2956447601 -0.8881620765 0.0149518978 -0.9504680634 -0.3104622960
113.2 298.8 2790.0 -0.0431889780 0.9060174823 -0.4210308790 -0.8427984715 0.1932622045 0.5023350120 0.5364936590 0.3765395284 0.7552433610
97.7 -4.6 2983.2 0.3981166184 0.9060174823 0.1436504871 -0.0871965066 0.1932622045 -0.9772648215 -0.9131812453 0.3765395284 0.1559424549
-105.6 -76.0 2639.7 0.6374467611 0.0245281514 -0.7701038718 -0.0910829604 0.9948837757 -0.0437056310 0.7650918365 0.0980033576 0.6364195347
-115.3 -471.4 2600.7 0.6441038847 0.0463468768 -0.7635326982 -0.0024741967 0.9982838035 0.0585092120 0.7649340034 -0.0357968807 0.6431131363
-35.6 -73.2 2808.7 0.7912825942 -0.2616831958 -0.5526244044 0.0639060363 0.9342363477 -0.3508824408 0.6081018448 0.2423311323 0.7559680939
68.3 -444.2 2712.5 0.7912825942 0.2014760077 -0.5773034096 0.0639060363 0.9117324948 0.4057830572 0.6081018448 -0.3579822481 0.7085625529
361.4 -45.9 2459.5 0 0 0 0 0 0 0 0 0
209.5 -29.1 2726.8 0 0 0 0 0 0 0 0 0
-128.9 -763.3 2611.2 0 0 0 0 0 0 0 0 0
-8.7 -792.8 2849.3 0 0 0 0 0 0 0 0 0
132.5 477.5 2623.2 1 0.3781414032 0.3536595106 -0.8555314541 0.0240319166 0.9200901389 0.3909687996 0.9254358411 -0.1684015393 0.3394250572
62.2 294.4 2656.7 0.3781414032 0.3536595106 -0.8555314541 0.0240319166 0.9200901389 0.3909687996 0.9254358411 -0.1684015393 0.3394250572
-5.0 110.6 2691.8 0.3826895356 0.3377675712 -0.8599196672 0.0361660086 0.9245824814 0.3792614043 0.9231688380 -0.1762392372 0.3416123688
8.4 289.3 2527.0 -0.4040426612 0.1322374344 -0.9051313400 0.8933026195 0.2700055540 -0.3593152761 0.1968755722 -0.9537348747 -0.2272218168
122.1 38.0 2471.6 -0.9350386858 0.1322374344 -0.3289619684 0.3533060849 0.2700055540 -0.8956962824 -0.0296230279 -0.9537348747 -0.2991859317
116.0 299.5 2786.5 -0.0307109542 0.9164782166 -0.3989040852 -0.8448244929 0.1894795150 0.5003689528 0.5341613889 0.3523707688 0.7684441805
104.9 -4.8 2978.9 0.3728195429 0.9164782166 0.1451661736 -0.0848968327 0.1894795150 -0.9782075882 -0.9240119457 0.3523707688 0.1484477669
-105.0 -78.3 2641.5 0.6576376557 0.0268523749 -0.7528556585 -0.0943474695 0.9944317937 -0.0469460450 0.7474029660 0.1019035131 0.6565092802
-115.7 -473.6 2601.0 0.6647309661 0.0454351455 -0.7456999421 -0.0016398035 0.9982352853 0.0593602546 0.7470809817 -0.0382357985 0.6636323929
-39.5 -70.7 2812.3 0.7792144418 -0.2605314255 -0.5700423121 0.0615907237 0.9369379282 -0.3440260589 0.6237238050 0.2329607606 0.7461218834
64.0 -443.1 2719.8 0.7792144418 0.1658773720 -0.6044084430 0.0615907237 0.9394087195 0.3372207284 0.6237238050 -0.2999932170 0.7217843533
367.4 -54.7 2479.4 0 0 0 0 0 0 0 0 0
209.6 -28.7 2719.3 0 0 0 0 0 0 0 0 0
-128.9 -763.5 2612.1 0 0 0 0 0 0 0 0 0
7.5 -762.8 2821.9 0 0 0 0 0 0 0 0 0
131.7 472.6 2620.5 2 0.3967580795 0.3476981223 -0.8495228291 0.0179758947 0.9223629832 0.3859060109 0.9177471995 -0.1683822572 0.3597047627
62.9 290.2 2653.8 0.3967580795 0.3476981223 -0.8495228291 0.0179758947 0.9223629832 0.3859060109 0.9177471995 -0.1683822572 0.3597047627
-3.0 106.1 2689.5 0.4024605751 0.3314670026 -0.8533200622 0.0334969722 0.9261881709 0.3755707443 0.9148242474 -0.1797360629 0.3616510928
6.3 285.5 2525.2 -0.4107414782 0.1912456453 -0.8914687634 0.8941524625 0.2756755650 -0.3528376222 0.1782775074 -0.9420340061 -0.2842341363
118.9 40.4 2476.3 -0.9236868024 0.1912456453 -0.3320056796 0.3751812279 0.2756755650 -0.8850095868 -0.0777283832 -0.9420340061 -0.3263896704
119.5 294.9 2782.4 -0.0167240463 0.9234142303 -0.3834402561 -0.8470253348 0.1906902641 0.4961706102 0.5312893391 0.3330816031 0.7789661884
113.5 -10.2 2973.8 0.3528527021 0.9234142303 0.1510003209 -0.0803566650 0.1906902641 -0.9783557653 -0.9322219491 0.3330816031 0.1414880753
-107.3 -76.5 2642.2 0.6739895940 0.0184761081 -0.7385097742 -0.0909109190 0.9941629767 -0.0580963902 0.7331256866 0.1062949598 0.6717351675
-114.6 -471.7 2600.0 0.6813423038 0.0501792580 -0.7302429080 -0.0004845673 0.9976781011 0.0681041777 0.7319647670 -0.0460484028 0.6797845960
-37.1 -69.8 2811.4 0.7648089528 -0.2465710193 -0.5952058434 0.0555570610 0.9456638098 -0.3203643858 0.6418572068 0.2119496614 0.7369509339
60.9 -445.6 2727.2 0.7648089528 0.1487619877 -0.6268469691 0.0555570610 0.9541231394 0.2942150235 0.6418572068 -0.2598440349 0.7214571238
361.8 -58.3 2496.8 0 0 0 0 0 0 0 0 0
212.6 -32.8 2711.9 0 0 0 0 0 0 0 0 0
-129.4 -765.0 2613.5 0 0 0 0 0 0 0 0 0
14.5 -742.8 2808.1 0 0 0 0 0 0 0 0 0
135.2 474.8 2628.6 3 0.3783136010 0.3479988575 -0.8577736616 0.0062168101 0.9256680608 0.3782855272 0.9256566167 -0.1484431773 0.3480293751
66.5 291.9 2658.0 0.3783136010 0.3479988575 -0.8577736616 0.0062168101 0.9256680608 0.3782855272 0.9256566167 -0.1484431773 0.3480293751
-0.3 107.4 2689.3 0.3827674985 0.3362139165 -0.8604936004 0.0182865188 0.9284868836 0.3709146678 0.9236636758 -0.1577095091 0.3492464423
12.6 289.4 2528.1 -0.3557605147 0.2277695090 -0.9063969851 0.9164279103 0.2752248049 -0.2905360758 0.1832876801 -0.9340087771 -0.3066484630
111.2 35.4 2477.3 -0.9263194203 0.2277695090 -0.3000889421 0.3568685949 0.2752248049 -0.8926903605 -0.1207357347 -0.9340087771 -0.3362298906
120.3 294.5 2787.9 -0.0287301838 0.9162075520 -0.3996726573 -0.8553889394 0.1843421608 0.4840740561 0.5171888471 0.3557831347 0.7784176469
109.9 -13.6 2974.2 0.3727161884 0.9162075520 0.1471268535 -0.0660479665 0.1843421608 -0.9806404114 -0.9255918860 0.3557831347 0.1292209625
-105.8 -81.1 2641.4 0.6583367586 0.0218091998 -0.7524074912 -0.0866277069 0.9951337576 -0.0469521284 0.7477220893 0.0960896537 0.6570224166
-114.5 -476.8 2603.2 0.6653546691 0.0505879819 -0.7448114157 0.0010306248 0.9976381660 0.0686807856 0.7465267181 -0.0464647040 0.6637310386
-32.0 -75.0 2809.1 0.7550045252 -0.2318931669 -0.6133463383 0.0474305414 0.9522421956 -0.3016373813 0.6540019512 0.1986462325 0.7299459577
60.1 -453.4 2730.2 0.7550045252 0.1454128474 -0.6393929124 0.0474305414 0.9604359865 0.2744322121 0.6540019512 -0.2375243157 0.7182365060
353.4 -57.9 2508.9 0 0 0 0 0 0 0 0 0
214.7 -32.2 2714.0 0 0 0 0 0 0 0 0 0
-129.2 -767.2 2616.7 0 0 0 0 0 0 0 0 0
17.5 -734.7 2799.8 0 0 0 0 0 0 0 0 0
139.2 471.8 2632.7 4 0.3750153780 0.3626569211 -0.8531373739 -0.0175643563 0.9229168892 0.3845984340 0.9268521667 -0.1292455196 0.3524778485
67.6 289.4 2658.3 0.3750153780 0.3626569211 -0.8531373739 -0.0175643563 0.9229168892 0.3845984340 0.9268521667 -0.1292455196 0.3524778485
-1.8 105.4 2686.8 0.3815298378 0.3492718637 -0.8558295369 -0.0006462542 0.9259657264 0.3776069880 0.9243562818 -0.1435152441 0.3535092771
13.9 289.5 2528.2 -0.3246837258 0.2224653810 -0.9192875624 0.9317023158 0.2425479442 -0.2703724802 0.1628227979 -0.9442878962 -0.2860228717
105.1 27.7 2482.5 -0.9311724305 0.2224653810 -0.2888374925 0.3398078084 0.2425479442 -0.9086809754 -0.1320931166 -0.9442878962 -0.3014494479
121.2 289.3 2788.3 -0.0414193273 0.9180953503 -0.3941895068 -0.8623633385 0.1663976610 0.4781644940 0.5045928359 0.3597398400 0.7848396897
106.3 -21.3 2970.0 0.3732434213 0.9180953503 0.1333802491 -0.0575286523 0.1663976610 -0.9843791127 -0.9259480834 0.3597398400 0.1149236187
-102.2 -78.8 2636.0 0.6564745307 0.0327070132 -0.7536388040 -0.0899366215 0.9953271747 -0.0351453833 0.7489676476 0.0908517763 0.6563485265
-115.2 -474.6 2599.8 0.6646472216 0.0490399376 -0.7455462217 0.0092895301 0.9972241521 0.0738761351 0.7470995784 -0.0560273416 0.6623467207
-32.0 -75.5 2805.3 0.7345913053 -0.2271489203 -0.6393582225 0.0476713963 0.9572473764 -0.2853153646 0.6768330932 0.1791110784 0.7140141129
58.2 -455.9 2734.1 0.7345913053 0.1392726004 -0.6640623212 0.0476713963 0.9656944275 0.2552678585 0.6768330932 -0.2191743404 0.7027514577
347.7 -60.8 2516.9 0 0 0 0 0 0 0 0 0
211.2 -37.5 2709.7 0 0 0 0 0 0 0 0 0
-129.6 -765.7 2616.2 0 0 0 0 0 0 0 0 0
18.5 -731.1 2796.6 0 0 0 0 0 0 0 0 0
138.3 474.8 2635.7 5 0.3865106404 0.3504713774 -0.8530998230 -0.0286254399 0.9290981293 0.3687238693 0.9218406081 -0.1180953309 0.3691386878
68.7 290.3 2659.2 0.3865106404 0.3504713774 -0.8530998230 -0.0286254399 0.9290981293 0.3687238693 0.9218406081 -0.1180953309 0.3691386878
0.5 105.4 2685.5 0.3921809793 0.3426196277 -0.8537012935 -0.0134150507 0.9300805926 0.3671105504 0.9197902679 -0.1325213313 0.3693561554
13.5 292.2 2529.8 -0.3100313544 0.3054785728 -0.9003129601 0.9381762147 0.2516610920 -0.2376806587 0.1539673805 -0.9183406234 -0.3646155596
101.4 26.0 2486.1 -0.9139599800 0.3054785728 -0.2671329677 0.3480617702 0.2516610920 -0.9030613303 -0.2086389065 -0.9183406234 -0.3363335729
123.8 288.4 2788.6 -0.0309973750 0.9213174582 -0.3875735700 -0.8705939054 0.1656045914 0.4632940590 0.4910248518 0.3517800868 0.7969600558
112.7 -25.2 2965.5 0.3627616167 0.9213174582 0.1399217695 -0.0405257791 0.1656045914 -0.9853591919 -0.9310003519 0.3517800868 0.0974121019
-106.2 -78.6 2630.5 0.6662828922 0.0173666142 -0.7454968095 -0.0667328462 0.9971061945 -0.0364141054 0.7427070737 0.0740112215 0.6655137539
-113.1 -474.9 2601.1 0.6708748937 0.0534535758 -0.7396415472 -0.0050193737 0.9977031946 0.0675508678 0.7415536046 -0.0416056439 0.6696023345
-36.3 -78.7 2800.1 0.6811842918 -0.2403723300 -0.6915266514 0.0522688776 0.9581211209 -0.2815525234 0.7302437425 0.1556438506 0.6652210951
59.2 -459.5 2738.2 0.6811842918 0.1483732611 -0.7169193029 0.0522688776 0.9668931365 0.2497712523 0.7302437425 -0.2076128274 0.6508771181
338.5 -64.3 2540.2 0 0 0 0 0 0 0 0 0
214.7 -36.6 2703.7 0 0 0 0 0 0 0 0 0
-128.4 -760.6 2613.0 0 0 0 0 0 0 0 0 0
17.3 -733.1 2797.0 0 0 0 0 0 0 0 0 0
142.7 475.4 2627.3 6 0.4792739451 0.3601303101 -0.8003765345 -0.0629776269 0.9236989021 0.3779076636 0.8754029274 -0.1307154745 0.4653849602
71.0 291.3 2653.3 0.4792739451 0.3601303101 -0.8003765345 -0.0629776269 0.9236989021 0.3779076636 0.8754029274 -0.1307154745 0.4653849602
2.2 106.9 2681.6 0.4851324856 0.3465936184 -0.8028196096 -0.0476341546 0.9272064567 0.3715093434 0.8731423020 -0.1419896185 0.4663276672
3.1 298.0 2531.2 -0.3026495576 0.3329534829 -0.8930538893 0.9400824308 0.2586271763 -0.2221643180 0.1569976360 -0.9067822099 -0.3912771046
92.9 19.2 2484.6 -0.9103314281 0.3329534829 -0.2458427846 0.3388831615 0.2586271763 -0.9045828581 -0.2376023829 -0.9067822099 -0.3482687771
138.8 284.6 2775.4 0.0003361524 0.9562642574 -0.2925040126 -0.8847081661 0.1366337538 0.4456710219 0.4661451876 0.2586309016 0.8460606933
138.9 -33.9 2943.2 0.2634791732 0.9562642574 0.1270332634 -0.0183607787 0.1366337538 -0.9904514551 -0.9644903541 0.2586309016 0.0535579026
-103.5 -78.2 2627.5 0.7394030690 0.0261054132 -0.6727567315 -0.0672498122 0.9971143603 -0.0352202132 0.6698959470 0.0712846965 0.7390249372
-113.9 -474.6 2599.2 0.7438074350 0.0454318039 -0.6668481231 -0.0036899247 0.9979511499 0.0638738051 0.6683837771 -0.0450491942 0.7424511313
-31.6 -80.7 2796.2 0.7417337894 -0.2266070992 -0.6312529445 0.0742623657 0.9631543159 -0.2584933937 0.6665704250 0.1448549330 0.7312324643
58.5 -463.5 2738.6 0.7370235920 0.1440050900 -0.6603474617 0.0394742377 0.9661979675 0.2547611594 0.6747132540 -0.2138317078 0.7064262033
326.6 -67.8 2545.6 0 0 0 0 0 0 0 0 0
212.6 -39.0 2673.6 0 0 0 0 0 0 0 0 0
-127.0 -761.0 2612.1 0 0 0 0 0 0 0 0 0
18.2 -733.4 2798.4 0 0 0 0 0 0 0 0 0
145.5 478.7 2623.0 7 0.5245378017 0.3554318547 -0.7736461163 -0.0843997598 0.9259210229 0.3681669831 0.8471934795 -0.1278219521 0.5156789422
74.5 293.9 2648.5 0.5245378017 0.3554318547 -0.7736461163 -0.0843997598 0.9259210229 0.3681669831 0.8471934795 -0.1278219521 0.5156789422
6.7 108.8 2674.2 0.5276812911 0.3410414159 -0.7779737711 -0.0760180131 0.9311487079 0.3566277027 0.8460341096 -0.1290457398 0.5172750354
0.6 304.5 2530.0 -0.2626621425 0.3462518156 -0.9006210566 0.9530002475 0.2391608804 -0.1859907657 0.1509936750 -0.9071448445 -0.3927965760
77.8 24.3 2485.7 -0.9074758291 0.3462518156 -0.2379018962 0.3305945396 0.2391608804 -0.9129673243 -0.2592197657 -0.9071448445 -0.3315016627
148.5 283.2 2767.0 0.0216913987 0.9682138562 -0.2491815090 -0.8991736174 0.1278503239 0.4184986353 0.4370541275 0.2149796188 0.8733655810
156.3 -40.4 2924.3 0.2151899338 0.9682138562 0.1274960190 0.0123309176 0.1278503239 -0.9917168021 -0.9764943719 0.2149796188 0.0155731374
-110.9 -73.0 2630.2 0.7720569372 0.0067819837 -0.6355171204 -0.0620468073 0.9959707856 -0.0647488609 0.6325173974 0.0894216225 0.7693669796
-113.6 -468.8 2594.7 0.7763021588 0.0481117480 -0.6285222769 -0.0026353635 0.9973220825 0.0730874166 0.6303554773 -0.0550815314 0.7743500471
-22.4 -81.8 2789.5 0.7685019374 -0.1994437575 -0.6079695225 0.0777809620 0.9722518325 -0.2206274122 0.6351022720 0.1222641394 0.7626903653
56.8 -468.0 2740.9 0.7629082203 0.1429129541 -0.6305132508 0.0349756107 0.9647098184 0.2609821558 0.6455600262 -0.2211580127 0.7309865355
312.2 -61.1 2552.6 0 0 0 0 0 0 0 0 0
216.5 -36.9 2650.9 0 0 0 0 0 0 0 0 0
-127.6 -760.2 2610.8 0 0 0 0 0 0 0 0 0
17.1 -736.4 2802.4 0 0 0 0 0 0 0 0 0
145.8 478.6 2629.9 8 0.5679084063 0.3500156105 -0.7449625134 -0.1202537864 0.9306498170 0.3455862999 0.8142598271 -0.1066768020 0.5706145763
75.7 292.5 2651.2 0.5679084063 0.3500156105 -0.7449625134 -0.1202537864 0.9306498170 0.3455862999 0.8142598271 -0.1066768020 0.5706145763
8.7 106.7 2673.5 0.5721721053 0.3368646801 -0.7477574944 -0.1086739972 0.9348524809 0.3379953206 0.8129016161 -0.1121296957 0.5715048909
-4.5 307.6 2537.4 -0.1954162866 0.3161740601 -0.9283568263 0.9622617364 0.2446071357 -0.1192463636 0.1893801093 -0.9166249633 -0.3520424366
52.7 26.0 2481.9 -0.9287345409 0.3161740601 -0.1936132014 0.2769868374 0.2446071357 -0.9292177558 -0.2464353889 -0.9166249633 -0.3147511780
156.0 277.3 2765.1 0.0418669768 0.9788421392 -0.2002879977 -0.9150366187 0.1180601791 0.3857069016 0.4011921883 0.1671224684 0.9006192088
171.0 -51.9 2909.4 0.1623806208 0.9788421392 0.1245016456 0.0487709455 0.1180601791 -0.9918080568 -0.9855221510 0.1671224684 -0.0285683703
-109.3 -69.4 2622.6 0.8052529693 0.0071321335 -0.5928885341 -0.0421106331 0.9980905652 -0.0451875813 0.5914341807 0.0613543466 0.8040156960
-112.2 -466.0 2598.2 0.8069238663 0.0508257076 -0.5884646177 -0.0151160201 0.9977415204 0.0654473379 0.5904619694 -0.0439157747 0.8058697581
-12.9 -83.2 2777.0 0.7960495949 -0.1714796871 -0.5804306269 0.0838544890 0.9810224771 -0.1748238057 0.5993942022 0.0904967040 0.7953218818
55.2 -472.8 2741.1 0.7892379761 0.1386929005 -0.5982204676 0.0269036666 0.9654169679 0.2593188882 0.6134978533 -0.2207586467 0.7582123876
290.0 -44.8 2544.9 0 0 0 0 0 0 0 0 0
216.5 -38.3 2633.5 0 0 0 0 0 0 0 0 0
-127.1 -758.5 2611.1 0 0 0 0 0 0 0 0 0
17.0 -738.8 2801.9 0 0 0 0 0 0 0 0 0
147.3 477.3 2633.3 9 0.5497995615 0.3589395881 -0.7542431951 -0.1261928827 0.9282931685 0.3497815728 0.8257092834 -0.0971296206 0.5556707978
75.3 291.3 2652.8 0.5497995615 0.3589395881 -0.7542431951 -0.1261928827 0.9282931685 0.3497815728 0.8257092834 -0.0971296206 0.5556707978
6.0 106.2 2674.3 0.5552528501 0.3484492600 -0.7551671267 -0.1118591800 0.9310388565 0.3473531306 0.8241248727 -0.1083964556 0.5559392571
-2.6 307.0 2537.1 -0.0858171806 0.2546659410 -0.9632137418 0.9766278267 0.2127233893 -0.0307699610 0.1970620304 -0.9433419704 -0.2669691741
21.3 34.4 2482.1 -0.9514963031 0.2546659410 -0.1726270020 0.2292607278 0.2127233893 -0.9498358965 -0.2051690519 -0.9433419704 -0.2607904077
153.3 275.6 2768.5 0.0256139822 0.9765007496 -0.2139863521 -0.9139159918 0.1096155345 0.3908222616 0.4050944746 0.1855550259 0.8952473402
162.5 -53.4 2914.3 0.1817926168 0.9765007496 0.1157483384 0.0434624478 0.1096155345 -0.9930233955 -0.9823759198 0.1855550259 -0.0225138180
-110.7 -69.2 2621.5 0.7933177352 0.0027599912 -0.6088016033 -0.0386897773 0.9981969595 -0.0458905995 0.6075772643 0.0599602237 0.7919940948
-111.8 -466.0 2597.7 0.7951577306 0.0489253998 -0.6044257879 -0.0085711069 0.9975471497 0.0694709122 0.6063421369 -0.0500597358 0.7936266661
-6.1 -89.0 2770.0 0.7853559852 -0.1502343863 -0.6005377769 0.0764348656 0.9862146378 -0.1467597485 0.6143075228 0.0693566203 0.7860127091
53.6 -480.7 2742.4 0.7795320749 0.1391898543 -0.6107012033 0.0297242850 0.9656776190 0.2580371201 0.6256566048 -0.2193008512 0.7486394048
263.3 -23.9 2534.3 0 0 0 0 0 0 0 0 0
213.6 -41.2 2638.7 0 0 0 0 0 0 0 0 0
-126.2 -759.6 2612.4 0 0 0 0 0 0 0 0 0
15.9 -741.8 2801.7 0 0 0 0 0 0 0 0 0
149.2 477.2 2635.6 0 0.5617173910 0.3681198955 -0.7409192324 -0.1566228420 0.9266770482 0.3416708112 0.8123686314 -0.0758775696 0.5781866312
75.2 291.0 2650.8 0.5617173910 0.3681198955 -0.7409192324 -0.1566228420 0.9266770482 0.3416708112 0.8123686314 -0.0758775696 0.5781866312
4.5 106.1 2668.3 0.5680850148 0.3554733694 -0.7422385812 -0.1402794570 0.9305295348 0.3382845223 0.8109260798 -0.0880535468 0.5784855485
-4.7 310.7 2536.9 -0.0083542764 0.1911893934 -0.9815176129 0.9767566919 0.2118043453 0.0329435207 0.2141881436 -0.9584286809 -0.1885149926
-2.4 43.2 2478.3 -0.9645202160 0.1911893934 -0.1820642501 0.2216558754 0.2118043453 -0.9518443346 -0.1434205323 -0.9584286809 -0.2466678172
155.0 271.3 2764.7 0.0239115711 0.9804652333 -0.1952335685 -0.9251208305 0.0957214162 0.3674082756 0.3789190650 0.1718293428 0.9093376994
163.6 -61.8 2901.2 0.1655982435 0.9804652333 0.1061373278 0.0696822330 0.0957214162 -0.9929661751 -0.9837284088 0.1718293428 -0.0524697080
-114.1 -68.6 2620.4 0.8032610416 -0.0043850280 -0.5956110358 -0.0329143219 0.9981181622 -0.0517377444 0.5947170258 0.0611630455 0.8016051054
-112.4 -465.4 2596.1 0.8046323657 0.0468817428 -0.5919196606 -0.0087554762 0.9977065325 0.0671193823 0.5937088132 -0.0488238856 0.8031974435
-12.4 -89.0 2771.2 0.7894733548 -0.1651984453 -0.5911356211 0.0964578837 0.9845244288 -0.1463132501 0.6061581969 0.0584907234 0.7931904793
53.2 -480.2 2748.0 0.7810755372 0.1340512335 -0.6098780632 0.0163089149 0.9719728827 0.2345266342 0.6242235303 -0.1931294799 0.7569980025
245.5 -13.7 2515.1 0 0 0 0 0 0 0 0 0
210.1 -42.2 2624.9 0 0 0 0 0 0 0 0 0
-126.3 -760.7 2610.5 0 0 0 0 0 0 0 0 0
18.1 -734.3 2798.5 0 0 0 0 0 0 0 0 0
153.2 481.0 2626.7 1 0.6529732943 0.3713584840 -0.6600899696 -0.2073774487 0.9259002209 0.3157584369 0.7284370065 -0.0692940503 0.6815994382
78.1 293.6 2640.7 0.6529732943 0.3713584840 -0.6600899696 -0.2073774487 0.9259002209 0.3157584369 0.7284370065 -0.0692940503 0.6815994382
7.4 108.5 2656.0 0.6592973471 0.3549385071 -0.6628315449 -0.1912025809 0.9317281246 0.3087463379 0.7271647453 -0.0768205300 0.6821510196
-13.8 320.2 2539.4 0.0067167454 0.1623753905 -0.9867061973 0.9717977047 0.2315374166 0.0447177663 0.2357204705 -0.9591791630 -0.1562408507
-15.7 46.5 2473.0 -0.9667799473 0.1623753905 -0.1974100471 0.2318105102 0.2315374166 -0.9448038340 -0.1077050865 -0.9591791630 -0.2614860535
170.0 267.0 2742.0 0.0533513688 0.9954598546 -0.0788242295 -0.9465201497 0.0755660906 0.3136708438 0.3182031810 0.0578739494 0.9462543726
189.2 -73.0 2856.3 0.0479133725 0.9954598546 0.0822431520 0.1275491714 0.0755660906 -0.9889494181 -0.9906742573 0.0578739494 -0.1233494580
-118.3 -66.0 2611.5 0.8683992028 -0.0125610381 -0.4957066476 -0.0112146214 0.9989259243 -0.0449586771 0.4957389235 0.0446012393 0.8673255444
-113.3 -463.1 2593.8 0.8681493402 0.0470446460 -0.4940683544 -0.0168023631 0.9977126122 0.0654769242 0.4960185587 -0.0485422350 0.8669540286
-14.2 -91.7 2760.1 0.8468973637 -0.1678825319 -0.5045595765 0.1239171997 0.9850391746 -0.1197593510 0.5171164274 0.0389002711 0.8550305963
52.5 -483.1 2744.6 0.8367588520 0.1324614882 -0.5313083529 -0.0032382056 0.9714794755 0.2371015102 0.5475620031 -0.1966762990 0.8133229613
236.9 -14.1 2501.2 0 0 0 0 0 0 0 0 0
202.5 -37.5 2580.3 0 0 0 0 0 0 0 0 0
-127.3 -758.5 2608.2 0 0 0 0 0 0 0 0 0
18.6 -731.8 2795.0 0 0 0 0 0 0 0 0 0
157.5 484.1 2633.2 2 0.6745128632 0.3637558520 -0.6424282789 -0.2326082736 0.9305808544 0.2826882899 0.7006610036 -0.0412427410 0.7123013735
83.8 295.5 2641.6 0.6745128632 0.3637558520 -0.6424282789 -0.2326082736 0.9305808544 0.2826882899 0.7006610036 -0.0412427410 0.7123013735
13.7 109.9 2651.9 0.6804753542 0.3516883850 -0.6428596377 -0.2170632482 0.9346686602 0.2815636396 0.6998834014 -0.0520559177 0.7123576403
-11.5 325.9 2543.7 0.0603425279 0.0976452753 -0.9933902621 0.9633387327 0.2549381256 0.0835762173 0.2614138722 -0.9620145559 -0.0786818638
-28.9 48.2 2468.4 -0.9726228118 0.0976452753 -0.2108798325 0.2292674333 0.2549381256 -0.9393843412 -0.0379651301 -0.9620145559 -0.2703455091
179.1 265.2 2739.5 0.0650893375 0.9965443611 -0.0516010560 -0.9574201107 0.0769420564 0.2782565057 0.2812652290 0.0312923566 0.9591197371
202.5 -79.0 2840.6 0.0183009412 0.9965443611 0.0810207799 0.1640871465 0.0769420564 -0.9834405780 -0.9862760901 0.0312923566 -0.1621120125
-123.3 -59.3 2605.2 0.8817431331 -0.0284804069 -0.4708693326 0.0114806993 0.9991757274 -0.0389362872 0.4715901315 0.0289258938 0.8813433051
-112.0 -456.4 2593.7 0.8807502389 0.0454839393 -0.4713918269 -0.0198117420 0.9980445504 0.0592835918 0.4731664956 -0.0428749435 0.8799290657
-3.4 -94.0 2737.3 0.8565511703 -0.1452107280 -0.4952109754 0.1376699060 0.9891166687 -0.0519153066 0.4973600805 -0.0237075314 0.8672202229
54.2 -486.3 2746.7 0.8448030353 0.1415518969 -0.5160144567 -0.0150173139 0.9702658653 0.2415752411 0.5348666310 -0.1963343471 0.8218092918
227.0 -12.1 2478.3 0 0 0 0 0 0 0 0 0
207.6 -33.1 2564.8 0 0 0 0 0 0 0 0 0
-125.8 -759.8 2606.7 0 0 0 0 0 0 0 0 0
18.3 -731.9 2796.4 0 0 0 0 0 0 0 0 0
156.6 485.1 2636.0 3 0.6837301254 0.3737755716 -0.6267415285 -0.2455303967 0.9266207218 0.2847611606 0.6871884465 -0.0408156775 0.7253317237
81.1 297.9 2644.2 0.6837301254 0.3737755716 -0.6267415285 -0.2455303967 0.9266207218 0.2847611606 0.6871884465 -0.0408156775 0.7253317237
9.5 112.7 2654.0 0.6898543239 0.3596116304 -0.6283156276 -0.2300114930 0.9318055511 0.2807724178 0.6864370108 -0.0491722487 0.7255249023
-15.7 330.1 2548.0 0.0604286157 0.0188961532 -0.9979936481 0.9582321048 0.2788980901 0.0633017421 0.2795346975 -0.9601348042 -0.0012534736
-33.3 51.2 2466.6 -0.9656009674 0.0188961532 -0.2593410015 0.2541818917 0.2788980901 -0.9260709882 0.0548305325 -0.9601348042 -0.2741073370
177.9 265.6 2740.5 0.0618283190 0.9975245595 -0.0334965661 -0.9603930116 0.0685958341 0.2700739205 0.2717030644 0.0154716512 0.9622567296
200.2 -80.0 2838.3 0.0033945879 0.9975245595 0.0702370107 0.1727898270 0.0685958341 -0.9825671911 -0.9849528670 0.0154716512 -0.1721292287
-118.5 -56.0 2598.4 0.8889645934 -0.0239419024 -0.4573496878 0.0230090246 0.9997062683 -0.0076105027 0.4573975503 -0.0037577029 0.8892543912
-108.9 -453.3 2599.9 0.8870778680 0.0579659604 -0.4579659104 -0.0387442894 0.9979333282 0.0512635596 0.4599909782 -0.0277312081 0.8874904513
5.8 -95.6 2726.1 0.8648903370 -0.1233006865 -0.4865815938 0.1327689588 0.9910314679 -0.0151347155 0.4840838015 -0.0515130609 0.8735040426
54.7 -488.9 2746.5 0.8530759811 0.1427202374 -0.5018887520 -0.0179853234 0.9693369269 0.2450765073 0.5214766860 -0.2000422478 0.8294848800
223.9 -16.5 2452.0 0 0 0 0 0 0 0 0 0
201.1 -31.6 2562.1 0 0 0 0 0 0 0 0 0
-126.7 -759.4 2608.4 0 0 0 0 0 0 0 0 0
19.3 -729.7 2796.2 0 0 0 0 0 0 0 0 0
154.3 481.0 2636.4 4 0.6457080245 0.3817004561 -0.6613364220 -0.2257464528 0.9228054881 0.3121995926 0.7294515967 -0.0522954240 0.6820304394
77.1 294.3 2647.0 0.6457080245 0.3817004561 -0.6613364220 -0.2257464528 0.9228054881 0.3121995926 0.7294515967 -0.0522954240 0.6820304394
4.7 109.6 2659.5 0.6535730958 0.3636341095 -0.6637864709 -0.2062013000 0.9293960333 0.3061112165 0.7282329798 -0.0631924123 0.6824100614
-14.7 323.2 2544.8 0.0712826699 -0.0116964476 -0.9973875880 0.9541177750 0.2923441827 0.0647618622 0.2908229828 -0.9562416673 0.0319988616
-34.8 53.6 2462.7 -0.9510845542 -0.0116964476 -0.3087092638 0.2919884622 0.2923441827 -0.9106467962 0.1009006873 -0.9562416673 -0.2746287882
168.8 265.5 2749.1 0.0456644222 0.9956017137 -0.0818045139 -0.9503878951 0.0685219392 0.3034263551 0.3076971769 0.0638902336 0.9493368864
185.2 -76.5 2859.8 0.0539545156 0.9956017137 0.0765906572 0.1381517202 0.0685219392 -0.9880378842 -0.9889403582 0.0638902336 -0.1338470131
-125.2 -51.4 2601.0 0.8647628427 -0.0396649577 -0.5006115437 0.0336003080 0.9992119670 -0.0211289600 0.5010551214 0.0014508386 0.8654141426
-109.4 -448.5 2600.5 0.8630369306 0.0546576791 -0.5021750927 -0.0322212800 0.9980609417 0.0532554053 0.5041121840 -0.0297806561 0.8631245494
