-86.1 392.9 2412.3 27 0.3802115023 0.2158131301 -0.8993685842 -0.1183710024 0.9757536650 0.1841007471 0.9172936082 0.0364619382 0.3965387940
-128.6 201.0 2405.2 0.3802115023 0.2158131301 -0.8993685842 -0.1183710024 0.9757536650 0.1841007471 0.9172936082 0.0364619382 0.3965387940
-167.9 10.9 2402.7 0.3859311044 0.2025351077 -0.9000204206 -0.0916432887 0.9791938663 0.1810549498 0.9179644585 0.0126060927 0.3964623511
-181.3 213.5 2279.8 -0.3075939417 0.3280520737 -0.8931784630 0.7095766664 0.7044814229 0.0143813435 0.6339455247 -0.6293550134 -0.4494723082
-101.5 29.5 2115.4 -0.9312051535 0.3280520737 -0.1588672549 0.3532025516 0.7044814229 -0.6155923009 -0.0900272876 -0.6293550134 -0.7718855739
-75.9 188.4 2530.5 0.4482673705 0.8851064444 0.1250718534 -0.8494513035 0.4653589427 -0.2487440109 -0.2783682048 0.0052613793 0.9604600072
84.0 -114.4 2431.3 0.0103566498 0.8851064444 0.4652734101 -0.0083931452 0.4653589427 -0.8850822449 -0.9999111295 0.0052613793 0.0122483866
-242.8 -169.5 2316.4 0.5090741515 0.0562320277 -0.8588838577 0.0245184489 0.9965112805 0.0797751173 0.8603733778 -0.0616699494 0.5059193969
-264.6 -556.3 2340.4 0.5060079098 0.1274567544 -0.8530596495 -0.0005358323 0.9890678525 0.1474600732 0.8625286818 -0.0741588697 0.5005444288
-172.1 -185.8 2480.2 0.5017888546 0.0322268903 -0.8643895984 -0.0582290068 0.9982973933 0.0034166952 0.8630279899 0.0486180894 0.5028110147
-184.6 -573.4 2461.3 0.4934571981 -0.0942060500 -0.8646532297 0.0819469541 0.9947304726 -0.0616111904 0.8659010530 -0.0404532105 0.4985768199
146.6 -64.6 2139.4 0 0 0 0 0 0 0 0 0
86.5 -116.5 2189.1 0 0 0 0 0 0 0 0 0
-312.2 -925.4 2368.0 0 0 0 0 0 0 0 0 0
-158.0 -854.7 2472.8 0 0 0 0 0 0 0 0 0
-83.9 391.7 2413.6 28 0.3691000342 0.2192562371 -0.9031566381 -0.1275327355 0.9745299220 0.1844635010 0.9205979705 0.0470965542 0.3876613677
-127.0 200.0 2404.4 0.3691000342 0.2192562371 -0.9031566381 -0.1275327355 0.9745299220 0.1844635010 0.9205979705 0.0470965542 0.3876613677
-166.9 10.1 2400.5 0.3755994439 0.2054143548 -0.9037311673 -0.0976428166 0.9784716964 0.1818212718 0.9216240644 0.0199508816 0.3875706792
-178.4 213.4 2278.5 -0.2956572175 0.3671896458 -0.8819062114 0.7068312764 0.7051128149 0.0566164069 0.6426323652 -0.6066198349 -0.4680128396
-101.0 28.5 2110.4 -0.9116584659 0.3671896458 -0.1845280528 0.4022045135 0.7051128149 -0.5839926600 -0.0843229666 -0.6066198349 -0.7905074358
-75.7 186.7 2530.3 0.4486709237 0.8864176869 0.1138337106 -0.8493770361 0.4625611901 -0.2541571259 -0.2779444456 0.0173451807 0.9604405165
84.2 -116.2 2431.2 0.0212548394 0.8864176869 0.4623980224 -0.0032417222 0.4625611901 -0.8865814209 -0.9997688532 0.0173451807 0.0127051836
-241.8 -171.0 2318.0 0.5003798604 0.0605042540 -0.8636893034 0.0292931683 0.9958010912 0.0867301598 0.8653103113 -0.0686982200 0.4965064228
-265.3 -557.6 2344.7 0.4944715202 0.1174954474 -0.8612158298 -0.0274877232 0.9924396276 0.1196160540 0.8687590957 -0.0354738645 0.4939627945
-172.6 -187.4 2482.5 0.4924904406 0.0347846411 -0.8696224689 -0.0546232052 0.9984664321 0.0090037808 0.8686020374 0.0430672914 0.4936352372
-186.1 -575.0 2465.8 0.4833501875 -0.1051741093 -0.8690863252 0.0654276237 0.9943203926 -0.0839413851 0.8729786873 -0.0162891652 0.4874862432
142.3 -78.9 2132.9 0 0 0 0 0 0 0 0 0
89.4 -117.0 2189.0 0 0 0 0 0 0 0 0 0
-309.1 -927.7 2357.9 0 0 0 0 0 0 0 0 0
-156.9 -851.3 2470.3 0 0 0 0 0 0 0 0 0
-82.5 391.3 2412.8 29 0.3673385382 0.2191243321 -0.9039064646 -0.1268550605 0.9745730758 0.1847026646 0.9213957787 0.0468167029 0.3857952654
-125.7 199.4 2403.6 0.3673385382 0.2191243321 -0.9039064646 -0.1268550605 0.9745730758 0.1847026646 0.9213957787 0.0468167029 0.3857952654
-165.4 9.4 2399.2 0.3732741177 0.2045361251 -0.9048930407 -0.0994906276 0.9785938859 0.1801544726 0.9223708510 0.0227813702 0.3856332004
-176.7 213.0 2277.6 -0.3002411723 0.4128461778 -0.8598914146 0.7007116079 0.7071137428 0.0948337317 0.6471927762 -0.5740628839 -0.5015907288
-96.7 26.2 2105.1 -0.8860338926 0.4128461778 -0.2109549195 0.4577865899 0.7071137428 -0.5389077663 -0.0733168945 -0.5740628839 -0.8155221939
-74.7 185.8 2529.6 0.4501255751 0.8859697580 0.1115551591 -0.8483344913 0.4632789493 -0.2563224435 -0.2787750959 0.0207411963 0.9601324201
85.8 -116.7 2430.2 0.0238608588 0.8859697580 0.4631287456 -0.0008735906 0.4632789493 -0.8862120509 -0.9997149110 0.0207411963 0.0118282083
-240.4 -171.1 2314.1 0.4989601672 0.0628054142 -0.8643461466 0.0417389274 0.9944714904 0.0963552147 0.8656191826 -0.0841542929 0.4935802519
-264.8 -557.1 2346.7 0.4917790592 0.1266639382 -0.8614578247 -0.0225900896 0.9908856153 0.1327982992 0.8704269528 -0.0458470136 0.4901581407
-173.1 -188.6 2479.2 0.4904626608 0.0257992130 -0.8710802197 -0.0496894158 0.9987634420 0.0016031886 0.8700444698 0.0424971655 0.4911381304
-183.1 -576.3 2462.7 0.4818216562 -0.1017452106 -0.8703423142 0.0681758076 0.9945781231 -0.0785265416 0.8736131787 -0.0215005055 0.4861458540
141.0 -96.6 2124.8 0 0 0 0 0 0 0 0 0
91.6 -116.9 2188.0 0 0 0 0 0 0 0 0 0
-312.1 -926.8 2363.9 0 0 0 0 0 0 0 0 0
-154.9 -852.0 2468.7 0 0 0 0 0 0 0 0 0
-80.8 392.1 2413.4 30 0.3646013737 0.2248501480 -0.9036084414 -0.1349529475 0.9729219079 0.1876449883 0.9213324785 0.0535290018 0.3850728869
-125.2 199.9 2402.8 0.3646013737 0.2248501480 -0.9036084414 -0.1349529475 0.9729219079 0.1876449883 0.9213324785 0.0535290018 0.3850728869
-165.5 10.1 2397.8 0.3715707958 0.2077824771 -0.9048544765 -0.1035276949 0.9778283238 0.1820267588 0.9226142764 0.0260416660 0.3848437071
-176.0 214.1 2276.8 -0.3010534346 0.4644352198 -0.8328666091 0.6983673573 0.7020972371 0.1390772611 0.6493457556 -0.5397771597 -0.5357151628
-94.5 25.0 2101.0 -0.8534899950 0.4644352198 -0.2363360524 0.5174980760 0.7020972371 -0.4891371727 -0.0612416342 -0.5397771597 -0.8395773172
-74.4 185.8 2528.9 0.4476991892 0.8874815106 0.1092797592 -0.8489868641 0.4602464736 -0.2596044242 -0.2806897461 0.0234476011 0.9595121145
85.2 -116.9 2428.8 0.0253419355 0.8874815106 0.4601460695 0.0020630744 0.4602464736 -0.8877887726 -0.9996767044 0.0234476011 0.0098325964
-238.5 -171.7 2312.1 0.4976447821 0.0669637173 -0.8647921681 0.0349275395 0.9946597219 0.0971188471 0.8666774035 -0.0785357505 0.4926483631
-264.5 -557.8 2342.6 0.4924507141 0.1318441778 -0.8602961302 -0.0074323672 0.9890604615 0.1473234594 0.8703085780 -0.0661555007 0.4880434275
-171.6 -189.5 2477.4 0.4892489016 0.0276288167 -0.8717064857 -0.0453063622 0.9989537001 0.0062335455 0.8709666133 0.0364440940 0.4899887443
-182.3 -577.3 2463.2 0.4816586077 -0.0963103920 -0.8710507154 0.0626777932 0.9951832891 -0.0753770098 0.8741146922 -0.0182895511 0.4853751063
135.4 -114.4 2117.5 0 0 0 0 0 0 0 0 0
91.3 -116.4 2186.6 0 0 0 0 0 0 0 0 0
-313.7 -926.8 2367.3 0 0 0 0 0 0 0 0 0
-156.0 -849.0 2468.2 0 0 0 0 0 0 0 0 0
-77.0 393.9 2415.2 31 0.3593628407 0.2370701879 -0.9025830030 -0.1433378905 0.9697386026 0.1976392269 0.9221239686 0.0583501570 0.3824691474
-124.0 201.6 2403.6 0.3593628407 0.2370701879 -0.9025830030 -0.1433378905 0.9697386026 0.1976392269 0.9221239686 0.0583501570 0.3824691474
-166.7 12.4 2398.0 0.3671394289 0.2200653255 -0.9037587643 -0.1102538332 0.9750564098 0.1926372200 0.9236085415 0.0289181452 0.3822447062
-174.2 216.7 2277.4 -0.2662838697 0.4722989202 -0.8402538896 0.7050782442 0.6898326874 0.1643030494 0.6572347879 -0.5486935377 -0.5166990161
-101.8 25.0 2098.7 -0.8415019512 0.4722989202 -0.2623131573 0.5381371975 0.6898326874 -0.4842924476 -0.0477786139 -0.5486935377 -0.8346571922
-73.9 186.6 2529.8 0.4378423095 0.8931562304 0.1027914286 -0.8539631963 0.4489098787 -0.2631097436 -0.2811422050 0.0274204817 0.9592742920
82.2 -117.9 2429.6 0.0287196841 0.8931562304 0.4488286376 0.0039156978 0.4489098787 -0.8935684562 -0.9995798469 0.0274204817 0.0093952203
-239.2 -170.4 2310.0 0.4956494868 0.0639965981 -0.8661616445 0.0337072983 0.9951128364 0.0928127468 0.8678683043 -0.0751985610 0.4910700321
-264.0 -556.7 2339.2 0.4924900234 0.1305700243 -0.8604679108 0.0086016050 0.9879035950 0.1548306346 0.8702756166 -0.0836539492 0.4854095280
-172.6 -189.0 2475.4 0.4861824811 0.0211534817 -0.8736012578 -0.0382779390 0.9992629290 0.0028935715 0.8730185628 0.0320328511 0.4866338372
-180.8 -576.9 2462.9 0.4804387689 -0.0810636207 -0.8732739091 0.0630806610 0.9963342547 -0.0577826388 0.8747567534 -0.0273256730 0.4837911427
126.2 -120.8 2111.7 0 0 0 0 0 0 0 0 0
89.2 -117.0 2187.4 0 0 0 0 0 0 0 0 0
-312.7 -925.4 2370.5 0 0 0 0 0 0 0 0 0
-158.3 -853.6 2470.5 0 0 0 0 0 0 0 0 0
-74.7 393.0 2414.6 32 0.3691095412 0.2492841333 -0.8953298330 -0.1473600417 0.9668676257 0.2084513903 0.9176291227 0.0549944490 0.3936145902
-124.1 201.7 2403.7 0.3691095412 0.2492841333 -0.8953298330 -0.1473600417 0.9668676257 0.2084513903 0.9176291227 0.0549944490 0.3936145902
-168.9 13.0 2398.2 0.3768025041 0.2311111391 -0.8969991803 -0.1163031757 0.9725151658 0.2017122954 0.9189632535 0.0283181518 0.3933250904
-175.5 217.6 2278.1 -0.2451288253 0.4905091524 -0.8362491131 0.7066828609 0.6809118986 0.1922455579 0.6637101769 -0.5438379645 -0.5135455728
-109.1 26.1 2098.3 -0.8254959583 0.4905091524 -0.2792081535 0.5630153418 0.6809118986 -0.4683723748 -0.0396247916 -0.5438379645 -0.8382542133
-72.6 185.8 2529.2 0.4250482917 0.8983188272 0.1111631542 -0.8581266999 0.4389836192 -0.2662928700 -0.2880147099 0.0177952629 0.9574606419
78.9 -120.1 2426.6 0.0169387739 0.8983188272 0.4390175045 0.0058680633 0.4389836192 -0.8984758854 -0.9998393059 0.0177952629 0.0021644528
-242.3 -167.0 2309.6 0.5068747401 0.0551562682 -0.8602533340 0.0364283249 0.9956887960 0.0853040293 0.8612496853 -0.0745760426 0.5026802421
-263.8 -553.6 2338.6 0.5036115646 0.1314584911 -0.8538700342 0.0106318425 0.9873374701 0.1582772583 0.8638647795 -0.0887884721 0.4958369136
-176.6 -186.8 2475.1 0.4963199198 0.0039546443 -0.8681306839 -0.0293118078 0.9994958043 -0.0122048249 0.8676447272 0.0315039754 0.4961856008
-178.1 -574.8 2462.9 0.4923926890 -0.0655867830 -0.8678985238 0.0617846325 0.9972751141 -0.0403108969 0.8681774735 -0.0337739997 0.4951032400
115.4 -127.0 2109.0 0 0 0 0 0 0 0 0 0
83.1 -118.7 2184.3 0 0 0 0 0 0 0 0 0
-312.8 -922.1 2371.7 0 0 0 0 0 0 0 0 0
-159.7 -854.1 2472.3 0 0 0 0 0 0 0 0 0
-72.6 393.0 2413.8 33 0.3779493570 0.2575813532 -0.8892728090 -0.1503507495 0.9648440480 0.2155703604 0.9135364890 0.0522281528 0.4033897519
-123.6 202.0 2403.4 0.3779493570 0.2575813532 -0.8892728090 -0.1503507495 0.9648440480 0.2155703604 0.9135364890 0.0522281528 0.4033897519
-169.6 13.5 2397.8 0.3853891492 0.2368513644 -0.8918389082 -0.1212200969 0.9711158872 0.2055227757 0.9147573113 0.0289025493 0.4029686749
-176.2 218.6 2278.5 -0.2042485178 0.4771271050 -0.8547703028 0.7080264091 0.6749855876 0.2075886130 0.6760038137 -0.5628002882 -0.4756833911
-121.0 27.2 2095.8 -0.8285246491 0.4771271050 -0.2930812836 0.5590418577 0.6749855876 -0.4815253019 -0.0319231153 -0.5628002882 -0.8259762526
-71.0 185.4 2528.4 0.4172816575 0.9009119272 0.1193052158 -0.8596130610 0.4338858426 -0.2698303461 -0.2948582172 0.0100389244 0.9554882646
77.8 -121.0 2423.3 0.0068878154 0.9009119272 0.4339472950 0.0088340743 0.4338858426 -0.9009245634 -0.9999372363 0.0100389244 -0.0049701971
-247.5 -165.4 2310.4 0.5163139105 0.0432878956 -0.8553047180 0.0422201306 0.9962207079 0.0759064481 0.8553580642 -0.0753026307 0.5125349760
-264.3 -552.1 2339.6 0.5131019950 0.1209416986 -0.8497643471 0.0142949428 0.9886819124 0.1493445039 0.8582085967 -0.0887762979 0.5055658221
-180.0 -186.2 2475.0 0.5049126148 -0.0009320891 -0.8631699681 -0.0253318157 0.9995526671 -0.0158972461 0.8627986908 0.0298923831 0.5046631694
-179.7 -574.3 2463.4 0.5003855228 -0.0716030672 -0.8628367782 0.0691611543 0.9966953993 -0.0426027328 0.8630359173 -0.0383569971 0.5036841035
105.1 -125.4 2104.5 0 0 0 0 0 0 0 0 0
79.5 -118.9 2181.1 0 0 0 0 0 0 0 0 0
-309.5 -921.1 2372.8 0 0 0 0 0 0 0 0 0
-159.7 -852.5 2474.2 0 0 0 0 0 0 0 0 0
-72.7 389.7 2415.4 34 0.4074852169 0.2567796707 -0.8763675094 -0.1747594774 0.9638447165 0.2011528611 0.8963341713 0.0711867064 0.4376271367
-123.4 199.3 2401.3 0.4074852169 0.2567796707 -0.8763675094 -0.1747594774 0.9638447165 0.2011528611 0.8963341713 0.0711867064 0.4376271367
-169.2 10.9 2392.3 0.4153341651 0.2355348170 -0.8786472082 -0.1439163536 0.9707467556 0.1921946406 0.8982124329 0.0466266945 0.4370816052
-180.1 219.0 2278.7 -0.1903377920 0.4381668270 -0.8785108924 0.7064875364 0.6824832559 0.1873286217 0.6816501617 -0.5850012898 -0.4394617379
-130.1 33.2 2099.5 -0.8438752294 0.4381668270 -0.3096520901 0.5365040898 0.6824832559 -0.4963667989 -0.0061591077 -0.5850012898 -0.8110089898
-66.7 179.7 2523.9 0.4090243876 0.8999406695 0.1510160118 -0.8504768014 0.4359382987 -0.2943586707 -0.3307390213 -0.0080357390 0.9436880350
79.0 -123.3 2406.1 -0.0258418508 0.8999406695 0.4352458715 0.0349315107 0.4359382987 -0.8992983699 -0.9990555644 -0.0080357390 -0.0427017398
-250.1 -164.1 2310.3 0.5447385907 0.0347531624 -0.8378854990 0.0445160717 0.9965338707 0.0702749118 0.8374235034 -0.0755808279 0.5413033962
-263.6 -551.0 2339.6 0.5387859344 0.1242799163 -0.8332251906 -0.0092388848 0.9898707867 0.1416703165 0.8423920274 -0.0686319023 0.5344766378
-181.0 -185.9 2474.2 0.5328315496 -0.0053172144 -0.8462046385 -0.0319450945 0.9991410971 -0.0263931472 0.8456181288 0.0410951898 0.5322040319
-179.0 -573.7 2458.2 0.5278541446 -0.0736017078 -0.8461399674 0.0844019130 0.9958525300 -0.0339713879 0.8451309800 -0.0534838922 0.5318769813
100.5 -113.4 2101.2 0 0 0 0 0 0 0 0 0
72.8 -114.9 2164.3 0 0 0 0 0 0 0 0 0
-309.9 -920.4 2365.2 0 0 0 0 0 0 0 0 0
-158.3 -853.6 2473.3 0 0 0 0 0 0 0 0 0
-75.3 386.5 2415.2 35 0.4294680357 0.2449794412 -0.8692193627 -0.1814727485 0.9662807584 0.1826721728 0.8846608996 0.0792877749 0.4594437778
-123.6 196.1 2399.5 0.4294680357 0.2449794412 -0.8692193627 -0.1814727485 0.9662807584 0.1826721728 0.8846608996 0.0792877749 0.4594437778
-167.1 7.2 2389.0 0.4371425807 0.2238118500 -0.8710996509 -0.1497225910 0.9731369615 0.1748932600 0.8868424296 0.0539700054 0.4589093029
-183.3 216.5 2278.5 -0.1395254582 0.3850729764 -0.9122781754 0.7061583996 0.6845431328 0.1809448004 0.6941707134 -0.6189664602 -0.3674336970
-147.2 34.0 2099.1 -0.8774908781 0.3850729764 -0.2858821452 0.4793333411 0.6845431328 -0.5492178202 -0.0157902818 -0.6189664602 -0.7852586508
-63.9 175.7 2520.6 0.4125848114 0.8937436938 0.1760569215 -0.8406550884 0.4480151534 -0.3042720258 -0.3508173525 -0.0224651378 0.9361743927
83.1 -123.9 2395.6 -0.0486873277 0.8937436938 0.4459280074 0.0470976345 0.4480151534 -0.8927845359 -0.9977030158 -0.0224651378 -0.0639058724
-252.2 -164.6 2302.8 0.5630435944 0.0316618085 -0.8258204460 0.0550755560 0.9956067801 0.0757218525 0.8245899677 -0.0881172270 0.5588262677
-264.5 -551.1 2337.0 0.5575729012 0.1269061714 -0.8203701973 0.0074709062 0.9874383211 0.1578282416 0.8300943375 -0.0941296592 0.5496207476
-177.8 -190.3 2463.6 0.5518642664 0.0081687104 -0.8338939548 -0.0144238342 0.9998959303 0.0002492659 0.8338091969 0.0118903872 0.5519246459
-181.0 -578.3 2459.0 0.5464010835 -0.0803993791 -0.8336556554 0.0924569890 0.9950882792 -0.0353693813 0.8324046731 -0.0577514246 0.5511507988
91.0 -96.1 2103.4 0 0 0 0 0 0 0 0 0
71.3 -112.5 2154.1 0 0 0 0 0 0 0 0 0
-311.8 -919.5 2372.1 0 0 0 0 0 0 0 0 0
-158.7 -853.6 2475.0 0 0 0 0 0 0 0 0 0
-74.8 386.1 2414.6 36 0.4337091446 0.2464039475 -0.8667072654 -0.1784494817 0.9663193822 0.1854256392 0.8832055926 0.0742426664 0.4630722106
-123.4 195.6 2399.9 0.4337091446 0.2464039475 -0.8667072654 -0.1784494817 0.9663193822 0.1854256392 0.8832055926 0.0742426664 0.4630722106
-167.1 6.7 2390.8 0.4418355525 0.2247961611 -0.8684745431 -0.1449990571 0.9732612371 0.1781510562 0.8853002787 0.0472145192 0.4626166523
-183.8 215.4 2279.0 -0.0936923698 0.3478823900 -0.9328448772 0.7072978020 0.6826714277 0.1835470647 0.7006793022 -0.6426022053 -0.3100175560
-159.9 34.9 2100.2 -0.9039884210 0.3478823900 -0.2485613674 0.4259649217 0.6826714277 -0.5937286019 -0.0368619822 -0.6426022053 -0.7653127313
-63.1 175.9 2520.8 0.4102547765 0.8938534856 0.1808784157 -0.8428722024 0.4473695755 -0.2990433574 -0.3482204378 -0.0297734197 0.9369397163
83.2 -124.6 2396.7 -0.0540162995 0.8938534856 0.4450935125 0.0415281430 0.4473695755 -0.8933845162 -0.9976761341 -0.0297734197 -0.0612853207
-249.7 -168.3 2299.1 0.5673183799 0.0362753086 -0.8226991892 0.0527709238 0.9953745604 0.0802789554 0.8218060136 -0.0889583230 0.5627799630
-263.8 -554.7 2333.7 0.5620973110 0.1289920956 -0.8169502020 0.0085078795 0.9868088961 0.1616656631 0.8270273805 -0.0978223458 0.5535851717
-171.4 -195.0 2457.9 0.5564657450 0.0340578146 -0.8301722407 -0.0053940895 0.9992865920 0.0373800620 0.8308530450 -0.0163227022 0.5562524796
-184.6 -582.6 2464.3 0.5500166416 -0.0958491117 -0.8296352625 0.0856692195 0.9946272373 -0.0581154674 0.8307481408 -0.0391097292 0.5552728772
83.0 -79.5 2110.1 0 0 0 0 0 0 0 0 0
70.1 -114.5 2155.1 0 0 0 0 0 0 0 0 0
-311.9 -923.0 2370.2 0 0 0 0 0 0 0 0 0
-158.6 -852.4 2474.9 0 0 0 0 0 0 0 0 0
-72.9 386.1 2415.3 37 0.4329847395 0.2519021332 -0.8654880524 -0.1796812564 0.9650089741 0.1909773052 0.8833113313 0.0728217289 0.4630962312
-122.7 195.6 2400.9 0.4329847395 0.2519021332 -0.8654880524 -0.1796812564 0.9650089741 0.1909773052 0.8833113313 0.0728217289 0.4630962312
-166.9 6.8 2392.0 0.4415367246 0.2280123383 -0.8677878380 -0.1451536715 0.9725833535 0.1816922575 0.8854240179 0.0457387753 0.4625280797
-183.0 215.4 2279.9 -0.0682303086 0.3269032538 -0.9425916076 0.7114448547 0.6782954335 0.1837432832 0.6994218230 -0.6580650210 -0.2788539231
-165.7 35.1 2102.7 -0.9170027971 0.3269032538 -0.2285610437 0.3960675001 0.6782954335 -0.6189069748 -0.0472907983 -0.6580650210 -0.7514745593
-62.3 175.8 2521.8 0.4074824750 0.8952841759 0.1800675541 -0.8446949720 0.4444456697 -0.2982590199 -0.3470568061 -0.0305668302 0.9373458624
82.9 -125.4 2398.1 -0.0540580414 0.8952841759 0.4422036111 0.0402749106 0.4444456697 -0.8948999643 -0.9977252483 -0.0305668302 -0.0600833520
-250.3 -169.2 2302.3 0.5674279928 0.0348843858 -0.8226837516 0.0459630229 0.9962026477 0.0739441141 0.8221392035 -0.0797709897 0.5636698604
-263.8 -555.9 2333.3 0.5634306073 0.1156294867 -0.8180316687 0.0082656238 0.9893187284 0.1455341280 0.8261220455 -0.0887599215 0.5564566851
-171.2 -195.1 2460.9 0.5565409064 0.0245792549 -0.8304565549 -0.0084081460 0.9996777177 0.0239529181 0.8307777047 -0.0063481778 0.5565682054
-180.7 -583.0 2463.3 0.5516347885 -0.0823787078 -0.8300077319 0.0737534091 0.9960303903 -0.0498389900 0.8308185935 -0.0337229818 0.5555207133
78.0 -70.1 2115.3 0 0 0 0 0 0 0 0 0
69.8 -115.6 2156.5 0 0 0 0 0 0 0 0 0
-307.0 -925.2 2366.4 0 0 0 0 0 0 0 0 0
-158.4 -852.3 2472.4 0 0 0 0 0 0 0 0 0
-72.8 386.9 2422.1 38 0.3971010745 0.2509200275 -0.8828079700 -0.1743057370 0.9650123119 0.1958794445 0.9010705948 0.0760945454 0.4269442260
-122.5 195.7 2407.0 0.3971010745 0.2509200275 -0.8828079700 -0.1743057370 0.9650123119 0.1958794445 0.9010705948 0.0760945454 0.4269442260
-166.9 7.0 2397.2 0.4049471021 0.2289884835 -0.8852017522 -0.1426359862 0.9720999002 0.1862170398 0.9031460881 0.0508535728 0.4263110161
-177.7 215.2 2283.8 -0.0416507684 0.3217579722 -0.9459053874 0.7103600502 0.6752892733 0.1984264553 0.7026050091 -0.6636687517 -0.2566903234
-167.1 33.8 2104.3 -0.9264138937 0.3217579722 -0.1955225319 0.3692844808 0.6752892733 -0.6384460926 -0.0733908489 -0.6636687517 -0.7444176078
-67.2 176.3 2530.3 0.4144352674 0.8833456039 0.2189609855 -0.8344032168 0.4648672342 -0.2960906923 -0.3633382022 -0.0599913336 0.9297237992
82.8 -125.7 2398.8 -0.0730977580 0.8833456039 0.4629873037 0.0102026388 0.4648672342 -0.8853216171 -0.9972726107 -0.0599913336 -0.0429932103
-250.8 -169.0 2303.8 0.5336288214 0.0348342583 -0.8450011015 0.0411508754 0.9968984127 0.0670833588 0.8447170258 -0.0705701485 0.5305402875
-264.3 -556.0 2331.2 0.5323513150 0.1057387665 -0.8398936391 0.0288127698 0.9893299937 0.1428145617 0.8460330367 -0.1002271846 0.5236245394
-171.6 -195.0 2462.4 0.5224403143 0.0187832769 -0.8524689674 -0.0085195219 0.9998224378 0.0168088228 0.8526332974 -0.0015189779 0.5225075483
-178.9 -583.0 2463.0 0.5183432698 -0.0733277574 -0.8520230651 0.0681185052 0.9966915846 -0.0443372838 0.8524553180 -0.0350566059 0.5216233730
77.1 -63.5 2123.7 0 0 0 0 0 0 0 0 0
64.8 -123.2 2152.7 0 0 0 0 0 0 0 0 0
-303.7 -925.2 2368.6 0 0 0 0 0 0 0 0 0
-159.2 -850.8 2472.4 0 0 0 0 0 0 0 0 0
-71.2 387.6 2425.0 39 0.4023923576 0.2440375984 -0.8823412061 -0.1684977114 0.9670920372 0.1906344444 0.8998271823 0.0719626248 0.4302702248
-119.6 195.8 2410.8 0.4023923576 0.2440375984 -0.8823412061 -0.1684977114 0.9670920372 0.1906344444 0.8998271823 0.0719626248 0.4302702248
-162.4 6.7 2401.3 0.4097768068 0.2201998383 -0.8852090240 -0.1376177222 0.9742425084 0.1786419749 0.9017451406 0.0486171097 0.4295253456
-175.6 214.6 2287.6 -0.0347909629 0.3373057246 -0.9407520294 0.7120057344 0.6689251661 0.2135110199 0.7013112307 -0.6623926163 -0.2634361684
-166.7 32.2 2108.0 -0.9259951711 0.3373057246 -0.1695812196 0.3625081778 0.6689251661 -0.6489429474 -0.1054550260 -0.6623926163 -0.7416975498
-63.7 177.0 2533.9 0.4171948135 0.8696974516 0.2637703717 -0.8246403933 0.4842490256 -0.2923544645 -0.3819904923 -0.0955469385 0.9192138314
88.5 -123.7 2394.6 -0.1063862517 0.8696974516 0.4819837213 -0.0051204730 0.4842490256 -0.8749152422 -0.9943116903 -0.0955469385 -0.0470641777
-247.6 -168.9 2306.4 0.5357843637 0.0395462364 -0.8434282541 0.0244542789 0.9977567792 0.0623167977 0.8440006375 -0.0540137924 0.5336154103
-262.9 -556.2 2327.4 0.5398566723 0.1201462522 -0.8331384063 0.0555732399 0.9825146198 0.1776980013 0.8399204612 -0.1422316581 0.5237401724
-175.1 -194.4 2468.1 0.5255839825 0.0130526554 -0.8506416082 -0.0240980498 0.9997094870 0.0004506182 0.8504003882 0.0202619657 0.5257458091
-180.2 -582.4 2460.3 0.5204902887 -0.0764310360 -0.8504399657 0.0784512684 0.9960536361 -0.0415035635 0.8502560258 -0.0451158918 0.5244323611
76.1 -62.8 2135.6 0 0 0 0 0 0 0 0 0
62.0 -125.0 2147.0 0 0 0 0 0 0 0 0 0
-307.7 -922.6 2380.4 0 0 0 0 0 0 0 0 0
-159.5 -851.3 2472.4 0 0 0 0 0 0 0 0 0
-67.8 388.0 2429.0 40 0.4053187966 0.2573686838 -0.8771989942 -0.1856900305 0.9627268910 0.1966624409 0.8951178193 0.0831761211 0.4380021095
-119.0 196.3 2412.5 0.4053187966 0.2573686838 -0.8771989942 -0.1856900305 0.9627268910 0.1966624409 0.8951178193 0.0831761211 0.4380021095
-164.3 8.0 2401.2 0.4135882258 0.2334477007 -0.8800266981 -0.1531162113 0.9706370831 0.1855238527 0.8974966407 0.0580158718 0.4371886849
-175.5 217.3 2289.9 -0.0371191539 0.3473272324 -0.9370090365 0.7256748080 0.6540156603 0.2136809677 0.6870357990 -0.6720322371 -0.2763231397
-165.9 30.7 2113.2 -0.9254690409 0.3473272324 -0.1512312740 0.3546421528 0.6540156603 -0.6682009101 -0.1331767440 -0.6720322371 -0.7284480929
-62.5 175.4 2535.0 0.4020576775 0.8703071475 0.2844557762 -0.8222818375 0.4798598588 -0.3059200943 -0.4027433395 -0.1109052971 0.9085690975
84.6 -125.5 2387.6 -0.1273032278 0.8703071475 0.4757723808 0.0016465288 0.4798598588 -0.8773435950 -0.9918624759 -0.1109052971 -0.0625206903
-241.8 -170.1 2311.1 0.5410144329 0.0543076321 -0.8392580152 0.0011770858 0.9978630543 0.0653296113 0.8410124779 -0.0363321416 0.5397943854
-262.9 -557.4 2325.2 0.5476461053 0.1144597158 -0.8288441896 0.0519945808 0.9840291142 0.1702446938 0.8350929618 -0.1363292485 0.5329484344
-168.4 -194.7 2472.6 0.5305634737 0.0287403893 -0.8471578360 -0.0407965034 0.9991326332 0.0083459355 0.8466628790 0.0301330294 0.5312758088
-179.6 -582.5 2460.9 0.5237063169 -0.0897303522 -0.8471600413 0.0746161193 0.9954470396 -0.0593097880 0.8486248851 -0.0321508870 0.5280172229
75.5 -61.9 2148.0 0 0 0 0 0 0 0 0 0
52.8 -125.1 2139.5 0 0 0 0 0 0 0 0 0
-305.6 -924.5 2376.1 0 0 0 0 0 0 0 0 0
-155.4 -850.9 2469.6 0 0 0 0 0 0 0 0 0
-67.8 387.4 2428.5 41 0.4349197149 0.2628420591 -0.8612542748 -0.2119503617 0.9594594240 0.1857812554 0.8751696348 0.1017432213 0.4729972780
-120.0 196.9 2408.3 0.4349197149 0.2628420591 -0.8612542748 -0.2119503617 0.9594594240 0.1857812554 0.8751696348 0.1017432213 0.4729972780
-166.2 9.0 2393.8 0.4440319240 0.2377765179 -0.8638854027 -0.1768590063 0.9684360623 0.1756486744 0.8783829212 0.0747922882 0.4720694721
-180.6 221.0 2288.4 -0.0581967495 0.3429859281 -0.9375360012 0.7422587872 0.6428749561 0.1891127676 0.6675814390 -0.6848886013 -0.2919975519
-165.6 30.2 2116.8 -0.9260818362 0.3429859281 -0.1572674811 0.3534938395 0.6428749561 -0.6795247197 -0.1319641024 -0.6848886013 -0.7165982723
-59.4 172.8 2528.2 0.3843763471 0.8643761277 0.3242048323 -0.8106559515 0.4840520024 -0.3294398785 -0.4416919649 -0.1361896694 0.8867697716
81.4 -124.2 2366.3 -0.1688474864 0.8643761277 0.4736501873 0.0242828988 0.4840520024 -0.8747022152 -0.9853430390 -0.1361896694 -0.1027205214
-246.6 -166.7 2309.6 0.5711411238 0.0320515782 -0.8202258945 0.0088344924 0.9989395142 0.0451867357 0.8208043575 -0.0330542810 0.5702522397
-259.1 -554.4 2322.4 0.5760462284 0.1434869617 -0.8047249317 0.0402727388 0.9782953858 0.2032639831 0.8164244294 -0.1494979262 0.5577647686
-172.6 -194.2 2470.3 0.5602759719 0.0113402531 -0.8282284141 -0.0261534471 0.9996499419 -0.0040047690 0.8278930187 0.0239048023 0.5603764057
-177.0 -582.1 2461.1 0.5559527874 -0.0720050484 -0.8280892372 0.0687022954 0.9968127012 -0.0405515730 0.8283697963 -0.0343468711 0.5591276884
75.2 -61.8 2151.1 0 0 0 0 0 0 0 0 0
39.1 -118.2 2119.4 0 0 0 0 0 0 0 0 0
-312.6 -919.3 2378.2 0 0 0 0 0 0 0 0 0
-157.4 -852.7 2470.4 0 0 0 0 0 0 0 0 0
-67.5 384.1 2428.7 42 0.4540606141 0.2656430304 -0.8504485488 -0.2229505330 0.9580276608 0.1802111715 0.8626250625 0.1077811643 0.4942278862
-119.9 195.2 2407.5 0.4540606141 0.2656430304 -0.8504485488 -0.2229505330 0.9580276608 0.1802111715 0.8626250625 0.1077811643 0.4942278862
-166.6 7.5 2391.3 0.4628114402 0.2402045578 -0.8532920480 -0.1896466166 0.9671305418 0.1693892926 0.8659328818 0.0834286511 0.4931530356
-183.1 221.1 2289.3 -0.0688322932 0.3393109441 -0.9381525517 0.7496491671 0.6380670071 0.1757742614 0.6582463384 -0.6911863089 -0.2982837856
-165.5 30.2 2121.7 -0.9265377522 0.3393109441 -0.1624681354 0.3536053300 0.6380670071 -0.6839837432 -0.1284176111 -0.6911863089 -0.7111753821
-56.7 169.3 2525.7 0.3734763265 0.8600290418 0.3476570547 -0.8035126328 0.4872041643 -0.3420519829 -0.4635546207 -0.1515985280 0.8730034232
80.3 -125.5 2355.6 -0.1936975867 0.8600290418 0.4720500410 0.0368699133 0.4872041643 -0.8725094199 -0.9803681970 -0.1515985280 -0.1260794699
-252.1 -163.2 2300.7 0.5895640850 0.0070856591 -0.8076905012 0.0352183022 0.9987850189 0.0344692618 0.8069534302 -0.0487673283 0.5885982513
-254.9 -550.7 2319.6 0.5873575211 0.1508099884 -0.7951524854 0.0204573590 0.9794049263 0.2008669078 0.8090689778 -0.1342474222 0.5721756816
-172.7 -194.8 2457.9 0.5783704519 0.0030555171 -0.8157685399 -0.0000102951 0.9999930263 0.0037382436 0.8157742620 -0.0021536911 0.5783664584
-173.9 -582.8 2458.8 0.5752613544 -0.0636054650 -0.8154929280 0.0729986131 0.9969860911 -0.0262669101 0.8147057891 -0.0444195159 0.5781707168
74.8 -61.5 2155.0 0 0 0 0 0 0 0 0 0
31.7 -116.2 2109.6 0 0 0 0 0 0 0 0 0
-311.2 -916.1 2369.7 0 0 0 0 0 0 0 0 0
-156.5 -854.1 2470.8 0 0 0 0 0 0 0 0 0
-69.6 382.5 2429.3 43 0.4590614438 0.2575224042 -0.8502616286 -0.2166252285 0.9606250525 0.1739913970 0.8615893126 0.1043153703 0.4967717826
-120.2 193.6 2408.8 0.4590614438 0.2575224042 -0.8502616286 -0.2166252285 0.9606250525 0.1739913970 0.8615893126 0.1043153703 0.4967717826
-165.9 5.5 2393.3 0.4672271013 0.2351308167 -0.8522982597 -0.1846472621 0.9686816931 0.1660154909 0.8646411300 0.0798076019 0.4960106015
-184.0 218.8 2290.8 -0.0741283819 0.3392514884 -0.9377704263 0.7493842244 0.6393865943 0.1720700413 0.6579728723 -0.6899951100 -0.3016263843
-165.4 30.5 2125.5 -0.9261254072 0.3392514884 -0.1649246961 0.3556138873 0.6393865943 -0.6817063689 -0.1258192509 -0.6899951100 -0.7127947211
-56.4 168.3 2526.9 0.3760284781 0.8558002710 0.3552583456 -0.8021537066 0.4925701916 -0.3375263810 -0.4638448358 -0.1580522507 0.8717037439
81.7 -126.2 2356.6 -0.1994214356 0.8558002710 0.4773227572 0.0322209597 0.4925701916 -0.8696760535 -0.9793839455 -0.1580522507 -0.1258037686
-254.7 -163.3 2297.6 0.5924950838 -0.0020179348 -0.8055715561 0.0361827426 0.9990543127 0.0241096783 0.8047610521 -0.0434326530 0.5920077562
-253.9 -551.0 2314.5 0.5924153924 0.1558516771 -0.7904139757 0.0356838144 0.9750705957 0.2190067917 0.8048419952 -0.1579479873 0.5720854998
-171.8 -197.2 2452.6 0.5815332532 0.0018114778 -0.8135206103 -0.0011017774 0.9999983311 0.0014391211 0.8135218620 0.0000594219 0.5815343261
-172.5 -585.3 2452.6 0.5789176226 -0.0551679954 -0.8135176301 0.0888782144 0.9960332513 -0.0042973822 0.8105276823 -0.0698161647 0.5815243721
74.4 -61.6 2158.0 0 0 0 0 0 0 0 0 0
31.5 -118.1 2110.5 0 0 0 0 0 0 0 0 0
-312.0 -914.8 2373.4 0 0 0 0 0 0 0 0 0
-157.8 -851.4 2471.3 0 0 0 0 0 0 0 0 0
-66.8 383.3 2428.7 44 0.4591813982 0.2646388412 -0.8480086923 -0.2235618234 0.9582981467 0.1780022830 0.8597514629 0.1078470275 0.4991958141
-119.0 194.1 2407.4 0.4591813982 0.2646388412 -0.8480086923 -0.2235618234 0.9582981467 0.1780022830 0.8597514629 0.1078470275 0.4991958141
-165.3 6.3 2391.3 0.4681323469 0.2386247069 -0.8508292437 -0.1893085837 0.9675760865 0.1672087610 0.8631421328 0.0827934518 0.4981273711
-182.9 220.0 2289.5 -0.1214733943 0.3690536916 -0.9214355946 0.7542461157 0.6377871037 0.1560139954 0.6452572942 -0.6760377288 -0.3558314741
-152.1 28.5 2125.6 -0.9195806980 0.3690536916 -0.1347988546 0.3560756147 0.6377871037 -0.6829624772 -0.1660768539 -0.6760377288 -0.7179077268
-55.0 168.3 2525.3 0.3723661304 0.8567649722 0.3567874432 -0.8015250564 0.4906758070 -0.3417526484 -0.4678686559 -0.1587169617 0.8694295883
81.7 -126.2 2353.4 -0.2019197941 0.8567649722 0.4745336771 0.0359810330 0.4906758070 -0.8705990314 -0.9787409306 -0.1587169617 -0.1299044490
-253.4 -166.0 2300.4 0.5940563679 -0.0011539855 -0.8044226170 0.0295525398 0.9993552566 0.0203905664 0.8038803935 -0.0358858779 0.5937074423
-252.9 -553.9 2314.4 0.5956385136 0.1582590193 -0.7875080109 0.0391106121 0.9735220671 0.2252223939 0.8022998571 -0.1649510562 0.5736776590
-169.7 -199.0 2455.3 0.5829516649 0.0062222504 -0.8124830127 -0.0111535517 0.9999377131 -0.0003447684 0.8124302626 0.0092630545 0.5829848051
-172.1 -587.2 2451.7 0.5807052851 -0.0516112596 -0.8124762774 0.0894579813 0.9959903955 0.0006700541 0.8091839552 -0.0730715916 0.5829938650
86.8 -64.0 2168.8 0 0 0 0 0 0 0 0 0
31.0 -117.1 2107.3 0 0 0 0 0 0 0 0 0
-312.0 -917.2 2375.9 0 0 0 0 0 0 0 0 0
-158.4 -852.2 2471.1 0 0 0 0 0 0 0 0 0
-66.3 382.6 2428.8 45 0.4609244168 0.2634482980 -0.8474335670 -0.2283460200 0.9579750299 0.1736143529 0.8575586081 0.1134849861 0.5017114282
-118.2 193.9 2406.5 0.4609244168 0.2634482980 -0.8474335670 -0.2283460200 0.9579750299 0.1736143529 0.8575586081 0.1134849861 0.5017114282
-164.3 6.0 2389.8 0.4703814089 0.2373578250 -0.8499426842 -0.1919842213 0.9676036835 0.1639669240 0.8613265157 0.0860485882 0.5007117391
-182.5 220.1 2288.8 -0.1108217388 0.3460748196 -0.9316387773 0.7590246201 0.6346073151 0.1454482079 0.6415607333 -0.6910179257 -0.3330075741
-155.3 34.1 2131.6 -0.9236717820 0.3460748196 -0.1645074040 0.3596049249 0.6346073151 -0.6840744615 -0.1323433369 -0.6910179257 -0.7106190920
-53.9 167.6 2524.1 0.3724728227 0.8554335833 0.3598573804 -0.7989808321 0.4928458333 -0.3445760310 -0.4721161127 -0.1591739357 0.8670467138
82.9 -125.9 2350.7 -0.2046384513 0.8554335833 0.4757693410 0.0393122397 0.4928458333 -0.8692281246 -0.9780478477 -0.1591739357 -0.1344842166
-253.6 -164.5 2297.9 0.5957881212 -0.0034349160 -0.8031343222 0.0443857461 0.9986034036 0.0286557078 0.8019142151 -0.0527204424 0.5951085091
-252.3 -552.1 2318.4 0.5918809175 0.1609572470 -0.7897909284 0.0195176695 0.9767092466 0.2136775106 0.8057890534 -0.1418865174 0.5749540925
-169.7 -198.5 2452.6 0.5848125219 -0.0054863528 -0.8111499548 -0.0014232496 0.9999686480 -0.0077895769 0.8111672401 0.0057099108 0.5847863555
-167.6 -586.6 2450.3 0.5837152600 -0.0376407206 -0.8110854626 0.0827110335 0.9964851141 0.0132800741 0.8077347279 -0.0748374984 0.5847768784
85.0 -59.5 2166.0 0 0 0 0 0 0 0 0 0
31.4 -116.0 2104.7 0 0 0 0 0 0 0 0 0
-312.3 -916.6 2371.3 0 0 0 0 0 0 0 0 0
-157.5 -854.7 2470.5 0 0 0 0 0 0 0 0 0
-64.9 383.6 2428.9 46 0.4486269951 0.2659761906 -0.8532235622 -0.2270870805 0.9572807550 0.1790110916 0.8643872142 0.1134468392 0.4898617566
-117.3 195.2 2406.6 0.4486269951 0.2659761906 -0.8532235622 -0.2270870805 0.9572807550 0.1790110916 0.8643872142 0.1134468392 0.4898617566
-163.7 7.5 2389.3 0.4576327801 0.2390918732 -0.8563920259 -0.1927766800 0.9669375420 0.1669398695 0.8679915667 0.0886952579 0.4885936677
-179.8 221.5 2288.0 -0.1254451573 0.3321172595 -0.9348591566 0.7701014280 0.6266682148 0.1192926541 0.6254656315 -0.7049717307 -0.3343764842
-148.8 31.3 2133.5 -0.9286190867 0.3321172595 -0.1654227674 0.3483084440 0.6266682148 -0.6971141696 -0.1278584749 -0.7049717307 -0.6976153255
-54.7 168.8 2525.1 0.3765791059 0.8590033650 0.3468449414 -0.8004246354 0.4902006984 -0.3449980915 -0.4663781524 -0.1477041692 0.8721668124
83.6 -125.3 2353.8 -0.1909574717 0.8590033650 0.4750247002 0.0390900299 0.4902006984 -0.8707326055 -0.9808196425 -0.1477041692 -0.1271859556
-252.5 -164.6 2295.9 0.5845939517 -0.0049701449 -0.8113108277 0.0401822142 0.9989314079 0.0228339676 0.8103303909 -0.0459488630 0.5841689706
-250.6 -552.4 2313.7 0.5818306208 0.1640546918 -0.7965922356 0.0232287366 0.9756932855 0.2179060280 0.8129782081 -0.1452882290 0.5638774633
-168.2 -199.0 2450.2 0.5733453035 -0.0030618575 -0.8193081021 -0.0038216710 0.9999721646 -0.0064113964 0.8193049431 0.0068070702 0.5733176470
-167.0 -587.2 2447.6 0.5720548034 -0.0407648981 -0.8192017674 0.0908154920 0.9957712293 0.0138658481 0.8151722550 -0.0823282376 0.5733377934
92.9 -59.3 2166.8 0 0 0 0 0 0 0 0 0
35.6 -115.5 2107.1 0 0 0 0 0 0 0 0 0
-311.8 -916.5 2368.0 0 0 0 0 0 0 0 0 0
-156.1 -854.9 2469.7 0 0 0 0 0 0 0 0 0
-65.9 381.4 2430.4 47 0.4360098541 0.2634112537 -0.8605288267 -0.2276586592 0.9573873281 0.1777106971 0.8706703782 0.1184232235 0.4773981571
-117.7 193.2 2407.2 0.4360098541 0.2634112537 -0.8605288267 -0.2276586592 0.9573873281 0.1777106971 0.8706703782 0.1184232235 0.4773981571
-163.7 5.5 2389.1 0.4449720681 0.2370541543 -0.8636001348 -0.1931966692 0.9670325518 0.1659008116 0.8744569421 0.0930234492 0.4761005342
-178.5 219.6 2287.7 -0.1679020226 0.3365976810 -0.9265586138 0.7665939927 0.6355141401 0.0919530764 0.6197923422 -0.6948552132 -0.3647378683
-136.6 28.4 2133.1 -0.9262465239 0.3365976810 -0.1696153432 0.3563699126 0.6355141401 -0.6849249601 -0.1227512062 -0.6948552132 -0.7085960507
-56.9 166.8 2526.6 0.3839683235 0.8606793880 0.3343639672 -0.7997332811 0.4909921587 -0.3454755545 -0.4615137875 -0.1347503364 0.8768393993
84.2 -127.1 2357.0 -0.1766621470 0.8606793880 0.4775159061 0.0397702195 0.4909921587 -0.8702557087 -0.9834677577 -0.1347503364 -0.1209691390
-251.1 -163.0 2294.4 0.5725960135 0.0041963994 -0.8198269606 0.0396208912 0.9986767769 0.0327844918 0.8188797235 -0.0512545444 0.5716720819
-252.7 -550.6 2314.3 0.5705552697 0.1547874808 -0.8065404296 0.0263984092 0.9781137109 0.2063895464 0.8208348155 -0.1390480250 0.5539818406
-169.1 -197.5 2449.9 0.5611531734 -0.0084776841 -0.8276685476 0.0113491807 0.9999323487 -0.0025474953 0.8276341558 -0.0079638250 0.5612114072
-165.8 -585.7 2453.0 0.5599070787 -0.0376093127 -0.8277013898 0.0709014162 0.9974798560 0.0026382380 0.8255162239 -0.0601623692 0.5611625910
105.3 -64.7 2165.2 0 0 0 0 0 0 0 0 0
39.8 -117.1 2109.7 0 0 0 0 0 0 0 0 0
-310.5 -915.7 2366.2 0 0 0 0 0 0 0 0 0
-155.6 -855.1 2469.2 0 0 0 0 0 0 0 0 0
-60.7 385.4 2437.2 48 0.4108108580 0.2713853121 -0.8703932762 -0.2344718575 0.9540086985 0.1867895573 0.8810546994 0.1273475438 0.4555493593
-114.7 195.4 2411.8 0.4108108580 0.2713853121 -0.8703932762 -0.2344718575 0.9540086985 0.1867895573 0.8810546994 0.1273475438 0.4555493593
-161.9 8.1 2392.6 0.4208614528 0.2431971878 -0.8739169240 -0.1969924271 0.9649040103 0.1736497134 0.8854770660 0.0990725458 0.4539989233
-172.2 222.3 2290.9 -0.1739719510 0.3289585412 -0.9281810522 0.7673322558 0.6360372305 0.0815957114 0.6171993017 -0.6980278492 -0.3630731404
-127.8 26.2 2133.2 -0.9275470972 0.3289585412 -0.1773208678 0.3564144075 0.6360372305 -0.6844161153 -0.1123618484 -0.6980278492 -0.7072000504
-57.3 168.5 2532.8 0.3883579075 0.8681718707 0.3089590967 -0.8032247424 0.4832493067 -0.3482816219 -0.4516725838 -0.1129056662 0.8850108385
85.4 -126.7 2366.8 -0.1512891054 0.8681718707 0.4726406634 0.0410453305 0.4832493067 -0.8745200634 -0.9876370430 -0.1129056662 -0.1087447628
-249.6 -165.0 2292.7 0.5520108342 0.0083411466 -0.8337952495 0.0425556116 0.9983650446 0.0381612480 0.8327503204 -0.0565480851 0.5507533550
-252.8 -552.5 2314.7 0.5515903831 0.1494885832 -0.8206102848 0.0397906899 0.9779735208 0.2049012035 0.8331655264 -0.1456741840 0.5334925056
-169.8 -199.6 2449.4 0.5400090814 -0.0015561290 -0.8416577578 0.0056858528 0.9999822378 0.0017992002 0.8416399956 -0.0057571270 0.5400083065
-169.2 -587.8 2451.6 0.5371055007 -0.0592032038 -0.8414348960 0.0794036910 0.9966529608 -0.0194392782 0.8397694230 -0.0563720912 0.5400087833
115.7 -67.4 2162.7 0 0 0 0 0 0 0 0 0
47.4 -116.3 2118.4 0 0 0 0 0 0 0 0 0
-308.6 -917.6 2369.0 0 0 0 0 0 0 0 0 0
-153.4 -854.0 2466.7 0 0 0 0 0 0 0 0 0
-60.0 383.4 2441.6 49 0.3989329040 0.2782949507 -0.8737301826 -0.2404830158 0.9512356520 0.1931803524 0.8848844171 0.1330512613 0.4464044273
-115.3 194.6 2415.2 0.3989329040 0.2782949507 -0.8737301826 -0.2404830158 0.9512356520 0.1931803524 0.8848844171 0.1330512613 0.4464044273
-164.0 7.8 2394.9 0.4092165828 0.2509038746 -0.8772622347 -0.2032971233 0.9623528719 0.1804084331 0.8895010352 0.1045187637 0.4448187947
-171.2 222.3 2293.7 -0.2120492160 0.3667886555 -0.9058152437 0.7584109902 0.6463189721 0.0841694921 0.6163179874 -0.6691321731 -0.4152280092
-115.2 22.2 2131.0 -0.9121228456 0.3667886555 -0.1830247045 0.3913472891 0.6463189721 -0.6550717950 -0.1219805628 -0.6691321731 -0.7330640554
-59.4 166.8 2536.7 0.3860164881 0.8737109900 0.2960073948 -0.8054470420 0.4756458700 -0.3535761833 -0.4497180879 -0.1019320488 0.8873350620
82.5 -129.2 2371.4 -0.1399801373 0.8737109900 0.4658698142 0.0451570004 0.4756458700 -0.8784770370 -0.9891240597 -0.1019320488 -0.1060351431
-246.8 -161.6 2294.1 0.5432412028 0.0136553999 -0.8394656181 0.0423237532 0.9981510639 0.0436255597 0.8385092020 -0.0592285357 0.5416588187
-252.1 -549.1 2317.0 0.5402990580 0.1408607215 -0.8295994401 0.0208935514 0.9833397865 0.1805723459 0.8412136436 -0.1148963496 0.5283544660
-171.4 -196.8 2452.7 0.5306583047 -0.0100124665 -0.8475266695 0.0264499653 0.9996388555 0.0047515244 0.8471730351 -0.0249384884 0.5307314992
-167.5 -584.8 2462.3 0.5297970772 -0.0538552366 -0.8464128375 0.0439262316 0.9983848333 -0.0360300131 0.8469861150 -0.0180911291 0.5313070416
126.1 -81.3 2163.3 0 0 0 0 0 0 0 0 0
47.3 -117.8 2122.6 0 0 0 0 0 0 0 0 0
-304.7 -916.0 2359.9 0 0 0 0 0 0 0 0 0
-153.0 -854.8 2467.2 0 0 0 0 0 0 0 0 0
-60.9 381.0 2443.3 50 0.3887872398 0.2801460624 -0.8777030706 -0.2356964052 0.9511924982 0.1991984248 0.8906692266 0.1294256598 0.4358409047
-116.2 193.2 2417.7 0.3887872398 0.2801460624 -0.8777030706 -0.2356964052 0.9511924982 0.1991984248 0.8906692266 0.1294256598 0.4358409047
-165.4 6.4 2398.2 0.3991116285 0.2534434497 -0.8811789155 -0.1986759454 0.9621111751 0.1867349297 0.8951188326 0.1005409658 0.4343428910
-170.7 220.3 2295.4 -0.2525743842 0.4234906137 -0.8699780703 0.7404556274 0.6633793116 0.1079507545 0.6228415966 -0.6169145703 -0.4811286032
-101.8 18.4 2125.6 -0.8857482076 0.4234906137 -0.1900152415 0.4460588694 0.6633793116 -0.6007989645 -0.1283805221 -0.6169145703 -0.7764887810
-61.7 166.1 2540.0 0.3876512945 0.8765143752 0.2853928208 -0.8099516034 0.4716973901 -0.3485397100 -0.4401191175 -0.0960425213 0.8927883506
80.8 -131.6 2378.3 -0.1294853687 0.8765143752 0.4636335969 0.0388702825 0.4716973901 -0.8809033036 -0.9908191562 -0.0960425213 -0.0951482654
