-363.7 509.2 2583.8 31 0.5861099958 0.0862342864 -0.8056294322 0.0274532940 0.9916354418 0.1261170655 0.8097662926 -0.0960356519 0.5788400173
-381.0 309.7 2603.1 0.5861099958 0.0862342864 -0.8056294322 0.0274532940 0.9916354418 0.1261170655 0.8097662926 -0.0960356519 0.5788400173
-397.6 115.7 2623.5 0.5867565274 0.0846156180 -0.8053303361 0.0349560603 0.9909516573 0.1295874268 0.8090085387 -0.1041874439 0.5784895420
-464.7 304.8 2487.8 -0.3028828204 0.3099705279 -0.9012104273 0.8772944808 0.4601053298 -0.1365922242 0.3723121583 -0.8319984078 -0.4112934470
-376.6 49.6 2379.5 -0.7880626917 0.3099705279 -0.5318603516 0.6138826609 0.4601053298 -0.6414445639 0.0458828621 -0.8319984078 -0.5528773665
-297.4 314.7 2718.4 0.8310909867 0.5281129479 0.1743115932 -0.5528416038 0.7504687309 0.3621640503 0.0604481213 -0.3973579705 0.9156706333
-87.8 175.3 2733.6 0.2848219573 0.5281129479 0.7999832034 -0.5973731875 0.7504687309 -0.2827399969 -0.7496810555 -0.3973579705 0.5292305350
-464.5 -81.4 2572.3 -0.4944244027 0.1964408159 0.8467322588 0.1054035574 0.9804891944 -0.1659249514 -0.8628062010 0.0072112493 -0.5054833293
-541.5 -465.5 2569.5 -0.4888620973 -0.1396171153 0.8611160517 0.0632822588 0.9788334370 0.1946290582 -0.8700627685 0.1496401429 -0.4696792960
-357.9 -74.0 2718.1 -0.9035037756 0.0046393569 -0.4285550117 -0.0099614346 0.9994439483 0.0318208188 0.4284643531 0.0330192521 -0.9029551744
-359.7 -465.5 2705.2 -0.8916611671 0.1567692310 -0.4246926010 0.0989143848 0.9829252362 0.1551576853 0.4417650402 0.0963398740 -0.8919429779
-155.9 -122.3 2366.6 0 0 0 0 0 0 0 0 0
-14.5 21.5 2540.6 0 0 0 0 0 0 0 0 0
-497.6 -773.2 2522.5 0 0 0 0 0 0 0 0 0
-418.7 -835.3 2668.9 0 0 0 0 0 0 0 0 0
-363.3 508.0 2582.5 32 0.5949048400 0.0850862786 -0.7992799878 0.0281825792 0.9915621281 0.1265317351 0.8033019304 -0.0978001133 0.5874871612
-380.5 307.9 2602.3 0.5949048400 0.0850862786 -0.7992799878 0.0281825792 0.9915621281 0.1265317351 0.8033019304 -0.0978001133 0.5874871612
-397.2 113.8 2623.0 0.5954393744 0.0854685679 -0.7988410592 0.0343950056 0.9907016158 0.1316331774 0.8026636243 -0.1058557183 0.5869630575
-465.3 303.0 2487.9 -0.3030538857 0.3338065147 -0.8925982118 0.8733119369 0.4721690416 -0.1199279428 0.3814245164 -0.8158612847 -0.4346098602
-377.4 49.7 2377.3 -0.7856758237 0.3338065147 -0.5208519101 0.6175919771 0.4721690416 -0.6289964318 0.0359670408 -0.8158612847 -0.5771279931
-295.6 312.8 2716.6 0.8350432515 0.5137187839 0.1969665289 -0.5489290953 0.7537499666 0.3613002300 0.0371432044 -0.4098219573 0.9114089608
-82.5 172.7 2726.1 0.2801929712 0.5137187839 0.8109160662 -0.5988730788 0.7537499666 -0.2705772817 -0.7502285838 -0.4098219573 0.5188477635
-467.2 -81.6 2570.7 -0.5044759512 0.1955117434 0.8409989476 0.1004265919 0.9807013273 -0.1677479297 -0.8575654626 -0.0001661388 -0.5143747926
-543.8 -465.7 2570.8 -0.4984174669 -0.1486496180 0.8540979624 0.0574739091 0.9773570895 0.2036414593 -0.8650299311 0.1505868137 -0.4785883725
-361.1 -75.3 2717.0 -0.8989005089 -0.0054986724 -0.4381182790 -0.0219114125 0.9992342591 0.0324152596 0.4376045763 0.0387378857 -0.8983326554
-359.0 -466.6 2701.8 -0.8858323693 0.1601046622 -0.4355083406 0.1017927900 0.9827747941 0.1542461663 0.4527021646 0.0923046395 -0.8868712187
-157.9 -122.9 2367.2 0 0 0 0 0 0 0 0 0
-12.3 22.6 2538.1 0 0 0 0 0 0 0 0 0
-496.7 -775.1 2523.1 0 0 0 0 0 0 0 0 0
-419.2 -836.6 2667.1 0 0 0 0 0 0 0 0 0
-363.0 509.8 2582.4 33 0.6028629541 0.0858121663 -0.7932165861 0.0302793272 0.9910221100 0.1302242428 0.7972700000 -0.1025254354 0.5948521495
-380.4 309.0 2603.2 0.6028629541 0.0858121663 -0.7932165861 0.0302793272 0.9910221100 0.1302242428 0.7972700000 -0.1025254354 0.5948521495
-397.3 115.1 2624.7 0.6033505201 0.0862511545 -0.7927981019 0.0358938463 0.9901894331 0.1350426376 0.7966679335 -0.1099346280 0.5943354368
-466.4 303.9 2489.6 -0.3062548339 0.3267251551 -0.8941245079 0.8719699979 0.4731254876 -0.1257800460 0.3819375932 -0.8181704879 -0.4297915101
-377.6 51.1 2378.9 -0.7814270258 0.3267251551 -0.5316225290 0.6221684813 0.4731254876 -0.6237456799 0.0477307364 -0.8181704879 -0.5729911327
-294.4 314.2 2716.7 0.8321321011 0.4619950950 0.3067843914 -0.5534100533 0.7276289463 0.4053312540 -0.0359641425 -0.5070667267 0.8611561656
-72.9 166.8 2707.1 0.2524219155 0.4619950950 0.8502021432 -0.6559744477 0.7276289463 -0.2006330639 -0.7113232017 -0.5070667267 0.4867264926
-467.8 -83.3 2571.2 -0.5113948584 0.1913332045 0.8377749920 0.1050748006 0.9815055728 -0.1600189805 -0.8528977633 0.0061961589 -0.5220412016
-542.7 -467.8 2568.7 -0.5044456124 -0.1473610848 0.8507757187 0.0545468219 0.9779219031 0.2017259449 -0.8617187738 0.1481668800 -0.4852703512
-360.1 -77.1 2716.3 -0.8946200609 0.0002343624 -0.4468276501 -0.0065257982 0.9998863339 0.0135901300 0.4467800558 0.0150739094 -0.8945168257
-360.2 -468.6 2710.4 -0.8852123618 0.1525798142 -0.4394525290 0.0724422708 0.9783687592 0.1937695891 0.4595119655 0.1396922916 -0.8771173358
-159.0 -122.9 2365.5 0 0 0 0 0 0 0 0 0
-8.9 0.4 2526.7 0 0 0 0 0 0 0 0 0
-496.5 -774.5 2522.3 0 0 0 0 0 0 0 0 0
-417.6 -836.6 2657.8 0 0 0 0 0 0 0 0 0
-362.6 510.0 2582.8 34 0.6008086205 0.0853457600 -0.7948239446 0.0329985209 0.9907891154 0.1313315332 0.7987115383 -0.1051331311 0.5924583673
-379.8 310.3 2604.0 0.6008086205 0.0853457600 -0.7948239446 0.0329985209 0.9907891154 0.1313315332 0.7987115383 -0.1051331311 0.5924583673
-396.4 116.4 2626.2 0.6013979912 0.0846373364 -0.7944538593 0.0398668200 0.9899551868 0.1356441230 0.7979543209 -0.1132484525 0.5919829011
-465.5 304.6 2490.3 -0.3035306633 0.3367719948 -0.8913213611 0.8706344366 0.4780958295 -0.1158448458 0.3871237040 -0.8111775517 -0.4383220375
-377.1 51.0 2377.5 -0.7850466371 0.3367719948 -0.5198907256 0.6182416081 0.4780958295 -0.6238603592 0.0384588838 -0.8111775517 -0.5835340023
-294.1 316.0 2717.8 0.8020194173 0.4152122438 0.4293758571 -0.5857934952 0.6871960759 0.4296597838 -0.1166654080 -0.5961210728 0.7943732738
-72.7 154.2 2685.5 0.2604815364 0.4152122438 0.8716353178 -0.7176471949 0.6871960759 -0.1128893867 -0.6458574533 -0.5961210728 0.4769777954
-468.7 -82.1 2574.2 -0.5082750916 0.1884509176 0.8403229713 0.1078392640 0.9820112586 -0.1549986303 -0.8544162512 0.0118378615 -0.5194543004
-542.5 -466.7 2569.6 -0.5013490915 -0.1480985731 0.8524763584 0.0578699037 0.9772971272 0.2038171887 -0.8633077145 0.1515162736 -0.4813965261
-359.6 -75.6 2718.2 -0.8956567645 0.0005129043 -0.4447456896 -0.0103921182 0.9997021556 0.0220812075 0.4446245730 0.0243990328 -0.8953846693
-359.8 -467.1 2708.7 -0.8841574192 0.1560301781 -0.4403637648 0.0933511481 0.9825758338 0.1607179791 0.4577676654 0.1009915322 -0.8833172917
-157.0 -122.3 2366.7 0 0 0 0 0 0 0 0 0
-5.2 -31.8 2518.1 0 0 0 0 0 0 0 0 0
-495.9 -774.3 2521.9 0 0 0 0 0 0 0 0 0
-418.5 -836.7 2670.7 0 0 0 0 0 0 0 0 0
-364.5 510.7 2584.1 35 0.6039777994 0.0824946091 -0.7927202582 0.0329300128 0.9911964536 0.1282386333 0.7963205576 -0.1035575792 0.5959441066
-381.1 311.1 2604.9 0.6039777994 0.0824946091 -0.7927202582 0.0329300128 0.9911964536 0.1282386333 0.7963205576 -0.1035575792 0.5959441066
-396.9 117.1 2626.7 0.6045813560 0.0807137340 -0.7924435139 0.0402581953 0.9904851913 0.1315994263 0.7955254316 -0.1114649028 0.5955794454
-467.3 305.3 2491.5 -0.3054521680 0.3264703155 -0.8944920897 0.8689665794 0.4796826541 -0.1216618642 0.3893533647 -0.8144456148 -0.4302119017
-377.7 50.5 2377.3 -0.7840999961 0.3264703155 -0.5278298259 0.6186141372 0.4796826541 -0.6222709417 0.0500378311 -0.8144456148 -0.5780783296
-295.0 316.8 2718.3 0.7799225450 0.3915351629 0.4882837832 -0.6038610339 0.6758395433 0.4226024151 -0.1645377576 -0.6244527102 0.7635353208
-68.5 141.4 2670.5 0.2469133288 0.3915351629 0.8864163756 -0.7309104800 0.6758395433 -0.0949253514 -0.6362418532 -0.6244527102 0.4530509412
-467.3 -81.1 2576.3 -0.5103812814 0.1965071261 0.8371952772 0.1173016578 0.9803504944 -0.1585977525 -0.8519103527 0.0172590762 -0.5234031081
-544.3 -465.1 2569.5 -0.5014820099 -0.1547621191 0.8512135744 0.0547565483 0.9762207866 0.2097492665 -0.8634335995 0.1517949849 -0.4810828865
-358.6 -73.9 2720.5 -0.8937441707 0.0001199956 -0.4485769868 -0.0195495468 0.9990394115 0.0392177328 0.4481508136 0.0438200980 -0.8928833604
-358.6 -465.1 2703.4 -0.8810518980 0.1594531834 -0.4453338683 0.0976558179 0.9825039506 0.1585855782 0.4628292620 0.0962326750 -0.8812084794
-158.2 -122.7 2363.3 0 0 0 0 0 0 0 0 0
-2.9 -52.7 2501.5 0 0 0 0 0 0 0 0 0
-495.0 -775.8 2521.2 0 0 0 0 0 0 0 0 0
-418.7 -834.9 2667.1 0 0 0 0 0 0 0 0 0
-362.6 513.1 2582.7 36 0.5936030746 0.0909921229 -0.7995972633 0.0268546026 0.9907942414 0.1326861084 0.8043097854 -0.1002357453 0.5856949687
-381.0 313.0 2602.9 0.5936030746 0.0909921229 -0.7995972633 0.0268546026 0.9907942414 0.1326861084 0.8043097854 -0.1002357453 0.5856949687
-397.8 119.0 2624.1 0.5944234729 0.0862430558 -0.7995141149 0.0360254720 0.9903782010 0.1336156875 0.8033447862 -0.1082271859 0.5855971575
-465.7 307.9 2488.4 -0.3018783033 0.2996966839 -0.9050145745 0.8752744794 0.4633665383 -0.1385137588 0.3778413534 -0.8339504600 -0.4021971524
-376.3 48.9 2376.6 -0.7735607028 0.2996966839 -0.5583777428 0.6296360493 0.4633665383 -0.6235783100 0.0718492195 -0.8339504600 -0.5471419692
-296.2 318.2 2717.4 0.7608489990 0.3573354781 0.5416827202 -0.6160931587 0.6599293947 0.4300260842 -0.2038087696 -0.6609119177 0.7222585678
-67.9 133.3 2656.2 0.2482886463 0.3573354781 0.9003688693 -0.7492909431 0.6599293947 -0.0552837178 -0.6139346957 -0.6609119177 0.4316011965
-467.4 -80.6 2576.7 -0.4999141395 0.1971118599 0.8433461785 0.1160263121 0.9802212119 -0.1603256613 -0.8582679033 0.0177012868 -0.5128965974
-544.6 -464.5 2569.7 -0.4913285673 -0.1547805667 0.8571109772 0.0561096333 0.9764139056 0.2084889412 -0.8691650629 0.1505287588 -0.4710553586
-358.1 -73.3 2720.5 -0.8994756341 0.0080768289 -0.4368962646 -0.0079296175 0.9993628263 0.0348004326 0.4368989766 0.0347665623 -0.8988384604
-361.3 -464.7 2706.9 -0.8895771503 0.1494328380 -0.4316506982 0.0816200152 0.9817677736 0.1716690063 0.4494337142 0.1174814850 -0.8855548501
-159.3 -127.8 2356.5 0 0 0 0 0 0 0 0 0
-1.5 -67.3 2491.9 0 0 0 0 0 0 0 0 0
-495.3 -775.8 2521.7 0 0 0 0 0 0 0 0 0
-417.5 -834.2 2662.6 0 0 0 0 0 0 0 0 0
-362.3 517.1 2583.5 37 0.5951925516 0.0887968987 -0.7986619473 0.0261432361 0.9912101626 0.1296877265 0.8031577468 -0.0980687737 0.5876395106
-380.3 315.7 2603.4 0.5951925516 0.0887968987 -0.7986619473 0.0261432361 0.9912101626 0.1296877265 0.8031577468 -0.0980687737 0.5876395106
-397.3 121.7 2624.6 0.5960177779 0.0866186991 -0.7982856631 0.0354652666 0.9903548360 0.1339384913 0.8021876216 -0.1081411317 0.5871971250
-465.3 310.6 2489.1 -0.2977126241 0.3089045286 -0.9032968283 0.8786007166 0.4587523341 -0.1326915324 0.3734005392 -0.8331412077 -0.4079801142
-377.6 51.9 2379.1 -0.7743271589 0.3089045286 -0.5522639155 0.6299558878 0.4587523341 -0.6266592741 0.0597744621 -0.8331412077 -0.5498206615
-295.4 320.7 2717.7 0.7424671650 0.3396697938 0.5773794055 -0.6291764379 0.6494724154 0.4269924760 -0.2299555540 -0.6803013682 0.6959241629
-67.3 127.5 2647.1 0.2483723909 0.3396697938 0.9071579576 -0.7595690489 0.6494724154 -0.0352200940 -0.6011372805 -0.6803013682 0.4193136990
-468.5 -78.2 2572.7 -0.5056741834 0.1936614066 0.8407073617 0.0957590044 0.9810574055 -0.1683940440 -0.8573936224 -0.0046472191 -0.5146402121
-544.3 -462.4 2574.5 -0.5015509725 -0.1519086808 0.8516867757 0.0680312738 0.9744892120 0.2138750106 -0.8624490499 0.1652105600 -0.4784215093
-361.0 -71.7 2717.9 -0.8986402154 -0.0013369124 -0.4386843443 -0.0123360390 0.9996768832 0.0222236793 0.4385129213 0.0253827181 -0.8983663917
-360.5 -463.2 2708.0 -0.8876215219 0.1538250297 -0.4341266453 0.0876016095 0.9817571640 0.1687566489 0.4521659315 0.1117618307 -0.8849040866
-159.3 -125.7 2362.3 0 0 0 0 0 0 0 0 0
-1.0 -75.2 2486.7 0 0 0 0 0 0 0 0 0
-495.7 -773.9 2521.7 0 0 0 0 0 0 0 0 0
-418.4 -832.9 2665.9 0 0 0 0 0 0 0 0 0
-365.5 518.0 2582.9 38 0.5975693464 0.0760826766 -0.7981994152 0.0337959453 0.9922133684 0.1198768914 0.8011046648 -0.0986106545 0.5903449655
-380.9 316.7 2602.9 0.5975693464 0.0760826766 -0.7981994152 0.0337959453 0.9922133684 0.1198768914 0.8011046648 -0.0986106545 0.5903449655
-395.8 122.5 2624.1 0.5981671214 0.0761279017 -0.7977472544 0.0415854752 0.9911875129 0.1257692724 0.8002916574 -0.1084057391 0.5897299647
-466.2 310.7 2488.8 -0.3009403944 0.3093446195 -0.9020758271 0.8790081739 0.4568241537 -0.1365882456 0.3698371947 -0.8340369463 -0.4093932807
-378.0 53.2 2380.5 -0.7741543651 0.3093446195 -0.5522598624 0.6303238869 0.4568241537 -0.6276969910 0.0581109673 -0.8340369463 -0.5486397147
-295.7 322.6 2716.9 0.7288347483 0.3100025952 0.6104902625 -0.6369955540 0.6339581609 0.4385586977 -0.2510709167 -0.7085163593 0.6595209837
-66.0 121.9 2637.8 0.2344940454 0.3100025952 0.9213636518 -0.7731909156 0.6339581609 -0.0165189914 -0.5892269015 -0.7085163593 0.3883506060
-468.1 -75.5 2573.2 -0.5071709156 0.1896211654 0.8407267928 0.1020170078 0.9818462133 -0.1599078029 -0.8557863235 0.0046678451 -0.5173084140
-542.4 -460.0 2571.4 -0.5018867254 -0.1443608403 0.8528010845 0.0636765882 0.9771306515 0.2028818130 -0.8625862002 0.1561271548 -0.4812164903
-360.4 -69.1 2718.3 -0.8971059918 -0.0023022776 -0.4418093860 -0.0163173154 0.9994768500 0.0279244576 0.4415139556 0.0322603434 -0.8966742158
-359.5 -460.5 2705.6 -0.8863287568 0.1537066400 -0.4368015826 0.0798056349 0.9798910022 0.1828787476 0.4561276436 0.1272314638 -0.8807722330
-159.9 -124.4 2364.1 0 0 0 0 0 0 0 0 0
-4.5 -81.0 2483.2 0 0 0 0 0 0 0 0 0
-496.1 -773.2 2521.4 0 0 0 0 0 0 0 0 0
-417.4 -829.5 2657.7 0 0 0 0 0 0 0 0 0
-366.4 516.5 2584.1 39 0.6024422050 0.0759208873 -0.7945435047 0.0351373516 0.9919781089 0.1214283183 0.7973886728 -0.1010717005 0.5949418545
-381.8 315.6 2604.5 0.6024422050 0.0759208873 -0.7945435047 0.0351373516 0.9919781089 0.1214283183 0.7973886728 -0.1010717005 0.5949418545
-396.8 121.5 2626.3 0.6030252576 0.0764155164 -0.7940536737 0.0427260958 0.9908787012 0.1278042346 0.7965770960 -0.1109959930 0.5942599177
-467.7 309.5 2491.0 -0.3080228567 0.2936441302 -0.9049282074 0.8755064607 0.4597139955 -0.1488335580 0.3723040819 -0.8381146193 -0.3986897469
-376.9 51.3 2381.2 -0.7665339708 0.2936441302 -0.5711382031 0.6370897293 0.4597139955 -0.6186919212 0.0808849633 -0.8381146193 -0.5394640565
-295.8 321.7 2718.1 0.7099139690 0.2718005776 0.6497281194 -0.6444729567 0.6227560639 0.4436546862 -0.2840365171 -0.7336888313 0.6172713637
-69.0 115.8 2627.3 0.2422801703 0.2718005776 0.9313564301 -0.7821146250 0.6227560639 0.0217160881 -0.5741053820 -0.7336888313 0.3634606600
-464.8 -75.3 2573.0 -0.5103625655 0.1897598803 0.8387617469 0.1103040278 0.9817388654 -0.1549898982 -0.8528558612 0.0134177562 -0.5219740272
-539.1 -459.9 2567.7 -0.5041026473 -0.1330609769 0.8533318639 0.0591943078 0.9804131985 0.1878457218 -0.8616127968 0.1452059150 -0.4863524139
-356.7 -67.8 2717.7 -0.8944319487 0.0057475599 -0.4471671879 -0.0108722029 0.9993423820 0.0345915928 0.4470719397 0.0358015187 -0.8937812448
-358.9 -459.3 2703.7 -0.8841089606 0.1541645080 -0.4411175549 0.0780784190 0.9794758558 0.1858248264 0.4607115686 0.1298476309 -0.8780002594
-160.3 -128.7 2358.4 0 0 0 0 0 0 0 0 0
-6.8 -85.0 2479.9 0 0 0 0 0 0 0 0 0
-496.5 -774.1 2521.2 0 0 0 0 0 0 0 0 0
-417.0 -828.1 2654.8 0 0 0 0 0 0 0 0 0
-366.3 514.2 2583.7 40 0.5956876874 0.0774716139 -0.7994712591 0.0374539532 0.9915758371 0.1239942461 0.8023424149 -0.1038052067 0.5877678990
-382.0 313.2 2604.7 0.5956876874 0.0774716139 -0.7994712591 0.0374539532 0.9915758371 0.1239942461 0.8023424149 -0.1038052067 0.5877678990
-397.1 119.2 2626.8 0.5962772369 0.0769699663 -0.7990801334 0.0450202152 0.9906203151 0.1290140152 0.8015152216 -0.1129028797 0.5872191191
-467.0 306.8 2490.5 -0.3077417612 0.2975797057 -0.9037374258 0.8744376302 0.4628493786 -0.1453590393 0.3750384152 -0.8349950910 -0.4026529789
-377.7 53.0 2381.6 -0.7703952789 0.2975797057 -0.5638594031 0.6329828501 0.4628493786 -0.6205667853 0.0763139203 -0.8349950910 -0.5449398160
-297.1 319.7 2718.9 0.6973095536 0.2843407393 0.6579587460 -0.6470925212 0.6445245147 0.4072584212 -0.3082703948 -0.7097454071 0.6334278584
-70.3 109.2 2618.7 0.2628741860 0.2843407393 0.9219802022 -0.7643436193 0.6445245147 0.0191562027 -0.5887919664 -0.7097454071 0.3867628872
-466.2 -76.4 2576.0 -0.5023734570 0.1888084114 0.8437845111 0.1122057438 0.9818513989 -0.1528975815 -0.8573393822 0.0178657826 -0.5144414902
-540.2 -461.0 2569.0 -0.4959613979 -0.1338267922 0.8579701185 0.0601819530 0.9803792238 0.1877092570 -0.8662565351 0.1447308660 -0.4781762660
-357.2 -68.7 2720.0 -0.8981842995 0.0061074519 -0.4395767152 -0.0140558723 0.9989933372 0.0426002257 0.4393943846 0.0444414876 -0.8971942663
-359.6 -460.0 2702.6 -0.8899531960 0.1395625323 -0.4341723621 0.0634298846 0.9806500077 0.1852084100 0.4516192973 0.1372873187 -0.8815850616
-159.9 -126.0 2360.0 0 0 0 0 0 0 0 0 0
-3.4 -85.3 2468.9 0 0 0 0 0 0 0 0 0
-497.3 -775.5 2522.6 0 0 0 0 0 0 0 0 0
-412.2 -829.3 2650.9 0 0 0 0 0 0 0 0 0
-365.2 515.6 2584.0 41 0.5922386646 0.0785586089 -0.8019238710 0.0362599082 0.9916293025 0.1239214092 0.8049463034 -0.1024687365 0.5844327211
-381.2 314.5 2604.8 0.5922386646 0.0785586089 -0.8019238710 0.0362599082 0.9916293025 0.1239214092 0.8049463034 -0.1024687365 0.5844327211
-396.3 120.5 2626.8 0.5929171443 0.0774643645 -0.8015288711 0.0448800884 0.9906362891 0.1289400607 0.8040118217 -0.1124234647 0.5838886499
-465.7 308.1 2490.2 -0.3015078604 0.2905572355 -0.9081131816 0.8766283989 0.4590601921 -0.1441748589 0.3749875724 -0.8395476341 -0.3931209743
-378.0 53.2 2381.1 -0.7732742429 0.2905572355 -0.5635809302 0.6294338703 0.4590601921 -0.6269583106 0.0765503123 -0.8395476341 -0.5378659964
-296.7 320.9 2719.3 0.6930460334 0.3541914821 0.6278818250 -0.6579871178 0.6666288972 0.3502268791 -0.2945168018 -0.6558614969 0.6950579882
-71.2 106.8 2623.5 0.2692120373 0.3541914821 0.8955854177 -0.7443210483 0.6666288972 -0.0399002619 -0.6111555099 -0.6558614969 0.4430966973
-466.1 -78.9 2576.5 -0.4984924197 0.1951405853 0.8446451426 0.1138068885 0.9806336164 -0.1593918353 -0.8593912125 0.0166708175 -0.5110467672
-542.5 -463.0 2570.0 -0.4916058779 -0.1432954669 0.8589470387 0.0621994399 0.9780709147 0.1987674832 -0.8685936332 0.1511412859 -0.4719125330
-358.3 -70.7 2721.4 -0.8999712467 0.0055170679 -0.4359143376 -0.0062250169 0.9996553659 0.0255038701 0.4359048009 0.0256663226 -0.8996267319
-360.5 -462.3 2711.3 -0.8916566372 0.1458437890 -0.4285767078 0.0659519359 0.9784344435 0.1957458407 0.4478825331 0.1462726146 -0.8820462227
-160.0 -124.3 2359.5 0 0 0 0 0 0 0 0 0
-1.7 -85.2 2465.9 0 0 0 0 0 0 0 0 0
-496.7 -775.7 2521.6 0 0 0 0 0 0 0 0 0
-415.4 -830.7 2656.3 0 0 0 0 0 0 0 0 0
-365.9 515.3 2584.6 42 0.5891732574 0.0752422512 -0.8044958115 0.0305527076 0.9928682446 0.1152355000 0.8074288964 -0.0924732015 0.5826725364
-381.1 313.8 2603.4 0.5891732574 0.0752422512 -0.8044958115 0.0305527076 0.9928682446 0.1152355000 0.8074288964 -0.0924732015 0.5826725364
-396.2 119.6 2623.7 0.5897868276 0.0768532678 -0.8038936853 0.0385588631 0.9916459322 0.1230918318 0.8066378832 -0.1035951674 0.5818963647
-465.2 308.3 2488.4 -0.3001891077 0.3058079481 -0.9035308361 0.8768028617 0.4614755511 -0.1351185441 0.3756370842 -0.8327795863 -0.4066632390
-378.1 54.1 2379.5 -0.7737973332 0.3058079481 -0.5547243953 0.6300886273 0.4614755511 -0.6245227456 0.0650077164 -0.8327795863 -0.5497746468
-297.1 319.3 2718.4 0.6994194984 0.3702866733 0.6113101840 -0.6572953463 0.6691421270 0.3467155397 -0.2806692421 -0.6443109512 0.7113987207
-71.8 107.6 2627.9 0.2708724439 0.3702866733 0.8885470629 -0.7412503958 0.6691421270 -0.0528842211 -0.6141465902 -0.6443109512 0.4557272792
-465.1 -77.6 2576.1 -0.4960899949 0.2009579837 0.8446955681 0.1168620512 0.9794495106 -0.1643836051 -0.8603708148 0.0171637926 -0.5093794465
-543.8 -461.3 2569.4 -0.4873558581 -0.1508575082 0.8600734472 0.0537461527 0.9779134393 0.2019816935 -0.8715478182 0.1446626037 -0.4684838355
-357.9 -69.5 2721.5 -0.9016568065 0.0028700647 -0.4324427247 -0.0192276090 0.9987230301 0.0467185676 0.4320245981 0.0504389554 -0.9004502296
-359.0 -460.6 2701.7 -0.8893755674 0.1557889283 -0.4298149049 0.0998044908 0.9836344123 0.1500080079 0.4461503327 0.0905160084 -0.8903688788
-160.1 -123.5 2361.2 0 0 0 0 0 0 0 0 0
-0.9 -86.4 2467.2 0 0 0 0 0 0 0 0 0
-495.3 -775.9 2522.8 0 0 0 0 0 0 0 0 0
-417.6 -830.4 2667.7 0 0 0 0 0 0 0 0 0
-365.6 515.1 2583.0 43 0.5872353315 0.0816795081 -0.8052845001 0.0269105583 0.9923751950 0.1202799156 0.8089687824 -0.0923032686 0.5805597305
-382.2 313.2 2601.7 0.5872353315 0.0816795081 -0.8052845001 0.0269105583 0.9923751950 0.1202799156 0.8089687824 -0.0923032686 0.5805597305
-398.4 119.0 2622.0 0.5879367590 0.0824618638 -0.8046927452 0.0353872553 0.9912159443 0.1274312288 0.8081324697 -0.1033973694 0.5798541903
-466.0 308.1 2486.6 -0.3029441237 0.2930618823 -0.9068294168 0.8800085783 0.4512613416 -0.1481490731 0.3658002019 -0.8428985476 -0.3946039379
-378.7 54.3 2381.1 -0.7742063999 0.2930618823 -0.5609983802 0.6292990446 0.4512613416 -0.6327289343 0.0677281395 -0.8428985476 -0.5337930322
-298.5 318.2 2716.9 0.7111963630 0.4206382930 0.5632611513 -0.6586554050 0.6787521839 0.3247590959 -0.2457086295 -0.6019625068 0.7597818375
-72.5 109.0 2638.8 0.2664185762 0.4206382930 0.8672280908 -0.7266800404 0.6787521839 -0.1059791893 -0.6332119107 -0.6019625068 0.4865016341
-464.6 -78.1 2571.1 -0.4949698746 0.1991754472 0.8457741737 0.1113001108 0.9798884392 -0.1656228304 -0.8617523313 0.0121564427 -0.5071835518
-542.6 -461.9 2566.3 -0.4857405126 -0.1478433162 0.8615094423 0.0421511009 0.9804841280 0.1920263618 -0.8730861545 0.1295885444 -0.4700290859
-357.9 -71.1 2716.9 -0.9027944803 0.0045308908 -0.4300484061 -0.0069956402 0.9996575117 0.0252180081 0.4300153553 0.0257751420 -0.9024535418
-359.7 -462.5 2706.8 -0.8911968470 0.1623812616 -0.4235569835 0.0889507532 0.9781627655 0.1878440678 0.4448100030 0.1297303289 -0.8861795068
-160.3 -123.2 2361.9 0 0 0 0 0 0 0 0 0
-0.4 -87.6 2467.5 0 0 0 0 0 0 0 0 0
-495.5 -774.2 2525.0 0 0 0 0 0 0 0 0 0
-420.8 -830.3 2658.0 0 0 0 0 0 0 0 0 0
-365.2 516.3 2582.1 44 0.5975017548 0.0835746750 -0.7975004315 0.0254675560 0.9920741320 0.1230459362 0.8014630675 -0.0938305557 0.5906376243
-382.2 314.4 2601.2 0.5975017548 0.0835746750 -0.7975004315 0.0254675560 0.9920741320 0.1230459362 0.8014630675 -0.0938305557 0.5906376243
-398.6 120.4 2621.8 0.5982427001 0.0839213580 -0.7969083190 0.0342393480 0.9909153581 0.1300556064 0.8005831242 -0.1050904393 0.5899344683
-467.5 309.6 2487.1 -0.3053195179 0.2861548662 -0.9082375169 0.8802407384 0.4486532509 -0.1545524895 0.3632577658 -0.8466555476 -0.3888677657
-379.0 54.5 2381.8 -0.7744022608 0.2861548662 -0.5642841458 0.6286523342 0.4486532509 -0.6352216005 0.0713961497 -0.8466555476 -0.5273299813
-296.9 319.3 2715.3 0.7212525606 0.4571715891 0.5203737617 -0.6622454524 0.6753377914 0.3245763183 -0.2030410022 -0.5787166953 0.7898489237
-75.4 115.9 2652.9 0.2696177363 0.4571715891 0.8475260735 -0.7253159285 0.6753377914 -0.1335501224 -0.6334217191 -0.5787166953 0.5136768818
-467.7 -78.3 2569.2 -0.5074301362 0.1934299469 0.8397020102 0.1028472632 0.9811088443 -0.1638533771 -0.8555331826 0.0032169062 -0.5177379251
-543.5 -462.6 2567.9 -0.4992706776 -0.1511937976 0.8531525135 0.0442940444 0.9789160490 0.1994025111 -0.8653131127 0.1373454034 -0.4820471108
-361.4 -71.9 2715.3 -0.8972395062 -0.0119142588 -0.4413834512 -0.0233649965 0.9995164871 0.0205161721 0.4409255981 0.0287208427 -0.8970839977
-356.7 -463.3 2704.0 -0.8824952245 0.1719048619 -0.4377795458 0.1027611941 0.9787957668 0.1771976203 0.4589578807 0.1113893017 -0.8814477324
-160.4 -122.9 2361.7 0 0 0 0 0 0 0 0 0
-0.2 -86.4 2476.2 0 0 0 0 0 0 0 0 0
-495.3 -774.2 2524.2 0 0 0 0 0 0 0 0 0
-421.4 -831.6 2662.1 0 0 0 0 0 0 0 0 0
-365.4 515.7 2582.7 45 0.6059781909 0.0859214887 -0.7908273339 0.0233929884 0.9917948246 0.1256812066 0.7951372266 -0.0946598873 0.5989961028
-382.9 313.8 2602.0 0.6059781909 0.0859214887 -0.7908273339 0.0233929884 0.9917948246 0.1256812066 0.7951372266 -0.0946598873 0.5989961028
-399.6 119.8 2622.9 0.6068477631 0.0854836330 -0.7902078032 0.0334497355 0.9905719757 0.1328468174 0.7941139340 -0.1070500389 0.5982670188
-469.3 309.0 2488.8 -0.3113968074 0.2746900022 -0.9097128510 0.8774051666 0.4507652223 -0.1642281711 0.3649550676 -0.8493268490 -0.3813812733
-379.1 54.9 2383.1 -0.7736626863 0.2746900022 -0.5709566474 0.6281186938 0.4507652223 -0.6342535615 0.0831442848 -0.8493268490 -0.5212781429
-296.4 318.6 2715.1 0.7338616252 0.4370566607 0.5200275183 -0.6527848840 0.6655242443 0.3618692458 -0.1879335344 -0.6050280333 0.7737066746
-75.4 122.0 2658.6 0.2665089071 0.4370566607 0.8590427637 -0.7382924557 0.6655242443 -0.1095525175 -0.6195944548 -0.6050280333 0.5000438094
-469.1 -76.8 2570.0 -0.5181460381 0.1919894814 0.8334654570 0.0937735587 0.9813578129 -0.1677597612 -0.8501359820 -0.0087670339 -0.5264902115
-544.3 -461.2 2573.4 -0.5126514435 -0.1495224833 0.8454771042 0.0553146936 0.9769222736 0.2063083798 -0.8568131328 0.1525315940 -0.4925498366
-361.0 -70.6 2714.7 -0.8926462531 -0.0062029050 -0.4507152438 -0.0064315908 0.9999787807 -0.0010242340 0.4507120550 0.0019845376 -0.8926671743
-358.6 -462.1 2714.0 -0.8828300238 0.1581192464 -0.4422776103 0.0718373060 0.9760085940 0.2055397183 0.4641665220 0.1496846080 -0.8730085492
-160.4 -122.7 2359.6 0 0 0 0 0 0 0 0 0
-0.1 -86.7 2483.4 0 0 0 0 0 0 0 0 0
-496.5 -773.8 2524.6 0 0 0 0 0 0 0 0 0
-418.0 -829.2 2657.7 0 0 0 0 0 0 0 0 0
-366.9 513.8 2585.0 46 0.6072965860 0.0831832364 -0.7901085019 0.0172903836 0.9928842783 0.1178214327 0.7942870259 -0.0852138326 0.6015369296
-383.8 312.5 2602.3 0.6072965860 0.0831832364 -0.7901085019 0.0172903836 0.9928842783 0.1178214327 0.7942870259 -0.0852138326 0.6015369296
-400.0 118.3 2621.2 0.6080840230 0.0827810839 -0.7895448804 0.0267071836 0.9918524027 0.1245614216 0.7934232950 -0.0968303308 0.6009187698
-470.4 308.7 2489.2 -0.3153018057 0.2966962457 -0.9014189243 0.8722800612 0.4647360146 -0.1521446109 0.3737810850 -0.8342612386 -0.4053343236
-378.9 55.6 2380.7 -0.7728607655 0.2966962457 -0.5609434843 0.6299974322 0.4647360146 -0.6221926212 0.0760884136 -0.8342612386 -0.5460941195
-297.1 316.3 2715.3 0.7629190683 0.4740842581 0.4395436645 -0.6322532296 0.6890532374 0.3542054594 -0.1349457502 -0.5481330156 0.8254331350
-83.5 139.3 2677.6 0.2976014018 0.4740842581 0.8286600709 -0.7113026381 0.6890532374 -0.1387596875 -0.6367746592 -0.5481330156 0.5422805548
-471.2 -77.3 2572.1 -0.5209570527 0.1793526113 0.8345276713 0.0951565504 0.9837848544 -0.1520283967 -0.8482623696 0.0002105117 -0.5295761824
-541.4 -462.6 2572.0 -0.5160714984 -0.1386588365 0.8452478647 0.0580898039 0.9788724780 0.1960464120 -0.8545734286 0.1502742469 -0.4971135557
-361.5 -71.2 2715.7 -0.8918226361 -0.0075159711 -0.4523228109 -0.0197570268 0.9995551109 0.0223449655 0.4519536197 0.0288642999 -0.8915743232
-358.5 -462.5 2704.4 -0.8798275590 0.1589528322 -0.4479257166 0.0862048417 0.9801568985 0.1784968376 0.4674100876 0.1184330732 -0.8760715723
-160.4 -122.5 2359.2 0 0 0 0 0 0 0 0 0
-0.1 -60.1 2499.1 0 0 0 0 0 0 0 0 0
-497.5 -772.9 2524.4 0 0 0 0 0 0 0 0 0
-418.3 -831.3 2659.8 0 0 0 0 0 0 0 0 0
-364.8 520.2 2584.1 47 0.6088555455 0.0753590316 -0.7896935940 0.0207911842 0.9936197400 0.1108493954 0.7930086255 -0.0839099362 0.6034041047
-380.2 316.3 2601.3 0.6088555455 0.0753590316 -0.7896935940 0.0207911842 0.9936197400 0.1108493954 0.7930086255 -0.0839099362 0.6034041047
-394.4 121.9 2619.7 0.6095714569 0.0722533762 -0.7894315124 0.0304255411 0.9929714799 0.1143760830 0.7921470404 -0.0937392712 0.6030887365
-467.1 312.0 2488.5 -0.3026189208 0.2976511419 -0.9054422379 0.8768762946 0.4592318535 -0.1421056837 0.3735099733 -0.8369647264 -0.3999754786
-378.5 55.2 2379.1 -0.7733637094 0.2976511419 -0.5597431064 0.6300138235 0.4592318535 -0.6262497306 0.0706479177 -0.8369647264 -0.5426775813
-293.4 320.7 2714.2 0.7735531330 0.5157103539 0.3683182597 -0.6286666393 0.6977937222 0.3433106244 -0.0799613148 -0.4971184134 0.8639904261
-87.3 153.2 2692.9 0.3037343025 0.5157103539 0.8011168838 -0.6914469004 0.6977937222 -0.1870430261 -0.6554743648 -0.4971184134 0.5685302615
-471.1 -78.4 2568.5 -0.5236608982 0.1816473901 0.8323361278 0.0935197100 0.9833566546 -0.1557682455 -0.8467782140 -0.0037299094 -0.5319330692
-542.3 -463.6 2569.9 -0.5181552768 -0.1414016187 0.8435168862 0.0522448123 0.9791643620 0.1962335855 -0.8536894321 0.1457488537 -0.4999716878
-361.2 -73.6 2711.9 -0.8908101320 -0.0014404001 -0.4543734789 -0.0027054050 0.9999940395 0.0021339506 0.4543676972 0.0031302092 -0.8908087015
-360.6 -465.0 2710.7 -0.8826242089 0.1527908146 -0.4445553422 0.0620716661 0.9753034115 0.2119678706 0.4659630656 0.1594936848 -0.8703103662
-160.3 -122.5 2359.1 0 0 0 0 0 0 0 0 0
-3.1 -38.5 2511.2 0 0 0 0 0 0 0 0 0
-497.4 -774.4 2523.7 0 0 0 0 0 0 0 0 0
-418.1 -831.9 2650.7 0 0 0 0 0 0 0 0 0
-363.7 521.9 2583.7 48 0.6105098128 0.0784683079 -0.7881119847 0.0240848865 0.9927803874 0.1175034195 0.7916424274 -0.0907185823 0.6042122841
-379.8 318.5 2602.3 0.6105098128 0.0784683079 -0.7881119847 0.0240848865 0.9927803874 0.1175034195 0.7916424274 -0.0907185823 0.6042122841
-394.7 124.2 2621.8 0.6111581326 0.0764657184 -0.7878062725 0.0323903970 0.9920726418 0.1214196980 0.7908455133 -0.0997239947 0.6038364768
-466.9 313.9 2489.6 -0.3001395762 0.3095324636 -0.9022781849 0.8763968945 0.4629418850 -0.1327150017 0.3766227663 -0.8305867910 -0.4102204740
-378.6 56.1 2378.8 -0.7719576359 0.3095324636 -0.5552216768 0.6323649883 0.4629418850 -0.6211274862 0.0647762418 -0.8305867910 -0.5531090498
-292.7 323.1 2715.0 0.7609391212 0.5275594592 0.3776938915 -0.6424773335 0.6938870549 0.3251825273 -0.0905237794 -0.4901038706 0.8669507504
-87.6 150.0 2690.6 0.3057496548 0.5275594592 0.7925895452 -0.6933478117 0.6938870549 -0.1943954676 -0.6525228024 -0.4901038706 0.5779379010
-463.6 -75.4 2566.5 -0.5223293304 0.2014559805 0.8286057711 0.1033699811 0.9794862866 -0.1729775518 -0.8464553952 -0.0046982802 -0.5324389338
-542.5 -459.0 2568.3 -0.5150409341 -0.1400103569 0.8456535339 0.0462643169 0.9805909395 0.1905282736 -0.8559161425 0.1372534484 -0.4985670149
-353.4 -69.9 2709.7 -0.8898267746 0.0170570295 -0.4559795856 0.0186910275 0.9998248816 0.0009260605 0.4559155405 -0.0076986938 -0.8899897337
-360.1 -461.3 2712.7 -0.8836557269 0.1526025236 -0.4425663650 0.0644170269 0.9760212302 0.2079254985 0.4636841118 0.1552257538 -0.8722969890
-160.3 -122.7 2360.5 0 0 0 0 0 0 0 0 0
-0.9 -46.7 2505.5 0 0 0 0 0 0 0 0 0
-497.4 -775.0 2524.1 0 0 0 0 0 0 0 0 0
-417.6 -828.7 2654.3 0 0 0 0 0 0 0 0 0
-364.2 520.1 2583.5 49 0.5985732675 0.0796227902 -0.7971011400 0.0232072473 0.9929066896 0.1166090891 0.8007318377 -0.0882976055 0.5924795866
-380.5 316.7 2601.6 0.5985732675 0.0796227902 -0.7971011400 0.0232072473 0.9929066896 0.1166090891 0.8007318377 -0.0882976055 0.5924795866
-395.8 122.4 2621.0 0.5993447304 0.0780905113 -0.7966729403 0.0329162069 0.9919843674 0.1219982654 0.7998139858 -0.0993424654 0.5919701457
-465.9 312.0 2487.6 -0.2973673046 0.3219679296 -0.8988377452 0.8769342899 0.4643996954 -0.1237706915 0.3775697947 -0.8250269890 -0.4204420149
-378.4 54.0 2376.5 -0.7806803584 0.3219679296 -0.5356069207 0.6232244968 0.4643996954 -0.6292250752 0.0461454093 -0.8250269890 -0.5632060170
-295.1 321.4 2715.6 0.7781313658 0.4970138073 0.3840427697 -0.6218966842 0.6953806877 0.3601252437 -0.0880687162 -0.5190596581 0.8501887918
-88.8 156.5 2692.2 0.3227668107 0.4970138073 0.8054805398 -0.7034012079 0.6953806877 -0.1472155601 -0.6332837939 -0.5190596581 0.5740458965
-465.0 -73.0 2569.9 -0.5088606477 0.1955599934 0.8383418918 0.1068255007 0.9806724787 -0.1639200151 -0.8541950583 0.0061438531 -0.5199164152
-541.6 -457.1 2567.5 -0.5016717315 -0.1359123290 0.8543145657 0.0485904627 0.9815940857 0.1846944988 -0.8636923432 0.1341675520 -0.4858339429
-354.5 -67.1 2712.8 -0.8967841268 0.0106542828 -0.4423401058 -0.0011379893 0.9996511936 0.0263848957 0.4424669445 0.0241649337 -0.8964591622
-358.6 -458.4 2703.4 -0.8859739900 0.1574977487 -0.4361703396 0.0905402973 0.9812072515 0.1703957915 0.4548104703 0.1114752442 -0.8835840225
-157.7 -122.1 2363.5 0 0 0 0 0 0 0 0 0
1.5 -40.1 2515.1 0 0 0 0 0 0 0 0 0
-497.4 -775.7 2523.9 0 0 0 0 0 0 0 0 0
-417.9 -827.5 2661.4 0 0 0 0 0 0 0 0 0
-365.6 522.5 2591.4 50 0.6118142009 0.0760957524 -0.7873327136 0.0074340440 0.9947647452 0.1019208506 0.7909665704 -0.0682096928 0.6080455184
-381.1 319.8 2605.3 0.6118142009 0.0760957524 -0.7873327136 0.0074340440 0.9947647452 0.1019208506 0.7909665704 -0.0682096928 0.6080455184
-395.2 125.2 2621.1 0.6127627492 0.0717355162 -0.7870042920 0.0201958455 0.9941248298 0.1063390821 0.7900087833 -0.0810548514 0.6077139378
-468.4 316.9 2492.7 -0.2993953526 0.3088565171 -0.9027569294 0.8763208985 0.4632508159 -0.1321378499 0.3773912489 -0.8306661844 -0.4093525410
-378.6 54.1 2379.5 -0.7782071829 0.3088565171 -0.5468100309 0.6252002716 0.4632508159 -0.6281108856 0.0593140610 -0.8306661844 -0.5536022782
-293.8 322.7 2717.8 0.7576479316 0.5128230453 0.4037105143 -0.6442391276 0.6866929531 0.3367622197 -0.1045257151 -0.5152332783 0.8506520987
-90.0 149.5 2689.7 0.3264637589 0.5128230453 0.7939987183 -0.7110590339 0.6866929531 -0.1511551142 -0.6227490902 -0.5152332783 0.5888278484
-465.2 -74.9 2568.2 -0.5253691673 0.1883845925 0.8297581077 0.1133163795 0.9819869399 -0.1511986256 -0.8432950974 0.0145900892 -0.5372527242
-539.0 -459.5 2562.5 -0.5167720914 -0.1305970252 0.8461034298 0.0368418172 0.9839887023 0.1743815392 -0.8553299308 0.1212875023 -0.5036864877
-356.9 -68.9 2712.8 -0.8890176415 0.0052349991 -0.4578430653 -0.0040070019 0.9998074174 0.0192124471 0.4578554630 0.0189147815 -0.8888254166
-358.9 -460.4 2705.4 -0.8782510161 0.1587138623 -0.4510931373 0.0851315185 0.9801390767 0.1791089326 0.4705610871 0.1189003661 -0.8743197322
-158.6 -122.6 2362.8 0 0 0 0 0 0 0 0 0
1.5 -49.9 2515.1 0 0 0 0 0 0 0 0 0
-497.0 -775.9 2523.5 0 0 0 0 0 0 0 0 0
-418.7 -829.3 2660.6 0 0 0 0 0 0 0 0 0
-364.1 519.1 2586.8 51 0.6070691347 0.0903518721 -0.7894957662 0.0077291396 0.9927967191 0.1195613295 0.7946113944 -0.0786841214 0.6019979119
-382.5 317.1 2602.8 0.6070691347 0.0903518721 -0.7894957662 0.0077291396 0.9927967191 0.1195613295 0.7946113944 -0.0786841214 0.6019979119
-399.7 122.8 2620.2 0.6079104543 0.0876716375 -0.7891505361 0.0171094555 0.9922081828 0.1234105825 0.7938212752 -0.0885245204 0.6016736627
-469.1 314.6 2489.7 -0.3090819120 0.3365095258 -0.8895109296 0.8711231947 0.4754564166 -0.1228234246 0.3815924525 -0.8128361106 -0.4400962293
-378.1 58.0 2377.3 -0.7697196603 0.3365095258 -0.5424878001 0.6361411810 0.4754564166 -0.6076722145 0.0534417965 -0.8128361106 -0.5800357461
-295.9 319.5 2716.0 0.7654694319 0.4883117974 0.4190561771 -0.6351754069 0.6776443720 0.3706080914 -0.1029987484 -0.5498633385 0.8288797140
-84.7 144.3 2687.5 0.3004848957 0.4883117974 0.8193048239 -0.7221266031 0.6776443720 -0.1390368938 -0.6230906248 -0.5498633385 0.5562448502
-464.6 -71.4 2565.6 -0.5197938085 0.1913934350 0.8325760961 0.1062645465 0.9814969897 -0.1592844427 -0.8476569057 0.0056782532 -0.5305144191
-539.6 -455.8 2563.4 -0.5125206113 -0.1278155148 0.8491088748 0.0418850631 0.9839610457 0.1733964235 -0.8576527834 0.1244342178 -0.4989467263
-353.9 -67.7 2708.4 -0.8919950724 0.0136086810 -0.4518402219 0.0077833799 0.9998609424 0.0147486925 0.4519780874 0.0096389167 -0.8919769526
-359.2 -459.2 2704.6 -0.8814527988 0.1604680419 -0.4441745281 0.0925800800 0.9809685349 0.1706741899 0.4631089866 0.1093195304 -0.8795335889
-159.5 -122.7 2362.1 0 0 0 0 0 0 0 0 0
1.2 -62.0 2509.5 0 0 0 0 0 0 0 0 0
-498.1 -775.0 2523.0 0 0 0 0 0 0 0 0 0
-419.6 -828.6 2663.5 0 0 0 0 0 0 0 0 0
-364.7 522.9 2585.1 52 0.6166960001 0.0901624411 -0.7820209265 0.0102880644 0.9924111962 0.1225323007 0.7871341705 -0.0836106688 0.6110884547
-383.0 320.7 2602.1 0.6166960001 0.0901624411 -0.7820209265 0.0102880644 0.9924111962 0.1225323007 0.7871341705 -0.0836106688 0.6110884547
-400.3 126.5 2620.2 0.6174402237 0.0881959796 -0.7816578746 0.0185672455 0.9917837381 0.1265713573 0.7863986492 -0.0926634818 0.6107296348
-471.0 318.1 2490.0 -0.3125350475 0.3104728162 -0.8977351785 0.8751145601 0.4616839886 -0.1449911296 0.3694541454 -0.8309359550 -0.4159917235
-377.8 57.2 2379.9 -0.7692990303 0.3104728162 -0.5583776236 0.6355062127 0.4616839886 -0.6188535690 0.0656568035 -0.8309359550 -0.5524804592
-295.0 323.4 2714.2 0.7427484989 0.4837798476 0.4629057646 -0.6541651487 0.6717526913 0.3475863934 -0.1428029090 -0.5609860420 0.8154152036
-76.5 130.9 2672.1 0.2729882598 0.4837798476 0.8315253854 -0.7248317599 0.6717526913 -0.1528634876 -0.6325317025 -0.5609860420 0.5340395570
-471.8 -73.1 2565.7 -0.5319707990 0.1723692268 0.8290331364 0.0927011818 0.9850323200 -0.1453198045 -0.8416730762 -0.0004535416 -0.5399872661
-539.3 -458.8 2565.9 -0.5263808966 -0.1298632622 0.8402729630 0.0459401235 0.9824795127 0.1806198657 -0.8490068316 0.1336770952 -0.5111925602
-361.9 -69.9 2709.2 -0.8865888119 -0.0063278559 -0.4625150859 -0.0132794827 0.9998424649 0.0117760086 0.4623677135 0.0165824387 -0.8865332007
-359.5 -461.5 2702.7 -0.8744077682 0.1588619798 -0.4584472775 0.0956054702 0.9827677608 0.1581997722 0.4756791294 0.0945010409 -0.8745278120
-160.0 -122.7 2361.3 0 0 0 0 0 0 0 0 0
0.6 -73.6 2493.7 0 0 0 0 0 0 0 0 0
-497.6 -775.0 2522.9 0 0 0 0 0 0 0 0 0
-419.3 -831.5 2667.1 0 0 0 0 0 0 0 0 0
-365.6 521.5 2583.7 53 0.6107125282 0.0846915469 -0.7873103023 0.0155362375 0.9927910566 0.1188466400 0.7916999459 -0.0848129764 0.6049941778
-382.9 318.8 2601.0 0.6107125282 0.0846915469 -0.7873103023 0.0155362375 0.9927910566 0.1188466400 0.7916999459 -0.0848129764 0.6049941778
-399.4 124.5 2619.5 0.6113660932 0.0844440013 -0.7868295312 0.0232052729 0.9919496775 0.1244883537 0.7910076380 -0.0943665504 0.6044848561
-470.0 315.5 2488.3 -0.3127625585 0.2980476618 -0.9018576145 0.8775963783 0.4538722932 -0.1543521881 0.3633238673 -0.8397425413 -0.4035197794
-378.5 58.6 2381.9 -0.7669739723 0.2980476618 -0.5682592392 0.6375822425 0.4538722932 -0.6224859953 0.0723866224 -0.8397425413 -0.5381380916
-295.8 322.1 2713.7 0.7438935041 0.4330263734 0.5090290904 -0.6508638263 0.6422780752 0.4047902524 -0.1516533792 -0.6324294806 0.7596276999
-73.1 127.2 2668.3 0.2439634800 0.4330263734 0.8677384257 -0.7589468360 0.6422780752 -0.1071383283 -0.6037230492 -0.6324294806 0.4853363931
-473.4 -69.4 2567.3 -0.5247691870 0.1758405864 0.8328849673 0.0952553675 0.9844170809 -0.1478156000 -0.8458981514 0.0017676887 -0.5333415270
-542.3 -455.0 2566.6 -0.5184605122 -0.1373506188 0.8439984918 0.0454636738 0.9811918139 0.1876050979 -0.8538920879 0.1356371194 -0.5024647713
-361.8 -66.0 2709.4 -0.8901084065 -0.0068987748 -0.4556966722 -0.0043705790 0.9999686480 -0.0066014733 0.4557279348 -0.0038843686 -0.8901106715
-359.1 -457.6 2711.0 -0.8803586960 0.1535016149 -0.4487825930 0.0778232589 0.9801074266 0.1825732440 0.4678804278 0.1258042157 -0.8747920990
-160.4 -122.7 2361.3 0 0 0 0 0 0 0 0 0
-5.0 -84.4 2500.0 0 0 0 0 0 0 0 0 0
-497.3 -776.2 2522.2 0 0 0 0 0 0 0 0 0
-416.9 -826.5 2663.6 0 0 0 0 0 0 0 0 0
-364.9 518.9 2584.5 54 0.6021640897 0.0906868652 -0.7932050824 0.0134526109 0.9922341704 0.1236543804 0.7982590199 -0.0851309001 0.5962677598
-383.3 317.0 2601.8 0.6021640897 0.0906868652 -0.7932050824 0.0134526109 0.9922341704 0.1236543804 0.7982590199 -0.0851309001 0.5962677598
-400.4 122.8 2620.3 0.6030187607 0.0872903392 -0.7929368019 0.0229800530 0.9916818738 0.1266452074 0.7973959446 -0.0945911705 0.5959968567
-469.3 313.8 2488.1 -0.3122356534 0.2923124731 -0.9039149880 0.8771574497 0.4541088641 -0.1561409235 0.3648338914 -0.8416284919 -0.3981930315
-378.6 59.0 2382.2 -0.7661512494 0.2923124731 -0.5723335743 0.6378987432 0.4541088641 -0.6219890118 0.0780865923 -0.8416284919 -0.5343818069
-297.4 320.3 2715.4 0.7699015737 0.4813077748 0.4190398455 -0.6311120987 0.6715889573 0.3881568909 -0.0945996046 -0.5633037090 0.8208165765
