-401.0 511.8 2554.3 1 0.7431244254 0.0363321602 -0.6681661606 0.0614836179 0.9905936718 0.1222456247 0.6663225889 -0.1319249868 0.7339005470
-408.4 312.3 2580.8 0.7431244254 0.0363321602 -0.6681661606 0.0614836179 0.9905936718 0.1222456247 0.6663225889 -0.1319249868 0.7339005470
-414.5 118.2 2606.0 0.7431968451 0.0305828899 -0.6683734655 0.0636283234 0.9911966920 0.1161057875 0.6660404205 -0.1288169324 0.7347083092
-514.2 303.1 2486.1 -0.4255021811 0.1448543072 -0.8932889104 0.8538441062 0.3913098574 -0.3432591558 0.2998301983 -0.9087870121 -0.2901861966
-386.9 47.7 2396.3 -0.7969061136 0.1994982958 -0.5702114701 0.6013970375 0.3512331247 -0.7176049352 0.0571161807 -0.9147872329 -0.3998775184
-302.5 321.4 2675.6 0.8511968255 0.3033774495 0.4282827377 -0.5127239823 0.6550242305 0.5550292134 -0.1121521965 -0.6920298934 0.7131034136
-71.3 182.1 2645.1 0.2503815889 0.3033774495 0.9193863273 -0.7555365562 0.6550242305 -0.0103842570 -0.6053706408 -0.6920298934 0.3932187557
-487.0 -82.4 2575.9 -0.6434233189 0.1675768942 0.7469433546 0.0836834833 0.9852950573 -0.1489654928 -0.7609227896 -0.0333410501 -0.6479852200
-552.7 -468.3 2588.9 -0.6389749646 -0.1642709672 0.7514825463 0.0560484305 0.9643921256 0.2584693134 -0.7671828866 0.2072748393 -0.6070153117
-358.2 -67.5 2701.8 -0.7903860211 0.0181147847 -0.6123412848 0.0311975423 0.9994559288 -0.0107018286 0.6118142605 -0.0275621191 -0.7905211449
-365.3 -459.0 2712.6 -0.7969415188 0.1236820891 -0.5912588239 -0.0137961777 0.9748316407 0.2225150019 0.6038989425 0.1854885519 -0.7751774192
-159.9 -123.6 2380.1 0 0 0 0 0 0 0 0 0
-7.4 -10.6 2490.8 0 0 0 0 0 0 0 0 0
-499.4 -781.0 2521.7 0 0 0 0 0 0 0 0 0
-411.9 -826.0 2642.8 0 0 0 0 0 0 0 0 0
-402.5 506.9 2551.8 2 0.7372579575 0.0380188823 -0.6745407581 0.0635900274 0.9900781512 0.1253058761 0.6726120710 -0.1352768242 0.7275254130
-410.1 308.0 2578.9 0.7372579575 0.0380188823 -0.6745407581 0.0635900274 0.9900781512 0.1253058761 0.6726120710 -0.1352768242 0.7275254130
-416.7 114.1 2605.1 0.7373369336 0.0333889313 -0.6746995449 0.0657794029 0.9904825687 0.1209023148 0.6723149419 -0.1335270703 0.7281230688
-515.1 298.6 2483.2 -0.4246034324 0.1555979997 -0.8919087052 0.8583788872 0.3824620545 -0.3419187367 0.2879193723 -0.9107755423 -0.2959567308
-391.3 48.3 2399.2 -0.8002012372 0.1901140660 -0.5688010454 0.5960369706 0.3572120070 -0.7191240788 0.0664669499 -0.9144704342 -0.3991565108
-305.1 317.4 2674.7 0.8599980474 0.2946465313 0.4166374505 -0.5010137558 0.6425589919 0.5797440410 -0.0968945548 -0.7073198557 0.7002214193
-79.7 186.1 2649.3 0.2761996090 0.2946465313 0.9148208499 -0.7658518553 0.6425589919 0.0242672805 -0.5806760788 -0.7073198557 0.4031301439
-487.7 -81.6 2571.1 -0.6384283304 0.1657833159 0.7516150475 0.0694149733 0.9849499464 -0.1582881957 -0.7665446997 -0.0488823354 -0.6403278112
-552.6 -467.4 2590.2 -0.6368006468 -0.1609389335 0.7540448308 0.0594568066 0.9648105502 0.2561355829 -0.7687326074 0.2079404145 -0.6048230529
-353.5 -70.0 2691.3 -0.7953611612 0.0300359875 -0.6053911448 0.0512446724 0.9985277653 -0.0177839659 0.6039657593 -0.0451677479 -0.7957293987
-365.2 -461.1 2709.0 -0.8012835383 0.1289810538 -0.5842161775 0.0113310097 0.9795816541 0.2007272840 0.5981774926 0.1542197019 -0.7863841057
-160.4 -123.7 2380.1 0 0 0 0 0 0 0 0 0
-8.6 -11.2 2499.7 0 0 0 0 0 0 0 0 0
-500.2 -781.5 2522.5 0 0 0 0 0 0 0 0 0
-413.8 -829.8 2651.0 0 0 0 0 0 0 0 0 0
-402.9 506.5 2549.5 3 0.7308783531 0.0438398048 -0.6810982823 0.0661023706 0.9886964560 0.1345724314 0.6792991161 -0.1433783025 0.7197189331
-411.7 308.1 2578.3 0.7308783531 0.0438398048 -0.6810982823 0.0661023706 0.9886964560 0.1345724314 0.6792991161 -0.1433783025 0.7197189331
-419.5 114.4 2605.7 0.7309114933 0.0395598486 -0.6813247800 0.0668879077 0.9893599153 0.1292013377 0.6791865826 -0.1400071234 0.7204884291
-515.8 298.6 2481.5 -0.4224268794 0.1670393348 -0.8908722401 0.8630763888 0.3743538260 -0.3390551507 0.2768658996 -0.9121168256 -0.3023048341
-392.3 46.2 2400.6 -0.8045414686 0.1866839528 -0.5637925863 0.5899782777 0.3600955904 -0.7226733565 0.0681077093 -0.9140461087 -0.3998512924
-307.5 317.7 2675.1 0.8518520594 0.2868097723 0.4382787347 -0.5155355930 0.6070080996 0.6047844291 -0.0925806612 -0.7411351204 0.6649417281
-86.8 184.1 2651.1 0.2982481420 0.2868097723 0.9103780389 -0.7917675972 0.6070080996 0.0681555942 -0.5330591798 -0.7411351204 0.4081257284
-489.9 -85.9 2570.5 -0.6316757798 0.1630584747 0.7578902245 0.0597061813 0.9849583507 -0.1621486247 -0.7729300261 -0.0571746342 -0.6319099665
-553.8 -471.7 2592.9 -0.6329962015 -0.1650069207 0.7563652992 0.0672885776 0.9615960121 0.2660928667 -0.7712250352 0.2193305194 -0.5975835323
-356.7 -73.9 2691.9 -0.8016026616 0.0226952750 -0.5974262953 0.0413548239 0.9989905953 -0.0175381843 0.5964251757 -0.0387651138 -0.8017320633
-365.6 -465.2 2707.1 -0.8053476810 0.1303448975 -0.5782951713 0.0153437117 0.9797837138 0.1994704306 0.5926041603 0.1517698616 -0.7910665274
-160.6 -123.7 2381.0 0 0 0 0 0 0 0 0 0
-9.9 -20.0 2513.7 0 0 0 0 0 0 0 0 0
-500.6 -781.9 2522.1 0 0 0 0 0 0 0 0 0
-414.7 -834.1 2650.0 0 0 0 0 0 0 0 0 0
-400.4 506.8 2547.4 4 0.7234872580 0.0484269708 -0.6886370778 0.0683397576 0.9876123071 0.1412500292 0.6869468093 -0.1492538899 0.7112154365
-410.1 308.3 2577.4 0.7234872580 0.0484269708 -0.6886370778 0.0683397576 0.9876123071 0.1412500292 0.6869468093 -0.1492538899 0.7112154365
-418.3 114.7 2605.8 0.7235779762 0.0414493270 -0.6889970303 0.0703344122 0.9885720015 0.1333359480 0.6866498590 -0.1449391544 0.7123935819
-513.2 298.2 2479.6 -0.4176816046 0.1763941348 -0.8913064599 0.8670586944 0.3705877364 -0.3329774439 0.2715719938 -0.9118935466 -0.3077317476
-391.5 45.6 2400.4 -0.8045229912 0.1860892773 -0.5640155077 0.5896837711 0.3635177910 -0.7211989164 0.0708222911 -0.9128119349 -0.4021922648
-307.0 318.3 2675.2 0.8410108685 0.2691176534 0.4693361819 -0.5300953984 0.5833351016 0.6154015064 -0.1081648469 -0.7663522959 0.6332491636
-89.1 180.9 2647.2 0.2904901206 0.2691176534 0.9182544351 -0.8078145981 0.5833351016 0.0845913589 -0.5128849745 -0.7663522959 0.3868502676
-493.3 -85.4 2571.7 -0.6241001487 0.1556573063 0.7656825781 0.0507169552 0.9859591126 -0.1590989232 -0.7796966434 -0.0604605675 -0.6232316494
-554.3 -471.6 2595.4 -0.6282686591 -0.1666013002 0.7599490285 0.0737125650 0.9596613646 0.2713236511 -0.7744965553 0.2264819294 -0.5906445384
-361.2 -73.3 2694.5 -0.8082571626 0.0109592294 -0.5887276530 0.0279393028 0.9994144440 -0.0197533239 0.5881664753 -0.0324144065 -0.8080900311
-365.5 -464.8 2707.2 -0.8100526333 0.1303307712 -0.5716892481 0.0149826687 0.9792670608 0.2020186335 0.5861657262 0.1550802886 -0.7952105999
-160.5 -123.7 2380.1 0 0 0 0 0 0 0 0 0
-13.6 -29.0 2513.9 0 0 0 0 0 0 0 0 0
-500.4 -781.7 2522.2 0 0 0 0 0 0 0 0 0
-414.6 -833.5 2648.8 0 0 0 0 0 0 0 0 0
-399.5 508.6 2546.8 5 0.7308406234 0.0438329503 -0.6811392903 0.0717934892 0.9874632359 0.1405777484 0.6787618995 -0.1516412944 0.7185312510
-408.3 309.5 2577.4 0.7308406234 0.0438329503 -0.6811392903 0.0717934892 0.9874632359 0.1405777484 0.6787618995 -0.1516412944 0.7185312510
-415.2 115.9 2606.2 0.7309598923 0.0353002846 -0.6815068126 0.0747717842 0.9885056019 0.1313995570 0.6783117652 -0.1470052898 0.7199184895
-512.5 298.9 2480.8 -0.4165360034 0.2082580030 -0.8849442601 0.8662552238 0.3862891495 -0.3168320358 0.2758615613 -0.8985595703 -0.3413079381
-390.5 45.3 2400.0 -0.8040338159 0.2082580030 -0.5569185019 0.5907279253 0.3862891495 -0.7083933949 0.0676029921 -0.8985595703 -0.4336133599
-304.1 320.2 2674.1 0.8125900030 0.2317919135 0.5347616673 -0.5673822165 0.5244762301 0.6348244548 -0.1333225816 -0.8192662597 0.5576987267
-90.3 170.9 2639.0 0.3017887175 0.2317919135 0.9247680902 -0.8394194841 0.5244762301 0.1424767822 -0.4519939125 -0.8192662597 0.3528516591
-491.8 -85.3 2572.1 -0.6315469146 0.1668893546 0.7571634054 0.0561707541 0.9838417768 -0.1700006127 -0.7733002901 -0.0648329183 -0.6307165027
-557.2 -470.7 2597.5 -0.6340213418 -0.1752357036 0.7531994581 0.0693644360 0.9571741819 0.2810804248 -0.7701983452 0.2304562330 -0.5947136879
-361.0 -72.6 2696.2 -0.8016837835 0.0111455917 -0.5976444483 0.0248926338 0.9995813370 -0.0147497319 0.5972298384 -0.0267015658 -0.8016255498
-365.4 -464.1 2706.7 -0.8006891608 0.1338714212 -0.5839309096 0.0323665068 0.9829558134 0.1809703410 0.5982050300 0.1260011941 -0.7913750410
-160.4 -123.8 2380.7 0 0 0 0 0 0 0 0 0
-12.1 -46.6 2521.9 0 0 0 0 0 0 0 0 0
-500.3 -781.6 2522.6 0 0 0 0 0 0 0 0 0
-415.8 -834.1 2659.2 0 0 0 0 0 0 0 0 0
-398.5 511.8 2547.1 6 0.7190005779 0.0360833816 -0.6940721869 0.0818277448 0.9873107076 0.1360949278 0.6901756525 -0.1546466947 0.7069243193
-405.8 312.1 2578.3 0.7190005779 0.0360833816 -0.6940721869 0.0818277448 0.9873107076 0.1360949278 0.6901756525 -0.1546466947 0.7069243193
-412.2 118.6 2607.7 0.7189639807 0.0328725092 -0.6942695379 0.0807800367 0.9881597757 0.1304410249 0.6903371811 -0.1498655081 0.7077958584
-508.2 300.6 2480.0 -0.3997842371 0.1874186695 -0.8972440362 0.8767216802 0.3638082743 -0.3146468699 0.2674540877 -0.9124241471 -0.3097588122
-391.7 45.2 2402.0 -0.8052592874 0.1874186695 -0.5625226498 0.5888491869 0.3638082743 -0.7217341065 0.0693839416 -0.9124241471 -0.4033213258
-303.3 323.7 2676.7 0.7849540114 0.1643855423 0.5973479748 -0.5929480195 0.4788386524 0.6473995447 -0.1796101630 -0.8623751998 0.4733383954
-90.2 162.7 2627.9 0.2946259081 0.1643855423 0.9413676262 -0.8581939340 0.4788386524 0.1849776804 -0.4203555286 -0.8623751998 0.2821529508
-488.2 -84.4 2573.7 -0.6157993078 0.1739862114 0.7684530020 0.0667200908 0.9833260179 -0.1691697240 -0.7850730419 -0.0529033430 -0.6171398759
-556.4 -469.6 2594.4 -0.6162883639 -0.1751880646 0.7677875757 0.0693847016 0.9590725899 0.2745278180 -0.7844580412 0.2224610150 -0.5789099336
-356.1 -70.9 2696.3 -0.8116658330 0.0228544641 -0.5836747885 0.0331015326 0.9994282126 -0.0068976553 0.5831833482 -0.0249191206 -0.8119582534
-365.0 -462.4 2706.0 -0.8119625449 0.1332051754 -0.5683072805 0.0309287310 0.9820635319 0.1859961748 0.5828895569 0.1334449053 -0.8015187383
-160.5 -123.9 2382.1 0 0 0 0 0 0 0 0 0
-14.2 -58.9 2519.4 0 0 0 0 0 0 0 0 0
-499.3 -781.9 2521.9 0 0 0 0 0 0 0 0 0
-415.2 -832.2 2655.8 0 0 0 0 0 0 0 0 0
-397.1 513.1 2538.2 7 0.7118666768 0.0416199081 -0.7010803223 0.0993150100 0.9822455645 0.1591544002 0.6952570677 -0.1829245090 0.6950944066
-405.5 313.7 2575.3 0.7118666768 0.0416199081 -0.7010803223 0.0993150100 0.9822455645 0.1591544002 0.6952570677 -0.1829245090 0.6950944066
-412.9 121.1 2609.6 0.7117718458 0.0375187397 -0.7014079690 0.0969601348 0.9837648273 0.1510149837 0.6956863999 -0.1754968166 0.6965782642
-506.9 299.9 2476.2 -0.3962364197 0.1742399037 -0.9014638662 0.8825574517 0.3429965377 -0.3216298521 0.2531582415 -0.9230351448 -0.2896844447
-392.5 45.0 2403.1 -0.8063755035 0.1742399037 -0.5651539564 0.5876909494 0.3429965377 -0.7327842116 0.0661655888 -0.9230351448 -0.3789832294
-304.1 327.6 2674.4 0.7537720203 0.1089485213 0.6480416656 -0.6245798469 0.4253313541 0.6549757719 -0.2042738050 -0.8984561563 0.3886499405
-92.6 152.3 2617.1 0.3233353496 0.1089485213 0.9399917722 -0.8698493838 0.4253313541 0.2499105185 -0.3725805879 -0.8984561563 0.2322934717
-483.6 -82.2 2574.6 -0.6021029949 0.1852121502 0.7766391635 0.0749735832 0.9815395474 -0.1759520173 -0.7948905230 -0.0477138199 -0.6048738956
-556.2 -466.7 2593.3 -0.6008761525 -0.1749880612 0.7799532413 0.0681547672 0.9609750509 0.2681080401 -0.7964313030 0.2142572701 -0.5655007362
-353.7 -67.6 2699.4 -0.8180613518 0.0307899639 -0.5743061900 0.0402432233 0.9991828799 -0.0037551755 0.5737212896 -0.0261838958 -0.8186319470
-365.7 -459.0 2709.7 -0.8202474117 0.1247167513 -0.5582471490 0.0239164587 0.9825655818 0.1843716949 0.5715087056 0.1378791183 -0.8089296818
-160.7 -123.9 2384.0 0 0 0 0 0 0 0 0 0
-10.4 -68.7 2522.4 0 0 0 0 0 0 0 0 0
-498.9 -781.1 2523.2 0 0 0 0 0 0 0 0 0
-412.7 -829.0 2657.8 0 0 0 0 0 0 0 0 0
-399.8 508.3 2543.7 8 0.6970367432 0.0338101536 -0.7162378430 0.0954560339 0.9856212735 0.1394234747 0.7106531858 -0.1655525118 0.6837868690
-406.6 309.7 2577.1 0.6970367432 0.0338101536 -0.7162378430 0.0954560339 0.9856212735 0.1394234747 0.7106531858 -0.1655525118 0.6837868690
-412.8 116.5 2608.6 0.6969805956 0.0313700810 -0.7164034843 0.0937580243 0.9864799976 0.1344123632 0.7109342217 -0.1608513892 0.6846162081
-505.9 296.3 2475.8 -0.4015680552 0.1765683293 -0.8986471891 0.8786113262 0.3511601388 -0.3236180842 0.2584283650 -0.9195162654 -0.2961496115
-390.8 44.4 2401.7 -0.8054028749 0.1765683293 -0.5658178329 0.5885660648 0.3511601388 -0.7282009125 0.0701154545 -0.9195162654 -0.3867475092
-307.3 323.0 2678.4 0.7444241047 0.0947016180 0.6609570980 -0.6210215092 0.4618416429 0.6332729459 -0.2452855408 -0.8818922043 0.4026178122
-91.9 143.3 2607.4 0.3558510542 0.1225830317 0.9264682531 -0.8737084866 0.3954703212 0.2832608223 -0.3316677213 -0.9102618694 0.2478303760
-484.6 -80.3 2581.1 -0.5878506303 0.1780792773 0.7891257405 0.0762411281 0.9833242297 -0.1651083827 -0.8053687811 -0.0368952379 -0.5916247368
-554.3 -465.4 2595.6 -0.5884292126 -0.1695246994 0.7905772924 0.0795019194 0.9609041810 0.2652217150 -0.8046306372 0.2189166099 -0.5519465804
-355.9 -62.7 2706.9 -0.8296165466 0.0250995606 -0.5577691793 0.0207724050 0.9996849298 0.0140892025 0.5579470992 0.0001024277 -0.8298765421
-365.8 -454.2 2706.8 -0.8272634745 0.1260549128 -0.5474900007 0.0404640175 0.9853415489 0.1657249182 0.5603550673 0.1149445325 -0.8202377558
-160.6 -123.8 2381.7 0 0 0 0 0 0 0 0 0
-1.3 -79.3 2522.9 0 0 0 0 0 0 0 0 0
-498.8 -780.0 2523.9 0 0 0 0 0 0 0 0 0
-413.2 -825.2 2663.5 0 0 0 0 0 0 0 0 0
-398.0 513.6 2545.0 9 0.7021502852 0.0415772572 -0.7108138204 0.0863399133 0.9859555364 0.1429585516 0.7067746520 -0.1617500037 0.6886991858
-406.5 313.7 2577.8 0.7021502852 0.0415772572 -0.7108138204 0.0863399133 0.9859555364 0.1429585516 0.7067746520 -0.1617500037 0.6886991858
-413.5 120.4 2608.4 0.7021496892 0.0357552432 -0.7111310363 0.0863250270 0.9870964289 0.1348653883 0.7067770362 -0.1560841054 0.6900028586
-506.5 301.4 2477.1 -0.4049170017 0.1801977605 -0.8964211941 0.8813898563 0.3377923071 -0.3302245736 0.2432984561 -0.9238101244 -0.2956023216
-389.3 46.3 2406.7 -0.7994869947 0.1686924100 -0.5765097141 0.5956680179 0.3464135528 -0.7246911526 0.0774608776 -0.9227895141 -0.3774378002
-306.4 326.0 2678.5 0.7250521183 0.0927694589 0.6824172139 -0.6376951933 0.4646424353 0.6143714190 -0.2600850761 -0.8806254864 0.3960486352
-91.5 137.0 2601.4 0.3834956288 0.1407286376 0.9127576351 -0.8786830902 0.3598784804 0.3136932850 -0.2843362093 -0.9223247170 0.2616676986
-481.9 -85.1 2575.9 -0.5950049758 0.1844918430 0.7822607160 0.0712755397 0.9815751314 -0.1772852689 -0.8005553484 -0.0497295670 -0.5971918702
-554.1 -469.6 2595.3 -0.5964865685 -0.1704016924 0.7843258381 0.0795008466 0.9598540664 0.2689978182 -0.7986760139 0.2228081673 -0.5589929819
-355.9 -68.2 2704.3 -0.8254168630 0.0290915631 -0.5637736320 0.0353354216 0.9993755221 -0.0001650643 0.5634167790 -0.0200574268 -0.8259293437
-367.3 -459.5 2712.2 -0.8283277154 0.1143937260 -0.5484407544 0.0122972000 0.9824087620 0.1863378733 0.5601089001 0.1476045400 -0.8151631355
-160.7 -124.0 2384.5 0 0 0 0 0 0 0 0 0
6.6 -87.8 2528.7 0 0 0 0 0 0 0 0 0
-499.2 -779.2 2523.5 0 0 0 0 0 0 0 0 0
-410.3 -829.3 2656.6 0 0 0 0 0 0 0 0 0
-396.9 514.7 2537.6 0 0.6982254386 0.0499490723 -0.7141332626 0.0955718383 0.9821292162 0.1621365845 0.7094697356 -0.1814589202 0.6809738874
-407.1 314.9 2574.5 0.6982254386 0.0499490723 -0.7141332626 0.0955718383 0.9821292162 0.1621365845 0.7094697356 -0.1814589202 0.6809738874
-415.7 122.3 2608.4 0.6981392503 0.0437417813 -0.7146245241 0.0937637761 0.9839495420 0.1518278122 0.7097956538 -0.1730028540 0.6828324199
-506.6 301.6 2473.4 -0.3992669284 0.1537761092 -0.9038466811 0.8857306242 0.3193002343 -0.3369401097 0.2367851138 -0.9350937009 -0.2636902332
-391.6 46.5 2405.2 -0.8021047711 0.1537761092 -0.5770449042 0.5929976702 0.3193002343 -0.7391895056 0.0705808774 -0.9350937009 -0.3473011255
-307.6 328.3 2675.7 0.7276679873 0.0821911022 0.6809874773 -0.6321175694 0.4658170342 0.6192268133 -0.2663206458 -0.8810556531 0.3909145892
-92.6 141.6 2597.0 0.3699500263 0.1513080448 0.9166476130 -0.8985511065 0.3090094626 0.3116392791 -0.2360992581 -0.9389457107 0.2502760887
-483.9 -80.7 2575.1 -0.5869302750 0.1835197359 0.7885641456 0.0736930594 0.9820381403 -0.1736963242 -0.8062767386 -0.0438359305 -0.5899119973
-555.8 -465.3 2592.2 -0.5860915780 -0.1713614911 0.7919166088 0.0689390972 0.9632886052 0.2594656944 -0.8073067069 0.2066646665 -0.5527617931
-357.0 -65.1 2702.8 -0.8294852376 0.0209492147 -0.5581355691 0.0265068430 0.9996469021 -0.0018726964 0.5578992367 -0.0163477864 -0.8297476768
-365.2 -456.6 2709.2 -0.8292412758 0.1270670593 -0.5442544222 0.0284046810 0.9821351171 0.1860208958 0.5581684709 0.1387968361 -0.8180363178
-161.0 -124.0 2384.9 0 0 0 0 0 0 0 0 0
2.5 -89.6 2536.3 0 0 0 0 0 0 0 0 0
-500.1 -778.2 2525.1 0 0 0 0 0 0 0 0 0
-413.0 -826.3 2657.0 0 0 0 0 0 0 0 0 0
-395.8 513.3 2533.0 1 0.6972065568 0.0587728284 -0.7144569755 0.0985663906 0.9793086052 0.1767466366 0.7100617290 -0.1936503649 0.6769873500
-407.8 313.6 2572.5 0.6972065568 0.0587728284 -0.7144569755 0.0985663906 0.9793086052 0.1767466366 0.7100617290 -0.1936503649 0.6769873500
-417.7 121.4 2608.6 0.6971499324 0.0506626852 -0.7151330709 0.0975514725 0.9815191031 0.1646328419 0.7102574706 -0.1845360547 0.6793237329
-507.2 299.6 2471.2 -0.4058386087 0.1536162049 -0.9009423256 0.8838415146 0.3168852925 -0.3441044986 0.2326353490 -0.9359411001 -0.2643766701
-390.3 45.2 2404.3 -0.8027662635 0.1450140178 -0.5783919692 0.5909332037 0.3232422769 -0.7391294837 0.0797766000 -0.9351392388 -0.3451815844
-308.4 327.5 2673.7 0.7328926325 0.0720228180 0.6765213609 -0.6238095164 0.4680067897 0.6259643435 -0.2715328634 -0.8807851076 0.3879272342
-92.6 143.8 2593.7 0.3212088346 0.1250442415 0.9387165904 -0.9065833092 0.3271251321 0.2666379511 -0.2737362683 -0.9366712570 0.2184385210
-487.3 -78.9 2578.1 -0.5833402276 0.1745001674 0.7932615280 0.0748778507 0.9840435386 -0.1614051610 -0.8087691069 -0.0347563997 -0.5870983601
-555.7 -464.3 2591.8 -0.5821613669 -0.1714291573 0.7947956920 0.0681724846 0.9637868404 0.2578128576 -0.8102102876 0.2042718679 -0.5493927002
-361.1 -61.9 2706.4 -0.8310136199 0.0117787728 -0.5561273694 0.0146940621 0.9998917580 -0.0007794400 0.5560579896 -0.0088194953 -0.8310967088
-365.7 -453.5 2709.9 -0.8306453824 0.1167727858 -0.5444192886 0.0178288780 0.9828380346 0.1836071312 0.5565162897 0.1428060234 -0.8184717894
-160.8 -123.8 2381.5 0 0 0 0 0 0 0 0 0
-9.1 -92.1 2522.5 0 0 0 0 0 0 0 0 0
-500.0 -777.6 2525.4 0 0 0 0 0 0 0 0 0
-409.7 -823.6 2656.1 0 0 0 0 0 0 0 0 0
-394.7 512.7 2530.6 2 0.6987875700 0.0645920113 -0.7124070525 0.0997249782 0.9773927331 0.1864360124 0.7083437443 -0.2013239413 0.6765484214
-407.9 313.1 2571.7 0.6987875700 0.0645920113 -0.7124070525 0.0997249782 0.9773927331 0.1864360124 0.7083437443 -0.2013239413 0.6765484214
-418.8 121.2 2609.3 0.6987424493 0.0558336675 -0.7131911516 0.0989921242 0.9798118472 0.1736932546 0.7084910274 -0.1919671595 0.6791090369
-507.5 299.0 2470.8 -0.4166667461 0.1563751251 -0.8955085874 0.8829996586 0.3037974834 -0.3577969372 0.2161027193 -0.9398158789 -0.2646614909
-387.9 45.6 2408.7 -0.7967818379 0.1137224212 -0.5934693813 0.5929730535 0.3361480534 -0.7317017317 0.1162826940 -0.9349180460 -0.3352709711
-308.3 327.2 2672.7 0.7377490997 -0.1457113177 0.6591619253 -0.6186111569 0.2449997067 0.7465221882 -0.2702712119 -0.9585109949 0.0906096697
-93.2 146.8 2593.9 0.2935415804 -0.1457113177 0.9447759390 -0.9145157337 0.2449997067 0.3219256699 -0.2783780396 -0.9585109949 -0.0613376983
-490.7 -79.7 2580.5 -0.5840651989 0.1565355211 0.7964699864 0.0724085569 0.9873645306 -0.1409548372 -0.8084706664 -0.0246555731 -0.5880197883
-552.0 -466.3 2590.2 -0.5836748481 -0.1627275795 0.7955145240 0.0700815767 0.9659612775 0.2490129173 -0.8089575171 0.2010934949 -0.5524030924
-364.6 -62.0 2708.9 -0.8303156495 0.0024064807 -0.5572881699 0.0002372125 0.9999921322 0.0039647357 0.5572933555 0.0031597866 -0.8303096890
-365.6 -453.7 2707.7 -0.8268428445 0.1245087162 -0.5484783053 0.0308523644 0.9837611914 0.1768106222 0.5615861416 0.1292727590 -0.8172573447
-160.6 -123.5 2375.6 0 0 0 0 0 0 0 0 0
-15.9 -94.0 2520.6 0 0 0 0 0 0 0 0 0
-499.5 -777.9 2525.3 0 0 0 0 0 0 0 0 0
-412.5 -824.1 2659.0 0 0 0 0 0 0 0 0 0
-393.5 512.9 2529.4 3 0.6969488263 0.0615095608 -0.7144780755 0.1063367650 0.9764361978 0.1877894551 0.7091930509 -0.2068549246 0.6739853621
-406.0 314.4 2571.5 0.6969488263 0.0615095608 -0.7144780755 0.1063367650 0.9764361978 0.1877894551 0.7091930509 -0.2068549246 0.6739853621
-416.8 122.7 2610.2 0.6968248487 0.0546963327 -0.7151527405 0.1042502746 0.9787756205 0.1764373034 0.7096245885 -0.1975007653 0.6763330698
-505.4 299.6 2470.4 -0.4102953076 0.1564413160 -0.8984341025 0.8858565688 0.3023623824 -0.3519020677 0.2166006714 -0.9402675629 -0.2626424432
-386.7 43.5 2407.8 -0.7991380692 0.1109563559 -0.5908189416 0.5895717144 0.3366031647 -0.7342366576 0.1174033061 -0.9350866079 -0.3344091177
-306.7 329.3 2672.6 0.7675116062 0.0685628206 0.6373578906 -0.5976491570 0.4360966682 0.6727816463 -0.2318218350 -0.8972841501 0.3756857812
-96.7 165.7 2609.2 0.2372049838 0.0685628206 0.9690371156 -0.8807342649 0.4360966682 0.1847344488 -0.4099279344 -0.8972841501 0.1638299376
-492.9 -79.6 2582.9 -0.5812295079 0.1591520607 0.7980243564 0.0727508590 0.9869235158 -0.1438376755 -0.8104810715 -0.0255457480 -0.5852075219
-555.2 -466.2 2592.9 -0.5814128518 -0.1724865735 0.7951147556 0.0737715662 0.9620674253 0.2626481652 -0.8102573156 0.2113638818 -0.5466337204
-366.6 -61.7 2710.9 -0.8316882253 -0.0033328142 -0.5552328825 0.0005264729 0.9999768138 -0.0067910212 0.5552426577 -0.0059403274 -0.8316671848
-365.3 -453.4 2713.3 -0.8300225735 0.1251965612 -0.5434964299 0.0141831655 0.9789027572 0.2038337439 0.5575494170 0.1614781022 -0.8142870665
-160.4 -123.5 2374.5 0 0 0 0 0 0 0 0 0
-34.8 -64.2 2502.2 0 0 0 0 0 0 0 0 0
-499.0 -779.8 2524.0 0 0 0 0 0 0 0 0 0
-412.4 -821.8 2652.5 0 0 0 0 0 0 0 0 0
-393.2 512.6 2529.4 4 0.6759366989 0.0557515882 -0.7348478436 0.1178306416 0.9761306047 0.1824416816 0.7274789214 -0.2099066228 0.6532332301
-404.5 314.3 2572.0 0.6759366989 0.0557515882 -0.7348478436 0.1178306416 0.9761306047 0.1824416816 0.7274789214 -0.2099066228 0.6532332301
-414.3 122.7 2611.5 0.6758083701 0.0500298627 -0.7353774905 0.1154600456 0.9781915545 0.1726564318 0.7279780507 -0.2015893757 0.6552935839
-500.8 297.9 2468.3 -0.3928216398 0.0686721653 -0.9170470238 0.8931776881 0.2658792734 -0.3626869619 0.2189172953 -0.9615572691 -0.1657795757
-388.8 43.2 2405.9 -0.8027727008 0.0686721653 -0.5923175812 0.5869727731 0.2658792734 -0.7647033334 0.1049711406 -0.9615572691 -0.2537493110
-308.3 330.7 2675.7 0.7821238637 0.1877549440 0.5941635370 -0.5860034823 0.5458123088 0.5989063978 -0.2118541449 -0.8166008592 0.5369179249
-109.7 181.9 2621.9 0.2540303171 0.1877549440 0.9487974644 -0.8300836682 0.5458123088 0.1142366529 -0.4964168668 -0.8166008592 0.2945051789
-490.5 -78.4 2584.7 -0.5592398047 0.1718143821 0.8110059500 0.0625571683 0.9842441678 -0.1653783768 -0.8266422749 -0.0417519361 -0.5611767769
-557.8 -463.8 2601.1 -0.5656539202 -0.1770446002 0.8054134846 0.0954484269 0.9560610652 0.2771945596 -0.8191002607 0.2336716354 -0.5239010453
-364.5 -59.5 2713.0 -0.8467418551 0.0043868199 -0.5319858193 0.0051881550 0.9999865294 -0.0000117804 0.5319786072 -0.0027699999 -0.8467532396
-366.2 -451.2 2714.1 -0.8457171917 0.1239424720 -0.5190382600 0.0135103455 0.9773145318 0.2113617808 0.5334603190 0.1717399061 -0.8282061815
-160.5 -123.8 2376.0 0 0 0 0 0 0 0 0 0
-43.0 -35.7 2491.8 0 0 0 0 0 0 0 0 0
-499.2 -779.8 2523.8 0 0 0 0 0 0 0 0 0
-412.9 -819.2 2649.4 0 0 0 0 0 0 0 0 0
-393.3 510.1 2530.8 5 0.6617937088 0.0551141389 -0.7476573586 0.1254055500 0.9751034975 0.1828840375 0.7391228080 -0.2147918940 0.6384057403
-404.5 312.1 2574.4 0.6617937088 0.0551141389 -0.7476573586 0.1254055500 0.9751034975 0.1828840375 0.7391228080 -0.2147918940 0.6384057403
-414.7 120.8 2615.1 0.6616106629 0.0521212071 -0.7480338812 0.1220740825 0.9767861366 0.1760305166 0.7398440242 -0.2077792138 0.6398894787
-498.7 294.7 2469.0 -0.4039274454 0.0809004083 -0.9112067819 0.8885810971 0.2714258134 -0.3697995245 0.2174081206 -0.9590532780 -0.1815229058
-385.3 45.1 2408.0 -0.7940554023 0.0694061741 -0.6038698554 0.5964913368 0.2800951004 -0.7521600723 0.1169364452 -0.9574599266 -0.2638112009
-310.2 329.5 2679.8 0.7936570048 0.3022835851 0.5279518962 -0.5780324936 0.6452949643 0.4994725585 -0.1897023320 -0.7015832663 0.6868726015
-118.7 190.0 2634.0 0.2601222396 0.3022835851 0.9170392752 -0.7639231086 0.6452949643 0.0039816336 -0.5905572772 -0.7015832663 0.3987769783
-485.2 -79.3 2585.2 -0.5411871076 0.1808141917 0.8212324381 0.0683814064 0.9828373194 -0.1713324785 -0.8381172419 -0.0365659036 -0.5442632437
-556.0 -464.2 2599.5 -0.5473375320 -0.1728401482 0.8188698888 0.1007876620 0.9577082396 0.2695120573 -0.8308209777 0.2300460339 -0.5067694783
-363.1 -58.4 2716.8 -0.8567672372 0.0040849396 -0.5156871080 -0.0033738806 0.9999028444 0.0135259787 0.5156922340 0.0133284824 -0.8566702008
-364.7 -450.0 2711.6 -0.8527478576 0.1312247664 -0.5055701137 0.0304092560 0.9787576795 0.2027529031 0.5214368105 0.1575230956 -0.8386239409
-160.5 -123.8 2374.9 0 0 0 0 0 0 0 0 0
-50.9 -9.2 2480.1 0 0 0 0 0 0 0 0 0
-499.3 -778.4 2524.1 0 0 0 0 0 0 0 0 0
-414.1 -818.6 2652.2 0 0 0 0 0 0 0 0 0
-391.3 513.8 2531.5 6 0.6663165092 0.0587827936 -0.7433484197 0.1195811257 0.9755618572 0.1843349934 0.7360181212 -0.2117158920 0.6430036426
-403.2 315.6 2574.6 0.6663165092 0.0587827936 -0.7433484197 0.1195811257 0.9755618572 0.1843349934 0.7360181212 -0.2117158920 0.6430036426
-414.4 124.3 2615.0 0.6661739945 0.0567473024 -0.7436342835 0.1171726063 0.9767542481 0.1795042455 0.7365342975 -0.2067146301 0.6440390348
-498.2 298.9 2469.6 -0.3984116614 0.0796451569 -0.9137421846 0.8915929198 0.2674173713 -0.3654449880 0.2152446061 -0.9602835774 -0.1775532514
-385.7 47.3 2408.9 -0.7904095650 0.0706084669 -0.6084958315 0.6018838882 0.2743201256 -0.7499895096 0.1139670312 -0.9590427279 -0.2593233585
-308.3 332.3 2679.5 0.7906385660 0.3619273305 0.4938615859 -0.5848647356 0.6850956082 0.4342548549 -0.1811737120 -0.6321808696 0.7533415556
-122.8 195.0 2637.0 0.2739787102 0.3619273305 0.8910354972 -0.7263793945 0.6850956082 -0.0549274869 -0.6303242445 -0.6321808696 0.4505981505
-484.7 -81.6 2589.0 -0.5434472561 0.1736772805 0.8212803006 0.0820345059 0.9846678972 -0.1539462507 -0.8354253173 -0.0162883475 -0.5493625998
-552.7 -467.1 2595.4 -0.5457765460 -0.1644941121 0.8216261864 0.0953599662 0.9619783759 0.2559375763 -0.8324868679 0.2180349827 -0.5093390942
-365.2 -59.5 2722.7 -0.8541479707 -0.0038841325 -0.5200155377 -0.0266919918 0.9989814758 0.0363810956 0.5193445683 0.0449550897 -0.8533816338
-363.6 -450.6 2705.1 -0.8444364071 0.1410760731 -0.5167443752 0.0693726018 0.9853731394 0.1556510925 0.5311446786 0.0955895409 -0.8418717384
-161.1 -123.8 2376.5 0 0 0 0 0 0 0 0 0
-52.0 7.4 2474.2 0 0 0 0 0 0 0 0 0
-499.7 -777.1 2525.1 0 0 0 0 0 0 0 0 0
-416.7 -820.9 2669.2 0 0 0 0 0 0 0 0 0
-391.2 511.6 2539.4 7 0.6698705554 0.0620479397 -0.7398806810 0.1126684472 0.9764671326 0.1838959306 0.7338795662 -0.2065476775 0.6471157670
-403.7 314.1 2581.2 0.6698705554 0.0620479397 -0.7398806810 0.1126684472 0.9764671326 0.1838959306 0.7338795662 -0.2065476775 0.6471157670
-415.5 122.7 2621.0 0.6697865725 0.0602547564 -0.7401049733 0.1113260835 0.9772888422 0.1803136319 0.7341610789 -0.2031646371 0.6478670239
-499.2 298.3 2476.6 -0.4025762677 0.0647283345 -0.9130950570 0.8811393976 0.2976950407 -0.3673840165 0.2480437011 -0.9524641037 -0.1768796444
-385.2 48.9 2406.3 -0.7875403166 0.0828474388 -0.6106688976 0.6060420275 0.2838434875 -0.7430652380 0.1117733419 -0.9552848935 -0.2737472355
-308.3 330.0 2685.8 0.7935013771 0.3460155129 0.5006284118 -0.5678744316 0.7167600989 0.4046894908 -0.2188016176 -0.6054157615 0.7652434707
-123.1 197.5 2634.7 0.3235441744 0.3460155129 0.8806772828 -0.6968496442 0.7167600989 -0.0256035514 -0.6400935054 -0.6054157615 0.4730243385
-485.7 -77.6 2589.0 -0.5471596122 0.1788970828 0.8176870942 0.0845487341 0.9837090969 -0.1586438566 -0.8327471614 -0.0176691059 -0.5533714294
-555.8 -462.9 2595.9 -0.5479679704 -0.1704741269 0.8189442158 0.0890750885 0.9615556598 0.2597620785 -0.8317431808 0.2152888328 -0.5117167234
-365.3 -56.4 2722.1 -0.8520631194 -0.0004806622 -0.5234388709 -0.0079921987 0.9998949766 0.0120916627 0.5233780742 0.0144862868 -0.8519774675
-365.1 -447.8 2716.4 -0.8473399282 0.1312281936 -0.5145816207 0.0327825807 0.9800650477 0.1959537119 0.5300381184 0.1491700858 -0.8347501755
-161.1 -123.6 2374.5 0 0 0 0 0 0 0 0 0
-39.2 16.8 2468.8 0 0 0 0 0 0 0 0 0
-500.0 -777.5 2525.5 0 0 0 0 0 0 0 0 0
-414.4 -816.0 2660.4 0 0 0 0 0 0 0 0 0
-391.4 508.0 2534.3 8 0.6392643452 0.0545702018 -0.7670483589 0.1205928549 0.9780231118 0.1700826734 0.7594724894 -0.2012283355 0.6186345220
-402.5 309.2 2575.3 0.6392643452 0.0545702018 -0.7670483589 0.1205928549 0.9780231118 0.1700826734 0.7594724894 -0.2012283355 0.6186345220
-412.2 117.3 2613.4 0.6391516924 0.0498273857 -0.7674648762 0.1184802875 0.9796071649 0.1622720957 0.7598996758 -0.1946459413 0.6202139854
-493.5 292.3 2467.0 -0.4034640789 0.1089719534 -0.9084832668 0.8901117444 0.2767232060 -0.3621124029 0.2119383216 -0.9547509551 -0.2086450905
-383.1 48.8 2409.0 -0.7835221291 0.0788126588 -0.6163454056 0.6081956625 0.3004028499 -0.7347490788 0.1272443980 -0.9505507350 -0.2833057940
-311.5 326.0 2683.5 0.8058331609 0.2808893621 0.5212812424 -0.5451022983 0.6957491040 0.4677570760 -0.2312929481 -0.6610857248 0.7137711048
-123.7 198.9 2629.6 0.3756858408 0.2808893621 0.8831541538 -0.7135593891 0.6957491040 0.0822570175 -0.5913485885 -0.6610857248 0.4618143439
-487.9 -78.7 2594.4 -0.5148655772 0.1653739214 0.8411687613 0.0902123675 0.9862207174 -0.1386736482 -0.8525111079 0.0044855387 -0.5226898789
-552.6 -464.9 2592.7 -0.5158675909 -0.1633056104 0.8409588933 0.0960756093 0.9644404054 0.2462198883 -0.8512638211 0.2078125030 -0.4818338454
-366.8 -58.6 2727.1 -0.8710089922 -0.0110125104 -0.4911436439 -0.0324543938 0.9988546371 0.0351591036 0.4901939034 0.0465636626 -0.8703687191
-362.5 -449.5 2708.9 -0.8601666093 0.1486522853 -0.4878686965 0.0708682165 0.9821379781 0.1743063033 0.5050653815 0.1153580770 -0.8553370237
-160.9 -123.7 2373.0 0 0 0 0 0 0 0 0 0
-26.6 14.7 2476.9 0 0 0 0 0 0 0 0 0
-499.8 -777.2 2525.4 0 0 0 0 0 0 0 0 0
-418.4 -818.7 2665.5 0 0 0 0 0 0 0 0 0
-389.4 504.9 2539.3 9 0.6325007081 0.0494596250 -0.7729790211 0.1228885055 0.9789111018 0.1631915420 0.7647491693 -0.1982090026 0.6130839586
-399.4 307.3 2579.3 0.6325007081 0.0494596250 -0.7729790211 0.1228885055 0.9789111018 0.1631915420 0.7647491693 -0.1982090026 0.6130839586
-408.5 115.2 2616.7 0.6322913170 0.0468565188 -0.7733124495 0.1186282188 0.9805426002 0.1564081907 0.7655946016 -0.1906322241 0.6144300699
-489.4 290.4 2470.3 -0.3955385089 0.1115876958 -0.9116454720 0.8905134201 0.2895419896 -0.3509292006 0.2248002738 -0.9506385326 -0.2138953507
-381.9 48.3 2409.2 -0.7821756601 0.0781537220 -0.6181368828 0.6075186729 0.3158559203 -0.7288045883 0.1382834166 -0.9455829263 -0.2945346832
-309.3 324.1 2688.4 0.8051625490 0.2039716840 0.5568740964 -0.5311863422 0.6656051874 0.5242239833 -0.2637314498 -0.7178894877 0.6442673802
-119.9 199.2 2626.4 0.4173125327 0.2039716840 0.8855765462 -0.7224599123 0.6656051874 0.1871401668 -0.5512730479 -0.7178894877 0.4251267314
-479.7 -85.2 2582.9 -0.5102682710 0.1864704490 0.8395564556 0.0793671459 0.9822554588 -0.1699267179 -0.8563452363 -0.0200750176 -0.5160134435
-552.7 -469.7 2590.8 -0.5125461817 -0.1673240662 0.8421989679 0.0922416747 0.9644244313 0.2477437705 -0.8536907434 0.2046659589 -0.4788777828
-364.2 -63.8 2720.2 -0.8749948144 0.0062740445 -0.4840916097 -0.0124198459 0.9992960691 0.0354001746 0.4839729369 0.0369873121 -0.8743009567
-366.7 -455.0 2705.7 -0.8681905866 0.1280637383 -0.4794213474 0.0562403165 0.9852939844 0.1613468528 0.4930336475 0.1131170020 -0.8626253009
-160.6 -123.6 2370.0 0 0 0 0 0 0 0 0 0
-13.2 14.4 2485.4 0 0 0 0 0 0 0 0 0
-499.1 -778.4 2525.3 0 0 0 0 0 0 0 0 0
-414.9 -825.7 2663.2 0 0 0 0 0 0 0 0 0
-388.5 502.4 2542.8 0 0.6312347054 0.0492065549 -0.7740293145 0.1206912100 0.9795963168 0.1607006788 0.7661437988 -0.1948583871 0.6124163866
-398.4 305.1 2582.0 0.6312347054 0.0492065549 -0.7740293145 0.1206912100 0.9795963168 0.1607006788 0.7661437988 -0.1948583871 0.6124163866
-408.1 113.1 2619.6 0.6310977340 0.0495569296 -0.7741186619 0.1179731190 0.9802164435 0.1589279473 0.7666798234 -0.1916242689 0.6127660275
-488.3 288.3 2472.8 -0.3925810456 0.1116130799 -0.9129198790 0.8906122446 0.2938696742 -0.3470597863 0.2295430452 -0.9493066669 -0.2147716284
-382.7 48.6 2411.0 -0.7829135656 0.0853881538 -0.6162428260 0.6080665588 0.3144522905 -0.7289546132 0.1315348744 -0.9454250932 -0.2981106341
-308.5 321.9 2691.3 0.8043411970 0.1971895546 0.5604921579 -0.5276493430 0.6707501411 0.5212297440 -0.2731691301 -0.7149899006 0.6435589194
-115.9 195.5 2625.9 0.4493887424 0.2034325004 0.8698649406 -0.7185522914 0.6608625054 0.2166639864 -0.5307846069 -0.7224097848 0.4431610703
-474.8 -87.5 2584.9 -0.5035526156 0.2054117322 0.8391905427 0.1038809642 0.9786734581 -0.1772201657 -0.8576965928 -0.0020637556 -0.5141519904
-555.2 -470.6 2585.7 -0.4984755218 -0.1779988110 0.8484330177 0.0751581192 0.9661348462 0.2468495816 -0.8636396527 0.1868151128 -0.4682165086
-360.6 -66.1 2723.2 -0.8758526444 0.0240951590 -0.4819767177 -0.0037648974 0.9983811378 0.0567530468 0.4825639427 0.0515218973 -0.8743440509
-370.0 -457.0 2703.1 -0.8701013327 0.1189142987 -0.4783127308 0.0584435202 0.9885044694 0.1394391805 0.4893955886 0.0933719352 -0.8670488000
-160.7 -123.8 2373.7 0 0 0 0 0 0 0 0 0
-1.7 13.0 2491.1 0 0 0 0 0 0 0 0 0
-498.3 -779.4 2526.0 0 0 0 0 0 0 0 0 0
-414.7 -829.0 2667.9 0 0 0 0 0 0 0 0 0
-386.9 503.3 2543.0 1 0.6299047470 0.0548062064 -0.7747362256 0.1116722375 0.9807512164 0.1601759791 0.7686021924 -0.1874121428 0.6116595268
-398.0 305.8 2580.8 0.6299047470 0.0548062064 -0.7747362256 0.1116722375 0.9807512164 0.1601759791 0.7686021924 -0.1874121428 0.6116595268
-408.4 113.6 2617.0 0.6298405528 0.0535553135 -0.7748759389 0.1105096564 0.9812925458 0.1576470286 0.7688227892 -0.1849237680 0.6121394634
-487.7 290.1 2471.2 -0.3879114985 0.1164976284 -0.9143046141 0.8923337460 0.2958593667 -0.3408925235 0.2307924181 -0.9481010437 -0.2187220156
-383.0 49.3 2408.9 -0.7823869586 0.0894234329 -0.6163393259 0.6089733839 0.3171652257 -0.7270197272 0.1304687858 -0.9441449642 -0.3026024103
-308.2 321.6 2690.3 0.8016170263 0.2233205140 0.5545611978 -0.5430106521 0.6600363851 0.5191256404 -0.2500991523 -0.7172725797 0.6503617764
-115.3 190.9 2630.1 0.4857304394 0.2170325667 0.8467365503 -0.7055017948 0.6692522764 0.2331706882 -0.5160747766 -0.7106322646 0.4781930745
-474.8 -89.6 2587.8 -0.4980986118 0.2040727437 0.8427645564 0.1265837848 0.9786127210 -0.1621532142 -0.8578311801 0.0259120408 -0.5132779479
-554.7 -472.6 2577.7 -0.4861211479 -0.1801544726 0.8551202416 0.0550775677 0.9702584743 0.2357221395 -0.8721540570 0.1616874635 -0.4617407024
-360.8 -68.3 2726.4 -0.8770014048 0.0283733923 -0.4796493053 -0.0067943982 0.9974228144 0.0714250281 0.4804397225 0.0658987835 -0.8745484948
-371.9 -458.8 2700.6 -0.8714285493 0.1127903163 -0.4773788750 0.0592131466 0.9902764559 0.1258823276 0.4869353473 0.0814303532 -0.8696338534
-160.9 -123.7 2371.9 0 0 0 0 0 0 0 0 0
7.1 13.2 2500.2 0 0 0 0 0 0 0 0 0
-497.8 -779.4 2526.6 0 0 0 0 0 0 0 0 0
-414.3 -831.6 2670.0 0 0 0 0 0 0 0 0 0
-384.4 507.3 2537.2 2 0.6464463472 0.0667513534 -0.7600337863 0.1085381135 0.9779879451 0.1782106161 0.7551996708 -0.1976962388 0.6249716878
-397.9 309.8 2577.1 0.6464463472 0.0667513534 -0.7600337863 0.1085381135 0.9779879451 0.1782106161 0.7551996708 -0.1976962388 0.6249716878
-410.5 118.0 2615.0 0.6463317275 0.0644146502 -0.7603328228 0.1068280265 0.9789786339 0.1737487912 0.7555415630 -0.1935242116 0.6258636713
-490.0 294.6 2469.4 -0.3903445303 0.1015030518 -0.9150564075 0.8917500973 0.2888330519 -0.3483636081 0.2289385796 -0.9519835114 -0.2032597661
-382.7 49.5 2406.5 -0.7830900550 0.1015537977 -0.6135607958 0.6133964062 0.2887933254 -0.7350804806 0.1025420353 -0.9519901276 -0.2884438932
-305.8 325.0 2684.7 0.7912628055 0.2541936338 0.5561373830 -0.5729100108 0.6260731220 0.5289674401 -0.2137225121 -0.7371689677 0.6410184503
-109.0 182.4 2631.6 0.4922823906 0.2296408117 0.8395969868 -0.7108104229 0.6627923846 0.2354883254 -0.5024007559 -0.7127211094 0.4895121157
-475.9 -88.5 2583.7 -0.5127928853 0.2043865621 0.8338282704 0.1279566139 0.9785949588 -0.1611799747 -0.8489232063 0.0240419041 -0.5279691219
-555.9 -471.7 2574.3 -0.4977237582 -0.1862787008 0.8470957875 0.0384998620 0.9709567428 0.2361372113 -0.8664807081 0.1501441747 -0.4760965109
-362.0 -68.6 2722.7 -0.8681690693 0.0166912246 -0.4959877729 -0.0141301099 0.9981976748 0.0583249591 0.4960673451 0.0576442853 -0.8663684726
-368.5 -459.5 2700.1 -0.8611547351 0.1254990697 -0.4926078320 0.0605480075 0.9874705672 0.1457253098 0.5047240853 0.0956656188 -0.8579636812
-161.4 -123.8 2377.5 0 0 0 0 0 0 0 0 0
14.8 3.7 2505.2 0 0 0 0 0 0 0 0 0
-496.8 -779.5 2526.7 0 0 0 0 0 0 0 0 0
-415.8 -831.3 2664.1 0 0 0 0 0 0 0 0 0
-383.5 509.2 2533.7 3 0.6590257287 0.0735239312 -0.7485180497 0.1071309969 0.9758865237 0.1901799142 0.7444514632 -0.2055229396 0.6352576613
-398.4 311.5 2575.3 0.6590257287 0.0735239312 -0.7485180497 0.1071309969 0.9758865237 0.1901799142 0.7444514632 -0.2055229396 0.6352576613
-412.4 120.2 2614.8 0.6588868499 0.0717357844 -0.7488138080 0.1052636281 0.9768559337 0.1862042993 0.7448407412 -0.2015104145 0.6360863447
-492.3 296.6 2469.2 -0.3949430585 0.0867139101 -0.9146041274 0.8886569738 0.2885895371 -0.3563773632 0.2330422997 -0.9535180926 -0.1910353452
-382.7 49.9 2404.5 -0.7831572890 0.1089408845 -0.6122062802 0.6159195304 0.2712521851 -0.7396386862 0.0854854062 -0.9563232660 -0.2795319557
-304.5 326.5 2681.5 0.7888885736 0.2816964984 0.5461701751 -0.5903940201 0.5940734744 0.5463621616 -0.1705569178 -0.7534744740 0.6349697113
-105.1 177.3 2638.4 0.5003881454 0.2473320961 0.8297219872 -0.7232617736 0.6461976767 0.2435589135 -0.4759244919 -0.7219801545 0.5022355318
-481.5 -83.3 2584.6 -0.5269798636 0.1861489266 0.8292410970 0.1144889295 0.9823732376 -0.1477668732 -0.8421309590 0.0170687623 -0.5390028954
-554.4 -468.0 2578.0 -0.5157732964 -0.1786540300 0.8378905654 0.0468886420 0.9706633091 0.2358265221 -0.8554410338 0.1609205753 -0.4922654033
-364.7 -64.0 2721.2 -0.8607196808 0.0192468446 -0.5087152719 -0.0069349753 0.9987490177 0.0495205075 0.5090320110 0.0461512022 -0.8595094681
-372.2 -455.2 2703.1 -0.8572253585 0.1045272127 -0.5042209029 0.0326101072 0.9882351756 0.1494250894 0.5139078498 0.1116482764 -0.8505488634
-161.7 -123.9 2380.4 0 0 0 0 0 0 0 0 0
19.8 -3.3 2519.6 0 0 0 0 0 0 0 0 0
-497.1 -779.0 2526.4 0 0 0 0 0 0 0 0 0
-411.6 -827.2 2661.1 0 0 0 0 0 0 0 0 0
-380.0 513.3 2531.0 4 0.6713629365 0.0863532573 -0.7360807657 0.1033371836 0.9725800157 0.2083496898 0.7338891029 -0.2159427702 0.6440306306
-397.6 315.4 2574.9 0.6713629365 0.0863532573 -0.7360807657 0.1033371836 0.9725800157 0.2083496898 0.7338891029 -0.2159427702 0.6440306306
-414.1 124.7 2616.5 0.6712093949 0.0843515173 -0.7364528179 0.1015869901 0.9736631513 0.2041082680 0.7342737913 -0.2118134201 0.6449628472
-493.2 300.9 2470.3 -0.3917059004 0.0705463141 -0.9173820019 0.8869001269 0.2943328917 -0.3560566008 0.2448972017 -0.9530956745 -0.1778594553
-382.6 50.5 2401.2 -0.7826498747 0.1039099321 -0.6137278676 0.6162423491 0.2683795989 -0.7404172421 0.0877753273 -0.9576926231 -0.2740809619
-302.0 329.8 2679.6 0.7784932256 0.3252560496 0.5368024111 -0.6179477572 0.5470041633 0.5647361875 -0.1099492982 -0.7713591456 0.6268303394
