158.9 472.9 2602.6 1 0.5814303160 0.3181911409 -0.7487944961 -0.0705514476 0.9366031289 0.3432157636 0.8105314970 -0.1467275172 0.5670183301
95.7 286.8 2631.7 0.5814303160 0.3181911409 -0.7487944961 -0.0705514476 0.9366031289 0.3432157636 0.8105314970 -0.1467275172 0.5670183301
36.0 99.7 2662.3 0.5865918994 0.3002059460 -0.7521877289 -0.0548766814 0.9413600564 0.3329111338 0.8080213666 -0.1540054083 0.5686684847
13.2 294.5 2518.2 -0.3676784337 0.3333965242 -0.8681355715 0.9161431193 0.2901417017 -0.2765856385 0.1596696228 -0.8970309496 -0.4121177793
107.8 58.7 2477.1 -0.8910276890 0.3333965242 -0.3080850542 0.4078913927 0.2901417017 -0.8657034039 -0.1992341876 -0.8970309496 -0.3945138454
178.1 279.1 2745.3 0.4771875441 0.8737688065 0.0939156413 -0.8593775034 0.4416234195 0.2577576637 0.1837452650 -0.2037077397 0.9616344571
325.4 13.9 2802.0 -0.2102351189 0.8737688065 0.4385536313 -0.0347185880 0.4416234195 -0.8965284824 -0.9770342112 -0.2037077397 -0.0625087395
-78.1 -84.2 2623.9 0.8662579656 0.0464948080 -0.4974287450 -0.0875602588 0.9943783879 -0.0595388673 0.4918641150 0.0951310098 0.8654592633
-96.6 -479.5 2586.0 0.8723733425 0.0899636820 -0.4804906845 -0.0341684222 0.9917374253 0.1236501187 0.4876446128 -0.0914514586 0.8682392240
25.1 -90.5 2775.1 0.7494001389 -0.1360022277 -0.6479991078 0.0195077043 0.9827873707 -0.1837073565 0.6618299484 0.1250293404 0.7391541004
79.1 -480.8 2725.5 0.7494001389 0.2130790204 -0.6268945336 0.0195077043 0.9392862320 0.3425795734 0.6618299484 -0.2689584494 0.6997445822
338.7 -47.0 2528.7 0 0 0 0 0 0 0 0 0
257.9 2.7 2488.3 0 0 0 0 0 0 0 0 0
-121.6 -755.4 2611.5 0 0 0 0 0 0 0 0 0
19.4 -744.1 2800.9 0 0 0 0 0 0 0 0 0
161.8 469.7 2601.7 2 0.5811703801 0.3297386169 -0.7439848185 -0.0877399072 0.9342914224 0.3455448449 0.8090381026 -0.1355432868 0.5719137788
96.0 283.2 2628.7 0.5811703801 0.3297386169 -0.7439848185 -0.0877399072 0.9342914224 0.3455448449 0.8090381026 -0.1355432868 0.5719137788
33.7 96.6 2657.4 0.5867120028 0.3129781485 -0.7468692660 -0.0715903565 0.9387289882 0.3371389806 0.8066249490 -0.1443348676 0.5731698275
13.4 293.2 2515.3 -0.2288686931 0.3683508933 -0.9010753036 0.9583494067 0.2477052510 -0.1421565264 0.1708376110 -0.8960801959 -0.4097008407
74.1 39.4 2470.1 -0.8700414896 0.3683508933 -0.3276361525 0.4315230846 0.2477052510 -0.8674271703 -0.2383603752 -0.8960801959 -0.3744657636
178.5 273.1 2742.2 0.4657680094 0.8794271946 0.0983259529 -0.8676337600 0.4320014119 0.2461431772 0.1739880443 -0.1999565363 0.9642331600
322.3 5.2 2795.9 -0.2117058188 0.8794271946 0.4263666272 -0.0212915372 0.4320014119 -0.9016215801 -0.9771015048 -0.1999565363 -0.0727328584
-77.5 -82.4 2618.9 0.8668451905 0.0450687706 -0.4965362549 -0.0800350755 0.9955691695 -0.0493598171 0.4921116233 0.0825276375 0.8666114211
-95.4 -478.2 2586.1 0.8712940812 0.0952324271 -0.4814327061 -0.0408411995 0.9916591048 0.1222463921 0.4890589416 -0.0868502706 0.8679161072
30.0 -92.4 2766.9 0.7488839030 -0.1153291315 -0.6525887251 0.0143564027 0.9873328209 -0.1580121517 0.6625456810 0.1089639366 0.7410533428
75.8 -484.6 2723.6 0.7535078526 0.1978232265 -0.6269704103 0.0354382433 0.9400477409 0.3391966522 0.6564831138 -0.2778060734 0.7013228536
292.4 -68.9 2529.9 0 0 0 0 0 0 0 0 0
254.3 -1.6 2482.0 0 0 0 0 0 0 0 0 0
-121.8 -752.8 2610.1 0 0 0 0 0 0 0 0 0
22.6 -737.6 2798.4 0 0 0 0 0 0 0 0 0
166.6 475.1 2619.2 3 0.5886880159 0.3333355486 -0.7364332080 -0.1340536475 0.9386630654 0.3177124858 0.7971675396 -0.0883119702 0.5972645283
99.8 286.8 2636.9 0.5886880159 0.3333355486 -0.7364332080 -0.1340536475 0.9386630654 0.3177124858 0.7971675396 -0.0883119702 0.5972645283
36.5 99.6 2657.5 0.5958024859 0.3178882301 -0.7375408411 -0.1135029495 0.9424428940 0.3145129979 0.7950701118 -0.1036745682 0.5975911021
16.0 302.7 2525.2 -0.1389199644 0.3095880747 -0.9406681061 0.9688407183 0.2391754389 -0.0643643215 0.2050582767 -0.9202990532 -0.3331677616
54.9 31.5 2467.9 -0.8887029886 0.3095880747 -0.3381748497 0.4169934094 0.2391754389 -0.8768760562 -0.1905872375 -0.9202990532 -0.3416520953
183.6 270.9 2748.7 0.4619909525 0.8798388839 0.1115699857 -0.8777352571 0.4355691969 0.1996505708 0.1270638853 -0.1901656687 0.9734946489
326.1 0.0 2787.9 -0.2236364335 0.8798388839 0.4193688631 0.0263622105 0.4355691969 -0.8997691274 -0.9743160605 -0.1901656687 -0.1206036359
-82.3 -83.4 2612.1 0.8740686774 0.0367276669 -0.4844120145 -0.0649818555 0.9970164299 -0.0416598134 0.4814366698 0.0678915307 0.8738474846
-96.9 -479.8 2585.2 0.8767719865 0.0902517885 -0.4723615944 -0.0386673845 0.9922820926 0.1178181097 0.4793492258 -0.0850346312 0.8734949231
25.3 -96.5 2760.0 0.7666900754 -0.1396885216 -0.6266366243 0.0431466587 0.9850471616 -0.1667947024 0.6405659318 0.1008425653 0.7612529397
80.8 -487.9 2720.0 0.7666900754 0.2537082732 -0.5897613764 0.0431466587 0.8961682916 0.4416115582 0.6405659318 -0.3640254140 0.6761366725
281.6 -74.8 2516.5 0 0 0 0 0 0 0 0 0
254.3 8.5 2475.1 0 0 0 0 0 0 0 0 0
-121.6 -751.2 2608.4 0 0 0 0 0 0 0 0 0
-1.5 -778.5 2838.0 0 0 0 0 0 0 0 0 0
165.6 473.7 2619.0 4 0.6191379428 0.3471117020 -0.7044016123 -0.1697965413 0.9349591732 0.3114810884 0.7667055130 -0.0732447952 0.6378070712
95.8 285.7 2633.7 0.6191379428 0.3471117020 -0.7044016123 -0.1697965413 0.9349591732 0.3114810884 0.7667055130 -0.0732447952 0.6378070712
30.8 98.7 2650.3 0.6264420748 0.3263626099 -0.7078543305 -0.1494448185 0.9415659308 0.3018606603 0.7650075555 -0.0833130479 0.6386097074
7.8 306.7 2526.3 -0.0761834085 0.2526983023 -0.9645411372 0.9681175947 0.2502588630 -0.0109010395 0.2386303097 -0.9346197248 -0.2637072504
29.0 36.9 2459.8 -0.8997305036 0.2526983023 -0.3558490574 0.4160499871 0.2502588630 -0.8742270470 -0.1318613142 -0.9346197248 -0.3303006589
183.8 264.7 2741.1 0.4541004598 0.8774811625 0.1543358564 -0.8876525760 0.4306890965 0.1630332023 0.0765878037 -0.2110300660 0.9744745493
323.8 -9.0 2764.7 -0.2631087005 0.8774811625 0.4009994864 0.0643903539 0.4306890965 -0.9002004266 -0.9626150131 -0.2110300660 -0.1698193699
-81.4 -77.1 2605.3 0.8941575289 0.0267887842 -0.4469504356 -0.0441073067 0.9986234307 -0.0283856299 0.4455747902 0.0450950041 0.8941082358
-92.0 -474.0 2587.4 0.8929114938 0.1043958738 -0.4379617870 -0.0566149764 0.9910598397 0.1208105236 0.4466584325 -0.0830779150 0.8908390999
27.9 -97.9 2751.0 0.7873418927 -0.1165115833 -0.6054071784 0.0571566336 0.9915456772 -0.1164914295 0.6138614416 0.0571155474 0.7873448730
74.1 -491.5 2728.3 0.7793990970 0.2118652016 -0.5896186233 0.0193985552 0.9324778914 0.3607057333 0.6262273788 -0.2925714850 0.7226625681
260.3 -70.1 2493.7 0 0 0 0 0 0 0 0 0
239.4 11.7 2456.0 0 0 0 0 0 0 0 0 0
-121.5 -753.5 2610.8 0 0 0 0 0 0 0 0 0
11.8 -765.9 2814.4 0 0 0 0 0 0 0 0 0
167.8 476.1 2627.9 5 0.6176076531 0.3529115021 -0.7028614879 -0.1951546371 0.9344898462 0.2977303863 0.7618893981 -0.0467138812 0.6460204124
97.0 288.4 2637.3 0.6176076531 0.3529115021 -0.7028614879 -0.1951546371 0.9344898462 0.2977303863 0.7618893981 -0.0467138812 0.6460204124
30.1 101.7 2649.4 0.6252916455 0.3357982635 -0.7044500709 -0.1742410958 0.9399747252 0.2934067249 0.7606907487 -0.0607206374 0.6462681890
9.1 312.9 2530.4 0.0052486821 0.1909645200 -0.9815828800 0.9585108161 0.2788056731 0.0593662672 0.2850077450 -0.9411694407 -0.1815782040
7.6 41.4 2449.7 -0.9087394476 0.1909645200 -0.3711133897 0.4127143323 0.2788056731 -0.8671414256 -0.0621247366 -0.9411694407 -0.3321755230
184.9 263.9 2744.2 0.4454814792 0.8815266490 0.1563872695 -0.8936228752 0.4271565676 0.1377511919 0.0546294935 -0.2011168450 0.9780427814
322.3 -11.8 2761.0 -0.2629135251 0.8815266490 0.3921571076 0.0903081745 0.4271565676 -0.8996564150 -0.9605836272 -0.2011168450 -0.1919143051
-91.6 -74.6 2596.9 0.8949242830 -0.0049611721 -0.4461905062 0.0005946263 0.9999505877 -0.0099257641 0.4462176859 0.0086174905 0.8948829770
-89.6 -471.7 2593.5 0.8889507651 0.1125715002 -0.4439528584 -0.0747693554 0.9919890165 0.1018203050 0.4518584013 -0.0573191717 0.8902463317
23.2 -102.0 2736.9 0.7816113830 -0.1308482885 -0.6098871827 0.0892753825 0.9911508560 -0.0982341245 0.6173439622 0.0223329980 0.7863762975
75.1 -495.5 2728.1 0.7672879100 0.2111070305 -0.6055601835 0.0149348667 0.9381273389 0.3459683061 0.6411288977 -0.2745012343 0.7166608572
241.9 -65.1 2465.7 0 0 0 0 0 0 0 0 0
237.9 17.2 2452.6 0 0 0 0 0 0 0 0 0
-121.1 -749.7 2609.6 0 0 0 0 0 0 0 0 0
18.3 -747.9 2801.9 0 0 0 0 0 0 0 0 0
171.2 478.3 2632.3 6 0.6140565872 0.3640709817 -0.7002762556 -0.2123677731 0.9307478070 0.2976717055 0.7601541877 -0.0340711772 0.6488487720
98.1 291.3 2639.2 0.6140565872 0.3640709817 -0.7002762556 -0.2123677731 0.9307478070 0.2976717055 0.7601541877 -0.0340711772 0.6488487720
28.7 105.4 2648.4 0.6210845709 0.3486774862 -0.7019102573 -0.1939599216 0.9361093640 0.2933918536 0.7593638897 -0.0460786782 0.6490325332
10.7 318.6 2532.4 0.0458935499 0.1484222263 -0.9878585935 0.9449698329 0.3142146468 0.0911106691 0.3239224851 -0.9376779795 -0.1258341074
-2.7 43.1 2438.0 -0.9119136930 0.1484222263 -0.3826020062 0.4103249907 0.3142146468 -0.8560972810 -0.0068447199 -0.9376779795 -0.3474379778
185.4 264.1 2745.9 0.4332793951 0.8876719475 0.1559084952 -0.9002658725 0.4181549251 0.1211109683 0.0423129089 -0.1928339750 0.9803186655
319.2 -13.9 2759.0 -0.2593663633 0.8876719475 0.3804833591 0.1080116630 0.4181549251 -0.9019312263 -0.9597200751 -0.1928339750 -0.2043342441
-94.0 -69.1 2591.8 0.8937923312 -0.0093340259 -0.4483838975 0.0102386503 0.9999474883 -0.0004065913 0.4483641684 -0.0042274380 0.8938409686
-90.3 -466.3 2593.5 0.8879852891 0.1070706397 -0.4472336769 -0.0719431862 0.9928875566 0.0948600546 0.4542094767 -0.0520589203 0.8893725872
20.6 -101.0 2731.1 0.7739347219 -0.1475370526 -0.6158391237 0.1246044636 0.9889492989 -0.0803309456 0.6208854914 -0.0145653989 0.7837659717
79.2 -493.6 2736.9 0.7500287890 0.2211589217 -0.6233342290 -0.0107428348 0.9463884234 0.3228521943 0.6613179445 -0.2354520559 0.7121944427
234.2 -63.5 2439.7 0 0 0 0 0 0 0 0 0
235.9 20.8 2450.7 0 0 0 0 0 0 0 0 0
-120.9 -750.6 2608.4 0 0 0 0 0 0 0 0 0
22.3 -737.1 2797.5 0 0 0 0 0 0 0 0 0
167.5 474.3 2625.6 7 0.5392225385 0.3607773185 -0.7609722614 -0.1515307277 0.9304088354 0.3337331116 0.8284186721 -0.0646457449 0.5563662648
95.3 288.3 2638.5 0.5392225385 0.3607773185 -0.7609722614 -0.1515307277 0.9304088354 0.3337331116 0.8284186721 -0.0646457449 0.5563662648
27.1 102.3 2653.7 0.5465519428 0.3417575657 -0.7645146847 -0.1320516914 0.9366855621 0.3243185282 0.8269481659 -0.0763014704 0.5570769906
18.9 306.6 2523.0 0.0944367200 0.0733419210 -0.9928256273 0.9388659596 0.3250989914 0.1133198068 0.3310776949 -0.9428316951 -0.0381569490
-7.3 46.5 2431.3 -0.9116917849 0.0733419210 -0.4042759836 0.4050809741 0.3250989914 -0.8545291424 0.0687569082 -0.9428316951 -0.3260995150
171.7 269.9 2754.0 0.4337504208 0.8990715742 0.0594214089 -0.8892226815 0.4164904654 0.1892582476 0.1454082578 -0.1349297166 0.9801277518
305.0 -3.3 2798.7 -0.1660515070 0.8990715742 0.4050891697 0.0392351374 0.4164904654 -0.9082930684 -0.9853362441 -0.1349297166 -0.1044340655
-97.6 -62.8 2587.9 0.8467397690 -0.0158706885 -0.5317705274 0.0121972160 0.9998713136 -0.0104194898 0.5318674445 0.0023364767 0.8468244076
-91.2 -460.2 2587.0 0.8421902657 0.1022313014 -0.5293999910 -0.0461223125 0.9919211268 0.1181745976 0.5372041464 -0.0751083419 0.8401014209
16.3 -98.4 2727.1 0.7175304294 -0.1579328775 -0.6783857942 0.1241074577 0.9873582721 -0.0985950157 0.6853812337 -0.0134478146 0.7280602455
79.1 -490.7 2732.5 0.6988616586 0.2116451412 -0.6832267046 0.0225343127 0.9482293725 0.3167858124 0.7149018049 -0.2367855012 0.6579118967
229.8 -58.8 2413.4 0 0 0 0 0 0 0 0 0
252.0 9.3 2484.2 0 0 0 0 0 0 0 0 0
-121.4 -753.1 2609.2 0 0 0 0 0 0 0 0 0
24.8 -733.9 2793.2 0 0 0 0 0 0 0 0 0
165.6 468.5 2614.7 8 0.5435817242 0.3630495369 -0.7567786574 -0.1335744560 0.9275442362 0.3490265906 0.8286596537 -0.0886381716 0.5526902080
93.1 283.5 2632.4 0.5435817242 0.3630495369 -0.7567786574 -0.1335744560 0.9275442362 0.3490265906 0.8286596537 -0.0886381716 0.5526902080
25.0 97.9 2652.3 0.5513048172 0.3417645991 -0.7610912919 -0.1131713986 0.9344495535 0.3376334012 0.8265925646 -0.1000051498 0.5538445115
15.8 299.3 2516.5 0.0665768832 -0.0151608912 -0.9976661205 0.9423846602 0.3294859231 0.0578808188 0.3278394043 -0.9440387487 0.0362235345
-2.4 42.4 2427.1 -0.9214043021 -0.0151608912 -0.3883094788 0.3620597124 0.3294859231 -0.8719815016 0.1411625296 -0.9440387487 -0.2981005907
170.5 267.7 2748.2 0.4356615841 0.8977568150 0.0650513843 -0.8851569295 0.4141849279 0.2120095640 0.1633897275 -0.1499451101 0.9751001000
304.7 -5.0 2798.5 -0.1720093638 0.8977568150 0.4055187702 0.0162547380 0.4141849279 -0.9100475907 -0.9849612117 -0.1499451101 -0.0858364925
-91.0 -71.7 2593.6 0.8500831127 -0.0004038385 -0.5266483426 -0.0073671266 0.9998927116 -0.0126582859 0.5265969634 0.0146404803 0.8499889970
-90.8 -469.1 2587.8 0.8459151983 0.1094252616 -0.5219708681 -0.0534401052 0.9911902547 0.1211858019 0.5306332111 -0.0746187344 0.8443106413
8.6 -95.6 2744.2 0.7260556221 -0.1803662479 -0.6635595560 0.1134289131 0.9831820130 -0.1431328207 0.6782161593 0.0286555514 0.7343035936
80.2 -485.9 2732.9 0.7071720958 0.2132416070 -0.6741183996 0.0109629137 0.9500138760 0.3120151460 0.7069564462 -0.2280386984 0.6694855690
238.7 -52.3 2390.2 0 0 0 0 0 0 0 0 0
249.6 0.2 2483.1 0 0 0 0 0 0 0 0 0
-122.0 -751.6 2609.1 0 0 0 0 0 0 0 0 0
25.5 -729.7 2791.4 0 0 0 0 0 0 0 0 0
168.0 476.0 2625.7 9 0.5234974623 0.3495864272 -0.7770068645 -0.1544913352 0.9357804060 0.3169345260 0.8379037976 -0.0458735973 0.5438867807
98.3 289.6 2634.9 0.5234974623 0.3495864272 -0.7770068645 -0.1544913352 0.9357804060 0.3169345260 0.8379037976 -0.0458735973 0.5438867807
30.5 103.3 2648.1 0.5310729742 0.3414048254 -0.7755025625 -0.1339534819 0.9375538230 0.3210128844 0.8366707563 -0.0666000172 0.5436418653
23.7 308.4 2517.4 0.0628663376 -0.0581081323 -0.9963288903 0.9348570704 0.3529411256 0.0384032726 0.3494139016 -0.9338393807 0.0765109137
6.0 44.8 2418.9 -0.9204846621 -0.0581081323 -0.3864342272 0.3431481719 0.3529411256 -0.8704492450 0.1869687140 -0.9338393807 -0.3049372137
172.9 270.7 2752.3 0.4348946512 0.8995851874 0.0401640534 -0.8878300190 0.4209074676 0.1859967560 0.1504145861 -0.1165478453 0.9817290902
307.1 -3.2 2798.7 -0.1477921605 0.8995851874 0.4109793007 0.0422633514 0.4209074676 -0.9061185122 -0.9881150126 -0.1165478453 -0.1002263129
-93.5 -77.4 2596.6 0.8368314505 -0.0016193019 -0.5474581718 -0.0119014820 0.9997054935 -0.0211493038 0.5473312140 0.0242139678 0.8365657330
-92.8 -474.8 2587.0 0.8343024850 0.1052176207 -0.5411733389 -0.0385620929 0.9903521538 0.1330997795 0.5499566197 -0.0901767015 0.8303107023
7.4 -98.0 2747.7 0.7080125213 -0.1843910217 -0.6817024350 0.1009601206 0.9818239808 -0.1607130766 0.6989458799 0.0449621007 0.7137597799
80.6 -488.0 2729.8 0.6931436658 0.2139406055 -0.6883177161 0.0254225470 0.9470862150 0.3199709356 0.7203509808 -0.2392846197 0.6510278583
245.1 -44.3 2370.4 0 0 0 0 0 0 0 0 0
259.7 10.4 2481.8 0 0 0 0 0 0 0 0 0
-122.5 -754.5 2612.5 0 0 0 0 0 0 0 0 0
26.2 -729.0 2790.7 0 0 0 0 0 0 0 0 0
164.5 479.1 2622.3 0 0.5739699602 0.3419148624 -0.7440783978 -0.1555107236 0.9376345873 0.3108983040 0.8039744496 -0.0627341196 0.5913455486
96.5 292.7 2634.7 0.5739699602 0.3419148624 -0.7440783978 -0.1555107236 0.9376345873 0.3108983040 0.8039744496 -0.0627341196 0.5913455486
30.2 106.1 2650.8 0.5805226564 0.3341128826 -0.7425375581 -0.1373202950 0.9390460253 0.3151757419 0.8025811911 -0.0810011774 0.5910179615
15.1 311.9 2522.1 -0.0287689697 -0.0780431256 -0.9965348244 0.9258702993 0.3736696839 -0.0559927113 0.3767446876 -0.9242728353 0.0615077205
23.3 47.3 2414.4 -0.9122176170 -0.0780431256 -0.4022043347 0.3472591937 0.3736696839 -0.8601058125 0.2174169272 -0.9242728353 -0.3137668669
178.0 273.4 2747.3 0.4451690316 0.8899971247 0.0986390710 -0.8875959516 0.4240260422 0.1799315214 0.1183129996 -0.1676515788 0.9787210822
315.4 -0.5 2783.8 -0.2067963481 0.8899971247 0.4063747227 0.0476748385 0.4240260422 -0.9043942690 -0.9772217870 -0.1676515788 -0.1301175058
-86.0 -70.6 2584.8 0.8681012392 0.0192671902 -0.4960131049 -0.0105179660 0.9997360706 0.0204257593 0.4962757528 -0.0125145791 0.8680747747
-93.7 -467.7 2589.8 0.8649325967 0.0966939256 -0.4924853742 -0.0501677282 0.9930078387 0.1068582386 0.4993743896 -0.0677183047 0.8637357354
11.2 -95.1 2737.9 0.7460243106 -0.1726247966 -0.6431550384 0.1111815944 0.9845480919 -0.1352912337 0.6565716863 0.0294235460 0.7536895275
79.8 -486.4 2726.2 0.7284966111 0.2215902358 -0.6482209563 0.0236218348 0.9375516176 0.3470432460 0.6846420169 -0.2681320012 0.6777688265
260.7 -43.1 2357.8 0 0 0 0 0 0 0 0 0
249.1 14.8 2470.6 0 0 0 0 0 0 0 0 0
-121.3 -751.5 2609.1 0 0 0 0 0 0 0 0 0
21.9 -731.3 2796.3 0 0 0 0 0 0 0 0 0
163.3 479.6 2619.5 1 0.6064394712 0.3418188989 -0.7179073691 -0.1505254805 0.9359080195 0.3184623122 0.7807517052 -0.0850647613 0.6190240383
95.3 293.3 2636.4 0.6064394712 0.3418188989 -0.7179073691 -0.1505254805 0.9359080195 0.3184623122 0.7807517052 -0.0850647613 0.6190240383
29.8 106.8 2656.2 0.6128928065 0.3297562599 -0.7180690765 -0.1325110644 0.9387810230 0.3180109859 0.7789757252 -0.0997545496 0.6190685034
9.2 312.0 2527.1 -0.1000979692 -0.1071237847 -0.9891940355 0.9144889712 0.3818170130 -0.1338869482 0.3920336068 -0.9180088639 0.0597444102
37.5 53.8 2416.4 -0.9047399163 -0.1071237847 -0.4122744203 0.3454301655 0.3818170130 -0.8572594523 0.2492462695 -0.9180088639 -0.3084413111
181.4 274.7 2745.8 0.4505963624 0.8819544911 0.1382722706 -0.8865381479 0.4238647223 0.1854420751 0.1049427316 -0.2061431706 0.9728782177
320.5 1.0 2778.2 -0.2465537786 0.8819544911 0.4017058015 0.0421331413 0.4238647223 -0.9047449827 -0.9682127833 -0.2061431706 -0.1416649669
-89.3 -68.0 2593.4 0.8875507116 0.0104591511 -0.4605912566 -0.0129695302 0.9999132752 -0.0022859150 0.4605274200 0.0080025177 0.8876094222
-93.4 -465.3 2590.3 0.8843511939 0.0963615552 -0.4567684233 -0.0535983816 0.9929520488 0.1057047695 0.4637350142 -0.0689980909 0.8832831383
17.0 -93.1 2740.3 0.7751935124 -0.1579898000 -0.6116487980 0.0967750251 0.9864927530 -0.1321614981 0.6242672205 0.0432584099 0.7800122499
79.8 -485.2 2723.1 0.7593962550 0.2173561007 -0.6132484674 0.0168747157 0.9356510639 0.3525227904 0.6504095793 -0.2780528665 0.7068620920
273.1 -36.2 2351.5 0 0 0 0 0 0 0 0 0
241.4 14.5 2467.7 0 0 0 0 0 0 0 0 0
-121.5 -755.0 2610.4 0 0 0 0 0 0 0 0 0
22.6 -731.2 2796.2 0 0 0 0 0 0 0 0 0
163.9 482.0 2618.6 2 0.6140317321 0.3376965225 -0.7133905292 -0.1425393671 0.9364317656 0.3205902576 0.7763037682 -0.0951663703 0.6231338978
96.5 295.3 2637.6 0.6140317321 0.3376965225 -0.7133905292 -0.1425393671 0.9364317656 0.3205902576 0.7763037682 -0.0951663703 0.6231338978
32.5 108.4 2659.5 0.6211607456 0.3223109841 -0.7143353224 -0.1222690716 0.9402060509 0.3179039061 0.7740862966 -0.1101283133 0.6234277487
9.2 312.5 2528.8 -0.1651637554 -0.1042935476 -0.9807363749 0.8984459639 0.3942785263 -0.1932338029 0.4068363011 -0.9130538106 0.0285815988
56.5 55.4 2412.4 -0.9069801569 -0.1042935476 -0.4080561399 0.3389685750 0.3942785263 -0.8541924357 0.2499745339 -0.9130538106 -0.3222505748
183.9 278.1 2746.4 0.4580358565 0.8768559694 0.1460367143 -0.8824068308 0.4286238849 0.1940096617 0.1075237170 -0.2177271694 0.9700688124
325.3 5.5 2779.6 -0.2559570372 0.8768559694 0.4069515467 0.0328605473 0.4286238849 -0.9028852582 -0.9661294818 -0.2177271694 -0.1385232657
-91.7 -67.7 2604.7 0.8918844461 0.0042413049 -0.4522434771 -0.0203848351 0.9993167520 -0.0308296531 0.4518037438 0.0367153957 0.8913615346
-93.4 -464.7 2590.1 0.8892365098 0.0954000950 -0.4473893940 -0.0529395640 0.9929023385 0.1065004840 0.4543741345 -0.0710195228 0.8879754543
20.5 -92.0 2747.3 0.7859176397 -0.1463516206 -0.6007617116 0.0718857273 0.9866234064 -0.1463103741 0.6141383052 0.0718017146 0.7859253287
78.7 -484.0 2718.8 0.7752469778 0.2088849992 -0.5961201191 0.0184317250 0.9358556867 0.3519011438 0.6313892603 -0.2837978303 0.7216691375
292.2 -32.7 2347.5 0 0 0 0 0 0 0 0 0
243.1 16.1 2469.4 0 0 0 0 0 0 0 0 0
-121.5 -756.7 2611.0 0 0 0 0 0 0 0 0 0
24.5 -726.5 2792.3 0 0 0 0 0 0 0 0 0
159.4 484.4 2609.2 3 0.6310529113 0.3202305138 -0.7065582871 -0.1146767363 0.9393213391 0.3233027756 0.7672166824 -0.1229953691 0.6294844747
95.3 296.5 2633.8 0.6310529113 0.3202305138 -0.7065582871 -0.1146767363 0.9393213391 0.3233027756 0.7672166824 -0.1229953691 0.6294844747
34.3 109.3 2660.6 0.6366156340 0.3072085977 -0.7073495388 -0.0979972184 0.9420192838 0.3209302127 0.7649294734 -0.1349909157 0.6298097968
5.8 310.3 2526.3 -0.2439314425 -0.1171722859 -0.9626879692 0.8912836909 0.3641769588 -0.2701639235 0.3822444975 -0.9239295125 0.0155995348
73.9 61.3 2419.5 -0.8990582228 -0.1171722859 -0.4218589067 0.3562954962 0.3641769588 -0.8604816198 0.2544558942 -0.9239295125 -0.2856683433
184.8 282.7 2741.4 0.4723626971 0.8666393161 0.1606542617 -0.8736252189 0.4361878633 0.2156830430 0.1168439612 -0.2422322333 0.9631568193
330.7 12.9 2777.4 -0.2736242414 0.8666393161 0.4172122777 0.0095305480 0.4361878633 -0.8998051882 -0.9617894292 -0.2422322333 -0.1276111156
-88.4 -67.3 2610.4 0.8997853994 0.0213702843 -0.4358090460 -0.0435088240 0.9982162714 -0.0408813022 0.4341580272 0.0557459407 0.8991101980
-96.9 -463.9 2588.3 0.8999526501 0.0839149803 -0.4278358817 -0.0415502191 0.9933438301 0.1074318439 0.4340032935 -0.0789069012 0.8974490762
25.4 -89.7 2752.3 0.7399998307 -0.1363981366 -0.6586317420 0.0399305485 0.9864039421 -0.1594139040 0.6714207530 0.0916667357 0.7353851795
79.6 -481.7 2715.9 0.7399998307 0.2137370557 -0.6377434731 0.0399305485 0.9325338602 0.3588678837 0.6714207530 -0.2910276055 0.6815402508
307.6 -31.3 2353.4 0 0 0 0 0 0 0 0 0
242.8 15.9 2468.5 0 0 0 0 0 0 0 0 0
-121.7 -757.3 2611.6 0 0 0 0 0 0 0 0 0
24.2 -723.5 2791.3 0 0 0 0 0 0 0 0 0
155.7 483.5 2604.5 4 0.5845491290 0.3072476089 -0.7509335876 -0.0702314153 0.9412134886 0.3304311931 0.8083129525 -0.1404141337 0.5717639327
94.5 296.0 2632.5 0.5845491290 0.3072476089 -0.7509335876 -0.0702314153 0.9412134886 0.3304311931 0.8083129525 -0.1404141337 0.5717639327
35.6 108.5 2662.3 0.5888170004 0.2960218787 -0.7521074414 -0.0568987466 0.9433916807 0.3267639875 0.8062611818 -0.1496102065 0.5723283291
11.9 303.9 2519.4 -0.2939796448 -0.1146500856 -0.9489105940 0.8870867491 0.3369206488 -0.3155338764 0.3558835685 -0.9345265031 0.0026567567
92.9 59.7 2421.4 -0.8991519213 -0.1146500856 -0.4223519862 0.3647613823 0.3369206488 -0.8680055141 0.2418160141 -0.9345265031 -0.2611229122
177.1 288.0 2745.6 0.4804811776 0.8718562722 0.0948921293 -0.8587148786 0.4457162619 0.2528749406 0.1781756133 -0.2029869258 0.9628342390
325.2 23.2 2800.5 -0.2121629715 0.8718562722 0.4414221942 -0.0298344903 0.4457162619 -0.8946769834 -0.9767788053 -0.2029869258 -0.0685530975
-85.0 -68.9 2617.3 0.8704141378 0.0308036115 -0.4913556278 -0.0649071336 0.9965088964 -0.0525078252 0.4880228341 0.0775960386 0.8693748116
-97.3 -464.9 2586.5 0.8740391731 0.0938793421 -0.4766993225 -0.0318408161 0.9901133180 0.1366082579 0.4848110080 -0.1042224765 0.8683869839
31.7 -86.9 2757.5 0.7697094679 -0.1221103743 -0.6266070008 0.0257114451 0.9866692424 -0.1606943607 0.6378763318 0.1075770035 0.7625883222
80.2 -479.0 2714.8 0.7697094679 0.2112225741 -0.6024386287 0.0257114451 0.9326553941 0.3598511219 0.6378763318 -0.2924703956 0.7124428749
324.8 -34.4 2359.0 0 0 0 0 0 0 0 0 0
257.2 13.7 2487.5 0 0 0 0 0 0 0 0 0
-124.9 -755.6 2617.1 0 0 0 0 0 0 0 0 0
25.1 -722.5 2791.1 0 0 0 0 0 0 0 0 0
151.0 481.0 2593.6 5 0.5428129435 0.3056721389 -0.7822523117 -0.0164020341 0.9350957274 0.3540155292 0.8396934867 -0.1793336719 0.5125956535
90.2 295.1 2629.3 0.5428129435 0.3056721389 -0.7822523117 -0.0164020341 0.9350957274 0.3540155292 0.8396934867 -0.1793336719 0.5125956535
31.5 109.0 2666.4 0.5465661883 0.2943042815 -0.7839964032 -0.0046890141 0.9372700453 0.3485726714 0.8374027610 -0.1868418753 0.5136601329
13.6 295.6 2512.0 -0.3515276909 -0.1327619851 -0.9267159700 0.8877680302 0.2669230402 -0.3749932945 0.2971467078 -0.9545294046 0.0240310021
108.9 54.8 2431.4 -0.9082625508 -0.1327619851 -0.3967787623 0.3527684808 0.2669230402 -0.8968313336 0.2249745131 -0.9545294046 -0.1956019700
166.8 294.5 2746.6 0.4787341654 0.8769347668 0.0424143001 -0.8414341211 0.4444920719 0.3072709441 0.2506037652 -0.1827899367 0.9506763816
314.2 35.5 2823.7 -0.1608515531 0.8769347668 0.4528930783 -0.0869573504 0.4444920719 -0.8915521502 -0.9831404686 -0.1827899367 0.0047586844
-77.1 -73.7 2618.3 0.8422998786 0.0513934642 -0.5365534425 -0.0883352533 0.9951469898 -0.0433521084 0.5317215323 0.0839120597 0.8427520394
-97.6 -469.2 2585.0 0.8498797417 0.0941993892 -0.5184890628 -0.0262896214 0.9902475476 0.1368161887 0.5263205171 -0.1026464179 0.8440677524
30.5 -84.1 2765.8 0.7911530733 -0.1244686469 -0.5988191366 0.0167686343 0.9831196666 -0.1821936220 0.6113882661 0.1341016591 0.7798853517
80.0 -474.8 2712.5 0.7911530733 0.2050588727 -0.5762184262 0.0167686343 0.9344946146 0.3555821180 0.6113882661 -0.2909823060 0.7358897328
342.6 -36.0 2373.5 0 0 0 0 0 0 0 0 0
262.7 7.7 2509.1 0 0 0 0 0 0 0 0 0
-124.6 -753.4 2614.5 0 0 0 0 0 0 0 0 0
25.3 -723.9 2790.1 0 0 0 0 0 0 0 0 0
147.2 478.2 2579.2 6 0.5414866805 0.3008109331 -0.7850509286 0.0227103103 0.9282214046 0.3713344634 0.8404025435 -0.2189014256 0.4957880378
87.6 294.4 2622.6 0.5414866805 0.3008109331 -0.7850509286 0.0227103103 0.9282214046 0.3713344634 0.8404025435 -0.2189014256 0.4957880378
29.8 109.5 2666.4 0.5436197519 0.2901774347 -0.7875751853 0.0294213723 0.9311714172 0.3633925915 0.8388158083 -0.2207189202 0.4976657331
11.3 290.2 2504.9 -0.4208973348 -0.1478392184 -0.8949798942 0.8751825094 0.1932678968 -0.4435122609 0.2385393828 -0.9699438810 0.0480403528
124.7 54.4 2440.6 -0.9123250246 -0.1478392184 -0.3818463385 0.3519953787 0.1932678968 -0.9158312082 0.2091944069 -0.9699438810 -0.1242844164
164.0 298.6 2740.2 0.4829564393 0.8748473525 0.0373529680 -0.8285451531 0.4427613914 0.3427466750 0.2833125591 -0.1964803338 0.9386849403
312.8 43.2 2827.6 -0.1570197791 0.8748473525 0.4582433403 -0.1245062277 0.4427613914 -0.8879530430 -0.9797157645 -0.1964803338 0.0394016467
-77.2 -76.7 2627.1 0.8388423324 0.0564426109 -0.5414404869 -0.1031322628 0.9930754304 -0.0562572069 0.5345159769 0.1030309126 0.8388547301
-99.7 -471.4 2586.2 0.8486706018 0.0882120728 -0.5215139985 -0.0235781055 0.9913239479 0.1293094605 0.5283960104 -0.0974448249 0.8433873057
22.7 -77.5 2780.1 0.7942235470 -0.1499879211 -0.5888230801 0.0111878440 0.9725010395 -0.2326297462 0.6075226665 0.1781723499 0.7740612626
82.2 -463.5 2709.3 0.7942235470 0.2102943063 -0.5700747967 0.0111878440 0.9329804778 0.3597530127 0.6075226665 -0.2921022177 0.7386423349
358.0 -35.6 2387.1 0 0 0 0 0 0 0 0 0
262.5 3.3 2513.5 0 0 0 0 0 0 0 0 0
-124.8 -753.4 2613.9 0 0 0 0 0 0 0 0 0
23.9 -722.2 2790.3 0 0 0 0 0 0 0 0 0
145.4 475.0 2580.5 7 0.4758645296 0.2978307903 -0.8275564909 0.0570453145 0.9284870625 0.3669572473 0.8776666522 -0.2218301594 0.4248442054
86.5 291.3 2624.4 0.4758645296 0.2978307903 -0.8275564909 0.0570453145 0.9284870625 0.3669572473 0.8776666522 -0.2218301594 0.4248442054
28.9 106.6 2669.4 0.4781843126 0.2893483639 -0.8292269111 0.0643880665 0.9300800562 0.3616700470 0.8758960962 -0.2263372540 0.4261191189
19.5 282.3 2501.7 -0.4404266775 -0.1497916728 -0.8852043748 0.8753801584 0.1472664177 -0.4604586959 0.1993337572 -0.9776886106 0.0662645996
134.1 54.6 2449.9 -0.9143899679 -0.1497916728 -0.3761029541 0.3555177152 0.1472664177 -0.9229949713 0.1936443001 -0.9776886106 -0.0814053491
153.5 300.4 2747.1 0.4736210108 0.8798440099 -0.0394677408 -0.8109472990 0.4531390071 0.3701750040 0.3435806334 -0.1433164030 0.9281232357
299.4 50.6 2852.9 -0.0802701190 0.8798440099 0.4684349298 -0.1555349082 0.4531390071 -0.8777664304 -0.9845636487 -0.1433164030 0.1004729271
-77.8 -78.1 2633.5 0.7962909937 0.0516772382 -0.6027023792 -0.1081914678 0.9924455881 -0.0578478612 0.5951598883 0.1112709790 0.7958664894
-98.3 -472.6 2589.3 0.8068051338 0.0935074091 -0.5833711028 -0.0261290539 0.9920772910 0.1228815168 0.5902395844 -0.0838984996 0.8028563261
21.8 -72.6 2787.0 0.7870135903 -0.1591454297 -0.5960556269 0.0055073122 0.9679291248 -0.2511630654 0.6169110537 0.1943860948 0.7626498342
85.0 -457.1 2709.8 0.7870135903 0.2139683813 -0.5786424875 0.0055073122 0.9354560375 0.3534001708 0.6169110537 -0.2813175023 0.7350382209
367.4 -36.1 2400.5 0 0 0 0 0 0 0 0 0
273.7 0.9 2537.9 0 0 0 0 0 0 0 0 0
-124.6 -751.7 2612.9 0 0 0 0 0 0 0 0 0
24.0 -723.7 2790.0 0 0 0 0 0 0 0 0 0
146.8 479.4 2590.6 8 0.4571931660 0.3047142327 -0.8355379105 0.0371199474 0.9321178794 0.3602476418 0.8885924220 -0.1957178861 0.4148469567
86.3 294.2 2629.5 0.4571931660 0.3047142327 -0.8355379105 0.0371199474 0.9321178794 0.3602476418 0.8885924220 -0.1957178861 0.4148469567
27.2 108.8 2669.8 0.4601384103 0.2968224883 -0.8367610574 0.0462527648 0.9331669211 0.3564549387 0.8866416216 -0.2027211189 0.4156571031
21.7 287.7 2505.1 -0.4430119991 -0.1261347085 -0.8875980973 0.8806889057 0.1239814460 -0.4571822584 0.1677122414 -0.9842350483 0.0561601706
139.8 52.9 2460.4 -0.9284926057 -0.1261347085 -0.3492728174 0.3345694542 0.1239814460 -0.9341797829 0.1611358523 -0.9842350483 -0.0729150325
150.9 300.7 2754.0 0.4648330510 0.8835147023 -0.0577232130 -0.8184497356 0.4536400437 0.3526339829 0.3377428651 -0.1166723743 0.9339792728
294.2 48.2 2858.1 -0.0603533126 0.8835147023 0.4644988775 -0.1367569864 0.4536400437 -0.8806294799 -0.9887644053 -0.1166723743 0.0934481323
-72.4 -84.1 2634.4 0.7832186222 0.0671648085 -0.6181079745 -0.1261138320 0.9906437397 -0.0521564372 0.6088216901 0.1188018546 0.7843610644
-99.1 -477.9 2587.2 0.7971698642 0.0935406536 -0.5964648724 -0.0236327499 0.9920024872 0.1239859238 0.6032923460 -0.0847417340 0.7930051684
14.9 -72.3 2794.3 0.7782949805 -0.1793113649 -0.6017510295 0.0078065116 0.9610459805 -0.2762782276 0.6278502345 0.2103283852 0.7493770719
86.2 -454.1 2710.8 0.7782949805 0.2115079015 -0.5912032723 0.0078065116 0.9382259250 0.3459351361 0.6278502345 -0.2738548219 0.7285654545
375.5 -32.1 2419.5 0 0 0 0 0 0 0 0 0
274.9 4.4 2541.1 0 0 0 0 0 0 0 0 0
-125.2 -754.1 2610.8 0 0 0 0 0 0 0 0 0
25.8 -722.0 2789.0 0 0 0 0 0 0 0 0 0
143.1 476.5 2588.2 9 0.4948451817 0.2945649922 -0.8175327182 0.0195849724 0.9367750287 0.3493837416 0.8687604070 -0.1889022142 0.4577895403
84.5 290.4 2625.7 0.4948451817 0.2945649922 -0.8175327182 0.0195849724 0.9367750287 0.3493837416 0.8687604070 -0.1889022142 0.4577895403
27.5 103.9 2664.3 0.4973919094 0.2865126133 -0.8188478351 0.0278023593 0.9381392002 0.3451403081 0.8670803308 -0.1944358945 0.4586571455
14.7 286.4 2504.0 -0.4743711054 -0.0825565234 -0.8764453530 0.8686650395 0.1176058576 -0.4812378883 0.1428044438 -0.9896227717 0.0159251504
143.4 50.7 2465.3 -0.9351588488 -0.0825565234 -0.3444740772 0.3340969086 0.1176058576 -0.9351727962 0.1177167892 -0.9896227717 -0.0823982731
154.4 294.3 2747.5 0.4800246954 0.8770682812 -0.0180985890 -0.8246064782 0.4581595659 0.3318343163 0.2993333936 -0.1443644613 0.9431640506
302.5 39.9 2839.8 -0.1024379879 0.8770682812 0.4693162441 -0.1152287871 0.4581595659 -0.8813694715 -0.9880428910 -0.1443644613 0.0541305616
-73.9 -80.9 2629.0 0.8102626801 0.0644384772 -0.5825135708 -0.1134291142 0.9923860431 -0.0479980782 0.5749853849 0.1049650460 0.8114025593
-99.5 -475.4 2587.2 0.8216596246 0.0867372751 -0.5633401275 -0.0226233806 0.9925374389 0.1198233068 0.5695292950 -0.0857093185 0.8174902201
10.3 -72.4 2791.2 0.7559521198 -0.1911121607 -0.6261090636 0.0143215181 0.9610357285 -0.2760529220 0.6544702649 0.1997159570 0.7292339802
86.3 -454.3 2711.8 0.7559521198 0.2152818739 -0.6182152629 0.0143215181 0.9387131929 0.3444015682 0.6544702649 -0.2692048848 0.7065390348
382.7 -34.8 2435.2 0 0 0 0 0 0 0 0 0
269.6 3.0 2522.9 0 0 0 0 0 0 0 0 0
-124.1 -757.2 2611.6 0 0 0 0 0 0 0 0 0
25.5 -719.4 2787.9 0 0 0 0 0 0 0 0 0
144.8 475.0 2585.0 0 0.4864902198 0.3037017882 -0.8192023635 0.0219533835 0.9330940247 0.3589619100 0.8734101653 -0.1926157176 0.4472738206
84.5 289.9 2623.2 0.4864902198 0.3037017882 -0.8192023635 0.0219533835 0.9330940247 0.3589619100 0.8734101653 -0.1926157176 0.4472738206
26.4 103.9 2662.5 0.4894970059 0.2921716869 -0.8216010928 0.0313833393 0.9356846213 0.3514389396 0.8714400530 -0.1978128999 0.4488455355
15.7 285.5 2500.7 -0.4557009935 -0.0058081564 -0.8901139498 0.8836868405 0.1171745360 -0.4531751573 0.1069308072 -0.9930943251 -0.0482639633
139.4 45.6 2471.7 -0.9382756352 -0.0058081564 -0.3458396196 0.3428243697 0.1171745360 -0.9320630431 0.0459371656 -0.9930943251 -0.1079508364
153.3 294.3 2745.7 0.4741976559 0.8800456524 -0.0256162807 -0.8243570924 0.4540312886 0.3380694389 0.3091471493 -0.1391947716 0.9407724738
299.7 39.8 2841.1 -0.0937893391 0.8800456524 0.4655353427 -0.1211639196 0.4540312886 -0.8827088475 -0.9881917238 -0.1391947716 0.0640464872
-75.0 -85.1 2623.6 0.8050046563 0.0598294884 -0.5902439952 -0.1044730321 0.9936503768 -0.0417652391 0.5839973688 0.0952857882 0.8061437607
-98.8 -480.1 2585.7 0.8149076700 0.0857142955 -0.5732177496 -0.0222877227 0.9929069877 0.1167861298 0.5791621208 -0.0823941901 0.8110378385
16.1 -79.9 2782.3 0.7311324477 -0.1742029488 -0.6596201062 0.0171166342 0.9712304473 -0.2375256270 0.6820207834 0.1623722166 0.7130798697
85.3 -465.7 2717.8 0.7311324477 0.2217467576 -0.6451928020 0.0171166342 0.9394440055 0.3422747254 0.6820207834 -0.2612916827 0.6830624342
379.0 -41.9 2460.0 0 0 0 0 0 0 0 0 0
269.6 0.9 2523.8 0 0 0 0 0 0 0 0 0
-122.8 -757.6 2608.7 0 0 0 0 0 0 0 0 0
24.7 -722.1 2789.1 0 0 0 0 0 0 0 0 0
146.2 474.6 2593.9 1 0.4664903879 0.3042301834 -0.8305605054 0.0072746291 0.9376377463 0.3475379050 0.8844963312 -0.1681651026 0.4351858199
85.8 288.4 2627.3 0.4664903879 0.3042301834 -0.8305605054 0.0072746291 0.9376377463 0.3475379050 0.8844963312 -0.1681651026 0.4351858199
26.6 102.0 2662.8 0.4702476859 0.2978136539 -0.8307672143 0.0189785026 0.9377123117 0.3468939662 0.8823304176 -0.1788928062 0.4353049994
19.6 285.7 2503.2 -0.4327874482 0.0698964968 -0.8987822533 0.8953577280 0.1494739056 -0.4195141792 0.1050219238 -0.9862920642 -0.1272727996
135.0 47.0 2475.2 -0.9388589859 0.0698964968 -0.3371325135 0.3440006673 0.1494739056 -0.9269957542 -0.0144012365 -0.9862920642 -0.1643793583
151.9 291.1 2751.3 0.4663021564 0.8834329247 -0.0459196866 -0.8291022778 0.4545460641 0.3255414665 0.3084666431 -0.1137285605 0.9444120526
295.9 35.0 2846.6 -0.0721460357 0.8834329247 0.4629700482 -0.1078673825 0.4545460641 -0.8841676712 -0.9915440083 -0.1137285605 0.0624998920
-76.6 -85.0 2621.9 0.7921386361 0.0626041442 -0.6071220040 -0.1081876159 0.9933760166 -0.0387239009 0.6006761789 0.0963577777 0.7936645150
-101.4 -479.9 2583.6 0.8035701513 0.0732589886 -0.5906844735 -0.0083606420 0.9936879873 0.1118672043 0.5951513648 -0.0849546418 0.7991104722
13.2 -79.2 2781.6 0.7358137369 -0.1773687005 -0.6535430551 0.0223430097 0.9709226489 -0.2383484840 0.6768153310 0.1607779711 0.7183811665
83.7 -465.0 2717.7 0.7358137369 0.2115635127 -0.6432876587 0.0223430097 0.9418433309 0.3353087306 0.6768153310 -0.2610977590 0.6882942915
376.5 -41.4 2478.9 0 0 0 0 0 0 0 0 0
272.7 0.4 2528.1 0 0 0 0 0 0 0 0 0
-122.0 -758.5 2607.4 0 0 0 0 0 0 0 0 0
24.1 -730.3 2791.3 0 0 0 0 0 0 0 0 0
153.4 474.4 2597.3 2 0.4824465215 0.3246386051 -0.8135448098 -0.0212126132 0.9328410029 0.3596633375 0.8756685257 -0.1562609226 0.4569323063
89.0 289.3 2628.3 0.4824465215 0.3246386051 -0.8135448098 -0.0212126132 0.9328410029 0.3596633375 0.8756685257 -0.1562609226 0.4569323063
27.5 103.1 2660.5 0.4863480628 0.3094090223 -0.8171485066 -0.0097064059 0.9370592237 0.3490355611 0.8737112284 -0.1618211865 0.4587401748
20.6 290.7 2505.5 -0.3867331743 0.1006735116 -0.9166800380 0.9157976508 0.1587772369 -0.3689233363 0.1084071174 -0.9821683168 -0.1536009908
125.5 42.2 2476.1 -0.9518798590 0.1006735116 -0.2894643247 0.3025849164 0.1587772369 -0.9398043156 -0.0486530513 -0.9821683168 -0.1815991402
157.4 288.0 2751.2 0.4585223496 0.8883613348 -0.0239027292 -0.8434274197 0.4434888065 0.3032290637 0.2799775600 -0.1188770831 0.9526178837
298.9 27.5 2837.6 -0.0916158482 0.8883613348 0.4499118030 -0.0824875832 0.4434888065 -0.8924760222 -0.9923720956 -0.1188770831 0.0326481797
-75.7 -86.1 2617.5 0.8034811616 0.0564669855 -0.5926461816 -0.0994619802 0.9942323565 -0.0401158743 0.5869628191 0.0911781117 0.8044633269
-98.2 -481.4 2581.2 0.8142782450 0.0881799534 -0.5737379789 -0.0130651519 0.9909280539 0.1337567419 0.5803276896 -0.1014192402 0.8080432415
10.5 -82.6 2779.2 0.7044707537 -0.1899060309 -0.6838542223 0.0267631635 0.9699600935 -0.2417874932 0.7092282176 0.1520301253 0.6883910298
86.0 -468.1 2718.8 0.7044707537 0.2273697257 -0.6723272800 0.0267631635 0.9381120205 0.3452963233 0.7092282176 -0.2612447739 0.6547873616
371.3 -35.9 2488.7 0 0 0 0 0 0 0 0 0
269.5 1.0 2518.9 0 0 0 0 0 0 0 0 0
-122.9 -759.7 2609.7 0 0 0 0 0 0 0 0 0
21.9 -732.4 2792.4 0 0 0 0 0 0 0 0 0
153.8 482.7 2590.6 3 0.4959768653 0.3208378553 -0.8068891168 -0.0130768837 0.9318907261 0.3625033200 0.8682372570 -0.1692416668 0.4663918018
90.0 297.3 2624.2 0.4959768653 0.3208378553 -0.8068891168 -0.0130768837 0.9318907261 0.3625033200 0.8682372570 -0.1692416668 0.4663918018
28.4 111.4 2658.3 0.4983012974 0.3098254204 -0.8097555637 -0.0061952998 0.9352184534 0.3540171087 0.8669818044 -0.1713905036 0.4679400027
19.9 298.2 2502.3 -0.3524713218 0.0924785882 -0.9312419891 0.9318526983 0.1262460351 -0.3401654065 0.0861075968 -0.9876789451 -0.1306745261
116.8 42.1 2478.6 -0.9469324350 0.0924785882 -0.3078419268 0.3178226054 0.1262460351 -0.9397078156 -0.0480390303 -0.9876789451 -0.1489382535
160.1 296.5 2746.2 0.4600248933 0.8878511786 -0.0098675834 -0.8431178927 0.4402782023 0.3087188601 0.2784408927 -0.1336988211 0.9511021376
302.2 36.0 2832.2 -0.1055924818 0.8878511786 0.4478509724 -0.0878559500 0.4402782023 -0.8935527205 -0.9905208349 -0.1336988211 0.0315129384
-78.6 -82.2 2612.6 0.8116698265 0.0554062352 -0.5814828277 -0.0904191434 0.9954097271 -0.0313656367 0.5770758390 0.0780357197 0.8129538298
-100.7 -478.0 2581.6 0.8208771348 0.0760152563 -0.5660233498 -0.0076198187 0.9924718738 0.1222353652 0.5710539818 -0.0960272178 0.8152766824
10.5 -84.0 2772.8 0.7008249164 -0.1934819967 -0.6865924001 0.0331343487 0.9703034759 -0.2396106869 0.7125633359 0.1451753527 0.6864237785
87.4 -469.7 2715.1 0.7008249164 0.2319694310 -0.6745625138 0.0331343487 0.9340416789 0.3556237817 0.7125633359 -0.2715812027 0.6469135284
362.1 -40.2 2491.1 0 0 0 0 0 0 0 0 0
268.2 7.8 2513.9 0 0 0 0 0 0 0 0 0
-122.0 -755.9 2608.5 0 0 0 0 0 0 0 0 0
23.3 -728.0 2790.2 0 0 0 0 0 0 0 0 0
159.3 481.3 2596.2 4 0.5597887635 0.3216013312 -0.7636812925 -0.0649929643 0.9358144999 0.3464493155 0.8260825872 -0.1443045288 0.5447602868
95.0 294.2 2625.0 0.5597887635 0.3216013312 -0.7636812925 -0.0649929643 0.9358144999 0.3464493155 0.8260825872 -0.1443045288 0.5447602868
34.0 107.3 2654.3 0.5634607077 0.3057620227 -0.7674773932 -0.0540101267 0.9406350255 0.3350950480 0.8243754506 -0.1473613381 0.5465251207
16.0 301.7 2509.5 -0.2754283547 0.1575860232 -0.9483174086 0.9526165724 0.1771952510 -0.2472317070 0.1290770769 -0.9714774489 -0.1989236623
92.0 38.6 2473.9 -0.9439800978 0.1575860232 -0.2899451256 0.3158787191 0.1771952510 -0.9321064949 -0.0955100507 -0.9714774489 -0.2170468718
174.0 286.7 2740.5 0.4694623351 0.8803752065 0.0674140677 -0.8602355123 0.4388410151 0.2596409321 0.1989973634 -0.1798836142 0.9633493423
318.5 21.8 2801.8 -0.1826022118 0.8803752065 0.4377167821 -0.0364127904 0.4388410151 -0.8978266716 -0.9825123549 -0.1798836142 -0.0480764173
-78.9 -73.9 2612.9 0.8552564383 0.0453836918 -0.5162138939 -0.0814818367 0.9955435395 -0.0474733859 0.5117588639 0.0826639757 0.8551429510
-96.9 -469.7 2580.0 0.8619630933 0.0884955823 -0.4991874397 -0.0231969487 0.9905002713 0.1355402321 0.5064399838 -0.1052510515 0.8558275104
12.5 -75.0 2771.9 0.7107863426 -0.1930798441 -0.6763896942 0.0298429690 0.9690011740 -0.2452471107 0.7027746439 0.1541328132 0.6945148706
