-20.9 369.1 2434.0 7 0.4139457941 0.3701726794 -0.8316375613 -0.2268388420 0.9267115593 0.2995828092 0.8815855384 0.0646366626 0.4675778747
-93.8 186.7 2421.3 0.4139457941 0.3701726794 -0.8316375613 -0.2268388420 0.9267115593 0.2995828092 0.8815855384 0.0646366626 0.4675778747
-160.6 4.6 2414.4 0.4279585481 0.3444949687 -0.8355684876 -0.1902741939 0.9381292462 0.2893255651 0.8835424185 0.0351677686 0.4670289159
-152.2 212.7 2300.7 -0.2863398492 0.6736748219 -0.6813014746 0.7611278296 0.5918472409 0.2653323412 0.5819741488 -0.4425823092 -0.6822221279
-78.0 15.5 2149.9 -0.7276717424 0.6736748219 -0.1290585697 0.6358017325 0.5918472409 -0.4954523444 -0.2573907971 -0.4425823092 -0.8589941263
-35.3 160.7 2541.9 -0.2315295190 0.9056320190 -0.3552812040 -0.9196592569 -0.0846757218 0.3834799528 0.3172080517 0.4155245721 0.8524777889
-91.3 -61.7 2618.6 0.1008579433 0.9056320190 -0.4118960202 -0.9087361693 -0.0846757218 -0.4086912870 -0.4050014913 0.4155245721 0.8144403696
-267.0 -161.3 2327.7 0.4990586638 -0.0099939397 -0.8665105700 0.0485428534 0.9986857772 0.0164394155 0.8652074933 -0.0502671301 0.4988879561
-263.1 -549.0 2347.2 0.4920153618 0.1265872121 -0.8613341451 -0.0143566243 0.9904175401 0.1373572797 0.8704681396 -0.0552160405 0.4891180098
-194.2 -195.5 2487.6 0.5100376606 -0.0656285584 -0.8576447368 -0.0168357231 0.9961323142 -0.0862380192 0.8599873185 0.0584237091 0.5069600940
-168.8 -582.2 2465.0 0.5086579323 -0.0385407880 -0.8601056337 0.0412455909 0.9989413619 -0.0203696974 0.8599801660 -0.0251143556 0.5097090602
126.9 -163.5 2222.4 0 0 0 0 0 0 0 0 0
-64.6 -302.1 2511.5 0 0 0 0 0 0 0 0 0
-310.3 -918.7 2367.8 0 0 0 0 0 0 0 0 0
-158.4 -850.1 2471.7 0 0 0 0 0 0 0 0 0
-21.7 369.7 2438.5 8 0.4033941925 0.3635842800 -0.8396902084 -0.2224450558 0.9291047454 0.2954361439 0.8875761032 0.0676077157 0.4556729794
-93.4 186.5 2425.2 0.4033941925 0.3635842800 -0.8396902084 -0.2224450558 0.9291047454 0.2954361439 0.8875761032 0.0676077157 0.4556729794
-159.7 4.3 2417.8 0.4165225625 0.3418256342 -0.8424156904 -0.1876778901 0.9389926195 0.2882183790 0.8895425797 0.0380533375 0.4552647471
-150.3 212.2 2303.7 -0.3072668910 0.6546497345 -0.6906669140 0.7474319935 0.6152441502 0.2506393790 0.5890097618 -0.4392133355 -0.6783503294
-69.5 15.7 2148.9 -0.7451922894 0.6546497345 -0.1269731224 0.6228350997 0.6152441502 -0.4832712710 -0.2382539362 -0.4392133355 -0.8662140369
-36.5 160.9 2546.6 -0.2336638868 0.9001755118 -0.3675394654 -0.9195658565 -0.0817751065 0.3843325675 0.3159111738 0.4277813733 0.8468785286
-93.0 -61.5 2623.0 0.1084353030 0.9001755118 -0.4218125641 -0.9092035294 -0.0817751065 -0.4082422554 -0.4019834399 0.4277813733 0.8095754385
-265.7 -160.5 2328.5 0.4873734713 -0.0064305272 -0.8731699586 0.0442763157 0.9988685250 0.0173572749 0.8720703721 -0.0471202247 0.4871067405
-263.3 -548.3 2346.8 0.4807839096 0.1289161593 -0.8673104644 -0.0124006830 0.9900337458 0.1402834356 0.8767514229 -0.0566907786 0.4775909185
-189.1 -194.5 2486.7 0.4993198812 -0.0563658886 -0.8645823002 -0.0270070452 0.9963841438 -0.0805559307 0.8659967184 0.0635729954 0.4959921539
-167.2 -581.3 2462.0 0.4984441996 -0.0306901410 -0.8663783669 0.0509925969 0.9986807704 -0.0060397284 0.8654207587 -0.0411684178 0.4993515909
139.2 -158.7 2215.6 0 0 0 0 0 0 0 0 0
-64.3 -302.0 2516.7 0 0 0 0 0 0 0 0 0
-311.4 -917.8 2368.0 0 0 0 0 0 0 0 0 0
-158.8 -855.3 2473.3 0 0 0 0 0 0 0 0 0
-22.6 372.1 2441.7 9 0.3943105936 0.3586574197 -0.8460993171 -0.2263354659 0.9302375317 0.2888432741 0.8906691074 0.0776083022 0.4479793906
-93.4 188.5 2426.4 0.3943105936 0.3586574197 -0.8460993171 -0.2263354659 0.9302375317 0.2888432741 0.8906691074 0.0776083022 0.4479793906
-158.5 5.8 2417.4 0.4080197513 0.3352128267 -0.8492068648 -0.1893644780 0.9410004020 0.2804628015 0.8931186795 0.0463752449 0.4474241138
-149.2 214.4 2304.4 -0.3155008256 0.6390063763 -0.7015198469 0.7435423732 0.6257974505 0.2356317490 0.5895795226 -0.4472677112 -0.6725679040
-65.5 17.3 2148.2 -0.7559919953 0.6390063763 -0.1419400126 0.6182453632 0.6257974505 -0.4755526185 -0.2150554657 -0.4472677112 -0.8681605458
-37.7 162.6 2548.4 -0.2310308814 0.8959832191 -0.3792608380 -0.9225934744 -0.0779681355 0.3778123856 0.3089433014 0.4371899068 0.8446413279
-93.6 -60.5 2623.1 0.1188489646 0.8959832191 -0.4278889596 -0.9064576030 -0.0779681355 -0.4150368571 -0.4052277505 0.4371899068 0.8029043674
-263.4 -161.2 2330.7 0.4775384367 0.0023953873 -0.8786076307 0.0417224951 0.9988062978 0.0253999867 0.8776196837 -0.0487871692 0.4768684506
-264.3 -549.0 2349.7 0.4704704285 0.1249200255 -0.8735287786 -0.0221599992 0.9912891984 0.1298254281 0.8821374774 -0.0417216271 0.4691404998
-188.8 -194.8 2490.0 0.4901941419 -0.0592286699 -0.8695985675 -0.0310056005 0.9958721399 -0.0853071138 0.8710616231 0.0687794760 0.4863342643
-165.8 -581.4 2463.3 0.4894608855 -0.0282350723 -0.8715680242 0.0447107553 0.9989736676 -0.0072535099 0.8708782792 -0.0354181565 0.4902209342
146.1 -155.8 2208.3 0 0 0 0 0 0 0 0 0
-62.1 -300.3 2515.9 0 0 0 0 0 0 0 0 0
-310.9 -919.0 2365.2 0 0 0 0 0 0 0 0 0
-158.1 -854.1 2473.0 0 0 0 0 0 0 0 0 0
-25.3 370.3 2443.8 0 0.3787752688 0.3518728018 -0.8559876084 -0.2193429172 0.9326830506 0.2863407135 0.8991206884 0.0792960450 0.4304580688
-94.8 186.1 2428.2 0.3787752688 0.3518728018 -0.8559876084 -0.2193429172 0.9326830506 0.2863407135 0.8991206884 0.0792960450 0.4304580688
-158.7 3.0 2418.9 0.3920620680 0.3293076158 -0.8589783907 -0.1827566177 0.9430044293 0.2781054974 0.9016026855 0.0479493625 0.4298993945
-148.4 211.0 2305.0 -0.3381534517 0.6328641176 -0.6965165138 0.7302783728 0.6432847977 0.2299525291 0.5935871601 -0.4308916926 -0.6796959639
-58.1 16.1 2146.6 -0.7608826756 0.6328641176 -0.1433197558 0.6197334528 0.6432847977 -0.4495721459 -0.1923226714 -0.4308916926 -0.8816713095
-41.3 161.1 2551.3 -0.2319935858 0.8879532814 -0.3971372247 -0.9222665429 -0.0710144192 0.3799755275 0.3091980517 0.4544182420 0.8354044557
-97.4 -62.0 2626.1 0.1312341243 0.8879532814 -0.4408135712 -0.9078157544 -0.0710144192 -0.4133127928 -0.3983065784 0.4544182420 0.7967784405
-260.1 -159.9 2328.4 0.4605932832 0.0111010456 -0.8875418901 0.0381671824 0.9987492561 0.0322989896 0.8867903352 -0.0487516709 0.4595934749
-264.4 -547.6 2347.3 0.4559752643 0.1244069263 -0.8812544942 -0.0015077076 0.9902885556 0.1390191764 0.8899911642 -0.0620606318 0.4517346621
-187.0 -193.8 2488.4 0.4734988511 -0.0523813739 -0.8792354465 -0.0189548209 0.9973928928 -0.0696285516 0.8805904388 0.0496347919 0.4712715149
-166.7 -580.9 2469.1 0.4726544917 -0.0299400538 -0.8807390928 0.0234425385 0.9994961619 -0.0213965159 0.8809359670 -0.0105336010 0.4731182158
155.5 -157.9 2200.6 0 0 0 0 0 0 0 0 0
-62.7 -302.1 2520.8 0 0 0 0 0 0 0 0 0
-310.8 -917.2 2370.5 0 0 0 0 0 0 0 0 0
-158.5 -851.7 2472.0 0 0 0 0 0 0 0 0 0
-22.0 374.3 2444.4 1 0.3531095088 0.3600803316 -0.8635136485 -0.2099848390 0.9299243093 0.3019058406 0.9117127061 0.0747189522 0.4039765298
-93.3 190.2 2429.6 0.3531095088 0.3600803316 -0.8635136485 -0.2099848390 0.9299243093 0.3019058406 0.9117127061 0.0747189522 0.4039765298
-158.7 7.7 2420.9 0.3661450446 0.3371935487 -0.8673167229 -0.1750198454 0.9403596520 0.2917049229 0.9139506817 0.0449913181 0.4033235908
-143.3 214.1 2304.8 -0.3244044781 0.6113910675 -0.7217774391 0.7333112359 0.6445420980 0.2163794935 0.5975084305 -0.4590930343 -0.6574323177
-55.5 15.6 2143.1 -0.7689723372 0.6113910675 -0.1867686808 0.6208406687 0.6445420980 -0.4462312162 -0.1524415016 -0.4590930343 -0.8752114773
-43.3 166.4 2554.4 -0.2492996454 0.8748144507 -0.4153905809 -0.9160567522 -0.0738808066 0.3941847682 0.3141491413 0.4787914753 0.8197981715
-103.6 -55.2 2630.4 0.1326439083 0.8748144507 -0.4659455419 -0.9140095115 -0.0738808066 -0.3989088237 -0.3833956420 0.4787914753 0.7897889018
-257.7 -163.7 2328.8 0.4369765520 0.0152372643 -0.8993438482 0.0320968665 0.9989555478 0.0325202942 0.8989000320 -0.0430767238 0.4360310733
-263.7 -551.5 2345.6 0.4346806407 0.1265406460 -0.8916502595 0.0135573661 0.9890477061 0.1469722539 0.9004825950 -0.0759744272 0.4282043278
-187.5 -196.4 2490.4 0.4504351914 -0.0476728417 -0.8915354609 -0.0278406758 0.9973377585 -0.0673964769 0.8923749328 0.0551786944 0.4479087889
-169.0 -583.6 2468.9 0.4491519332 -0.0355953686 -0.8927460313 0.0276613925 0.9992810488 -0.0259263106 0.8930270672 -0.0130497459 0.4498136640
160.2 -158.5 2185.8 0 0 0 0 0 0 0 0 0
-68.5 -296.9 2529.0 0 0 0 0 0 0 0 0 0
-310.9 -920.6 2373.9 0 0 0 0 0 0 0 0 0
-159.4 -853.6 2472.5 0 0 0 0 0 0 0 0 0
-20.8 374.8 2452.7 2 0.3240870833 0.3616357148 -0.8741779923 -0.2258733809 0.9269062877 0.2997098565 0.9186668396 0.1003214568 0.3820822239
-92.2 191.6 2432.9 0.3240870833 0.3616357148 -0.8741779923 -0.2258733809 0.9269062877 0.2997098565 0.9186668396 0.1003214568 0.3820822239
-158.0 9.4 2420.5 0.3393459916 0.3389714360 -0.8774637580 -0.1852428466 0.9386303425 0.2909606993 0.9222415090 0.0638075396 0.3813124895
-138.6 216.9 2307.0 -0.3019875586 0.6020246148 -0.7391683459 0.7265975475 0.6472986937 0.2303485125 0.6171382070 -0.4675155282 -0.6329057813
-55.0 15.8 2136.2 -0.7716910839 0.6020246148 -0.2050834149 0.6220525503 0.6472986937 -0.4405167699 -0.1324517131 -0.4675155282 -0.8740056157
-45.9 166.3 2558.8 -0.2610662580 0.8605434299 -0.4373892844 -0.9182006717 -0.0815352574 0.3876331747 0.2979125381 0.5028091073 0.8114376664
-109.0 -55.7 2630.8 0.1406159848 0.8605434299 -0.4895836413 -0.9107233882 -0.0815352574 -0.4048887193 -0.3883426785 0.5028091073 0.7722519040
-257.0 -159.2 2330.3 0.4115075767 0.0126567101 -0.9113184810 0.0356123783 0.9989166856 0.0299541410 0.9107103348 -0.0447805710 0.4106110334
-261.9 -547.0 2347.7 0.4073378742 0.1215869486 -0.9051477909 -0.0005942225 0.9911333323 0.1328698248 0.9132773280 -0.0535850525 0.4037983716
-191.4 -190.5 2494.0 0.4244523048 -0.0521183088 -0.9039490819 -0.0327814110 0.9968029857 -0.0728645399 0.9048566818 0.0605602451 0.4213868082
-171.2 -577.4 2470.4 0.4226106107 -0.0437647253 -0.9052540660 0.0259802435 0.9990079403 -0.0361686125 0.9059389234 -0.0082334811 0.4233283699
161.5 -158.7 2173.3 0 0 0 0 0 0 0 0 0
-71.8 -296.6 2528.1 0 0 0 0 0 0 0 0 0
-307.3 -916.8 2367.7 0 0 0 0 0 0 0 0 0
-159.0 -855.4 2472.7 0 0 0 0 0 0 0 0 0
-22.6 375.0 2456.8 3 0.3115514517 0.3552856445 -0.8813102841 -0.2282626927 0.9282962084 0.2935342193 0.9224054813 0.1097192466 0.3703104556
-92.8 191.6 2435.2 0.3115514517 0.3552856445 -0.8813102841 -0.2282626927 0.9282962084 0.2935342193 0.9224054813 0.1097192466 0.3703104556
-157.4 9.1 2421.0 0.3264571428 0.3331729472 -0.8845459223 -0.1878120005 0.9400224090 0.2847534120 0.9263651371 0.0731685534 0.3694509268
-137.4 217.3 2308.6 -0.2956877053 0.6016411185 -0.7420220971 0.7182574868 0.6521347761 0.2425415665 0.6298214197 -0.4612463415 -0.6249614358
-54.4 15.6 2131.8 -0.7680314779 0.6016411185 -0.2194439471 0.6309373975 0.6521347761 -0.4202834964 -0.1097527891 -0.4612463415 -0.8804579377
-48.2 165.9 2561.7 -0.2608095706 0.8533461690 -0.4514185190 -0.9208379984 -0.0794880539 0.3817577660 0.2898891568 0.5152494311 0.8065248132
-111.3 -56.8 2631.8 0.1511048526 0.8533461690 -0.4989665449 -0.9081765413 -0.0794880539 -0.4109708369 -0.3903622925 0.5152494311 0.7629779577
-254.1 -156.2 2325.5 0.3978449106 0.0208628662 -0.9172154665 0.0466799326 0.9979861975 0.0429476239 0.9162643552 -0.0599020496 0.3960698545
-262.2 -543.6 2348.8 0.3919256926 0.1267350465 -0.9112257957 -0.0035310255 0.9906661510 0.1362650394 0.9199901223 -0.0501882061 0.3887149990
-193.4 -189.3 2490.6 0.4114198089 -0.0565463863 -0.9096902013 -0.0415654704 0.9958712459 -0.0807019547 0.9104976654 0.0710140839 0.4073707759
-171.4 -575.9 2463.1 0.4089726806 -0.0452929288 -0.9114218950 0.0525741540 0.9982780218 -0.0260181855 0.9110308886 -0.0372765101 0.4106496572
161.2 -161.5 2162.6 0 0 0 0 0 0 0 0 0
-71.3 -297.0 2528.5 0 0 0 0 0 0 0 0 0
-309.5 -913.3 2367.5 0 0 0 0 0 0 0 0 0
-158.8 -853.7 2473.4 0 0 0 0 0 0 0 0 0
-23.9 369.9 2451.4 4 0.3403944373 0.3543121815 -0.8709732890 -0.2219387144 0.9303913116 0.2917451859 0.9137148857 0.0939942524 0.3953356147
-93.7 186.4 2432.9 0.3403944373 0.3543121815 -0.8709732890 -0.2219387144 0.9303913116 0.2917451859 0.9137148857 0.0939942524 0.3953356147
-157.7 3.6 2421.2 0.3547206223 0.3300010562 -0.8747985959 -0.1827385724 0.9420664310 0.2812781930 0.9169405103 0.0600842722 0.3944742978
-142.2 211.4 2307.7 -0.2995966971 0.6106117964 -0.7330723405 0.6826647520 0.6739650369 0.2823826373 0.6664912701 -0.4158417284 -0.6187608838
-59.2 22.4 2123.1 -0.7634892464 0.6106117964 -0.2103268206 0.6404530406 0.6739650369 -0.3682268858 -0.0830907598 -0.4158417284 -0.9056332707
-45.3 161.5 2558.1 -0.2469893098 0.8686292171 -0.4295108914 -0.9212442040 -0.0730290785 0.3820678294 0.3005084693 0.4900510907 0.8182570338
-105.0 -61.3 2630.7 0.1444934011 0.8686292171 -0.4739250839 -0.9087441564 -0.0730290785 -0.4109145701 -0.3915427029 0.4900510907 0.7788094878
-251.3 -156.5 2323.8 0.4243077040 0.0268816371 -0.9051189423 0.0433765426 0.9978083968 0.0499688163 0.9044785500 -0.0604630858 0.4222117662
-261.7 -543.8 2347.3 0.4179208577 0.1311424822 -0.8989682198 -0.0093270177 0.9900934696 0.1400998980 0.9084355831 -0.0501659773 0.4150038660
-192.8 -190.1 2489.7 0.4383971989 -0.0572502278 -0.8969561458 -0.0365623981 0.9960071445 -0.0814426616 0.8980373740 0.0684991032 0.4345535636
-170.6 -576.8 2463.1 0.4362052083 -0.0448954031 -0.8987265825 0.0433131866 0.9986444712 -0.0288642980 0.8988041878 -0.0263359547 0.4375584722
154.6 -157.0 2146.4 0 0 0 0 0 0 0 0 0
-66.8 -301.7 2527.1 0 0 0 0 0 0 0 0 0
-310.7 -913.4 2366.0 0 0 0 0 0 0 0 0 0
-158.2 -852.7 2470.4 0 0 0 0 0 0 0 0 0
-22.3 370.6 2455.7 5 0.3204478323 0.3539645672 -0.8786479831 -0.2095822543 0.9310671091 0.2986458540 0.9237902761 0.0884486064 0.3725430965
-92.5 186.0 2438.2 0.3204478323 0.3539645672 -0.8786479831 -0.2095822543 0.9310671091 0.2986458540 0.9237902761 0.0884486064 0.3725430965
-156.9 3.3 2426.9 0.3332593441 0.3323498964 -0.8823161125 -0.1746290624 0.9413780570 0.2886381745 0.9265219569 0.0578866713 0.3717609942
-138.0 209.9 2311.6 -0.2545482218 0.5727450848 -0.7792100310 0.6678298712 0.6868760586 0.2867134213 0.6994343996 -0.4473973215 -0.5573393106
-67.8 25.7 2118.8 -0.7784093618 0.5727450848 -0.2569862306 0.6268275976 0.6868760586 -0.3678158224 -0.0341470242 -0.4473973215 -0.8936831951
-47.0 162.2 2564.7 -0.2575395703 0.8570656776 -0.4462194741 -0.9171213508 -0.0714136288 0.3921587467 0.3042396307 0.5102338195 0.8044250607
-109.2 -59.6 2638.2 0.1494868696 0.8570656776 -0.4930437207 -0.9132741094 -0.0714136288 -0.4010367692 -0.3789249063 0.5102338195 0.7720604539
-253.5 -162.9 2327.4 0.4034982324 0.0215744395 -0.9147260189 0.0318182334 0.9987864494 0.0375925228 0.9144270420 -0.0442734845 0.4023221135
-261.9 -550.6 2344.6 0.4015841186 0.1230600327 -0.9075165987 0.0160120130 0.9898361564 0.1413080990 0.9156821370 -0.0712782517 0.3955320418
-190.0 -195.6 2491.6 0.4184006453 -0.0528722405 -0.9067223668 -0.0377425961 0.9964298010 -0.0755192563 0.9074780345 0.0658193603 0.4149113297
-169.5 -582.5 2466.1 0.4165376425 -0.0406460874 -0.9082093835 0.0359946601 0.9989540577 -0.0281988289 0.9084056020 -0.0209448133 0.4175650179
149.1 -148.9 2128.3 0 0 0 0 0 0 0 0 0
-69.7 -301.2 2538.0 0 0 0 0 0 0 0 0 0
-307.8 -920.0 2371.2 0 0 0 0 0 0 0 0 0
-158.5 -852.3 2471.7 0 0 0 0 0 0 0 0 0
-20.0 371.3 2458.8 6 0.3043431938 0.3602395356 -0.8818178177 -0.2113458663 0.9281959534 0.3062437475 0.9288208485 0.0931653529 0.3586252630
-91.4 187.6 2440.4 0.3043431938 0.3602395356 -0.8818178177 -0.2113458663 0.9281959534 0.3062437475 0.9288208485 0.0931653529 0.3586252630
-156.9 5.2 2428.3 0.3176132143 0.3376879096 -0.8860523105 -0.1758401245 0.9392050505 0.2949137688 0.9317736030 0.0621350482 0.3576830029
-134.7 211.6 2313.1 -0.2213589847 0.5587332845 -0.7992604971 0.6608980894 0.6886219978 0.2983511984 0.7170870900 -0.4621869922 -0.5216984153
-73.4 28.4 2114.4 -0.7803505063 0.5587332845 -0.2808384299 0.6252307892 0.6886219978 -0.3672685027 -0.0118136117 -0.4621869922 -0.8867037892
-48.0 163.6 2567.6 -0.2683765590 0.8485255837 -0.4560464025 -0.9150365591 -0.0765590072 0.3960388601 0.3011346459 0.5235866904 0.7969785929
-112.9 -57.7 2640.5 0.1493125856 0.8485255837 -0.5076515079 -0.9146283865 -0.0765590072 -0.3969806433 -0.3757135272 0.5235866904 0.7646543980
-251.3 -163.8 2332.7 0.3892458677 0.0322244428 -0.9205700755 0.0247849338 0.9986596704 0.0454378054 0.9208003879 -0.0405027457 0.3879254758
-263.8 -551.5 2348.4 0.3857973516 0.1187715530 -0.9149063826 -0.0055229901 0.9919582009 0.1264453530 0.9225670099 -0.0437292643 0.3833508193
-191.6 -195.1 2498.6 0.4046922624 -0.0552998334 -0.9127793312 -0.0539018735 0.9949917197 -0.0841786638 0.9128629565 0.0832669735 0.3996846676
-170.1 -581.3 2466.3 0.4024226069 -0.0435594507 -0.9144170880 0.0338380709 0.9988924861 -0.0326918699 0.9148284197 -0.0177861638 0.4034508765
143.3 -145.2 2117.7 0 0 0 0 0 0 0 0 0
-73.4 -299.7 2541.1 0 0 0 0 0 0 0 0 0
-308.1 -921.6 2364.7 0 0 0 0 0 0 0 0 0
-158.3 -852.6 2471.1 0 0 0 0 0 0 0 0 0
-19.4 372.0 2459.9 7 0.3119014800 0.3678582311 -0.8760124445 -0.2239611298 0.9244915247 0.3084750772 0.9233411551 0.0999789014 0.3707362115
-92.1 189.3 2440.1 0.3119014800 0.3678582311 -0.8760124445 -0.2239611298 0.9244915247 0.3084750772 0.9233411551 0.0999789014 0.3707362115
-158.7 7.5 2426.8 0.3258700371 0.3430477083 -0.8809806705 -0.1873887777 0.9367948174 0.2954672575 0.9266574979 0.0688019693 0.3695566654
-136.6 214.9 2313.6 -0.2076062709 0.5524129272 -0.8073039055 0.6550732255 0.6914203167 0.3046588004 0.7264837623 -0.4655940831 -0.5054141283
-78.2 30.4 2108.9 -0.7765468359 0.5524129272 -0.3030097783 0.6299023032 0.6914203167 -0.3537810147 0.0140739158 -0.4655940831 -0.8848864436
-47.6 163.7 2566.7 -0.2701052427 0.8532258272 -0.4461488724 -0.9168149829 -0.0863806605 0.3898571730 0.2940976024 0.5143384337 0.8055821061
-113.0 -58.0 2637.8 0.1409798115 0.8532258272 -0.5021258593 -0.9112755060 -0.0863806605 -0.4026354551 -0.3869129419 0.5143384337 0.7653458714
-250.9 -161.3 2332.8 0.3984745145 0.0273992699 -0.9167700410 0.0150182862 0.9992247820 0.0363912769 0.9170564413 -0.0282693114 0.3977541029
-261.5 -549.2 2343.8 0.3982270956 0.1321174800 -0.9077225327 0.0131616304 0.9886483550 0.1496702433 0.9171923995 -0.0715498552 0.3919676840
-194.0 -192.8 2499.7 0.4127844870 -0.0564937890 -0.9090750217 -0.0545661487 0.9947481751 -0.0865947828 0.9091927409 0.0853497088 0.4075339735
-172.0 -579.0 2466.5 0.4098832309 -0.0500512607 -0.9107637405 0.0404936485 0.9985074401 -0.0366493389 0.9112387300 -0.0218581986 0.4112981856
136.8 -144.0 2105.0 0 0 0 0 0 0 0 0 0
-75.7 -299.1 2535.5 0 0 0 0 0 0 0 0 0
-310.8 -918.0 2370.5 0 0 0 0 0 0 0 0 0
-158.2 -855.6 2472.6 0 0 0 0 0 0 0 0 0
-20.2 370.4 2460.9 8 0.3317449689 0.3718293905 -0.8669995070 -0.2404494435 0.9220193624 0.3034211695 0.9122112393 0.1078111082 0.3952814341
-93.6 188.3 2439.6 0.3317449689 0.3718293905 -0.8669995070 -0.2404494435 0.9220193624 0.3034211695 0.9122112393 0.1078111082 0.3952814341
-161.2 7.0 2424.8 0.3459408283 0.3479545116 -0.8713510036 -0.2038367540 0.9343825579 0.2921981812 0.9158468843 0.0765300915 0.3941670060
-140.8 216.2 2314.6 -0.1793532521 0.5197808743 -0.8352605700 0.6495260000 0.7002366185 0.2962847650 0.7388831973 -0.4893838167 -0.4632008970
-90.6 34.3 2107.7 -0.7914116979 0.5197808743 -0.3217069507 0.6104014516 0.7002366185 -0.3702414632 0.0328265503 -0.4893838167 -0.8714504838
-46.4 160.5 2564.7 -0.2669021487 0.8642282486 -0.4264654815 -0.9206489921 -0.0978294387 0.3779350221 0.2849012315 0.4934966862 0.8217617273
-110.9 -62.2 2633.6 0.1287667751 0.8642282486 -0.4863421619 -0.9052261114 -0.0978294387 -0.4135155082 -0.4049503505 0.4934966862 0.7697247863
-254.5 -157.6 2330.4 0.4196316302 0.0158506092 -0.9075560570 0.0233412199 0.9993284345 0.0282458346 0.9073943496 -0.0330363140 0.4189798534
-260.7 -545.5 2343.3 0.4191288650 0.1318780184 -0.8982979655 0.0195521601 0.9878542423 0.1541483402 0.9077162147 -0.0821716860 0.4114597142
-196.1 -191.2 2496.4 0.4316678345 -0.0627490580 -0.8998474479 -0.0489753522 0.9944756627 -0.0928418338 0.9007021189 0.0841471776 0.4262099862
-171.8 -577.2 2463.8 0.4287957847 -0.0500075854 -0.9020162821 0.0544562973 0.9980818629 -0.0294462908 0.9017586708 -0.0364940204 0.4306965172
128.5 -134.7 2098.6 0 0 0 0 0 0 0 0 0
-76.9 -301.6 2526.5 0 0 0 0 0 0 0 0 0
-309.9 -914.1 2373.9 0 0 0 0 0 0 0 0 0
-157.8 -856.9 2474.0 0 0 0 0 0 0 0 0 0
-21.4 370.5 2461.0 9 0.3458942175 0.3673783839 -0.8633599281 -0.2417847216 0.9239819646 0.2963064015 0.9065855145 0.1062565744 0.4084264934
-93.8 188.3 2440.0 0.3458942175 0.3673783839 -0.8633599281 -0.2417847216 0.9239819646 0.2963064015 0.9065855145 0.1062565744 0.4084264934
-160.4 6.5 2425.1 0.3594636917 0.3426246345 -0.8679828644 -0.2062308192 0.9363241196 0.2841936350 0.9100850224 0.0768475160 0.4072342813
-142.9 216.4 2315.7 -0.1501747370 0.5144636035 -0.8442598581 0.6434013844 0.6992255449 0.3116380274 0.7506545186 -0.4963978231 -0.4360126257
-100.7 35.3 2104.4 -0.7889016867 0.5144636035 -0.3360971808 0.6128243804 0.6992255449 -0.3681437969 0.0456111357 -0.4963978231 -0.8668960929
-44.7 160.1 2564.3 -0.2568064928 0.8713843226 -0.4180188775 -0.9239378572 -0.0944652632 0.3706954718 0.2835299373 0.4814204872 0.8293642402
-106.9 -63.4 2632.9 0.1295255423 0.8713843226 -0.4731939435 -0.9021723270 -0.0944652632 -0.4209054410 -0.4114708006 0.4814204872 0.7739031911
-259.7 -156.1 2328.0 0.4315981865 0.0048195245 -0.9020530581 0.0360671394 0.9990938902 0.0225947574 0.9013446569 -0.0422863327 0.4310333133
-261.6 -544.0 2344.4 0.4287083745 0.1260935217 -0.8946002126 0.0124380654 0.9892945886 0.1454011947 0.9033573270 -0.0734618083 0.4225504994
-197.7 -192.6 2492.0 0.4424128532 -0.0660470277 -0.8943760991 -0.0281941947 0.9957671165 -0.0874810144 0.8963682055 0.0639189407 0.4386780560
-172.1 -579.2 2467.2 0.4396375120 -0.0533696227 -0.8965882659 0.0473454408 0.9982222915 -0.0362038128 0.8969265819 -0.0265328158 0.4413827360
117.9 -134.5 2091.7 0 0 0 0 0 0 0 0 0
-72.6 -302.0 2524.0 0 0 0 0 0 0 0 0 0
-308.6 -913.2 2371.8 0 0 0 0 0 0 0 0 0
-157.3 -856.1 2474.5 0 0 0 0 0 0 0 0 0
-22.1 372.0 2461.5 0 0.3500924408 0.3645975292 -0.8628464341 -0.2387959957 0.9254441857 0.2941589653 0.9057658315 0.1030614525 0.4110554457
-94.1 189.2 2441.1 0.3500924408 0.3645975292 -0.8628464341 -0.2387959957 0.9254441857 0.2941589653 0.9057658315 0.1030614525 0.4110554457
-160.6 7.5 2426.2 0.3621403277 0.3423838019 -0.8669646382 -0.2070676237 0.9364061356 0.2833134830 0.9088329673 0.0769210756 0.4100070298
-143.6 217.5 2317.0 -0.1046002582 0.4422631860 -0.8907648921 0.6430119276 0.7133561969 0.2786728442 0.7586793900 -0.5436232090 -0.3589977622
-115.0 41.9 2109.7 -0.8108659387 0.4422631860 -0.3832749128 0.5770466328 0.7133561969 -0.3976683021 0.0975374952 -0.5436232090 -0.8336427808
-44.7 160.9 2565.3 -0.2555101514 0.8728001714 -0.4158537984 -0.9243749380 -0.0945129618 0.3695920408 0.2832764387 0.4788393378 0.8309436440
-106.5 -62.6 2633.8 0.1288727820 0.8728001714 -0.4707564414 -0.9016288519 -0.0945129618 -0.4220576584 -0.4128645957 0.4788393378 0.7747617364
-259.1 -156.8 2328.7 0.4342158735 0.0106166350 -0.9007462859 0.0466402471 0.9983243942 0.0342502445 0.8996006250 -0.0568830296 0.4329931438
-263.2 -544.3 2350.7 0.4280732572 0.1100048050 -0.8970240951 -0.0167271104 0.9933587313 0.1138361841 0.9035892487 -0.0337256044 0.4270703495
-194.7 -193.7 2491.7 0.4450213015 -0.0512100905 -0.8940545917 -0.0299565289 0.9969536066 -0.0720150396 0.8950188160 0.0588309988 0.4421315193
-174.8 -580.7 2468.8 0.4416931868 -0.0613142475 -0.8950685263 0.0440777428 0.9979401827 -0.0466099642 0.8960827589 -0.0188652966 0.4434860051
109.2 -117.7 2082.7 0 0 0 0 0 0 0 0 0
-72.4 -301.2 2524.6 0 0 0 0 0 0 0 0 0
-304.2 -914.7 2363.3 0 0 0 0 0 0 0 0 0
-158.0 -854.3 2474.0 0 0 0 0 0 0 0 0 0
-23.2 368.6 2461.2 1 0.3454047740 0.3652737737 -0.8644481301 -0.2390872985 0.9249967933 0.2953273356 0.9074870944 0.1046710983 0.4068306088
-95.3 186.2 2440.6 0.3454047740 0.3652737737 -0.8644481301 -0.2390872985 0.9249967933 0.2953273356 0.9074870944 0.1046710983 0.4068306088
-161.4 4.3 2425.5 0.3580284715 0.3405652940 -0.8693853617 -0.2057862282 0.9369935989 0.2823030949 0.9107511640 0.0778349862 0.4055540264
-144.2 214.3 2316.1 -0.0675074011 0.4314481616 -0.8996083736 0.6325163245 0.7158222198 0.2958405614 0.7715995312 -0.5490455627 -0.3212212920
-126.0 43.9 2108.4 -0.8154208660 0.4314481616 -0.3859291375 0.5697929263 0.7158222198 -0.4036515355 0.1021019518 -0.5490455627 -0.8295325041
-46.4 158.0 2565.0 -0.2554431558 0.8706073761 -0.4204659462 -0.9245395660 -0.0927539095 0.3696258664 0.2827991247 0.4831557870 0.8286043406
-108.2 -65.6 2633.4 0.1323038340 0.8706073761 -0.4738549292 -0.9017492533 -0.0927539095 -0.4221906364 -0.4115141928 0.4831557870 0.7727978826
-259.5 -155.8 2329.8 0.4296316803 0.0081859482 -0.9029670954 0.0336415693 0.9991196394 0.0250642858 0.9023773074 -0.0411456414 0.4289780557
-262.7 -543.6 2345.8 0.4259659350 0.1224278733 -0.8964175582 0.0022490870 0.9906558394 0.1363671571 0.9047363997 -0.0601038821 0.4217102826
-194.6 -192.9 2492.7 0.4412153363 -0.0505368933 -0.8959771395 -0.0384125449 0.9964344501 -0.0751190037 0.8965787888 0.0675604194 0.4377009273
-175.0 -579.7 2466.4 0.4376723170 -0.0603917129 -0.8971041441 0.0463062488 0.9979317188 -0.0445877388 0.8979413509 -0.0220267083 0.4395635724
99.3 -113.5 2080.1 0 0 0 0 0 0 0 0 0
-73.2 -304.2 2524.5 0 0 0 0 0 0 0 0 0
-308.3 -913.1 2368.2 0 0 0 0 0 0 0 0 0
-158.4 -853.2 2472.5 0 0 0 0 0 0 0 0 0
-23.4 370.3 2462.1 2 0.3478415906 0.3630525172 -0.8644067645 -0.2351164520 0.9262981415 0.2944349945 0.9075937867 0.1008195132 0.4075646400
-95.4 186.7 2442.1 0.3478415906 0.3630525172 -0.8644067645 -0.2351164520 0.9262981415 0.2944349945 0.9075937867 0.1008195132 0.4075646400
-160.8 4.5 2427.5 0.3602009714 0.3369062245 -0.8699134588 -0.2021884620 0.9385371208 0.2797640562 0.9107003212 0.0751151815 0.4061805308
-144.6 214.3 2317.7 -0.0587683916 0.4952618778 -0.8667536974 0.6297644377 0.6920726299 0.3527495265 0.7745599151 -0.5251200795 -0.3525702953
-128.5 41.0 2104.5 -0.7860366702 0.4952618778 -0.3699486256 0.6143866181 0.6920726299 -0.3788991570 0.0683770105 -0.5251200795 -0.8482767344
-46.2 159.0 2566.5 -0.2512919009 0.8716896176 -0.4207250774 -0.9248854518 -0.0880929753 0.3699007034 0.2853756845 0.4820755720 0.8283500671
-107.0 -64.7 2635.6 0.1353464425 0.8716896176 -0.4709974229 -0.9021720290 -0.0880929753 -0.4222857654 -0.4095936716 0.4820755720 0.7744908929
-259.6 -159.2 2328.8 0.4307884574 0.0078380965 -0.9024189115 0.0309662186 0.9992450476 0.0234614629 0.9019215107 -0.0380514301 0.4302205145
-262.6 -547.1 2343.5 0.4275028110 0.1266421825 -0.8950994611 0.0040510222 0.9898606539 0.1419841498 0.9040049314 -0.0643246919 0.4226551950
-195.4 -196.1 2491.9 0.4425365925 -0.0521243513 -0.8952342868 -0.0316000767 0.9967828393 -0.0736576468 0.8961935043 0.0608856790 0.4394657314
-175.2 -583.0 2468.3 0.4389806688 -0.0659118816 -0.8960756660 0.0388795882 0.9977650046 -0.0543449409 0.8976548910 -0.0109826727 0.4405621886
89.6 -129.5 2085.6 0 0 0 0 0 0 0 0 0
-71.2 -303.4 2527.2 0 0 0 0 0 0 0 0 0
-309.9 -916.4 2367.5 0 0 0 0 0 0 0 0 0
-157.5 -850.4 2471.2 0 0 0 0 0 0 0 0 0
-21.1 369.1 2461.5 3 0.3793594837 0.3590367734 -0.8527479172 -0.2371759564 0.9285815954 0.2854536176 0.8943343759 0.0939617604 0.4374211431
-92.2 185.2 2442.9 0.3793594837 0.3590367734 -0.8527479172 -0.2371759564 0.9285815954 0.2854536176 0.8943343759 0.0939617604 0.4374211431
-156.8 2.6 2429.1 0.3908580244 0.3327986896 -0.8581812382 -0.2061142474 0.9403175712 0.2707762122 0.8970769048 0.0710483342 0.4361252189
-145.6 213.3 2320.4 -0.0629432052 0.5376213789 -0.8408337831 0.6265018582 0.6771052480 0.3860361278 0.7768742442 -0.5024855733 -0.3794399500
-127.9 37.4 2102.2 -0.7588607669 0.5376213789 -0.3675507903 0.6483235359 0.6771052480 -0.3481452167 0.0617002770 -0.5024855733 -0.8623811603
-38.8 157.0 2565.4 -0.2356494516 0.8874144554 -0.3961880505 -0.9286932349 -0.0855055973 0.3608568013 0.2863532305 0.4529728889 0.8442851305
-95.8 -67.6 2634.7 0.1279548258 0.8874144554 -0.4428579807 -0.8983411789 -0.0855055973 -0.4308965802 -0.4202506840 0.4529728889 0.7862600684
-258.5 -159.6 2331.4 0.4595077634 0.0105889775 -0.8881106377 0.0206603482 0.9995309114 0.0226070955 0.8879334331 -0.0287368111 0.4590734541
-262.6 -547.6 2342.5 0.4582186043 0.1256975532 -0.8799067140 0.0103191258 0.9891310334 0.1466743648 0.8887796402 -0.0762887895 0.4519411325
-193.9 -195.8 2494.5 0.4715223610 -0.0526085906 -0.8802834749 -0.0348286927 0.9963291287 -0.0781997889 0.8811660409 0.0675320700 0.4679591954
-173.5 -582.6 2468.3 0.4685006738 -0.0574329123 -0.8815943599 0.0417026952 0.9982100129 -0.0428682044 0.8824783564 -0.0166810770 0.4700571597
84.4 -144.0 2085.0 0 0 0 0 0 0 0 0 0
-62.0 -305.2 2523.5 0 0 0 0 0 0 0 0 0
-309.5 -916.8 2371.0 0 0 0 0 0 0 0 0 0
-157.9 -854.7 2472.9 0 0 0 0 0 0 0 0 0
-15.8 369.1 2461.7 4 0.3963735998 0.3706597984 -0.8399400711 -0.2454692572 0.9243578911 0.2920741439 0.8846653700 0.0904089734 0.4573766589
-89.3 185.7 2443.8 0.3963735998 0.3706597984 -0.8399400711 -0.2454692572 0.9243578911 0.2920741439 0.8846653700 0.0904089734 0.4573766589
-156.4 4.0 2430.8 0.4082961380 0.3454892039 -0.8449446559 -0.2144976705 0.9360067844 0.2790735066 0.8872908354 0.0672940165 0.4562745988
-145.1 215.0 2322.6 -0.0210642442 0.5627583265 -0.8263530135 0.6221990585 0.6543496847 0.4297613502 0.7825756669 -0.5051034689 -0.3639310896
-139.2 40.3 2103.0 -0.7565440536 0.5627583265 -0.3330827057 0.6539288759 0.6543496847 -0.3797413111 0.0042499723 -0.5051034689 -0.8630483150
-33.6 156.4 2565.0 -0.2402218729 0.8962397575 -0.3728910387 -0.9269908667 -0.0978049934 0.3621078432 0.2880648375 0.4326528311 0.8543009758
-91.7 -67.8 2634.6 0.1078711748 0.8962397575 -0.4302535057 -0.8980478644 -0.0978049934 -0.4288871586 -0.4264666736 0.4326528311 0.7943158746
-256.4 -161.4 2335.0 0.4793681502 0.0216361396 -0.8773471713 0.0089328038 0.9995239973 0.0295298621 0.8775684237 -0.0219928455 0.4789466858
-264.8 -549.4 2343.5 0.4786625206 0.1072654501 -0.8714219928 0.0023061913 0.9923521280 0.1234177947 0.8779959083 -0.0610851385 0.4747543931
-186.4 -198.3 2495.6 0.4905975163 -0.0257463939 -0.8710058331 -0.0433665663 0.9976034164 -0.0539149307 0.8703064919 0.0642230585 0.4883052111
-176.4 -585.5 2470.7 0.4867007434 -0.0648854002 -0.8711557388 0.0481977612 0.9977132082 -0.0473843366 0.8722381592 -0.0189257655 0.4887150824
73.8 -143.7 2101.8 0 0 0 0 0 0 0 0 0
-63.2 -305.4 2521.8 0 0 0 0 0 0 0 0 0
-304.8 -919.7 2366.3 0 0 0 0 0 0 0 0 0
-158.8 -856.0 2475.8 0 0 0 0 0 0 0 0 0
-13.8 368.9 2461.4 5 0.4024474025 0.3723326027 -0.8363040686 -0.2426374853 0.9242624640 0.2947303951 0.8827021718 0.0843052268 0.4623088837
-87.4 186.0 2444.7 0.4024474025 0.3723326027 -0.8363040686 -0.2426374853 0.9242624640 0.2947303951 0.8827021718 0.0843052268 0.4623088837
-154.3 4.2 2432.5 0.4143841267 0.3443240225 -0.8424528241 -0.2116402239 0.9367493987 0.2787633240 0.8851521015 0.0627818033 0.4610469043
-144.0 215.0 2323.8 0.0116084255 0.5447620153 -0.8385103345 0.6249048710 0.6506893039 0.4313899875 0.7806146145 -0.5289969444 -0.3328709602
-147.3 41.5 2107.1 -0.7738765478 0.5447620153 -0.3230316043 0.6330739856 0.6506893039 -0.4193098247 -0.0182308480 -0.5289969444 -0.8484278917
-30.8 157.1 2565.6 -0.2367794663 0.8991748691 -0.3679945767 -0.9266804457 -0.0952211171 0.3635881245 0.2918884456 0.4271035790 0.8557941914
-88.1 -67.0 2636.2 0.1067123190 0.8991748691 -0.4243783653 -0.8988546729 -0.0952211171 -0.4277770221 -0.4250561297 0.4271035790 0.7980663180
-260.0 -158.5 2338.3 0.4849341810 0.0091726100 -0.8745025396 0.0065364186 0.9998790622 0.0141122891 0.8745262027 -0.0125596458 0.4848155677
-263.6 -546.6 2343.1 0.4828981757 0.1128525734 -0.8683741689 -0.0121207666 0.9924272895 0.1222340390 0.8755926490 -0.0485012345 0.4806091785
-186.9 -196.9 2497.2 0.4965815842 -0.0242047235 -0.8676525354 -0.0520442352 0.9969823360 -0.0575989671 0.8664283752 0.0737588927 0.4938233495
-177.5 -583.9 2468.5 0.4920108616 -0.0687099472 -0.8678734303 0.0578891039 0.9972564578 -0.0461350381 0.8686622977 -0.0275414754 0.4946385622
69.7 -136.0 2112.2 0 0 0 0 0 0 0 0 0
-59.9 -304.8 2523.7 0 0 0 0 0 0 0 0 0
-305.7 -917.0 2361.2 0 0 0 0 0 0 0 0 0
-158.6 -858.0 2476.1 0 0 0 0 0 0 0 0 0
-10.5 370.4 2462.2 6 0.4152521789 0.3769713342 -0.8279240727 -0.2496993989 0.9223769307 0.2947389185 0.8747661710 0.0843411610 0.4771485329
-85.5 187.0 2445.4 0.4152521789 0.3769713342 -0.8279240727 -0.2496993989 0.9223769307 0.2947389185 0.8747661710 0.0843411610 0.4771485329
-153.2 5.5 2432.7 0.4265754819 0.3489027321 -0.8344460726 -0.2207273245 0.9348618984 0.2780515552 0.8771047592 0.0655750781 0.4758015275
-143.7 217.1 2325.6 0.0329994783 0.5312886238 -0.8465479612 0.6318374872 0.6451901793 0.4295474589 0.7743980885 -0.5490555763 -0.3143971264
-152.9 41.4 2110.2 -0.7946521640 0.5312886238 -0.2937009931 0.6041957140 0.6451901793 -0.4676293433 -0.0589531474 -0.5490555763 -0.8337041140
-27.2 156.8 2565.2 -0.2361392379 0.9049909115 -0.3538781703 -0.9281997085 -0.1023079827 0.3577405810 0.2875474095 0.4129461944 0.8641712070
-84.3 -67.7 2634.7 0.0968570411 0.9049909115 -0.4142586291 -0.8956152797 -0.1023079827 -0.4329045415 -0.4341566265 0.4129461944 0.8006144166
-258.2 -158.7 2341.0 0.4979043305 0.0115039814 -0.8671556711 0.0041526537 0.9998689294 0.0156489760 0.8672220111 -0.0113926902 0.4977913201
-262.7 -546.8 2345.5 0.4954958260 0.1244561002 -0.8596479297 -0.0158270318 0.9908112288 0.1343227476 0.8684661388 -0.0529506877 0.4929125905
-184.0 -196.6 2499.6 0.5089828372 -0.0179412868 -0.8605896831 -0.0541589446 0.9971343279 -0.0528194234 0.8590711355 0.0734928101 0.5065526366
-177.0 -583.7 2471.1 0.5048288107 -0.0667613372 -0.8606339097 0.0463682190 0.9976626039 -0.0501923934 0.8619732261 -0.0145674944 0.5067444444
68.7 -127.1 2126.6 0 0 0 0 0 0 0 0 0
-58.7 -304.6 2519.9 0 0 0 0 0 0 0 0 0
-309.1 -916.6 2365.2 0 0 0 0 0 0 0 0 0
-158.8 -855.9 2475.1 0 0 0 0 0 0 0 0 0
-10.8 370.2 2462.1 7 0.4416415691 0.3712204993 -0.8167912960 -0.2570781112 0.9245732427 0.2812030017 0.8595717549 0.0857882276 0.5037626624
-84.4 186.8 2445.0 0.4416415691 0.3712204993 -0.8167912960 -0.2570781112 0.9245732427 0.2812030017 0.8595717549 0.0857882276 0.5037626624
-151.6 5.1 2432.0 0.4523229301 0.3462722600 -0.8218877912 -0.2293838859 0.9357162118 0.2679891288 0.8618509173 0.0673101842 0.5026751757
-146.2 218.1 2327.4 0.0327141806 0.5293069482 -0.8477994800 0.6346304417 0.6443058848 0.4267483354 0.7721230388 -0.5520000458 -0.3148363829
-155.2 43.4 2114.8 -0.8024746776 0.5293069482 -0.2754423618 0.5914093852 0.6443058848 -0.4848761857 -0.0791792125 -0.5520000458 -0.8300762177
-22.7 155.5 2562.7 -0.2236335278 0.9168031812 -0.3308474422 -0.9328753948 -0.1029959098 0.3451598287 0.2823676765 0.3858287632 0.8782964349
-76.7 -70.2 2631.0 0.0885019377 0.9168031812 -0.3894090354 -0.8897376657 -0.1029959098 -0.4447007477 -0.4478105903 0.3858287632 0.8065989614
-259.1 -156.2 2341.4 0.5223109722 0.0073936298 -0.8527230620 -0.0018900690 0.9999700189 0.0075126430 0.8527529836 -0.0023122304 0.5223092437
-262.0 -544.4 2342.3 0.5231841803 0.1339985281 -0.8416191339 0.0044627851 0.9871169329 0.1599382460 0.8522079587 -0.0874331221 0.5158459544
-182.7 -195.7 2498.5 0.5332585573 -0.0144180041 -0.8458294272 -0.0535631068 0.9972730279 -0.0507687107 0.8442549109 0.0723780990 0.5310320854
-177.1 -582.9 2470.4 0.5293669105 -0.0650840774 -0.8458928466 0.0498104356 0.9977174401 -0.0455938615 0.8469294906 -0.0179984123 0.5314004421
68.3 -121.4 2136.8 0 0 0 0 0 0 0 0 0
-53.3 -305.5 2512.6 0 0 0 0 0 0 0 0 0
-312.0 -912.6 2374.9 0 0 0 0 0 0 0 0 0
-159.3 -855.4 2475.3 0 0 0 0 0 0 0 0 0
-11.2 366.6 2470.0 8 0.4163750112 0.3741609454 -0.8286346793 -0.2615988851 0.9221575856 0.2849411368 0.8707455993 0.0981275290 0.4818434417
-85.3 184.0 2450.6 0.4163750112 0.3741609454 -0.8286346793 -0.2615988851 0.9221575856 0.2849411368 0.8707455993 0.0981275290 0.4818434417
-153.2 2.8 2435.0 0.4267450273 0.3501205444 -0.8338490725 -0.2350334227 0.9332748055 0.2715831399 0.8732972145 0.0800856501 0.4805603921
-143.5 216.1 2331.4 0.0468400456 0.5297060013 -0.8468869925 0.6318119764 0.6409708858 0.4358553886 0.7737051249 -0.5554888248 -0.3046514988
-156.3 44.0 2120.6 -0.8068071604 0.5297060013 -0.2616748810 0.5828229785 0.6409708858 -0.4994733632 -0.0968480632 -0.5554888248 -0.8258647919
-27.0 151.9 2569.8 -0.2370861322 0.9050654769 -0.3530533612 -0.9323945045 -0.1099310070 0.3443191648 0.2728198767 0.4108183086 0.8699411750
-84.4 -73.6 2635.8 0.0954741389 0.9050654769 -0.4144167006 -0.8888305426 -0.1099310070 -0.4448544085 -0.4481796026 0.4108183086 0.7939542532
-259.4 -156.0 2341.7 0.4983332455 0.0064168698 -0.8669618368 -0.0128249805 0.9999177456 0.0000290991 0.8668907285 0.0111042671 0.4983745515
-261.9 -544.1 2337.4 0.5039568543 0.1286628246 -0.8540921211 0.0271255914 0.9859975576 0.1645388752 0.8633027673 -0.1060882509 0.4934101999
-178.4 -197.0 2496.1 0.5092280507 -0.0031182768 -0.8606259823 -0.0581811443 0.9975810051 -0.0380399898 0.8586627841 0.0694432333 0.5078147650
-177.2 -584.3 2469.1 0.5048820972 -0.0670812801 -0.8605778217 0.0548344478 0.9974545836 -0.0455805361 0.8614448905 -0.0241765138 0.5072752833
68.5 -118.4 2147.5 0 0 0 0 0 0 0 0 0
-59.1 -308.7 2517.2 0 0 0 0 0 0 0 0 0
-309.9 -912.0 2377.0 0 0 0 0 0 0 0 0 0
-159.0 -854.5 2475.7 0 0 0 0 0 0 0 0 0
-10.8 366.8 2474.5 9 0.4057132900 0.3682735562 -0.8365233541 -0.2748386562 0.9220311046 0.2726211846 0.8716997504 0.1193029061 0.4752960801
-83.5 184.7 2450.9 0.4057132900 0.3682735562 -0.8365233541 -0.2748386562 0.9220311046 0.2726211846 0.8716997504 0.1193029061 0.4752960801
-150.8 3.6 2432.7 0.4177860320 0.3466967344 -0.8397953510 -0.2435111552 0.9332401752 0.2641307414 0.8753040433 0.0941494033 0.4743192494
-140.6 218.0 2331.4 0.0340275988 0.5533985496 -0.8322212100 0.6544612646 0.6169915795 0.4370376170 0.7553294301 -0.5595278740 -0.3411831856
-149.8 40.1 2126.1 -0.7929844260 0.5533985496 -0.2548053265 0.5957896113 0.6169915795 -0.5141558051 -0.1273203492 -0.5595278740 -0.8189737797
-26.4 151.5 2570.5 -0.2375133187 0.9008094072 -0.3634966910 -0.9359175563 -0.1120218560 0.3339302540 0.2600879371 0.4195158184 0.8696900010
-83.9 -74.9 2633.4 0.1028860137 0.9008094072 -0.4218493700 -0.8835688829 -0.1120218560 -0.4547055066 -0.4568593502 0.4195158184 0.7844017148
-259.4 -157.3 2341.3 0.4888624549 0.0101882815 -0.8723013997 -0.0176461991 0.9998427033 0.0017885048 0.8721823692 0.0145184714 0.4889653325
-263.3 -545.4 2335.7 0.4963556826 0.1268371791 -0.8588034511 0.0351078771 0.9855268598 0.1658440381 0.8674090505 -0.1124683991 0.4847188890
-182.9 -199.4 2497.7 0.4998735785 -0.0067272489 -0.8660722375 -0.0554679930 0.9976683259 -0.0397640578 0.8643203974 0.0679162890 0.4983349144
-180.3 -586.7 2471.3 0.4939514399 -0.0816332474 -0.8656488657 0.0522859357 0.9965699315 -0.0641444027 0.8679159880 -0.0135770449 0.4965254366
71.6 -126.2 2161.7 0 0 0 0 0 0 0 0 0
-56.7 -308.6 2512.5 0 0 0 0 0 0 0 0 0
-310.6 -913.2 2377.6 0 0 0 0 0 0 0 0 0
-158.4 -854.2 2474.9 0 0 0 0 0 0 0 0 0
-12.5 365.4 2476.2 0 0.4154933691 0.3626107275 -0.8341934681 -0.2816202343 0.9233226180 0.2610849440 0.8649019003 0.1264466792 0.4857529700
-84.1 183.2 2451.3 0.4154933691 0.3626107275 -0.8341934681 -0.2816202343 0.9233226180 0.2610849440 0.8649019003 0.1264466792 0.4857529700
-150.6 2.0 2431.0 0.4261800647 0.3427201211 -0.8372057676 -0.2534849942 0.9336264133 0.2531543672 0.8683984876 0.1043297350 0.4847673774
-142.3 217.8 2332.7 -0.0103267804 0.5955877304 -0.8032238483 0.6770311594 0.5953055024 0.4327126145 0.7358819246 -0.5393390656 -0.4093790650
-139.5 32.9 2131.7 -0.7709196806 0.5955877304 -0.2257388681 0.6122728586 0.5953055024 -0.5203204155 -0.1755128950 -0.5393390656 -0.8235949278
-25.9 148.5 2569.9 -0.2307182550 0.9047708511 -0.3579927385 -0.9406313300 -0.1132564470 0.3199777007 0.2489614934 0.4105638862 0.8771861196
