11.3 366.3 2412.7 37 0.4187410772 0.3975901008 -0.8164423108 -0.2365843207 0.9157769680 0.3246234059 0.8767461181 0.0572242886 0.4775370359
-67.1 185.7 2401.5 0.4187410772 0.3975901008 -0.8164423108 -0.2365843207 0.9157769680 0.3246234059 0.8767461181 0.0572242886 0.4775370359
-139.5 5.7 2395.9 0.4334738851 0.3729726672 -0.8203607798 -0.2013435215 0.9274038672 0.3152504861 0.8783855438 0.0285214651 0.4771009982
-126.3 213.2 2281.5 0.1280181408 0.4723588228 -0.8720598817 0.6944115758 0.5851022005 0.4188651145 0.7080988288 -0.6591908336 -0.2531077564
-160.4 28.1 2092.7 -0.8301723599 0.4723588228 -0.2961266339 0.5466057658 0.5851022005 -0.5990639329 -0.1097087786 -0.6591908336 -0.7439297438
-7.9 158.2 2521.5 0.2978591621 0.9503588080 0.0899891332 -0.9234025478 0.3107452095 -0.2253113091 -0.2420902848 -0.0159851573 0.9701220393
88.3 -140.1 2443.2 -0.0108066797 0.9503588080 0.3109683692 -0.0183793660 0.3107452095 -0.9503155351 -0.9997726679 -0.0159851573 0.0141088692
-252.3 -157.4 2309.2 0.6037265062 0.0239208266 -0.7968325615 0.0342653133 0.9978473186 0.0559166558 0.7964547873 -0.0610620826 0.6016072035
-261.5 -544.8 2332.9 0.6017476320 0.1224709153 -0.7892405391 0.0176499784 0.9858930111 0.1664436162 0.7984912395 -0.1140871346 0.5910971761
-175.8 -193.8 2467.0 0.5992563367 0.0121717378 -0.8004646897 0.0024182773 0.9998522997 0.0170140024 0.8005535603 -0.0121314945 0.5991383791
-180.5 -581.9 2471.7 0.5958419442 -0.0829561874 -0.7988057733 0.0525342375 0.9965465069 -0.0643054917 0.8013816476 -0.0036487398 0.5981422663
71.9 -124.8 2123.4 0 0 0 0 0 0 0 0 0
85.6 -144.8 2189.5 0 0 0 0 0 0 0 0 0
-307.3 -912.8 2375.4 0 0 0 0 0 0 0 0 0
-157.8 -855.0 2472.7 0 0 0 0 0 0 0 0 0
16.8 364.5 2412.4 38 0.4135564566 0.4029968679 -0.8164340854 -0.2335897088 0.9136576056 0.3326644897 0.8800039291 0.0531350560 0.4719849229
-62.4 184.9 2401.9 0.4135564566 0.4029968679 -0.8164340854 -0.2335897088 0.9136576056 0.3326644897 0.8800039291 0.0531350560 0.4719849229
-136.0 5.3 2397.3 0.4284971356 0.3792708814 -0.8200876713 -0.1984732747 0.9249770045 0.3240770400 0.8814752102 0.0238993950 0.4716251194
-121.0 212.0 2281.5 0.1909991950 0.4556340277 -0.8694348335 0.6865268350 0.5710562468 0.4500840306 0.7015698552 -0.6828560233 -0.2037336975
-171.6 30.1 2095.6 -0.8376772404 0.4556340277 -0.3011551797 0.5345840454 0.5710562468 -0.6229884624 -0.1118781939 -0.6828560233 -0.7219355106
-3.9 157.8 2522.3 0.2924393415 0.9525418282 0.0845178887 -0.9270212054 0.3040778339 -0.2194729894 -0.2347572148 -0.0141673386 0.9719507694
90.6 -141.7 2446.5 -0.0068933773 0.9525418282 0.3043296337 -0.0249815974 0.3040778339 -0.9523195624 -0.9996641278 -0.0141673386 0.0216998924
-250.7 -156.3 2311.7 0.6004992723 0.0296386480 -0.7990758419 0.0284943171 0.9978849888 0.0584259704 0.7991174459 -0.0578538738 0.5983846784
-262.2 -543.7 2334.2 0.5989607573 0.1192320138 -0.7918521166 0.0153181190 0.9869660735 0.1601977199 0.8006318808 -0.1080818325 0.5893275142
-173.1 -192.4 2469.1 0.5956316590 0.0199702624 -0.8030094504 -0.0153251179 0.9997914433 0.0134966951 0.8031114936 0.0042671552 0.5958134532
-180.8 -580.5 2467.4 0.5907241106 -0.0829626918 -0.8025971651 0.0694089755 0.9962376952 -0.0518927947 0.8038827181 -0.0250531211 0.5942599773
62.6 -119.3 2126.9 0 0 0 0 0 0 0 0 0
88.8 -148.0 2192.8 0 0 0 0 0 0 0 0 0
-306.7 -912.1 2374.5 0 0 0 0 0 0 0 0 0
-157.8 -857.4 2474.4 0 0 0 0 0 0 0 0 0
17.5 364.6 2412.2 39 0.3906281888 0.4056910574 -0.8263319135 -0.2331770658 0.9119831920 0.3375131488 0.8905268312 0.0608394928 0.4508441985
-62.1 185.7 2400.2 0.3906281888 0.4056910574 -0.8263319135 -0.2331770658 0.9119831920 0.3375131488 0.8905268312 0.0608394928 0.4508441985
-136.0 6.3 2394.7 0.4068814814 0.3810523152 -0.8302087784 -0.1952452213 0.9241157174 0.3284653127 0.8923714161 0.0284478385 0.4504041970
-117.7 212.3 2278.3 0.2483519763 0.3937669396 -0.8850247860 0.6893971562 0.5699790120 0.4470519423 0.6804798245 -0.7211598158 -0.1299064010
-182.2 33.1 2101.4 -0.8744512796 0.3937669396 -0.2833418250 0.4741070569 0.5699790120 -0.6710785627 -0.1027496532 -0.7211598158 -0.6851065755
-6.5 159.0 2522.1 0.2953728437 0.9534478188 0.0607625172 -0.9289373755 0.3014758825 -0.2149131149 -0.2232268751 0.0070349248 0.9747411013
88.9 -141.1 2450.0 0.0168247800 0.9534478188 0.3010882437 -0.0298888385 0.3014758825 -0.9530051947 -0.9994116426 0.0070349248 0.0335697159
-248.1 -156.4 2313.7 0.5811896920 0.0363829248 -0.8129543662 0.0249884874 0.9977310300 0.0625169426 0.8133843541 -0.0566487052 0.5789618492
-262.2 -543.8 2335.6 0.5809152126 0.1210690215 -0.8049098253 0.0227408428 0.9860762954 0.1647312492 0.8136463165 -0.1139992177 0.5700735450
-171.3 -192.0 2471.6 0.5760536790 0.0287978649 -0.8169044256 -0.0232342239 0.9995522499 0.0188526474 0.8170815706 0.0081200032 0.5764648914
-182.5 -580.0 2468.4 0.5701411366 -0.0888858959 -0.8167241812 0.0730688646 0.9956763983 -0.0573535450 0.8182909489 -0.0269774962 0.5741708279
61.5 -99.1 2130.0 0 0 0 0 0 0 0 0 0
93.2 -148.7 2196.4 0 0 0 0 0 0 0 0 0
-307.4 -911.9 2378.2 0 0 0 0 0 0 0 0 0
-157.7 -857.5 2476.0 0 0 0 0 0 0 0 0 0
18.5 363.3 2404.6 40 0.4000428319 0.4157013595 -0.8167974353 -0.2286064476 0.9083072543 0.3503098488 0.8875273466 0.0465862229 0.4583938420
-62.6 186.0 2395.5 0.4000428319 0.4157013595 -0.8167974353 -0.2286064476 0.9083072543 0.3503098488 0.8875273466 0.0465862229 0.4583938420
-137.8 7.1 2391.4 0.4149733782 0.3874756694 -0.8232008815 -0.1945888400 0.9216436744 0.3357203603 0.8887813687 0.0208707023 0.4578560293
-119.3 212.6 2274.1 0.2752335370 0.3776711226 -0.8840876818 0.6969479322 0.5550439954 0.4540811181 0.6622009277 -0.7411414385 -0.1104503870
-189.0 36.1 2106.4 -0.8884487152 0.3776711226 -0.2608129680 0.4426816702 0.5550439954 -0.7042436004 -0.1212097853 -0.7411414385 -0.6603162289
-5.9 159.4 2516.9 0.2868794799 0.9554336667 0.0696180239 -0.9317173362 0.2951765358 -0.2115978301 -0.2227173001 -0.0041612405 0.9748741984
86.8 -141.5 2444.9 0.0060667205 0.9554336667 0.2951435149 -0.0337260738 0.2951765358 -0.9548472762 -0.9994127154 -0.0041612405 0.0340137817
-246.4 -155.6 2309.2 0.5906909704 0.0381016433 -0.8059977889 0.0437452197 0.9959033132 0.0791385025 0.8057112098 -0.0820049495 0.5866043568
-261.2 -542.2 2341.1 0.5853776336 0.1320416182 -0.7999362350 -0.0003243546 0.9866870046 0.1626303047 0.8107606769 -0.0949406847 0.5776273608
-173.6 -190.6 2469.1 0.5850160122 0.0252319202 -0.8106291294 -0.0064522936 0.9996290803 0.0264582969 0.8109960556 -0.0102481106 0.5849618316
-183.3 -578.6 2473.1 0.5804780722 -0.0904976577 -0.8092313409 0.0562096760 0.9958876371 -0.0710513890 0.8123334646 -0.0042428607 0.5831777453
58.8 -87.3 2140.2 0 0 0 0 0 0 0 0 0
88.3 -150.1 2191.3 0 0 0 0 0 0 0 0 0
-310.5 -910.4 2376.5 0 0 0 0 0 0 0 0 0
-158.1 -856.7 2474.3 0 0 0 0 0 0 0 0 0
22.6 363.8 2400.8 41 0.3861844540 0.4256266356 -0.8183541894 -0.2248999476 0.9038531780 0.3639635742 0.8945845962 0.0434907302 0.4447774291
-60.8 186.5 2392.2 0.3861844540 0.4256266356 -0.8183541894 -0.2248999476 0.9038531780 0.3639635742 0.8945845962 0.0434907302 0.4447774291
-138.0 8.4 2389.1 0.4020422399 0.3974678218 -0.8248523474 -0.1898100972 0.9174762964 0.3495845497 0.8957310915 0.0160175413 0.4443076253
-115.8 212.4 2269.9 0.3107568622 0.3436486125 -0.8861917257 0.7012596726 0.5464753509 0.4578205049 0.6416112781 -0.7637214065 -0.0711659491
-193.3 37.3 2109.7 -0.9120733142 0.3436486125 -0.2236693054 0.3879148364 0.5464753509 -0.7422174811 -0.1328322589 -0.7637214065 -0.6317319274
-5.9 160.6 2514.6 0.2826834321 0.9523395896 0.1146272942 -0.9329900146 0.3007364273 -0.1977049410 -0.2227548510 -0.0510582104 0.9735364914
85.7 -141.8 2442.4 -0.0437103659 0.9523395896 0.3018919230 -0.0311154667 0.3007364273 -0.9531995654 -0.9985595942 -0.0510582104 0.0164871905
-250.2 -154.4 2307.8 0.5813593864 0.0351418182 -0.8128876686 0.0447633378 0.9961723685 0.0750791281 0.8124146461 -0.0800355151 0.5775610805
-263.8 -541.0 2338.8 0.5774003267 0.1132362783 -0.8085705638 0.0063659777 0.9896811247 0.1431458592 0.8164363503 -0.0877998099 0.5707213879
-175.8 -189.2 2467.0 0.5753443241 0.0180625729 -0.8177118301 0.0045480323 0.9996700287 0.0252818838 0.8178986907 -0.0182647686 0.5750722885
-182.8 -577.3 2474.1 0.5719598532 -0.0867021754 -0.8156865835 0.0504546724 0.9962339401 -0.0705143362 0.8187284470 -0.0008238298 0.5741803646
60.9 -70.8 2146.7 0 0 0 0 0 0 0 0 0
74.4 -149.8 2184.9 0 0 0 0 0 0 0 0 0
-306.1 -910.4 2371.6 0 0 0 0 0 0 0 0 0
-158.6 -856.3 2474.3 0 0 0 0 0 0 0 0 0
24.6 362.7 2397.4 42 0.3952765763 0.4258172810 -0.8139017820 -0.2199768424 0.9041593075 0.3662050664 0.8918333054 0.0342872553 0.4510629177
-58.8 185.7 2390.7 0.3952765763 0.4258172810 -0.8139017820 -0.2199768424 0.9041593075 0.3662050664 0.8918333054 0.0342872553 0.4510629177
-136.2 7.7 2389.5 0.4112778902 0.3990884721 -0.8194991350 -0.1846524924 0.9168941379 0.3538483083 0.8926107287 0.0057925810 0.4507909715
-114.9 210.9 2268.7 0.3052771091 0.3437054753 -0.8880723119 0.7125422359 0.5362369418 0.4524748623 0.6317352653 -0.7709192634 -0.0812038034
-190.1 35.6 2113.3 -0.9202252626 0.3437054753 -0.1872218102 0.3559919298 0.5362369418 -0.7653232217 -0.1626505405 -0.7709192634 -0.6158151627
-2.6 160.5 2512.6 0.2717225254 0.9531221986 0.1331348866 -0.9365841746 0.2937103212 -0.1911657155 -0.2213073820 -0.0727479979 0.9724869132
85.2 -141.9 2441.1 -0.0610845312 0.9531221986 0.2963556945 -0.0487031899 0.2937103212 -0.9546529651 -0.9969436526 -0.0727479979 0.0284789354
-251.2 -152.7 2305.8 0.5898832083 0.0344627276 -0.8067528009 0.0437411182 0.9962581992 0.0745407119 0.8063029647 -0.0792585835 0.5861685872
-264.5 -539.4 2336.5 0.5868749619 0.1070891917 -0.8025644422 0.0133912936 0.9897955060 0.1418645233 0.8095668554 -0.0940041095 0.5794521570
-179.1 -186.7 2466.2 0.5840802789 0.0018185456 -0.8116938472 0.0116681801 0.9998753667 0.0106363660 0.8116120100 -0.0156834815 0.5839862227
-179.8 -574.8 2472.3 0.5819111466 -0.0695997402 -0.8102686405 0.0484510362 0.9975283742 -0.0508886948 0.8118078113 -0.0096456539 0.5838450789
66.8 -63.8 2158.7 0 0 0 0 0 0 0 0 0
70.1 -153.9 2195.0 0 0 0 0 0 0 0 0 0
-304.5 -908.9 2371.6 0 0 0 0 0 0 0 0 0
-160.1 -857.5 2475.0 0 0 0 0 0 0 0 0 0
25.0 364.1 2390.2 43 0.4367980361 0.4251913130 -0.7927293181 -0.2256340981 0.9048556685 0.3610062301 0.8708023429 0.0211799536 0.4911768436
-58.5 186.5 2386.0 0.4367980361 0.4251913130 -0.7927293181 -0.2256340981 0.9048556685 0.3610062301 0.8708023429 0.0211799536 0.4911768436
-135.8 8.5 2387.0 0.4521395564 0.3986773193 -0.7978885770 -0.1917072833 0.9170770645 0.3495968878 0.8711016774 -0.0051055369 0.4910761714
-120.2 212.7 2267.1 0.2762096524 0.3438758850 -0.8974729180 0.7329766750 0.5286279321 0.4281328321 0.6216537952 -0.7760810852 -0.1060408652
-187.4 34.3 2115.9 -0.9262019992 0.3438758850 -0.1545937955 0.3270141780 0.5286279321 -0.7833353281 -0.1876475215 -0.7760810852 -0.6020685434
3.2 160.3 2504.9 0.2554379702 0.9577670097 0.1320369542 -0.9456137419 0.2759429514 -0.1722503453 -0.2014103681 -0.0808566809 0.9761639237
84.9 -141.9 2440.5 -0.0661625490 0.9577670097 0.2798300087 -0.0621667132 0.2759429514 -0.9591615200 -0.9958704114 -0.0808566809 0.0412841365
-250.5 -153.7 2308.4 0.6266384125 0.0367885977 -0.7784413099 0.0415263176 0.9958897233 0.0804933831 0.7782029510 -0.0827660486 0.6225351095
-264.8 -540.3 2340.6 0.6203855872 0.1178168431 -0.7753972411 -0.0217350200 0.9908555746 0.1331644952 0.7839957476 -0.0657600611 0.6172732711
-176.8 -186.8 2468.4 0.6209281087 0.0064051528 -0.7838413715 -0.0034627239 0.9999792576 0.0054282891 0.7838598490 -0.0006563512 0.6209374070
-179.3 -574.9 2468.6 0.6174775362 -0.0711705312 -0.7833621502 0.0658987164 0.9970777631 -0.0386431478 0.7838232517 -0.0277612843 0.6203631759
71.2 -57.0 2168.3 0 0 0 0 0 0 0 0 0
69.4 -156.5 2206.7 0 0 0 0 0 0 0 0 0
-308.8 -910.0 2365.1 0 0 0 0 0 0 0 0 0
-159.2 -856.1 2476.4 0 0 0 0 0 0 0 0 0
28.0 364.5 2386.6 44 0.4545945525 0.4375723600 -0.7758055329 -0.2333884686 0.8990934491 0.3703522086 0.8595775962 0.0127039701 0.5108473301
-58.2 187.3 2384.1 0.4545945525 0.4375723600 -0.7758055329 -0.2333884686 0.8990934491 0.3703522086 0.8595775962 0.0127039701 0.5108473301
-138.1 10.4 2386.1 0.4692846239 0.4116535485 -0.7812255025 -0.2020722926 0.9112797379 0.3587979972 0.8596154451 -0.0105143460 0.5108333826
-122.2 214.9 2266.7 0.2618726790 0.3426165879 -0.9022397399 0.7493622899 0.5169370770 0.4138021171 0.6081766486 -0.7844679356 -0.1213722676
-185.5 33.9 2119.8 -0.9287917018 0.3426165879 -0.1412793845 0.3119468093 0.5169370770 -0.7971607447 -0.2000879496 -0.7844679356 -0.5870050192
5.9 159.7 2501.4 0.2332141399 0.9637535810 0.1295768619 -0.9534470439 0.2528208494 -0.1643786132 -0.1911802143 -0.0852092579 0.9778494239
80.0 -143.5 2440.6 -0.0700137839 0.9637535810 0.2574433386 -0.0685203001 0.2528208494 -0.9650837183 -0.9951899648 -0.0852092579 0.0483357459
-253.6 -152.4 2310.0 0.6452749372 0.0278736521 -0.7634417415 0.0375731550 0.9969668388 0.0681572929 0.7630258799 -0.0726651102 0.6422703862
-264.4 -539.4 2338.2 0.6399382353 0.1205829233 -0.7589063644 -0.0131151024 0.9891811013 0.1461122185 0.7683144212 -0.0835496634 0.6345962286
-172.7 -186.7 2465.9 0.6389231682 0.0139849447 -0.7691434026 -0.0040735858 0.9998822212 0.0147964461 0.7692597508 -0.0063206204 0.6389048696
-178.1 -574.9 2468.4 0.6361364126 -0.0648927912 -0.7688429356 0.0573927760 0.9976761341 -0.0367205776 0.7694391012 -0.0207667351 0.6383824944
73.7 -53.2 2175.6 0 0 0 0 0 0 0 0 0
64.0 -159.2 2213.0 0 0 0 0 0 0 0 0 0
-309.4 -908.5 2369.4 0 0 0 0 0 0 0 0 0
-160.0 -853.1 2474.2 0 0 0 0 0 0 0 0 0
26.1 363.6 2385.8 45 0.4583772123 0.4344163835 -0.7753533125 -0.2377013415 0.9005433321 0.3640326560 0.8563809991 0.0174382478 0.5160499215
-59.0 187.1 2382.4 0.4583772123 0.4344163835 -0.7753533125 -0.2377013415 0.9005433321 0.3640326560 0.8563809991 0.0174382478 0.5160499215
-138.5 10.0 2383.6 0.4730204940 0.4094866812 -0.7801104188 -0.2062452734 0.9122931957 0.3538135588 0.8565713763 -0.0064669750 0.5159880519
-123.6 215.3 2265.4 0.2288753539 0.3426029384 -0.9111746550 0.7690289617 0.5102463365 0.3850235045 0.5968337059 -0.7888421416 -0.1466887891
-178.4 31.1 2122.4 -0.9314523935 0.3426029384 -0.1225547418 0.2940159440 0.5102463365 -0.8082099557 -0.2143620104 -0.7888421416 -0.5760008693
5.6 158.9 2499.3 0.2324233949 0.9648723006 0.1224779710 -0.9542501569 0.2505748272 -0.1631529182 -0.1881116182 -0.0789540708 0.9789689779
79.3 -143.9 2439.6 -0.0636896789 0.9648723006 0.2548825443 -0.0684654638 0.2505748272 -0.9656732082 -0.9956184626 -0.0789540708 0.0501013957
-259.9 -148.3 2311.3 0.6482926607 0.0174371731 -0.7611915469 0.0441746339 0.9971922636 0.0604661293 0.7601087093 -0.0728251040 0.6457021832
-266.7 -535.5 2339.5 0.6421098709 0.1268628091 -0.7560428381 -0.0120993750 0.9877665639 0.1554696411 0.7665171623 -0.0906809419 0.6357896328
-175.9 -184.6 2465.2 0.6418812871 0.0113129299 -0.7667205930 -0.0047801761 0.9999307394 0.0107520800 0.7667891383 -0.0032364996 0.6418909431
-180.3 -572.7 2466.4 0.6378780603 -0.0766185522 -0.7663166523 0.0720781237 0.9966107011 -0.0396465547 0.7667570114 -0.0299449991 0.6412386298
82.0 -51.1 2182.4 0 0 0 0 0 0 0 0 0
65.0 -159.4 2214.9 0 0 0 0 0 0 0 0 0
-314.0 -904.1 2373.4 0 0 0 0 0 0 0 0 0
-158.6 -854.9 2474.9 0 0 0 0 0 0 0 0 0
27.0 364.9 2384.9 46 0.4727687836 0.4326280653 -0.7676734924 -0.2434307784 0.9014009237 0.3580752015 0.8468949795 0.0175885744 0.5314692259
-58.1 187.8 2381.4 0.4727687836 0.4326280653 -0.7676734924 -0.2434307784 0.9014009237 0.3580752015 0.8468949795 0.0175885744 0.5314692259
-137.4 10.6 2383.4 0.4885149002 0.4089208543 -0.7708027959 -0.2094908655 0.9125133753 0.3513302505 0.8470340967 -0.0101539195 0.5314415693
-124.8 216.4 2265.7 0.1824435145 0.3509548008 -0.9184470773 0.7901520133 0.5035775304 0.3493843675 0.5851274133 -0.7894557714 -0.1854332089
-168.4 27.7 2126.0 -0.9294799566 0.3509548008 -0.1135680154 0.2895959914 0.5035775304 -0.8139679432 -0.2284756750 -0.7894557714 -0.5697003007
8.6 159.1 2497.1 0.2283259779 0.9642527103 0.1344767362 -0.9546281099 0.2488585562 -0.1635683775 -0.1911869347 -0.0910283625 0.9773235917
81.0 -143.5 2436.5 -0.0765077919 0.9642527103 0.2536992431 -0.0674315467 0.2488585562 -0.9661896229 -0.9947862029 -0.0910283625 0.0459814295
-260.3 -148.6 2308.2 0.6620575786 0.0149186775 -0.7493044734 0.0510365367 0.9965834618 0.0649359971 0.7477132082 -0.0812332705 0.6590342522
-266.1 -535.5 2339.7 0.6567181945 0.1175989062 -0.7449105382 -0.0016836734 0.9879929423 0.1544899493 0.7541341782 -0.1002021804 0.6490309238
-175.6 -185.6 2461.6 0.6557270885 0.0167412013 -0.7548123598 -0.0013100526 0.9997778535 0.0210362822 0.7549968958 -0.0128052151 0.6556033492
-182.1 -573.7 2466.6 0.6511302590 -0.0840693414 -0.7542955279 0.0773203820 0.9960231781 -0.0442656353 0.7550171614 -0.0294997171 0.6550410986
92.6 -53.6 2190.2 0 0 0 0 0 0 0 0 0
63.9 -158.6 2213.5 0 0 0 0 0 0 0 0 0
-310.0 -904.2 2377.1 0 0 0 0 0 0 0 0 0
-158.3 -855.5 2474.9 0 0 0 0 0 0 0 0 0
25.1 363.7 2376.4 47 0.5019248128 0.4340006113 -0.7481409907 -0.2436446697 0.9009103179 0.3591626883 0.8298847675 0.0020078935 0.5579311848
-59.9 187.1 2376.0 0.5019248128 0.4340006113 -0.7481409907 -0.2436446697 0.9009103179 0.3591626883 0.8298847675 0.0020078935 0.5579311848
-139.6 10.2 2380.3 0.5163957477 0.4105212092 -0.7515369058 -0.2125874162 0.9115870595 0.3518743813 0.8295432329 -0.0219391547 0.5580113530
-130.4 216.2 2262.8 0.1138294414 0.3621831238 -0.9251304269 0.8077918291 0.5083542466 0.2984096110 0.5783728957 -0.7812805772 -0.2347028852
-157.4 25.2 2126.0 -0.9246507287 0.3621831238 -0.1176623926 0.3017547131 0.5083542466 -0.8065482378 -0.2323039770 -0.7812805772 -0.5793405771
10.6 158.1 2489.3 0.2189128697 0.9618346095 0.1641687602 -0.9553754330 0.2454859465 -0.1642998010 -0.1983303428 -0.1208754554 0.9726531506
79.9 -144.6 2426.4 -0.1077072695 0.9618346095 0.2515419722 -0.0664280429 0.2454859465 -0.9671214819 -0.9919609427 -0.1208754554 0.0374521688
-260.6 -147.8 2309.5 0.6869986057 0.0140533894 -0.7265228033 0.0407047607 0.9974988699 0.0577853210 0.7255177498 -0.0692713708 0.6847082973
-266.0 -535.0 2336.4 0.6826542616 0.1241604015 -0.7201161981 0.0020695187 0.9851270914 0.1718146950 0.7307385802 -0.1187803224 0.6722442508
-173.1 -185.3 2461.2 0.6811152697 0.0344846398 -0.7313636541 0.0037184968 0.9987144470 0.0505535565 0.7321667671 -0.0371523723 0.6801114082
-186.4 -572.8 2475.6 0.6766655445 -0.0934724286 -0.7303332686 0.0647261441 0.9956205487 -0.0674556643 0.7334400415 -0.0016267279 0.6797522306
102.1 -59.5 2191.2 0 0 0 0 0 0 0 0 0
55.9 -159.4 2204.9 0 0 0 0 0 0 0 0 0
-312.3 -902.6 2380.7 0 0 0 0 0 0 0 0 0
-160.0 -854.8 2476.1 0 0 0 0 0 0 0 0 0
23.0 364.5 2379.2 48 0.4731732905 0.4325791597 -0.7674518228 -0.2305630594 0.9015881419 0.3660320640 0.8502632976 0.0037494479 0.5263442397
-61.8 187.7 2378.5 0.4731732905 0.4325791597 -0.7674518228 -0.2305630594 0.9015881419 0.3660320640 0.8502632976 0.0037494479 0.5263442397
-141.2 10.7 2383.5 0.4894449413 0.4090739191 -0.7701312900 -0.1954983920 0.9121373892 0.3602579534 0.8498376608 -0.0257669985 0.5264143348
-128.6 214.4 2262.5 0.0787933469 0.3610085845 -0.9292278886 0.8090050817 0.5214975476 0.2712029219 0.5824966431 -0.7731190920 -0.2509672344
-147.1 24.3 2125.6 -0.9244308472 0.3610085845 -0.1228837892 0.3093598485 0.5214975476 -0.7951960564 -0.2229890078 -0.7731190920 -0.5937699676
5.0 161.1 2494.4 0.2267113626 0.9650748968 0.1312723756 -0.9587020278 0.2448883504 -0.1446378082 -0.1717333943 -0.0930600539 0.9807382226
76.8 -142.5 2440.1 -0.0739460438 0.9650748968 0.2513214350 -0.0861410871 0.2448883504 -0.9657170177 -0.9935349226 -0.0930600539 0.0650240704
-265.5 -147.7 2310.3 0.6627233028 0.0022228500 -0.7488610744 0.0447892882 0.9980877638 0.0426000319 0.7475237250 -0.0617729872 0.6613564491
-266.3 -535.2 2334.3 0.6589401960 0.1125221103 -0.7437314987 0.0074508209 0.9877229929 0.1560379118 0.7521584034 -0.1083610654 0.6500120163
-173.0 -185.8 2458.8 0.6563188434 0.0397017598 -0.7534383535 0.0063037053 0.9982911348 0.0580952056 0.7544572949 -0.0428784341 0.6549470425
-188.4 -573.3 2475.5 0.6512515545 -0.1039859504 -0.7517036200 0.0661199912 0.9945753813 -0.0802990943 0.7559759021 0.0025922696 0.6545943022
111.9 -62.4 2188.1 0 0 0 0 0 0 0 0 0
60.3 -161.7 2218.7 0 0 0 0 0 0 0 0 0
-308.3 -903.8 2374.7 0 0 0 0 0 0 0 0 0
-158.8 -856.4 2474.7 0 0 0 0 0 0 0 0 0
18.9 364.5 2380.6 49 0.4625595212 0.4231239855 -0.7791051269 -0.2269145697 0.9059987068 0.3573180139 0.8570580482 0.0115094632 0.5150913000
-64.0 187.1 2378.3 0.4625595212 0.4231239855 -0.7791051269 -0.2269145697 0.9059987068 0.3573180139 0.8570580482 0.0115094632 0.5150913000
-142.0 9.4 2381.8 0.4777042270 0.4022894502 -0.7810005546 -0.1934965104 0.9153438807 0.3531355560 0.8569467664 -0.0175734702 0.5151052475
-129.2 213.5 2261.3 0.0644637048 0.3248592615 -0.9435628653 0.8097850680 0.5355290771 0.2397013903 0.5831745863 -0.7795351744 -0.2285439968
-144.2 24.8 2125.4 -0.9372767210 0.3248592615 -0.1264073998 0.2924632132 0.5355290771 -0.7922587395 -0.1896777451 -0.7795351744 -0.5969483256
1.3 160.7 2495.3 0.2368671596 0.9645340443 0.1164819002 -0.9566405416 0.2524698973 -0.1452508271 -0.1695075482 -0.0770261586 0.9825142026
76.3 -142.2 2441.7 -0.0572156943 0.9645340443 0.2576828301 -0.0849009007 0.2524698973 -0.9638727903 -0.9947453141 -0.0770261586 0.0674445704
-264.4 -148.9 2312.4 0.6506686211 0.0044719814 -0.7593486309 0.0457388684 0.9979361892 0.0450696833 0.7579830289 -0.0640571788 0.6491212845
-266.1 -536.3 2337.3 0.6460922360 0.1118956208 -0.7550126910 -0.0011416796 0.9893360734 0.1456462145 0.7632584572 -0.0932389125 0.6393301487
-176.8 -183.9 2464.5 0.6441975236 0.0331300609 -0.7641413212 0.0018830496 0.9989897013 0.0448996089 0.7648568749 -0.0303631332 0.6434842944
-189.6 -571.6 2476.3 0.6387969851 -0.1100626737 -0.7614621520 0.0608969890 0.9938427806 -0.0925642550 0.7669615149 0.0127590122 0.6415662169
117.6 -56.9 2178.4 0 0 0 0 0 0 0 0 0
63.5 -161.1 2220.1 0 0 0 0 0 0 0 0 0
-307.9 -905.5 2372.1 0 0 0 0 0 0 0 0 0
-158.1 -855.9 2472.7 0 0 0 0 0 0 0 0 0
18.5 359.1 2381.3 50 0.4647067487 0.4270321131 -0.7756875753 -0.2291783392 0.9041782618 0.3604704440 0.8552923203 0.0102577424 0.5180442333
-64.9 182.7 2379.3 0.4647067487 0.4270321131 -0.7756875753 -0.2291783392 0.9041782618 0.3604704440 0.8552923203 0.0102577424 0.5180442333
-143.8 5.4 2382.9 0.4797967672 0.4066359103 -0.7774589062 -0.1962787807 0.9134029746 0.3566085994 0.8551430702 -0.0185009651 0.5180617571
-130.4 209.5 2262.5 0.0462123863 0.2992733419 -0.9530476928 0.7967991233 0.5643723607 0.2158586532 0.6024745107 -0.7693629265 -0.2123797536
-141.1 24.7 2122.7 -0.9474122524 0.2992733419 -0.1133377552 0.2715374529 0.5643723607 -0.7795840502 -0.1693440080 -0.7693629265 -0.6159572005
0.7 155.9 2496.1 0.2316811979 0.9654924870 0.1189459264 -0.9577107430 0.2478247136 -0.1461952329 -0.1706281304 -0.0800451040 0.9820788503
74.0 -147.4 2442.0 -0.0608267672 0.9654924870 0.2532279789 -0.0842686519 0.2478247136 -0.9651330113 -0.9945847988 -0.0800451040 0.0662863776
-262.9 -150.9 2308.5 0.6537053585 0.0073560211 -0.7567133904 0.0596199594 0.9963439703 0.0611896329 0.7543969154 -0.0851152167 0.6508768201
-265.7 -537.7 2341.5 0.6455429792 0.1199414134 -0.7542468905 -0.0294665173 0.9907671809 0.1323334724 0.7631552815 -0.0632019192 0.6431170106
-177.3 -185.6 2461.9 0.6471642852 0.0309066828 -0.7617238164 0.0059245196 0.9989438057 0.0455653034 0.7623275518 -0.0340010822 0.6462976336
-189.3 -573.4 2475.1 0.6413714886 -0.1118280515 -0.7590369582 0.0689698458 0.9937188029 -0.0881252810 0.7641242146 0.0041703805 0.6450556517
123.4 -51.1 2170.0 0 0 0 0 0 0 0 0 0
60.5 -166.1 2220.5 0 0 0 0 0 0 0 0 0
-310.5 -907.3 2365.1 0 0 0 0 0 0 0 0 0
-157.6 -855.5 2473.9 0 0 0 0 0 0 0 0 0
20.8 364.3 2381.6 51 0.4468278587 0.4309339523 -0.7839903235 -0.2214923054 0.9023440480 0.3697517514 0.8667675853 0.0084324433 0.4986410141
-63.9 187.0 2380.0 0.4468278587 0.4309339523 -0.7839903235 -0.2214923054 0.9023440480 0.3697517514 0.8667675853 0.0084324433 0.4986410141
-143.8 10.1 2384.0 0.4619334638 0.4117901325 -0.7855229974 -0.1889878213 0.9110407829 0.3664537072 0.8665454984 -0.0208229478 0.4986635447
-127.0 212.8 2261.6 0.0554495230 0.2682594359 -0.9617495537 0.7973499894 0.5678628683 0.2043642700 0.6009645462 -0.7781829238 -0.1824089289
-140.1 24.7 2119.8 -0.9552478194 0.2682594359 -0.1246534809 0.2613263428 0.5678628683 -0.7805384398 -0.1386007369 -0.7781829238 -0.6125530005
-0.8 161.2 2498.3 0.2297405899 0.9682213664 0.0988263860 -0.9608057737 0.2418176085 -0.1355597973 -0.1551498622 -0.0638093725 0.9858280420
71.9 -143.0 2449.2 -0.0417062640 0.9682213664 0.2465927452 -0.0954494849 0.2418176085 -0.9656156898 -0.9945601821 -0.0638093725 0.0823309198
-265.7 -154.3 2309.9 0.6391398311 0.0002911633 -0.7690904737 0.0645752475 0.9964484572 0.0540414266 0.7663747668 -0.0842042416 0.6368511319
-265.8 -541.1 2342.6 0.6305706501 0.1262819767 -0.7657894492 -0.0211905688 0.9891078472 0.1456592828 0.7758424878 -0.0756209567 0.6263783574
-179.7 -189.5 2463.1 0.6318685412 0.0379775502 -0.7741445899 0.0035017817 0.9986487627 0.0518493578 0.7750676274 -0.0354728661 0.6308817863
-194.5 -577.2 2476.8 0.6243660450 -0.1320976764 -0.7698813081 0.0706730187 0.9911078811 -0.1127410159 0.7779282928 0.0159818232 0.6281498075
126.3 -48.2 2158.5 0 0 0 0 0 0 0 0 0
62.7 -164.3 2227.8 0 0 0 0 0 0 0 0 0
-312.9 -910.2 2370.8 0 0 0 0 0 0 0 0 0
-158.1 -850.4 2472.4 0 0 0 0 0 0 0 0 0
21.1 363.5 2375.8 52 0.4464482665 0.4377311766 -0.7804328203 -0.2006171048 0.8989395499 0.3894360960 0.8720301986 -0.0172949079 0.4891463816
-64.3 188.1 2379.2 0.4464482665 0.4377311766 -0.7804328203 -0.2006171048 0.8989395499 0.3894360960 0.8720301986 -0.0172949079 0.4891463816
-145.0 11.8 2386.8 0.4596963525 0.4155725539 -0.7848430872 -0.1725521982 0.9087105393 0.3800932169 0.8711515665 -0.0393010601 0.4894388914
-127.1 211.7 2260.2 0.0590193160 0.2428281605 -0.9682722688 0.7913308144 0.5799044967 0.1936655045 0.6085328460 -0.7776536942 -0.1579318494
-141.0 25.8 2117.2 -0.9614621997 0.2428281605 -0.1289376318 0.2504256666 0.5799044967 -0.7752404809 -0.1134787053 -0.7776536942 -0.6183666587
-1.5 164.6 2498.1 0.2261419296 0.9692949653 0.0965768248 -0.9647812247 0.2365533710 -0.1150638685 -0.1343764067 -0.0671547428 0.9886522293
70.1 -140.9 2455.6 -0.0403825603 0.9692949653 0.2425623685 -0.1162595749 0.2365533710 -0.9646378756 -0.9923976064 -0.0671547428 0.1031371951
-265.1 -149.8 2310.4 0.6380750537 -0.0005554205 -0.7699739337 0.0590233877 0.9970926046 0.0481932499 0.7677085400 -0.0761973858 0.6362527013
-264.9 -536.8 2340.0 0.6310993433 0.1244077459 -0.7656607032 -0.0078994986 0.9880347848 0.1540288180 0.7756617665 -0.0911591575 0.6245309114
-182.4 -183.6 2465.6 0.6303547621 0.0192471631 -0.7760685682 0.0100767948 0.9994055033 0.0329708979 0.7762417793 -0.0286036450 0.6297860742
-189.9 -571.5 2476.7 0.6251133680 -0.1142835096 -0.7721221447 0.0635923371 0.9933913350 -0.0955494270 0.7779391408 0.0106281694 0.6282497644
127.1 -44.0 2148.9 0 0 0 0 0 0 0 0 0
61.1 -166.7 2234.7 0 0 0 0 0 0 0 0 0
-311.3 -905.6 2374.0 0 0 0 0 0 0 0 0 0
-157.0 -856.9 2473.7 0 0 0 0 0 0 0 0 0
26.4 364.2 2370.9 53 0.4637187421 0.4417908490 -0.7679751515 -0.2052932978 0.8967946172 0.3919362724 0.8618698120 -0.0240880512 0.5065571666
-60.3 188.4 2375.6 0.4637187421 0.4417908490 -0.7679751515 -0.2052932978 0.8967946172 0.3919362724 0.8618698120 -0.0240880512 0.5065571666
-141.9 12.5 2385.0 0.4778225422 0.4207181931 -0.7711561322 -0.1758156121 0.9058930278 0.3852877319 0.8606825471 -0.0485178754 0.5068249702
-125.5 212.4 2258.1 0.1431045830 0.2399124950 -0.9601891041 0.7691490650 0.5835894942 0.2604478300 0.6228409410 -0.7757998109 -0.1010141373
-158.0 38.1 2117.0 -0.9489485025 0.2399124950 -0.2047894895 0.3095557094 0.5835894942 -0.7507320046 -0.0605969951 -0.7757998109 -0.6280626655
5.0 164.3 2493.1 0.2165494561 0.9691517949 0.1176906154 -0.9662833214 0.2299710065 -0.1158009619 -0.1392941326 -0.0886458457 0.9862753749
73.6 -141.6 2449.0 -0.0632003695 0.9691517949 0.2382235527 -0.1157570183 0.2299710065 -0.9662886262 -0.9912648797 -0.0886458457 0.0976518691
-266.8 -149.1 2316.4 0.6554389000 -0.0116961040 -0.7551576495 0.0467652045 0.9985899329 0.0251233932 0.7537989616 -0.0517819487 0.6550616622
-262.3 -536.7 2336.5 0.6495878100 0.1378741562 -0.7476806641 -0.0002743512 0.9834619761 0.1811144650 0.7602865100 -0.1174446195 0.6388827562
-184.5 -180.0 2472.4 0.6474513412 0.0217389017 -0.7617966533 0.0013934592 0.9995576739 0.0297080353 0.7621055245 -0.0202960409 0.6471346617
-192.9 -568.1 2480.3 0.6410828829 -0.1256763190 -0.7571117282 0.0608105883 0.9917176962 -0.1131283566 0.7650586963 0.0264842436 0.6434157491
105.8 -47.9 2133.8 0 0 0 0 0 0 0 0 0
59.5 -167.4 2228.4 0 0 0 0 0 0 0 0 0
-313.7 -903.6 2380.3 0 0 0 0 0 0 0 0 0
-156.9 -851.8 2472.7 0 0 0 0 0 0 0 0 0
25.8 363.5 2376.4 54 0.4630223513 0.4395109415 -0.7697015405 -0.2138621956 0.8981389999 0.3841995001 0.8601588607 -0.0132829007 0.5098531842
-60.5 187.2 2379.0 0.4630223513 0.4395109415 -0.7697015405 -0.2138621956 0.8981389999 0.3841995001 0.8601588607 -0.0132829007 0.5098531842
-141.5 11.0 2387.5 0.4795539677 0.4169957042 -0.7721027136 -0.1790041476 0.9078617692 0.3791365027 0.8590608239 -0.0436068363 0.5100126863
-126.0 211.6 2261.7 0.1232092902 0.2439460456 -0.9619302154 0.7589533925 0.6013582945 0.2497157007 0.6393818855 -0.7608275414 -0.1110507622
-154.8 34.2 2112.2 -0.9469361305 0.2439460456 -0.2092899382 0.3170134723 0.6013582945 -0.7333966494 -0.0530509800 -0.7608275414 -0.6467821002
5.0 162.7 2496.4 0.2203218490 0.9681006074 0.1193291545 -0.9645383954 0.2344542146 -0.1212309673 -0.1453410089 -0.0883877203 0.9854255915
74.7 -142.7 2450.4 -0.0638855249 0.9681006074 0.2422804236 -0.1101314425 0.2344542146 -0.9658686519 -0.9918617606 -0.0883877203 0.0916400924
-266.4 -147.6 2317.4 0.6561847925 -0.0066150199 -0.7545711994 0.0411058292 0.9987902045 0.0269901659 0.7534797788 -0.0487278141 0.6556628346
-263.8 -535.2 2336.3 0.6513121724 0.1347254962 -0.7467539907 0.0017091936 0.9838491082 0.1789917201 0.7588079572 -0.1178558320 0.6405626535
-180.8 -179.1 2471.5 0.6482002139 0.0357738510 -0.7606291771 -0.0060420283 0.9991059899 0.0418409221 0.7614459991 -0.0225255527 0.6478368640
-194.7 -566.9 2480.3 0.6405253410 -0.1287216544 -0.7570720315 0.0663541555 0.9914415479 -0.1124311537 0.7650650144 0.0217801295 0.6435846090
108.5 -54.0 2127.0 0 0 0 0 0 0 0 0 0
60.5 -167.2 2229.5 0 0 0 0 0 0 0 0 0
-314.1 -902.4 2380.3 0 0 0 0 0 0 0 0 0
-157.1 -856.1 2473.9 0 0 0 0 0 0 0 0 0
27.0 360.8 2371.2 55 0.4859772325 0.4430145323 -0.7533686161 -0.2257165313 0.8963828683 0.3815098703 0.8443211317 -0.0153573500 0.5356173515
-59.8 185.1 2374.2 0.4859772325 0.4430145323 -0.7533686161 -0.2257165313 0.8963828683 0.3815098703 0.8443211317 -0.0153573500 0.5356173515
-141.7 9.3 2382.5 0.5013487339 0.4217043519 -0.7555229068 -0.1936816573 0.9057279825 0.3770201802 0.8432893157 -0.0426876433 0.5357619524
-128.3 211.5 2259.1 0.1061140671 0.2638481259 -0.9587095380 0.7598929405 0.6003323197 0.2493267059 0.6413286924 -0.7549737096 -0.1367926449
-153.1 33.5 2108.8 -0.9354535341 0.2638481259 -0.2351825982 0.3501019478 0.6003323197 -0.7190477848 -0.0485317074 -0.7549737096 -0.6539567113
8.6 158.6 2489.4 0.2097090334 0.9669602513 0.1449482292 -0.9638969898 0.2293289006 -0.1353174895 -0.1640874445 -0.1113378629 0.9801424146
75.0 -146.5 2437.4 -0.0913073644 0.9669602513 0.2380143404 -0.0962090865 0.2293289006 -0.9685825109 -0.9911643267 -0.1113378629 0.0720909461
-265.4 -149.2 2319.0 0.6765221953 -0.0003727042 -0.7364221811 0.0353516825 0.9988633990 0.0319706760 0.7355732322 -0.0476626344 0.6757664084
-265.2 -537.0 2337.5 0.6711800694 0.1287535429 -0.7300273180 -0.0113546997 0.9864709377 0.1635426283 0.7412074208 -0.1014773101 0.6635615826
-179.4 -181.3 2472.9 0.6687853932 0.0394889675 -0.7424060106 -0.0121970866 0.9990367889 0.0421517268 0.7433554530 -0.0191352684 0.6686228514
-194.8 -569.1 2480.3 0.6603690982 -0.1285160482 -0.7398623228 0.0707236677 0.9915112853 -0.1091032550 0.7476034164 0.0197226368 0.6638525128
106.4 -63.6 2122.3 0 0 0 0 0 0 0 0 0
54.7 -167.9 2216.8 0 0 0 0 0 0 0 0 0
-313.3 -905.1 2375.4 0 0 0 0 0 0 0 0 0
-157.6 -855.6 2474.6 0 0 0 0 0 0 0 0 0
26.9 356.4 2368.6 56 0.4851925373 0.4463753700 -0.7518891096 -0.2255817503 0.8946753144 0.3855760694 0.8448082805 -0.0174661744 0.5347839594
-60.3 181.6 2372.0 0.4851925373 0.4463753700 -0.7518891096 -0.2255817503 0.8946753144 0.3855760694 0.8448082805 -0.0174661744 0.5347839594
-142.9 6.2 2380.1 0.4994779527 0.4255329967 -0.7546147704 -0.1961124837 0.9039775133 0.3799533546 0.8438374400 -0.0417889506 0.5349692106
-128.5 208.4 2256.7 0.1202209517 0.2733993530 -0.9543582797 0.7537369728 0.6005028486 0.2669773698 0.6460863352 -0.7514313459 -0.1338781714
-156.6 32.2 2105.7 -0.9273930788 0.2733993530 -0.2553328574 0.3719219267 0.6005028486 -0.7078632712 -0.0402012393 -0.7514313459 -0.6585854292
7.9 154.9 2487.3 0.2060009986 0.9680184722 0.1431915164 -0.9646625519 0.2254579812 -0.1363631338 -0.1642857045 -0.1100405529 0.9802557230
73.1 -150.6 2435.2 -0.0904570073 0.9680184722 0.2340037376 -0.0954538584 0.2254579812 -0.9695655107 -0.9913153052 -0.1100405529 0.0720068514
-268.4 -149.2 2315.3 0.6756902337 -0.0092427721 -0.7371277213 0.0508612655 0.9981231689 0.0341067575 0.7354289889 -0.0605368502 0.6748921871
-264.9 -536.6 2338.8 0.6673253775 0.1352921426 -0.7323748469 -0.0243548118 0.9868001938 0.1601006985 0.7443680167 -0.0890024081 0.6618118286
-178.7 -183.9 2466.3 0.6685874462 0.0445144996 -0.7422999740 0.0026408045 0.9980583191 0.0622304715 0.7436287999 -0.0435667820 0.6671717167
-195.9 -571.2 2483.2 0.6611451507 -0.1390531063 -0.7372593284 0.0650672540 0.9895989895 -0.1282966733 0.7474311590 0.0368512757 0.6633163691
99.4 -70.5 2116.8 0 0 0 0 0 0 0 0 0
53.0 -171.8 2214.5 0 0 0 0 0 0 0 0 0
-315.3 -904.9 2372.0 0 0 0 0 0 0 0 0 0
-156.2 -853.8 2472.7 0 0 0 0 0 0 0 0 0
27.9 353.1 2367.8 57 0.4702297747 0.4534097612 -0.7571681142 -0.2186653912 0.8910433054 0.3977779150 0.8550259471 -0.0214805678 0.5181401372
-60.6 179.1 2372.0 0.4702297747 0.4534097612 -0.7571681142 -0.2186653912 0.8910433054 0.3977779150 0.8550259471 -0.0214805678 0.5181401372
-144.3 4.1 2381.1 0.4855541885 0.4311010540 -0.7605189085 -0.1876164824 0.9010703564 0.3909888566 0.8538367152 -0.0471603945 0.5184001327
-127.0 204.7 2255.4 0.1412021816 0.2888899446 -0.9468920231 0.7524856925 0.5902022123 0.2922784090 0.6432940960 -0.7537930608 -0.1340477169
-159.9 29.4 2105.5 -0.9220024347 0.2888899446 -0.2577868998 0.3835311234 0.5902022123 -0.7103275657 -0.0530600958 -0.7537930608 -0.6549661756
5.7 153.4 2488.6 0.2030910552 0.9708046317 0.1276418567 -0.9678304791 0.2188011706 -0.1242183819 -0.1485199630 -0.0983080417 0.9840108752
70.0 -153.0 2441.6 -0.0760094672 0.9708046317 0.2275104076 -0.1081136614 0.2188011706 -0.9697615504 -0.9912285209 -0.0983080417 0.0883262753
-270.3 -151.7 2312.7 0.6647045612 -0.0146484273 -0.7469627261 0.0619771443 0.9974427819 0.0355914980 0.7445312142 -0.0699524432 0.6639125943
-264.6 -538.9 2339.8 0.6558923125 0.1338203847 -0.7428979874 -0.0196038298 0.9868482947 0.1604559869 0.7545998693 -0.0906781927 0.6498895884
-180.8 -186.9 2463.8 0.6574649215 0.0428516567 -0.7522656918 0.0133447656 0.9975627065 0.0684876740 0.7533670068 -0.0550670512 0.6552906036
-197.4 -574.1 2485.2 0.6507005095 -0.1475043744 -0.7448699474 0.0645932257 0.9881479144 -0.1392529011 0.7565821409 0.0424983799 0.6525161862
93.9 -76.2 2120.1 0 0 0 0 0 0 0 0 0
53.1 -177.0 2220.9 0 0 0 0 0 0 0 0 0
-314.5 -907.3 2373.7 0 0 0 0 0 0 0 0 0
-155.6 -854.1 2473.1 0 0 0 0 0 0 0 0 0
27.8 354.7 2367.9 58 0.4371805489 0.4470151663 -0.7804169655 -0.1992334425 0.8943101168 0.4006437957 0.8770286441 -0.0196685195 0.4800353646
-59.7 179.8 2371.7 0.4371805489 0.4470151663 -0.7804169655 -0.1992334425 0.8943101168 0.4006437957 0.8770286441 -0.0196685195 0.4800353646
-141.8 4.2 2381.9 0.4551106095 0.4228945673 -0.7836035490 -0.1621538997 0.9046698809 0.3940538764 0.8755457997 -0.0522737354 0.4802988768
-121.8 201.9 2252.2 0.2514989376 0.2811469138 -0.9261234999 0.7276506424 0.5760160089 0.3724648952 0.6381793022 -0.7675688267 -0.0597093031
-178.5 38.0 2108.4 -0.9221175909 0.2811469138 -0.2658110559 0.3836888969 0.5760160089 -0.7217952609 -0.0498190522 -0.7675688267 -0.6390274763
2.4 157.7 2491.2 0.2185141891 0.9715207815 0.0916457996 -0.9687028527 0.2272915691 -0.0997661352 -0.1177551895 -0.0669772327 0.9907813668
71.6 -148.9 2453.9 -0.0374564379 0.9715207815 0.2339752614 -0.1317948997 0.2272915691 -0.9648671746 -0.9905691147 -0.0669772327 0.1195279509
-271.5 -154.0 2313.8 0.6359404922 -0.0165225361 -0.7715612054 0.0674854219 0.9971315265 0.0342702158 0.7687817812 -0.0738629475 0.6352313161
-265.1 -541.1 2342.5 0.6259528995 0.1321560144 -0.7685816884 -0.0302703660 0.9889115095 0.1453883052 0.7792732120 -0.0677409768 0.6230124235
-184.5 -187.6 2466.7 0.6278588772 0.0277792998 -0.7778313160 0.0173497926 0.9986150265 0.0496689305 0.7781338096 -0.0446802936 0.6265074015
-195.3 -575.2 2484.1 0.6225626469 -0.1367270201 -0.7705332637 0.0599130280 0.9900566339 -0.1272727400 0.7802731395 0.0330702662 0.6245639920
75.0 -67.5 2122.1 0 0 0 0 0 0 0 0 0
63.2 -178.2 2233.6 0 0 0 0 0 0 0 0 0
-314.4 -910.1 2367.7 0 0 0 0 0 0 0 0 0
-156.3 -857.4 2474.7 0 0 0 0 0 0 0 0 0
29.0 354.7 2369.4 59 0.4258995354 0.4476448298 -0.7862720490 -0.1884576827 0.8938595653 0.4068154097 0.8849256039 -0.0250834972 0.4650564790
-58.9 179.2 2374.3 0.4258995354 0.4476448298 -0.7862720490 -0.1884576827 0.8938595653 0.4068154097 0.8849256039 -0.0250834972 0.4650564790
-141.1 3.6 2385.1 0.4429496825 0.4232081175 -0.7903736234 -0.1532512903 0.9043419957 0.3983461261 0.8833513856 -0.0553214997 0.4654351771
-119.4 200.1 2253.7 0.2733788490 0.2915585339 -0.9166556597 0.7307474017 0.5567485094 0.3950181603 0.6255176067 -0.7778333426 -0.0608523786
-181.7 33.6 2111.3 -0.9243939519 0.2915585339 -0.2459459007 0.3730703294 0.5567485094 -0.7421924472 -0.0794625282 -0.7778333426 -0.6234267950
1.6 158.2 2495.0 0.2207264751 0.9722124338 0.0779920518 -0.9696434140 0.2273622453 -0.0899891779 -0.1052210480 -0.0557614863 0.9928842783
71.4 -148.7 2461.6 -0.0236360915 0.9722124338 0.2329040021 -0.1416428983 0.2273622453 -0.9634540677 -0.9896355867 -0.0557614863 0.1323330402
-264.6 -156.9 2313.7 0.6252759099 0.0038324092 -0.7803943753 0.0551287718 0.9972728491 0.0490683317 0.7784541249 -0.0737034306 0.6233593822
-266.1 -544.0 2342.3 0.6178171635 0.1249714941 -0.7763272524 -0.0169296712 0.9891747832 0.1457622498 0.7861394882 -0.0769114569 0.6132448912
-183.2 -185.9 2470.4 0.6165926456 0.0331537612 -0.7865839601 0.0132905692 0.9985321760 0.0525054745 0.7871701717 -0.0428286381 0.6152470112
-196.1 -573.5 2487.1 0.6124526262 -0.1302441955 -0.7797039151 0.0475972630 0.9906198978 -0.1280889064 0.7890730500 0.0413366109 0.6129069924
71.9 -68.7 2133.1 0 0 0 0 0 0 0 0 0
66.2 -180.2 2241.4 0 0 0 0 0 0 0 0 0
-312.8 -913.2 2371.0 0 0 0 0 0 0 0 0 0
-158.8 -857.0 2475.2 0 0 0 0 0 0 0 0 0
30.0 351.1 2370.2 60 0.4379966855 0.4522117674 -0.7769578099 -0.2076587826 0.8917890191 0.4019827545 0.8746637702 -0.0147250146 0.4845063984
-58.7 176.2 2373.1 0.4379966855 0.4522117674 -0.7769578099 -0.2076587826 0.8917890191 0.4019827545 0.8746637702 -0.0147250146 0.4845063984
-141.6 0.9 2381.9 0.4555616379 0.4270804226 -0.7810671926 -0.1718039215 0.9030873775 0.3935944140 0.8734683990 -0.0451161079 0.4847860634
-120.9 199.6 2253.8 0.2693468034 0.3032486737 -0.9140527844 0.7454285026 0.5352867842 0.3972459733 0.6097447276 -0.7883579731 -0.0818724036
-182.2 30.0 2115.1 -0.9242284894 0.3032486737 -0.2320386171 0.3666741550 0.5352867842 -0.7609323859 -0.1065445170 -0.7883579731 -0.6059207916
3.5 152.7 2492.3 0.2140328735 0.9724209309 0.0926683843 -0.9685995579 0.2235594541 -0.1087937728 -0.1265102327 -0.0664731115 0.9897355437
71.3 -153.9 2452.3 -0.0394738168 0.9724209309 0.2298680544 -0.1231431141 0.2235594541 -0.9668800235 -0.9916035533 -0.0664731115 0.1109221950
