-356.7 509.3 2575.2 1 0.6491888165 0.1120165437 -0.7523338199 0.0067803138 0.9882050157 0.1529866308 0.7605971098 -0.1044182628 0.6407721043
-379.3 310.0 2596.2 0.6491888165 0.1120165437 -0.7523338199 0.0067803138 0.9882050157 0.1529866308 0.7605971098 -0.1044182628 0.6407721043
-400.6 116.5 2617.6 0.6498707533 0.1082850769 -0.7522914410 0.0128977289 0.9880850911 0.1533670723 0.7599353194 -0.1093716249 0.6407309771
-471.9 308.1 2488.0 -0.3186752498 0.1916278154 -0.9282913804 0.8982398510 0.3737809658 -0.2311989516 0.3026735187 -0.9075056911 -0.2912424803
-379.7 48.0 2400.3 -0.7886224985 0.1916278154 -0.5842545629 0.6090664864 0.3737809658 -0.6995182633 0.0843360871 -0.9075056911 -0.4114861488
-286.7 311.8 2704.5 0.8541558385 -0.0343899690 0.5188787580 -0.4773834348 0.3438218832 0.8086356521 -0.2062108219 -0.9384049773 0.2772602439
-60.8 185.6 2650.0 0.2095299810 -0.0343899690 0.9771972895 -0.9156121612 0.3438218832 0.2084248662 -0.3431495130 -0.9384049773 0.0405531153
-481.1 -81.0 2571.9 -0.5363091826 0.1993803382 0.8201341033 0.0754561275 0.9791333079 -0.1886912286 -0.8406419158 -0.0393127017 -0.5401626825
-559.1 -464.4 2587.3 -0.5337797403 -0.1885960102 0.8243244290 0.0622857884 0.9633960128 0.2607463002 -0.8433265686 0.1905247867 -0.5024943948
-364.6 -76.9 2710.0 -0.8683968782 -0.0008709801 -0.4958690107 0.0147307515 0.9995117784 -0.0275530294 0.4956509173 -0.0312314890 -0.8679600954
-364.2 -468.1 2722.2 -0.8692151904 0.1392965168 -0.4744063616 0.0091686156 0.9638699889 0.2662152946 0.4943489134 0.2270487398 -0.8390876055
-158.1 -123.1 2376.6 0 0 0 0 0 0 0 0 0
-5.6 -55.6 2559.6 0 0 0 0 0 0 0 0 0
-498.7 -773.1 2526.2 0 0 0 0 0 0 0 0 0
-416.6 -830.9 2636.8 0 0 0 0 0 0 0 0 0
-356.4 511.8 2578.2 2 0.6463021040 0.1136449277 -0.7545716763 -0.0024299915 0.9891493917 0.1468930095 0.7630777955 -0.0931036472 0.6395654678
-379.3 312.2 2597.0 0.6463021040 0.1136449277 -0.7545716763 -0.0024299915 0.9891493917 0.1468930095 0.7630777955 -0.0931036472 0.6395654678
-400.7 118.5 2616.3 0.6470851302 0.1089749858 -0.7545894980 0.0045285993 0.9891654849 0.1467349827 0.7624043226 -0.0983672589 0.6395807862
-471.6 311.5 2488.4 -0.3142901957 0.2047708035 -0.9269793034 0.8974304199 0.3825156987 -0.2197735459 0.3095809221 -0.9009720683 -0.3039884865
-379.5 48.7 2397.7 -0.7904541492 0.2047708035 -0.5772791505 0.6075002551 0.3825156987 -0.6961502433 0.0782670826 -0.9009720683 -0.4267594218
-287.1 312.8 2705.7 0.8445702791 -0.1073344797 0.5245763659 -0.4810745418 0.2780375779 0.8314219117 -0.2350921780 -0.9545545578 0.1831863970
-53.3 179.6 2640.6 0.1729395837 -0.1073344797 0.9790664911 -0.9402436018 0.2780375779 0.1965631098 -0.2933152914 -0.9545545578 -0.0528368540
-480.5 -78.2 2570.4 -0.5356401801 0.1989309341 0.8206802607 0.0726756379 0.9791098833 -0.1899000853 -0.8413131833 -0.0420746543 -0.5389080644
-558.5 -461.7 2586.8 -0.5339732170 -0.1861854494 0.8247469664 0.0639357343 0.9637686014 0.2589638531 -0.8430805206 0.1910105795 -0.5027227402
-363.1 -75.8 2707.7 -0.8701940775 0.0018891288 -0.4927054942 0.0224424843 0.9991067052 -0.0358061269 0.4921977520 -0.0422158130 -0.8694591522
-363.8 -467.0 2724.2 -0.8719377518 0.1407940984 -0.4689366519 0.0109406589 0.9631263018 0.2688271999 0.4894944727 0.2292701155 -0.8413265347
-156.2 -122.9 2375.6 0 0 0 0 0 0 0 0 0
-7.3 -70.2 2562.6 0 0 0 0 0 0 0 0 0
-498.4 -772.6 2525.2 0 0 0 0 0 0 0 0 0
-416.8 -829.6 2637.9 0 0 0 0 0 0 0 0 0
-356.3 509.4 2572.3 3 0.6463286281 0.1182220578 -0.7538453341 0.0017592422 0.9876917005 0.1564034224 0.7630571127 -0.1024142057 0.6381654739
-380.2 310.3 2592.9 0.6463286281 0.1182220578 -0.7538453341 0.0017592422 0.9876917005 0.1564034224 0.7630571127 -0.1024142057 0.6381654739
-402.3 116.8 2613.6 0.6469981074 0.1130387932 -0.7540661097 0.0074783177 0.9879617095 0.1545175612 0.7624549270 -0.1056117192 0.6383640170
-472.4 309.2 2484.2 -0.3220027387 0.2138143480 -0.9222785234 0.8986708522 0.3754912317 -0.2267092466 0.2978338003 -0.9018257856 -0.3130579293
-379.4 49.6 2398.2 -0.7900005579 0.2138143480 -0.5746151209 0.6094921231 0.3754912317 -0.6982303858 0.0664712489 -0.9018257856 -0.4269564450
-287.9 311.4 2701.5 0.8401196599 -0.0632272214 0.5387033224 -0.5002540946 0.2935285270 0.8146083951 -0.2096302360 -0.9538570642 0.2149694115
-51.7 170.7 2642.6 0.1552921087 -0.0632272214 0.9858431220 -0.9412341118 0.2935285270 0.1670907140 -0.2999377847 -0.9538570642 -0.0139289564
-480.5 -75.6 2566.6 -0.5357210636 0.1874116808 0.8233345747 0.0662098229 0.9813796878 -0.1803058386 -0.8417952061 -0.0420807973 -0.5381542444
-553.9 -460.0 2583.1 -0.5351575017 -0.1716778874 0.8271234035 0.0630151480 0.9682902694 0.2417499572 -0.8423987031 0.1814956069 -0.5073695183
-363.6 -74.8 2704.4 -0.8701770306 -0.0025728254 -0.4927325249 0.0193594377 0.9990357161 -0.0394057222 0.4923587739 -0.0438289791 -0.8692881465
-362.5 -466.1 2721.6 -0.8705578446 0.1428480148 -0.4708752334 0.0168073382 0.9650087953 0.2616783082 0.4917789698 0.2198919356 -0.8424968719
-155.4 -123.2 2379.4 0 0 0 0 0 0 0 0 0
-10.0 -81.8 2562.1 0 0 0 0 0 0 0 0 0
-498.3 -774.0 2524.3 0 0 0 0 0 0 0 0 0
-416.3 -829.5 2638.8 0 0 0 0 0 0 0 0 0
-358.0 508.3 2568.3 4 0.6463828087 0.1137188300 -0.7544914484 0.0085819112 0.9876852036 0.1562186182 0.7629650235 -0.1074520051 0.6374468207
-381.0 308.4 2590.0 0.6463828087 0.1137188300 -0.7544914484 0.0085819112 0.9876852036 0.1562186182 0.7629650235 -0.1074520051 0.6374468207
-402.6 115.0 2611.6 0.6468933821 0.1100582257 -0.7545967102 0.0130890608 0.9877822995 0.1552893072 0.7624681592 -0.1103325859 0.6375492811
-473.2 306.5 2481.3 -0.3295579553 0.2290599197 -0.9159274697 0.8966794610 0.3796347976 -0.2276913226 0.2955629826 -0.8963308334 -0.3305049837
-378.7 49.4 2396.6 -0.7904562950 0.2290599197 -0.5680760741 0.6099231839 0.3796347976 -0.6956084371 0.0563254245 -0.8963308334 -0.4397936761
-288.8 310.3 2698.7 0.8403266072 0.0148036806 0.5418782234 -0.5124059319 0.3478941321 0.7851177454 -0.1768936366 -0.9374169111 0.2999301851
-53.5 166.8 2649.1 0.1424163878 0.0148036806 0.9896961451 -0.9286949039 0.3478941321 0.1284346282 -0.3424081802 -0.9374169111 0.0632939264
-482.9 -77.3 2565.3 -0.5350041389 0.1782497615 0.8258314729 0.0650383681 0.9832783341 -0.1700992733 -0.8423423171 -0.0372930802 -0.5376510024
-552.8 -462.5 2579.9 -0.5335348248 -0.1694002301 0.8286399245 0.0565056242 0.9704085588 0.2347643971 -0.8438884020 0.1720778048 -0.5081747174
-366.0 -76.0 2703.2 -0.8702536821 -0.0057819840 -0.4925698340 0.0139840674 0.9992381334 -0.0364359803 0.4924052358 -0.0385966785 -0.8695098162
-363.7 -467.4 2718.3 -0.8691787720 0.1345037818 -0.4758539498 0.0219633058 0.9718479514 0.2345828861 0.4940100014 0.1934431344 -0.8476637602
-155.0 -123.2 2380.7 0 0 0 0 0 0 0 0 0
-15.0 -84.1 2556.6 0 0 0 0 0 0 0 0 0
-498.2 -774.9 2524.5 0 0 0 0 0 0 0 0 0
-414.3 -833.2 2645.5 0 0 0 0 0 0 0 0 0
-357.3 510.2 2565.3 5 0.6463486552 0.1189087927 -0.7537201643 0.0131629594 0.9858985543 0.1668256521 0.7629286647 -0.1177487299 0.6356689930
-381.5 309.6 2589.2 0.6463486552 0.1189087927 -0.7537201643 0.0131629594 0.9858985543 0.1668256521 0.7629286647 -0.1177487299 0.6356689930
-404.1 116.4 2612.5 0.6466768980 0.1157027334 -0.7539376020 0.0159217641 0.9861653447 0.1649980843 0.7625978589 -0.1187044680 0.6358881593
-473.6 307.3 2480.6 -0.3314750791 0.2514713705 -0.9093329310 0.8944464922 0.3903879523 -0.2180888057 0.3001495600 -0.8856406808 -0.3543315530
-378.1 49.4 2394.0 -0.7903611660 0.2514713705 -0.5586514473 0.6109931469 0.3903879523 -0.6886832118 0.0449066907 -0.8856406808 -0.4621947706
-289.3 311.8 2697.9 0.8430806994 0.1013922095 0.5281425118 -0.5183250308 0.4150047302 0.7477367520 -0.1433669478 -0.9041519165 0.4024365842
-56.9 169.0 2658.4 0.1853879690 0.1013922095 0.9774205685 -0.9007980227 0.4150047302 0.1278046221 -0.3926757276 -0.9041519165 0.1682707816
-482.6 -79.7 2564.3 -0.5342582464 0.1825900972 0.8253659606 0.0611992963 0.9821856618 -0.1776680350 -0.8431030512 -0.0444087870 -0.5359151363
-554.1 -464.4 2581.7 -0.5337236524 -0.1744985729 0.8274595141 0.0582185015 0.9685755968 0.2418095917 -0.8436525464 0.1772329509 -0.5067927241
-365.7 -77.3 2702.1 -0.8702846169 -0.0079636723 -0.4924847484 0.0090700518 0.9994406104 -0.0321893096 0.4924656153 -0.0324807242 -0.8697255850
-362.5 -468.8 2714.9 -0.8674862385 0.1414872259 -0.4769161642 0.0296280198 0.9716931581 0.2343813628 0.4965781271 0.1891925186 -0.8471223712
-154.7 -123.2 2381.3 0 0 0 0 0 0 0 0 0
-7.5 -71.0 2553.8 0 0 0 0 0 0 0 0 0
-498.1 -775.3 2524.8 0 0 0 0 0 0 0 0 0
-415.8 -834.7 2643.6 0 0 0 0 0 0 0 0 0
-359.2 513.0 2573.3 6 0.6480587721 0.1122824326 -0.7532678843 -0.0017348753 0.9892873168 0.1459710449 0.7615883350 -0.0932909846 0.6413111687
-382.0 312.0 2592.2 0.6480587721 0.1122824326 -0.7532678843 -0.0017348753 0.9892873168 0.1459710449 0.7615883350 -0.0932909846 0.6413111687
-403.5 118.3 2611.2 0.6485613585 0.1097961217 -0.7532017827 0.0027426810 0.9891980290 0.1465595365 0.7611573935 -0.0971186459 0.6412544847
-474.4 311.6 2483.8 -0.3287965357 0.2434457839 -0.9124839902 0.8929810524 0.3946103752 -0.2164891213 0.3073722720 -0.8860117197 -0.3471390009
-377.8 49.2 2393.4 -0.7908061147 0.2434457839 -0.5615690947 0.6096585393 0.3946103752 -0.6874584556 0.0542421117 -0.8860117197 -0.4604790807
-289.6 312.4 2700.7 0.8264974952 0.2093403041 0.5225691199 -0.5502943397 0.4960992038 0.6716113091 -0.1186508015 -0.8426519036 0.5252235532
-63.2 161.7 2668.2 0.2170546353 0.2093403041 0.9534484148 -0.8638226390 0.4960992038 0.0877269804 -0.4546402097 -0.8426519036 0.2885135412
-485.3 -78.1 2566.8 -0.5393227935 0.1790406704 0.8228458762 0.0628005937 0.9829670191 -0.1727191955 -0.8397541642 -0.0414761901 -0.5413804054
-555.4 -463.2 2583.0 -0.5383014083 -0.1793785691 0.8234409094 0.0572473593 0.9670452476 0.2480852306 -0.8408057690 0.1806844473 -0.5102928877
-368.3 -75.3 2704.7 -0.8693049550 -0.0127902115 -0.4941105843 0.0134817259 0.9986796379 -0.0495699868 0.4940921962 -0.0497529022 -0.8679847717
-363.3 -466.4 2724.2 -0.8715722561 0.1252616048 -0.4739950597 -0.0030128765 0.9654232264 0.2606702149 0.4902577996 0.2286210209 -0.8410586715
-154.3 -123.1 2378.1 0 0 0 0 0 0 0 0 0
-5.6 -67.9 2547.4 0 0 0 0 0 0 0 0 0
-497.5 -775.1 2524.8 0 0 0 0 0 0 0 0 0
-410.5 -829.6 2638.1 0 0 0 0 0 0 0 0 0
-358.0 514.9 2577.8 7 0.6499628425 0.1072982326 -0.7523532510 -0.0048370706 0.9905468225 0.1370898634 0.7599505782 -0.0854641348 0.6443375945
-379.8 313.8 2595.1 0.6499628425 0.1072982326 -0.7523532510 -0.0048370706 0.9905468225 0.1370898634 0.7599505782 -0.0854641348 0.6443375945
-400.3 119.8 2612.9 0.6505530477 0.1047374755 -0.7522039413 0.0006767898 0.9903643727 0.1384844482 0.7594605088 -0.0906005651 0.6442136765
-472.5 313.7 2486.9 -0.3177304864 0.2386848330 -0.9176474810 0.8938683867 0.3982459605 -0.2059112936 0.3163014948 -0.8856803775 -0.3398877084
-379.2 51.2 2394.0 -0.7842823863 0.2386848330 -0.5726523399 0.6168811321 0.3982459605 -0.6788651347 0.0660216883 -0.8856803775 -0.4595774412
-287.1 313.9 2703.4 0.8030362129 0.3331535757 0.4941067994 -0.5890827775 0.5691077113 0.5736705661 -0.0900795832 -0.7517480254 0.6532691121
-68.1 153.2 2678.8 0.2388967425 0.3331535757 0.9121058583 -0.8222289085 0.5691077113 0.0074854810 -0.5165926218 -0.7517480254 0.4098864794
-483.7 -75.6 2561.5 -0.5428391695 0.1784365922 0.8206619024 0.0603738427 0.9829314351 -0.1737836897 -0.8376637697 -0.0447900817 -0.5443466306
-553.6 -460.7 2579.0 -0.5404300690 -0.1750733703 0.8229730725 0.0467293113 0.9703575373 0.2371130884 -0.8400903344 0.1666000038 -0.5162293315
-366.4 -75.1 2699.0 -0.8681758046 -0.0119773783 -0.4961121976 0.0143590393 0.9986838102 -0.0492384285 0.4960489869 -0.0498713069 -0.8668611646
-361.7 -466.3 2718.6 -0.8670161366 0.1369361281 -0.4790944457 0.0228195470 0.9713996053 0.2363516688 0.4977572560 0.1939879954 -0.8453439474
-157.0 -123.6 2375.3 0 0 0 0 0 0 0 0 0
-4.2 -66.5 2540.7 0 0 0 0 0 0 0 0 0
-496.9 -774.9 2525.1 0 0 0 0 0 0 0 0 0
-413.2 -831.7 2645.6 0 0 0 0 0 0 0 0 0
-356.9 516.5 2580.0 8 0.6450713873 0.1051521078 -0.7568526268 -0.0054577198 0.9910950065 0.1330445409 0.7641028166 -0.0816925392 0.6399009228
-378.2 315.1 2596.6 0.6450713873 0.1051521078 -0.7568526268 -0.0054577198 0.9910950065 0.1330445409 0.7641028166 -0.0816925392 0.6399009228
-398.0 121.0 2614.0 0.6458917856 0.1010279059 -0.7567147017 0.0024288157 0.9909281731 0.1343705207 0.7634251118 -0.0886267424 0.6397870183
-470.3 314.8 2487.8 -0.3088280261 0.2536723018 -0.9166654944 0.8941175938 0.4060606360 -0.1888608783 0.3243130147 -0.8779323101 -0.3522157967
-379.9 53.1 2392.9 -0.7793669701 0.2536723018 -0.5729201436 0.6233790517 0.4060606360 -0.6682165265 0.0631322935 -0.8779323101 -0.4746042490
-286.2 315.5 2705.4 0.7836068869 0.4037967026 0.4721318781 -0.6184970737 0.5786109567 0.5316678882 -0.0584949628 -0.7086308002 0.7031506300
-71.6 146.1 2689.4 0.2258729786 0.4037967026 0.8865267038 -0.8136624694 0.5786109567 -0.0562383942 -0.5356629491 -0.7086308002 0.4592467844
-479.6 -74.2 2562.0 -0.5372153521 0.1910191029 0.8215298653 0.0632234216 0.9803966284 -0.1866151243 -0.8410722017 -0.0483125784 -0.5387610197
-554.5 -458.2 2580.9 -0.5350758433 -0.1751794517 0.8264417648 0.0511539094 0.9697510600 0.2386758327 -0.8432539105 0.1699853987 -0.5099292397
-362.0 -74.1 2699.3 -0.8713999987 0.0009924060 -0.4905721247 0.0307401493 0.9981432557 -0.0525843203 0.4896090925 -0.0609022379 -0.8698125482
-362.4 -465.0 2723.1 -0.8738465905 0.1386472881 -0.4660140276 0.0145595958 0.9655109644 0.2599548995 0.4859836996 0.2203757316 -0.8457271457
-158.9 -123.7 2375.0 0 0 0 0 0 0 0 0 0
-10.8 -73.2 2545.0 0 0 0 0 0 0 0 0 0
-497.2 -774.9 2525.4 0 0 0 0 0 0 0 0 0
-414.6 -828.3 2640.2 0 0 0 0 0 0 0 0 0
-355.3 516.7 2580.7 9 0.6453360915 0.1008627042 -0.7572106719 -0.0032870118 0.9916023016 0.1292829812 0.7638916969 -0.0809420198 0.6402482986
-375.7 315.7 2597.1 0.6453360915 0.1008627042 -0.7572106719 -0.0032870118 0.9916023016 0.1292829812 0.7638916969 -0.0809420198 0.6402482986
-394.5 121.6 2614.5 0.6462854147 0.0955402851 -0.7570912838 0.0062981304 0.9914298058 0.1304887235 0.7630697489 -0.0891012251 0.6401448846
-467.9 314.8 2488.3 -0.3016675711 0.2458231598 -0.9211773276 0.8952856064 0.4052424133 -0.1850465238 0.3278113902 -0.8805393577 -0.3423304558
-380.0 54.2 2392.9 -0.7758817077 0.2458231598 -0.5810151100 0.6267737746 0.4052424133 -0.6655322909 0.0718487203 -0.8805393577 -0.4684956670
-283.6 316.6 2705.8 0.7564941645 0.5011028647 0.4202528596 -0.6538746357 0.5921275616 0.4709914327 -0.0128281433 -0.6310949326 0.7755994797
-77.2 138.2 2702.3 0.2308261842 0.5011028647 0.8340354562 -0.7942968011 0.5921275616 -0.1359322667 -0.5619714260 -0.6310949326 0.5347029567
-476.2 -73.2 2562.3 -0.5367446542 0.1970923543 0.8204022050 0.0664158836 0.9791868925 -0.1917862594 -0.8411266804 -0.0484525114 -0.5386633873
-553.4 -456.8 2581.3 -0.5347328782 -0.1708019525 0.8275792599 0.0547725260 0.9702939391 0.2356472462 -0.8432441950 0.1713369340 -0.5094928145
-359.4 -72.8 2700.3 -0.8712834120 0.0069221146 -0.4907313883 0.0301047228 0.9987714291 -0.0393619314 0.4898560047 -0.0490687303 -0.8704213500
-362.1 -464.0 2719.6 -0.8709630966 0.1449728012 -0.4694743752 0.0322631374 0.9702933431 0.2397705764 0.4902880788 0.1936846077 -0.8497669697
-159.9 -123.6 2372.5 0 0 0 0 0 0 0 0 0
-14.4 -77.9 2549.4 0 0 0 0 0 0 0 0 0
-497.3 -775.1 2525.1 0 0 0 0 0 0 0 0 0
-416.7 -829.1 2646.7 0 0 0 0 0 0 0 0 0
-355.9 515.5 2581.5 0 0.6396905184 0.1031379625 -0.7616814375 -0.0045319353 0.9914453626 0.1304437965 0.7686192393 -0.0799917653 0.6346855760
-376.8 314.6 2597.7 0.6396905184 0.1031379625 -0.7616814375 -0.0045319353 0.9914453626 0.1304437965 0.7686192393 -0.0799917653 0.6346855760
-396.2 120.5 2615.2 0.6407125592 0.0990392044 -0.7613663077 0.0054897894 0.9910290837 0.1335337609 0.7677612305 -0.0897364914 0.6344210505
-468.1 313.8 2488.3 -0.3049452305 0.2592265904 -0.9164114594 0.8924919367 0.4135954380 -0.1799914390 0.3323650360 -0.8727774024 -0.3574815989
-379.1 53.5 2391.3 -0.7806763053 0.2592265904 -0.5686352849 0.6217744350 0.4135954380 -0.6650829911 0.0627777725 -0.8727774024 -0.4840646088
-285.4 315.4 2707.1 0.7311174273 0.5845975280 0.3517286181 -0.6818594337 0.6086299419 0.4057552516 0.0231309347 -0.5364841819 0.8435932994
-86.0 129.3 2713.4 0.2574653625 0.5845975280 0.7693876028 -0.7662357092 0.6086299419 -0.2060397267 -0.5887226462 -0.5364841819 0.6046406627
-471.6 -73.2 2563.0 -0.5295861363 0.2115090191 0.8214635849 0.0706478357 0.9760478735 -0.2057654262 -0.8453090787 -0.0509358905 -0.5318440795
-554.4 -455.5 2582.9 -0.5276305676 -0.1730532348 0.8316601515 0.0595050342 0.9690951705 0.2394027710 -0.8473872542 0.1758041829 -0.5010266900
-354.7 -72.0 2700.9 -0.8748007417 0.0142582767 -0.4842730463 0.0288259648 0.9993278384 -0.0226489622 0.4836246073 -0.0337729678 -0.8746237159
-360.3 -463.4 2714.2 -0.8723371625 0.1480955631 -0.4659351707 0.0459116176 0.9736210108 0.2235043645 0.4867443144 0.1735793352 -0.8561251163
-157.6 -123.0 2373.5 0 0 0 0 0 0 0 0 0
-15.2 -81.5 2551.4 0 0 0 0 0 0 0 0 0
-497.3 -775.6 2524.9 0 0 0 0 0 0 0 0 0
-416.1 -829.9 2648.8 0 0 0 0 0 0 0 0 0
-355.5 513.9 2582.4 1 0.6214268208 0.0990672261 -0.7771835923 0.0046130889 0.9914935827 0.1300737858 0.7834585905 -0.0844165608 0.6156837344
-375.5 313.4 2599.4 0.6214268208 0.0990672261 -0.7771835923 0.0046130889 0.9914935827 0.1300737858 0.7834585905 -0.0844165608 0.6156837344
-393.9 119.3 2617.8 0.6224271059 0.0937561393 -0.7770420313 0.0148980999 0.9912002683 0.1315296888 0.7825359702 -0.0934440866 0.6155531406
-464.2 311.3 2487.9 -0.2935670912 0.2791205645 -0.9142811894 0.8944682479 0.4176371694 -0.1597050577 0.3372608423 -0.8646796346 -0.3722690046
-378.8 51.3 2389.9 -0.7865935564 0.2791205645 -0.5507833958 0.6159314513 0.4176371694 -0.6679877639 0.0435784943 -0.8646796346 -0.5004298091
-286.8 315.5 2710.9 0.6912391186 0.6720987558 0.2654652596 -0.7213653922 0.6200939417 0.3084080517 0.0426672623 -0.4046811461 0.9134619236
-95.9 116.3 2722.7 0.2916153371 0.6720987558 0.6806201339 -0.7240217328 0.6200939417 -0.3021193147 -0.6251024604 -0.4046811461 0.6674429774
-473.5 -74.1 2563.4 -0.5087662339 0.2042948157 0.8363136649 0.0678725466 0.9779304266 -0.1975991428 -0.8582250476 -0.0437690355 -0.5114039779
-553.5 -457.2 2580.6 -0.5075384974 -0.1721235365 0.8442619443 0.0608790107 0.9702312350 0.2344036400 -0.8594756722 0.1703667045 -0.4819509983
-357.6 -73.1 2702.2 -0.8860872984 0.0027464861 -0.4635102451 0.0311464593 0.9980750680 -0.0536283366 0.4624707401 -0.0619560890 -0.8844672441
-358.7 -463.9 2726.5 -0.8854814172 0.1545540243 -0.4382187426 0.0349633396 0.9625524282 0.2688314319 0.4633575082 0.2227236480 -0.8577260375
-156.3 -123.0 2377.6 0 0 0 0 0 0 0 0 0
-14.9 -84.8 2549.1 0 0 0 0 0 0 0 0 0
-497.1 -775.1 2524.7 0 0 0 0 0 0 0 0 0
-416.8 -825.9 2642.7 0 0 0 0 0 0 0 0 0
-354.7 513.6 2582.3 2 0.6157402992 0.0991895646 -0.7816810608 0.0040106140 0.9916377068 0.1289907247 0.7879389524 -0.0825598091 0.6101934910
-374.8 312.9 2599.0 0.6157402992 0.0991895646 -0.7816810608 0.0040106140 0.9916377068 0.1289907247 0.7879389524 -0.0825598091 0.6101934910
-392.8 118.7 2617.3 0.6169639230 0.0920069814 -0.7815946937 0.0167014208 0.9913881421 0.1298867762 0.7868142128 -0.0931891873 0.6101140976
-462.7 310.5 2486.9 -0.2891867161 0.2714754939 -0.9179717302 0.8967519403 0.4123845994 -0.1605457217 0.3349731863 -0.8696206212 -0.3627023101
-379.2 51.6 2390.2 -0.7830547094 0.2714754939 -0.5595769882 0.6199760437 0.4123845994 -0.6675093174 0.0495485067 -0.8696206212 -0.4912280142
-286.9 315.3 2711.2 0.6754190922 0.6986703873 0.2359422296 -0.7358024716 0.6172273755 0.2786128521 0.0490285568 -0.3617873192 0.9309705496
-102.5 114.4 2724.5 0.3140849471 0.6986703873 0.6428143978 -0.7189618945 0.6172273755 -0.3195687234 -0.6200358272 -0.3617873192 0.6961792111
-468.5 -76.2 2565.3 -0.4990309775 0.2111660540 0.8404623866 0.0850073472 0.9771075845 -0.1950243860 -0.8624047041 -0.0258777328 -0.5055575967
-551.2 -458.9 2575.5 -0.4942192137 -0.1667224616 0.8532004356 0.0556234494 0.9733622074 0.2224231511 -0.8675559759 0.1573837399 -0.4717806280
-356.0 -73.5 2706.8 -0.8893542886 0.0023006259 -0.4572128952 0.0174470078 0.9994298220 -0.0289083235 0.4568856657 -0.0336867385 -0.8888873458
-356.9 -464.7 2720.0 -0.8845042586 0.1623987854 -0.4373543561 0.0491090640 0.9646601677 0.2588804066 0.4639401734 0.2075027525 -0.8612213135
-158.0 -123.6 2376.2 0 0 0 0 0 0 0 0 0
-15.0 -85.8 2551.8 0 0 0 0 0 0 0 0 0
-497.1 -774.5 2524.4 0 0 0 0 0 0 0 0 0
-418.0 -827.7 2641.9 0 0 0 0 0 0 0 0 0
-354.2 512.8 2582.8 3 0.6013404727 0.1034330651 -0.7922697067 0.0027249542 0.9913141131 0.1314871609 0.7989882231 -0.0812274441 0.5958354473
-375.2 312.2 2599.2 0.6013404727 0.1034330651 -0.7922697067 0.0027249542 0.9913141131 0.1314871609 0.7989882231 -0.0812274441 0.5958354473
-394.2 118.1 2617.2 0.6025409102 0.0973465368 -0.7921288610 0.0145772267 0.9910252690 0.1328776926 0.7979548573 -0.0916112810 0.5957142115
-461.0 310.2 2485.5 -0.2840954065 0.2167727649 -0.9339696765 0.9049006701 0.3826111555 -0.1864497662 0.3169299960 -0.8981192708 -0.3048558831
-379.4 50.1 2394.5 -0.7880164981 0.2167727649 -0.5762287378 0.6116203070 0.3826111555 -0.6924805641 0.0703606308 -0.8981192708 -0.4340865314
-289.3 314.3 2712.9 0.6521895528 0.7419135571 0.1556055546 -0.7557821870 0.6205002666 0.2092194110 0.0586694367 -0.2540546060 0.9654088020
-114.8 112.1 2728.6 0.3540014029 0.7419135571 0.5694271922 -0.6842910051 0.6205002666 -0.3830473125 -0.6375176907 -0.2540546060 0.7273427248
-466.6 -77.0 2564.4 -0.4853156507 0.2157118022 0.8473117352 0.0756143406 0.9758123755 -0.2051162720 -0.8710632324 -0.0354772210 -0.4898879230
-551.1 -459.2 2578.3 -0.4836890996 -0.1665385216 0.8592495322 0.0659857541 0.9719976187 0.2255359292 -0.8727489710 0.1657875031 -0.4591554999
-355.1 -73.9 2706.7 -0.8975250721 0.0078313146 -0.4408939183 0.0151331723 0.9998003244 -0.0130476980 0.4407037199 -0.0183827598 -0.8974643946
-358.2 -465.4 2713.9 -0.8908606172 0.1537389755 -0.4274712503 0.0647568703 0.9743605852 0.2154714614 0.4496375024 0.1642733514 -0.8779751658
-156.4 -123.0 2374.6 0 0 0 0 0 0 0 0 0
-14.5 -81.8 2547.9 0 0 0 0 0 0 0 0 0
-497.1 -774.6 2524.5 0 0 0 0 0 0 0 0 0
-416.0 -831.9 2652.1 0 0 0 0 0 0 0 0 0
-354.2 512.6 2582.0 4 0.5969708562 0.1040207222 -0.7954907417 0.0026031630 0.9913022518 0.1315791458 0.8022587299 -0.0806197003 0.5915077329
-375.3 312.1 2598.3 0.5969708562 0.1040207222 -0.7954907417 0.0026031630 0.9913022518 0.1315791458 0.8022587299 -0.0806197003 0.5915077329
-394.6 118.0 2615.8 0.5979738832 0.0987519473 -0.7954088449 0.0124095911 0.9911214113 0.1323794425 0.8014194965 -0.0890301466 0.5914392471
-460.5 310.3 2484.1 -0.2812547684 0.2012141645 -0.9383009076 0.9087790251 0.3699212074 -0.1930777729 0.3082474172 -0.9070122242 -0.2869013250
-380.0 50.2 2395.9 -0.7855391502 0.2012141645 -0.5851846933 0.6141033173 0.3699212074 -0.6971623898 0.0761932731 -0.9070122242 -0.4141538739
-290.1 313.9 2712.6 0.6107893586 0.7896262407 0.0585387871 -0.7883104086 0.5995119810 0.1383908838 0.0741823688 -0.1306744218 0.9886461496
-125.4 101.4 2732.5 0.3864120543 0.7896262407 0.4766300023 -0.6512970328 0.5995119810 -0.4651854932 -0.6530680656 -0.1306744218 0.7459398508
-467.8 -77.3 2563.0 -0.4806999862 0.2065140903 0.8522202969 0.0757553875 0.9780189395 -0.1942679435 -0.8736066818 -0.0288243182 -0.4857782423
-548.6 -460.3 2574.3 -0.4779520929 -0.1617987901 0.8633556366 0.0587715581 0.9747956395 0.2152192444 -0.8764175177 0.1536052525 -0.4563964605
-358.8 -74.6 2707.2 -0.9000521898 0.0037587995 -0.4357658625 0.0099923192 0.9998779297 -0.0120139476 0.4356674850 -0.0151674915 -0.8999798894
-360.3 -466.2 2713.2 -0.8938696980 0.1446456462 -0.4243520200 0.0595608279 0.9764471054 0.2073731273 0.4443529248 0.1600897908 -0.8814316392
-157.9 -123.4 2374.4 0 0 0 0 0 0 0 0 0
-14.2 -86.1 2544.5 0 0 0 0 0 0 0 0 0
-496.5 -774.4 2524.8 0 0 0 0 0 0 0 0 0
-414.8 -833.7 2652.9 0 0 0 0 0 0 0 0 0
-353.0 511.7 2581.7 5 0.5955486894 0.1055156887 -0.7963593602 0.0041437619 0.9909194112 0.1343933046 0.8033085465 -0.0833376795 0.5897035599
-374.4 311.1 2598.5 0.5955486894 0.1055156887 -0.7963593602 0.0041437619 0.9909194112 0.1343933046 0.8033085465 -0.0833376795 0.5897035599
-394.0 117.0 2616.0 0.5963874459 0.1000457183 -0.7964376211 0.0122305714 0.9909546375 0.1336387545 0.8026034832 -0.0894413665 0.5897693038
-459.4 309.4 2484.1 -0.2787885666 0.1980220973 -0.9397149682 0.9094027877 0.3689193428 -0.1920549721 0.3086478710 -0.9081221223 -0.2829323411
-379.7 49.6 2396.0 -0.7892234921 0.1980220973 -0.5813032985 0.6094486117 0.3689193428 -0.7017626762 0.0754895061 -0.9081221223 -0.4118441045
-289.4 312.9 2712.9 0.5881931782 0.8082230687 0.0283599533 -0.8062502146 0.5832970738 0.0986161903 0.0631615967 -0.0808705837 0.9947213531
-129.1 93.2 2730.1 0.3958995938 0.8082230687 0.4359346628 -0.6398804188 0.5832970738 -0.5003174543 -0.6586475372 -0.0808705837 0.7480931878
-468.0 -77.3 2560.8 -0.4803184569 0.2076191008 0.8521669507 0.0689407587 0.9775105715 -0.1992993802 -0.8743805289 -0.0369781367 -0.4838297963
-549.3 -460.1 2575.3 -0.4789696634 -0.1622780710 0.8627014756 0.0607432164 0.9742817879 0.2169913054 -0.8757272959 0.1563355178 -0.4567941427
-359.9 -75.0 2705.6 -0.9009271860 -0.0005523593 -0.4339699149 0.0023632206 0.9999781251 -0.0061788545 0.4339638352 -0.0065922644 -0.9009061456
-359.7 -466.7 2708.2 -0.8935100436 0.1442578286 -0.4252405465 0.0653184056 0.9786741138 0.1947574317 0.4442671835 0.1462416798 -0.8838778138
-156.3 -123.0 2374.6 0 0 0 0 0 0 0 0 0
-14.6 -92.0 2539.6 0 0 0 0 0 0 0 0 0
-497.0 -774.1 2524.9 0 0 0 0 0 0 0 0 0
-414.0 -835.1 2653.2 0 0 0 0 0 0 0 0 0
-352.5 511.4 2581.5 6 0.5904728770 0.1126191989 -0.7991612554 0.0043986710 0.9897522330 0.1427276433 0.8070455194 -0.0877920464 0.5839264393
-375.3 310.8 2599.3 0.5904728770 0.1126191989 -0.7991612554 0.0043986710 0.9897522330 0.1427276433 0.8070455194 -0.0877920464 0.5839264393
-396.3 116.9 2617.8 0.5914466977 0.1071376354 -0.7991948128 0.0131702861 0.9897179008 0.1424252987 0.8062365651 -0.0947625935 0.5839543343
-459.6 308.9 2484.4 -0.2789209187 0.2095638067 -0.9371691942 0.9085139036 0.3737693727 -0.1868125796 0.3111359775 -0.9035372138 -0.2946437299
-379.9 49.5 2395.5 -0.7865842581 0.2095638067 -0.5808340907 0.6133538485 0.3737693727 -0.6957682967 0.0712901428 -0.9035372138 -0.4225378633
-291.0 312.6 2714.2 0.5819759369 0.8129554391 0.0201856513 -0.8125510216 0.5803319812 0.0545489751 0.0326315053 -0.0481480621 0.9983070493
-128.2 85.3 2723.3 0.4060473144 0.8129554391 0.4174075425 -0.6241871119 0.5803319812 -0.5230728984 -0.6674699187 -0.0481480621 0.7430785298
-467.5 -78.2 2561.0 -0.4746311009 0.2154467255 0.8534096479 0.0657524467 0.9755496979 -0.2097126842 -0.8777254224 -0.0434223898 -0.4771923721
-551.9 -460.3 2578.0 -0.4743763208 -0.1682927608 0.8640860319 0.0642773062 0.9723150134 0.2246595919 -0.8779724240 0.1621143073 -0.4504258037
-359.7 -76.0 2706.1 -0.9036048055 0.0001196780 -0.4283671081 0.0017380556 0.9999927282 -0.0033869040 0.4283635914 -0.0038049484 -0.9035984278
-359.7 -467.7 2707.6 -0.8964003921 0.1394018233 -0.4207535088 0.0660970360 0.9806830883 0.1840973347 0.4382893443 0.1372143626 -0.8882987499
-158.0 -123.6 2375.4 0 0 0 0 0 0 0 0 0
-11.0 -94.8 2530.7 0 0 0 0 0 0 0 0 0
-497.6 -773.7 2525.8 0 0 0 0 0 0 0 0 0
-412.2 -836.9 2655.9 0 0 0 0 0 0 0 0 0
-352.4 510.7 2581.4 7 0.5787290931 0.1155331731 -0.8072946668 0.0066703064 0.9892104864 0.1463492066 0.8154925704 -0.0900814459 0.5717142820
-375.7 311.3 2599.5 0.5787290931 0.1155331731 -0.8072946668 0.0066703064 0.9892104864 0.1463492066 0.8154925704 -0.0900814459 0.5717142820
-397.4 117.6 2618.5 0.5796601772 0.1112578660 -0.8072271943 0.0147919878 0.9890351295 0.1469378918 0.8147240281 -0.0971145481 0.5716585517
-458.3 309.2 2483.4 -0.2739537060 0.2189411819 -0.9364902973 0.9096364975 0.3751502931 -0.1783920527 0.3122672439 -0.9007369280 -0.3019306958
-380.1 49.8 2394.4 -0.7844243646 0.2189411819 -0.5802958012 0.6166841388 0.3751502931 -0.6920714974 0.0661751777 -0.9007369280 -0.4292945564
-293.0 313.4 2715.6 0.5791295767 0.8152334690 -0.0018168048 -0.8136990070 0.5781733990 0.0600788109 0.0500286892 -0.0333150849 0.9981920123
-131.9 87.0 2729.6 0.4204329848 0.8152334690 0.3982844055 -0.6304173470 0.5781733990 -0.5179667473 -0.6525412798 -0.0333150849 0.7570204735
-470.7 -78.1 2563.5 -0.4608484805 0.2043226957 0.8636381626 0.0669746995 0.9783686399 -0.1957274824 -0.8849480748 -0.0323588029 -0.4645641446
-550.8 -461.3 2576.2 -0.4606590867 -0.1644473821 0.8722099662 0.0658516064 0.9736457467 0.2183518261 -0.8851309419 0.1580221802 -0.4376896620
-363.8 -75.7 2709.3 -0.9097254276 -0.0087704258 -0.4151177406 -0.0016693731 0.9998460412 -0.0174658988 0.4152069986 -0.0151961856 -0.9096000195
-360.4 -467.3 2715.2 -0.9036460519 0.1369061619 -0.4058084488 0.0511225536 0.9752368331 0.2151735276 0.4252179265 0.1736947447 -0.8882678747
-159.4 -123.7 2375.8 0 0 0 0 0 0 0 0 0
-10.5 -95.1 2541.1 0 0 0 0 0 0 0 0 0
-498.1 -773.2 2525.6 0 0 0 0 0 0 0 0 0
-411.9 -834.4 2649.8 0 0 0 0 0 0 0 0 0
-350.9 510.6 2581.3 8 0.5625293255 0.1133576110 -0.8189693689 0.0052996976 0.9900413752 0.1406767666 0.8267603517 -0.0834750906 0.5563265085
-373.7 310.9 2598.2 0.5625293255 0.1133576110 -0.8189693689 0.0052996976 0.9900413752 0.1406767666 0.8267603517 -0.0834750906 0.5563265085
-394.5 117.0 2616.2 0.5637301803 0.1063409299 -0.8190848231 0.0161230024 0.9900715351 0.1396365315 0.8258016109 -0.0919234306 0.5564186573
-454.1 308.6 2480.5 -0.2623825371 0.2356797904 -0.9357405901 0.9126530290 0.3755531609 -0.1613202840 0.3134004176 -0.8963341117 -0.3136324883
-379.6 49.8 2391.6 -0.7831109166 0.2356797904 -0.5754931569 0.6195610166 0.3755531609 -0.6892778277 0.0536794215 -0.8963341117 -0.4401178062
-293.4 313.2 2715.8 0.5688278675 0.8204421401 -0.0575287230 -0.8133898377 0.5715367198 0.1083637998 0.1217860132 -0.0148470709 0.9924453497
-147.7 104.8 2747.0 0.4385904074 0.8204421401 0.3667603433 -0.6458315849 0.5715367198 -0.5062087774 -0.6249320507 -0.0148470709 0.7805379629
-471.6 -77.5 2563.9 -0.4450501800 0.2022093385 0.8723770380 0.0622620247 0.9788022637 -0.1951142848 -0.8933385611 -0.0325196832 -0.4482060671
-550.8 -460.9 2576.7 -0.4462967217 -0.1643333286 0.8796668649 0.0695750043 0.9736469388 0.2171887308 -0.8921763301 0.1581334472 -0.4231019318
-366.8 -74.8 2711.2 -0.9175341725 -0.0162121505 -0.3973262906 -0.0088103656 0.9997521043 -0.0204474777 0.3975592852 -0.0152606694 -0.9174495935
-360.5 -466.4 2717.2 -0.9103595614 0.1403540224 -0.3892893195 0.0542761870 0.9730964899 0.2239135951 0.4102432430 0.1827127486 -0.8934856057
-160.2 -123.8 2376.6 0 0 0 0 0 0 0 0 0
-24.3 -76.8 2571.3 0 0 0 0 0 0 0 0 0
-498.2 -772.9 2526.0 0 0 0 0 0 0 0 0 0
-413.3 -832.7 2648.4 0 0 0 0 0 0 0 0 0
-348.9 511.8 2581.8 9 0.5513759255 0.1089466363 -0.8271126151 0.0088169090 0.9906199574 0.1363612860 0.8342103362 -0.0824789107 0.5452433825
-371.0 311.1 2598.5 0.5513759255 0.1089466363 -0.8271126151 0.0088169090 0.9906199574 0.1363612860 0.8342103362 -0.0824789107 0.5452433825
-390.7 117.0 2616.0 0.5524500012 0.1008513123 -0.8274224997 0.0189612228 0.9908763170 0.1334340125 0.8333303332 -0.0894045606 0.5454972982
-449.7 308.4 2479.8 -0.2516717613 0.2407323569 -0.9373949170 0.9141170382 0.3772621155 -0.1485374570 0.3178858161 -0.8942713141 -0.3150037825
-378.0 48.1 2389.3 -0.7888324857 0.2407323569 -0.5655009151 0.6128694415 0.3772621155 -0.6943085194 0.0461995378 -0.8942713141 -0.4451341033
-292.2 313.7 2717.3 0.5531135798 0.8256649375 -0.1110979766 -0.8178497553 0.5635387301 0.1163869277 0.1587046087 0.0264862590 0.9869707823
-161.0 119.7 2754.9 0.4470911324 0.8256649375 0.3440740407 -0.6249757409 0.5635387301 -0.5402123928 -0.6399334669 0.0264862590 0.7679737210
-466.3 -78.4 2559.6 -0.4344784617 0.2135437131 0.8750014305 0.0551849641 0.9759737253 -0.2107840776 -0.8989900351 -0.0432942212 -0.4358239770
-550.0 -460.7 2576.5 -0.4376278818 -0.1622224152 0.8844013214 0.0736333132 0.9738209248 0.2150602639 -0.8961361051 0.1592377722 -0.4142262340
-364.4 -75.5 2708.8 -0.9228996038 -0.0106989173 -0.3848919868 -0.0046108528 0.9998493195 -0.0167370345 0.3850130439 -0.0136719234 -0.9228098392
-360.2 -467.1 2714.2 -0.9156925678 0.1398782581 -0.3767508864 0.0594747737 0.9743166566 0.2171862274 0.3974542916 0.1764686406 -0.9004936814
-157.7 -123.1 2376.4 0 0 0 0 0 0 0 0 0
-39.8 -49.8 2581.3 0 0 0 0 0 0 0 0 0
-497.9 -773.0 2525.4 0 0 0 0 0 0 0 0 0
-412.9 -834.0 2647.7 0 0 0 0 0 0 0 0 0
-347.6 512.6 2581.5 0 0.5520210862 0.1155686304 -0.8257824183 0.0108874384 0.9892650843 0.1457261592 0.8337590694 -0.0894345641 0.5448369384
-370.9 312.4 2599.6 0.5520210862 0.1155686304 -0.8257824183 0.0108874384 0.9892650843 0.1457261592 0.8337590694 -0.0894345641 0.5448369384
-392.0 118.6 2618.3 0.5530289412 0.1078207493 -0.8261559606 0.0198155716 0.9896083474 0.1424172968 0.8329263330 -0.0951316357 0.5451455116
-449.7 309.6 2480.9 -0.2513421476 0.2199375033 -0.9425787330 0.9144876003 0.3729877770 -0.1568201035 0.3170797229 -0.9013920426 -0.2948776782
-377.8 47.9 2390.2 -0.7865688205 0.2199375033 -0.5770068765 0.6143525839 0.3729877770 -0.6953064203 0.0622925647 -0.9013920426 -0.4284997284
-292.1 315.3 2718.3 0.5629429221 0.8165912032 -0.1275697351 -0.8153747320 0.5739480257 0.0758135021 0.1351270378 0.0613384582 0.9889278412
-153.0 113.8 2751.7 0.4691562057 0.8165912032 0.3362606168 -0.5980539322 0.5739480257 -0.5593881607 -0.6497876048 0.0613384582 0.7576369047
-460.4 -78.8 2558.2 -0.4315283895 0.2348771244 0.8709856272 0.0661157444 0.9711477160 -0.2291307002 -0.8996732831 -0.0412905365 -0.4346068501
-552.4 -459.1 2574.4 -0.4310609400 -0.1681333035 0.8865199685 0.0633973181 0.9744150639 0.2156293690 -0.9000928998 0.1491523832 -0.4093731046
-360.5 -75.4 2708.9 -0.9226718545 -0.0066832993 -0.3855281770 -0.0007632399 0.9998794794 -0.0155067109 0.3855853379 -0.0140133556 -0.9225657582
-357.9 -467.0 2714.4 -0.9130271077 0.1567353606 -0.3765840232 0.0777187049 0.9731611609 0.2166036665 0.4004264176 0.1684973985 -0.9007037878
-158.5 -123.4 2372.8 0 0 0 0 0 0 0 0 0
-28.7 -44.6 2579.6 0 0 0 0 0 0 0 0 0
-498.1 -773.3 2526.3 0 0 0 0 0 0 0 0 0
-416.9 -833.5 2650.9 0 0 0 0 0 0 0 0 0
-346.0 510.4 2581.9 1 0.5463184118 0.1219622120 -0.8286503553 0.0119562959 0.9881052375 0.1533136815 0.8374922276 -0.0936656743 0.5383618474
-370.6 310.8 2600.8 0.5463184118 0.1219622120 -0.8286503553 0.0119562959 0.9881052375 0.1533136815 0.8374922276 -0.0936656743 0.5383618474
-393.1 117.3 2620.5 0.5474841595 0.1146559566 -0.8289240599 0.0216933247 0.9882915020 0.1510274112 0.8365348577 -0.1006672308 0.5385866761
-448.7 307.7 2481.6 -0.2486250848 0.2532667816 -0.9349018931 0.9121415019 0.3859378994 -0.1380209178 0.3258579373 -0.8870782852 -0.3269689977
-377.9 48.1 2388.9 -0.7849922776 0.2532667816 -0.5653697848 0.6178905368 0.3859378994 -0.6850278974 0.0447028242 -0.8870782852 -0.4594494402
-292.6 313.9 2720.0 0.5780666471 0.8109508753 -0.0905409604 -0.8122652769 0.5824640989 0.0309951827 0.0778724328 0.0556259975 0.9954102635
-144.4 105.7 2740.0 0.4791288078 0.8109508753 0.3358486295 -0.6064822078 0.5824640989 -0.5412160754 -0.6345193982 0.0556259975 0.7709026337
-463.1 -77.0 2561.6 -0.4228558540 0.2220442593 0.8785722852 0.0720441788 0.9746843576 -0.2116601765 -0.9033285975 -0.0262057241 -0.4281479716
-550.1 -458.6 2571.9 -0.4205271602 -0.1619017869 0.8927175999 0.0577223785 0.9771817923 0.2044110149 -0.9054418802 0.1374901682 -0.4015861452
-363.2 -73.4 2712.2 -0.9250945449 -0.0128829274 -0.3795182109 -0.0162041523 0.9998532534 0.0055579338 0.3793908954 0.0112913856 -0.9251675606
-358.1 -464.9 2707.8 -0.9135596752 0.1559184343 -0.3756303787 0.0906853303 0.9784355164 0.1855805069 0.3964655399 0.1354746968 -0.9079987407
-159.5 -123.8 2376.4 0 0 0 0 0 0 0 0 0
-18.7 -53.4 2573.6 0 0 0 0 0 0 0 0 0
-498.3 -771.3 2527.9 0 0 0 0 0 0 0 0 0
-416.8 -833.2 2656.8 0 0 0 0 0 0 0 0 0
-344.6 511.6 2582.1 2 0.5637792349 0.1177143231 -0.8174939156 0.0084710857 0.9889151454 0.1482400000 0.8258820772 -0.0904996991 0.5565326810
-368.4 311.7 2600.4 0.5637792349 0.1177143231 -0.8174939156 0.0084710857 0.9889151454 0.1482400000 0.8258820772 -0.0904996991 0.5565326810
-390.4 118.1 2619.7 0.5649012327 0.1123624742 -0.8174725175 0.0181150511 0.9887579083 0.1484239399 0.8249596953 -0.0986534208 0.5565150976
-448.9 309.2 2482.8 -0.2483079880 0.2589098811 -0.9334392548 0.9110065103 0.3899528384 -0.1341785789 0.3292571306 -0.8836868405 -0.3326970041
-377.5 47.4 2388.2 -0.7849344611 0.2589098811 -0.5628886223 0.6181002855 0.3899528384 -0.6825605035 0.0427783579 -0.8836868405 -0.4661196768
-287.9 314.3 2717.9 0.6086024046 0.7929252982 0.0295404997 -0.7931176424 0.6067885160 0.0526511781 0.0238236133 -0.0554727241 0.9981759191
-128.5 106.6 2724.2 0.4525118172 0.7929252982 0.4080472589 -0.6473898292 0.6067885160 -0.4611877501 -0.6132858396 -0.0554727241 0.7879106998
-465.0 -78.3 2564.6 -0.4417394698 0.2043474168 0.8735607266 0.0758411512 0.9787339568 -0.1905989051 -0.8939319849 -0.0179432109 -0.4478433728
-545.1 -461.5 2571.7 -0.4394935369 -0.1500353813 0.8856267929 0.0608613379 0.9787118435 0.1960075945 -0.8961815238 0.1400444955 -0.4210061729
-366.1 -74.3 2715.9 -0.9168854356 -0.0156039391 -0.3988454044 -0.0214948040 0.9997158647 0.0103016514 0.3985713422 0.0180185381 -0.9169602990
-360.0 -465.9 2708.8 -0.9048386812 0.1569732577 -0.3957605362 0.0917293429 0.9795963168 0.1788206846 0.4157556295 0.1255010068 -0.9007756114
-160.1 -123.9 2376.4 0 0 0 0 0 0 0 0 0
-10.2 -62.7 2563.8 0 0 0 0 0 0 0 0 0
-497.5 -771.5 2527.3 0 0 0 0 0 0 0 0 0
-419.1 -834.7 2661.6 0 0 0 0 0 0 0 0 0
-344.5 509.5 2583.2 3 0.5582914948 0.1212714091 -0.8207337260 0.0026801687 0.9889903069 0.1479561031 0.8296405077 -0.0848023444 0.5518198609
-369.0 310.1 2600.3 0.5582914948 0.1212714091 -0.8207337260 0.0026801687 0.9889903069 0.1479561031 0.8296405077 -0.0848023444 0.5518198609
-391.6 116.3 2618.3 0.5593485832 0.1156585217 -0.8208241463 0.0115051987 0.9890396595 0.1472011805 0.8288527131 -0.0917805135 0.5518872738
-448.7 308.4 2482.2 -0.2508276403 0.2320747077 -0.9398015141 0.9133359194 0.3784501553 -0.1503096074 0.3207849562 -0.8960562348 -0.3068879247
-377.2 48.3 2390.8 -0.7823036909 0.2320747077 -0.5780503750 0.6200705767 0.3784501553 -0.6872321367 0.0592740513 -0.8960562348 -0.4399656355
-289.3 311.7 2718.4 0.6395134330 0.7687638998 0.0049642441 -0.7631917000 0.6340744495 0.1244509220 0.0925256759 -0.0833767056 0.9922133684
-129.1 120.6 2741.6 0.4589222968 0.7687638998 0.4454126060 -0.6377482414 0.6340744495 -0.4372949004 -0.6186012626 -0.0833767056 0.7812687159
-463.5 -77.2 2564.5 -0.4381042719 0.2223965675 0.8709790111 0.0705774575 0.9744316339 -0.2133116424 -0.8961492181 -0.0319812633 -0.4425988197
-550.6 -458.7 2577.0 -0.4380146265 -0.1625770479 0.8841447234 0.0700397342 0.9743496776 0.2138624042 -0.8962352276 0.1556001157 -0.4153925478
-361.4 -73.9 2713.6 -0.9197141528 -0.0044967602 -0.3925629556 -0.0104231508 0.9998615980 0.0129665360 0.3924503028 0.0160172489 -0.9196337461
-359.6 -465.5 2707.3 -0.9091411233 0.1530235857 -0.3873579502 0.0851728022 0.9787119031 0.1867314428 0.4076861441 0.1367728710 -0.9028207064
-160.3 -123.7 2374.4 0 0 0 0 0 0 0 0 0
-7.7 -48.2 2577.9 0 0 0 0 0 0 0 0 0
-498.1 -773.2 2526.8 0 0 0 0 0 0 0 0 0
-417.2 -834.1 2655.8 0 0 0 0 0 0 0 0 0
-343.1 511.1 2583.2 4 0.5639316440 0.1188075840 -0.8172305822 0.0014012648 0.9894580841 0.1448126733 0.8258202672 -0.0828096047 0.5578202605
-367.1 311.0 2600.0 0.5639316440 0.1188075840 -0.8172305822 0.0014012648 0.9894580841 0.1448126733 0.8258202672 -0.0828096047 0.5578202605
-389.1 117.2 2617.3 0.5648787022 0.1123045161 -0.8174960017 0.0095117865 0.9897433519 0.1425397247 0.8251191378 -0.0882935002 0.5580167174
-447.6 309.7 2482.4 -0.2455365956 0.2305414677 -0.9415744543 0.9158763289 0.3734199107 -0.1474045813 0.3176197708 -0.8985589743 -0.3028357327
-377.7 48.8 2391.9 -0.7812497616 0.2305414677 -0.5800857544 0.6215320826 0.3734199107 -0.6886620522 0.0578504167 -0.8985589743 -0.4350231290
