-142.1 455.4 2729.1 1 0.5330213308 0.3009092510 -0.7907856107 -0.2476706356 0.9491735697 0.1942389607 0.8090410829 0.0923208669 0.5804561377
-203.1 262.9 2710.4 0.5330213308 0.3009092510 -0.7907856107 -0.2476706356 0.9491735697 0.1942389607 0.8090410829 0.0923208669 0.5804561377
-257.9 72.5 2695.2 0.5411223769 0.2760856748 -0.7943319678 -0.2208927572 0.9580678940 0.1825166345 0.8114141822 0.0766983330 0.5794173479
-282.1 295.2 2592.0 -0.0110202748 0.7440228462 -0.6680632830 0.7833599448 0.4216559529 0.4566765428 0.6214706302 -0.5183013082 -0.5874844790
-278.7 54.0 2400.7 -0.6422104836 0.7440228462 -0.1843792498 0.6653659940 0.4216559529 -0.6160311103 -0.3805966079 -0.5183013082 -0.7658393979
-124.2 230.6 2828.8 -0.1280532777 0.8825453520 -0.4524555802 -0.8030341864 0.1754586995 0.5695176125 0.5820124149 0.4362659156 0.6862460375
-160.6 2.2 2994.3 0.4399704337 0.8825453520 -0.1659509242 -0.6355475783 0.1754586995 -0.7518600821 -0.6344330907 0.4362659156 0.6380962133
-363.3 -98.1 2609.6 0.6290411353 0.0705838799 -0.7741609216 -0.0644484833 0.9971761703 0.0385498889 0.7746958137 0.0256440323 0.6318138838
-391.4 -494.3 2599.4 0.6312798858 -0.0222429466 -0.7752360702 -0.1198276207 0.9847881198 -0.1258317977 0.7662421465 0.1723297834 0.6190116405
-260.3 -137.6 2755.7 -0.1714398265 0.2422806919 0.9549390078 0.0050921817 0.9694947004 -0.2450594604 -0.9851814508 -0.0371502265 -0.1674437374
-356.5 -522.6 2770.4 -0.1714398265 -0.2937813401 0.9403727651 0.0050921817 0.9542275667 0.2990380824 -0.9851814508 0.0560555868 -0.1620966196
-93.4 -137.9 2510.5 0 0 0 0 0 0 0 0 0
-42.0 -169.1 2823.4 0 0 0 0 0 0 0 0 0
-384.1 -816.4 2543.0 0 0 0 0 0 0 0 0 0
-257.8 -843.3 2751.6 0 0 0 0 0 0 0 0 0
-140.6 456.5 2731.9 2 0.5242752433 0.3014320731 -0.7964133024 -0.2594041526 0.9473354816 0.1877895743 0.8110764027 0.1081395000 0.5748572946
-202.1 263.5 2709.9 0.5242752433 0.3014320731 -0.7964133024 -0.2594041526 0.9473354816 0.1877895743 0.8110764027 0.1081395000 0.5748572946
-256.8 73.3 2692.3 0.5334888101 0.2759388685 -0.7995295525 -0.2290136665 0.9571011662 0.1775108576 0.8142127991 0.0884031355 0.5737965107
-279.9 296.9 2591.0 -0.0216567479 0.7481034398 -0.6632286310 0.8108972907 0.4011738002 0.4260342717 0.5847876668 -0.5285837650 -0.6153231859
-273.3 47.4 2411.1 -0.6390463710 0.7481034398 -0.1787762791 0.6501515508 0.4011738002 -0.6452615857 -0.4110020697 -0.5285837650 -0.7427492738
-124.2 230.0 2828.8 -0.1339099556 0.8785602450 -0.4584757984 -0.8082920313 0.1708374023 0.5634524226 0.5733516812 0.4460342228 0.6872563958
-162.3 0.0 2991.9 0.4455741942 0.8785602450 -0.1720336825 -0.6295021772 0.1708374023 -0.7579852343 -0.6365458965 0.4460342228 0.6291763186
-362.3 -97.6 2605.6 0.6224519014 0.0721017718 -0.7793297768 -0.0636939704 0.9971113205 0.0413779356 0.7800619602 0.0238828342 0.6252462864
-390.9 -493.8 2596.1 0.6238201261 -0.0207070168 -0.7812936306 -0.1041961685 0.9885221720 -0.1093942299 0.7745912671 0.1496501267 0.6145024300
-263.1 -138.1 2754.2 -0.1050917581 0.2427888960 0.9643698931 0.0024542487 0.9698001742 -0.2438885719 -0.9944595098 -0.0232638735 -0.1025138646
-359.6 -523.3 2763.5 -0.1050917581 -0.3052769601 0.9464468956 0.0024542487 0.9516344666 0.3072227240 -0.9944595098 0.0346093923 -0.0992597118
-86.0 -143.2 2531.5 0 0 0 0 0 0 0 0 0
-42.2 -169.7 2820.3 0 0 0 0 0 0 0 0 0
-384.1 -820.0 2546.7 0 0 0 0 0 0 0 0 0
-255.5 -847.7 2751.7 0 0 0 0 0 0 0 0 0
-138.6 458.0 2724.4 3 0.5375005007 0.3121183217 -0.7833743691 -0.2552037239 0.9456239939 0.2016589642 0.8037190437 0.0915282369 0.5879271030
-202.1 265.7 2705.7 0.5375005007 0.3121183217 -0.7833743691 -0.2552037239 0.9456239939 0.2016589642 0.8037190437 0.0915282369 0.5879271030
-258.6 75.7 2691.2 0.5471079350 0.2845558524 -0.7872108221 -0.2245865613 0.9558640122 0.1894328892 0.8063707352 0.0731567219 0.5868682265
-282.0 298.5 2588.0 -0.0732595250 0.7697590590 -0.6341167688 0.8407141566 0.3897051811 0.3759382963 0.5365004539 -0.5055698752 -0.6756969690
-259.6 41.5 2424.0 -0.6176529527 0.7697590590 -0.1611702591 0.6546865702 0.3897051811 -0.6477000713 -0.4357641041 -0.5055698752 -0.7446534634
-122.2 232.8 2823.5 -0.1288604140 0.8880612254 -0.4412961006 -0.8012239337 0.1689772010 0.5740094781 0.5843245983 0.4275440872 0.6897614598
-158.9 4.8 2989.7 0.4289059639 0.8880612254 -0.1654899567 -0.6393117905 0.1689772010 -0.7501513958 -0.6382163763 0.4275440872 0.6402233243
-360.5 -95.9 2600.2 0.6371970177 0.0857907683 -0.7659111619 -0.0533104055 0.9963111281 0.0672467947 0.7688549757 -0.0020184184 0.6394199729
-394.6 -491.6 2601.0 0.6400592923 -0.0300367866 -0.7677381635 -0.1112599298 0.9850798845 -0.1312968284 0.7602271438 0.1694562435 0.6271676421
-262.7 -137.9 2749.4 -0.1491815150 0.2448491007 0.9580155611 -0.0053424425 0.9686434865 -0.2483973056 -0.9887953997 -0.0421744287 -0.1431956142
-360.0 -522.7 2766.2 -0.1491815150 -0.3085885644 0.9394242764 -0.0053424425 0.9502932429 0.3113104999 -0.9887953997 0.0414229520 -0.1434147954
-71.3 -158.1 2556.8 0 0 0 0 0 0 0 0 0
-43.3 -167.5 2817.7 0 0 0 0 0 0 0 0 0
-384.7 -816.6 2545.1 0 0 0 0 0 0 0 0 0
-255.8 -843.5 2752.2 0 0 0 0 0 0 0 0 0
-138.5 458.7 2730.1 4 0.5421772599 0.3122629523 -0.7800869346 -0.2636940181 0.9447136521 0.1948887110 0.7978153229 0.1000400409 0.5945441127
-202.2 265.8 2709.6 0.5421772599 0.3122629523 -0.7800869346 -0.2636940181 0.9447136521 0.1948887110 0.7978153229 0.1000400409 0.5945441127
-258.4 76.0 2693.0 0.5516069531 0.2830668390 -0.7846036553 -0.2335966527 0.9554382563 0.1804724634 0.8007261157 0.0837309211 0.5931499004
-282.8 300.0 2592.7 -0.1411450058 0.7796512842 -0.6100999713 0.8602219224 0.4016096592 0.3142099082 0.4899962246 -0.4804722369 -0.7273583412
-239.4 35.8 2442.2 -0.6083192229 0.7796512842 -0.1486324668 0.6678363681 0.4016096592 -0.6266612411 -0.4288849831 -0.4804722369 -0.7649863362
-121.6 231.7 2826.6 -0.1244555190 0.8898758292 -0.4388983846 -0.8086855412 0.1653325409 0.5645288229 0.5749247670 0.4251895249 0.6990532279
-157.1 1.6 2990.2 0.4269317687 0.8898758292 -0.1607801467 -0.6302803159 0.1653325409 -0.7585591078 -0.6484411955 0.4251895249 0.6314569116
-365.3 -93.6 2602.8 0.6419180036 0.0675757602 -0.7637897134 -0.0518719777 0.9976541400 0.0446715616 0.7650166750 0.0109438039 0.6439174414
-392.1 -489.9 2598.4 0.6443642378 -0.0260342564 -0.7642754316 -0.1069199741 0.9865363836 -0.1237500831 0.7572072744 0.1614564359 0.6329051852
-264.9 -134.8 2750.6 -0.1566635668 0.2414769083 0.9576771259 -0.0048854286 0.9694489837 -0.2452443689 -0.9876399636 -0.0430995189 -0.1506976187
-360.9 -520.0 2767.7 -0.1566635668 -0.3088202477 0.9381293058 -0.0048854286 0.9500887990 0.3119413257 -0.9876399636 0.0442866758 -0.1503530145
-58.5 -162.9 2569.8 0 0 0 0 0 0 0 0 0
-42.0 -168.4 2815.3 0 0 0 0 0 0 0 0 0
-383.4 -817.9 2544.8 0 0 0 0 0 0 0 0 0
-254.3 -848.0 2752.4 0 0 0 0 0 0 0 0 0
-137.1 458.5 2723.4 5 0.5693049431 0.3204575479 -0.7570989728 -0.2616601288 0.9436435103 0.2026594728 0.7793753147 0.0827275738 0.6210718751
-202.1 267.1 2706.6 0.5693049431 0.3204575479 -0.7570989728 -0.2616601288 0.9436435103 0.2026594728 0.7793753147 0.0827275738 0.6210718751
-259.1 77.2 2693.1 0.5794253945 0.2869677842 -0.7628339529 -0.2300181091 0.9554930329 0.1847287863 0.7818937898 0.0684290752 0.6196447611
-286.7 300.7 2592.5 -0.2059146464 0.7998437881 -0.5637810230 0.8583692312 0.4242808223 0.2884233296 0.4698950946 -0.4245417118 -0.7739269733
-222.2 31.9 2445.3 -0.5934351087 0.7998437881 -0.0899148136 0.6649821997 0.4242808223 -0.6146417260 -0.4534682333 -0.4245417118 -0.7836650610
-117.6 233.5 2820.8 -0.1047928184 0.9046148658 -0.4131469429 -0.8055421710 0.1664109528 0.5686907768 0.5831983089 0.3924019933 0.7112667561
-147.4 4.3 2986.7 0.4028484523 0.9046148658 -0.1392302662 -0.6345402598 0.1664109528 -0.7547622323 -0.6595997214 0.3924019933 0.6410529613
-365.3 -92.4 2603.0 0.6681341529 0.0525366850 -0.7421836853 -0.0566102006 0.9982020259 0.0196973011 0.7418841124 0.0288547277 0.6699070334
-386.1 -488.9 2591.5 0.6687136292 -0.0014108492 -0.7435187101 -0.0959149823 0.9914789796 -0.0881463811 0.7373074889 0.1302592754 0.6628801823
-264.1 -135.3 2749.8 -0.1669621021 0.2389914393 0.9565598369 -0.0029041958 0.9700545073 -0.2428699285 -0.9859590530 -0.0433281101 -0.1612682641
-359.1 -520.8 2767.0 -0.1669621021 -0.2973347008 0.9400615692 -0.0029041958 0.9535889626 0.3010975122 -0.9859590530 0.0475417487 -0.1600767225
-47.6 -163.8 2578.8 0 0 0 0 0 0 0 0 0
-38.8 -166.8 2808.9 0 0 0 0 0 0 0 0 0
-385.7 -819.1 2548.1 0 0 0 0 0 0 0 0 0
-258.3 -843.9 2750.9 0 0 0 0 0 0 0 0 0
-139.3 458.3 2720.1 6 0.5808749795 0.3097165823 -0.7527681589 -0.2483631670 0.9481225014 0.1984426528 0.7751774192 0.0716895238 0.6276627779
-201.7 267.2 2705.6 0.5808749795 0.3097165823 -0.7527681589 -0.2483631670 0.9481225014 0.1984426528 0.7751774192 0.0716895238 0.6276627779
-257.0 76.7 2694.8 0.5908727646 0.2783390880 -0.7572296858 -0.2159407288 0.9589176774 0.1839742512 0.7773281336 0.0548113510 0.6267030835
-288.0 298.8 2592.1 -0.2647382915 0.7974459529 -0.5422117114 0.8583244085 0.4511460364 0.2444308102 0.4395370483 -0.4006833732 -0.8039029837
-203.4 24.5 2451.7 -0.6027456522 0.7974459529 -0.0278855450 0.6262905598 0.4511460364 -0.6357887983 -0.4944267571 -0.4006833732 -0.7713592052
-115.5 235.7 2819.1 -0.0900065526 0.9075012207 -0.4102929831 -0.8000960946 0.1794379503 0.5724056959 0.5930809975 0.3797940612 0.7099375725
-141.1 8.0 2987.9 0.4012934268 0.9075012207 -0.1241172478 -0.6375238895 0.1794379503 -0.7492431402 -0.6576677561 0.3797940612 0.6505609751
-369.2 -91.5 2607.8 0.6764546037 0.0519906990 -0.7346469760 -0.0617920160 0.9979946017 0.0137303304 0.7338875532 0.0361073725 0.6783106327
-389.8 -488.0 2593.5 0.6771106124 -0.0091900304 -0.7358238697 -0.0940267295 0.9906454682 -0.0988967121 0.7298494577 0.1361511201 0.6699124575
-263.0 -133.7 2751.1 -0.1531769186 0.2450481206 0.9573339224 -0.0048249015 0.9685695767 -0.2486960888 -0.9881870151 -0.0427135453 -0.1471801698
-360.3 -518.6 2768.1 -0.1531769186 -0.2971015573 0.9424794316 -0.0048249015 0.9539481401 0.2999327183 -0.9881870151 0.0413953997 -0.1475563347
-26.3 -159.5 2597.0 0 0 0 0 0 0 0 0 0
-32.9 -163.9 2810.6 0 0 0 0 0 0 0 0 0
-386.8 -814.2 2548.6 0 0 0 0 0 0 0 0 0
-258.3 -846.3 2753.9 0 0 0 0 0 0 0 0 0
-139.1 454.7 2716.9 7 0.5798993707 0.3125786781 -0.7523372173 -0.2455892712 0.9475797415 0.2043979168 0.7767899632 0.0662357286 0.6262668371
-202.1 263.9 2703.6 0.5798993707 0.3125786781 -0.7523372173 -0.2455892712 0.9475797415 0.2043979168 0.7767899632 0.0662357286 0.6262668371
-258.3 73.6 2693.6 0.5894590616 0.2830802500 -0.7565736175 -0.2150101662 0.9577829242 0.1908469051 0.7786582112 0.0501745865 0.6254389286
-288.2 295.3 2589.9 -0.2625747621 0.7454960346 -0.6126092672 0.8485523462 0.4806509614 0.2212094367 0.4593620002 -0.4617470205 -0.7587991953
-207.5 34.5 2448.7 -0.6614073515 0.7454960346 -0.0823161975 0.6190565228 0.4806509614 -0.6210826635 -0.4234493077 -0.4617470205 -0.7794103026
-116.0 232.5 2817.3 -0.0942781121 0.9082286358 -0.4077160954 -0.7966185212 0.1768013537 0.5780486465 0.5970850587 0.3792915046 0.7068432570
-142.8 5.8 2987.2 0.3983945251 0.9082286358 -0.1280725598 -0.6426961422 0.1768013537 -0.7454414368 -0.6543878317 0.3792915046 0.6541517377
-366.4 -94.0 2612.6 0.6758669615 0.0481113307 -0.7354516387 -0.0607069694 0.9981103539 0.0095051564 0.7345192432 0.0382228196 0.6775105000
-385.6 -490.6 2597.4 0.6766768694 0.0028338840 -0.7362746596 -0.1135251895 0.9884358644 -0.1005314514 0.7274753451 0.1516130269 0.6691734195
-258.1 -133.6 2755.1 -0.1315554082 0.2565619051 0.9575328827 0.0042233956 0.9660642147 -0.2582675517 -0.9912998080 -0.0299324524 -0.1281745434
-360.1 -517.5 2767.0 -0.1315554082 -0.2930679619 0.9469975233 0.0042233956 0.9551258683 0.2961701453 -0.9912998080 0.0429623313 -0.1244142354
-14.4 -146.2 2572.3 0 0 0 0 0 0 0 0 0
-35.4 -167.5 2810.8 0 0 0 0 0 0 0 0 0
-386.5 -816.6 2547.4 0 0 0 0 0 0 0 0 0
-260.0 -843.7 2752.3 0 0 0 0 0 0 0 0 0
-140.0 454.2 2716.3 8 0.5556907058 0.3037896752 -0.7738990188 -0.2392217368 0.9499092102 0.2011106312 0.7962291241 0.0733781531 0.6005287766
-201.5 262.0 2701.5 0.5556907058 0.3037896752 -0.7738990188 -0.2392217368 0.9499092102 0.2011106312 0.7962291241 0.0733781531 0.6005287766
-257.7 71.7 2691.4 0.5648988485 0.2831464112 -0.7750596404 -0.2092937231 0.9577336311 0.1973384470 0.7981763482 0.0507388562 0.6002833843
-284.0 292.6 2585.0 -0.2874045074 0.7198050618 -0.6318855286 0.8430458307 0.5032362342 0.1898077726 0.4546122849 -0.4781568646 -0.7514610291
-195.6 33.4 2445.2 -0.6831979156 0.7198050618 -0.1229685098 0.6355813742 0.5032362342 -0.5854824185 -0.3595509827 -0.4781568646 -0.8013046384
-119.0 231.5 2818.0 -0.1140990481 0.8965094686 -0.4280796945 -0.7914715409 0.1784077287 0.5845882893 0.6004616618 0.4055138528 0.6892055869
-151.5 6.2 2988.9 0.4169851542 0.8965094686 -0.1496468931 -0.6489923596 0.1784077287 -0.7395806909 -0.6363429427 0.4055138528 0.6562211514
-368.6 -97.0 2612.3 0.6525180340 0.0573961809 -0.7555963993 -0.0626996830 0.9977976084 0.0216479339 0.7551748157 0.0332499892 0.6546796560
-391.4 -493.5 2599.0 0.6547231674 -0.0210010651 -0.7555769086 -0.1180465743 0.9845074415 -0.1296539456 0.7465939522 0.1740807146 0.6421007514
-260.5 -136.4 2755.0 -0.1658810675 0.2470919490 0.9546879530 0.0040022391 0.9682609439 -0.2499095052 -0.9861376286 -0.0376343653 -0.1616050750
-358.7 -521.2 2770.0 -0.1658810675 -0.2908264697 0.9422862530 0.0040022391 0.9553179145 0.2955531180 -0.9861376286 0.0527979210 -0.1573051959
3.2 -151.5 2549.8 0 0 0 0 0 0 0 0 0
-39.1 -168.7 2817.3 0 0 0 0 0 0 0 0 0
-384.5 -814.6 2542.3 0 0 0 0 0 0 0 0 0
-259.6 -846.7 2752.0 0 0 0 0 0 0 0 0 0
-143.5 454.0 2717.1 9 0.5207424760 0.2996505797 -0.7993977666 -0.2312216759 0.9508827329 0.2058119476 0.8218052387 0.0776630715 0.5644507408
-204.2 261.2 2701.3 0.5207424760 0.2996505797 -0.7993977666 -0.2312216759 0.9508827329 0.2058119476 0.8218052387 0.0776630715 0.5644507408
-259.6 70.7 2690.4 0.5298384428 0.2786076665 -0.8010299802 -0.2011820376 0.9588310719 0.2004215866 0.8238914013 0.0549617894 0.5640763640
-281.5 290.6 2581.1 -0.3211403489 0.7133529186 -0.6228936315 0.8330586553 0.5256163478 0.1724551171 0.4504244328 -0.4635246098 -0.7630614638
-182.1 32.8 2441.7 -0.6852654815 0.7133529186 -0.1467610151 0.6616765261 0.5256163478 -0.5347070694 -0.3042948544 -0.4635246098 -0.8321956396
-126.9 231.9 2821.5 -0.1386555731 0.8775159717 -0.4590646029 -0.7868791819 0.1838414371 0.5890869498 0.6013283730 0.4429085851 0.6650084257
-166.4 8.0 2992.6 0.4457020164 0.8775159717 -0.1769616008 -0.6534894705 0.1838414371 -0.7342709303 -0.6118016243 0.4429085851 0.6553859711
-365.8 -99.4 2608.2 0.6190323234 0.0670628548 -0.7824969888 -0.0532776639 0.9976382256 0.0433533527 0.7835562825 0.0148524847 0.6211432219
-392.4 -495.8 2602.3 0.6226658821 -0.0252112411 -0.7820816040 -0.1272033751 0.9829246402 -0.1329604834 0.7720793486 0.1822733730 0.6088266373
-262.2 -137.8 2754.5 -0.2606473565 0.2476952970 0.9331184030 0.0046018939 0.9668351412 -0.2553599179 -0.9654231071 -0.0622647703 -0.2531428635
-360.6 -521.9 2779.2 -0.2606473565 -0.2931336761 0.9198563099 0.0046018939 0.9524022937 0.3048092127 -0.9654231071 0.0836807936 -0.2468921691
17.5 -160.0 2530.4 0 0 0 0 0 0 0 0 0
-46.3 -168.1 2827.8 0 0 0 0 0 0 0 0 0
-384.1 -818.5 2542.4 0 0 0 0 0 0 0 0 0
-261.7 -843.3 2751.0 0 0 0 0 0 0 0 0 0
-145.2 454.9 2725.9 0 0.5015296340 0.2942964137 -0.8135463595 -0.2343989760 0.9514144659 0.1996688098 0.8327815533 0.0905546024 0.5461453199
-205.4 260.2 2707.4 0.5015296340 0.2942964137 -0.8135463595 -0.2343989760 0.9514144659 0.1996688098 0.8327815533 0.0905546024 0.5461453199
-259.7 69.5 2694.1 0.5105773807 0.2735598981 -0.8151537776 -0.2039518803 0.9595139027 0.1942594051 0.8352929950 0.0670676827 0.5456991196
-279.9 290.0 2585.5 -0.3371330500 0.7383368015 -0.5841233134 0.8081830740 0.5452048779 0.2226920426 0.4828886390 -0.3970017135 -0.7805178761
-173.7 35.2 2433.2 -0.6675418019 0.7383368015 -0.0961598083 0.6746954322 0.5452048779 -0.4975316226 -0.3149191141 -0.3970017135 -0.8620995283
-130.9 230.4 2829.3 -0.1500094831 0.8658471107 -0.4772901535 -0.7907128930 0.1847381592 0.5836479664 0.5935236216 0.4649522007 0.6569240093
-173.6 5.4 2998.2 0.4629443586 0.8658471107 -0.1897136420 -0.6482316256 0.1847381592 -0.7386931777 -0.6045480371 0.4649522007 0.6467929482
-363.4 -101.4 2604.0 0.6012273431 0.0805834681 -0.7950043678 -0.0406001620 0.9966976643 0.0703234226 0.7980459332 -0.0100030592 0.6025136113
-395.4 -497.3 2608.0 0.6068708301 -0.0331299677 -0.7941097021 -0.1316656023 0.9811354280 -0.1415534914 0.7838188410 0.1904616207 0.5910604596
-266.4 -138.3 2755.0 -0.2150031179 0.2393849045 0.9468201995 0.0028446349 0.9696428180 -0.2445091903 -0.9766092300 -0.0498768799 -0.2091571987
-361.5 -523.5 2774.8 -0.2150031179 -0.3048932552 0.9278004766 0.0028446349 0.9498186707 0.3127880692 -0.9766092300 0.0698896646 -0.2033466697
23.0 -163.6 2526.0 0 0 0 0 0 0 0 0 0
-48.8 -169.3 2835.2 0 0 0 0 0 0 0 0 0
-384.5 -821.9 2545.0 0 0 0 0 0 0 0 0 0
-258.8 -843.3 2751.3 0 0 0 0 0 0 0 0 0
-145.9 454.0 2720.8 1 0.5316295028 0.2955635488 -0.7937331200 -0.2186353803 0.9532647729 0.2085301727 0.8182717562 0.0626773536 0.5714043379
-206.1 259.6 2708.1 0.5316295028 0.2955635488 -0.7937331200 -0.2186353803 0.9532647729 0.2085301727 0.8182717562 0.0626773536 0.5714043379
-260.5 68.8 2699.0 0.5392577648 0.2743233442 -0.7962083817 -0.1930179298 0.9605503678 0.2002176493 0.8197225928 0.0457135662 0.5709335804
-284.8 287.9 2588.4 -0.3482051194 0.7287176251 -0.5896811485 0.7826910615 0.5721927285 0.2449288070 0.5158951879 -0.3762527108 -0.7696012259
-174.0 38.8 2424.3 -0.6762222648 0.7287176251 -0.1081394106 0.6879962683 0.5721927285 -0.4463816583 -0.2634095848 -0.3762527108 -0.8882844448
-127.4 231.4 2827.7 -0.1282152236 0.8810259104 -0.4553616345 -0.7834647298 0.1915375888 0.5911821723 0.6080656648 0.4325583279 0.6656947136
-163.9 8.5 3000.7 0.4428907931 0.8810259104 -0.1662561148 -0.6553058624 0.1915375888 -0.7306761146 -0.6119002700 0.4325583279 0.6621716619
-360.8 -102.4 2604.2 0.6268364787 0.0821612850 -0.7748067975 -0.0486768521 0.9966116548 0.0663010031 0.7776288390 -0.0038447282 0.6287118793
-393.5 -498.4 2605.8 0.6313915253 -0.0330315903 -0.7747603655 -0.1262689233 0.9813793302 -0.1447436661 0.7651149631 0.1892180890 0.6154637933
-267.3 -139.9 2757.3 -0.0971924365 0.2293243408 0.9684854150 0.0030989428 0.9731574059 -0.2301196158 -0.9952607751 -0.0193646066 -0.0952942073
-358.4 -526.4 2765.0 -0.0971924365 -0.3006711006 0.9487626553 0.0030989428 0.9531797767 0.3023883700 -0.9952607751 0.0323300250 -0.0917101055
24.8 -163.5 2501.7 0 0 0 0 0 0 0 0 0
-44.5 -168.1 2835.7 0 0 0 0 0 0 0 0 0
-382.6 -822.7 2543.2 0 0 0 0 0 0 0 0 0
-258.8 -842.1 2754.3 0 0 0 0 0 0 0 0 0
-145.5 454.5 2718.8 2 0.5494083762 0.2957640588 -0.7814564109 -0.2124975324 0.9539635181 0.2116563469 0.8080812097 0.0497717857 0.5869646668
-205.7 260.3 2708.7 0.5494083762 0.2957640588 -0.7814564109 -0.2124975324 0.9539635181 0.2116563469 0.8080812097 0.0497717857 0.5869646668
-259.3 69.2 2701.2 0.5566555262 0.2704673707 -0.7854820490 -0.1879752129 0.9620018601 0.1980346590 0.8091971278 0.0374140739 0.5863447785
-286.9 287.8 2590.6 -0.3021840453 0.6899589300 -0.6577548385 0.7695756555 0.5837646723 0.2587896585 0.5625283122 -0.4279900193 -0.7073799968
-193.1 49.0 2416.0 -0.7070814967 0.6899589300 -0.1548949331 0.6700693369 0.5837646723 -0.4585040212 -0.2259267569 -0.4279900193 -0.8750895262
-124.4 232.9 2826.8 -0.1121199504 0.8886532784 -0.4446622133 -0.7821851969 0.1970659047 0.5910595059 0.6128746867 0.4140777588 0.6729964018
-156.3 10.3 3001.2 0.4336395860 0.8886532784 -0.1491712779 -0.6548355818 0.1970659047 -0.7296268940 -0.6189887524 0.4140777588 0.6673773527
-364.4 -104.3 2614.8 0.6403495073 0.0724675357 -0.7646574378 -0.0740570351 0.9967261553 0.0324431658 0.7645051479 0.0358532965 0.6436197758
-393.2 -500.1 2600.6 0.6421450973 -0.0309911184 -0.7659564018 -0.1142447740 0.9841551781 -0.1355975121 0.7580223083 0.1745797992 0.6284298301
-265.6 -139.8 2765.0 -0.0975641683 0.2457572073 0.9644089341 0.0109720044 0.9692386985 -0.2458779663 -0.9951687455 -0.0134073813 -0.0972594172
-363.2 -524.8 2770.3 -0.0975641683 -0.3173062205 0.9432910681 0.0109720044 0.9474123120 0.3198273778 -0.9951687455 0.0415534861 -0.0889520049
11.5 -145.0 2481.3 0 0 0 0 0 0 0 0 0
-39.4 -166.2 2834.3 0 0 0 0 0 0 0 0 0
-383.0 -822.7 2543.4 0 0 0 0 0 0 0 0 0
-254.2 -850.2 2756.1 0 0 0 0 0 0 0 0 0
-142.8 457.2 2726.8 3 0.5159544945 0.2909434736 -0.8056940436 -0.2074357420 0.9549964666 0.2120191902 0.8311205506 0.0577374958 0.5530867577
-201.7 264.0 2715.1 0.5159544945 0.2909434736 -0.8056940436 -0.2074357420 0.9549964666 0.2120191902 0.8311205506 0.0577374958 0.5530867577
-254.8 72.7 2706.3 0.5227928162 0.2677286863 -0.8093262911 -0.1839654744 0.9624632001 0.1995526254 0.8323727846 0.0445634201 0.5524216890
-277.9 290.9 2593.7 -0.2621150017 0.7295642495 -0.6316896081 0.7547232509 0.5629007816 0.3369503021 0.6014054418 -0.3884311020 -0.6981638074
-195.5 53.6 2404.6 -0.6718599200 0.7295642495 -0.1278289706 0.6960486174 0.5629007816 -0.4457118213 -0.2532203794 -0.3884311020 -0.8860026598
-125.4 237.1 2836.6 -0.1367519498 0.8705345988 -0.4727244973 -0.7799098492 0.1996125430 0.5932077169 0.6107695699 0.4498048127 0.6516411304
-164.3 15.2 3010.3 0.4594582021 0.8705345988 -0.1762603223 -0.6570711732 0.1996125430 -0.7269197106 -0.5976250172 0.4498048127 0.6637167931
-364.0 -104.7 2619.6 0.6063634753 0.0768137500 -0.7914689183 -0.0944691747 0.9952332377 0.0242143944 0.7895561457 0.0600866899 0.6107295752
-394.5 -499.9 2595.8 0.6068446636 -0.0303091928 -0.7942423224 -0.1082298607 0.9868139625 -0.1203514934 0.7874171734 0.1589954048 0.5955624580
-262.0 -139.2 2768.0 -0.1300016046 0.2477325946 0.9600667357 0.0180797148 0.9687150717 -0.2475160360 -0.9913489223 -0.0148197478 -0.1304134429
-360.4 -524.1 2773.8 -0.1300016046 -0.3052724302 0.9433495402 0.0180797148 0.9505354762 0.3100893795 -0.9913489223 0.0573676080 -0.1180518940
-1.4 -147.6 2477.8 0 0 0 0 0 0 0 0 0
-40.5 -161.9 2849.3 0 0 0 0 0 0 0 0 0
-384.7 -820.3 2544.2 0 0 0 0 0 0 0 0 0
-256.4 -847.9 2754.3 0 0 0 0 0 0 0 0 0
-141.9 455.6 2720.8 4 0.5381741524 0.2941556275 -0.7898361087 -0.2041589022 0.9547086358 0.2164498121 0.8177332878 0.0447643772 0.5738540292
-201.2 263.0 2711.7 0.5381741524 0.2941556275 -0.7898361087 -0.2041589022 0.9547086358 0.2164498121 0.8177332878 0.0447643772 0.5738540292
-254.4 71.7 2704.9 0.5450203419 0.2679318488 -0.7944591641 -0.1808033437 0.9628282785 0.2006784827 0.8186959028 0.0342670083 0.5732039809
-280.8 289.4 2592.3 -0.2354433537 0.7462370992 -0.6226528883 0.7485888600 0.5478274226 0.3734968007 0.6198234558 -0.3781736791 -0.6876071095
-207.2 55.4 2398.5 -0.6530106068 0.7462370992 -0.1292567849 0.7127436399 0.5478274226 -0.4380429983 -0.2560735345 -0.3781736791 -0.8896128535
-121.7 236.6 2831.2 -0.1196219847 0.8820574284 -0.4557030797 -0.7779493332 0.2018985599 0.5950057507 0.6168349981 0.4256896675 0.6620444655
-155.7 15.3 3006.7 0.4439794421 0.8820574284 -0.1576609462 -0.6585489511 0.2018985599 -0.7249484658 -0.6076146364 0.4256896675 0.6705167890
-355.8 -101.7 2621.2 0.6256177425 0.0962814540 -0.7741655707 -0.1110213175 0.9932428002 0.0338092521 0.7721895576 0.0647972077 0.6320796013
-394.1 -496.2 2595.4 0.6255031824 -0.0283642616 -0.7797058821 -0.1068414897 0.9868109822 -0.1216097772 0.7728716731 0.1593722403 0.6142229438
-260.1 -135.4 2773.7 -0.0534046926 0.2509864271 0.9665163159 0.0264327098 0.9679136872 -0.2498887777 -0.9982230663 0.0122024110 -0.0583253838
-359.8 -519.9 2768.8 -0.0534046926 -0.3028044701 0.9515552521 0.0264327098 0.9521525502 0.3044780195 -0.9982230663 0.0414127409 -0.0428454727
-18.3 -150.7 2472.6 0 0 0 0 0 0 0 0 0
-36.0 -162.2 2842.9 0 0 0 0 0 0 0 0 0
-384.8 -818.2 2543.4 0 0 0 0 0 0 0 0 0
-254.4 -851.2 2754.4 0 0 0 0 0 0 0 0 0
-139.4 457.6 2728.3 5 0.5315836668 0.2911393940 -0.7953971624 -0.2091217041 0.9551104903 0.2098380774 0.8207843304 0.0547883175 0.5686047077
-198.5 263.8 2717.1 0.5315836668 0.2911393940 -0.7953971624 -0.2091217041 0.9551104903 0.2098380774 0.8207843304 0.0547883175 0.5686047077
-250.7 72.2 2709.5 0.5400601029 0.2626127303 -0.7996059656 -0.1797432303 0.9641418457 0.1952509135 0.8222088814 0.0382765308 0.5678973794
-277.4 290.0 2597.1 -0.1980328858 0.7451746464 -0.6367870569 0.7439729571 0.5372481942 0.3973268569 0.6381905675 -0.3950685561 -0.6607825756
-214.7 54.5 2395.1 -0.6481210589 0.7451746464 -0.1570155174 0.7229422331 0.5372481942 -0.4344179630 -0.2393609434 -0.3950685561 -0.8869200349
-119.7 237.5 2837.2 -0.1200027391 0.8778805733 -0.4636000693 -0.7797745466 0.2056739926 0.5913119912 0.6144518256 0.4324625731 0.6598674655
-153.8 15.6 3012.1 0.4518862069 0.8778805733 -0.1585072130 -0.6547009945 0.2056739926 -0.7273684144 -0.6059417725 0.4324625731 0.6676905155
-357.5 -103.0 2623.1 0.6210705042 0.0903007165 -0.7785353065 -0.1045084819 0.9940115213 0.0319225267 0.7767556906 0.0615373999 0.6267884374
-393.4 -498.0 2598.7 0.6214824915 -0.0278986711 -0.7829311490 -0.1172330603 0.9848014712 -0.1281504184 0.7746069431 0.1714286506 0.6087662578
-257.6 -136.2 2773.1 -0.0910786614 0.2509280145 0.9637115002 0.0315072909 0.9679752588 -0.2490605116 -0.9953451753 0.0076798405 -0.0960679501
-357.3 -520.8 2770.1 -0.0910786614 -0.2946113348 0.9512669444 0.0315072909 0.9539064765 0.2984454334 -0.9953451753 0.0571538545 -0.0775981173
-27.4 -154.4 2464.2 0 0 0 0 0 0 0 0 0
-32.0 -160.9 2848.7 0 0 0 0 0 0 0 0 0
-384.3 -818.8 2542.8 0 0 0 0 0 0 0 0 0
-256.3 -848.0 2750.5 0 0 0 0 0 0 0 0 0
-139.3 458.4 2732.0 6 0.5454088449 0.2875274122 -0.7873101234 -0.2193460017 0.9555479288 0.1970163584 0.8089601398 0.0652388632 0.5842322707
-197.9 263.6 2718.7 0.5454088449 0.2875274122 -0.7873101234 -0.2193460017 0.9555479288 0.1970163584 0.8089601398 0.0652388632 0.5842322707
-249.6 72.0 2708.8 0.5535020828 0.2599484026 -0.7912409902 -0.1909645051 0.9643436670 0.1832315922 0.8106589913 0.0496798679 0.5834071636
-278.8 291.5 2600.3 -0.1578435153 0.7695140243 -0.6188162565 0.7395226359 0.5073969364 0.4423286915 0.6543635726 -0.3878099024 -0.6491623521
-228.7 56.7 2392.6 -0.6225817800 0.7695140243 -0.1422675401 0.7312996984 0.5073969364 -0.4557950497 -0.2785545886 -0.3878099024 -0.8786414862
-117.1 235.7 2837.1 -0.1078422666 0.8838670254 -0.4551363289 -0.7899243832 0.2017942667 0.5790496469 0.6036468148 0.4219693244 0.6764261723
-147.8 10.9 3008.9 0.4445004165 0.8838670254 -0.1455967724 -0.6431976557 0.2017942667 -0.7386310697 -0.6234710813 0.4219693244 0.6581988335
-352.3 -102.9 2626.6 0.6338233948 0.1040564105 -0.7664464712 -0.1117488593 0.9928324223 0.0423793942 0.7653627396 0.0587884672 0.6409085393
-393.7 -497.4 2603.2 0.6341815591 -0.0299993660 -0.7726019621 -0.1222950369 0.9827762842 -0.1385447234 0.7634511590 0.1823478937 0.6195898056
-253.3 -135.9 2777.3 -0.0033347486 0.2717324793 0.9623670578 0.0325971693 0.9618905187 -0.2714849710 -0.9994630218 0.0304651093 -0.0120653734
-361.3 -517.9 2765.2 -0.0033347486 -0.3108288646 0.9504600763 0.0325971693 0.9499264359 0.3107687235 -0.9994630218 0.0320186429 0.0069643753
-48.5 -154.9 2473.2 0 0 0 0 0 0 0 0 0
-27.9 -162.5 2840.8 0 0 0 0 0 0 0 0 0
-383.8 -820.8 2543.2 0 0 0 0 0 0 0 0 0
-252.3 -851.0 2754.0 0 0 0 0 0 0 0 0 0
-141.8 455.2 2734.9 7 0.5612409711 0.2897159457 -0.7752891183 -0.2318194062 0.9542650580 0.1887802184 0.7945239544 0.0737758726 0.6027344465
-201.0 260.4 2719.8 0.5612409711 0.2897159457 -0.7752891183 -0.2318194062 0.9542650580 0.1887802184 0.7945239544 0.0737758726 0.6027344465
-252.3 68.8 2707.6 0.5693573952 0.2581717372 -0.7804995775 -0.2034003735 0.9641295075 0.1705362499 0.7965302467 0.0616578311 0.6014464498
-284.1 290.1 2603.5 -0.1414320916 0.7655110359 -0.6276860833 0.7468488216 0.4986928105 0.4399116933 0.6497797966 -0.4065690041 -0.6422522068
-239.7 55.2 2399.2 -0.6227889657 0.7655110359 -0.1616378725 0.7330310941 0.4986928105 -0.4625698924 -0.2734946907 -0.4065690041 -0.8717237711
-117.8 230.7 2836.1 -0.0942324549 0.8911768794 -0.4437612295 -0.8006969690 0.1970433742 0.5657369494 0.5916119218 0.4086290598 0.6949946880
-144.7 2.9 3004.5 0.4343138039 0.8911768794 -0.1310545653 -0.6307873130 0.1970433742 -0.7505206466 -0.6430231929 0.4086290598 0.6477217674
-352.0 -102.1 2624.7 0.6492436528 0.1060062721 -0.7531569004 -0.1168560013 0.9923850298 0.0389440991 0.7515499592 0.0627266988 0.6566871405
-394.1 -496.5 2599.7 0.6490398049 -0.0301121641 -0.7601583004 -0.1096162051 0.9850875735 -0.1326150149 0.7528157830 0.1693980843 0.6360602379
-250.5 -137.1 2773.3 -0.1142154783 0.2813713849 0.9527775049 0.0274255350 0.9595810771 -0.2800928950 -0.9930773973 -0.0058605131 -0.1173157692
-362.2 -518.1 2775.6 -0.1142154783 -0.3144800961 0.9423677921 0.0274255350 0.9472156763 0.3194218874 -0.9930773973 0.0623278655 -0.0995619074
-59.8 -156.5 2478.2 0 0 0 0 0 0 0 0 0
-27.6 -167.2 2831.1 0 0 0 0 0 0 0 0 0
-384.2 -821.8 2543.8 0 0 0 0 0 0 0 0 0
-252.1 -849.7 2753.8 0 0 0 0 0 0 0 0 0
-144.2 453.0 2735.8 8 0.5523650050 0.2886039615 -0.7820490003 -0.2422663867 0.9532402158 0.1806656867 0.7976214290 0.0896707773 0.5964555740
-202.7 259.7 2717.6 0.5523650050 0.2886039615 -0.7820490003 -0.2422663867 0.9532402158 0.1806656867 0.7976214290 0.0896707773 0.5964555740
-254.8 68.6 2702.5 0.5598818660 0.2624540031 -0.7859072089 -0.2161419243 0.9619292617 0.1672566831 0.7998843193 0.0762235150 0.5952940583
-284.4 291.2 2600.8 -0.1085502654 0.7474519014 -0.6553872824 0.7586169243 0.4883464277 0.4312982261 0.6424307227 -0.4503703713 -0.6200397611
-251.0 57.5 2402.9 -0.6277177334 0.7474519014 -0.2174537778 0.7411053181 0.4883464277 -0.4607392848 -0.2381876707 -0.4503703713 -0.8604842424
-120.9 228.1 2834.5 -0.1044721678 0.8877915740 -0.4482317269 -0.8073442578 0.1874800026 0.5595055819 0.5807588696 0.4203300774 0.6971669793
-150.6 -1.6 2999.7 0.4379200041 0.8877915740 -0.1416057050 -0.6250878572 0.1874800026 -0.7577047348 -0.6461356282 0.4203300774 0.6370489597
-355.8 -104.1 2622.3 0.6433407068 0.0909064412 -0.7601636648 -0.1032496765 0.9941563606 0.0315070264 0.7585856915 0.0582168959 0.6489672661
-392.0 -499.2 2599.2 0.6435769796 -0.0214382075 -0.7650811076 -0.1127503663 0.9860463738 -0.1224740818 0.7570310831 0.1650846750 0.6321795583
-251.4 -141.4 2768.3 -0.1393618435 0.2841015458 0.9486119151 0.0196778700 0.9585655332 -0.2841916382 -0.9900459647 -0.0209388100 -0.1391779780
-364.3 -522.1 2776.7 -0.1393618435 -0.3209412396 0.9367897511 0.0196778700 0.9449371099 0.3266598880 -0.9900459647 0.0639579520 -0.1253727376
-69.8 -156.4 2471.7 0 0 0 0 0 0 0 0 0
-32.6 -170.1 2825.5 0 0 0 0 0 0 0 0 0
-384.9 -821.6 2545.2 0 0 0 0 0 0 0 0 0
-252.1 -852.5 2754.3 0 0 0 0 0 0 0 0 0
-144.7 449.8 2736.3 9 0.5689083338 0.2922816873 -0.7687097788 -0.2528702915 0.9516011477 0.1746765375 0.7825598717 0.0950089246 0.6152831316
-203.9 257.2 2717.1 0.5689083338 0.2922816873 -0.7687097788 -0.2528702915 0.9516011477 0.1746765375 0.7825598717 0.0950089246 0.6152831316
-256.8 66.5 2699.9 0.5755093694 0.2662786841 -0.7732300162 -0.2302788943 0.9600129724 0.1592065990 0.7847041488 0.0864336565 0.6138148308
-287.9 290.9 2602.5 -0.1023874804 0.7553100586 -0.6473202109 0.7733916640 0.4697007239 0.4257306457 0.6256054044 -0.4570425749 -0.6322419643
-256.3 51.9 2409.2 -0.6250506639 0.7553100586 -0.1970237195 0.7259427309 0.4697007239 -0.5023826957 -0.2869125307 -0.4570425749 -0.8418986201
-119.8 223.6 2831.6 -0.0947050899 0.8966099024 -0.4325756133 -0.8164644837 0.1786581725 0.5490601659 0.5695759058 0.4051814079 0.7151302695
-146.8 -8.7 2993.7 0.4231382906 0.8966099024 -0.1305553317 -0.6154279709 0.1786581725 -0.7676780820 -0.6649829745 0.4051814079 0.6273959279
-358.3 -102.7 2614.0 0.6621050835 0.0733159930 -0.7458161116 -0.0727831349 0.9967892766 0.0333735235 0.7458682656 0.0321860537 0.6653153896
-387.4 -498.7 2601.2 0.6633481979 -0.0085412310 -0.7482621074 -0.1218791083 0.9853497148 -0.1192956120 0.7383188009 0.1703320444 0.6525889635
-255.6 -142.4 2760.7 -0.1151351556 0.2589080632 0.9590153694 0.0106360558 0.9657016397 -0.2594362795 -0.9932928681 -0.0196700934 -0.1139399707
-358.5 -525.9 2768.5 -0.1151351556 -0.3010029495 0.9466472864 0.0106360558 0.9525566101 0.3041755259 -0.9932928681 0.0450898893 -0.1064712703
-76.0 -157.4 2491.9 0 0 0 0 0 0 0 0 0
-32.7 -174.6 2814.5 0 0 0 0 0 0 0 0 0
-384.6 -822.1 2545.3 0 0 0 0 0 0 0 0 0
-256.7 -847.9 2753.2 0 0 0 0 0 0 0 0 0
-144.1 453.4 2742.5 0 0.5398192406 0.2947346866 -0.7884964943 -0.2579249740 0.9495593309 0.1783586890 0.8012926579 0.1070914865 0.5886098146
-203.9 260.7 2720.8 0.5398192406 0.2947346866 -0.7884964943 -0.2579249740 0.9495593309 0.1783586890 0.8012926579 0.1070914865 0.5886098146
-257.5 70.3 2702.3 0.5474310517 0.2698435187 -0.7921513319 -0.2322013229 0.9583966136 0.1660073102 0.8039911985 0.0930610299 0.5873140693
-283.8 294.6 2603.4 -0.0638140962 0.7388362288 -0.6708567739 0.7999145985 0.4398133457 0.4082901478 0.5967113376 -0.5105734468 -0.6190721989
-264.2 47.9 2419.4 -0.6346308589 0.7388362288 -0.2266378254 0.7089267969 0.4398133457 -0.5513501167 -0.3076791167 -0.5105734468 -0.8028999567
-124.0 226.8 2838.2 -0.1191750169 0.8838543296 -0.4523260593 -0.8144868612 0.1735070050 0.5536302924 0.5678102374 0.4343925118 0.6992099881
-157.9 -4.9 2999.7 0.4407030344 0.8838543296 -0.1567876935 -0.6201573014 0.1735070050 -0.7650491595 -0.6489882469 0.4343925118 0.6245937943
-362.5 -103.1 2610.8 0.6378878951 0.0653958097 -0.7673476934 -0.0542244464 0.9977291226 0.0399534516 0.7682179213 0.0161231793 0.6399853826
-388.5 -499.5 2604.4 0.6404718161 -0.0064484030 -0.7679545879 -0.1336175203 0.9837778807 -0.1196972579 0.7562685609 0.1792749166 0.6292204261
-257.0 -145.4 2754.7 -0.1591854990 0.2436792403 0.9567028880 0.0032007813 0.9691819549 -0.2463251799 -0.9872434735 -0.0361492001 -0.1550596803
-353.8 -530.3 2769.0 -0.1591854990 -0.2914251685 0.9432557225 0.0032007813 0.9552814364 0.2956807911 -0.9872434735 0.0500872470 -0.1511341631
-79.7 -158.2 2508.8 0 0 0 0 0 0 0 0 0
-39.1 -172.1 2824.8 0 0 0 0 0 0 0 0 0
-386.4 -821.3 2545.8 0 0 0 0 0 0 0 0 0
-255.6 -851.9 2752.2 0 0 0 0 0 0 0 0 0
-140.3 456.4 2739.6 1 0.5676549077 0.3009167016 -0.7663009167 -0.2678644955 0.9476673007 0.1737102717 0.7784706354 0.1066573188 0.6185528636
-201.6 263.1 2717.9 0.5676549077 0.3009167016 -0.7663009167 -0.2678644955 0.9476673007 0.1737102717 0.7784706354 0.1066573188 0.6185528636
-255.4 72.7 2699.4 0.5763264894 0.2707673907 -0.7710595131 -0.2389566004 0.9581149220 0.1578467488 0.7815033793 0.0932785049 0.6168886423
-285.7 298.0 2603.9 -0.0571391061 0.7383829951 -0.6719565988 0.8119078279 0.4260409474 0.3991175592 0.5809826851 -0.5227615833 -0.6238424778
-268.0 45.8 2423.4 -0.6358002424 0.7383829951 -0.2248303145 0.6982192993 0.4260409474 -0.5753076673 -0.3290104568 -0.5227615833 -0.7864301801
-117.5 228.2 2831.9 -0.0969855711 0.8984221220 -0.4282890260 -0.8206571341 0.1712865680 0.5451447964 0.5631302595 0.4043496251 0.7206841707
-145.1 -5.2 2992.1 0.4185890555 0.8984221220 -0.1327437460 -0.6123831868 0.1712865680 -0.7717822194 -0.6706489921 0.4043496251 0.6218772531
-361.3 -98.9 2610.1 0.6651518941 0.0718017146 -0.7432479262 -0.0586535223 0.9973146319 0.0438553542 0.7444009185 0.0144236367 0.6675771475
-389.9 -495.1 2604.4 0.6672147512 -0.0085607534 -0.7448161840 -0.1247123778 0.9845350385 -0.1230347827 0.7343509197 0.1749784201 0.6558286548
-261.0 -141.4 2757.5 -0.1051442400 0.2428427488 0.9643505812 0.0045642699 0.9698334336 -0.2437257916 -0.9944465160 -0.0212248061 -0.1030808017
-357.5 -526.7 2765.9 -0.1051442400 -0.3025662303 0.9473111033 0.0045642699 0.9524344802 0.3047091961 -0.9944465160 0.0363622010 -0.0987620056
-81.9 -158.5 2519.6 0 0 0 0 0 0 0 0 0
-32.3 -170.3 2811.4 0 0 0 0 0 0 0 0 0
-387.0 -822.0 2546.3 0 0 0 0 0 0 0 0 0
-253.8 -853.1 2753.5 0 0 0 0 0 0 0 0 0
-140.3 456.1 2738.2 2 0.5701191425 0.3131914139 -0.7595230937 -0.2808578014 0.9430863857 0.1780645549 0.7720641494 0.1117999926 0.6256338358
-203.9 264.4 2715.5 0.5701191425 0.3131914139 -0.7595230937 -0.2808578014 0.9430863857 0.1780645549 0.7720641494 0.1117999926 0.6256338358
-259.7 74.6 2696.4 0.5802249312 0.2805884182 -0.7645974159 -0.2485534698 0.9550014138 0.1618439108 0.7756031156 0.0961374640 0.6238568425
-288.7 300.7 2602.2 -0.0554119386 0.7320181727 -0.6790279150 0.8265705109 0.4151251912 0.3800688088 0.5600988865 -0.5402041078 -0.6280674934
-271.5 44.7 2428.8 -0.6408405304 0.7320181727 -0.2312418073 0.6886917949 0.4151251912 -0.5944532156 -0.3391562700 -0.5402041078 -0.7701640129
-119.2 228.1 2828.7 -0.1002445519 0.9031659961 -0.4174233377 -0.8225411773 0.1608192325 0.5454935431 0.5598009229 0.3980306387 0.7267699838
-147.8 -6.0 2988.0 0.4075485170 0.9031659961 -0.1348903328 -0.6125385165 0.1608192325 -0.7739080787 -0.6772744656 0.3980306387 0.6187655926
-362.0 -95.8 2609.2 0.6713218093 0.0681971386 -0.7380217910 -0.0574290827 0.9975503683 0.0399401262 0.7389376760 0.0155712329 0.6735938191
-389.1 -492.2 2603.0 0.6729662418 -0.0037204842 -0.7396638393 -0.1213367134 0.9858857989 -0.1153544039 0.7296532393 0.1673780084 0.6630163789
-256.4 -139.6 2752.4 -0.1380252391 0.2668766081 0.9537955523 -0.0009047581 0.9629784226 -0.2695769370 -0.9904282689 -0.0380713791 -0.1326738745
-362.4 -522.0 2767.5 -0.1380252391 -0.3041322231 0.9425776601 -0.0009047581 0.9517248273 0.3069511652 -0.9904282689 0.0415142067 -0.1316372156
-83.3 -157.5 2528.4 0 0 0 0 0 0 0 0 0
-37.9 -171.1 2805.4 0 0 0 0 0 0 0 0 0
-387.9 -819.5 2547.5 0 0 0 0 0 0 0 0 0
-257.9 -849.1 2753.3 0 0 0 0 0 0 0 0 0
-140.9 455.6 2737.0 3 0.5773479939 0.3234567344 -0.7496966124 -0.2926061153 0.9391648173 0.1798642427 0.7622669935 0.1155215576 0.6368703246
-206.5 265.1 2713.5 0.5773479939 0.3234567344 -0.7496966124 -0.2926061153 0.9391648173 0.1798642427 0.7622669935 0.1155215576 0.6368703246
-263.2 75.7 2693.7 0.5888964534 0.2856202126 -0.7560569048 -0.2567269802 0.9531306028 0.1601040214 0.7663499117 0.0998155028 0.6346216798
-292.5 302.6 2601.6 -0.0760953948 0.7400991917 -0.6681786180 0.8360396624 0.4125388563 0.3617310226 0.5433664918 -0.5310977697 -0.6501446366
-268.8 42.3 2432.5 -0.6408740878 0.7400991917 -0.2037979066 0.6719866395 0.4125388563 -0.6150167584 -0.3710988760 -0.5310977697 -0.7617222667
-120.5 227.6 2825.5 -0.0965236947 0.9087122083 -0.4061099291 -0.8263237476 0.1542939395 0.5416479111 0.5548623800 0.3878601491 0.7359974384
-147.9 -7.6 2983.4 0.3966075182 0.9087122083 -0.1301714033 -0.6089007854 0.1542939395 -0.7780959010 -0.6869806051 0.3878601491 0.6145097017
-368.6 -92.3 2606.2 0.6812422872 0.0608214103 -0.7295270562 -0.0515255071 0.9980548620 0.0350936316 0.7302424908 0.0136819854 0.6830510497
-392.8 -489.0 2600.8 0.6830431223 -0.0178696550 -0.7301594019 -0.1020353138 0.9875625372 -0.1196203381 0.7232156992 0.1562078893 0.6727244258
-262.3 -137.9 2748.4 -0.1915300339 0.2572385371 0.9471771717 -0.0085447356 0.9645696282 -0.2636899054 -0.9814495444 -0.0585979149 -0.1825460345
-364.5 -521.0 2771.7 -0.1915300339 -0.3169107139 0.9289154410 -0.0085447356 0.9469395876 0.3212980628 -0.9814495444 0.0536008924 -0.1840752959
-78.9 -156.7 2542.4 0 0 0 0 0 0 0 0 0
-41.0 -171.7 2798.2 0 0 0 0 0 0 0 0 0
-386.8 -819.5 2548.5 0 0 0 0 0 0 0 0 0
-254.1 -850.7 2753.0 0 0 0 0 0 0 0 0 0
-139.7 455.9 2726.9 4 0.6014690399 0.3291292787 -0.7279484272 -0.2905930877 0.9389085770 0.1844080538 0.7441710830 0.1006210372 0.6603671312
-206.5 265.4 2706.5 0.6014690399 0.3291292787 -0.7279484272 -0.2905930877 0.9389085770 0.1844080538 0.7441710830 0.1006210372 0.6603671312
-264.7 76.2 2689.0 0.6122604609 0.2933789790 -0.7342110872 -0.2578146756 0.9519344568 0.1653854400 0.7474414706 0.0880314335 0.6584692597
-295.9 303.0 2597.3 -0.1240975708 0.7262046933 -0.6761852503 0.8696957827 0.4076918960 0.2782383263 0.4777332246 -0.5535467863 -0.6821707487
-257.6 34.6 2449.9 -0.6547950506 0.7262046933 -0.2094521224 0.6554967165 0.4076918960 -0.6356975436 -0.3762546182 -0.5535467863 -0.7429794073
-117.1 227.7 2815.6 -0.0823364556 0.9215960503 -0.3793171048 -0.8245867491 0.1507599205 0.5452780724 0.5597119331 0.3576761186 0.7475228310
