-367.1 518.0 2600.4 91 0.5927911401 0.0696802214 -0.8023361564 0.0036526385 0.9960071445 0.0891985819 0.8053479791 -0.0558067746 0.5901697278
-381.1 317.2 2611.7 0.5927911401 0.0696802214 -0.8023361564 0.0036526385 0.9960071445 0.0891985819 0.8053479791 -0.0558067746 0.5901697278
-394.5 122.3 2624.7 0.5934387445 0.0683800727 -0.8019692302 0.0129941180 0.9954408407 0.0944918171 0.8047742844 -0.0664959922 0.5898446441
-465.7 315.4 2497.0 -0.2955265343 0.3265505731 -0.8977910280 0.8700571060 0.4801131487 -0.1117673665 0.3945435882 -0.8141597509 -0.4260038435
-378.3 58.1 2380.3 -0.7676137090 0.3265505731 -0.5514833331 0.6373018026 0.4801131487 -0.6027750373 0.0679378584 -0.8141597509 -0.5766527653
-296.6 319.1 2726.4 0.8145515919 0.3217102587 0.4827092588 -0.5540091395 0.6781391501 0.4829090536 -0.1719872653 -0.6607796550 0.7306097746
-73.3 167.2 2679.2 0.2457656711 0.3217102587 0.9143859744 -0.7337681055 0.6781391501 -0.0413712747 -0.6333905458 -0.6607796550 0.4027240574
-462.0 -73.5 2566.3 -0.5071987510 0.1961233169 0.8392169476 0.1125018746 0.9804972410 -0.1611473262 -0.8544546366 0.0126797622 -0.5193712115
-538.8 -457.5 2561.4 -0.4991041422 -0.1319485307 0.8564371467 0.0429357328 0.9833593369 0.1765245944 -0.8654776812 0.1248759106 -0.4851334095
-354.4 -70.9 2711.6 -0.8990278244 0.0136696603 -0.4376781285 0.0158664174 0.9998732209 -0.0013626989 0.4376039803 -0.0081694881 -0.8991307020
-359.8 -462.4 2714.8 -0.8923029304 0.1541904807 -0.4242885709 0.0658409819 0.9742619991 0.2155887187 0.4466099739 0.1644348651 -0.8794888854
-160.4 -122.8 2361.0 0 0 0 0 0 0 0 0 0
-3.0 -42.6 2498.1 0 0 0 0 0 0 0 0 0
-496.5 -772.7 2521.4 0 0 0 0 0 0 0 0 0
-417.7 -828.6 2653.0 0 0 0 0 0 0 0 0 0
-366.8 518.2 2599.9 92 0.5922729373 0.0680642352 -0.8028573990 0.0057264171 0.9960448742 0.0886665955 0.8057170510 -0.0571123250 0.5895407200
-380.6 317.1 2611.4 0.5922729373 0.0680642352 -0.8028573990 0.0057264171 0.9960448742 0.0886665955 0.8057170510 -0.0571123250 0.5895407200
-393.4 122.1 2624.4 0.5928733349 0.0656448975 -0.8026157022 0.0146690151 0.9956262708 0.0922666416 0.8051621318 -0.0664760098 0.5893173218
-465.1 315.0 2496.6 -0.2896342874 0.3267019987 -0.8996542692 0.8703131676 0.4810678959 -0.1054924130 0.3983301818 -0.8135352135 -0.4236668050
-378.8 55.8 2378.0 -0.7725800872 0.3267019987 -0.5444133282 0.6317521334 0.4810678959 -0.6078346372 0.0633189753 -0.8135352135 -0.5780581236
-296.1 319.2 2726.1 0.8292367458 0.3285301626 0.4521441758 -0.5382639766 0.6872333288 0.4878341854 -0.1504603028 -0.6479029655 0.7467151284
-82.5 180.6 2687.4 0.2392839491 0.3285301626 0.9136800170 -0.7241609693 0.6872333288 -0.0574564300 -0.6467875242 -0.6479029655 0.4023526311
-461.6 -73.9 2565.0 -0.5075846910 0.1941089630 0.8394519091 0.1078596339 0.9809430242 -0.1616077572 -0.8548240066 0.0085133584 -0.5188481808
-537.6 -458.1 2561.7 -0.5003184676 -0.1300730854 0.8560154438 0.0453451723 0.9833584428 0.1759261340 -0.8646532297 0.1268352568 -0.4860942066
-354.3 -71.5 2710.5 -0.8993870616 0.0166058149 -0.4368377030 0.0110226171 0.9998220205 0.0153129175 0.4370142519 0.0089571448 -0.8994100094
-360.8 -463.0 2707.0 -0.8900151849 0.1537036300 -0.4292413890 0.0890024006 0.9819204807 0.1670650989 0.4471594393 0.1104869545 -0.8876041174
-160.6 -122.7 2360.1 0 0 0 0 0 0 0 0 0
-13.7 -27.6 2501.5 0 0 0 0 0 0 0 0 0
-495.6 -775.6 2520.7 0 0 0 0 0 0 0 0 0
-418.5 -832.0 2665.5 0 0 0 0 0 0 0 0 0
-365.9 517.4 2591.1 93 0.5929849744 0.0729114637 -0.8019056916 0.0207105074 0.9941814542 0.1057085022 0.8049471378 -0.0792914331 0.5880246758
-380.6 316.0 2607.1 0.5929849744 0.0729114637 -0.8019056916 0.0207105074 0.9941814542 0.1057085022 0.8049471378 -0.0792914331 0.5880246758
-394.9 121.5 2624.6 0.5935698152 0.0729147196 -0.8014726043 0.0286811292 0.9933379889 0.1116110757 0.8042712808 -0.0892361030 0.5875241756
-465.2 311.9 2492.5 -0.2952445745 0.2942429483 -0.9089838862 0.8773230314 0.4602318108 -0.1359814256 0.3783317506 -0.8376203179 -0.3940270543
-379.1 56.0 2382.2 -0.7719352245 0.2942429483 -0.5635042787 0.6311854124 0.4602318108 -0.6243329644 0.0756370425 -0.8376203179 -0.5409910083
-296.0 320.1 2721.7 0.8294971585 0.2989325225 0.4717773199 -0.5348341465 0.6684917212 0.5167893171 -0.1608941108 -0.6809979081 0.7143912911
-85.7 184.5 2680.9 0.2456072569 0.2989325225 0.9221260548 -0.7434848547 0.6684917212 -0.0186836179 -0.6220187545 -0.6809979081 0.3864382207
-459.9 -74.2 2564.6 -0.5050056577 0.1976035386 0.8401917219 0.1039089486 0.9802790284 -0.1680949628 -0.8568385243 0.0024145318 -0.5155792236
-537.3 -458.2 2563.7 -0.4986914694 -0.1299011260 0.8569903970 0.0506613106 0.9826478362 0.1784283966 -0.8652977943 0.1323969811 -0.4834571481
-352.7 -71.6 2710.2 -0.8991484642 0.0219865106 -0.4370910823 0.0191261172 0.9997571707 0.0109449783 0.4372255802 0.0014813050 -0.8993506432
-361.3 -463.1 2709.6 -0.8928413391 0.1400920451 -0.4280286431 0.0727857724 0.9827811122 0.1698336601 0.4444508255 0.1204801202 -0.8876643777
-160.6 -122.7 2360.8 0 0 0 0 0 0 0 0 0
-14.9 -29.8 2501.7 0 0 0 0 0 0 0 0 0
-494.9 -778.6 2520.5 0 0 0 0 0 0 0 0 0
-414.0 -832.8 2664.3 0 0 0 0 0 0 0 0 0
-365.1 515.8 2586.7 94 0.5921129584 0.0762832314 -0.8022363186 0.0291750245 0.9928277135 0.1159396693 0.8053267002 -0.0920546427 0.5856406093
-380.5 314.4 2605.3 0.5921129584 0.0762832314 -0.8022363186 0.0291750245 0.9928277135 0.1159396693 0.8053267002 -0.0920546427 0.5856406093
-395.6 120.2 2625.3 0.5926840305 0.0770751536 -0.8017387986 0.0365651101 0.9918097258 0.1223783121 0.8046046495 -0.1018473357 0.5850115418
-465.0 309.2 2490.7 -0.3033477664 0.3219027519 -0.8968604803 0.8782755733 0.4595381916 -0.1321234703 0.3696107566 -0.8277700543 -0.4221192300
-375.3 49.4 2381.3 -0.7730338573 0.3219027519 -0.5466234684 0.6323564649 0.4595381916 -0.6236584783 0.0504369773 -0.8277700543 -0.5587959290
-296.1 319.6 2720.0 0.8318507075 0.2492738068 0.4958699346 -0.5275337100 0.6327167749 0.5669018030 -0.1724314541 -0.7331658006 0.6578262448
-90.2 189.1 2677.3 0.2512756586 0.2492738068 0.9352663159 -0.7733930349 0.6327167749 0.0391494222 -0.5819997787 -0.7331658006 0.3517729342
-462.9 -75.6 2569.4 -0.5005211830 0.1872729212 0.8452262282 0.1100811213 0.9821650982 -0.1524266303 -0.8586970568 0.0167506859 -0.5122096539
-536.2 -460.2 2562.8 -0.4942643046 -0.1238508523 0.8604439497 0.0540993847 0.9834982753 0.1726393700 -0.8676266670 0.1318789572 -0.4794078469
-355.5 -70.4 2714.8 -0.9001725316 0.0091638695 -0.4354370236 -0.0038646059 0.9995712042 0.0290254429 0.4355162978 0.0278107002 -0.8997511268
-359.1 -461.8 2703.9 -0.8900309205 0.1512220949 -0.4300893247 0.0869369283 0.9823705554 0.1654995233 0.4475342631 0.1099090502 -0.8874869347
-156.1 -129.9 2367.0 0 0 0 0 0 0 0 0 0
-18.6 -31.4 2511.4 0 0 0 0 0 0 0 0 0
-496.2 -778.1 2520.2 0 0 0 0 0 0 0 0 0
-416.0 -831.5 2662.5 0 0 0 0 0 0 0 0 0
-365.7 515.8 2585.0 95 0.5922216177 0.0707880929 -0.8026596904 0.0386224799 0.9924948812 0.1160266176 0.8048489690 -0.0997141823 0.5850429535
-380.1 313.9 2605.3 0.5922216177 0.0707880929 -0.8026596904 0.0386224799 0.9924948812 0.1160266176 0.8048489690 -0.0997141823 0.5850429535
-393.7 119.6 2626.2 0.5926849842 0.0695161298 -0.8024288416 0.0451755151 0.9918309450 0.1192917004 0.8041664362 -0.1069525406 0.5847029090
-464.5 307.4 2490.7 -0.3092412055 0.3419198990 -0.8873897791 0.8786450624 0.4597006142 -0.1290667057 0.3638031483 -0.8196133971 -0.4425846040
-372.2 45.0 2382.0 -0.7734317183 0.3419198990 -0.5337547660 0.6330506206 0.4597006142 -0.6228340268 0.0324080512 -0.8196133971 -0.5719996095
-295.6 320.3 2719.9 0.8447558880 0.2525247335 0.4718249738 -0.5108703971 0.6430964470 0.5704721212 -0.1593706310 -0.7229510546 0.6722669005
-92.0 197.2 2681.5 0.2431112528 0.2525247335 0.9365512133 -0.7653679848 0.6430964470 0.0252755024 -0.5959100723 -0.7229510546 0.3496183157
-464.3 -77.3 2572.5 -0.5003886223 0.1912064105 0.8444236517 0.1086009890 0.9814676642 -0.1578830779 -0.8589627743 0.0127023384 -0.5118804574
-539.2 -461.7 2567.5 -0.4946691692 -0.1326650381 0.8588960171 0.0623186529 0.9803217053 0.1873119920 -0.8668441772 0.1461827159 -0.4766674042
-357.1 -70.7 2717.9 -0.8999716640 0.0062167677 -0.4359040260 -0.0120859351 0.9991582036 0.0392025150 0.4357807934 0.0405494608 -0.8991389275
-359.6 -462.0 2702.1 -0.8881652355 0.1562762707 -0.4321345389 0.0967204124 0.9829043150 0.1566662788 0.4492301047 0.0973493084 -0.8880965114
-152.3 -134.9 2372.8 0 0 0 0 0 0 0 0 0
-23.3 -19.2 2513.0 0 0 0 0 0 0 0 0 0
-496.4 -777.8 2520.4 0 0 0 0 0 0 0 0 0
-418.4 -832.0 2665.4 0 0 0 0 0 0 0 0 0
-365.6 514.8 2583.6 96 0.5824517012 0.0740065947 -0.8094893694 0.0410645716 0.9918963909 0.1202301160 0.8118274212 -0.1032695696 0.5746926665
-380.7 312.6 2604.7 0.5824517012 0.0740065947 -0.8094893694 0.0410645716 0.9918963909 0.1202301160 0.8118274212 -0.1032695696 0.5746926665
-394.7 118.4 2626.3 0.5829828978 0.0718335807 -0.8093026876 0.0482882857 0.9912598729 0.1227686405 0.8110482097 -0.1106518582 0.5744188428
-463.7 305.7 2489.1 -0.3045463264 0.3114190698 -0.9001498222 0.8784553409 0.4571444094 -0.1390511543 0.3681952655 -0.8330889344 -0.4127894044
-374.0 46.8 2380.6 -0.7788134813 0.3114190698 -0.5444884896 0.6251058578 0.4571444094 -0.6326623559 0.0518867373 -0.8330889344 -0.5507001281
-297.6 319.5 2720.3 0.8436560035 0.3271248937 0.4257157445 -0.5191622972 0.6991218328 0.4916290939 -0.1368030459 -0.6357814074 0.7596492171
-102.2 199.2 2688.6 0.2340337932 0.3271248937 0.9155421853 -0.7117758989 0.6991218328 -0.0678511038 -0.6622713208 -0.6357814074 0.3964577615
-460.9 -78.7 2574.5 -0.4877788723 0.2001828253 0.8497049809 0.1156079918 0.9795925617 -0.1644176245 -0.8652783036 0.0180332456 -0.5009673238
-539.3 -462.4 2567.4 -0.4812523723 -0.1317443550 0.8666253686 0.0616568774 0.9811053872 0.1833867431 -0.8744109869 0.1416887194 -0.4640363455
-353.7 -70.5 2719.8 -0.9050334692 0.0128335124 -0.4251466691 0.0055141468 0.9998147488 0.0184422173 0.4253045619 0.0143465027 -0.9049365520
-358.7 -462.0 2714.2 -0.8966466784 0.1542987823 -0.4149899483 0.0717013478 0.9755403996 0.2077976167 0.4369023740 0.1565656960 -0.8857784867
-154.0 -129.8 2365.9 0 0 0 0 0 0 0 0 0
-36.9 0.5 2503.7 0 0 0 0 0 0 0 0 0
-497.2 -775.6 2522.2 0 0 0 0 0 0 0 0 0
-416.7 -828.7 2655.4 0 0 0 0 0 0 0 0 0
-366.0 523.3 2591.5 97 0.6018410325 0.0711393133 -0.7954410911 0.0211710446 0.9942533970 0.1049381420 0.7983351946 -0.0799963996 0.5968763828
-380.5 320.6 2607.8 0.6018410325 0.0711393133 -0.7954410911 0.0211710446 0.9942533970 0.1049381420 0.7983351946 -0.0799963996 0.5968763828
-394.1 126.0 2625.1 0.6023938060 0.0692544952 -0.7951889634 0.0289976969 0.9936725497 0.1085079461 0.7976721525 -0.0884231627 0.5965739489
-466.3 316.4 2494.1 -0.3043889701 0.3219073713 -0.8965060115 0.8819810152 0.4507477283 -0.1376078725 0.3598010540 -0.8325875998 -0.4211188257
-372.2 43.6 2382.9 -0.7774075866 0.3219073713 -0.5403823256 0.6277688742 0.4507477283 -0.6346122622 0.0392897539 -0.8325875998 -0.5524981022
-294.7 324.7 2721.4 0.8103206158 0.4235301912 0.4049724936 -0.5685827732 0.7354562283 0.3685346842 -0.1417539716 -0.5288916230 0.8367672563
-110.7 195.7 2689.2 0.2468427569 0.4235301912 0.8716024756 -0.6554438472 0.7354562283 -0.1717483997 -0.7137660980 -0.5288916230 0.4591422975
-461.5 -80.1 2574.7 -0.5124018788 0.1998481452 0.8351676464 0.1171590909 0.9797188044 -0.1625571102 -0.8507161736 0.0145529127 -0.5254237652
-539.8 -463.8 2569.0 -0.5054137111 -0.1349062026 0.8522660136 0.0603004582 0.9797657728 0.1908478737 -0.8607676029 0.1478491575 -0.4870521128
-356.1 -71.3 2721.3 -0.8946190476 0.0046571181 -0.4468053579 -0.0179536082 0.9987635612 0.0463579930 0.4464688003 0.0494945161 -0.8934292793
-357.9 -462.2 2702.0 -0.8819936514 0.1589831263 -0.4436345398 0.0992297903 0.9829236865 0.1549659222 0.4606958628 0.0926572010 -0.8827083111
-152.4 -133.8 2371.8 0 0 0 0 0 0 0 0 0
-42.7 15.0 2492.5 0 0 0 0 0 0 0 0 0
-497.1 -773.8 2522.2 0 0 0 0 0 0 0 0 0
-417.6 -831.3 2667.2 0 0 0 0 0 0 0 0 0
-365.9 520.3 2587.4 98 0.6027842760 0.0746110231 -0.7944081426 0.0317060277 0.9925923347 0.1172825620 0.7972739935 -0.0958836079 0.5959534049
-381.0 318.7 2606.8 0.6027842760 0.0746110231 -0.7944081426 0.0317060277 0.9925923347 0.1172825620 0.7972739935 -0.0958836079 0.5959534049
-395.2 124.4 2627.0 0.6032931209 0.0722285658 -0.7942420840 0.0385834053 0.9920809269 0.1195273921 0.7965856791 -0.1027546152 0.5957287550
-467.0 313.2 2493.3 -0.3114003539 0.3370656073 -0.8884912133 0.8816310763 0.4513872862 -0.1377538592 0.3546215296 -0.8262180686 -0.4377296865
-372.0 44.4 2385.2 -0.7733554244 0.3370656073 -0.5369433165 0.6332405806 0.4513872862 -0.6286937594 0.0304583441 -0.8262180686 -0.5625264645
-295.0 324.2 2720.3 0.8170903921 0.3891635835 0.4253410697 -0.5524848700 0.7393441796 0.3848774731 -0.1646931469 -0.5494741797 0.8191179633
-111.2 199.9 2683.3 0.2573280931 0.3891635835 0.8844964504 -0.6600044370 0.7393441796 -0.1332827657 -0.7058160901 -0.5494741797 0.4471037388
-462.2 -71.2 2570.3 -0.5140568018 0.2029605359 0.8333982229 0.1009589061 0.9791657925 -0.1761863530 -0.8517939448 -0.0064308201 -0.5238375068
-541.7 -454.7 2572.8 -0.5094423294 -0.1355365515 0.8497636914 0.0652265772 0.9785943031 0.1951889396 -0.8580291271 0.1548646837 -0.4896967709
-353.3 -65.9 2714.4 -0.8942044973 0.0097548692 -0.4475524724 -0.0076082619 0.9992870092 0.0369817093 0.4475941062 0.0364743061 -0.8934926987
-357.1 -457.2 2700.2 -0.8825322390 0.1570657939 -0.4432461560 0.0970753953 0.9831195474 0.1550882757 0.4601230025 0.0938421115 -0.8828819394
-150.5 -137.0 2376.5 0 0 0 0 0 0 0 0 0
-40.7 19.2 2490.0 0 0 0 0 0 0 0 0 0
-497.5 -773.9 2522.3 0 0 0 0 0 0 0 0 0
-416.2 -826.9 2664.9 0 0 0 0 0 0 0 0 0
-365.9 520.2 2584.8 99 0.6022207141 0.0741114840 -0.7948821783 0.0369065069 0.9920325875 0.1204541698 0.7974761128 -0.1018763259 0.5946874022
-381.1 317.9 2605.6 0.6022207141 0.0741114840 -0.7948821783 0.0369065069 0.9920325875 0.1204541698 0.7974761128 -0.1018763259 0.5946874022
-395.2 123.7 2626.9 0.6027081013 0.0723664239 -0.7946735620 0.0435059480 0.9914178848 0.1232792437 0.7967748642 -0.1088744253 0.5943872333
-467.0 311.7 2492.1 -0.3077414036 0.2788036764 -0.9097052813 0.8845883608 0.4359704554 -0.1656297892 0.3504264355 -0.8556858301 -0.3807926476
-374.7 46.5 2387.0 -0.7788393497 0.2788036764 -0.5618520975 0.6239364147 0.4359704554 -0.6485623121 0.0641293451 -0.8556858301 -0.5135067105
-295.2 324.1 2719.1 0.8034898043 0.3825655878 0.4561224282 -0.5616950989 0.7410259843 0.3679390252 -0.1972377598 -0.5518369675 0.8102920651
-114.1 197.5 2674.7 0.2828236222 0.3825655878 0.8795762658 -0.6625255346 0.7410259843 -0.1092721149 -0.6935926080 -0.5518369675 0.4630391300
-463.9 -73.3 2575.1 -0.5092110634 0.1924405545 0.8388507962 0.1165590361 0.9811209440 -0.1543233842 -0.8527121544 0.0191924684 -0.5220283270
-539.2 -457.5 2567.6 -0.5020064116 -0.1309269220 0.8548963070 0.0552859120 0.9815952778 0.1827954203 -0.8630950451 0.1390281916 -0.4855286777
-354.8 -66.3 2719.1 -0.8945727348 0.0083954595 -0.4468435645 -0.0089513641 0.9992864132 0.0366954245 0.4468327761 0.0368265845 -0.8938592076
-358.1 -457.7 2704.6 -0.8835886717 0.1558982581 -0.4415504932 0.0870421603 0.9811997414 0.1722518206 0.4601029754 0.1137662455 -0.8805466890
-153.3 -130.9 2368.8 0 0 0 0 0 0 0 0 0
-37.2 17.4 2486.1 0 0 0 0 0 0 0 0 0
-497.0 -774.1 2522.7 0 0 0 0 0 0 0 0 0
-416.8 -826.9 2661.8 0 0 0 0 0 0 0 0 0
-365.1 521.1 2583.5 00 0.6037717462 0.0734232590 -0.7937687039 0.0332548432 0.9925624132 0.1171065345 0.7964633107 -0.0971022695 0.5968394279
-380.1 318.8 2603.3 0.6037717462 0.0734232590 -0.7937687039 0.0332548432 0.9925624132 0.1171065345 0.7964633107 -0.0971022695 0.5968394279
-393.7 124.5 2623.3 0.6042221189 0.0695270449 -0.7937768102 0.0395086221 0.9923464656 0.1169937178 0.7958358526 -0.1020512208 0.5968507528
-466.2 313.2 2489.9 -0.3006297648 0.2336125374 -0.9246875048 0.8910690546 0.4144562185 -0.1849919260 0.3400260210 -0.8795744777 -0.3327627778
-377.0 48.9 2389.1 -0.7790581584 0.2336125374 -0.5818020105 0.6210626960 0.4144562185 -0.6652121544 0.0857295692 -0.8795744777 -0.4679735005
-294.0 324.4 2716.8 0.7943190336 0.3898330331 0.4659264982 -0.5691407919 0.7457452416 0.3463275731 -0.2124525458 -0.5402723551 0.8142294884
-115.7 196.7 2669.1 0.3077463508 0.3898330331 0.8679414392 -0.6584572196 0.7457452416 -0.1014795750 -0.6868233085 -0.5402723551 0.4861887693
-463.9 -74.4 2576.2 -0.5117412210 0.2006014287 0.8353921175 0.1187890396 0.9795405865 -0.1624482572 -0.8508878350 0.0161039606 -0.5251005292
-542.5 -458.0 2569.9 -0.5035157204 -0.1411272734 0.8523819447 0.0541816391 0.9794694781 0.1941748708 -0.8622854948 0.1439535618 -0.4855318069
-355.0 -66.5 2720.2 -0.8935955763 0.0087876180 -0.4487869442 -0.0099238912 0.9991772175 0.0393245220 0.4487632811 0.0395939350 -0.8927731514
-358.4 -457.8 2704.7 -0.8822433352 0.1569623500 -0.4438576102 0.0898301005 0.9815881252 0.1685684174 0.4621442258 0.1088465825 -0.8800994754
-156.4 -127.0 2364.8 0 0 0 0 0 0 0 0 0
-32.2 18.1 2482.8 0 0 0 0 0 0 0 0 0
-496.7 -775.5 2523.3 0 0 0 0 0 0 0 0 0
-417.5 -827.4 2663.8 0 0 0 0 0 0 0 0 0
-365.6 518.4 2584.4 01 0.6094986200 0.0778056160 -0.7889599204 0.0294761751 0.9922602773 0.1206260473 0.7922389507 -0.0967769325 0.6024878621
-381.4 316.7 2604.1 0.6094986200 0.0778056160 -0.7889599204 0.0294761751 0.9922602773 0.1206260473 0.7922389507 -0.0967769325 0.6024878621
-396.2 122.5 2624.2 0.6099732518 0.0751119331 -0.7888541222 0.0356349163 0.9918903708 0.1219986677 0.7916203141 -0.1025266722 0.6023499966
-468.4 311.6 2491.3 -0.3050825894 0.2274440676 -0.9247668982 0.8876761198 0.4196014702 -0.1896463484 0.3448996246 -0.8787512779 -0.3299097717
-378.1 48.9 2389.2 -0.7809907794 0.2274440676 -0.5816550255 0.6176143289 0.4196014702 -0.6651970744 0.0927681848 -0.8787512779 -0.4681775868
-294.5 321.8 2716.9 0.7897896767 0.3377143443 0.5120364428 -0.5549081564 0.7490929365 0.3618517816 -0.2613603473 -0.5699199438 0.7790263295
-116.3 196.6 2657.9 0.3496472239 0.3377143443 0.8738969564 -0.6620074511 0.7490929365 -0.0246142931 -0.6629426479 -0.5699199438 0.4854876697
-462.0 -73.5 2571.4 -0.5182909369 0.1988877952 0.8317560554 0.1152398586 0.9799533486 -0.1625151783 -0.8474044800 0.0116213113 -0.5308207273
-539.9 -457.3 2566.8 -0.5102052093 -0.1333556920 0.8496510386 0.0465783775 0.9821715355 0.1821250021 -0.8587905169 0.1324964911 -0.4948975146
-352.7 -66.3 2715.2 -0.8905465007 0.0124822557 -0.4547209740 -0.0074433964 0.9990897775 0.0420028679 0.4548313618 0.0407901742 -0.8896429539
-357.6 -457.7 2699.3 -0.8784580231 0.1580812484 -0.4509121776 0.1019085795 0.9839590788 0.1464211345 0.4668255746 0.0826730058 -0.8804765940
-158.4 -124.8 2363.1 0 0 0 0 0 0 0 0 0
-22.8 19.6 2480.7 0 0 0 0 0 0 0 0 0
-496.7 -775.0 2524.0 0 0 0 0 0 0 0 0 0
-417.1 -828.1 2668.1 0 0 0 0 0 0 0 0 0
-365.9 517.6 2582.8 02 0.6175899506 0.0819388032 -0.7822203636 0.0297450107 0.9914134145 0.1273368150 0.7859376073 -0.1019090936 0.6098496914
-382.5 316.2 2603.5 0.6175899506 0.0819388032 -0.7822203636 0.0297450107 0.9914134145 0.1273368150 0.7859376073 -0.1019090936 0.6098496914
-398.1 122.1 2624.6 0.6180498600 0.0796300918 -0.7820954919 0.0353883170 0.9910300374 0.1288685948 0.7853419781 -0.1073242649 0.6096880436
-470.6 311.2 2491.6 -0.3131754100 0.1787488014 -0.9327218533 0.8888618946 0.4010234475 -0.2215957940 0.3344333470 -0.8984592557 -0.2844736874
-378.4 49.3 2393.1 -0.7792046070 0.1787488014 -0.6007404327 0.6152542233 0.4010234475 -0.6787064672 0.1195930392 -0.8984592557 -0.4224552512
-294.5 321.3 2715.5 0.7885753512 0.2077157050 0.5787945390 -0.5282164812 0.7107261419 0.4646027386 -0.3148590922 -0.6721030474 0.6701799631
-114.1 200.5 2643.4 0.3759263158 0.2077157050 0.9030689597 -0.6923239231 0.7107261419 0.1247233599 -0.6159277558 -0.6721030474 0.4109871984
-466.0 -75.0 2572.7 -0.5265858173 0.1856373549 0.8296060562 0.1122361049 0.9825060368 -0.1486101598 -0.8426805139 0.0148557508 -0.5382089019
-538.7 -459.8 2566.9 -0.5193581581 -0.1308296174 0.8444824815 0.0503115356 0.9818158746 0.1830473691 -0.8530743122 0.1375543624 -0.5033318400
-355.7 -68.6 2715.8 -0.8860487342 0.0051235547 -0.4635637403 -0.0063576377 0.9997106194 0.0232012291 0.4635484815 0.0235045906 -0.8857597709
-357.7 -460.1 2706.6 -0.8739323020 0.1647267938 -0.4572826028 0.0924170986 0.9799717665 0.1763927191 0.4771806300 0.1118945703 -0.8716526031
-159.2 -123.7 2359.5 0 0 0 0 0 0 0 0 0
-14.8 17.7 2480.8 0 0 0 0 0 0 0 0 0
-496.6 -776.1 2522.6 0 0 0 0 0 0 0 0 0
-419.7 -829.0 2664.5 0 0 0 0 0 0 0 0 0
-363.3 519.3 2582.6 03 0.6149155498 0.0857585520 -0.7839160562 0.0331741385 0.9903761744 0.1343670934 0.7878949046 -0.1086301506 0.6061527133
-380.8 317.8 2604.7 0.6149155498 0.0857585520 -0.7839160562 0.0331741385 0.9903761744 0.1343670934 0.7878949046 -0.1086301506 0.6061527133
-396.9 123.8 2626.8 0.6153572798 0.0825148299 -0.7839175463 0.0383735634 0.9901907444 0.1343494356 0.7873136997 -0.1127546132 0.6061547399
-468.5 312.3 2492.5 -0.3072041273 0.1626149267 -0.9376470447 0.8917713761 0.3931574821 -0.2239889503 0.3322190046 -0.9049771428 -0.2657949328
-378.0 49.7 2394.6 -0.7827243805 0.1626149267 -0.6007486582 0.6098321080 0.3931574821 -0.6881366372 0.1242875382 -0.9049771428 -0.4069017172
-293.1 323.2 2716.9 0.7787336111 0.1954463720 0.5961331129 -0.5279669762 0.7174292803 0.4544734657 -0.3388581276 -0.6686523557 0.6618754864
-113.9 201.8 2638.9 0.4084198177 0.2112205178 0.8880198002 -0.7049773335 0.6909735799 0.1598826200 -0.5798277259 -0.6913330555 0.4311129749
-469.6 -75.2 2574.6 -0.5230766535 0.1872877926 0.8314530253 0.1099507511 0.9822333455 -0.1520803422 -0.8451637030 0.0118692126 -0.5343757868
-543.0 -459.9 2570.0 -0.5157412291 -0.1429908872 0.8447275162 0.0540580601 0.9785779119 0.1986530423 -0.8550372720 0.1481178850 -0.4969631433
-357.9 -68.8 2716.6 -0.8877515793 0.0039191223 -0.4603061974 -0.0112786600 0.9994783401 0.0302618686 0.4601846933 0.0320566595 -0.8872442842
-359.4 -460.2 2704.0 -0.8776503205 0.1488904953 -0.4555891752 0.0813584253 0.9830114841 0.1645272225 0.4723459482 0.1073313579 -0.8748538494
-157.3 -122.3 2359.6 0 0 0 0 0 0 0 0 0
-7.0 17.2 2487.1 0 0 0 0 0 0 0 0 0
-496.7 -776.8 2522.0 0 0 0 0 0 0 0 0 0
-415.5 -830.3 2663.6 0 0 0 0 0 0 0 0 0
-364.3 519.0 2584.9 04 0.6143317223 0.0817492157 -0.7848016024 0.0303930100 0.9914287925 0.1270638555 0.7884622812 -0.1019118428 0.6065815687
-381.0 317.1 2605.7 0.6143317223 0.0817492157 -0.7848016024 0.0303930100 0.9914287925 0.1270638555 0.7884622812 -0.1019118428 0.6065815687
-396.5 123.0 2626.8 0.6148360968 0.0794401169 -0.7846437693 0.0365960114 0.9909684062 0.1290052831 0.7878053784 -0.1080319434 0.6063759923
-468.6 311.9 2493.4 -0.3076426983 0.1780655384 -0.9346917272 0.8894096613 0.4028630853 -0.2159903049 0.3380923569 -0.8977716565 -0.2823110819
-378.5 51.4 2394.4 -0.7783092260 0.1780655384 -0.6021025181 0.6159123182 0.4028630853 -0.6770179868 0.1220112965 -0.8977716565 -0.4232248068
-293.4 322.3 2717.9 0.7938872576 0.1577585936 0.5872437954 -0.4865019917 0.7441412210 0.4577877522 -0.3647723794 -0.6491271257 0.6675140858
-104.1 206.4 2631.0 0.4136213660 0.2096726149 0.8859767318 -0.7281037569 0.6604137421 0.1836262792 -0.5466097593 -0.7210347652 0.4258246422
-468.7 -73.6 2577.7 -0.5230183005 0.1855226159 0.8318853378 0.1121714264 0.9825161695 -0.1485917121 -0.8449079394 0.0155975865 -0.5346842408
-541.4 -458.4 2571.6 -0.5162146688 -0.1382787526 0.8452226520 0.0586035624 0.9788643122 0.1959343553 -0.8544518948 0.1506772488 -0.4972005188
-357.5 -66.6 2720.0 -0.8879474401 0.0020348406 -0.4599404037 -0.0193059575 0.9989439845 0.0416909829 0.4595395625 0.0458989926 -0.8869705200
-358.3 -457.9 2702.0 -0.8744794130 0.1647933125 -0.4562114477 0.0993853137 0.9814390540 0.1640120596 0.4747718275 0.0980844572 -0.8746262789
-158.6 -122.6 2359.9 0 0 0 0 0 0 0 0 0
1.3 20.9 2491.7 0 0 0 0 0 0 0 0 0
-496.5 -776.5 2522.6 0 0 0 0 0 0 0 0 0
-420.3 -827.4 2665.1 0 0 0 0 0 0 0 0 0
-365.5 518.0 2584.1 05 0.6182596087 0.0811627358 -0.7817721367 0.0334608965 0.9910342097 0.1293504387 0.7852613926 -0.1061309427 0.6100006700
-382.0 316.9 2605.6 0.6182596087 0.0811627358 -0.7817721367 0.0334608965 0.9910342097 0.1293504387 0.7852613926 -0.1061309427 0.6100006700
-397.4 122.9 2627.3 0.6186547279 0.0787465200 -0.7817066312 0.0383580998 0.9907504916 0.1301620901 0.7847260237 -0.1105101779 0.6099119186
-470.2 311.4 2493.8 -0.3220675290 0.1657968909 -0.9320858121 0.8891658187 0.3910114765 -0.2376851290 0.3250487745 -0.9053294659 -0.2733530104
-373.9 45.5 2396.6 -0.7778526545 0.1657968909 -0.6061819792 0.6161587834 0.3910114765 -0.6837092638 0.1236672476 -0.9053294659 -0.4063065350
-293.8 322.4 2717.5 0.8070462942 0.1554242522 0.5696661472 -0.4759535789 0.7422204018 0.4717807770 -0.3494916558 -0.6518836021 0.6729809642
-98.9 207.4 2633.0 0.4186820090 0.2121881396 0.8829957843 -0.7340429425 0.6515479684 0.1914842874 -0.5346834064 -0.7283278704 0.4285466075
-467.7 -74.4 2576.8 -0.5275192261 0.1871623248 0.8286698461 0.1083074287 0.9822869897 -0.1529111564 -0.8426107764 0.0090875179 -0.5384463668
-541.0 -459.1 2573.2 -0.5218631029 -0.1373364627 0.8419011831 0.0643314943 0.9778076410 0.1993831247 -0.8506000042 0.1582114547 -0.5014467239
-356.5 -67.7 2719.2 -0.8856288195 0.0068511376 -0.4643431902 -0.0029349711 0.9997886419 0.0203491393 0.4643844664 0.0193846188 -0.8854215145
-359.2 -459.2 2711.6 -0.8753320575 0.1657253504 -0.4542343915 0.0736479089 0.9741639495 0.2134961188 0.4778804779 0.1534265876 -0.8649222851
-152.3 -130.0 2361.4 0 0 0 0 0 0 0 0 0
8.9 18.5 2495.5 0 0 0 0 0 0 0 0 0
-496.5 -776.2 2521.9 0 0 0 0 0 0 0 0 0
-421.5 -825.5 2653.9 0 0 0 0 0 0 0 0 0
-365.7 517.0 2582.7 06 0.6228325367 0.0815602168 -0.7780922651 0.0374919176 0.9902969599 0.1338144839 0.7814563513 -0.1125161871 0.6137313247
-382.1 317.3 2605.4 0.6228325367 0.0815602168 -0.7780922651 0.0374919176 0.9902969599 0.1338144839 0.7814563513 -0.1125161871 0.6137313247
-397.6 123.5 2628.7 0.6233580709 0.0791637003 -0.7779189348 0.0439662710 0.9897395968 0.1359501332 0.7806994915 -0.1189478114 0.6134816408
-471.0 311.0 2494.1 -0.3334976137 0.2096388787 -0.9191468358 0.8826274276 0.4120318890 -0.2262709737 0.3312826157 -0.8867250085 -0.3224446774
-369.4 42.2 2393.2 -0.7766268849 0.2096388787 -0.5940557718 0.6211459041 0.4120318890 -0.6666389704 0.1050164849 -0.8867250085 -0.4502113760
-293.3 323.6 2716.6 0.8082362413 0.1642044187 0.5655007362 -0.4852927923 0.7296810746 0.4817224145 -0.3335342109 -0.6637789607 0.6694418788
-94.6 204.3 2634.7 0.4092719853 0.2281473726 0.8834280968 -0.7586703300 0.6229723692 0.1905905157 -0.5068685412 -0.7482340932 0.4280537665
-468.8 -74.7 2578.0 -0.5307195187 0.1809728444 0.8280009627 0.1111211553 0.9833620787 -0.1437047571 -0.8402314186 0.0157415066 -0.5419993997
-539.7 -459.8 2571.8 -0.5248049498 -0.1329426318 0.8407770395 0.0629472807 0.9789633155 0.1940835714 -0.8488918543 0.1547806561 -0.5053964257
-356.9 -67.7 2719.9 -0.8829185367 0.0055125812 -0.4694938362 -0.0082305167 0.9995957017 0.0272148997 0.4694540799 0.0278927162 -0.8825162053
-359.1 -459.2 2708.9 -0.8712274432 0.1633584499 -0.4629003406 0.0865943655 0.9793593287 0.1826380789 0.4831812680 0.1190347522 -0.8673906922
-147.7 -135.1 2363.2 0 0 0 0 0 0 0 0 0
12.1 6.5 2502.5 0 0 0 0 0 0 0 0 0
-496.7 -776.1 2521.8 0 0 0 0 0 0 0 0 0
-420.5 -827.5 2664.2 0 0 0 0 0 0 0 0 0
-366.2 518.2 2582.5 07 0.6341359019 0.0673433766 -0.7702834010 0.0382235162 0.9922518730 0.1182168722 0.7722762823 -0.1044085100 0.6266484261
-379.9 316.9 2603.7 0.6341359019 0.0673433766 -0.7702834010 0.0382235162 0.9922518730 0.1182168722 0.7722762823 -0.1044085100 0.6266484261
-393.0 122.8 2626.0 0.6346621513 0.0668686032 -0.7698912621 0.0460010096 0.9912137985 0.1240125597 0.7714193463 -0.1141218618 0.6260098815
-470.3 310.3 2493.7 -0.3278069198 0.2105537206 -0.9209830165 0.8845868111 0.4107123911 -0.2209559232 0.3317360580 -0.8871203065 -0.3208874166
-372.0 45.0 2394.2 -0.7830635309 0.2105537206 -0.5852167010 0.6140994430 0.4107123911 -0.6739415526 0.0984548554 -0.8871203065 -0.4509148300
-289.4 323.5 2713.6 0.7917476296 0.1866231859 0.5816420913 -0.5177382231 0.7103263736 0.4768475890 -0.3241648674 -0.6786812544 0.6590211391
-92.1 194.4 2632.8 0.3845200539 0.2635124028 0.8847064972 -0.8020398021 0.5698621869 0.1788554937 -0.4570301175 -0.7783433199 0.4304708540
-469.5 -74.4 2581.4 -0.5429725647 0.1820333600 0.8197832704 0.1194162443 0.9830390215 -0.1391906291 -0.8312162757 0.0223187469 -0.5555009842
-540.8 -459.4 2572.7 -0.5358559489 -0.1343702972 0.8335484266 0.0606211945 0.9785835743 0.1967213750 -0.8421303034 0.1559450179 -0.5162341595
-356.8 -66.4 2722.5 -0.8755183220 0.0069452934 -0.4831350148 -0.0030746702 0.9997963905 0.0199443400 0.4831751585 0.0189471170 -0.8753187060
-359.5 -458.0 2715.1 -0.8650246263 0.1660365611 -0.4734599292 0.0750655606 0.9758631587 0.2050762773 0.4960822463 0.1418554932 -0.8566092253
-148.9 -130.0 2366.2 0 0 0 0 0 0 0 0 0
8.1 -14.7 2513.6 0 0 0 0 0 0 0 0 0
-497.3 -776.0 2522.2 0 0 0 0 0 0 0 0 0
-422.0 -825.2 2661.7 0 0 0 0 0 0 0 0 0
-367.5 519.1 2582.4 08 0.6516310573 0.0667590871 -0.7555925846 0.0315561704 0.9928713441 0.1149378195 0.7578793764 -0.0987406597 0.6448791623
-381.0 318.0 2602.4 0.6516310573 0.0667590871 -0.7555925846 0.0315561704 0.9928713441 0.1149378195 0.7578793764 -0.0987406597 0.6448791623
-393.7 123.7 2623.7 0.6522322297 0.0645119846 -0.7552690506 0.0406455919 0.9919620752 0.1198298931 0.7569286823 -0.1088552773 0.6443675160
-473.9 312.2 2494.5 -0.3308236897 0.2021709830 -0.9217823148 0.8833702207 0.4099670053 -0.2271212637 0.3319830000 -0.8894121051 -0.3142186403
-374.5 46.5 2394.7 -0.7870147228 0.2021709830 -0.5828676224 0.6085118055 0.4099670053 -0.6794412732 0.1015931889 -0.8894121051 -0.4456735253
-288.1 323.8 2710.2 0.7905499935 -0.0678852722 0.6086232662 -0.5365597010 0.4022638500 0.7418136597 -0.2951853573 -0.9130035043 0.2815851867
-84.9 185.9 2634.4 0.3225816786 -0.0678852722 0.9441041350 -0.8571113348 0.4022638500 0.3217824996 -0.4016232789 -0.9130035043 0.0715777129
-463.4 -75.5 2578.6 -0.5613664985 0.2006051391 0.8028855920 0.1278624386 0.9795503020 -0.1553460956 -0.8176300526 0.0154528143 -0.5755365491
-542.0 -459.1 2572.6 -0.5526627898 -0.1378900707 0.8219185472 0.0554955900 0.9779397249 0.2013806850 -0.8315551877 0.1569084823 -0.5328186154
-348.7 -67.2 2718.1 -0.8639002442 0.0250555184 -0.5030393004 0.0112168361 0.9994712472 0.0305185746 0.5035380125 0.0207224935 -0.8637245297
-358.5 -458.6 2709.9 -0.8542654514 0.1696541160 -0.4913736284 0.0784691349 0.9764988422 0.2007302940 0.5138804913 0.1329192817 -0.8475018144
-151.0 -126.3 2365.9 0 0 0 0 0 0 0 0 0
-1.1 -37.0 2529.9 0 0 0 0 0 0 0 0 0
-497.3 -776.4 2521.6 0 0 0 0 0 0 0 0 0
-422.4 -826.2 2659.9 0 0 0 0 0 0 0 0 0
-370.1 517.3 2584.3 09 0.6742306352 0.0679923519 -0.7353843451 0.0245264340 0.9931421876 0.1143110394 0.7381134629 -0.0951083601 0.6679392457
-383.8 316.9 2603.5 0.6742306352 0.0679923519 -0.7353843451 0.0245264340 0.9931421876 0.1143110394 0.7381134629 -0.0951083601 0.6679392457
-396.6 122.5 2624.0 0.6748270988 0.0653780624 -0.7350742221 0.0334063657 0.9923407435 0.1189279035 0.7372193336 -0.1048119292 0.6674743891
-479.9 312.1 2498.5 -0.3504678905 0.2410145104 -0.9050327539 0.8726660013 0.4348727763 -0.2221253961 0.3400386870 -0.8676391244 -0.3627341092
-372.7 45.3 2394.6 -0.7782878876 0.2410145104 -0.5798102617 0.6206938028 0.4348727763 -0.6523993015 0.0949059948 -0.8676391244 -0.4880524576
-287.6 321.7 2708.5 0.7990893722 -0.0614954084 0.5980589390 -0.5369177461 0.3745859265 0.7559131384 -0.2705096304 -0.9251506329 0.2663096488
-75.0 178.8 2636.5 0.2633016109 -0.0614954084 0.9627515674 -0.8879830837 0.3745859265 0.2667798102 -0.3770389259 -0.9251506329 0.0440221913
-465.3 -74.3 2576.6 -0.5873638391 0.1988697946 0.7845091224 0.1242143661 0.9800065756 -0.1554280072 -0.7997340560 0.0061545176 -0.6003229022
-543.2 -458.1 2574.2 -0.5786767602 -0.1371411681 0.8039436936 0.0506960377 0.9778051972 0.2032903135 -0.8139798045 0.1583961397 -0.5588806272
-347.4 -66.9 2713.4 -0.8480881453 0.0307575706 -0.5289616585 0.0198933389 0.9994582534 0.0262204260 0.5294815898 0.0117144184 -0.8482405543
-359.4 -458.3 2708.8 -0.8399119377 0.1671985090 -0.5163260102 0.0758677647 0.9781927466 0.1933470666 0.5373936892 0.1232220158 -0.8342807293
-150.7 -131.8 2367.5 0 0 0 0 0 0 0 0 0
-6.2 -53.2 2538.0 0 0 0 0 0 0 0 0 0
-498.7 -774.8 2522.9 0 0 0 0 0 0 0 0 0
-422.4 -826.7 2662.4 0 0 0 0 0 0 0 0 0
-371.0 514.2 2583.8 10 0.6690731049 0.0685727298 -0.7400263548 0.0250121858 0.9930925965 0.1146365255 0.7427756190 -0.0952098891 0.6627363563
-384.8 314.2 2603.0 0.6690731049 0.0685727298 -0.7400263548 0.0250121858 0.9930925965 0.1146365255 0.7427756190 -0.0952098891 0.6627363563
-398.7 119.9 2623.7 0.6695124507 0.0707158595 -0.7394270301 0.0312737562 0.9918918014 0.1231773347 0.7421422005 -0.1055934206 0.6618723273
-480.2 309.7 2497.2 -0.3512827754 0.2055894881 -0.9134185314 0.8725373149 0.4256735444 -0.2397513390 0.3395277262 -0.8812122345 -0.3289162815
-374.6 47.3 2395.1 -0.7828658819 0.2055894881 -0.5872427225 0.6118586659 0.4256735444 -0.6666566133 0.1129160896 -0.8812122345 -0.4590369761
-289.4 318.6 2708.7 0.8087479472 -0.0474789068 0.5862358809 -0.5264365077 0.3860474825 0.7575169206 -0.2622809708 -0.9212562442 0.2872205079
-66.5 173.6 2636.4 0.2264026403 -0.0474789068 0.9728759527 -0.8941338658 0.3860474825 0.2269183397 -0.3863501549 -0.9212562442 0.0449496731
-470.4 -74.8 2578.0 -0.5818050504 0.1840615124 0.7922273874 0.1211036965 0.9828027487 -0.1394011676 -0.8042616248 0.0148373581 -0.5940901637
-542.5 -459.7 2572.2 -0.5733010769 -0.1389226764 0.8074815273 0.0509556755 0.9775680304 0.2043629587 -0.8177587986 0.1583072692 -0.5533618927
-348.5 -68.8 2711.2 -0.8518401980 0.0305741839 -0.5229086876 0.0254967976 0.9995319247 0.0169067308 0.5231808424 0.0010693361 -0.8522210121
-360.4 -460.3 2710.7 -0.8462787867 0.1596993059 -0.5082404017 0.0634873137 0.9774454832 0.2014192492 0.5289437771 0.1381900311 -0.8373302817
-151.0 -127.4 2362.9 0 0 0 0 0 0 0 0 0
-7.5 -59.7 2535.6 0 0 0 0 0 0 0 0 0
-497.6 -775.7 2521.0 0 0 0 0 0 0 0 0 0
-420.6 -828.3 2658.7 0 0 0 0 0 0 0 0 0
-372.2 515.0 2583.5 11 0.6703361273 0.0688804835 -0.7388538122 0.0225147512 0.9933362603 0.1130317450 0.7417159677 -0.0924043730 0.6643183827
-386.1 314.7 2602.2 0.6703361273 0.0688804835 -0.7388538122 0.0225147512 0.9933362603 0.1130317450 0.7417159677 -0.0924043730 0.6643183827
-399.9 120.3 2622.4 0.6708110571 0.0707813725 -0.7382428646 0.0292664170 0.9921332598 0.1217171177 0.7410506010 -0.1032549143 0.6634624600
-481.7 310.5 2496.6 -0.3577667773 0.2339404374 -0.9040325284 0.8704675436 0.4340331256 -0.2321669310 0.3380668163 -0.8699926138 -0.3589201868
-372.5 45.0 2393.5 -0.7775264382 0.2339404374 -0.5837160945 0.6207495928 0.4340331256 -0.6529052258 0.1006112024 -0.8699926138 -0.4826906621
-290.5 318.8 2707.8 0.8145844936 0.0438494720 0.5783851147 -0.5360502601 0.4378387332 0.7217668295 -0.2215903103 -0.8979835510 0.3801621497
-60.4 167.4 2645.2 0.2051189393 0.0438494720 0.9777542949 -0.8836444020 0.4378387332 0.1657402217 -0.4208310544 -0.8979835510 0.1285563558
-473.0 -77.2 2577.3 -0.5834178329 0.1747583449 0.7931476235 0.1219053417 0.9843549728 -0.1272177994 -0.8029711843 0.0224678032 -0.5955942273
-541.5 -462.7 2568.5 -0.5742791891 -0.1368453950 0.8071411252 0.0433460884 0.9794644713 0.1969023198 -0.8175112009 0.1480633020 -0.5565543175
-352.0 -71.5 2711.4 -0.8510487676 0.0233981907 -0.5245651007 0.0197285749 0.9997261763 0.0125852879 0.5247159004 0.0003617723 -0.8512773514
-361.2 -463.1 2711.3 -0.8465909958 0.1548767090 -0.5092119575 0.0504849963 0.9757798910 0.2128493488 0.5298442245 0.1544887871 -0.8339054585
-150.4 -132.4 2364.7 0 0 0 0 0 0 0 0 0
-6.5 -64.9 2534.5 0 0 0 0 0 0 0 0 0
-497.7 -776.1 2521.1 0 0 0 0 0 0 0 0 0
-419.5 -830.5 2653.1 0 0 0 0 0 0 0 0 0
-371.7 515.3 2582.4 12 0.6652348042 0.0690798238 -0.7434316874 0.0223711319 0.9934194684 0.1123267934 0.7462990284 -0.0913551003 0.6593117714
-385.5 315.8 2600.7 0.6652348042 0.0690798238 -0.7434316874 0.0223711319 0.9934194684 0.1123267934 0.7462990284 -0.0913551003 0.6593117714
-398.9 121.4 2620.5 0.6657602191 0.0681313276 -0.7430487871 0.0299760103 0.9925765991 0.1178689748 0.7455633879 -0.1007461101 0.6587756872
-480.4 311.6 2494.5 -0.3578189909 0.2758881450 -0.8921049833 0.8715471029 0.4416311979 -0.2129965723 0.3352181613 -0.8537257314 -0.3984735608
-370.2 43.1 2391.2 -0.7768675089 0.2758881450 -0.5660058260 0.6254755259 0.4416311979 -0.6432279944 0.0725068673 -0.8537257314 -0.5156502128
-290.7 320.1 2707.0 0.8151383400 0.0832065120 0.5732592344 -0.5431112051 0.4539302289 0.7063834667 -0.2014439702 -0.8871437311 0.4152063131
-56.9 164.4 2649.2 0.1915216893 0.0832065120 0.9779550433 -0.8809193969 0.4539302289 0.1338969618 -0.4327822626 -0.8871437311 0.1602357179
-474.4 -76.6 2575.6 -0.5798949599 0.1789984256 0.7947838306 0.1135809720 0.9838001132 -0.1386963725 -0.8067348599 0.0098429937 -0.5908315778
-544.5 -461.9 2571.8 -0.5712350607 -0.1445987672 0.8079490662 0.0458546095 0.9772000909 0.2073097229 -0.8195046186 0.1554707736 -0.5515804291
-353.2 -71.3 2709.6 -0.8541221023 0.0272958186 -0.5193557143 0.0353392549 0.9993597269 -0.0055948114 0.5188704729 -0.0231322963 -0.8545398116
-363.9 -462.7 2718.7 -0.8553490043 0.1419610083 -0.4982219636 0.0271418914 0.9726809859 0.2305538207 0.5173406601 0.1836812943 -0.8358348012
-147.3 -136.3 2370.4 0 0 0 0 0 0 0 0 0
-6.5 -67.5 2535.3 0 0 0 0 0 0 0 0 0
-497.9 -777.0 2521.7 0 0 0 0 0 0 0 0 0
-417.3 -828.8 2649.5 0 0 0 0 0 0 0 0 0
-373.6 511.5 2581.8 13 0.6513552666 0.0620094799 -0.7562348247 0.0279427152 0.9940187335 0.1055746302 0.7582582235 -0.0898978487 0.6457266212
-386.0 312.8 2599.8 0.6513552666 0.0620094799 -0.7562348247 0.0279427152 0.9940187335 0.1055746302 0.7582582235 -0.0898978487 0.6457266212
-397.8 118.3 2619.1 0.6518203616 0.0602237619 -0.7559783459 0.0355050005 0.9933254719 0.1097447798 0.7575417757 -0.0983749032 0.6453315616
-478.9 307.8 2491.9 -0.3542163670 0.2530858815 -0.9002656937 0.8728466630 0.4350149035 -0.2211351842 0.3356628120 -0.8641235828 -0.3749945760
-373.5 48.0 2392.0 -0.7759835720 0.2530858815 -0.5777516961 0.6246949434 0.4350149035 -0.6484737992 0.0872110501 -0.8641235828 -0.4956658781
-293.2 317.9 2707.8 0.8231471181 0.1843055487 0.5370849967 -0.5467076302 0.5128085017 0.6619200706 -0.1534262151 -0.8384860754 0.5228780508
-54.9 159.6 2663.4 0.1812141091 0.1843055487 0.9660190940 -0.8562047482 0.5128085017 0.0627761185 -0.4838128090 -0.8384860754 0.2507314384
-472.4 -75.7 2572.8 -0.5668396354 0.1826673448 0.8033215404 0.1057807282 0.9831746221 -0.1489231586 -0.8170087337 0.0005603851 -0.5766250491
-544.0 -460.8 2572.6 -0.5598443747 -0.1435378641 0.8160705566 0.0525878035 0.9767408371 0.2078745365 -0.8269273043 0.1592927575 -0.5392745733
-352.1 -70.3 2707.6 -0.8635190725 0.0254609957 -0.5036730170 0.0340012126 0.9993915558 -0.0077732839 0.5031686425 -0.0238378737 -0.8638594151
-362.0 -461.7 2716.9 -0.8633114696 0.1454357058 -0.4832615852 0.0353957191 0.9726675153 0.2294886708 0.5034286976 0.1810148060 -0.8448628187
-151.5 -130.7 2367.0 0 0 0 0 0 0 0 0 0
-6.5 -69.1 2534.1 0 0 0 0 0 0 0 0 0
-497.5 -776.6 2521.1 0 0 0 0 0 0 0 0 0
-416.8 -827.9 2648.8 0 0 0 0 0 0 0 0 0
-373.8 512.4 2582.6 14 0.6357821822 0.0606397502 -0.7694828510 0.0308254100 0.9941191673 0.1038117856 0.7712527514 -0.0897213072 0.6301740408
-386.0 313.1 2600.5 0.6357821822 0.0606397502 -0.7694828510 0.0308254100 0.9941191673 0.1038117856 0.7712527514 -0.0897213072 0.6301740408
-397.9 118.5 2619.4 0.6360970736 0.0606682003 -0.7692203522 0.0359842479 0.9934871793 0.1081127822 0.7707695365 -0.0964500383 0.6297711730
-476.6 308.0 2490.7 -0.3438979983 0.2269360870 -0.9111718535 0.8781872392 0.4212755561 -0.2265260965 0.3324474990 -0.8780813813 -0.3441681862
-375.2 49.1 2392.7 -0.7815554738 0.2269360870 -0.5810947418 0.6167287230 0.4212755561 -0.6649605632 0.0938974544 -0.8780813813 -0.4692082107
-295.4 318.2 2710.4 0.8161102533 0.2971777618 0.4956303835 -0.5654146075 0.5878996253 0.5785157084 -0.1194589213 -0.7523692250 0.6478195190
