140.9 486.3 2638.4 1 0.5748994946 0.3371590376 -0.7455295920 -0.1685238928 0.9404118657 0.2953391373 0.8006811142 -0.0441507846 0.5974616408
73.3 297.8 2647.2 0.5748994946 0.3371590376 -0.7455295920 -0.1685238928 0.9404118657 0.2953391373 0.8006811142 -0.0441507846 0.5974616408
9.8 109.7 2658.2 0.5814136863 0.3194463551 -0.7482727766 -0.1498087943 0.9460049272 0.2874579132 0.7996971011 -0.0550341159 0.5978760719
-8.4 318.8 2534.8 -0.0556882657 0.1974388808 -0.9787321687 0.9455364943 0.3253012896 0.0118232910 0.3207172155 -0.9247686267 -0.2048011422
7.2 54.0 2445.0 -0.9475528002 0.1974388808 -0.2513196170 0.3051671386 0.3253012896 -0.8950151205 -0.0949562043 -0.9247686267 -0.3684920073
155.1 276.7 2759.7 0.1939011961 0.9809137583 0.0145104164 -0.8757385015 0.1664066911 0.4532007277 0.4421361983 -0.1005834937 0.8912903666
230.8 -65.4 2932.4 -0.0986750126 0.9809137583 0.1675454229 -0.0197185148 0.1664066911 -0.9858600497 -0.9949243069 -0.1005834937 0.0029219801
-100.9 -69.0 2600.4 0.8082666397 0.0038012096 -0.5888044238 -0.0316256844 0.9988160133 -0.0369652063 0.5879667401 0.0484990813 0.8074298501
-102.5 -466.0 2581.1 0.8106684685 0.0846186578 -0.5793585777 -0.0065477034 0.9907498360 0.1355428398 0.5854688287 -0.1060868353 0.8037236929
2.0 -91.8 2750.4 0.7550013065 -0.1671559960 -0.6340598464 0.0694150552 0.9819034934 -0.1762019694 0.6520387530 0.0890194103 0.7529415488
68.4 -482.1 2715.0 0.7550013065 0.2323382199 -0.6131818295 0.0694150552 0.9015492201 0.4270720184 0.6520387530 -0.3650039732 0.6645430923
254.8 -25.7 2469.8 0 0 0 0 0 0 0 0 0
203.1 -71.0 2652.8 0 0 0 0 0 0 0 0 0
-127.2 -755.8 2612.2 0 0 0 0 0 0 0 0 0
-20.1 -825.6 2854.1 0 0 0 0 0 0 0 0 0
141.3 485.3 2638.1 2 0.5341047049 0.3469718993 -0.7709362507 -0.1535254419 0.9365438223 0.3151437640 0.8313615918 -0.0499614328 0.5534814596
71.6 297.2 2648.1 0.5341047049 0.3469718993 -0.7709362507 -0.1535254419 0.9365438223 0.3151437640 0.8313615918 -0.0499614328 0.5534814596
6.1 110.0 2660.3 0.5408394337 0.3294975162 -0.7739018798 -0.1348217726 0.9421415925 0.3069076240 0.8302504420 -0.0616489314 0.5539707541
-4.3 316.1 2531.5 -0.0243998580 0.1417923570 -0.9895956516 0.9365730286 0.3494327664 0.0269753076 0.3496220410 -0.9261704087 -0.1413250118
2.4 56.4 2434.6 -0.9484589100 0.1417923570 -0.2834089398 0.3158279061 0.3494327664 -0.8821278214 -0.0260466132 -0.9261704087 -0.3762046099
147.6 278.3 2764.7 0.1648500860 0.9860166311 -0.0244064797 -0.8665565252 0.1566073447 0.4738711715 0.4710670710 -0.0569681041 0.8802558780
212.0 -60.0 2948.7 -0.0508001149 0.9860166311 0.1587153822 -0.0431126468 0.1566073447 -0.9867195487 -0.9977778792 -0.0569681041 0.0345541164
-107.1 -64.5 2595.9 0.7785800695 -0.0157503299 -0.6273475885 -0.0093594110 0.9992823601 -0.0367038585 0.6274754405 0.0344484970 0.7778739333
-100.8 -461.7 2582.2 0.7785335779 0.0926607475 -0.6207249165 -0.0098575763 0.9907242060 0.1355299205 0.6275255084 -0.0993957445 0.7722254992
-0.5 -92.0 2742.5 0.7461950183 -0.1833877265 -0.6399703026 0.0809618309 0.9791726470 -0.1861882359 0.6607860327 0.0871195644 0.7455011606
72.4 -481.2 2707.9 0.7461950183 0.2500266731 -0.6169924736 0.0809618309 0.8858331442 0.4568860233 0.6607860327 -0.3908788860 0.6407616138
250.7 -26.2 2441.4 0 0 0 0 0 0 0 0 0
197.7 -72.1 2668.6 0 0 0 0 0 0 0 0 0
-127.9 -751.5 2611.3 0 0 0 0 0 0 0 0 0
-23.0 -819.1 2857.0 0 0 0 0 0 0 0 0 0
144.2 480.9 2637.9 3 0.5384730101 0.3451104760 -0.7687298656 -0.1500837952 0.9369771481 0.3155133724 0.8291692734 -0.0545215458 0.5563324094
74.9 292.9 2648.9 0.5384730101 0.3451104760 -0.7687298656 -0.1500837952 0.9369771481 0.3155133724 0.8291692734 -0.0545215458 0.5563324094
9.4 105.7 2662.2 0.5450429320 0.3298071325 -0.7708148360 -0.1317965239 0.9416525364 0.3097098470 0.8279842138 -0.0672144368 0.5567084551
-1.7 311.4 2532.5 -0.0226585064 0.0856371596 -0.9960687160 0.9196326733 0.3925698698 0.0128315082 0.3921253979 -0.9157266021 -0.0876497775
4.6 56.9 2423.9 -0.9407327771 0.0856371596 -0.3281587362 0.3345835209 0.3925698698 -0.8567045927 0.0554594845 -0.9157266021 -0.3979561031
151.6 274.3 2765.3 0.1671078503 0.9857398272 -0.0197990034 -0.8645476699 0.1561570019 0.4776738584 0.4739538729 -0.0627058670 0.8783141375
216.9 -63.4 2950.4 -0.0559832901 0.9857398272 0.1586912274 -0.0470866263 0.1561570019 -0.9866092801 -0.9973207712 -0.0627058670 0.0376729779
-109.0 -65.0 2596.5 0.7817686796 -0.0228262022 -0.6231505871 -0.0049246685 0.9990726113 -0.0427745469 0.6235491037 0.0365086123 0.7809312940
-99.9 -462.1 2582.0 0.7807757854 0.0985934809 -0.6169833541 -0.0153302969 0.9901971817 0.1388326883 0.6246231794 -0.0989386663 0.7746334672
-9.9 -89.6 2748.6 0.7410259247 -0.2176612169 -0.6352197528 0.0892238170 0.9695338011 -0.2281300873 0.6655220985 0.1123735830 0.7378702760
76.5 -474.7 2704.0 0.7410259247 0.2586285174 -0.6196707487 0.0892238170 0.8767395020 0.4726171494 0.6655220985 -0.4055109620 0.6266108751
251.3 -30.9 2409.4 0 0 0 0 0 0 0 0 0
201.1 -76.6 2670.2 0 0 0 0 0 0 0 0 0
-128.8 -752.5 2611.0 0 0 0 0 0 0 0 0 0
-22.2 -809.4 2858.8 0 0 0 0 0 0 0 0 0
144.8 476.2 2638.4 4 0.5317112803 0.3434598446 -0.7741565704 -0.1472163200 0.9376447797 0.3148804009 0.8340326548 -0.0534569845 0.5491191745
76.1 288.7 2649.1 0.5317112803 0.3434598446 -0.7741565704 -0.1472163200 0.9376447797 0.3148804009 0.8340326548 -0.0534569845 0.5491191745
10.4 101.5 2662.3 0.5380564928 0.3299770951 -0.7756354213 -0.1295095980 0.9416259527 0.3107536435 0.8329000473 -0.0667507797 0.5493831635
0.4 306.9 2531.9 -0.0437014401 0.0108369505 -0.9989858866 0.9035728574 0.4270110726 -0.0348953269 0.4261998534 -0.9041814804 -0.0284529738
12.5 56.5 2413.8 -0.9376490116 0.0108369505 -0.3474145234 0.3185021281 0.4270110726 -0.8462966084 0.1391785741 -0.9041814804 -0.4038380980
151.8 270.5 2766.2 0.1636127084 0.9861391783 -0.0275764056 -0.8632114530 0.1566381752 0.4799275398 0.4775948524 -0.0547179803 0.8768746257
215.7 -66.8 2952.8 -0.0474869795 0.9861391783 0.1589797586 -0.0495422669 0.1566381752 -0.9864127040 -0.9976425171 -0.0547179803 0.0414172970
-106.2 -69.4 2599.7 0.7766531706 -0.0142410714 -0.6297674775 -0.0135210548 0.9991372228 -0.0392683893 0.6297833323 0.0390130393 0.7757905126
-100.5 -466.6 2584.2 0.7766257524 0.0961332545 -0.6225840449 -0.0138040800 0.9906474352 0.1357464343 0.6298109889 -0.0968299657 0.7706893086
-6.3 -93.6 2751.5 0.6499329805 -0.2704603970 -0.7102382183 0.0835025758 0.9542892575 -0.2869831026 0.7553902864 0.1272130609 0.6428081989
100.6 -470.8 2701.2 0.6499329805 0.3552873135 -0.6718319058 0.0835025758 0.8452637196 0.5277846456 0.7553902864 -0.3991243243 0.5196973085
257.9 -26.9 2377.3 0 0 0 0 0 0 0 0 0
202.3 -80.8 2672.4 0 0 0 0 0 0 0 0 0
-128.3 -752.9 2612.1 0 0 0 0 0 0 0 0 0
-34.4 -792.0 2852.9 0 0 0 0 0 0 0 0 0
152.5 476.0 2629.1 5 0.5442245007 0.3693744540 -0.7532477975 -0.1401821524 0.9252722263 0.3524489105 0.8271449208 -0.0862194374 0.5553355217
78.8 291.6 2646.3 0.5442245007 0.3693744540 -0.7532477975 -0.1401821524 0.9252722263 0.3524489105 0.8271449208 -0.0862194374 0.5553355217
8.3 106.9 2665.4 0.5502620339 0.3553217351 -0.7556177378 -0.1247275472 0.9297646284 0.3463824987 0.8256238103 -0.0963547900 0.5559325814
1.4 309.2 2530.1 -0.0892927870 -0.0578726158 -0.9943226576 0.8974856734 0.4282345176 -0.1055211276 0.4319100678 -0.9018126130 0.0137015898
26.4 58.4 2409.4 -0.9175564647 -0.0578726158 -0.3933712244 0.3331229687 0.4282345176 -0.8400263786 0.2170696557 -0.9018126130 -0.3736506402
156.3 274.0 2762.4 0.1486482471 0.9888848066 0.0032409178 -0.8554808497 0.1269497424 0.5020321608 0.4960405529 -0.0773987398 0.8648428917
214.3 -60.2 2956.2 -0.0686239377 0.9888848066 0.1318998039 -0.0721009076 0.1269497424 -0.9892852306 -0.9950338006 -0.0773987398 0.0625877008
-104.5 -73.8 2599.2 0.7880154252 0.0027581756 -0.6156492829 -0.0265674032 0.9992107749 -0.0295290295 0.6150819659 0.0396255329 0.7874668241
-105.6 -471.1 2583.4 0.7900412083 0.0764418319 -0.6082693338 -0.0031234038 0.9926847219 0.1206949279 0.6130458117 -0.0934540927 0.7845005989
-5.8 -97.6 2752.0 0.7025080919 -0.2317847759 -0.6728730798 0.0837951824 0.9658399224 -0.2452174127 0.7067253590 0.1158836931 0.6979328394
86.0 -480.1 2706.1 0.7025080919 0.2994929850 -0.6455898881 0.0837951824 0.8660213947 0.4929354191 0.7067253590 -0.4003884494 0.5832909942
266.4 -28.8 2352.6 0 0 0 0 0 0 0 0 0
195.0 -80.5 2676.5 0 0 0 0 0 0 0 0 0
-127.4 -753.9 2610.1 0 0 0 0 0 0 0 0 0
-28.0 -809.7 2858.4 0 0 0 0 0 0 0 0 0
156.6 479.8 2633.4 6 0.5289309621 0.3718889952 -0.7628437281 -0.1490153521 0.9256078005 0.3479146659 0.8354797959 -0.0703474134 0.5449997783
82.3 294.8 2647.5 0.5289309621 0.3718889952 -0.7628437281 -0.1490153521 0.9256078005 0.3479146659 0.8354797959 -0.0703474134 0.5449997783
11.0 110.2 2664.6 0.5364115834 0.3590985239 -0.7637479305 -0.1300327778 0.9293212891 0.3456203341 0.8338789344 -0.0860824957 0.5451933146
6.8 313.2 2530.2 -0.1347059011 -0.0968266428 -0.9861434698 0.8891622424 0.4274140894 -0.1634249687 0.4373154938 -0.8988558054 0.0285193920
44.6 63.7 2407.5 -0.8988360167 -0.0968266428 -0.4274557233 0.3503069282 0.4274140894 -0.8334280252 0.2633986175 -0.8988558054 -0.3502561450
157.8 276.5 2764.8 0.1383645833 0.9903332591 -0.0097620618 -0.8582972288 0.1248235404 0.4977398217 0.4941468239 -0.0604908131 0.8672714233
211.9 -58.9 2957.9 -0.0523688123 0.9903332591 0.1284428388 -0.0673564002 0.1248235404 -0.9898899794 -0.9963536859 -0.0604908131 0.0601684228
-112.8 -66.3 2608.9 0.7778079510 -0.0059556030 -0.6284738183 -0.0337612368 0.9981154799 -0.0512418151 0.6275945902 0.0610743426 0.7761410475
-110.4 -463.0 2584.6 0.7808048129 0.0615929663 -0.6217315793 0.0050349352 0.9944760799 0.1048427224 0.6247547269 -0.0849920809 0.7761815786
-11.8 -89.2 2760.3 0.7410239577 -0.2432178408 -0.6258822680 0.0786279589 0.9571129680 -0.2788411677 0.6668592095 0.1574161351 0.7283673286
84.6 -468.7 2697.9 0.7410239577 0.2815208733 -0.6096142530 0.0786279589 0.8652433753 0.4951480031 0.6668592095 -0.4148492515 0.6190306544
280.1 -28.1 2338.4 0 0 0 0 0 0 0 0 0
197.1 -77.8 2677.8 0 0 0 0 0 0 0 0 0
-128.4 -754.5 2609.5 0 0 0 0 0 0 0 0 0
-22.7 -798.7 2856.1 0 0 0 0 0 0 0 0 0
151.9 473.0 2626.6 7 0.5423235297 0.3643238246 -0.7570689321 -0.1255981028 0.9261205196 0.3557047248 0.8307287693 -0.0978206098 0.5480153561
79.1 288.0 2646.1 0.5423235297 0.3643238246 -0.7570689321 -0.1255981028 0.9261205196 0.3557047248 0.8307287693 -0.0978206098 0.5480153561
9.3 103.3 2667.9 0.5484462380 0.3517649770 -0.7585961819 -0.1097309589 0.9296414852 0.3517467976 0.8289546967 -0.1096727178 0.5484578609
2.0 303.4 2529.5 -0.2162177414 -0.1404661387 -0.9661879539 0.8706726432 0.4200466871 -0.2559100389 0.4417907298 -0.8965656757 0.0314784758
60.3 68.4 2410.3 -0.8709284663 -0.1404661387 -0.4709064066 0.3782753646 0.4200466871 -0.8249051571 0.3136739135 -0.8965656757 -0.3126957417
156.3 272.5 2762.8 0.1507114023 0.9885766506 -0.0015038630 -0.8472619057 0.1299510449 0.5150339603 0.5093459487 -0.0763473213 0.8571684361
215.2 -58.5 2961.8 -0.0652049407 0.9885766506 0.1358841509 -0.0879432857 0.1299510449 -0.9876126051 -0.9939891100 -0.0763473213 0.0784652308
-109.6 -62.6 2605.2 0.7864846587 0.0028750650 -0.6176031828 -0.0351851769 0.9985736609 -0.0401578844 0.6166067719 0.0533140339 0.7854639888
-110.7 -459.5 2584.0 0.7894481421 0.0548269227 -0.6113637090 0.0062146857 0.9952378869 0.0972776115 0.6137857437 -0.0805950612 0.7853479981
-11.1 -86.5 2758.2 0.7320268750 -0.2292411625 -0.6415490508 0.0765757337 0.9634065628 -0.2568734884 0.6769585013 0.1389111876 0.7227937579
79.9 -468.9 2703.1 0.7320268750 0.2675238848 -0.6265521646 0.0765757337 0.8815370202 0.4658633471 0.6769585013 -0.3890031874 0.6248229146
288.6 -30.7 2328.1 0 0 0 0 0 0 0 0 0
196.9 -83.2 2682.3 0 0 0 0 0 0 0 0 0
-127.0 -756.3 2608.1 0 0 0 0 0 0 0 0 0
-22.2 -805.3 2851.5 0 0 0 0 0 0 0 0 0
147.2 471.3 2623.2 8 0.5000172257 0.3679301441 -0.7839707732 -0.0970152467 0.9233615398 0.3714720905 0.8605642319 -0.1096853092 0.4973914921
74.2 288.2 2644.9 0.5000172257 0.3679301441 -0.7839707732 -0.0970152467 0.9233615398 0.3714720905 0.8605642319 -0.1096853092 0.4973914921
2.0 104.7 2669.0 0.5046231747 0.3632850647 -0.7831854224 -0.0853804797 0.9237104058 0.3734558821 0.8591074944 -0.1215857416 0.4971430898
3.3 300.2 2524.3 -0.2975584567 -0.1642743349 -0.9404641986 0.8557703495 0.3907945156 -0.3390232325 0.4232210815 -0.9057006240 0.0242968854
83.8 68.6 2409.7 -0.8574399352 -0.1642743349 -0.4876583815 0.3973498940 0.3907945156 -0.8302967548 0.3269706666 -0.9057006240 -0.2698084414
145.1 276.3 2765.6 0.1179284379 0.9921728969 -0.0410586968 -0.8312824965 0.1212537661 0.5424638391 0.5431964397 -0.0298405346 0.8390752077
191.2 -48.2 2977.6 -0.0151357148 0.9921728969 0.1239509732 -0.1204305589 0.1212537661 -0.9852887988 -0.9926063418 -0.0298405346 0.1176526695
-110.9 -71.4 2613.7 0.7535738349 0.0022933681 -0.6573592424 -0.0468834192 0.9976348877 -0.0502650179 0.6556892395 0.0686976537 0.7518990636
-111.8 -468.0 2586.4 0.7578858733 0.0537043549 -0.6501729488 0.0100694792 0.9955242872 0.0939680785 0.6523094773 -0.0777639821 0.7539529800
-10.3 -91.6 2765.8 0.7559688687 -0.2209921479 -0.6161765456 0.0692423955 0.9630061984 -0.2604313791 0.6509351730 0.1542124748 0.7433047295
77.5 -474.1 2704.5 0.7559688687 0.2668495774 -0.5977477431 0.0692423955 0.8754190803 0.4783795178 0.6509351730 -0.4030295014 0.6433122158
308.9 -35.7 2323.9 0 0 0 0 0 0 0 0 0
186.9 -82.0 2699.0 0 0 0 0 0 0 0 0 0
-127.4 -756.3 2608.9 0 0 0 0 0 0 0 0 0
-24.4 -808.4 2858.4 0 0 0 0 0 0 0 0 0
143.9 465.8 2630.5 9 0.4396290779 0.3671374917 -0.8197172284 -0.0735974759 0.9242989421 0.3745062053 0.8951590061 -0.1043147072 0.4333691001
71.1 282.5 2651.2 0.4396290779 0.3671374917 -0.8197172284 -0.0735974759 0.9242989421 0.3745062053 0.8951590061 -0.1043147072 0.4333691001
-0.9 98.8 2675.1 0.4456376433 0.3621649444 -0.8186841011 -0.0583671518 0.9243214130 0.3771249652 0.8933086395 -0.1202768162 0.4330509305
8.6 290.6 2525.9 -0.3515081108 -0.1300387979 -0.9271094799 0.8303292394 0.4141238332 -0.3729005456 0.4324296713 -0.9008836746 -0.0375928693
103.5 66.5 2409.2 -0.8355900645 -0.1300387979 -0.5337407589 0.4433368444 0.4141238332 -0.7949552536 0.3244097829 -0.9008836746 -0.2883867621
133.6 274.3 2776.4 0.0876271427 0.9908109307 -0.1030297726 -0.8164871931 0.1306890249 0.5623779893 0.5706751347 0.0348429121 0.8204363585
167.8 -44.3 2999.1 0.0538861044 0.9908109307 0.1240561828 -0.1451395005 0.1306890249 -0.9807420373 -0.9879426956 0.0348429121 0.1508481354
-116.5 -71.1 2614.5 0.7077012062 -0.0079444405 -0.7064671516 -0.0414970033 0.9977430701 -0.0527894162 0.7052921057 0.0666754022 0.7057743073
-113.4 -467.8 2587.9 0.7124518156 0.0507489666 -0.6998835206 0.0226762425 0.9951955080 0.0952456668 0.7013545036 -0.0837286785 0.7078780532
-24.0 -86.7 2771.8 0.7649927735 -0.2501219511 -0.5934855342 0.0806946307 0.9514684677 -0.2969783247 0.6389635801 0.1792951822 0.7480499744
75.3 -464.5 2700.6 0.7649927735 0.2452535331 -0.5955138803 0.0806946307 0.8808684945 0.4664323330 0.6389635801 -0.4048721194 0.6540673375
322.9 -49.9 2324.0 0 0 0 0 0 0 0 0 0
182.9 -85.0 2722.3 0 0 0 0 0 0 0 0 0
-128.3 -760.2 2612.5 0 0 0 0 0 0 0 0 0
-18.4 -801.0 2855.3 0 0 0 0 0 0 0 0 0
143.9 464.2 2634.6 0 0.3986291885 0.3654322624 -0.8411623240 -0.0455348492 0.9239409566 0.3798153102 0.9159810543 -0.1131032705 0.3849497437
71.3 280.7 2657.1 0.3986291885 0.3654322624 -0.8411623240 -0.0455348492 0.9239409566 0.3798153102 0.9159810543 -0.1131032705 0.3849497437
0.1 96.9 2683.3 0.4058719575 0.3577805758 -0.8409880996 -0.0270234384 0.9244845510 0.3802604973 0.9135303497 -0.1316106766 0.3848908246
14.4 284.5 2528.9 -0.3829806447 -0.0167947095 -0.9236036539 0.8095366955 0.4754877687 -0.3443279564 0.4449451566 -0.8795620203 -0.1685066819
116.7 68.2 2410.1 -0.8530932069 -0.0167947095 -0.5214881301 0.4519961178 0.4754877687 -0.7547256947 0.2606366277 -0.8795620203 -0.3980442584
128.3 276.9 2785.2 0.0702285469 0.9868674278 -0.1454669386 -0.7981544733 0.1430621892 0.5852201581 0.5983455181 0.0750059411 0.7977197170
155.7 -34.6 3018.8 0.0995912403 0.9868674278 0.1271780878 -0.1732868999 0.1430621892 -0.9744253755 -0.9798230529 0.0750059411 0.1852589399
-113.7 -79.6 2617.3 0.6762348413 0.0010130865 -0.7366854548 -0.0475399010 0.9979746938 -0.0422664843 0.7351506352 0.0636040196 0.6749134064
-114.1 -476.4 2592.0 0.6809203029 0.0557658151 -0.7302312851 0.0134007568 0.9959810376 0.0885562450 0.7322348952 -0.0700853989 0.6774364114
-32.2 -90.3 2780.6 0.7861917615 -0.2643250227 -0.5586007833 0.0876369774 0.9424621463 -0.3226219416 0.6117371321 0.2046886235 0.7641205788
72.8 -464.6 2699.3 0.7861917615 0.2309812009 -0.5731930137 0.0876369774 0.8764774203 0.4733994901 0.6117371321 -0.4224156737 0.6688368320
339.3 -49.8 2342.1 0 0 0 0 0 0 0 0 0
183.6 -83.2 2744.1 0 0 0 0 0 0 0 0 0
-130.0 -760.5 2612.0 0 0 0 0 0 0 0 0 0
-15.4 -799.5 2860.7 0 0 0 0 0 0 0 0 0
142.9 466.0 2626.2 1 0.3830436766 0.3654789925 -0.8483529091 0.0016349715 0.9181293249 0.3962775767 0.9237287641 -0.1531786621 0.3510860801
70.3 283.5 2656.6 0.3830436766 0.3654789925 -0.8483529091 0.0016349715 0.9181293249 0.3962775767 0.9237287641 -0.1531786621 0.3510860801
-1.1 101.3 2690.5 0.3898265660 0.3585187793 -0.8482331634 0.0188352056 0.9178064466 0.3965811431 0.9206956625 -0.1705745161 0.3510325551
15.6 280.9 2527.4 -0.4357294440 0.0071548335 -0.9000492692 0.7960340381 0.4697670043 -0.3816395104 0.4200828969 -0.8827614188 -0.2103867978
128.0 75.4 2419.0 -0.8520790935 0.0071548335 -0.5233641267 0.4648934007 0.4697670043 -0.7504618764 0.2404897809 -0.8827614188 -0.4036048949
125.1 286.2 2785.8 0.0613508709 0.9851025939 -0.1606517434 -0.7673522234 0.1494804770 0.6235592961 0.6382841468 0.0850205570 0.7650914192
149.0 -13.1 3034.8 0.1170908138 0.9851025939 0.1259470135 -0.2209440768 0.1494804770 -0.9637631178 -0.9682321548 0.0850205570 0.2351553738
-108.2 -84.3 2625.9 0.6625020504 0.0255470797 -0.7486243248 -0.0775191858 0.9963903427 -0.0345991403 0.7450380921 0.0809547454 0.6620910168
-118.3 -480.3 2593.7 0.6701558232 0.0431814417 -0.7409632802 0.0220487043 0.9967073798 0.0780272558 0.7418928742 -0.0686277002 0.6669971347
-33.9 -89.2 2793.0 0.8122268319 -0.2574505210 -0.5234565735 0.0790041536 0.9376218915 -0.3385609388 0.5779670477 0.2336330414 0.7819013596
68.3 -461.7 2700.2 0.8122268319 0.2089847326 -0.5446218252 0.0790041536 0.8856129646 0.4576549530 0.5779670477 -0.4147470295 0.7028079629
350.0 -45.7 2356.4 0 0 0 0 0 0 0 0 0
181.8 -75.0 2763.3 0 0 0 0 0 0 0 0 0
-130.4 -759.7 2612.9 0 0 0 0 0 0 0 0 0
-11.5 -800.1 2858.6 0 0 0 0 0 0 0 0 0
141.9 464.5 2631.5 2 0.3599211276 0.3628480732 -0.8595336080 0.0074299281 0.9201310277 0.3915401697 0.9329531789 -0.1473098546 0.3284786344
70.0 281.9 2660.7 0.3599211276 0.3628480732 -0.8595336080 0.0074299281 0.9201310277 0.3915401697 0.9329531789 -0.1473098546 0.3284786344
-0.9 99.3 2693.8 0.3672811091 0.3561381400 -0.8592265248 0.0262610670 0.9194512963 0.3923259377 0.9297391772 -0.1666581184 0.3283445239
18.4 278.2 2530.1 -0.4758993983 0.0237810649 -0.8791781664 0.7824891806 0.4678310752 -0.4109071791 0.4015350640 -0.8834978938 -0.2412489504
140.9 76.7 2426.7 -0.8479935527 0.0317397043 -0.5290552974 0.4814953208 0.4633333087 -0.7439653873 0.2215157151 -0.8856155276 -0.4081861675
121.6 285.7 2791.3 0.0515988804 0.9816449881 -0.1836046576 -0.7635421157 0.1572785825 0.6263121367 0.6436932087 0.1078728884 0.7576426864
141.7 -12.5 3042.7 0.1419748217 0.9816449881 0.1273430884 -0.2249704152 0.1572785825 -0.9615881443 -0.9639665484 0.1078728884 0.2431706786
-108.1 -82.7 2640.2 0.6441761255 0.0268301740 -0.7644065022 -0.0973638818 0.9941310287 -0.0471565574 0.7586550117 0.1048027128 0.6430077553
-118.8 -477.8 2598.5 0.6523748040 0.0426773578 -0.7566939592 0.0084608402 0.9979410172 0.0635780469 0.7578492761 -0.0478789806 0.6506704688
-36.7 -79.2 2808.6 0.8341572881 -0.2658260763 -0.4832371473 0.0669235662 0.9184921980 -0.3897349238 0.5474512577 0.2927602530 0.7839570045
68.7 -443.5 2692.5 0.8341572881 0.1974547505 -0.5149691701 0.0669235662 0.8905785680 0.4498788714 0.5474512577 -0.4097333252 0.7296682596
361.1 -48.3 2369.2 0 0 0 0 0 0 0 0 0
181.6 -75.6 2772.0 0 0 0 0 0 0 0 0 0
-130.8 -759.3 2612.0 0 0 0 0 0 0 0 0 0
-6.8 -783.9 2849.1 0 0 0 0 0 0 0 0 0
143.1 464.7 2633.6 3 0.3404616416 0.3642864823 -0.8668224812 0.0147025725 0.9197228551 0.3922928572 0.9401434660 -0.1463051885 0.3077743948
70.9 282.5 2662.6 0.3404616416 0.3642864823 -0.8668224812 0.0147025725 0.9197228551 0.3922928572 0.9401434660 -0.1463051885 0.3077743948
0.4 99.6 2695.4 0.3478456736 0.3547110260 -0.8678614497 0.0336000063 0.9203566909 0.3896339536 0.9369495511 -0.1646926254 0.3082237840
22.0 277.8 2530.9 -0.4939962327 0.0521597341 -0.8678980470 0.7904520035 0.4427140057 -0.4233083129 0.3621509671 -0.8951445222 -0.2599288225
147.1 77.6 2439.2 -0.8593140841 0.0504090935 -0.5089579225 0.4758256674 0.4436843395 -0.7594301105 0.1875344813 -0.8947643042 -0.4052501619
119.8 287.2 2794.3 0.0424616560 0.9783533216 -0.2025384009 -0.7594450116 0.1633284837 0.6297357082 0.6491843462 0.1270771623 0.7499407530
136.4 -9.4 3047.9 0.1629879177 0.9783533216 0.1275136620 -0.2297792286 0.1633284837 -0.9594401121 -0.9594979882 0.1270771623 0.2514258325
-105.4 -85.8 2641.8 0.6284279227 0.0382533409 -0.7769266963 -0.1043424159 0.9939090014 -0.0354619622 0.7708379030 0.1033516899 0.6285915971
-120.6 -480.9 2600.7 0.6365073323 0.0379896425 -0.7703344822 0.0058800131 0.9985181689 0.0541012026 0.7712482214 -0.0389653891 0.6353407502
-38.1 -81.0 2812.1 0.8243519068 -0.2579816580 -0.5038743615 0.0620135292 0.9259142280 -0.3726085722 0.5626706481 0.2759135664 0.7792775035
64.4 -448.6 2702.6 0.8243519068 0.1872126460 -0.5342240930 0.0620135292 0.9081829190 0.4139541984 0.5626706481 -0.3743730783 0.7370526195
369.4 -45.5 2390.7 0 0 0 0 0 0 0 0 0
182.2 -74.0 2778.4 0 0 0 0 0 0 0 0 0
-131.1 -758.5 2611.5 0 0 0 0 0 0 0 0 0
-7.1 -795.5 2845.5 0 0 0 0 0 0 0 0 0
143.0 464.7 2625.7 4 0.3808536530 0.3571220934 -0.8528859019 0.0240473356 0.9182648063 0.3952359557 0.9243226051 -0.1710366905 0.3411366642
72.2 282.7 2659.6 0.3808536530 0.3571220934 -0.8528859019 0.0240473356 0.9182648063 0.3952359557 0.9243226051 -0.1710366905 0.3411366642
3.1 100.0 2696.4 0.3866993785 0.3482999504 -0.8539032340 0.0392714702 0.9188762903 0.3925864100 0.9213692546 -0.1853469610 0.3416506350
17.9 277.2 2530.1 -0.5266297460 0.0456667952 -0.8488672972 0.7921841741 0.3886125088 -0.4705576897 0.3083916008 -0.9202688932 -0.2408314049
150.1 78.3 2452.7 -0.8767648935 0.0479662865 -0.4785212278 0.4579004347 0.3874129951 -0.8001489639 0.1470051706 -0.9206575751 -0.3616338968
126.6 288.2 2789.1 0.0691514835 0.9829277396 -0.1705027372 -0.7554680705 0.1632173061 0.6345298290 0.6515259743 0.0849306956 0.7538571954
153.6 -6.9 3043.6 0.1225358099 0.9829277396 0.1372518986 -0.2363629192 0.1632173061 -0.9578583837 -0.9639074206 0.0849306956 0.2523276210
-102.0 -86.4 2642.2 0.6597062945 0.0515040308 -0.7497565746 -0.1058581322 0.9940705299 -0.0248569176 0.7440306544 0.0957660899 0.6612467170
-122.5 -481.6 2604.2 0.6668944359 0.0289630573 -0.7445890903 0.0036292465 0.9991062284 0.0421138257 0.7451433539 -0.0307877734 0.6661933064
-38.3 -80.3 2814.0 0.8279325366 -0.2598219216 -0.4970113933 0.0615402684 0.9229481220 -0.3799731433 0.5574410558 0.2840059102 0.7801282406
65.0 -447.0 2701.1 0.8279325366 0.1888628304 -0.5280706286 0.0615402684 0.9053111076 0.4202672839 0.5574410558 -0.3804505467 0.7379138470
376.7 -40.0 2414.7 0 0 0 0 0 0 0 0 0
188.0 -73.3 2772.9 0 0 0 0 0 0 0 0 0
-130.5 -759.1 2612.7 0 0 0 0 0 0 0 0 0
-7.2 -792.9 2846.5 0 0 0 0 0 0 0 0 0
144.7 463.0 2623.2 5 0.4258913398 0.3584662676 -0.8307337165 0.0112030711 0.9160070419 0.4010056555 0.9047049284 -0.1800916046 0.3861035705
73.8 282.0 2658.8 0.4258913398 0.3584662676 -0.8307337165 0.0112030711 0.9160070419 0.4010056555 0.9047049284 -0.1800916046 0.3861035705
4.5 99.5 2696.7 0.4306540787 0.3487618566 -0.8324074745 0.0235516727 0.9176608324 0.3966659606 0.9022096992 -0.1904304177 0.3869804740
13.3 278.7 2532.1 -0.5160418153 0.0980904028 -0.8509283662 0.8052997589 0.3940722048 -0.4429440200 0.2918786705 -0.9138300419 -0.2823499143
144.1 74.5 2458.1 -0.9101613760 0.0980904028 -0.4024729729 0.4068889022 0.3940722048 -0.8241046667 0.0777666494 -0.9138300419 -0.3985812068
134.3 285.3 2785.6 0.0919153318 0.9875869751 -0.1273718029 -0.7645915747 0.1519429684 0.6263489723 0.6379273534 0.0398163386 0.7690665722
170.2 -13.4 3034.7 0.0737937987 0.9875869751 0.1386595815 -0.2250465751 0.1519429684 -0.9624278545 -0.9715495706 0.0398163386 0.2334655076
-101.5 -86.2 2648.8 0.6934643388 0.0508332066 -0.7186955214 -0.1197025999 0.9917733669 -0.0453522503 0.7104776502 0.1174798831 0.6938443184
-121.7 -480.4 2602.1 0.7032934427 0.0338723995 -0.7100922465 0.0058055045 0.9985572696 0.0533825047 0.7108759880 -0.0416660085 0.7020820975
-30.6 -79.0 2817.7 0.8466236591 -0.2380426675 -0.4759874642 0.0475884564 0.9246693254 -0.3777856529 0.5300601125 0.2971907556 0.7941750288
63.9 -446.4 2699.6 0.8466236591 0.1849237680 -0.4990306497 0.0475884564 0.9076271057 0.4170712233 0.5300601125 -0.3768504858 0.7596183419
378.0 -30.0 2438.1 0 0 0 0 0 0 0 0 0
190.9 -76.6 2762.0 0 0 0 0 0 0 0 0 0
-131.3 -762.9 2613.9 0 0 0 0 0 0 0 0 0
-6.7 -793.3 2843.6 0 0 0 0 0 0 0 0 0
147.3 462.8 2621.5 6 0.4571726322 0.3578153849 -0.8142243624 -0.0049332823 0.9165048599 0.3999931514 0.8893643022 -0.1788491160 0.4207661450
76.4 281.3 2656.9 0.4571726322 0.3578153849 -0.8142243624 -0.0049332823 0.9165048599 0.3999931514 0.8893643022 -0.1788491160 0.4207661450
7.6 98.6 2694.9 0.4628189206 0.3461118937 -0.8160914183 0.0097860675 0.9185748696 0.3951258957 0.8863988519 -0.1908580661 0.4217467308
11.3 279.9 2532.4 -0.4692454338 0.0811649710 -0.8793298602 0.8438610435 0.3346290886 -0.4194305241 0.2602062821 -0.9388480186 -0.2255151123
129.9 66.6 2466.7 -0.9232015014 0.0811649710 -0.3756477535 0.3802554905 0.3346290886 -0.8622233868 0.0557203293 -0.9388480186 -0.3397935033
141.4 282.6 2781.5 0.1110326424 0.9891034961 -0.0966748968 -0.7732759118 0.1470881253 0.6167734265 0.6242724657 0.0062743830 0.7811814547
184.8 -19.4 3025.3 0.0377978645 0.9891034961 0.1422870457 -0.2125225067 0.1470881253 -0.9660223722 -0.9764248729 0.0062743830 0.2157663703
-104.2 -85.0 2651.9 0.7181960344 0.0528967790 -0.6938273311 -0.1268362850 0.9903536439 -0.0557873771 0.6841834784 0.1280687600 0.7179772854
-125.2 -478.7 2601.0 0.7289177179 0.0235873554 -0.6841948628 0.0150090009 0.9986154437 0.0504169613 0.6844367981 -0.0470188968 0.7275545001
-25.3 -80.7 2817.2 0.8530026078 -0.2132723778 -0.4763417542 0.0416676737 0.9376109242 -0.3451804817 0.5202407241 0.2745918036 0.8086711168
59.4 -453.2 2708.1 0.8530026078 0.1588154137 -0.4971561730 0.0416676737 0.9288128018 0.3681990504 0.5202407241 -0.3347900808 0.7856622934
367.1 -31.1 2452.3 0 0 0 0 0 0 0 0 0
195.4 -79.1 2751.2 0 0 0 0 0 0 0 0 0
-131.9 -762.8 2614.4 0 0 0 0 0 0 0 0 0
5.8 -766.9 2821.2 0 0 0 0 0 0 0 0 0
148.9 464.8 2621.1 7 0.4758416414 0.3610940874 -0.8019886613 -0.0207123291 0.9161844254 0.4002213478 0.8792870641 -0.1738309264 0.4434377849
77.2 282.7 2655.7 0.4758416414 0.3610940874 -0.8019886613 -0.0207123291 0.9161844254 0.4002213478 0.8792870641 -0.1738309264 0.4434377849
7.8 100.1 2692.7 0.4816929996 0.3492003977 -0.8037604690 -0.0055992468 0.9183864594 0.3956449628 0.8763221502 -0.1860789657 0.4443356097
9.5 283.5 2532.5 -0.4283029437 0.1807646155 -0.8853703737 0.8715992570 0.3412151039 -0.3519757688 0.2384770066 -0.9224404693 -0.3036977649
119.3 60.1 2471.4 -0.9252803922 0.1807646155 -0.3334371448 0.3769644797 0.3412151039 -0.8610865474 -0.0418801829 -0.9224404693 -0.3838615119
144.9 281.9 2778.9 0.1182944924 0.9901244640 -0.0752327815 -0.7822242379 0.1395894736 0.6071572900 0.6116629839 -0.0129744587 0.7910120487
191.1 -23.7 3017.8 0.0153055824 0.9901244640 0.1393531412 -0.1996295303 0.1395894736 -0.9698777199 -0.9797518849 -0.0129744587 0.1997945756
-103.6 -84.9 2651.6 0.7322124243 0.0514979325 -0.6791266203 -0.1310792863 0.9891511798 -0.0663184822 0.6683436036 0.1375786513 0.7310190797
-124.1 -478.1 2596.9 0.7445151806 0.0247096550 -0.6671481133 0.0201055519 0.9980316758 0.0594019629 0.6673027277 -0.0576390401 0.7425528765
-18.8 -83.1 2814.0 0.8551554680 -0.1926322579 -0.4812504053 0.0356289223 0.9480353594 -0.3161637485 0.5171457529 0.2532227337 0.8175808787
57.7 -459.7 2713.4 0.8551554680 0.1526930928 -0.4953725636 0.0356289223 0.9360586405 0.3500354290 0.5171457529 -0.3169842958 0.7950353622
357.3 -36.9 2482.1 0 0 0 0 0 0 0 0 0
195.4 -79.8 2742.6 0 0 0 0 0 0 0 0 0
-131.1 -763.4 2613.4 0 0 0 0 0 0 0 0 0
10.2 -751.2 2812.1 0 0 0 0 0 0 0 0 0
152.9 463.8 2621.0 8 0.4883950055 0.3767573237 -0.7870986462 -0.0445700288 0.9115847945 0.4086889029 0.8714836836 -0.1645206064 0.4620055556
77.9 282.2 2653.7 0.4883950055 0.3767573237 -0.7870986462 -0.0445700288 0.9115847945 0.4086889029 0.8714836836 -0.1645206064 0.4620055556
5.6 100.4 2688.8 0.4945017397 0.3637559712 -0.7893982530 -0.0295092072 0.9147164822 0.4030173719 0.8686755896 -0.1759982705 0.4630630314
8.4 286.3 2531.6 -0.3668521047 0.2472096235 -0.8968316317 0.8986039758 0.3435905576 -0.2728671134 0.2406875044 -0.9059982896 -0.3481904566
103.4 53.6 2469.3 -0.9204916954 0.2472096235 -0.3026259542 0.3752996922 0.3435905576 -0.8608691096 -0.1088357046 -0.9059982896 -0.4090499580
147.4 278.0 2775.9 0.0523647554 0.9847480059 -0.1659196764 -0.8319700956 0.1349160969 0.5381667018 0.5523437858 0.1098592505 0.8263457417
167.0 -32.7 2982.1 0.1266788989 0.9847480059 0.1192638427 -0.1231562570 0.1349160969 -0.9831735492 -0.9842687845 0.1098592505 0.1383688897
-105.8 -81.9 2649.4 0.7416200042 0.0422787890 -0.6694865823 -0.1190010607 0.9904746413 -0.0692732409 0.6601806879 0.1310440302 0.7395870090
-122.6 -475.7 2597.3 0.7524073720 0.0269866139 -0.6581450105 0.0178552922 0.9979576468 0.0613329113 0.6584560275 -0.0578987040 0.7503888011
-17.5 -82.9 2810.0 0.8297899365 -0.1883396655 -0.5253350139 0.0333167762 0.9563716650 -0.2902467847 0.5570805073 0.2233413905 0.7998624444
57.3 -462.8 2721.3 0.8297899365 0.1522564888 -0.5369046926 0.0333167762 0.9468328953 0.3199960291 0.5570805073 -0.2834174037 0.7805997133
340.2 -43.0 2497.2 0 0 0 0 0 0 0 0 0
202.3 -67.0 2708.0 0 0 0 0 0 0 0 0 0
-130.4 -764.3 2614.0 0 0 0 0 0 0 0 0 0
12.6 -741.2 2804.6 0 0 0 0 0 0 0 0 0
153.8 460.0 2620.9 9 0.4962551296 0.3830429316 -0.7791078091 -0.0560005903 0.9096610546 0.4115588069 0.8663687110 -0.1606076807 0.4728746116
77.6 279.0 2652.8 0.4962551296 0.3830429316 -0.7791078091 -0.0560005903 0.9096610546 0.4115588069 0.8663687110 -0.1606076807 0.4728746116
3.9 97.6 2687.1 0.5024840832 0.3706499338 -0.7811071277 -0.0409400836 0.9126329422 0.4067247212 0.8636165857 -0.1723941118 0.4737579823
6.9 284.8 2531.3 -0.3041897118 0.2586184144 -0.9168342948 0.9233875275 0.3166109920 -0.2170550823 0.2341453880 -0.9126192927 -0.3351148367
86.6 43.0 2470.1 -0.9264295697 0.2586184144 -0.2735776305 0.3488627672 0.3166109920 -0.8820726871 -0.1415025741 -0.9126192927 -0.3835401535
148.3 273.2 2774.3 0.0180325881 0.9779351950 -0.2081288397 -0.8546416163 0.1231105104 0.5044120550 0.5189051628 0.1687797159 0.8380041122
154.9 -39.9 2964.4 0.1797755212 0.9779351950 0.1064121872 -0.0844055563 0.1231105104 -0.9887970090 -0.9800798297 0.1687797159 0.1046754196
-112.1 -78.7 2644.1 0.7482273579 0.0191521645 -0.6631659269 -0.0902776197 0.9932248592 -0.0731729046 0.6572715044 0.1146190017 0.7448870540
-119.7 -473.5 2598.6 0.7543078661 0.0330059193 -0.6556906700 0.0000895929 0.9987303019 0.0503767878 0.6565208435 -0.0380583517 0.7533471584
-21.4 -84.2 2803.4 0.7978035212 -0.1974065900 -0.5696843266 0.0400132053 0.9601320028 -0.2766685188 0.6015883684 0.1979322135 0.7738955617
57.0 -465.6 2724.8 0.7978035212 0.1520243883 -0.5834365487 0.0400132053 0.9522048235 0.3028281927 0.6015883684 -0.2649425566 0.7535893321
325.7 -47.0 2506.6 0 0 0 0 0 0 0 0 0
205.1 -63.5 2690.7 0 0 0 0 0 0 0 0 0
-129.1 -759.5 2609.5 0 0 0 0 0 0 0 0 0
13.9 -735.5 2799.9 0 0 0 0 0 0 0 0 0
155.5 458.3 2629.3 0 0.4661755562 0.3931356370 -0.7925431728 -0.0741449445 0.9100504518 0.4078121185 0.8815797567 -0.1313489676 0.4533922970
77.4 277.5 2655.4 0.4661755562 0.3931356370 -0.7925431728 -0.0741449445 0.9100504518 0.4078121185 0.8815797567 -0.1313489676 0.4533922970
2.2 95.9 2684.6 0.4742274284 0.3786244690 -0.7948281765 -0.0551165417 0.9137979150 0.4024120867 0.8786754608 -0.1470266730 0.4542165101
10.8 285.3 2531.9 -0.2201199383 0.2607328296 -0.9399816990 0.9431046844 0.3030545712 -0.1367897540 0.2492001802 -0.9166113138 -0.3126067221
67.0 44.1 2468.1 -0.9310877323 0.2607328296 -0.2551353872 0.3298551440 0.3030545712 -0.8940657377 -0.1557923555 -0.9166113138 -0.3681744635
144.1 269.8 2779.0 -0.0158199929 0.9651957154 -0.2610496879 -0.8709570169 0.1149324328 0.4777283370 0.4911044240 0.2349207103 0.8388257623
138.4 -46.4 2957.2 0.2422691882 0.9651957154 0.0985030159 -0.0546086393 0.1149324328 -0.9918711782 -0.9686710238 0.2349207103 0.0805526152
-115.8 -80.1 2642.2 0.7266838551 0.0079031046 -0.6869266033 -0.0778055564 0.9944466352 -0.0708675832 0.6825517416 0.1049450338 0.7232632041
-119.0 -475.3 2600.5 0.7313213944 0.0360952280 -0.6810772419 -0.0043320176 0.9988242984 0.0482833534 0.6820192337 -0.0323602110 0.7306179404
-23.7 -87.6 2800.6 0.7692844272 -0.2039339840 -0.6054852605 0.0445099808 0.9624938965 -0.2676272988 0.6373541355 0.1789313853 0.7495086789
57.3 -470.1 2729.5 0.7692844272 0.1491692960 -0.6212487221 0.0445099808 0.9574874640 0.2850204110 0.6373541355 -0.2469135374 0.7299406528
307.4 -41.0 2508.4 0 0 0 0 0 0 0 0 0
206.1 -61.6 2686.4 0 0 0 0 0 0 0 0 0
-129.2 -758.2 2609.7 0 0 0 0 0 0 0 0 0
16.8 -730.0 2796.5 0 0 0 0 0 0 0 0 0
159.9 460.4 2624.1 1 0.5620739460 0.3963820934 -0.7259160280 -0.1364856064 0.9100973606 0.3912729025 0.8157478571 -0.1208472326 0.5656424761
81.3 280.0 2648.0 0.5620739460 0.3963820934 -0.7259160280 -0.1364856064 0.9100973606 0.3912729025 0.8157478571 -0.1208472326 0.5656424761
6.5 97.7 2673.8 0.5698490739 0.3755690753 -0.7309035063 -0.1180766374 0.9176409245 0.3794641793 0.8132219315 -0.1299346834 0.5672627687
1.8 296.4 2534.6 -0.1757402420 0.2898830473 -0.9407885671 0.9498691559 0.3009547889 -0.0847039893 0.2585805655 -0.9085119963 -0.3282408416
49.2 40.2 2464.9 -0.9227775335 0.2898830473 -0.2538688779 0.3396927118 0.3009547889 -0.8910864592 -0.1819078177 -0.9085119963 -0.3761854768
160.8 263.6 2761.4 0.0109241903 0.9858535528 -0.1672524363 -0.9051895142 0.0808183998 0.4172533751 0.4248678088 0.1468369961 0.8932671547
164.8 -62.7 2914.6 0.1459718049 0.9858535528 0.0823707879 0.0165437590 0.0808183998 -0.9965915084 -0.9891504049 0.1468369961 -0.0045125159
-116.4 -80.6 2633.3 0.7993845344 0.0029626093 -0.6008123755 -0.0608664118 0.9952425957 -0.0760755837 0.5977287292 0.0973829404 0.7957618833
-117.6 -476.3 2594.6 0.8032436967 0.0387782939 -0.5943868756 -0.0000201940 0.9978803396 0.0650752559 0.5956504941 -0.0522592850 0.8015419245
-29.5 -90.8 2794.4 0.7293998003 -0.2198907733 -0.6477838755 0.0548369586 0.9626780152 -0.2650358081 0.6818862557 0.1577945799 0.7142353058
57.9 -473.3 2731.7 0.7293998003 0.1529303938 -0.6667745113 0.0548369586 0.9584839940 0.2798238397 0.6818862557 -0.2406673431 0.6907317638
287.0 -47.3 2511.8 0 0 0 0 0 0 0 0 0
205.4 -58.1 2639.2 0 0 0 0 0 0 0 0 0
-128.6 -759.0 2609.4 0 0 0 0 0 0 0 0 0
16.5 -732.8 2796.9 0 0 0 0 0 0 0 0 0
166.5 459.9 2639.9 2 0.5425626040 0.4078646302 -0.7343515754 -0.1852604300 0.9107860923 0.3689813912 0.8193316460 -0.0641492233 0.5697196722
85.2 278.4 2652.7 0.5425626040 0.4078646302 -0.7343515754 -0.1852604300 0.9107860923 0.3689813912 0.8193316460 -0.0641492233 0.5697196722
7.2 96.6 2670.0 0.5537984371 0.3925144970 -0.7343294024 -0.1596212685 0.9156071544 0.3690320253 0.8172076344 -0.0871547684 0.5697154403
7.7 300.7 2538.4 -0.0768255815 0.2912910879 -0.9535446167 0.9531463385 0.3021124899 0.0154965520 0.2925917506 -0.9076769948 -0.3008529842
28.7 40.4 2458.4 -0.9277254343 0.2912910879 -0.2333989739 0.3207052052 0.3021124899 -0.8977060914 -0.1909810305 -0.9076769948 -0.3736959994
162.8 256.1 2767.0 -0.0130428821 0.9828937650 -0.1837109178 -0.9226655364 0.0589803047 0.3810638785 0.3853806257 0.1744738966 0.9061129093
158.1 -76.1 2905.8 0.1712369621 0.9828937650 0.0678064898 0.0561211780 0.0589803047 -0.9966803789 -0.9836301804 0.1744738966 -0.0450615510
-120.2 -73.9 2625.6 0.7881134152 -0.0102252327 -0.6154450774 -0.0382602178 0.9971147776 -0.0655608848 0.6143397689 0.0752164796 0.7854483724
-116.1 -470.2 2595.7 0.7901897430 0.0426380448 -0.6113772988 -0.0019350416 0.9977455139 0.0670827478 0.6128592491 -0.0518250577 0.7884907722
-16.5 -95.3 2773.5 0.7080005407 -0.1849085838 -0.6815747023 0.0668235943 0.9783241749 -0.1960010976 0.7030432820 0.0932236090 0.7050102949
56.8 -483.0 2736.5 0.7062318325 0.1545291245 -0.6909105182 0.0555266999 0.9607931972 0.2716491520 0.7057998180 -0.2302112579 0.6699622273
269.6 -42.9 2508.0 0 0 0 0 0 0 0 0 0
206.0 -60.4 2630.8 0 0 0 0 0 0 0 0 0
-128.4 -757.2 2610.7 0 0 0 0 0 0 0 0 0
16.5 -733.8 2796.6 0 0 0 0 0 0 0 0 0
164.8 454.1 2638.3 3 0.5432561040 0.4174660444 -0.7284194827 -0.1913331747 0.9063435197 0.3767399788 0.8174744248 -0.0652954802 0.5722517371
81.5 273.2 2651.4 0.5432561040 0.4174660444 -0.7284194827 -0.1913331747 0.9063435197 0.3767399788 0.8174744248 -0.0652954802 0.5722517371
2.1 91.8 2667.5 0.5530297160 0.3994054198 -0.7311863303 -0.1695629060 0.9131928086 0.3705770075 0.8157245517 -0.0809580237 0.5727471113
3.8 297.0 2536.9 -0.0270326324 0.2492457330 -0.9680629373 0.9537450671 0.2964795232 0.0497013293 0.2993986607 -0.9219416976 -0.2457315028
11.1 41.0 2456.5 -0.9344877005 0.2492457330 -0.2541835010 0.3234940767 0.2964795232 -0.8985830545 -0.1486077756 -0.9219416976 -0.3576859832
159.1 249.4 2765.9 -0.0210885368 0.9827824831 -0.1835587472 -0.9258378148 0.0500965193 0.3745860457 0.3773322701 0.1778451055 0.9088407159
151.5 -84.0 2901.7 0.1745815724 0.9827824831 0.0604964308 0.0633784607 0.0500965193 -0.9967314005 -0.9826008677 0.1778451055 -0.0535413139
-121.4 -70.6 2612.7 0.7875882387 -0.0248724129 -0.6156997085 -0.0081164353 0.9986796379 -0.0507259928 0.6161484718 0.0449484810 0.7863464355
-111.5 -467.4 2594.9 0.7874618173 0.0576989390 -0.6136568189 -0.0103334775 0.9967046976 0.0804547146 0.6162768006 -0.0570138060 0.7854631543
-20.3 -99.7 2761.8 0.7023580670 -0.1924614608 -0.6853114367 0.0910422578 0.9791356921 -0.1816716194 0.7059776783 0.0652062222 0.7052259445
56.1 -488.2 2735.9 0.6986138821 0.1560003310 -0.6982854605 0.0666937158 0.9574949145 0.2806340456 0.7123837471 -0.2426260859 0.6585149765
253.3 -42.9 2495.1 0 0 0 0 0 0 0 0 0
200.5 -66.3 2626.2 0 0 0 0 0 0 0 0 0
-128.5 -760.4 2611.6 0 0 0 0 0 0 0 0 0
15.1 -739.9 2799.7 0 0 0 0 0 0 0 0 0
168.1 461.3 2646.6 4 0.5787077546 0.4144379199 -0.7023805976 -0.2327687889 0.9093638062 0.3447842002 0.7816111445 -0.0360370129 0.6227241158
85.0 278.9 2653.8 0.5787077546 0.4144379199 -0.7023805976 -0.2327687889 0.9093638062 0.3447842002 0.7816111445 -0.0360370129 0.6227241158
6.2 96.8 2664.3 0.5892313719 0.3955428898 -0.7045226693 -0.2090410292 0.9169148207 0.3399544358 0.7804538608 -0.0530376807 0.6229596734
2.3 308.1 2544.4 0.0074314503 0.2487455457 -0.9685403705 0.9362422824 0.3385134935 0.0941224173 0.3512765169 -0.9074878693 -0.2303704470
0.1 40.9 2444.1 -0.9349407554 0.2487455457 -0.2530047297 0.3286598325 0.3385134935 -0.8816979527 -0.1336729228 -0.9074878693 -0.3982427418
167.7 249.6 2763.2 -0.0059776059 0.9896203876 -0.1435817033 -0.9439727068 0.0417949371 0.3273663521 0.3299694359 0.1374940723 0.9339247942
165.5 -90.0 2881.9 0.1319956034 0.9896203876 0.0568207353 0.1139401570 0.0417949371 -0.9926080704 -0.9846800566 0.1374940723 -0.1072407514
-127.9 -74.1 2608.9 0.8130047917 -0.0428495705 -0.5806781650 0.0107016228 0.9982196093 -0.0586776175 0.5821586847 0.0414909832 0.8120158911
-110.9 -470.8 2592.4 0.8119411469 0.0626075268 -0.5803721547 -0.0086499620 0.9954130650 0.0952786803 0.5836752057 -0.0723404810 0.8087583780
