-23.9 372.1 2461.5 7 0.3407955468 0.3653819561 -0.8662300110 -0.2435851395 0.9242398143 0.2940186858 0.9080334306 0.1108004972 0.4039784372
-95.8 190.4 2439.7 0.3407955468 0.3653819561 -0.8662300110 -0.2435851395 0.9242398143 0.2940186858 0.9080334306 0.1108004972 0.4039784372
-162.1 8.6 2424.6 0.3553105295 0.3419153094 -0.8699703217 -0.2053992599 0.9365113974 0.2841787338 0.9119021893 0.0777195618 0.4029815197
-144.3 218.4 2315.2 -0.2732432485 0.6139031053 -0.7405816317 0.6805078983 0.6675007939 0.3022443652 0.6798875928 -0.4213854074 -0.6001560092
-67.4 27.0 2123.9 -0.7782980204 0.6139031053 -0.1318149418 0.6009672284 0.6675007939 -0.4396374524 -0.1819082052 -0.4213854074 -0.8884502053
-47.2 162.3 2564.3 -0.2577275634 0.8691828847 -0.4220161140 -0.9238145351 -0.0936986953 0.3711971343 0.2830958366 0.4855323434 0.8271124959
-109.6 -61.1 2632.7 0.1318370998 0.8691828847 -0.4765921533 -0.9024330378 -0.0936986953 -0.4205177724 -0.4101628959 0.4855323434 0.7720264196
-264.7 -150.1 2324.5 0.4281202257 -0.0031757890 -0.9037162066 0.0256619360 0.9996333122 0.0086440518 0.9033573866 -0.0268918015 0.4280447364
-263.4 -538.1 2334.9 0.4300522804 0.1336126477 -0.8928620815 0.0395955741 0.9852446318 0.1665087044 0.9019352794 -0.1069608331 0.4184162319
-202.6 -188.0 2488.1 0.4459851682 -0.0388911590 -0.8941950202 -0.0251592472 0.9981160164 -0.0559593141 0.8946866989 0.0474542975 0.4441664517
-187.5 -575.5 2469.7 0.4393332303 -0.1021216512 -0.8925006986 0.0529594533 0.9947337508 -0.0877500772 0.8967617154 -0.0087148249 0.4424278736
151.5 -142.1 2175.1 0 0 0 0 0 0 0 0 0
-74.7 -299.8 2524.3 0 0 0 0 0 0 0 0 0
-313.3 -905.8 2374.9 0 0 0 0 0 0 0 0 0
-158.8 -854.4 2472.2 0 0 0 0 0 0 0 0 0
-25.1 372.9 2460.7 8 0.3393578529 0.3702118695 -0.8647423983 -0.2366655618 0.9233274460 0.3024165928 0.9103986025 0.1020272970 0.4009548128
-98.1 190.8 2440.6 0.3393578529 0.3702118695 -0.8647423983 -0.2366655618 0.9233274460 0.3024165928 0.9103986025 0.1020272970 0.4009548128
-165.3 9.2 2426.4 0.3526539207 0.3459694088 -0.8694483042 -0.2021584511 0.9353683591 0.2902034223 0.9136559367 0.0734249502 0.3998019397
-146.3 218.4 2315.8 -0.2496688068 0.6113079786 -0.7509780526 0.6545110941 0.6780901551 0.3343784511 0.7136390209 -0.4080396295 -0.5694057941
-74.4 29.8 2110.2 -0.7697545290 0.6113079786 -0.1837949753 0.6292098165 0.6780901551 -0.3798536062 -0.1075779572 -0.4080396295 -0.9066039324
-50.0 163.2 2565.4 -0.2623980045 0.8678377271 -0.4219062924 -0.9211352468 -0.0950023606 0.3774710596 0.2875015438 0.4876804054 0.8243243694
-113.4 -59.6 2635.0 0.1285947561 0.8678377271 -0.4799177349 -0.9051544070 -0.0950023606 -0.4143308997 -0.4051653147 0.4876804054 0.7733103633
-260.3 -154.8 2327.9 0.4264157116 0.0098169846 -0.9044740200 0.0104873748 0.9998202324 0.0157961436 0.9044665098 -0.0162212811 0.4262360930
-264.1 -542.9 2334.2 0.4314683676 0.1292647719 -0.8928189278 0.0467958115 0.9851415157 0.1652462780 0.9009135365 -0.1130787283 0.4190083444
-196.7 -191.6 2491.2 0.4442699552 -0.0272450615 -0.8954786062 -0.0256688707 0.9987400174 -0.0431217924 0.8955251575 0.0421436429 0.4430108368
-186.1 -579.3 2474.9 0.4383804202 -0.1066113412 -0.8924441934 0.0375977792 0.9942461848 -0.1003040746 0.8980028033 0.0104174241 0.4398664236
141.4 -146.6 2140.4 0 0 0 0 0 0 0 0 0
-79.4 -299.1 2527.8 0 0 0 0 0 0 0 0 0
-312.4 -910.5 2376.4 0 0 0 0 0 0 0 0 0
-156.7 -853.3 2472.0 0 0 0 0 0 0 0 0 0
-23.4 374.5 2461.9 9 0.3315152526 0.3773311675 -0.8647073507 -0.2391375303 0.9202137589 0.3098708093 0.9126394987 0.1040570810 0.3952989280
-98.0 192.5 2441.3 0.3315152526 0.3773311675 -0.8647073507 -0.2391375303 0.9202137589 0.3098708093 0.9126394987 0.1040570810 0.3952989280
-167.0 11.7 2426.7 0.3449141681 0.3554064631 -0.8687465191 -0.2052732408 0.9317002296 0.2996623814 0.9159132838 0.0749725997 0.3943120539
-145.1 220.6 2316.2 -0.2205672115 0.6010943651 -0.7681377530 0.6420142055 0.6823439002 0.3496063054 0.7342805266 -0.4160436690 -0.5364138484
-80.6 32.8 2101.3 -0.7684668899 0.6010943651 -0.2194178849 0.6364266276 0.6823439002 -0.3596775532 -0.0664817020 -0.4160436690 -0.9069111347
-50.9 164.5 2566.4 -0.2738809586 0.8638044596 -0.4228842854 -0.9181156754 -0.1038636491 0.3824604154 0.2864487171 0.4930053353 0.8215186596
-117.2 -57.5 2635.7 0.1214815304 0.8638044596 -0.4889623225 -0.9067137837 -0.1038636491 -0.4087571800 -0.4038716853 0.4930053353 0.7706058621
-264.0 -154.2 2330.3 0.4210531414 -0.0007555730 -0.9070356488 0.0140203685 0.9998856187 0.0056754476 0.9069275856 -0.0151066389 0.4210155606
-263.7 -542.4 2336.1 0.4235742688 0.1273933053 -0.8968588710 0.0329602398 0.9872388840 0.1557979137 0.9052615762 -0.0955526680 0.4139700830
-200.9 -190.4 2494.0 0.4385096729 -0.0394344367 -0.8978608847 -0.0299802851 0.9978390336 -0.0584677048 0.8982262611 0.0525567792 0.4363798201
-185.5 -577.8 2473.6 0.4322115481 -0.1071073040 -0.8953888416 0.0379092321 0.9942016006 -0.1006282866 0.9009750485 0.0095492015 0.4337657690
135.0 -145.8 2120.0 0 0 0 0 0 0 0 0 0
-85.0 -297.4 2528.8 0 0 0 0 0 0 0 0 0
-311.3 -910.8 2371.8 0 0 0 0 0 0 0 0 0
-155.8 -853.6 2470.9 0 0 0 0 0 0 0 0 0
-25.2 373.1 2462.4 0 0.3480318785 0.3684434295 -0.8620459437 -0.2342572212 0.9245411754 0.3005781174 0.9077430367 0.0973297358 0.4080803096
-97.9 190.6 2443.2 0.3480318785 0.3684434295 -0.8620459437 -0.2342572212 0.9245411754 0.3005781174 0.9077430367 0.0973297358 0.4080803096
-165.3 9.1 2429.2 0.3597747386 0.3473040462 -0.8659919500 -0.2037490159 0.9349849820 0.2903264165 0.9105209708 0.0719928890 0.4071468413
-147.1 218.4 2318.8 -0.1614658386 0.5178654194 -0.8400858045 0.6203121543 0.7153311372 0.3217361867 0.7675555944 -0.4691660702 -0.4367397726
-101.6 43.8 2102.8 -0.8074789643 0.5178654194 -0.2824768126 0.5898417234 0.7153311372 -0.3746840060 0.0080285678 -0.4691660702 -0.8830734491
-48.8 162.7 2567.6 -0.2608207762 0.8716420531 -0.4149850905 -0.9213582873 -0.0964152068 0.3765673339 0.2882210612 0.4805665612 0.8282417655
-111.8 -60.1 2637.3 0.1246188954 0.8716420531 -0.4740360975 -0.9046490788 -0.0964152068 -0.4151074588 -0.4075294137 0.4805665612 0.7765150070
-266.9 -150.8 2330.1 0.4334830940 -0.0077620707 -0.9011282921 0.0324430950 0.9994490743 0.0069976049 0.9005774856 -0.0322687328 0.4334961176
-263.9 -538.7 2342.6 0.4299007356 0.1283117682 -0.8937121630 0.0033855571 0.9896141887 0.1437091231 0.9028698206 -0.0648063719 0.4250014424
-205.1 -187.5 2494.2 0.4516199827 -0.0545657352 -0.8905403018 -0.0318859294 0.9965034127 -0.0772286952 0.8916404247 0.0632737279 0.4483009577
-183.9 -574.3 2469.7 0.4449656308 -0.0985977426 -0.8901033998 0.0509813651 0.9950978160 -0.0847423375 0.8940953612 -0.0076712589 0.4478109777
123.4 -120.5 2100.6 0 0 0 0 0 0 0 0 0
-78.9 -299.4 2529.5 0 0 0 0 0 0 0 0 0
-311.8 -907.9 2366.8 0 0 0 0 0 0 0 0 0
-156.5 -851.6 2471.8 0 0 0 0 0 0 0 0 0
-21.6 374.2 2462.2 1 0.3655191958 0.3749630749 -0.8519380093 -0.2385166138 0.9224426150 0.3036600351 0.8997252584 0.0922078118 0.4266054034
-96.0 191.3 2443.9 0.3655191958 0.3749630749 -0.8519380093 -0.2385166138 0.9224426150 0.3036600351 0.8997252584 0.0922078118 0.4266054034
-164.4 10.1 2430.5 0.3771383464 0.3522350192 -0.8565612435 -0.2088643461 0.9333769679 0.2918615639 0.9022983909 0.0688329265 0.4255815744
-147.5 219.8 2320.7 -0.0905330926 0.4571737051 -0.8847575784 0.6147026420 0.7246297002 0.3115324676 0.7835460305 -0.5156587958 -0.3466288447
-122.6 50.6 2104.9 -0.8270425200 0.4571737051 -0.3270976245 0.5596196651 0.7246297002 -0.4021661878 0.0531648397 -0.5156587958 -0.8551429510
-44.5 162.7 2567.1 -0.2584967613 0.8807038665 -0.3969132900 -0.9215652347 -0.1016277373 0.3746856153 0.2896496654 0.4626365006 0.8378964663
-107.0 -60.2 2637.2 0.1129717603 0.8807038665 -0.4599979520 -0.9034577012 -0.1016277373 -0.4164565206 -0.4135234058 0.4626365006 0.7841975689
-265.0 -154.2 2333.6 0.4515595436 -0.0024364062 -0.8922376633 0.0194071792 0.9997864962 0.0070918445 0.8920298815 -0.0205182061 0.4515104294
-264.0 -542.3 2341.6 0.4511739016 0.1264605075 -0.8834307194 0.0163760334 0.9885694385 0.1498741657 0.8922857642 -0.0820863992 0.4439458251
-200.5 -190.7 2496.8 0.4693506062 -0.0345882587 -0.8823342323 -0.0398498327 0.9973847866 -0.0602961369 0.8821122646 0.0634609014 0.4667448103
-187.1 -577.8 2472.1 0.4608325958 -0.1134896800 -0.8802008033 0.0522192866 0.9935390353 -0.1007634625 0.8859494925 0.0004716303 0.4637815356
107.7 -105.3 2090.1 0 0 0 0 0 0 0 0 0
-77.1 -299.2 2527.8 0 0 0 0 0 0 0 0 0
-311.2 -911.1 2372.2 0 0 0 0 0 0 0 0 0
-155.9 -850.6 2472.0 0 0 0 0 0 0 0 0 0
-24.6 373.8 2461.6 2 0.3753629625 0.3704836369 -0.8496143222 -0.2336152047 0.9248637557 0.3000848591 0.8969540596 0.0858420879 0.4337102473
-97.9 190.9 2444.6 0.3753629625 0.3704836369 -0.8496143222 -0.2336152047 0.9248637557 0.3000848591 0.8969540596 0.0858420879 0.4337102473
-165.5 9.4 2432.3 0.3864268661 0.3485531509 -0.8539232612 -0.2049951255 0.9351425171 0.2889384329 0.8992503881 0.0633965358 0.4328158796
-150.7 218.9 2321.8 -0.0617716946 0.4682982266 -0.8814085126 0.6059708595 0.7193056941 0.3397037089 0.7930848598 -0.5131238103 -0.3282078207
-133.5 50.5 2101.3 -0.8268477917 0.4682982266 -0.3114794791 0.5614867806 0.7193056941 -0.4090622365 0.0324858502 -0.5131238103 -0.8576996326
-45.1 162.9 2567.4 -0.2515503466 0.8854014874 -0.3908793330 -0.9220507145 -0.0964757949 0.3748532236 0.2941851914 0.4547050297 0.8406535387
-105.9 -60.1 2638.6 0.1133446023 0.8854014874 -0.4507962167 -0.9038859606 -0.0964757949 -0.4167523980 -0.4124841094 0.4547050297 0.7893669605
-266.5 -152.4 2336.4 0.4597198665 -0.0037670331 -0.8880559802 0.0195303429 0.9997920394 0.0058692656 0.8878492117 -0.0200422555 0.4596978426
-265.1 -540.5 2344.1 0.4573124945 0.1148986071 -0.8818523884 -0.0021970232 0.9917614460 0.1280795783 0.8893033266 -0.0566349439 0.4537973404
-199.0 -189.8 2498.0 0.4778873026 -0.0267910827 -0.8780125380 -0.0422726423 0.9976752996 -0.0534506738 0.8774034381 0.0626593083 0.4756438434
-188.6 -577.1 2473.7 0.4692426026 -0.1159245744 -0.8754272461 0.0488961935 0.9932360053 -0.1053157598 0.8817145228 0.0066135805 0.4717369080
97.2 -106.2 2092.2 0 0 0 0 0 0 0 0 0
-76.0 -299.3 2529.5 0 0 0 0 0 0 0 0 0
-307.9 -910.5 2365.3 0 0 0 0 0 0 0 0 0
-156.5 -852.0 2471.8 0 0 0 0 0 0 0 0 0
-25.2 371.3 2462.3 3 0.3932439983 0.3683107495 -0.8424407244 -0.2341742814 0.9261645675 0.2956038415 0.8891127706 0.0810335129 0.4504575431
-97.9 188.4 2446.3 0.3932439983 0.3683107495 -0.8424407244 -0.2341742814 0.9261645675 0.2956038415 0.8891127706 0.0810335129 0.4504575431
-165.3 6.8 2434.0 0.4026673734 0.3472880423 -0.8469061255 -0.2096572816 0.9356258512 0.2839860618 0.8910122514 0.0632081181 0.4495574832
-152.9 217.1 2324.6 -0.0656070784 0.5224651098 -0.8501328826 0.6028983593 0.6996313334 0.3834442794 0.7951158881 -0.4873870611 -0.3608941436
-134.1 44.7 2097.2 -0.7942971587 0.5224651098 -0.3100358844 0.6071952581 0.6996313334 -0.3766030967 0.0201488286 -0.4873870611 -0.8729535341
-42.9 159.8 2568.0 -0.2440804988 0.8934819102 -0.3769811094 -0.9245417118 -0.0970835686 0.3685070276 0.2926557064 0.4384801388 0.8497574925
-101.9 -63.8 2638.8 0.1082781255 0.8934819102 -0.4358507693 -0.9009844661 -0.0970835686 -0.4228495955 -0.4201224148 0.4384801388 0.7945013046
-267.8 -153.8 2339.4 0.4752831161 -0.0082750442 -0.8797940016 0.0027054071 0.9999647737 -0.0079438128 0.8798287511 0.0013953593 0.4752887785
-264.6 -541.9 2338.9 0.4775163829 0.1174116954 -0.8707425594 0.0208485462 0.9892379045 0.1448230892 0.8783754706 -0.0873091146 0.4699294567
-198.6 -190.5 2500.5 0.4935211539 -0.0295748170 -0.8692308068 -0.0533219017 0.9965127707 -0.0641799271 0.8680977225 0.0780231953 0.4902231693
-187.1 -577.3 2470.2 0.4844593704 -0.1078533009 -0.8681398630 0.0589648224 0.9941400290 -0.0906020179 0.8728243113 -0.0072967149 0.4879800081
89.2 -126.0 2091.5 0 0 0 0 0 0 0 0 0
-73.3 -302.2 2527.6 0 0 0 0 0 0 0 0 0
-308.4 -910.9 2371.5 0 0 0 0 0 0 0 0 0
-157.0 -854.9 2472.3 0 0 0 0 0 0 0 0 0
-24.7 371.9 2461.6 4 0.4023356736 0.3737353683 -0.8357319236 -0.2364498973 0.9243254066 0.2995229065 0.8844305873 0.0770999789 0.4602587819
-98.6 189.2 2446.4 0.4023356736 0.3737353683 -0.8357319236 -0.2364498973 0.9243254066 0.2995229065 0.8844305873 0.0770999789 0.4602587819
-166.7 7.8 2435.0 0.4124633372 0.3510321081 -0.8406250477 -0.2104748338 0.9345301986 0.2869733274 0.8863263130 0.0585644394 0.4593428671
-154.9 218.0 2325.3 -0.0814987868 0.5786067247 -0.8115246296 0.6115809083 0.6719508171 0.4176732600 0.7869731784 -0.4622730911 -0.4086279869
-131.1 39.4 2095.6 -0.7582856417 0.5786067247 -0.3003617823 0.6519207954 0.6719508171 -0.3513992727 -0.0014936213 -0.4622730911 -0.8867363334
-42.2 160.5 2567.5 -0.2435759306 0.8982757926 -0.3657477200 -0.9235789180 -0.0996960625 0.3702197671 0.2960958481 0.4279735088 0.8539121151
-101.1 -62.9 2639.1 0.1004423723 0.8982757926 -0.4277989566 -0.9015586972 -0.0996960625 -0.4210137725 -0.4208363295 0.4279735088 0.7998346686
-268.8 -156.0 2341.9 0.4856005013 -0.0096850283 -0.8741272092 0.0054379446 0.9999527335 -0.0080582118 0.8741639256 -0.0008403833 0.4856302440
-265.0 -544.2 2342.2 0.4840703607 0.1224326491 -0.8664214611 -0.0072663785 0.9906913638 0.1359332949 0.8749989271 -0.0595055334 0.4804539382
-196.6 -193.6 2501.5 0.5037189722 -0.0238238927 -0.8635389805 -0.0614592060 0.9960983396 -0.0633313730 0.8616786003 0.0849736333 0.5002894402
-187.4 -580.3 2468.6 0.4929349422 -0.1148862615 -0.8624478579 0.0688899234 0.9932855368 -0.0929408297 0.8673346043 -0.0136001799 0.4975396693
83.0 -144.6 2096.0 0 0 0 0 0 0 0 0 0
-74.6 -301.4 2527.7 0 0 0 0 0 0 0 0 0
-310.7 -913.8 2364.4 0 0 0 0 0 0 0 0 0
-155.9 -852.9 2472.3 0 0 0 0 0 0 0 0 0
-26.8 370.5 2462.3 5 0.4289300740 0.3628616631 -0.8272547722 -0.2465820014 0.9280290008 0.2792122960 0.8690318465 0.0842235759 0.4875347018
-98.5 187.2 2445.7 0.4289300740 0.3628616631 -0.8272547722 -0.2465820014 0.9280290008 0.2792122960 0.8690318465 0.0842235759 0.4875347018
-164.5 5.0 2433.3 0.4396319389 0.3396462798 -0.8314831257 -0.2181491554 0.9384021163 0.2679783404 0.8712833524 0.0635755062 0.4866451025
-158.6 216.9 2326.7 -0.1036568508 0.6088718772 -0.7864669561 0.6236469150 0.6557636857 0.4254861772 0.7748030424 -0.4463731349 -0.4476954639
-127.8 31.9 2096.8 -0.7336434722 0.6088718772 -0.3017321229 0.6795302629 0.6557636857 -0.3289568424 -0.0024275808 -0.4463731349 -0.8948436379
-38.5 157.4 2564.6 -0.2227290571 0.9110363126 -0.3469936848 -0.9314014316 -0.0937477574 0.3517140448 0.2878943682 0.4015273452 0.8694208860
-92.3 -67.8 2634.2 0.1009080485 0.9110363126 -0.3997879624 -0.8935058713 -0.0937477574 -0.4391566813 -0.4375669062 0.4015273452 0.8045564294
-271.8 -154.7 2344.3 0.5094615817 -0.0169111378 -0.8603271842 -0.0024844171 0.9997738004 -0.0211233906 0.8604898453 0.0128989676 0.5093043447
-265.2 -542.8 2339.2 0.5107861161 0.1195591539 -0.8513537049 0.0082309619 0.9895571470 0.1439059675 0.8596684337 -0.0805126280 0.5044679642
-197.9 -192.5 2503.0 0.5277523398 -0.0304536466 -0.8488522172 -0.0564393103 0.9958912134 -0.0708185658 0.8475211263 0.0852832943 0.5238651037
-186.1 -579.1 2469.9 0.5186052322 -0.1090305150 -0.8480336070 0.0592802018 0.9940344691 -0.0915495157 0.8529562950 -0.0027935430 0.5219748020
79.5 -160.1 2097.5 0 0 0 0 0 0 0 0 0
-65.6 -304.2 2518.5 0 0 0 0 0 0 0 0 0
-309.8 -912.0 2369.3 0 0 0 0 0 0 0 0 0
-156.0 -852.8 2470.7 0 0 0 0 0 0 0 0 0
-27.9 366.5 2463.1 6 0.4503107071 0.3596693873 -0.8172259331 -0.2584468424 0.9286020994 0.2662768662 0.8546493649 0.0913021415 0.5111148953
-98.8 183.5 2445.1 0.4503107071 0.3596693873 -0.8172259331 -0.2584468424 0.9286020994 0.2662768662 0.8546493649 0.0913021415 0.5111148953
-164.3 1.3 2431.3 0.4607540965 0.3369866610 -0.8210637569 -0.2304529548 0.9388082027 0.2559894919 0.8570864201 0.0712683573 0.5102192760
-161.7 215.0 2328.1 -0.1183291078 0.6254644990 -0.7712278366 0.6301369667 0.6475554705 0.4284848571 0.7674148679 -0.4352769554 -0.4707529843
-126.6 27.8 2100.2 -0.7167940140 0.6254644990 -0.3082214892 0.6972467899 0.6475554705 -0.3074391186 0.0072982530 -0.4352769554 -0.9002670050
-35.9 152.1 2562.2 -0.2120135128 0.9205216169 -0.3281619847 -0.9370505214 -0.0961460099 0.3356966972 0.2774645984 0.3786765933 0.8829594851
-87.2 -74.5 2629.3 0.0944822207 0.9205216169 -0.3790951371 -0.8856940269 -0.0961460099 -0.4542047679 -0.4545537829 0.3786765933 0.8062164187
-269.8 -157.6 2342.9 0.5292534232 -0.0123948399 -0.8483732939 -0.0065496848 0.9998038411 -0.0186932478 0.8484385610 0.0154500417 0.5290684104
-265.0 -545.7 2336.9 0.5320952535 0.1320961118 -0.8363164663 0.0138239525 0.9862675071 0.1645761579 0.8465716243 -0.0991313979 0.5229621530
-191.0 -196.6 2498.9 0.5472865105 -0.0072934311 -0.8369135261 -0.0524291433 0.9976993203 -0.0429798439 0.8353015184 0.0674009472 0.5456449986
-188.2 -583.8 2472.8 0.5372961164 -0.1188029572 -0.8349843025 0.0602782406 0.9929065704 -0.1024845243 0.8412368298 0.0047331504 0.5406460762
76.0 -169.3 2098.1 0 0 0 0 0 0 0 0 0
-62.2 -308.8 2509.0 0 0 0 0 0 0 0 0 0
-314.2 -913.7 2373.9 0 0 0 0 0 0 0 0 0
-156.2 -851.2 2471.5 0 0 0 0 0 0 0 0 0
-26.2 371.3 2462.6 7 0.4720053673 0.3520348966 -0.8082588315 -0.2581406236 0.9318186641 0.2551026046 0.8429557085 0.0882346481 0.5306979418
-96.3 185.8 2445.0 0.4720053673 0.3520348966 -0.8082588315 -0.2581406236 0.9318186641 0.2551026046 0.8429557085 0.0882346481 0.5306979418
-160.5 3.1 2432.2 0.4827834070 0.3307789266 -0.8108671308 -0.2285720259 0.9414229393 0.2479470074 0.8453845382 0.0656368360 0.5301101804
-162.2 217.0 2329.6 -0.0916645005 0.6416777372 -0.7614770532 0.6320294142 0.6284152269 0.4534678757 0.7695040107 -0.4397090077 -0.4631625712
-135.1 30.1 2102.0 -0.7218512297 0.6416777372 -0.2591920793 0.6885654330 0.6284152269 -0.3619004488 -0.0693432093 -0.4397090077 -0.8954594135
-30.3 154.6 2560.4 -0.1974936724 0.9299944043 -0.3100107014 -0.9394527674 -0.0892102644 0.3308625519 0.2800441682 0.3565836847 0.8913043141
-78.1 -72.6 2628.1 0.0911640599 0.9299944043 -0.3560891747 -0.8838118315 -0.0892102644 -0.4592583179 -0.4588744640 0.3565836847 0.8138073087
-271.0 -160.3 2340.7 0.5491359830 -0.0098088151 -0.8356754780 0.0001392390 0.9999321699 -0.0116452966 0.8357329965 0.0062784925 0.5491001010
-267.1 -548.5 2338.2 0.5511952639 0.1204421371 -0.8256375790 0.0164166503 0.9877696633 0.1550533473 0.8342147470 -0.0990188792 0.5424767137
-188.4 -201.5 2494.2 0.5672708750 -0.0008333746 -0.8235308528 -0.0462514013 0.9983888865 -0.0328695700 0.8222314715 0.0567354076 0.5663183928
-188.1 -589.0 2472.1 0.5578477383 -0.1148551479 -0.8219575286 0.0667694360 0.9933785200 -0.0934932157 0.8272531033 -0.0027266580 0.5618227720
67.8 -163.4 2121.5 0 0 0 0 0 0 0 0 0
-54.0 -306.3 2506.8 0 0 0 0 0 0 0 0 0
-312.1 -917.1 2375.2 0 0 0 0 0 0 0 0 0
-157.3 -855.3 2472.9 0 0 0 0 0 0 0 0 0
-28.5 371.3 2462.3 8 0.5021684766 0.3433904946 -0.7936685681 -0.2616598010 0.9350946546 0.2390233278 0.8242335916 0.0876411870 0.5594265461
-96.8 185.4 2444.8 0.5021684766 0.3433904946 -0.7936685681 -0.2616598010 0.9350946546 0.2390233278 0.8242335916 0.0876411870 0.5594265461
-158.9 2.0 2431.7 0.5123651624 0.3203593791 -0.7967758775 -0.2327790707 0.9448871017 0.2302222699 0.8266171217 0.0675148815 0.5587001443
-166.7 217.2 2332.0 -0.0684027821 0.6289685369 -0.7744156718 0.6416081786 0.6221503615 0.4486288726 0.7639763951 -0.4661839902 -0.4461081922
-146.6 28.6 2107.5 -0.7408040166 0.6289685369 -0.2358134240 0.6615149379 0.6221503615 -0.4187205732 -0.1166506559 -0.4661839902 -0.8769635558
-26.8 153.7 2557.7 -0.1762508601 0.9419549704 -0.2857559323 -0.9455543160 -0.0813216642 0.3151410222 0.2736105323 0.3257416189 0.9050025940
-69.4 -74.9 2623.8 0.0879280865 0.9419549704 -0.3240207732 -0.8766051531 -0.0813216642 -0.4742891788 -0.4731089771 0.3257416189 0.8185721040
-267.9 -159.2 2343.8 0.5754972100 0.0007574984 -0.8178033829 -0.0137078427 0.9998680353 -0.0087202229 0.8176888227 0.0162287839 0.5754316449
-268.2 -547.3 2337.5 0.5796240568 0.1127900183 -0.8070404530 0.0195788685 0.9881612062 0.1521647424 0.8146487474 -0.1039992869 0.5705537200
-181.4 -200.1 2495.1 0.5936908126 0.0104512349 -0.8046253324 -0.0594210252 0.9977551699 -0.0308838692 0.8024963140 0.0661471337 0.5929791331
-185.5 -587.4 2469.5 0.5853571892 -0.1010640934 -0.8044520020 0.0779365599 0.9946197867 -0.0682447478 0.8070209622 -0.0227486659 0.5900844336
61.4 -157.2 2140.2 0 0 0 0 0 0 0 0 0
-46.2 -306.8 2498.7 0 0 0 0 0 0 0 0 0
-310.3 -916.1 2376.3 0 0 0 0 0 0 0 0 0
-158.0 -858.3 2475.7 0 0 0 0 0 0 0 0 0
-27.6 369.2 2463.1 9 0.5140219331 0.3536831439 -0.7814663649 -0.2791382372 0.9304194450 0.2374900430 0.8110877275 0.0960620642 0.5769824386
-97.7 184.6 2444.1 0.5140219331 0.3536831439 -0.7814663649 -0.2791382372 0.9304194450 0.2374900430 0.8110877275 0.0960620642 0.5769824386
-161.9 2.0 2429.3 0.5246685147 0.3304409683 -0.7845582962 -0.2500181794 0.9407628179 0.2290332168 0.8137652278 0.0759873092 0.5762048960
-169.4 218.7 2333.0 -0.0528460331 0.6046574712 -0.7947305441 0.6595278382 0.6187072396 0.4268774390 0.7498201728 -0.5015881658 -0.4314846694
-154.1 27.9 2116.1 -0.7601581216 0.6046574712 -0.2378001958 0.6362929344 0.6187072396 -0.4607956707 -0.1314948350 -0.5015881658 -0.8550546169
-26.1 150.4 2555.2 -0.1803769618 0.9467272162 -0.2667803466 -0.9478606582 -0.0948605835 0.3042395413 0.2627249062 0.3077483773 0.9144760966
-69.7 -78.8 2618.7 0.0713492930 0.9467272162 -0.3140332401 -0.8700958490 -0.0948605835 -0.4836679399 -0.4876909852 0.3077483773 0.8169751763
-267.0 -160.6 2344.5 0.5897664428 -0.0010553093 -0.8075731993 -0.0186001398 0.9997161031 -0.0148899797 0.8073596358 0.0238025840 0.5895794034
-266.6 -548.7 2335.3 0.5939666033 0.1223618686 -0.7951297164 0.0128469039 0.9867966175 0.1614540368 0.8043871522 -0.1061132625 0.5845522285
-175.3 -202.2 2492.5 0.6077103615 0.0287538618 -0.7936380506 -0.0563952513 0.9983838797 -0.0070114932 0.7921538353 0.0490183756 0.6083498597
-186.4 -589.6 2473.5 0.5995637774 -0.1022014469 -0.7937746048 0.0713797584 0.9946889281 -0.0741544589 0.7971374989 -0.0121991141 0.6036745906
58.8 -150.3 2152.9 0 0 0 0 0 0 0 0 0
-50.9 -308.9 2489.7 0 0 0 0 0 0 0 0 0
-312.3 -917.0 2374.9 0 0 0 0 0 0 0 0 0
-158.7 -859.9 2476.8 0 0 0 0 0 0 0 0 0
-27.7 369.0 2461.0 0 0.5117499232 0.3630883992 -0.7786390781 -0.2879601121 0.9263724089 0.2427202910 0.8094387054 0.1000049040 0.5786259770
-99.6 185.5 2441.2 0.5117499232 0.3630883992 -0.7786390781 -0.2879601121 0.9263724089 0.2427202910 0.8094387054 0.1000049040 0.5786259770
-164.7 3.2 2426.5 0.5249201655 0.3350841403 -0.7824177146 -0.2527692020 0.9391452670 0.2326238751 0.8127524257 0.0756621212 0.5776752234
-171.3 220.0 2330.2 -0.0752214715 0.6052720547 -0.7924566269 0.6843070984 0.6093758941 0.4004807174 0.7253037691 -0.5121589303 -0.4600301087
-149.8 23.8 2122.3 -0.7661696672 0.6052720547 -0.2159392536 0.6205168366 0.6093758941 -0.4935786426 -0.1671611667 -0.5121589303 -0.8424668312
-28.0 151.0 2552.2 -0.1843502223 0.9468262196 -0.2636951804 -0.9470536113 -0.0993633866 0.3053134680 0.2628771663 0.3060180843 0.9150128365
-72.5 -78.1 2615.8 0.0664352998 0.9468262196 -0.3148118556 -0.8702450395 -0.0993633866 -0.4824940562 -0.4881187975 0.3060180843 0.8173695803
-273.0 -158.2 2341.7 0.5909889936 -0.0187957082 -0.8064606190 -0.0048113433 0.9996286035 -0.0268236008 0.8066653013 0.0197326113 0.5906790495
-265.7 -546.3 2334.0 0.5940409899 0.1286665946 -0.7940782309 0.0173978657 0.9848398566 0.1725913584 0.8042466044 -0.1163415983 0.5827966928
-179.1 -203.0 2487.4 0.6092604399 0.0123177590 -0.7928745151 -0.0417319126 0.9989917874 -0.0165477153 0.7918713093 0.0431700386 0.6091602445
-183.9 -590.7 2470.6 0.6014932990 -0.1032486856 -0.7921776772 0.0697581917 0.9946135283 -0.0766664445 0.7958263755 -0.0091465311 0.6054558158
65.3 -150.4 2169.2 0 0 0 0 0 0 0 0 0
-55.0 -308.3 2486.7 0 0 0 0 0 0 0 0 0
-313.8 -913.9 2377.5 0 0 0 0 0 0 0 0 0
-156.2 -857.6 2473.1 0 0 0 0 0 0 0 0 0
-25.8 372.1 2461.5 1 0.4970797300 0.3710144460 -0.7843851447 -0.2866361141 0.9234406948 0.2551410794 0.8189941645 0.0980076641 0.5653697848
-99.5 188.8 2442.0 0.4970797300 0.3710144460 -0.7843851447 -0.2866361141 0.9234406948 0.2551410794 0.8189941645 0.0980076641 0.5653697848
-165.7 6.9 2427.8 0.5108551979 0.3413691521 -0.7889829278 -0.2506596446 0.9370464087 0.2431332171 0.8223118186 0.0735603198 0.5642625093
-169.2 223.0 2329.7 -0.0892755464 0.6177268028 -0.7813088298 0.7084178329 0.5907896757 0.3861498237 0.7001242638 -0.5190193653 -0.4903517663
-143.7 20.4 2129.5 -0.7585428357 0.6177268028 -0.2074279934 0.6217308640 0.5907896757 -0.5142161846 -0.1950988024 -0.5190193653 -0.8321990967
-29.7 154.6 2554.4 -0.1956975609 0.9413983226 -0.2747211158 -0.9435626864 -0.1044277772 0.3142997622 0.2671927512 0.3207242787 0.9087045789
-77.0 -73.7 2619.0 0.0667216554 0.9413983226 -0.3306318820 -0.8744226694 -0.1044277772 -0.4737929702 -0.4805550575 0.3207242787 0.8162124753
-276.8 -156.5 2339.1 0.5788755417 -0.0326243602 -0.8147630095 0.0010750622 0.9992289543 -0.0392468460 0.8154152036 0.0218431186 0.5784642696
-264.1 -544.3 2330.6 0.5817587376 0.1275548041 -0.8032972813 0.0222965367 0.9847543836 0.1725156456 0.8130557537 -0.1182732359 0.5700454116
-182.7 -201.7 2484.6 0.5972218513 0.0113101350 -0.8019963503 -0.0367917232 0.9992343783 -0.0133059770 0.8012318015 0.0374534465 0.5971807241
-187.1 -589.6 2470.1 0.5886839628 -0.1078546047 -0.8011358380 0.0790666416 0.9939895272 -0.0757188499 0.8044872284 -0.0187686495 0.5936733484
69.6 -154.4 2184.4 0 0 0 0 0 0 0 0 0
-59.4 -305.0 2491.9 0 0 0 0 0 0 0 0 0
-311.7 -911.9 2374.7 0 0 0 0 0 0 0 0 0
-157.9 -859.0 2475.2 0 0 0 0 0 0 0 0 0
-26.2 372.1 2461.7 2 0.4942750931 0.3720514774 -0.7856652141 -0.2867745757 0.9229765534 0.2566605508 0.8206415176 0.0984478816 0.5628992319
-99.7 189.6 2442.3 0.4942750931 0.3720514774 -0.7856652141 -0.2867745757 0.9229765534 0.2566605508 0.8206415176 0.0984478816 0.5628992319
-166.4 7.8 2428.0 0.5080214739 0.3435836434 -0.7898509502 -0.2510614991 0.9362463951 0.2457860410 0.8239431381 0.0734365880 0.5618938804
-169.1 223.9 2329.7 -0.1145218909 0.6389908791 -0.7606414557 0.7200661302 0.5808871388 0.3795720637 0.6843898892 -0.5042428374 -0.5266399384
-136.7 19.7 2135.7 -0.7466973066 0.6389908791 -0.1847532839 0.6258689165 0.5808871388 -0.5204404593 -0.2252358943 -0.5042428374 -0.8336713910
-30.3 155.3 2554.8 -0.1987947971 0.9402748346 -0.2763401568 -0.9427521825 -0.1064323857 0.3160544634 0.2677665055 0.3233502805 0.9076043963
-78.4 -72.7 2619.6 0.0658133999 0.9402748346 -0.3339937925 -0.8751105666 -0.1064323857 -0.4720737338 -0.4794268012 0.3233502805 0.8158397675
-277.8 -152.6 2339.8 0.5762181282 -0.0325965770 -0.8166456223 0.0160954632 0.9994631410 -0.0285369530 0.8171374202 0.0032992198 0.5764334798
-265.1 -540.5 2338.5 0.5749531388 0.1157513782 -0.8099570870 0.0049723238 0.9894294739 0.1449295133 0.8181712031 -0.0873550475 0.5683000684
-186.3 -197.4 2487.1 0.5950690508 -0.0009503626 -0.8036739826 -0.0257676896 0.9994626045 -0.0202612095 0.8032613993 0.0327656418 0.5947247744
-185.9 -585.4 2474.4 0.5890063047 -0.0950856507 -0.8025149703 0.0616134182 0.9954471588 -0.0727239326 0.8057762384 -0.0066108326 0.5921832323
74.2 -157.0 2199.3 0 0 0 0 0 0 0 0 0
-61.0 -304.3 2492.8 0 0 0 0 0 0 0 0 0
-308.3 -909.6 2371.1 0 0 0 0 0 0 0 0 0
-159.6 -860.2 2476.2 0 0 0 0 0 0 0 0 0
-28.8 373.9 2461.9 3 0.4934082925 0.3676471710 -0.7882790565 -0.2914662361 0.9237667322 0.2483998239 0.8195094466 0.1071941927 0.5629509091
-101.5 191.2 2440.7 0.4934082925 0.3676471710 -0.7882790565 -0.2914662361 0.9237667322 0.2483998239 0.8195094466 0.1071941927 0.5629509091
-167.5 9.4 2424.6 0.5065960288 0.3402625620 -0.7922006249 -0.2568078339 0.9366756082 0.2380935103 0.8230493665 0.0828261003 0.5618982315
-170.7 226.3 2328.2 -0.1128434017 0.5690106750 -0.8145509362 0.7131383419 0.6172222495 0.3323709667 0.6918815970 -0.5433816314 -0.4754327536
-140.1 32.7 2140.4 -0.7984703183 0.5690106750 -0.1966520548 0.5727141500 0.6172222495 -0.5394768119 -0.1855900288 -0.5433816314 -0.8187140822
-32.3 156.1 2553.1 -0.1963586956 0.9397376776 -0.2798862755 -0.9457790852 -0.1061980426 0.3069591224 0.2587376833 0.3249846697 0.9096371531
-79.8 -72.6 2615.7 0.0700810179 0.9397376776 -0.3346366882 -0.8705207109 -0.1061980426 -0.4805368781 -0.4871163964 0.3249846697 0.8106186390
-278.6 -151.4 2339.9 0.5738044381 -0.0373738669 -0.8181391358 0.0138114085 0.9992577434 -0.0359609686 0.8188759089 0.0093349088 0.5738946795
-264.1 -539.3 2336.3 0.5727019310 0.1204333007 -0.8108688593 0.0045549097 0.9886667728 0.1500575542 0.8197510242 -0.0896316916 0.5656628013
-187.6 -196.4 2487.6 0.5929499865 0.0030357647 -0.8052335382 -0.0318498164 0.9992988110 -0.0196858570 0.8046091795 0.0373192690 0.5926309228
-188.8 -584.3 2473.1 0.5844753981 -0.1138513237 -0.8033843040 0.0681905299 0.9934966564 -0.0911832899 0.8085409999 -0.0014888160 0.5884379745
83.3 -127.6 2192.3 0 0 0 0 0 0 0 0 0
-61.2 -302.9 2486.8 0 0 0 0 0 0 0 0 0
-309.1 -908.3 2369.8 0 0 0 0 0 0 0 0 0
-157.6 -857.1 2473.5 0 0 0 0 0 0 0 0 0
-31.6 371.2 2461.4 4 0.4747027755 0.3706067204 -0.7983157039 -0.2897468507 0.9222705960 0.2558587492 0.8310860395 0.1098525971 0.5451865196
-104.7 189.2 2439.7 0.4747027755 0.3706067204 -0.7983157039 -0.2897468507 0.9222705960 0.2558587492 0.8310860395 0.1098525971 0.5451865196
-171.6 7.7 2422.9 0.4873411059 0.3443855047 -0.8024321198 -0.2569206655 0.9348181486 0.2451669425 0.8345600367 0.0866814554 0.5440550447
-171.3 224.3 2325.7 -0.1440717727 0.5698944926 -0.8089892864 0.7221077085 0.6195201874 0.3078233600 0.6766120195 -0.5398287177 -0.5007805228
-132.1 27.7 2141.5 -0.8032518625 0.5698944926 -0.1732245237 0.5584971309 0.6195201874 -0.5516119003 -0.2070444971 -0.5398287177 -0.8159151673
-38.2 154.1 2553.7 -0.2078264207 0.9319208860 -0.2972064912 -0.9435810447 -0.1109204665 0.3120119572 0.2578041553 0.3452827334 0.9023950696
-88.4 -74.1 2616.1 0.0748306215 0.9319208860 -0.3548575640 -0.8727794290 -0.1109204665 -0.4753448665 -0.4823447466 0.3452827334 0.8050611019
-279.0 -149.4 2334.8 0.5556217432 -0.0382715687 -0.8305538893 0.0340805463 0.9991488457 -0.0232412387 0.8307363987 -0.0153923919 0.5564531088
-264.1 -537.2 2340.7 0.5501044989 0.1234975085 -0.8259136677 -0.0157719031 0.9903647304 0.1375826299 0.8349468708 -0.0626586005 0.5467519164
-188.2 -195.4 2482.2 0.5755372047 -0.0045405468 -0.8177629709 -0.0137420939 0.9997897148 -0.0152228437 0.8176600933 0.0199990887 0.5753538013
-186.5 -583.5 2474.5 0.5697656870 -0.1029939875 -0.8153277040 0.0553819947 0.9946722984 -0.0869472548 0.8199389577 0.0043850881 0.5724341869
93.2 -129.0 2199.6 0 0 0 0 0 0 0 0 0
-68.6 -305.0 2488.5 0 0 0 0 0 0 0 0 0
-310.2 -906.7 2364.1 0 0 0 0 0 0 0 0 0
-157.9 -859.1 2473.3 0 0 0 0 0 0 0 0 0
-31.9 373.9 2461.2 5 0.4579654634 0.3701292574 -0.8082523942 -0.2817863226 0.9227563739 0.2629014552 0.8431275487 0.1073546931 0.5268878937
-105.3 191.1 2439.9 0.4579654634 0.3701292574 -0.8082523942 -0.2817863226 0.9227563739 0.2629014552 0.8431275487 0.1073546931 0.5268878937
-172.0 9.5 2423.8 0.4709185660 0.3436807096 -0.8124772310 -0.2480671257 0.9354183078 0.2519034147 0.8465804458 0.0829228982 0.5257617235
-169.6 225.0 2324.3 -0.1814183444 0.5914792418 -0.7856460214 0.7316683531 0.6149815917 0.2940392792 0.6570760012 -0.5214881897 -0.5443356037
-119.5 23.0 2142.9 -0.7897244096 0.5914792418 -0.1627503783 0.5723793507 0.6149815917 -0.5423831940 -0.2207199335 -0.5214881897 -0.8242164850
-40.9 157.2 2555.5 -0.2138509154 0.9249718785 -0.3141573668 -0.9404605031 -0.1079658046 0.3223002851 0.2642004192 0.3643767834 0.8929880857
-92.7 -70.2 2619.4 0.0830690041 0.9249718785 -0.3708457947 -0.8781725764 -0.1079658046 -0.4660003185 -0.4710758328 0.3643767834 0.8033162951
-282.1 -150.7 2331.3 0.5400389433 -0.0380678736 -0.8407786489 0.0305628181 0.9992046952 -0.0256101731 0.8410848975 -0.0118660750 0.5407729149
-267.3 -538.6 2335.9 0.5390447378 0.1187616587 -0.8338623643 0.0221319087 0.9876705408 0.1549745947 0.8419862986 -0.1019931957 0.5297701359
-194.8 -196.8 2480.8 0.5596346259 -0.0235697515 -0.8284042478 -0.0011081713 0.9995732903 -0.0291884877 0.8287387490 0.0172529016 0.5593696833
-185.6 -584.7 2474.1 0.5552302003 -0.0921217725 -0.8265790939 0.0566729233 0.9957274199 -0.0729048848 0.8297635913 -0.0063656592 0.5580787659
102.7 -138.0 2205.0 0 0 0 0 0 0 0 0 0
-70.7 -302.5 2494.8 0 0 0 0 0 0 0 0 0
-311.6 -906.9 2373.9 0 0 0 0 0 0 0 0 0
-160.3 -858.8 2475.9 0 0 0 0 0 0 0 0 0
-32.0 373.2 2461.6 6 0.4551675022 0.3623410165 -0.8133459091 -0.2785168886 0.9255559444 0.2564653754 0.8457250595 0.1097958535 0.5222010612
-103.7 190.1 2439.9 0.4551675022 0.3623410165 -0.8133459091 -0.2785168886 0.9255559444 0.2564653754 0.8457250595 0.1097958535 0.5222010612
-169.1 8.1 2423.2 0.4674340785 0.3369684219 -0.8172867894 -0.2458355576 0.9375849962 0.2459658384 0.8491585851 0.0859453380 0.5210980177
-167.5 223.7 2323.9 -0.2137716264 0.6287951469 -0.7476084232 0.7282111049 0.6126975417 0.3070997894 0.6511607170 -0.4787675440 -0.5888729692
-107.9 20.7 2142.4 -0.7657704949 0.6287951469 -0.1349525154 0.5948109031 0.6126975417 -0.5203860998 -0.2445311695 -0.4787675440 -0.8431999683
-39.8 156.5 2555.9 -0.2091614455 0.9234635234 -0.3216623366 -0.9421206713 -0.1021572128 0.3193313479 0.2620307207 0.3698365390 0.8913814425
-90.4 -71.3 2619.2 0.0917978361 0.9234635234 -0.3725430369 -0.8770833015 -0.1021572128 -0.4693492949 -0.4714848995 0.3698365390 0.8005766273
-280.9 -149.8 2331.9 0.5346919298 -0.0333010443 -0.8443906307 0.0344494022 0.9992515445 -0.0175941102 0.8443445563 -0.0196813252 0.5354389548
-267.9 -537.7 2339.5 0.5323408246 0.1097454131 -0.8393861651 0.0119982120 0.9904831648 0.1371098608 0.8464450836 -0.0830603093 0.5259578824
-196.5 -194.3 2483.5 0.5550788045 -0.0315893777 -0.8311977386 -0.0131567158 0.9988201857 -0.0467459448 0.8316937089 0.0368835144 0.5540082455
-184.3 -581.9 2469.2 0.5497996211 -0.0890263766 -0.8305388093 0.0649379790 0.9958503246 -0.0637586936 0.8327684999 -0.0188790001 0.5532993674
108.7 -147.5 2211.5 0 0 0 0 0 0 0 0 0
-66.1 -303.3 2494.5 0 0 0 0 0 0 0 0 0
-308.9 -907.2 2370.5 0 0 0 0 0 0 0 0 0
-159.6 -857.2 2474.4 0 0 0 0 0 0 0 0 0
-30.8 375.3 2469.8 7 0.3950608075 0.3738500178 -0.8391442895 -0.2830125093 0.9185504913 0.2759870589 0.8739742041 0.1284566671 0.4686875641
-104.8 193.4 2444.3 0.3950608075 0.3738500178 -0.8391442895 -0.2830125093 0.9185504913 0.2759870589 0.8739742041 0.1284566671 0.4686875641
-172.1 12.4 2424.6 0.4088058472 0.3474227786 -0.8439047337 -0.2477429658 0.9322273731 0.2637717724 0.8783513904 0.1012400314 0.4671715200
-160.5 227.2 2324.6 -0.2438259870 0.6524345875 -0.7175499797 0.7292758822 0.6110728383 0.3078094125 0.6393008232 -0.4482399821 -0.6248002648
-90.5 17.8 2141.0 -0.7474381924 0.6524345875 -0.1251607090 0.6165358424 0.6110728383 -0.4964609742 -0.2474260032 -0.4482399821 -0.8589885235
-49.1 159.6 2564.1 -0.2416030616 0.8964791894 -0.3714202046 -0.9367485046 -0.1155808046 0.3303684294 0.2532393932 0.4277453423 0.8677002788
-107.5 -66.8 2625.3 0.1053161174 0.8964791894 -0.4303876460 -0.8821285963 -0.1155808046 -0.4566073120 -0.4590834975 0.4277453423 0.7786374092
-276.3 -151.8 2330.4 0.4811339080 -0.0309897512 -0.8760991693 0.0330968499 0.9993046522 -0.0171717834 0.8760221004 -0.0207341965 0.4818249941
-264.3 -539.8 2338.5 0.4786325395 0.1346051991 -0.8676360846 0.0141106872 0.9868718386 0.1608876437 0.8779019117 -0.0892490000 0.4704495966
-192.6 -195.9 2482.6 0.5014342666 -0.0219156388 -0.8649181128 -0.0148163503 0.9993150234 -0.0339107849 0.8650688529 0.0298189595 0.5007660985
-184.1 -583.8 2471.0 0.4960568249 -0.0942802280 -0.8631563187 0.0549139306 0.9955039620 -0.0771771073 0.8665518165 -0.0091150766 0.4990038276
121.3 -157.0 2211.2 0 0 0 0 0 0 0 0 0
-79.6 -300.1 2503.9 0 0 0 0 0 0 0 0 0
-314.5 -907.9 2371.8 0 0 0 0 0 0 0 0 0
-158.3 -856.1 2473.5 0 0 0 0 0 0 0 0 0
-28.6 375.6 2464.4 8 0.4305790365 0.3772668839 -0.8199216127 -0.2806619406 0.9193757176 0.2756395936 0.8578056693 0.1114361659 0.5017483234
-103.2 193.8 2442.3 0.4305790365 0.3772668839 -0.8199216127 -0.2806619406 0.9193757176 0.2756395936 0.8578056693 0.1114361659 0.5017483234
-171.8 13.1 2425.0 0.4424108565 0.3540154099 -0.8239816427 -0.2507240772 0.9309769273 0.2653665245 0.8610517383 0.0891910046 0.5006344914
-163.5 228.0 2324.9 -0.2804107964 0.6545332074 -0.7021082640 0.7168611884 0.6292329431 0.3002930880 0.6383414865 -0.4191087484 -0.6456531882
-80.7 16.3 2136.4 -0.7472982407 0.6545332074 -0.1145929769 0.6224862933 0.6292329431 -0.4653780162 -0.2324997038 -0.4191087484 -0.8776626587
-42.9 159.6 2559.8 -0.2342103273 0.9123469591 -0.3358102739 -0.9364524484 -0.1189270392 0.3300200105 0.2611558437 0.3917644322 0.8822234869
-99.5 -66.8 2622.9 0.0845186114 0.9123469591 -0.4005990624 -0.8815613389 -0.1189270392 -0.4568434358 -0.4644417763 0.3917644322 0.7942382693
-276.0 -146.4 2326.4 0.5154159069 -0.0359259173 -0.8561867476 0.0310766399 0.9992472529 -0.0232209619 0.8563764691 -0.0146389548 0.5161443949
-262.1 -534.3 2332.1 0.5138731599 0.1401486397 -0.8463407755 0.0200143978 0.9843379259 0.1751522422 0.8576326370 -0.1069450378 0.5030198693
-202.9 -190.7 2483.4 0.5348041058 -0.0449020788 -0.8437821865 -0.0067349770 0.9983288050 -0.0573950671 0.8449492455 0.0363779701 0.5336079597
-185.5 -578.1 2469.3 0.5294816494 -0.0948867574 -0.8429980278 0.0627364442 0.9953835011 -0.0726347044 0.8459984064 -0.0144279534 0.5329901576
131.5 -160.5 2202.4 0 0 0 0 0 0 0 0 0
-77.2 -300.0 2500.1 0 0 0 0 0 0 0 0 0
-314.4 -901.6 2372.0 0 0 0 0 0 0 0 0 0
-158.9 -857.4 2473.4 0 0 0 0 0 0 0 0 0
-27.6 375.1 2462.2 9 0.4286080599 0.3781476319 -0.8205482960 -0.2814608514 0.9188885689 0.2764482498 0.8585306406 0.1124642789 0.5002768040
-102.2 193.9 2440.0 0.4286080599 0.3781476319 -0.8205482960 -0.2814608514 0.9188885689 0.2764482498 0.8585306406 0.1124642789 0.5002768040
-171.1 13.3 2423.2 0.4415957332 0.3553136885 -0.8238600492 -0.2487089038 0.9307352304 0.2680967152 0.8620539904 0.0865109637 0.4993783832
-162.5 227.9 2322.3 -0.3009366691 0.6482806206 -0.6994064450 0.7054114342 0.6448578238 0.2941989601 0.6417412162 -0.4048340619 -0.6513659358
-72.8 17.7 2131.1 -0.7546929717 0.6482806206 -0.1008501202 0.6146390438 0.6448578238 -0.4542875588 -0.2294718176 -0.4048340619 -0.8851282597
-41.9 160.0 2557.7 -0.2358152121 0.9119557142 -0.3357498050 -0.9351929426 -0.1190276518 0.3335363865 0.2642069161 0.3926438093 0.8809231520
-98.9 -66.2 2621.6 0.0836407989 0.9119557142 -0.4016726911 -0.8829638958 -0.1190276518 -0.4541004598 -0.4619296789 0.3926438093 0.7952684164
-280.0 -145.2 2330.7 0.5153575540 -0.0497613735 -0.8555293083 0.0247379448 0.9987605214 -0.0431905836 0.8566181660 0.0010945552 0.5159497857
-260.7 -532.9 2330.3 0.5159192681 0.1459702849 -0.8441089988 0.0284913089 0.9819060564 0.1872131675 0.8561632633 -0.1206366494 0.5024253726
-200.9 -190.1 2484.7 0.5347850919 -0.0485767201 -0.8435906768 -0.0143395066 0.9976807237 -0.0665401071 0.8448663950 0.0476813316 0.5328482389
-182.0 -577.3 2466.2 0.5298985839 -0.0804983974 -0.8442319036 0.0695207641 0.9962576032 -0.0513581485 0.8452066779 -0.0314770378 0.5335118175
141.5 -156.8 2196.2 0 0 0 0 0 0 0 0 0
-76.8 -299.8 2499.4 0 0 0 0 0 0 0 0 0
-315.2 -899.3 2375.3 0 0 0 0 0 0 0 0 0
-159.6 -855.4 2475.0 0 0 0 0 0 0 0 0 0
-33.8 374.1 2462.1 0 0.3836277723 0.3570504189 -0.8516716957 -0.2610670328 0.9265457392 0.2708449662 0.8858181238 0.1184397414 0.4486627877
-103.9 192.1 2438.8 0.3836277723 0.3570504189 -0.8516716957 -0.2610670328 0.9265457392 0.2708449662 0.8858181238 0.1184397414 0.4486627877
-169.3 10.2 2421.7 0.3964730501 0.3368956149 -0.8539967537 -0.2265651673 0.9373660088 0.2645999789 0.8896501064 0.0885791481 0.4479691684
-158.0 223.1 2317.5 -0.2970083356 0.6391314268 -0.7094343305 0.6876491904 0.6586465240 0.3054887354 0.6625139117 -0.3971092105 -0.6351217031
-70.7 20.9 2122.8 -0.7624705434 0.6391314268 -0.1007456258 0.6102641225 0.6586465240 -0.4401845932 -0.2149800509 -0.3971092105 -0.8922375441
-49.9 161.1 2560.1 -0.2372066081 0.8902668357 -0.3887904882 -0.9336687326 -0.0983850211 0.3443589509 0.2683201730 0.4446857274 0.8545518517
