-196.0 480.5 2757.2 31 0.4104342163 0.1602838933 -0.8976930380 -0.2211301625 0.9725423455 0.0725453943 0.8846724033 0.1687318981 0.4346082509
-228.4 283.9 2723.1 0.4104342163 0.1602838933 -0.8976930380 -0.2211301625 0.9725423455 0.0725453943 0.8846724033 0.1687318981 0.4346082509
-259.6 89.7 2694.8 0.4145527184 0.1568591893 -0.8964046240 -0.1958085299 0.9773352146 0.0804670602 0.8887097836 0.1421658397 0.4358713329
-289.0 312.5 2593.3 -0.3549947143 0.7248888612 -0.5903514624 0.7835608721 0.5751430988 0.2350377291 0.5099128485 -0.3791391850 -0.7721673250
-168.4 46.5 2420.2 -0.6580859423 0.7248888612 -0.2036149055 0.7408586144 0.5751430988 -0.3468989432 -0.1343554705 -0.3791391850 -0.9155337811
-167.9 255.3 2852.9 -0.2741741240 0.9343765378 -0.2275280207 -0.3520141244 0.1226647943 0.9279220700 0.8949382901 0.3345053196 0.2952822447
-270.7 123.3 3188.5 0.3365922272 0.9392158389 0.0676706135 -0.1392320544 0.1207136363 -0.9828746915 -0.9313002229 0.3214060664 0.1714002192
-320.0 -83.5 2575.4 0.5003965497 0.1536944956 -0.8520453572 -0.0229146499 0.9861238003 0.1644224524 0.8654930592 -0.0627521053 0.4969747961
-381.1 -475.2 2600.3 0.5049617290 -0.0027786216 -0.8631372452 -0.1509678364 0.9842959046 -0.0914894640 0.8498366475 0.1765046418 0.4966122508
-246.0 -120.6 2738.9 -0.2917795777 0.2569426000 0.9213279486 -0.0091821766 0.9624460340 -0.2713176906 -0.9564415216 -0.0876247510 -0.2784627974
-348.0 -502.9 2773.7 -0.2898722589 -0.2299897522 0.9290203452 -0.0172844343 0.9717965722 0.2351864278 -0.9569092393 0.0521164350 -0.2856721282
26.0 -172.4 2459.9 0 0 0 0 0 0 0 0 0
-183.4 87.1 2946.8 0 0 0 0 0 0 0 0 0
-380.1 -820.4 2538.4 0 0 0 0 0 0 0 0 0
-270.8 -828.9 2756.2 0 0 0 0 0 0 0 0 0
-195.3 480.8 2757.0 32 0.4258832633 0.1585335582 -0.8907808661 -0.2051466554 0.9758082628 0.0755851641 0.8812140822 0.1505502611 0.4481030405
-227.4 283.2 2726.5 0.4258832633 0.1585335582 -0.8907808661 -0.2051466554 0.9758082628 0.0755851641 0.8812140822 0.1505502611 0.4481030405
-257.7 88.6 2700.7 0.4292642176 0.1528065056 -0.8901586533 -0.1839108616 0.9797232151 0.0794933960 0.8842561841 0.1295861602 0.4486629069
-290.1 310.1 2597.4 -0.3113598824 0.7405780554 -0.5954823494 0.7799506187 0.5571407080 0.2850812376 0.5428923368 -0.3756839335 -0.7510855198
-184.6 45.9 2413.5 -0.6492906809 0.7405780554 -0.1731062680 0.7373244762 0.5571407080 -0.3820298910 -0.1864783913 -0.3756839335 -0.9077925682
-164.7 256.4 2855.6 -0.2583057880 0.9385610223 -0.2288697064 -0.3442427814 0.1319351941 0.9295644164 0.9026488662 0.3188986182 0.2890132368
-261.6 127.2 3194.2 0.3232989311 0.9432010055 0.0764830187 -0.1469432265 0.1298815012 -0.9805806875 -0.9348184466 0.3057820201 0.1805875450
-328.7 -86.5 2585.1 0.5095627308 0.1318423748 -0.8502725363 -0.0397574231 0.9907431602 0.1297972500 0.8595144749 -0.0323351994 0.5100875497
-381.1 -479.9 2597.9 0.5123780966 0.0000520445 -0.8587599993 -0.1438558400 0.9858745933 -0.0857716575 0.8466252089 0.1674851626 0.5051479936
-252.7 -122.4 2748.1 -0.2945602536 0.2432120293 0.9241656661 0.0247751009 0.9686903358 -0.2470329553 -0.9553117156 -0.0498697869 -0.2913632691
-349.3 -507.0 2767.9 -0.2822718024 -0.2342519611 0.9302949309 -0.0279424191 0.9713256359 0.2361053228 -0.9589274526 0.0406511873 -0.2807234228
6.6 -171.2 2468.4 0 0 0 0 0 0 0 0 0
-177.7 89.1 2951.6 0 0 0 0 0 0 0 0 0
-381.1 -822.8 2539.7 0 0 0 0 0 0 0 0 0
-272.2 -826.4 2754.5 0 0 0 0 0 0 0 0 0
-195.5 481.1 2755.9 33 0.4166043699 0.1621338725 -0.8945129514 -0.1960191876 0.9768424034 0.0857637599 0.8877033591 0.1396121383 0.4387381673
-228.3 283.7 2727.7 0.4166043699 0.1621338725 -0.8945129514 -0.1960191876 0.9768424034 0.0857637599 0.8877033591 0.1396121383 0.4387381673
-258.6 88.7 2704.0 0.4202494025 0.1524613947 -0.8945087790 -0.1733334064 0.9811195731 0.0857896507 0.8906996846 0.1189952120 0.4387415648
-289.7 309.0 2597.6 -0.2540605664 0.7261388898 -0.6388861537 0.7962287068 0.5320215225 0.2880501151 0.5490655899 -0.4355173409 -0.7133383751
-205.9 46.5 2416.6 -0.6536849141 0.7261388898 -0.2131156921 0.7305518985 0.5320215225 -0.4280736148 -0.1974587739 -0.4355173409 -0.8782566190
-166.9 258.3 2857.7 -0.2676577270 0.9354533553 -0.2308383584 -0.3328622580 0.1350549906 0.9332539439 0.9041913748 0.3266299963 0.2752285898
-267.3 133.5 3196.9 0.3324559331 0.9402323365 0.0737307891 -0.1586914062 0.1328316033 -0.9783520699 -0.9296720624 0.3135585189 0.1933674514
-327.4 -89.2 2593.9 0.4972292483 0.1282337308 -0.8580904007 -0.0576348640 0.9917146564 0.1148055270 0.8657027483 -0.0076287445 0.5005002618
-378.3 -483.1 2596.9 0.4986708164 0.0059138751 -0.8667712808 -0.1457100958 0.9863184690 -0.0771003962 0.8544565439 0.1647450477 0.4927099347
-248.7 -123.0 2756.1 -0.1425653100 0.2748602033 0.9508559108 0.0031168037 0.9607886672 -0.2772640884 -0.9897804856 -0.0365646109 -0.1378318220
-357.8 -504.4 2770.6 -0.1425653100 -0.2652860582 0.9535714388 0.0031168037 0.9632871747 0.2684549987 -0.9897804856 0.0412444659 -0.1365044862
-14.1 -167.8 2474.5 0 0 0 0 0 0 0 0 0
-181.0 92.3 2955.6 0 0 0 0 0 0 0 0 0
-380.4 -821.6 2540.4 0 0 0 0 0 0 0 0 0
-267.4 -832.7 2756.5 0 0 0 0 0 0 0 0 0
-194.2 481.6 2755.8 34 0.3920500875 0.1713083833 -0.9038529396 -0.1980325580 0.9751900434 0.0989315212 0.8983762264 0.1402062029 0.4162479937
-229.2 282.6 2727.2 0.3920500875 0.1713083833 -0.9038529396 -0.1980325580 0.9751900434 0.0989315212 0.8983762264 0.1402062029 0.4162479937
-259.6 87.6 2704.1 0.3968992233 0.1527750194 -0.9050584435 -0.1687571555 0.9813870788 0.0916535780 0.9022150636 0.1163578480 0.4152936637
-287.2 307.2 2595.5 -0.1976964474 0.6999613047 -0.6862727404 0.8112131953 0.5098503828 0.2863315940 0.5503174663 -0.5001067519 -0.6686134338
-223.8 47.2 2419.0 -0.6648210883 0.6999613047 -0.2608967423 0.7209716439 0.5098503828 -0.4693106115 -0.1954809725 -0.5001067519 -0.8436115384
-171.3 258.0 2858.9 -0.2916781306 0.9273129106 -0.2345519960 -0.3260054886 0.1341566294 0.9358004332 0.8992465138 0.3494177461 0.2631785274
-280.6 135.7 3196.2 0.3553736806 0.9324335456 0.0654008016 -0.1660228223 0.1318211854 -0.9772714972 -0.9198619127 0.3364385664 0.2016510218
-327.4 -90.3 2598.7 0.4727449119 0.1352344602 -0.8707605004 -0.0693848804 0.9907984734 0.1162073165 0.8784634471 0.0054811956 0.4777781665
-381.1 -483.9 2596.5 0.4738719761 -0.0000022269 -0.8805937171 -0.1377880722 0.9876822233 -0.0741500929 0.8697469831 0.1564729661 0.4680346549
-252.7 -123.3 2760.7 -0.1160602123 0.1463793218 0.9823966026 0.0030088194 0.9891279340 -0.1470268369 -0.9932376146 -0.0141081121 -0.1152388230
-310.4 -512.7 2766.2 -0.1169330925 -0.1181023344 0.9860925078 0.0103194267 0.9927060008 0.1201181114 -0.9930861592 0.0242216922 -0.1148614287
-29.2 -163.9 2476.3 0 0 0 0 0 0 0 0 0
-188.4 92.6 2957.5 0 0 0 0 0 0 0 0 0
-381.1 -820.9 2543.1 0 0 0 0 0 0 0 0 0
-268.1 -867.9 2757.6 0 0 0 0 0 0 0 0 0
-194.2 482.5 2755.8 35 0.3774299324 0.1750026047 -0.9093518257 -0.2014335245 0.9739829898 0.1038349718 0.9038645625 0.1439835131 0.4028617144
-230.0 283.0 2726.3 0.3774299324 0.1750026047 -0.9093518257 -0.2014335245 0.9739829898 0.1038349718 0.9038645625 0.1439835131 0.4028617144
-261.1 88.1 2702.7 0.3826052845 0.1563802958 -0.9105813503 -0.1709088832 0.9805415869 0.0965830758 0.9079666138 0.1186732575 0.4018871784
-285.9 307.9 2593.7 -0.1286290884 0.6780838966 -0.7236413360 0.8149199486 0.4880979955 0.3125152588 0.5651194453 -0.5495112538 -0.6153677106
-246.2 56.6 2419.4 -0.6817402840 0.6780838966 -0.2746496797 0.6970715523 0.4880979955 -0.5252158046 -0.2220844179 -0.5495112538 -0.8054290414
-174.2 258.0 2858.9 -0.3066841960 0.9227758646 -0.2333012670 -0.3243587911 0.1291173548 0.9370806217 0.8948386312 0.3630611300 0.2597122192
-289.2 136.4 3194.5 0.3680088520 0.9280671477 0.0571039841 -0.1679683179 0.1267572045 -0.9776089191 -0.9145250916 0.3501770794 0.2025336474
-326.3 -92.0 2598.3 0.4596018195 0.1392831355 -0.8771353364 -0.0700514317 0.9902341366 0.1205368713 0.8853580952 0.0060456204 0.4648703933
-381.7 -485.4 2595.8 0.4606538713 0.0006459499 -0.8875796199 -0.1384992599 0.9878025651 -0.0711622387 0.8767074347 0.1557102948 0.4551245570
-254.8 -123.5 2763.0 -0.0971329063 0.1467231810 0.9843970537 0.0316113420 0.9890297651 -0.1442945004 -0.9947692752 0.0171023663 -0.1007054523
-312.8 -514.5 2756.2 -0.0946520045 -0.0352940150 0.9948846102 -0.0469959378 0.9984155297 0.0309481453 -0.9944005013 -0.0438262299 -0.0961607099
-49.2 -144.9 2483.6 0 0 0 0 0 0 0 0 0
-193.7 92.8 2957.2 0 0 0 0 0 0 0 0 0
-381.9 -820.5 2543.0 0 0 0 0 0 0 0 0 0
-299.8 -881.9 2772.4 0 0 0 0 0 0 0 0 0
-193.8 481.2 2755.8 36 0.4104729593 0.1786102504 -0.8942093253 -0.2043807805 0.9737011790 0.1006701961 0.8886734247 0.1414368153 0.4361824989
-230.3 282.1 2726.9 0.4104729593 0.1786102504 -0.8942093253 -0.2043807805 0.9737011790 0.1006701961 0.8886734247 0.1414368153 0.4361824989
-261.4 87.3 2703.2 0.4155635238 0.1564289033 -0.8960117102 -0.1746888012 0.9804873466 0.0901575983 0.8926313519 0.1190569997 0.4347811639
-290.9 307.6 2596.6 -0.1326868087 0.6876946688 -0.7137718201 0.8292273879 0.4714966416 0.3001213968 0.5429329276 -0.5520569682 -0.6328166723
-249.9 51.5 2428.9 -0.6831889153 0.6876946688 -0.2456193864 0.6775436401 0.4714966416 -0.5644692183 -0.2723737657 -0.5520569682 -0.7880644798
-169.6 256.6 2857.2 -0.2731061876 0.9346207380 -0.2278093249 -0.3312216997 0.1309735179 0.9344186187 0.9031639695 0.3306508958 0.2737970054
-272.0 132.5 3195.8 0.3357097805 0.9394819736 0.0683562979 -0.1609233171 0.1287016422 -0.9785395265 -0.9281178117 0.3175051510 0.1943909526
-327.3 -91.0 2595.9 0.4926547110 0.1379362345 -0.8592234254 -0.0633879900 0.9904231429 0.1226536036 0.8679131866 -0.0059614326 0.4966801405
-382.1 -484.6 2598.2 0.4940042794 0.0012722713 -0.8694585562 -0.1392965466 0.9871976376 -0.0777002051 0.8582285643 0.1594967991 0.4878570735
-257.7 -122.7 2762.0 -0.1338558346 0.1422783136 0.9807341695 0.0298559759 0.9897698760 -0.1395142525 -0.9905509949 0.0106059806 -0.1367343217
-314.1 -515.0 2757.8 -0.1341889352 0.0013629550 0.9909548163 -0.0311795585 0.9994981289 -0.0055968473 -0.9904651046 -0.0316485688 -0.1340790987
-51.0 -145.8 2508.2 0 0 0 0 0 0 0 0 0
-184.9 90.7 2955.0 0 0 0 0 0 0 0 0 0
-382.5 -820.4 2544.0 0 0 0 0 0 0 0 0 0
-314.6 -889.6 2769.7 0 0 0 0 0 0 0 0 0
-194.1 482.8 2756.3 37 0.4211722612 0.1739247441 -0.8901483417 -0.2052730322 0.9742538333 0.0932333842 0.8834460378 0.1434561312 0.4460307658
-229.7 283.5 2726.9 0.4211722612 0.1739247441 -0.8901483417 -0.2052730322 0.9742538333 0.0932333842 0.8834460378 0.1434561312 0.4460307658
-260.4 88.7 2702.1 0.4254176617 0.1544250846 -0.8917245865 -0.1800044775 0.9800853133 0.0838517696 0.8869149685 0.1248423904 0.4447428286
-291.8 309.8 2597.4 -0.1460986882 0.7049822211 -0.6940138340 0.8442243338 0.4545538127 0.2840178013 0.5156941414 -0.5444087386 -0.6615728736
-246.4 47.2 2437.0 -0.6703043580 0.7049822211 -0.2317157090 0.6778302789 0.4545538127 -0.5778641701 -0.3020567000 -0.5444087386 -0.7825476527
-167.6 257.2 2856.4 -0.2625778913 0.9375854135 -0.2280053198 -0.3388627172 0.1316439211 0.9315803647 0.9034516811 0.3218749166 0.2831459343
-266.1 130.1 3195.2 0.3265566528 0.9423040748 0.0736463740 -0.1527088881 0.1294944882 -0.9797505736 -0.9327597618 0.3086976111 0.1861854941
-330.5 -91.5 2597.7 0.5027629137 0.1305455863 -0.8545100093 -0.0616553165 0.9914285541 0.1151871905 0.8622227907 -0.0052267611 0.5065023303
-382.4 -485.5 2599.8 0.5046322346 -0.0002091486 -0.8633344173 -0.1465313435 0.9854702950 -0.0858885571 0.8508083820 0.1698476821 0.4972694218
-254.7 -123.7 2761.2 -0.1481499225 0.1554607600 0.9766696095 0.0108103584 0.9877631068 -0.1555867344 -0.9889058471 -0.0124920141 -0.1480176002
-316.3 -515.6 2766.1 -0.1486275345 0.0151925804 0.9887765646 -0.0168749411 0.9996974468 -0.0178969298 -0.9887492657 -0.0193455219 -0.1483261883
-49.8 -151.6 2525.6 0 0 0 0 0 0 0 0 0
-181.3 90.5 2953.2 0 0 0 0 0 0 0 0 0
-382.3 -819.0 2542.3 0 0 0 0 0 0 0 0 0
-322.1 -893.9 2773.5 0 0 0 0 0 0 0 0 0
-195.9 481.0 2756.5 38 0.4546086490 0.1629527956 -0.8756582141 -0.2071444541 0.9755082130 0.0739924833 0.8662691116 0.1477501243 0.4772292376
-229.2 282.2 2726.4 0.4546086490 0.1629527956 -0.8756582141 -0.2071444541 0.9755082130 0.0739924833 0.8662691116 0.1477501243 0.4772292376
-257.7 87.3 2700.2 0.4582459033 0.1436976343 -0.8771326542 -0.1839400679 0.9808132648 0.0645863190 0.8695842624 0.1317434162 0.4758854210
-296.1 309.0 2599.5 -0.2388705313 0.7510677576 -0.6154983044 0.8646339774 0.4530103207 0.2172318995 0.4419829547 -0.4802904427 -0.7576094866
-220.0 33.9 2458.8 -0.6406447887 0.7510677576 -0.1595980823 0.6759100556 0.4530103207 -0.5813151002 -0.3643074632 -0.4802904427 -0.7978729010
-162.3 255.4 2853.3 -0.2262737155 0.9459595084 -0.2322945744 -0.3536761105 0.1424162537 0.9244624376 0.9075865746 0.2913385928 0.3023382127
-247.1 122.8 3193.5 0.2965628207 0.9502945542 0.0948197320 -0.1366129220 0.1404783577 -0.9806134701 -0.9451917410 0.2778598666 0.1714831740
-330.1 -89.5 2596.0 0.5327216387 0.1348233372 -0.8354821205 -0.0654609650 0.9908353090 0.1181536391 0.8437550068 -0.0082515338 0.5366650820
-383.7 -483.3 2599.3 0.5343024135 -0.0012462414 -0.8452925086 -0.1393940151 0.9861782789 -0.0895637572 0.8337207437 0.1656828374 0.5267437100
-252.3 -122.6 2758.5 -0.1872297376 0.1631870419 0.9686666131 -0.0131334122 0.9856007695 -0.1685783714 -0.9822283387 -0.0442847833 -0.1823905706
-317.0 -513.8 2776.1 -0.1867590547 0.0165341478 0.9822666049 0.0225147530 0.9996677637 -0.0125463093 -0.9821476936 0.0197723527 -0.1870692670
-34.8 -161.6 2564.2 0 0 0 0 0 0 0 0 0
-170.2 87.4 2948.3 0 0 0 0 0 0 0 0 0
-383.3 -818.5 2543.0 0 0 0 0 0 0 0 0 0
-323.3 -893.7 2768.6 0 0 0 0 0 0 0 0 0
-194.6 481.1 2755.1 39 0.4754983783 0.1736115813 -0.8624153733 -0.2236458212 0.9719808102 0.0723594502 0.8508136272 0.1584687978 0.5010027885
-230.0 283.0 2722.8 0.4754983783 0.1736115813 -0.8624153733 -0.2236458212 0.9719808102 0.0723594502 0.8508136272 0.1584687978 0.5010027885
-259.9 88.4 2695.6 0.4805160463 0.1501593292 -0.8640350103 -0.1934085786 0.9791192412 0.0625992715 0.8553931713 0.1370318383 0.4995245934
-300.1 311.2 2598.0 -0.2853685021 0.7563576102 -0.5886322856 0.8675076962 0.4649285078 0.1768384874 0.4074250758 -0.4601789117 -0.7888219953
-207.0 28.0 2465.0 -0.6405278444 0.7563576102 -0.1328428090 0.6692194939 0.4649285078 -0.5796436667 -0.3766554892 -0.4601789117 -0.8039689064
-159.8 254.7 2847.7 -0.2033109963 0.9537572861 -0.2213859260 -0.3616702259 0.1369620562 0.9221909046 0.9098677039 0.2675602436 0.3170997202
-236.1 119.1 3188.8 0.2711116076 0.9577171206 0.0963139161 -0.1283840984 0.1351466179 -0.9824728370 -0.9539476037 0.2539946437 0.1595954746
-328.3 -90.8 2594.3 0.5557772517 0.1366562247 -0.8200224042 -0.0667469278 0.9905474186 0.1198358089 0.8286473751 -0.0118680391 0.5596451163
-382.6 -484.4 2599.0 0.5570149422 0.0033207566 -0.8304958344 -0.1389536113 0.9862686396 -0.0892527923 0.8187956214 0.1651155353 0.5498278141
-244.4 -124.5 2753.6 -0.2111163437 0.1870128810 0.9594039917 0.0081890067 0.9818306565 -0.1895824373 -0.9774266481 -0.0321673863 -0.2088119537
-318.7 -514.3 2766.4 -0.2111176401 0.0000234656 0.9774606824 0.0047964505 0.9999879599 0.0010119589 -0.9774488807 0.0049019842 -0.2111152112
-21.6 -165.7 2574.0 0 0 0 0 0 0 0 0 0
-165.7 85.8 2941.4 0 0 0 0 0 0 0 0 0
-383.8 -817.7 2543.2 0 0 0 0 0 0 0 0 0
-318.7 -895.2 2764.5 0 0 0 0 0 0 0 0 0
-197.5 481.2 2756.0 40 0.4725912809 0.1656838059 -0.8655670881 -0.2199602574 0.9732598662 0.0662017986 0.8533902764 0.1591039598 0.4963980019
-231.1 283.6 2723.6 0.4725912809 0.1656838059 -0.8655670881 -0.2199602574 0.9732598662 0.0662017986 0.8533902764 0.1591039598 0.4963980019
-259.9 88.9 2696.0 0.4770096242 0.1447303146 -0.8668996096 -0.1921630651 0.9796583056 0.0578182638 0.8576334715 0.1390062124 0.4951182604
-300.8 311.7 2598.4 -0.3011980057 0.7498931885 -0.5890161395 0.8675869703 0.4718327820 0.1570563167 0.3956925571 -0.4637176692 -0.7927126288
-201.2 24.8 2467.6 -0.6514933705 0.7498931885 -0.1149636880 0.6485048532 0.4718327820 -0.5973401666 -0.3936976790 -0.4637176692 -0.7937052846
-161.5 255.5 2848.9 -0.2062487304 0.9516984820 -0.2274453938 -0.3636944890 0.1412304193 0.9207498431 0.9083984494 0.2726241350 0.3169988990
-238.8 119.1 3189.6 0.2766976357 0.9557127357 0.1002574861 -0.1258166879 0.1394626796 -0.9822017550 -0.9526849389 0.2591588497 0.1588336080
-333.8 -88.4 2590.0 0.5538557768 0.1285253763 -0.8226329684 -0.0494390950 0.9913473129 0.1215987727 0.8311434984 -0.0266779531 0.5554175973
-384.8 -482.4 2600.6 0.5562513471 -0.0020524291 -0.8310115933 -0.1378386766 0.9859170914 -0.0946996063 0.8195028901 0.1672223210 0.5481348038
-245.7 -123.9 2746.7 -0.2096274942 0.2095915824 0.9550537467 -0.0092677940 0.9762861729 -0.2162853628 -0.9777374268 -0.0541906022 -0.2027139813
-328.9 -511.5 2768.3 -0.2110593915 -0.0741265267 0.9746584892 0.0094888536 0.9969180226 0.0778742358 -0.9774271846 0.0256844796 -0.2097055316
-11.4 -164.1 2582.3 0 0 0 0 0 0 0 0 0
-167.0 86.5 2942.4 0 0 0 0 0 0 0 0 0
-384.1 -818.8 2543.5 0 0 0 0 0 0 0 0 0
-303.2 -857.8 2759.3 0 0 0 0 0 0 0 0 0
-200.4 481.5 2754.9 41 0.4593197703 0.1742095351 -0.8710203171 -0.2456931919 0.9672397375 0.0638913363 0.8536159396 0.1846572161 0.4870744348
-235.9 284.5 2717.2 0.4593197703 0.1742095351 -0.8710203171 -0.2456931919 0.9672397375 0.0638913363 0.8536159396 0.1846572161 0.4870744348
-266.9 91.0 2684.3 0.4636183679 0.1559570879 -0.8722014427 -0.2204226404 0.9737406373 0.0569475926 0.8581793904 0.1658509970 0.4858205020
-303.6 316.6 2592.0 -0.2528739870 0.6503918171 -0.7162716985 0.8784658909 0.4645649791 0.1117007434 0.4054040015 -0.6009740829 -0.6888234615
-222.8 36.1 2462.5 -0.7330564857 0.6503918171 -0.1990443319 0.5911934376 0.4645649791 -0.6592948437 -0.3363309801 -0.6009740829 -0.7250597477
-168.2 252.3 2842.5 -0.2225820571 0.9499681592 -0.2191295624 -0.3837364614 0.1212553084 0.9154471755 0.8962162733 0.2878501117 0.3375481367
-251.7 108.4 3178.6 0.2871702909 0.9540886283 0.0851359963 -0.1053192541 0.1197903082 -0.9871971011 -0.9520719647 0.2745272219 0.1348841190
-332.4 -88.1 2589.8 0.5461592674 0.1333113015 -0.8270055056 -0.0530761443 0.9907789826 0.1246593967 0.8359981775 -0.0241896212 0.5481987596
-385.4 -481.9 2599.4 0.5485234261 -0.0043678768 -0.8361237645 -0.1375257820 0.9858959913 -0.0953715071 0.8247476816 0.1673020869 0.5401863456
-244.9 -123.4 2747.0 -0.2051451802 0.2167875320 0.9544205666 -0.0155969467 0.9743127823 -0.2246582955 -0.9786072969 -0.0609736145 -0.1964943409
-331.1 -510.4 2771.2 -0.2090201527 -0.1014112160 0.9726388454 0.0210066997 0.9939132929 0.1081437171 -0.9776856899 0.0430361480 -0.2056176066
-10.7 -134.9 2559.8 0 0 0 0 0 0 0 0 0
-177.2 81.0 2931.5 0 0 0 0 0 0 0 0 0
-383.9 -820.6 2541.9 0 0 0 0 0 0 0 0 0
-297.3 -840.8 2756.9 0 0 0 0 0 0 0 0 0
-200.6 484.7 2754.8 42 0.4886935949 0.1692254245 -0.8558862805 -0.2468617260 0.9677398205 0.0503880456 0.8368021846 0.1866612434 0.5147035122
-235.0 287.7 2716.8 0.4886935949 0.1692254245 -0.8558862805 -0.2468617260 0.9677398205 0.0503880456 0.8368021846 0.1866612434 0.5147035122
-265.9 94.4 2682.9 0.4921629727 0.1554437131 -0.8565120101 -0.2261233479 0.9729810953 0.0466476381 0.8406211138 0.1707191169 0.5140147209
-306.9 320.7 2594.1 -0.2624856830 0.5955076218 -0.7592574954 0.8698992133 0.4865527153 0.0808813274 0.4175842404 -0.6392472982 -0.6457447410
-220.7 35.2 2457.0 -0.7726095319 0.5955076218 -0.2201025486 0.5648852587 0.4865527153 -0.6664615870 -0.2897914946 -0.6392472982 -0.7123087645
-163.2 254.7 2839.5 -0.1914419681 0.9579720497 -0.2136341929 -0.3942377865 0.1242776513 0.9105666280 0.8988473415 0.2585433424 0.3538768291
-235.0 106.9 3176.5 0.2570002973 0.9617072940 0.0952361152 -0.0940155014 0.1229588166 -0.9879484773 -0.9618273973 0.2449493706 0.1220158488
-340.3 -82.2 2572.7 0.5780591965 0.1161485538 -0.8076862693 -0.0164207611 0.9912732244 0.1307967901 0.8158295751 -0.0623454675 0.5749218464
-386.4 -475.8 2597.4 0.5818572640 -0.0050268001 -0.8132753968 -0.1216624007 0.9881908298 -0.0931512192 0.8041394949 0.1531457454 0.5743744373
-255.3 -122.6 2730.0 -0.2493584752 0.1959583014 0.9483779073 -0.0699631423 0.9731088281 -0.2194638401 -0.9658806920 -0.1210766733 -0.2289430648
-333.0 -508.4 2778.0 -0.2623773515 -0.1184168309 0.9576719403 0.0283377524 0.9910682440 0.1303101182 -0.9645491838 0.0613286979 -0.2566781938
3.9 -129.1 2541.3 0 0 0 0 0 0 0 0 0
-168.3 82.6 2927.0 0 0 0 0 0 0 0 0 0
-384.7 -821.7 2543.8 0 0 0 0 0 0 0 0 0
-294.3 -832.8 2757.9 0 0 0 0 0 0 0 0 0
-204.5 485.2 2745.3 43 0.5418169498 0.1551039964 -0.8260612488 -0.2425097674 0.9698752165 0.0230438430 0.8047505021 0.1878423691 0.5631090999
-236.2 287.1 2706.9 0.5418169498 0.1551039964 -0.8260612488 -0.2425097674 0.9698752165 0.0230438430 0.8047505021 0.1878423691 0.5631090999
-263.8 93.6 2671.7 0.5445601344 0.1388217360 -0.8271534443 -0.2243642658 0.9743769169 0.0158191435 0.8081552982 0.1769692004 0.5617534518
-315.5 319.7 2589.1 -0.3074856102 0.5431760550 -0.7812889218 0.8622850180 0.5062662959 0.0126092779 0.4023892879 -0.6698165536 -0.6240422130
-212.8 31.8 2454.7 -0.7889686227 0.5431760550 -0.2872077525 0.5806520581 0.5062662959 -0.6376030445 -0.2009271085 -0.6698165536 -0.7148244977
-156.8 254.5 2824.7 -0.1298830658 0.9673660994 -0.2175620198 -0.4119830728 0.1469316632 0.8992669582 0.9018871188 0.2064314187 0.3794545233
-205.4 100.3 3162.3 0.2045216113 0.9704362750 0.1281572878 -0.0739748701 0.1458735019 -0.9865336418 -0.9760628343 0.1922870427 0.1016221792
-341.9 -78.1 2571.9 0.6224824786 0.1100606024 -0.7748562694 -0.0203849748 0.9920065999 0.1245283335 0.7823682427 -0.0617212765 0.6197503209
-385.6 -472.2 2596.5 0.6258336306 -0.0015509998 -0.7799550891 -0.1206775755 0.9877632856 -0.0987955630 0.7705641985 0.1559526622 0.6179882884
-251.7 -119.6 2726.0 -0.3006362021 0.2071028799 0.9309813380 -0.0591743067 0.9702075124 -0.2349378020 -0.9519013762 -0.1257209927 -0.2794243395
-333.9 -504.7 2775.9 -0.3118828237 -0.1343587488 0.9405726194 0.0168736316 0.9890114069 0.1468732208 -0.9499707222 0.0616781116 -0.3061885238
16.2 -136.8 2513.0 0 0 0 0 0 0 0 0 0
-152.4 81.1 2909.4 0 0 0 0 0 0 0 0 0
-385.1 -819.5 2541.6 0 0 0 0 0 0 0 0 0
-289.9 -828.6 2755.7 0 0 0 0 0 0 0 0 0
-205.7 485.3 2740.5 44 0.5516808629 0.1618348360 -0.8182039857 -0.2414028794 0.9699888825 0.0290888902 0.7983563542 0.1814690232 0.5741916895
-238.7 287.2 2703.5 0.5516808629 0.1618348360 -0.8182039857 -0.2414028794 0.9699888825 0.0290888902 0.7983563542 0.1814690232 0.5741916895
-267.9 93.6 2669.8 0.5546108484 0.1468254179 -0.8190537691 -0.2229439467 0.9745422602 0.0237352364 0.8016874790 0.1694392711 0.5732255578
-319.7 319.7 2586.5 -0.3308213651 0.5318583250 -0.7795408368 0.8531948924 0.5215550065 -0.0062366324 0.4032564163 -0.6671634316 -0.6263203621
-207.0 29.2 2449.2 -0.7882045507 0.5318583250 -0.3096131682 0.5929291248 0.5215550065 -0.6135270000 -0.1648291498 -0.6671634316 -0.7264463305
-157.8 254.7 2820.4 -0.1194328219 0.9710039496 -0.2070921957 -0.4061548412 0.1425501406 0.9026171565 0.9059658051 0.1919136047 0.3773527741
-202.5 102.5 3159.9 0.1904437542 0.9738236070 0.1240919381 -0.0802131519 0.1414187998 -0.9866947532 -0.9784155488 0.1779560447 0.1050457805
-341.2 -79.5 2562.4 0.6368973255 0.1045674682 -0.7638242245 0.0127464077 0.9891952276 0.1460490376 0.7708432674 -0.1027542576 0.6286829710
-382.8 -472.2 2603.2 0.6424067616 0.0105940485 -0.7662906051 -0.1346827596 0.9859027863 -0.0992788002 0.7544363141 0.1669835150 0.6347774267
-241.6 -120.4 2710.3 -0.3162159622 0.2421227396 0.9172698855 -0.0707397163 0.9581738710 -0.2773062885 -0.9460461736 -0.1525760889 -0.2858621478
-337.6 -500.6 2770.9 -0.3267852962 -0.1559533030 0.9321426749 -0.0080616409 0.9867154956 0.1622574776 -0.9450642467 0.0455087572 -0.3237013519
23.2 -144.0 2497.3 0 0 0 0 0 0 0 0 0
-153.2 81.7 2906.2 0 0 0 0 0 0 0 0 0
-386.5 -819.9 2544.3 0 0 0 0 0 0 0 0 0
-285.6 -829.9 2755.7 0 0 0 0 0 0 0 0 0
-207.2 482.9 2738.6 45 0.5319944024 0.1635213494 -0.8308084607 -0.2355370075 0.9710295796 0.0402977131 0.8133291006 0.1742479801 0.5550976396
-240.6 284.7 2703.1 0.5319944024 0.1635213494 -0.8308084607 -0.2355370075 0.9710295796 0.0402977131 0.8133291006 0.1742479801 0.5550976396
-270.5 90.9 2671.2 0.5350455642 0.1503089964 -0.8313443661 -0.2166117132 0.9755574465 0.0369737521 0.8165816665 0.1602962762 0.5545263886
-318.7 316.3 2583.9 -0.3387408853 0.4634744525 -0.8188077211 0.8524301052 0.5195506215 -0.0585662276 0.3982681036 -0.7178151011 -0.5710726380
-203.0 25.3 2447.9 -0.7989141941 0.4634744525 -0.3833112419 0.5954266787 0.5195506215 -0.6128084660 -0.0848714709 -0.7178151011 -0.6910414696
-162.5 253.1 2822.3 -0.1425457299 0.9675464034 -0.2086495012 -0.3936133087 0.1380036622 0.9088583589 0.9081570506 0.2116810977 0.3611673415
-215.9 105.6 3162.7 0.2115066648 0.9706622958 0.1143661812 -0.0940165371 0.1366764456 -0.9861442447 -0.9728441834 0.1978237629 0.1201662868
-347.9 -79.6 2562.6 0.6205503941 0.0842171460 -0.7796311378 0.0260280054 0.9914563298 0.1278159767 0.7837345004 -0.0996084958 0.6130566001
-381.3 -473.3 2602.2 0.6269367337 0.0132419225 -0.7789576650 -0.1382951736 0.9858678579 -0.0945462659 0.7666973472 0.1670006067 0.6199080348
-246.3 -120.4 2709.5 -0.2908875942 0.2307020873 0.9285262227 -0.0614556782 0.9639834762 -0.2587645650 -0.9547814727 -0.1323346049 -0.2662328780
-337.9 -503.1 2762.0 -0.2955880165 -0.1603611559 0.9417600632 -0.0332825147 0.9869406819 0.1576081365 -0.9547355771 0.0152429361 -0.2970650792
31.8 -149.7 2472.9 0 0 0 0 0 0 0 0 0
-161.0 81.2 2910.3 0 0 0 0 0 0 0 0 0
-386.0 -817.5 2543.9 0 0 0 0 0 0 0 0 0
-285.0 -828.5 2757.0 0 0 0 0 0 0 0 0 0
-208.2 483.5 2737.2 46 0.5386225581 0.1540853828 -0.8283377886 -0.2200413048 0.9747408032 0.0382381529 0.8133065701 0.1616725922 0.5589225292
-239.8 283.7 2704.1 0.5386225581 0.1540853828 -0.8283377886 -0.2200413048 0.9747408032 0.0382381529 0.8133065701 0.1616725922 0.5589225292
-267.2 89.1 2675.3 0.5420899987 0.1379845738 -0.8289141655 -0.1968365461 0.9798333049 0.0343808420 0.8169417381 0.1445230842 0.5583182573
-318.9 312.4 2584.8 -0.3583199382 0.4321093559 -0.8275797963 0.8386936188 0.5383921266 -0.0820179284 0.4101217091 -0.7234745622 -0.5553239584
-195.2 22.8 2443.2 -0.7945759296 0.4321093559 -0.4265332818 0.6067265868 0.5383921266 -0.5848220587 -0.0230649188 -0.7234745622 -0.6899656057
-160.7 255.0 2823.3 -0.1326483488 0.9666676521 -0.2189934105 -0.3813521266 0.1541620344 0.9114848375 0.9148633480 0.2044205517 0.3481914103
-210.4 112.0 3166.4 0.2079170942 0.9697035551 0.1282401830 -0.1060408577 0.1526783407 -0.9825704098 -0.9723815322 0.1906944811 0.1345726401
-349.4 -83.1 2564.5 0.6227036715 0.0832100362 -0.7780207396 0.0276971627 0.9913621545 0.1281950474 0.7819674015 -0.1013764888 0.6150201559
-382.5 -476.9 2604.8 0.6305486560 0.0084861936 -0.7761033177 -0.1427820772 0.9841428995 -0.1052429602 0.7629034519 0.1771744490 0.6217616200
-251.3 -122.7 2714.1 -0.2875432372 0.2169433385 0.9328743219 -0.0471382812 0.9696230292 -0.2400189936 -0.9566069841 -0.1129899248 -0.2685821950
-337.5 -507.8 2759.0 -0.2884214222 -0.1716680974 0.9419889450 -0.0421208180 0.9851191640 0.1666314453 -0.9565766454 0.0083827339 -0.2913602591
39.0 -156.0 2450.0 0 0 0 0 0 0 0 0 0
-156.4 84.5 2914.1 0 0 0 0 0 0 0 0 0
-385.4 -816.0 2543.7 0 0 0 0 0 0 0 0 0
-282.8 -821.5 2756.3 0 0 0 0 0 0 0 0 0
-208.2 484.0 2736.0 47 0.5271405578 0.1655365974 -0.8334989548 -0.2211562246 0.9737684131 0.0535260253 0.8204954267 0.1561177522 0.5499222279
-242.2 284.4 2704.0 0.5271405578 0.1655365974 -0.8334989548 -0.2211562246 0.9737684131 0.0535260253 0.8204954267 0.1561177522 0.5499222279
-271.4 89.8 2676.5 0.5311570764 0.1471091658 -0.8344045877 -0.1960636377 0.9794220924 0.0478681214 0.8242761493 0.1381709129 0.5490697622
-319.7 313.0 2583.6 -0.3554109037 0.4890501201 -0.7965632677 0.8408030868 0.5395591855 -0.0438874215 0.4083299041 -0.6853508949 -0.6029600501
-197.8 24.6 2443.6 -0.7740586996 0.4890501201 -0.4020735621 0.6306447983 0.5395591855 -0.5578198433 -0.0558593683 -0.6853508949 -0.7260673642
-164.6 255.8 2824.4 -0.1464984119 0.9660627842 -0.2127461284 -0.3724529743 0.1453717202 0.9165946841 0.9164152741 0.2135175914 0.3385162354
-219.6 116.1 3168.1 0.2170533836 0.9692291021 0.1161155403 -0.1161235645 0.1437439770 -0.9827781916 -0.9692281485 0.1998315752 0.1437504590
-344.3 -87.6 2571.7 0.6121847630 0.1021550372 -0.7840880752 0.0032091592 0.9912902713 0.1316559911 0.7907082438 -0.0831140578 0.6065250039
-384.9 -481.3 2604.7 0.6189924479 -0.0038167087 -0.7853876352 -0.1378339231 0.9839406610 -0.1134135127 0.7732076645 0.1784551591 0.6085257530
-245.0 -123.6 2721.5 -0.2781293988 0.2450324446 0.9287642837 -0.0530784875 0.9615172744 -0.2695685327 -0.9590759873 -0.1242723316 -0.2544202507
-342.2 -505.4 2770.8 -0.2858621478 -0.1874885410 0.9397504330 -0.0138125122 0.9813774824 0.1915918887 -0.9581711888 0.0417885557 -0.2831283808
28.9 -160.2 2459.9 0 0 0 0 0 0 0 0 0
-163.2 85.9 2916.5 0 0 0 0 0 0 0 0 0
-383.6 -818.7 2543.6 0 0 0 0 0 0 0 0 0
-281.2 -824.7 2757.2 0 0 0 0 0 0 0 0 0
-207.3 485.2 2725.9 48 0.5436303616 0.1697130650 -0.8219875097 -0.2113233209 0.9754705429 0.0616412200 0.8122859597 0.1401951015 0.5661597848
-242.3 284.2 2697.0 0.5436303616 0.1697130650 -0.8219875097 -0.2113233209 0.9754705429 0.0616412200 0.8122859597 0.1401951015 0.5661597848
-270.5 89.1 2672.3 0.5482547879 0.1420581192 -0.8241578341 -0.1822877377 0.9820722342 0.0480141193 0.8162033558 0.1239098981 0.5643212199
-322.4 310.8 2577.8 -0.3610831201 0.5894435048 -0.7226169705 0.8397687674 0.5424624681 0.0228678081 0.4054718614 -0.5985739827 -0.6908702850
-201.5 29.8 2442.1 -0.7355733514 0.5894435048 -0.3338984251 0.6667059660 0.5424624681 -0.5111141205 -0.1201455295 -0.5985739827 -0.7920064330
-162.2 257.6 2816.2 -0.1261177063 0.9687858224 -0.2134205401 -0.3627178371 0.1552080810 0.9188831449 0.9233255386 0.1932988614 0.3318214118
-209.5 121.6 3162.4 0.1995449364 0.9716899991 0.1264927238 -0.1259447932 0.1534510255 -0.9800972939 -0.9717611670 0.1796423495 0.1529996693
-349.3 -86.8 2573.5 0.6269655228 0.0888875574 -0.7739594579 0.0160356853 0.9917865992 0.1268946379 0.7788819671 -0.0919695348 0.6203905940
-384.7 -480.8 2610.0 0.6373708248 -0.0070481203 -0.7705249786 -0.1520271152 0.9791529179 -0.1347118318 0.7554112673 0.2030020952 0.6230120063
-252.0 -122.8 2724.6 -0.2885546684 0.2236088365 0.9309861660 -0.0355846621 0.9691701531 -0.2438093275 -0.9568019509 -0.1034811512 -0.2717015147
-340.7 -507.6 2765.7 -0.2902078331 -0.1829488873 0.9393131137 -0.0267684460 0.9827235341 0.1831335723 -0.9565891623 0.0280028433 -0.2900913060
13.8 -165.4 2477.3 0 0 0 0 0 0 0 0 0
-157.8 88.9 2910.2 0 0 0 0 0 0 0 0 0
-382.2 -816.4 2540.4 0 0 0 0 0 0 0 0 0
-281.3 -826.8 2756.6 0 0 0 0 0 0 0 0 0
-207.7 487.2 2728.8 49 0.5477281213 0.1658545882 -0.8200525641 -0.2165869921 0.9748506546 0.0524998941 0.8081361055 0.1488570571 0.5698750615
-241.9 286.4 2698.1 0.5477281213 0.1658545882 -0.8200525641 -0.2165869921 0.9748506546 0.0524998941 0.8081361055 0.1488570571 0.5698750615
-269.3 91.3 2672.2 0.5524976254 0.1381220222 -0.8219906688 -0.1858868301 0.9817556143 0.0400248393 0.8125222921 0.1306836009 0.5680927038
-322.6 313.5 2579.5 -0.3490675390 0.6343441606 -0.6897530556 0.8428300023 0.5342633724 0.0648090914 0.4096210897 -0.5587218404 -0.7211382985
-206.8 33.8 2443.6 -0.7156751752 0.6343441606 -0.2922609746 0.6791077256 0.5342633724 -0.5033640862 -0.1631617248 -0.5587218404 -0.8131470680
-161.2 259.2 2816.8 -0.1205760464 0.9688766003 -0.2161931992 -0.3702101707 0.1581838727 0.9153809547 0.9210894704 0.1904099435 0.3396147788
-206.4 120.3 3162.3 0.1959975958 0.9717333913 0.1316021830 -0.1176713929 0.1565421224 -0.9806365371 -0.9735185504 0.1767165810 0.1450271010
-349.0 -89.3 2572.9 0.6302649379 0.0670752302 -0.7734771967 0.0145697659 0.9950636625 0.0981631204 0.7762433887 -0.0731381550 0.6261764765
-375.6 -484.5 2601.9 0.6364777684 0.0175740011 -0.7710947990 -0.1539943963 0.9825069308 -0.1047179028 0.7557656765 0.1853948981 0.6280500889
-248.5 -122.7 2722.5 -0.3008847535 0.2226006091 0.9273172617 -0.0669342354 0.9650493860 -0.2533761561 -0.9513086677 -0.1383062899 -0.2754690349
-336.8 -505.9 2777.4 -0.3146641254 -0.1645262241 0.9348356128 0.0098027103 0.9842478633 0.1765221059 -0.9491524696 0.0647090971 -0.3080946803
3.2 -165.4 2491.4 0 0 0 0 0 0 0 0 0
-155.5 89.8 2909.6 0 0 0 0 0 0 0 0 0
-381.6 -817.3 2539.1 0 0 0 0 0 0 0 0 0
-283.8 -822.9 2756.6 0 0 0 0 0 0 0 0 0
-207.5 484.9 2732.3 50 0.5460861325 0.1756823063 -0.8191004992 -0.2279182374 0.9720376730 0.0565337576 0.8061285615 0.1558156461 0.5708574653
-243.5 285.8 2700.4 0.5460861325 0.1756823063 -0.8191004992 -0.2279182374 0.9720376730 0.0565337576 0.8061285615 0.1558156461 0.5708574653
-274.0 91.5 2672.4 0.5502516031 0.1539201438 -0.8206897974 -0.2032740414 0.9779868722 0.0471310988 0.8098782897 0.1408909708 0.5694268346
-323.8 315.5 2582.1 -0.3550547361 0.6947741508 -0.6254798174 0.8442721963 0.5256100297 0.1045876294 0.4014232457 -0.4909408689 -0.7731988430
-206.0 35.3 2448.9 -0.6825991869 0.6947741508 -0.2265991718 0.6969385743 0.5256100297 -0.4878633916 -0.2198520750 -0.4909408689 -0.8429959416
-163.1 256.1 2818.7 -0.1256450713 0.9714584947 -0.2012006193 -0.3779356480 0.1406444609 0.9150867462 0.9172665477 0.1910170317 0.3494774997
-210.2 114.3 3162.8 0.1932012588 0.9742729664 0.1160408780 -0.1104028672 0.1391050369 -0.9841041565 -0.9749279618 0.1773189157 0.1344377995
-347.4 -86.7 2571.7 0.6323571205 0.0906538218 -0.7693544626 0.0098016746 0.9921135902 0.1249580681 0.7746149898 -0.0865590870 0.6264815927
-383.4 -480.8 2606.1 0.6403734684 -0.0008863884 -0.7680631876 -0.1455062032 0.9817506075 -0.1224489361 0.7541550398 0.1901710033 0.6285580397
-246.1 -120.8 2720.7 -0.3095109761 0.2255837619 0.9237504601 -0.0797260553 0.9618760347 -0.2616071105 -0.9475477338 -0.1546172500 -0.2797262669
-335.7 -502.8 2782.1 -0.3273005784 -0.1465323120 0.9334895015 0.0271944627 0.9860329628 0.1643151492 -0.9445288777 0.0791661888 -0.3187443018
-6.1 -168.8 2513.3 0 0 0 0 0 0 0 0 0
-160.1 85.6 2909.7 0 0 0 0 0 0 0 0 0
-383.1 -817.0 2540.9 0 0 0 0 0 0 0 0 0
-286.6 -832.9 2755.6 0 0 0 0 0 0 0 0 0
-207.3 486.5 2725.0 51 0.5770646334 0.1815180331 -0.7962710857 -0.2252391577 0.9725475311 0.0584692322 0.7850246429 0.1456108987 0.6021077633
-244.4 287.7 2695.3 0.5770646334 0.1815180331 -0.7962710857 -0.2252391577 0.9725475311 0.0584692322 0.7850246429 0.1456108987 0.6021077633
-276.3 93.4 2668.5 0.5807582736 0.1608769447 -0.7980216146 -0.2042004615 0.9777269959 0.0484982282 0.7880495191 0.1347906291 0.6006741524
-329.1 317.5 2580.2 -0.3399131894 0.7023306489 -0.6254523993 0.8576071262 0.5044219494 0.1003417969 0.3859650195 -0.5022849441 -0.7737834454
-218.6 38.7 2454.8 -0.6746063828 0.7023306489 -0.2272396684 0.6968827248 0.5044219494 -0.5098165870 -0.2434351444 -0.5022849441 -0.8297283649
-159.6 257.9 2810.3 -0.0907306746 0.9783398509 -0.1860620379 -0.3780218661 0.1390155107 0.9153000116 0.9213399887 0.1533813030 0.3572208881
-193.6 116.1 3155.8 0.1552093625 0.9806286097 0.1194886640 -0.1107582375 0.1374656558 -0.9842945933 -0.9816530347 0.1395373791 0.1299486607
-355.1 -84.2 2570.1 0.6631045938 0.0727139115 -0.7449865937 0.0247876514 0.9925914407 0.1189444363 0.7481161952 -0.0973390713 0.6563895345
-384.0 -478.5 2608.8 0.6721670032 0.0006851295 -0.7403992414 -0.1388685852 0.9823696017 -0.1251619756 0.7272599339 0.1869479418 0.6604115367
-254.2 -121.5 2718.6 -0.3453586400 0.2014870048 0.9165862799 -0.0763481855 0.9674110413 -0.2414265573 -0.9353600144 -0.1533584446 -0.3187206089
-334.2 -505.7 2779.6 -0.3592612147 -0.1406026930 0.9225845337 0.0114053180 0.9878501296 0.1549905390 -0.9331673384 0.0662044659 -0.3532926142
-20.9 -165.6 2526.1 0 0 0 0 0 0 0 0 0
-153.3 87.4 2901.1 0 0 0 0 0 0 0 0 0
-384.2 -820.0 2543.8 0 0 0 0 0 0 0 0 0
-287.4 -834.8 2757.5 0 0 0 0 0 0 0 0 0
-209.4 492.4 2730.9 52 0.5469115376 0.1746610552 -0.8187681437 -0.2297348827 0.9717627764 0.0538424216 0.8050525784 0.1586525589 0.5715939999
-245.3 293.1 2698.3 0.5469115376 0.1746610552 -0.8187681437 -0.2297348827 0.9717627764 0.0538424216 0.8050525784 0.1586525589 0.5715939999
-276.5 99.0 2669.5 0.5504745841 0.1575289965 -0.8198550940 -0.2088347822 0.9767982960 0.0474666953 0.8083104491 0.1450850517 0.5706001520
-325.6 323.6 2580.4 -0.3027625084 0.7018495202 -0.6447806954 0.8741279244 0.4740801752 0.1055859700 0.3797832131 -0.5316532850 -0.7570399642
-227.6 40.5 2457.4 -0.6718692183 0.7018495202 -0.2366410196 0.6885278225 0.4740801752 -0.5487963557 -0.2729856372 -0.5316532850 -0.8017628193
-165.0 262.6 2816.3 -0.1258237362 0.9721703529 -0.1976189166 -0.3819653094 0.1363703907 0.9140599370 0.9155713320 0.1904940009 0.3541767001
-212.1 119.4 3159.5 0.1916508675 0.9749705195 0.1127048284 -0.1068455130 0.1348767579 -0.9850848913 -0.9756300449 0.1767503768 0.1300204694
-361.5 -82.1 2569.5 0.6357425451 0.0519262217 -0.7701526284 0.0363683924 0.9946117997 0.0970812365 0.7710438967 -0.0897278860 0.6304285526
-382.1 -477.2 2605.2 0.6447678208 0.0065117008 -0.7643507719 -0.1399965286 0.9840551615 -0.1097106114 0.7514488697 0.1777443290 0.6353986859
-255.0 -119.6 2714.0 -0.3144401312 0.1905139238 0.9299633503 -0.0918757617 0.9689471722 -0.2295653373 -0.9448207617 -0.1576256454 -0.2871722579
-330.7 -504.5 2776.6 -0.3296879530 -0.1300778985 0.9350858927 0.0107199298 0.9898830652 0.1414801925 -0.9440290928 0.0566683710 -0.3249580860
-29.2 -162.8 2538.0 0 0 0 0 0 0 0 0 0
-162.4 91.7 2906.5 0 0 0 0 0 0 0 0 0
-384.3 -817.6 2543.7 0 0 0 0 0 0 0 0 0
-287.3 -834.7 2757.7 0 0 0 0 0 0 0 0 0
-211.2 492.5 2733.3 53 0.5754695535 0.1748430133 -0.7989147305 -0.2568139732 0.9660989642 0.0264446754 0.7764543891 0.1899543554 0.6008626819
-246.8 296.0 2694.7 0.5754695535 0.1748430133 -0.7989147305 -0.2568139732 0.9660989642 0.0264446754 0.7764543891 0.1899543554 0.6008626819
-278.2 103.3 2658.4 0.5782598853 0.1573535502 -0.8005344272 -0.2405473590 0.9704884887 0.0170023013 0.7795848250 0.1827346981 0.5990455151
-331.2 331.0 2581.0 -0.3361065686 0.7678506970 -0.5453785062 0.8747890592 0.4690732956 0.1213027090 0.3489648402 -0.4363204837 -0.8293659687
-218.9 38.9 2464.5 -0.6278704405 0.7678506970 -0.1272164881 0.6862787008 0.4690732956 -0.5558702946 -0.3671515286 -0.4363204837 -0.8214768171
-162.4 261.0 2808.4 -0.0934516937 0.9772720933 -0.1902789176 -0.4226785302 0.1340954751 0.8963042498 0.9014486074 0.1641879678 0.4005404711
-197.4 102.7 3145.9 0.1593828797 0.9796669483 0.1218597069 -0.0625400394 0.1332093477 -0.9891127348 -0.9852339029 0.1500265300 0.0824996978
-358.2 -76.0 2566.7 0.6625710726 0.0591719113 -0.7466580272 0.0371155404 0.9930559993 0.1116343737 0.7480788827 -0.1016783267 0.6557739973
-381.7 -470.5 2607.1 0.6729475856 0.0018481120 -0.7396878600 -0.1396239400 0.9823375344 -0.1245716289 0.7263929248 0.1871083081 0.6613197327
-257.4 -114.3 2714.8 -0.3464263678 0.1920153499 0.9182150364 -0.0576637797 0.9726168513 -0.2251472920 -0.9363031983 -0.1309446990 -0.3258678019
-333.6 -500.6 2766.8 -0.3513516784 -0.1370415092 0.9261596203 -0.0235935114 0.9902111888 0.1375685334 -0.9359462261 0.0264835823 -0.3511456847
-32.8 -164.5 2573.3 0 0 0 0 0 0 0 0 0
-156.1 86.5 2890.7 0 0 0 0 0 0 0 0 0
-382.4 -816.8 2541.1 0 0 0 0 0 0 0 0 0
-287.7 -832.3 2757.9 0 0 0 0 0 0 0 0 0
-214.1 492.9 2735.5 54 0.5581480265 0.1630458385 -0.8135642409 -0.2432429343 0.9695773125 0.0274348147 0.7932866216 0.1825810671 0.5808274746
-247.3 295.6 2698.4 0.5581480265 0.1630458385 -0.8135642409 -0.2432429343 0.9695773125 0.0274348147 0.7932866216 0.1825810671 0.5808274746
-276.7 102.2 2663.7 0.5605980754 0.1476861835 -0.8148120046 -0.2279223353 0.9734813571 0.0196326599 0.7961037755 0.1747078151 0.5793927908
-329.1 328.8 2582.2 -0.3008931577 0.7294104099 -0.6143482327 0.8791442513 0.4617926478 0.1176985279 0.3695520163 -0.5046859980 -0.7802072167
-231.5 43.7 2462.4 -0.6657949090 0.7294104099 -0.1570909023 0.6486564279 0.4617926478 -0.6049730778 -0.3687302172 -0.5046859980 -0.7805959582
-165.5 262.3 2814.5 -0.1128463000 0.9723018408 -0.2046822757 -0.4123344421 0.1415977180 0.8999613523 0.9040166140 0.1859548539 0.3849347532
