-68.4 384.6 2445.6 47 0.4421413541 0.2665222585 -0.8564326763 -0.2012663335 0.9599640369 0.1948356628 0.8740726113 0.0862261578 0.4780817628
-121.0 195.0 2428.6 0.4421413541 0.2665222585 -0.8564326763 -0.2012663335 0.9599640369 0.1948356628 0.8740726113 0.0862261578 0.4780817628
-167.9 7.0 2417.2 0.4514805377 0.2416833639 -0.8589263558 -0.1658260077 0.9685755968 0.1853725910 0.8767365813 0.0587402135 0.4773704410
-182.7 217.6 2308.8 -0.3041647375 0.4942963719 -0.8143432140 0.7450554371 0.6561239362 0.1199741066 0.5936128497 -0.5702389479 -0.5678479671
-100.7 16.9 2148.9 -0.8324781060 0.4942963719 -0.2503023446 0.5461651087 0.6561239362 -0.5207734704 -0.0931870863 -0.5702389479 -0.8161762953
-59.4 172.3 2548.3 -0.1292252988 0.9120444059 -0.3891988993 -0.9470599890 0.0028134421 0.3210443258 0.2939016521 0.4100817442 0.8633972406
-90.6 -56.8 2619.4 0.1957605928 0.9120444059 -0.3603508770 -0.8816748857 0.0028134421 -0.4718490541 -0.4293334782 0.4100817442 0.8046774268
-256.8 -164.1 2322.5 0.5718717575 0.0062717227 -0.8203190565 0.0317494981 0.9990523458 0.0297718551 0.8197283745 -0.0430704020 0.5711306930
-259.2 -552.0 2339.2 0.5654172897 0.1364839673 -0.8134343028 -0.0208014343 0.9882600307 0.1513584703 0.8245426416 -0.0686600953 0.5616183877
-176.9 -196.1 2479.6 0.5683901310 -0.0021858811 -0.8227562904 -0.0271268301 0.9994029999 -0.0213953983 0.8223118782 0.0344797038 0.5679914951
-176.0 -584.1 2466.2 0.5647929907 -0.0660817325 -0.8225826025 0.0592593215 0.9974631071 -0.0394426547 0.8231021762 -0.0264687520 0.5672761202
132.6 -136.2 2175.0 0 0 0 0 0 0 0 0 0
-38.8 -290.0 2505.8 0 0 0 0 0 0 0 0 0
-310.2 -920.9 2364.9 0 0 0 0 0 0 0 0 0
-158.0 -855.7 2473.4 0 0 0 0 0 0 0 0 0
-67.2 383.3 2429.8 48 0.4667741954 0.2675470710 -0.8429356217 -0.1756621897 0.9621981978 0.2081282735 0.8667552471 0.0509230010 0.4961271882
-120.1 193.2 2419.7 0.4667741954 0.2675470710 -0.8429356217 -0.1756621897 0.9621981978 0.2081282735 0.8667552471 0.0509230010 0.4961271882
-167.3 5.1 2414.3 0.4749651253 0.2439438552 -0.8455173373 -0.1447302252 0.9693807364 0.1983787417 0.8680214882 0.0281489324 0.4957280755
-184.9 213.0 2301.2 -0.3389177024 0.4766522944 -0.8111333847 0.7446084619 0.6628799438 0.0784115791 0.5750591159 -0.5774017572 -0.5795810819
-94.8 14.9 2148.2 -0.8385720849 0.4766522944 -0.2638170123 0.5399650335 0.6628799438 -0.5186790228 -0.0723505467 -0.5774017572 -0.8132482171
-55.2 173.4 2538.2 -0.1216377243 0.9228006601 -0.3655724227 -0.9393656850 0.0119447373 0.3427088857 0.3206186593 0.3850925267 0.8653943539
-84.6 -53.7 2615.8 0.1836176664 0.9228006601 -0.3387085497 -0.8923405409 0.0119447373 -0.4512046874 -0.4123262167 0.3850925267 0.8256457448
-255.3 -166.2 2327.2 0.5937891006 0.0049066129 -0.8046057820 0.0269679707 0.9992982149 0.0259959064 0.8041686416 -0.0371346697 0.5932400823
-257.2 -554.2 2341.7 0.5868074894 0.1437443048 -0.7968654037 -0.0270402785 0.9870466590 0.1581382453 0.8092748523 -0.0712492466 0.5830932856
-174.4 -195.9 2484.3 0.5904329419 0.0024404693 -0.8070830107 -0.0388145484 0.9989241958 -0.0253747702 0.8061528206 0.0463086627 0.5898925066
-175.3 -583.7 2466.3 0.5873041153 -0.0607528687 -0.8070830107 0.0600396916 0.9977016449 -0.0314114913 0.8071363568 -0.0300089195 0.5896018744
140.3 -136.4 2168.5 0 0 0 0 0 0 0 0 0
-36.0 -289.7 2506.7 0 0 0 0 0 0 0 0 0
-310.8 -922.6 2368.3 0 0 0 0 0 0 0 0 0
-158.8 -855.6 2474.5 0 0 0 0 0 0 0 0 0
-72.1 382.9 2421.4 49 0.4482220113 0.2552773952 -0.8566974401 -0.1478300989 0.9663298726 0.2106011510 0.8816140294 0.0322495848 0.4708679914
-122.4 192.6 2415.0 0.4482220113 0.2552773952 -0.8566974401 -0.1478300989 0.9663298726 0.2106011510 0.8816140294 0.0322495848 0.4708679914
-167.3 3.8 2413.1 0.4558672607 0.2312855124 -0.8594719768 -0.1173604727 0.9728355408 0.1995434016 0.8822763562 0.0099027362 0.4706276357
-184.6 208.6 2294.6 -0.3528041244 0.4601628780 -0.8147265315 0.7447067499 0.6652631760 0.0532618016 0.5665166378 -0.5879413486 -0.5773940086
-92.6 14.5 2146.9 -0.8417350054 0.4601628780 -0.2823691368 0.5375151038 0.6652631760 -0.5181722045 -0.0505938418 -0.5879413486 -0.8073197603
-60.1 176.5 2535.5 -0.1181830168 0.9130881429 -0.3902599514 -0.9326513410 0.0328439549 0.3592809439 0.3408728540 0.4064373672 0.8477112651
-88.7 -49.0 2617.9 0.2040471137 0.9130881429 -0.3530365825 -0.8997802734 0.0328439549 -0.4351054430 -0.3856945038 0.4064373672 0.8282803893
-257.1 -170.0 2331.1 0.5741837621 -0.0011327917 -0.8187257051 0.0227651056 0.9996345043 0.0145823890 0.8184099197 -0.0270113479 0.5739996433
-256.7 -558.0 2341.6 0.5671421289 0.1397463530 -0.8116777539 -0.0336231589 0.9886072278 0.1467148066 0.8229333758 -0.0559169725 0.5653795004
-172.1 -195.9 2486.5 0.5715753436 0.0054788273 -0.8205313087 -0.0504836254 0.9983181357 -0.0285005365 0.8189951181 0.0577135980 0.5708906651
-174.2 -583.5 2464.1 0.5691848397 -0.0535886809 -0.8204613924 0.0643449277 0.9977165461 -0.0205276646 0.8196879625 -0.0411084928 0.5713332891
142.7 -135.8 2161.1 0 0 0 0 0 0 0 0 0
-34.8 -286.8 2515.9 0 0 0 0 0 0 0 0 0
-308.9 -927.0 2362.5 0 0 0 0 0 0 0 0 0
-159.5 -857.4 2475.4 0 0 0 0 0 0 0 0 0
-74.5 382.5 2416.7 50 0.4428507388 0.2440067232 -0.8627536893 -0.1313764006 0.9695289731 0.2067698538 0.8869179487 0.0217772890 0.4614133537
-122.6 191.3 2412.4 0.4428507388 0.2440067232 -0.8627536893 -0.1313764006 0.9695289731 0.2067698538 0.8869179487 0.0217772890 0.4614133537
-165.4 2.1 2412.6 0.4501329958 0.2206630260 -0.8652676344 -0.1008964330 0.9753495455 0.1962476671 0.8872430325 -0.0010351330 0.4613011479
-184.1 205.1 2291.2 -0.3556863964 0.4389240146 -0.8251259923 0.7409998775 0.6704720855 0.0372339673 0.5695667863 -0.5981746316 -0.5637204647
-92.7 14.9 2145.0 -0.8450726867 0.4389240146 -0.3052832782 0.5342271924 0.6704720855 -0.5148480535 -0.0212952606 -0.5981746316 -0.8010827899
-61.1 177.6 2533.5 -0.1107711345 0.9094702005 -0.4007414877 -0.9293599129 0.0480905063 0.3660293221 0.3521645963 0.4129785597 0.8398981094
-87.9 -47.2 2618.7 0.2168136239 0.9094702005 -0.3547616601 -0.9023956656 0.0480905063 -0.4282164872 -0.3723894656 0.4129785597 0.8311286569
-253.0 -174.4 2332.3 0.5673557520 0.0159948524 -0.8233174086 0.0062031425 0.9996999502 0.0236961357 0.8234494328 -0.0185512956 0.5670863390
-259.2 -562.5 2339.5 0.5666964650 0.1368789673 -0.8124772310 0.0014059568 0.9859417677 0.1670833826 0.8239254355 -0.0958278701 0.5585373044
-171.3 -195.4 2490.2 0.5656124949 0.0052584158 -0.8246544003 -0.0558049716 0.9979315996 -0.0319120958 0.8227808475 0.0640696958 0.5647360086
-173.4 -582.9 2465.4 0.5633911490 -0.0513613373 -0.8245922923 0.0551792905 0.9981765151 -0.0244728886 0.8243455887 -0.0317126103 0.5651978850
143.4 -134.4 2150.9 0 0 0 0 0 0 0 0 0
-30.6 -285.8 2520.2 0 0 0 0 0 0 0 0 0
-310.2 -930.2 2375.2 0 0 0 0 0 0 0 0 0
-159.4 -855.0 2474.0 0 0 0 0 0 0 0 0 0
-76.4 382.6 2414.8 51 0.4313187599 0.2417735159 -0.8692005873 -0.1247835159 0.9701510072 0.2079328448 0.8935285211 0.0187765714 0.4486137033
-124.1 191.2 2411.1 0.4313187599 0.2417735159 -0.8692005873 -0.1247835159 0.9701510072 0.2079328448 0.8935285211 0.0187765714 0.4486137033
-166.7 1.9 2412.2 0.4387039840 0.2189951688 -0.8715388179 -0.0935952514 0.9757114649 0.1980582774 0.8937442303 -0.0053170542 0.4485453963
-184.0 204.0 2289.1 -0.3542545736 0.4327494204 -0.8289943337 0.7384166121 0.6733847260 0.0359705687 0.5737984180 -0.5994004607 -0.5580989718
-93.4 15.1 2142.2 -0.8367526531 0.4327494204 -0.3355188966 0.5474718213 0.6733847260 -0.4968174398 0.0109358523 -0.5994004607 -0.8003745675
-64.2 178.4 2533.2 -0.1137333289 0.9039616585 -0.4122111797 -0.9269772172 0.0527282022 0.3713932931 0.3574604690 0.4243501723 0.8319548965
-91.7 -45.8 2619.6 0.2231438011 0.9039616585 -0.3647741377 -0.9047030210 0.0527282022 -0.4227673411 -0.3629315794 0.4243501723 0.8295828104
-248.6 -178.1 2333.4 0.5560797453 0.0358193703 -0.8303567171 -0.0060332795 0.9992185235 0.0390632041 0.8311070204 -0.0167124830 0.5558612943
-262.5 -566.0 2339.9 0.5585769415 0.1174439937 -0.8210960627 0.0140195750 0.9884468913 0.1509179771 0.8293341994 -0.0958107188 0.5504770875
-168.0 -196.2 2492.3 0.5547226071 0.0182519294 -0.8318351507 -0.0691371188 0.9973130822 -0.0242223851 0.8291579485 0.0709473863 0.5544939637
-175.1 -583.4 2464.7 0.5518822670 -0.0578202456 -0.8319151402 0.0605956800 0.9977367520 -0.0291468464 0.8317176104 -0.0343248360 0.5541368723
140.4 -137.9 2139.2 0 0 0 0 0 0 0 0 0
-32.7 -285.0 2523.6 0 0 0 0 0 0 0 0 0
-306.3 -934.7 2375.6 0 0 0 0 0 0 0 0 0
-159.3 -855.3 2474.1 0 0 0 0 0 0 0 0 0
-78.8 381.0 2414.9 52 0.4250000119 0.2398154736 -0.8728479147 -0.1179733351 0.9707170129 0.2092624456 0.8974727392 0.0140362382 0.4408465624
-126.0 189.9 2412.1 0.4250000119 0.2398154736 -0.8728479147 -0.1179733351 0.9707170129 0.2092624456 0.8974727392 0.0140362382 0.4408465624
-168.4 0.4 2413.7 0.4317652583 0.2179459482 -0.8752589822 -0.0892038345 0.9759292603 0.1990093440 0.8975641727 -0.0078488626 0.4408139884
-185.0 202.1 2289.5 -0.3451944292 0.4139737189 -0.8422983885 0.7312397957 0.6812155843 0.0351246595 0.5883274674 -0.6037972569 -0.5378658772
-97.1 15.8 2139.7 -0.8320148587 0.4139737189 -0.3692926764 0.5522523522 0.6812155843 -0.4805857837 0.0526180118 -0.6037972569 -0.7953994274
-67.1 177.7 2534.7 -0.1154690161 0.9005581737 -0.4191203713 -0.9255511165 0.0556255654 0.3745142221 0.3605856299 0.4311621189 0.8270896077
-95.0 -46.2 2621.9 0.2270030081 0.9005581737 -0.3707622290 -0.9060035348 0.0556255654 -0.4195990562 -0.3572494984 0.4311621189 0.8285360932
-248.5 -179.1 2333.2 0.5497432947 0.0321836956 -0.8347134590 0.0044984501 0.9991289973 0.0414856784 0.8353215456 -0.0265613906 0.5491196513
-261.0 -567.0 2343.5 0.5480096340 0.1224966496 -0.8274539113 -0.0099892076 0.9901067615 0.1399601549 0.8364123702 -0.0684339032 0.5438116789
-169.9 -195.9 2493.3 0.5484085679 0.0161267109 -0.8360549808 -0.0558891334 0.9982852936 -0.0174043849 0.8343406916 0.0562711023 0.5483695269
-176.1 -583.4 2471.4 0.5451211333 -0.0602020286 -0.8361929655 0.0440820679 0.9980968833 -0.0431208946 0.8371975422 -0.0133550037 0.5467375517
135.5 -138.6 2125.0 0 0 0 0 0 0 0 0 0
-35.0 -285.8 2527.4 0 0 0 0 0 0 0 0 0
-306.6 -936.3 2369.0 0 0 0 0 0 0 0 0 0
-159.8 -854.9 2475.0 0 0 0 0 0 0 0 0 0
-79.0 384.0 2413.4 53 0.4232220054 0.2410769612 -0.8733642101 -0.1187422350 0.9703947902 0.2103194594 0.8982112408 0.0146933943 0.4393184483
-126.5 192.6 2410.5 0.4232220054 0.2410769612 -0.8733642101 -0.1187422350 0.9703947902 0.2103194594 0.8982112408 0.0146933943 0.4393184483
-169.1 3.2 2412.2 0.4302527308 0.2192610204 -0.8756752610 -0.0890206918 0.9756306410 0.2005496472 0.8983083367 -0.0083338125 0.4392865002
-185.3 204.7 2287.8 -0.3059710860 0.3515670300 -0.8847498298 0.7445191145 0.6675557494 0.0077866735 0.5933573842 -0.6563307047 -0.4660011232
-108.3 17.3 2138.4 -0.8467211127 0.3515670300 -0.3993294537 0.5257979631 0.6675557494 -0.5271677971 0.0812398493 -0.6563307047 -0.7500867248
-67.7 180.4 2533.3 -0.1172296554 0.8999747634 -0.4198840857 -0.9250944257 0.0548098199 0.3757607341 0.3611889482 0.4324827194 0.8261362910
-96.1 -43.3 2620.6 0.2263644934 0.8999747634 -0.3725648224 -0.9065929055 0.0548098199 -0.4184318483 -0.3561578691 0.4324827194 0.8283177018
-249.3 -181.0 2334.8 0.5486750603 0.0246353578 -0.8356726766 0.0121242069 0.9992261529 0.0374172144 0.8359478116 -0.0306617599 0.5479517579
-258.9 -568.9 2346.7 0.5429747701 0.1360730082 -0.8286510110 -0.0335690007 0.9895125628 0.1404919922 0.8390777707 -0.0484666154 0.5418481827
-172.0 -197.0 2495.6 0.5470169187 0.0115490882 -0.8370418549 -0.0573957190 0.9980692863 -0.0237379279 0.8351516128 0.0610276684 0.5466236472
-176.5 -584.4 2471.9 0.5427774787 -0.0700479969 -0.8369503617 0.0398076102 0.9975416064 -0.0576726198 0.8389326334 -0.0020135969 0.5442315340
128.5 -129.7 2115.7 0 0 0 0 0 0 0 0 0
-36.2 -283.2 2526.4 0 0 0 0 0 0 0 0 0
-309.7 -938.0 2364.8 0 0 0 0 0 0 0 0 0
-157.7 -851.6 2472.4 0 0 0 0 0 0 0 0 0
-78.6 382.4 2414.7 54 0.4363562763 0.2399585396 -0.8671869040 -0.1267746538 0.9705649018 0.2047729492 0.8907981515 0.0205833502 0.4539327621
-125.9 190.9 2410.6 0.4363562763 0.2399585396 -0.8671869040 -0.1267746538 0.9705649018 0.2047729492 0.8907981515 0.0205833502 0.4539327621
-168.4 1.5 2411.2 0.4434334934 0.2188549638 -0.8691773415 -0.0967526957 0.9757528901 0.1963292956 0.8910699487 -0.0029637374 0.4538563192
-186.5 204.1 2288.9 -0.2729862034 0.3556863368 -0.8938488364 0.7437434196 0.6673603654 0.0384173281 0.6101838350 -0.6543067694 -0.4467195272
-117.8 16.9 2135.3 -0.8468983173 0.3556863368 -0.3952852488 0.5262433887 0.6673603654 -0.5269705653 0.0763614774 -0.6543067694 -0.7523639798
-65.4 177.7 2532.4 -0.1116958857 0.9062226415 -0.4077799618 -0.9282942414 0.0513059720 0.3682899773 0.3546742797 0.4196762741 0.8355106115
-92.4 -46.9 2618.1 0.2212910056 0.9062226415 -0.3602648675 -0.9033510089 0.0513059720 -0.4258223176 -0.3674061000 0.4196762741 0.8299906850
-250.2 -178.2 2333.3 0.5611444712 0.0281613059 -0.8272386789 0.0143864127 0.9989382625 0.0437651947 0.8275928497 -0.0364595950 0.5601435900
-261.1 -566.0 2347.5 0.5553129911 0.1116335019 -0.8241149187 -0.0470290296 0.9935793877 0.1028993800 0.8303106427 -0.0183840394 0.5569975972
-173.1 -194.2 2494.3 0.5593987107 0.0127281239 -0.8288009763 -0.0524775088 0.9984200597 -0.0200866517 0.8272358775 0.0547298566 0.5591828227
-178.0 -581.8 2473.0 0.5548024178 -0.0740760341 -0.8286778927 0.0458573177 0.9972370267 -0.0584420264 0.8307173848 -0.0055771666 0.5566664338
118.6 -130.0 2114.0 0 0 0 0 0 0 0 0 0
-33.8 -285.8 2521.0 0 0 0 0 0 0 0 0 0
-302.8 -936.5 2354.3 0 0 0 0 0 0 0 0 0
-157.9 -853.4 2474.5 0 0 0 0 0 0 0 0 0
-77.8 384.6 2413.3 55 0.4399577677 0.2439463735 -0.8642495871 -0.1227399930 0.9696996212 0.2112286687 0.8895909786 0.0131462906 0.4565688372
-126.0 192.8 2410.7 0.4399577677 0.2439463735 -0.8642495871 -0.1227399930 0.9696996212 0.2112286687 0.8895909786 0.0131462906 0.4565688372
-169.1 3.6 2412.7 0.4472245276 0.2219817191 -0.8664377332 -0.0924099013 0.9749962687 0.2020957321 0.8896350861 -0.0103147458 0.4565555453
-187.1 205.5 2289.2 -0.2421550453 0.3663257062 -0.8984243870 0.7461025119 0.6622535586 0.0689295903 0.6202354431 -0.6536250710 -0.4336845577
-125.9 16.8 2132.4 -0.8414267898 0.3663257062 -0.3972485065 0.5356655121 0.6622535586 -0.5239109397 0.0711571947 -0.6536250710 -0.7534659505
-64.9 180.2 2532.3 -0.1129977256 0.9083136320 -0.4027379453 -0.9256017804 0.0511358157 0.3750286102 0.3612379432 0.4151523411 0.8349584937
-92.2 -43.7 2619.6 0.2167316526 0.9083136320 -0.3577621281 -0.9064165950 0.0511358157 -0.4192780554 -0.3625414968 0.4151523411 0.8343933225
-250.6 -179.3 2332.0 0.5648798347 0.0171889756 -0.8249940872 0.0130131943 0.9994730949 0.0297345277 0.8250705600 -0.0275322441 0.5643585324
-257.3 -567.3 2342.7 0.5590993166 0.1503151655 -0.8153608441 -0.0281302147 0.9863009453 0.1625395715 0.8286233544 -0.0679394826 0.5556685925
-171.2 -196.6 2491.6 0.5630704165 0.0185364690 -0.8262010217 -0.0469558984 0.9988509417 -0.0095912609 0.8250738382 0.0441955663 0.5632938147
-178.4 -584.4 2474.5 0.5583836436 -0.0801387802 -0.8257030249 0.0347707495 0.9967093468 -0.0732220337 0.8288538456 0.0121756736 0.5593326688
109.4 -133.0 2112.5 0 0 0 0 0 0 0 0 0
-34.9 -283.5 2523.7 0 0 0 0 0 0 0 0 0
-313.3 -934.5 2368.0 0 0 0 0 0 0 0 0 0
-156.9 -851.9 2471.2 0 0 0 0 0 0 0 0 0
-79.8 383.3 2404.7 56 0.4798697829 0.2406032234 -0.8437032104 -0.1189909205 0.9706235528 0.2091197520 0.8692330718 0.0000427664 0.4944025278
-127.1 192.2 2404.6 0.4798697829 0.2406032234 -0.8437032104 -0.1189909205 0.9706235528 0.2091197520 0.8692330718 0.0000427664 0.4944025278
-169.5 2.9 2408.2 0.4860854149 0.2186688781 -0.8461115956 -0.0926510319 0.9756276011 0.1989135593 0.8689860702 -0.0182958655 0.4944982529
-193.5 204.9 2286.0 -0.2195260227 0.3290581405 -0.9184383750 0.7553880215 0.6530952454 0.0534374230 0.6174117923 -0.6820464134 -0.3919379711
-138.7 16.3 2131.9 -0.8565768600 0.3290581405 -0.3974881172 0.5104615092 0.6530952454 -0.5593707561 0.0755320936 -0.6820464134 -0.7273977995
-60.8 179.6 2523.2 -0.0944727212 0.9255262017 -0.3667099774 -0.9266539216 0.0528758205 0.3721782565 0.3638508022 0.3749739230 0.8526471257
-83.6 -44.5 2611.2 0.2028808594 0.9255262017 -0.3197509348 -0.9053393602 0.0528758205 -0.4213844240 -0.3730952442 0.3749739230 0.8486427665
-252.3 -177.4 2335.0 0.6005389690 0.0243999865 -0.7992230654 0.0148834027 0.9990200400 0.0416831523 0.7994569540 -0.0369275175 0.5995873213
-261.7 -565.2 2349.4 0.5939659476 0.1170023307 -0.7959365249 -0.0526480898 0.9928998947 0.1066673473 0.8027656078 -0.0214522351 0.5959087014
-172.1 -194.0 2494.4 0.5988084078 0.0153350364 -0.8007454872 -0.0500387847 0.9985796809 -0.0182959363 0.7993276119 0.0510240905 0.5987252593
-178.1 -581.6 2474.6 0.5946026444 -0.0735644251 -0.8006471992 0.0397766009 0.9972775578 -0.0620908700 0.8030351996 0.0050723716 0.5959100127
100.8 -126.4 2110.8 0 0 0 0 0 0 0 0 0
-30.0 -284.0 2512.6 0 0 0 0 0 0 0 0 0
-305.3 -934.8 2357.4 0 0 0 0 0 0 0 0 0
-158.0 -853.2 2473.2 0 0 0 0 0 0 0 0 0
-78.8 382.7 2400.8 57 0.4965150058 0.2397331595 -0.8342666626 -0.1204431728 0.9708357453 0.2072954327 0.8596314788 -0.0024435767 0.5109087229
-126.0 191.5 2401.3 0.4965150058 0.2397331595 -0.8342666626 -0.1204431728 0.9708357453 0.2072954327 0.8596314788 -0.0024435767 0.5109087229
-168.0 2.0 2405.1 0.5027471185 0.2162446082 -0.8369489908 -0.0938327909 0.9761358500 0.1958422214 0.8593257666 -0.0199258588 0.5110403299
-194.7 204.3 2284.0 -0.1882744133 0.3211817145 -0.9281136990 0.7619639039 0.6440083981 0.0682948828 0.6196480989 -0.6943309307 -0.3659791946
-148.2 16.3 2131.1 -0.8634052873 0.3211817145 -0.3890675604 0.5003461838 0.6440083981 -0.5787113905 0.0646912605 -0.6943309307 -0.7167423368
-57.4 178.7 2518.6 -0.0856072307 0.9323936701 -0.3511601388 -0.9277372360 0.0539142154 0.3693194985 0.3632836640 0.3574007750 0.8604008555
-78.1 -45.7 2606.5 0.1976719350 0.9323936701 -0.3026018143 -0.9038969278 0.0539142154 -0.4243390560 -0.3793365061 0.3574007750 0.8534450531
-255.5 -178.2 2333.9 0.6156211495 0.0185629427 -0.7878235579 0.0136585059 0.9993209839 0.0342193432 0.7879238725 -0.0318266451 0.6149496436
-262.7 -566.2 2346.3 0.6107786894 0.1135437638 -0.7836180329 -0.0351688564 0.9925784469 0.1164096594 0.7910199165 -0.0435415916 0.6102389693
-168.4 -194.8 2489.5 0.6140757203 0.0230812095 -0.7889095545 -0.0485260487 0.9987853169 -0.0085504036 0.7877539396 0.0435332581 0.6144498587
-177.4 -582.6 2472.6 0.6106617451 -0.0649332032 -0.7892248631 0.0476276129 0.9978399277 -0.0452451333 0.7904580235 -0.0099594258 0.6124352813
92.6 -123.3 2113.0 0 0 0 0 0 0 0 0 0
-25.8 -284.8 2506.1 0 0 0 0 0 0 0 0 0
-305.0 -936.1 2362.5 0 0 0 0 0 0 0 0 0
-159.8 -853.4 2475.3 0 0 0 0 0 0 0 0 0
-76.1 383.9 2399.9 58 0.5068952441 0.2479089946 -0.8255897164 -0.1287957579 0.9687827826 0.2118292004 0.8523314595 -0.0010427594 0.5230010152
-125.1 192.3 2400.1 0.5068952441 0.2479089946 -0.8255897164 -0.1287957579 0.9687827826 0.2118292004 0.8523314595 -0.0010427594 0.5230010152
-168.4 3.1 2403.8 0.5135859251 0.2234607041 -0.8284291029 -0.1012120917 0.9745290279 0.2001231462 0.8520478606 -0.0189333875 0.5231213570
-195.2 206.1 2283.7 -0.1475053877 0.3054824769 -0.9407032728 0.7786157727 0.6223778129 0.0800204501 0.6099177003 -0.7206429839 -0.3296575546
-159.2 16.1 2134.9 -0.8729580641 0.3054824769 -0.3802954853 0.4853186011 0.6223778129 -0.6140941978 0.0490924641 -0.7206429839 -0.6915661097
-54.9 178.5 2516.5 -0.0878438428 0.9375244379 -0.3366472423 -0.9284892082 0.0453526676 0.3685795665 0.3608202040 0.3449507952 0.8664973974
-76.2 -46.1 2603.7 0.1856156588 0.9375244379 -0.2942698300 -0.9037813544 0.0453526676 -0.4255847037 -0.3856501579 0.3449507952 0.8557353020
-255.0 -179.1 2332.1 0.6265493631 0.0201531816 -0.7791211605 0.0162047949 0.9991126657 0.0388750881 0.7792132497 -0.0369826593 0.6256667972
-262.8 -567.0 2346.4 0.6212363839 0.1148115471 -0.7751668692 -0.0376817361 0.9924411178 0.1167934760 0.7827166915 -0.0433467254 0.6208668351
-164.9 -195.9 2485.9 0.6245484948 0.0318157412 -0.7803376913 -0.0480280407 0.9988433719 0.0022850393 0.7795078158 0.0360509716 0.6253541708
-177.3 -583.7 2471.9 0.6205621362 -0.0709318146 -0.7809425592 0.0524297319 0.9974250793 -0.0489322320 0.7824025750 -0.0105791194 0.6226831675
82.3 -118.2 2121.3 0 0 0 0 0 0 0 0 0
-27.1 -285.2 2501.7 0 0 0 0 0 0 0 0 0
-305.6 -937.2 2362.6 0 0 0 0 0 0 0 0 0
-158.1 -853.8 2474.8 0 0 0 0 0 0 0 0 0
-72.5 382.0 2400.9 59 0.5203985572 0.2562329173 -0.8145735264 -0.1392177194 0.9666139483 0.2151182294 0.8424985409 0.0014558507 0.5386967063
-123.1 191.1 2400.6 0.5203985572 0.2562329173 -0.8145735264 -0.1392177194 0.9666139483 0.2151182294 0.8424985409 0.0014558507 0.5386967063
-167.9 2.3 2404.0 0.5276839137 0.2308103144 -0.8174816370 -0.1102065444 0.9728447199 0.2035377622 0.8422613740 -0.0173117742 0.5387913585
-195.1 206.2 2285.6 -0.1236289293 0.2969844043 -0.9468453526 0.7849896550 0.6129707694 0.0897668526 0.6070479155 -0.7321660519 -0.3089105785
-165.1 15.2 2138.0 -0.8823166490 0.2969844043 -0.3651267588 0.4693492651 0.6129707694 -0.6355926991 0.0350509249 -0.7321660519 -0.6802237630
-51.0 176.1 2515.7 -0.0888653100 0.9437757730 -0.3184183240 -0.9298402071 0.0359977335 0.3661985397 0.3570716381 0.3286204934 0.8743616939
-72.5 -48.9 2602.0 0.1716336310 0.9437757730 -0.2825405598 -0.9029383063 0.0359977335 -0.4282598794 -0.3940104842 0.3286204934 0.8583497405
-257.8 -177.0 2331.2 0.6403489113 0.0133619141 -0.7679679394 0.0103638628 0.9996073246 0.0260338429 0.7680142522 -0.0246298574 0.6399589777
-263.0 -565.0 2340.7 0.6385900974 0.1213777065 -0.7599145770 -0.0045458386 0.9880606532 0.1539983749 0.7695336342 -0.0948873907 0.6315175295
-165.8 -195.1 2483.8 0.6383996606 0.0293632131 -0.7691447735 -0.0394497253 0.9992069602 0.0054024081 0.7686933875 0.0268936530 0.6390517950
-177.2 -583.0 2473.3 0.6346762776 -0.0700750127 -0.7695944309 0.0499355942 0.9975177050 -0.0496471003 0.7711630464 -0.0069203177 0.6366000772
77.0 -113.5 2128.3 0 0 0 0 0 0 0 0 0
-27.1 -287.7 2497.8 0 0 0 0 0 0 0 0 0
-308.2 -933.2 2376.1 0 0 0 0 0 0 0 0 0
-158.1 -854.6 2475.2 0 0 0 0 0 0 0 0 0
-71.7 378.3 2400.9 60 0.5238452554 0.2584716976 -0.8116517663 -0.1423725784 0.9660154581 0.2157408744 0.8398310542 0.0025421199 0.5428419113
-122.5 188.6 2400.4 0.5238452554 0.2584716976 -0.8116517663 -0.1423725784 0.9660154581 0.2157408744 0.8398310542 0.0025421199 0.5428419113
-167.9 -0.2 2403.8 0.5312641859 0.2338783890 -0.8142845035 -0.1131679118 0.9721179605 0.2053769976 0.8396138549 -0.0169585701 0.5429189801
-195.1 204.0 2285.8 -0.1107854322 0.2990083098 -0.9477977753 0.7905341387 0.6044781208 0.0982955545 0.6023141742 -0.7383767962 -0.3033436537
-168.6 15.1 2141.8 -0.8882485032 0.2990083098 -0.3487243652 0.4590800107 0.6044781208 -0.6510390043 0.0161301717 -0.7383767962 -0.6741954684
-49.9 173.1 2515.1 -0.0901827961 0.9454175830 -0.3131336272 -0.9300712347 0.0324848555 0.3659402132 0.3561384082 0.3242380917 0.8763760924
-71.8 -51.9 2601.3 0.1669049710 0.9454175830 -0.2798719704 -0.9028635025 0.0324848555 -0.4286983311 -0.3962073326 0.3242380917 0.8590049148
-259.9 -176.7 2332.0 0.6440587640 0.0029780501 -0.7649702430 0.0162370875 0.9997138977 0.0175625607 0.7648037076 -0.0237322096 0.6438261271
-261.1 -564.8 2341.2 0.6393833756 0.1306005120 -0.7577152252 -0.0229642279 0.9882728457 0.1509617269 0.7685450315 -0.0791220739 0.6348844171
-165.4 -196.4 2482.8 0.6418293715 0.0342229493 -0.7660834789 -0.0436581187 0.9990140796 0.0080515323 0.7656037211 0.0282780528 0.6426906586
-178.7 -584.3 2471.8 0.6379514337 -0.0705838725 -0.7668349743 0.0595608838 0.9973301888 -0.0422496051 0.7677697539 -0.0187201686 0.6404522657
72.9 -109.8 2137.4 0 0 0 0 0 0 0 0 0
-27.6 -290.7 2496.5 0 0 0 0 0 0 0 0 0
-309.8 -933.3 2370.7 0 0 0 0 0 0 0 0 0
-159.7 -853.7 2476.9 0 0 0 0 0 0 0 0 0
-71.0 378.0 2398.5 61 0.5277282000 0.2608686090 -0.8083628416 -0.1419046074 0.9653739929 0.2188976109 0.8374759555 -0.0008080363 0.5464735627
-122.3 188.0 2398.6 0.5277282000 0.2608686090 -0.8083628416 -0.1419046074 0.9653739929 0.2188976109 0.8374759555 -0.0008080363 0.5464735627
-168.1 -0.6 2402.5 0.5352106690 0.2356903255 -0.8111717701 -0.1127167642 0.9716252685 0.2079405040 0.8371645212 -0.0198593177 0.5465904474
-195.4 203.4 2284.3 -0.1193782464 0.3113715649 -0.9427601099 0.7981123924 0.5949045420 0.0954209864 0.5905636549 -0.7410373092 -0.3195281625
-167.0 13.2 2143.5 -0.8912011981 0.3113715649 -0.3298607767 0.4534887671 0.5949045420 -0.6636539102 -0.0104072671 -0.7410373092 -0.6713831425
-49.2 172.6 2513.0 -0.0902085528 0.9470807314 -0.3080592752 -0.9292554259 0.0312272031 0.3681157529 0.3582551777 0.3194729388 0.8772629499
-71.0 -52.2 2599.6 0.1631963253 0.9470807314 -0.2764146328 -0.9038742185 0.0312272031 -0.4266570807 -0.3954470456 0.3194729388 0.8611379862
-260.9 -178.7 2331.8 0.6478530169 0.0085532200 -0.7617173195 0.0116337063 0.9997092485 0.0211202558 0.7616764903 -0.0225444175 0.6475651860
-264.2 -566.8 2340.6 0.6450738311 0.1199986190 -0.7546390891 -0.0129173538 0.9891633987 0.1462495178 0.7640110850 -0.0845937878 0.6396334767
-165.7 -199.0 2482.3 0.6456590891 0.0339660831 -0.7628700137 -0.0402282439 0.9991359711 0.0104382215 0.7625654340 0.0239493884 0.6464676261
-178.9 -586.9 2473.0 0.6421769261 -0.0671167970 -0.7636125684 0.0568222180 0.9975868464 -0.0398957804 0.7644475102 -0.0177700073 0.6444410086
72.6 -108.7 2146.3 0 0 0 0 0 0 0 0 0
-27.9 -291.3 2495.0 0 0 0 0 0 0 0 0 0
-309.0 -935.9 2372.2 0 0 0 0 0 0 0 0 0
-160.9 -854.2 2477.7 0 0 0 0 0 0 0 0 0
-73.3 376.3 2397.7 62 0.5249996185 0.2525437474 -0.8127712607 -0.1447506398 0.9675444961 0.2071349025 0.8387029767 0.0089034149 0.5445163250
-122.9 186.3 2396.0 0.5249996185 0.2525437474 -0.8127712607 -0.1447506398 0.9675444961 0.2071349025 0.8387029767 0.0089034149 0.5445163250
-167.6 -2.5 2398.6 0.5325807929 0.2302342355 -0.8144629598 -0.1142772362 0.9730399251 0.2003347576 0.8386288881 -0.0136198616 0.5445328951
-195.7 202.0 2281.4 -0.1708614528 0.3805897534 -0.9088222384 0.8044005036 0.5865399241 0.0943969339 0.5689870119 -0.7149282694 -0.4063636363
-154.7 9.4 2145.2 -0.8745133281 0.3805897534 -0.3006291091 0.4796188772 0.5865399241 -0.6526382565 -0.0720564499 -0.7149282694 -0.6954749823
-50.1 170.7 2510.5 -0.0862949267 0.9456404448 -0.3135559559 -0.9317014217 0.0348595269 0.3615484834 0.3528252840 0.3233403265 0.8780463338
-71.0 -54.6 2595.9 0.1698921025 0.9456404448 -0.2773099840 -0.9007392526 0.0348595269 -0.4329591990 -0.3997568190 0.3233403265 0.8576977849
-261.8 -179.2 2331.3 0.6447901726 0.0084888311 -0.7643125057 0.0082125235 0.9998036623 0.0180325713 0.7643154860 -0.0179041587 0.6445938945
-265.1 -567.3 2338.3 0.6442212462 0.1152573973 -0.7561049461 0.0032655722 0.9881567955 0.1534127295 0.7648321986 -0.1013008580 0.6362152100
-165.9 -199.4 2481.3 0.6433495283 0.0340466686 -0.7648151517 -0.0264643859 0.9994025826 0.0222282186 0.7651150227 0.0059398497 0.6438662410
-179.1 -587.3 2479.0 0.6401189566 -0.0685543045 -0.7652111053 0.0435628854 0.9976472259 -0.0529364832 0.7670397758 0.0005508417 0.6415992975
76.5 -117.5 2164.2 0 0 0 0 0 0 0 0 0
-26.1 -292.9 2490.1 0 0 0 0 0 0 0 0 0
-308.1 -936.0 2376.1 0 0 0 0 0 0 0 0 0
-160.7 -855.6 2478.9 0 0 0 0 0 0 0 0 0
-74.3 376.2 2396.8 63 0.5019723177 0.2560288608 -0.8261192441 -0.1336977035 0.9666687846 0.2183493078 0.8544874191 0.0008449409 0.5194714069
-124.6 186.3 2396.7 0.5019723177 0.2560288608 -0.8261192441 -0.1336977035 0.9666687846 0.2183493078 0.8544874191 0.0008449409 0.5194714069
-170.0 -2.4 2400.1 0.5087872744 0.2336704135 -0.8285732865 -0.1067158878 0.9721542597 0.2086333185 0.8542524576 -0.0177280419 0.5195560455
-194.1 200.8 2280.0 -0.2242839187 0.3796062171 -0.8975499272 0.8066083193 0.5891649723 0.0476200879 0.5468817949 -0.7132908106 -0.4383337796
-140.4 7.6 2149.0 -0.8847218752 0.3796062171 -0.2704927623 0.4566059709 0.5891649723 -0.6666300893 -0.0936920717 -0.7132908106 -0.6945775747
-55.1 171.7 2513.3 -0.0991560817 0.9364356995 -0.3365357220 -0.9276035428 0.0354260541 0.3718825281 0.3601661921 0.3490461409 0.8651283979
-79.1 -52.6 2600.4 0.1777981073 0.9364356995 -0.3024500906 -0.9055891037 0.0354260541 -0.4226740897 -0.3850924671 0.3490461409 0.8543246388
-260.0 -181.2 2326.1 0.6236113906 0.0149084572 -0.7815923691 0.0297036469 0.9986442327 0.0427483432 0.7811700106 -0.0498744957 0.6223230362
-265.8 -568.7 2345.5 0.6192953587 0.1053542346 -0.7780576348 -0.0176036786 0.9925706983 0.1203890890 0.7849607468 -0.0608597286 0.6165490746
-164.6 -201.7 2476.4 0.6217677593 0.0383031592 -0.7822644711 -0.0217441618 0.9992626309 0.0316454321 0.7828997970 -0.0026664238 0.6221421361
-179.4 -589.6 2477.4 0.6183422804 -0.0725909397 -0.7825492620 0.0436336100 0.9973602891 -0.0580395535 0.7846966982 0.0017428594 0.6198773980
92.1 -112.4 2173.6 0 0 0 0 0 0 0 0 0
-32.1 -292.2 2498.6 0 0 0 0 0 0 0 0 0
-305.1 -938.8 2368.2 0 0 0 0 0 0 0 0 0
-160.1 -854.9 2477.0 0 0 0 0 0 0 0 0 0
-72.5 381.0 2398.4 64 0.4881117940 0.2606517076 -0.8329511285 -0.1322169453 0.9654327631 0.2246290892 0.8627082705 0.0004861502 0.5057017207
-124.1 190.1 2398.3 0.4881117940 0.2606517076 -0.8329511285 -0.1322169453 0.9654327631 0.2246290892 0.8627082705 0.0004861502 0.5057017207
-170.1 1.6 2402.0 0.4952985942 0.2373608053 -0.8356668949 -0.1042690203 0.9712378383 0.2140679359 0.8624426126 -0.0188933760 0.5058020949
-191.7 204.4 2280.5 -0.2498926371 0.4390768111 -0.8629978299 0.8036623001 0.5911797285 0.0680697188 0.5400746465 -0.6765486598 -0.5006009340
-130.5 7.5 2148.2 -0.8671432137 0.4390768111 -0.2351046801 0.4758938253 0.5911797285 -0.6511771083 -0.1469276398 -0.6765486598 -0.7215914130
-56.4 175.9 2516.1 -0.1079108268 0.9311146140 -0.3483974934 -0.9254605770 0.0339278318 0.3773216605 0.3631500900 0.3631452322 0.8580486774
-82.5 -47.9 2603.9 0.1804878563 0.9311146140 -0.3169380128 -0.9080680609 0.0339278318 -0.4174461663 -0.3779371977 0.3631452322 0.8516390324
-260.9 -181.6 2327.0 0.6117433906 0.0168096442 -0.7908776402 0.0333107635 0.9983400106 0.0469849892 0.7903546095 -0.0550874956 0.6101679802
-267.5 -569.1 2348.4 0.6054291725 0.1095223650 -0.7883275747 -0.0383088961 0.9933487177 0.1085850373 0.7949767113 -0.0355405845 0.6055979729
-169.8 -200.7 2480.0 0.6094363928 0.0314215682 -0.7922120690 -0.0260406993 0.9994685650 0.0196092930 0.7924071550 0.0086791376 0.6099307537
-182.0 -588.7 2476.7 0.6046484709 -0.0839050338 -0.7920606732 0.0542335212 0.9964650273 -0.0641569793 0.7946438789 -0.0041638208 0.6070615649
94.5 -115.9 2186.4 0 0 0 0 0 0 0 0 0
-34.8 -288.1 2504.0 0 0 0 0 0 0 0 0 0
-308.3 -939.6 2361.7 0 0 0 0 0 0 0 0 0
-159.5 -856.3 2477.8 0 0 0 0 0 0 0 0 0
-73.4 382.7 2398.7 65 0.4803993702 0.2609130740 -0.8373414874 -0.1235337108 0.9653367996 0.2299222946 0.8683063388 -0.0070146248 0.4959787726
-125.0 191.6 2400.1 0.4803993702 0.2609130740 -0.8373414874 -0.1235337108 0.9653367996 0.2299222946 0.8683063388 -0.0070146248 0.4959787726
-171.2 3.2 2404.5 0.4867218137 0.2379590869 -0.8405220509 -0.0989935696 0.9710100293 0.2175770700 0.8679298162 -0.0226932224 0.4961681664
-191.5 205.2 2281.5 -0.2922611535 0.4907526970 -0.8208198547 0.8025612831 0.5926176310 0.0685548708 0.5200757980 -0.6387223005 -0.5670582056
-117.9 3.0 2150.5 -0.8466917276 0.4907526970 -0.2056087703 0.4973500371 0.5926176310 -0.6335986853 -0.1890928745 -0.6387223005 -0.7458402514
-58.5 178.1 2518.6 -0.1118810549 0.9274979234 -0.3566935360 -0.9230851531 0.0359113216 0.3829153180 0.3679624796 0.3720994890 0.8521417379
-85.6 -45.1 2607.6 0.1838544607 0.9274979234 -0.3254922330 -0.9104929566 0.0359113216 -0.4119623005 -0.3704053164 0.3720994890 0.8510827422
-260.6 -177.6 2328.4 0.6037665009 0.0167785175 -0.7969846129 0.0285246205 0.9986834526 0.0426339954 0.7966507077 -0.0484746620 0.6024930477
-267.1 -565.3 2347.2 0.6001028419 0.1033473834 -0.7932186723 -0.0113149956 0.9926164746 0.1207663864 0.7998428345 -0.0634969845 0.5968413353
-171.9 -196.3 2482.9 0.6013495326 0.0258688517 -0.7985671759 -0.0292123742 0.9995193481 0.0103805549 0.7984519005 0.0170857012 0.6018161178
-181.9 -584.3 2476.2 0.5963843465 -0.0849909335 -0.7981868386 0.0527894422 0.9963788390 -0.0666515306 0.8009613156 -0.0023859104 0.5987113714
100.8 -125.5 2199.4 0 0 0 0 0 0 0 0 0
-37.0 -286.0 2509.6 0 0 0 0 0 0 0 0 0
-305.7 -935.5 2370.9 0 0 0 0 0 0 0 0 0
-158.7 -856.6 2476.9 0 0 0 0 0 0 0 0 0
-74.3 379.3 2397.3 66 0.4565921128 0.2575951815 -0.8515681624 -0.1142470166 0.9662181735 0.2310194969 0.8823101521 -0.0081925569 0.4705970883
-125.1 188.6 2398.9 0.4565921128 0.2575951815 -0.8515681624 -0.1142470166 0.9662181735 0.2310194969 0.8823101521 -0.0081925569 0.4705970883
-170.7 0.0 2404.3 0.4634779394 0.2349417508 -0.8543948531 -0.0871554017 0.9716216922 0.2198981941 0.8818118572 -0.0274528377 0.4708016515
-188.4 200.5 2278.5 -0.3442513347 0.5708341002 -0.7454122901 0.7834443450 0.6121827364 0.1069918126 0.5174031258 -0.5471569896 -0.6579614282
-101.3 2.4 2147.7 -0.8067580462 0.5708341002 -0.1526103914 0.5420575738 0.6121827364 -0.5756786466 -0.2351915389 -0.5471569896 -0.8033082485
-61.8 176.7 2519.4 -0.1184881404 0.9169681072 -0.3809593916 -0.9192689657 0.0437376201 0.3911925554 0.3753733337 0.3965558112 0.8377579451
-90.5 -45.6 2610.1 0.1969934553 0.9169681072 -0.3469338119 -0.9139894843 0.0437376201 -0.4033735991 -0.3547066450 0.3965558112 0.8467152119
-261.0 -176.5 2331.1 0.5817691088 0.0151229976 -0.8132134080 0.0286003090 0.9988284707 0.0390353315 0.8128510118 -0.0459677018 0.5806549788
-266.9 -564.2 2349.0 0.5782928467 0.0995373949 -0.8097343445 -0.0105917519 0.9933615327 0.1145455763 0.8157604933 -0.0576643795 0.5755081177
-173.8 -194.2 2486.6 0.5789995193 0.0288401432 -0.8148176074 -0.0447486937 0.9989919066 0.0035610399 0.8140989542 0.0344001837 0.5797064304
-185.0 -582.0 2473.3 0.5715823770 -0.0983469412 -0.8146296740 0.0670802519 0.9950687885 -0.0730639771 0.8177981973 -0.0128834816 0.5753608942
107.3 -137.8 2208.5 0 0 0 0 0 0 0 0 0
-38.4 -287.4 2516.3 0 0 0 0 0 0 0 0 0
-304.0 -934.9 2370.5 0 0 0 0 0 0 0 0 0
-158.0 -854.9 2476.8 0 0 0 0 0 0 0 0 0
-72.2 378.4 2391.1 67 0.4598209858 0.2606517375 -0.8488965631 -0.1046041399 0.9651952386 0.2397001386 0.8818291426 -0.0214210674 0.4710822701
-123.6 188.2 2395.4 0.4598209858 0.2606517375 -0.8488965631 -0.1046041399 0.9651952386 0.2397001386 0.8818291426 -0.0214210674 0.4710822701
-170.2 -0.1 2402.9 0.4660962224 0.2401117086 -0.8515284061 -0.0803538486 0.9699791670 0.2295292914 0.8810775280 -0.0385591537 0.4713975191
-187.2 199.2 2275.0 -0.3667985201 0.5625699162 -0.7409277558 0.7885352969 0.6106108427 0.0732564032 0.4936303496 -0.5573773384 -0.6675773859
-94.2 -0.9 2149.8 -0.8106421828 0.5625699162 -0.1624017805 0.5398327112 0.6106108427 -0.5794264674 -0.2268036157 -0.5573773384 -0.7986805439
-59.9 177.2 2515.7 -0.1220581606 0.9185886383 -0.3758945763 -0.9145677090 0.0430340432 0.4021367729 0.3855745196 0.3928651214 0.8348588347
-89.4 -44.0 2609.0 0.1909067929 0.9185886383 -0.3460484445 -0.9187047482 0.0430340432 -0.3925935626 -0.3457401097 0.3928651214 0.8521271944
-257.8 -180.8 2330.7 0.5844836831 0.0226241052 -0.8110899925 0.0207024440 0.9988699555 0.0427804329 0.8111413121 -0.0417960100 0.5833548307
-266.6 -568.6 2346.9 0.5805681348 0.1173684299 -0.8057079315 -0.0156692974 0.9909831882 0.1330668926 0.8140608668 -0.0646295175 0.5771723390
-174.8 -196.4 2488.6 0.5814034939 0.0328053683 -0.8129537702 -0.0453610793 0.9989396334 0.0078694448 0.8123499155 0.0323011354 0.5822750926
-187.6 -584.2 2476.0 0.5734295249 -0.1062393263 -0.8123372197 0.0591227710 0.9943371415 -0.0883068815 0.8171187639 0.0026101433 0.5764634609
116.4 -141.1 2208.7 0 0 0 0 0 0 0 0 0
-38.9 -287.0 2517.5 0 0 0 0 0 0 0 0 0
-310.4 -938.4 2371.0 0 0 0 0 0 0 0 0 0
-158.7 -854.6 2475.3 0 0 0 0 0 0 0 0 0
-70.3 378.1 2388.1 68 0.4716785550 0.2607348263 -0.8423399925 -0.1026377752 0.9650235176 0.2412365675 0.8757767081 -0.0273302086 0.4819421470
-121.9 187.1 2393.5 0.4716785550 0.2607348263 -0.8423399925 -0.1026377752 0.9650235176 0.2412365675 0.8757767081 -0.0273302086 0.4819421470
-168.5 -1.1 2402.5 0.4784942269 0.2398768812 -0.8446906805 -0.0762972906 0.9696825147 0.2321519703 0.8747696877 -0.0466357693 0.4822894633
-187.3 197.6 2274.0 -0.4164481759 0.5724052191 -0.7063449025 0.7706280351 0.6344721317 0.0598129034 0.4823933840 -0.5194202065 -0.7053362727
-80.1 -0.8 2149.8 -0.8070795536 0.5724052191 -0.1448270231 0.5478338599 0.6344721317 -0.5452734828 -0.2202286720 -0.5194202065 -0.8256524801
-56.6 176.7 2513.0 -0.1168380827 0.9240738153 -0.3639182150 -0.9126555324 0.0446096994 0.4062879384 0.3916743100 0.3796018660 0.8381489515
-84.8 -44.0 2607.7 0.1857360154 0.9240738153 -0.3340505064 -0.9204252958 0.0446096994 -0.3883648515 -0.3439759016 0.3796018660 0.8588265181
-258.5 -181.2 2331.4 0.5957421064 0.0281161647 -0.8026834726 0.0175441336 0.9986931086 0.0480029806 0.8029841185 -0.0426797830 0.5944702625
-269.5 -568.9 2348.0 0.5925781131 0.0957987532 -0.7997961044 -0.0195996687 0.9943236113 0.1045774370 0.8052745461 -0.0462945588 0.5910919905
-175.0 -195.6 2489.3 0.5927828550 0.0264727958 -0.8049271703 -0.0432235822 0.9990649223 0.0010259850 0.8042016029 0.0341836475 0.5933727622
-185.3 -583.4 2476.0 0.5849671960 -0.1082362384 -0.8038024306 0.0549402125 0.9940670729 -0.0938736349 0.8091940284 0.0107519208 0.5874431133
130.2 -143.5 2207.2 0 0 0 0 0 0 0 0 0
-35.7 -287.5 2516.7 0 0 0 0 0 0 0 0 0
-305.2 -939.9 2365.3 0 0 0 0 0 0 0 0 0
-155.8 -854.7 2473.1 0 0 0 0 0 0 0 0 0
-70.8 376.7 2378.0 69 0.4802433550 0.2554993331 -0.8390985727 -0.0815980583 0.9655004740 0.2472865433 0.8733316064 -0.0502889045 0.4845234156
-121.2 186.1 2387.9 0.4802433550 0.2554993331 -0.8390985727 -0.0815980583 0.9655004740 0.2472865433 0.8733316064 -0.0502889045 0.4845234156
-166.7 -2.1 2401.3 0.4867888391 0.2343023866 -0.8415099382 -0.0557366535 0.9697237015 0.2377590388 0.8717396855 -0.0688354969 0.4851098955
-187.7 193.7 2268.9 -0.4511935115 0.5588039756 -0.6958178878 0.7627177238 0.6462696195 0.0244385190 0.4633423090 -0.5196861029 -0.7178023458
-72.6 -0.9 2150.7 -0.8139223456 0.5588039756 -0.1589608938 0.5475167036 0.6462696195 -0.5315647125 -0.1943088621 -0.5196861029 -0.8319677711
-54.7 178.5 2507.0 -0.1084158644 0.9271809459 -0.3585825562 -0.9049392939 0.0572636612 0.4216701388 0.4114982784 0.3702111840 0.8328342438
-80.9 -40.4 2606.5 0.1876321286 0.9271809459 -0.3242370188 -0.9263394475 0.0572636612 -0.3723118007 -0.3266333938 0.3702111840 0.8696288466
-257.9 -182.5 2333.2 0.6022278070 0.0339639895 -0.7976014614 0.0139974887 0.9984917641 0.0530872121 0.7982015610 -0.0431350134 0.6008440852
-271.1 -570.1 2350.0 0.5996185541 0.0814940855 -0.7961257696 -0.0229515303 0.9961436391 0.0846821591 0.7999567389 -0.0325046889 0.5991766453
-172.2 -196.2 2489.9 0.5996113420 0.0296173058 -0.7997431159 -0.0488042198 0.9988082647 0.0003981843 0.7988018394 0.0387920849 0.6003422141
-183.7 -583.9 2474.9 0.5919936299 -0.1047044694 -0.7991123796 0.0534896739 0.9944432974 -0.0906719938 0.8041656613 0.0109329820 0.5943046808
139.9 -143.9 2201.4 0 0 0 0 0 0 0 0 0
-31.3 -285.4 2520.1 0 0 0 0 0 0 0 0 0
-301.5 -941.8 2362.1 0 0 0 0 0 0 0 0 0
-155.3 -853.6 2471.9 0 0 0 0 0 0 0 0 0
-74.0 376.4 2380.0 70 0.4546715319 0.2500576675 -0.8548362255 -0.0756742954 0.9671545029 0.2426633984 0.8874385357 -0.0456430055 0.4586605728
-123.3 185.7 2389.0 0.4546715319 0.2500576675 -0.8548362255 -0.0756742954 0.9671545029 0.2426633984 0.8874385357 -0.0456430055 0.4586605728
-167.9 -2.7 2401.7 0.4611108303 0.2299522609 -0.8570290208 -0.0496738739 0.9710127115 0.2338093668 0.8859511018 -0.0652400777 0.4591670930
-186.3 192.5 2268.0 -0.4722597003 0.5441159606 -0.6934757233 0.7531839013 0.6578022242 0.0032045143 0.4579134881 -0.5208014250 -0.7204728127
-63.9 -2.6 2149.4 -0.8202431798 0.5441159606 -0.1764624566 0.5476106405 0.6578022242 -0.5171255469 -0.1652988642 -0.5208014250 -0.8375214338
-60.3 178.9 2510.0 -0.1147163436 0.9154414535 -0.3857553005 -0.9043053389 0.0644984916 0.4219855964 0.4111837447 0.3972492218 0.8204395175
