-35.4 370.1 2493.7 47 0.3240618110 0.3578349054 -0.8757500052 -0.2783399522 0.9207956195 0.2732440233 0.9041630626 0.1552082598 0.3979944587
-106.1 188.1 2463.0 0.3240618110 0.3578349054 -0.8757500052 -0.2783399522 0.9207956195 0.2732440233 0.9041630626 0.1552082598 0.3979944587
-171.7 7.3 2436.6 0.3334602118 0.3380986452 -0.8800531626 -0.2533281744 0.9312838912 0.2617920935 0.9080909491 0.1356450170 0.3961960375
-151.6 222.6 2339.1 0.0218024496 0.6039099097 -0.7967543602 0.5073859692 0.6800011396 0.5292994976 0.8614430428 -0.4158020318 -0.2915897369
-157.8 77.9 2093.4 -0.7617414594 0.6039099097 -0.2346120030 0.6459516287 0.6800011396 -0.3469077647 -0.0499645993 -0.4158020318 -0.9080815911
-60.6 153.6 2586.9 0.2607468069 0.9652237296 0.0188219231 -0.7858058214 0.2235236764 -0.5766683817 -0.5608211756 0.1355740577 0.8167614937
31.8 -124.8 2388.3 0.1402250826 0.9652237296 0.2206356376 -0.0049915882 0.2235236764 -0.9746857285 -0.9901070595 0.1355740577 0.0361616239
-267.3 -149.5 2329.5 0.4807373285 -0.0189822540 -0.8766591549 -0.0076182205 0.9996374846 -0.0258227326 0.8768315315 0.0190925337 0.4804184437
-259.9 -537.5 2322.0 0.4899846613 0.1316957176 -0.8617257476 0.0542172864 0.9820048213 0.1809061170 0.8700433969 -0.1353616565 0.4740270972
-212.7 -193.7 2494.1 0.4601628482 -0.0821347311 -0.8840271831 -0.0254044123 0.9940858483 -0.1055840179 0.8874710202 0.0710440353 0.4553547800
-180.9 -579.4 2466.5 0.4551950991 -0.0781303421 -0.8869571686 0.0588608608 0.9966041446 -0.0575809591 0.8884440660 -0.0259964932 0.4582481384
55.3 -102.8 2107.4 0 0 0 0 0 0 0 0 0
66.5 -126.1 2143.4 0 0 0 0 0 0 0 0 0
-309.0 -903.9 2372.6 0 0 0 0 0 0 0 0 0
-159.4 -852.5 2473.6 0 0 0 0 0 0 0 0 0
-36.7 368.2 2494.3 48 0.3395213783 0.3536583185 -0.8715796471 -0.2822775245 0.9222217798 0.2642468214 0.8972427845 0.1563099027 0.4129437804
-106.5 186.1 2463.5 0.3395213783 0.3536583185 -0.8715796471 -0.2822775245 0.9222217798 0.2642468214 0.8972427845 0.1563099027 0.4129437804
-171.4 5.2 2436.6 0.3484092653 0.3341480196 -0.8757603168 -0.2583125830 0.9323511720 0.2529742122 0.9010469317 0.1380813420 0.4111544192
-154.1 221.4 2340.4 0.0802604109 0.5257768631 -0.8468275666 0.4839996099 0.7221358418 0.4942308962 0.8713797331 -0.4495313764 -0.1965168864
-176.7 85.5 2095.8 -0.8185347319 0.5257768631 -0.2314294726 0.5733025074 0.7221358418 -0.3870969713 -0.0364031196 -0.4495313764 -0.8925224543
-59.0 150.9 2586.5 0.2959603369 0.9429823160 0.1522887349 -0.7530913949 0.3284277916 -0.5700776577 -0.5875889659 0.0540330373 0.8073534966
48.0 -121.3 2374.1 0.0473236553 0.9429823160 0.3294614851 0.0283938237 0.3284277916 -0.9441022277 -0.9984759688 0.0540330373 -0.0112324692
-267.2 -150.8 2329.0 0.4937946200 -0.0189028997 -0.8693730831 -0.0180736948 0.9993246198 -0.0319941193 0.8693907261 0.0315113068 0.4931194782
-259.9 -538.7 2316.7 0.5084719062 0.1285261512 -0.8514325619 0.0761327520 0.9782149196 0.1931304634 0.8577063084 -0.1630233079 0.4876097441
-207.5 -196.1 2491.5 0.4735184312 -0.0687036142 -0.8781002760 -0.0316147991 0.9949849248 -0.0948971882 0.8802163601 0.0726965368 0.4689716399
-180.8 -582.3 2463.3 0.4674590230 -0.0837841630 -0.8800354004 0.0689839870 0.9959201813 -0.0581739657 0.8813190460 -0.0335144065 0.4713316262
50.1 -73.3 2105.9 0 0 0 0 0 0 0 0 0
59.8 -114.2 2125.1 0 0 0 0 0 0 0 0 0
-307.8 -903.6 2377.6 0 0 0 0 0 0 0 0 0
-158.0 -853.8 2472.4 0 0 0 0 0 0 0 0 0
-35.9 369.8 2495.1 49 0.3540891409 0.3466313183 -0.8686009645 -0.2857061923 0.9244663119 0.2524559796 0.8905014396 0.1587727517 0.4263781905
-104.6 186.7 2463.7 0.3540891409 0.3466313183 -0.8686009645 -0.2857061923 0.9244663119 0.2524559796 0.8905014396 0.1587727517 0.4263781905
-168.9 5.6 2436.8 0.3628533483 0.3312474191 -0.8709837198 -0.2616874278 0.9332953095 0.2459259480 0.8943473101 0.1386904269 0.4253326058
-154.1 222.4 2341.6 0.0886368826 0.4883114398 -0.8681563735 0.4887467623 0.7381277084 0.4650743008 0.8679113388 -0.4655313194 -0.1732352972
-179.0 85.2 2097.9 -0.8524624109 0.4883114398 -0.1867078245 0.5175965428 0.7381277084 -0.4327369928 -0.0734962076 -0.4655313194 -0.8819743991
-55.0 151.0 2585.8 0.3097534478 0.9249100089 0.2204410881 -0.7345825434 0.3799905777 -0.5621349216 -0.6036897898 0.0121910581 0.7971261144
58.1 -117.4 2365.3 -0.0059464690 0.9249100089 0.3801395893 0.0465211347 0.3799905777 -0.9238197803 -0.9988995790 0.0121910581 -0.0452874638
-267.5 -152.7 2329.1 0.5064231753 -0.0207904130 -0.8620344400 -0.0168653801 0.9992792606 -0.0340084434 0.8621201515 0.0317611992 0.5057075024
-259.4 -540.6 2316.8 0.5211644769 0.1352416873 -0.8426727057 0.0737642720 0.9765321612 0.2023456842 0.8502625823 -0.1676145196 0.4989578724
-205.1 -198.9 2490.5 0.4858848155 -0.0641848594 -0.8716629148 -0.0258740820 0.9958065152 -0.0877489671 0.8736397624 0.0651893690 0.4821865559
-180.2 -585.5 2465.2 0.4801697433 -0.0851869509 -0.8730293512 0.0639530644 0.9960242510 -0.0620138869 0.8748411536 -0.0260557085 0.4837086797
56.5 -57.8 2118.2 0 0 0 0 0 0 0 0 0
56.6 -105.7 2114.4 0 0 0 0 0 0 0 0 0
-309.9 -905.0 2379.3 0 0 0 0 0 0 0 0 0
-157.1 -855.5 2472.2 0 0 0 0 0 0 0 0 0
-36.8 366.1 2494.6 50 0.3807820976 0.3435055315 -0.8584922552 -0.2936508656 0.9252972603 0.2399878800 0.8767976761 0.1607138962 0.4532073438
-104.5 183.7 2462.9 0.3807820976 0.3435055315 -0.8584922552 -0.2936508656 0.9252972603 0.2399878800 0.8767976761 0.1607138962 0.4532073438
-167.8 2.3 2435.1 0.3890799880 0.3259033859 -0.8616285324 -0.2705971599 0.9344995022 0.2312743664 0.8805645704 0.1431700289 0.4517835677
-157.6 220.6 2342.6 0.0715938210 0.4730848968 -0.8781030774 0.4895997941 0.7503375411 0.4441684484 0.8690031171 -0.4617187977 -0.1779027432
-177.6 84.0 2100.2 -0.8676404953 0.4730848968 -0.1529401094 0.4877726436 0.7503375411 -0.4461742043 -0.0963215753 -0.4617187977 -0.8817811012
-51.4 146.7 2583.1 0.3162893355 0.9208207130 0.2281452566 -0.7236593962 0.3896951973 -0.5696092844 -0.6134151816 0.0150618879 0.7896170020
63.2 -115.4 2360.9 -0.0074841222 0.9208207130 0.3899143338 0.0562725291 0.3896951973 -0.9192230701 -0.9983873963 0.0150618879 -0.0547334403
-265.7 -152.2 2329.7 0.5292902589 -0.0162560232 -0.8482850790 -0.0194126163 0.9993226528 -0.0312629826 0.8482186794 0.0330146253 0.5286161900
-259.4 -540.1 2316.9 0.5425481796 0.1290389299 -0.8300544620 0.0658286586 0.9785611033 0.1951531023 0.8374413848 -0.1605213284 0.5224220753
-200.7 -199.0 2489.9 0.5091920495 -0.0606555231 -0.8585128784 -0.0323290490 0.9954614639 -0.0895058513 0.8600455523 0.0733305737 0.5049201250
-177.1 -585.5 2461.5 0.5049747229 -0.0683151633 -0.8604263663 0.0632452965 0.9971117377 -0.0420495868 0.8608138561 -0.0331839435 0.5078368783
61.6 -50.5 2126.7 0 0 0 0 0 0 0 0 0
61.5 -102.3 2128.0 0 0 0 0 0 0 0 0 0
-307.5 -905.4 2376.8 0 0 0 0 0 0 0 0 0
-158.5 -856.8 2470.5 0 0 0 0 0 0 0 0 0
-38.3 366.9 2493.8 51 0.3912507296 0.3407924473 -0.8548586965 -0.2939954400 0.9265170693 0.2348038256 0.8720605373 0.1594574004 0.4626919031
-105.5 184.2 2462.3 0.3912507296 0.3407924473 -0.8548586965 -0.2939954400 0.9265170693 0.2348038256 0.8720605373 0.1594574004 0.4626919031
-168.4 2.6 2434.9 0.3996543586 0.3238159120 -0.8575661182 -0.2704507411 0.9355363250 0.2272183299 0.8758611679 0.1411205828 0.4614674449
-160.1 221.2 2342.7 0.0560937040 0.4649870098 -0.8835386634 0.5002002120 0.7527797818 0.4279279709 0.8640909791 -0.4659503102 -0.1903604120
-175.7 81.8 2101.9 -0.8752652407 0.4649870098 -0.1330330819 0.4699724913 0.7527797818 -0.4609213173 -0.1141778231 -0.4659503102 -0.8774130940
-50.9 147.3 2581.9 0.3204281926 0.9190710187 0.2294214964 -0.7217338085 0.3937323689 -0.5692759156 -0.6135357022 0.0168308057 0.7894876003
64.7 -113.0 2360.6 -0.0059036333 0.9190710187 0.3940477371 0.0564584620 0.3937323689 -0.9174896479 -0.9983875155 0.0168308057 -0.0542137846
-265.9 -154.9 2328.4 0.5385652184 -0.0167107005 -0.8424180746 -0.0205075815 0.9992471933 -0.0329323299 0.8423342109 0.0350121669 0.5378170609
-259.4 -542.9 2314.8 0.5529250503 0.1307992190 -0.8229006529 0.0695619434 0.9769081473 0.2020187527 0.8303222656 -0.1689437926 0.5310583115
-196.2 -203.3 2486.1 0.5191432834 -0.0530428067 -0.8530396819 -0.0407238863 0.9954035878 -0.0866788924 0.8537164330 0.0797378570 0.5145969987
-175.6 -589.8 2455.1 0.5152029395 -0.0638519824 -0.8546863794 0.0847068205 0.9961320758 -0.0233580489 0.8528720140 -0.0603636317 0.5186188817
64.6 -47.2 2133.3 0 0 0 0 0 0 0 0 0
63.3 -100.4 2136.6 0 0 0 0 0 0 0 0 0
-308.2 -907.5 2377.9 0 0 0 0 0 0 0 0 0
-158.5 -857.3 2471.3 0 0 0 0 0 0 0 0 0
-39.8 366.5 2494.4 52 0.3843997419 0.3424314260 -0.8573083282 -0.2935490906 0.9257997870 0.2381672561 0.8752518296 0.1601106375 0.4563976228
-107.2 184.3 2462.9 0.3843997419 0.3424314260 -0.8573083282 -0.2935490906 0.9257997870 0.2381672561 0.8752518296 0.1601106375 0.4563976228
-170.6 3.0 2435.0 0.3921102881 0.3265864253 -0.8599946499 -0.2721121907 0.9342018366 0.2306987047 0.8787516356 0.1435557008 0.4551783204
-160.7 221.5 2342.8 0.0416282788 0.4595731497 -0.8871638179 0.5039916635 0.7570303082 0.4158094823 0.8627047539 -0.4644325972 -0.2001071721
-172.2 82.7 2105.3 -0.8794071674 0.4595731497 -0.1242397577 0.4610290527 0.7570303082 -0.4629873931 -0.1187233180 -0.4644325972 -0.8776144385
-53.6 147.2 2582.9 0.3259238601 0.9202150106 0.2167440802 -0.7232019305 0.3903416097 -0.5697476268 -0.6088945270 0.0289446115 0.7927229404
63.7 -113.2 2363.7 0.0077420175 0.9202150106 0.3913367093 0.0557828136 0.3903416097 -0.9189786315 -0.9984129071 0.0289446115 -0.0483101495
-267.0 -154.8 2329.1 0.5321252942 -0.0240645222 -0.8463235497 -0.0142546659 0.9991996884 -0.0373740382 0.8465456367 0.0319517329 0.5313563943
-257.7 -542.7 2316.7 0.5445997119 0.1431824118 -0.8263836503 0.0601963997 0.9761052132 0.2087941170 0.8365330100 -0.1634545326 0.5229675770
-195.4 -203.2 2485.9 0.5118670464 -0.0594833419 -0.8570028543 -0.0277548041 0.9959340096 -0.0857036263 0.8586162329 0.0676548034 0.5081348419
-172.4 -589.8 2459.7 0.5095518827 -0.0486525930 -0.8590633273 0.0643672720 0.9977579713 -0.0183281545 0.8580289483 -0.0459564179 0.5115410686
67.6 -43.0 2137.7 0 0 0 0 0 0 0 0 0
65.4 -100.9 2144.2 0 0 0 0 0 0 0 0 0
-311.1 -907.0 2377.7 0 0 0 0 0 0 0 0 0
-159.2 -859.9 2472.1 0 0 0 0 0 0 0 0 0
-40.0 370.5 2494.2 53 0.3421693742 0.3509338498 -0.8716453314 -0.3068999648 0.9185041189 0.2493243665 0.8881061673 0.1821967512 0.4219855666
-109.0 189.9 2458.4 0.3421693742 0.3509338498 -0.8716453314 -0.3068999648 0.9185041189 0.2493243665 0.8881061673 0.1821967512 0.4219855666
-173.3 9.3 2428.2 0.3539476395 0.3315561116 -0.8745236397 -0.2749882638 0.9306163192 0.2415258735 0.8939253688 0.1549962014 0.4205634892
-157.3 227.5 2336.3 0.0159983765 0.4619255364 -0.8867744207 0.5411559939 0.7417640090 0.3961518705 0.8407700062 -0.4862210751 -0.2381067425
-161.7 80.1 2107.4 -0.8785564899 0.4619255364 -0.1215044260 0.4577867091 0.7417640090 -0.4901198447 -0.1362712532 -0.4862210751 -0.8631449342
-60.7 152.4 2580.4 0.3428855240 0.9226842523 0.1763044298 -0.7284606099 0.3796722293 -0.5702579618 -0.5931059718 0.0671023726 0.8023232222
62.6 -109.5 2367.1 0.0506259687 0.9226842523 0.3822181821 0.0532282665 0.3796722293 -0.9235885143 -0.9972982407 0.0671023726 -0.0298916101
-269.1 -154.0 2328.4 0.4981344044 -0.0270503480 -0.8666778207 -0.0193057172 0.9989194870 -0.0422740281 0.8668848872 0.0377899855 0.4970739484
-258.6 -541.8 2313.7 0.5144841075 0.1353028566 -0.8467580676 0.0799187496 0.9756091833 0.2044499218 0.8537675738 -0.1728580743 0.4911221564
-198.8 -202.7 2485.8 0.4770680666 -0.0716438070 -0.8759413362 -0.0291081518 0.9948369861 -0.0972216725 0.8783841729 0.0718783885 0.4725195467
-171.0 -588.9 2457.9 0.4743292034 -0.0515000895 -0.8788399100 0.0646728724 0.9976284504 -0.0235557351 0.8779687881 -0.0456639268 0.4765349925
76.5 -44.0 2144.3 0 0 0 0 0 0 0 0 0
73.6 -97.9 2150.3 0 0 0 0 0 0 0 0 0
-309.1 -905.9 2378.2 0 0 0 0 0 0 0 0 0
-157.3 -855.5 2470.1 0 0 0 0 0 0 0 0 0
-41.6 371.2 2494.6 54 0.3509843946 0.3458661437 -0.8701646924 -0.3163636029 0.9184402823 0.2374478281 0.8813194633 0.1919479519 0.4317776561
-109.7 190.2 2456.8 0.3509843946 0.3458661437 -0.8701646924 -0.3163636029 0.9184402823 0.2374478281 0.8813194633 0.1919479519 0.4317776561
-173.3 9.6 2425.4 0.3634016812 0.3280231953 -0.8719747663 -0.2822901607 0.9307335615 0.2324808836 0.8878352642 0.1616659462 0.4308278561
-159.3 228.8 2335.5 -0.0292854793 0.4598833025 -0.8874962926 0.5651793480 0.7399410605 0.3647733033 0.8244481087 -0.4909120202 -0.2815860510
-151.3 73.7 2109.3 -0.8836174011 0.4598833025 -0.0879068747 0.4360614121 0.7399410605 -0.5121891499 -0.1705013216 -0.4909120202 -0.8543621302
-60.1 151.7 2578.0 0.3424763083 0.9211133122 0.1850951314 -0.7203584313 0.3839139044 -0.5776624084 -0.6031531096 0.0645008460 0.7950131893
63.0 -107.2 2361.2 0.0432949290 0.9211133122 0.3868795335 0.0636340231 0.3839139044 -0.9211736321 -0.9970337152 0.0645008460 -0.0419926196
-269.3 -146.8 2318.1 0.5048668385 -0.0303658936 -0.8626629710 0.0104196388 0.9995226264 -0.0290853661 0.8631343246 0.0056956015 0.5049422383
-257.5 -534.6 2315.9 0.5116445422 0.1328675598 -0.8488616347 0.0563689321 0.9806512594 0.1874717772 0.8573461175 -0.1437683403 0.4942552745
-205.9 -196.0 2478.1 0.4811508358 -0.0932510793 -0.8716639876 0.0104884552 0.9948674440 -0.1006419212 0.8765750527 0.0392815359 0.4796593487
-169.8 -581.9 2462.9 0.4798697829 -0.0449108928 -0.8761894703 0.0455814488 0.9986163974 -0.0262221768 0.8761548400 -0.0273547564 0.4812529385
86.9 -43.8 2155.3 0 0 0 0 0 0 0 0 0
72.4 -93.4 2145.5 0 0 0 0 0 0 0 0 0
-307.1 -900.5 2369.6 0 0 0 0 0 0 0 0 0
-157.4 -856.3 2470.4 0 0 0 0 0 0 0 0 0
-40.8 367.1 2494.3 55 0.3617148101 0.3510380983 -0.8636751175 -0.3233954608 0.9161257148 0.2369156033 0.8744013906 0.1936127245 0.4449003637
-109.8 186.9 2456.2 0.3617148101 0.3510380983 -0.8636751175 -0.3233954608 0.9161257148 0.2369156033 0.8744013906 0.1936127245 0.4449003637
-173.8 6.4 2424.6 0.3750419319 0.3297635317 -0.8663715124 -0.2872577906 0.9299273491 0.2296040803 0.8813776374 0.1627608240 0.4434888959
-161.1 226.1 2335.8 -0.0589515232 0.4438361228 -0.8941667676 0.5731823444 0.7484046817 0.3336950839 0.8173045516 -0.4928487837 -0.2985186279
-145.1 71.1 2114.7 -0.8903062344 0.4438361228 -0.1018050760 0.4307628870 0.7484046817 -0.5043151975 -0.1476418972 -0.4928487837 -0.8574975133
-58.6 147.7 2576.6 0.3354054689 0.9216928482 0.1948985755 -0.7166765332 0.3839150071 -0.5822233558 -0.6114556193 0.0556016751 0.7893227935
61.9 -109.8 2356.9 0.0312464833 0.9216928482 0.3866599798 0.0693923607 0.3839150071 -0.9207572937 -0.9970999956 0.0556016751 -0.0519624501
-269.6 -145.8 2314.5 0.5159638524 -0.0323647112 -0.8559987545 0.0089183301 0.9994347692 -0.0324122943 0.8565639257 0.0090894932 0.5159608722
-257.0 -533.7 2310.9 0.5258378983 0.1359002143 -0.8396580815 0.0721290559 0.9764737487 0.2032150775 0.8475210667 -0.1674219370 0.5036645532
-204.5 -196.4 2473.5 0.4920292795 -0.0935754851 -0.8655349612 0.0109469658 0.9947929382 -0.1013269350 0.8705098033 0.0403808355 0.4904916286
-168.1 -582.4 2457.8 0.4907427132 -0.0389756784 -0.8704323769 0.0577431209 0.9982575774 -0.0121442545 0.8693890572 -0.0443017781 0.4921382070
92.9 -44.1 2154.2 0 0 0 0 0 0 0 0 0
68.6 -94.8 2141.6 0 0 0 0 0 0 0 0 0
-307.7 -898.1 2373.4 0 0 0 0 0 0 0 0 0
-157.4 -856.9 2470.0 0 0 0 0 0 0 0 0 0
-41.3 366.2 2494.6 56 0.3593632281 0.3471412063 -0.8662280440 -0.3275562823 0.9160984755 0.2312368602 0.8738220334 0.2006404102 0.4429203868
-109.7 185.7 2455.1 0.3593632281 0.3471412063 -0.8662280440 -0.3275562823 0.9160984755 0.2312368602 0.8738220334 0.2006404102 0.4429203868
-173.2 5.2 2422.4 0.3728685975 0.3272288442 -0.8682685494 -0.2905879617 0.9298602343 0.2256513387 0.8812080622 0.1681701094 0.4418044388
-160.6 225.4 2334.7 -0.1255784929 0.4615653753 -0.8781728148 0.5844014287 0.7497178316 0.3104805350 0.8016888499 -0.4742157459 -0.3638879061
-126.4 66.0 2116.0 -0.8827468157 0.4615653753 -0.0878375098 0.4410950243 0.7497178316 -0.4933136404 -0.1618431509 -0.4742157459 -0.8654052615
-58.7 146.0 2575.5 0.3392065763 0.9206273556 0.1933498979 -0.7130309939 0.3856877685 -0.5855183005 -0.6136168838 0.0607471801 0.7872636914
63.1 -110.1 2355.0 0.0347019061 0.9206273556 0.3888972402 0.0741422772 0.3856877685 -0.9196454883 -0.9966437221 0.0607471801 -0.0548733100
-271.4 -148.4 2314.1 0.5129601359 -0.0374500677 -0.8575951457 0.0133807929 0.9992753267 -0.0356334969 0.8583081365 0.0068032611 0.5130895376
-256.9 -536.3 2311.4 0.5232957602 0.1404226124 -0.8405016661 0.0774506181 0.9744095206 0.2110152990 0.8486241698 -0.1755207777 0.4990285635
-204.3 -199.8 2471.9 0.4889114201 -0.0897607952 -0.8677030802 0.0114690531 0.9952674508 -0.0964945778 0.8722580671 0.0372255668 0.4876270890
-169.4 -586.2 2457.5 0.4867120087 -0.0542170033 -0.8718783855 0.0647834986 0.9975640178 -0.0258683134 0.8711569905 -0.0438929163 0.4890387654
109.0 -51.6 2159.1 0 0 0 0 0 0 0 0 0
70.6 -94.1 2140.1 0 0 0 0 0 0 0 0 0
-309.3 -899.9 2376.9 0 0 0 0 0 0 0 0 0
-154.8 -854.4 2469.3 0 0 0 0 0 0 0 0 0
-41.5 367.7 2494.8 57 0.3270062506 0.3521137536 -0.8769736886 -0.3191361427 0.9146221876 0.2482304424 0.8895049691 0.1987010837 0.4114593863
-110.8 187.7 2455.7 0.3270062506 0.3521137536 -0.8769736886 -0.3191361427 0.9146221876 0.2482304424 0.8895049691 0.1987010837 0.4114593863
-175.5 7.5 2423.8 0.3411207199 0.3332489431 -0.8789663315 -0.2811803818 0.9284130931 0.2428718954 0.8969806433 0.1642994583 0.4104039967
-157.4 226.0 2333.2 -0.1209627762 0.4441577196 -0.8877454400 0.5865076780 0.7534959912 0.2970733047 0.8008599877 -0.4847346842 -0.3516468704
-125.3 70.7 2121.1 -0.8876891732 0.4441577196 -0.1213748008 0.4433883727 0.7534959912 -0.4854385257 -0.1241558418 -0.4847346842 -0.8658046126
-64.2 149.3 2578.1 0.3494553864 0.9230569601 0.1607694328 -0.7266930938 0.3753269911 -0.5753666759 -0.5914372802 0.0842349380 0.8019391298
61.3 -111.7 2365.7 0.0673255399 0.9230569601 0.3787257075 0.0579669066 0.3753269911 -0.9250780940 -0.9960457087 0.0842349380 -0.0282376632
-270.1 -149.2 2310.9 0.4856774509 -0.0388755128 -0.8732731938 0.0191871505 0.9992440343 -0.0338122770 0.8739274740 -0.0003337642 0.4860562086
-255.0 -537.2 2311.0 0.4946529865 0.1468656361 -0.8565914631 0.0737599581 0.9749677181 0.2097555846 0.8659548759 -0.1669383794 0.4714379013
-203.3 -201.3 2468.7 0.4608263969 -0.0939012989 -0.8825086951 0.0227826349 0.9953107834 -0.0940071642 0.8871977925 0.0232151076 0.4608048201
-166.9 -587.6 2459.7 0.4597363472 -0.0492198355 -0.8866904378 0.0478432477 0.9983856082 -0.0306139477 0.8867657781 -0.0283478051 0.4613489807
110.8 -47.2 2154.2 0 0 0 0 0 0 0 0 0
75.8 -99.2 2151.2 0 0 0 0 0 0 0 0 0
-309.8 -901.1 2373.3 0 0 0 0 0 0 0 0 0
-153.7 -853.9 2467.3 0 0 0 0 0 0 0 0 0
-40.6 369.8 2502.9 58 0.2699370384 0.3608467579 -0.8927057981 -0.3198243380 0.9080861807 0.2703550458 0.9082105160 0.2125301808 0.3605336845
-111.8 190.7 2461.0 0.2699370384 0.3608467579 -0.8927057981 -0.3198243380 0.9080861807 0.2703550458 0.9082105160 0.2125301808 0.3605336845
-178.2 11.4 2427.9 0.2871060371 0.3422943950 -0.8946533799 -0.2750869393 0.9240961075 0.2652801573 0.9175496101 0.1699439287 0.3594742715
-150.9 228.2 2335.9 -0.1021153182 0.4310622513 -0.8965253830 0.5854640007 0.7546631694 0.2961678207 0.8042414784 -0.4946400821 -0.3294340968
-124.1 74.0 2124.1 -0.8867487311 0.4310622513 -0.1669193208 0.4557075202 0.7546631694 -0.4720319211 -0.0775072724 -0.4946400821 -0.8656349182
-72.6 153.3 2586.1 0.3656421602 0.9247063398 0.1059434637 -0.7417672276 0.3582606018 -0.5669485927 -0.5622162819 0.1287149042 0.8169120550
58.6 -113.0 2384.3 0.1216023937 0.9247063398 0.3607368171 0.0424173996 0.3582606018 -0.9326575398 -0.9916721582 0.1287149042 0.0043417080
-270.7 -147.6 2311.5 0.4388749599 -0.0433433168 -0.8975021839 0.0132876579 0.9990397692 -0.0417492874 0.8984498978 0.0063970154 0.4390294552
-253.9 -535.4 2309.1 0.4528201520 0.1491875499 -0.8790318370 0.0943194926 0.9723544717 0.2136133611 0.8865990043 -0.1796382666 0.4262303710
-209.6 -197.9 2472.1 0.4143465161 -0.1086983606 -0.9036048055 0.0134404032 0.9934647679 -0.1133449152 0.9100199342 0.0348192602 0.4130996168
-167.5 -583.5 2458.6 0.4128997624 -0.0558081120 -0.9090650678 0.0424516946 0.9982153773 -0.0419994369 0.9097865820 -0.0212497953 0.4145320356
111.5 -47.0 2144.7 0 0 0 0 0 0 0 0 0
84.8 -103.9 2171.0 0 0 0 0 0 0 0 0 0
-309.6 -898.4 2376.1 0 0 0 0 0 0 0 0 0
-152.4 -852.9 2464.4 0 0 0 0 0 0 0 0 0
-42.5 366.5 2498.4 59 0.2781923711 0.3503999412 -0.8943315148 -0.3082682788 0.9144020081 0.2623730898 0.9097140431 0.2027038485 0.3623968661
-111.3 187.0 2458.6 0.2781923711 0.3503999412 -0.8943315148 -0.3082682788 0.9144020081 0.2623730898 0.9097140431 0.2027038485 0.3623968661
-175.5 6.7 2426.1 0.2925100923 0.3310697973 -0.8971235156 -0.2695454359 0.9286608696 0.2548219860 0.9174873829 0.1672775298 0.3608810306
-151.2 223.7 2333.4 -0.1418051869 0.4419352114 -0.8857677579 0.5806022882 0.7618640661 0.2871657312 0.8017432690 -0.4735572040 -0.3646248579
-113.4 69.0 2119.7 -0.8831933737 0.4419352114 -0.1570436656 0.4619593322 0.7618640661 -0.4540448487 -0.0810124874 -0.4735572040 -0.8770294189
-71.4 150.2 2583.9 0.3741268218 0.9202238321 0.1149664074 -0.7380068898 0.3705042303 -0.5639791489 -0.5615825653 0.1261537224 0.8177470565
63.0 -114.8 2382.2 0.1190500334 0.9202238321 0.3728474677 0.0420813635 0.3705042303 -0.9278770089 -0.9919961095 0.1261537224 0.0053842664
-270.3 -143.4 2312.8 0.4413119256 -0.0486831293 -0.8960322142 0.0073779421 0.9986903667 -0.0506269708 0.8973234296 0.0157314111 0.4410931468
-251.4 -531.1 2306.7 0.4580839872 0.1647510827 -0.8735079765 0.0952813253 0.9679122567 0.2325238585 0.8837876320 -0.1897444427 0.4276874065
-218.9 -192.6 2476.9 0.4162787497 -0.1362369061 -0.8989724517 0.0192598552 0.9898101687 -0.1410846412 0.9090330601 0.0414164625 0.4146608412
-166.1 -576.7 2460.8 0.4159074724 -0.0466432981 -0.9082099795 0.0275163986 0.9988719821 -0.0386985503 0.9089905620 -0.0088956533 0.4167217612
120.1 -53.1 2141.1 0 0 0 0 0 0 0 0 0
88.6 -105.7 2168.7 0 0 0 0 0 0 0 0 0
-312.9 -892.4 2377.5 0 0 0 0 0 0 0 0 0
-153.2 -852.9 2463.3 0 0 0 0 0 0 0 0 0
-42.4 365.5 2496.7 60 0.2772395313 0.3544204235 -0.8930422068 -0.3069246113 0.9134455323 0.2672349811 0.9104589820 0.2000085562 0.3620235622
-112.1 185.8 2457.4 0.2772395313 0.3544204235 -0.8930422068 -0.3069246113 0.9134455323 0.2672349811 0.9104589820 0.2000085562 0.3620235622
-176.9 5.8 2424.7 0.2905790210 0.3341282904 -0.8966170549 -0.2712618709 0.9273721576 0.2576777637 0.9175951481 0.1683422774 0.3601111472
-151.8 222.9 2332.0 -0.1887849867 0.4800645709 -0.8566786051 0.5716152191 0.7630658150 0.3016399443 0.7985087633 -0.4327454269 -0.4184675813
-100.4 67.3 2114.7 -0.8655250072 0.4800645709 -0.1428440809 0.4923408329 0.7630658150 -0.4187255502 -0.0920158774 -0.4327454269 -0.8968079090
-72.4 148.8 2582.7 0.3723822534 0.9212753177 0.1121753082 -0.7387533188 0.3674046993 -0.5650286078 -0.5617606044 0.1275367439 0.8174101710
61.3 -116.5 2380.9 0.1203349531 0.9212753177 0.3698261082 0.0425471514 0.3674046993 -0.9290874600 -0.9918211699 0.1275367439 0.0050139907
-266.0 -149.4 2311.5 0.4403310120 -0.0303042196 -0.8973239064 0.0061338698 0.9995084405 -0.0307451840 0.8978145719 0.0080339899 0.4403004646
-254.2 -537.4 2308.4 0.4558837712 0.1556852460 -0.8763173223 0.0923582762 0.9709925652 0.2205523551 0.8852344155 -0.1814814061 0.4282809496
-213.6 -197.6 2475.7 0.4173634350 -0.1212638915 -0.9006124735 0.0015232036 0.9911485910 -0.1327483356 0.9087383747 0.0540324859 0.4138538837
-166.5 -582.3 2454.8 0.4157926440 -0.0393309109 -0.9086085558 0.0588307157 0.9981351495 -0.0162844434 0.9075546265 -0.0466831438 0.4173310995
127.7 -62.4 2138.9 0 0 0 0 0 0 0 0 0
87.2 -107.4 2167.4 0 0 0 0 0 0 0 0 0
-312.3 -899.8 2376.1 0 0 0 0 0 0 0 0 0
-155.7 -857.1 2467.6 0 0 0 0 0 0 0 0 0
-42.5 366.1 2495.3 61 0.2697094679 0.3563084900 -0.8945954442 -0.3053823113 0.9127171636 0.2714571953 0.9132351279 0.1999790519 0.3549787998
-112.6 186.5 2456.0 0.2697094679 0.3563084900 -0.8945954442 -0.3053823113 0.9127171636 0.2714571953 0.9132351279 0.1999790519 0.3549787998
-177.5 6.5 2423.7 0.2838976383 0.3347130120 -0.8985373378 -0.2675983310 0.9275187850 0.2609597743 0.9207568765 0.1663612127 0.3528890312
-151.4 223.1 2330.2 -0.2274335176 0.5281929374 -0.8180991411 0.5706448555 0.7530439496 0.3275504410 0.7890744209 -0.3923481107 -0.4726780057
-87.5 62.8 2108.6 -0.8388101459 0.5281929374 -0.1319460422 0.5345368981 0.7530439496 -0.3836601973 -0.1032854468 -0.3923481107 -0.9139994979
-73.8 150.0 2581.8 0.3748787045 0.9210346341 0.1056466326 -0.7419373989 0.3663897216 -0.5615046620 -0.5558730364 0.1321129352 0.8207017183
60.9 -116.5 2382.1 0.1271127462 0.9210346341 0.3681543171 0.0378573909 0.3663897216 -0.9296910167 -0.9911655784 0.1321129352 0.0117048360
-267.8 -149.9 2309.8 0.4338696897 -0.0371778421 -0.9002082348 0.0223718025 0.9992847443 -0.0304871723 0.9006978273 -0.0069118207 0.4343911111
-253.4 -537.8 2312.5 0.4427828491 0.1574788690 -0.8826912045 0.0738345832 0.9747080207 0.2109328955 0.8935837150 -0.1585706025 0.4199565947
-215.8 -198.5 2474.1 0.4104850888 -0.1242190227 -0.9033668041 0.0110935625 0.9912849069 -0.1312675029 0.9117998481 0.0438617952 0.4082857072
-167.6 -583.2 2457.1 0.4092946649 -0.0335612670 -0.9117848277 0.0629913360 0.9979782104 -0.0084574744 0.9102252126 -0.0539729446 0.4105812311
133.7 -78.2 2135.8 0 0 0 0 0 0 0 0 0
88.2 -108.4 2168.7 0 0 0 0 0 0 0 0 0
-312.1 -901.5 2371.7 0 0 0 0 0 0 0 0 0
-158.4 -856.8 2471.9 0 0 0 0 0 0 0 0 0
-42.3 365.5 2495.7 62 0.2637518942 0.3620449007 -0.8940684795 -0.3085618019 0.9098532796 0.2774105072 0.9139062166 0.2027078271 0.3516887724
-113.5 186.7 2455.8 0.2637518942 0.3620449007 -0.8940684795 -0.3085618019 0.9098532796 0.2774105072 0.9139062166 0.2027078271 0.3516887724
-179.2 7.1 2422.9 0.2781737149 0.3388755620 -0.8987673521 -0.2708002329 0.9254109263 0.2651071250 0.9215674996 0.1696405858 0.3491925895
-151.5 223.7 2329.9 -0.2615264356 0.5811597705 -0.7706213593 0.5705537796 0.7370636463 0.3622230887 0.7785064578 -0.3449499905 -0.5243445039
-75.4 57.7 2103.4 -0.8023863435 0.5811597705 -0.1357553899 0.5897024274 0.7370636463 -0.3301336169 -0.0918000042 -0.3449499905 -0.9341211319
-75.5 149.7 2581.7 0.3735640943 0.9223226905 0.0988467187 -0.7428706288 0.3612808585 -0.5635772943 -0.5555115938 0.1371019185 0.8201280236
58.7 -117.1 2382.1 0.1319505125 0.9223226905 0.3631939888 0.0390191376 0.3612808585 -0.9316402674 -0.9904880524 0.1371019185 0.0116829565
-267.9 -149.6 2308.9 0.4292827249 -0.0368401594 -0.9024184942 0.0329278037 0.9991418719 -0.0251249392 0.9025697112 -0.0189289581 0.4301274121
-253.6 -537.4 2316.3 0.4310556948 0.1495180279 -0.8898513317 0.0443765931 0.9814695120 0.1864088625 0.9012334347 -0.1198411733 0.4164329171
-217.1 -197.5 2473.9 0.4061618447 -0.1239332482 -0.9053580165 0.0082393158 0.9912167788 -0.1319900155 0.9137639999 0.0461497791 0.4036155641
-169.0 -582.3 2455.9 0.4045835137 -0.0382272191 -0.9137017131 0.0692098141 0.9975404739 -0.0110890139 0.9118784070 -0.0587506928 0.4062341452
137.1 -98.4 2127.7 0 0 0 0 0 0 0 0 0
87.1 -108.7 2168.8 0 0 0 0 0 0 0 0 0
-309.4 -903.5 2361.0 0 0 0 0 0 0 0 0 0
-158.5 -855.0 2472.0 0 0 0 0 0 0 0 0 0
-42.6 363.0 2495.8 63 0.2827487588 0.3602512181 -0.8889725208 -0.3064460456 0.9121471047 0.2721736133 0.9089246392 0.1954653561 0.3683060408
-113.4 183.7 2457.4 0.2827487588 0.3602512181 -0.8889725208 -0.3064460456 0.9121471047 0.2721736133 0.9089246392 0.1954653561 0.3683060408
-179.0 3.9 2424.6 0.2949229479 0.3377189636 -0.8938491940 -0.2743847668 0.9259916544 0.2593307495 0.9152777791 0.1687760204 0.3657611310
-153.7 221.2 2332.4 -0.2936779559 0.6426244974 -0.7076630592 0.5593494177 0.7158595324 0.4179394245 0.7751654983 -0.2730913162 -0.5696837902
-65.5 53.1 2099.4 -0.7568284273 0.6426244974 -0.1193503439 0.6486108303 0.7158595324 -0.2585518658 -0.0807136819 -0.2730913162 -0.9585960507
-73.2 146.2 2582.4 0.3672507703 0.9229690433 0.1151306033 -0.7383426428 0.3645647764 -0.5673999786 -0.5656651258 0.1233722419 0.8153540492
58.8 -119.0 2379.2 0.1149642393 0.9229690433 0.3673028946 0.0447692238 0.3645647764 -0.9301012158 -0.9923602939 0.1233722419 0.0005913081
-269.9 -148.3 2307.4 0.4441340566 -0.0424919985 -0.8949521780 0.0359522067 0.9989154339 -0.0295862891 0.8952387571 -0.0190352257 0.4451800585
-253.4 -536.1 2314.8 0.4462837577 0.1431940198 -0.8833608031 0.0503633358 0.9815315604 0.1845517606 0.8934732080 -0.1268514544 0.4308298528
-220.1 -196.8 2472.5 0.4198316634 -0.1251701713 -0.8989292383 0.0188026018 0.9914312959 -0.1292690188 0.9074072242 0.0373690166 0.4185877740
-171.5 -581.7 2458.0 0.4181006253 -0.0491654463 -0.9070692658 0.0618799441 0.9977563024 -0.0255582370 0.9062906504 -0.0454434790 0.4202049077
136.3 -119.8 2120.9 0 0 0 0 0 0 0 0 0
83.5 -109.4 2165.5 0 0 0 0 0 0 0 0 0
-306.9 -902.3 2362.1 0 0 0 0 0 0 0 0 0
-158.1 -854.7 2470.4 0 0 0 0 0 0 0 0 0
-37.4 364.7 2511.9 64 0.1929130852 0.3750877678 -0.9066938162 -0.3224959671 0.8969532251 0.3024421930 0.9267043471 0.2340600491 0.2939983010
-111.6 187.4 2465.6 0.1929130852 0.3750877678 -0.9066938162 -0.3224959671 0.8969532251 0.3024421930 0.9267043471 0.2340600491 0.2939983010
-180.5 10.2 2426.9 0.2081778347 0.3563436270 -0.9108684063 -0.2847223878 0.9130190015 0.2921120226 0.9357324243 0.1985333860 0.2915293276
-139.9 226.0 2338.3 -0.1861337572 0.5836913586 -0.7903534770 0.5593812466 0.7242681384 0.4031479061 0.8077418208 -0.3670694828 -0.4613167942
-85.9 63.9 2104.1 -0.7841860056 0.5836913586 -0.2106102407 0.6200816035 0.7242681384 -0.3015533984 -0.0234758295 -0.3670694828 -0.9298972487
-83.3 148.7 2593.0 0.3841589391 0.9228977561 0.0261073168 -0.7523527145 0.3293088675 -0.5705445409 -0.5351516604 0.1995378733 0.8208516240
54.6 -121.4 2400.8 0.1979134232 0.9228977561 0.3302876949 0.0388195254 0.3293088675 -0.9434239268 -0.9794505239 0.1995378733 0.0293481890
-271.0 -151.2 2309.9 0.3697858751 -0.0394726582 -0.9282781482 0.0206465013 0.9991995096 -0.0342637338 0.9288875461 -0.0064954506 0.3703048527
-255.6 -539.1 2312.4 0.3810907900 0.1414114088 -0.9136589170 0.0920479968 0.9775199294 0.1896890700 0.9199439883 -0.1563892215 0.3595072031
-218.1 -200.4 2473.8 0.3436913788 -0.1194476932 -0.9314550161 0.0062712375 0.9921473861 -0.1249167621 0.9390617013 0.0370914377 0.3417415917
-171.8 -585.6 2459.4 0.3415167034 -0.0568154082 -0.9381569028 0.0503577963 0.9978435636 -0.0420983583 0.9385256767 -0.0328662209 0.3436413705
123.8 -102.0 2110.4 0 0 0 0 0 0 0 0 0
97.1 -113.1 2190.7 0 0 0 0 0 0 0 0 0
-308.4 -903.8 2370.7 0 0 0 0 0 0 0 0 0
-156.6 -852.5 2468.2 0 0 0 0 0 0 0 0 0
-38.1 362.6 2519.9 65 0.1779131293 0.3818444312 -0.9069408774 -0.3343241513 0.8902779818 0.3092450798 0.9255129695 0.2481934726 0.2860519290
-113.3 187.4 2471.1 0.1779131293 0.3818444312 -0.9069408774 -0.3343241513 0.8902779818 0.3092450798 0.9255129695 0.2481934726 0.2860519290
-183.6 11.3 2430.1 0.1941882670 0.3631225526 -0.9112809300 -0.2950469255 0.9075698853 0.2987711430 0.9355416894 0.2108527869 0.2833776176
-139.7 227.6 2343.5 -0.1654502898 0.5898172855 -0.7904060483 0.5469921231 0.7217630148 0.4240963459 0.8206252456 -0.3621790409 -0.4420413375
-90.1 63.3 2097.1 -0.7828023434 0.5898172855 -0.1983330101 0.6211745143 0.7217630148 -0.3052873015 -0.0369142890 -0.3621790409 -0.9313772917
-86.8 147.2 2598.6 0.3835809827 0.9234431386 0.0108798333 -0.7510299087 0.3187762201 -0.5782178044 -0.5374194980 0.2136222720 0.8158099055
50.9 -122.5 2405.6 0.2100170404 0.9234431386 0.3211628795 0.0460736342 0.3187762201 -0.9467095137 -0.9766114950 0.2136222720 0.0244020522
-267.9 -141.6 2304.8 0.3588300347 -0.0333148949 -0.9328082204 0.0118240742 0.9994449019 -0.0311463494 0.9333280325 0.0001466527 0.3590247631
-255.0 -529.6 2304.7 0.3781630397 0.1406770349 -0.9149878025 0.1277779937 0.9709938765 0.2020982653 0.9168781042 -0.1933414042 0.3492185771
-230.8 -192.3 2471.8 0.3299345076 -0.1438965648 -0.9329721332 0.0151032899 0.9889920950 -0.1471956819 0.9438830018 0.0344739854 0.3284759223
-174.9 -576.2 2458.4 0.3276528418 -0.0700384751 -0.9421986341 0.0505641364 0.9971192479 -0.0565371551 0.9434441328 -0.0291168969 0.3302504122
120.9 -104.1 2107.1 0 0 0 0 0 0 0 0 0
96.1 -112.6 2195.7 0 0 0 0 0 0 0 0 0
-307.4 -891.7 2376.8 0 0 0 0 0 0 0 0 0
-155.5 -852.5 2466.4 0 0 0 0 0 0 0 0 0
-40.0 360.9 2523.9 66 0.1818124205 0.3770505786 -0.9081723690 -0.3451456428 0.8892747760 0.3001080155 0.9207707047 0.2588883638 0.2918185592
-113.9 186.4 2473.1 0.1818124205 0.3770505786 -0.9081723690 -0.3451456428 0.8892747760 0.3001080155 0.9207707047 0.2588883638 0.2918185592
-183.7 10.6 2429.7 0.1969734430 0.3595179617 -0.9121119976 -0.3081953526 0.9058817029 0.2905064523 0.9307078123 0.2238866240 0.2892363966
-140.8 228.5 2346.1 -0.1664581746 0.6405606270 -0.7496490479 0.5415226221 0.6947327852 0.4733916223 0.8240418434 -0.3271520138 -0.4625220299
-89.7 62.2 2093.0 -0.7453761101 0.6405606270 -0.1846524775 0.6649609804 0.6947327852 -0.2741774917 -0.0473431833 -0.3271520138 -0.9437850118
-87.1 144.4 2600.2 0.3863042891 0.9222513437 0.0148799326 -0.7409803271 0.3199013770 -0.5904331207 -0.5492878556 0.2170611024 0.8069494367
51.7 -121.7 2402.9 0.2082225829 0.9222513437 0.3257234693 0.0620270222 0.3199013770 -0.9454182982 -0.9761127234 0.2170611024 0.0094061876
-271.3 -138.5 2305.4 0.3598200381 -0.0439918116 -0.9319840670 0.0105886254 0.9990160465 -0.0430678241 0.9329616427 0.0056282356 0.3599317968
-254.2 -526.3 2303.3 0.3794154525 0.1360682249 -0.9151663184 0.1309310943 0.9712765217 0.1986930221 0.9159153700 -0.1952109337 0.3507017493
-236.6 -191.2 2472.7 0.3298301101 -0.1618938297 -0.9300550818 0.0122835413 0.9858383536 -0.1672478020 0.9439603686 0.0437389873 0.3271478117
-173.7 -573.8 2455.8 0.3272877336 -0.0563744642 -0.9432415962 0.0655988827 0.9971659184 -0.0368357264 0.9426449537 -0.0498197116 0.3300582767
112.4 -118.2 2105.9 0 0 0 0 0 0 0 0 0
96.5 -108.4 2192.9 0 0 0 0 0 0 0 0 0
-305.0 -888.7 2376.1 0 0 0 0 0 0 0 0 0
-157.8 -855.2 2469.8 0 0 0 0 0 0 0 0 0
-38.5 361.9 2527.0 67 0.1783698797 0.3734955490 -0.9103215337 -0.3573985696 0.8865638971 0.2937187850 0.9167608619 0.2729569972 0.2916230857
-111.6 188.3 2473.5 0.1783698797 0.3734955490 -0.9103215337 -0.3573985696 0.8865638971 0.2937187850 0.9167608619 0.2729569972 0.2916230857
-180.6 13.0 2426.8 0.1925548315 0.3555826545 -0.9145947695 -0.3225773871 0.9031751156 0.2832287848 0.9267504811 0.2404905260 0.2886136472
-137.9 232.3 2347.0 -0.1367968768 0.6578932405 -0.7405829430 0.5463564992 0.6737264991 0.4975813329 0.8263057470 -0.3365547359 -0.4516079426
-95.7 63.6 2091.8 -0.7269367576 0.6578932405 -0.1968233734 0.6848827004 0.6737264991 -0.2775397003 -0.0499863774 -0.3365547359 -0.9403362274
-85.3 144.3 2600.0 0.3918074965 0.9199677706 0.0120909316 -0.7308341265 0.3191862404 -0.6033254862 -0.5588992238 0.2275509685 0.7974033952
55.4 -118.2 2399.3 0.2136160135 0.9199677706 0.3286753595 0.0785111487 0.3191862404 -0.9444342852 -0.9737577438 0.2275509685 -0.0040444364
-271.0 -137.6 2302.9 0.3531713784 -0.0474712998 -0.9343534708 0.0237028711 0.9988452792 -0.0417885818 0.9352583289 -0.0073883301 0.3538887501
-252.6 -525.3 2305.7 0.3661332726 0.1496141553 -0.9184563160 0.1010146290 0.9747681022 0.1990556568 0.9250634909 -0.1656584293 0.3417818248
-235.7 -192.7 2469.4 0.3211670220 -0.1570935994 -0.9339022040 0.0177837498 0.9869722128 -0.1599048227 0.9468555450 0.0347478725 0.3197766542
-174.8 -575.8 2456.0 0.3183999360 -0.0688732788 -0.9454512000 0.0625219196 0.9967113137 -0.0515518934 0.9458924532 -0.0426973067 0.3216589093
103.2 -123.7 2105.5 0 0 0 0 0 0 0 0 0
101.4 -101.3 2189.7 0 0 0 0 0 0 0 0 0
-308.4 -889.0 2367.5 0 0 0 0 0 0 0 0 0
-155.6 -852.9 2467.8 0 0 0 0 0 0 0 0 0
-36.4 363.7 2536.0 68 0.1201133430 0.3749611378 -0.9192262888 -0.3506693840 0.8822669387 0.3140638173 0.9287646413 0.2846212387 0.2374594063
-110.3 189.9 2479.9 0.1201133430 0.3749611378 -0.9192262888 -0.3506693840 0.8822669387 0.3140638173 0.9287646413 0.2846212387 0.2374594063
-180.6 15.7 2431.4 0.1345970184 0.3628019989 -0.9220945239 -0.3157240152 0.8977645636 0.3071434200 0.9392560720 0.2497868091 0.2353817374
-128.6 233.0 2351.8 -0.0911602154 0.6819549799 -0.7256908417 0.5434356928 0.6447207332 0.5375991464 0.8344863653 -0.3453586400 -0.4293715358
-100.2 63.7 2091.9 -0.7018702030 0.6819549799 -0.2057075500 0.7096802592 0.6447207332 -0.2840583026 -0.0610910542 -0.3453586400 -0.9364802837
-91.9 146.9 2608.0 0.4038256407 0.9137094617 -0.0453857332 -0.7464804053 0.3004250228 -0.5937270522 -0.5288590193 0.2736417651 0.8033854961
53.1 -121.0 2418.1 0.2676776052 0.9137094617 0.3057510555 0.0616976768 0.3004250228 -0.9518078566 -0.9615311027 0.2736417651 0.0240432955
-266.8 -133.4 2297.1 0.3026756346 -0.0385736749 -0.9523127079 0.0203843564 0.9992141128 -0.0339946225 0.9528756142 -0.0091229379 0.3032240570
-251.8 -521.3 2300.7 0.3205573261 0.1522497386 -0.9349133968 0.1237613559 0.9718054533 0.2006921023 0.9391092062 -0.1800394803 0.2926767170
-232.3 -191.1 2463.1 0.2704420686 -0.1510368288 -0.9508149028 0.0171546526 0.9882164001 -0.1520987302 0.9625834227 0.0248229969 0.2698462605
-173.7 -574.7 2453.4 0.2678950429 -0.0662522316 -0.9611674547 0.0590907484 0.9968845248 -0.0522444956 0.9616342783 -0.0428000614 0.2709753215
93.7 -132.4 2108.7 0 0 0 0 0 0 0 0 0
110.6 -107.8 2211.4 0 0 0 0 0 0 0 0 0
-308.6 -883.9 2367.9 0 0 0 0 0 0 0 0 0
-155.2 -852.5 2465.4 0 0 0 0 0 0 0 0 0
-36.2 362.8 2541.5 69 0.1076274291 0.3740708530 -0.9211336970 -0.3513434827 0.8810419440 0.3167378604 0.9300398231 0.2895446420 0.2262516469
-109.8 189.4 2484.5 0.1076274291 0.3740708530 -0.9211336970 -0.3513434827 0.8810419440 0.3167378604 0.9300398231 0.2895446420 0.2262516469
-179.7 15.5 2434.2 0.1205853149 0.3600155413 -0.9251205325 -0.3199707270 0.8962797523 0.3070852458 0.9397222400 0.2589814961 0.2232726067
-126.3 233.1 2356.2 -0.0511812270 0.6980850101 -0.7141833305 0.5301201940 0.6250458360 0.5729662180 0.8463764191 -0.3492778838 -0.4020595551
-110.4 68.3 2093.2 -0.6864358187 0.6980850101 -0.2036743313 0.7229790688 0.6250458360 -0.2943109870 -0.0781482905 -0.3492778838 -0.9337546825
-93.4 145.8 2612.7 0.4111369252 0.9097576141 -0.0575113408 -0.7443716526 0.2986390889 -0.5972650051 -0.5261912346 0.2883675098 0.7999793291
54.2 -121.5 2423.8 0.2817853391 0.9097576141 0.3048575819 0.0658751279 0.2986390889 -0.9520899057 -0.9572134018 0.2883675098 0.0242217239
-263.0 -130.3 2298.8 0.2892474234 -0.0247385725 -0.9569346309 0.0009128270 0.9996726513 -0.0255675167 0.9572539330 0.0065218224 0.2891753316
-253.4 -518.3 2296.3 0.3132151365 0.1406247318 -0.9392129183 0.1445648521 0.9703903794 0.1935032755 0.9386145473 -0.1963853389 0.2836115658
-238.9 -186.8 2466.8 0.2588450313 -0.1607256234 -0.9524528980 -0.0028139041 0.9859292507 -0.1671394557 0.9659147859 0.0459433272 0.2547506094
-176.5 -569.4 2449.0 0.2536763251 -0.0759332627 -0.9643041492 0.0753950328 0.9954332709 -0.0585505739 0.9643463492 -0.0578508489 0.2582428455
81.1 -133.4 2115.0 0 0 0 0 0 0 0 0 0
114.9 -107.4 2217.8 0 0 0 0 0 0 0 0 0
-305.9 -880.4 2369.6 0 0 0 0 0 0 0 0 0
-155.0 -851.6 2465.4 0 0 0 0 0 0 0 0 0
-35.8 359.5 2543.7 70 0.1167671382 0.3792585135 -0.9178934693 -0.3618658483 0.8769307733 0.3162996769 0.9248883724 0.2952209115 0.2396374047
-110.3 187.2 2485.7 0.1167671382 0.3792585135 -0.9178934693 -0.3618658483 0.8769307733 0.3162996769 0.9248883724 0.2952209115 0.2396374047
-181.1 14.0 2434.2 0.1297037750 0.3647505343 -0.9220271111 -0.3311004937 0.8924399614 0.3064692616 0.9346386194 0.2655334175 0.2365219146
-128.0 232.4 2358.1 -0.0356103927 0.7088992000 -0.7044102550 0.5251307487 0.6129770875 0.5903361440 0.8502761722 -0.3488853872 -0.3940931261
-117.0 69.6 2094.5 -0.6796364188 0.7088992000 -0.1885636598 0.7259160876 0.6129770875 -0.3119373620 -0.1055469364 -0.3488853872 -0.9312028885
-92.6 142.0 2613.3 0.4040850401 0.9133312702 -0.0504108965 -0.7389733791 0.2934706509 -0.6064596176 -0.5391044617 0.2823135853 0.7935146093
52.5 -123.4 2419.7 0.2719239593 0.9133312702 0.3031226397 0.0765274838 0.2934706509 -0.9529000521 -0.9592710137 0.2823135853 0.0099067530
