-86.3 398.3 2322.8 7 0.5516738296 0.2688076198 -0.7895558476 -0.0189304110 0.9504331946 0.3103520274 0.8338450789 -0.1562664807 0.5294177532
-140.4 206.8 2354.3 0.5516738296 0.2688076198 -0.7895558476 -0.0189304110 0.9504331946 0.3103520274 0.8338450789 -0.1562664807 0.5294177532
-186.3 20.9 2386.0 0.5576320291 0.2366451919 -0.7956416011 0.0035636628 0.9578111172 0.2873763740 0.8300806284 -0.1630856693 0.5332628489
-216.5 206.3 2241.0 -0.3685949445 0.3183000684 -0.8733972907 0.8106618524 0.5698723197 -0.1344353408 0.4549341500 -0.7575820684 -0.4680857658
-117.8 -10.8 2119.2 -0.9380970001 0.3183000684 -0.1365981400 0.3044960797 0.5698723197 -0.7632350326 -0.1650942564 -0.7575820684 -0.6315166354
-64.3 207.3 2467.6 -0.0819465071 0.9555003643 -0.2833792567 -0.8690263033 0.0706999972 0.4896884263 0.4879323840 0.2863923013 0.8245613575
-84.1 -2.9 2585.6 0.1506982595 0.9555003643 -0.2535923123 -0.9515979886 0.0706999972 -0.2991032302 -0.2678642869 0.2863923013 0.9199066162
-282.1 -167.5 2345.5 0.6255243421 -0.0414648242 -0.7791020274 0.0177479740 0.9990845919 -0.0389231145 0.7800027728 0.0105198706 0.6256875992
-266.0 -555.1 2341.4 0.6220417619 0.1286956966 -0.7723351121 -0.0110085681 0.9877395034 0.1557226032 0.7829067111 -0.0883636549 0.6158319116
-184.7 -165.1 2495.5 0.6497561932 0.0040559974 -0.7601318359 -0.0571853183 0.9974128604 -0.0435595661 0.7579885721 0.0717714801 0.6483071446
-186.2 -552.3 2467.7 0.6432636976 -0.0917249769 -0.7601304650 0.0775234252 0.9954985976 -0.0545223169 0.7617098689 -0.0238556955 0.6474789381
128.1 -90.6 2162.5 0 0 0 0 0 0 0 0 0
-44.3 -254.5 2514.8 0 0 0 0 0 0 0 0 0
-314.0 -923.3 2374.4 0 0 0 0 0 0 0 0 0
-158.5 -852.8 2474.9 0 0 0 0 0 0 0 0 0
-85.2 402.6 2321.4 8 0.5497423410 0.2718367279 -0.7898659110 -0.0153263677 0.9486918449 0.3158304691 0.8351936936 -0.1615196168 0.5257023573
-140.1 211.1 2354.0 0.5497423410 0.2718367279 -0.7898659110 -0.0153263677 0.9486918449 0.3158304691 0.8351936936 -0.1615196168 0.5257023573
-186.3 25.5 2387.0 0.5562531352 0.2381081879 -0.7961701751 0.0089957062 0.9562905431 0.2922798395 0.8309642076 -0.1697436869 0.5297976136
-216.1 209.9 2240.5 -0.3801173866 0.3435203731 -0.8587808609 0.8020454049 0.5848670006 -0.1210526302 0.4606885314 -0.7347954512 -0.4978370368
-111.5 -10.8 2113.8 -0.9243400097 0.3435203731 -0.1661002487 0.3489393294 0.5848670006 -0.7322376370 -0.1543919891 -0.7347954512 -0.6604837179
-64.1 212.3 2467.5 -0.0838339999 0.9550989866 -0.2841791511 -0.8652542830 0.0716855004 0.4961816072 0.4942740798 0.2874841392 0.8203938007
-84.4 3.1 2587.0 0.1500647664 0.9550989866 -0.2554730773 -0.9536710382 0.0716855004 -0.2921860516 -0.2607528865 0.2874841392 0.9216077328
-282.1 -165.3 2343.3 0.6243637800 -0.0436837152 -0.7799112797 0.0199294407 0.9990009069 -0.0400005095 0.7808794379 0.0094316751 0.6246105433
-265.2 -553.0 2339.7 0.6202996969 0.1347606927 -0.7727016807 -0.0122478036 0.9866743684 0.1622458100 0.7842692733 -0.0911771208 0.6136842966
-182.3 -164.7 2491.9 0.6483700275 0.0152447289 -0.7611727118 -0.0574316718 0.9979300499 -0.0289340392 0.7591560483 0.0624753870 0.6479034424
-188.2 -552.1 2467.7 0.6408751011 -0.0986223370 -0.7612836361 0.0825864524 0.9948149920 -0.0593515709 0.7631897330 -0.0248347670 0.6456969976
132.9 -103.0 2154.6 0 0 0 0 0 0 0 0 0
-44.7 -249.2 2518.0 0 0 0 0 0 0 0 0 0
-315.5 -921.1 2373.7 0 0 0 0 0 0 0 0 0
-158.6 -850.9 2475.2 0 0 0 0 0 0 0 0 0
-108.3 390.5 2314.7 9 0.4899554849 0.2554728985 -0.8334729671 0.0331005938 0.9499530792 0.3106340468 0.8711187840 -0.1797852963 0.4569784105
-160.2 197.2 2351.3 0.4899554849 0.2554728985 -0.8334729671 0.0331005938 0.9499530792 0.3106340468 0.8711187840 -0.1797852963 0.4569784105
-187.7 12.3 2398.3 0.5115782022 0.1397348493 -0.8477982879 0.1376323104 0.9606210589 0.2413804382 0.8481421471 -0.2401694059 0.4722007513
-229.1 178.7 2236.3 -0.4782552123 0.3970484436 -0.7833418846 0.7245211601 0.6824749708 -0.0964207202 0.4963275492 -0.6136614680 -0.6140672565
-105.4 -8.7 2107.9 -0.9073238373 0.3970484436 -0.1382605433 0.3926002681 0.6824749708 -0.6165167689 -0.1504276544 -0.6136614680 -0.7751071453
-91.4 215.6 2466.3 -0.0160777736 0.9257483482 -0.3777982593 -0.8253109455 0.2010161281 0.5276877284 0.5644495487 0.3202851117 0.7607983351
-95.2 17.1 2602.0 0.2660090625 0.9257483482 -0.2687548995 -0.9481773973 0.2010161281 -0.2460734397 -0.1737779975 0.3202851117 0.9312457442
-273.6 -171.1 2354.7 0.5953453779 -0.0269359946 -0.8030182719 -0.0124074575 0.9990105033 -0.0427089445 0.8033741117 0.0353899896 0.5944220424
-263.5 -548.6 2341.3 0.5958166122 0.1345617324 -0.7917674780 -0.0089775817 0.9869181514 0.1609720439 0.8030703664 -0.0888016596 0.5892302394
-181.1 -159.8 2497.4 0.6194964051 0.0218225494 -0.7846961021 -0.0754549280 0.9966403246 -0.0318528712 0.7813646793 0.0789419264 0.6190617085
-189.6 -546.5 2466.8 0.6113932133 -0.0998835117 -0.7849978209 0.0834012479 0.9946104288 -0.0615979098 0.7869196534 -0.0278092530 0.6164284945
137.0 -113.6 2148.1 0 0 0 0 0 0 0 0 0
-25.6 -231.1 2556.5 0 0 0 0 0 0 0 0 0
-313.7 -916.9 2374.4 0 0 0 0 0 0 0 0 0
-158.9 -851.6 2475.3 0 0 0 0 0 0 0 0 0
-117.0 387.2 2326.3 0 0.4279002547 0.2149977833 -0.8778823018 0.0548070297 0.9633360505 0.2626400590 0.9021627307 -0.1604978740 0.4004283845
-160.2 193.5 2358.6 0.4279002547 0.2149977833 -0.8778823018 0.0548070297 0.9633360505 0.2626400590 0.9021627307 -0.1604978740 0.4004283845
-188.6 6.5 2398.1 0.4400791526 0.1469072104 -0.8858603835 0.1198040843 0.9681010246 0.2200621068 0.8899310827 -0.2029744387 0.4084410071
-219.6 177.4 2237.9 -0.4562489688 0.4314977825 -0.7782329321 0.7194277644 0.6935693622 -0.0372183472 0.5236989260 -0.5768632293 -0.6268718243
-102.4 -7.5 2103.3 -0.8887362480 0.4314977825 -0.1547821313 0.4365436733 0.6935693622 -0.5730542541 -0.1399194896 -0.5768632293 -0.8047679067
-100.8 209.6 2479.3 -0.0481057689 0.8949356079 -0.4435945451 -0.8419510126 0.2026115805 0.5000670552 0.5374051929 0.3975409865 0.7437451482
-112.4 6.7 2608.8 0.2908740044 0.8949356079 -0.3383527696 -0.9405362010 0.2026115805 -0.2726539671 -0.1754535437 0.3975409865 0.9006537795
-256.0 -189.7 2374.4 0.5294864178 0.0252176318 -0.8479434848 -0.0880872458 0.9957891107 -0.0253903195 0.8437326550 0.0881368369 0.5294781923
-265.6 -570.1 2340.7 0.5501135588 0.1402781457 -0.8232235909 0.0290940441 0.9819725752 0.1867710203 0.8345828652 -0.1266961843 0.5361151695
-169.2 -160.6 2522.2 0.5539307594 0.0510256626 -0.8309976459 -0.1509021521 0.9877415895 -0.0399389490 0.8187730312 0.1475227475 0.5548403263
-189.0 -542.9 2465.1 0.5461368561 -0.0979850665 -0.8319455981 0.0832830295 0.9945662022 -0.0624664649 0.8335456848 -0.0351717100 0.5513297319
137.2 -125.2 2141.0 0 0 0 0 0 0 0 0 0
-35.9 -240.7 2562.7 0 0 0 0 0 0 0 0 0
-318.0 -936.4 2388.0 0 0 0 0 0 0 0 0 0
-158.5 -852.0 2476.1 0 0 0 0 0 0 0 0 0
-121.6 383.0 2324.1 1 0.4352118373 0.1921980828 -0.8795740604 0.0652017072 0.9676548243 0.2437065542 0.8979640007 -0.1634137034 0.4086031914
-160.0 189.6 2356.8 0.4352118373 0.1921980828 -0.8795740604 0.0652017072 0.9676548243 0.2437065542 0.8979640007 -0.1634137034 0.4086031914
-188.3 1.8 2394.8 0.4434604943 0.1458936334 -0.8843403459 0.1124711856 0.9698063135 0.2163930386 0.8892092109 -0.1954245716 0.4136619568
-220.3 174.4 2235.8 -0.4556169808 0.4400514066 -0.7738009691 0.7119705677 0.7019234300 -0.0200354960 0.5343323350 -0.5600520372 -0.6331118941
-104.3 -6.9 2099.8 -0.8802539706 0.4400514066 -0.1775040925 0.4604753554 0.7019234300 -0.5433838367 -0.1145225465 -0.5600520372 -0.8205037117
-99.8 204.8 2477.9 -0.0453396775 0.8967633247 -0.4401816130 -0.8465592861 0.1994444728 0.4935172796 0.5303599834 0.3950157166 0.7501205802
-110.8 0.4 2605.9 0.2903017700 0.8967633247 -0.3339766562 -0.9388827085 0.1994444728 -0.2805729210 -0.1849977076 0.3950157166 0.8998546600
-253.8 -193.6 2360.8 0.5341024399 0.0403839275 -0.8444547057 -0.0536651313 0.9984635115 0.0138067808 0.8437147737 0.0379435346 0.5354490280
-269.3 -577.7 2346.2 0.5408460498 0.1176121607 -0.8328583241 -0.0028740240 0.9904284477 0.1379970908 0.8411167264 -0.0722415224 0.5360073447
-177.6 -170.1 2517.6 0.5583542585 0.0265299268 -0.8291783333 -0.1258521527 0.9906294942 -0.0530510210 0.8200010657 0.1339751333 0.5564610958
-187.9 -554.0 2465.7 0.5494831204 -0.1005351320 -0.8294340968 0.0841652378 0.9943447709 -0.0647660866 0.8312547803 -0.0342216492 0.5548372865
135.2 -132.2 2130.9 0 0 0 0 0 0 0 0 0
-34.2 -247.3 2557.1 0 0 0 0 0 0 0 0 0
-313.1 -946.6 2373.1 0 0 0 0 0 0 0 0 0
-157.9 -850.5 2475.9 0 0 0 0 0 0 0 0 0
-123.5 379.1 2323.1 2 0.4386890829 0.1878718287 -0.8787810206 0.0612196177 0.9693824053 0.2378021628 0.8965511918 -0.1581198424 0.4137560427
-160.9 186.1 2354.5 0.4386890829 0.1878718287 -0.8787810206 0.0612196177 0.9693824053 0.2378021628 0.8965511918 -0.1581198424 0.4137560427
-190.4 -2.1 2390.4 0.4454137683 0.1521523148 -0.8823016882 0.0995931327 0.9709184766 0.2177119851 0.8897683620 -0.1848431081 0.4173071384
-221.6 172.6 2233.2 -0.4498655200 0.3582425714 -0.8180973530 0.7062856555 0.7033481002 -0.0803869069 0.5466092229 -0.6139736772 -0.5694336295
-110.4 -2.0 2098.1 -0.9058306217 0.3582425714 -0.2261264473 0.4211231172 0.7033481002 -0.5726751089 -0.0461109914 -0.6139736772 -0.7879784703
-100.2 199.7 2475.9 -0.0500904806 0.8987847567 -0.4355191588 -0.8521334529 0.1889820546 0.4880105555 0.5209217668 0.3955651522 0.7564183474
-112.3 -6.2 2601.7 0.2836773098 0.8987847567 -0.3342352211 -0.9386510253 0.1889820546 -0.2884789109 -0.1961159855 0.3955651522 0.8972551227
-255.0 -197.3 2354.6 0.5359681845 0.0458281897 -0.8429933786 -0.0431318916 0.9987079501 0.0268705022 0.8431356549 0.0219581667 0.5372523665
-272.7 -583.2 2346.1 0.5428676605 0.1059073433 -0.8331136703 0.0132222697 0.9908157587 0.1345706135 0.8397141695 -0.0840696841 0.5364814997
-176.9 -176.1 2512.6 0.5596803427 0.0318784267 -0.8280951977 -0.1060979515 0.9937928915 -0.0334507227 0.8218887448 0.1065809131 0.5595885515
-189.2 -561.4 2471.3 0.5494605899 -0.1066230610 -0.8286885023 0.0744234547 0.9941272736 -0.0785628632 0.8321984410 -0.0185066648 0.5541689992
136.6 -116.8 2110.7 0 0 0 0 0 0 0 0 0
-37.4 -254.2 2549.9 0 0 0 0 0 0 0 0 0
-312.2 -952.6 2377.4 0 0 0 0 0 0 0 0 0
-158.0 -852.1 2476.7 0 0 0 0 0 0 0 0 0
-122.1 381.3 2337.5 3 0.3960602582 0.1853331923 -0.8993263245 0.0452505276 0.9742892981 0.2207097262 0.9171088338 -0.1281093508 0.3774908483
-158.9 187.9 2362.9 0.3960602582 0.1853331923 -0.8993263245 0.0452505276 0.9742892981 0.2207097262 0.9171088338 -0.1281093508 0.3774908483
-189.2 -1.2 2393.2 0.4023328125 0.1568025649 -0.9019652009 0.0809926242 0.9752634764 0.2056729048 0.9119037986 -0.1558014899 0.3796806335
-213.7 176.9 2238.6 -0.3830808699 0.3414366245 -0.8582948446 0.7140644193 0.6988970637 -0.0406799130 0.5859701633 -0.6284615397 -0.5115418434
-118.6 -0.5 2093.1 -0.9110739827 0.3414366245 -0.2310092300 0.4104375243 0.6988970637 -0.5857336521 -0.0385392420 -0.6284615397 -0.7768853307
-104.1 198.9 2487.2 -0.0706091225 0.8782716990 -0.4729198813 -0.8639973998 0.1830932200 0.4690259397 0.4985206425 0.4417190552 0.7458963990
-121.2 -9.9 2607.7 0.2966352701 0.8782716990 -0.3750284910 -0.9331653118 0.1830932200 -0.3093208969 -0.2030026019 0.4417190552 0.8738845587
-259.2 -199.8 2347.4 0.4975871146 0.0367536247 -0.8666350245 -0.0084556462 0.9992599487 0.0375232995 0.8673728108 -0.0113431504 0.4975296557
-273.4 -586.6 2351.8 0.4959374368 0.0976710990 -0.8628478646 -0.0260531195 0.9948804975 0.0976421908 0.8679673076 -0.0259445421 0.4959431291
-180.0 -181.5 2506.1 0.5212548375 0.0219626781 -0.8531184196 -0.0902169049 0.9954853058 -0.0294947010 0.8486190438 0.0923399627 0.5208829045
-188.6 -567.7 2470.3 0.5110666752 -0.1047888622 -0.8531296253 0.0700530186 0.9943168759 -0.0801655129 0.8566816449 -0.0187943839 0.5155029893
128.9 -112.0 2103.5 0 0 0 0 0 0 0 0 0
-42.8 -256.5 2554.0 0 0 0 0 0 0 0 0 0
-309.8 -957.2 2361.4 0 0 0 0 0 0 0 0 0
-158.6 -851.5 2475.7 0 0 0 0 0 0 0 0 0
-129.4 377.5 2345.2 4 0.3999656737 0.1665746123 -0.9012659788 0.0340194255 0.9799699783 0.1962181181 0.9158985615 -0.1091410667 0.3862875700
-162.3 183.7 2366.8 0.3999656737 0.1665746123 -0.9012659788 0.0340194255 0.9799699783 0.1962181181 0.9158985615 -0.1091410667 0.3862875700
-189.8 -6.4 2393.6 0.4055505097 0.1418142021 -0.9030047059 0.0695184097 0.9802452326 0.1851661652 0.9114252329 -0.1378696859 0.3876802623
-217.7 174.3 2242.5 -0.3746680319 0.3493423462 -0.8588269949 0.6980581880 0.7159171104 -0.0133204022 0.6101955771 -0.6045019627 -0.5120925307
-124.5 0.6 2090.6 -0.9053350687 0.3493423462 -0.2415126562 0.4241871536 0.7159171104 -0.5545520186 -0.0208254606 -0.6045019627 -0.7963314056
-107.0 193.2 2491.2 -0.0557381809 0.8777742386 -0.4758209884 -0.8741625547 0.1873607337 0.4480354190 0.4824241102 0.4409175813 0.7568742633
-120.5 -18.1 2607.8 0.3090806603 0.8777742386 -0.3660348356 -0.9246680140 0.1873607337 -0.3314891458 -0.2223920822 0.4409175813 0.8695593476
-255.2 -197.9 2342.2 0.5024757385 0.0459904596 -0.8633672595 -0.0001796165 0.9985897541 0.0530890524 0.8645913005 -0.0265208855 0.5017753839
-273.0 -584.9 2352.5 0.4998172522 0.0874933600 -0.8617004156 -0.0336805321 0.9960956573 0.0816033483 0.8654757738 -0.0117642339 0.5008125901
-183.5 -183.2 2505.0 0.5269404650 0.0232557207 -0.8495839834 -0.0797983706 0.9965634346 -0.0222146269 0.8461477160 0.0795012042 0.5269854069
-192.5 -569.9 2474.2 0.5151724219 -0.1199249402 -0.8486550450 0.0609096177 0.9927817583 -0.1033168137 0.8549195528 0.0015347144 0.5187583566
119.8 -113.9 2096.3 0 0 0 0 0 0 0 0 0
-38.8 -262.5 2549.0 0 0 0 0 0 0 0 0 0
-305.6 -956.3 2356.8 0 0 0 0 0 0 0 0 0
-158.6 -850.5 2473.7 0 0 0 0 0 0 0 0 0
-130.2 376.6 2350.1 5 0.4060508013 0.1650789827 -0.8988168240 0.0229478553 0.9813970327 0.1906128228 0.9135623574 -0.0980244130 0.3947088420
-162.8 182.6 2369.5 0.4060508013 0.1650789827 -0.8988168240 0.0229478553 0.9813970327 0.1906128228 0.9135623574 -0.0980244130 0.3947088420
-190.2 -7.9 2394.0 0.4115272164 0.1413373202 -0.9003716707 0.0580356531 0.9818335176 0.1806509197 0.9095478058 -0.1265964359 0.3958486319
-219.0 174.7 2245.3 -0.3649621904 0.3828470111 -0.8486641049 0.6909443736 0.7223370671 0.0287228078 0.6240180135 -0.5758969784 -0.5281516910
-127.3 1.2 2088.6 -0.8886421919 0.3828470111 -0.2524741888 0.4583259821 0.7223370671 -0.5178478956 -0.0158850607 -0.5758969784 -0.8173679113
-106.6 190.5 2493.7 -0.0531067736 0.8807435632 -0.4706065059 -0.8800274730 0.1814498454 0.4388936162 0.4719442129 0.4374548793 0.7654423118
-119.4 -22.3 2607.8 0.3071512580 0.8807435632 -0.3604842722 -0.9219356179 0.1814498454 -0.3422143757 -0.2359932959 0.4374548793 0.8677213788
-253.4 -202.9 2338.9 0.5093179941 0.0506742038 -0.8590851426 0.0136912176 0.9976613522 0.0669652820 0.8604694605 -0.0458685458 0.5074331164
-273.1 -589.9 2356.7 0.5044625401 0.0990706608 -0.8577310443 -0.0435045101 0.9950501919 0.0893448889 0.8623368740 -0.0077559766 0.5062755346
-180.9 -190.4 2501.9 0.5327318907 0.0318817012 -0.8456833363 -0.0795312747 0.9967536926 -0.0125231808 0.8425387144 0.0739297718 0.5335380435
-193.3 -577.2 2473.2 0.5197300911 -0.1273759007 -0.8447816372 0.0654690564 0.9918534160 -0.1092731804 0.8518183231 0.0014855012 0.5238352418
110.3 -121.4 2092.9 0 0 0 0 0 0 0 0 0
-38.2 -266.1 2545.4 0 0 0 0 0 0 0 0 0
-310.0 -961.0 2359.6 0 0 0 0 0 0 0 0 0
-158.0 -852.5 2472.8 0 0 0 0 0 0 0 0 0
-128.5 377.8 2352.5 6 0.4095070660 0.1696114987 -0.8964016438 0.0169971883 0.9809768796 0.1933791935 0.9121485949 -0.0944264531 0.3988340199
-162.0 184.0 2371.2 0.4095070660 0.1696114987 -0.8964016438 0.0169971883 0.9809768796 0.1933791935 0.9121485949 -0.0944264531 0.3988340199
-190.0 -6.6 2394.5 0.4148335755 0.1445433348 -0.8983430862 0.0502820835 0.9821513295 0.1812471300 0.9085069299 -0.1203579605 0.4001613855
-218.6 177.2 2247.1 -0.3324143589 0.3623621166 -0.8707435727 0.6981351972 0.7152880430 0.0311493706 0.6341198087 -0.5975422263 -0.4907497764
-135.4 2.5 2088.4 -0.8898284435 0.3623621166 -0.2773067355 0.4562483132 0.7152880430 -0.5293396711 0.0065415399 -0.5975422263 -0.8018107414
-105.3 190.9 2495.3 -0.0548099726 0.8829110861 -0.4663302004 -0.8830112815 0.1751706302 0.4354380667 0.4661404490 0.4356411994 0.7700193524
-118.5 -22.6 2608.0 0.3029066920 0.8829110861 -0.3587694764 -0.9214141965 0.1751706302 -0.3468590081 -0.2433997840 0.4356411994 0.8665871620
-254.4 -203.7 2337.2 0.5130555034 0.0575235076 -0.8564257622 0.0195495263 0.9967100024 0.0786574259 0.8581327796 -0.0570983477 0.5102429986
-276.7 -590.4 2359.4 0.5084124804 0.0796779469 -0.8574194908 -0.0577906445 0.9966222644 0.0583463907 0.8591722846 0.0198867898 0.5112998486
-180.7 -193.2 2500.1 0.5361272693 0.0295149703 -0.8436210155 -0.0619815700 0.9980672598 -0.0044713006 0.8418585658 0.0546861403 0.5369204283
-192.2 -580.6 2478.8 0.5256289244 -0.1244295835 -0.8415649533 0.0474381298 0.9919933677 -0.1170420274 0.8493903279 0.0215984043 0.5273230672
100.8 -118.7 2086.7 0 0 0 0 0 0 0 0 0
-38.4 -266.3 2543.6 0 0 0 0 0 0 0 0 0
-306.4 -962.1 2352.0 0 0 0 0 0 0 0 0 0
-157.9 -853.9 2472.9 0 0 0 0 0 0 0 0 0
-125.5 379.0 2345.3 7 0.4460470080 0.1785468608 -0.8770194650 0.0236153379 0.9772105217 0.2109547704 0.8946979046 -0.1148068532 0.4316653907
-160.8 185.7 2368.0 0.4460470080 0.1785468608 -0.8770194650 0.0236153379 0.9772105217 0.2109547704 0.8946979046 -0.1148068532 0.4316653907
-190.4 -4.2 2394.5 0.4511541128 0.1527457237 -0.8792774081 0.0537686646 0.9788022637 0.1976234466 0.8908248544 -0.1364361942 0.4333777428
-222.4 178.4 2246.4 -0.3216260672 0.3976981044 -0.8592979312 0.6928243637 0.7174299955 0.0727223754 0.6454076767 -0.5719531178 -0.5062791109
-141.6 4.3 2084.2 -0.8773772717 0.3976981044 -0.2684126794 0.4797289968 0.7174299955 -0.5051279664 -0.0083211176 -0.5719531178 -0.8202440739
-99.2 193.0 2489.5 -0.0478150658 0.9017472863 -0.4296109378 -0.8774747252 0.1675736755 0.4493964314 0.4772334993 0.3984606564 0.7832479477
-110.8 -19.2 2605.0 0.2806939185 0.9017472863 -0.3287290037 -0.9280132651 0.1675736755 -0.3327317238 -0.2449536026 0.3984606564 0.8838703632
-255.2 -201.7 2336.6 0.5463801026 0.0508797839 -0.8359904289 0.0127793923 0.9975304008 0.0690636337 0.8374398351 -0.0484184474 0.5443805456
-274.9 -588.9 2355.4 0.5430477858 0.0840838999 -0.8354812860 -0.0337547846 0.9963555336 0.0783344880 0.8390230536 -0.0143378815 0.5439069271
-180.9 -192.7 2499.3 0.5682798624 0.0227082726 -0.8225219250 -0.0585360639 0.9982021451 -0.0128840599 0.8207505941 0.0554689504 0.5685874224
-189.7 -580.2 2477.7 0.5591215491 -0.1121635959 -0.8214635849 0.0554501489 0.9936470985 -0.0979321077 0.8272293210 0.0092056710 0.5617889762
89.6 -122.1 2086.3 0 0 0 0 0 0 0 0 0
-36.5 -264.6 2540.2 0 0 0 0 0 0 0 0 0
-306.3 -960.4 2360.7 0 0 0 0 0 0 0 0 0
-158.4 -857.8 2475.2 0 0 0 0 0 0 0 0 0
-122.9 378.9 2348.6 8 0.4502173364 0.1839572340 -0.8737643361 0.0071537225 0.9777737260 0.2095408142 0.8928903341 -0.1005895734 0.4388947189
-159.4 185.3 2368.5 0.4502173364 0.1839572340 -0.8737643361 0.0071537225 0.9777737260 0.2095408142 0.8928903341 -0.1005895734 0.4388947189
-190.2 -4.9 2392.2 0.4553759098 0.1591932774 -0.8759510517 0.0365804248 0.9797074199 0.1970665753 0.8895474672 -0.1217820346 0.4403117895
-221.5 180.3 2247.1 -0.2822517157 0.4050534964 -0.8696353436 0.6984505653 0.7081838846 0.1031621769 0.6576479077 -0.5782796144 -0.4827959538
-151.5 7.0 2083.9 -0.8746444583 0.4050534964 -0.2663245499 0.4843743443 0.7081838846 -0.5136702061 -0.0194571782 -0.5782796144 -0.8156065941
-97.2 190.2 2490.0 -0.0522542484 0.9046264291 -0.4229899943 -0.8844293952 0.1547721922 0.4402615130 0.4637392759 0.3971103132 0.7919906974
-109.8 -23.6 2602.1 0.2729573250 0.9046264291 -0.3273305893 -0.9259698987 0.1547721922 -0.3444201946 -0.2609099448 0.3971103132 0.8799030781
-260.3 -199.0 2341.3 0.5509456396 0.0353344530 -0.8337928057 0.0144537389 0.9985494018 0.0518671088 0.8344159722 -0.0406273790 0.5496357083
-274.0 -586.5 2357.0 0.5456591249 0.0933395326 -0.8327927589 -0.0570491850 0.9956095815 0.0742085278 0.8360630870 0.0070175873 0.5485884547
-179.6 -189.4 2500.7 0.5716643929 0.0316769779 -0.8198758364 -0.0664774776 0.9977574348 -0.0078022392 0.8177900910 0.0589635409 0.5724881887
-191.9 -576.7 2477.8 0.5610191822 -0.1199645028 -0.8190640807 0.0590942949 0.9927230477 -0.1049227938 0.8256908059 0.0104616843 0.5640258789
76.8 -119.5 2088.9 0 0 0 0 0 0 0 0 0
-37.6 -268.5 2533.1 0 0 0 0 0 0 0 0 0
-308.9 -957.9 2354.4 0 0 0 0 0 0 0 0 0
-158.3 -854.5 2474.9 0 0 0 0 0 0 0 0 0
-122.3 383.4 2354.8 9 0.4564600289 0.1862013340 -0.8700421453 -0.0091306856 0.9787855744 0.2046836317 0.8896970749 -0.0854858160 0.4484766424
-159.3 188.9 2371.8 0.4564600289 0.1862013340 -0.8700421453 -0.0091306856 0.9787855744 0.2046836317 0.8896970749 -0.0854858160 0.4484766424
-190.7 -1.4 2392.8 0.4619674087 0.1617385596 -0.8720245361 0.0218874905 0.9808524251 0.1935186088 0.8866267800 -0.1084857136 0.4495818019
-222.4 186.0 2250.7 -0.2474133223 0.3804879487 -0.8910754919 0.7163491249 0.6910797954 0.0961907431 0.6524037123 -0.6145222783 -0.4435445666
-160.0 5.3 2086.1 -0.8869348764 0.3804879487 -0.2618690729 0.4608610868 0.6910797954 -0.5567906499 -0.0308797155 -0.6145222783 -0.7882948518
-96.2 191.9 2492.9 -0.0520752408 0.9080327749 -0.4156496227 -0.8909813762 0.1457403749 0.4300138950 0.4510436356 0.3927291334 0.8014508486
-108.8 -23.6 2601.9 0.2677738667 0.9080327749 -0.3221390843 -0.9229148626 0.1457403749 -0.3563536406 -0.2766321301 0.3927291334 0.8770624399
-261.9 -198.3 2336.2 0.5578349829 0.0334647931 -0.8292769194 0.0218898077 0.9982459545 0.0550081544 0.8296631575 -0.0488381833 0.5561239719
-274.9 -585.8 2355.2 0.5527236462 0.0988089815 -0.8274861574 -0.0406292342 0.9949603677 0.0916683450 0.8323736191 -0.0170471333 0.5539526939
-180.3 -191.7 2495.5 0.5783217549 0.0344302915 -0.8150818944 -0.0533212870 0.9985679388 0.0043481840 0.8140643835 0.0409465693 0.5793294311
-193.7 -579.3 2479.6 0.5671625733 -0.1283077896 -0.8135500550 0.0638349354 0.9916673303 -0.1118970588 0.8211283088 0.0115309041 0.5706270933
68.5 -113.5 2094.1 0 0 0 0 0 0 0 0 0
-38.0 -267.7 2528.8 0 0 0 0 0 0 0 0 0
-311.7 -956.9 2361.5 0 0 0 0 0 0 0 0 0
-158.0 -855.1 2476.4 0 0 0 0 0 0 0 0 0
-125.0 379.2 2354.4 0 0.4841699600 0.1796626449 -0.8563298583 -0.0103561841 0.9797999263 0.1997119486 0.8749126792 -0.0878262222 0.4762503207
-160.4 185.9 2371.7 0.4841699600 0.1796626449 -0.8563298583 -0.0103561841 0.9797999263 0.1997119486 0.8749126792 -0.0878262222 0.4762503207
-190.3 -4.8 2392.3 0.4889547229 0.1537103355 -0.8586596847 0.0178062897 0.9823886156 0.1859989017 0.8721274137 -0.1062345877 0.4776065350
-227.2 183.4 2252.6 -0.2512544096 0.3960808218 -0.8831710815 0.7112223506 0.6944483519 0.1091067195 0.6565317512 -0.6007174850 -0.4561847448
-164.2 5.1 2088.0 -0.8846673965 0.3960808218 -0.2459340990 0.4638384581 0.6944483519 -0.5500867367 -0.0470902920 -0.6007174850 -0.7980732918
-93.6 188.3 2490.8 -0.0340334624 0.9190554023 -0.3926562369 -0.8945297599 0.1472020000 0.4220758975 0.4457108974 0.3656074107 0.8171126246
-101.9 -28.0 2598.6 0.2632527351 0.9190554023 -0.2933175564 -0.9196360707 0.1472020000 -0.3641443253 -0.2914918661 0.3656074107 0.8839477897
-263.4 -193.7 2334.5 0.5829564333 0.0315418877 -0.8118909597 0.0165001918 0.9985805154 0.0506422780 0.8123358488 -0.0429185964 0.5816084743
-275.7 -581.4 2351.2 0.5807689428 0.0768057033 -0.8104371428 -0.0158595070 0.9964178205 0.0830661133 0.8139139414 -0.0353890806 0.5799065828
-180.7 -189.8 2493.3 0.6038112044 0.0303656999 -0.7965487838 -0.0419550464 0.9990997314 0.0062839026 0.7960224748 0.0296249501 0.6045415998
-192.5 -577.7 2481.8 0.5941457748 -0.1269127280 -0.7942820787 0.0567876734 0.9916284084 -0.1159665063 0.8023502827 0.0237955786 0.5963789225
60.9 -112.9 2100.0 0 0 0 0 0 0 0 0 0
-32.2 -271.2 2521.5 0 0 0 0 0 0 0 0 0
-304.3 -953.1 2364.4 0 0 0 0 0 0 0 0 0
-156.8 -856.0 2475.1 0 0 0 0 0 0 0 0 0
-120.7 381.9 2353.7 1 0.4788503945 0.1967536360 -0.8555642962 -0.0224491637 0.9769873619 0.2121126652 0.8776094317 -0.0823635310 0.4722477198
-159.8 187.9 2370.0 0.4788503945 0.1967536360 -0.8555642962 -0.0224491637 0.9769873619 0.2121126652 0.8776094317 -0.0823635310 0.4722477198
-192.7 -2.4 2389.8 0.4844121933 0.1695373952 -0.8582551479 0.0072694109 0.9802286029 0.1977346689 0.8748096824 -0.1020240933 0.4736022651
-225.9 186.9 2250.6 -0.2353894264 0.4266846776 -0.8732307553 0.7307374477 0.6700804830 0.1304411441 0.6407921314 -0.6073979735 -0.4695243537
-166.9 3.7 2090.0 -0.8712846637 0.4266846776 -0.2424938083 0.4846343696 0.6700804830 -0.5622469783 -0.0774118006 -0.6073979735 -0.7906169295
-93.6 188.9 2489.5 -0.0503197163 0.9192303419 -0.3904913068 -0.8953208923 0.1317399889 0.4254939258 0.4425702691 0.3710257709 0.8163770437
-105.8 -27.6 2596.5 0.2506185174 0.9192303419 -0.3036542535 -0.9225739241 0.1317399889 -0.3626319468 -0.2933388948 0.3710257709 0.8810744286
-263.9 -197.1 2334.8 0.5791676641 0.0295660682 -0.8146721125 0.0166778024 0.9987031817 0.0481015258 0.8150378466 -0.0414457880 0.5779235363
-275.4 -584.8 2350.9 0.5767805576 0.0800294876 -0.8129695058 -0.0171944518 0.9961584806 0.0858637691 0.8167181611 -0.0355459861 0.5759409666
-176.3 -193.9 2491.0 0.5988529325 0.0421860293 -0.7997471690 -0.0514278561 0.9985762835 0.0141647821 0.7992060781 0.0326466598 0.6001698375
-192.7 -581.5 2478.3 0.5872043967 -0.1357317418 -0.7979773879 0.0619387552 0.9904845953 -0.1228975803 0.8070654273 0.0227402747 0.5900239944
53.4 -118.9 2109.5 0 0 0 0 0 0 0 0 0
-39.5 -271.7 2518.9 0 0 0 0 0 0 0 0 0
-305.2 -956.6 2364.2 0 0 0 0 0 0 0 0 0
-155.6 -852.4 2472.1 0 0 0 0 0 0 0 0 0
-118.9 383.6 2352.3 2 0.4892617166 0.2039284557 -0.8479599953 -0.0270987749 0.9753636122 0.2189324945 0.8717159033 -0.0841366202 0.4827343225
-159.4 190.1 2369.0 0.4892617166 0.2039284557 -0.8479599953 -0.0270987749 0.9753636122 0.2189324945 0.8717159033 -0.0841366202 0.4827343225
-193.3 0.1 2388.9 0.4950106442 0.1746739149 -0.8511483073 0.0025817086 0.9792847037 0.2024717182 0.8688830733 -0.1024230719 0.4843053818
-227.0 189.8 2250.3 -0.2062987536 0.4123306274 -0.8873692751 0.7536341548 0.6453624964 0.1246706918 0.6240804195 -0.6430324316 -0.4438839257
-175.4 1.4 2094.4 -0.8793095946 0.4123306274 -0.2383234650 0.4665591717 0.6453624964 -0.6048386097 -0.0955884606 -0.6430324316 -0.7598500848
-91.8 190.5 2487.7 -0.0507680923 0.9244888425 -0.3778134584 -0.8957291842 0.1251591593 0.4266197979 0.4416920543 0.3600772321 0.8217375278
-104.1 -26.1 2594.5 0.2410613000 0.9244888425 -0.2953131795 -0.9236714840 0.1251591593 -0.3621687591 -0.2978598177 0.3600772321 0.8840949535
-268.9 -193.3 2331.3 0.5896900296 0.0137776770 -0.8075121045 0.0355826095 0.9984403849 0.0430196635 0.8068454266 -0.0541016571 0.5882800817
-274.3 -580.8 2352.3 0.5853451490 0.0891976058 -0.8058627844 -0.0250718556 0.9954460263 0.0919706374 0.8103964925 -0.0336300954 0.5849158764
-182.2 -192.0 2488.0 0.6090046167 0.0252789054 -0.7927637696 -0.0335581861 0.9994181991 0.0060889628 0.7924564481 0.0228955057 0.6094986200
-192.0 -579.9 2479.1 0.5990940332 -0.1357722580 -0.7890831828 0.0572981797 0.9902610779 -0.1268852204 0.7986258864 0.0308031477 0.6010389924
46.2 -116.2 2118.4 0 0 0 0 0 0 0 0 0
-40.3 -270.5 2515.7 0 0 0 0 0 0 0 0 0
-307.6 -952.4 2364.8 0 0 0 0 0 0 0 0 0
-154.9 -850.6 2470.6 0 0 0 0 0 0 0 0 0
-114.9 388.0 2351.6 3 0.5063648224 0.2149496078 -0.8350995779 -0.0368781649 0.9729462266 0.2280693203 0.8615304232 -0.0846893415 0.5005927086
-157.6 194.6 2368.5 0.5063648224 0.2149496078 -0.8350995779 -0.0368781649 0.9729462266 0.2280693203 0.8615304232 -0.0846893415 0.5005927086
-193.0 4.8 2388.6 0.5128823519 0.1824993193 -0.8388358951 -0.0048899292 0.9777468443 0.2097313255 0.8584449887 -0.1034656465 0.5023614764
-227.6 195.3 2251.2 -0.1849372238 0.3992392123 -0.8980012536 0.7733466625 0.6229628921 0.1176954135 0.6064100862 -0.6726999879 -0.4239593446
-181.0 0.2 2098.3 -0.8888167739 0.3992392123 -0.2249728590 0.4430102110 0.6229628921 -0.6447163820 -0.1172463074 -0.6726999879 -0.7305669188
-87.6 193.9 2485.7 -0.0507544056 0.9329658747 -0.3563687801 -0.8963985443 0.1147703975 0.4281324446 0.4403335154 0.3411780894 0.8304841518
-99.8 -22.9 2592.2 0.2253955156 0.9329658747 -0.2806627750 -0.9252624512 0.1147703975 -0.3615483046 -0.3051004410 0.3411780894 0.8891069889
-271.5 -190.3 2330.9 0.6068071127 0.0080156941 -0.7948086858 0.0413916185 0.9982737303 0.0416686237 0.7937706709 -0.0581832342 0.6054278016
-274.6 -577.8 2353.5 0.6023759842 0.0880955979 -0.7933362126 -0.0229252614 0.9953904152 0.0931255743 0.7978832126 -0.0379091688 0.6016188860
-182.9 -189.8 2486.6 0.6251640916 0.0191583876 -0.7802581787 -0.0322452597 0.9994791746 -0.0012946624 0.7798269987 0.0259690043 0.6254562140
-190.3 -577.8 2476.5 0.6159188747 -0.1266014129 -0.7775706053 0.0623067841 0.9917395711 -0.1121180728 0.7853418589 0.0206077099 0.6187192202
42.6 -111.3 2127.8 0 0 0 0 0 0 0 0 0
-40.2 -267.7 2511.5 0 0 0 0 0 0 0 0 0
-307.5 -949.3 2367.7 0 0 0 0 0 0 0 0 0
-155.5 -850.3 2470.9 0 0 0 0 0 0 0 0 0
-114.2 385.6 2351.8 4 0.5195490122 0.2185515463 -0.8260169625 -0.0444355123 0.9723370671 0.2293165326 0.8532844186 -0.0824366808 0.5148882270
-157.5 193.2 2368.1 0.5195490122 0.2185515463 -0.8260169625 -0.0444355123 0.9723370671 0.2293165326 0.8532844186 -0.0824366808 0.5148882270
-193.7 3.5 2387.3 0.5257756710 0.1864406615 -0.8299396634 -0.0144569445 0.9775018096 0.2104309350 0.8505004048 -0.0986410752 0.5166420937
-229.3 195.2 2252.0 -0.2121340334 0.4291109443 -0.8779880404 0.7774640918 0.6184335947 0.1144093424 0.5920715928 -0.6583340168 -0.4648091495
-175.9 -0.5 2103.0 -0.8813039660 0.4291109443 -0.1979067624 0.4463566542 0.6184335947 -0.6467655301 -0.1551419795 -0.6583340168 -0.7365645170
-85.6 191.2 2484.3 -0.0491957702 0.9386504292 -0.3413432240 -0.8995252252 0.1068944559 0.4235893786 0.4340900481 0.3278856277 0.8390809298
-97.5 -26.4 2589.3 0.2155023366 0.9386504292 -0.2692473829 -0.9240738750 0.1068944559 -0.3669619858 -0.3156679571 0.3278856277 0.8904182911
-274.4 -184.5 2331.8 0.6189929843 -0.0084066791 -0.7853515148 0.0416317321 0.9988881350 0.0221205633 0.7842923403 -0.0463880152 0.6186547279
-271.1 -572.3 2349.8 0.6147987843 0.0994497165 -0.7823887467 -0.0078807352 0.9927431941 0.1199952811 0.7886446118 -0.0676071569 0.6111210585
-182.5 -185.4 2485.6 0.6368229389 0.0195833147 -0.7707613111 -0.0362676010 0.9993316531 -0.0045744590 0.7701566219 0.0308667850 0.6371075511
-190.1 -573.4 2473.6 0.6275658607 -0.1187137216 -0.7694596648 0.0735417455 0.9929267168 -0.0932105184 0.7750824094 0.0019083344 0.6318572760
47.0 -113.3 2142.2 0 0 0 0 0 0 0 0 0
-40.5 -270.8 2505.8 0 0 0 0 0 0 0 0 0
-308.2 -942.6 2375.0 0 0 0 0 0 0 0 0 0
-156.6 -853.6 2473.0 0 0 0 0 0 0 0 0 0
-116.5 383.2 2353.9 5 0.5222813487 0.2083550245 -0.8269282579 -0.0467104092 0.9752269387 0.2162188292 0.8514930010 -0.0743009076 0.5190752149
-157.7 190.3 2368.6 0.5222813487 0.2083550245 -0.8269282579 -0.0467104092 0.9752269387 0.2162188292 0.8514930010 -0.0743009076 0.5190752149
-192.1 0.1 2385.7 0.5277583003 0.1772777289 -0.8306887150 -0.0189386737 0.9801902771 0.1971506923 0.8491834402 -0.0883157700 0.5206609368
-229.8 192.9 2252.6 -0.2451593429 0.4590201974 -0.8539305329 0.7730378509 0.6241145134 0.1135498732 0.5850721002 -0.6322827935 -0.5078474879
-167.8 -2.4 2104.7 -0.8760360479 0.4590201974 -0.1478555351 0.4364045858 0.6241145134 -0.6480988264 -0.2052116692 -0.6322827935 -0.7470653653
-85.6 187.7 2484.6 -0.0399670042 0.9383655787 -0.3433258832 -0.9046260118 0.1119348556 0.4112448692 0.4243281782 0.3270177543 0.8443962336
-95.2 -31.0 2587.2 0.2232800871 0.9383655787 -0.2638484836 -0.9185194969 0.1119348556 -0.3791998327 -0.3262942135 0.3270177543 0.8868998885
-276.9 -185.0 2330.3 0.6201626658 -0.0199979339 -0.7842183113 0.0466937721 0.9988435507 0.0114546251 0.7830823660 -0.0437218435 0.6203792691
-269.2 -572.7 2347.2 0.6145324707 0.1176145077 -0.7800747752 -0.0088449335 0.9897889495 0.1422659010 0.7888419628 -0.0805273056 0.6092977524
-182.8 -187.6 2482.6 0.6388334036 0.0259249229 -0.7689082026 -0.0382836275 0.9992651343 0.0018845064 0.7683919668 0.0282327086 0.6393564343
-192.8 -575.5 2471.7 0.6271364093 -0.1319361329 -0.7676540613 0.0886950567 0.9912356734 -0.0979033485 0.7738430500 -0.0066883629 0.6333420277
55.4 -113.6 2157.0 0 0 0 0 0 0 0 0 0
-36.2 -274.0 2500.9 0 0 0 0 0 0 0 0 0
-313.1 -942.0 2377.3 0 0 0 0 0 0 0 0 0
-156.1 -851.1 2473.5 0 0 0 0 0 0 0 0 0
-99.6 397.0 2352.4 6 0.4729490280 0.2477308065 -0.8455463648 -0.0404153988 0.9647492170 0.2600492239 0.8801623583 -0.0888169333 0.4662893414
-149.4 202.9 2370.3 0.4729490280 0.2477308065 -0.8455463648 -0.0404153988 0.9647492170 0.2600492239 0.8801623583 -0.0888169333 0.4662893414
-190.2 14.3 2390.4 0.4803068638 0.2095886469 -0.8516911864 -0.0092519689 0.9721869826 0.2340232730 0.8770517111 -0.1045231596 0.4688871801
-215.0 204.0 2250.7 -0.2046757042 0.4629880786 -0.8624093533 0.8031631112 0.5830503106 0.1223982126 0.5594969392 -0.6676034331 -0.4911911786
-162.2 -3.1 2106.4 -0.8747042418 0.4629880786 -0.1432985961 0.4223157167 0.5830503106 -0.6940473914 -0.2377853692 -0.6676034331 -0.7055237293
-83.9 201.7 2489.9 -0.0890119672 0.9223102927 -0.3760593534 -0.8913124800 0.0947602168 0.4433762729 0.4445659518 0.3746522069 0.8136318922
-105.4 -13.5 2597.3 0.2134026736 0.9223102927 -0.3221848309 -0.9331376553 0.0947602168 -0.3468063474 -0.2893327475 0.3746522069 0.8808645010
-273.8 -188.5 2326.8 0.5779806376 -0.0113334823 -0.8159717917 0.0473507978 0.9986846447 0.0196689032 0.8146755695 -0.0500051603 0.5777570605
-269.4 -576.2 2346.2 0.5736926198 0.1007236242 -0.8128539324 -0.0018584118 0.9925675392 0.1216809601 0.8190685511 -0.0682968497 0.5696159005
-179.2 -191.9 2478.9 0.5951173902 0.0301294979 -0.8030737638 -0.0308715384 0.9994164705 0.0146184908 0.8030455709 0.0160924047 0.5957002640
-190.9 -579.8 2472.7 0.5849946737 -0.1249812692 -0.8013494611 0.0774934888 0.9921481013 -0.0981677249 0.8073264360 -0.0046717669 0.5900865793
62.0 -111.3 2167.4 0 0 0 0 0 0 0 0 0
-49.0 -260.2 2520.8 0 0 0 0 0 0 0 0 0
-307.0 -946.5 2371.7 0 0 0 0 0 0 0 0 0
-156.5 -853.3 2474.0 0 0 0 0 0 0 0 0 0
-94.5 398.4 2359.2 7 0.4742238522 0.2538343966 -0.8430182934 -0.0542366616 0.9641396403 0.2597944736 0.8787320852 -0.0774782300 0.4709851444
-145.5 205.0 2374.7 0.4742238522 0.2538343966 -0.8430182934 -0.0542366616 0.9641396403 0.2597944736 0.8787320852 -0.0774782300 0.4709851444
-187.4 16.3 2392.1 0.4811510742 0.2160519809 -0.8495970368 -0.0256902557 0.9722130299 0.2326840162 0.8762611747 -0.0901298001 0.4733317792
-211.1 208.4 2255.1 -0.2281069905 0.5066593289 -0.8314226270 0.8071389198 0.5759726763 0.1295464933 0.5445126295 -0.6415230632 -0.5403278470
-150.3 -6.9 2109.9 -0.8527942896 0.5066593289 -0.1266423017 0.4441135824 0.5759726763 -0.6863079667 -0.2747818232 -0.6415230632 -0.7162004709
-79.8 201.5 2494.3 -0.0943729207 0.9231931567 -0.3725696206 -0.8970904946 0.0834042728 0.4339036047 0.4316507280 0.3751774430 0.8203167319
-102.6 -15.3 2598.7 0.2073378265 0.9231931567 -0.3236130476 -0.9300175309 0.0834042728 -0.3579261005 -0.3034442067 0.3751774430 0.8758786917
-273.9 -173.6 2332.0 0.5790333152 -0.0169452894 -0.8151277900 0.0410905778 0.9991199374 0.0084188459 0.8142677546 -0.0383688621 0.5792200565
-267.3 -561.4 2346.9 0.5740700364 0.1085412949 -0.8115801811 -0.0117326230 0.9921635985 0.1243935898 0.8187221289 -0.0618886650 0.5708448291
-188.0 -175.0 2488.9 0.5959099531 0.0135940677 -0.8029361963 -0.0400538482 0.9991154075 -0.0128110386 0.8020517230 0.0397949107 0.5959272981
-193.2 -562.8 2473.5 0.5855544806 -0.1227245107 -0.8012893796 0.0769316256 0.9924252033 -0.0957796797 0.8069742918 -0.0055602752 0.5905603766
70.0 -121.6 2180.9 0 0 0 0 0 0 0 0 0
-47.8 -261.2 2518.4 0 0 0 0 0 0 0 0 0
-307.8 -931.7 2370.0 0 0 0 0 0 0 0 0 0
-157.2 -854.1 2475.1 0 0 0 0 0 0 0 0 0
-96.7 401.5 2369.1 8 0.4554741979 0.2414013594 -0.8568947911 -0.0677511469 0.9691417217 0.2370107025 0.8876671791 -0.0498966537 0.4577742815
-145.2 206.6 2379.1 0.4554741979 0.2414013594 -0.8568947911 -0.0677511469 0.9691417217 0.2370107025 0.8876671791 -0.0498966537 0.4577742815
-185.6 17.2 2391.9 0.4621779621 0.2080273181 -0.8620418310 -0.0387384556 0.9759038091 0.2147350311 0.8859406710 -0.0658516288 0.4590998888
-208.3 211.8 2258.2 -0.2816660404 0.5649214983 -0.7755823135 0.8099794388 0.5733202100 0.1234391332 0.5143904090 -0.5934371352 -0.6190596819
-130.9 -10.9 2116.7 -0.8161257505 0.5649214983 -0.1216650903 0.4942665696 0.5733202100 -0.6534558535 -0.2993981838 -0.5934371352 -0.7471231818
-82.1 201.3 2500.1 -0.0942173302 0.9138363600 -0.3950015604 -0.9064676166 0.0853057429 0.4135690928 0.4116303623 0.3970215023 0.8203257918
-104.9 -17.8 2599.6 0.2238044590 0.9138363600 -0.3388431966 -0.9216005206 0.0853057429 -0.3786495030 -0.3171184063 0.3970215023 0.8612838387
-272.5 -170.0 2331.1 0.5606274605 -0.0190253947 -0.8278495669 0.0334817879 0.9994392991 -0.0002946391 0.8273909688 -0.0275526997 0.5609501004
-265.1 -558.0 2341.8 0.5569389462 0.1132735312 -0.8227928877 -0.0018881203 0.9908262491 0.1351285726 0.8305512667 -0.0737048388 0.5520436168
-186.3 -174.5 2488.0 0.5786820650 0.0024350681 -0.8155496120 -0.0446139798 0.9985926747 -0.0286747329 0.8143320680 0.0529784672 0.5779762864
-187.3 -562.1 2467.4 0.5709732175 -0.0985077173 -0.8150373101 0.0757899955 0.9948603511 -0.0671470687 0.8174628019 -0.0234324988 0.5755044818
81.8 -139.7 2194.8 0 0 0 0 0 0 0 0 0
-45.7 -261.5 2515.7 0 0 0 0 0 0 0 0 0
-307.4 -927.8 2369.3 0 0 0 0 0 0 0 0 0
-158.3 -854.9 2474.3 0 0 0 0 0 0 0 0 0
-105.9 401.3 2377.0 9 0.4448885620 0.2137596011 -0.8697016835 -0.0675344467 0.9763403535 0.2054231018 0.8930359483 -0.0326555707 0.4487988055
-148.6 206.1 2383.6 0.4448885620 0.2137596011 -0.8697016835 -0.0675344467 0.9763403535 0.2054231018 0.8930359483 -0.0326555707 0.4487988055
-184.9 15.8 2393.3 0.4504539669 0.1873930991 -0.8729118109 -0.0403793342 0.9809998870 0.1897597909 0.8918860555 -0.0502304547 0.4494620860
-210.1 211.6 2261.8 -0.3328232467 0.5921998620 -0.7338446379 0.7988663912 0.5905572772 0.1142567024 0.5010401011 -0.5482165217 -0.6696397662
-116.9 -12.2 2121.4 -0.7989589572 0.5921998620 -0.1047084108 0.5187456608 0.5905572772 -0.6181787848 -0.3042491078 -0.5482165217 -0.7790321708
-87.1 200.6 2505.3 -0.0798982158 0.9061099887 -0.4154286087 -0.9135866761 0.1001373604 0.3941216469 0.3987174928 0.4110196829 0.8198092580
-106.4 -20.3 2601.7 0.2485618442 0.9061099887 -0.3423180878 -0.9122071266 0.1001373604 -0.3973042369 -0.3257225156 0.4110196829 0.8514503241
-267.3 -168.7 2325.3 0.5484904647 -0.0097024720 -0.8361005187 0.0192623343 0.9998139143 0.0010340138 0.8359349370 -0.0166723933 0.5485752821
-263.5 -556.8 2331.8 0.5490193367 0.1202604622 -0.8271125555 0.0235604700 0.9869743586 0.1591429710 0.8354775310 -0.1068597287 0.5390346646
-184.5 -175.6 2483.9 0.5679258704 -0.0021327219 -0.8230769634 -0.0315700322 0.9992043376 -0.0243725255 0.8224740624 0.0398263559 0.5674066544
-183.7 -563.4 2468.5 0.5623714328 -0.0841361657 -0.8225931525 0.0669412762 0.9961770773 -0.0561257564 0.8241706491 -0.0235019103 0.5658537149
94.2 -149.3 2201.8 0 0 0 0 0 0 0 0 0
-40.7 -261.5 2515.6 0 0 0 0 0 0 0 0 0
-308.4 -925.0 2371.6 0 0 0 0 0 0 0 0 0
-159.4 -850.6 2475.2 0 0 0 0 0 0 0 0 0
-113.8 394.9 2386.5 0 0.4466983080 0.1963621527 -0.8728702664 -0.0796904787 0.9804725051 0.1797862798 0.8911285400 -0.0107507799 0.4536236227
-152.8 199.9 2388.6 0.4466983080 0.1963621527 -0.8728702664 -0.0796904787 0.9804725051 0.1797862798 0.8911285400 -0.0107507799 0.4536236227
-185.8 8.8 2394.8 0.4523943067 0.1696385294 -0.8755353689 -0.0491024069 0.9849909544 0.1654744893 0.8904652596 -0.0318688266 0.4539339542
-214.7 206.6 2267.0 -0.3685652912 0.5722746253 -0.7325717211 0.7806398273 0.6184161305 0.0903489739 0.5047386289 -0.5385751724 -0.6746671200
-111.1 -12.7 2125.2 -0.8133602738 0.5722746253 -0.1046268120 0.5118213892 0.6184161305 -0.5963223577 -0.2765572667 -0.5385751724 -0.7958974838
-91.0 193.2 2510.3 -0.0629280880 0.9047704339 -0.4212250710 -0.9222372770 0.1086062863 0.3710567057 0.3814688027 0.4118193388 0.8275786042
