-34.2 361.8 2498.9 07 0.2204190940 0.4000576437 -0.8895894289 -0.3040799797 0.8947529793 0.3270359635 0.9267959595 0.1984213442 0.3188701570
-112.5 186.5 2460.0 0.2204190940 0.4000576437 -0.8895894289 -0.3040799797 0.8947529793 0.3270359635 0.9267959595 0.1984213442 0.3188701570
-185.8 9.6 2428.7 0.2377574742 0.3770948648 -0.8951373696 -0.2637710869 0.9119989872 0.3141379058 0.9348241687 0.1614227295 0.3163012862
-145.0 222.5 2332.5 -0.3391573429 0.6867338419 -0.6429377794 0.6318247318 0.6726406813 0.3851649463 0.6969718933 -0.2755924761 -0.6620264053
-45.0 36.2 2126.9 -0.7268620133 0.6867338419 -0.0082640275 0.6397339702 0.6726406813 -0.3718803227 -0.2498240769 -0.2755924761 -0.9282438755
-80.1 150.6 2587.6 0.3538668752 0.9340873361 0.0475296564 -0.7714298368 0.3202252984 -0.5498651862 -0.5288423300 0.1579132825 0.8338999748
46.9 -126.3 2397.8 0.1628169864 0.9340873361 0.3177600801 0.0115859313 0.3202252984 -0.9472705722 -0.9865882397 0.1579132825 0.0413158461
-282.8 -143.5 2311.4 0.4111519456 -0.0553585961 -0.9098843336 0.0119164092 0.9983953834 -0.0553590283 0.9114889503 0.0119184181 0.4111518860
-261.4 -531.1 2306.8 0.4244909585 0.1335156113 -0.8955339193 0.0978987217 0.9765013456 0.1919919550 0.9001240134 -0.1691704690 0.4014449716
-239.2 -193.4 2477.4 0.3798856139 -0.1534892172 -0.9122104645 0.0132796885 0.9869410992 -0.1605331898 0.9249381423 0.0488703810 0.3769630194
-179.6 -576.5 2458.4 0.3765507340 -0.0680097565 -0.9238961935 0.0717206746 0.9964485168 -0.0441193990 0.9236155748 -0.0496492684 0.3800911307
153.0 -138.1 2194.9 0 0 0 0 0 0 0 0 0
81.9 -123.8 2185.6 0 0 0 0 0 0 0 0 0
-311.2 -895.6 2369.9 0 0 0 0 0 0 0 0 0
-160.6 -855.1 2472.3 0 0 0 0 0 0 0 0 0
-38.1 361.6 2496.4 08 0.2194965929 0.4009082615 -0.8894345760 -0.3053025603 0.8941044211 0.3276699483 0.9266129732 0.1996242106 0.3186511993
-116.7 186.3 2457.3 0.2194965929 0.4009082615 -0.8894345760 -0.3053025603 0.8941044211 0.3276699483 0.9266129732 0.1996242106 0.3186511993
-191.6 9.8 2427.1 0.2387371510 0.3854034245 -0.8913297653 -0.2611686289 0.9095346928 0.3233226836 0.9353050590 0.1555982232 0.3177950084
-149.3 222.0 2329.6 -0.3744302988 0.7081938386 -0.5985511541 0.6295159459 0.6680980325 0.3966796100 0.6808168888 -0.2282686383 -0.6959754229
-36.5 32.3 2124.5 -0.7060179710 0.7081938386 0.0004252171 0.6699620485 0.6680980325 -0.3237219751 -0.2295419872 -0.2282686383 -0.9461521506
-84.1 150.7 2585.0 0.3456745148 0.9372299314 0.0459262133 -0.7768828273 0.3132976592 -0.5461663008 -0.5262719989 0.1531164944 0.8364168406
40.0 -128.3 2396.0 0.1594708115 0.9372299314 0.3101115227 0.0054067653 0.3132976592 -0.9496395588 -0.9871878624 0.1531164944 0.0448944494
-280.3 -143.8 2313.7 0.4144901931 -0.0522768013 -0.9085510373 0.0109122312 0.9985624552 -0.0524776690 0.9099883437 0.0118371584 0.4144648015
-260.0 -531.5 2309.1 0.4270232618 0.1415243149 -0.8930968642 0.0884257853 0.9764065146 0.1970056444 0.8999066949 -0.1630987823 0.4044338763
-237.7 -191.0 2481.0 0.3853779435 -0.1507204026 -0.9103665352 -0.0000484478 0.9865670800 -0.1633566916 0.9227588177 0.0629981682 0.3801938891
-179.2 -573.9 2456.5 0.3810836673 -0.0729907677 -0.9216548204 0.0724819452 0.9961691499 -0.0489222929 0.9216949940 -0.0481598489 0.3849143088
159.0 -153.3 2188.0 0 0 0 0 0 0 0 0 0
74.3 -127.1 2183.6 0 0 0 0 0 0 0 0 0
-312.8 -895.9 2370.0 0 0 0 0 0 0 0 0 0
-158.7 -854.7 2470.1 0 0 0 0 0 0 0 0 0
-38.0 365.7 2495.2 09 0.2147702277 0.3980641663 -0.8918624520 -0.2966701984 0.8966129422 0.3287430108 0.9305163026 0.1939848065 0.3106595576
-116.2 189.6 2457.1 0.2147702277 0.3980641663 -0.8918624520 -0.2966701984 0.8966129422 0.3287430108 0.9305163026 0.1939848065 0.3106595576
-190.0 12.5 2428.2 0.2345391512 0.3803474009 -0.8946101069 -0.2507171333 0.9128129482 0.3223561049 0.9392189980 0.1486889422 0.3094499707
-148.2 223.9 2328.8 -0.3715857565 0.7153300047 -0.5917997956 0.6289238930 0.6628467441 0.4063113630 0.6829192638 -0.2212175429 -0.6961925626
-34.8 31.9 2120.4 -0.6985366940 0.7153300047 -0.0186951328 0.6867657304 0.6628467441 -0.2983069718 -0.2009959221 -0.2212175429 -0.9542868733
-84.1 155.4 2585.4 0.3523626626 0.9348450899 0.0436484441 -0.7804126143 0.3192555010 -0.5376170278 -0.5165235996 0.1553723663 0.8420586586
42.4 -124.9 2399.9 0.1651669443 0.9348450899 0.3143000603 -0.0036589480 0.3192555010 -0.9476616383 -0.9862588644 0.1553723663 0.0561510026
-287.8 -143.4 2313.1 0.4095431566 -0.0717591420 -0.9094641209 0.0164548773 0.9973205328 -0.0712814108 0.9121423364 0.0142276911 0.4096265733
-259.9 -530.5 2307.6 0.4226436913 0.1400467753 -0.8954100609 0.0978340805 0.9751650691 0.1986996531 0.9009999037 -0.1715807766 0.3984460235
-245.0 -190.1 2480.6 0.3774397373 -0.1651696265 -0.9111850858 0.0270286873 0.9855105877 -0.1674464643 0.9256396294 0.0385728106 0.3764351904
-180.9 -572.5 2465.7 0.3759348989 -0.0784039348 -0.9233232141 0.0471413061 0.9967420697 -0.0654445142 0.9254462123 -0.0189237874 0.3784061968
161.2 -160.7 2176.8 0 0 0 0 0 0 0 0 0
78.0 -125.7 2187.5 0 0 0 0 0 0 0 0 0
-312.2 -894.5 2371.7 0 0 0 0 0 0 0 0 0
-158.7 -855.1 2471.0 0 0 0 0 0 0 0 0 0
-35.7 368.6 2496.1 10 0.2069420218 0.3950623572 -0.8950423002 -0.2716595232 0.9020740390 0.3353559077 0.9398809075 0.1737475246 0.2939994633
-113.4 191.2 2461.9 0.2069420218 0.3950623572 -0.8950423002 -0.2716595232 0.9020740390 0.3353559077 0.9398809075 0.1737475246 0.2939994633
-186.6 13.4 2435.2 0.2228813022 0.3770081401 -0.8989931941 -0.2341277003 0.9159005284 0.3260528147 0.9463129044 0.1378081292 0.2924051583
-143.9 223.2 2332.7 -0.3262489438 0.7063701749 -0.6281741858 0.6169916391 0.6625838876 0.4246220589 0.7161584496 -0.2490457296 -0.6519917846
-45.0 36.2 2115.6 -0.7055113912 0.7063701749 -0.0574015081 0.6875596642 0.6625838876 -0.2970593870 -0.1718005687 -0.2490457296 -0.9531320930
-83.0 159.2 2591.1 0.3601732552 0.9322776198 0.0336695500 -0.7885355353 0.3235291243 -0.5230110884 -0.4984846413 0.1618249863 0.8516605496
46.3 -124.0 2412.1 0.1778160632 0.9322776198 0.3150236011 -0.0202815253 0.3235291243 -0.9460008144 -0.9838547111 0.1618249863 0.0764366910
-284.8 -142.3 2315.3 0.3993287385 -0.0646798164 -0.9145234227 0.0108625535 0.9977720976 -0.0658244342 0.9167434573 0.0163515303 0.3991416693
-259.7 -529.6 2308.9 0.4134203196 0.1417874396 -0.8994331360 0.0971230641 0.9752993584 0.1983892322 0.9053456783 -0.1693738401 0.3894377351
-242.8 -187.2 2483.5 0.3693076670 -0.1631886959 -0.9148668051 0.0209713168 0.9856739044 -0.1673532873 0.9290705323 0.0426188931 0.3674392104
-179.5 -569.7 2467.0 0.3679130673 -0.0683250949 -0.9273465872 0.0426034145 0.9974880815 -0.0565906130 0.9288836718 -0.0186877046 0.3698997796
155.3 -159.1 2164.4 0 0 0 0 0 0 0 0 0
84.6 -128.3 2200.3 0 0 0 0 0 0 0 0 0
-312.7 -893.7 2372.2 0 0 0 0 0 0 0 0 0
-159.7 -858.1 2472.4 0 0 0 0 0 0 0 0 0
-35.8 370.2 2495.5 11 0.2187273204 0.3919475079 -0.8936081529 -0.2706317306 0.9042233825 0.3303613067 0.9375056624 0.1695796698 0.3038517833
-113.1 192.0 2462.1 0.2187273204 0.3919475079 -0.8936081529 -0.2706317306 0.9042233825 0.3303613067 0.9375056624 0.1695796698 0.3038517833
-185.6 13.8 2435.9 0.2341063023 0.3735790551 -0.8975705504 -0.2340297103 0.9177328348 0.3209306896 0.9436230063 0.1349262893 0.3022756279
-145.0 223.9 2333.2 -0.2965698242 0.6824906468 -0.6680215597 0.6095762253 0.6737443209 0.4177145362 0.7351620197 -0.2833285034 -0.6158423424
-55.2 39.3 2110.6 -0.7246341705 0.6824906468 -0.0954558551 0.6743641496 0.6737443209 -0.3021614552 -0.1419095248 -0.2833285034 -0.9484654069
-81.1 160.0 2591.0 0.3590774238 0.9321978688 0.0455032960 -0.7860192657 0.3283385038 -0.5238010287 -0.5032266974 0.1523186713 0.8506244421
47.9 -122.3 2410.2 0.1674850434 0.9321978688 0.3208674490 -0.0182366241 0.3283385038 -0.9443840384 -0.9857059121 0.1523186713 0.0719919354
-279.8 -143.4 2323.7 0.4105210304 -0.0501164980 -0.9104728699 -0.0145576810 0.9980010390 -0.0614983179 0.9117349386 0.0385007262 0.4089708328
-260.3 -530.7 2308.7 0.4303552806 0.1414062083 -0.8915147781 0.1017810926 0.9737529755 0.2035824358 0.8969029784 -0.1783521324 0.4046672583
-239.9 -185.3 2493.2 0.3836706281 -0.1535519809 -0.9106144309 -0.0068393098 0.9855795503 -0.1690745652 0.9234446883 0.0710969195 0.3770877421
-180.3 -567.7 2465.6 0.3800976574 -0.0696252957 -0.9223220944 0.0548145063 0.9971058369 -0.0526810810 0.9233207107 -0.0305326749 0.3828140795
150.8 -152.4 2150.9 0 0 0 0 0 0 0 0 0
84.0 -126.2 2198.0 0 0 0 0 0 0 0 0 0
-313.1 -894.2 2375.3 0 0 0 0 0 0 0 0 0
-160.0 -857.8 2474.5 0 0 0 0 0 0 0 0 0
-37.3 369.1 2495.7 12 0.2469410598 0.3865718246 -0.8885844350 -0.2939116657 0.9036661386 0.3114537895 0.9233829379 0.1842546165 0.3367702365
-113.2 191.7 2459.6 0.2469410598 0.3865718246 -0.8885844350 -0.2939116657 0.9036661386 0.3114537895 0.9233829379 0.1842546165 0.3367702365
-184.9 13.4 2432.2 0.2652822435 0.3691502810 -0.8907038569 -0.2496859133 0.9185917377 0.3063432872 0.9312798977 0.1411287785 0.3358577192
-149.4 225.8 2332.4 -0.2871549726 0.6798494458 -0.6747938991 0.6001874804 0.6767300367 0.4263934791 0.7465366721 -0.2825618386 -0.6023635268
-61.7 42.5 2104.5 -0.7253668308 0.6798494458 -0.1079247892 0.6772313118 0.6767300367 -0.2887805104 -0.1232913211 -0.2825618386 -0.9512928128
-77.0 157.6 2586.7 0.3502743542 0.9335205555 0.0764673576 -0.7728741765 0.3341832757 -0.5394321084 -0.5291250944 0.1298495978 0.8385497928
48.8 -119.9 2396.7 0.1370308548 0.9335205555 0.3313033581 0.0021044607 0.3341832757 -0.9425057769 -0.9905645251 0.1298495978 0.0438288637
-279.1 -143.3 2325.2 0.4383006990 -0.0452461243 -0.8976888657 -0.0219542254 0.9978953004 -0.0610160679 0.8985602260 0.0464514494 0.4363848567
-261.5 -530.7 2307.2 0.4585563540 0.1282970458 -0.8793554306 0.1040225700 0.9749718904 0.1964919120 0.8825561404 -0.1815754175 0.4337337613
-237.1 -185.3 2494.2 0.4115517437 -0.1464582235 -0.8995416164 -0.0174108967 0.9855599999 -0.1684289575 0.9112200737 0.0849790499 0.4030589759
-180.3 -567.7 2461.3 0.4071694016 -0.0704306066 -0.9106330872 0.0639509186 0.9967738986 -0.0484987088 0.9111110568 -0.0384886302 0.4103599489
144.5 -150.1 2139.5 0 0 0 0 0 0 0 0 0
78.3 -119.4 2183.5 0 0 0 0 0 0 0 0 0
-309.4 -894.6 2374.9 0 0 0 0 0 0 0 0 0
-160.2 -851.6 2472.2 0 0 0 0 0 0 0 0 0
-40.9 368.1 2495.4 13 0.2632013261 0.3814571798 -0.8861238360 -0.2962078452 0.9060972333 0.3020740151 0.9181426764 0.1829705536 0.3514766097
-115.8 190.1 2459.4 0.2632013261 0.3814571798 -0.8861238360 -0.2962078452 0.9060972333 0.3020740151 0.9181426764 0.1829705536 0.3514766097
-186.6 11.6 2431.5 0.2797767222 0.3646860421 -0.8881042004 -0.2556427717 0.9199470878 0.2972274721 0.9254035950 0.1438800842 0.3506091237
-154.0 225.0 2333.1 -0.2845786512 0.6804962754 -0.6752331257 0.5874064565 0.6804192662 0.4381589592 0.7576071620 -0.2719456255 -0.5933607221
-67.1 45.6 2101.7 -0.7215625048 0.6804962754 -0.1275631040 0.6868561506 0.6804192662 -0.2554568946 -0.0870410800 -0.2719456255 -0.9583681226
-77.6 155.2 2585.8 0.3484065533 0.9328380823 0.0917929932 -0.7658475041 0.3397578597 -0.5459324121 -0.5404539704 0.1199070066 0.8327856064
47.6 -119.8 2391.7 0.1233874038 0.9328380823 0.3385094404 0.0114269173 0.3397578597 -0.9404435158 -0.9922927618 0.1199070066 0.0312623754
-280.3 -142.5 2321.4 0.4496569633 -0.0472522043 -0.8919506073 -0.0043787947 0.9984710813 -0.0551027320 0.8931906223 0.0286829956 0.4487625659
-262.0 -530.1 2310.2 0.4627958834 0.1318854243 -0.8765991926 0.0805438161 0.9785245657 0.1897428930 0.8827981949 -0.1584168822 0.4422346056
-232.8 -187.2 2488.1 0.4214881957 -0.1311891675 -0.8972943425 -0.0036790473 0.9892248511 -0.1463580728 0.9068264365 0.0649893880 0.4164639413
-181.9 -571.1 2462.9 0.4171995521 -0.0816295072 -0.9051415324 0.0587482154 0.9962972999 -0.0627719909 0.9069141150 -0.0269870013 0.4204503894
138.0 -149.6 2126.4 0 0 0 0 0 0 0 0 0
74.1 -117.3 2178.1 0 0 0 0 0 0 0 0 0
-311.2 -895.3 2369.4 0 0 0 0 0 0 0 0 0
-159.1 -849.1 2470.4 0 0 0 0 0 0 0 0 0
-39.0 370.5 2486.2 14 0.2846581042 0.3837955296 -0.8784479499 -0.2860450745 0.9086190462 0.3042854071 0.9149579406 0.1646583974 0.3684285879
-114.3 192.2 2453.9 0.2846581042 0.3837955296 -0.8784479499 -0.2860450745 0.9086190462 0.3042854071 0.9149579406 0.1646583974 0.3684285879
-184.4 13.0 2428.6 0.3004529476 0.3609947264 -0.8828424811 -0.2471920550 0.9234545231 0.2934755087 0.9212079644 0.1300560683 0.3666896820
-155.3 226.0 2328.1 -0.2476628870 0.6469528675 -0.7211900353 0.5947906375 0.6891207099 0.4139284492 0.7647792101 -0.3264423311 -0.5554711223
-81.1 47.6 2098.6 -0.7432850599 0.6469528675 -0.1702329814 0.6654875278 0.6891207099 -0.2867734432 -0.0682178438 -0.3264423311 -0.9427521825
-73.3 158.5 2579.7 0.3428346813 0.9326102138 0.1127059236 -0.7671505809 0.3471950293 -0.5393844843 -0.5421664119 0.0984572843 0.8344829082
49.9 -117.1 2384.9 0.1030361876 0.9326102138 0.3458638191 0.0052975104 0.3471950293 -0.9377779961 -0.9946634769 0.0984572843 0.0308331419
-282.5 -144.1 2320.7 0.4683395624 -0.0553935021 -0.8818104267 -0.0040014340 0.9978895783 -0.0648105592 0.8835394979 0.0338818543 0.4671294987
-260.9 -531.5 2307.5 0.4851056933 0.1337651014 -0.8641639948 0.0989699885 0.9734825492 0.2062443048 0.8688368201 -0.1855765730 0.4590031803
-232.3 -189.9 2486.4 0.4395728111 -0.1366319656 -0.8877541423 0.0084027927 0.9889448881 -0.1480453014 0.8981676698 0.0576170757 0.4358613789
-179.3 -573.7 2464.0 0.4363367260 -0.0805075243 -0.8961745501 0.0542116165 0.9965319633 -0.0631281063 0.8981488347 -0.0210379567 0.4391879439
130.2 -141.6 2118.0 0 0 0 0 0 0 0 0 0
72.0 -115.9 2170.8 0 0 0 0 0 0 0 0 0
-310.9 -894.7 2376.8 0 0 0 0 0 0 0 0 0
-156.9 -851.4 2469.9 0 0 0 0 0 0 0 0 0
-39.9 370.1 2481.6 15 0.3024009466 0.3789062500 -0.8746334910 -0.2765606344 0.9130002856 0.2999077141 0.9121775627 0.1511968076 0.3808827400
-114.1 191.2 2451.9 0.3024009466 0.3789062500 -0.8746334910 -0.2765606344 0.9130002856 0.2999077141 0.9121775627 0.1511968076 0.3808827400
-183.4 11.4 2428.4 0.3162909150 0.3568914533 -0.8789701462 -0.2418402284 0.9262577295 0.2890673578 0.9173185825 0.1211409718 0.3792776167
-157.3 224.3 2326.7 -0.2222476602 0.6493971944 -0.7272477150 0.5864949822 0.6849045753 0.4323532879 0.7788643241 -0.3304376304 -0.5330865979
-91.0 49.2 2094.3 -0.7390668392 0.6493971944 -0.1790629625 0.6707571149 0.6849045753 -0.2845884264 -0.0621698871 -0.3304376304 -0.9417780638
-70.9 158.2 2577.2 0.3394780755 0.9317029715 0.1291676015 -0.7668649554 0.3536668420 -0.5355724692 -0.5446767807 0.0827610046 0.8345524669
51.0 -117.3 2381.6 0.0876057222 0.9317029715 0.3524980247 0.0023187888 0.3536668420 -0.9353685975 -0.9961525202 0.0827610046 0.0288228169
-281.3 -144.1 2320.9 0.4823966324 -0.0563908070 -0.8741359115 -0.0048673432 0.9977377057 -0.0670504719 0.8759393692 0.0365996398 0.4810308516
-259.4 -531.5 2306.6 0.5011879802 0.1317776442 -0.8552457094 0.1091135442 0.9708243012 0.2135284990 0.8584316373 -0.2003368139 0.4721867442
-227.5 -188.4 2485.8 0.4555574059 -0.1245667785 -0.8814479709 -0.0017567310 0.9900336266 -0.1408201009 0.8902046680 0.0657001063 0.4507983327
-179.2 -572.7 2460.3 0.4512676001 -0.0749236345 -0.8892378807 0.0717488378 0.9962894917 -0.0475325063 0.8894996643 -0.0423519090 0.4549688399
119.5 -141.8 2112.0 0 0 0 0 0 0 0 0 0
69.9 -116.8 2167.1 0 0 0 0 0 0 0 0 0
-308.6 -893.7 2381.4 0 0 0 0 0 0 0 0 0
-157.9 -855.0 2472.3 0 0 0 0 0 0 0 0 0
-41.8 370.9 2479.3 16 0.3233375847 0.3664345145 -0.8724554777 -0.2783172131 0.9180270433 0.2824285924 0.9044292569 0.1514995992 0.3988176882
-113.7 190.7 2449.5 0.3233375847 0.3664345145 -0.8724554777 -0.2783172131 0.9180270433 0.2824285924 0.9044292569 0.1514995992 0.3988176882
-180.9 10.1 2426.3 0.3371869922 0.3461026251 -0.8755100965 -0.2423871607 0.9305353761 0.2745039165 0.9096996188 0.1196532547 0.3976552486
-159.7 223.8 2325.3 -0.2050756961 0.6505155563 -0.7312820554 0.5904003382 0.6781372428 0.4376725852 0.7806224227 -0.3419931531 -0.5231341124
-98.6 47.7 2092.5 -0.7354955673 0.6505155563 -0.1894090176 0.6747786999 0.6781372428 -0.2912104428 -0.0609916113 -0.3419931531 -0.9377210140
-67.6 157.6 2573.8 0.3396202028 0.9280844331 0.1527003050 -0.7589722872 0.3663060069 -0.5383131504 -0.5555350780 0.0669267252 0.8287952542
54.4 -115.0 2374.2 0.0683991686 0.9280844331 0.3660339117 0.0089735808 0.3663060069 -0.9304511547 -0.9976176620 0.0669267252 0.0167267844
-280.9 -146.7 2322.7 0.4991327822 -0.0612353720 -0.8643591404 -0.0030002128 0.9973717928 -0.0723911300 0.8665203452 0.0387260504 0.4976372421
-257.2 -533.9 2307.7 0.5170841813 0.1465003639 -0.8433039784 0.0978390500 0.9686692357 0.2282705009 0.8503243327 -0.2005431205 0.4865500629
-224.3 -190.0 2487.0 0.4731770158 -0.1177491024 -0.8730627894 -0.0052947928 0.9906293750 -0.1364748180 0.8809514642 0.0691994354 0.4681195915
-178.6 -574.6 2460.2 0.4688260257 -0.0738646984 -0.8801966310 0.0731246844 0.9963223338 -0.0446608067 0.8802584410 -0.0434259549 0.4725031853
110.7 -144.3 2109.8 0 0 0 0 0 0 0 0 0
69.1 -113.1 2159.4 0 0 0 0 0 0 0 0 0
-311.8 -895.4 2382.5 0 0 0 0 0 0 0 0 0
-158.1 -851.0 2472.2 0 0 0 0 0 0 0 0 0
-42.5 371.7 2470.1 17 0.3505249918 0.3595726788 -0.8647772670 -0.2612505555 0.9242497683 0.2784070671 0.8993777633 0.1283348948 0.4179112017
-113.3 189.9 2444.9 0.3505249918 0.3595726788 -0.8647772670 -0.2612505555 0.9242497683 0.2784070671 0.8993777633 0.1283348948 0.4179112017
-178.5 8.1 2425.6 0.3636350334 0.3361675739 -0.8687697649 -0.2261865586 0.9365687370 0.2677287757 0.9036642909 0.0991484821 0.4166057706
-162.9 220.7 2321.5 -0.1870620996 0.6548513174 -0.7322414517 0.5875129104 0.6719743013 0.4508647919 0.7872968316 -0.3458615839 -0.5104345679
-108.3 49.3 2091.8 -0.7324885130 0.6548513174 -0.1860921532 0.6770120263 0.6719743013 -0.3001753092 -0.0715210512 -0.3458615839 -0.9355556965
-63.6 159.0 2568.3 0.3358755410 0.9243072271 0.1812285483 -0.7613437772 0.3796987236 -0.5255326033 -0.5545657873 0.0385363214 0.8312470913
57.0 -114.5 2369.0 0.0428578444 0.9243072271 0.3792352378 -0.0029314496 0.3796987236 -0.9251055717 -0.9990769029 0.0385363214 0.0189826284
-278.2 -148.8 2321.5 0.5217521787 -0.0528078601 -0.8514611125 0.0045987992 0.9982419014 -0.0590932257 0.8530846834 0.0269163214 0.5210777521
-257.7 -536.3 2311.1 0.5339961052 0.1405933201 -0.8337155581 0.0788901374 0.9734901786 0.2146933973 0.8417983651 -0.1804173738 0.5087485313
-217.8 -192.2 2484.5 0.4970129132 -0.1020522267 -0.8617212772 -0.0001042263 0.9930532575 -0.1176657677 0.8677431345 0.0585712194 0.4935496449
-178.2 -577.7 2461.8 0.4932257533 -0.0719825625 -0.8669180274 0.0687218606 0.9966801405 -0.0436583348 0.8671826124 -0.0380428098 0.4965350628
99.2 -142.5 2112.1 0 0 0 0 0 0 0 0 0
66.3 -115.1 2154.0 0 0 0 0 0 0 0 0 0
-310.2 -899.6 2378.4 0 0 0 0 0 0 0 0 0
-158.4 -852.5 2472.2 0 0 0 0 0 0 0 0 0
-40.7 375.6 2473.0 18 0.3319464922 0.3531216979 -0.8747094274 -0.2448383421 0.9277617335 0.2816244662 0.9109696746 0.1206781566 0.3944249749
-110.8 191.5 2449.1 0.3319464922 0.3531216979 -0.8747094274 -0.2448383421 0.9277617335 0.2816244662 0.9109696746 0.1206781566 0.3944249749
-175.4 9.4 2431.1 0.3438780010 0.3332143724 -0.8779043555 -0.2123981565 0.9382920265 0.2729378641 0.9146775007 0.0926079378 0.3934321105
-157.7 220.5 2324.2 -0.1364022046 0.6430033445 -0.7536187172 0.5863136053 0.6655854583 0.4617708921 0.7985178828 -0.3788703382 -0.4677889347
-118.0 49.8 2091.7 -0.7371967435 0.6430033445 -0.2075756937 0.6719755530 0.6655854583 -0.3247227371 -0.0706384480 -0.3788703382 -0.9227499366
-63.8 162.5 2574.0 0.3484562933 0.9230060577 0.1632114649 -0.7691529393 0.3810862601 -0.5130077600 -0.5357069373 0.0532262027 0.8427248001
61.3 -113.7 2381.6 0.0647705570 0.9230060577 0.3792948127 -0.0175219253 0.3810862601 -0.9243734479 -0.9977463484 0.0532262027 0.0408560112
-276.2 -153.4 2325.4 0.5041322708 -0.0457374789 -0.8624144793 -0.0069383462 0.9983499050 -0.0570025817 0.8635985851 0.0347205698 0.5029830337
-258.5 -541.0 2311.9 0.5167765021 0.1359069645 -0.8452640772 0.0720836893 0.9769059420 0.2011436224 0.8530802727 -0.1648760587 0.4950453639
-211.1 -193.9 2487.2 0.4809023738 -0.0896069929 -0.8721831441 -0.0181104112 0.9935363531 -0.1120603457 0.8765870929 0.0696856827 0.4761711955
-176.3 -579.5 2460.2 0.4773899317 -0.0610598698 -0.8765674829 0.0694400370 0.9970843196 -0.0316368863 0.8759434819 -0.0457657501 0.4802380204
91.3 -141.0 2111.7 0 0 0 0 0 0 0 0 0
75.3 -117.5 2166.8 0 0 0 0 0 0 0 0 0
-309.2 -905.5 2373.5 0 0 0 0 0 0 0 0 0
-159.6 -853.0 2472.7 0 0 0 0 0 0 0 0 0
-43.0 374.6 2468.0 19 0.3513036966 0.3493804038 -0.8686305881 -0.2379166335 0.9306232929 0.2780935466 0.9055282474 0.1089663729 0.4100548029
-112.2 190.4 2446.4 0.3513036966 0.3493804038 -0.8686305881 -0.2379166335 0.9306232929 0.2780935466 0.9055282474 0.1089663729 0.4100548029
-175.9 7.8 2430.3 0.3625346124 0.3285154104 -0.8721503615 -0.2069116235 0.9408302903 0.2683764398 0.9087113142 0.0831623003 0.4090572000
-161.7 218.7 2322.3 -0.1115671247 0.6392783523 -0.7608389854 0.5832190514 0.6620208025 0.4707270861 0.8046168685 -0.3912181258 -0.4466990829
-129.7 51.5 2091.8 -0.7421868443 0.6392783523 -0.2012010366 0.6643043160 0.6620208025 -0.3470276892 -0.0886480212 -0.3912181258 -0.9160184860
-62.7 162.2 2570.5 0.3435269296 0.9212132096 0.1826346964 -0.7686210871 0.3875284493 -0.5089629889 -0.5396395922 0.0344656073 0.8411903977
60.7 -113.9 2376.7 0.0460073538 0.9212132096 0.3863282204 -0.0205423683 0.3875284493 -0.9216288328 -0.9987298846 0.0344656073 0.0367530584
-270.9 -153.7 2331.2 0.5214091539 -0.0260003861 -0.8529105783 -0.0265846308 0.9985554814 -0.0466922335 0.8528925776 0.0470200703 0.5199648142
-260.8 -541.2 2313.0 0.5350927114 0.1143259332 -0.8370217085 0.0693677664 0.9815086722 0.1784064472 0.8419405818 -0.1535263211 0.5172675848
-209.3 -191.7 2495.0 0.5001150370 -0.0802072063 -0.8622364998 -0.0415766947 0.9923290014 -0.1164240539 0.8649603128 0.0940743610 0.4929438829
-178.2 -576.8 2458.5 0.4954640269 -0.0687957704 -0.8658998609 0.0759993792 0.9964691997 -0.0356830023 0.8652973175 -0.0481282100 0.4989430606
80.3 -136.4 2116.9 0 0 0 0 0 0 0 0 0
70.6 -118.3 2161.7 0 0 0 0 0 0 0 0 0
-303.5 -907.5 2370.3 0 0 0 0 0 0 0 0 0
-159.2 -852.6 2471.8 0 0 0 0 0 0 0 0 0
-41.4 375.5 2465.0 20 0.3674051762 0.3460715413 -0.8632774353 -0.2318492681 0.9329712987 0.2753369510 0.9006993771 0.0989900231 0.4230149090
-110.0 190.6 2445.4 0.3674051762 0.3460715413 -0.8632774353 -0.2318492681 0.9329712987 0.2753369510 0.9006993771 0.0989900231 0.4230149090
-173.4 7.8 2430.4 0.3771426082 0.3268715739 -0.8665555120 -0.2047196180 0.9419264197 0.2662039101 0.9032459855 0.0770040601 0.4221576154
-161.5 218.6 2322.0 -0.0825744942 0.6318467259 -0.7706822753 0.5915848613 0.6534103751 0.4723157883 0.8020029664 -0.4169227481 -0.4277459979
-137.9 49.6 2092.9 -0.7505484819 0.6318467259 -0.1935113668 0.6500779986 0.6534103751 -0.3878833354 -0.1186404824 -0.4169227481 -0.9011658430
-58.5 162.7 2568.7 0.3375400007 0.9204300642 0.1971681565 -0.7682004571 0.3904054463 -0.5073969364 -0.5439988971 0.0198021010 0.8388522267
62.8 -113.3 2373.3 0.0306414999 0.9204300642 0.3897045553 -0.0215549208 0.3904054463 -0.9203906655 -0.9992979765 0.0198021010 0.0318024047
-272.2 -156.3 2332.8 0.5345365405 -0.0307080261 -0.8445872664 -0.0223961622 0.9984740615 -0.0504775941 0.8448485732 0.0458976328 0.5330331326
-260.2 -543.9 2314.9 0.5476278663 0.1230238155 -0.8276284933 0.0648952052 0.9799075723 0.1885995865 0.8342016339 -0.1569914967 0.5286409855
-207.2 -193.3 2495.5 0.5128251314 -0.0751562938 -0.8551970124 -0.0301748682 0.9939670563 -0.1054462418 0.8579626083 0.0798809379 0.5074634552
-178.1 -579.1 2464.5 0.5089462399 -0.0673222616 -0.8581616879 0.0547394678 0.9974504113 -0.0457852818 0.8590560555 -0.0236730650 0.5113337636
73.5 -133.5 2126.3 0 0 0 0 0 0 0 0 0
69.4 -117.9 2158.2 0 0 0 0 0 0 0 0 0
-306.1 -909.6 2373.5 0 0 0 0 0 0 0 0 0
-159.6 -853.2 2471.0 0 0 0 0 0 0 0 0 0
-43.2 378.0 2463.5 21 0.3967275918 0.3333349824 -0.8552747965 -0.2323660105 0.9378583431 0.2577358484 0.8880389929 0.0964858755 0.4495300055
-109.4 191.9 2444.3 0.3967275918 0.3333349824 -0.8552747965 -0.2323660105 0.9378583431 0.2577358484 0.8880389929 0.0964858755 0.4495300055
-170.7 8.4 2429.2 0.4050067961 0.3158234358 -0.8580355644 -0.2083443552 0.9456372261 0.2497256547 0.8902595639 0.0776262805 0.4487895370
-164.7 220.4 2322.8 -0.0553475395 0.5727437735 -0.8178638220 0.5797533989 0.6853272319 0.4406955838 0.8129099607 -0.4497679174 -0.3699813187
-149.3 59.1 2096.7 -0.7933461070 0.5727437735 -0.2063165605 0.6015143394 0.6853272319 -0.4104961753 -0.0937147737 -0.4497679174 -0.8882152438
-54.1 163.5 2565.9 0.3326202929 0.9151985049 0.2275422662 -0.7579751015 0.4029990733 -0.5128991008 -0.5611037612 -0.0018707355 0.8277433515
65.4 -108.7 2364.4 0.0029453204 0.9151985049 0.4029926360 -0.0113304490 0.4029990733 -0.9151302576 -0.9999314547 -0.0018707355 0.0115565704
-270.6 -156.7 2334.6 0.5583078265 -0.0255953465 -0.8292389512 -0.0272314735 0.9984200597 -0.0491516367 0.8291867971 0.0500231422 0.5567287207
-260.7 -544.3 2315.2 0.5701074600 0.1213545650 -0.8125580549 0.0530142002 0.9815354347 0.1837869883 0.8198578954 -0.1478554457 0.5531471372
-203.1 -193.4 2496.4 0.5372889638 -0.0648876056 -0.8408983946 -0.0359915495 0.9943637252 -0.0997263640 0.8426299095 0.0838471130 0.5319252610
-177.9 -579.3 2463.8 0.5329755545 -0.0711396560 -0.8431347609 0.0573417023 0.9972052574 -0.0478916503 0.8441854119 -0.0228217039 0.5355652571
72.7 -109.2 2122.9 0 0 0 0 0 0 0 0 0
66.0 -111.2 2149.1 0 0 0 0 0 0 0 0 0
-306.0 -910.6 2370.3 0 0 0 0 0 0 0 0 0
-158.5 -851.7 2470.0 0 0 0 0 0 0 0 0 0
-46.0 376.5 2454.2 22 0.4123521745 0.3364165425 -0.8466342688 -0.2268627286 0.9379643202 0.2622140050 0.8823258877 0.0839452520 0.4630920291
-112.7 190.6 2437.6 0.4123521745 0.3364165425 -0.8466342688 -0.2268627286 0.9379643202 0.2622140050 0.8823258877 0.0839452520 0.4630920291
-173.4 6.7 2425.7 0.4228049815 0.3129227161 -0.8504794836 -0.1965061277 0.9478189349 0.2510470152 0.8846588731 0.0609805025 0.4622338116
-170.4 217.5 2316.8 -0.0194578581 0.4749923348 -0.8797748089 0.5872352719 0.7175973654 0.3744446039 0.8091823459 -0.5093489289 -0.2928951681
-165.2 60.6 2100.6 -0.8602008820 0.4749923348 -0.1855714470 0.5006866455 0.7175973654 -0.4841145575 -0.0967851281 -0.5093489289 -0.8551002145
-54.9 163.8 2558.4 0.3410332501 0.9079941511 0.2433987260 -0.7576452494 0.4187593162 -0.5006139278 -0.5564799905 -0.0136839040 0.8307483196
66.7 -106.5 2359.9 -0.0028233551 0.9079941511 0.4189733267 -0.0265437383 0.4187593162 -0.9077092409 -0.9996436834 -0.0136839040 0.0229192525
-268.2 -156.5 2334.4 0.5743874311 -0.0207491703 -0.8183205724 -0.0273637753 0.9986333251 -0.0445280522 0.8181260824 0.0479686968 0.5730346441
-260.2 -544.2 2315.8 0.5847914219 0.1309203207 -0.8005490899 0.0402864590 0.9809848070 0.1898572147 0.8101826906 -0.1432781667 0.5683972239
-195.7 -193.8 2493.8 0.5547403693 -0.0447329879 -0.8308200836 -0.0483637452 0.9951316118 -0.0858724192 0.8306166530 0.0878184736 0.5498762131
-178.3 -580.0 2459.7 0.5493922830 -0.0775231346 -0.8319604993 0.0731592476 0.9963257313 -0.0445275567 0.8323556185 -0.0364025049 0.5530452132
72.6 -77.9 2127.4 0 0 0 0 0 0 0 0 0
66.1 -112.0 2149.8 0 0 0 0 0 0 0 0 0
-309.0 -910.4 2369.3 0 0 0 0 0 0 0 0 0
-156.8 -856.6 2469.9 0 0 0 0 0 0 0 0 0
-45.8 377.8 2448.1 23 0.4047563970 0.3378295004 -0.8497313857 -0.2201586664 0.9379202724 0.2680217922 0.8875260353 0.0785922036 0.4540053308
-112.6 192.2 2432.5 0.4047563970 0.3378295004 -0.8497313857 -0.2201586664 0.9379202724 0.2680217922 0.8875260353 0.0785922036 0.4540053308
-172.9 7.9 2422.3 0.4166181982 0.3102799952 -0.8544914126 -0.1856206506 0.9491820931 0.2541620135 0.8899293542 0.0527227260 0.4530408978
-169.5 217.5 2311.0 0.0169044714 0.4238142967 -0.9055913687 0.6018555164 0.7189412713 0.3476972580 0.7984260917 -0.5509127975 -0.2429216504
-173.9 61.9 2104.6 -0.8891105652 0.4238142967 -0.1728115082 0.4462727904 0.7189412713 -0.5328827500 -0.1016020104 -0.5509127975 -0.8283550739
-55.7 166.8 2554.1 0.3443957269 0.9074806571 0.2405628711 -0.7612407804 0.4198946655 -0.4941669703 -0.5494580269 -0.0129372766 0.8354211450
67.4 -105.3 2357.6 -0.0005390015 0.9074806571 0.4200935662 -0.0296323374 0.4198946655 -0.9070889950 -0.9995607138 -0.0129372766 0.0266644470
-271.9 -159.7 2334.7 0.5685511231 -0.0311637782 -0.8220574856 -0.0258465782 0.9981122017 -0.0557139255 0.8222418427 0.0529235862 0.5666723251
-259.8 -547.2 2314.1 0.5837963223 0.1342986673 -0.8007157445 0.0662888363 0.9750473499 0.2118688673 0.8091894984 -0.1767667681 0.5603265762
-196.2 -194.9 2493.1 0.5490223765 -0.0472328626 -0.8344720006 -0.0463423394 0.9951457977 -0.0868172571 0.8345218897 0.0863360018 0.5441684127
-177.9 -581.2 2459.6 0.5437298417 -0.0766815841 -0.8357498050 0.0756591111 0.9962410331 -0.0421839468 0.8358430266 -0.0402954146 0.5474876761
71.0 -61.0 2132.6 0 0 0 0 0 0 0 0 0
67.3 -111.3 2155.4 0 0 0 0 0 0 0 0 0
-309.9 -910.9 2380.1 0 0 0 0 0 0 0 0 0
-156.7 -856.8 2470.7 0 0 0 0 0 0 0 0 0
-47.9 377.7 2447.0 24 0.3884454370 0.3333159685 -0.8590754271 -0.2214035690 0.9387359023 0.2641123831 0.8944778442 0.0876091123 0.4384450316
-113.7 192.5 2429.7 0.3884454370 0.3333159685 -0.8590754271 -0.2214035690 0.9387359023 0.2641123831 0.8944778442 0.0876091123 0.4384450316
-172.9 8.0 2418.0 0.4004623294 0.3049772680 -0.8640710711 -0.1858371496 0.9504213333 0.2493268549 0.8972705603 0.0607304834 0.4372840226
-168.4 217.9 2307.2 0.0294138324 0.4022230208 -0.9150691032 0.6125770211 0.7161518335 0.3344785571 0.7898634076 -0.5703886151 -0.2253278047
-175.9 61.6 2105.7 -0.9030079246 0.4022230208 -0.1509746611 0.4130533040 0.7161518335 -0.5625953078 -0.1181679964 -0.5703886151 -0.8128303289
-59.0 167.1 2552.3 0.3569539785 0.9057835340 0.2283419222 -0.7575805783 0.4237194061 -0.4965214133 -0.5464938283 0.0042478656 0.8374523520
68.8 -104.0 2356.7 0.0156863611 0.9057835340 0.4234502316 -0.0235115029 0.4237194061 -0.9054883122 -0.9996004701 0.0042478656 0.0279429480
-270.4 -159.7 2332.4 0.5527933836 -0.0248123333 -0.8329488635 -0.0205321144 0.9988476038 -0.0433805212 0.8330653906 0.0410826653 0.5516468883
-260.8 -547.4 2316.4 0.5629162192 0.1136082336 -0.8186687231 0.0534817576 0.9834254384 0.1732458621 0.8247818351 -0.1413067430 0.5475101471
-195.8 -192.9 2491.8 0.5332472324 -0.0497361384 -0.8444961309 -0.0453794748 0.9951511621 -0.0872632265 0.8447414041 0.0848556682 0.5284045935
-176.5 -579.2 2458.8 0.5292338133 -0.0653078184 -0.8459588885 0.0754873604 0.9967037439 -0.0297202244 0.8451113701 -0.0481302552 0.5324192047
71.3 -51.5 2138.0 0 0 0 0 0 0 0 0 0
71.9 -108.7 2158.4 0 0 0 0 0 0 0 0 0
-303.1 -914.1 2369.1 0 0 0 0 0 0 0 0 0
-158.3 -856.6 2472.2 0 0 0 0 0 0 0 0 0
-48.4 374.6 2447.5 25 0.3811478615 0.3342612982 -0.8619719744 -0.2298789322 0.9373348355 0.2618378401 0.8954786658 0.0983502716 0.4341028035
-114.3 189.9 2428.1 0.3811478615 0.3342612982 -0.8619719744 -0.2298789322 0.9373348355 0.2618378401 0.8954786658 0.0983502716 0.4341028035
-173.8 5.6 2414.7 0.3937498331 0.3068583608 -0.8664866090 -0.1927961260 0.9492371082 0.2485530376 0.8987717628 0.0691875517 0.4329230189
-168.0 216.2 2305.4 0.0313205607 0.3953610063 -0.9179916382 0.6154608130 0.7160409093 0.3293834329 0.7875449657 -0.5753043294 -0.2209023982
-175.8 64.1 2110.7 -0.9062643647 0.3953610063 -0.1495811939 0.4060892761 0.7160409093 -0.5677824616 -0.1173727959 -0.5753043294 -0.8094742298
-60.5 163.6 2550.9 0.3583066761 0.9068805575 0.2217746377 -0.7543281317 0.4211826921 -0.5035814047 -0.5500957966 0.0131457215 0.8349980712
67.8 -106.6 2353.9 0.0214513429 0.9068805575 0.4208414257 -0.0149877630 0.4211826921 -0.9068519473 -0.9996575713 0.0131457215 0.0226270463
-267.9 -159.8 2325.8 0.5465838909 -0.0214095432 -0.8371306062 -0.0119340383 0.9993724227 -0.0333508998 0.8373193145 0.0282194149 0.5459854007
-259.6 -547.8 2314.9 0.5576198697 0.1240974963 -0.8207678795 0.0626522377 0.9796499014 0.1906851381 0.8277286887 -0.1577527672 0.5384972692
-196.2 -193.1 2486.5 0.5264823437 -0.0566162392 -0.8482988477 -0.0379212275 0.9952234030 -0.0899572894 0.8493399620 0.0795294568 0.5218206048
-174.2 -579.5 2455.7 0.5234572887 -0.0565572567 -0.8501727581 0.0786286369 0.9967433214 -0.0178955812 0.8484161496 -0.0574803576 0.5261995792
69.4 -45.8 2142.5 0 0 0 0 0 0 0 0 0
72.1 -109.5 2157.5 0 0 0 0 0 0 0 0 0
-305.9 -913.2 2373.7 0 0 0 0 0 0 0 0 0
-158.6 -854.5 2471.5 0 0 0 0 0 0 0 0 0
-47.9 378.5 2438.7 26 0.4091422260 0.3355602026 -0.8485293388 -0.2171876431 0.9390120506 0.2666194439 0.8862460852 0.0752048120 0.4570689797
-114.0 193.4 2423.9 0.4091422260 0.3355602026 -0.8485293388 -0.2171876431 0.9390120506 0.2666194439 0.8862460852 0.0752048120 0.4570689797
-173.8 9.0 2414.4 0.4209443033 0.3082564771 -0.8531025052 -0.1825587302 0.9500323534 0.2532011867 0.8885258436 0.0491577163 0.4561856091
-171.5 218.3 2302.6 0.0102102486 0.3810136914 -0.9245130420 0.6380015016 0.7094368935 0.2994217575 0.7699674368 -0.5928978324 -0.2358437777
-174.0 63.7 2116.0 -0.9120709300 0.3810136914 -0.1515097767 0.3934909403 0.7094368935 -0.5846915245 -0.1152888462 -0.5928978324 -0.7969821692
-56.5 168.4 2545.2 0.3415651917 0.9067840576 0.2471354753 -0.7603062987 0.4211676717 -0.4945220947 -0.5525102019 -0.0189871266 0.8332898617
65.8 -103.9 2347.3 -0.0092425877 0.9067840576 0.4214941263 -0.0251663923 0.4211676717 -0.9066335559 -0.9996405244 -0.0189871266 0.0189278033
-268.6 -161.3 2320.8 0.5716183186 -0.0255063623 -0.8201231360 0.0027439173 0.9995705485 -0.0291748084 0.8205150366 0.0144265052 0.5714428425
-258.7 -549.3 2315.2 0.5805624723 0.1373338550 -0.8025500774 0.0594541505 0.9758908749 0.2100052088 0.8120421171 -0.1696360856 0.5584005713
-198.1 -195.9 2481.8 0.5512263775 -0.0644986778 -0.8318589926 -0.0148769608 0.9960893393 -0.0870904997 0.8342230916 0.0603821166 0.5481112003
-173.1 -582.5 2458.3 0.5484796166 -0.0559203774 -0.8342919350 0.0679397509 0.9974426031 -0.0221910309 0.8333992362 -0.0445102565 0.5508761406
71.4 -42.2 2147.0 0 0 0 0 0 0 0 0 0
64.0 -108.8 2152.1 0 0 0 0 0 0 0 0 0
-310.0 -913.5 2378.4 0 0 0 0 0 0 0 0 0
-157.8 -854.7 2470.5 0 0 0 0 0 0 0 0 0
-49.9 378.1 2426.9 27 0.4361062050 0.3330374360 -0.8360008597 -0.1978043616 0.9417538047 0.2719800770 0.8778865933 0.0467524193 0.4765809476
-115.0 194.0 2417.7 0.4361062050 0.3330374360 -0.8360008597 -0.1978043616 0.9417538047 0.2719800770 0.8778865933 0.0467524193 0.4765809476
-174.8 9.4 2412.6 0.4459728599 0.3081225455 -0.8403384686 -0.1686774343 0.9509869218 0.2591752708 0.8790085912 0.0261610057 0.4760876596
-175.9 217.0 2297.7 -0.0511509813 0.3717273474 -0.9269316792 0.6632054448 0.7065873146 0.2467649281 0.7466874123 -0.6021238565 -0.2826742530
-163.7 58.4 2119.1 -0.9182810783 0.3717273474 -0.1363035291 0.3750966489 0.7065873146 -0.6000307202 -0.1267374903 -0.6021238565 -0.7882794142
-54.1 170.9 2537.7 0.3269285262 0.9053008556 0.2711974680 -0.7681354880 0.4217215180 -0.4817871451 -0.5505321622 -0.0508064404 0.8332664967
63.0 -104.3 2340.5 -0.0375147574 0.9053008556 0.4231110811 -0.0397616103 0.4217215180 -0.9058531523 -0.9985046983 -0.0508064404 0.0201754402
-271.2 -159.1 2325.3 0.5949047208 -0.0348017812 -0.8030424714 -0.0004483512 0.9990477562 -0.0436282866 0.8037961125 0.0263147186 0.5943226218
-257.7 -546.9 2315.1 0.6033020616 0.1442084908 -0.7843663096 0.0507558808 0.9745790362 0.2182190865 0.7958959937 -0.1714632213 0.5806460977
-195.8 -191.8 2484.4 0.5752803087 -0.0589851290 -0.8158267736 -0.0153815364 0.9964399934 -0.0828899443 0.8178117275 0.0602336228 0.5723250508
-173.0 -578.6 2461.0 0.5722788572 -0.0612976141 -0.8177649379 0.0604989789 0.9976409078 -0.0324429646 0.8178244233 -0.0309075210 0.5746372342
82.3 -42.1 2153.0 0 0 0 0 0 0 0 0 0
55.7 -112.0 2146.0 0 0 0 0 0 0 0 0 0
-311.6 -910.6 2379.1 0 0 0 0 0 0 0 0 0
-156.1 -852.8 2469.5 0 0 0 0 0 0 0 0 0
-49.5 378.6 2419.9 28 0.4548838735 0.3337251246 -0.8256562352 -0.1934665591 0.9420197010 0.2741707861 0.8692820668 0.0350210071 0.4930742085
-115.0 193.6 2413.0 0.4548838735 0.3337251246 -0.8256562352 -0.1934665591 0.9420197010 0.2741707861 0.8692820668 0.0350210071 0.4930742085
-174.4 8.8 2410.8 0.4660975635 0.3062090874 -0.8300536275 -0.1602790803 0.9518970251 0.2611564100 0.8700940609 0.0113158654 0.4927558005
-178.7 215.5 2294.2 -0.1148097888 0.3719678521 -0.9211181402 0.6816387773 0.7040128112 0.1993352622 0.7226253152 -0.6049841642 -0.3343752623
-151.1 52.0 2121.0 -0.9208055139 0.3719678521 -0.1172909439 0.3622053862 0.7040128112 -0.6108790636 -0.1446530372 -0.6049841642 -0.7829876542
-51.4 171.7 2531.8 0.3162691593 0.9028608799 0.2912319601 -0.7718597054 0.4233800769 -0.4743225574 -0.5515490770 -0.0747766122 0.8307840228
61.9 -104.9 2334.2 -0.0600849241 0.9028608799 0.4257135689 -0.0479639098 0.4233800769 -0.9046815634 -0.9970402718 -0.0747766122 0.0178659800
-274.4 -160.0 2328.9 0.6130040288 -0.0430868231 -0.7889040709 0.0042484063 0.9986771941 -0.0512426533 0.7900683880 0.0280603673 0.6123761535
-257.7 -547.7 2318.0 0.6165985465 0.1433977038 -0.7741081119 0.0275935363 0.9787313938 0.2032816559 0.7867940068 -0.1467035562 0.5995275378
-194.5 -190.3 2486.2 0.5938854814 -0.0611576028 -0.8022217751 -0.0118531436 0.9963333607 -0.0847306475 0.8044623137 0.0598291494 0.5909829736
-170.8 -577.1 2463.0 0.5915879607 -0.0545359366 -0.8043938875 0.0533731207 0.9981701374 -0.0284204632 0.8044718504 -0.0261198077 0.5934162140
94.1 -44.4 2159.5 0 0 0 0 0 0 0 0 0
50.2 -114.2 2140.2 0 0 0 0 0 0 0 0 0
-311.2 -912.9 2372.7 0 0 0 0 0 0 0 0 0
-155.8 -852.1 2470.2 0 0 0 0 0 0 0 0 0
-46.5 375.4 2416.4 29 0.4693637490 0.3342526257 -0.8172960877 -0.1953839511 0.9419557452 0.2730284035 0.8611171842 0.0315369070 0.5074274540
-112.3 190.1 2410.2 0.4693637490 0.3342526257 -0.8172960877 -0.1953839511 0.9419557452 0.2730284035 0.8611171842 0.0315369070 0.5074274540
-172.0 5.4 2408.1 0.4795819223 0.3076968491 -0.8217809200 -0.1652463526 0.9514185190 0.2598007917 0.8617974520 0.0112005426 0.5071288943
-177.8 212.6 2292.5 -0.1787583232 0.3784753978 -0.9081860185 0.6858906746 0.7097243071 0.1607649922 0.7054073215 -0.5941781998 -0.3864618540
-133.8 43.9 2119.0 -0.9199350476 0.3784753978 -0.1023520678 0.3594044447 0.7097243071 -0.6059041023 -0.1566780359 -0.5941781998 -0.7889260054
-46.8 167.5 2527.9 0.3062907457 0.9021798372 0.3037392795 -0.7694526911 0.4224956334 -0.4789989591 -0.5604717135 -0.0870000422 0.8235911727
62.9 -108.2 2327.1 -0.0760394633 0.9021798372 0.4246051908 -0.0427627638 0.4224956334 -0.9053556323 -0.9961873889 -0.0870000422 0.0064533609
-275.5 -161.6 2330.7 0.6246307492 -0.0540852435 -0.7790451050 0.0163583439 0.9982860684 -0.0561900996 0.7807489038 0.0223541744 0.6244449019
-254.5 -549.1 2322.1 0.6239336729 0.1510955095 -0.7667313218 0.0117973620 0.9791976810 0.2025652826 0.7813882232 -0.1354327202 0.6091719270
-192.0 -190.3 2486.5 0.6068843007 -0.0514823869 -0.7931210399 -0.0231560115 0.9963309765 -0.0823916048 0.7944527864 0.0683676973 0.6034654975
-172.0 -577.1 2460.0 0.6044854522 -0.0539138466 -0.7947896719 0.0642846599 0.9977546930 -0.0187894404 0.7940181494 -0.0397348441 0.6065940261
110.1 -51.4 2160.5 0 0 0 0 0 0 0 0 0
48.2 -116.5 2133.4 0 0 0 0 0 0 0 0 0
-310.9 -914.5 2372.6 0 0 0 0 0 0 0 0 0
-157.0 -854.3 2471.0 0 0 0 0 0 0 0 0 0
-46.2 373.7 2415.2 30 0.4668470621 0.3319750428 -0.8196623921 -0.1867495924 0.9429717660 0.2755519748 0.8643948436 0.0244309828 0.5022197962
-111.5 188.1 2410.4 0.4668470621 0.3319750428 -0.8196623921 -0.1867495924 0.9429717660 0.2755519748 0.8643948436 0.0244309828 0.5022197962
-170.9 3.3 2410.4 0.4780208170 0.3059608638 -0.8233371377 -0.1535574049 0.9520440698 0.2646359205 0.8648214936 -0.0000719645 0.5020794868
-176.8 209.1 2292.3 -0.2194873542 0.4269524217 -0.8772325516 0.6760421395 0.7148482800 0.1787707210 0.7034147382 -0.5538082719 -0.4455379844
-123.1 43.7 2120.2 -0.8961444497 0.4269524217 -0.1209826022 0.4164181948 0.7148482800 -0.5617720485 -0.1533657461 -0.5538082719 -0.8183980584
-46.2 167.1 2528.5 0.3088830411 0.9015719295 0.3029180169 -0.7757775187 0.4230809808 -0.4681577384 -0.5502367616 -0.0903910100 0.8301017880
64.5 -110.8 2331.4 -0.0738749206 0.9015719295 0.4262752235 -0.0553125814 0.4230809808 -0.9044020176 -0.9957324266 -0.0903910100 0.0186131969
