-162.8 455.2 2719.9 1 0.5817039013 0.2937239110 -0.7585161924 -0.2641165257 0.9502025247 0.1654013097 0.7693263292 0.1041220725 0.6303138733
-222.9 260.9 2698.6 0.5817039013 0.2937239110 -0.7585161924 -0.2641165257 0.9502025247 0.1654013097 0.7693263292 0.1041220725 0.6303138733
-275.5 70.1 2680.1 0.5894386768 0.2647868395 -0.7631840706 -0.2376652509 0.9597830176 0.1494381428 0.7720603943 0.0932977200 0.6286638975
-309.0 295.6 2585.8 -0.3572551012 0.7804983854 -0.5130215287 0.8176960349 0.5268076062 0.2320495099 0.4513778985 -0.3365947902 -0.8264151216
-187.2 16.9 2432.0 -0.6251419783 0.7804983854 0.0044471617 0.6538631320 0.5268076062 -0.5430808067 -0.4262164831 -0.3365947902 -0.8396686912
-136.8 226.1 2811.4 0.0388515852 0.7875876427 -0.6149766445 -0.8788549900 0.3197989464 0.3540374637 0.4755043983 0.5267204046 0.7046000361
-129.0 49.9 2906.7 0.5154947639 0.7875876427 -0.3375957906 -0.8102486730 0.3197989464 -0.4911473095 -0.2788587809 0.5267204046 0.8029965162
-381.1 -97.4 2591.7 0.6804005504 0.0204903763 -0.7325539589 0.0037320151 0.9994992018 0.0314234607 0.7328309417 -0.0241144411 0.6799833179
-389.2 -494.5 2601.3 0.6869574189 -0.0105064642 -0.7266216874 -0.1188067123 0.9848183990 -0.1265611947 0.7169201374 0.1732696891 0.6752800345
-274.0 -141.1 2734.1 -0.2881861031 0.1802141964 0.9404634833 -0.0397056863 0.9790374041 -0.1997728497 -0.9567508698 -0.0949135050 -0.2749894559
-345.7 -530.1 2771.8 -0.2952486575 -0.2613319457 0.9189852476 -0.0140724536 0.9629498720 0.2693130374 -0.9553167820 0.0665819272 -0.2879872322
-2.5 -176.2 2557.9 0 0 0 0 0 0 0 0 0
4.9 -160.5 2834.3 0 0 0 0 0 0 0 0 0
-385.7 -822.0 2543.7 0 0 0 0 0 0 0 0 0
-259.9 -846.3 2749.9 0 0 0 0 0 0 0 0 0
-163.8 454.8 2717.8 2 0.5892419815 0.2926868498 -0.7530792356 -0.2605973780 0.9511129260 0.1657505631 0.7647764087 0.0985832959 0.6367090344
-223.6 260.7 2697.7 0.5892419815 0.2926868498 -0.7530792356 -0.2605973780 0.9511129260 0.1657505631 0.7647764087 0.0985832959 0.6367090344
-275.8 69.7 2680.5 0.5973708630 0.2628176212 -0.7576773167 -0.2326174825 0.9609432817 0.1499238610 0.7674875259 0.0866888463 0.6351754665
-310.8 294.7 2585.6 -0.3475446701 0.7632856369 -0.5446170568 0.7968866229 0.5465314984 0.2574394345 0.4941501915 -0.3445263505 -0.7981961966
-191.2 20.5 2415.6 -0.6456775069 0.7632856369 -0.0222626533 0.6636893153 0.5465314984 -0.5107052326 -0.3776467144 -0.3445263505 -0.8594676256
-136.3 226.7 2809.8 0.0446978956 0.7896946669 -0.6118696332 -0.8755673766 0.3258804083 0.3566282392 0.4810237288 0.5197925568 0.7059970498
-127.3 51.2 2906.2 0.5168490410 0.7896946669 -0.3305289745 -0.8098561168 0.3258804083 -0.4877858758 -0.2774889767 0.5197925568 0.8079700470
-382.1 -98.8 2590.7 0.6870596409 0.0337714143 -0.7258157730 0.0015523985 0.9988487959 0.0479448475 0.7265993357 -0.0340677239 0.6862162352
-395.5 -495.7 2604.3 0.6955246329 -0.0291992836 -0.7179086804 -0.1164833158 0.9813735485 -0.1527665406 0.7089972496 0.1898772866 0.6791682839
-274.0 -142.4 2732.3 -0.2960079312 0.1775061488 0.9385471940 -0.0388987027 0.9795258641 -0.1975246221 -0.9543930888 -0.0949771255 -0.2830426693
-344.6 -531.7 2770.1 -0.3004449904 -0.2558012307 0.9188572168 -0.0223307591 0.9649879336 0.2613419592 -0.9535377026 0.0580000989 -0.2956380248
-1.8 -174.2 2526.4 0 0 0 0 0 0 0 0 0
6.9 -159.1 2834.1 0 0 0 0 0 0 0 0 0
-385.9 -819.3 2541.7 0 0 0 0 0 0 0 0 0
-261.4 -845.3 2751.2 0 0 0 0 0 0 0 0 0
-165.8 454.9 2717.3 3 0.5905324221 0.2835267782 -0.7555686831 -0.2544029951 0.9539178014 0.1591225415 0.7658658624 0.0982519016 0.6354494691
-223.5 260.6 2697.3 0.5905324221 0.2835267782 -0.7555686831 -0.2544029951 0.9539178014 0.1591225415 0.7658658624 0.0982519016 0.6354494691
-273.7 69.1 2680.5 0.5989039540 0.2527035475 -0.7599045634 -0.2244632691 0.9638416767 0.1436157525 0.7687199116 0.0845586061 0.6339712739
-311.0 293.4 2585.0 -0.2993979156 0.7392073274 -0.6032689214 0.7888283730 0.5474658608 0.2793401182 0.5367593765 -0.3922418058 -0.7470178604
-211.5 31.2 2406.6 -0.6636958122 0.7392073274 -0.1143693775 0.6910737157 0.5474658608 -0.4719091356 -0.2862253785 -0.3922418058 -0.8741976023
-136.0 227.9 2809.6 0.0526124202 0.7847422957 -0.6175851822 -0.8732753396 0.3361302018 0.3527132571 0.4843780398 0.5207648277 0.7029807568
-125.5 52.9 2906.6 0.5263505578 0.7847422957 -0.3273141980 -0.8050720096 0.3361302018 -0.4887489974 -0.2735218406 0.5207648277 0.8086963892
-382.8 -99.9 2592.9 0.6859867573 0.0215770490 -0.7272940278 0.0012365031 0.9995241761 0.0308197327 0.7276129723 -0.0220412295 0.6856336594
-391.3 -497.0 2601.6 0.6917991042 -0.0089624347 -0.7220343947 -0.1150277779 0.9857866168 -0.1224472970 0.7128692865 0.1677629501 0.6809353828
-273.2 -142.6 2733.6 -0.2905240953 0.1998423040 0.9357663989 -0.0230558086 0.9762016535 -0.2156357169 -0.9565898776 -0.0842222273 -0.2790025771
-352.6 -530.4 2767.1 -0.2852856815 -0.2847367525 0.9151704907 -0.0408456586 0.9575961828 0.2852038443 -0.9575718045 0.0439838246 -0.2848187089
-17.9 -170.3 2490.1 0 0 0 0 0 0 0 0 0
11.2 -156.2 2835.6 0 0 0 0 0 0 0 0 0
-388.4 -823.6 2546.1 0 0 0 0 0 0 0 0 0
-257.9 -849.1 2752.5 0 0 0 0 0 0 0 0 0
-168.5 453.8 2726.0 4 0.5750839710 0.2725859582 -0.7713464499 -0.2631422579 0.9543856382 0.1410821825 0.7746189833 0.1218397245 0.6205807924
-224.0 259.2 2701.2 0.5750839710 0.2725859582 -0.7713464499 -0.2631422579 0.9543856382 0.1410821825 0.7746189833 0.1218397245 0.6205807924
-272.4 67.5 2680.9 0.5840668678 0.2434047312 -0.7743513584 -0.2297356576 0.9645442963 0.1299069971 0.7785161734 0.1020217538 0.6192771196
-309.4 292.7 2587.5 -0.2554848194 0.7115128636 -0.6545814872 0.7752268910 0.5553283691 0.3010542989 0.5777116418 -0.4305343926 -0.6934618950
-225.7 39.0 2398.4 -0.6814724803 0.7115128636 -0.1713030338 0.6947197318 0.5553283691 -0.4571377635 -0.2301299721 -0.4305343926 -0.8727430105
-138.7 225.6 2814.9 0.0487800315 0.7703250647 -0.6357827783 -0.8786820173 0.3357555568 0.3393907249 0.4749088287 0.5420954227 0.6932489872
-129.0 49.6 2910.0 0.5386307240 0.7703250647 -0.3412861228 -0.7976443172 0.3357555568 -0.5010306835 -0.2713677883 0.5420954227 0.7952936888
-378.9 -101.8 2593.2 0.6704308391 0.0270093568 -0.7414802313 0.0051093986 0.9991454482 0.0410149470 0.7419544458 -0.0312862061 0.6697199345
-389.6 -498.8 2605.6 0.6778171659 -0.0069030798 -0.7351980805 -0.1312570572 0.9827558398 -0.1302401721 0.7234193087 0.1847789735 0.6652227044
-269.0 -143.0 2734.2 -0.2644658685 0.2163966447 0.9398033619 -0.0297177192 0.9722089767 -0.2322210073 -0.9639370441 -0.0893433392 -0.2506852746
-355.0 -529.3 2769.7 -0.2644658685 -0.2918915451 0.9191610813 -0.0297177192 0.9551100135 0.2947570384 -0.9639370441 0.0506378040 -0.2612683475
-26.8 -163.7 2465.6 0 0 0 0 0 0 0 0 0
11.0 -157.6 2839.5 0 0 0 0 0 0 0 0 0
-387.3 -822.5 2544.8 0 0 0 0 0 0 0 0 0
-258.0 -846.6 2752.9 0 0 0 0 0 0 0 0 0
-170.2 456.1 2740.4 5 0.5114435554 0.2674300373 -0.8166435361 -0.2565932870 0.9545115232 0.1518803090 0.8201130033 0.1318670362 0.5567995310
-224.8 261.3 2713.5 0.5114435554 0.2674300373 -0.8166435361 -0.2565932870 0.9545115232 0.1518803090 0.8201130033 0.1318670362 0.5567995310
-272.7 69.8 2691.6 0.5198590755 0.2419489026 -0.8192723989 -0.2248976380 0.9639828801 0.1419790536 0.8241162300 0.1104433313 0.5555489659
-300.4 294.1 2593.5 -0.1997089535 0.7201431990 -0.6644622684 0.7613453865 0.5409250855 0.3574259281 0.6168221831 -0.4345041215 -0.6563052535
-235.1 45.0 2391.6 -0.6690530777 0.7201431990 -0.1837436408 0.7072436213 0.5409250855 -0.4551994205 -0.2284172177 -0.4345041215 -0.8712242842
-149.1 228.5 2833.5 0.0043842932 0.7282971144 -0.6852474809 -0.8741776943 0.3355445862 0.3510316014 0.4855863750 0.5974889994 0.6381322145
-148.2 53.6 2930.7 0.5510330200 0.7282971144 -0.4073646069 -0.8050865531 0.3355445862 -0.4891272187 -0.2195409387 0.5974889994 0.7712383866
-374.3 -103.0 2589.3 0.6103893518 0.0352699682 -0.7913159132 0.0038897491 0.9988626838 0.0475209914 0.7920919657 -0.0320843272 0.6095579267
-388.3 -500.0 2602.0 0.6177494526 -0.0084795253 -0.7863292694 -0.1360979825 0.9836993814 -0.1175280660 0.7745081782 0.1796207279 0.6065257192
-267.1 -145.2 2732.1 -0.1935847551 0.2081828713 0.9587412477 -0.0602395758 0.9728608131 -0.2234121263 -0.9792324305 -0.1010033488 -0.1757901907
-349.9 -531.7 2772.2 -0.2121894062 -0.2712974548 0.9388148785 0.0039539672 0.9604449868 0.2784417868 -0.9772205353 0.0627944395 -0.2027235478
-39.2 -162.1 2458.5 0 0 0 0 0 0 0 0 0
-5.2 -155.2 2873.7 0 0 0 0 0 0 0 0 0
-385.5 -820.9 2543.5 0 0 0 0 0 0 0 0 0
-262.8 -840.1 2752.0 0 0 0 0 0 0 0 0 0
-165.8 456.2 2728.6 6 0.5337375998 0.2766156197 -0.7991295457 -0.2372257710 0.9560201764 0.1724799275 0.8116946220 0.0975150913 0.5758842230
-222.4 260.6 2708.6 0.5337375998 0.2766156197 -0.7991295457 -0.2372257710 0.9560201764 0.1724799275 0.8116946220 0.0975150913 0.5758842230
-271.7 68.9 2692.8 0.5419026017 0.2489855587 -0.8027127981 -0.2073805481 0.9651893973 0.1593822539 0.8144537210 0.0800973698 0.5746734142
-301.4 290.9 2589.9 -0.1754897982 0.7431429625 -0.6457103491 0.7501386404 0.5257039666 0.4011574984 0.6375699043 -0.4139732420 -0.6497159600
-245.6 52.4 2387.2 -0.6469543576 0.7431429625 -0.1708465666 0.7224611044 0.5257039666 -0.4490938485 -0.2439262122 -0.4139732420 -0.8769983649
-143.3 230.3 2827.3 0.0148398513 0.7458830476 -0.6659116149 -0.8617791533 0.3472768366 0.3697776496 0.5070665479 0.5683813095 0.6479399800
-140.4 57.9 2928.8 0.5420729518 0.7458830476 -0.3870599568 -0.8123583198 0.3472768366 -0.4684792161 -0.2150137573 0.5683813095 0.7941736579
-368.3 -101.2 2594.3 0.6297893524 0.0614850521 -0.7743287086 -0.0329832397 0.9980800152 0.0524254218 0.7760654092 -0.0074771023 0.6306081414
-392.7 -497.6 2597.3 0.6333550215 -0.0242308080 -0.7734819055 -0.1068321913 0.9872018099 -0.1184040606 0.7664517760 0.1576245725 0.6226605773
-273.2 -142.4 2745.0 -0.2065585703 0.2022002190 0.9573132396 -0.0131953284 0.9777488112 -0.2093636841 -0.9783452749 -0.0558779277 -0.1992942989
-353.5 -530.5 2767.2 -0.2062180638 -0.2827800512 0.9367548227 -0.0143495630 0.9581026435 0.2860654593 -0.9784008265 0.0455498397 -0.2016358376
-57.2 -158.0 2458.3 0 0 0 0 0 0 0 0 0
0.4 -153.0 2873.0 0 0 0 0 0 0 0 0 0
-384.7 -821.3 2545.6 0 0 0 0 0 0 0 0 0
-260.5 -845.4 2752.2 0 0 0 0 0 0 0 0 0
-165.4 456.0 2730.2 7 0.5217039585 0.2787794471 -0.8062921166 -0.2353582382 0.9554572105 0.1780675948 0.8200191855 0.0968689173 0.5640788674
-222.3 261.0 2710.4 0.5217039585 0.2787794471 -0.8062921166 -0.2353582382 0.9554572105 0.1780675948 0.8200191855 0.0968689173 0.5640788674
-271.8 69.2 2695.0 0.5305005908 0.2495661378 -0.8101147413 -0.2033799291 0.9652379751 0.1641712636 0.8229250908 0.0776681304 0.5628160834
-299.7 290.7 2590.3 -0.1498088390 0.7505021691 -0.6436643600 0.7518443465 0.5092546940 0.4187956452 0.6420961022 -0.4211961031 -0.6405516267
-252.6 54.0 2388.2 -0.6362257600 0.7505021691 -0.1787826568 0.7291781306 0.5092546940 -0.4571202695 -0.2520238459 -0.4211961031 -0.8712507486
-144.9 231.3 2830.5 0.0063167587 0.7386391759 -0.6740714312 -0.8585042953 0.3496614993 0.3751096725 0.5127674937 0.5763237476 0.6363335848
-143.6 59.4 2933.1 0.5437862873 0.7386391759 -0.3983825743 -0.8143333197 0.3496614993 -0.4632472694 -0.2028735280 0.5763237476 0.7916396260
-370.7 -103.8 2602.3 0.6189998388 0.0501909666 -0.7837857604 -0.0329117775 0.9987369776 0.0379634239 0.7847012281 0.0022964308 0.6198698878
-390.6 -500.6 2601.4 0.6232597232 -0.0160165131 -0.7818508744 -0.1259588152 0.9846799970 -0.1205807924 0.7718041539 0.1736341566 0.6116939783
-271.4 -141.8 2751.4 -0.2624629438 0.2284428030 0.9375110865 -0.0020327179 0.9714393616 -0.2372791618 -0.9649399519 -0.0641826838 -0.2545025051
-362.2 -527.6 2776.9 -0.2624629438 -0.3125408888 0.9129246473 -0.0020327179 0.9462696910 0.3233722150 -0.9649399519 0.0830175057 -0.2489960492
-69.0 -156.3 2460.9 0 0 0 0 0 0 0 0 0
-2.4 -152.1 2880.4 0 0 0 0 0 0 0 0 0
-385.4 -821.1 2544.9 0 0 0 0 0 0 0 0 0
-257.3 -845.0 2749.0 0 0 0 0 0 0 0 0 0
-167.4 454.3 2732.5 8 0.5188041925 0.2755995989 -0.8092508912 -0.2405126393 0.9554302692 0.1711919457 0.8203632236 0.1058199778 0.5619664192
-223.4 260.0 2711.0 0.5188041925 0.2755995989 -0.8092508912 -0.2405126393 0.9554302692 0.1711919457 0.8203632236 0.1058199778 0.5619664192
-272.4 68.2 2693.9 0.5276486874 0.2468651682 -0.8128003478 -0.2079984248 0.9652602077 0.1581434160 0.8236039877 0.0856170282 0.5606658459
-300.5 290.4 2590.7 -0.0648166984 0.7415887713 -0.6677162051 0.7236269712 0.4956804514 0.4802758396 0.6871410012 -0.4520475566 -0.5687620044
-280.5 67.8 2379.3 -0.6538559794 0.7415887713 -0.1500614285 0.6847887635 0.4956804514 -0.5341958404 -0.3217711449 -0.4520475566 -0.8319352865
-146.4 229.7 2831.2 0.0063176891 0.7353563309 -0.6776512265 -0.8620152473 0.3474813700 0.3690344989 0.5068430305 0.5818142295 0.6360836029
-145.1 57.1 2932.7 0.5468083024 0.7353563309 -0.4003145695 -0.8113874793 0.3474813700 -0.4700074494 -0.2065210938 0.5818142295 0.7866646051
-370.0 -103.9 2604.2 0.6150618792 0.0547454841 -0.7865759730 -0.0530233942 0.9982002974 0.0280129164 0.7866939306 0.0244772509 0.6168577671
-391.7 -500.4 2594.5 0.6169419885 -0.0165876672 -0.7868338227 -0.1082192063 0.9884927273 -0.1056916490 0.7795326710 0.1503561437 0.6080476046
-272.8 -141.2 2754.9 -0.2407368124 0.2141198516 0.9466776252 0.0035945221 0.9755525589 -0.2197367251 -0.9705837965 -0.0494958684 -0.2356210798
-357.8 -528.6 2774.6 -0.2407368124 -0.3071033657 0.9207243323 0.0035945221 0.9483343363 0.3172523975 -0.9705837965 0.0796838999 -0.2271950990
-91.7 -129.9 2472.2 0 0 0 0 0 0 0 0 0
-3.0 -153.7 2879.0 0 0 0 0 0 0 0 0 0
-386.3 -822.3 2545.5 0 0 0 0 0 0 0 0 0
-257.4 -838.8 2748.5 0 0 0 0 0 0 0 0 0
-165.3 454.0 2724.1 9 0.5609700680 0.2750429511 -0.7808098197 -0.2342700809 0.9573818445 0.1689305604 0.7939962745 0.0881553963 0.6014968753
-221.3 259.4 2706.2 0.5609700680 0.2750429511 -0.7808098197 -0.2342700809 0.9573818445 0.1689305604 0.7939962745 0.0881553963 0.6014968753
-269.7 67.3 2691.5 0.5690335035 0.2441499829 -0.7852334976 -0.2043841481 0.9669334292 0.1525347084 0.7965098619 0.0736919269 0.6001179218
-304.3 289.2 2590.0 0.0114932163 0.7431206107 -0.6690587997 0.7009211779 0.4712124765 0.5354140997 0.7131460905 -0.4751111567 -0.5154532194
-307.7 79.0 2376.1 -0.6573318839 0.7431206107 -0.1252462268 0.6469417214 0.4712124765 -0.5995208025 -0.3864986598 -0.4751111567 -0.7904986739
-138.2 229.6 2822.4 0.0371737666 0.7609004974 -0.6478028893 -0.8622003198 0.3521454930 0.3641485274 0.5052016377 0.5449990630 0.6691392064
-130.8 57.0 2923.5 0.5411331654 0.7609004974 -0.3580577672 -0.8078668118 0.3521454930 -0.4725936353 -0.2335083038 0.5449990630 0.8052638769
-369.8 -104.5 2601.5 0.6538687944 0.0556901768 -0.7545556426 -0.0408955812 0.9984309673 0.0382509306 0.7555019259 0.0058469004 0.6551203728
-391.9 -501.1 2599.1 0.6569931507 -0.0172936805 -0.7536981702 -0.1148074940 0.9857814312 -0.1226956919 0.7451035380 0.1671404243 0.6456661820
-273.1 -142.6 2752.4 -0.0954758525 0.2136683911 0.9722294807 -0.0006065370 0.9766786098 -0.2147057354 -0.9954315424 -0.0210889056 -0.0931196213
-357.9 -530.5 2760.8 -0.0954758525 -0.3146315515 0.9444000125 -0.0006065370 0.9487522840 0.3160202205 -0.9954315424 0.0295994859 -0.0907737613
-117.4 -108.3 2488.0 0 0 0 0 0 0 0 0 0
9.7 -152.8 2862.8 0 0 0 0 0 0 0 0 0
-386.4 -818.7 2545.3 0 0 0 0 0 0 0 0 0
-254.2 -843.5 2751.0 0 0 0 0 0 0 0 0 0
-165.5 455.8 2729.9 0 0.5432277322 0.2716466486 -0.7944254279 -0.2359050959 0.9574775100 0.1660890728 0.8057620525 0.0971848294 0.5842111707
-220.9 260.6 2710.1 0.5432277322 0.2716466486 -0.7944254279 -0.2359050959 0.9574775100 0.1660890728 0.8057620525 0.0971848294 0.5842111707
-269.0 68.4 2694.5 0.5517181754 0.2423144728 -0.7980543375 -0.2041133940 0.9669959545 0.1525009423 0.8086684942 0.0787560418 0.5829688907
-301.4 290.4 2592.1 0.0715095326 0.7425970435 -0.6659098864 0.6846061945 0.4489904940 0.5742141604 0.7253969908 -0.4969478250 -0.4762794375
-322.8 85.8 2375.3 -0.6590249538 0.7425970435 -0.1193135381 0.6220583916 0.4489904940 -0.6414443254 -0.4227640331 -0.4969478250 -0.7578346729
-140.4 230.8 2828.1 0.0263815634 0.7487834096 -0.6622895598 -0.8619562984 0.3525868952 0.3642990291 0.5062956810 0.5612539053 0.6547203660
-135.1 58.2 2929.5 0.5464053154 0.7487834096 -0.3751862049 -0.8076778650 0.3525868952 -0.4725874662 -0.2215798944 0.5612539053 0.7974311113
-370.3 -106.1 2604.0 0.6366555691 0.0534647331 -0.7692926526 -0.0540733896 0.9982332587 0.0246254131 0.7692501545 0.0259203557 0.6384217739
-391.5 -502.7 2593.7 0.6383280754 -0.0198099669 -0.7695094347 -0.1013741493 0.9887985587 -0.1095477566 0.7630599737 0.1479357779 0.6291697025
-266.0 -143.6 2749.8 -0.1361892670 0.2238800824 0.9650545120 -0.0013566100 0.9740875959 -0.2261670977 -0.9906818867 -0.0321107320 -0.1323565543
-355.0 -530.5 2762.6 -0.1361892670 -0.3009614646 0.9438616037 -0.0013566100 0.9527941346 0.3036139905 -0.9906818867 0.0400685146 -0.1301686168
-131.9 -94.4 2497.8 0 0 0 0 0 0 0 0 0
6.9 -151.6 2872.0 0 0 0 0 0 0 0 0 0
-385.1 -820.6 2546.1 0 0 0 0 0 0 0 0 0
-256.3 -842.9 2749.4 0 0 0 0 0 0 0 0 0
-164.2 458.1 2732.4 1 0.5420458913 0.2729770243 -0.7947765589 -0.2410126179 0.9565372467 0.1641628593 0.8050460815 0.1025673822 0.5842779875
-219.9 263.0 2711.4 0.5420458913 0.2729770243 -0.7947765589 -0.2410126179 0.9565372467 0.1641628593 0.8050460815 0.1025673822 0.5842779875
-268.5 71.1 2694.7 0.5504599214 0.2446234077 -0.7982187867 -0.2097607255 0.9659634233 0.1513775289 0.8080806136 0.0841076896 0.5830365419
-300.3 293.7 2593.4 0.1041283086 0.7314948440 -0.6738490462 0.6860605478 0.4376969934 0.5811560154 0.7200543284 -0.5228160620 -0.4562731087
-331.3 89.2 2378.8 -0.6691478491 0.7314948440 -0.1309824288 0.6081169844 0.4376969934 -0.6622802019 -0.4271239638 -0.5228160620 -0.7377184629
-139.5 232.4 2829.4 0.0237883944 0.7490664124 -0.6620677114 -0.8645736575 0.3479228616 0.3625769615 0.5019426942 0.5637812018 0.6558995843
-134.8 59.3 2929.9 0.5448046327 0.7490664124 -0.3769448996 -0.8077018261 0.3479228616 -0.4759910107 -0.2254011333 0.5637812018 0.7945722938
-367.6 -105.0 2604.7 0.6354460120 0.0703984946 -0.7689293623 -0.0653708205 0.9971647263 0.0372716486 0.7693731189 0.0265814215 0.6382463574
-395.6 -501.2 2594.2 0.6368646026 -0.0301373918 -0.7703864574 -0.0994983688 0.9876666665 -0.1208908632 0.7645283341 0.1536432952 0.6260113120
-266.5 -142.5 2752.9 -0.1962499768 0.2310418785 0.9529457688 0.0005563733 0.9718704224 -0.2355155796 -0.9805537462 -0.0456897318 -0.1908580810
-358.3 -528.6 2771.1 -0.1962499768 -0.3079667091 0.9309363365 0.0005563733 0.9493632913 0.3141798973 -0.9805537462 0.0621757433 -0.1861411780
-139.0 -85.6 2501.6 0 0 0 0 0 0 0 0 0
6.8 -150.6 2871.4 0 0 0 0 0 0 0 0 0
-385.9 -818.4 2544.8 0 0 0 0 0 0 0 0 0
-255.0 -847.0 2750.2 0 0 0 0 0 0 0 0 0
-165.1 459.5 2734.1 2 0.5391925573 0.2755894661 -0.7958152294 -0.2439733297 0.9555382729 0.1656008512 0.8060697317 0.1048669517 0.5824555755
-221.3 264.7 2712.7 0.5391925573 0.2755894661 -0.7958152294 -0.2439733297 0.9555382729 0.1656008512 0.8060697317 0.1048669517 0.5824555755
-270.0 72.8 2695.3 0.5478160977 0.2451160997 -0.7998847961 -0.2121575177 0.9655635357 0.1505865157 0.8092507124 0.0872078538 0.5809544325
-301.3 295.6 2594.5 0.0822313651 0.7343031168 -0.6738226414 0.7097452879 0.4314963818 0.5568415523 0.6996424794 -0.5240322948 -0.4856856167
-325.6 85.3 2387.1 -0.6663524508 0.7343031168 -0.1295122206 0.6054739356 0.4314963818 -0.6687392592 -0.4351732433 -0.5240322948 -0.7321300507
-141.2 233.7 2830.9 0.0215808991 0.7475782633 -0.6638230085 -0.8657523990 0.3460448980 0.3615601361 0.5000070333 0.5669035316 0.6546856761
-136.9 60.3 2931.0 0.5449514985 0.7475782633 -0.3796768785 -0.8075157404 0.3460448980 -0.4776727259 -0.2257125080 0.5669035316 0.7922589183
-367.5 -101.6 2603.9 0.6342229247 0.0606117249 -0.7707707286 -0.0497126207 0.9980563521 0.0375793092 0.7715503573 0.0144833727 0.6360033751
-391.6 -498.2 2598.2 0.6369760036 -0.0198866948 -0.7706270814 -0.1158552989 0.9858434796 -0.1212028638 0.7621280551 0.1664845496 0.6256546378
-266.6 -140.1 2752.1 -0.1943925619 0.2200809121 0.9559162855 -0.0018596150 0.9744216800 -0.2247195840 -0.9809220433 -0.0454614535 -0.1890110672
-354.1 -527.3 2770.2 -0.1956133842 -0.2861908972 0.9379926324 0.0022139694 0.9563392997 0.2922503650 -0.9806786180 0.0592447668 -0.1864391416
-133.5 -89.3 2512.6 0 0 0 0 0 0 0 0 0
4.7 -149.5 2872.4 0 0 0 0 0 0 0 0 0
-385.1 -821.7 2543.6 0 0 0 0 0 0 0 0 0
-260.0 -841.7 2750.7 0 0 0 0 0 0 0 0 0
-165.9 459.5 2734.9 3 0.5450849533 0.2727928758 -0.7927587628 -0.2402742207 0.9567483664 0.1640149504 0.8032127023 0.1010774076 0.5870542526
-221.3 265.1 2714.4 0.5450849533 0.2727928758 -0.7927587628 -0.2402742207 0.9567483664 0.1640149504 0.8032127023 0.1010774076 0.5870542526
-269.8 73.1 2697.4 0.5529820323 0.2439270020 -0.7966871858 -0.2108883560 0.9660262465 0.1493966728 0.8060626388 0.0853983834 0.5856364965
-302.1 295.9 2596.6 0.0123463646 0.7444064617 -0.6676126122 0.7626180053 0.4248217046 0.4877912402 0.6467312574 -0.5151558518 -0.5624527335
-305.8 69.2 2404.3 -0.6544342637 0.7444064617 -0.1325699538 0.6173532009 0.4248217046 -0.6621189713 -0.4365670383 -0.5151558518 -0.7375795841
-140.6 234.3 2832.1 0.0260751359 0.7503095865 -0.6605721712 -0.8654994369 0.3476078510 0.3606653214 0.5002307296 0.5623204708 0.6584564447
-135.3 60.9 2932.3 0.5450607538 0.7503095865 -0.3740912974 -0.8066126704 0.3476078510 -0.4780635536 -0.2286586016 0.5623204708 0.7946766019
-368.9 -99.6 2603.8 0.6392000914 0.0435681529 -0.7678053379 -0.0420138091 0.9988812804 0.0217036512 0.7678919435 0.0183854513 0.6403154731
-386.2 -496.5 2596.5 0.6415125728 -0.0014154989 -0.7671112418 -0.1239966750 0.9866566658 -0.1055153906 0.7570247054 0.1628086865 0.6327770948
-268.4 -138.5 2752.2 -0.2000862360 0.2167242765 0.9555082917 -0.0020301093 0.9751352668 -0.2216010988 -0.9797762036 -0.0462791175 -0.1946711838
-354.5 -526.1 2770.6 -0.2014445662 -0.2860897183 0.9367885590 0.0025024852 0.9562412500 0.2925685942 -0.9794967175 0.0612806529 -0.1919136643
-117.2 -108.7 2530.1 0 0 0 0 0 0 0 0 0
6.3 -148.7 2872.9 0 0 0 0 0 0 0 0 0
-385.7 -820.7 2543.0 0 0 0 0 0 0 0 0 0
-259.6 -843.3 2750.3 0 0 0 0 0 0 0 0 0
-165.9 461.9 2736.3 4 0.5473266840 0.2676779628 -0.7929577827 -0.2419991642 0.9576168060 0.1562256068 0.8011678457 0.1063886657 0.5889070630
-220.4 266.6 2714.6 0.5473266840 0.2676779628 -0.7929577827 -0.2419991642 0.9576168060 0.1562256068 0.8011678457 0.1063886657 0.5889070630
-268.2 74.6 2696.8 0.5549950004 0.2405167222 -0.7963241935 -0.2129659057 0.9664673209 0.1434799284 0.8041306138 0.0899592564 0.5876064301
-301.5 297.7 2597.2 -0.0474304967 0.7420675159 -0.6686450243 0.8120771646 0.4184205532 0.4067615271 0.5816193223 -0.5236984491 -0.6224619746
-287.1 51.4 2420.8 -0.6528915763 0.7420675159 -0.1518827230 0.6281742454 0.4184205532 -0.6559888721 -0.4232371747 -0.5236984491 -0.7393309474
-139.4 235.5 2832.1 0.0300204139 0.7498888373 -0.6608824134 -0.8679208755 0.3475136459 0.3548910320 0.4957944751 0.5629396439 0.6612766385
-133.4 61.7 2931.4 0.5476859212 0.7498888373 -0.3710888028 -0.8034095764 0.3475136459 -0.4834949076 -0.2336089909 0.5629396439 0.7927961946
-369.0 -99.5 2606.5 0.6399469376 0.0580632277 -0.7662222981 -0.0555589497 0.9980275631 0.0292264018 0.7664079070 0.0238671601 0.6419106126
-392.1 -496.1 2597.0 0.6421009898 -0.0197758041 -0.7663649917 -0.1116743609 0.9865909815 -0.1190253347 0.7584425807 0.1620095968 0.6312825680
-267.6 -138.2 2754.4 -0.2016181648 0.2217449993 0.9540331364 0.0021075003 0.9741317034 -0.2259711176 -0.9794619083 -0.0435492583 -0.1968699843
-355.7 -525.3 2771.7 -0.2060361207 -0.2790162861 0.9379227161 0.0171800740 0.9573085308 0.2885572314 -0.9783935547 0.0755667910 -0.1924466044
-99.2 -129.4 2542.6 0 0 0 0 0 0 0 0 0
9.0 -147.1 2870.7 0 0 0 0 0 0 0 0 0
-385.6 -817.9 2544.2 0 0 0 0 0 0 0 0 0
-264.2 -839.1 2746.9 0 0 0 0 0 0 0 0 0
-164.5 465.4 2736.1 5 0.5532079339 0.2635290027 -0.7902616262 -0.2393910587 0.9589211941 0.1521907598 0.7979053259 0.1049884334 0.5935693383
-218.5 268.8 2714.5 0.5532079339 0.2635290027 -0.7902616262 -0.2393910587 0.9589211941 0.1521907598 0.7979053259 0.1049884334 0.5935693383
-265.7 76.6 2696.5 0.5602147579 0.2372642606 -0.7936404347 -0.2124417573 0.9672089219 0.1391954273 0.8006421924 0.0906230360 0.5922495723
-300.4 299.8 2597.6 -0.0988202617 0.7181827426 -0.6888018847 0.8523892760 0.4182690978 0.3138207197 0.5134851933 -0.5561155081 -0.6535047889
-269.7 35.5 2438.3 -0.6699156165 0.7181827426 -0.1882195920 0.6317672133 0.4182690978 -0.6526263356 -0.3899785578 -0.5561155081 -0.7339293361
-136.7 237.8 2831.5 0.0360926054 0.7516154647 -0.6586133242 -0.8687981367 0.3492792845 0.3509897590 0.4938493073 0.5595338941 0.6656085253
-129.5 63.8 2930.4 0.5495045781 0.7516154647 -0.3648545742 -0.8007978797 0.3492792845 -0.4865456820 -0.2382591218 0.5595338941 0.7938226461
-366.9 -97.9 2605.1 0.6442002058 0.0633182898 -0.7622315288 -0.0571511760 0.9977663755 0.0345827453 0.7627187371 0.0212842170 0.6463800073
-392.1 -494.4 2596.7 0.6460072398 -0.0226418581 -0.7629954219 -0.1042229906 0.9875828028 -0.1175492182 0.7561826706 0.1554593146 0.6356258392
-265.1 -137.0 2752.6 -0.1683020145 0.2674929202 0.9487475753 0.0034605968 0.9626312852 -0.2707934380 -0.9857293963 -0.0422918499 -0.1629384756
-371.3 -519.2 2769.4 -0.1683020145 -0.3200863600 0.9323192239 0.0034605968 0.9456130862 0.3252751529 -0.9857293963 0.0579708479 -0.1580408961
-77.1 -146.2 2550.5 0 0 0 0 0 0 0 0 0
13.3 -144.3 2868.5 0 0 0 0 0 0 0 0 0
-384.6 -820.1 2545.4 0 0 0 0 0 0 0 0 0
-261.9 -842.4 2749.6 0 0 0 0 0 0 0 0 0
-163.2 466.9 2725.9 6 0.5674715042 0.2715701163 -0.7773196101 -0.2302109897 0.9587243795 0.1668846458 0.7905561328 0.0842452273 0.6065672040
-218.7 271.1 2708.7 0.5674715042 0.2715701163 -0.7773196101 -0.2302109897 0.9587243795 0.1668846458 0.7905561328 0.0842452273 0.6065672040
-266.7 78.8 2694.4 0.5747596622 0.2420739681 -0.7816978693 -0.2028785646 0.9675745964 0.1504650563 0.7927746177 0.0721084923 0.6052344441
-302.6 300.7 2592.9 -0.1398777515 0.7060218453 -0.6942386627 0.8712013960 0.4209660590 0.2525781989 0.4705766439 -0.5694916248 -0.6739709973
-258.4 25.2 2444.1 -0.6809827089 0.7060218453 -0.1944112033 0.6243082285 0.4209660590 -0.6580477357 -0.3827555776 -0.5694916248 -0.7274458408
-134.7 241.4 2824.5 0.0428730063 0.7632832527 -0.6446398497 -0.8617566228 0.3547223806 0.3626948595 0.5055071115 0.5399728417 0.6729724407
-126.1 68.8 2925.7 0.5422904491 0.7632832527 -0.3511690795 -0.8060612679 0.3547223806 -0.4737480581 -0.2370364368 0.5399728417 0.8076156378
-364.2 -96.1 2605.1 0.6573231220 0.0796947926 -0.7493830919 -0.0645005330 0.9966932535 0.0494187437 0.7508435249 0.0158515275 0.6602898836
-395.9 -492.1 2598.8 0.6590383649 -0.0356963463 -0.7512617707 -0.1001043841 0.9858227372 -0.1346573234 0.7454177141 0.1639489383 0.6461216211
-261.5 -135.1 2751.9 -0.1432281584 0.2480680048 0.9580960274 -0.0011040755 0.9680365324 -0.2508068383 -0.9896890521 -0.0369804092 -0.1383762062
-360.0 -519.5 2766.6 -0.1432281584 -0.2928703129 0.9453637600 -0.0011040755 0.9552590251 0.2957685292 -0.9896890521 0.0413186289 -0.1371433288
-61.5 -155.3 2554.8 0 0 0 0 0 0 0 0 0
14.8 -140.6 2864.1 0 0 0 0 0 0 0 0 0
-384.1 -817.9 2544.6 0 0 0 0 0 0 0 0 0
-261.6 -840.4 2752.7 0 0 0 0 0 0 0 0 0
-166.9 469.6 2740.3 7 0.5535936356 0.2536970377 -0.7932035923 -0.2493040264 0.9592741132 0.1328182071 0.7945952415 0.1242215410 0.5942957401
-219.4 270.8 2714.6 0.5535936356 0.2536970377 -0.7932035923 -0.2493040264 0.9592741132 0.1328182071 0.7945952415 0.1242215410 0.5942957401
-263.7 78.3 2694.2 0.5622244477 0.2232833654 -0.7962714434 -0.2144072205 0.9692935944 0.1204138994 0.7987072468 0.1030267179 0.5928341150
-301.6 302.2 2598.0 -0.1912734360 0.7218084335 -0.6651368737 0.8740804791 0.4335497022 0.2191300243 0.4465397894 -0.5394694209 -0.7138451934
-238.6 14.4 2451.0 -0.6762033701 0.7218084335 -0.1474503577 0.6078505516 0.4335497022 -0.6652460694 -0.4162531495 -0.5394694209 -0.7319194674
-137.3 239.5 2831.2 0.0483456254 0.7457179427 -0.6645054221 -0.8742547631 0.3533367515 0.3329139948 0.4830541313 0.5648521185 0.6690297723
-127.6 64.4 2927.9 0.5613905787 0.7457179427 -0.3588110209 -0.7897994518 0.3533367515 -0.5013681054 -0.2470981032 0.5648521185 0.7873275280
-367.5 -94.8 2607.4 0.6440075040 0.0696577281 -0.7618412971 -0.0602582768 0.9973707795 0.0402548425 0.7626423240 0.0199828241 0.6465117335
-395.2 -491.1 2599.4 0.6462988257 -0.0307810735 -0.7624633312 -0.1087733880 0.9852666855 -0.1319770664 0.7552921176 0.1682323366 0.6334285140
-262.1 -132.0 2752.7 -0.1115477309 0.2471285313 0.9625406861 0.0010364354 0.9686139822 -0.2485677153 -0.9937585592 -0.0267295539 -0.1083028242
-360.3 -516.8 2763.4 -0.1115477309 -0.2884184718 0.9509847164 0.0010364354 0.9569227099 0.2903409302 -0.9937585592 0.0333725065 -0.1064436287
-40.1 -164.0 2573.2 0 0 0 0 0 0 0 0 0
18.2 -140.7 2863.7 0 0 0 0 0 0 0 0 0
-385.0 -818.4 2543.6 0 0 0 0 0 0 0 0 0
-261.7 -843.9 2752.0 0 0 0 0 0 0 0 0 0
-170.3 469.3 2748.1 8 0.5411205292 0.2460639924 -0.8041399717 -0.2622157037 0.9579301476 0.1166735068 0.7990190983 0.1477237046 0.5828775167
-221.1 271.7 2717.6 0.5411205292 0.2460639924 -0.8041399717 -0.2622157037 0.9579301476 0.1166735068 0.7990190983 0.1477237046 0.5828775167
-263.9 79.3 2692.9 0.5498709679 0.2158812135 -0.8068687916 -0.2257243246 0.9684842229 0.1052938253 0.8041706681 0.1242318898 0.5812709928
-301.4 304.7 2600.1 -0.2218386978 0.7133718133 -0.6647467613 0.8688638210 0.4540382922 0.1972939223 0.4425643981 -0.5338069797 -0.7205461860
-226.9 12.9 2451.5 -0.6857990623 0.7133718133 -0.1441537142 0.6089979410 0.4540382922 -0.6503620148 -0.3984986246 -0.5338069797 -0.7458209991
-140.7 238.7 2835.0 0.0451906510 0.7340009809 -0.6776432395 -0.8825979233 0.3470888436 0.3170965910 0.4679516256 0.5837567449 0.6635128856
-131.7 62.0 2928.7 0.5700462461 0.7340009809 -0.3691745698 -0.7820941806 0.3470888436 -0.5175499916 -0.2517458200 0.5837567449 0.7719146013
-359.6 -94.5 2600.5 0.6329033375 0.0746066794 -0.7706277966 -0.0481659658 0.9972124696 0.0569851100 0.7727311254 0.0010519654 0.6347326040
-389.2 -490.7 2600.1 0.6355780959 -0.0093236556 -0.7719802856 -0.1255939156 0.9853584766 -0.1153033227 0.7617523670 0.1702402979 0.6251012683
-256.4 -133.8 2746.9 -0.1341657490 0.2480078936 0.9594225287 -0.0092028202 0.9678223133 -0.2514661551 -0.9909161925 -0.0425675362 -0.1275662333
-355.0 -518.3 2763.9 -0.1341657490 -0.2813506424 0.9501796365 -0.0092028202 0.9591611028 0.2827106416 -0.9909161925 0.0291857533 -0.1312757879
-23.5 -167.7 2569.7 0 0 0 0 0 0 0 0 0
16.4 -141.2 2863.3 0 0 0 0 0 0 0 0 0
-386.1 -819.5 2543.3 0 0 0 0 0 0 0 0 0
-259.4 -844.3 2753.9 0 0 0 0 0 0 0 0 0
-170.6 468.1 2742.9 9 0.5545743108 0.2527623177 -0.7928168178 -0.2575879395 0.9580995440 0.1252745986 0.7912621498 0.1347459704 0.5964459181
-222.7 270.4 2715.1 0.5545743108 0.2527623177 -0.7928168178 -0.2575879395 0.9580995440 0.1252745986 0.7912621498 0.1347459704 0.5964459181
-266.0 77.9 2692.6 0.5638411641 0.2178641111 -0.7966293693 -0.2196346223 0.9693994522 0.1096599177 0.7961430550 0.1131366044 0.5944378376
-305.1 302.5 2598.8 -0.2840235531 0.7589483857 -0.5859419703 0.8558083773 0.4762233794 0.2019982040 0.4323454797 -0.4440818131 -0.7847730517
-207.5 8.5 2450.3 -0.6492060423 0.7589483857 -0.0502877906 0.6060739756 0.4762233794 -0.6370915174 -0.4595713615 -0.4440818131 -0.7691459656
-140.4 238.3 2831.4 0.0533489399 0.7440809011 -0.6659561396 -0.8790701032 0.3513574898 0.3221547604 0.4736978710 0.5682354569 0.6728438139
-129.7 62.3 2926.2 0.5655901432 0.7440809011 -0.3556000888 -0.7839958668 0.3513574898 -0.5117601156 -0.2558481693 0.5682354569 0.7820806503
-357.1 -92.3 2594.5 0.6460784078 0.0867713243 -0.7583227754 -0.0448751524 0.9961166978 0.0757480860 0.7619507313 -0.0149093540 0.6474633813
-391.6 -488.1 2600.5 0.6486535668 -0.0135512967 -0.7609631419 -0.1148167551 0.9866561294 -0.1154415533 0.7523733377 0.1622528881 0.6384420991
-256.3 -133.8 2742.0 -0.1368955523 0.2545116246 0.9573314190 -0.0191478860 0.9655694366 -0.2594398558 -0.9904004335 -0.0538470298 -0.1273088008
-357.4 -517.4 2763.4 -0.1368955523 -0.2949625552 0.9456514716 -0.0191478860 0.9552484751 0.2951841056 -0.9904004335 0.0223021638 -0.1364171803
-11.9 -174.1 2588.8 0 0 0 0 0 0 0 0 0
17.3 -141.4 2859.7 0 0 0 0 0 0 0 0 0
-387.1 -819.5 2546.0 0 0 0 0 0 0 0 0 0
-254.0 -852.2 2755.6 0 0 0 0 0 0 0 0 0
-172.5 470.3 2739.3 0 0.5593344569 0.2563457489 -0.7883094549 -0.2690246999 0.9556438327 0.1198773533 0.7840731144 0.1450231820 0.6034879088
-225.1 274.1 2709.6 0.5593344569 0.2563457489 -0.7883094549 -0.2690246999 0.9556438327 0.1198773533 0.7840731144 0.1450231820 0.6034879088
-269.7 82.1 2685.0 0.5684131384 0.2241897583 -0.7916094065 -0.2327066064 0.9666787386 0.1066763252 0.7891477346 0.1235765144 0.6016433239
-308.1 308.1 2594.3 -0.2900480926 0.7335815430 -0.6145976186 0.8592433333 0.4823953211 0.1702812165 0.4213941693 -0.4786991477 -0.7702428699
-206.8 8.0 2447.1 -0.6727731228 0.7335815430 -0.0960961580 0.6150798202 0.4823953211 -0.6236758828 -0.4111607671 -0.4786991477 -0.7757537961
-142.1 240.1 2824.8 0.0516585037 0.7502173185 -0.6591702104 -0.8851898909 0.3399822116 0.3175703883 0.4623529613 0.5670856237 0.6816477180
-131.8 62.9 2917.4 0.5592252612 0.7502173185 -0.3527621329 -0.7838586569 0.3399822116 -0.5195937753 -0.2698754072 0.5670856237 0.7781909704
-360.9 -94.6 2597.2 0.6524964571 0.0852049738 -0.7529863715 -0.0455602407 0.9962720871 0.0732542425 0.7564209104 -0.0134918932 0.6539459825
-394.8 -490.5 2602.6 0.6554083824 -0.0279641319 -0.7547568083 -0.1056974381 0.9860842824 -0.1283194423 0.7478421926 0.1638775021 0.6433321238
-257.5 -134.9 2743.2 -0.1934008300 0.2483196557 0.9491751790 -0.0148277646 0.9665903449 -0.2558970153 -0.9810077548 -0.0635648370 -0.1832573414
-356.2 -519.0 2768.4 -0.1934008300 -0.2979089320 0.9347975254 -0.0148277646 0.9535649419 0.3008221984 -0.9810077548 0.0443183035 -0.1888375729
-6.0 -175.6 2569.9 0 0 0 0 0 0 0 0 0
13.5 -140.8 2847.3 0 0 0 0 0 0 0 0 0
-385.4 -819.6 2547.9 0 0 0 0 0 0 0 0 0
-252.6 -850.4 2753.0 0 0 0 0 0 0 0 0 0
-174.2 471.6 2747.6 1 0.5386139154 0.2493706197 -0.8048039079 -0.2818881869 0.9534860253 0.1067868918 0.7939988375 0.1693478078 0.5838554502
-225.6 275.1 2712.7 0.5386139154 0.2493706197 -0.8048039079 -0.2818881869 0.9534860253 0.1067868918 0.7939988375 0.1693478078 0.5838554502
-270.0 83.5 2684.7 0.5480464101 0.2235889733 -0.8060106039 -0.2436367124 0.9644992948 0.1018934175 0.8001788855 0.1405314654 0.5830648541
-305.6 310.7 2595.8 -0.2708111107 0.7072629333 -0.6530241370 0.8627021313 0.4792881310 0.1613315791 0.4270905554 -0.5196749568 -0.7399537563
-210.5 7.6 2445.8 -0.6933513880 0.7072629333 -0.1379965693 0.6137660742 0.4792881310 -0.6273548007 -0.3775646687 -0.5196749568 -0.7664090991
-145.6 239.5 2829.5 0.0379327610 0.7368373275 -0.6750050783 -0.8907759786 0.3310544193 0.3113216162 0.4528568089 0.5894690156 0.6689147949
-138.0 61.2 2920.2 0.5636298656 0.7368373275 -0.3733524978 -0.7823029757 0.3310544193 -0.5276409388 -0.2651855648 0.5894690156 0.7630222440
-366.3 -88.6 2588.1 0.6361338496 0.0698140189 -0.7684137821 -0.0219420828 0.9971321821 0.0724293441 0.7712666988 -0.0292141549 0.6358413696
-394.0 -484.8 2599.8 0.6400967240 -0.0237783026 -0.7679262757 -0.1014394835 0.9881549478 -0.1151513234 0.7615682483 0.1516060233 0.6301026940
-262.1 -131.3 2732.9 -0.3286819756 0.2313218713 0.9156737328 -0.0284163356 0.9666795731 -0.2544072866 -0.9440130591 -0.1096391827 -0.3111568391
-353.9 -515.0 2776.4 -0.3286819756 -0.2794928253 0.9021373987 -0.0284163356 0.9577022791 0.2863543630 -0.9440130591 0.0684840679 -0.3227216303
-4.6 -174.6 2557.9 0 0 0 0 0 0 0 0 0
8.5 -142.1 2851.3 0 0 0 0 0 0 0 0 0
-385.9 -821.6 2548.1 0 0 0 0 0 0 0 0 0
-257.6 -845.0 2752.8 0 0 0 0 0 0 0 0 0
-177.0 473.6 2751.7 2 0.5364592671 0.2390742004 -0.8093546629 -0.2933980525 0.9520459771 0.0867524892 0.7912831306 0.1909239143 0.5808777809
-226.1 278.3 2712.5 0.5364592671 0.2390742004 -0.8093546629 -0.2933980525 0.9520459771 0.0867524892 0.7912831306 0.1909239143 0.5808777809
-269.1 87.3 2679.1 0.5439119935 0.2169440687 -0.8106139302 -0.2621233165 0.9615894556 0.0814680159 0.7971518636 0.1681693792 0.5798861980
-305.5 316.6 2596.1 -0.2605683804 0.6942343116 -0.6709268689 0.8653610945 0.4760752618 0.1565327793 0.4280820787 -0.5398064852 -0.7248135209
-212.4 7.3 2443.1 -0.7025358677 0.6942343116 -0.1564675719 0.6112588644 0.4760752618 -0.6322301030 -0.3644255102 -0.5398064852 -0.7588168383
-146.6 240.0 2828.9 0.0400811136 0.7306662798 -0.6815572381 -0.9024565220 0.3192704320 0.2892034054 0.4289122522 0.6034842134 0.6721912622
-138.6 59.3 2914.7 0.5702045560 0.7306662798 -0.3754910827 -0.7715075612 0.3192704320 -0.5503112674 -0.2822106779 0.6034842134 0.7457640171
-364.6 -85.8 2583.5 0.6321697831 0.0790091679 -0.7707911134 -0.0214672666 0.9961916208 0.0845070928 0.7745324373 -0.0368760526 0.6314583421
-396.0 -481.6 2598.1 0.6362449527 -0.0302128661 -0.7708953023 -0.0960836560 0.9883497953 -0.1180362925 0.7654804587 0.1491704285 0.6259295940
-264.1 -130.5 2730.2 -0.2324565351 0.2331498116 0.9442484379 -0.0312468130 0.9685515761 -0.2468430251 -0.9721047282 -0.0868850276 -0.2178609520
-356.7 -515.0 2764.7 -0.2324565351 -0.2841171920 0.9301835299 -0.0312468130 0.9580698013 0.2848261297 -0.9721047282 0.0371444300 -0.2315873355
-3.8 -174.2 2551.3 0 0 0 0 0 0 0 0 0
9.6 -141.1 2841.4 0 0 0 0 0 0 0 0 0
-385.6 -822.3 2546.7 0 0 0 0 0 0 0 0 0
-258.4 -846.6 2751.8 0 0 0 0 0 0 0 0 0
-178.0 473.4 2753.7 3 0.5417281985 0.2344930172 -0.8071824908 -0.2864932120 0.9543079734 0.0849585906 0.7902228832 0.1852278411 0.5841562152
-225.8 278.8 2715.9 0.5417281985 0.2344930172 -0.8071824908 -0.2864932120 0.9543079734 0.0849585906 0.7902228832 0.1852278411 0.5841562152
-267.4 87.2 2684.0 0.5496755838 0.2092607170 -0.8087438941 -0.2521279752 0.9645284414 0.0782068521 0.7964221239 0.1609185785 0.5829382539
-306.1 315.7 2599.6 -0.2631241083 0.7106509209 -0.6524882913 0.8245127797 0.5168163180 0.2303900421 0.5009434819 -0.4773637652 -0.7219275832
-211.0 17.4 2418.5 -0.6926506162 0.7106509209 -0.1233306378 0.6328952312 0.5168163180 -0.5764932632 -0.3459461629 -0.4773637652 -0.8077407479
-145.5 242.0 2832.3 0.0497552715 0.7305631638 -0.6810300350 -0.8992237449 0.3295120299 0.2877820432 0.4346505404 0.5980796814 0.6733346581
-135.6 62.0 2919.3 0.5756202936 0.7305631638 -0.3673401773 -0.7683565617 0.3295120299 -0.5486802459 -0.2798025608 0.5980796814 0.7510067821
-362.1 -79.6 2572.6 0.6375966072 0.0710955560 -0.7670827508 0.0155198919 0.9943448901 0.1050589830 0.7702140212 -0.0788902938 0.6328875422
-390.3 -474.4 2604.0 0.6450270414 -0.0128468527 -0.7640517354 -0.1166324168 0.9864888787 -0.1150502414 0.7552065849 0.1633237153 0.6348136663
-262.3 -127.7 2718.8 -0.3231052160 0.2418506444 0.9149378538 -0.0449495576 0.9617806077 -0.2701065540 -0.9452949762 -0.1283988953 -0.2998852730
-358.3 -509.4 2769.7 -0.3231052160 -0.2827609181 0.9031330347 -0.0449495576 0.9578281045 0.2838041782 -0.9452949762 0.0511031784 -0.3221892416
-3.3 -172.3 2522.2 0 0 0 0 0 0 0 0 0
14.0 -137.7 2846.6 0 0 0 0 0 0 0 0 0
-385.8 -821.6 2546.5 0 0 0 0 0 0 0 0 0
-259.0 -845.8 2751.8 0 0 0 0 0 0 0 0 0
-179.4 472.9 2754.7 4 0.5393273830 0.2338610590 -0.8089715838 -0.2795847952 0.9558990002 0.0899411216 0.7943288684 0.1776684523 0.5809264779
-226.9 278.9 2718.7 0.5393273830 0.2338610590 -0.8089715838 -0.2795847952 0.9558990002 0.0899411216 0.7943288684 0.1776684523 0.5809264779
-268.0 86.9 2688.2 0.5474375486 0.2069789171 -0.8108463883 -0.2442226261 0.9662657976 0.0817664266 0.8004170656 0.1532650292 0.5795190930
-306.9 314.6 2601.8 -0.2622090280 0.7172523737 -0.6455969810 0.7993187308 0.5362597108 0.2711365819 0.5406810045 -0.4449433088 -0.7139254212
-211.1 22.7 2404.3 -0.6888935566 0.7172523737 -0.1047603562 0.6417147517 0.5362597108 -0.5482952595 -0.3370872736 -0.4449433088 -0.8296973109
-146.9 243.2 2835.6 0.0498388372 0.7279632092 -0.6838023067 -0.8953317404 0.3359706998 0.2924120128 0.4426027536 0.5976564288 0.6685129404
