-35.0 378.7 2476.7 5 0.3191565573 0.3734849989 -0.8710040450 -0.2536667287 0.9192009568 0.3012022376 0.9131222963 0.1248140708 0.3881097138
-109.0 196.5 2452.0 0.3191565573 0.3734849989 -0.8710040450 -0.2536667287 0.9192009568 0.3012022376 0.9131222963 0.1248140708 0.3881097138
-176.9 15.5 2434.0 0.3338078558 0.3495854735 -0.8754212260 -0.2161498070 0.9323316216 0.2898913920 0.9175246954 0.0924541056 0.3867824376
-154.6 226.0 2326.7 -0.3134722114 0.6167856455 -0.7220184803 0.6761526465 0.6788413525 0.2863424420 0.6667479277 -0.3984343112 -0.6298391223
-63.7 30.0 2133.4 -0.7508189678 0.6167856455 -0.2363183200 0.6593626142 0.6788413525 -0.3231335878 -0.0388814919 -0.3984343112 -0.9163723588
-63.4 167.0 2577.3 -0.2729830146 0.8576856256 -0.4357242584 -0.9233681560 -0.1065057367 0.3688465357 0.2699472606 0.5030227304 0.8210338354
-129.5 -56.3 2642.5 0.1312504560 0.8576856256 -0.4971404970 -0.9005508423 -0.1065057367 -0.4215028882 -0.4144652784 0.5030227304 0.7584105730
-273.2 -143.9 2331.7 0.3869131804 -0.0217507742 -0.9218595624 0.0389299467 0.9992157221 -0.0072366823 0.9212939739 -0.0330879763 0.3874565065
-264.8 -531.8 2344.5 0.3854768872 0.1321087927 -0.9132112861 0.0280186553 0.9875653386 0.1546921432 0.9222919941 -0.0852172002 0.3769820929
-217.6 -181.5 2497.7 0.4065044820 -0.0810541362 -0.9100463390 -0.0297234785 0.9943566322 -0.1018403620 0.9131651521 0.0684483051 0.4018012285
-186.2 -567.3 2471.1 0.3999901116 -0.0989302248 -0.9111644626 0.0482806750 0.9950513244 -0.0868436620 0.9152469039 -0.0092550302 0.4027871192
147.8 -155.8 2144.4 0 0 0 0 0 0 0 0 0
-94.7 -294.5 2532.9 0 0 0 0 0 0 0 0 0
-314.1 -900.4 2376.3 0 0 0 0 0 0 0 0 0
-157.3 -857.7 2473.8 0 0 0 0 0 0 0 0 0
-34.1 380.1 2476.4 6 0.3307952881 0.3712753654 -0.8675996065 -0.2542361021 0.9204270840 0.2969478071 0.9088115692 0.1223462075 0.3988645673
-107.7 197.6 2452.1 0.3307952881 0.3712753654 -0.8675996065 -0.2542361021 0.9204270840 0.2969478071 0.9088115692 0.1223462075 0.3988645673
-175.3 16.5 2434.3 0.3447559774 0.3484953940 -0.8716044426 -0.2182901651 0.9328392744 0.2866361737 0.9129582047 0.0914431512 0.3976750374
-154.8 227.4 2327.4 -0.2859211266 0.6028934717 -0.7448278666 0.6645101309 0.6847705841 0.2991915047 0.6904168129 -0.4094004929 -0.5964192152
-71.5 33.8 2126.2 -0.7513261437 0.6028934717 -0.2683812380 0.6599258780 0.6847705841 -0.3091717064 -0.0026180223 -0.4094004929 -0.9123510122
-60.6 167.8 2576.8 -0.2677430511 0.8636307716 -0.4271481633 -0.9248312116 -0.1060417220 0.3652976751 0.2701867819 0.4928458631 0.8271046281
-125.4 -55.9 2642.1 0.1286635697 0.8636307716 -0.4874295890 -0.8988857269 -0.1060417220 -0.4251583219 -0.4188676775 0.4928458631 0.7626616955
-274.6 -146.1 2333.9 0.3975505233 -0.0270584375 -0.9171812534 0.0279491171 0.9994583726 -0.0173712615 0.9171545506 -0.0187284518 0.3980914950
-264.1 -534.1 2341.2 0.3994047046 0.1355139315 -0.9067038298 0.0411736742 0.9853654504 0.1654075980 0.9158496857 -0.1033969000 0.3879799843
-214.9 -184.8 2498.2 0.4167133272 -0.0699907914 -0.9063395262 -0.0282891989 0.9955501556 -0.0898866653 0.9085976481 0.0630965903 0.4128790200
-187.7 -571.2 2473.7 0.4104399085 -0.0999457985 -0.9063938856 0.0455037914 0.9949819446 -0.0891088247 0.9107515812 -0.0046705431 0.4129281938
140.5 -152.4 2126.9 0 0 0 0 0 0 0 0 0
-91.3 -293.7 2531.3 0 0 0 0 0 0 0 0 0
-314.7 -901.8 2379.8 0 0 0 0 0 0 0 0 0
-159.0 -856.4 2475.1 0 0 0 0 0 0 0 0 0
-35.7 379.1 2477.2 7 0.3395476639 0.3705975115 -0.8645026684 -0.2635521293 0.9197763205 0.2907779515 0.9029106498 0.1291085631 0.4099796414
-109.0 197.1 2451.6 0.3395476639 0.3705975115 -0.8645026684 -0.2635521293 0.9197763205 0.2907779515 0.9029106498 0.1291085631 0.4099796414
-176.3 16.0 2432.2 0.3531829715 0.3464931548 -0.8690249324 -0.2283272743 0.9327231050 0.2790954113 0.9072642922 0.0998503342 0.4085357487
-157.3 228.3 2327.7 -0.2750633359 0.6092717052 -0.7437258363 0.6533797979 0.6859398484 0.3202832341 0.7052907348 -0.3978372812 -0.5867627263
-76.6 36.6 2120.8 -0.7409535050 0.6092717052 -0.2824462950 0.6711797118 0.6859398484 -0.2810771167 0.0224888287 -0.3978372812 -0.9171802998
-60.8 165.9 2575.5 -0.2627100348 0.8681110740 -0.4211491942 -0.9288479090 -0.1093796566 0.3539457917 0.2611991167 0.4841686487 0.8350782990
-124.3 -58.8 2638.7 0.1277801991 0.8681110740 -0.4796409309 -0.8932991624 -0.1093796566 -0.4359503686 -0.4309162796 0.4841686487 0.7615063190
-273.9 -145.0 2334.8 0.4053589106 -0.0243677329 -0.9138327837 0.0151254907 0.9996865988 -0.0199476797 0.9140324593 -0.0057361997 0.4056004584
-264.4 -533.1 2337.0 0.4113946855 0.1285768896 -0.9023427367 0.0583542436 0.9842534065 0.1668533087 0.9095873833 -0.1212980896 0.3974136114
-212.1 -184.1 2498.3 0.4239372611 -0.0474352241 -0.9044485092 -0.0281106606 0.9974572062 -0.0654893667 0.9052551985 0.0531880297 0.4215258658
-193.7 -571.2 2477.7 0.4160304964 -0.1284547597 -0.9002321959 0.0407564119 0.9916117191 -0.1226587221 0.9084368944 0.0143395374 0.4177760482
133.1 -153.3 2114.4 0 0 0 0 0 0 0 0 0
-90.5 -295.1 2524.7 0 0 0 0 0 0 0 0 0
-312.4 -900.4 2382.3 0 0 0 0 0 0 0 0 0
-157.1 -854.0 2473.6 0 0 0 0 0 0 0 0 0
-39.1 377.4 2477.6 8 0.3442193568 0.3611703217 -0.8666424155 -0.2602478564 0.9235852361 0.2815338969 0.9020998478 0.1286323965 0.4119097292
-110.4 195.1 2452.2 0.3442193568 0.3611703217 -0.8666424155 -0.2602478564 0.9235852361 0.2815338969 0.9020998478 0.1286323965 0.4119097292
-176.3 13.5 2433.0 0.3574939966 0.3391305208 -0.8701658249 -0.2250064462 0.9355694056 0.2721799910 0.9064050913 0.0984902158 0.4107669890
-159.3 225.8 2328.3 -0.2831738889 0.6361485124 -0.7177239060 0.6380188465 0.6836912632 0.3542572558 0.7160617709 -0.3576050103 -0.5994782448
-73.5 32.6 2111.5 -0.7263375521 0.6361485124 -0.2602860332 0.6870059371 0.6836912632 -0.2461485714 0.0213682298 -0.3576050103 -0.9336284399
-61.6 164.3 2576.0 -0.2543698251 0.8702997565 -0.4217515588 -0.9308339357 -0.1020064130 0.3509172499 0.2623818219 0.4818434119 0.8360518813
-123.1 -60.8 2639.5 0.1339685470 0.8702997565 -0.4739523232 -0.8924026489 -0.1020064130 -0.4395590723 -0.4308943152 0.4818434119 0.7629921436
-275.2 -144.6 2331.6 0.4075765014 -0.0302225128 -0.9126707911 0.0227151923 0.9994784594 -0.0229530428 0.9128885269 -0.0113763707 0.4080504477
-263.5 -532.6 2336.0 0.4120850265 0.1340316683 -0.9012333155 0.0542796701 0.9837533236 0.1711232066 0.9095271826 -0.1194359586 0.3981148005
-211.9 -185.5 2494.1 0.4263898730 -0.0449530222 -0.9034217596 -0.0199551973 0.9980537891 -0.0590800755 0.9043193460 0.0432191044 0.4246629477
-194.5 -572.8 2477.3 0.4189858437 -0.1357886493 -0.8977819085 0.0396528691 0.9905474782 -0.1313137710 0.9071265459 0.0194189809 0.4204097688
132.4 -162.2 2105.5 0 0 0 0 0 0 0 0 0
-87.7 -296.9 2525.5 0 0 0 0 0 0 0 0 0
-313.5 -899.8 2380.6 0 0 0 0 0 0 0 0 0
-155.8 -855.2 2471.8 0 0 0 0 0 0 0 0 0
-36.9 384.9 2477.3 9 0.3391208053 0.3579993248 -0.8699617982 -0.2470976561 0.9261873364 0.2848153710 0.9077113271 0.1183787137 0.4025501609
-108.3 200.2 2453.7 0.3391208053 0.3579993248 -0.8699617982 -0.2470976561 0.9261873364 0.2848153710 0.9077113271 0.1183787137 0.4025501609
-173.1 18.1 2436.1 0.3516858220 0.3338724971 -0.8745548725 -0.2132377923 0.9382468462 0.2724381387 0.9115079641 0.0906755179 0.4011623561
-156.3 229.4 2329.1 -0.2305877507 0.6287205219 -0.7426572442 0.6481605768 0.6684973240 0.3646905422 0.7257528305 -0.3972679973 -0.5616591573
-86.6 33.3 2109.6 -0.7211453915 0.6287205219 -0.2909636796 0.6923750639 0.6684973240 -0.2715291381 0.0237925164 -0.3972679973 -0.9173941612
-60.2 171.1 2578.2 -0.2519051433 0.8670839071 -0.4297781885 -0.9290949106 -0.0924213156 0.3581074178 0.2707885206 0.4895138443 0.8288846612
-121.2 -53.6 2643.7 0.1415354609 0.8670839071 -0.4776329100 -0.8964408636 -0.0924213156 -0.4334190488 -0.4199541509 0.4895138443 0.7642085552
-274.1 -148.0 2332.7 0.4011541009 -0.0266433898 -0.9156230092 0.0144079570 0.9996367693 -0.0227756407 0.9158972502 -0.0040557156 0.4013922513
-263.8 -536.1 2334.3 0.4087714851 0.1350384802 -0.9025909901 0.0658307225 0.9820534587 0.1767408848 0.9102594256 -0.1316648424 0.3925457597
-210.1 -188.3 2495.1 0.4201348126 -0.0474020094 -0.9062228203 -0.0186539888 0.9979726076 -0.0608493835 0.9072699547 0.0424696133 0.4183987975
-191.7 -575.7 2478.6 0.4142352641 -0.1224968955 -0.9018889070 0.0338802710 0.9922903180 -0.1192143261 0.9095390439 0.0188265350 0.4151918590
117.6 -162.7 2102.9 0 0 0 0 0 0 0 0 0
-83.7 -290.7 2532.6 0 0 0 0 0 0 0 0 0
-314.2 -902.6 2383.4 0 0 0 0 0 0 0 0 0
-156.8 -857.7 2473.3 0 0 0 0 0 0 0 0 0
-38.9 381.9 2477.6 0 0.3586854637 0.3569466174 -0.8625159860 -0.2597171962 0.9256771803 0.2750795782 0.8966000676 0.1253431886 0.4247321188
-109.9 198.0 2452.7 0.3586854637 0.3569466174 -0.8625159860 -0.2597171962 0.9256771803 0.2750795782 0.8966000676 0.1253431886 0.4247321188
-174.6 16.0 2433.5 0.3708793819 0.3332497776 -0.8668293357 -0.2267974019 0.9376379848 0.2634349763 0.9005616903 0.0988920331 0.4233307838
-160.5 228.9 2329.7 -0.2254335731 0.6490703821 -0.7265585661 0.6377144456 0.6621039510 0.3936225176 0.7365459800 -0.3746011257 -0.5631819963
-92.5 36.5 2107.4 -0.7119640112 0.6490703821 -0.2679829895 0.7021762133 0.6621039510 -0.2618529201 0.0074716019 -0.3746011257 -0.9271559715
-59.2 167.0 2575.7 -0.2439866364 0.8771707416 -0.4135722518 -0.9340447783 -0.0978567377 0.3434886634 0.2608273625 0.4701016247 0.8431924582
-118.2 -58.9 2638.8 0.1350514591 0.8771707416 -0.4607956111 -0.8892181516 -0.0978567377 -0.4468950331 -0.4370952249 0.4701016247 0.7667804360
-269.4 -144.9 2336.8 0.4196592867 -0.0145744439 -0.9075646996 0.0092025287 0.9998880029 -0.0118017867 0.9076350331 -0.0033991607 0.4197463989
-263.8 -533.1 2338.1 0.4229679108 0.1333205253 -0.8962833285 0.0327925086 0.9862172604 0.1621732563 0.9055510759 -0.0979854688 0.4127663374
-206.4 -183.1 2500.1 0.4389631450 -0.0524560660 -0.8969725370 -0.0366257019 0.9964199662 -0.0761958733 0.8977582455 0.0662994310 0.4354704022
-186.1 -569.8 2474.4 0.4323491752 -0.0988672674 -0.8962697387 0.0445375219 0.9950990677 -0.0882847682 0.9006056786 -0.0017477865 0.4346335828
108.8 -162.0 2105.3 0 0 0 0 0 0 0 0 0
-82.5 -294.1 2523.2 0 0 0 0 0 0 0 0 0
-313.5 -901.0 2374.7 0 0 0 0 0 0 0 0 0
-157.4 -858.5 2474.9 0 0 0 0 0 0 0 0 0
-41.4 377.2 2479.8 1 0.3531033695 0.3499121070 -0.8676863313 -0.2699615359 0.9260855913 0.2636024654 0.8957895041 0.1411630064 0.4214667380
-110.5 194.3 2451.9 0.3531033695 0.3499121070 -0.8676863313 -0.2699615359 0.9260855913 0.2636024654 0.8957895041 0.1411630064 0.4214667380
-173.3 11.9 2430.1 0.3661356866 0.3234022856 -0.8725569248 -0.2338511497 0.9395532012 0.2501067519 0.9006987810 0.1124754325 0.4196319580
-160.5 226.2 2328.9 -0.1670018435 0.6149376631 -0.7706893682 0.6402139664 0.6620943546 0.3895601332 0.7498242855 -0.4283488393 -0.5042626858
-111.1 36.9 2107.2 -0.7253575325 0.6149376631 -0.3093672991 0.6880162954 0.6620943546 -0.2970936000 0.0221363138 -0.4283488393 -0.9033422470
-60.5 162.4 2574.9 -0.2368194610 0.8744761348 -0.4233297110 -0.9393615723 -0.0948588774 0.3295475841 0.2480249256 0.4757029414 0.8439137340
-117.7 -64.8 2634.9 0.1471069455 0.8744761348 -0.4622240067 -0.8826435804 -0.0948588774 -0.4603716433 -0.4464300573 0.4757029414 0.7578963637
-272.5 -145.7 2333.7 0.4120675623 -0.0264975689 -0.9107679129 0.0225633308 0.9995672703 -0.0188725200 0.9108738899 -0.0127732037 0.4124871194
-262.2 -533.7 2338.6 0.4136538506 0.1413825303 -0.8993895054 0.0334395021 0.9848427773 0.1701954007 0.9098199010 -0.1004771143 0.4026562572
-206.1 -186.3 2495.0 0.4318262637 -0.0493899174 -0.9006035328 -0.0328550301 0.9969756007 -0.0704285577 0.9013581872 0.0600022599 0.4288975298
-186.9 -573.3 2471.7 0.4246468544 -0.1051226333 -0.8992353678 0.0487034284 0.9944503903 -0.0932542160 0.9040481448 -0.0041957363 0.4274100661
94.0 -157.6 2100.9 0 0 0 0 0 0 0 0 0
-78.8 -298.3 2516.8 0 0 0 0 0 0 0 0 0
-315.0 -901.2 2376.1 0 0 0 0 0 0 0 0 0
-157.3 -853.2 2472.9 0 0 0 0 0 0 0 0 0
-41.6 376.4 2478.4 2 0.3565632999 0.3500764370 -0.8662038445 -0.2644757926 0.9270412326 0.2657953203 0.8960553408 0.1343170851 0.4231356084
-110.8 193.3 2451.8 0.3565632999 0.3500764370 -0.8662038445 -0.2644757926 0.9270412326 0.2657953203 0.8960553408 0.1343170851 0.4231356084
-173.9 10.9 2430.6 0.3681221902 0.3251523674 -0.8710694313 -0.2325271517 0.9392828345 0.2523468435 0.9002317190 0.1096528322 0.4213775992
-161.1 225.0 2328.9 -0.1271783113 0.5997341275 -0.7900282741 0.6434098482 0.6560658216 0.3944634795 0.7548837662 -0.4581447542 -0.4693121910
-124.2 38.4 2109.9 -0.7280170918 0.5997341275 -0.3321295679 0.6849910021 0.6560658216 -0.3168043494 0.0279004686 -0.4581447542 -0.8884395957
-60.5 161.5 2574.8 -0.2376114279 0.8755694628 -0.4206173718 -0.9384686947 -0.0951979011 0.3319846690 0.2506337464 0.4736196101 0.8443146348
-117.9 -65.5 2635.4 0.1446059048 0.8755694628 -0.4609417617 -0.8837922215 -0.0951979011 -0.4580924809 -0.4449724555 0.4736196101 0.7600552440
-268.8 -149.5 2327.6 0.4143822491 -0.0127760349 -0.9100132585 0.0289232433 0.9995812774 -0.0008630709 0.9096432328 -0.0259628948 0.4145782590
-263.9 -537.4 2337.7 0.4166123867 0.1379053891 -0.8985634446 0.0444732346 0.9841517806 0.1716606021 0.9079957008 -0.1114779636 0.4038767517
-203.2 -191.4 2488.9 0.4336982965 -0.0560351275 -0.8993141055 -0.0234078076 0.9970269799 -0.0734120086 0.9007540345 0.0528896339 0.4310972393
-181.5 -578.4 2468.4 0.4281489253 -0.0838731453 -0.8998076320 0.0608404726 0.9961000681 -0.0638995022 0.9016578794 -0.0273862202 0.4315820634
82.3 -155.9 2102.0 0 0 0 0 0 0 0 0 0
-79.7 -299.3 2517.7 0 0 0 0 0 0 0 0 0
-315.3 -904.7 2379.3 0 0 0 0 0 0 0 0 0
-158.1 -856.5 2476.0 0 0 0 0 0 0 0 0 0
-39.1 374.8 2478.2 3 0.3885968328 0.3379774392 -0.8571836352 -0.2640946209 0.9321209788 0.2477993220 0.8827494383 0.1300835460 0.4514772892
-105.9 190.8 2452.5 0.3885968328 0.3379774392 -0.8571836352 -0.2640946209 0.9321209788 0.2477993220 0.8827494383 0.1300835460 0.4514772892
-166.8 7.7 2431.7 0.3992498517 0.3139428794 -0.8614171147 -0.2334469706 0.9433905482 0.2356199920 0.8866239786 0.1070239693 0.4499375522
-160.4 222.7 2331.4 -0.0763196647 0.5868363976 -0.8061007261 0.6358820200 0.6513615251 0.4139834046 0.7680034637 -0.4809898734 -0.4228703976
-138.5 40.2 2111.0 -0.7351321578 0.5868363976 -0.3394167721 0.6776071787 0.6513615251 -0.3414333761 0.0207174942 -0.4809898734 -0.8764813542
-51.3 159.0 2573.6 -0.2153661698 0.8911390901 -0.3993601203 -0.9439626336 -0.0852385238 0.3188556731 0.2501038909 0.4456517398 0.8595595360
-103.4 -69.3 2634.0 0.1441474557 0.8911390901 -0.4302239120 -0.8781256080 -0.0852385238 -0.4707756937 -0.4561983049 0.4456517398 0.7702451944
-270.0 -150.6 2328.6 0.4416022003 -0.0193888918 -0.8970014453 0.0353347324 0.9993667006 -0.0042059207 0.8965148926 -0.0298379622 0.4420076311
-262.4 -538.5 2340.2 0.4409175217 0.1426223367 -0.8861436844 0.0305739697 0.9843347669 0.1736385673 0.8970267177 -0.1036532149 0.4296498895
-204.0 -192.2 2489.9 0.4613798857 -0.0630165711 -0.8849618435 -0.0200807229 0.9964770079 -0.0814265683 0.8869754076 0.0553392582 0.4584890604
-179.6 -579.1 2468.4 0.4571092129 -0.0731093213 -0.8864006996 0.0568124838 0.9969807267 -0.0529321283 0.8875942230 -0.0261628609 0.4598825872
70.1 -152.1 2105.1 0 0 0 0 0 0 0 0 0
-65.3 -301.6 2513.4 0 0 0 0 0 0 0 0 0
-315.7 -905.9 2378.9 0 0 0 0 0 0 0 0 0
-159.4 -853.4 2475.6 0 0 0 0 0 0 0 0 0
-37.8 377.6 2486.6 4 0.3666463494 0.3315767944 -0.8692682385 -0.2705001533 0.9319638610 0.2413980812 0.8901686072 0.1466294676 0.4313926995
-103.6 192.6 2457.5 0.3666463494 0.3315767944 -0.8692682385 -0.2705001533 0.9319638610 0.2413980812 0.8901686072 0.1466294676 0.4313926995
-162.9 9.2 2434.3 0.3785450459 0.3054703474 -0.8737227917 -0.2354480028 0.9446980953 0.2282755971 0.8951357007 0.1193036810 0.4295331836
-155.3 224.7 2335.2 -0.0246554017 0.5826591849 -0.8123425245 0.6327421069 0.6382064819 0.4385543466 0.7739700079 -0.5031905770 -0.3844082355
-148.2 41.7 2111.3 -0.7344799042 0.5826591849 -0.3479189575 0.6785545945 0.6382064819 -0.3636704087 0.0101482365 -0.5031905770 -0.8641158938
-51.9 160.4 2579.7 -0.2156526148 0.8803154230 -0.4225383997 -0.9464383721 -0.0819452628 0.3123129904 0.2403089255 0.4672576487 0.8508359790
-104.1 -68.5 2637.8 0.1608635783 0.8803154230 -0.4462820292 -0.8750454187 -0.0819452628 -0.4770539701 -0.4565286636 0.4672576487 0.7571339607
-263.5 -154.5 2331.5 0.4190967679 0.0002466405 -0.9079415202 0.0264172871 0.9995732903 0.0124654882 0.9075571895 -0.0292095989 0.4189113975
-263.6 -542.5 2342.8 0.4202488065 0.1366434842 -0.8970615864 0.0346218571 0.9854624271 0.1663283855 0.9067481756 -0.1009572446 0.4094085395
-192.0 -196.3 2490.3 0.4399683774 -0.0311199911 -0.8974738717 -0.0337994620 0.9981173873 -0.0511793159 0.8973769546 0.0528514162 0.4380882382
-179.9 -583.6 2469.8 0.4345283806 -0.0819121674 -0.8969255686 0.0522130206 0.9964718819 -0.0657079443 0.8991433978 -0.0182792246 0.4372722208
60.0 -150.6 2108.5 0 0 0 0 0 0 0 0 0
-61.5 -300.0 2517.0 0 0 0 0 0 0 0 0 0
-314.6 -910.3 2380.5 0 0 0 0 0 0 0 0 0
-157.8 -852.5 2474.7 0 0 0 0 0 0 0 0 0
-42.4 379.4 2483.3 5 0.3793526590 0.3283299804 -0.8650381565 -0.2677898407 0.9338686466 0.2370187789 0.8856523633 0.1417347193 0.4421890080
-107.3 194.9 2455.3 0.3793526590 0.3283299804 -0.8650381565 -0.2677898407 0.9338686466 0.2370187789 0.8856523633 0.1417347193 0.4421890080
-166.6 11.5 2432.1 0.3892360032 0.3054609299 -0.8690161109 -0.2384960204 0.9446649551 0.2252282947 0.8897274733 0.1195899248 0.4405488372
-160.5 227.5 2333.8 -0.0219768099 0.5925913453 -0.8052033782 0.6421588063 0.6256575584 0.4429273903 0.7662565112 -0.5073343515 -0.3942877352
-154.2 43.7 2114.4 -0.7275601625 0.5925913453 -0.3456757963 0.6860334277 0.6256575584 -0.3713634014 -0.0037920706 -0.5073343515 -0.8617409468
-54.1 162.3 2576.8 -0.2115384042 0.8857809305 -0.4130903482 -0.9476974010 -0.0825412348 0.3083125651 0.2390003949 0.4567045867 0.8569129109
-105.3 -66.9 2634.6 0.1568467021 0.8857809305 -0.4367965758 -0.8729166985 -0.0825412348 -0.4808360934 -0.4619691670 0.4567045867 0.7602666616
-256.0 -153.1 2331.0 0.4295165539 0.0190317594 -0.9028584361 0.0196947865 0.9993426800 0.0304349903 0.9028441906 -0.0308539364 0.4288594127
-263.4 -541.0 2343.0 0.4289611578 0.1301497221 -0.8938978314 0.0154469870 0.9883646369 0.1513165534 0.9031908512 -0.0787169486 0.4219596088
-188.2 -195.3 2491.3 0.4507291019 -0.0190297589 -0.8924579024 -0.0501009338 0.9976575375 -0.0465760119 0.8912537098 0.0657061338 0.4487198591
-180.8 -582.4 2465.8 0.4446904361 -0.0771978796 -0.8923513293 0.0694522709 0.9962511063 -0.0515757725 0.8929875493 -0.0390405767 0.4483849108
51.7 -150.4 2115.5 0 0 0 0 0 0 0 0 0
-63.8 -297.8 2512.4 0 0 0 0 0 0 0 0 0
-312.0 -909.8 2372.3 0 0 0 0 0 0 0 0 0
-159.6 -856.5 2476.5 0 0 0 0 0 0 0 0 0
-45.3 378.2 2472.6 6 0.4118945599 0.3267340660 -0.8506395817 -0.2725681663 0.9349423647 0.2271328270 0.8695110679 0.1383025050 0.4741550088
-109.7 194.0 2445.4 0.4118945599 0.3267340660 -0.8506395817 -0.2725681663 0.9349423647 0.2271328270 0.8695110679 0.1383025050 0.4741550088
-166.8 9.8 2424.3 0.4252562821 0.2946377695 -0.8557719588 -0.2320476919 0.9494169950 0.2115684748 0.8748205304 0.1086090878 0.4721155763
-167.7 225.7 2326.0 -0.0405152515 0.6155480146 -0.7870572805 0.6573638916 0.6096423268 0.4429548383 0.7524833679 -0.4994366169 -0.4293388426
-156.5 43.4 2117.3 -0.7180743814 0.6155480146 -0.3247611821 0.6950003505 0.6096423268 -0.3811965585 -0.0366566293 -0.4994366169 -0.8655745983
-51.6 162.4 2564.8 -0.1875493228 0.9031007886 -0.3863084614 -0.9509535432 -0.0684470087 0.3016660213 0.2459931672 0.4239386618 0.8716440797
-97.0 -67.6 2624.3 0.1535538137 0.9031007886 -0.4010364115 -0.8704726696 -0.0684470087 -0.4874344170 -0.4676521420 0.4239386618 0.7756142616
-260.7 -150.5 2329.2 0.4619227946 0.0076923743 -0.8868867755 0.0320243500 0.9991656542 0.0253456645 0.8863418102 -0.0401097126 0.4612910748
-263.7 -538.3 2344.7 0.4580668807 0.1268676221 -0.8798177838 0.0000808260 0.9897569418 0.1427626610 0.8889177442 -0.0654659644 0.4533646405
-191.0 -193.2 2488.5 0.4835318327 -0.0226694886 -0.8750331998 -0.0339391455 0.9984273314 -0.0446205884 0.8746685982 0.0512733534 0.4820020199
-182.2 -580.7 2468.6 0.4777384102 -0.0861828625 -0.8742645383 0.0553759262 0.9961515665 -0.0679382309 0.8767551184 -0.0159565043 0.4806723297
47.0 -153.5 2127.7 0 0 0 0 0 0 0 0 0
-56.3 -297.8 2500.6 0 0 0 0 0 0 0 0 0
-311.0 -907.7 2369.2 0 0 0 0 0 0 0 0 0
-158.9 -849.8 2472.9 0 0 0 0 0 0 0 0 0
-43.6 382.2 2475.8 7 0.3880710304 0.3214420676 -0.8637568355 -0.2648377717 0.9365717173 0.2295526713 0.8827580810 0.1396726966 0.4485863447
-107.6 195.8 2448.0 0.3880710304 0.3214420676 -0.8637568355 -0.2648377717 0.9365717173 0.2295526713 0.8827580810 0.1396726966 0.4485863447
-164.4 11.4 2427.0 0.4012353122 0.2925288379 -0.8680075407 -0.2243842185 0.9501492977 0.2164902985 0.8880664110 0.1079036370 0.4468722939
-162.4 226.4 2326.8 -0.0203762595 0.6208692193 -0.7836492658 0.6666119099 0.5925971270 0.4521694481 0.7451264262 -0.5131764412 -0.4259537458
-156.8 43.1 2121.8 -0.7150232792 0.6208692193 -0.3213458061 0.6964480877 0.5925971270 -0.4047081769 -0.0608422458 -0.5131764412 -0.8561239243
-52.8 165.2 2569.2 -0.1951828897 0.8912242651 -0.4094178081 -0.9484844804 -0.0653035417 0.3100203276 0.2495612204 0.4488371015 0.8580585122
-100.1 -64.2 2629.6 0.1652145386 0.8912242651 -0.4224020243 -0.8748531938 -0.0653035417 -0.4799659252 -0.4553416371 0.4488371015 0.7689013481
-262.0 -153.8 2324.8 0.4378352761 0.0031829227 -0.8990495801 0.0395304449 0.9989584684 0.0227878783 0.8981857300 -0.0455171689 0.4372534454
-263.2 -541.5 2342.5 0.4338856339 0.1253895164 -0.8921999335 0.0064411629 0.9898112416 0.1422401816 0.9009449482 -0.0674627796 0.4286572039
-185.9 -195.3 2481.4 0.4594346285 -0.0115402602 -0.8881366253 -0.0116704525 0.9997508526 -0.0190276969 0.8881348968 0.0191069394 0.4591854513
-181.4 -583.1 2474.0 0.4555218816 -0.0923297107 -0.8854236603 0.0362497233 0.9957059026 -0.0851803496 0.8894862533 0.0067051523 0.4569127560
45.6 -154.0 2139.1 0 0 0 0 0 0 0 0 0
-56.3 -295.6 2509.1 0 0 0 0 0 0 0 0 0
-310.0 -911.0 2367.7 0 0 0 0 0 0 0 0 0
-156.4 -852.3 2472.2 0 0 0 0 0 0 0 0 0
-41.3 384.8 2477.4 8 0.3926130533 0.3217205703 -0.8615978360 -0.2670883238 0.9363314509 0.2279192656 0.8800675273 0.1406386495 0.4535437822
-105.5 198.0 2449.3 0.3926130533 0.3217205703 -0.8615978360 -0.2670883238 0.9363314509 0.2279192656 0.8800675273 0.1406386495 0.4535437822
-162.4 13.7 2427.8 0.4051922262 0.2932590246 -0.8659205437 -0.2285127640 0.9495797157 0.2146631330 0.8852124810 0.1108940616 0.4517757595
-160.9 229.2 2328.4 -0.0578728542 0.6379547119 -0.7678961754 0.6992986798 0.5748566389 0.4248778820 0.7124830484 -0.5123998523 -0.4793894887
-144.7 34.4 2130.0 -0.7212942839 0.6379547119 -0.2697190642 0.6791175604 0.5748566389 -0.4564419091 -0.1361394823 -0.5123998523 -0.8478870392
-50.2 166.8 2570.2 -0.1943051815 0.8932318091 -0.4054409862 -0.9495213032 -0.0674938709 0.3063558638 0.2462820411 0.4445014000 0.8612570167
-97.2 -62.8 2629.8 0.1630291492 0.8932318091 -0.4189969003 -0.8727552891 -0.0674938709 -0.4834695160 -0.4601300955 0.4445014000 0.7685693502
-257.1 -153.0 2326.6 0.4418093562 0.0151263354 -0.8969814181 0.0248642359 0.9992672801 0.0290981531 0.8967643380 -0.0351585932 0.4411095083
-262.9 -540.8 2340.2 0.4418661892 0.1246214658 -0.8883826733 0.0253145564 0.9881772399 0.1512115747 0.8967237473 -0.0893042907 0.4334873557
-185.2 -193.1 2485.6 0.4634968340 -0.0044148774 -0.8860875964 -0.0223175939 0.9996122122 -0.0166544486 0.8858174682 0.0274946280 0.4632185698
-183.5 -581.1 2474.9 0.4584621489 -0.0972097516 -0.8833814263 0.0378673263 0.9952337742 -0.0898656994 0.8879068494 0.0077487291 0.4599580765
58.1 -156.5 2168.2 0 0 0 0 0 0 0 0 0
-54.1 -293.7 2508.1 0 0 0 0 0 0 0 0 0
-309.4 -909.6 2373.6 0 0 0 0 0 0 0 0 0
-156.9 -853.6 2472.8 0 0 0 0 0 0 0 0 0
-40.3 381.3 2477.7 9 0.4154135883 0.3278541267 -0.8484947085 -0.2847129703 0.9327830076 0.2210303843 0.8639271259 0.1497584134 0.4808350503
-105.4 196.0 2447.9 0.4154135883 0.3278541267 -0.8484947085 -0.2847129703 0.9327830076 0.2210303843 0.8639271259 0.1497584134 0.4808350503
-163.6 12.3 2424.2 0.4277571738 0.2996111512 -0.8527936339 -0.2477493733 0.9461981654 0.2081569880 0.8692778945 0.1222384423 0.4789715409
-163.8 229.8 2329.2 -0.1056835726 0.6679025888 -0.7367069125 0.7186786532 0.5633330345 0.4076234996 0.6872641444 -0.4863764346 -0.5395423770
-134.1 27.6 2135.9 -0.7114728689 0.6679025888 -0.2184319645 0.6750835776 0.5633330345 -0.4763591588 -0.1951115727 -0.4863764346 -0.8516862392
-47.0 162.1 2566.6 -0.1913989335 0.9044423699 -0.3812485635 -0.9536694288 -0.0795050263 0.2901613414 0.2321230471 0.4191216826 0.8777561784
-93.3 -68.5 2622.7 0.1473482996 0.9044423699 -0.4003404677 -0.8637894988 -0.0795050263 -0.4975405633 -0.4818258286 0.4191216826 0.7695329189
-255.6 -150.2 2327.0 0.4660256803 0.0210882835 -0.8845198154 0.0268392004 0.9989188910 0.0379564576 0.8843640089 -0.0414284915 0.4649558663
-263.8 -537.9 2343.1 0.4642844200 0.1251407266 -0.8768008947 0.0127052339 0.9889249802 0.1478712410 0.8855950236 -0.0797942728 0.4575525224
-183.1 -191.1 2485.5 0.4868143201 -0.0007220409 -0.8735051751 -0.0303394999 0.9993823171 -0.0177346375 0.8729784489 0.0351351835 0.4864917099
-182.8 -579.0 2471.9 0.4812145233 -0.0889995545 -0.8720731735 0.0499418080 0.9960003495 -0.0740888044 0.8751790524 -0.0079003023 0.4837346375
66.0 -162.3 2190.8 0 0 0 0 0 0 0 0 0
-54.4 -296.9 2495.3 0 0 0 0 0 0 0 0 0
-310.5 -907.0 2372.9 0 0 0 0 0 0 0 0 0
-158.0 -855.9 2474.1 0 0 0 0 0 0 0 0 0
-41.8 382.1 2476.8 0 0.4318175614 0.3245515823 -0.8415461183 -0.2869479060 0.9339752793 0.2129580230 0.8550990820 0.1495208889 0.4964363277
-106.3 196.6 2447.1 0.4318175614 0.3245515823 -0.8415461183 -0.2869479060 0.9339752793 0.2129580230 0.8550990820 0.1495208889 0.4964363277
-163.9 12.9 2423.0 0.4433562458 0.2967641950 -0.8457932472 -0.2520192266 0.9468081594 0.2001014650 0.8601869345 0.1244399250 0.4945636094
-166.8 231.1 2329.7 -0.1724538356 0.6884518862 -0.7044811249 0.7322516441 0.5679677725 0.3757927120 0.6588377357 -0.4510505795 -0.6020682454
-117.6 21.9 2141.5 -0.7058326006 0.6884518862 -0.1668361425 0.6677232981 0.5679677725 -0.4812050164 -0.2365289479 -0.4510505795 -0.8605855107
-45.7 162.2 2564.6 -0.1825831681 0.9116796255 -0.3681081235 -0.9563862681 -0.0778607354 0.2815368474 0.2280102372 0.4034574628 0.8861339688
-89.9 -69.1 2619.7 0.1438064426 0.9116796255 -0.3849154711 -0.8593276143 -0.0778607354 -0.5054639578 -0.4907909930 0.4034574628 0.7722346187
-260.1 -149.2 2322.7 0.4806026518 0.0087326076 -0.8768950105 0.0338275656 0.9990215898 0.0284887943 0.8762857914 -0.0433550142 0.4798370302
-263.5 -537.0 2339.5 0.4805799425 0.1242025569 -0.8681109548 0.0336470455 0.9865792394 0.1597788334 0.8763052225 -0.1059958711 0.4699511528
-183.5 -193.5 2478.3 0.5012205243 -0.0081275934 -0.8652814031 -0.0139645794 0.9997497201 -0.0174797382 0.8652068973 0.0208444949 0.5009815693
-180.4 -581.6 2470.2 0.4965045750 -0.0874874443 -0.8636140227 0.0523394570 0.9961150289 -0.0708195791 0.8664547205 -0.0100388434 0.4991547167
81.6 -166.5 2208.3 0 0 0 0 0 0 0 0 0
-51.9 -296.4 2489.9 0 0 0 0 0 0 0 0 0
-309.8 -905.1 2379.1 0 0 0 0 0 0 0 0 0
-156.6 -852.7 2473.0 0 0 0 0 0 0 0 0 0
-40.7 379.9 2473.4 1 0.4648823142 0.3302340806 -0.8214802742 -0.2975269854 0.9321468472 0.2063489854 0.8338837624 0.1484845579 0.5315921307
-106.2 195.1 2444.0 0.4648823142 0.3302340806 -0.8214802742 -0.2975269854 0.9321468472 0.2063489854 0.8338837624 0.1484845579 0.5315921307
-165.2 11.8 2419.4 0.4757615626 0.3037550151 -0.8254597783 -0.2653268576 0.9443219304 0.1945706159 0.8386015892 0.1264474243 0.5298664570
-171.1 231.3 2329.5 -0.2220650315 0.7020732760 -0.6765946150 0.7361539602 0.5757408738 0.3558086753 0.6393469572 -0.4190651178 -0.6446859241
-107.2 19.4 2145.4 -0.6981367469 0.7020732760 -0.1403502375 0.6724826694 0.5757408738 -0.4650693834 -0.2457073927 -0.4190651178 -0.8740779757
-41.3 158.9 2558.4 -0.1760781258 0.9264370799 -0.3327322900 -0.9592343569 -0.0855759159 0.2693441212 0.2210565209 0.3665938377 0.9037383199
-83.8 -73.1 2611.9 0.1223141253 0.9264370799 -0.3560246527 -0.8525554538 -0.0855759159 -0.5155830979 -0.5081224442 0.3665938377 0.7793718576
-261.2 -148.4 2321.8 0.5145129561 0.0048446348 -0.8574689031 0.0462377183 0.9983724356 0.0333850645 0.8562350869 -0.0568244569 0.5134515166
-263.1 -535.9 2343.9 0.5086406469 0.1288364530 -0.8512848616 -0.0038598375 0.9890719056 0.1473833919 0.8609702587 -0.0716793612 0.5035794377
-181.8 -193.5 2475.9 0.5343381763 -0.0007469641 -0.8452704549 -0.0134811401 0.9998648763 -0.0094056884 0.8451632857 0.0164210275 0.5342559218
-181.5 -581.6 2469.5 0.5288128853 -0.0975724459 -0.8431112170 0.0561960079 0.9952152967 -0.0799282640 0.8468759656 -0.0051123849 0.5317658782
89.9 -170.4 2214.8 0 0 0 0 0 0 0 0 0
-51.5 -298.6 2477.5 0 0 0 0 0 0 0 0 0
-311.2 -904.8 2370.6 0 0 0 0 0 0 0 0 0
-155.0 -852.2 2470.9 0 0 0 0 0 0 0 0 0
-40.2 381.7 2468.7 2 0.4618767500 0.3340948522 -0.8216145635 -0.2893407345 0.9324219823 0.2164976597 0.8384222388 0.1377313137 0.5273312926
-106.3 197.1 2441.4 0.4618767500 0.3340948522 -0.8216145635 -0.2893407345 0.9324219823 0.2164976597 0.8384222388 0.1377313137 0.5273312926
-166.0 13.8 2418.6 0.4723154604 0.3075195253 -0.8260446787 -0.2588084936 0.9442402720 0.2035399228 0.8425771594 0.1176523268 0.5255679488
-170.8 232.4 2326.4 -0.2141334265 0.5867314339 -0.7809565067 0.7403398752 0.6190379262 0.2620856762 0.6372156143 -0.5220519304 -0.5669373870
-111.6 27.8 2150.2 -0.7839444876 0.5867314339 -0.2029217780 0.5957661867 0.6190379262 -0.5117173791 -0.1746243834 -0.5220519304 -0.8348461390
-41.8 161.7 2556.5 -0.1807624698 0.9250701070 -0.3340213001 -0.9561517239 -0.0857174322 0.2800471783 0.2304318249 0.3699970543 0.9000018835
-85.5 -69.5 2612.2 0.1201588139 0.9250701070 -0.3602876067 -0.8581035733 -0.0857174322 -0.5062714815 -0.4992195368 0.3699970543 0.7835062146
-266.7 -147.8 2319.9 0.5123827457 -0.0126198400 -0.8586644530 0.0482301861 0.9987366796 0.0141014522 0.8574017882 -0.0486388877 0.5123440623
-261.8 -535.4 2338.8 0.5092131495 0.1372840703 -0.8496205211 0.0244406294 0.9844908714 0.1737250835 0.8602933288 -0.1092283577 0.4979603589
-181.6 -195.3 2470.0 0.5319681764 -0.0040884274 -0.8467544913 0.0011487856 0.9999908805 -0.0041065891 0.8467636108 0.0012118352 0.5319679976
-180.0 -583.4 2469.5 0.5279749036 -0.0866564736 -0.8448272943 0.0564805493 0.9961610436 -0.0668817014 0.8473797441 -0.0124044465 0.5308424234
106.4 -137.9 2198.8 0 0 0 0 0 0 0 0 0
-53.8 -296.5 2480.2 0 0 0 0 0 0 0 0 0
-313.0 -902.5 2379.5 0 0 0 0 0 0 0 0 0
-156.4 -854.7 2472.9 0 0 0 0 0 0 0 0 0
-39.9 379.6 2473.3 3 0.4336891472 0.3390441835 -0.8348429799 -0.2997656465 0.9280235767 0.2211624086 0.8497377634 0.1543415040 0.5041075349
-107.0 195.9 2442.8 0.4336891472 0.3390441835 -0.8348429799 -0.2997656465 0.9280235767 0.2211624086 0.8497377634 0.1543415040 0.5041075349
-167.9 13.3 2417.5 0.4452242553 0.3140242994 -0.8385487795 -0.2667624056 0.9404799342 0.2105595618 0.8547591567 0.1299470663 0.5024943352
-167.8 232.3 2326.1 -0.1898266673 0.5299841762 -0.8264881372 0.7373130322 0.6328198910 0.2364496887 0.6483327150 -0.5644960403 -0.5108903646
-117.0 35.3 2152.8 -0.8175706267 0.5299841762 -0.2251556963 0.5580456853 0.6328198910 -0.5367718339 -0.1419975609 -0.5644960403 -0.8131303191
-46.2 159.5 2559.5 -0.1972575337 0.9131413698 -0.3567383885 -0.9550161362 -0.0967931449 0.2803127170 0.2214353085 0.3959847093 0.8911579847
-93.9 -71.5 2613.0 0.1254024953 0.9131413698 -0.3878749907 -0.8575937748 -0.0967931449 -0.5051375628 -0.4988056719 0.3959847093 0.7709662914
-268.0 -146.3 2320.3 0.4880361259 -0.0204073880 -0.8725848198 0.0463721156 0.9989209175 0.0025738478 0.8715907335 -0.0417197347 0.4884558320
-260.1 -534.1 2336.5 0.4854508638 0.1477728784 -0.8616847396 0.0286654793 0.9823913574 0.1846226007 0.8737939000 -0.1143258065 0.4726667404
-183.4 -192.7 2471.2 0.5074818730 -0.0111757442 -0.8615899682 -0.0052874340 0.9998566508 -0.0160835441 0.8616462350 0.0127177071 0.5073500276
-179.1 -580.8 2466.3 0.5033026934 -0.0777109712 -0.8606087565 0.0640176684 0.9965642691 -0.0525485203 0.8617355227 -0.0286463499 0.5065483451
110.4 -119.9 2192.3 0 0 0 0 0 0 0 0 0
-60.7 -298.3 2481.1 0 0 0 0 0 0 0 0 0
-315.2 -900.6 2379.2 0 0 0 0 0 0 0 0 0
-157.6 -856.6 2474.2 0 0 0 0 0 0 0 0 0
-39.4 383.0 2477.6 4 0.3960083723 0.3432925642 -0.8516616821 -0.2998540699 0.9249874353 0.2334219962 0.8679083586 0.1629371494 0.4692404270
-107.6 199.2 2445.3 0.3960083723 0.3432925642 -0.8516616821 -0.2998540699 0.9249874353 0.2334219962 0.8679083586 0.1629371494 0.4692404270
-169.4 17.1 2419.2 0.4087669253 0.3186370134 -0.8552076221 -0.2639396489 0.9383018017 0.2234403491 0.8736392260 0.1343881637 0.4676476717
-163.3 235.2 2326.1 -0.2071324885 0.5491230488 -0.8096665740 0.7471742034 0.6230420470 0.2314072549 0.6315274239 -0.5570300221 -0.5393428206
-106.2 29.3 2152.0 -0.8056312799 0.5491230488 -0.2223107964 0.5719147921 0.6230420470 -0.5336028934 -0.1545046866 -0.5570300221 -0.8159937859
-51.8 163.2 2564.5 -0.2158385217 0.8959564567 -0.3881697357 -0.9510496259 -0.1028539911 0.2914200425 0.2211748660 0.4320683777 0.8742989302
-104.0 -66.8 2618.0 0.1354755312 0.8959564567 -0.4229756594 -0.8631664515 -0.1028539911 -0.4943325818 -0.4864051938 0.4320683777 0.7594254017
-268.7 -145.3 2315.8 0.4539532065 -0.0166000277 -0.8908708692 0.0682411939 0.9975375533 0.0161854625 0.8884084821 -0.0681415349 0.4539681673
-262.3 -532.4 2342.2 0.4482957423 0.1230413690 -0.8853766322 0.0181622803 0.9890229702 0.1466413438 0.8937007785 -0.0818191469 0.4411400557
-189.0 -193.1 2468.8 0.4732792377 -0.0252470989 -0.8805505633 0.0110912630 0.9996807575 -0.0227014497 0.8808426261 0.0009777062 0.4734081626
-179.2 -581.1 2468.4 0.4703886807 -0.0754821897 -0.8792251945 0.0554637611 0.9968940616 -0.0559108481 0.8807146549 -0.0224653054 0.4731141925
118.8 -130.5 2195.2 0 0 0 0 0 0 0 0 0
-68.1 -295.1 2489.3 0 0 0 0 0 0 0 0 0
-308.1 -901.2 2372.7 0 0 0 0 0 0 0 0 0
-158.4 -855.3 2474.6 0 0 0 0 0 0 0 0 0
-39.9 384.2 2477.8 5 0.4002022445 0.3401428461 -0.8509647846 -0.2973456085 0.9265269637 0.2305067778 0.8668470383 0.1607812941 0.4719381332
-107.5 200.2 2445.9 0.4002022445 0.3401428461 -0.8509647846 -0.2973456085 0.9265269637 0.2305067778 0.8668470383 0.1607812941 0.4719381332
-168.7 17.9 2419.9 0.4123619199 0.3156990111 -0.8545711040 -0.2627504468 0.9393900633 0.2202464342 0.8723071814 0.1337177157 0.4703187346
-163.8 236.1 2326.8 -0.2501257658 0.5788515806 -0.7761237025 0.7476913333 0.6247653365 0.2250021845 0.6151380539 -0.5240221024 -0.5890721679
-92.5 23.2 2151.6 -0.7891232967 0.5788515806 -0.2054634988 0.5911155939 0.6247653365 -0.5101476312 -0.1669332981 -0.5240221024 -0.8351851106
-51.2 164.4 2565.0 -0.2117758393 0.8976397514 -0.3865150213 -0.9518277049 -0.0997010022 0.2899719775 0.2217544466 0.4293047488 0.8755126595
-102.4 -65.8 2618.6 0.1372196376 0.8976397514 -0.4188241065 -0.8624390364 -0.0997010022 -0.4962444901 -0.4872059524 0.4293047488 0.7604786754
-267.8 -141.4 2314.9 0.4567818940 -0.0170303304 -0.8894156814 0.0496754311 0.9987449646 0.0063883299 0.8881906867 -0.0471001826 0.4570546150
-261.2 -529.0 2333.2 0.4573803246 0.1343934387 -0.8790572286 0.0540181808 0.9824900031 0.1783126891 0.8876290321 -0.1290417910 0.4421119094
-194.6 -188.7 2471.2 0.4759858549 -0.0343665108 -0.8787811995 0.0102771474 0.9993852973 -0.0335164294 0.8793928623 0.0069219833 0.4760464728
-181.3 -576.6 2468.5 0.4725119472 -0.0851599574 -0.8772002459 0.0570594147 0.9961884618 -0.0659759417 0.8794752359 -0.0188781153 0.4755701125
129.4 -143.1 2198.6 0 0 0 0 0 0 0 0 0
-66.1 -294.0 2489.7 0 0 0 0 0 0 0 0 0
-311.2 -895.1 2381.2 0 0 0 0 0 0 0 0 0
-157.4 -855.7 2473.8 0 0 0 0 0 0 0 0 0
-41.2 381.8 2477.9 6 0.4076125920 0.3362258971 -0.8490018249 -0.2964428663 0.9281123877 0.2252310365 0.8636976480 0.1598735303 0.4779820740
-107.6 198.6 2446.3 0.4076125920 0.3362258971 -0.8490018249 -0.2964428663 0.9281123877 0.2252310365 0.8636976480 0.1598735303 0.4779820740
-168.1 15.9 2420.6 0.4197908342 0.3115819097 -0.8524625301 -0.2613060772 0.9409506917 0.2152462155 0.8691920042 0.1323952526 0.4764207304
-164.9 234.3 2327.6 -0.3087149262 0.5835018754 -0.7511462569 0.7456315160 0.6387690306 0.1897571385 0.5905326009 -0.5014974475 -0.6322749257
-74.3 15.3 2154.2 -0.7856724262 0.5835018754 -0.2055345029 0.6002999544 0.6387690306 -0.4812630117 -0.1495287865 -0.5014974475 -0.8521393538
-50.3 162.9 2565.0 -0.2051353306 0.9011170864 -0.3819783330 -0.9531216621 -0.0952262133 0.2872125208 0.2224377692 0.4229892790 0.8784084916
-99.9 -67.6 2618.8 0.1385282278 0.9011170864 -0.4108501971 -0.8612154126 -0.0952262133 -0.4992394447 -0.4889968932 0.4229892790 0.7628644109
-266.9 -140.9 2315.8 0.4628360271 -0.0144904591 -0.8863254786 0.0411320925 0.9991405010 0.0051441723 0.8854891062 -0.0388373286 0.4630342424
-261.3 -528.7 2330.9 0.4648586512 0.1319502890 -0.8754973412 0.0558125637 0.9824986458 0.1777114868 0.8836240172 -0.1314744651 0.4493584931
-193.1 -188.0 2472.1 0.4822066724 -0.0318614915 -0.8754779100 0.0062583024 0.9994382262 -0.0329257846 0.8760351539 0.0103980284 0.4821351767
-180.7 -576.0 2468.0 0.4787580073 -0.0809380636 -0.8742080927 0.0561651178 0.9965253472 -0.0615040362 0.8761485219 -0.0196544491 0.4816403687
146.3 -153.3 2196.2 0 0 0 0 0 0 0 0 0
-63.2 -295.5 2489.5 0 0 0 0 0 0 0 0 0
-310.5 -895.2 2380.0 0 0 0 0 0 0 0 0 0
-158.0 -855.0 2473.5 0 0 0 0 0 0 0 0 0
-43.3 381.7 2469.9 7 0.3828165829 0.3314232826 -0.8623282909 -0.2658743560 0.9334657192 0.2407333553 0.8847385645 0.1371142417 0.4454631209
-108.8 197.1 2442.8 0.3828165829 0.3314232826 -0.8623282909 -0.2658743560 0.9334657192 0.2407333553 0.8847385645 0.1371142417 0.4454631209
-168.3 13.5 2422.0 0.3953769505 0.3059270084 -0.8660749197 -0.2288357615 0.9459803700 0.2296851873 0.8895567656 0.1073766723 0.4440259039
-162.8 228.3 2321.4 -0.3405546546 0.5927634835 -0.7298314571 0.7338671684 0.6528228521 0.1877799034 0.5877597332 -0.4716500342 -0.6573315263
-63.8 14.9 2150.5 -0.7763266563 0.5927634835 -0.2143557519 0.6190197468 0.6528228521 -0.4366198182 -0.1188759506 -0.4716500342 -0.8737360835
-54.8 165.9 2564.2 -0.2101018429 0.8887422681 -0.4074241221 -0.9450437427 -0.0778416023 0.3175421059 0.2504985332 0.4517498016 0.8562549949
-105.6 -62.6 2624.8 0.1536876261 0.8887422681 -0.4318765104 -0.8778447509 -0.0778416023 -0.4725772440 -0.4536173046 0.4517498016 0.7682144642
-266.2 -143.3 2317.1 0.4378181398 -0.0147151398 -0.8989431262 0.0445903316 0.9989909530 0.0053642606 0.8979571462 -0.0424327441 0.4380325079
-260.4 -531.1 2333.5 0.4393126667 0.1406960338 -0.8872479796 0.0548529997 0.9816149473 0.1828202903 0.8966580033 -0.1289834827 0.4235182703
-191.0 -190.1 2472.8 0.4585414231 -0.0334362686 -0.8880438209 -0.0045519662 0.9991904497 -0.0399715267 0.8886613846 0.0223709457 0.4580180049
-178.0 -578.0 2464.1 0.4545119107 -0.0721539706 -0.8878134489 0.0677391142 0.9966273308 -0.0463187210 0.8881611824 -0.0390872881 0.4578666389
154.5 -159.1 2183.9 0 0 0 0 0 0 0 0 0
-65.0 -294.7 2504.9 0 0 0 0 0 0 0 0 0
-312.9 -897.4 2381.7 0 0 0 0 0 0 0 0 0
-157.9 -855.6 2475.0 0 0 0 0 0 0 0 0 0
-44.8 380.1 2465.9 8 0.3779134452 0.3247362077 -0.8670223951 -0.2571229935 0.9364439249 0.2386640012 0.8894206882 0.1327370405 0.4373919070
-108.9 195.3 2439.7 0.3779134452 0.3247362077 -0.8670223951 -0.2571229935 0.9364439249 0.2386640012 0.8894206882 0.1327370405 0.4373919070
-167.0 11.1 2420.2 0.3907531202 0.2990344167 -0.8705689907 -0.2183154821 0.9488834143 0.2279444188 0.8942317367 0.1009887010 0.4360629916
-162.3 225.1 2317.6 -0.3573701978 0.6077961326 -0.7091335654 0.7182347178 0.6641957164 0.2073232383 0.5970137119 -0.4352332056 -0.6739040613
-58.5 16.4 2144.3 -0.7679038644 0.6077961326 -0.2022562474 0.6312054992 0.6641957164 -0.4005292654 -0.1091023982 -0.4352332056 -0.8936826587
-55.6 165.5 2561.8 -0.2054563314 0.8861762285 -0.4153063893 -0.9441499114 -0.0677709356 0.3224717677 0.2576211095 0.4583653510 0.8506071568
