-155.8 450.5 2756.3 1 0.4947910011 0.3044006228 -0.8139546514 -0.3142131269 0.9359403253 0.1590149850 0.8102172613 0.1770760566 0.5587415099
-217.7 260.3 2720.3 0.4947910011 0.3044006228 -0.8139546514 -0.3142131269 0.9359403253 0.1590149850 0.8102172613 0.1770760566 0.5587415099
-271.9 71.8 2688.6 0.5044755340 0.2729793489 -0.8191377521 -0.2826023102 0.9486539960 0.1420969814 0.8158678412 0.1598057747 0.5557173491
-291.4 301.6 2601.1 -0.3247307837 0.8194232583 -0.4723297656 0.8607725501 0.4629945755 0.2114395648 0.3919446170 -0.3379075527 -0.8556856513
-189.4 31.3 2478.1 -0.5719410181 0.8194232583 -0.0378018990 0.6993290186 0.4629945755 -0.5445868969 -0.4287451208 -0.3379075527 -0.8378520608
-144.0 219.0 2839.5 -0.0291464031 0.7330713272 -0.6795269847 -0.8958665729 0.2823777497 0.3430537879 0.4433661997 0.6187642813 0.6485037804
-149.8 39.6 2928.3 0.5272879601 0.7330713272 -0.4296206236 -0.8105898499 0.2823777497 -0.5130369067 -0.2547773421 0.6187642813 0.7431145310
-369.0 -96.3 2582.3 0.6056373715 0.0486835465 -0.7942501307 -0.0082088718 0.9984558821 0.0549408458 0.7956984043 -0.0267543327 0.6051018238
-388.4 -492.9 2592.9 0.6099432707 -0.0055135144 -0.7924259305 -0.1176051646 0.9882724881 -0.0973987952 0.7836697102 0.1526011229 0.6021417379
-276.7 -146.5 2732.6 -0.3680649102 0.2124730051 0.9051980376 -0.0314507224 0.9701383710 -0.2405044287 -0.9292680621 -0.1169903725 -0.3503914475
-361.1 -531.7 2779.0 -0.3680649102 -0.2817656994 0.8860791922 -0.0314507224 0.9562056065 0.2910011113 -0.9292680621 0.0792394727 -0.3608074784
-23.9 -171.1 2602.2 0 0 0 0 0 0 0 0 0
-12.8 -171.0 2862.1 0 0 0 0 0 0 0 0 0
-386.6 -818.1 2542.7 0 0 0 0 0 0 0 0 0
-274.2 -826.6 2754.6 0 0 0 0 0 0 0 0 0
-151.5 447.7 2755.5 2 0.4974200130 0.3171402216 -0.8074623346 -0.3295637071 0.9300822616 0.1622799188 0.8024718761 0.1853890121 0.5671594143
-215.8 259.2 2717.9 0.4974200130 0.3171402216 -0.8074623346 -0.3295637071 0.9300822616 0.1622799188 0.8024718761 0.1853890121 0.5671594143
-272.8 71.7 2685.0 0.5080977678 0.2867843211 -0.8121523261 -0.2964365780 0.9435577989 0.1477294564 0.8086791635 0.1656906456 0.5644329786
-290.0 302.5 2599.8 -0.3392267823 0.7807612419 -0.5247256756 0.8400230408 0.5024887919 0.2046125084 0.4234222770 -0.3713716269 -0.8263151050
-183.0 37.3 2466.2 -0.6205168366 0.7807612419 -0.0732848495 0.6932664514 0.5024887919 -0.5166107416 -0.3665248454 -0.3713716269 -0.8530783653
-141.6 215.9 2836.1 -0.0368805528 0.7422587872 -0.6690977216 -0.8993347287 0.2672720253 0.3460674882 0.4357027411 0.6145059466 0.6576819420
-149.0 35.8 2923.3 0.5143342614 0.7422587872 -0.4295488298 -0.8150427938 0.2672720253 -0.5140728951 -0.2667687237 0.6145059466 0.7424398065
-372.4 -90.8 2582.0 0.6142210364 0.0238685030 -0.7887729406 0.0135639273 0.9990754724 0.0407946110 0.7890174389 -0.0357557684 0.6133294702
-381.9 -487.6 2596.2 0.6193520427 0.0109597128 -0.7850368619 -0.1331254542 0.9868894815 -0.0912511200 0.7737445831 0.1610249579 0.6126910448
-279.9 -142.6 2731.6 -0.3882455230 0.2153084278 0.8960511684 -0.0298294649 0.9688786268 -0.2457325011 -0.9210730791 -0.1221332699 -0.3697402477
-365.4 -527.5 2780.2 -0.3882455230 -0.2895900905 0.8748731017 -0.0298294649 0.9527950287 0.3021453619 -0.9210730791 0.0912095830 -0.3785567284
-1.2 -165.8 2573.6 0 0 0 0 0 0 0 0 0
-15.4 -176.0 2854.0 0 0 0 0 0 0 0 0 0
-385.6 -819.3 2542.1 0 0 0 0 0 0 0 0 0
-275.1 -824.6 2751.7 0 0 0 0 0 0 0 0 0
-147.9 446.3 2755.6 3 0.4974007607 0.3270827234 -0.8034982085 -0.3388777971 0.9258692861 0.1671164632 0.7985952497 0.1891638488 0.5713691711
-214.0 259.1 2717.4 0.4974007607 0.3270827234 -0.8034982085 -0.3388777971 0.9258692861 0.1671164632 0.7985952497 0.1891638488 0.5713691711
-272.6 72.2 2683.7 0.5087446570 0.2950454354 -0.8087812066 -0.3048497736 0.9403107166 0.1512691975 0.8051369190 0.1695993841 0.5683225989
-288.3 303.6 2599.8 -0.3560215831 0.7661510110 -0.5350338817 0.8280255795 0.5240311027 0.1994116753 0.4331538379 -0.3720268905 -0.8209590316
-173.3 36.2 2459.9 -0.6380615830 0.7661510110 -0.0767463297 0.6893860102 0.5240311027 -0.5001382828 -0.3429639935 -0.3720268905 -0.8625379205
-139.7 214.5 2835.0 -0.0424913801 0.7467277050 -0.6637711525 -0.9013296962 0.2579818666 0.3479225338 0.4310443401 0.6130604148 0.6620858908
-148.2 34.0 2921.3 0.5067036748 0.7467277050 -0.4308701754 -0.8177301884 0.2579818666 -0.5145509839 -0.2730727792 0.6130604148 0.7413421869
-376.4 -88.6 2578.0 0.6177541614 0.0105649531 -0.7863003016 0.0257688519 0.9991007447 0.0336694084 0.7859489918 -0.0410614721 0.6169263721
-380.6 -485.5 2594.3 0.6225563884 0.0180801116 -0.7823660374 -0.1299974024 0.9882324338 -0.0806059539 0.7717021704 0.1518873125 0.6175807714
-283.2 -143.0 2726.3 -0.4699013829 0.2503324449 0.8464788198 -0.0390448980 0.9521118999 -0.3032465279 -0.8818549514 -0.1755466312 -0.4376244843
-382.5 -520.5 2795.9 -0.4699013829 -0.3288168907 0.8191899657 -0.0390448980 0.9348645210 0.3528510034 -0.8818549514 0.1338199824 -0.4521327317
15.1 -167.4 2561.2 0 0 0 0 0 0 0 0 0
-16.5 -178.4 2850.4 0 0 0 0 0 0 0 0 0
-386.7 -820.0 2542.9 0 0 0 0 0 0 0 0 0
-274.9 -826.3 2752.1 0 0 0 0 0 0 0 0 0
-146.4 444.6 2755.2 4 0.5004253983 0.3298142254 -0.8004980087 -0.3404413462 0.9250776768 0.1683180630 0.7960364819 0.1882919818 0.5752147436
-212.9 258.1 2717.2 0.5004253983 0.3298142254 -0.8004980087 -0.3404413462 0.9250776768 0.1683180630 0.7960364819 0.1882919818 0.5752147436
-272.2 71.3 2684.2 0.5124332905 0.2983762324 -0.8052228093 -0.3047933280 0.9398378134 0.1542914957 0.8028157353 0.1663624346 0.5725472569
-287.8 302.6 2600.0 -0.3606655598 0.7474265695 -0.5579192042 0.8136442900 0.5445626378 0.2035547644 0.4559641778 -0.3805325627 -0.8045443296
-170.1 37.1 2451.2 -0.6558575034 0.7474265695 -0.1058507562 0.6961023211 0.5445626378 -0.4678601623 -0.2920487523 -0.3805325627 -0.8774408698
-138.1 213.5 2834.5 -0.0423557907 0.7507773042 -0.6591960788 -0.9005047083 0.2571113110 0.3506922126 0.4327785373 0.6084629893 0.6651883125
-146.6 33.2 2921.2 0.5030925870 0.7507773042 -0.4280552864 -0.8194866180 0.2571113110 -0.5121868849 -0.2744804323 0.6084629893 0.7446027398
-377.9 -86.6 2576.2 0.6222878098 0.0187979415 -0.7825627923 0.0325775668 0.9982236028 0.0498837568 0.7821103334 -0.0565360449 0.6205700040
-385.4 -483.2 2598.7 0.6299332380 0.0048278971 -0.7766342759 -0.1300421804 0.9865188599 -0.0993454531 0.7656847239 0.1635762304 0.6220688820
-284.6 -142.5 2723.9 -0.4123920798 0.2026533633 0.8881803751 -0.0425252281 0.9695991278 -0.2409753650 -0.9100133777 -0.1371463984 -0.3912371099
-364.9 -526.7 2778.2 -0.4123920798 -0.2877969742 0.8643527627 -0.0425252281 0.9538359046 0.2973022759 -0.9100133777 0.0858482942 -0.4055930078
23.9 -168.8 2537.6 0 0 0 0 0 0 0 0 0
-15.9 -179.7 2849.9 0 0 0 0 0 0 0 0 0
-387.0 -817.8 2543.2 0 0 0 0 0 0 0 0 0
-275.8 -821.9 2751.6 0 0 0 0 0 0 0 0 0
-146.2 445.0 2755.5 5 0.4975737333 0.3307646513 -0.8018822670 -0.3414832950 0.9244877696 0.1694447696 0.7973766923 0.1895181090 0.5729514360
-213.0 258.1 2717.2 0.4975737333 0.3307646513 -0.8018822670 -0.3414832950 0.9244877696 0.1694447696 0.7973766923 0.1895181090 0.5729514360
-272.4 71.5 2683.7 0.5093994737 0.2990239561 -0.8069057465 -0.3064874709 0.9392395020 0.1545788646 0.8041005135 0.1685640961 0.5700951815
-287.4 302.9 2599.7 -0.2941639125 0.6811348796 -0.6704646945 0.7871447802 0.5705449581 0.2342680842 0.5420984030 -0.4588395357 -0.7039855123
-195.5 57.0 2430.3 -0.7122914791 0.6811348796 -0.1693993360 0.6613804102 0.5705449581 -0.4868823290 -0.2349825948 -0.4588395357 -0.8568835855
-138.6 213.4 2834.6 -0.0449140668 0.7490981817 -0.6609346271 -0.9010171294 0.2553619444 0.3506542146 0.4314520061 0.6112627387 0.6634809971
-147.6 32.9 2921.1 0.5029487014 0.7490981817 -0.4311548471 -0.8197721243 0.2553619444 -0.5126050115 -0.2738909721 0.6112627387 0.7425237894
-378.5 -87.5 2577.5 0.6198523641 0.0182021149 -0.7845072746 0.0360209085 0.9980171323 0.0516166873 0.7838912606 -0.0602533929 0.6179676652
-385.8 -484.1 2601.4 0.6288336515 0.0008901463 -0.7775393128 -0.1332312673 0.9853329659 -0.1066225320 0.7660402656 0.1706403941 0.6197291613
-284.5 -143.4 2724.8 -0.4070221782 0.1951211244 0.8923344016 -0.0290168542 0.9736624956 -0.2261401415 -0.9129572511 -0.1179367825 -0.3906404078
-361.9 -529.6 2771.5 -0.4007314742 -0.2817817330 0.8717874289 -0.0507426634 0.9568953514 0.2859658599 -0.9147893190 0.0703587085 -0.3977564573
12.0 -135.7 2498.8 0 0 0 0 0 0 0 0 0
-16.9 -180.1 2849.9 0 0 0 0 0 0 0 0 0
-386.1 -819.2 2543.4 0 0 0 0 0 0 0 0 0
-274.0 -828.2 2749.6 0 0 0 0 0 0 0 0 0
-145.3 450.7 2765.6 6 0.4561696649 0.3229561448 -0.8292216659 -0.3393430114 0.9245421290 0.1734018326 0.8226515651 0.2022899240 0.5313409567
-211.1 262.3 2724.4 0.4561696649 0.3229561448 -0.8292216659 -0.3393430114 0.9245421290 0.1734018326 0.8226515651 0.2022899240 0.5313409567
-269.6 75.7 2689.3 0.4682458341 0.2945076525 -0.8330732584 -0.3028926849 0.9391935468 0.1617762148 0.8300613761 0.1765807718 0.5289776325
-279.4 306.6 2603.3 -0.2661684155 0.6781283021 -0.6850520968 0.7780510187 0.5706780553 0.2626083195 0.5690263510 -0.4631074369 -0.6795149446
-194.3 57.8 2421.4 -0.7117467523 0.6781283021 -0.1831897795 0.6670053005 0.5706780553 -0.4789890349 -0.2202736437 -0.4631074369 -0.8584934473
-142.8 218.1 2845.5 -0.0698788986 0.7195687294 -0.6908963919 -0.8980233073 0.2561956942 0.3576560915 0.4343627989 0.6454336643 0.6282868385
-156.8 38.3 2932.5 0.5116643310 0.7195687294 -0.4694895744 -0.8239998221 0.2561956942 -0.5053592920 -0.2433595359 0.6454336643 0.7240107059
-378.6 -87.0 2576.4 0.5810061097 0.0206483155 -0.8136372566 0.0378297754 0.9979126453 0.0523384921 0.8130195737 -0.0611886978 0.5790122151
-386.8 -483.6 2600.8 0.5904645324 -0.0079136416 -0.8070247769 -0.1272534132 0.9865307808 -0.1027795896 0.7969681025 0.1633843631 0.5815044045
-285.1 -143.3 2723.9 -0.3608880937 0.1833164394 0.9144150615 -0.0275121275 0.9779717922 -0.2069160044 -0.9322032332 -0.0998310223 -0.3478949368
-357.9 -531.5 2763.6 -0.3524397910 -0.2732786834 0.8950446844 -0.0578654520 0.9609470367 0.2706147432 -0.9340437651 0.0435832366 -0.3544893563
12.9 -136.5 2485.5 0 0 0 0 0 0 0 0 0
-23.9 -175.7 2869.3 0 0 0 0 0 0 0 0 0
-384.1 -822.7 2544.6 0 0 0 0 0 0 0 0 0
-272.4 -832.2 2749.9 0 0 0 0 0 0 0 0 0
-147.2 451.6 2760.7 7 0.4927208424 0.3177355528 -0.8101050854 -0.3279173970 0.9301212430 0.1653623134 0.8060374260 0.1841700822 0.5624811053
-211.9 262.4 2723.2 0.4927208424 0.3177355528 -0.8101050854 -0.3279173970 0.9301212430 0.1653623134 0.8060374260 0.1841700822 0.5624811053
-269.6 75.1 2690.7 0.5029972792 0.2907896936 -0.8139011860 -0.2962910533 0.9426527023 0.1536797285 0.8119146228 0.1638511419 0.5603101254
-285.2 305.7 2604.8 -0.2975369394 0.7055208087 -0.6432046294 0.7507407665 0.5891068578 0.2989003062 0.5897966623 -0.3939460516 -0.7049442530
-187.8 59.8 2411.6 -0.6921738982 0.7055208087 -0.1521041244 0.6921129823 0.5891068578 -0.4170524180 -0.2046335638 -0.3939460516 -0.8960645199
-138.5 219.2 2841.7 -0.0432638563 0.7410159111 -0.6700922847 -0.8980047107 0.2651091814 0.3511475623 0.4378535748 0.6169380546 0.6539661288
-147.1 39.4 2929.3 0.5108782649 0.7410159111 -0.4357738197 -0.8188318610 0.2651091814 -0.5091477633 -0.2617589533 0.6169380546 0.7422059774
-371.0 -83.2 2578.2 0.6104403734 0.0374817140 -0.7911748290 0.0075681075 0.9985581040 0.0531457067 0.7920260429 -0.0384299830 0.6092765331
-385.9 -479.9 2593.5 0.6144275665 0.0011852160 -0.7889723182 -0.1077564210 0.9907542467 -0.0824290738 0.7815800309 0.1356635243 0.6088744402
-285.2 -138.7 2730.3 -0.3907922208 0.1726643294 0.9041396379 -0.0029915352 0.9820057154 -0.1888275146 -0.9204740524 -0.0764970854 -0.3832436502
-353.8 -528.6 2760.7 -0.3730361164 -0.2580023110 0.8912232518 -0.0733387470 0.9657533765 0.2488810718 -0.9249137640 0.0274804346 -0.3791824877
15.4 -143.4 2471.7 0 0 0 0 0 0 0 0 0
-14.4 -173.3 2861.3 0 0 0 0 0 0 0 0 0
-386.3 -820.4 2546.9 0 0 0 0 0 0 0 0 0
-272.9 -831.3 2752.1 0 0 0 0 0 0 0 0 0
-150.0 451.6 2768.2 8 0.4704152346 0.3069798946 -0.8273287416 -0.3159808815 0.9339729548 0.1668849289 0.8239330053 0.1829148680 0.5363548994
-212.3 262.1 2731.1 0.4704152346 0.3069798946 -0.8273287416 -0.3159808815 0.9339729548 0.1668849289 0.8239330053 0.1829148680 0.5363548994
-267.8 74.1 2698.7 0.4801458120 0.2792837024 -0.8315411210 -0.2847737074 0.9462451935 0.1533753723 0.8296769857 0.1631585062 0.5338683128
-282.3 303.7 2610.0 -0.2800863385 0.7361850142 -0.6161032915 0.7270395160 0.5817671418 0.3646375537 0.6268693209 -0.3458014727 -0.6981806159
-189.9 63.7 2403.1 -0.6639761329 0.7361850142 -0.1310240477 0.7197788358 0.5817671418 -0.3787682950 -0.2026180625 -0.3458014727 -0.9161698818
-142.2 220.5 2852.2 -0.0505765416 0.7200476527 -0.6920790076 -0.8938643932 0.2764591575 0.3529544175 0.4454755783 0.6364759803 0.6296426058
-152.4 41.5 2941.4 0.5242218375 0.7200476527 -0.4546678364 -0.8176803589 0.2764591575 -0.5049446821 -0.2378871739 0.6364759803 0.7336947918
-373.3 -85.1 2583.7 0.5853600502 0.0348941050 -0.8100222349 -0.0018571257 0.9991285205 0.0416983701 0.8107713461 -0.0229042470 0.5849147439
-387.2 -482.0 2592.8 0.5896139741 -0.0057722372 -0.8076645732 -0.1119834259 0.9897323251 -0.0888239518 0.7998844385 0.1428168863 0.5829135776
-281.2 -139.4 2732.5 -0.3607255816 0.1869300455 0.9137473702 -0.0040006940 0.9793900847 -0.2019383013 -0.9326634407 -0.0764999315 -0.3525432050
-355.5 -528.4 2762.9 -0.3467467129 -0.2604240477 0.9010804892 -0.0578758754 0.9647922516 0.2565662563 -0.9361715317 0.0368126780 -0.3496108055
6.7 -149.5 2463.1 0 0 0 0 0 0 0 0 0
-16.2 -170.8 2879.6 0 0 0 0 0 0 0 0 0
-385.3 -815.4 2544.7 0 0 0 0 0 0 0 0 0
-272.9 -834.4 2751.2 0 0 0 0 0 0 0 0 0
-149.9 452.6 2772.5 9 0.4532682598 0.3095674217 -0.8358922601 -0.3278483152 0.9299224019 0.1666129231 0.8288928866 0.1985255182 0.5229954720
-212.9 263.2 2732.1 0.4532682598 0.3095674217 -0.8358922601 -0.3278483152 0.9299224019 0.1666129231 0.8288928866 0.1985255182 0.5229954720
-269.2 76.0 2696.8 0.4631326795 0.2835200727 -0.8397169113 -0.2967075408 0.9423812032 0.1545390040 0.8351483345 0.1775782853 0.5205700994
-280.5 306.6 2610.2 -0.2553031445 0.7835299969 -0.5664812922 0.7211140990 0.5445951223 0.4282646775 0.6440611482 -0.2991603017 -0.7040513754
-196.0 67.9 2397.0 -0.6156653166 0.7835299969 -0.0838865787 0.7454503179 0.5445951223 -0.3843436241 -0.2554605305 -0.2991603017 -0.9193710089
-145.3 219.9 2854.0 -0.0651640370 0.7106739283 -0.7004971504 -0.8977647424 0.2647046447 0.3520652056 0.4356283844 0.6518236399 0.6207687855
-158.4 40.1 2941.2 0.5223481655 0.7106739283 -0.4712695479 -0.8191820383 0.2647046447 -0.5087949038 -0.2368400395 0.6518236399 0.7204393148
-367.2 -87.9 2590.3 0.5710334182 0.0509581976 -0.8193437457 -0.0097657228 0.9984226227 0.0552896932 0.8208687305 -0.0235707778 0.5706303120
-387.4 -484.5 2599.7 0.5760481954 -0.0047169691 -0.8174021244 -0.1328652203 0.9861447215 -0.0993249118 0.8065452576 0.1658202559 0.5674402118
-279.2 -140.1 2742.3 -0.3409735858 0.1902847141 0.9206132293 0.0239049010 0.9807382226 -0.1938583404 -0.9397689104 -0.0440934040 -0.3389545679
-354.8 -529.5 2759.9 -0.3176241517 -0.2627059817 0.9110984802 -0.0673293546 0.9646778703 0.2546829283 -0.9458232522 0.0195497759 -0.3240928054
-14.1 -152.4 2472.5 0 0 0 0 0 0 0 0 0
-22.7 -172.7 2879.7 0 0 0 0 0 0 0 0 0
-385.9 -816.0 2544.0 0 0 0 0 0 0 0 0 0
-270.9 -837.8 2753.6 0 0 0 0 0 0 0 0 0
-154.0 452.1 2775.6 0 0.4295892417 0.2846559286 -0.8569854498 -0.3083291352 0.9382211566 0.1570800692 0.8487557173 0.1967536956 0.4908174276
-211.4 262.7 2735.9 0.4295892417 0.2846559286 -0.8569854498 -0.3083291352 0.9382211566 0.1570800692 0.8487557173 0.1967536956 0.4908174276
-263.7 74.3 2700.9 0.4375934303 0.2634198964 -0.8597220182 -0.2807773650 0.9483461976 0.1476604193 0.8542107940 0.1767752618 0.4889523983
-275.2 303.8 2611.3 -0.2272698879 0.7986692190 -0.5572035909 0.7142799497 0.5256314278 0.4620776474 0.6619309187 -0.2929830253 -0.6899335980
-201.3 71.3 2395.8 -0.5945808291 0.7986692190 -0.0927421153 0.7643172741 0.5256314278 -0.3735381365 -0.2495852560 -0.2929830253 -0.9229670167
-147.6 221.7 2860.6 -0.0676960722 0.6832627058 -0.7270277143 -0.8938260078 0.2822230458 0.3484612703 0.4432745576 0.6734257340 0.5916125774
-161.1 42.7 2949.4 0.5420791507 0.6832627058 -0.4891853333 -0.8139525056 0.2822230458 -0.5077710748 -0.2088816911 0.6734257340 0.7091305852
-368.0 -84.1 2585.0 0.5420948267 0.0327653103 -0.8396782875 0.0167703871 0.9986186624 0.0497943014 0.8401499391 -0.0410749651 0.5407965779
-381.0 -480.8 2601.3 0.5477365851 0.0109271314 -0.8365795016 -0.1470810771 0.9855999947 -0.0834253058 0.8236211538 0.1687401086 0.5414563417
-283.1 -138.5 2738.1 -0.3081713617 0.1729620099 0.9354755878 0.0071006939 0.9837243557 -0.1795436740 -0.9513043761 -0.0486876927 -0.3043838441
-351.8 -529.2 2757.4 -0.2916208208 -0.2479585260 0.9238364697 -0.0604641549 0.9686636925 0.2409039140 -0.9546210766 0.0143936034 -0.2974750996
-25.2 -155.0 2469.7 0 0 0 0 0 0 0 0 0
-20.4 -168.6 2895.1 0 0 0 0 0 0 0 0 0
-384.7 -819.8 2543.3 0 0 0 0 0 0 0 0 0
-273.5 -834.9 2752.8 0 0 0 0 0 0 0 0 0
-155.7 449.9 2775.7 1 0.4212290049 0.2751321197 -0.8642154932 -0.2941535115 0.9428116083 0.1567800641 0.8579276204 0.1881717145 0.4780706763
-211.1 259.9 2737.8 0.4212290049 0.2751321197 -0.8642154932 -0.2941535115 0.9428116083 0.1567800641 0.8579276204 0.1881717145 0.4780706763
-262.0 70.7 2704.3 0.4285512567 0.2560714483 -0.8664705753 -0.2680368125 0.9518579841 0.1487368941 0.8628441691 0.1685046107 0.4765565097
-273.7 299.0 2611.8 -0.1951863915 0.8246263862 -0.5309364796 0.7004578114 0.4961237013 0.5130498409 0.6864846349 -0.2717582583 -0.6744526029
-211.5 76.0 2393.2 -0.5595033765 0.8246263862 -0.0833503604 0.7861255407 0.4961237013 -0.3686026335 -0.2626073956 -0.2717582583 -0.9258427620
-148.6 220.7 2863.7 -0.0683013350 0.6733447313 -0.7361669540 -0.8887469172 0.2941892743 0.3515416980 0.4532811940 0.6782768965 0.5783395171
-162.3 42.7 2954.5 0.5491713285 0.6733447313 -0.4949926734 -0.8132497072 0.2941892743 -0.5020733476 -0.1924468875 0.6782768965 0.7091577053
-356.1 -88.3 2587.6 0.5295842290 0.0592327043 -0.8461867571 -0.0163546279 0.9980865717 0.0596301146 0.8480997086 -0.0177400969 0.5295395851
-379.6 -484.7 2594.6 0.5314841866 0.0168832932 -0.8468999863 -0.1377297938 0.9882191420 -0.0667337477 0.8357960582 0.1521112919 0.5275481939
-276.0 -139.8 2744.1 -0.2925258577 0.1957736462 0.9360028505 0.0151587082 0.9796450734 -0.2001643330 -0.9561374784 -0.0443646498 -0.2895391881
-353.7 -529.0 2761.7 -0.2760317028 -0.2490590066 0.9283189774 -0.0516369008 0.9682912827 0.2444291860 -0.9597604275 0.0195346884 -0.2801397145
-47.0 -155.3 2470.5 0 0 0 0 0 0 0 0 0
-19.6 -168.5 2904.5 0 0 0 0 0 0 0 0 0
-385.4 -819.2 2543.1 0 0 0 0 0 0 0 0 0
-275.2 -834.3 2755.6 0 0 0 0 0 0 0 0 0
-155.7 452.6 2776.7 2 0.4086185992 0.2667644620 -0.8728502393 -0.2826822698 0.9462983608 0.1568763256 0.8678258061 0.1826366931 0.4620846808
-209.5 261.7 2739.9 0.4086185992 0.2667644620 -0.8728502393 -0.2826822698 0.9462983608 0.1568763256 0.8678258061 0.1826366931 0.4620846808
-259.2 72.1 2707.3 0.4151311517 0.2502356768 -0.8746703863 -0.2587420642 0.9541995525 0.1501855850 0.8721919060 0.1639673114 0.4608644545
-270.1 299.5 2612.5 -0.1780912727 0.8521743417 -0.4920187294 0.7033596039 0.4599215686 0.5419939160 0.6881632805 -0.2495417297 -0.6812930107
-213.6 76.5 2394.3 -0.5213286877 0.8521743417 -0.0448922180 0.7871783376 0.4599215686 -0.4108800292 -0.3294945061 -0.2495417297 -0.9105834961
-148.9 223.9 2867.2 -0.0729211792 0.6611446738 -0.7467062473 -0.8847987056 0.3026100397 0.3543422520 0.4602322876 0.6865237951 0.5629132986
-163.5 46.7 2959.4 0.5548861623 0.6611446738 -0.5049644113 -0.8131028414 0.3026100397 -0.4972835779 -0.1759690940 0.6865237951 0.7054927349
-352.2 -93.8 2591.8 0.5138470531 0.0827630162 -0.8538802862 -0.0319040753 0.9964905977 0.0773864388 0.8572883606 -0.0125225326 0.5146842003
-385.0 -489.6 2596.8 0.5162206888 0.0055595264 -0.8564375639 -0.1384453326 0.9873691797 -0.0770389363 0.8451917768 0.1583388746 0.5104700923
-273.6 -143.0 2750.0 -0.1130322218 0.2308271527 0.9664070010 -0.0093060890 0.9723517299 -0.2333355099 -0.9935477376 -0.0353679024 -0.1077589840
-365.3 -529.0 2764.0 -0.1130322218 -0.2940431237 0.9490849972 -0.0093060890 0.9554780126 0.2949154675 -0.9935477376 0.0245026834 -0.1107361987
-59.9 -155.6 2491.4 0 0 0 0 0 0 0 0 0
-19.3 -164.5 2913.7 0 0 0 0 0 0 0 0 0
-386.9 -816.9 2544.3 0 0 0 0 0 0 0 0 0
-270.6 -836.8 2756.1 0 0 0 0 0 0 0 0 0
-156.4 454.6 2776.7 3 0.4086121917 0.2673659921 -0.8726691604 -0.2823325694 0.9462631345 0.1577161998 0.8679426312 0.1819381714 0.4621407688
-210.4 263.4 2740.0 0.4086121917 0.2673659921 -0.8726691604 -0.2823325694 0.9462631345 0.1577161998 0.8679426312 0.1819381714 0.4621407688
-260.0 73.7 2707.5 0.4152090251 0.2495138049 -0.8748396039 -0.2580741048 0.9544512630 0.1497349590 0.8723527193 0.1636021286 0.4606898427
-271.0 301.1 2612.6 -0.1667145491 0.8539438248 -0.4929362833 0.7141975164 0.4492614269 0.5367365479 0.6798000932 -0.2625720799 -0.6847829819
-218.3 75.3 2397.7 -0.5186018944 0.8539438248 -0.0428017378 0.7762653232 0.4492614269 -0.4422401190 -0.3584190607 -0.2625720799 -0.8958747983
-149.8 225.7 2867.4 -0.0722569153 0.6608533263 -0.7470286489 -0.8846440315 0.3034484684 0.3540112972 0.4606342614 0.6864342093 0.5626937151
-164.2 48.5 2959.7 0.5555750728 0.6608533263 -0.5045881271 -0.8127122521 0.3034484684 -0.4974111021 -0.1755992770 0.6864342093 0.7056720257
-347.0 -93.7 2594.8 0.5117806196 0.1000253856 -0.8532733917 -0.0528248958 0.9949836135 0.0849538520 0.8574905992 0.0015963464 0.5144971609
-386.7 -489.0 2594.2 0.5132598877 0.0007714162 -0.8582329154 -0.1297114640 0.9885820150 -0.0766844153 0.8483744860 0.1506816894 0.5074995756
-270.9 -141.2 2754.8 -0.1132520959 0.2266755998 0.9673634768 -0.0113119455 0.9732702971 -0.2293840051 -0.9935019016 -0.0369209833 -0.1076607555
-360.9 -527.8 2769.4 -0.1191234216 -0.2806644440 0.9523849487 0.0086609293 0.9588848352 0.2836632431 -0.9928416610 0.0420394726 -0.1117948294
-66.4 -152.1 2502.7 0 0 0 0 0 0 0 0 0
-19.9 -162.6 2914.0 0 0 0 0 0 0 0 0 0
-387.0 -817.6 2544.1 0 0 0 0 0 0 0 0 0
-270.0 -838.5 2755.8 0 0 0 0 0 0 0 0 0
-156.7 455.6 2776.3 4 0.4118352532 0.2628139257 -0.8725368381 -0.2787647843 0.9479397535 0.1539494842 0.8675724268 0.1798307300 0.4636582732
-209.6 264.6 2740.0 0.4118352532 0.2628139257 -0.8725368381 -0.2787647843 0.9479397535 0.1539494842 0.8675724268 0.1798307300 0.4636582732
-258.3 74.7 2707.6 0.4178879261 0.2448924929 -0.8748698831 -0.2560704648 0.9556905031 0.1452018023 0.8716636896 0.1633502692 0.4620812535
-270.7 302.0 2612.7 -0.1233554259 0.8321834207 -0.5406053662 0.7165749073 0.4515648782 0.5316103697 0.6865157485 -0.3218072057 -0.6520247459
-232.4 79.9 2399.9 -0.5503698587 0.8321834207 -0.0675556660 0.7433570623 0.4515648782 -0.4934667945 -0.3801491261 -0.3218072057 -0.8671371341
-148.6 227.2 2867.3 -0.0669793934 0.6603844166 -0.7479345798 -0.8850554824 0.3067579567 0.3501090407 0.4606414437 0.6854137182 0.5639303923
-162.0 49.9 2959.6 0.5594756007 0.6603844166 -0.5008786917 -0.8098117113 0.3067579567 -0.5001045465 -0.1766127199 0.6854137182 0.7064106464
-347.6 -92.2 2595.0 0.5125967860 0.0983063728 -0.8529832363 -0.0584649891 0.9951146841 0.0795527324 0.8566366434 0.0090911770 0.5158401132
-386.7 -487.6 2591.4 0.5133092999 0.0047366801 -0.8581906557 -0.1207834929 0.9904302359 -0.0667776316 0.8496616483 0.1379328370 0.5089691281
-271.5 -139.6 2755.0 -0.0986757204 0.2512776554 0.9628720880 0.0004623168 0.9676057696 -0.2524656057 -0.9951195121 -0.0244670734 -0.0955953673
-371.3 -523.9 2764.7 -0.0986757204 -0.3126609921 0.9447254539 0.0004623168 0.9493441582 0.3142378628 -0.9951195121 0.0314444080 -0.0935326740
-72.3 -136.4 2510.5 0 0 0 0 0 0 0 0 0
-16.7 -160.5 2913.7 0 0 0 0 0 0 0 0 0
-388.3 -817.5 2545.5 0 0 0 0 0 0 0 0 0
-267.9 -837.8 2754.3 0 0 0 0 0 0 0 0 0
-158.5 456.6 2777.5 5 0.4185476601 0.2581912279 -0.8707210422 -0.2775588632 0.9492321610 0.1480517834 0.8647421002 0.1797096133 0.4689621925
-210.7 264.5 2741.1 0.4185476601 0.2581912279 -0.8707210422 -0.2775588632 0.9492321610 0.1480517834 0.8647421002 0.1797096133 0.4689621925
-258.6 74.4 2708.6 0.4243263602 0.2411229163 -0.8728154898 -0.2555020452 0.9566099644 0.1400574595 0.8687150478 0.1635760665 0.4675222337
-272.7 301.9 2614.2 -0.1602257341 0.8557711244 -0.4919181466 0.7431352735 0.4325886369 0.5105066299 0.6496750712 -0.2837654352 -0.7052655816
-223.6 74.0 2415.1 -0.5157310367 0.8557711244 -0.0409543440 0.7567311525 0.4325886369 -0.4901275933 -0.4017206728 -0.2837654352 -0.8706880808
-148.7 227.2 2868.1 -0.0598387942 0.6629306674 -0.7462856770 -0.8861746192 0.3088490665 0.3454081416 0.4594712555 0.6820082068 0.5689911842
-160.7 49.7 2960.1 0.5624270439 0.6629306674 -0.4941647053 -0.8067088127 0.3088490665 -0.5038185716 -0.1813744605 0.6820082068 0.7084970474
-345.3 -91.8 2595.2 0.5176125765 0.1048555523 -0.8491657972 -0.0609338284 0.9944598675 0.0856540948 0.8534426093 0.0074072904 0.5211341977
-387.0 -486.9 2592.2 0.5185137987 0.0021308486 -0.8550665975 -0.1237060428 0.9896633029 -0.0725492761 0.8460734487 0.1433947086 0.5134176612
-268.7 -138.7 2755.0 -0.0699523985 0.2359446436 0.9692454934 0.0019900482 0.9716566801 -0.2363879830 -0.9975483418 -0.0146070616 -0.0684392601
-362.4 -524.7 2760.8 -0.0699523985 -0.2855198383 0.9558164477 0.0019900482 0.9581217766 0.2863541245 -0.9975483418 0.0219332799 -0.0664547160
-73.0 -146.9 2532.4 0 0 0 0 0 0 0 0 0
-14.6 -159.9 2912.9 0 0 0 0 0 0 0 0 0
-387.7 -816.0 2544.5 0 0 0 0 0 0 0 0 0
-270.1 -834.5 2753.8 0 0 0 0 0 0 0 0 0
-158.6 456.0 2776.6 6 0.4298393130 0.2655576766 -0.8629700541 -0.2899324000 0.9457496405 0.1466177553 0.8550890684 0.1871808916 0.4835141599
-212.5 264.3 2738.7 0.4298393130 0.2655576766 -0.8629700541 -0.2899324000 0.9457496405 0.1466177553 0.8550890684 0.1871808916 0.4835141599
-260.4 74.3 2705.5 0.4376667142 0.2409082949 -0.8662626743 -0.2605396509 0.9560831785 0.1342535466 0.8605619669 0.1669374555 0.4812119603
-276.4 302.4 2613.0 -0.2308093458 0.8751145005 -0.4253253937 0.7784911990 0.4283132851 0.4588019252 0.5836767554 -0.2252162844 -0.7801275849
-205.2 62.2 2432.9 -0.4835082889 0.8751145005 0.0198590439 0.7548106909 0.4283132851 -0.4967983365 -0.4432612956 -0.2252162844 -0.8676387668
-148.5 226.3 2864.4 -0.0507558398 0.6719929576 -0.7388161421 -0.8896321654 0.3057551086 0.3392174244 0.4538485408 0.6744918823 0.5823076963
-158.7 48.1 2955.3 0.5618537664 0.6719929576 -0.4824373722 -0.8038312197 0.3057551086 -0.5102638006 -0.1953859776 0.6744918823 0.7119585872
-345.5 -92.2 2596.5 0.5310631394 0.1052735373 -0.8407671452 -0.0572840646 0.9944425225 0.0883324519 0.8453936577 0.0012524518 0.5341422558
-387.3 -487.4 2596.0 0.5328027010 -0.0004970500 -0.8462393284 -0.1364877075 0.9868568182 -0.0865139812 0.8351600766 0.1615961492 0.5257321596
-267.6 -139.1 2755.8 -0.0843775794 0.2250556201 0.9706855416 0.0096069444 0.9742980003 -0.2250580937 -0.9963875413 -0.0096645355 -0.0843710080
-357.0 -526.2 2759.7 -0.0808589458 -0.2655472755 0.9607010484 -0.0031916499 0.9639211893 0.2661687136 -0.9967204332 0.0184559003 -0.0787891895
-64.4 -157.6 2562.0 0 0 0 0 0 0 0 0 0
-12.7 -160.8 2904.5 0 0 0 0 0 0 0 0 0
-387.1 -815.1 2542.3 0 0 0 0 0 0 0 0 0
-272.1 -834.6 2753.7 0 0 0 0 0 0 0 0 0
-159.5 452.3 2776.7 7 0.3634746075 0.2786035836 -0.8889692426 -0.2886085212 0.9409640431 0.1768948585 0.8857716322 0.1922673136 0.4224238992
-215.9 262.1 2737.8 0.3634746075 0.2786035836 -0.8889692426 -0.2886085212 0.9409640431 0.1768948585 0.8857716322 0.1922673136 0.4224238992
-266.3 72.9 2703.7 0.3716617823 0.2538643777 -0.8929839730 -0.2595031559 0.9519516826 0.1626224369 0.8913616538 0.1712916046 0.4196826816
-270.0 299.8 2608.0 -0.2566406727 0.8772379756 -0.4056958556 0.8052862287 0.4261984229 0.4121516943 0.5344620347 -0.2209263891 -0.8158074617
-191.3 53.0 2444.1 -0.4775182009 0.8772379756 0.0492941923 0.7274476290 0.4261984229 -0.5377498269 -0.4927436709 -0.2209263891 -0.8416621685
-161.7 224.3 2867.7 -0.1045582518 0.6330369115 -0.7670279145 -0.8822869062 0.2968770862 0.3652859628 0.4589525163 0.7149323225 0.5274792314
-182.6 47.9 2959.5 0.5516126156 0.6330369115 -0.5431278348 -0.8209508061 0.2968770862 -0.4877537787 -0.1475239396 0.7149323225 0.6834533215
-348.4 -91.8 2593.4 0.4731395543 0.0983095914 -0.8754851222 -0.0413852409 0.9951374531 0.0893796608 0.8800148964 -0.0060568899 0.4749074578
-387.4 -487.2 2595.8 0.4759331644 -0.0078908438 -0.8794460297 -0.1337635964 0.9876768589 -0.0812512934 0.8692496419 0.1563080549 0.4690126479
-268.1 -139.6 2751.3 -0.0239910483 0.2154419124 0.9762219191 -0.0326970406 0.9758114219 -0.2161548734 -0.9991773367 -0.0371053480 -0.0163664278
-353.7 -527.2 2766.0 -0.0399293266 -0.2592871487 0.9649745226 0.0264003798 0.9651337862 0.2604223490 -0.9988536835 0.0358741842 -0.0316918641
-51.2 -160.5 2588.7 0 0 0 0 0 0 0 0 0
-39.5 -165.1 2921.2 0 0 0 0 0 0 0 0 0
-384.8 -818.9 2543.3 0 0 0 0 0 0 0 0 0
-270.5 -836.6 2754.5 0 0 0 0 0 0 0 0 0
-153.9 451.8 2776.7 8 0.4138054848 0.3049069941 -0.8577859402 -0.3167712688 0.9315876961 0.1783264428 0.8534758091 0.1979295015 0.4820818603
-215.7 263.0 2736.6 0.4138054848 0.3049069941 -0.8577859402 -0.3167712688 0.9315876961 0.1783264428 0.8534758091 0.1979295015 0.4820818603
-269.0 75.2 2699.7 0.4223453701 0.2676272690 -0.8660254478 -0.2887747586 0.9453639388 0.1513148397 0.8592051864 0.1861791611 0.4765540957
-277.2 305.0 2611.5 -0.3169412315 0.8694671988 -0.3789130449 0.8175835609 0.4529584050 0.3555077314 0.4807341695 -0.1971180141 -0.8544232845
-175.8 43.4 2457.7 -0.4842916429 0.8694671988 0.0974085703 0.7029095292 0.4529584050 -0.5484039187 -0.5209411979 -0.1971180141 -0.8305207491
-154.3 220.9 2861.7 -0.0817629248 0.6750066876 -0.7332672477 -0.8962059021 0.2720898986 0.3504028022 0.4360388219 0.6858083606 0.5826980472
-170.6 41.7 2948.9 0.5382511020 0.6750066876 -0.5046303272 -0.8173475266 0.2720898986 -0.5078485012 -0.2054963112 0.6858083606 0.6981677413
-350.7 -92.5 2588.0 0.5277149081 0.0877941847 -0.8448722363 -0.0309127104 0.9959703684 0.0841870531 0.8488588333 -0.0183094740 0.5283023715
-385.6 -488.3 2595.3 0.5312829018 -0.0038163734 -0.8471859097 -0.1390011460 0.9860456586 -0.0916115940 0.8357135653 0.1664314866 0.5233386755
-282.7 -139.9 2751.1 -0.0856680125 0.1631375700 0.9828769565 -0.0150097320 0.9861803055 -0.1649941206 -0.9962106943 -0.0288874377 -0.0820354596
-347.4 -531.2 2762.6 -0.0912382454 -0.2428160459 0.9657722116 0.0071405782 0.9696327448 0.2444612682 -0.9958034754 0.0292003881 -0.0867337435
-32.7 -164.2 2611.7 0 0 0 0 0 0 0 0 0
-31.1 -170.2 2895.6 0 0 0 0 0 0 0 0 0
-384.3 -819.6 2539.4 0 0 0 0 0 0 0 0 0
-270.2 -839.3 2753.3 0 0 0 0 0 0 0 0 0
-154.5 448.4 2777.2 9 0.3776742518 0.3076616526 -0.8733306527 -0.3266175687 0.9268224835 0.1852593571 0.8664197326 0.2152774483 0.4505246878
-217.0 260.1 2733.5 0.3776742518 0.3076616526 -0.8733306527 -0.3266175687 0.9268224835 0.1852593571 0.8664197326 0.2152774483 0.4505246878
-270.4 73.0 2693.0 0.3860980272 0.2688499987 -0.8824103475 -0.2993206680 0.9413405061 0.1558371037 0.8725453615 0.2039552629 0.4439220726
-273.2 303.7 2606.4 -0.3344576955 0.8618900776 -0.3811607659 0.8325888515 0.4597194791 0.3089559972 0.4415131211 -0.2140174806 -0.8713567853
-166.7 38.6 2465.8 -0.4985028505 0.8618900776 0.0929536745 0.6907642484 0.4597194791 -0.5581243038 -0.5237744451 -0.2140174806 -0.8245343566
-160.7 216.4 2860.6 -0.1062388271 0.6504155993 -0.7521122694 -0.8986203671 0.2610031962 0.3526453972 0.4256697595 0.7133280039 0.5567480326
-182.0 36.6 2945.8 0.5387312174 0.6504155993 -0.5354700685 -0.8205447793 0.2610031962 -0.5085111856 -0.1909842193 0.7133280039 0.6743056774
-360.8 -86.2 2584.2 0.4978573918 0.0519154146 -0.8657036424 0.0071450751 0.9979273081 0.0639538020 0.8672294617 -0.0380253904 0.4964545369
-381.4 -482.5 2599.3 0.5032537580 0.0061967107 -0.8641164899 -0.1511464864 0.9851903319 -0.0809614211 0.8508175015 0.1713523120 0.4967373312
-283.6 -139.0 2741.3 -0.0578464866 0.1852905899 0.9809796810 -0.0651489943 0.9798299074 -0.1889151186 -0.9961974621 -0.0748379156 -0.0446082205
-357.1 -527.6 2770.9 -0.0858137459 -0.2658068538 0.9601992965 0.0346267149 0.9623764753 0.2695041597 -0.9957093000 0.0563757122 -0.0733811185
-16.5 -169.5 2623.6 0 0 0 0 0 0 0 0 0
-42.2 -176.3 2896.2 0 0 0 0 0 0 0 0 0
-383.6 -821.1 2540.4 0 0 0 0 0 0 0 0 0
-270.5 -841.3 2752.6 0 0 0 0 0 0 0 0 0
-153.9 446.6 2777.0 0 0.3585495949 0.3163167536 -0.8782857656 -0.3259032071 0.9240587950 0.1997559667 0.8747738600 0.2146137208 0.4344095290
-217.9 259.4 2733.5 0.3585495949 0.3163167536 -0.8782857656 -0.3259032071 0.9240587950 0.1997559667 0.8747738600 0.2146137208 0.4344095290
-273.7 73.4 2691.5 0.3642811775 0.2808855772 -0.8879203200 -0.3080505133 0.9361041784 0.1697462946 0.8788652420 0.2116889209 0.4275320768
-271.1 304.3 2605.3 -0.2075550854 0.7730038762 -0.5994880199 0.7986506224 0.4877822101 0.3524566889 0.5648699999 -0.4056272805 -0.7186017036
-212.5 79.2 2446.1 -0.6325604916 0.7730038762 -0.0482927486 0.6412994266 0.4877822101 -0.5922867060 -0.4342835844 -0.4056272805 -0.8042787313
-164.8 214.5 2861.7 -0.1294434071 0.6411222219 -0.7564434409 -0.8975825906 0.2484493256 0.3641680777 0.4214141071 0.7261096239 0.5433000326
-190.7 34.8 2946.1 0.5286015868 0.6411222219 -0.5563655496 -0.8288840652 0.2484493256 -0.5012226701 -0.1831163764 0.7261096239 0.6627467275
-359.1 -86.6 2572.7 0.4823984802 0.0568736494 -0.8741036057 0.0135547062 0.9972857833 0.0723690540 0.8758469820 -0.0467589423 0.4803182483
-381.6 -482.7 2591.3 0.4861831963 0.0094471332 -0.8738058209 -0.1315570474 0.9893362522 -0.0625017956 0.8638973236 0.1453426331 0.4822415113
-288.4 -141.4 2732.3 -0.0469720475 0.1719259918 0.9839893579 -0.0981030390 0.9795203805 -0.1758282483 -0.9940671325 -0.1047913656 -0.0291436147
-356.6 -530.0 2773.9 -0.0874362066 -0.2635041177 0.9606875181 0.0465830639 0.9622444510 0.2681708932 -0.9950803518 0.0681996122 -0.0718601793
-31.3 -104.6 2570.5 0 0 0 0 0 0 0 0 0
-53.5 -180.4 2898.5 0 0 0 0 0 0 0 0 0
-384.9 -824.0 2541.1 0 0 0 0 0 0 0 0 0
-272.3 -837.9 2752.1 0 0 0 0 0 0 0 0 0
-154.2 451.2 2787.4 1 0.3399127722 0.2976357937 -0.8921167254 -0.3622791767 0.9168322086 0.1678465903 0.8678784966 0.2661421299 0.4194702506
-214.7 264.7 2733.3 0.3399127722 0.2976357937 -0.8921167254 -0.3622791767 0.9168322086 0.1678465903 0.8678784966 0.2661421299 0.4194702506
-268.8 79.4 2686.4 0.3515034020 0.2724085748 -0.8956779242 -0.3246704042 0.9328247905 0.1562913805 0.8780856729 0.2358631492 0.4163340926
-266.0 312.1 2605.1 -0.1680760682 0.7298012376 -0.6626768112 0.7797842622 0.5096853375 0.3635345697 0.6030646563 -0.4556434751 -0.6547534466
-217.6 87.4 2431.3 -0.6795582175 0.7298012376 -0.0747713000 0.6137135625 0.5096853375 -0.6029731035 -0.4019407034 -0.4556434751 -0.7942497730
-163.4 217.3 2861.4 -0.1313203722 0.6276895404 -0.7673074603 -0.9067932367 0.2367207110 0.3488399982 0.4006007910 0.7415990233 0.5380983949
-189.7 35.8 2941.6 0.5362894535 0.6276895404 -0.5642688870 -0.8220168352 0.2367207110 -0.5179301500 -0.1915252060 0.7415990233 0.6429222226
-362.8 -84.3 2568.9 0.4698030353 0.0480416417 -0.8814630508 0.0344841965 0.9967571497 0.0727048442 0.8820974827 -0.0645534992 0.4666228890
-381.9 -480.3 2594.6 0.4761381447 0.0061033922 -0.8793492913 -0.1412282884 0.9875262976 -0.0696161538 0.8679556847 0.1573359072 0.4710609317
-296.1 -140.8 2729.9 -0.0311946664 0.1740511507 0.9842423797 -0.0830901563 0.9808616042 -0.1760867536 -0.9960536957 -0.0872738212 -0.0161357131
-365.2 -530.2 2764.5 -0.0617313609 -0.2891665697 0.9552863240 0.0169123411 0.9566712379 0.2906786799 -0.9979494810 0.0341001190 -0.0541661344
-24.5 -87.0 2545.5 0 0 0 0 0 0 0 0 0
-50.4 -177.7 2891.8 0 0 0 0 0 0 0 0 0
-384.0 -822.6 2540.0 0 0 0 0 0 0 0 0 0
-273.4 -834.1 2753.7 0 0 0 0 0 0 0 0 0
-156.5 451.9 2792.6 2 0.3334158957 0.2833181918 -0.8992022276 -0.3821426630 0.9125257134 0.1458211392 0.8618589044 0.2950044274 0.4125185609
-214.2 266.1 2732.5 0.3334158957 0.2833181918 -0.8992022276 -0.3821426630 0.9125257134 0.1458211392 0.8618589044 0.2950044274 0.4125185609
-267.6 81.2 2683.1 0.3477469981 0.2686233521 -0.8982836604 -0.3342851698 0.9306371808 0.1488886178 0.8759711385 0.2485073209 0.4134230912
-265.0 314.9 2604.6 -0.1582977772 0.6892053485 -0.7070627809 0.7721729875 0.5327036381 0.3463751376 0.6153785586 -0.4911443591 -0.6165115237
-218.9 90.2 2425.5 -0.7161340714 0.6892053485 -0.1102178842 0.6039206982 0.5327036381 -0.5928798914 -0.3499025404 -0.4911443591 -0.7977126241
-163.4 217.3 2860.4 -0.1309884489 0.6231094003 -0.7710880041 -0.9118276238 0.2295590937 0.3404012620 0.3891174793 0.7476879358 0.5380988121
-189.6 34.7 2938.3 0.5396429896 0.6231094003 -0.5661449432 -0.8181496859 0.2295590937 -0.5271942019 -0.1985359639 0.7476879358 0.6336767077
-355.1 -76.1 2559.1 0.4662365317 0.0760038719 -0.8813892007 0.0445687771 0.9930194616 0.1092059240 0.8835366964 -0.0901982263 0.4595945477
-385.3 -470.4 2594.9 0.4736730754 -0.0019568282 -0.8806985617 -0.1279731244 0.9892310500 -0.0710267723 0.8713533878 0.1463492066 0.4683217108
-290.7 -135.7 2720.0 -0.0363382883 0.1731043160 0.9842329025 -0.1314793378 0.9754940271 -0.1764216125 -0.9906526804 -0.1358171552 -0.0126881432
-359.3 -522.7 2773.9 -0.0852671266 -0.2691954374 0.9593035579 0.0390424617 0.9611678123 0.2731888294 -0.9955928922 0.0607476011 -0.0714459643
-16.3 -80.7 2524.5 0 0 0 0 0 0 0 0 0
-49.5 -177.8 2886.7 0 0 0 0 0 0 0 0 0
-384.6 -821.6 2543.0 0 0 0 0 0 0 0 0 0
-271.7 -835.6 2754.1 0 0 0 0 0 0 0 0 0
-159.8 450.8 2795.2 3 0.3109322190 0.2811802924 -0.9078869820 -0.3580331206 0.9195189476 0.1621639878 0.8804166317 0.2746315897 0.3865799308
-216.9 264.2 2739.4 0.3109322190 0.2811802924 -0.9078869820 -0.3580331206 0.9195189476 0.1621639878 0.8804166317 0.2746315897 0.3865799308
-270.0 78.7 2692.0 0.3221830130 0.2670368552 -0.9082342386 -0.3200016618 0.9336386323 0.1609902084 0.8909528852 0.2387681454 0.3862547278
-264.0 310.9 2609.4 -0.1485084444 0.6622716188 -0.7343987226 0.7425167561 0.5651711226 0.3595142365 0.6531570554 -0.4919124842 -0.5756804347
-220.3 92.6 2417.4 -0.7383372784 0.6622716188 -0.1274925023 0.6039805412 0.5651711226 -0.5619511604 -0.3001092076 -0.4919124842 -0.8172860742
-169.9 217.5 2869.5 -0.1467274576 0.6040086150 -0.7833547592 -0.9039037824 0.2397924066 0.3541999161 0.4017823339 0.7600481510 0.5107815266
-199.3 36.5 2949.9 0.5400651693 0.6040086150 -0.5860914588 -0.8244659305 0.2397924066 -0.5125968456 -0.1690726280 0.7600481510 0.6274880171
-352.8 -73.0 2553.5 0.4420665205 0.0801360011 -0.8933954239 0.0525824279 0.9919731617 0.1149968877 0.8954397440 -0.0978131741 0.4343043864
-384.6 -467.1 2592.3 0.4491945803 -0.0004556933 -0.8934338689 -0.1240937114 0.9902751446 -0.0628960729 0.8847739697 0.1391220987 0.4447696507
-289.0 -134.3 2714.0 -0.0079697520 0.1596749723 0.9871374965 -0.1354444921 0.9778990149 -0.1592741311 -0.9907528758 -0.1349717081 0.0138334827
-352.4 -522.6 2767.6 -0.0515483320 -0.2439418584 0.9684188962 0.0349721499 0.9686723948 0.2458672673 -0.9980579615 0.0465417393 -0.0414022766
-11.8 -77.9 2502.1 0 0 0 0 0 0 0 0 0
-59.0 -177.6 2906.0 0 0 0 0 0 0 0 0 0
-384.5 -822.3 2542.4 0 0 0 0 0 0 0 0 0
-273.5 -836.1 2752.6 0 0 0 0 0 0 0 0 0
-161.1 452.7 2797.0 4 0.2995464504 0.2794579864 -0.9122363329 -0.3417406976 0.9241274595 0.1708850861 0.8907778859 0.2605602741 0.3723212779
-217.7 265.4 2744.1 0.2995464504 0.2794579864 -0.9122363329 -0.3417406976 0.9241274595 0.1708850861 0.8907778859 0.2605602741 0.3723212779
-270.2 79.2 2698.6 0.3095467985 0.2637545466 -0.9135723114 -0.3074797392 0.9369086623 0.1663081795 0.8997983336 0.2294248044 0.3711162508
-262.9 310.2 2612.8 -0.1593456119 0.6685087681 -0.7264330387 0.7247652411 0.5788423419 0.3737068772 0.6703165770 -0.4669449031 -0.5767478943
-214.6 90.5 2409.5 -0.7286514640 0.6685087681 -0.1488727331 0.6354686618 0.5788423419 -0.5110000372 -0.2554341853 -0.4669449031 -0.8465906978
-172.5 220.5 2875.5 -0.1525063217 0.5932565928 -0.7904356122 -0.8981601000 0.2505183816 0.3613156378 0.4123715162 0.7650406361 0.4946337342
