-23.2 370.0 2446.3 7 0.4548442960 0.3849497139 -0.8030756116 -0.2684807777 0.9190710783 0.2884899080 0.8491376638 0.0843923688 0.5213858485
-99.2 188.7 2429.6 0.4548442960 0.3849497139 -0.8030756116 -0.2684807777 0.9190710783 0.2884899080 0.8491376638 0.0843923688 0.5213858485
-169.1 8.0 2417.8 0.4676504135 0.3604397178 -0.8070850372 -0.2366991043 0.9308003783 0.2785393894 0.8516317606 0.0607772432 0.5206049681
-163.0 221.0 2313.4 -0.2040741295 0.6717551947 -0.7121086121 0.7331743836 0.5868946910 0.3435257375 0.6486979723 -0.4519950747 -0.6122837067
-107.0 19.7 2135.2 -0.7282973528 0.6717551947 -0.1353805959 0.6347616911 0.5868946910 -0.5026252866 -0.2581869662 -0.4519950747 -0.8538383245
-35.3 156.4 2545.9 -0.2300554216 0.9234427810 -0.3071285486 -0.9301562905 -0.1158507839 0.3484076262 0.2861534059 0.3658306301 0.8855981827
-91.0 -68.6 2615.1 0.0667696446 0.9234427810 -0.3778825998 -0.8902875185 -0.1158507839 -0.4404165447 -0.4504774809 0.3658306301 0.8143942356
-280.0 -149.2 2335.5 0.5394224524 -0.0405888073 -0.8410564661 0.0375787243 0.9990028143 -0.0241095871 0.8411962986 -0.0186005756 0.5404098630
-264.3 -536.9 2342.7 0.5344470143 0.1295315921 -0.8352172971 -0.0040066889 0.9885638356 0.1507498473 0.8451924920 -0.0772213489 0.5288539529
-193.0 -192.2 2485.9 0.5542175770 -0.0146155609 -0.8322435021 -0.0159659702 0.9994752407 -0.0281846765 0.8322187066 0.0289080199 0.5536934137
-187.3 -580.1 2474.7 0.5477277637 -0.1075950041 -0.8297093511 0.0582050644 0.9941939712 -0.0905012935 0.8346295357 0.0012767871 0.5508102179
99.1 -159.9 2208.3 0 0 0 0 0 0 0 0 0
-73.3 -304.1 2496.0 0 0 0 0 0 0 0 0 0
-312.6 -905.7 2371.5 0 0 0 0 0 0 0 0 0
-158.0 -851.2 2474.4 0 0 0 0 0 0 0 0 0
-23.7 370.8 2446.1 8 0.4511556625 0.3801296949 -0.8074404001 -0.2710674405 0.9203745127 0.2818388641 0.8502829075 0.0917176008 0.5182729959
-99.1 188.4 2427.9 0.4511556625 0.3801296949 -0.8074404001 -0.2710674405 0.9203745127 0.2818388641 0.8502829075 0.0917176008 0.5182729959
-167.8 7.3 2415.4 0.4651321173 0.3543712497 -0.8112170696 -0.2358030081 0.9328688979 0.2723097801 0.8532578945 0.0646273941 0.5174691081
-162.6 220.6 2311.4 -0.2342156172 0.6774279475 -0.6973050833 0.7331753969 0.5941019654 0.3309027255 0.6384330988 -0.4337443709 -0.6358215213
-98.4 19.5 2136.3 -0.7251194715 0.6774279475 -0.1236653924 0.6384720206 0.5941019654 -0.4892814159 -0.2579830587 -0.4337443709 -0.8633137345
-35.5 156.1 2544.5 -0.2256480455 0.9224338531 -0.3133668602 -0.9321908951 -0.1109920144 0.3445299268 0.2830248475 0.3698602319 0.8849295378
-90.1 -69.3 2612.9 0.0744272619 0.9224338531 -0.3789147735 -0.8887416124 -0.1109920144 -0.4447686076 -0.4523261189 0.3698602319 0.8115444779
-280.9 -151.5 2329.8 0.5348673463 -0.0388292186 -0.8440433741 0.0478565283 0.9987320900 -0.0156189743 0.8435796499 -0.0320389047 0.5360474586
-265.8 -539.1 2342.2 0.5288745165 0.1181382313 -0.8404374123 -0.0099955630 0.9910627604 0.1330212057 0.8486411572 -0.0619508848 0.5253287554
-197.2 -193.9 2482.3 0.5501776934 -0.0226428546 -0.8347405791 -0.0034759794 0.9995615482 -0.0294047445 0.8350403905 0.0190793760 0.5498577356
-188.4 -581.8 2474.9 0.5447501540 -0.1045469567 -0.8320559859 0.0582064874 0.9945192933 -0.0868522972 0.8365759254 -0.0011182552 0.5478498340
106.7 -161.1 2209.3 0 0 0 0 0 0 0 0 0
-70.4 -304.4 2493.3 0 0 0 0 0 0 0 0 0
-309.9 -908.8 2365.3 0 0 0 0 0 0 0 0 0
-159.6 -855.8 2475.2 0 0 0 0 0 0 0 0 0
-25.0 368.7 2446.0 9 0.4312816858 0.3746897578 -0.8207336068 -0.2588733137 0.9228264689 0.2852646708 0.8642804623 0.0894366056 0.4949953258
-99.0 186.6 2428.4 0.4312816858 0.3746897578 -0.8207336068 -0.2588733137 0.9228264689 0.2852646708 0.8642804623 0.0894366056 0.4949953258
-166.4 4.9 2416.6 0.4456647635 0.3471276760 -0.8251577616 -0.2218372822 0.9358322024 0.2738727033 0.8672779799 0.0609953329 0.4940733016
-159.8 216.9 2310.0 -0.2412373275 0.6614606380 -0.7101227641 0.7308551669 0.6052425504 0.3154871166 0.6384788752 -0.4428896606 -0.6294390559
-94.4 18.7 2136.9 -0.7385450006 0.6614606380 -0.1304650903 0.6283960342 0.6052425504 -0.4886715412 -0.2442739755 -0.4428896606 -0.8626580834
-38.1 156.3 2546.8 -0.2270167321 0.9137955308 -0.3368101716 -0.9298197627 -0.1005102694 0.3540237844 0.2896524966 0.3935420811 0.8724827170
-93.1 -68.6 2616.9 0.0905799568 0.9137955308 -0.3959456384 -0.8940716982 -0.1005102694 -0.4365013540 -0.4386696219 0.3935420811 0.8078945279
-278.3 -152.7 2326.4 0.5144834518 -0.0359379575 -0.8567469120 0.0480760001 0.9987587333 -0.0130248964 0.8561515212 -0.0344878696 0.5155726075
-264.3 -540.4 2339.8 0.5082944036 0.1273654997 -0.8517128825 -0.0058908961 0.9894940257 0.1444537193 0.8611631989 -0.0684076697 0.5037045479
-194.9 -194.9 2479.3 0.5298295021 -0.0189015735 -0.8478935361 0.0070698955 0.9998152852 -0.0178704560 0.8480746746 0.0034737769 0.5298653245
-187.6 -583.0 2477.9 0.5261283517 -0.1003022268 -0.8444693089 0.0482983775 0.9949414730 -0.0880833641 0.8490325212 0.0055566602 0.5283113718
114.6 -159.1 2206.0 0 0 0 0 0 0 0 0 0
-69.1 -305.1 2500.9 0 0 0 0 0 0 0 0 0
-311.8 -909.7 2365.4 0 0 0 0 0 0 0 0 0
-160.2 -855.2 2476.4 0 0 0 0 0 0 0 0 0
-27.1 370.6 2454.0 0 0.3812685311 0.3638933003 -0.8498328924 -0.2486212552 0.9257641435 0.2848652899 0.8904054165 0.1026763543 0.4434363544
-98.8 188.2 2433.8 0.3812685311 0.3638933003 -0.8498328924 -0.2486212552 0.9257641435 0.2848652899 0.8904054165 0.1026763543 0.4434363544
-164.3 6.1 2419.9 0.3955545723 0.3375983536 -0.8541451693 -0.2106541097 0.9385492206 0.2734048963 0.8939582705 0.0717826188 0.4423638880
-152.7 217.0 2311.9 -0.2204283774 0.6274473071 -0.7468073368 0.7319855094 0.6124464273 0.2985073626 0.6446771026 -0.4808526337 -0.5942829251
-93.6 20.7 2138.9 -0.7602382302 0.6274473071 -0.1683677137 0.6153665185 0.6124464273 -0.4962191582 -0.2082351893 -0.4808526337 -0.8517152667
-44.9 159.5 2555.7 -0.2380468845 0.8898338675 -0.3892677426 -0.9285215139 -0.0909221098 0.3599735498 0.2849236131 0.4471340477 0.8478736281
-102.5 -65.1 2624.6 0.1208622828 0.8898338675 -0.4399863780 -0.8979746699 -0.0909221098 -0.4305516183 -0.4231238961 0.4471340477 0.7880591750
-273.7 -156.8 2327.1 0.4640772343 -0.0232742447 -0.8854889274 0.0366165489 0.9993043542 -0.0070753554 0.8850376010 -0.0291400366 0.4646066129
-264.6 -544.8 2338.4 0.4617258608 0.1304995120 -0.8773705363 0.0182200652 0.9875144958 0.1564707607 0.8868355155 -0.0882323459 0.4535833001
-193.9 -196.6 2482.4 0.4800650477 -0.0177471712 -0.8770533204 -0.0135401255 0.9995263219 -0.0276367515 0.8771283627 0.0251428522 0.4795973599
-187.0 -584.5 2472.7 0.4741825461 -0.1076304093 -0.8738229871 0.0497553013 0.9941893816 -0.0954563022 0.8790194988 0.0017863840 0.4767824113
120.7 -152.8 2197.6 0 0 0 0 0 0 0 0 0
-70.5 -302.5 2512.7 0 0 0 0 0 0 0 0 0
-313.3 -913.3 2371.3 0 0 0 0 0 0 0 0 0
-157.6 -856.0 2472.2 0 0 0 0 0 0 0 0 0
-24.9 372.5 2458.0 1 0.3440497518 0.3724575341 -0.8619194627 -0.2429393530 0.9220125675 0.3014519513 0.9069786072 0.1056796834 0.4077028036
-98.2 190.9 2437.2 0.3440497518 0.3724575341 -0.8619194627 -0.2429393530 0.9220125675 0.3014519513 0.9069786072 0.1056796834 0.4077028036
-165.8 9.5 2423.2 0.3591827452 0.3483915329 -0.8658008575 -0.2039631903 0.9345870018 0.2914552093 0.9107067585 0.0719058141 0.4067465961
-147.2 218.7 2313.0 -0.2296010256 0.6233426332 -0.7474806905 0.7186734080 0.6264900565 0.3016931713 0.6563473940 -0.4679253995 -0.5918225050
-84.6 22.5 2133.8 -0.7642756104 0.6233426332 -0.1653079987 0.6146354675 0.6264900565 -0.4793051183 -0.1952074915 -0.4679253995 -0.8619396091
-49.3 163.1 2561.4 -0.2620659769 0.8712999821 -0.4149190187 -0.9211210012 -0.0975953043 0.3768438399 0.2878498733 0.4809485674 0.8281490803
-112.6 -59.7 2631.0 0.1231811568 0.8712999821 -0.4750397801 -0.9051581621 -0.0975953043 -0.4137195051 -0.4068354368 0.4809485674 0.7766423821
-265.1 -157.3 2326.1 0.4316702485 -0.0028907617 -0.9020268321 0.0272413380 0.9995805025 0.0098331068 0.9016200304 -0.0288170781 0.4315679371
-264.0 -545.2 2337.3 0.4307061732 0.1359991580 -0.8921863437 0.0201656260 0.9868835807 0.1601692140 0.9022668600 -0.0869773701 0.4223143458
-194.4 -195.0 2486.0 0.4473249316 -0.0135871405 -0.8942682743 -0.0307815019 0.9990583658 -0.0305765942 0.8938416839 0.0412045941 0.4464854598
-189.1 -582.8 2470.0 0.4392026961 -0.1104011536 -0.8915786743 0.0584561191 0.9938293099 -0.0942662954 0.8964841962 -0.0107162185 0.4429461360
131.2 -151.0 2188.9 0 0 0 0 0 0 0 0 0
-80.1 -299.0 2523.4 0 0 0 0 0 0 0 0 0
-314.7 -913.6 2369.8 0 0 0 0 0 0 0 0 0
-158.6 -857.9 2473.0 0 0 0 0 0 0 0 0 0
-31.5 374.0 2460.0 2 0.3264405429 0.3591721356 -0.8743180037 -0.2348382622 0.9268065691 0.2930539548 0.9155804515 0.1096586362 0.3868945837
-102.3 191.3 2438.4 0.3264405429 0.3591721356 -0.8743180037 -0.2348382622 0.9268065691 0.2930539548 0.9155804515 0.1096586362 0.3868945837
-167.4 9.1 2423.4 0.3404639661 0.3354012668 -0.8784021139 -0.1971694529 0.9389106035 0.2820834816 0.9193522334 0.0771548152 0.3857960999
-148.7 218.3 2312.9 -0.2569113970 0.6311124563 -0.7319109440 0.7010775805 0.6429761648 0.3083373308 0.6651967764 -0.4339109659 -0.6076467037
-77.2 23.1 2127.7 -0.7599581480 0.6311124563 -0.1554370075 0.6246157289 0.6429761648 -0.4432120025 -0.1797743291 -0.4339109659 -0.8828377128
-55.8 164.4 2563.8 -0.2575273216 0.8610869050 -0.4384164810 -0.9233459234 -0.0855682418 0.3743132651 0.2848017216 0.5012059212 0.8171172142
-118.1 -58.9 2632.7 0.1436528713 0.8610869050 -0.4877429307 -0.9046365619 -0.0855682418 -0.4175054431 -0.4012437761 0.5012059212 0.7666785717
-265.5 -153.7 2327.8 0.4104083776 0.0011486389 -0.9119011164 0.0280003436 0.9995118380 0.0138607724 0.9114718437 -0.0312221218 0.4101758301
-266.0 -541.7 2339.9 0.4092338681 0.1232738495 -0.9040637016 0.0184196290 0.9895132184 0.1432631761 0.9122436047 -0.0752806664 0.4026716650
-201.3 -190.2 2490.7 0.4269062579 -0.0349895805 -0.9036186934 -0.0235573631 0.9984817505 -0.0497922897 0.9039890170 0.0425435156 0.4254338443
-187.7 -577.7 2474.2 0.4211870730 -0.0965886042 -0.9018160105 0.0460957661 0.9953078628 -0.0850732848 0.9058016539 -0.0057381308 0.4236631095
137.2 -153.2 2178.4 0 0 0 0 0 0 0 0 0
-80.1 -298.1 2526.6 0 0 0 0 0 0 0 0 0
-312.0 -911.0 2368.0 0 0 0 0 0 0 0 0 0
-160.5 -858.0 2475.8 0 0 0 0 0 0 0 0 0
-28.9 375.3 2460.5 3 0.3298901021 0.3573845029 -0.8737555742 -0.2307288647 0.9280228615 0.2924683392 0.9153888226 0.1051182225 0.3886044919
-99.4 192.3 2439.7 0.3298901021 0.3573845029 -0.8737555742 -0.2307288647 0.9280228615 0.2924683392 0.9153888226 0.1051182225 0.3886044919
-163.9 9.8 2425.5 0.3437178135 0.3322091997 -0.8783479333 -0.1932646185 0.9403373003 0.2800259590 0.9189705253 0.0735036731 0.3874149621
-146.3 218.7 2314.3 -0.2551092803 0.6168982387 -0.7445507646 0.6892917156 0.6560409069 0.3073877394 0.6780827045 -0.4347952008 -0.5925849676
-74.0 23.4 2122.1 -0.7698532343 0.6168982387 -0.1635925472 0.6178146005 0.6560409069 -0.4334921539 -0.1600971520 -0.4347952008 -0.8861839771
-52.5 165.9 2565.2 -0.2534044385 0.8627756238 -0.4374979138 -0.9234007597 -0.0809514523 0.3752038479 0.2883006632 0.4990642369 0.8172010779
-113.7 -57.4 2635.0 0.1459814906 0.8627756238 -0.4840533435 -0.9051699042 -0.0809514523 -0.4172700942 -0.3991952837 0.4990642369 0.7691410780
-262.9 -155.5 2326.2 0.4128015935 0.0095802834 -0.9107705951 0.0258038305 0.9994202852 0.0222082194 0.9104554057 -0.0326689593 0.4123150706
-266.6 -543.5 2338.9 0.4125671387 0.1172813475 -0.9033457041 0.0238180663 0.9899492264 0.1394030452 0.9106157422 -0.0790290609 0.4056271315
-202.0 -190.8 2490.7 0.4296954572 -0.0386281796 -0.9021472335 -0.0247668866 0.9982045293 -0.0545377024 0.9026341438 0.0457779840 0.4279672503
-187.0 -578.3 2473.0 0.4235917628 -0.1003227457 -0.9002807140 0.0467021950 0.9949452877 -0.0888978019 0.9046484828 -0.0043887091 0.4261358976
143.2 -151.0 2167.3 0 0 0 0 0 0 0 0 0
-75.1 -296.9 2529.4 0 0 0 0 0 0 0 0 0
-310.4 -913.0 2368.4 0 0 0 0 0 0 0 0 0
-159.0 -856.0 2474.2 0 0 0 0 0 0 0 0 0
-29.0 372.9 2461.2 4 0.3305954635 0.3573815227 -0.8734901547 -0.2367992252 0.9273342490 0.2897884548 0.9135823846 0.1110390648 0.3912001550
-99.4 190.1 2439.3 0.3305954635 0.3573815227 -0.8734901547 -0.2367992252 0.9273342490 0.2897884548 0.9135823846 0.1110390648 0.3912001550
-164.1 7.7 2424.4 0.3451835513 0.3331637681 -0.8774110675 -0.1973564625 0.9397366047 0.2791872323 0.9175503850 0.0767919123 0.3901336491
-146.5 217.1 2314.0 -0.2638964653 0.6361784339 -0.7250073552 0.6634731889 0.6653094292 0.3422962129 0.7001156807 -0.3906921744 -0.5976601243
-71.3 27.9 2114.4 -0.7576710582 0.6361784339 -0.1456419379 0.6343090534 0.6653094292 -0.3937199116 -0.1535791457 -0.3906921744 -0.9076194763
-52.2 163.2 2564.7 -0.2537132800 0.8635903597 -0.4357078075 -0.9243415594 -0.0837431774 0.3722630441 0.2849952281 0.4971908927 0.8194991946
-113.6 -60.4 2633.6 0.1445517242 0.8635903597 -0.4830284715 -0.9035909772 -0.0837431774 -0.4201313853 -0.4032717645 0.4971908927 0.7682272196
-259.1 -155.5 2328.9 0.4144318700 0.0181285534 -0.9098997712 0.0208296031 0.9993507266 0.0293980017 0.9098419547 -0.0311363190 0.4137851894
-266.1 -543.4 2341.0 0.4125911295 0.1232564524 -0.9025388956 0.0056491657 0.9904379845 0.1378429979 0.9108988047 -0.0619713925 0.4079496264
-197.6 -190.1 2493.5 0.4313203692 -0.0261737686 -0.9018191099 -0.0301401187 0.9986031055 -0.0433981195 0.9016952515 0.0458994284 0.4299289882
-187.4 -577.7 2475.7 0.4252335429 -0.1015387923 -0.8993699551 0.0399048068 0.9948241115 -0.0934480652 0.9042035341 0.0038480682 0.4270844758
142.7 -151.2 2157.7 0 0 0 0 0 0 0 0 0
-75.4 -299.4 2526.9 0 0 0 0 0 0 0 0 0
-312.1 -913.1 2364.2 0 0 0 0 0 0 0 0 0
-159.0 -856.3 2474.6 0 0 0 0 0 0 0 0 0
-27.7 371.6 2462.1 5 0.3217341006 0.3638047278 -0.8741471767 -0.2363199741 0.9248712063 0.2979364693 0.9168642163 0.1107221097 0.3835369349
-99.2 189.7 2440.3 0.3217341006 0.3638047278 -0.8741471767 -0.2363199741 0.9248712063 0.2979364693 0.9168642163 0.1107221097 0.3835369349
-164.5 7.5 2425.3 0.3367761075 0.3361800015 -0.8795253634 -0.1962750405 0.9386355281 0.2836185992 0.9209006429 0.0771129206 0.3820937276
-145.2 216.5 2314.5 -0.2574725747 0.6467897892 -0.7178933620 0.6468637586 0.6672811508 0.3691926301 0.7178266644 -0.3693222106 -0.5901914239
-71.2 30.6 2108.2 -0.7497833967 0.6467897892 -0.1395987719 0.6449720860 0.6672811508 -0.3724874258 -0.1477694362 -0.3693222106 -0.9174776673
-53.2 162.9 2566.1 -0.2596832812 0.8590982556 -0.4410383403 -0.9225915670 -0.0857860819 0.3761190474 0.2852882743 0.5045700669 0.8148739934
-116.0 -60.3 2635.1 0.1443916261 0.8590982556 -0.4910206497 -0.9051828980 -0.0857860819 -0.4162747562 -0.3997436464 0.5045700669 0.7652542591
-259.6 -157.0 2327.4 0.4067594409 0.0141419014 -0.9134258628 0.0118646063 0.9997140765 0.0207612887 0.9134582281 -0.0192822888 0.4064753354
-265.1 -545.1 2334.8 0.4114994407 0.1347104907 -0.9013996124 0.0448563136 0.9848246574 0.1676554531 0.9103055000 -0.1094235852 0.3992121816
-197.8 -192.4 2491.7 0.4237943590 -0.0294108037 -0.9052808285 -0.0332970507 0.9982912540 -0.0480200723 0.9051461816 0.0504938178 0.4220909178
-186.4 -579.9 2472.1 0.4167343676 -0.1065907851 -0.9027573466 0.0446042642 0.9943029881 -0.0968094021 0.9079332948 0.0000769775 0.4191146493
140.9 -151.9 2150.0 0 0 0 0 0 0 0 0 0
-77.8 -299.8 2529.4 0 0 0 0 0 0 0 0 0
-315.3 -912.3 2375.6 0 0 0 0 0 0 0 0 0
-157.0 -854.4 2472.1 0 0 0 0 0 0 0 0 0
-28.5 369.1 2462.0 6 0.3165043890 0.3649808466 -0.8755649328 -0.2398181260 0.9238191247 0.2984048128 0.9177756906 0.1155299023 0.3799218535
-100.3 187.4 2439.3 0.3165043890 0.3649808466 -0.8755649328 -0.2398181260 0.9238191247 0.2984048128 0.9177756906 0.1155299023 0.3799218535
-166.3 5.5 2424.2 0.3326884210 0.3402213454 -0.8795270324 -0.1971100867 0.9371408224 0.2879491448 0.9222071767 0.0775663033 0.3788369596
-145.7 214.3 2313.3 -0.2293830067 0.5330104828 -0.8144220710 0.6372106075 0.7147355676 0.2882980108 0.7357622385 -0.4528277218 -0.5035881400
-82.8 39.5 2111.5 -0.8133264780 0.5330104828 -0.2332377136 0.5803362131 0.7147355676 -0.3903369904 -0.0413504168 -0.4528277218 -0.8906386495
-54.8 160.5 2565.3 -0.2649035156 0.8569500446 -0.4421116412 -0.9211630821 -0.0893331617 0.3787850738 0.2851046622 0.5075984597 0.8130554557
-118.9 -62.3 2634.3 0.1416347772 0.8569500446 -0.4955564439 -0.9061287642 -0.0893331617 -0.4134612978 -0.3985852897 0.5075984597 0.7638544440
-259.9 -157.2 2327.9 0.4037101865 0.0119072739 -0.9148094058 0.0144390948 0.9997078180 0.0193843711 0.9147729874 -0.0210346878 0.4034202993
-264.5 -545.3 2336.0 0.4075082541 0.1290275753 -0.9040403366 0.0422498994 0.9862440825 0.1598046720 0.9122236371 -0.1033173352 0.3964512050
-199.6 -192.3 2492.9 0.4203849733 -0.0475638956 -0.9060983062 -0.0311463624 0.9972800612 -0.0668006837 0.9068111181 0.0563036725 0.4177601337
-181.1 -579.4 2471.0 0.4155374467 -0.0871325433 -0.9053930044 0.0347253196 0.9961951375 -0.0799336284 0.9089129567 0.0017753521 0.4169821143
143.5 -122.0 2123.0 0 0 0 0 0 0 0 0 0
-81.4 -302.1 2528.8 0 0 0 0 0 0 0 0 0
-312.7 -913.2 2374.6 0 0 0 0 0 0 0 0 0
-157.2 -852.6 2470.5 0 0 0 0 0 0 0 0 0
-28.5 370.5 2460.5 7 0.3191632032 0.3681458235 -0.8732717037 -0.2325348705 0.9237168431 0.3044252098 0.9187287092 0.1059048101 0.3804231584
-101.0 188.6 2439.6 0.3191632032 0.3681458235 -0.8732717037 -0.2325348705 0.9237168431 0.3044252098 0.9187287092 0.1059048101 0.3804231584
-167.9 6.9 2425.7 0.3341197073 0.3444828391 -0.8773229718 -0.1935022324 0.9360595942 0.2938525379 0.9224537611 0.0715820268 0.3794141710
-146.7 215.0 2313.6 -0.2059507817 0.5245468020 -0.8260961771 0.6278281808 0.7183715105 0.2996234000 0.7506104708 -0.4569388032 -0.4772744477
-90.0 42.1 2106.9 -0.8131557107 0.5245468020 -0.2522467077 0.5817394257 0.7183715105 -0.3814729750 -0.0188935846 -0.4569388032 -0.8892974854
-55.4 162.1 2565.7 -0.2681883574 0.8578144908 -0.4384395778 -0.9184191823 -0.0902696699 0.3851721287 0.2908284366 0.5059700012 0.8120425940
-120.3 -60.0 2636.0 0.1367232203 0.8578144908 -0.4954402149 -0.9089037180 -0.0902696699 -0.4071184993 -0.3939553797 0.5059700012 0.7673287988
-262.2 -158.8 2326.6 0.4061781466 0.0101808356 -0.9137371778 0.0280431304 0.9993280768 0.0236003324 0.9133635163 -0.0352099910 0.4056197405
-266.1 -546.7 2340.2 0.4059904814 0.1286861598 -0.9047715664 0.0265989173 0.9879527688 0.1524525732 0.9134901166 -0.0859602392 0.3976764977
-202.6 -194.1 2491.8 0.4228852093 -0.0541951172 -0.9045612216 -0.0359419771 0.9964213967 -0.0765017346 0.9054701924 0.0648631677 0.4194239974
-181.5 -580.9 2466.6 0.4171869457 -0.0815749094 -0.9051522613 0.0550952107 0.9964017868 -0.0644050613 0.9071491361 -0.0230006035 0.4201802015
137.2 -120.4 2112.2 0 0 0 0 0 0 0 0 0
-84.1 -300.5 2531.8 0 0 0 0 0 0 0 0 0
-314.1 -915.3 2372.3 0 0 0 0 0 0 0 0 0
-159.0 -855.8 2473.0 0 0 0 0 0 0 0 0 0
-26.0 370.9 2461.2 8 0.3226336241 0.3747999370 -0.8691562414 -0.2390433550 0.9207593799 0.3083187044 0.9158415794 0.1082920507 0.3866613507
-100.0 189.2 2439.9 0.3226336241 0.3747999370 -0.8691562414 -0.2390433550 0.9207593799 0.3083187044 0.9158415794 0.1082920507 0.3866613507
-168.2 8.1 2425.4 0.3376615345 0.3516508639 -0.8731130362 -0.2006917447 0.9331597686 0.2982209027 0.9196235538 0.0745288581 0.3856655955
-146.1 216.7 2314.2 -0.1982809305 0.5590823293 -0.8050537705 0.6220297217 0.7065387368 0.3374640346 0.7574719191 -0.4338547289 -0.4878590107
-90.4 42.0 2101.5 -0.7912116051 0.5590823293 -0.2478127629 0.6110523939 0.7065387368 -0.3569565117 -0.0244787745 -0.4338547289 -0.9006502628
-53.8 161.8 2565.5 -0.2732973993 0.8598429561 -0.4312523901 -0.9179373980 -0.0990926921 0.3841503859 0.2875750363 0.5008500218 0.8163638115
-119.9 -60.2 2635.1 0.1280016005 0.8598429561 -0.4942526519 -0.9078148007 -0.0990926921 -0.4074958563 -0.3993592560 0.5008500218 0.7678941488
-264.7 -157.5 2329.2 0.4113544822 0.0032615114 -0.9114696383 0.0279311333 0.9994788766 0.0161820073 0.9110473990 -0.0321149193 0.4110490084
-266.0 -545.5 2341.7 0.4096642137 0.1294887513 -0.9029994011 0.0147470962 0.9888049364 0.1484834552 0.9121171832 -0.0741449744 0.4031684101
-204.8 -192.2 2494.5 0.4273254275 -0.0490658656 -0.9027655125 -0.0405514054 0.9964811802 -0.0733544379 0.9031879902 0.0679546297 0.4238320589
-185.8 -579.0 2468.1 0.4198180139 -0.0949005261 -0.9026331902 0.0616126284 0.9952042103 -0.0759769455 0.9055145979 -0.0237171128 0.4236517251
132.0 -129.8 2108.4 0 0 0 0 0 0 0 0 0
-86.1 -300.4 2529.4 0 0 0 0 0 0 0 0 0
-314.3 -914.5 2369.3 0 0 0 0 0 0 0 0 0
-159.4 -855.4 2474.7 0 0 0 0 0 0 0 0 0
-25.6 372.0 2461.6 9 0.3291034400 0.3718247116 -0.8680076599 -0.2486584038 0.9208952188 0.3002015650 0.9109664559 0.1170400307 0.3955271244
-98.9 190.4 2438.5 0.3291034400 0.3718247116 -0.8680076599 -0.2486584038 0.9208952188 0.3002015650 0.9109664559 0.1170400307 0.3955271244
-166.0 9.0 2422.7 0.3451358080 0.3454981744 -0.8726466894 -0.2071811259 0.9348886609 0.2881999016 0.9154000282 0.0813278332 0.3942442536
-146.0 218.7 2313.5 -0.1786732078 0.5803807378 -0.7945024371 0.6211885214 0.6927536726 0.3663565218 0.7630207539 -0.4280776978 -0.4843023717
-95.6 43.3 2097.9 -0.7734442949 0.5803807378 -0.2548374832 0.6334264278 0.6927536726 -0.3447654843 -0.0235556271 -0.4280776978 -0.9034348726
-51.7 162.1 2563.6 -0.2648901641 0.8638091683 -0.4285637438 -0.9226248264 -0.0978258997 0.3730864823 0.2803508937 0.4942304790 0.8228849173
-115.8 -61.0 2631.4 0.1317741126 0.8638091683 -0.4862810671 -0.9029520154 -0.0978258997 -0.4184588194 -0.4090394676 0.4942304790 0.7670872808
-266.7 -155.0 2328.6 0.4171507657 0.0011466395 -0.9088365436 0.0180118550 0.9997923374 0.0095287319 0.9086588025 -0.0203447510 0.4170435071
-267.2 -543.2 2336.5 0.4207149148 0.1059828475 -0.9009808898 0.0493304618 0.9890105128 0.1393727660 0.9058507085 -0.1030820087 0.4108632803
-206.2 -191.0 2493.3 0.4326535761 -0.0589247607 -0.8996325731 -0.0306784566 0.9963217378 -0.0800117403 0.9010381103 0.0622167028 0.4292544425
-183.4 -577.8 2469.2 0.4273855090 -0.0815621689 -0.9003828168 0.0516246669 0.9964988232 -0.0657642186 0.9025943279 -0.0183752906 0.4300997853
122.3 -135.2 2104.5 0 0 0 0 0 0 0 0 0
-80.9 -299.9 2523.2 0 0 0 0 0 0 0 0 0
-306.7 -912.1 2374.9 0 0 0 0 0 0 0 0 0
-160.6 -856.5 2474.3 0 0 0 0 0 0 0 0 0
-23.9 374.1 2469.3 0 0.3282023370 0.3691011071 -0.8695099950 -0.2628966570 0.9198220968 0.2912261784 0.9072864056 0.1330101490 0.3989232183
-97.2 191.4 2442.9 0.3282023370 0.3691011071 -0.8695099950 -0.2628966570 0.9198220968 0.2912261784 0.9072864056 0.1330101490 0.3989232183
-164.1 10.2 2424.3 0.3445704579 0.3446388543 -0.8732097149 -0.2203860134 0.9338745475 0.2816172838 0.9125246406 0.0954062119 0.3977391720
-144.3 221.5 2318.2 -0.1493332982 0.6064725518 -0.7809549570 0.6148316860 0.6755119562 0.4070203900 0.7743911147 -0.4193741381 -0.4737549424
-101.2 44.2 2094.8 -0.7547618747 0.6064725518 -0.2500511706 0.6549845934 0.6755119562 -0.3386425376 -0.0364648253 -0.4193741381 -0.9070808291
-50.1 161.3 2567.5 -0.2643389702 0.8634692430 -0.4295879304 -0.9268811941 -0.1043720618 0.3605519235 0.2664885223 0.4934849143 0.8279229999
-114.0 -62.9 2632.0 0.1329108775 0.8634692430 -0.4865753651 -0.8967007399 -0.1043720618 -0.4301560819 -0.4222114086 0.4934849143 0.7604013085
-263.9 -153.9 2324.9 0.4164861739 0.0048360601 -0.9091292024 0.0384734496 0.9989962578 0.0229393877 0.9083276391 -0.0445312746 0.4158820808
-265.8 -541.7 2342.2 0.4146955013 0.1120819524 -0.9030311704 0.0221484452 0.9908480048 0.1331527084 0.9096906781 -0.0752185658 0.4084177911
-202.1 -191.0 2489.0 0.4309636950 -0.0460976064 -0.9011910558 -0.0250582770 0.9976977706 -0.0630173683 0.9020212889 0.0497404933 0.4288164079
-184.2 -578.3 2469.6 0.4257747829 -0.0816696733 -0.9011359215 0.0552538559 0.9964063764 -0.0641972944 0.9031405449 -0.0224576425 0.4287572801
112.1 -140.9 2105.1 0 0 0 0 0 0 0 0 0
-78.9 -300.1 2520.3 0 0 0 0 0 0 0 0 0
-307.6 -911.2 2370.3 0 0 0 0 0 0 0 0 0
-161.3 -857.2 2475.9 0 0 0 0 0 0 0 0 0
-23.0 375.9 2473.1 1 0.3295955658 0.3665477633 -0.8700629473 -0.2497579902 0.9225780368 0.2940589488 0.9104875922 0.1203846410 0.3956258595
-95.8 192.5 2449.2 0.3295955658 0.3665477633 -0.8700629473 -0.2497579902 0.9225780368 0.2940589488 0.9104875922 0.1203846410 0.3956258595
-163.0 11.3 2431.4 0.3422287405 0.3459829688 -0.8735990524 -0.2168457657 0.9337239265 0.2848465741 0.9142524004 0.0919535756 0.3945720792
-142.6 222.2 2324.3 -0.1190118268 0.6332341433 -0.7647553086 0.6059050560 0.6565057635 0.4493097365 0.7865845561 -0.4098959565 -0.4618117511
-107.5 43.7 2092.6 -0.7363477945 0.6332341433 -0.2383410633 0.6741254330 0.6565057635 -0.3384598792 -0.0578520708 -0.4098959565 -0.9102957845
-49.1 162.9 2574.1 -0.2664421797 0.8622342944 -0.4307674170 -0.9252368808 -0.1035690680 0.3649795949 0.2700837553 0.4958078563 0.8253661990
-113.5 -60.9 2639.4 0.1323317587 0.8622342944 -0.4889174700 -0.8988111615 -0.1035690680 -0.4259247780 -0.4178836942 0.4958078563 0.7612803578
-261.9 -151.4 2324.1 0.4145241678 0.0117486799 -0.9099624753 0.0354213268 0.9989506602 0.0290334467 0.9093486667 -0.0442671441 0.4136730433
-266.4 -539.1 2341.3 0.4133805931 0.1224335507 -0.9022895694 0.0260351356 0.9889246225 0.1461171508 0.9101860523 -0.0838932246 0.4056146741
-200.1 -190.8 2487.6 0.4290799201 -0.0334325805 -0.9026476145 -0.0245515183 0.9985138774 -0.0486540459 0.9029328227 0.0430378430 0.4276214242
-187.2 -578.4 2470.9 0.4226612151 -0.1029459089 -0.9004219174 0.0486241765 0.9946724772 -0.0908972919 0.9049824476 -0.0053635123 0.4254151583
102.8 -148.8 2109.1 0 0 0 0 0 0 0 0 0
-78.5 -298.7 2528.9 0 0 0 0 0 0 0 0 0
-312.1 -908.1 2372.6 0 0 0 0 0 0 0 0 0
-159.0 -850.6 2472.3 0 0 0 0 0 0 0 0 0
-22.4 375.1 2476.0 2 0.3493950665 0.3634486496 -0.8636134267 -0.2496182173 0.9244992137 0.2880833149 0.9031134248 0.1149187610 0.4137388766
-94.5 191.7 2453.3 0.3493950665 0.3634486496 -0.8636134267 -0.2496182173 0.9244992137 0.2880833149 0.9031134248 0.1149187610 0.4137388766
-161.1 10.2 2435.9 0.3610155284 0.3430854380 -0.8671563864 -0.2190340161 0.9350495934 0.2787585258 0.9064722061 0.0893005803 0.4127148092
-143.9 221.6 2329.4 -0.0924679413 0.6430249810 -0.7602424026 0.5979994535 0.6463459730 0.4739551842 0.7961446643 -0.4107989073 -0.4442948699
-116.3 43.5 2092.3 -0.7271924615 0.6430249810 -0.2402289808 0.6835570335 0.6463459730 -0.3390968740 -0.0627767220 -0.4107989073 -0.9095621705
-45.2 161.8 2577.1 -0.2565461099 0.8722219467 -0.4164288640 -0.9277408123 -0.1013858020 0.3591907024 0.2710740268 0.4784870148 0.8352059722
-107.3 -62.6 2642.6 0.1285599619 0.8722219467 -0.4719123244 -0.8963600993 -0.1013858020 -0.4315779209 -0.4242769480 0.4784870148 0.7687907815
-260.8 -150.5 2331.6 0.4316811264 0.0113042947 -0.9019554257 0.0020180780 0.9999068379 0.0134977931 0.9020240307 -0.0076469593 0.4316181242
-265.2 -538.4 2334.6 0.4386551976 0.1257193089 -0.8898181319 0.0522605963 0.9849215746 0.1649191380 0.8971346021 -0.1188450605 0.4254707992
-199.5 -189.4 2495.4 0.4474347830 -0.0372804962 -0.8935391903 -0.0464327931 0.9968147874 -0.0648403540 0.8931103349 0.0705013499 0.4442785680
-185.0 -576.2 2468.0 0.4397121370 -0.0963935554 -0.8929510117 0.0590292551 0.9951758981 -0.0783611387 0.8961968422 -0.0182538871 0.4432809651
91.7 -152.0 2110.3 0 0 0 0 0 0 0 0 0
-73.3 -299.7 2530.4 0 0 0 0 0 0 0 0 0
-312.1 -905.8 2378.9 0 0 0 0 0 0 0 0 0
-158.1 -854.0 2473.1 0 0 0 0 0 0 0 0 0
-21.0 372.1 2477.0 3 0.3849152029 0.3642351329 -0.8480407000 -0.2570943534 0.9247812629 0.2805033624 0.8864213228 0.1100564674 0.4496051669
-93.1 188.9 2455.2 0.3849152029 0.3642351329 -0.8480407000 -0.2570943534 0.9247812629 0.2805033624 0.8864213228 0.1100564674 0.4496051669
-159.8 7.4 2437.7 0.3949564099 0.3435974419 -0.8520271182 -0.2307146043 0.9348017573 0.2700304389 0.8892582059 0.0899248421 0.4484788775
-147.1 220.4 2333.8 -0.0754957497 0.6436402202 -0.7615954876 0.5854548812 0.6468816996 0.4886580110 0.8071821332 -0.4089881778 -0.4256591201
-124.4 44.9 2091.9 -0.7279474735 0.6436402202 -0.2362620682 0.6824266911 0.6468816996 -0.3403496146 -0.0662290826 -0.4089881778 -0.9101331830
-39.2 157.4 2576.6 -0.2438719124 0.8896070123 -0.3861681223 -0.9323655963 -0.1054933295 0.3457824886 0.2668723762 0.4443764985 0.8551658392
-98.2 -68.1 2641.1 0.1149414629 0.8896070123 -0.4420269132 -0.8899328709 -0.1054933295 -0.4437236488 -0.4413705766 0.4443764985 0.7795649767
-260.1 -151.7 2337.4 0.4647048414 0.0102654658 -0.8854061365 -0.0199924316 0.9997995496 0.0010987372 0.8852398992 0.0171908326 0.4648169279
-264.1 -539.6 2330.7 0.4762639403 0.1282037050 -0.8699060082 0.0574749336 0.9826592803 0.1762877703 0.8774219751 -0.1339572966 0.4606366754
-195.4 -190.9 2499.8 0.4802129269 -0.0320238359 -0.8765671849 -0.0537751429 0.9963787198 -0.0658607706 0.8755019903 0.0787647143 0.4767518640
-183.0 -577.7 2469.2 0.4735962451 -0.0895701051 -0.8761756420 0.0468613170 0.9959687591 -0.0764865875 0.8794944882 -0.0048349826 0.4758844674
83.2 -149.8 2110.7 0 0 0 0 0 0 0 0 0
-67.8 -303.5 2524.4 0 0 0 0 0 0 0 0 0
-311.9 -906.2 2380.7 0 0 0 0 0 0 0 0 0
-158.5 -850.1 2470.5 0 0 0 0 0 0 0 0 0
-18.7 371.5 2469.5 4 0.4681178927 0.3631702662 -0.8055886030 -0.2717850506 0.9266253710 0.2598042786 0.8408320546 0.0973279178 0.5324741602
-90.8 187.7 2450.2 0.4681178927 0.3631702662 -0.8055886030 -0.2717850506 0.9266253710 0.2598042786 0.8408320546 0.0973279178 0.5324741602
-157.9 6.2 2434.6 0.4768070877 0.3464018404 -0.8078742027 -0.2489923239 0.9346570969 0.2538088560 0.8430052400 0.0801366270 0.5319025517
-155.6 221.6 2335.6 -0.0658157319 0.6399883032 -0.7655607462 0.5849212408 0.6463284492 0.4900272191 0.8084153533 -0.4155412614 -0.4168813229
-135.8 46.2 2093.2 -0.7329353094 0.6399883032 -0.2306964248 0.6758587956 0.6463284492 -0.3542236984 -0.0775933415 -0.4155412614 -0.9062586427
-25.9 153.8 2564.8 -0.2141138017 0.9274227619 -0.3066632152 -0.9402831793 -0.1106393412 0.3219106793 0.2646182775 0.3572757840 0.8957294226
-77.7 -73.5 2628.7 0.0762220174 0.9274227619 -0.3661656082 -0.8792880177 -0.1106393412 -0.4632618427 -0.4701519012 0.3572757840 0.8070385456
-261.9 -153.4 2340.7 0.5450588465 0.0017202742 -0.8383960128 -0.0176129360 0.9998006821 -0.0093990844 0.8382127285 0.0198896695 0.5449805260
-262.6 -541.4 2333.0 0.5530187488 0.1351089776 -0.8221409917 0.0346223824 0.9821850657 0.1846992821 0.8324491382 -0.1306066513 0.5384889841
-191.2 -194.7 2499.9 0.5589706898 -0.0281532593 -0.8287093639 -0.0475343093 0.9966918826 -0.0659222826 0.8278238177 0.0762407482 0.5557832718
-180.3 -581.6 2470.3 0.5535406470 -0.0845309719 -0.8285211325 0.0443464927 0.9964159131 -0.0720324665 0.8316406608 0.0031308893 0.5553053617
72.2 -145.6 2115.2 0 0 0 0 0 0 0 0 0
-57.6 -305.8 2504.5 0 0 0 0 0 0 0 0 0
-313.0 -908.0 2381.7 0 0 0 0 0 0 0 0 0
-157.6 -848.5 2469.5 0 0 0 0 0 0 0 0 0
-21.9 373.4 2473.2 5 0.4642184079 0.3558295965 -0.8111020923 -0.2700596750 0.9290114641 0.2529929280 0.8435454965 0.1016019955 0.5273594260
-92.5 189.1 2453.1 0.4642184079 0.3558295965 -0.8111020923 -0.2700596750 0.9290114641 0.2529929280 0.8435454965 0.1016019955 0.5273594260
-158.7 7.4 2436.4 0.4717565775 0.3415924609 -0.8128716350 -0.2499024868 0.9359034300 0.2482610792 0.8455734849 0.0860198364 0.5268834233
-156.7 223.2 2337.8 -0.0409266613 0.6153353453 -0.7872022390 0.5900863409 0.6506732106 0.4779356122 0.8063021302 -0.4449569881 -0.3897309005
-144.5 47.3 2097.5 -0.7529586554 0.6153353453 -0.2332716286 0.6522234678 0.6506732106 -0.3888815939 -0.0875089988 -0.4449569881 -0.8912662268
-28.2 155.0 2568.3 -0.2116699070 0.9253124595 -0.3146310747 -0.9420047402 -0.1073737219 0.3179590702 0.2604283690 0.3636863232 0.8943765163
-79.4 -72.8 2631.3 0.0843420327 0.9253124595 -0.3697070181 -0.8767760992 -0.1073737219 -0.4687585235 -0.4734449089 0.3636863232 0.8022357225
-267.6 -153.0 2344.0 0.5389757156 -0.0101277269 -0.8422604203 -0.0147602595 0.9996606112 -0.0214657020 0.8421919346 0.0240014754 0.5386433601
-263.6 -541.0 2334.6 0.5441208482 0.1234629229 -0.8298731446 0.0231587067 0.9865266681 0.1619531810 0.8386871815 -0.1073408946 0.5339304805
-182.6 -197.5 2494.3 0.5533317924 -0.0060362900 -0.8329390883 -0.0587750413 0.9971982837 -0.0462716632 0.8308846951 0.0745596066 0.5514267087
-180.2 -584.5 2465.3 0.5465390086 -0.0888521969 -0.8327066898 0.0648807138 0.9958592653 -0.0636772215 0.8349165320 -0.0192245133 0.5500407219
68.9 -137.6 2122.3 0 0 0 0 0 0 0 0 0
-57.1 -304.6 2506.1 0 0 0 0 0 0 0 0 0
-309.7 -909.1 2374.7 0 0 0 0 0 0 0 0 0
-156.4 -851.6 2470.5 0 0 0 0 0 0 0 0 0
-23.5 372.6 2467.1 6 0.4914236069 0.3581117392 -0.7938883901 -0.2707701921 0.9291993380 0.2515395284 0.8277598619 0.0913488716 0.5535964370
-94.4 188.7 2449.0 0.4914236069 0.3581117392 -0.7938883901 -0.2707701921 0.9291993380 0.2515395284 0.8277598619 0.0913488716 0.5535964370
-160.4 6.8 2433.6 0.4986542761 0.3401651680 -0.7972650528 -0.2514456809 0.9369959831 0.2425152212 0.8295293450 0.0795375928 0.5527701378
-162.4 223.0 2335.9 -0.0377442837 0.5972338319 -0.8011785746 0.5953592658 0.6573610902 0.4619780481 0.8025725484 -0.4595520496 -0.3803803325
-151.3 48.3 2100.4 -0.7729955316 0.5972338319 -0.2139850259 0.6246023178 0.6573610902 -0.4216020405 -0.1111295670 -0.4595520496 -0.8811708689
-26.4 154.4 2562.2 -0.1994981021 0.9365593791 -0.2881961465 -0.9439703822 -0.1047741398 0.3129573166 0.2629076242 0.3344830275 0.9049865603
-74.6 -73.9 2625.7 0.0735915378 0.9365593791 -0.3426963687 -0.8742294908 -0.1047741398 -0.4740729928 -0.4799032211 0.3344830275 0.8110573292
-267.1 -151.9 2344.1 0.5647060275 -0.0070732818 -0.8252618313 -0.0114561990 0.9997997284 -0.0164084285 0.8252125978 0.0187203027 0.5645118952
-264.4 -540.0 2336.9 0.5665126443 0.1227965578 -0.8148524165 0.0026254272 0.9885609150 0.1507993490 0.8240488768 -0.0875690728 0.5597098470
-182.8 -196.6 2495.3 0.5788788795 -0.0013701643 -0.8154124022 -0.0473224372 0.9982566833 -0.0352726281 0.8140391707 0.0590058789 0.5778049231
-182.3 -584.1 2472.4 0.5719040036 -0.0975669548 -0.8144977093 0.0546269566 0.9952273965 -0.0808595717 0.8184996843 0.0017503828 0.5745043159
68.2 -129.0 2132.0 0 0 0 0 0 0 0 0 0
-55.1 -305.1 2498.8 0 0 0 0 0 0 0 0 0
-310.2 -908.9 2369.5 0 0 0 0 0 0 0 0 0
-156.3 -849.6 2471.9 0 0 0 0 0 0 0 0 0
-21.7 374.2 2471.0 7 0.4603935480 0.3616964519 -0.8106870651 -0.2704558969 0.9269645214 0.2599814832 0.8455125093 0.0995612964 0.5245913863
-93.3 190.7 2451.3 0.4603935480 0.3616964519 -0.8106870651 -0.2704558969 0.9269645214 0.2599814832 0.8455125093 0.0995612964 0.5245913863
-160.0 9.2 2434.9 0.4685457945 0.3438111544 -0.8137928247 -0.2489380538 0.9352191091 0.2517838478 0.8476406336 0.0846117362 0.5237806439
-157.2 224.7 2335.7 -0.0105438055 0.5884929895 -0.8084335923 0.6024554968 0.6490073204 0.4645824730 0.7980828285 -0.4821467996 -0.3613838553
-154.2 48.6 2102.4 -0.7826353908 0.5884929895 -0.2028740942 0.6069243550 0.6490073204 -0.4587290287 -0.1382920444 -0.4821467996 -0.8651068211
-29.4 156.8 2567.0 -0.2148658931 0.9239431024 -0.3164834082 -0.9407132268 -0.1087047383 0.3213128448 0.2624715567 0.3667593002 0.8925224543
-81.4 -70.7 2630.4 0.0837643296 0.9239431024 -0.3732460737 -0.8780101538 -0.1087047383 -0.4661346376 -0.4712555110 0.3667593002 0.8021258712
-270.9 -152.6 2344.0 0.5363935232 -0.0113544976 -0.8438916206 -0.0118496027 0.9997096062 -0.0209828485 0.8438848257 0.0212548450 0.5361031890
-266.5 -540.7 2335.7 0.5407757163 0.1085233539 -0.8341368437 0.0247396566 0.9891616702 0.1447313428 0.8408029675 -0.0989034548 0.5322297812
-181.7 -197.6 2492.3 0.5506949425 0.0064631547 -0.8346815705 -0.0407158732 0.9989876747 -0.0191275515 0.8337129354 0.0445182361 0.5504006147
-184.3 -585.4 2475.0 0.5435344577 -0.1056079492 -0.8327167630 0.0465432853 0.9943192601 -0.0957229882 0.8380954862 0.0132713718 0.5453621149
68.1 -123.7 2141.7 0 0 0 0 0 0 0 0 0
-59.2 -303.0 2505.8 0 0 0 0 0 0 0 0 0
-307.0 -909.8 2372.6 0 0 0 0 0 0 0 0 0
-156.2 -849.9 2471.5 0 0 0 0 0 0 0 0 0
-24.7 372.4 2466.0 8 0.4158801734 0.3676587939 -0.8317876458 -0.2586737871 0.9246792793 0.2793852091 0.8718552589 0.0989708975 0.4796594679
-97.2 190.1 2446.5 0.4158801734 0.3676587939 -0.8317876458 -0.2586737871 0.9246792793 0.2793852091 0.8718552589 0.0989708975 0.4796594679
-164.4 8.7 2431.0 0.4260331094 0.3461725414 -0.8358590603 -0.2322263122 0.9347879291 0.2687795460 0.8743950725 0.0795994699 0.4786409736
-155.3 221.8 2327.3 -0.0023898368 0.5893511772 -0.8078734279 0.6130905151 0.6390944719 0.4644117355 0.7900090218 -0.4941896796 -0.3628529608
-154.6 48.8 2104.4 -0.7848352194 0.5893511772 -0.1915695667 0.5979800224 0.6390944719 -0.4837129116 -0.1626457274 -0.4941896796 -0.8540040851
-39.1 158.5 2565.7 -0.2341610938 0.9046498537 -0.3560578823 -0.9330697060 -0.1062651873 0.3436402977 0.2730376124 0.4126940072 0.8689845204
-95.7 -67.1 2631.7 0.0992761999 0.9046498537 -0.4144307673 -0.8892165422 -0.1062651873 -0.4449737668 -0.4465850294 0.4126940072 0.7938799858
-268.6 -150.1 2342.6 0.4958506525 -0.0143584935 -0.8682891130 -0.0115605220 0.9996655583 -0.0231328290 0.8683308363 0.0215083044 0.4955188334
-263.1 -538.2 2334.3 0.5026409030 0.1294249296 -0.8547521830 0.0357401073 0.9847733378 0.1701296121 0.8637561798 -0.1160630360 0.4903617203
-184.8 -194.6 2494.3 0.5101619959 -0.0026319334 -0.8600742817 -0.0455584303 0.9985087514 -0.0300790146 0.8588708639 0.0545288064 0.5092812777
-183.8 -582.2 2473.1 0.5035460591 -0.0945321172 -0.8587811589 0.0473728813 0.9955216646 -0.0818070471 0.8626686335 0.0005106755 0.5057692528
68.3 -121.0 2150.6 0 0 0 0 0 0 0 0 0
-69.5 -302.2 2513.6 0 0 0 0 0 0 0 0 0
-311.4 -905.6 2377.6 0 0 0 0 0 0 0 0 0
-157.9 -855.2 2473.0 0 0 0 0 0 0 0 0 0
-22.1 374.2 2473.0 9 0.3640334606 0.3706011176 -0.8544790745 -0.2550975382 0.9220190048 0.2912151217 0.8957705498 0.1119634360 0.4301851988
-95.7 190.9 2450.7 0.3640334606 0.3706011176 -0.8544790745 -0.2550975382 0.9220190048 0.2912151217 0.8957705498 0.1119634360 0.4301851988
-163.6 9.8 2434.3 0.3766903579 0.3498024344 -0.8577544093 -0.2225060612 0.9330197573 0.2827810645 0.8992193341 0.0843346640 0.4292927086
-147.1 221.2 2328.2 -0.0137953619 0.6224188209 -0.7825627923 0.6222839952 0.6179492474 0.4805219769 0.7826699615 -0.4803473353 -0.3958461285
-143.2 44.8 2106.3 -0.7632570863 0.6224188209 -0.1733014733 0.6151069403 0.6179492474 -0.4896756113 -0.1976918131 -0.4803473353 -0.8545082808
-44.4 160.6 2573.3 -0.2566882968 0.8803517222 -0.3988633156 -0.9269822836 -0.1074575409 0.3593838811 0.2735233605 0.4619888663 0.8436535001
-106.5 -63.5 2639.4 0.1148793101 0.8803517222 -0.4601995051 -0.8966959715 -0.1074575409 -0.4294056296 -0.4274798930 0.4619888663 0.7770631909
-269.7 -152.0 2337.4 0.4487193227 -0.0135089969 -0.8935706615 -0.0036834604 0.9998493195 -0.0169654209 0.8936651349 0.0109041436 0.4486019313
-264.4 -540.2 2333.1 0.4544938505 0.1304756552 -0.8811421394 0.0370405242 0.9855898619 0.1650473624 0.8899794221 -0.1076509729 0.4431116581
-193.5 -193.5 2493.7 0.4631545246 -0.0272681676 -0.8858579397 -0.0331527479 0.9982939959 -0.0480624363 0.8856572509 0.0516289622 0.4614603519
-182.9 -581.0 2473.7 0.4576138854 -0.0901862904 -0.8845654130 0.0428417735 0.9959236979 -0.0793764591 0.8881183267 -0.0015725837 0.4596122503
72.5 -129.0 2162.2 0 0 0 0 0 0 0 0 0
-76.1 -300.6 2526.4 0 0 0 0 0 0 0 0 0
-313.1 -908.0 2373.3 0 0 0 0 0 0 0 0 0
-158.1 -855.3 2474.1 0 0 0 0 0 0 0 0 0
-22.2 374.1 2475.0 0 0.3548220098 0.3748727143 -0.8564880490 -0.2531833947 0.9203917980 0.2979548275 0.8999997377 0.1111276150 0.4214868248
-96.5 191.5 2452.9 0.3548220098 0.3748727143 -0.8564880490 -0.2531833947 0.9203917980 0.2979548275 0.8999997377 0.1111276150 0.4214868248
-164.7 10.6 2435.9 0.3666491807 0.3513744473 -0.8614547849 -0.2230143398 0.9321355820 0.2852855623 0.9032347202 0.0875170529 0.4201283157
-146.6 222.0 2329.7 -0.0582421646 0.6563141942 -0.7522363663 0.6363880634 0.6049736738 0.4785572588 0.7691671252 -0.4508420527 -0.4529055059
-129.8 39.1 2108.7 -0.7421495318 0.6563141942 -0.1358887255 0.6252715588 0.6049736738 -0.4929932058 -0.2413493246 -0.4508420527 -0.8593555093
-46.5 161.1 2576.2 -0.2619061768 0.8752154708 -0.4066977501 -0.9260462523 -0.1092496216 0.3612517715 0.2717415690 0.4712350070 0.8391031623
