169.6 472.2 2621.2 1 0.5629425049 0.3486134112 -0.7493760586 -0.1391710490 0.9337267280 0.3298268914 0.8146945238 -0.0813821182 0.5741513371
99.7 285.1 2637.5 0.5629425049 0.3486134112 -0.7493760586 -0.1391710490 0.9337267280 0.3298268914 0.8146945238 -0.0813821182 0.5741513371
30.9 99.8 2657.5 0.5687623620 0.3459358513 -0.7462156415 -0.1235300153 0.9328877330 0.3383205831 0.8131726384 -0.1002439857 0.5733249187
19.7 302.5 2523.2 0.0777668431 0.0133316256 -0.9968824387 0.9560087323 0.2826787233 0.0783586353 0.2828421295 -0.9591220021 0.0092378836
-1.5 41.2 2445.9 -0.9123059511 0.0133316256 -0.4092921615 0.3960695863 0.2826787233 -0.8736255765 0.1040513441 -0.9591220021 -0.2631697655
179.6 267.8 2751.8 0.4339699447 0.8966193199 0.0879992396 -0.8889343143 0.4102610350 0.2036703974 0.1465121508 -0.1666123867 0.9750766754
313.6 -6.6 2797.0 -0.1938142180 0.8966193199 0.3981329501 0.0252980459 0.4102610350 -0.9116172194 -0.9807119966 -0.1666123867 -0.1021971330
-92.5 -81.7 2603.3 0.8474720120 0.0224279799 -0.5303661227 -0.0366951935 0.9991922379 -0.0163816772 0.5295702815 0.0333448984 0.8476104140
-101.5 -478.9 2590.0 0.8480288982 0.0784421861 -0.5241124630 -0.0298876055 0.9944897890 0.1004830152 0.5291065574 -0.0695480332 0.8457005024
10.4 -99.2 2753.8 0.8639016151 -0.1102207378 -0.4914523065 0.0960099697 0.9939070344 -0.0541375019 0.4944249690 -0.0004148436 0.8692201972
54.2 -494.2 2753.9 0.8527967334 0.1413424462 -0.5027524829 -0.0298321806 0.9742916226 0.2233066708 0.5213901997 -0.1754369885 0.8350892663
234.3 -61.2 2419.0 0 0 0 0 0 0 0 0 0
251.4 1.5 2482.1 0 0 0 0 0 0 0 0 0
-123.5 -758.3 2609.6 0 0 0 0 0 0 0 0 0
17.6 -746.6 2799.4 0 0 0 0 0 0 0 0 0
175.7 471.5 2630.5 2 0.6111590862 0.3705128729 -0.6994317770 -0.2056771368 0.9276558161 0.3116915226 0.7643176913 -0.0466359742 0.6431512833
101.6 285.9 2639.8 0.6111590862 0.3705128729 -0.6994317770 -0.2056771368 0.9276558161 0.3116915226 0.7643176913 -0.0466359742 0.6431512833
30.3 100.9 2652.6 0.6192156076 0.3568846583 -0.6994321942 -0.1850801259 0.9319841266 0.3116904497 0.7630972266 -0.0635525882 0.6431513429
14.8 311.8 2533.0 0.0454642214 -0.0475313589 -0.9978345633 0.9403640628 0.3391209543 0.0266918391 0.3371179104 -0.9395412207 0.0601146519
1.8 42.5 2436.5 -0.9092386365 -0.0475313589 -0.4135527611 0.3747405708 0.3391209543 -0.8628826737 0.1812583953 -0.9395412207 -0.2905299366
188.3 260.1 2746.6 0.4238623083 0.8920104504 0.1570288390 -0.9037574530 0.4051094651 0.1382347345 0.0596929640 -0.2005084753 0.9778717160
318.7 -17.9 2765.0 -0.2581526339 0.8920104504 0.3710452020 0.0924483985 0.4051094651 -0.9095821381 -0.9616706967 -0.2005084753 -0.1870450079
-90.1 -74.3 2602.9 0.8816956878 0.0285428278 -0.4709543884 -0.0389360301 0.9991655350 -0.0123381792 0.4702092111 0.0292156134 0.8820712566
-101.5 -471.5 2591.3 0.8821425438 0.0714162812 -0.4655365348 -0.0329323076 0.9953706264 0.0902929679 0.4698297679 -0.0643200800 0.8804106712
14.2 -96.9 2751.9 0.8913667202 -0.1189799756 -0.4373889565 0.1009159088 0.9928079844 -0.0644076318 0.4419064522 0.0132713160 0.8969629407
61.4 -491.5 2746.6 0.8752079606 0.1706042439 -0.4526645839 -0.0596030653 0.9666474462 0.2490786314 0.4800609350 -0.1910154074 0.8561860919
237.9 -54.8 2389.4 0 0 0 0 0 0 0 0 0
236.1 11.7 2457.4 0 0 0 0 0 0 0 0 0
-122.1 -759.7 2609.9 0 0 0 0 0 0 0 0 0
17.4 -741.1 2795.9 0 0 0 0 0 0 0 0 0
171.9 472.6 2634.6 3 0.6077305675 0.3672987521 -0.7040988803 -0.2139237672 0.9295572639 0.3002663851 0.7647876740 -0.0318575762 0.6434943080
98.5 287.0 2641.0 0.6077305675 0.3672987521 -0.7040988803 -0.2139237672 0.9295572639 0.3002663851 0.7647876740 -0.0318575762 0.6434943080
27.9 101.5 2650.4 0.6149811745 0.3546721041 -0.7042768002 -0.1952102482 0.9338140488 0.2998070717 0.7639967799 -0.0468936414 0.6435136795
12.1 314.4 2533.8 0.0147684980 -0.1044095680 -0.9944247007 0.9321542382 0.3612593114 -0.0240866989 0.3617600799 -0.9266015291 0.1026610732
8.0 51.1 2431.6 -0.8899134398 -0.1044095680 -0.4440187812 0.3820264935 0.3612593114 -0.8506159186 0.2492183596 -0.9266015291 -0.2816023231
184.9 259.6 2748.2 0.4268375039 0.8917229176 0.1504658163 -0.9030401111 0.4114105105 0.1235310510 0.0482522584 -0.1886043549 0.9808670282
316.5 -18.8 2763.1 -0.2525625229 0.8917229176 0.3755560815 0.1065498963 0.4114105105 -0.9052008390 -0.9616960287 -0.1886043549 -0.1989198625
-97.5 -67.2 2595.7 0.8794267178 0.0084484415 -0.4759593010 -0.0108733680 0.9999381304 -0.0023414008 0.4759100974 0.0072343713 0.8794642091
-100.8 -464.6 2592.8 0.8778508306 0.0716401488 -0.4735457301 -0.0369845703 0.9959369302 0.0821085051 0.4775039554 -0.0545651354 0.8769336343
15.7 -100.9 2734.9 0.8868659139 -0.1063647568 -0.4496169388 0.1091308668 0.9938291907 -0.0198479090 0.4489535689 -0.0314646512 0.8930009604
57.9 -495.5 2747.4 0.8722344041 0.1617098004 -0.4615810513 -0.0458822846 0.9666511416 0.2519532442 0.4869311452 -0.1985839009 0.8505659699
239.8 -48.4 2366.7 0 0 0 0 0 0 0 0 0
235.5 15.4 2454.7 0 0 0 0 0 0 0 0 0
-122.0 -758.5 2608.9 0 0 0 0 0 0 0 0 0
17.7 -736.0 2796.8 0 0 0 0 0 0 0 0 0
166.3 469.0 2626.2 4 0.5517436266 0.3673285544 -0.7487648129 -0.1546898335 0.9272789955 0.3409173787 0.8195425868 -0.0722726956 0.5684422851
93.3 284.7 2640.6 0.5517436266 0.3673285544 -0.7487648129 -0.1546898335 0.9272789955 0.3409173787 0.8195425868 -0.0722726956 0.5684422851
23.6 99.5 2657.5 0.5593303442 0.3491388559 -0.7518321872 -0.1349886954 0.9332314730 0.3329520822 0.8178799152 -0.0847413763 0.5691145062
15.0 303.4 2526.2 -0.0088433623 -0.1553295404 -0.9878231287 0.9298174381 0.3621859550 -0.0652757436 0.3679149151 -0.9190723896 0.1412251741
17.4 52.0 2426.7 -0.8933070898 -0.1553295404 -0.4217524529 0.3457061648 0.3621859550 -0.8656260967 0.2872101367 -0.9190723896 -0.2698449194
171.7 265.9 2754.9 0.4286899269 0.9000943303 0.0778149739 -0.8924522400 0.4084977806 0.1914642006 0.1405485868 -0.1515249312 0.9784100652
303.4 -8.3 2798.1 -0.1826154888 0.9000943303 0.3955778182 0.0379568152 0.4084977806 -0.9119697809 -0.9824514389 -0.1515249312 -0.1087627262
-99.1 -66.1 2589.8 0.8424150348 0.0043044090 -0.5388119817 0.0000307724 0.9999676943 0.0080365567 0.5388292074 -0.0067866966 0.8423877358
-100.8 -463.6 2592.5 0.8406305909 0.0713107735 -0.5368938446 -0.0303719658 0.9959411621 0.0847276002 0.5407566428 -0.0549180955 0.8393844366
13.6 -101.8 2729.6 0.8546619415 -0.1067248955 -0.5080972314 0.1164269224 0.9931172729 -0.0127626825 0.5059622526 -0.0482484177 0.8612051606
56.0 -496.4 2748.8 0.8412502408 0.1532307565 -0.5184769630 -0.0273333956 0.9698232412 0.2422721237 0.5399545431 -0.1896397471 0.8200523257
252.1 -38.9 2351.2 0 0 0 0 0 0 0 0 0
245.1 3.8 2484.3 0 0 0 0 0 0 0 0 0
-122.0 -760.1 2608.9 0 0 0 0 0 0 0 0 0
19.0 -730.0 2794.5 0 0 0 0 0 0 0 0 0
167.3 474.9 2622.5 5 0.5234497786 0.3631607890 -0.7707882524 -0.1324179471 0.9283024073 0.3474480808 0.8417041302 -0.0798054114 0.5340086818
94.8 289.8 2638.4 0.5234497786 0.3631607890 -0.7707882524 -0.1324179471 0.9283024073 0.3474480808 0.8417041302 -0.0798054114 0.5340086818
25.5 104.5 2657.2 0.5309079885 0.3475194871 -0.7728951573 -0.1128853932 0.9329204559 0.3419303000 0.8398771286 -0.0942849591 0.5345247984
20.4 305.5 2520.7 -0.0432763845 -0.1940309703 -0.9800403714 0.9325682521 0.3440506458 -0.1092961729 0.3583903611 -0.9186844826 0.1660578400
32.2 51.1 2422.9 -0.8910375834 -0.1940309703 -0.4103705585 0.3299401104 0.3440506458 -0.8790726066 0.3117555678 -0.9186844826 -0.2425434589
169.3 274.1 2756.1 0.4282671809 0.9026610851 0.0423099473 -0.8862832785 0.4104391932 0.2145730406 0.1763210744 -0.1293931901 0.9757910967
301.2 1.1 2810.4 -0.1481476724 0.9026610851 0.4040485024 0.0140696131 0.4104391932 -0.9117794037 -0.9888651371 -0.1293931901 -0.0735056996
-97.2 -73.5 2599.8 0.8228642344 0.0065072416 -0.5682007074 -0.0179087147 0.9997346997 -0.0144859487 0.5679557323 0.0220957138 0.8227624893
-99.8 -470.7 2591.0 0.8218241334 0.0800414160 -0.5640907884 -0.0318427905 0.9949877262 0.0947915614 0.5688506961 -0.0599397719 0.8202536702
4.9 -97.9 2748.9 0.8393180966 -0.1312365383 -0.5275623798 0.1040761769 0.9912647009 -0.0810086653 0.5335853100 0.0130853625 0.8456450105
57.0 -491.0 2743.7 0.8281171918 0.1452250481 -0.5414162874 -0.0072408235 0.9685482979 0.2487202883 0.5605082512 -0.2020492554 0.8031230569
265.9 -35.5 2341.1 0 0 0 0 0 0 0 0 0
253.7 5.6 2493.8 0 0 0 0 0 0 0 0 0
-122.9 -758.3 2608.3 0 0 0 0 0 0 0 0 0
20.9 -731.7 2793.9 0 0 0 0 0 0 0 0 0
163.4 471.1 2622.6 6 0.5249472857 0.3605366349 -0.7710017562 -0.1264382154 0.9288336039 0.3482549489 0.8416910172 -0.0853314102 0.5331742764
91.6 286.1 2639.6 0.5249472857 0.3605366349 -0.7710017562 -0.1264382154 0.9288336039 0.3482549489 0.8416910172 -0.0853314102 0.5331742764
22.2 101.0 2659.8 0.5321668983 0.3485084772 -0.7715829015 -0.1074930578 0.9317852259 0.3467297852 0.8397878408 -0.1015783176 0.5333275199
16.8 301.2 2521.7 -0.1270280480 -0.1875556111 -0.9740055203 0.9123827219 0.3631363511 -0.1889172643 0.3891293108 -0.9126636386 0.1249940023
51.2 54.5 2416.5 -0.8918028474 -0.1875556111 -0.4117166698 0.3265051842 0.3631363511 -0.8726547956 0.3131805956 -0.9126636386 -0.2626081407
166.4 271.1 2757.6 0.4281411469 0.9026333690 0.0441383496 -0.8852214813 0.4090512693 0.2214949280 0.1818738580 -0.1339033097 0.9741621017
298.5 -2.0 2813.7 -0.1498975307 0.9026333690 0.4034647048 0.0071275616 0.4090512693 -0.9124835730 -0.9886758327 -0.1339033097 -0.0677493513
-92.3 -70.5 2599.2 0.8236351013 0.0195671823 -0.5667824745 -0.0259070341 0.9996594191 -0.0031359885 0.5665280819 0.0172665622 0.8238614798
-100.1 -467.8 2592.3 0.8230901957 0.0861945376 -0.5613314509 -0.0323925614 0.9939314127 0.1051240936 0.5669860840 -0.0683436468 0.8208872676
4.8 -91.0 2752.7 0.8417825103 -0.1371443868 -0.5221049786 0.0961229131 0.9898134470 -0.1050225124 0.5311897397 0.0382198654 0.8463903666
59.2 -484.0 2737.5 0.8305755854 0.1517567486 -0.5358303189 -0.0030259083 0.9633713961 0.2681536674 0.5568976998 -0.2211005241 0.8006119728
282.9 -30.3 2335.1 0 0 0 0 0 0 0 0 0
250.4 0.3 2496.5 0 0 0 0 0 0 0 0 0
-125.4 -759.5 2612.4 0 0 0 0 0 0 0 0 0
20.1 -732.1 2794.5 0 0 0 0 0 0 0 0 0
160.6 470.5 2611.2 7 0.5294030905 0.3589311838 -0.7687007189 -0.0921747312 0.9250623584 0.3684608936 0.8433482051 -0.1242095605 0.5228152871
89.1 286.4 2635.9 0.5294030905 0.3589311838 -0.7687007189 -0.0921747312 0.9250623584 0.3684608936 0.8433482051 -0.1242095605 0.5228152871
21.2 101.5 2662.1 0.5349417329 0.3416975439 -0.7727096081 -0.0775057003 0.9305595756 0.3578432202 0.8413264751 -0.1315358579 0.5242786407
13.9 297.2 2517.7 -0.2138085812 -0.1806714237 -0.9600227475 0.9010415673 0.3431673944 -0.2652551234 0.3773725331 -0.9217342138 0.0894203186
72.5 50.3 2414.3 -0.9023334384 -0.1806714237 -0.3913466036 0.3150565326 0.3431673944 -0.8848590255 0.2941661477 -0.9217342138 -0.2527297139
164.4 275.5 2754.2 0.4353044927 0.8991655111 0.0448482744 -0.8758870363 0.4114642143 0.2520300448 0.2081632763 -0.1489918381 0.9666796327
298.7 5.2 2818.4 -0.1523536146 0.8991655111 0.4102313221 -0.0248257909 0.4114642143 -0.9110877514 -0.9880142212 -0.1489918381 -0.0403655656
-95.9 -74.3 2603.1 0.8248353004 0.0159048699 -0.5651493669 -0.0257016942 0.9996256828 -0.0093793748 0.5647886395 0.0222617351 0.8249353170
-102.2 -471.7 2594.3 0.8245131969 0.0809432641 -0.5600234270 -0.0297433510 0.9945471287 0.0999567211 0.5650604963 -0.0657586604 0.8224247098
1.6 -94.0 2756.9 0.8454215527 -0.1415666491 -0.5149964094 0.0973736569 0.9889264107 -0.1119953468 0.5251483917 0.0445361920 0.8498445153
57.8 -486.9 2739.3 0.8338807821 0.1528835893 -0.5303484201 -0.0052352864 0.9630202055 0.2693783641 0.5519197583 -0.2218529135 0.8038444519
305.8 -31.2 2338.3 0 0 0 0 0 0 0 0 0
249.8 -2.8 2501.2 0 0 0 0 0 0 0 0 0
-125.3 -755.4 2613.1 0 0 0 0 0 0 0 0 0
19.5 -728.6 2794.9 0 0 0 0 0 0 0 0 0
157.5 471.1 2604.5 8 0.5187971592 0.3533735871 -0.7784450054 -0.0582629815 0.9230690598 0.3801958561 0.8529096842 -0.1518899947 0.4994741976
87.6 288.4 2634.6 0.5187971592 0.3533735871 -0.7784450054 -0.0582629815 0.9230690598 0.3801958561 0.8529096842 -0.1518899947 0.4994741976
19.9 104.3 2666.1 0.5232205391 0.3401042521 -0.7813893557 -0.0464625880 0.9269322157 0.3723411262 0.8509297967 -0.1585111618 0.5007920861
14.0 294.9 2515.0 -0.2799521089 -0.1759491563 -0.9437524676 0.8875822425 0.3271649182 -0.3242851496 0.3658204079 -0.9284422398 0.0645788386
90.2 53.2 2415.4 -0.9005949497 -0.1759491563 -0.3974551558 0.3273046911 0.3271649182 -0.8864731789 0.2860076129 -0.9284422398 -0.2370541096
161.1 281.9 2754.1 0.4356218874 0.8996227980 0.0302060358 -0.8663844466 0.4099522829 0.2851615846 0.2441548407 -0.1503926665 0.9580034018
295.6 14.6 2829.5 -0.1382723600 0.8996227980 0.4141975343 -0.0592466891 0.4099522829 -0.9101807475 -0.9886205196 -0.1503926665 -0.0033853992
-95.8 -76.3 2611.2 0.8160030246 0.0230889916 -0.5775863528 -0.0495707393 0.9983161688 -0.0301249474 0.5759182572 0.0532134287 0.8157735467
-105.0 -473.0 2590.0 0.8194018006 0.0721837804 -0.5686565042 -0.0111985756 0.9938660264 0.1100222617 0.5731102228 -0.0837842971 0.8151839375
2.2 -90.4 2765.3 0.8429700136 -0.1457201391 -0.5178486705 0.0818246305 0.9861451387 -0.1442998797 0.5317013860 0.0792676955 0.8432142735
60.1 -482.1 2733.8 0.8320219517 0.1615735441 -0.5306914449 -0.0019811299 0.9575037360 0.2884141505 0.5547391176 -0.2389155328 0.7969841957
321.3 -30.8 2342.0 0 0 0 0 0 0 0 0 0
251.2 -4.5 2512.1 0 0 0 0 0 0 0 0 0
-125.7 -758.1 2614.1 0 0 0 0 0 0 0 0 0
18.3 -730.0 2795.7 0 0 0 0 0 0 0 0 0
159.8 467.8 2602.6 9 0.5055104494 0.3656448126 -0.7815132737 -0.0596343465 0.9184060693 0.3911189139 0.8607571721 -0.1511096805 0.4860688746
87.4 285.9 2632.6 0.5055104494 0.3656448126 -0.7815132737 -0.0596343465 0.9184060693 0.3911189139 0.8607571721 -0.1511096805 0.4860688746
17.6 102.7 2664.9 0.5119034648 0.3509988487 -0.7840629220 -0.0432157367 0.9220832586 0.3845710158 0.8579552770 -0.1629793942 0.4871863127
15.4 292.0 2511.9 -0.3401307762 -0.1559835225 -0.9273511767 0.8801699877 0.2943842411 -0.3723422289 0.3310768306 -0.9428716898 0.0371628627
106.9 55.0 2422.8 -0.9030711055 -0.1559835225 -0.4001646042 0.3442106247 0.2943842411 -0.8915475011 0.2568688691 -0.9428716898 -0.2121587247
159.4 279.9 2753.2 0.4241111279 0.9053698182 0.0208616164 -0.8681036234 0.3998774886 0.2940987051 0.2579260170 -0.1428405792 0.9555473328
290.3 11.8 2832.8 -0.1263230592 0.9053698182 0.4053984880 -0.0675172657 0.3998774886 -0.9140784740 -0.9896888137 -0.1428405792 0.0106143514
-95.8 -75.6 2619.6 0.8076673746 0.0306246895 -0.5888425708 -0.0658743531 0.9970849752 -0.0384977981 0.5859470963 0.0698830336 0.8073303699
-107.9 -471.9 2591.8 0.8126534820 0.0598488487 -0.5796657801 -0.0067816093 0.9956161380 0.0932871774 0.5827077031 -0.0718790814 0.8094968200
0.2 -84.1 2775.5 0.7438510656 -0.1688279957 -0.6466704607 0.0422445238 0.9775112867 -0.2066085190 0.6670089960 0.1263676882 0.7342548966
67.2 -472.0 2725.4 0.7438510656 0.1861953437 -0.6418853998 0.0422445238 0.9453907013 0.3231900632 0.6670089960 -0.2675214112 0.6953641772
339.5 -33.6 2356.6 0 0 0 0 0 0 0 0 0
249.8 -9.8 2514.9 0 0 0 0 0 0 0 0 0
-125.0 -755.6 2612.3 0 0 0 0 0 0 0 0 0
15.9 -732.3 2799.0 0 0 0 0 0 0 0 0 0
152.2 467.4 2613.2 0 0.4529044032 0.3423030674 -0.8232291341 -0.0550625138 0.9323356152 0.3573771715 0.8898571134 -0.1165286228 0.4411069751
84.5 282.9 2636.3 0.4529044032 0.3423030674 -0.8232291341 -0.0550625138 0.9323356152 0.3573771715 0.8898571134 -0.1165286228 0.4411069751
17.6 97.7 2662.5 0.4581630528 0.3374334574 -0.8223291636 -0.0406384468 0.9321264029 0.3598456681 0.8879386783 -0.1314498037 0.4407786429
20.2 288.8 2511.6 -0.3825077713 -0.0880171731 -0.9197503924 0.8638362885 0.3191351593 -0.3897943199 0.3278332949 -0.9436131120 -0.0460392572
121.7 59.4 2424.5 -0.9136758447 -0.0880171731 -0.3967990279 0.3514831364 0.3191351593 -0.8801206350 0.2040982544 -0.9436131120 -0.2606495321
148.8 277.1 2760.9 0.4280991852 0.9025369287 -0.0464555621 -0.8606685996 0.4228398204 0.2836477458 0.2756458521 -0.0814465359 0.9578025937
281.0 11.3 2846.1 -0.0625239462 0.9025369287 0.4260490537 -0.0584558547 0.4228398204 -0.9043170810 -0.9963300824 -0.0814465359 0.0263209585
-99.2 -76.6 2618.7 0.7707332969 0.0274221078 -0.6365675330 -0.0598002747 0.9977766871 -0.0294217393 0.6343454123 0.0607432276 0.7706595659
-110.1 -473.2 2594.5 0.7748986483 0.0480367169 -0.6302575469 -0.0011654905 0.9972149134 0.0745723620 0.6320844293 -0.0570514612 0.7727964520
-5.3 -84.5 2776.0 0.7500897646 -0.1897825152 -0.6335203052 0.0485921316 0.9711665511 -0.2333973646 0.6595484614 0.1442848593 0.7376840115
70.1 -470.1 2718.7 0.7500897646 0.1947542578 -0.6320096254 0.0485921316 0.9368425012 0.3463594913 0.6595484614 -0.2905113697 0.6932524443
356.7 -31.0 2372.0 0 0 0 0 0 0 0 0 0
261.0 -7.4 2526.5 0 0 0 0 0 0 0 0 0
-123.7 -755.5 2610.7 0 0 0 0 0 0 0 0 0
16.1 -729.7 2799.2 0 0 0 0 0 0 0 0 0
150.0 470.6 2615.5 1 0.4391450286 0.3295719922 -0.8357834220 -0.0417612419 0.9367679954 0.3474503458 0.8974450827 -0.1176777408 0.4251403511
84.7 284.9 2638.8 0.4391450286 0.3295719922 -0.8357834220 -0.0417612419 0.9367679954 0.3474503458 0.8974450827 -0.1176777408 0.4251403511
21.1 98.5 2665.2 0.4447128475 0.3203141093 -0.8364384770 -0.0256990567 0.9380444884 0.3455605805 0.8953044415 -0.1321795434 0.4253921807
22.2 288.6 2513.0 -0.4066713154 0.0043423735 -0.9135642052 0.8572229743 0.3475848436 -0.3799389303 0.3158912361 -0.9376384616 -0.1450751573
130.0 61.3 2429.2 -0.9176466465 0.0043423735 -0.3973736167 0.3739848733 0.3475848436 -0.8598372340 0.1343872994 -0.9376384616 -0.3205840290
147.2 281.2 2764.7 0.4413886070 0.8947647810 -0.0676172972 -0.8498415351 0.4410333335 0.2885462046 0.2880024612 -0.0698970184 0.9550753832
283.5 18.8 2853.6 -0.0453051254 0.8947647810 0.4442335367 -0.0660607070 0.4410333335 -0.8950561881 -0.9967865348 -0.0698970184 0.0391277224
-91.2 -83.7 2607.4 0.7613611817 0.0487212203 -0.6464946866 -0.0489098057 0.9986470342 0.0176602770 0.6464804411 0.0181740802 0.7627140284
-110.6 -480.2 2600.2 0.7631174326 0.0440486856 -0.6447569728 -0.0176053792 0.9987211227 0.0473936461 0.6460199952 -0.0248157252 0.7629169822
-7.3 -91.3 2770.0 0.7192199826 -0.1899791509 -0.6683042049 0.0561556928 0.9746380448 -0.2166268229 0.6925092936 0.1182732582 0.7116476297
68.1 -478.4 2723.0 0.7192199826 0.1944032907 -0.6670306921 0.0561556928 0.9406507015 0.3346980810 0.6925092936 -0.2781791091 0.6656179428
365.7 -34.7 2394.7 0 0 0 0 0 0 0 0 0
269.0 -2.4 2533.6 0 0 0 0 0 0 0 0 0
-122.8 -758.1 2607.1 0 0 0 0 0 0 0 0 0
17.0 -725.6 2796.1 0 0 0 0 0 0 0 0 0
146.3 478.4 2607.1 2 0.3488939703 0.3193153441 -0.8810849786 0.0356301293 0.9349634051 0.3529503942 0.9364846349 -0.1545354426 0.3148258328
83.2 293.8 2637.6 0.3488939703 0.3193153441 -0.8810849786 0.0356301293 0.9349634051 0.3529503942 0.9364846349 -0.1545354426 0.3148258328
21.4 108.0 2670.8 0.3534086347 0.3095485568 -0.8827695251 0.0490635447 0.9362328649 0.3479379416 0.9341815114 -0.1662760675 0.3156852126
33.9 287.0 2507.3 -0.3953756690 0.0392697603 -0.9176796675 0.8772963881 0.3120930791 -0.3646216094 0.2720828652 -0.9492396116 -0.1578452289
135.7 61.2 2437.2 -0.9166215062 0.0392697603 -0.3978227675 0.3894636631 0.3120930791 -0.8665540814 0.0901283622 -0.9492396116 -0.3013653755
132.6 300.7 2768.0 0.4276722372 0.8878560066 -0.1697296798 -0.8157220483 0.4599764347 0.3507410288 0.3894791603 -0.0115499562 0.9209628701
263.9 50.2 2887.6 0.0568762124 0.8878560066 0.4565926194 -0.1346239299 0.4599764347 -0.8776662946 -0.9892631173 -0.0115499562 0.1456883848
-83.2 -85.5 2609.5 0.6897141933 0.0733151883 -0.7203604579 -0.0664924756 0.9970701337 0.0378138199 0.7210222483 0.0218178164 0.6925683618
-112.3 -481.6 2600.8 0.6932867169 0.0405853689 -0.7195181251 -0.0079430845 0.9987826347 0.0486841425 0.7206181288 -0.0280368757 0.6927651167
-1.7 -90.3 2773.5 0.7452827692 -0.1685663015 -0.6450883150 0.0465339758 0.9783048630 -0.2018766254 0.6651226282 0.1204366535 0.7369578481
65.3 -479.0 2725.7 0.7452827692 0.1833393425 -0.6410462260 0.0465339758 0.9448039532 0.3243147135 0.6651226282 -0.2715365887 0.6956146359
371.7 -39.1 2414.0 0 0 0 0 0 0 0 0 0
282.1 7.2 2572.2 0 0 0 0 0 0 0 0 0
-123.8 -764.3 2608.7 0 0 0 0 0 0 0 0 0
16.9 -728.1 2797.3 0 0 0 0 0 0 0 0 0
146.6 480.0 2604.0 3 0.3802267015 0.3258746266 -0.8655827045 0.0348220952 0.9301655889 0.3654851615 0.9242375493 -0.1691086143 0.3423261344
82.1 295.8 2637.4 0.3802267015 0.3258746266 -0.8655827045 0.0348220952 0.9301655889 0.3654851615 0.9242375493 -0.1691086143 0.3423261344
19.8 110.5 2672.9 0.3845082223 0.3127101660 -0.8685423136 0.0473138653 0.9329626560 0.3568501770 0.9219082594 -0.1783059239 0.3439362943
28.2 289.2 2508.3 -0.4244177043 0.0789021105 -0.9020221829 0.8726465702 0.3014222980 -0.3842298090 0.2415730655 -0.9502205253 -0.1967826188
139.5 60.3 2444.9 -0.9079263806 0.0789021105 -0.4116359353 0.4153236151 0.3014222980 -0.8582836986 0.0563558564 -0.9502205253 -0.3064391613
136.0 302.4 2766.6 0.4340172112 0.8906482458 -0.1355535388 -0.8184562325 0.4526904523 0.3538371027 0.3765082061 -0.0426267497 0.9254320860
269.7 50.3 2882.5 0.0224045031 0.8906482458 0.4541406631 -0.1373270005 0.4526904523 -0.8810293078 -0.9902723432 -0.0426267497 0.1324523538
-72.6 -82.3 2619.0 0.7088514566 0.1018611863 -0.6979640722 -0.1108421534 0.9933099747 0.0323929414 0.6965942979 0.0544020571 0.7153997421
-113.0 -476.7 2597.4 0.7173523903 0.0355349891 -0.6958037615 0.0010770523 0.9986407161 0.0521114096 0.6967096925 -0.0381316580 0.7163389921
-8.3 -73.3 2789.0 0.7442693114 -0.2067855299 -0.6350613832 0.0374883562 0.9622974396 -0.2694035172 0.6668266654 0.1767013520 0.7239605188
73.7 -454.9 2718.9 0.7442693114 0.2003076673 -0.6371342540 0.0374883562 0.9399323463 0.3392959833 0.6668266654 -0.2764126956 0.6920536160
373.0 -46.5 2430.5 0 0 0 0 0 0 0 0 0
276.8 6.4 2565.6 0 0 0 0 0 0 0 0 0
-123.3 -765.3 2608.4 0 0 0 0 0 0 0 0 0
14.8 -731.2 2800.2 0 0 0 0 0 0 0 0 0
142.4 481.3 2601.9 4 0.3927370608 0.3000040054 -0.8693418503 0.0397831723 0.9388684630 0.3419697583 0.9187899232 -0.1688893735 0.3567933142
83.0 295.6 2635.3 0.3927370608 0.3000040054 -0.8693418503 0.0397831723 0.9388684630 0.3419697583 0.9187899232 -0.1688893735 0.3567933142
23.7 109.4 2671.4 0.3964346945 0.2983115017 -0.8682452440 0.0513764620 0.9370452762 0.3454079628 0.9166242480 -0.1815390587 0.3561510444
27.4 288.4 2506.6 -0.4306800365 0.1313386559 -0.8928968906 0.8786322474 0.2870648801 -0.3815744817 0.2062038630 -0.9488645196 -0.2390315086
136.9 64.9 2454.1 -0.8920448422 0.1313386559 -0.4324421287 0.4517542124 0.2870648801 -0.8446963429 0.0131976735 -0.9488645196 -0.3154075444
138.7 302.8 2764.0 0.4504192472 0.8836901188 -0.1273354143 -0.8127425909 0.4648650587 0.3512121141 0.3695564568 -0.0547017939 0.9275967479
277.6 52.1 2878.0 0.0104923695 0.8836901188 0.4679548144 -0.1365098953 0.4648650587 -0.8747945428 -0.9905831218 -0.0547017939 0.1255099773
-77.6 -79.1 2624.3 0.7194672227 0.0790288225 -0.6900154948 -0.1046966538 0.9944929481 0.0047358247 0.6865897775 0.0688350424 0.7237791419
-109.0 -474.1 2596.9 0.7269353271 0.0530789942 -0.6846514344 -0.0171257649 0.9980994463 0.0591962375 0.6864923239 -0.0313066579 0.7264627814
-7.3 -70.5 2792.6 0.7666968703 -0.2053046077 -0.6082975864 0.0351469591 0.9594917297 -0.2795358896 0.6410465240 0.1929394752 0.7428551316
74.2 -451.4 2716.0 0.7666968703 0.1920626909 -0.6126074195 0.0351469591 0.9402158260 0.3387608826 0.6410465240 -0.2812581956 0.7141100764
367.2 -51.7 2450.7 0 0 0 0 0 0 0 0 0
281.0 8.4 2560.2 0 0 0 0 0 0 0 0 0
-124.2 -760.7 2605.9 0 0 0 0 0 0 0 0 0
15.9 -736.9 2801.4 0 0 0 0 0 0 0 0 0
141.7 478.4 2602.8 5 0.4394851029 0.3024064004 -0.8458151221 0.0228194483 0.9375629425 0.3470661938 0.8979600072 -0.1718314588 0.4051442146
81.7 292.5 2636.9 0.4394851029 0.3024064004 -0.8458151221 0.0228194483 0.9375629425 0.3470661938 0.8979600072 -0.1718314588 0.4051442146
23.1 106.0 2672.8 0.4428662658 0.2946089804 -0.8468028307 0.0334438309 0.9383875728 0.3439626694 0.8959637284 -0.1806498021 0.4057273269
19.5 287.8 2511.1 -0.4402002096 0.1530461460 -0.8847602010 0.8795856833 0.2715009153 -0.3906613588 0.1804239899 -0.9501916170 -0.2541319430
135.7 55.8 2463.5 -0.8875051737 0.1530461460 -0.4346393943 0.4606585205 0.2715009153 -0.8450331092 -0.0113240667 -0.9501916170 -0.3114604950
143.9 297.2 2762.7 0.4633255005 0.8827934265 -0.0774934441 -0.8215792775 0.4606779218 0.3358322382 0.3321700096 -0.0919326320 0.9387286305
286.8 43.8 2865.1 -0.0408776812 0.8827934265 0.4679794610 -0.1196248606 0.4606779218 -0.8794690371 -0.9919772744 -0.0919326320 0.0867725909
-72.0 -81.5 2623.6 0.7527744174 0.0885920823 -0.6522899270 -0.1205363795 0.9926996827 -0.0042793341 0.6471489072 0.0818460360 0.7579574585
-107.2 -475.9 2591.1 0.7639977932 0.0595849194 -0.6424617171 -0.0107312994 0.9967624545 0.0796830803 0.6451296210 -0.0539832450 0.7621637583
0.6 -72.1 2791.4 0.8048261404 -0.1805853397 -0.5653705597 0.0304891765 0.9639090300 -0.2644802630 0.5927270055 0.1956229359 0.7812850475
72.4 -454.9 2713.7 0.8048261404 0.1849520952 -0.5639571548 0.0304891765 0.9360669255 0.3504983187 0.5927270055 -0.2992847860 0.7477321029
364.0 -62.7 2466.5 0 0 0 0 0 0 0 0 0
273.7 5.4 2547.0 0 0 0 0 0 0 0 0 0
-124.0 -756.9 2606.3 0 0 0 0 0 0 0 0 0
17.3 -733.7 2802.8 0 0 0 0 0 0 0 0 0
141.4 476.8 2609.8 6 0.4311015308 0.3046658039 -0.8493115902 0.0072766496 0.9400660396 0.3409148455 0.9022740722 -0.1531490684 0.4030469656
80.8 289.7 2640.3 0.4311015308 0.3046658039 -0.8493115902 0.0072766496 0.9400660396 0.3409148455 0.9022740722 -0.1531490684 0.4030469656
21.9 102.8 2673.4 0.4359171987 0.2962764204 -0.8498214483 0.0223458372 0.9404057264 0.3393194973 0.8997093439 -0.1669051796 0.4033184946
19.6 286.6 2513.8 -0.4158368409 0.2098499388 -0.8848969936 0.8909596205 0.2891564965 -0.3501134813 0.1824024320 -0.9339976311 -0.3072097600
127.9 54.4 2466.3 -0.8802152872 0.2098499388 -0.4256572425 0.4717482030 0.2891564965 -0.8329718709 -0.0517175309 -0.9339976311 -0.3535163105
142.1 292.9 2766.7 0.4610407948 0.8833103776 -0.0848771259 -0.8254196048 0.4619972408 0.3244087696 0.3257666528 -0.0795064345 0.9421012998
284.5 38.1 2867.3 -0.0331876799 0.8833103776 0.4676123559 -0.1075465903 0.4619972408 -0.8803364635 -0.9936459661 -0.0795064345 0.0796644092
-76.0 -83.6 2626.7 0.7487754226 0.0763947219 -0.6584066153 -0.1157407016 0.9931442142 -0.0163923260 0.6526404023 0.0884786099 0.7524839044
-106.4 -478.3 2591.5 0.7594816089 0.0629176199 -0.6474789977 -0.0118606379 0.9964856505 0.0829193965 0.6504206061 -0.0552962460 0.7575588226
5.1 -77.4 2790.7 0.8082833886 -0.1690639853 -0.5639994144 0.0238645710 0.9665094614 -0.2555190623 0.5883098245 0.1930722147 0.7852481604
72.2 -461.5 2714.0 0.8082833886 0.1906951666 -0.5570577383 0.0238645710 0.9347122908 0.3546032012 0.5883098245 -0.2999138236 0.7509615421
355.4 -67.5 2479.7 0 0 0 0 0 0 0 0 0
273.8 3.5 2548.3 0 0 0 0 0 0 0 0 0
-123.9 -756.2 2607.0 0 0 0 0 0 0 0 0 0
16.4 -735.5 2801.9 0 0 0 0 0 0 0 0 0
144.5 479.2 2613.8 7 0.4309164882 0.3219264746 -0.8430150151 -0.0048133479 0.9350073338 0.3545956612 0.9023789763 -0.1487433910 0.4044596255
80.2 292.4 2643.5 0.4309164882 0.3219264746 -0.8430150151 -0.0048133479 0.9350073338 0.3545956612 0.9023789763 -0.1487433910 0.4044596255
19.3 105.9 2675.6 0.4367299378 0.3060619533 -0.8459273577 0.0125272637 0.9381845593 0.3459087014 0.8995054364 -0.1616658419 0.4058991671
18.7 290.6 2517.0 -0.3824767172 0.2251122445 -0.8961227536 0.9051235914 0.2861493528 -0.3144356906 0.1856416315 -0.9313662052 -0.3131998777
121.9 46.5 2466.9 -0.8917843103 0.2251122445 -0.3924859166 0.4455726743 0.2861493528 -0.8482826948 -0.0786492229 -0.9313662052 -0.3554873765
141.6 294.1 2770.0 0.4527621269 0.8879500628 -0.0809393823 -0.8319612741 0.4533681273 0.3198402226 0.3206974566 -0.0774731040 0.9440079927
281.4 37.2 2869.1 -0.0349523202 0.8879500628 0.4586099386 -0.1014406830 0.4533681273 -0.8855321407 -0.9942274094 -0.0774731040 0.0742279962
-76.9 -86.1 2624.2 0.7491834760 0.0740135908 -0.6582143307 -0.1121929958 0.9935579896 -0.0159770865 0.6527915597 0.0858168080 0.7526610494
-106.3 -481.1 2590.1 0.7607750893 0.0686240271 -0.6453773975 -0.0065351832 0.9951538444 0.0981126130 0.6489827037 -0.0704239756 0.7575367689
3.0 -82.0 2789.0 0.8131281137 -0.1692672968 -0.5569302440 0.0256486349 0.9662750363 -0.2562316358 0.5815194249 0.1940646321 0.7900468707
70.3 -466.1 2711.9 0.8131281137 0.1902238429 -0.5501250625 0.0256486349 0.9324675798 0.3603420556 0.5815194249 -0.3071142137 0.7533366084
352.7 -68.8 2487.3 0 0 0 0 0 0 0 0 0
270.2 4.6 2549.6 0 0 0 0 0 0 0 0 0
-125.4 -757.5 2609.6 0 0 0 0 0 0 0 0 0
16.4 -730.3 2798.9 0 0 0 0 0 0 0 0 0
142.1 480.8 2616.8 8 0.4582824409 0.3166304827 -0.8304952383 -0.0331986658 0.9398396611 0.3399989605 0.8881863952 -0.1282442212 0.4412237108
79.0 293.4 2642.4 0.4582824409 0.3166304827 -0.8304952383 -0.0331986658 0.9398396611 0.3399989605 0.8881863952 -0.1282442212 0.4412237108
18.4 106.2 2670.4 0.4635878801 0.3045113385 -0.8320811987 -0.0171251260 0.9419934750 0.3351940811 0.8858854175 -0.1411424130 0.4419115484
13.8 295.8 2517.9 -0.3673957288 0.2474769652 -0.8965352774 0.9112565517 0.2886581421 -0.2937481105 0.1860963106 -0.9248954654 -0.3315667808
115.0 44.8 2466.6 -0.8910085559 0.2474769652 -0.3806033731 0.4427870512 0.2886581421 -0.8488910794 -0.1002167240 -0.9248954654 -0.3667764664
144.1 291.0 2766.9 0.4590397179 0.8869326711 -0.0513129532 -0.8429654241 0.4530659318 0.2900698781 0.2805205882 -0.0898985565 0.9556288123
285.8 30.8 2853.5 -0.0652057379 0.8869326711 0.4572731256 -0.0698661804 0.4530659318 -0.8887350559 -0.9954230189 -0.0898985565 0.0324240960
-81.6 -81.7 2625.3 0.7694773078 0.0794230029 -0.6337165236 -0.1168687046 0.9929939508 -0.0174545739 0.6278904080 0.0874925330 0.7733684182
-113.2 -476.5 2590.5 0.7813019156 0.0434293561 -0.6226405501 0.0096589345 0.9966155291 0.0816344470 0.6240785718 -0.0697951913 0.7782381177
-1.5 -79.4 2790.3 0.7865183949 -0.1900036186 -0.5876116753 0.0299269892 0.9621033669 -0.2710378170 0.6168413162 0.1955907792 0.7623981833
74.0 -461.9 2712.5 0.7865183949 0.1980690509 -0.5849422812 0.0299269892 0.9338354468 0.3564488590 0.6168413162 -0.2978591323 0.7285510898
344.4 -69.2 2492.4 0 0 0 0 0 0 0 0 0
264.9 8.4 2533.8 0 0 0 0 0 0 0 0 0
-125.4 -757.6 2610.2 0 0 0 0 0 0 0 0 0
17.5 -728.3 2797.5 0 0 0 0 0 0 0 0 0
145.7 479.4 2608.8 9 0.5655891895 0.3251451552 -0.7578849196 -0.0745363906 0.9353899360 0.3456732333 0.8213118911 -0.1390190423 0.5532816052
80.8 292.9 2636.5 0.5655891895 0.3251451552 -0.7578849196 -0.0745363906 0.9353899360 0.3456732333 0.8213118911 -0.1390190423 0.5532816052
19.7 105.9 2665.4 0.5703960061 0.3076443970 -0.7615794539 -0.0602875017 0.9403866529 0.3347213566 0.8191543221 -0.1450100094 0.5549399257
1.3 301.3 2522.3 -0.3662354648 0.2953293025 -0.8824127316 0.9127405286 0.2985154092 -0.2789143920 0.1810422093 -0.9075621963 -0.3788859546
103.8 45.9 2471.7 -0.8805146813 0.2953293025 -0.3707755804 0.4536997974 0.2985154092 -0.8396695852 -0.1372968107 -0.9075621963 -0.3968380392
160.4 284.4 2750.7 0.4658169150 0.8815318346 0.0769172832 -0.8641337752 0.4344608188 0.2540012598 0.1904926449 -0.1847849041 0.9641405940
303.6 18.7 2809.3 -0.1910176426 0.8815318346 0.4317567945 -0.0297175292 0.4344608188 -0.9002003670 -0.9811366796 -0.1847849041 -0.0567927361
-84.7 -79.5 2617.3 0.8449634910 0.0662772432 -0.5307013988 -0.0904729292 0.9957041144 -0.0196980890 0.5271160603 0.0646582767 0.8473299146
-111.1 -475.2 2591.6 0.8520898223 0.0528835729 -0.5207170844 -0.0094567249 0.9962756038 0.0857061148 0.5233101249 -0.0681050271 0.8494163752
0.3 -82.6 2779.6 0.7655361891 -0.1862614453 -0.6158417463 0.0361823030 0.9681268930 -0.2478329241 0.6423746943 0.1674424857 0.7478755116
74.3 -467.3 2713.1 0.7655361891 0.2051389813 -0.6098133922 0.0361823030 0.9325823784 0.3591391444 0.6423746943 -0.2969984710 0.7065031528
331.4 -71.4 2507.2 0 0 0 0 0 0 0 0 0
242.8 9.2 2496.8 0 0 0 0 0 0 0 0 0
-126.1 -757.8 2610.9 0 0 0 0 0 0 0 0 0
17.1 -727.2 2795.9 0 0 0 0 0 0 0 0 0
145.3 482.0 2605.3 0 0.6064471006 0.3183495104 -0.7286120057 -0.0889053643 0.9377532601 0.3357299864 0.7901377678 -0.1388249546 0.5970007777
81.8 294.9 2633.0 0.6064471006 0.3183495104 -0.7286120057 -0.0889053643 0.9377532601 0.3357299864 0.7901377678 -0.1388249546 0.5970007777
21.3 107.8 2662.2 0.6112026572 0.3044770062 -0.7305648923 -0.0745596141 0.9410883188 0.3298388720 0.7879544497 -0.1471277624 0.5978973508
-3.7 305.4 2522.8 -0.3330718577 0.3206688762 -0.8866987228 0.9282530546 0.2766313851 -0.2486390322 0.1655579060 -0.9058954120 -0.3897999823
88.7 48.0 2476.9 -0.8719590306 0.3206688762 -0.3699444532 0.4597559571 0.2766313851 -0.8438599110 -0.1682613641 -0.9058954120 -0.3886406720
167.3 284.5 2743.2 0.4721090198 0.8722960949 0.1273285598 -0.8680370450 0.4348186255 0.2396756411 0.1537033021 -0.2236789465 0.9624671340
312.8 17.1 2790.5 -0.2413477153 0.8722960949 0.4252655506 -0.0149813555 0.4348186255 -0.9003934264 -0.9703230858 -0.2236789465 -0.0918743014
-93.3 -75.5 2619.8 0.8718793392 0.0424650013 -0.4878761470 -0.0753882602 0.9959966540 -0.0480336398 0.4838832915 0.0786596760 0.8715903163
-110.2 -471.3 2588.5 0.8774745464 0.0488362759 -0.4771304429 -0.0054806429 0.9957586527 0.0918407515 0.4795919359 -0.0779729337 0.8740204573
10.4 -86.5 2768.7 0.7704184651 -0.1486023813 -0.6199779510 0.0343859121 0.9807257056 -0.1923401058 0.6366105080 0.1268638670 0.7606790662
69.4 -475.7 2718.3 0.7704184651 0.1968612820 -0.6063835025 0.0343859121 0.9369171262 0.3478561640 0.6366105080 -0.2888458669 0.7150490284
314.6 -71.2 2520.5 0 0 0 0 0 0 0 0 0
235.6 12.3 2480.4 0 0 0 0 0 0 0 0 0
-124.3 -758.8 2611.0 0 0 0 0 0 0 0 0 0
16.7 -726.4 2795.6 0 0 0 0 0 0 0 0 0
146.1 485.0 2611.5 1 0.6144777536 0.3182505667 -0.7218958735 -0.1121327132 0.9409682751 0.3193821311 0.7809246778 -0.1153050587 0.6138903499
82.6 297.3 2634.5 0.6144777536 0.3182505667 -0.7218958735 -0.1121327132 0.9409682751 0.3193821311 0.7809246778 -0.1153050587 0.6138903499
22.2 109.6 2660.3 0.6207748652 0.3037763536 -0.7227437496 -0.0930510536 0.9439126253 0.3168129623 0.7784472108 -0.1294174492 0.6142239571
-4.5 310.3 2525.4 -0.2823308706 0.4151137471 -0.8648524880 0.9421200156 0.2899159491 -0.1684003472 0.1808292270 -0.8623394370 -0.4729391634
73.9 48.7 2475.1 -0.8460565209 0.4151137471 -0.3344682157 0.4714939892 0.2899159491 -0.8328518271 -0.2487605661 -0.8623394370 -0.4410088956
169.7 284.2 2743.7 0.4742502868 0.8693391085 0.1390544325 -0.8710281849 0.4403449297 0.2177297771 0.1280491054 -0.2243787497 0.9660525918
316.0 15.6 2783.2 -0.2533046901 0.8693391085 0.4243656695 0.0071594925 0.4403449297 -0.8978001475 -0.9673600793 -0.2243787497 -0.1177654639
-95.0 -72.4 2619.6 0.8784019351 0.0345874466 -0.4766694307 -0.0691578910 0.9960792065 -0.0551673472 0.4728924036 0.0814245567 0.8773498535
-108.7 -468.4 2587.3 0.8834265471 0.0570579804 -0.4650827050 -0.0094176996 0.9945198894 0.1041222289 0.4684750140 -0.0876043364 0.8791226745
16.6 -86.1 2763.3 0.7762272954 -0.1285808086 -0.6172018647 0.0336045958 0.9860280156 -0.1631548405 0.6295568943 0.1059044227 0.7697027922
67.6 -477.6 2721.3 0.7756841779 0.1945125014 -0.6003989577 0.0309695825 0.9384438396 0.3440406919 0.6303609610 -0.2854610085 0.7219120860
292.7 -73.3 2539.5 0 0 0 0 0 0 0 0 0
234.8 17.9 2473.2 0 0 0 0 0 0 0 0 0
-125.4 -759.8 2612.9 0 0 0 0 0 0 0 0 0
15.3 -729.9 2798.0 0 0 0 0 0 0 0 0 0
143.4 471.2 2614.7 2 0.5810438395 0.4022289217 -0.7075308561 -0.2669858336 0.9154334068 0.3011647165 0.7688345909 0.0139108179 0.6392964125
61.0 283.7 2611.8 0.5810438395 0.4022289217 -0.7075308561 -0.2669858336 0.9154334068 0.3011647165 0.7688345909 0.0139108179 0.6392964125
18.7 97.9 2660.5 0.6819412708 0.2170671821 -0.6984539628 0.0359336101 0.9438494444 0.3284158409 0.7305237055 -0.2490582913 0.6358498931
-33.8 278.7 2510.4 -0.3349023461 0.3201548755 -0.8861948252 0.9288498163 0.2702414989 -0.2533921897 0.1583618671 -0.9080035090 -0.3878802955
55.8 30.1 2468.0 -0.8866633773 0.3201548755 -0.3336599171 0.4230388403 0.2702414989 -0.8648743629 -0.1867249906 -0.9080035090 -0.3750511706
155.9 288.6 2713.2 0.5535917878 0.8103579283 0.1919796318 -0.8149485588 0.4796825349 0.3252130449 0.1714496762 -0.3364887834 0.9259483218
325.8 38.4 2765.8 -0.3209235966 0.8103579283 0.4902326763 -0.1171214059 0.4796825349 -0.8695902824 -0.9398354292 -0.3364887834 -0.0590311922
-91.5 -77.9 2626.1 0.9133514762 0.0430102237 -0.4048939943 -0.0816065222 0.9935649037 -0.0785439909 0.3989102840 0.1047802642 0.9109839201
-108.3 -465.7 2585.2 0.9191252589 0.0523218922 -0.3904755712 -0.0132369744 0.9946835041 0.1021249145 0.3937429786 -0.0886968747 0.9149312973
20.7 -86.2 2759.6 0.8331677914 -0.1206969470 -0.5396884680 0.0470711365 0.9878287911 -0.1482517570 0.5510133505 0.0981148407 0.8287084699
68.7 -478.9 2720.6 0.8238933086 0.1994532645 -0.5304886699 -0.0017565294 0.9369213581 0.3495358527 0.5667422414 -0.2870484293 0.7722735405
284.8 -79.2 2516.3 0 0 0 0 0 0 0 0 0
223.8 1.2 2467.3 0 0 0 0 0 0 0 0 0
-123.7 -758.8 2611.4 0 0 0 0 0 0 0 0 0
15.2 -730.5 2797.7 0 0 0 0 0 0 0 0 0
143.8 468.0 2617.2 3 0.6406886578 0.3676352203 -0.6740640998 -0.2488450110 0.9299527407 0.2706733942 0.7263568044 -0.0056798845 0.6872943640
69.1 279.0 2618.4 0.6406886578 0.3676352203 -0.6740640998 -0.2488450110 0.9299527407 0.2706733942 0.7263568044 -0.0056798845 0.6872943640
16.1 92.1 2647.3 0.6958844066 0.2673002779 -0.6665548682 -0.0852159038 0.9523274302 0.2929345667 0.7130799890 -0.1470475346 0.6854881048
-27.8 290.9 2519.7 -0.2403689027 0.2581930757 -0.9357131720 0.9483376145 0.2681052387 -0.1696331203 0.2070714980 -0.9281464815 -0.3092983663
40.7 21.0 2460.8 -0.9109809995 0.2581930757 -0.3216362894 0.3874127269 0.2681052387 -0.8820606470 -0.1415095776 -0.9281464815 -0.3442660570
166.0 267.1 2717.0 0.5085851550 0.8307795525 0.2261557281 -0.8584250212 0.4689086974 0.2079208791 0.0666900352 -0.2998832166 0.9516419768
321.4 4.7 2737.4 -0.3445056379 0.8307795525 0.4371740818 0.0100203743 0.4689086974 -0.8831897974 -0.9387307763 -0.2998832166 -0.1698663980
-93.6 -87.7 2625.5 0.9214798808 0.0326584391 -0.3870507479 -0.0693656504 0.9942771196 -0.0812490731 0.3821822107 0.1017174125 0.9184717536
-106.6 -482.6 2585.1 0.9254607558 0.0612401851 -0.3738609254 -0.0219245628 0.9938519001 0.1085252464 0.3782084882 -0.0922391191 0.9211136103
27.9 -94.4 2753.6 0.8366617560 -0.0966553614 -0.5391241312 0.0323973745 0.9913159609 -0.1274481118 0.5467609167 0.0891647637 0.8325275779
65.1 -476.0 2719.3 0.8334326148 0.1793206483 -0.5227180719 0.0147291319 0.9383445978 0.3453874886 0.5524247885 -0.2955563962 0.7794057131
276.3 -79.2 2497.4 0 0 0 0 0 0 0 0 0
212.2 7.9 2439.9 0 0 0 0 0 0 0 0 0
-123.6 -759.2 2610.7 0 0 0 0 0 0 0 0 0
15.5 -735.9 2801.1 0 0 0 0 0 0 0 0 0
146.2 465.5 2618.0 4 0.6381075382 0.3632570207 -0.6788690090 -0.2247375995 0.9311867952 0.2870264947 0.7364182472 -0.0305863861 0.6758347750
72.8 277.4 2624.2 0.6381075382 0.3632570207 -0.6788690090 -0.2247375995 0.9311867952 0.2870264947 0.7364182472 -0.0305863861 0.6758347750
12.5 90.7 2644.8 0.6701684594 0.3045704663 -0.6768389940 -0.1345855445 0.9466748238 0.2927346230 0.7299047709 -0.1050887555 0.6754223704
-20.8 296.3 2522.5 -0.1603803039 0.1724070162 -0.9718816876 0.9529067874 0.2837956846 -0.1069051102 0.2573846281 -0.9432581067 -0.2098030448
24.5 27.3 2449.8 -0.9052038789 0.1724070162 -0.3884349763 0.4232658148 0.2837956846 -0.8604103923 -0.0381046087 -0.9432581067 -0.3298669457
166.4 258.6 2725.9 0.4750318527 0.8559776545 0.2040759623 -0.8784196973 0.4475136399 0.1676613837 0.0521876216 -0.2589088380 0.9644908905
312.3 -11.2 2741.9 -0.3151931167 0.8559776545 0.4098238051 0.0547372624 0.4475136399 -0.8926003575 -0.9474477172 -0.2589088380 -0.1879070848
-104.0 -85.4 2603.1 0.9097927809 0.0161613077 -0.4147480428 -0.0283536799 0.9993273616 -0.0232563727 0.4140932262 0.0329181105 0.9096390605
-110.4 -481.6 2590.0 0.9108107686 0.0437664576 -0.4104975462 -0.0090683168 0.9962455034 0.0860970169 0.4127244651 -0.0746955723 0.9077880383
