128.7 490.9 2602.7 1 0.3695507348 0.2930488288 -0.8817905784 0.0659512579 0.9383022189 0.3394691646 0.9268671274 -0.1836062819 0.3274233341
70.4 304.3 2639.2 0.3695507348 0.2930488288 -0.8817905784 0.0659512579 0.9383022189 0.3394691646 0.9268671274 -0.1836062819 0.3274233341
13.6 117.8 2678.1 0.3735667467 0.2850795984 -0.8827103376 0.0789876729 0.9383708239 0.3364835680 0.9242342114 -0.1954223067 0.3280263543
17.9 293.1 2509.4 -0.4004133046 0.0398430116 -0.9154680371 0.8532314301 0.3805406392 -0.3566299677 0.3341635764 -0.9239054918 -0.1863688380
124.6 65.8 2420.4 -0.9279600978 0.0398430116 -0.3705436885 0.3569836915 0.3805406392 -0.8530834913 0.1070175171 -0.9239054918 -0.3673498034
122.8 315.4 2769.0 0.1143240780 0.9683253169 -0.2219821066 -0.7397423983 0.2321234196 0.6315852404 0.6631072164 0.0920041874 0.7428486347
167.5 26.6 3027.9 0.1487330347 0.9683253169 0.2005605549 -0.2402471006 0.2321234196 -0.9425497651 -0.9592496157 0.0920041874 0.2671617568
-81.4 -76.0 2629.8 0.5751329064 0.0700136498 -0.8150584102 -0.0990486071 0.9949607253 0.0155752255 0.8120415807 0.0717725754 0.5791693926
-109.2 -471.4 2601.3 0.5850294232 0.0655022338 -0.8083625436 0.0039131176 0.9964935184 0.0835786387 0.8110026121 -0.0520591810 0.5827217102
-7.0 -65.9 2796.8 0.6713206768 -0.1662712544 -0.7222758532 -0.0099216457 0.9724082351 -0.2330745906 0.7411006093 0.1636339575 0.6511480808
59.0 -452.1 2731.8 0.6876302958 0.1466218978 -0.7111023664 0.0781744793 0.9587530494 0.2732789814 0.7218402028 -0.2435049564 0.6478055716
365.7 -26.9 2392.6 0 0 0 0 0 0 0 0 0
209.2 -40.9 2758.7 0 0 0 0 0 0 0 0 0
-128.1 -758.7 2616.3 0 0 0 0 0 0 0 0 0
15.5 -736.7 2804.1 0 0 0 0 0 0 0 0 0
126.7 492.2 2610.2 2 0.2889790237 0.3047385216 -0.9075381756 0.0854118913 0.9359960556 0.3414911926 0.9535176754 -0.1761983484 0.2444549352
66.2 306.5 2645.2 0.2889790237 0.3047385216 -0.9075381756 0.0854118913 0.9359960556 0.3414911926 0.9535176754 -0.1761983484 0.2444549352
6.7 120.6 2683.0 0.2936563194 0.2996480167 -0.9077318311 0.0998896211 0.9347805977 0.3408918381 0.9506776929 -0.1907780319 0.2445725054
25.1 292.4 2512.1 -0.4004167616 0.0562756397 -0.9146034718 0.8546854854 0.3828485012 -0.3506277204 0.3304227591 -0.9220954776 -0.2013969272
131.3 65.6 2424.4 -0.9292179346 0.0562756397 -0.3652220070 0.3579231203 0.3828485012 -0.8516560793 0.0918972045 -0.9220954776 -0.3758920431
107.4 320.5 2778.4 0.0579833090 0.9570292234 -0.2841354311 -0.7260009646 0.2357821018 0.6460103393 0.6852448583 0.1688247919 0.7084755898
130.0 37.5 3045.5 0.2297060937 0.9570292234 0.1770031750 -0.2610230744 0.2357821018 -0.9360949397 -0.9376044273 0.1688247919 0.3039672971
-77.3 -76.0 2632.3 0.5013036132 0.0832961202 -0.8612528443 -0.1195429638 0.9924778342 0.0264059808 0.8569738269 0.0897193030 0.5074902177
-110.4 -470.4 2596.7 0.5143644810 0.0607026108 -0.8554205894 0.0163483564 0.9966163039 0.0805524513 0.8574158549 -0.0554180406 0.5116316676
-8.9 -61.5 2801.6 0.7945609093 -0.1713668555 -0.5825001001 0.0286343247 0.9688543081 -0.2459704131 0.6065089107 0.1787589639 0.7747206688
59.2 -446.4 2730.5 0.7945609093 0.1468704492 -0.5891537070 0.0286343247 0.9601609707 0.2779766917 0.6065089107 -0.2377394140 0.7587007880
372.2 -27.2 2400.6 0 0 0 0 0 0 0 0 0
194.3 -35.6 2783.1 0 0 0 0 0 0 0 0 0
-127.9 -756.7 2612.6 0 0 0 0 0 0 0 0 0
14.6 -737.7 2802.6 0 0 0 0 0 0 0 0 0
123.6 487.7 2607.5 3 0.2831727564 0.3043013513 -0.9095129967 0.0949115157 0.9347824454 0.3423061967 0.9543610215 -0.1832550466 0.2358232290
63.2 302.3 2643.9 0.2831727564 0.3043013513 -0.9095129967 0.0949115157 0.9347824454 0.3423061967 0.9543610215 -0.1832550466 0.2358232290
4.3 116.5 2683.0 0.2877932489 0.2962837517 -0.9107090831 0.1092930287 0.9345674515 0.3385833800 0.9514358044 -0.1969761550 0.2365804613
22.8 286.9 2510.3 -0.4316465855 0.0889459476 -0.8976468444 0.8470202088 0.3822013438 -0.3694305122 0.3102224767 -0.9197884202 -0.2403149307
135.9 64.9 2429.0 -0.9321269393 0.0889459476 -0.3510383964 0.3573964536 0.3822013438 -0.8521677852 0.0583704710 -0.9197884202 -0.3880491555
103.6 317.7 2777.4 0.0581297949 0.9547253847 -0.2917540371 -0.7191866040 0.2427386194 0.6510365605 0.6923810840 0.1719809622 0.7007360458
126.3 36.9 3047.7 0.2362827063 0.9547253847 0.1807483584 -0.2674923241 0.2427386194 -0.9324836731 -0.9341404438 0.1719809622 0.3127366602
-79.7 -74.4 2634.0 0.4956965148 0.0812317878 -0.8646885753 -0.1262494922 0.9917805195 0.0207967032 0.8592706323 0.0988576412 0.5018776059
-112.0 -468.6 2594.7 0.5105552077 0.0582145974 -0.8578720093 0.0260432530 0.9962007999 0.0831009075 0.8594504595 -0.0647693798 0.5070993900
-26.1 -56.0 2807.6 0.7784004211 -0.2192435265 -0.5882389545 0.0402453095 0.9525326490 -0.3017645478 0.6264767647 0.2112197876 0.7502753735
60.9 -433.9 2723.8 0.7784004211 0.1486765742 -0.6099082232 0.0402453095 0.9577331543 0.2848288417 0.6264767647 -0.2462568283 0.7395163774
377.0 -27.6 2413.9 0 0 0 0 0 0 0 0 0
192.6 -38.1 2785.6 0 0 0 0 0 0 0 0 0
-128.7 -754.7 2613.3 0 0 0 0 0 0 0 0 0
14.0 -736.3 2801.6 0 0 0 0 0 0 0 0 0
123.4 488.1 2604.6 4 0.2732103169 0.2985710800 -0.9144459963 0.1039934754 0.9358741045 0.3366377652 0.9563165903 -0.1870693266 0.2246410251
64.2 302.7 2641.7 0.2732103169 0.2985710800 -0.9144459963 0.1039934754 0.9358741045 0.3366377652 0.9563165903 -0.1870693266 0.2246410251
6.4 116.6 2681.1 0.2770517766 0.2909434438 -0.9157479405 0.1161905751 0.9359171391 0.3325039148 0.9538040161 -0.1985220611 0.2254926115
25.3 286.3 2507.6 -0.4356316924 0.1087728888 -0.8935286999 0.8594637513 0.3452488780 -0.3769950867 0.2674829066 -0.9321864843 -0.2438877076
138.1 63.7 2438.3 -0.9357550144 0.1087728888 -0.3354564309 0.3520138860 0.3452488780 -0.8699939251 0.0211842023 -0.9321864843 -0.3613579273
103.2 319.1 2775.8 0.0568912327 0.9508504868 -0.3043793440 -0.7149705291 0.2515931726 0.6523174047 0.6968360543 0.1805111319 0.6941435337
125.4 39.8 3048.0 0.2480550259 0.9508504868 0.1853431761 -0.2699641287 0.2515931726 -0.9294192791 -0.9303698540 0.1805111319 0.3191044629
-81.0 -79.3 2635.0 0.4871547520 0.0781716183 -0.8698099852 -0.1259389371 0.9918634892 0.0186061561 0.8641872406 0.1004788727 0.4930358529
-112.0 -473.7 2595.0 0.5020639896 0.0604117811 -0.8627178669 0.0249837544 0.9961277246 0.0842932463 0.8644695282 -0.0638745427 0.4986105859
-28.3 -59.3 2809.1 0.7727924585 -0.2225994319 -0.5943410397 0.0402642153 0.9517827630 -0.3041190207 0.6333802938 0.2110902220 0.7444933653
60.1 -437.3 2725.3 0.7727924585 0.1502978951 -0.6166054606 0.0402642153 0.9579865336 0.2839728892 0.6333802938 -0.2442792505 0.7342731357
379.2 -27.0 2432.9 0 0 0 0 0 0 0 0 0
195.1 -36.1 2786.6 0 0 0 0 0 0 0 0 0
-129.1 -755.2 2613.1 0 0 0 0 0 0 0 0 0
13.5 -734.7 2801.1 0 0 0 0 0 0 0 0 0
122.8 490.3 2603.2 5 0.2666540444 0.2980616689 -0.9165450931 0.1133398265 0.9346814752 0.3369340599 0.9571048617 -0.1937258840 0.2154543251
63.5 304.6 2641.7 0.2666540444 0.2980616689 -0.9165450931 0.1133398265 0.9346814752 0.3369340599 0.9571048617 -0.1937258840 0.2154543251
5.7 118.8 2682.3 0.2701778710 0.2910663188 -0.9177604914 0.1245210916 0.9346410632 0.3330774903 0.9547242522 -0.2042707056 0.2162754387
25.5 287.1 2507.4 -0.4244132638 0.1114350706 -0.8985853195 0.8774394989 0.2956240177 -0.3777649701 0.2235471457 -0.9487827420 -0.2232442796
136.4 57.9 2449.0 -0.9381298423 0.1114350706 -0.3278637826 0.3462761641 0.2956240177 -0.8903365731 -0.0022903199 -0.9487827420 -0.3159210086
101.5 322.1 2776.0 0.0531091578 0.9491688013 -0.3102546632 -0.7088820338 0.2546625137 0.6577486396 0.7033247352 0.1850014925 0.6863736510
122.3 45.2 3050.8 0.2549499273 0.9491688013 0.1846051812 -0.2772919536 0.2546625137 -0.9264211655 -0.9263421297 0.1850014925 0.3281230628
-76.9 -80.1 2633.2 0.4806633294 0.0888450071 -0.8723928928 -0.1249076650 0.9916467071 0.0321693644 0.8679636121 0.0935059264 0.4877456427
-112.2 -474.3 2596.0 0.4951960146 0.0609208532 -0.8666427135 0.0232594963 0.9962511659 0.0833220929 0.8684698939 -0.0614184402 0.4919226170
-26.1 -58.7 2808.0 0.7861788273 -0.2168421894 -0.5787074566 0.0388750546 0.9519191384 -0.3038728535 0.6167751551 0.2164011002 0.7568084002
60.1 -437.0 2722.0 0.7861788273 0.1504395455 -0.5994086862 0.0388750546 0.9559589028 0.2909146249 0.6167751551 -0.2520129681 0.7457063198
378.8 -31.6 2449.6 0 0 0 0 0 0 0 0 0
193.9 -32.8 2790.4 0 0 0 0 0 0 0 0 0
-129.4 -755.3 2613.3 0 0 0 0 0 0 0 0 0
13.3 -734.4 2800.4 0 0 0 0 0 0 0 0 0
124.4 489.9 2602.5 6 0.2905565500 0.2954916954 -0.9100887775 0.1038539410 0.9357646704 0.3369848728 0.9512051344 -0.1924294531 0.2412045747
65.7 303.9 2640.7 0.2905565500 0.2954916954 -0.9100887775 0.1038539410 0.9357646704 0.3369848728 0.9512051344 -0.1924294531 0.2412045747
8.2 117.9 2681.0 0.2939487994 0.2891992927 -0.9110202193 0.1147110239 0.9355655909 0.3340036273 0.9489127994 -0.2026840299 0.2418340296
24.4 287.8 2507.3 -0.4142516255 0.1339057088 -0.9002581835 0.8893236518 0.2699958384 -0.3690605462 0.1936466694 -0.9535048604 -0.2309317291
133.6 53.2 2456.2 -0.9370536208 0.1339057088 -0.3224899173 0.3476067483 0.2699958384 -0.8979263902 -0.0331665277 -0.9535048604 -0.2995471358
107.1 320.1 2774.2 0.0679042339 0.9543051720 -0.2910165787 -0.7156101465 0.2498367578 0.6522911787 0.6951914430 0.1639610827 0.6998754144
133.6 40.4 3045.8 0.2311557680 0.9543051720 0.1893902123 -0.2694200277 0.2498367578 -0.9300507903 -0.9348688722 0.1639610827 0.3148601353
-77.0 -78.4 2635.4 0.5011116266 0.0889228210 -0.8608018756 -0.1374505758 0.9902580380 0.0222797506 0.8543971777 0.1071530804 0.5084522963
-112.3 -472.1 2592.8 0.5201203227 0.0623661801 -0.8518129587 0.0376425497 0.9946874976 0.0958115458 0.8532630801 -0.0818979442 0.5150095820
-27.4 -55.6 2810.4 0.7897992730 -0.2233499736 -0.5712546706 0.0397338457 0.9480190873 -0.3157230616 0.6120770574 0.2266597003 0.7576193213
61.3 -432.4 2720.4 0.7897992730 0.1502109617 -0.5946879387 0.0397338457 0.9549831152 0.2939872742 0.6120770574 -0.2558201849 0.7482765317
375.1 -36.3 2464.8 0 0 0 0 0 0 0 0 0
198.6 -35.3 2783.1 0 0 0 0 0 0 0 0 0
-130.1 -756.1 2616.1 0 0 0 0 0 0 0 0 0
13.7 -735.0 2801.4 0 0 0 0 0 0 0 0 0
125.2 489.7 2601.1 7 0.3326237202 0.2966604829 -0.8951838017 0.0827779248 0.9363853335 0.3410723209 0.9394196272 -0.1875502020 0.2869070470
66.1 303.2 2638.5 0.3326237202 0.2966604829 -0.8951838017 0.0827779248 0.9363853335 0.3410723209 0.9394196272 -0.1875502020 0.2869070470
8.9 116.8 2677.7 0.3361380696 0.2876068950 -0.8968241215 0.0940475762 0.9372220635 0.3358122110 0.9371052384 -0.1972233951 0.2879872918
18.9 289.9 2506.8 -0.4000777900 0.2118919790 -0.8916499019 0.9011658430 0.2680719197 -0.3406428397 0.1668468267 -0.9398080707 -0.2981994450
124.0 53.2 2463.0 -0.9325628281 0.2118919790 -0.2922812402 0.3430628777 0.2680719197 -0.9002473354 -0.1124027967 -0.9398080707 -0.3226861954
113.4 316.4 2770.2 0.0922034308 0.9626405239 -0.2546011806 -0.7297340631 0.2392932624 0.6404895782 0.6774855852 0.1267358214 0.7245352268
149.4 31.4 3034.8 0.1877916157 0.9626405239 0.1950834244 -0.2527762949 0.2392932624 -0.9374662042 -0.9491251111 0.1267358214 0.2882699668
-76.2 -78.6 2634.3 0.5387696624 0.0886401609 -0.8377768993 -0.1384432614 0.9902452826 0.0157398265 0.8309997916 0.1075044349 0.5457857847
-111.5 -472.3 2591.6 0.5590292215 0.0658518821 -0.8265287876 0.0367133096 0.9938975573 0.1040179655 0.8283347487 -0.0884936899 0.5532001853
-22.3 -57.5 2808.3 0.8068918586 -0.2077118754 -0.5529749393 0.0357612632 0.9515965581 -0.3052623570 0.5896157026 0.2265386134 0.7752635479
60.2 -435.8 2718.3 0.8068918586 0.1492788494 -0.5715254545 0.0357612632 0.9534208179 0.2995160222 0.5896157026 -0.2621155083 0.7639691234
364.7 -35.4 2492.0 0 0 0 0 0 0 0 0 0
202.1 -39.6 2768.2 0 0 0 0 0 0 0 0 0
-130.2 -755.4 2616.8 0 0 0 0 0 0 0 0 0
13.9 -732.0 2799.7 0 0 0 0 0 0 0 0 0
121.0 486.9 2602.0 8 0.3694981337 0.2897433043 -0.8829042912 0.0616266131 0.9404118657 0.3344065249 0.9271857142 -0.1779729873 0.3296245039
63.2 299.5 2637.4 0.3694981337 0.2897433043 -0.8829042912 0.0616266131 0.9404118657 0.3344065249 0.9271857142 -0.1779729873 0.3296245039
7.3 112.4 2674.9 0.3732286394 0.2808916271 -0.8841947317 0.0739264861 0.9410284758 0.3301518261 0.9247893095 -0.1885875165 0.3304534554
10.8 289.1 2507.5 -0.3917273879 0.3004328310 -0.8696492314 0.9044706225 0.2991127074 -0.3040796816 0.1687676013 -0.9056885242 -0.3889032900
113.2 52.5 2463.4 -0.9112039208 0.3004328310 -0.2818642855 0.3706168532 0.2991127074 -0.8793035746 -0.1798624545 -0.9056885242 -0.3838981390
115.7 309.9 2767.4 0.1179262102 0.9672996998 -0.2245544344 -0.7440789342 0.2358239591 0.6250869036 0.6576016545 0.0933720842 0.7475571632
161.7 19.3 3024.1 0.1495046914 0.9672996998 0.2048893124 -0.2327473611 0.2358239591 -0.9435124397 -0.9609771371 0.0933720842 0.2603932321
-79.1 -78.1 2631.0 0.5736969709 0.0842116326 -0.8147270679 -0.1281528920 0.9916785955 0.0122617185 0.8089799881 0.0973751172 0.5797149539
-112.6 -472.4 2592.3 0.5920158029 0.0632294491 -0.8034421802 0.0349193662 0.9939689040 0.1039538682 0.8051695228 -0.0895980224 0.5862373710
-17.5 -60.9 2802.7 0.8047029376 -0.1926424205 -0.5615532994 0.0368263274 0.9602649808 -0.2766496539 0.5925343633 0.2019408494 0.7798223495
59.1 -442.4 2722.5 0.8047029376 0.1435543001 -0.5760601759 0.0368263274 0.9563861489 0.2897745967 0.5925343633 -0.2543966472 0.7643201947
348.6 -43.3 2509.8 0 0 0 0 0 0 0 0 0
203.7 -46.0 2754.3 0 0 0 0 0 0 0 0 0
-130.6 -755.9 2617.9 0 0 0 0 0 0 0 0 0
15.7 -731.7 2799.4 0 0 0 0 0 0 0 0 0
123.9 487.2 2600.9 9 0.4076671302 0.2883432209 -0.8664096594 0.0397118740 0.9423381090 0.3322978020 0.9122666717 -0.1698736399 0.3727096319
66.5 299.6 2634.7 0.4076671302 0.2883432209 -0.8664096594 0.0397118740 0.9423381090 0.3322978020 0.9122666717 -0.1698736399 0.3727096319
10.9 112.0 2670.4 0.4112288952 0.2791563272 -0.8677341342 0.0515466966 0.9433061481 0.3278969526 0.9100734591 -0.1795695275 0.3735251725
8.7 292.3 2506.9 -0.3506983221 0.3547228575 -0.8667078018 0.9244067073 0.2793051898 -0.2597322166 0.1499430388 -0.8922781348 -0.4258600473
100.4 50.6 2467.7 -0.8988010287 0.3547228575 -0.2575430870 0.3647448421 0.2793051898 -0.8882284760 -0.2431418002 -0.8922781348 -0.3804231286
124.3 306.8 2762.5 0.1397090554 0.9718687534 -0.1896114349 -0.7589917183 0.2280874848 0.6098423600 0.6359347105 0.0587130040 0.7695062160
178.8 10.5 3010.8 0.1085319668 0.9718687534 0.2090261430 -0.2124682069 0.2280874848 -0.9501754642 -0.9711220860 0.0587130040 0.2312459946
-82.8 -81.4 2627.6 0.6079470515 0.0756792948 -0.7903625965 -0.1200665161 0.9927621484 0.0027043964 0.7848467231 0.0932519510 0.6126334071
-112.8 -476.1 2590.6 0.6250987053 0.0587030649 -0.7783351541 0.0375734791 0.9937488437 0.1051259711 0.7796408534 -0.0949588642 0.6189854145
-14.4 -67.9 2797.0 0.8087518811 -0.1814699769 -0.5594542027 0.0386207625 0.9655429125 -0.2573623359 0.5868805647 0.1865357310 0.7878931761
57.8 -451.6 2722.9 0.8087518811 0.1434186101 -0.5703958869 0.0386207625 0.9547707438 0.2948241830 0.5868805647 -0.2604687512 0.7666336894
332.8 -43.7 2530.5 0 0 0 0 0 0 0 0 0
209.3 -49.2 2738.2 0 0 0 0 0 0 0 0 0
-129.4 -757.1 2617.4 0 0 0 0 0 0 0 0 0
15.3 -734.4 2800.1 0 0 0 0 0 0 0 0 0
124.8 484.5 2601.3 0 0.4682130218 0.2861228585 -0.8360085487 0.0038175846 0.9454585314 0.3257200420 0.8836073875 -0.1556978971 0.4415836930
67.9 296.5 2632.3 0.4682130218 0.2861228585 -0.8360085487 0.0038175846 0.9454585314 0.3257200420 0.8836073875 -0.1556978971 0.4415836930
13.3 108.1 2664.8 0.4718610346 0.2738439143 -0.8380672336 0.0161509160 0.9476978779 0.3187599480 0.8815249801 -0.1639459580 0.4427588582
1.7 294.1 2508.7 -0.3301229477 0.3963249028 -0.8567061424 0.9319953322 0.2807668746 -0.2292479873 0.1496780217 -0.8741261363 -0.4620605707
89.6 45.9 2468.8 -0.8875545263 0.3963249028 -0.2348903567 0.3607507050 0.2807668746 -0.8893980384 -0.2865411639 -0.8741261363 -0.3921703994
134.1 298.8 2755.9 0.1754468977 0.9755903482 -0.1320677251 -0.7828696370 0.2195948958 0.5821453333 0.5969367623 0.0012562132 0.8022872806
202.5 -6.5 2988.7 0.0412480161 0.9755903482 0.2156898230 -0.1776271462 0.2195948958 -0.9592844844 -0.9832330346 0.0012562132 0.1823491752
-82.3 -80.2 2622.7 0.6616420150 0.0768776461 -0.7458683848 -0.1128304228 0.9936115146 0.0023236885 0.7412820458 0.0826191977 0.6660892963
-112.9 -475.2 2589.9 0.6765060425 0.0560986586 -0.7342972755 0.0289317761 0.9943001270 0.1026170552 0.7358685732 -0.0906655788 0.6710270047
-7.0 -70.7 2789.4 0.8286479712 -0.1613431424 -0.5360139012 0.0373219140 0.9713546038 -0.2346854806 0.5585244894 0.1744665951 0.8109326959
57.2 -456.7 2720.0 0.8286479712 0.1448083222 -0.5407153368 0.0373219140 0.9495177865 0.3114851713 0.5585244894 -0.2782920897 0.7814114690
319.5 -47.5 2543.1 0 0 0 0 0 0 0 0 0
214.1 -56.3 2713.2 0 0 0 0 0 0 0 0 0
-128.8 -757.1 2615.6 0 0 0 0 0 0 0 0 0
14.2 -738.8 2802.7 0 0 0 0 0 0 0 0 0
124.8 479.2 2600.6 1 0.4673163295 0.2923054695 -0.8343697786 -0.0011177764 0.9439555407 0.3300706744 0.8840894699 -0.1533147842 0.4414525926
66.8 291.6 2631.0 0.4673163295 0.2923054695 -0.8343697786 -0.0011177764 0.9439555407 0.3300706744 0.8840894699 -0.1533147842 0.4414525926
11.9 103.3 2663.0 0.4714580476 0.2755062878 -0.8377491236 0.0126804728 0.9477330446 0.3188123107 0.8817973137 -0.1609296799 0.4433228076
0.5 289.8 2507.2 -0.2857805490 0.4048596621 -0.8685724735 0.9461712837 0.2629276216 -0.1887563467 0.1519518495 -0.8757612109 -0.4582061768
74.0 46.3 2468.1 -0.8928868771 0.4048596621 -0.1970829666 0.3201147914 0.2629276216 -0.9101623893 -0.3166694939 -0.8757612109 -0.3643661737
133.0 293.5 2754.9 0.1745812595 0.9757431149 -0.1320860237 -0.7844918966 0.2189062089 0.5802177191 0.5950579047 0.0023252820 0.8036794662
201.2 -12.8 2987.2 0.0415249206 0.9757431149 0.2149442136 -0.1746416688 0.2189062089 -0.9599897861 -0.9837560654 0.0023252820 0.1794954687
-84.5 -81.7 2616.8 0.6623587608 0.0763620138 -0.7452849746 -0.0999227911 0.9949085116 0.0131338723 0.7424933314 0.0657716244 0.6666166782
-114.8 -477.2 2590.6 0.6746604443 0.0486162156 -0.7365254164 0.0315575227 0.9950164557 0.0945853889 0.7374533415 -0.0870559439 0.6697640419
1.9 -78.7 2777.9 0.8282728195 -0.1332962662 -0.5442391634 0.0353321061 0.9817835093 -0.1866889745 0.5592100024 0.1354002804 0.8178942204
54.8 -468.5 2724.1 0.8288930655 0.1414526850 -0.5412277579 0.0394471399 0.9503141642 0.3087830245 0.5580145717 -0.2772979736 0.7821288705
305.5 -36.6 2550.1 0 0 0 0 0 0 0 0 0
212.8 -61.9 2711.0 0 0 0 0 0 0 0 0 0
-128.5 -757.8 2615.2 0 0 0 0 0 0 0 0 0
14.9 -736.3 2802.3 0 0 0 0 0 0 0 0 0
127.1 482.2 2607.7 2 0.5361319184 0.2873694897 -0.7937136292 -0.0522387326 0.9497621655 0.3085820973 0.8425163031 -0.1239781082 0.5242096186
69.8 293.1 2632.4 0.5361319184 0.2873694897 -0.7937136292 -0.0522387326 0.9497621655 0.3085820973 0.8425163031 -0.1239781082 0.5242096186
14.6 104.0 2659.1 0.5403457284 0.2764032483 -0.7947500944 -0.0380275436 0.9515650272 0.3050866425 0.8405833840 -0.1346298754 0.5246850252
-5.9 298.3 2514.7 -0.2430039644 0.4102169275 -0.8790171146 0.9534395933 0.2678630352 -0.1385725439 0.1786113828 -0.8717634082 -0.4562088549
59.2 43.0 2466.9 -0.8896246552 0.4102169275 -0.2007237077 0.3279187679 0.2678630352 -0.9059352279 -0.3178635240 -0.8717634082 -0.3728154004
145.5 287.8 2750.0 0.2077423036 0.9764763117 -0.0577681325 -0.8166970015 0.2056475282 0.5391800404 0.5383763909 -0.0648314431 0.8402069807
226.5 -30.4 2959.7 -0.0396782383 0.9764763117 0.2119425833 -0.1241612956 0.2056475282 -0.9707177877 -0.9914684296 -0.0648314431 0.1130808368
-86.1 -86.3 2614.2 0.7221297026 0.0687083974 -0.6883370280 -0.0933054611 0.9956364036 0.0014962733 0.6854361892 0.0631450936 0.7253894806
-113.4 -482.1 2589.1 0.7333840728 0.0525596440 -0.6777796745 0.0236917958 0.9944250584 0.1027499214 0.6794015765 -0.0914129764 0.7280502319
0.3 -83.9 2775.7 0.8632835746 -0.1323424578 -0.4870594442 0.0573339164 0.9844780564 -0.1658787429 0.5014521480 0.1152753830 0.8574714661
52.8 -475.0 2729.9 0.8584968448 0.1345666945 -0.4948484898 0.0182216708 0.9563437104 0.2916756570 0.5124950409 -0.2594195902 0.8185660243
290.1 -42.2 2549.4 0 0 0 0 0 0 0 0 0
215.4 -65.1 2682.4 0 0 0 0 0 0 0 0 0
-128.1 -759.5 2614.6 0 0 0 0 0 0 0 0 0
16.5 -732.9 2799.9 0 0 0 0 0 0 0 0 0
127.5 482.6 2612.2 3 0.5465123057 0.2980532348 -0.7826164961 -0.0763763189 0.9483666420 0.3078431487 0.8339610100 -0.1084667146 0.5410582423
68.0 293.5 2633.9 0.5465123057 0.2980532348 -0.7826164961 -0.0763763189 0.9483666420 0.3078431487 0.8339610100 -0.1084667146 0.5410582423
11.2 104.5 2657.5 0.5511766076 0.2851884663 -0.7841376662 -0.0611862913 0.9510596395 0.3028891385 0.8321421742 -0.1189669222 0.5416514277
-9.3 302.0 2517.1 -0.2147708535 0.3976356983 -0.8920534253 0.9577593803 0.2645885646 -0.1126490161 0.1912338734 -0.8785662651 -0.4376652539
48.4 44.6 2465.7 -0.8944705129 0.3976356983 -0.2044707984 0.3251608014 0.2645885646 -0.9078894854 -0.3069086373 -0.8785662651 -0.3659622371
145.4 284.9 2750.6 0.2068765908 0.9775012136 -0.0411520824 -0.8292889595 0.1975165904 0.5227494836 0.5191164613 -0.0740176588 0.8514925241
226.1 -38.6 2953.1 -0.0543434471 0.9775012136 0.2038092315 -0.1032389328 0.1975165904 -0.9748481512 -0.9931709170 -0.0740176588 0.0901824459
-89.9 -81.6 2609.2 0.7329726219 0.0602972955 -0.6775805354 -0.0764029846 0.9970585108 0.0060784458 0.6759539247 0.0473138392 0.7354234457
-113.9 -477.9 2590.4 0.7414618134 0.0528414696 -0.6689111590 0.0191230942 0.9948253036 0.0997846574 0.6707225442 -0.0867781639 0.7366144657
8.8 -88.4 2762.5 0.8675494194 -0.1089388058 -0.4852734506 0.0635720789 0.9920021296 -0.1090428680 0.4932713211 0.0637502298 0.8675363660
52.0 -482.0 2737.2 0.8607133627 0.1375038922 -0.4901685715 0.0043909745 0.9607920051 0.2772352695 0.5090709925 -0.2407724112 0.8263627291
280.8 -39.9 2545.4 0 0 0 0 0 0 0 0 0
210.9 -67.6 2674.6 0 0 0 0 0 0 0 0 0
-128.7 -757.1 2614.7 0 0 0 0 0 0 0 0 0
16.2 -732.5 2800.0 0 0 0 0 0 0 0 0 0
132.9 483.8 2606.0 4 0.5648994446 0.3095571399 -0.7648941278 -0.0770379156 0.9427013993 0.3246217668 0.8215557337 -0.1244527921 0.5563790798
71.2 295.7 2630.8 0.5648994446 0.3095571399 -0.7648941278 -0.0770379156 0.9427013993 0.3246217668 0.8215557337 -0.1244527921 0.5563790798
12.6 107.5 2656.2 0.5683776736 0.2943331897 -0.7683194876 -0.0661529377 0.9471479058 0.3139022589 0.8201040626 -0.1275884360 0.5578086972
-8.7 305.0 2515.6 -0.1596880108 0.3668422103 -0.9164750576 0.9691256881 0.2349409610 -0.0748208985 0.1878700703 -0.9001275301 -0.3930334747
35.9 34.5 2463.2 -0.8938525915 0.3668422103 -0.2577873170 0.3571408689 0.2349409610 -0.9040205479 -0.2710680962 -0.9001275301 -0.3410169482
151.0 286.4 2746.0 0.2084555030 0.9778940678 -0.0164177287 -0.8303366303 0.1858213544 0.5253679752 0.5168049932 -0.0958836079 0.8507167101
232.4 -37.8 2947.9 -0.0773021802 0.9778940678 0.1942874491 -0.1047983989 0.1858213544 -0.9769788980 -0.9914845824 -0.0958836079 0.0881173387
-96.1 -78.9 2605.1 0.7479886413 0.0361551456 -0.6627260447 -0.0573933311 0.9982983470 -0.0103148771 0.6612253785 0.0457514673 0.7487909198
-110.5 -475.7 2586.9 0.7546007037 0.0620818324 -0.6532408595 0.0157404821 0.9935153723 0.1126032397 0.6559954286 -0.0952528119 0.7487301826
4.8 -90.0 2757.3 0.8756338954 -0.1185851693 -0.4681910574 0.0834302455 0.9919548035 -0.0952106565 0.4757149220 0.0443083867 0.8784828186
51.9 -484.0 2739.7 0.8670465946 0.1342383027 -0.4798022807 -0.0038411454 0.9647918344 0.2629866004 0.4982122183 -0.2261786461 0.8370351195
268.5 -58.4 2533.7 0 0 0 0 0 0 0 0 0
210.7 -67.2 2669.5 0 0 0 0 0 0 0 0 0
-128.1 -758.4 2614.0 0 0 0 0 0 0 0 0 0
17.5 -731.2 2797.6 0 0 0 0 0 0 0 0 0
134.5 482.6 2603.4 5 0.5698632598 0.3235317767 -0.7553694844 -0.0941703096 0.9388880730 0.3310908675 0.8163257837 -0.1175431460 0.5655049086
70.0 295.4 2626.8 0.5698632598 0.3235317767 -0.7553694844 -0.0941703096 0.9388880730 0.3310908675 0.8163257837 -0.1175431460 0.5655049086
8.5 107.9 2651.2 0.5739343762 0.3088912964 -0.7584098577 -0.0820549428 0.9431624413 0.3220428824 0.8147798777 -0.1226002127 0.5666593909
-10.7 306.9 2512.3 -0.1066859737 0.3186839819 -0.9418379068 0.9735860825 0.2257921994 -0.0338822864 0.2018619031 -0.9205750227 -0.3343551457
19.4 31.5 2455.2 -0.9039157033 0.3186839819 -0.2852663398 0.3646892011 0.2257921994 -0.9033380747 -0.2234684676 -0.9205750227 -0.3203177154
150.7 283.8 2741.4 0.1992200762 0.9799542427 -0.0009935951 -0.8375908136 0.1708043814 0.5189099312 0.5086777210 -0.1025450528 0.8548283577
228.5 -43.4 2940.1 -0.0871007070 0.9799542427 0.1791733652 -0.0956013650 0.1708043814 -0.9806560278 -0.9916016459 -0.1025450528 0.0788077787
-98.0 -74.7 2606.5 0.7530892491 0.0296091028 -0.6572517753 -0.0571944639 0.9981511831 -0.0205677245 0.6554276347 0.0530804954 0.7533903718
-109.8 -471.5 2585.4 0.7603248954 0.0624098592 -0.6465377212 0.0207042824 0.9925389290 0.1201572493 0.6492128968 -0.1047446504 0.7533599138
6.1 -86.8 2756.7 0.8787173629 -0.1151259392 -0.4632514119 0.0840594023 0.9926345944 -0.0872388706 0.4698828161 0.0377176702 0.8819226027
51.9 -481.2 2741.7 0.8698180318 0.1341027021 -0.4747978747 -0.0096276319 0.9667817354 0.2554218769 0.4932786822 -0.2175993770 0.8422152996
254.1 -63.1 2513.2 0 0 0 0 0 0 0 0 0
204.0 -70.2 2661.5 0 0 0 0 0 0 0 0 0
-127.9 -759.0 2615.7 0 0 0 0 0 0 0 0 0
17.0 -732.2 2798.2 0 0 0 0 0 0 0 0 0
131.8 483.4 2601.6 6 0.6245362759 0.3093190789 -0.7171304822 -0.1104900613 0.9439840913 0.3109437227 0.7731406093 -0.1149598584 0.6237289906
70.1 295.0 2624.5 0.6245362759 0.3093190789 -0.7171304822 -0.1104900613 0.9439840913 0.3109437227 0.7731406093 -0.1149598584 0.6237289906
10.2 107.1 2649.1 0.6282010674 0.3010904789 -0.7174314857 -0.0991456658 0.9455488920 0.3100119829 0.7717081904 -0.1236196309 0.6238466501
-18.1 308.9 2516.2 -0.0804153308 0.2531061471 -0.9640905857 0.9672788978 0.2533191144 -0.0141765028 0.2406344116 -0.9336844683 -0.2651949525
4.9 32.4 2447.5 -0.9248388410 0.2531061471 -0.2839196920 0.3465926051 0.2533191144 -0.9031627774 -0.1566737592 -0.9336844683 -0.3220040798
158.2 281.1 2732.8 0.2317121327 0.9709990025 0.0589104630 -0.8486534357 0.1721727848 0.5001438260 0.4754963815 -0.1658839583 0.8639361858
248.7 -50.1 2918.4 -0.1549758315 0.9709990025 0.1820534319 -0.0750678033 0.1721727848 -0.9822022915 -0.9850620627 -0.1658839583 0.0462081395
-105.5 -72.0 2600.9 0.7969365120 -0.0003516366 -0.6040629745 -0.0204828456 0.9994090199 -0.0276046656 0.6037157178 0.0343720950 0.7964583635
-105.4 -469.1 2587.3 0.7986415625 0.0740930438 -0.5972284675 0.0000616159 0.9923819900 0.1231987700 0.6018069983 -0.0984284580 0.7925529480
-0.3 -87.0 2750.3 0.9042655826 -0.1300809681 -0.4066727459 0.1124377400 0.9913906455 -0.0670993701 0.4118998945 0.0149502857 0.9111064672
51.4 -481.0 2744.4 0.8948662877 0.1300581694 -0.4269650578 -0.0299604721 0.9719496369 0.2332728803 0.4453275800 -0.1959559768 0.8736615777
243.7 -57.1 2487.9 0 0 0 0 0 0 0 0 0
205.2 -71.2 2642.2 0 0 0 0 0 0 0 0 0
-127.0 -758.6 2616.0 0 0 0 0 0 0 0 0 0
18.0 -730.3 2794.7 0 0 0 0 0 0 0 0 0
135.0 481.8 2601.2 7 0.6611853242 0.3214083314 -0.6778869033 -0.1389143467 0.9404061437 0.3103854656 0.7372494340 -0.1110541001 0.6664310098
70.7 293.6 2623.4 0.6611853242 0.3214083314 -0.6778869033 -0.1389143467 0.9404061437 0.3103854656 0.7372494340 -0.1110541001 0.6664310098
9.3 106.0 2646.6 0.6652479768 0.3089329898 -0.6797099113 -0.1267698407 0.9438980818 0.3049358130 0.7357816100 -0.1166912094 0.6670896411
-22.6 311.4 2520.2 -0.0513410419 0.1306224316 -0.9901019335 0.9638023376 0.2662034929 -0.0148575334 0.2616278529 -0.9550253749 -0.1395613700
-7.8 32.7 2444.5 -0.9461621642 0.1306224316 -0.2961670160 0.3212279677 0.2662034929 -0.9088169932 -0.0398711860 -0.9550253749 -0.2938312292
164.1 275.8 2726.6 0.2424160242 0.9638377428 0.1106852889 -0.8631237745 0.1621643752 0.4782468379 0.4430031478 -0.2114697993 0.8712225556
258.7 -61.1 2899.5 -0.2062425017 0.9638377428 0.1687625349 -0.0486144945 0.1621643752 -0.9855654836 -0.9772925377 -0.2114697993 0.0134112984
-107.1 -71.8 2603.0 0.8265091777 -0.0074409950 -0.5628740788 -0.0154734151 0.9992344975 -0.0359302722 0.5627105832 0.0384062827 0.8257613182
-104.2 -469.0 2587.7 0.8269136548 0.0783063993 -0.5568500161 -0.0104807317 0.9922308922 0.1239676252 0.5622312427 -0.0966743231 0.8213099837
7.8 -89.9 2744.2 0.9245212078 -0.1067370176 -0.3658794463 0.1008752361 0.9942775369 -0.0351616405 0.3675387800 -0.0044004945 0.9299978018
50.2 -485.0 2745.9 0.9167108536 0.1201920882 -0.3810446560 -0.0345216058 0.9739415050 0.2241567522 0.3980570436 -0.1923326701 0.8969720006
236.2 -50.1 2454.8 0 0 0 0 0 0 0 0 0
200.9 -74.7 2625.5 0 0 0 0 0 0 0 0 0
-127.0 -757.5 2615.8 0 0 0 0 0 0 0 0 0
19.1 -737.3 2795.8 0 0 0 0 0 0 0 0 0
134.6 483.8 2610.5 8 0.6311483383 0.3166019022 -0.7081066370 -0.1534928381 0.9458318949 0.2860803902 0.7603234053 -0.0718698725 0.6455563903
71.3 294.5 2624.9 0.6311483383 0.3166019022 -0.7081066370 -0.1534928381 0.9458318949 0.2860803902 0.7603234053 -0.0718698725 0.6455563903
10.4 106.1 2641.1 0.6354752779 0.3069734573 -0.7084761858 -0.1403503865 0.9482092261 0.2849578857 0.7592581511 -0.0816487744 0.6456473470
-17.9 314.3 2518.3 -0.0156329256 0.0612807348 -0.9979981184 0.9569754601 0.2901551127 0.0028262492 0.2897474468 -0.9550155401 -0.0631801337
-13.5 39.3 2435.0 -0.9632562995 0.0612807348 -0.2614995241 0.2678696215 0.2901551127 -0.9187251329 0.0195752662 -0.9550155401 -0.2959089875
160.5 274.8 2731.4 0.2309394628 0.9703590274 0.0712060407 -0.8717356324 0.1738520712 0.4580965042 0.4321387708 -0.1678654104 0.8860458732
250.7 -65.7 2900.2 -0.1658115834 0.9703590274 0.1758119911 -0.0263771322 0.1738520712 -0.9844184518 -0.9858046174 -0.1678654104 -0.0032314006
-113.0 -70.0 2602.6 0.8023733497 -0.0235457886 -0.5963577628 0.0031322304 0.9993738532 -0.0352436528 0.5968141556 0.0264106393 0.8019447327
-103.7 -467.2 2592.1 0.8011820912 0.0786928982 -0.5932239890 -0.0132901855 0.9934113622 0.1138297841 0.5982730389 -0.0833143294 0.7969492078
8.7 -93.2 2737.1 0.9077222943 -0.1027468666 -0.4067964256 0.1002265215 0.9945827723 -0.0275627170 0.4074246883 -0.0157524981 0.9131029248
49.5 -488.5 2743.4 0.9006180167 0.1135957092 -0.4195034802 -0.0134801297 0.9720746875 0.2342842668 0.4344024062 -0.2053456753 0.8769992590
235.0 -29.8 2430.0 0 0 0 0 0 0 0 0 0
204.2 -73.1 2623.7 0 0 0 0 0 0 0 0 0
-126.5 -755.0 2616.2 0 0 0 0 0 0 0 0 0
20.2 -739.1 2796.3 0 0 0 0 0 0 0 0 0
134.7 482.9 2605.1 9 0.5850122571 0.3262768686 -0.7424985170 -0.1133562177 0.9394153357 0.3234952092 0.8030635118 -0.1050818413 0.5865550041
69.4 294.7 2626.2 0.5850122571 0.3262768686 -0.7424985170 -0.1133562177 0.9394153357 0.3234952092 0.8030635118 -0.1050818413 0.5865550041
8.4 107.0 2648.3 0.5905703902 0.3059438765 -0.7467429042 -0.0967849568 0.9455213547 0.3108407855 0.8011612296 -0.1112998724 0.5880076885
-13.5 308.2 2513.9 -0.0069231149 -0.0190558508 -0.9997944236 0.9514037967 0.3076942265 -0.0124526126 0.3078682721 -0.9512944818 0.0159996059
-11.5 43.1 2428.1 -0.9619633555 -0.0190558508 -0.2725131214 0.2536920011 0.3076942265 -0.9170412421 0.1013257131 -0.9512944818 -0.2911562622
152.2 281.2 2738.5 0.2089148313 0.9777843356 0.0171006992 -0.8473039269 0.1722496003 0.5024003983 0.4882936478 -0.1194483787 0.8644659519
233.6 -49.1 2928.8 -0.1074595004 0.9777843356 0.1799730361 -0.0773556754 0.1722496003 -0.9820113182 -0.9911954999 -0.1194483787 0.0571273118
-108.7 -69.4 2587.9 0.7663682103 -0.0117300367 -0.6422944069 0.0184616018 0.9998224974 0.0037684140 0.6421362162 -0.0147457775 0.7664487362
-104.0 -466.5 2593.7 0.7641901970 0.0769466758 -0.6403846741 -0.0154407294 0.9947563410 0.1011010185 0.6448060870 -0.0673723966 0.7613711357
7.7 -95.2 2726.8 0.8834946156 -0.1049482599 -0.4565338492 0.1110393777 0.9937236309 -0.0135518434 0.4550907314 -0.0387202576 0.8896028399
49.4 -490.1 2742.2 0.8765010238 0.1116585508 -0.4682716131 0.0020076272 0.9718725085 0.2354991436 0.4813957810 -0.2073553652 0.8516230583
236.1 -22.2 2402.0 0 0 0 0 0 0 0 0 0
203.6 -70.8 2651.2 0 0 0 0 0 0 0 0 0
-126.1 -751.6 2613.0 0 0 0 0 0 0 0 0 0
21.1 -736.5 2794.8 0 0 0 0 0 0 0 0 0
130.9 479.7 2611.5 0 0.5410943031 0.3189775348 -0.7781197429 -0.1032010540 0.9434661269 0.3149939179 0.8346055746 -0.0901386440 0.5434229970
67.4 291.8 2629.4 0.5410943031 0.3189775348 -0.7781197429 -0.1032010540 0.9434661269 0.3149939179 0.8346055746 -0.0901386440 0.5434229970
7.3 103.5 2650.1 0.5476148129 0.3022469580 -0.7802338004 -0.0833525211 0.9475462437 0.3085586727 0.8325685263 -0.1039368510 0.5440834165
-9.4 303.5 2512.7 -0.0119279446 -0.0814623460 -0.9966050386 0.9430700541 0.3303823769 -0.0382926129 0.3323801458 -0.9403251410 0.0728839189
-6.2 49.9 2423.3 -0.9384542108 -0.0814623460 -0.3356599510 0.2923120260 0.3303823769 -0.8974414468 0.1840038151 -0.9403251410 -0.2862363160
144.2 280.1 2746.2 0.1908572167 0.9810100794 -0.0345368311 -0.8405399323 0.1814987957 0.5104418397 0.5070169568 -0.0683919191 0.8592184782
218.7 -47.9 2944.0 -0.0531698652 0.9810100794 0.1865267605 -0.0874529108 0.1814987957 -0.9794948697 -0.9947487116 -0.0683919191 0.0761419237
-106.5 -72.0 2597.2 0.7310183048 -0.0079626096 -0.6823114157 0.0006500350 0.9999395609 -0.0109729096 0.6823575497 0.0075778719 0.7309793234
-103.3 -469.3 2594.2 0.7297233343 0.0837815180 -0.6785900593 -0.0159227364 0.9942774773 0.1056350395 0.6835570931 -0.0662793443 0.7268815637
1.5 -89.6 2743.6 0.8591808081 -0.1237959936 -0.4964704216 0.1030874699 0.9922744036 -0.0690249056 0.5011799335 0.0081249932 0.8653049469
50.6 -483.6 2740.4 0.8522205949 0.1151409969 -0.5103553534 0.0144030340 0.9699492455 0.2428807318 0.5229842663 -0.2143386304 0.8249523640
235.5 -25.3 2375.9 0 0 0 0 0 0 0 0 0
203.8 -72.4 2665.3 0 0 0 0 0 0 0 0 0
-127.2 -752.4 2613.1 0 0 0 0 0 0 0 0 0
20.7 -735.5 2796.1 0 0 0 0 0 0 0 0 0
126.3 482.3 2611.1 1 0.5187940001 0.3015789986 -0.7999393344 -0.0803497285 0.9487705827 0.3055785894 0.8511149883 -0.0942574218 0.5164482594
65.9 292.4 2630.0 0.5187940001 0.3015789986 -0.7999393344 -0.0803497285 0.9487705827 0.3055785894 0.8511149883 -0.0942574218 0.5164482594
7.7 103.6 2651.6 0.5237810016 0.2926786542 -0.7999954224 -0.0644149333 0.9500431418 0.3053992689 0.8494140506 -0.1084306836 0.5164673924
-7.6 301.5 2510.7 -0.0732783899 -0.0977226794 -0.9925122261 0.9289875627 0.3553233147 -0.1035733894 0.3627842069 -0.9296212196 0.0647456273
11.9 54.3 2414.2 -0.9182487130 -0.0977226794 -0.3837572336 0.3279966414 0.3553233147 -0.8753076792 0.2218953073 -0.9296212196 -0.2942224741
139.5 283.3 2749.3 0.1871187538 0.9800503254 -0.0669919401 -0.8305321336 0.1942530870 0.5219982266 0.5245979428 -0.0420366973 0.8503116369
212.5 -41.0 2954.1 -0.0224807840 0.9800503254 0.1974739432 -0.1018018574 0.1942530870 -0.9756547213 -0.9945506454 -0.0420366973 0.0954039842
-102.9 -77.2 2594.7 0.7106797695 -0.0022979672 -0.7035118937 -0.0013254508 0.9999884963 -0.0046053408 0.7035143971 0.0042053931 0.7106685638
-102.0 -474.6 2593.0 0.7096098661 0.0928342342 -0.6984523535 -0.0133237280 0.9928729534 0.1184303463 0.7044688463 -0.0747333542 0.7057893276
-2.7 -92.4 2746.9 0.8443933725 -0.1343494803 -0.5186039805 0.1080946475 0.9908604026 -0.0806919783 0.5247050524 0.0120774601 0.8511984348
50.6 -486.1 2742.1 0.8371797800 0.1176748723 -0.5341185331 0.0204852447 0.9691478014 0.2456274629 0.5465440154 -0.2165758908 0.8089404106
249.1 -30.4 2356.9 0 0 0 0 0 0 0 0 0
206.2 -69.5 2675.0 0 0 0 0 0 0 0 0 0
-127.9 -751.8 2613.8 0 0 0 0 0 0 0 0 0
20.4 -735.2 2797.8 0 0 0 0 0 0 0 0 0
121.2 481.1 2607.9 2 0.4819602370 0.2827092707 -0.8293309212 -0.0354688577 0.9520353675 0.3039253056 0.8754748702 -0.1170644984 0.4688705802
64.9 291.4 2631.3 0.4819602370 0.2827092707 -0.8293309212 -0.0354688577 0.9520353675 0.3039253056 0.8754748702 -0.1170644984 0.4688705802
9.9 102.2 2657.5 0.4863059521 0.2761275470 -0.8290114999 -0.0206614323 0.9521238208 0.3050136864 0.8735442758 -0.1312014014 0.4687286913
-3.3 294.3 2508.7 -0.1240013167 -0.1014575735 -0.9870815873 0.9128399491 0.3783407807 -0.1535626799 0.3890332878 -0.9200894833 0.0456997752
28.6 58.9 2408.4 -0.9029517174 -0.1014575735 -0.4175937176 0.3531990051 0.3783407807 -0.8556334972 0.2448032349 -0.9200894833 -0.3057887256
133.1 288.5 2753.8 0.1811477244 0.9764803052 -0.1169262156 -0.8059912324 0.2155333012 0.5512925982 0.5635278225 -0.0056238892 0.8260779381
203.8 -26.1 2973.8 0.0248691980 0.9764803052 0.2141675949 -0.1385039389 0.2155333012 -0.9666240215 -0.9900496006 -0.0056238892 0.1406065077
-98.4 -79.3 2595.4 0.6784210205 0.0146940406 -0.7345263958 -0.0150655890 0.9998679757 0.0060873078 0.7345188856 0.0069363150 0.6785528064
-104.3 -476.7 2592.7 0.6803391576 0.0830059797 -0.7281817198 0.0060414569 0.9928967357 0.1188255697 0.7328725457 -0.0852409601 0.6750050783
-2.5 -91.1 2750.9 0.8242102265 -0.1361149102 -0.5496819019 0.1007832736 0.9904444218 -0.0941410884 0.5572434068 0.0221933015 0.8300525546
51.6 -484.8 2742.1 0.8165452480 0.1257725954 -0.5634137988 0.0196651518 0.9693510532 0.2448915392 0.5769464374 -0.2110446393 0.7890456319
262.5 -32.6 2345.0 0 0 0 0 0 0 0 0 0
210.7 -64.9 2696.1 0 0 0 0 0 0 0 0 0
-127.1 -750.4 2616.2 0 0 0 0 0 0 0 0 0
19.4 -733.0 2796.2 0 0 0 0 0 0 0 0 0
120.6 474.7 2595.4 3 0.4810028672 0.2881692350 -0.8280064464 -0.0052681691 0.9453706741 0.3259548843 0.8767032027 -0.1524231583 0.4562441409
63.6 287.6 2625.5 0.4810028672 0.2881692350 -0.8280064464 -0.0052681691 0.9453706741 0.3259548843 0.8767032027 -0.1524231583 0.4562441409
8.2 99.7 2658.1 0.4851321280 0.2781198919 -0.8290332556 0.0085271001 0.9465227127 0.3225245178 0.8743993044 -0.1635362506 0.4568170309
-4.6 286.4 2502.7 -0.2154364139 -0.1232084334 -0.9687139988 0.8904842734 0.3823508620 -0.2466688752 0.4007803202 -0.9157660604 0.0273428801
50.8 57.7 2399.8 -0.8962106705 -0.1232084334 -0.4261761308 0.3534232676 0.3823508620 -0.8537563086 0.2681387961 -0.9157660604 -0.2991221845
131.8 288.9 2748.3 0.1796741635 0.9767411351 -0.1170213148 -0.7862004042 0.2140771449 0.5797067285 0.5912749767 -0.0121561214 0.8063783646
201.9 -18.0 2979.1 0.0256290715 0.9767411351 0.2128848135 -0.1728445888 0.2140771449 -0.9614030123 -0.9846156240 -0.0121561214 0.1743110120
-89.6 -85.0 2603.7 0.6754999757 0.0433785245 -0.7360829115 -0.0555739142 0.9984238148 0.0078387521 0.7352627516 0.0356119350 0.6768459678
-106.8 -481.6 2589.6 0.6824714541 0.0769117326 -0.7268543839 0.0132774469 0.9929795861 0.1175383478 0.7307916284 -0.0898673385 0.6766590476
-0.7 -88.8 2763.5 0.8294712305 -0.1332174093 -0.5424302220 0.0754933059 0.9889687896 -0.1274419129 0.5534240603 0.0647595525 0.8303782344
52.2 -481.6 2737.8 0.8236731887 0.1288200319 -0.5522390008 0.0228891242 0.9655088186 0.2593623996 0.5666027069 -0.2262701094 0.7923151255
282.7 -33.8 2330.4 0 0 0 0 0 0 0 0 0
209.1 -66.6 2702.8 0 0 0 0 0 0 0 0 0
-127.5 -748.0 2613.7 0 0 0 0 0 0 0 0 0
18.6 -733.7 2796.9 0 0 0 0 0 0 0 0 0
119.3 477.9 2598.1 4 0.4823389947 0.2858074009 -0.8280478716 -0.0024283936 0.9457092881 0.3250046670 0.8759812713 -0.1547515988 0.4568465054
62.5 290.0 2628.8 0.4823389947 0.2858074009 -0.8280478716 -0.0024283936 0.9457092881 0.3250046670 0.8759812713 -0.1547515988 0.4568465054
7.6 102.0 2662.7 0.4875731468 0.2758206427 -0.8283691406 0.0152012305 0.9459614754 0.3239225447 0.8729497790 -0.1705281585 0.4570325911
-6.1 287.9 2506.1 -0.2821237743 -0.1681990623 -0.9445185065 0.8752396107 0.3580574095 -0.3251930177 0.3928889930 -0.9184247255 0.0461979732
69.7 52.9 2400.6 -0.8846670985 -0.1681990623 -0.4348254204 0.3561512828 0.3580574095 -0.8631055355 0.3008660078 -0.9184247255 -0.2568573058
131.1 292.1 2751.5 0.1831687242 0.9762251973 -0.1159031764 -0.7818639874 0.2161302119 0.5847874880 0.5959345102 -0.0164942592 0.8028636575
202.6 -13.3 2984.3 0.0230905544 0.9762251973 0.2155252993 -0.1793544143 0.2161302119 -0.9597498178 -0.9835135341 -0.0164942592 0.1800808758
-91.6 -89.1 2610.5 0.6770048141 0.0435654856 -0.7346880436 -0.0651162639 0.9978773594 -0.0008316687 0.7330923080 0.0484031849 0.6784046292
-108.9 -485.7 2591.3 0.6862066984 0.0744176283 -0.7235898972 0.0222122353 0.9921454191 0.1231019050 0.7270673513 -0.1005459055 0.6791638732
-2.7 -87.5 2770.7 0.8323081732 -0.1402416825 -0.5362792015 0.0704473332 0.9863829613 -0.1486130953 0.5498183966 0.0859124511 0.8308542371
