-367.8 523.6 2597.1 61 0.5892624259 0.0722093582 -0.8047084212 0.0038379626 0.9957366586 0.0921614245 0.8079326153 -0.0573957041 0.5864730477
-382.6 320.4 2608.8 0.5892624259 0.0722093582 -0.8047084212 0.0038379626 0.9957366586 0.0921614245 0.8079326153 -0.0573957041 0.5864730477
-396.8 125.6 2622.8 0.5900580287 0.0728259832 -0.8040695786 0.0147573752 0.9947841763 0.1009288803 0.8072259426 -0.0714198574 0.5859056711
-466.7 318.3 2493.8 -0.3059165180 0.3120343983 -0.8994718790 0.8778243065 0.4581865370 -0.1396052539 0.3685642481 -0.8322858214 -0.4140782058
-372.6 48.2 2380.4 -0.7928323150 0.3120343983 -0.5234992504 0.6082774401 0.4581865370 -0.6481232047 0.0376235880 -0.8322858214 -0.5530685782
-298.5 322.5 2723.9 0.7869282961 0.4849133790 0.3815794885 -0.6152329445 0.6639546752 0.4250325263 -0.0472475290 -0.5692303777 0.8208193779
-73.9 146.9 2710.4 0.2169680446 0.4849133790 0.8472212553 -0.7218574882 0.6639546752 -0.1951562017 -0.6571503878 -0.5692303777 0.4940952957
-463.9 -73.5 2565.0 -0.5054140687 0.1990683526 0.8396001458 0.0978165269 0.9799699187 -0.1734672785 -0.8573147058 -0.0055460380 -0.5147627592
-541.9 -457.3 2567.2 -0.4992395937 -0.1401019692 0.8550621271 0.0506023802 0.9804422855 0.1901903898 -0.8649851084 0.1382187456 -0.4823860824
-358.5 -69.7 2711.8 -0.9016337991 0.0017921533 -0.4324965775 -0.0016070266 0.9999706149 0.0074938168 0.4324972928 0.0074517122 -0.9016044140
-359.2 -461.1 2708.9 -0.8908272982 0.1584857404 -0.4258039296 0.0889698491 0.9798936844 0.1785854846 0.4455458522 0.1212051064 -0.8870164752
-144.9 -126.5 2369.6 0 0 0 0 0 0 0 0 0
-14.2 -51.8 2529.6 0 0 0 0 0 0 0 0 0
-496.6 -774.5 2522.5 0 0 0 0 0 0 0 0 0
-418.9 -829.9 2663.2 0 0 0 0 0 0 0 0 0
-367.6 520.4 2598.2 62 0.5862182379 0.0735156238 -0.8068107963 0.0011875122 0.9957953095 0.0915984958 0.8101522923 -0.0546548069 0.5836660862
-382.5 317.7 2609.3 0.5862182379 0.0735156238 -0.8068107963 0.0011875122 0.9957953095 0.0915984958 0.8101522923 -0.0546548069 0.5836660862
-397.0 122.9 2622.8 0.5870348215 0.0738728642 -0.8061841726 0.0122162197 0.9949062467 0.1000614092 0.8094695210 -0.0685880482 0.5831421614
-466.2 316.0 2494.0 -0.3027850986 0.3312603533 -0.8936373591 0.8722899556 0.4740828574 -0.1198154241 0.3839680552 -0.8157892227 -0.4325003028
-375.2 53.7 2378.5 -0.7795733213 0.3312603533 -0.5315374136 0.6245887280 0.4740828574 -0.6205919385 0.0464152507 -0.8157892227 -0.5764838457
-298.9 319.5 2724.7 0.8144612908 0.4637766480 0.3486602902 -0.5797919631 0.6735526323 0.4584409595 -0.0222268589 -0.5755328536 0.8174765706
-75.3 160.3 2718.6 0.2504512072 0.4637766480 0.8498149514 -0.7227974534 0.6735526323 -0.1545659900 -0.6440792084 -0.5755328536 0.5039086342
-464.5 -70.6 2563.9 -0.5041996837 0.1961753815 0.8410100341 0.0901008397 0.9804916382 -0.1746941060 -0.8588739634 -0.0123050110 -0.5120391250
-541.3 -454.6 2568.7 -0.4997807145 -0.1370308250 0.8552436829 0.0564090125 0.9801604152 0.1900093704 -0.8643131852 0.1432064772 -0.4821355045
-357.8 -67.9 2709.8 -0.9032582641 0.0050614742 -0.4290674627 -0.0036250763 0.9998047352 0.0194255374 0.4290820062 0.0191016793 -0.9030635357
-359.8 -459.4 2702.3 -0.8927088976 0.1519384384 -0.4242470562 0.0925019607 0.9831820130 0.1574691385 0.4410376847 0.1013304070 -0.8917499185
-152.3 -124.8 2365.3 0 0 0 0 0 0 0 0 0
-7.2 -36.2 2543.5 0 0 0 0 0 0 0 0 0
-496.5 -775.1 2521.9 0 0 0 0 0 0 0 0 0
-417.0 -829.5 2664.1 0 0 0 0 0 0 0 0 0
-368.6 517.1 2600.2 63 0.5788347125 0.0736387968 -0.8121131063 -0.0050268220 0.9962174296 0.0867496803 0.8154293895 -0.0461313836 0.5770154595
-383.5 315.1 2609.6 0.5788347125 0.0736387968 -0.8121131063 -0.0050268220 0.9962174296 0.0867496803 0.8154293895 -0.0461313836 0.5770154595
-398.2 120.1 2621.4 0.5796240568 0.0749273598 -0.8114319444 0.0055545331 0.9953773618 0.0958805382 0.8148650527 -0.0600817949 0.5765284896
-466.1 314.3 2493.5 -0.3033781052 0.3609126210 -0.8818751574 0.8682117462 0.4860634208 -0.0997533351 0.3926450312 -0.7959173322 -0.4608095884
-376.1 56.7 2377.0 -0.7713956833 0.3609126210 -0.5241094828 0.6352124810 0.4860634208 -0.6002061367 0.0381284803 -0.7959173322 -0.6042034626
-300.9 315.9 2725.7 0.8275880814 0.3924188018 0.4013794959 -0.5592162013 0.6384476423 0.5288306475 -0.0487367213 -0.6621118188 0.7478185892
-71.6 160.9 2712.2 0.2338751256 0.3924188018 0.8895559907 -0.7654546499 0.6384476423 -0.0803974792 -0.5994844437 -0.6621118188 0.4496958256
-464.5 -73.1 2563.0 -0.4970666170 0.1917333752 0.8462641835 0.0932186693 0.9814370871 -0.1676052809 -0.8626905680 -0.0044233687 -0.5057127476
-539.6 -457.5 2564.8 -0.4918641150 -0.1334347874 0.8603864312 0.0517415181 0.9819605350 0.1818688512 -0.8691331744 0.1339724660 -0.4760870337
-358.4 -70.9 2709.4 -0.9070884585 0.0081405826 -0.4208613038 0.0011365260 0.9998567104 0.0168903302 0.4209384918 0.0148427039 -0.9069677591
-361.6 -462.4 2703.5 -0.8980228901 0.1465317160 -0.4148293436 0.0829901025 0.9823969007 0.1673586965 0.4320504069 0.1158652082 -0.8943755627
-156.6 -124.0 2366.1 0 0 0 0 0 0 0 0 0
-9.0 -43.9 2551.8 0 0 0 0 0 0 0 0 0
-496.4 -775.7 2521.3 0 0 0 0 0 0 0 0 0
-416.8 -832.3 2659.9 0 0 0 0 0 0 0 0 0
-367.0 516.8 2599.8 64 0.5737579465 0.0757702962 -0.8155125380 -0.0039774626 0.9959575534 0.0897373036 0.8190152645 -0.0482438169 0.5717399120
-382.4 315.0 2609.5 0.5737579465 0.0757702962 -0.8155125380 -0.0039774626 0.9959575534 0.0897373036 0.8190152645 -0.0482438169 0.5717399120
-397.1 120.1 2621.8 0.5746818185 0.0751263350 -0.8149213791 0.0082138889 0.9951978922 0.0975381732 0.8183357120 -0.0627470911 0.5713050961
-464.3 313.8 2492.9 -0.2981195748 0.3491197526 -0.8883918524 0.8689034581 0.4845324159 -0.1011685207 0.3951347470 -0.8020871282 -0.4477999508
-376.4 57.8 2376.5 -0.7680408955 0.3491197526 -0.5368692875 0.6383416057 0.4845324159 -0.5981206894 0.0513148271 -0.8020871282 -0.5949983597
-300.5 316.2 2726.2 0.8309684992 0.4375411272 0.3435827792 -0.5557155013 0.6816119552 0.4760099351 -0.0259161983 -0.5864835382 0.8095464110
-72.4 163.7 2719.0 0.2768522799 0.4375411272 0.8555177450 -0.7226615548 0.6816119552 -0.1147407442 -0.6333348751 -0.5864835382 0.5048999786
-465.2 -75.3 2559.5 -0.4932211041 0.1937970966 0.8480422497 0.0834562778 0.9809136391 -0.1756231189 -0.8658914566 -0.0158465859 -0.4999808967
-541.1 -459.5 2565.7 -0.4890978932 -0.1392834038 0.8610362411 0.0527622774 0.9806354642 0.1886008531 -0.8706315756 0.1376745105 -0.4722778201
-360.4 -74.3 2706.8 -0.9096406102 -0.0002829187 -0.4153960049 -0.0033693884 0.9999719262 0.0066972761 0.4153824449 0.0074917451 -0.9096159935
-360.3 -466.0 2703.8 -0.9001341462 0.1510833651 -0.4085735679 0.0791063011 0.9790267348 0.1877467930 0.4283698499 0.1366765499 -0.8932070136
-158.4 -123.3 2361.9 0 0 0 0 0 0 0 0 0
0.6 -26.8 2552.1 0 0 0 0 0 0 0 0 0
-496.2 -776.2 2521.2 0 0 0 0 0 0 0 0 0
-417.2 -834.6 2652.4 0 0 0 0 0 0 0 0 0
-367.1 517.0 2600.0 65 0.5725017786 0.0709653273 -0.8168265820 0.0005466249 0.9962139726 0.0869335011 0.8199033141 -0.0502160825 0.5702955127
-381.5 314.7 2610.2 0.5725017786 0.0709653273 -0.8168265820 0.0005466249 0.9962139726 0.0869335011 0.8199033141 -0.0502160825 0.5702955127
-395.5 119.8 2622.8 0.5732855201 0.0716569498 -0.8162162304 0.0114908852 0.9953673482 0.0954557657 0.8192750812 -0.0641024560 0.5698062778
-463.2 313.1 2493.5 -0.2883193791 0.3326752484 -0.8978859186 0.8735149503 0.4754879177 -0.1043208688 0.3922289610 -0.8143945336 -0.4276891947
-378.1 55.2 2377.7 -0.7737755775 0.3326752484 -0.5390719771 0.6312810779 0.4754879177 -0.6126952171 0.0524936877 -0.8143945336 -0.5779325366
-299.8 316.4 2727.0 0.8245668411 0.3911268711 0.4087900817 -0.5610563755 0.6583207846 0.5018261075 -0.0728373379 -0.6431434155 0.7622737288
-65.9 157.2 2706.3 0.2645403445 0.3911268711 0.8814976811 -0.7497406602 0.6583207846 -0.0671020672 -0.6065536737 -0.6431434155 0.4673961103
-463.7 -75.6 2560.1 -0.4909872413 0.2045264989 0.8468178511 0.0858035386 0.9786772132 -0.1866245270 -0.8669309616 -0.0189702939 -0.4980671108
-543.8 -458.9 2567.6 -0.4862678051 -0.1454749703 0.8616151214 0.0521190763 0.9794600010 0.1947862059 -0.8722540736 0.1396248490 -0.4686978757
-359.8 -74.1 2708.1 -0.9103110433 0.0011596825 -0.4139232039 -0.0073706061 0.9997920990 0.0190107394 0.4138591886 0.0203565508 -0.9101132751
-360.3 -465.7 2700.1 -0.8993524909 0.1530877352 -0.4095476270 0.0938922465 0.9824683070 0.1610597223 0.4270238280 0.1063961238 -0.8979590535
-159.5 -123.1 2362.8 0 0 0 0 0 0 0 0 0
3.1 -38.4 2548.1 0 0 0 0 0 0 0 0 0
-496.9 -774.9 2522.5 0 0 0 0 0 0 0 0 0
-417.9 -835.5 2660.1 0 0 0 0 0 0 0 0 0
-367.7 516.6 2600.6 66 0.5757523775 0.0682069510 -0.8147742152 0.0028598967 0.9963403344 0.0854272544 0.8176190853 -0.0515151173 0.5734502673
-381.6 314.2 2611.1 0.5757523775 0.0682069510 -0.8147742152 0.0028598967 0.9963403344 0.0854272544 0.8176190853 -0.0515151173 0.5734502673
-395.0 119.2 2624.0 0.5765529871 0.0682980195 -0.8142002225 0.0145422528 0.9954845905 0.0938024893 0.8169303536 -0.0659224093 0.5729564428
-463.7 312.1 2494.7 -0.2908706665 0.3495114148 -0.8906379938 0.8686171174 0.4867411554 -0.0926679969 0.4011216462 -0.8005778193 -0.4451703131
-377.9 55.7 2376.3 -0.7723820210 0.3495114148 -0.5303468108 0.6333519220 0.4867411554 -0.6016215086 0.0478680506 -0.8005778193 -0.5973138213
-299.4 316.3 2727.5 0.8343783021 0.3456549942 0.4293431044 -0.5453096628 0.6311552525 0.5516161323 -0.0803132653 -0.6943814754 0.7151112556
-60.3 160.0 2704.5 0.2395732850 0.3456549942 0.9072636366 -0.7748271823 0.6311552525 -0.0358595774 -0.5850192308 -0.6943814754 0.4190308154
-461.4 -76.2 2561.3 -0.4912459850 0.2001587600 0.8477109671 0.1000342667 0.9797633886 -0.1733690053 -0.8652575016 -0.0003666790 -0.5013275743
-539.7 -459.9 2561.4 -0.4839548171 -0.1352586001 0.8645766973 0.0406614728 0.9834398031 0.1766147614 -0.8741477728 0.1206285283 -0.4704406261
-357.7 -74.1 2709.4 -0.9085836411 0.0067386660 -0.4176486731 -0.0012367433 0.9998220801 0.0188224036 0.4177011847 0.0176182520 -0.9084136486
-360.4 -465.8 2702.5 -0.8977190256 0.1545018405 -0.4125891030 0.0961983874 0.9826362133 0.1586565971 0.4299377501 0.1027386263 -0.8969940543
-160.0 -123.0 2362.8 0 0 0 0 0 0 0 0 0
2.1 -41.9 2552.1 0 0 0 0 0 0 0 0 0
-496.6 -774.0 2522.9 0 0 0 0 0 0 0 0 0
-418.5 -835.8 2663.8 0 0 0 0 0 0 0 0 0
-367.7 516.7 2600.0 67 0.5792167187 0.0711673200 -0.8120610714 0.0043550436 0.9958974123 0.0903846622 0.8151619434 -0.0558888726 0.5765305161
-382.1 314.5 2611.3 0.5792167187 0.0711673200 -0.8120610714 0.0043550436 0.9958974123 0.0903846622 0.8151619434 -0.0558888726 0.5765305161
-395.9 119.6 2624.9 0.5800208449 0.0703641921 -0.8115569949 0.0156664997 0.9951145649 0.0974759981 0.8144509792 -0.0692523643 0.5760847926
-464.8 312.3 2495.2 -0.2937808931 0.3579852581 -0.8863065839 0.8655616045 0.4930536151 -0.0877569243 0.4055809677 -0.7929342389 -0.4547080398
-378.0 56.5 2375.4 -0.7710034847 0.3579852581 -0.5266879797 0.6351067424 0.4930536151 -0.5945902467 0.0468308479 -0.7929342389 -0.6075049043
-299.5 316.8 2727.4 0.8286841512 0.3048733473 0.4693983197 -0.5497022271 0.6012313366 0.5799554586 -0.1054040194 -0.7386292219 0.6658204794
-56.7 155.7 2696.5 0.2028280348 0.3048733473 0.9305444956 -0.7987473607 0.6012313366 -0.0228802115 -0.5664480925 -0.7386292219 0.3654633462
-460.4 -77.1 2563.1 -0.4944106936 0.2022162080 0.8453795910 0.0997106507 0.9793372154 -0.1759444326 -0.8634905219 -0.0026954571 -0.5043578744
-539.6 -460.7 2564.1 -0.4880046844 -0.1322189420 0.8627685308 0.0468956903 0.9830607176 0.1771791130 -0.8715803027 0.1269243658 -0.4735377431
-356.2 -74.4 2710.8 -0.9067662954 0.0113533502 -0.4214807153 0.0071200402 0.9999071956 0.0116163883 0.4215734601 0.0075323898 -0.9067629576
-360.7 -466.1 2707.8 -0.8971472383 0.1542327106 -0.4139312208 0.0877429768 0.9806136489 0.1752086580 0.4329295158 0.1208683997 -0.8932876587
-160.3 -122.9 2362.1 0 0 0 0 0 0 0 0 0
-2.1 -59.3 2544.0 0 0 0 0 0 0 0 0 0
-497.5 -773.7 2523.7 0 0 0 0 0 0 0 0 0
-418.7 -835.3 2662.3 0 0 0 0 0 0 0 0 0
-367.0 517.7 2598.6 68 0.5746046305 0.0741201863 -0.8150679469 0.0053450782 0.9955295920 0.0942990631 0.8184136748 -0.0585412830 0.5716397166
-382.0 315.5 2610.5 0.5746046305 0.0741201863 -0.8150679469 0.0053450782 0.9955295920 0.0942990631 0.8184136748 -0.0585412830 0.5716397166
-396.0 120.6 2624.5 0.5754846931 0.0715158507 -0.8146795630 0.0173731521 0.9948752522 0.0996064395 0.8176279664 -0.0714755356 0.5712930560
-464.1 313.0 2494.0 -0.2944062948 0.3265412152 -0.8981624246 0.8725447059 0.4752308130 -0.1132314205 0.3898597360 -0.8170229793 -0.4248327613
-377.8 57.3 2379.7 -0.7685359716 0.3265412152 -0.5502029657 0.6366804242 0.4752308130 -0.6072838902 0.0631701872 -0.8170229793 -0.5731343627
-300.0 318.0 2727.0 0.8187650442 0.2895897031 0.4957434833 -0.5604918003 0.5902521610 0.5809056163 -0.1243893877 -0.7534853816 0.6455904841
-57.9 152.2 2690.3 0.2104679942 0.2895897031 0.9337242842 -0.8072181344 0.5902521610 -0.0011109899 -0.5514545441 -0.7534853816 0.3579912484
-462.1 -76.7 2564.8 -0.4885177612 0.2011426687 0.8490536213 0.1026369333 0.9795584083 -0.1730056107 -0.8664964437 0.0026279432 -0.4991763532
-540.9 -460.4 2563.8 -0.4810320735 -0.1372846812 0.8658874631 0.0426993966 0.9828225374 0.1795455664 -0.8756625652 0.1233400479 -0.4669071734
-357.3 -73.9 2712.1 -0.9091648459 0.0073348805 -0.4163717628 0.0018153301 0.9999051690 0.0136506632 0.4164324105 0.0116548510 -0.9090919495
-360.1 -465.5 2707.5 -0.8989252448 0.1567344218 -0.4091059864 0.0874936208 0.9792290926 0.1829078197 0.4292764366 0.1286262870 -0.8939670324
-160.4 -122.8 2361.8 0 0 0 0 0 0 0 0 0
-0.3 -68.6 2539.4 0 0 0 0 0 0 0 0 0
-497.0 -774.5 2524.4 0 0 0 0 0 0 0 0 0
-419.2 -834.3 2659.1 0 0 0 0 0 0 0 0 0
-366.9 516.7 2600.4 69 0.5703063011 0.0726127028 -0.8182164431 0.0047945767 0.9957740307 0.0917119458 0.8214181066 -0.0562269054 0.5675480366
-381.6 314.9 2611.8 0.5703063011 0.0726127028 -0.8182164431 0.0047945767 0.9957740307 0.0917119458 0.8214181066 -0.0562269054 0.5675480366
-395.6 120.0 2625.7 0.5712166429 0.0713744983 -0.8176901937 0.0173803344 0.9949368834 0.0989874452 0.8206152916 -0.0707550049 0.5670839548
-463.0 312.4 2494.9 -0.2901170850 0.3270327449 -0.8993784785 0.8715962768 0.4783564806 -0.1072148532 0.3951607645 -0.8149997592 -0.4238198996
-378.1 57.4 2379.3 -0.7689141631 0.3270327449 -0.5493819714 0.6360607147 0.4783564806 -0.6054764986 0.0647897869 -0.8149997592 -0.5758277774
-300.2 317.4 2728.8 0.8225893974 0.2624411285 0.5044515729 -0.5531829596 0.5747386217 0.6030457020 -0.1316637844 -0.7751129866 0.6179518700
-55.6 152.9 2689.6 0.1781456470 0.2624411285 0.9483610988 -0.8183196783 0.5747386217 -0.0053302106 -0.5464586020 -0.7751129866 0.3171479404
-462.1 -75.8 2564.6 -0.4850863218 0.2057674378 0.8499123454 0.0977389812 0.9785891771 -0.1811362505 -0.8689869642 -0.0047971513 -0.4948117137
-542.7 -459.1 2566.5 -0.4782669544 -0.1445860416 0.8662306666 0.0472319610 0.9806920290 0.1897691488 -0.8769434690 0.1316740960 -0.4622035027
-358.0 -72.7 2712.4 -0.9112916589 0.0054963841 -0.4117248058 0.0056073829 0.9999838471 0.0009383311 0.4117233157 -0.0014536052 -0.9113077521
-360.2 -464.3 2713.0 -0.9026311040 0.1519410163 -0.4027046561 0.0769085512 0.9774976373 0.1964266747 0.4234881103 0.1463293880 -0.8940052986
-160.3 -122.7 2360.9 0 0 0 0 0 0 0 0 0
-5.1 -79.0 2534.8 0 0 0 0 0 0 0 0 0
-496.2 -774.5 2524.1 0 0 0 0 0 0 0 0 0
-417.4 -832.4 2657.9 0 0 0 0 0 0 0 0 0
-367.7 515.0 2600.9 70 0.5779139400 0.0690486878 -0.8131713867 0.0047252751 0.9961144924 0.0879411101 0.8160840273 -0.0546648540 0.5753421783
-381.7 314.0 2611.9 0.5779139400 0.0690486878 -0.8131713867 0.0047252751 0.9961144924 0.0879411101 0.8160840273 -0.0546648540 0.5753421783
-394.7 119.0 2624.9 0.5786720514 0.0664949715 -0.8128450513 0.0158644840 0.9955642819 0.0927364305 0.8154060245 -0.0665593520 0.5750502944
-464.1 311.8 2495.7 -0.2932411432 0.3092083037 -0.9046545625 0.8712145090 0.4760915637 -0.1196749434 0.3936939240 -0.8232417703 -0.4089964032
-378.2 56.3 2380.3 -0.7707024217 0.3092083037 -0.5571427345 0.6326023936 0.4760915637 -0.6108609438 0.0763676837 -0.8232417703 -0.5625308156
-299.2 316.3 2728.1 0.8386902809 0.2983014584 0.4556477368 -0.5331307054 0.6205625534 0.5750424266 -0.1112219319 -0.7252022624 0.6794934273
-59.5 163.9 2696.3 0.2048498988 0.2983014584 0.9322299957 -0.7837138772 0.6205625534 -0.0263572484 -0.5863694549 -0.7252022624 0.3609051704
-461.2 -76.4 2565.4 -0.4940039217 0.2057960480 0.8447532654 0.0973395705 0.9785667658 -0.1814719737 -0.8639937043 -0.0074199480 -0.5034479499
-541.8 -459.7 2568.3 -0.4880783856 -0.1436055005 0.8609046936 0.0536527522 0.9795693755 0.1938173920 -0.8711491823 0.1407879889 -0.4704018235
-357.9 -73.3 2713.7 -0.9074788094 0.0054951953 -0.4200619161 -0.0010504213 0.9998816252 0.0153495939 0.4200965464 0.0143706733 -0.9073656201
-360.1 -464.9 2708.1 -0.8968886733 0.1555264741 -0.4140075743 0.0907514766 0.9809261560 0.1718954444 0.4328451455 0.1165992767 -0.8938958049
-160.2 -122.6 2358.6 0 0 0 0 0 0 0 0 0
-2.5 -53.9 2533.4 0 0 0 0 0 0 0 0 0
-495.8 -773.7 2523.2 0 0 0 0 0 0 0 0 0
-418.6 -834.2 2664.2 0 0 0 0 0 0 0 0 0
-368.5 514.4 2600.1 71 0.5834394693 0.0681377426 -0.8092933297 0.0037500199 0.9962377548 0.0865808502 0.8121479750 -0.0535495467 0.5809888840
-382.3 313.1 2610.9 0.5834394693 0.0681377426 -0.8092933297 0.0037500199 0.9962377548 0.0865808502 0.8121479750 -0.0535495467 0.5809888840
-395.6 118.2 2624.0 0.5841959119 0.0677394792 -0.8087808490 0.0148384776 0.9954528809 0.0940922797 0.8114770055 -0.0669694021 0.5805343390
-465.6 311.0 2495.2 -0.3007260263 0.3010558188 -0.9049471021 0.8708335757 0.4735672176 -0.1318443567 0.3888607621 -0.8277073503 -0.4045835137
-378.1 57.7 2382.1 -0.7676703334 0.3010558188 -0.5657275915 0.6352823377 0.4735672176 -0.6100413799 0.0842535272 -0.8277073503 -0.5547989607
-299.0 315.3 2726.5 0.8393685818 0.2931295037 0.4577504396 -0.5321955681 0.6145056486 0.5823664665 -0.1105814502 -0.7324328423 0.6717990041
-57.4 162.0 2694.7 0.1820755154 0.2931295037 0.9385753274 -0.7879446745 0.6145056486 -0.0390637890 -0.5882105827 -0.7324328423 0.3428562582
-460.0 -77.4 2564.2 -0.4999579489 0.2156487256 0.8387715220 0.0968719944 0.9763498902 -0.1932787299 -0.8606148362 -0.0153777646 -0.5090242028
-544.5 -459.8 2570.3 -0.4940983355 -0.1521817446 0.8559833765 0.0566058084 0.9768409729 0.2063430250 -0.8675612807 0.1504073739 -0.4740411639
-355.4 -74.5 2711.7 -0.9045285583 0.0141178882 -0.4261792898 0.0089528300 0.9998602271 0.0141204055 0.4263190627 0.0089567993 -0.9045284986
-360.9 -466.1 2708.2 -0.8961018920 0.1529816538 -0.4166510105 0.0766875669 0.9779703021 0.1941472292 0.4371732473 0.1420237422 -0.8880928159
-160.1 -122.6 2358.2 0 0 0 0 0 0 0 0 0
-6.5 -58.0 2530.4 0 0 0 0 0 0 0 0 0
-495.6 -773.8 2521.9 0 0 0 0 0 0 0 0 0
-418.5 -834.3 2654.7 0 0 0 0 0 0 0 0 0
-368.3 513.8 2599.7 72 0.5869643688 0.0709440857 -0.8064984679 0.0064733797 0.9957102537 0.0922994912 0.8095868826 -0.0593972877 0.5839871764
-382.6 313.7 2611.6 0.5869643688 0.0709440857 -0.8064984679 0.0064733797 0.9957102537 0.0922994912 0.8095868826 -0.0593972877 0.5839871764
-396.9 118.9 2625.6 0.5875730515 0.0729617923 -0.8058749437 0.0148927895 0.9947826862 0.1009235159 0.8090340495 -0.0713016689 0.5834209323
-466.3 311.6 2496.3 -0.3016677499 0.3089979589 -0.9019516706 0.8698714375 0.4764600396 -0.1277085990 0.3902822137 -0.8231076002 -0.4125211239
-378.4 58.2 2382.6 -0.7671853900 0.3089979589 -0.5620914698 0.6363713145 0.4764600396 -0.6066443920 0.0803622454 -0.8231076002 -0.5621706247
-298.8 315.8 2726.9 0.8486133218 0.3249371648 0.4174581468 -0.5214539170 0.6467271447 0.5566236377 -0.0891138092 -0.6900433898 0.7182610035
-58.7 168.3 2701.7 0.2007866502 0.3249371648 0.9241756201 -0.7601785064 0.6467271447 -0.0622305684 -0.6179104447 -0.6900433898 0.3768644035
-461.6 -78.1 2563.8 -0.5035030246 0.2050337493 0.8393127322 0.0934780762 0.9786592722 -0.1829969585 -0.8589217067 -0.0136821829 -0.5119240880
-541.9 -461.5 2569.1 -0.4980204701 -0.1443531960 0.8550659418 0.0535171367 0.9790512919 0.1964548081 -0.8655123115 0.1435991973 -0.4798622131
-356.0 -75.5 2710.5 -0.9028533697 0.0173234195 -0.4295994341 0.0084500853 0.9997099042 0.0225540474 0.4298655391 0.0167328473 -0.9027378559
-362.8 -467.0 2703.9 -0.8943096399 0.1482730955 -0.4221674800 0.0816054866 0.9817235470 0.1719285101 0.4399441481 0.1193061396 -0.8900647163
-160.5 -122.6 2359.8 0 0 0 0 0 0 0 0 0
-3.3 -41.5 2531.2 0 0 0 0 0 0 0 0 0
-495.9 -773.6 2523.3 0 0 0 0 0 0 0 0 0
-418.6 -836.6 2659.0 0 0 0 0 0 0 0 0 0
-368.1 514.5 2600.0 73 0.5747879744 0.0677886382 -0.8154897094 0.0045125824 0.9962850809 0.0859981254 0.8182899356 -0.0531106554 0.5723468065
-381.7 313.7 2610.7 0.5747879744 0.0677886382 -0.8154897094 0.0045125824 0.9962850809 0.0859981254 0.8182899356 -0.0531106554 0.5723468065
-394.6 118.7 2623.2 0.5754628778 0.0658976063 -0.8151686788 0.0145689640 0.9957642555 0.0907816663 0.8176981211 -0.0641176403 0.5720652938
-463.7 311.6 2494.1 -0.2953284085 0.3137513697 -0.9024085402 0.8715637326 0.4753821492 -0.1199520081 0.3913538158 -0.8219317794 -0.4138481617
-378.0 58.8 2380.6 -0.7660065293 0.3137513697 -0.5610650778 0.6382364631 0.4753821492 -0.6055295467 0.0767345950 -0.8219317794 -0.5643934011
-299.7 315.8 2727.2 0.8466984034 0.3980208039 0.3531022668 -0.5300927162 0.6882248521 0.4953264296 -0.0458635092 -0.6065690517 0.7937068343
-65.8 169.4 2714.5 0.2229087949 0.3980208039 0.8898826241 -0.7139387727 0.6882248521 -0.1289884448 -0.6637794375 -0.6065690517 0.4375738502
-464.3 -77.3 2566.4 -0.4912061989 0.2017540783 0.8473557234 0.0964901000 0.9794217944 -0.1772641540 -0.8656824827 -0.0053118104 -0.5005653501
-543.3 -460.9 2568.5 -0.4850492179 -0.1495133936 0.8616107106 0.0531241372 0.9784181118 0.1996892840 -0.8728717566 0.1426314563 -0.4666381776
-358.0 -74.6 2712.7 -0.9090418220 0.0135549167 -0.4164844155 0.0054812469 0.9997732639 0.0205749869 0.4166688919 0.0164206680 -0.9089099765
-363.4 -466.2 2706.2 -0.9007832408 0.1444905102 -0.4095266461 0.0788064376 0.9817559123 0.1730458736 0.4270586967 0.1236034781 -0.8957360387
-160.4 -122.6 2358.8 0 0 0 0 0 0 0 0 0
-5.0 -25.4 2533.4 0 0 0 0 0 0 0 0 0
-495.4 -774.2 2522.8 0 0 0 0 0 0 0 0 0
-417.8 -835.9 2659.7 0 0 0 0 0 0 0 0 0
-366.2 517.1 2601.6 74 0.5745798349 0.0724872276 -0.8152322173 -0.0016255673 0.9961693883 0.0874297321 0.8184469342 -0.0489101484 0.5724966526
-380.9 315.6 2611.5 0.5745798349 0.0724872276 -0.8152322173 -0.0016255673 0.9961693883 0.0874297321 0.8184469342 -0.0489101484 0.5724966526
-394.6 120.6 2623.5 0.5753717422 0.0703466609 -0.8148611784 0.0094170747 0.9956584573 0.0926042050 0.8178378344 -0.0609554499 0.5722112656
-462.8 314.2 2495.0 -0.2879757881 0.3199142814 -0.9026210904 0.8739333153 0.4731739461 -0.1111169830 0.3915488720 -0.8208296299 -0.4158463776
-378.1 57.2 2379.8 -0.7691165805 0.3199142814 -0.5532761812 0.6356235743 0.4731739461 -0.6099910736 0.0666510165 -0.8208296299 -0.5672709942
-298.9 316.9 2728.1 0.8501571417 0.3958858550 0.3471414447 -0.5239839554 0.7008708715 0.4839636981 -0.0517069362 -0.5933417678 0.8032882214
-63.8 172.0 2713.8 0.2132220417 0.3958858550 0.8932025433 -0.6986290216 0.7008708715 -0.1438663155 -0.6829742789 -0.5933417678 0.4260184765
-459.5 -77.6 2561.9 -0.4922964871 0.2124377191 0.8441056609 0.0935468376 0.9770559072 -0.1913394779 -0.8653861284 -0.0152323293 -0.5008740425
-542.7 -460.3 2567.9 -0.4863388538 -0.1463866085 0.8614206314 0.0505950414 0.9794940948 0.1950164139 -0.8723042011 0.1384276748 -0.4689596295
-355.5 -75.0 2709.7 -0.9090976715 0.0140592391 -0.4163457155 0.0074206004 0.9998182654 0.0175590459 0.4165169299 0.0128733525 -0.9090368152
-361.0 -466.7 2704.7 -0.8998268843 0.1519091278 -0.4089440405 0.0861909315 0.9808422327 0.1746986657 0.4276479185 0.1219512746 -0.8956813812
-160.4 -122.8 2360.9 0 0 0 0 0 0 0 0 0
-6.6 -15.4 2530.5 0 0 0 0 0 0 0 0 0
-495.9 -773.8 2523.6 0 0 0 0 0 0 0 0 0
-418.2 -836.0 2658.8 0 0 0 0 0 0 0 0 0
-366.5 518.8 2601.0 75 0.5836321712 0.0710388273 -0.8089047670 0.0043487712 0.9958781600 0.0905966908 0.8120064735 -0.0563928857 0.5809175968
-380.9 317.4 2612.4 0.5836321712 0.0710388273 -0.8089047670 0.0043487712 0.9958781600 0.0905966908 0.8120064735 -0.0563928857 0.5809175968
-394.4 122.4 2625.9 0.5844299197 0.0690717027 -0.8084990978 0.0156849101 0.9952228069 0.0963618383 0.8112925887 -0.0689979792 0.5805545449
-464.2 315.1 2496.7 -0.2907212079 0.3305192888 -0.8979076743 0.8701792955 0.4815278649 -0.1044933125 0.3978305161 -0.8117191195 -0.4276014268
-378.3 57.9 2379.2 -0.7680355906 0.3305192888 -0.5485237837 0.6370798349 0.4815278649 -0.6018804908 0.0651963577 -0.8117191195 -0.5803977251
-297.6 319.6 2728.0 0.8354629278 0.4175667763 0.3572669029 -0.5456629395 0.7074853182 0.4491286278 -0.0652198941 -0.5701776147 0.8189284801
-67.6 169.3 2710.0 0.2321565449 0.4175667763 0.8784880638 -0.6897435784 0.7074853182 -0.1540076286 -0.6858258843 -0.5701776147 0.4522613287
-460.4 -75.3 2561.5 -0.4995959699 0.2065878808 0.8412641287 0.0979774743 0.9783907533 -0.1820766181 -0.8606998920 -0.0085398098 -0.5090410709
-541.3 -458.5 2564.8 -0.4922284186 -0.1408313811 0.8589980602 0.0408459753 0.9820015430 0.1844034195 -0.8695071936 0.1258552223 -0.4776166677
-356.4 -73.6 2709.3 -0.9044729471 0.0102163833 -0.4264085591 0.0048241126 0.9998942018 0.0137239806 0.4265036583 0.0103559271 -0.9044265747
-360.4 -465.3 2705.3 -0.8952156305 0.1530695558 -0.4185197055 0.0820317715 0.9797118306 0.1828538477 0.4380180538 0.1293617040 -0.8896098733
-160.4 -122.8 2360.7 0 0 0 0 0 0 0 0 0
-6.5 -12.3 2529.4 0 0 0 0 0 0 0 0 0
-496.1 -774.0 2524.4 0 0 0 0 0 0 0 0 0
-418.0 -834.2 2656.6 0 0 0 0 0 0 0 0 0
-365.0 519.0 2601.1 76 0.5876272917 0.0729096606 -0.8058401346 0.0056002843 0.9955416322 0.0941569880 0.8091123700 -0.0598421507 0.5845991373
-379.7 318.0 2613.2 0.5876272917 0.0729096606 -0.8058401346 0.0056002843 0.9955416322 0.0941569880 0.8091123700 -0.0598421507 0.5845991373
-393.5 123.1 2627.4 0.5884665251 0.0704124719 -0.8054497242 0.0172554534 0.9948799610 0.0995794237 0.8083373904 -0.0724975616 0.5842385888
-463.5 315.5 2498.0 -0.2838320732 0.3199738264 -0.9039115310 0.8748452067 0.4723215699 -0.1075089574 0.3925368786 -0.8212971687 -0.4139875770
-378.9 54.5 2380.9 -0.7797193527 0.3199738264 -0.5381956100 0.6237159967 0.4723215699 -0.6228086948 0.0549189150 -0.8212971687 -0.5678510666
-295.8 320.4 2728.4 0.8291889429 0.3868331909 0.4034919143 -0.5506730080 0.6892224550 0.4708838761 -0.0959421918 -0.6126438379 0.7845142484
-60.8 164.3 2701.2 0.1864740402 0.3868331909 0.9030988216 -0.7091049552 0.6892224550 -0.1488037258 -0.6799982190 -0.6126438379 0.4028274417
-460.8 -73.9 2566.1 -0.5014346838 0.2007833570 0.8415754437 0.1068820655 0.9796244502 -0.1700357497 -0.8585682511 0.0046874979 -0.5126778483
-539.4 -457.6 2564.2 -0.4940338731 -0.1337584853 0.8590920568 0.0454834551 0.9827661514 0.1791701764 -0.8682521582 0.1275906116 -0.4794359803
-355.1 -71.1 2712.7 -0.9024353027 0.0087635061 -0.4307362139 -0.0014730279 0.9997245073 0.0234259460 0.4308228493 0.0217748880 -0.9021737576
-358.6 -462.7 2704.2 -0.8907175064 0.1629633456 -0.4243410528 0.0954651609 0.9797711968 0.1758828312 0.4444195926 0.1161521301 -0.8882566690
-157.7 -122.4 2365.3 0 0 0 0 0 0 0 0 0
-11.3 -23.7 2520.9 0 0 0 0 0 0 0 0 0
-496.1 -775.6 2522.9 0 0 0 0 0 0 0 0 0
-419.9 -831.6 2660.4 0 0 0 0 0 0 0 0 0
-365.5 518.8 2601.7 77 0.5942448974 0.0719432831 -0.8010600209 0.0021819740 0.9958434105 0.0910554379 0.8042811751 -0.0558571219 0.5916178823
-380.1 317.1 2613.0 0.5942448974 0.0719432831 -0.8010600209 0.0021819740 0.9958434105 0.0910554379 0.8042811751 -0.0558571219 0.5916178823
-393.5 122.2 2626.6 0.5951461196 0.0685876906 -0.8006852269 0.0149509767 0.9952336550 0.0963659510 0.8034784198 -0.0693228543 0.5912840366
-464.9 315.0 2498.5 -0.2909508944 0.3304298818 -0.8978661895 0.8701656461 0.4814907610 -0.1047778875 0.3976925015 -0.8117775321 -0.4276188910
-378.6 57.0 2380.6 -0.7730138302 0.3304298818 -0.5415400863 0.6315509677 0.4814907610 -0.6077088714 0.0599413663 -0.8117775321 -0.5808823109
-295.3 319.3 2727.5 0.8216067553 0.3414438069 0.4564848542 -0.5561931729 0.6556642056 0.5106403828 -0.1249457672 -0.6734393835 0.7286068797
-57.0 158.0 2691.3 0.1472146958 0.3414438069 0.9283016324 -0.7449628711 0.6556642056 -0.1230235919 -0.6506597996 -0.6734393835 0.3508863747
-460.4 -73.3 2568.5 -0.5086103082 0.1970003545 0.8381565213 0.1098642275 0.9803639650 -0.1637569666 -0.8539586663 0.0087949410 -0.5202665329
-537.6 -457.3 2565.1 -0.5020949244 -0.1225324869 0.8560878634 0.0501835383 0.9841153622 0.1702897549 -0.8633552790 0.1284631491 -0.4879702032
-354.1 -70.2 2714.7 -0.8987257481 0.0131956888 -0.4383125901 0.0047077192 0.9997798800 0.0204462204 0.4384858906 0.0163120925 -0.8985900283
-359.2 -461.8 2708.3 -0.8895970583 0.1567463428 -0.4290077388 0.0768952295 0.9772601724 0.1976099312 0.4502268136 0.1428045630 -0.8814208508
-158.6 -122.7 2363.5 0 0 0 0 0 0 0 0 0
-16.9 -44.9 2514.1 0 0 0 0 0 0 0 0 0
-498.1 -774.6 2523.7 0 0 0 0 0 0 0 0 0
-418.2 -829.7 2654.5 0 0 0 0 0 0 0 0 0
-365.6 517.4 2601.0 78 0.5969889164 0.0751679316 -0.7987202406 -0.0015558560 0.9957073927 0.0925435871 0.8022479415 -0.0540048070 0.5945432782
-380.8 316.1 2611.9 0.5969889164 0.0751679316 -0.7987202406 -0.0015558560 0.9957073927 0.0925435871 0.8022479415 -0.0540048070 0.5945432782
-394.9 121.2 2625.3 0.5979677439 0.0720424801 -0.7982759476 0.0116808917 0.9950633645 0.0985519215 0.8014350533 -0.0682554469 0.5941742659
-466.0 314.4 2497.7 -0.2985616028 0.3484982252 -0.8884874582 0.8665537238 0.4890954196 -0.0993494987 0.3999320269 -0.7995840311 -0.4480175674
-377.9 58.8 2379.7 -0.7676561475 0.3484982252 -0.5378224254 0.6384167671 0.4890954196 -0.5943145156 0.0559289455 -0.7995840311 -0.5979442596
-295.5 317.7 2726.1 0.8355774879 0.3613220155 0.4138317406 -0.5406094790 0.6748002172 0.5023803711 -0.0977326334 -0.6434991360 0.7591819763
-57.7 163.9 2698.3 0.1789134741 0.3613220155 0.9151154757 -0.7274729013 0.6748002172 -0.1242088601 -0.6623995304 -0.6434991360 0.3835828304
-460.7 -74.1 2567.5 -0.5110662580 0.1934989542 0.8374780416 0.1132655665 0.9809955955 -0.1575389504 -0.8520458937 0.0143445823 -0.5232704878
-536.5 -458.3 2561.9 -0.5038021803 -0.1200622693 0.8554346561 0.0432720035 0.9855427146 0.1638079882 -0.8627345562 0.1195431948 -0.4913232625
-353.1 -71.4 2712.8 -0.8970151544 0.0191978049 -0.4415826499 0.0167393666 0.9998151064 0.0094632097 0.4416826665 0.0010968283 -0.8971706629
-360.7 -463.0 2712.4 -0.8909206986 0.1521350890 -0.4279196858 0.0619615987 0.9741312265 0.2173227072 0.4499123096 0.1671027094 -0.8773001432
-159.5 -122.9 2363.8 0 0 0 0 0 0 0 0 0
-8.4 -36.6 2515.8 0 0 0 0 0 0 0 0 0
-498.0 -774.5 2523.6 0 0 0 0 0 0 0 0 0
-417.9 -829.7 2649.5 0 0 0 0 0 0 0 0 0
-365.0 517.0 2600.1 79 0.5962346196 0.0759158209 -0.7992128134 -0.0021386133 0.9956656098 0.0929810628 0.8028073907 -0.0537293218 0.5938126445
-380.4 315.2 2611.0 0.5962346196 0.0759158209 -0.7992128134 -0.0021386133 0.9956656098 0.0929810628 0.8028073907 -0.0537293218 0.5938126445
-395.1 120.4 2624.3 0.5971162915 0.0752758235 -0.7986148596 0.0094692791 0.9948562384 0.1008532271 0.8020988107 -0.0677834079 0.5933320522
-465.5 313.9 2496.7 -0.3026862442 0.3823552728 -0.8730323315 0.8654009700 0.4940454960 -0.0836670846 0.3993271589 -0.7808479071 -0.4804314077
-374.7 54.4 2377.0 -0.7649450898 0.3823552728 -0.5183275342 0.6432782412 0.4940454960 -0.5849035382 0.0324364267 -0.7808479071 -0.6238784790
-295.3 316.6 2725.3 0.8435609341 0.3661500812 0.3928600848 -0.5279192328 0.6995822787 0.4815453589 -0.0985200629 -0.6136112213 0.7834379673
-60.3 169.5 2697.9 0.2307109833 0.3661500812 0.9015023708 -0.7070620060 0.6995822787 -0.1031890064 -0.6684577465 -0.6136112213 0.4202921391
-463.0 -74.8 2566.2 -0.5106188059 0.1903096437 0.8384811878 0.1108795926 0.9816287756 -0.1552762389 -0.8526278138 0.0136834783 -0.5223395824
-537.6 -459.3 2560.8 -0.5027679801 -0.1264978349 0.8551155925 0.0395525619 0.9848320484 0.1689419299 -0.8635160327 0.1187606081 -0.4901387095
-354.9 -72.7 2711.1 -0.8977099061 0.0116980178 -0.4404317439 0.0038549684 0.9998177290 0.0186981130 0.4405702055 0.0150876306 -0.8975913525
-359.5 -464.2 2705.2 -0.8871710300 0.1632847190 -0.4315850437 0.0857948214 0.9773594737 0.1934107542 0.4533947706 0.1345606595 -0.8810939789
-155.5 -130.0 2367.7 0 0 0 0 0 0 0 0 0
1.8 -20.6 2518.2 0 0 0 0 0 0 0 0 0
-497.0 -775.5 2522.7 0 0 0 0 0 0 0 0 0
-421.0 -832.0 2654.5 0 0 0 0 0 0 0 0 0
-366.6 519.4 2601.2 80 0.5996167064 0.0630983338 -0.7977959514 -0.0027673421 0.9970444441 0.0767771453 0.8002825379 -0.0438290872 0.5980191231
-379.4 316.9 2610.1 0.5996167064 0.0630983338 -0.7977959514 -0.0027673421 0.9970444441 0.0767771453 0.8002825379 -0.0438290872 0.5980191231
-392.0 121.8 2621.6 0.6003358364 0.0640288666 -0.7971807718 0.0085080313 0.9962221980 0.0864228755 0.7997027636 -0.0586651899 0.5975231528
-465.0 315.7 2496.1 -0.2978590131 0.3517583609 -0.8874379396 0.8701948524 0.4822625518 -0.1009146646 0.3924804926 -0.8023022413 -0.4497445524
-375.9 55.6 2378.8 -0.7678126693 0.3517583609 -0.5354715586 0.6389174461 0.4822625518 -0.5993390679 0.0474153645 -0.8023022413 -0.5950318575
-293.9 318.2 2724.1 0.8286395073 0.3934830129 0.3981553614 -0.5488294959 0.7110855579 0.4394810200 -0.1101942062 -0.5826907158 0.8051886559
-58.1 162.0 2692.7 0.2343310565 0.3934830129 0.8889657259 -0.6904612780 0.7110855579 -0.1327425241 -0.6843625903 -0.5826907158 0.4383141994
-463.8 -75.3 2565.1 -0.5171437860 0.1955482215 0.8332605958 0.1040342152 0.9806935191 -0.1655811220 -0.8495523334 0.0010583606 -0.5275032520
-540.4 -459.5 2564.7 -0.5096934438 -0.1363970339 0.8494753838 0.0434736200 0.9820089340 0.1837620437 -0.8592570424 0.1305920780 -0.4945938587
-355.9 -73.6 2710.1 -0.8957775235 0.0093323290 -0.4444047213 0.0024743832 0.9998688102 0.0160092972 0.4444958270 0.0132411402 -0.8956830502
-359.5 -465.3 2704.9 -0.8853476048 0.1616810113 -0.4359115362 0.0846721232 0.9779773951 0.1907637566 0.4571545124 0.1319826692 -0.8795398474
-156.3 -127.2 2365.2 0 0 0 0 0 0 0 0 0
5.1 -24.1 2508.3 0 0 0 0 0 0 0 0 0
-496.4 -776.3 2522.5 0 0 0 0 0 0 0 0 0
-420.4 -833.5 2655.2 0 0 0 0 0 0 0 0 0
-368.0 522.3 2609.2 81 0.6103022695 0.0653372034 -0.7894695401 -0.0272094049 0.9977337122 0.0615390055 0.7917011976 -0.0160763990 0.6106969714
-381.2 320.5 2612.5 0.6103022695 0.0653372034 -0.7894695401 -0.0272094049 0.9977337122 0.0615390055 0.7917011976 -0.0160763990 0.6106969714
-394.1 125.2 2618.3 0.6109904647 0.0656961054 -0.7889072299 -0.0167307090 0.9973996282 0.0701007247 0.7914611101 -0.0296318978 0.6105008125
-468.3 322.8 2499.8 -0.2994805276 0.3486330211 -0.8881252408 0.8663583398 0.4892950058 -0.1000681669 0.3996681869 -0.7994031310 -0.4485754371
-376.8 58.3 2377.7 -0.7654005289 0.3486330211 -0.5409409404 0.6408925056 0.4892950058 -0.5914787650 0.0584706627 -0.7994031310 -0.5979429483
-294.1 318.1 2725.2 0.8055990934 0.3551311195 0.4742277265 -0.5679816008 0.6906463504 0.4476656616 -0.1685436368 -0.6299917102 0.7580919862
-53.9 148.7 2675.0 0.2122069448 0.3551311195 0.9104120731 -0.7158862352 0.6906463504 -0.1025403440 -0.6651880145 -0.6299917102 0.4007934332
-458.8 -74.0 2560.8 -0.5348484516 0.2091597617 0.8186509013 0.0985540375 0.9777067900 -0.1854092330 -0.8391807079 -0.0184844919 -0.5435385108
-540.7 -456.9 2568.0 -0.5292325020 -0.1357679814 0.8375440240 0.0541509427 0.9796977043 0.1930286884 -0.8467471004 0.1475108564 -0.5111359358
-350.2 -72.5 2705.4 -0.8890210390 0.0257631205 -0.4571409523 0.0294512659 0.9995657802 -0.0009425126 0.4569181502 -0.0143012926 -0.8893937469
-360.3 -463.8 2711.0 -0.8841017485 0.1534819752 -0.4413699210 0.0643466413 0.9755100608 0.2103320658 0.4628430009 0.1575542688 -0.8723261952
-158.0 -125.0 2361.0 0 0 0 0 0 0 0 0 0
4.0 -46.6 2493.4 0 0 0 0 0 0 0 0 0
-496.4 -776.8 2519.9 0 0 0 0 0 0 0 0 0
-418.1 -831.1 2651.7 0 0 0 0 0 0 0 0 0
-368.1 521.9 2604.3 82 0.6169689298 0.0738200918 -0.7835176587 -0.0248055533 0.9969204068 0.0743933469 0.7865964770 -0.0264627952 0.6169000864
-383.1 320.7 2609.6 0.6169689298 0.0738200918 -0.7835176587 -0.0248055533 0.9969204068 0.0743933469 0.7865964770 -0.0264627952 0.6169000864
-397.4 125.6 2617.4 0.6177855730 0.0731066838 -0.7829408646 -0.0137258321 0.9965197444 0.0822190195 0.7862268090 -0.0400472097 0.6166389585
-471.1 322.6 2497.6 -0.3097695410 0.3495658636 -0.8842208385 0.8656957746 0.4882797003 -0.1102442518 0.3932094574 -0.7996165752 -0.4538718760
-377.8 61.9 2379.1 -0.7604626417 0.3495658636 -0.5472661853 0.6463897824 0.4882797003 -0.5863131881 0.0622638874 -0.7996165752 -0.5972743034
-295.0 318.7 2721.6 0.7987444997 0.3365339339 0.4987505376 -0.5763833523 0.6657792330 0.4738355875 -0.1725960076 -0.6659451127 0.7257601023
-48.9 141.1 2668.4 0.1692800522 0.3365339339 0.9263310432 -0.7384469509 0.6657792330 -0.1069304273 -0.6527177095 -0.6659451127 0.3612155914
-462.2 -68.6 2552.6 -0.5451822877 0.2040308714 0.8131098747 0.0770910755 0.9780226946 -0.1937230527 -0.8347653747 -0.0429308638 -0.5489295721
-542.1 -451.5 2569.4 -0.5419179201 -0.1390680075 0.8288456202 0.0529769771 0.9786006212 0.1988322288 -0.8387600183 0.1516604871 -0.5229538083
-351.8 -71.6 2695.6 -0.8849244118 0.0183904525 -0.4653714895 0.0326520391 0.9992111921 -0.0226026736 0.4645887017 -0.0351969860 -0.8848268390
-359.0 -462.8 2709.4 -0.8794099689 0.1544741094 -0.4503064454 0.0721620843 0.9782161117 0.1946430057 0.4705643356 0.1386759430 -0.8714001179
-159.3 -123.9 2361.2 0 0 0 0 0 0 0 0 0
-1.3 -66.6 2484.8 0 0 0 0 0 0 0 0 0
-495.9 -777.1 2518.9 0 0 0 0 0 0 0 0 0
-417.2 -831.1 2657.2 0 0 0 0 0 0 0 0 0
-366.9 519.0 2602.8 83 0.6170353293 0.0762038007 -0.7832370996 -0.0210478418 0.9965423942 0.0803754777 0.7866539359 -0.0331090577 0.6165058017
-382.3 317.3 2609.5 0.6170353293 0.0762038007 -0.7832370996 -0.0210478418 0.9965423942 0.0803754777 0.7866539359 -0.0331090577 0.6165058017
-397.2 122.3 2618.9 0.6179489493 0.0760688931 -0.7825295925 -0.0090930164 0.9959333539 0.0896330699 0.7861656547 -0.0482731052 0.6161276698
-470.4 318.6 2497.4 -0.3084203303 0.3295735121 -0.8923330307 0.8670949340 0.4831621647 -0.1212465018 0.3911819160 -0.8111323118 -0.4347885549
-378.5 60.3 2380.9 -0.7637367249 0.3295735121 -0.5550563335 0.6415207386 0.4831621647 -0.5958232880 0.0718146488 -0.8111323118 -0.5804369450
-294.2 316.0 2721.5 0.7964590192 0.3137145340 0.5169489384 -0.5755699873 0.6554120779 0.4890339673 -0.1853975356 -0.6870357990 0.7025735378
-46.0 136.6 2663.7 0.1387585700 0.3137145340 0.9393238425 -0.7474402785 0.6554120779 -0.1084807441 -0.6496761441 -0.6870357990 0.3254269063
-467.6 -68.3 2554.2 -0.5437761545 0.1918029785 0.8170184493 0.0786821991 0.9808965921 -0.1779071093 -0.8355337381 -0.0324568339 -0.5484796762
-542.7 -452.4 2567.0 -0.5396744609 -0.1408741921 0.8300035596 0.0484016538 0.9790775776 0.1976472288 -0.8404812813 0.1468387097 -0.5215646029
-355.9 -70.8 2696.3 -0.8851038218 0.0066627078 -0.4653459489 0.0103644086 0.9999317527 -0.0053966828 0.4652782381 -0.0095996596 -0.8851124048
-358.5 -462.2 2700.1 -0.8748100400 0.1586926579 -0.4577379525 0.0938694403 0.9824468493 0.1612039655 0.4752850831 0.0980552435 -0.8743507862
-160.0 -123.3 2360.4 0 0 0 0 0 0 0 0 0
-5.9 -79.1 2476.2 0 0 0 0 0 0 0 0 0
-495.7 -778.5 2518.1 0 0 0 0 0 0 0 0 0
-418.2 -831.9 2663.2 0 0 0 0 0 0 0 0 0
-368.0 517.3 2602.5 84 0.6086071134 0.0696303546 -0.7904106379 -0.0133330626 0.9968989491 0.0775544122 0.7933596969 -0.0366615728 0.6076481938
-382.1 315.7 2609.9 0.6086071134 0.0696303546 -0.7904106379 -0.0133330626 0.9968989491 0.0775544122 0.7933596969 -0.0366615728 0.6076481938
-396.5 120.6 2620.2 0.6093214154 0.0737740472 -0.7894839048 -0.0034074797 0.9958967566 0.0904325992 0.7929160595 -0.0524123684 0.6070725918
-468.9 316.2 2496.9 -0.3064903021 0.3256478608 -0.8944367766 0.8677284718 0.4818578660 -0.1219028383 0.3912940025 -0.8134903312 -0.4302586615
-377.1 56.2 2379.7 -0.7591462135 0.3256478608 -0.5636048913 0.6461290121 0.4818578660 -0.5918870568 0.0788306966 -0.8134903312 -0.5762110949
-295.3 315.2 2722.9 0.7929967642 0.3309143186 0.5115191936 -0.5806835890 0.6645376682 0.4703150690 -0.1842897683 -0.6699891090 0.7191327214
