146.6 476.9 2618.8 60 0.6050924063 0.3101773858 -0.7332484126 -0.0972415060 0.9428843260 0.3186114132 0.7901944518 -0.1214871556 0.6006942391
84.7 288.9 2643.1 0.6050924063 0.3101773858 -0.7332484126 -0.0972415060 0.9428843260 0.3186114132 0.7901944518 -0.1214871556 0.6006942391
26.9 100.6 2669.6 0.6115469933 0.2912062705 -0.7356691957 -0.0769544393 0.9472884536 0.3110026419 0.7874568701 -0.1335797161 0.6017209888
-1.3 299.7 2532.3 -0.2412727028 0.1700669080 -0.9554395676 0.9449107647 0.2655790448 -0.1913412213 0.2212039083 -0.9489704967 -0.2247750163
62.3 50.7 2474.0 -0.9354891181 0.1700669080 -0.3097376227 0.3461973369 0.2655790448 -0.8997861743 -0.0707640350 -0.9489704967 -0.3073230088
170.8 278.1 2753.8 0.0973042548 0.8722683191 0.4792493284 -0.8652780056 0.3120701909 -0.3923087716 -0.4917579293 -0.3765105903 0.7851203084
203.4 -12.2 2588.8 -0.4419314265 0.8722683191 0.2093910873 0.1733642817 0.3120701909 -0.9341076016 -0.8801371455 -0.3765105903 -0.2891337872
-90.9 -73.2 2627.1 0.9222828150 0.0292049740 -0.3854107559 -0.0671108142 0.9940954447 -0.0852664933 0.3806448579 0.1045050472 0.9187971354
-102.5 -468.4 2585.5 0.9257004857 0.0677554235 -0.3721395433 -0.0277166739 0.9933316708 0.1119103730 0.3772405386 -0.0932810083 0.9214055538
21.1 -86.8 2771.6 0.7781066298 -0.1608743221 -0.6071816683 0.0265895631 0.9742157459 -0.2240462601 0.6275691986 0.1581871808 0.7623212934
85.0 -474.0 2708.7 0.7781066298 0.2235794365 -0.5869942904 0.0265895631 0.9219458103 0.3864051700 0.6275691986 -0.3162723482 0.7114272714
322.8 -45.7 2493.7 0 0 0 0 0 0 0 0 0
116.3 21.9 2415.3 0 0 0 0 0 0 0 0 0
-122.1 -755.3 2612.5 0 0 0 0 0 0 0 0 0
21.1 -737.8 2799.2 0 0 0 0 0 0 0 0 0
147.2 474.4 2618.3 61 0.5999821424 0.3176744878 -0.7342372537 -0.1027539223 0.9407796860 0.3230715692 0.7933871150 -0.1183914095 0.5970932841
83.8 286.6 2641.9 0.5999821424 0.3176744878 -0.7342372537 -0.1027539223 0.9407796860 0.3230715692 0.7933871150 -0.1183914095 0.5970932841
24.2 98.7 2667.5 0.6059291363 0.2999435365 -0.7368064523 -0.0845936164 0.9452388883 0.3152259588 0.7910081148 -0.1286754757 0.5981210470
-1.4 298.5 2530.6 -0.1983468086 0.1720075309 -0.9649206996 0.9544917345 0.2576058805 -0.1502820253 0.2227196097 -0.9508168101 -0.2152750790
50.1 50.9 2472.8 -0.9421951771 0.1720075309 -0.2875441313 0.3247591257 0.2576058805 -0.9100388288 -0.0824604705 -0.9508168101 -0.2985760570
169.1 274.7 2753.2 0.0932516456 0.8771368861 0.4710997641 -0.8643953204 0.3061304688 -0.3988795280 -0.4940899611 -0.3700202405 0.7867401838
200.4 -15.3 2587.4 -0.4349652827 0.8771368861 0.2035584897 0.1798345149 0.3061304688 -0.9348495603 -0.8823065162 -0.3700202405 -0.2908956110
-87.1 -80.7 2623.9 0.9194545746 0.0379612707 -0.3913594484 -0.0714935362 0.9948776364 -0.0714643225 0.3866418898 0.0936878696 0.9174587727
-102.2 -476.2 2586.7 0.9234219790 0.0687521473 -0.3775778115 -0.0273885336 0.9931201339 0.1138519421 0.3828077018 -0.0947920829 0.9189519882
25.1 -94.8 2768.4 0.7702385783 -0.1469181478 -0.6206025481 0.0239922907 0.9790900946 -0.2020073980 0.6373043656 0.1407042146 0.7576578856
83.4 -483.9 2712.4 0.7702385783 0.2315184176 -0.5942488909 0.0239922907 0.9206026196 0.3897630274 0.6373043656 -0.3144679368 0.7035290003
312.1 -39.5 2495.8 0 0 0 0 0 0 0 0 0
114.6 20.1 2413.4 0 0 0 0 0 0 0 0 0
-121.7 -757.2 2613.5 0 0 0 0 0 0 0 0 0
20.3 -735.1 2798.2 0 0 0 0 0 0 0 0 0
149.4 476.5 2628.0 62 0.6024884582 0.3186476529 -0.7317590714 -0.1349107623 0.9443109632 0.3001264930 0.7866426706 -0.0821005926 0.6119254827
85.9 288.1 2644.4 0.6024884582 0.3186476529 -0.7317590714 -0.1349107623 0.9443109632 0.3001264930 0.7866426706 -0.0821005926 0.6119254827
24.9 100.0 2663.9 0.6087465882 0.3066560924 -0.7317032218 -0.1159845814 0.9467683434 0.3002953231 0.7848408222 -0.0979374573 0.6119093895
0.2 304.4 2534.1 -0.1295157373 0.2007573843 -0.9710417986 0.9605139494 0.2685983479 -0.0725803673 0.2462491542 -0.9420994520 -0.2276179790
34.6 49.3 2468.6 -0.9322996140 0.2007573843 -0.3008553088 0.3477225602 0.2685983479 -0.8983005881 -0.0995312408 -0.9420994520 -0.3202219903
171.5 271.8 2754.8 0.0844826773 0.8777318597 0.4716454744 -0.8477516770 0.3120545149 -0.4288811684 -0.5236217380 -0.3636052012 0.7704618573
199.9 -12.5 2579.2 -0.4375990033 0.8777318597 0.1951765418 0.2129532248 0.3120545149 -0.9258903265 -0.8735891581 -0.3636052012 -0.3234705627
-91.0 -81.4 2620.5 0.9218452573 0.0265685078 -0.3866463304 -0.0567622371 0.9961449504 -0.0668826029 0.3833788335 0.0836023241 0.9197996259
-101.5 -477.4 2587.3 0.9239038825 0.0721113384 -0.3757680058 -0.0322846398 0.9932697415 0.1112338081 0.3812601864 -0.0906378105 0.9200138450
20.2 -96.9 2765.6 0.7198277712 -0.1683509350 -0.6734285355 0.0367333777 0.9780236483 -0.2052326202 0.6931801438 0.1229948252 0.7101926208
87.1 -485.6 2716.8 0.7198277712 0.2419061214 -0.6506377459 0.0367333777 0.9227240086 0.3837070465 0.6931801438 -0.3001030982 0.6553162932
291.9 -46.6 2496.1 0 0 0 0 0 0 0 0 0
113.6 29.5 2407.0 0 0 0 0 0 0 0 0 0
-121.8 -757.0 2612.8 0 0 0 0 0 0 0 0 0
20.7 -738.9 2799.1 0 0 0 0 0 0 0 0 0
150.4 483.2 2632.4 63 0.6557777524 0.3262467086 -0.6808220148 -0.1769753247 0.9431093931 0.2814683318 0.7339177728 -0.0640919656 0.6762077808
85.2 294.7 2645.2 0.6557777524 0.3262467086 -0.6808220148 -0.1769753247 0.9431093931 0.2814683318 0.7339177728 -0.0640919656 0.6762077808
22.9 106.6 2659.7 0.6608908772 0.3123323619 -0.6824014187 -0.1618394554 0.9472030401 0.2767930031 0.7328241467 -0.0724905059 0.6765455604
-7.5 317.3 2542.5 -0.1055618823 0.2313699722 -0.9671218395 0.9544110894 0.2966423929 -0.0332070775 0.2792062163 -0.9265372157 -0.2521362007
22.6 45.1 2462.9 -0.9294540286 0.2313699722 -0.2873729169 0.3487217724 0.2966423929 -0.8890424371 -0.1204507276 -0.9265372157 -0.3563992083
177.9 272.1 2747.9 0.0340394974 0.8545936346 0.5181804895 -0.8218513727 0.3189582229 -0.4720444679 -0.5686841607 -0.4097992182 0.7132061124
189.3 -2.9 2557.6 -0.4949530065 0.8545936346 0.1571345627 0.2615069151 0.3189582229 -0.9109773636 -0.8286347985 -0.4097992182 -0.3813514709
-91.9 -77.4 2611.4 0.9472361207 0.0255970787 -0.3195130229 -0.0433171578 0.9978846312 -0.0484757870 0.3175962865 0.0597584136 0.9463410974
-102.1 -474.1 2587.6 0.9474589825 0.0703927651 -0.3120357990 -0.0402344726 0.9939639568 0.1020631641 0.3173368275 -0.0841460675 0.9445722699
19.8 -98.7 2755.3 0.6947315335 -0.1591030806 -0.7014515996 0.0475313999 0.9832518101 -0.1759449095 0.7176969051 0.0888934955 0.6906584501
83.0 -489.3 2720.0 0.6947315335 0.2330139726 -0.6804796457 0.0475313999 0.9291300774 0.3666852415 0.7176969051 -0.2870919406 0.6344204545
279.7 -51.4 2496.2 0 0 0 0 0 0 0 0 0
92.1 48.4 2394.8 0 0 0 0 0 0 0 0 0
-121.9 -753.7 2611.3 0 0 0 0 0 0 0 0 0
21.5 -734.5 2795.7 0 0 0 0 0 0 0 0 0
148.2 473.3 2635.1 64 0.6412106156 0.3347612619 -0.6904953122 -0.1794488877 0.9402909279 0.2892249227 0.7460877895 -0.0615454689 0.6629970670
81.2 285.2 2647.4 0.6412106156 0.3347612619 -0.6904953122 -0.1794488877 0.9402909279 0.2892249227 0.7460877895 -0.0615454689 0.6629970670
18.3 97.1 2661.4 0.6477074623 0.3157233000 -0.6933929920 -0.1606070548 0.9462266564 0.2808211446 0.7447687387 -0.0705261379 0.6635854244
-9.8 307.7 2542.8 -0.0545156673 0.2267248631 -0.9724319577 0.9462671280 0.3226251006 0.0221719909 0.3187578917 -0.9189716578 -0.2321304083
5.3 45.0 2454.3 -0.9317163825 0.2267248631 -0.2837259769 0.3467108905 0.3226251006 -0.8807409406 -0.1081487387 -0.9189716578 -0.3792030811
172.2 262.7 2752.0 0.0426493660 0.8621650934 0.5048290491 -0.8236945868 0.3163074851 -0.4706132114 -0.5654274821 -0.3957536221 0.7236510515
186.5 -13.4 2562.5 -0.4798923433 0.8621650934 0.1624029279 0.2594740093 0.3163074851 -0.9124816656 -0.8380790949 -0.3957536221 -0.3755029738
-99.8 -66.8 2607.2 0.9418634176 0.0000694179 -0.3359959424 -0.0160618071 0.9988660216 -0.0448180698 0.3356118202 0.0476092026 0.9407964945
-99.8 -463.7 2588.3 0.9404555559 0.0701894835 -0.3325910866 -0.0398200937 0.9944609404 0.0972716287 0.3375762701 -0.0782358348 0.9380412698
21.1 -96.3 2741.1 0.6797066331 -0.1519340873 -0.7175757289 0.0650228038 0.9869408607 -0.1473761201 0.7305963039 0.0535137430 0.6807094216
81.4 -488.2 2719.8 0.6783915162 0.2309601903 -0.6974541545 0.0596899241 0.9288398027 0.3656414747 0.7322718501 -0.2896790504 0.6163311005
264.0 -51.3 2484.4 0 0 0 0 0 0 0 0 0
92.0 37.7 2397.6 0 0 0 0 0 0 0 0 0
-120.5 -757.7 2611.4 0 0 0 0 0 0 0 0 0
20.0 -735.2 2796.8 0 0 0 0 0 0 0 0 0
150.5 472.7 2645.9 65 0.6352156997 0.3451117277 -0.6909406185 -0.2146238387 0.9382532239 0.2713254690 0.7419148684 -0.0240578596 0.6700623631
81.0 284.0 2650.8 0.6352156997 0.3451117277 -0.6909406185 -0.2146238387 0.9382532239 0.2713254690 0.7419148684 -0.0240578596 0.6700623631
16.7 96.2 2657.7 0.6429970860 0.3235288858 -0.6941785216 -0.1927005202 0.9455771446 0.2622029483 0.7412295341 -0.0348271765 0.6703475118
-9.3 311.0 2546.7 0.0010325628 0.2130715847 -0.9770360589 0.9365053177 0.3423937559 0.0756588057 0.3506518006 -0.9150776267 -0.1991891265
-9.6 46.9 2447.7 -0.9308679700 0.2130715847 -0.2967916727 0.3556443751 0.3423937559 -0.8696456552 -0.0836771578 -0.9150776267 -0.3945010900
171.4 256.9 2754.9 0.0392239802 0.8662319779 0.4981000423 -0.8027504086 0.3241551816 -0.5005149245 -0.5950237513 -0.3802178204 0.7080827355
184.6 -12.2 2555.5 -0.4741807878 0.8662319779 0.1574634314 0.2935262322 0.3241551816 -0.8993140459 -0.8300572038 -0.3802178204 -0.4079699516
-103.9 -76.2 2607.3 0.9400644302 -0.0140414285 -0.3407076299 -0.0055408138 0.9983909726 -0.0564341843 0.3409518301 0.0549395643 0.9384739995
-98.3 -473.0 2585.5 0.9373648167 0.0844449624 -0.3379589617 -0.0468040630 0.9919064641 0.1180292144 0.3451906443 -0.0948185772 0.9337306023
14.8 -105.6 2743.7 0.7288745046 -0.1664176583 -0.6641138196 0.0745275021 0.9835301042 -0.1646639258 0.6805788875 0.0705245882 0.7292727232
80.9 -496.3 2715.6 0.7288745046 0.2655124962 -0.6310666203 0.0745275021 0.8854928613 0.4586371779 0.6805788875 -0.3813207746 0.6256251931
249.7 -52.2 2471.1 0 0 0 0 0 0 0 0 0
91.2 45.6 2392.0 0 0 0 0 0 0 0 0 0
-122.5 -758.1 2612.7 0 0 0 0 0 0 0 0 0
-4.8 -782.1 2838.7 0 0 0 0 0 0 0 0 0
150.2 469.3 2641.4 66 0.6465522051 0.3570639491 -0.6741480231 -0.2278842032 0.9337499738 0.2760067582 0.7280377746 -0.0248251054 0.6850873828
78.4 281.7 2646.3 0.6465522051 0.3570639491 -0.6741480231 -0.2278842032 0.9337499738 0.2760067582 0.7280377746 -0.0248251054 0.6850873828
12.7 94.2 2652.2 0.6543076038 0.3305141032 -0.6801779270 -0.2067119032 0.9433485866 0.2595451176 0.7274281979 -0.0292214639 0.6855613589
-13.6 310.7 2544.1 0.0269914158 0.1667421609 -0.9856310487 0.9278193712 0.3627945483 0.0867832899 0.3720520139 -0.9168299437 -0.1449142694
-21.1 52.0 2440.3 -0.9311979413 0.1667421609 -0.3241410255 0.3636231124 0.3627945483 -0.8579967022 -0.0254676193 -0.9168299437 -0.3984648585
170.5 252.6 2748.6 0.0223005004 0.8620860577 0.5062709451 -0.7957302332 0.3218736351 -0.5130406618 -0.6052405238 -0.3914140463 0.6931658983
177.9 -14.2 2545.6 -0.4861567020 0.8620860577 0.1430359483 0.3072877228 0.3218736351 -0.8955286741 -0.8180623055 -0.3914140463 -0.4213894904
-106.6 -74.0 2596.8 0.9455927610 -0.0150538897 -0.3250041008 0.0055426983 0.9995293617 -0.0301709101 0.3253053427 0.0267279949 0.9452311993
-100.6 -471.2 2586.1 0.9431378245 0.0744811073 -0.3239500821 -0.0410731062 0.9932172894 0.1087770090 0.3298546374 -0.0892860740 0.9397999048
11.3 -109.3 2732.5 0.7199180722 -0.1729254723 -0.6721716523 0.0914526731 0.9836550355 -0.1551100463 0.6880075336 0.0501946360 0.7239655852
80.0 -500.2 2712.6 0.7199180722 0.2833162844 -0.6336007118 0.0914526731 0.8662101030 0.4912397563 0.6880075336 -0.4115968645 0.5976902843
240.1 -50.0 2447.5 0 0 0 0 0 0 0 0 0
82.2 46.3 2384.5 0 0 0 0 0 0 0 0 0
-121.9 -754.9 2611.6 0 0 0 0 0 0 0 0 0
-19.8 -805.3 2857.6 0 0 0 0 0 0 0 0 0
150.5 470.2 2638.1 67 0.6500312090 0.3601140082 -0.6691616774 -0.2158323973 0.9318102002 0.2917981148 0.7286122441 -0.0452511124 0.6834299564
78.0 282.6 2647.2 0.6500312090 0.3601140082 -0.6691616774 -0.2158323973 0.9318102002 0.2917981148 0.7286122441 -0.0452511124 0.6834299564
11.5 95.6 2656.7 0.6571390629 0.3344957829 -0.6754856110 -0.1966661513 0.9411892295 0.2747457922 0.7276610732 -0.0477010421 0.6842762232
-14.4 310.3 2544.8 0.0387726277 0.1381377280 -0.9896538258 0.9144682288 0.3943234682 0.0908674151 0.4027959406 -0.9085301161 -0.1110336110
-25.2 57.2 2433.4 -0.9337023497 0.1381377280 -0.3303298950 0.3578019142 0.3943234682 -0.8464554548 0.0133293932 -0.9085301161 -0.4176066816
170.5 254.9 2749.5 0.0157705750 0.8614024520 0.5076782107 -0.8064072132 0.3111463785 -0.5028869510 -0.5911502838 -0.4014645517 0.6995481253
175.8 -15.6 2551.2 -0.4890790582 0.8614024520 0.1370675862 0.2948080003 0.3111463785 -0.9034800529 -0.8209079504 -0.4014645517 -0.4061235189
-113.0 -74.3 2591.3 0.9469099641 -0.0306603741 -0.3200334609 0.0247652587 0.9994406104 -0.0224750061 0.3205435276 0.0133560961 0.9471396208
-100.8 -471.5 2586.0 0.9441305399 0.0734746903 -0.3212771118 -0.0398881547 0.9931409955 0.1099085584 0.3271489739 -0.0909528807 0.9405854940
7.0 -112.2 2724.7 0.7194437981 -0.1811547130 -0.6705099344 0.1087662056 0.9828613997 -0.1488401443 0.6859813929 0.0341533050 0.7268170714
79.0 -502.8 2711.1 0.7194437981 0.2859977186 -0.6329343319 0.1087662056 0.8536505699 0.5093629360 0.6859813929 -0.4352999032 0.5830467343
237.8 -43.6 2429.6 0 0 0 0 0 0 0 0 0
79.3 42.5 2389.4 0 0 0 0 0 0 0 0 0
-122.0 -757.3 2612.2 0 0 0 0 0 0 0 0 0
-26.0 -816.3 2870.9 0 0 0 0 0 0 0 0 0
150.2 474.8 2637.4 68 0.6622642279 0.3464757204 -0.6643498540 -0.2087461352 0.9368760586 0.2805144191 0.7196048498 -0.0470941998 0.6927849054
80.2 285.5 2646.9 0.6622642279 0.3464757204 -0.6643498540 -0.2087461352 0.9368760586 0.2805144191 0.7196048498 -0.0470941998 0.6927849054
15.3 97.9 2657.2 0.6683271527 0.3263075352 -0.6684775352 -0.1917974502 0.9438568950 0.2689756453 0.7187159061 -0.0515514500 0.6933901310
-13.9 312.5 2545.8 0.0426089242 0.1055948883 -0.9934959412 0.9069484472 0.4130246341 0.0827958956 0.4190811217 -0.9045774341 -0.0781705827
-25.7 61.2 2429.7 -0.9361593127 0.1055948883 -0.3353437483 0.3480542898 0.4130246341 -0.8415871263 0.0496379435 -0.9045774341 -0.4234096110
174.2 258.6 2748.0 0.0143484110 0.8534807563 0.5209267735 -0.8059096932 0.3182528913 -0.4992240965 -0.5918646455 -0.4126568437 0.6923948526
179.0 -11.9 2549.5 -0.5022682548 0.8534807563 0.1389141679 0.2912819088 0.3182528913 -0.9021474123 -0.8141753078 -0.4126568437 -0.4084518254
-115.3 -73.4 2599.4 0.9512470961 -0.0361409560 -0.3063050807 0.0220603999 0.9985399842 -0.0493080243 0.3076398969 0.0401469022 0.9506555200
-100.9 -470.2 2583.5 0.9485590458 0.0733257532 -0.3079921007 -0.0373700634 0.9919408560 0.1210651398 0.3143871427 -0.1033277437 0.9436546564
5.3 -109.5 2732.9 0.7052201033 -0.1942532063 -0.6818580031 0.0960718691 0.9790455699 -0.1795548797 0.7024491429 0.0611183345 0.7091048956
82.5 -498.5 2708.6 0.7052201033 0.3013766706 -0.6417450905 0.0960718691 0.8561860919 0.5076569319 0.7024491429 -0.4196635187 0.5748458505
239.2 -37.3 2415.6 0 0 0 0 0 0 0 0 0
80.0 45.6 2388.9 0 0 0 0 0 0 0 0 0
-122.1 -757.3 2613.4 0 0 0 0 0 0 0 0 0
-30.5 -819.3 2865.8 0 0 0 0 0 0 0 0 0
148.6 467.4 2636.6 69 0.6541741490 0.3529772460 -0.6689269543 -0.2077376693 0.9342605472 0.2898314893 0.7272560000 -0.0506389514 0.6844957471
77.8 279.9 2646.8 0.6541741490 0.3529772460 -0.6689269543 -0.2077376693 0.9342605472 0.2898314893 0.7272560000 -0.0506389514 0.6844957471
11.7 92.7 2658.1 0.6609413028 0.3322664499 -0.6728711724 -0.1892139167 0.9414550066 0.2790350318 0.7261918783 -0.0571091883 0.6851159334
-15.2 306.5 2544.6 0.0112136332 0.0897399262 -0.9959021211 0.8917492032 0.4496962726 0.0505626611 0.4523909688 -0.8886619210 -0.0749827772
-18.3 63.2 2421.1 -0.9253383875 0.0897399262 -0.3683688641 0.3676589131 0.4496962726 -0.8140025735 0.0926055759 -0.8886619210 -0.4491149187
170.8 253.3 2748.9 0.0147248693 0.8588758707 0.5119721293 -0.8112286925 0.3095965981 -0.4960422516 -0.5845435262 -0.4080223441 0.7013035417
175.7 -19.0 2552.8 -0.4934731126 0.8588758707 0.1371734738 0.2868390679 0.3095965981 -0.9065722823 -0.8211014867 -0.4080223441 -0.3991367519
-110.9 -72.1 2601.5 0.9488912225 -0.0224626530 -0.3148028851 0.0105960025 0.9991690516 -0.0393564850 0.3154253662 0.0340093710 0.9483407736
-101.9 -469.2 2588.0 0.9466152787 0.0694941059 -0.3147858083 -0.0384909809 0.9938673377 0.1036634371 0.3200593293 -0.0860129818 0.9434849024
11.8 -107.3 2733.3 0.7437816262 -0.1756824106 -0.6449221373 0.0885457024 0.9822350740 -0.1654506177 0.6625319123 0.0659540445 0.7461243272
81.6 -497.6 2707.1 0.7437816262 0.2793463469 -0.6072515845 0.0885457024 0.8593010902 0.5037472248 0.6625319123 -0.4284474254 0.6143974662
244.0 -41.1 2394.9 0 0 0 0 0 0 0 0 0
78.4 37.6 2390.9 0 0 0 0 0 0 0 0 0
-121.9 -754.5 2612.7 0 0 0 0 0 0 0 0 0
-24.1 -822.8 2869.3 0 0 0 0 0 0 0 0 0
147.9 467.6 2637.2 70 0.6168339849 0.3481081128 -0.7059295774 -0.1879442632 0.9360793829 0.2973758280 0.7643250823 -0.0507561043 0.6428304911
78.4 280.9 2647.3 0.6168339849 0.3481081128 -0.7059295774 -0.1879442632 0.9360793829 0.2973758280 0.7643250823 -0.0507561043 0.6428304911
13.0 93.6 2660.0 0.6245860457 0.3288651705 -0.7083360553 -0.1664356589 0.9422278404 0.2906989157 0.7630147338 -0.0636741072 0.6432372332
-9.3 304.3 2540.1 0.0048171114 0.0689814687 -0.9976063371 0.8877009749 0.4590088427 0.0360254943 0.4603951871 -0.8857496381 -0.0590238236
-10.6 66.4 2416.8 -0.9149314165 0.0689814687 -0.3976707458 0.3830289245 0.4590088427 -0.8016231656 0.1272372454 -0.8857496381 -0.4463835061
166.2 257.5 2754.5 0.0488260649 0.8766523004 0.4786405563 -0.8255283833 0.3051760495 -0.4747319818 -0.5622445345 -0.3719520867 0.7386019230
182.6 -19.3 2566.0 -0.4530092478 0.8766523004 0.1620598882 0.2631602287 0.3051760495 -0.9152126908 -0.8517801166 -0.3719520867 -0.3689475656
-115.0 -77.0 2602.8 0.9319713712 -0.0284795500 -0.3614115119 0.0150174918 0.9990866780 -0.0400033370 0.3622207046 0.0318544731 0.9315478802
-103.7 -474.2 2590.2 0.9296755791 0.0694125667 -0.3617805541 -0.0342122614 0.9941116571 0.1028179601 0.3667871356 -0.0832100213 0.9265761375
6.3 -111.7 2736.1 0.7400145531 -0.1861673594 -0.6463127136 0.0926791057 0.9799879193 -0.1761652976 0.6661748886 0.0704652071 0.7424591780
80.3 -501.3 2708.1 0.7400145531 0.2882531583 -0.6076911688 0.0926791057 0.8511880040 0.5166136026 0.6661748886 -0.4386218488 0.6031764746
248.1 -41.9 2380.8 0 0 0 0 0 0 0 0 0
93.4 32.5 2398.3 0 0 0 0 0 0 0 0 0
-123.3 -755.5 2613.7 0 0 0 0 0 0 0 0 0
-29.3 -825.0 2874.9 0 0 0 0 0 0 0 0 0
149.8 467.4 2639.0 71 0.6146548986 0.3462456763 -0.7087405920 -0.1883048713 0.9369401336 0.2944221795 0.7659899592 -0.0475087278 0.6410946250
80.8 280.7 2648.5 0.6146548986 0.3462456763 -0.7087405920 -0.1883048713 0.9369401336 0.2944221795 0.7659899592 -0.0475087278 0.6410946250
15.3 93.3 2660.3 0.6216927767 0.3290727437 -0.7107806802 -0.1687189788 0.9424225688 0.2887448072 0.7648738027 -0.0595883578 0.6414181590
-6.7 304.4 2540.9 -0.0215086807 0.0539771132 -0.9983105063 0.8829634786 0.4693986475 0.0063561434 0.4689486921 -0.8813350201 -0.0577559657
-0.8 64.2 2413.4 -0.9179084897 0.0539771132 -0.3931035995 0.3707931340 0.4693986475 -0.8013597131 0.1412672102 -0.8813350201 -0.4508793652
168.2 256.9 2756.0 0.0512508117 0.8779491782 0.4760026932 -0.8236386180 0.3067094386 -0.4770207405 -0.5647944808 -0.3676064909 0.7388319373
185.4 -19.4 2566.5 -0.4498313665 0.8779491782 0.1638808399 0.2656345367 0.3067094386 -0.9139844775 -0.8526957631 -0.3676064909 -0.3711811304
-109.6 -78.5 2602.8 0.9308578968 -0.0096366219 -0.3652543724 -0.0000342787 0.9996498227 -0.0264614373 0.3653814793 0.0246443581 0.9305315614
-105.8 -475.8 2593.0 0.9297095537 0.0550054386 -0.3641628027 -0.0270151161 0.9963056445 0.0815185308 0.3673014343 -0.0659506544 0.9277608395
4.8 -108.9 2742.5 0.7419220209 -0.1943758130 -0.6416929364 0.0852721184 0.9766389728 -0.1972434670 0.6650416851 0.0916207507 0.7411648035
82.1 -497.1 2706.1 0.7419220209 0.2911512554 -0.6039724350 0.0852721184 0.8525093198 0.5157096982 0.6650416851 -0.4341183603 0.6076683402
257.2 -40.0 2373.7 0 0 0 0 0 0 0 0 0
96.7 33.0 2398.5 0 0 0 0 0 0 0 0 0
-121.2 -754.6 2611.4 0 0 0 0 0 0 0 0 0
-29.0 -822.2 2871.7 0 0 0 0 0 0 0 0 0
151.3 475.3 2637.9 72 0.6044265628 0.3331245184 -0.7236688137 -0.1524195373 0.9399524927 0.3053811193 0.7819442153 -0.0742792115 0.6189069748
84.8 287.7 2652.7 0.6044265628 0.3331245184 -0.7236688137 -0.1524195373 0.9399524927 0.3053811193 0.7819442153 -0.0742792115 0.6189069748
22.7 99.7 2669.5 0.6113234758 0.3122480512 -0.7271758914 -0.1322622448 0.9462580681 0.2951310873 0.7802501917 -0.0842426345 0.6197683811
-1.1 306.3 2543.0 -0.0592569448 0.0588458702 -0.9965068102 0.8772310019 0.4794757366 -0.0238501728 0.4763973355 -0.8755798936 -0.0800336897
15.2 65.2 2412.1 -0.9097825289 0.0588458702 -0.4108928740 0.3867785633 0.4794757366 -0.7877216339 0.1506589949 -0.8755798936 -0.4589789510
170.7 269.1 2762.4 0.0767102763 0.8783113956 0.4718947113 -0.8399304152 0.3119495809 -0.4440769553 -0.5372452140 -0.3622934520 0.7616502047
196.5 -12.5 2582.2 -0.4397183061 0.8783113956 0.1876617074 0.2296430767 0.3119495809 -0.9219281673 -0.8682810068 -0.3622934520 -0.3388680518
-107.1 -78.6 2602.0 0.9248149395 -0.0023510959 -0.3804100454 -0.0111561473 0.9993832111 -0.0332983248 0.3802536726 0.0350386985 0.9242182970
-106.2 -475.8 2588.1 0.9244435430 0.0547155142 -0.3773729801 -0.0183491707 0.9948883653 0.0992997959 0.3808772266 -0.0848725736 0.9207221270
6.9 -109.5 2742.3 0.7287198305 -0.1891036481 -0.6581848264 0.0813978612 0.9782223701 -0.1909329742 0.6799572110 0.0855617970 0.7282426357
82.1 -498.4 2708.3 0.7287198305 0.2964836359 -0.6173045635 0.0813978612 0.8575316072 0.5079507232 0.6799572110 -0.4204010367 0.6007671356
269.1 -42.8 2370.0 0 0 0 0 0 0 0 0 0
109.8 32.8 2411.2 0 0 0 0 0 0 0 0 0
-121.7 -757.9 2612.2 0 0 0 0 0 0 0 0 0
-31.1 -825.7 2868.8 0 0 0 0 0 0 0 0 0
154.8 477.0 2629.3 73 0.6316084266 0.3309655190 -0.7010938525 -0.1437245905 0.9386115670 0.3136105239 0.7618491054 -0.0973146260 0.6404028535
88.5 289.0 2648.8 0.6316084266 0.3309655190 -0.7010938525 -0.1437245905 0.9386115670 0.3136105239 0.7618491054 -0.0973146260 0.6404028535
27.3 101.0 2669.1 0.6377598047 0.3078204691 -0.7060516477 -0.1255764961 0.9459593892 0.2989838421 0.7599295974 -0.1020163819 0.6419498920
-1.2 306.6 2542.0 -0.1115350798 0.0650111139 -0.9916317463 0.8795369267 0.4709391296 -0.0680524260 0.4625740051 -0.8797669411 -0.1097059101
29.3 66.4 2415.7 -0.8970589042 0.0650111139 -0.4371027946 0.4137619436 0.4709391296 -0.7791132331 0.1551977843 -0.8797669411 -0.4493592680
178.2 271.3 2755.6 0.0597141534 0.8649423122 0.4983061254 -0.8439904451 0.3103070259 -0.4374810755 -0.5330237746 -0.3944418132 0.7485327721
198.2 -11.8 2576.9 -0.4695001543 0.8649423122 0.1773256809 0.2226030231 0.3103070259 -0.9242063761 -0.8544105887 -0.3944418132 -0.3382279575
-95.5 -76.2 2614.8 0.9367167354 0.0269831158 -0.3490467966 -0.0513334386 0.9968351722 -0.0607000925 0.3463042378 0.0747765601 0.9351373315
-106.2 -472.0 2585.1 0.9390925765 0.0540135466 -0.3393931389 -0.0175947882 0.9938330650 0.1094816327 0.3432136178 -0.0968418345 0.9342516065
16.6 -100.4 2757.8 0.7722831964 -0.1795419157 -0.6093794703 0.0510064848 0.9736595750 -0.2222281396 0.6332274079 0.1405407488 0.7610987425
87.9 -486.9 2702.0 0.7722831964 0.2950357199 -0.5626122355 0.0510064848 0.8539590240 0.5178342462 0.6332274079 -0.4286115766 0.6444495320
277.8 -48.2 2372.7 0 0 0 0 0 0 0 0 0
105.7 32.1 2408.5 0 0 0 0 0 0 0 0 0
-121.8 -759.0 2613.1 0 0 0 0 0 0 0 0 0
-24.9 -813.1 2865.7 0 0 0 0 0 0 0 0 0
150.8 475.3 2634.6 74 0.5929155946 0.3229608536 -0.7376635075 -0.1380690187 0.9432575703 0.3019967973 0.7933398485 -0.0772101209 0.6038630009
86.4 287.0 2650.0 0.5929155946 0.3229608536 -0.7376635075 -0.1380690187 0.9432575703 0.3019967973 0.7933398485 -0.0772101209 0.6038630009
25.6 98.7 2668.8 0.6007250547 0.3057191074 -0.7386915684 -0.1145834699 0.9473786950 0.2989049852 0.7912016511 -0.0949178711 0.6041444540
2.0 303.2 2538.8 -0.1622519195 0.0745562389 -0.9839286804 0.8746618629 0.4724496007 -0.1084341854 0.4567722678 -0.8781985641 -0.1418673545
45.3 69.4 2416.7 -0.8996729255 0.0745562389 -0.4301511049 0.4117369354 0.4724496007 -0.7792714834 0.1451251656 -0.8781985641 -0.4557476640
170.7 270.9 2761.1 0.0914917812 0.8811140656 0.4639690518 -0.8480714560 0.3131445944 -0.4274520576 -0.5219234228 -0.3543705344 0.7758978605
201.4 -13.5 2586.1 -0.4286392033 0.8811140656 0.1997660100 0.2122951299 0.3131445944 -0.9256734252 -0.8781794906 -0.3543705344 -0.3212822676
-92.3 -75.5 2619.8 0.9184504747 0.0357157066 -0.3939201534 -0.0629309192 0.9964238405 -0.0563844033 0.3904976249 0.0765760392 0.9174135923
-106.5 -471.4 2589.3 0.9218809605 0.0516453758 -0.3840159476 -0.0163301695 0.9953754544 0.0946629122 0.3871289194 -0.0809968933 0.9184610248
24.6 -98.5 2759.0 0.8058730960 -0.1566749960 -0.5709829330 0.0411618873 0.9768459201 -0.2099468708 0.5906557441 0.1456878036 0.7936629057
86.9 -486.5 2701.2 0.8058730960 0.2860431671 -0.5184089541 0.0411618873 0.8463761210 0.5309926867 0.5906557441 -0.4492513835 0.6702976823
293.8 -44.3 2376.7 0 0 0 0 0 0 0 0 0
117.0 28.3 2413.2 0 0 0 0 0 0 0 0 0
-121.3 -758.0 2612.7 0 0 0 0 0 0 0 0 0
-22.4 -809.9 2872.8 0 0 0 0 0 0 0 0 0
147.8 481.7 2636.2 75 0.5904504657 0.3079293370 -0.7460213304 -0.1366734803 0.9491524696 0.2836017907 0.7954172492 -0.0654914752 0.6025132537
86.4 292.4 2649.2 0.5904504657 0.3079293370 -0.7460213304 -0.1366734803 0.9491524696 0.2836017907 0.7954172492 -0.0654914752 0.6025132537
27.3 103.4 2665.9 0.5967682004 0.2976981401 -0.7451466918 -0.1168518886 0.9509740472 0.2863459289 0.7938597798 -0.0838103443 0.6022976637
2.5 308.9 2537.6 -0.2030426562 0.0445021316 -0.9781581163 0.8938676119 0.4162234366 -0.1666094959 0.3997178376 -0.9081726670 -0.1242901236
56.7 70.5 2431.0 -0.9059823751 0.0445021316 -0.4209696651 0.3998864591 0.4162234366 -0.8166081309 0.1388766468 -0.9081726670 -0.3948868811
170.3 276.0 2760.9 0.1025687829 0.8803167939 0.4631652236 -0.8418846726 0.3248280585 -0.4309488237 -0.5298205614 -0.3457297981 0.7744424343
204.7 -6.4 2583.1 -0.4251211286 0.8803167939 0.2105098963 0.2167792469 0.3248280585 -0.9205940962 -0.8787939548 -0.3457297981 -0.3289256692
-90.1 -79.1 2615.3 0.9163745642 0.0409921184 -0.3982177079 -0.0626884550 0.9971653223 -0.0416108668 0.3953831792 0.0630947948 0.9163466692
-106.4 -475.4 2590.2 0.9193763137 0.0568913035 -0.3892436326 -0.0229871981 0.9955658317 0.0912157521 0.3927070498 -0.0749139786 0.9166073799
19.9 -100.1 2760.2 0.8035858274 -0.1620511711 -0.5727034211 0.0454960577 0.9761303663 -0.2123666108 0.5934475064 0.1445990503 0.7917772532
84.3 -488.0 2702.7 0.8035858274 0.2803758681 -0.5250135064 0.0454960577 0.8505789042 0.5238755941 0.5934475064 -0.4448650777 0.6707571745
305.1 -39.2 2392.9 0 0 0 0 0 0 0 0 0
120.9 36.3 2409.9 0 0 0 0 0 0 0 0 0
-122.5 -757.9 2611.5 0 0 0 0 0 0 0 0 0
-22.8 -813.1 2872.8 0 0 0 0 0 0 0 0 0
144.6 486.1 2637.5 76 0.6348312497 0.3061029315 -0.7094295621 -0.1557748914 0.9500277042 0.2705208659 0.7567849755 -0.0612237826 0.6507903934
83.7 297.3 2649.6 0.6348312497 0.3061029315 -0.7094295621 -0.1557748914 0.9500277042 0.2705208659 0.7567849755 -0.0612237826 0.6507903934
24.6 108.1 2664.8 0.6400921941 0.2971989214 -0.7084876895 -0.1391908973 0.9517505765 0.2734899223 0.7555844784 -0.0764437169 0.6505754590
-6.2 316.8 2543.6 -0.2949869931 0.0800689682 -0.9521405697 0.8807193041 0.4092400074 -0.2384451628 0.3705619276 -0.9089068174 -0.1912387609
75.5 72.9 2441.0 -0.8927119374 0.0800689682 -0.4434572160 0.4351026118 0.4092400074 -0.8020027280 0.1172649041 -0.9089068174 -0.4001716673
173.6 277.7 2755.7 0.0676951185 0.8611423373 0.5038365126 -0.8287701011 0.3296950161 -0.4521518946 -0.5554795265 -0.3869561851 0.7360077500
196.3 -0.1 2569.5 -0.4729989171 0.8611423373 0.1862951964 0.2406924814 0.3296950161 -0.9128900766 -0.8475489020 -0.3869561851 -0.3632158637
-86.6 -74.9 2609.8 0.9375796318 0.0505402386 -0.3440785706 -0.0630971044 0.9976844192 -0.0253876597 0.3419987559 0.0455133133 0.9385975599
-106.7 -471.4 2591.7 0.9397924542 0.0615472719 -0.3361577690 -0.0338742621 0.9955813885 0.0875795484 0.3400627077 -0.0709194988 0.9377247691
22.8 -96.3 2755.3 0.7964578867 -0.1537019461 -0.5848337412 0.0440943837 0.9793440700 -0.1973343194 0.6030841470 0.1313805878 0.7867837548
83.9 -485.6 2703.1 0.7964578867 0.2787147760 -0.5366310477 0.0440943837 0.8583106399 0.5112323761 0.6030841470 -0.4308375120 0.6713185310
319.8 -46.1 2408.9 0 0 0 0 0 0 0 0 0
103.2 47.3 2402.7 0 0 0 0 0 0 0 0 0
-124.4 -757.3 2612.1 0 0 0 0 0 0 0 0 0
-22.6 -813.6 2867.8 0 0 0 0 0 0 0 0 0
142.1 486.6 2638.1 77 0.6068190336 0.2973522544 -0.7371243238 -0.1337162852 0.9523601532 0.2740987539 0.7835116982 -0.0677628219 0.6176711321
83.0 297.5 2651.6 0.6068190336 0.2973522544 -0.7371243238 -0.1337162852 0.9523601532 0.2740987539 0.7835116982 -0.0677628219 0.6176711321
24.9 108.2 2668.0 0.6112143993 0.2922005355 -0.7355513573 -0.1195128858 0.9527719021 0.2791816890 0.7823897004 -0.0827319920 0.6172695756
-2.8 314.3 2541.7 -0.3371739388 0.0725674480 -0.9386414289 0.8816654682 0.3739504814 -0.2877967954 0.3301207125 -0.9246053100 -0.1900665611
88.2 76.3 2452.6 -0.8793088198 0.0725674480 -0.4706909359 0.4614950716 0.3739504814 -0.8044770360 0.1176362485 -0.9246053100 -0.3623074591
168.9 280.8 2761.5 0.0961698592 0.8729023933 0.4783228040 -0.8382251859 0.3301729262 -0.4340097010 -0.5367773771 -0.3592035770 0.7634414434
201.1 -0.2 2581.5 -0.4414003491 0.8729023933 0.2078631967 0.2207609415 0.3301729262 -0.9177420139 -0.8697300553 -0.3592035770 -0.3384411931
-93.1 -68.4 2610.9 0.9239709973 0.0319591090 -0.3811248839 -0.0490796678 0.9981714487 -0.0352837704 0.3793003261 0.0513066612 0.9238500595
-105.8 -465.1 2590.5 0.9253105521 0.0618329309 -0.3741351664 -0.0302000865 0.9954987764 0.0898342431 0.3780058026 -0.0718256533 0.9230128527
24.1 -93.8 2749.2 0.7921710610 -0.1506960690 -0.5914015174 0.0484698005 0.9815093279 -0.1851757616 0.6083713770 0.1180257723 0.7848275304
84.0 -484.0 2702.3 0.7921710610 0.2815558314 -0.5414714813 0.0484698005 0.8553957939 0.5157021880 0.6083713770 -0.4347693622 0.6639727950
332.0 -51.7 2419.9 0 0 0 0 0 0 0 0 0
114.2 43.2 2410.3 0 0 0 0 0 0 0 0 0
-124.1 -758.7 2611.7 0 0 0 0 0 0 0 0 0
-23.7 -811.0 2868.5 0 0 0 0 0 0 0 0 0
140.9 487.5 2637.0 78 0.5616288185 0.2878923714 -0.7756875157 -0.0919052586 0.9534174204 0.2873128057 0.8222691417 -0.0900733918 0.5619254708
83.8 298.3 2654.8 0.5616288185 0.2878923714 -0.7756875157 -0.0919052586 0.9534174204 0.2873128057 0.8222691417 -0.0900733918 0.5619254708
27.2 108.8 2674.5 0.5642018318 0.2843645513 -0.7751213312 -0.0833305344 0.9536349773 0.2891995311 0.8214209080 -0.0985756442 0.5617388487
4.7 310.0 2539.6 -0.3537971079 0.0868282393 -0.9312832355 0.8925707340 0.3289269507 -0.3084225953 0.2795443535 -0.9403551817 -0.1938737482
94.9 82.4 2468.3 -0.8615655899 0.0868282393 -0.5001655817 0.4986995459 0.3289269507 -0.8019387722 0.0948870108 -0.9403551817 -0.3266933262
162.9 286.7 2770.0 0.1388526112 0.8889698386 0.4364086986 -0.8549607396 0.3299956024 -0.4001812935 -0.4997620583 -0.3175460696 0.8058550358
209.4 0.4 2602.7 -0.3905566335 0.8889698386 0.2391612828 0.1841747612 0.3299956024 -0.9258415699 -0.9019674063 -0.3175460696 -0.2926077843
-89.2 -70.3 2612.9 0.8986792564 0.0391862206 -0.4368523955 -0.0649465695 0.9969101548 -0.0441819616 0.4337712824 0.0680774748 0.8984475136
-104.7 -466.5 2585.8 0.9024562836 0.0721760169 -0.4246919751 -0.0237316266 0.9926967621 0.1182789952 0.4301272631 -0.0966629907 0.8975782990
22.8 -92.2 2756.2 0.8162226677 -0.1543792337 -0.5567293763 0.0439414233 0.9774347544 -0.2066168040 0.5760639310 0.1441818327 0.8045880198
84.1 -480.6 2698.9 0.8162226677 0.2713540792 -0.5100465417 0.0439414233 0.8511193395 0.5231300592 0.5760639310 -0.4494028091 0.6827791929
335.2 -56.7 2441.9 0 0 0 0 0 0 0 0 0
132.7 36.6 2425.4 0 0 0 0 0 0 0 0 0
-126.1 -759.9 2614.4 0 0 0 0 0 0 0 0 0
-19.6 -805.9 2870.6 0 0 0 0 0 0 0 0 0
140.2 481.8 2636.9 79 0.5753540397 0.2900770307 -0.7647372484 -0.0855924413 0.9512159824 0.2964154780 0.8134135604 -0.1050881296 0.5721143484
82.6 293.1 2657.7 0.5753540397 0.2900770307 -0.7647372484 -0.0855924413 0.9512159824 0.2964154780 0.8134135604 -0.1050881296 0.5721143484
26.5 103.9 2681.0 0.5794284344 0.2823706865 -0.7645453215 -0.0720454380 0.9521389604 0.2970536053 0.8118326068 -0.1170393080 0.5720399022
1.3 303.2 2543.7 -0.4077451825 0.1791113168 -0.8953563571 0.8684695363 0.3788759410 -0.3197087646 0.2819655240 -0.9079494476 -0.3100375533
106.4 79.2 2471.0 -0.8587192893 0.1791113168 -0.4801253080 0.5105829835 0.3788759410 -0.7718536854 0.0436601900 -0.9079494476 -0.4167992473
164.0 283.0 2771.7 0.1302133948 0.8825306892 0.4518673122 -0.8614587188 0.3263285160 -0.3890997469 -0.4908496439 -0.3385990262 0.8027560711
207.7 -5.8 2607.2 -0.4075677395 0.8825306892 0.2345807701 0.1716047972 0.3263285160 -0.9295490980 -0.8969059587 -0.3385990262 -0.2844474614
-81.1 -73.1 2619.0 0.9051302075 0.0571420081 -0.4212767780 -0.0894764885 0.9943351746 -0.0573721714 0.4156119525 0.0896236524 0.9051156044
-103.8 -468.2 2583.4 0.9118379354 0.0797801912 -0.4027240574 -0.0280519649 0.9907518625 0.1327547431 0.4095908105 -0.1097536162 0.9056431651
22.1 -88.3 2769.2 0.8248419166 -0.1395597756 -0.5478675961 0.0275699124 0.9778299928 -0.2075773627 0.5646908283 0.1561138481 0.8104028106
77.6 -476.9 2707.2 0.8248419166 0.2284454703 -0.5171542764 0.0275699124 0.8973875642 0.4403810501 0.5646908283 -0.3775026500 0.7339046001
345.8 -63.1 2458.8 0 0 0 0 0 0 0 0 0
127.5 28.0 2430.6 0 0 0 0 0 0 0 0 0
-127.1 -758.1 2615.5 0 0 0 0 0 0 0 0 0
2.9 -770.3 2830.6 0 0 0 0 0 0 0 0 0
138.1 477.7 2638.3 80 0.5294188857 0.2883497775 -0.7978534102 -0.0694854036 0.9520435333 0.2979678512 0.8455101848 -0.1023106351 0.5240659118
81.0 289.1 2658.6 0.5294188857 0.2883497775 -0.7978534102 -0.0694854036 0.9520435333 0.2979678512 0.8455101848 -0.1023106351 0.5240659118
25.3 99.7 2681.9 0.5342710018 0.2802712321 -0.7974976897 -0.0532318130 0.9527171254 0.2991594970 0.8436354995 -0.1173799857 0.5239284635
6.0 296.6 2540.2 -0.4331113994 0.2370426357 -0.8696121573 0.8648393154 0.3810714185 -0.3268601596 0.2539045513 -0.8936416507 -0.3700501621
116.0 76.9 2475.7 -0.8525794744 0.2370426357 -0.4657456279 0.5225871205 0.3810714185 -0.7626842856 -0.0033063416 -0.8936416507 -0.4487690926
156.0 281.6 2777.0 0.1642823666 0.8972356915 0.4098529518 -0.8683308363 0.3286686242 -0.3714545965 -0.4679881036 -0.2948645353 0.8330918550
211.0 -9.4 2620.2 -0.3587087691 0.8972356915 0.2574804127 0.1531477869 0.3286686242 -0.9319456220 -0.9208006263 -0.2948645353 -0.2553059757
-82.7 -78.8 2630.0 0.8806351423 0.0533435978 -0.4707825780 -0.0920170099 0.9939782619 -0.0594988801 0.4647737443 0.0957168043 0.8802406788
-103.9 -473.9 2591.9 0.8863016367 0.0849705189 -0.4552465975 -0.0400447808 0.9934032559 0.1074543744 0.4613738656 -0.0770067349 0.8838574886
23.4 -92.0 2778.6 0.8364288807 -0.1282482743 -0.5328593254 0.0158968903 0.9775050879 -0.2103120089 0.5478448868 0.1674402356 0.8196522593
74.4 -480.5 2712.1 0.8364288807 0.2093407512 -0.5065206289 0.0158968903 0.9145251513 0.4042164981 0.5478448868 -0.3461504877 0.7616074085
355.2 -69.7 2476.6 0 0 0 0 0 0 0 0 0
140.5 20.7 2439.0 0 0 0 0 0 0 0 0 0
-127.8 -753.2 2613.6 0 0 0 0 0 0 0 0 0
13.5 -746.3 2812.7 0 0 0 0 0 0 0 0 0
138.5 475.9 2638.1 81 0.4889615774 0.2976006269 -0.8199697733 -0.0481505617 0.9477781653 0.3152745664 0.8709753752 -0.1146751344 0.4777567685
79.5 288.0 2660.8 0.4889615774 0.2976006269 -0.8199697733 -0.0481505617 0.9477781653 0.3152745664 0.8709753752 -0.1146751344 0.4777567685
22.5 99.3 2686.2 0.4939861596 0.2862690389 -0.8209919333 -0.0318227299 0.9495644569 0.3119530380 0.8688872457 -0.1279742718 0.4781815410
10.2 292.5 2538.8 -0.4402101040 0.2553869486 -0.8608092666 0.8680922389 0.3660019636 -0.3353482187 0.2294143289 -0.8948854804 -0.3828171790
121.9 72.1 2480.6 -0.8555182815 0.2553869486 -0.4504064620 0.5167318583 0.3660019636 -0.7739707828 -0.0328123681 -0.8948854804 -0.4450879395
148.8 283.6 2782.7 0.1851828843 0.9103574753 0.3700765073 -0.8797454238 0.3213870227 -0.3503688276 -0.4378986657 -0.2606908083 0.8603981733
210.9 -11.2 2636.0 -0.3149777353 0.9103574753 0.2683995962 0.1295535564 0.3213870227 -0.9380438328 -0.9402153492 -0.2606908083 -0.2191697955
-79.4 -84.8 2628.1 0.8568515778 0.0621808469 -0.5117996931 -0.0958411619 0.9946079254 -0.0396172218 0.5065765977 0.0829975531 0.8581908345
-104.1 -480.1 2595.1 0.8638463616 0.0868851766 -0.4962060452 -0.0347267464 0.9929414988 0.1134071723 0.5025569797 -0.0807347447 0.8607661724
18.4 -94.5 2782.5 0.8320783377 -0.1601834744 -0.5310243964 0.0220996104 0.9662047029 -0.2568270266 0.5542176962 0.2019647658 0.8074979782
82.0 -478.2 2702.3 0.8320783377 0.2557043135 -0.4922001362 0.0220996104 0.8714050651 0.4900661707 0.5542176962 -0.4186508656 0.7194262743
360.8 -72.1 2489.8 0 0 0 0 0 0 0 0 0
149.0 14.2 2451.0 0 0 0 0 0 0 0 0 0
-128.1 -754.3 2617.4 0 0 0 0 0 0 0 0 0
-3.7 -770.4 2842.7 0 0 0 0 0 0 0 0 0
140.4 476.9 2637.4 82 0.4791606963 0.3093148470 -0.8214191198 -0.0461408868 0.9434304833 0.3283441663 0.8765136003 -0.1194286123 0.4663268626
79.1 289.8 2661.1 0.4791606963 0.3093148470 -0.8214191198 -0.0461408868 0.9434304833 0.3283441663 0.8765136003 -0.1194286123 0.4663268626
20.3 101.7 2687.3 0.4845040143 0.2955223322 -0.8233604431 -0.0294474252 0.9461866021 0.3222790956 0.8742932677 -0.1318996698 0.4671335518
11.0 293.9 2538.2 -0.4306382835 0.2363552451 -0.8710263371 0.8810221553 0.3195005953 -0.3488829434 0.1958331019 -0.9176358581 -0.3458234072
123.1 64.6 2487.3 -0.8668782711 0.2363552451 -0.4389285743 0.4959448278 0.3195005953 -0.8074392080 -0.0506045558 -0.9176358581 -0.3941872716
147.2 285.7 2784.0 0.1828557998 0.9155184627 0.3583150506 -0.8842028975 0.3124833107 -0.3471878171 -0.4298243225 -0.2533378899 0.8666434884
208.5 -10.9 2639.8 -0.3040173650 0.9155184627 0.2634375691 0.1250470579 0.3124833107 -0.9416567683 -0.9444239736 -0.2533378899 -0.2094832510
-79.6 -86.6 2632.1 0.8500434756 0.0670993552 -0.5224210620 -0.1076335460 0.9930511117 -0.0475863330 0.5155978203 0.0966804847 0.8513587713
-106.3 -481.3 2593.7 0.8597370982 0.0761411041 -0.5050293803 -0.0225367825 0.9935175180 0.1114228442 0.5102394223 -0.0844126120 0.8558798432
10.8 -92.3 2791.1 0.8226034641 -0.1751353592 -0.5409723520 0.0224843919 0.9606598616 -0.2768159509 0.5681707263 0.2155463248 0.7941799760
80.4 -474.0 2705.5 0.8226034641 0.2260572314 -0.5217486024 0.0224843919 0.9039281011 0.4270930588 0.5681707263 -0.3630594313 0.7384916544
364.0 -73.3 2501.3 0 0 0 0 0 0 0 0 0
148.6 13.7 2453.8 0 0 0 0 0 0 0 0 0
-127.3 -755.6 2617.0 0 0 0 0 0 0 0 0 0
10.4 -753.7 2817.9 0 0 0 0 0 0 0 0 0
139.1 479.9 2636.6 83 0.5125350356 0.2965735793 -0.8058238029 -0.0583096482 0.9483146071 0.3119284213 0.8566842079 -0.1128869355 0.5033375621
80.4 292.0 2659.0 0.5125350356 0.2965735793 -0.8058238029 -0.0583096482 0.9483146071 0.3119284213 0.8566842079 -0.1128869355 0.5033375621
23.5 103.1 2683.3 0.5166242123 0.2859055698 -0.8070671558 -0.0449803360 0.9503628612 0.3078753352 0.8550299406 -0.1227537021 0.5038405657
7.8 298.3 2538.8 -0.4212742448 0.2495243102 -0.8719321489 0.8863896728 0.3167493641 -0.3376139700 0.1919410527 -0.9150996804 -0.3546141088
120.3 61.5 2487.5 -0.8815091848 0.2495243102 -0.4008480906 0.4654687047 0.3167493641 -0.8264434338 -0.0792493448 -0.9150996804 -0.3953632116
153.0 285.7 2779.1 0.1709106266 0.9039947391 0.3918968141 -0.8740082979 0.3227219284 -0.3632630110 -0.4548615515 -0.2804355621 0.8452554941
210.3 -7.4 2626.6 -0.3394318819 0.9039947391 0.2599606514 0.1429114342 0.3227219284 -0.9356424809 -0.9297108650 -0.2804355621 -0.2387333065
-82.9 -83.7 2633.4 0.8703739643 0.0581675246 -0.4889434576 -0.0920549333 0.9947124124 -0.0455313548 0.4837096930 0.0846389681 0.8711264133
-106.0 -479.1 2599.7 0.8757088184 0.0728203580 -0.4773167074 -0.0373069681 0.9958110452 0.0834776461 0.4813961089 -0.0552948713 0.8747572303
