-174.0 478.3 2746.2 1 0.5140100121 0.2396603674 -0.8236240745 -0.2510258555 0.9601682425 0.1227313206 0.8202314973 0.1436658204 0.5536969900
-223.4 280.4 2716.6 0.5140100121 0.2396603674 -0.8236240745 -0.2510258555 0.9601682425 0.1227313206 0.8202314973 0.1436658204 0.5536969900
-265.5 87.9 2691.5 0.5209257603 0.2117017955 -0.8269333243 -0.2214656323 0.9691036940 0.1085865498 0.8243721128 0.1265717894 0.5517157316
-299.5 312.8 2596.2 -0.0005646305 0.7399880886 -0.6726197600 0.7554077506 0.4410530627 0.4845939875 0.6552547812 -0.5078285336 -0.5592417717
-299.3 66.8 2382.8 -0.6509169340 0.7399880886 -0.1694837809 0.6598131061 0.4410530627 -0.6083739996 -0.3754381537 -0.5078285336 -0.7753427625
-147.3 248.1 2837.1 0.0279215351 0.7130849957 -0.7005213499 -0.8800616264 0.3498688340 0.3210659325 0.4740378857 0.6075372696 0.6373276114
-141.7 71.8 2932.0 0.5781894326 0.7130849957 -0.3964930475 -0.7835747004 0.3498688340 -0.5134223700 -0.2273932248 0.6075372696 0.7610458136
-351.6 -83.8 2593.9 0.6036609411 0.0959682018 -0.7914440036 -0.0582027547 0.9953843951 0.0763042271 0.7951138020 0.0000023401 0.6064602733
-389.8 -479.3 2593.9 0.6050868630 -0.0187903885 -0.7959377170 -0.1021319255 0.9896296859 -0.1010056585 0.7895815372 0.1424078494 0.5968927741
-256.9 -124.9 2745.5 -0.1968415678 0.2786464393 0.9400050640 -0.0084865456 0.9582428336 -0.2858297825 -0.9803985953 -0.0642405823 -0.1862572730
-367.6 -505.4 2771.0 -0.1968415678 -0.3100927770 0.9301053286 -0.0084865456 0.9491689801 0.3146524727 -0.9803985953 0.0540433042 -0.1894675195
-110.1 -125.0 2492.0 0 0 0 0 0 0 0 0 0
8.5 -131.8 2872.9 0 0 0 0 0 0 0 0 0
-383.4 -816.5 2545.4 0 0 0 0 0 0 0 0 0
-255.7 -847.8 2751.5 0 0 0 0 0 0 0 0 0
-173.8 485.0 2750.0 2 0.4809170663 0.2425259352 -0.8425555825 -0.2568987310 0.9577821493 0.1290597469 0.8382850289 0.1543844342 0.5229184031
-224.4 285.1 2717.8 0.4809170663 0.2425259352 -0.8425555825 -0.2568987310 0.9577821493 0.1290597469 0.8382850289 0.1543844342 0.5229184031
-266.7 92.8 2691.6 0.4890617132 0.2128339410 -0.8458843827 -0.2224513143 0.9681398869 0.1149809659 0.8434062004 0.1319352984 0.5208253264
-295.8 317.6 2594.7 0.0334326066 0.7291086912 -0.6835808754 0.7630958557 0.4230684340 0.4885671437 0.6454200149 -0.5379717946 -0.5422354937
-306.6 70.8 2386.0 -0.6586145163 0.7291086912 -0.1860845685 0.6474509239 0.4230684340 -0.6338930726 -0.3834504187 -0.5379717946 -0.7507011294
-153.0 252.6 2840.9 0.0051332512 0.6925985217 -0.7213050127 -0.8791431785 0.3468582630 0.3267974854 0.4765300453 0.6324528456 0.6106737852
-152.0 76.6 2936.3 0.5810604692 0.6925985217 -0.4274061620 -0.7878122330 0.3468582630 -0.5089609027 -0.2042562217 0.6324528456 0.7471832037
-355.3 -84.4 2590.8 0.5749810338 0.0806898102 -0.8141780496 -0.0469480231 0.9967391491 0.0656274930 0.8168185949 0.0004894873 0.5768943429
-387.4 -480.4 2590.6 0.5767476559 -0.0154216373 -0.8167768121 -0.1025359482 0.9905483723 -0.0911059678 0.8104619384 0.1362941414 0.5697151423
-259.7 -125.0 2742.0 -0.1981327832 0.2477127910 0.9483574033 -0.0141626596 0.9667141438 -0.2554665208 -0.9800728559 -0.0640475526 -0.1880294979
-358.1 -508.8 2767.4 -0.1981327832 -0.2846509814 0.9379324317 -0.0141626596 0.9576343298 0.2876384854 -0.9800728559 0.0437069982 -0.1937701702
-115.3 -117.2 2497.3 0 0 0 0 0 0 0 0 0
-1.0 -128.0 2883.3 0 0 0 0 0 0 0 0 0
-382.1 -819.7 2543.9 0 0 0 0 0 0 0 0 0
-258.8 -843.0 2752.1 0 0 0 0 0 0 0 0 0
-174.8 485.4 2752.9 3 0.4961379766 0.2428591102 -0.8335865736 -0.2630705237 0.9570012689 0.1222394854 0.8274303675 0.1586444080 0.5386937261
-225.4 286.0 2719.8 0.4961379766 0.2428591102 -0.8335865736 -0.2630705237 0.9570012689 0.1222394854 0.8274303675 0.1586444080 0.5386937261
-267.4 93.6 2692.8 0.5046060681 0.2114142179 -0.8370643854 -0.2271885127 0.9678990245 0.1075029671 0.8329214454 0.1359247565 0.5364385843
-299.1 319.1 2598.2 -0.0059146420 0.7260665298 -0.6875990033 0.7878683805 0.4268323481 0.4439342022 0.6158152819 -0.5391117930 -0.5745694041
-297.2 63.5 2398.4 -0.6599328518 0.7260665298 -0.1931734979 0.6527985334 0.4268323481 -0.6258339882 -0.3719444275 -0.5391117930 -0.7556558847
-151.7 252.8 2841.4 0.0167945474 0.7022138238 -0.7117680311 -0.8828245401 0.3446144462 0.3191578686 0.4694026113 0.6230061650 0.6257191896
-148.4 76.0 2935.4 0.5804641247 0.7022138238 -0.4122585952 -0.7838059068 0.3446144462 -0.5166131854 -0.2207026333 0.6230061650 0.7504356503
-353.8 -79.2 2588.1 0.5900522470 0.0704524592 -0.8042852879 -0.0419835821 0.9975150824 0.0565780364 0.8062727451 0.0003827802 0.5915438533
-381.8 -475.6 2587.9 0.5907719731 0.0089582056 -0.8067888618 -0.1084281728 0.9917494059 -0.0683847219 0.7995197177 0.1278784126 0.5868690610
-264.1 -120.0 2742.7 -0.2141782492 0.2317124307 0.9489135742 -0.0029478106 0.9712988734 -0.2378439754 -0.9767901301 -0.0537382253 -0.2073480487
-356.1 -505.8 2764.0 -0.2088106126 -0.2740786374 0.9387646317 -0.0219150763 0.9609954953 0.2756944597 -0.9777105451 0.0369948298 -0.2066725045
-106.1 -125.5 2506.1 0 0 0 0 0 0 0 0 0
2.4 -127.6 2878.1 0 0 0 0 0 0 0 0 0
-384.9 -819.2 2543.6 0 0 0 0 0 0 0 0 0
-259.1 -846.0 2750.9 0 0 0 0 0 0 0 0 0
-175.4 482.9 2754.8 4 0.5080422759 0.2399840802 -0.8272247314 -0.2707778513 0.9562087655 0.1111043915 0.8176627755 0.1675483882 0.5507768393
-225.2 284.6 2720.1 0.5080422759 0.2399840802 -0.8272247314 -0.2707778513 0.9562087655 0.1111043915 0.8176627755 0.1675483882 0.5507768393
-266.8 92.5 2691.0 0.5161056519 0.2094440460 -0.8305228353 -0.2362756878 0.9668331146 0.0969921872 0.8232914209 0.1461741477 0.5484745502
-300.5 319.1 2599.9 -0.0592248216 0.7641839385 -0.6422735453 0.8139016628 0.4094912708 0.4121662378 0.5779762268 -0.4983370304 -0.6462225914
-281.2 53.4 2411.2 -0.6265789270 0.7641839385 -0.1530417055 0.6546264291 0.4094912708 -0.6354377270 -0.4229220450 -0.4983370304 -0.7568336129
-149.8 250.1 2840.3 0.0261505712 0.7087777257 -0.7049470544 -0.8889049888 0.3391114175 0.3079795241 0.4573446214 0.6185770631 0.6389039755
-144.6 72.1 2931.9 0.5806523561 0.7087777257 -0.4005958438 -0.7784069180 0.3391114175 -0.5282860398 -0.2385907173 0.6185770631 0.7486233115
-355.7 -77.9 2589.5 0.6022956967 0.0724285170 -0.7949804664 -0.0245744400 0.9970856905 0.0722236037 0.7978947163 -0.0239637680 0.6023203135
-384.5 -474.0 2599.0 0.6051854491 0.0023406125 -0.7960811257 -0.1255117953 0.9877694845 -0.0925105810 0.7861281037 0.1559036225 0.5980774760
-263.2 -119.5 2742.2 -0.2273514420 0.2313521951 0.9459320903 0.0063510844 0.9717011452 -0.2361282259 -0.9737920761 -0.0476763956 -0.2223870009
-355.1 -505.6 2761.1 -0.2171630114 -0.2674485147 0.9387819171 -0.0309486799 0.9631363153 0.2672276199 -0.9756445885 0.0289778933 -0.2174347639
-98.1 -137.9 2534.8 0 0 0 0 0 0 0 0 0
6.3 -130.1 2869.9 0 0 0 0 0 0 0 0 0
-385.3 -818.1 2544.7 0 0 0 0 0 0 0 0 0
-260.7 -845.4 2750.9 0 0 0 0 0 0 0 0 0
-178.2 484.5 2754.8 5 0.5146661401 0.2369612902 -0.8239952326 -0.2656170130 0.9578346610 0.1095463187 0.8152093887 0.1624873728 0.5559059978
-227.3 286.2 2721.2 0.5146661401 0.2369612902 -0.8239952326 -0.2656170130 0.9578346610 0.1095463187 0.8152093887 0.1624873728 0.5559059978
-268.6 93.9 2693.0 0.5223402381 0.2080904543 -0.8269577026 -0.2324130237 0.9677953124 0.0967283994 0.8204540610 0.1416705996 0.5538814068
-303.6 320.1 2601.3 -0.1006981805 0.7701836824 -0.6298229694 0.8298189044 0.4142502248 0.3738947511 0.5488719344 -0.4849885106 -0.6808272600
-270.3 45.7 2419.8 -0.6207337976 0.7701836824 -0.1466513574 0.6616452336 0.4142502248 -0.6249979138 -0.4206128120 -0.4849885106 -0.7667274475
-151.0 252.2 2841.0 0.0315218158 0.7121899724 -0.7012786865 -0.8873485923 0.3428638279 0.3083129823 0.4600205123 0.6125600934 0.6427684426
-144.7 74.5 2933.1 0.5809465051 0.7121899724 -0.3940641880 -0.7777135968 0.3428638279 -0.5268832445 -0.2401306331 0.6125600934 0.7530653477
-355.7 -78.0 2586.5 0.6086770296 0.0744773000 -0.7899147868 -0.0089873830 0.9961678982 0.0869985968 0.7933672071 -0.0458547771 0.6070138812
-385.3 -473.7 2604.7 0.6138070822 -0.0007354449 -0.7894557118 -0.1360142082 0.9849475622 -0.1066695079 0.7776509523 0.1728516966 0.6044677496
-261.1 -121.3 2737.5 -0.2437264025 0.2382355481 0.9401283264 -0.0187491495 0.9680217505 -0.2501646280 -0.9696627855 -0.0785983354 -0.2314657420
-355.7 -505.8 2768.7 -0.2437264025 -0.2770580649 0.9294279218 -0.0187491495 0.9594941139 0.2811040282 -0.9696627855 0.0510864891 -0.2390486598
-88.0 -148.5 2543.3 0 0 0 0 0 0 0 0 0
6.3 -127.5 2870.7 0 0 0 0 0 0 0 0 0
-385.1 -817.6 2544.4 0 0 0 0 0 0 0 0 0
-256.7 -848.6 2750.4 0 0 0 0 0 0 0 0 0
-180.2 482.6 2755.3 6 0.5024547577 0.2329653651 -0.8326261640 -0.2711456418 0.9568914771 0.1041093096 0.8209867477 0.1734527498 0.5439622402
-228.4 285.0 2719.5 0.5024547577 0.2329653651 -0.8326261640 -0.2711456418 0.9568914771 0.1041093096 0.8209867477 0.1734527498 0.5439622402
-268.6 92.6 2689.8 0.5107663870 0.2025562078 -0.8355169892 -0.2344135940 0.9678369761 0.0913336277 0.8271444440 0.1492063999 0.5418205261
-303.0 319.2 2598.6 -0.1288596392 0.7497093081 -0.6491002440 0.8487806916 0.4218636751 0.3187513053 0.5128026605 -0.5098695755 -0.6906999946
-260.3 37.9 2428.7 -0.6395752430 0.7497093081 -0.1699393690 0.6597509980 0.4218636751 -0.6219000220 -0.3945530057 -0.5098695755 -0.7644350529
-153.8 250.7 2840.3 0.0277572833 0.7016977072 -0.7119339108 -0.8893425465 0.3425112367 0.3029124141 0.4563983083 0.6247450709 0.6335567832
-148.2 72.6 2931.7 0.5872135758 0.7016977072 -0.4034855366 -0.7746067047 0.3425112367 -0.5316676497 -0.2348716557 0.6247450709 0.7446669936
-357.9 -77.1 2589.6 0.5964220762 0.0682218447 -0.7997665405 -0.0148038240 0.9971469641 0.0740189552 0.8025344610 -0.0323069356 0.5957304239
-385.0 -473.3 2602.4 0.6010476351 -0.0021347406 -0.7992103100 -0.1343835592 0.9854888320 -0.1036957130 0.7878342271 0.1697267890 0.5920388699
-262.1 -119.7 2740.1 -0.2321705073 0.2292103469 0.9452827573 -0.0280363001 0.9698573351 -0.2420551330 -0.9722709656 -0.0827002972 -0.2187460661
-353.1 -505.0 2772.9 -0.2386214435 -0.2667991817 0.9337440729 -0.0050274660 0.9618463516 0.2735440433 -0.9710996747 0.0605791099 -0.2308584750
-72.5 -155.8 2544.5 0 0 0 0 0 0 0 0 0
4.4 -128.7 2870.6 0 0 0 0 0 0 0 0 0
-384.2 -819.2 2542.9 0 0 0 0 0 0 0 0 0
-258.8 -845.3 2751.5 0 0 0 0 0 0 0 0 0
-178.9 483.1 2755.0 7 0.4992889166 0.2388488650 -0.8328636289 -0.2707219124 0.9561311007 0.1119059399 0.8230554461 0.1696010381 0.5420472622
-228.4 284.9 2719.9 0.4992889166 0.2388488650 -0.8328636289 -0.2707219124 0.9561311007 0.1119059399 0.8230554461 0.1696010381 0.5420472622
-270.5 92.9 2690.3 0.5068331957 0.2118913084 -0.8355969191 -0.2385511696 0.9659416080 0.1002504751 0.8283800483 0.1485223472 0.5401181579
-302.4 319.7 2598.8 -0.1838895082 0.7588177919 -0.6248041391 0.8686188459 0.4229772985 0.2580533326 0.4600934386 -0.4952633679 -0.7369045019
-240.7 28.2 2444.4 -0.6359629035 0.7588177919 -0.1405232698 0.6452598572 0.4229772985 -0.6361838579 -0.4233095050 -0.4952633679 -0.7586324811
-154.3 250.0 2840.9 0.0180335417 0.7038944364 -0.7100756168 -0.8890361190 0.3362412155 0.3107356727 0.4574818015 0.6256791949 0.6318511963
-150.7 72.0 2932.5 0.5799468160 0.7038944364 -0.4101149738 -0.7806457281 0.3362412155 -0.5268149972 -0.2329246104 0.6256791949 0.7444941998
-355.7 -78.2 2584.3 0.5955978036 0.0764230043 -0.7996391654 -0.0084741535 0.9960064292 0.0888783634 0.8032380939 -0.0461594947 0.5938668847
-386.0 -473.9 2602.7 0.6002768874 -0.0012871323 -0.7997912169 -0.1303052604 0.9864799976 -0.0993871465 0.7891059518 0.1638768017 0.5919934511
-262.0 -121.2 2736.0 -0.3297598064 0.2285829037 0.9159739614 -0.0243521780 0.9678623080 -0.2502987683 -0.9437507391 -0.1048444286 -0.3135955930
-352.8 -505.7 2777.7 -0.3297598064 -0.2649331391 0.9061285257 -0.0243521780 0.9618836641 0.2723724842 -0.9437507391 0.0677512959 -0.3236422837
-55.9 -159.3 2567.4 0 0 0 0 0 0 0 0 0
-0.0 -130.9 2872.0 0 0 0 0 0 0 0 0 0
-385.6 -818.6 2545.4 0 0 0 0 0 0 0 0 0
-258.5 -848.0 2753.6 0 0 0 0 0 0 0 0 0
-179.2 484.1 2745.9 8 0.4938829839 0.2436535060 -0.8346930742 -0.2652982175 0.9563907981 0.1222026423 0.8280678988 0.1610887945 0.5369859934
-229.7 286.0 2712.5 0.4938829839 0.2436535060 -0.8346930742 -0.2652982175 0.9563907981 0.1222026423 0.8280678988 0.1610887945 0.5369859934
-273.1 94.1 2684.6 0.5012175441 0.2184600383 -0.8372910023 -0.2347921729 0.9656413794 0.1113974601 0.8328586817 0.1407550126 0.5352891088
-302.9 320.3 2590.9 -0.2204526961 0.7736120224 -0.5940749645 0.8833097816 0.4166749120 0.2148157805 0.4137201905 -0.4773955345 -0.7751961946
-228.5 22.0 2451.2 -0.6235126853 0.7736120224 -0.1129442528 0.6348432302 0.4166749120 -0.6506581903 -0.4562959373 -0.4773955345 -0.7509244084
-156.5 251.7 2834.2 0.0092450688 0.7035107613 -0.7106244564 -0.8849460483 0.3366525173 0.3217695057 0.4656018317 0.6258895397 0.6256814003
-154.6 74.5 2927.4 0.5751434565 0.7035107613 -0.4174716473 -0.7870301008 0.3366525173 -0.5169610381 -0.2231447548 0.6258895397 0.7473076582
-359.1 -77.1 2584.9 0.5913102627 0.0738613978 -0.8030545712 -0.0120878788 0.9964967966 0.0827527344 0.8063535094 -0.0392253175 0.5901316404
-388.4 -473.1 2600.4 0.5961044431 -0.0108329374 -0.8028338552 -0.1212248802 0.9872321486 -0.1033306122 0.7937027216 0.1589192748 0.5871802568
-266.1 -120.9 2736.8 -0.3175415993 0.2106791884 0.9245440364 0.0045036133 0.9753301740 -0.2207052112 -0.9482336640 -0.0659192950 -0.3106566966
-349.7 -508.1 2763.0 -0.3031982481 -0.2571367323 0.9175791740 -0.0513625294 0.9659156203 0.2537103593 -0.9515422583 0.0297953505 -0.3060711026
-46.0 -163.7 2584.7 0 0 0 0 0 0 0 0 0
-5.2 -130.0 2869.4 0 0 0 0 0 0 0 0 0
-384.6 -817.7 2545.0 0 0 0 0 0 0 0 0 0
-259.8 -845.7 2752.5 0 0 0 0 0 0 0 0 0
-179.3 485.5 2740.3 9 0.5034634471 0.2447887510 -0.8286151290 -0.2595969141 0.9575727582 0.1251551956 0.8240958452 0.1520948708 0.5456492901
-230.0 287.2 2708.8 0.5034634471 0.2447887510 -0.8286151290 -0.2595969141 0.9575727582 0.1251551956 0.8240958452 0.1520948708 0.5456492901
-273.4 95.1 2682.4 0.5107752085 0.2182472646 -0.8315508366 -0.2292094678 0.9668011069 0.1129542291 0.8285962343 0.1329051256 0.5438423753
-304.6 320.7 2587.8 -0.2792072892 0.7836146355 -0.5549697280 0.8709911704 0.4499909878 0.1971863210 0.4042494595 -0.4283179045 -0.8081622124
-208.6 21.1 2448.8 -0.6173341274 0.7836146355 -0.0696184337 0.6412853599 0.4499909878 -0.6214991212 -0.4556881487 -0.4283179045 -0.7803153992
-155.4 253.7 2829.9 0.0159940068 0.7097433805 -0.7042787075 -0.8822959065 0.3414119482 0.3240243196 0.4704232812 0.6161997914 0.6316642165
-152.2 77.0 2924.1 0.5740768909 0.7097433805 -0.4082891643 -0.7872721553 0.3414119482 -0.5134593248 -0.2250295430 0.6161997914 0.7547578812
-362.5 -76.2 2580.2 0.6005270481 0.0660301149 -0.7968734503 -0.0012969972 0.9966636896 0.0816076100 0.7996034026 -0.0479740314 0.5986091495
-388.7 -472.3 2599.3 0.6062621474 -0.0118513517 -0.7951765656 -0.1198146865 0.9871146679 -0.1060616672 0.7861874104 0.1595750004 0.5970302820
-270.6 -119.3 2733.0 -0.3291749954 0.2153039873 0.9193954468 -0.0330015868 0.9704405069 -0.2390734106 -0.9436920881 -0.1090385020 -0.3123393953
-356.0 -504.4 2776.2 -0.3291749954 -0.2827712595 0.9009351730 -0.0330015868 0.9569709301 0.2883010805 -0.9436920881 0.0651692227 -0.3243428171
-26.3 -168.2 2583.3 0 0 0 0 0 0 0 0 0
-3.0 -127.5 2865.6 0 0 0 0 0 0 0 0 0
-384.6 -817.4 2543.5 0 0 0 0 0 0 0 0 0
-253.6 -851.0 2752.6 0 0 0 0 0 0 0 0 0
-179.3 483.1 2739.0 0 0.4887764752 0.2480507195 -0.8364020586 -0.2678057849 0.9550989270 0.1267521977 0.8302876949 0.1620398164 0.5332592726
-230.6 285.4 2705.5 0.4887764752 0.2480507195 -0.8364020586 -0.2678057849 0.9550989270 0.1267521977 0.8302876949 0.1620398164 0.5332592726
-274.6 93.7 2677.1 0.4962018430 0.2212022394 -0.8395554423 -0.2374271005 0.9647104740 0.1138511449 0.8351120353 0.1428400576 0.5312105417
-303.1 320.1 2583.5 -0.3003979623 0.7730329633 -0.5587316751 0.8635651469 0.4691509604 0.1848041564 0.4049892128 -0.4269863963 -0.8084963560
-199.2 21.4 2443.5 -0.6304008961 0.7730329633 -0.0708148330 0.6432680488 0.4691509604 -0.6050649285 -0.4345123172 -0.4269863963 -0.7930206060
-158.2 250.7 2827.5 0.0038029114 0.7015828490 -0.7125777006 -0.8854794502 0.3334758580 0.3236047626 0.4646630287 0.6297422647 0.6225053668
-157.4 73.4 2920.5 0.5734149218 0.7015828490 -0.4230564833 -0.7888693810 0.3334758580 -0.5162159801 -0.2210891694 0.6297422647 0.7446773052
-363.6 -76.0 2580.0 0.5887673497 0.0578301661 -0.8062311411 0.0079128230 0.9969772100 0.0772906989 0.8082638383 -0.0518858060 0.5865300298
-386.6 -472.2 2600.6 0.5948690176 -0.0039331364 -0.8038130403 -0.1279429346 0.9867764115 -0.0995137021 0.7935751081 0.1620398164 0.5864994526
-269.9 -118.0 2732.0 -0.3156821132 0.2072783411 0.9259484410 -0.0318377912 0.9729850888 -0.2286621332 -0.9483307004 -0.1016646996 -0.3005547225
-352.2 -504.4 2772.4 -0.3160903156 -0.2636054456 0.9113720655 -0.0303480625 0.9629419446 0.2679959238 -0.9482436180 0.0570525415 -0.3123765290
-13.2 -168.5 2571.7 0 0 0 0 0 0 0 0 0
-8.4 -131.6 2863.1 0 0 0 0 0 0 0 0 0
-385.2 -820.0 2543.5 0 0 0 0 0 0 0 0 0
-259.2 -844.3 2752.2 0 0 0 0 0 0 0 0 0
-181.3 478.8 2738.4 1 0.5012047887 0.2459697425 -0.8296340704 -0.2533502579 0.9584493041 0.1311050057 0.8274100423 0.1444775462 0.5426958799
-231.8 282.3 2708.8 0.5012047887 0.2459697425 -0.8296340704 -0.2533502579 0.9584493041 0.1311050057 0.8274100423 0.1444775462 0.5426958799
-275.4 90.2 2683.2 0.5077864528 0.2197254598 -0.8329907656 -0.2261375189 0.9670159221 0.1172263324 0.8312729597 0.1288445145 0.5407257676
-305.9 315.3 2587.4 -0.3148550391 0.7575907111 -0.5717714429 0.8464125395 0.4966992736 0.1920304149 0.4294789135 -0.4234927595 -0.7976225615
-196.8 22.1 2438.6 -0.6484395862 0.7575907111 -0.0747155324 0.6469706297 0.4966992736 -0.5785489082 -0.4011921287 -0.4234927595 -0.8122184277
-157.6 249.3 2830.2 0.0128885172 0.7085137963 -0.7055792212 -0.8800352812 0.3430552483 0.3284068108 0.4747334123 0.6167019606 0.6279386282
-155.0 73.0 2925.3 0.5732367039 0.7085137963 -0.4115918577 -0.7894650698 0.3430552483 -0.5089774132 -0.2194187939 0.6167019606 0.7559987307
-364.0 -76.2 2572.2 0.5990118384 0.0566627942 -0.7987328172 0.0165935662 0.9964005351 0.0831298977 0.8005682230 -0.0630496219 0.5959154963
-386.5 -472.2 2597.2 0.6056379676 -0.0053280764 -0.7957224846 -0.1219285578 0.9875475764 -0.0994144231 0.7863434553 0.1572304368 0.5974466801
-273.0 -119.8 2725.3 -0.3264446855 0.2013075501 0.9235308170 -0.0371678136 0.9735680819 -0.2253523618 -0.9444852471 -0.1078907028 -0.3103339672
-353.0 -506.5 2768.2 -0.3235759437 -0.2696344852 0.9069706798 -0.0474712774 0.9619569182 0.2690452635 -0.9450106025 0.0440015234 -0.3240660131
-6.6 -167.7 2556.3 0 0 0 0 0 0 0 0 0
-6.0 -132.1 2868.2 0 0 0 0 0 0 0 0 0
-384.7 -818.3 2542.1 0 0 0 0 0 0 0 0 0
-257.2 -848.2 2752.5 0 0 0 0 0 0 0 0 0
-182.6 479.9 2746.6 2 0.4640588164 0.2376977205 -0.8533166051 -0.2462226897 0.9599744081 0.1335048676 0.8508958817 0.1481517851 0.5040111542
-231.2 284.0 2716.3 0.4640588164 0.2376977205 -0.8533166051 -0.2462226897 0.9599744081 0.1335048676 0.8508958817 0.1481517851 0.5040111542
-273.7 91.6 2690.8 0.4707021415 0.2141734809 -0.8559025526 -0.2178741693 0.9682623744 0.1224698722 0.8549680114 0.1288322359 0.5024260283
-299.9 315.8 2591.6 -0.2950240970 0.7455055118 -0.5976473093 0.8336709738 0.5064553618 0.2202172577 0.4668548703 -0.4332718253 -0.7709228396
-197.7 27.0 2429.9 -0.6589203477 0.7455055118 -0.1002273485 0.6578049660 0.5064553618 -0.5574904084 -0.3648515046 -0.4332718253 -0.8241109848
-162.5 252.2 2841.1 -0.0085018650 0.6809045076 -0.7323228717 -0.8754843473 0.3487947583 0.3344688416 0.4831717312 0.6439808011 0.5931558013
-164.2 76.9 2937.8 0.5816751122 0.6809045076 -0.4449978471 -0.7918345332 0.3487947583 -0.5013384819 -0.1861506999 0.6439808011 0.7420489788
-365.6 -81.3 2581.4 0.5612223148 0.0585995466 -0.8255880475 -0.0099334326 0.9978954792 0.0640771911 0.8276054859 -0.0277606267 0.5606233478
-388.9 -477.6 2592.4 0.5653654337 -0.0072515393 -0.8248086572 -0.1182007194 0.9889286160 -0.0897151753 0.8163274527 0.1482148319 0.5582489371
-272.5 -122.7 2733.8 -0.2803598642 0.1943245828 0.9400193095 -0.0256337374 0.9774289727 -0.2097032964 -0.9595526457 -0.0828885958 -0.2690505981
-349.6 -511.0 2766.7 -0.2790206075 -0.2648111284 0.9230507016 -0.0305183437 0.9631854296 0.2671001256 -0.9598000646 0.0463564657 -0.2768301964
-3.5 -166.8 2537.4 0 0 0 0 0 0 0 0 0
-13.1 -128.8 2889.5 0 0 0 0 0 0 0 0 0
-386.4 -815.3 2541.8 0 0 0 0 0 0 0 0 0
-257.6 -845.9 2750.6 0 0 0 0 0 0 0 0 0
-183.1 480.4 2740.7 3 0.4613283277 0.2369532883 -0.8550025225 -0.2247616053 0.9634538293 0.1457360089 0.8582880497 0.1249395907 0.4977265298
-231.5 283.7 2715.2 0.4613283277 0.2369532883 -0.8550025225 -0.2247616053 0.9634538293 0.1457360089 0.8582880497 0.1249395907 0.4977265298
-273.7 90.7 2694.5 0.4682741463 0.2125061452 -0.8576481938 -0.1948579699 0.9715871811 0.1343456358 0.8618292809 0.1042090058 0.4963776767
-299.8 312.1 2589.4 -0.3165012896 0.7626544833 -0.5640789866 0.8239438534 0.5156854987 0.2349149436 0.4700462818 -0.3904184997 -0.7915995717
-190.8 28.2 2427.4 -0.6393889785 0.7626544833 -0.0976724699 0.6922258735 0.5156854987 -0.5048680902 -0.3346716464 -0.3904184997 -0.8576527834
-163.1 255.3 2841.0 -0.0088717453 0.6782540679 -0.7347739339 -0.8624826074 0.3666412532 0.3488523662 0.5060089827 0.6368246675 0.5817295313
-164.9 82.6 2942.2 0.5836061239 0.6782540679 -0.4465146959 -0.7953760028 0.3666412532 -0.4826501906 -0.1636487395 0.6368246675 0.7534410357
-359.4 -80.9 2586.9 0.5558972359 0.0858186036 -0.8268091679 -0.0253308415 0.9959433675 0.0863429233 0.8308649659 -0.0270540230 0.5558160543
-393.5 -476.4 2597.6 0.5607516766 -0.0236262120 -0.8276468515 -0.1205560714 0.9866106510 -0.1098438203 0.8191604018 0.1613729745 0.5503953099
-273.1 -120.8 2743.5 -0.2688007653 0.2033729106 0.9414805174 -0.0092792222 0.9768628478 -0.2136652917 -0.9631510973 -0.0661695972 -0.2606943548
-353.9 -508.9 2769.8 -0.2634656131 -0.2757680416 0.9244121909 -0.0280331392 0.9600529671 0.2784106135 -0.9642613530 0.0474374555 -0.2606715858
-1.9 -176.3 2526.3 0 0 0 0 0 0 0 0 0
-13.3 -124.0 2899.7 0 0 0 0 0 0 0 0 0
-385.4 -815.0 2542.2 0 0 0 0 0 0 0 0 0
-256.2 -849.2 2753.0 0 0 0 0 0 0 0 0 0
-186.1 480.2 2738.2 4 0.4688204825 0.2281595767 -0.8533173800 -0.2160710245 0.9663366079 0.1396671683 0.8564581871 0.1188983396 0.5023370385
-232.6 283.2 2714.0 0.4688204825 0.2281595767 -0.8533173800 -0.2160710245 0.9663366079 0.1396671683 0.8564581871 0.1188983396 0.5023370385
-273.1 89.6 2694.7 0.4757644236 0.2034798563 -0.8557126522 -0.1848516762 0.9742767215 0.1288982034 0.8599290848 0.0968547463 0.5011397600
-302.1 310.2 2588.4 -0.2611507773 0.7215499878 -0.6412221193 0.8040732741 0.5301492214 0.2690873742 0.5341033936 -0.4453172088 -0.7186279297
-215.0 41.9 2410.2 -0.6754196882 0.7215499878 -0.1522294283 0.6803953648 0.5301492214 -0.5059683323 -0.2843771577 -0.4453172088 -0.8490124941
-163.2 256.2 2839.5 0.0030685156 0.6787427068 -0.7343696952 -0.8593177795 0.3773740530 0.3451981544 0.5114328265 0.6299977303 0.5844137073
-162.6 84.2 2941.9 0.5904741883 0.6787427068 -0.4366331697 -0.7904976010 0.3773740530 -0.4823923707 -0.1626462936 0.6299977303 0.7593741417
-358.9 -84.4 2594.8 0.5590769053 0.0885980427 -0.8243684769 -0.0439315289 0.9960430264 0.0772547200 0.8279510736 -0.0069755632 0.5607569218
-394.0 -480.1 2597.6 0.5628798604 -0.0282227658 -0.8260567188 -0.1196417660 0.9861091375 -0.1152156517 0.8178337812 0.1636834592 0.5516843200
-273.0 -120.2 2752.8 -0.2669930160 0.2008475661 0.9425364733 0.0214897245 0.9790384769 -0.2025384605 -0.9634588361 -0.0338215083 -0.2657125890
-352.8 -509.0 2766.2 -0.2506695986 -0.2726126313 0.9288956523 -0.0378384441 0.9615567327 0.2719870210 -0.9673329592 0.0330309160 -0.2513482869
-18.0 -156.5 2493.1 0 0 0 0 0 0 0 0 0
-9.2 -121.2 2899.7 0 0 0 0 0 0 0 0 0
-384.4 -815.9 2541.8 0 0 0 0 0 0 0 0 0
-256.5 -848.6 2754.5 0 0 0 0 0 0 0 0 0
-186.4 483.3 2747.0 5 0.4406581521 0.2184572965 -0.8706875443 -0.2115716785 0.9678866863 0.1357675493 0.8723862767 0.1243857518 0.4727265239
-231.2 284.8 2721.5 0.4406581521 0.2184572965 -0.8706875443 -0.2115716785 0.9678866863 0.1357675493 0.8723862767 0.1243857518 0.4727265239
-270.1 91.0 2701.3 0.4471471906 0.1960321814 -0.8727145791 -0.1811499000 0.9753163457 0.1262643337 0.8759247065 0.1016334221 0.4716211855
-296.5 311.3 2593.6 -0.2535456717 0.7430592179 -0.6193364263 0.7936168909 0.5258586407 0.3060145974 0.5530703664 -0.4139271677 -0.7230334878
-210.2 41.3 2405.5 -0.6542181373 0.7430592179 -0.1409312338 0.7010339499 0.5258586407 -0.4816888273 -0.2838134170 -0.4139271677 -0.8649359941
-165.9 258.3 2849.3 -0.0106778853 0.6554942727 -0.7551246285 -0.8583712578 0.3813524246 0.3431750536 0.5129178762 0.6518416405 0.5585854053
-168.1 86.5 2952.0 0.5987311006 0.6554942727 -0.4602698386 -0.7884779572 0.3813524246 -0.4825689495 -0.1407961845 0.6518416405 0.7451703548
-357.1 -87.0 2596.7 0.5310888886 0.0806495771 -0.8434692025 -0.0377584845 0.9967235923 0.0715286732 0.8464744091 -0.0061399620 0.5323939919
-389.2 -483.0 2599.1 0.5346592665 -0.0119192852 -0.8449836373 -0.1323795319 0.9863746762 -0.0976762474 0.8346347213 0.1640820652 0.5257965326
-269.9 -120.9 2754.3 -0.2373084277 0.2086391598 0.9487646818 0.0040507657 0.9768677354 -0.2138060033 -0.9714258909 -0.0468947440 -0.2326640934
-352.8 -508.9 2773.0 -0.2321282327 -0.2777901590 0.9321743846 -0.0139804240 0.9592054486 0.2823641002 -0.9725847244 0.0525124818 -0.2265422791
-16.6 -166.2 2489.4 0 0 0 0 0 0 0 0 0
-12.5 -118.3 2915.5 0 0 0 0 0 0 0 0 0
-385.1 -817.8 2543.4 0 0 0 0 0 0 0 0 0
-254.4 -848.6 2754.4 0 0 0 0 0 0 0 0 0
-185.1 482.6 2751.4 6 0.4491394758 0.2172291577 -0.8666517138 -0.2218564749 0.9667289853 0.1273374408 0.8654787540 0.1350800395 0.4823898077
-229.7 284.0 2723.6 0.4491394758 0.2172291577 -0.8666517138 -0.2218564749 0.9667289853 0.1273374408 0.8654787540 0.1350800395 0.4823898077
-267.9 90.3 2701.6 0.4561437666 0.1920804679 -0.8689292073 -0.1886268258 0.9751102924 0.1165327206 0.8696854711 0.1107476801 0.4810220003
-296.3 311.6 2596.6 -0.2739578784 0.7646271586 -0.5833458304 0.7857313752 0.5277178288 0.3227075040 0.5545929670 -0.3699448705 -0.7453640103
-200.2 35.9 2402.0 -0.6341602206 0.7646271586 -0.1148307174 0.7183645964 0.5277178288 -0.4532837570 -0.2859948575 -0.3699448705 -0.8839387894
-163.1 256.5 2850.6 -0.0016281690 0.6595679522 -0.7516431808 -0.8640302420 0.3774783611 0.3331094086 0.5034373403 0.6499847770 0.5692720413
-163.4 83.4 2951.4 0.6014460921 0.6595679522 -0.4508133829 -0.7836971283 0.3774783611 -0.4932838380 -0.1551819146 0.6499847770 0.7439343929
-350.0 -86.2 2600.9 0.5380306840 0.0968563259 -0.8373420835 -0.0567286871 0.9952849150 0.0786749721 0.8410141468 0.0051717679 0.5409883857
-388.5 -481.6 2598.8 0.5404348969 -0.0104999393 -0.8413203359 -0.1329006404 0.9863042235 -0.0976801291 0.8308234215 0.1646017581 0.5316377878
-268.1 -119.4 2761.4 -0.2423475832 0.2091706395 0.9473728538 0.0324926339 0.9776843786 -0.2075511813 -0.9696452618 -0.0195168871 -0.2437359542
-351.2 -507.7 2769.2 -0.2308935970 -0.2716439664 0.9342899323 -0.0087807169 0.9607791305 0.2771756649 -0.9729393721 0.0557943508 -0.2242229879
-12.0 -177.3 2486.9 0 0 0 0 0 0 0 0 0
-7.2 -120.1 2911.1 0 0 0 0 0 0 0 0 0
-384.9 -817.9 2542.7 0 0 0 0 0 0 0 0 0
-256.3 -843.1 2749.7 0 0 0 0 0 0 0 0 0
-185.1 481.4 2753.6 7 0.4643153846 0.2136308849 -0.8595191240 -0.2254165113 0.9670193791 0.1185789108 0.8565037251 0.1386917830 0.4971578717
-229.1 282.3 2725.0 0.4643153846 0.2136308849 -0.8595191240 -0.2254165113 0.9670193791 0.1185789108 0.8565037251 0.1386917830 0.4971578717
-266.8 88.6 2701.8 0.4707503319 0.1893210709 -0.8617143631 -0.1944039911 0.9749581218 0.1079990864 0.8605818748 0.1166801006 0.4957666397
-297.9 310.7 2599.3 -0.2419695258 0.7537320852 -0.6110144854 0.7756251693 0.5286129117 0.3449261487 0.5829720497 -0.3904565573 -0.7125217915
-213.5 40.3 2396.1 -0.6411469579 0.7537320852 -0.1442862898 0.7219264507 0.5286129117 -0.4465317726 -0.2602937520 -0.3904565573 -0.8830576539
-160.4 253.9 2850.7 0.0103187989 0.6680632830 -0.7440329194 -0.8685910106 0.3746380508 0.3243392706 0.4954222143 0.6429135203 0.5841395855
-158.3 80.0 2949.9 0.6025175452 0.6680632830 -0.4366510212 -0.7793655992 0.3746380508 -0.5022306442 -0.1719357371 0.6429135203 0.7463915348
-347.9 -86.2 2599.9 0.5513324738 0.0958903730 -0.8287566304 -0.0643076599 0.9953018427 0.0723794699 0.8318034410 0.0133902421 0.5549086928
-386.0 -481.7 2594.6 0.5521641970 0.0020351934 -0.8337329030 -0.1225610003 0.9893313646 -0.0787546113 0.8246778250 0.1456686109 0.5465227365
-264.2 -120.8 2759.4 -0.2596899867 0.2186064124 0.9406234026 0.0317083932 0.9754458070 -0.2179452032 -0.9651713371 -0.0267725289 -0.2602451444
-351.1 -508.3 2770.0 -0.2461444885 -0.2722773254 0.9302031994 -0.0172400083 0.9608091712 0.2766739726 -0.9690797925 0.0520650670 -0.2411919534
-23.7 -173.5 2473.1 0 0 0 0 0 0 0 0 0
-1.8 -122.5 2905.2 0 0 0 0 0 0 0 0 0
-386.7 -817.8 2545.1 0 0 0 0 0 0 0 0 0
-255.2 -846.7 2751.7 0 0 0 0 0 0 0 0 0
-185.4 480.1 2754.2 8 0.4818561971 0.2113429606 -0.8503815532 -0.2296714932 0.9670106173 0.1101884767 0.8456155062 0.1422134042 0.5144994855
-228.9 281.1 2724.9 0.4818561971 0.2113429606 -0.8503815532 -0.2296714932 0.9670106173 0.1101884767 0.8456155062 0.1422134042 0.5144994855
-266.2 87.4 2700.8 0.4879969358 0.1874486953 -0.8524798751 -0.1997719407 0.9747291207 0.0999714062 0.8496764898 0.1215158254 0.5131118298
-300.2 310.3 2600.8 -0.1941400617 0.7543811202 -0.6270715594 0.7608410716 0.5192956328 0.3891694844 0.6192176342 -0.4015484154 -0.6747802496
-233.5 49.0 2388.2 -0.6369817257 0.7543811202 -0.1586296856 0.7269122005 0.5192956328 -0.4493669868 -0.2566182613 -0.4015484154 -0.8791506886
-157.6 252.0 2849.0 0.0234399457 0.6787259579 -0.7340174317 -0.8727903962 0.3719469011 0.3160576820 0.4875320792 0.6332349777 0.6011039019
-153.0 77.2 2946.6 0.6023355126 0.6787259579 -0.4201464057 -0.7752400041 0.3719469011 -0.5105471611 -0.1902495027 0.6332349777 0.7502123713
-347.6 -87.3 2599.7 0.5686194897 0.0955511406 -0.8170323372 -0.0568464287 0.9954207540 0.0768508166 0.8206341267 0.0027465015 0.5714473724
-385.5 -482.9 2598.6 0.5696645379 0.0055678370 -0.8218584657 -0.1274273843 0.9884831905 -0.0816285983 0.8119387627 0.1512281895 0.5638133287
-261.2 -123.0 2757.5 -0.2807573378 0.2292395383 0.9320002794 0.0281203892 0.9726052284 -0.2307559103 -0.9593667388 -0.0385782011 -0.2795123458
-352.3 -509.4 2772.9 -0.2679820061 -0.2740659118 0.9236198068 -0.0177154616 0.9599243999 0.2796985805 -0.9632610083 0.0585918315 -0.2620976567
-46.1 -164.9 2463.7 0 0 0 0 0 0 0 0 0
3.5 -124.2 2897.2 0 0 0 0 0 0 0 0 0
-387.4 -814.4 2547.9 0 0 0 0 0 0 0 0 0
-256.3 -845.8 2752.3 0 0 0 0 0 0 0 0 0
-183.4 479.6 2754.5 9 0.4919635355 0.2225958258 -0.8416786790 -0.2344718724 0.9649176598 0.1181389615 0.8384478688 0.1392299235 0.5268967748
-229.3 280.7 2725.8 0.4919635355 0.2225958258 -0.8416786790 -0.2344718724 0.9649176598 0.1181389615 0.8384478688 0.1392299235 0.5268967748
-268.3 87.3 2702.0 0.4985432625 0.1962654293 -0.8443545103 -0.2040261477 0.9732362032 0.1057574302 0.8425129056 0.1195457429 0.5252436399
-302.1 310.5 2602.7 -0.1624994278 0.7437120676 -0.6484491229 0.7586789131 0.5143594742 0.3998007774 0.6308726072 -0.4269972742 -0.6478217840
-247.0 53.2 2388.8 -0.6403580308 0.7437120676 -0.1919217110 0.7315176725 0.5143594742 -0.4475670457 -0.2341442704 -0.4269972742 -0.8734127283
-156.5 250.9 2848.8 0.0240352321 0.6903385520 -0.7230871320 -0.8733016253 0.3665465415 0.3209173381 0.4865866899 0.6237598658 0.6116837859
-151.7 76.0 2946.3 0.5939357281 0.6903385520 -0.4131259620 -0.7794346809 0.3665465415 -0.5080602765 -0.1993036866 0.6237598658 0.7557788491
-348.2 -87.9 2598.7 0.5796602964 0.0986900479 -0.8088598251 -0.0629124194 0.9950960279 0.0763274953 0.8124259710 0.0066433051 0.5830265284
-387.4 -483.4 2596.1 0.5805314183 -0.0001083586 -0.8142378330 -0.1170946732 0.9895943403 -0.0836172998 0.8057742119 0.1438853890 0.5744779706
-258.7 -124.6 2754.5 -0.2747365534 0.2346137017 0.9324570894 0.0033589529 0.9700027108 -0.2430708110 -0.9615136981 -0.0636483654 -0.2672832906
-351.9 -509.9 2779.8 -0.2747365534 -0.2651133835 0.9242481589 0.0033589529 0.9609665275 0.2766442299 -0.9615136981 0.0791087896 -0.2631221414
-61.7 -158.5 2456.5 0 0 0 0 0 0 0 0 0
2.6 -126.5 2894.5 0 0 0 0 0 0 0 0 0
-387.4 -814.5 2547.9 0 0 0 0 0 0 0 0 0
-260.1 -842.8 2752.4 0 0 0 0 0 0 0 0 0
-181.5 480.4 2754.6 0 0.5013837218 0.2226451933 -0.8360882401 -0.2326122820 0.9654338360 0.1175966859 0.8333702087 0.1355233341 0.5358427763
-227.3 281.9 2726.7 0.5013837218 0.2226451933 -0.8360882401 -0.2326122820 0.9654338360 0.1175966859 0.8333702087 0.1355233341 0.5358427763
-266.4 88.5 2703.4 0.5076145530 0.1966573447 -0.8388404846 -0.2038014233 0.9733792543 0.1048704833 0.8371334672 0.1177231073 0.5341805220
-301.5 311.7 2604.5 -0.1462560445 0.7640844584 -0.6283184886 0.7577130198 0.4948641956 0.4254179299 0.6359875202 -0.4138651490 -0.6513336301
-251.7 54.0 2388.2 -0.6238716245 0.7640844584 -0.1641922295 0.7301030159 0.4948641956 -0.4712314010 -0.2788077295 -0.4138651490 -0.8665921092
-153.2 252.1 2849.0 0.0299880002 0.6965783834 -0.7168537378 -0.8733965158 0.3670267761 0.3201092482 0.4860856831 0.6164981127 0.6193954945
-147.2 77.2 2946.4 0.5925099850 0.6965783834 -0.4046115279 -0.7788301706 0.3670267761 -0.5086402893 -0.2058045715 0.6164981127 0.7599832416
-353.0 -87.4 2601.0 0.5887950063 0.0718233213 -0.8050850034 -0.0566019230 0.9972627759 0.0475723669 0.8062981367 0.0175589882 0.5912486911
-381.5 -483.5 2594.1 0.5889081955 0.0176713876 -0.8080067039 -0.1220113859 0.9902464151 -0.0672698393 0.7989370227 0.1382017732 0.5853203535
-261.6 -124.8 2755.5 -0.1972792298 0.2583833933 0.9456843734 0.0033824951 0.9648157954 -0.2629049420 -0.9803414941 -0.0486669093 -0.1912121028
-364.2 -508.0 2774.9 -0.1972792298 -0.2954023778 0.9347825050 0.0033824951 0.9533109665 0.3019714355 -0.9803414941 0.0627345890 -0.1870692521
-71.9 -156.4 2468.6 0 0 0 0 0 0 0 0 0
6.8 -125.1 2892.9 0 0 0 0 0 0 0 0 0
-387.5 -816.4 2547.6 0 0 0 0 0 0 0 0 0
-259.9 -844.5 2752.7 0 0 0 0 0 0 0 0 0
-180.6 481.9 2754.7 1 0.5088098049 0.2204259485 -0.8321808577 -0.2270348668 0.9668002725 0.1172705516 0.8304021955 0.1292656660 0.5419618487
-226.1 282.6 2728.0 0.5088098049 0.2204259485 -0.8321808577 -0.2270348668 0.9668002725 0.1172705516 0.8304021955 0.1292656660 0.5419618487
-265.3 89.2 2704.8 0.5137607455 0.1972701848 -0.8349457383 -0.2040378898 0.9733772874 0.1044279411 0.8333176970 0.1167095825 0.5403336287
-301.1 312.4 2606.3 -0.1433774680 0.7769134045 -0.6130647659 0.7678210139 0.4781654477 0.4263903797 0.6244148016 -0.4095892310 -0.6650885940
-252.7 53.4 2395.7 -0.6105996370 0.7769134045 -0.1535370797 0.7308694720 0.4781654477 -0.4870190918 -0.3049555421 -0.4095892310 -0.8597899675
-151.0 252.8 2849.8 0.0337656699 0.7009636164 -0.7123972774 -0.8735882640 0.3669587970 0.3196636140 0.4854930043 0.6115482450 0.6247441769
-144.3 77.8 2947.0 0.5912099481 0.7009636164 -0.3988994956 -0.7785709500 0.3669587970 -0.5090858936 -0.2104710340 0.6115482450 0.7626996040
-352.0 -86.2 2603.2 0.5937598348 0.0844845399 -0.8001947403 -0.0685182139 0.9961692095 0.0543336943 0.8017197251 0.0225667506 0.5972740054
-385.6 -482.0 2594.2 0.5942473412 0.0050974814 -0.8042662144 -0.1181145608 0.9896909595 -0.0809984654 0.7955620885 0.1431286633 0.5887233019
-258.9 -123.6 2756.7 -0.1990233064 0.2558489144 0.9460079670 0.0085549559 0.9657362103 -0.2593846321 -0.9799574018 -0.0435305312 -0.1943927854
-360.6 -507.3 2774.0 -0.1990233064 -0.2838857770 0.9379757643 0.0085549559 0.9565834999 0.2913327813 -0.9799574018 0.0660063550 -0.1879537851
-77.2 -156.7 2483.3 0 0 0 0 0 0 0 0 0
9.4 -124.5 2892.3 0 0 0 0 0 0 0 0 0
-387.3 -814.4 2546.2 0 0 0 0 0 0 0 0 0
-261.9 -839.9 2751.1 0 0 0 0 0 0 0 0 0
-179.4 481.9 2755.2 2 0.5157343745 0.2200790048 -0.8279995322 -0.2273055762 0.9669579268 0.1154322177 0.8260449171 0.1286765486 0.5487186313
-224.7 283.0 2728.8 0.5157343745 0.2200790048 -0.8279995322 -0.2273055762 0.9669579268 0.1154322177 0.8260449171 0.1286765486 0.5487186313
-264.0 89.5 2705.6 0.5205856562 0.1974808127 -0.8306575418 -0.2047626823 0.9733686447 0.1030811295 0.8288925290 0.1164251044 0.5471584201
-300.8 312.9 2607.7 -0.1409477293 0.7772752047 -0.6131696701 0.7797138095 0.4688089192 0.4150477052 0.6100656986 -0.4195967913 -0.6721297503
-254.0 54.2 2405.3 -0.6067301631 0.7772752047 -0.1664986461 0.7350152731 0.4688089192 -0.4898681045 -0.3027062714 -0.4195967913 -0.8557496667
-148.7 253.1 2849.8 0.0383129828 0.7055780292 -0.7075957656 -0.8742046356 0.3666777313 0.3182980418 0.4840437174 0.6063885689 0.6308680773
-141.0 78.0 2946.8 0.5900861621 0.7055780292 -0.3923747838 -0.7778373361 0.3666777313 -0.5104082227 -0.2162577063 0.6063885689 0.7651963830
-351.6 -85.5 2605.2 0.6005029082 0.0794648081 -0.7956642509 -0.0657899156 0.9965860844 0.0498784408 0.7969114780 0.0223945342 0.6036808491
-383.2 -481.6 2596.3 0.6011591554 0.0078947162 -0.7990903258 -0.1269354671 0.9881991744 -0.0857310668 0.7889835238 0.1529709101 0.5950670838
-257.4 -123.0 2758.1 -0.2251911461 0.2650116682 0.9375808239 0.0107165212 0.9629132748 -0.2695980966 -0.9742556810 -0.0506634973 -0.2196795493
-362.7 -505.6 2778.2 -0.2251911461 -0.2900290191 0.9301462770 0.0107165212 0.9538722634 0.3000214994 -0.9742556810 0.0775301233 -0.2116954774
-80.6 -155.9 2491.8 0 0 0 0 0 0 0 0 0
12.3 -124.1 2890.6 0 0 0 0 0 0 0 0 0
-385.8 -817.4 2544.4 0 0 0 0 0 0 0 0 0
-260.0 -843.2 2750.8 0 0 0 0 0 0 0 0 0
-180.7 485.0 2757.0 3 0.5192777514 0.2121872455 -0.8278449178 -0.2336295694 0.9670327902 0.1013153493 0.8220509887 0.1407982409 0.5517318249
-224.5 285.6 2728.0 0.5192777514 0.2121872455 -0.8278449178 -0.2336295694 0.9670327902 0.1013153493 0.8220509887 0.1407982409 0.5517318249
-261.9 92.1 2702.9 0.5245243311 0.1883995682 -0.8302890062 -0.2082074136 0.9739837050 0.0894727632 0.8255445957 0.1259416789 0.5501043797
-301.1 316.0 2607.4 -0.1467783004 0.7809869647 -0.6070548296 0.7959933877 0.4575913250 0.3962381780 0.5872398615 -0.4250524640 -0.6888248920
-252.7 53.8 2413.9 -0.6001771688 0.7809869647 -0.1727620810 0.7381439209 0.4575913250 -0.4957355261 -0.3081085384 -0.4250524640 -0.8511166573
-147.8 255.2 2848.6 0.0478987433 0.7034730315 -0.7091060281 -0.8786840439 0.3672719598 0.3050010204 0.4749947786 0.6084709764 0.6357223988
-138.2 79.2 2943.7 0.5970371366 0.7034730315 -0.3855805099 -0.7698453069 0.3672719598 -0.5219669342 -0.2255767733 0.6084709764 0.7608404160
-350.9 -85.1 2606.5 0.6029646993 0.0787949413 -0.7938671112 -0.0689656958 0.9965333939 0.0465290919 0.7947813272 0.0266941935 0.6063085794
-382.3 -481.1 2595.9 0.6033774018 0.0110394033 -0.7973793745 -0.1280184537 0.9882766604 -0.0831893384 0.7871130705 0.1522738338 0.5977171063
-255.5 -122.7 2758.5 -0.2047228664 0.3417420387 0.9172245860 0.0076519037 0.9376019239 -0.3476263881 -0.9787900448 -0.0641485527 -0.1945635229
-390.8 -494.0 2783.9 -0.2047228664 -0.3541984558 0.9124867320 0.0076519037 0.9316237569 0.3633436263 -0.9787900448 0.0813670084 -0.1880144030
-81.5 -156.8 2501.8 0 0 0 0 0 0 0 0 0
16.9 -120.8 2885.1 0 0 0 0 0 0 0 0 0
-386.0 -815.9 2544.3 0 0 0 0 0 0 0 0 0
-255.3 -850.4 2752.8 0 0 0 0 0 0 0 0 0
-180.3 483.3 2756.4 4 0.5264230371 0.2171090841 -0.8220355511 -0.2360735685 0.9661545753 0.1039935201 0.8167912960 0.1393162757 0.5598597527
-224.9 285.0 2727.8 0.5264230371 0.2171090841 -0.8220355511 -0.2360735685 0.9661545753 0.1039935201 0.8167912960 0.1393162757 0.5598597527
-263.4 91.7 2703.1 0.5318164229 0.1939821690 -0.8243435025 -0.2106307745 0.9731217623 0.0931060389 0.8202474713 0.1241167858 0.5583807826
-302.6 315.8 2608.0 -0.1512051970 0.7816953659 -0.6050531864 0.8018181324 0.4549683332 0.3874164820 0.5781217217 -0.4265632331 -0.6955710649
-253.1 53.4 2418.8 -0.5992360115 0.7816953659 -0.1728252769 0.7374609113 0.4549683332 -0.4991544783 -0.3115566969 -0.4265632331 -0.8491032124
-147.2 254.3 2847.6 0.0487244055 0.7111465931 -0.7013533115 -0.8789421916 0.3640649021 0.3080866337 0.4744328856 0.6014376879 0.6427955627
