-52.7 386.1 2471.3 7 0.3832985461 0.2980799675 -0.8742027879 -0.2638686299 0.9423843026 0.2056335658 0.8851302862 0.1518556476 0.4398684800
-112.5 197.0 2440.8 0.3832985461 0.2980799675 -0.8742027879 -0.2638686299 0.9423843026 0.2056335658 0.8851302862 0.1518556476 0.4398684800
-164.5 11.3 2418.4 0.3967419565 0.2677363753 -0.8780165315 -0.2187514752 0.9565368295 0.1928344220 0.8914839625 0.1155619100 0.4380660355
-166.7 226.9 2319.1 -0.0056330604 0.4685628712 -0.8834121823 0.7228962183 0.6123067141 0.3201586604 0.6909337044 -0.6368118525 -0.3421714604
-165.1 29.4 2130.4 -0.8383276463 0.4685628712 -0.2786675692 0.5355617404 0.6123067141 -0.5815961957 -0.1018843353 -0.6368118525 -0.7642579675
-58.4 167.1 2562.5 -0.1743820906 0.8875081539 -0.4265210629 -0.9541786909 -0.0453333482 0.2957836688 0.2431747615 0.4585566521 0.8547466397
-100.5 -63.7 2621.3 0.1919416040 0.8875081539 -0.4189125896 -0.8683333397 -0.0453333482 -0.4939049780 -0.4573353827 0.4585566521 0.7619515061
-256.7 -160.8 2320.8 0.5248175263 -0.0173894893 -0.8510371447 0.0367288776 0.9993227720 0.0022305071 0.8504219651 -0.0324282460 0.5251008272
-249.9 -548.7 2333.3 0.5224334002 0.1573786885 -0.8380306363 0.0214908253 0.9800769687 0.1974519193 0.8524092436 -0.1211654395 0.5086427331
-181.2 -199.1 2478.5 0.5344904661 -0.0099731423 -0.8451156616 -0.0016104487 0.9999165535 -0.0128184576 0.8451729417 0.0082123587 0.5344297886
-177.3 -587.2 2475.3 0.5317192078 -0.0833963752 -0.8428046703 0.0360639282 0.9964669347 -0.0758489519 0.8461524844 0.0099354982 0.5328482389
63.1 -116.4 2158.1 0 0 0 0 0 0 0 0 0
-49.8 -293.3 2500.4 0 0 0 0 0 0 0 0 0
-308.6 -914.6 2378.6 0 0 0 0 0 0 0 0 0
-155.0 -853.5 2472.7 0 0 0 0 0 0 0 0 0
-51.3 382.1 2475.1 8 0.3689156771 0.3025275171 -0.8788505793 -0.2652471364 0.9404937625 0.2124040425 0.8908115029 0.1547534168 0.4272074401
-111.5 195.0 2444.3 0.3689156771 0.3025275171 -0.8788505793 -0.2652471364 0.9404937625 0.2124040425 0.8908115029 0.1547534168 0.4272074401
-164.3 9.7 2420.8 0.3818178475 0.2722059190 -0.8832435012 -0.2227045596 0.9545840025 0.1979191899 0.8970049024 0.1211332828 0.4250987172
-163.6 225.4 2321.9 -0.0030301120 0.4720755219 -0.8815528750 0.7303326130 0.6032257676 0.3205197752 0.6830849648 -0.6428556442 -0.3465999961
-162.8 27.8 2137.0 -0.8402097821 0.4720755219 -0.2668186128 0.5285899043 0.6032257676 -0.5972532034 -0.1209967658 -0.6428556442 -0.7563705444
-59.3 164.5 2566.8 -0.1842734814 0.8801800013 -0.4374087453 -0.9533819556 -0.0518668480 0.2972753644 0.2389688343 0.4717975855 0.8487054706
-103.9 -66.0 2624.6 0.1931954622 0.8801800013 -0.4335419834 -0.8687923551 -0.0518668480 -0.4924526811 -0.4559334815 0.4717975855 0.7546732426
-251.9 -154.7 2316.2 0.5120934844 -0.0056736283 -0.8589109778 0.0407848656 0.9990108609 0.0177173745 0.8579608798 -0.0441035219 0.5118183494
-249.7 -542.5 2333.3 0.5075489283 0.1575500369 -0.8470962644 0.0110128438 0.9818738103 0.1892155856 0.8615525365 -0.1053651050 0.4966139197
-180.9 -193.9 2475.8 0.5216527581 -0.0142432097 -0.8530390263 -0.0050909570 0.9997908473 -0.0198067650 0.8531427383 0.0146750379 0.5214711428
-175.4 -582.0 2470.1 0.5186723471 -0.0695732459 -0.8521376252 0.0483679958 0.9974751472 -0.0519991592 0.8536038399 -0.0142456656 0.5207278728
66.0 -116.2 2170.0 0 0 0 0 0 0 0 0 0
-52.8 -295.8 2504.0 0 0 0 0 0 0 0 0 0
-308.5 -909.0 2372.7 0 0 0 0 0 0 0 0 0
-156.2 -857.4 2474.1 0 0 0 0 0 0 0 0 0
-52.6 382.5 2475.6 9 0.3855334818 0.3034526110 -0.8713669777 -0.2824068069 0.9378594160 0.2016585320 0.8784134984 0.1683338583 0.4472732842
-113.0 195.9 2442.1 0.3855334818 0.3034526110 -0.8713669777 -0.2824068069 0.9378594160 0.2016585320 0.8784134984 0.1683338583 0.4472732842
-166.7 11.2 2416.0 0.3982526958 0.2766357958 -0.8745669723 -0.2409799993 0.9515026808 0.1912360936 0.8850556016 0.1345928609 0.4456022382
-167.3 228.8 2321.2 -0.0509860478 0.5200343728 -0.8526222110 0.7470331788 0.5864742994 0.3130325675 0.6628286839 -0.6209768057 -0.4183849394
-153.4 24.2 2139.6 -0.8196557164 0.5200343728 -0.2402681410 0.5471554995 0.5864742994 -0.5972175598 -0.1696625650 -0.6209768057 -0.7652466297
-58.6 163.0 2562.9 -0.1820872575 0.8888087273 -0.4205511510 -0.9574853182 -0.0629469007 0.2815308273 0.2237546593 0.4539347291 0.8624830842
-102.6 -68.5 2617.0 0.1824334115 0.8888087273 -0.4204011261 -0.8600549698 -0.0629469007 -0.5063033700 -0.4764698148 0.4539347291 0.7529407740
-251.3 -155.7 2317.0 0.5283104181 -0.0025059644 -0.8490476012 0.0395565629 0.9989824295 0.0216651354 0.8481293321 -0.0450313240 0.5278719664
-250.3 -543.5 2334.5 0.5236258507 0.1513414979 -0.8383983374 0.0072921892 0.9832630157 0.1820457876 0.8519171476 -0.1014376357 0.5137583017
-182.9 -195.6 2477.7 0.5374329686 -0.0250391979 -0.8429346681 -0.0067778458 0.9993985891 -0.0340083018 0.8432792425 0.0239904635 0.5369399786
-173.2 -583.5 2468.3 0.5349327326 -0.0589074679 -0.8428385854 0.0506231561 0.9980089068 -0.0376230925 0.8433766961 -0.0225413255 0.5368497372
70.6 -125.3 2186.0 0 0 0 0 0 0 0 0 0
-54.4 -296.0 2491.0 0 0 0 0 0 0 0 0 0
-306.8 -910.5 2372.4 0 0 0 0 0 0 0 0 0
-157.1 -856.6 2474.5 0 0 0 0 0 0 0 0 0
-55.0 379.5 2476.8 0 0.4113718867 0.2958489358 -0.8621175289 -0.2801358104 0.9411134124 0.1892867386 0.8673506379 0.1636427343 0.4700254798
-113.5 193.2 2444.4 0.4113718867 0.2958489358 -0.8621175289 -0.2801358104 0.9411134124 0.1892867386 0.8673506379 0.1636427343 0.4700254798
-166.0 8.1 2418.8 0.4232646525 0.2701297402 -0.8647987843 -0.2403184026 0.9538005590 0.1803096980 0.8735525608 0.1315083355 0.4686272144
-171.3 226.0 2325.1 -0.1084675044 0.5671662688 -0.8164295554 0.7447489500 0.5903570056 0.3111713827 0.6584708095 -0.5742830634 -0.4864310026
-141.4 20.2 2143.2 -0.7949815392 0.5671662688 -0.2152366489 0.5746394992 0.5903570056 -0.5668051243 -0.1944062561 -0.5742830634 -0.7952390909
-55.7 160.4 2563.6 -0.1663054824 0.9007793665 -0.4011720121 -0.9602623582 -0.0554670803 0.2735317647 0.2241399288 0.4307202101 0.8742089868
-96.0 -71.8 2617.8 0.1790240258 0.9007793665 -0.3956600726 -0.8561882377 -0.0554670803 -0.5136780143 -0.4846566617 0.4307202101 0.7613067627
-256.0 -151.8 2310.6 0.5491548777 -0.0132517228 -0.8356155157 0.0613865182 0.9978128672 0.0245184097 0.8334630132 -0.0647599325 0.5487672687
-250.9 -539.1 2335.7 0.5408380032 0.1448552907 -0.8285596967 -0.0030752397 0.9853932261 0.1702668071 0.8411211371 -0.0895387381 0.5333835483
-184.7 -195.0 2469.1 0.5581199527 -0.0361513644 -0.8289723992 0.0174098294 0.9993407130 -0.0318596363 0.8295776248 0.0033492304 0.5583813787
-170.7 -582.9 2467.8 0.5565963387 -0.0574062280 -0.8287973404 0.0486628711 0.9981497526 -0.0364557579 0.8293566108 -0.0200405177 0.5583600402
77.4 -137.9 2196.7 0 0 0 0 0 0 0 0 0
-48.6 -298.3 2489.6 0 0 0 0 0 0 0 0 0
-305.0 -906.9 2369.2 0 0 0 0 0 0 0 0 0
-155.1 -854.4 2473.2 0 0 0 0 0 0 0 0 0
-55.1 378.2 2476.9 1 0.4149885178 0.2955720127 -0.8604776263 -0.2785522044 0.9416198730 0.1891048998 0.8661369681 0.1612115502 0.4730936885
-113.5 192.0 2445.0 0.4149885178 0.2955720127 -0.8604776263 -0.2785522044 0.9416198730 0.1891048998 0.8661369681 0.1612115502 0.4730936885
-166.1 6.9 2419.7 0.4265346229 0.2706342340 -0.8630326390 -0.2398995161 0.9538602829 0.1805514544 0.8720759153 0.1300296634 0.4717794359
-171.8 224.8 2325.9 -0.1471576095 0.6164920330 -0.7734870315 0.7393720746 0.5880058408 0.3279908597 0.6570186615 -0.5236284137 -0.5423465371
-130.9 19.2 2143.2 -0.7683168054 0.6164920330 -0.1721245199 0.5946483612 0.5880058408 -0.5483087301 -0.2368177474 -0.5236284137 -0.8183707595
-55.3 159.3 2564.1 -0.1654376686 0.9023940563 -0.3978886306 -0.9601313472 -0.0551881306 0.2740476727 0.2253402472 0.4273631275 0.8755469918
-95.3 -73.0 2618.6 0.1772922128 0.9023940563 -0.3927498758 -0.8563826680 -0.0551881306 -0.5133838058 -0.4849496484 0.4273631275 0.7630102038
-256.3 -155.6 2315.1 0.5523136258 -0.0208926052 -0.8333745599 0.0597014017 0.9981102943 0.0145442057 0.8314958811 -0.0577865914 0.5525172353
-248.2 -543.0 2337.5 0.5411649942 0.1620788723 -0.8251489997 -0.0183310267 0.9832902551 0.1811193675 0.8407166004 -0.0828896388 0.5350933671
-180.5 -198.6 2471.5 0.5614765286 -0.0125987465 -0.8273967505 0.0075905612 0.9999204278 -0.0100747589 0.8274578452 -0.0006236651 0.5615274906
-175.6 -586.6 2471.7 0.5590806603 -0.0756280124 -0.8256568313 0.0441601649 0.9971338511 -0.0614324957 0.8279364109 -0.0021154254 0.5608179569
82.9 -146.2 2209.1 0 0 0 0 0 0 0 0 0
-48.4 -299.5 2490.3 0 0 0 0 0 0 0 0 0
-308.7 -910.0 2368.5 0 0 0 0 0 0 0 0 0
-155.6 -851.1 2472.3 0 0 0 0 0 0 0 0 0
-54.1 377.4 2468.9 2 0.4252806008 0.3043180704 -0.8523654938 -0.2637338936 0.9425737262 0.2049371153 0.8657833934 0.1376418918 0.4811173081
-114.0 191.8 2441.8 0.4252806008 0.3043180704 -0.8523654938 -0.2637338936 0.9425737262 0.2049371153 0.8657833934 0.1376418918 0.4811173081
-167.4 6.6 2419.6 0.4355958402 0.2752785385 -0.8570169210 -0.2299705744 0.9545274973 0.1897123605 0.8702699542 0.1144507602 0.4790941775
-173.5 223.3 2323.0 -0.1614834219 0.5373643041 -0.8277455568 0.7356800437 0.6246162057 0.2619722486 0.6577978134 -0.5666517019 -0.4961933792
-130.7 28.2 2148.6 -0.8220609426 0.5373643041 -0.1882958710 0.5379622579 0.6246162057 -0.5660840869 -0.1865807325 -0.5666517019 -0.8025543690
-54.5 160.4 2560.7 -0.1659910232 0.9069946408 -0.3870499730 -0.9565210342 -0.0526343025 0.2868748009 0.2398218066 0.4178400636 0.8762962818
-94.6 -70.9 2618.7 0.1690239012 0.9069946408 -0.3857351542 -0.8632497191 -0.0526343025 -0.5020254254 -0.4756373167 0.4178400636 0.7740664482
-256.8 -156.8 2316.4 0.5621489882 -0.0140231932 -0.8269171119 0.0536570810 0.9983680844 0.0195460506 0.8252935410 -0.0553577505 0.5619840622
-251.4 -544.4 2337.9 0.5529285073 0.1444831043 -0.8206062913 -0.0198523458 0.9868560433 0.1603778601 0.8329921961 -0.0723865330 0.5485291481
-180.4 -199.8 2472.6 0.5708961487 -0.0130393244 -0.8209187388 0.0122460173 0.9998978972 -0.0073658801 0.8209309578 -0.0058478322 0.5709975362
-175.3 -587.9 2474.9 0.5688882470 -0.0807146579 -0.8184444308 0.0397228450 0.9967074990 -0.0706841424 0.8214549422 0.0077004372 0.5702214241
97.4 -121.1 2200.4 0 0 0 0 0 0 0 0 0
-49.9 -299.3 2492.9 0 0 0 0 0 0 0 0 0
-305.3 -912.7 2364.9 0 0 0 0 0 0 0 0 0
-153.9 -853.3 2472.8 0 0 0 0 0 0 0 0 0
-54.1 381.7 2473.4 3 0.4047879279 0.2964549363 -0.8650209308 -0.2737858891 0.9418820739 0.1946777850 0.8724609017 0.1580273062 0.4624276757
-112.9 194.9 2442.1 0.4047879279 0.2964549363 -0.8650209308 -0.2737858891 0.9418820739 0.1946777850 0.8724609017 0.1580273062 0.4624276757
-165.6 9.7 2417.5 0.4163201749 0.2714719176 -0.8677445054 -0.2352875024 0.9540428519 0.1855856329 0.8782467246 0.1269063950 0.4610612392
-169.8 227.0 2322.1 -0.1711848974 0.5239751935 -0.8343534470 0.7515006661 0.6170871258 0.2333457172 0.6371361613 -0.5870718956 -0.4994037151
-123.7 24.8 2150.7 -0.8287664056 0.5239751935 -0.1964590847 0.5283722281 0.6170871258 -0.5831177235 -0.1843068600 -0.5870718956 -0.7882750630
-56.1 162.7 2562.0 -0.1700505763 0.8974958658 -0.4069200754 -0.9582937360 -0.0543624461 0.2805669904 0.2296865433 0.4376595318 0.8693090677
-97.2 -69.1 2617.6 0.1807078123 0.8974958658 -0.4023006558 -0.8599125743 -0.0543624461 -0.5075382590 -0.4773835540 0.4376595318 0.7619442940
-259.9 -158.1 2319.4 0.5435075164 -0.0239611976 -0.8390622735 0.0481816977 0.9988349676 0.0026861320 0.8380203843 -0.0418873765 0.5440287590
-250.6 -545.8 2335.7 0.5359269381 0.1569649130 -0.8295446634 -0.0040367688 0.9830302000 0.1833992153 0.8442547321 -0.0949399024 0.5274659991
-181.8 -199.3 2475.3 0.5523760915 -0.0145692984 -0.8334677219 0.0083675059 0.9998937845 -0.0119329654 0.8335530162 -0.0003825612 0.5524393320
-176.2 -587.5 2475.5 0.5503718853 -0.0901410803 -0.8300393820 0.0322654322 0.9957084656 -0.0867383629 0.8342959285 0.0209567733 0.5509184003
106.7 -122.1 2201.9 0 0 0 0 0 0 0 0 0
-49.4 -296.5 2491.3 0 0 0 0 0 0 0 0 0
-309.1 -912.6 2371.1 0 0 0 0 0 0 0 0 0
-152.1 -853.1 2469.9 0 0 0 0 0 0 0 0 0
-50.7 384.1 2467.7 4 0.4322599471 0.3009609580 -0.8500434160 -0.2749477625 0.9417618513 0.1936190873 0.8588102460 0.1500237584 0.4898344576
-110.2 197.8 2438.0 0.4322599471 0.3009609580 -0.8500434160 -0.2749477625 0.9417618513 0.1936190873 0.8588102460 0.1500237584 0.4898344576
-164.0 12.7 2415.1 0.4441217482 0.2771173716 -0.8520339727 -0.2360570282 0.9535582662 0.1870928854 0.8643106818 0.1180365831 0.4889114499
-170.9 230.1 2320.0 -0.1968951374 0.5224943161 -0.8295974731 0.7616473436 0.6143268347 0.2061453015 0.6173537374 -0.5912716985 -0.5189143419
-117.0 21.6 2151.1 -0.8305676579 0.5224943161 -0.1927616745 0.5234830379 0.6143268347 -0.5903964639 -0.1900601238 -0.5912716985 -0.7837569118
-49.6 165.6 2556.0 -0.1641929597 0.9111053348 -0.3780579269 -0.9580188394 -0.0559696108 0.2811890244 0.2350330651 0.4083558619 0.8820458651
-89.3 -66.1 2612.9 0.1635599136 0.9111053348 -0.3783322275 -0.8602981567 -0.0559696108 -0.5067094564 -0.4828407764 0.4083558619 0.7746678591
-255.5 -154.4 2314.2 0.5704103708 -0.0095776571 -0.8213040233 0.0489046238 0.9985540509 0.0223204736 0.8199026585 -0.0528973937 0.5700539351
-251.8 -542.0 2334.7 0.5633242726 0.1502480656 -0.8124600053 -0.0025352081 0.9836366177 0.1801459193 0.8262320161 -0.0994208157 0.5544872880
-181.0 -196.6 2471.5 0.5787715912 -0.0216633677 -0.8152018785 0.0257092062 0.9996349216 -0.0083116852 0.8150843382 -0.0161476247 0.5791172385
-172.5 -584.6 2477.8 0.5790134072 -0.0626875237 -0.8129045367 0.0219267383 0.9978764653 -0.0613338090 0.8150231242 0.0176887531 0.5791583657
115.2 -124.7 2204.2 0 0 0 0 0 0 0 0 0
-46.0 -293.7 2485.2 0 0 0 0 0 0 0 0 0
-307.9 -909.1 2371.8 0 0 0 0 0 0 0 0 0
-155.4 -857.4 2472.9 0 0 0 0 0 0 0 0 0
-49.9 387.0 2464.3 5 0.4385022521 0.3073251545 -0.8445513844 -0.2647437453 0.9421904683 0.2053967416 0.8588518500 0.1335227638 0.4945150614
-110.7 200.9 2438.0 0.4385022521 0.3073251545 -0.8445513844 -0.2647437453 0.9421904683 0.2053967416 0.8588518500 0.1335227638 0.4945150614
-165.6 15.8 2417.9 0.4501665533 0.2829566002 -0.8469271660 -0.2272831500 0.9535359144 0.1977666914 0.8635348678 0.1034643352 0.4935612381
-172.2 231.9 2320.0 -0.2485442162 0.5560389161 -0.7931244969 0.7560599446 0.6232019663 0.1999815106 0.6054742932 -0.5499454141 -0.5752920508
-102.3 19.4 2149.9 -0.8116283417 0.5560389161 -0.1791092455 0.5497077107 0.6232019663 -0.5562739372 -0.1976887137 -0.5499454141 -0.8114672899
-49.2 169.8 2555.9 -0.1671131551 0.9142106771 -0.3691775501 -0.9540417194 -0.0554706901 0.2944952548 0.2487521619 0.4014247954 0.8814649582
-89.6 -60.9 2616.0 0.1551654786 0.9142106771 -0.3743561506 -0.8671787381 -0.0554706901 -0.4948979616 -0.4732067883 0.4014247954 0.7841769457
-257.5 -151.2 2314.9 0.5775969028 -0.0167306159 -0.8161506653 0.0500614867 0.9986341000 0.0149575304 0.8147856593 -0.0494971387 0.5776455402
-251.0 -538.9 2334.1 0.5707891583 0.1400930732 -0.8090572953 -0.0038600143 0.9857843518 0.1679711789 0.8210875988 -0.0927531496 0.5632157922
-178.0 -193.5 2469.6 0.5859857202 -0.0142275542 -0.8101964593 0.0165975485 0.9998468161 -0.0055535282 0.8101513982 -0.0101929866 0.5861321092
-172.4 -581.6 2473.6 0.5850983858 -0.0566001385 -0.8089846969 0.0337825045 0.9983966351 -0.0454190299 0.8102583289 -0.0007549289 0.5860723853
125.7 -135.0 2205.4 0 0 0 0 0 0 0 0 0
-48.6 -290.3 2490.9 0 0 0 0 0 0 0 0 0
-303.3 -906.8 2368.7 0 0 0 0 0 0 0 0 0
-156.9 -855.5 2473.8 0 0 0 0 0 0 0 0 0
-51.2 388.1 2463.7 6 0.4178223312 0.3060277700 -0.8554364443 -0.2440390438 0.9447629452 0.2187874168 0.8751396537 0.1173456237 0.4694257677
-111.4 202.3 2440.6 0.4178223312 0.3060277700 -0.8554364443 -0.2440390438 0.9447629452 0.2187874168 0.8751396537 0.1173456237 0.4694257677
-166.1 16.9 2423.5 0.4290898740 0.2817799151 -0.8581852913 -0.2076147646 0.9554253221 0.2099013776 0.8790779114 0.0881053656 0.4684650004
-170.0 230.7 2320.6 -0.2836774886 0.5859947801 -0.7590370178 0.7451830506 0.6328948736 0.2101102322 0.6035141349 -0.5060179830 -0.6162114143
-89.2 18.4 2148.6 -0.7948900461 0.5859947801 -0.1573528796 0.5702420473 0.6328948736 -0.5237060189 -0.2073011696 -0.5060179830 -0.8372407556
-52.8 174.0 2560.6 -0.1746888608 0.9042296410 -0.3896826804 -0.9478411078 -0.0472689718 0.3152187169 0.2666102052 0.4244224727 0.8653233647
-95.0 -55.2 2625.1 0.1649358869 0.9042296410 -0.3939098120 -0.8780805469 -0.0472689718 -0.4761724174 -0.4491889179 0.4244224727 0.7861900926
-260.8 -148.9 2320.5 0.5584622622 -0.0314650759 -0.8289329410 0.0502574965 0.9987280965 -0.0040511596 0.8280060887 -0.0393976755 0.5593333244
-248.6 -536.6 2335.8 0.5491228700 0.1560753286 -0.8210387230 -0.0166884232 0.9842591882 0.1759412438 0.8355749846 -0.0829115212 0.5430839062
-180.1 -189.7 2475.1 0.5669400692 -0.0173942316 -0.8235753775 0.0052214623 0.9998328090 -0.0175224617 0.8237425089 0.0056339181 0.5669361353
-173.4 -577.8 2473.0 0.5652788877 -0.0590594597 -0.8227829337 0.0386837386 0.9982342720 -0.0450763814 0.8239923120 -0.0063475957 0.5665653944
135.1 -142.5 2207.1 0 0 0 0 0 0 0 0 0
-51.4 -287.4 2506.3 0 0 0 0 0 0 0 0 0
-306.8 -903.9 2366.7 0 0 0 0 0 0 0 0 0
-157.1 -853.8 2474.7 0 0 0 0 0 0 0 0 0
-48.9 388.8 2467.3 7 0.4160584509 0.3105968535 -0.8546490073 -0.2447007149 0.9434315562 0.2237375528 0.8757950068 0.1160453334 0.4685259461
-110.1 202.7 2444.4 0.4160584509 0.3105968535 -0.8546490073 -0.2447007149 0.9434315562 0.2237375528 0.8757950068 0.1160453334 0.4685259461
-164.8 17.2 2427.8 0.4283941686 0.2817658186 -0.8585373759 -0.2051530182 0.9556550384 0.2112715989 0.8799946904 0.0856240094 0.4672021568
-168.7 230.7 2324.2 -0.3019940555 0.5885788202 -0.7499163747 0.7376508713 0.6425781846 0.2072787583 0.6038798094 -0.4905795157 -0.6282204390
-81.0 16.5 2148.9 -0.7925705910 0.5885788202 -0.1593952328 0.5782848597 0.6425781846 -0.5026727915 -0.1934386641 -0.4905795157 -0.8496547937
-51.6 174.6 2564.6 -0.1748599410 0.9039201140 -0.3903234899 -0.9470723867 -0.0460189953 0.3177044988 0.2692171931 0.4252183735 0.8641246557
-93.9 -54.4 2629.7 0.1653456390 0.9039201140 -0.3944480121 -0.8792979121 -0.0460189953 -0.4740436673 -0.4466497004 0.4252183735 0.7872060537
-259.3 -149.9 2327.7 0.5586734414 -0.0288075935 -0.8288872838 0.0242640637 0.9995365143 -0.0183843505 0.8290327191 -0.0098413257 0.5591135025
-248.1 -537.8 2331.5 0.5528520942 0.1668014526 -0.8164139986 -0.0122411298 0.9812802076 0.1921959072 0.8331894875 -0.0962620825 0.5445446968
-182.4 -187.1 2485.1 0.5668005347 -0.0261209160 -0.8234408498 -0.0155243538 0.9989811182 -0.0423752517 0.8237087727 0.0368017033 0.5658175349
-172.3 -574.7 2470.8 0.5648946762 -0.0488133207 -0.8237179518 0.0441205651 0.9986075163 -0.0289199464 0.8239825964 -0.0200061761 0.5662617683
143.4 -147.2 2203.7 0 0 0 0 0 0 0 0 0
-50.2 -287.0 2511.6 0 0 0 0 0 0 0 0 0
-310.3 -904.0 2367.4 0 0 0 0 0 0 0 0 0
-158.6 -853.6 2476.4 0 0 0 0 0 0 0 0 0
-49.5 388.6 2464.1 8 0.4395326674 0.3097022772 -0.8431462049 -0.2458005995 0.9443196654 0.2187290341 0.8639404178 0.1111072898 0.4911843538
-110.6 202.5 2442.2 0.4395326674 0.3097022772 -0.8431462049 -0.2458005995 0.9443196654 0.2187290341 0.8639404178 0.1111072898 0.4911843538
-164.6 16.7 2426.9 0.4527064562 0.2781687081 -0.8471593857 -0.2031871229 0.9572789073 0.2057475001 0.8682003617 0.0789886564 0.4898866415
-172.4 230.3 2323.7 -0.3452035785 0.5919499397 -0.7283061147 0.7268665433 0.6595311165 0.1915299892 0.5937166810 -0.4632644951 -0.6579411030
-70.1 14.8 2147.7 -0.7899008989 0.5919499397 -0.1601618528 0.5889544487 0.6595311165 -0.4670667648 -0.1708483994 -0.4632644951 -0.8695957661
-48.7 174.8 2560.8 -0.1619002074 0.9151074290 -0.3692786694 -0.9483509660 -0.0408358313 0.3145836592 0.2727980614 0.4011369646 0.8744543195
-87.9 -54.6 2626.8 0.1587762833 0.9151074290 -0.3706325889 -0.8779829741 -0.0408358313 -0.4769468606 -0.4515926838 0.4011369646 0.7969650030
-257.9 -150.0 2332.4 0.5805724263 -0.0284804385 -0.8137103319 0.0156805757 0.9995937943 -0.0237985924 0.8140575886 0.0010573596 0.5807831883
-246.9 -537.9 2332.0 0.5753038526 0.1792529076 -0.7980563045 -0.0145662418 0.9777813554 0.2091207504 0.8178100586 -0.1086832955 0.5651324391
-181.2 -186.7 2490.0 0.5889698863 -0.0211194549 -0.8078789711 -0.0331537575 0.9981855154 -0.0502645820 0.8074746132 0.0563885495 0.5872010589
-173.0 -574.0 2468.1 0.5867542624 -0.0510430671 -0.8081547022 0.0524459966 0.9983114004 -0.0249753669 0.8080648780 -0.0277300738 0.5884404778
154.2 -152.4 2196.2 0 0 0 0 0 0 0 0 0
-45.9 -286.8 2507.3 0 0 0 0 0 0 0 0 0
-313.8 -902.8 2372.5 0 0 0 0 0 0 0 0 0
-158.8 -851.7 2475.8 0 0 0 0 0 0 0 0 0
-48.7 389.8 2463.6 9 0.4502698481 0.3058893383 -0.8388615847 -0.2464324534 0.9455708265 0.2125248611 0.8582121730 0.1110291854 0.5011430979
-109.0 203.6 2441.7 0.4502698481 0.3058893383 -0.8388615847 -0.2464324534 0.9455708265 0.2125248611 0.8582121730 0.1110291854 0.5011430979
-162.3 17.5 2426.4 0.4633313715 0.2748625576 -0.8424811959 -0.2036136985 0.9582679272 0.2006589025 0.8624763489 0.0785691515 0.4999614060
-172.3 231.4 2323.9 -0.3585384786 0.5992761254 -0.7157641053 0.7188215852 0.6664310694 0.1979018301 0.5956053138 -0.4435513020 -0.6697137952
-64.3 15.0 2144.6 -0.7807585597 0.5992761254 -0.1768732518 0.6089689732 0.6664310694 -0.4301470220 -0.1399030089 -0.4435513020 -0.8852623105
-45.7 175.8 2559.5 -0.1546806693 0.9197404981 -0.3607648909 -0.9497938752 -0.0379148163 0.3105705678 0.2719659805 0.3906915486 0.8794285655
-83.1 -54.0 2625.3 0.1575428247 0.9197404981 -0.3595242500 -0.8759835362 -0.0379148163 -0.4808485210 -0.4558871686 0.3906915486 0.7997043133
-259.1 -150.9 2333.8 0.5896369815 -0.0215759426 -0.8073801398 0.0154908774 0.9997613430 -0.0154038956 0.8075197935 -0.0034243197 0.5898305178
-250.7 -539.0 2335.1 0.5858611465 0.1551599205 -0.7954194546 -0.0096414769 0.9827657938 0.1846035868 0.8103541136 -0.1004830450 0.5772602558
-178.0 -187.3 2489.3 0.5983129740 -0.0110560888 -0.8011862040 -0.0413293056 0.9981479645 -0.0446381532 0.8001958728 0.0598200560 0.5967479348
-173.7 -574.7 2466.1 0.5957764983 -0.0552258044 -0.8012493253 0.0587051250 0.9979589581 -0.0251331870 0.8010019064 -0.0320636816 0.5978025198
158.5 -158.8 2184.5 0 0 0 0 0 0 0 0 0
-41.4 -285.7 2504.7 0 0 0 0 0 0 0 0 0
-308.6 -905.7 2372.6 0 0 0 0 0 0 0 0 0
-158.4 -852.2 2475.0 0 0 0 0 0 0 0 0 0
-51.7 387.7 2462.3 0 0.4624705613 0.2992939055 -0.8345921636 -0.2472979873 0.9474902749 0.2027457654 0.8514485955 0.1126290187 0.5122011304
-110.5 201.5 2440.1 0.4624705613 0.2992939055 -0.8345921636 -0.2472979873 0.9474902749 0.2027457654 0.8514485955 0.1126290187 0.5122011304
-162.7 15.2 2424.6 0.4752119482 0.2691327631 -0.8376999497 -0.2045462579 0.9597783685 0.1923182607 0.8557654023 0.0799564496 0.5111482739
-175.4 229.5 2323.2 -0.3796466887 0.6007120609 -0.7035719156 0.7011528015 0.6829708815 0.2047815323 0.6035338640 -0.4155667722 -0.6804785728
-59.6 15.6 2139.2 -0.7803071737 0.6007120609 -0.1739703566 0.6139953136 0.6829708815 -0.3956772387 -0.1188713908 -0.4155667722 -0.9017615318
-45.6 173.6 2557.0 -0.1447599679 0.9246808290 -0.3521504700 -0.9521595240 -0.0333742648 0.3037736714 0.2691408992 0.3792777061 0.8852748871
-80.6 -56.7 2622.1 0.1580562741 0.9246808290 -0.3463865221 -0.8726149201 -0.0333742648 -0.4872672558 -0.4621270597 0.3792777061 0.8016152382
-257.2 -150.2 2333.9 0.5992733240 -0.0226651691 -0.8002235889 0.0172330737 0.9997327328 -0.0154104307 0.8003590107 -0.0045552524 0.5995037556
-248.4 -538.3 2335.7 0.5931698084 0.1735988259 -0.7861380577 -0.0195740983 0.9792962670 0.2014836073 0.8048393726 -0.1041260436 0.5842870474
-174.2 -186.7 2488.4 0.6083229184 -0.0004333140 -0.7936894894 -0.0443560369 0.9984184504 -0.0345417447 0.7924492359 0.0562174544 0.6073415875
-174.0 -574.3 2466.6 0.6056772470 -0.0568999611 -0.7936733961 0.0575686805 0.9979596138 -0.0276131518 0.7936251760 -0.0289660729 0.6077170372
162.8 -159.4 2173.1 0 0 0 0 0 0 0 0 0
-38.8 -287.6 2499.9 0 0 0 0 0 0 0 0 0
-313.2 -903.8 2374.5 0 0 0 0 0 0 0 0 0
-158.1 -852.6 2474.7 0 0 0 0 0 0 0 0 0
-55.2 388.5 2461.6 1 0.4109340608 0.2835450768 -0.8664498925 -0.2371765971 0.9509279728 0.1987039596 0.8802729249 0.1238474101 0.4580189586
-110.8 201.9 2437.3 0.4109340608 0.2835450768 -0.8664498925 -0.2371765971 0.9509279728 0.1987039596 0.8802729249 0.1238474101 0.4580189586
-160.6 15.0 2421.3 0.4243800342 0.2567721903 -0.8683142662 -0.1895504296 0.9628956914 0.1921002865 0.8854220510 0.0830658153 0.4573049843
-168.7 227.8 2316.6 -0.3633699715 0.5855293870 -0.7246500254 0.7030012608 0.6827365160 0.1991481930 0.6113521457 -0.4370654225 -0.6597138643
-59.5 16.6 2133.0 -0.7866624594 0.5855293870 -0.1957487762 0.6087343097 0.6827365160 -0.4041205049 -0.1029795855 -0.4370654225 -0.8935149908
-52.9 176.0 2558.0 -0.1537901908 0.9003880024 -0.4070012867 -0.9497802258 -0.0211007204 0.3122055233 0.2725180686 0.4345759153 0.8584157825
-90.1 -53.7 2624.0 0.1915006638 0.9003880024 -0.3906775713 -0.8776518106 -0.0211007204 -0.4788340926 -0.4393800199 0.4345759153 0.7861863375
-257.5 -152.8 2332.4 0.5502105355 -0.0223794654 -0.8347260356 0.0211355612 0.9996937513 -0.0128708137 0.8347584605 -0.0105607454 0.5505150557
-248.8 -540.9 2336.5 0.5445204973 0.1675209403 -0.8218480349 -0.0142915072 0.9815623164 0.1906072795 0.8386257887 -0.0920441225 0.5368748903
-172.4 -189.4 2485.7 0.5599001646 0.0074718944 -0.8285263777 -0.0421384461 0.9989221096 -0.0194676742 0.8274878860 0.0458127670 0.5596114993
-175.3 -577.2 2467.9 0.5562501550 -0.0646538958 -0.8284959793 0.0550501384 0.9976458549 -0.0408934318 0.8291895390 -0.0228618402 0.5584998727
164.8 -157.0 2162.3 0 0 0 0 0 0 0 0 0
-39.5 -285.7 2507.8 0 0 0 0 0 0 0 0 0
-311.4 -907.2 2370.9 0 0 0 0 0 0 0 0 0
-157.3 -854.7 2474.3 0 0 0 0 0 0 0 0 0
-57.7 386.4 2460.8 2 0.3768621981 0.2799527645 -0.8829503655 -0.2251096666 0.9523354769 0.2058707178 0.8984990120 0.1211757809 0.4219193161
-112.6 199.6 2437.0 0.3768621981 0.2799527645 -0.8829503655 -0.2251096666 0.9523354769 0.2058707178 0.8984990120 0.1211757809 0.4219193161
-161.8 12.5 2421.4 0.3899350166 0.2535952628 -0.8852344751 -0.1781576127 0.9639437795 0.1976670474 0.9034436941 0.0806339532 0.4210553467
-165.8 224.0 2313.8 -0.3560940027 0.5905613899 -0.7241783142 0.6907830238 0.6882666349 0.2216028869 0.6292979121 -0.4213386476 -0.6530374289
-59.4 17.5 2125.7 -0.7824372649 0.5905613899 -0.1975578517 0.6161673665 0.6882666349 -0.3829188049 -0.0901645795 -0.4213386476 -0.9024101496
-59.5 175.3 2560.2 -0.1644492745 0.8829615116 -0.4396992624 -0.9462767243 -0.0153976753 0.3229911327 0.2784183919 0.4691928327 0.8380580544
-99.2 -53.5 2627.6 0.2080936730 0.8829615116 -0.4208040237 -0.8830654621 -0.0153976753 -0.4689971805 -0.4205858409 0.4691928327 0.7765086293
-248.4 -155.0 2326.0 0.5177692771 0.0045086993 -0.8555084467 0.0202735886 0.9996406436 0.0175382495 0.8552800417 -0.0264249910 0.5174917579
-250.1 -542.9 2336.3 0.5149122477 0.1616997719 -0.8418542743 0.0024098214 0.9817717671 0.1900484711 0.8572394848 -0.0998870060 0.5051366091
-172.5 -188.9 2484.4 0.5275767446 0.0093262410 -0.8494561911 -0.0367977023 0.9992520809 -0.0118833063 0.8487100005 0.0375273935 0.5275253654
-176.1 -576.8 2469.8 0.5233642459 -0.0711191073 -0.8491359949 0.0505429916 0.9973473549 -0.0523803681 0.8506087661 -0.0155038629 0.5255705118
163.2 -157.7 2151.4 0 0 0 0 0 0 0 0 0
-44.2 -287.0 2516.4 0 0 0 0 0 0 0 0 0
-310.5 -909.3 2373.6 0 0 0 0 0 0 0 0 0
-156.5 -852.5 2474.1 0 0 0 0 0 0 0 0 0
-55.0 386.6 2460.9 3 0.3525841236 0.2912410796 -0.8893048167 -0.2158093750 0.9500247836 0.2255641520 0.9105551839 0.1123899817 0.3978162110
-112.1 200.2 2438.8 0.3525841236 0.2912410796 -0.8893048167 -0.2158093750 0.9500247836 0.2255641520 0.9105551839 0.1123899817 0.3978162110
-163.0 13.4 2424.9 0.3663965762 0.2617819011 -0.8928738832 -0.1680430323 0.9624438286 0.2132215649 0.9151585102 0.0719175860 0.3966267407
-162.1 223.1 2313.9 -0.3378711641 0.5830295086 -0.7388637662 0.6793242097 0.6944093704 0.2373063713 0.6514305472 -0.4217490554 -0.6306869388
-60.8 19.3 2118.5 -0.7788425088 0.5830295086 -0.2312595248 0.6254675984 0.6944093704 -0.3557891548 -0.0468467996 -0.4217490554 -0.9055016041
-62.1 177.3 2563.7 -0.1810752302 0.8713417053 -0.4560432434 -0.9400916100 -0.0171564575 0.3404900134 0.2888590395 0.4903767109 0.8222476244
-105.9 -50.1 2633.6 0.2087844908 0.8713417053 -0.4440413415 -0.8914400935 -0.0171564575 -0.4528137147 -0.4021736383 0.4903767109 0.7731668949
-245.9 -158.6 2325.0 0.4973168373 0.0141887879 -0.8674529791 0.0205259547 0.9993939400 0.0281145982 0.8673261404 -0.0317871645 0.4967241883
-251.4 -546.5 2337.4 0.4933029711 0.1495438963 -0.8569065332 -0.0072244015 0.9857816696 0.1678757370 0.8698275685 -0.0766229630 0.4873694181
-176.2 -190.5 2486.6 0.5067376494 -0.0015742268 -0.8620988727 -0.0350019522 0.9991362095 -0.0223984458 0.8613894582 0.0415252782 0.5062448382
-175.6 -578.4 2470.5 0.5031824708 -0.0637020469 -0.8618291020 0.0481707044 0.9977964163 -0.0456274003 0.8628365993 -0.0185560044 0.5051422715
159.7 -157.7 2131.7 0 0 0 0 0 0 0 0 0
-50.7 -285.8 2527.2 0 0 0 0 0 0 0 0 0
-307.3 -914.4 2365.9 0 0 0 0 0 0 0 0 0
-158.0 -854.5 2475.6 0 0 0 0 0 0 0 0 0
-52.5 385.4 2462.9 4 0.3497402966 0.2923507690 -0.8900633454 -0.2132008374 0.9499714971 0.2282533646 0.9122648239 0.1099328622 0.3945727348
-110.0 198.3 2441.3 0.3497402966 0.2923507690 -0.8900633454 -0.2132008374 0.9499714971 0.2282533646 0.9122648239 0.1099328622 0.3945727348
-161.7 11.8 2427.2 0.3624599576 0.2658923566 -0.8932659030 -0.1696532816 0.9612509012 0.2172888815 0.9164281487 0.0727869719 0.3935244977
-159.5 221.5 2316.2 -0.3060905933 0.5563233495 -0.7725366950 0.6758708358 0.6984822154 0.2352046818 0.6704529524 -0.4501410723 -0.5898015499
-67.7 18.6 2114.9 -0.7759988308 0.5563233495 -0.2972039580 0.6304418445 0.6984822154 -0.3386232853 0.0192076452 -0.4501410723 -0.8927508593
-60.6 175.2 2566.4 -0.1862249523 0.8695709109 -0.4573474824 -0.9392114282 -0.0208957586 0.3427028060 0.2884477675 0.4933657944 0.8206022382
-105.6 -52.0 2636.2 0.2063869834 0.8695709109 -0.4486099184 -0.8922774196 -0.0208957586 -0.4510037899 -0.4015538096 0.4933657944 0.7715858221
-246.6 -158.4 2329.0 0.4943010211 0.0093966648 -0.8692400455 0.0113986097 0.9997855425 0.0172898099 0.8692160845 -0.0184544977 0.4940879047
-250.2 -546.4 2336.2 0.4927266240 0.1682969630 -0.8537544012 0.0020934674 0.9808871150 0.1945662946 0.8701816201 -0.0976553038 0.4829568863
-181.0 -188.4 2492.8 0.5036414862 -0.0152273364 -0.8637785316 -0.0458253808 0.9979661703 -0.0443122014 0.8626965284 0.0619004443 0.5019193292
-175.1 -575.8 2468.8 0.4994732141 -0.0682165325 -0.8636394143 0.0466327481 0.9975667596 -0.0518257245 0.8650733232 -0.0143883182 0.5014389753
151.5 -159.4 2109.5 0 0 0 0 0 0 0 0 0
-51.0 -288.0 2530.0 0 0 0 0 0 0 0 0 0
-313.0 -912.4 2372.6 0 0 0 0 0 0 0 0 0
-156.2 -852.4 2472.8 0 0 0 0 0 0 0 0 0
-53.7 385.1 2463.4 5 0.3643004000 0.2795580626 -0.8883312941 -0.2136575282 0.9535267353 0.2124551535 0.9064412117 0.1124011800 0.4070998728
-108.8 197.1 2441.3 0.3643004000 0.2795580626 -0.8883312941 -0.2136575282 0.9535267353 0.2124551535 0.9064412117 0.1124011800 0.4070998728
-158.9 10.2 2426.2 0.3754668236 0.2579079866 -0.8902292848 -0.1738385260 0.9630540013 0.2056871355 0.9103871584 0.0775274411 0.4064291716
-160.1 220.9 2317.0 -0.2523894608 0.4434839785 -0.8600125313 0.6737440228 0.7184826732 0.1727761775 0.6945275664 -0.5358213782 -0.4801321626
-87.8 28.1 2118.2 -0.8167937398 0.4434839785 -0.3690121174 0.5701128244 0.7184826732 -0.3984394670 0.0884272978 -0.5358213782 -0.8396880627
-57.5 173.4 2565.6 -0.1739015579 0.8758619428 -0.4501379132 -0.9432563782 -0.0168416034 0.3316380084 0.2828880548 0.4822678268 0.8290911317
-99.6 -54.7 2634.0 0.2096125782 0.8758619428 -0.4346590340 -0.8869056702 -0.0168416034 -0.4616434872 -0.4116562903 0.4822678268 0.7732766867
-245.7 -159.6 2331.0 0.5050312877 0.0140470751 -0.8629866838 0.0089282934 0.9997290373 0.0214978252 0.8630548120 -0.0185620729 0.5047690272
-251.2 -547.7 2338.2 0.5028116107 0.1620536149 -0.8490695357 -0.0048325560 0.9827808142 0.1847119778 0.8643825054 -0.0887721553 0.4949367344
-180.8 -190.0 2495.1 0.5147058964 -0.0232005455 -0.8570528626 -0.0435763150 0.9976339340 -0.0531759933 0.8562586904 0.0647172034 0.5124770403
-171.8 -577.3 2470.0 0.5112313628 -0.0619960167 -0.8572041988 0.0445496365 0.9979655743 -0.0456072427 0.8582877517 -0.0148722827 0.5129531622
140.3 -131.2 2093.5 0 0 0 0 0 0 0 0 0
-44.1 -289.3 2525.2 0 0 0 0 0 0 0 0 0
-311.7 -914.5 2371.3 0 0 0 0 0 0 0 0 0
-154.6 -853.9 2474.1 0 0 0 0 0 0 0 0 0
-53.8 383.5 2463.2 6 0.3640161753 0.2814283073 -0.8878571391 -0.2165933400 0.9527021646 0.2131805420 0.9058584571 0.1147027835 0.4077545106
-109.0 196.4 2440.7 0.3640161753 0.2814283073 -0.8878571391 -0.2165933400 0.9527021646 0.2131805420 0.9058584571 0.1147027835 0.4077545106
-158.9 9.5 2425.4 0.3758354187 0.2569079399 -0.8903628588 -0.1745288372 0.9632322788 0.2042626739 0.9101029634 0.0786248446 0.4068546295
-160.4 220.3 2316.4 -0.2064137012 0.4093134999 -0.8887383342 0.6687522531 0.7220538259 0.1772250980 0.7142575383 -0.5577640533 -0.4227710962
-102.1 31.6 2114.8 -0.8341185451 0.4093134999 -0.3697413802 0.5438673496 0.7220538259 -0.4276056290 0.0919484347 -0.5577640533 -0.8248907328
-57.7 172.6 2565.0 -0.1728044003 0.8759750128 -0.4503403306 -0.9437603951 -0.0164084025 0.3302226961 0.2818774879 0.4820773005 0.8295459747
-99.5 -55.7 2633.2 0.2105649114 0.8759750128 -0.4339702427 -0.8861592412 -0.0164084025 -0.4630902410 -0.4127762318 0.4820773005 0.7727982998
-242.6 -161.2 2329.6 0.5050122738 0.0176498108 -0.8629316688 -0.0036520564 0.9998256564 0.0183124579 0.8631044626 -0.0060965414 0.5049886703
-249.4 -549.3 2332.0 0.5075336099 0.1740052104 -0.8438790441 0.0102342535 0.9781096578 0.2078383267 0.8615711927 -0.1141213998 0.4946427047
-175.3 -192.3 2492.7 0.5149804354 -0.0094509749 -0.8571498394 -0.0472812466 0.9981037974 -0.0394119807 0.8558970094 0.0608235113 0.5135570765
-171.6 -579.7 2469.1 0.5112740993 -0.0644336939 -0.8569988608 0.0417294577 0.9978705645 -0.0501299277 0.8584039807 -0.0101319635 0.5128741860
129.5 -119.5 2089.3 0 0 0 0 0 0 0 0 0
-43.8 -290.1 2524.0 0 0 0 0 0 0 0 0 0
-314.3 -914.2 2374.6 0 0 0 0 0 0 0 0 0
-154.1 -851.0 2471.8 0 0 0 0 0 0 0 0 0
-53.8 380.6 2470.1 7 0.3584554493 0.2894493341 -0.8875408769 -0.2367312461 0.9478269219 0.2135003507 0.9030326605 0.1335783005 0.4082754254
-110.9 193.7 2443.7 0.3584554493 0.2894493341 -0.8875408769 -0.2367312461 0.9478269219 0.2135003507 0.9030326605 0.1335783005 0.4082754254
-161.4 7.1 2426.0 0.3726695180 0.2601313591 -0.8907576203 -0.1873564124 0.9612292051 0.2023264766 0.9088536501 0.0914882347 0.4069581032
-161.8 219.3 2319.6 -0.1775517017 0.4182796180 -0.8907960057 0.6583995223 0.7232493162 0.2083759606 0.7314270139 -0.5495021343 -0.4038092494
-111.2 31.7 2111.3 -0.8339126706 0.4182796180 -0.3600441515 0.5455729365 0.7232493162 -0.4233918190 0.0833055079 -0.5495021343 -0.8313288093
-60.0 168.1 2567.9 -0.1769459099 0.8745409250 -0.4515177310 -0.9466039538 -0.0256003980 0.3213807344 0.2695015669 0.4842754900 0.8323737979
-102.8 -60.9 2633.1 0.2086318731 0.8745409250 -0.4377794862 -0.8816078901 -0.0256003980 -0.4712877572 -0.4233677685 0.4842754900 0.7656611204
-242.5 -161.9 2328.6 0.5029205084 0.0170727875 -0.8641640544 0.0010219144 0.9997924566 0.0203470476 0.8643320799 -0.0111160493 0.5027986765
-249.1 -550.0 2332.9 0.5058504343 0.1740387678 -0.8448821306 0.0170915984 0.9772214890 0.2115326971 0.8624518514 -0.1214442998 0.4913533032
-175.1 -193.1 2491.7 0.5123341084 -0.0012273235 -0.8587853312 -0.0365446657 0.9990620017 -0.0232296139 0.8580083251 0.0432853475 0.5118086934
-174.7 -580.9 2474.9 0.5081827641 -0.0802085921 -0.8575061560 0.0285639055 0.9966757894 -0.0762983188 0.8607754707 0.0142797660 0.5087845325
120.1 -119.6 2088.1 0 0 0 0 0 0 0 0 0
-47.6 -294.1 2521.1 0 0 0 0 0 0 0 0 0
-314.0 -914.7 2378.3 0 0 0 0 0 0 0 0 0
-152.9 -850.8 2471.0 0 0 0 0 0 0 0 0 0
-50.8 383.4 2473.5 8 0.3396365345 0.3042190075 -0.8899987936 -0.2444695085 0.9422776103 0.2287958115 0.9082299471 0.1398701370 0.3944042027
-111.1 196.6 2445.8 0.3396365345 0.3042190075 -0.8899987936 -0.2444695085 0.9422776103 0.2287958115 0.9082299471 0.1398701370 0.3944042027
-164.5 11.0 2426.8 0.3545966446 0.2750754058 -0.8936412930 -0.1954357475 0.9564402103 0.2168569565 0.9143664837 0.0977527052 0.3929100633
-159.6 223.3 2320.9 -0.1186520308 0.3916728497 -0.9124220610 0.6637633443 0.7147063613 0.2204837203 0.7384713292 -0.5794714689 -0.3447794318
-125.6 33.3 2109.6 -0.8385531306 0.3916728497 -0.3787097037 0.5364902616 0.7147063613 -0.4487460852 0.0949045718 -0.5794714689 -0.8094479442
-62.7 169.9 2570.7 -0.1974895000 0.8660287857 -0.4593386948 -0.9439522624 -0.0415793881 0.3274527490 0.2644844651 0.4982622862 0.8257012963
-110.5 -58.3 2634.7 0.2002910078 0.8660287857 -0.4581240416 -0.8842353821 -0.0415793881 -0.4651869833 -0.4219138324 0.4982622862 0.7574453354
-245.3 -162.7 2326.8 0.4891398549 0.0210859515 -0.8719504476 0.0041542947 0.9996400476 0.0265042502 0.8721954823 -0.0165866241 0.4888761938
-253.5 -550.8 2333.2 0.4933775067 0.1425287575 -0.8580583930 0.0320222750 0.9828383923 0.1816680580 0.8692256212 -0.1171079129 0.4803462625
-178.5 -196.3 2489.6 0.4975746274 -0.0182999223 -0.8672280908 -0.0067238905 0.9996660352 -0.0249524284 0.8673951030 0.0182468425 0.4972853959
-171.4 -584.1 2482.5 0.4972133934 -0.0563393533 -0.8657971621 -0.0001338315 0.9978845119 -0.0650114268 0.8676282763 0.0324404240 0.4961540103
107.1 -115.6 2083.2 0 0 0 0 0 0 0 0 0
-57.5 -292.2 2523.0 0 0 0 0 0 0 0 0 0
-306.6 -917.4 2376.9 0 0 0 0 0 0 0 0 0
-156.1 -855.2 2473.7 0 0 0 0 0 0 0 0 0
-51.8 383.0 2475.7 9 0.3217542171 0.3012628853 -0.8976162076 -0.2294561565 0.9445794821 0.2347754389 0.9185990095 0.1304235756 0.3730490506
-111.5 195.9 2449.9 0.3217542171 0.3012628853 -0.8976162076 -0.2294561565 0.9445794821 0.2347754389 0.9185990095 0.1304235756 0.3730490506
-164.5 10.1 2431.6 0.3347615600 0.2727936804 -0.9019525051 -0.1863589734 0.9574396014 0.2204081267 0.9236909747 0.0943027660 0.3713515401
-157.2 221.3 2323.8 -0.0789074451 0.4044325650 -0.9111574888 0.6533183455 0.7113434076 0.2591634989 0.7529600263 -0.5748259425 -0.3203535080
-134.8 35.3 2109.3 -0.8324951530 0.4044325650 -0.3786635399 0.5465659499 0.7113434076 -0.4418780506 0.0906499550 -0.5748259425 -0.8132390380
-65.8 170.5 2576.1 -0.2031263858 0.8550358415 -0.4771303236 -0.9413669109 -0.0364701711 0.3354076445 0.2693845332 0.5172848105 0.8123105168
-114.9 -57.2 2641.2 0.2093652785 0.8550358415 -0.4744258225 -0.8883318305 -0.0364701711 -0.4577515423 -0.4086963832 0.5172848105 0.7519199848
-249.7 -157.2 2325.9 0.4702054858 0.0010058242 -0.8825563788 0.0165959578 0.9998124838 0.0099813975 0.8824009299 -0.0193401761 0.4701006114
-250.0 -545.2 2333.4 0.4704887271 0.1586017460 -0.8680356145 0.0183445271 0.9817439318 0.1893207878 0.8822153211 -0.1049970016 0.4589899778
-186.1 -192.1 2489.7 0.4790945053 -0.0372442640 -0.8769727945 -0.0120862378 0.9987247586 -0.0490177348 0.8776801229 0.0340834297 0.4780333936
-171.7 -579.7 2476.5 0.4776207209 -0.0537378527 -0.8769211769 0.0198453236 0.9985328913 -0.0503813550 0.8783419728 0.0066603939 0.4779864252
96.6 -116.6 2084.2 0 0 0 0 0 0 0 0 0
-59.5 -292.2 2533.1 0 0 0 0 0 0 0 0 0
-309.2 -911.5 2372.6 0 0 0 0 0 0 0 0 0
-156.9 -854.4 2474.7 0 0 0 0 0 0 0 0 0
-52.2 381.5 2476.9 0 0.3344193697 0.2924787402 -0.8958905339 -0.2277517915 0.9475279450 0.2243211120 0.9144904613 0.1290233433 0.3834842443
-110.0 194.1 2451.3 0.3344193697 0.2924787402 -0.8958905339 -0.2277517915 0.9475279450 0.2243211120 0.9144904613 0.1290233433 0.3834842443
-161.7 8.0 2432.8 0.3462175429 0.2662236094 -0.8995879292 -0.1874876469 0.9591820836 0.2117029428 0.9192289114 0.0953663513 0.3819992840
-157.3 219.7 2325.8 -0.0554717481 0.4292410016 -0.9014849067 0.6444222331 0.7050357461 0.2960482240 0.7626551390 -0.5645146370 -0.3157219887
-141.5 35.4 2107.7 -0.8208929300 0.4292410016 -0.3766788244 0.5652056336 0.7050357461 -0.4283306599 0.0817149654 -0.5645146370 -0.8213683367
-62.7 168.5 2576.9 -0.1927277744 0.8608669043 -0.4709184170 -0.9440505505 -0.0317798369 0.3282660842 0.2676277161 0.5078367591 0.8188267350
