-73.7 404.8 2436.9 7 0.2931391895 0.2409432381 -0.9252111912 -0.1424965113 0.9679252505 0.2069189399 0.9453909993 0.0711833164 0.3180704117
-121.5 212.7 2422.8 0.2931391895 0.2409432381 -0.9252111912 -0.1424965113 0.9679252505 0.2069189399 0.9453909993 0.0711833164 0.3180704117
-166.3 23.9 2415.9 0.3019028902 0.2309744358 -0.9249354005 -0.1064657047 0.9723060131 0.2080529481 0.9473751783 0.0356621146 0.3181328475
-162.7 227.2 2293.4 -0.3653441966 0.6267032623 -0.6883071065 0.7416687012 0.6428151131 0.1916150004 0.5625399351 -0.4404903650 -0.6996549368
-58.5 15.7 2133.0 -0.7657442093 0.6267032623 -0.1444952339 0.6128223538 0.6428151131 -0.4596057832 -0.1951527297 -0.4404903650 -0.8762897253
-80.3 198.1 2552.1 -0.1775199473 0.8328658938 -0.5242338181 -0.9277355671 0.0360871777 0.3714894652 0.3283190429 0.5522971153 0.7662730813
-123.2 -26.2 2631.5 0.2611117363 0.8328658938 -0.4880113602 -0.9054653049 0.0360871777 -0.4228833020 -0.3345941305 0.5522971153 0.7635539770
-240.6 -159.8 2323.3 0.3387345076 0.0587628707 -0.9390451908 0.0172079559 0.9974939227 0.0686277226 0.9407246113 -0.0394056253 0.3368744254
-263.4 -547.1 2338.6 0.3420922458 0.1254169494 -0.9312590957 0.0427710824 0.9879474640 0.1487631351 0.9386924505 -0.0907216743 0.3326049447
-181.0 -178.7 2491.2 0.3647558689 0.0000554372 -0.9311031699 -0.0656960830 0.9975092411 -0.0256767813 0.9287826419 0.0705355927 0.3638509810
-181.0 -565.9 2463.8 0.3575786650 -0.0814500526 -0.9303243756 0.0539149158 0.9963283539 -0.0665060207 0.9323254228 -0.0263772253 0.3606571257
157.1 -156.8 2188.0 0 0 0 0 0 0 0 0 0
-54.1 -265.8 2543.0 0 0 0 0 0 0 0 0 0
-310.2 -915.9 2372.4 0 0 0 0 0 0 0 0 0
-157.9 -848.8 2471.3 0 0 0 0 0 0 0 0 0
-72.3 403.0 2440.4 8 0.3035652339 0.2480846494 -0.9199468493 -0.1554280072 0.9654692411 0.2090724707 0.9400480390 0.0795183629 0.3316421807
-121.4 211.8 2424.7 0.3035652339 0.2480846494 -0.9199468493 -0.1554280072 0.9654692411 0.2090724707 0.9400480390 0.0795183629 0.3316421807
-167.5 23.5 2416.4 0.3129546344 0.2373247892 -0.9196392298 -0.1179802343 0.9704921246 0.2102991790 0.9424118400 0.0426851586 0.3317196369
-164.1 228.0 2296.0 -0.3717843294 0.6255339384 -0.6859181523 0.7283754349 0.6546554565 0.2022262365 0.5755394101 -0.4244213700 -0.6990141869
-55.9 15.9 2128.4 -0.7670342326 0.6255339384 -0.1427085251 0.6155276299 0.6546554565 -0.4388074279 -0.1810640246 -0.4244213700 -0.8871765733
-78.7 195.7 2553.4 -0.1791796833 0.8398343325 -0.5124187469 -0.9299225211 0.0254454408 0.3668741286 0.3211522102 0.5422461033 0.7764215469
-122.0 -29.2 2631.1 0.2514624894 0.8398343325 -0.4810872376 -0.9034985304 0.0254454408 -0.4278351963 -0.3470692039 0.5422461033 0.7651876211
-238.1 -155.3 2324.1 0.3507045507 0.0629964098 -0.9343649149 0.0094460705 0.9974461794 0.0707949400 0.9364385009 -0.0336541869 0.3492138684
-262.6 -542.5 2337.2 0.3559394181 0.1285313070 -0.9256278276 0.0476263389 0.9867142439 0.1553278267 0.9332945943 -0.0993715599 0.3450890183
-184.1 -174.4 2493.8 0.3758116364 -0.0129404385 -0.9266057014 -0.0745570585 0.9962388873 -0.0441516563 0.9236919880 0.0856777057 0.3734333515
-179.1 -561.0 2460.5 0.3694532216 -0.0714670122 -0.9264970422 0.0651684999 0.9965760112 -0.0508858562 0.9269613624 -0.0415784791 0.3728455901
160.7 -158.0 2179.6 0 0 0 0 0 0 0 0 0
-55.5 -268.2 2539.3 0 0 0 0 0 0 0 0 0
-310.6 -910.8 2374.3 0 0 0 0 0 0 0 0 0
-158.2 -852.4 2472.7 0 0 0 0 0 0 0 0 0
-74.3 402.9 2443.2 9 0.2953475118 0.2439721972 -0.9237139225 -0.1563028395 0.9661572576 0.2052062303 0.9425175190 0.0837719589 0.3234856725
-122.5 212.1 2426.7 0.2953475118 0.2439721972 -0.9237139225 -0.1563028395 0.9661572576 0.2052062303 0.9425175190 0.0837719589 0.3234856725
-168.0 23.6 2417.7 0.3047017455 0.2345616668 -0.9231130481 -0.1184356064 0.9710093737 0.2076387554 0.9450554848 0.0460615642 0.3236487210
-164.1 228.2 2297.6 -0.3708152175 0.6197575331 -0.6916622519 0.7203605175 0.6619980931 0.2069763094 0.5861542225 -0.4214962125 -0.6919278502
-55.0 16.2 2125.1 -0.7696826458 0.6197575331 -0.1532619148 0.6176052690 0.6619980931 -0.4246436656 -0.1617170125 -0.4214962125 -0.8922939897
-80.9 195.9 2555.7 -0.1797837168 0.8348367214 -0.5203128457 -0.9307570457 0.0268297344 0.3646525443 0.3183852136 0.5498434305 0.7722066045
-124.4 -29.3 2632.8 0.2568544149 0.8348367214 -0.4869019091 -0.9024091363 0.0268297344 -0.4300441146 -0.3459531665 0.5498434305 0.7602555752
-241.6 -154.4 2323.7 0.3418676257 0.0499592423 -0.9384192228 0.0032223423 0.9985176921 0.0543326475 0.9397426248 -0.0215984806 0.3411998749
-261.0 -542.0 2332.1 0.3514134884 0.1354010850 -0.9263774157 0.0672878325 0.9832748175 0.1692423970 0.9337992072 -0.1218079925 0.3364251852
-185.5 -175.5 2492.5 0.3674514890 -0.0220560078 -0.9297811389 -0.0660714433 0.9965738058 -0.0497520193 0.9276928306 0.0797134340 0.3647352457
-177.0 -562.3 2461.6 0.3624671698 -0.0622486509 -0.9299154282 0.0619515106 0.9971694946 -0.0426028743 0.9299352169 -0.0421675183 0.3652976155
162.7 -158.4 2170.8 0 0 0 0 0 0 0 0 0
-56.4 -268.0 2541.2 0 0 0 0 0 0 0 0 0
-311.5 -908.9 2377.6 0 0 0 0 0 0 0 0 0
-158.9 -852.3 2473.8 0 0 0 0 0 0 0 0 0
-74.3 400.1 2445.1 0 0.3004320264 0.2436553389 -0.9221565127 -0.1623480767 0.9657755494 0.2022886574 0.9398849607 0.0889363438 0.3297068775
-122.3 209.6 2427.6 0.3004320264 0.2436553389 -0.9221565127 -0.1623480767 0.9657755494 0.2022886574 0.9398849607 0.0889363438 0.3297068775
-167.7 21.2 2417.3 0.3095116913 0.2336324900 -0.9217474461 -0.1255058199 0.9709033370 0.2039485425 0.9425767064 0.0525602102 0.3298281729
-164.6 226.8 2298.8 -0.3657566607 0.6394056678 -0.6763005257 0.7012522221 0.6670960188 0.2514522374 0.6119374037 -0.3822869360 -0.6923794746
-57.4 21.3 2119.5 -0.7571552992 0.6394056678 -0.1337020993 0.6327781081 0.6670960188 -0.3931600153 -0.1621966064 -0.3822869360 -0.9096971750
-80.0 192.5 2556.3 -0.1771193594 0.8375112414 -0.5169174671 -0.9334481359 0.0235150829 0.3579408526 0.3119348288 0.5459139347 0.7776082754
-122.9 -33.3 2631.8 0.2562316060 0.8375112414 -0.4826182127 -0.8993194103 0.0235150829 -0.4366596937 -0.3543585837 0.5459139347 0.7592153549
-240.9 -154.3 2324.1 0.3468946815 0.0511793010 -0.9365066886 0.0040058154 0.9984201193 0.0560466275 0.9378955364 -0.0231937505 0.3461416066
-260.7 -541.9 2333.1 0.3533177376 0.1317624152 -0.9261777401 0.0493350849 0.9860294461 0.1590975225 0.9342015982 -0.1019050330 0.3418811560
-186.3 -175.5 2493.4 0.3720642626 -0.0214290675 -0.9279595613 -0.0707579032 0.9961696267 -0.0513745174 0.9255060554 0.0847750977 0.3691228330
-178.0 -562.3 2460.5 0.3665041327 -0.0657849908 -0.9280878305 0.0666529313 0.9967908263 -0.0443334095 0.9280259013 -0.0456113964 0.3697127402
156.3 -157.3 2165.3 0 0 0 0 0 0 0 0 0
-55.1 -271.2 2538.0 0 0 0 0 0 0 0 0 0
-309.9 -909.9 2371.2 0 0 0 0 0 0 0 0 0
-158.8 -851.9 2473.8 0 0 0 0 0 0 0 0 0
-71.9 401.3 2445.0 1 0.3093335330 0.2490041107 -0.9177743196 -0.1671649367 0.9643194079 0.2052898854 0.9361456633 0.0899166390 0.3399210870
-121.1 211.0 2427.3 0.3093335330 0.2490041107 -0.9177743196 -0.1671649367 0.9643194079 0.2052898854 0.9361456633 0.0899166390 0.3399210870
-166.9 22.7 2416.6 0.3184836805 0.2358435541 -0.9181208611 -0.1306556016 0.9702324271 0.2039071321 0.9388808608 0.0550165437 0.3398174942
-164.6 228.8 2299.0 -0.3525022864 0.6356675625 -0.6867815256 0.6889479756 0.6729460955 0.2692475915 0.6333189011 -0.3782463670 -0.6751568913
-60.9 26.2 2112.7 -0.7561943531 0.6356675625 -0.1552315950 0.6413423419 0.6729460955 -0.3685425222 -0.1298080236 -0.3782463670 -0.9165585637
-77.6 193.1 2555.5 -0.1757121384 0.8428465128 -0.5086600184 -0.9346576929 0.0194025021 0.3550191224 0.3090958893 0.5378041863 0.7843636870
-120.1 -32.9 2630.3 0.2511724532 0.8428465128 -0.4759434760 -0.8980079293 0.0194025021 -0.4395512342 -0.3612397015 0.5378041863 0.7617562413
-240.7 -156.0 2322.7 0.3567009866 0.0546880104 -0.9326165318 0.0109685762 0.9979711771 0.0627155527 0.9341542125 -0.0326001756 0.3553774357
-262.0 -543.5 2335.4 0.3602948487 0.1259791702 -0.9242926240 0.0381038897 0.9880244136 0.1495188028 0.9320599437 -0.0890899971 0.3511798084
-185.3 -178.5 2491.6 0.3807823360 -0.0211055875 -0.9244238138 -0.0669336990 0.9964876175 -0.0503217541 0.9222389460 0.0810367391 0.3780322075
-177.1 -565.4 2460.1 0.3756451011 -0.0637074783 -0.9245713353 0.0663505271 0.9969231486 -0.0417352431 0.9243854284 -0.0456681512 0.3787163198
152.1 -154.5 2149.3 0 0 0 0 0 0 0 0 0
-53.6 -270.5 2534.7 0 0 0 0 0 0 0 0 0
-309.0 -912.2 2368.6 0 0 0 0 0 0 0 0 0
-158.8 -852.1 2473.3 0 0 0 0 0 0 0 0 0
-68.2 401.2 2445.5 2 0.2953219116 0.2549766898 -0.9207452536 -0.1595463455 0.9633586407 0.2156041116 0.9419819117 0.0832289308 0.3251815140
-118.3 211.9 2429.1 0.2953219116 0.2549766898 -0.9207452536 -0.1595463455 0.9633586407 0.2156041116 0.9419819117 0.0832289308 0.3251815140
-164.8 23.7 2419.3 0.3042672873 0.2391677052 -0.9220738411 -0.1245535836 0.9696470499 0.2104068696 0.9444087148 0.0508276783 0.3248210847
-159.9 228.9 2300.1 -0.3103098869 0.5930050611 -0.7430025339 0.6898534894 0.6782287955 0.2531953454 0.6540718675 -0.4339938760 -0.6195477247
-69.5 28.0 2109.6 -0.7748426199 0.5930050611 -0.2190065980 0.6272646189 0.6782287955 -0.3828116357 -0.0784726515 -0.4339938760 -0.8974916935
-76.8 194.9 2558.2 -0.1841976494 0.8350333571 -0.5184501410 -0.9314558506 0.0200955011 0.3632989526 0.3137852550 0.5498322845 0.7740951777
-121.3 -30.4 2634.1 0.2524976134 0.8350333571 -0.4888397455 -0.9018811584 0.0200955011 -0.4315165579 -0.3505072296 0.5498322845 0.7581748962
-241.2 -154.0 2321.8 0.3430880904 0.0515696891 -0.9378865361 0.0156750027 0.9980383515 0.0606112070 0.9391724467 -0.0354963578 0.3416067064
-261.2 -541.4 2335.6 0.3477241993 0.1309561431 -0.9284063578 0.0491166860 0.9862939715 0.1575175822 0.9363094568 -0.1003729180 0.3365261257
-184.1 -177.4 2490.0 0.3671203554 -0.0136410715 -0.9300734401 -0.0642233789 0.9971345663 -0.0399750136 0.9279536605 0.0744080991 0.3651923239
-178.8 -564.5 2461.1 0.3606755137 -0.0733600631 -0.9298018217 0.0646716505 0.9964696169 -0.0535335466 0.9304465055 -0.0408235826 0.3641465306
148.0 -148.1 2131.6 0 0 0 0 0 0 0 0 0
-54.5 -269.0 2541.3 0 0 0 0 0 0 0 0 0
-310.1 -909.6 2373.1 0 0 0 0 0 0 0 0 0
-157.6 -852.7 2473.0 0 0 0 0 0 0 0 0 0
-65.3 397.5 2446.2 3 0.3302110732 0.2636461556 -0.9063395262 -0.1753945202 0.9606157541 0.2155322880 0.9274682999 0.0877958387 0.3634480536
-117.3 208.2 2428.9 0.3302110732 0.2636461556 -0.9063395262 -0.1753945202 0.9606157541 0.2155322880 0.9274682999 0.0877958387 0.3634480536
-164.9 20.3 2418.1 0.3396204412 0.2452170849 -0.9080344439 -0.1397351921 0.9678571820 0.2091090232 0.9301247597 0.0558666699 0.3629695475
-163.6 227.3 2302.0 -0.3034384251 0.5843291879 -0.7526516318 0.6748270988 0.6894462109 0.2631962299 0.6727060676 -0.4280458689 -0.6035256982
-75.0 30.2 2105.5 -0.7777896523 0.5843291879 -0.2315223813 0.6262841821 0.6894462109 -0.3639121056 -0.0530222282 -0.4280458689 -0.9022002816
-70.9 189.1 2555.9 -0.1762972772 0.8555119634 -0.4868455231 -0.9353143573 0.0085457275 0.3537145555 0.3067674637 0.5177125335 0.7986660600
-113.5 -37.1 2630.1 0.2346444726 0.8555119634 -0.4615639448 -0.8977006674 0.0085457275 -0.4405229688 -0.3729282618 0.5177125335 0.7699988484
-238.5 -153.4 2324.8 0.3792899549 0.0585109778 -0.9234260321 0.0084979078 0.9977362156 0.0667099357 0.9252388477 -0.0331496000 0.3779340982
-261.2 -540.7 2337.7 0.3828968704 0.1247673780 -0.9153267741 0.0359101892 0.9880782366 0.1497059166 0.9230928421 -0.0901914835 0.3738516271
-183.9 -175.7 2494.0 0.4020712674 -0.0123729734 -0.9155247808 -0.0801974684 0.9955897927 -0.0486753657 0.9120894074 0.0929937363 0.3993057609
-179.1 -562.1 2457.9 0.3952598870 -0.0742558837 -0.9155630469 0.0825011358 0.9955686927 -0.0451279134 0.9148569107 -0.0576977357 0.3996345699
142.9 -145.2 2120.4 0 0 0 0 0 0 0 0 0
-51.5 -274.5 2531.5 0 0 0 0 0 0 0 0 0
-307.7 -909.5 2371.3 0 0 0 0 0 0 0 0 0
-157.4 -854.0 2474.8 0 0 0 0 0 0 0 0 0
-64.8 393.4 2445.6 4 0.3462825418 0.2642451525 -0.9001460671 -0.1820741892 0.9601963162 0.2118302137 0.9202920198 0.0905402526 0.3806114197
-116.8 204.3 2427.8 0.3462825418 0.2642451525 -0.9001460671 -0.1820741892 0.9601963162 0.2118302137 0.9202920198 0.0905402526 0.3806114197
-164.4 16.5 2416.8 0.3562697768 0.2452176064 -0.9016319513 -0.1442784369 0.9678131938 0.2062069625 0.9231768847 0.0566207282 0.3801822066
-165.4 224.0 2301.7 -0.2954167724 0.5846348405 -0.7555997968 0.6631022692 0.6948416829 0.2783710361 0.6877676249 -0.4188044667 -0.5929405689
-80.2 32.7 2103.2 -0.7732412815 0.5846348405 -0.2455607057 0.6334751248 0.6948416829 -0.3404472470 -0.0284115169 -0.4188044667 -0.9076318741
-68.1 184.6 2553.8 -0.1698095798 0.8646045327 -0.4728887081 -0.9371117949 0.0068124146 0.3489628732 0.3049364090 0.5024068356 0.8090742826
-109.2 -42.0 2627.6 0.2289623469 0.8646045327 -0.4472530186 -0.8953990340 0.0068124146 -0.4452124536 -0.3818858266 0.5024068356 0.7757258415
-242.9 -155.0 2324.0 0.3962172568 0.0499012545 -0.9167997241 0.0136931613 0.9980897903 0.0602436885 0.9180546403 -0.0364234783 0.3947770894
-262.3 -542.5 2338.2 0.3987745643 0.1189870611 -0.9092969298 0.0342398174 0.9889235497 0.1444226503 0.9164095521 -0.0887262374 0.3902834654
-182.1 -180.0 2490.5 0.4182556868 -0.0102446228 -0.9082715511 -0.0777727962 0.9958604574 -0.0470466428 0.9049937129 0.0903163403 0.4157275259
-178.1 -566.6 2455.5 0.4127703011 -0.0675374642 -0.9083278179 0.0881360546 0.9955290556 -0.0339696333 0.9065609574 -0.0660347715 0.4168772995
136.5 -144.9 2111.2 0 0 0 0 0 0 0 0 0
-48.7 -278.8 2526.6 0 0 0 0 0 0 0 0 0
-306.7 -911.6 2371.3 0 0 0 0 0 0 0 0 0
-158.8 -851.6 2474.4 0 0 0 0 0 0 0 0 0
-63.6 393.1 2445.3 5 0.3331310451 0.2667613924 -0.9043572545 -0.1850257069 0.9589895010 0.2147199661 0.9245480895 0.0957994536 0.3688268661
-116.0 204.4 2426.4 0.3331310451 0.2667613924 -0.9043572545 -0.1850257069 0.9589895010 0.2147199661 0.9245480895 0.0957994536 0.3688268661
-164.2 16.7 2414.9 0.3437587619 0.2480091304 -0.9057159424 -0.1452640593 0.9669285417 0.2096367180 0.9277544022 0.0595035255 0.3684169650
-163.0 224.2 2299.7 -0.2439810187 0.5401672721 -0.8054145575 0.6748719215 0.6909928322 0.2589918375 0.6964346170 -0.4803625643 -0.5331328511
-93.8 32.8 2102.2 -0.7903515697 0.5401672721 -0.2890738547 0.6126073599 0.6909928322 -0.3837200999 -0.0075250650 -0.4803625643 -0.8770377040
-69.1 184.6 2553.1 -0.1771137416 0.8580543399 -0.4820513129 -0.9363783002 0.0038931007 0.3509708643 0.3030287325 0.5135441422 0.8027739525
-111.9 -41.9 2626.4 0.2307100892 0.8580543399 -0.4588198066 -0.8963086605 0.0038931007 -0.4434136152 -0.3786867559 0.5135441422 0.7699797153
-243.9 -158.5 2323.2 0.3843428791 0.0469665378 -0.9219949245 0.0124605140 0.9983502030 0.0560503751 0.9231063128 -0.0330310948 0.3831235468
-262.1 -546.1 2336.0 0.3871099353 0.1179986596 -0.9144518971 0.0348362289 0.9891973138 0.1423906684 0.9213752151 -0.0869768932 0.3788174689
-180.1 -184.3 2488.5 0.4060872197 -0.0095743956 -0.9137841463 -0.0639421791 0.9971965551 -0.0388643779 0.9115945101 0.0742116794 0.4043365717
-176.4 -571.4 2459.7 0.4017391801 -0.0593991615 -0.9138256907 0.0728768408 0.9968029261 -0.0327543616 0.9128497243 -0.0534380190 0.4047836363
127.5 -138.7 2104.3 0 0 0 0 0 0 0 0 0
-50.9 -279.0 2526.3 0 0 0 0 0 0 0 0 0
-306.2 -915.3 2368.5 0 0 0 0 0 0 0 0 0
-159.7 -851.2 2474.7 0 0 0 0 0 0 0 0 0
-59.3 388.9 2437.6 6 0.3532320261 0.2791998088 -0.8929023743 -0.1803611815 0.9568474293 0.2278438359 0.9179852605 0.0805631801 0.3883459568
-114.0 201.5 2421.8 0.3532320261 0.2791998088 -0.8929023743 -0.1803611815 0.9568474293 0.2278438359 0.9179852605 0.0805631801 0.3883459568
-164.1 14.2 2412.4 0.3633919358 0.2583393157 -0.8951017261 -0.1440402567 0.9648112059 0.2199812382 0.9204339981 0.0489912666 0.3878158629
-163.6 221.2 2296.1 -0.2168164551 0.5144299865 -0.8296700716 0.6756908894 0.6924864650 0.2527931035 0.7045796514 -0.5057907701 -0.4977380931
-103.4 33.5 2100.4 -0.8001162410 0.5144299865 -0.3085057139 0.5997991562 0.6924864650 -0.4008783698 0.0074121915 -0.5057907701 -0.8626243472
-64.4 181.8 2547.5 -0.1788040400 0.8695282340 -0.4603800178 -0.9331845045 -0.0016093190 0.3593940139 0.3117623329 0.4938805997 0.8117180467
-107.6 -43.9 2623.0 0.2137181163 0.8695282340 -0.4452473521 -0.9002926946 -0.0016093190 -0.4352820814 -0.3792066276 0.4938805997 0.7824859619
-243.1 -158.0 2320.3 0.4053029716 0.0527835302 -0.9126573205 0.0126850484 0.9979109168 0.0633474886 0.9140943885 -0.0372520275 0.4037867188
-263.6 -545.4 2334.7 0.4107390344 0.1149210706 -0.9044814110 0.0560299866 0.9869682193 0.1508457214 0.9100297093 -0.1126363054 0.3989473283
-181.5 -184.0 2486.4 0.4260208011 -0.0160724763 -0.9045705795 -0.0532126911 0.9976660609 -0.0427879021 0.9031471014 0.0663631707 0.4241712391
-175.3 -571.3 2460.7 0.4222211838 -0.0570699498 -0.9046946168 0.0673195124 0.9972344041 -0.0314895138 0.9039896727 -0.0476080589 0.4248954058
119.8 -133.9 2098.3 0 0 0 0 0 0 0 0 0
-51.1 -282.1 2522.7 0 0 0 0 0 0 0 0 0
-306.5 -913.7 2376.7 0 0 0 0 0 0 0 0 0
-159.3 -850.1 2474.0 0 0 0 0 0 0 0 0 0
-56.4 386.5 2441.3 7 0.3352603912 0.2838805020 -0.8983386755 -0.1876106262 0.9545428753 0.2316250056 0.9232565761 0.0908831805 0.3732794225
-112.2 199.0 2423.4 0.3352603912 0.2838805020 -0.8983386755 -0.1876106262 0.9545428753 0.2316250056 0.9232565761 0.0908831805 0.3732794225
-163.2 12.0 2412.4 0.3462425172 0.2630505860 -0.9005112648 -0.1491050273 0.9631139040 0.2240073979 0.9262201786 0.0567098707 0.3726931214
-159.4 219.3 2296.9 -0.1813482046 0.5268402696 -0.8303927779 0.6722299457 0.6827248335 0.2863454819 0.7177881002 -0.5062866807 -0.4779687226
-109.5 34.0 2099.1 -0.7896856070 0.5268402696 -0.3143818676 0.6134867072 0.6827248335 -0.3968890309 0.0055391672 -0.5062866807 -0.8623474836
-64.9 178.6 2549.9 -0.1897135079 0.8606426120 -0.4725495279 -0.9331228137 -0.0083224000 0.3594615459 0.3054351807 0.5091414452 0.8046641350
-110.8 -47.1 2623.8 0.2151589543 0.8606426120 -0.4615201950 -0.9002819657 -0.0083224000 -0.4352276325 -0.3784164190 0.5091414452 0.7730304003
-246.8 -160.2 2320.4 0.3906197548 0.0428065099 -0.9195563197 0.0357094370 0.9974617958 0.0616021752 0.9198592305 -0.0568998680 0.3880997002
-263.4 -547.3 2342.5 0.3872532845 0.1204381064 -0.9140730500 0.0066393851 0.9910410643 0.1333922148 0.9219494462 -0.0577254593 0.3829842806
-181.7 -186.0 2485.3 0.4096945822 -0.0070540188 -0.9121954441 -0.0585689098 0.9977034926 -0.0340203233 0.9103406072 0.0673642382 0.4083406031
-179.0 -573.3 2459.2 0.4040096700 -0.0692861602 -0.9121269584 0.0787915587 0.9960573912 -0.0407623537 0.9113550782 -0.0553995185 0.4078759849
110.3 -136.6 2097.6 0 0 0 0 0 0 0 0 0
-53.8 -285.3 2523.7 0 0 0 0 0 0 0 0 0
-308.3 -916.7 2364.0 0 0 0 0 0 0 0 0 0
-159.8 -849.2 2474.5 0 0 0 0 0 0 0 0 0
-52.2 391.1 2443.1 8 0.3150394857 0.2864775062 -0.9048097730 -0.1808673143 0.9540064335 0.2390789986 0.9316850901 0.0883311853 0.3523641229
-109.0 202.1 2425.6 0.3150394857 0.2864775062 -0.9048097730 -0.1808673143 0.9540064335 0.2390789986 0.9316850901 0.0883311853 0.3523641229
-160.7 15.3 2415.5 0.3265866041 0.2664764225 -0.9068249464 -0.1408469528 0.9624418020 0.2320947349 0.9346140027 0.0519245006 0.3518529832
-153.6 221.3 2298.0 -0.1188621372 0.4907390475 -0.8631610274 0.6796575189 0.6739527583 0.2895744443 0.7238352299 -0.5522344708 -0.4136419296
-121.1 35.9 2100.5 -0.7925372720 0.4907390475 -0.3620219231 0.6086088419 0.6739527583 -0.4187875092 0.0384702906 -0.5522344708 -0.8328008056
-64.4 182.9 2553.3 -0.2004944831 0.8500360250 -0.4870736599 -0.9289402962 -0.0070003411 0.3701634407 0.3112425506 0.5266780853 0.7910361886
-112.9 -41.8 2628.5 0.2183754146 0.8500360250 -0.4793234468 -0.9052436352 -0.0070003411 -0.4248352349 -0.3644806743 0.5266780853 0.7679609656
-245.2 -161.6 2318.5 0.3719646335 0.0471761636 -0.9270473123 0.0434947535 0.9967249036 0.0681736171 0.9272273183 -0.0656798705 0.3686945140
-263.6 -548.5 2344.0 0.3673036098 0.1223409623 -0.9220199585 0.0032864129 0.9911345840 0.1328208447 0.9300953150 -0.0518157147 0.3636452556
-183.2 -188.3 2484.4 0.3907614350 -0.0106692929 -0.9204301834 -0.0475968122 0.9983609319 -0.0317794941 0.9192606211 0.0562277436 0.3896131217
-179.1 -575.9 2462.6 0.3851675689 -0.0698864236 -0.9201966524 0.0720899776 0.9963599443 -0.0454960465 0.9200266004 -0.0488133542 0.3888036609
99.4 -133.4 2089.8 0 0 0 0 0 0 0 0 0
-55.1 -281.2 2532.1 0 0 0 0 0 0 0 0 0
-309.2 -918.2 2363.3 0 0 0 0 0 0 0 0 0
-159.5 -854.5 2476.2 0 0 0 0 0 0 0 0 0
-50.5 388.5 2443.6 9 0.3314844072 0.3016584218 -0.8939352632 -0.2041658908 0.9479908347 0.2441917509 0.9211049676 0.1015653312 0.3758325577
-110.1 201.1 2423.5 0.3314844072 0.3016584218 -0.8939352632 -0.2041658908 0.9479908347 0.2441917509 0.9211049676 0.1015653312 0.3758325577
-164.1 15.1 2410.4 0.3434138894 0.2779807746 -0.8971028924 -0.1649347693 0.9581992626 0.2337748557 0.9245882630 0.0676819161 0.3749076426
-157.0 223.6 2297.2 -0.0892184824 0.4835780263 -0.8707424402 0.6867926717 0.6630248427 0.2978488505 0.7213569880 -0.5714458823 -0.3912718892
-132.7 36.3 2100.5 -0.7866779566 0.4835780263 -0.3837839365 0.6154648066 0.6630248427 -0.4261469245 0.0483829938 -0.5714458823 -0.8192122579
-63.2 178.6 2549.7 -0.2046806216 0.8600769043 -0.4673045874 -0.9333631396 -0.0276832394 0.3578642905 0.2948543131 0.5094127655 0.8084303141
-112.7 -47.2 2621.0 0.2011644989 0.8600769043 -0.4688289464 -0.8992193341 -0.0276832394 -0.4366213381 -0.3885066211 0.5094127655 0.7678288817
-241.7 -158.9 2321.8 0.3914520144 0.0547225885 -0.9185699224 0.0332962088 0.9967342019 0.0735684261 0.9195959568 -0.0593834035 0.3883515596
-262.9 -545.8 2344.8 0.3892175853 0.1197189838 -0.9133329391 0.0142119545 0.9906197786 0.1359061152 0.9210361838 -0.0658772960 0.3838651776
-183.2 -184.1 2489.2 0.4082258940 -0.0070946673 -0.9128533602 -0.0492646247 0.9983413815 -0.0297901034 0.9115506411 0.0571324714 0.4071992934
-180.4 -571.7 2467.0 0.4022743702 -0.0769107714 -0.9122828841 0.0586523004 0.9965831041 -0.0581548363 0.9136384726 -0.0301132891 0.4054108560
86.6 -135.2 2087.0 0 0 0 0 0 0 0 0 0
-59.5 -284.9 2518.3 0 0 0 0 0 0 0 0 0
-307.6 -915.5 2369.4 0 0 0 0 0 0 0 0 0
-158.6 -853.8 2475.5 0 0 0 0 0 0 0 0 0
-47.2 387.9 2445.3 0 0.3444732428 0.3077557385 -0.8869186044 -0.2115868330 0.9458839893 0.2460374981 0.9146415591 0.1029069647 0.3909487724
-108.2 200.4 2424.9 0.3444732428 0.3077557385 -0.8869186044 -0.2115868330 0.9458839893 0.2460374981 0.9146415591 0.1029069647 0.3909487724
-162.9 14.6 2411.8 0.3574234247 0.2818883657 -0.8903861046 -0.1697923541 0.9570880532 0.2348466963 0.9183784723 0.0672410429 0.3899481893
-157.0 223.6 2299.4 -0.0465046391 0.4715998173 -0.8805855513 0.6803164482 0.6604456902 0.3177751303 0.7314416170 -0.5842987895 -0.3515508771
-144.4 39.7 2101.8 -0.7951361537 0.4715998173 -0.3812506795 0.6049718857 0.6604456902 -0.4447702169 0.0420418307 -0.5842987895 -0.8104488850
-59.4 177.2 2550.3 -0.2027088106 0.8679344654 -0.4534302056 -0.9340015054 -0.0322551019 0.3558100462 0.2941943407 0.4956303239 0.8171904683
-108.4 -48.7 2621.4 0.1923743635 0.8679344654 -0.4579103887 -0.8981671929 -0.0322551019 -0.4384693205 -0.3953325748 0.4956303239 0.7733451724
-248.8 -156.1 2314.5 0.4072239101 0.0365753248 -0.9125956893 0.0550405309 0.9963989854 0.0644945353 0.9116683602 -0.0764934719 0.4037443697
-263.0 -542.8 2344.2 0.4018757045 0.1153436899 -0.9084006548 0.0045847227 0.9917690158 0.1279576272 0.9156827331 -0.0555878244 0.3980390429
-187.4 -185.6 2480.0 0.4221614301 -0.0162491370 -0.9063750505 -0.0329014957 0.9989059567 -0.0332324952 0.9059234262 0.0438505709 0.4211649597
-181.0 -573.4 2463.0 0.4160131514 -0.0804418474 -0.9057936668 0.0721047223 0.9958614707 -0.0553243272 0.9064954519 -0.0422963537 0.4200917184
77.4 -129.0 2090.0 0 0 0 0 0 0 0 0 0
-57.5 -286.3 2516.9 0 0 0 0 0 0 0 0 0
-306.1 -912.9 2364.9 0 0 0 0 0 0 0 0 0
-158.4 -854.1 2474.9 0 0 0 0 0 0 0 0 0
-45.0 387.0 2453.6 1 0.3367118239 0.3085376024 -0.8896233439 -0.2238247544 0.9439378381 0.2426598668 0.9146188498 0.1174132824 0.3868933618
-106.4 199.2 2430.3 0.3367118239 0.3085376024 -0.8896233439 -0.2238247544 0.9439378381 0.2426598668 0.9146188498 0.1174132824 0.3868933618
-161.5 13.8 2414.5 0.3497158885 0.2838303447 -0.8928264976 -0.1821287572 0.9554184079 0.2323894054 0.9189820290 0.0813391134 0.3858186603
-154.1 224.1 2304.7 0.0026976720 0.4671460092 -0.8841760755 0.6669117212 0.6579920650 0.3496786356 0.7451318502 -0.5906106830 -0.3097701073
-154.9 42.3 2101.6 -0.8044544458 0.4671460092 -0.3669163585 0.5934915543 0.6579920650 -0.4634804726 0.0249150041 -0.5906106830 -0.8065719008
-58.6 174.3 2555.8 -0.2073612660 0.8639034629 -0.4589903653 -0.9370452762 -0.0406448878 0.3468343914 0.2809758186 0.5020147562 0.8179448247
-108.8 -52.3 2623.7 0.1932840347 0.8639034629 -0.4650936723 -0.8936662078 -0.0406448878 -0.4468877614 -0.4049715698 0.5020147562 0.7641853094
-249.6 -156.0 2316.6 0.3999439180 0.0322393551 -0.9159724116 0.0368995443 0.9980045557 0.0512381941 0.9157965183 -0.0542913675 0.3979562521
-262.1 -543.3 2337.6 0.4007238150 0.1214094460 -0.9081190228 0.0431783907 0.9875771999 0.1510857195 0.9151808619 -0.0997547656 0.3905034363
-185.6 -186.4 2481.0 0.4146527946 -0.0132232644 -0.9098836184 -0.0267521273 0.9992851019 -0.0267140269 0.9095863700 0.0354183689 0.4140025973
-180.5 -574.3 2467.3 0.4100621641 -0.0739103109 -0.9090579152 0.0529817455 0.9969583154 -0.0571577363 0.9105173945 -0.0247252472 0.4127307832
69.5 -123.3 2094.7 0 0 0 0 0 0 0 0 0
-57.6 -288.7 2516.6 0 0 0 0 0 0 0 0 0
-307.4 -911.5 2374.8 0 0 0 0 0 0 0 0 0
-159.9 -852.6 2474.2 0 0 0 0 0 0 0 0 0
-45.8 386.5 2456.8 2 0.3387241960 0.3071583509 -0.8893366456 -0.2160073668 0.9453521967 0.2442336231 0.9157547355 0.1093754247 0.3865621388
-106.6 199.1 2435.1 0.3387241960 0.3071583509 -0.8893366456 -0.2160073668 0.9453521967 0.2442336231 0.9157547355 0.1093754247 0.3865621388
-161.5 13.5 2420.3 0.3508370817 0.2826965153 -0.8927463293 -0.1769586354 0.9561819434 0.2332416922 0.9195645452 0.0761493370 0.3854897022
-154.6 223.3 2309.5 0.0286247730 0.4767532647 -0.8785709739 0.6538099647 0.6559175253 0.3772330284 0.7561171651 -0.5852166414 -0.2929305434
-162.4 44.7 2103.0 -0.8011419773 0.4767532647 -0.3617704511 0.5982089639 0.6559175253 -0.4603457749 0.0178202223 -0.5852166414 -0.8106811643
-58.7 174.9 2560.7 -0.2058837861 0.8644558191 -0.4586153328 -0.9358488321 -0.0369604118 0.3504581153 0.2860049307 0.5013482571 0.8166095018
-108.5 -51.4 2629.9 0.1940372288 0.8644558191 -0.4637517631 -0.8954771161 -0.0369604118 -0.4435703456 -0.4005874097 0.5013482571 0.7669287324
-247.9 -155.4 2316.4 0.4004924893 0.0345495008 -0.9156484604 0.0332255140 0.9980841875 0.0521923900 0.9156974554 -0.0513255484 0.3985773027
-261.3 -542.8 2336.3 0.4042355716 0.1351746619 -0.9046111703 0.0594252385 0.9830481410 0.1734502167 0.9127224088 -0.1238714829 0.3893502355
-185.2 -188.0 2481.0 0.4156874120 -0.0136709781 -0.9094048142 -0.0300584380 0.9991343021 -0.0287595335 0.9090107083 0.0392902642 0.4149166048
-179.9 -575.9 2465.8 0.4109247923 -0.0728707984 -0.9087522626 0.0563727692 0.9969239235 -0.0544501208 0.9099246860 -0.0288539734 0.4137686789
60.8 -122.0 2098.0 0 0 0 0 0 0 0 0 0
-57.2 -288.3 2523.9 0 0 0 0 0 0 0 0 0
-311.7 -909.4 2382.5 0 0 0 0 0 0 0 0 0
-159.8 -850.7 2473.7 0 0 0 0 0 0 0 0 0
-43.7 382.9 2450.9 3 0.3955545127 0.3093183637 -0.8647882938 -0.2194812894 0.9461355805 0.2380239367 0.8918321729 0.0956533998 0.4421378076
-104.9 195.7 2432.0 0.3955545127 0.3093183637 -0.8647882938 -0.2194812894 0.9461355805 0.2380239367 0.8918321729 0.0956533998 0.4421378076
-160.0 10.0 2419.3 0.4072274566 0.2844463289 -0.8679032922 -0.1820774972 0.9564749599 0.2280425280 0.8949936032 0.0651604831 0.4412941337
-160.4 220.5 2309.9 0.0365631133 0.4974432886 -0.8667256236 0.6436586976 0.6517230272 0.4011989534 0.7644387484 -0.5725445747 -0.2963546813
-170.2 47.8 2104.8 -0.7958527803 0.4974432886 -0.3452078700 0.6054859757 0.6517230272 -0.4567754567 -0.0022399658 -0.5725445747 -0.8198705316
-49.4 170.8 2554.0 -0.1854065210 0.8937774897 -0.4083946645 -0.9385420084 -0.0379311629 0.3430745006 0.2911413908 0.4469037950 0.8458804488
-94.2 -56.1 2624.4 0.1708079278 0.8937774897 -0.4147124588 -0.8925445080 -0.0379311629 -0.4493612349 -0.4173594713 0.4469037950 0.7912572622
-247.8 -156.2 2323.2 0.4555439353 0.0333977528 -0.8895866275 0.0129037369 0.9989432693 0.0441111438 0.8901197910 -0.0315735564 0.4546315968
-260.8 -544.0 2335.4 0.4613436759 0.1473514736 -0.8748997450 0.0493993908 0.9803161025 0.1911545992 0.8858451843 -0.1314074844 0.4449835420
-185.0 -188.0 2487.9 0.4710098803 -0.0108559532 -0.8820611238 -0.0409293436 0.9985784292 -0.0341457576 0.8811779022 0.0521851741 0.4698959589
-180.8 -575.6 2467.7 0.4651018083 -0.0855233595 -0.8811163902 0.0512361713 0.9962546229 -0.0696536899 0.8837732673 -0.0127489744 0.4677416980
50.9 -120.4 2105.4 0 0 0 0 0 0 0 0 0
-49.0 -292.2 2514.0 0 0 0 0 0 0 0 0 0
-315.8 -909.7 2384.5 0 0 0 0 0 0 0 0 0
-157.3 -849.3 2471.2 0 0 0 0 0 0 0 0 0
-42.2 381.8 2455.9 4 0.3552704751 0.3135361671 -0.8806122541 -0.2215281427 0.9434728026 0.2465448678 0.9081344604 0.1074902862 0.4046451151
-104.3 195.0 2434.6 0.3552704751 0.3135361671 -0.8806122541 -0.2215281427 0.9434728026 0.2465448678 0.9081344604 0.1074902862 0.4046451151
-159.9 9.6 2420.5 0.3683430552 0.2866783440 -0.8843861818 -0.1801743358 0.9552471042 0.2346064448 0.9120638967 0.0729280487 0.4035107195
-154.5 219.6 2310.3 0.0749332681 0.5035278201 -0.8607233763 0.6423312426 0.6358558536 0.4278994501 0.7627552748 -0.5849334002 -0.2757848799
-174.4 49.2 2107.9 -0.7949596643 0.5035278201 -0.3383768201 0.6061291695 0.6358558536 -0.4778020680 -0.0254277457 -0.5849334002 -0.8106825948
-54.1 170.5 2559.0 -0.2025828958 0.8740193248 -0.4416450560 -0.9362337589 -0.0406424478 0.3490193486 0.2871001363 0.4841883481 0.8265199065
-103.1 -55.9 2628.5 0.1833115220 0.8740193248 -0.4499856234 -0.8952772021 -0.0406424478 -0.4436517656 -0.4060487449 0.4841883481 0.7750393748
-251.6 -159.4 2326.7 0.4178744555 0.0245169327 -0.9081739187 0.0142145921 0.9993370175 0.0335184634 0.9083935618 -0.0269158315 0.4172489047
-261.1 -547.3 2337.1 0.4227281809 0.1524865776 -0.8933357000 0.0441957600 0.9811010957 0.1883810759 0.9051782489 -0.1191156358 0.4079998136
-178.8 -192.0 2486.7 0.4334160686 0.0081078755 -0.9011574388 -0.0462087616 0.9988440871 -0.0132375490 0.9000084996 0.0473787375 0.4332897365
-181.9 -579.7 2468.3 0.4264681637 -0.0888974294 -0.9001234174 0.0580123961 0.9957978129 -0.0708607584 0.9026402831 -0.0219984557 0.4298332334
46.0 -118.8 2115.0 0 0 0 0 0 0 0 0 0
-54.6 -292.7 2521.1 0 0 0 0 0 0 0 0 0
-318.0 -913.4 2381.6 0 0 0 0 0 0 0 0 0
-157.6 -852.1 2474.3 0 0 0 0 0 0 0 0 0
-38.4 383.1 2458.9 5 0.3519432247 0.3240355253 -0.8781440258 -0.2215441614 0.9403467774 0.2581977546 0.9094251990 0.1036767289 0.4027368724
-102.8 196.5 2438.4 0.3519432247 0.3240355253 -0.8781440258 -0.2215441614 0.9403467774 0.2581977546 0.9094251990 0.1036767289 0.4027368724
-161.1 11.9 2424.3 0.3642008007 0.3004811704 -0.8815150857 -0.1844212413 0.9510471225 0.2479882538 0.9128782153 0.0722525865 0.4017872214
-152.5 221.6 2313.8 0.0868457630 0.5176120996 -0.8511965275 0.6426612735 0.6237566471 0.4448754191 0.7612124085 -0.5856665969 -0.2784786224
-175.7 49.6 2110.0 -0.7932420373 0.5176120996 -0.3206941485 0.6063961983 0.6237566471 -0.4931645691 -0.0552328378 -0.5856665969 -0.8086680174
-53.1 171.3 2563.0 -0.2167551070 0.8725885749 -0.4377286732 -0.9327120781 -0.0527306646 0.3567459285 0.2882106900 0.4856013358 0.8253035545
-105.5 -54.3 2632.7 0.1710874438 0.8725885749 -0.4575131238 -0.8981835842 -0.0527306646 -0.4364467263 -0.4049634039 0.4856013358 0.7747231722
-248.4 -159.7 2324.8 0.4167851508 0.0408333838 -0.9080874324 0.0145464009 0.9985629916 0.0515781082 0.9088886380 -0.0347063914 0.4155922532
-264.3 -547.3 2338.2 0.4194353819 0.1314711571 -0.8982145190 0.0338377506 0.9865052104 0.1601952910 0.9071543217 -0.0975851342 0.4093264937
-182.5 -192.0 2487.9 0.4314002395 -0.0029401258 -0.9021558762 -0.0354501605 0.9991670847 -0.0202081315 0.9014638662 0.0406993628 0.4309366941
-181.4 -579.8 2472.1 0.4253715277 -0.0940505043 -0.9001186490 0.0421472266 0.9955650568 -0.0841057599 0.9040368795 -0.0021613059 0.4274490178
43.6 -118.1 2125.3 0 0 0 0 0 0 0 0 0
-60.2 -291.8 2525.6 0 0 0 0 0 0 0 0 0
-313.3 -915.3 2374.6 0 0 0 0 0 0 0 0 0
-155.8 -850.4 2472.7 0 0 0 0 0 0 0 0 0
-37.2 382.3 2460.0 6 0.3592264354 0.3320333660 -0.8721870184 -0.2292209715 0.9373319149 0.2624244988 0.9046624303 0.1056537405 0.4128234088
-102.8 197.2 2439.1 0.3592264354 0.3320333660 -0.8721870184 -0.2292209715 0.9373319149 0.2624244988 0.9046624303 0.1056537405 0.4128234088
-162.5 13.1 2424.2 0.3712024093 0.3074061871 -0.8761907220 -0.1939020604 0.9484688044 0.2506169677 0.9080808163 0.0768655613 0.4116806090
-153.5 223.7 2315.1 0.0582972020 0.5583196878 -0.8275750875 0.6612635255 0.5994451642 0.4509945512 0.7478850484 -0.5735369325 -0.3342504799
-169.1 46.1 2114.2 -0.7746857405 0.5583196878 -0.2968857288 0.6240903139 0.5994451642 -0.5011754036 -0.1018493772 -0.5735369325 -0.8128235340
-52.1 170.8 2563.1 -0.2203658223 0.8765619397 -0.4278762341 -0.9334259629 -0.0621856228 0.3533396423 0.2831163108 0.4772547781 0.8319092393
-105.4 -55.0 2631.6 0.1615752727 0.8765619397 -0.4533570409 -0.8960462809 -0.0621856228 -0.4395839274 -0.4135148227 0.4772547781 0.7753924131
-251.9 -156.2 2328.6 0.4252194762 0.0342371203 -0.9044424891 0.0085679125 0.9990872741 0.0418480076 0.9050497413 -0.0255437698 0.4245380163
-265.2 -544.1 2338.5 0.4284119904 0.1230204776 -0.8951699138 0.0331503935 0.9878817797 0.1516267657 0.9029752016 -0.0946339518 0.4191422164
-186.7 -189.3 2492.0 0.4392834008 -0.0036250309 -0.8983412385 -0.0289764814 0.9994143248 -0.0182022098 0.8978810906 0.0340266973 0.4389210939
-185.3 -577.2 2478.8 0.4333907068 -0.1096221507 -0.8945140839 0.0318594687 0.9938175678 -0.1063558683 0.9006428123 0.0175949000 0.4342038035
44.8 -126.2 2142.3 0 0 0 0 0 0 0 0 0
-62.7 -292.0 2522.2 0 0 0 0 0 0 0 0 0
-311.1 -912.7 2373.8 0 0 0 0 0 0 0 0 0
-155.0 -851.9 2473.9 0 0 0 0 0 0 0 0 0
-35.8 380.3 2461.5 7 0.3515469432 0.3310627043 -0.8756781220 -0.2270872146 0.9376032948 0.2633087039 0.9082103968 0.1062899381 0.4047916830
-101.0 195.7 2440.5 0.3515469432 0.3310627043 -0.8756781220 -0.2270872146 0.9376032948 0.2633087039 0.9082103968 0.1062899381 0.4047916830
-160.8 11.7 2425.0 0.3625951111 0.3078184128 -0.8796434402 -0.1944779456 0.9480893016 0.2516048849 0.9114291668 0.0798405334 0.4036364555
-150.5 222.3 2316.0 0.0377988964 0.5722258091 -0.8192245364 0.6715013385 0.5925802588 0.4448984265 0.7400386333 -0.5669270754 -0.3618515134
-160.7 42.0 2117.3 -0.7785387039 0.5722258091 -0.2577501237 0.6097915769 0.5925802588 -0.5263106227 -0.1484308839 -0.5669270754 -0.8102851510
-51.5 169.2 2565.0 -0.2240701616 0.8720565438 -0.4350976348 -0.9331902862 -0.0632710308 0.3537692726 0.2809777260 0.4852980375 0.8279718161
-105.7 -56.6 2633.0 0.1643684059 0.8720565438 -0.4609776735 -0.8961452842 -0.0632710308 -0.4392271042 -0.4121973813 0.4852980375 0.7710895538
-255.3 -153.6 2328.0 0.4169581234 0.0233522505 -0.9086256623 0.0105859907 0.9994773269 0.0305449869 0.9088640213 -0.0223546829 0.4164929986
-264.4 -541.6 2336.6 0.4201189280 0.1275644451 -0.8984583616 0.0341311768 0.9871487617 0.1561165750 0.9068269730 -0.0962529704 0.4103659391
-188.9 -188.3 2490.6 0.4309609234 -0.0143207265 -0.9022569656 -0.0292587746 0.9991265535 -0.0298336372 0.9018961191 0.0392560661 0.4301654994
-183.3 -576.2 2475.3 0.4254410565 -0.0947127566 -0.9000163078 0.0395043418 0.9955040812 -0.0860875100 0.9041234851 0.0010706091 0.4272698760
54.2 -126.3 2158.3 0 0 0 0 0 0 0 0 0
-62.2 -293.6 2523.9 0 0 0 0 0 0 0 0 0
-312.0 -910.0 2372.6 0 0 0 0 0 0 0 0 0
-156.8 -854.5 2475.0 0 0 0 0 0 0 0 0 0
-34.6 378.3 2461.7 8 0.3741272092 0.3288974762 -0.8670958877 -0.2274771333 0.9389798045 0.2580137849 0.8990455866 0.1007145196 0.4261145294
-99.4 193.5 2441.9 0.3741272092 0.3288974762 -0.8670958877 -0.2274771333 0.9389798045 0.2580137849 0.8990455866 0.1007145196 0.4261145294
-159.1 9.4 2427.2 0.3844262064 0.3078218102 -0.8703230619 -0.1969483495 0.9484118819 0.2484477013 0.9019023180 0.0758988783 0.4252193868
-151.9 220.4 2318.7 0.0069027632 0.5864474177 -0.8099578619 0.6802790165 0.5909092426 0.4336435497 0.7329207659 -0.5539906621 -0.3948689699
-153.7 38.4 2122.6 -0.7820552588 0.5864474177 -0.2108766586 0.5911402702 0.5909092426 -0.5489804149 -0.1973391622 -0.5539906621 -0.8087963462
-46.9 166.6 2565.1 -0.2155755907 0.8834143281 -0.4160604775 -0.9346291423 -0.0632564574 0.3499529064 0.2828348875 0.4643035531 0.8393012881
-99.0 -59.4 2633.5 0.1562307328 0.8834143281 -0.4417817593 -0.8943945169 -0.0632564574 -0.4427832663 -0.4191066325 0.4643035531 0.7802383304
-253.0 -154.9 2327.9 0.4382979274 0.0303152669 -0.8983184099 0.0072080647 0.9992803931 0.0372392833 0.8988008499 -0.0227970369 0.4377639890
-264.7 -542.9 2336.8 0.4416175783 0.1309945881 -0.8875890374 0.0312300567 0.9864402413 0.1611219347 0.8966596723 -0.0988737345 0.4315383732
-188.0 -189.8 2491.2 0.4523521662 -0.0116735809 -0.8917629719 -0.0403404348 0.9986230731 -0.0335353576 0.8909265995 0.0511438996 0.4512583911
-183.5 -577.4 2471.3 0.4453743696 -0.1002185345 -0.8897178769 0.0455419011 0.9949651361 -0.0892763436 0.8941854239 -0.0007580479 0.4476961195
61.7 -124.4 2177.0 0 0 0 0 0 0 0 0 0
-57.7 -296.0 2522.6 0 0 0 0 0 0 0 0 0
-313.6 -911.1 2373.7 0 0 0 0 0 0 0 0 0
-156.1 -849.4 2471.5 0 0 0 0 0 0 0 0 0
-33.1 379.1 2452.3 9 0.3977448344 0.3403137922 -0.8520478606 -0.2373415232 0.9352201819 0.2627398670 0.8862663507 0.0977229029 0.4527496099
-100.3 194.3 2433.0 0.3977448344 0.3403137922 -0.8520478606 -0.2373415232 0.9352201819 0.2627398670 0.8862663507 0.0977229029 0.4527496099
-161.9 10.7 2419.4 0.4096230865 0.3171306252 -0.8553578854 -0.2033569813 0.9457803369 0.2532696426 0.8893002272 0.0701979026 0.4519041777
-156.2 222.1 2311.6 -0.0598486364 0.6084698439 -0.7913169861 0.7227911353 0.5731723309 0.3860653043 0.6884701252 -0.5488514304 -0.4741002023
-140.5 31.9 2130.4 -0.7694843411 0.6084698439 -0.1940574050 0.5952584147 0.5731723309 -0.5631526113 -0.2314330488 -0.5488514304 -0.8032439351
-44.4 166.5 2554.5 -0.2140970081 0.8963602781 -0.3882019520 -0.9340912700 -0.0716256350 0.3497760892 0.2857201695 0.4375020564 0.8526170850
-96.2 -59.4 2623.6 0.1368579566 0.8963602781 -0.4216730893 -0.8939542770 -0.0716256350 -0.4423975050 -0.4267501533 0.4375020564 0.7915025353
-253.3 -157.1 2331.7 0.4649595618 0.0310842898 -0.8847860694 0.0014059602 0.9993562698 0.0358482078 0.8853307962 -0.0179119408 0.4646165371
-265.3 -545.0 2338.6 0.4687080085 0.1322127432 -0.8734028935 0.0280916858 0.9860047698 0.1643333137 0.8829063773 -0.1015597060 0.4584342539
-184.4 -192.3 2493.2 0.4783777297 -0.0067624478 -0.8781281114 -0.0472384654 0.9983243346 -0.0334221683 0.8768826723 0.0574698448 0.4772566855
-181.8 -579.9 2470.9 0.4726560712 -0.0852478296 -0.8771140575 0.0418425798 0.9963585138 -0.0742893741 0.8802530766 -0.0015873897 0.4745019078
72.0 -132.5 2194.4 0 0 0 0 0 0 0 0 0
-60.0 -295.9 2510.7 0 0 0 0 0 0 0 0 0
-314.7 -913.1 2376.5 0 0 0 0 0 0 0 0 0
-158.8 -849.0 2471.3 0 0 0 0 0 0 0 0 0
-28.8 387.0 2455.7 0 0.3472440541 0.3497512639 -0.8701124191 -0.2345823497 0.9307455420 0.2805064023 0.9079607129 0.1067088321 0.4052413404
-98.6 201.4 2434.4 0.3472440541 0.3497512639 -0.8701124191 -0.2345823497 0.9307455420 0.2805064023 0.9079607129 0.1067088321 0.4052413404
-162.4 18.7 2419.6 0.3601130247 0.3291174173 -0.8729262948 -0.1990957260 0.9412598014 0.2727469802 0.9114162326 0.0755761638 0.4044857621
-147.7 228.5 2310.1 -0.0711895525 0.6165351272 -0.7841023207 0.7596777678 0.5429313779 0.3579317927 0.6463913321 -0.5701841116 -0.5070191026
-128.8 26.4 2138.1 -0.7615624666 0.6165351272 -0.1997673959 0.5949928164 0.5429313779 -0.5926288962 -0.2569165528 -0.5701841116 -0.7803101540
-49.5 174.3 2558.7 -0.2442787141 0.8714679480 -0.4252898693 -0.9270727038 -0.0812676102 0.3659668863 0.2843661308 0.4836725593 0.8277661204
