109.6 478.9 2586.2 1 0.3874921203 0.2535009682 -0.8863335252 0.1000926644 0.9441955686 0.3138092160 0.9164230824 -0.2103140801 0.3404947519
59.5 292.4 2627.8 0.3874921203 0.2535009682 -0.8863335252 0.1000926644 0.9441955686 0.3138092160 0.9164230824 -0.2103140801 0.3404947519
10.5 104.7 2671.0 0.3899247050 0.2464904338 -0.8872435689 0.1092807055 0.9443130493 0.3103717864 0.9143393636 -0.2179802358 0.3412743211
4.7 277.0 2499.3 -0.4721319377 -0.0315580554 -0.8809628487 0.8641672134 0.1807881743 -0.4696069360 0.1740875393 -0.9830156565 -0.0580844320
127.8 51.7 2453.9 -0.9296425581 -0.0315580554 -0.3671087623 0.3559241891 0.1807881743 -0.9168607593 0.0953032598 -0.9830156565 -0.1568360925
114.4 307.7 2756.3 0.1558021307 0.9608688951 -0.2290342003 -0.7228223085 0.2689338326 0.6365551949 0.6732411385 0.0663743764 0.7364379168
175.2 25.5 3019.2 0.1368338764 0.9608688951 0.2408473790 -0.2524817586 0.2689338326 -0.9294770360 -0.9578775764 0.0663743764 0.2794011235
-75.7 -88.3 2631.9 0.5916146636 0.0785685703 -0.8023833632 -0.1250707209 0.9921355844 0.0049315640 0.7964605689 0.0974370763 0.5967885852
-106.9 -482.7 2593.2 0.6065297723 0.0683451369 -0.7921177745 0.0103182402 0.9955378175 0.0937972814 0.7949938178 -0.0650641024 0.6031181216
-11.3 -66.6 2802.2 0.8010372519 -0.2066341937 -0.5618199706 0.0310455896 0.9516111016 -0.3057326972 0.5978089571 0.2274612337 0.7686910033
70.8 -444.6 2711.9 0.8010372519 0.1784218848 -0.5714061260 0.0310455896 0.9408807158 0.3373124003 0.5978089571 -0.2879394293 0.7481412888
365.2 -39.2 2429.5 0 0 0 0 0 0 0 0 0
213.6 -45.5 2750.1 0 0 0 0 0 0 0 0 0
-125.4 -752.8 2610.9 0 0 0 0 0 0 0 0 0
15.4 -736.4 2801.2 0 0 0 0 0 0 0 0 0
110.8 478.4 2584.0 2 0.4075822830 0.2447572947 -0.8797559738 0.0969888046 0.9463578463 0.3082205951 0.9080032110 -0.2109517306 0.3619799614
62.4 291.2 2625.7 0.4075822830 0.2447572947 -0.8797559738 0.0969888046 0.9463578463 0.3082205951 0.9080032110 -0.2109517306 0.3619799614
15.0 103.1 2669.0 0.4096718132 0.2386544198 -0.8804618716 0.1051701978 0.9463801384 0.3054568172 0.9061502218 -0.2177353948 0.3626059294
4.8 276.4 2498.3 -0.4368076026 0.0083380705 -0.8995162845 0.8869339228 0.1709093899 -0.4291132987 0.1501578093 -0.9852514863 -0.0820498392
118.4 45.8 2459.3 -0.9462469816 0.0083380705 -0.3233375549 0.3199394941 0.1709093899 -0.9318951964 0.0474912152 -0.9852514863 -0.1643901616
120.0 306.0 2753.1 0.1729994267 0.9612189531 -0.2147772908 -0.7261494994 0.2718025446 0.6315301657 0.6654157639 0.0467060618 0.7450103164
187.6 22.4 3013.1 0.1164153740 0.9612189531 0.2500110865 -0.2463624030 0.2718025446 -0.9302843213 -0.9621605873 0.0467060618 0.2684502304
-74.2 -93.1 2630.5 0.6096022725 0.0817131698 -0.7884846330 -0.1258542687 0.9920334816 0.0055056815 0.7826530337 0.0958778784 0.6150298119
-106.7 -487.5 2592.4 0.6233979464 0.0654552653 -0.7791602015 0.0036623105 0.9962345958 0.0866213068 0.7818961740 -0.0568530709 0.6208108664
-2.7 -73.0 2798.1 0.8050456047 -0.1863491833 -0.5631834269 0.0234880894 0.9586469531 -0.2836271226 0.5927477479 0.2151046693 0.7761315107
71.3 -453.9 2712.6 0.8050456047 0.1863155663 -0.5631945729 0.0234880894 0.9386410117 0.3440949917 0.5927477479 -0.2902405262 0.7512726188
360.4 -36.1 2447.1 0 0 0 0 0 0 0 0 0
220.3 -46.8 2742.7 0 0 0 0 0 0 0 0 0
-124.1 -753.0 2607.6 0 0 0 0 0 0 0 0 0
16.1 -732.2 2798.7 0 0 0 0 0 0 0 0 0
111.1 479.5 2592.4 3 0.4541445971 0.2431940138 -0.8570935726 0.0441067405 0.9547066092 0.2942616343 0.8898355365 -0.1714409441 0.4228483438
63.1 291.0 2626.2 0.4541445971 0.2431940138 -0.8570935726 0.0441067405 0.9547066092 0.2942616343 0.8898355365 -0.1714409441 0.4228483438
15.7 101.7 2663.3 0.4580776989 0.2374787033 -0.8566030264 0.0597186051 0.9532544017 0.2962088585 0.8869038820 -0.1868418008 0.4224826992
-1.2 282.6 2501.8 -0.4048297405 0.0624976084 -0.9122537971 0.9018400311 0.1920278072 -0.3870528042 0.1509882063 -0.9793974757 -0.1341014057
106.6 42.3 2461.6 -0.9458416700 0.0624976084 -0.3185554743 0.3246116340 0.1920278072 -0.9261493683 0.0032893897 -0.9793974757 -0.2019153386
127.5 299.5 2750.7 0.1988034248 0.9655930400 -0.1676521152 -0.7578544021 0.2599318624 0.5984079838 0.6213967204 0.0080903303 0.7834542990
205.0 3.9 2993.1 0.0627438426 0.9655930400 0.2523752153 -0.2026640773 0.2599318624 -0.9441200495 -0.9772361517 0.0080903303 0.2120001465
-70.0 -94.7 2629.1 0.6517607570 0.0928495154 -0.7527196407 -0.1343373507 0.9909180403 0.0059124874 0.7464324236 0.0972648337 0.6583146453
-106.9 -488.6 2590.5 0.6674805880 0.0613462590 -0.7420958877 0.0087162238 0.9958885908 0.0901661813 0.7445761561 -0.0666524470 0.6642016172
5.1 -75.4 2795.3 0.8220392466 -0.1651615053 -0.5449524522 0.0190123916 0.9644397497 -0.2636182010 0.5691133738 0.2063436508 0.7959473729
70.7 -458.6 2713.3 0.8220392466 0.1834838688 -0.5390595198 0.0190123916 0.9372919798 0.3480263054 0.5691133738 -0.2963400781 0.7670022845
349.0 -40.9 2460.7 0 0 0 0 0 0 0 0 0
222.6 -53.0 2719.0 0 0 0 0 0 0 0 0 0
-123.3 -754.1 2608.2 0 0 0 0 0 0 0 0 0
16.6 -734.8 2800.6 0 0 0 0 0 0 0 0 0
110.4 482.8 2587.1 4 0.4874921143 0.2471623421 -0.8374140263 0.0432822965 0.9510772824 0.3059063554 0.8720539212 -0.1853721291 0.4529449046
61.5 294.4 2623.8 0.4874921143 0.2471623421 -0.8374140263 0.0432822965 0.9510772824 0.3059063554 0.8720539212 -0.1853721291 0.4529449046
14.5 105.2 2662.4 0.4907264709 0.2358946949 -0.8387736082 0.0560254268 0.9521192908 0.3005495667 0.8695105910 -0.1944802701 0.4540140331
-7.5 286.6 2501.7 -0.3546146750 0.0693714470 -0.9324355125 0.9250146747 0.1714731604 -0.3390351534 0.1363683045 -0.9827433825 -0.1249765083
87.6 38.7 2465.2 -0.9662262797 0.0693714470 -0.2481821626 0.2566279769 0.1714731604 -0.9511777163 -0.0234279949 -0.9827433825 -0.1834845245
130.4 302.3 2745.9 0.2176435143 0.9665853977 -0.1354400367 -0.7596505284 0.2548838854 0.5983020067 0.6128314734 -0.0273294579 0.7897409201
215.4 5.8 2985.1 0.0255411360 0.9665853977 0.2550693154 -0.2018392235 0.2548838854 -0.9456717968 -0.9790855646 -0.0273294579 0.2016048580
-73.6 -93.2 2619.3 0.6802532077 0.0825721473 -0.7283113599 -0.1147200689 0.9933827519 0.0054743732 0.7239439487 0.0798279643 0.6852245331
-106.4 -488.1 2587.6 0.6950688958 0.0672595054 -0.7157900333 0.0157163609 0.9939548373 0.1086587682 0.7187713385 -0.0867749453 0.6898100376
10.3 -82.2 2781.6 0.8094440103 -0.1470265239 -0.5684924126 0.0234818682 0.9754762650 -0.2188483626 0.5867273808 0.1637962312 0.7930458784
68.7 -469.5 2716.5 0.8094440103 0.1849179715 -0.5573201180 0.0234818682 0.9381665587 0.3453869820 0.5867273808 -0.2926583290 0.7550510764
335.4 -27.1 2471.2 0 0 0 0 0 0 0 0 0
222.6 -50.9 2710.3 0 0 0 0 0 0 0 0 0
-124.6 -756.7 2611.0 0 0 0 0 0 0 0 0 0
17.6 -728.5 2797.3 0 0 0 0 0 0 0 0 0
115.4 485.5 2593.9 5 0.4992493093 0.2476353049 -0.8303173184 0.0136123113 0.9559288621 0.2932826579 0.8663514256 -0.1577236950 0.4738759398
66.2 295.6 2625.3 0.4992493093 0.2476353049 -0.8303173184 0.0136123113 0.9559288621 0.2932826579 0.8663514256 -0.1577236950 0.4738759398
19.9 105.3 2658.6 0.5031196475 0.2326167077 -0.8323221207 0.0290366001 0.9580003619 0.2852931321 0.8637288213 -0.1677043736 0.4752343893
-4.6 291.5 2503.9 -0.2725535035 0.0738998055 -0.9592983723 0.9523506165 0.1625928134 -0.2580541074 0.1369048804 -0.9839219451 -0.1146937609
67.9 38.1 2467.5 -0.9702070951 0.0738998055 -0.2307313830 0.2399899065 0.1625928134 -0.9570623636 -0.0332114585 -0.9839219451 -0.1754839122
136.9 299.7 2746.6 0.2270545661 0.9658817053 -0.1245745122 -0.7781762481 0.2568483055 0.5731236339 0.5855663419 -0.0331894048 0.8099447489
225.6 -4.1 2975.2 0.0115654105 0.9658817053 0.2587253749 -0.1708022356 0.2568483055 -0.9512389302 -0.9852374792 -0.0331894048 0.1679452956
-77.4 -89.1 2621.5 0.6929789782 0.0723005906 -0.7173233032 -0.1067803875 0.9942782521 -0.0029410177 0.7130063772 0.0786341205 0.6967342496
-106.1 -484.4 2590.2 0.7045601606 0.0660123974 -0.7065672874 0.0030348657 0.9953746796 0.0960210264 0.7096377611 -0.0697969273 0.7011010051
12.5 -78.8 2780.7 0.8086197376 -0.1454349458 -0.5700725913 0.0210472252 0.9754954576 -0.2190105766 0.5879549980 0.1650978327 0.7918658853
70.3 -466.4 2715.1 0.8086197376 0.1873024553 -0.5577202439 0.0210472252 0.9381528497 0.3455810249 0.5879549980 -0.2911821008 0.7546667457
318.4 -23.8 2476.0 0 0 0 0 0 0 0 0 0
228.8 -52.1 2698.6 0 0 0 0 0 0 0 0 0
-123.9 -752.2 2609.0 0 0 0 0 0 0 0 0 0
18.2 -727.5 2796.1 0 0 0 0 0 0 0 0 0
118.9 485.9 2598.9 6 0.5055890679 0.2640654147 -0.8213703036 -0.0167521406 0.9548355937 0.2966620326 0.8626117706 -0.1362293661 0.4871781170
66.3 295.9 2626.0 0.5055890679 0.2640654147 -0.8213703036 -0.0167521406 0.9548355937 0.2966620326 0.8626117706 -0.1362293661 0.4871781170
17.3 105.5 2654.5 0.5095051527 0.2464687079 -0.8244135380 -0.0020761045 0.9584487677 0.2852571607 0.8604651093 -0.1436284184 0.4888463020
-5.3 296.1 2505.0 -0.2059671134 0.0851136073 -0.9748503566 0.9698031545 0.1507217735 -0.1917413175 0.1306113899 -0.9849053621 -0.1135871783
49.9 36.1 2470.0 -0.9684613347 0.0851136073 -0.2341757566 0.2448385358 0.1507217735 -0.9577771425 -0.0462244786 -0.9849053621 -0.1668073088
138.0 295.6 2746.9 0.2189275324 0.9694902301 -0.1102697700 -0.7969905138 0.2428733259 0.5530087352 0.5629181862 -0.0331848823 0.8258461952
223.5 -15.6 2966.7 0.0022636340 0.9694902301 0.2451194823 -0.1442411989 0.2428733259 -0.9592742324 -0.9895399809 -0.0331848823 0.1403902024
-72.6 -87.7 2612.7 0.6991669536 0.0798323452 -0.7104874253 -0.1011761725 0.9947935343 0.0122136781 0.7077633142 0.0633449927 0.7036039233
-104.3 -483.2 2587.6 0.7118485570 0.0741707087 -0.6984055638 0.0094606318 0.9933051467 0.1151317954 0.7022692561 -0.0885637626 0.7063811421
19.7 -82.4 2771.0 0.8058533072 -0.1268501729 -0.5783679485 0.0212350022 0.9823457599 -0.1858651340 0.5917343497 0.1374983937 0.7943202257
70.1 -472.6 2716.4 0.8058533072 0.1913031638 -0.5603601933 0.0212350022 0.9364241362 0.3502268791 0.5917343497 -0.2941307127 0.7505581975
299.5 -27.0 2481.9 0 0 0 0 0 0 0 0 0
224.1 -56.1 2688.7 0 0 0 0 0 0 0 0 0
-124.7 -756.5 2611.9 0 0 0 0 0 0 0 0 0
17.3 -731.0 2797.5 0 0 0 0 0 0 0 0 0
119.8 480.8 2591.3 7 0.5317049026 0.2760686278 -0.8006722331 -0.0229876041 0.9497380853 0.3122005165 0.8466176391 -0.1475930065 0.5113265514
64.9 291.7 2620.7 0.5317049026 0.2760686278 -0.8006722331 -0.0229876041 0.9497380853 0.3122005165 0.8466176391 -0.1475930065 0.5113265514
13.7 102.1 2650.9 0.5353729129 0.2572859526 -0.8044748306 -0.0098929554 0.9543191791 0.2986252308 0.8445578814 -0.1519172341 0.5134619474
-10.4 293.1 2502.0 -0.1796226352 0.1016717330 -0.9784674644 0.9734072089 0.1621226221 -0.1618476808 0.1421763748 -0.9815188050 -0.1280888915
37.3 34.7 2464.2 -0.9606158137 0.1016717330 -0.2586119771 0.2724833190 0.1621226221 -0.9484034777 -0.0544989705 -0.9815188050 -0.1834414005
140.1 290.3 2739.4 0.2232386470 0.9717834592 -0.0761672035 -0.8001636863 0.2273171097 0.5550360084 0.5566889644 -0.0629592612 0.8283317685
227.3 -22.3 2956.9 -0.0302728061 0.9717834592 0.2339241207 -0.1445143670 0.2273171097 -0.9630382061 -0.9890395403 -0.0629592612 0.1335551441
-78.5 -84.8 2604.2 0.7218876481 0.0531533733 -0.6899659038 -0.0698153228 0.9975526929 0.0038037703 0.6884795427 0.0454243012 0.7238318324
-99.6 -481.2 2586.2 0.7297824621 0.0993794277 -0.6764179468 -0.0061887847 0.9902986288 0.1388177872 0.6836513877 -0.0971205831 0.7233176231
14.9 -85.1 2761.9 0.8037336469 -0.1340191215 -0.5796991587 0.0370447710 0.9836832285 -0.1760538071 0.5938349366 0.1200255379 0.7955840230
68.2 -476.0 2714.2 0.8037336469 0.1846292317 -0.5656185150 0.0370447710 0.9332638979 0.3572760224 0.5938349366 -0.3081079721 0.7432560325
284.0 -35.3 2478.2 0 0 0 0 0 0 0 0 0
218.8 -62.9 2679.0 0 0 0 0 0 0 0 0 0
-126.9 -753.0 2612.8 0 0 0 0 0 0 0 0 0
16.8 -736.0 2800.0 0 0 0 0 0 0 0 0 0
124.2 481.3 2587.0 8 0.6114642620 0.2911247015 -0.7357702255 -0.0724096447 0.9465430379 0.3143455982 0.7879519463 -0.1389342546 0.5998575091
66.2 292.8 2614.7 0.6114642620 0.2911247015 -0.7357702255 -0.0724096447 0.9465430379 0.3143455982 0.7879519463 -0.1389342546 0.5998575091
11.6 103.8 2642.9 0.6149055958 0.2740762234 -0.7394412160 -0.0608540326 0.9513577223 0.3020186722 0.7862492800 -0.1407149881 0.6016738415
-19.8 301.4 2504.8 -0.1448385268 0.0586335510 -0.9877164960 0.9770085216 0.1663127393 -0.1333955228 0.1564483792 -0.9843282700 -0.0813739672
19.8 34.2 2462.0 -0.9639487267 0.0586335510 -0.2595476508 0.2657938004 0.1663127393 -0.9495755434 -0.0125109069 -0.9843282700 -0.1759013832
152.1 284.3 2724.6 0.2462909073 0.9688546062 0.0257193092 -0.8298017383 0.1970828176 0.5220990181 0.5007692575 -0.1499301791 0.8524969816
248.2 -39.3 2919.9 -0.1317877173 0.9688546062 0.2096489668 -0.1022257358 0.1970828176 -0.9750427008 -0.9859928489 -0.1499301791 0.0730687827
-86.5 -86.7 2603.8 0.7873178720 0.0347471274 -0.6155673862 -0.0527238101 0.9985477924 -0.0110690314 0.6142888069 0.0411699042 0.7880065441
-100.3 -483.5 2587.4 0.7908787727 0.0988131464 -0.6039426923 -0.0210818723 0.9906916022 0.1344832033 0.6116096377 -0.0936276689 0.7856000662
11.6 -88.5 2758.6 0.7823639512 -0.1407903135 -0.6066998839 0.0457552448 0.9844754934 -0.1694533825 0.6211385727 0.1048145145 0.7766600251
67.6 -479.8 2716.9 0.7823639512 0.1834199131 -0.5952006578 0.0457552448 0.9361431003 0.3486295342 0.6211385727 -0.2999887168 0.7240121365
268.5 -34.3 2465.2 0 0 0 0 0 0 0 0 0
211.3 -67.8 2644.4 0 0 0 0 0 0 0 0 0
-126.8 -749.4 2612.5 0 0 0 0 0 0 0 0 0
17.9 -733.6 2798.2 0 0 0 0 0 0 0 0 0
126.3 473.0 2595.4 9 0.5816875696 0.3051218092 -0.7540161014 -0.0861763805 0.9448788762 0.3158757985 0.8088344932 -0.1187626496 0.5759186149
65.4 284.4 2619.1 0.5816875696 0.3051218092 -0.7540161014 -0.0861763805 0.9448788762 0.3158757985 0.8088344932 -0.1187626496 0.5759186149
8.0 95.7 2643.5 0.5854674578 0.2889459133 -0.7574549913 -0.0741229132 0.9494923949 0.3049097061 0.8073002100 -0.1223699525 0.5773144364
-16.6 294.8 2506.0 -0.0873375982 0.0162369944 -0.9960464239 0.9775254130 0.1939828396 -0.0825513974 0.1918755323 -0.9808705449 -0.0328140706
6.4 37.7 2455.5 -0.9610013962 0.0162369944 -0.2760665119 0.2738845646 0.1939828396 -0.9419967532 0.0382569693 -0.9808705449 -0.1908648461
147.5 274.0 2732.3 0.2207494527 0.9753305316 -0.0001799520 -0.8361994624 0.1893544644 0.5146992803 0.5020359755 -0.1134691015 0.8573707342
233.6 -52.4 2928.2 -0.0971913561 0.9753305316 0.1982024014 -0.0931706727 0.1893544644 -0.9774784446 -0.9908950925 -0.1134691015 0.0724685863
-99.0 -79.6 2599.4 0.7650569081 0.0095362701 -0.6438920498 -0.0285380520 0.9994100928 -0.0191066042 0.6433299780 0.0329930633 0.7648777366
-102.8 -476.7 2586.3 0.7668190598 0.0805876404 -0.6367842555 -0.0087048784 0.9933013916 0.1152238771 0.6418042779 -0.0828127339 0.7623839378
13.1 -90.8 2742.7 0.7562472224 -0.1351954639 -0.6401658654 0.0587013066 0.9884929657 -0.1394124180 0.6516473293 0.0678516850 0.7554812431
66.8 -483.4 2715.8 0.7581613064 0.1835965216 -0.6256866455 0.0682201311 0.9319441915 0.3561264575 0.6484885812 -0.3126857281 0.6940390468
253.4 -32.7 2445.6 0 0 0 0 0 0 0 0 0
206.4 -78.5 2650.6 0 0 0 0 0 0 0 0 0
-125.0 -750.0 2609.1 0 0 0 0 0 0 0 0 0
16.9 -736.8 2800.8 0 0 0 0 0 0 0 0 0
130.3 472.7 2598.6 0 0.5589079857 0.3314250112 -0.7601180077 -0.0998322219 0.9368816614 0.3350913823 0.8231983185 -0.1114009768 0.5567175150
64.5 286.7 2620.7 0.5589079857 0.3314250112 -0.7601180077 -0.0998322219 0.9368816614 0.3350913823 0.8231983185 -0.1114009768 0.5567175150
2.3 99.3 2642.9 0.5624611378 0.3132166564 -0.7652011514 -0.0894700512 0.9430927634 0.3202673197 0.8219687343 -0.1116753370 0.5584765077
-14.5 299.2 2505.3 -0.0429312810 -0.0049158577 -0.9990659356 0.9730545878 0.2265435159 -0.0429282300 0.2265429348 -0.9739886522 -0.0049424050
-3.0 40.1 2445.0 -0.9500820637 -0.0049158577 -0.3119614124 0.3027961254 0.2265435159 -0.9257389307 0.0752236322 -0.9739886522 -0.2137464285
143.4 274.1 2736.1 0.1895283759 0.9818114042 -0.0111973640 -0.8420524597 0.1683936119 0.5124365091 0.5050016046 -0.0876924917 0.8586521149
217.4 -54.6 2933.3 -0.0735142455 0.9818114042 0.1750486791 -0.0886715129 0.1683936119 -0.9817234874 -0.9933443666 -0.0876924917 0.0746793747
-102.9 -86.1 2594.1 0.7477768660 0.0001220092 -0.6639500856 -0.0124812927 0.9998258352 -0.0138733825 0.6638327837 0.0186611507 0.7476481795
-103.0 -483.5 2586.7 0.7481471896 0.0807759613 -0.6585977674 -0.0080192070 0.9935907125 0.1127527356 0.6634843349 -0.0790742040 0.7439998388
4.1 -99.7 2741.7 0.7361125350 -0.1469340026 -0.6607183814 0.0705375001 0.9874911308 -0.1410169452 0.6731737256 0.0571989119 0.7372689247
62.5 -492.2 2718.9 0.7388602495 0.1755695939 -0.6505849957 0.0847067162 0.9336051345 0.3481468260 0.6685134768 -0.3123407662 0.6749318242
240.5 -37.5 2425.7 0 0 0 0 0 0 0 0 0
196.8 -79.5 2654.5 0 0 0 0 0 0 0 0 0
-124.7 -751.5 2608.0 0 0 0 0 0 0 0 0 0
16.9 -734.3 2799.9 0 0 0 0 0 0 0 0 0
129.5 481.4 2600.2 1 0.5730035305 0.3221434653 -0.7535851002 -0.1069703996 0.9410393834 0.3209395707 0.8125419021 -0.1032881960 0.5736787319
65.0 293.1 2620.8 0.5730035305 0.3221434653 -0.7535851002 -0.1069703996 0.9410393834 0.3209395707 0.8125419021 -0.1032881960 0.5736787319
4.9 104.9 2641.9 0.5774582624 0.3026116192 -0.7582665682 -0.0935067385 0.9471725821 0.3067907989 0.8110477328 -0.1062558442 0.5752488375
-16.1 306.3 2506.9 -0.0353756920 -0.0782867074 -0.9963030219 0.9675555825 0.2468739450 -0.0537536219 0.2501694560 -0.9658801556 0.0670134053
-6.4 41.9 2438.5 -0.9433116317 -0.0782867074 -0.3225435317 0.2951157689 0.2468739450 -0.9230167866 0.1518875360 -0.9658801556 -0.2097754329
146.2 280.0 2734.8 0.2062881738 0.9784908295 -0.0009189706 -0.8457189202 0.1787690371 0.5027933717 0.4921429753 -0.1029431298 0.8644061685
226.7 -50.3 2927.0 -0.0901777446 0.9784908295 0.1855360568 -0.0781429410 0.1787690371 -0.9807829857 -0.9928553104 -0.1029431298 0.0603411645
-111.4 -79.9 2589.8 0.7590047121 -0.0194094088 -0.6507957578 0.0070756976 0.9997424483 -0.0215642489 0.6510466933 0.0117625315 0.7589465380
-103.7 -477.3 2585.1 0.7583177090 0.0759818926 -0.6474419236 -0.0023537783 0.9934966564 0.1138370037 0.6518809199 -0.0848006830 0.7535649538
-8.5 -96.3 2740.3 0.7416971326 -0.1823913902 -0.6454600692 0.1008816436 0.9817056656 -0.1614833176 0.6631050110 0.0546566360 0.7465282083
64.0 -486.3 2718.6 0.7374092937 0.1781634390 -0.6515253782 0.0771281719 0.9360654354 0.3432677686 0.6710281372 -0.3033798039 0.6765219569
235.3 -33.7 2399.6 0 0 0 0 0 0 0 0 0
201.4 -72.2 2648.1 0 0 0 0 0 0 0 0 0
-124.7 -751.9 2608.6 0 0 0 0 0 0 0 0 0
16.9 -733.6 2798.7 0 0 0 0 0 0 0 0 0
132.0 486.4 2601.5 2 0.6075471640 0.3223794103 -0.7259187102 -0.1200036779 0.9406933188 0.3173251450 0.7851659060 -0.1056770757 0.6102022529
67.4 297.8 2622.7 0.6075471640 0.3223794103 -0.7259187102 -0.1200036779 0.9406933188 0.3173251450 0.7851659060 -0.1056770757 0.6102022529
8.0 109.3 2643.6 0.6121906042 0.2990247905 -0.7319882512 -0.1058874354 0.9484000206 0.2988733947 0.7835882306 -0.1054591164 0.6122645736
-18.6 312.7 2512.6 -0.0496778786 -0.1305456161 -0.9901969433 0.9566688538 0.2785796821 -0.0847231820 0.2869089842 -0.9514994621 0.1110496894
-4.5 41.8 2431.3 -0.9334084988 -0.1305456161 -0.3342250884 0.2889944911 0.2785796821 -0.9159014821 0.2126752436 -0.9514994621 -0.2223016769
153.4 282.9 2732.8 0.2262221128 0.9733440280 0.0377478674 -0.8531514406 0.1792886853 0.4898858964 0.4700597525 -0.1430276632 0.8709689379
241.8 -50.2 2916.3 -0.1336424053 0.9733440280 0.1863895208 -0.0634390563 0.1792886853 -0.9817489982 -0.9889970422 -0.1430276632 0.0377874561
-108.1 -74.8 2588.7 0.7866566181 -0.0136930300 -0.6172389388 0.0009299917 0.9997791648 -0.0209941752 0.6173900962 0.0159411803 0.7864956260
-102.7 -472.2 2582.4 0.7865728140 0.0758885667 -0.6128165126 -0.0001718595 0.9924463034 0.1226797029 0.6174975038 -0.0963912010 0.7806443572
-2.3 -91.9 2737.3 0.7664357424 -0.1805040240 -0.6164369583 0.1105077043 0.9824478030 -0.1502809525 0.6327434182 0.0470596626 0.7729302049
69.4 -482.3 2718.6 0.7549626827 0.1986883134 -0.6249434352 0.0489843003 0.9332460761 0.3558824658 0.6539356709 -0.2992903888 0.6948333383
237.2 -33.1 2376.3 0 0 0 0 0 0 0 0 0
204.2 -68.0 2638.6 0 0 0 0 0 0 0 0 0
-124.2 -753.7 2609.7 0 0 0 0 0 0 0 0 0
15.6 -734.8 2799.6 0 0 0 0 0 0 0 0 0
131.9 483.0 2601.1 3 0.5882433653 0.3204272687 -0.7424931526 -0.1167315543 0.9421789646 0.3141218126 0.8002146482 -0.0981076881 0.5916345119
67.8 294.4 2620.8 0.5882433653 0.3204272687 -0.7424931526 -0.1167315543 0.9421789646 0.3141218126 0.8002146482 -0.0981076881 0.5916345119
8.1 105.8 2640.7 0.5926802158 0.3001300991 -0.7474303246 -0.1032126769 0.9486301541 0.2990785241 0.7987974286 -0.1001136526 0.5932115316
-15.5 308.9 2508.5 -0.0664547384 -0.1273878217 -0.9896242023 0.9423765540 0.3179116845 -0.1042046696 0.3278875053 -0.9395235777 0.0989205539
2.9 46.8 2417.3 -0.9241858125 -0.1273878217 -0.3600735068 0.3058327436 0.3179116845 -0.8974399567 0.2287945002 -0.9395235777 -0.2548500896
151.1 279.9 2733.1 0.2159496844 0.9762867689 0.0151622714 -0.8516376019 0.1807371527 0.4919831753 0.4775762856 -0.1191563755 0.8704726696
235.4 -52.8 2919.6 -0.1088862643 0.9762867689 0.1871040910 -0.0657543764 0.1807371527 -0.9813309312 -0.9918770790 -0.1191563755 0.0445153378
-107.6 -69.5 2592.8 0.7712049484 -0.0178269856 -0.6363372207 -0.0049645146 0.9994089603 -0.0340151526 0.6365675330 0.0293917600 0.7706606984
-100.5 -466.8 2581.1 0.7714714408 0.0823921189 -0.6309067607 -0.0018039041 0.9918594956 0.1273242682 0.6362614036 -0.0970889479 0.7653399110
4.6 -88.9 2736.3 0.7544528246 -0.1614901721 -0.6361775398 0.0893899798 0.9855090976 -0.1441570967 0.6502386928 0.0518918373 0.7579557300
68.8 -480.6 2715.7 0.7481076121 0.1937198937 -0.6346712708 0.0565929115 0.9343283176 0.3518917263 0.6611598134 -0.2991707623 0.6880149841
243.2 -32.7 2357.8 0 0 0 0 0 0 0 0 0
204.9 -71.3 2641.0 0 0 0 0 0 0 0 0 0
-124.2 -752.4 2609.0 0 0 0 0 0 0 0 0 0
16.6 -732.2 2796.2 0 0 0 0 0 0 0 0 0
134.5 481.7 2600.0 4 0.5625557303 0.3257595897 -0.7598761320 -0.1034423411 0.9396129251 0.3262318969 0.8202626109 -0.1049202755 0.5622819662
69.7 294.6 2620.9 0.5625557303 0.3257595897 -0.7598761320 -0.1034423411 0.9396129251 0.3262318969 0.8202626109 -0.1049202755 0.5622819662
8.5 106.7 2642.8 0.5675245523 0.3074637055 -0.7637944818 -0.0886534601 0.9450854659 0.3145695627 0.8185697794 -0.1108129174 0.5636169314
-10.1 307.0 2505.8 -0.0796482265 -0.1311048269 -0.9881637692 0.9299176335 0.3472824991 -0.1210292280 0.3590394855 -0.9285507202 0.0942562595
11.8 50.8 2406.9 -0.9261070490 -0.1311048269 -0.3537474871 0.2913136780 0.3472824991 -0.8913648129 0.2397125363 -0.9285507202 -0.2834281325
149.4 282.1 2735.9 0.1972255856 0.9803168178 -0.0090035992 -0.8421950340 0.1741241068 0.5102826357 0.5018063784 -0.0930579975 0.8599596620
226.5 -46.8 2931.9 -0.0789267719 0.9803168178 0.1809683889 -0.0864057690 0.1741241068 -0.9809255004 -0.9931287169 -0.0930579975 0.0709619746
-105.9 -73.3 2587.3 0.7514432669 -0.0175359584 -0.6595646739 0.0011443184 0.9996798635 -0.0252749361 0.6597967744 0.0182379279 0.7512227297
-98.9 -470.7 2580.1 0.7510134578 0.0910994709 -0.6539722085 -0.0036252961 0.9909904599 0.1338834614 0.6602768898 -0.0981774405 0.7445774674
2.8 -92.2 2733.7 0.7368209362 -0.1611385196 -0.6566043496 0.0867298469 0.9856857657 -0.1445734799 0.6705018878 0.0495775826 0.7402494550
66.8 -484.0 2714.0 0.7346206903 0.1870525181 -0.6521838307 0.0754978731 0.9327389598 0.3525592983 0.6742644310 -0.3082358539 0.6710873246
252.4 -24.9 2344.6 0 0 0 0 0 0 0 0 0
204.3 -71.1 2652.9 0 0 0 0 0 0 0 0 0
-124.5 -749.8 2607.7 0 0 0 0 0 0 0 0 0
16.9 -733.3 2796.4 0 0 0 0 0 0 0 0 0
133.1 484.7 2599.9 5 0.5556522608 0.3157092333 -0.7691412568 -0.0939275175 0.9430136085 0.3192223608 0.8260921240 -0.1051330864 0.5536414385
69.9 295.7 2620.9 0.5556522608 0.3157092333 -0.7691412568 -0.0939275175 0.9430136085 0.3192223608 0.8260921240 -0.1051330864 0.5536414385
10.2 107.4 2643.0 0.5599977970 0.3000448942 -0.7722535729 -0.0805862173 0.9474239349 0.3096671999 0.8245655298 -0.1111799553 0.5547347665
-8.9 307.0 2505.0 -0.1267442852 -0.1145873517 -0.9852946997 0.9106824994 0.3802843988 -0.1613726169 0.3931834698 -0.9177436829 0.0561538227
26.3 54.0 2395.7 -0.9176225662 -0.1145873517 -0.3805765808 0.3134006560 0.3802843988 -0.8701515794 0.2444356978 -0.9177436829 -0.3130458295
148.6 284.4 2736.9 0.1998946667 0.9795588851 -0.0225050114 -0.8384343982 0.1828911155 0.5133990645 0.5070205927 -0.0837567523 0.8578548431
226.7 -43.2 2935.0 -0.0680494234 0.9795588851 0.1892977208 -0.0905421749 0.1828911155 -0.9789550304 -0.9935649633 -0.0837567523 0.0762457624
-104.7 -73.0 2589.8 0.7450123429 -0.0115666762 -0.6669503450 -0.0062346258 0.9996852279 -0.0243015215 0.6670215130 0.0222631190 0.7447057366
-100.1 -470.5 2581.0 0.7456388474 0.0861701146 -0.6607551575 0.0007605863 0.9914926291 0.1301603913 0.6663498282 -0.0975552127 0.7392299175
-0.6 -89.2 2739.8 0.7154597044 -0.1802260429 -0.6750081182 0.0817898363 0.9811179638 -0.1752655506 0.6938499808 0.0701866299 0.7166910172
71.0 -479.2 2712.0 0.7154597044 0.2006857097 -0.6692104936 0.0817898363 0.9272115231 0.3654985130 0.6938499808 -0.3162340820 0.6469684839
264.3 -27.2 2332.3 0 0 0 0 0 0 0 0 0
207.6 -68.7 2655.7 0 0 0 0 0 0 0 0 0
-124.3 -749.4 2608.4 0 0 0 0 0 0 0 0 0
14.9 -738.3 2800.3 0 0 0 0 0 0 0 0 0
127.0 486.7 2599.8 6 0.4972546399 0.2991357446 -0.8144050837 -0.0644480959 0.9488242865 0.3091583848 0.8652076125 -0.1012435928 0.4910860360
66.9 296.2 2620.1 0.4972546399 0.2991357446 -0.8144050837 -0.0644480959 0.9488242865 0.3091583848 0.8652076125 -0.1012435928 0.4910860360
9.6 107.2 2642.6 0.5017307401 0.2881870568 -0.8156068325 -0.0499695055 0.9509534836 0.3052711785 0.8635793328 -0.1124084741 0.4915231764
-3.4 303.2 2499.0 -0.1695165038 -0.1267320216 -0.9773449302 0.8989307284 0.3866108358 -0.2060475945 0.4039649963 -0.9134938717 0.0483863875
42.7 58.4 2389.0 -0.9104747772 -0.1267320216 -0.3936682642 0.3201458156 0.3866108358 -0.8648923039 0.2618059814 -0.9134938717 -0.3114266992
137.3 289.1 2741.3 0.1791796535 0.9794023633 -0.0930894092 -0.8228239417 0.2010555565 0.5315425396 0.5393101573 -0.0186454058 0.8419007659
207.3 -32.2 2951.9 0.0044398149 0.9794023633 0.2018694431 -0.1137622967 0.2010555565 -0.9729515910 -0.9934980869 -0.0186454058 0.1123117134
-100.8 -73.6 2589.5 0.6965835094 0.0034571104 -0.7174673676 -0.0206322391 0.9996713400 -0.0152147738 0.7171790004 0.0254013184 0.6964259148
-102.2 -471.0 2579.4 0.7010787129 0.0820179582 -0.7083513737 0.0247606020 0.9899643064 0.1391314715 0.7126538754 -0.1150813252 0.6920120716
1.9 -88.4 2740.7 0.7411087751 -0.1654491425 -0.6506799459 0.0760726258 0.9836127162 -0.1634594500 0.6670612693 0.0716423020 0.7415501475
67.6 -479.3 2712.3 0.7411087751 0.1828641295 -0.6460019350 0.0760726258 0.9331249595 0.3514125347 0.6670612693 -0.3095779717 0.6776361465
279.9 -25.0 2320.8 0 0 0 0 0 0 0 0 0
208.5 -64.1 2673.3 0 0 0 0 0 0 0 0 0
-125.7 -754.6 2612.4 0 0 0 0 0 0 0 0 0
18.8 -728.8 2795.0 0 0 0 0 0 0 0 0 0
124.8 485.4 2601.3 7 0.4799236059 0.2814398408 -0.8309422135 -0.0358291827 0.9526448846 0.3019667864 0.8765783310 -0.1151490137 0.4672805369
68.5 294.7 2624.3 0.4799236059 0.2814398408 -0.8309422135 -0.0358291827 0.9526448846 0.3019667864 0.8765783310 -0.1151490137 0.4672805369
14.0 105.4 2650.2 0.4844521582 0.2741296291 -0.8307581544 -0.0202967916 0.9529020786 0.3025981486 0.8745822906 -0.1297325939 0.4671994150
0.5 297.6 2501.5 -0.2208648324 -0.1071731672 -0.9693980813 0.8729242682 0.4215874970 -0.2454937100 0.4349964559 -0.9004320502 0.0004402081
60.9 58.9 2382.6 -0.9048875570 -0.1071731672 -0.4119374454 0.3338711262 0.4215874970 -0.8430860043 0.2640238702 -0.9004320502 -0.3457072377
136.5 291.9 2747.2 0.1823034137 0.9758869410 -0.1200421378 -0.8059949279 0.2182476223 0.5502182841 0.5631497502 -0.0035533158 0.8263472319
207.7 -22.9 2967.1 0.0271793455 0.9758869410 0.2165777832 -0.1376515925 0.2182476223 -0.9661366343 -0.9901077151 -0.0035533158 0.1402642280
-93.5 -77.3 2586.0 0.6815865636 0.0235124473 -0.7313596010 -0.0315275379 0.9994990826 0.0027509348 0.7310579419 0.0211829692 0.6819864511
-102.9 -474.6 2577.6 0.6882729530 0.0816561729 -0.7208415866 0.0322372504 0.9892208576 0.1428386271 0.7247352004 -0.1215499118 0.6782215834
-1.8 -86.5 2744.0 0.7318470478 -0.1696264297 -0.6600202322 0.0708355084 0.9822146893 -0.1738868058 0.6777774096 0.0805056766 0.7308465242
65.6 -476.9 2712.0 0.7343189120 0.1703490466 -0.6570820808 0.0840500444 0.9377320409 0.3370374739 0.6735809445 -0.3027207851 0.6742765307
296.3 -27.9 2313.9 0 0 0 0 0 0 0 0 0
215.3 -61.5 2689.2 0 0 0 0 0 0 0 0 0
-125.6 -749.3 2611.4 0 0 0 0 0 0 0 0 0
20.6 -724.9 2792.1 0 0 0 0 0 0 0 0 0
124.2 485.2 2601.5 8 0.4545603991 0.2808914781 -0.8452661037 -0.0193985198 0.9518706799 0.3058854043 0.8905046582 -0.1226464808 0.4381316006
68.2 295.5 2626.0 0.4545603991 0.2808914781 -0.8452661037 -0.0193985198 0.9518706799 0.3058854043 0.8905046582 -0.1226464808 0.4381316006
14.1 106.3 2653.7 0.4597689211 0.2715618610 -0.8454979062 -0.0014458424 0.9523235559 0.3050864935 0.8880374432 -0.1390468329 0.4382413924
3.6 295.7 2501.2 -0.2851162255 -0.1197634041 -0.9509813190 0.8607118130 0.4045878053 -0.3090046942 0.4217629135 -0.9066230655 -0.0122727705
80.9 62.3 2386.8 -0.8989416957 -0.1197634041 -0.4213793874 0.3433997333 0.4045878053 -0.8475761414 0.2719935775 -0.9066230655 -0.3225741088
132.8 295.3 2750.8 0.1717480719 0.9741489291 -0.1467531472 -0.7945331931 0.2250428945 0.5639793277 0.5824255943 0.0197378825 0.8126443624
199.8 -15.0 2978.2 0.0558227003 0.9741489291 0.2189011574 -0.1551342309 0.2250428945 -0.9619194865 -0.9863149524 0.0197378825 0.1636863351
-84.9 -82.1 2596.0 0.6593543291 0.0474790856 -0.7503316402 -0.0631207600 0.9979763031 0.0076820077 0.7491779327 0.0422963388 0.6610169411
-103.8 -478.7 2579.2 0.6696755886 0.0830265060 -0.7379980683 0.0270256437 0.9903483391 0.1359401643 0.7421618104 -0.1109806821 0.6609683037
3.8 -85.9 2756.2 0.7646842599 -0.1633254737 -0.6233640909 0.0540842675 0.9802013636 -0.1904736906 0.6421315670 0.1119380370 0.7583778501
68.7 -475.4 2711.7 0.7646842599 0.1822916120 -0.6180839539 0.0540842675 0.9376148582 0.3434431851 0.6421315670 -0.2960542142 0.7071202397
314.1 -26.8 2316.3 0 0 0 0 0 0 0 0 0
215.5 -58.6 2701.3 0 0 0 0 0 0 0 0 0
-126.1 -744.4 2609.0 0 0 0 0 0 0 0 0 0
20.7 -722.0 2789.5 0 0 0 0 0 0 0 0 0
117.7 484.2 2591.7 9 0.4345099330 0.2621029913 -0.8616862297 0.0335255712 0.9513502717 0.3062819541 0.9000428319 -0.1619710773 0.4045840204
65.6 295.3 2623.8 0.4345099330 0.2621029913 -0.8616862297 0.0335255712 0.9513502717 0.3062819541 0.9000428319 -0.1619710773 0.4045840204
15.1 106.5 2659.2 0.4390650094 0.2537654042 -0.8618729711 0.0503216945 0.9508314729 0.3055933416 0.8970449567 -0.1775462478 0.4047069252
4.0 288.2 2497.9 -0.3704471886 -0.0687047988 -0.9263091087 0.8316978216 0.4195029140 -0.3637252152 0.4135790169 -0.9051502347 -0.0982620418
101.6 69.1 2388.9 -0.8999722600 -0.0687047988 -0.4304991961 0.3654526472 0.4195029140 -0.8309402466 0.2376852483 -0.9051502347 -0.3524326384
127.3 302.3 2749.8 0.1753986478 0.9682331085 -0.1782131195 -0.7623874545 0.2481154203 0.5976655483 0.6228969693 0.0310377199 0.7816879153
195.7 4.8 2992.8 0.0823647976 0.9682331085 0.2360945642 -0.1992648095 0.2481154203 -0.9480149150 -0.9764781594 0.0310377199 0.2133707702
-82.0 -82.9 2600.0 0.6406531930 0.0603170767 -0.7654576302 -0.0708246306 0.9973018765 0.0193091165 0.7645570040 0.0418428071 0.6431965232
-106.0 -479.3 2583.4 0.6504098177 0.0789811090 -0.7554661036 0.0186504610 0.9926190376 0.1198314428 0.7593544722 -0.0920293406 0.6441361308
2.2 -83.2 2762.7 0.7716063261 -0.1707161814 -0.6127640009 0.0492562689 0.9764563441 -0.2100163400 0.6341904402 0.1318674684 0.7618486881
70.1 -471.2 2710.3 0.7716063261 0.1825697124 -0.6093373299 0.0492562689 0.9379013181 0.3433874846 0.6341904402 -0.2949736416 0.7146978378
334.5 -25.5 2327.4 0 0 0 0 0 0 0 0 0
218.8 -51.1 2718.8 0 0 0 0 0 0 0 0 0
-127.0 -743.4 2607.9 0 0 0 0 0 0 0 0 0
21.8 -719.2 2788.3 0 0 0 0 0 0 0 0 0
114.6 481.1 2595.7 0 0.3946613669 0.2634148598 -0.8802585006 0.0557742342 0.9493899345 0.3091084659 0.9171323180 -0.1710889041 0.3599957526
62.3 292.7 2629.7 0.3946613669 0.2634148598 -0.8802585006 0.0557742342 0.9493899345 0.3091084659 0.9171323180 -0.1710889041 0.3599957526
11.2 104.1 2666.1 0.3982123733 0.2564367056 -0.8807196617 0.0687424615 0.9490862489 0.3074243367 0.9147138000 -0.1829630136 0.3603098094
6.4 283.0 2501.2 -0.4207934141 -0.0329296924 -0.9065586329 0.8087525368 0.4390555322 -0.3913433552 0.4109163880 -0.8978562355 -0.1581197083
117.6 69.3 2392.6 -0.9038698673 -0.0329296924 -0.4265382588 0.3703034818 0.4390555322 -0.8185997605 0.2142302245 -0.8978562355 -0.3846550882
118.2 302.4 2758.1 0.1514214873 0.9646338820 -0.2157615572 -0.7504498959 0.2542548478 0.6100651026 0.6433478594 0.0695412681 0.7624090314
177.3 9.5 3009.2 0.1267576665 0.9646338820 0.2311147153 -0.2161284834 0.2542548478 -0.9426786304 -0.9681017399 0.0695412681 0.2407136112
-75.7 -86.9 2612.4 0.6031812429 0.0760583580 -0.7939694524 -0.0995001867 0.9948422909 0.0197103564 0.7913735509 0.0671111941 0.6076380610
-105.9 -482.2 2585.7 0.6163166165 0.0761530027 -0.7838077545 0.0168413725 0.9938111305 0.1097990125 0.7873183489 -0.0808713511 0.6112197638
4.7 -77.7 2776.6 0.7953548431 -0.1725944132 -0.5810523629 0.0319042243 0.9691957235 -0.2442165315 0.6053038836 0.1757007837 0.7763610482
73.2 -462.6 2706.9 0.7953548431 0.1931917369 -0.5745325089 0.0319042243 0.9331914186 0.3579607010 0.6053038836 -0.3030357957 0.7360547185
351.4 -26.5 2337.2 0 0 0 0 0 0 0 0 0
212.9 -51.2 2737.5 0 0 0 0 0 0 0 0 0
-126.1 -746.3 2607.2 0 0 0 0 0 0 0 0 0
19.7 -721.4 2790.9 0 0 0 0 0 0 0 0 0
113.2 483.1 2589.2 1 0.3663403690 0.2663395405 -0.8915480971 0.0890112370 0.9437330365 0.3185042441 0.9262136817 -0.1960387528 0.3220202923
60.6 296.7 2628.0 0.3663403690 0.2663395405 -0.8915480971 0.0890112370 0.9437330365 0.3185042441 0.9262136817 -0.1960387528 0.3220202923
9.3 109.1 2668.8 0.3695189059 0.2570845485 -0.8929520249 0.1004763991 0.9442773461 0.3134402037 0.9237750173 -0.2055426836 0.3230974078
8.6 282.5 2498.3 -0.4717042744 -0.0065537756 -0.8817324638 0.7975083590 0.4233886302 -0.4297935367 0.3761322498 -0.9059244394 -0.1944875419
130.7 76.2 2400.9 -0.8950437903 -0.0065537756 -0.4459300935 0.4015126526 0.4233886302 -0.8121142983 0.1941241473 -0.9059244394 -0.3763199449
112.5 310.8 2757.7 0.1354327500 0.9607325196 -0.2421796769 -0.7284217477 0.2622385621 0.6329554915 0.6716098189 0.0906860307 0.7353341579
165.3 26.5 3019.8 0.1575075537 0.9607325196 0.2284390330 -0.2463392317 0.2622385621 -0.9330315590 -0.9562993050 0.0906860307 0.2779706717
-76.3 -90.7 2618.7 0.5760076642 0.0715732649 -0.8143048882 -0.1134240031 0.9935213327 0.0070937467 0.8095369935 0.0882756710 0.5803940296
-104.7 -485.5 2583.6 0.5924404860 0.0738535449 -0.8022218347 0.0275479425 0.9933496118 0.1117931455 0.8051430583 -0.0883303508 0.5864660144
-3.4 -78.1 2786.2 0.7973187566 -0.1972327828 -0.5704226494 0.0352202617 0.9586930275 -0.2822537124 0.6025299430 0.2049557567 0.7713305354
74.9 -458.8 2704.8 0.7973187566 0.1968720406 -0.5705472827 0.0352202617 0.9285184741 0.3696119785 0.6025299430 -0.3147934079 0.7333912849
361.9 -27.5 2350.8 0 0 0 0 0 0 0 0 0
209.5 -42.6 2751.4 0 0 0 0 0 0 0 0 0
-124.4 -750.5 2607.2 0 0 0 0 0 0 0 0 0
19.4 -720.8 2793.6 0 0 0 0 0 0 0 0 0
113.9 488.6 2577.0 2 0.3541105688 0.2593504190 -0.8985227346 0.1222346872 0.9397002459 0.3194089830 0.9271808863 -0.2229367495 0.3010561764
62.7 302.9 2621.1 0.3541105688 0.2593504190 -0.8985227346 0.1222346872 0.9397002459 0.3194089830 0.9271808863 -0.2229367495 0.3010561764
12.3 116.3 2667.2 0.3568430245 0.2526096106 -0.8993616700 0.1322638094 0.9393837452 0.3163296580 0.9247536659 -0.2318330407 0.3018014133
12.5 284.3 2491.2 -0.5061524510 -0.0310330875 -0.8618854880 0.8037904501 0.3452713490 -0.4844672978 0.3126188815 -0.9379896522 -0.1498158425
142.4 77.9 2410.9 -0.8920395970 -0.0310330875 -0.4508905411 0.4137710929 0.3452713490 -0.8423663974 0.1818208098 -0.9379896522 -0.2951551378
112.8 321.5 2751.0 0.1324953735 0.9574062824 -0.2565505207 -0.7057754993 0.2728615999 0.6537793875 0.6959353089 0.0944443122 0.7118667960
164.5 46.0 3022.7 0.1716677845 0.9574062824 0.2321709692 -0.2748985291 0.2728615999 -0.9219421744 -0.9460237622 0.0944443122 0.3100311160
-75.7 -87.7 2625.1 0.5636754632 0.0732780546 -0.8227395415 -0.1230045781 0.9923975468 0.0041158902 0.8167862892 0.0988807008 0.5684036613
-104.9 -482.2 2585.8 0.5810980797 0.0733764321 -0.8105189204 0.0253739785 0.9938094616 0.1081615239 0.8134378791 -0.0834185407 0.5756388903
-8.0 -69.3 2794.3 0.8046937585 -0.2125617415 -0.5543333292 0.0326479822 0.9481388927 -0.3161751628 0.5927917957 0.2363263071 0.7699011564
76.4 -445.8 2700.4 0.8046937585 0.1891966462 -0.5627366900 0.0326479822 0.9323263764 0.3601411581 0.5927917957 -0.3081755638 0.7440603375
373.6 -29.3 2363.8 0 0 0 0 0 0 0 0 0
212.7 -31.2 2757.0 0 0 0 0 0 0 0 0 0
-124.8 -751.9 2608.4 0 0 0 0 0 0 0 0 0
20.9 -718.9 2790.7 0 0 0 0 0 0 0 0 0
112.2 488.3 2579.9 3 0.3377229571 0.2598149478 -0.9046763778 0.1265612245 0.9398849010 0.3171728253 0.9326979518 -0.2216134965 0.2845382094
60.7 302.2 2623.8 0.3377229571 0.2598149478 -0.9046763778 0.1265612245 0.9398849010 0.3171728253 0.9326979518 -0.2216134965 0.2845382094
10.2 115.5 2669.7 0.3405752778 0.2535980642 -0.9053708911 0.1370010972 0.9392753243 0.3146308064 0.9301823378 -0.2311922759 0.2851507366
12.8 282.9 2493.0 -0.5326014757 0.0144126425 -0.8462434411 0.7958635688 0.3487426043 -0.4949543178 0.2879875302 -0.9371077418 -0.1972113401
151.4 75.7 2418.0 -0.9017580748 0.0144126425 -0.4320007861 0.4094488323 0.3487426043 -0.8430482149 0.1385065317 -0.9371077418 -0.3203827143
108.6 321.5 2754.6 0.1230362505 0.9547722340 -0.2706882060 -0.7025852799 0.2764391005 0.6557098031 0.7008823156 0.1095054746 0.7048209310
156.6 47.0 3028.3 0.1885395050 0.9547722340 0.2299193144 -0.2780794203 0.2764391005 -0.9199202657 -0.9418729544 0.1095054746 0.3176221848
-70.7 -82.4 2628.5 0.5492611527 0.0788469985 -0.8319227099 -0.1282304376 0.9917005301 0.0093285274 0.8257536888 0.1015540138 0.5548131466
-102.0 -476.7 2588.1 0.5681334138 0.0892210826 -0.8180856109 0.0154864704 0.9927701950 0.1190271676 0.8227907419 -0.0802925676 0.5626441836
-5.3 -58.2 2797.9 0.8111761808 -0.2100655288 -0.5457707047 0.0268800035 0.9456642270 -0.3240317702 0.5841837525 0.2481765300 0.7727469206
78.2 -433.9 2699.3 0.8111761808 0.1857575625 -0.5545153618 0.0268800035 0.9353652596 0.3526603580 0.5841837525 -0.3009750545 0.7537528276
385.3 -30.4 2382.1 0 0 0 0 0 0 0 0 0
209.6 -31.1 2763.7 0 0 0 0 0 0 0 0 0
-126.5 -749.2 2610.2 0 0 0 0 0 0 0 0 0
21.6 -718.7 2791.0 0 0 0 0 0 0 0 0 0
113.1 485.7 2589.8 4 0.3225000799 0.2654165030 -0.9085966349 0.1076005250 0.9433824420 0.3137700856 0.9404338598 -0.1989563406 0.2756819427
60.6 298.8 2629.2 0.3225000799 0.2654165030 -0.9085966349 0.1076005250 0.9433824420 0.3137700856 0.9404338598 -0.1989563406 0.2756819427
9.4 111.3 2670.7 0.3255135715 0.2574664950 -0.9098086953 0.1184752584 0.9435241222 0.3093959689 0.9380855560 -0.2085024118 0.2766264975
14.8 282.2 2497.3 -0.5464893579 0.0537870899 -0.8357369900 0.7931875587 0.3534366190 -0.4959194064 0.2687059939 -0.9339108467 -0.2358125895
158.4 73.7 2426.7 -0.9063632488 0.0537870899 -0.4190616310 0.4097819924 0.3534366190 -0.8409287930 0.1028806120 -0.9339108467 -0.3423829377
106.4 315.5 2761.2 0.1118519679 0.9528570175 -0.2820506990 -0.7162991762 0.2740390301 0.6417306066 0.6887704134 0.1302538514 0.7131825089
150.0 35.7 3030.2 0.2037064284 0.9528570175 0.2248713970 -0.2596194446 0.2740390301 -0.9260131717 -0.9439817071 0.1302538514 0.3032037318
-71.5 -83.7 2630.4 0.5367098451 0.0746735856 -0.8404560685 -0.1330879480 0.9910994768 0.0030689752 0.8332047462 0.1102074236 0.5418710113
-101.1 -477.7 2586.6 0.5572425127 0.0947161540 -0.8249300718 0.0160168875 0.9920620322 0.1247252300 0.8301953077 -0.0827150121 0.5513020754
-9.0 -58.6 2801.0 0.7999420762 -0.2228662670 -0.5571564436 0.0273516905 0.9410513043 -0.3371563256 0.5994535685 0.2544663548 0.7588822842
