-37.6 371.8 2429.3 7 0.3187701106 0.3348858654 -0.8867000937 -0.1644389331 0.9408567548 0.2962235212 0.9334588647 0.0513808131 0.3549852967
-103.1 187.6 2419.2 0.3187701106 0.3348858654 -0.8867000937 -0.1644389331 0.9408567548 0.2962235212 0.9334588647 0.0513808131 0.3549852967
-165.0 3.6 2416.5 0.3322609961 0.3187568486 -0.8876917958 -0.1254592389 0.9477346539 0.2933582366 0.9348061681 0.0138976369 0.3548862338
-148.5 204.7 2291.6 -0.3827188909 0.6367911100 -0.6693454981 0.6769662499 0.6863189936 0.2658627629 0.6286835074 -0.3513735831 -0.6937533021
-47.9 26.8 2126.3 -0.7575865984 0.6367911100 -0.1433864683 0.6416838765 0.6863189936 -0.3423566222 -0.1196007952 -0.3513735831 -0.9285646081
-57.8 170.5 2546.8 -0.2458663583 0.8560445905 -0.4546838105 -0.9050941467 -0.0348657183 0.4237793386 0.3469211459 0.5157247782 0.7833732963
-117.2 -48.4 2630.7 0.1636506170 0.8560445905 -0.4903122485 -0.9281183481 -0.0348657183 -0.3706490099 -0.3343871832 0.5157247782 0.7888048887
-259.4 -168.3 2328.1 0.3892341554 0.0234749280 -0.9208396673 0.0231400803 0.9991105199 0.0352514759 0.9208481312 -0.0350293815 0.3883447349
-268.5 -556.1 2341.7 0.3910146058 0.1269041151 -0.9115936160 0.0367110595 0.9875100851 0.1532192230 0.9196520448 -0.0933765247 0.3814720809
-194.3 -194.1 2493.0 0.4068936408 -0.0236022938 -0.9131705761 -0.0485592671 0.9976938367 -0.0474241301 0.9121839404 0.0636394694 0.4048091471
-185.1 -581.5 2468.3 0.3993842006 -0.0910106897 -0.9122550488 0.0596508533 0.9955314994 -0.0732036531 0.9148409963 -0.0251804106 0.4030284286
164.3 -153.0 2159.8 0 0 0 0 0 0 0 0 0
-74.0 -293.9 2542.3 0 0 0 0 0 0 0 0 0
-315.8 -924.2 2376.5 0 0 0 0 0 0 0 0 0
-160.3 -853.0 2475.2 0 0 0 0 0 0 0 0 0
-38.4 372.6 2428.6 8 0.3209303617 0.3357951343 -0.8855762482 -0.1539582461 0.9410970211 0.3010536134 0.9345055223 0.0397245251 0.3537250459
-104.4 187.8 2420.8 0.3209303617 0.3357951343 -0.8855762482 -0.1539582461 0.9410970211 0.3010536134 0.9345055223 0.0397245251 0.3537250459
-166.0 3.7 2419.8 0.3337351084 0.3174740672 -0.8875985146 -0.1169250384 0.9482523799 0.2952050269 0.9353873134 0.0052622007 0.3535857797
-149.9 203.7 2293.1 -0.3458119035 0.6469606757 -0.6795998812 0.6538717151 0.6856176257 0.3199691772 0.6729531288 -0.3337219954 -0.6601240039
-57.9 29.7 2114.0 -0.7469235063 0.6469606757 -0.1534509361 0.6578835249 0.6856176257 -0.3116371930 -0.0964083448 -0.3337219954 -0.9377286434
-58.8 171.8 2548.6 -0.2440540045 0.8568305373 -0.4541795552 -0.9023836255 -0.0291267484 0.4299481213 0.3551639020 0.5147747993 0.7802983522
-117.8 -46.5 2634.5 0.1646279246 0.8568305373 -0.4886093438 -0.9306870699 -0.0291267484 -0.3646548688 -0.3266790211 0.5147747993 0.7926460505
-256.7 -169.1 2330.2 0.3905907273 0.0299389139 -0.9200774431 0.0356998555 0.9982265234 0.0476371311 0.9198719263 -0.0514532514 0.3888292015
-268.3 -556.5 2350.1 0.3877860606 0.1317152381 -0.9122900367 0.0139435241 0.9887860417 0.1486866027 0.9216439724 -0.0703791231 0.3816008568
-197.2 -191.6 2497.5 0.4085256457 -0.0355471224 -0.9120543599 -0.0498661436 0.9968797565 -0.0611891188 0.9113836288 0.0704779625 0.4054783285
-183.4 -578.5 2470.2 0.4019970000 -0.0846743658 -0.9117174149 0.0517540909 0.9962243438 -0.0697032586 0.9141771793 -0.0191646051 0.4048614502
151.3 -154.5 2141.0 0 0 0 0 0 0 0 0 0
-74.3 -292.6 2548.0 0 0 0 0 0 0 0 0 0
-317.4 -925.3 2376.4 0 0 0 0 0 0 0 0 0
-160.0 -853.3 2475.5 0 0 0 0 0 0 0 0 0
-35.2 371.5 2436.3 9 0.3164026737 0.3358567059 -0.8871806860 -0.1565890610 0.9408898354 0.3003434837 0.9356116652 0.0438933000 0.3502915502
-101.7 185.4 2427.6 0.3164026737 0.3358567059 -0.8871806860 -0.1565890610 0.9408898354 0.3003434837 0.9356116652 0.0438933000 0.3502915502
-163.7 1.5 2425.0 0.3277880549 0.3192814589 -0.8891649842 -0.1237704083 0.9475640655 0.2946238220 0.9366087317 0.0134781413 0.3501177728
-146.4 202.3 2299.7 -0.1911784112 0.6598457694 -0.7266734838 0.6502240896 0.6397258043 0.4098286033 0.7352954745 -0.3941502273 -0.5513494015
-95.9 30.4 2105.2 -0.7218729258 0.6598457694 -0.2085736692 0.6853068471 0.6397258043 -0.3480020761 -0.0961977392 -0.3941502273 -0.9139975905
-56.9 168.5 2555.5 -0.2479152828 0.8536264896 -0.4581046402 -0.9042266011 -0.0341644473 0.4256842136 0.3477244377 0.5197640061 0.7803416252
-116.9 -50.2 2639.6 0.1649002731 0.8536264896 -0.4940948784 -0.9287996888 -0.0341644473 -0.3690040112 -0.3318720758 0.5197640061 0.7872142792
-257.5 -169.9 2335.0 0.3850337565 0.0257919263 -0.9225420356 0.0288186949 0.9987859726 0.0399513319 0.9224524498 -0.0419690683 0.3838230073
-267.5 -557.6 2351.3 0.3797393441 0.1287719011 -0.9160872102 -0.0147651387 0.9909819961 0.1331791580 0.9249756932 -0.0370472148 0.3782162070
-197.7 -190.8 2502.6 0.4027961791 -0.0456645899 -0.9141498804 -0.0552530922 0.9957200885 -0.0740851015 0.9136204720 0.0803508013 0.3985491395
-180.0 -577.4 2471.4 0.3975762725 -0.0744177923 -0.9145463705 0.0382455029 0.9971835017 -0.0645157993 0.9167717099 -0.0093273344 0.3993026614
105.1 -160.5 2132.0 0 0 0 0 0 0 0 0 0
-73.2 -295.9 2551.9 0 0 0 0 0 0 0 0 0
-315.6 -927.1 2365.1 0 0 0 0 0 0 0 0 0
-159.5 -852.1 2473.9 0 0 0 0 0 0 0 0 0
-34.8 371.5 2440.1 0 0.3445874751 0.3349115252 -0.8769798875 -0.1648770422 0.9412655234 0.2946773469 0.9241617918 0.0430517197 0.3795675337
-101.1 185.2 2431.6 0.3445874751 0.3349115252 -0.8769798875 -0.1648770422 0.9412655234 0.2946773469 0.9241617918 0.0430517197 0.3795675337
-162.5 1.1 2428.0 0.3543675244 0.3166844845 -0.8798491955 -0.1365152001 0.9483478069 0.2863564491 0.9250876904 0.0186373647 0.3792959154
-149.4 203.8 2305.3 -0.0895782784 0.6447626948 -0.7591158152 0.6499111056 0.6153891683 0.4459952414 0.7547127008 -0.4534063041 -0.4741639197
-125.7 31.6 2105.2 -0.7231297493 0.6447626948 -0.2477185279 0.6833021641 0.6153891683 -0.3929304481 -0.1009036005 -0.4534063041 -0.8855739236
-52.7 166.6 2557.9 -0.2354153842 0.8679969311 -0.4372195303 -0.9101575017 -0.0391137749 0.4124116898 0.3408707678 0.4950267076 0.7992219329
-109.6 -53.5 2640.4 0.1580853462 0.8679969311 -0.4707338214 -0.9232602119 -0.0391137749 -0.3821789324 -0.3501423001 0.4950267076 0.7952036858
-255.0 -171.4 2338.5 0.4104387760 0.0283123143 -0.9114485383 0.0046573458 0.9994397759 0.0331428573 0.9118762612 -0.0178480446 0.4100769758
-266.0 -559.2 2345.4 0.4115199745 0.1370550096 -0.9010367393 0.0123594096 0.9876983762 0.1558817327 0.9113169312 -0.0752847269 0.4047637284
-196.3 -193.5 2506.3 0.4282940626 -0.0413675122 -0.9026920199 -0.0628934354 0.9951644540 -0.0754458457 0.9014480710 0.0890864134 0.4236212969
-180.2 -579.8 2471.7 0.4230489135 -0.0726379901 -0.9031906724 0.0405146144 0.9973011017 -0.0612299144 0.9052006602 -0.0106891738 0.4248500466
75.7 -158.7 2133.3 0 0 0 0 0 0 0 0 0
-67.8 -297.7 2547.7 0 0 0 0 0 0 0 0 0
-317.1 -927.5 2373.5 0 0 0 0 0 0 0 0 0
-160.4 -851.9 2474.6 0 0 0 0 0 0 0 0 0
-30.4 372.3 2442.0 1 0.3860950470 0.3437052965 -0.8560358286 -0.1854316443 0.9379686713 0.2929673791 0.9036291838 0.0456228741 0.4258788824
-98.7 186.0 2433.0 0.3860950470 0.3437052965 -0.8560358286 -0.1854316443 0.9379686713 0.2929673791 0.9036291838 0.0456228741 0.4258788824
-161.3 2.3 2428.3 0.3957301676 0.3226253390 -0.8598316908 -0.1581863761 0.9462141395 0.2822337449 0.9046406746 0.0243252441 0.4254803956
-152.7 207.6 2309.6 -0.0234914683 0.6009688973 -0.7989271283 0.6785669327 0.5964514613 0.4287102818 0.7341628075 -0.5320544839 -0.4218091667
-146.4 27.5 2114.8 -0.7429360151 0.6009688973 -0.2947582304 0.6623479724 0.5964514613 -0.4533660412 -0.0966499075 -0.5320544839 -0.8411758542
-44.7 164.4 2556.4 -0.2248803377 0.8895562887 -0.3976410627 -0.9162189960 -0.0541570559 0.3970009685 0.3316196501 0.4536039829 0.8272072673
-99.1 -57.2 2636.6 0.1361653209 0.8895562887 -0.4360602796 -0.9163793921 -0.0541570559 -0.3966305852 -0.3764409721 0.4536039829 0.8077967763
-255.8 -170.7 2341.5 0.4522888660 0.0290008355 -0.8913998604 -0.0058563864 0.9995462298 0.0295477901 0.8918522596 -0.0081437547 0.4522534609
-267.0 -558.7 2344.7 0.4579081237 0.1326466501 -0.8790478110 0.0332454741 0.9855589271 0.1660370082 0.8883776665 -0.1052540615 0.4468855560
-192.3 -195.2 2507.2 0.4686097503 -0.0304525532 -0.8828802705 -0.0747352093 0.9944562912 -0.0739685595 0.8802383542 0.1006446332 0.4637360275
-180.5 -581.2 2468.1 0.4629015923 -0.0738641247 -0.8833267689 0.0580839887 0.9969078898 -0.0529232919 0.8845046163 -0.0268088672 0.4657605588
59.8 -156.3 2141.6 0 0 0 0 0 0 0 0 0
-63.1 -299.4 2537.1 0 0 0 0 0 0 0 0 0
-316.5 -926.2 2383.9 0 0 0 0 0 0 0 0 0
-160.3 -852.9 2475.4 0 0 0 0 0 0 0 0 0
-29.8 370.9 2444.0 2 0.3986371756 0.3544441462 -0.8458473682 -0.2051302344 0.9333910942 0.2944532037 0.8938735723 0.0561288744 0.4447915852
-99.9 186.3 2432.9 0.3986371756 0.3544441462 -0.8458473682 -0.2051302344 0.9333910942 0.2944532037 0.8938735723 0.0561288744 0.4447915852
-164.4 3.4 2425.8 0.4082010984 0.3321674168 -0.8503156304 -0.1790006906 0.9424946904 0.2822454870 0.8951707482 0.0369941667 0.4441855550
-155.6 210.7 2310.7 0.0317371786 0.5119711757 -0.8584161401 0.6982811689 0.6031317711 0.3855327368 0.7151196599 -0.6116515398 -0.3383581042
-163.5 36.6 2132.5 -0.8092172146 0.5119711757 -0.2881892920 0.5775237679 0.6031317711 -0.5501803160 -0.1078603566 -0.6116515398 -0.7837401032
-44.2 161.8 2555.1 -0.2285895795 0.8959333301 -0.3808546960 -0.9200950265 -0.0710061863 0.3852055073 0.3180754185 0.4384764731 0.8405750394
-99.4 -60.7 2632.0 0.1215809584 0.8959333301 -0.4272254407 -0.9102408886 -0.0710061863 -0.4079456627 -0.3958277702 0.4384764731 0.8068821430
-259.4 -167.2 2342.7 0.4668496251 0.0224400572 -0.8840519786 -0.0003303033 0.9996823668 0.0252006985 0.8843366504 -0.0114729311 0.4667087495
-268.1 -555.2 2347.1 0.4662156999 0.1245789006 -0.8758555651 -0.0054191248 0.9904188514 0.1379894316 0.8846544623 -0.0595864691 0.4624239504
-188.6 -195.5 2504.5 0.4809857011 -0.0208792146 -0.8764798045 -0.0701979101 0.9955895543 -0.0622391030 0.8739136457 0.0914631635 0.4773986340
-180.5 -581.9 2469.0 0.4743145108 -0.0837915316 -0.8763588071 0.0514203422 0.9963974953 -0.0674384311 0.8788524866 -0.0130756386 0.4769144058
59.5 -122.5 2162.2 0 0 0 0 0 0 0 0 0
-67.3 -301.3 2527.3 0 0 0 0 0 0 0 0 0
-314.5 -924.4 2369.3 0 0 0 0 0 0 0 0 0
-157.9 -850.3 2472.5 0 0 0 0 0 0 0 0 0
-31.7 373.6 2444.0 3 0.4577148259 0.3504711688 -0.8171089888 -0.2268149555 0.9346499443 0.2738328576 0.8596813679 0.0599951781 0.5072952509
-100.9 189.3 2432.2 0.4577148259 0.3504711688 -0.8171089888 -0.2268149555 0.9346499443 0.2738328576 0.8596813679 0.0599951781 0.5072952509
-164.2 6.0 2423.9 0.4674171805 0.3260146677 -0.8217272162 -0.1998648494 0.9444207549 0.2610048056 0.8611476421 0.0422362573 0.5065973401
-164.5 216.4 2314.9 0.0280310810 0.4253025353 -0.9046170712 0.7283205986 0.6111552119 0.3099007010 0.6846629977 -0.6675380468 -0.2926252484
-171.6 34.4 2143.8 -0.8729519248 0.4253025353 -0.2388989776 0.4716988802 0.6111552119 -0.6356016397 -0.1243186444 -0.6675380468 -0.7341238260
-37.2 162.1 2549.4 -0.1999303550 0.9232612848 -0.3280494809 -0.9311432242 -0.0748271346 0.3568937480 0.3049591780 0.3768149614 0.8746487498
-85.5 -63.0 2623.2 0.1021225899 0.9232612848 -0.3703506291 -0.8977556825 -0.0748271346 -0.4340917170 -0.4284923673 0.3768149614 0.8212215304
-265.4 -163.5 2338.5 0.5239905119 0.0040122177 -0.8517146707 0.0085270461 0.9999140501 0.0099563440 0.8516814113 -0.0124796405 0.5239112973
-267.0 -551.6 2343.3 0.5242139101 0.1295343190 -0.8416773081 0.0102237938 0.9873351455 0.1583186835 0.8515252471 -0.0915979892 0.5162504315
-192.4 -195.6 2498.7 0.5366691351 -0.0327787511 -0.8431558609 -0.0515192673 0.9961079955 -0.0715169981 0.8422185183 0.0818197355 0.5328916311
-179.6 -582.2 2467.0 0.5304598808 -0.0845729858 -0.8434807658 0.0635808408 0.9961775541 -0.0598977804 0.8453223109 -0.0218558479 0.5338094234
66.9 -94.4 2177.7 0 0 0 0 0 0 0 0 0
-58.5 -300.3 2509.9 0 0 0 0 0 0 0 0 0
-315.3 -919.7 2377.5 0 0 0 0 0 0 0 0 0
-156.6 -853.8 2472.9 0 0 0 0 0 0 0 0 0
-30.4 372.5 2445.5 4 0.4834197760 0.3563600779 -0.7995703816 -0.2529605925 0.9312898517 0.2621262372 0.8380430937 0.0755427852 0.5403490067
-100.7 188.9 2430.6 0.4834197760 0.3563600779 -0.7995703816 -0.2529605925 0.9312898517 0.2621262372 0.8380430937 0.0755427852 0.5403490067
-165.3 6.2 2419.5 0.4934594631 0.3326663673 -0.8036360145 -0.2256755531 0.9412921667 0.2510769963 0.8399811387 0.0574646853 0.5395641923
-167.9 219.6 2316.1 -0.0007816015 0.3803309500 -0.9248501062 0.7552109361 0.6064469218 0.2487540990 0.6554813981 -0.6982625127 -0.2877040803
-167.7 32.7 2153.8 -0.9022154808 0.3803309500 -0.2033608109 0.4093018770 0.6064469218 -0.6816847920 -0.1359382868 -0.6982625127 -0.7028159499
-33.4 158.1 2545.1 -0.1955139637 0.9343369603 -0.2979743779 -0.9380334616 -0.0895201936 0.3347825408 0.2861249745 0.3449646235 0.8939417601
-80.7 -68.6 2614.2 0.0834519789 0.9343369603 -0.3464826345 -0.8860736489 -0.0895201936 -0.4548182487 -0.4559706748 0.3449646235 0.8204207420
-269.3 -159.5 2338.8 0.5509006381 -0.0098815672 -0.8345123529 0.0217103995 0.9997611642 0.0024937501 0.8342884183 -0.0194914043 0.5509836078
-265.5 -547.6 2346.4 0.5456009507 0.1314577758 -0.8276705146 -0.0222565960 0.9895450473 0.1424965262 0.8377494812 -0.0593251139 0.5428225398
-185.8 -195.2 2492.6 0.5623503923 -0.0123668509 -0.8268065453 -0.0456885509 0.9978960156 -0.0460008532 0.8256358504 0.0636441931 0.5606022477
-181.0 -582.4 2467.9 0.5554506779 -0.0934044644 -0.8262869716 0.0640819967 0.9955245256 -0.0694577694 0.8290766478 -0.0143697569 0.5589503050
78.7 -79.1 2191.0 0 0 0 0 0 0 0 0 0
-58.6 -302.8 2493.7 0 0 0 0 0 0 0 0 0
-314.5 -916.5 2368.5 0 0 0 0 0 0 0 0 0
-155.8 -850.4 2471.8 0 0 0 0 0 0 0 0 0
-33.1 375.3 2444.2 5 0.4862801135 0.3535593450 -0.7990791202 -0.2517203093 0.9323988557 0.2593632340 0.8367607594 0.0750212520 0.5424050689
-102.9 191.3 2429.4 0.4862801135 0.3535593450 -0.7990791202 -0.2517203093 0.9323988557 0.2593632340 0.8367607594 0.0750212520 0.5424050689
-166.9 8.4 2418.8 0.4968808591 0.3296979070 -0.8027507067 -0.2226313949 0.9424917102 0.2492882013 0.8387756944 0.0548509806 0.5417072177
-170.7 221.7 2315.0 -0.0812012926 0.4000499249 -0.9128890634 0.7695967555 0.6071782112 0.1976246089 0.6333460212 -0.6865090728 -0.3571807742
-150.6 30.9 2158.0 -0.8963142633 0.4000499249 -0.1912611872 0.4155181944 0.6071782112 -0.6772586107 -0.1548076421 -0.6865090728 -0.7104504704
-35.1 160.9 2543.9 -0.1911134869 0.9357787371 -0.2963002324 -0.9381848574 -0.0853943080 0.3354354799 0.2885910273 0.3420906365 0.8942534328
-81.3 -65.9 2613.7 0.0854531303 0.9357787371 -0.3420759439 -0.8863739371 -0.0853943080 -0.4550264478 -0.4550153911 0.3420906365 0.8221526742
-274.1 -156.3 2333.2 0.5532943606 -0.0271970127 -0.8325417042 0.0339063890 0.9993738532 -0.0101133306 0.8322954178 -0.0226328317 0.5538700819
-263.5 -544.2 2342.0 0.5481460094 0.1406019032 -0.8244798779 -0.0052433526 0.9863270521 0.1647163779 0.8363662362 -0.0859655887 0.5413884521
-185.8 -196.6 2483.4 0.5650382638 -0.0011395292 -0.8250638843 -0.0322045684 0.9992065430 -0.0234350804 0.8244359493 0.0398125425 0.5645532608
-185.4 -584.3 2467.9 0.5568867326 -0.1061382517 -0.8237789869 0.0744235441 0.9941886067 -0.0777829438 0.8272473812 -0.0179922618 0.5615496635
94.7 -82.8 2200.4 0 0 0 0 0 0 0 0 0
-58.7 -300.3 2493.4 0 0 0 0 0 0 0 0 0
-316.0 -912.0 2374.1 0 0 0 0 0 0 0 0 0
-156.8 -851.9 2472.8 0 0 0 0 0 0 0 0 0
-38.4 375.4 2437.6 6 0.4716384113 0.3454608619 -0.8113039136 -0.2239284664 0.9368241429 0.2687313855 0.8528852463 0.0549299940 0.5192008018
-106.5 190.7 2426.8 0.4716384113 0.3454608619 -0.8113039136 -0.2239284664 0.9368241429 0.2687313855 0.8528852463 0.0549299940 0.5192008018
-169.0 7.1 2420.1 0.4819711745 0.3216650486 -0.8150063753 -0.1947627813 0.9462339282 0.2582805753 0.8542664647 0.0342491195 0.5187058449
-172.3 217.2 2310.2 -0.1893439740 0.4599391520 -0.8675280213 0.7757159472 0.6117451191 0.1550248265 0.6020079851 -0.6436023116 -0.4726123810
-125.2 24.3 2160.4 -0.8655741215 0.4599391520 -0.1980843842 0.4705783129 0.6117451191 -0.6358647943 -0.1712819487 -0.6436023116 -0.7459480762
-40.7 164.1 2543.3 -0.1900093108 0.9294328094 -0.3163086176 -0.9309870005 -0.0682836175 0.3586091697 0.3117044270 0.3626182973 0.8782643676
-86.7 -61.0 2618.7 0.1009036526 0.9294328094 -0.3549269438 -0.8982368112 -0.0682836175 -0.4341750443 -0.4277722239 0.3626182973 0.8279606700
-275.4 -154.6 2333.1 0.5375609994 -0.0290739574 -0.8427234888 0.0322986171 0.9993819594 -0.0138758570 0.8426060677 -0.0197596829 0.5381678343
-264.1 -542.6 2340.8 0.5337035656 0.1410851032 -0.8338198066 0.0037936380 0.9855759740 0.1691909581 0.8456631303 -0.0934610292 0.5254701972
-186.5 -194.5 2483.2 0.5492240787 -0.0201520324 -0.8354321122 -0.0193243176 0.9991356134 -0.0368048958 0.8354516625 0.0363582894 0.5483598709
-178.7 -582.2 2469.1 0.5445750356 -0.0802074969 -0.8348681331 0.0599913560 0.9965922236 -0.0566129796 0.8365638852 -0.0192548595 0.5475309491
113.0 -105.2 2207.6 0 0 0 0 0 0 0 0 0
-60.0 -298.4 2505.6 0 0 0 0 0 0 0 0 0
-316.8 -910.3 2375.6 0 0 0 0 0 0 0 0 0
-156.9 -852.9 2474.3 0 0 0 0 0 0 0 0 0
-41.0 375.8 2433.8 7 0.4672881663 0.3383563757 -0.8167966008 -0.2100598216 0.9399031997 0.2691781223 0.8587878942 0.0457924083 0.5102807283
-107.7 190.4 2424.7 0.4672881663 0.3383563757 -0.8167966008 -0.2100598216 0.9399031997 0.2691781223 0.8587878942 0.0457924083 0.5102807283
-168.7 6.2 2420.3 0.4780370891 0.3138542175 -0.8203511834 -0.1789261252 0.9491919279 0.2588824928 0.8599220514 0.0230268296 0.5099056959
-173.0 214.8 2307.3 -0.2805849314 0.5171632171 -0.8085878491 0.7642670274 0.6300173998 0.1377463192 0.5806617141 -0.5793274641 -0.5720241666
-101.9 21.0 2160.1 -0.8328002691 0.5171632171 -0.1974485964 0.5265660882 0.6300173998 -0.5707944036 -0.1707978249 -0.5793274641 -0.7969992161
-42.5 166.0 2542.1 -0.1843681186 0.9276407361 -0.3247938156 -0.9280547500 -0.0555032268 0.3682849109 0.3236089945 0.3693264425 0.8711344600
-87.0 -58.5 2620.4 0.1110285446 0.9276407361 -0.3565883934 -0.9032020569 -0.0555032268 -0.4256118834 -0.4146067500 0.3693264425 0.8316845894
-274.7 -159.1 2337.1 0.5322842002 -0.0225445721 -0.8462654948 0.0348507538 0.9993814826 -0.0047031604 0.8458480835 -0.0269895718 0.5327406526
-265.9 -547.1 2347.6 0.5256025791 0.1343987286 -0.8400469422 -0.0203854162 0.9891484380 0.1454986036 0.8504859209 -0.0593497343 0.5226387382
-188.4 -194.0 2490.0 0.5448751450 -0.0210354328 -0.8382533193 -0.0385006405 0.9980033636 -0.0500701591 0.8376328349 0.0595552735 0.5429773331
-180.2 -581.2 2466.9 0.5391175747 -0.0822590888 -0.8382038474 0.0706509054 0.9961282611 -0.0523159839 0.8392620087 -0.0310153905 0.5428419709
129.3 -125.1 2207.5 0 0 0 0 0 0 0 0 0
-57.7 -297.3 2510.8 0 0 0 0 0 0 0 0 0
-316.0 -916.0 2369.7 0 0 0 0 0 0 0 0 0
-157.9 -851.1 2475.3 0 0 0 0 0 0 0 0 0
-45.0 377.0 2423.4 8 0.4693022370 0.3212386370 -0.8225333691 -0.1705902368 0.9469165802 0.2724847496 0.8664031029 0.0124384603 0.4991902411
-108.3 190.2 2420.9 0.4693022370 0.3212386370 -0.8225333691 -0.1705902368 0.9469165802 0.2724847496 0.8664031029 0.0124384603 0.4991902411
-165.7 5.0 2422.4 0.4786942899 0.2956542075 -0.8267045021 -0.1416299045 0.9552679658 0.2596230805 0.8664829731 -0.0071940050 0.4991547763
-173.6 209.6 2302.7 -0.3320427835 0.5282645226 -0.7814628482 0.7539945841 0.6464452744 0.1166218221 0.5667801499 -0.5504953265 -0.6129560471
-89.7 19.0 2159.4 -0.8227905631 0.5282645226 -0.2096480429 0.5498241782 0.6464452744 -0.5289630294 -0.1439063996 -0.5504953265 -0.8223416805
-43.0 170.9 2539.2 -0.1677346975 0.9272909164 -0.3346590400 -0.9203082919 -0.0255923513 0.3903557956 0.3534086645 0.3734656870 0.8576862216
-83.5 -51.5 2624.6 0.1297339648 0.9272909164 -0.3511419892 -0.9138602614 -0.0255923513 -0.4052214622 -0.3847447336 0.3734656870 0.8440940976
-272.4 -162.0 2338.9 0.5301668048 -0.0149506610 -0.8477615714 0.0279239509 0.9996100664 -0.0001657069 0.8474334478 -0.0235849991 0.5303775072
-266.6 -550.1 2348.0 0.5251335502 0.1343347579 -0.8403504491 -0.0123286387 0.9885600805 0.1503227502 0.8509305120 -0.0685791522 0.5207822919
-186.8 -194.0 2492.8 0.5439730287 -0.0154092256 -0.8389611840 -0.0387221873 0.9983052015 -0.0434429310 0.8382087946 0.0561181940 0.5424544215
-180.9 -581.5 2471.1 0.5388263464 -0.0781366751 -0.8387853503 0.0626997575 0.9966472387 -0.0525646023 0.8400803208 -0.0242684446 0.5419189334
140.2 -134.6 2199.6 0 0 0 0 0 0 0 0 0
-49.2 -293.1 2522.9 0 0 0 0 0 0 0 0 0
-316.8 -918.9 2373.6 0 0 0 0 0 0 0 0 0
-159.8 -849.8 2477.6 0 0 0 0 0 0 0 0 0
-47.3 379.6 2417.7 9 0.4531096220 0.3123087883 -0.8349580169 -0.1431455165 0.9499598742 0.2776429653 0.8798869252 -0.0062822048 0.4751415849
-108.9 192.3 2418.9 0.4531096220 0.3123087883 -0.8349580169 -0.1431455165 0.9499598742 0.2776429653 0.8798869252 -0.0062822048 0.4751415849
-164.5 6.5 2424.0 0.4621524811 0.2861436903 -0.8393669724 -0.1143179759 0.9578375816 0.2635877728 0.8794012070 -0.0258630086 0.4753783941
-172.0 207.9 2298.9 -0.3441469073 0.5112067461 -0.7875471711 0.7489942312 0.6552813053 0.0980514586 0.5661894679 -0.5561242104 -0.6084039211
-85.1 18.7 2155.9 -0.8214837909 0.5112067461 -0.2526501119 0.5627549887 0.6552813053 -0.5038980842 -0.0920392051 -0.5561242104 -0.8259871006
-45.8 176.7 2538.9 -0.1658305526 0.9196263552 -0.3560724556 -0.9126600623 -0.0063402755 0.4086703062 0.3735663891 0.3927431405 0.8403576612
-85.9 -44.0 2629.2 0.1466150582 0.9196263552 -0.3644055426 -0.9220644832 -0.0063402755 -0.3869842887 -0.3581914008 0.3927431405 0.8470252156
-266.0 -167.6 2346.2 0.5129187107 0.0024198710 -0.8584337831 -0.0005326016 0.9999967217 0.0025006961 0.8584370017 -0.0008254506 0.5129183531
-266.9 -555.7 2346.6 0.5116883516 0.1325474232 -0.8488852978 -0.0098830042 0.9888708591 0.1484479308 0.8591142893 -0.0675695390 0.5073036551
-180.3 -193.0 2501.3 0.5275470018 0.0044428641 -0.8495141864 -0.0640851706 0.9973450899 -0.0345807895 0.8471052051 0.0726842508 0.5264311433
-182.0 -580.0 2473.1 0.5215933323 -0.0809091255 -0.8493492007 0.0566925257 0.9965800047 -0.0601189397 0.8513086438 -0.0167941153 0.5243964195
144.7 -138.7 2181.6 0 0 0 0 0 0 0 0 0
-47.2 -287.7 2534.6 0 0 0 0 0 0 0 0 0
-316.4 -924.8 2371.8 0 0 0 0 0 0 0 0 0
-160.1 -849.8 2477.7 0 0 0 0 0 0 0 0 0
-52.4 378.4 2415.3 0 0.4338840842 0.3024112284 -0.8487002254 -0.1281244457 0.9531230330 0.2741179168 0.8918120265 -0.0101961531 0.4522911906
-111.9 190.8 2417.3 0.4338840842 0.3024112284 -0.8487002254 -0.1281244457 0.9531230330 0.2741179168 0.8918120265 -0.0101961531 0.4522911906
-166.2 4.6 2423.6 0.4426867366 0.2793607712 -0.8520480990 -0.0991827175 0.9596539140 0.2631104887 0.8911740780 -0.0319670737 0.4525338113
-172.3 204.3 2295.7 -0.3545629680 0.4892773330 -0.7968016267 0.7419106364 0.6658598781 0.0787349045 0.5690814257 -0.5632390976 -0.5990893245
-83.9 19.2 2153.7 -0.8235536814 0.4892773330 -0.2869966328 0.5652761459 0.6658598781 -0.4869224429 -0.0471405573 -0.5632390976 -0.8249481320
-51.5 177.2 2539.0 -0.1672911495 0.9104443789 -0.3782918155 -0.9090360999 0.0060961209 0.4166727364 0.3816634417 0.4135865867 0.8266069889
-91.9 -42.6 2631.3 0.1617633998 0.9104443789 -0.3806883395 -0.9255039096 0.0060961209 -0.3786889613 -0.3424545228 0.4135865867 0.8436059952
-261.4 -169.1 2350.3 0.4927993417 0.0203119311 -0.8699058890 -0.0188334472 0.9997422695 0.0126744593 0.8699391484 0.0101373605 0.4930548966
-269.3 -557.1 2346.4 0.4940110147 0.1145091504 -0.8618820906 -0.0085676182 0.9918823242 0.1268701404 0.8694134355 -0.0552909710 0.4909818470
-178.7 -189.6 2507.7 0.5082726479 0.0134430826 -0.8610912561 -0.0832943842 0.9959577918 -0.0336172432 0.8571586609 0.0888107941 0.5073378682
-183.9 -576.1 2473.3 0.4998807907 -0.0956667960 -0.8607944250 0.0535368845 0.9953933358 -0.0795358643 0.8644379973 -0.0063258037 0.5026996732
146.3 -138.8 2166.8 0 0 0 0 0 0 0 0 0
-49.2 -287.2 2540.7 0 0 0 0 0 0 0 0 0
-312.1 -927.2 2367.0 0 0 0 0 0 0 0 0 0
-157.8 -848.0 2475.0 0 0 0 0 0 0 0 0 0
-53.1 377.6 2415.6 1 0.4421089888 0.3018466830 -0.8446468115 -0.1255940497 0.9532311559 0.2749118209 0.8881248832 -0.0154583743 0.4593422115
-112.7 189.3 2418.7 0.4421089888 0.3018466830 -0.8446468115 -0.1255940497 0.9532311559 0.2749118209 0.8881248832 -0.0154583743 0.4593422115
-166.8 3.0 2425.6 0.4505255520 0.2783026993 -0.8482772708 -0.0978400260 0.9598383904 0.2629401982 0.8873860836 -0.0354658067 0.4596608877
-174.3 202.7 2297.5 -0.3532523215 0.4690050483 -0.8094733357 0.7288513184 0.6804224253 0.0761645213 0.5865053535 -0.5630804300 -0.5821957588
-85.6 19.8 2150.3 -0.8274913430 0.4690050483 -0.3086946011 0.5613730550 0.6804224253 -0.4710473418 -0.0108808465 -0.5630804300 -0.8263304830
-51.2 176.0 2539.9 -0.1630421281 0.9140698910 -0.3713401258 -0.9087825418 0.0073899860 0.4172045887 0.3840983510 0.4054893553 0.8294858932
-90.6 -43.8 2632.8 0.1595989764 0.9140698910 -0.3728329241 -0.9257135391 0.0073899860 -0.3781532049 -0.3429032266 0.4054893553 0.8473463058
-260.1 -172.8 2350.0 0.5002729893 0.0248646941 -0.8655106425 -0.0225850027 0.9996222258 0.0156631619 0.8655731678 0.0117117036 0.5006455183
-269.7 -560.8 2345.5 0.5044136643 0.1195794418 -0.8551418781 0.0094920537 0.9895362854 0.1439715773 0.8634099364 -0.0807382837 0.4980005920
-180.8 -190.5 2509.6 0.5157657266 0.0067601968 -0.8567029834 -0.0852637142 0.9954093695 -0.0434770733 0.8524762988 0.0954696611 0.5139744282
-183.4 -576.9 2472.5 0.5074868798 -0.0943918452 -0.8564736843 0.0575082563 0.9954757690 -0.0756358430 0.8597382307 -0.0108701121 0.5106192231
145.5 -137.0 2153.3 0 0 0 0 0 0 0 0 0
-48.4 -288.6 2542.1 0 0 0 0 0 0 0 0 0
-314.3 -930.0 2375.6 0 0 0 0 0 0 0 0 0
-157.3 -852.8 2475.5 0 0 0 0 0 0 0 0 0
-55.0 381.2 2423.8 2 0.4002867043 0.3019848466 -0.8652026653 -0.1379622221 0.9532405138 0.2688846886 0.9059453607 0.0117343143 0.4232319891
-114.8 192.4 2421.5 0.4002867043 0.3019848466 -0.8652026653 -0.1379622221 0.9532405138 0.2688846886 0.9059453607 0.0117343143 0.4232319891
-169.1 6.2 2424.2 0.4097869992 0.2806050777 -0.8679489493 -0.1067675203 0.9597237706 0.2598671615 0.9059113264 -0.0138214175 0.4232418537
-170.7 207.0 2297.9 -0.3231253326 0.4504022598 -0.8323026896 0.7317317724 0.6766324043 0.0820803493 0.6001321673 -0.5825001001 -0.5482107401
-88.5 20.8 2145.2 -0.8196039796 0.4504022598 -0.3541004658 0.5721011162 0.6766324043 -0.4635395110 0.0308165941 -0.5825001001 -0.8122462630
-58.8 177.8 2545.1 -0.1807919294 0.8947983980 -0.4082280695 -0.9122887254 0.0025159414 0.4095399380 0.3674827516 0.4464633763 0.8158596158
-102.6 -42.7 2633.9 0.1741048247 0.8947983980 -0.4111245275 -0.9227842093 0.0025159414 -0.3853088617 -0.3437393904 0.4464633763 0.8261438608
-261.2 -174.5 2353.0 0.4607595801 0.0228035804 -0.8872320056 -0.0225956477 0.9996472597 0.0139584402 0.8872373104 0.0136160972 0.4611122906
-270.0 -562.5 2347.8 0.4660913646 0.1223456562 -0.8762364984 0.0174310245 0.9889304042 0.1473526806 0.8845648766 -0.0839535072 0.4587993026
-180.5 -192.0 2512.0 0.4765535295 -0.0035936190 -0.8791381121 -0.0926368088 0.9942193627 -0.0542795770 0.8742511868 0.1073076725 0.4734658599
-179.1 -577.9 2470.3 0.4700450897 -0.0794975311 -0.8790550232 0.0480078310 0.9967640638 -0.0644719973 0.8813358545 -0.0118967798 0.4723405540
140.9 -139.3 2136.5 0 0 0 0 0 0 0 0 0
-56.5 -286.8 2543.0 0 0 0 0 0 0 0 0 0
-315.7 -931.6 2379.1 0 0 0 0 0 0 0 0 0
-157.4 -849.9 2473.6 0 0 0 0 0 0 0 0 0
-56.6 384.2 2419.4 3 0.4214463532 0.3035130203 -0.8545541763 -0.1349705160 0.9528269768 0.2718523741 0.8967530131 0.0007684312 0.4425307512
-116.9 194.9 2419.2 0.4214463532 0.3035130203 -0.8545541763 -0.1349705160 0.9528269768 0.2718523741 0.8967530131 0.0007684312 0.4425307512
-171.0 8.5 2423.3 0.4304027259 0.2787947357 -0.8585027456 -0.1055477038 0.9601252079 0.2588807344 0.8964447379 -0.0208099764 0.4426666498
-175.6 209.3 2296.9 -0.3225181401 0.4461317360 -0.8348344564 0.7249011993 0.6835583448 0.0852423832 0.6086873412 -0.5776802897 -0.5438613892
-92.4 22.3 2139.8 -0.8139491081 0.4461317360 -0.3720931709 0.5782644153 0.6835583448 -0.4453743100 0.0556517877 -0.5776802897 -0.8143637776
-58.1 180.5 2541.6 -0.1711189300 0.9047241211 -0.3901187181 -0.9122594595 0.0040729451 0.4095926285 0.3721572459 0.4259785414 0.8246461153
-99.5 -40.1 2631.6 0.1675888002 0.9047241211 -0.3916481733 -0.9227271676 0.0040729451 -0.3854322731 -0.3471147120 0.4259785414 0.8354960680
-260.2 -170.5 2345.8 0.4810989499 0.0215361137 -0.8764017224 -0.0080824587 0.9997646809 0.0201307032 0.8766290545 -0.0026013788 0.4811598063
-268.6 -558.6 2346.8 0.4834187627 0.1145819873 -0.8678578734 0.0111830002 0.9905073047 0.1370044202 0.8753178120 -0.0759357661 0.4775484502
-186.9 -189.7 2507.9 0.4963356256 -0.0198256206 -0.8679043055 -0.0845463276 0.9938829541 -0.0710535720 0.8640039563 0.1086445451 0.4916233122
-179.2 -575.4 2465.7 0.4905107021 -0.0759058669 -0.8681229949 0.0612680204 0.9967378974 -0.0525336117 0.8692787290 -0.0274198819 0.4935612082
134.9 -139.3 2124.3 0 0 0 0 0 0 0 0 0
-55.2 -284.2 2539.8 0 0 0 0 0 0 0 0 0
-311.3 -928.3 2375.1 0 0 0 0 0 0 0 0 0
-158.3 -849.5 2473.3 0 0 0 0 0 0 0 0 0
-59.7 385.2 2416.2 4 0.4479884505 0.2929424942 -0.8446840048 -0.1260703951 0.9560535550 0.2647033036 0.8851059675 -0.0120943738 0.4652323127
-117.9 195.0 2418.6 0.4479884505 0.2929424942 -0.8446840048 -0.1260703951 0.9560535550 0.2647033036 0.8851059675 -0.0120943738 0.4652323127
-170.0 8.2 2424.6 0.4559936523 0.2685403526 -0.8485021591 -0.0987132564 0.9627696276 0.2516551018 0.8844916821 -0.0309947189 0.4655253291
-180.2 208.5 2297.8 -0.2927693725 0.4122973979 -0.8627264500 0.7296368480 0.6794728041 0.0771154463 0.6179936528 -0.6068999767 -0.4997561872
-105.1 21.4 2139.3 -0.8190905452 0.4122973979 -0.3988753259 0.5681147575 0.6794728041 -0.4642868936 0.0796006545 -0.6068999767 -0.7907819748
-55.7 181.6 2539.3 -0.1517074853 0.9160597324 -0.3712404072 -0.9128561616 0.0141823981 0.4080348611 0.3790493906 0.4007910490 0.8340792060
-92.3 -39.2 2631.0 0.1671095192 0.9160597324 -0.3645668924 -0.9219795465 0.0141823981 -0.3869787753 -0.3493252099 0.4007910490 0.8469583392
-263.5 -168.4 2347.1 0.5049885511 0.0145435194 -0.8630034924 -0.0132817524 0.9998705983 0.0090781841 0.8630238175 0.0068778191 0.5051164031
-269.2 -556.5 2344.4 0.5092017055 0.1122700423 -0.8532930613 0.0211489461 0.9895234704 0.1428148448 0.8603873253 -0.0907678083 0.5014926195
-186.5 -187.3 2507.6 0.5209968090 -0.0173700266 -0.8533818722 -0.0862828940 0.9935998917 -0.0729004964 0.8491864204 0.1116131842 0.5161636472
-179.7 -573.0 2464.2 0.5158103108 -0.0737249553 -0.8535246849 0.0699870437 0.9965864420 -0.0437869579 0.8538392782 -0.0371499024 0.5192093253
124.3 -137.7 2117.1 0 0 0 0 0 0 0 0 0
-48.1 -283.1 2538.6 0 0 0 0 0 0 0 0 0
-311.1 -925.8 2378.3 0 0 0 0 0 0 0 0 0
-159.2 -851.3 2474.6 0 0 0 0 0 0 0 0 0
-62.8 386.4 2414.6 5 0.4639579952 0.2862863541 -0.8383216262 -0.1225393489 0.9579825997 0.2593327165 0.8773409128 -0.0175921004 0.4795450270
-119.8 196.0 2418.1 0.4639579952 0.2862863541 -0.8383216262 -0.1225393489 0.9579825997 0.2593327165 0.8773409128 -0.0175921004 0.4795450270
-170.7 8.8 2424.8 0.4713247716 0.2624519467 -0.8420047164 -0.0967324972 0.9643209577 0.2464303225 0.8766388893 -0.0346994959 0.4798959792
-184.1 209.2 2298.4 -0.2733445168 0.4054587185 -0.8722878098 0.7298781872 0.6780859828 0.0864710882 0.6265466213 -0.6130273938 -0.4812865555
-113.9 21.7 2137.4 -0.8194083571 0.4054587185 -0.4051829278 0.5668635368 0.6780859828 -0.4678302407 0.0850630328 -0.6130273938 -0.7854690552
-55.4 182.8 2537.8 -0.1401451379 0.9225625992 -0.3594963551 -0.9139446020 0.0191320367 0.4053876996 0.3808734119 0.3853728771 0.8404898643
-89.3 -38.3 2629.9 0.1665067226 0.9225625992 -0.3480715454 -0.9207270145 0.0191320367 -0.3897380829 -0.3528984487 0.3853728771 0.8526138663
-262.9 -169.9 2351.4 0.5192523599 0.0163266249 -0.8544650078 -0.0275736060 0.9996170402 0.0023438197 0.8541760445 0.0223436467 0.5195036530
-269.2 -557.9 2342.7 0.5267739892 0.1114525050 -0.8426668644 0.0309800133 0.9881904721 0.1500661373 0.8494406343 -0.1051567718 0.5171002150
-181.2 -187.5 2509.7 0.5356919765 -0.0083104335 -0.8443725705 -0.0864520296 0.9941573143 -0.0646320581 0.8399762511 0.1076205969 0.5318436623
-178.0 -573.5 2468.0 0.5317133069 -0.0658984110 -0.8443567753 0.0548509732 0.9975546598 -0.0433137640 0.8451462984 -0.0232832823 0.5340276957
116.4 -137.6 2113.5 0 0 0 0 0 0 0 0 0
-45.2 -281.8 2536.5 0 0 0 0 0 0 0 0 0
-310.8 -926.7 2382.0 0 0 0 0 0 0 0 0 0
-159.7 -850.2 2474.4 0 0 0 0 0 0 0 0 0
-67.1 385.8 2421.8 6 0.4477593303 0.2731648982 -0.8514062166 -0.1267716140 0.9619671106 0.2419673055 0.8851217628 -0.0004089800 0.4653593004
-121.2 195.1 2421.9 0.4477593303 0.2731648982 -0.8514062166 -0.1267716140 0.9619671106 0.2419673055 0.8851217628 -0.0004089800 0.4653593004
-169.8 7.3 2425.2 0.4544863701 0.2506088316 -0.8547732830 -0.1019850746 0.9679363966 0.2295609564 0.8848961592 -0.0171582084 0.4654722512
-183.3 209.1 2301.0 -0.2452648580 0.4302942157 -0.8687301278 0.7262051702 0.6751893163 0.1294043362 0.6422392130 -0.5991379619 -0.4780820906
-120.4 22.8 2136.3 -0.8092152476 0.4302942157 -0.4000219703 0.5826489329 0.6751893163 -0.4523710907 0.0754379034 -0.5991379619 -0.7970839739
-59.1 181.2 2542.7 -0.1359532624 0.9141642451 -0.3818644285 -0.9204112887 0.0260625239 0.3900817633 0.3665511310 0.4045052230 0.8378638029
-92.0 -41.4 2631.3 0.1857065558 0.9141642451 -0.3603010178 -0.9139668941 0.0260625239 -0.4049508870 -0.3608012497 0.4045052230 0.8403558731
-263.8 -169.7 2353.0 0.5022682548 0.0158314053 -0.8645669222 0.0003634936 0.9998284578 0.0185193997 0.8647117615 -0.0096159708 0.5021763444
-269.9 -557.7 2356.7 0.4998963773 0.0938525349 -0.8609851003 -0.0267688278 0.9953106046 0.0929525793 0.8656714559 -0.0234190989 0.5000644922
-179.4 -187.1 2510.0 0.5193627477 -0.0015845468 -0.8545523882 -0.0832767263 0.9951447845 -0.0524575002 0.8504865170 0.0984087959 0.5167092085
-178.8 -573.4 2471.8 0.5148891211 -0.0680219531 -0.8545538187 0.0483964756 0.9975636005 -0.0502454080 0.8558896184 -0.0154865794 0.5169266462
107.1 -140.9 2115.1 0 0 0 0 0 0 0 0 0
-42.9 -283.1 2535.9 0 0 0 0 0 0 0 0 0
-304.8 -927.9 2365.4 0 0 0 0 0 0 0 0 0
-159.9 -849.4 2476.1 0 0 0 0 0 0 0 0 0
-68.9 384.4 2425.4 7 0.4439019263 0.2663147748 -0.8555860519 -0.1272350252 0.9638732076 0.2340077907 0.8869962692 0.0049840077 0.4617497325
-121.5 193.7 2424.4 0.4439019263 0.2663147748 -0.8555860519 -0.1272350252 0.9638732076 0.2340077907 0.8869962692 0.0049840077 0.4617497325
-168.3 5.4 2426.2 0.4501795471 0.2413393408 -0.8597055674 -0.1033159047 0.9703946710 0.2183116078 0.8869408965 -0.0094581656 0.4617860615
-183.0 207.8 2303.2 -0.1951553822 0.4041143358 -0.8936475515 0.7293998599 0.6689299345 0.1432084143 0.6556601524 -0.6238784790 -0.4253062010
-133.3 21.9 2136.1 -0.8147275448 0.4041143358 -0.4158253074 0.5732876658 0.6689299345 -0.4731532633 0.0869499668 -0.6238784790 -0.7766693830
-60.0 179.6 2545.5 -0.1293047816 0.9114488959 -0.3905652761 -0.9239919186 0.0322012790 0.3810538352 0.3598878086 0.4101512432 0.8380076289
-91.3 -43.9 2632.6 0.1966596395 0.9114488959 -0.3613667786 -0.9097605944 0.0322012790 -0.4138824642 -0.3655962348 0.4101512432 0.8355329633
-259.1 -171.4 2349.3 0.4969439507 0.0210818853 -0.8675265312 -0.0110202972 0.9997775555 0.0179829970 0.8677126765 0.0006238583 0.4970657527
-267.3 -559.4 2349.0 0.4973332584 0.1074066833 -0.8608852625 -0.0074515501 0.9927990437 0.1195598841 0.8675276041 -0.0530461781 0.4945523143
-177.7 -189.7 2507.8 0.5150957704 -0.0024577007 -0.8571290970 -0.0865741968 0.9947326779 -0.0548794307 0.8527492285 0.1024734303 0.5121698380
-176.7 -575.9 2468.0 0.5118172765 -0.0598456115 -0.8570073247 0.0580404662 0.9977002144 -0.0350077152 0.8571314812 -0.0318235494 0.5141137242
95.8 -139.3 2111.6 0 0 0 0 0 0 0 0 0
-39.3 -284.5 2535.9 0 0 0 0 0 0 0 0 0
-307.3 -929.2 2368.8 0 0 0 0 0 0 0 0 0
-160.1 -852.3 2476.8 0 0 0 0 0 0 0 0 0
-72.5 382.0 2428.7 8 0.4560795128 0.2586950362 -0.8515094519 -0.1309306324 0.9659109712 0.2233229578 0.8802548647 0.0096356468 0.4744033217
-123.5 191.5 2426.8 0.4560795128 0.2586950362 -0.8515094519 -0.1309306324 0.9659109712 0.2233229578 0.8802548647 0.0096356468 0.4744033217
-169.4 2.9 2427.6 0.4618455470 0.2362381369 -0.8549211621 -0.1083573997 0.9716855288 0.2099664807 0.8803166151 -0.0043350467 0.4743667841
-186.6 206.3 2306.5 -0.1706711650 0.3902779520 -0.9047399759 0.7283032537 0.6684224606 0.1509496570 0.6636608243 -0.6331623197 -0.3983211517
-143.4 21.7 2138.3 -0.8179086447 0.3902779520 -0.4227394164 0.5674655437 0.6684224606 -0.4808267057 0.0949124470 -0.6331623197 -0.7681777477
-60.4 176.7 2547.0 -0.1201406568 0.9163662791 -0.3818887472 -0.9276255965 0.0334170461 0.3720135689 0.3536623120 0.3989437222 0.8460300565
-89.5 -47.6 2632.5 0.1966008544 0.9163662791 -0.3487418890 -0.9056355953 0.0334170461 -0.4227380753 -0.3757289946 0.3989437222 0.8364637494
-255.5 -173.7 2348.6 0.5080069900 0.0287156086 -0.8608741760 -0.0104982331 0.9995763302 0.0271471329 0.8612889647 -0.0047532758 0.5080931783
-266.6 -561.7 2350.5 0.5075907707 0.1239464581 -0.8526364565 -0.0138480505 0.9906443357 0.1357644498 0.8614869714 -0.0571054295 0.5045583248
-174.8 -192.2 2507.5 0.5262398124 0.0069830124 -0.8503075242 -0.0893344060 0.9948865771 -0.0471170917 0.8456305265 0.1007566079 0.5241727829
-177.5 -578.5 2468.4 0.5222377777 -0.0661185905 -0.8502328992 0.0615027547 0.9973139167 -0.0397795998 0.8505792618 -0.0315172561 0.5249015093
86.6 -137.8 2111.6 0 0 0 0 0 0 0 0 0
-37.5 -287.2 2533.2 0 0 0 0 0 0 0 0 0
-312.8 -931.0 2371.8 0 0 0 0 0 0 0 0 0
-159.5 -851.2 2477.0 0 0 0 0 0 0 0 0 0
-73.7 381.4 2428.3 9 0.4700882435 0.2530415952 -0.8455690145 -0.1365300417 0.9673384428 0.2135788798 0.8719957471 0.0150446454 0.4892821908
-123.5 191.0 2425.4 0.4700882435 0.2530415952 -0.8455690145 -0.1365300417 0.9673384428 0.2135788798 0.8719957471 0.0150446454 0.4892821908
-168.0 2.0 2425.1 0.4758492410 0.2292441130 -0.8491258025 -0.1133478731 0.9733679295 0.1992665529 0.8721925020 0.0014257644 0.4891607165
-188.5 206.4 2306.2 -0.1254304200 0.3538664877 -0.9268472195 0.7394207716 0.6562124491 0.1504732817 0.6614561081 -0.6664561033 -0.3439652324
-157.3 22.6 2141.8 -0.8317595124 0.3538664877 -0.4277319014 0.5466626287 0.6562124491 -0.5201395750 0.0966230258 -0.6664561033 -0.7392565608
-58.5 175.5 2544.5 -0.1082638279 0.9220319390 -0.3716666102 -0.9317904711 0.0361837670 0.3611887097 0.3464758396 0.3854190707 0.8552231789
-84.7 -49.8 2628.3 0.1972556561 0.9220319390 -0.3330875635 -0.9005862474 0.0361837670 -0.4331687689 -0.3873430789 0.3854190707 0.8375067115
-256.6 -176.0 2349.6 0.5212513804 0.0280574411 -0.8529418111 -0.0057489462 0.9995521903 0.0293668695 0.8533838391 -0.0104040038 0.5211792588
-267.5 -564.0 2353.6 0.5178498030 0.1242657006 -0.8463979959 -0.0346631706 0.9916290045 0.1243801937 0.8547689915 -0.0350714214 0.5178223252
-173.9 -195.4 2507.3 0.5395894051 0.0101382630 -0.8418672681 -0.0911528468 0.9947533011 -0.0464444235 0.8369793296 0.1017995179 0.5376824737
-177.8 -581.6 2467.8 0.5354549289 -0.0687988475 -0.8417569399 0.0678090900 0.9969609976 -0.0383496135 0.8418372273 -0.0365442783 0.5384929180
74.9 -130.0 2114.8 0 0 0 0 0 0 0 0 0
-32.5 -288.1 2525.8 0 0 0 0 0 0 0 0 0
-313.8 -933.9 2366.7 0 0 0 0 0 0 0 0 0
-159.1 -851.9 2477.7 0 0 0 0 0 0 0 0 0
-72.3 383.6 2429.1 0 0.4908539355 0.2621795237 -0.8308575749 -0.1500663310 0.9648368359 0.2158008963 0.8582205772 0.0187570360 0.5129382610
-124.0 193.2 2425.4 0.4908539355 0.2621795237 -0.8308575749 -0.1500663310 0.9648368359 0.2158008963 0.8582205772 0.0187570360 0.5129382610
-169.9 4.6 2424.2 0.4968997836 0.2363305688 -0.8350080848 -0.1265809089 0.9716511369 0.1996781230 0.8585265875 0.0064760614 0.5127281547
-191.9 210.5 2308.2 -0.1041759476 0.3454501629 -0.9326368570 0.7441402674 0.6492264867 0.1573537290 0.6598504782 -0.6776201725 -0.3246971667
-165.7 24.0 2142.8 -0.8464567661 0.3454501629 -0.4051853418 0.5273306370 0.6492264867 -0.5481125116 0.0737114921 -0.6776201725 -0.7317086458
-56.1 175.9 2542.7 -0.1063877940 0.9316987395 -0.3473025858 -0.9348573089 0.0252558682 0.3541242480 0.3387085497 0.3623528481 0.8683184385
